#Ack,ack_ewma(ms),send_ewma(ms),rtt_ratio,cwnd (Bytes),Last Router Ocupation Ack Arriaval(Packets),Last Router Ocupation Packet Sent(Packets),Network Situation,AckArrival(ms),TSInsideAck(ms),RTTAck(ms)
55481,4.77646,4.68682,432,42340,0.053135,0.18,1,61720,61288,432
70081,110.721,0.827513,618,49640,0.0675137,0,1,61917,61299,618
73001,45.4882,113.731,431,51100,0.0270055,0,1,61919,61488,431
75921,143.595,174.492,425,52560,0.0228022,0,1,62128,61703,425
78841,58.6381,69.797,427,54020,0.0811209,0.04,1,62130,61703,427
81761,24.6552,30.9188,424,55480,0.0804484,0.14,1,62132,61708,424
84681,11.0621,13.5675,424,56940,0.0561793,0.14,1,62134,61710,424
87601,5.62484,5.427,426,58400,0.0584717,0.1,1,62136,61710,426
90521,3.44994,3.3708,426,59860,0.0353887,0.03,1,62138,61712,426
96361,4.15199,1.97933,432,62780,0.219262,0.05,1,62150,61718,432
99281,2.8608,1.99173,432,64240,0.219705,0.16,1,62152,61720,432
105121,7.29773,2.23868,439,67160,0.217553,0.18,1,62167,61728,439
108041,4.11909,2.09547,439,68620,0.243021,0.2,1,62169,61730,439
110961,2.84764,2.03819,439,70080,0.229208,0.2,1,62171,61732,439
119721,101.054,110.41,425,74460,0.0655493,0,1,62342,61917,425
122641,41.6217,44.1642,427,75920,0.0262197,0,1,62344,61917,427
125561,17.8487,18.8657,427,77380,0.0104879,0.02,1,62346,61919,427
134321,23.8463,22.4714,427,81760,0.237311,0.08,1,62557,62130,427
137241,10.7385,10.1886,427,83220,0.232924,0.08,1,62559,62132,427
192721,93.0885,0.726435,593,110960,0.243185,0,1,62768,62175,593
195641,38.4354,100.491,428,112420,0.0972741,0,1,62770,62342,428
198561,16.5742,41.3962,428,113880,0.0389097,0,1,62772,62344,428
201481,7.82966,16.5585,430,115340,0.0155639,0,1,62774,62344,430
204401,4.33187,7.8234,430,116800,0.00622554,0.19,1,62776,62346,430
207321,125.333,125.529,432,118260,0.00249022,0.19,1,62982,62550,432
213161,22.9332,21.8847,438,121180,0.236798,0.28,1,62991,62553,438
216081,10.9733,11.1539,437,122640,0.256719,0.28,1,62994,62557,437
219001,5.58932,4.46155,439,124100,0.234688,0.23,1,62996,62557,439
221921,3.43573,2.98462,439,125560,0.201875,0.37,1,62998,62559,439
224841,2.57429,4.19385,436,127020,0.20075,0.37,1,63000,62564,436
227761,2.22972,1.67754,438,128480,0.2543,0.33,1,63002,62564,438
256961,2.04918,1.60248,446,143080,0.266747,0.5,1,63027,62581,446
265721,2.29115,3.89456,447,147460,0.403952,0.49,1,63036,62589,447
300761,2.00412,2.68848,456,164980,0.265479,0,1,63071,62615,456
303681,72.2016,92.8754,422,166440,0.214192,0,1,63190,62768,422
306601,34.2807,37.1502,431,167900,0.0856767,0,1,63199,62768,431
309521,14.9123,16.0601,431,169360,0.0342707,0,1,63201,62770,431
312441,7.1649,7.62402,431,170820,0.0137083,0,1,63203,62772,431
315361,4.06596,3.04961,433,172280,0.00548331,0,1,63205,62772,433
318281,2.82638,2.41984,433,173740,0.0261933,0,1,63207,62774,433
321201,2.33055,2.16794,433,175200,0.0104773,0,1,63209,62776,433
322661,121.532,0.867175,634,176660,0.00419093,0,1,63410,62776,634
325581,52.2129,123.947,434,178120,0.0496764,0,1,63416,62982,434
328501,22.0852,49.5787,436,179580,0.0438705,0.31,1,63418,62982,436
331421,10.0341,24.0315,431,181040,0.0175482,0.27,1,63420,62989,431
334341,6.41362,10.8126,433,182500,0.00701929,0.27,1,63424,62991,433
348221,2.09896,0.609921,441,189800,0.0698831,0.2,1,63439,62998,441
350901,2.63958,1.44397,442,191260,0.0279532,0.38,1,63442,63000,442
353821,2.25583,3.57759,439,192720,0.0471813,0.38,1,63444,63005,439
356741,2.10233,1.43103,441,194180,0.0308725,0.38,1,63446,63005,441
376281,1.7786,2.01738,440,204400,0.0890349,0.35,1,63462,63022,440
378561,1.31144,0.806954,441,205860,0.059614,0.28,1,63463,63022,441
381481,1.72458,2.12278,440,207320,0.0238456,0.28,1,63465,63025,440
383141,1.88983,0.849113,442,208780,0.00953823,0.43,1,63467,63025,442
386061,1.95593,5.13965,436,210240,0.00381529,0.43,1,63469,63033,436
404561,2.52236,2.54666,437,220460,0.223282,0.39,1,63489,63052,437
407481,2.80894,7.61866,429,221920,0.263313,0.39,1,63492,63063,429
416241,2.05177,0.487594,435,226300,0.284212,0.39,1,63498,63063,435
418501,3.82071,0.195038,440,227760,0.221685,0.28,1,63503,63063,440
421421,2.72828,3.67802,436,229220,0.226674,0.28,1,63505,63069,436
424341,2.29131,1.47121,438,230680,0.21067,0.28,1,63507,63069,438
429741,1.80661,5.63539,432,233600,0.202907,0.33,1,63510,63078,432
434521,64.7291,71.7017,422,236520,0.0756651,0.06,1,63618,63196,422
436181,31.8916,28.6807,432,237980,0.0542661,0,1,63628,63196,432
439101,13.9566,16.8723,425,239440,0.0217064,0,1,63630,63205,425
442021,6.78266,6.74891,427,240900,0.00868257,0,1,63632,63205,427
444501,3.91306,2.69956,429,242360,0.00347303,0.1,1,63634,63205,429
447421,2.76523,5.87982,423,243820,0.0373892,0.1,1,63636,63213,423
450341,2.30609,2.35193,425,245280,0.0269557,0.1,1,63638,63213,425
451361,120.922,0.940772,625,246740,0.0467823,0.06,1,63838,63213,625
454281,53.169,122.776,429,248200,0.0667129,0.06,1,63846,63417,429
456561,21.8676,49.1105,430,249660,0.0626852,0,1,63847,63417,430
458641,9.34703,21.4442,428,251120,0.0490741,0.17,1,63848,63420,428
461561,7.33881,15.7777,422,252580,0.0616296,0.17,1,63854,63432,422
464481,4.13553,6.31107,424,254040,0.0426518,0.17,1,63856,63432,424
466341,2.85421,2.52443,426,255500,0.0650607,0.12,1,63858,63432,426
469261,2.94168,3.40977,425,256960,0.0260243,0.12,1,63861,63436,425
472181,2.37667,1.36391,427,258420,0.0464097,0.12,1,63863,63436,427
474661,5.15067,0.545563,434,259880,0.0305639,0.07,1,63870,63436,434
477581,3.26027,4.41823,429,261340,0.0122256,0.07,1,63872,63443,429
480501,2.50411,1.76729,431,262800,0.0408902,0.07,1,63874,63443,431
482981,4.60164,0.706916,437,264260,0.0163561,0.13,1,63880,63443,437
485901,3.04066,9.88277,423,265720,0.0665424,0.13,1,63882,63459,423
488821,2.41626,3.95311,425,267180,0.080617,0.13,1,63884,63459,425
491741,2.16651,1.58124,427,268640,0.0622468,0.13,1,63886,63459,427
499201,1.41066,0.1012,432,273020,0.0894238,0.22,1,63891,63459,432
502121,3.56426,7.24048,425,274480,0.0357695,0.22,1,63896,63471,425
505041,2.6257,2.89619,427,275940,0.0143078,0.22,1,63898,63471,427
507961,2.25028,1.15848,429,277400,0.0777231,0.22,1,63900,63471,429
510881,2.10011,0.463391,431,278860,0.0790893,0.22,1,63902,63471,431
518341,2.00641,0.029657,437,283240,0.0794617,0.15,1,63908,63471,437
521261,2.00256,4.21186,432,284700,0.0617847,0.15,1,63910,63478,432
523541,4.40103,1.68475,438,286160,0.0787139,0.29,1,63916,63478,438
526461,2.96041,3.6739,435,287620,0.0554856,0.29,1,63918,63483,435
529381,2.38416,1.46956,437,289080,0.0821942,0.29,1,63920,63483,437
531861,2.15367,0.587824,439,290540,0.0688777,0.36,1,63922,63483,439
534781,2.06147,6.83513,430,292000,0.0815511,0.36,1,63924,63494,430
537681,2.02459,2.73405,432,293460,0.0566204,0.18,1,63926,63494,432
546441,2.76957,1.03898,437,297840,0.0864237,0.18,1,63940,63503,437
548501,2.30783,0.415592,439,299300,0.0645695,0.28,1,63942,63503,439
551421,2.12313,8.56624,427,300760,0.0618278,0.28,1,63944,63517,427
554341,2.04925,3.42649,429,302220,0.0367311,0.28,1,63946,63517,429
562641,1.40315,0.219296,434,306600,0.0911508,0,1,63951,63517,434
565561,61.1613,67.8877,422,308060,0.0364603,0,1,64052,63630,422
568261,30.4645,27.1551,432,309520,0.0805841,0.04,1,64062,63630,432
571181,13.3858,17.462,423,310980,0.0742337,0.04,1,64064,63641,423
574101,6.55432,6.98481,425,312440,0.0536935,0.04,1,64066,63641,425
577021,3.82173,2.79393,427,313900,0.0334774,0.04,1,64068,63641,427
579941,2.72869,1.11757,429,315360,0.013391,0.04,1,64070,63641,429
594061,5.4193,11.6754,423,322660,0.0988539,0.09,1,64280,63857,423
604461,4.56433,9.27489,423,328500,0.0872507,0.04,1,64300,63877,423
607381,3.02573,3.70996,425,329960,0.0529003,0.04,1,64302,63877,425
610301,2.41029,1.48398,427,331420,0.0571601,0.04,1,64304,63877,427
612981,3.96412,0.593593,432,332880,0.022864,0.14,1,64309,63877,432
615901,2.78565,6.83744,423,334340,0.00914562,0.14,1,64311,63888,423
618821,2.31426,2.73497,425,335800,0.0996583,0.14,1,64313,63888,425
629221,1.91205,1.03002,428,341640,0.0705192,0.06,1,64320,63892,428
631701,1.36482,0.412006,429,343100,0.0402077,0,1,64321,63892,429
633781,1.74593,3.7648,425,344560,0.0160831,0.08,1,64323,63898,425
636701,1.89837,3.90592,423,346020,0.0784332,0.08,1,64325,63902,423
638561,1.35935,1.56237,424,347480,0.0913733,0.06,1,64326,63902,424
649801,1.8588,3.2704,423,353320,0.0796192,0.07,1,64336,63913,423
665401,5.44544,7.967,422,362080,0.0836503,0.15,1,64358,63936,422
668321,3.37818,3.1868,424,363540,0.0634601,0.15,1,64360,63936,424
687261,2.24003,1.38609,427,373760,0.0860186,0.11,1,64383,63956,427
690181,2.09601,0.554434,429,375220,0.0464074,0.11,1,64385,63956,429
693101,2.0384,0.221774,431,376680,0.030563,0.11,1,64387,63956,431
697221,27.5661,60.0355,431,379600,0.0408901,0.04,1,64487,64056,431
700141,12.2265,30.0142,423,381060,0.016356,0.04,1,64489,64066,423
710121,3.6154,5.95236,422,386900,0.0863867,0.06,1,64500,64078,422
724881,3.25385,3.15782,430,394200,0.0854828,0.18,1,64712,64282,430
727801,3.10154,7.86313,422,395660,0.0341931,0.18,1,64715,64293,422
730081,1.84062,3.14525,423,397120,0.0376772,0.05,1,64716,64293,423
749641,2.09989,4.40913,423,407340,0.0939578,0.04,1,64743,64320,423
757121,1.40639,0.282185,428,411720,0.0914533,0.1,1,64748,64320,428
769601,1.75392,1.89505,428,419020,0.0924533,0.08,1,64757,64329,428
772521,3.10157,4.35802,426,420480,0.0369813,0.08,1,64761,64335,426
775441,2.44063,1.74321,428,421940,0.0147925,0.08,1,64763,64335,428
777921,1.57625,0.697283,429,423400,0.00591701,0.12,1,64764,64335,429
783121,1.3322,2.03157,424,426320,0.224147,0.17,1,64767,64343,424
786041,5.93288,7.41263,422,427780,0.209659,0.17,1,64776,64354,422
805181,4.05508,10.1113,423,438000,0.0858388,0.06,1,64806,64383,423
825141,56.6034,0.880566,519,448220,0.0963157,0.07,1,64911,64392,519
827221,26.2413,54.3522,435,449680,0.0865263,0.13,1,64917,64482,435
833061,5.87862,12.0564,425,452600,0.0930442,0.13,1,64921,64496,425
835121,2.95145,4.82254,426,454060,0.0732177,0.02,1,64922,64496,426
838041,2.38058,4.92902,423,455520,0.0412871,0.02,1,64924,64501,423
840321,1.55223,1.97161,424,456980,0.0165148,0.12,1,64925,64501,424
851141,11.3677,8.03767,439,462820,0.233895,0.27,1,65148,64709,439
854061,5.74709,10.4151,429,464280,0.237558,0.27,1,65150,64721,429
856981,3.49884,4.16603,431,465740,0.209023,0.27,1,65152,64721,431
864661,5.09593,3.26663,437,470120,0.205617,0.15,1,65163,64726,437
877561,5.2957,9.11313,422,477420,0.0939199,0.11,1,65177,64755,422
880481,3.31828,3.64525,424,478880,0.061568,0.11,1,65179,64755,424
883401,2.52731,1.4581,426,480340,0.0246272,0.11,1,65181,64755,426
889241,2.08437,0.233296,430,483260,0.21514,0.11,1,65185,64755,430
892161,2.03375,0.0933184,432,484720,0.200056,0.11,1,65187,64755,432
905841,1.40035,1.58496,432,492020,0.0782726,0.16,1,65196,64764,432
908761,3.56014,9.03398,423,493480,0.031309,0.16,1,65201,64778,423
932681,3.40013,3.89766,426,506620,0.0985828,0.06,1,65232,64806,426
971361,1.79387,2.1875,425,528520,0.0893204,0.24,1,65356,64931,425
977201,54.767,52.91,430,531440,0.0910913,0.24,1,65580,65150,430
984681,5.13709,11.1862,422,535820,0.0807098,0.23,1,65585,65163,422
990521,2.50193,1.7898,426,538740,0.221714,0.23,1,65589,65163,426
993201,2.20077,0.715919,428,540200,0.208685,0.04,1,65591,65163,428
1034401,1.90513,1.69224,429,562100,0.0939239,0,1,65628,65199,429
1045641,1.95917,0.811321,428,567940,0.0835244,0.16,1,65635,65207,428
1047281,1.38367,0.324529,429,569400,0.0574098,0.1,1,65636,65207,429
1050201,3.55347,4.92981,426,570860,0.0949639,0.1,1,65641,65215,426
1052481,2.02139,1.97192,427,572320,0.0979856,0.16,1,65642,65215,427
1067881,1.88297,2.78286,429,581080,0.0930241,0.26,1,65667,65238,429
1077861,7.397,2.95124,434,586920,0.202253,0.02,1,65684,65250,434
1088881,21.3382,52.1748,423,592760,0.202074,0.13,1,65772,65349,423
1108241,54.7603,54.835,426,602980,0.0797968,0.24,1,66015,65589,426
1111161,23.1041,21.934,428,604440,0.0439187,0.24,1,66017,65589,428
1119461,2.75066,1.40377,433,608820,0.0882508,0.09,1,66022,65589,433
1133001,2.44929,1.11261,428,616120,0.0805645,0.08,1,66036,65608,428
1135921,2.17971,0.445046,430,617580,0.0442258,0.08,1,66038,65608,430
1137761,1.47189,0.178018,431,619040,0.0176903,0.25,1,66039,65608,431
1140681,2.38875,6.07121,424,620500,0.00707613,0.25,1,66042,65618,424
1143601,2.1555,2.42848,426,621960,0.00283045,0.25,1,66044,65618,426
1146521,2.0622,0.971393,428,623420,0.0731322,0.25,1,66046,65618,428
1149201,2.02488,0.388557,430,624880,0.203253,0.09,1,66048,65618,430
1152121,2.00995,5.55542,423,626340,0.231301,0.09,1,66050,65627,423
1155041,2.00398,2.22217,425,627800,0.21252,0.09,1,66052,65627,425
1157961,2.00159,0.888868,427,629260,0.289008,0.09,1,66054,65627,427
1160881,2.00064,0.355547,429,630720,0.295603,0.09,1,66056,65627,429
1166061,2.7201,7.85689,423,633640,0.288497,0.14,1,66063,65640,423
1168981,2.28804,3.14275,425,635100,0.253399,0.14,1,66065,65640,425
1171901,2.11522,1.2571,427,636560,0.221359,0.14,1,66067,65640,427
1174821,2.04609,0.502841,429,638020,0.274544,0.14,1,66069,65640,429
1177741,2.01843,0.201136,431,639480,0.265818,0.14,1,66071,65640,431
1179781,5.00737,0.0804545,438,640940,0.232327,0.22,1,66078,65640,438
1184981,6.68118,2.65287,438,643860,0.0779723,0.16,1,66089,65651,438
1187061,3.27247,6.46115,430,645320,0.0311889,0.11,1,66090,65660,430
1189981,2.50899,5.58446,427,646780,0.0844756,0.11,1,66092,65665,427
1221381,12.5001,20.3653,435,664300,0.217446,0.19,1,66212,65777,435
1224301,6.20003,14.1461,427,665760,0.200978,0.19,1,66214,65787,427
1233441,121.215,1.80214,626,671600,0.076761,0.12,1,66428,65802,626
1236361,57.4859,131.521,423,671600,0.0427044,0.12,1,66443,66020,423
1239281,24.1944,52.6083,425,673060,0.0530818,0.12,1,66445,66020,425
1242201,10.8777,21.0433,427,674520,0.0392327,0.12,1,66447,66020,427
1244881,5.5511,8.41733,429,675980,0.0276931,0.06,1,66449,66020,429
1259481,2.22068,0.331953,435,683280,0.0780148,0.06,1,66471,66036,435
1261941,2.08827,0.132781,437,684740,0.0432059,0,1,66473,66036,437
1264861,2.03531,4.25311,432,686200,0.0772824,0,1,66475,66043,432
1267781,2.01412,1.70125,434,687660,0.0669129,0,1,66477,66043,434
1270701,2.00565,0.680498,436,689120,0.0387652,0,1,66479,66043,436
1272341,1.40226,0.272199,437,690580,0.0155061,0.25,1,66480,66043,437
1275261,1.7609,4.30888,432,692040,0.0902024,0.25,1,66482,66050,432
1278181,1.90436,1.72355,434,693500,0.096081,0.25,1,66484,66050,434
1280241,1.36174,0.689421,435,694960,0.0864324,0.28,1,66485,66050,435
1283161,1.7447,4.47577,430,696420,0.058573,0.28,1,66487,66057,430
1286081,1.89788,1.79031,432,697880,0.0234292,0.28,1,66489,66057,432
1289001,1.95915,0.716123,434,699340,0.00937167,0.28,1,66491,66057,434
1313321,6.58457,5.0097,429,712480,0.077291,0.02,1,66517,66088,429
1323741,2.38616,1.18425,430,718320,0.217355,0.19,1,66529,66099,430
1342241,2.15446,1.99567,428,728540,0.236399,0.13,1,66547,66119,428
1344721,1.46179,0.798267,429,730000,0.256559,0.19,1,66548,66119,429
1347641,57.5847,57.3193,429,731460,0.228624,0.19,1,66643,66214,429
1364481,119.09,2.24239,622,741680,0.0445131,0.02,1,66857,66235,622
1370321,25.0544,51.4788,428,744600,0.0959221,0.02,1,66876,66448,428
1375721,7.12871,10.0366,432,747520,0.0561475,0,1,66883,66451,432
1377381,8.25148,4.01464,441,748980,0.022459,0.05,1,66892,66451,441
1380301,4.50059,13.6059,423,750440,0.0689836,0.05,1,66894,66471,423
1394661,2.40961,2.77932,426,757740,0.0847448,0.14,1,66908,66482,426
1397581,2.16384,1.11173,428,759200,0.0458979,0.14,1,66910,66482,428
1400501,2.06554,0.444692,430,760660,0.0183592,0.14,1,66912,66482,430
1402961,1.42621,0.177877,431,762120,0.00734367,0.04,1,66913,66482,431
1405881,1.77049,3.07115,428,763580,0.0869375,0.04,1,66915,66487,428
1408801,1.90819,1.22846,430,765040,0.094775,0.04,1,66917,66487,430
1411281,1.36328,0.491384,431,766500,0.08591,0.2,1,66918,66487,431
1414201,1.74531,4.39655,426,767960,0.076364,0.2,1,66920,66494,426
1417121,1.89812,1.75862,428,769420,0.0425456,0.2,1,66922,66494,428
1420041,1.95925,0.703449,430,770880,0.0170182,0.2,1,66924,66494,430
1431481,2.38296,1.55401,426,776720,0.0643717,0.12,1,66936,66510,426
1442901,7.4098,0.0397826,443,782560,0.0969759,0.16,1,66953,66510,443
1451441,3.66623,3.12255,431,786940,0.0690865,0.21,1,66963,66532,431
1453921,2.06649,1.24902,432,788400,0.0396346,0.14,1,66964,66532,432
1456841,5.0266,5.29961,431,789860,0.0278538,0.14,1,66971,66540,431
1459761,3.21064,2.11984,433,791320,0.0111415,0.14,1,66973,66540,433
1462241,1.88426,0.847937,434,792780,0.00445661,0.34,1,66974,66540,434
1465161,2.5537,6.33917,427,794240,0.0617826,0.34,1,66977,66550,427
1468081,2.22148,2.53567,429,795700,0.0607131,0.34,1,66979,66550,429
1471001,2.08859,1.01427,431,797160,0.0362852,0.34,1,66981,66550,431
1473921,2.03544,0.405707,433,798620,0.0745141,0.34,1,66983,66550,433
1475761,1.41417,0.162283,434,800080,0.209806,0,1,66984,66550,434
1478681,56.3657,62.4649,423,801540,0.227922,0,1,67077,66654,423
1481601,23.7463,24.986,425,803000,0.211169,0,1,67079,66654,425
1492001,5.3407,4.47964,428,808840,0.0554219,0.21,1,67098,66670,428
1494901,113.136,1.79186,613,810300,0.0761688,0.24,1,67283,66670,613
1496981,57.8545,114.117,445,811760,0.0904675,0.02,1,67304,66859,445
1499901,24.3418,60.0467,423,813220,0.072187,0.02,1,67306,66883,423
1502821,10.9367,24.0187,425,814680,0.0408748,0.02,1,67308,66883,425
1505301,8.57469,9.60747,432,816140,0.0643499,0,1,67315,66883,432
1510301,4.97195,11.6172,423,819060,0.089496,0.16,1,67327,66904,423
1517781,3.9902,0.7435,432,823440,0.0774877,0.14,1,67336,66904,432
1520701,2.79608,6.8974,423,824900,0.0549951,0.14,1,67338,66915,423
1523621,2.31843,2.75896,425,826360,0.021998,0.14,1,67340,66915,425
1526541,2.12737,1.10358,427,827820,0.0567992,0.14,1,67342,66915,427
1529461,2.05095,0.441434,429,829280,0.0467197,0.14,1,67344,66915,429
1532381,2.02038,0.176573,431,830740,0.0186879,0.14,1,67346,66915,431
1534001,1.40815,0.0706294,432,832200,0.00747515,0.24,1,67347,66915,432
1536921,1.76326,6.62825,423,833660,0.0269901,0.24,1,67349,66926,423
1539841,1.9053,2.6513,425,835120,0.010796,0.24,1,67351,66926,425
1542761,1.96212,1.06052,427,836580,0.00431841,0.24,1,67353,66926,427
1545681,1.98485,0.424208,429,838040,0.00172736,0.24,1,67355,66926,429
1548601,1.99394,0.169683,431,839500,0.000690945,0.24,1,67357,66926,431
1550641,1.39758,0.0678733,432,840960,0.000276378,0.22,1,67358,66926,432
1565001,1.99383,3.78502,424,848260,0.083734,0.1,1,67368,66944,424
1570401,1.39901,0.605602,427,851180,0.205397,0.1,1,67371,66944,427
1573321,5.35961,8.04224,422,852640,0.208159,0.1,1,67379,66957,422
1578101,12.1375,1.28676,442,855560,0.0981054,0,1,67399,66957,442
1581021,7.25501,10.1147,430,857020,0.0392422,0,1,67403,66973,430
1583941,4.10201,4.04588,432,858480,0.0156969,0,1,67405,66973,432
1586861,2.8408,1.61835,434,859940,0.00627875,0,1,67407,66973,434
1588501,2.33632,0.647341,436,861400,0.0025115,0.02,1,67409,66973,436
1602861,2.00344,4.32951,431,868700,0.0837569,0.21,1,67419,66988,431
1611181,25.0402,63.2771,428,873080,0.2456,0.12,1,67521,67093,428
1614101,11.2161,25.3108,430,874540,0.24824,0.12,1,67523,67093,430
1617021,5.68643,10.1243,432,876000,0.225296,0.12,1,67525,67093,432
1618661,5.87457,4.04973,438,877460,0.240118,0.14,1,67531,67093,438
1621581,3.54983,6.41989,432,878920,0.222047,0.14,1,67533,67101,432
1633841,6.20819,9.68494,426,886220,0.0860722,0,1,67740,67314,426
1635921,6.68328,8.07398,426,887680,0.0344289,0.16,1,67747,67321,426
1638841,5.67331,8.62959,422,889140,0.0497715,0.16,1,67752,67330,422
1641761,3.46932,3.45184,424,890600,0.0319086,0.16,1,67754,67330,424
1644241,1.98773,1.38073,425,892060,0.0127634,0.04,1,67755,67330,425
1658621,2.35315,1.19302,427,899360,0.0820571,0.04,1,67776,67349,427
1661541,2.14126,0.477207,429,900820,0.0628228,0.04,1,67778,67349,429
1664461,2.0565,0.190883,431,902280,0.0251291,0.04,1,67780,67349,431
1666501,1.4226,0.0763532,432,903740,0.0100517,0.22,1,67781,67349,432
1669421,1.76904,6.03054,424,905200,0.00402066,0.22,1,67783,67359,424
1672341,1.90762,2.41222,426,906660,0.00160826,0.22,1,67785,67359,426
1675261,1.96305,0.964886,428,908120,0.000643306,0.22,1,67787,67359,428
1678181,1.98522,0.385955,430,909580,0.000257322,0.22,1,67789,67359,430
1681101,1.99409,0.154382,432,911040,0.000102929,0.22,1,67791,67359,432
1705821,2.47961,6.31609,424,924180,0.0520903,0.17,1,67810,67386,424
1708101,15.3918,2.52643,448,925640,0.0208361,0,1,67834,67386,448
1711021,8.55674,14.8106,429,927100,0.0563344,0,1,67838,67409,429
1713941,4.62269,5.92423,431,928560,0.0465338,0,1,67840,67409,431
1716861,3.04908,2.36969,433,930020,0.0186135,0,1,67842,67409,433
1718501,1.81963,0.947877,434,931480,0.0074454,0.16,1,67843,67409,434
1721421,1.92785,3.37915,431,932940,0.00297816,0.16,1,67845,67414,431
1724341,1.97114,1.35166,433,934400,0.0731913,0.16,1,67847,67414,433
1726821,1.38846,0.540664,434,935860,0.0892765,0.12,1,67848,67414,434
1728901,2.35538,1.41627,435,937320,0.0597106,0.29,1,67851,67416,435
1745561,11.2751,9.77553,430,946080,0.0974465,0.29,1,67959,67529,430
1752401,3.5776,2.54563,430,950460,0.0537566,0,1,67967,67537,430
1755321,111.231,112.618,427,951920,0.0215026,0,1,68150,67723,427
1758021,55.8924,45.0473,446,953380,0.068601,0,1,68169,67723,446
1760941,23.557,33.0189,423,954840,0.0814404,0,1,68171,67748,423
1763861,10.6228,13.2076,425,956300,0.0625762,0,1,68173,67748,425
1766781,5.44911,5.28303,427,957760,0.0610305,0,1,68175,67748,427
1768421,7.57965,2.11321,436,959220,0.0724122,0,1,68184,67748,436
1771341,4.23186,6.24528,429,960680,0.0529649,0,1,68186,67757,429
1774261,2.89274,2.49811,431,962140,0.0211859,0,1,68188,67757,431
1776741,1.7571,0.999245,432,963600,0.0444744,0.15,1,68189,67757,432
1784661,3.04045,4.52795,425,967980,0.0983664,0,1,68206,67781,425
1787581,2.41618,1.81118,427,969440,0.0633465,0,1,68208,67781,427
1790501,2.16647,0.724472,429,970900,0.0373386,0,1,68210,67781,429
1793421,2.06659,0.289789,431,972360,0.0149354,0,1,68212,67781,431
1795041,1.42664,0.115916,432,973820,0.00597418,0,1,68213,67781,432
1797961,1.77065,4.84637,426,975280,0.00238967,0,1,68215,67789,426
1800881,1.90826,1.93855,428,976740,0.000955868,0,1,68217,67789,428
1803801,1.9633,0.775419,430,978200,0.000382347,0,1,68219,67789,430
1805441,1.38532,0.310167,431,979660,0.000152939,0.23,1,68220,67789,431
1808361,1.75413,6.72407,422,981120,0.0960612,0.23,1,68222,67800,422
1811281,1.90165,2.68963,424,982580,0.0984245,0.23,1,68224,67800,424
1814201,1.96066,1.07585,426,984040,0.0753698,0.23,1,68226,67800,426
1817121,1.98426,0.43034,428,985500,0.0421479,0.23,1,68228,67800,428
1820041,1.99371,0.172136,430,986960,0.0168592,0.23,1,68230,67800,430
1822081,1.39748,0.0688544,431,988420,0.00674367,0.1,1,68231,67800,431
1835821,2.47383,5.49287,428,995720,0.0699954,0.14,1,68243,67815,428
1843941,4.14232,6.83154,429,1000100,0.0966397,0,1,68271,67842,429
1846421,3.45693,2.73262,432,1001560,0.0506559,0.18,1,68274,67842,432
1849341,2.58277,7.69305,423,1003020,0.0202624,0.18,1,68276,67853,423
1852261,2.23311,3.07722,425,1004480,0.0801049,0.18,1,68278,67853,425
1855181,2.09324,1.23089,427,1005940,0.080042,0.18,1,68280,67853,427
1858101,2.0373,0.492355,429,1007400,0.0560168,0.18,1,68282,67853,429
1872221,25.0711,65.597,423,1014700,0.098244,0.02,1,68390,67967,423
1875141,11.2284,26.2388,425,1016160,0.0632976,0.02,1,68392,67967,425
1878061,5.69138,10.4955,427,1017620,0.025319,0.02,1,68394,67967,427
1880321,2.87655,4.19821,428,1019080,0.0101276,0.14,1,68395,67967,428
1883241,7.75062,8.87928,427,1020540,0.040051,0.14,1,68406,67979,427
1886981,51.4001,105.221,442,1023460,0.0664082,0.05,1,68594,68152,442
1889901,21.76,54.6883,423,1024920,0.0505633,0.05,1,68596,68173,423
1891761,9.30401,21.8753,424,1026380,0.0322253,0.02,1,68597,68173,424
1894681,5.52161,11.7501,422,1027840,0.0368901,0.02,1,68600,68178,422
1896961,2.80864,4.70005,423,1029300,0.026756,0.06,1,68601,68178,423
1905281,2.21975,1.3568,425,1033680,0.0905124,0,1,68614,68189,425
1910281,9.59516,9.57709,423,1036600,0.040882,0.02,1,68633,68210,423
1913201,5.03806,3.83084,425,1038060,0.0163528,0.02,1,68635,68210,425
1916121,3.21523,1.53233,427,1039520,0.0545411,0.02,1,68637,68210,427
1917761,1.88609,0.612934,428,1040980,0.0758164,0.16,1,68638,68210,428
1920681,4.35444,7.44517,422,1042440,0.0303266,0.16,1,68644,68222,422
1923601,2.94177,2.97807,424,1043900,0.0241306,0.16,1,68646,68222,424
1926521,2.37671,1.19123,426,1045360,0.00965225,0.16,1,68648,68222,426
1929441,2.15068,0.476491,428,1046820,0.0158609,0.16,1,68650,68222,428
1932361,2.06027,0.190596,430,1048280,0.0663444,0.16,1,68652,68222,430
1935281,2.02411,0.0762386,432,1049740,0.0625377,0.16,1,68654,68222,432
1937941,2.00964,0.0304954,434,1051200,0.0370151,0.24,1,68656,68222,434
1940861,2.00386,6.6122,425,1052660,0.014806,0.24,1,68658,68233,425
1943781,2.00154,2.64488,427,1054120,0.00592241,0.24,1,68660,68233,427
1946701,2.00062,1.05795,429,1055580,0.00236897,0.24,1,68662,68233,429
1949621,2.00025,0.423181,431,1057040,0.0789476,0.24,1,68664,68233,431
1952541,2.0001,0.169272,433,1058500,0.085579,0.24,1,68666,68233,433
1954581,1.40004,0.0677089,434,1059960,0.0762316,0.12,1,68667,68233,434
1957501,1.76002,3.62708,430,1061420,0.0484926,0.12,1,68669,68239,430
1960421,1.90401,1.45083,432,1062880,0.0193971,0.12,1,68671,68239,432
1962901,1.9616,0.580333,434,1064340,0.00775882,0.21,1,68673,68239,434
1965821,1.98464,8.03213,423,1065800,0.00310353,0.21,1,68675,68252,423
1968101,13.3939,3.21285,444,1067260,0.0792414,0,1,68696,68252,444
1971021,6.55754,15.0851,423,1068720,0.0856966,0,1,68698,68275,423
1973941,3.82302,6.03406,425,1070180,0.0582786,0,1,68700,68275,425
2011361,2.88443,1.60311,430,1090620,0.077171,0.14,1,68829,68399,430
2013441,5.35377,9.04125,423,1092080,0.0908684,0.11,1,68836,68413,423
2015521,108.342,110.417,422,1093540,0.0483474,0.04,1,69013,68591,422
2018441,50.5366,49.5666,425,1095000,0.0793389,0.04,1,69025,68600,425
2021361,21.4146,19.8266,427,1096460,0.0977356,0.04,1,69027,68600,427
2024261,9.76586,7.93065,429,1097920,0.0810942,0.15,1,69029,68600,429
2027181,5.10634,6.77226,425,1099380,0.0984377,0.15,1,69031,68606,425
2029461,5.64254,2.7089,431,1100840,0.0513751,0.11,1,69037,68606,431
2032381,3.45701,7.08356,423,1102300,0.06855,0.11,1,69039,68616,423
2035301,2.58281,2.83342,425,1103760,0.05142,0.11,1,69041,68616,425
2037781,7.03312,1.13337,435,1105220,0.020568,0.1,1,69051,68616,435
2041941,5.9253,7.62134,427,1108140,0.0848909,0.02,1,69062,68635,427
2044861,3.57012,6.64854,423,1109600,0.0459564,0.02,1,69064,68641,423
2047781,2.62805,2.65941,425,1111060,0.0903825,0.02,1,69066,68641,425
2050261,5.25122,1.06377,432,1112520,0.048153,0.1,1,69073,68641,432
2053181,3.30049,7.02551,423,1113980,0.0192612,0.1,1,69075,68652,423
2056101,2.5202,2.8102,425,1115440,0.00770448,0.1,1,69077,68652,425
2059021,2.20808,1.12408,427,1116900,0.00308179,0.1,1,69079,68652,427
2061701,6.28323,0.449632,436,1118360,0.0132327,0.07,1,69088,68652,436
2064621,3.71329,9.17985,423,1119820,0.00529309,0.07,1,69090,68667,423
2067541,2.68532,3.67194,425,1121280,0.0861172,0.07,1,69092,68667,425
2070461,2.27413,1.46878,427,1122740,0.0944469,0.07,1,69094,68667,427
2073381,2.10965,0.58751,429,1124200,0.0737788,0.07,1,69096,68667,429
2076301,2.04386,0.235004,431,1125660,0.0415115,0.07,1,69098,68667,431
2079221,2.01754,0.0940017,433,1127120,0.0166046,0.07,1,69100,68667,433
2082141,2.00702,0.0376007,435,1128580,0.0186418,0.07,1,69102,68667,435
2084581,1.40281,0.0150403,436,1130040,0.00745674,0,1,69103,68667,436
2087501,1.76112,4.20602,431,1131500,0.00298269,0,1,69105,68674,431
2090421,1.90445,1.68241,433,1132960,0.00119308,0,1,69107,68674,433
2093341,1.96178,0.672963,435,1134420,0.000477231,0,1,69109,68674,435
2094981,1.38471,0.269185,436,1135880,0.000190892,0.22,1,69110,68674,436
2099561,10.0616,13.9631,425,1138800,0.0792305,0.2,1,69127,68702,425
2102481,5.22462,5.58523,427,1140260,0.0976922,0.2,1,69129,68702,427
2104961,2.68985,2.23409,428,1141720,0.0930769,0.23,1,69130,68702,428
2107041,1.67594,2.69364,426,1143180,0.0852308,0.13,1,69131,68705,426
2115361,2.29126,1.22839,428,1147560,0.0834548,0.17,1,69144,68716,428
2123481,1.87464,4.66262,423,1151940,0.211261,0.15,1,69150,68727,423
2126401,1.94986,1.86505,425,1153400,0.204504,0.15,1,69152,68727,425
2128881,1.37994,0.746019,426,1154860,0.201802,0.21,1,69153,68727,426
2137641,11.3683,10.0317,426,1159240,0.0897153,0.21,1,69257,68831,426
2140561,5.74733,4.0127,428,1160700,0.0478861,0.21,1,69259,68831,428
2144481,6.55957,9.64203,423,1163620,0.0844618,0.12,1,69269,68846,423
2146561,109.424,110.657,423,1165080,0.0337847,0.11,1,69447,69024,423
2169241,5.82277,8.09444,425,1176760,0.0531963,0.15,1,69483,69058,425
2171941,8.32911,3.23778,435,1178220,0.0812785,0.04,1,69493,69058,435
2174861,4.53164,9.69511,423,1179680,0.0685114,0.04,1,69495,69072,423
2177781,3.01266,3.87804,425,1181140,0.0574046,0.04,1,69497,69072,425
2180261,4.20506,1.55122,430,1182600,0.0589618,0,1,69502,69072,430
2183181,2.88203,6.02049,423,1184060,0.0355847,0,1,69504,69081,423
2186101,2.35281,2.40819,425,1185520,0.0142339,0,1,69506,69081,425
2189021,2.14112,0.963278,427,1186980,0.00569356,0,1,69508,69081,427
2190661,2.65645,0.385311,430,1188440,0.00227742,0,1,69511,69081,430
2192321,1.66258,5.55412,422,1189900,0.072911,0,1,69512,69090,422
2195241,6.66503,8.22165,422,1191360,0.0291644,0,1,69522,69100,422
2198161,3.86601,3.28866,424,1192820,0.0956658,0,1,69524,69100,424
2201081,2.74641,1.31546,426,1194280,0.0982663,0,1,69526,69100,426
2204001,2.29856,0.526185,428,1195740,0.0753065,0,1,69528,69100,428
2206881,2.11942,0.210474,430,1197200,0.0421226,0,1,69530,69100,430
2209801,2.04777,5.48419,423,1198660,0.016849,0,1,69532,69109,423
2212721,2.01911,2.19368,425,1200120,0.00673962,0,1,69534,69109,425
2215641,2.00764,0.87747,427,1201580,0.0146958,0,1,69536,69109,427
2218561,2.00306,0.350988,429,1203040,0.00587834,0,1,69538,69109,429
2221441,2.00122,0.140395,431,1204500,0.00235134,0.04,1,69540,69109,431
2224361,2.00049,5.45616,424,1205960,0.000940534,0.04,1,69542,69118,424
2227281,2.0002,2.18246,426,1207420,0.0843762,0.04,1,69544,69118,426
2229141,8.00008,0.872985,438,1208880,0.0337505,0.13,1,69556,69118,438
2231221,7.40003,6.34919,435,1210340,0.0255002,0.18,1,69563,69128,435
2241621,5.61824,3.50814,436,1216180,0.0642048,0.17,1,69578,69142,436
2244541,4.0473,9.80326,425,1217640,0.0736819,0.17,1,69581,69156,425
2259141,2.02096,0.100385,435,1224940,0.0649593,0.17,1,69591,69156,435
2267221,10.9293,25.9264,426,1229320,0.0775974,0.14,1,69690,69264,426
2270141,5.57174,10.3706,428,1230780,0.043039,0.14,1,69692,69264,428
2273061,3.42869,4.14823,430,1232240,0.0172156,0.14,1,69694,69264,430
2276981,109.509,8.46372,601,1235160,0.0507545,0,1,69878,69277,601
2279061,50.4034,108.385,437,1236620,0.0743018,0.26,1,69889,69452,437
2281981,21.3614,51.7542,425,1238080,0.0657207,0.26,1,69891,69466,425
2284901,9.74455,20.7017,427,1239540,0.0382883,0.26,1,69893,69466,427
2296141,2.42866,1.87396,427,1245380,0.0813322,0.08,1,69907,69480,427
2298821,2.17146,0.749585,429,1246840,0.0445329,0.03,1,69909,69480,429
2300901,8.66859,3.89983,436,1248300,0.0178131,0.08,1,69922,69486,436
2311721,4.93072,7.27584,422,1254140,0.097608,0.12,1,69934,69512,422
2314641,3.17229,2.91033,424,1255600,0.0630432,0.12,1,69936,69512,424
2317561,2.46891,1.16413,426,1257060,0.0252173,0.12,1,69938,69512,426
2320481,2.18757,0.465653,428,1258520,0.0100869,0.12,1,69940,69512,428
2322741,3.87503,0.186261,433,1259980,0.00403476,0.14,1,69945,69512,433
2325441,2.75001,7.2745,423,1261440,0.0976139,0,1,69947,69524,423
2334201,2.528,1.23357,426,1265820,0.0806473,0,1,69958,69532,426
2337121,2.2112,0.493427,428,1267280,0.0442589,0,1,69960,69532,428
2339381,1.48448,0.197371,429,1268740,0.0177036,0,1,69961,69532,429
2342301,1.79379,3.67895,425,1270200,0.0310814,0,1,69963,69538,425
2345221,1.91752,1.47158,427,1271660,0.0124326,0,1,69965,69538,427
2347701,1.96701,0.588632,429,1273120,0.00497303,0.1,1,69967,69538,429
2350621,1.9868,5.03545,423,1274580,0.0259892,0.1,1,69969,69546,423
2353541,1.99472,2.01418,425,1276040,0.0103957,0.1,1,69971,69546,425
2356461,1.99789,0.805672,427,1277500,0.0641583,0.1,1,69973,69546,427
2359141,9.19916,0.322269,441,1278960,0.0256633,0.18,1,69987,69546,441
2364761,6.15187,8.21156,425,1281880,0.0881061,0.13,1,69996,69571,425
2369541,5.0643,1.31385,433,1284800,0.210897,0.08,1,70004,69571,433
2381001,2.36645,1.18563,426,1290640,0.082151,0.08,1,70015,69589,426
2389521,2.26345,1.75588,426,1295020,0.205658,0,1,70022,69596,426
2407601,107.872,110.435,423,1305240,0.0686475,0.2,1,70308,69885,423
2410521,52.7489,53.1738,424,1306700,0.069459,0.2,1,70324,69900,424
2413441,22.2996,21.2695,426,1308160,0.0937836,0.2,1,70326,69900,426
2415921,9.51983,8.50781,427,1309620,0.0915134,0.1,1,70327,69900,427
2418841,8.60793,11.2031,422,1311080,0.0366054,0.1,1,70335,69913,422
2438201,3.31643,2.22635,426,1321300,0.0993777,0.04,1,70362,69936,426
2441121,2.52657,0.890542,428,1322760,0.0637511,0.04,1,70364,69936,428
2446301,1.84425,4.34249,424,1325680,0.0894002,0.02,1,70367,69943,424
2449221,1.9377,1.73699,426,1327140,0.0597601,0.02,1,70369,69943,426
2451281,1.37508,0.694798,427,1328600,0.035904,0.08,1,70370,69943,427
2454201,2.35003,5.07792,422,1330060,0.0143616,0.08,1,70373,69951,422
2456481,1.54001,2.03117,423,1331520,0.0177446,0.08,1,70374,69951,423
2464601,3.21856,3.70599,422,1335900,0.0860957,0.05,1,70384,69962,422
2467521,2.48742,1.4824,424,1337360,0.0464383,0.05,1,70386,69962,424
2470001,1.59497,0.592959,425,1338820,0.0185753,0.03,1,70387,69962,425
2472921,7.83799,9.23718,422,1340280,0.0314301,0.03,1,70399,69977,422
2475841,4.3352,3.69487,424,1341740,0.012572,0.03,1,70401,69977,424
2478761,2.93408,1.47795,426,1343200,0.0890288,0.03,1,70403,69977,426
2481681,2.37363,0.59118,428,1344660,0.0956115,0.03,1,70405,69977,428
2484601,2.14945,0.236472,430,1346120,0.0742446,0.03,1,70407,69977,430
2486641,1.45978,0.0945887,431,1347580,0.0536978,0.22,1,70408,69977,431
2489561,9.58391,6.63784,435,1349040,0.0214791,0.22,1,70423,69988,435
2491221,5.03356,2.65513,437,1350500,0.00859165,0.06,1,70425,69988,437
2501641,2.71126,1.52717,431,1356340,0.403612,0.19,1,70439,70008,431
2503281,1.6845,0.610868,432,1357800,0.425445,0.08,1,70440,70008,432
2506201,1.8738,3.84435,428,1359260,0.410178,0.08,1,70442,70014,428
2511401,1.73981,4.2151,425,1362180,0.426828,0.25,1,70445,70020,425
2514321,1.89592,1.68604,427,1363640,0.404731,0.25,1,70447,70020,427
2516181,1.35837,0.674415,428,1365100,0.425893,0.17,1,70448,70020,428
2519101,1.74335,3.86977,424,1366560,0.428357,0.17,1,70450,70026,424
2521381,61.8973,1.54791,526,1368020,0.237343,0.18,1,70552,70026,526
2527221,11.5836,24.9677,427,1370940,0.0643748,0.18,1,70556,70129,427
2536561,2.12534,3.03917,432,1376780,0.099376,0.06,1,70565,70133,432
2538641,107.05,114.016,421,1378240,0.0997504,0,1,70742,70321,421
2541561,52.4201,52.8063,425,1379700,0.0879002,0,1,70758,70333,425
2544481,22.168,21.1225,427,1381160,0.0591601,0,1,70760,70333,427
2546961,9.46721,8.449,428,1382620,0.035664,0.13,1,70761,70333,428
2549881,7.98688,11.1796,422,1384080,0.0742656,0.13,1,70768,70346,422
2552801,4.39475,4.47184,424,1385540,0.0657062,0.13,1,70770,70346,424
2555721,2.9579,1.78874,426,1387000,0.0382825,0.13,1,70772,70346,426
2558641,2.38316,0.715494,428,1388460,0.015313,0.13,1,70774,70346,428
2560481,1.55326,0.286198,429,1389920,0.0061252,0.08,1,70775,70346,429
2563401,9.02131,12.7145,422,1391380,0.00245008,0.08,1,70789,70367,422
2566321,4.80852,5.08579,424,1392840,0.000980032,0.08,1,70791,70367,424
2569241,3.12341,2.03432,426,1394300,0.000392013,0.08,1,70793,70367,426
2572161,2.44936,0.813727,428,1395760,0.000156805,0.08,1,70795,70367,428
2574001,1.57975,0.325491,429,1397220,0.0600627,0.14,1,70796,70367,429
2576921,4.2319,7.9302,422,1398680,0.0960251,0.14,1,70802,70380,422
2579841,2.89276,3.17208,424,1400140,0.07441,0.14,1,70804,70380,424
2585681,2.14284,0.507532,428,1403060,0.0911056,0.14,1,70808,70380,428
2588601,2.05714,0.203013,430,1404520,0.0604422,0.14,1,70810,70380,430
2591061,2.62285,0.0812052,433,1405980,0.0241769,0.18,1,70813,70380,433
2593981,2.24914,7.23248,423,1407440,0.0576708,0.18,1,70815,70392,423
2596901,2.09966,2.89299,425,1408900,0.0470683,0.18,1,70817,70392,425
2599821,2.03986,1.1572,427,1410360,0.0188273,0.18,1,70819,70392,427
2602501,2.61595,0.462879,430,1411820,0.00753093,0,1,70822,70392,430
2604581,9.44638,5.58515,435,1413280,0.00301237,0,1,70836,70401,435
2607501,4.97855,10.6341,423,1414740,0.00120495,0,1,70838,70415,423
2610421,3.19142,4.25362,425,1416200,0.072482,0,1,70840,70415,425
2613341,2.47657,1.70145,427,1417660,0.0769928,0,1,70842,70415,427
2616261,2.19063,0.68058,429,1419120,0.0547971,0,1,70844,70415,429
2619141,14.6763,0.272232,452,1420580,0.0219188,0.14,1,70867,70415,452
2623921,3.4282,3.16356,442,1423500,0.229107,0.44,1,70870,70428,442
2626841,7.97128,8.46542,441,1424960,0.229643,0.44,1,70881,70440,441
2629761,4.38851,3.38617,443,1426420,0.205857,0.44,1,70883,70440,443
2635161,2.14216,7.74179,434,1429340,0.217737,0.5,1,70886,70452,434
2638081,2.05686,3.09671,436,1430800,0.207095,0.5,1,70888,70452,436
2641001,2.02275,1.23869,438,1432260,0.244838,0.5,1,70890,70452,438
2643921,2.0091,0.495474,440,1433720,0.235935,0.5,1,70892,70452,440
2646841,2.00364,0.19819,442,1435180,0.250374,0.5,1,70894,70452,442
2649761,2.00146,0.0792759,444,1436640,0.23215,0.5,1,70896,70452,444
2651381,50.6006,0.0317103,527,1438100,0.23086,0.22,1,70979,70452,527
2654301,21.4402,63.6127,423,1439560,0.200344,0.22,1,70981,70558,423
2672601,51.0898,52.141,424,1449780,0.0663286,0.13,1,71190,70766,424
2675521,22.2359,20.8564,427,1451240,0.0265314,0.13,1,71193,70766,427
2678001,9.49436,8.34256,428,1452700,0.0226126,0.02,1,71194,70766,428
2680921,4.99774,6.93703,424,1454160,0.081045,0.02,1,71196,70772,424
2683201,2.5991,2.77481,425,1455620,0.092418,0.06,1,71197,70772,425
2686121,7.03964,8.90992,422,1457080,0.0369672,0.06,1,71207,70785,422
2689041,4.01586,3.56397,424,1458540,0.0267869,0.06,1,71209,70785,424
2691521,2.20634,1.42559,425,1460000,0.0107148,0,1,71210,70785,425
2694441,5.68254,5.97024,424,1461460,0.0282859,0,1,71218,70794,424
2697361,3.47301,2.38809,426,1462920,0.0113144,0,1,71220,70794,426
2699841,1.98921,0.955238,427,1464380,0.00452574,0.06,1,71221,70794,427
2702761,3.79568,6.38209,422,1465840,0.0018103,0.06,1,71226,70804,422
2705681,2.71827,2.55284,424,1467300,0.000724119,0.06,1,71228,70804,424
2723141,3.83981,0.179416,434,1476060,0.0774596,0.14,1,71249,70815,434
2726061,2.73592,7.87177,423,1477520,0.0309838,0.14,1,71251,70828,423
2728981,2.29437,3.14871,425,1478980,0.0123935,0.14,1,71253,70828,425
2731901,2.11775,1.25948,427,1480440,0.00495741,0.14,1,71255,70828,427
2734581,8.6471,0.503793,440,1481900,0.079983,0,1,71268,70828,440
2737501,4.65884,11.6015,423,1483360,0.0919932,0,1,71270,70847,423
2740421,3.06354,4.64061,425,1484820,0.0727973,0,1,71272,70847,425
2743341,2.42541,1.85624,427,1486280,0.0411189,0,1,71274,70847,427
2746261,2.17017,0.742497,429,1487740,0.0284476,0,1,71276,70847,429
2751021,8.02723,16.9188,430,1490660,0.234952,0.36,1,71305,70875,430
2753941,4.41089,6.76752,432,1492120,0.273981,0.36,1,71307,70875,432
2756421,7.16436,2.70701,441,1493580,0.283592,0.2,1,71316,70875,441
2759341,4.06574,8.8828,430,1495040,0.263437,0.2,1,71318,70888,430
2762261,2.8263,3.55312,432,1496500,0.231375,0.2,1,71320,70888,432
2766821,2.13221,0.568499,436,1499420,0.22182,0.2,1,71324,70888,436
2769741,2.05288,5.6274,429,1500880,0.208728,0.2,1,71326,70897,429
2772661,2.02115,2.25096,431,1502340,0.263491,0.2,1,71328,70897,431
2775581,2.00846,0.900384,433,1503800,0.261396,0.2,1,71330,70897,433
2778501,2.00338,0.360154,435,1505260,0.236559,0.2,1,71332,70897,435
2790141,5.18729,9.12922,431,1511100,0.0955759,0.14,1,71423,70992,431
2800721,103.216,107.738,421,1518400,0.0532027,0.09,1,71604,71183,421
2803641,52.0863,53.2953,422,1519860,0.0212811,0.09,1,71622,71200,422
2806561,22.0345,21.3181,424,1521320,0.00851243,0.09,1,71624,71200,424
2809481,10.0138,8.52725,426,1522780,0.00340497,0.09,1,71626,71200,426
2812401,5.20552,3.4109,428,1524240,0.085362,0.09,1,71628,71200,428
2820081,4.98915,5.2583,424,1528620,0.0798632,0,1,71645,71221,424
2823001,3.19566,2.10332,426,1530080,0.0439453,0,1,71647,71221,426
2825921,2.47826,0.841327,428,1531540,0.0175781,0,1,71649,71221,428
2827761,1.59131,0.336531,429,1533000,0.00703124,0,1,71650,71221,429
2830681,4.83652,3.73461,430,1534460,0.0028125,0,1,71657,71227,430
2832961,2.53461,1.49384,431,1535920,0.001125,0.25,1,71658,71227,431
2835881,2.21384,4.79754,426,1537380,0.000449999,0.25,1,71660,71234,426
2837541,6.28554,1.91902,435,1538840,0.05418,0.07,1,71669,71234,435
2846301,2.27427,1.46682,427,1543220,0.0975475,0.07,1,71675,71248,427
2849221,2.10971,0.586727,429,1544680,0.063019,0.07,1,71677,71248,429
2852101,2.04388,0.234691,431,1546140,0.0612076,0,1,71679,71248,431
2855021,2.01755,3.69388,427,1547600,0.036483,0,1,71681,71254,427
2857941,2.00702,1.47755,429,1549060,0.0145932,0,1,71683,71254,429
2860001,1.40281,0.59102,430,1550520,0.00583729,0.19,1,71684,71254,430
2862081,1.76112,6.83641,421,1551980,0.00233491,0.04,1,71686,71265,421
2865001,6.10445,7.53456,422,1553440,0.048934,0.04,1,71695,71273,422
2872901,3.46268,0.482212,430,1557820,0.0909718,0,1,71703,71273,430
2875821,2.58507,4.99288,424,1559280,0.0663887,0,1,71705,71281,424
2878101,22.634,1.99715,460,1560740,0.218555,0.35,1,71741,71281,460
2881021,10.2536,19.9989,430,1562200,0.291422,0.35,1,71743,71313,430
2894341,2.43012,2.50879,434,1569500,0.275538,0.22,1,71759,71325,434
2897261,2.17205,1.00352,436,1570960,0.236215,0.22,1,71761,71325,436
2904741,2.01101,1.98422,434,1575340,0.206638,0.27,1,71767,71333,434
2910341,49.4018,0.317476,517,1578260,0.280262,0.29,1,71850,71333,517
2913261,22.1607,55.327,429,1579720,0.220105,0.29,1,71854,71425,429
2916181,11.2643,22.1308,433,1581180,0.280042,0.29,1,71858,71425,433
2919101,5.70571,8.85232,435,1582640,0.274017,0.29,1,71860,71425,435
2921781,3.48228,3.54093,437,1584100,0.247607,0.28,1,71862,71425,437
2924701,2.59291,8.61637,427,1585560,0.219043,0.28,1,71864,71437,427
2929681,1.49487,1.37862,430,1588480,0.271447,0.09,1,71867,71437,430
2934681,45.9592,47.8606,425,1591400,0.0602315,0,1,72050,71625,425
2936961,18.9837,19.1442,426,1592860,0.0240926,0.09,1,72051,71625,426
2939881,9.39347,11.8577,422,1594320,0.051637,0.09,1,72054,71632,422
2942801,4.95739,4.74308,424,1595780,0.0326548,0.09,1,72056,71632,424
2945281,2.58295,1.89723,425,1597240,0.0610619,0,1,72057,71632,425
2948201,11.2332,12.7589,422,1598700,0.0244248,0,1,72074,71652,422
2951121,5.69327,5.10356,424,1600160,0.00976991,0,1,72076,71652,424
2954041,3.47731,2.04142,426,1601620,0.051908,0,1,72078,71652,426
2956961,2.59092,0.816569,428,1603080,0.0447632,0,1,72080,71652,428
2958801,1.63637,0.326628,429,1604540,0.0299053,0,1,72081,71652,429
2960881,1.25455,3.73065,424,1606000,0.0119621,0.1,1,72082,71658,424
2963801,5.30182,6.89226,423,1607460,0.00478484,0.1,1,72090,71667,423
2966081,2.72073,2.7569,424,1608920,0.00191394,0.06,1,72091,71667,424
2969001,7.08829,8.30276,422,1610380,0.0847656,0.06,1,72101,71679,422
2971921,4.03532,3.3211,424,1611840,0.0939062,0.06,1,72103,71679,424
2985441,1.92484,1.71401,426,1619140,0.06436,0,1,72112,71686,426
2988361,1.96994,0.685603,428,1620600,0.025744,0,1,72114,71686,428
2991041,1.98797,0.274241,430,1622060,0.0102976,0.14,1,72116,71686,430
2993961,3.79519,7.9097,422,1623520,0.00411904,0.14,1,72121,71699,422
3002701,2.83489,4.10622,425,1627900,0.0794636,0.05,1,72130,71705,425
3004981,1.73396,1.64249,426,1629360,0.0557854,0.07,1,72131,71705,426
3006641,1.29358,3.657,422,1630820,0.0343142,0.33,1,72132,71710,422
3009561,31.1174,28.4628,428,1632280,0.241726,0.33,1,72183,71755,428
3017041,3.26352,1.82162,433,1636660,0.42131,0.17,1,72188,71755,433
3030361,3.09582,7.94153,431,1643960,0.288109,0.39,1,72207,71776,431
3033281,2.43833,3.17661,433,1645420,0.403244,0.39,1,72209,71776,433
3036201,2.17533,1.27065,435,1646880,0.425297,0.39,1,72211,71776,435
3037841,1.47013,0.508258,436,1648340,0.422119,0.34,1,72212,71776,436
3043681,21.1152,19.5213,439,1651260,0.247539,0.34,1,72296,71857,439
3051381,3.70337,4.60936,433,1655640,0.294003,0.34,1,72304,71871,433
3065101,40.8974,109.247,423,1662940,0.0756058,0.09,1,72476,72053,423
3070921,13.0236,25.2796,422,1665860,0.0888969,0.04,1,72488,72066,422
3079241,8.46551,10.6179,422,1670240,0.0512894,0.02,1,72503,72081,422
3082161,4.5862,4.24716,424,1671700,0.0205158,0.02,1,72505,72081,424
3085081,3.03448,1.69886,426,1673160,0.0082063,0.02,1,72507,72081,426
3087761,2.41379,0.679545,428,1674620,0.0512825,0.12,1,72509,72081,428
3090681,6.96552,7.47182,426,1676080,0.020513,0.12,1,72519,72093,426
3093601,3.98621,2.98873,428,1677540,0.0082052,0.12,1,72521,72093,428
3096521,2.79448,1.19549,430,1679000,0.00328208,0.12,1,72523,72093,430
3098581,7.11779,0.478196,440,1680460,0.0853128,0.04,1,72533,72093,440
3101501,4.04712,11.5913,423,1681920,0.0941251,0.04,1,72535,72112,423
3112721,1.45241,0.296737,430,1687760,0.0766176,0.2,1,72542,72112,430
3115641,2.38096,6.7187,422,1689220,0.030647,0.2,1,72545,72123,422
3118561,2.15238,2.68748,424,1690680,0.0122588,0.2,1,72547,72123,424
3121481,2.06095,1.07499,426,1692140,0.0289035,0.2,1,72549,72123,426
3124161,2.02438,0.429996,428,1693600,0.0115614,0.02,1,72551,72123,428
3140601,39.7047,34.7371,434,1702360,0.284344,0.39,1,72631,72197,434
3148081,3.8131,2.22317,439,1706740,0.424038,0.26,1,72636,72197,439
3158481,1.67682,0.440913,442,1712580,0.404599,0.48,1,72649,72207,442
3164321,2.18829,2.71055,436,1715500,0.424736,0.48,1,72654,72218,436
3167241,2.07532,1.08422,438,1716960,0.421894,0.48,1,72656,72218,438
3168881,1.43013,0.433687,439,1718420,0.408758,0.37,1,72657,72218,439
3174721,21.3488,21.1894,436,1721340,0.444601,0.37,1,72742,72306,436
3177641,9.73953,8.47576,438,1722800,0.411841,0.37,1,72744,72306,438
3185321,2.85533,6.54245,434,1727180,0.295158,0.43,1,72750,72316,434
3188241,2.34213,2.61698,436,1728640,0.250063,0.43,1,72752,72316,436
3204881,6.81254,6.8344,424,1737400,0.435228,0,1,72921,72497,424
3213201,5.092,4.2774,425,1741780,0.268815,0,1,72938,72513,425
3216121,3.2368,1.71096,427,1743240,0.209526,0,1,72940,72513,427
3221721,6.39789,7.47375,426,1746160,0.0887241,0.16,1,72951,72525,426
3224641,3.75916,2.9895,428,1747620,0.0474897,0.16,1,72953,72525,428
3227121,2.10366,1.1958,429,1749080,0.0189959,0.17,1,72954,72525,429
3230041,3.84146,7.67832,422,1750540,0.0675983,0.17,1,72959,72537,422
3232321,2.13659,3.07133,423,1752000,0.0750393,0,1,72960,72537,423
3251681,1.91897,1.22715,428,1762220,0.0715715,0,1,72979,72551,428
3253541,3.16759,0.49086,432,1763680,0.0286286,0.18,1,72983,72551,432
3255201,1.86704,3.19634,428,1765140,0.0114514,0.15,1,72984,72556,428
3258121,1.94681,5.47854,423,1766600,0.00458058,0.15,1,72986,72563,423
3261041,1.97873,2.19141,425,1768060,0.00183223,0.15,1,72988,72563,425
3263521,1.39149,0.876566,426,1769520,0.000732892,0.15,1,72989,72563,426
3271641,44.0811,39.4161,436,1773900,0.0979669,0.43,1,73073,72637,436
3274561,18.8324,15.7664,438,1775360,0.213187,0.43,1,73075,72637,438
3277481,8.73297,6.30658,440,1776820,0.235275,0.43,1,73077,72637,440
3279121,4.09319,2.52263,441,1778280,0.23811,0.43,1,73078,72637,441
3295981,3.51462,5.10832,438,1787040,0.219763,0.36,1,73100,72662,438
3298901,2.60585,2.04333,440,1788500,0.219905,0.36,1,73102,72662,440
3301381,49.0423,0.817331,520,1789960,0.237962,0.33,1,73182,72662,520
3304301,20.8169,51.3269,437,1791420,0.221185,0.33,1,73184,72747,437
3312821,3.20428,3.28492,443,1795800,0.229676,0.37,1,73190,72747,443
3315741,2.48171,5.51397,438,1797260,0.23587,0.37,1,73192,72754,438
3318661,2.19269,2.20559,440,1798720,0.202348,0.37,1,73194,72754,440
3331541,7.35397,15.3826,444,1806020,0.0983792,0.34,1,73358,72914,444
3334461,4.14159,17.553,427,1807480,0.0633517,0.34,1,73360,72933,427
3351301,2.65485,0.571097,430,1816240,0.229511,0,1,73376,72946,430
3354221,2.26194,5.62844,423,1817700,0.241805,0,1,73378,72955,423
3357141,2.10478,2.25138,425,1819160,0.222722,0,1,73380,72955,425
3365441,1.29708,5.21764,422,1825000,0.0963257,0.05,1,73391,72969,422
3374201,2.81901,1.38993,426,1829380,0.0973648,0.05,1,73406,72980,426
3382081,1.45242,0.0889554,431,1833760,0.0926313,0,1,73411,72980,431
3384161,2.98097,2.43558,431,1835220,0.0370525,0.23,1,73415,72984,431
3387081,7.19239,7.57423,430,1836680,0.050821,0.23,1,73425,72995,430
3390001,4.67695,3.02969,433,1838140,0.0203284,0.23,1,73428,72995,433
3392921,3.07078,1.21188,435,1839600,0.0441314,0.23,1,73430,72995,435
3399761,5.21253,3.19756,439,1843980,0.0685844,0.06,1,73447,73008,439
3405601,18.354,19.4716,430,1846900,0.207774,0.06,1,73517,73087,430
3408521,8.5416,7.78864,432,1848360,0.233109,0.06,1,73519,73087,432
3410161,4.01664,3.11546,433,1849820,0.231244,0.2,1,73520,73087,433
3418921,2.32106,0.967389,433,1854200,0.0915996,0.2,1,73528,73095,433
3420561,1.52843,0.386956,434,1855660,0.0606398,0.27,1,73529,73095,434
3423481,5.41137,7.95478,429,1857120,0.0842559,0.27,1,73537,73108,429
3429321,2.54582,1.27277,433,1860040,0.216281,0.27,1,73541,73108,433
3442221,3.28815,4.27543,429,1867340,0.0944611,0.13,1,73627,73198,429
3445141,2.51526,1.71017,431,1868800,0.0497844,0.13,1,73629,73198,431
3448061,2.2061,0.684069,433,1870260,0.0199138,0.13,1,73631,73198,433
3453221,93.833,0.109451,590,1873180,0.210786,0.14,1,73788,73198,590
3456141,38.7332,99.0438,427,1874640,0.210314,0.14,1,73790,73363,427
3464901,4.35092,6.3388,433,1879020,0.24098,0.14,1,73796,73363,433
3467821,2.94037,2.53552,435,1880480,0.252392,0.14,1,73798,73363,435
3469861,2.37615,1.01421,437,1881940,0.280957,0.12,1,73800,73363,437
3472781,2.15046,5.80568,430,1883400,0.268383,0.12,1,73802,73372,430
3475701,2.06018,2.32227,432,1884860,0.239353,0.12,1,73804,73372,432
3478181,1.42407,0.928909,433,1886320,0.221741,0.24,1,73805,73372,433
3484021,1.90785,3.02863,425,1889240,0.251479,0.24,1,73809,73384,425
3486941,1.96314,1.21145,427,1890700,0.262591,0.24,1,73811,73384,427
3489621,6.18526,0.48458,436,1892160,0.237037,0.12,1,73820,73384,436
3492541,3.6741,7.39383,426,1893620,0.202815,0.12,1,73822,73396,426
3512301,2.03346,5.02715,423,1903840,0.20215,0,1,73841,73418,423
3525601,1.78434,2.19228,423,1911140,0.0919644,0.06,1,73860,73437,423
3528521,8.51374,7.47691,425,1912600,0.0607858,0.06,1,73873,73448,425
3530801,4.60549,2.99076,427,1914060,0.0243143,0.06,1,73875,73448,427
3542481,4.9851,3.14856,431,1919900,0.0847184,0.06,1,73959,73528,431
3545401,3.19404,1.25943,433,1921360,0.0458874,0.06,1,73961,73528,433
3547861,2.47762,0.50377,435,1922820,0.042355,0.19,1,73963,73528,435
3553061,5.07642,1.2806,439,1925740,0.0763768,0.26,1,73972,73533,439
3591981,7.84643,14.8656,434,1946180,0.0944491,0.28,1,74231,73797,434
3594901,4.33857,5.94623,436,1947640,0.0497797,0.28,1,74233,73797,436
3596741,2.33543,2.37849,437,1949100,0.0199119,0.22,1,74234,73797,437
3599661,2.13417,5.1514,432,1950560,0.0799647,0.22,1,74236,73804,432
3607981,2.00859,8.72969,424,1954940,0.222078,0.26,1,74242,73818,424
3610901,2.00343,3.49188,426,1956400,0.220831,0.26,1,74244,73818,426
3626481,1.63041,1.0703,432,1965160,0.0854632,0.21,1,74261,73829,432
3629401,1.85217,4.62812,427,1966620,0.0461853,0.21,1,74263,73836,427
3643561,1.96009,0.911392,427,1973920,0.232102,0.15,1,74272,73845,427
3646241,1.98403,0.364557,429,1975380,0.218841,0.18,1,74274,73845,429
3649161,9.19361,12.7458,422,1976840,0.243536,0.18,1,74288,73866,422
3652081,4.87745,5.09833,424,1978300,0.229415,0.18,1,74290,73866,424
3655001,3.15098,2.03933,426,1979760,0.253766,0.18,1,74292,73866,426
3656641,1.86039,0.815733,427,1981220,0.245506,0.25,1,74293,73866,427
3688061,2.96069,4.69363,428,1997280,0.0856219,0.09,1,74409,73981,428
3689921,1.78427,1.87745,429,1998740,0.0642488,0.21,1,74410,73981,429
3703881,3.13443,2.16194,426,2006040,0.204399,0.24,1,74494,74068,426
3706801,2.45377,0.864778,428,2007500,0.231759,0.24,1,74496,74068,428
3709681,2.18151,0.345911,430,2008960,0.218704,0.13,1,74498,74068,430
3711761,1.4726,3.13836,426,2010420,0.201482,0.07,1,74499,74073,426
3728841,2.93634,1.75161,430,2019180,0.0848329,0.19,1,74669,74239,430
3767921,1.16405,1.84906,433,2041080,0.0944996,0.19,1,74703,74270,433
3770841,1.66562,3.73962,430,2042540,0.0617999,0.19,1,74705,74275,430
3773761,1.86625,1.49585,432,2044000,0.0727199,0.19,1,74707,74275,432
3776681,1.9465,0.59834,434,2045460,0.053088,0.19,1,74709,74275,434
3787501,2.30583,1.83932,431,2051300,0.0817111,0.21,1,74725,74294,431
3799541,11.3382,18.6236,433,2058600,0.247192,0.13,1,74823,74390,433
3802461,5.73527,14.6495,423,2060060,0.248877,0.13,1,74825,74402,423
3805381,3.49411,5.85978,425,2061520,0.297551,0.13,1,74827,74402,425
3808301,2.59764,2.34391,427,2062980,0.28702,0.13,1,74829,74402,427
3816821,2.90225,3.99001,426,2067360,0.249009,0.04,1,74844,74418,426
3819741,2.3609,1.596,428,2068820,0.237604,0.04,1,74846,74418,428
3822421,45.9444,0.638402,503,2070280,0.257041,0.26,1,74921,74418,503
3825341,19.5777,46.4554,428,2071740,0.240817,0.26,1,74923,74495,428
3828261,9.0311,18.5821,430,2073200,0.210327,0.26,1,74925,74495,430
3835941,1.84999,1.18926,435,2077580,0.0998609,0.17,1,74930,74495,435
3844261,95.5904,0.940112,588,2081960,0.216391,0.06,1,75092,74504,588
3847181,39.4362,99.3761,425,2083420,0.200556,0.06,1,75094,74669,425
3857781,2.95837,2.54403,433,2089260,0.220174,0.25,1,75102,74669,433
3860701,2.38335,7.01761,425,2090720,0.21407,0.25,1,75104,74679,425
3874221,2.00393,5.47186,426,2098020,0.0862113,0.09,1,75114,74688,426
3879621,1.40063,0.875498,429,2100940,0.214194,0.13,1,75117,74688,429
3891281,3.66466,2.48961,427,2106780,0.219179,0.04,1,75132,74705,427
3894201,2.66586,0.995845,429,2108240,0.231672,0.04,1,75134,74705,429
3897121,2.26634,0.398338,431,2109700,0.248669,0.04,1,75136,74705,431
3898961,1.50654,0.159335,432,2111160,0.249467,0.18,1,75137,74705,432
3901881,5.40262,8.46373,426,2112620,0.273787,0.18,1,75145,74719,426
3904801,3.36105,3.38549,428,2114080,0.253515,0.18,1,75147,74719,428
3907281,1.94442,1.3542,429,2115540,0.281406,0.08,1,75148,74719,429
3910201,1.97777,3.54168,426,2117000,0.268562,0.08,1,75150,74724,426
3913121,1.99111,1.41667,428,2118460,0.257425,0.08,1,75152,74724,428
3915601,1.39644,0.566669,429,2119920,0.24097,0.17,1,75153,74724,429
3917681,4.15858,4.42667,428,2121380,0.240388,0.11,1,75159,74731,428
3931001,12.4362,14.2524,429,2128680,0.0837928,0.3,1,75262,74833,429
3933921,6.17447,5.70095,431,2130140,0.0335171,0.3,1,75264,74833,431
3944321,2.97087,2.54594,432,2135980,0.22233,0.31,1,75275,74843,432
3946181,2.98835,1.01838,435,2137440,0.220932,0.21,1,75278,74843,435
3949101,2.39534,8.80735,423,2138900,0.202373,0.21,1,75280,74857,423
3951381,46.5581,3.52294,499,2140360,0.242949,0.2,1,75356,74857,499
3954301,19.8233,47.6092,424,2141820,0.22918,0.2,1,75358,74934,424
3957221,9.1293,19.0437,426,2143280,0.241672,0.2,1,75360,74934,426
3960141,4.85172,7.61747,428,2144740,0.222669,0.2,1,75362,74934,428
3971141,5.673,0.195007,442,2150580,0.202308,0.29,1,75376,74934,442
3972801,2.8692,6.678,432,2152040,0.224923,0.21,1,75377,74945,432
3981561,16.3596,15.6914,428,2156420,0.0691151,0.21,1,75532,75104,428
3984481,7.74385,6.27656,430,2157880,0.219646,0.21,1,75534,75104,430
3987401,4.29754,2.51062,432,2159340,0.267858,0.21,1,75536,75104,432
3989861,2.91902,1.00425,434,2160800,0.263143,0.11,1,75538,75104,434
3992781,2.36761,5.2017,428,2162260,0.237257,0.11,1,75540,75112,428
3995701,2.14704,2.08068,430,2163720,0.202903,0.11,1,75542,75112,430
4010061,2.03991,0.789306,433,2171020,0.226804,0.17,1,75553,75120,433
4012981,2.01596,0.315722,435,2172480,0.246722,0.17,1,75555,75120,435
4014821,1.40638,0.126289,436,2173940,0.242689,0.24,1,75556,75120,436
4016481,1.16255,2.45052,433,2175400,0.247075,0.24,1,75557,75124,433
4019401,5.86502,6.98021,432,2176860,0.27883,0.24,1,75566,75134,432
4021681,2.94601,2.79208,433,2178320,0.279532,0.25,1,75567,75134,433
4024601,2.3784,2.91683,432,2179780,0.243813,0.25,1,75569,75137,432
4027521,2.15136,1.16673,434,2181240,0.283525,0.25,1,75571,75137,434
4029381,1.46054,0.466693,435,2182700,0.28741,0.32,1,75572,75137,435
4031461,5.38422,1.98668,440,2184160,0.264964,0.25,1,75580,75140,440
4034381,3.35369,7.99467,430,2185620,0.231986,0.25,1,75582,75152,430
4040221,2.21659,1.27915,434,2188540,0.251918,0.25,1,75586,75152,434
4041861,1.48664,0.511659,435,2190000,0.262767,0.2,1,75587,75152,435
4044781,1.79465,5.60466,428,2191460,0.243107,0.2,1,75589,75161,428
4047701,1.91786,2.24187,430,2192920,0.211243,0.2,1,75591,75161,430
4050181,15.7671,0.896746,455,2194380,0.270497,0.14,1,75616,75161,455
4053101,8.10686,15.9587,432,2195840,0.252199,0.14,1,75619,75187,432
4078281,2.6643,1.57517,429,2208980,0.081332,0.23,1,75717,75288,429
4079921,1.66572,0.630069,430,2210440,0.0565328,0.17,1,75718,75288,430
4082841,45.6663,45.852,429,2211900,0.0466131,0.17,1,75793,75364,429
4085761,19.4665,18.3408,431,2213360,0.0186452,0.17,1,75795,75364,431
4090321,4.19464,2.93453,434,2216280,0.226183,0.17,1,75798,75364,434
4093241,3.47786,6.57381,428,2217740,0.210473,0.17,1,75801,75373,428
4096161,2.59114,2.62952,430,2219200,0.258189,0.17,1,75803,75373,430
4099081,2.23646,1.05181,432,2220660,0.253276,0.17,1,75805,75373,432
4101141,1.49458,0.420724,433,2222120,0.23931,0.28,1,75806,75373,433
4103841,1.79783,6.16829,425,2223580,0.209724,0.18,1,75808,75383,425
4106761,95.5191,97.8673,424,2225040,0.20389,0.18,1,75966,75542,424
4109681,39.4077,39.1469,426,2226500,0.237556,0.18,1,75968,75542,426
4112601,16.9631,15.6588,428,2227960,0.233022,0.18,1,75970,75542,428
4115521,7.98522,6.26351,430,2229420,0.261209,0.18,1,75972,75542,430
4118441,4.39409,2.5054,432,2230880,0.242484,0.18,1,75974,75542,432
4121361,2.95764,1.00216,434,2232340,0.204993,0.18,1,75976,75542,434
4147521,1.36562,0.69904,435,2246940,0.0961447,0.21,1,75994,75559,435
4156281,2.6314,1.58074,432,2251320,0.205593,0.21,1,76007,75575,432
4163541,5.40041,4.30117,436,2255700,0.208278,0.19,1,76018,75582,436
4177061,8.03482,0.182284,447,2263000,0.245771,0.25,1,76038,75591,447
4178721,3.81393,8.47291,434,2264460,0.266308,0.23,1,76039,75605,434
4181641,11.7256,17.1892,428,2265920,0.262523,0.23,1,76056,75628,428
4183921,5.29023,6.87567,429,2267380,0.279009,0.1,1,76057,75628,429
4186841,47.1161,51.9503,422,2268840,0.207604,0.1,1,76132,75710,422
4198521,3.15497,1.32993,430,2274680,0.0708827,0.1,1,76140,75710,430
4203481,6.1448,7.41279,428,2277600,0.0785412,0.2,1,76150,75722,428
4213881,45.0661,47.5898,428,2283440,0.205291,0.2,1,76229,75801,428
4216801,19.2264,19.0359,430,2284900,0.208116,0.2,1,76231,75801,430
4229481,4.394,8.37893,426,2292200,0.0935423,0.27,1,76244,75818,426
4232401,2.9576,3.35157,428,2293660,0.0854169,0.27,1,76246,75818,428
4234881,1.78304,1.34063,429,2295120,0.0701668,0.25,1,76247,75818,429
4240721,38.4453,37.4145,430,2298040,0.214027,0.25,1,76403,75973,430
4252161,3.173,3.59781,428,2303880,0.0703751,0.26,1,76412,75984,428
4271721,1.96352,0.869895,432,2314100,0.0669221,0.08,1,76425,75993,432
4273361,1.38541,0.347958,433,2315560,0.0387688,0.25,1,76426,75993,433
4276281,6.55416,7.33918,431,2317020,0.0275075,0.25,1,76436,76005,431
4279201,3.82167,2.93567,433,2318480,0.011003,0.25,1,76438,76005,433
4290861,2.04663,0.939153,432,2324320,0.0806337,0.24,1,76446,76014,432
4293541,2.61865,0.375661,435,2325780,0.0322535,0.21,1,76449,76014,435
4302301,3.91159,1.17604,435,2330160,0.0927842,0.21,1,76461,76026,435
4303941,6.96464,0.470417,444,2331620,0.0791137,0.04,1,76470,76026,444
4305601,3.38585,5.58817,436,2333080,0.0616455,0.33,1,76471,76035,436
4308521,6.15434,8.83527,433,2334540,0.0606582,0.33,1,76479,76046,433
4320801,18.3971,20.0009,426,2341840,0.232375,0.04,1,76566,76140,426
4323721,8.55884,8.00035,428,2343300,0.23095,0.04,1,76568,76140,428
4326401,4.62354,3.20014,430,2344760,0.20038,0.22,1,76570,76140,430
4335141,5.86391,1.26081,432,2349140,0.201944,0.15,1,76583,76151,432
4338061,3.54556,7.10432,423,2350600,0.200778,0.15,1,76585,76162,423
4352221,4.74223,7.36875,428,2357900,0.0653776,0.17,1,76666,76238,428
4354481,2.49689,2.9475,429,2359360,0.038151,0.06,1,76667,76238,429
4357401,4.59876,6.579,426,2360820,0.0152604,0.06,1,76673,76247,426
4370301,38.1802,92.9474,428,2368120,0.220131,0.17,1,76834,76406,428
4373221,16.4721,37.1789,430,2369580,0.220052,0.17,1,76836,76406,430
4381541,2.92621,5.01945,425,2373960,0.230563,0.22,1,76842,76417,425
4384461,2.37049,2.00778,427,2375420,0.230225,0.22,1,76844,76417,427
4387381,2.14819,0.803112,429,2376880,0.21809,0.22,1,76846,76417,429
4399021,2.04219,1.07656,427,2382720,0.216783,0.18,1,76855,76428,427
4401941,2.01688,0.430624,429,2384180,0.218713,0.18,1,76857,76428,429
4404401,1.40675,0.17225,430,2385640,0.207485,0.16,1,76858,76428,430
4407321,7.7627,7.8689,429,2387100,0.208994,0.16,1,76870,76441,429
4433941,10.1842,2.32524,441,2401700,0.0765985,0.06,1,76906,76465,441
4436641,5.27368,9.3301,429,2403160,0.0786394,0.02,1,76908,76479,429
4438721,2.70947,4.93204,428,2404620,0.0674558,0.21,1,76909,76481,428
4441641,12.4838,12.7728,429,2406080,0.0389823,0.21,1,76928,76499,429
4444561,6.19352,5.10913,431,2407540,0.0995929,0.21,1,76930,76499,431
4452461,7.88438,18.207,427,2411920,0.216134,0.2,1,76996,76569,427
4454321,3.75375,7.28279,428,2413380,0.218454,0.18,1,76997,76569,428
4468481,4.53412,2.88354,430,2420680,0.227213,0.18,1,77021,76591,430
4471401,3.01365,1.15341,432,2422140,0.210885,0.18,1,77023,76591,432
4476381,19.4422,48.1845,428,2425060,0.0769416,0,1,77099,76671,428
4479301,8.97687,19.2738,430,2426520,0.0307766,0,1,77101,76671,430
4482221,4.79075,7.70953,432,2427980,0.0123107,0,1,77103,76671,432
4489901,2.65861,5.29341,432,2432360,0.0780679,0.16,1,77111,76679,432
4492821,2.26344,2.11736,434,2433820,0.0432272,0.16,1,77113,76679,434
4500301,37.8729,94.9355,426,2438200,0.0661265,0.25,1,77269,76843,426
4506141,7.73966,15.1897,430,2441120,0.21458,0.25,1,77273,76843,430
4509061,4.29586,6.07587,432,2442580,0.229832,0.25,1,77275,76843,432
4511981,2.91835,2.43035,434,2444040,0.211933,0.25,1,77277,76843,434
4516941,1.90694,5.18886,429,2446960,0.209109,0.14,1,77280,76851,429
4531101,1.96065,0.725134,431,2454260,0.0726725,0.2,1,77289,76858,431
4533781,2.58426,0.290054,434,2455720,0.029069,0.19,1,77292,76858,434
4538361,5.09348,9.88641,423,2458640,0.205051,0.16,1,77301,76878,423
4544201,2.49496,1.58183,427,2461560,0.234408,0.16,1,77305,76878,427
4547121,2.19798,0.63273,429,2463020,0.225763,0.16,1,77307,76878,429
4548961,1.47919,0.253092,430,2464480,0.216305,0.08,1,77308,76878,430
4551881,2.39168,4.90124,425,2465940,0.230522,0.08,1,77311,76886,425
4554801,2.15667,1.96049,427,2467400,0.206209,0.08,1,77313,76886,427
4560201,5.98507,8.11368,424,2470320,0.217793,0.13,1,77323,76899,424
4562481,2.99403,3.24547,425,2471780,0.219117,0.17,1,77324,76899,425
4568321,4.55904,3.63928,426,2474700,0.0950588,0.17,1,77338,76912,426
4579341,17.5119,41.9972,426,2480540,0.23557,0.11,1,77428,77002,426
4582261,8.20476,16.7989,428,2482000,0.244228,0.11,1,77430,77002,428
4585181,4.48191,6.71955,430,2483460,0.223691,0.11,1,77432,77002,430
4586821,5.39276,2.68782,436,2484920,0.233476,0.18,1,77438,77002,436
4589741,3.3571,4.67513,432,2486380,0.213391,0.18,1,77440,77008,432
4596601,8.44685,10.4992,428,2490760,0.227257,0.21,1,77456,77028,428
4599521,4.57874,4.19968,430,2492220,0.234903,0.21,1,77458,77028,430
4602001,2.4315,1.67987,431,2493680,0.225961,0.18,1,77459,77028,431
4612401,4.06065,2.9998,430,2499520,0.0799926,0.22,1,77535,77105,430
4621161,2.41988,1.15199,429,2503900,0.0785595,0.22,1,77544,77115,429
4623841,2.16795,0.460795,431,2505360,0.0974238,0.24,1,77546,77115,431
4634681,16.5003,15.4678,426,2511200,0.095518,0.17,1,77708,77282,426
4637601,7.80012,6.18712,428,2512660,0.0802072,0.17,1,77710,77282,428
4640521,4.32005,2.47485,430,2514120,0.0440829,0.17,1,77712,77282,430
4643441,2.92802,0.989939,432,2515580,0.0176332,0.17,1,77714,77282,432
4646361,2.37121,0.395975,434,2517040,0.0790533,0.17,1,77716,77282,434
4652141,2.05939,3.06336,433,2519960,0.0978485,0.09,1,77720,77287,433
4655061,2.02376,1.22534,435,2521420,0.0691394,0.09,1,77722,77287,435
4657541,1.4095,0.490137,436,2522880,0.0516558,0.27,1,77723,77287,436
4660461,1.7638,3.79605,432,2524340,0.0206623,0.27,1,77725,77293,432
4668781,2.94488,6.84295,431,2528720,0.0824424,0.28,1,77735,77304,431
4688321,1.65115,1.38593,427,2538940,0.230037,0.1,1,77750,77323,427
4691241,9.06046,8.35437,428,2540400,0.212015,0.1,1,77764,77336,428
4698721,3.67587,2.69468,431,2544780,0.094449,0.04,1,77776,77345,431
4701641,14.0703,14.8779,429,2546240,0.0917796,0.04,1,77797,77368,429
4716821,4.20176,2.59534,439,2555000,0.080701,0.33,1,77873,77434,439
4719741,2.8807,7.03814,431,2556460,0.0322804,0.33,1,77875,77444,431
4722661,2.35228,2.81525,433,2557920,0.0129122,0.33,1,77877,77444,433
4724721,1.54091,1.1261,434,2559380,0.0171649,0.26,1,77878,77444,434
4735961,41.8475,46.4736,422,2565220,0.207079,0.1,1,77964,77542,422
4738881,17.939,18.5895,424,2566680,0.214832,0.1,1,77966,77542,424
4792541,1.99905,5.45931,426,2594420,0.0998488,0.08,1,78160,77734,426
4795461,1.99962,2.18372,428,2595880,0.20194,0.08,1,78162,77734,428
4805641,1.91359,4.7359,427,2601720,0.220306,0.24,1,78173,77746,427
4808561,1.96544,1.89436,429,2603180,0.202122,0.24,1,78175,77746,429
4816881,2.14179,1.80124,428,2607560,0.0916558,0.19,1,78181,77753,428
4819361,1.45672,0.720496,429,2609020,0.0606623,0.22,1,78182,77753,429
4827481,7.86923,8.78211,428,2613400,0.217002,0.17,1,78209,77781,428
4829761,3.74769,3.51284,429,2614860,0.230801,0,1,78210,77781,429
4846641,4.61068,2.92664,429,2623620,0.0742337,0,1,78306,77877,429
4849561,3.04427,1.17066,431,2625080,0.0296935,0,1,78308,77877,431
4852021,6.01771,0.468263,439,2626540,0.0898774,0.24,1,78316,77877,439
4854941,3.60708,8.58731,427,2628000,0.083951,0.24,1,78318,77891,427
4863061,2.77485,2.94959,430,2632380,0.0980129,0.18,1,78331,77901,430
4865541,41.9099,1.17983,498,2633840,0.0632051,0.27,1,78399,77901,498
4868461,17.964,44.8719,426,2635300,0.0252821,0.27,1,78401,77975,426
4871381,8.38559,17.9488,428,2636760,0.0101128,0.27,1,78403,77975,428
4882821,3.50747,3.57949,434,2642600,0.0689949,0.32,1,78422,77988,434
4885741,2.60299,1.4318,436,2644060,0.027598,0.32,1,78424,77988,436
4903841,2.33952,1.32638,430,2654280,0.0803642,0.24,1,78581,78151,430
4917121,1.36508,0.685582,431,2661580,0.234093,0.29,1,78589,78158,431
4920041,1.74603,2.07423,430,2663040,0.231637,0.29,1,78591,78161,430
4922961,1.89841,0.829693,432,2664500,0.206655,0.29,1,78593,78161,432
4930661,1.8975,2.6931,426,2668880,0.237146,0.26,1,78598,78172,426
4933581,1.959,1.07724,428,2670340,0.244858,0.26,1,78600,78172,428
4935221,1.3836,0.430896,429,2671800,0.235943,0.17,1,78601,78172,429
4938141,1.75344,2.57236,427,2673260,0.202377,0.17,1,78603,78176,427
4940421,4.30138,1.02894,433,2674720,0.248951,0.17,1,78609,78176,433
4943341,2.92055,4.61158,428,2676180,0.24358,0.17,1,78611,78183,428
4946261,2.36822,1.84463,430,2677640,0.211432,0.17,1,78613,78183,430
4949181,2.14729,0.737852,432,2679100,0.228573,0.17,1,78615,78183,432
4959981,4.57657,10.8189,426,2684940,0.217915,0.11,1,78648,78222,426
4962261,10.2306,4.32756,440,2686400,0.267166,0.09,1,78662,78222,440
4965181,5.29225,9.53102,429,2687860,0.256866,0.09,1,78664,78235,429
4967461,39.9169,3.81241,492,2689320,0.258747,0.14,1,78727,78235,492
4982641,3.73374,5.33478,427,2698080,0.0658061,0.19,1,78744,78317,427
4985561,3.8935,5.73391,425,2699540,0.0623224,0.19,1,78748,78323,425
4987221,9.3574,2.29357,438,2701000,0.078929,0.1,1,78761,78323,438
5004301,4.64134,7.21784,427,2709760,0.204402,0.21,1,78841,78414,427
5013841,1.77482,1.14478,432,2715600,0.0951847,0.25,1,78856,78424,432
5018841,87.404,88.6232,428,2718520,0.23963,0.11,1,79006,78578,428
5021761,36.1616,35.4493,430,2719980,0.245852,0.11,1,79008,78578,430
5024681,15.6646,14.1797,432,2721440,0.230341,0.11,1,79010,78578,432
5027601,7.46585,5.67188,434,2722900,0.242136,0.11,1,79012,78578,434
5029861,3.58634,2.26875,435,2724360,0.276855,0.16,1,79013,78578,435
5032781,2.63454,6.3075,428,2725820,0.266742,0.16,1,79015,78587,428
5035701,2.25381,2.523,430,2727280,0.238697,0.16,1,79017,78587,430
5038621,2.10153,1.0092,432,2728740,0.245479,0.16,1,79019,78587,432
5041541,2.04061,0.40368,434,2730200,0.218191,0.16,1,79021,78587,434
5051701,1.36264,0.586334,434,2736040,0.0825777,0.31,1,79027,78593,434
5054621,1.74506,2.63453,432,2737500,0.0450311,0.31,1,79029,78597,432
5065841,1.89747,1.50744,433,2743340,0.212689,0.25,1,79036,78603,433
5073341,1.75344,4.48848,429,2747720,0.216652,0.21,1,79041,78612,429
5078541,2.92055,4.31816,431,2750640,0.223064,0.22,1,79049,78618,431
5093721,7.50611,13.331,424,2759400,0.222912,0.22,1,79095,78671,424
5096001,3.60244,5.33239,425,2760860,0.233165,0.09,1,79096,78671,425
5098921,41.041,42.933,423,2762320,0.249266,0.09,1,79162,78739,423
5101841,17.6164,17.1732,425,2763780,0.231706,0.09,1,79164,78739,425
5104761,8.24656,6.86927,427,2765240,0.200683,0.09,1,79166,78739,427
5112861,4.43978,7.63963,428,2769620,0.0766837,0.21,1,79179,78751,428
5115761,2.97591,3.05585,430,2771080,0.0906735,0.09,1,79181,78751,430
5121601,6.23615,5.76894,429,2774000,0.217308,0.09,1,79202,78773,429
5124081,3.09446,2.30757,430,2775460,0.206923,0.25,1,79203,78773,430
5134481,4.43282,5.47347,423,2781300,0.0659692,0.06,1,79274,78851,423
5137401,8.97313,8.18939,425,2782760,0.0263877,0.06,1,79286,78861,425
5140321,4.78925,3.27576,427,2784220,0.0225551,0.06,1,79288,78861,427
5143241,3.1157,1.3103,429,2785680,0.00902203,0.06,1,79290,78861,429
5144881,1.84628,0.524121,430,2787140,0.00360881,0.12,1,79291,78861,430
5164481,2.88203,0.945806,432,2797360,0.212901,0.25,1,79451,79019,432
5166721,1.75281,0.378322,433,2798820,0.22916,0.13,1,79452,79019,433
5169641,1.90112,3.15133,430,2800280,0.211664,0.13,1,79454,79024,430
5181301,1.99747,1.28067,433,2806120,0.0542826,0.02,1,79462,79029,433
5195461,1.98461,0.358714,433,2813420,0.0842871,0.19,1,79471,79038,433
5204181,1.99902,2.66296,428,2817800,0.201954,0.27,1,79477,79049,428
5206241,1.39961,1.06518,429,2819260,0.206782,0.3,1,79478,79049,429
5209161,6.55984,7.62607,427,2820720,0.0947127,0.3,1,79488,79061,427
5218941,5.62073,9.74723,432,2826560,0.212425,0.28,1,79519,79087,432
5229961,42.7247,47.0975,424,2832400,0.0852141,0.11,1,79600,79176,424
5241401,4.31935,5.4057,429,2838240,0.0780215,0.06,1,79612,79183,429
5244321,4.12774,2.16228,433,2839700,0.0552086,0.06,1,79616,79183,433
5268441,4.08651,5.42126,427,2852840,0.0591096,0,1,79718,79291,427
5271361,2.8346,2.1685,429,2854300,0.0236439,0,1,79720,79291,429
5273841,1.73384,0.867401,430,2855760,0.00945754,0.15,1,79721,79291,430
5276761,6.69354,8.74696,426,2857220,0.063783,0.15,1,79731,79305,426
5282381,36.351,89.5995,423,2860140,0.251405,0.24,1,79875,79452,423
5285301,15.7404,35.8398,425,2861600,0.274562,0.24,1,79877,79452,425
5288221,7.49615,14.3359,427,2863060,0.259825,0.24,1,79879,79452,427
5291141,4.19846,5.73437,429,2864520,0.24793,0.24,1,79881,79452,429
5294061,2.87938,2.29375,431,2865980,0.213172,0.24,1,79883,79452,431
5316501,1.99959,0.986079,432,2877660,0.291867,0.16,1,79898,79466,432
5321901,2.23993,8.55777,423,2880580,0.277099,0.17,1,79903,79480,423
5324821,2.09597,3.42311,425,2882040,0.24284,0.17,1,79905,79480,425
5327741,2.03839,1.36924,427,2883500,0.205136,0.17,1,79907,79480,427
5338741,3.20098,0.0350526,437,2889340,0.260227,0.26,1,79917,79480,437
5340821,4.88039,6.61402,432,2890800,0.278091,0.14,1,79923,79491,432
5342901,11.5522,9.24561,437,2892260,0.279236,0.11,1,79939,79502,437
5344561,5.22086,6.69824,433,2893720,0.267695,0.13,1,79940,79507,433
5347481,13.4883,16.4793,429,2895180,0.239078,0.13,1,79959,79530,429
5350401,6.59534,6.59172,431,2896640,0.203631,0.13,1,79961,79530,431
5363921,16.4413,16.3299,430,2903940,0.0995828,0.14,1,80037,79607,430
5366401,7.17652,6.53196,431,2905400,0.0758331,0.1,1,80038,79607,431
5390541,18.7286,44.9764,426,2920000,0.218915,0.08,1,80141,79715,426
5393461,8.69145,17.9906,428,2921460,0.231566,0.08,1,80143,79715,428
5396381,4.67658,7.19622,430,2922920,0.212626,0.08,1,80145,79715,430
5400941,2.90825,8.9514,423,2925840,0.20082,0.17,1,80151,79728,423
5408421,94.9381,5.37289,577,2930220,0.0766925,0.13,1,80313,79736,577
5411341,39.1753,92.1492,429,2931680,0.030677,0.13,1,80315,79886,429
5414261,16.8701,36.8597,431,2933140,0.0122708,0.13,1,80317,79886,431
5417181,7.94804,14.7439,433,2934600,0.00490832,0.13,1,80319,79886,433
5431101,1.82091,7.35098,430,2941900,0.236306,0.38,1,80328,79898,430
5434021,1.92836,2.94039,432,2943360,0.238523,0.38,1,80330,79898,432
5436941,1.97135,1.17616,434,2944820,0.299409,0.38,1,80332,79898,434
5439861,1.98854,0.470462,436,2946280,0.293764,0.38,1,80334,79898,436
5442781,1.99542,0.188185,438,2947740,0.267505,0.38,1,80336,79898,438
5444401,1.39817,0.075274,439,2949200,0.245002,0.41,1,80337,79898,439
5447321,1.75927,6.03011,431,2950660,0.212001,0.41,1,80339,79908,431
5453161,1.96148,0.964817,435,2953580,0.27752,0.41,1,80343,79908,435
5456081,1.98459,0.385927,437,2955040,0.297008,0.41,1,80345,79908,437
5457921,1.39384,0.154371,438,2956500,0.292803,0.27,1,80346,79908,438
5460841,1.75753,4.26175,433,2957960,0.261121,0.27,1,80348,79915,433
5463761,1.90301,1.7047,435,2959420,0.224449,0.27,1,80350,79915,435
5468741,5.58448,0.272752,445,2962340,0.266312,0.27,1,80360,79915,445
5471441,3.43379,5.5091,438,2963800,0.274525,0.26,1,80362,79924,438
5474361,4.37352,13.6036,424,2965260,0.21781,0.26,1,80367,79943,424
5477061,19.1494,5.44146,453,2966720,0.261124,0.26,1,80396,79943,453
5479981,8.85976,17.1766,430,2968180,0.25445,0.26,1,80398,79968,430
5482901,4.7439,6.87063,432,2969640,0.22778,0.26,1,80400,79968,432
5485381,2.49756,2.74825,433,2971100,0.205112,0.27,1,80401,79968,433
5488301,2.19902,7.0993,425,2972560,0.244045,0.27,1,80403,79978,425
5493501,17.3918,40.1359,428,2975480,0.420647,0.21,1,80471,80043,428
5496421,8.15674,16.0544,430,2976940,0.408259,0.21,1,80473,80043,430
5509301,11.2646,9.1404,438,2984240,0.412526,0.16,1,80501,80063,438
5512221,5.70586,9.65616,430,2985700,0.41701,0.16,1,80503,80073,430
5538421,98.8159,3.01127,586,3000300,0.216085,0.2,1,80751,80165,586
5541341,40.7264,94.8045,432,3001760,0.0864338,0.2,1,80753,80321,432
5544261,17.4905,37.9218,434,3003220,0.0345735,0.2,1,80755,80321,434
5548821,3.87849,6.06749,437,3006140,0.211932,0.34,1,80758,80321,437
5551741,2.75139,9.027,428,3007600,0.204773,0.34,1,80760,80332,428
5563421,2.01924,0.231091,436,3013440,0.0661062,0.34,1,80768,80332,436
5570881,1.90523,3.85479,425,3017820,0.0973508,0.24,1,80773,80348,425
5573801,1.96209,1.54192,427,3019280,0.0629403,0.24,1,80775,80348,427
5579641,1.99393,0.246706,431,3022200,0.23567,0.24,1,80779,80348,431
5582561,1.99757,0.0986826,433,3023660,0.226268,0.24,1,80781,80348,433
5590421,4.39984,0.00631568,443,3028040,0.269361,0.32,1,80791,80348,443
5593341,2.95994,7.20253,433,3029500,0.281744,0.32,1,80793,80360,433
5596261,2.38398,2.88101,435,3030960,0.262698,0.32,1,80795,80360,435
5598741,2.15359,1.1524,437,3032420,0.231079,0.32,1,80797,80360,437
5607481,20.0098,22.1298,427,3036800,0.224309,0.21,1,80833,80406,427
5610401,9.20393,8.8519,429,3038260,0.227724,0.21,1,80835,80406,429
5613321,4.88157,3.54076,431,3039720,0.205089,0.21,1,80837,80406,431
5622041,45.9844,44.0266,437,3044100,0.275926,0.45,1,80916,80479,437
5627881,9.03751,7.04426,441,3047020,0.297348,0.45,1,80920,80479,441
5636181,2.4504,0.450832,447,3051400,0.28903,0.4,1,80926,80479,447
5637841,1.58016,4.98033,440,3052860,0.265612,0.35,1,80927,80487,440
5652001,19.8594,19.0628,439,3060160,0.249603,0.43,1,81023,80584,439
5654921,9.14375,7.62514,441,3061620,0.201841,0.43,1,81025,80584,441
5674261,16.5384,41.4749,426,3071840,0.295652,0.08,1,81192,80766,426
5677181,7.81537,16.59,428,3073300,0.256261,0.08,1,81194,80766,428
5680101,4.32615,6.63598,430,3074760,0.210504,0.08,1,81196,80766,430
5683021,2.93046,2.65439,432,3076220,0.222202,0.08,1,81198,80766,432
5685941,2.37218,1.06176,434,3077680,0.202881,0.08,1,81200,80766,434
5690681,1.81955,6.16988,427,3080600,0.241261,0.31,1,81203,80776,427
5693601,1.92782,2.46795,429,3082060,0.240504,0.31,1,81205,80776,429
5696521,1.97113,0.987181,431,3083520,0.222202,0.31,1,81207,80776,431
5702361,1.99538,0.157949,435,3086440,0.286352,0.31,1,81211,80776,435
5707321,1.75926,2.42527,434,3089360,0.299016,0.24,1,81214,80780,434
5710241,1.9037,0.970109,436,3090820,0.269607,0.24,1,81216,80780,436
5712101,1.36148,0.388043,437,3092280,0.245843,0.34,1,81217,80780,437
5715021,1.74459,6.75522,428,3093740,0.218337,0.34,1,81219,80791,428
5720421,4.35913,1.08083,436,3096660,0.259334,0.29,1,81227,80791,436
5731261,2.06039,1.16047,431,3102500,0.291615,0.31,1,81235,80804,431
5734181,2.02416,0.464188,433,3103960,0.254646,0.31,1,81237,80804,433
5737061,19.4097,0.185675,464,3105420,0.263858,0.09,1,81268,80804,464
5739981,8.96386,22.8743,428,3106880,0.237543,0.09,1,81270,80842,428
5751621,50.1783,0.585581,516,3112720,0.439569,0.31,1,81358,80842,516
5760381,5.08341,7.90948,440,3117100,0.438532,0.31,1,81364,80924,440
5763061,3.23336,3.16379,442,3118560,0.403413,0.39,1,81366,80924,442
5765981,2.49335,4.26552,439,3120020,0.413365,0.39,1,81368,80929,439
5771801,6.87894,10.2825,435,3122940,0.421338,0.39,1,81380,80945,435
5774081,3.35157,4.11299,436,3124400,0.420535,0.32,1,81381,80945,436
5777001,6.14063,7.6452,434,3125860,0.432214,0.32,1,81389,80955,434
5784501,9.177,18.0093,439,3130240,0.420302,0.43,1,81467,81028,439
5790101,4.34832,2.88149,445,3133160,0.429648,0.37,1,81473,81028,445
5793021,3.53933,5.35259,441,3134620,0.417859,0.37,1,81476,81035,441
5799881,90.6585,96.4626,429,3139000,0.284263,0.19,1,81629,81200,429
5802801,37.4634,38.585,431,3140460,0.425705,0.19,1,81631,81200,431
5808641,7.67414,6.1736,435,3143380,0.441313,0.19,1,81635,81200,435
5822361,2.0197,1.21522,432,3150680,0.443335,0.33,1,81644,81212,432
5825281,2.00788,0.486087,434,3152140,0.405334,0.33,1,81646,81212,434
5833361,1.4005,0.0311096,439,3156520,0.281781,0.22,1,81651,81212,439
5836281,1.7602,3.61244,435,3157980,0.424713,0.22,1,81653,81218,435
5850021,1.90154,2.67699,433,3165280,0.43609,0.39,1,81662,81229,433
5852501,6.16062,1.0708,442,3166740,0.414436,0.26,1,81671,81229,442
5861261,2.26628,1.22053,436,3171120,0.419884,0.26,1,81677,81241,436
5864181,2.10651,0.488212,438,3172580,0.431954,0.26,1,81679,81241,438
5866021,18.8426,0.195285,468,3174040,0.412781,0.35,1,81709,81241,468
5894121,2.90801,2.21047,443,3188640,0.412102,0.54,1,81815,81372,443
6033481,2.59545,1.62528,447,3263100,0.944313,0.6,2,82280,81833,447
6038241,11.0953,9.26004,451,3266020,0.93589,0.69,2,82299,81848,451
6041161,44.6381,48.104,444,3267480,0.914356,0.69,2,82366,81922,444
6049921,4.72884,3.07866,450,3271860,0.929239,0.69,2,82372,81922,450
6056961,4.71865,3.55703,452,3276240,0.789791,0.59,2,82388,81936,452
6059881,88.8875,92.0228,446,3277700,0.915917,0.59,2,82533,82087,446
6062801,36.755,36.8091,448,3279160,0.942367,0.59,2,82535,82087,448
6065721,15.902,14.7236,450,3280620,0.928947,0.59,2,82537,82087,450
6084861,1.98438,1.08012,452,3290840,0.930824,0.76,2,82550,82098,452
6098581,1.90384,2.65106,450,3298140,0.930335,0.75,2,82559,82109,450
6109801,1.75754,2.46787,453,3303980,0.787305,0.67,2,82566,82113,453
6111461,1.30302,0.987147,454,3305440,0.758922,0.73,2,82567,82113,454
6113121,1.12121,4.59486,448,3306900,0.903569,0.71,2,82568,82120,448
6116041,1.64848,3.63794,447,3308360,0.937428,0.71,2,82570,82123,447
6118321,1.25939,1.45518,448,3309820,0.938971,0.6,2,82571,82123,448
6121241,6.50376,5.38207,450,3311280,0.921588,0.6,2,82581,82131,450
6127061,19.5206,0.861131,482,3314200,0.791854,0.68,2,82613,82131,482
6138741,2.44853,1.28924,457,3320040,0.921423,0.68,2,82621,82164,457
6376241,3.51195,0.0809855,509,3448520,0.937029,1,2,83551,83042,509
6523921,170.924,176.524,466,62324,0.211583,0.17,1,84151,83685,466
6526841,268.17,295.61,424,62358,0.0846334,0.17,1,84484,84060,424
6529761,108.468,118.244,426,62392,0.0338534,0.17,1,84486,84060,426
6532681,44.5871,47.2976,428,62426,0.0135413,0.17,1,84488,84060,428
6535601,19.0349,18.919,430,62460,0.00541654,0.17,1,84490,84060,430
6538521,8.81394,7.56761,432,62494,0.00216661,0.17,1,84492,84060,432
6541441,4.72558,3.02704,434,62528,0.000866646,0.17,1,84494,84060,434
6544361,3.09023,1.21082,436,62562,0.00634666,0.17,1,84496,84060,436
6547281,2.43609,0.484327,438,62596,0.00853866,0.17,1,84498,84060,438
6550201,2.17444,0.193731,440,62630,0.00941547,0.17,1,84500,84060,440
6553121,2.06977,0.0774923,442,62664,0.00976619,0.17,1,84502,84060,442
6556041,2.02791,0.0309969,444,62698,0.00990647,0.17,1,84504,84060,444
6558961,2.01116,0.0123988,446,62731,0.00996259,0.17,1,84506,84060,446
6561881,2.00447,0.00495951,448,62764,0.00998504,0.17,1,84508,84060,448
6564801,2.00179,0.0019838,450,62797,0.00999401,0.17,1,84510,84060,450
6567721,2.00071,0.000793521,452,62830,0.00999761,0.17,1,84512,84060,452
6570641,2.00029,0.000317408,454,62863,0.00999904,0.17,1,84514,84060,454
6573561,2.00011,0.000126963,456,62896,0.00999962,0.17,1,84516,84060,456
6576481,2.00005,5.07853e-05,458,62929,0.00999985,0.17,1,84518,84060,458
6579401,2.00002,2.03141e-05,460,62962,0.0219999,0.17,1,84520,84060,460
6582321,2.00001,8.12565e-06,462,62995,0.0268,0.17,1,84522,84060,462
6585241,30.8,3.25026e-06,512,63028,0.02272,0,1,84572,84060,512
6596921,15.4861,18.1536,422,63160,0.0809336,0,1,84912,84490,422
6599841,7.39443,8.46144,422,63193,0.0443734,0,1,84914,84492,422
6602761,4.15777,4.58458,422,63226,0.0177494,0.01,1,84916,84494,422
6605681,2.86311,3.03383,422,63259,0.0130998,0.01,1,84918,84496,422
6608601,2.34524,2.41353,422,63292,0.0112399,0.01,1,84920,84498,422
6611521,2.1381,2.16541,422,63325,0.010496,0.01,1,84922,84500,422
6614441,2.05524,2.06617,422,63358,0.0101984,0.01,1,84924,84502,422
6617361,2.0221,2.02647,422,63391,0.0100794,0.01,1,84926,84504,422
6620281,2.00884,2.01059,422,63424,0.0100317,0.01,1,84928,84506,422
6623201,2.00354,2.00423,422,63457,0.0100127,0.01,1,84930,84508,422
6626121,2.00141,0.801694,424,63490,0.0100051,0.01,1,84932,84508,424
6629041,2.00057,1.52068,424,63523,0.010002,0.01,1,84934,84510,424
6631961,2.00023,1.80827,424,63556,0.0100008,0.01,1,84936,84512,424
6634881,2.00009,1.92331,424,63589,0.0100003,0.01,1,84938,84514,424
6637801,2.00004,1.96932,424,63622,0.0100001,0.01,1,84940,84516,424
6640721,2.00001,1.98773,424,63655,0.0100001,0.03,1,84942,84518,424
6643641,2.00001,1.99509,424,63688,0.01,0.03,1,84944,84520,424
6646561,30.2,1.99804,471,63721,0.00400001,0.02,1,84993,84522,471
6648021,132.68,30.7992,622,63754,0.0016,0.18,1,85194,84572,622
6650941,133.472,212.72,422,63787,0.08464,0.14,1,85328,84906,422
6653861,54.5888,86.2879,422,63820,0.093856,0.1,1,85330,84908,422
6668461,2.53851,2.86311,422,63985,0.0894347,0.01,1,85340,84918,422
6709341,30.2,30.2,422,64447,0.0968024,0,1,85415,84993,422
6721021,16.6419,23.0355,431,64579,0.23571,0.17,1,85763,85332,431
6723941,7.85677,10.4142,431,64612,0.232284,0.12,1,85765,85334,431
6726861,4.34271,5.36568,431,64644,0.230914,0.08,1,85767,85336,431
6729781,2.93708,3.34627,431,64676,0.224365,0.08,1,85769,85338,431
6735621,2.14993,2.2154,431,64740,0.247098,0.18,1,85773,85342,431
6738541,2.05997,2.08616,431,64772,0.260839,0.18,1,85775,85344,431
6741461,2.02399,2.03446,431,64804,0.266336,0.18,1,85777,85346,431
6744381,2.0096,2.01379,431,64836,0.262534,0.18,1,85779,85348,431
6747301,2.00384,2.00551,431,64868,0.261014,0.17,1,85781,85350,431
6750221,2.00154,2.00221,431,64900,0.260405,0.17,1,85783,85352,431
6753141,2.00061,2.00088,431,64932,0.260162,0.17,1,85785,85354,431
6756061,2.00025,2.00035,431,64964,0.254065,0.17,1,85787,85356,431
6758981,2.0001,2.00014,431,64996,0.251626,0.17,1,85789,85358,431
6761901,2.00004,2.00006,431,65028,0.25065,0.17,1,85791,85360,431
6764821,2.00002,2.00002,431,65060,0.25026,0.17,1,85793,85362,431
6767741,2.00001,2.00001,431,65092,0.250104,0.19,1,85795,85364,431
6770661,2,2,431,65124,0.250042,0.04,1,85797,85366,431
6776501,218.72,214.28,433,65188,0.0400067,0.12,1,86185,85752,433
6788181,8.84403,7.85677,434,65316,0.20872,0.23,1,86199,85765,434
6791101,4.73761,4.34271,434,65348,0.251488,0.22,1,86201,85767,434
6794021,3.09504,2.93708,434,65380,0.274595,0.18,1,86203,85769,434
6796941,2.43802,2.37483,434,65412,0.259838,0.28,1,86205,85771,434
6799861,2.17521,2.14993,434,65444,0.229935,0.27,1,86207,85773,434
6802781,2.07008,2.05997,434,65476,0.217974,0.27,1,86209,85775,434
6805701,2.02803,2.02399,434,65508,0.21319,0.26,1,86211,85777,434
6808621,2.01121,2.0096,434,65540,0.259276,0.26,1,86213,85779,434
6811541,2.00449,2.00384,434,65572,0.27771,0.26,1,86215,85781,434
6814461,2.00179,2.00154,434,65604,0.285084,0.26,1,86217,85783,434
6817381,2.00072,2.00061,434,65636,0.294034,0.25,1,86219,85785,434
6820301,2.00029,2.00025,434,65668,0.297613,0.25,1,86221,85787,434
6831981,2.00001,2.00001,434,65796,0.295283,0.25,1,86229,85795,434
6834901,2,2,434,65828,0.292113,0,1,86231,85797,434
6843661,88.496,88.688,426,65924,0.0870952,0.18,1,86613,86187,426
6852421,9.11974,8.84403,432,66020,0.0958141,0.28,1,86631,86199,432
6855341,6.0479,4.73761,434,66052,0.0563256,0.29,1,86635,86201,434
6869941,2.07217,2.02803,436,66212,0.0995432,0.29,1,86647,86211,436
6872861,2.02887,2.01121,436,66244,0.0698173,0.29,1,86649,86213,436
6912281,26.5866,41.9981,422,66690,0.091998,0.12,1,87046,86624,422
6921041,4.43754,6.04788,426,66783,0.0877279,0.14,1,87061,86635,426
6929801,3.068,2.45106,429,66876,0.216095,0.1,1,87072,86643,429
6932721,2.4272,2.18043,429,66907,0.206438,0.09,1,87074,86645,429
6935641,2.17088,2.07217,429,66938,0.202575,0.05,1,87076,86647,429
6947321,2.00437,2.00185,429,67062,0.21077,0.16,1,87084,86655,429
6950241,2.00175,2.00074,429,67093,0.222308,0.15,1,87086,86657,429
6953161,2.0007,2.0003,429,67124,0.226923,0.15,1,87088,86659,429
6956081,2.00028,2.00012,429,67155,0.222769,0.15,1,87090,86661,429
6959001,2.00011,2.00005,429,67186,0.221108,0.15,1,87092,86663,429
6961921,2.00004,2.00002,429,67217,0.220443,0.15,1,87094,86665,429
6964841,2.00002,2.00001,429,67248,0.214177,0.13,1,87096,86667,429
6967761,4.40001,8.6,422,67279,0.223671,0.11,1,87102,86680,422
6976521,37.1936,58.9664,432,67372,0.0971149,0.05,1,87473,87041,432
7034921,2.00001,4.40001,429,67992,0.205973,0.15,1,87531,87102,429
7037841,218,221.96,424,68023,0.202389,0.11,1,87893,87469,424
7055361,3.23494,4.42256,426,68209,0.0961723,0.14,1,87920,87494,426
7084561,2.02053,2.00269,432,68519,0.0949766,0.2,1,87951,87519,432
7087481,2.00821,2.00108,432,68550,0.0859906,0.2,1,87953,87521,432
7090401,2.00328,2.00043,432,68581,0.0763962,0.2,1,87955,87523,432
7093321,2.00131,2.00017,432,68612,0.0725585,0.2,1,87957,87525,432
7096241,2.00053,2.00007,432,68643,0.0890234,0.2,1,87959,87527,432
7099161,2.00021,2.00003,432,68674,0.0956094,0.21,1,87961,87529,432
7102081,2.00008,2.00001,432,68705,0.0982437,0.2,1,87963,87531,432
7113761,19.7552,21.296,426,68827,0.040915,0.15,1,88340,87914,426
7116681,9.10208,9.7184,426,68857,0.022366,0.11,1,88342,87916,426
7119601,4.84083,5.08736,426,68887,0.0269464,0.08,1,88344,87918,426
7122521,4.33633,3.23494,428,68917,0.0707786,0.12,1,88348,87920,428
7125441,3.53453,5.49398,424,68947,0.0763114,0.14,1,88351,87927,424
7176541,60.4641,92.7077,422,69487,0.209402,0.08,1,88752,88330,422
7188221,4.30308,4.84052,425,69607,0.0994407,0.1,1,88769,88344,425
7191141,5.92123,4.33621,428,69637,0.0577763,0.08,1,88776,88348,428
7194061,3.56849,3.53448,427,69667,0.0411105,0.14,1,88778,88351,427
7196981,6.2274,5.61379,428,69697,0.0524442,0.14,1,88786,88358,428
7199901,4.89096,3.44552,430,69727,0.0749777,0.14,1,88790,88360,430
7202821,3.15638,2.57821,430,69757,0.0599911,0.14,1,88792,88362,430
7205741,2.46255,3.43128,428,69787,0.0299964,0.1,1,88794,88366,428
7220341,2.72474,2.25466,430,69937,0.213149,0.15,1,88807,88377,430
7223261,2.28989,2.10186,430,69967,0.217259,0.15,1,88809,88379,430
7226181,2.11596,2.04075,430,69997,0.218904,0.15,1,88811,88381,430
7249541,17.1595,25.9856,431,70237,0.204775,0.12,1,89186,88755,431
7267061,6.36769,6.2274,433,70417,0.0619351,0.09,1,89219,88786,433
7269981,3.74708,4.89096,431,70447,0.024774,0.05,1,89221,88790,431
7272901,2.69883,3.15638,431,70477,0.0939096,0.01,1,89223,88792,431
7334221,9.24476,8.41923,428,71106,0.067179,0.01,1,89642,89214,428
7337141,6.6979,6.36769,428,71135,0.0388716,0,1,89647,89219,428
7340061,3.87916,3.74708,428,71164,0.0155486,0.14,1,89649,89221,428
7342981,2.75166,2.69883,428,71193,0.00621946,0.12,1,89651,89223,428
7345901,2.30067,2.87953,427,71222,0.0204878,0.15,1,89653,89226,427
7348821,3.92027,2.35181,430,71251,0.0801951,0.15,1,89658,89228,430
7383861,87.5605,87.5601,429,71599,0.0787363,0.14,1,90037,89608,429
7386781,36.2242,36.224,429,71628,0.0614945,0.13,1,90039,89610,429
7389701,16.2897,18.0896,426,71657,0.0725978,0.14,1,90042,89616,426
7392621,7.71587,8.43584,426,71686,0.0770391,0.14,1,90044,89618,426
7395541,4.28635,4.57434,426,71715,0.0488157,0.12,1,90046,89620,426
7398461,4.71454,6.02974,424,71744,0.0255263,0.12,1,90051,89627,424
7401381,3.08582,3.61189,424,71773,0.0282105,0.03,1,90053,89629,424
7404301,7.83433,9.24476,422,71802,0.0532842,0.02,1,90064,89642,422
7407221,8.53373,6.6979,426,71831,0.0213137,0,1,90073,89647,426
7410141,4.61349,3.87916,426,71860,0.0565255,0,1,90075,89649,426
7413061,3.0454,2.75166,426,71889,0.0406102,0.03,1,90077,89651,426
7415981,2.41816,2.30067,426,71918,0.0522441,0.12,1,90079,89653,426
7418901,4.56726,3.92027,427,71947,0.0268976,0.12,1,90085,89658,427
7421821,3.02691,2.76811,427,71976,0.0167591,0.11,1,90087,89660,427
7424741,4.21076,2.30724,430,72005,0.0427036,0.14,1,90092,89662,430
7427661,2.8843,3.9229,427,72034,0.0230814,0.14,1,90094,89667,427
7430581,2.35372,2.76916,427,72063,0.0272326,0.14,1,90096,89669,427
7433501,2.14149,2.30766,427,72092,0.082893,0.21,1,90098,89671,427
7436421,3.2566,2.12307,429,72121,0.0571572,0.16,1,90102,89673,429
7439341,3.10264,2.04923,430,72150,0.0648629,0.12,1,90105,89675,430
7442261,2.44106,2.01969,430,72179,0.0679452,0.12,1,90107,89677,430
7452481,135.571,211.209,425,72295,0.0851154,0.06,1,90457,90032,425
7455401,55.4285,87.4834,422,72324,0.0520462,0.05,1,90459,90037,422
7458321,23.3714,36.1934,422,72353,0.0388185,0.08,1,90461,90039,422
7470001,3.49751,4.71375,424,72469,0.207586,0.03,1,90475,90051,424
7481681,4.10234,4.61347,422,72585,0.0494262,0.03,1,90497,90075,422
7487521,4.13637,2.41816,425,72643,0.0823082,0.01,1,90504,90079,425
7496281,4.51273,4.21076,424,72730,0.0967077,0.01,1,90516,90092,424
7499201,3.00509,2.8843,424,72759,0.0806831,0.03,1,90518,90094,424
7502121,2.40204,2.35372,424,72788,0.0922732,0.12,1,90520,90096,424
7505041,3.96081,2.14149,427,72817,0.0549093,0.04,1,90525,90098,427
7507961,2.78433,3.2566,425,72846,0.0399637,0.07,1,90527,90102,425
7510881,2.31373,3.10264,424,72875,0.0339855,0.07,1,90529,90105,424
7513801,2.12549,2.44106,424,72904,0.0315942,0.14,1,90531,90107,424
7516721,2.0502,2.17642,424,72933,0.0726377,0.1,1,90533,90109,424
7519641,3.82008,2.07057,427,72962,0.0710551,0.11,1,90538,90111,427
7531321,16.053,23.3714,434,73078,0.080107,0.18,1,90895,90461,434
7537161,4.84848,6.85942,432,73136,0.219217,0.21,1,90900,90468,432
7540081,4.33939,5.74377,431,73165,0.207687,0.22,1,90904,90473,431
7543001,2.93576,3.49751,431,73194,0.203075,0.18,1,90906,90475,431
7545921,7.1743,2.599,439,73223,0.20123,0.2,1,90916,90477,439
7548841,4.06972,7.6396,430,73252,0.242492,0.05,1,90918,90488,430
7569281,2.30122,4.51273,423,73455,0.222972,0.07,1,90939,90516,423
7572201,2.12049,3.00509,423,73484,0.239189,0.1,1,90941,90518,423
7575121,5.0482,2.40204,428,73513,0.257675,0.03,1,90948,90520,428
7578041,3.21928,3.96081,425,73541,0.25907,0.03,1,90950,90525,425
7580961,2.48771,2.78433,425,73569,0.259628,0.03,1,90952,90527,425
7583881,2.19508,2.31373,425,73597,0.235851,0.03,1,90954,90529,425
7589721,3.47121,2.0502,428,73653,0.234536,0.07,1,90961,90533,428
7629141,4.61056,3.28586,434,74045,0.0659206,0.1,1,91360,90926,434
7637901,3.60708,3.8823,434,74129,0.0944589,0.18,1,91369,90935,434
7667101,140.492,215.588,425,74409,0.0641439,0.16,1,91743,91318,425
7690461,5.09568,3.71054,428,74633,0.200216,0.11,1,91769,91341,428
7693381,3.23827,2.68421,428,74661,0.212086,0.12,1,91771,91343,428
7702141,4.64725,4.61179,428,74745,0.0438135,0.14,1,91788,91360,428
7713821,2.25977,2.64286,427,74857,0.0994256,0.16,1,91798,91371,427
7716741,2.10391,2.25714,427,74885,0.0937702,0.17,1,91800,91373,427
7725501,2.43865,3.21646,425,74969,0.202561,0.2,1,91809,91384,425
7728421,2.17546,2.48658,425,74997,0.219025,0.16,1,91811,91386,425
7734261,3.22807,2.07785,430,75053,0.211444,0.15,1,91820,91390,430
7757621,2.64666,2.56726,432,75277,0.0973784,0.1,1,92190,91758,432
7760541,2.25866,2.22691,432,75305,0.0569514,0.21,1,92192,91760,432
7778061,2.42346,4.64573,427,75473,0.0871421,0.16,1,92215,91788,427
7810181,116.983,3.22807,622,75781,0.0711914,0.03,1,92442,91820,622
7883181,114.098,2.95713,615,76469,0.282822,0.01,1,92864,92249,615
7912381,2.3605,2.13931,453,76739,0.273403,0.47,1,93077,92624,453
7915301,2.1442,2.05572,453,76766,0.229361,0.64,1,93079,92626,453
7918221,5.05768,7.42229,449,76793,0.289745,0.59,1,93086,92637,449
7926981,2.19569,2.94703,448,76874,0.294064,0.58,1,93092,92644,448
7929901,3.27828,4.77881,446,76901,0.237625,0.58,1,93096,92650,446
7944501,3.88989,2.22045,452,77036,0.295166,0.63,1,93114,92662,452
7962021,154.792,152.439,438,77198,0.248027,0.39,1,93480,93042,438
7964941,64.3167,64.5756,436,77225,0.267211,0.38,1,93484,93048,436
7967861,28.7267,27.0302,439,77252,0.262884,0.27,1,93489,93050,439
7970781,12.6907,15.0121,434,77279,0.267154,0.38,1,93491,93057,434
7973701,7.47627,7.20484,436,77306,0.238861,0.38,1,93495,93059,436
7982461,4.36648,4.25311,437,77387,0.221207,0.29,1,93510,93073,437
7985381,2.94659,2.90124,437,77414,0.232483,0.25,1,93512,93075,437
7988301,2.37864,2.3605,437,77441,0.212993,0.2,1,93514,93077,437
7994141,2.06058,5.05768,432,77495,0.234479,0.32,1,93518,93086,432
7997061,2.02423,3.22307,432,77522,0.267792,0.32,1,93520,93088,432
7999981,6.20969,2.48923,439,77549,0.287117,0.28,1,93529,93090,439
8002901,3.68388,2.19569,439,77576,0.294847,0.2,1,93531,93092,439
8005821,2.67355,3.27828,437,77603,0.279939,0.38,1,93533,93096,437
8008741,2.86942,5.51131,433,77630,0.237975,0.34,1,93536,93103,433
8014581,4.41911,2.56181,438,77684,0.258876,0.33,1,93545,93107,438
8017501,2.96764,2.22472,438,77711,0.28355,0.27,1,93547,93109,438
8020421,2.38706,3.88989,435,77738,0.28742,0.38,1,93549,93114,435
8023341,2.75482,2.75596,436,77765,0.282968,0.37,1,93552,93116,436
8026261,2.30193,2.30238,436,77792,0.257187,0.3,1,93554,93118,436
8035021,98.4993,95.9794,436,77873,0.2603,0.19,1,93722,93286,436
8037941,154.6,154.792,434,77900,0.23612,0.28,1,93914,93480,434
8040861,63.0399,64.3167,432,77927,0.202448,0.26,1,93916,93484,432
8049621,5.90655,7.47627,427,78008,0.243837,0.17,1,93922,93495,427
8052541,3.56262,4.79051,426,78035,0.241535,0.09,1,93924,93498,426
8058381,6.33002,3.16648,437,78089,0.204246,0.28,1,93945,93508,437
8061301,3.73201,2.46659,437,78116,0.201698,0.24,1,93947,93510,437
8075901,2.01774,2.00478,437,78251,0.204011,0.3,1,93957,93520,437
8078821,2.00709,6.20191,430,78278,0.213604,0.3,1,93959,93529,430
8081741,2.60284,3.68076,431,78305,0.229442,0.27,1,93962,93531,431
8084661,5.84114,2.67231,437,78332,0.241777,0.21,1,93970,93533,437
8087581,4.13645,2.86892,437,78359,0.234711,0.17,1,93973,93536,437
8099261,2.47709,2.38704,437,78467,0.0847766,0.28,1,93986,93549,437
8102181,2.19084,2.75482,436,78494,0.0759106,0.24,1,93988,93552,436
8110941,97.6522,3.24831,594,78575,0.259258,0.22,1,94154,93560,594
8113861,154.261,98.4993,624,78602,0.223703,0.22,1,94346,93722,624
8116781,62.9044,154.6,434,78629,0.263481,0.18,1,94348,93914,434
8119701,26.3617,63.0399,434,78656,0.273393,0.18,1,94350,93916,434
8122621,11.7447,26.416,434,78683,0.253357,0.19,1,94352,93918,434
8125541,5.89788,11.7664,434,78710,0.221343,0.28,1,94354,93920,434
8128461,3.55915,5.90655,434,78737,0.208537,0.24,1,94356,93922,434
8131381,8.02366,3.56262,443,78764,0.251415,0.09,1,94367,93924,443
8137221,4.88379,6.33002,434,78818,0.0990264,0.2,1,94379,93945,434
8154741,2.01181,2.01774,434,78979,0.241498,0.22,1,94391,93957,434
8157661,2.00472,2.00709,434,79005,0.252599,0.24,1,94393,93959,434
8160581,2.00189,2.60284,433,79031,0.25704,0.25,1,94395,93962,433
8163501,2.00076,5.84114,427,79057,0.258816,0.23,1,94397,93970,427
8166421,2.6003,4.13645,427,79083,0.271526,0.17,1,94400,93973,427
8169341,7.04012,3.45458,434,79109,0.246611,0.09,1,94410,93976,434
8172261,4.01605,4.98183,430,79135,0.236644,0.09,1,94412,93982,430
8175181,2.80642,3.19273,430,79161,0.208658,0.07,1,94414,93984,430
8181021,5.12903,2.19084,435,79213,0.213385,0.2,1,94423,93988,435
8183941,3.85161,2.07633,436,79239,0.247354,0.18,1,94426,93990,436
8186861,99.9406,2.63053,597,79265,0.254942,0.32,1,94590,93993,597
8213141,8.47646,9.20946,434,79499,0.271446,0.07,1,94811,94377,434
8216061,4.59058,4.88379,434,79525,0.228579,0.22,1,94813,94379,434
8224821,2.1658,2.18456,434,79603,0.276229,0.1,1,94819,94385,434
8254021,3.96802,2.80642,435,79863,0.284441,0.15,1,94849,94414,435
8256941,2.78721,2.32257,435,79889,0.239776,0.24,1,94851,94416,435
8262781,2.12595,3.85161,429,79941,0.271164,0.26,1,94855,94426,429
8268621,153.7,151.576,436,79993,0.282186,0.38,1,95212,94776,436
8300741,2.79181,2.41449,438,80279,0.293468,0.26,1,95255,94817,438
8303661,2.31672,2.1658,438,80305,0.249387,0.33,1,95257,94819,438
8306581,2.12669,2.06632,438,80331,0.231755,0.33,1,95259,94821,438
8309501,2.05068,2.02653,438,80357,0.224702,0.33,1,95261,94823,438
8329941,6.20008,3.92004,437,80539,0.411264,0.25,1,95282,94845,437
8332861,3.68003,3.96802,435,80565,0.410506,0.21,1,95284,94849,435
8341621,3.30752,2.12595,437,80643,0.290992,0.37,1,95292,94855,437
8347461,152.929,153.7,439,80695,0.285359,0.36,1,95651,95212,439
8350381,62.9717,62.6801,440,80721,0.270144,0.33,1,95654,95214,440
8388341,2.39736,1.85868,442,81059,0.294225,0.22,1,95701,95259,442
8411701,2.00026,6.19991,435,81267,0.405856,0.41,1,95717,95282,435
8414621,2.6001,3.67996,436,81293,0.420342,0.37,1,95720,95284,436
8417541,5.84004,2.67199,442,81319,0.420137,0.33,1,95728,95286,442
8423381,106.414,3.30752,613,81371,0.434422,0.32,1,95905,95292,613
8429221,62.8663,152.929,439,81423,0.401908,0.26,1,96090,95651,439
8432141,28.1465,62.9717,441,81449,0.400763,0.37,1,96095,95654,441
8437981,6.78344,11.7555,442,81501,0.433722,0.31,1,96100,95658,442
8440901,5.11338,7.70219,441,81527,0.401489,0.39,1,96104,95663,441
8446741,2.49814,3.63235,438,81579,0.425438,0.38,1,96108,95670,438
8449661,3.99926,2.65294,441,81605,0.404175,0.36,1,96113,95672,441
8455501,2.31988,3.30447,436,81657,0.446268,0.36,1,96117,95681,436
8458421,9.32795,2.52179,448,81683,0.424507,0.39,1,96131,95683,448
8473021,3.03504,2.15894,442,81813,0.411742,0.33,1,96145,95703,442
8475941,2.41402,2.06358,442,81839,0.440697,0.33,1,96147,95705,442
8481781,2.06624,2.01017,442,81891,0.438911,0.33,1,96151,95709,442
8484701,2.0265,2.00407,442,81917,0.409565,0.42,1,96153,95711,442
8487621,2.0106,2.00163,442,81943,0.439826,0.41,1,96155,95713,442
8519741,3.84283,6.78344,442,82220,0.413299,0.38,1,96542,96100,442
8522661,5.13713,5.11338,444,82245,0.41732,0.38,1,96548,96104,444
8525581,3.25485,3.24535,444,82270,0.412928,0.45,1,96550,96106,444
8528501,2.50194,2.49814,444,82295,0.411171,0.39,1,96552,96108,444
8531421,2.20078,3.99926,441,82320,0.410468,0.39,1,96554,96113,441
8534341,2.68031,2.7997,442,82345,0.422187,0.48,1,96557,96115,442
8563541,2.13268,2.06624,443,82595,0.417863,0.39,1,96594,96151,443
8566461,2.05307,2.0265,443,82620,0.401145,0.46,1,96596,96153,443
8578141,2.00136,2.60068,442,82720,0.417165,0.47,1,96604,96162,442
8581061,2.00054,2.24027,442,82745,0.424866,0.47,1,96606,96164,442
8671581,62.8163,62.192,451,83520,0.43288,0.65,1,97420,96969,451
8674501,28.1265,29.0768,449,83545,0.419152,0.6,1,97425,96976,449
8677421,12.4506,13.4307,448,83570,0.413661,0.6,1,97427,96979,448
8680341,6.18024,6.57229,448,83595,0.423464,0.55,1,97429,96981,448
8683261,4.8721,3.82892,450,83620,0.403386,0.56,1,97433,96983,450
8811741,2.34134,2.18326,449,84720,0.423008,0.58,1,97936,97487,449
8849701,3.09177,4.32053,449,85045,0.446044,0.47,1,98327,97878,449
8852621,2.43671,2.92821,449,85070,0.406417,0.59,1,98329,97880,449
9127101,3.92466,7.07235,451,87334,0.761029,0.59,2,99706,99255,451
9153381,4.18287,7.3397,449,87550,0.761985,0.54,2,99740,99291,449
9208861,2.7113,2.02913,460,88006,0.779624,0.77,2,100154,99694,460
9211781,2.28452,6.81165,452,88030,0.77385,0.77,2,100156,99704,452
9214701,2.11381,3.92466,452,88054,0.77154,0.73,2,100158,99706,452
9217621,6.84552,2.76986,460,88078,0.770616,0.64,2,100168,99708,460
9220541,3.93821,4.70795,456,88102,0.776246,0.64,2,100170,99714,456
9223461,5.77528,3.08318,461,88126,0.760499,0.76,2,100177,99716,461
9255581,107.348,106.53,460,88390,0.761954,0.72,2,100391,99931,460
9258501,141.939,144.612,455,88414,0.904782,0.67,2,100556,100101,455
9308141,3.31683,3.93821,457,88822,0.938459,0.75,2,100627,100170,457
9319821,4.02571,2.57762,458,88914,0.939913,0.74,2,100643,100185,458
9322741,4.01028,3.43105,458,88937,0.939965,0.71,2,100647,100189,458
9325661,2.80411,3.17242,457,88960,0.939986,0.76,2,100649,100192,457
9340261,2.61111,2.87025,455,89075,0.936985,0.8,2,100669,100214,455
9664381,4.09881,4.72902,479,91628,0.9412,1,2,102543,102064,479
9696501,79.3628,97.4322,466,91881,0.903997,1,2,102742,102276,466
9699421,136.745,133.173,484,91904,0.931599,1,2,102917,102433,484
9705261,29.1992,28.1477,486,91950,0.799456,1,2,102934,102448,486
9728621,5.09058,6.09519,485,92134,0.445011,1,1,102989,102504,485
9731541,3.23623,6.03807,481,92157,0.430004,1,1,102991,102510,481
9734461,2.49449,4.21523,480,92180,0.424002,1,1,102993,102513,480
9737381,3.3978,4.68609,479,92203,0.433601,1,1,102997,102518,479
9740301,3.75912,4.27444,479,92226,0.40744,1,1,103001,102522,479
9746141,3.24146,4.04391,479,92272,0.41079,1,1,103009,102530,479
9772421,7.33625,7.26882,486,92479,0.250702,1,1,103073,102587,486
9775341,5.9345,7.10753,484,92502,0.208281,1,1,103078,102594,484
9787021,72.9007,79.3628,465,92594,0.438196,0.95,1,103207,102742,465
9789941,131.16,136.745,460,92617,0.445278,0.81,1,103377,102917,460
9851261,6.62548,6.46218,446,93082,0.229755,0.36,1,103479,103033,446
9854181,6.25019,7.38487,444,93104,0.223902,0.39,1,103485,103041,444
9886301,26.6416,56.6641,450,93346,0.245715,0.55,1,103834,103384,450
9889221,14.2566,25.6656,451,93368,0.278286,0.45,1,103840,103389,451
9892141,8.10265,13.2663,450,93390,0.273314,0.48,1,103844,103394,450
9895061,6.24106,7.1065,452,93412,0.223326,0.53,1,103849,103397,452
9897981,7.29642,7.0426,453,93434,0.26933,0.54,1,103857,103404,453
9900901,4.11857,4.61704,452,93456,0.263732,0.53,1,103859,103407,452
9903821,5.24743,4.84682,453,93478,0.213493,0.6,1,103865,103412,453
9906741,8.09897,5.53873,457,93500,0.265397,0.55,1,103875,103418,457
9909661,4.43959,7.61549,450,93522,0.286159,0.55,1,103877,103427,450
9912581,2.97584,4.2462,450,93544,0.288464,0.5,1,103879,103429,450
9918421,2.15613,2.35939,450,93588,0.282554,0.55,1,103883,103433,450
9947621,7.39537,6.25019,435,93808,0.297013,0.18,1,103920,103485,435
9968061,81.9724,2.87484,565,93962,0.246515,0.1,1,104078,103513,565
9970981,141.389,85.1499,606,93984,0.224606,0.22,1,104259,103653,606
9973901,57.7556,137.26,436,94006,0.215842,0.18,1,104261,103825,436
9976821,26.7022,56.104,440,94028,0.218337,0.29,1,104267,103827,440
9982661,7.15236,14.2566,433,94072,0.211334,0.27,1,104273,103840,433
9985581,8.26094,8.10265,438,94094,0.210534,0.19,1,104282,103844,438
9988501,10.5044,6.24106,445,94116,0.228213,0.3,1,104294,103849,445
9991421,5.40175,7.29642,439,94138,0.211285,0.26,1,104296,103857,439
9994341,3.3607,4.11857,439,94160,0.204514,0.18,1,104298,103859,439
10000181,7.85771,8.09897,437,94204,0.228322,0.3,1,104312,103875,437
10003101,6.14308,4.43959,440,94226,0.241329,0.29,1,104317,103877,440
10006021,3.65723,2.97584,440,94248,0.240532,0.31,1,104319,103879,440
10008941,2.66289,2.39033,440,94270,0.216213,0.27,1,104321,103881,440
10011861,2.26516,2.15613,440,94292,0.200485,0.39,1,104323,103883,440
10026461,2.00272,2.01696,439,94402,0.203941,0.34,1,104333,103894,439
10029381,2.00109,2.00678,439,94424,0.213576,0.36,1,104335,103896,439
10032301,2.60043,3.80271,437,94446,0.229431,0.38,1,104338,103901,437
10035221,3.44017,5.72109,434,94468,0.229772,0.34,1,104342,103908,434
10038141,2.57607,3.48843,434,94490,0.229909,0.26,1,104344,103910,434
10049821,3.59395,2.9213,439,94578,0.0487497,0.37,1,104368,103929,439
10055661,6.45503,3.82741,439,94622,0.2142,0.32,1,104379,103940,439
10058581,4.98201,3.93096,439,94644,0.21768,0.18,1,104383,103944,439
10061501,79.9928,81.9724,435,94666,0.249072,0.21,1,104513,104078,435
10064421,136.997,141.389,429,94688,0.261629,0.21,1,104688,104259,429
10067341,57.7988,57.7556,432,94710,0.254652,0.22,1,104693,104261,432
10070261,26.7195,26.7022,432,94732,0.263861,0.16,1,104699,104267,432
10073181,11.8878,11.8809,432,94754,0.243544,0.23,1,104701,104269,432
10084861,5.15233,5.40175,427,94842,0.291115,0.2,1,104723,104296,427
10090701,4.90437,3.14428,433,94886,0.291378,0.27,1,104734,104301,433
10093621,6.76175,7.85771,430,94908,0.230551,0.25,1,104742,104312,430
10099461,2.76188,3.65723,427,94952,0.280488,0.2,1,104746,104319,427
10111141,2.2115,2.04243,432,95040,0.294989,0.11,1,104759,104327,432
10114061,2.0846,2.01697,432,95062,0.297995,0.22,1,104761,104329,432
10116981,2.03384,2.00679,432,95084,0.275198,0.22,1,104763,104331,432
10119901,2.01354,2.00272,432,95106,0.296079,0.22,1,104765,104333,432
10137421,8.91686,5.21217,433,95238,0.273943,0.08,1,104794,104361,433
10140341,5.96674,4.48487,433,95260,0.229577,0.01,1,104798,104365,433
10146181,3.23468,2.63758,433,95304,0.225132,0.24,1,104803,104370,433
10149101,2.49387,6.45503,426,95326,0.282053,0.22,1,104805,104379,426
10152021,4.59755,4.98201,428,95348,0.298821,0.27,1,104811,104383,428
10154941,84.639,79.9928,436,95370,0.293528,0.27,1,104949,104513,436
10157861,137.656,136.997,434,95392,0.225411,0.25,1,105122,104688,434
10163701,28.9849,26.7195,437,95436,0.219666,0.23,1,105136,104699,437
10166621,12.794,11.8878,437,95458,0.261866,0.35,1,105138,104701,437
10169541,7.51758,7.75513,436,95480,0.254747,0.34,1,105142,104706,436
10172461,5.40703,6.70205,434,95502,0.245899,0.32,1,105146,104712,434
10233781,7.03812,8.91685,439,95964,0.280756,0.2,1,105233,104794,439
10236701,4.01525,5.96674,437,95986,0.232303,0.16,1,105235,104798,437
10239621,3.4061,3.5867,438,96008,0.200921,0.25,1,105238,104800,438
10242541,2.56244,3.23468,437,96030,0.254368,0.32,1,105240,104803,437
10248381,86.57,4.59755,575,96074,0.283099,0.29,1,105386,104811,575
10251301,137.228,84.639,608,96096,0.29324,0.18,1,105557,104949,608
10254221,56.0912,137.656,437,96118,0.291296,0.14,1,105559,105122,437
10257141,28.4365,57.4622,443,96140,0.224518,0.25,1,105569,105126,443
10260061,15.5746,28.9849,440,96162,0.275807,0.29,1,105576,105136,440
10265901,5.85193,7.51758,442,96206,0.290129,0.24,1,105584,105142,442
10280501,9.44296,3.79602,450,96316,0.29435,0.34,1,105614,105164,450
10283421,4.97719,9.31841,439,96338,0.26174,0.3,1,105616,105177,439
10286341,3.19087,4.92736,439,96360,0.284696,0.35,1,105618,105179,439
10289261,2.47635,3.17095,439,96382,0.293878,0.39,1,105620,105181,439
10333061,3.32223,4.01525,439,96712,0.286828,0.18,1,105674,105235,439
10335981,2.52889,3.4061,438,96734,0.246731,0.29,1,105676,105238,438
10338901,3.41156,2.56244,440,96756,0.296692,0.36,1,105680,105240,440
10344741,133.026,86.57,600,96800,0.258671,0.3,1,105986,105386,600
10347661,54.4103,137.228,431,96822,0.235468,0.29,1,105988,105557,431
10350581,31.9641,56.0912,446,96844,0.244187,0.18,1,106005,105559,446
10353501,13.9857,28.4365,438,96866,0.229675,0.31,1,106007,105569,438
10359341,8.8377,8.62984,441,96910,0.291148,0.27,1,106021,105580,441
10365181,4.17403,7.74077,435,96952,0.279384,0.36,1,106028,105593,435
10373941,9.72314,2.60741,450,97015,0.292441,0.28,1,106050,105600,450
10376861,5.08926,9.44296,438,97036,0.230976,0.24,1,106052,105614,438
10391461,2.75163,2.79622,438,97141,0.406698,0.37,1,106065,105627,438
10394381,2.30065,2.31849,438,97162,0.408679,0.37,1,106067,105629,438
10397301,2.12026,2.12739,438,97183,0.409472,0.35,1,106069,105631,438
10432341,4.08644,2.52889,441,97435,0.270524,0.33,1,106117,105676,441
10435261,4.03458,3.41156,441,97456,0.25221,0.33,1,106121,105680,441
10438181,85.0138,86.5646,438,97477,0.292884,0.22,1,106260,105822,438
10446941,32.4649,31.9641,439,97540,0.425545,0.22,1,106444,106005,439
10449861,14.186,13.9857,439,97561,0.428218,0.16,1,106446,106007,439
10467381,2.43852,3.30785,435,97687,0.42377,0.24,1,106471,106036,435
10572501,4.18824,3.75607,446,98443,0.402951,0.49,1,106941,106495,446
10613381,4.16577,4.14997,448,98737,0.448597,0.52,1,106981,106533,448
10633821,136.569,86.0028,616,98884,0.424865,0.43,1,107316,106700,616
10636741,55.8276,135.201,450,98905,0.409946,0.58,1,107318,106868,450
10654261,3.70541,8.89407,443,99031,0.437423,0.56,1,107354,106911,443
10671781,4.09979,4.18824,448,99157,0.400929,0.36,1,107389,106941,448
10911221,10.0228,9.42277,456,100879,0.754515,0.6,2,108337,107881,456
10925821,79.4822,79.356,455,100984,0.763697,0.66,2,108482,108027,455
10928741,136.193,139.142,450,101005,0.785479,0.61,2,108656,108206,450
10952101,2.82329,3.59055,451,101173,0.755559,0.7,2,108708,108257,451
10987141,2.93027,2.05871,458,101425,0.755191,0.69,2,108762,108304,458
11039701,11.8359,14.5243,460,101789,0.784912,0.62,2,109142,108682,460
11057221,9.3023,3.52932,467,101909,0.797266,0.66,2,109179,108712,467
11068901,7.92294,2.65355,465,101989,0.769786,0.76,2,109201,108736,465
11071821,4.36918,6.46142,458,102009,0.751914,0.76,2,109203,108745,458
11083501,2.66065,3.31421,457,102089,0.774289,0.76,2,109212,108755,457
11144821,7.06054,11.3343,462,102509,0.782432,0.62,2,109615,109153,462
11168181,10.3784,6.30735,469,102669,0.770427,0.74,2,109661,109192,469
11171101,5.35134,7.92294,462,102689,0.776171,0.74,2,109663,109201,462
11176941,2.53621,2.94767,462,102729,0.779387,0.66,2,109667,109205,462
11179861,2.81449,2.37907,463,102749,0.755755,0.62,2,109670,109207,463
11203221,2.21097,2.49499,463,102909,0.798438,0.86,2,109691,109228,463
11206141,3.28439,3.398,463,102929,0.787375,0.86,2,109695,109232,463
11255781,2.60759,2.32387,463,103269,0.798984,0.77,2,110084,109621,463
11276221,4.28019,3.34054,459,103409,0.794938,0.8,2,110124,109665,459
11290821,2.10015,3.85213,460,103509,0.791683,0.87,2,110139,109679,460
11293741,2.04006,2.74085,460,103529,0.754673,0.87,2,110141,109681,460
11314181,4.63507,4.6055,465,103669,0.908128,0.87,2,110168,109703,465
11320021,5.42161,5.89688,463,103709,0.9049,0.85,2,110177,109714,463
11322941,3.36864,3.55875,463,103729,0.90796,0.85,2,110179,109716,463
11328781,86.459,84.9294,465,103769,0.934874,0.77,2,110327,109862,465
11728821,312.864,309.447,506,49880,0.406,0.03,1,112120,111614,506
11734661,188.898,112.872,627,51182,0.25096,1,1,112355,111728,627
11743421,32.9215,49.9198,478,51305,0.448061,0.96,1,112440,111962,478
11749261,11.6274,18.5472,465,51387,0.78689,0.75,2,112453,111988,465
11750961,5.85097,12.8189,458,51428,0.914756,0.03,2,112455,111997,458
11771401,2.23487,0.342948,434,51715,0.77906,0.03,2,112562,112128,434
11781621,121.406,0.00877946,641,51879,0.277656,0.31,1,112769,112128,641
11787461,43.185,70.6814,441,51961,0.0960249,0.41,1,112823,112382,441
11790381,47.874,55.8726,446,52002,0.05641,0.5,1,112874,112428,446
11793301,41.3496,29.549,471,52042,0.040564,0.5,1,112911,112440,471
11796221,20.7398,11.8196,478,52082,0.0462256,0.48,1,112918,112440,478
11799141,11.2959,7.12784,479,52122,0.0244902,1,1,112923,112444,479
11802061,6.91837,8.25114,474,52162,0.0157961,1,1,112927,112453,474
11813741,5.65871,5.80803,471,52322,0.20954,1,1,113027,112556,471
11816661,3.46348,3.52321,471,52362,0.221816,0.78,1,113029,112558,471
11819581,2.58539,2.60928,471,52402,0.202726,0.72,1,113031,112560,471
11898421,21.3892,21.3816,431,53478,0.204611,0.17,1,113770,113339,431
11907181,61.8009,64.1044,428,53595,0.220935,0.14,1,113879,113451,428
11910101,25.9204,26.8418,428,53634,0.232374,0.14,1,113881,113453,428
11913021,11.5681,11.9367,428,53673,0.23095,0.14,1,113883,113455,428
11915941,5.82726,5.97468,428,53712,0.25438,0.13,1,113885,113457,428
11918861,3.5309,3.58987,428,53751,0.263752,0.13,1,113887,113459,428
11921781,2.61236,2.63595,428,53790,0.249501,0.13,1,113889,113461,428
11924701,2.24494,2.25438,428,53829,0.2438,0.13,1,113891,113463,428
11927621,2.09798,2.10175,428,53868,0.24152,0.13,1,113893,113465,428
11930541,2.03919,2.0407,428,53907,0.234608,0.13,1,113895,113467,428
11933461,2.01568,2.01628,428,53946,0.231843,0.13,1,113897,113469,428
11936381,2.00627,2.00651,428,53985,0.230737,0.1,1,113899,113471,428
11939301,106.403,105.203,430,54024,0.230295,0.16,1,114075,113645,430
11942221,58.761,60.081,427,54063,0.200118,0.15,1,114102,113675,427
11945141,57.7044,56.4324,430,54102,0.0800472,0.23,1,114159,113729,430
11953901,13.2931,12.7557,431,54219,0.202643,0.19,1,114208,113777,431
11956821,7.71723,7.50227,431,54258,0.231057,0.24,1,114212,113781,431
11968501,5.90956,5.82726,433,54414,0.200603,0.27,1,114318,113885,433
11971421,3.56382,3.5309,433,54453,0.224241,0.24,1,114320,113887,433
11974341,2.62553,2.61236,433,54492,0.209696,0.24,1,114322,113889,433
11977261,2.25021,2.24494,433,54531,0.203879,0.24,1,114324,113891,433
11980181,2.10008,2.09798,433,54570,0.201551,0.23,1,114326,113893,433
11997701,56.0004,58.5684,485,54801,0.0842073,0,1,114587,114102,485
12021061,5.87299,11.7738,432,55105,0.0747216,0.24,1,114748,114316,432
12023981,3.5492,5.90951,432,55143,0.0718886,0.24,1,114750,114318,432
12047341,60.081,101.003,464,55447,0.203286,0.19,1,114963,114499,464
12053181,48.013,56.0004,467,55523,0.202926,0.18,1,115054,114587,467
12056101,22.8052,45.2002,435,55561,0.21917,0.17,1,115060,114625,435
12059021,13.9221,21.6801,437,55599,0.225668,0.17,1,115068,114631,437
12061941,7.96883,13.472,433,55637,0.228267,0.17,1,115072,114639,433
12064861,62.5875,7.78881,528,55675,0.241307,0.14,1,115171,114643,528
12067781,26.235,62.5155,431,55713,0.246523,0.14,1,115173,114742,431
12070701,11.694,26.2062,431,55751,0.218609,0.09,1,115175,114744,431
12096981,104.003,2.00635,601,56093,0.205576,0.21,1,115363,114762,601
12108661,43.6833,48.013,433,56242,0.233935,0.23,1,115487,115054,433
12111581,21.0733,22.8052,433,56279,0.291574,0.23,1,115493,115060,433
12120341,59.4767,62.5875,428,56390,0.285301,0.25,1,115599,115171,428
12123261,24.9907,26.235,428,56427,0.28212,0.2,1,115601,115173,428
12155381,60.8012,60.801,428,56834,0.299377,0.22,1,115823,115395,428
12158301,28.5205,25.5204,433,56871,0.299751,0.16,1,115830,115397,433
12161221,30.0082,34.2082,424,56908,0.2279,0.28,1,115861,115437,424
12164141,49.2033,43.6833,436,56945,0.27716,0.33,1,115923,115487,436
12167061,23.2813,21.0733,436,56982,0.296864,0.34,1,115929,115493,436
12216701,29.1075,30.0082,435,57611,0.258199,0.18,1,116296,115861,435
12222541,23.7372,42.0013,442,57683,0.299312,0.31,1,116365,115923,442
12242981,4.16025,5.99255,440,57935,0.284755,0.34,1,116484,116044,440
12245901,2.8641,3.59702,440,57971,0.275902,0.39,1,116486,116046,440
12248821,2.34564,2.63881,440,58007,0.272361,0.35,1,116488,116048,440
12275101,51.1406,29.1075,497,58331,0.409793,0.35,1,116793,116296,497
12280941,15.3825,23.7372,446,58403,0.423167,0.32,1,116811,116365,446
12307221,2.22047,2.34564,440,58727,0.439813,0.36,1,116928,116488,440
12310141,2.08819,2.13826,440,58763,0.433925,0.36,1,116930,116490,440
12313061,2.03528,2.0553,440,58799,0.43157,0.32,1,116932,116492,440
12315981,2.01411,2.02212,440,58835,0.406628,0.32,1,116934,116494,440
12327661,26.2788,24.1286,466,58979,0.403962,0.37,1,117161,116695,466
12330581,56.1115,28.8514,510,59015,0.407585,0.43,1,117237,116727,510
12333501,26.6446,51.1406,451,59051,0.445034,0.49,1,117244,116793,451
12511621,12.7217,29.308,455,61183,0.751885,0.72,2,118592,118137,455
12514541,10.4887,12.9232,462,61217,0.780754,0.66,2,118601,118139,462
12517461,8.99547,11.7693,459,61251,0.768302,0.64,2,118609,118150,459
12643021,28.5224,28.438,462,62713,0.904656,0.81,2,119637,119175,462
12645941,12.6089,12.5752,462,62746,0.907862,0.81,2,119639,119177,462
12648861,6.24358,6.23008,462,62779,0.909145,0.81,2,119641,119179,462
12651781,3.69743,3.69203,462,62812,0.909658,0.81,2,119643,119181,462
12654701,2.67897,2.67681,462,62845,0.909863,0.81,2,119645,119183,462
12657621,2.27159,2.27072,462,62878,0.909945,0.81,2,119647,119185,462
12660541,2.10864,2.10829,462,62911,0.909978,0.81,2,119649,119187,462
12663461,2.04345,2.04332,462,62944,0.909991,0.81,2,119651,119189,462
12666381,2.01738,2.01733,462,62977,0.921997,0.81,2,119653,119191,462
12669301,2.00695,2.00693,462,63010,0.926799,0.81,2,119655,119193,462
12672221,2.00278,2.00277,462,63043,0.928719,0.85,2,119657,119195,462
13050361,290.147,329.402,449,30660,0.266007,0.29,1,122599,122150,449
13123361,31.1008,29.6472,448,33033,0.752781,0.62,2,123654,123206,448
13126281,119.24,115.659,453,33097,0.793112,0.6,2,123832,123379,453
13129201,58.4961,54.0636,458,33161,0.761245,0.73,2,123850,123392,458
13152561,29.7669,31.2521,455,33668,0.911584,0.76,2,124078,123623,455
13161321,60.9931,58.4961,461,33857,0.796341,0.86,2,124311,123850,461
13187601,30.7989,24.2908,497,34415,0.783696,0.85,2,124575,124078,497
13202201,19.8648,20.2628,478,34720,0.913055,0.81,2,124815,124337,478
13216801,34.7001,61.2424,473,35024,0.767587,0.65,2,125007,124534,473
13222641,117.992,30.7988,638,35144,0.922014,0.89,2,125213,124575,638
13228481,35.4387,56.8878,483,35264,0.933522,0.8,2,125249,124766,483
13237241,19.4281,19.8648,483,35444,0.941745,0.78,2,125298,124815,483
13240161,8.97123,19.3459,466,35504,0.910698,0.89,2,125300,124834,466
13435801,111.101,112.879,475,39292,0.756832,1,2,128031,127556,475
13453321,19.5445,20.5688,477,39614,0.448054,1,1,128141,127664,477
13459161,48.9671,50.931,474,39720,0.242089,1,1,128224,127750,474
13465001,31.7147,30.829,476,39826,0.0687342,0.97,1,128307,127831,476
13467921,17.4859,17.1316,476,39879,0.0454937,0.96,1,128315,127839,476
13470841,14.7944,18.2526,470,39932,0.0361975,0.62,1,128328,127858,470
13473761,98.9177,111.101,452,39985,0.014479,0.61,1,128483,128031,452
13476681,44.3671,51.6404,448,40038,0.0657916,0.54,1,128491,128043,448
13505881,16.6257,31.7024,429,40562,0.447326,0.03,1,128736,128307,429
13508801,14.4503,17.4809,434,40614,0.40093,0.03,1,128749,128315,434
13511721,101.18,14.7924,580,40666,0.244372,0,1,128908,128328,580
13514641,45.872,98.917,434,40718,0.0977489,0.1,1,128917,128483,434
13552601,45.2067,101.18,437,41387,0.218411,0,1,129345,128908,437
13555521,30.0827,45.872,448,41438,0.201364,0.11,1,129365,128917,448
13558441,17.4331,29.7488,438,41489,0.224546,0.18,1,129374,128936,438
13561361,36.9732,17.8995,478,41540,0.275818,0.19,1,129424,128946,478
13564281,15.9893,37.1598,430,41591,0.296327,0.21,1,129426,128996,430
13573041,10.1433,11.4022,428,41744,0.278885,0.16,1,129470,129042,428
13575961,40.6573,39.9609,430,41795,0.261554,0.15,1,129531,129101,430
13631441,85.1499,92.3085,428,42744,0.272496,0.32,1,130190,129762,428
13634361,47.26,46.5234,434,42793,0.276998,0.28,1,130212,129778,434
13640201,18.7216,18.1237,436,42891,0.28312,0.35,1,130245,129809,436
13707361,16.9944,26.6709,460,44008,0.761985,0.64,2,130933,130473,460
13710281,14.5977,15.4684,465,44056,0.784794,0.61,2,130946,130481,465
13716121,46.9756,84.7949,470,44152,0.766367,0.6,2,131096,130626,470
13719041,31.3903,47.118,469,44200,0.798547,0.65,2,131117,130648,469
13721961,19.7561,30.8472,461,44248,0.781419,0.59,2,131129,130668,461
13742401,39.2385,40.5369,454,44581,0.906278,0.75,2,131294,130840,454
13888401,79.0362,20.5773,593,46886,0.796,1,2,132958,132365,593
13903001,27.0269,41.4389,503,47111,0.410141,1,1,133094,132591,503
13905921,20.4108,20.7755,512,47156,0.764057,1,2,133110,132598,512
13908841,17.7643,35.9102,482,47201,0.905623,1,2,133126,132644,482
13917601,19.0649,16.4823,503,47336,0.90156,1,2,133192,132689,503
13926361,16.0522,24.8149,473,47469,0.93874,1,2,133252,132779,473
13932201,32.2083,43.0904,465,47557,0.758598,0.66,2,133320,132855,465
13940961,25.4373,30.0458,446,47689,0.75487,0.57,2,133445,132999,446
13943881,20.3749,23.4183,444,47733,0.751948,0.46,2,133462,133018,444
13949721,45.5,27.0269,472,47821,0.299112,1,1,133566,133094,472
13952641,27.8,20.4108,472,47865,0.209645,1,1,133582,133110,472
13964321,19.5757,19.0649,471,48041,0.0464069,0.99,1,133663,133192,471
13967241,26.4303,26.826,470,48085,0.0605628,0.95,1,133694,133224,470
13970161,16.5721,19.1304,466,48129,0.0422251,0.93,1,133704,133238,466
13973081,13.8288,16.0522,464,48173,0.05889,0.81,1,133716,133252,464
13976001,21.1315,25.0209,459,48217,0.077556,0.69,1,133742,133283,459
13978921,26.4526,32.2083,452,48261,0.0850224,0.67,1,133772,133320,452
13981841,66.381,67.4833,454,48305,0.064009,0.65,1,133865,133411,454
13984761,40.9524,36.5933,462,48349,0.0556036,0.81,1,133889,133427,462
13987681,24.781,25.4373,458,48393,0.0282414,0.75,1,133903,133445,458
13990601,18.9124,20.3749,456,48437,0.0292966,0.27,1,133918,133462,456
13993521,26.165,41.75,431,48481,0.0297186,0.19,1,133949,133518,431
13996441,40.466,45.5,433,48524,0.0418875,0.15,1,133999,133566,433
13999361,24.5864,27.8,431,48567,0.022755,0.15,1,134013,133582,431
14002281,16.4346,20.12,427,48610,0.027102,0.13,1,134024,133597,427
14005201,22.1738,24.848,425,48653,0.0408408,0.07,1,134050,133625,425
14008121,19.0695,21.9392,422,48696,0.0343363,0.01,1,134067,133645,422
14011041,18.4278,19.5757,422,48739,0.0437345,0.07,1,134085,133663,422
14013961,26.5711,26.4303,423,48782,0.0834938,0.03,1,134117,133694,423
14016881,17.8284,16.5721,425,48825,0.0873975,0.07,1,134129,133704,425
14028561,64.1284,25.125,514,48997,0.0734214,0.05,1,134286,133772,514
14031481,40.0514,65.85,445,49040,0.0593685,0.05,1,134310,133865,445
14034401,24.4205,40.74,435,49083,0.0657474,0.01,1,134324,133889,435
14037321,18.7682,24.696,436,49126,0.080299,0.03,1,134339,133903,436
14040241,27.3073,18.8784,454,49169,0.0501196,0.03,1,134372,133918,454
14043161,39.7229,26.1514,471,49212,0.0500478,0.05,1,134420,133949,471
14046081,24.2892,40.4605,435,49255,0.0500191,0.01,1,134434,133999,435
14049001,16.3157,24.5842,432,49298,0.0740077,0.03,1,134445,134013,432
14051921,22.1263,16.4337,447,49341,0.0596031,0.05,1,134471,134024,447
14054841,19.0505,22.1735,438,49384,0.0658412,0.03,1,134488,134050,438
14057761,20.2202,19.0694,442,49427,0.0323365,0.05,1,134509,134067,442
14060681,27.8881,18.4278,457,49470,0.0429346,0.11,1,134542,134085,457
14063601,18.9552,26.5711,438,49513,0.0351738,0.09,1,134555,134117,438
14066521,13.5821,17.8284,436,49556,0.0320695,0.11,1,134565,134129,436
14069441,22.2328,13.1314,454,49599,0.0308278,0.11,1,134593,134139,454
14072361,27.4931,22.0526,457,49641,0.0303311,0.11,1,134624,134167,457
14075281,61.9973,26.821,512,49683,0.0301325,0.05,1,134709,134197,512
14078201,39.7989,64.1284,448,49725,0.066053,0.05,1,134734,134286,448
14081121,24.3196,40.0514,438,49767,0.0804212,0.07,1,134748,134310,438
14084041,18.1278,24.4205,438,49809,0.0861685,0.09,1,134762,134324,438
14086961,26.4511,18.7682,455,49851,0.0884674,0.03,1,134794,134339,455
14110321,19.4176,27.8881,435,50187,0.0995203,0.03,1,134977,134542,435
14113241,13.767,18.9552,432,50229,0.0938081,0.03,1,134987,134555,432
14159961,18.9915,19.4176,426,50898,0.201799,0.09,1,135403,134977,426
14162881,14.7966,13.767,428,50939,0.20672,0.13,1,135415,134987,428
14165801,22.7186,22.3068,428,50980,0.208688,0.13,1,135443,135015,428
14168721,10.2875,10.1227,428,51021,0.233475,0.17,1,135445,135017,428
14171641,22.115,22.0491,428,51062,0.24339,0.11,1,135475,135047,428
14174561,60.446,61.0196,427,51103,0.235356,0.11,1,135561,135134,427
14177481,39.7784,40.0079,427,51144,0.256142,0.11,1,135587,135160,427
14180401,24.3114,24.4031,427,51185,0.264457,0.11,1,135601,135174,427
14183321,18.1245,18.1613,427,51226,0.267783,0.17,1,135615,135188,427
14186241,27.0498,26.4645,428,51267,0.257113,0.19,1,135648,135220,428
14189161,41.4199,40.5858,429,51308,0.264845,0.17,1,135699,135270,429
14192081,27.368,26.4343,430,51349,0.243938,0.17,1,135717,135287,430
14195001,17.5472,16.5737,431,51390,0.247575,0.19,1,135728,135297,431
14197921,22.6189,22.2295,431,51431,0.24903,0.19,1,135754,135323,431
14200841,18.6475,18.4918,431,51472,0.237612,0.19,1,135770,135339,431
14203761,18.259,18.1967,431,51513,0.257045,0.19,1,135788,135357,431
14206681,26.5036,26.4787,431,51554,0.264818,0.21,1,135820,135389,431
14209601,19.6014,18.9915,432,51595,0.255927,0.21,1,135835,135403,432
14212521,15.0406,14.7966,432,51636,0.252371,0.21,1,135847,135415,432
14215441,22.8162,22.7186,432,51677,0.262948,0.25,1,135875,135443,432
14218361,10.3265,10.2875,432,51718,0.243179,0.25,1,135877,135445,432
14221281,22.1306,22.115,432,51759,0.235272,0.25,1,135907,135475,432
14224201,61.6522,8.84599,520,51800,0.280109,0.23,1,135995,135475,520
14227121,40.2609,55.1384,460,51841,0.274043,0.27,1,136021,135561,460
14230041,24.5044,37.6554,448,51882,0.271617,0.27,1,136035,135587,448
14232961,18.2017,23.4621,448,51923,0.270647,0.27,1,136049,135601,448
14235881,26.4807,17.7849,466,51964,0.294259,0.25,1,136081,135615,466
14288441,41.5409,26.4807,487,52685,0.41581,0.33,1,136568,136081,487
14291361,27.4164,40.5923,455,52725,0.424324,0.33,1,136586,136131,455
14294281,16.9665,27.0369,447,52765,0.42773,0.33,1,136596,136149,447
14297201,22.9866,16.8148,464,52805,0.441092,0.33,1,136623,136159,464
14300121,18.7946,22.3259,454,52845,0.446437,0.33,1,136639,136185,454
14303041,18.9179,19.1304,456,52885,0.436575,0.33,1,136658,136202,456
14305961,26.7671,18.4521,470,52925,0.44463,0.35,1,136690,136220,470
14308881,19.1069,26.5809,452,52965,0.447852,0.35,1,136704,136252,452
14311801,14.8427,19.0323,450,53005,0.449141,0.35,1,136716,136266,450
14460721,18.4218,19.0547,473,54994,0.761861,0.71,2,138006,137533,473
14463641,28.3687,19.0219,489,55032,0.790744,0.69,2,138041,137552,489
14466561,19.7475,28.6087,468,55070,0.778298,0.71,2,138055,137587,468
14469481,15.099,19.8435,466,55108,0.773319,0.71,2,138067,137601,466
14472401,24.0396,15.1374,484,55146,0.783328,0.71,2,138097,137613,484
14475321,10.8158,24.055,456,55184,0.787331,0.67,2,138099,137643,456
14478241,24.1263,10.822,487,55222,0.776932,0.67,2,138132,137645,487
14481161,65.4505,24.1288,547,55260,0.784773,0.75,2,138225,137678,547
14484081,41.7802,64.2515,482,55298,0.787909,0.75,2,138251,137769,482
14487001,17.9121,41.3006,458,55336,0.795164,0.75,2,138253,137795,458
14489921,15.5648,17.7202,470,55374,0.792065,0.75,2,138267,137797,470
14492841,17.6259,15.4881,475,55412,0.778826,0.71,2,138286,137811,475
14495761,28.0504,16.9952,492,55450,0.78553,0.71,2,138321,137829,492
14542481,15.5674,17.9121,474,56058,0.901761,0.79,2,138727,138253,474
14545401,17.0269,15.5648,478,56096,0.918704,0.77,2,138745,138267,478
14548321,28.4108,17.6259,495,56133,0.925482,0.79,2,138781,138286,495
14551241,12.5643,28.0504,462,56170,0.928193,0.83,2,138783,138321,462
14796521,30.1469,27.9729,481,59233,0.922,1,2,140863,140382,481
14802361,16.7035,15.6357,484,59303,0.93472,1,2,140893,140409,484
14819881,24.6344,23.3318,478,59513,0.918853,1,2,141084,140606,478
14822801,19.4538,15.3327,484,59548,0.943541,1,2,141100,140616,484
14825721,14.9815,13.3331,484,59583,0.947416,1,2,141112,140628,484
14828641,31.1926,28.1332,488,59618,0.948967,1,2,141154,140666,488
14831561,19.077,17.2533,489,59653,0.937587,1,2,141165,140676,489
14857841,17.8916,22.2587,479,59968,0.27022,0.96,1,141359,140880,479
14860761,13.7566,16.7035,477,60003,0.258088,1,1,141370,140893,477
14863681,16.9027,21.0814,472,60038,0.229235,1,1,141389,140917,472
14869521,18.5444,17.413,475,60108,0.203478,0.97,1,141422,140947,475
14889961,17.8498,19.077,465,60353,0.0493898,0.87,1,141630,141165,465
14892881,17.3399,19.0308,463,60388,0.0377559,0.65,1,141647,141184,463
14895801,21.336,29.2123,451,60423,0.237102,0.47,1,141671,141220,451
14904561,16.4855,19.3896,438,60528,0.409015,0.33,1,141725,141287,438
14907481,15.5942,7.75583,453,60563,0.409606,0.29,1,141740,141287,453
14910401,14.0377,13.9023,448,60598,0.409842,0.31,1,141753,141305,448
14913321,20.0151,13.9609,458,60633,0.445937,0.29,1,141777,141319,458
14916241,16.406,19.9844,448,60668,0.436375,0.25,1,141791,141343,448
14948361,16.2561,31.1244,430,61049,0.414023,0.01,1,142051,141621,430
14998001,21.4933,21.6931,468,61627,0.754495,0.51,2,142445,141977,468
15000921,12.1973,21.8772,452,61661,0.763798,0.51,2,142451,141999,452
15003841,22.8789,12.3509,476,61695,0.767519,0.41,2,142481,142005,476
15006761,12.7516,27.1404,445,61729,0.769008,0.39,2,142487,142042,445
15009681,23.1006,16.2561,466,61763,0.769603,0.29,2,142517,142051,466
15033041,17.2076,19.7108,440,62035,0.924443,0.37,2,142659,142219,440
15035961,16.483,17.4843,440,62069,0.927777,0.37,2,142675,142235,440
15038881,11.3932,11.7937,440,62103,0.929111,0.37,2,142683,142243,440
15041801,14.1573,14.3175,440,62137,0.929644,0.37,2,142699,142259,440
15044721,12.8629,12.927,440,62171,0.929858,0.39,2,142711,142271,440
15047641,17.7452,17.7708,440,62205,0.941943,0.75,2,142732,142292,440
15230141,301.069,329.128,465,29200,0.404771,0.01,1,144158,143693,465
15235981,100.611,116.261,441,30072,0.411563,0.01,1,144318,143877,441
15241821,44.7778,46.2017,441,30212,0.0862501,0.01,1,144394,143953,441
15244741,49.7111,38.8807,460,30282,0.0345001,0,1,144447,143987,460
15247661,50.4844,48.5523,456,30352,0.0438,0.03,1,144498,144042,456
15250581,39.3938,49.4209,438,30422,0.02352,0.01,1,144530,144092,438
15253501,33.7575,39.5684,435,30492,0.027408,0,1,144560,144125,435
15256421,17.103,25.4273,425,30561,0.0169632,0.03,1,144566,144141,425
15259341,15.8412,17.3709,428,30630,0.0367853,0.77,1,144581,144153,428
15262261,95.1365,82.5484,450,30699,0.0447141,0.27,1,144729,144279,450
15265181,48.8546,56.4194,429,30768,0.0238856,0.01,1,144747,144318,429
15268101,43.5418,50.7677,422,30837,0.0155543,0.03,1,144787,144365,422
15271021,34.8167,37.7071,422,30906,0.0242217,0,1,144816,144394,422
15273941,46.9267,46.8828,424,30974,0.0156887,0.05,1,144871,144447,424
15276861,48.1707,49.3531,422,31042,0.0122755,0.01,1,144920,144498,422
15279781,40.2683,38.9413,425,31110,0.0109102,0.03,1,144955,144530,425
15282701,32.3073,33.5765,422,31178,0.0103641,0.01,1,144982,144560,422
15285621,16.5229,17.0306,422,31246,0.0101456,0.05,1,144988,144566,422
15288541,17.4092,15.8122,425,31314,0.0220583,0.05,1,145006,144581,425
15291461,93.3637,6.3249,569,31382,0.0268233,0.05,1,145150,144581,569
15294381,48.1455,91.33,439,31449,0.0287293,0.01,1,145168,144729,439
15297301,43.2582,47.332,461,31516,0.0294917,0.01,1,145208,144747,461
15300221,35.3033,42.9328,451,31583,0.0177967,0.03,1,145238,144787,451
15303141,46.5213,34.5731,476,31650,0.0251187,0.01,1,145292,144816,476
15306061,48.0085,46.8292,470,31717,0.0280475,0.01,1,145341,144871,470
15308981,41.4034,48.1317,458,31784,0.029219,0.01,1,145378,144920,458
15311901,31.5614,40.2527,448,31851,0.0296876,0.01,1,145403,144955,448
15314821,16.2245,32.3011,427,31917,0.017875,0.01,1,145409,144982,427
15317741,17.2898,16.5204,439,31983,0.01315,0.03,1,145427,144988,439
15320661,93.9159,17.4082,566,32049,0.02326,0.03,1,145572,145006,566
15323581,48.3664,93.3633,440,32115,0.027304,0.03,1,145590,145150,440
15326501,42.7465,48.1453,461,32181,0.0649216,0.03,1,145629,145168,461
15329421,35.6986,43.2581,452,32247,0.0259686,0.01,1,145660,145208,452
15332341,46.6794,35.3032,476,32313,0.0163875,0.03,1,145714,145238,476
15335261,48.0718,46.5213,471,32378,0.024555,0.03,1,145763,145292,471
15338181,42.0287,48.0085,460,32443,0.00982199,0.03,1,145801,145341,460
15341101,30.6115,41.4034,446,32508,0.0219288,0.03,1,145824,145378,446
15344021,15.8446,31.5614,427,32573,0.0267715,0.01,1,145830,145403,427
15346941,17.7378,16.2245,440,32638,0.0287086,0.01,1,145849,145409,440
15349861,94.0951,17.2898,567,32703,0.0174834,0.03,1,145994,145427,567
15352781,48.4381,93.9159,440,32768,0.0249934,0.03,1,146012,145572,440
15355701,20.5752,48.3664,424,32833,0.0279974,0.09,1,146014,145590,424
15358621,31.6301,42.7465,424,32897,0.0291989,0,1,146053,145629,424
15361541,30.652,35.6986,423,32961,0.0296796,0.01,1,146083,145660,423
15364461,44.6608,46.6794,423,33025,0.0298718,0.03,1,146137,145714,423
15367381,47.2643,48.0718,423,33089,0.0179487,0,1,146186,145763,423
15370301,42.3057,42.0287,424,33153,0.0131795,0.03,1,146225,145801,424
15373221,29.5223,30.6115,422,33217,0.0472718,0.03,1,146246,145824,422
15376141,15.4089,15.8446,422,33281,0.0609087,0.03,1,146252,145830,422
15379061,18.7636,17.7378,424,33345,0.0423635,0.01,1,146273,145849,424
15381981,93.9054,94.0951,423,33408,0.0349454,0.03,1,146417,145994,423
15384901,48.9622,48.4381,424,33471,0.0319782,0.03,1,146436,146012,424
15387821,20.7849,20.5752,424,33534,0.0307913,0.03,1,146438,146014,424
15390741,31.1139,31.6301,423,33597,0.0543165,0.03,1,146476,146053,423
15393661,29.8456,30.652,422,33660,0.0277266,0.03,1,146505,146083,422
15396581,44.3382,44.6608,422,33723,0.0290906,0.01,1,146559,146137,422
15399501,47.1353,47.2643,422,33786,0.0176363,0.01,1,146608,146186,422
15402421,42.8541,42.3057,423,33849,0.0130545,0.07,1,146648,146225,423
15405341,30.3416,29.5223,424,33911,0.0232218,0.07,1,146670,146246,424
15408261,15.7367,15.4089,424,33973,0.0272887,0.03,1,146676,146252,424
15411181,17.6947,18.7636,422,34035,0.0289155,0.03,1,146695,146273,422
15414101,93.4779,93.9054,422,34097,0.0295662,0.03,1,146839,146417,422
15417021,49.3911,48.9622,423,34159,0.0178265,0.03,1,146859,146436,423
15419941,20.9565,20.7849,423,34221,0.0131306,0.03,1,146861,146438,423
15422861,31.7826,8.31395,462,34283,0.0592522,0.07,1,146900,146438,462
15425781,28.313,26.1256,450,34345,0.0777009,0.01,1,146926,146476,450
15428701,43.7252,27.8502,475,34407,0.0490804,0.03,1,146980,146505,475
15431621,47.4901,43.5401,471,34468,0.0496321,0.01,1,147030,146559,471
15434541,42.396,46.816,461,34529,0.0378529,0.01,1,147069,146608,461
15437461,30.1584,42.7264,443,34590,0.0331411,0.03,1,147091,146648,443
15440381,15.6634,30.2906,427,34651,0.0312565,0.03,1,147097,146670,427
15443301,17.6653,15.7162,440,34712,0.0425026,0.03,1,147116,146676,440
15446221,93.4661,17.6865,565,34773,0.059001,0.03,1,147260,146695,565
15449141,49.3865,93.4746,441,34834,0.0416004,0.01,1,147280,146839,441
15452061,20.9546,49.3898,423,34895,0.0346402,0.01,1,147282,146859,423
15454981,34.1818,20.9559,464,34956,0.0678561,0.09,1,147325,146861,464
15457901,29.2727,31.7824,451,35016,0.0811424,0.09,1,147351,146900,451
15460821,42.3091,28.3129,476,35076,0.038457,0.03,1,147402,146926,476
15463741,46.3236,43.7252,471,35136,0.0333828,0.05,1,147451,146980,471
15466661,42.5295,47.4901,461,35196,0.0313531,0.03,1,147491,147030,461
15469581,29.6118,42.396,443,35256,0.0305412,0.03,1,147512,147069,443
15472501,15.4447,30.1584,427,35316,0.0302165,0.03,1,147518,147091,427
15475421,17.5779,15.6634,440,35376,0.0300866,0.05,1,147537,147097,440
15478341,94.0312,17.6653,566,35436,0.0180346,0.07,1,147682,147116,566
15481261,49.6125,93.4661,442,35496,0.0252139,0.03,1,147702,147260,442
15484181,21.045,49.3865,424,35556,0.0280855,0.03,1,147704,147280,424
15487101,36.018,20.9546,468,35615,0.0292342,0.09,1,147750,147282,468
15490021,30.6072,34.1818,452,35674,0.0416937,0.09,1,147777,147325,452
15492941,13.4429,29.2727,428,35733,0.0226775,0.01,1,147779,147351,428
15495861,32.9772,42.3091,423,35792,0.027071,0.03,1,147825,147402,423
15498781,42.5909,46.3236,423,35851,0.0168284,0.03,1,147874,147451,423
15501701,40.4363,42.5295,422,35910,0.0127314,0.03,1,147913,147491,422
15504621,28.7745,29.6118,422,35969,0.0230925,0.03,1,147934,147512,422
15507541,15.1098,15.4447,422,36028,0.027237,0.03,1,147940,147518,422
15510461,17.4439,17.5779,422,36087,0.0288948,0.01,1,147959,147537,422
15513381,94.5776,94.0312,423,36146,0.0295579,0.03,1,148105,147682,423
15516301,49.831,49.6125,423,36204,0.0418232,0.03,1,148125,147702,423
15519221,21.1324,21.045,423,36262,0.0467293,0.03,1,148127,147704,423
15522141,36.053,36.018,423,36320,0.0246917,0.05,1,148173,147750,423
15525061,30.6212,30.6072,423,36378,0.0398767,0.01,1,148200,147777,423
15527981,13.4485,13.4429,423,36436,0.0459507,0.03,1,148202,147779,423
15530901,32.3794,32.9772,422,36494,0.0603803,0.01,1,148247,147825,422
15533821,42.3518,42.5909,422,36552,0.0301521,0.01,1,148296,147874,422
15536741,40.3407,40.4363,422,36610,0.0120608,0.03,1,148335,147913,422
15539661,28.7363,28.7745,422,36668,0.0228243,0.03,1,148356,147934,422
15542581,15.0945,15.1098,422,36726,0.0271297,0.03,1,148362,147940,422
15545501,17.4378,17.4439,422,36784,0.0288519,0.03,1,148381,147959,422
15548421,94.5751,94.5776,422,36841,0.0415408,0.05,1,148527,148105,422
15551341,49.83,49.831,422,36898,0.0226163,0.05,1,148547,148125,422
15554261,21.132,21.1324,422,36955,0.0150465,0.01,1,148549,148127,422
15557181,36.0528,36.053,422,37012,0.0360186,0.05,1,148595,148173,422
15560101,30.6211,30.6212,422,37069,0.0324074,0.05,1,148622,148200,422
15563021,13.4484,13.4485,422,37126,0.054963,0.07,1,148624,148202,422
15565941,32.3794,32.3794,422,37183,0.0639852,0.07,1,148669,148247,422
15568861,42.3518,12.9518,471,37240,0.0435941,0.01,1,148718,148247,471
15571781,39.7407,34.5807,460,37297,0.0234376,0,1,148756,148296,460
15574701,28.4963,37.2323,442,37354,0.0393751,0.03,1,148777,148335,442
15577621,14.9985,27.4929,427,37411,0.04575,0.03,1,148783,148356,427
15580541,17.3994,14.5972,440,37467,0.0183,0.03,1,148802,148362,440
15583461,94.5598,17.2389,567,37523,0.03732,0.05,1,148948,148381,567
15586381,49.8239,94.4956,441,37579,0.044928,0.01,1,148968,148527,441
15589301,21.1296,49.7982,423,37635,0.0479712,0.01,1,148970,148547,423
15592221,36.0518,21.1193,467,37691,0.0371885,0.05,1,149016,148549,467
15595141,31.2207,36.0477,449,37747,0.0448754,0.03,1,149044,148595,449
15598061,13.6883,30.6191,424,37803,0.0479502,0.07,1,149046,148622,424
15600981,32.4753,13.4476,467,37859,0.0611801,0.07,1,149091,148624,467
15603901,41.7901,32.3791,470,37915,0.066472,0.03,1,149139,148669,470
15606821,39.5161,42.3516,459,37971,0.0445888,0.01,1,149177,148718,459
15609741,28.4064,39.7406,442,38027,0.0238355,0.05,1,149198,148756,442
15612661,14.9626,28.4963,427,38083,0.0155342,0.05,1,149204,148777,427
15615581,17.385,14.9985,440,38138,0.00621368,0,1,149223,148783,440
15618501,95.754,17.3994,569,38193,0.00848547,0.05,1,149371,148802,569
15621421,50.9016,94.5598,444,38248,0.0333942,0.05,1,149392,148948,444
15624341,21.5606,49.8239,426,38303,0.0433577,0.05,1,149394,148968,426
15627261,35.0243,21.1296,468,38358,0.0353431,0.03,1,149438,148970,468
15630181,31.4097,36.0518,451,38413,0.0321372,0.05,1,149467,149016,451
15633101,13.7639,31.2207,425,38468,0.0308549,0.05,1,149469,149044,425
15636021,33.7056,13.6883,470,38523,0.042342,0.07,1,149516,149046,470
15638941,40.4822,32.4753,470,38578,0.0469368,0.07,1,149561,149091,470
15641861,17.3929,41.7901,424,38633,0.0487747,0.03,1,149563,149139,424
15644781,28.5572,39.5161,422,38688,0.0375099,0.01,1,149599,149177,422
15647701,24.0229,28.4064,422,38743,0.021004,0.01,1,149620,149198,422
15650621,13.2091,14.9626,422,38798,0.0144016,0,1,149626,149204,422
15653541,17.2837,17.385,423,38852,0.0237606,0.01,1,149646,149223,423
15656461,95.7135,95.754,423,38906,0.0395043,0.05,1,149794,149371,423
15659381,50.8854,50.9016,423,38960,0.0458017,0.05,1,149815,149392,423
15662301,21.5542,21.5606,423,39014,0.0483207,0.03,1,149817,149394,423
15665221,35.0217,35.0243,423,39068,0.0253283,0.03,1,149861,149438,423
15668141,31.4087,31.4097,423,39122,0.0401313,0.03,1,149890,149467,423
15671061,13.7635,13.7639,423,39176,0.0220525,0.05,1,149892,149469,423
15673981,33.1054,33.7056,422,39230,0.026821,0.05,1,149938,149516,422
15676901,41.4422,40.4822,424,39284,0.0167284,0.05,1,149985,149561,424
15679821,17.7769,17.3929,424,39338,0.0366914,0.03,1,149987,149563,424
15682741,27.5107,28.5572,422,39392,0.0566765,0.01,1,150021,149599,422
15685661,23.6043,24.0229,422,39446,0.0406706,0.01,1,150042,149620,422
15688581,13.0417,13.2091,422,39500,0.0342682,0.03,1,150048,149626,422
15691501,17.2167,17.2837,422,39553,0.0437073,0.05,1,150068,149646,422
15694421,96.2867,95.7135,423,39606,0.0594829,0.05,1,150217,149794,423
15697341,50.5147,50.8854,422,39659,0.0417932,0.05,1,150237,149815,422
15700261,21.4059,21.5542,422,39712,0.0347173,0.01,1,150239,149817,422
15703181,35.5623,35.0217,423,39765,0.0438869,0.05,1,150284,149861,423
15706101,31.0249,31.4087,422,39818,0.0475548,0.01,1,150312,149890,422
15709021,13.61,13.7635,422,39871,0.0730219,0.03,1,150314,149892,422
15711941,33.644,33.1054,423,39924,0.0712088,0.01,1,150361,149938,423
15714861,41.6576,41.4422,423,39977,0.0584835,0.05,1,150408,149985,423
15717781,17.863,17.7769,423,40030,0.0533934,0.07,1,150410,149987,423
15752821,40.7135,33.6423,469,40658,0.217908,0.05,1,150830,150361,469
15755741,17.4854,41.6569,424,40710,0.201163,0.05,1,150832,150408,424
15758661,32.1942,17.8628,464,40762,0.290465,0.19,1,150874,150410,464
15773261,50.7153,96.6092,448,41022,0.41755,0.13,1,151087,150639,448
15776181,21.4861,50.6437,430,41073,0.42502,0.13,1,151089,150659,430
15787861,35.0188,13.7093,479,41277,0.438129,0.21,1,151216,150737,479
15790781,42.2075,34.2837,478,41328,0.421251,0.23,1,151263,150785,478
15793701,18.683,40.7135,436,41379,0.426501,0.19,1,151266,150830,436
15822901,32.0105,32.1178,444,41888,0.75224,0.45,2,151609,151165,444
15825821,14.0042,14.0471,444,41938,0.750896,0.43,2,151611,151167,444
15828741,34.4017,35.0188,443,41988,0.750358,0.41,2,151659,151216,443
15831661,41.9607,42.2075,443,42038,0.774143,0.43,2,151706,151263,443
15834581,17.9843,18.683,442,42088,0.783657,0.55,2,151708,151266,442
15837501,39.5937,35.0732,450,42138,0.907463,0.57,2,151762,151312,450
15840421,27.8375,26.0293,450,42188,0.932985,0.57,2,151782,151332,450
15843341,17.135,15.2117,452,42238,0.943194,0.57,2,151792,151340,452
15846261,8.054,7.28468,452,42288,0.947278,0.65,2,151794,151342,452
15983501,34.784,25.4442,503,44573,0.934,1,2,153429,152926,503
15986421,31.9136,46.7777,472,44620,0.9076,1,2,153459,152987,472
15998101,30.577,36.8231,476,44808,0.295923,1,1,153583,153107,476
16003941,30.9323,22.5717,494,44902,0.0689476,1,1,153642,153148,494
16006861,38.1729,44.4287,478,44949,0.033579,1,1,153685,153207,478
16009781,30.8692,27.3715,488,44996,0.0194316,1,1,153711,153223,488
16012701,25.5477,22.3486,491,45043,0.0137726,1,1,153733,153242,491
16015621,18.0191,17.9394,489,45090,0.0355091,1,1,153746,153257,489
16024381,34.9452,37.4601,474,45231,0.0927526,0.89,1,153870,153396,474
16027301,30.7781,34.784,469,45278,0.043101,0.89,1,153898,153429,469
16030221,27.3112,31.9136,464,45325,0.0352404,0.77,1,153923,153459,464
16033141,21.1245,27.7654,456,45372,0.0140962,0.57,1,153940,153484,456
16036061,20.4498,29.1062,446,45418,0.0116385,0.31,1,153960,153514,446
16038981,28.5799,37.4425,437,45464,0.00465539,0.19,1,153994,153557,437
16041901,22.232,30.577,429,45510,0.0198622,0.09,1,154012,153583,429
16044821,20.2928,27.8308,422,45556,0.0139449,0,1,154031,153609,422
16047741,28.5171,30.9323,423,45602,0.071578,0.01,1,154065,153642,423
16050661,37.2068,38.1729,423,45648,0.0466312,0.01,1,154108,153685,423
16053581,30.4827,30.8692,423,45694,0.0366525,0.01,1,154134,153711,423
16056501,25.9931,25.5477,424,45740,0.020661,0.05,1,154157,153733,424
16059421,17.5972,18.0191,423,45786,0.0742644,0.23,1,154169,153746,423
16062341,50.2389,47.4076,428,45832,0.0477058,0.11,1,154241,153813,428
16065261,28.4956,30.3631,423,45878,0.0610823,0.07,1,154255,153832,423
16068181,33.5982,34.9452,422,45924,0.0424329,0.07,1,154292,153870,422
16071101,29.6393,13.9781,449,45970,0.0349732,0.01,1,154319,153870,449
16074021,26.8557,22.3912,446,46016,0.0439893,0.03,1,154344,153898,446
16076941,20.9423,23.9565,438,46062,0.0235957,0,1,154361,153923,438
16079861,20.3769,19.7826,441,46108,0.0274383,0.01,1,154381,153940,441
16082781,28.5508,19.913,455,46154,0.0289753,0,1,154415,153960,455
16085701,22.2203,28.3652,439,46200,0.0295901,0.03,1,154433,153994,439
16088621,20.2881,22.1461,440,46246,0.041836,0.01,1,154452,154012,440
16091541,29.1152,20.2584,456,46292,0.0347344,0.11,1,154487,154031,456
16094461,36.8461,28.5034,464,46338,0.0318938,0.03,1,154529,154065,464
16097381,30.3384,37.2014,447,46384,0.0427575,0.03,1,154555,154108,447
16100301,28.9354,30.4805,449,46429,0.035103,0.01,1,154583,154134,449
16103221,16.9741,25.9922,435,46474,0.0440412,0.11,1,154592,154157,435
16106141,49.3897,17.5969,494,46519,0.0236165,0.03,1,154663,154169,494
16109061,28.1559,50.2388,436,46564,0.0274466,0.07,1,154677,154241,436
16111981,32.8623,28.4955,458,46609,0.0409786,0.03,1,154713,154255,458
16114901,29.9449,33.5982,449,46654,0.0343915,0.03,1,154741,154292,449
16117821,26.378,29.6393,446,46699,0.0437566,0.05,1,154765,154319,446
16120741,21.3512,26.8557,439,46744,0.0595026,0.01,1,154783,154344,439
16123661,20.5405,20.9423,442,46789,0.0298011,0.03,1,154803,154361,442
16126581,28.6162,20.3769,456,46834,0.0299204,0.03,1,154837,154381,456
16129501,22.2465,28.5508,440,46879,0.0299682,0.03,1,154855,154415,440
16132421,19.6986,22.2203,440,46924,0.0299873,0.05,1,154873,154433,440
16135341,29.4794,20.2881,457,46969,0.0299949,0.03,1,154909,154452,457
16138261,36.3918,29.1152,463,47014,0.011998,0.03,1,154950,154487,463
16141181,30.1567,36.8461,447,47059,0.0107992,0.05,1,154976,154529,447
16144101,29.4627,30.3384,450,47104,0.0223197,0.03,1,155005,154555,450
16147021,16.5851,28.9354,430,47149,0.0269279,0.05,1,155013,154583,430
16149941,49.834,16.9741,493,47194,0.0287711,0.01,1,155085,154592,493
16152861,28.9336,49.3897,437,47239,0.0535085,0.03,1,155100,154663,437
16155781,31.9734,28.1559,457,47284,0.0754034,0.05,1,155134,154677,457
16158701,30.1894,32.8623,450,47329,0.0481614,0.03,1,155163,154713,450
16161621,27.0758,29.9449,447,47374,0.0492645,0.05,1,155188,154741,447
16164541,12.0303,26.378,425,47418,0.0497058,0.07,1,155190,154765,425
16167461,14.4121,21.3512,423,47462,0.0618823,0.01,1,155206,154783,423
16170381,17.7648,20.5405,423,47506,0.0667529,0.03,1,155226,154803,423
16173301,27.5059,28.6162,423,47550,0.0327012,0.03,1,155260,154837,423
16176221,21.8024,22.2465,423,47594,0.0190805,0.03,1,155278,154855,423
16179141,19.5209,19.6986,423,47638,0.0136322,0.03,1,155296,154873,423
16182061,29.4084,29.4794,423,47682,0.0234529,0,1,155332,154909,423
16184981,35.7634,36.3918,422,47726,0.00938115,0.01,1,155372,154950,422
16187901,30.5053,30.1567,423,47770,0.00375246,0.03,1,155399,154976,423
16190821,29.6021,29.4627,423,47814,0.031501,0.03,1,155428,155005,423
16193741,16.6409,16.5851,423,47858,0.0306004,0.03,1,155436,155013,423
16196661,49.8563,49.834,423,47902,0.0182402,0.07,1,155508,155085,423
16199581,30.1425,28.9336,425,47946,0.0252961,0.09,1,155525,155100,425
16202501,34.257,31.9734,428,47990,0.0401184,0.03,1,155562,155134,428
16205421,28.1028,30.1894,423,48034,0.0580474,0.05,1,155586,155163,423
16208341,27.4411,27.0758,425,48078,0.0652189,0.05,1,155613,155188,425
16211261,12.1764,12.0303,425,48122,0.0680876,0.07,1,155615,155190,425
16214181,14.4706,14.4121,425,48166,0.045235,0.07,1,155631,155206,425
16217101,16.5882,17.7648,423,48210,0.060094,0.01,1,155649,155226,423
16220021,26.4353,27.5059,422,48254,0.0540376,0.01,1,155682,155260,422
16222941,21.3741,21.8024,422,48298,0.039615,0.01,1,155700,155278,422
16225861,19.3496,19.5209,422,48342,0.045846,0.03,1,155718,155296,422
16228781,29.3399,29.4084,422,48386,0.0363384,0,1,155754,155332,422
16231701,35.7359,35.7634,422,48430,0.0325354,0,1,155794,155372,422
16234621,30.4944,30.5053,422,48474,0.0310141,0.05,1,155821,155399,422
16237541,30.1978,29.6021,423,48517,0.0304057,0.03,1,155851,155428,423
16240461,17.4791,16.6409,424,48560,0.0301623,0.01,1,155860,155436,424
16243381,48.9916,49.8563,422,48603,0.0180649,0.03,1,155930,155508,422
16246301,30.3967,30.1425,423,48646,0.013226,0.05,1,155948,155525,423
16249221,34.9587,34.257,424,48689,0.0472904,0.07,1,155986,155562,424
16252141,27.7835,28.1028,423,48732,0.0609162,0.07,1,156009,155586,423
16255061,27.3134,27.4411,423,48775,0.0783665,0.07,1,156036,155613,423
16257981,12.1254,12.1764,423,48818,0.0613466,0.03,1,156038,155615,423
16260901,15.0501,14.4706,424,48861,0.0665386,0.03,1,156055,155631,424
16263821,16.8201,5.78823,442,48904,0.0446155,0.07,1,156073,155631,442
16266741,25.928,13.1153,456,48947,0.0478462,0.05,1,156105,155649,456
16269661,19.9712,25.0461,439,48990,0.0491385,0.03,1,156121,155682,439
16272581,18.7885,20.8184,439,49033,0.0376554,0.05,1,156139,155700,439
16275501,29.7154,19.1274,458,49076,0.0330622,0.03,1,156176,155718,458
16278421,35.2862,29.251,461,49119,0.0312249,0.03,1,156215,155754,461
16281341,30.3145,35.7004,448,49162,0.0304899,0.03,1,156242,155794,448
16284261,30.1258,30.4802,451,49205,0.018196,0.03,1,156272,155821,451
16287181,17.4503,30.1921,430,49248,0.0252784,0.03,1,156281,155851,430
16290101,48.9801,17.4768,491,49291,0.0161114,0.01,1,156351,155860,491
16293021,30.392,48.9907,439,49334,0.0364445,0.01,1,156369,155930,439
16295941,36.1568,30.3963,461,49377,0.0565778,0.07,1,156409,155948,461
16298861,28.8627,34.9585,447,49420,0.0526311,0.07,1,156433,155986,447
16301781,27.1451,27.7834,450,49463,0.0630525,0.09,1,156459,156009,450
16304701,12.058,27.3134,425,49506,0.067221,0.05,1,156461,156036,425
16307621,14.4232,12.1253,439,49549,0.0688884,0.07,1,156477,156038,439
16310541,17.1693,15.0501,441,49592,0.0815554,0.03,1,156496,156055,441
16313461,26.0677,16.8201,455,49634,0.0866221,0.05,1,156528,156073,455
16322221,29.1723,18.7885,458,49760,0.0811438,0.03,1,156597,156139,458
16325141,35.0689,29.7154,460,49802,0.0384575,0.03,1,156636,156176,460
16328061,30.2276,35.2862,448,49844,0.015383,0.03,1,156663,156215,448
16330981,30.091,30.3145,451,49886,0.0121532,0.01,1,156693,156242,451
16333901,17.4364,30.1258,430,49928,0.0228613,0.03,1,156702,156272,430
16336821,50.1746,17.4503,493,49970,0.0151445,0.01,1,156774,156281,493
16339741,31.4698,48.9801,442,50012,0.0480578,0.05,1,156793,156351,442
16342661,35.3879,30.392,462,50054,0.0612231,0.07,1,156831,156369,462
16345581,29.1552,36.1568,447,50096,0.0784893,0.05,1,156856,156409,447
16371861,25.0455,29.1723,423,50474,0.212758,0.01,1,157020,156597,423
16374781,33.4182,35.0689,423,50516,0.223103,0,1,157059,156636,423
16383541,17.2348,17.4364,422,50642,0.0716386,0.01,1,157124,156702,422
16386461,51.2939,50.1746,424,50684,0.0466554,0.07,1,157198,156774,424
16389381,31.3176,31.4698,423,50726,0.0246622,0.07,1,157216,156793,423
16392301,36.527,35.3879,425,50768,0.0518649,0.09,1,157256,156831,425
16395221,30.8108,29.1552,427,50809,0.038746,0.13,1,157283,156856,427
16398141,29.1243,27.8621,428,50850,0.0454984,0.13,1,157311,156883,428
16401061,12.8497,12.3448,428,50891,0.0721994,0.13,1,157313,156885,428
16403981,14.7399,14.5379,428,50932,0.0588797,0.13,1,157329,156901,428
16406901,17.896,17.8152,428,50973,0.0535519,0.15,1,157349,156921,428
16409821,29.3584,27.5261,431,51014,0.0394208,0.19,1,157386,156955,431
16412741,12.9434,12.2104,431,51055,0.0337683,0.19,1,157388,156957,431
16415661,13.5773,13.2842,431,51096,0.0555073,0.19,1,157402,156971,431
16436101,50.4707,51.2939,422,51383,0.0582159,0.01,1,157620,157198,422
16439021,31.5883,31.3176,423,51424,0.0412863,0.07,1,157639,157216,423
16441941,37.2353,36.527,424,51465,0.0345145,0.03,1,157680,157256,424
16444861,30.4941,30.8108,423,51506,0.0438058,0.05,1,157706,157283,423
16447781,29.5977,29.1243,424,51547,0.0595223,0.09,1,157735,157311,424
16450701,13.0391,12.8497,424,51588,0.0718089,0.05,1,157737,157313,424
16453621,14.8156,14.7399,424,51629,0.0707236,0.05,1,157753,157329,424
16456541,17.9262,17.896,424,51670,0.0702894,0.03,1,157773,157349,424
16459461,28.7705,29.3584,423,51711,0.0821158,0.03,1,157809,157386,423
16462381,12.7082,12.9434,423,51752,0.0868463,0.07,1,157811,157388,423
16465301,14.6833,13.5773,425,51793,0.0887385,0.07,1,157827,157402,425
16468221,16.6733,5.43094,443,51834,0.0654954,0.13,1,157845,157402,443
16471141,25.8693,12.9724,457,51875,0.0681982,0.11,1,157877,157420,457
16474061,34.9477,23.7889,467,51916,0.0812793,0.11,1,157918,157451,467
16476981,25.9791,34.1156,446,51957,0.0865117,0.15,1,157938,157492,446
16479901,26.5916,25.6462,453,51998,0.0766047,0.13,1,157965,157512,453
16482821,15.4367,25.8585,435,52038,0.0726419,0.13,1,157973,157538,435
16485741,46.9747,15.1434,495,52078,0.0470567,0.01,1,158041,157546,495
16488661,30.1899,50.4574,440,52118,0.0488227,0.03,1,158060,157620,440
16491581,37.2759,31.5829,463,52158,0.0495291,0.03,1,158102,157639,463
16494501,31.7104,37.2332,450,52198,0.0738116,0.05,1,158130,157680,450
16497421,30.0842,30.4933,453,52238,0.0475247,0.07,1,158159,157706,453
16500341,13.2337,29.5973,426,52278,0.0370099,0.08,1,158161,157735,426
16503261,14.8935,13.0389,440,52318,0.0448039,0.07,1,158177,157737,440
16506181,17.9574,14.8156,444,52358,0.0479216,0.07,1,158197,157753,444
16509101,29.383,17.9262,461,52398,0.0611686,0.09,1,158234,157773,461
16512021,12.9532,28.7705,427,52438,0.0664674,0.09,1,158236,157809,427
16514941,13.5813,12.7082,439,52478,0.080587,0.09,1,158250,157811,439
16517861,16.2325,14.6833,441,52518,0.0862348,0.05,1,158268,157827,441
16520781,26.293,16.6733,456,52558,0.0884939,0.07,1,158301,157845,456
16538301,29.4393,46.9747,440,52798,0.0705481,0.05,1,158481,158041,440
16541221,38.1757,30.1899,465,52838,0.0702192,0.05,1,158525,158060,465
16544141,32.0703,37.2759,451,52878,0.0700877,0.09,1,158553,158102,451
16547061,30.2281,31.7104,452,52918,0.0940351,0.03,1,158582,158130,452
16549981,13.2912,30.0842,425,52958,0.079614,0.03,1,158584,158159,425
16552901,14.9165,13.2337,439,52998,0.0738456,0.05,1,158600,158161,439
16555821,17.9666,14.8935,443,53038,0.0835382,0.05,1,158620,158177,443
16558741,30.5866,17.9574,462,53078,0.0994153,0.07,1,158659,158197,462
16582101,25.294,26.1148,429,53396,0.213297,0.15,1,158818,158389,429
16587941,42.567,45.0984,425,53474,0.229727,0.05,1,158887,158462,425
16590861,27.8268,29.4393,424,53513,0.217891,0.07,1,158905,158481,424
16593781,38.1307,38.1757,425,53552,0.237156,0.07,1,158950,158525,425
16596701,32.6523,32.0703,426,53591,0.256863,0.11,1,158979,158553,426
16599621,29.8609,30.2281,425,53630,0.240745,0.07,1,159007,158582,425
16602541,13.1444,13.2912,425,53669,0.258298,0.07,1,159009,158584,425
16605461,14.8577,14.9165,425,53708,0.241319,0.09,1,159025,158600,425
16608381,18.5431,17.9666,426,53747,0.246528,0.11,1,159046,158620,426
16611301,31.4172,30.5866,427,53786,0.260611,0.11,1,159086,158659,427
16614221,13.7669,13.4347,427,53825,0.266244,0.11,1,159088,158661,427
16617141,14.5068,13.7739,428,53864,0.280498,0.13,1,159103,158675,428
16620061,16.6027,16.3095,428,53903,0.286199,0.19,1,159121,158693,428
16660941,19.741,18.5431,435,54449,0.414476,0.27,1,159481,159046,435
16663861,31.8964,31.4172,435,54488,0.435791,0.27,1,159521,159086,435
16666781,13.9586,13.7669,435,54527,0.444316,0.29,1,159523,159088,435
16669701,13.9834,14.5068,434,54566,0.447726,0.29,1,159537,159103,434
16681381,30.7036,5.09457,481,54721,0.439478,0.35,1,159641,159160,481
16684301,24.2814,27.8378,458,54759,0.433791,0.39,1,159661,159203,458
16687221,25.3126,23.1351,464,54797,0.443516,0.35,1,159687,159223,464
16690141,14.925,24.8541,446,54835,0.447407,0.35,1,159695,159249,446
16693061,43.17,14.7416,500,54873,0.448963,0.39,1,159757,159257,500
16695981,28.068,43.0966,456,54911,0.449585,0.35,1,159775,159319,456
16698901,40.0272,28.0387,486,54949,0.449834,0.35,1,159823,159337,486
16701821,32.8109,39.4155,467,54987,0.425934,0.37,1,159851,159384,467
16704741,30.5244,32.5662,468,55025,0.428373,0.37,1,159880,159412,468
16707661,13.4097,29.8265,442,55063,0.405349,0.41,1,159882,159440,442
16713501,20.9856,14.8522,465,55139,0.416456,0.43,1,159923,159458,465
16716421,32.9942,19.7409,483,55177,0.424582,0.45,1,159964,159481,483
16719341,14.3977,31.8964,445,55215,0.427833,0.45,1,159966,159521,445
16722261,14.1591,13.9585,457,55253,0.429133,0.45,1,159980,159523,457
16725181,17.0636,13.9834,462,55291,0.441653,0.49,1,159999,159537,462
16783581,13.3894,30.2255,445,56051,0.766385,0.45,2,160483,160038,445
16801101,42.362,43.2766,448,56275,0.911819,0.53,2,160648,160200,448
16804021,27.7448,28.1106,448,56312,0.922728,0.53,2,160666,160218,448
16806941,39.2979,38.8443,449,56349,0.927091,0.57,2,160713,160264,449
16809861,33.1192,32.3377,450,56386,0.940836,0.57,2,160742,160292,450
16812781,30.0477,29.7351,450,56423,0.946335,0.57,2,160770,160320,450
16964621,18.0315,14.8904,505,58328,0.944677,1,2,162021,161516,505
16973381,39.194,25.721,521,58436,0.924459,1,2,162124,161603,521
16979221,29.551,35.1954,496,58508,0.785114,1,2,162179,161683,496
16993821,18.6991,28.9732,486,58688,0.427665,1,1,162283,161797,486
16999661,18.2319,20.8357,488,58760,0.283226,1,1,162321,161833,488
17005501,20.5571,30.9337,490,58832,0.0825162,1,1,162378,161888,490
17008421,23.8228,19.5735,504,58868,0.0630065,1,1,162404,161900,504
17011341,27.5291,31.2294,495,58904,0.0432026,1,1,162434,161939,495
17014261,29.0117,27.4918,500,58940,0.071281,1,1,162464,161964,500
17017181,21.8047,24.1967,495,58976,0.0585124,0.92,1,162481,161986,495
17020101,16.5219,21.0787,489,59012,0.041405,0.94,1,162494,162005,489
17023021,25.8087,18.0315,505,59048,0.034562,1,1,162526,162021,505
17025941,19.3235,28.2126,485,59084,0.0198248,1,1,162541,162056,485
17028861,13.7294,21.485,478,59120,0.0499299,0.88,1,162551,162073,478
17031781,30.0918,39.194,468,59156,0.037972,0.83,1,162592,162124,468
17034701,24.0367,31.8776,461,59192,0.0331888,0.73,1,162612,162151,461
17037621,24.0147,29.551,457,59228,0.0312755,0.61,1,162636,162179,457
17040541,20.4059,25.6204,452,59263,0.0305102,0.49,1,162654,162202,452
17043461,19.5623,24.0482,448,59298,0.0422041,0.49,1,162673,162225,448
17046381,15.6249,18.6193,446,59333,0.0588816,0.41,1,162686,162240,446
17052221,14.02,18.6991,436,59403,0.0946211,0.27,1,162719,162283,436
17055141,15.808,20.0796,432,59438,0.0798484,0.25,1,162736,162304,432
17060981,30.2493,34.8927,423,59508,0.0739757,0.05,1,162790,162367,423
17063901,18.0997,20.5571,422,59543,0.0295903,0.05,1,162800,162378,422
17066821,23.4399,23.8228,423,59578,0.0298361,0.03,1,162827,162404,423
17069741,26.776,27.5291,422,59613,0.0299344,0.09,1,162856,162434,422
17072661,28.7104,29.0117,422,59648,0.0419738,0.05,1,162886,162464,422
17075581,21.6842,21.8047,422,59683,0.0947895,0.03,1,162903,162481,422
17078501,16.4737,16.5219,422,59718,0.0919158,0.03,1,162916,162494,422
17081421,25.7895,25.8087,422,59753,0.0427663,0.01,1,162948,162526,422
17084341,21.1158,19.3235,425,59788,0.0351065,0.07,1,162966,162541,425
17087261,12.6463,13.7294,422,59823,0.0440426,0.03,1,162973,162551,422
17090181,30.2585,30.0918,423,59858,0.047617,0.03,1,163015,162592,423
17093101,23.5034,24.0367,422,59893,0.0610468,0.03,1,163034,162612,422
17096021,23.8014,24.0147,422,59928,0.0664187,0.03,1,163058,162636,422
17098941,20.3205,20.4059,422,59963,0.0445675,0.05,1,163076,162654,422
17101861,20.1282,19.5623,423,59998,0.047827,0.07,1,163096,162673,423
17104781,17.0513,15.6249,425,60033,0.0251308,0.13,1,163111,162686,425
17107701,21.2205,20.05,426,60068,0.0160523,0.09,1,163135,162709,426
17110621,13.2882,14.02,424,60103,0.0244209,0.07,1,163143,162719,424
17113541,17.3153,15.808,427,60138,0.0397684,0.13,1,163163,162736,427
17116461,13.5261,14.1232,425,60173,0.0579074,0.05,1,163174,162749,425
17119381,28.2104,30.2493,422,60208,0.0651629,0,1,163212,162790,422
17122301,17.8842,18.0997,423,60243,0.0440652,0.03,1,163223,162800,423
17125221,23.9537,23.4399,424,60278,0.0356261,0.03,1,163251,162827,424
17128141,25.7815,26.776,422,60313,0.0322504,0.05,1,163278,162856,422
17131061,31.3126,28.7104,427,60348,0.0429002,0.13,1,163313,162886,427
17133981,21.525,21.6842,425,60383,0.0351601,0.09,1,163328,162903,425
17136901,15.81,16.4737,424,60418,0.044064,0.01,1,163340,162916,424
17139821,24.324,25.7895,422,60453,0.0356256,0.03,1,163370,162948,422
17142741,21.1296,21.1158,423,60488,0.0142502,0.05,1,163389,162966,423
17145661,12.6518,12.6463,423,60523,0.0237001,0.05,1,163396,162973,423
17148581,30.2607,30.2585,423,60558,0.02748,0.05,1,163438,163015,423
17151501,22.9043,12.1034,441,60593,0.028992,0.07,1,163456,163015,441
17154421,23.5617,16.2414,446,60628,0.0295968,0.07,1,163480,163034,446
17157341,19.6247,20.8965,439,60663,0.0178387,0.03,1,163497,163058,439
17160261,20.4499,19.1586,442,60698,0.0611355,0.05,1,163518,163076,442
17163181,16.58,19.6634,436,60733,0.0544542,0.01,1,163532,163096,436
17166101,21.632,16.8654,446,60768,0.0517817,0.01,1,163557,163111,446
17169021,13.4528,21.1462,430,60803,0.0507127,0.03,1,163565,163135,430
17171941,17.9811,13.2585,443,60838,0.0502851,0.05,1,163586,163143,443
17174861,14.3924,17.3034,435,60873,0.050114,0.07,1,163598,163163,435
17177781,26.757,13.5214,459,60908,0.0740456,0.07,1,163633,163174,459
17180701,17.3028,28.2085,432,60942,0.0716182,0.03,1,163644,163212,432
17183621,23.7211,17.8834,449,60976,0.0466473,0.03,1,163672,163223,449
17186541,25.6884,23.9534,448,61010,0.0486589,0.03,1,163699,163251,448
17189461,31.2754,25.7813,456,61044,0.0254636,0.05,1,163734,163278,456
17192381,22.7102,31.3125,438,61078,0.0401854,0.03,1,163751,163313,438
17195301,16.2841,21.525,435,61112,0.0460742,0.05,1,163763,163328,435
17198221,23.3136,15.81,451,61146,0.0364297,0.03,1,163791,163340,451
17201141,20.7254,24.324,440,61180,0.0205719,0,1,163810,163370,440
17204061,12.4902,21.1296,428,61214,0.0382287,0.03,1,163817,163389,428
17206981,30.1961,12.6518,463,61248,0.0212915,0.03,1,163859,163396,463
17209901,23.4784,30.2607,440,61282,0.0265166,0.03,1,163878,163438,440
17212821,23.7914,22.9043,446,61316,0.0286066,0.03,1,163902,163456,446
17215741,20.9165,23.5617,441,61350,0.0414427,0.01,1,163921,163480,441
17218661,20.3666,19.6247,444,61384,0.0705771,0.09,1,163941,163497,444
17221581,16.5466,20.4499,437,61418,0.0822308,0.05,1,163955,163518,437
17224501,21.6187,16.58,448,61452,0.0988923,0.05,1,163980,163532,448
17244941,26.0734,23.7211,449,61690,0.0873028,0.05,1,164121,163672,449
17247861,30.8294,25.6884,456,61724,0.0409211,0.01,1,164155,163699,456
17250781,23.7317,31.2754,440,61758,0.0343684,0.05,1,164174,163734,440
17253701,17.2927,22.7102,436,61792,0.0437474,0.05,1,164187,163751,436
17256621,21.9171,16.2841,449,61826,0.023499,0.03,1,164212,163763,449
17259541,20.7668,23.3136,441,61860,0.0393996,0.01,1,164232,163791,441
17262461,11.9067,20.7254,428,61894,0.0217598,0.05,1,164238,163810,428
17265381,29.9627,12.4902,463,61928,0.0267039,0.01,1,164280,163817,463
17268301,23.9851,30.1961,441,61962,0.0166816,0.03,1,164300,163859,441
17271221,24.594,23.4784,447,61996,0.0366726,0.03,1,164325,163878,447
17274141,11.0376,23.7914,425,62030,0.0446691,0.05,1,164327,163902,425
17277061,16.415,20.9165,426,62064,0.0838676,0.09,1,164347,163921,426
17279981,18.566,20.3666,426,62098,0.0755471,0.09,1,164367,163941,426
17282901,15.8264,16.5466,426,62132,0.0722188,0.11,1,164381,163955,426
17285821,21.9306,21.6187,427,62166,0.0948875,0.11,1,164407,163980,427
17288741,14.1722,13.4475,428,62200,0.091955,0.15,1,164416,163988,428
17312101,23.3913,23.7317,423,62472,0.0488638,0.05,1,164597,164174,423
17315021,17.1565,17.2927,423,62506,0.0375455,0.01,1,164610,164187,423
17317941,21.2626,21.9171,422,62540,0.0210182,0.05,1,164634,164212,422
17320861,21.105,20.7668,423,62574,0.0264073,0.01,1,164655,164232,423
17323781,12.042,11.9067,423,62608,0.0405629,0.03,1,164661,164238,423
17326701,30.0168,29.9627,423,62642,0.0462252,0.01,1,164703,164280,423
17329621,24.0067,23.9851,423,62676,0.0364901,0.05,1,164723,164300,423
17332541,25.2027,24.594,424,62710,0.020596,0.05,1,164749,164325,424
17335461,11.2811,11.0376,424,62743,0.0142384,0.11,1,164751,164327,424
17338381,17.1124,16.415,425,62776,0.0116954,0.07,1,164772,164347,425
17341301,18.845,18.566,425,62809,0.0346781,0.07,1,164792,164367,425
17344221,15.938,15.8264,425,62842,0.0438713,0.11,1,164806,164381,425
17347141,21.9752,21.9306,425,62875,0.0475485,0.09,1,164832,164407,425
17350061,14.7901,14.1722,426,62908,0.0490194,0.11,1,164842,164416,426
17352981,20.916,18.8689,429,62941,0.0616078,0.19,1,164867,164438,429
17355901,15.5664,14.7476,429,62974,0.0546431,0.17,1,164879,164450,429
17358821,26.6266,26.899,428,63007,0.0398572,0.15,1,164913,164485,428
17361741,16.6506,16.1596,429,63040,0.0459429,0.15,1,164923,164494,429
17364661,21.6603,20.8638,430,63073,0.0723772,0.17,1,164948,164518,430
17367581,24.2641,23.9455,430,63106,0.0949509,0.07,1,164974,164544,430
17370501,25.9056,29.9782,423,63139,0.0919803,0.01,1,165001,164578,423
17379261,20.906,21.2626,422,63238,0.0627667,0.03,1,165056,164634,422
17382181,20.9624,21.105,422,63271,0.0431067,0.05,1,165077,164655,422
17385101,11.985,12.042,422,63304,0.0352427,0.05,1,165083,164661,422
17388021,29.994,30.0168,422,63337,0.0560971,0.03,1,165125,164703,422
17390941,23.9976,24.0067,422,63370,0.0644388,0.01,1,165145,164723,422
17393861,25.199,25.2027,422,63403,0.0437755,0.01,1,165171,164749,422
17396781,11.2796,11.2811,422,63436,0.0355102,0.01,1,165173,164751,422
17399701,17.1118,17.1124,422,63469,0.0322041,0.01,1,165194,164772,422
17402621,19.4447,6.84497,443,63502,0.0188816,0.05,1,165215,164772,443
17405541,16.1779,14.738,437,63535,0.0255527,0.05,1,165229,164792,437
17408461,22.0712,14.2952,449,63568,0.0282211,0.05,1,165255,164806,449
17411381,14.8285,21.3181,433,63601,0.0292884,0.05,1,165265,164832,433
17414301,19.7314,14.5272,446,63634,0.0417154,0.07,1,165288,164842,446
17417221,15.0926,20.8109,433,63667,0.0226861,0.05,1,165300,164867,433
17420141,27.637,15.5244,457,63700,0.0270745,0.03,1,165336,164879,457
17423061,17.6548,26.6097,434,63733,0.0648298,0.05,1,165347,164913,434
17425981,23.2619,16.6439,451,63766,0.0559319,0.09,1,165374,164923,451
17428901,24.9048,21.6576,452,63799,0.0643728,0.11,1,165400,164948,452
17431821,25.5619,24.263,452,63832,0.0677491,0.09,1,165426,164974,452
17434741,21.0248,25.9052,443,63865,0.0690996,0.13,1,165444,165001,443
17437661,15.6099,21.1621,437,63898,0.0696399,0.11,1,165456,165019,437
17440581,18.844,16.2648,445,63931,0.0938559,0.03,1,165477,165032,445
17443501,20.7376,20.9059,443,63964,0.0555424,0.03,1,165499,165056,443
17446421,11.895,20.9624,428,63997,0.040217,0.03,1,165505,165077,428
17449341,31.158,11.9849,466,64030,0.0460868,0.07,1,165549,165083,466
17452261,23.2632,29.994,442,64063,0.0484347,0.07,1,165567,165125,442
17455181,24.9053,23.9976,448,64096,0.0493739,0.03,1,165593,165145,448
17458101,11.1621,25.199,424,64129,0.0497495,0.03,1,165595,165171,424
17461021,17.0648,11.2796,443,64162,0.0618998,0.03,1,165616,165173,443
17463941,19.4259,17.1118,443,64195,0.0787599,0.01,1,165637,165194,443
17466861,16.1704,19.4447,436,64228,0.061504,0.03,1,165651,165215,436
17469781,22.0682,16.1779,448,64261,0.0666016,0.03,1,165677,165229,448
17472701,14.8273,22.0712,432,64294,0.0806406,0.03,1,165687,165255,432
17475621,19.1309,14.8285,444,64327,0.0862563,0.05,1,165709,165265,444
17478541,15.4524,19.7314,434,64360,0.0765025,0.01,1,165722,165288,434
17534021,19.2446,22.0682,426,64976,0.201968,0.09,1,166103,165677,426
17536941,13.6978,14.8273,426,65008,0.206787,0.09,1,166113,165687,426
17539861,18.6791,19.1309,426,65040,0.208715,0.07,1,166135,165709,426
17542781,14.6717,15.4524,425,65072,0.233486,0.13,1,166147,165722,425
17545701,30.4687,28.9809,428,65104,0.207394,0.13,1,166188,165760,428
17551541,24.075,23.837,428,65168,0.216783,0.15,1,166226,165798,428
17554461,25.83,25.1348,429,65200,0.248713,0.15,1,166253,165824,429
17557381,25.932,25.6539,429,65232,0.273485,0.15,1,166279,165850,429
17560301,21.1728,21.0616,429,65264,0.259394,0.15,1,166297,165868,429
17563221,16.8691,15.6246,431,65296,0.277758,0.21,1,166311,165880,431
17566141,18.7476,17.6499,432,65328,0.285103,0.17,1,166331,165899,432
17607021,14.7102,14.6717,432,65776,0.410975,0.19,1,166579,166147,432
17609941,29.8841,30.4687,431,65808,0.42239,0.19,1,166619,166188,431
17612861,17.9536,18.1875,431,65840,0.414956,0.23,1,166629,166198,431
17615781,25.1815,24.075,433,65872,0.435982,0.27,1,166659,166226,433
17627461,18.1934,16.8691,436,66000,0.414409,0.29,1,166747,166311,436
17630381,19.2774,18.7476,436,66032,0.411764,0.31,1,166767,166331,436
17636221,11.7244,11.3996,437,66096,0.405482,0.35,1,166794,166357,437
17639141,31.6898,31.5599,437,66128,0.420193,0.35,1,166839,166402,437
17677101,18.2002,29.5792,451,66544,0.443243,0.41,1,167070,166619,451
17680021,24.0801,17.8317,469,66576,0.435297,0.45,1,167098,166629,469
17682941,25.832,25.1327,466,66608,0.444119,0.37,1,167125,166659,466
17685861,27.1328,26.2531,467,66640,0.447648,0.39,1,167153,166686,467
17688781,21.6531,26.7012,458,66671,0.449059,0.39,1,167171,166713,458
17691701,18.2612,21.4805,456,66702,0.449624,0.43,1,167187,166731,456
17802661,10.7806,14.7116,450,67880,0.759246,0.57,2,167912,167462,450
17805581,28.9123,29.8846,451,67911,0.765699,0.59,2,167953,167502,451
17808501,17.5649,17.9539,451,67942,0.768279,0.59,2,167963,167512,451
17811421,23.826,23.9815,451,67973,0.793312,0.59,2,167991,167540,451
17820181,22.3329,21.7428,452,68066,0.772932,0.61,2,168066,167614,452
17823101,20.9331,19.4971,454,68097,0.759173,0.67,2,168086,167632,454
17826021,21.5733,20.3989,455,68128,0.777669,0.67,2,168108,167653,455
17852301,16.4354,16.181,458,68407,0.905278,0.73,2,168293,167835,458
17855221,7.77417,7.67239,458,68438,0.908111,0.73,2,168295,167837,458
17858141,19.9097,19.869,458,68469,0.933244,0.73,2,168323,167865,458
17861061,13.9639,13.9476,458,68500,0.919298,0.71,2,168333,167875,458
17863981,19.9855,19.379,459,68531,0.937719,0.71,2,168357,167898,459
17866901,9.19422,8.95161,459,68562,0.921088,0.79,2,168359,167900,459
17869821,10.8777,10.7806,459,68593,0.938435,0.77,2,168371,167912,459
17896101,20.7833,20.6293,461,68869,0.945086,0.83,2,168589,168128,461
17899021,11.9133,11.8517,461,68899,0.936034,0.91,2,168595,168134,461
17901941,37.1653,34.7407,465,68929,0.944414,0.89,2,168649,168184,465
18208541,18.7985,11.4468,516,72045,0.946,1,2,170784,170268,516
18288841,307.011,343.381,463,33580,0.431344,0.7,1,171325,170862,463
18306361,55.7798,61.1475,440,34678,0.0830423,0.09,1,171575,171135,440
18309281,39.1119,40.059,442,34739,0.0632169,0.07,1,171603,171161,442
18312201,36.0448,38.8236,438,34800,0.0432868,0.09,1,171637,171199,438
18315121,40.2179,43.1294,435,34861,0.0833147,0.07,1,171680,171245,435
18318041,40.0872,48.4518,423,34922,0.0993259,0.03,1,171720,171297,423
18320961,28.6349,25.9807,433,34983,0.0697304,0.07,1,171741,171308,433
18323881,40.2539,20.5923,464,35043,0.0818921,0.03,1,171789,171325,464
18326801,29.9016,32.2369,447,35103,0.0987569,0.07,1,171812,171365,447
18332641,41.0243,39.4779,467,35223,0.259401,0.21,1,171903,171436,467
18347241,41.6406,35.8571,469,35523,0.412125,0.11,1,172106,171637,469
18350161,40.6562,40.1428,466,35583,0.42285,0.11,1,172146,171680,466
18353081,27.0625,40.0571,444,35642,0.42714,0.05,1,172164,171720,444
18356001,12.025,28.6229,425,35701,0.428856,0.09,1,172166,171741,425
18370601,40.1878,39.2096,436,35996,0.762187,0.35,2,172377,171941,436
18373521,53.2751,49.8838,441,36055,0.766875,0.41,2,172439,171998,441
18376441,39.31,36.7535,443,36114,0.78075,0.39,2,172469,172026,443
18379361,34.924,35.1014,441,36173,0.7863,0.43,2,172501,172060,441
18393961,34.9349,34.21,445,36463,0.900631,0.49,2,172660,172215,445
18396881,28.974,28.684,445,36521,0.930252,0.71,2,172685,172240,445
18478641,61.5415,43.563,544,38109,0.0584269,1,1,173855,173311,544
18484481,31.2066,42.8501,500,38219,0.0921483,1,1,173905,173405,500
18487401,50.8827,30.94,541,38274,0.0908593,0.98,1,173969,173428,541
18490321,37.1531,44.176,516,38329,0.0543437,1,1,173997,173481,516
18493241,29.8612,47.0704,492,38384,0.201737,1,1,174022,173530,492
18513681,28.8447,39.8537,422,38769,0.436864,0.01,1,174201,173779,422
18519521,35.9352,39.0166,424,38877,0.0770983,0.07,1,174303,173879,424
18522441,28.7741,31.2066,422,38931,0.0848393,0.09,1,174327,173905,422
18525361,51.7096,50.8827,425,38985,0.0639357,0.03,1,174394,173969,425
18528281,38.0839,37.1531,426,39039,0.0435743,0.3,1,174423,173997,426
18531201,48.8335,29.8612,457,39093,0.0354297,0.73,1,174479,174022,457
18534121,36.3334,29.3445,456,39147,0.0321719,0.71,1,174507,174051,456
18537041,31.3334,27.3378,458,39201,0.0788688,0.71,1,174535,174077,458
18539961,20.9333,19.9351,457,39255,0.0975475,0.63,1,174549,174092,457
18554561,49.3654,61.3379,422,39525,0.0762725,0,1,174706,174284,422
18557481,31.1462,35.9352,422,39578,0.048509,0.09,1,174725,174303,422
18560401,26.8585,28.7741,422,39631,0.0494036,0.05,1,174749,174327,422
18563321,50.9434,51.7096,422,39684,0.0197614,0.03,1,174816,174394,422
18566241,37.7774,38.0839,422,39737,0.0259046,0.03,1,174845,174423,422
18569161,48.7109,48.8335,422,39790,0.0283618,0.03,1,174901,174479,422
18572081,38.0844,36.3334,425,39843,0.0413447,0.11,1,174932,174507,425
18575001,33.2337,31.3334,427,39896,0.0585379,0.11,1,174962,174535,427
18577921,21.6935,20.9333,427,39949,0.0894152,0.11,1,174976,174549,427
18592521,45.7732,17.0854,488,40214,0.0662436,0.03,1,175127,174639,488
18595441,29.7093,47.0342,440,40267,0.0444974,0.03,1,175146,174706,440
18598361,26.2837,30.2137,445,40319,0.047799,0.05,1,175170,174725,445
18601281,50.7135,26.4855,488,40371,0.0251196,0,1,175237,174749,488
18604201,38.2854,50.7942,451,40423,0.0400478,0.03,1,175267,174816,451
18607121,48.3142,37.7177,477,40475,0.0340191,0.03,1,175322,174845,477
18610041,38.5257,48.6871,453,40527,0.0196077,0.05,1,175354,174901,453
18612961,34.6103,38.0748,454,40579,0.0378431,0.07,1,175386,174932,454
18615881,22.8441,33.2299,439,40631,0.0571372,0.11,1,175401,174962,439
18618801,30.1376,21.692,460,40683,0.0648549,0.15,1,175436,174976,460
18621721,13.2551,29.0768,428,40735,0.067942,0.11,1,175438,175010,428
18624641,24.502,12.8307,458,40787,0.0691768,0.15,1,175470,175012,458
18627561,23.0008,24.3323,448,40839,0.0696707,0.11,1,175492,175044,448
18630481,42.8003,22.9329,482,40891,0.0698683,0.03,1,175548,175066,482
18633401,29.1201,45.7732,441,40943,0.0459473,0.03,1,175568,175127,441
18636321,26.6481,29.7093,447,40995,0.0483789,0.05,1,175593,175146,447
18639241,50.2592,26.2837,489,41046,0.0253516,0.01,1,175659,175170,489
18642161,37.5037,50.7135,451,41097,0.0101406,0.05,1,175688,175237,451
18645081,48.6015,38.2854,477,41148,0.0220562,0.03,1,175744,175267,477
18648001,38.6406,48.3142,454,41199,0.0148225,0.01,1,175776,175322,454
18650921,35.2562,38.5257,455,41250,0.035929,0.05,1,175809,175354,455
18653841,22.5025,34.6103,437,41301,0.0563716,0.07,1,175823,175386,437
18656761,31.201,22.8441,459,41352,0.0885486,0.07,1,175860,175401,459
18683041,37.172,37.5037,423,41811,0.0653539,0.03,1,176111,175688,423
18685961,49.0688,48.6015,424,41861,0.0441416,0.01,1,176168,175744,424
18688881,38.2275,38.6406,423,41911,0.0476566,0.05,1,176199,175776,423
18691801,35.691,35.2562,424,41961,0.0610626,0.07,1,176233,175809,424
18694721,23.8764,22.5025,426,42011,0.0424251,0.11,1,176249,175823,426
18697641,33.5506,31.201,429,42061,0.07097,0.11,1,176289,175860,429
18700561,14.6202,13.6804,429,42111,0.082388,0.19,1,176291,175862,429
18703481,26.2481,24.6722,431,42161,0.0869552,0.17,1,176325,175894,431
18750201,10.7362,10.6797,426,42955,0.200859,0.09,1,176775,176349,426
18753121,36.0945,36.0719,426,43004,0.218343,0.09,1,176828,176402,426
18756041,24.0378,14.4288,442,43053,0.201337,0.15,1,176844,176402,442
18758961,25.8151,15.3715,453,43102,0.206535,0.17,1,176871,176418,453
18761881,47.526,21.7486,489,43151,0.220614,0.11,1,176933,176444,489
18764801,34.6104,46.4994,452,43200,0.226246,0.15,1,176959,176507,452
18767721,48.0442,34.1998,483,43249,0.240498,0.13,1,177016,176533,483
18770641,37.8177,48.4799,456,43298,0.246199,0.13,1,177047,176591,456
18773561,36.7271,37.392,462,43347,0.24848,0.13,1,177083,176621,462
18776481,23.0908,35.9568,441,43396,0.261392,0.15,1,177097,176656,441
18779401,36.2363,23.3827,471,43445,0.278557,0.11,1,177142,176671,471
18782321,15.6945,35.7531,429,43494,0.285423,0.13,1,177144,176715,429
18788161,25.3111,26.6005,452,43591,0.286868,0.21,1,177203,176751,452
18791081,11.3244,23.8402,432,43639,0.276747,0.21,1,177205,176773,432
18794001,36.3298,10.7361,483,43687,0.284699,0.23,1,177258,176775,483
18796921,24.1319,36.0944,446,43735,0.28788,0.19,1,177274,176828,446
18799841,26.4528,24.0378,458,43783,0.289152,0.21,1,177302,176844,458
18829041,25.5969,27.2778,460,44263,0.410178,0.27,1,177639,177179,460
18831961,11.4387,25.3111,438,44311,0.422071,0.27,1,177641,177203,438
18928321,27.2844,27.0023,452,45855,0.778488,0.65,2,178637,178185,452
18931241,12.1138,12.0009,452,45901,0.797395,0.63,2,178639,178187,452
18934161,43.2455,43.8004,451,45947,0.792958,0.63,2,178703,178252,451
18937081,32.8982,17.5201,477,45993,0.791183,0.65,2,178729,178252,477
18963361,12.2878,27.7909,457,46406,0.913329,0.71,2,178990,178533,457
18966281,39.1151,12.3163,512,46451,0.923331,0.75,2,179047,178535,512
18969201,27.646,38.5265,476,46496,0.927333,0.73,2,179067,178591,476
18972121,28.4584,26.2106,487,46541,0.916933,0.81,2,179096,178609,487
18975041,12.5834,27.2842,461,46586,0.912773,0.81,2,179098,178637,461
18983801,49.8853,32.8982,521,46721,0.927458,0.81,2,179250,178729,521
18986721,39.1541,48.5593,494,46766,0.940983,0.85,2,179282,178788,494
19179441,29.099,31.1883,496,49655,0.912525,1,2,181236,180740,496
19196961,23.9041,21.2975,507,49907,0.281352,1,1,181400,180893,507
19199881,28.1617,28.319,505,49949,0.202541,1,1,181431,180926,505
19205721,28.2659,29.371,505,50033,0.0552066,1,1,181488,180983,505
19208641,28.1063,26.1484,509,50075,0.0760826,1,1,181516,181007,509
19211561,36.4425,37.4594,506,50117,0.072433,1,1,181558,181052,506
19214481,34.377,32.3837,510,50159,0.0829732,0.93,1,181591,181081,510
19217401,34.1508,28.5535,518,50201,0.0871893,1,1,181625,181107,518
19220321,30.4603,41.4214,496,50243,0.0768757,1,1,181653,181157,496
19223241,25.9841,30.3686,496,50285,0.0487503,0.99,1,181676,181180,496
19226161,11.5937,27.7474,472,50327,0.0375001,0.86,1,181678,181206,472
19229081,19.0375,29.099,466,50369,0.045,0.83,1,181702,181236,466
19232001,28.615,35.6396,461,50411,0.06,0.67,1,181737,181276,461
19234921,22.846,29.2558,455,50453,0.054,0.61,1,181756,181301,455
19237841,16.9384,25.5023,445,50495,0.0756,0.45,1,181769,181324,445
19240761,20.5754,26.4009,441,50537,0.04824,0.29,1,181792,181351,441
19243681,22.0301,26.7604,437,50579,0.073296,0.21,1,181815,181378,437
19246601,18.4121,23.9041,431,50621,0.0593184,0.15,1,181831,181400,431
19249521,22.9648,28.1617,426,50663,0.0537274,0.07,1,181857,181431,426
19252441,25.3859,28.6647,424,50705,0.0754909,0.01,1,181884,181460,424
19258281,27.8217,28.1063,425,50789,0.0732785,0.07,1,181941,181516,425
19269961,27.285,30.4603,422,50953,0.201508,0.03,1,182075,181653,422
19278721,19.4342,19.0375,423,51076,0.226737,0.07,1,182125,181702,423
19281641,28.7737,28.615,423,51117,0.240695,0.05,1,182160,181737,423
19284561,23.5095,22.846,424,51158,0.222278,0.09,1,182180,181756,424
19287481,17.2038,16.9384,424,51199,0.226911,0.03,1,182193,181769,424
19290401,19.4815,20.5754,422,51240,0.264764,0.09,1,182214,181792,422
19293321,22.7926,22.0301,424,51281,0.267906,0.05,1,182239,181815,424
19299161,23.8068,22.9648,424,51363,0.272065,0.09,1,182281,181857,424
19310841,36.8063,36.3287,425,51527,0.442757,0.19,1,182408,181983,425
19331281,29.6504,7.7737,468,51814,0.780598,0.25,2,182593,182125,468
19334201,22.6602,24.1095,451,51855,0.798239,0.21,2,182611,182160,451
19351721,26.0871,23.7877,462,52099,0.936622,0.33,2,182743,182281,462
19502101,313.682,328.439,485,24820,0.43432,0.71,1,184170,183685,485
19510861,90.1796,102.14,464,25075,0.435076,0.17,1,184394,183930,464
19525461,28.6156,34.5144,435,25495,0.27217,0.07,1,184584,184149,435
19528381,60.6462,26.4058,496,25578,0.210868,0.03,1,184666,184170,496
19534221,79.0634,66.9849,522,25744,0.0589389,0.47,1,184841,184319,522
19537141,56.2254,71.794,488,25826,0.0415756,0.57,1,184882,184394,488
19540061,53.0901,53.3176,498,25908,0.0346302,0.55,1,184933,184435,498
19542981,45.2361,51.927,487,25990,0.0318521,0.29,1,184973,184486,487
19545901,27.6944,53.1708,449,26072,0.0307408,0.25,1,184989,184540,449
19548821,27.2778,32.0683,458,26153,0.0302963,0.25,1,185016,184558,458
19551741,58.3111,28.4273,511,26234,0.0301185,0.17,1,185095,184584,511
19554661,78.5244,60.5709,521,26315,0.0540474,0.03,1,185187,184666,521
19557581,77.0098,83.6284,498,26396,0.063619,0.03,1,185263,184765,498
19560501,55.4039,79.0513,463,26476,0.0554476,0.03,1,185304,184841,463
19563421,52.7616,56.2205,473,26556,0.064179,0.03,1,185355,184882,473
19583861,71.4834,77.0098,425,27110,0.203985,0.05,1,185688,185263,425
19589701,52.8373,52.7616,426,27266,0.228238,0.13,1,185781,185355,426
19592621,46.3349,45.1046,428,27344,0.277295,0.13,1,185823,185395,428
19595541,28.134,27.6418,428,27421,0.296918,0.11,1,185839,185411,428
19613061,53.1806,52.5933,431,27881,0.42932,0.25,1,186159,185728,431
19615981,53.6722,52.8373,432,27957,0.417728,0.31,1,186213,185781,432
19688981,77.3745,68.9468,535,29793,0.757186,0.61,2,187465,186930,535
19691901,32.1498,77.3787,454,29864,0.764874,0.65,2,187467,187013,454
19694821,37.4599,55.5515,454,29935,0.77995,0.65,2,187508,187054,454
19709421,61.4866,60.3519,458,30287,0.908035,0.73,2,187740,187282,458
19712341,25.7947,25.3408,458,30357,0.945214,0.75,2,187742,187284,458
19718181,79.1271,77.3745,462,30497,0.930034,0.77,2,187927,187465,462
19721101,32.8509,32.1498,462,30566,0.942014,0.79,2,187929,187467,462
19799941,36.6232,62.4773,491,32383,0.946,1,2,189168,188677,491
19811621,37.4512,40.6906,506,32643,0.416138,1,1,189385,188879,506
19817461,33.7122,44.5505,499,32773,0.250182,1,1,189463,188964,499
19820381,30.2849,50.2202,473,32838,0.214073,1,1,189491,189018,473
19837901,59.7416,72.8197,444,33222,0.203612,0.45,1,189774,189330,444
19840821,34.0966,41.1279,441,33286,0.207445,0.35,1,189791,189350,441
19843741,32.8387,37.4512,438,33350,0.232978,0.29,1,189823,189385,438
19846661,44.9355,46.7805,438,33413,0.231191,0.19,1,189876,189438,438
19849581,30.5742,33.7122,434,33476,0.230476,0.19,1,189897,189463,434
19852501,24.8297,30.2849,427,33539,0.242191,0.13,1,189918,189491,427
19855421,30.9319,32.514,428,33602,0.270876,0.15,1,189953,189525,428
19858341,35.7727,33.4056,433,33665,0.282351,0.13,1,189992,189559,433
19870021,60.5462,59.7416,431,33916,0.428236,0.21,1,190205,189774,431
19872941,35.0185,34.0966,432,33978,0.441294,0.25,1,190223,189791,432
19922581,38.703,32.9427,489,35021,0.761916,0.57,2,190877,190388,489
19937181,35.9048,62.2996,476,35321,0.929258,0.75,2,191124,190648,476
19940101,33.5619,35.7198,490,35381,0.941703,0.73,2,191156,190666,490
20045221,35.7294,37.5083,518,37472,0.79144,1,2,192593,192075,518
20048141,33.4918,37.2033,513,37528,0.766576,1,2,192625,192112,513
20059821,37.6398,35.0564,516,37752,0.44716,1,1,192765,192249,516
20065661,46.5824,26.369,546,37864,0.255146,1,1,192850,192304,546
20071501,44.8932,32.179,536,37976,0.0804233,1,1,192925,192389,536
20074421,64.7573,51.2716,550,38032,0.0381693,0.99,1,193003,192453,550
20077341,37.9029,70.3086,487,38088,0.0152677,0.81,1,193023,192536,487
20080261,30.7612,44.3235,486,38143,0.0121071,0.73,1,193049,192563,486
20083181,29.1045,35.7294,484,38198,0.0468428,0.75,1,193077,192593,484
20086101,30.2418,33.4918,483,38253,0.0367371,0.59,1,193108,192625,483
20089021,27.0967,31.9967,477,38308,0.0326949,0.63,1,193133,192656,477
20091941,33.0387,28.9987,487,38363,0.0550779,0.51,1,193170,192683,487
20094861,34.8155,38.5995,478,38418,0.0400312,0.37,1,193206,192728,478
20097781,27.7262,37.6398,464,38473,0.0700125,0.29,1,193229,192765,464
20100701,40.4905,32.4559,484,38528,0.058005,0.19,1,193278,192794,484
20103621,28.7962,46.5824,449,38583,0.041202,0.09,1,193299,192850,449
20106541,12.7185,31.2329,430,38638,0.0344808,0.03,1,193301,192871,430
20109461,33.2874,44.8932,423,38693,0.0437923,0.01,1,193348,192925,423
20112381,59.515,64.7573,422,38748,0.0355169,0,1,193425,193003,422
20115301,36.406,37.9029,423,38803,0.0322068,0.01,1,193446,193023,423
20118221,30.1624,30.7612,423,38857,0.0788827,0.07,1,193472,193049,423
20121141,30.065,29.1045,425,38911,0.0735531,0.03,1,193502,193077,425
20124061,29.426,30.2418,423,38965,0.0474212,0.03,1,193531,193108,423
20126981,27.9704,27.0967,425,39019,0.0249685,0.07,1,193558,193133,425
20129901,32.7882,33.0387,424,39073,0.0399874,0.03,1,193594,193170,424
20132821,34.7153,34.8155,424,39127,0.033995,0.09,1,193630,193206,424
20135741,28.8861,27.7262,426,39181,0.043598,0.05,1,193655,193229,426
20138661,40.3544,40.4905,425,39235,0.0354392,0.03,1,193703,193278,425
20141581,28.1418,28.7962,424,39289,0.0441757,0.03,1,193723,193299,424
20144501,12.4567,12.7185,424,39343,0.0476703,0.05,1,193725,193301,424
20147421,31.9827,33.2874,422,39397,0.0610681,0.03,1,193770,193348,422
20150341,58.9931,59.515,422,39451,0.0664272,0.03,1,193847,193425,422
20153261,36.1972,36.406,422,39505,0.0685709,0.11,1,193868,193446,422
20156181,31.8789,30.1624,425,39558,0.0934284,0.07,1,193897,193472,425
20164941,27.6482,27.9704,422,39717,0.0609394,0.05,1,193980,193558,422
20167861,33.2593,32.7882,423,39770,0.0543758,0.03,1,194017,193594,423
20170781,34.9037,34.7153,423,39823,0.0517503,0.05,1,194053,193630,423
20173701,29.5615,28.8861,424,39876,0.0627001,0.03,1,194079,193655,424
20176621,39.4246,40.3544,422,39929,0.0670801,0.05,1,194125,193703,422
20179541,27.7698,28.1418,422,39982,0.056832,0.05,1,194145,193723,422
20182461,12.3079,12.4567,422,40035,0.0527328,0.07,1,194147,193725,422
20185381,33.7232,31.9827,425,40088,0.0510931,0.07,1,194195,193770,425
20188301,57.8893,12.7931,499,40141,0.0864373,0.07,1,194269,193770,499
20191221,35.7557,51.3172,443,40194,0.0885749,0.07,1,194290,193847,443
20194141,33.5023,33.1269,454,40247,0.08943,0.11,1,194322,193868,454
20199981,28.5204,29.0603,453,40351,0.0947088,0.11,1,194378,193925,453
20202901,25.8081,28.4241,449,40403,0.0918835,0.03,1,194402,193953,449
20205821,33.1233,27.5696,460,40455,0.0907534,0.05,1,194440,193980,460
20211661,29.7797,34.8911,450,40559,0.0997205,0.07,1,194503,194053,450
20214581,38.3119,29.5565,468,40611,0.0938882,0.07,1,194547,194079,468
20217501,26.7248,39.4226,441,40663,0.0795553,0.05,1,194566,194125,441
20220421,11.8899,27.769,423,40715,0.0978221,0.05,1,194568,194145,423
20223341,34.756,12.3076,471,40767,0.0811288,0.05,1,194618,194147,471
20226261,60.1024,33.723,500,40819,0.0744515,0.11,1,194695,194195,500
20229181,36.041,57.8892,446,40871,0.0837806,0.09,1,194715,194269,446
20232101,34.2164,35.7557,458,40923,0.0995122,0.09,1,194748,194290,458
20243781,33.0455,25.8081,463,41129,0.220228,0.09,1,194865,194402,463
20246701,35.4182,33.1233,462,41180,0.226091,0.13,1,194902,194440,462
20249621,29.7673,35.4493,451,41231,0.240436,0.09,1,194928,194477,451
20252541,38.3069,29.7797,469,41282,0.246175,0.09,1,194972,194503,469
20255461,27.3228,38.3119,445,41333,0.24847,0.07,1,194992,194547,445
20258381,12.1291,26.7248,428,41384,0.249388,0.11,1,194994,194566,428
20261301,33.6516,11.8899,474,41435,0.273755,0.07,1,195042,194568,474
20264221,60.2607,34.756,502,41486,0.295502,0.07,1,195120,194618,502
20308021,36.3124,36.1043,437,42243,0.437594,0.31,1,195577,195140,437
20310941,15.725,15.6417,437,42293,0.433038,0.31,1,195579,195142,437
20375181,39.731,31.0383,496,43378,0.755435,0.63,2,196297,195801,496
20378101,29.0924,38.8153,474,43427,0.764174,0.61,2,196319,195845,474
20381021,12.837,29.3261,453,43476,0.76767,0.61,2,196321,195868,453
20395621,28.1558,16.075,490,43717,0.773874,0.67,2,196512,196022,490
20398541,29.8623,28.03,485,43765,0.771549,0.67,2,196543,196058,485
20401461,27.5449,28.612,482,43813,0.79462,0.71,2,196569,196087,482
20416061,40.8161,33.3275,503,44053,0.910258,0.77,2,196756,196253,503
20418981,29.5265,39.731,481,44101,0.922103,0.77,2,196778,196297,481
20421901,13.0106,29.0924,461,44149,0.926841,0.77,2,196780,196319,461
20424821,35.2042,12.837,509,44197,0.928737,0.73,2,196830,196321,509
20588341,35.8625,34.7742,510,46793,0.928,1,2,198595,198085,510
20602941,56.3919,29.5785,544,47018,0.417512,1,1,198787,198243,544
20605861,38.1567,59.2314,491,47063,0.257005,1,1,198813,198322,491
20611701,36.3451,25.557,514,47153,0.0903208,1,1,198876,198362,514
20614621,27.738,32.4228,499,47198,0.0901283,1,1,198898,198399,499
20617541,26.0952,27.3691,500,47243,0.0360513,1,1,198923,198423,500
20620461,21.8381,25.9476,494,47288,0.0204205,1,1,198942,198448,494
20623381,23.1352,22.3791,498,47333,0.0381682,1,1,198966,198468,498
20626301,24.2541,23.3516,499,47378,0.0152673,1,1,198991,198492,499
20629221,20.5016,26.1407,489,47422,0.0601069,1,1,199009,198520,489
20632141,21.4007,32.6563,474,47466,0.0660428,0.88,1,199031,198557,474
20635061,25.9603,35.8625,465,47510,0.0444171,0.81,1,199060,198595,465
20637981,30.1841,37.745,459,47554,0.0597668,0.77,1,199093,198634,459
20640901,28.8736,32.498,458,47598,0.0539067,0.65,1,199121,198663,458
20643821,21.7495,26.1992,453,47642,0.0275627,0.59,1,199138,198685,453
20646741,22.4998,25.4797,451,47686,0.0290251,0.27,1,199161,198710,451
20649661,43.7999,56.3919,432,47730,0.05361,0.15,1,199219,198787,432
20652581,30.72,38.1567,428,47774,0.051444,0.03,1,199241,198813,428
20655501,22.488,27.8627,424,47818,0.0385776,0.07,1,199258,198834,424
20658421,32.9952,36.3451,422,47862,0.033431,0.09,1,199298,198876,422
20661341,26.3981,27.738,422,47906,0.0193724,0,1,199320,198898,422
20664261,26.1592,26.0952,423,47950,0.037749,0.01,1,199346,198923,423
20667181,23.0637,21.8381,425,47994,0.0150996,0.05,1,199367,198942,425
20670101,23.0255,23.1352,424,48038,0.0480398,0,1,199390,198966,424
20673021,23.6102,24.2541,423,48082,0.0372159,0.09,1,199414,198991,423
20675941,20.8441,20.5016,424,48126,0.0448864,0.07,1,199433,199009,424
20678861,20.3376,21.4007,422,48170,0.0599546,0.03,1,199453,199031,422
20681781,25.5351,25.9603,422,48214,0.0779818,0.07,1,199482,199060,422
20684701,31.214,30.1841,424,48258,0.0491927,0.05,1,199517,199093,424
20687621,28.6856,28.8736,423,48302,0.0376771,0.01,1,199544,199121,423
20690541,21.0742,21.7495,422,48346,0.0330708,0.03,1,199560,199138,422
20693461,22.2297,22.4998,422,48390,0.0672283,0.07,1,199583,199161,422
20710981,25.8137,26.1592,422,48650,0.0879637,0,1,199768,199346,422
20713901,22.9255,23.0637,422,48693,0.0351855,0.07,1,199789,199367,422
20716821,23.5702,23.0255,423,48736,0.0200742,0.03,1,199813,199390,423
20719741,23.2281,23.6102,422,48779,0.0260297,0.05,1,199836,199414,422
20722661,22.4912,20.8441,425,48822,0.0404119,0.07,1,199858,199433,425
20725581,20.9965,20.3376,425,48865,0.0461647,0.07,1,199878,199453,425
20728501,24.5986,8.13505,452,48908,0.0364659,0.09,1,199905,199453,452
20731421,30.2394,20.654,457,48951,0.0325864,0.03,1,199939,199482,457
20734341,28.2958,29.2616,449,48994,0.0310345,0.03,1,199966,199517,449
20737261,21.5183,27.9046,439,49037,0.0424138,0.03,1,199983,199544,439
20740181,22.4073,20.7619,446,49080,0.0589655,0.09,1,200006,199560,446
20743101,47.9629,22.1047,488,49123,0.0535862,0.13,1,200071,199583,488
20746021,31.7852,45.4419,448,49166,0.0634345,0.21,1,200092,199644,448
20748941,24.7141,29.5768,449,49209,0.0793738,0.21,1,200112,199663,449
20751861,30.8856,23.8307,464,49252,0.0977495,0.15,1,200147,199683,464
20763541,23.2259,22.9253,445,49424,0.0742624,0.01,1,200234,199789,445
20766461,23.0903,23.5701,444,49467,0.047705,0.03,1,200257,199813,444
20769381,22.4361,23.228,443,49510,0.037082,0.05,1,200279,199836,443
20772301,20.9745,22.4912,441,49553,0.0448328,0.05,1,200299,199858,441
20775221,25.1898,20.9965,449,49596,0.0599331,0.03,1,200327,199878,449
20778141,30.4759,24.5986,456,49638,0.0779732,0.03,1,200361,199905,456
20781061,28.3904,30.2394,449,49680,0.0971893,0.03,1,200388,199939,449
20789821,47.849,22.4073,488,49806,0.2551,0.05,1,200494,200006,488
20827781,13.994,30.4759,428,50352,0.404075,0.11,1,200789,200361,428
20830701,21.1976,28.3904,427,50394,0.43163,0.13,1,200815,200388,427
20833621,18.079,21.5561,426,50436,0.418652,0.11,1,200831,200405,426
20889101,52.3425,51.1326,447,51223,0.770124,0.51,2,201380,200933,447
20903701,25.2886,24.4746,448,51428,0.92339,0.57,2,201505,201057,448
20906621,21.5155,19.3899,451,51469,0.939356,0.61,2,201524,201073,451
21062841,255.434,278.537,477,23360,0.406,0.85,1,203276,202799,477
21089121,271.374,288.415,464,24820,0.2284,0.79,1,203558,203094,464
21097881,67.0239,91.9465,422,25075,0.0609376,0.03,1,203698,203276,422
21103721,60.4038,74.9514,441,25244,0.07095,0,1,203836,203395,441
21106641,72.7615,61.7806,469,25328,0.08238,0.01,1,203917,203448,469
21109561,43.5046,58.3122,437,25412,0.050952,0.03,1,203941,203504,437
21112481,34.8018,39.5249,439,25495,0.0383808,0.11,1,203970,203531,439
21115401,45.1207,32.01,464,25578,0.0573523,0.07,1,204022,203558,464
21124161,77.2397,51.7046,515,25826,0.0759105,0.13,1,204213,203698,515
21127081,57.2959,75.8819,467,25908,0.0483642,0.05,1,204257,203790,467
21130001,72.7184,57.9527,504,25990,0.0613457,0.09,1,204340,203836,504
21132921,42.8873,71.7811,446,26072,0.0425383,0.03,1,204363,203917,446
21135841,34.5549,43.1124,451,26153,0.0350153,0.03,1,204392,203941,451
21138761,48.622,34.645,480,26234,0.0440061,0.07,1,204450,203970,480
21141681,41.6488,45.058,465,26315,0.0836025,0.19,1,204487,204022,465
21144601,52.6595,40.2232,488,26396,0.099441,0.15,1,204547,204059,488
21147521,73.8638,52.0893,516,26476,0.0697764,0.03,1,204635,204119,516
21150441,55.3455,77.2357,465,26556,0.0339106,0.03,1,204678,204213,465
21153361,73.7382,57.2943,507,26636,0.0435642,0.07,1,204764,204257,507
21156281,42.0953,72.7177,445,26716,0.0354257,0.03,1,204785,204340,445
21159201,34.2381,42.8871,451,26795,0.0441703,0.03,1,204814,204363,451
21162121,50.2952,34.5548,483,26874,0.0356681,0.05,1,204875,204392,483
21165041,21.3181,48.6219,427,26953,0.0322672,0.11,1,204877,204450,427
21167961,30.7272,41.6488,427,27032,0.0669069,0.11,1,204914,204487,427
21170881,48.2909,52.6595,427,27110,0.0807628,0.05,1,204974,204547,427
21173801,70.3164,73.8638,424,27188,0.0503051,0.01,1,205059,204635,424
21176721,53.3265,55.3455,423,27266,0.038122,0.05,1,205101,204678,423
21179641,73.5306,73.7382,424,27344,0.0332488,0.03,1,205188,204764,424
21182561,41.4122,42.0953,423,27421,0.0552995,0.05,1,205208,204785,423
21185481,34.5649,34.2381,424,27498,0.0881198,0.03,1,205238,204814,424
21203001,51.6705,53.3265,422,27957,0.0653702,0.03,1,205523,205101,422
21205921,73.4682,73.5306,423,28033,0.0561481,0.07,1,205611,205188,423
21208841,42.5873,41.4122,425,28109,0.0524592,0.11,1,205633,205208,425
21211761,35.0349,34.5649,425,28184,0.0269837,0.17,1,205663,205238,425
21214681,52.414,49.826,429,28259,0.0287935,0.13,1,205727,205298,429
21217601,22.1656,21.1304,429,28334,0.0295174,0.17,1,205729,205300,429
21220521,32.8662,31.8522,430,28409,0.029807,0.17,1,205769,205339,430
21223441,50.3465,12.7409,492,28484,0.0539228,0.19,1,205831,205339,492
21229281,48.1354,66.1185,461,28632,0.0626276,0.01,1,205944,205483,461
21232201,72.0542,50.4474,509,28706,0.0310511,0.05,1,206032,205523,509
21235121,42.0217,72.979,443,28780,0.0304204,0.05,1,206054,205611,443
21238041,34.8087,42.3916,451,28854,0.0541682,0.01,1,206084,205633,451
21240961,52.9235,34.9566,486,28927,0.0876673,0.03,1,206149,205663,486
21258481,71.3219,48.1351,510,29363,0.0666797,0.01,1,206454,205944,510
21261401,42.3287,72.054,445,29435,0.0326719,0.03,1,206477,206032,445
21264321,35.5315,42.0216,454,29507,0.0430688,0.07,1,206508,206054,454
21267241,54.4126,34.8086,491,29579,0.0592275,0.11,1,206575,206084,491
21270161,22.965,52.9235,428,29651,0.065691,0.11,1,206577,206149,428
21273081,33.786,22.3694,467,29722,0.0562764,0.13,1,206618,206151,467
21276001,54.3144,32.9478,495,29793,0.0885106,0.17,1,206686,206191,495
21302281,33.2858,33.786,424,30427,0.215144,0.11,1,207042,206618,424
21305201,55.9143,54.3144,427,30497,0.236058,0.11,1,207113,206686,427
21308121,23.5657,22.9258,427,30566,0.220423,0.17,1,207115,206688,427
21311041,57.4263,56.5703,428,30635,0.262169,0.17,1,207195,206767,428
21328561,23.842,23.2145,430,31047,0.294202,0.25,1,207432,207002,430
21331481,34.7368,33.2858,432,31115,0.291681,0.25,1,207474,207042,432
21334401,56.4947,55.9143,432,31183,0.290672,0.21,1,207545,207113,432
21337321,23.7979,23.5657,432,31251,0.290269,0.29,1,207547,207115,432
21351921,35.684,37.3261,468,31588,0.417241,0.31,1,207795,207327,468
21354841,55.0736,34.1304,504,31655,0.436896,0.29,1,207863,207359,504
21357761,23.2294,56.2522,435,31722,0.444759,0.29,1,207865,207430,435
21360681,36.2918,23.7009,478,31789,0.447903,0.29,1,207910,207432,478
21407401,59.4052,68.5076,453,32838,0.754158,0.63,2,208634,208181,453
21410321,36.9621,40.6031,453,32902,0.799663,0.63,2,208656,208203,453
21424921,60.0559,59.378,457,33222,0.920909,0.71,2,208885,208428,457
21427841,25.2224,24.9512,457,33286,0.926363,0.75,2,208887,208430,457
21430761,62.889,61.5805,459,33350,0.928545,0.73,2,208975,208516,459
21716921,34.301,34.4387,496,39073,0.94,1,2,212958,212462,496
21731521,41.8136,42.7472,494,39343,0.430538,1,1,213167,212673,494
21743201,31.9104,32.0687,504,39558,0.0661738,1,1,213300,212796,504
21746121,27.7642,30.8275,499,39611,0.0444695,1,1,213325,212826,499
21749041,38.1057,53.131,476,39664,0.0237878,1,1,213370,212894,476
21751961,41.0423,42.2524,484,39717,0.0515151,0.9,1,213413,212929,484
21754881,30.2169,34.301,478,39770,0.074606,1,1,213436,212958,478
21757801,36.6868,43.7204,469,39823,0.0298424,0.83,1,213477,213008,469
21760721,32.6747,39.0882,463,39876,0.029937,0.83,1,213507,213044,463
21763641,23.8699,28.8353,459,39929,0.0299748,0.45,1,213525,213066,459
21766561,38.948,50.5341,443,39982,0.0299899,0.31,1,213574,213131,443
21769481,33.5792,41.8136,437,40035,0.017996,0.23,1,213604,213167,437
21772401,30.8317,37.7255,431,40088,0.00719839,0.23,1,213633,213202,431
21775321,27.3327,15.0902,456,40141,0.00887935,0.07,1,213658,213202,456
21778241,34.9331,24.6361,465,40194,0.00955174,0.09,1,213698,213233,465
21781161,28.3732,32.6544,451,40247,0.0218207,0.03,1,213722,213271,451
21784081,25.7493,30.4618,446,40299,0.0267283,0.03,1,213746,213300,446
21787001,37.8997,27.1847,467,40351,0.0166913,0.01,1,213792,213325,467
21789921,42.1599,37.8739,467,40403,0.0246765,0.07,1,213837,213370,467
21792841,29.464,40.9496,445,40455,0.0518706,0.09,1,213858,213413,445
21795761,36.3856,30.1798,463,40507,0.0207482,0,1,213899,213436,463
21798681,31.9542,36.6719,451,40559,0.0262993,0.03,1,213928,213477,451
21801601,23.5817,32.6688,439,40611,0.0285197,0.03,1,213946,213507,439
21804521,38.8327,23.8675,470,40663,0.0294079,0.03,1,213995,213525,470
21807441,33.5331,38.947,451,40715,0.0297632,0.01,1,214025,213574,451
21810361,30.8132,33.5788,450,40767,0.0179053,0,1,214054,213604,450
21813281,27.3253,30.8315,446,40819,0.0131621,0.01,1,214079,213633,446
21816201,36.7301,27.3326,464,40871,0.0232648,0.01,1,214122,213658,464
21819121,28.492,34.933,447,40923,0.0273059,0.03,1,214145,213698,447
21822041,24.5968,28.3732,445,40975,0.0289224,0.03,1,214167,213722,445
21824961,38.6387,25.7493,469,41027,0.053569,0.01,1,214215,213746,469
21827881,42.4555,37.8997,468,41078,0.0394276,0.03,1,214260,213792,468
21830801,28.9822,42.1599,443,41129,0.045771,0.07,1,214280,213837,443
21833721,36.7929,29.464,464,41180,0.0183084,0,1,214322,213858,464
21836641,30.9172,36.3856,450,41231,0.0493234,0.03,1,214349,213899,450
21839561,23.1669,31.9542,439,41282,0.0377293,0.03,1,214367,213928,439
21842481,39.2667,23.5817,471,41333,0.0450917,0.03,1,214417,213946,471
21845401,33.7067,38.8327,452,41384,0.0360367,0.03,1,214447,213995,452
21848321,30.8827,33.5331,451,41435,0.0204147,0.01,1,214476,214025,451
21851241,27.9531,30.8132,448,41486,0.0261659,0.01,1,214502,214054,448
21854161,36.3812,27.3253,465,41537,0.0524663,0.03,1,214544,214079,465
21857081,15.7525,36.7301,424,41588,0.0629865,0.03,1,214546,214122,424
21860001,19.501,28.492,423,41639,0.0791946,0.03,1,214568,214145,423
21862921,21.0004,24.5968,423,41690,0.0616778,0.07,1,214590,214167,423
21865841,37.8002,38.6387,424,41741,0.0426711,0.03,1,214639,214215,424
21868761,41.5201,42.4555,423,41792,0.0230685,0.05,1,214683,214260,423
21871681,29.208,28.9822,424,41843,0.0272274,0,1,214704,214280,424
21874601,36.2832,36.7929,423,41893,0.016891,0.07,1,214745,214322,423
21877521,30.7133,30.9172,423,41943,0.0487564,0.03,1,214772,214349,423
21880441,22.4853,23.1669,422,41993,0.0495026,0.05,1,214789,214367,422
21883361,40.1941,39.2667,424,42043,0.061801,0.03,1,214841,214417,424
21886281,33.4777,33.7067,423,42093,0.0907204,0.01,1,214870,214447,423
21889201,30.7911,30.8827,423,42143,0.0902882,0.03,1,214899,214476,423
21895041,38.1666,36.3812,426,42243,0.0588461,0.07,1,214970,214544,426
21897961,16.4666,15.7525,426,42293,0.0415384,0.09,1,214972,214546,426
21900881,19.7867,19.501,426,42343,0.0346154,0.05,1,214994,214568,426
21903801,19.3147,21.0004,423,42393,0.0558462,0.03,1,215013,214590,423
21906721,36.5259,37.8002,422,42443,0.0403385,0.01,1,215061,214639,422
21909641,41.0103,41.5201,422,42493,0.0701354,0.03,1,215105,214683,422
21912561,29.6041,29.208,423,42543,0.0580542,0.01,1,215127,214704,423
21915481,35.8417,36.2832,422,42593,0.0292217,0.07,1,215167,214745,422
21918401,31.1367,30.7133,423,42643,0.0176887,0.05,1,215195,214772,423
21921321,22.0547,22.4853,422,42692,0.0130755,0.07,1,215211,214789,422
21924241,40.6219,40.1941,423,42741,0.0112302,0.11,1,215264,214841,423
21927161,34.8487,33.4777,425,42790,0.0224921,0.09,1,215295,214870,425
21930081,32.5395,30.7911,427,42839,0.0509968,0.11,1,215326,214899,427
21933001,26.2158,27.9164,423,42888,0.0383987,0.03,1,215348,214925,423
21935921,36.8863,38.1666,422,42937,0.0333595,0.03,1,215392,214970,422
21938841,15.9545,16.4666,422,42986,0.0313438,0.03,1,215394,214972,422
21941761,20.1818,6.58665,445,43035,0.0425375,0.03,1,215417,214972,445
21944681,20.0727,15.8347,443,43084,0.047015,0.07,1,215437,214994,443
21947601,35.0291,17.7339,469,43133,0.024806,0.03,1,215482,215013,469
21950521,41.6116,35.8935,467,43182,0.0399224,0.09,1,215528,215061,467
21953441,30.4447,40.7574,446,43231,0.069969,0.05,1,215551,215105,446
21956361,34.3779,29.503,461,43280,0.0819876,0.01,1,215588,215127,461
21959281,30.5511,35.8012,449,43329,0.062795,0.01,1,215616,215167,449
21962201,21.8205,31.1205,437,43378,0.079118,0.01,1,215632,215195,437
21965121,40.5282,22.0482,474,43427,0.0496472,0.01,1,215685,215211,474
21968041,35.4113,40.6193,453,43476,0.0378589,0.03,1,215717,215264,453
21970961,32.7645,34.8477,453,43525,0.0331436,0.07,1,215748,215295,453
21973881,26.9058,32.5391,445,43573,0.0312574,0.03,1,215771,215326,445
21976801,35.9623,26.2156,465,43621,0.030503,0.03,1,215813,215348,465
21979721,15.5849,36.8863,423,43669,0.0302012,0.03,1,215815,215392,423
21982641,20.634,15.9545,445,43717,0.0420805,0.05,1,215839,215394,445
21985561,22.0536,20.1818,445,43765,0.0468322,0.05,1,215862,215417,445
21988481,33.4214,20.0727,466,43813,0.0367329,0.01,1,215903,215437,466
21991401,42.1686,35.0291,469,43861,0.0446931,0.05,1,215951,215482,469
21994321,31.2674,41.6116,447,43909,0.0478773,0.09,1,215975,215528,447
21997241,34.107,30.4447,460,43957,0.0731509,0.09,1,216011,215551,460
22000161,31.6428,34.3779,453,44005,0.0832604,0.05,1,216041,215588,453
22006001,39.6228,21.8205,475,44101,0.0913217,0.03,1,216107,215632,475
22008921,35.0491,40.5282,454,44149,0.0665287,0.03,1,216139,215685,454
22011841,32.6197,35.4113,453,44197,0.0806115,0.03,1,216170,215717,453
22014761,26.8479,32.7645,445,44245,0.0982446,0.03,1,216193,215748,445
22017681,35.3391,26.9058,463,44293,0.0812978,0.03,1,216234,215771,463
22020601,15.3357,35.9623,423,44341,0.0505191,0.03,1,216236,215813,423
22023521,21.1343,15.5849,446,44389,0.0382077,0.05,1,216261,215815,446
22026441,22.8537,20.634,446,44437,0.0692831,0.05,1,216285,215839,446
22029361,10.3415,22.0536,425,44484,0.0817132,0.03,1,216287,215862,425
22035201,40.4146,42.1686,424,44578,0.0742741,0.05,1,216375,215951,424
22038121,30.5659,31.2674,424,44625,0.0837096,0.09,1,216399,215975,424
22055641,33.2511,32.6197,426,44907,0.216153,0.11,1,216596,216170,426
22058561,27.7005,26.8479,427,44954,0.224461,0.07,1,216620,216193,427
22067321,22.0048,21.1343,425,45095,0.221486,0.09,1,216686,216261,425
22070241,23.8019,22.8537,426,45142,0.202594,0.09,1,216711,216285,426
22076081,27.6883,27.5366,426,45236,0.216015,0.05,1,216752,216326,426
22079001,39.2753,40.4146,424,45283,0.248406,0.09,1,216799,216375,424
22081921,30.7101,30.5659,425,45330,0.249362,0.13,1,216824,216399,425
22084841,36.2841,35.0263,427,45377,0.261745,0.17,1,216864,216437,427
22131561,36.7746,35.2208,470,46113,0.438655,0.33,1,217334,216864,470
22163681,27.2196,10.5803,477,46613,0.445239,0.35,1,217621,217144,477
22222081,36.5989,39.0824,446,47510,0.795485,0.49,2,218224,217778,446
22245441,21.9915,21.9412,451,47862,0.901949,0.61,2,218449,217998,451
22254201,27.7835,27.0842,453,47994,0.926765,0.71,2,218516,218063,453
22382681,28.2235,32.0628,495,49890,0.9376,1,2,219849,219354,495
22476121,33.4309,30.6074,491,51223,0.946,1,2,220771,220280,491
22484881,35.8116,33.5909,489,51346,0.906544,1,2,220872,220383,489
22487801,33.5246,29.0363,495,51387,0.902618,1,2,220904,220409,495
22552041,296.187,341.494,439,23360,0.262692,0.23,1,221493,221054,439
22557881,104.15,103.119,457,24266,0.0720308,0.05,1,221629,221172,457
22560801,68.0599,70.6476,452,24353,0.0288123,0.11,1,221673,221221,452
22563721,64.424,64.259,454,24440,0.0295249,0.01,1,221735,221281,454
22566641,59.3696,61.1036,451,24527,0.04181,0.03,1,221791,221340,451
22569561,66.9478,56.8414,469,24613,0.046724,0.01,1,221863,221394,469
22572481,36.3791,60.5366,422,24699,0.0246896,0.03,1,221879,221457,422
22575401,36.1517,35.6146,439,24785,0.0278758,0.05,1,221915,221476,439
22578321,57.0607,65.8459,424,24871,0.0171503,0.03,1,221986,221562,424
22581241,62.4243,66.5383,423,24956,0.0368601,0,1,222052,221629,423
22584161,51.9697,53.0153,424,25041,0.0327441,0.03,1,222097,221673,424
22587081,57.3879,58.4061,423,25126,0.0430976,0.05,1,222158,221735,423
22590001,56.5552,56.9625,423,25210,0.047239,0.05,1,222214,221791,423
22592921,65.2221,65.985,422,25294,0.0488956,0.01,1,222285,221863,422
22595841,35.6888,35.994,422,25378,0.0255582,0.03,1,222301,221879,422
22598761,36.4755,35.9976,423,25461,0.0522233,0.03,1,222338,221915,423
22601681,56.5902,14.399,493,25544,0.0388893,0.01,1,222408,221915,493
22604601,61.6361,48.3596,487,25627,0.0335557,0.05,1,222473,221986,487
22607521,51.6544,58.9438,466,25710,0.0134223,0.03,1,222518,222052,466
22610441,57.2618,50.5775,482,25792,0.0233689,0.05,1,222579,222097,482
22613361,56.5047,56.831,477,25874,0.0153476,0.05,1,222635,222158,477
22616281,65.2019,56.3324,492,25956,0.072139,0.05,1,222706,222214,492
22619201,35.6808,65.133,437,26038,0.0948556,0.01,1,222722,222285,437
22622121,37.0723,35.6532,459,26119,0.0559422,0.07,1,222760,222301,459
22625041,58.6289,36.4613,495,26200,0.0643769,0.03,1,222833,222338,495
22627961,60.6516,56.5845,487,26281,0.0797508,0.03,1,222895,222408,487
22630881,51.8606,61.6338,468,26362,0.0499003,0,1,222941,222473,468
22633801,56.7442,51.6535,483,26442,0.0619601,0.03,1,223001,222518,483
22636721,56.2977,57.2614,478,26522,0.030784,0.01,1,223057,222579,478
22639641,67.5191,56.5046,497,26602,0.0423136,0.11,1,223132,222635,497
22642561,34.2076,65.2018,438,26682,0.0469254,0.11,1,223144,222706,438
22645481,36.4831,35.6807,460,26761,0.0367702,0.03,1,223182,222722,460
22648401,59.5932,37.0723,497,26840,0.0447081,0.07,1,223257,222760,497
22651321,25.0373,58.6289,426,26919,0.0478832,0.09,1,223259,222833,426
22654241,47.2149,60.6516,426,26998,0.0971533,0.03,1,223321,222895,426
22657161,44.086,51.8606,422,27076,0.0808613,0.07,1,223363,222941,422
22660081,55.4344,56.7442,425,27154,0.0983445,0.01,1,223426,223001,425
22663001,55.1738,56.2977,424,27232,0.0813378,0.05,1,223481,223057,424
22665921,67.0695,67.5191,424,27310,0.0985351,0.05,1,223556,223132,424
22668841,34.6278,34.2076,425,27388,0.093414,0.03,1,223569,223144,425
22680521,48.5409,47.2149,427,27696,0.0871114,0.07,1,223748,223321,427
22698041,36.2797,35.4511,427,28151,0.227176,0.11,1,224032,223605,427
22700961,59.5119,60.3804,425,28226,0.25287,0.11,1,224107,223682,425
22703881,25.0047,25.3522,425,28301,0.287148,0.07,1,224109,223684,425
22715561,55.7969,51.8266,481,28599,0.416743,0.17,1,224333,223852,481
22718481,69.1188,53.1306,505,28673,0.424697,0.23,1,224411,223906,505
22721401,36.0475,66.2523,444,28747,0.427879,0.19,1,224425,223981,444
22724321,37.819,34.9009,469,28821,0.429152,0.25,1,224464,223995,469
22765201,61.6744,47.437,518,29832,0.758245,0.61,2,225171,224653,518
22768121,25.8698,59.1748,453,29903,0.777298,0.61,2,225173,224720,453
22791481,49.1111,49.186,457,30465,0.902176,0.79,2,225558,225101,457
22803161,67.0508,65.0992,464,30741,0.923048,0.85,2,225771,225307,464
22806081,35.8203,34.4397,465,30810,0.927219,0.87,2,225786,225321,465
22911201,41.0705,44.5436,484,33192,0.9412,1,2,227446,226962,484
22919961,36.0365,36.0428,493,33383,0.783357,1,2,227590,227097,493
22940401,41.5686,51.6764,474,33824,0.254609,0.91,1,227886,227412,474
22949161,44.3244,48.0913,461,34011,0.078455,0.75,1,228023,227562,461
22952081,31.5298,36.0365,456,34073,0.073382,0.57,1,228046,227590,456
22955001,46.2119,52.2146,449,34135,0.0713528,0.53,1,228102,227653,449
22957921,43.6848,46.0858,449,34197,0.0465411,0.53,1,228144,227695,449
22960841,37.2739,38.8343,448,34259,0.0486164,0.53,1,228177,227729,448
22963761,32.3096,15.5337,477,34321,0.0614466,0.57,1,228206,227729,477
22966681,40.5238,24.8135,492,34383,0.0785786,0.39,1,228252,227760,492
22969601,30.0095,39.3254,466,34444,0.0974315,0.23,1,228275,227809,466
22978361,52.6566,33.7888,494,34627,0.0871156,0.09,1,228409,227915,494
22984201,30.6251,44.2862,444,34749,0.0823385,0.07,1,228467,228023,444
22987121,45.85,31.5145,477,34810,0.0749354,0.07,1,228523,228046,477
22990041,43.54,46.2058,463,34871,0.0719742,0.03,1,228565,228102,463
22992961,38.416,43.6823,456,34932,0.0947897,0.05,1,228600,228144,456
23016321,28.4582,42.0626,445,35413,0.201334,0.07,1,228889,228444,445
23019241,44.9833,30.6251,478,35473,0.218533,0.07,1,228945,228467,478
23022161,43.1933,45.85,464,35533,0.201413,0.07,1,228987,228523,464
23025081,40.6773,43.54,461,35592,0.206565,0.11,1,229026,228565,461
23028001,36.0709,38.416,459,35651,0.220626,0.11,1,229059,228600,459
23030921,15.6284,33.9664,430,35710,0.22625,0.17,1,229061,228631,430
23033841,33.2514,40.5866,430,35769,0.2885,0.15,1,229106,228676,430
23048441,41.6311,41.1455,432,36064,0.42761,0.21,1,229301,228869,432
23051361,28.6524,28.4582,432,36123,0.441044,0.23,1,229321,228889,432
23130201,42.3924,42.852,490,37670,0.761049,0.55,2,230353,229863,490
23133121,37.357,42.3408,482,37726,0.76642,0.55,2,230387,229905,482
23136041,16.1428,36.1363,452,37782,0.768568,0.59,2,230389,229937,452
23138961,37.0571,15.6545,501,37838,0.781427,0.63,2,230440,229939,501
23153561,42.0223,56.3251,488,38118,0.915999,0.69,2,230645,230157,488
23156481,30.0089,42.33,477,38173,0.924399,0.69,2,230667,230190,477
23159401,49.2036,30.132,517,38228,0.91576,0.73,2,230729,230212,517
23162321,44.2814,47.4528,499,38283,0.936304,0.77,2,230770,230271,499
23165241,42.9126,42.9811,501,38338,0.944522,0.77,2,230812,230311,501
23168161,37.565,42.3924,493,38393,0.947809,0.77,2,230846,230353,493
23171081,16.226,37.357,461,38448,0.949123,0.77,2,230848,230387,461
23276201,47.3932,45.7324,518,40378,0.94595,1,2,232194,231676,518
23305401,41.8083,52.0483,510,40898,0.93655,1,2,232550,232040,510
23308321,23.9233,43.0193,485,40950,0.93262,1,2,232562,232077,485
23311241,39.5693,26.2077,520,41002,0.907048,1,2,232612,232092,520
23314161,43.4277,40.4831,516,41053,0.932819,0.91,2,232658,232142,516
23317081,44.3711,47.3932,509,41104,0.943128,0.83,2,232703,232194,509
23320001,43.5484,44.7573,509,41155,0.947251,0.89,2,232746,232237,509
23430961,30.182,12.3061,517,43060,0.928,1,2,234029,233512,517
23445561,34.702,43.9193,502,43305,0.948143,1,2,234203,233701,502
23448481,34.8808,33.7677,510,43354,0.931257,1,2,234238,233728,510
23489361,34.3838,34.702,504,44030,0.421489,0.92,1,234707,234203,504
23498121,28.2406,32.1009,491,44174,0.274415,0.89,1,234790,234299,491
23501041,31.0962,30.8404,494,44222,0.247766,0.77,1,234823,234329,494
23503961,39.4385,34.5361,502,44270,0.261106,0.67,1,234868,234366,502
23515641,18.7888,32.8665,461,44461,0.429804,0.65,1,234971,234510,461
23518561,8.71553,20.9466,450,44508,0.441922,0.57,1,234973,234523,450
23620761,35.7497,27.5506,487,46136,0.756019,0.55,2,236044,235557,487
23623681,26.2999,34.4203,468,46182,0.788408,0.59,2,236064,235596,468
23649961,9.04346,19.1043,455,46591,0.903226,0.65,2,236315,235860,455
23652881,22.8174,8.84174,485,46636,0.91929,0.67,2,236347,235862,485
23801801,32.5022,12.342,529,48887,0.930404,1,2,237926,237397,529
23813481,30.3089,29.9896,519,49059,0.798586,1,2,238040,237521,519
23825161,36.0415,38.3229,507,49231,0.949628,1,2,238169,237662,507
23828081,32.4166,34.5292,505,49274,0.913851,1,2,238199,237694,505
23836841,30.3707,26.5699,504,49403,0.903526,0.93,2,238277,237773,504
23845601,31.2237,28.3885,501,49532,0.948946,0.95,2,238360,237859,501
24124461,69.7264,58.1611,531,25792,0.781979,0.71,2,241697,241166,531
24127381,63.2906,67.6645,516,25874,0.798791,0.77,2,241756,241240,516
24139061,60.8426,31.5498,537,26200,0.906865,0.71,2,241958,241421,537
24235421,56.9619,71.5425,516,28747,0.778,1,2,243781,243265,516
24250021,42.7647,34.8942,527,29113,0.0543155,1,1,243989,243462,527
24252941,68.1059,45.7577,559,29186,0.0517262,1,1,244074,243515,559
24255861,62.0424,63.9031,541,29259,0.0386905,1,1,244132,243591,541
24258781,63.8169,68.7612,534,29331,0.0694762,0.75,1,244197,243663,534
24261701,50.7268,68.9045,507,29403,0.0577905,0.73,1,244239,243732,507
24264621,39.4907,56.9618,490,29475,0.0291162,0.53,1,244271,243781,490
24267541,38.5963,49.1847,484,29547,0.0296465,0.47,1,244309,243825,484
24270461,28.6385,46.0739,462,29619,0.0538586,0.21,1,244331,243869,462
24273381,33.0554,37.0296,467,29690,0.0395434,0,1,244367,243900,467
24276301,40.8222,42.4118,467,29761,0.0158174,0,1,244413,243946,467
24279221,66.7289,42.7647,508,29832,0.0603269,0.05,1,244497,243989,508
24282141,27.8915,68.1059,425,29903,0.0781308,0.03,1,244499,244074,425
24285061,45.3566,62.0424,424,29974,0.0612523,0.09,1,244556,244132,424
24287981,57.1426,63.8169,424,30045,0.0545009,0.05,1,244621,244197,424
24290901,49.2571,50.7268,426,30115,0.0638004,0.01,1,244665,244239,426
24293821,37.7028,39.4907,424,30185,0.0795202,0.03,1,244695,244271,424
24296741,37.8811,38.5963,424,30255,0.0738081,0.07,1,244733,244309,424
24299661,28.9525,28.6385,425,30325,0.0835232,0.03,1,244756,244331,425
24302581,31.981,33.0554,423,30395,0.0874093,0,1,244790,244367,423
24305501,40.3924,40.8222,423,30465,0.0349637,0.09,1,244836,244413,423
24308421,67.157,66.7289,424,30534,0.0439855,0.09,1,244921,244497,424
24311341,28.0628,27.8915,424,30603,0.0475942,0.05,1,244923,244499,424
24314261,44.2251,45.3566,422,30672,0.0490377,0.05,1,244978,244556,422
24317181,57.89,57.1426,424,30741,0.0376151,0.07,1,245045,244621,424
24320101,49.556,49.2571,424,30810,0.057046,0.09,1,245089,244665,424
24323021,37.8224,37.7028,424,30879,0.0768184,0.07,1,245119,244695,424
24325941,37.329,37.8811,423,30948,0.0847274,0.09,1,245156,244733,423
24328861,29.9316,28.9525,425,31016,0.0878909,0.09,1,245181,244756,425
24334701,40.4291,40.3924,423,31152,0.0512626,0.05,1,245259,244836,423
24337621,66.5716,67.157,422,31220,0.050505,0.05,1,245343,244921,422
24340541,27.8286,28.0628,422,31288,0.062202,0.05,1,245345,244923,422
24343461,43.5315,11.2251,476,31356,0.0668808,0.05,1,245399,244923,476
24346381,58.2126,37.49,489,31423,0.0447523,0.03,1,245467,244978,489
24349301,49.685,55.196,466,31490,0.0479009,0.07,1,245511,245045,466
24352221,38.474,48.4784,453,31557,0.0611604,0.09,1,245542,245089,453
24355141,38.1896,37.3914,461,31624,0.0904642,0.09,1,245580,245119,461
24366821,66.2721,40.418,506,31891,0.0982679,0.05,1,245765,245259,506
24369741,27.7088,66.5672,424,31957,0.0933072,0.07,1,245767,245343,424
24393101,35.6738,30.9503,468,32483,0.205332,0.17,1,246105,245637,468
24396021,65.2695,38.1801,510,32548,0.232133,0.05,1,246190,245680,510
24398941,27.3078,66.2721,427,32613,0.242853,0.09,1,246192,245765,427
24401861,45.7231,27.7088,483,32678,0.283141,0.13,1,246250,245767,483
24404781,57.8893,44.6835,493,32743,0.287257,0.13,1,246316,245823,493
24407701,24.3557,57.4734,429,32808,0.288903,0.17,1,246318,245889,429
24433981,47.7016,45.7231,437,33383,0.412972,0.29,1,246687,246250,437
24436901,58.0806,57.8893,436,33446,0.411189,0.29,1,246752,246316,436
24439821,24.4323,24.3557,436,33509,0.410475,0.33,1,246754,246318,436
24442741,37.3729,37.3423,436,33572,0.43419,0.37,1,246800,246364,436
24492381,70.1057,36.4027,537,34627,0.757697,0.59,2,247513,246976,537
24506981,37.5646,24.7126,494,34932,0.90942,0.55,2,247690,247196,494
24509901,38.4258,37.485,487,34993,0.921768,0.57,2,247729,247242,487
24512821,40.5703,37.194,492,35053,0.938707,0.61,2,247771,247279,492
24527421,30.9454,70.1057,464,35353,0.941264,0.83,2,247977,247513,464
24676341,37.5414,72.4202,492,38283,0.93232,1,2,250044,249552,492
24679261,39.6166,36.7681,520,38338,0.942928,1,2,250085,249565,520
24682181,31.4466,36.3072,510,38393,0.935171,1,2,250111,249601,510
24702621,51.5784,74.4618,479,38778,0.432334,1,1,250366,249887,479
24705541,42.8314,49.5847,483,38832,0.442933,0.92,1,250403,249920,483
24717221,34.8021,39.6166,466,39048,0.447227,0.93,1,250551,250085,466
24787301,44.8122,40.5129,495,40326,0.7699,0.57,2,251382,250887,495
24804821,32.6532,28.5481,485,40638,0.929632,0.63,2,251559,251074,485
24944981,27.9635,13.958,511,43060,0.928,1,2,253243,252732,511
24953741,36.4937,32.1413,514,43207,0.785392,1,2,253354,252840,514
24962501,30.4156,31.457,504,43354,0.750825,1,2,253435,252931,504
24968341,28.5065,32.6331,504,43452,0.752532,1,2,253499,252995,504
24985861,27.957,33.9088,494,43742,0.773722,0.88,2,253713,253219,494
24988781,30.9828,27.9635,503,43790,0.783489,1,2,253746,253243,503
24991701,29.7931,31.5854,498,43838,0.787396,0.85,2,253775,253277,498
25006301,36.2974,30.4156,497,44078,0.90742,0.71,2,253932,253435,497
25009221,29.519,36.7662,481,44126,0.908968,0.77,2,253957,253476,481
25012141,33.4076,28.5065,494,44174,0.921587,0.65,2,253993,253499,494
25015061,30.763,37.2026,480,44222,0.926635,0.69,2,254022,253542,480
25216541,29.1296,18.9091,532,47401,0.9088,1,2,256232,255700,532
25220921,31.6607,33.8655,525,47489,0.931408,1,2,256286,255761,525
25276401,121.114,119.335,455,21997,0.0696901,0.03,1,256988,256533,455
25279321,89.2457,86.1342,459,22093,0.081876,0.01,1,257056,256597,459
25282241,70.4983,71.0537,456,22189,0.0387504,0,1,257114,256658,456
25285161,45.5993,64.4215,425,22285,0.0335002,0.01,1,257143,256718,425
25288081,38.6397,47.9686,422,22380,0.0434001,0.01,1,257177,256755,422
25291001,36.4559,25.7874,446,22475,0.02336,0.01,1,257212,256766,446
25293921,58.9824,54.715,446,22569,0.027344,0.03,1,257286,256840,446
25296841,97.9929,72.286,486,22663,0.0109376,0,1,257410,256924,486
25299761,80.5972,67.3144,491,22757,0.010375,0.09,1,257479,256988,491
25302681,67.0389,67.7258,481,22850,0.02215,0.01,1,257537,257056,481
25305601,43.0155,61.8903,450,22943,0.00886001,0.03,1,257564,257114,450
25308521,37.6062,42.1561,455,23035,0.021544,0.05,1,257598,257143,455
25311441,36.0425,37.2624,456,23127,0.0386176,0.01,1,257633,257177,456
25314361,60.017,35.905,497,23219,0.021447,0.03,1,257709,257212,497
25317281,97.8068,58.762,546,23310,0.0745788,0,1,257832,257286,546
25320201,80.5227,97.9048,491,23401,0.0598315,0.01,1,257901,257410,491
25323121,67.0091,80.5619,480,23492,0.0299326,0.03,1,257959,257479,480
25326041,42.4036,67.0248,448,23582,0.011973,0,1,257985,257537,448
25328961,37.3615,43.0099,455,23672,0.0347892,0.03,1,258019,257564,455
25331881,37.1446,37.604,458,23762,0.0199157,0.05,1,258056,257598,458
25334801,59.8578,36.0416,498,23851,0.0139663,0.01,1,258131,257633,498
25337721,97.1431,60.0166,544,23940,0.0715865,0.11,1,258253,257709,544
25340641,40.0573,97.8067,423,24029,0.0946346,0.05,1,258255,257832,423
25343561,57.4229,80.5227,423,24117,0.0558538,0.01,1,258324,257901,423
25346481,57.7692,67.0091,423,24205,0.0403415,0,1,258382,257959,423
25349401,38.1077,42.4036,422,24293,0.0341366,0.05,1,258407,257985,422
25352321,35.6431,37.3615,422,24380,0.0136546,0.01,1,258441,258019,422
25355241,38.2572,37.1446,425,24467,0.0114619,0.01,1,258481,258056,425
25358161,59.1029,59.8578,423,24554,0.0585847,0.11,1,258554,258131,423
25361081,99.2412,97.1431,427,24640,0.0894339,0.11,1,258680,258253,427
25364001,40.8965,40.0573,427,24726,0.0777736,0.03,1,258682,258255,427
25366921,54.7586,57.4229,422,24812,0.0611094,0.03,1,258746,258324,422
25369841,56.7034,57.7692,422,24897,0.0544438,0.03,1,258804,258382,422
25372761,37.6814,38.1077,422,24982,0.0517775,0,1,258829,258407,422
25375681,35.4726,35.6431,422,25067,0.020711,0.01,1,258863,258441,422
25378601,38.189,38.2572,422,25152,0.0082844,0.09,1,258903,258481,422
25381521,60.2756,59.1029,424,25236,0.00931376,0.11,1,258978,258554,424
25384441,100.31,99.2412,425,25320,0.0817255,0.07,1,259105,258680,425
25393201,55.6919,21.9034,480,25570,0.0837104,0.05,1,259226,258746,480
25396121,36.6767,43.5614,446,25653,0.0874842,0.05,1,259250,258804,446
25399041,35.0707,32.4246,455,25736,0.0409937,0,1,259284,258829,455
25401961,38.0283,33.3698,461,25818,0.0163975,0,1,259324,258863,461
25404881,60.8113,37.3479,497,25900,0.024559,0.01,1,259400,258903,497
25407801,102.325,59.9392,552,25982,0.0758236,0.13,1,259530,258978,552
25410721,42.1298,100.176,427,26064,0.0963294,0.13,1,259532,259105,427
25439921,55.9339,55.8519,483,26866,0.209956,0.17,1,260080,259597,483
25442841,23.5736,54.7408,431,26945,0.221982,0.21,1,260082,259651,431
25445761,21.4294,34.4963,430,27024,0.262793,0.19,1,260102,259672,430
25448681,28.9718,34.1985,430,27102,0.255117,0.17,1,260136,259706,430
25451601,34.9887,37.0794,430,27180,0.288047,0.11,1,260175,259745,430
25463281,58.0541,57.3348,431,27490,0.405534,0.23,1,260456,260025,431
25466201,57.4216,55.9339,433,27567,0.408214,0.23,1,260513,260080,433
25469121,24.1687,23.5736,433,27644,0.433285,0.29,1,260515,260082,433
25472041,22.2675,21.4294,434,27721,0.431314,0.25,1,260536,260102,434
25474961,29.307,28.9718,434,27797,0.442526,0.31,1,260570,260136,434
25515841,62.9759,43.3622,521,28846,0.75529,0.61,2,261347,260826,521
25518761,60.5903,60.5449,508,28919,0.788116,0.65,2,261406,260898,508
25539201,44.1816,105.599,459,29427,0.940685,0.71,2,261728,261269,459
25542121,65.6726,43.4396,537,29499,0.934274,0.79,2,261808,261271,537
25883761,55.1943,54.7078,451,36952,0.762702,0.59,2,266932,266481,451
25886681,42.4777,42.2831,451,37009,0.791081,0.61,2,266966,266515,451
25889601,34.9911,34.3133,452,37066,0.790432,0.61,2,266996,266544,452
25892521,15.1964,14.9253,452,37123,0.790173,0.65,2,266998,266546,452
25921721,43.2354,55.1848,493,37688,0.929597,0.81,2,267425,266932,493
26094001,314.918,343.963,474,17520,0.406,0.8,1,269573,269099,474
26096921,218.967,163.985,585,18366,0.2164,0.27,1,269728,269143,585
26108601,56.9848,74.59,433,18824,0.0400038,0.05,1,269983,269550,433
26111521,30.5939,38.236,432,18937,0.0460015,0.09,1,269996,269564,432
26131961,107.74,11.8064,584,19707,0.211884,0.15,1,270580,269996,584
26134881,90.4961,99.5225,505,19815,0.246754,0.15,1,270659,270154,505
26137801,79.3984,86.009,500,19922,0.284701,0.19,1,270731,270231,500
26149481,111.813,29.2738,594,20344,0.41716,0.27,1,271014,270420,594
26152401,92.1254,107.71,513,20448,0.436864,0.27,1,271093,270580,513
26155321,81.2501,90.4838,508,20552,0.432746,0.31,1,271167,270659,508
26178681,67.2337,70.3001,446,21364,0.750629,0.51,2,271676,271230,446
26181601,53.2935,53.92,447,21463,0.750251,0.53,2,271720,271273,447
26184521,30.9174,30.568,448,21562,0.750101,0.61,2,271736,271288,448
26187441,116.167,113.627,452,21660,0.78604,0.61,2,271909,271457,452
26190361,47.6668,46.6509,452,21758,0.776416,0.71,2,271911,271459,452
26202041,54.3947,53.2935,459,22145,0.949204,0.75,2,272179,271720,459
26204961,31.3579,30.9174,459,22241,0.949682,0.81,2,272195,271736,459
26310081,53.9524,47.0988,496,25447,0.421698,1,1,274550,274054,496
26321761,69.018,87.3897,529,25778,0.0580755,0.83,1,274787,274258,529
26324681,48.6072,73.3559,500,25860,0.0412302,0.83,1,274822,274322,500
26327601,63.2429,53.3424,533,25942,0.0344921,0.51,1,274895,274362,533
26330521,52.8972,72.3369,494,26024,0.0317968,0.45,1,274941,274447,494
26333441,50.5589,61.3348,489,26105,0.0307187,0.35,1,274990,274501,489
26336361,30.4235,53.9339,457,26186,0.0542875,0.35,1,275007,274550,457
26339281,35.5694,34.7736,474,26267,0.039715,0.29,1,275046,274572,474
26342201,77.2278,39.1094,537,26348,0.021886,0,1,275151,274614,537
26345121,65.6911,84.0438,481,26428,0.0507544,0.01,1,275209,274728,481
26348041,47.2764,69.0175,457,26508,0.0263018,0.03,1,275244,274787,457
26350961,62.7106,48.607,495,26588,0.0525207,0.03,1,275317,274822,495
26353881,53.8842,63.2428,470,26668,0.0870083,0.03,1,275365,274895,470
26356801,50.3537,52.8971,472,26747,0.0528033,0.03,1,275413,274941,472
26359721,30.9415,50.5588,441,26826,0.0391213,0.07,1,275431,274990,441
26362641,34.5766,30.4235,461,26905,0.0336485,0.03,1,275468,275007,461
26365561,15.0306,35.5694,424,26984,0.0314594,0.01,1,275470,275046,424
26368481,68.4123,77.2278,423,27062,0.0305838,0.07,1,275574,275151,423
26371401,62.1649,65.6911,423,27140,0.0302335,0.01,1,275632,275209,423
26374321,45.866,47.2764,423,27218,0.0300934,0.07,1,275667,275244,423
26377241,62.1464,62.7106,423,27296,0.0780374,0.11,1,275740,275317,423
26380161,56.6586,53.8842,428,27374,0.0612149,0.03,1,275793,275365,428
26383081,48.4634,50.3537,423,27451,0.042486,0.03,1,275836,275413,423
26386001,30.7854,30.9415,424,27528,0.0469944,0.03,1,275855,275431,424
26388921,33.9141,34.5766,423,27605,0.0967977,0.03,1,275891,275468,423
26397681,61.8825,62.1649,422,27835,0.0774751,0.03,1,276054,275632,422
26400601,45.753,45.866,422,27911,0.04899,0.11,1,276089,275667,422
26403521,62.7012,62.1464,423,27987,0.061596,0.05,1,276163,275740,423
26406441,57.4805,56.6586,424,28063,0.0306384,0.03,1,276217,275793,424
26409361,48.1922,48.4634,423,28138,0.0422554,0.05,1,276259,275836,423
26412281,31.8769,30.7854,425,28213,0.0469021,0.13,1,276280,275855,425
26415201,34.9508,33.9141,426,28288,0.0847609,0.13,1,276317,275891,426
26418121,15.1803,14.7657,426,28363,0.0999043,0.13,1,276319,275893,426
26429801,62.8894,45.186,496,28660,0.0884296,0.07,1,276585,276089,496
26456081,61.8836,44.7234,499,29318,0.215804,0.07,1,277009,276510,499
26459001,57.7535,62.8894,479,29390,0.272322,0.11,1,277064,276585,479
26461921,49.5014,56.9557,470,29462,0.294929,0.13,1,277108,276638,470
26473601,70.0896,15.8293,535,29748,0.407822,0.19,1,277278,276743,535
26476521,59.8359,69.9317,482,29819,0.421129,0.17,1,277331,276849,482
26479441,25.1343,59.7727,431,29890,0.426452,0.21,1,277333,276902,431
26532001,73.0932,72.0257,449,31139,0.750915,0.61,2,278169,277720,449
26534921,62.2373,61.2103,450,31207,0.762366,0.57,2,278224,277774,450
26537841,26.0949,25.6841,450,31275,0.790946,0.65,2,278226,277776,450
26558281,16.2662,37.3829,457,31746,0.901022,0.73,2,278513,278056,457
26561201,75.5065,16.1532,570,31813,0.918409,0.77,2,278628,278058,570
26564121,63.8026,73.0613,515,31880,0.925364,0.77,2,278684,278169,515
26678001,31.9553,30.3745,513,34372,0.914464,1,2,280380,279867,513
26710121,36.1669,37.8878,505,35043,0.446626,0.86,1,280857,280352,505
26713041,28.2668,31.9551,500,35103,0.42465,0.89,1,280880,280380,500
26715961,31.1067,30.782,503,35163,0.41586,0.89,1,280913,280410,503
26718881,62.2427,31.5128,554,35223,0.412344,0.77,1,280996,280442,554
26724721,45.9588,58.5621,493,35343,0.429575,0.65,1,281083,280590,493
26756841,50.2456,51.8971,441,35996,0.75454,0.45,2,281482,281041,441
26768521,44.7263,44.4374,447,36231,0.76874,0.49,2,281648,281201,447
26771441,34.0905,32.7749,449,36289,0.793496,0.61,2,281675,281226,449
26777281,16.9745,16.044,452,36405,0.783359,0.67,2,281720,281268,452
26800641,47.2317,45.8157,460,36867,0.916561,0.79,2,282064,281604,460
26803561,45.8927,44.7263,461,36924,0.936624,0.81,2,282109,281648,461
26806481,33.9571,34.0905,460,36981,0.94465,0.81,2,282135,281675,460
26815241,28.4773,27.1898,463,37152,0.944378,0.83,2,282217,281754,463
26818161,25.7909,10.8759,487,37209,0.935751,0.85,2,282241,281754,487
26955401,35.6612,32.9435,493,39790,0.91864,1,2,284092,283599,493
26970001,32.9265,31.4385,508,40055,0.415381,1,1,284254,283746,508
26975841,34.1882,19.1902,520,40161,0.266861,1,1,284325,283805,520
26978761,31.0753,31.6761,509,40214,0.280744,1,1,284354,283845,509
26981681,36.4301,31.8704,517,40267,0.250298,1,1,284394,283877,517
26987521,48.7888,44.2193,524,40371,0.0748476,0.99,1,284495,283971,524
26990441,38.7155,50.0877,502,40423,0.0599391,0.99,1,284527,284025,502
26993361,31.6862,41.0351,494,40475,0.0539756,0.87,1,284554,284060,494
26996281,21.0745,35.614,476,40527,0.0755902,0.79,1,284568,284092,476
26999201,25.8298,28.0456,482,40579,0.0722361,0.65,1,284597,284115,482
27019641,32.3457,31.0753,467,40943,0.209105,0.23,1,284821,284354,467
27022561,39.3383,36.4301,471,40995,0.233642,0.07,1,284865,284394,471
27034241,20.8743,31.6862,438,41199,0.215501,0.09,1,284992,284554,438
27037161,26.9497,21.0745,455,41250,0.224201,0.07,1,285023,284568,455
27040081,31.7799,25.8298,461,41301,0.22768,0.13,1,285058,284597,461
27043001,30.112,31.3319,455,41352,0.241072,0.13,1,285087,284632,455
27045921,30.6448,28.7328,459,41403,0.258429,0.13,1,285118,284659,459
27048841,33.8579,30.6931,463,41454,0.289372,0.13,1,285154,284691,463
27063441,40.011,39.3383,434,41709,0.410819,0.15,1,285299,284865,434
27066361,44.8044,47.5353,429,41760,0.446328,0.21,1,285347,284918,429
27069281,37.7218,38.2141,430,41811,0.448531,0.19,1,285380,284950,430
27171481,37.5102,32.4079,493,43543,0.768691,0.65,2,286493,286000,493
27191921,39.4784,46.4361,489,43879,0.911327,0.69,2,286729,286240,489
27194841,33.7913,38.9744,485,43927,0.946531,0.69,2,286759,286274,485
27343761,41.1652,34.4585,520,46315,0.932722,0.98,2,288387,287867,520
27352521,32.7546,26.8053,525,46451,0.904734,1,2,288484,287959,525
27513121,25.026,12.468,525,48882,0.933692,1,2,290190,289665,525
27516041,20.8104,26.5872,507,48925,0.937477,1,2,290208,289701,507
27524801,27.2519,21.0456,535,49054,0.946799,1,2,290301,289766,535
27527721,19.3007,28.8182,515,49097,0.900719,0.96,2,290315,289800,515
27533561,36.3281,43.3709,507,49183,0.788515,1,2,290389,289882,507
27559841,24.35,32.565,497,49570,0.403963,0.91,1,290667,290170,497
27562761,18.14,25.026,491,49613,0.407585,0.94,1,290681,290190,491
27565681,25.856,20.8104,504,49655,0.421034,1,1,290712,290208,504
27568601,29.5424,29.3242,501,49697,0.426414,0.97,1,290744,290243,501
27635761,30.0071,29.6955,448,50663,0.772957,0.51,2,291355,290907,448
27638681,31.2028,31.6782,447,50705,0.759183,0.51,2,291387,290940,447
27641601,31.6811,31.8713,447,50747,0.765673,0.53,2,291419,290972,447
27644521,23.4725,22.9485,448,50789,0.792269,0.53,2,291437,290989,448
27647441,26.789,26.5794,448,50830,0.790908,0.57,2,291466,291018,448
27664961,23.8083,22.6389,455,51076,0.909915,0.71,2,291612,291157,455
27667881,29.9233,28.2556,457,51117,0.945966,0.75,2,291646,291189,457
27670801,25.1693,24.5022,457,51158,0.936386,0.75,2,291668,291211,457
27673721,19.6677,19.4009,457,51199,0.932555,0.73,2,291684,291227,457
27676641,27.0671,26.3604,458,51240,0.943022,0.75,2,291716,291258,458
27679561,32.4268,31.5441,459,51281,0.947209,0.75,2,291752,291293,459
27924841,235.284,255.65,470,24820,0.2332,0.9,1,294234,293764,470
27930681,92.3654,88.784,491,24990,0.096112,0.57,1,294354,293863,491
27933601,60.9461,74.5136,466,25075,0.0564448,0.35,1,294394,293928,466
27936521,57.9785,74.8054,447,25160,0.0645779,0.19,1,294450,294003,447
27942361,27.8766,31.8889,440,25328,0.0883325,0.15,1,294496,294056,440
27971561,66.3368,39.6724,509,26153,0.221949,0.09,1,295053,294544,509
27974481,75.7347,63.869,511,26234,0.27478,0.17,1,295135,294624,511
27992001,42.0456,26.8548,482,26716,0.4239,0.19,1,295401,294919,482
28032881,47.9297,46.8523,452,27805,0.770853,0.63,2,296137,295685,452
28056241,61.268,59.8242,459,28409,0.919395,0.75,2,296556,296097,459
28059161,49.7072,23.9297,501,28484,0.913758,0.79,2,296598,296097,501
28062081,54.6829,33.5719,519,28558,0.935503,0.83,2,296656,296137,519
28065001,38.6732,48.8288,488,28632,0.944201,0.83,2,296684,296196,488
28070841,42.4277,26.5326,513,28780,0.941872,0.79,2,296757,296244,513
28167201,43.039,56.3737,485,31115,0.922,1,2,298454,297969,485
28170121,55.0156,59.7495,486,31183,0.9028,1,2,298517,298031,486
28181801,34.346,19.5488,543,31454,0.79404,1,2,298669,298126,543
28184721,25.1384,24.6195,534,31521,0.755616,1,2,298688,298154,534
28196401,42.5907,57.9999,504,31789,0.4224,0.87,1,298925,298421,504
28219761,77.6059,44.8553,552,32318,0.426016,0.45,1,299298,298746,552
28269401,37.4197,37.8616,450,33413,0.765688,0.61,2,299985,299535,450
28272321,16.1679,16.3446,450,33476,0.756275,0.63,2,299987,299537,450
28275241,26.8671,26.3378,451,33539,0.77651,0.59,2,300021,299570,451
28278161,19.1469,17.7351,453,33602,0.796604,0.69,2,300035,299582,453
28292761,50.3311,51.4322,455,33916,0.900352,0.69,2,300326,299871,455
28295681,41.1324,40.3729,457,33978,0.918141,0.75,2,300361,299904,457
28298601,47.053,45.5491,459,34040,0.925256,0.79,2,300412,299953,459
28438761,33.5183,33.7992,495,36903,0.9052,1,2,302400,301905,495
28462121,52.1516,29.5148,544,37359,0.402339,1,1,302719,302175,544
28467961,48.1843,40.8424,528,37472,0.243174,1,1,302804,302276,528
28470881,40.8737,52.3369,504,37528,0.22327,0.93,1,302840,302336,504
28473801,30.7495,43.1348,491,37584,0.215308,0.87,1,302864,302373,491
28485481,31.8048,35.0211,486,37808,0.20188,0.57,1,302981,302495,486
28500081,36.0655,52.1516,465,38088,0.258781,0.27,1,303184,302719,465
28503001,45.6262,39.4606,486,38143,0.289512,0.19,1,303236,302750,486
28508841,30.7002,40.8737,456,38253,0.294722,0.21,1,303296,302840,456
28511761,21.8801,30.7495,448,38308,0.291889,0.17,1,303312,302864,448
28526361,38.6941,45.1219,462,38583,0.405066,0.11,1,303497,303035,462
28529281,16.6777,39.6488,428,38638,0.408026,0.15,1,303499,303071,428
28649001,52.9158,21.1895,535,40819,0.901534,0.81,2,304950,304415,535
28651921,40.3663,52.8758,493,40871,0.930613,0.79,2,304982,304489,493
28905961,33.5432,38.2896,492,45142,0.9112,1,2,308001,307509,492
28911801,34.1669,19.6863,521,45236,0.758992,1,2,308067,307546,521
28964361,300.339,355.692,441,20440,0.272495,0.17,1,308607,308166,441
28970201,119.454,125.791,456,21370,0.0651993,0.05,1,308780,308324,456
28973121,81.9817,88.7163,449,21469,0.0440797,0.01,1,308837,308388,449
28976041,77.1927,84.6865,441,21568,0.0176319,0.01,1,308911,308470,441
28978961,67.4771,64.4746,451,21666,0.0490528,0.01,1,308972,308521,451
28981881,41.3908,56.3898,424,21764,0.0196211,0.07,1,308996,308572,424
28984801,36.3563,32.7559,440,21861,0.0618484,0.09,1,309029,308589,440
28990641,76.857,80.961,422,22055,0.0650958,0.03,1,309202,308780,422
28993561,65.5428,66.5844,423,22151,0.0320383,0,1,309260,308837,423
28996481,70.6171,71.0338,423,22247,0.0308153,0.07,1,309334,308911,423
28999401,64.8468,65.0135,423,22342,0.0183261,0,1,309395,308972,423
29002321,40.3387,40.4054,423,22437,0.0253305,0.09,1,309419,308996,423
29005241,37.7355,35.9622,426,22532,0.0521322,0.09,1,309455,309029,426
29008161,72.0942,14.3849,521,22626,0.0868529,0.23,1,309550,309029,521
29011081,72.6377,60.3539,503,22720,0.0407411,0,1,309623,309120,503
29014001,63.8551,73.3416,479,22813,0.0342965,0.01,1,309681,309202,479
29016921,69.942,64.1366,495,22906,0.0317186,0.03,1,309755,309260,495
29019841,64.5768,70.0547,482,22999,0.0546874,0.01,1,309816,309334,482
29022761,40.2307,64.6219,445,23091,0.021875,0.03,1,309840,309395,445
29025681,38.8923,40.2487,459,23183,0.01475,0.07,1,309878,309419,459
29028601,74.3569,37.6995,521,23274,0.0359,0.11,1,309976,309455,521
29031521,70.5428,72.0798,494,23365,0.09236,0.01,1,310044,309550,494
29034441,63.6171,72.6319,480,23456,0.042944,0.03,1,310103,309623,480
29037361,69.8468,63.8528,496,23546,0.0231776,0.03,1,310177,309681,496
29040281,64.5387,69.9411,483,23636,0.027271,0.07,1,310238,309755,483
29043201,40.2155,64.5764,446,23726,0.0289084,0,1,310262,309816,446
29046121,38.8862,40.2306,460,23815,0.0175634,0.01,1,310300,309840,460
29049041,74.9545,38.8922,521,23904,0.0250253,0.05,1,310399,309878,521
29051961,31.1818,74.3569,425,23993,0.0280101,0.13,1,310401,309976,425
29054881,53.2727,70.5428,425,24081,0.0172041,0.01,1,310469,310044,425
29057801,56.1091,63.6171,424,24169,0.0488816,0.01,1,310527,310103,424
29060721,66.2436,69.8468,423,24257,0.0255526,0.03,1,310600,310177,423
29063641,63.0975,64.5387,423,24344,0.0162211,0.03,1,310661,310238,423
29066561,39.039,40.2155,422,24431,0.0124884,0.01,1,310684,310262,422
29069481,39.0156,38.8862,423,24518,0.0349954,0.03,1,310723,310300,423
29072401,75.0062,74.9545,423,24604,0.0679981,0.03,1,310822,310399,423
29075321,31.2025,31.1818,423,24690,0.0811993,0.01,1,310824,310401,423
29078241,53.281,53.2727,423,24776,0.0984797,0.07,1,310892,310469,423
29084081,65.645,66.2436,422,24947,0.244957,0.01,1,311022,310600,422
29087001,63.458,63.0975,423,25032,0.223983,0.01,1,311084,310661,423
29104521,59.3045,21.3124,489,25536,0.212849,0.23,1,311381,310892,489
29107441,68.1218,43.325,505,25619,0.23514,0.29,1,311455,310950,505
29110361,62.0487,60.53,491,25702,0.244056,0.21,1,311513,311022,491
29113281,35.6195,61.412,447,25784,0.247622,0.13,1,311531,311084,447
29116201,37.6478,37.7648,464,25866,0.249049,0.13,1,311570,311106,464
29119121,77.4591,38.5059,529,25948,0.26162,0.19,1,311674,311145,529
29122041,32.1836,76.0024,430,26030,0.266648,0.19,1,311676,311246,430
29124961,56.6735,31.6009,501,26111,0.280659,0.19,1,311749,311248,501
29127881,61.0694,55.2404,494,26192,0.262264,0.23,1,311813,311319,494
29136641,35.8284,62.0474,451,26434,0.413505,0.25,1,311964,311513,451
29139561,37.7314,35.619,472,26514,0.447402,0.25,1,312003,311531,472
29142481,78.0926,37.6476,538,26594,0.448961,0.27,1,312108,311570,538
29145401,32.437,77.459,436,26674,0.449584,0.27,1,312110,311674,436
29148321,57.3748,32.1836,508,26753,0.449834,0.29,1,312184,311676,508
29186281,49.4351,47.9904,448,27764,0.773188,0.55,2,312837,312389,448
29189201,31.774,30.5962,449,27840,0.795275,0.59,2,312857,312408,449
29197961,32.5135,31.9582,451,28068,0.900738,0.59,2,313005,312554,451
29317681,70.0443,75.7169,477,31008,0.9076,1,2,315127,314650,477
29335201,53.8365,25.8849,563,31415,0.411577,1,1,315382,314819,563
29341041,38.1338,43.5016,519,31549,0.278252,1,1,315451,314932,519
29343961,60.8535,48.0006,544,31616,0.201301,0.99,1,315527,314983,544
29367321,39.6423,53.8361,471,32147,0.212175,0.31,1,315853,315382,471
29370241,33.2569,41.3345,467,32213,0.27087,0.23,1,315882,315415,467
29376081,62.5611,60.8535,493,32345,0.284539,0.13,1,316020,315527,493
29379001,41.2244,63.3414,455,32410,0.287816,0.17,1,316047,315592,455
29387761,31.9904,36.5258,457,32605,0.2985,0.13,1,316154,315697,457
29411121,41.9055,41.2244,437,33120,0.401998,0.33,1,316484,316047,437
29469521,56.4201,23.934,524,34375,0.778465,0.67,2,317282,316758,524
29472441,62.168,51.5736,520,34437,0.797386,0.69,2,317348,316828,520
29495801,32.3804,23.5614,494,34925,0.941742,0.75,2,317633,317139,494
29498721,34.5522,31.6246,493,34986,0.946697,0.73,2,317669,317176,493
29630121,41.3676,55.7386,515,37608,0.775696,1,2,319535,319020,515
29644721,55.7292,47.2882,536,37888,0.225892,1,1,319728,319192,536
29650561,36.9967,42.2461,513,38000,0.0757427,1,1,319794,319281,513
29656401,36.2795,40.3594,510,38112,0.0541188,0.94,1,319868,319358,510
29659321,33.7118,40.7438,501,38167,0.0516475,0.95,1,319900,319399,501
29662241,50.6847,37.2975,528,38222,0.026659,0.77,1,319962,319434,528
29665161,37.6739,56.919,487,38277,0.0526636,0.73,1,319991,319504,487
29668081,30.6696,41.3676,482,38332,0.0510654,0.53,1,320017,319535,482
29671001,27.8678,37.547,473,38387,0.0744262,0.47,1,320043,319570,473
29673921,19.5471,33.0188,457,38442,0.0957705,0.41,1,320057,319600,457
29676841,27.6189,25.8075,469,38497,0.0803082,0.31,1,320090,319621,469
29679761,50.6475,31.323,500,38552,0.0501233,0.13,1,320156,319656,500
29682681,39.459,55.7292,460,38607,0.0500493,0.09,1,320188,319728,460
29685601,16.9836,41.4917,430,38662,0.0260197,0.03,1,320190,319760,430
29688521,25.3934,36.9967,427,38717,0.0884079,0.15,1,320221,319794,427
29706041,31.2082,30.6696,425,39042,0.207893,0.09,1,320442,320017,425
29711881,19.8733,19.5471,426,39150,0.228863,0.07,1,320483,320057,426
29714801,27.1493,27.6189,425,39204,0.217545,0.03,1,320515,320090,425
29717721,50.4597,50.6475,425,39258,0.261018,0.05,1,320581,320156,425
29720641,38.1839,39.459,423,39312,0.290407,0.01,1,320611,320188,423
29767361,36.2892,24.2358,476,40164,0.44727,0.35,1,321125,320649,476
29814081,50.4461,34.0063,507,40998,0.781043,0.53,2,321697,321190,507
29849121,25.9557,34.0382,458,41610,0.902327,0.77,2,322059,321601,458
29857881,39.5332,38.7784,463,41763,0.941669,0.83,2,322191,321728,463
30033081,33.4809,32.0782,511,44692,0.918064,1,2,324213,323702,511
30038921,29.7169,42.4525,490,44786,0.75049,1,2,324274,323784,490
30052061,29.4374,31.5234,502,45021,0.0633842,1,1,324438,323936,502
30098781,284.775,332.409,424,20440,0.0313537,0.03,1,324893,324469,424
30101701,182.91,186.364,450,20544,0.0305415,0.05,1,325008,324558,450
30104621,110.364,111.145,451,20647,0.0662166,0.05,1,325070,324619,451
30107541,77.7456,78.6582,450,20750,0.0324866,0.03,1,325126,324676,450
30110461,76.6982,78.2633,448,20852,0.0309947,0.03,1,325202,324754,448
30113381,63.0793,63.1053,449,20954,0.0543979,0,1,325256,324807,449
30116301,41.4317,57.0421,423,21055,0.0217591,0.05,1,325283,324860,423
30119221,35.1727,31.8168,439,21156,0.0267037,0.03,1,325314,324875,439
30122141,86.0691,92.5267,426,21256,0.0106815,0.09,1,325434,325008,426
30125061,71.6276,74.2107,426,21356,0.0102726,0.01,1,325496,325070,426
30127981,60.4511,63.2843,423,21455,0.034109,0.03,1,325549,325126,423
30130901,69.7804,70.9137,423,21554,0.0196436,0.07,1,325625,325202,423
30133821,60.3122,60.7655,423,21652,0.0498574,0,1,325679,325256,423
30136741,39.7249,40.5062,422,21750,0.025943,0.03,1,325705,325283,422
30139661,35.0899,34.8025,423,21848,0.0163772,0,1,325737,325314,423
30142581,86.036,85.921,423,21945,0.0245509,0.01,1,325857,325434,423
30145501,71.0144,71.5684,422,22042,0.0398204,0.05,1,325918,325496,422
30148421,60.8058,60.4274,423,22138,0.0339281,0.01,1,325972,325549,423
30151341,69.9223,69.7709,423,22234,0.0555713,0.07,1,326048,325625,423
30154261,61.5689,60.3084,425,22329,0.0762285,0.01,1,326104,325679,425
30157181,38.4276,39.7233,422,22424,0.0724914,0.01,1,326127,325705,422
30160101,34.571,35.0893,422,22519,0.0349966,0.01,1,326159,325737,422
30163021,85.2284,14.0357,541,22613,0.0439986,0.03,1,326278,325737,541
30165941,70.6914,77.6143,482,22707,0.0475994,0.05,1,326339,325857,482
30168861,60.6765,67.6457,475,22800,0.0370398,0.03,1,326393,325918,475
30171781,71.0706,59.4583,499,22893,0.0448159,0.07,1,326471,325972,499
30174701,62.0282,69.3833,479,22986,0.0359264,0.09,1,326527,326048,479
30177621,37.4113,61.3533,444,23078,0.0443705,0.07,1,326548,326104,444
30180541,34.1645,38.3413,453,23170,0.0477482,0.01,1,326580,326127,453
30183461,85.6658,34.5365,541,23261,0.0490993,0.05,1,326700,326159,541
30186381,71.4663,85.2146,484,23352,0.0376397,0.05,1,326762,326278,484
30189301,60.3865,70.6858,476,23443,0.0450559,0.03,1,326815,326339,476
30192221,70.9546,60.6743,500,23533,0.0240224,0.05,1,326893,326393,500
30195141,61.9818,71.0697,478,23623,0.0636089,0.03,1,326949,326471,478
30198061,36.7927,62.0279,442,23713,0.0914436,0.05,1,326969,326527,442
30203901,85.8068,34.1645,542,23891,0.056631,0.05,1,327122,326580,542
30206821,72.1227,85.6658,485,23980,0.0286524,0.03,1,327185,326700,485
30209741,30.0491,71.4663,425,24068,0.041461,0.05,1,327187,326762,425
30212661,42.6196,60.3865,423,24156,0.0705844,0.01,1,327238,326815,423
30215581,63.8479,70.9546,423,24244,0.0822338,0.09,1,327316,326893,423
30218501,61.5391,61.9818,427,24331,0.0868935,0.11,1,327376,326949,427
30227261,83.6665,85.8068,423,24591,0.0768412,0.01,1,327545,327122,423
30230181,70.6666,72.1227,422,24677,0.0727365,0.05,1,327607,327185,422
30233101,29.4666,30.0491,422,24763,0.0710946,0.09,1,327609,327187,422
30236021,43.5867,42.6196,424,24849,0.0944378,0.09,1,327662,327238,424
30285661,67.4981,44.6378,509,26260,0.208664,0.15,1,328596,328087,509
30288581,63.5992,66.4551,489,26341,0.233466,0.17,1,328657,328168,489
30291501,36.2397,62.582,447,26421,0.243386,0.17,1,328675,328228,447
30294421,37.8959,35.8328,468,26501,0.259355,0.17,1,328714,328246,468
30300261,69.4233,79.8933,492,26661,0.405097,0.19,1,328885,328393,492
30303181,28.9693,69.1573,432,26740,0.444039,0.19,1,328887,328455,432
30341141,50.5609,48.132,449,27753,0.752486,0.61,2,329540,329091,449
30344061,31.6244,30.0528,450,27829,0.786994,0.61,2,329559,329109,450
30370341,33.0235,43.6244,480,28506,0.905803,0.81,2,330020,329540,480
30373261,37.2094,28.8497,501,28580,0.932321,0.81,2,330060,329559,501
30376181,88.0838,35.5399,583,28654,0.918928,0.81,2,330182,329599,583
30379101,74.8335,88.616,525,28728,0.937571,0.89,2,330248,329723,525
30382021,31.1334,72.6464,465,28802,0.945029,0.85,2,330250,329785,465
30495901,47.8532,71.8926,510,31542,0.75208,1,2,332186,331676,510
30507581,42.6298,47.1332,519,31810,0.259013,1,1,332386,331867,519
30513421,36.8208,37.7813,509,31943,0.0930421,1,1,332457,331948,509
30516341,31.5283,35.5125,503,32009,0.0372168,0.95,1,332485,331982,503
30519261,42.0113,32.205,522,32075,0.0328867,0.95,1,332534,332012,522
30522181,63.6045,44.082,548,32141,0.0311547,0.77,1,332612,332064,548
30525101,42.2418,71.6328,486,32207,0.0304619,0.69,1,332640,332154,486
30528021,37.2967,47.8531,488,32273,0.0421847,0.65,1,332674,332186,488
30530941,62.9187,38.3412,536,32339,0.0828739,0.45,1,332754,332218,536
30545541,28.0436,36.8208,449,32664,0.0669254,0,1,332906,332457,449
30548461,40.6175,31.5283,470,32729,0.0567702,0.03,1,332955,332485,470
30551381,17.447,42.0113,423,32794,0.0767081,0.03,1,332957,332534,423
30554301,53.7788,63.6045,423,32858,0.0486832,0.03,1,333035,332612,423
30557221,37.7115,42.2418,422,32922,0.0734733,0.05,1,333062,332640,422
30560141,35.4846,37.2967,422,32986,0.0833893,0.11,1,333096,332674,422
30563061,66.3938,62.9187,429,33050,0.0993557,0.13,1,333183,332754,429
30583501,17.7674,17.447,426,33496,0.0947101,0.03,1,333383,332957,426
30586421,52.107,53.7788,423,33559,0.091884,0.09,1,333458,333035,423
30592261,36.6571,35.4846,426,33685,0.200701,0.11,1,333522,333096,426
30595181,66.2628,66.3938,425,33748,0.278281,0.13,1,333608,333183,425
30609781,23.4517,24.0463,428,34060,0.295102,0.11,1,333756,333328,428
30618541,52.9809,52.107,427,34246,0.297047,0.09,1,333885,333458,427
30621461,40.3924,20.8428,459,34308,0.280819,0.25,1,333917,333458,459
30624381,37.7569,25.1371,467,34370,0.298327,0.21,1,333953,333486,467
30627301,69.7028,31.6548,522,34432,0.281331,0.33,1,334044,333522,522
30630221,43.4811,64.2619,462,34493,0.298532,0.33,1,334070,333608,462
30662341,44.2747,69.7027,463,35161,0.414919,0.31,1,334507,334044,463
30665261,39.9099,43.4811,474,35221,0.435967,0.31,1,334544,334070,474
30706141,37.7475,36.3856,448,36053,0.752912,0.53,2,335060,334612,448
30709061,25.899,24.1542,450,36112,0.799165,0.57,2,335078,334628,450
30729501,70.7318,67.6983,457,36519,0.949174,0.75,2,335379,334922,457
30895941,43.3998,40.4179,496,39683,0.782032,1,2,337559,337063,496
30901781,41.864,41.6269,489,39789,0.759925,1,2,337631,337142,489
30916381,30.9912,32.6525,478,40054,0.41174,1,1,337811,337333,478
30928061,26.1566,30.6007,492,40266,0.292061,0.81,1,337918,337426,492
30930981,44.6626,30.2403,519,40318,0.254824,0.77,1,337975,337456,519
30933901,43.0651,51.0961,496,40370,0.23993,0.77,1,338017,337521,496
30942661,31.1482,41.8382,480,40526,0.203276,0.59,1,338111,337631,480
30945581,31.0593,35.3353,480,40578,0.24331,0.59,1,338142,337662,480
30948501,47.2237,35.7341,502,40630,0.223324,0.39,1,338200,337698,502
30954341,29.6358,32.4775,469,40734,0.238532,0.37,1,338250,337781,469
30957261,26.2543,30.991,463,40786,0.245413,0.35,1,338274,337811,463
30960181,24.3017,29.1964,458,40838,0.272165,0.33,1,338297,337839,458
30963101,28.9207,25.4786,467,40890,0.294866,0.31,1,338329,337862,467
30966021,25.3683,29.3914,458,40942,0.291946,0.27,1,338352,337894,458
30968941,43.7473,26.1566,490,40994,0.290779,0.23,1,338408,337918,490
30971861,40.8989,44.6626,472,41045,0.278311,0.23,1,338447,337975,472
30974781,31.9596,43.0651,456,41096,0.297325,0.17,1,338473,338017,456
30995221,26.0437,29.6358,457,41453,0.417253,0.25,1,338707,338250,457
30998141,25.4175,26.2543,458,41504,0.412901,0.29,1,338732,338274,458
31001061,11.367,24.3017,437,41555,0.411161,0.31,1,338734,338297,437
31003981,22.5468,28.9207,435,41606,0.410464,0.29,1,338764,338329,435
31006901,24.0187,25.3683,437,41657,0.422186,0.29,1,338789,338352,437
31009821,42.6075,43.7473,436,41708,0.426874,0.27,1,338844,338408,436
31053621,41.3767,40.443,445,42460,0.760602,0.49,2,339328,338883,445
31056541,35.1507,34.1772,446,42510,0.790241,0.49,2,339359,338913,446
31068221,47.8247,46.6717,451,42709,0.90463,0.61,2,339522,339071,451
31071141,34.7299,33.6687,452,42758,0.907852,0.63,2,339548,339096,452
31074061,32.4919,31.4675,453,42807,0.921141,0.67,2,339579,339126,453
31076981,27.3968,26.987,453,42856,0.938456,0.67,2,339603,339150,453
31079901,26.5587,25.1948,455,42905,0.945383,0.63,2,339629,339174,455
31082821,11.8235,11.2779,455,42954,0.948153,0.71,2,339631,339176,455
31344161,88.2123,101.069,458,21958,0.91796,0.81,2,342916,342458,458
31425921,40.0008,40.0886,502,24518,0.9268,1,2,344724,344222,502
31428841,61.6003,73.6354,482,24604,0.79672,1,2,344800,344318,482
31434681,59.5361,71.3017,471,24776,0.443075,1,1,344911,344440,471
31443441,79.8663,88.7553,474,25032,0.0857168,0.97,1,345134,344660,474
31446361,48.7465,56.5021,467,25117,0.0642867,0.89,1,345162,344695,467
31449281,35.0986,40.0008,464,25201,0.0437147,0.71,1,345188,344724,464
31452201,56.0394,61.6003,458,25285,0.0354859,0.49,1,345258,344800,458
31455121,43.4158,52.8401,446,25369,0.0681944,0.33,1,345293,344847,446
31469721,46.6244,77.5801,449,25784,0.0729191,0.05,1,345583,345134,449
31472641,34.2498,47.832,447,25866,0.0291676,0.03,1,345609,345162,447
31475561,55.6999,34.7328,491,25948,0.0536671,0.03,1,345679,345188,491
31478481,46.28,55.8931,461,26030,0.0874668,0.09,1,345719,345258,461
31487241,56.1699,59.4972,480,26273,0.207918,0.15,1,345896,345416,480
31490161,71.668,54.3989,511,26354,0.245167,0.09,1,345978,345467,511
31493081,45.4672,74.5595,451,26434,0.260067,0.05,1,346006,345555,451
31496001,33.1869,46.6238,448,26514,0.254027,0,1,346031,345583,448
31498921,56.4747,34.2495,494,26594,0.215611,0.07,1,346103,345609,494
31501841,48.9899,55.6998,468,26674,0.212244,0.11,1,346147,345679,468
31504761,54.996,46.2799,487,26753,0.210898,0.17,1,346206,345719,487
31507681,62.1984,53.312,496,26832,0.222359,0.15,1,346273,345777,496
31510601,59.6794,60.9248,488,26911,0.262944,0.25,1,346331,345843,488
31513521,25.0717,56.1699,437,26990,0.279177,0.27,1,346333,345896,437
31554401,48.4936,49.0007,439,28068,0.427398,0.37,1,347018,346579,439
31586521,64.0597,54.1338,512,28886,0.76144,0.53,2,347588,347076,512
31598201,44.6095,60.1906,484,29178,0.907445,0.67,2,347774,347290,484
31601121,29.8438,42.0762,474,29251,0.932978,0.67,2,347794,347320,474
31606961,49.655,55.9322,501,29395,0.940076,0.71,2,347915,347414,501
31609881,55.862,49.3729,516,29467,0.946031,0.73,2,347975,347459,516
31741281,45.071,60.3205,501,32540,0.900736,1,2,350135,349634,501
31744201,43.2284,44.5282,509,32605,0.798294,1,2,350177,349668,509
31764641,44.1107,50.6091,473,33056,0.227102,0.97,1,350461,349988,473
31770481,40.6577,48.1775,464,33184,0.0615363,0.86,1,350556,350092,464
31773401,42.6631,45.071,465,33248,0.0426145,0.73,1,350600,350135,465
31776321,41.6652,43.2284,464,33312,0.0350458,0.65,1,350641,350177,464
31779241,32.8661,37.0914,458,33375,0.0320183,0.57,1,350668,350210,458
31782161,32.9464,36.4365,455,33438,0.0308073,0.49,1,350701,350246,455
31785081,25.7786,32.5746,446,33501,0.0183229,0.47,1,350722,350276,446
31788001,28.3114,32.2298,444,33564,0.0373292,0.47,1,350752,350308,444
31790921,35.9246,38.6919,442,33627,0.0689317,0.25,1,350793,350351,442
31793841,53.9698,62.2768,430,33690,0.0815727,0.15,1,350859,350429,430
31799681,52.6752,56.6443,422,33816,0.0742516,0.03,1,350948,350526,422
31802601,39.0701,40.6577,422,33879,0.0597006,0.03,1,350978,350556,422
31805521,42.028,42.6631,422,33941,0.0238803,0.03,1,351022,350600,422
31808441,41.4112,41.6652,422,34003,0.0155521,0.03,1,351063,350641,422
31811361,32.7645,32.8661,422,34065,0.0242208,0.03,1,351090,350668,422
31814281,32.9058,32.9464,422,34127,0.0516883,0.01,1,351123,350701,422
31817201,25.7623,25.7786,422,34189,0.0506753,0.05,1,351144,350722,422
31820121,29.5049,28.3114,424,34251,0.0202701,0.05,1,351176,350752,424
31823041,37.002,11.3246,466,34313,0.0621081,0.09,1,351218,350752,466
31837641,41.3411,38.8961,465,34620,0.0753528,0,1,351443,350978,465
31840561,41.1365,41.9584,462,34681,0.0361411,0.01,1,351484,351022,462
31843481,32.6546,41.3834,448,34742,0.0144564,0.03,1,351511,351063,448
31846401,33.4618,32.7534,455,34803,0.0477826,0.07,1,351545,351090,455
31849321,25.9847,32.9013,443,34864,0.073113,0.05,1,351566,351123,443
31852241,29.5939,25.7605,454,34925,0.0472452,0,1,351598,351144,454
31855161,38.2376,29.5042,466,34986,0.0488981,0.09,1,351642,351176,466
31875601,31.8455,41.1365,448,35406,0.0560424,0,1,351932,351484,448
31878521,34.9382,32.6546,458,35466,0.0524169,0.07,1,351969,351511,458
31881441,25.9753,33.4618,444,35526,0.0629668,0.09,1,351989,351545,444
31884361,29.5901,25.9847,455,35586,0.0551867,0.03,1,352021,351566,455
31887281,38.836,29.5939,468,35645,0.0400747,0.05,1,352066,351598,468
31890201,16.7344,38.2376,426,35704,0.0340299,0.15,1,352068,351642,426
31898961,47.607,48.8392,429,35881,0.264978,0.17,1,352222,351793,429
31913561,34.7249,34.9382,424,36176,0.290685,0.07,1,352393,351969,424
31916481,26.49,25.9753,425,36234,0.266274,0.05,1,352414,351989,425
31919401,29.196,29.5901,424,36292,0.26851,0.03,1,352445,352021,424
31922321,39.8784,38.836,426,36350,0.269404,0.03,1,352492,352066,426
31925241,17.1514,16.7344,426,36408,0.269762,0.15,1,352494,352068,426
31928161,51.8605,49.2938,430,36466,0.245905,0.21,1,352569,352139,430
31931081,39.3442,36.5175,433,36524,0.260362,0.33,1,352600,352167,433
31934001,50.5377,47.607,436,36582,0.242145,0.37,1,352658,352222,436
31936921,41.8151,39.4428,438,36640,0.258858,0.37,1,352694,352256,438
31939841,39.526,38.5771,438,36698,0.289543,0.33,1,352732,352294,438
31971961,42.9115,45.5591,470,37326,0.404853,0.27,1,353128,352658,470
31974881,39.9646,39.8236,472,37383,0.431941,0.31,1,353166,352694,472
32033281,53.7984,17.0094,525,38497,0.770733,0.57,2,353888,353363,525
32036201,40.1194,52.4038,480,38552,0.782293,0.57,2,353919,353439,480
32047881,35.1935,41.0615,452,38772,0.910667,0.65,2,354061,353609,452
32205561,33.6014,42.3482,505,41610,0.93208,1,2,356022,355517,505
32214321,35.4145,29.3503,511,41763,0.922453,1,2,356118,355607,511
32217241,32.7658,29.7401,512,41814,0.926981,1,2,356149,355637,512
32226001,29.577,48.2234,474,41964,0.940367,1,2,356244,355770,474
32228921,46.0308,40.8893,495,42014,0.922147,1,2,356301,355806,495
32234761,40.7249,40.7423,484,42114,0.789543,0.95,2,356383,355899,484
32237681,34.89,31.8969,489,42164,0.777817,1,2,356414,355925,489
32240601,33.756,30.7588,492,42214,0.761127,1,2,356447,355955,492
32243521,23.7024,31.5035,477,42264,0.766451,0.89,2,356464,355987,477
32246441,27.481,33.6014,472,42314,0.79258,1,2,356494,356022,472
32266881,28.273,29.577,465,42664,0.754967,0.91,2,356709,356244,465
32269801,43.7092,46.0308,462,42713,0.763987,0.75,2,356763,356301,462
32272721,43.2837,44.8123,461,42762,0.767595,0.77,2,356806,356345,461
32275641,39.5135,40.7249,460,42811,0.781038,0.77,2,356843,356383,460
32278561,33.8054,34.89,459,42860,0.798415,0.75,2,356873,356414,459
32304841,33.3647,32.5375,490,43301,0.91677,0.75,2,357142,356652,490
32307761,28.9459,31.615,485,43350,0.900708,0.77,2,357168,356683,485
32313601,43.3913,43.6984,502,43448,0.915713,0.77,2,357265,356763,502
32316521,38.9565,43.2794,495,43497,0.924285,0.79,2,357301,356806,495
32319441,34.1826,39.5117,489,43546,0.939714,0.81,2,357332,356843,489
32538441,35.2622,40.1352,459,21861,0.784233,0.57,2,359996,359537,459
32553041,76.4363,73.8164,459,22342,0.936053,0.77,2,360398,359939,459
32555961,49.7745,48.1266,460,22437,0.920421,0.81,2,360430,359970,460
32576401,49.2498,76.2179,498,23091,0.911666,0.91,2,360896,360398,498
32579321,35.2999,49.6872,492,23183,0.934666,0.87,2,360922,360430,492
32666921,51.3139,79.9605,506,25784,0.0883948,0.95,1,362806,362300,506
32669841,40.9256,51.7842,507,25866,0.0413579,0.99,1,362840,362333,507
32672761,49.3702,42.3137,526,25948,0.0225432,1,1,362895,362369,526
32675681,38.3481,50.5255,501,26030,0.0390173,0.98,1,362926,362425,501
32678601,59.1392,40.6102,540,26111,0.0216069,0.77,1,362999,362459,540
32681521,55.4557,69.0441,505,26192,0.0506428,0.55,1,363052,362547,505
32684441,65.3823,63.0176,518,26273,0.0382571,0.21,1,363124,362606,518
32687361,70.5529,76.2071,507,26354,0.0213028,0.03,1,363198,362691,507
32690281,46.2212,80.2828,454,26434,0.0265211,0.03,1,363228,362774,454
32693201,38.8885,51.3131,456,26514,0.0106085,0.01,1,363262,362806,456
32696121,48.5554,40.9253,477,26594,0.0822434,0.01,1,363317,362840,477
32699041,38.0222,49.3701,453,26674,0.0328973,0.05,1,363348,362895,453
32701961,59.0089,38.348,495,26753,0.0311589,0.01,1,363421,362926,495
32716561,40.8321,46.2212,424,27146,0.0746903,0,1,363652,363228,424
32719481,35.5328,38.8885,422,27224,0.0298761,0.13,1,363684,363262,422
32722401,49.6131,48.5554,426,27302,0.0779504,0,1,363743,363317,426
32725321,36.6453,38.0222,423,27380,0.0491802,0.03,1,363771,363348,423
32728241,59.0581,59.0089,424,27457,0.0496721,0.17,1,363845,363421,424
32731161,58.4232,56.0035,428,27534,0.0858688,0.15,1,363903,363475,428
32745761,34.469,35.5328,422,27916,0.0950073,0.11,1,364106,363684,422
32748681,50.9876,49.6131,425,27992,0.0440029,0.03,1,364168,363743,425
32751601,35.395,36.6453,422,28068,0.0476012,0.05,1,364193,363771,422
32754521,58.558,59.0581,422,28143,0.0250405,0.11,1,364267,363845,422
32757441,60.6232,58.4232,426,28218,0.0280162,0.15,1,364329,363903,426
32760361,68.0493,66.5693,427,28293,0.0292065,0.11,1,364402,363975,427
32763281,28.4197,27.8277,427,28368,0.0536826,0.11,1,364404,363977,427
32766201,53.3679,11.1311,497,28443,0.099473,0.15,1,364474,363977,497
32774961,49.3035,33.4004,483,28665,0.0699663,0.01,1,364589,364106,483
32777881,34.7214,50.5602,446,28739,0.0339865,0.05,1,364614,364168,446
32780801,58.2886,35.2241,495,28813,0.0435946,0.01,1,364688,364193,495
32783721,60.5154,58.4896,483,28886,0.0234378,0.03,1,364750,364267,483
32786641,68.6062,60.5958,495,28959,0.0513751,0.03,1,364824,364329,495
32789561,28.6425,68.0383,424,29032,0.0625501,0.07,1,364826,364402,424
32792481,57.057,28.4153,498,29105,0.07902,0.13,1,364902,364404,498
32795401,39.6228,53.3661,456,29178,0.085608,0.15,1,364930,364474,456
32807081,57.1503,34.7214,495,29467,0.0895996,0.05,1,365109,364614,495
32810001,60.0601,58.2885,483,29539,0.0538398,0.01,1,365171,364688,483
32812921,70.8241,60.5154,499,29611,0.0755359,0.07,1,365249,364750,499
32827521,23.1384,30.8491,430,29966,0.22093,0.13,1,365385,364955,430
32830441,41.6553,45.9396,428,30037,0.286372,0.11,1,365439,365011,428
32842121,73.292,70.8241,428,30317,0.292883,0.13,1,365677,365249,428
32845041,30.5168,29.5296,428,30387,0.279153,0.15,1,365679,365251,428
32856721,24.69,23.1384,434,30664,0.423162,0.33,1,365819,365385,434
32859641,43.476,41.6553,436,30733,0.439265,0.33,1,365875,365439,436
32862561,31.7904,31.0621,436,30802,0.445706,0.33,1,365899,365463,436
32865481,55.3162,53.8249,438,30871,0.436282,0.33,1,365970,365532,438
32868401,58.1265,58.7299,436,30940,0.444513,0.27,1,366030,365594,436
32929721,73.5412,58.573,532,32345,0.751493,0.57,2,367005,366473,532
32932641,30.6165,73.2292,451,32410,0.762597,0.57,2,367007,366556,451
32935561,59.6466,30.4917,528,32475,0.779039,0.61,2,367086,366558,528
32950161,21.0338,46.5142,459,32800,0.917318,0.75,2,367222,366763,459
32953081,22.8135,34.2057,457,32864,0.936927,0.71,2,367246,366789,457
33093241,53.2021,69.5624,478,35822,0.780573,1,2,369354,368876,478
33113681,30.9762,38.327,478,36234,0.253269,0.98,1,369614,369136,478
33116601,30.9905,39.3308,469,36292,0.215307,1,1,369645,369176,469
33119521,31.5962,35.5323,468,36350,0.200123,0.93,1,369677,369209,468
33122441,28.2385,34.0129,461,36408,0.206049,0.79,1,369703,369242,461
33131201,45.2953,50.6808,450,36582,0.207347,0.51,1,369853,369403,450
33139961,34.9389,36.6276,439,36756,0.20551,0.35,1,369958,369519,439
33142881,29.5756,33.851,433,36813,0.220204,0.27,1,369984,369551,433
33145801,31.6302,33.9404,432,36870,0.214082,0.21,1,370017,369585,432
33148721,30.6521,30.9762,433,36927,0.211633,0.19,1,370047,369614,433
33151641,29.6608,30.9905,431,36984,0.210653,0.19,1,370076,369645,431
33166241,47.9639,39.8953,474,37269,0.240323,0.23,1,370285,369811,474
33169161,40.7856,41.1581,468,37326,0.282129,0.19,1,370321,369853,468
33195441,40.2571,27.1846,478,37832,0.403177,0.17,1,370610,370132,478
33248001,34.2779,36.4804,445,38826,0.75234,0.47,2,371270,370825,445
33250921,29.3112,30.1922,445,38880,0.786936,0.49,2,371296,370851,445
33268441,43.8826,42.3134,452,39204,0.907941,0.63,2,371504,371052,452
33271361,56.553,55.3253,453,39258,0.921176,0.65,2,371569,371116,453
33274281,50.8212,49.7301,454,39312,0.926471,0.65,2,371616,371162,454
33277201,21.5285,21.0921,454,39366,0.928588,0.67,2,371618,371164,454
33434881,31.1488,26.4131,496,42164,0.9076,1,2,373558,373062,496
33437801,31.6595,29.1652,497,42214,0.90904,1,2,373590,373093,497
33443641,32.7855,30.8264,502,42314,0.797046,1,2,373656,373154,502
33446561,32.9142,27.3306,510,42364,0.756819,1,2,373689,373179,510
33449481,33.5657,32.5322,508,42414,0.752727,1,2,373723,373215,508
33452401,34.4263,34.0129,508,42464,0.763091,1,2,373758,373250,508
33469921,41.9352,46.1798,478,42762,0.448383,0.99,1,373982,373504,478
33478681,27.1879,31.6595,468,42909,0.448457,0.84,1,374058,373590,468
33481601,30.6751,32.4638,468,42958,0.413383,0.75,1,374091,373623,468
33504961,31.8206,28.9067,483,43350,0.421245,0.57,1,374328,373845,483
33510801,40.8513,53.8251,478,43448,0.438199,0.39,1,374426,373948,478
33513721,29.5405,41.93,466,43497,0.44528,0.51,1,374448,373982,466
33516641,26.8162,31.172,467,43546,0.436112,0.47,1,374473,374006,467
33577961,26.7185,33.9796,449,44551,0.776985,0.53,2,375106,374657,449
33580881,27.4874,30.9918,448,44598,0.796794,0.57,2,375134,374686,448
33586721,26.238,25.9587,450,44692,0.795887,0.59,2,375183,374733,450
33598401,31.0749,30.1893,453,44880,0.916967,0.61,2,375344,374891,453
33601321,28.03,27.0757,454,44927,0.936787,0.67,2,375370,374916,454
33820321,39.6883,38.2404,502,48322,0.945232,1,2,377733,377231,502
33826161,34.6701,26.3985,525,48410,0.943237,1,2,377803,377278,525
33829081,29.468,32.7594,514,48454,0.911295,1,2,377829,377315,514
33832001,35.1872,34.1038,518,48497,0.790518,1,2,377868,377350,518
33855361,14.5641,21.0729,488,48841,0.293113,1,1,378079,377591,488
33858281,14.8256,8.42914,503,48884,0.243245,0.98,1,378094,377591,503
33864121,31.7721,30.0287,509,48970,0.0461192,1,1,378164,377655,509
33867041,37.3088,32.4115,516,49013,0.0364477,0.91,1,378205,377689,516
33869961,36.5235,39.3646,508,49056,0.0325791,1,1,378241,377733,508
33872881,33.8094,38.5458,502,49099,0.0190316,0.92,1,378273,377771,502
33875801,26.1238,34.6183,491,49142,0.0136127,0.89,1,378294,377803,491
33878721,29.6495,29.4473,497,49185,0.0234451,0.71,1,378326,377829,497
33881641,32.8598,35.1789,493,49228,0.051378,0.65,1,378361,377868,493
33884561,25.7439,36.8716,476,49271,0.0265512,0.69,1,378382,377906,476
33887481,27.0976,30.3486,478,49314,0.0286205,0.51,1,378410,377932,478
33890401,28.839,30.7395,477,49357,0.0294482,0.39,1,378440,377963,477
33893321,23.5356,32.0958,464,49400,0.0297793,0.29,1,378460,377996,464
33896241,24.4142,31.4383,458,49443,0.0299117,0.35,1,378485,378027,458
33899161,21.1657,25.7753,455,49486,0.0119647,0.31,1,378504,378049,455
33902081,12.6663,22.9101,441,49529,0.0227859,0.27,1,378511,378070,441
33905001,12.2665,14.5641,444,49572,0.0391143,0.21,1,378523,378079,444
33907921,21.7066,14.8256,457,49615,0.0816457,0.03,1,378551,378094,457
33910841,29.0826,26.9302,456,49657,0.0746583,0,1,378585,378129,456
33913761,36.8331,31.7721,463,49699,0.0358633,0.03,1,378627,378164,463
33916681,38.1332,37.3088,461,49741,0.0443453,0.03,1,378666,378205,461
33919601,32.6533,36.5235,454,49783,0.0477381,0.01,1,378695,378241,454
33922521,25.0613,33.8094,442,49825,0.0850953,0.01,1,378715,378273,442
33925441,29.2245,26.1238,453,49867,0.0640381,0.03,1,378747,378294,453
33928361,32.6898,29.6495,456,49909,0.0556152,0.07,1,378782,378326,456
33931281,26.8759,32.8598,444,49951,0.0402461,0.01,1,378805,378361,444
33934201,26.3504,25.7439,449,49993,0.0580984,0.03,1,378831,378382,449
33940041,23.4161,28.839,441,50077,0.0944957,0.03,1,378881,378440,441
33942961,24.3664,23.5356,446,50119,0.0557983,0.03,1,378906,378460,446
33945881,22.3466,24.4142,442,50161,0.0403193,0,1,378927,378485,442
33948801,13.1386,21.1657,430,50203,0.0341277,0.03,1,378934,378504,430
33951721,13.0555,12.6663,436,50245,0.0556511,0.05,1,378947,378511,436
33954641,22.0222,12.2665,452,50287,0.0882604,0.11,1,378975,378523,452
33963401,34.6014,36.8331,423,50413,0.0750087,0.05,1,379050,378627,423
33966321,38.4406,38.1332,425,50455,0.0480035,0.05,1,379091,378666,425
33969241,33.9762,32.6533,427,50497,0.0192014,0.11,1,379122,378695,427
33972161,23.1905,25.0613,423,50539,0.0496806,0.05,1,379138,378715,423
33975081,28.4762,29.2245,423,50581,0.0378722,0.05,1,379170,378747,423
33978001,32.9905,32.6898,424,50623,0.0451489,0.03,1,379206,378782,424
33980921,25.7962,26.8759,422,50665,0.0240596,0.07,1,379227,378805,422
33983841,27.7185,26.3504,425,50707,0.0396238,0.13,1,379256,378831,425
33986761,29.6874,28.5401,426,50749,0.0698495,0.09,1,379287,378861,426
33989681,22.675,23.4161,424,50791,0.0939398,0.03,1,379305,378881,424
33995521,21.988,22.3466,423,50873,0.0882304,0.03,1,379350,378927,423
33998441,13.5952,13.1386,424,50914,0.0772921,0.07,1,379358,378934,424
34001361,14.4381,13.0555,426,50955,0.0609169,0.11,1,379373,378947,426
34004281,23.1752,22.0222,427,50996,0.0543667,0.11,1,379402,378975,427
34007201,10.4701,10.0089,427,51037,0.0757467,0.17,1,379404,378977,427
34010121,20.388,22.0035,424,51078,0.0482987,0.03,1,379431,379007,424
34013041,32.7552,34.6014,422,51119,0.0373195,0.03,1,379472,379050,422
34015961,38.3021,38.4406,423,51160,0.0449278,0,1,379514,379091,423
34018881,33.9208,33.9762,423,51201,0.0239711,0.07,1,379545,379122,423
34021801,23.7683,23.1905,424,51242,0.0395884,0.03,1,379562,379138,424
34024721,27.5073,28.4762,422,51283,0.0338354,0.05,1,379592,379170,422
34027641,32.6029,32.9905,422,51324,0.0435341,0.01,1,379628,379206,422
34030561,25.6412,25.7962,422,51365,0.0714137,0.05,1,379649,379227,422
34033481,27.6565,27.7185,422,51406,0.0585655,0.09,1,379678,379256,422
34036401,31.4626,29.6874,425,51447,0.0894262,0.11,1,379712,379287,425
34062681,31.3701,8.15521,462,51816,0.0815458,0.03,1,379893,379431,462
34065601,38.3481,27.8621,464,51857,0.0626183,0.05,1,379936,379472,464
34068521,33.9392,36.3448,453,51898,0.0310473,0.01,1,379967,379514,453
34071441,24.3757,33.1379,440,51939,0.0304189,0.05,1,379985,379545,440
34074361,26.5503,23.4552,451,51980,0.0301676,0.03,1,380013,379562,451
34077281,34.0201,27.3821,460,52021,0.018067,0.05,1,380052,379592,460
34080201,25.608,32.5528,444,52061,0.0372268,0.09,1,380072,379628,444
34083121,28.2432,25.6211,453,52101,0.0328907,0.05,1,380102,379649,453
34086041,32.8973,27.6485,460,52141,0.0671563,0.11,1,380138,379678,460
34088961,23.9589,31.4594,444,52181,0.0808625,0.13,1,380156,379712,444
34091881,24.5836,23.9838,450,52221,0.098345,0.11,1,380181,379731,450
34126921,34.9757,26.5503,462,52701,0.081557,0.01,1,380475,380013,462
34129841,26.5903,34.0201,444,52741,0.0626228,0.05,1,380496,380052,444
34132761,29.2361,25.608,455,52781,0.0430491,0.03,1,380527,380072,455
34135681,33.2944,28.2432,461,52821,0.0472196,0.09,1,380563,380102,461
34138601,24.7178,32.8973,444,52861,0.0728879,0.09,1,380582,380138,444
34141521,24.8871,23.9589,451,52901,0.0591551,0.11,1,380607,380156,451
34144441,21.9548,24.5836,446,52941,0.0656621,0.13,1,380627,380181,446
34147361,13.5819,21.2334,435,52981,0.0802648,0.13,1,380635,380200,435
34150281,15.0328,13.2934,443,53021,0.0981059,0.13,1,380651,380208,443
34170721,23.9436,32.3702,428,53301,0.212989,0.11,1,380816,380388,428
34173641,20.3774,24.3481,427,53340,0.271195,0.13,1,380834,380407,427
34176561,23.751,25.9392,426,53379,0.294478,0.05,1,380860,380434,426
34208681,10.8501,10.8052,427,53808,0.405417,0.11,1,381110,380683,427
34217441,35.5904,34.1475,430,53925,0.429867,0.17,1,381214,380784,430
34220361,15.4362,14.859,430,53964,0.417947,0.25,1,381216,380786,430
34223281,27.1745,23.9436,435,54003,0.437179,0.31,1,381251,380816,435
34229121,24.2679,23.751,435,54081,0.440749,0.31,1,381295,380860,435
34232041,34.9072,33.5004,437,54120,0.434299,0.35,1,381337,380900,437
34302121,24.2841,24.9084,472,55046,0.756117,0.61,2,381942,381470,472
34319641,33.8475,20.0113,494,55274,0.759214,0.67,2,382070,381576,494
34322561,36.939,33.2045,491,55312,0.789686,0.69,2,382109,381618,491
34375121,38.6248,33.8475,501,55996,0.900226,0.81,2,382571,382070,501
34378041,16.6499,36.939,464,56034,0.94209,0.81,2,382573,382109,464
34569301,190.566,213.863,470,26280,0.4132,0.85,1,384744,384274,470
34616021,51.9705,60.2581,457,26280,0.276112,0.65,1,384802,384345,457
34618941,58.5882,49.9032,477,27088,0.224445,0.49,1,384865,384388,477
34621861,52.8353,56.5613,465,27166,0.251778,0.35,1,384914,384449,465
34624781,60.7341,59.2245,470,27244,0.250711,0.23,1,384980,384510,470
34642301,39.199,54.4935,436,27708,0.405262,0.19,1,385235,384799,436
34645221,53.4796,61.3974,433,27784,0.432105,0.27,1,385298,384865,433
34683181,36.1467,46.5006,477,28759,0.758664,0.55,2,385930,385453,477
34686101,33.6587,36.0002,480,28833,0.777466,0.55,2,385962,385482,480
34689021,56.6635,33.6001,520,28906,0.796986,0.59,2,386034,385514,520
34721141,40.421,67.6654,483,29702,0.903811,0.81,2,386592,386109,483
34724061,56.3684,40.2662,528,29773,0.931524,0.83,2,386659,386131,528
34726981,55.5474,55.1065,518,29844,0.94261,0.87,2,386714,386196,518
34852541,35.0139,37.2436,511,32754,0.946,1,2,388731,388220,511
34855461,33.8056,33.4974,513,32819,0.9364,1,2,388764,388251,513
34919701,29.478,30.8246,442,34207,0.796611,0.45,2,389670,389228,442
34925541,29.4365,23.5319,472,34331,0.783858,0.53,2,389731,389259,472
34975181,51.9114,67.3325,503,35363,0.911909,0.83,2,390503,390000,503
34978101,39.3646,51.533,493,35423,0.934764,0.81,2,390534,390041,493
35127021,30.161,29.3549,513,38345,0.94,1,2,392540,392027,513
35191261,53.65,57.3124,453,39540,0.772113,0.65,2,393354,392901,453
35217541,27.6282,26.4542,456,40017,0.901193,0.71,2,393632,393176,456
35220461,27.8513,26.7817,457,40070,0.942477,0.71,2,393660,393203,457
35430701,42.2237,46.1471,514,43700,0.9292,1,2,396227,395713,514
35433621,38.4895,39.4588,515,43748,0.94168,1,2,396263,395748,515
35439461,27.2783,29.8334,505,43844,0.905469,1,2,396312,395807,505
35454061,36.4272,27.5829,517,44084,0.798152,1,2,396469,395952,517
35465741,34.0237,36.4949,503,44276,0.771489,1,2,396598,396095,503
35468661,49.6095,34.398,530,44324,0.770595,0.93,2,396658,396128,530
35471581,39.0438,51.5592,499,44372,0.794238,0.91,2,396690,396191,499
35492021,21.5436,25.1698,458,44702,0.900252,0.83,2,396855,396397,458
35494941,27.2174,28.0679,459,44749,0.906101,0.77,2,396886,396427,459
35497861,33.687,36.4272,455,44796,0.90844,0.69,2,396924,396469,455
35500781,32.0748,31.3709,458,44843,0.945376,0.71,2,396955,396497,458
35506621,35.852,34.0593,459,44937,0.94206,0.81,2,397023,396564,459
35731461,45.1441,30.2497,490,22475,0.763703,0.59,2,399789,399299,490
35740221,96.3452,81.592,546,22757,0.796957,0.65,2,400074,399528,546
35760661,95.8308,99.841,554,23401,0.926348,0.79,2,400534,399980,554
35848261,95.0091,56.1673,595,25982,0.7804,1,2,402333,401738,595
35857021,61.8086,66.5947,529,26226,0.247946,1,1,402501,401972,529
35862861,38.8094,46.4152,508,26388,0.0528713,1,1,402572,402064,508
35865781,40.7237,43.7661,508,26468,0.0211485,1,1,402614,402106,508
35868701,58.8895,37.3064,546,26548,0.0384594,0.96,1,402685,402139,546
35871621,86.5558,60.5226,575,26628,0.0453838,0.65,1,402790,402215,575
35874541,49.6223,95.009,482,26708,0.0481535,0.65,1,402815,402333,482
35877461,56.4489,57.8036,510,26787,0.0852614,0.29,1,402876,402366,510
35880381,51.9796,70.5214,480,26866,0.0881046,0.11,1,402925,402445,480
35883301,21.9918,61.8086,426,26945,0.0652418,0.03,1,402927,402501,426
35886221,29.7967,47.5234,423,27024,0.0680967,0.01,1,402962,402539,423
35889141,31.1187,38.8094,422,27102,0.0332387,0,1,402994,402572,422
35892061,38.2475,40.7237,423,27180,0.0312955,0.05,1,403037,402614,423
35894981,57.299,58.8895,422,27258,0.0125182,0.05,1,403107,402685,422
35897901,87.1196,86.5558,424,27336,0.0950073,0.05,1,403214,402790,424
35909581,21.4591,21.9918,424,27644,0.211184,0.07,1,403351,402927,424
35912501,28.3836,29.7967,422,27721,0.222474,0.01,1,403384,402962,422
35915421,30.5534,31.1187,422,27797,0.214989,0.03,1,403416,402994,422
35921261,57.2086,57.299,422,27949,0.0907983,0.15,1,403529,403107,422
35924181,91.2834,87.1196,429,28025,0.0783193,0.13,1,403643,403214,429
35927101,50.9134,51.0478,426,28101,0.0973277,0.21,1,403667,403241,426
35944621,33.1408,23.7414,467,28550,0.0872691,0.11,1,403883,403416,467
35947541,54.6563,35.2966,493,28624,0.0889076,0.05,1,403952,403459,493
35956301,61.098,50.739,492,28846,0.20081,0.15,1,404159,403667,492
35959221,53.2392,59.8956,474,28919,0.218324,0.13,1,404207,403733,474
35962141,22.4957,52.1582,429,28992,0.22533,0.13,1,404209,403780,429
35965061,28.1983,22.0633,459,29065,0.240132,0.11,1,404241,403782,459
35967981,30.4793,28.6253,458,29138,0.258053,0.11,1,404273,403815,458
35970901,32.5917,31.8501,458,29211,0.277221,0.07,1,404307,403849,458
35982581,63.2487,50.745,500,29499,0.441065,0.23,1,404591,404091,500
36035141,95.4427,94.72,449,30765,0.774499,0.57,2,405387,404938,449
36052661,33.2825,32.4165,454,31175,0.915823,0.65,2,405608,405154,454
36055581,14.513,14.1666,454,31243,0.924329,0.65,2,405610,405156,454
36058501,27.4052,27.2666,454,31311,0.927732,0.65,2,405646,405192,454
36061421,57.1621,10.9067,531,31379,0.917093,0.77,2,405723,405192,531
36064341,98.4648,47.5627,585,31446,0.924837,0.81,2,405849,405264,585
36067261,54.3859,92.8251,487,31513,0.915935,0.87,2,405874,405387,487
36070181,69.1544,52.13,541,31580,0.936374,0.91,2,405953,405412,541
36192821,44.0918,20.1165,540,34280,0.946,1,2,407827,407287,540
36210341,33.4617,30.3706,516,34648,0.44214,1,1,408038,407522,516
36219101,89.8376,40.1757,600,34831,0.257017,1,1,408230,407630,600
36222021,53.935,94.0703,500,34892,0.216807,1,1,408260,407760,500
36224941,41.974,56.2281,503,34953,0.212723,0.91,1,408294,407791,503
36239541,31.3495,35.8855,481,35253,0.0780087,0.43,1,408453,407972,481
36242461,29.3398,34.1542,476,35313,0.0612035,0.41,1,408481,408005,476
36251221,86.4297,32.5939,560,35493,0.082397,0.19,1,408662,408102,560
36254141,51.9719,89.8376,461,35553,0.0509588,0.19,1,408691,408230,461
36257061,41.1888,53.935,465,35612,0.0503835,0.21,1,408725,408260,465
36259981,32.6755,41.974,458,35671,0.0741534,0.19,1,408752,408294,458
36262901,14.2702,33.5896,432,35730,0.0836614,0.13,1,408754,408322,432
36265821,23.7081,33.8358,428,35789,0.0634645,0.07,1,408784,408356,428
36268741,28.0832,33.9343,425,35848,0.0913858,0.13,1,408815,408390,425
36286261,84.7759,86.4297,424,36201,0.22565,0.03,1,409086,408662,424
36289181,50.7104,51.9719,423,36259,0.26426,0.05,1,409114,408691,423
36292101,42.4841,41.1888,426,36317,0.267704,0.09,1,409151,408725,426
36295021,33.1937,32.6755,426,36375,0.293082,0.09,1,409178,408752,426
36297941,14.4775,14.2702,426,36433,0.279233,0.05,1,409180,408754,426
36300861,22.591,23.7081,424,36491,0.297693,0.11,1,409208,408784,424
36321301,86.8036,84.7759,434,36895,0.407429,0.29,1,409520,409086,434
36338821,30.637,9.03639,471,37237,0.445867,0.37,1,409679,409208,471
36391381,92.0034,31.8459,580,38245,0.779062,0.65,2,410414,409834,580
36394301,53.6014,90.1384,479,38300,0.797625,0.61,2,410442,409963,479
36417661,28.7423,30.8217,457,38740,0.914227,0.73,2,410644,410187,457
36420581,30.6969,30.9287,458,38795,0.935691,0.75,2,410676,410218,458
36551981,37.5666,46.0024,507,41172,0.9148,1,2,412402,411895,507
36572421,21.1103,26.9915,509,41529,0.778714,1,2,412587,412078,509
36575341,9.64411,28.7966,481,41580,0.761485,1,2,412589,412108,481
36578261,22.4576,29.5186,482,41631,0.790594,1,2,412620,412138,482
36581181,29.9831,28.0075,490,41682,0.766238,1,2,412655,412165,490
36595781,31.2814,33.6266,465,41935,0.755139,0.81,2,412898,412433,465
36598701,31.7126,32.0507,466,41985,0.764056,0.89,2,412930,412464,466
36604541,23.914,26.8481,460,42085,0.771449,0.87,2,412971,412511,460
36607461,26.9656,26.9392,462,42135,0.78258,0.79,2,413000,412538,462
36610381,29.9862,31.7757,459,42185,0.787032,0.75,2,413032,412573,459
36624981,80.5909,83.9932,453,42435,0.903461,0.65,2,413228,412775,453
36627901,48.4364,47.3973,457,42485,0.907384,0.77,2,413255,412798,457
36630821,45.7745,44.7589,458,42535,0.908954,0.73,2,413299,412841,458
36633741,34.5098,34.7036,457,42585,0.909582,0.77,2,413326,412869,457
36636661,32.4039,31.2814,459,42635,0.909833,0.77,2,413357,412898,459
36639581,31.5616,31.7126,458,42684,0.921933,0.73,2,413388,412930,458
36642501,22.8246,22.285,459,42733,0.938773,0.79,2,413405,412946,459
36814781,34.4534,30.3101,500,45553,0.928,1,2,415386,414886,500
36889241,83.7016,87.8008,454,21469,0.0581966,0.03,1,416284,415830,454
36892161,80.2806,88.5203,443,21568,0.0412786,0.01,1,416362,415919,443
36895081,75.3123,63.0081,469,21666,0.0225115,0.01,1,416434,415965,469
36898001,41.5249,54.0033,440,21764,0.0270046,0.05,1,416453,416013,440
36900921,37.01,43.8013,437,21861,0.0528018,0.05,1,416487,416050,437
36903841,70.004,79.3205,426,21958,0.0511207,0.11,1,416579,416153,426
36906761,64.6016,70.7282,422,22055,0.0744483,0.01,1,416640,416218,422
36909681,65.4406,67.8913,422,22151,0.0477793,0.03,1,416706,416284,422
36912601,74.1763,73.9565,424,22247,0.0191117,0.01,1,416786,416362,424
36915521,71.6705,72.7826,422,22342,0.0136447,0.03,1,416856,416434,422
36918441,41.8682,40.513,425,22437,0.0114579,0.07,1,416878,416453,425
36921361,37.1473,36.6052,425,22532,0.0225832,0.07,1,416912,416487,425
36924281,68.8589,14.6421,515,22626,0.0270333,0.05,1,417002,416487,515
36927201,64.7436,61.0568,485,22720,0.0528133,0.09,1,417064,416579,485
36930121,63.6974,61.0227,487,22813,0.0631253,0.03,1,417127,416640,487
36933041,74.079,64.0091,502,22906,0.0552501,0,1,417208,416706,502
36935961,71.0316,73.6036,491,22999,0.0401,0.01,1,417277,416786,491
36938881,42.2126,71.4415,444,23091,0.02204,0.01,1,417300,416856,444
36941801,37.2851,41.7766,456,23183,0.050816,0.03,1,417334,416878,456
36944721,68.914,37.1106,512,23274,0.0743264,0.03,1,417424,416912,512
36953481,73.7225,63.6951,503,23546,0.0880369,0.05,1,417630,417127,503
36956401,70.289,74.078,490,23636,0.0532148,0.03,1,417698,417208,490
36959321,41.9156,71.0312,444,23726,0.0392859,0.01,1,417721,417277,444
36962241,38.9662,42.2125,458,23815,0.0337144,0.07,1,417758,417300,458
36965161,70.1865,37.285,515,23904,0.0554857,0.09,1,417849,417334,515
36968081,29.2746,68.914,427,23993,0.0641943,0.13,1,417851,417424,427
36971001,49.5098,64.7656,428,24081,0.0796777,0.17,1,417914,417486,428
36973921,59.4039,64.3062,430,24169,0.0978711,0.05,1,417980,417550,430
37006041,40.6869,40.7859,427,25117,0.226483,0.09,1,418571,418144,427
37008961,36.6748,38.5143,424,25201,0.216593,0.15,1,418605,418181,424
37011881,72.8699,71.8057,427,25285,0.260637,0.15,1,418702,418275,427
37014801,30.348,29.9223,427,25369,0.278255,0.19,1,418704,418277,427
37035241,74.1085,36.369,530,25948,0.417209,0.29,1,419135,418605,530
37038161,30.8434,72.7476,435,26030,0.436884,0.29,1,419137,418702,435
37079041,35.7702,41.4019,449,27146,0.785476,0.61,2,419889,419440,449
37090721,54.6661,54.0567,454,27457,0.9143,0.69,2,420103,419649,454
37093641,64.4664,63.0227,456,27534,0.92372,0.69,2,420174,419718,456
37096561,68.9866,68.4091,456,27611,0.939488,0.69,2,420246,419790,456
37099481,28.7946,28.5636,456,27688,0.945795,0.79,2,420248,419792,456
37213361,40.3446,36.1958,495,30526,0.9148,1,2,422259,421764,495
37233801,61.1861,65.2589,473,31008,0.26134,1,1,422614,422141,473
37263001,56.0323,65.7591,485,31683,0.215161,0.23,1,423041,422556,485
37265921,36.8129,61.1037,451,31750,0.260065,0.15,1,423065,422614,451
37268841,47.1252,39.4415,480,31817,0.242026,0.13,1,423119,422639,480
37271761,35.6501,46.9766,456,31883,0.23481,0.17,1,423147,422691,456
37274681,31.06,34.9906,457,31949,0.255924,0.15,1,423175,422718,457
37277601,20.824,31.3963,442,32015,0.26437,0.13,1,423189,422747,442
37280521,57.5296,21.5585,509,32081,0.267748,0.13,1,423271,422762,509
37283441,41.0118,57.8234,457,32147,0.293099,0.17,1,423301,422844,457
37298041,47.8737,36.8129,488,32475,0.427043,0.23,1,423553,423065,488
37341841,58.9577,57.5488,449,33438,0.771257,0.55,2,424154,423705,449
37344761,24.7831,24.2195,449,33501,0.782503,0.61,2,424156,423707,449
37347681,29.7132,28.2878,451,33564,0.799001,0.61,2,424189,423738,451
37356441,61.5896,61.2824,454,33753,0.900976,0.65,2,424372,423918,454
37359361,37.8359,37.713,454,33816,0.90639,0.73,2,424394,423940,454
37365201,39.4137,37.7141,458,33941,0.911822,0.75,2,424485,424027,458
37368121,33.7655,32.4856,459,34003,0.922729,0.75,2,424515,424056,459
37371041,22.5062,21.3943,460,34065,0.939092,0.79,2,424530,424070,460
37505361,29.2857,28.9513,494,36813,0.945616,1,2,426451,425957,494
37508281,53.7143,57.1805,488,36870,0.912246,1,2,426521,426033,488
37514121,38.9543,31.3489,507,36984,0.783159,1,2,426595,426088,507
37546241,41.646,53.674,499,37608,0.416356,0.83,1,427020,426521,499
37549161,36.4584,44.8696,493,37664,0.412542,0.73,1,427053,426560,493
37572521,30.7572,37.5462,470,38112,0.407546,0.43,1,427338,426868,470
37575441,25.5029,31.2185,465,38167,0.421018,0.47,1,427360,426895,465
37628001,27.4984,26.3655,450,39150,0.753789,0.57,2,427996,427546,450
37633841,47.4798,45.4985,453,39258,0.793806,0.63,2,428087,427634,453
37665961,27.5431,27.4984,458,39846,0.915441,0.73,2,428454,427996,458
37668881,30.8172,30.1994,459,39899,0.924176,0.83,2,428487,428028,459
37835321,34.5612,34.028,494,42811,0.943284,1,2,430524,430030,494
37838241,33.6245,34.0112,493,42860,0.905313,1,2,430557,430064,493
37841161,38.0498,40.0045,490,42909,0.908125,1,2,430598,430108,490
37847001,30.568,35.5607,484,43007,0.7729,1,2,430661,430177,484
37861601,34.4948,43.1465,507,43252,0.261748,1,1,430825,430318,507
37867441,36.4792,38.5834,507,43350,0.0934797,0.92,1,430897,430390,507
37870361,32.5917,35.2334,504,43399,0.0433919,0.98,1,430927,430423,504
37873281,31.6367,34.4934,501,43448,0.0473567,0.96,1,430958,430457,501
37876201,34.2547,32.3973,506,43497,0.0369427,0.93,1,430994,430488,506
37879121,31.7019,34.5589,500,43546,0.0327771,0.88,1,431024,430524,500
37882041,36.6807,33.6236,507,43594,0.0311108,0.91,1,431064,430557,507
37884961,34.4723,38.0494,499,43642,0.0304443,0.79,1,431097,430598,499
37887881,24.5889,37.4198,480,43690,0.0301777,0.73,1,431115,430635,480
37890801,20.6356,30.5679,472,43738,0.0540711,0.71,1,431133,430661,472
37893721,17.2542,24.8272,466,43786,0.0396284,0.57,1,431148,430682,466
37896641,26.1017,23.7309,475,43834,0.0458514,0.49,1,431180,430705,475
37914161,30.9838,32.5917,452,44122,0.069279,0.05,1,431379,430927,452
37917081,35.1935,31.6367,459,44170,0.0337116,0.03,1,431417,430958,459
37920001,31.4774,34.2547,452,44218,0.0434846,0.03,1,431446,430994,452
37925841,34.7964,36.6807,455,44314,0.0969575,0.03,1,431519,431064,455
37928761,25.3186,34.4723,441,44362,0.068783,0.03,1,431538,431097,441
37931681,19.7274,24.5889,439,44410,0.0695132,0.07,1,431554,431115,439
37934601,18.691,20.6356,439,44457,0.0578053,0.03,1,431572,431133,439
37937521,8.67639,17.2542,426,44504,0.0531221,0.05,1,431574,431148,426
37940441,22.6706,26.1017,426,44551,0.0512488,0.15,1,431606,431180,426
37943361,41.4682,41.0407,429,44598,0.0504995,0.11,1,431660,431231,429
37946281,28.5873,29.6163,427,44645,0.0501998,0.15,1,431680,431253,427
37949201,30.0349,29.2465,429,44692,0.0620799,0.17,1,431711,431282,429
37952121,33.614,33.8986,428,44739,0.066832,0.11,1,431747,431319,428
37955041,29.0456,30.9594,425,44786,0.0927328,0.03,1,431773,431348,425
37957961,30.2182,30.9838,425,44833,0.0910931,0.01,1,431804,431379,425
37960881,33.6873,35.1935,423,44880,0.0544372,0.05,1,431840,431417,423
37963801,31.4749,31.4774,424,44927,0.0277749,0.15,1,431870,431446,424
37966721,37.79,35.991,427,44974,0.05311,0.09,1,431912,431485,427
37969641,34.316,34.7964,425,45021,0.063244,0.05,1,431944,431519,425
37972561,24.5264,25.3186,424,45068,0.0912976,0.07,1,431962,431538,424
37975481,18.8106,19.7274,423,45115,0.090519,0.05,1,431977,431554,423
37981321,8.76969,8.67639,424,45209,0.082883,0.05,1,431998,431574,424
37984241,23.9079,22.6706,426,45256,0.0991532,0.05,1,432032,431606,426
38022201,18.6263,18.9242,425,45857,0.207482,0.07,1,432421,431996,425
38025121,8.65053,8.76969,425,45903,0.220993,0.11,1,432423,431998,425
38028041,25.0602,23.9079,427,45949,0.214397,0.11,1,432459,432032,427
38030961,41.8241,9.56315,480,45995,0.259759,0.19,1,432512,432032,480
38033881,29.3296,35.0253,449,46041,0.289904,0.21,1,432533,432084,449
38066001,19.6463,19.5655,448,46543,0.41778,0.23,1,432851,432403,448
38068921,9.05851,18.6262,432,46588,0.425112,0.23,1,432853,432421,432
38071841,26.4234,8.65049,468,46633,0.404045,0.21,1,432891,432423,468
38080601,32.9871,29.3296,471,46768,0.413459,0.35,1,433004,432533,471
38083521,34.7948,31.5319,474,46813,0.447384,0.35,1,433040,432566,474
38156521,20.6794,20.5052,450,47926,0.773444,0.57,2,433743,433293,450
38159441,9.47175,9.40206,450,47970,0.759378,0.63,2,433745,433295,450
38162361,27.1887,25.3608,453,48014,0.753751,0.63,2,433784,433331,453
38165281,44.4755,42.5443,455,48058,0.7515,0.63,2,433840,433385,455
38168201,18.9902,18.2177,455,48102,0.7506,0.75,2,433842,433387,455
38171121,23.1961,21.6871,457,48146,0.79824,0.69,2,433868,433411,457
38188641,31.9371,31.9693,456,48410,0.902876,0.75,2,434062,433606,456
38203241,20.8864,20.6794,459,48626,0.904954,0.75,2,434202,433743,459
38206161,9.55456,9.47175,459,48669,0.919982,0.75,2,434204,433745,459
38209081,26.0218,27.1887,457,48712,0.925993,0.75,2,434241,433784,457
38212001,45.2087,44.4755,459,48755,0.940397,0.75,2,434299,433840,459
38214921,19.2835,18.9902,459,48798,0.946159,0.83,2,434301,433842,459
38468961,308.99,339.81,454,23360,0.218799,0.63,1,437060,436606,454
38474801,95.3984,111.97,449,24266,0.0602078,0.25,1,437172,436723,449
38477721,47.7594,60.3878,439,24353,0.0540831,0.17,1,437188,436749,439
38480641,45.5037,33.1551,468,24440,0.0636333,0.03,1,437232,436764,468
38483561,47.6015,49.862,456,24527,0.0674533,0.05,1,437281,436825,456
38486481,59.8406,72.7448,436,24613,0.0929813,0.01,1,437349,436913,436
38489401,62.9362,54.2979,459,24699,0.0791925,0.05,1,437414,436955,459
38492321,66.5745,66.1192,454,24785,0.085677,0.03,1,437483,437029,454
38530281,43.3768,39.8676,470,25874,0.209581,0.15,1,438129,437659,470
38533201,61.1507,42.347,499,25956,0.221832,0.15,1,438202,437703,499
38536121,61.0603,60.7388,487,26038,0.250733,0.09,1,438263,437776,487
38539041,68.2241,62.6955,496,26119,0.298293,0.11,1,438336,437840,496
38547801,33.3103,57.5085,445,26362,0.417731,0.17,1,438468,438023,445
38550721,40.3241,32.6034,474,26442,0.449092,0.19,1,438513,438039,474
38597441,46.9093,45.7506,449,27696,0.764964,0.61,2,439344,438895,449
38600361,28.9637,27.9002,450,27772,0.755985,0.59,2,439361,438911,450
38603281,39.1855,39.3601,449,27848,0.788394,0.57,2,439407,438958,449
38606201,45.6742,45.144,450,27924,0.777358,0.57,2,439457,439007,450
38609121,62.6697,61.8576,451,28000,0.796943,0.63,2,439531,439080,451
38623721,47.7979,46.9093,459,28376,0.903198,0.79,2,439803,439344,459
38626641,28.7192,18.7637,475,28451,0.907279,0.75,2,439819,439344,475
38629561,39.6877,17.7055,505,28525,0.920912,0.81,2,439866,439361,505
38632481,45.8751,34.6822,509,28599,0.938365,0.77,2,439916,439407,509
38635401,62.75,43.8729,533,28673,0.945346,0.81,2,439990,439457,533
38725921,74.7694,74.9494,492,30879,0.79624,1,2,441590,441098,492
38734681,43.6412,40.3648,494,31084,0.431839,1,1,441721,441227,494
38740521,32.0626,35.1384,491,31220,0.228694,1,1,441782,441291,491
38746361,33.69,12.8221,532,31356,0.0617911,1,1,441853,441321,532
38749281,50.676,24.3289,562,31423,0.0307164,0.94,1,441915,441353,562
38752201,61.0704,57.7315,550,31490,0.0302866,1,1,441983,441433,550
38755121,61.6282,71.6926,531,31557,0.0301146,0.67,1,442045,441514,531
38758041,53.4513,74.277,503,31624,0.0300459,0.63,1,442093,441590,503
38760961,37.5805,63.3108,474,31691,0.0660183,0.51,1,442120,441646,474
38763881,37.8322,44.5243,480,31758,0.0684073,0.33,1,442158,441678,480
38766801,29.5329,43.6097,461,31825,0.0453629,0.29,1,442182,441721,461
38769721,26.2132,36.6439,453,31891,0.0601452,0.15,1,442206,441753,453
38772641,35.6853,32.0576,466,31957,0.0780581,0.03,1,442248,441782,466
38775561,33.4741,36.223,459,32023,0.0972232,0.03,1,442280,441821,459
38778481,46.9896,33.6892,483,32089,0.0568893,0.01,1,442336,441853,483
38781401,60.1959,50.6757,490,32155,0.0407557,0.03,1,442405,441915,490
38784321,63.0783,61.0703,487,32221,0.0583023,0.03,1,442470,441983,487
38787241,53.4313,61.6281,472,32287,0.0533209,0.03,1,442517,442045,472
38790161,36.9725,53.4512,450,32353,0.0513284,0.09,1,442543,442093,450
38793081,38.189,37.5805,462,32418,0.0625313,0.07,1,442582,442120,462
38796001,29.6756,37.8322,448,32483,0.0790125,0.03,1,442606,442158,448
38798921,26.2702,29.5329,448,32548,0.097605,0.07,1,442630,442182,448
38813521,48.4687,60.1959,423,32872,0.204164,0.07,1,442828,442405,423
38819361,51.435,53.4313,424,33000,0.211466,0.05,1,442941,442517,424
38825201,38.4696,38.189,425,33128,0.229435,0.09,1,443007,442582,425
38828121,30.3878,29.6756,426,33192,0.229774,0.11,1,443032,442606,426
38831041,27.1551,26.2702,427,33256,0.27791,0.13,1,443057,442630,427
38833961,37.2621,36.3081,428,33320,0.297164,0.17,1,443101,442673,428
38854401,36.1795,36.174,431,33761,0.41006,0.25,1,443398,442967,431
38857321,39.0718,38.4696,432,33824,0.410024,0.23,1,443439,443007,432
38860241,31.8287,30.3878,434,33887,0.42201,0.31,1,443466,443032,434
38866081,39.5326,37.2621,438,34011,0.426322,0.33,1,443539,443101,438
38869001,36.213,36.5048,436,34073,0.440529,0.31,1,443573,443137,436
38871921,46.8852,46.4019,437,34135,0.446211,0.31,1,443627,443190,437
38921561,40.8108,36.3571,491,35173,0.76728,0.55,2,444329,443838,491
38924481,33.1243,39.7429,477,35233,0.780912,0.57,2,444357,443880,477
38927401,30.0497,32.6971,477,35293,0.798365,0.57,2,444385,443908,477
38930321,38.4199,28.6789,495,35353,0.781346,0.63,2,444429,443934,495
38933241,36.968,38.4715,486,35413,0.774538,0.57,2,444465,443979,486
38944921,60.524,51.9849,520,35651,0.903844,0.69,2,444665,444145,520
38947841,25.4096,59.7939,457,35710,0.907538,0.73,2,444667,444210,457
38950761,40.1638,53.3176,458,35769,0.945015,0.75,2,444717,444259,458
39128881,39.116,38.1549,483,39210,0.945754,1,2,447114,446631,483
39137641,24.7514,28.4099,478,39372,0.913728,0.96,2,447195,446717,478
39143481,34.6802,28.9056,491,39480,0.941796,1,2,447260,446769,491
39146401,29.4721,32.5622,482,39533,0.922719,1,2,447286,446804,482
39149321,22.5888,27.4249,476,39586,0.927087,1,2,447304,446828,476
39152241,49.2355,48.17,481,39639,0.904835,1,2,447371,446890,481
39155161,38.8942,44.468,471,39692,0.931934,1,2,447403,446932,471
39158081,44.3577,47.1872,470,39745,0.942774,0.96,2,447451,446981,470
39161001,49.5431,46.4749,477,39798,0.935109,0.99,2,447504,447027,477
39327441,41.3925,32.207,494,42717,0.922,1,2,449547,449053,494
39336201,33.4651,35.3012,501,42864,0.758128,1,2,449652,449151,501
39394601,171.007,181.507,455,19818,0.0658547,0.05,1,450325,449870,455
39397521,135.603,141.603,452,19925,0.0803419,0,1,450437,449985,452
39400441,93.2411,93.8411,455,20031,0.0621368,0.05,1,450502,450047,455
39403361,67.2964,74.1364,444,20137,0.0428547,0.01,1,450552,450108,444
39406281,71.9186,63.2546,463,20242,0.0171419,0,1,450627,450164,463
39409201,34.1674,50.5018,430,20347,0.0248568,0.03,1,450636,450206,430
39412121,80.867,35.2007,517,20451,0.0279427,0,1,450748,450231,517
39415041,100.147,70.4803,536,20555,0.0651771,0.09,1,450861,450325,536
39417961,77.2587,95.3921,486,20658,0.0440708,0.05,1,450923,450437,486
39420881,62.7035,77.1568,474,20761,0.0356283,0.03,1,450976,450502,474
39423801,69.4814,60.8627,498,20863,0.0322513,0,1,451050,450552,498
39426721,32.5926,69.3451,431,20965,0.0429005,0.03,1,451058,450627,431
39429641,14.237,33.138,424,21066,0.0471602,0.03,1,451060,450636,424
39432561,71.6948,80.4552,422,21167,0.0248641,0.09,1,451170,450748,422
39435481,98.8779,99.9821,426,21267,0.0519456,0.03,1,451287,450861,426
39438401,74.3512,77.1928,422,21367,0.0387783,0.03,1,451345,450923,422
39441321,62.1405,62.6771,423,21466,0.0215113,0.03,1,451399,450976,423
39444241,69.8562,69.4709,424,21565,0.0266045,0.05,1,451474,451050,424
39447161,32.7425,32.5883,424,21663,0.0406418,0.05,1,451482,451058,424
39450081,14.297,14.2353,424,21761,0.0222567,0.01,1,451484,451060,424
39453001,70.5188,71.6941,422,21858,0.0149027,0.07,1,451592,451170,422
39455921,99.0075,98.8777,423,21955,0.0479611,0.03,1,451710,451287,423
39458841,73.803,74.3511,422,22052,0.0611844,0.01,1,451767,451345,422
39461761,61.9212,62.1404,422,22148,0.0304738,0.03,1,451821,451399,422
39464681,69.7685,69.8562,422,22244,0.0421895,0.05,1,451896,451474,422
39467601,32.7074,32.7425,422,22339,0.0468758,0.01,1,451904,451482,422
39470521,14.283,14.297,422,22434,0.0247503,0.01,1,451906,451484,422
39473441,70.5132,70.5188,422,22529,0.0159001,0.01,1,452014,451592,422
39476361,99.0053,28.2075,540,22623,0.0483601,0.07,1,452132,451592,540
39479281,73.8021,82.083,479,22717,0.085344,0.07,1,452189,451710,479
39482201,61.3208,67.0332,475,22810,0.0641376,0.01,1,452242,451767,475
39485121,69.5283,59.2133,496,22903,0.055655,0.05,1,452317,451821,496
39488041,32.6113,68.6853,429,22996,0.052262,0.05,1,452325,451896,429
39490961,14.2445,32.2741,423,23088,0.0509048,0.01,1,452327,451904,423
39493881,70.4978,14.1096,529,23180,0.0263619,0.01,1,452435,451906,529
39496801,100.799,70.4439,542,23271,0.0165448,0.07,1,452556,452014,542
39508481,32.4461,69.5266,431,23633,0.228472,0.05,1,452748,452317,431
39511401,14.1784,32.6106,425,23723,0.241389,0.05,1,452750,452325,425
39514321,69.2714,14.2442,529,23812,0.210555,0.01,1,452856,452327,529
39520161,41.5634,100.799,424,23990,0.0588889,0.17,1,452980,452556,424
39523081,55.6254,75.7196,430,24078,0.0655556,0.17,1,453045,452615,430
39526001,52.2501,60.2879,430,24166,0.0802222,0.23,1,453095,452665,430
39540601,96.8077,100.909,423,24601,0.240217,0.03,1,453401,452978,423
39543521,39.9231,41.5634,423,24687,0.258087,0.07,1,453403,452980,423
39546441,56.1692,55.6254,425,24773,0.253235,0.09,1,453470,453045,425
39549361,53.0677,52.2501,426,24859,0.299294,0.17,1,453521,453095,426
39561041,65.1937,65.0192,430,25198,0.41475,0.27,1,453713,453283,430
39563961,98.6775,96.8077,433,25282,0.4239,0.27,1,453834,453401,433
39569801,57.6684,56.1692,435,25450,0.438624,0.25,1,453905,453470,435
39572721,54.8674,22.4677,488,25533,0.43345,0.33,1,453958,453470,488
39578561,34.2188,65.6348,448,25699,0.440152,0.43,1,454052,453604,448
39581481,14.8875,31.0539,442,25781,0.434061,0.39,1,454054,453612,442
39610681,102.83,65.3548,571,26591,0.766748,0.55,2,454724,454153,571
39613601,42.3321,99.9419,450,26671,0.780699,0.55,2,454726,454276,450
39616521,56.5328,41.1768,514,26750,0.78628,0.53,2,454792,454278,514
39634041,67.4798,66.5755,461,27221,0.941534,0.79,2,455058,454597,461
39745001,87.4868,97.1561,491,30034,0.916,1,2,457090,456599,491
39747921,59.5947,55.6624,504,30104,0.9124,1,2,457131,456627,504
39753761,64.2552,58.106,512,30244,0.795184,1,2,457245,456733,512
39777121,51.6346,59.5947,469,30799,0.775748,0.83,2,457600,457131,469
39818001,52.1273,50.1708,515,31748,0.90719,0.81,2,458262,457747,515
39820921,38.2509,51.8683,491,31815,0.908876,0.89,2,458291,457800,491
39823841,32.1004,37.5473,491,31881,0.90955,0.83,2,458319,457828,491
39826761,32.6401,32.4189,495,31947,0.90982,0.83,2,458352,457857,495
39829681,25.0561,32.1676,483,32013,0.933928,0.83,2,458372,457889,483
39928961,49.7144,46.542,490,34187,0.94408,1,2,459953,459463,490
39940641,41.5879,51.1163,524,34435,0.949368,1,2,460119,459595,524
39943561,47.8352,53.4465,521,34496,0.937747,1,2,460171,459650,521
40115841,29.6025,38.7599,501,37942,0.934,1,2,462573,462072,501
40124601,36.2866,35.6246,523,38110,0.778576,1,2,462686,462163,523
40142121,43.0931,38.285,524,38440,0.438125,1,1,462943,462419,524
40147961,38.2149,41.7656,506,38550,0.4073,0.95,1,463018,462512,506
40150881,28.486,39.5062,490,38605,0.42092,0.91,1,463040,462550,490
40153801,12.5944,29.6025,469,38660,0.426368,0.85,1,463042,462573,469
40212201,42.4419,42.995,443,39738,0.758733,0.49,2,463748,463305,443
40215121,38.5768,38.198,444,39791,0.777493,0.45,2,463784,463340,444
40218041,41.8307,41.6792,444,39844,0.760997,0.51,2,463828,463384,444
40220961,41.9323,41.2717,445,39897,0.754399,0.51,2,463870,463425,445
40223881,40.1729,38.1087,448,39950,0.75176,0.57,2,463909,463461,448
40226801,29.8692,28.4435,449,40003,0.750704,0.57,2,463932,463483,449
40229721,13.1477,12.5774,449,40056,0.750282,0.59,2,463934,463485,449
40232641,31.0591,30.831,449,40109,0.774113,0.59,2,463977,463528,449
40247241,57.6329,29.2885,530,40372,0.761632,0.75,2,464172,463642,530
40250161,43.4532,54.9154,492,40424,0.778653,0.79,2,464206,463714,492
40253081,38.9813,42.3662,494,40476,0.797461,0.79,2,464242,463748,494
40276441,31.2718,29.2236,490,40892,0.910722,0.75,2,464495,464005,490
40279361,26.9087,30.8894,482,40944,0.934289,0.75,2,464519,464037,482
40510041,41.6945,34.6362,499,44832,0.9016,1,2,467269,466770,499
40533401,34.6691,25.3784,519,45208,0.295844,1,1,467534,467015,519
40536321,34.2676,29.9514,520,45255,0.220337,1,1,467568,467048,520
40542161,33.6828,31.1922,517,45349,0.074854,1,1,467630,467113,517
40545081,34.4731,30.4769,522,45396,0.0479416,1,1,467665,467143,522
40548001,31.7893,41.5908,503,45442,0.0371766,0.99,1,467695,467192,503
40550921,25.3157,35.2363,493,45488,0.0688707,0.84,1,467716,467223,493
40553841,25.7263,41.6945,473,45534,0.0455483,0.84,1,467742,467269,473
40556761,27.0905,38.2778,465,45580,0.0242193,0.78,1,467770,467305,465
40559681,28.2362,35.1111,461,45626,0.0396877,0.67,1,467799,467338,461
40562601,25.0945,33.2444,452,45672,0.0218751,0.71,1,467822,467370,452
40565521,28.0378,30.6978,453,45718,0.02675,0.57,1,467852,467399,453
40568441,29.8151,35.0791,446,45764,0.0167,0.45,1,467883,467437,446
40571361,29.926,34.4316,442,45810,0.03668,0.41,1,467913,467471,442
40574281,20.9704,28.1727,433,45856,0.020672,0.19,1,467928,467495,433
40577201,26.9882,34.6691,425,45902,0.0382688,0.17,1,467959,467534,425
40580121,31.1953,34.2676,425,45948,0.0333075,0.17,1,467993,467568,425
40583041,25.0781,13.707,446,45994,0.043323,0.09,1,468014,467568,446
40585961,32.2312,20.4828,458,46040,0.0353292,0.03,1,468051,467593,458
40588881,33.8925,30.3931,456,46086,0.0441317,0.03,1,468086,467630,456
40591801,33.357,33.1573,454,46132,0.0476527,0.03,1,468119,467665,454
40594721,24.1428,31.2629,442,46178,0.0490611,0.09,1,468137,467695,442
40597641,25.2571,25.1052,447,46224,0.0256244,0.03,1,468163,467716,447
40600561,26.9028,25.6421,449,46270,0.0282498,0.01,1,468191,467742,449
40603481,28.1611,27.0568,450,46316,0.0292999,0.05,1,468220,467770,450
40606401,25.6645,28.2227,445,46362,0.01172,0.01,1,468244,467799,445
40609321,27.6658,25.0891,451,46407,0.00468798,0.03,1,468273,467822,451
40612241,30.2663,28.0356,453,46452,0.0438752,0.01,1,468305,467852,453
40615161,29.5065,29.8143,451,46497,0.0355501,0.05,1,468334,467883,451
40618081,22.0026,29.9257,438,46542,0.04422,0.01,1,468351,467913,438
40621001,26.201,20.9703,452,46587,0.071688,0.05,1,468380,467928,452
40623921,33.2804,26.9881,459,46632,0.0466752,0.03,1,468418,467959,459
40626841,24.7122,31.1952,444,46677,0.0486701,0.05,1,468437,467993,444
40629761,31.4849,25.0781,459,46722,0.073468,0.03,1,468473,468014,459
40632681,34.1939,32.2312,458,46767,0.0593872,0.05,1,468509,468051,458
40635601,35.8776,33.8925,460,46812,0.0537549,0.05,1,468546,468086,460
40638521,22.751,33.357,441,46857,0.051502,0.05,1,468560,468119,441
40641441,24.1004,24.1428,448,46902,0.0746008,0.01,1,468585,468137,448
40644361,26.4402,25.2571,450,46947,0.0598403,0.03,1,468613,468163,450
40647281,27.3761,26.9028,450,46992,0.0539361,0.03,1,468641,468191,450
40650201,26.5504,28.1611,447,47037,0.0275744,0,1,468667,468220,447
40653121,28.6202,25.6645,453,47082,0.0110298,0,1,468697,468244,453
40656041,29.4481,27.6658,454,47127,0.0224119,0.07,1,468727,468273,454
40658961,29.1792,30.2663,451,47172,0.0149648,0.03,1,468756,468305,451
40661881,24.2717,29.5065,443,47217,0.0359859,0.05,1,468777,468334,443
40664801,25.3087,22.0026,452,47262,0.0443944,0.09,1,468803,468351,452
40667721,32.3235,26.201,460,47307,0.0237577,0.03,1,468840,468380,460
40670641,24.3294,33.2804,441,47352,0.0155031,0.05,1,468859,468418,441
40673561,10.9318,24.7122,424,47397,0.0362012,0.09,1,468861,468437,424
40676481,25.3727,31.4849,423,47441,0.0444805,0.05,1,468896,468473,423
40679401,32.3491,34.1939,424,47485,0.0357922,0.05,1,468933,468509,424
40682321,35.1396,35.8776,424,47529,0.0203169,0.05,1,468970,468546,424
40685241,21.8559,22.751,423,47573,0.0381268,0.09,1,468983,468560,423
40688161,24.3423,24.1004,424,47617,0.0812507,0.05,1,469009,468585,424
40696921,26.6859,26.5504,423,47749,0.06208,0,1,469090,468667,423
40699841,28.6744,28.6202,423,47793,0.030832,0.03,1,469120,468697,423
40702761,29.4697,29.4481,423,47837,0.0423328,0.01,1,469150,468727,423
40705681,28.5879,29.1792,422,47881,0.0229331,0.05,1,469178,468756,422
40708601,25.2352,24.2717,424,47925,0.0151732,0.05,1,469201,468777,424
40711521,26.8941,25.3087,426,47969,0.0360693,0.01,1,469229,468803,426
40714441,31.1576,32.3235,423,48013,0.0444277,0.01,1,469263,468840,423
40717361,23.2631,24.3294,422,48057,0.0237711,0.05,1,469281,468859,422
40720281,10.5052,10.9318,422,48101,0.0395084,0.05,1,469283,468861,422
40723201,26.4021,25.3727,424,48145,0.0218034,0.03,1,469320,468896,424
40726121,32.1608,32.3491,423,48189,0.0147213,0.01,1,469356,468933,423
40729041,35.0643,35.1396,423,48233,0.0238885,0.05,1,469393,468970,423
40731961,21.2257,21.8559,422,48277,0.0275554,0.11,1,469405,468983,422
40734881,25.8903,24.3423,425,48321,0.0770222,0.13,1,469434,469009,425
40737801,27.7561,26.5369,426,48365,0.0968089,0.11,1,469463,469037,426
40752401,28.4698,28.5879,422,48582,0.0593305,0.01,1,469600,469178,422
40755321,25.1879,25.2352,422,48625,0.0297322,0.05,1,469623,469201,422
40758241,28.0752,26.8941,424,48668,0.0418929,0.05,1,469653,469229,424
40761161,30.4301,31.1576,422,48711,0.0347572,0.01,1,469685,469263,422
40764081,22.972,23.2631,422,48754,0.0559029,0.05,1,469703,469281,422
40767001,10.3888,10.5052,422,48797,0.0403611,0.01,1,469705,469283,422
40769921,26.9555,26.4021,423,48840,0.0701445,0.01,1,469743,469320,423
40772841,31.7822,10.5608,458,48883,0.0460578,0.01,1,469778,469320,458
40775761,34.9129,25.8243,459,48926,0.0244231,0.03,1,469815,469356,459
40778681,21.7652,32.5297,435,48969,0.0157692,0.03,1,469828,469393,435
40781601,27.9061,20.2119,455,49012,0.0363077,0.11,1,469860,469405,455
40784521,29.1624,25.4848,456,49055,0.0325231,0.11,1,469890,469434,456
40787441,27.865,27.5939,454,49098,0.0430092,0.17,1,469917,469463,454
40790361,24.346,26.0376,451,49141,0.0592037,0.17,1,469939,469488,451
40793281,25.9384,24.815,454,49184,0.0656815,0.15,1,469966,469512,454
40796201,28.3754,27.926,454,49227,0.0922726,0.07,1,469996,469542,454
40799121,26.3501,29.1704,449,49270,0.090909,0.03,1,470021,469572,449
40802041,24.3401,28.4682,444,49313,0.0783636,0.01,1,470044,469600,444
40804961,27.736,25.1873,451,49356,0.0853454,0.05,1,470074,469623,451
40822481,34.7736,31.7822,459,49614,0.086667,0.01,1,470237,469778,459
40845841,26.2565,28.3754,450,49950,0.205907,0.09,1,470446,469996,450
40848761,23.7026,26.3501,447,49992,0.232363,0.07,1,470468,470021,447
40851681,28.081,24.3401,455,50034,0.230945,0.09,1,470499,470044,455
40854601,31.6324,27.736,459,50076,0.230378,0.11,1,470533,470074,459
40857521,24.053,30.8944,445,50118,0.242151,0.11,1,470552,470107,445
40860441,10.8212,23.1578,429,50160,0.24686,0.13,1,470554,470125,429
40863361,27.1285,10.4631,465,50202,0.248744,0.11,1,470592,470127,465
40866281,31.2514,27.5852,460,50244,0.261498,0.11,1,470626,470166,460
40869201,34.1006,31.4341,462,50286,0.278599,0.07,1,470662,470200,462
40872121,14.8402,34.7736,427,50328,0.28544,0.11,1,470664,470237,427
40875041,14.3361,22.3095,427,50370,0.288176,0.13,1,470678,470251,427
40898401,24.6359,23.7026,434,50706,0.400925,0.23,1,470902,470468,434
40901321,27.8544,28.081,433,50748,0.40637,0.23,1,470932,470499,433
40904241,31.5418,31.6324,433,50790,0.408548,0.25,1,470966,470533,433
40907161,24.6167,24.053,434,50831,0.421419,0.25,1,470986,470552,434
40974321,14.5624,14.4728,445,51774,0.756544,0.51,2,471559,471114,445
40991841,33.4035,28.7316,486,52020,0.762991,0.59,2,471746,471260,486
40994761,28.9614,31.8926,478,52060,0.767196,0.63,2,471772,471294,478
40997681,27.1846,28.3571,478,52100,0.768878,0.67,2,471798,471320,478
41000601,28.8738,25.7428,484,52140,0.769551,0.71,2,471828,471344,484
41003521,33.7495,28.2971,491,52180,0.75782,0.71,2,471865,471374,491
41006441,25.4998,32.3189,476,52220,0.789128,0.71,2,471885,471409,476
41038561,30.5168,27.272,490,52660,0.909386,0.73,2,472169,471679,490
41041481,33.2067,29.5088,494,52700,0.921754,0.79,2,472204,471710,494
41044401,29.4827,33.4035,485,52740,0.926702,0.77,2,472231,471746,485
41047321,27.3931,28.9614,485,52780,0.940681,0.77,2,472257,471772,485
41248801,349.78,387.293,448,23360,0.238,0.23,1,474512,474064,448
41278001,126.525,114.527,469,25633,0.07528,0.21,1,474707,474238,469
41280921,91.4099,91.4107,461,25716,0.084112,0.17,1,474775,474314,461
41295521,30.1277,40.8615,434,26125,0.212916,0.07,1,474991,474557,434
41298441,32.4511,31.3446,443,26206,0.235166,0.03,1,475025,474582,443
41301361,74.7804,47.9378,487,26287,0.232067,0.05,1,475128,474641,487
41304281,73.7122,58.7751,494,26368,0.278827,0.09,1,475201,474707,494
41321801,32.8018,29.8502,467,26846,0.415257,0.25,1,475458,474991,467
41324721,14.3207,32.3401,435,26925,0.424103,0.23,1,475460,475025,435
41327641,66.9283,74.736,434,27004,0.427641,0.31,1,475562,475128,434
41330561,73.5713,73.6944,439,27082,0.441056,0.35,1,475640,475201,439
41362681,63.3592,62.7714,446,27930,0.768878,0.53,2,476204,475758,446
41365601,55.3437,53.9086,448,28006,0.793551,0.53,2,476254,475806,448
41397721,34.0371,42.1251,489,28827,0.900742,0.83,2,476777,476288,489
41400641,36.4148,33.0501,500,28900,0.918297,0.83,2,476815,476315,500
41403561,15.7659,36.02,464,28973,0.925319,0.83,2,476817,476353,464
41406481,68.1064,15.608,565,29046,0.940128,0.81,2,476920,476355,565
41511601,36.4409,43.2383,501,31563,0.925446,1,2,478685,478184,501
41523281,78.0833,52.1165,569,31831,0.262683,1,1,478911,478342,569
41529121,50.7733,69.2986,512,31963,0.0552293,0.99,1,479015,478503,512
41532041,38.9093,48.7195,508,32029,0.0760917,1,1,479046,478538,508
41534961,37.7637,39.8878,511,32095,0.0364367,1,1,479083,478572,511
41537881,37.9055,38.7551,511,32161,0.0325747,0.94,1,479121,478610,511
41540801,32.5622,40.102,499,32227,0.0430299,0.9,1,479150,478651,499
41543721,31.0249,36.4408,495,32293,0.0232119,0.83,1,479180,478685,495
41546641,27.41,36.1763,484,32359,0.0392848,0.77,1,479205,478721,484
41549561,40.364,34.2705,500,32424,0.0577139,0.53,1,479254,478754,500
41552481,62.9456,49.7082,518,32489,0.0290856,0.01,1,479332,478814,518
41555401,65.3782,78.0833,488,32554,0.0296342,0.03,1,479399,478911,488
41558321,48.3513,71.4333,458,32619,0.0418537,0.01,1,479436,478978,458
41561241,37.9405,50.7733,452,32684,0.0227415,0.09,1,479467,479015,452
41564161,37.9762,38.9093,459,32749,0.0150966,0.01,1,479505,479046,459
41567081,16.3905,37.7637,424,32814,0.0240386,0.03,1,479507,479083,424
41570001,28.1562,37.9055,422,32878,0.0156155,0.05,1,479543,479121,422
41572921,28.6625,32.5622,422,32942,0.0122462,0.01,1,479572,479150,422
41575841,30.065,31.0249,423,33006,0.0588985,0.05,1,479603,479180,423
41584601,62.1642,62.9456,423,33198,0.0745695,0.03,1,479755,479332,423
41587521,64.4657,65.3782,422,33262,0.0358278,0.05,1,479821,479399,422
41590441,49.1863,48.3513,424,33326,0.0203311,0.01,1,479860,479436,424
41593361,38.2745,37.9405,424,33389,0.0141324,0.01,1,479891,479467,424
41596281,36.9098,37.9762,422,33452,0.023653,0.03,1,479927,479505,422
41599201,15.9639,16.3905,422,33515,0.0274612,0.01,1,479929,479507,422
41602121,27.9856,28.1562,422,33578,0.0409845,0.01,1,479965,479543,422
41605041,29.1942,28.6625,423,33641,0.0163938,0.09,1,479995,479572,423
41607961,32.0777,30.065,426,33704,0.0605575,0.15,1,480029,479603,426
41610881,30.2311,27.026,430,33767,0.066223,0.11,1,480058,479628,430
41613801,39.6924,41.4104,425,33830,0.0924892,0.05,1,480104,479679,425
41619641,63.4708,64.4657,422,33955,0.0471983,0.01,1,480243,479821,422
41622561,49.3883,49.1863,423,34017,0.0368793,0.01,1,480283,479860,423
41625481,37.7553,38.2745,422,34079,0.0447517,0.03,1,480313,479891,422
41628401,36.7021,36.9098,422,34141,0.0239007,0.03,1,480349,479927,422
41631321,15.8809,15.9639,422,34203,0.0275603,0.05,1,480351,479929,422
41634241,27.9523,27.9856,422,34265,0.0170241,0.05,1,480387,479965,422
41637161,28.5809,11.1942,451,34327,0.00680964,0,1,480416,479965,451
41640081,33.6324,22.4777,458,34389,0.0207239,0.09,1,480453,479995,458
41643001,30.853,29.3911,453,34450,0.0382895,0.07,1,480482,480029,453
41645921,39.9412,29.1564,470,34511,0.0573158,0.11,1,480528,480058,470
41648841,58.5765,39.2626,495,34572,0.0649263,0.11,1,480599,480104,495
41651761,62.4306,59.505,487,34633,0.0439705,0.01,1,480664,480177,487
41654681,48.9722,63.402,461,34694,0.0595882,0.03,1,480704,480243,461
41657601,37.5889,49.3608,451,34755,0.0298353,0.05,1,480734,480283,451
41660521,36.6356,37.7443,457,34816,0.0299341,0.01,1,480770,480313,457
41663441,15.8542,36.6977,423,34877,0.0119736,0.03,1,480772,480349,423
41666361,27.9417,15.8791,457,34938,0.0227895,0.01,1,480808,480351,457
41669281,29.1767,27.9516,451,34999,0.0151158,0,1,480838,480387,451
41672201,33.8707,28.5807,459,35059,0.0600463,0.03,1,480875,480416,459
41675121,31.5483,33.6323,452,35119,0.0780185,0.05,1,480905,480453,452
41686801,48.9084,62.4306,462,35359,0.0932453,0.07,1,481126,480664,462
41689721,38.1634,48.9722,453,35419,0.0552981,0.01,1,481157,480704,453
41692641,35.6653,37.5889,457,35479,0.0401192,0.03,1,481191,480734,457
41695561,15.4661,36.6356,423,35539,0.0340477,0,1,481193,480770,423
41698481,28.3865,15.8542,458,35598,0.0196191,0.03,1,481230,480772,458
41701401,29.3546,27.9417,452,35657,0.0258476,0.01,1,481260,480808,452
41704321,12.9418,29.1767,424,35716,0.0283391,0.09,1,481262,480838,424
41707241,28.5767,33.8707,426,35775,0.0413356,0.09,1,481301,480875,426
41710161,29.4307,31.5483,426,35834,0.0465342,0.17,1,481331,480905,426
41713081,42.9723,40.8193,431,35893,0.0606137,0.17,1,481383,480952,431
41716001,59.1889,58.9277,430,35952,0.0662455,0.21,1,481453,481023,430
41739361,12.9277,12.9418,423,36419,0.0946311,0.05,1,481685,481262,423
41753961,61.7481,59.6756,428,36709,0.248524,0.13,1,481941,481513,428
41756881,46.2992,45.4702,428,36767,0.24941,0.13,1,481977,481549,428
41759801,35.9197,36.7881,426,36824,0.261764,0.09,1,482006,481580,426
41762721,35.3679,35.1152,427,36881,0.254706,0.15,1,482041,481614,427
41765641,15.3471,15.2461,427,36938,0.251882,0.11,1,482043,481616,427
41768561,27.1389,28.2984,425,36995,0.238753,0.09,1,482078,481653,425
41771481,30.0555,29.3194,427,37052,0.269501,0.09,1,482110,481683,427
41774401,13.2222,12.9277,427,37109,0.2818,0.17,1,482112,481685,427
41777321,29.2889,27.9711,429,37166,0.28672,0.17,1,482152,481723,429
41780241,29.7156,11.1884,459,37223,0.264688,0.21,1,482182,481723,459
41783161,44.2862,22.4754,483,37280,0.255875,0.13,1,482236,481753,483
41786081,61.5145,41.9901,501,37337,0.27635,0.21,1,482309,481808,501
41789001,63.6058,58.7961,496,37394,0.28454,0.29,1,482374,481878,496
41791921,47.0423,61.3184,469,37451,0.299816,0.25,1,482410,481941,469
41815281,29.3143,29.2886,463,37899,0.402057,0.25,1,482615,482152,463
41818201,44.1257,29.7154,487,37955,0.442823,0.25,1,482669,482182,487
41885361,28.407,29.155,451,39214,0.785367,0.61,2,483477,483026,451
41888281,30.5628,30.262,452,39268,0.788147,0.65,2,483509,483057,452
41894121,20.01,19.4819,454,39376,0.907303,0.69,2,483569,483115,454
41897041,56.604,55.7928,455,39430,0.920921,0.71,2,483650,483195,455
42066401,36.923,37.4757,489,42422,0.773749,1,2,485739,485250,489
42069321,30.3692,32.3903,486,42472,0.759499,1,2,485765,485279,486
42136481,56.3108,27.7098,529,43601,0.767393,0.67,2,486533,486004,529
42139401,39.3243,58.4839,478,43649,0.780957,0.69,2,486561,486083,478
42142321,31.3297,38.3936,479,43697,0.786383,0.73,2,486587,486108,479
42145241,26.9319,30.9574,477,43745,0.788553,0.65,2,486611,486134,477
42156921,35.5711,32.3141,491,43937,0.931371,0.71,2,486748,486257,491
42587621,183.325,227.387,459,23360,0.2164,0.94,1,491442,490983,459
42610981,41.0555,51.6155,444,24076,0.0781054,0.07,1,491866,491422,444
42613901,77.0222,93.2462,424,24164,0.0972422,0.09,1,491967,491543,424
42616821,69.2089,73.8985,427,24252,0.0388969,0.15,1,492031,491604,427
42619741,73.8836,75.1594,428,24339,0.0695587,0.15,1,492108,491680,428
42622661,57.1534,57.0638,429,24426,0.0938235,0.17,1,492154,491725,429
42625581,31.8614,31.8255,429,24513,0.0915294,0.17,1,492169,491740,429
42637261,76.7709,76.9955,425,24857,0.201975,0,1,492392,491967,425
42640181,67.3083,69.1982,422,24942,0.23079,0.09,1,492453,492031,422
42643101,76.1233,73.8793,427,25027,0.266316,0.11,1,492535,492108,427
42646021,56.8493,57.1517,425,25112,0.280526,0.09,1,492579,492154,425
42660621,77.7959,15.5708,533,25531,0.428681,0.21,1,492823,492290,533
42710261,71.5336,80.3946,515,26906,0.760977,0.61,2,493781,493266,515
42713181,29.8134,69.9578,454,26985,0.790391,0.63,2,493783,493329,454
42716101,62.3254,78.9831,453,27063,0.790156,0.67,2,493867,493414,453
42736541,72.0742,71.5336,460,27606,0.937426,0.81,2,494241,493781,460
42815381,75.7172,85.569,543,29607,0.91,1,2,495657,495114,543
42844581,67.5084,75.7172,466,30313,0.444881,0.87,1,496123,495657,466
42847501,40.8034,45.2869,464,30383,0.447953,0.79,1,496146,495682,464
42882541,52.529,52.1285,444,31208,0.765833,0.45,2,496699,496255,444
42885461,33.0116,32.8514,444,31276,0.756333,0.45,2,496719,496275,444
42888381,30.0046,13.1406,472,31344,0.752533,0.49,2,496747,496275,472
42900061,78.9121,34.1572,556,31613,0.756977,0.63,2,496958,496402,556
42902981,69.3648,75.4629,516,31680,0.776791,0.71,2,497021,496505,516
42905901,40.9459,66.1852,478,31747,0.796716,0.77,2,497043,496565,478
42929261,80.2015,35.2802,566,32277,0.926919,0.79,2,497416,496850,566
42935101,42.8322,69.3648,484,32408,0.939107,0.81,2,497505,497021,484
42938021,50.7329,40.9459,518,32473,0.945643,0.81,2,497561,497043,518
43060661,75.2234,69.919,557,35104,0.93837,1,2,499382,498825,557
43069421,69.3263,44.9148,558,35284,0.776936,1,2,499529,498971,558
43116141,23.12,23.7348,452,36232,0.781358,0.63,2,500086,499634,452
43119061,18.848,17.2939,455,36290,0.798543,0.59,2,500102,499647,455
43130741,65.7241,65.6315,453,36522,0.911083,0.67,2,500298,499845,453
43133661,43.0896,41.8526,455,36580,0.934433,0.67,2,500326,499871,455
43262141,23.3518,25.6292,486,39040,0.91,1,2,502008,501522,486
43276741,53.6353,47.648,492,39310,0.750678,1,2,502240,501748,492
43285501,34.9687,44.9775,488,39472,0.407323,1,1,502342,501854,488
43288421,48.1875,44.991,500,39526,0.204929,1,1,502399,501899,500
43294261,33.99,34.1986,503,39632,0.0627887,1,1,502465,501962,503
43297181,20.196,29.8794,487,39685,0.0911155,0.85,1,502476,501989,487
43303021,32.0314,30.9407,489,39791,0.0589785,1,1,502533,502044,489
43305941,29.6125,32.1763,484,39844,0.0775914,0.95,1,502561,502077,484
43308861,25.045,34.4705,470,39897,0.0490366,0.81,1,502583,502113,470
43311781,51.418,60.5882,461,39950,0.0496146,0.67,1,502652,502191,461
43314701,45.1672,53.6353,453,40003,0.0378458,0.53,1,502693,502240,453
43317621,32.4669,40.0541,446,40056,0.0571383,0.41,1,502717,502271,446
43320541,33.3868,39.4216,441,40109,0.0528553,0.41,1,502751,502310,441
43323461,30.1547,15.7687,469,40162,0.0511421,0.35,1,502779,502310,469
43326381,39.6619,25.5075,483,40215,0.0504569,0.07,1,502825,502342,483
43329301,38.0648,44.403,463,40268,0.0621827,0.05,1,502862,502399,463
43332221,32.0259,39.9612,454,40320,0.0788731,0.03,1,502890,502436,454
43338061,16.1641,19.9538,439,40424,0.0978197,0.11,1,502915,502476,439
43340981,32.8657,16.9815,468,40476,0.0811279,0.03,1,502959,502491,468
43343901,27.5463,31.9926,450,40528,0.0864512,0.09,1,502983,502533,450
43346821,23.6185,29.597,443,40580,0.0885805,0.03,1,503004,502561,443
43376021,15.3823,19.4104,438,41098,0.20989,0.09,1,503339,502901,438
43378941,32.5529,16.1641,468,41149,0.245956,0.07,1,503383,502915,468
43381861,28.6212,32.8657,450,41200,0.248382,0.09,1,503409,502959,450
43384781,25.2485,27.5463,449,41251,0.237353,0.09,1,503432,502983,449
43387701,53.2994,23.6185,500,41302,0.232941,0.23,1,503504,503004,500
43390621,44.1198,51.4474,468,41353,0.243176,0.11,1,503542,503074,468
43393541,33.2479,44.579,454,41404,0.247271,0.13,1,503568,503114,454
43396461,31.2992,34.0316,457,41455,0.260908,0.15,1,503598,503141,457
43399381,31.7197,32.2126,458,41506,0.290363,0.09,1,503630,503172,458
43402301,13.8879,32.0851,428,41557,0.278145,0.15,1,503632,503204,428
43422741,28.3417,28.6212,434,41912,0.441684,0.23,1,503843,503409,434
43425661,24.5367,25.2485,433,41962,0.434674,0.23,1,503865,503432,433
43472381,45.0524,44.2459,446,42760,0.760938,0.53,2,504422,503976,446
43478221,32.1684,31.5593,448,42858,0.79495,0.55,2,504481,504033,448
43481141,34.4674,33.0237,450,42907,0.79198,0.55,2,504517,504067,450
43484061,14.9869,14.4095,450,42956,0.790792,0.57,2,504519,504069,450
43486981,34.7948,34.5638,450,43005,0.778317,0.57,2,504567,504117,450
43489901,38.5179,13.8255,491,43054,0.761327,0.61,2,504608,504117,491
43536621,20.0149,32.8072,469,43832,0.917955,0.73,2,505106,504637,469
43539541,17.606,20.3229,473,43880,0.925182,0.73,2,505122,504649,473
43542461,34.6424,17.7291,503,43928,0.940073,0.75,2,505168,504665,503
43722041,194.285,200.096,503,21270,0.28168,0.87,1,507249,506746,503
43730801,74.9302,86.7261,474,21568,0.0734675,0.47,1,507456,506982,474
43733721,74.9721,68.2904,493,21666,0.083387,0.27,1,507531,507038,493
43736641,37.1888,66.3162,440,21764,0.0873548,0.27,1,507543,507103,440
43739561,36.4755,42.1265,450,21861,0.0889419,0.09,1,507579,507129,450
43745401,70.9961,78.1402,427,22055,0.209831,0.07,1,507747,507320,427
43748321,69.7984,74.4561,424,22151,0.269932,0.05,1,507816,507392,424
43751241,66.3194,68.1824,424,22247,0.293973,0.09,1,507880,507456,424
43765841,73.3386,65.167,502,22720,0.410521,0.25,1,508180,507678,502
43768761,71.3355,67.4668,503,22813,0.446208,0.31,1,508250,507747,503
43809641,56.622,74.4199,448,24081,0.784653,0.55,2,509070,508622,448
43827161,79.5704,77.1373,458,24604,0.917915,0.73,2,509453,508995,458
43830081,33.0281,32.0549,458,24690,0.949166,0.83,2,509455,508997,458
43946881,43.9063,36.9319,497,27916,0.25726,0.99,1,511759,511262,497
43949801,61.3625,67.5728,482,27992,0.276904,1,1,511832,511350,482
43952721,46.745,51.0291,479,28068,0.284762,0.94,1,511869,511390,479
43955641,39.098,47.4116,468,28143,0.239905,0.85,1,511903,511435,468
43958561,56.4392,64.5647,460,28218,0.233962,0.63,1,511971,511511,460
43961481,50.1757,57.0259,454,28293,0.243585,0.59,1,512017,511563,454
43964401,40.4703,44.4103,452,28368,0.259434,0.59,1,512051,511599,452
43967321,54.5881,17.7641,516,28443,0.277774,0.51,1,512115,511599,516
43970241,48.2352,51.5057,486,28517,0.261109,0.27,1,512159,511673,486
43973161,39.6941,50.0023,471,28591,0.266444,0.17,1,512193,511722,471
43976081,59.6776,42.2009,507,28665,0.280578,0.29,1,512266,511759,507
43979001,44.2711,60.6804,468,28739,0.262231,0.29,1,512300,511832,468
43981921,38.1084,46.4721,465,28813,0.290892,0.21,1,512334,511869,465
44019881,56.031,40.1429,504,29753,0.436289,0.35,1,512987,512483,504
44052001,47.8699,46.4124,446,30526,0.750103,0.49,2,513473,513027,446
44054921,20.3479,19.765,446,30595,0.786041,0.55,2,513475,513029,446
44069521,58.2768,56.9787,451,30940,0.927086,0.69,2,513732,513281,451
44233041,50.6306,48.2685,531,34559,0.941151,1,2,516276,515745,531
44241801,40.1044,36.7132,531,34742,0.406074,1,1,516417,515886,531
44247641,40.1367,50.2741,533,34864,0.0973718,1,1,516502,515969,533
44250561,43.6547,53.7096,523,34925,0.0569487,1,1,516548,516025,523
44253481,36.0619,45.4839,514,34986,0.0647795,1,1,516579,516065,514
44256401,33.6247,39.1935,511,35046,0.0559118,1,1,516611,516100,511
44259321,34.4499,26.4774,528,35106,0.0283647,1,1,516646,516118,528
44262241,41.98,41.191,524,35166,0.0113459,0.98,1,516693,516169,524
44265161,43.192,50.0764,512,35226,0.0465384,0.91,1,516737,516225,512
44268081,49.0768,50.6306,514,35286,0.0246153,0.59,1,516790,516276,514
44271001,37.0307,61.6522,474,35346,0.0158461,0.43,1,516819,516345,474
44273921,31.0123,46.2609,465,35406,0.0243385,0.31,1,516846,516381,465
44276841,37.0049,40.1044,470,35466,0.0277354,0.01,1,516887,516417,470
44279761,37.002,44.8417,459,35526,0.0290942,0.05,1,516924,516465,459
44282681,42.4008,40.1367,468,35586,0.0176377,0.03,1,516970,516502,468
44285601,35.5603,43.6547,453,35645,0.0370551,0.07,1,517001,516548,453
44288521,15.4241,36.0619,424,35704,0.056822,0.05,1,517003,516579,424
44291441,24.7696,33.6247,423,35763,0.0887288,0.01,1,517034,516611,423
44294361,30.9079,34.4499,423,35822,0.0354915,0,1,517069,516646,423
44297281,40.5631,41.98,423,35881,0.0141966,0.07,1,517116,516693,423
44300201,43.8253,43.192,425,35940,0.0116786,0.01,1,517162,516737,425
44303121,47.5301,49.0768,422,35999,0.0106715,0.01,1,517212,516790,422
44306041,37.012,37.0307,423,36058,0.0102686,0.03,1,517242,516819,423
44308961,32.8048,31.0123,426,36117,0.0581074,0.03,1,517272,516846,426
44314801,35.9688,37.002,422,36234,0.0944972,0.01,1,517346,516924,422
44317721,42.5875,42.4008,423,36292,0.0557989,0.05,1,517393,516970,423
44320641,38.635,35.5603,428,36350,0.0523195,0.07,1,517429,517001,428
44323561,16.654,15.4241,428,36408,0.0509278,0.11,1,517431,517003,428
44326481,21.6616,24.7696,422,36466,0.0743711,0,1,517456,517034,422
44329401,29.6646,30.9079,422,36524,0.0477485,0,1,517491,517069,422
44332321,40.0659,40.5631,422,36582,0.0370994,0.01,1,517538,517116,422
44335241,44.8263,43.8253,424,36640,0.0208398,0.01,1,517586,517162,424
44338161,46.7305,47.5301,422,36698,0.0383359,0.01,1,517634,517212,422
44341081,37.8922,37.012,424,36756,0.0333344,0.09,1,517666,517242,424
44344001,33.7569,32.8048,425,36813,0.0433337,0.13,1,517697,517272,425
44346921,36.9028,35.9219,426,36870,0.0953335,0.09,1,517736,517310,426
44352761,41.0644,42.5875,422,36984,0.0692534,0.05,1,517815,517393,422
44355681,39.2258,38.635,424,37041,0.0577013,0.05,1,517853,517429,424
44358601,16.8903,16.654,424,37098,0.0650805,0.09,1,517855,517431,424
44361521,21.7561,21.6616,424,37155,0.0680322,0.09,1,517880,517456,424
44364441,27.9025,8.66464,456,37212,0.0452129,0.03,1,517912,517456,456
44367361,39.361,24.4659,468,37269,0.0180852,0.03,1,517959,517491,468
44370281,45.1444,37.9863,470,37326,0.0132341,0.01,1,518008,517538,470
44373201,46.2578,43.9945,469,37383,0.0232936,0.05,1,518055,517586,469
44376121,38.3031,46.3978,454,37440,0.0393175,0.03,1,518088,517634,454
44379041,35.1212,37.7591,455,37496,0.045727,0.05,1,518121,517666,455
44381961,38.6485,33.7036,465,37552,0.0842908,0.13,1,518162,517697,465
44384881,35.8594,36.8815,460,37608,0.0997163,0.15,1,518196,517736,460
44387801,38.3438,35.1526,466,37664,0.0578865,0.03,1,518236,517770,466
44390721,38.7375,41.061,460,37720,0.0531546,0.05,1,518275,517815,460
44393641,16.695,39.2244,424,37776,0.0512618,0.07,1,518277,517853,424
44396561,22.878,16.8898,449,37832,0.0505047,0.07,1,518304,517855,449
44399481,27.1512,21.7559,454,37888,0.0502019,0.03,1,518334,517880,454
44402401,38.4605,27.9024,468,37944,0.0260808,0,1,518380,517912,468
44405321,45.3842,39.3609,471,38000,0.0164323,0.01,1,518430,517959,471
44408241,46.3537,45.1444,469,38056,0.0365729,0.03,1,518477,518008,469
44411161,38.3415,46.2578,455,38112,0.0206292,0.05,1,518510,518055,455
44414081,36.3366,38.3031,457,38167,0.0142517,0.05,1,518545,518088,457
44417001,39.1346,35.1212,465,38222,0.0237007,0.11,1,518586,518121,465
44419921,37.8539,38.6485,461,38277,0.0154803,0.11,1,518623,518162,461
44422841,36.1415,35.8594,462,38332,0.0601921,0.03,1,518658,518196,462
44425761,38.4566,38.3438,462,38387,0.0420768,0.05,1,518698,518236,462
44428681,16.5826,38.7375,425,38442,0.0348307,0.05,1,518700,518275,425
44431601,22.8331,16.695,450,38497,0.0199323,0.05,1,518727,518277,450
44434521,26.5332,22.878,452,38552,0.0139729,0.05,1,518756,518304,452
44437441,38.2133,27.1512,468,38607,0.0235892,0.01,1,518802,518334,468
44440361,16.4853,38.4605,424,38662,0.0274357,0.01,1,518804,518380,424
44443281,35.9941,45.3842,423,38717,0.0289743,0.05,1,518853,518430,423
44446201,43.1977,46.3537,424,38772,0.0535897,0.01,1,518901,518477,424
44449121,36.4791,38.3415,423,38826,0.0754359,0.01,1,518933,518510,423
44452041,35.5916,36.3366,423,38880,0.0721744,0.03,1,518968,518545,423
44454961,39.4366,39.1346,424,38934,0.0708697,0.01,1,519010,518586,424
44457881,36.7747,37.8539,422,38988,0.0823479,0.09,1,519045,518623,422
44460801,38.1099,36.1415,426,39042,0.0989392,0.03,1,519084,518658,426
44481241,35.9516,35.9941,422,39420,0.0783195,0.07,1,519275,518853,422
44484161,44.3806,43.1977,424,39474,0.0613278,0.09,1,519325,518901,424
44487081,36.9523,36.4791,424,39528,0.0905311,0.07,1,519357,518933,424
44501681,39.3054,37.4439,429,39793,0.218377,0.15,1,519550,519121,429
44504601,16.9222,16.1776,429,39846,0.237351,0.17,1,519552,519123,429
44507521,22.3689,22.671,428,39899,0.23294,0.19,1,519578,519150,428
44510441,26.3475,25.8684,429,39952,0.291176,0.11,1,519607,519178,429
44513361,34.539,37.9474,423,40005,0.29047,0.11,1,519647,519224,423
44516281,15.0156,16.3789,423,40058,0.290188,0.11,1,519649,519226,423
44542561,17.417,39.299,434,40530,0.404189,0.25,1,519984,519550,434
44548401,27.8667,22.3678,464,40634,0.43547,0.33,1,520042,519578,464
44638921,47.119,47.0195,449,42214,0.770012,0.53,2,521080,520631,449
44641841,20.0476,20.0078,449,42264,0.782005,0.55,2,521082,520633,449
44644761,27.219,27.2031,449,42314,0.786802,0.57,2,521114,520665,449
44656441,43.8968,43.522,452,42514,0.905982,0.63,2,521282,520830,452
44659361,40.9587,40.2088,453,42564,0.932393,0.63,2,521321,520868,453
44662281,17.5835,17.2835,453,42614,0.942957,0.63,2,521323,520870,453
44665201,24.4334,24.3134,453,42664,0.935183,0.67,2,521352,520899,453
44668121,31.3734,29.5254,456,42713,0.944073,0.71,2,521388,520932,456
44843321,20.8808,24.2121,482,45581,0.944831,1,2,523354,522872,482
44855001,38.7665,32.8998,493,45765,0.773516,1,2,523516,523023,493
44857921,32.9066,32.3599,490,45811,0.771406,1,2,523545,523055,490
44895881,33.782,37.5361,489,46408,0.446544,0.81,1,523933,523444,489
44977641,17.4678,17.8836,451,47662,0.751167,0.59,2,524713,524262,451
44980561,35.7871,35.9534,451,47706,0.774467,0.59,2,524761,524310,451
44983481,34.1148,33.5814,452,47750,0.771787,0.57,2,524794,524342,452
45003921,31.9606,31.94,454,48058,0.911516,0.65,2,525011,524557,454
45012681,24.9175,23.8362,457,48190,0.915377,0.71,2,525076,524619,457
45015601,24.367,23.9345,457,48234,0.912151,0.71,2,525100,524643,457
45018521,31.9468,31.1738,458,48278,0.92286,0.73,2,525137,524679,458
45021441,25.9787,25.6695,458,48322,0.927144,0.77,2,525159,524701,458
45120721,29.1475,17.929,517,49783,0.934,1,2,526156,525639,517
45220001,329.403,354.573,497,23360,0.442,1,1,527635,527138,497
45225841,179.761,205.429,471,23360,0.2428,0.79,1,527715,527244,471
45268181,80.8418,74.7486,479,23451,0.085648,0.33,1,527842,527363,479
45271101,68.9367,71.8995,470,23541,0.0642592,0.17,1,527903,527433,470
45274021,73.1747,75.5598,468,23631,0.0317037,0.09,1,527979,527511,468
45276941,37.0699,65.0239,423,23721,0.0426815,0,1,527992,527569,423
45279861,32.228,35.6096,436,23810,0.0230726,0.03,1,528021,527585,436
45282781,34.4912,34.0438,439,23899,0.027229,0.07,1,528057,527618,439
45285701,63.5965,54.4175,454,23988,0.0408916,0.09,1,528140,527686,454
45288621,64.4386,58.967,457,24076,0.0223566,0.05,1,528205,527748,457
45291541,61.7754,79.9868,423,24164,0.0269427,0.05,1,528265,527842,423
45294461,62.5102,68.5947,425,24252,0.0647771,0.01,1,528328,527903,425
45297381,69.4041,73.0379,423,24339,0.0799108,0.05,1,528402,527979,423
45300301,34.9616,37.0152,422,24426,0.0859643,0.01,1,528414,527992,422
45303221,31.9846,32.2061,423,24513,0.0763857,0.03,1,528444,528021,423
45306141,34.3939,34.4824,423,24599,0.0365543,0.05,1,528480,528057,423
45309061,64.1575,63.593,424,24685,0.0686217,0.01,1,528564,528140,424
45314901,61.2652,61.7749,423,24857,0.0961795,0.09,1,528688,528265,423
45332421,65.1028,64.1575,424,25364,0.0947562,0.13,1,528988,528564,424
45335341,66.2411,64.663,426,25448,0.0919025,0.13,1,529055,528629,426
45358701,66.8846,65.0392,492,26106,0.242997,0.09,1,529480,528988,492
45367461,70.7846,63.5145,502,26349,0.403152,0.11,1,529680,529178,502
45370381,36.7138,71.0058,440,26429,0.431261,0.11,1,529694,529254,440
45373301,30.2855,36.8023,452,26509,0.442504,0.11,1,529720,529268,452
45376221,34.9142,30.3209,464,26589,0.423002,0.17,1,529758,529294,464
45428781,32.9215,32.9187,449,27988,0.762708,0.61,2,530649,530200,449
45443381,28.3576,27.4955,456,28364,0.904402,0.73,2,530950,530494,456
45446301,58.743,10.9982,535,28439,0.907761,0.73,2,531029,530494,535
45455061,34.1436,27.2479,494,28661,0.913217,0.79,2,531107,530613,494
45457981,71.2574,32.4992,554,28735,0.923287,0.85,2,531203,530649,554
45548501,73.0837,67.6695,491,30936,0.905175,1,2,532788,532297,491
45551421,59.8335,66.0678,477,31004,0.90807,1,2,532839,532362,477
45568941,29.5783,22.3326,514,31412,0.934714,1,2,533050,532536,514
45580621,56.1396,72.9173,517,31680,0.775081,0.91,2,533305,532788,517
45583541,44.0558,59.7669,502,31747,0.784032,0.99,2,533341,532839,502
45586461,54.2223,45.5068,527,31814,0.775613,0.95,2,533402,532875,527
45749981,40.8124,50.2767,508,35344,0.253101,1,1,535839,535331,508
45758741,30.836,29.3057,507,35524,0.0586785,1,1,535923,535416,507
45761661,32.7344,32.1223,507,35584,0.0294714,0.92,1,535957,535450,507
45764581,37.0938,30.2489,518,35643,0.0177886,1,1,535997,535479,518
45767501,29.8375,43.8996,490,35702,0.0371154,0.78,1,536022,535532,490
45770421,46.135,64.9598,468,35761,0.0328462,0.77,1,536079,535611,468
45773341,30.454,43.9839,458,35820,0.0551385,0.61,1,536099,535641,458
45776261,44.5816,54.1936,451,35879,0.0400554,0.39,1,536153,535702,451
45779181,38.8326,48.0774,442,35938,0.0700222,0.29,1,536188,535746,442
45782101,46.7331,57.031,431,35997,0.0940089,0.17,1,536240,535809,431
45785021,32.4932,40.8124,424,36056,0.0916035,0.03,1,536263,535839,424
45790861,30.1589,32.09,423,36174,0.0590566,0.03,1,536316,535893,423
45793781,31.2636,30.836,425,36232,0.0416226,0.01,1,536348,535923,425
45796701,31.1054,32.7344,422,36290,0.0586491,0.01,1,536379,535957,422
45799621,38.2422,37.0938,425,36348,0.0534596,0.05,1,536422,535997,425
45802541,30.2969,29.8375,425,36406,0.0513838,0.03,1,536447,536022,425
45805461,45.1187,46.135,423,36464,0.0625535,0.07,1,536502,536079,423
45808381,30.0475,30.454,423,36522,0.0790214,0.03,1,536522,536099,423
45811301,43.819,44.5816,422,36580,0.0976086,0.09,1,536575,536153,422
45814221,39.7276,38.8326,424,36638,0.0930434,0.11,1,536612,536188,424
45825901,28.161,30.1589,422,36868,0.225246,0.03,1,536738,536316,422
45828821,31.0644,31.2636,423,36925,0.204098,0.07,1,536771,536348,423
45840501,45.1712,45.1187,423,37153,0.0731449,0.07,1,536925,536502,423
45843421,30.6685,18.0475,444,37210,0.035258,0.09,1,536946,536502,444
45846341,44.0674,19.219,477,37267,0.0561032,0.11,1,536999,536522,477
45849261,41.027,39.4876,463,37324,0.0644413,0.09,1,537038,536575,463
45852181,50.6108,37.995,483,37381,0.0557765,0.11,1,537095,536612,483
45855101,35.2443,48.198,453,37438,0.0523106,0.19,1,537120,536667,453
45858021,24.8977,32.4792,449,37494,0.0869242,0.21,1,537138,536689,449
45878461,29.3017,45.1708,442,37886,0.206057,0.01,1,537367,536925,442
45881381,45.9207,30.6683,478,37942,0.256423,0.07,1,537424,536946,478
45884301,41.1683,44.0673,463,37998,0.288569,0.07,1,537462,536999,463
45890141,36.4669,50.6108,451,38110,0.287371,0.05,1,537546,537095,451
45893061,25.9868,35.2443,445,38165,0.264948,0.11,1,537565,537120,445
45895981,28.9947,24.8977,458,38220,0.255979,0.13,1,537596,537138,458
45898901,30.7979,28.5591,459,38275,0.264392,0.13,1,537628,537169,459
45901821,27.9192,30.6236,453,38330,0.291757,0.13,1,537654,537201,453
45907661,31.2271,36.3398,456,38440,0.295081,0.19,1,537725,537269,456
45910581,44.8908,30.1359,484,38495,0.268032,0.17,1,537779,537295,484
45913501,29.9563,43.2544,452,38550,0.257213,0.23,1,537799,537347,452
45916421,47.9825,29.3017,492,38605,0.264885,0.29,1,537859,537367,492
45919341,20.393,45.9207,437,38660,0.267954,0.31,1,537861,537424,437
45939781,28.3934,27.9192,437,39040,0.438616,0.31,1,538091,537654,437
45942701,36.5574,37.5677,435,39094,0.445447,0.29,1,538133,537698,435
45945621,31.4229,31.2271,436,39148,0.448179,0.25,1,538161,537725,436
45986501,43.8816,43.7692,444,39897,0.750237,0.55,2,538657,538213,444
45989421,31.3527,29.5077,447,39950,0.750095,0.57,2,538680,538233,447
45992341,49.7411,48.4031,448,40003,0.774038,0.57,2,538742,538294,448
45995261,21.0964,20.5612,448,40056,0.783615,0.55,2,538744,538296,448
45998181,31.8386,32.2245,447,40109,0.775446,0.55,2,538783,538336,447
46021541,32.3787,37.2286,485,40528,0.903327,0.73,2,539062,538577,485
46024461,44.1515,31.6914,509,40580,0.907331,0.77,2,539114,538605,509
46027381,32.0606,43.8766,481,40632,0.908932,0.75,2,539138,538657,481
46030301,51.2242,31.3506,522,40684,0.945573,0.79,2,539202,538680,522
46218641,185.142,186.537,502,19818,0.2092,0.93,1,541467,540965,502
46224481,97.3028,107.726,494,20031,0.058672,0.17,1,541638,541144,494
46227401,68.3211,100.69,447,20137,0.0534688,0.09,1,541687,541240,447
46230321,69.9284,78.0761,455,20242,0.0393875,0.11,1,541758,541303,455
46233241,48.3714,58.8305,443,20347,0.045755,0.13,1,541792,541349,443
46236161,77.5486,41.5322,510,20451,0.036302,0.03,1,541889,541379,510
46239081,89.2194,69.4129,519,20555,0.0925208,0.03,1,541986,541467,519
46247841,66.814,60.9144,493,20863,0.0604013,0.03,1,542180,541687,493
46250761,46.5256,66.9658,455,20965,0.0421605,0.05,1,542213,541758,455
46253681,19.8102,47.1863,423,21066,0.0348642,0.03,1,542215,541792,423
46256601,66.1241,77.0745,423,21167,0.0199457,0.13,1,542312,541889,423
46259521,87.0496,89.0298,427,21267,0.0739783,0.13,1,542413,541986,427
46274121,19.2082,19.8083,423,21761,0.0975927,0.01,1,542638,542215,423
46279961,89.7133,87.0493,427,21955,0.0960148,0.17,1,542840,542413,427
46288721,60.9897,63.0512,427,22244,0.209425,0.09,1,543030,542603,427
46291641,43.5959,45.0205,426,22339,0.24577,0.09,1,543062,542636,426
46294561,18.6383,19.2082,426,22434,0.260308,0.11,1,543064,542638,426
46297481,63.2553,65.2833,423,22529,0.254123,0.11,1,543157,542734,423
46300401,88.9021,26.1133,529,22623,0.251649,0.09,1,543263,542734,529
46303321,85.3609,74.0453,506,22717,0.23866,0.13,1,543346,542840,506
46306241,67.7443,76.4181,484,22810,0.233464,0.17,1,543402,542918,484
46309161,62.4977,62.9673,489,22903,0.231386,0.25,1,543461,542972,489
46312081,44.7991,59.9869,464,22996,0.218554,0.27,1,543494,543030,464
46315001,19.1196,43.1948,434,23088,0.213422,0.27,1,543496,543062,434
46317921,64.0479,18.4779,526,23180,0.223369,0.25,1,543590,543064,526
46320841,89.2191,63.1912,539,23271,0.263347,0.25,1,543696,543157,539
46329601,62.062,67.7402,491,23543,0.404454,0.23,1,543893,543402,491
46332521,44.0248,62.4961,464,23633,0.407782,0.21,1,543925,543461,464
46335441,18.8099,44.7984,433,23723,0.409113,0.21,1,543927,543494,433
46338361,65.124,19.1194,527,23812,0.421645,0.23,1,544023,543496,527
46370481,66.2999,64.9119,447,24773,0.79445,0.63,2,544664,544217,447
46490201,60.6135,55.8209,509,28065,0.916,1,2,547001,546492,509
46493121,40.4454,52.9284,485,28140,0.9064,1,2,547028,546543,485
46513561,88.8832,60.0002,587,28662,0.443237,1,1,547432,546845,587
46525241,60.1874,53.9376,531,28956,0.411907,0.65,1,547622,547091,531
46528161,40.275,70.175,477,29029,0.410763,0.55,1,547649,547172,477
46531081,38.31,47.87,481,29102,0.434305,0.61,1,547686,547205,481
46534001,28.524,39.548,469,29175,0.419722,0.57,1,547708,547239,469
46571961,56.8312,56.1855,451,30104,0.797102,0.59,2,548360,547909,451
46586561,39.8325,39.1107,452,30454,0.913164,0.61,2,548581,548129,452
46589481,30.333,28.8443,454,30523,0.935266,0.61,2,548605,548151,454
46592401,13.3332,12.7377,454,30592,0.944106,0.71,2,548607,548153,454
46595321,36.5333,35.6951,455,30661,0.947643,0.75,2,548659,548204,455
46729641,36.6998,42.1526,483,33688,0.249366,1,1,550823,550340,483
46735481,44.752,42.9844,491,33814,0.0602986,1,1,550931,550440,491
46738401,40.1008,38.1938,493,33877,0.0241194,1,1,550968,550475,493
46741321,25.0403,32.6775,479,33939,0.0276478,1,1,550983,550504,479
46744241,28.6161,30.471,481,34001,0.0290591,1,1,551014,550533,481
46747161,27.0464,24.1884,487,34063,0.0416236,0.79,1,551040,550553,487
46750081,66.6186,82.2754,459,34125,0.0226495,0.63,1,551133,550674,459
46753001,41.6474,53.3101,450,34187,0.0270598,0.45,1,551158,550708,450
46755921,34.059,47.1241,436,34249,0.0288239,0.45,1,551187,550751,436
46758841,33.4236,18.8496,469,34311,0.0115296,0.29,1,551220,550751,469
46761761,28.3694,30.9398,455,34373,0.0466118,0.15,1,551245,550790,455
46764681,55.1478,32.1759,495,34435,0.0366447,0.01,1,551318,550823,495
46767601,43.0591,56.0704,458,34496,0.0326579,0.03,1,551353,550895,458
46770521,39.4236,44.0281,459,34557,0.0190632,0,1,551390,550931,459
46773441,24.1695,39.8113,436,34618,0.00762526,0.03,1,551404,550968,436
46776361,28.2678,24.9245,452,34679,0.0210501,0.03,1,551435,550983,452
46779281,27.5071,28.5698,448,34740,0.07442,0.05,1,551462,551014,448
46782201,66.2028,27.0279,514,34801,0.035768,0.01,1,551554,551040,514
46785121,42.0811,66.6112,447,34862,0.0443072,0.03,1,551580,551133,447
46788041,33.6325,41.6445,450,34923,0.0597229,0.03,1,551608,551158,450
46790961,34.453,34.0578,456,34984,0.0658891,0,1,551643,551187,456
46793881,29.9812,33.4231,450,35044,0.0683557,0.07,1,551670,551220,450
46796801,53.3925,28.3692,494,35104,0.0693423,0.03,1,551739,551245,494
46799721,42.957,55.1477,457,35164,0.0337369,0.03,1,551775,551318,457
46802641,39.3828,43.0591,459,35224,0.0194948,0.01,1,551812,551353,459
46805561,23.5531,39.4236,435,35284,0.0137979,0,1,551825,551390,435
46808481,28.0212,24.1695,452,35344,0.0475192,0.03,1,551856,551404,452
46811401,28.0085,28.2678,449,35404,0.0370077,0.11,1,551884,551435,449
46814321,65.8034,27.5071,513,35464,0.0448031,0.01,1,551975,551462,513
46817241,43.1214,66.2028,449,35524,0.0359212,0.05,1,552003,551554,449
46820161,34.6485,42.0811,452,35584,0.0443685,0.07,1,552032,551580,452
46823081,33.6594,33.6325,457,35643,0.0717474,0.07,1,552065,551608,457
46826001,14.6638,34.453,424,35702,0.082699,0.07,1,552067,551643,424
46837681,38.8234,39.3828,423,35938,0.0733971,0.01,1,552235,551812,423
46840601,22.7294,23.5531,422,35997,0.0353588,0.07,1,552247,551825,422
46843521,27.6917,28.0212,422,36056,0.0441435,0.03,1,552278,551856,422
46846441,28.4767,28.0085,423,36115,0.0236574,0.05,1,552307,551884,423
46849361,66.5907,65.8034,424,36174,0.051463,0.03,1,552399,551975,424
46852281,42.8363,43.1214,423,36232,0.0505852,0.05,1,552426,552003,423
46855201,35.1345,34.6485,424,36290,0.0742341,0.09,1,552456,552032,424
46858121,35.6538,33.6594,427,36348,0.0836936,0.09,1,552492,552065,427
46861041,15.4615,14.6638,427,36406,0.0874775,0.15,1,552494,552067,427
46866881,49.8738,49.1462,428,36522,0.0943964,0.13,1,552591,552163,428
46869801,37.9495,40.0585,424,36580,0.0917586,0.03,1,552621,552197,424
46872721,36.7798,38.8234,422,36638,0.0907034,0.01,1,552657,552235,422
46875641,21.9119,22.7294,422,36696,0.0662814,0.05,1,552669,552247,422
46878561,27.3648,27.6917,422,36754,0.0265125,0.01,1,552700,552278,422
46881481,28.3459,28.4767,422,36811,0.040605,0.07,1,552729,552307,422
46884401,68.3384,66.5907,425,36868,0.046242,0.05,1,552824,552399,425
46887321,42.9353,42.8363,424,36925,0.0484968,0.09,1,552850,552426,424
46890241,35.1741,35.1345,424,36982,0.0613987,0.09,1,552880,552456,424
46893161,35.6697,35.6538,424,37039,0.0785595,0.09,1,552916,552492,424
46896081,15.4679,15.4615,424,37096,0.0854238,0.11,1,552918,552494,424
46899001,24.7871,24.1846,425,37153,0.0881695,0.11,1,552949,552524,425
46916521,28.0335,27.2162,450,37494,0.0725282,0.05,1,553150,552700,450
46919441,69.4134,28.2865,518,37550,0.0470113,0.05,1,553247,552729,518
46922361,43.3654,68.3146,449,37606,0.0488045,0.05,1,553273,552824,449
46925281,36.5461,42.9258,455,37662,0.0255218,0.07,1,553305,552850,455
46928201,35.0185,35.1703,459,37718,0.0282087,0.09,1,553339,552880,459
46931121,15.2074,35.6681,425,37774,0.0292835,0.09,1,553341,552916,425
46934041,25.883,15.4673,456,37830,0.0537134,0.09,1,553374,552918,456
46936961,52.3532,24.7869,495,37886,0.0754854,0.11,1,553444,552949,495
46948641,23.7946,19.9593,455,38110,0.204252,0.07,1,553545,553090,455
46951561,26.9179,26.5837,453,38165,0.207701,0.05,1,553574,553121,453
46954481,67.7671,28.0335,519,38220,0.20908,0.03,1,553669,553150,519
46957401,43.3069,69.4134,449,38275,0.209632,0.05,1,553696,553247,449
46960321,35.3227,43.3654,453,38330,0.209853,0.01,1,553726,553273,453
46969081,27.1007,15.2074,457,38495,0.227271,0.07,1,553798,553341,457
46972001,53.4403,25.883,495,38550,0.264908,0.09,1,553869,553374,495
46974921,41.7761,52.3532,459,38605,0.267963,0.15,1,553903,553444,459
46977841,17.9104,39.5413,430,38660,0.269185,0.21,1,553905,553475,430
46995361,42.8129,43.3069,432,38986,0.415287,0.21,1,554128,553696,432
46998281,35.1252,35.3227,432,39040,0.448115,0.19,1,554158,553726,432
47001201,34.4501,35.1291,431,39094,0.449246,0.19,1,554192,553761,431
47004121,14.98,15.2516,431,39148,0.449698,0.25,1,554194,553763,431
47065441,26.7607,20.554,474,40268,0.762333,0.53,2,554890,554416,474
47068361,73.7043,25.0216,551,40320,0.766933,0.59,2,554995,554444,551
47071281,46.2817,70.6086,478,40372,0.792773,0.61,2,555023,554545,478
47074201,36.5127,43.8435,482,40424,0.779109,0.67,2,555053,554571,482
47077121,36.2051,35.5374,488,40476,0.773644,0.69,2,555089,554601,488
47080041,15.682,35.215,455,40528,0.771457,0.69,2,555091,554636,455
47082961,29.0728,15.286,491,40580,0.782583,0.69,2,555129,554638,491
47085881,56.6291,28.9144,528,40632,0.775033,0.67,2,555204,554676,528
47088801,42.4516,57.1658,485,40684,0.784013,0.65,2,555237,554752,485
47091721,18.1807,42.0663,455,40736,0.787605,0.65,2,555239,554784,455
47109241,46.371,73.7043,487,41047,0.928199,0.81,2,555482,554995,487
47282981,372.366,401.173,451,18980,0.298,0.65,1,557752,557301,451
47288821,114.418,93.9476,506,19925,0.08968,0.35,1,557868,557362,506
47291741,81.1674,96.979,466,20031,0.065872,0.03,1,557927,557461,466
47294661,96.067,98.7916,472,20137,0.0323488,0.01,1,558033,557561,472
47297581,76.8268,91.7166,449,20242,0.0309395,0,1,558097,557648,449
47300501,61.9307,67.8867,449,20347,0.0423758,0.01,1,558149,557700,449
47303421,64.3723,58.3547,463,20451,0.0469503,0.05,1,558215,557752,463
47306341,71.3489,47.9419,498,20555,0.0367801,0.05,1,558291,557793,498
47309261,62.7396,64.1767,480,20658,0.0807121,0.05,1,558348,557868,480
47312181,89.2958,61.0707,528,20761,0.0382848,0.01,1,558455,557927,528
47315101,74.1183,88.0283,486,20863,0.0213139,0.03,1,558519,558033,486
47318021,61.4473,73.6113,475,20965,0.0145256,0.05,1,558572,558097,475
47320941,25.7789,60.6445,425,21066,0.0238102,0.05,1,558574,558149,425
47323861,49.3116,63.8578,424,21167,0.0275241,0.03,1,558639,558215,424
47326781,67.7246,71.1431,428,21267,0.0290096,0.11,1,558719,558291,428
47329701,60.6899,62.6572,427,21367,0.0776039,0.01,1,558775,558348,427
47332621,86.0759,89.2629,423,21466,0.0370415,0.01,1,558878,558455,423
47335541,72.8304,74.1052,423,21565,0.0328166,0.01,1,558942,558519,423
47338461,60.9321,61.4421,423,21663,0.0311266,0.03,1,558995,558572,423
47341381,25.5729,25.7768,423,21761,0.0304507,0.03,1,558997,558574,423
47344301,49.8291,49.3107,424,21858,0.0421803,0.03,1,559063,558639,424
47347221,67.9317,67.7243,424,21955,0.0348721,0.11,1,559143,558719,424
47350141,61.9727,60.6897,426,22052,0.0559488,0.01,1,559201,558775,426
47355981,72.0756,72.8304,422,22244,0.0845518,0.03,1,559364,558942,422
47358901,60.6302,60.9321,422,22339,0.0398207,0.03,1,559417,558995,422
47361821,25.4521,25.5729,422,22434,0.0219283,0.05,1,559419,558997,422
47364741,49.7808,49.8291,422,22529,0.0387713,0.05,1,559485,559063,422
47367661,67.3123,19.9317,501,22623,0.0935085,0.03,1,559564,559063,501
47382261,24.985,60.3241,423,23088,0.0835271,0.01,1,559840,559417,423
47385181,49.594,25.3296,487,23180,0.0514109,0.05,1,559906,559419,487
47388101,69.6376,49.7319,504,23271,0.0625643,0.13,1,559989,559485,504
47391021,66.255,67.2927,489,23362,0.0670257,0.11,1,560053,559564,489
47393941,89.502,64.7171,531,23453,0.0808103,0.15,1,560158,559627,531
47417301,83.4288,89.502,426,24166,0.226638,0.13,1,560584,560158,426
47440661,86.1965,83.4288,433,24859,0.425529,0.35,1,561017,560584,433
47466941,74.9929,74.0786,508,25616,0.77395,0.51,2,561525,561017,508
47469861,59.3972,66.8314,495,25699,0.78358,0.57,2,561574,561079,495
47472781,24.9589,55.5326,449,25781,0.787432,0.57,2,561576,561127,449
47490301,77.7628,88.4743,527,26270,0.780627,0.81,2,561986,561459,527
47493221,59.9051,74.9897,509,26351,0.774251,0.79,2,562034,561525,509
47496141,25.162,59.3959,462,26431,0.7717,0.79,2,562036,561574,462
47504901,29.4024,70.2333,463,26671,0.912189,0.81,2,562192,561729,463
47507821,53.1609,29.2933,530,26750,0.910876,0.83,2,562261,561731,530
47510741,92.6644,52.5173,581,26829,0.92235,0.83,2,562380,561799,581
47610021,42.915,69.1485,502,29392,0.785016,1,2,564111,563609,502
47615861,95.3064,45.0238,600,29536,0.290002,1,1,564283,563683,600
47621701,57.249,71.0438,521,29679,0.0644004,0.97,1,564386,563865,521
47624621,42.6996,58.4175,504,29750,0.0557602,1,1,564419,563915,504
47627541,33.8798,41.367,502,29821,0.0403041,0.95,1,564447,563945,502
47630461,14.7519,37.5468,469,29892,0.0341216,0.97,1,564449,563980,469
47633381,21.5008,34.2187,463,29963,0.0436486,0.85,1,564475,564012,463
47636301,45.2003,50.2875,463,30034,0.0474595,0.71,1,564536,564073,463
47639221,33.0801,42.915,450,30104,0.0609838,0.51,1,564561,564111,450
47642141,37.832,41.766,450,30174,0.0303935,0.07,1,564602,564152,450
47645061,78.7328,95.3064,425,30244,0.0781574,0.05,1,564708,564283,425
47647981,62.6931,71.1226,422,30314,0.037263,0.01,1,564760,564338,422
47650901,53.8773,57.249,422,30384,0.0209052,0.05,1,564808,564386,422
47653821,41.9509,42.6996,423,30454,0.0383621,0.03,1,564842,564419,423
47656741,32.9804,33.8798,422,30523,0.0453448,0.03,1,564869,564447,422
47659661,14.3921,14.7519,422,30592,0.0481379,0.05,1,564871,564449,422
47662581,21.3569,21.5008,422,30661,0.0612552,0.05,1,564897,564475,422
47665501,45.7427,45.2003,423,30730,0.0785021,0.07,1,564959,564536,423
47677181,61.603,62.6931,422,31005,0.203562,0.01,1,565182,564760,422
47680101,53.4412,53.8773,422,31073,0.0814247,0.05,1,565230,564808,422
47683021,42.9765,41.9509,424,31141,0.0625699,0.05,1,565266,564842,424
47685941,32.1906,32.9804,422,31209,0.0910279,0.05,1,565291,564869,422
47691781,23.6305,5.75686,452,31345,0.0589645,0.07,1,565323,564871,452
47694701,44.8522,17.9027,485,31413,0.0295858,0.09,1,565382,564897,485
47697621,35.3409,44.3611,452,31480,0.0298343,0.13,1,565411,564959,452
47700541,39.3364,32.7444,469,31547,0.0119337,0.11,1,565453,564984,469
47703461,81.7345,38.2978,537,31614,0.0707735,0.25,1,565563,565026,537
47709301,49.3175,61.5676,469,31748,0.0725238,0,1,565651,565182,469
47712221,43.127,53.4271,460,31815,0.0830095,0.05,1,565690,565230,460
47715141,31.0508,42.9708,447,31881,0.0512038,0.11,1,565713,565266,447
47718061,13.6203,32.1883,424,31947,0.0384815,0.11,1,565715,565291,424
47720981,24.0481,14.0753,453,32013,0.0453926,0.03,1,565746,565293,453
47723901,43.8193,23.6301,480,32079,0.036157,0.01,1,565803,565323,480
47726821,35.5277,44.8521,451,32145,0.0444628,0.03,1,565833,565382,451
47729741,38.8111,35.3408,463,32211,0.0477851,0,1,565874,565411,463
47753101,43.4217,24.0481,479,32733,0.246843,0.03,1,566225,565746,479
47756021,18.5687,43.8193,424,32798,0.272737,0.05,1,566227,565803,424
47758941,25.4275,35.5277,424,32862,0.283095,0.05,1,566257,565833,424
47761861,34.771,38.8111,424,32926,0.299238,0.17,1,566298,565874,424
47864061,65.6359,91.4545,504,35104,0.770252,0.67,2,567805,567301,504
47866981,47.8544,66.5818,490,35164,0.782101,0.65,2,567841,567351,490
47881581,50.6673,26.4165,523,35464,0.917388,0.71,2,568011,567488,523
47884501,21.4669,49.5666,460,35524,0.924955,0.71,2,568013,567553,460
47887421,25.3868,21.0266,486,35584,0.927982,0.73,2,568041,567555,486
48010061,52.9189,42.2826,529,37998,0.934,1,2,569776,569247,529
48030501,32.71,30.1525,516,38385,0.0771333,1,1,570003,569487,516
48033421,33.484,28.861,522,38440,0.0488533,1,1,570037,569515,522
48036341,61.9936,27.1444,577,38495,0.0615413,1,1,570118,569541,577
48039261,48.7974,76.8578,507,38550,0.0246165,1,1,570158,569651,507
48042181,36.919,51.7431,501,38605,0.00984661,1,1,570187,569686,501
48045101,15.9676,36.2972,477,38660,0.0219386,0.89,1,570189,569712,477
48048021,33.987,52.9189,459,38715,0.0507755,0.72,1,570235,569776,459
48050941,25.5948,38.5676,450,38770,0.0383102,0.55,1,570255,569805,450
48053861,25.2379,37.027,439,38824,0.0333241,0.39,1,570280,569841,439
48056781,27.4952,34.6108,435,38878,0.0313296,0.21,1,570309,569874,435
48059701,25.9981,31.8443,430,38932,0.0425319,0.05,1,570334,569904,430
48062621,24.7992,31.9377,422,38986,0.0470127,0.09,1,570358,569936,422
48065541,30.9197,33.7751,422,39040,0.0368051,0.05,1,570393,569971,422
48068461,31.5679,32.71,422,39094,0.056722,0.03,1,570425,570003,422
48071381,33.0272,33.484,422,39148,0.0286888,0.07,1,570459,570037,422
48074301,63.6109,61.9936,425,39202,0.0534755,0,1,570543,570118,425
48077221,47.6443,48.7974,422,39256,0.0753902,0,1,570580,570158,422
48080141,37.6577,36.919,424,39310,0.0481561,0.03,1,570611,570187,424
48083061,16.2631,15.9676,424,39364,0.0372624,0.07,1,570613,570189,424
48085981,33.5052,33.987,423,39418,0.056905,0.03,1,570658,570235,423
48088901,25.4021,25.5948,423,39472,0.052762,0.03,1,570678,570255,423
48091821,25.1608,25.2379,423,39526,0.0751048,0.03,1,570703,570280,423
48106421,31.4365,31.5679,422,39791,0.0700139,0.01,1,570847,570425,422
48109341,32.9746,33.0272,422,39844,0.0280055,0.07,1,570881,570459,422
48112261,64.1898,63.6109,423,39897,0.0172022,0.09,1,570966,570543,423
48115181,47.2759,47.6443,422,39950,0.0248809,0.03,1,571002,570580,422
48118101,38.7104,37.6577,424,40003,0.0399524,0.03,1,571035,570611,424
48121021,16.6841,16.2631,424,40056,0.0219809,0.07,1,571037,570613,424
48123941,34.2737,33.5052,425,40109,0.0507924,0.07,1,571083,570658,425
48126861,25.1095,13.4021,444,40162,0.0503169,0.05,1,571102,570658,444
48129781,26.2438,17.3608,451,40215,0.0621268,0.09,1,571129,570678,451
48132701,27.2975,21.9443,454,40268,0.0428507,0.13,1,571157,570703,454
48135621,27.719,25.5777,454,40320,0.0351403,0.17,1,571185,570731,454
48138541,24.8876,26.4311,450,40372,0.0440561,0.17,1,571208,570758,450
48141461,28.555,23.7724,459,40424,0.0356224,0.11,1,571239,570780,459
48144381,28.822,30.509,453,40476,0.014249,0.03,1,571268,570815,453
48147301,31.9288,31.4036,455,40528,0.0116996,0,1,571302,570847,455
48150221,64.3715,32.9614,507,40580,0.0106798,0.01,1,571388,570881,507
48153141,47.3486,64.1846,458,40632,0.0462719,0.03,1,571424,570966,458
48156061,38.7394,47.2738,455,40684,0.0245088,0.05,1,571457,571002,455
48158981,16.6958,38.7095,424,40736,0.0158035,0.01,1,571459,571035,424
48161901,35.4783,16.6838,470,40788,0.0243214,0.07,1,571507,571037,470
48164821,24.9913,34.2735,442,40840,0.0277286,0.05,1,571525,571083,442
48167741,26.7965,25.1094,451,40892,0.0530914,0.07,1,571553,571102,451
48170661,26.3186,26.2438,450,40944,0.0872366,0.03,1,571579,571129,450
48185261,31.7364,28.822,455,41200,0.0775301,0.01,1,571723,571268,455
48188181,66.0946,31.9288,510,41251,0.061012,0.01,1,571812,571302,510
48191101,48.0378,64.3715,460,41302,0.0544048,0.07,1,571848,571388,460
48194021,37.8151,47.3486,455,41353,0.0517619,0.01,1,571879,571424,455
48196941,16.3261,38.7394,424,41404,0.0747048,0.01,1,571881,571457,424
48199861,35.3304,16.6958,470,41455,0.0838819,0.03,1,571929,571459,470
48202781,25.5322,35.4783,441,41506,0.0995528,0.03,1,571948,571507,441
48205701,11.4129,24.9913,425,41557,0.0818211,0.07,1,571950,571525,425
48208621,21.3651,26.7965,425,41608,0.0747284,0.11,1,571978,571553,425
48211541,25.9461,26.3186,428,41659,0.0838914,0.13,1,572007,571579,428
48214461,27.7784,27.3274,429,41710,0.0755565,0.15,1,572036,571607,429
48217381,24.9114,24.131,430,41761,0.0602226,0.13,1,572059,571629,430
48220301,27.9645,28.8524,428,41812,0.054089,0.11,1,572089,571661,428
48223221,27.3858,28.341,427,41862,0.0996356,0.05,1,572116,571689,427
48226141,29.5543,31.7364,424,41912,0.0818542,0.05,1,572147,571723,424
48229061,65.2217,66.0946,424,41962,0.0507417,0.05,1,572236,571812,424
48231981,47.6887,48.0378,424,42012,0.0622967,0.05,1,572272,571848,424
48234901,37.6755,37.8151,424,42062,0.0669187,0.09,1,572303,571879,424
48237821,16.2702,16.3261,424,42112,0.0447675,0.09,1,572305,571881,424
48240741,36.5081,35.3304,426,42162,0.035907,0.11,1,572355,571929,426
48243661,25.4032,25.5322,425,42212,0.0323628,0.07,1,572373,571948,425
48246581,11.3613,11.4129,425,42262,0.0549451,0.07,1,572375,571950,425
48249501,21.3445,21.3651,425,42312,0.063978,0.09,1,572403,571978,425
48252421,25.3378,25.9461,424,42362,0.0795912,0.07,1,572431,572007,424
48255341,26.9351,27.7784,423,42412,0.0978365,0.05,1,572459,572036,423
48258261,25.174,24.9114,424,42462,0.0811346,0.05,1,572483,572059,424
48267021,29.4511,29.5543,425,42612,0.219993,0.03,1,572572,572147,425
48290381,21.3388,21.3445,423,43005,0.213565,0.07,1,572826,572403,423
48302061,29.9655,24.3544,457,43201,0.226603,0.15,1,572940,572483,457
48304981,30.5862,27.7418,458,43250,0.240641,0.21,1,572971,572513,458
48307901,31.4345,28.4967,461,43299,0.246257,0.25,1,573003,572542,461
48310821,60.5738,29.3987,511,43348,0.260503,0.11,1,573083,572572,511
48313741,47.0295,63.9595,462,43397,0.266201,0.09,1,573121,572659,462
48316661,37.4118,47.7838,456,43446,0.25648,0.15,1,573152,572696,456
48319581,16.1647,37.1135,428,43495,0.252592,0.11,1,573154,572726,428
48322501,37.6659,16.0454,478,43544,0.287037,0.15,1,573206,572728,478
48325421,26.4664,36.4182,447,43592,0.288815,0.17,1,573225,572778,447
48328341,11.7865,25.3673,431,43640,0.289526,0.21,1,573227,572796,431
48351701,61.2903,31.4345,514,44024,0.440362,0.27,1,573517,573003,514
48442221,50.1242,49.1324,453,45488,0.797422,0.67,2,574455,574002,453
48456821,12.3309,12.1287,455,45718,0.910671,0.67,2,574567,574112,455
48459741,22.9323,24.0515,453,45764,0.922269,0.69,2,574597,574144,453
48462661,27.1729,27.0206,454,45810,0.938907,0.73,2,574627,574173,454
48661221,198.614,197.651,502,21997,0.21688,0.81,1,576815,576313,502
48672901,58.3357,60.6487,458,22380,0.0895041,0.09,1,577043,576585,458
48684581,86.0646,79.4758,510,22757,0.241283,0.13,1,577325,576815,510
48687501,64.4258,81.5903,477,22850,0.282513,0.11,1,577375,576898,477
48705021,88.9802,84.4663,523,23401,0.428186,0.29,1,577761,577238,523
48707941,66.1921,85.9865,487,23492,0.405275,0.31,1,577812,577325,487
48710861,45.6768,64.3946,469,23582,0.42011,0.33,1,577844,577375,469
48713781,56.6707,44.9578,501,23672,0.426044,0.31,1,577908,577407,501
48725461,37.2588,87.4501,445,24029,0.443723,0.45,1,578116,577671,445
48728381,67.1035,88.9801,442,24117,0.447489,0.39,1,578203,577761,442
48763421,57.7678,56.9467,450,25152,0.92042,0.61,2,578859,578409,450
48766341,37.5071,37.1787,450,25236,0.938168,0.69,2,578883,578433,450
48874381,47.6316,53.6674,490,28176,0.93928,1,2,581012,580522,490
48877301,59.2526,68.267,479,28251,0.909712,1,2,581079,580600,479
48886061,38.6402,13.6331,537,28476,0.780862,1,2,581196,580659,537
48956141,45.5583,43.2358,453,30209,0.751587,0.57,2,582377,581924,453
48959061,57.2233,57.4943,451,30279,0.774635,0.55,2,582442,581991,451
48982421,54.7591,53.8958,457,30834,0.92626,0.77,2,582794,582337,457
49107981,37.4133,36.9548,512,33657,0.934,1,2,584773,584261,512
49113821,36.4661,42.1528,485,33783,0.91744,1,2,584855,584370,485
49116741,45.1865,44.4611,490,33846,0.912976,1,2,584906,584416,490
49122581,35.0698,31.5938,501,33970,0.756876,1,2,584974,584473,501
49131341,87.3485,89.958,497,34156,0.25316,1,1,585166,584669,497
49140101,30.5263,30.2133,505,34342,0.0495622,0.89,1,585245,584740,505
49143021,42.2105,31.8853,522,34404,0.0738249,1,1,585295,584773,522
49145941,37.2842,43.9541,504,34465,0.05953,0.88,1,585329,584825,504
49148861,39.5137,35.5817,515,34526,0.029812,0.91,1,585370,584855,515
49151781,33.2055,44.8327,493,34587,0.0179248,0.77,1,585399,584906,493
49154701,30.6822,39.5331,486,34648,0.0371699,0.71,1,585428,584942,486
49157621,28.4729,35.0132,481,34709,0.056868,0.57,1,585455,584974,481
49160541,30.5892,31.4053,484,34770,0.0647472,0.45,1,585487,585003,484
49166381,47.1343,87.3448,452,34892,0.0955596,0.11,1,585618,585166,452
49172221,29.5015,32.8152,450,35013,0.0716895,0.01,1,585666,585216,450
49175141,41.8006,30.5261,471,35073,0.0466758,0.09,1,585716,585245,471
49178061,38.9202,42.2104,458,35133,0.0606703,0.05,1,585753,585295,458
49180981,38.9681,37.2842,463,35193,0.0542681,0.01,1,585792,585329,463
49183901,32.9872,39.5137,451,35253,0.0397073,0.01,1,585821,585370,451
49186821,30.5949,33.2055,451,35313,0.0458829,0.05,1,585850,585399,451
49189741,29.638,30.6822,451,35373,0.0483532,0.07,1,585879,585428,451
49192661,31.0552,28.4729,456,35433,0.0493413,0.07,1,585911,585455,456
49195581,72.4221,30.5892,524,35493,0.0377365,0.13,1,586011,585487,524
49198501,48.1688,72.8357,455,35553,0.0450946,0.09,1,586043,585588,455
49201421,30.0675,47.1343,443,35612,0.0600378,0.11,1,586061,585618,443
49204341,28.227,30.2537,451,35671,0.0780151,0.05,1,586088,585637,451
49207261,12.4908,29.5015,424,35730,0.0852061,0.03,1,586090,585666,424
49210181,33.7963,41.8006,422,35789,0.0520824,0.07,1,586138,585716,422
49213101,37.5185,38.9202,425,35848,0.062833,0.05,1,586178,585753,425
49216021,38.4074,38.9681,425,35907,0.0431332,0.03,1,586217,585792,425
49218941,32.163,32.9872,424,35966,0.0472533,0.05,1,586245,585821,424
49221861,29.0652,30.5949,422,36025,0.0489013,0.05,1,586272,585850,422
49224781,30.2261,29.638,424,36084,0.0615605,0.05,1,586303,585879,424
49227701,31.2904,31.0552,424,36143,0.0666242,0.03,1,586335,585911,424
49248141,37.6103,37.5185,423,36549,0.0744681,0.03,1,586601,586178,423
49251061,37.8441,38.4074,422,36607,0.0477872,0.05,1,586639,586217,422
49253981,33.1377,32.163,424,36665,0.0371149,0.05,1,586669,586245,424
49256901,28.2551,29.0652,422,36723,0.044846,0.07,1,586694,586272,422
49259821,30.502,30.2261,423,36781,0.0599384,0.07,1,586726,586303,423
49262741,33.2008,31.2904,426,36838,0.0779754,0.17,1,586761,586335,426
49265661,73.8803,71.9162,428,36895,0.0971901,0.13,1,586862,586434,428
49300701,75.7723,33.1209,527,37576,0.244701,0.11,1,587288,586761,527
49303621,49.5089,73.8484,458,37632,0.295881,0.15,1,587320,586862,458
49318221,35.8091,30.8109,467,37912,0.426534,0.17,1,587451,586984,467
49326981,28.0198,32.9799,454,38080,0.443218,0.17,1,587545,587091,454
49329901,32.2079,28.192,464,38135,0.423287,0.15,1,587580,587116,464
49332821,33.8832,31.0768,466,38190,0.403315,0.19,1,587615,587149,466
49335741,78.9533,33.4307,540,38245,0.431326,0.29,1,587724,587184,540
49338661,51.9813,75.7723,470,38300,0.43053,0.33,1,587758,587288,470
49382461,30.7735,30.637,445,39119,0.77588,0.47,2,588251,587806,445
49385381,13.5094,13.4548,445,39173,0.796352,0.45,2,588253,587808,445
49388301,34.2038,32.9819,447,39227,0.780541,0.53,2,588301,587854,447
49391221,38.2815,37.1928,448,39281,0.774216,0.53,2,588342,587894,448
49394141,16.5126,16.0771,448,39335,0.771686,0.57,2,588344,587896,448
49397061,29.405,29.2308,448,39389,0.782675,0.57,2,588382,587934,448
49399981,29.762,29.6923,448,39443,0.77507,0.57,2,588412,587964,448
49402901,26.3048,26.2769,448,39497,0.796028,0.55,2,588436,587988,448
49420421,32.0345,30.7735,460,39815,0.907525,0.81,2,588711,588251,460
49426261,33.2055,34.2038,458,39921,0.916804,0.77,2,588759,588301,458
49429181,37.8822,38.2815,458,39974,0.912722,0.77,2,588800,588342,458
49432101,16.3529,16.5126,458,40027,0.911089,0.79,2,588802,588344,458
49437941,29.9765,11.762,489,40133,0.905374,0.77,2,588871,588382,489
49440861,26.3906,22.7048,483,40186,0.92015,0.81,2,588895,588412,483
49598541,34.1425,26.6494,513,42929,0.758795,1,2,590841,590328,513
49613141,45.0482,78.1865,513,43174,0.280516,1,1,591037,590524,513
49616061,37.2193,52.8746,509,43223,0.238206,1,1,591069,590560,509
49621901,31.5151,39.0599,503,43321,0.072913,0.92,1,591138,590635,503
49624821,25.206,33.024,495,43370,0.0471652,1,1,591159,590664,495
49627741,35.8824,28.2096,513,43419,0.0248661,1,1,591202,590689,513
49630661,30.553,37.6838,496,43468,0.0279464,0.93,1,591229,590733,496
49633581,18.2212,32.4735,477,43517,0.0651786,0.83,1,591239,590762,477
49636501,16.8885,24.3894,474,43565,0.0320714,0.75,1,591255,590781,474
49639421,31.3554,19.3558,499,43613,0.0548286,0.73,1,591296,590797,499
49642341,29.3422,34.1423,483,43661,0.0639314,0.71,1,591324,590841,483
49645261,21.3369,32.2569,468,43709,0.0915726,0.55,1,591340,590872,468
49668621,35.9067,25.206,466,44093,0.0999294,0.01,1,591625,591159,466
49671541,31.7627,35.8824,452,44141,0.0699718,0.03,1,591654,591202,452
49674461,17.5051,30.553,433,44189,0.0579887,0.09,1,591662,591229,433
49677381,16.602,18.2212,439,44237,0.0651955,0.01,1,591678,591239,439
49680301,33.6408,16.8885,468,44285,0.0800782,0.07,1,591723,591255,468
49683221,29.6563,31.3554,454,44333,0.0740313,0.07,1,591750,591296,454
49686141,21.4625,29.3422,442,44381,0.0716125,0.11,1,591766,591324,442
49689061,15.785,21.3369,438,44429,0.070645,0.11,1,591778,591340,438
49691981,7.514,16.9347,426,44476,0.070258,0.15,1,591780,591354,426
49715341,31.2628,31.7627,424,44852,0.253265,0.05,1,592078,591654,424
49718261,17.9051,17.5051,425,44899,0.263306,0.07,1,592087,591662,425
49721181,15.5621,16.602,423,44946,0.291322,0.09,1,592101,591678,423
49744541,32.1761,31.7289,429,45322,0.412673,0.19,1,592353,591924,429
49747461,38.6704,37.8916,430,45369,0.423069,0.21,1,592396,591966,430
49835061,39.8803,32.2158,492,46741,0.773446,0.53,2,593285,592793,492
49837981,30.3521,39.8863,471,46786,0.783379,0.51,2,593309,592838,471
49840901,22.9409,29.7545,466,46831,0.799351,0.55,2,593327,592861,466
49873021,43.0334,60.6304,487,47326,0.902872,0.73,2,593670,593183,487
49875941,35.2134,42.2522,487,47371,0.919149,0.77,2,593700,593213,487
49878861,15.2853,33.7009,461,47415,0.92566,0.79,2,593702,593241,461
49881781,32.5141,39.8803,461,47459,0.940264,0.79,2,593746,593285,461
49896381,18.8705,19.2762,462,47679,0.946463,0.83,2,593877,593415,462
50165021,39.4999,36.4238,500,51585,0.940816,1,2,596627,596127,500
50167941,39.2,27.7695,517,51626,0.922326,1,2,596666,596149,517
50274521,41.2675,41.0928,446,25378,0.782181,0.53,2,598112,597666,446
50277441,37.507,36.8371,447,25461,0.798872,0.53,2,598147,597700,447
50303721,45.7172,37.4924,510,26200,0.900732,0.81,2,598657,598147,510
50306641,51.2869,43.797,517,26281,0.942293,0.85,2,598712,598195,517
50546081,38.0304,55.0092,499,32221,0.9364,1,2,602898,602399,499
50560681,58.5616,37.8823,552,32548,0.249502,1,1,603137,602585,552
50563601,68.4246,66.7529,541,32613,0.0998009,1,1,603212,602671,541
50566521,38.1699,58.5012,506,32678,0.0579204,1,1,603230,602724,506
50569441,54.2679,42.6005,539,32743,0.0291681,1,1,603295,602756,539
50572361,28.9072,58.4402,482,32808,0.0416673,0.96,1,603307,602825,482
50575281,28.3629,48.5761,468,32872,0.0466669,0.91,1,603335,602867,468
50578201,28.1451,38.0304,465,32936,0.0366668,0.81,1,603363,602898,465
50581121,29.8581,36.8122,460,33000,0.0326667,0.63,1,603394,602934,460
50584041,38.3432,49.5249,446,33064,0.0190667,0.53,1,603438,602992,446
50586961,34.5373,42.0099,441,33128,0.0256267,0.41,1,603470,603029,441
50589881,33.0149,38.404,437,33192,0.0282507,0.09,1,603502,603065,437
50592801,48.606,58.5616,424,33256,0.0413003,0,1,603561,603137,424
50595721,64.4424,68.4246,424,33320,0.0225201,0.03,1,603636,603212,424
50598641,35.977,38.1699,423,33383,0.00900804,0.01,1,603653,603230,423
50601561,52.7908,54.2679,422,33446,0.00960322,0.05,1,603717,603295,422
50604481,28.9163,28.9072,423,33509,0.0458413,0.05,1,603730,603307,423
50610321,28.5066,28.1451,423,33635,0.0613346,0.03,1,603786,603363,423
50613241,29.4026,29.8581,422,33698,0.0545338,0.01,1,603816,603394,422
50616161,38.1611,38.3432,422,33761,0.0398135,0.03,1,603860,603438,422
50619081,35.6644,34.5373,424,33824,0.0219254,0.03,1,603894,603470,424
50622001,32.2658,33.0149,422,33887,0.0147702,0.05,1,603924,603502,422
50624921,48.9063,48.606,423,33949,0.0239081,0.01,1,603984,603561,423
50627841,63.9625,64.4424,422,34011,0.00956323,0,1,604058,603636,422
50630761,36.385,35.977,423,34073,0.0218253,0.01,1,604076,603653,423
50633681,53.554,52.7908,424,34135,0.0267301,0.07,1,604141,603717,424
50636601,29.8216,28.9163,425,34197,0.0526921,0.15,1,604155,603730,425
50639521,28.1286,27.7665,425,34259,0.0750768,0.15,1,604182,603757,425
50642441,26.8515,11.1066,451,34321,0.0720307,0.03,1,604208,603757,451
50657041,50.0279,32.0952,483,34627,0.0610736,0.03,1,604407,603924,483
50659961,63.2112,48.8381,495,34688,0.0244294,0,1,604479,603984,495
50662881,36.0845,63.9352,439,34749,0.00977177,0.03,1,604497,604058,439
50665801,54.0338,36.3741,487,34810,0.0339087,0.03,1,604563,604076,487
50668721,30.0135,53.5496,436,34871,0.0315635,0.07,1,604577,604141,436
50671641,28.8054,29.8199,450,34932,0.0426254,0.09,1,604605,604155,450
50674561,28.9222,28.1279,452,34993,0.0350502,0.07,1,604634,604182,452
50677481,31.9689,26.8512,460,35053,0.0560201,0.15,1,604668,604208,460
50695001,35.7155,63.2112,439,35413,0.090913,0,1,604918,604479,439
50697921,54.4862,36.0845,488,35473,0.0783652,0.05,1,604985,604497,488
50700841,30.1945,54.0338,436,35533,0.0613461,0.03,1,604999,604563,436
50703761,29.4778,30.0135,451,35592,0.0545384,0.05,1,605028,604577,451
50706681,29.1911,28.8054,452,35651,0.0638154,0.03,1,605057,604605,452
50709601,12.8764,28.9222,425,35710,0.0675261,0.07,1,605059,604634,425
50712521,26.1506,31.9689,426,35769,0.0690105,0.13,1,605094,604668,426
50715441,34.4602,35.5875,428,35828,0.0696042,0.13,1,605134,604706,428
50718361,34.7841,34.635,429,35887,0.0698417,0.17,1,605169,604740,429
50721281,30.7136,30.054,430,35946,0.0579367,0.21,1,605197,604767,430
50724201,50.6855,49.2216,432,36005,0.0891747,0.13,1,605261,604829,432
50727121,59.2742,62.2886,426,36064,0.0656699,0.05,1,605326,604900,426
50730041,33.9097,35.7155,425,36123,0.0682679,0.07,1,605343,604918,425
50732961,53.1639,54.4862,424,36182,0.0693072,0.05,1,605409,604985,424
50735881,30.2655,30.1945,425,36240,0.0577229,0.05,1,605424,604999,425
50738801,28.9062,29.4778,424,36298,0.0530891,0.07,1,605452,605028,424
50741721,28.3625,29.1911,423,36356,0.0752357,0.07,1,605480,605057,423
50744641,12.545,12.8764,423,36414,0.0840943,0.07,1,605482,605059,423
50747561,26.018,26.1506,423,36472,0.0996377,0.07,1,605517,605094,423
50750481,34.4072,34.4602,423,36530,0.0698551,0.07,1,605557,605134,423
50753401,34.7629,34.7841,423,36588,0.093942,0.05,1,605592,605169,423
50756321,31.9052,30.7136,425,36646,0.0915768,0.11,1,605622,605197,425
50768001,52.1384,53.1639,423,36876,0.201016,0.05,1,605832,605409,423
50770921,29.2553,30.2655,422,36933,0.230407,0.05,1,605846,605424,422
50773841,28.5021,28.9062,422,36990,0.266163,0.09,1,605874,605452,422
50776761,29.4009,28.3625,424,37047,0.292465,0.09,1,605904,605480,424
50794281,53.2409,30.9061,492,37389,0.430351,0.13,1,606114,605622,492
50838081,53.9606,35.1585,513,38228,0.761251,0.55,2,606711,606198,513
50841001,31.1842,53.0634,464,38283,0.7665,0.55,2,606727,606263,464
50843921,29.2737,30.8254,476,38338,0.7686,0.55,2,606755,606279,476
50846841,32.7095,29.1301,483,38393,0.76944,0.59,2,606790,606307,483
50849761,14.2838,31.4521,452,38448,0.769776,0.59,2,606792,606340,452
50852681,27.9135,13.7808,487,38503,0.76991,0.61,2,606829,606342,487
50855601,35.1654,27.1123,491,38558,0.793964,0.63,2,606869,606378,491
50905241,55.1909,54.9146,464,39480,0.900523,0.85,2,607480,607016,464
51036641,29.0828,28.5293,488,41818,0.916,1,2,609110,608622,488
51051241,27.6223,31.2675,489,42068,0.764353,1,2,609262,608773,489
51068761,38.056,38.9194,486,42368,0.284874,1,1,609487,609001,486
51071681,50.6224,52.7677,483,42418,0.263949,1,1,609546,609063,483
51074601,31.649,33.7071,481,42468,0.26758,0.86,1,609565,609084,481
51077521,22.8596,29.0828,472,42518,0.245032,0.88,1,609582,609110,472
51080441,27.1438,31.4331,469,42568,0.236013,0.99,1,609612,609143,469
51083361,22.8575,26.9733,465,42618,0.232405,0.79,1,609632,609167,465
51086281,30.743,35.3893,460,42668,0.206962,0.79,1,609668,609208,460
51089201,28.4972,31.5557,458,42717,0.208785,0.73,1,609695,609237,458
51097961,35.3758,38.4996,447,42864,0.215202,0.51,1,609782,609335,447
51100881,33.3503,36.9998,443,42913,0.224081,0.39,1,609814,609371,443
51103801,38.5401,40.5999,442,42962,0.251632,0.31,1,609856,609414,442
51106721,32.2161,36.64,436,43011,0.298653,0.31,1,609884,609448,436
51121321,24.7753,22.2968,458,43256,0.405788,0.23,1,610040,609582,458
51124241,23.7101,26.9187,451,43305,0.408315,0.23,1,610063,609612,451
51188481,35.4114,39.6997,481,44366,0.759053,0.59,2,610770,610289,481
51191401,35.1646,34.4799,485,44414,0.777621,0.57,2,610805,610320,485
51194321,53.6658,33.592,518,44461,0.797049,0.61,2,610871,610353,518
51232281,36.0874,35.4114,460,45072,0.902491,0.79,2,611230,610770,460
51246881,15.9273,15.8666,462,45307,0.925821,0.85,2,611368,610906,462
51249801,23.1709,23.1466,462,45354,0.940328,0.81,2,611396,610934,462
51252721,25.4684,25.4587,462,45400,0.946131,0.83,2,611423,610961,462
51255641,34.1873,34.1835,462,45446,0.948453,0.87,2,611463,611001,462
51258561,31.0749,30.4734,463,45492,0.937381,0.87,2,611492,611029,463
51261481,24.43,24.1894,463,45538,0.944952,0.89,2,611512,611049,463
51416241,43.9957,58.7304,475,47929,0.939664,1,2,613221,612746,475
51427921,24.3919,18.8939,508,48105,0.920455,1,2,613342,612834,508
51439601,14.3524,27.4837,480,48281,0.93158,1,2,613398,612918,480
51600201,39.3041,40.746,487,50625,0.9316,1,2,615048,614561,487
51790001,29.4191,22.7163,538,53263,0.904231,1,2,616895,616357,538
51851321,171.803,166.67,497,24905,0.282271,0.59,1,617501,617004,497
51857161,75.9684,96.9872,466,25075,0.0751633,0.45,1,617634,617168,466
51860081,54.9874,69.3949,456,25160,0.0720653,0.31,1,617675,617219,456
51863001,50.195,56.5579,455,25244,0.0948261,0.21,1,617722,617267,455
51874681,62.101,33.1807,501,25578,0.208108,0.13,1,617928,617427,501
51877601,74.6404,57.6723,510,25661,0.221243,0.05,1,618011,617501,510
51880521,56.8562,75.2689,468,25744,0.250497,0.03,1,618056,617588,468
51883441,48.5425,57.7076,465,25826,0.262199,0.07,1,618099,617634,465
51886361,48.817,47.683,473,25908,0.27888,0.11,1,618148,617675,473
51889281,68.7268,47.2732,508,25990,0.273552,0.15,1,618230,617722,508
51892201,32.8907,66.9093,437,26072,0.283421,0.17,1,618239,617802,437
51895121,36.5563,32.1637,467,26153,0.263368,0.19,1,618278,617811,467
51898041,63.8225,35.0655,512,26234,0.291347,0.23,1,618360,617848,512
51912641,68.2596,48.8151,516,26636,0.439793,0.27,1,618664,618148,516
51938921,69.6458,68.2596,445,27344,0.765303,0.47,2,619109,618664,445
51941841,32.6583,32.1038,445,27421,0.780121,0.47,2,619117,618672,445
51950601,28.2021,27.2546,450,27652,0.905528,0.59,2,619248,618798,450
51953521,61.0809,60.1019,451,27729,0.920211,0.69,2,619331,618880,451
51956441,58.0323,55.8407,454,27805,0.914084,0.73,2,619387,618933,454
51959361,49.6129,47.5363,456,27881,0.911634,0.75,2,619431,618975,456
51965201,71.8981,69.6458,461,28033,0.915061,0.79,2,619570,619109,461
51968121,34.1592,32.6583,462,28109,0.936025,0.85,2,619579,619117,462
51971041,40.6637,38.2633,465,28184,0.93241,0.95,2,619624,619159,465
52096601,43.6198,37.131,503,31251,0.288669,1,1,621816,621313,503
52102441,33.0192,11.701,538,31387,0.080987,1,1,621875,621337,538
52105361,51.0077,37.0804,547,31454,0.0383948,1,1,621938,621391,547
52108281,43.8031,64.6322,503,31521,0.0453579,1,1,621977,621474,503
52111201,40.3212,43.8529,511,31588,0.0361432,1,1,622015,621504,511
52114121,58.1285,39.1411,545,31655,0.0684573,0.78,1,622085,621540,545
52117041,46.0514,66.6565,498,31722,0.0453829,0.77,1,622123,621625,498
52119961,41.8206,48.8626,500,31789,0.0601532,0.53,1,622162,621662,500
52122881,51.5282,51.345,505,31856,0.0900613,0.35,1,622220,621715,505
52128721,26.0045,43.6152,448,31988,0.0828098,0.07,1,622264,621816,448
52131641,29.6018,33.0461,454,32054,0.0511239,0.03,1,622296,621842,454
52134561,49.6407,33.0184,484,32120,0.0384496,0.01,1,622359,621875,484
52137481,43.8563,51.0074,461,32186,0.0333798,0.05,1,622399,621938,461
52140401,40.3425,43.803,460,32252,0.0193519,0.03,1,622437,621977,460
52143321,59.337,40.3212,494,32318,0.0257408,0.09,1,622509,622015,494
52146241,46.5348,58.1285,462,32383,0.0762963,0.03,1,622547,622085,462
52149161,41.4139,46.0514,462,32448,0.0965185,0.07,1,622585,622123,462
52166681,42.5899,49.6407,423,32838,0.0864708,0.03,1,622782,622359,423
52169601,41.036,43.8563,423,32902,0.0405883,0.01,1,622822,622399,423
52172521,39.2144,40.3425,423,32966,0.0342353,0.03,1,622860,622437,423
52175441,60.0858,59.337,425,33030,0.0436941,0.11,1,622934,622509,425
52178361,48.0343,46.5348,427,33094,0.0954777,0.11,1,622974,622547,427
52184201,54.6055,53.7656,428,33222,0.206076,0.13,1,623075,622647,428
52187121,35.0422,34.1062,429,33286,0.256431,0.15,1,623097,622668,429
52201721,40.3736,41.036,422,33602,0.246687,0.03,1,623244,622822,422
52204641,38.9494,39.2144,422,33665,0.200675,0.05,1,623282,622860,422
52207561,62.3798,60.0858,426,33728,0.0982699,0.13,1,623360,622934,426
52210481,50.1519,48.0343,428,33791,0.0693079,0.17,1,623402,622974,428
52213401,44.0608,42.0137,430,33854,0.0337232,0.25,1,623442,623012,430
52216321,57.8243,54.6055,434,33916,0.0194893,0.29,1,623509,623075,434
52219241,36.3297,35.0422,434,33978,0.0137957,0.33,1,623531,623097,434
52222161,29.5319,27.2169,437,34040,0.0475183,0.33,1,623556,623119,437
52225081,25.6128,24.0868,438,34102,0.0730073,0.37,1,623579,623141,438
52228001,11.4451,10.8347,438,34164,0.0832029,0.27,1,623581,623143,438
52230921,38.178,40.9339,433,34226,0.0992812,0.27,1,623637,623204,433
52242601,49.7838,60.8079,465,34473,0.0905256,0.05,1,623825,623360,465
52245521,42.7135,49.5232,461,34534,0.0902102,0.01,1,623863,623402,461
52248441,57.2854,43.8093,488,34595,0.0900841,0.01,1,623930,623442,488
52251361,36.7142,57.7237,444,34656,0.0900336,0.01,1,623953,623509,444
52254281,30.8857,36.2895,449,34717,0.0780134,0.07,1,623980,623531,449
52257201,26.7543,29.5158,448,34778,0.0852054,0.09,1,624004,623556,448
52260121,11.9017,25.6063,427,34839,0.0880821,0.09,1,624006,623579,427
52268881,35.2737,36.8708,460,35021,0.212277,0.11,1,624133,623673,460
52271801,57.9095,35.1483,499,35081,0.222911,0.13,1,624206,623707,499
52274721,49.5638,58.4593,469,35141,0.251164,0.07,1,624250,623781,469
52277641,42.6255,49.7837,463,35201,0.274466,0.09,1,624288,623825,463
52301001,36.4574,37.1843,466,35679,0.413964,0.23,1,624565,624099,466
52303921,15.783,35.2737,434,35738,0.423585,0.23,1,624567,624133,434
52306841,49.5132,57.9095,433,35797,0.427434,0.27,1,624639,624206,433
52309761,47.4053,49.5638,435,35856,0.440974,0.29,1,624685,624250,435
52336041,37.578,36.4574,443,36383,0.767742,0.43,2,625008,624565,443
52338961,16.2312,15.783,443,36441,0.781097,0.43,2,625010,624567,443
52341881,49.6925,49.5132,443,36499,0.786439,0.45,2,625082,624639,443
52376921,49.9889,49.6925,461,37188,0.914906,0.79,2,625543,625082,461
52379841,48.7955,19.877,509,37245,0.911962,0.83,2,625591,625082,509
52382761,43.5182,36.1508,502,37302,0.910785,0.81,2,625631,625129,502
52394441,28.5029,31.8759,488,37528,0.916644,0.85,2,625784,625296,488
52397361,12.6011,27.7503,465,37584,0.924658,0.85,2,625786,625321,465
52400281,47.0405,12.3001,533,37640,0.915863,0.89,2,625856,625323,533
52403201,41.6162,46.9201,501,37696,0.948345,0.85,2,625894,625393,501
52560881,34.2626,34.5898,518,40611,0.222398,1,1,627918,627400,518
52566721,37.882,43.6944,512,40715,0.0919836,1,1,628002,627490,512
52569641,38.5528,44.4777,506,40767,0.0547934,0.94,1,628041,627535,506
52572561,35.8211,35.1911,511,40819,0.0519174,0.99,1,628075,627564,511
52575481,29.9284,37.4764,498,40871,0.038767,0.97,1,628101,627603,498
52578401,27.5714,34.1906,492,40923,0.0455068,0.77,1,628127,627635,492
52581321,26.6286,34.0762,484,40975,0.0362027,0.63,1,628153,627669,484
52584241,20.2514,30.4305,472,41027,0.0204811,0.57,1,628169,627697,472
52587161,27.3006,24.7722,483,41078,0.0501924,0.55,1,628201,627718,483
52590081,45.7202,31.5089,505,41129,0.026077,0.41,1,628259,627754,505
52593001,34.4881,51.6036,467,41180,0.0164308,0.31,1,628286,627819,467
52595921,35.3952,38.6414,473,41231,0.0365723,0.25,1,628322,627849,473
52598841,27.9581,37.6566,459,41282,0.0566289,0.17,1,628345,627886,459
52601761,40.5832,34.2626,476,41333,0.0286516,0.11,1,628394,627918,476
52604681,34.2333,43.7051,456,41384,0.0534606,0.05,1,628424,627968,456
52607601,36.4933,37.882,460,41435,0.0213843,0.03,1,628462,628002,460
52610521,36.7973,38.5528,458,41486,0.0625537,0.05,1,628499,628041,458
52613441,28.5189,35.8211,447,41537,0.0910215,0.03,1,628522,628075,447
52616361,12.6076,29.9284,423,41588,0.0784086,0.05,1,628524,628101,423
52619281,21.843,27.5714,425,41639,0.0493634,0.03,1,628552,628127,425
52622201,23.1372,26.6286,423,41690,0.0497454,0.01,1,628576,628153,423
52625121,18.8549,20.2514,423,41741,0.0498981,0.07,1,628592,628169,423
52628041,27.942,27.3006,425,41792,0.0859593,0.01,1,628626,628201,425
52642641,40.7741,40.5832,425,42043,0.082029,0.07,1,628819,628394,425
52645561,35.5097,34.2333,427,42093,0.0748116,0,1,628851,628424,427
52648481,34.6039,36.4933,423,42143,0.0599246,0.09,1,628885,628462,423
52651401,37.8415,36.7973,426,42193,0.0299699,0.11,1,628925,628499,426
52654321,28.3366,28.5189,425,42243,0.0419879,0.07,1,628947,628522,425
52657241,12.5346,12.6076,425,42293,0.0467952,0.03,1,628949,628524,425
52660161,20.0139,21.843,422,42343,0.0727181,0.05,1,628974,628552,422
52663081,23.6055,23.1372,424,42393,0.0590872,0.05,1,629000,628576,424
52666001,18.4422,18.8549,423,42443,0.0656349,0.11,1,629015,628592,423
52668921,28.9769,27.942,425,42493,0.092254,0.13,1,629051,628626,425
52671841,45.1908,44.1768,426,42543,0.0909016,0.13,1,629107,628681,426
52698121,12.7251,12.5346,424,42986,0.0961237,0.05,1,629373,628949,424
52701041,19.49,5.01386,448,43035,0.0924495,0.09,1,629397,628949,448
52715641,35.1493,45.1137,453,43280,0.0949403,0.13,1,629560,629107,453
52736081,28.001,37.5315,448,43621,0.204334,0.09,1,629796,629348,448
52739001,12.4004,28.8126,427,43669,0.207734,0.09,1,629798,629371,427
52741921,19.9602,12.725,450,43717,0.209093,0.09,1,629823,629373,450
52744841,23.5841,19.49,452,43765,0.245637,0.11,1,629849,629397,452
52747761,19.6336,23.396,443,43813,0.284255,0.11,1,629866,629423,443
52750681,29.4535,18.9584,463,43861,0.287702,0.13,1,629902,629439,463
52753601,44.7814,29.1834,482,43909,0.277081,0.09,1,629957,629475,482
52756521,35.3126,45.8733,454,43957,0.260832,0.09,1,629986,629532,454
52759441,38.725,35.1493,467,44005,0.290333,0.15,1,630027,629560,467
52794481,27.7892,29.4535,436,44578,0.427405,0.27,1,630338,629902,436
52838281,29.0038,27.7892,442,45283,0.755513,0.47,2,630780,630338,442
52841201,44.6015,43.5157,443,45330,0.776205,0.47,2,630835,630392,443
52908361,28.812,38.3505,485,46388,0.900506,0.85,2,631582,631097,485
52911281,12.7248,28.5402,465,46433,0.906203,0.85,2,631584,631119,465
52914201,24.2899,12.6161,495,46478,0.908481,0.87,2,631616,631121,495
52917121,27.116,23.6464,493,46523,0.945392,0.91,2,631645,631152,493
52920041,12.0464,26.2586,467,46568,0.936157,0.87,2,631647,631180,467
52922961,14.4186,11.7034,481,46613,0.944463,0.89,2,631663,631182,481
53128821,190.441,189.439,489,22724,0.202,0.49,1,633921,633432,489
53131741,112.177,125.576,466,22817,0.0988,0.37,1,633981,633515,466
53134661,75.4706,83.2302,462,22910,0.08152,0.09,1,634032,633570,462
53137581,64.9882,80.0921,442,23003,0.074608,0.01,1,634090,633648,442
53140501,50.5953,51.2368,451,23095,0.0478432,0,1,634131,633680,451
53143421,51.4381,64.8947,429,23187,0.0371373,0.03,1,634183,633754,429
53146341,37.3752,37.9579,437,23278,0.0448549,0,1,634211,633774,437
53149261,94.7501,49.3832,513,23369,0.023942,0.07,1,634344,633831,513
53152181,72.7,73.7533,481,23460,0.0635768,0.03,1,634402,633921,481
53155101,60.88,65.5013,474,23550,0.0434307,0.07,1,634455,633981,474
53158021,57.952,56.8005,479,23640,0.0833723,0.07,1,634511,634032,479
53160941,48.3808,57.5202,463,23730,0.0993489,0.03,1,634553,634090,463
53163861,50.5523,47.6081,474,23819,0.0577396,0.03,1,634605,634131,474
53166781,37.0209,50.2432,450,23908,0.0410958,0.05,1,634633,634183,450
53169701,16.0084,36.8973,424,23997,0.0584383,0.01,1,634635,634211,424
53172621,86.2034,94.5589,424,24085,0.0533753,0.09,1,634768,634344,424
53175541,68.6813,72.6236,423,24173,0.0393501,0.03,1,634825,634402,423
53178461,60.4725,60.8494,425,24261,0.0577401,0.11,1,634880,634455,425
53181381,57.789,57.9398,425,24348,0.089096,0.11,1,634936,634511,425
53184301,49.5156,48.3759,427,24435,0.0536384,0.03,1,634980,634553,427
53187221,48.0062,50.5504,422,24522,0.0394554,0.03,1,635027,634605,422
53190141,37.8025,37.0201,425,24608,0.0217821,0.07,1,635058,634633,425
53193061,16.321,16.0081,425,24694,0.0147129,0.05,1,635060,634635,425
53195981,84.5284,86.2032,422,24780,0.0358851,0.03,1,635190,634768,422
53198901,68.0114,68.6813,422,24866,0.0323541,0.07,1,635247,634825,422
53201821,62.0045,60.4725,425,24951,0.0429416,0.11,1,635305,634880,425
53204741,59.6018,57.789,427,25036,0.0471766,0.03,1,635363,634936,427
53207661,47.8407,49.5156,423,25121,0.0488707,0.03,1,635403,634980,423
53210581,46.7363,48.0062,422,25205,0.0615483,0.01,1,635449,635027,422
53213501,37.2945,37.8025,422,25289,0.0306193,0.01,1,635480,635058,422
53216421,16.1178,16.321,422,25373,0.0182477,0.05,1,635482,635060,422
53242701,89.1009,16.0347,559,26115,0.210019,0.21,1,636041,635482,559
53245621,69.2404,84.4139,485,26196,0.234007,0.13,1,636097,635612,485
53248541,62.4962,67.3656,487,26277,0.255603,0.17,1,636155,635668,487
53260221,36.3615,45.9518,458,26598,0.414015,0.15,1,636329,635871,458
53263141,15.7446,36.3807,430,26678,0.423606,0.15,1,636331,635901,430
53318621,94.6284,96.9091,454,28147,0.79722,0.65,2,637379,636925,454
53324461,66.8605,66.0255,456,28297,0.915955,0.69,2,637500,637044,456
53327381,27.9442,27.6102,456,28372,0.936382,0.69,2,637502,637046,456
53330301,47.1777,11.0441,516,28447,0.920553,0.69,2,637562,637046,516
53336141,49.0684,42.2071,507,28595,0.938088,0.77,2,637657,637150,507
53470461,48.9214,48.3285,505,31821,0.772207,0.69,2,639943,639438,505
53473381,38.7686,46.9314,491,31887,0.794883,0.71,2,639975,639484,491
53487981,77.9602,28.4819,569,32217,0.90596,0.79,2,640196,639627,569
53490901,64.7841,77.9927,514,32283,0.932384,0.73,2,640252,639738,514
53619381,44.9027,61.7747,518,35050,0.940893,1,2,642150,641632,518
53622301,63.5611,46.9099,557,35110,0.766357,1,2,642226,641669,557
53633981,37.5168,37.9161,528,35350,0.261779,1,1,642399,641871,528
53639821,25.5627,34.7466,508,35470,0.0586846,0.98,1,642446,641938,508
53642741,28.2251,30.6986,510,35530,0.0294738,1,1,642476,641966,510
53645661,32.89,34.4795,509,35589,0.0297895,1,1,642512,642003,509
53648581,56.356,35.3918,545,35648,0.0539158,0.98,1,642584,642039,545
53651501,24.3424,59.7567,472,35707,0.0635663,0.91,1,642587,642115,472
53654421,26.537,44.9027,465,35766,0.0314265,0.65,1,642615,642150,465
53657341,50.2148,63.5611,455,35825,0.0305706,0.55,1,642681,642226,455
53660261,41.0859,48.8244,451,35884,0.0182282,0.39,1,642716,642265,451
53663181,47.6344,59.7298,436,35943,0.0732913,0.29,1,642768,642332,436
53666101,34.6537,44.2919,428,36002,0.0473165,0.19,1,642794,642366,428
53669021,30.6615,37.5168,423,36061,0.0729266,0.07,1,642822,642399,423
53671941,26.0646,29.4067,422,36120,0.0711706,0,1,642845,642423,422
53674861,24.2258,25.5627,422,36179,0.0284683,0.01,1,642868,642446,422
53677781,31.8903,28.2251,429,36237,0.0293873,0.03,1,642905,642476,429
53680701,35.5561,32.89,431,36295,0.0417549,0.07,1,642943,642512,431
53683621,52.0225,56.356,422,36353,0.070702,0.07,1,643006,642584,422
53686541,22.609,24.3424,422,36411,0.0942808,0.01,1,643009,642587,422
53689461,26.4436,26.537,423,36469,0.0917123,0.03,1,643038,642615,423
53692381,49.5774,50.2148,422,36527,0.0426849,0.01,1,643103,642681,422
53695301,40.831,41.0859,422,36585,0.059074,0.11,1,643138,642716,422
53698221,49.3324,47.6344,425,36643,0.0536296,0.03,1,643193,642768,425
53701141,33.533,34.6537,422,36701,0.0394518,0.09,1,643216,642794,422
53704061,31.4132,30.6615,424,36759,0.0457807,0.07,1,643246,642822,424
53706981,25.7653,26.0646,423,36816,0.0483123,0,1,643268,642845,423
53709901,23.5061,24.2258,422,36873,0.0373249,0.03,1,643290,642868,422
53712821,32.2024,31.8903,423,36930,0.02093,0.05,1,643328,642905,423
53715741,35.081,35.5561,422,36987,0.038372,0.09,1,643365,642943,422
53718661,53.0324,52.0225,424,37044,0.0573488,0.11,1,643430,643006,424
53721581,24.213,22.609,426,37101,0.0649395,0.09,1,643435,643009,426
53724501,26.4852,26.4436,425,37158,0.0559758,0.09,1,643463,643038,425
53727421,47.7941,10.5774,487,37215,0.0283903,0.01,1,643525,643038,487
53730341,40.7176,43.231,458,37272,0.0293561,0.07,1,643561,643103,458
53733261,48.0871,38.2924,476,37329,0.0537425,0.05,1,643614,643138,476
53736181,33.0348,48.317,444,37386,0.075497,0.03,1,643637,643193,444
53739101,31.2139,33.1268,451,37443,0.0601988,0.05,1,643667,643216,451
53742021,25.6856,31.2507,443,37499,0.0660795,0.05,1,643689,643246,443
53744941,23.4742,25.7003,443,37555,0.0924318,0.03,1,643711,643268,443
53747861,32.1897,23.4801,459,37611,0.0549727,0.01,1,643749,643290,459
53750781,36.2759,32.192,460,37667,0.0399891,0.05,1,643788,643328,460
53753701,54.1104,35.0768,489,37723,0.0579956,0.07,1,643854,643365,489
53756621,24.0441,53.0307,428,37779,0.0651983,0.07,1,643858,643430,428
53759541,26.4177,24.2123,451,37835,0.0920793,0.05,1,643886,643435,451
53768301,48.3227,40.7176,477,38003,0.211093,0.07,1,644038,643561,477
53771221,32.5291,48.087,446,38059,0.234437,0.09,1,644060,643614,446
53774141,31.0116,33.0348,453,38115,0.255775,0.05,1,644090,643637,453
53777061,26.2047,31.2139,446,38170,0.27631,0.07,1,644113,643667,446
53779981,22.4819,25.6856,444,38225,0.296524,0.11,1,644133,643689,444
53782901,32.3927,23.4742,461,38280,0.24461,0.03,1,644172,643711,461
53785821,35.7571,32.1897,461,38335,0.211844,0.03,1,644210,643749,461
53788741,56.3028,36.2759,492,38390,0.234738,0.07,1,644280,643788,492
53791661,24.9211,54.1104,430,38445,0.243895,0.07,1,644284,643854,430
53794581,27.9685,24.0441,456,38500,0.259558,0.11,1,644314,643858,456
53797501,48.3874,26.4177,490,38555,0.265823,0.15,1,644376,643886,490
53800421,42.755,47.7671,467,38610,0.232329,0.17,1,644415,643948,467
53803341,18.302,41.3068,432,38665,0.218932,0.25,1,644417,643985,432
53806261,40.3208,48.3227,434,38720,0.261573,0.25,1,644472,644038,434
53829621,25.3036,24.9211,434,39153,0.294964,0.27,1,644718,644284,434
53832541,27.5214,27.9685,433,39207,0.279985,0.27,1,644747,644314,433
53835461,49.4086,48.3874,435,39261,0.297994,0.21,1,644811,644376,435
53841301,18.2254,18.302,434,39369,0.284079,0.29,1,644851,644417,434
53852981,26.6554,26.9885,437,39583,0.424248,0.35,1,644987,644550,437
53855901,22.6621,22.7954,437,39636,0.439699,0.33,1,645007,644570,437
53858821,29.4649,30.1182,436,39689,0.42188,0.31,1,645041,644605,436
53861741,33.9859,33.6473,437,39742,0.402752,0.29,1,645078,644641,437
53920141,44.762,18.3645,509,40791,0.762166,0.57,2,645796,645287,509
53923061,32.9048,43.3458,474,40843,0.766866,0.59,2,645821,645347,474
53940581,58.8582,34.0335,526,41152,0.927899,0.63,2,646045,645519,526
53943501,25.9433,58.0134,456,41203,0.94116,0.63,2,646049,645593,456
53946421,28.3773,25.6054,482,41254,0.946464,0.65,2,646079,645597,482
54142061,339.815,354.63,496,20440,0.946,1,2,648370,647874,496
54144981,204.926,207.852,501,20544,0.9004,1,2,648485,647984,501
54147901,138.97,136.541,507,20647,0.91816,1,2,648580,648073,507
54165421,77.9638,87.4164,465,21256,0.926181,0.93,2,648950,648485,465
54247181,70.8613,33.2536,582,23891,0.907589,0.99,2,650846,650264,582
54250101,79.9445,73.3014,568,23980,0.909036,1,2,650932,650364,568
54264701,57.641,60.3829,473,24418,0.77175,0.99,2,651199,650726,473
54279301,50.0965,52.3911,461,24849,0.764277,0.81,2,651471,651010,461
54282221,74.6386,76.7565,459,24934,0.779711,0.69,2,651562,651103,459
54285141,49.0554,51.1026,457,25019,0.785884,0.79,2,651594,651137,457
54296821,78.8862,78.353,458,25356,0.920071,0.73,2,651858,651400,458
54390261,42.8237,44.0068,486,27905,0.769533,1,2,653600,653114,486
54396101,80.1718,84.2011,488,28057,0.280325,1,1,653778,653290,488
54404861,60.427,68.3649,471,28282,0.0825008,1,1,653919,653448,471
54407781,41.5708,47.7459,466,28357,0.0510003,1,1,653948,653482,466
54410701,34.0283,19.0984,495,28432,0.0504001,0.99,1,653977,653482,495
54413621,37.6113,27.4394,502,28506,0.03816,0.77,1,654017,653515,502
54416541,38.4445,34.9757,501,28580,0.045264,0.71,1,654056,653555,501
54419461,60.3778,40.9903,531,28654,0.0841056,0.33,1,654131,653600,531
54428221,37.8722,53.5514,453,28876,0.0538628,0.09,1,654267,653814,453
54431141,58.9489,40.0206,495,28949,0.0515451,0.07,1,654340,653845,495
54434061,40.9795,60.4082,450,29022,0.026618,0.03,1,654369,653919,450
54436981,34.3918,41.5633,451,29095,0.0406472,0.05,1,654399,653948,451
54439901,37.7567,34.0253,462,29168,0.0582589,0.03,1,654439,653977,462
54442821,38.5027,37.6101,461,29241,0.0893036,0.05,1,654478,654017,461
54445741,64.0011,38.4441,503,29313,0.0897214,0.11,1,654559,654056,503
54448661,65.8004,60.3776,495,29385,0.0898886,0.13,1,654626,654131,495
54454501,36.0881,48.1804,453,29529,0.0467822,0,1,654689,654236,453
54457421,58.8352,37.8722,496,29601,0.0607129,0.05,1,654763,654267,496
54460341,40.9341,58.9489,452,29673,0.0782851,0.01,1,654792,654340,452
54463261,34.3736,40.9795,453,29744,0.0613141,0.05,1,654822,654369,453
54466181,38.3495,34.3918,464,29815,0.0545256,0.07,1,654863,654399,464
54469101,16.5398,37.7567,426,29886,0.0518102,0.11,1,654865,654439,426
54472021,29.4159,38.5027,425,29957,0.0867241,0.09,1,654903,654478,425
54480781,46.8346,46.7202,427,30168,0.21507,0.01,1,655087,654660,427
54483701,33.1338,36.0881,422,30238,0.224028,0.07,1,655111,654689,422
54492461,34.0886,34.3736,424,30448,0.217138,0.05,1,655246,654822,424
54495381,38.2354,38.3495,424,30518,0.248855,0.05,1,655287,654863,424
54498301,16.4942,16.5398,424,30587,0.261542,0.11,1,655289,654865,424
54501221,29.9977,29.4159,425,30656,0.230617,0.17,1,655328,654903,425
54504141,62.9991,60.9664,428,30725,0.254247,0.23,1,655413,654985,428
54507061,67.1996,64.5865,431,30794,0.299699,0.23,1,655483,655052,431
54521661,34.7633,34.0886,431,31136,0.439341,0.27,1,655677,655246,431
54524581,39.7053,38.2354,433,31204,0.445736,0.27,1,655720,655287,433
54580061,35.666,41.9436,484,32469,0.756908,0.63,2,656571,656087,484
54582981,40.6664,35.9774,496,32534,0.764763,0.63,2,656615,656119,496
54585901,17.4666,40.791,454,32599,0.767905,0.63,2,656617,656163,454
54588821,30.3866,17.5164,491,32664,0.793162,0.59,2,656656,656165,491
54603421,33.2497,35.2818,457,32986,0.901988,0.73,2,656890,656433,457
54606341,60.6999,60.9127,458,33050,0.942795,0.75,2,656969,656511,458
54609261,41.68,41.1651,459,33114,0.947118,0.77,2,656998,656539,459
54726061,51.5553,42.2539,531,35581,0.763773,1,2,658713,658182,531
54787381,30.9672,29.6824,451,36809,0.782837,0.55,2,659478,659027,451
54810741,35.8633,37.1373,484,37265,0.916574,0.69,2,659803,659319,484
54813661,34.1453,33.4549,486,37322,0.92463,0.71,2,659836,659350,486
55026821,37.8202,37.3412,519,41249,0.928,1,2,662591,662072,519
55029741,37.9281,35.9365,522,41300,0.9232,1,2,662629,662107,522
55032661,36.1712,40.7746,513,41351,0.92728,1,2,662664,662151,513
55053101,27.6371,33.283,496,41708,0.429139,1,1,662875,662379,496
55056021,33.2549,31.9132,502,41759,0.405656,1,1,662912,662410,502
55061861,46.4808,52.6261,486,41860,0.272505,1,1,663007,662521,486
55064781,36.5923,42.0504,481,41910,0.235002,0.88,1,663037,662556,481
55076461,31.4936,36.0685,463,42110,0.085456,0.85,1,663163,662700,463
55079381,25.1974,30.6274,457,42160,0.0761824,0.67,1,663184,662727,457
55082301,29.279,31.451,457,42210,0.084473,0.57,1,663216,662759,457
55085221,29.7116,33.5804,452,42260,0.0877892,0.53,1,663246,662794,452
55088141,29.2846,33.2322,448,42310,0.0891157,0.53,1,663275,662827,448
55091061,20.7139,24.0929,445,42360,0.0896463,0.35,1,663290,662845,445
55108581,32.7185,33.8369,429,42660,0.239217,0.13,1,663498,663069,429
55111501,32.2874,33.3348,428,42709,0.281687,0.13,1,663530,663102,428
55140701,37.9315,30.6297,467,43199,0.405208,0.15,1,663820,663353,467
55143621,41.5726,35.6519,472,43248,0.408083,0.13,1,663864,663392,472
55146541,37.629,40.0608,464,43297,0.421233,0.23,1,663899,663435,464
55149461,34.8516,35.2243,465,43346,0.414493,0.27,1,663932,663467,465
55166981,29.8534,30.1831,467,43638,0.441403,0.39,1,664109,663642,467
55169901,28.7414,28.8732,467,43686,0.434561,0.35,1,664137,663670,467
55172821,22.2965,28.9493,456,43734,0.431824,0.37,1,664155,663699,456
55175741,24.5186,21.1797,466,43782,0.43073,0.39,1,664181,663715,466
55178661,32.6074,24.0719,478,43830,0.442292,0.41,1,664219,663741,478
55181581,38.243,31.8288,483,43878,0.446917,0.41,1,664261,663778,483
55239981,31.0092,29.9078,448,44830,0.758025,0.53,2,664885,664437,448
55242901,30.4037,29.9631,448,44877,0.77721,0.53,2,664915,664467,448
55245821,25.3615,25.1852,448,44924,0.784884,0.53,2,664937,664489,448
55275021,40.5958,38.2684,457,45394,0.913699,0.73,2,665244,664787,457
55499861,344.008,356.815,504,21900,0.442,0.84,1,668065,667561,504
55539281,194.003,220.726,468,21900,0.2068,0.9,1,668159,667691,468
55542201,110.601,106.89,492,22724,0.08272,0.61,1,668214,667722,492
55545121,94.0405,87.1562,501,22817,0.033088,0.45,1,668297,667796,501
55548041,71.8162,87.0625,471,22910,0.0312352,0.15,1,668354,667883,471
55550961,67.1265,78.025,463,23003,0.0184941,0.01,1,668418,667955,463
55553881,46.6506,64.21,441,23095,0.0253976,0.09,1,668451,668010,441
55556801,39.6602,48.484,438,23187,0.0521591,0.01,1,668486,668048,438
55559721,44.6641,52.3936,431,23278,0.0988636,0.05,1,668534,668103,431
55562641,78.4656,54.5574,476,23369,0.0395454,0,1,668635,668159,476
55565561,83.5863,54.823,508,23460,0.0338182,0,1,668722,668214,508
55568481,66.4345,71.7292,480,23550,0.0315273,0.03,1,668777,668297,480
55571401,63.7738,62.8917,485,23640,0.0666109,0.01,1,668839,668354,485
55574321,45.3095,63.5567,454,23730,0.0326444,0.03,1,668872,668418,454
55577241,40.3238,45.2227,458,23819,0.0430577,0.07,1,668909,668451,458
55580161,43.7295,39.0891,469,23908,0.0712231,0.13,1,668955,668486,469
55583081,18.6918,44.4356,423,23997,0.0824892,0,1,668957,668534,423
55586001,68.0767,78.3743,423,24085,0.0329957,0.03,1,669058,668635,423
55588921,79.4307,83.5497,423,24173,0.0431983,0.03,1,669145,668722,423
55591841,65.9723,66.4199,425,24261,0.0472793,0.09,1,669202,668777,425
55594761,61.7889,63.768,422,24348,0.0729117,0.01,1,669261,668839,422
55597681,44.5156,45.3072,422,24435,0.0351647,0.05,1,669294,668872,422
55600601,40.0062,40.3229,422,24522,0.0140659,0.09,1,669331,668909,422
55603521,44.8025,43.7291,424,24608,0.0596264,0.09,1,669379,668955,424
55606441,19.121,18.6917,424,24694,0.0778505,0,1,669381,668957,424
55609361,67.0484,68.0767,422,24780,0.0491402,0.05,1,669480,669058,422
55612281,79.0194,79.4307,422,24866,0.0376561,0.05,1,669567,669145,422
55615201,67.0077,65.9723,424,24951,0.0210624,0.09,1,669626,669202,424
55618121,61.0031,61.7889,422,25036,0.098425,0.01,1,669683,669261,422
55623961,39.8805,40.0062,422,25205,0.064948,0.09,1,669753,669331,422
55626881,45.9522,44.8025,424,25289,0.0559792,0.09,1,669803,669379,424
55629801,19.5809,19.121,424,25373,0.0523917,0.03,1,669805,669381,424
55632721,66.0324,67.0484,422,25457,0.0389567,0.03,1,669902,669480,422
55635641,78.0129,26.8194,508,25540,0.0155827,0.03,1,669988,669480,508
55638561,66.6052,62.9277,480,25623,0.0242331,0.01,1,670047,669567,480
55641481,63.8421,60.5711,483,25706,0.0156932,0.15,1,670109,669626,483
55644401,42.3368,58.4284,454,25788,0.0362773,0.13,1,670137,669683,454
55647321,39.1347,43.1714,458,25870,0.0445109,0.03,1,670174,669716,458
55650241,47.4539,39.4685,474,25952,0.0178044,0.05,1,670227,669753,474
55653161,20.1816,45.7874,426,26034,0.0131217,0.05,1,670229,669803,426
55656081,64.4726,19.515,518,26115,0.0052487,0.03,1,670323,669805,518
55659001,78.5891,66.006,509,26196,0.0200995,0,1,670411,669902,509
55661921,66.2356,78.0024,481,26277,0.0260398,0.03,1,670469,669988,481
55664841,63.6942,66.601,484,26358,0.0164159,0.01,1,670531,670047,484
55667761,41.6777,63.8404,449,26438,0.0245664,0.05,1,670558,670109,449
55670681,39.4711,42.3362,459,26518,0.0278265,0.05,1,670596,670137,459
55673601,47.5884,39.1345,475,26598,0.0411306,0,1,670649,670174,475
55676521,20.2354,47.4538,424,26678,0.0224522,0.01,1,670651,670227,424
55679441,63.8942,20.1815,515,26757,0.0389809,0,1,670744,670229,515
55682361,78.9577,64.4726,510,26836,0.0215924,0.03,1,670833,670323,510
55685281,66.3831,78.589,480,26915,0.0266369,0.03,1,670891,670411,480
55688201,27.7532,66.2356,424,26994,0.0286548,0.01,1,670893,670469,424
55691121,47.7013,63.6942,423,27072,0.0294619,0.03,1,670954,670531,423
55694041,35.2805,41.6777,423,27150,0.0117848,0.03,1,670981,670558,423
55696961,36.9122,39.4711,423,27228,0.0227139,0.05,1,671019,670596,423
55699881,47.1649,47.5884,424,27306,0.0750856,0.01,1,671073,670649,424
55702801,20.066,20.2354,424,27384,0.0720342,0.05,1,671075,670651,424
55711561,66.7802,66.3831,423,27615,0.0941302,0.03,1,671314,670891,423
55714481,27.9121,27.7532,423,27692,0.0796521,0.03,1,671316,670893,423
55734921,78.4637,78.4506,426,28222,0.272699,0.07,1,671681,671255,426
55787481,83.4903,68.8987,530,29543,0.446513,0.33,1,672556,672026,530
55819601,69.507,68.1961,447,30321,0.771828,0.51,2,673061,672614,447
55822521,29.0028,28.4785,447,30391,0.794731,0.53,2,673063,672616,447
55842961,71.8051,69.9188,454,30875,0.92744,0.75,2,673359,672905,454
55971441,92.0659,77.7837,507,33757,0.946,1,2,675463,674956,507
55974361,60.2264,47.3135,519,33820,0.9124,1,2,675502,674983,519
56037141,104.36,111.342,449,16276,0.780738,0.57,2,676736,676287,449
56045901,59.8631,58.2939,455,16663,0.923807,0.65,2,676981,676526,455
56048821,78.5452,23.3176,546,16790,0.915523,0.81,2,677072,676526,546
56051741,106.418,61.527,584,16916,0.936209,0.81,2,677197,676613,584
56107221,82.7506,78.9783,490,19160,0.9412,1,2,678845,678355,490
56168541,76.4094,81.9995,486,21364,0.934864,1,2,680411,679925,486
56171461,50.3638,53.7998,484,21463,0.943946,1,2,680444,679960,484
56226941,43.7513,47.16,489,23268,0.785786,0.53,2,681687,681198,489
56235701,72.0641,47.3702,537,23540,0.79789,0.65,2,681897,681360,537
56250301,72.4672,43.7513,552,23987,0.913172,0.85,2,682239,681687,552
56253221,30.1869,70.9005,465,24075,0.923269,0.85,2,682241,681776,465
56256141,31.2748,48.1602,464,24163,0.939308,0.77,2,682273,681809,464
56346661,60.5077,69.6331,520,26747,0.946,1,2,684170,683650,520
56355421,33.8725,45.0165,503,26984,0.948544,1,2,684262,683759,503
56361261,62.6596,79.0826,481,27140,0.244167,1,1,684448,683967,481
56367101,46.0255,42.1732,493,27296,0.0834667,1,1,684532,684039,493
56370021,53.2102,58.2693,482,27374,0.0393867,0.91,1,684590,684108,482
56372941,57.2841,60.5077,480,27451,0.0337547,1,1,684650,684170,480
56375861,34.9136,39.2031,475,27528,0.0195019,1,1,684670,684195,475
56378781,31.3655,36.6812,469,27605,0.0258007,0.92,1,684699,684230,469
56381701,27.5462,33.8725,462,27682,0.0103203,0.21,1,684724,684262,462
56384621,80.0185,104.149,426,27759,0.0221281,0.07,1,684839,684413,426
56387541,50.6074,62.6596,422,27835,0.0388512,0.01,1,684870,684448,422
56390461,44.243,49.0638,422,27911,0.0215405,0.07,1,684910,684488,422
56393381,44.0972,46.0255,422,27987,0.0146162,0.01,1,684954,684532,422
56396301,53.6389,53.2102,424,28063,0.0118465,0.03,1,685014,684590,424
56399221,56.2556,57.2841,422,28138,0.0227386,0.01,1,685072,684650,422
56402141,34.5022,34.9136,422,28213,0.0270954,0.03,1,685092,684670,422
56405061,32.4009,31.3655,424,28288,0.0108382,0,1,685123,684699,424
56407981,26.7604,27.5462,422,28363,0.0223353,0,1,685146,684724,422
56410901,79.1041,11.0185,536,28438,0.0149341,0.03,1,685260,684724,536
56413821,50.2417,73.4074,452,28512,0.0119736,0.05,1,685291,684839,452
56416741,44.0967,47.963,461,28586,0.0347895,0.01,1,685331,684870,461
56419661,44.0387,43.1852,465,28660,0.0319158,0.01,1,685375,684910,465
56422581,53.6155,43.6741,481,28734,0.0307663,0.01,1,685435,684954,481
56425501,56.2462,53.4696,479,28808,0.0183065,0.03,1,685493,685014,479
56428421,34.4985,56.1879,441,28881,0.0133226,0.03,1,685513,685072,441
56431341,32.3994,34.4751,452,28954,0.023329,0,1,685544,685092,452
56434261,26.7598,32.3901,444,29027,0.0513316,0.03,1,685567,685123,444
56437181,79.7039,26.756,536,29100,0.0625326,0.01,1,685682,685146,536
56440101,51.0816,79.1024,454,29173,0.0430131,0.01,1,685714,685260,454
56443021,43.2326,50.241,461,29246,0.0592052,0.05,1,685752,685291,461
56445941,43.693,44.0964,465,29318,0.0296821,0.03,1,685796,685331,465
56448861,54.6772,44.0386,483,29390,0.0178728,0.03,1,685858,685375,483
56451781,55.4709,53.6154,479,29462,0.0251491,0.01,1,685914,685435,479
56454701,34.7884,56.2462,442,29534,0.0280597,0.01,1,685935,685493,442
56457621,33.1153,34.4985,454,29606,0.0772239,0.03,1,685967,685513,454
56460541,26.4461,32.3994,445,29677,0.0968895,0.07,1,685989,685544,445
56463461,79.5785,26.7598,537,29748,0.0687558,0.07,1,686104,685567,537
56466381,52.2314,79.7039,456,29819,0.0335023,0.03,1,686138,685682,456
56469301,22.0926,51.0816,426,29890,0.0314009,0.07,1,686140,685714,426
56472221,29.237,43.2326,422,29961,0.0665604,0.01,1,686174,685752,422
56475141,39.2948,43.693,424,30032,0.0686241,0.01,1,686220,685796,424
56478061,51.7179,54.6772,422,30102,0.0334497,0.03,1,686280,685858,422
56480981,54.2872,55.4709,422,30172,0.0433799,0.03,1,686336,685914,422
56483901,34.9149,34.7884,423,30242,0.0353519,0.11,1,686358,685935,423
56486821,35.5659,33.1153,427,30312,0.0201408,0.11,1,686394,685967,427
56489741,27.4264,26.4461,427,30382,0.0140563,0.05,1,686416,685989,427
56492661,78.1706,79.5785,424,30452,0.0116225,0.01,1,686528,686104,424
56495581,52.2682,52.2314,425,30521,0.010649,0.03,1,686563,686138,425
56498501,22.1073,22.0926,425,30590,0.0102596,0.09,1,686565,686140,425
56501421,28.6429,29.237,424,30659,0.0581038,0.07,1,686598,686174,424
56504341,39.0572,39.2948,424,30728,0.0532415,0.01,1,686644,686220,424
56507261,50.4229,51.7179,422,30797,0.0272966,0.05,1,686702,686280,422
56510181,54.3691,54.2872,423,30866,0.0289186,0.03,1,686759,686336,423
56513101,34.3477,34.9149,422,30935,0.0535675,0.01,1,686780,686358,422
56516021,35.3391,35.5659,422,31003,0.039427,0.01,1,686816,686394,422
56518941,27.9356,27.4264,423,31071,0.0457708,0.01,1,686839,686416,423
56521861,77.7743,78.1706,422,31139,0.0483083,0.01,1,686950,686528,422
56524781,52.7097,52.2682,423,31207,0.0373233,0.01,1,686986,686563,423
56527701,22.2839,22.1073,423,31275,0.0329293,0.09,1,686988,686565,423
56530621,29.3136,28.6429,424,31343,0.0551717,0.09,1,687022,686598,424
56533541,37.5254,11.4572,467,31411,0.0400687,0.05,1,687065,686598,467
56536461,49.8102,32.1829,479,31478,0.0340275,0.01,1,687123,686644,479
56539381,54.7241,47.6731,479,31545,0.031611,0.03,1,687181,686702,479
56542301,34.4896,53.2693,443,31612,0.0426444,0.07,1,687202,686759,443
56545221,35.3959,33.9077,458,31679,0.0710578,0.03,1,687238,686780,458
56548141,27.3583,35.1631,444,31746,0.0944231,0.05,1,687260,686816,444
56551061,77.5433,27.8652,532,31813,0.0677692,0.05,1,687371,686839,532
56553981,52.6173,77.7461,457,31880,0.0451077,0.03,1,687407,686950,457
56556901,22.2469,52.6984,423,31946,0.0360431,0.03,1,687409,686986,423
56559821,29.8988,22.2794,456,32012,0.0444172,0.07,1,687444,686988,456
56562741,37.7595,29.3118,465,32078,0.0357669,0.03,1,687487,687022,465
56565661,49.3038,37.5247,479,32144,0.0323068,0.03,1,687544,687065,479
56568581,55.1215,49.8099,480,32210,0.0309227,0.03,1,687603,687123,480
56571501,35.8486,54.724,445,32276,0.0123691,0.05,1,687626,687181,445
56574421,37.1394,34.4896,462,32342,0.0469476,0.09,1,687664,687202,462
56577341,28.0558,35.3958,448,32407,0.0727791,0.11,1,687686,687238,448
56597781,40.0838,49.3038,423,32861,0.0418209,0.03,1,687967,687544,423
56600701,51.4335,55.1215,423,32925,0.0347283,0,1,688026,687603,423
56603621,34.3734,35.8486,423,32989,0.0198913,0.07,1,688049,687626,423
56606541,37.7494,37.1394,425,33053,0.0619565,0.09,1,688089,687664,425
56618221,21.9616,21.5236,430,33309,0.201218,0.17,1,688260,687830,430
56621141,30.9846,30.8094,430,33372,0.230487,0.09,1,688297,687867,430
56624061,35.1939,37.5238,426,33435,0.254195,0.09,1,688335,687909,426
56626981,15.2775,16.2095,426,33498,0.263678,0,1,688337,687911,426
56629901,37.311,40.0838,422,33561,0.231471,0.03,1,688389,687967,422
56635741,34.5298,34.3734,423,33687,0.0982354,0.09,1,688472,688049,423
56641581,30.4848,28.8997,428,33813,0.0841177,0.19,1,688540,688112,428
56679541,54.2166,80.9647,462,34617,0.214505,0.13,1,689117,688655,462
56682461,22.8866,53.3859,429,34678,0.223802,0.13,1,689119,688690,429
56685381,31.9547,22.5543,465,34739,0.251521,0.19,1,689157,688692,465
56688301,35.5819,31.2217,466,34800,0.274608,0.13,1,689195,688729,466
56691221,15.4327,35.8887,429,34861,0.283843,0.13,1,689197,688768,429
56694141,34.9731,15.5555,475,34922,0.299537,0.11,1,689245,688770,475
56711661,55.4252,81.5414,468,35283,0.41015,0.23,1,689549,689081,468
56714581,23.3701,54.2166,434,35343,0.42206,0.23,1,689551,689117,434
56717501,33.348,22.8866,472,35403,0.438824,0.27,1,689591,689119,472
56755461,37.8952,36.7392,446,36173,0.768045,0.49,2,690076,689630,446
56758381,16.3581,15.8957,446,36231,0.781218,0.51,2,690078,689632,446
56761301,36.5432,35.7583,447,36289,0.774487,0.53,2,690128,689681,447
56781741,58.5535,56.6129,457,36695,0.922415,0.69,2,690449,689992,457
56784661,24.6214,23.8452,457,36753,0.938966,0.77,2,690451,689994,457
56796341,36.7935,36.5432,460,36981,0.926486,0.83,2,690588,690128,460
56799261,50.7174,50.0173,461,37038,0.928594,0.83,2,690648,690187,461
56808021,36.9179,8.67311,508,37209,0.93135,0.83,2,690719,690211,508
56810941,31.5672,31.0692,490,37266,0.91854,0.85,2,690747,690257,490
56951101,35.2142,26.1976,503,39896,0.9052,1,2,692617,692114,503
56954021,35.0857,30.879,504,39949,0.90808,1,2,692652,692148,504
57002201,184.093,189.752,464,18366,0.204757,0.17,1,693314,692850,464
57008041,107.215,76.0804,503,18597,0.0747611,0.05,1,693476,692973,503
57010961,78.886,96.4321,453,18711,0.0719045,0.07,1,693536,693083,453
57013881,62.1544,77.5729,439,18824,0.0707618,0.13,1,693587,693148,439
57016801,68.6618,72.4291,443,18937,0.0823047,0.09,1,693660,693217,443
57022641,66.1859,67.2687,432,19160,0.203969,0.01,1,693800,693368,432
57025561,85.8744,91.7075,423,19271,0.231587,0.07,1,693899,693476,423
57028481,71.5497,72.683,425,19381,0.230635,0.07,1,693961,693536,425
57031401,57.4199,59.6732,422,19490,0.254254,0.09,1,694009,693587,422
57034321,69.168,67.6693,426,19599,0.263702,0.09,1,694086,693660,426
57037241,77.4672,27.0677,509,19707,0.279481,0.17,1,694169,693660,509
57040161,68.7869,58.8271,492,19815,0.297792,0.25,1,694232,693740,492
57051841,70.3769,56.994,511,20239,0.419416,0.27,1,694520,694009,511
57054761,78.5508,68.9976,518,20344,0.449766,0.29,1,694604,694086,518
57086881,59.022,58.7997,449,21463,0.751083,0.59,2,695330,694881,449
57089801,74.0088,72.7199,451,21562,0.750433,0.63,2,695414,694963,451
57101481,82.9858,81.6376,456,21952,0.900251,0.71,2,695671,695215,456
57104401,72.1943,71.0551,457,22049,0.9421,0.79,2,695736,695279,457
57227041,61.0533,86.0008,519,25778,0.0648744,1,1,698406,697887,519
57229961,42.4213,60.2003,506,25860,0.0439497,1,1,698436,697930,506
57232881,53.5685,45.0801,532,25942,0.0955799,0.83,1,698497,697965,532
57241641,29.4684,57.4371,454,26186,0.0841171,0.27,1,698625,698171,454
57244561,41.7874,38.5749,478,26267,0.0876468,0.07,1,698675,698197,478
57247481,81.5149,47.8299,532,26348,0.0530587,0.07,1,698783,698251,532
57250401,60.206,85.132,468,26428,0.0392235,0.03,1,698829,698361,468
57253321,40.8824,61.0528,451,26508,0.0456894,0.03,1,698857,698406,451
57256241,54.753,42.4211,485,26588,0.0242758,0.13,1,698921,698436,485
57259161,71.1012,53.5684,506,26668,0.0637103,0.15,1,699003,698497,506
57262081,45.8405,69.4274,455,26747,0.0674841,0.09,1,699032,698577,455
57265001,26.7362,45.171,440,26826,0.0689937,0.07,1,699046,698606,440
57267921,43.6945,29.4684,476,26905,0.0575975,0.09,1,699101,698625,476
57270841,18.6778,41.7874,428,26984,0.053039,0.03,1,699103,698675,428
57273761,69.2711,81.5149,423,27062,0.0272156,0.03,1,699206,698783,423
57276681,56.5084,60.206,425,27140,0.0168862,0.05,1,699254,698829,425
57279601,40.0034,40.8824,426,27218,0.0487545,0.01,1,699283,698857,426
57282521,53.8014,54.753,425,27296,0.0375018,0.09,1,699346,698921,425
57285441,71.3205,71.1012,426,27374,0.0690007,0.07,1,699429,699003,426
57300041,66.954,69.2711,422,27759,0.0823546,0.01,1,699628,699206,422
57302961,55.5816,56.5084,422,27835,0.0629418,0.07,1,699676,699254,422
57305881,40.8326,40.0034,424,27911,0.0431767,0.03,1,699707,699283,424
57308801,52.9331,53.8014,422,27987,0.0472707,0.09,1,699768,699346,422
57311721,73.9732,71.3205,427,28063,0.0729083,0.15,1,699856,699429,427
57314641,46.3893,45.3282,427,28138,0.0951633,0.11,1,699884,699457,427
57320481,46.7823,44.2125,431,28288,0.0836261,0.17,1,699958,699527,431
57323401,19.9129,18.885,431,28363,0.0754505,0.17,1,699960,699529,431
57326321,61.3652,7.554,520,28438,0.0481802,0.03,1,700049,699529,520
57329241,53.3461,62.4216,469,28512,0.0492721,0.05,1,700097,699628,469
57332161,39.9384,53.7686,452,28586,0.0377088,0.03,1,700128,699676,452
57335081,52.5754,40.1075,482,28660,0.0570835,0.05,1,700189,699707,482
57338001,75.0302,52.643,511,28734,0.0648334,0.09,1,700279,699768,511
57340921,47.4121,73.8572,452,28808,0.0679334,0.11,1,700308,699856,452
57343841,27.3648,46.3429,438,28881,0.0691734,0.11,1,700322,699884,438
57364281,75.4483,52.5753,514,29390,0.241183,0.07,1,700703,700189,514
57367201,47.5793,75.0301,453,29462,0.258473,0.07,1,700732,700279,453
57370121,28.0317,47.412,439,29534,0.265389,0.07,1,700747,700308,439
57390561,49.1312,53.6208,433,30032,0.424665,0.27,1,701046,700613,433
57393481,74.8525,75.4483,435,30102,0.415866,0.27,1,701138,700703,435
57396401,47.941,47.5793,436,30172,0.436346,0.27,1,701168,700732,436
57399321,28.7764,28.0317,437,30242,0.444539,0.33,1,701184,700747,437
57460641,52.5936,28.2663,523,31679,0.771948,0.75,2,702149,701626,523
57463561,22.2374,51.5065,458,31746,0.782779,0.75,2,702151,701693,458
57466481,65.895,21.8026,551,31813,0.799112,0.73,2,702246,701695,551
57478161,53.1189,29.3437,525,32078,0.916473,0.75,2,702400,701875,525
57481081,75.2476,51.9375,548,32144,0.948589,0.75,2,702490,701942,548
57589121,35.7944,51.0293,504,34495,0.920944,1,2,704073,703569,504
57612481,35.4905,53.0932,496,34983,0.296728,0.96,1,704432,703936,496
57615401,30.9962,38.0373,496,35043,0.256691,0.98,1,704460,703964,496
57618321,39.9985,33.2149,512,35103,0.252676,0.96,1,704506,703994,512
57621241,34.5994,41.486,496,35163,0.263071,0.89,1,704537,704041,496
57624161,50.4398,35.7944,525,35223,0.279228,0.61,1,704598,704073,525
57627081,42.3759,59.9178,486,35283,0.297691,0.55,1,704635,704149,486
57630001,44.5504,47.3671,493,35343,0.293077,0.45,1,704681,704188,493
57659201,51.3034,50.4398,436,35937,0.412663,0.31,1,705034,704598,436
57662121,43.3214,42.3759,437,35996,0.435065,0.29,1,705072,704635,437
57665041,45.5285,44.5504,438,36055,0.432026,0.31,1,705119,704681,438
57708841,37.2174,35.9138,447,36924,0.758867,0.57,2,705669,705222,447
57711761,49.6869,47.3655,450,36981,0.765547,0.63,2,705727,705277,450
57714681,36.6748,35.1462,451,37038,0.792219,0.63,2,705755,705304,451
57717601,15.8699,15.2585,451,37095,0.778888,0.61,2,705757,705306,451
57720521,22.548,21.7034,452,37152,0.761555,0.61,2,705784,705332,452
57723441,39.0192,8.68136,502,37209,0.766622,0.63,2,705834,705332,502
57735121,47.4197,43.6574,504,37437,0.750138,0.71,2,706018,705514,504
57738041,41.7679,46.263,494,37493,0.762055,0.75,2,706056,705562,494
57740961,34.7071,41.3052,486,37549,0.766822,0.75,2,706086,705600,486
57743881,37.8829,34.5221,496,37605,0.780729,0.77,2,706126,705630,496
57761401,34.3427,39.0191,489,37941,0.904909,0.73,2,706323,705834,489
57764321,50.9371,34.8076,519,37997,0.919963,0.73,2,706385,705866,519
57767241,44.9748,51.1231,498,38053,0.949985,0.71,2,706426,705928,498
57933681,57.7903,38.5556,548,41097,0.919403,1,2,708575,708027,548
57957041,33.978,33.4873,511,41505,0.433123,1,1,708835,708324,511
57959961,29.7912,34.9949,502,41556,0.407249,1,1,708862,708360,502
57992081,30.5314,35.3627,445,42111,0.401796,0.45,1,709213,708768,445
57995001,30.2125,33.9451,442,42161,0.430718,0.39,1,709243,708801,442
57997921,31.885,33.978,441,42211,0.442287,0.39,1,709276,708835,441
58088441,25.3776,19.0016,480,43735,0.755793,0.57,2,710238,709758,480
58091361,28.7511,26.2006,480,43783,0.788317,0.55,2,710269,709789,480
58100121,40.7201,53.6128,482,43927,0.903652,0.59,2,710404,709922,482
58103041,39.088,40.6451,488,43975,0.943461,0.63,2,710442,709954,488
58376061,112.798,122.986,483,22093,0.088432,0.39,1,713503,713020,483
58378981,73.3193,89.9945,462,22189,0.0353728,0,1,713550,713088,462
58381901,73.7277,85.7978,453,22285,0.0141491,0,1,713624,713171,453
58384821,65.4911,67.3191,458,22380,0.0716597,0.05,1,713684,713226,458
58387741,65.7964,75.5276,443,22475,0.0466639,0.03,1,713750,713307,443
58390661,36.5186,48.2111,430,22569,0.0246655,0,1,713767,713337,430
58393581,68.0074,24.6844,510,22663,0.0278662,0.03,1,713856,713346,510
58396501,68.603,62.6738,491,22757,0.0291465,0.03,1,713925,713434,491
58399421,55.0412,66.4695,468,22850,0.0296586,0,1,713971,713503,468
58402341,66.4165,54.7878,495,22943,0.0118634,0,1,714045,713550,495
58405261,64.3666,66.3151,484,23035,0.0227454,0.11,1,714108,713624,484
58408181,64.1466,62.526,488,23127,0.0270982,0.03,1,714172,713684,488
58411101,36.4587,64.6104,440,23219,0.0108393,0.01,1,714190,713750,440
58414021,67.3835,36.0442,511,23310,0.0223357,0.03,1,714278,713767,511
58416941,68.3534,67.8177,491,23401,0.0269343,0.03,1,714347,713856,491
58419861,54.9414,68.5271,468,23492,0.0407737,0.03,1,714393,713925,468
58422781,65.7765,55.0108,495,23582,0.0163095,0,1,714466,713971,495
58425701,65.9106,66.4043,487,23672,0.0245238,0.03,1,714532,714045,487
58428621,63.5642,64.3617,486,23762,0.0278095,0.03,1,714594,714108,486
58431541,35.6257,64.1447,439,23851,0.0111238,0,1,714611,714172,439
58434461,67.6503,36.4579,510,23940,0.0104495,0.03,1,714700,714190,510
58437381,28.2601,67.3832,424,24029,0.0221798,0.03,1,714702,714278,424
58440301,52.704,68.3533,424,24117,0.0268719,0.05,1,714771,714347,424
58443221,49.8816,54.9413,426,24205,0.0287488,0,1,714819,714393,426
58446141,61.3526,65.7765,422,24293,0.0114995,0.03,1,714888,714466,422
58449061,64.1411,65.9106,422,24380,0.0345998,0.03,1,714954,714532,422
58451981,62.8564,63.5642,422,24467,0.0438399,0,1,715016,714594,422
58454901,35.9426,35.6257,423,24554,0.017536,0.01,1,715034,714611,423
58457821,68.377,67.6503,424,24640,0.0130144,0.03,1,715124,714700,424
58460741,28.5508,28.2601,424,24726,0.0232058,0.03,1,715126,714702,424
58463661,52.2203,52.704,423,24812,0.0632823,0.03,1,715194,714771,423
58466581,50.2881,49.8816,424,24897,0.0793129,0,1,715243,714819,424
58469501,60.3153,61.3526,422,24982,0.0317252,0.05,1,715310,714888,422
58472421,63.7261,64.1411,422,25067,0.0306901,0.05,1,715376,714954,422
58475341,63.2904,62.8564,423,25152,0.090276,0,1,715439,715016,423
58481181,68.2065,68.377,422,25320,0.0408442,0.03,1,715546,715124,422
58484101,28.4826,28.5508,422,25404,0.0343377,0.09,1,715548,715126,422
58487021,53.393,52.2203,424,25487,0.0317351,0.09,1,715618,715194,424
58489941,50.1572,20.8881,472,25570,0.030694,0.09,1,715666,715194,472
58492861,59.0629,37.7553,488,25653,0.0122776,0,1,715731,715243,488
58495781,63.2252,55.3021,487,25736,0.022911,0.03,1,715797,715310,487
58498701,66.6901,61.7208,490,25818,0.0391644,0.13,1,715866,715376,490
58501621,35.076,62.4883,441,25900,0.0576658,0.11,1,715880,715439,441
58504541,66.2304,35.1953,511,25982,0.0650663,0,1,715967,715456,511
58507461,27.6922,68.0781,423,26064,0.0680265,0.03,1,715969,715546,423
58510381,53.6769,28.4313,492,26145,0.0572106,0.03,1,716040,715548,492
58513301,50.2707,53.3725,470,26226,0.0768842,0.03,1,716088,715618,470
58516221,58.5083,50.149,486,26307,0.0967537,0,1,716152,715666,486
58519141,63.6033,59.0596,488,26388,0.0927015,0.03,1,716219,715731,488
58533741,54.6849,27.6921,495,26787,0.0973621,0.05,1,716464,715969,495
58545421,59.0335,63.6033,427,27102,0.0784765,0.13,1,716646,716219,427
58548341,66.2134,67.4413,428,27180,0.0733906,0.09,1,716717,716289,428
58551261,34.8854,36.5765,426,27258,0.0713562,0.11,1,716731,716305,426
58557101,27.1817,27.2122,427,27413,0.096617,0.09,1,716818,716391,427
58571701,56.8963,59.0335,424,27797,0.202196,0.07,1,717070,716646,424
58574621,64.7585,66.2134,423,27873,0.218878,0.07,1,717140,716717,423
58577541,34.9034,34.8854,424,27949,0.225551,0.13,1,717155,716731,424
58580461,66.1614,64.9541,426,28025,0.228221,0.09,1,717242,716816,426
58583381,27.6645,27.1817,426,28101,0.205288,0.19,1,717244,716818,426
58586301,56.0658,54.0727,429,28176,0.280115,0.17,1,717319,716890,429
58592141,22.4105,21.8516,430,28326,0.298018,0.19,1,717372,716942,430
58609661,27.8631,65.4281,433,28772,0.406957,0.19,1,717675,717242,433
58644701,23.6412,54.0181,449,29643,0.76105,0.53,2,718254,717805,449
58647621,50.2565,22.8072,515,29714,0.76642,0.57,2,718322,717807,515
58650541,59.1026,48.7229,514,29785,0.756568,0.61,2,718387,717873,514
58653461,24.841,57.2892,453,29856,0.752627,0.67,2,718389,717936,453
58656381,55.5364,66.7157,456,29927,0.799051,0.69,2,718465,718009,456
58662221,68.2858,69.2345,458,30069,0.796248,0.73,2,718573,718115,458
58673901,24.2409,23.6412,460,30349,0.907376,0.77,2,718714,718254,460
58676821,50.4964,50.2565,460,30419,0.90895,0.75,2,718782,718322,460
58790701,47.2202,54.4015,480,33022,0.933693,1,2,720594,720114,480
58808221,39.626,34.7519,498,33405,0.0624977,1,1,720860,720362,498
58811141,53.0504,60.1008,483,33468,0.0429991,1,1,720922,720439,483
58814061,37.4202,38.4403,486,33531,0.0351996,1,1,720949,720463,486
58816981,33.5681,33.3761,487,33594,0.0560799,1,1,720980,720493,487
58819901,36.8272,44.5504,474,33657,0.0224319,0.89,1,721019,720545,474
58822821,38.7309,47.2202,465,33720,0.0389728,0.77,1,721059,720594,465
58825741,31.6924,39.2881,458,33783,0.0335891,0.69,1,721086,720628,458
58828661,35.4769,41.5152,453,33846,0.0314356,0.31,1,721124,720671,453
58831581,54.3908,66.4061,437,33908,0.0305743,0.19,1,721191,720754,437
58834501,39.1563,48.1624,430,33970,0.0542297,0.03,1,721220,720790,430
58837421,29.4625,36.065,425,34032,0.0276919,0.01,1,721243,720818,425
58840341,36.985,39.626,425,34094,0.0290768,0.03,1,721285,720860,425
58843261,50.194,53.0504,422,34156,0.0116307,0.03,1,721344,720922,422
58846181,36.2776,37.4202,422,34218,0.00465228,0.03,1,721371,720949,422
58849101,33.711,14.9681,454,34280,0.0318609,0.07,1,721403,720949,454
58852021,35.6844,24.5872,460,34342,0.0187444,0,1,721440,720980,460
58854941,38.2738,33.2349,461,34404,0.0494977,0.05,1,721480,721019,461
58857861,31.5095,37.294,448,34465,0.0497991,0.03,1,721507,721059,448
58860781,36.0038,31.1176,460,34526,0.0259196,0.03,1,721546,721086,460
58863701,54.0015,35.247,488,34587,0.0163679,0.03,1,721612,721124,488
58866621,39.6006,54.2988,451,34648,0.0365471,0.07,1,721642,721191,451
58869541,29.0402,39.1195,444,34709,0.0566189,0.01,1,721664,721220,444
58872461,37.4161,29.4478,464,34770,0.0406475,0.03,1,721707,721243,464
58875381,49.7664,36.9791,480,34831,0.022259,0,1,721765,721285,480
58878301,36.1066,50.1917,448,34892,0.00890361,0,1,721792,721344,448
58881221,34.2426,36.2767,454,34953,0.0335614,0.05,1,721825,721371,454
58884141,35.8971,33.7107,459,35013,0.0554246,0.01,1,721862,721403,459
58887061,37.7588,35.6843,461,35073,0.0761698,0.07,1,721901,721440,461
58889981,31.9035,38.2737,449,35133,0.0364679,0.05,1,721929,721480,449
58892901,36.1614,31.5095,461,35193,0.0325872,0.01,1,721968,721507,461
58895821,55.2646,36.0038,490,35253,0.0430349,0.01,1,722036,721546,490
58898741,41.3058,54.0015,456,35313,0.0712139,0.05,1,722068,721612,456
58901661,27.9223,39.6006,445,35373,0.0944856,0.07,1,722087,721642,445
58907501,48.7476,37.4161,479,35493,0.0643177,0.01,1,722186,721707,479
58910421,35.699,49.7664,448,35553,0.0317271,0,1,722213,721765,448
58913341,34.6796,36.1066,455,35612,0.0186908,0.05,1,722247,721792,455
58916261,35.4718,34.2426,458,35671,0.0374763,0.07,1,722283,721825,458
58919181,15.3887,35.8971,423,35730,0.0209905,0.09,1,722285,721862,423
58922101,30.1555,37.7588,424,35789,0.0383962,0.01,1,722325,721901,424
58925021,28.2622,31.9035,423,35848,0.0333585,0.03,1,722352,721929,423
58927941,34.7049,36.1614,423,35907,0.0433434,0.05,1,722391,721968,423
58930861,55.882,55.2646,425,35966,0.0353374,0.09,1,722461,722036,425
58933781,42.1528,41.3058,426,36025,0.0561349,0.11,1,722494,722068,426
58948381,34.766,34.6796,423,36317,0.0602196,0.05,1,722670,722247,423
58951301,35.5064,35.4718,423,36375,0.0540878,0.01,1,722706,722283,423
58954221,15.4026,15.3887,423,36433,0.0516351,0.05,1,722708,722285,423
58957141,30.761,30.1555,424,36491,0.0266541,0.03,1,722749,722325,424
58960061,27.3044,28.2622,422,36549,0.0406616,0.05,1,722774,722352,422
58962981,34.3218,34.7049,422,36607,0.0342646,0.03,1,722813,722391,422
58965901,56.9287,55.882,424,36665,0.0677059,0.07,1,722885,722461,424
58968821,43.7715,42.1528,426,36723,0.0690823,0.13,1,722920,722494,426
58971741,29.5086,28.8611,426,36781,0.0576329,0.17,1,722940,722514,426
58986341,34.8007,35.5064,422,37066,0.050347,0.05,1,723128,722706,422
58989261,15.1203,15.4026,422,37123,0.0501388,0.01,1,723130,722708,422
58992181,30.6481,30.761,422,37180,0.0620555,0.01,1,723171,722749,422
58995101,27.2592,12.3044,447,37237,0.0548222,0.05,1,723196,722749,447
58998021,34.3037,19.9218,461,37294,0.0399289,0.03,1,723235,722774,461
59000941,57.5215,31.3687,495,37351,0.0339716,0.09,1,723308,722813,495
59003861,44.0086,55.7475,458,37408,0.0555886,0.07,1,723343,722885,458
59006781,29.6034,43.299,443,37464,0.0402354,0.05,1,723363,722920,443
59009701,41.2414,29.3196,472,37520,0.0460942,0.13,1,723412,722940,472
59012621,46.4966,39.3278,476,37576,0.0724377,0.15,1,723462,722986,476
59015541,31.7986,45.7311,448,37632,0.0949751,0.15,1,723484,723036,448
59035981,57.393,34.3037,495,38024,0.20708,0.03,1,723730,723235,495
59038901,43.9572,57.5215,457,38080,0.208832,0.07,1,723765,723308,457
59041821,29.5829,44.0086,442,38135,0.209533,0.03,1,723785,723343,442
59044741,41.8332,29.6034,472,38190,0.221813,0.05,1,723835,723363,472
59047661,48.5333,41.2414,476,38245,0.250725,0.09,1,723888,723412,476
59050581,32.6133,46.4966,448,38300,0.29829,0.11,1,723910,723462,448
59085621,51.3389,48.5333,438,38957,0.437943,0.33,1,724326,723888,438
59129421,34.3534,32.6942,447,39762,0.75182,0.55,2,724827,724380,447
59132341,35.3414,34.0777,448,39815,0.762728,0.51,2,724863,724415,448
59135261,15.3365,14.8311,448,39868,0.767091,0.55,2,724865,724417,448
59138181,31.3346,31.7324,447,39921,0.768836,0.51,2,724907,724460,447
59146941,28.5734,27.9989,448,40080,0.773286,0.53,2,724976,724528,448
59187821,60.5474,28.5733,541,40811,0.922589,0.87,2,725517,724976,541
59330901,34.6487,41.6097,508,43272,0.935786,1,2,727214,726706,508
59333821,36.0595,37.0439,511,43321,0.908314,1,2,727251,726740,511
59393681,116.818,120.551,452,19925,0.058116,0.01,1,728022,727570,452
59396601,96.5271,75.8206,489,20031,0.0532464,0.03,1,728105,727616,489
59399521,74.0108,89.1282,450,20137,0.0512986,0.03,1,728164,727714,450
59402441,59.6043,67.4513,447,20242,0.0625194,0.01,1,728214,727767,447
59405361,41.2417,49.1805,439,20347,0.0430078,0.11,1,728243,727804,439
59408281,90.8967,56.8722,501,20451,0.0712031,0.01,1,728367,727866,501
59411201,82.5587,70.7489,498,20555,0.0344812,0.01,1,728444,727946,498
59414121,82.8235,73.8996,505,20658,0.0437925,0.05,1,728527,728022,505
59417041,69.1294,79.3598,482,20761,0.083517,0.05,1,728587,728105,482
59419961,57.0518,67.1439,472,20863,0.0994068,0.07,1,728636,728164,472
59422881,40.2207,56.8576,451,20965,0.0937627,0.03,1,728665,728214,451
59425801,17.2883,40.143,424,21066,0.0915051,0.09,1,728667,728243,424
59431641,78.4861,82.3829,423,21267,0.0830408,0.05,1,728867,728444,423
59434561,81.1945,82.7532,423,21367,0.0512163,0.11,1,728950,728527,423
59437481,70.8778,69.1013,427,21466,0.0264865,0.11,1,729014,728587,427
59440401,57.7511,57.0405,427,21565,0.0105946,0.09,1,729063,728636,427
59443321,39.9004,40.2162,426,21663,0.0342378,0.09,1,729091,728665,426
59446241,17.1602,17.2865,426,21761,0.0436951,0.11,1,729093,728667,426
59449161,81.2641,80.7146,427,21858,0.0834781,0.07,1,729217,728790,427
59455001,79.7223,81.1943,422,22052,0.0673565,0.01,1,729372,728950,422
59457921,70.2889,70.8777,422,22148,0.0329426,0,1,729436,729014,422
59460841,57.5156,57.7511,422,22244,0.055177,0.05,1,729485,729063,422
59463761,39.8062,39.9004,422,22339,0.0760708,0.05,1,729513,729091,422
59466681,17.1225,17.1602,422,22434,0.0844283,0.11,1,729515,729093,422
59478361,69.2991,71.9209,485,22810,0.0604814,0.01,1,729857,729372,485
59481281,57.7197,67.1684,471,22903,0.0661925,0.07,1,729907,729436,471
59484201,40.4879,56.2673,451,22996,0.080477,0.09,1,729936,729485,451
59487121,17.3951,39.3069,425,23088,0.0861908,0.09,1,729938,729513,425
59492961,78.3832,82.9691,503,23271,0.235791,0.17,1,730145,729642,503
59510481,92.8725,17.3948,568,23812,0.4174,0.25,1,730506,729938,568
59513401,80.949,87.9579,506,23901,0.42496,0.27,1,730579,730073,506
59516321,33.5796,78.3832,436,23990,0.427984,0.39,1,730581,730145,436
59571801,56.4392,46.6185,500,25616,0.752342,0.57,2,731667,731167,500
59574721,40.5757,50.4474,477,25699,0.762937,0.57,2,731697,731220,477
59577641,17.4303,38.179,449,25781,0.767175,0.57,2,731699,731250,449
59586401,35.4355,80.8755,459,26027,0.925819,0.75,2,731926,731467,459
59706121,35.0342,36.8573,511,29175,0.445894,1,1,734147,733636,511
59717801,54.2393,54.9627,526,29464,0.0664709,0.94,1,734395,733869,526
59720721,45.6957,55.5851,510,29536,0.0685884,0.79,1,734435,733925,510
59723641,54.2783,52.834,519,29608,0.0814353,0.67,1,734495,733976,519
59726561,41.5113,62.5336,483,29679,0.0385741,0.61,1,734528,734045,483
59729481,33.4045,47.2134,474,29750,0.0694297,0.49,1,734556,734082,474
59732401,31.3618,38.0854,472,29821,0.0577719,0.37,1,734586,734114,472
59735321,13.7447,35.0342,441,29892,0.0531087,0.29,1,734588,734147,441
59741161,63.9992,74.2455,423,30034,0.0744974,0.13,1,734718,734295,423
59744081,57.3997,59.0982,427,30104,0.071799,0.01,1,734771,734344,427
59747001,51.7599,54.2393,424,30174,0.0467196,0.07,1,734819,734395,424
59749921,44.1039,45.6957,423,30244,0.0606878,0.09,1,734858,734435,423
59752841,54.8416,54.2783,425,30314,0.0422751,0.01,1,734920,734495,425
59755761,41.1366,41.5113,424,30384,0.0469101,0.09,1,734952,734528,424
59758681,34.4547,33.4045,426,30454,0.024764,0.05,1,734982,734556,426
59761601,30.5819,31.3618,424,30523,0.0279056,0.05,1,735010,734586,424
59764521,13.4327,13.7447,424,30592,0.0291622,0.15,1,735012,734588,424
59767441,34.1731,32.4979,427,30661,0.0896649,0.05,1,735060,734633,427
59770361,62.8692,63.9992,424,30730,0.065866,0.07,1,735142,734718,424
59773281,57.5477,57.3997,425,30799,0.0803464,0.03,1,735196,734771,425
59776201,50.0191,51.7599,422,30868,0.0381386,0.07,1,735241,734819,422
59779121,44.0076,44.1039,423,30937,0.0332554,0.03,1,735281,734858,423
59782041,54.2031,54.8416,422,31005,0.0313022,0.05,1,735342,734920,422
59784961,40.8812,41.1366,422,31073,0.0665209,0.01,1,735374,734952,422
59787881,34.3525,34.4547,422,31141,0.0326083,0.03,1,735404,734982,422
59790801,31.141,30.5819,423,31209,0.0430433,0.03,1,735433,735010,423
59793721,13.6564,13.4327,423,31277,0.0472173,0.03,1,735435,735012,423
59796641,35.4626,5.3731,473,31345,0.0608869,0.13,1,735485,735012,473
59814161,41.6864,54.17,455,31748,0.0857835,0.09,1,735797,735342,455
59817081,33.4746,40.868,451,31815,0.0763134,0.01,1,735825,735374,451
59820001,30.7898,34.3472,450,31881,0.0605254,0.05,1,735854,735404,450
59822921,13.5159,31.1389,423,31947,0.0542101,0.05,1,735856,735433,423
59825841,38.4064,13.6556,476,32013,0.0396841,0.07,1,735911,735435,476
59828761,65.1626,35.4622,509,32079,0.0818736,0.17,1,735994,735485,509
59837521,43.1944,48.3496,467,32277,0.20036,0.09,1,736129,735662,467
59840441,52.0778,44.5398,483,32343,0.242144,0.11,1,736187,735704,483
59843361,41.2311,53.2159,458,32408,0.270858,0.07,1,736221,735763,458
59866721,43.516,47.986,432,32926,0.401385,0.23,1,736521,736089,432
59869641,42.6064,43.1944,434,32990,0.406554,0.27,1,736563,736129,434
59881321,29.1707,28.917,438,33246,0.414424,0.33,1,736713,736275,438
59884241,12.8683,12.7668,438,33310,0.42377,0.33,1,736715,736277,438
59887161,39.9473,39.9067,438,33373,0.403508,0.39,1,736773,736335,438
59890081,69.9789,67.5627,442,33436,0.407403,0.35,1,736863,736421,442
59893001,29.1916,28.2251,442,33499,0.408961,0.41,1,736865,736423,442
59895921,44.6766,44.29,442,33562,0.409584,0.41,1,736920,736478,442
59898841,43.6707,43.516,442,33625,0.409834,0.41,1,736963,736521,442
59901761,41.4683,42.6064,440,33688,0.421934,0.39,1,737003,736563,440
59904681,53.1873,53.0426,441,33751,0.438773,0.39,1,737064,736623,441
59939721,44.6179,51.4717,482,34496,0.753449,0.51,2,737546,737064,482
59942641,35.2472,42.1887,475,34557,0.775379,0.53,2,737575,737100,475
59945561,30.2989,33.6755,474,34618,0.772152,0.57,2,737602,737128,474
59948481,13.3195,29.0702,450,34679,0.770861,0.57,2,737604,737154,450
59951401,38.9278,12.8281,504,34740,0.794344,0.59,2,737660,737156,504
59968921,56.1829,41.8619,521,35104,0.920094,0.75,2,737966,737445,521
60132441,47.6692,49.5877,518,38330,0.784214,1,2,740200,739682,518
60240481,45.2116,27.6753,505,40320,0.797098,0.57,2,741468,740963,505
60266761,29.9808,28.8191,486,40788,0.93364,0.73,2,741786,741300,486
60269681,27.5923,28.3276,484,40840,0.931456,0.75,2,741812,741328,484
60272601,27.8369,26.931,486,40892,0.942582,0.75,2,741840,741354,486
60453641,35.7305,42.6573,515,43976,0.9484,1,2,744006,743491,515
60459481,33.1969,34.7852,516,44072,0.769744,1,2,744074,743558,516
60474081,31.9038,37.56,506,44312,0.229709,1,1,744244,743738,506
60479921,33.3046,34.5696,509,44408,0.0499535,1,1,744315,743806,509
60494521,24.7538,33.8263,468,44644,0.0886107,0.93,1,744437,743969,468
60497441,29.1015,35.7305,463,44691,0.0654443,0.85,1,744469,744006,463
60500361,32.0406,36.4922,460,44738,0.0321777,0.69,1,744503,744043,460
60503281,30.8162,33.1969,459,44785,0.0428711,0.57,1,744533,744074,459
60506201,32.7265,36.6788,454,44832,0.0711484,0.43,1,744567,744113,454
60509121,28.6906,36.8715,443,44879,0.0584594,0.41,1,744593,744150,443
60512041,25.8762,32.1486,438,44926,0.0893838,0.33,1,744617,744179,438
60514961,27.7505,33.2594,433,44973,0.0777535,0.13,1,744646,744213,433
60517881,26.1002,31.9038,427,45020,0.0971014,0.03,1,744671,744244,427
60523721,31.176,33.3046,422,45114,0.0719362,0.17,1,744737,744315,422
60526641,31.0704,31.3218,423,45161,0.0467745,0.17,1,744768,744345,423
60529561,30.4282,30.5287,423,45208,0.0367098,0.11,1,744798,744375,423
60532481,22.9713,21.2115,426,45255,0.0566839,0.11,1,744816,744390,426
60535401,20.5885,19.8846,426,45302,0.0886736,0.07,1,744835,744409,426
60538321,24.4354,24.7538,425,45349,0.0894694,0.05,1,744862,744437,425
60541241,27.7742,29.1015,423,45396,0.0897878,0.01,1,744892,744469,423
60544161,30.9097,32.0406,422,45442,0.0659151,0.05,1,744925,744503,422
60547081,31.5639,30.8162,424,45488,0.056366,0.09,1,744957,744533,424
60550001,33.0255,32.7265,424,45534,0.0405464,0.05,1,744991,744567,424
60552921,28.2102,28.6906,423,45580,0.0822186,0.11,1,745016,744593,423
60570441,31.7566,31.0704,424,45856,0.0771003,0.03,1,745192,744768,424
60573361,31.3026,30.4282,425,45902,0.0368401,0.07,1,745223,744798,425
60576281,23.3211,22.9713,425,45948,0.044736,0.07,1,745241,744816,425
60579201,21.3284,9.18851,445,45994,0.0358944,0.11,1,745261,744816,445
60582121,24.1314,15.0754,452,46040,0.0443578,0.09,1,745287,744835,452
60585041,28.2525,22.2302,456,46086,0.0477431,0.09,1,745318,744862,456
60587961,28.101,26.8921,454,46132,0.0730972,0.05,1,745346,744892,454
60590881,31.6404,30.5568,455,46178,0.0712389,0.05,1,745380,744925,455
60599641,27.441,28.1876,451,46316,0.0974393,0.13,1,745467,745016,451
60602561,28.3764,26.8751,454,46362,0.0809757,0.13,1,745496,745042,454
60658041,28.9027,26.9201,458,47217,0.200432,0.17,1,746040,745582,458
60660961,29.5611,29.368,457,47262,0.206173,0.11,1,746070,745613,457
60663881,23.8244,30.3472,446,47307,0.220469,0.09,1,746090,745644,446
60666801,21.5298,23.5389,447,47352,0.226188,0.13,1,746110,745663,447
60669721,9.81191,21.4156,429,47397,0.228475,0.15,1,746112,745683,429
60672641,19.5248,25.3662,427,47441,0.26539,0.11,1,746138,745711,427
60675561,27.0099,29.3465,427,47485,0.292156,0.11,1,746170,745743,427
60678481,27.604,28.5386,427,47529,0.290862,0.11,1,746198,745771,427
60698921,32.2277,32.1419,431,47837,0.403455,0.19,1,746417,745986,431
60701841,27.2911,27.2568,431,47881,0.419382,0.21,1,746441,746010,431
60704761,29.5164,28.9027,432,47925,0.437753,0.21,1,746472,746040,432
60786521,32.2666,27.5466,480,49141,0.772781,0.53,2,747238,746758,480
60789441,35.1067,30.8186,484,49184,0.795113,0.53,2,747275,746791,484
60821561,35.625,30.0066,494,49656,0.903111,0.73,2,747573,747079,494
60824481,35.85,33.6027,494,49698,0.907244,0.75,2,747609,747115,494
60827401,28.74,35.0411,482,49740,0.908898,0.75,2,747633,747151,482
60830321,28.896,28.4164,487,49782,0.921559,0.75,2,747662,747175,487
60833241,33.1584,28.1666,495,49824,0.902624,0.79,2,747698,747203,495
60839081,36.0253,35.1067,497,49908,0.91602,0.81,2,747772,747275,497
60842001,29.4101,35.6427,486,49950,0.912408,0.83,2,747797,747311,486
60844921,31.5641,29.2571,494,49992,0.910963,0.81,2,747830,747336,494
60847841,30.6256,30.9028,492,50034,0.922385,0.83,2,747860,747368,492
60850761,24.2502,30.3611,482,50076,0.926954,0.83,2,747880,747398,482
60853681,23.5001,24.1445,485,50118,0.940782,0.85,2,747903,747418,485
60856601,10.6,22.2578,466,50160,0.946313,0.87,2,747905,747439,466
61087281,366.8,412.868,429,23360,0.2716,0.17,1,750416,749987,429
61098961,82.5181,64.3438,480,24440,0.058745,0.05,1,750598,750118,480
61101881,67.2072,81.5375,444,24527,0.029498,0.01,1,750655,750211,444
61104801,71.2829,60.215,472,24613,0.0417992,0.05,1,750729,750257,472
61107721,56.1132,67.286,446,24699,0.0707197,0.07,1,750775,750329,446
61113561,35.1381,52.8858,429,24871,0.206915,0.15,1,750860,750431,429
61116481,30.8552,37.3543,430,24956,0.208766,0.11,1,750888,750458,430
61122321,71.1768,75.9367,422,25126,0.212203,0.01,1,751020,750598,422
61125241,62.6707,64.5747,422,25210,0.210881,0.05,1,751077,750655,422
61145681,71.6567,31.4861,526,25792,0.248027,0.23,1,751450,750924,526
61148601,61.0627,70.1945,484,25874,0.273211,0.21,1,751504,751020,484
61151521,72.4251,62.2778,507,25956,0.283284,0.17,1,751584,751077,507
61154441,55.97,72.9111,472,26038,0.287314,0.19,1,751629,751157,472
61169041,74.3568,33.64,532,26442,0.422702,0.29,1,751885,751353,532
61212841,15.9105,15.6795,448,27619,0.783513,0.55,2,752604,752156,448
61215761,23.7642,23.0718,449,27696,0.787405,0.61,2,752633,752184,449
61227441,74.4324,73.6274,456,28000,0.904462,0.71,2,752922,752466,456
61230361,56.7729,55.851,457,28076,0.931785,0.75,2,752967,752510,457
61233281,69.5092,67.9404,459,28151,0.942714,0.75,2,753045,752586,459
61236201,38.0037,36.7762,460,28226,0.947086,0.81,2,753062,752602,460
61239121,16.4015,15.9105,460,28301,0.948834,0.79,2,753064,752604,460
61332561,50.3878,46.4241,496,30603,0.9256,1,2,754707,754211,496
61350081,35.5158,32.1499,492,31016,0.414738,1,1,755013,754521,492
61355921,25.1225,25.424,490,31152,0.288358,0.99,1,755058,754568,490
61361761,50.3396,50.3878,484,31288,0.0905373,0.88,1,755191,754707,484
61364681,38.1358,20.1551,514,31356,0.0782149,1,1,755221,754707,514
61367601,50.6543,28.4621,539,31423,0.061286,0.82,1,755280,754741,539
61370521,53.8617,55.1848,522,31490,0.0665144,0.77,1,755336,754814,522
61373441,59.9447,59.8739,523,31557,0.0326058,0.59,1,755400,754877,523
61376361,40.7779,68.9496,476,31624,0.0430423,0.45,1,755428,754952,476
61379281,29.5112,47.9798,464,31691,0.0472169,0.33,1,755450,754986,464
61382201,22.6045,35.3919,455,31758,0.0608868,0.35,1,755468,755013,455
61385121,20.4418,26.7568,453,31825,0.0663547,0.23,1,755487,755034,453
61388041,60.9767,25.1027,517,31891,0.0805419,0.11,1,755575,755058,517
61390961,47.1907,65.8411,462,31957,0.0502167,0.03,1,755613,755151,462
61393881,39.2763,50.3364,456,32023,0.0380867,0.07,1,755647,755191,456
61396801,48.1105,38.1346,480,32089,0.0932347,0.05,1,755701,755221,480
61402641,59.7777,53.8615,486,32221,0.215318,0.01,1,755822,755336,486
61405561,42.5111,59.9446,453,32287,0.224127,0.05,1,755853,755400,453
61408481,27.8044,40.7778,443,32353,0.227651,0.05,1,755871,755428,443
61411401,23.7218,29.5111,442,32418,0.21706,0.07,1,755892,755450,442
61414321,19.6887,22.6045,441,32483,0.200824,0.07,1,755909,755468,441
61423081,38.3641,47.1907,456,32678,0.0812527,0.03,1,756069,755613,456
61426001,49.5456,39.2763,479,32743,0.0625011,0.13,1,756126,755647,479
61428921,21.0183,48.1105,427,32808,0.0550004,0.21,1,756128,755701,427
61431841,45.6073,53.4442,432,32872,0.0880002,0.25,1,756190,755758,432
61452281,46.9217,47.9102,429,33320,0.201736,0.03,1,756466,756037,429
61455201,34.9687,38.3641,424,33383,0.230694,0.05,1,756493,756069,424
61458121,48.1875,49.5456,424,33446,0.266278,0.05,1,756550,756126,424
61461041,20.475,21.0183,424,33509,0.256511,0.11,1,756552,756128,424
61545721,65.8574,19.17,545,35293,0.756949,0.63,2,757753,757208,545
61548641,49.1429,64.668,488,35353,0.76478,0.59,2,757791,757303,488
61551561,37.6572,48.6672,480,35413,0.791912,0.59,2,757821,757341,480
61572001,25.3507,29.6464,458,35828,0.904722,0.73,2,758078,757620,458
61729681,38.9752,42.3192,493,38886,0.75776,1,2,760203,759710,493
61764721,37.4329,41.9381,459,39533,0.770473,0.69,2,760625,760166,459
61767641,34.7732,38.9752,455,39586,0.794189,0.71,2,760658,760203,455
61770561,34.9093,34.7901,458,39639,0.767676,0.73,2,760693,760235,458
61773481,34.9637,35.516,457,39692,0.76907,0.67,2,760728,760271,457
61776401,37.3855,35.8064,460,39745,0.781628,0.65,2,760767,760307,460
61805601,35.0607,36.3716,492,40274,0.915875,0.81,2,761117,760625,492
61808521,34.4243,34.3486,493,40326,0.94835,0.75,2,761151,760658,493
61993941,322.767,344.326,474,18980,0.42877,0.84,1,763398,762924,474
61996861,175.907,172.53,494,19818,0.201508,0.65,1,763476,762982,494
62011461,48.9526,62.5549,440,20347,0.0818874,0.05,1,763815,763375,440
62014381,69.9811,38.8219,501,20451,0.062755,0.05,1,763899,763398,501
62017301,58.5924,62.3288,474,20555,0.079102,0.05,1,763950,763476,474
62034821,58.5158,69.5158,425,21167,0.217747,0.09,1,764324,763899,425
62037741,55.2063,58.4063,427,21267,0.213099,0.13,1,764377,763950,427
62040661,106.683,107.363,428,21367,0.259239,0.15,1,764518,764090,428
62043581,75.073,74.745,429,21466,0.265696,0.15,1,764572,764143,429
62046501,65.4292,65.298,429,21565,0.292278,0.21,1,764631,764202,429
62058181,56.2846,55.206,433,21955,0.429834,0.29,1,764810,764377,433
62101981,114.144,57.2883,600,23362,0.78998,0.61,2,765852,765252,600
62113661,21.8725,51.3722,455,23723,0.91144,0.69,2,766011,765556,455
62116581,62.149,21.7489,542,23812,0.934576,0.69,2,766100,765558,542
62195421,93.9152,34.4937,614,26108,0.940432,1,2,767739,767125,614
62204181,49.2826,62.6396,511,26351,0.915308,1,2,767889,767378,511
62207101,37.113,49.0558,500,26431,0.936123,1,2,767918,767418,500
62210021,61.6452,34.6223,553,26511,0.908449,0.98,2,767996,767443,553
62212941,59.4581,60.0489,534,26591,0.93338,1,2,768054,767520,534
62326821,77.6632,88.3527,536,29536,0.91,1,2,770165,769629,536
62329741,61.0653,72.5411,524,29608,0.946,1,2,770215,769691,524
62347261,36.6095,49.4873,481,30034,0.751267,1,2,770422,769941,481
62399821,29.0502,27.5671,452,31277,0.752683,0.55,2,771277,770825,452
62402741,16.4201,11.0268,460,31345,0.751073,0.61,2,771285,770825,460
62405661,34.768,9.21074,499,31413,0.774429,0.61,2,771332,770833,499
62408581,39.1072,31.8843,494,31480,0.759772,0.67,2,771374,770880,494
62414421,71.4172,73.7415,523,31614,0.799563,0.73,2,771542,771019,523
62417341,58.5669,70.2966,505,31681,0.793825,0.71,2,771592,771087,505
62420261,50.4267,57.5186,501,31748,0.79153,0.71,2,771637,771136,501
62423181,43.5707,50.0075,495,31815,0.778612,0.73,2,771676,771181,495
62426101,39.0283,42.803,493,31881,0.797445,0.73,2,771712,771219,493
62431941,16.8045,29.0485,467,32013,0.783991,0.75,2,771744,771277,467
62434861,35.5218,16.4194,507,32079,0.787596,0.79,2,771792,771285,507
62443621,71.1054,75.0428,529,32277,0.908406,0.79,2,772002,771473,529
62446541,59.0422,71.4171,511,32343,0.945362,0.79,2,772053,771542,511
62560421,33.8081,31.6637,517,34801,0.935755,1,2,773705,773188,517
62563341,32.1232,30.0655,519,34862,0.920302,1,2,773736,773217,519
62580861,41.9394,57.9163,511,35224,0.296698,0.97,1,774045,773534,511
62583781,38.9758,43.5665,514,35284,0.292679,1,1,774082,773568,514
62586701,37.1903,39.6266,513,35344,0.291072,1,1,774118,773605,513
62589621,27.4761,38.0506,497,35404,0.278429,0.81,1,774139,773642,497
62592541,29.5904,32.0203,500,35464,0.249371,0.97,1,774170,773670,500
62595461,28.6362,33.8081,493,35524,0.285749,0.91,1,774198,773705,493
62610061,46.1832,51.3712,448,35820,0.413835,0.27,1,774396,773948,448
62612981,50.8733,61.3485,434,35879,0.423534,0.25,1,774450,774016,434
62615901,38.9493,41.9394,436,35938,0.415414,0.29,1,774481,774045,436
62618821,38.3797,38.9758,437,35997,0.424165,0.29,1,774519,774082,437
62648021,50.8776,50.8733,441,36580,0.760312,0.41,2,774891,774450,441
62650941,41.351,38.9493,445,36638,0.778125,0.43,2,774926,774481,445
62653861,38.7404,38.3797,444,36696,0.79725,0.53,2,774963,774519,444
62656781,36.4962,35.1519,446,36754,0.7929,0.51,2,774998,774552,446
62659701,26.5985,26.6608,445,36811,0.79116,0.51,2,775018,774573,445
62662621,30.4394,29.2643,447,36868,0.778464,0.61,2,775051,774604,447
62671381,42.2921,40.9689,451,37039,0.769102,0.59,2,775160,774709,451
62674301,18.1168,17.5876,451,37096,0.793641,0.69,2,775162,774711,451
62700581,31.1741,30.3812,491,37606,0.910723,0.73,2,775542,775051,491
62703501,25.6696,32.5525,479,37662,0.934289,0.73,2,775564,775085,479
62706421,44.4679,26.221,514,37718,0.919716,0.79,2,775621,775107,514
62709341,18.9871,42.2884,463,37774,0.913886,0.81,2,775623,775160,463
62712261,62.7949,18.1154,553,37830,0.935555,0.85,2,775715,775162,553
62715181,51.5179,61.2461,507,37886,0.944222,0.87,2,775759,775252,507
62718101,53.6072,50.2985,519,37942,0.947689,0.85,2,775814,775295,519
62886001,171.952,172.965,497,18366,0.286,0.71,1,777978,777481,497
62888921,133.581,120.786,519,18482,0.2044,0.51,1,778086,777567,519
62897681,62.5972,90.4823,433,18824,0.229802,0.15,1,778310,777877,433
62900601,43.0389,49.9929,440,18937,0.265921,0.15,1,778340,777900,440
62909361,97.5065,98.4075,430,19271,0.433419,0.21,1,778619,778189,430
62941481,89.9789,57.6676,561,20448,0.784664,0.57,2,779404,778843,561
62950241,66.1186,89.9227,503,20758,0.924059,0.71,2,779648,779145,503
62953161,46.8475,64.1691,490,20860,0.939623,0.73,2,779682,779192,490
62956081,61.339,44.8676,529,20962,0.933849,0.77,2,779753,779224,529
62959001,25.7356,59.9471,461,21063,0.93154,0.81,2,779755,779294,461
63032001,77.5112,90.7658,534,23450,0.767263,1,2,781543,781009,534
63049521,74.9611,86.1952,541,23987,0.271188,0.71,1,781928,781387,541
63052441,31.1845,84.2781,460,24075,0.258475,0.73,1,781930,781470,460
63061201,55.2518,64.4818,445,24338,0.282222,0.41,1,782094,781649,445
63075801,30.4429,31.1845,434,24770,0.409287,0.33,1,782364,781930,434
63116681,81.4104,68.7167,538,25942,0.789418,0.65,2,783183,782645,538
63125441,59.4983,30.9899,531,26186,0.914283,0.65,2,783336,782805,531
63128361,39.3993,59.1959,479,26267,0.923713,0.65,2,783362,782883,479
63274361,88.4578,96.0999,480,30032,0.283158,1,1,786050,785570,480
63280201,47.3932,46.936,490,30172,0.0633053,1,1,786136,785646,490
63283121,48.3573,48.1744,490,30242,0.0433221,1,1,786185,785695,490
63286041,41.5429,42.0698,489,30312,0.0173289,1,1,786222,785733,489
63288961,34.6172,43.8279,474,30382,0.0369315,0.94,1,786252,785778,474
63291881,31.2469,33.1312,477,30452,0.0327726,1,1,786281,785804,477
63294801,30.4987,36.6525,468,30521,0.067109,0.83,1,786311,785843,468
63297721,24.7995,33.861,457,30590,0.0448436,0.51,1,786332,785875,457
63300641,38.7198,50.1444,444,30659,0.0239374,0.03,1,786380,785936,444
63303561,70.6879,88.4578,422,30728,0.027575,0.05,1,786472,786050,422
63306481,59.4752,65.9831,423,30797,0.04103,0.01,1,786524,786101,423
63309401,44.7901,47.3932,423,30866,0.022412,0.03,1,786559,786136,423
63312321,47.316,48.3573,423,30935,0.0269648,0,1,786608,786185,423
63315241,41.1264,41.5429,423,31003,0.0407859,0.05,1,786645,786222,423
63318161,34.4506,34.6172,423,31071,0.0823144,0.03,1,786675,786252,423
63321081,31.7802,31.2469,424,31139,0.0389257,0.09,1,786705,786281,424
63324001,31.3121,30.4987,425,31207,0.0695703,0.03,1,786736,786311,425
63326921,23.9248,24.7995,423,31275,0.0698281,0.01,1,786755,786332,423
63329841,38.3699,38.7198,423,31343,0.0699312,0.01,1,786803,786380,423
63335681,58.9392,61.3952,473,31478,0.069989,0.05,1,786945,786472,473
63338601,44.5757,55.7581,456,31545,0.0459956,0.01,1,786980,786524,456
63341521,47.2303,43.3032,470,31612,0.0243982,0.03,1,787029,786559,470
63344441,41.0921,46.7213,458,31679,0.0637593,0.05,1,787066,786608,458
63347361,34.4368,40.8885,451,31746,0.0315037,0.11,1,787096,786645,451
63350281,32.3747,34.3554,452,31813,0.0426015,0.01,1,787127,786675,452
63353201,32.1499,31.7422,454,31880,0.0470406,0.09,1,787159,786705,454
63356121,23.66,31.2969,441,31946,0.0728162,0.07,1,787177,786736,441
63359041,40.064,23.9187,473,32012,0.0591265,0.07,1,787228,786755,473
63361961,70.0256,38.3675,515,32078,0.0896506,0.17,1,787318,786803,515
63364881,56.8102,69.347,473,32144,0.0658602,0.03,1,787366,786893,473
63367801,43.7241,58.9388,456,32210,0.0323441,0.03,1,787401,786945,456
63370721,47.4896,44.5755,471,32276,0.0429376,0.01,1,787451,786980,471
63373641,40.5959,47.2302,458,32342,0.0471751,0.09,1,787487,787029,458
63376561,34.2383,41.0921,451,32407,0.04887,0.01,1,787517,787066,451
63379481,32.8953,34.4368,453,32472,0.049548,0.05,1,787549,787096,453
63382401,33.5581,32.3747,456,32537,0.0498192,0.05,1,787583,787127,456
63385321,25.4233,32.1499,444,32602,0.0499277,0.09,1,787603,787159,444
63388241,38.9693,23.66,474,32667,0.0739711,0.05,1,787651,787177,474
63391161,71.3877,40.064,516,32732,0.0835884,0.11,1,787744,787228,516
63394081,29.7551,70.0256,428,32797,0.0874354,0.05,1,787746,787318,428
63399921,35.8408,43.7241,422,32925,0.0463897,0.05,1,787823,787401,422
63402841,44.9363,47.4896,423,32989,0.0245559,0.05,1,787874,787451,423
63405761,40.1745,40.5959,424,33053,0.0158223,0.05,1,787911,787487,424
63408681,34.6698,34.2383,425,33117,0.0243289,0.05,1,787942,787517,425
63411601,31.8679,32.8953,423,33181,0.0277316,0.05,1,787972,787549,423
63414521,34.3472,33.5581,425,33245,0.0410926,0.05,1,788008,787583,425
63417441,26.3389,25.4233,426,33309,0.0584371,0.09,1,788029,787603,426
63420361,39.3355,38.9693,426,33372,0.0893748,0.09,1,788077,787651,426
63434961,43.7554,44.9363,422,33687,0.065264,0.01,1,788296,787874,422
63437881,39.7022,40.1745,422,33750,0.0561056,0.03,1,788333,787911,422
63440801,34.4809,34.6698,422,33813,0.0404422,0.03,1,788364,787942,422
63443721,31.7923,31.8679,422,33876,0.0341769,0.05,1,788394,787972,422
63446641,34.3169,34.3472,422,33938,0.0676708,0.07,1,788430,788008,422
63449561,27.5268,26.3389,424,34000,0.0450683,0.11,1,788453,788029,424
63452481,40.4107,39.3355,425,34062,0.0720273,0.13,1,788502,788077,425
63455401,73.1643,72.1342,426,34124,0.0948109,0.13,1,788597,788171,426
63470001,38.1959,40.1822,458,34434,0.0750349,0.05,1,788754,788296,458
63472921,33.8784,38.2729,452,34495,0.0840139,0.03,1,788785,788333,452
63475841,31.5513,33.9091,451,34556,0.0516056,0.03,1,788815,788364,451
63478761,35.4205,31.5637,459,34617,0.0626422,0.09,1,788853,788394,459
63481681,26.7682,34.2255,444,34678,0.0550569,0.03,1,788874,788430,444
63484601,41.9073,27.4902,473,34739,0.0520228,0.09,1,788926,788453,473
63505041,33.6669,38.1959,454,35163,0.215004,0.09,1,789208,788754,454
63507961,30.2667,33.8783,451,35223,0.224002,0.03,1,789236,788785,451
63519641,77.9492,41.9073,525,35463,0.228982,0.15,1,789451,788926,525
63522561,32.3797,74.9629,430,35523,0.241593,0.15,1,789453,789023,430
63525481,40.5519,31.1852,474,35583,0.246637,0.13,1,789499,789025,474
63528401,34.8207,40.6741,458,35642,0.248655,0.13,1,789530,789072,458
63531321,15.1283,33.6696,431,35701,0.249462,0.19,1,789532,789101,431
63534241,28.2513,35.6679,431,35760,0.249785,0.21,1,789569,789138,431
63537161,35.3005,37.6671,432,35819,0.249914,0.23,1,789609,789177,432
63540081,33.3202,33.6669,433,35878,0.261966,0.23,1,789641,789208,433
63543001,28.9281,30.2667,431,35937,0.278786,0.17,1,789667,789236,431
63545921,35.5712,36.7067,430,35996,0.297514,0.17,1,789707,789277,430
63551761,42.5314,41.8731,432,36114,0.288802,0.25,1,789781,789349,432
63557601,32.965,32.3797,434,36231,0.299408,0.25,1,789887,789453,434
63560521,40.786,40.5519,434,36289,0.293763,0.25,1,789933,789499,434
63572201,35.3065,35.3005,434,36521,0.412784,0.27,1,790043,789609,434
63575121,34.5226,33.3202,436,36579,0.423114,0.29,1,790077,789641,436
63578041,29.409,28.9281,436,36637,0.439245,0.31,1,790103,789667,436
63630601,42.0876,33.0798,493,37661,0.782232,0.57,2,790816,790323,493
63633521,36.635,40.8319,480,37717,0.798893,0.59,2,790849,790369,480
63639361,32.1416,15.4131,491,37829,0.796223,0.61,2,790894,790403,491
63651041,39.1076,31.0426,496,38053,0.922255,0.67,2,791042,790546,496
63653961,27.643,37.617,474,38109,0.938902,0.67,2,791062,790588,474
63820401,29.1027,33.9307,529,41148,0.9472,1,2,793225,792696,529
63837921,26.0548,31.5629,509,41454,0.938338,1,2,793393,792884,509
63840841,29.0219,24.0251,521,41505,0.909335,1,2,793424,792903,521
63849601,41.3614,46.5136,491,41658,0.908037,1,2,793516,793025,491
63928441,16.4515,18.2054,459,43004,0.902933,0.83,2,794385,793926,459
63931361,38.9806,7.28216,513,43053,0.907173,0.81,2,794439,793926,513
63934281,82.1922,34.1129,572,43102,0.932869,0.81,2,794550,793978,572
64112401,36.1853,16.3317,524,45993,0.772816,1,2,796559,796035,524
64127001,29.9558,25.2156,537,46223,0.231277,1,1,796708,796171,537
64178101,157.433,179.714,429,21270,0.0670043,0,1,797239,796810,429
64181021,131.373,83.8858,523,21370,0.0448017,0.03,1,797353,796830,523
64183941,87.3493,113.954,447,21469,0.0239207,0.01,1,797411,796964,447
64186861,82.9397,89.9817,453,21568,0.0155683,0.07,1,797491,797038,453
64189781,73.3759,65.9927,470,21666,0.0482273,0.09,1,797558,797088,470
64192701,37.7504,53.3971,439,21764,0.0732909,0.09,1,797572,797133,439
64198541,53.5601,62.4235,423,21958,0.0777265,0.03,1,797662,797239,423
64201461,89.224,93.3694,422,22055,0.0490906,0.01,1,797775,797353,422
64204381,71.6896,72.1478,424,22151,0.0256362,0.01,1,797835,797411,424
64207301,76.6758,76.8591,424,22247,0.0162545,0.07,1,797915,797491,424
64210221,71.4703,70.9436,425,22342,0.0245018,0.09,1,797983,797558,425
64213141,37.5881,36.7775,426,22437,0.0158007,0.15,1,797998,797572,426
64216061,24.0353,25.511,423,22532,0.0363203,0.15,1,798013,797590,423
64218981,51.6141,10.2044,493,22626,0.0325281,0.05,1,798083,797590,493
64221901,88.4456,47.2818,534,22720,0.0190112,0.03,1,798196,797662,534
64224821,71.9783,86.7127,482,22813,0.0136045,0.01,1,798257,797775,482
64227741,76.1913,70.6851,501,22906,0.0474418,0.01,1,798336,797835,501
64230661,71.8765,76.274,490,22999,0.0849767,0.03,1,798405,797915,490
64239421,51.8801,24.0095,493,23274,0.0503185,0.03,1,798506,798013,493
64242341,87.952,51.6038,535,23365,0.0261274,0.01,1,798618,798083,535
64245261,71.7808,88.4415,483,23456,0.016451,0.01,1,798679,798196,483
64248181,77.3123,71.9766,503,23546,0.0245804,0.07,1,798760,798257,503
64251101,73.5249,76.1906,495,23636,0.0518322,0.11,1,798831,798336,495
64254021,38.41,71.8763,441,23726,0.0747329,0.13,1,798846,798405,441
64256941,25.564,37.7505,443,23815,0.0718931,0.11,1,798863,798420,443
64259861,49.2256,24.7002,492,23904,0.0587573,0.01,1,798928,798436,492
64262781,20.8902,51.8801,424,23993,0.0655029,0.01,1,798930,798506,424
64265701,74.9561,87.952,423,24081,0.0322012,0.01,1,799041,798618,423
64268621,66.5824,71.7808,423,24169,0.0428805,0.03,1,799102,798679,423
64271541,75.233,77.3123,423,24257,0.0231522,0.07,1,799183,798760,423
64274461,73.8932,73.5249,425,24344,0.0872609,0.09,1,799256,798831,425
64277381,39.1573,38.41,426,24431,0.0889044,0.07,1,799272,798846,426
64300741,40.6389,39.1573,427,25117,0.219637,0.15,1,799699,799272,427
64303661,25.8556,25.2629,427,25201,0.237855,0.15,1,799715,799288,427
64306581,49.3422,47.9052,429,25285,0.233142,0.15,1,799780,799351,429
64309501,20.9369,20.3621,429,25369,0.231257,0.23,1,799782,799353,429
64312421,75.5748,74.1448,431,25453,0.230503,0.23,1,799894,799463,431
64315341,65.0299,29.6579,489,25536,0.242201,0.17,1,799952,799463,489
64318261,74.012,49.0632,507,25619,0.27088,0.13,1,800032,799525,507
64329941,50.6771,25.4,498,25948,0.402695,0.23,1,800213,799715,498
64332861,21.4708,49.16,435,26030,0.419078,0.23,1,800215,799780,435
64335781,75.7883,20.864,545,26111,0.425631,0.23,1,800327,799782,545
64338701,65.1153,75.5456,491,26192,0.440252,0.25,1,800385,799894,491
64385421,77.5646,76.0968,448,27457,0.791843,0.55,2,801217,800769,448
64391261,77.8103,76.1355,451,27611,0.903095,0.59,2,801362,800911,451
64394181,32.3241,31.6542,451,27688,0.919238,0.67,2,801364,800913,451
64397101,66.9297,64.2617,455,27764,0.937695,0.67,2,801454,800999,455
64400021,36.3719,35.3047,455,27840,0.945078,0.69,2,801470,801015,455
64402941,24.1487,24.3219,454,27916,0.948031,0.71,2,801486,801032,454
64405861,51.0595,50.5287,455,27992,0.949212,0.71,2,801555,801100,455
64408781,21.6238,21.4115,455,28068,0.949685,0.85,2,801557,801102,455
64537261,40.254,39.256,493,31212,0.434952,1,1,803864,803371,493
64548941,30.9249,27.3186,512,31482,0.283727,0.96,1,803975,803463,512
64551861,59.17,37.3274,546,31549,0.215491,0.78,1,804053,803507,546
64554781,56.668,62.331,522,31616,0.200196,0.79,1,804108,803586,522
64575221,21.9693,28.2798,456,32081,0.206375,0.31,1,804375,803919,456
64581061,54.8751,30.9248,506,32213,0.22382,0.17,1,804481,803975,506
64583981,55.55,59.1699,484,32279,0.239528,0.19,1,804537,804053,484
64586901,76.82,56.668,520,32345,0.257811,0.19,1,804628,804108,520
64589821,51.128,76.6672,464,32410,0.277124,0.19,1,804662,804198,464
64592741,39.6512,51.0669,462,32475,0.28485,0.13,1,804694,804232,462
64595661,38.6605,41.4267,465,32540,0.28794,0.19,1,804732,804267,465
64613181,53.773,54.8751,434,32928,0.421174,0.25,1,804915,804481,434
64616101,55.7092,55.55,435,32992,0.438469,0.27,1,804972,804537,435
64654061,54.0688,51.7535,447,33816,0.755664,0.51,2,805545,805098,447
64659901,40.331,39.3606,448,33941,0.794106,0.55,2,805617,805169,448
64683261,80.7827,53.404,552,34437,0.915164,0.77,2,805966,805414,552
64814661,40.1892,35.3376,500,37098,0.928,1,2,807743,807243,500
64820501,67.5103,17.654,577,37212,0.93448,1,2,807870,807293,577
64829261,42.9847,37.5859,519,37383,0.761807,1,2,807981,807462,519
64852621,35.345,40.1881,509,37832,0.43141,1,1,808252,807743,509
64864301,39.1656,36.9616,504,38056,0.408148,0.71,1,808438,807934,504
64870141,28.5865,35.7939,480,38167,0.400104,0.61,1,808492,808012,480
64873061,25.2346,32.3175,473,38222,0.406042,0.57,1,808515,808042,473
64875981,24.4938,29.127,470,38277,0.432417,0.49,1,808539,808069,470
64878901,21.7975,27.8508,463,38332,0.418967,0.41,1,808559,808096,463
64884741,37.8076,53.6561,470,38442,0.430635,0.47,1,808660,808190,470
64934381,18.8232,18.5839,447,39366,0.769767,0.55,2,809253,808806,447
64937301,26.7293,25.4335,449,39420,0.781907,0.57,2,809285,808836,449
64960661,38.9145,38.1575,453,39846,0.904369,0.67,2,809557,809104,453
64963581,38.3658,36.863,455,39899,0.931747,0.77,2,809595,809140,455
64966501,65.1463,62.1452,459,39952,0.942699,0.75,2,809678,809219,459
64969421,45.8585,44.0581,460,40005,0.93508,0.79,2,809711,809251,460
64972341,19.5434,18.8232,460,40058,0.932032,0.79,2,809713,809253,460
64975261,27.0174,7.52929,492,40111,0.930813,0.79,2,809745,809253,492
64978181,37.2069,22.2117,504,40164,0.942325,0.83,2,809789,809285,504
64981101,32.2828,35.2847,489,40217,0.93493,0.83,2,809818,809329,489
64984021,28.5131,31.5139,486,40270,0.943972,0.83,2,809844,809358,486
64986941,24.6052,28.2055,482,40322,0.947589,0.83,2,809866,809384,482
65153381,32.8452,31.237,527,43203,0.93208,1,2,811882,811355,527
65159221,31.0552,40.3979,520,43301,0.933933,1,2,811946,811426,520
65188421,25.921,30.2065,503,43786,0.943414,1,2,812294,811791,503
65191341,22.9684,31.2826,492,43834,0.929365,1,2,812315,811823,492
65194261,33.1874,25.113,511,43882,0.941746,0.89,2,812355,811844,511
65422021,137.56,139.677,480,21370,0.257557,0.55,1,815009,814529,480
65424941,95.2242,90.6706,489,21469,0.205023,0.25,1,815076,814587,489
65427861,74.0897,93.2683,454,21568,0.220009,0.19,1,815136,814682,454
65430781,79.4359,62.5073,495,21666,0.262004,0.15,1,815219,814724,495
65433701,44.3743,74.8029,433,21764,0.290801,0.09,1,815240,814807,433
65436621,33.3497,38.9212,444,21861,0.278321,0.23,1,815266,814822,444
65445381,78.1664,78.931,433,22151,0.400613,0.23,1,815509,815076,433
65448301,67.8666,67.5724,434,22247,0.418245,0.29,1,815570,815136,434
65486261,80.9539,95.5761,518,23456,0.765751,0.57,2,816399,815881,518
65506701,89.5019,97.3849,460,24081,0.904871,0.79,2,816789,816329,460
65611821,52.9265,79.4559,472,27068,0.767632,1,2,818896,818424,472
65638101,45.6823,52.9265,454,27764,0.402907,0.61,1,819350,818896,454
65643941,40.6692,44.7082,448,27916,0.404065,0.53,1,819429,818981,448
65649781,32.5471,33.9133,445,28068,0.40425,0.31,1,819491,819046,445
65652701,84.4188,87.9653,440,28143,0.4437,0.37,1,819610,819170,440
65658541,61.867,63.5145,437,28293,0.446592,0.37,1,819717,819280,437
65661461,36.7468,36.2058,439,28368,0.448637,0.37,1,819737,819298,439
65696501,43.0365,41.3986,491,29251,0.75579,0.57,2,820319,819828,491
65699421,35.2146,41.7594,479,29323,0.788316,0.57,2,820349,819870,479
65716941,48.74,35.6949,511,29753,0.927742,0.67,2,820689,820178,511
65728621,32.3277,35.2146,462,30037,0.934118,0.81,2,820811,820349,462
65731541,33.3311,34.4858,462,30107,0.943647,0.85,2,820845,820383,462
65839581,34.8306,41.9158,504,32605,0.930928,1,2,822653,822149,504
65842501,34.3323,31.7663,513,32670,0.942371,1,2,822687,822174,513
65848341,34.6532,30.5226,521,32800,0.936779,1,2,822756,822235,521
65854181,54.1445,79.7636,473,32928,0.755885,1,2,822852,822379,473
65927181,48.3152,49.1982,498,34498,0.765613,0.59,2,823922,823424,498
65941781,30.32,34.5435,479,34803,0.798621,0.65,2,824093,823614,479
65959301,51.632,50.288,508,35166,0.934561,0.81,2,824383,823875,508
66076101,34.5611,31.7944,514,37496,0.431025,1,1,825957,825443,514
66079021,24.6244,34.3178,496,37552,0.40641,1,1,825975,825479,496
66084861,31.6599,32.9708,500,37664,0.289426,1,1,826041,825541,500
66090701,40.4656,49.1953,505,37776,0.0811081,1,1,826136,825631,505
66093621,49.7862,40.6781,526,37832,0.0744432,0.95,1,826192,825666,526
66096541,37.3145,50.4713,498,37888,0.0597773,0.79,1,826221,825723,498
66099461,42.5258,39.3885,512,37944,0.0299109,0.79,1,826267,825755,512
66102381,42.8103,46.3554,504,38000,0.0659644,0.61,1,826310,825806,504
66134501,42.8369,37.3145,469,38607,0.0913453,0.01,1,826690,826221,469
66137421,18.3348,42.5258,425,38662,0.0785381,0.09,1,826692,826267,425
66140341,33.1339,42.8103,425,38717,0.0854153,0.13,1,826735,826310,425
66143261,33.6536,35.7241,428,38772,0.0761661,0.15,1,826769,826341,428
66163701,36.9326,38.952,427,39150,0.224721,0.15,1,826987,826560,427
66166621,47.173,47.9808,427,39204,0.251889,0.11,1,827041,826614,427
66169541,37.4692,36.5923,429,39258,0.262755,0.07,1,827072,826643,429
66172461,40.7877,42.8369,425,39312,0.279102,0.07,1,827115,826690,425
66201661,37.9212,36.9326,432,39846,0.400854,0.27,1,827419,826987,432
66204581,49.9685,47.173,436,39899,0.418342,0.27,1,827477,827041,436
66207501,37.9874,37.4692,435,39952,0.425337,0.29,1,827507,827072,435
66210421,41.595,40.7877,436,40005,0.440135,0.33,1,827551,827115,436
66213341,17.838,17.5151,436,40058,0.422054,0.33,1,827553,827117,436
66216261,32.9352,7.00603,479,40111,0.438822,0.33,1,827596,827117,479
66219181,34.1741,28.0024,472,40164,0.433529,0.37,1,827631,827159,472
66222101,29.2696,32.201,463,40217,0.443411,0.35,1,827657,827194,463
66277581,40.304,43.4757,486,41202,0.761072,0.59,2,828310,827824,486
66280501,50.3216,38.9903,507,41253,0.766429,0.59,2,828367,827860,507
66283421,38.7286,49.7961,481,41304,0.756571,0.61,2,828398,827917,481
66286341,43.0915,37.9184,497,41355,0.788629,0.63,2,828444,827947,497
66312621,32.6675,30.65,459,41814,0.90296,0.73,2,828677,828218,459
66315541,46.067,45.26,459,41864,0.931184,0.79,2,828732,828273,459
66519941,175.923,178.271,492,20544,0.202,0.59,1,831131,830639,492
66531621,68.9964,68.7349,458,20954,0.0845152,0.01,1,831435,830977,458
66534541,36.5986,51.494,433,21055,0.0638061,0.01,1,831450,831017,433
66537461,28.4394,37.3976,428,21156,0.0555224,0.07,1,831473,831045,428
66540381,61.1758,66.559,425,21256,0.028209,0.11,1,831556,831131,425
66543301,101.87,102.824,427,21356,0.0412836,0.17,1,831685,831258,427
66546221,76.1481,74.7294,430,21455,0.0705134,0.07,1,831744,831314,430
66549141,60.4592,60.4918,429,21554,0.0942054,0.07,1,831794,831365,429
66552061,62.5837,66.1967,423,21652,0.0796821,0.05,1,831858,831435,423
66554981,34.0335,35.4787,423,21750,0.0618729,0.05,1,831873,831450,423
66557901,28.0134,27.9915,424,21848,0.0547491,0.01,1,831897,831473,424
66560821,59.8054,60.9966,422,21945,0.0278997,0.05,1,831978,831556,422
66563741,101.322,101.799,422,22042,0.0651599,0.09,1,832107,831685,422
66581261,59.0119,11.2051,502,22613,0.0654413,0.01,1,832399,831897,502
66584181,102.205,53.082,552,22707,0.0681765,0.09,1,832530,831978,552
66587101,79.2819,98.6328,487,22800,0.0812706,0.15,1,832594,832107,487
66590021,62.9128,76.0531,478,22893,0.0865082,0.13,1,832646,832168,478
66601701,57.4346,27.5022,502,23261,0.224407,0.03,1,832821,832319,502
66604621,102.774,59.0009,555,23352,0.251763,0.07,1,832954,832399,555
66616301,34.455,61.1648,443,23713,0.401725,0.15,1,833149,832706,443
66619221,28.182,33.4659,452,23802,0.41869,0.17,1,833173,832721,452
66622141,60.4728,26.5864,512,23891,0.449476,0.27,1,833255,832743,512
66660101,60.3322,58.6589,453,25019,0.767093,0.63,2,834028,833575,453
66665941,27.8931,28.2254,452,25188,0.795935,0.69,2,834068,833616,452
66776901,48.7839,49.2893,497,28207,0.934,1,2,836275,835778,497
66782741,41.8854,44.9663,483,28357,0.77224,1,2,836366,835883,483
66809021,40.6653,53.6959,494,29022,0.771398,0.73,2,836826,836332,494
66811941,31.2661,41.8783,485,29095,0.794559,0.67,2,836851,836366,485
66814861,28.1064,33.5513,483,29168,0.779824,0.69,2,836877,836394,483
66817781,29.8426,29.0205,488,29241,0.78593,0.71,2,836908,836420,488
66826541,62.0539,101.049,490,29457,0.9131,0.71,2,837158,836668,490
66829461,47.6216,62.0197,492,29529,0.94724,0.71,2,837196,836704,492
66960861,33.6492,32.0148,515,32599,0.92704,1,2,839284,838769,515
67068901,79.7544,32.7165,560,34920,0.775758,0.65,2,840856,840296,560
67077661,37.5283,47.8859,483,35101,0.919649,0.65,2,840971,840488,483
67235341,40.7095,35.1213,524,38218,0.294999,1,1,843102,842578,524
67238261,37.2838,44.0485,509,38273,0.232,1,1,843137,842628,509
67244101,52.5254,82.2878,508,38383,0.0983199,0.99,1,843277,842769,508
67249941,24.9641,41.006,485,38493,0.0721312,0.82,1,843322,842837,485
67252861,23.1856,29.6024,485,38548,0.0588525,0.87,1,843344,842859,485
67279141,76.1178,77.3135,428,39038,0.0906473,0.09,1,843669,843241,428
67282061,49.0471,52.5254,423,39092,0.0782589,0.11,1,843700,843277,423
67284981,38.8189,38.4102,426,39146,0.0613036,0.05,1,843732,843306,426
67287901,23.3275,24.9641,423,39200,0.0665214,0.05,1,843745,843322,423
67290821,23.731,23.1856,425,39254,0.0446086,0.15,1,843769,843344,425
67293741,32.8924,29.6743,430,39308,0.0718434,0.15,1,843808,843378,430
67296661,14.357,13.0697,430,39362,0.0827374,0.17,1,843810,843380,430
67299581,17.7428,18.4279,428,39416,0.0870949,0.17,1,843830,843402,428
67314181,34.1465,34.2946,428,39683,0.203461,0.05,1,843993,843565,428
67322941,38.7854,38.8189,424,39842,0.0660615,0.07,1,844156,843732,424
67325861,22.1141,23.3275,422,39895,0.0684246,0.03,1,844167,843745,422
67328781,23.8457,23.731,423,39948,0.0693698,0.09,1,844192,843769,423
67331701,33.5383,32.8924,424,40001,0.0697479,0.09,1,844232,843808,424
67334621,14.6153,14.357,424,40054,0.0698992,0.09,1,844234,843810,424
67337541,17.8461,17.7428,424,40107,0.0699597,0.09,1,844254,843830,424
67340461,23.3384,7.09711,451,40160,0.0459839,0.11,1,844281,843830,451
67343381,28.5354,17.8388,458,40213,0.0483935,0.15,1,844313,843855,458
67346301,31.2142,26.3355,459,40266,0.0733574,0.17,1,844346,843887,459
67349221,39.4857,29.7342,472,40318,0.071343,0.17,1,844391,843919,472
67352141,34.9943,37.0937,462,40370,0.0465372,0.23,1,844423,843961,462
67355061,71.5977,34.0375,526,40422,0.0726149,0.09,1,844519,843993,526
67357981,47.2391,73.615,457,40474,0.0470459,0.11,1,844550,844093,457
67360901,36.2956,47.446,456,40526,0.0248184,0.03,1,844579,844123,456
67363821,20.5183,38.7784,433,40578,0.0519274,0.07,1,844589,844156,433
67366741,23.2073,22.1114,447,40630,0.0747709,0.07,1,844614,844167,447
67384261,32.2915,28.5354,458,40942,0.201294,0.09,1,844771,844313,458
67387181,38.1166,31.2141,467,40994,0.230518,0.07,1,844813,844346,467
67390101,34.4466,39.4857,454,41045,0.242207,0.03,1,844845,844391,454
67393021,71.9787,34.9943,519,41096,0.294883,0.09,1,844942,844423,519
67410541,15.1153,33.2829,429,41402,0.402555,0.13,1,845083,844654,429
67413461,18.0461,14.5132,447,41453,0.431022,0.13,1,845103,844656,447
67419301,11.0474,23.3221,431,41555,0.439764,0.17,1,845134,844703,431
67477701,49.0389,48.0011,454,42560,0.752246,0.65,2,845865,845411,454
67480621,38.8156,38.4004,454,42610,0.762898,0.65,2,845897,845443,454
67483541,22.1262,21.3602,455,42660,0.779159,0.67,2,845908,845453,455
67486461,24.4505,24.1441,455,42709,0.785664,0.69,2,845934,845479,455
67489381,36.1802,36.6576,454,42758,0.788265,0.69,2,845978,845524,454
67492301,15.6721,15.8631,454,42807,0.789306,0.67,2,845980,845526,454
67495221,18.2688,18.9452,453,42856,0.789722,0.65,2,846000,845547,453
67506901,33.4917,10.5074,491,43052,0.796617,0.71,2,846107,845616,491
67541941,11.7535,25.3073,463,43638,0.905508,0.81,2,846493,846030,463
67544861,26.9014,11.3229,498,43686,0.920203,0.85,2,846530,846032,498
67547781,32.9606,26.7292,498,43734,0.914081,0.77,2,846567,846069,498
67550701,40.7842,33.4917,506,43782,0.935633,0.81,2,846613,846107,506
67744881,97.9892,100.715,445,22055,0.78086,0.49,2,849151,848706,445
67779921,32.3546,44.1989,489,23183,0.924245,0.87,2,849872,849383,489
67873361,44.4262,45.5718,518,25948,0.437642,1,1,851847,851329,518
67882121,68.8433,74.7486,533,26192,0.0752891,1,1,852041,851508,533
67885041,84.5373,58.6994,580,26273,0.0601156,0.81,1,852136,851556,580
67887961,59.6149,87.0798,517,26354,0.0420462,0.85,1,852179,851662,517
67890881,40.646,69.0319,488,26434,0.0228185,0.67,1,852207,851719,488
67893801,42.6584,50.4128,494,26514,0.0751274,0.45,1,852251,851757,494
67896721,35.0634,49.5651,475,26594,0.048051,0.35,1,852281,851806,475
67899641,30.8253,44.426,462,26674,0.0192204,0.23,1,852309,851847,462
67902561,63.3301,38.7704,512,26753,0.0376882,0.03,1,852394,851882,512
67905481,68.5321,70.1082,493,26832,0.0450753,0.03,1,852466,851973,493
67908401,82.6128,68.8433,517,26911,0.0360301,0.05,1,852558,852041,517
67911321,34.2451,84.5373,424,26990,0.032412,0.03,1,852560,852136,424
67914241,38.8981,59.6149,423,27068,0.0789648,0.01,1,852602,852179,423
67917161,32.3592,40.646,423,27146,0.0615859,0.11,1,852630,852207,423
67920081,39.3437,42.6584,423,27224,0.0546344,0.03,1,852674,852251,423
67923001,33.1375,35.0634,422,27302,0.0878537,0,1,852703,852281,422
67925921,32.455,30.8253,426,27380,0.0351415,0.05,1,852735,852309,426
67928841,61.582,63.3301,422,27457,0.0560566,0.05,1,852816,852394,422
67931761,67.8328,68.5321,422,27534,0.0224226,0.03,1,852888,852466,422
67934681,84.1331,82.6128,425,27611,0.0389691,0.03,1,852983,852558,425
67937601,34.8532,34.2451,425,27688,0.0215876,0.11,1,852985,852560,425
67940521,39.1413,38.8981,425,27764,0.086635,0.05,1,853027,852602,425
67955121,61.8216,61.582,423,28143,0.0780231,0,1,853239,852816,423
67958041,67.3286,67.8328,422,28218,0.0312093,0.05,1,853310,852888,422
67960961,83.9315,84.1331,422,28293,0.0184837,0.01,1,853405,852983,422
67963881,34.7726,34.8532,422,28368,0.0133935,0.01,1,853407,852985,422
67966801,40.909,13.9413,467,28443,0.0113574,0.13,1,853452,852985,467
67969721,31.9636,30.7765,451,28517,0.022543,0.15,1,853478,853027,451
67972641,40.3854,27.3106,472,28591,0.0390172,0.13,1,853524,853052,472
67975561,32.3542,39.1242,452,28665,0.0576069,0.09,1,853551,853099,452
67978481,31.5417,31.8497,456,28739,0.0770428,0.13,1,853582,853126,456
67981401,59.4167,31.3399,503,28813,0.0488171,0.05,1,853660,853157,503
67984321,66.3667,61.736,492,28886,0.0255268,0,1,853731,853239,492
67987241,83.5467,67.2944,516,28959,0.0522107,0.01,1,853826,853310,516
67990161,34.6187,83.9178,423,29032,0.0628843,0.01,1,853828,853405,423
67993081,41.4475,34.7671,467,29105,0.0431537,0.01,1,853874,853407,467
67996001,32.179,40.9068,448,29178,0.0352615,0.03,1,853900,853452,448
67998921,41.0716,31.9627,469,29251,0.0441046,0.05,1,853947,853478,469
68001841,33.2286,40.3851,451,29323,0.0716418,0.07,1,853975,853524,451
68004761,34.2915,32.354,459,29395,0.0946567,0.09,1,854010,853551,459
68010601,64.7666,59.4166,492,29539,0.0739451,0.01,1,854152,853660,492
68013521,85.3067,66.3667,520,29611,0.059578,0.07,1,854251,853731,520
68016441,35.3227,83.5467,427,29682,0.0538312,0.07,1,854253,853826,427
68019361,39.9291,34.6187,468,29753,0.0635325,0.03,1,854296,853828,468
68022281,32.1716,41.4475,449,29824,0.079413,0.03,1,854323,853874,449
68025201,14.0686,32.179,425,29895,0.0857652,0.05,1,854325,853900,425
68045641,34.9438,35.3227,424,30387,0.0820804,0.07,1,854677,854253,424
68057321,33.9522,33.2275,427,30664,0.209701,0.15,1,854798,854371,427
68060241,33.3809,31.291,430,30733,0.245881,0.21,1,854831,854401,430
68063161,34.9523,34.1164,430,30802,0.260352,0.21,1,854867,854437,430
68066081,59.5809,59.2466,430,30871,0.278141,0.11,1,854943,854513,430
68089441,36.0647,30.5009,467,31415,0.275169,0.27,1,855265,854798,467
68092361,36.0259,32.0003,470,31482,0.272067,0.27,1,855301,854831,470
68095281,60.0104,34.4001,510,31549,0.282827,0.29,1,855377,854867,510
68104041,35.0407,83.7776,439,31750,0.412901,0.37,1,855540,855101,439
68106961,41.6163,34.711,483,31817,0.42316,0.35,1,855586,855103,483
68109881,33.4465,42.0844,464,31883,0.427264,0.31,1,855614,855150,464
68112801,14.5786,33.6338,438,31949,0.440906,0.31,1,855616,855178,438
68156601,59.8982,60.2004,451,32928,0.788014,0.61,2,856263,855812,451
68177041,37.0841,35.9597,456,33375,0.911676,0.69,2,856565,856109,456
68179961,35.2336,34.7839,456,33438,0.934671,0.69,2,856599,856143,456
68182881,15.2935,15.1136,456,33501,0.943868,0.75,2,856601,856145,456
68340561,37.8048,35.1727,491,36756,0.770771,1,2,858955,858464,491
68355161,41.4329,56.3464,474,37041,0.273477,1,1,859111,858637,474
68361001,42.2693,40.2154,494,37155,0.0737563,1,1,859204,858710,494
68363921,69.1077,16.0862,581,37212,0.0475025,0.92,1,859291,858710,581
68366841,42.0431,64.0345,509,37269,0.049001,1,1,859315,858806,509
68369761,36.0172,50.2138,500,37326,0.0256004,1,1,859347,858847,500
68372681,38.4069,40.4855,506,37383,0.0162402,0.75,1,859387,858881,506
68375601,31.5628,38.3942,496,37440,0.0484961,0.72,1,859414,858918,496
68378521,25.2251,37.5577,480,37496,0.0853984,0.65,1,859435,858955,480
68381441,20.29,30.6231,471,37552,0.0641594,0.55,1,859452,858981,471
68384361,20.116,27.8492,465,37608,0.0796637,0.53,1,859472,859007,465
68387281,23.6464,24.9397,468,37664,0.0738655,0.29,1,859498,859030,468
68390201,34.6586,28.5759,479,37720,0.0835462,0.19,1,859540,859061,479
68393121,43.2634,41.4304,478,37776,0.0514185,0.05,1,859589,859111,478
68396041,40.1054,50.1721,460,37832,0.0505674,0.03,1,859627,859167,460
68398961,68.2421,42.2689,510,37888,0.050227,0.03,1,859714,859204,510
68401881,42.8969,69.1075,449,37944,0.0380908,0.05,1,859740,859291,449
68404801,35.7587,42.043,456,38000,0.0692363,0.01,1,859771,859315,456
68410641,32.8414,38.4069,452,38112,0.0962778,0.07,1,859839,859387,452
68416481,20.2546,25.2251,441,38222,0.0886045,0.05,1,859876,859435,441
68434001,68.2437,40.1054,511,38552,0.0626804,0.05,1,860138,859627,511
68436921,41.6975,68.2421,448,38607,0.0670721,0.03,1,860162,859714,448
68439841,17.879,42.8969,424,38662,0.0688289,0.09,1,860164,859740,424
68442761,25.7516,35.7587,424,38717,0.0935315,0.13,1,860195,859771,424
68457361,22.6749,21.3018,428,38988,0.201012,0.11,1,860326,859898,428
68460281,23.47,23.5207,427,39042,0.230405,0.13,1,860350,859923,427
68463201,36.388,35.8083,428,39096,0.278162,0.11,1,860395,859967,428
68466121,42.1552,42.5233,427,39150,0.273265,0.11,1,860441,860014,427
68471961,66.9848,68.2437,425,39258,0.236922,0.07,1,860563,860138,425
68474881,41.7939,41.6975,426,39312,0.244769,0.07,1,860588,860162,426
68477801,17.9176,17.879,426,39366,0.247908,0.11,1,860590,860164,426
68480721,26.967,25.7516,428,39420,0.261163,0.19,1,860623,860195,428
68483641,35.3868,34.3006,429,39474,0.254465,0.19,1,860664,860235,429
68486561,33.3547,32.9203,429,39528,0.275786,0.19,1,860696,860267,429
68489481,24.1419,23.9681,429,39581,0.296314,0.19,1,860714,860285,429
68495321,24.5027,22.6749,432,39687,0.28381,0.25,1,860758,860326,432
68498241,25.4011,23.47,434,39740,0.299524,0.31,1,860784,860350,434
68501161,37.7604,36.388,435,39793,0.28181,0.27,1,860830,860395,435
68504081,42.7042,42.1552,435,39846,0.298724,0.33,1,860876,860441,435
68507001,39.2817,38.4621,436,39899,0.29349,0.19,1,860913,860477,436
68512841,40.9651,41.7939,432,40005,0.295358,0.25,1,861020,860588,432
68515761,17.586,17.9176,432,40058,0.292143,0.25,1,861022,860590,432
68518681,26.8344,7.16703,465,40111,0.254857,0.27,1,861055,860590,465
68521601,35.9338,22.6668,474,40164,0.251943,0.25,1,861097,860623,474
68524521,33.5735,33.6667,465,40217,0.250777,0.29,1,861129,860664,465
68527441,24.8294,32.6667,452,40270,0.274311,0.31,1,861148,860696,452
68530361,19.5318,23.8667,450,40322,0.283724,0.31,1,861164,860714,450
68544961,39.0205,42.7014,472,40582,0.427446,0.29,1,861348,860876,472
68600441,15.8216,36.2373,449,41559,0.773109,0.53,2,861979,861530,449
68623801,40.3814,39.7656,453,41964,0.932021,0.67,2,862244,861791,453
68825281,192.322,187.709,499,20544,0.292048,0.79,1,864602,864103,499
68828201,160.329,159.684,497,20647,0.218819,0.59,1,864741,864244,497
68848641,110.358,115.157,428,21356,0.26082,0.15,1,865169,864741,428
68866161,71.3294,70.2097,431,21945,0.447105,0.31,1,865463,865032,431
68892441,79.1521,111.133,502,22800,0.753693,0.57,2,866106,865604,502
68895361,64.0608,77.4531,501,22893,0.775477,0.57,2,866160,865659,501
68898281,56.8243,62.1812,501,22986,0.796191,0.57,2,866212,865711,501
68912881,81.916,115.377,515,23443,0.910659,0.79,2,866566,866051,515
68915801,65.1664,79.1508,514,23533,0.922263,0.79,2,866620,866106,514
68918721,57.8666,64.0603,513,23623,0.914905,0.81,2,866673,866160,513
68921641,39.9466,56.8241,489,23713,0.923962,0.81,2,866701,866212,489
68924561,22.5786,39.5296,472,23802,0.939585,0.81,2,866712,866240,472
68927481,77.4315,21.8119,576,23891,0.921834,0.91,2,866826,866250,576
68930401,119.773,74.7247,614,23980,0.926734,0.89,2,866974,866360,614
68933321,49.109,119.29,467,24068,0.928693,0.93,2,866976,866509,467
69009241,46.2718,43.2293,533,26260,0.902646,1,2,868518,867985,533
69015081,49.1635,52.7567,516,26421,0.798423,1,2,868608,868092,516
69053041,64.0424,64.3162,452,27445,0.900816,0.57,2,869363,868911,452
69055961,41.217,42.5265,450,27522,0.918327,0.65,2,869389,868939,450
69067641,43.3384,41.6583,456,27829,0.916837,0.79,2,869520,869064,456
69070561,32.9353,31.6633,457,27905,0.924735,0.75,2,869546,869089,457
69254521,40.3614,50.0655,509,32339,0.946,1,2,872779,872270,509
69272041,28.9661,25.2277,508,32729,0.42443,1,1,872964,872456,508
69274961,31.9864,30.4911,508,32794,0.235772,1,1,872998,872490,508
69280801,82.6378,85.7586,485,32922,0.0461235,1,1,873201,872716,485
69283721,48.6551,52.9034,480,32986,0.0244494,0.91,1,873227,872747,480
69286641,32.0621,40.3614,469,33050,0.0397798,0.82,1,873248,872779,469
69289561,27.8248,32.3445,467,33114,0.0339119,0.83,1,873273,872806,467
69292481,27.3299,32.7378,461,33178,0.0555648,0.77,1,873300,872839,461
69295401,31.332,37.0951,455,33242,0.0642259,0.65,1,873334,872879,455
69298321,28.7328,34.0381,450,33306,0.0676904,0.47,1,873361,872911,450
69301241,22.2931,27.4152,445,33370,0.0690762,0.33,1,873379,872934,445
69304161,21.5172,28.9661,436,33433,0.0576305,0.11,1,873400,872964,436
69310001,80.4828,86.5946,423,33559,0.0464209,0.01,1,873544,873121,423
69312921,80.1931,82.6378,423,33622,0.0185683,0.01,1,873624,873201,423
69315841,47.6772,48.6551,423,33685,0.0494273,0.05,1,873650,873227,423
69318761,31.0709,32.0621,422,33748,0.0497709,0.03,1,873670,873248,422
69321681,27.4284,27.8248,422,33811,0.0379084,0.07,1,873695,873273,422
69324601,27.1713,27.3299,422,33874,0.0331634,0.07,1,873722,873300,422
69327521,33.0685,31.332,425,33936,0.0312653,0.07,1,873759,873334,425
69330441,28.8274,28.7328,424,33998,0.0785061,0.07,1,873785,873361,424
69333361,22.931,22.2931,425,34060,0.0614025,0.05,1,873804,873379,425
69336281,21.1724,21.5172,424,34122,0.090561,0.13,1,873824,873400,424
69342121,78.5076,80.4828,422,34246,0.0828898,0.01,1,873966,873544,422
69345041,78.803,32.1931,501,34308,0.0331559,0,1,874045,873544,501
69347961,47.1212,60.8772,447,34370,0.0192624,0.07,1,874071,873624,447
69350881,30.8485,39.9509,441,34432,0.0257049,0.05,1,874091,873650,441
69353801,27.3394,27.9804,446,34493,0.040282,0.03,1,874116,873670,446
69356721,27.1358,26.1921,448,34554,0.0461128,0.03,1,874143,873695,448
69359641,36.0543,26.6769,463,34615,0.0364451,0.03,1,874185,873722,463
69362561,30.0217,32.8707,452,34676,0.0805781,0.11,1,874211,873759,452
69365481,21.6087,28.7483,442,34737,0.0982312,0.05,1,874227,873785,442
69374241,75.711,25.2639,535,34920,0.0794868,0.07,1,874387,873852,535
69377161,78.2844,78.5056,501,34981,0.0317947,0,1,874467,873966,501
69380081,46.9138,78.8022,448,35041,0.0187179,0.01,1,874493,874045,448
69383001,30.1655,47.1209,441,35101,0.0494872,0.03,1,874512,874071,441
69385921,27.0662,30.8484,446,35161,0.0377949,0.05,1,874537,874091,446
69388841,27.6265,27.3393,449,35221,0.0331179,0.05,1,874565,874116,449
69391761,38.0506,27.1357,467,35281,0.0552472,0.03,1,874610,874143,467
69394681,31.4202,36.0543,452,35341,0.0520989,0.11,1,874637,874185,452
69397601,22.7681,30.0217,443,35401,0.0628396,0.11,1,874654,874211,443
69400521,24.1072,21.6087,452,35461,0.0671358,0.15,1,874679,874227,452
69403441,27.0429,22.4435,458,35521,0.0928543,0.17,1,874708,874250,458
69406361,70.8172,25.7774,530,35581,0.0911417,0.03,1,874808,874278,530
69409281,76.9269,75.711,502,35640,0.0364567,0,1,874889,874387,502
69412201,31.9707,78.2844,424,35699,0.0205827,0.01,1,874891,874467,424
69415121,28.3883,46.9138,424,35758,0.0142331,0.07,1,874917,874493,424
69418041,22.1553,30.1655,423,35817,0.0356932,0.03,1,874935,874512,423
69420961,23.2621,27.0662,422,35876,0.0322773,0.03,1,874959,874537,422
69423881,26.7049,27.6265,423,35935,0.0189109,0.07,1,874988,874565,423
69426801,38.8819,38.0506,425,35994,0.0375644,0.05,1,875035,874610,425
69429721,31.1528,31.4202,424,36053,0.0450257,0.07,1,875061,874637,424
69432641,22.0611,22.7681,423,36112,0.0960103,0.07,1,875077,874654,423
69444321,74.8928,76.9269,423,36345,0.0784419,0.01,1,875312,874889,423
69447241,31.1571,31.9707,423,36403,0.0613767,0.01,1,875314,874891,423
69450161,27.4628,28.3883,422,36461,0.0425507,0.05,1,875339,874917,422
69453081,21.7851,22.1553,422,36519,0.0470203,0.03,1,875357,874935,422
69456001,23.1141,23.2621,422,36577,0.0488081,0.01,1,875381,874959,422
69458921,26.6456,26.7049,422,36635,0.0495232,0.05,1,875410,874988,422
69461841,40.0583,38.8819,424,36693,0.0378093,0.05,1,875459,875035,424
69464761,31.6233,31.1528,424,36751,0.0811237,0.13,1,875485,875061,424
69467681,23.4493,22.0611,426,36809,0.0744495,0.11,1,875503,875077,426
69470601,23.7797,23.8244,425,36866,0.0717798,0.11,1,875527,875102,425
69473521,29.3119,29.3298,425,36923,0.0587119,0.13,1,875560,875135,425
69511481,74.7597,29.3011,529,37660,0.27544,0.17,1,876089,875560,529
69529001,25.3662,21.9454,458,37996,0.403981,0.17,1,876260,875802,458
69531921,40.1465,26.1782,479,38052,0.407592,0.17,1,876310,875831,479
69543601,30.1254,23.9982,465,38273,0.40053,0.19,1,876416,875951,465
69604921,21.7336,20.9338,451,39416,0.75954,0.63,2,877153,876702,451
69607841,39.8934,38.3735,453,39470,0.753816,0.63,2,877205,876752,453
69610761,32.7574,32.1494,453,39524,0.775526,0.67,2,877233,876780,453
69613681,23.9029,23.6598,453,39577,0.784211,0.69,2,877251,876798,453
69616601,25.1612,24.4639,454,39630,0.763684,0.65,2,877277,876823,454
69619521,31.0645,30.7856,454,39683,0.779474,0.67,2,877312,876858,454
69642881,22.3511,21.7336,458,40107,0.920727,0.77,2,877611,877153,458
69645801,40.1404,8.69343,510,40160,0.926291,0.75,2,877663,877153,510
69648721,32.8562,34.6774,486,40213,0.940516,0.79,2,877691,877205,486
69651641,23.9425,30.6709,476,40266,0.946207,0.79,2,877709,877233,476
69654561,25.177,23.0684,484,40318,0.948483,0.75,2,877735,877251,484
69816621,350.005,350.723,516,18980,0.406,0.92,1,879750,879234,516
69825381,80.4803,81.2222,487,20031,0.094384,0.39,1,880016,879529,487
69831221,68.6769,61.7156,482,20242,0.217901,0.07,1,880139,879657,482
69857501,107.977,120.04,425,21167,0.237132,0.11,1,880758,880333,425
69860421,79.1908,82.816,427,21267,0.256853,0.15,1,880818,880391,427
69863341,61.0763,61.3264,429,21367,0.252741,0.17,1,880867,880438,429
69866261,58.0305,58.1306,429,21466,0.287096,0.19,1,880923,880494,429
69872101,38.5649,38.1009,431,21663,0.294335,0.19,1,881018,880587,431
69883781,61.7601,61.0762,435,22052,0.406367,0.31,1,881302,880867,435
69886701,58.304,58.0305,435,22148,0.408547,0.31,1,881358,880923,435
69924661,65.551,83.0354,499,23362,0.768451,0.55,2,882191,881692,499
69939261,113.796,16.984,632,23812,0.916653,0.75,2,882531,881899,632
69942181,84.5183,111.194,523,23901,0.948661,0.75,2,882596,882073,523
70044381,41.7662,47.0059,514,26829,0.930014,1,2,884604,884090,514
70140741,62.9535,95.9053,515,29320,0.904,1,2,886377,885862,515
70158261,33.5549,52.1818,494,29750,0.217232,1,1,886640,886146,494
70167021,82.0915,92.8836,469,29963,0.0583028,0.84,1,886803,886334,469
70169941,55.0366,62.9535,463,30034,0.0413211,0.79,1,886840,886377,463
70172861,43.6146,46.7814,463,30104,0.0825285,0.67,1,886876,886413,463
70175781,39.0459,48.1126,450,30174,0.0630114,0.41,1,886912,886462,450
70178701,43.2183,48.045,448,30244,0.0432045,0.39,1,886958,886510,448
70181621,50.8873,58.218,439,30314,0.0472818,0.23,1,887014,886575,439
70184541,40.7549,47.8872,432,30384,0.0369127,0.15,1,887048,886616,432
70187461,30.102,33.5549,431,30454,0.0207651,0.05,1,887071,886640,431
70190381,28.8408,33.822,425,30523,0.062306,0.09,1,887099,886674,425
70193301,12.7363,14.7288,425,30592,0.0789224,0.03,1,887101,886676,425
70196221,79.4945,82.0915,422,30661,0.061569,0.03,1,887225,886803,422
70199141,53.9978,55.0366,422,30730,0.0546276,0.11,1,887262,886840,422
70202061,45.5991,43.6146,426,30799,0.051851,0.05,1,887302,886876,426
70204981,38.0396,39.0459,423,30868,0.0507404,0.03,1,887335,886912,423
70207901,42.2159,43.2183,422,30937,0.0982962,0.05,1,887380,886958,422
70228341,52.2638,76.4378,458,31413,0.094554,0.05,1,887683,887225,458
70245861,29.0711,41.182,446,31815,0.216044,0.11,1,887917,887471,446
70248781,30.2284,29.6728,455,31881,0.212417,0.09,1,887948,887493,455
70251701,13.2914,29.8691,427,31947,0.210967,0.13,1,887950,887523,427
70272141,41.9752,51.9443,465,32408,0.218374,0.21,1,888327,887862,465
70275061,29.9901,41.1777,453,32473,0.24935,0.23,1,888349,887896,453
70277981,29.996,29.0711,462,32538,0.27374,0.21,1,888379,887917,462
70280901,13.1984,30.2284,433,32603,0.283496,0.21,1,888381,887948,433
70298421,44.138,46.3447,430,32990,0.407205,0.17,1,888664,888234,430
70301341,54.8552,53.9379,433,33054,0.444882,0.25,1,888726,888293,433
70348061,81.7835,81.0155,449,34063,0.76933,0.59,2,889392,888943,449
70350981,53.1134,52.8062,449,34125,0.781732,0.55,2,889426,888977,449
70365581,56.6866,42.0675,515,34435,0.901794,0.67,2,889621,889106,515
70514501,30.9372,33.7907,506,37438,0.942832,1,2,891656,891150,506
70517421,64.5749,27.9163,569,37494,0.779133,1,2,891743,891174,569
70529101,29.3683,33.2971,521,37718,0.409658,1,1,891906,891385,521
70537861,30.1276,25.339,518,37886,0.260698,1,1,891988,891470,518
70546621,35.7202,40.3577,504,38054,0.0615647,0.99,1,892100,891596,504
70549541,29.8881,35.3431,498,38110,0.0666259,0.91,1,892126,891628,498
70552461,55.1552,30.9372,542,38165,0.0686503,0.67,1,892198,891656,542
70555381,57.4621,64.5749,514,38220,0.0814601,0.53,1,892257,891743,514
70558301,43.9848,66.63,481,38275,0.0985841,0.51,1,892292,891811,481
70575821,32.7564,30.1276,469,38605,0.222868,0.13,1,892457,891988,469
70578741,14.3026,37.251,429,38660,0.239147,0.11,1,892459,892030,429
70581661,25.521,35.3004,428,38715,0.209659,0.01,1,892492,892064,428
70584581,29.4084,35.7202,424,38770,0.233864,0.07,1,892524,892100,424
70587501,27.9634,29.8881,425,38824,0.219545,0.07,1,892551,892126,425
70590421,54.3853,55.1552,425,38878,0.225818,0.09,1,892623,892198,425
70593341,57.7541,57.4621,426,38932,0.276327,0.11,1,892683,892257,426
70596261,43.5017,43.9848,425,38986,0.296531,0.11,1,892717,892292,425
70625461,27.9783,27.9634,432,39526,0.409299,0.23,1,892983,892551,432
70701381,30.2389,30.0384,480,40892,0.759616,0.61,2,893876,893396,480
70710141,45.5673,60.2665,491,41047,0.760695,0.73,2,894053,893562,491
70713061,37.4269,44.5066,489,41098,0.790278,0.73,2,894085,893596,489
70736421,31.0176,25.4933,492,41506,0.919522,0.75,2,894304,893812,492
70739341,13.607,30.5973,460,41557,0.937809,0.77,2,894306,893846,460
70894101,29.1037,32.108,509,44168,0.782224,1,2,896153,895644,509
70897021,26.6415,26.6432,511,44216,0.75089,1,2,896178,895667,511
70914541,39.4762,57.1233,497,44503,0.281167,1,1,896392,895895,497
70917461,27.7905,43.8493,482,44550,0.286467,1,1,896412,895930,482
70920381,25.5162,34.3397,478,44597,0.252587,1,1,896436,895958,478
70923301,35.4065,38.9359,478,44644,0.239035,1,1,896478,896000,478
70926221,28.5626,34.1744,471,44691,0.245614,0.81,1,896502,896031,471
70929141,27.625,32.8697,466,44738,0.200246,0.87,1,896529,896063,466
70949581,25.7944,28.4411,448,45067,0.203754,0.45,1,896708,896260,448
70952501,28.9178,29.9764,448,45114,0.219502,0.33,1,896739,896291,448
70955421,48.7671,55.1906,438,45161,0.201801,0.21,1,896801,896363,438
70961261,26.1627,27.7905,434,45255,0.227888,0.23,1,896846,896412,434
70964181,23.0651,25.5162,431,45302,0.217155,0.23,1,896867,896436,431
70967101,35.026,35.4065,432,45349,0.284862,0.25,1,896910,896478,432
70984621,26.069,25.7872,429,45626,0.404196,0.17,1,897064,896635,429
70999221,47.8253,48.7671,429,45856,0.437838,0.19,1,897230,896801,429
71101421,32.3808,37.3773,453,47441,0.772323,0.63,2,898243,897790,453
71124781,26.0575,26.544,452,47793,0.901762,0.65,2,898454,898002,452
71127701,27.823,26.8176,454,47837,0.930705,0.67,2,898483,898029,454
71130621,31.5292,30.527,455,47881,0.942282,0.69,2,898517,898062,455
71368601,44.0915,64.2506,471,23988,0.905039,0.75,2,901194,900723,471
71371521,23.6366,37.1002,462,24076,0.920016,0.65,2,901204,900742,462
71374441,37.0546,44.8401,458,24164,0.926006,0.71,2,901250,900792,458
71488321,64.7024,64.5067,488,27375,0.922,1,2,903593,903105,488
71494161,39.1524,39.3611,493,27529,0.79432,1,2,903665,903172,493
71505841,55.8519,62.9756,476,27836,0.432991,1,1,903851,903375,476
71508761,88.9408,86.3903,485,27912,0.299196,0.95,1,903962,903477,485
71511681,61.3763,65.7561,476,27988,0.233678,0.89,1,904005,903529,476
71514601,55.7505,64.7024,464,28064,0.219471,0.87,1,904057,903593,464
71517521,43.3002,49.881,459,28139,0.237789,0.73,1,904092,903633,459
71520441,34.7201,39.1524,456,28214,0.245115,0.69,1,904121,903665,456
71523361,35.488,39.061,453,28289,0.224046,0.61,1,904157,903704,453
71526281,32.7952,37.8244,447,28364,0.251618,0.61,1,904188,903741,447
71529201,37.7181,15.1298,488,28439,0.238647,0.49,1,904229,903741,488
71532121,52.2872,33.0519,505,28513,0.233459,0.35,1,904291,903786,505
71543801,43.9962,55.5181,467,28809,0.407497,0.25,1,904524,904057,467
71546721,34.3985,43.2073,460,28882,0.444999,0.25,1,904552,904092,460
71608041,32.5792,32.671,451,30383,0.777257,0.61,2,905514,905063,451
71625561,55.215,54.6265,456,30798,0.905989,0.69,2,905833,905377,456
71631401,36.3144,35.6202,457,30936,0.904558,0.73,2,905904,905447,457
71634321,37.9258,36.4481,459,31004,0.919823,0.81,2,905943,905484,459
71637241,33.7703,32.5792,460,31072,0.937929,0.83,2,905974,905514,460
71777401,42.4127,43.2306,491,34187,0.215594,1,1,908199,907708,491
71780321,27.1651,35.2923,478,34249,0.200237,1,1,908216,907738,478
71783241,36.066,14.1169,520,34311,0.086095,0.97,1,908258,907738,520
71786161,32.4264,34.4468,502,34373,0.052438,1,1,908288,907786,502
71789081,30.3706,33.5787,498,34435,0.0629752,0.99,1,908317,907819,498
71792001,35.5482,33.8315,503,34496,0.0311901,0.82,1,908356,907853,503
71794921,28.6193,39.9326,483,34557,0.030476,0.79,1,908380,907897,483
71797841,45.6477,32.773,512,34618,0.0541904,0.63,1,908437,907925,512
71800761,49.4591,50.9092,501,34679,0.0276762,0.41,1,908489,907988,501
71803681,53.9836,55.1637,500,34740,0.0290705,0.53,1,908546,908046,500
71806601,55.1935,58.0655,496,34801,0.0536282,0.17,1,908602,908106,496
71809521,37.6774,61.0262,459,34862,0.0394513,0.15,1,908628,908169,459
71812441,23.471,42.4105,443,34923,0.0337805,0.19,1,908642,908199,443
71815361,32.1884,27.1642,464,34984,0.0195122,0.01,1,908680,908216,464
71818281,30.8754,36.0657,452,35044,0.0618049,0.03,1,908710,908258,452
71821201,29.7501,32.4263,451,35104,0.042722,0.07,1,908739,908288,451
71824121,35.3001,30.3705,461,35164,0.0170888,0.01,1,908778,908317,461
71827041,29.12,35.5482,447,35224,0.0368355,0.03,1,908803,908356,447
71829961,45.248,28.6193,479,35284,0.0447342,0.07,1,908859,908380,479
71832881,49.2992,45.6477,474,35344,0.0358937,0.01,1,908911,908437,474
71835801,53.9197,49.4591,479,35404,0.0803575,0.03,1,908968,908489,479
71838721,55.1679,53.9836,478,35464,0.074143,0.07,1,909024,908546,478
71841641,37.6671,55.1935,448,35524,0.0476572,0.03,1,909050,908602,448
71844561,24.6669,37.6774,438,35584,0.0370629,0.03,1,909066,908628,438
71847481,32.0667,23.471,461,35643,0.0148251,0.01,1,909103,908642,461
71850401,14.0267,32.1884,425,35702,0.0119301,0.09,1,909105,908680,425
71853321,23.6107,30.8754,425,35761,0.058772,0.03,1,909135,908710,425
71856241,25.6443,29.7501,423,35820,0.0775088,0,1,909162,908739,423
71859161,33.0577,35.3001,422,35879,0.0310035,0.05,1,909200,908778,422
71862081,29.4231,29.12,424,35938,0.0304014,0.05,1,909227,908803,424
71865001,44.1692,45.248,422,35997,0.0421606,0.03,1,909281,908859,422
71867921,49.4677,49.2992,423,36056,0.0228642,0.11,1,909334,908911,423
71870841,53.9871,53.9197,423,36115,0.0151457,0.07,1,909391,908968,423
71873761,56.3948,55.1679,425,36174,0.0600583,0.03,1,909449,909024,425
71876681,36.9579,37.6671,423,36232,0.0780233,0.03,1,909473,909050,423
71879601,24.9832,24.6669,424,36290,0.0852093,0,1,909490,909066,424
71897121,29.5444,29.4231,423,36638,0.0905065,0.05,1,909650,909227,423
71900041,43.6178,44.1692,422,36696,0.0782026,0.01,1,909703,909281,422
71902961,49.2471,49.4677,422,36754,0.073281,0.01,1,909756,909334,422
71905881,53.8988,53.9871,422,36811,0.0473124,0.09,1,909813,909391,422
71908801,57.5595,56.3948,424,36868,0.084925,0.09,1,909873,909449,424
71911721,38.0238,36.9579,425,36925,0.08797,0.09,1,909898,909473,425
71929241,29.3422,19.9809,459,37267,0.212492,0.11,1,910045,909586,459
71932161,29.7369,29.5924,453,37324,0.222997,0.07,1,910075,909622,453
71935081,41.8948,28.637,475,37381,0.239199,0.07,1,910125,909650,475
71938001,48.5579,43.2548,475,37438,0.245679,0.07,1,910178,909703,475
71940921,53.0232,49.1019,478,37494,0.248272,0.03,1,910234,909756,478
71943841,59.0093,53.8408,484,37550,0.237309,0.11,1,910297,909813,484
71946761,39.8037,57.5363,451,37606,0.232923,0.09,1,910324,909873,451
71949681,28.5215,38.0145,447,37662,0.243169,0.15,1,910345,909898,447
71952601,33.6086,26.6058,465,37718,0.235268,0.21,1,910382,909917,465
71955521,14.6434,32.2423,431,37774,0.232107,0.21,1,910384,909953,431
71958441,23.8574,14.0969,459,37830,0.242843,0.17,1,910414,909955,459
71961361,27.5429,23.6388,459,37886,0.271137,0.19,1,910444,909985,459
71964281,30.8172,26.8555,463,37942,0.282455,0.23,1,910477,910014,463
71967201,30.3269,29.3422,462,37998,0.298982,0.23,1,910507,910045,462
71993481,24.9917,14.6434,464,38495,0.413864,0.25,1,910848,910384,464
71999321,30.8787,27.5429,468,38605,0.417818,0.29,1,910912,910444,468
72002241,13.5515,30.8172,437,38660,0.425127,0.31,1,910914,910477,437
72005161,24.0206,30.3269,438,38715,0.440051,0.33,1,910945,910507,438
72008081,40.8082,43.3307,438,38770,0.43402,0.35,1,910997,910559,438
72013921,52.2493,51.8129,440,38878,0.416243,0.39,1,911105,910665,440
72016841,60.4997,59.7252,441,38932,0.424497,0.39,1,911171,910730,441
72019761,39.7999,39.4901,441,38986,0.427799,0.39,1,911197,910756,441
72022681,29.12,28.996,441,39040,0.42912,0.39,1,911219,910778,441
72025601,33.848,33.1984,442,39094,0.429648,0.39,1,911256,910814,442
72028521,14.7392,14.4794,442,39148,0.429859,0.43,1,911258,910816,442
72031441,24.4957,24.9917,441,39202,0.441944,0.39,1,911289,910848,441
72034361,30.1983,29.1967,443,39256,0.446777,0.43,1,911323,910880,443
72069401,24.0798,24.4957,442,39897,0.761016,0.45,2,911731,911289,442
72072321,31.2319,30.1983,444,39950,0.766406,0.53,2,911767,911323,444
72075241,32.8928,31.2793,446,40003,0.792563,0.53,2,911801,911355,446
72089841,56.1483,45.543,511,40268,0.927652,0.71,2,912002,911491,511
72273801,29.208,21.9035,529,43446,0.94,1,2,914190,913661,529
72326361,138.297,146.831,456,19925,0.062176,0,1,914904,914448,456
72329281,103.919,100.732,467,20031,0.0428704,0.03,1,914985,914518,467
72332201,75.7674,77.493,462,20137,0.0711482,0.05,1,915042,914580,462
72335121,70.507,65.1972,472,20242,0.0284593,0.01,1,915109,914637,472
72338041,36.0028,56.0789,435,20347,0.0293837,0.01,1,915122,914687,435
72340961,63.6011,40.4315,487,20451,0.0297535,0.03,1,915204,914717,487
72343881,99.2404,55.1726,545,20555,0.0299014,0,1,915327,914782,545
72346801,87.0962,95.2691,502,20658,0.0299606,0.03,1,915406,914904,502
72349721,70.8385,86.7076,481,20761,0.0299842,0.09,1,915466,914985,481
72352641,66.7354,68.883,488,20863,0.0119937,0,1,915530,915042,488
72355561,37.4942,67.7532,439,20965,0.0227975,0.03,1,915548,915109,439
72358481,16.1977,34.9013,428,21066,0.027119,0.03,1,915550,915122,428
72361401,52.6791,63.1605,423,21167,0.0768476,0.03,1,915627,915204,423
72364321,94.8716,99.0642,423,21267,0.036739,0.03,1,915750,915327,423
72367241,84.7487,87.0257,422,21367,0.0326956,0.03,1,915828,915406,422
72370161,72.2995,70.8103,426,21466,0.0430782,0,1,915892,915466,426
72373081,64.9198,66.7241,422,21565,0.0172313,0.03,1,915952,915530,422
72376001,37.3679,37.4896,423,21663,0.00689252,0.03,1,915971,915548,423
72378921,16.1472,16.1959,423,21761,0.00875701,0.11,1,915973,915550,423
72381841,52.6589,52.6783,423,21858,0.0695028,0.01,1,916050,915627,423
72384761,94.2635,94.8713,422,21955,0.0458011,0.03,1,916172,915750,422
72387681,84.5054,84.7485,422,22052,0.0363204,0.05,1,916250,915828,422
72390601,72.2022,72.2994,422,22148,0.0325282,0,1,916314,915892,422
72393521,64.8809,64.9198,422,22244,0.0430113,0,1,916374,915952,422
72396441,37.3523,37.3679,422,22339,0.0172045,0.01,1,916393,915971,422
72399361,16.1409,16.1472,422,22434,0.0128818,0.11,1,916395,915973,422
72402281,56.2564,52.6589,428,22529,0.0831527,0.11,1,916478,916050,428
72405201,91.5025,21.0635,543,22623,0.0512611,0.03,1,916593,916050,543
72408121,83.401,81.6254,499,22717,0.0505044,0.03,1,916671,916172,499
72411041,72.3604,79.4502,486,22810,0.0382018,0.03,1,916736,916250,486
72413961,64.3442,70.1801,481,22903,0.0332807,0.05,1,916795,916314,481
72416881,37.7377,64.072,441,22996,0.0313123,0,1,916815,916374,441
72419801,16.2951,37.0288,424,23088,0.0305249,0.01,1,916817,916393,424
72422721,59.318,16.0115,510,23180,0.03021,0.13,1,916905,916395,510
72425641,89.1272,56.2046,536,23271,0.030084,0.03,1,917014,916478,536
72428561,82.4509,91.4818,499,23362,0.0420336,0.05,1,917092,916593,499
72431481,72.5804,83.3927,487,23453,0.0228134,0.03,1,917158,916671,487
72434401,63.8321,72.3571,480,23543,0.0631254,0.03,1,917216,916736,480
72437321,38.7329,64.3428,443,23633,0.0672502,0.03,1,917238,916795,443
72440241,16.6931,37.7371,425,23723,0.0689001,0.03,1,917240,916815,425
72443161,58.8773,16.2949,510,23812,0.04556,0.03,1,917327,916817,510
72451921,60.3121,82.4509,422,24078,0.0684358,0.01,1,917514,917092,422
72454841,64.3249,72.5803,423,24166,0.0453743,0.09,1,917581,917158,423
72457761,61.1299,63.8321,424,24254,0.0481497,0.07,1,917640,917216,424
72460681,37.052,38.7329,423,24341,0.0612599,0.07,1,917661,917238,423
72463601,16.0208,16.6931,423,24428,0.066504,0.03,1,917663,917240,423
72466521,59.2083,58.8773,424,24515,0.0446016,0.17,1,917751,917327,424
72469441,92.0833,88.9509,429,24601,0.0838406,0.13,1,917865,917436,429
72472361,38.0333,36.7804,429,24687,0.0995363,0.03,1,917867,917438,429
72478201,62.8453,64.3249,422,24859,0.0651258,0.05,1,918003,917581,422
72481121,61.7381,61.1299,424,24944,0.0680503,0.07,1,918064,917640,424
72484041,37.8953,37.052,425,25029,0.0812201,0.07,1,918086,917661,425
72486961,16.3581,16.0208,425,25114,0.086488,0.03,1,918088,917663,425
72498641,56.7372,56.6133,425,25450,0.208278,0.13,1,918361,917936,425
72504481,62.5979,49.2581,485,25616,0.0585245,0.07,1,918488,918003,485
72507401,38.8392,56.3033,447,25699,0.0294098,0.09,1,918511,918064,447
72510321,16.7357,35.7213,427,25781,0.0177639,0.09,1,918513,918086,427
72513241,58.8943,15.4885,512,25863,0.0251056,0.11,1,918600,918088,512
72516161,95.5577,57.7954,546,25945,0.0400422,0.19,1,918720,918174,546
72519081,39.4231,92.7182,432,26027,0.0460169,0.19,1,918722,918290,432
72522001,57.1692,38.2873,499,26108,0.0844068,0.23,1,918791,918292,499
72530761,37.9548,62.5944,445,26351,0.222122,0.01,1,918933,918488,445
72533681,16.3819,38.8378,424,26431,0.238849,0.01,1,918935,918511,424
72536601,58.7528,16.7351,509,26511,0.25754,0.03,1,919022,918513,509
72539521,96.1011,58.894,543,26591,0.277016,0.05,1,919143,918600,543
72542441,39.6404,95.5576,425,26671,0.284806,0.05,1,919145,918720,425
72545361,59.0562,39.423,495,26750,0.299923,0.11,1,919217,918722,495
72559961,10.7251,16.3819,432,27143,0.405263,0.27,1,919367,918935,432
72597921,60.2831,59.2186,449,28140,0.78177,0.55,2,920103,919654,449
72600841,59.5133,59.0874,449,28215,0.798708,0.63,2,920162,919713,449
72624201,61.1946,41.0392,532,28810,0.788766,0.81,2,920562,920030,532
72641721,62.637,11.0364,559,29248,0.933964,0.87,2,920821,920262,559
72783341,46.4993,51.542,447,15192,0.75432,0.53,2,923645,923198,447
72793561,78.0048,108.935,510,15744,0.908991,0.73,2,924076,923566,510
72797941,139.801,46.1097,660,16013,0.941038,0.85,2,924305,923645,660
72857801,47.6027,53.0552,485,18598,0.769736,1,2,926006,925521,485
72872401,63.3387,66.5068,462,19161,0.759399,0.73,2,926433,925971,462
72875321,42.1355,47.6027,455,19272,0.76576,0.73,2,926461,926006,455
72980441,55.5022,67.0968,517,22901,0.9124,1,2,929107,928590,517
72995041,102.693,29.0791,636,23360,0.0754582,1,1,929491,928855,636
72997961,65.6773,110.632,512,23451,0.0601833,0.96,1,929532,929020,512
73000881,47.8709,68.2527,508,23541,0.0420733,0.87,1,929568,929060,508
73003801,80.3484,55.5011,563,23631,0.0708293,0.37,1,929670,929107,563
73006721,50.1393,100.2,463,23721,0.0583317,0.23,1,929700,929237,463
73009641,45.2557,61.0802,470,23810,0.0533327,0.05,1,929742,929272,470
73012561,31.3023,53.8321,443,23899,0.0633331,0.07,1,929764,929321,443
73015481,13.7209,34.7328,423,23988,0.0673332,0.05,1,929766,929343,423
73018401,94.8884,102.693,424,24076,0.0569333,0.05,1,929915,929491,424
73021321,61.9553,65.6773,423,24164,0.0767733,0.03,1,929955,929532,423
73024241,46.9821,47.8709,424,24252,0.0367093,0.09,1,929992,929568,424
73027161,81.7929,80.3484,427,24339,0.0566837,0.05,1,930097,929670,427
73030081,47.7171,50.1393,422,24426,0.0766735,0.05,1,930122,929700,422
73033001,44.2869,45.2557,422,24513,0.0966694,0.07,1,930164,929742,422
73035921,32.1147,31.3023,424,24599,0.0446678,0.07,1,930188,929764,424
73038841,14.0459,13.7209,424,24685,0.0238671,0.05,1,930190,929766,424
73041761,95.0184,94.8884,424,24771,0.0275468,0.09,1,930339,929915,424
73044681,60.8073,61.9553,422,24857,0.0650187,0.01,1,930377,929955,422
73047601,47.7229,46.9821,424,24942,0.0440075,0.07,1,930416,929992,424
73050521,82.0892,81.7929,424,25027,0.083603,0.09,1,930521,930097,424
73065121,94.887,95.0184,422,25448,0.0727505,0.03,1,930761,930339,422
73068041,61.3548,38.0073,461,25531,0.0471002,0.09,1,930800,930339,461
73070961,47.3419,38.0029,461,25614,0.0368401,0.03,1,930838,930377,461
73073881,84.3368,38.6012,531,25697,0.068736,0.11,1,930947,930416,531
73076801,50.5347,78.4405,454,25779,0.0574944,0.19,1,930975,930521,454
73088481,91.1065,13.6241,570,26106,0.0815839,0.03,1,931182,930612,570
73091401,60.4426,94.8496,461,26187,0.0506335,0.03,1,931222,930761,461
73094321,46.977,61.3399,460,26268,0.0382534,0.03,1,931260,930800,460
73114761,58.8446,91.1065,462,26827,0.0887071,0.03,1,931644,931182,462
73117681,46.3379,60.4426,460,26906,0.0894829,0.03,1,931682,931222,460
73120601,19.7351,46.977,424,26985,0.0897931,0.15,1,931684,931260,424
73135201,13.2946,13.779,429,27375,0.214779,0.09,1,931897,931468,429
73138121,85.7178,87.1116,427,27452,0.247911,0.07,1,932031,931604,427
73141041,57.0871,58.8446,425,27529,0.273165,0.09,1,932069,931644,425
73143961,46.2349,46.3379,426,27606,0.271266,0.09,1,932108,931682,426
73146881,19.6939,19.7351,426,27683,0.246506,0.17,1,932110,931684,426
73149801,79.8776,78.6941,428,27760,0.296603,0.17,1,932230,931802,428
73208201,47.5658,52.2214,492,29247,0.785371,0.53,2,933190,932698,492
73231561,53.0273,81.2859,492,29820,0.902332,0.75,2,933604,933112,492
73234481,22.4109,52.9144,460,29891,0.906933,0.81,2,933606,933146,460
73237401,37.1644,47.5658,463,29962,0.920773,0.83,2,933653,933190,463
73362961,28.7434,32.8717,516,32862,0.933232,1,2,935651,935135,516
73371721,48.9996,46.9598,498,33054,0.933327,1,2,935831,935333,498
73374641,35.1998,39.1839,490,33118,0.931331,1,2,935857,935367,490
73386321,40.5011,32.4911,495,33373,0.78757,1,2,936049,935554,495
73398001,40.032,47.4974,470,33625,0.79829,0.94,2,936181,935711,470
73400921,66.4128,69.999,469,33688,0.781316,0.92,2,936265,935796,469
73406761,33.186,35.1998,466,33814,0.798211,0.87,2,936323,935857,466
73415521,44.0279,47.2528,460,34001,0.922046,0.77,2,936473,936013,460
73418441,41.6112,40.5011,464,34063,0.914818,0.67,2,936513,936049,464
73421361,35.2445,36.0004,462,34125,0.935927,0.75,2,936544,936082,462
73424281,27.8978,31.2002,457,34187,0.932371,0.71,2,936567,936110,457
73517721,46.4191,45.9547,485,36115,0.93208,1,2,937939,937454,485
73538161,47.5637,41.8323,493,36522,0.94584,1,2,938207,937714,493
73541081,33.4255,29.9329,495,36580,0.924336,1,2,938231,937736,495
73602401,46.4997,23.2768,510,37774,0.752418,0.55,2,939044,938534,510
73605321,40.1999,43.5107,489,37830,0.774967,0.63,2,939080,938591,489
73617001,46.4659,49.7955,496,38054,0.914991,0.69,2,939253,938757,496
73619921,35.9864,44.5182,484,38110,0.935996,0.65,2,939282,938798,484
73809721,18.073,32.055,487,41557,0.797442,1,2,941632,941145,487
73830161,44.8989,45.827,484,41912,0.229548,1,1,941905,941421,484
73838921,38.0335,40.5409,472,42062,0.250611,0.95,1,942005,941533,472
73841841,24.2134,27.0164,469,42112,0.250244,0.81,1,942020,941551,469
73844761,31.2854,34.2065,466,42162,0.274098,0.77,1,942056,941590,466
73847681,31.7141,34.6826,463,42212,0.271639,0.79,1,942088,941625,463
73850601,15.0857,18.073,460,42262,0.270656,0.71,1,942092,941632,460
73853521,27.0343,31.2292,455,42312,0.258262,0.61,1,942127,941672,455
73859361,24.9655,29.2367,446,42412,0.270522,0.37,1,942180,941734,446
73865201,34.2345,39.1179,433,42512,0.296484,0.27,1,942258,941825,433
73888561,31.9804,31.7141,435,42907,0.424333,0.27,1,942523,942088,435
73906081,35.6266,36.5481,470,43201,0.440061,0.29,1,942696,942226,470
73952801,43.3106,29.2506,498,43976,0.771827,0.51,2,943219,942721,498
73955721,35.3242,42.9003,476,44024,0.782731,0.53,2,943249,942773,476
73958641,32.1297,34.5601,477,44072,0.763092,0.57,2,943279,942802,477
73961561,43.4519,30.624,500,44120,0.779237,0.63,2,943330,942830,500
73964481,24.5808,41.0496,464,44168,0.797695,0.65,2,943342,942878,464
73967401,34.4323,24.2198,492,44216,0.793078,0.61,2,943383,942891,492
73993681,30.4658,30.2765,460,44644,0.917147,0.79,2,943627,943167,460
73996601,43.9863,43.3106,461,44691,0.912859,0.79,2,943680,943219,461
73999521,35.5945,35.3242,461,44738,0.911143,0.75,2,943710,943249,461
74002441,31.6378,32.1297,460,44785,0.922457,0.79,2,943739,943279,460
74005361,44.4551,43.4519,462,44832,0.938983,0.81,2,943792,943330,462
74008281,24.982,24.5808,462,44879,0.921593,0.79,2,943804,943342,462
74205381,327.454,338.769,502,21900,0.43,0.87,1,945943,945441,502
74208301,171.182,175.708,502,21997,0.226,0.99,1,946010,945508,502
74214141,74.189,85.7132,478,22189,0.07096,0.29,1,946127,945649,478
74217061,69.8756,87.6853,456,22285,0.046384,0.05,1,946194,945738,456
74219981,67.5502,77.0741,452,22380,0.0485536,0.07,1,946260,945808,452
74222901,63.0201,74.0296,440,22475,0.0374214,0.09,1,946320,945880,440
74225821,44.408,50.0119,438,22569,0.0329686,0.05,1,946352,945914,438
74228741,68.1632,37.4047,493,22663,0.0431874,0.09,1,946436,945943,493
74231661,65.0653,55.1619,489,22757,0.047275,0.07,1,946499,946010,489
74234581,56.0261,61.0648,474,22850,0.03691,0.03,1,946549,946075,474
74237501,63.8104,55.6259,491,22943,0.032764,0.03,1,946618,946127,491
74240421,64.5242,62.4504,489,23035,0.0311056,0.05,1,946683,946194,489
74243341,61.8097,64.5801,483,23127,0.0424422,0.03,1,946743,946260,483
74246261,43.3239,61.8321,454,23219,0.0589769,0.03,1,946774,946320,454
74249181,68.3295,43.9328,507,23310,0.0655908,0.05,1,946859,946352,507
74252101,65.1318,67.9731,486,23401,0.0922363,0.05,1,946922,946436,486
74263781,62.3154,64.5193,483,23762,0.0600093,0.05,1,947166,946683,483
74266701,44.1261,61.8077,455,23851,0.0780037,0.07,1,947198,946743,455
74269621,69.2505,43.3231,510,23940,0.0852015,0.07,1,947284,946774,510
74272541,28.9002,68.3292,427,24029,0.0880806,0.11,1,947286,946859,427
74301741,53.5934,51.544,430,24897,0.249001,0.23,1,947832,947402,430
74304661,62.8373,61.4176,431,24982,0.2496,0.19,1,947901,947470,431
74307581,61.1349,60.567,431,25067,0.27384,0.07,1,947961,947530,431
74339701,71.1479,43.5545,524,25982,0.422631,0.31,1,948573,948049,524
74342621,29.6591,71.4218,436,26064,0.439052,0.31,1,948575,948139,436
74345541,55.0637,29.7687,506,26145,0.445621,0.39,1,948647,948141,506
74377661,51.753,64.2502,449,27024,0.76044,0.57,2,949222,948773,449
74380581,57.3012,61.7001,450,27102,0.790176,0.57,2,949283,948833,450
74395181,55.8674,54.89,456,27490,0.905336,0.69,2,949546,949090,456
74398101,59.547,57.956,458,27567,0.908134,0.69,2,949608,949150,458
74401021,25.0188,24.3824,458,27644,0.909254,0.81,2,949610,949152,458
74538261,41.9036,40.9972,490,31039,0.7684,1,2,952028,951538,490
74544101,48.3446,46.2795,486,31175,0.409744,1,1,952131,951645,486
74547021,40.9378,38.3118,489,31243,0.241898,1,1,952167,951678,489
74558701,54.2272,68.6848,524,31513,0.0690246,1,1,952377,951853,524
74561621,42.6909,60.4739,504,31580,0.0576098,0.95,1,952412,951908,504
74564541,41.6764,44.5896,511,31647,0.0650439,0.83,1,952453,951942,511
74567461,32.8705,46.0358,491,31714,0.0680176,0.69,1,952480,951989,491
74570381,39.5482,41.8143,496,31781,0.081207,0.47,1,952524,952028,496
74573301,39.2193,50.3257,479,31848,0.0744828,0.29,1,952563,952084,479
74599581,40.0156,32.8705,468,32440,0.215765,0.09,1,952948,952480,468
74602501,39.4062,39.5482,463,32505,0.224306,0.07,1,952987,952524,463
74605421,36.1625,39.2193,458,32570,0.239722,0.15,1,953021,952563,458
74608341,37.865,34.2877,466,32635,0.281889,0.19,1,953060,952594,466
74620021,37.1613,51.297,430,32894,0.428704,0.09,1,953230,952800,430
74622941,35.2645,42.1188,428,32958,0.429482,0.21,1,953264,952836,428
74625861,41.1058,40.8475,433,33022,0.417793,0.21,1,953309,952876,433
74628781,32.0423,32.539,432,33086,0.425117,0.23,1,953335,952903,432
74681341,28.637,27.8055,450,34218,0.761434,0.55,2,954077,953627,450
74687181,36.5019,32.0489,486,34342,0.759029,0.63,2,954159,953673,486
74690101,41.0008,33.2196,496,34404,0.777612,0.63,2,954203,953707,496
74693021,32.0003,39.6878,478,34465,0.785045,0.65,2,954229,953751,478
74713461,28.982,68.5907,459,34892,0.914648,0.77,2,954534,954075,459
74716381,40.3928,28.6363,505,34953,0.935859,0.73,2,954582,954077,505
74719301,37.7571,40.2545,493,35013,0.920344,0.77,2,954618,954125,493
74722221,42.1028,36.5018,504,35073,0.926137,0.79,2,954663,954159,504
74725141,32.4411,41.0007,486,35133,0.928455,0.79,2,954689,954203,486
74847781,72.7958,46.2917,563,37576,0.946,1,2,956429,955866,563
74865301,33.5622,29.0628,524,37912,0.760057,1,2,956630,956106,524
74885741,51.2136,72.7958,514,38300,0.4026,1,1,956943,956429,514
74888661,39.0854,56.1183,500,38355,0.40704,0.99,1,956974,956474,500
74900341,30.3718,29.9054,492,38575,0.405028,0.71,1,957086,956594,492
74903261,13.3487,33.5622,458,38630,0.420011,0.65,1,957088,956630,458
74906181,23.3395,33.8249,454,38685,0.414005,0.61,1,957118,956664,454
74909101,24.3358,30.3299,451,38740,0.423602,0.61,1,957143,956692,451
74982101,23.1999,23.0338,453,40080,0.771768,0.67,2,958013,957560,453
74985021,27.28,9.21351,483,40133,0.758707,0.67,2,958043,957560,483
74987941,30.112,19.8854,488,40186,0.765483,0.73,2,958075,957587,488
75008381,26.7369,36.1355,476,40551,0.929465,0.73,2,958372,957896,476
75011301,28.0948,27.0542,484,40603,0.941786,0.71,2,958401,957917,484
75014221,34.6379,27.6217,495,40655,0.946714,0.75,2,958440,957945,495
75017141,15.0552,33.2487,460,40707,0.948686,0.75,2,958442,957982,460
75142701,32.0062,25.9401,514,42880,0.9376,1,2,959962,959448,514
75148541,32.361,32.5904,512,42978,0.925216,1,2,960029,959517,512
75151461,30.9444,28.6362,516,43027,0.934086,1,2,960059,959543,516
75204021,116.002,126.901,456,19925,0.0985526,0.03,1,960768,960312,456
75206941,89.6007,86.7604,468,20031,0.069421,0.03,1,960840,960372,468
75209861,74.2403,77.3042,461,20137,0.0337684,0,1,960904,960443,461
75212781,72.8961,66.9217,473,20242,0.0315074,0.05,1,960976,960503,473
75215701,56.1584,57.9687,466,20347,0.0546029,0.05,1,961021,960555,466
75218621,79.4634,58.5875,502,20451,0.0758412,0.03,1,961116,960614,502
75221541,76.7854,71.435,497,20555,0.0723365,0.05,1,961191,960694,497
75224461,75.1141,72.974,497,20658,0.0469346,0.05,1,961265,960768,497
75227381,67.2457,72.3896,487,20761,0.0487738,0.01,1,961327,960840,487
75230301,71.8983,67.3558,498,20863,0.0375095,0.03,1,961402,960904,498
75233221,54.5593,70.1423,469,20965,0.0690038,0.07,1,961445,960976,469
75236141,23.0237,55.0569,426,21066,0.0816015,0.09,1,961447,961021,426
75244901,72.1535,75.0436,424,21367,0.0981025,0.05,1,961689,961265,424
75247821,66.0614,67.2175,424,21466,0.039241,0.03,1,961751,961327,424
75250741,71.4246,71.887,424,21565,0.0156964,0.09,1,961826,961402,424
75253661,56.1698,54.5548,427,21663,0.0482786,0.09,1,961872,961445,427
75256581,23.6679,23.0219,427,21761,0.0613114,0.13,1,961874,961447,427
75259501,65.8672,66.2088,426,21858,0.0905246,0.11,1,961968,961542,426
75274101,56.3305,56.1698,423,22339,0.0661014,0.07,1,962295,961872,423
75277021,23.7322,23.6679,423,22434,0.0444405,0.11,1,962297,961874,423
75279941,67.0929,65.8672,425,22529,0.0477762,0.11,1,962393,961968,425
75282861,73.6372,26.3469,503,22623,0.0611105,0.19,1,962471,961968,503
75294541,54.3155,69.3145,469,22996,0.224236,0.03,1,962717,962248,469
75297461,22.9262,55.9258,424,23088,0.239695,0.03,1,962719,962295,424
75300381,67.3705,23.5703,519,23180,0.281878,0.05,1,962816,962297,519
75309141,67.4317,72.0445,489,23453,0.41284,0.13,1,963031,962542,489
75312061,70.7727,64.2178,503,23543,0.435136,0.23,1,963104,962601,503
75355861,61.2082,61.0717,451,24859,0.781608,0.65,2,963926,963475,451
75385061,59.1087,64.7533,511,25699,0.935159,0.83,2,964513,964002,511
75469741,79.2002,74.6403,493,27989,0.922,1,2,966151,965658,493
75481421,64.0195,71.266,482,28290,0.444515,1,1,966361,965879,482
75487261,39.8831,18.6026,520,28440,0.283522,1,1,966429,965909,520
75490181,33.9532,33.841,506,28514,0.263409,1,1,966459,965953,506
75507701,55.5994,59.5031,503,28956,0.0824005,0.35,1,966797,966294,503
75510621,39.0398,64.0012,464,29029,0.0869602,0.31,1,966825,966361,464
75528141,39.2788,46.7409,460,29464,0.213851,0.09,1,967102,966642,460
75531061,55.9115,38.4964,494,29536,0.22354,0.15,1,967169,966675,494
75533981,55.3646,54.9986,483,29608,0.227416,0.05,1,967224,966741,483
75536901,37.7458,55.5994,453,29679,0.228966,0.09,1,967250,966797,453
75539821,40.2983,39.0398,467,29750,0.265587,0.15,1,967292,966825,467
75542741,31.7193,37.8159,456,29821,0.268235,0.13,1,967318,966862,456
75545661,13.8877,31.3264,431,29892,0.269294,0.09,1,967320,966889,431
75548581,44.5551,52.7305,429,29963,0.293718,0.17,1,967385,966956,429
75569021,40.9031,40.2983,434,30454,0.413226,0.27,1,967726,967292,434
75577781,44.6898,44.5551,435,30661,0.403486,0.33,1,967820,967385,435
75621581,58.6478,55.5367,507,31681,0.763158,0.57,2,968545,968038,507
75636181,46.4655,14.4004,515,32013,0.923012,0.57,2,968711,968196,515
75639101,77.9862,44.7601,549,32079,0.915205,0.69,2,968810,968261,549
75642021,46.1945,74.3041,480,32145,0.912082,0.69,2,968835,968355,480
75644941,43.0778,44.1216,497,32211,0.922833,0.69,2,968876,968379,497
75817221,33.1852,39.2349,478,35879,0.426816,1,1,971405,970927,478
75825981,34.3799,35.823,479,36056,0.264676,1,1,971531,971052,479
75828901,33.5519,38.9292,471,36115,0.24387,0.71,1,971564,971093,471
75831821,55.4208,65.3717,458,36174,0.223548,0.69,1,971634,971176,458
75834741,37.7683,44.7487,453,36232,0.215419,0.61,1,971660,971207,453
75837661,40.3073,44.8995,450,36290,0.224168,0.53,1,971702,971252,450
75840581,35.3229,38.3598,448,36348,0.227667,0.47,1,971734,971286,448
75843501,33.3292,35.1439,447,36406,0.265067,0.49,1,971766,971319,447
75846421,24.7317,26.6576,445,36464,0.292027,0.47,1,971785,971340,445
75866861,54.8856,55.4208,432,36868,0.404047,0.21,1,972066,971634,432
75878541,34.5347,33.3292,436,37096,0.416472,0.31,1,972202,971766,436
75881461,26.4139,24.7317,438,37153,0.412589,0.31,1,972223,971785,438
75884381,26.1655,9.89267,464,37210,0.423035,0.31,1,972249,971785,464
75928181,37.3888,50.1465,474,38054,0.773963,0.55,2,972820,972346,474
75931101,32.9555,35.6586,478,38110,0.783585,0.55,2,972850,972372,478
75951541,28.007,35.1286,478,38495,0.900818,0.71,2,973120,972642,478
75954461,28.0028,27.2515,484,38550,0.918327,0.71,2,973148,972664,484
75957381,33.4011,27.7006,493,38605,0.937331,0.73,2,973185,972692,493
75960301,14.5605,32.6802,459,38660,0.944932,0.77,2,973187,972728,459
76126741,21.415,30.3002,509,41659,0.9388,1,2,975264,974755,509
76138421,45.5146,36.9245,505,41862,0.915633,1,2,975448,974943,505
76141341,35.0059,34.5698,500,41912,0.912253,1,2,975476,974976,500
76161781,27.3886,34.094,487,42262,0.404298,0.97,1,975710,975223,487
76167621,18.6622,21.415,480,42362,0.284288,1,1,975744,975264,480
76170541,36.8649,39.166,478,42412,0.227715,0.95,1,975793,975315,478
76179301,42.5354,45.5146,465,42562,0.0728938,0.91,1,975913,975448,465
76182221,33.2141,35.0059,464,42612,0.0471575,0.73,1,975940,975476,464
76185141,22.2857,29.0023,454,42662,0.060863,0.67,1,975955,975501,454
76188061,28.7143,32.6009,452,42711,0.0543452,0.53,1,975988,975536,452
76190981,30.6857,35.2404,447,42760,0.0397381,0.53,1,976020,975573,447
76193901,26.0743,29.6961,444,42809,0.0578952,0.45,1,976043,975599,444
76196821,45.2297,46.6785,444,42858,0.0771581,0.43,1,976101,975657,444
76199741,35.4919,38.4714,440,42907,0.0728632,0.37,1,976130,975690,440
76202661,23.1968,27.3886,435,42956,0.0831453,0.29,1,976145,975710,435
76205581,18.2787,21.1554,433,43005,0.0992581,0.29,1,976160,975727,433
76208501,16.3115,8.46217,448,43054,0.0937032,0.25,1,976175,975727,448
76214341,27.6898,34.8339,452,43152,0.0953925,0.17,1,976245,975793,452
76240621,35.6457,45.2292,453,43592,0.226831,0.07,1,976554,976101,453
76243541,23.8583,35.4917,440,43640,0.252732,0.09,1,976570,976130,440
76246461,17.9433,23.1967,439,43688,0.263093,0.11,1,976584,976145,439
76249381,16.7773,18.2787,440,43736,0.267237,0.09,1,976600,976160,440
76252301,34.3109,16.3115,471,43784,0.280895,0.11,1,976646,976175,471
76258141,41.4897,27.6898,476,43880,0.298143,0.15,1,976721,976245,476
76266901,22.7193,33.0201,445,44024,0.402841,0.19,1,976807,976362,445
76269821,29.4877,22.2081,464,44072,0.443136,0.19,1,976841,976377,464
76351581,34.1809,33.7102,450,45396,0.772642,0.59,2,977683,977233,450
76354501,23.2724,23.6841,449,45442,0.783057,0.59,2,977699,977250,449
76404141,30.6088,31.9818,490,46224,0.927002,0.87,2,978227,977737,490
76409981,51.9374,27.4371,530,46316,0.93912,0.83,2,978321,977791,530
76412901,37.575,51.7748,490,46362,0.933648,0.85,2,978349,977859,490
76415821,24.63,38.1099,477,46407,0.943459,0.85,2,978365,977888,477
76418741,18.252,24.844,475,46452,0.947384,0.85,2,978379,977904,475
76547221,53.1464,54.9842,485,48409,0.928,1,2,979758,979273,485
76573501,31.7779,31.7585,500,48797,0.927981,1,2,980015,979515,500
76576421,32.5111,32.5034,500,48840,0.905192,1,2,980048,979548,500
76582261,28.7218,19.0005,536,48926,0.770031,1,2,980107,979571,536
76665481,51.2796,58.4987,469,23550,0.203497,0.11,1,981249,980780,469
76668401,67.9118,48.5995,506,23640,0.207399,0.11,1,981328,980822,506
76671321,64.3647,67.4398,488,23730,0.23296,0.13,1,981390,980902,488
76674241,51.5459,63.5759,470,23819,0.231184,0.17,1,981433,980963,470
76677161,38.0184,51.2304,456,23908,0.242474,0.13,1,981462,981006,456
76680081,16.4073,37.2921,430,23997,0.270989,0.19,1,981464,981034,430
76688841,49.7701,51.2507,430,24261,0.423183,0.21,1,981679,981249,430
76691761,68.508,67.9003,432,24348,0.427273,0.25,1,981760,981328,432
76735561,51.4033,42.9667,493,25623,0.772065,0.61,2,982572,982079,493
76738481,70.9613,42.3867,535,25706,0.794826,0.61,2,982656,982121,535
76758921,53.1737,65.495,502,26277,0.936425,0.79,2,983032,982530,502
76846521,49.4976,65.8497,512,28595,0.914416,1,2,984652,984140,512
76849441,43.799,48.5399,515,28669,0.767766,1,2,984692,984177,515
76864041,40.9,51.5508,502,29036,0.259353,0.99,1,984964,984462,502
76875721,41.3574,49.4973,497,29327,0.0870394,0.67,1,985149,984652,497
76878641,32.743,43.7989,484,29399,0.0528158,0.67,1,985176,984692,484
76881561,69.4972,36.7196,546,29471,0.0391263,0.35,1,985270,984724,546
76884481,62.5989,77.6878,499,29543,0.0576505,0.31,1,985328,984829,499
76887401,44.2396,68.8751,468,29615,0.0890602,0.35,1,985360,984892,468
76902001,28.6415,43.3936,427,29970,0.242899,0.05,1,985536,985109,427
76904921,34.2566,41.3574,425,30041,0.27116,0.03,1,985574,985149,425
76907841,28.7026,32.743,423,30111,0.294464,0.03,1,985599,985176,423
76910761,69.6811,69.4972,426,30181,0.255786,0.07,1,985696,985270,426
76913681,61.4724,62.5989,424,30251,0.264314,0.11,1,985752,985328,424
76916601,45.589,44.2396,427,30321,0.231726,0.17,1,985787,985360,427
76919521,37.4356,37.4958,426,30391,0.24269,0.09,1,985819,985393,426
76922441,36.5742,35.3983,428,30461,0.247076,0.17,1,985855,985427,428
76925361,64.4297,59.7593,435,30530,0.23683,0.19,1,985938,985503,435
76928281,26.9719,25.1037,435,30599,0.232732,0.29,1,985940,985505,435
76931201,28.7888,28.6415,434,30668,0.267093,0.29,1,985970,985536,434
76934121,35.5155,34.2566,436,30737,0.280837,0.31,1,986010,985574,436
76937041,29.2062,28.7026,436,30806,0.274335,0.23,1,986035,985599,436
76939961,66.8825,69.6811,431,30875,0.295734,0.27,1,986127,985696,431
76966241,29.8206,32.9262,459,31486,0.412604,0.27,1,986469,986010,459
77012961,65.0212,38.522,531,32544,0.778735,0.55,2,987257,986726,531
77015881,27.2085,65.2088,450,32609,0.797494,0.55,2,987259,986809,450
77027561,23.4101,30.8581,455,32868,0.916816,0.65,2,987366,986911,455
77173561,33.0989,36.7921,488,35943,0.92992,1,2,989531,989043,488
77176481,62.4396,71.1169,476,36002,0.773968,1,2,989613,989137,476
77185241,41.4121,31.8635,510,36179,0.416974,1,1,989735,989225,510
77194001,33.1304,46.1273,489,36353,0.258766,1,1,989832,989343,489
77196921,33.0522,40.0509,486,36411,0.217507,1,1,989865,989379,486
77199841,36.0209,39.4204,485,36469,0.201003,0.97,1,989903,989418,485
77202761,42.0083,46.3681,480,36527,0.218401,0.97,1,989949,989469,480
77205681,33.6033,37.7473,476,36585,0.23736,0.9,1,989977,989501,476
77208601,27.8413,33.0989,470,36643,0.232944,0.67,1,990001,989531,470
77217361,35.8858,45.0303,439,36816,0.226828,0.33,1,990135,989696,439
77220281,34.7543,41.4121,434,36873,0.252731,0.33,1,990169,989735,434
77223201,35.5017,37.5649,435,36930,0.287093,0.31,1,990205,989770,435
77226121,31.0007,31.8259,435,36987,0.288837,0.21,1,990233,989798,435
77229041,31.6003,33.1304,433,37044,0.277535,0.19,1,990265,989832,433
77231961,33.0401,33.0522,434,37101,0.285014,0.19,1,990299,989865,434
77258241,36.019,34.7189,468,37611,0.403497,0.31,1,990637,990169,468
77261161,32.4076,35.4876,462,37667,0.407399,0.29,1,990667,990205,462
77264081,30.963,30.995,464,37723,0.40896,0.27,1,990697,990233,464
77267001,34.5852,31.598,469,37779,0.421584,0.29,1,990734,990265,469
77269921,34.2341,33.0392,469,37835,0.414634,0.33,1,990768,990299,469
77272841,41.8936,33.0157,483,37891,0.435853,0.31,1,990815,990332,483
77304961,33.5192,34.5852,475,38500,0.768049,0.41,2,991209,990734,475
77307881,43.4077,34.2341,491,38555,0.79322,0.45,2,991259,990768,491
77322481,44.0554,43.9317,450,38829,0.905943,0.59,2,991423,990973,450
77325401,38.6221,37.3727,452,38883,0.908377,0.63,2,991458,991006,452
77328321,37.6489,36.5491,453,38937,0.933351,0.67,2,991495,991042,453
77331241,37.8595,36.2196,455,38991,0.91934,0.69,2,991533,991078,455
77334161,33.7438,32.4878,456,39045,0.949736,0.69,2,991564,991108,456
77337081,32.0975,30.9951,457,39099,0.949894,0.77,2,991595,991138,457
77340001,38.039,35.7981,460,39153,0.925958,0.79,2,991637,991177,460
77342921,35.0156,33.5192,461,39207,0.940383,0.81,2,991670,991209,461
77345841,44.6062,43.4077,462,39261,0.934153,0.83,2,991721,991259,462
77348761,35.8425,34.1631,464,39315,0.943661,0.83,2,991751,991287,464
77351681,15.537,14.8652,464,39369,0.947465,0.85,2,991753,991289,464
77509361,36.8088,29.5692,503,42165,0.946,1,2,993720,993217,503
77512281,33.9235,36.4277,494,42215,0.9124,1,2,993752,993258,494
77515201,34.5694,36.1711,493,42265,0.79096,1,2,993787,993294,493
77529801,35.0302,35.947,497,42515,0.210189,1,1,993956,993459,497
77535641,32.1248,34.5515,492,42615,0.0684302,1,1,994020,993528,492
77538561,31.4499,37.2206,484,42665,0.0573721,1,1,994051,993567,484
77541481,33.58,41.8882,474,42714,0.0649488,1,1,994086,993612,474
77544401,33.832,36.5553,475,42763,0.0439795,1,1,994120,993645,475
77547321,30.9328,38.0221,465,42812,0.0355918,0.91,1,994149,993684,465
77550241,33.3731,36.8088,464,42861,0.0322367,0.89,1,994184,993720,464
77553161,29.5492,33.9235,459,42910,0.0188947,0.71,1,994211,993752,459
77556081,29.2197,34.5694,453,42959,0.0375579,0.61,1,994240,993787,453
77559001,32.0879,35.4278,451,43008,0.0330231,0.61,1,994274,993823,451
77561921,24.8352,14.1711,471,43057,0.0432093,0.55,1,994294,993823,471
77564841,23.1341,22.4684,465,43106,0.0592837,0.35,1,994316,993851,465
77567761,27.8536,28.7874,463,43155,0.0537135,0.25,1,994347,993884,463
77579441,31.4427,32.0378,453,43351,0.0446711,0.05,1,994473,994020,453
77582361,32.9771,31.4151,456,43400,0.0358684,0.07,1,994507,994051,456
77585281,33.5908,33.566,455,43449,0.0563474,0.03,1,994541,994086,455
77588201,30.8363,33.8264,450,43498,0.0225389,0.03,1,994570,994120,450
77591121,33.3345,30.9306,456,43547,0.0750156,0.03,1,994605,994149,456
77594041,29.5338,33.3722,448,43595,0.0480062,0.01,1,994632,994184,448
77596961,29.2135,29.5489,450,43643,0.0492025,0.05,1,994661,994211,450
77599881,32.0854,29.2196,455,43691,0.085681,0.03,1,994695,994240,455
77602801,26.6342,32.0878,444,43739,0.0882724,0.05,1,994718,994274,444
77608641,29.8215,23.1341,456,43835,0.0825236,0.05,1,994772,994316,456
77611561,33.5286,27.8536,461,43883,0.0870094,0.19,1,994808,994347,461
77614481,29.6114,31.5414,454,43931,0.0888038,0.15,1,994835,994381,454
77617401,29.8446,30.0166,455,43979,0.0895215,0.09,1,994865,994410,455
77620321,30.5378,30.6066,455,44027,0.0778086,0,1,994896,994441,455
77623241,31.4151,31.4427,455,44075,0.0611234,0.03,1,994928,994473,455
77626161,32.9661,32.9771,455,44123,0.0544494,0.07,1,994962,994507,455
77629081,31.7864,33.5908,452,44171,0.0277797,0,1,994993,994541,452
77632001,34.3146,30.8363,459,44219,0.0531119,0.11,1,995029,994570,459
77634921,28.1258,33.3345,448,44267,0.0752448,0.03,1,995053,994605,448
77637841,31.6503,29.5338,455,44315,0.0360979,0.05,1,995087,994632,455
77640761,31.8601,29.2135,458,44363,0.0564392,0.11,1,995119,994661,458
77643681,28.3441,32.0854,450,44411,0.0645757,0.09,1,995145,994695,450
77646601,22.1376,26.6342,445,44458,0.0798303,0.11,1,995163,994718,445
77649521,10.055,22.0537,428,44505,0.0859321,0.07,1,995165,994737,428
77669961,31.3395,32.9661,422,44834,0.0896646,0.01,1,995384,994962,422
77672881,31.7358,31.7864,423,44881,0.0538658,0.07,1,995416,994993,423
77675801,36.0943,34.3146,426,44928,0.0395463,0.09,1,995455,995029,426
77678721,27.0377,28.1258,423,44975,0.0338185,0.01,1,995476,995053,423
77681641,31.8151,31.6503,424,45022,0.0195274,0.07,1,995511,995087,424
77684561,32.526,31.8601,425,45069,0.013811,0.07,1,995544,995119,425
77687481,28.6104,28.3441,425,45116,0.0235244,0.09,1,995570,995145,425
77690401,23.4442,22.1376,427,45163,0.0274098,0.09,1,995590,995163,427
77693321,10.5777,10.055,427,45210,0.0289639,0.15,1,995592,995165,427
77696241,23.4311,23.222,427,45257,0.0535856,0.15,1,995624,995197,427
77699161,32.1724,32.0888,427,45304,0.0874342,0.11,1,995662,995235,427
77731281,29.1314,28.6104,423,45812,0.207108,0.03,1,995993,995570,423
77734201,24.2526,23.4442,424,45858,0.208843,0.03,1,996014,995590,424
77737121,10.901,10.5777,424,45904,0.209537,0.07,1,996016,995592,424
77742961,33.0642,9.37243,464,45996,0.229126,0.11,1,996088,995624,464
77745881,30.0257,26.549,454,46042,0.24165,0.11,1,996116,995662,454
77748801,31.2103,27.4196,458,46088,0.24666,0.11,1,996148,995690,458
77751721,31.6841,30.1678,458,46134,0.260664,0.15,1,996180,995722,458
77754641,28.8736,30.0671,455,46180,0.278266,0.15,1,996207,995752,455
77757561,30.1495,27.6269,460,46226,0.249306,0.17,1,996238,995778,460
77760481,28.2598,29.0507,457,46272,0.225723,0.17,1,996265,995808,457
77763401,34.7039,29.6203,466,46318,0.240289,0.17,1,996304,995838,466
77766321,28.2816,35.2481,451,46364,0.246116,0.15,1,996328,995877,451
77769241,32.3126,27.2992,464,46409,0.236446,0.19,1,996363,995899,464
77772161,32.1251,31.3197,462,46454,0.232578,0.17,1,996395,995933,462
77775081,29.65,32.3279,457,46499,0.231031,0.23,1,996423,995966,457
77778001,23.86,29.1312,450,46544,0.230413,0.21,1,996443,995993,450
77780921,10.744,24.2525,431,46589,0.230165,0.21,1,996445,996014,431
77783841,25.2976,10.901,464,46634,0.242066,0.19,1,996480,996016,464
77786761,34.719,24.1604,472,46679,0.270826,0.25,1,996521,996049,472
77807201,35.1876,28.2598,472,46994,0.416399,0.25,1,996737,996265,472
77810121,28.475,34.7039,457,47039,0.44856,0.25,1,996761,996304,457
77891881,28.4024,28.7703,452,48279,0.752536,0.67,2,997532,997080,452
77894801,30.561,30.1081,453,48323,0.763014,0.65,2,997564,997111,453
77915241,24.4172,24.1654,457,48627,0.916386,0.75,2,997780,997323,457
77918161,10.9669,10.8661,457,48670,0.924555,0.75,2,997782,997325,457
78157601,367.532,410.611,431,23360,0.2236,0.17,1,1000419,999988,431
78178041,58.832,54.605,455,24699,0.0844259,0.01,1,1000770,1000315,455
78180961,67.3328,56.642,470,24785,0.0757703,0.05,1,1000843,1000373,470
78198481,51.7356,51.5891,427,25294,0.20495,0.07,1,1001134,1000707,427
78201401,57.2943,58.4357,425,25378,0.21998,0.07,1,1001195,1000770,425
78204321,67.3177,67.1743,426,25461,0.225992,0.07,1,1001269,1000843,426
78218921,61.9681,58.3119,492,25874,0.239866,0.21,1,1001519,1001027,492
78221841,52.3872,59.9247,477,25956,0.257946,0.21,1,1001565,1001088,477
78224761,58.1549,51.5699,493,26038,0.289179,0.23,1,1001627,1001134,493
78236441,60.2936,26.2466,512,26362,0.436475,0.17,1,1001826,1001314,512
78274401,60.1594,59.6619,451,27388,0.792887,0.55,2,1002514,1002063,451
78294841,68.2522,65.4963,459,27924,0.939587,0.75,2,1002862,1002403,459
78397041,41.0901,54.1462,483,30465,0.916,1,2,1004613,1004130,483
78402881,41.7344,42.5034,484,30603,0.90856,1,2,1004713,1004229,484
78408721,46.0375,46.8805,487,30741,0.76817,1,2,1004817,1004330,487
78423321,24.2948,32.2253,488,31084,0.405047,0.86,1,1005054,1004566,488
78437921,43.8414,45.0775,500,31423,0.286474,0.69,1,1005277,1004777,500
78440841,55.3366,42.031,523,31490,0.28859,0.53,1,1005340,1004817,523
78458361,44.4875,39.1015,487,31891,0.410374,0.33,1,1005590,1005103,487
78461281,32.195,45.6406,461,31957,0.43415,0.35,1,1005614,1005153,461
78464201,47.678,33.2562,494,32023,0.41966,0.29,1,1005672,1005178,494
78467121,42.4712,48.1025,475,32089,0.437864,0.27,1,1005711,1005236,475
78508001,48.3513,48.1982,453,33000,0.75923,0.67,2,1006340,1005887,453
78510921,40.3405,39.0793,455,33064,0.789692,0.69,2,1006375,1005920,455
78534281,48.795,48.6957,457,33572,0.90441,0.75,2,1006682,1006225,457
78665681,40.0864,35.1032,512,36298,0.94,1,2,1008590,1008078,512
78691961,36.1591,38.3502,492,36819,0.0809282,1,1,1008948,1008456,492
78694881,42.0636,49.5401,481,36876,0.0503713,1,1,1008994,1008513,481
78700721,35.4102,40.0864,471,36990,0.0500594,0.71,1,1009061,1008590,471
78703641,50.7641,61.6346,456,37047,0.0260238,0.63,1,1009122,1008666,456
78706561,40.1056,46.8538,452,37104,0.0524095,0.51,1,1009155,1008703,452
78709481,31.6423,37.3415,447,37161,0.0269638,0.51,1,1009181,1008734,447
78712401,32.4569,14.9366,480,37218,0.0287855,0.53,1,1009214,1008734,480
78715321,30.9828,27.5746,474,37275,0.0535142,0.41,1,1009244,1008770,474
78718241,24.9931,32.6299,459,37332,0.0214057,0.19,1,1009265,1008806,459
78721161,32.7972,31.0519,467,37389,0.0625623,0.13,1,1009303,1008836,467
78724081,34.1189,36.4208,462,37446,0.0550249,0.13,1,1009338,1008876,462
78727001,34.6476,36.1683,461,37502,0.02801,0.03,1,1009373,1008912,461
78729921,39.059,36.0673,467,37558,0.041204,0.03,1,1009415,1008948,467
78735761,34.5694,36.0108,456,37670,0.0965926,0.01,1,1009482,1009026,456
78738681,50.4278,35.4043,482,37726,0.0566371,0.01,1,1009543,1009061,482
78741601,40.5711,50.7617,455,37782,0.0406548,0.07,1,1009577,1009122,455
78744521,31.2284,40.1047,447,37838,0.0462619,0.01,1,1009602,1009155,447
78747441,34.0914,31.6419,457,37894,0.0725048,0.03,1,1009638,1009181,457
78750361,31.6366,32.4568,454,37950,0.0950019,0.07,1,1009668,1009214,454
78762041,34.2755,34.1189,459,38173,0.080336,0.01,1,1009797,1009338,459
78764961,37.1102,34.6476,463,38228,0.0621344,0.05,1,1009836,1009373,463
78767881,38.8441,39.059,461,38283,0.0548538,0.15,1,1009876,1009415,461
78770801,32.9376,35.4236,457,38338,0.0759415,0.09,1,1009905,1009448,457
78776641,41.63,50.4278,458,38448,0.0733506,0.03,1,1010001,1009543,458
78779561,29.852,40.5711,446,38503,0.0593403,0.05,1,1010023,1009577,446
78782481,36.5408,31.2284,462,38558,0.0537361,0.09,1,1010064,1009602,462
78785401,32.6163,34.0914,456,38613,0.0514944,0.11,1,1010094,1009638,456
78788321,14.2465,31.6366,428,38668,0.0505978,0.11,1,1010096,1009668,428
78791241,15.2986,24.0546,425,38723,0.0742391,0.13,1,1010112,1009687,425
78794161,32.5194,34.2218,428,38778,0.0956956,0.13,1,1010156,1009728,428
78797081,32.8078,34.6887,426,38832,0.0682783,0.05,1,1010189,1009763,426
78800001,32.9231,34.2755,425,38886,0.0813113,0.05,1,1010222,1009797,425
78802921,35.9692,37.1102,424,38940,0.0985245,0.05,1,1010260,1009836,424
78820441,36.827,36.5408,424,39264,0.091521,0.05,1,1010488,1010064,424
78823361,32.7308,32.6163,424,39318,0.0546084,0.05,1,1010518,1010094,424
78826281,14.2923,14.2465,424,39372,0.0638434,0.09,1,1010520,1010096,424
78829201,15.9169,15.2986,425,39426,0.0675373,0.11,1,1010537,1010112,425
78832121,32.7668,32.5194,425,39480,0.0930149,0.05,1,1010581,1010156,425
78837961,33.9227,32.9231,426,39586,0.0832824,0.11,1,1010648,1010222,426
78855481,28.6586,29.0675,429,39904,0.22693,0.03,1,1010875,1010446,429
78858401,33.0635,36.827,423,39957,0.216772,0.03,1,1010911,1010488,423
78861321,31.2254,32.7308,423,40010,0.236709,0.07,1,1010941,1010518,423
78864241,13.6902,14.2923,423,40063,0.244684,0.07,1,1010943,1010520,423
78867161,15.0761,5.71693,439,40116,0.223873,0.07,1,1010959,1010520,439
78870081,33.6304,12.4868,468,40169,0.227549,0.11,1,1011005,1010537,468
78873001,32.6522,31.3947,456,40222,0.24102,0.11,1,1011037,1010581,456
78875921,34.0609,31.7579,459,40274,0.234408,0.07,1,1011072,1010613,459
78878841,38.8243,33.7032,466,40326,0.231763,0.15,1,1011114,1010648,466
78881761,38.9297,37.4813,465,40378,0.230705,0.17,1,1011153,1010688,465
78884681,35.9719,37.1925,462,40430,0.254282,0.19,1,1011187,1010725,462
78887601,50.9888,35.277,489,40482,0.299713,0.21,1,1011248,1010759,489
78905121,15.6919,13.6901,448,40794,0.401384,0.21,1,1011391,1010943,448
78910961,32.9907,33.6304,465,40898,0.439822,0.25,1,1011470,1011005,465
78969361,45.0361,45.1645,450,41918,0.78201,0.59,2,1012175,1011725,450
78972281,31.8145,30.6658,452,41968,0.798804,0.61,2,1012198,1011746,452
78975201,34.3258,33.8663,452,42018,0.781522,0.63,2,1012234,1011782,452
78978121,32.3303,31.5465,453,42068,0.798609,0.63,2,1012265,1011812,453
79004401,37.1595,36.9759,455,42518,0.926307,0.77,2,1012524,1012069,455
79010241,46.9855,45.0361,460,42618,0.927009,0.81,2,1012635,1012175,460
79013161,32.5942,31.8145,460,42668,0.928804,0.77,2,1012658,1012198,460
79016081,34.6377,34.3258,460,42717,0.917521,0.81,2,1012694,1012234,460
79201501,176.128,172.64,494,20544,0.2476,0.67,1,1014835,1014341,494
79210261,86.5602,89.193,468,20852,0.0722464,0.03,1,1015056,1014588,468
79213181,74.8241,80.0772,461,20954,0.0708986,0.01,1,1015123,1014662,461
79216101,46.1296,63.8309,435,21055,0.0463594,0.07,1,1015150,1014715,435
79219021,33.4519,38.1323,439,21156,0.0725438,0.11,1,1015175,1014736,439
79227781,73.5409,75.6645,423,21455,0.209843,0.05,1,1015396,1014973,423
79233621,71.5265,72.2263,423,21652,0.205175,0.03,1,1015546,1015123,423
79265741,56.7458,57.2902,478,22707,0.200814,0.13,1,1016167,1015689,478
79268661,76.6983,52.9161,518,22800,0.254326,0.17,1,1016257,1015739,518
79271581,77.4793,74.5664,507,22893,0.28773,0.17,1,1016335,1015828,507
79286181,58.4135,65.3504,483,23352,0.416255,0.21,1,1016599,1016116,483
79318301,72.0477,74.8265,449,24331,0.785209,0.57,2,1017292,1016843,449
79321221,44.4191,44.9306,450,24418,0.776084,0.55,2,1017318,1016868,450
79324141,35.7676,35.3722,451,24505,0.784433,0.67,2,1017348,1016897,451
79332901,25.7611,25.4958,455,24763,0.916844,0.75,2,1017501,1017046,455
79335821,69.1045,67.7983,457,24849,0.924737,0.77,2,1017599,1017142,457
79435101,74.11,77.2175,478,27599,0.914464,1,2,1019565,1019087,478
79440941,64.0576,59.2748,491,27753,0.795514,1,2,1019673,1019182,491
79443861,44.223,39.9099,495,27829,0.756206,1,2,1019704,1019209,495
79458461,63.544,62.2749,487,28207,0.412758,0.86,1,1019970,1019483,487
79467221,56.6988,20.2576,529,28432,0.403937,0.75,1,1020129,1019600,529
79475981,68.5007,30.7445,547,28654,0.426892,0.59,1,1020276,1019729,547
79516861,44.3602,58.4848,481,29673,0.765504,0.55,2,1020950,1020469,481
79531461,68.4933,69.9906,458,30028,0.902242,0.71,2,1021177,1020719,458
79534381,48.9973,50.1962,457,30098,0.906897,0.71,2,1021213,1020756,457
79537301,30.3989,30.8785,457,30168,0.908759,0.69,2,1021231,1020774,457
79674541,38.9423,34.9148,498,33306,0.934,1,2,1023461,1022963,498
79692061,42.9811,45.738,486,33685,0.93853,1,2,1023704,1023218,486
79697901,47.677,48.5981,484,33811,0.777765,1,2,1023808,1023324,484
79765061,50.6364,41.9681,501,35221,0.755135,0.55,2,1024761,1024260,501
79767981,48.4546,49.7872,493,35281,0.752054,0.53,2,1024808,1024315,493
79770901,33.7818,47.5149,471,35341,0.750822,0.51,2,1024832,1024361,471
79773821,30.3127,34.006,474,35401,0.762329,0.53,2,1024860,1024386,474
79791341,32.4915,39.3184,456,35758,0.921672,0.73,2,1025069,1024613,456
79794261,47.1966,48.7274,458,35817,0.938669,0.75,2,1025126,1024668,458
79969461,34.4279,35.5272,496,39200,0.9076,1,2,1027491,1026995,496
79986981,35.0983,39.2175,498,39524,0.433369,1,1,1027714,1027216,498
79989901,29.6393,32.487,496,39577,0.419348,1,1,1027740,1027244,496
80001581,36.3844,41.9245,471,39789,0.0589753,0.99,1,1027896,1027425,471
80004501,34.9537,36.5698,472,39842,0.0235901,0.85,1,1027930,1027458,472
80007421,27.7815,34.4279,462,39895,0.039436,0.81,1,1027953,1027491,462
80010341,33.3126,35.9712,462,39948,0.0157744,0.77,1,1027990,1027528,462
80013261,33.725,36.5885,459,40001,0.0363098,0.57,1,1028024,1027565,459
80016181,35.69,41.0354,452,40054,0.0445239,0.51,1,1028061,1027609,452
80019101,34.676,38.6142,449,40107,0.0478096,0.51,1,1028095,1027646,449
80022021,30.0704,15.4457,476,40160,0.0611238,0.45,1,1028122,1027646,476
80024941,32.4282,25.9783,477,40213,0.0424495,0.39,1,1028156,1027679,477
80027861,26.7713,31.3913,465,40266,0.0469798,0.41,1,1028179,1027714,465
80030781,36.5085,28.1565,482,40318,0.0487919,0.25,1,1028222,1027740,482
80033701,29.0034,40.6626,457,40370,0.0735168,0.09,1,1028246,1027789,457
80036621,33.2014,36.665,459,40422,0.0594067,0.05,1,1028282,1027823,459
80039541,34.2805,36.866,457,40474,0.0417627,0.03,1,1028317,1027860,457
80042461,34.1122,36.3464,455,40526,0.0167051,0,1,1028351,1027896,455
80045381,28.0449,34.9386,445,40578,0.048682,0.05,1,1028375,1027930,445
80048301,32.818,27.7754,458,40630,0.0254728,0,1,1028411,1027953,458
80051221,33.5272,33.3102,455,40682,0.0521891,0.05,1,1028445,1027990,455
80054141,35.6109,33.7241,458,40734,0.0508756,0.05,1,1028482,1028024,458
80057061,35.8443,35.6896,457,40786,0.0863503,0.05,1,1028518,1028061,457
80059981,29.9377,34.6759,449,40838,0.0885401,0.07,1,1028544,1028095,449
80062901,32.3751,30.0703,456,40890,0.077416,0.03,1,1028578,1028122,456
80065821,27.35,32.4281,446,40942,0.0969664,0.05,1,1028602,1028156,446
80074581,33.2384,29.0034,459,41096,0.0971659,0.05,1,1028705,1028246,459
80080421,33.6381,34.2805,455,41198,0.0527465,0,1,1028772,1028317,455
80083341,28.4553,34.1122,446,41249,0.0390986,0.07,1,1028797,1028351,446
80086261,32.3821,28.0449,457,41300,0.0336394,0.01,1,1028832,1028375,457
80089181,35.1528,32.818,458,41351,0.0194558,0.07,1,1028869,1028411,458
80092101,36.2611,33.5272,461,41402,0.0257823,0.05,1,1028906,1028445,461
80095021,36.7045,35.6109,461,41453,0.0643129,0.11,1,1028943,1028482,461
80109621,35.82,36.74,427,41708,0.238287,0.11,1,1029072,1028645,427
80112541,29.328,29.096,428,41759,0.269315,0.09,1,1029097,1028669,428
80115461,32.1312,33.2384,426,41810,0.281726,0.13,1,1029131,1028705,426
80118381,32.6525,33.0954,426,41860,0.29869,0.01,1,1029164,1028738,426
80121301,31.061,33.6381,422,41910,0.281476,0.03,1,1029194,1028772,422
80124221,28.0244,28.4553,423,41960,0.25059,0.03,1,1029220,1028797,423
80127141,32.2098,32.3821,423,42010,0.214236,0.01,1,1029255,1028832,423
80144661,27.1187,25.1251,431,42310,0.243249,0.21,1,1029435,1029004,431
80147581,27.0475,25.05,433,42360,0.271299,0.27,1,1029462,1029029,433
80150501,37.819,35.82,435,42410,0.27052,0.29,1,1029507,1029072,435
80153421,30.7276,29.328,436,42460,0.294208,0.29,1,1029533,1029097,436
80156341,32.691,32.1312,436,42510,0.291683,0.31,1,1029567,1029131,436
80191381,37.457,20.539,477,43101,0.403584,0.27,1,1029939,1029462,477
80220581,32.0538,39.5357,464,43590,0.401197,0.39,1,1030264,1029800,464
80223501,14.0215,31.4143,440,43638,0.406479,0.39,1,1030266,1029826,440
80226421,30.8086,13.7657,480,43686,0.432592,0.41,1,1030308,1029828,480
80229341,28.5234,30.1063,466,43734,0.431037,0.39,1,1030335,1029869,466
80278981,23.4844,31.5638,447,44548,0.757466,0.53,2,1030854,1030407,447
80293581,30.275,29.9296,452,44783,0.901372,0.65,2,1031012,1030560,452
80299421,37.604,36.4687,455,44877,0.91582,0.67,2,1031090,1030635,455
80302341,40.2416,39.7875,455,44924,0.948328,0.65,2,1031132,1030677,455
80314021,29.4942,29.4442,456,45112,0.940645,0.75,2,1031235,1030779,456
80566601,177.567,183.18,495,22724,0.2236,0.91,1,1033997,1033502,495
80572441,80.3708,87.3888,483,22910,0.053776,0.39,1,1034131,1033648,483
80575361,78.3483,87.7555,472,23003,0.0395104,0.35,1,1034208,1033736,472
80578281,50.5393,69.3022,447,23095,0.0458042,0.07,1,1034240,1033793,447
80581201,58.0157,68.5209,442,23187,0.0243217,0.11,1,1034303,1033861,442
80584121,40.6063,44.8084,442,23278,0.0157287,0.09,1,1034332,1033890,442
80587041,68.4425,38.9233,494,23369,0.00629147,0.07,1,1034419,1033925,494
80589961,74.777,58.7693,501,23460,0.0325166,0.05,1,1034498,1033997,501
80592881,63.5108,70.9077,478,23550,0.0310066,0.01,1,1034554,1034076,478
80595801,71.0043,61.3631,499,23640,0.0304027,0.03,1,1034630,1034131,499
80598721,47.6017,70.7452,454,23730,0.0901611,0.05,1,1034662,1034208,454
80604561,39.1763,56.7992,450,23908,0.0828258,0.01,1,1034753,1034303,450
80607481,16.8705,40.1197,423,23997,0.0751303,0,1,1034755,1034332,423
80610401,58.3482,68.2479,422,24085,0.0300521,0.05,1,1034841,1034419,422
80613321,71.3393,74.6992,423,24173,0.0540209,0.03,1,1034921,1034498,423
80616241,62.1357,63.4797,423,24261,0.0396083,0.03,1,1034977,1034554,423
80619161,70.4543,70.9919,423,24348,0.0218433,0.13,1,1035053,1034630,423
80622081,50.9817,47.5967,429,24435,0.0267373,0.11,1,1035091,1034662,429
80625001,56.3927,57.4387,425,24522,0.0286949,0.07,1,1035151,1034726,425
80627921,37.5571,39.1755,423,24608,0.053478,0.07,1,1035176,1034753,423
80630841,16.2228,16.8702,423,24694,0.0633912,0,1,1035178,1034755,423
80633761,57.4891,58.3481,422,24780,0.0673565,0.07,1,1035263,1034841,422
80636681,71.5957,71.3392,423,24866,0.0689426,0.03,1,1035344,1034921,423
80639601,61.6383,62.1357,422,24951,0.093577,0.01,1,1035399,1034977,422
80645441,50.9021,50.9817,422,25121,0.0713723,0.03,1,1035513,1035091,422
80648361,57.5608,56.3927,424,25205,0.0465489,0.07,1,1035575,1035151,424
80651281,37.4243,37.5571,423,25289,0.0606196,0.07,1,1035599,1035176,423
80654201,16.1697,16.2228,423,25373,0.0782478,0.07,1,1035601,1035178,423
80660041,72.5472,22.9957,505,25540,0.0737197,0.07,1,1035768,1035263,505
80662961,62.6189,57.7983,480,25623,0.0354879,0.11,1,1035824,1035344,480
80665881,70.6475,56.1193,501,25706,0.0201951,0.11,1,1035900,1035399,501
80668801,48.659,68.0477,459,25788,0.0500781,0.05,1,1035934,1035475,459
80671721,57.2636,50.0191,484,25870,0.0740312,0.03,1,1035997,1035513,484
80674641,37.9054,57.2076,447,25952,0.0716125,0.07,1,1036022,1035575,447
80677561,16.3622,37.2831,425,26034,0.094645,0.09,1,1036024,1035599,425
80692161,49.5029,70.6461,458,26438,0.223641,0.07,1,1036358,1035900,458
80695081,58.2012,48.6584,488,26518,0.263456,0.09,1,1036422,1035934,488
80698001,38.8805,57.2634,451,26598,0.291383,0.07,1,1036448,1035997,451
80706761,73.6004,58.1449,511,26836,0.402408,0.17,1,1036621,1036110,511
80753481,16.777,16.9005,450,28072,0.761343,0.61,2,1037337,1036887,450
80756401,61.9108,61.9602,450,28147,0.790537,0.63,2,1037429,1036979,450
80794361,60.856,27.4781,544,29109,0.918163,0.85,2,1038122,1037578,544
80797281,47.1424,59.5912,501,29182,0.937265,0.81,2,1038160,1037659,501
80928681,75.663,37.3045,556,32283,0.767087,0.59,2,1040335,1039779,556
80940361,52.9226,58.6126,500,32544,0.923429,0.67,2,1040528,1040028,500
81071761,52.2584,46.5289,537,35350,0.904,0.98,2,1042480,1041943,537
81074681,40.1033,50.4116,516,35410,0.9256,1,2,1042512,1041996,516
81086361,23.4042,29.9273,506,35648,0.929215,1,2,1042623,1042117,506
81103881,46.3848,46.6459,479,36002,0.920105,0.84,2,1042903,1042424,479
81255721,45.5372,38.5052,498,38937,0.9064,1,2,1044960,1044462,498
81264481,28.5944,32.4643,501,39099,0.79457,1,2,1045049,1044548,501
81267401,27.0378,30.3857,498,39153,0.779828,1,2,1045075,1044577,498
81282001,33.2913,43.1089,489,39423,0.443029,1,1,1045256,1044767,489
81293681,38.4747,45.5372,465,39636,0.294494,0.81,1,1045425,1044960,465
81296601,33.3899,39.2149,460,39689,0.279797,0.87,1,1045455,1044995,460
81299521,30.1559,32.4859,460,39742,0.261919,0.75,1,1045483,1045023,460
81302441,27.6624,28.5944,460,39795,0.278768,0.77,1,1045509,1045049,460
81305361,23.065,27.0378,454,39848,0.273507,0.67,1,1045529,1045075,454
81308281,29.026,31.8151,452,39901,0.247403,0.63,1,1045562,1045110,452
81311201,29.6104,31.926,450,39954,0.236961,0.51,1,1045592,1045142,450
81314121,35.8442,41.5704,442,40007,0.208784,0.39,1,1045632,1045190,442
81317041,34.7377,38.2282,440,40060,0.221514,0.39,1,1045666,1045226,440
81319961,30.6951,15.2913,468,40113,0.238606,0.43,1,1045694,1045226,468
81322881,34.478,24.1165,475,40166,0.245442,0.33,1,1045731,1045256,475
81325801,47.3912,34.2466,490,40219,0.272177,0.33,1,1045787,1045297,490
81328721,39.9565,48.4986,467,40271,0.270871,0.27,1,1045822,1045355,467
81331641,38.1826,38.5995,472,40323,0.210348,0.29,1,1045859,1045387,472
81337481,29.2692,33.2959,460,40427,0.217256,0.25,1,1045915,1045455,460
81340401,27.3077,30.1184,458,40479,0.248902,0.29,1,1045941,1045483,458
81343321,22.9231,27.6473,452,40531,0.237561,0.27,1,1045961,1045509,452
81346241,28.9692,23.0589,465,40583,0.245024,0.23,1,1045994,1045529,465
81349161,28.3877,29.0236,460,40635,0.24801,0.23,1,1046022,1045562,460
81352081,34.7551,29.6094,469,40687,0.249204,0.19,1,1046061,1045592,469
81355001,36.702,35.8438,467,40739,0.273682,0.23,1,1046099,1045632,467
81357921,30.2808,34.7375,459,40791,0.295473,0.25,1,1046125,1045666,459
81366681,39.522,47.3912,467,40947,0.42571,0.27,1,1046254,1045787,467
81407561,37.9374,39.522,445,41662,0.755986,0.49,2,1046699,1046254,445
81422161,23.8288,23.0569,450,41915,0.901165,0.57,2,1046843,1046393,450
81436761,34.0168,31.6175,457,42165,0.902498,0.73,2,1047019,1046562,457
81439681,38.2067,36.647,458,42215,0.918999,0.73,2,1047060,1046602,458
81442601,16.4827,15.8588,458,42265,0.9016,0.75,2,1047062,1046604,458
81448441,38.8772,37.9374,460,42365,0.903856,0.85,2,1047159,1046699,460
81451361,39.5509,37.375,463,42415,0.931542,0.87,2,1047199,1046736,463
81454281,35.0204,32.95,465,42465,0.942617,0.91,2,1047231,1046766,465
81629481,29.4258,28.1229,500,45351,0.934881,1,2,1049216,1048716,500
81641161,31.6173,32.4575,505,45536,0.441581,1,1,1049350,1048845,505
81647001,28.3388,30.1532,504,45628,0.280653,0.95,1,1049411,1048907,504
81652841,36.3342,36.0245,496,45720,0.0713045,1,1,1049485,1048989,496
81655761,33.1337,36.0098,491,45766,0.0465218,1,1,1049516,1049025,491
81658681,27.0535,31.2039,486,45812,0.0726087,1,1,1049539,1049053,486
81661601,36.0214,38.8816,484,45858,0.0590435,1,1,1049581,1049097,484
81664521,32.4086,34.1526,483,45904,0.0896174,0.96,1,1049611,1049128,483
81667441,26.1634,34.6611,470,45950,0.035847,0.96,1,1049633,1049163,470
81670361,21.8654,13.8644,489,45996,0.0323388,0.97,1,1049652,1049163,489
81673281,22.5461,18.7458,490,46042,0.0309355,0.91,1,1049675,1049185,490
81676201,30.0185,26.0983,494,46088,0.0663742,0.77,1,1049710,1049216,494
81679121,28.2074,34.4393,481,46134,0.0445497,0.63,1,1049737,1049256,481
81682041,26.283,33.5757,473,46180,0.0598199,0.59,1,1049762,1049289,473
81696641,36.1904,32.3301,465,46409,0.0980814,0,1,1049911,1049446,465
81699561,30.6762,36.332,453,46454,0.0692325,0.03,1,1049938,1049485,453
81702481,26.0705,33.1328,445,46499,0.033693,0.09,1,1049961,1049516,445
81705401,36.2282,27.0531,465,46544,0.0674772,0.05,1,1050004,1049539,465
81708321,31.8913,36.0212,452,46589,0.0809909,0.11,1,1050033,1049581,452
81711241,25.3565,32.4085,443,46634,0.0503964,0,1,1050054,1049611,443
81714161,22.1426,26.1634,441,46679,0.0501585,0.03,1,1050074,1049633,441
81717081,23.857,21.8654,447,46724,0.0500634,0.03,1,1050099,1049652,447
81720001,29.9428,22.5461,458,46769,0.0620254,0.09,1,1050133,1049675,458
81722921,27.5771,30.0185,449,46814,0.0788101,0.03,1,1050159,1049710,449
81725841,27.2309,28.2074,449,46859,0.0735241,0.07,1,1050186,1049737,449
81728761,27.0923,26.283,451,46904,0.0954096,0.13,1,1050213,1049762,451
81766721,28.0056,29.9428,425,47487,0.226839,0.09,1,1050558,1050133,425
81769641,26.2023,27.5771,424,47531,0.228736,0.07,1,1050583,1050159,424
81772561,27.8809,27.2309,426,47575,0.253494,0.11,1,1050612,1050186,426
81775481,29.1524,27.0923,429,47619,0.263398,0.13,1,1050642,1050213,429
81778401,30.8609,30.6369,428,47663,0.267359,0.19,1,1050674,1050246,428
81787161,34.6871,33.9768,430,47795,0.435911,0.17,1,1050765,1050335,430
81793001,25.2299,26.1963,427,47883,0.440546,0.11,1,1050811,1050384,427
81795921,37.092,36.8785,428,47927,0.446218,0.13,1,1050856,1050428,428
81798841,31.6368,31.5514,428,47971,0.424487,0.15,1,1050884,1050456,428
81801761,26.4547,25.2206,430,48015,0.439795,0.17,1,1050907,1050477,430
81912721,31.7233,27.6448,486,49657,0.771983,0.69,2,1051949,1051463,486
81915641,30.6893,30.2579,484,49699,0.758793,0.67,2,1051979,1051495,484
81918561,31.4757,30.1032,486,49741,0.765517,0.65,2,1052011,1051525,486
81921481,28.1903,31.8413,479,49783,0.768207,0.63,2,1052037,1051558,479
81924401,29.8761,28.9365,483,49825,0.793283,0.65,2,1052068,1051585,483
81941921,27.8577,31.4721,482,50077,0.903155,0.73,2,1052258,1051776,482
81944841,23.1431,26.9888,478,50119,0.907262,0.75,2,1052278,1051800,478
81947761,10.4572,22.7955,460,50161,0.908905,0.75,2,1052280,1051820,460
81950681,19.7829,10.3182,484,50203,0.921562,0.75,2,1052306,1051822,484
81953601,32.5132,20.9273,497,50245,0.938625,0.73,2,1052347,1051850,497
82210561,319.687,356.702,471,24820,0.441531,0.83,1,1054837,1054366,471
82213481,174.675,185.881,477,24905,0.242613,0.71,1,1054915,1054438,477
82225161,57.0893,71.2961,449,25244,0.0605949,0.09,1,1055113,1054664,449
82228081,78.0357,59.1185,490,25328,0.0662379,0.01,1,1055205,1054715,490
82231001,45.0143,77.0474,424,25412,0.0324952,0.03,1,1055228,1054804,424
82233921,35.4057,39.819,438,25495,0.0429981,0.07,1,1055257,1054819,438
82236841,65.1623,26.7276,505,25578,0.0711992,0.11,1,1055342,1054837,505
82239761,36.8649,57.491,445,25661,0.0944797,0.11,1,1055360,1054915,445
82274801,73.0714,52.3974,516,26636,0.245997,0.17,1,1056053,1055537,516
82277721,42.4285,74.359,449,26716,0.272399,0.09,1,1056075,1055626,449
82280641,34.3714,44.1436,454,26795,0.27096,0.11,1,1056104,1055650,454
82283561,68.9486,34.4574,518,26874,0.246384,0.15,1,1056196,1055678,518
82286481,28.7794,67.783,430,26953,0.236554,0.19,1,1056198,1055768,430
82289401,22.9118,37.9132,431,27032,0.256621,0.15,1,1056217,1055786,431
82306921,34.1738,34.3714,435,27498,0.404702,0.23,1,1056539,1056104,435
82350721,54.517,61.4101,500,28632,0.780723,0.65,2,1057289,1056789,500
82353641,80.0068,52.764,550,28706,0.798289,0.73,2,1057386,1056836,550
82374081,69.7911,49.73,539,29219,0.927254,0.75,2,1057703,1057164,539
82493801,40.1293,53.106,512,32054,0.424739,1,1,1059647,1059135,512
82499641,47.4607,79.417,503,32186,0.249158,1,1,1059773,1059270,503
82537601,62.4091,63.7537,429,33030,0.213155,0.15,1,1060316,1059887,429
82540521,42.3636,43.5015,428,33094,0.223262,0.11,1,1060345,1059917,428
82543441,33.7455,34.2006,428,33158,0.251305,0.13,1,1060373,1059945,428
82546361,29.0982,28.0802,430,33222,0.298522,0.15,1,1060399,1059969,430
82566801,36.413,34.5227,431,33665,0.440698,0.23,1,1060666,1060235,431
82625201,67.2367,15.4239,545,34900,0.764572,0.47,2,1061492,1060947,545
82628121,44.8947,66.7696,474,34961,0.779829,0.51,2,1061522,1061048,474
82631041,39.5579,43.5078,482,35021,0.785931,0.53,2,1061558,1061076,482
82651481,35.9324,44.8238,486,35441,0.917699,0.73,2,1061846,1061360,486
82654401,15.573,34.7295,460,35501,0.901079,0.73,2,1061848,1061388,460
82657321,68.6292,15.0918,562,35561,0.918432,0.79,2,1061952,1061390,562
82660241,45.4517,67.2367,490,35620,0.925373,0.79,2,1061982,1061492,490
82663161,40.3807,44.8947,497,35679,0.916149,0.79,2,1062019,1061522,497
82666081,17.3523,39.5579,463,35738,0.91246,0.83,2,1062021,1061558,463
82771201,31.3947,41.1061,492,37808,0.945895,1,2,1063459,1062967,492
82788721,46.9338,26.8445,545,38143,0.933164,0.96,2,1063714,1063169,545
82794561,35.3494,43.2951,509,38253,0.904106,1,2,1063779,1063270,509
82803321,36.9664,33.4669,517,38418,0.944663,1,2,1063911,1063394,517
82815001,18.4087,43.6632,472,38638,0.915783,1,2,1064029,1063557,472
82817921,31.3635,41.4653,472,38693,0.948313,1,2,1064069,1063597,472
82981441,28.7205,29.0848,521,41639,0.946,1,2,1066117,1065596,521
82996041,40.0467,45.3871,494,41893,0.755463,1,2,1066306,1065812,494
83013561,32.8069,32.1324,491,42193,0.231357,1,1,1066517,1066026,491
83028161,32.1273,37.3553,468,42443,0.0743211,1,1,1066654,1066186,468
83031081,30.8509,33.5421,467,42493,0.0297284,0.81,1,1066684,1066217,467
83034001,40.5404,44.6168,462,42543,0.0418914,0.67,1,1066731,1066269,462
83036921,34.8161,40.0467,456,42593,0.0467566,0.61,1,1066762,1066306,456
83039841,34.3265,37.0187,455,42643,0.0367026,0.57,1,1066796,1066341,455
83042761,34.1306,38.2075,450,42692,0.044681,0.55,1,1066830,1066380,450
83045681,31.6522,34.483,448,42741,0.0358724,0.49,1,1066860,1066412,448
83048601,30.0609,34.7932,442,42790,0.044349,0.29,1,1066889,1066447,442
83051521,32.4244,38.5173,435,42839,0.0237396,0.13,1,1066923,1066488,435
83054441,28.5697,32.8069,432,42888,0.0394958,0.15,1,1066949,1066517,432
83057361,32.4279,34.7228,431,42937,0.0577983,0.07,1,1066984,1066553,431
83063201,18.2685,11.7956,440,43035,0.0824477,0.11,1,1067019,1066579,440
83066121,17.5074,13.7183,442,43084,0.0629791,0.11,1,1067036,1066594,442
83069041,31.603,17.4873,463,43133,0.0551916,0.05,1,1067077,1066614,463
83071961,30.0412,30.9949,452,43182,0.0400767,0,1,1067106,1066654,452
83074881,40.2165,30.398,469,43231,0.0580307,0.05,1,1067153,1066684,469
83077801,34.0866,40.3592,452,43280,0.0652123,0.05,1,1067183,1066731,452
83080721,34.0346,34.7437,455,43329,0.0320849,0.03,1,1067217,1066762,455
83083641,34.6139,34.2975,456,43378,0.042834,0.05,1,1067252,1066796,456
83086561,31.2455,34.119,451,43427,0.0591336,0.03,1,1067281,1066830,451
83089481,30.4982,31.6476,451,43476,0.0656534,0.05,1,1067311,1066860,451
83115761,41.1042,30.0412,471,43909,0.0632435,0.07,1,1067577,1067106,471
83118681,34.4417,40.2165,454,43957,0.0552974,0.07,1,1067607,1067153,454
83121601,32.3767,34.0866,455,44005,0.052119,0.01,1,1067638,1067183,455
83124521,36.3507,34.0346,460,44053,0.0388476,0.05,1,1067677,1067217,460
83127441,30.7403,34.6139,452,44101,0.045539,0.07,1,1067704,1067252,452
83130361,33.2961,31.2455,458,44149,0.0722156,0.07,1,1067739,1067281,458
83133281,31.9184,30.4982,459,44197,0.0708862,0.13,1,1067770,1067311,459
83136201,29.5674,31.9993,454,44245,0.0703545,0.11,1,1067798,1067344,454
83139121,34.627,29.5997,464,44293,0.0941418,0.13,1,1067836,1067372,464
83165401,31.2733,32.3767,423,44719,0.216978,0.03,1,1068061,1067638,423
83168321,35.9093,36.3507,423,44766,0.212791,0.05,1,1068100,1067677,423
83171241,30.5637,30.7403,423,44813,0.223117,0.09,1,1068127,1067704,423
83174161,35.0255,33.2961,426,44860,0.239247,0.07,1,1068165,1067739,426
83177081,32.0102,31.9184,425,44907,0.233699,0.07,1,1068195,1067770,425
83180001,29.6041,29.5674,425,44954,0.267479,0.11,1,1068223,1067798,425
83182921,35.8416,34.627,427,45001,0.268992,0.11,1,1068263,1067836,427
83185841,27.5367,27.0508,427,45048,0.269597,0.11,1,1068285,1067858,427
83191681,15.6859,15.6081,427,45142,0.296335,0.11,1,1068311,1067884,427
83194601,7.47435,7.44325,427,45189,0.292534,0.15,1,1068313,1067886,427
83206281,35.9561,34.6833,432,45377,0.415537,0.23,1,1068464,1068032,432
83209201,31.1825,31.2733,431,45423,0.448215,0.21,1,1068492,1068061,431
83299721,37.7153,32.9466,488,46838,0.76626,0.55,2,1069423,1068935,488
83302641,31.8861,37.1786,476,46883,0.780504,0.55,2,1069451,1068975,476
83305561,37.3545,31.6715,489,46928,0.786202,0.53,2,1069492,1069003,489
83311401,30.9367,33.8674,479,47018,0.782192,0.61,2,1069554,1069075,479
83343521,28.5762,32.7884,458,47510,0.903428,0.79,2,1069840,1069382,458
83346441,37.8305,37.7153,461,47554,0.907371,0.79,2,1069884,1069423,461
83349361,31.9322,31.8861,461,47598,0.908948,0.79,2,1069912,1069451,461
83355201,34.7492,35.3418,460,47686,0.941032,0.77,2,1069986,1069526,460
83528941,82.5907,81.9135,503,22910,0.064912,0.85,1,1071880,1071377,503
83531861,84.6363,88.5654,496,23003,0.0919648,0.73,1,1071966,1071470,496
83534781,59.6545,73.2262,476,23095,0.0907859,0.45,1,1072009,1071533,476
83561061,42.4477,62.822,455,23908,0.20387,0.13,1,1072531,1072076,455
83563981,18.1791,42.5288,428,23997,0.207548,0.17,1,1072533,1072105,428
83566901,42.0716,50.6115,430,24085,0.233019,0.19,1,1072591,1072161,430
83569821,67.2287,70.6446,430,24173,0.267208,0.11,1,1072675,1072245,430
83572741,58.0915,62.4578,425,24261,0.280883,0.15,1,1072727,1072302,425
83575661,80.2366,78.9831,430,24348,0.286353,0.19,1,1072822,1072392,430
83578581,57.8946,56.7933,431,24435,0.264541,0.21,1,1072865,1072434,431
83581501,65.1579,64.1173,432,24522,0.279817,0.21,1,1072935,1072503,432
83584421,41.6631,42.4469,430,24608,0.285927,0.21,1,1072961,1072531,430
83587341,17.8653,18.1788,430,24694,0.288371,0.25,1,1072963,1072533,430
83590261,43.1461,42.0715,432,24780,0.277348,0.29,1,1073023,1072591,432
83599021,79.4894,80.2366,434,25036,0.42167,0.25,1,1073256,1072822,434
83642821,60.1634,72.2086,502,26277,0.763188,0.57,2,1074053,1073551,502
83654501,43.4922,67.8917,481,26598,0.934178,0.69,2,1074298,1073817,481
83765461,31.4924,32.5388,522,29471,0.759576,1,2,1076261,1075739,522
83806341,63.5239,62.0302,456,30461,0.774109,0.63,2,1076976,1076520,456
83818021,40.895,40.1992,457,30737,0.902969,0.75,2,1077120,1076663,457
83826781,66.7213,67.0608,456,30944,0.91723,0.69,2,1077265,1076809,456
83961101,54.339,49.724,491,33945,0.929846,1,2,1079396,1078905,491
83969861,37.9177,40.2863,485,34131,0.90551,1,2,1079502,1079017,485
83996141,42.0118,54.242,501,34685,0.280962,1,1,1079897,1079396,501
83999061,40.2047,39.6968,510,34746,0.226385,1,1,1079936,1079426,510
84001981,35.8819,39.2787,504,34807,0.216554,0.85,1,1079969,1079465,504
84007821,35.1411,38.5646,498,34929,0.213449,0.77,1,1080039,1079541,498
84010741,28.4564,40.6258,480,34990,0.211379,0.69,1,1080063,1079583,480
84013661,39.5826,29.4503,505,35050,0.246552,0.65,1,1080110,1079605,505
84016581,34.433,44.1801,482,35110,0.248621,0.55,1,1080141,1079659,482
84019501,32.9732,39.2721,478,35170,0.261448,0.47,1,1080173,1079695,478
84034101,35.2452,40.2047,464,35470,0.417061,0.21,1,1080400,1079936,464
84095421,54.972,54.8857,448,36701,0.772365,0.53,2,1081188,1080740,448
84139221,38.9768,41.7146,497,37555,0.926455,0.83,2,1081758,1081261,497
84142141,37.7907,37.6859,499,37611,0.928582,0.87,2,1081795,1081296,499
84145061,36.1163,37.2743,497,37667,0.917433,0.87,2,1081830,1081333,497
84147981,31.2465,35.9097,490,37723,0.924973,0.85,2,1081858,1081368,490
84150901,13.6986,31.7639,463,37779,0.927989,0.85,2,1081860,1081397,463
84153821,34.8794,13.9056,510,37835,0.929196,0.83,2,1081909,1081399,510
84282301,42.1825,50.4337,514,40219,0.946,1,2,1083589,1083075,514
84285221,42.673,44.1735,517,40271,0.9364,1,2,1083632,1083115,517
84308581,27.2551,27.5761,500,40687,0.930975,1,2,1083892,1083392,500
84311501,29.502,29.6305,500,40739,0.94239,1,2,1083923,1083423,500
84486701,36.6047,35.8972,513,43739,0.268113,1,1,1086042,1085529,513
84495461,33.1107,28.0494,524,43883,0.0485992,1,1,1086145,1085621,524
84498381,29.4443,31.6198,517,43931,0.0374397,1,1,1086172,1085655,517
84501301,28.5777,33.0479,511,43979,0.0209759,0.92,1,1086200,1085689,511
84504221,27.0311,34.8192,501,44027,0.0263903,1,1,1086226,1085725,501
84507141,31.8124,34.3277,502,44075,0.0405561,1,1,1086261,1085759,502
84510061,31.325,34.1311,499,44123,0.0582225,0.93,1,1086292,1085793,499
84512981,28.73,33.4524,493,44171,0.065289,0.85,1,1086319,1085826,493
84515901,29.492,33.181,490,44219,0.0561156,0.77,1,1086349,1085859,490
84518821,29.7968,34.8724,484,44267,0.0524462,0.63,1,1086379,1085895,484
84521741,28.7187,34.949,477,44315,0.0749785,0.41,1,1086407,1085930,477
84524661,30.6875,36.7796,471,44363,0.0839914,0.29,1,1086439,1085968,471
84527581,31.475,37.5118,465,44411,0.0755966,0.19,1,1086471,1086006,465
84533421,14.156,37.4419,426,44505,0.0972954,0.07,1,1086506,1086080,426
84539261,28.665,33.1107,423,44599,0.0935673,0.03,1,1086568,1086145,423
84542181,27.666,29.4443,423,44646,0.0674269,0.01,1,1086595,1086172,423
84545101,27.8664,28.5777,423,44693,0.0329708,0.03,1,1086623,1086200,423
84548021,27.9466,27.0311,425,44740,0.0431883,0.05,1,1086651,1086226,425
84550941,32.1786,31.8124,425,44787,0.0352753,0.07,1,1086686,1086261,425
84553861,31.4714,31.325,425,44834,0.0441101,0.07,1,1086717,1086292,425
84556781,28.1886,28.73,424,44881,0.0356441,0.05,1,1086743,1086319,424
84559701,29.8754,29.492,425,44928,0.0442576,0.05,1,1086774,1086349,425
84562621,29.3502,29.7968,424,44975,0.047703,0.09,1,1086803,1086379,424
84565541,29.1401,28.7187,425,45022,0.0730812,0.09,1,1086832,1086407,425
84580141,24.2706,23.6624,427,45257,0.203625,0.07,1,1086963,1086536,427
84583061,26.5082,28.665,423,45304,0.25545,0.05,1,1086991,1086568,423
84585981,27.4033,27.666,424,45351,0.28818,0.01,1,1087019,1086595,424
84588901,27.7613,27.8664,424,45398,0.277272,0.05,1,1087047,1086623,424
84591821,26.7045,27.9466,422,45444,0.248909,0.03,1,1087073,1086651,422
84594741,32.2818,32.1786,423,45490,0.201564,0.05,1,1087109,1086686,423
84597661,30.9127,31.4714,422,45536,0.206625,0.03,1,1087139,1086717,422
84615181,35.4016,33.1024,429,45812,0.20259,0.17,1,1087327,1086898,429
84618101,32.7607,32.441,428,45858,0.231036,0.17,1,1087358,1086930,428
84621021,14.3043,14.1764,428,45904,0.242414,0.23,1,1087360,1086932,428
84623941,26.1217,24.2706,431,45950,0.222966,0.23,1,1087394,1086963,431
84626861,29.0487,9.70822,462,45996,0.215186,0.29,1,1087425,1086963,462
84629781,28.4195,20.6833,462,46042,0.236075,0.31,1,1087453,1086991,462
84632701,26.9678,25.0733,460,46088,0.24443,0.27,1,1087479,1087019,460
84635621,25.1871,26.8293,456,46134,0.247772,0.23,1,1087503,1087047,456
84638541,31.0748,26.3317,465,46180,0.237109,0.17,1,1087538,1087073,465
84641461,30.4299,32.1327,459,46226,0.244843,0.21,1,1087568,1087109,459
84644381,28.372,30.8531,456,46272,0.259937,0.15,1,1087595,1087139,456
84647301,31.1488,28.5412,462,46318,0.289975,0.19,1,1087628,1087166,462
84670661,30.5999,26.1217,464,46679,0.403498,0.21,1,1087858,1087394,464
84673581,29.0399,29.0487,461,46724,0.443399,0.25,1,1087886,1087425,461
84752421,32.8888,32.5208,453,47927,0.772241,0.63,2,1088680,1088227,453
84755341,14.3555,14.2083,453,47971,0.782896,0.67,2,1088682,1088229,453
84758261,28.5422,27.2833,455,48015,0.799158,0.71,2,1088720,1088265,455
84769941,27.0251,25.4329,457,48191,0.91081,0.75,2,1088816,1088359,457
84775781,31.924,31.6693,457,48279,0.91733,0.75,2,1088877,1088420,457
84778701,31.3696,30.6677,458,48323,0.948932,0.73,2,1088908,1088450,458
84784541,32.6191,33.1068,457,48411,0.942629,0.69,2,1088972,1088515,457
84787461,31.0477,31.8427,456,48455,0.935052,0.73,2,1089002,1088546,456
84790381,31.0191,30.1371,458,48498,0.944021,0.75,2,1089033,1088575,458
84948061,29.4286,27.5128,489,50791,0.942832,1,2,1090620,1090131,489
84956821,30.2034,21.1048,512,50914,0.912341,1,2,1090717,1090205,512
84959741,25.2814,24.6419,507,50955,0.904937,1,2,1090739,1090232,507
84968501,29.362,22.7451,526,51078,0.777676,1,2,1090824,1090298,526
84971421,21.3448,27.698,511,51119,0.77307,1,2,1090840,1090329,511
84991861,29.4099,33.9287,491,51406,0.407716,0.99,1,1091053,1090562,491
85006461,25.6164,30.2034,468,51611,0.400453,0.9,1,1091185,1090717,468
85009381,21.6465,25.2814,465,51652,0.418181,0.81,1,1091204,1090739,465
85012301,18.8586,21.5125,463,51693,0.413273,0.85,1,1091221,1090758,463
85015221,29.1434,31.405,461,51734,0.411309,0.73,1,1091257,1090796,461
85023981,17.9692,14.2979,476,51857,0.423524,0.69,1,1091316,1090840,476
85026901,29.3877,18.9192,491,51898,0.41541,0.67,1,1091353,1090862,491
85029821,31.5551,30.9677,485,51939,0.448164,0.63,1,1091386,1090901,485
85032741,22.222,32.1871,468,51980,0.413266,0.65,1,1091402,1090934,468
85035661,29.2888,25.4748,481,52021,0.423306,0.45,1,1091436,1090955,481
85134941,21.5423,20.9779,453,53379,0.760716,0.61,2,1092295,1091842,453
85137861,31.4169,30.5912,454,53418,0.766286,0.67,2,1092333,1091879,454
85140781,33.5668,32.6365,455,53457,0.792515,0.65,2,1092368,1091913,455
85164141,21.352,19.9063,458,53769,0.909382,0.73,2,1092567,1092109,458
85167061,28.9408,28.3625,458,53808,0.933753,0.73,2,1092601,1092143,458
85169981,28.3763,28.145,458,53847,0.943501,0.75,2,1092629,1092171,458
85172901,20.9505,21.458,457,53886,0.9234,0.71,2,1092645,1092188,457
85175821,17.9802,18.1832,457,53925,0.93936,0.71,2,1092661,1092204,457
85178741,8.39208,8.47328,457,53964,0.945744,0.71,2,1092663,1092206,457
85555421,135.541,155.581,460,26280,0.20536,0.75,1,1096266,1095806,460
85575861,49.9326,55.8462,445,27554,0.203282,0.17,1,1096571,1096126,445
85578781,57.773,48.1385,465,27631,0.231313,0.15,1,1096634,1096169,465
85581701,58.5092,55.8554,463,27708,0.266525,0.17,1,1096693,1096230,463
85590461,44.5926,46.8467,431,27936,0.423858,0.19,1,1096856,1096425,431
85593381,34.637,35.5387,431,28012,0.415543,0.21,1,1096884,1096453,431
85596301,25.8548,26.8155,430,28088,0.436217,0.19,1,1096904,1096474,430
85648861,26.2043,35.1134,471,29415,0.759848,0.61,2,1097796,1097325,471
85651781,33.2817,27.2453,487,29487,0.765939,0.55,2,1097834,1097347,487
85654701,54.7127,33.0981,519,29559,0.792376,0.63,2,1097903,1097384,519
85666381,67.271,67.3561,520,29844,0.932813,0.69,2,1098169,1097649,520
85812381,85.7394,85.0237,491,33203,0.934,1,2,1100499,1100008,491
85832821,37.2742,33.257,495,33646,0.249412,1,1,1100751,1100256,495
85841581,48.9935,53.8484,480,33835,0.201962,0.89,1,1100872,1100392,480
85844501,72.3974,85.7394,461,33897,0.254785,0.75,1,1100960,1100499,461
85847421,48.759,56.4958,457,33959,0.263914,0.65,1,1100993,1100536,457
85850341,39.9036,45.3983,453,34021,0.291566,0.53,1,1101027,1100574,453
85870781,26.9216,33.3383,456,34454,0.299389,0.19,1,1101240,1100784,456
85888301,34.4383,39.3558,467,34820,0.40265,0.35,1,1101533,1101066,467
85891221,29.3753,34.3423,462,34881,0.40706,0.33,1,1101559,1101097,462
85894141,23.7501,29.9369,455,34942,0.408824,0.33,1,1101579,1101124,455
85897061,34.1001,22.7748,478,35003,0.42153,0.31,1,1101620,1101142,478
85899981,34.64,35.5099,469,35063,0.426612,0.31,1,1101655,1101186,469
85902901,25.856,32.804,458,35123,0.440645,0.29,1,1101675,1101217,458
85949621,41.242,41.0107,448,36074,0.75138,0.57,2,1102348,1101900,448
85952541,45.2968,42.8043,452,36133,0.798552,0.65,2,1102396,1101944,452
85978821,75.4407,74.7625,457,36655,0.90289,0.73,2,1102734,1102277,457
85981741,52.9763,52.105,458,36713,0.919156,0.77,2,1102772,1102314,458
86139421,33.2609,30.9775,492,39699,0.787696,1,2,1104839,1104347,492
86156941,36.3699,33.6399,494,40017,0.0736885,1,1,1105044,1104550,494
86159861,32.548,35.656,487,40070,0.0294754,1,1,1105074,1104587,487
86162781,41.8192,14.2624,535,40123,0.0297902,1,1,1105122,1104587,535
86165701,44.9277,47.105,513,40176,0.0179161,1,1,1105169,1104656,513
86168621,31.7711,41.642,498,40229,0.0131664,0.79,1,1105192,1104694,498
86171541,40.9084,33.4568,517,40281,0.0352666,0.91,1,1105239,1104722,517
86174461,34.3634,44.5827,495,40333,0.0201066,0.81,1,1105269,1104774,495
86177381,30.5453,39.4331,487,40385,0.0380426,0.75,1,1105297,1104810,487
86180301,26.0181,33.1732,481,40437,0.0332171,0.67,1,1105320,1104839,481
86183221,24.2073,31.8693,473,40489,0.0432868,0.51,1,1105343,1104870,473
86186141,29.4829,33.7477,471,40541,0.0473147,0.43,1,1105376,1104905,471
86189061,24.3932,33.8991,458,40593,0.0609259,0.25,1,1105397,1104939,458
86191981,30.7573,31.5596,463,40645,0.0423704,0.05,1,1105432,1104969,463
86194901,33.3029,35.4239,460,40697,0.0169481,0.01,1,1105467,1105007,460
86197821,30.7212,36.3695,452,40749,0.0127793,0,1,1105496,1105044,452
86200741,42.8885,32.5478,473,40801,0.0051117,0.03,1,1105547,1105074,473
86203661,43.5554,41.8191,469,40853,0.0200447,0.01,1,1105591,1105122,469
86206581,31.2222,44.9277,445,40905,0.0620179,0.01,1,1105614,1105169,445
86209501,40.0889,31.7711,468,40957,0.0428072,0.05,1,1105660,1105192,468
86212421,34.6355,40.9084,452,41009,0.0171229,0.01,1,1105691,1105239,452
86215341,30.6542,34.3634,450,41060,0.0248491,0.05,1,1105719,1105269,450
86218261,25.4617,30.5453,444,41111,0.0159397,0.03,1,1105741,1105297,444
86221181,24.5847,26.0181,445,41162,0.00637586,0.05,1,1105765,1105320,445
86224101,31.4339,24.2073,458,41213,0.0205503,0.05,1,1105801,1105343,458
86227021,24.5735,29.4829,445,41264,0.0382201,0.07,1,1105821,1105376,445
86229941,30.8294,24.3932,459,41315,0.0812881,0.03,1,1105856,1105397,459
86232861,32.1318,30.7573,457,41366,0.0625152,0,1,1105889,1105432,457
86235781,30.2527,33.3029,451,41417,0.0310061,0.01,1,1105918,1105467,451
86238701,43.3011,30.7212,474,41468,0.0184024,0,1,1105970,1105496,474
86241621,43.1204,42.8885,466,41519,0.025361,0.03,1,1106013,1105547,466
86244541,18.4482,43.5554,424,41570,0.0281444,0.09,1,1106015,1105591,424
86247461,21.1793,31.2222,424,41621,0.0532578,0.03,1,1106038,1105614,424
86250381,34.8717,40.0889,422,41672,0.0393031,0,1,1106082,1105660,422
86253301,33.1487,34.6355,423,41723,0.0337212,0.03,1,1106114,1105691,423
86256221,30.0595,30.6542,423,41774,0.0554885,0.01,1,1106142,1105719,423
86259141,25.8238,25.4617,424,41825,0.0281954,0,1,1106165,1105741,424
86262061,24.1295,24.5847,423,41875,0.0292782,0.03,1,1106188,1105765,423
86264981,31.8518,31.4339,424,41925,0.0177113,0.05,1,1106225,1105801,424
86267901,25.3407,24.5735,425,41975,0.0490845,0.11,1,1106246,1105821,425
86270821,32.9363,30.8294,428,42025,0.0976338,0.05,1,1106284,1105856,428
86279581,42.8119,43.3011,423,42175,0.0727286,0.03,1,1106393,1105970,423
86282501,43.5248,43.1204,424,42225,0.0590914,0.03,1,1106437,1106013,424
86285421,18.6099,18.4482,424,42275,0.0296366,0.07,1,1106439,1106015,424
86288341,20.644,21.1793,423,42325,0.0418546,0.03,1,1106461,1106038,423
86291261,34.0576,34.8717,422,42375,0.0347418,0.03,1,1106504,1106082,422
86294181,32.823,33.1487,422,42425,0.0198967,0.07,1,1106536,1106114,422
86297101,31.1292,30.0595,424,42475,0.0259587,0.01,1,1106566,1106142,424
86300021,25.6517,25.8238,423,42525,0.0403835,0.03,1,1106588,1106165,423
86302941,23.4607,24.1295,422,42575,0.0221534,0.01,1,1106610,1106188,422
86305861,31.5843,31.8518,422,42625,0.0148614,0.07,1,1106647,1106225,422
86308781,27.6337,25.3407,426,42675,0.0239445,0.13,1,1106672,1106246,426
86311701,34.4535,32.9363,427,42724,0.0395778,0.13,1,1106711,1106284,427
86314621,32.3814,30.5745,429,42773,0.0578311,0.15,1,1106742,1106313,429
86317541,27.3526,29.0298,425,42822,0.0771324,0.03,1,1106766,1106341,425
86320461,40.341,42.8119,422,42871,0.048853,0.05,1,1106815,1106393,422
86323381,42.5364,43.5248,422,42920,0.0375412,0.01,1,1106859,1106437,422
86326301,18.2146,18.6099,422,42969,0.0330165,0.05,1,1106861,1106439,422
86329221,20.4858,20.644,422,43018,0.0552066,0.05,1,1106883,1106461,422
86332141,33.3943,8.25758,464,43067,0.0520826,0.03,1,1106925,1106461,464
86335061,32.5577,29.103,453,43116,0.0388331,0.01,1,1106957,1106504,453
86337981,31.6231,30.8412,452,43165,0.0335332,0.03,1,1106988,1106536,452
86340901,25.2492,30.3365,443,43214,0.0434133,0.05,1,1107009,1106566,443
86343821,23.8997,25.3346,444,43263,0.0173653,0.01,1,1107032,1106588,444
86346741,31.1599,23.3338,458,43312,0.0489461,0.01,1,1107068,1106610,458
86349661,28.064,31.5335,447,43361,0.0375785,0.03,1,1107094,1106647,447
86352581,35.2256,27.6134,462,43410,0.0570314,0.05,1,1107134,1106672,462
86355501,32.6902,34.4454,454,43459,0.0888126,0.07,1,1107165,1106711,454
86358421,29.2761,32.3781,450,43508,0.077525,0.09,1,1107192,1106742,450
86361341,38.1104,27.3513,470,43556,0.06101,0.03,1,1107236,1106766,470
86364261,42.2442,40.3405,466,43604,0.054404,0.03,1,1107281,1106815,466
86367181,18.0977,42.5362,424,43652,0.0517616,0.03,1,1107283,1106859,424
86370101,20.4391,18.2145,444,43700,0.0507046,0.07,1,1107305,1106861,444
86373021,32.7756,20.4858,463,43748,0.0382819,0.05,1,1107346,1106883,463
86375941,33.5103,33.3943,455,43796,0.0213127,0.03,1,1107380,1106925,455
86378861,31.4041,32.5577,453,43844,0.0385251,0.03,1,1107410,1106957,453
86381781,25.7616,31.6231,444,43892,0.04541,0.05,1,1107432,1106988,444
86384701,22.9047,25.2492,444,43940,0.036164,0,1,1107453,1107009,444
86387621,31.3619,23.8997,458,43988,0.0324656,0.07,1,1107490,1107032,458
86390541,28.7447,31.1599,449,44036,0.0309862,0.03,1,1107517,1107068,449
86393461,36.0979,28.064,464,44084,0.0543945,0.07,1,1107558,1107094,464
86396381,33.6392,35.2256,456,44132,0.0757578,0.11,1,1107590,1107134,456
86399301,29.0557,32.6902,451,44180,0.0603031,0.07,1,1107616,1107165,451
86405141,42.3289,38.1104,468,44276,0.0996485,0.05,1,1107704,1107236,468
86408061,18.1316,42.2442,425,44324,0.0938594,0.05,1,1107706,1107281,425
86419741,14.509,33.5103,424,44514,0.0753148,0.05,1,1107804,1107380,424
86422661,23.8036,31.4041,424,44561,0.0841259,0.05,1,1107834,1107410,424
86425581,22.7214,25.7616,424,44608,0.0636504,0.03,1,1107856,1107432,424
86428501,21.6886,22.9047,424,44655,0.0674601,0.03,1,1107877,1107453,424
86431421,30.8754,31.3619,424,44702,0.0689841,0.03,1,1107914,1107490,424
86434341,29.1502,28.7447,425,44749,0.0695936,0.07,1,1107942,1107517,425
86437261,36.8601,36.0979,426,44796,0.0698375,0.09,1,1107984,1107558,426
86440181,32.744,33.6392,424,44843,0.069935,0.05,1,1108014,1107590,424
86454781,21.1587,20.4526,428,45078,0.212713,0.17,1,1108156,1107728,428
86463541,13.3062,14.509,424,45219,0.215454,0.09,1,1108228,1107804,424
86466461,23.3225,23.8036,424,45266,0.236181,0.05,1,1108258,1107834,424
86469381,22.529,22.7214,424,45313,0.244473,0.07,1,1108280,1107856,424
86472301,21.0116,21.6886,423,45360,0.247789,0.07,1,1108300,1107877,423
86475221,30.6046,30.8754,423,45406,0.237116,0.07,1,1108337,1107914,423
86478141,29.6419,29.1502,424,45452,0.232846,0.07,1,1108366,1107942,424
86481061,37.6567,36.8601,425,45498,0.243139,0.07,1,1108409,1107984,425
86483981,33.0627,32.744,425,45544,0.223255,0.13,1,1108439,1108014,425
86486901,29.4251,28.6976,426,45590,0.263302,0.15,1,1108466,1108040,426
86489821,40.57,38.479,429,45636,0.279321,0.19,1,1108514,1108085,429
86501501,34.197,33.6635,431,45820,0.410591,0.19,1,1108629,1108198,431
86504421,30.4788,30.2654,431,45866,0.410236,0.23,1,1108657,1108226,431
86507341,13.3915,13.3062,431,45912,0.410094,0.23,1,1108659,1108228,431
86510261,23.3566,5.32246,461,45958,0.422038,0.25,1,1108689,1108228,461
86513181,22.5426,20.129,453,46004,0.426815,0.25,1,1108711,1108258,453
86516101,21.0171,21.2516,451,46050,0.428726,0.25,1,1108731,1108280,451
86519021,30.6068,20.5006,468,46096,0.44149,0.23,1,1108768,1108300,468
86521941,29.0427,30.4003,459,46142,0.446596,0.23,1,1108796,1108337,459
86524861,38.0171,29.5601,474,46188,0.448638,0.25,1,1108840,1108366,474
86527781,34.4068,37.624,463,46234,0.449455,0.21,1,1108872,1108409,463
86592021,32.1647,35.7469,480,47227,0.761581,0.63,2,1109550,1109070,480
86594941,14.0659,31.0988,454,47272,0.778632,0.63,2,1109552,1109098,454
86627061,45.4022,45.9327,455,47759,0.921098,0.71,2,1109900,1109445,455
86629981,19.3609,19.5731,455,47803,0.914439,0.65,2,1109902,1109447,455
86632901,24.5444,24.0292,456,47847,0.935776,0.75,2,1109930,1109474,456
86848981,124.654,121.417,482,23451,0.09784,0.49,1,1112256,1111774,482
86851901,93.0617,89.367,486,23541,0.069136,0.21,1,1112328,1111842,486
86866501,45.713,30.9689,460,23988,0.245767,0.01,1,1112534,1112074,460
86869421,64.4852,50.1876,474,24076,0.272307,0.03,1,1112611,1112137,474
86872341,66.5941,91.475,423,24164,0.282923,0.05,1,1112679,1112256,423
86875261,71.6376,79.79,426,24252,0.299169,0.17,1,1112754,1112328,426
86901541,64.4909,63.4516,437,25027,0.438119,0.37,1,1113249,1112812,437
86948261,66.0279,72.1303,511,26349,0.771411,0.57,2,1114140,1113629,511
86962861,70.9424,49.8397,538,26748,0.904568,0.75,2,1114392,1113854,538
87070901,78.7472,77.6819,547,29535,0.936246,1,2,1116363,1115816,547
87100101,69.5564,78.7472,461,30243,0.752966,0.75,2,1116824,1116363,461
87103021,54.8226,61.4989,456,30313,0.775186,0.67,2,1116869,1116413,456
87105941,50.129,53.3995,455,30383,0.784075,0.71,2,1116916,1116461,455
87108861,41.6516,41.7598,457,30453,0.76363,0.67,2,1116952,1116495,457
87111781,58.0606,59.3039,455,30522,0.791452,0.67,2,1117021,1116566,455
87140981,59.0019,58.0606,460,31208,0.947197,0.81,2,1117481,1117021,460
87143901,32.0008,31.6243,460,31276,0.948879,0.81,2,1117495,1117035,460
87146821,30.8003,12.6497,490,31344,0.949551,0.85,2,1117525,1117035,490
87284061,63.5449,41.9009,551,34373,0.90664,1,2,1119663,1119112,551
87298661,50.4065,47.806,524,34679,0.917031,1,2,1119898,1119374,524
87459261,42.5045,40.7748,514,37886,0.933203,1,2,1122094,1121580,514
87500141,30.2871,39.8018,496,38660,0.927616,1,2,1122628,1122132,496
87573141,21.2997,26.8553,476,40003,0.946,1,2,1123550,1123074,476
87608181,44.364,34.8678,521,40632,0.921999,1,2,1124022,1123501,521
87611101,24.9456,36.7471,495,40684,0.9208,0.91,2,1124034,1123539,495
87619861,40.6445,33.0478,528,40840,0.912131,1,2,1124152,1123624,528
87631541,33.5893,35.8764,508,41047,0.764135,1,2,1124292,1123784,508
87634461,38.0357,38.9506,508,41098,0.767654,1,2,1124333,1123825,508
87687021,44.6652,44.6297,458,42012,0.755774,0.73,2,1124954,1124496,458
87689941,25.6661,25.0519,459,42062,0.77631,0.73,2,1124967,1124508,459
87692861,30.0664,30.4208,458,42112,0.772524,0.73,2,1125000,1124542,458
87695781,34.2266,33.1683,460,42162,0.78301,0.73,2,1125037,1124577,460
87698701,35.8906,37.8673,456,42212,0.751204,0.73,2,1125074,1124618,456
87701621,15.5563,16.3469,456,42262,0.762482,0.69,2,1125076,1124620,456
87704541,24.2225,24.5388,456,42312,0.766993,0.69,2,1125106,1124650,456
87707461,31.289,32.0155,455,42362,0.792797,0.69,2,1125142,1124687,455
87719141,47.049,45.018,457,42562,0.909016,0.71,2,1125302,1124845,457
87722061,33.2196,32.4072,457,42612,0.933606,0.75,2,1125326,1124869,457
87724981,33.6878,32.1629,459,42662,0.919443,0.77,2,1125360,1124901,459
87727901,45.8751,44.6652,460,42711,0.925777,0.79,2,1125414,1124954,460
87730821,26.7501,25.6661,461,42760,0.904311,0.77,2,1125428,1124967,461
87733741,29.9,30.0664,460,42809,0.907724,0.79,2,1125460,1125000,460
87736661,33.56,34.2266,459,42858,0.94509,0.73,2,1125496,1125037,459
87920621,25.7951,30.3215,469,45856,0.416961,0.77,1,1127538,1127069,469
87923541,25.3181,29.5286,465,45902,0.412784,0.79,1,1127563,1127098,465
87946901,36.5638,41.3094,478,46270,0.410736,0.43,1,1127832,1127354,478
87949821,32.6255,36.3238,475,46316,0.422295,0.49,1,1127862,1127387,475
87952741,21.4502,33.7295,457,46362,0.438918,0.51,1,1127876,1127419,457
88002381,23.4016,21.7801,468,47127,0.760043,0.49,2,1128366,1127898,468
88005301,28.5607,23.712,475,47172,0.778017,0.47,2,1128398,1127923,475
88008221,25.8243,28.0848,468,47217,0.785207,0.49,2,1128422,1127954,468
88057861,26.0559,24.7297,463,47969,0.903057,0.83,2,1128909,1128446,463
88063701,32.369,31.5568,464,48057,0.904089,0.85,2,1128974,1128510,464
88075381,33.5454,34.1247,463,48233,0.911673,0.83,2,1129076,1128613,463
88078301,31.4182,32.8499,461,48277,0.946669,0.81,2,1129106,1128645,461
88276861,32.5989,33.7972,504,51159,0.938316,1,2,1131122,1130618,504
88279781,31.0395,33.9189,500,51200,0.909326,1,2,1131152,1130652,500
88329421,27.7931,29.9595,492,51897,0.296601,0.89,1,1131614,1131122,492
88332341,21.9172,29.9838,480,51938,0.28064,0.87,1,1131632,1131152,480
88358621,29.2406,35.1278,466,52300,0.408063,0.35,1,1131862,1131396,466
88364461,27.7185,26.9804,464,52380,0.43129,0.39,1,1131913,1131449,464
88367381,23.0874,28.7922,454,52420,0.430516,0.35,1,1131933,1131479,454
88370301,23.635,22.9169,459,52460,0.442206,0.29,1,1131957,1131498,459
88373221,29.854,24.7667,467,52500,0.422883,0.29,1,1131991,1131524,467
88376141,31.7416,29.7067,467,52540,0.427153,0.31,1,1132024,1131557,467
88431621,21.0734,27.6966,445,53300,0.785316,0.49,2,1132494,1132049,445
88434541,21.0293,22.4787,447,53339,0.788126,0.51,2,1132515,1132068,447
88437461,18.0117,17.9915,448,53378,0.789251,0.55,2,1132531,1132083,448
88440381,13.2047,12.5966,449,53417,0.7657,0.55,2,1132541,1132092,449
88443301,23.2819,23.0386,449,53456,0.76828,0.55,2,1132571,1132122,449
88446221,29.7128,29.6155,449,53495,0.769312,0.57,2,1132605,1132156,449
88449141,29.8851,28.6462,451,53534,0.769725,0.59,2,1132635,1132184,451
88452061,21.554,21.0585,451,53573,0.76989,0.61,2,1132651,1132200,451
88463741,27.0286,25.5759,454,53729,0.771821,0.67,2,1132778,1132324,454
88481261,13.7938,13.6834,459,53963,0.908463,0.81,2,1132927,1132468,459
88490021,17.8748,18.0117,459,54080,0.913262,0.75,2,1132990,1132531,459
88492941,13.7499,13.2047,460,54119,0.911305,0.77,2,1133001,1132541,460
88495861,23.5,23.2819,460,54158,0.934522,0.77,2,1133031,1132571,460
88498781,29.8,29.7128,460,54197,0.931809,0.77,2,1133065,1132605,460
88501701,28.72,29.8851,458,54236,0.930723,0.77,2,1133093,1132635,458
88701721,31.358,21.6902,528,56849,0.93304,1,2,1134942,1134414,528
88764501,198.457,222.95,448,26280,0.284886,0.55,1,1135562,1135114,448
88767421,93.7829,95.7802,461,26361,0.227955,0.41,1,1135586,1135125,461
88770341,77.1132,69.5121,475,26441,0.217182,0.33,1,1135652,1135177,475
88773261,71.6453,74.6048,465,26521,0.212873,0.31,1,1135720,1135255,465
88779101,52.7432,66.4168,446,26681,0.21766,0.19,1,1135823,1135377,446
88782021,31.8973,46.3667,431,26760,0.249064,0.17,1,1135841,1135410,431
88784941,27.7589,28.7467,439,26839,0.249626,0.15,1,1135866,1135427,439
88787861,35.1036,39.6987,432,26918,0.24985,0.17,1,1135906,1135474,432
88790781,64.4414,44.6795,468,26997,0.28594,0.19,1,1135990,1135522,468
88793701,41.9766,56.2718,431,27075,0.288376,0.21,1,1136017,1135586,431
88808301,31.4782,31.5132,433,27464,0.435884,0.25,1,1136274,1135841,433
88811221,26.9913,27.6053,432,27541,0.444354,0.25,1,1136298,1135866,432
88846261,43.0689,26.6394,474,28450,0.753984,0.55,2,1136901,1136427,474
88849181,60.4276,26.2558,520,28524,0.763594,0.65,2,1136973,1136453,520
88852101,66.171,51.9023,521,28598,0.779437,0.63,2,1137043,1136522,521
88855021,60.6684,63.3609,507,28672,0.797775,0.59,2,1137100,1136593,507
88869621,68.6766,36.6546,547,29039,0.911558,0.73,2,1137332,1136785,547
88872541,44.2706,68.6618,485,29112,0.922623,0.77,2,1137360,1136875,485
88875461,60.9083,43.0647,531,29185,0.939049,0.77,2,1137432,1136901,531
88995181,35.5783,44.2665,509,32022,0.448036,1,1,1139406,1138897,509
89001021,45.6525,50.1626,517,32154,0.231286,1,1,1139505,1138988,517
89006861,34.1844,36.586,507,32286,0.0958057,1,1,1139569,1139062,507
89009781,38.2738,32.0344,519,32352,0.0683223,0.97,1,1139610,1139091,519
89012701,54.3095,39.8138,539,32417,0.0333289,0.78,1,1139675,1139136,539
89015621,52.3238,61.5255,514,32482,0.0553316,0.65,1,1139726,1139212,514
89018541,58.7295,62.4102,514,32547,0.0881326,0.49,1,1139789,1139275,514
89053581,45.7892,44.4918,428,33319,0.200612,0.15,1,1140252,1139824,428
89056501,34.5157,33.3967,429,33382,0.230245,0.19,1,1140279,1139850,429
89059421,41.4063,39.7587,431,33445,0.278098,0.19,1,1140325,1139894,431
89062341,17.7625,17.1035,431,33508,0.273239,0.19,1,1140327,1139896,431
89065261,32.305,32.0414,431,33571,0.295296,0.19,1,1140369,1139938,431
89079861,53.749,52.9323,430,33886,0.426912,0.19,1,1140582,1140152,430
89129501,32.5633,18.1106,488,34931,0.75725,0.53,2,1141250,1140762,488
89132421,27.4253,33.0442,469,34992,0.7649,0.49,2,1141274,1140805,469
89135341,28.9701,27.6177,475,35052,0.77996,0.49,2,1141304,1140829,475
89138261,36.788,29.0471,487,35112,0.785984,0.49,2,1141346,1140859,487
89173301,34.968,36.788,462,35827,0.903416,0.81,2,1141808,1141346,462
89176221,58.3872,59.1152,462,35886,0.919367,0.83,2,1141882,1141420,462
89179141,59.9549,59.6461,463,35945,0.937747,0.83,2,1141943,1141480,463
89182061,64.782,64.0584,464,36004,0.945099,0.87,2,1142011,1141547,464
89184981,49.3128,48.4234,465,36063,0.948039,0.87,2,1142050,1141585,465
89187901,37.7251,37.3693,465,36122,0.949216,0.85,2,1142080,1141615,465
89307621,31.3728,27.1018,515,38447,0.932848,1,2,1143664,1143149,515
89328061,48.5177,49.8372,483,38831,0.0702989,1,1,1143947,1143464,483
89330981,40.4071,38.5349,487,38885,0.0821196,1,1,1143982,1143495,487
89333901,31.1628,35.8139,478,38939,0.0868478,0.97,1,1144007,1143529,478
89336821,31.0651,35.3256,474,38993,0.0647391,1,1,1144038,1143564,474
89339741,31.6261,36.3302,469,39047,0.0318956,1,1,1144070,1143601,469
89342661,31.8504,34.9321,467,39101,0.0307583,0.89,1,1144102,1143635,467
89345581,27.1402,31.3728,462,39155,0.0423033,0.75,1,1144126,1143664,462
89348501,23.4561,28.7491,456,39209,0.0469213,0.69,1,1144147,1143691,456
89351421,20.7824,25.8997,451,39263,0.0367685,0.45,1,1144166,1143715,451
89354341,31.713,36.1599,447,39317,0.0687074,0.39,1,1144205,1143758,447
89357261,27.0852,32.4639,441,39371,0.069483,0.25,1,1144229,1143788,441
89363101,40.6936,47.7942,424,39479,0.0963173,0,1,1144322,1143898,424
89366021,45.6775,48.5177,424,39532,0.0565269,0.09,1,1144371,1143947,424
89368941,41.071,40.4071,427,39585,0.0406108,0.09,1,1144409,1143982,427
89371861,29.6284,31.1628,424,39638,0.0822443,0.05,1,1144431,1144007,424
89374781,29.2514,31.0651,422,39691,0.0628977,0.01,1,1144460,1144038,422
89377701,30.9005,31.6261,422,39744,0.0911591,0.03,1,1144492,1144070,422
89380621,32.7602,31.8504,424,39797,0.0904636,0.05,1,1144526,1144102,424
89406901,41.2451,44.6374,461,40273,0.0891602,0.03,1,1144832,1144371,461
89409821,31.498,40.655,448,40325,0.0896641,0.11,1,1144857,1144409,448
89415661,32.9997,29.1848,458,40429,0.0947463,0.11,1,1144918,1144460,458
89436101,45.5947,26.575,485,40793,0.200376,0.19,1,1145137,1144652,485
89439021,39.8379,44.83,464,40845,0.21815,0.15,1,1145173,1144709,464
89441941,42.9352,39.532,473,40897,0.27326,0.09,1,1145218,1144745,473
89444861,40.5741,44.6128,464,40949,0.283304,0.07,1,1145257,1144793,464
89447781,31.2296,41.2451,450,41001,0.299322,0.09,1,1145282,1144832,450
89450701,27.4919,31.498,450,41052,0.293729,0.11,1,1145307,1144857,450
89453621,32.5967,26.9992,462,41103,0.291491,0.09,1,1145343,1144881,462
89468221,32.2279,21.6672,468,41358,0.408306,0.19,1,1145485,1145017,468
89471141,27.2911,31.4669,454,41409,0.445323,0.19,1,1145509,1145055,454
89474061,46.3165,26.9868,489,41460,0.448129,0.21,1,1145568,1145079,489
89476981,40.7266,45.5947,468,41511,0.437252,0.23,1,1145605,1145137,468
89479901,17.4906,39.8379,434,41562,0.432901,0.31,1,1145607,1145173,434
89555821,46.6435,46.0824,446,42863,0.760585,0.53,2,1146458,1146012,446
89558741,40.8574,40.033,447,42912,0.778234,0.53,2,1146495,1146048,447
89561661,17.543,17.2132,447,42961,0.785294,0.57,2,1146497,1146050,447
89567501,39.8869,14.7541,490,43059,0.786847,0.61,2,1146590,1146100,490
89570421,30.3547,30.5016,473,43108,0.776739,0.61,2,1146614,1146141,473
89573341,27.7419,26.6007,475,43157,0.784696,0.57,2,1146640,1146165,475
89576261,35.0968,26.2403,489,43206,0.787878,0.59,2,1146680,1146191,489
89593781,30.2616,34.2658,482,43500,0.917591,0.77,2,1146857,1146375,482
89754381,24.9181,26.2557,526,46090,0.91,1,2,1148667,1148141,526
89808401,110.915,127.344,478,21370,0.0964,0.49,1,1149343,1148865,478
89811321,92.3659,102.538,472,21469,0.09256,0.27,1,1149423,1148951,472
89823001,28.563,36.3306,434,21861,0.0615535,0.03,1,1149599,1149165,434
89825921,77.4252,87.1322,423,21958,0.0786214,0.05,1,1149709,1149286,423
89828841,65.1701,69.0529,423,22055,0.0374486,0.09,1,1149766,1149343,423
89831761,77.068,75.6212,428,22151,0.0449794,0.11,1,1149851,1149423,428
89834681,66.8272,66.8485,427,22247,0.0599918,0.11,1,1149911,1149484,427
89837601,75.3309,75.3394,427,22342,0.0779967,0.11,1,1149992,1149565,427
89840521,36.1324,37.3358,425,22437,0.0971987,0.03,1,1150002,1149577,425
89846361,76.5812,11.2537,533,22626,0.0767518,0.09,1,1150132,1149599,533
89849281,64.2325,70.5015,479,22720,0.0607007,0.01,1,1150188,1149709,479
89852201,76.093,62.4006,506,22813,0.0902803,0.05,1,1150272,1149766,506
89860961,37.5819,75.1536,437,23091,0.215778,0.11,1,1150429,1149992,437
89863881,25.8328,36.0615,445,23183,0.212311,0.13,1,1150447,1150002,445
89875561,69.4069,76.0912,490,23546,0.238955,0.15,1,1150762,1150272,490
89878481,80.5628,67.6365,516,23636,0.257582,0.19,1,1150850,1150334,516
89881401,38.2251,77.4546,442,23726,0.277033,0.25,1,1150860,1150418,442
89884321,26.09,37.5818,449,23815,0.296813,0.21,1,1150878,1150429,449
89898921,68.8035,69.4069,435,24257,0.424451,0.27,1,1151197,1150762,435
89942721,74.0027,18.4639,541,25536,0.753765,0.63,2,1152022,1151481,541
89945641,72.2011,60.7856,523,25619,0.763506,0.63,2,1152093,1151570,523
89957321,79.6659,27.3225,566,25948,0.920074,0.71,2,1152327,1151761,566
89960241,33.0664,76.929,458,26030,0.93803,0.71,2,1152329,1151871,458
89963161,48.6266,31.9716,515,26111,0.945212,0.75,2,1152388,1151873,515
90065361,49.3675,47.2474,527,28813,0.9148,1,2,1154313,1153786,527
90126681,60.1768,59.9369,449,30317,0.754167,0.55,2,1155349,1154900,449
90155881,61.325,60.1768,460,31008,0.929863,0.87,2,1155809,1155349,460
90252241,64.5114,60.302,489,33184,0.946,1,2,1157343,1156854,489
90261001,27.6007,28.4593,493,33375,0.928144,1,2,1157427,1156934,493
90269761,35.0304,34.6294,485,33564,0.764281,1,2,1157544,1157059,485
90272681,39.2122,40.8518,482,33627,0.767712,1,2,1157586,1157104,482
90275601,48.0849,48.7407,482,33690,0.757085,1,2,1157640,1157158,482
90301881,33.1109,35.0304,460,34251,0.435295,0.71,1,1158004,1157544,460
90304801,37.2444,14.0122,500,34313,0.444118,0.77,1,1158044,1157544,500
90345681,45.7289,62.119,481,35166,0.754886,0.53,2,1158651,1158170,481
90348601,50.6915,44.6476,502,35226,0.787955,0.53,2,1158705,1158203,502
90351521,44.8766,50.859,488,35286,0.789182,0.55,2,1158746,1158258,488
90354441,32.3506,43.7436,473,35346,0.789673,0.59,2,1158770,1158297,473
90380721,45.8414,45.7289,462,35881,0.934761,0.81,2,1159113,1158651,462
90535481,30.2574,32.2436,494,38880,0.92488,1,2,1161180,1160686,494
90541321,29.3212,29.159,496,38988,0.773181,1,2,1161240,1160744,496
90561761,32.1141,39.493,480,39366,0.0708395,0.95,1,1161516,1161036,480
90564681,33.2456,34.3972,483,39420,0.0823358,1,1,1161550,1161067,483
90573441,26.6317,30.2574,467,39581,0.0832695,0.83,1,1161647,1161180,467
90576361,25.6527,31.303,460,39634,0.0753078,0.71,1,1161672,1161212,460
90579281,26.4611,29.3212,459,39687,0.0601231,0.61,1,1161699,1161240,459
90582201,29.1844,33.9285,453,39740,0.0660492,0.55,1,1161730,1161277,453
90585121,27.2738,32.1714,448,39793,0.0804197,0.39,1,1161756,1161308,448
90588041,31.9095,39.2686,439,39846,0.0981679,0.31,1,1161791,1161352,439
90590961,32.5638,37.9074,435,39899,0.0932672,0.05,1,1161824,1161389,435
90605561,38.7402,25.5383,468,40164,0.0975983,0.15,1,1162018,1161550,468
90617241,25.7021,25.4554,448,40374,0.216435,0.05,1,1162120,1161672,448
90620161,30.6809,26.3822,455,40426,0.224574,0.07,1,1162154,1161699,455
90623081,27.2723,29.1529,449,40478,0.22783,0.09,1,1162179,1161730,449
90626001,32.5089,27.2611,459,40530,0.229132,0.11,1,1162215,1161756,459
90628921,33.4036,31.9045,458,40582,0.253653,0.09,1,1162249,1161791,458
90631841,51.7614,32.5618,489,40634,0.299461,0.17,1,1162313,1161824,489
90643521,38.9427,32.3504,469,40842,0.401794,0.09,1,1162444,1161975,469
90646441,36.5771,38.7402,461,40894,0.442718,0.19,1,1162479,1162018,461
90710681,54.7741,54.3391,447,42014,0.78404,0.51,2,1163198,1162751,447
90713601,40.5096,39.7357,448,42064,0.799616,0.55,2,1163229,1162781,448
90716521,31.2039,30.2943,449,42114,0.793846,0.55,2,1163254,1162805,449
90719441,35.8815,34.9177,450,42164,0.791539,0.59,2,1163293,1162843,450
90722361,41.9526,40.3671,452,42214,0.778615,0.59,2,1163339,1162887,452
90725281,17.981,17.3468,452,42264,0.773446,0.59,2,1163341,1162889,452
90731121,24.237,24.3755,451,42364,0.772951,0.63,2,1163397,1162946,451
90734041,26.4948,25.3502,453,42414,0.783181,0.65,2,1163425,1162972,453
90736961,27.9979,26.9401,454,42464,0.775272,0.69,2,1163454,1163000,454
90739881,32.1992,31.176,455,42514,0.760109,0.69,2,1163489,1163034,455
90742801,28.4797,27.4704,456,42564,0.778044,0.75,2,1163515,1163059,456
90745721,33.5919,32.5882,457,42614,0.797217,0.71,2,1163552,1163095,457
90748641,34.4367,33.4353,458,42664,0.792887,0.83,2,1163587,1163129,458
90774921,25.2774,17.6148,484,43105,0.904664,0.79,2,1163881,1163397,484
90777841,28.111,23.8459,486,43154,0.931866,0.77,2,1163911,1163425,486
91046481,322.141,350.701,477,21900,0.777631,1,2,1166888,1166411,477
91055241,88.993,92.4288,488,22189,0.751288,0.81,2,1167154,1166666,488
91061081,57.0789,53.6686,488,22380,0.757406,0.61,2,1167259,1166771,488
91069841,104.093,31.4428,590,22663,0.786474,0.67,2,1167478,1166888,590
91090281,103.464,33.2563,611,23310,0.939673,0.77,2,1167938,1167327,611
91172041,65.6478,48.408,547,25736,0.946,1,2,1169635,1169088,547
91174961,47.2591,63.1632,509,25818,0.9004,1,2,1169670,1169161,509
91189561,49.6196,46.602,531,26226,0.438388,1,1,1169988,1169457,531
91198321,45.7037,65.6465,502,26468,0.439177,0.87,1,1170137,1169635,502
91201241,36.2815,47.2586,497,26548,0.445671,0.8,1,1170167,1169670,497
91247961,61.3968,60.2355,454,27797,0.783191,0.63,2,1171001,1170547,454
91259641,64.2406,62.8092,456,28101,0.904738,0.77,2,1171247,1170791,456
91262561,47.8962,46.1237,458,28176,0.907895,0.73,2,1171284,1170826,458
91271321,27.3054,25.9919,460,28401,0.915145,0.75,2,1171376,1170916,460
91283001,102.512,34.5054,609,28698,0.937876,0.89,2,1171672,1171063,609
91487401,82.2845,80.6982,495,33468,0.920156,1,2,1175035,1174540,495
91490321,56.9138,48.4793,508,33531,0.920062,1,2,1175075,1174567,508
91493241,43.1655,38.5917,510,33594,0.926025,1,2,1175109,1174599,510
91531201,33.0352,27.4025,506,34404,0.449487,0.83,1,1175641,1175135,506
91534121,34.2141,36.161,499,34465,0.425795,0.79,1,1175676,1175177,499
91537041,30.4856,36.6644,490,34526,0.440318,0.81,1,1175704,1175214,490
91539961,52.9943,32.0658,529,34587,0.434127,0.69,1,1175772,1175243,529
91542881,37.9977,54.8263,487,34648,0.431651,0.63,1,1175800,1175313,487
91580841,29.2706,28.9991,474,35433,0.757839,0.51,2,1176297,1175823,474
91586681,55.8033,77.9599,488,35553,0.782454,0.61,2,1176450,1175962,488
91589601,36.1213,54.5839,472,35612,0.786982,0.57,2,1176473,1176001,472
91618801,80.4601,79.5082,461,36201,0.921659,0.81,2,1176871,1176410,461
91621721,56.784,55.8033,462,36259,0.902664,0.79,2,1176912,1176450,462
91624641,36.5136,36.1213,462,36317,0.931065,0.83,2,1176935,1176473,462
91627561,30.2054,30.6485,461,36375,0.942426,0.83,2,1176961,1176500,461
91767721,43.8584,41.7026,496,39065,0.92104,1,2,1178855,1178359,496
91788161,34.1891,43.514,494,39443,0.273533,1,1,1179060,1178566,494
91799841,73.1488,81.3652,488,39656,0.0562984,1,1,1179267,1178779,488
91805681,34.2638,43.8584,467,39762,0.0630077,0.85,1,1179322,1178855,467
91808601,29.9055,36.1434,463,39815,0.0552031,0.83,1,1179349,1178886,463
91811521,19.1622,24.0573,459,39868,0.0520812,0.67,1,1179361,1178902,459
91814441,29.2649,34.8229,453,39921,0.0868325,0.51,1,1179397,1178944,453
91817361,20.706,28.3292,444,39974,0.064733,0.41,1,1179412,1178968,444
91820281,20.8824,26.9317,439,40027,0.0558932,0.29,1,1179433,1178994,439
91823201,23.353,26.9727,437,40080,0.0763573,0.29,1,1179458,1179021,437
91826121,29.1412,10.7891,470,40133,0.0605429,0.21,1,1179491,1179021,470
91829041,27.8565,27.7156,458,40186,0.0422172,0.09,1,1179518,1179060,458
91831961,33.9426,31.4863,462,40239,0.0708869,0.09,1,1179556,1179094,462
91834881,38.777,35.3945,466,40291,0.0463547,0.13,1,1179598,1179132,466
91843641,32.4577,46.5932,447,40447,0.0977667,0.03,1,1179743,1179296,447
91890361,29.2084,18.8732,463,41274,0.201362,0.11,1,1180245,1179782,463
91893281,21.2834,29.7493,442,41325,0.206545,0.13,1,1180261,1179819,442
91896201,21.7133,20.8997,449,41376,0.220618,0.11,1,1180283,1179834,449
91899121,24.2853,22.1599,452,41427,0.226247,0.11,1,1180309,1179857,452
91902041,28.9141,24.464,458,41478,0.240499,0.13,1,1180341,1179883,458
91904961,28.9657,28.3856,456,41529,0.2342,0.13,1,1180370,1179914,456
91907881,12.7863,28.7542,429,41580,0.23168,0.17,1,1180372,1179943,429
91910801,27.3145,33.1017,430,41631,0.218672,0.13,1,1180409,1179979,430
91913721,33.1258,37.8407,426,41682,0.237469,0.17,1,1180446,1180020,426
91916641,72.6503,72.1363,430,41733,0.244988,0.17,1,1180545,1180115,430
91919561,47.6601,47.4545,430,41784,0.259995,0.19,1,1180576,1180146,430
91922481,34.6641,33.3818,432,41835,0.265998,0.19,1,1180602,1180170,432
91925401,29.4656,29.5527,431,41885,0.280399,0.19,1,1180628,1180197,431
91928321,18.9862,19.0211,431,41935,0.29816,0.21,1,1180640,1180209,431
91931241,29.7945,29.2084,432,41985,0.293264,0.21,1,1180677,1180245,432
91934161,21.5178,21.2834,432,42035,0.267306,0.23,1,1180693,1180261,432
91937081,22.4071,21.7133,433,42085,0.292922,0.23,1,1180716,1180283,433
91951681,27.264,27.3145,433,42335,0.298132,0.25,1,1180842,1180409,433
91963361,34.1012,34.6641,433,42535,0.416832,0.29,1,1181035,1180602,433
91966281,29.8405,29.4656,434,42585,0.424733,0.31,1,1181062,1180628,434
91969201,19.7362,18.9862,435,42635,0.415893,0.29,1,1181075,1180640,435
91972121,29.4945,29.7945,434,42684,0.448357,0.25,1,1181111,1180677,434
91975041,21.3978,21.5178,434,42733,0.437343,0.31,1,1181127,1180693,434
92024681,29.9025,25.3819,478,43565,0.751729,0.55,2,1181656,1181178,478
92027601,29.361,29.3528,475,43613,0.750692,0.55,2,1181685,1181210,475
92030521,12.9444,28.5411,449,43661,0.774277,0.57,2,1181687,1181238,449
92033441,27.9778,12.6164,485,43709,0.783711,0.57,2,1181725,1181240,485
92036361,36.9911,27.8466,490,43757,0.799484,0.57,2,1181768,1181278,490
92048041,30.0638,35.3449,478,43949,0.927715,0.63,2,1181954,1181476,478
92050961,21.6255,29.7379,468,43997,0.941086,0.63,2,1181970,1181502,468
92053881,31.4502,20.2952,492,44045,0.946434,0.69,2,1182008,1181516,492
92269961,34.4765,35.3307,514,47459,0.92056,1,2,1184382,1183868,514
92275801,20.0362,21.8529,507,47547,0.78929,1,2,1184420,1183913,507
92293321,32.6201,32.5682,504,47811,0.250884,1,1,1184598,1184094,504
92305001,34.5455,42.1137,485,47987,0.0733826,0.95,1,1184721,1184236,485
92307921,27.0182,35.4455,476,48031,0.0713531,0.98,1,1184743,1184267,476
92310841,34.8073,42.9782,468,48075,0.0465412,0.96,1,1184783,1184315,468
92313761,33.1229,38.1913,465,48119,0.0606165,0.89,1,1184815,1184350,465
92316681,33.6492,34.4765,467,48163,0.0422466,0.85,1,1184849,1184382,467
92319601,22.4597,27.5906,459,48207,0.0348986,0.73,1,1184864,1184405,459
92322521,16.1839,20.0362,456,48251,0.0439595,0.65,1,1184876,1184420,456
92325441,16.6735,21.2145,451,48295,0.0715838,0.51,1,1184893,1184442,451
92328361,25.8694,31.2858,445,48339,0.0706335,0.51,1,1184925,1184480,445
92331281,25.3478,29.3143,442,48383,0.0822534,0.39,1,1184950,1184508,442
92334201,18.5391,23.1257,437,48427,0.0629014,0.27,1,1184964,1184527,437
92337121,27.2156,32.0503,432,48471,0.0551605,0.19,1,1184997,1184565,432
92340041,29.4863,32.6201,430,48514,0.0640642,0.15,1,1185028,1184598,430
92342961,28.5945,31.648,427,48557,0.0676257,0.15,1,1185056,1184629,427
92345881,19.8378,21.6592,426,48600,0.0930503,0.07,1,1185070,1184644,426
92392601,20.0679,28.5892,438,49288,0.202929,0.11,1,1185494,1185056,438
92395521,35.6271,19.8357,470,49331,0.255172,0.17,1,1185540,1185070,470
92398441,33.4509,32.5343,461,49374,0.288069,0.15,1,1185572,1185111,461
92404281,35.3521,25.7255,469,49460,0.282491,0.11,1,1185634,1185165,469
92433481,29.4263,28.5605,459,49883,0.427431,0.17,1,1185880,1185421,459
92436401,30.3705,29.4242,460,49925,0.428972,0.21,1,1185911,1185451,460
92439321,20.5482,29.1697,445,49967,0.429589,0.21,1,1185925,1185480,445
92521081,24.6483,23.7699,454,51134,0.783494,0.67,2,1186667,1186213,454
92524001,26.0593,25.108,455,51175,0.763398,0.69,2,1186694,1186239,455
92526921,18.8237,17.8432,456,51216,0.755359,0.69,2,1186708,1186252,456
92529841,33.9295,33.5373,456,51257,0.764144,0.69,2,1186752,1186296,456
92532761,31.5718,30.2149,458,51298,0.779657,0.73,2,1186782,1186324,458
92535681,30.6287,30.086,458,51339,0.761863,0.73,2,1186812,1186354,458
92538601,20.6515,20.4344,458,51380,0.778745,0.69,2,1186826,1186368,458
92541521,40.0606,40.5738,457,51421,0.773498,0.71,2,1186879,1186422,457
92544441,36.4242,36.6295,457,51462,0.783399,0.75,2,1186913,1186456,457
92547361,26.5697,26.6518,457,51503,0.79936,0.75,2,1186933,1186476,457
92550281,36.4279,36.4607,457,51544,0.769744,0.71,2,1186976,1186519,457
92594081,36.7656,40.0546,492,52155,0.915867,0.79,2,1187371,1186879,492
92597001,27.3062,36.4219,479,52195,0.936347,0.81,2,1187392,1186913,479
92783881,335.215,372.616,445,24820,0.2332,0.17,1,1189537,1189092,445
92811621,76.5543,86.8585,424,25633,0.084112,0.09,1,1189625,1189201,424
92814541,61.8217,48.5434,453,25716,0.0876448,0.07,1,1189677,1189224,453
92817461,78.7287,55.4174,483,25798,0.0650579,0.05,1,1189767,1189284,483
92820381,77.0915,73.7669,473,25880,0.0440232,0.09,1,1189843,1189370,473
92823301,63.2366,70.3068,459,25962,0.0716093,0.09,1,1189897,1189438,459
92826221,58.8946,68.9227,447,26044,0.0946437,0.07,1,1189953,1189506,447
92834981,25.2733,31.2671,431,26287,0.200697,0.05,1,1190051,1189620,431
92837901,40.7093,15.5068,477,26368,0.230279,0.09,1,1190102,1189625,477
92843741,73.5935,68.9611,499,26528,0.0644446,0.03,1,1190266,1189767,499
92846661,63.0374,73.1844,479,26608,0.0557778,0.09,1,1190322,1189843,479
92870021,68.9955,73.5909,423,27238,0.0920237,0.05,1,1190689,1190266,423
92878781,47.6877,46.2058,428,27471,0.0968495,0.11,1,1190845,1190417,428
92893381,61.0394,61.4888,427,27854,0.264195,0.07,1,1191042,1190615,427
92905061,48.3146,47.6877,426,28157,0.405883,0.17,1,1191271,1190845,426
92907981,56.5258,54.4751,429,28232,0.444353,0.13,1,1191333,1190904,429
92916741,35.9697,5.5984,480,28457,0.439559,0.23,1,1191394,1190914,480
92919661,63.5879,32.2394,512,28531,0.433823,0.31,1,1191476,1190964,512
92969301,37.6238,14.4046,500,29767,0.761252,0.57,2,1192285,1191785,500
93135741,54.2712,49.9909,498,33578,0.0552318,1,1,1194966,1194468,498
93138661,44.5085,45.1964,494,33641,0.0400927,1,1,1195004,1194510,494
93141581,49.0034,56.4785,482,33704,0.0160371,0.99,1,1195056,1194574,482
93144501,36.4014,44.1914,474,33767,0.0124148,0.94,1,1195084,1194610,474
93147421,33.7605,39.2766,470,33830,0.0229659,0.85,1,1195116,1194646,470
93150341,32.7042,38.5106,464,33893,0.0271864,0.79,1,1195148,1194684,464
93153261,50.2817,56.2043,458,33955,0.0408745,0.61,1,1195210,1194752,458
93156181,36.9127,45.2817,448,34017,0.0463498,0.41,1,1195238,1194790,448
93159101,32.1651,39.1127,442,34079,0.0245399,0.15,1,1195267,1194825,442
93162021,29.066,38.4451,431,34141,0.039816,0.03,1,1195294,1194863,431
93164941,31.4264,38.178,426,34203,0.0339264,0,1,1195327,1194901,426
93167861,49.1706,54.2712,422,34265,0.0135706,0,1,1195388,1194966,422
93170781,43.0682,21.7085,461,34327,0.0114282,0.03,1,1195427,1194966,461
93173701,48.4273,31.4834,475,34389,0.00457129,0,1,1195479,1195004,475
93176621,34.9709,43.7934,449,34450,0.0198285,0.01,1,1195505,1195056,449
93179541,33.1884,34.3173,453,34511,0.0379314,0.03,1,1195537,1195084,453
93182461,32.4753,32.9269,453,34572,0.0211726,0.03,1,1195569,1195116,453
93185381,50.7901,32.3708,484,34633,0.038469,0.05,1,1195632,1195148,484
93188301,36.5161,50.1483,449,34694,0.0693876,0.05,1,1195659,1195210,449
93191221,32.0064,36.8593,450,34755,0.093755,0.01,1,1195688,1195238,450
93194141,29.0026,32.1437,448,34816,0.055502,0.05,1,1195715,1195267,448
93197061,31.401,29.0575,454,34877,0.0402008,0.03,1,1195748,1195294,454
93199981,49.1604,31.423,482,34938,0.0160803,0,1,1195809,1195327,482
93202901,45.4642,49.1692,464,34999,0.0124321,0.01,1,1195852,1195388,464
93205821,46.9857,43.0677,473,35059,0.00497285,0,1,1195900,1195427,473
93208741,34.9943,48.4271,448,35119,0.0319891,0.03,1,1195927,1195479,448
93211661,32.5977,34.9708,453,35179,0.0187957,0.05,1,1195958,1195505,453
93214581,33.4391,33.1883,455,35239,0.0255183,0.01,1,1195992,1195537,455
93217501,54.1756,32.4753,491,35299,0.0282073,0.05,1,1196060,1195569,491
93220421,36.0703,50.7901,452,35359,0.0292829,0.09,1,1196084,1195632,452
93223341,31.2281,36.5161,453,35419,0.0297132,0.11,1,1196112,1195659,453
93226261,27.4912,32.0064,449,35479,0.0178853,0.03,1,1196137,1195688,449
93229181,30.1965,29.0026,454,35539,0.0251541,0.03,1,1196169,1195715,454
93232101,48.6786,31.401,482,35598,0.0160616,0,1,1196230,1195748,482
93235021,46.4714,49.1604,466,35657,0.0124247,0.01,1,1196275,1195809,466
93237941,19.7886,45.4642,425,35716,0.0229699,0,1,1196277,1195852,425
93240861,35.5154,46.9857,423,35775,0.00918794,0.05,1,1196323,1195900,423
93243781,31.0062,34.9943,424,35834,0.0336752,0.01,1,1196351,1195927,424
93246701,30.4025,32.5977,423,35893,0.0314701,0.03,1,1196381,1195958,423
93249621,32.561,33.4391,423,35952,0.012588,0.03,1,1196415,1195992,423
93252541,53.2244,54.1756,422,36011,0.0230352,0.03,1,1196482,1196060,422
93255461,36.2898,36.0703,423,36070,0.0392141,0.03,1,1196507,1196084,423
93258381,31.3159,31.2281,423,36129,0.0456856,0.01,1,1196535,1196112,423
93261301,27.5264,27.4912,423,36187,0.0602743,0.03,1,1196560,1196137,423
93264221,30.8105,30.1965,424,36245,0.0661097,0.01,1,1196593,1196169,424
93267141,47.7242,48.6786,422,36303,0.0684439,0.01,1,1196652,1196230,422
93270061,46.6897,46.4714,423,36361,0.0273776,0.03,1,1196698,1196275,423
93272981,19.8759,19.7886,423,36419,0.040951,0,1,1196700,1196277,423
93275901,34.9504,35.5154,422,36477,0.0223804,0.05,1,1196745,1196323,422
93278821,31.3801,31.0062,423,36535,0.0269522,0.03,1,1196774,1196351,423
93281741,29.9521,30.4025,422,36593,0.0287809,0,1,1196803,1196381,422
93284661,32.3808,32.561,422,36651,0.0295123,0.03,1,1196837,1196415,422
93287581,53.1523,53.2244,422,36709,0.0298049,0.05,1,1196904,1196482,422
93290501,36.2609,36.2898,422,36767,0.017922,0.05,1,1196929,1196507,422
93293421,31.3044,31.3159,422,36824,0.0251688,0.07,1,1196957,1196535,422
93296341,29.9217,27.5264,426,36881,0.0640675,0.07,1,1196986,1196560,426
93305101,46.027,46.6897,422,37052,0.0749003,0.05,1,1197120,1196698,422
93308021,19.6108,19.8759,422,37109,0.0359601,0.01,1,1197122,1196700,422
93310941,35.4443,34.9504,423,37166,0.032384,0.01,1,1197168,1196745,423
93313861,30.9777,13.9801,451,37223,0.0309536,0.03,1,1197196,1196745,451
93316781,29.7911,22.9921,451,37280,0.0543815,0.03,1,1197225,1196774,451
93319701,31.7164,26.5968,455,37337,0.0637526,0.03,1,1197258,1196803,455
93322621,52.8866,31.0387,488,37394,0.067501,0.03,1,1197325,1196837,488
93325541,36.7546,52.6155,447,37451,0.0450004,0.01,1,1197351,1196904,447
93328461,31.5019,36.0462,450,37507,0.0600002,0.03,1,1197379,1196929,450
93331381,32.4007,31.2185,455,37563,0.0540001,0.09,1,1197412,1196957,455
93334301,32.1603,29.8874,458,37619,0.0516,0.15,1,1197444,1196986,458
93337221,45.2641,31.155,480,37675,0.07464,0.11,1,1197498,1197018,480
93340141,43.9056,46.062,467,37731,0.035856,0.05,1,1197541,1197074,467
93343061,18.7623,46.0248,423,37787,0.0203424,0.01,1,1197543,1197120,423
93345981,35.1049,19.6099,467,37843,0.026137,0.03,1,1197589,1197122,467
93348901,32.042,35.444,451,37899,0.0164548,0.03,1,1197619,1197168,451
93351821,30.8168,30.9776,453,37955,0.0245819,0.07,1,1197649,1197196,453
93354741,30.9267,29.791,455,38011,0.0398328,0.07,1,1197680,1197225,455
93357661,53.7707,31.7164,491,38067,0.0339331,0.07,1,1197749,1197258,491
93360581,37.1083,52.8866,450,38122,0.0435732,0.03,1,1197775,1197325,450
93363501,31.6433,36.7546,452,38177,0.0594293,0.07,1,1197803,1197351,452
93366421,31.8573,31.5019,456,38232,0.0657717,0.05,1,1197835,1197379,456
93369341,31.9429,32.4007,455,38287,0.0683087,0.05,1,1197867,1197412,455
93372261,46.9772,32.1603,480,38342,0.0453235,0.09,1,1197924,1197444,480
93375181,42.1909,45.2641,465,38397,0.0481294,0.01,1,1197963,1197498,465
93378101,18.0763,43.9056,424,38452,0.0252518,0.01,1,1197965,1197541,424
93381021,34.2305,18.7623,467,38507,0.0641007,0.03,1,1198010,1197543,467
93383941,31.6922,35.1049,451,38562,0.0676403,0.01,1,1198040,1197589,451
93386861,31.2769,32.042,452,38617,0.0810561,0.03,1,1198071,1197619,452
93389781,13.7108,30.8168,424,38672,0.0864224,0.05,1,1198073,1197649,424
93392701,24.6843,30.9267,425,38727,0.088569,0.03,1,1198105,1197680,425
93416061,17.6432,18.0763,422,39160,0.212713,0.09,1,1198387,1197965,422
93421901,32.7029,31.6922,425,39268,0.224834,0.09,1,1198465,1198040,425
93424821,32.2812,31.2769,426,39322,0.239934,0.09,1,1198497,1198071,426
93427741,14.1125,13.7108,426,39376,0.245973,0.09,1,1198499,1198073,426
93430661,24.845,24.6843,426,39430,0.296389,0.13,1,1198531,1198105,426
93442341,32.8968,31.8127,429,39643,0.413716,0.17,1,1198689,1198260,429
93445261,32.9587,31.9251,430,39696,0.447486,0.19,1,1198722,1198292,430
93527021,42.7845,48.0506,490,41159,0.756226,0.61,2,1199711,1199221,490
93529941,18.3138,42.6203,453,41210,0.76449,0.61,2,1199713,1199260,453
93532861,33.7255,18.2481,495,41261,0.791796,0.61,2,1199757,1199262,495
93535781,36.2902,33.6992,489,41312,0.778718,0.65,2,1199795,1199306,489
93538701,34.9161,35.0797,487,41363,0.773487,0.63,2,1199829,1199342,487
93541621,15.1664,33.8319,456,41414,0.771395,0.63,2,1199831,1199375,456
93559141,32.8993,35.5077,458,41720,0.913261,0.75,2,1200035,1199577,458
93564981,50.3839,49.9612,460,41822,0.900922,0.77,2,1200133,1199673,460
93567901,42.9536,42.7845,460,41872,0.918369,0.77,2,1200171,1199711,460
93570821,18.3814,18.3138,460,41922,0.949347,0.81,2,1200173,1199713,460
93746021,35.8347,32.01,512,44840,0.920774,1,2,1202214,1201702,512
93833621,35.7834,32.4509,487,46231,0.768365,0.63,2,1203131,1202644,487
93836541,27.5134,33.9804,474,46277,0.793346,0.61,2,1203153,1202679,474
93856981,25.697,32.7942,477,46594,0.901699,0.75,2,1203376,1202899,477
93859901,20.4788,25.7177,473,46639,0.93068,0.69,2,1203393,1202920,473
93862821,38.1915,20.4871,506,46684,0.942272,0.71,2,1203443,1202937,506
94111021,177.61,167.622,515,22724,0.4012,0.83,1,1206051,1205536,515
94122701,66.9756,62.1935,493,23095,0.416975,0.31,1,1206323,1205830,493
94125621,57.9902,80.0774,453,23187,0.42479,0.39,1,1206375,1205922,453
94154821,67.3861,71.2501,450,24085,0.778717,0.65,2,1206937,1206487,450
94163581,71.7047,70.008,456,24348,0.918878,0.71,2,1207159,1206703,456
94166501,66.4819,65.2032,457,24435,0.937551,0.71,2,1207222,1206765,457
94169421,57.7928,57.2813,457,24522,0.93302,0.73,2,1207274,1206817,457
94172341,31.5171,31.9125,456,24608,0.931208,0.69,2,1207288,1206832,456
94297901,25.5727,30.2797,481,28072,0.407615,0.81,1,1209689,1209208,481
94300821,53.4291,61.3119,471,28147,0.421046,0.75,1,1209761,1209290,471
94303741,63.9716,76.7247,455,28222,0.426418,0.65,1,1209832,1209377,455
94306661,74.1887,83.4899,448,28297,0.428567,0.53,1,1209913,1209465,448
94309581,48.2755,54.396,444,28372,0.429427,0.53,1,1209944,1209500,444
94312501,39.1102,21.7584,477,28447,0.405771,0.57,1,1209977,1209500,477
94315421,58.2441,28.5034,515,28521,0.432308,0.47,1,1210048,1209533,515
94318341,41.2976,54.6013,473,28595,0.418923,0.49,1,1210078,1209605,473
94321261,36.3191,42.2405,472,28669,0.413569,0.49,1,1210111,1209639,472
94324181,25.3276,36.0962,458,28743,0.423428,0.35,1,1210129,1209671,458
94347541,36.0365,41.2971,474,29327,0.751164,0.41,2,1210552,1210078,474
94350461,25.8146,36.3188,460,29399,0.750466,0.43,2,1210571,1210111,460
94353381,55.3258,25.3275,517,29471,0.774186,0.49,2,1210646,1210129,517
94356301,65.3303,53.331,517,29543,0.795675,0.51,2,1210718,1210201,517
94376741,31.2864,36.0365,460,30041,0.921402,0.75,2,1211012,1210552,460
94481861,41.4029,50.2352,509,32479,0.94,1,2,1212756,1212247,509
94502301,49.2702,61.8005,497,32932,0.410991,1,1,1213029,1212532,497
94505221,58.1081,67.9202,489,32996,0.290396,1,1,1213093,1212604,489
94519821,41.0081,47.5445,460,33316,0.0741577,0.77,1,1213325,1212865,460
94522741,27.8033,31.6178,458,33379,0.0716631,0.67,1,1213344,1212886,458
94525661,23.1213,25.8471,456,33442,0.0946652,0.61,1,1213364,1212908,456
94546101,35.0697,36.5509,427,33883,0.225822,0.11,1,1213658,1213231,427
94549021,48.2279,50.0204,425,33945,0.240329,0.05,1,1213715,1213290,425
94551941,39.6912,41.0081,424,34007,0.222132,0.07,1,1213749,1213325,424
94554861,27.8765,27.8033,425,34069,0.238853,0.11,1,1213769,1213344,425
94557781,23.7506,23.1213,426,34131,0.233541,0.15,1,1213790,1213364,426
94560701,25.1002,25.4485,425,34193,0.267416,0.09,1,1213816,1213391,425
94563621,22.0401,22.7794,424,34255,0.292967,0.09,1,1213836,1213412,424
94566541,44.816,9.11176,484,34317,0.255187,0.11,1,1213896,1213412,484
94569461,50.3264,38.4447,480,34379,0.252075,0.19,1,1213950,1213470,480
94572381,68.1306,47.7779,506,34441,0.27483,0.21,1,1214030,1213524,506
94595741,22.4753,25.0988,454,34929,0.404119,0.31,1,1214270,1213816,454
94598661,43.7901,22.0395,492,34990,0.407648,0.23,1,1214328,1213836,492
94601581,50.5161,44.8158,487,35050,0.445059,0.25,1,1214383,1213896,487
94639541,70.0743,70.0064,451,35825,0.751183,0.59,2,1214917,1214466,451
94642461,44.8297,44.8026,451,35884,0.762473,0.61,2,1214945,1214494,451
94645381,37.1319,36.521,452,35943,0.790989,0.61,2,1214977,1214525,452
94659981,26.6602,26.1596,454,36237,0.900641,0.65,2,1215145,1214691,454
94662901,22.6641,22.4638,454,36295,0.906256,0.69,2,1215165,1214711,454
94665821,45.0656,43.7855,456,36353,0.932503,0.69,2,1215225,1214769,456
94668741,19.2263,18.7142,456,36411,0.919001,0.75,2,1215227,1214771,456
94671661,42.4905,41.6857,457,36469,0.9256,0.77,2,1215285,1214828,457
94826421,39.6643,35.4646,499,39423,0.769045,1,2,1217382,1216883,499
94841021,27.5521,26.1612,496,39689,0.443609,1,1,1217537,1217041,496
94846861,32.9683,46.0658,475,39795,0.230578,0.98,1,1217605,1217130,475
94858541,39.5992,45.4017,465,40007,0.0482868,0.79,1,1217766,1217301,465
94861461,41.6397,45.1607,463,40060,0.0193147,0.79,1,1217809,1217346,463
94864381,35.8559,18.0643,495,40113,0.0137259,0.73,1,1217841,1217346,495
94867301,31.1423,28.8257,487,40166,0.0234904,0.69,1,1217869,1217382,487
94870221,32.2569,30.7303,488,40219,0.0513961,0.49,1,1217902,1217414,488
94873141,30.9028,33.8921,482,40271,0.0625585,0.47,1,1217932,1217450,482
94876061,27.3611,32.7568,475,40323,0.0670234,0.43,1,1217957,1217482,475
94878981,21.1444,31.1027,462,40375,0.0928093,0.43,1,1217974,1217512,462
94881901,25.8578,27.4411,466,40427,0.0911237,0.29,1,1218003,1217537,466
94893581,47.9228,32.9921,482,40635,0.0982848,0.09,1,1218156,1217674,482
94896501,37.7691,47.9968,455,40687,0.0933139,0.01,1,1218187,1217732,455
94899421,40.9076,39.5987,464,40739,0.0433256,0,1,1218230,1217766,464
94902341,36.1631,41.6395,454,40791,0.0353302,0.01,1,1218263,1217809,454
94905261,31.2652,35.8558,450,40843,0.0321321,0.03,1,1218291,1217841,450
94908181,32.3061,31.1423,455,40895,0.0428528,0.07,1,1218324,1217869,455
94911101,32.1224,32.2569,454,40947,0.0591411,0.07,1,1218356,1217902,454
94914021,28.449,30.9028,450,40999,0.0776565,0.07,1,1218382,1217932,450
94916941,21.5796,27.3611,442,41050,0.0970626,0.11,1,1218399,1217957,442
94937381,38.5403,37.7691,465,41407,0.216634,0.01,1,1218652,1218187,465
94940301,35.2161,40.9076,455,41458,0.212654,0.03,1,1218685,1218230,455
94951981,29.6871,32.1224,425,41662,0.225044,0.09,1,1218781,1218356,425
94954901,28.0749,28.449,426,41713,0.228018,0.11,1,1218808,1218382,426
94957821,22.6299,21.5796,428,41764,0.229207,0.13,1,1218827,1218399,428
94960741,28.252,27.8318,428,41815,0.229683,0.13,1,1218859,1218431,428
94963661,26.9008,26.7327,428,41865,0.241873,0.13,1,1218885,1218457,428
94966581,32.3603,32.2931,428,41915,0.258749,0.15,1,1218921,1218493,428
94969501,30.9441,30.3172,429,41965,0.2415,0.15,1,1218951,1218522,429
94972421,49.5777,48.1269,431,42015,0.2826,0.23,1,1219013,1218582,431
94992861,30.2554,29.6871,432,42365,0.449861,0.23,1,1219213,1218781,432
95083381,28.1473,22.8663,478,43883,0.755351,0.51,2,1220180,1219702,478
95086301,28.6589,28.3465,475,43931,0.77614,0.51,2,1220209,1219734,475
95089221,34.8636,28.1386,486,43979,0.784456,0.57,2,1220248,1219762,486
95092141,33.1454,33.4554,481,44027,0.799783,0.57,2,1220280,1219799,481
95115501,31.188,24.7527,489,44411,0.914765,0.67,2,1220557,1220068,489
95118421,29.8752,30.3011,484,44458,0.935906,0.69,2,1220586,1220102,484
95121341,13.1501,28.9204,458,44505,0.944362,0.77,2,1220588,1220130,458
95293621,34.8355,30.0878,518,47219,0.949909,1,2,1222507,1221989,518
95296541,30.1342,29.4351,516,47264,0.943964,1,2,1222534,1222018,516
95299461,22.2537,30.374,502,47309,0.947585,1,2,1222551,1222049,502
95305301,26.9606,16.6198,522,47399,0.949614,1,2,1222608,1222086,522
95319901,33.421,39.8556,477,47619,0.931641,0.95,2,1222736,1222259,477
95328661,33.5069,35.8868,476,47751,0.911625,0.93,2,1222849,1222373,476
95538901,32.8315,33.8183,501,50832,0.946,1,2,1225003,1224502,501
95547661,34.2612,21.7004,523,50955,0.778384,1,2,1225098,1224575,523
95565181,23.5551,33.5289,505,51201,0.448565,1,1,1225255,1224750,505
95568101,23.222,32.0116,497,51242,0.437426,1,1,1225278,1224781,497
95573941,31.5555,30.3219,508,51324,0.267988,1,1,1225346,1224838,508
95576861,23.4222,33.7287,490,51365,0.269195,1,1,1225364,1224874,490
95579781,27.9689,31.4915,491,51406,0.221678,1,1,1225395,1224904,491
95585621,28.715,34.0786,483,51488,0.0990685,0.91,1,1225454,1224971,483
95588541,25.286,32.8315,474,51529,0.0696274,0.79,1,1225477,1225003,474
95591461,22.7144,31.1326,465,51570,0.093851,0.85,1,1225498,1225033,465
95594381,25.8858,28.653,466,51611,0.0435404,0.73,1,1225526,1225060,466
95597301,28.9543,34.2612,459,51652,0.0474162,0.61,1,1225557,1225098,459
95600221,28.9817,32.3045,457,51693,0.0369665,0.73,1,1225586,1225129,457
95603141,19.9927,23.1218,454,51734,0.0567866,0.59,1,1225600,1225146,454
95606061,17.5971,20.0487,452,51775,0.0767146,0.59,1,1225616,1225164,452
95608981,28.6388,8.01949,488,51816,0.0606859,0.51,1,1225652,1225164,488
95611901,28.8555,28.4078,475,51857,0.0542743,0.47,1,1225681,1225206,475
95614821,19.3422,29.9631,457,51898,0.0637097,0.41,1,1225694,1225237,457
95617741,17.3369,22.7852,455,51939,0.0674839,0.43,1,1225710,1225255,455
95620661,26.7348,22.9141,465,51980,0.0809936,0.25,1,1225743,1225278,465
95623581,28.6939,30.7656,459,52021,0.0623974,0.23,1,1225773,1225314,459
95626501,22.2776,31.5063,445,52061,0.054959,0.27,1,1225791,1225346,445
95629421,25.111,23.4025,454,52101,0.0999836,0.19,1,1225818,1225364,454
95635261,28.3778,29.7844,450,52181,0.0963974,0.07,1,1225876,1225426,450
95644021,25.1202,22.7142,449,52301,0.0851294,0.01,1,1225947,1225498,449
95646941,30.4481,25.8857,455,52341,0.0760518,0.05,1,1225981,1225526,455
95649861,28.3792,28.9543,451,52381,0.0964207,0.03,1,1226008,1225557,451
95655701,17.7407,19.9927,439,52461,0.0838273,0.09,1,1226039,1225600,439
95658621,29.2963,17.5971,460,52501,0.0995309,0.05,1,1226076,1225616,460
95670301,25.4892,17.3369,456,52661,0.208228,0.09,1,1226166,1225710,456
95673221,29.3957,26.7348,455,52701,0.221291,0.05,1,1226198,1225743,455
95676141,23.1583,28.6939,444,52741,0.214516,0.05,1,1226217,1225773,444
95679061,26.0633,22.2776,454,52781,0.223807,0.13,1,1226245,1225791,454
95681981,27.2253,25.111,455,52821,0.239523,0.11,1,1226273,1225818,455
95684901,27.6901,27.4444,454,52861,0.245809,0.09,1,1226301,1225847,454
95687821,26.0761,28.3778,450,52901,0.260324,0.11,1,1226326,1225876,450
95690741,22.4304,25.7511,446,52941,0.266129,0.11,1,1226346,1225900,446
95693661,23.9722,22.3004,451,52981,0.256452,0.07,1,1226371,1225920,451
95696581,31.1889,25.1202,460,53021,0.264581,0.07,1,1226407,1225947,460
95699501,27.4755,30.4481,451,53061,0.291832,0.11,1,1226432,1225981,451
95734541,27.9585,27.2253,434,53535,0.403082,0.25,1,1226707,1226273,434
95743301,22.7173,22.4304,435,53652,0.414837,0.25,1,1226781,1226346,435
95746221,23.4869,23.9722,434,53691,0.423935,0.27,1,1226805,1226371,434
95749141,32.1948,31.1889,436,53730,0.415574,0.31,1,1226843,1226407,436
95752061,28.4779,27.4755,437,53769,0.44823,0.33,1,1226869,1226432,437
95754981,20.9912,19.9902,438,53808,0.437292,0.31,1,1226885,1226447,438
95839661,29.7202,26.9199,483,54932,0.758103,0.67,2,1227602,1227119,483
95842581,28.6881,28.168,482,54970,0.765241,0.67,2,1227630,1227148,482
95845501,27.0752,28.0672,480,55008,0.780097,0.67,2,1227656,1227176,480
95848421,23.4301,26.8269,475,55046,0.774039,0.67,2,1227677,1227202,475
95851341,23.772,22.7307,479,55084,0.795615,0.69,2,1227701,1227222,479
95877621,17.0209,14.9938,471,55426,0.900427,0.63,2,1227908,1227437,471
95880541,28.4083,17.3975,488,55464,0.918171,0.67,2,1227944,1227456,488
95883461,32.9633,26.759,491,55502,0.925268,0.71,2,1227980,1227489,491
95886381,24.5853,30.5036,477,55540,0.940107,0.75,2,1227999,1227522,477
96138961,54.9987,56.4574,450,27936,0.767863,0.57,2,1230613,1230163,450
96141881,55.5995,56.183,450,28012,0.769145,0.57,2,1230669,1230219,450
96144801,72.6398,74.0732,448,28088,0.793658,0.55,2,1230753,1230305,448
96165241,57.0426,54.5412,511,28611,0.913787,0.81,2,1231072,1230561,511
96168161,56.417,53.0165,515,28685,0.935515,0.77,2,1231128,1230613,515
96179841,33.2059,21.1716,501,28979,0.938397,0.87,2,1231288,1230787,501
96182761,55.2823,31.2686,533,29052,0.945359,0.91,2,1231358,1230825,533
96284961,79.7474,47.6241,573,31502,0.778,1,2,1233135,1232562,573
96296641,32.7279,31.4592,522,31770,0.0756928,1,1,1233276,1232754,522
96299561,41.8912,37.1837,529,31837,0.0602771,1,1,1233324,1232795,529
96302481,66.5565,48.4735,556,31903,0.0421108,1,1,1233407,1232851,556
96305401,45.8226,66.1894,510,31969,0.0348443,1,1,1233439,1232929,510
96308321,34.529,45.6758,505,32035,0.0199377,1,1,1233466,1232961,505
96311241,33.0116,35.6703,508,32101,0.0139751,1,1,1233498,1232990,508
96314161,64.8046,35.8681,558,32167,0.07159,0.63,1,1233584,1233026,558
96317081,45.1219,79.7472,481,32233,0.070636,0.39,1,1233616,1233135,481
96322921,29.8995,44.7996,460,32364,0.0773018,0.07,1,1233673,1233213,460
96328761,39.3439,32.7279,469,32494,0.0855683,0.05,1,1233745,1233276,469
96331681,65.5376,41.8912,504,32559,0.0762273,0.03,1,1233828,1233324,504
96334601,46.015,66.5565,454,32624,0.0844909,0.03,1,1233861,1233407,454
96337521,34.006,45.8226,448,32689,0.0517964,0.01,1,1233887,1233439,448
96340441,35.2024,34.529,457,32754,0.0387185,0.01,1,1233923,1233466,457
96343361,15.281,33.0116,427,32819,0.0334874,0.11,1,1233925,1233498,427
96346281,58.3124,64.8046,428,32883,0.055395,0.07,1,1234012,1233584,428
96360881,37.4861,39.3439,422,33203,0.0695432,0.07,1,1234167,1233745,422
96363801,66.5944,65.5376,425,33267,0.0578173,0.09,1,1234253,1233828,425
96366721,44.6378,46.015,422,33331,0.0771269,0.03,1,1234283,1233861,422
96369641,34.6551,34.006,424,33394,0.0488508,0.03,1,1234311,1233887,424
96372561,35.462,35.2024,424,33457,0.0495403,0.03,1,1234347,1233923,424
96375481,15.3848,15.281,424,33520,0.0498161,0.07,1,1234349,1233925,424
96378401,58.9539,58.3124,425,33583,0.0259264,0.15,1,1234437,1234012,425
96381321,43.9816,41.925,428,33646,0.0523706,0.13,1,1234471,1234043,428
96384241,36.7926,35.97,428,33709,0.0749482,0.13,1,1234503,1234075,428
96393001,33.9387,37.4861,422,33897,0.0971967,0.05,1,1234589,1234167,422
96395921,65.1755,66.5944,422,33959,0.0688787,0.09,1,1234675,1234253,422
96398841,44.0702,44.6378,422,34021,0.0335515,0.03,1,1234705,1234283,422
96401761,34.4281,34.6551,422,34083,0.0314206,0.05,1,1234733,1234311,422
96404681,35.9712,35.462,423,34145,0.0305682,0.05,1,1234770,1234347,423
96407601,15.5885,15.3848,423,34207,0.0302273,0.05,1,1234772,1234349,423
96410521,58.4354,6.15393,510,34269,0.0660909,0.01,1,1234859,1234349,510
96428041,63.6979,33.9009,507,34637,0.0751987,0.05,1,1235096,1234589,507
96430961,44.0791,65.1604,452,34698,0.0600795,0.01,1,1235127,1234675,452
96433881,33.8317,44.0641,449,34759,0.0540318,0.03,1,1235154,1234705,449
96436801,36.3327,34.4257,459,34820,0.0516127,0.03,1,1235192,1234733,459
96439721,15.7331,35.9703,424,34881,0.0506451,0.03,1,1235194,1234770,424
96451401,31.8332,38.5096,453,35123,0.200257,0.11,1,1235381,1234928,453
96454321,25.9333,30.4039,450,35183,0.266103,0.15,1,1235403,1234953,450
96460161,60.1893,31.7446,507,35303,0.211776,0.03,1,1235518,1235011,507
96468921,37.2121,33.8317,461,35483,0.0646737,0.05,1,1235615,1235154,461
96471841,16.0848,36.3327,425,35543,0.0438695,0.05,1,1235617,1235192,425
96474761,64.0339,15.7331,519,35602,0.0715478,0.15,1,1235713,1235194,519
96477681,47.2136,60.8932,464,35661,0.0946191,0.15,1,1235749,1235285,464
96486441,30.9337,31.8332,436,35838,0.202616,0.31,1,1235817,1235381,436
96492281,32.6694,31.9733,438,35956,0.228019,0.15,1,1235877,1235439,438
96495201,55.6678,60.1893,430,36015,0.229207,0.17,1,1235948,1235518,430
96498121,39.0671,42.0757,428,36074,0.253683,0.07,1,1235976,1235548,428
96501041,30.0268,33.0303,425,36133,0.239473,0.03,1,1236000,1235575,425
96503961,34.8107,37.2121,423,36191,0.209789,0.03,1,1236038,1235615,423
96506881,15.1243,16.0848,423,36249,0.221916,0.09,1,1236040,1235617,423
96509801,66.0497,64.0339,427,36307,0.226766,0.11,1,1236140,1235713,427
96512721,48.0199,47.2136,427,36365,0.240707,0.11,1,1236176,1235749,427
96515641,20.408,20.0854,427,36423,0.222283,0.15,1,1236178,1235751,427
96518561,29.7632,27.8342,430,36481,0.226913,0.25,1,1236214,1235784,430
96521481,32.9053,30.9337,432,36539,0.228765,0.19,1,1236249,1235817,432
96524401,26.3621,26.1735,431,36597,0.265506,0.25,1,1236271,1235840,431
96527321,33.3448,32.6694,432,36655,0.292202,0.23,1,1236309,1235877,432
96544841,65.8666,66.0497,431,36999,0.402947,0.25,1,1236571,1236140,431
96547761,49.1467,48.0199,433,37056,0.419179,0.21,1,1236609,1236176,433
96550681,20.8587,20.408,433,37113,0.425672,0.23,1,1236611,1236178,433
96553601,28.7435,29.7632,431,37170,0.416269,0.23,1,1236645,1236214,431
96556521,33.0974,11.9053,467,37227,0.424507,0.23,1,1236681,1236214,467
96559441,27.039,25.7621,455,37284,0.427803,0.29,1,1236704,1236249,455
96603241,40.937,58.0862,475,38125,0.761275,0.53,2,1237292,1236817,475
96606161,30.7748,40.0345,471,38180,0.79051,0.55,2,1237316,1236845,471
96617841,50.4822,67.7209,485,38400,0.797501,0.53,2,1237496,1237011,485
96620761,21.3929,49.8884,449,38455,0.793,0.53,2,1237498,1237049,449
96623681,31.9572,21.1553,486,38510,0.7912,0.59,2,1237537,1237051,486
96638281,62.6524,60.3424,461,38785,0.902198,0.79,2,1237725,1237264,461
96822241,34.6731,26.8906,513,42075,0.922,1,2,1239999,1239486,513
96825161,31.2692,24.5563,519,42125,0.7708,1,2,1240028,1239509,519
96828081,21.5077,29.0225,502,42175,0.78232,1,2,1240043,1239541,502
96839761,34.573,26.9174,508,42375,0.429515,1,1,1240203,1239695,508
96845601,28.3317,34.7868,500,42475,0.259522,1,1,1240262,1239762,500
96851441,30.0931,40.6059,480,42575,0.0475236,1,1,1240340,1239860,480
96854361,28.8372,36.6424,474,42625,0.0730094,1,1,1240368,1239894,474
96857281,32.5349,37.4569,471,42675,0.0712038,1,1,1240403,1239932,471
96860201,31.014,34.1828,469,42724,0.0704815,0.87,1,1240433,1239964,469
96863121,29.8056,34.6731,463,42773,0.0341926,0.67,1,1240462,1239999,463
96866041,25.7222,31.2692,457,42822,0.019677,0.79,1,1240485,1240028,457
96868961,17.4889,21.5077,454,42871,0.0258708,0.67,1,1240497,1240043,454
96871881,38.7956,39.2031,456,42920,0.0403483,0.51,1,1240550,1240094,456
96874801,29.9182,36.0812,446,42969,0.0821393,0.47,1,1240574,1240128,446
96877721,34.7673,41.4325,439,43018,0.0868557,0.47,1,1240612,1240173,439
96880641,30.1069,16.573,466,43067,0.0887423,0.37,1,1240639,1240173,466
96889401,42.2708,26.7407,480,43214,0.0445595,0,1,1240742,1240262,480
96892321,28.9083,46.0963,441,43263,0.0178238,0.01,1,1240762,1240321,441
96895241,27.7633,29.8385,449,43312,0.0611295,0.09,1,1240789,1240340,449
96898161,32.1053,28.7354,456,43361,0.0424518,0.07,1,1240824,1240368,456
96901081,30.8421,32.4942,451,43410,0.0229807,0.07,1,1240854,1240403,451
96904001,29.7369,30.9977,450,43459,0.0391923,0.01,1,1240883,1240433,450
96906921,25.6947,29.7991,444,43508,0.0336769,0.01,1,1240906,1240462,444
96909841,18.0779,25.7196,434,43556,0.0194708,0.03,1,1240919,1240485,434
96912761,39.6312,17.4879,476,43604,0.0377883,0.05,1,1240973,1240497,476
96915681,32.6525,38.7951,451,43652,0.0451153,0.11,1,1241001,1240550,451
96918601,34.661,29.9181,463,43700,0.0600461,0.09,1,1241037,1240574,463
96921521,31.2644,34.7672,454,43748,0.0900185,0.09,1,1241066,1240612,454
96924441,28.7058,30.1069,454,43796,0.0900074,0.13,1,1241093,1240639,454
96941961,30.6168,32.1053,452,44084,0.0775431,0.01,1,1241276,1240824,452
96944881,30.2467,30.8421,452,44132,0.0610172,0.05,1,1241306,1240854,452
96947801,25.2987,29.7369,445,44180,0.0664069,0.03,1,1241328,1240883,445
96950721,17.3195,25.6947,434,44228,0.0685628,0.01,1,1241340,1240906,434
96953641,40.5278,18.0779,477,44276,0.0574251,0.05,1,1241396,1240919,477
96956561,33.0111,39.6312,451,44324,0.06497,0.05,1,1241424,1240973,451
96959481,36.0044,32.6525,461,44372,0.079988,0.07,1,1241462,1241001,461
96962401,32.4018,34.661,455,44420,0.0979952,0.11,1,1241492,1241037,455
97000361,33.3653,33.0111,425,45031,0.0959816,0.09,1,1241849,1241424,425
97014961,18.2841,18.2497,427,45266,0.200116,0.13,1,1241969,1241542,427
97017881,38.5136,39.0999,426,45313,0.206046,0.17,1,1242021,1241595,426
97023721,27.1622,26.176,429,45406,0.211767,0.19,1,1242068,1241639,429
97026641,31.2649,30.8704,429,45452,0.282707,0.17,1,1242102,1241673,429
97050001,33.9193,32.9384,429,45820,0.410683,0.19,1,1242348,1241919,429
97117161,30.7067,33.4265,475,46867,0.778065,0.55,2,1243012,1242537,475
97160961,35.9002,34.7668,461,47539,0.902023,0.81,2,1243445,1242984,461
97163881,31.7601,30.7067,462,47583,0.906809,0.83,2,1243474,1243012,462
97169721,25.7216,25.3131,463,47671,0.91669,0.83,2,1243527,1243064,463
97172641,17.4886,17.3252,463,47715,0.900676,0.85,2,1243539,1243076,463
97175561,42.3955,41.7301,464,47759,0.91827,0.83,2,1243598,1243134,464
97178481,33.7582,34.092,463,47803,0.901308,0.83,2,1243626,1243163,463
97181401,38.7033,38.8368,463,47847,0.930523,0.79,2,1243668,1243205,463
97184321,36.4813,37.1347,462,47891,0.930209,0.81,2,1243703,1243241,462
97187241,32.5925,32.8539,462,47935,0.906084,0.81,2,1243733,1243271,462
97190161,14.237,14.3416,462,47979,0.920434,0.81,2,1243735,1243273,462
97193081,19.4948,18.9366,463,48023,0.926173,0.87,2,1243758,1243295,463
97347841,25.3589,23.2188,518,50295,0.92104,1,2,1245340,1244822,518
97356601,29.415,32.206,513,50421,0.796467,1,2,1245430,1244917,513
97359521,17.766,28.4824,497,50463,0.768587,1,2,1245440,1244943,497
97377041,29.2435,32.4383,489,50715,0.410175,1,1,1245636,1245147,489
97382881,26.879,24.9901,493,50798,0.290028,1,1,1245691,1245198,493
97385801,31.7516,30.3961,494,50839,0.242011,1,1,1245726,1245232,494
97394561,17.6801,22.8973,477,50962,0.0992487,0.87,1,1245790,1245313,477
97397481,19.672,25.3589,471,51003,0.0816995,0.82,1,1245811,1245340,471
97400401,21.6688,26.3436,467,51044,0.0626798,0.77,1,1245834,1245367,467
97403321,26.0675,31.5374,461,51085,0.0670719,0.79,1,1245863,1245402,461
97406241,26.027,29.415,459,51126,0.0688288,0.75,1,1245889,1245430,459
97409161,15.8108,17.766,458,51167,0.0455315,0.69,1,1245898,1245440,458
97412081,24.9243,26.9064,456,51208,0.0362126,0.67,1,1245929,1245473,456
97415001,29.1697,31.7626,453,51249,0.080485,0.69,1,1245961,1245508,453
97417921,23.6679,25.305,452,51290,0.050194,0.55,1,1245981,1245529,452
97420841,33.4672,39.522,443,51331,0.0740776,0.43,1,1246021,1245578,443
97423761,30.7869,35.6088,439,51372,0.059631,0.35,1,1246050,1245611,439
97426681,26.1147,29.2435,437,51413,0.0898524,0.31,1,1246073,1245636,437
97429601,26.6459,29.6974,434,51454,0.065941,0.25,1,1246100,1245666,434
97432521,22.0584,26.879,428,51495,0.0683764,0.21,1,1246119,1245691,428
97435441,29.8233,31.7516,428,51536,0.0573506,0.11,1,1246154,1245726,428
97438361,28.7293,29.5006,428,51577,0.0769402,0.13,1,1246182,1245754,428
97441281,23.4917,26.2003,424,51618,0.0847761,0.07,1,1246202,1245778,424
97444201,16.5967,17.6801,424,51659,0.0639104,0.07,1,1246214,1245790,424
97455881,25.1497,10.427,447,51823,0.0829961,0.07,1,1246310,1245863,447
97461721,24.7839,13.3083,452,51905,0.0912794,0.03,1,1246350,1245898,452
97464641,30.3136,23.9233,455,51946,0.0665118,0.11,1,1246384,1245929,455
97467561,22.9254,28.7693,441,51987,0.0566047,0.03,1,1246402,1245961,441
97488001,28.8669,29.8227,451,52268,0.205162,0.09,1,1246605,1246154,451
97490921,23.5468,28.7291,443,52308,0.208065,0.09,1,1246625,1246182,443
97493841,16.6187,23.4916,435,52348,0.221226,0.05,1,1246637,1246202,435
97496761,21.6475,16.5967,448,52388,0.23849,0.15,1,1246662,1246214,448
97499681,20.659,19.8387,446,52428,0.257396,0.15,1,1246682,1246236,446
97549321,22.1455,21.6475,455,53108,0.288164,0.27,1,1247117,1246662,455
97552241,25.6582,20.659,463,53148,0.277266,0.33,1,1247145,1246682,463
97555161,27.0633,23.8636,465,53188,0.284906,0.31,1,1247173,1246708,465
97558081,14.4253,26.9454,442,53228,0.287962,0.31,1,1247179,1246737,442
97561001,6.97012,14.3782,438,53268,0.289185,0.33,1,1247181,1246743,438
97563921,20.1881,23.1513,438,53308,0.277674,0.35,1,1247210,1246772,438
97578521,29.455,28.8451,439,53503,0.429112,0.39,1,1247365,1246926,439
97581441,27.982,27.738,439,53542,0.429645,0.35,1,1247392,1246953,439
97584361,21.9928,21.8952,439,53581,0.429858,0.33,1,1247410,1246971,439
97587281,30.3971,30.9581,438,53620,0.417943,0.33,1,1247446,1247008,438
97674881,23.1595,27.1345,467,54787,0.759616,0.63,2,1248152,1247685,467
97677801,36.8638,21.0538,496,54825,0.765846,0.57,2,1248198,1247702,496
97680721,33.9455,36.0215,482,54863,0.768338,0.63,2,1248230,1247748,482
97683641,30.3782,33.6086,478,54901,0.781335,0.65,2,1248258,1247780,478
97704081,24.1661,16.8008,482,55167,0.905326,0.67,2,1248432,1247950,482
97707001,21.6664,22.9203,475,55205,0.932131,0.73,2,1248452,1247977,475
97939141,187.017,215.585,466,26280,0.4468,0.95,1,1251001,1250535,466
97984401,99.4069,107.834,471,27010,0.41272,0.9,1,1251042,1250571,471
98013601,50.4895,70.1563,439,27784,0.408701,0.27,1,1251524,1251085,439
98048641,59.2502,43.4506,514,28685,0.783432,0.59,2,1252131,1251617,514
98069081,55.4205,51.6562,510,29198,0.934322,0.67,2,1252476,1251966,510
98185881,48.2514,53.16,510,31969,0.922,1,2,1254416,1253906,510
98188801,33.1006,35.064,510,32035,0.9028,1,2,1254439,1253929,510
98197561,46.4944,47.1961,525,32233,0.788099,1,2,1254587,1254062,525
98200481,40.1978,43.4784,520,32299,0.76524,1,2,1254623,1254103,520
98209241,61.6607,58.6786,539,32494,0.774975,1,2,1254805,1254266,539
98212161,43.2643,63.0714,504,32559,0.78399,1,2,1254836,1254332,504
98270561,52.4293,52.5492,448,33835,0.787211,0.57,2,1255646,1255198,448
98273481,60.5717,59.4197,450,33897,0.788884,0.57,2,1255712,1255262,450
98296841,42.4579,40.8592,494,34393,0.905025,0.67,2,1255994,1255500,494
98299761,48.7832,39.1437,509,34454,0.92001,0.77,2,1256047,1255538,509
98410721,47.8425,44.2768,489,36713,0.913196,1,2,1257646,1257157,489
98413641,43.737,47.1107,481,36771,0.923278,1,2,1257687,1257206,481
98416561,34.2948,38.6443,476,36828,0.903311,1,2,1257715,1257239,476
98434081,33.1361,35.8488,469,37170,0.936503,0.87,2,1257904,1257435,469
98437001,31.8544,14.3395,500,37227,0.920601,0.89,2,1257935,1257435,500
98439921,63.1418,24.9358,552,37284,0.938241,0.91,2,1258019,1257467,552
98591761,29.7222,16.9368,505,40123,0.944436,1,2,1259974,1259469,505
98603441,32.0281,32.3008,504,40333,0.943426,1,2,1260117,1259613,504
99146561,175.464,176.383,502,22724,0.202,0.85,1,1266320,1265818,502
99155321,65.4217,85.4725,461,23003,0.046288,0.25,1,1266520,1266059,461
99158241,62.7687,67.789,466,23095,0.0845152,0,1,1266581,1266115,466
99161161,51.5075,70.3156,438,23187,0.0518061,0.03,1,1266625,1266187,438
99164081,42.203,46.7262,443,23278,0.0507224,0.15,1,1266661,1266218,443
99167001,66.0812,36.0905,496,23369,0.062289,0.01,1,1266743,1266247,496
99169921,76.2325,58.2362,506,23460,0.0429156,0.11,1,1266826,1266320,506
99172841,70.093,72.4945,490,23550,0.0831662,0.07,1,1266892,1266402,490
99175761,58.6372,69.7978,473,23640,0.0752665,0.01,1,1266943,1266470,473
99184521,40.7368,50.3071,458,23908,0.0756171,0.05,1,1267083,1266625,458
99187441,17.4947,41.7228,424,23997,0.0602468,0.07,1,1267085,1266661,424
99190361,55.5979,65.8891,423,24085,0.0300987,0.03,1,1267166,1266743,423
99193281,71.4392,76.1557,422,24173,0.0300395,0.11,1,1267248,1266826,422
99196201,69.9757,70.0623,425,24261,0.0420158,0.07,1,1267317,1266892,425
99199121,57.9903,58.6249,424,24348,0.0468063,0.15,1,1267367,1266943,424
99210801,16.7581,17.4944,424,24694,0.210718,0.01,1,1267509,1267085,424
99231241,40.24,38.8954,431,25289,0.224911,0.23,1,1267938,1267507,431
99234161,17.296,16.7581,431,25373,0.239964,0.13,1,1267940,1267509,431
99237081,53.1184,54.1033,429,25457,0.257986,0.13,1,1268017,1267588,429
99240001,69.2474,21.6413,509,25540,0.241194,0.15,1,1268097,1267588,509
99242921,70.2989,57.8565,498,25623,0.270478,0.13,1,1268168,1267670,498
99245841,59.3196,65.7426,479,25706,0.294191,0.17,1,1268220,1267741,479
99251681,51.2511,66.9188,469,25870,0.295471,0.21,1,1268334,1267865,469
99254601,41.5005,50.7675,464,25952,0.280188,0.25,1,1268369,1267905,464
99257521,17.8002,40.107,433,26034,0.286075,0.25,1,1268371,1267938,433
99269201,60.2157,70.2955,488,26358,0.421996,0.31,1,1268656,1268168,488
99315921,75.361,73.5739,453,27615,0.785998,0.63,2,1269496,1269043,453
99324681,62.4951,62.5007,451,27844,0.908784,0.65,2,1269625,1269174,451
99596241,38.0272,28.8496,522,34193,0.930874,1,2,1274093,1273571,522
99602081,21.4443,14.2159,519,34317,0.92294,1,2,1274130,1273611,519
99607921,73.5111,49.0746,562,34441,0.90247,1,2,1274269,1273707,562
99640041,71.7272,30.7776,565,35110,0.923378,0.91,2,1274732,1274167,565
99783121,48.1705,65.8814,515,37947,0.948928,1,2,1276672,1276157,515
99797721,42.3982,43.6106,515,38225,0.295173,1,1,1276889,1276374,515
99806481,34.1535,33.9911,513,38390,0.0844111,1,1,1276999,1276486,513
99809401,29.2614,34.5964,504,38445,0.0637644,0.92,1,1277025,1276521,504
99812321,21.3046,30.0386,493,38500,0.0435058,1,1,1277041,1276548,493
99815241,37.3218,22.8154,523,38555,0.0354023,1,1,1277089,1276566,523
99818161,42.5287,40.9262,516,38610,0.0801609,0.92,1,1277135,1276619,516
99821081,18.2115,48.1705,465,38665,0.0740644,0.85,1,1277137,1276672,465
99824001,22.8846,37.8682,460,38720,0.0356257,0.75,1,1277163,1276703,460
99826921,28.9538,37.3473,456,38775,0.0682503,0.45,1,1277196,1276740,456
99829841,44.5815,58.7389,438,38829,0.0813001,0.41,1,1277251,1276813,438
99832761,37.0326,44.4956,435,38883,0.09852,0.17,1,1277283,1276848,435
99835681,35.213,42.3982,428,38937,0.081408,0.07,1,1277317,1276889,428
99838601,38.6852,43.9593,424,38991,0.0745632,0.07,1,1277358,1276934,424
99841521,34.0741,37.3837,422,39045,0.0718253,0.07,1,1277389,1276967,422
99844441,34.6296,34.1535,425,39099,0.0287301,0.05,1,1277424,1276999,425
99847361,27.6519,29.2614,422,39153,0.029492,0.03,1,1277447,1277025,422
99850281,21.8607,21.3046,424,39207,0.0297968,0.03,1,1277465,1277041,424
99853201,36.9443,37.3218,423,39261,0.0299187,0.11,1,1277512,1277089,423
99856121,44.1777,42.5287,426,39315,0.0299675,0.07,1,1277561,1277135,426
99859041,18.8711,18.2115,426,39369,0.029987,0.01,1,1277563,1277137,426
99861961,20.7484,22.8846,422,39423,0.0779948,0.09,1,1277585,1277163,422
99864881,30.4994,28.9538,426,39477,0.0851979,0.09,1,1277622,1277196,426
99879481,33.7328,34.0741,423,39742,0.228344,0,1,1277812,1277389,423
99882401,33.8931,34.6296,422,39795,0.217338,0.03,1,1277846,1277424,422
99885321,27.3572,27.6519,422,39848,0.212935,0.03,1,1277869,1277447,422
99888241,22.3429,21.8607,423,39901,0.223174,0.03,1,1277888,1277465,423
99891161,36.5372,36.9443,422,39954,0.21527,0.03,1,1277934,1277512,422
99894081,45.2149,44.1777,424,40007,0.236108,0.03,1,1277985,1277561,424
99897001,19.2859,18.8711,424,40060,0.244443,0.03,1,1277987,1277563,424
99899921,20.9144,7.54843,446,40113,0.223777,0.11,1,1278009,1277563,446
99902841,29.9658,16.2194,460,40166,0.239511,0.09,1,1278045,1277585,460
99905761,46.7863,28.6878,481,40219,0.257804,0.15,1,1278103,1277622,481
99908681,37.9145,43.2751,460,40271,0.277122,0.17,1,1278135,1277675,460
99911601,37.3658,35.91,466,40323,0.296849,0.19,1,1278172,1277706,466
99978761,30.698,21.621,475,41509,0.425556,0.33,1,1278916,1278441,475
99981681,13.4792,30.8484,440,41560,0.440222,0.33,1,1278918,1278478,440
100028401,37.6509,36.4767,447,42365,0.762491,0.51,2,1279457,1279010,447
100054681,20.3761,20.3192,451,42812,0.903652,0.61,2,1279749,1279298,451
100057601,22.5505,21.9277,452,42861,0.907461,0.69,2,1279773,1279321,452
100235721,30.4943,36.2102,504,45766,0.93999,1,2,1281807,1281303,504
100247401,32.1343,29.2182,496,45950,0.944464,1,2,1281932,1281436,496
100262001,32.2126,30.9328,523,46180,0.787434,1,2,1282093,1281570,523
100381721,27.2101,27.0507,449,48015,0.761848,0.55,2,1283289,1282840,449
100384641,30.684,28.8203,452,48059,0.754739,0.55,2,1283322,1282870,452
100387561,13.4736,12.7281,452,48103,0.751896,0.65,2,1283324,1282872,452
100390481,26.3894,26.0912,452,48147,0.774758,0.65,2,1283359,1282907,452
100402161,30.4932,29.7655,455,48323,0.910474,0.69,2,1283480,1283025,455
100405081,41.5973,41.9062,454,48367,0.93419,0.69,2,1283529,1283075,454
100632841,26.7996,31.9991,503,51652,0.943575,1,2,1285818,1285315,503
100641601,27.3952,32.9119,509,51775,0.757109,1,2,1285916,1285407,509
100758401,20.4902,21.5664,449,53379,0.754321,0.55,2,1286940,1286491,449
100764241,32.1984,31.8906,451,53457,0.769891,0.63,2,1287011,1286560,451
100778841,28.1966,28.4411,451,53652,0.797897,0.59,2,1287143,1286692,451
100808041,27.2279,25.7256,458,54042,0.926746,0.77,2,1287381,1286923,458
100958421,332.612,340.713,504,24820,0.922,1,2,1288873,1288369,504
101062081,54.0636,41.3521,499,27625,0.0842809,1,1,1290723,1290224,499
101065001,48.0254,57.3408,475,27702,0.0337124,1,1,1290767,1290292,475
101067921,49.2102,43.9363,490,27778,0.0434849,1,1,1290817,1290327,490
101070841,34.6841,34.9745,486,27854,0.047394,0.94,1,1290842,1290356,486
101073761,48.6736,58.9898,469,27930,0.0369576,0.71,1,1290900,1290431,469
101076681,47.6695,60.7959,454,28006,0.020783,0.51,1,1290947,1290493,454
101079601,51.4678,62.1184,445,28082,0.0623132,0.17,1,1291001,1290556,445
101088361,49.4459,54.0636,422,28307,0.042868,0,1,1291145,1290723,422
101091281,48.5784,48.0254,426,28382,0.0351472,0,1,1291193,1290767,426
101094201,46.4314,19.2102,471,28457,0.0320589,0.05,1,1291238,1290767,471
101097121,33.5725,37.6841,446,28531,0.0428236,0.05,1,1291263,1290817,446
101100041,48.229,30.0736,479,28605,0.0471294,0.03,1,1291321,1290842,479
101102961,47.4916,46.8295,468,28679,0.0488518,0.01,1,1291368,1290900,468
101105881,53.1966,46.9318,478,28753,0.0855407,0.09,1,1291425,1290947,478
101120481,47.218,48.5708,469,29119,0.0845591,0.03,1,1291662,1291193,469
101123401,32.0872,46.4283,446,29192,0.0758237,0.05,1,1291684,1291238,446
101126321,49.4349,33.5713,482,29265,0.0603295,0.05,1,1291745,1291263,482
101129241,46.774,48.2285,469,29337,0.0421318,0.05,1,1291790,1291321,469
101132161,54.7096,47.4914,482,29409,0.0468527,0.11,1,1291850,1291368,482
101135081,59.0838,53.1966,487,29481,0.0607411,0.17,1,1291912,1291425,487
101138001,44.0335,56.0786,463,29553,0.0662964,0.23,1,1291946,1291483,463
101140921,45.2134,41.0315,478,29625,0.0685186,0.19,1,1291992,1291514,478
101143841,46.2854,47.6126,473,29696,0.0454074,0.05,1,1292039,1291566,473
101146761,46.7141,49.045,470,29767,0.060163,0.07,1,1292086,1291616,470
101149681,31.8857,47.218,446,29838,0.0900652,0.07,1,1292108,1291662,446
101155521,40.3817,49.4349,423,29980,0.0948104,0.03,1,1292168,1291745,423
101158441,43.7527,46.774,424,30051,0.0919242,0.05,1,1292214,1291790,424
101161361,53.5011,54.7096,424,30121,0.0787697,0.07,1,1292274,1291850,424
101164281,59.8004,59.0838,426,30191,0.0855079,0.07,1,1292338,1291912,426
101173041,45.0352,46.2854,423,30401,0.0964325,0.07,1,1292462,1292039,423
101178881,33.3656,31.8857,427,30540,0.0838292,0.11,1,1292535,1292108,427
101181801,14.5463,13.9543,427,30609,0.0755317,0.09,1,1292537,1292110,427
101184721,38.8185,40.3817,424,30678,0.0722127,0.09,1,1292592,1292168,424
101187641,43.1274,43.7527,424,30747,0.0948851,0.07,1,1292638,1292214,424
101199321,46.0945,45.0881,427,31022,0.244109,0.09,1,1292844,1292417,427
101202241,44.8378,45.0352,426,31090,0.271644,0.11,1,1292888,1292462,426
101205161,46.7351,47.4141,425,31158,0.258657,0.07,1,1292936,1292511,425
101208081,31.894,33.3656,423,31226,0.277463,0.07,1,1292958,1292535,423
101211001,13.9576,14.5463,423,31294,0.260985,0.07,1,1292960,1292537,423
101213921,39.183,5.8185,479,31362,0.290394,0.07,1,1293016,1292537,479
101228521,47.9414,44.6468,480,31697,0.429914,0.29,1,1293277,1292797,480
101281081,46.1173,56.2403,452,32878,0.796165,0.61,2,1294015,1293563,452
101286921,47.4588,48.4785,453,33006,0.783786,0.71,2,1294122,1293669,453
101289841,52.5835,50.5914,457,33070,0.751515,0.69,2,1294178,1293721,457
101292761,47.4334,47.2366,456,33134,0.750606,0.71,2,1294222,1293766,456
101319041,47.3521,47.4588,460,33704,0.907766,0.73,2,1294582,1294122,460
101321961,51.3408,52.5835,458,33767,0.945106,0.75,2,1294636,1294178,458
101453361,31.889,30.61,495,36477,0.402356,1,1,1296496,1296001,495
101467961,31.7829,34.5211,464,36767,0.410709,0.69,1,1296686,1296222,464
101470881,31.9131,34.8084,461,36824,0.434284,0.69,1,1296718,1296257,461
101529281,39.7756,37.6004,486,37955,0.771518,0.51,2,1297465,1296979,486
101532201,41.1103,40.2402,486,38011,0.794607,0.53,2,1297507,1297021,486
101564321,40.7236,37.9391,501,38617,0.914587,0.79,2,1297925,1297424,501
101567241,17.4894,39.7756,462,38672,0.935835,0.81,2,1297927,1297465,462
101770181,312.226,348.796,465,18980,0.406,0.61,1,1300439,1299974,465
101776021,120.996,137.047,454,19203,0.08296,0.09,1,1300612,1300158,454
101778941,101.798,95.019,476,19314,0.033184,0.01,1,1300701,1300225,476
101781861,87.5194,95.0076,459,19424,0.0192736,0.03,1,1300779,1300320,459
101784781,66.2078,75.203,449,19533,0.0377094,0.01,1,1300831,1300382,449
101787701,37.2831,47.4812,438,19642,0.0810838,0.01,1,1300849,1300411,438
101790621,76.1132,35.7925,512,19750,0.0384335,0,1,1300951,1300439,512
101793541,80.2453,68.917,504,19857,0.0333734,0.03,1,1301034,1300530,504
101796461,84.8981,76.7668,510,19964,0.0133494,0,1,1301122,1300612,510
101799381,81.3592,84.1067,500,20070,0.0473397,0.01,1,1301201,1300701,500
101802301,66.1437,80.4427,478,20176,0.0369359,0.05,1,1301257,1300779,478
101805221,36.6575,63.3771,443,20281,0.0567744,0.11,1,1301274,1300831,443
101808141,74.063,36.1508,524,20386,0.0527097,0.01,1,1301373,1300849,524
101811061,80.0252,75.6603,506,20490,0.0270839,0.03,1,1301457,1300951,506
101813981,83.6101,80.0641,509,20594,0.0168336,0,1,1301543,1301034,509
101816901,80.844,84.8257,500,20697,0.0367334,0.07,1,1301622,1301122,500
101819821,66.5376,81.3303,478,20799,0.0446934,0.03,1,1301679,1301201,478
101822741,36.815,66.1321,439,20901,0.0598773,0.07,1,1301696,1301257,439
101825661,74.126,36.6528,521,21002,0.0659509,0.05,1,1301795,1301274,521
101828581,30.8504,74.0611,424,21103,0.0443804,0.01,1,1301797,1301373,424
101831501,62.7402,80.0245,424,21204,0.0357522,0.01,1,1301881,1301457,424
101834421,76.0961,83.6098,423,21304,0.0203009,0.05,1,1301966,1301543,423
101837341,77.2384,80.8439,422,21404,0.0741203,0.05,1,1302044,1301622,422
101840261,66.2954,66.5376,424,21503,0.0836481,0.07,1,1302103,1301679,424
101843181,37.3181,36.815,425,21602,0.0634593,0.07,1,1302121,1301696,425
101846101,73.1273,74.126,423,21700,0.0433837,0.03,1,1302218,1301795,423
101849021,30.4509,30.8504,423,21798,0.0593535,0.03,1,1302220,1301797,423
101851941,61.9804,62.7402,422,21895,0.0417414,0.01,1,1302303,1301881,422
101854861,75.7921,76.0961,422,21992,0.0586966,0.11,1,1302388,1301966,422
101857781,78.9169,77.2384,425,22088,0.0894786,0.09,1,1302469,1302044,425
101860701,66.3667,66.2954,424,22184,0.0537914,0.05,1,1302527,1302103,424
101863621,37.3467,37.3181,424,22280,0.0515166,0.03,1,1302545,1302121,424
101866541,72.5387,73.1273,423,22375,0.0506066,0.07,1,1302641,1302218,423
101869461,30.2155,30.4509,423,22470,0.0742427,0.03,1,1302643,1302220,423
101872381,61.2862,61.9804,422,22564,0.0956971,0.03,1,1302725,1302303,422
101875301,75.5145,24.7921,507,22658,0.0802788,0.07,1,1302810,1302303,507
101878221,80.0058,60.9169,505,22752,0.0501115,0.11,1,1302893,1302388,505
101881141,66.2023,72.9667,481,22845,0.0260446,0.03,1,1302950,1302469,481
101884061,37.2809,63.9867,441,22938,0.0404178,0.05,1,1302968,1302527,441
101886981,72.5124,36.3947,519,23030,0.0701671,0.05,1,1303064,1302545,519
101889901,30.2049,72.1579,425,23122,0.0820668,0.09,1,1303066,1302641,425
101895741,75.3928,61.2253,509,23305,0.0743307,0.07,1,1303234,1302725,509
101898661,78.7571,75.4901,505,23396,0.0717323,0.03,1,1303315,1302810,505
101901581,66.3028,79.996,480,23487,0.0826929,0.01,1,1303373,1302893,480
101904501,37.3211,66.1984,441,23577,0.0870772,0.05,1,1303391,1302950,441
101922021,60.8481,78.7571,425,24112,0.208114,0.09,1,1303740,1303315,425
101924941,59.7392,66.3028,426,24200,0.245246,0.09,1,1303799,1303373,426
101927861,34.6957,37.3211,426,24288,0.272098,0.11,1,1303817,1303391,426
101942461,30.9447,30.6202,429,24721,0.414943,0.25,1,1304088,1303659,429
101948301,62.3112,59.7392,435,24892,0.417991,0.29,1,1304234,1303799,435
101951221,37.5245,34.6957,438,24977,0.425196,0.33,1,1304255,1303817,438
101954141,74.4098,73.2783,438,25062,0.440079,0.37,1,1304354,1303916,438
101992101,62.9092,31.488,531,26140,0.770868,0.59,2,1305060,1304529,531
101995021,64.1637,62.3952,513,26221,0.770347,0.57,2,1305125,1304612,513
102015461,64.3077,32.773,543,26782,0.924661,0.79,2,1305520,1304977,543
102108901,38.9483,63.9985,502,29206,0.911632,1,2,1307162,1306660,502
102132261,46.8902,37.1772,525,29780,0.423407,0.81,1,1307596,1307071,525
102135181,19.9561,50.8709,467,29851,0.415363,0.93,1,1307598,1307131,467
102138101,27.1824,38.9483,468,29922,0.412145,0.79,1,1307630,1307162,468
102141021,49.273,57.5793,462,29993,0.410858,0.67,1,1307694,1307232,462
102143941,71.9092,78.2317,457,30064,0.434343,0.63,1,1307781,1307324,457
102146861,43.1637,48.0927,453,30134,0.443737,0.57,1,1307805,1307352,453
102149781,52.6655,55.8371,451,30204,0.435495,0.45,1,1307864,1307413,451
102152701,58.2662,62.5348,446,30274,0.432198,0.43,1,1307926,1307480,446
102208181,54.2334,42.3356,510,31575,0.761961,0.59,2,1308757,1308247,510
102211101,60.0933,52.9342,514,31642,0.766784,0.67,2,1308821,1308307,514
102214021,40.8373,58.3737,480,31709,0.792714,0.67,2,1308849,1308369,480
102234461,45.041,74.2083,483,32173,0.926273,0.77,2,1309155,1308672,483
102360021,54.1161,76.6449,508,34887,0.91216,1,2,1311059,1310551,508
102377541,43.0334,38.5582,524,35248,0.414165,1,1,1311302,1310778,524
102392141,50.4797,69.2902,511,35548,0.061697,0.86,1,1311526,1311015,511
102395061,35.1919,54.1161,492,35607,0.0246788,0.85,1,1311551,1311059,492
102397981,35.0768,39.0464,498,35666,0.0518715,0.79,1,1311586,1311088,498
102400901,15.2307,39.6186,460,35725,0.0627486,0.63,1,1311588,1311128,460
102403821,39.6923,53.6474,453,35784,0.0790994,0.53,1,1311644,1311191,453
102406741,30.2769,39.459,447,35843,0.0736398,0.45,1,1311668,1311221,447
102409661,30.7108,35.5836,445,35902,0.0954559,0.35,1,1311699,1311254,445
102459301,60.7056,60.2358,428,36890,0.227688,0.11,1,1312337,1311909,428
102462221,47.0822,47.4943,427,36947,0.265075,0.11,1,1312375,1311948,427
102465141,33.2329,34.5977,425,37004,0.28003,0.15,1,1312399,1311974,425
102468061,35.4932,36.0391,425,37061,0.298012,0.11,1,1312436,1312011,425
102470981,15.3973,15.6156,425,37118,0.281205,0.13,1,1312438,1312013,425
102473901,41.5589,40.4463,427,37175,0.298482,0.13,1,1312497,1312070,427
102485581,32.5759,38.5714,455,37403,0.404265,0.17,1,1312625,1312170,455
102488501,31.0304,31.0286,459,37459,0.407706,0.17,1,1312655,1312196,459
102491421,30.4121,30.4114,459,37515,0.421082,0.21,1,1312685,1312226,459
102558581,32.7077,33.0177,454,38790,0.778153,0.63,2,1313520,1313066,454
102739621,37.1563,35.7534,497,42030,0.907139,1,2,1315777,1315280,497
102745461,29.945,27.5605,503,42130,0.784742,1,2,1315838,1315335,503
102796561,192.157,189.37,475,19092,0.233161,0.05,1,1316504,1316029,475
102799481,123.063,132.148,458,19203,0.219265,0.09,1,1316581,1316123,458
102805321,74.41,89.3037,450,19424,0.0794823,0.01,1,1316722,1316272,450
102808241,65.164,70.5215,451,19533,0.0497929,0.03,1,1316781,1316330,451
102811161,35.0656,45.0086,438,19642,0.0859172,0.11,1,1316796,1316358,438
102819921,81.7322,80.5206,509,19964,0.0724587,0.11,1,1317090,1316581,509
102822841,66.2929,82.0082,482,20070,0.0469835,0.03,1,1317146,1316664,482
102825761,61.9172,67.6033,483,20176,0.0367934,0.03,1,1317205,1316722,483
102828681,33.7669,62.4413,439,20281,0.0447174,0.11,1,1317220,1316781,439
102837441,80.0411,84.1562,503,20594,0.214782,0.05,1,1317513,1317010,503
102840361,65.0164,81.6625,478,20697,0.259913,0.03,1,1317568,1317090,478
102843281,61.4066,66.265,481,20799,0.253965,0.03,1,1317627,1317146,481
102846201,34.1626,61.906,438,20901,0.251586,0.05,1,1317643,1317205,438
102849121,101.865,33.7624,570,21002,0.262634,0.17,1,1317790,1317220,570
102852041,41.946,97.505,432,21103,0.243054,0.19,1,1317792,1317360,432
102854961,61.7784,84.602,431,21204,0.283222,0.25,1,1317867,1317436,431
102863721,59.2258,61.4065,434,21503,0.406206,0.25,1,1318061,1317627,434
102866641,33.2903,34.1626,434,21602,0.444482,0.27,1,1318077,1317643,434
102890001,104.176,100.916,448,22375,0.799251,0.51,2,1318671,1318223,448
102907521,34.9942,58.4404,473,22938,0.798048,0.75,2,1318977,1318504,473
102922121,66.6079,80.6346,518,23396,0.911638,0.81,2,1319362,1318844,518
102925041,62.0432,66.4538,520,23487,0.946655,0.81,2,1319421,1318901,520
103000961,100.057,31.9431,625,25731,0.9148,1,2,1321017,1320392,625
103003881,64.0228,108.177,506,25813,0.77992,1,2,1321057,1320551,506
103015561,42.007,47.9949,513,26140,0.0773259,1,1,1321269,1320756,513
103018481,49.8028,38.998,535,26221,0.0489304,1,1,1321324,1320789,535
103021401,37.3211,51.5992,504,26302,0.0375721,0.97,1,1321353,1320849,504
103024321,89.9284,35.6397,604,26383,0.0690289,0.87,1,1321478,1320874,604
103027241,56.9714,100.056,496,26463,0.0576115,0.69,1,1321513,1321017,496
103030161,40.7885,64.0223,486,26543,0.0410446,0.55,1,1321543,1321057,486
103033081,69.1154,52.6089,529,26623,0.0344178,0.19,1,1321631,1321102,529
103036001,44.4462,81.0436,457,26703,0.0317671,0,1,1321659,1321202,457
103038921,37.5785,51.0174,459,26782,0.0427069,0.03,1,1321692,1321233,459
103041841,46.8314,42.007,476,26861,0.0350827,0.03,1,1321745,1321269,476
103044761,19.9326,49.8028,423,26940,0.0320331,0.03,1,1321747,1321324,423
103047681,24.773,37.3211,422,27019,0.0188132,0.09,1,1321775,1321353,422
103050601,84.9092,89.9284,422,27097,0.0615253,0.05,1,1321900,1321478,422
103053521,56.1637,56.9714,424,27175,0.0666101,0.03,1,1321937,1321513,424
103056441,41.0655,40.7885,425,27253,0.056644,0.03,1,1321968,1321543,425
103059361,67.4262,69.1154,422,27331,0.0646576,0.03,1,1322053,1321631,422
103062281,44.3705,44.4462,423,27408,0.055863,0.05,1,1322082,1321659,423
103065201,36.9482,37.5785,422,27485,0.0763452,0.03,1,1322114,1321692,422
103068121,47.7793,46.8314,424,27562,0.0485381,0.03,1,1322169,1321745,424
103071041,20.3117,19.9326,424,27639,0.0374152,0.01,1,1322171,1321747,424
103073961,23.7247,24.773,422,27716,0.0149661,0.09,1,1322197,1321775,422
103076881,84.4899,84.9092,422,27792,0.0239864,0.07,1,1322322,1321900,422
103079801,56.5959,56.1637,423,27868,0.0395946,0.05,1,1322360,1321937,423
103082721,40.6384,41.0655,422,27944,0.0458378,0.07,1,1322390,1321968,422
103085641,67.8554,67.4262,423,28020,0.0483351,0.05,1,1322476,1322053,423
103088561,44.5421,44.3705,423,28096,0.049334,0.09,1,1322505,1322082,423
103091481,37.6169,36.9482,424,28171,0.0497336,0.03,1,1322538,1322114,424
103094401,46.8467,47.7793,422,28246,0.0378934,0.03,1,1322591,1322169,422
103097321,19.9387,20.3117,422,28321,0.0331574,0,1,1322593,1322171,422
103100241,23.5755,23.7247,422,28396,0.0132629,0,1,1322619,1322197,422
103103161,85.0302,9.48987,548,28471,0.0113052,0.03,1,1322745,1322197,548
103106081,56.8121,78.7959,461,28545,0.0585221,0.05,1,1322783,1322322,461
103109001,40.7248,54.3184,453,28619,0.0774088,0.05,1,1322813,1322360,453
103111921,67.8899,39.7274,509,28693,0.0729635,0.05,1,1322899,1322390,509
103114841,44.556,67.4909,452,28767,0.0831854,0.05,1,1322928,1322476,452
103117761,38.2224,44.3964,457,28841,0.0632742,0.05,1,1322962,1322505,457
103120681,45.289,37.5586,474,28914,0.0313097,0.03,1,1323012,1322538,474
103123601,19.3156,46.8234,423,28987,0.0425239,0.03,1,1323014,1322591,423
103126521,23.3262,19.9294,447,29060,0.0350095,0,1,1323040,1322593,447
103129441,85.5305,23.5717,548,29133,0.0440038,0.01,1,1323167,1322619,548
103132361,58.8122,85.0287,463,29206,0.0356015,0.09,1,1323208,1322745,463
103135281,42.1249,56.8115,456,29278,0.0442406,0.09,1,1323239,1322783,456
103138201,67.25,40.7246,510,29350,0.0716962,0.07,1,1323323,1322813,510
103155721,85.2019,23.3262,548,29780,0.060142,0.05,1,1323588,1323040,548
103158641,35.2807,85.5305,423,29851,0.0300568,0.03,1,1323590,1323167,423
103161561,38.7123,58.8122,423,29922,0.0540227,0.05,1,1323631,1323208,423
103164481,35.2849,42.1249,425,29993,0.0876091,0.09,1,1323664,1323239,425
103173241,37.0102,37.76,427,30204,0.217047,0.15,1,1323813,1323386,427
103176161,44.8041,43.904,429,30274,0.212819,0.15,1,1323863,1323434,429
103179081,19.1216,18.7616,429,30344,0.211128,0.13,1,1323865,1323436,429
103182001,20.8487,22.5046,426,30414,0.234451,0.01,1,1323887,1323461,426
103184921,82.7395,85.2019,423,30484,0.20778,0.01,1,1324011,1323588,423
103190761,38.3183,38.7123,423,30622,0.216845,0.11,1,1324054,1323631,423
103193681,37.5273,35.2849,427,30691,0.224738,0.19,1,1324091,1323664,427
103196601,69.6109,66.314,431,30760,0.227895,0.23,1,1324182,1323751,431
103199521,45.8444,44.5256,431,30829,0.241158,0.23,1,1324212,1323781,431
103202441,37.5377,37.0102,431,30898,0.294463,0.21,1,1324244,1323813,431
103219961,39.4306,38.3183,433,31306,0.404612,0.23,1,1324487,1324054,433
103222881,37.3722,15.3273,469,31374,0.407845,0.23,1,1324523,1324054,469
103225801,70.1489,28.3309,524,31441,0.421138,0.23,1,1324615,1324091,524
103228721,46.6596,65.9324,464,31508,0.426455,0.25,1,1324646,1324182,464
103231641,38.4638,44.3729,467,31575,0.416582,0.33,1,1324679,1324212,467
103234561,47.1855,36.9492,488,31642,0.412633,0.31,1,1324732,1324244,488
103237481,20.0742,45.3797,439,31709,0.411053,0.33,1,1324734,1324295,439
103240401,21.2297,19.3519,459,31776,0.422421,0.33,1,1324756,1324297,459
103290041,31.0362,46.9252,450,32889,0.793362,0.57,2,1325538,1325088,450
103304641,87.8717,87.3192,454,33209,0.940025,0.65,2,1325783,1325329,454
103307561,36.3487,36.1277,454,33273,0.94601,0.67,2,1325785,1325331,454
103310481,42.1395,40.8511,456,33337,0.948404,0.69,2,1325831,1325375,456
103509041,44.2965,65.0916,517,37403,0.904,1,2,1328683,1328166,517
103514881,33.7274,43.5347,505,37515,0.75064,1,2,1328752,1328247,505
103535321,31.2518,33.831,502,37907,0.415829,1,1,1329035,1328533,502
103538241,27.5007,32.1324,496,37963,0.436332,1,1,1329060,1328564,496
103547001,36.968,44.2965,497,38130,0.401125,0.75,1,1329180,1328683,497
103549921,30.9872,42.3186,483,38185,0.40645,0.71,1,1329207,1328724,483
103552841,53.1949,33.7274,523,38240,0.40858,0.65,1,1329275,1328752,523
103555761,41.078,55.491,486,38295,0.421432,0.55,1,1329308,1328822,486
103599561,38.9759,37.4125,448,39114,0.751526,0.57,2,1329835,1329387,448
103602481,34.7903,32.965,450,39168,0.76261,0.53,2,1329867,1329417,450
103605401,31.3161,31.186,449,39222,0.779044,0.53,2,1329896,1329447,449
103611241,13.4106,13.1498,450,39330,0.797847,0.57,2,1329928,1329478,450
103628761,56.4979,54.7477,457,39651,0.905221,0.71,2,1330176,1329719,457
103631681,41.7992,41.0991,457,39704,0.920088,0.73,2,1330208,1329751,457
103634601,47.3197,46.4396,458,39757,0.926035,0.77,2,1330259,1329801,458
103637521,39.3279,38.9759,458,39810,0.940414,0.77,2,1330293,1329835,458
103792281,52.9158,47.6875,493,42530,0.771961,1,2,1332173,1331680,493
103806881,32.4705,29.584,504,42778,0.297143,1,1,1332348,1331844,504
103809801,21.9882,30.4336,488,42827,0.292857,0.99,1,1332363,1331875,488
103812721,28.5953,25.3734,499,42876,0.231143,1,1,1332396,1331897,499
103821481,25.9981,30.3999,484,43023,0.0822331,0.92,1,1332476,1331992,484
103824401,15.7992,12.16,493,43072,0.0748933,1,1,1332485,1331992,493
103879881,31.3308,35.2381,455,43993,0.241954,0.13,1,1333111,1332656,455
103882801,35.3323,30.2952,466,44041,0.258782,0.19,1,1333149,1332683,466
103885721,35.7329,34.9181,464,44089,0.277513,0.13,1,1333185,1332721,464
103888641,29.2932,34.9672,454,44137,0.273005,0.15,1,1333210,1332756,454
103891561,17.7173,28.9869,439,44185,0.295202,0.17,1,1333220,1332781,439
103914921,33.4686,33.918,431,44566,0.433231,0.19,1,1333434,1333003,431
103999601,47.0775,46.5011,450,45917,0.754946,0.61,2,1334299,1333849,450
104005441,45.9324,24.2402,504,46009,0.769991,0.61,2,1334381,1333877,504
104008361,36.973,41.4961,482,46055,0.781997,0.65,2,1334412,1333930,482
104011281,35.1892,34.5984,486,46101,0.786799,0.65,2,1334446,1333960,486
104014201,38.6757,33.6394,494,46147,0.788719,0.71,2,1334487,1333993,494
104017121,37.0703,36.8557,491,46193,0.789488,0.73,2,1334523,1334032,491
104020041,31.0281,36.3423,482,46239,0.789795,0.73,2,1334550,1334068,482
104052161,37.4383,45.9324,491,46737,0.929102,0.79,2,1334872,1334381,491
104198161,27.9717,20.4673,526,48941,0.922,1,2,1336384,1335858,526
104236121,27.8375,38.5186,503,49500,0.925158,1,2,1336767,1336264,503
104241961,36.494,29.323,510,49586,0.925625,0.95,2,1336833,1336323,510
104380661,106.367,102.081,515,23541,0.266304,0.92,1,1338314,1337799,515
104383581,69.5468,79.2324,496,23631,0.208522,1,1,1338359,1337863,496
104395261,44.6012,67.7547,465,23988,0.21409,0.49,1,1338618,1338153,465
104398181,31.0405,45.7019,456,24076,0.247636,0.33,1,1338640,1338184,456
104401101,36.4162,54.2808,436,24164,0.261054,0.13,1,1338680,1338244,436
104404021,54.1665,63.7123,432,24252,0.242422,0.17,1,1338746,1338314,432
104406941,49.2666,52.4849,433,24339,0.258969,0.13,1,1338792,1338359,433
104409861,78.5066,82.194,429,24426,0.289587,0.21,1,1338890,1338461,429
104418621,46.3044,44.1644,435,24685,0.417174,0.27,1,1339053,1338618,435
104421541,30.5218,30.8658,433,24771,0.424869,0.27,1,1339073,1338640,433
104462421,73.1184,72.341,523,25943,0.754247,0.65,2,1339917,1339394,523
104465341,49.0474,70.9364,486,26025,0.775699,0.65,2,1339950,1339464,486
104468261,31.6189,47.5746,474,26106,0.784279,0.69,2,1339970,1339496,474
104471181,36.6476,31.6298,493,26187,0.787712,0.65,2,1340010,1339517,493
104482861,75.5158,83.4897,525,26509,0.926549,0.71,2,1340301,1339776,525
104485781,76.4063,74.7959,533,26589,0.92862,0.79,2,1340378,1339845,533
104576301,41.9072,39.0164,523,28955,0.906992,1,2,1341948,1341425,523
104582141,39.7052,34.6826,512,29101,0.777519,0.97,2,1342021,1341509,512
104593821,52.5253,77.1887,508,29391,0.449648,1,1,1342306,1341798,508
104596741,37.2101,53.6755,497,29463,0.413859,0.97,1,1342333,1341836,497
104599661,39.484,37.6702,511,29535,0.411544,1,1,1342374,1341863,511
104602581,36.7936,40.2681,504,29607,0.422617,0.85,1,1342409,1341905,504
104605501,32.7174,41.9072,491,29678,0.427047,0.81,1,1342439,1341948,491
104658061,39.9324,39.4016,448,30936,0.773335,0.59,2,1343266,1342818,448
104690181,37.7299,39.7456,495,31680,0.91459,0.87,2,1343761,1343266,495
104693101,34.892,35.6982,495,31747,0.947836,0.87,2,1343794,1343299,495
104806981,36.6644,33.2035,497,34249,0.918479,1,2,1345584,1345087,497
104809901,30.2657,13.2814,523,34311,0.913392,1,2,1345610,1345087,523
104812821,29.5063,19.1126,529,34373,0.911357,0.93,2,1345639,1345110,529
104818661,33.401,38.218,508,34496,0.948617,1,2,1345706,1345198,508
104821581,38.5604,38.6872,511,34557,0.949447,0.95,2,1345748,1345237,511
105015761,75.6848,106.819,454,17777,0.753975,0.73,2,1348903,1348449,454
105025981,135.382,15.2818,659,18250,0.911862,0.71,2,1349260,1348601,659
105028901,61.9529,132.713,461,18366,0.934745,0.69,2,1349273,1348812,461
105091681,59.491,63.9079,526,20758,0.92512,1,2,1350968,1350442,526
105097521,89.0786,126.265,530,20962,0.792419,1,2,1351190,1350660,530
105100441,36.8314,73.3061,494,21063,0.766968,1,2,1351192,1350698,494
105117961,80.1953,89.0786,458,21660,0.761432,0.75,2,1351648,1351190,458
105120881,33.2781,36.8314,458,21758,0.766573,0.69,2,1351650,1351192,458
105123801,42.1112,44.1326,457,21855,0.756629,0.67,2,1351698,1351241,457
105141321,33.4142,33.2781,458,22431,0.905778,0.75,2,1352108,1351650,458
105144241,42.7657,42.1112,459,22526,0.944311,0.75,2,1352157,1351698,459
105240601,50.9266,45.3625,496,25447,0.766,1,2,1354267,1353771,496
105249361,82.1953,86.9032,555,25696,0.203344,1,1,1354484,1353929,555
105252281,56.8781,84.5613,512,25778,0.0813376,1,1,1354524,1354012,512
105255201,55.1512,62.6245,518,25860,0.050535,1,1,1354578,1354060,518
105258121,62.2605,45.4498,551,25942,0.026214,1,1,1354645,1354094,551
105261041,47.7042,66.1799,509,26024,0.0284856,0.75,1,1354683,1354174,509
105263961,41.8817,52.272,504,26105,0.0293942,0.71,1,1354721,1354217,504
105266881,37.7527,50.9088,489,26186,0.0297577,0.67,1,1354756,1354267,489
105269801,59.5011,41.9635,527,26267,0.0419031,0.35,1,1354830,1354303,527
105272721,68.8004,71.9854,510,26348,0.0167612,0.01,1,1354905,1354395,510
105275641,52.1202,82.1942,462,26428,0.00670449,0,1,1354946,1354484,462
105278561,53.2481,56.8777,476,26508,0.0326818,0.03,1,1355000,1354524,476
105281481,62.0992,55.1511,490,26588,0.0430727,0.01,1,1355068,1354578,490
105284401,47.0397,62.2604,460,26668,0.0472291,0.03,1,1355105,1354645,460
105287321,42.8159,47.7042,462,26747,0.0248916,0.03,1,1355145,1354683,462
105290241,36.3263,41.8817,456,26826,0.0519567,0.03,1,1355177,1354721,456
105293161,60.1305,37.7527,497,26905,0.0627827,0.05,1,1355253,1354756,497
105296081,25.2522,59.5011,425,26984,0.0671131,0,1,1355255,1354830,425
105299001,53.9009,68.8004,423,27062,0.0448452,0,1,1355328,1354905,423
105301921,47.9604,52.1202,426,27140,0.0179381,0.05,1,1355372,1354946,426
105304841,49.7841,53.2481,423,27218,0.0131752,0.05,1,1355423,1355000,423
105307761,60.7137,62.0992,423,27296,0.0232701,0.05,1,1355491,1355068,423
105310681,46.4855,47.0397,423,27374,0.051308,0.01,1,1355528,1355105,423
105313601,42.5942,42.8159,423,27451,0.0265232,0.07,1,1355568,1355145,423
105316521,37.4377,36.3263,425,27528,0.0166093,0.07,1,1355602,1355177,425
105319441,61.1751,60.1305,426,27605,0.0606437,0.07,1,1355679,1355253,426
105322361,25.67,25.2522,426,27682,0.0782575,0.03,1,1355681,1355255,426
105325281,51.668,53.9009,422,27759,0.037303,0,1,1355750,1355328,422
105328201,47.0672,47.9604,422,27835,0.0149212,0.01,1,1355794,1355372,422
105331121,49.4269,49.7841,422,27911,0.0119685,0.03,1,1355845,1355423,422
105334041,60.5708,60.7137,422,27987,0.0227874,0.07,1,1355913,1355491,422
105336961,47.0283,46.4855,423,28063,0.015115,0.01,1,1355951,1355528,423
105339881,42.2113,42.5942,422,28138,0.036046,0.01,1,1355990,1355568,422
105342801,37.2845,37.4377,422,28213,0.0564184,0.09,1,1356024,1355602,422
105345721,63.5138,61.1751,426,28288,0.0285674,0.09,1,1356105,1355679,426
105348641,26.6055,25.67,426,28363,0.0534269,0.09,1,1356107,1355681,426
105351561,49.0422,10.268,490,28438,0.0873708,0.01,1,1356171,1355681,490
105354481,46.0169,45.5072,465,28512,0.0349483,0,1,1356215,1355750,465
105357401,49.0068,44.6029,472,28586,0.0319793,0.01,1,1356266,1355794,472
105360321,60.4027,48.4412,489,28660,0.0427917,0.03,1,1356334,1355845,489
105363241,47.5611,60.1765,460,28734,0.0231167,0.01,1,1356373,1355913,460
105366161,41.8244,46.8706,460,28808,0.0272467,0.05,1,1356411,1355951,460
105369081,37.7298,42.1482,456,28881,0.0288987,0.07,1,1356446,1355990,456
105372001,64.8919,37.2593,505,28954,0.0535595,0.01,1,1356529,1356024,505
105374921,27.1568,63.5037,426,29027,0.0634238,0.07,1,1356531,1356105,426
105377841,48.0627,26.6015,486,29100,0.0673695,0.11,1,1356593,1356107,486
105380761,45.6251,49.0406,466,29173,0.0269478,0,1,1356637,1356171,466
105383681,48.25,46.0162,472,29246,0.0167791,0.03,1,1356687,1356215,472
105386601,60.1,49.0065,489,29318,0.0247116,0.05,1,1356755,1356266,489
105389521,48.04,60.4026,461,29390,0.0398847,0.01,1,1356795,1356334,461
105392441,42.016,47.561,460,29462,0.0219539,0.03,1,1356833,1356373,460
105395361,37.8064,41.8244,457,29534,0.0267815,0.03,1,1356868,1356411,457
105398281,66.1226,37.7298,507,29606,0.0287126,0.07,1,1356953,1356446,507
105401201,27.649,64.8919,426,29677,0.029485,0.07,1,1356955,1356529,426
105404121,48.2596,27.1568,486,29748,0.053794,0.07,1,1357017,1356531,486
105407041,44.5038,48.0627,466,29819,0.0995176,0,1,1357059,1356593,466
105415801,56.5602,60.1,424,30032,0.0992491,0.05,1,1357179,1356755,424
105421641,40.8496,42.016,423,30172,0.0842799,0.03,1,1357256,1356833,423
105424561,37.3399,37.8064,423,30242,0.0397119,0.03,1,1357291,1356868,423
105427481,65.9359,66.1226,423,30312,0.0578848,0.03,1,1357376,1356953,423
105430401,27.5744,27.649,423,30382,0.0411539,0.07,1,1357378,1356955,423
105433321,50.0297,48.2596,426,30452,0.0704616,0.13,1,1357443,1357017,426
105453761,36.5469,37.3399,422,30935,0.21613,0.07,1,1357713,1357291,422
105456681,66.2188,65.9359,423,31003,0.272452,0.03,1,1357799,1357376,423
105459601,27.6875,27.5744,423,31071,0.294981,0.09,1,1357801,1357378,423
105477121,46.5626,46.1382,468,31478,0.402363,0.15,1,1358071,1357603,468
105480041,41.425,41.8553,467,31545,0.418945,0.23,1,1358109,1357642,467
105482961,36.97,38.9421,464,31612,0.437578,0.23,1,1358143,1357679,464
105485881,68.788,35.9768,520,31679,0.445031,0.31,1,1358233,1357713,520
105488801,28.7152,65.9907,436,31746,0.448013,0.31,1,1358235,1357799,436
105544281,36.1535,37.9515,448,32989,0.755106,0.59,2,1359034,1358586,448
105547201,70.2614,69.1806,451,33053,0.788042,0.59,2,1359127,1358676,451
105550121,29.3046,28.8722,451,33117,0.777217,0.59,2,1359129,1358678,451
105564721,57.5199,56.4355,454,33435,0.924308,0.65,2,1359369,1358915,454
105567641,24.208,23.7742,454,33498,0.939723,0.75,2,1359371,1358917,454
105570561,36.6832,34.7097,457,33561,0.933889,0.75,2,1359416,1358959,457
105696121,56.9945,59.1756,489,36173,0.927999,0.96,2,1361272,1360783,489
105699041,40.7978,35.0702,500,36231,0.9472,1,2,1361302,1360802,500
105701961,36.1191,29.6281,507,36289,0.93688,1,2,1361335,1360828,507
105704881,33.6476,34.0512,502,36347,0.932752,1,2,1361367,1360865,502
105707801,25.4591,33.4205,489,36405,0.919101,1,2,1361387,1360898,489
105713641,56.2735,64.5073,487,36521,0.786656,1,2,1361501,1361014,487
105754521,38.2244,39.9398,489,37323,0.783641,0.67,2,1362025,1361536,489
105757441,44.6897,37.5759,502,37380,0.787457,0.61,2,1362074,1361572,502
105783721,54.8051,34.7552,525,37885,0.929474,0.73,2,1362415,1361890,525
105786641,41.122,52.9021,492,37941,0.94179,0.75,2,1362447,1361955,492
105947241,34.5622,25.4654,533,40891,0.928,1,2,1364499,1363966,533
105998341,116.123,127.18,458,19203,0.0979168,0.13,1,1365208,1364750,458
106001261,109.449,100.072,481,19314,0.0811667,0.03,1,1365313,1364832,481
106004181,83.9797,97.0288,453,19424,0.0624667,0.11,1,1365380,1364927,453
106007101,54.5919,67.0115,441,19533,0.0549867,0.09,1,1365415,1364974,441
106010021,44.0368,37.0046,461,19642,0.0879947,0.09,1,1365452,1364991,461
106012941,84.8147,44.2018,524,19750,0.0771979,0.07,1,1365564,1365040,524
106015861,73.5259,77.6807,490,19857,0.0728792,0.03,1,1365630,1365140,490
106018781,92.4104,71.8723,527,19964,0.0831517,0.07,1,1365735,1365208,527
106021701,77.1641,91.7489,489,20070,0.0632607,0.05,1,1365802,1365313,489
106024621,51.8657,76.8996,457,20176,0.0553043,0.05,1,1365837,1365380,457
106027541,44.1463,51.7598,461,20281,0.0521217,0.11,1,1365876,1365415,461
106042141,50.2252,77.1351,456,20799,0.0988089,0.05,1,1366258,1365802,456
106045061,44.6901,51.8541,462,20901,0.0815236,0.05,1,1366299,1365837,462
106056741,84.1073,92.6571,429,21304,0.237047,0.13,1,1366589,1366160,429
106059661,72.0429,76.0628,428,21404,0.220819,0.07,1,1366653,1366225,428
106062581,46.8172,50.2251,425,21503,0.214328,0.07,1,1366683,1366258,425
106065501,43.9269,44.6901,426,21602,0.223731,0.15,1,1366725,1366299,426
106068421,90.1708,88.676,429,21700,0.263492,0.15,1,1366846,1366417,429
106071341,37.2683,36.6704,429,21798,0.279397,0.17,1,1366848,1366419,429
106088861,92.204,90.1708,436,22375,0.420263,0.29,1,1367282,1366846,436
106091781,38.0816,37.2683,436,22470,0.438105,0.33,1,1367284,1366848,436
106094701,57.2326,55.1073,439,22564,0.421242,0.33,1,1367354,1366915,439
106097621,86.4931,22.0429,545,22658,0.438497,0.37,1,1367460,1366915,545
106126821,47.0213,47.9154,492,23577,0.769513,0.55,2,1368046,1367554,492
106138501,91.8709,57.3962,568,23935,0.938564,0.71,2,1368363,1367795,568
106243621,34.8973,35.9226,515,26940,0.94888,1,2,1370392,1369877,515
106252381,59.4014,58.627,493,27175,0.434408,1,1,1370581,1370088,493
106255301,46.5606,58.2508,473,27253,0.299763,1,1,1370619,1370146,473
106261141,53.5297,55.5201,474,27408,0.0779621,0.93,1,1370766,1370292,474
106264061,40.0119,42.6081,471,27485,0.0371848,0.99,1,1370797,1370326,471
106266981,33.4048,36.2432,468,27562,0.0448739,0.93,1,1370826,1370358,468
106269901,33.1619,34.8973,467,27639,0.0359496,0.83,1,1370859,1370392,467
106272821,32.4648,36.7589,461,27716,0.0203798,0.45,1,1370891,1370430,461
106275741,61.5859,76.5036,439,27792,0.0621519,0.31,1,1370972,1370533,439
106278661,49.8344,59.4014,433,27868,0.0668608,0.21,1,1371014,1370581,433
106281581,41.5337,46.5606,431,27944,0.0687443,0,1,1371050,1370619,431
106284501,83.2135,88.8242,425,28020,0.0274977,0.05,1,1371161,1370736,425
106287421,50.0854,53.5297,423,28096,0.0529991,0.01,1,1371189,1370766,423
106290341,38.0342,40.0119,422,28171,0.0271996,0.05,1,1371219,1370797,422
106293261,33.8137,33.4048,424,28246,0.0168799,0.03,1,1371250,1370826,424
106296181,32.1255,33.1619,422,28321,0.0607519,0.01,1,1371281,1370859,422
106299101,33.2502,32.4648,424,28396,0.0663008,0.01,1,1371315,1370891,424
106310781,82.7968,40.2871,533,28693,0.0798893,0,1,1371583,1371050,533
106313701,51.1187,82.7148,452,28767,0.0619557,0.07,1,1371613,1371161,452
106316621,36.6475,49.8859,451,28841,0.0667823,0.01,1,1371640,1371189,451
106319541,33.859,37.9544,453,28914,0.0447129,0.01,1,1371672,1371219,453
106322461,32.7436,33.7817,454,28987,0.0478852,0.09,1,1371704,1371250,454
106325381,34.0974,32.1127,458,29060,0.0971541,0.07,1,1371739,1371281,458
106339981,50.1098,82.7967,453,29422,0.0978684,0.05,1,1372036,1371583,453
106345821,33.4576,36.6475,454,29566,0.060059,0.03,1,1372094,1371640,454
106348741,33.783,33.859,456,29638,0.0420236,0.05,1,1372128,1371672,456
106351661,36.9132,32.7436,463,29709,0.0468094,0.13,1,1372167,1371704,463
106354581,63.9653,34.0974,510,29780,0.0607238,0.11,1,1372249,1371739,510
106357501,26.7861,64.039,428,29851,0.0662895,0.11,1,1372251,1371823,428
106369181,48.8777,50.1098,426,30134,0.205937,0.11,1,1372462,1372036,426
106372101,35.7511,35.6439,427,30204,0.220375,0.03,1,1372489,1372062,427
106375021,31.1004,33.4576,423,30274,0.21415,0.03,1,1372517,1372094,423
106377941,32.8402,33.783,423,30344,0.21166,0.05,1,1372551,1372128,423
106383781,64.6544,63.9653,425,30484,0.217466,0.07,1,1372674,1372249,425
106386701,27.0618,26.7861,425,30553,0.224986,0.15,1,1372676,1372251,425
106389621,36.6247,34.7144,428,30622,0.251994,0.13,1,1372719,1372291,428
106392541,36.2499,35.4858,428,30691,0.274798,0.25,1,1372755,1372327,428
106395461,79.9,77.1943,432,30760,0.283919,0.21,1,1372864,1372432,432
106398381,49.96,48.8777,432,30829,0.299568,0.23,1,1372894,1372462,432
106418821,38.1635,36.6247,435,31306,0.422602,0.27,1,1373154,1372719,435
106421741,36.8654,14.6499,471,31374,0.415041,0.29,1,1373190,1372719,471
106468461,38.3043,33.0165,488,32435,0.770757,0.57,2,1373906,1373418,488
106471381,70.5217,36.6066,541,32500,0.794303,0.63,2,1373998,1373457,541
106477221,41.1635,28.4171,501,32630,0.795489,0.67,2,1374049,1373548,501
106491821,28.7857,36.3793,456,32953,0.913915,0.71,2,1374258,1373802,456
106494741,28.3143,30.1517,458,33017,0.923566,0.77,2,1374286,1373828,458
106497661,34.7257,34.2607,460,33081,0.939426,0.79,2,1374325,1373865,460
106629061,31.3765,27.1604,535,35843,0.920339,1,2,1376276,1375741,535
106669941,238.66,194.546,566,16192,0.208454,0.23,1,1376987,1376421,566
106684541,137.765,48.1048,600,16837,0.0925954,0.09,1,1377412,1376812,600
106687461,101.306,124.242,502,16963,0.0670381,0.13,1,1377489,1376987,502
106690381,77.1225,94.6968,488,17088,0.0928153,0.21,1,1377550,1377062,488
106699141,134.608,53.4846,615,17457,0.2265,0.05,1,1377835,1377220,615
106702061,100.643,136.594,501,17579,0.2886,0.05,1,1377913,1377412,501
106722501,66.4703,78.0553,439,18408,0.438826,0.33,1,1378415,1377976,439
106748781,142.154,140.91,447,19421,0.784082,0.55,2,1379159,1378712,447
106764841,142.752,51.2035,657,20067,0.922279,0.83,2,1379615,1378958,657
106767761,60.1009,141.081,461,20173,0.926912,0.83,2,1379620,1379159,461
106770681,25.2404,57.6326,461,20278,0.928765,0.85,2,1379622,1379161,461
106849521,78.1428,141.605,507,22936,0.946,1,2,1381557,1381050,507
106874341,43.7457,62.4566,475,23755,0.0583609,0.98,1,1382084,1381609,475
106877261,31.8983,44.1826,467,23844,0.0773444,0.77,1,1382108,1381641,467
106880181,50.5593,59.0731,461,23933,0.0609377,0.65,1,1382171,1381710,461
106883101,37.6237,45.2292,454,24022,0.0663751,0.65,1,1382200,1381746,454
106886021,35.4495,18.0917,488,24110,0.05655,0.59,1,1382234,1381746,488
106888941,129.38,28.8367,644,24198,0.06462,0.07,1,1382426,1381782,644
106891861,58.9519,148.935,427,24286,0.079848,0.11,1,1382438,1382011,427
106894781,39.7808,76.9739,425,24373,0.0859392,0.01,1,1382465,1382040,425
106897701,42.3123,57.1895,425,24460,0.0883757,0.09,1,1382509,1382084,425
106900621,31.3249,37.2758,425,24547,0.0533503,0.05,1,1382533,1382108,425
106903541,48.53,52.7103,422,24633,0.0393401,0.07,1,1382593,1382171,422
106906461,36.812,38.4841,422,24719,0.069736,0.05,1,1382622,1382200,422
106909381,35.1248,35.7937,422,24805,0.0818944,0.07,1,1382656,1382234,422
106923981,30.8378,31.3284,422,25229,0.203543,0.03,1,1382955,1382533,422
106932741,35.4536,35.125,425,25480,0.205267,0.09,1,1383081,1382656,425
106935661,130.581,14.05,619,25563,0.244107,0.15,1,1383275,1382656,619
106938581,61.8326,121.42,442,25646,0.259643,0.15,1,1383291,1382849,442
106941501,40.333,56.968,454,25729,0.277857,0.19,1,1383317,1382863,454
106944421,41.9332,38.3872,471,25811,0.285143,0.21,1,1383360,1382889,471
106947341,31.1733,40.5549,453,25893,0.288057,0.21,1,1383384,1382931,453
106959021,133.432,35.4398,628,26219,0.438366,0.27,1,1383709,1383081,628
107008661,57.2335,135.447,453,27637,0.754366,0.59,2,1384604,1384151,453
107011581,33.6934,56.5789,467,27714,0.763747,0.59,2,1384622,1384155,467
107014501,29.0774,32.8315,476,27790,0.779499,0.57,2,1384648,1384172,476
107023261,49.789,29.1732,514,28018,0.901168,0.63,2,1384779,1384265,514
107026181,41.5156,48.8693,488,28094,0.918467,0.63,2,1384815,1384327,488
107029101,37.6062,41.1477,487,28169,0.913387,0.63,2,1384850,1384363,487
107137141,29.7092,37.2493,492,30896,0.904,1,2,1386715,1386223,492
107160501,29.0228,18.1023,510,31439,0.408519,1,1,1387129,1386619,510
107169261,25.5215,29.2385,503,31640,0.293745,1,1,1387218,1386715,503
107172181,129.009,33.2954,665,31707,0.231498,0.71,1,1387416,1386751,665
107180941,37.7765,51.0669,480,31907,0.208016,0.55,1,1387509,1387029,480
107183861,24.7106,40.2268,463,31973,0.233206,0.51,1,1387525,1387062,463
107186781,15.2842,26.8907,454,32039,0.255283,0.47,1,1387534,1387080,454
107189701,25.3137,18.5563,473,32105,0.264113,0.35,1,1387566,1387093,473
107192621,34.1255,29.0225,477,32171,0.279645,0.35,1,1387606,1387129,477
107207221,46.2912,69.6034,460,32498,0.41744,0.17,1,1387906,1387446,460
107210141,40.1165,46.4414,465,32563,0.400976,0.23,1,1387942,1387477,465
107213061,25.6466,37.7765,449,32628,0.40639,0.25,1,1387958,1387509,449
107215981,15.6586,24.7106,442,32693,0.420556,0.27,1,1387967,1387525,442
107218901,26.0635,15.2842,466,32758,0.414222,0.27,1,1388000,1387534,466
107221821,11.6254,25.3137,436,32823,0.411689,0.29,1,1388002,1387566,436
107224741,28.6502,34.1255,436,32887,0.410676,0.35,1,1388042,1387606,436
107227661,28.8601,29.2502,439,32951,0.43427,0.35,1,1388071,1387632,439
107230581,19.944,21.3001,437,33015,0.443708,0.41,1,1388085,1387648,437
107268541,70.9156,69.311,447,33839,0.762234,0.55,2,1388764,1388317,447
107271461,47.5662,46.9244,447,33901,0.790894,0.53,2,1388796,1388349,447
107299201,60.486,132.113,459,34519,0.923934,0.79,2,1389193,1388734,459
107302121,42.1944,70.8451,459,34580,0.939573,0.81,2,1389223,1388764,459
107305041,37.2778,47.538,461,34641,0.945829,0.83,2,1389257,1388796,461
107307961,35.3111,39.4152,461,34702,0.924332,0.85,2,1389291,1388830,461
107310881,24.9244,25.9661,462,34763,0.915733,0.81,2,1389309,1388847,462
107313801,15.9698,16.3864,462,34824,0.912293,0.83,2,1389319,1388857,462
107316721,25.5879,26.3546,461,34885,0.910917,0.79,2,1389351,1388890,461
107319641,11.4352,11.7418,461,34946,0.934367,0.85,2,1389353,1388892,461
107322561,30.9741,29.2967,464,35006,0.943747,0.85,2,1389397,1388933,464
107506521,249.271,239.251,507,16916,0.221269,0.07,1,1392116,1391609,507
107512361,85.7233,96.8402,451,17167,0.0942031,0.05,1,1392223,1391772,451
107515281,77.4893,73.5361,465,17291,0.0796812,0.03,1,1392295,1391830,465
107518201,40.5957,55.2144,438,17414,0.0978725,0.05,1,1392311,1391873,438
107538641,72.4717,134.463,443,18366,0.25223,0.16,1,1392968,1392525,443
107541561,59.5887,63.9854,477,18482,0.286892,0.15,1,1393019,1392542,477
107551781,134.711,35.094,628,18937,0.448896,0.23,1,1393364,1392736,628
107594121,63.1221,48.4272,501,20552,0.781627,0.57,2,1394354,1393853,501
107604341,134.965,34.5325,653,20962,0.90441,0.69,2,1394704,1394051,653
107607261,62.9859,141.013,456,21063,0.919764,0.69,2,1394719,1394263,456
107610181,50.3944,56.4052,498,21164,0.937906,0.73,2,1394761,1394263,498
107681721,50.6914,63.1309,513,23540,0.42975,1,1,1396405,1395892,513
107684641,123.477,45.0524,652,23630,0.2019,1,1,1396577,1395925,652
107690481,55.6363,67.9284,517,23809,0.088704,0.94,1,1396653,1396136,517
107693401,40.8545,59.5713,494,23898,0.0774816,0.83,1,1396684,1396190,494
107696321,63.1418,45.4285,536,23987,0.0969926,0.55,1,1396762,1396226,536
107708001,108.949,123.477,423,24338,0.232067,0.11,1,1397000,1396577,423
107710921,59.1797,65.5906,422,24425,0.242827,0.05,1,1397026,1396604,422
107713841,53.0719,55.6363,422,24512,0.223131,0.07,1,1397075,1396653,422
107716761,42.2287,40.8545,426,24598,0.203252,0.11,1,1397110,1396684,426
107719681,64.2915,63.1418,427,24684,0.243301,0.11,1,1397189,1396762,427
107722601,26.9166,26.4567,427,24770,0.25932,0.11,1,1397191,1396764,427
107725521,32.3666,32.1827,427,24856,0.277728,0.17,1,1397227,1396800,427
107737201,51.1758,53.0719,430,25195,0.405846,0.19,1,1397505,1397075,430
107740121,42.0703,42.2287,431,25279,0.408338,0.27,1,1397541,1397110,431
107807281,59.0895,61.727,456,27140,0.912022,0.69,2,1398802,1398346,456
107810201,51.2358,52.2908,456,27218,0.934809,0.69,2,1398848,1398392,456
107959121,44.6585,37.1645,499,30935,0.76984,1,2,1401460,1400961,499
108011681,56.967,35.5719,523,32144,0.754427,0.59,2,1402287,1401764,523
108014601,49.7868,58.0287,495,32210,0.775771,0.59,2,1402332,1401837,495
108017521,40.3147,49.0115,486,32276,0.784308,0.63,2,1402366,1401880,486
108020441,38.3259,40.0046,489,32342,0.799723,0.61,2,1402403,1401914,489
108023361,33.9304,38.2018,483,32407,0.793889,0.63,2,1402434,1401951,483
108029201,55.5889,56.8723,509,32537,0.795422,0.69,2,1402562,1402053,509
108032121,49.8355,55.1489,501,32602,0.792169,0.65,2,1402608,1402107,501
108043801,52.4102,56.967,462,32861,0.930983,0.79,2,1402749,1402287,462
108046721,47.3641,49.7868,461,32925,0.942393,0.79,2,1402793,1402332,461
108163521,39.9249,50.8038,509,35403,0.9412,1,2,1404523,1404014,509
108172281,52.0912,29.2914,549,35583,0.797757,1,2,1404658,1404109,549
108175201,40.6365,51.3166,516,35642,0.757103,1,2,1404691,1404175,516
108195641,44.7397,48.8124,477,36055,0.442954,0.91,1,1404966,1404489,477
108198561,32.2959,39.9249,467,36114,0.423182,0.87,1,1404990,1404523,467
108204401,32.1673,34.228,465,36231,0.251309,0.75,1,1405059,1404594,465
108207321,48.8669,52.0912,461,36289,0.214524,0.73,1,1405119,1404658,461
108216081,30.3675,31.5818,455,36463,0.0653295,0.59,1,1405204,1404749,455
108219001,29.547,31.8327,452,36521,0.0681318,0.61,1,1405233,1404781,452
108221921,31.0188,31.9331,452,36579,0.0332527,0.59,1,1405265,1404813,452
108224841,35.8075,40.3732,445,36637,0.0673011,0.47,1,1405304,1404859,445
108227761,55.723,59.3493,442,36695,0.0809204,0.39,1,1405373,1404931,442
108230681,42.0892,44.7397,440,36753,0.0623682,0.41,1,1405406,1404966,440
108233601,29.4357,32.2959,437,36810,0.0669473,0.29,1,1405427,1404990,437
108236521,33.9743,36.9184,434,36867,0.0327789,0.19,1,1405464,1405030,434
108239441,29.1897,32.1673,431,36924,0.0431116,0.19,1,1405490,1405059,431
108242361,46.4759,48.8669,429,36981,0.0472446,0.15,1,1405548,1405119,429
108245281,35.3904,37.5468,427,37038,0.0728979,0.13,1,1405576,1405149,427
108248201,26.7561,29.4187,424,37095,0.0831591,0.01,1,1405597,1405173,424
108251121,28.1025,30.3675,422,37152,0.0992637,0.01,1,1405626,1405204,422
108254041,28.641,12.147,451,37209,0.0937055,0.07,1,1405655,1405204,451
108256961,31.2564,22.2588,455,37266,0.0794822,0.01,1,1405688,1405233,455
108259881,35.9026,28.1035,462,37323,0.0737929,0.09,1,1405727,1405265,462
108262801,55.761,34.6414,492,37380,0.0595171,0.09,1,1405796,1405304,492
108265721,42.1044,55.2566,456,37437,0.0658069,0.05,1,1405829,1405373,456
108268641,30.0418,41.9026,445,37493,0.0683227,0.07,1,1405851,1405406,445
108271561,32.4167,29.361,458,37549,0.0813291,0.01,1,1405885,1405427,458
108274481,29.7667,33.9444,449,37605,0.0745316,0.05,1,1405913,1405464,449
108277401,47.3067,29.1778,482,37661,0.0718127,0.05,1,1405972,1405490,482
108280321,36.9227,46.4711,454,37717,0.0827251,0.09,1,1406002,1405548,454
108283241,27.9691,35.3884,448,37773,0.08709,0.09,1,1406024,1405576,448
108297841,55.6237,35.9025,493,38053,0.210853,0.05,1,1406220,1405727,493
108300761,42.0495,55.761,457,38109,0.222341,0.07,1,1406253,1405796,457
108303681,30.0198,42.1044,446,38164,0.238937,0.07,1,1406275,1405829,446
108306601,31.8079,30.0418,457,38219,0.257575,0.09,1,1406308,1405851,457
108309521,30.1232,32.4167,452,38274,0.25303,0.07,1,1406337,1405885,452
108312441,47.4493,29.7667,483,38329,0.263212,0.07,1,1406396,1405913,483
108315361,37.5797,47.3067,455,38384,0.255285,0.09,1,1406427,1405972,455
108318281,28.8319,36.9227,448,38439,0.240114,0.09,1,1406450,1406002,448
108321201,28.3328,27.9691,454,38494,0.246046,0.11,1,1406478,1406024,454
108324121,28.7331,27.9876,455,38549,0.272418,0.13,1,1406507,1406052,455
108327041,30.6932,27.9951,459,38604,0.294967,0.13,1,1406539,1406080,459
108341641,30.009,30.0198,434,38877,0.426678,0.27,1,1406709,1406275,434
108391281,37.2615,37.0178,445,39790,0.757978,0.51,2,1407306,1406861,445
108394201,29.9046,28.6071,447,39843,0.765191,0.55,2,1407331,1406884,447
108397121,29.3618,28.8429,447,39896,0.792076,0.55,2,1407360,1406913,447
108426321,50.077,31.6955,516,40423,0.93146,0.73,2,1407733,1407217,516
108429241,38.6308,48.0782,488,40475,0.942584,0.79,2,1407764,1407276,488
108677441,25.7869,30.4618,481,44690,0.933119,0.93,2,1410668,1410187,481
108680361,28.9148,30.7847,481,44737,0.931248,1,2,1410699,1410218,481
108689121,30.7225,29.6422,483,44878,0.9344,1,2,1410798,1410315,483
108692041,23.089,28.0569,474,44925,0.94376,1,2,1410816,1410342,474
108697881,41.4942,42.1691,473,45019,0.941802,0.98,2,1410897,1410424,473
108703721,43.1191,38.1871,482,45113,0.946288,0.95,2,1410989,1410507,482
108840961,34.5676,37.5285,508,47261,0.931189,1,2,1412480,1411972,508
108843881,34.827,33.6114,512,47306,0.900476,1,2,1412515,1412003,512
108852641,26.1089,27.6631,525,47440,0.94323,1,2,1412604,1412079,525
108854101,21.2436,30.8653,510,47484,0.947292,1,2,1412622,1412112,510
108912501,103.542,92.5949,515,22189,0.901835,0.85,2,1413364,1412849,515
109003021,81.149,78.4014,488,24982,0.939232,1,2,1415356,1414868,488
109020541,55.9488,61.6815,497,25487,0.269039,1,1,1415670,1415173,497
109023461,76.3795,24.6726,587,25570,0.209616,1,1,1415760,1415173,587
109038061,44.4439,39.4466,498,25982,0.203698,0.45,1,1416007,1415509,498
109049741,69.1058,76.3698,496,26307,0.229231,0.15,1,1416256,1415760,496
109052661,72.0423,70.1479,504,26388,0.241692,0.17,1,1416330,1415826,504
109055581,45.6169,73.0592,457,26468,0.258677,0.17,1,1416358,1415901,457
109058501,35.6468,46.0237,458,26548,0.265471,0.21,1,1416387,1415929,458
109061421,44.8587,34.6095,482,26628,0.280188,0.21,1,1416438,1415956,482
109064341,37.1435,44.4438,463,26708,0.286075,0.19,1,1416470,1416007,463
109067261,50.8574,38.7775,488,26787,0.28843,0.17,1,1416530,1416042,488
109070181,74.943,50.911,520,26866,0.277372,0.21,1,1416621,1416101,520
109073101,31.1772,73.7644,433,26945,0.272949,0.25,1,1416623,1416190,433
109084781,34.6909,35.6468,435,27258,0.40966,0.29,1,1416822,1416387,435
109087701,45.0764,44.8587,436,27336,0.445864,0.29,1,1416874,1416438,436
109116901,39.0962,37.2305,445,28101,0.773405,0.53,2,1417351,1416906,445
109119821,52.2385,50.8922,446,28176,0.771362,0.53,2,1417412,1416966,446
109122741,74.8954,74.3569,446,28251,0.782545,0.49,2,1417502,1417056,446
109125661,31.1582,30.9428,446,28326,0.787018,0.65,2,1417504,1417058,446
109131501,71.3453,21.2708,533,28476,0.909523,0.73,2,1417659,1417126,533
109134421,45.9381,55.3083,484,28550,0.921809,0.71,2,1417688,1417204,484
109140261,48.7501,33.8093,512,28698,0.938289,0.77,2,1417775,1417263,512
109143181,41.1,45.9237,494,28772,0.933316,0.79,2,1417811,1417317,494
109146101,52.44,38.7695,520,28846,0.931326,0.77,2,1417871,1417351,520
109251221,31.9659,9.70736,540,31379,0.94,1,2,1419645,1419105,540
109259981,53.4778,42.9333,539,31580,0.90424,1,2,1419778,1419239,539
109268741,39.9266,47.1717,515,31781,0.223231,1,1,1419937,1419422,515
109277501,35.5553,45.283,507,31980,0.0586868,1,1,1420094,1419587,507
109280421,31.6221,34.9132,508,32046,0.0654747,0.9,1,1420123,1419615,508
109283341,29.4488,31.9653,506,32112,0.0561899,0.98,1,1420151,1419645,506
109286261,29.1795,31.9861,503,32178,0.040476,1,1,1420180,1419677,503
109289181,44.6718,33.1944,524,32244,0.0701904,0.85,1,1420235,1419711,524
109292101,59.8687,53.4778,527,32310,0.0820761,0.41,1,1420305,1419778,527
109295021,43.7475,71.7911,476,32375,0.0868305,0.25,1,1420338,1419862,476
109300861,71.0796,39.9266,521,32505,0.0678929,0.05,1,1420458,1419937,521
109303781,47.6318,75.9706,453,32570,0.0331571,0.09,1,1420490,1420037,453
109306701,34.6527,48.3883,449,32635,0.0312629,0.03,1,1420516,1420067,449
109309621,32.4611,35.5553,453,32700,0.0305051,0.07,1,1420547,1420094,453
109312541,29.1844,31.6221,451,32765,0.0422021,0.05,1,1420574,1420123,451
109315461,12.8738,29.4488,425,32830,0.0588808,0.03,1,1420576,1420151,425
109318381,21.9495,29.1795,424,32894,0.0535523,0.09,1,1420604,1420180,424
109321301,40.5798,44.6718,422,32958,0.0754209,0.09,1,1420657,1420235,422
109324221,60.0319,59.8687,425,33022,0.0961684,0.09,1,1420730,1420305,425
109330061,31.8051,30.699,428,33150,0.0885869,0.03,1,1420788,1420360,428
109332981,67.922,71.0796,422,33214,0.0534348,0.01,1,1420880,1420458,422
109335901,46.9688,47.6318,423,33278,0.0393739,0.03,1,1420913,1420490,423
109338821,34.3875,34.6527,423,33342,0.0577496,0.03,1,1420939,1420516,423
109341741,31.755,32.4611,422,33405,0.0530998,0.05,1,1420969,1420547,422
109344661,29.502,29.1844,423,33468,0.0392399,0.07,1,1420997,1420574,423
109347581,13.0008,12.8738,423,33531,0.033696,0.05,1,1420999,1420576,423
109350501,22.0003,21.9495,423,33594,0.0554784,0.09,1,1421027,1420604,423
109353421,41.2001,40.5798,424,33657,0.0761914,0.11,1,1421081,1420657,424
109356341,60.8801,60.0319,425,33720,0.0604765,0.13,1,1421155,1420730,425
109359261,45.952,45.0128,426,33783,0.0901906,0.07,1,1421191,1420765,426
109362181,31.5808,31.8051,425,33846,0.0780763,0.03,1,1421213,1420788,425
109365101,66.6323,67.922,423,33908,0.0612305,0.03,1,1421303,1420880,423
109368021,45.8529,46.9688,422,33970,0.0424922,0.07,1,1421335,1420913,422
109370941,36.3412,34.3875,426,34032,0.0469969,0.05,1,1421365,1420939,426
109373861,30.1365,31.755,422,34094,0.0487988,0.03,1,1421391,1420969,422
109376781,29.4546,29.502,423,34156,0.0735195,0.03,1,1421420,1420997,423
109379701,12.9818,13.0008,423,34218,0.0594078,0.03,1,1421422,1420999,423
109382621,21.9927,5.20032,451,34280,0.0537631,0.07,1,1421450,1420999,451
109385541,41.1971,18.8801,477,34342,0.0995052,0.09,1,1421504,1421027,477
109400141,45.7713,66.6004,454,34648,0.0828781,0.03,1,1421757,1421303,454
109403061,36.9085,45.8401,453,34709,0.0631512,0.05,1,1421788,1421335,453
109405981,30.9634,36.3361,450,34770,0.0792605,0.05,1,1421815,1421365,450
109408901,29.1854,30.1344,452,34831,0.0737042,0.09,1,1421843,1421391,452
109411821,12.8741,29.4538,425,34892,0.0714817,0.05,1,1421845,1421420,425
109414741,23.1497,12.9815,453,34953,0.0825927,0.05,1,1421875,1421422,453
109417661,42.8599,21.9926,481,35013,0.0870371,0.13,1,1421931,1421450,481
109426421,31.975,46.5515,451,35193,0.21413,0.17,1,1422066,1421615,451
109429341,63.19,31.8206,513,35253,0.259652,0.11,1,1422150,1421637,513
109432261,43.876,64.9282,457,35313,0.265861,0.05,1,1422181,1421724,457
109435181,36.1504,45.7713,455,35373,0.256344,0.05,1,1422212,1421757,455
109438101,30.0602,36.9085,450,35433,0.252538,0.09,1,1422238,1421788,450
109441021,29.4241,30.9634,452,35493,0.275015,0.07,1,1422267,1421815,452
109443941,12.9696,29.1854,426,35553,0.284006,0.07,1,1422269,1421843,426
109446861,23.7879,12.8741,455,35612,0.275602,0.09,1,1422300,1421845,455
109449781,43.1151,23.1497,481,35671,0.284241,0.09,1,1422356,1421875,481
109452701,18.4461,42.8599,427,35730,0.287696,0.21,1,1422358,1421931,427
109464381,64.437,63.19,436,35966,0.430005,0.27,1,1422586,1422150,436
109531541,34.2813,30.7584,476,37294,0.769075,0.59,2,1423389,1422913,476
109534461,66.5125,29.1034,536,37351,0.76963,0.59,2,1423477,1422941,536
109537381,44.605,64.4413,478,37408,0.769852,0.59,2,1423507,1423029,478
109540301,35.842,43.7765,478,37464,0.781941,0.59,2,1423537,1423059,478
109543221,32.9368,35.5106,479,37520,0.786776,0.55,2,1423568,1423089,479
109546141,30.5747,32.2042,478,37576,0.788711,0.63,2,1423597,1423119,478
109715501,36.4384,49.9487,499,40707,0.799516,1,2,1425750,1425251,499
109738861,32.6978,30.822,506,41121,0.405354,0.93,1,1426025,1425519,506
109741781,28.6791,32.1288,499,41172,0.408142,0.96,1,1426051,1425552,499
109750541,45.3235,49.2402,507,41325,0.238521,0.87,1,1426180,1425673,507
109753461,32.5294,49.0961,482,41376,0.209408,0.75,1,1426204,1425722,482
109762221,35.3219,40.0302,486,41529,0.0962021,0.57,1,1426314,1425828,486
109768061,30.1315,41.4448,448,41631,0.0717923,0.53,1,1426356,1425908,448
109770981,27.0526,32.7779,446,41682,0.0827169,0.41,1,1426381,1425935,446
109803101,35.114,35.3219,426,42235,0.244284,0.11,1,1426740,1426314,426
109806021,15.2456,15.3288,426,42285,0.271714,0.05,1,1426742,1426316,426
109808941,29.4982,30.1315,425,42335,0.282686,0.09,1,1426781,1426356,425
109811861,24.9993,27.0526,422,42385,0.299074,0.15,1,1426803,1426381,422
109814781,30.9997,28.821,427,42435,0.29363,0.15,1,1426838,1426411,427
109817701,21.9999,22.3284,425,42485,0.267452,0.15,1,1426854,1426429,425
109820621,32.2,31.1314,427,42535,0.280981,0.11,1,1426893,1426466,427
109823541,27.88,28.0525,426,42585,0.298392,0.13,1,1426918,1426492,426
109835221,31.3953,30.7805,429,42782,0.285703,0.21,1,1427063,1426634,429
109838141,33.5581,32.7122,430,42831,0.288281,0.17,1,1427098,1426668,430
109849821,29.7887,29.4982,434,43027,0.415044,0.29,1,1427215,1426781,434
109852741,25.1155,11.7993,456,43076,0.424018,0.31,1,1427237,1426781,456
109855661,30.4462,17.9197,468,43125,0.439607,0.29,1,1427271,1426803,468
109908221,29.4501,27.5806,475,43997,0.751432,0.51,2,1427827,1427352,475
109911141,42.3801,28.4322,497,44045,0.774573,0.55,2,1427878,1427381,497
109957861,44.8075,43.352,464,44805,0.90812,0.85,2,1428386,1427922,464
109960781,32.323,31.7408,464,44852,0.933248,0.85,2,1428410,1427946,464
109963701,33.3292,33.0963,464,44899,0.943299,0.79,2,1428444,1427980,464
109966621,39.7317,40.2385,463,44946,0.94732,0.83,2,1428488,1428025,463
109969541,39.8927,40.0954,463,44993,0.948928,0.83,2,1428528,1428065,463
109972461,17.1571,17.2382,463,45040,0.949571,0.87,2,1428530,1428067,463
110169561,173.705,171.038,507,21997,0.2836,0.97,1,1430692,1430185,507
110175401,93.4328,97.566,500,22189,0.065776,0.71,1,1430856,1430356,500
110178321,78.7731,90.6264,483,22285,0.0323104,0.51,1,1430925,1430442,483
110181241,61.5092,77.0506,465,22380,0.0309242,0.29,1,1430975,1430510,465
110184161,48.6037,61.4202,454,22475,0.0303697,0.27,1,1431015,1430561,454
110187081,35.6415,43.1681,450,22569,0.0301479,0.29,1,1431042,1430592,450
110190001,58.6566,33.4672,497,22663,0.0420591,0.09,1,1431116,1430619,497
110192921,76.8626,57.1869,513,22757,0.0168237,0.01,1,1431205,1430692,513
110195841,75.7451,77.4748,497,22850,0.0247295,0.03,1,1431280,1430783,497
110198761,69.898,74.7899,490,22943,0.0518918,0.01,1,1431346,1430856,490
110201681,58.5592,71.316,472,23035,0.0987567,0.03,1,1431397,1430925,472
110204601,48.0237,58.5264,463,23127,0.0815027,0.03,1,1431438,1430975,463
110213361,76.7295,58.4657,511,23401,0.0620962,0,1,1431627,1431116,511
110216281,75.6918,76.7863,497,23492,0.0548385,0.03,1,1431702,1431205,497
110219201,71.0767,75.7145,490,23582,0.0639354,0.07,1,1431770,1431280,490
110233801,24.6837,58.3235,430,24029,0.0957235,0.03,1,1431968,1431538,430
110242561,68.7318,71.0767,425,24293,0.0831663,0.13,1,1432195,1431770,425
110245481,62.2927,60.8307,429,24380,0.0632665,0.13,1,1432253,1431824,429
110248401,49.5171,48.9323,429,24467,0.0793066,0.13,1,1432294,1431865,429
110251321,35.4068,35.7729,428,24554,0.0857226,0.09,1,1432320,1431892,428
110263001,66.6616,69.8294,423,24897,0.208642,0.07,1,1432550,1432127,423
110265921,68.0646,68.7318,424,24982,0.245457,0.05,1,1432619,1432195,424
110268841,62.0259,62.2927,424,25067,0.260183,0.09,1,1432677,1432253,424
110271761,49.4103,49.5171,424,25152,0.254073,0.09,1,1432718,1432294,424
110274681,35.3641,35.4068,424,25236,0.251629,0.17,1,1432744,1432320,424
110286361,68.4941,24.0616,503,25570,0.42937,0.23,1,1432982,1432479,503
110318481,49.4393,62.3175,485,26468,0.760214,0.49,2,1433594,1433109,485
110321401,35.3757,48.927,471,26548,0.766086,0.49,2,1433620,1433149,471
110324321,66.3503,35.1708,532,26628,0.792434,0.57,2,1433707,1433175,532
110330161,67.496,26.7473,543,26787,0.795189,0.65,2,1433803,1433260,543
110350601,67.202,66.3503,462,27336,0.904765,0.81,2,1434169,1433707,462
110353521,28.0808,27.7401,462,27413,0.907906,0.79,2,1434171,1433709,462
110356441,67.0323,67.496,461,27490,0.921162,0.85,2,1434264,1433803,461
110467401,68.748,78.2398,479,30279,0.94,1,2,1436237,1435758,479
110470321,64.6992,52.2959,506,30349,0.778,1,2,1436299,1435793,506
110484921,36.3784,35.9057,491,30696,0.41636,1,1,1436480,1435989,491
110490761,36.5405,43.4249,474,30834,0.238218,1,1,1436563,1436089,474
110502441,41.5914,46.2797,457,31107,0.0622104,0.61,1,1436790,1436333,457
110505361,33.4366,38.9119,451,31175,0.0548841,0.45,1,1436818,1436367,451
110508281,36.1746,41.3647,446,31243,0.0279537,0.41,1,1436856,1436410,446
110511201,33.6699,36.9459,444,31311,0.0171815,0.41,1,1436888,1436444,444
110514121,32.0679,14.7784,475,31379,0.0488726,0.39,1,1436919,1436444,475
110517041,39.8272,27.5113,484,31446,0.025549,0.29,1,1436964,1436480,484
110519961,29.7309,42.8045,454,31513,0.0522196,0.17,1,1436987,1436533,454
110525801,60.9169,59.0487,487,31647,0.0863551,0.11,1,1437125,1436638,487
110528721,59.1668,63.2195,479,31714,0.0765421,0.11,1,1437183,1436704,479
110531641,40.4667,58.8878,451,31781,0.0726168,0.03,1,1437211,1436760,451
110534561,32.9867,41.5551,449,31848,0.0470467,0.05,1,1437239,1436790,449
110537481,36.5947,33.422,460,31914,0.0488187,0.01,1,1437278,1436818,460
110540401,33.8379,36.1688,454,31980,0.0255275,0.01,1,1437310,1436856,454
110543321,32.1351,33.6675,453,32046,0.052211,0.07,1,1437341,1436888,453
110546241,41.6541,32.067,470,32112,0.0748844,0.01,1,1437389,1436919,470
110552081,55.6246,29.7307,498,32244,0.0971815,0.15,1,1437485,1436987,498
110563761,32.6768,40.4667,450,32505,0.0972878,0.03,1,1437661,1437211,450
110590041,59.7088,60.9799,427,33086,0.203305,0.11,1,1438036,1437609,427
110592961,37.6835,38.192,427,33150,0.231322,0.09,1,1438059,1437632,427
110595881,31.8734,32.6768,426,33214,0.218529,0.13,1,1438087,1437661,426
110598801,37.9494,37.0707,428,33278,0.213412,0.13,1,1438129,1437701,428
110601721,34.9797,34.6283,428,33342,0.211365,0.13,1,1438162,1437734,428
110604641,33.1919,33.0513,428,33405,0.222546,0.15,1,1438194,1437766,428
110607561,42.6768,42.6205,428,33468,0.263018,0.17,1,1438243,1437815,428
110610481,18.2707,18.2482,428,33531,0.279207,0.17,1,1438245,1437817,428
110622161,59.7237,59.7088,431,33783,0.415388,0.25,1,1438467,1438036,431
110625081,38.2895,37.6835,432,33846,0.424155,0.21,1,1438491,1438059,432
110628001,32.1158,31.8734,432,33908,0.403662,0.21,1,1438519,1438087,432
110630921,38.0463,37.9494,432,33970,0.443465,0.21,1,1438561,1438129,432
110633841,35.0185,34.9797,432,34032,0.447386,0.23,1,1438594,1438162,432
110636761,35.0074,33.1919,435,34094,0.424954,0.29,1,1438629,1438194,435
110639681,44.003,42.6768,436,34156,0.427982,0.29,1,1438679,1438243,436
110642601,18.8012,18.2707,436,34218,0.429193,0.29,1,1438681,1438245,436
110645521,23.7205,7.30828,463,34280,0.441677,0.35,1,1438708,1438245,463
110680561,55.364,23.7203,519,35013,0.752247,0.53,2,1439227,1438708,519
110683481,62.9456,52.6881,515,35073,0.786899,0.53,2,1439295,1438780,515
110686401,62.9782,61.8752,510,35133,0.78876,0.59,2,1439358,1438848,510
110709761,24.7454,19.025,485,35612,0.913511,0.73,2,1439608,1439123,485
110712681,56.6982,24.41,535,35671,0.935404,0.77,2,1439686,1439151,535
110715601,23.8793,55.364,461,35730,0.944162,0.81,2,1439688,1439227,461
110718521,50.9517,62.9456,462,35789,0.947665,0.79,2,1439757,1439295,462
110861601,44.4717,39.5102,527,38575,0.921386,1,2,1441703,1441176,527
110867441,36.7555,40.1616,508,38685,0.789422,1,2,1441774,1441266,508
110879121,24.6337,33.8985,485,38903,0.428161,1,1,1441890,1441405,485
110890801,38.2626,40.871,481,39119,0.232097,1,1,1442063,1441582,481
110896641,32.282,36.1794,471,39227,0.0959355,0.89,1,1442124,1441653,471
110902481,35.6451,39.3887,464,39335,0.0837497,0.73,1,1442203,1441739,464
110922921,39.5628,41.1414,435,39709,0.208038,0.31,1,1442426,1441991,435
110925841,32.6251,35.6566,431,39762,0.209215,0.17,1,1442454,1442023,431
110928761,35.2501,38.2626,428,39815,0.233686,0.17,1,1442491,1442063,428
110931681,31.5,32.705,428,39868,0.231474,0.03,1,1442520,1442092,428
110934601,28.8,32.282,423,39921,0.21859,0.11,1,1442547,1442124,423
110937521,40.92,41.1128,425,39974,0.213436,0.07,1,1442596,1442171,425
110940441,36.168,35.6451,426,40027,0.235374,0.13,1,1442629,1442203,426
110943361,31.8672,31.658,426,40080,0.25615,0.13,1,1442658,1442232,426
110946281,30.7469,12.6632,456,40133,0.26446,0.15,1,1442688,1442232,456
110949201,25.4988,21.8653,450,40186,0.279784,0.17,1,1442710,1442260,450
110963801,34.1289,39.485,460,40447,0.404001,0.21,1,1442886,1442426,460
110966721,35.2516,32.594,468,40499,0.4196,0.25,1,1442922,1442454,468
110969641,30.9006,35.2376,459,40551,0.42584,0.23,1,1442950,1442491,459
110972561,30.3603,31.495,460,40603,0.428336,0.21,1,1442980,1442520,460
111045561,36.9492,36.0315,457,41885,0.758002,0.71,2,1443821,1443364,457
111048481,31.5797,31.2126,457,41935,0.789201,0.69,2,1443849,1443392,457
111054321,42.8527,41.834,458,42035,0.794672,0.71,2,1443930,1443472,458
111080601,43.7836,43.4326,457,42485,0.906772,0.71,2,1444210,1443753,457
111083521,35.5134,35.373,457,42535,0.920709,0.79,2,1444240,1443783,457
111086441,38.8054,36.9492,460,42585,0.938283,0.81,2,1444281,1443821,460
111232441,34.373,29.0088,498,44993,0.9196,1,2,1445956,1445458,498
111235361,28.7492,27.8035,496,45040,0.79384,1,2,1445981,1445485,496
111247041,26.968,27.2366,500,45228,0.438354,1,1,1446090,1445590,500
111252881,31.4349,33.7579,492,45322,0.265737,1,1,1446155,1445663,492
111258721,32.5096,35.5213,481,45415,0.0749179,1,1,1446220,1445739,481
111261641,30.4038,34.6085,476,45461,0.0299671,1,1,1446249,1445773,476
111264561,31.9615,35.4434,473,45507,0.0299869,1,1,1446282,1445809,473
111267481,45.7846,40.5774,484,45553,0.0539947,1,1,1446337,1445853,484
111270401,34.5138,34.8309,480,45599,0.0395979,0.94,1,1446364,1445884,480
111273321,31.2055,37.9324,469,45645,0.0458392,0.89,1,1446393,1445924,469
111276241,27.4822,34.373,462,45691,0.0603357,0.71,1,1446418,1445956,462
111279161,20.5929,28.7492,453,45737,0.0541343,0.63,1,1446434,1445981,453
111282081,25.0372,29.4997,451,45783,0.0396537,0.49,1,1446462,1446011,451
111285001,20.8149,26.7999,444,45829,0.0458615,0.47,1,1446480,1446036,444
111287921,22.1259,26.9199,440,45875,0.0363446,0.39,1,1446503,1446063,440
111290841,24.4504,26.968,439,45921,0.0565378,0.39,1,1446529,1446090,439
111293761,26.5802,10.7872,467,45967,0.0646151,0.29,1,1446557,1446090,467
111296681,27.4321,24.1149,462,46013,0.0678461,0.21,1,1446585,1446123,462
111299601,28.3728,28.846,459,46059,0.0571384,0.01,1,1446614,1446155,459
111302521,30.5491,30.7384,459,46105,0.0888554,0.05,1,1446646,1446187,459
111308361,30.0879,30.2381,454,46197,0.0826169,0.03,1,1446703,1446249,454
111311281,45.6351,31.8953,477,46243,0.0390467,0.07,1,1446759,1446282,477
111314201,34.4541,45.7581,449,46289,0.0696187,0.03,1,1446786,1446337,449
111317121,30.5816,34.5032,450,46335,0.0938475,0.05,1,1446814,1446364,450
111328801,20.6837,25.0369,439,46516,0.0970105,0.05,1,1446901,1446462,439
111352161,29.5236,27.2197,455,46876,0.203329,0.07,1,1447126,1446671,455
111407641,31.0482,31.0735,429,47723,0.203912,0.17,1,1447670,1447241,429
111410561,29.2193,28.6294,430,47767,0.207565,0.17,1,1447698,1447268,430
111413481,20.0877,19.8518,430,47811,0.209026,0.17,1,1447712,1447282,430
111416401,23.6351,23.5407,430,47855,0.24561,0.19,1,1447738,1447308,430
111419321,21.454,20.8163,431,47899,0.260244,0.19,1,1447758,1447327,431
111422241,22.9816,23.9265,429,47943,0.242098,0.19,1,1447782,1447353,429
111425161,27.1926,27.5706,429,47987,0.270839,0.15,1,1447812,1447383,429
111428081,25.2771,25.4282,429,48031,0.294336,0.15,1,1447836,1447407,429
111442681,26.8432,27.4447,428,48251,0.404131,0.15,1,1447955,1447527,428
111445601,27.5373,28.3779,427,48295,0.443652,0.19,1,1447983,1447556,427
111448521,47.0149,45.5512,430,48339,0.447461,0.21,1,1448043,1447613,430
111451441,36.206,35.6205,430,48383,0.448984,0.21,1,1448072,1447642,430
111454361,31.2824,31.0482,430,48427,0.449594,0.21,1,1448100,1447670,430
111530281,21.0641,13.4057,472,49546,0.755921,0.53,2,1448781,1448309,472
111533201,28.8256,21.5623,479,49589,0.776368,0.49,2,1448815,1448336,479
111536121,27.1303,29.0249,471,49631,0.796547,0.49,2,1448841,1448370,471
111553641,22.4632,32.8937,465,49883,0.914746,0.59,2,1449040,1448575,465
111556561,26.3853,21.5575,480,49925,0.935899,0.61,2,1449069,1448589,480
111559481,22.5541,24.223,474,49967,0.932359,0.67,2,1449089,1448615,474
111562401,25.8216,21.6892,482,50009,0.942944,0.67,2,1449117,1448635,482
111579921,30.0284,21.0641,495,50261,0.948001,0.79,2,1449276,1448781,495
111582841,28.2114,28.8256,488,50303,0.925201,0.81,2,1449303,1448815,488
111585761,12.4845,27.1303,464,50345,0.94008,0.83,2,1449305,1448841,464
111848561,160.434,173.536,458,24905,0.212368,0.19,1,1451876,1451418,458
111860241,61.2175,58.9753,455,25244,0.0783486,0.05,1,1452101,1451646,455
111863161,62.887,49.9901,475,25328,0.0493394,0.03,1,1452165,1451690,475
111866081,41.9548,67.396,424,25412,0.0497358,0.03,1,1452193,1451769,424
111869001,35.9819,34.7584,443,25495,0.0618943,0.07,1,1452225,1451782,443
111871921,61.7928,36.1034,485,25578,0.0787577,0.13,1,1452304,1451819,485
111895281,64.7218,35.7988,506,26234,0.208309,0.09,1,1452731,1452225,506
111898201,67.2887,61.7195,496,26315,0.245323,0.17,1,1452800,1452304,496
111901121,52.1155,64.8878,471,26396,0.260129,0.19,1,1452842,1452371,471
111904041,52.6462,50.5551,483,26476,0.290052,0.21,1,1452895,1452412,483
111912801,40.2814,61.0275,456,26716,0.406643,0.19,1,1453044,1452588,456
111915721,35.3125,40.011,462,26795,0.420657,0.17,1,1453076,1452614,462
111918641,66.325,35.8044,516,26874,0.426263,0.23,1,1453163,1452647,516
111921561,27.73,64.7218,434,26953,0.428505,0.27,1,1453165,1452731,434
111924481,53.092,67.2887,435,27032,0.429402,0.27,1,1453235,1452800,435
111927401,47.0368,52.1155,436,27110,0.441761,0.31,1,1453278,1452842,436
111930321,51.2147,52.6462,437,27188,0.434704,0.33,1,1453332,1452895,437
111933241,55.2859,55.2585,438,27266,0.443882,0.41,1,1453390,1452952,438
111956601,52.4677,51.2147,444,27881,0.774274,0.45,2,1453776,1453332,444
111959521,55.7871,55.2859,444,27957,0.77171,0.51,2,1453834,1453390,444
111962441,66.7148,64.7144,447,28033,0.758684,0.55,2,1453908,1453461,447
111965361,42.8859,41.4857,448,28109,0.765473,0.53,2,1453935,1453487,448
111968281,36.3544,35.7943,448,28184,0.780189,0.61,2,1453967,1453519,448
111971201,68.5418,66.5177,451,28259,0.774076,0.61,2,1454057,1453606,451
111974121,28.6167,27.8071,451,28334,0.77163,0.63,2,1454059,1453608,451
111977041,53.4467,51.9228,453,28409,0.782652,0.63,2,1454129,1453676,453
111985801,56.6046,47.4831,517,28632,0.90809,0.77,2,1454293,1453776,517
111988721,66.4418,53.7932,532,28706,0.933236,0.75,2,1454366,1453834,532
111991641,42.1767,65.9173,484,28780,0.943294,0.77,2,1454392,1453908,484
112108441,45.718,46.9259,522,31588,0.931594,1,2,1456354,1455832,522
112114281,49.6749,64.6281,525,31722,0.911055,1,2,1456475,1455950,525
112120121,45.868,40.2205,539,31856,0.751769,1,2,1456558,1456019,539
112140561,64.5913,45.7179,553,32318,0.4261,1,1,1456907,1456354,553
112198961,64.3229,63.8024,448,33602,0.765009,0.57,2,1457691,1457243,448
112222321,38.5174,38.2958,454,34102,0.90333,0.69,2,1458021,1457567,454
112225241,16.607,16.5183,454,34164,0.907332,0.71,2,1458023,1457569,454
112228161,26.4428,25.8073,455,34226,0.932933,0.71,2,1458056,1457601,455
112385841,35.7125,35.6462,515,37416,0.946,1,2,1460327,1459812,515
112400441,43.2969,37.7186,526,37696,0.284506,1,1,1460542,1460016,526
112406281,38.3675,42.875,514,37808,0.058721,1,1,1460628,1460114,514
112409201,34.547,34.55,517,37864,0.0774884,1,1,1460660,1460143,517
112412121,43.2188,39.02,524,37920,0.0489954,1,1,1460709,1460185,524
112415041,35.8875,36.008,521,37976,0.0255981,0.95,1,1460740,1460219,521
112417961,25.155,40.2032,496,38032,0.0282393,0.97,1,1460758,1460262,496
112420881,31.062,32.2813,504,38088,0.0292957,0.93,1,1460793,1460289,504
112423801,34.6248,35.7125,503,38143,0.0177183,0.77,1,1460830,1460327,503
112426721,33.6499,44.285,486,38198,0.0130873,0.63,1,1460863,1460377,486
112429641,35.66,40.514,485,38253,0.0112349,0.45,1,1460900,1460415,485
112432561,31.664,42.6056,470,38308,0.022494,0.39,1,1460929,1460459,470
112435481,34.2656,39.2422,469,38363,0.0269976,0.17,1,1460965,1460496,469
112438401,46.1062,43.2969,477,38418,0.016799,0.03,1,1461019,1460542,477
112441321,36.4425,50.9188,451,38473,0.0247196,0.01,1,1461049,1460598,451
112444241,34.377,38.3675,454,38528,0.0158878,0.09,1,1461082,1460628,454
112447161,43.1508,34.547,471,38583,0.0483551,0.03,1,1461131,1460660,471
112450081,18.4603,43.2188,424,38638,0.0733421,0.01,1,1461133,1460709,424
112455921,20.7137,25.155,422,38748,0.0897347,0.03,1,1461180,1460758,422
112458841,29.2855,31.062,422,38803,0.0538939,0.01,1,1461215,1460793,422
112461761,34.5142,34.6248,423,38857,0.0395576,0.01,1,1461253,1460830,423
112464681,33.6057,33.6499,423,38911,0.021823,0.01,1,1461286,1460863,423
112467601,36.2423,35.66,424,38965,0.0387292,0.03,1,1461324,1460900,424
112470521,30.6969,31.664,422,39019,0.0214917,0.03,1,1461351,1460929,422
112473441,34.4788,34.2656,423,39073,0.0385967,0.01,1,1461388,1460965,423
112476361,45.5915,46.1062,422,39127,0.0334387,0.03,1,1461441,1461019,422
112479281,36.8366,36.4425,423,39181,0.0193755,0.01,1,1461472,1461049,423
112482201,36.9346,34.377,427,39235,0.0257502,0.07,1,1461509,1461082,427
112485121,45.9739,43.1508,430,39289,0.0403001,0.09,1,1461561,1461131,430
112488041,19.5895,18.4603,430,39343,0.08212,0.15,1,1461563,1461133,430
112502641,34.51,33.6057,424,39611,0.0732537,0.05,1,1461710,1461286,424
112505561,35.404,36.2423,422,39664,0.0833015,0.01,1,1461746,1461324,422
112508481,30.3616,30.6969,422,39717,0.0513206,0.05,1,1461773,1461351,422
112511401,36.1446,34.4788,425,39770,0.0505282,0.03,1,1461813,1461388,425
112514321,44.4579,45.5915,422,39823,0.0862113,0.01,1,1461863,1461441,422
112517241,36.3831,36.8366,422,39876,0.0524845,0.03,1,1461894,1461472,422
112520161,36.7533,36.9346,422,39929,0.0389938,0.05,1,1461931,1461509,422
112523081,48.3013,45.9739,426,39982,0.0335975,0.11,1,1461987,1461561,426
112526001,20.5205,19.5895,426,40035,0.031439,0.13,1,1461989,1461563,426
112528921,23.8082,22.2358,428,40088,0.0305756,0.13,1,1462015,1461587,428
112531841,19.7233,8.89433,445,40141,0.0422302,0.19,1,1462032,1461587,445
112534761,27.0893,13.7577,460,40194,0.0828921,0.17,1,1462064,1461604,460
112537681,30.6357,25.3031,460,40247,0.0871568,0.07,1,1462097,1461637,460
112540601,33.8543,32.9212,458,40299,0.0888627,0.05,1,1462133,1461675,458
112546441,29.0567,35.2674,448,40403,0.094618,0.03,1,1462194,1461746,448
112549361,36.8227,30.307,463,40455,0.0918472,0.05,1,1462236,1461773,463
112558121,36.0287,36.3796,458,40611,0.0478782,0.03,1,1462352,1461894,458
112561041,48.0115,36.7519,477,40663,0.0611513,0.03,1,1462408,1461931,477
112563961,20.4046,48.3007,423,40715,0.0424605,0.03,1,1462410,1461987,423
112566881,24.3618,20.5203,448,40767,0.0349842,0.03,1,1462437,1461989,448
112569801,20.5447,23.8081,440,40819,0.0319937,0.05,1,1462455,1462015,440
112572721,29.2179,19.7232,458,40871,0.0667975,0.11,1,1462490,1462032,458
112587321,36.6851,29.0567,467,41129,0.205231,0.09,1,1462661,1462194,467
112599001,48.0223,36.0287,478,41333,0.0804699,0.07,1,1462830,1462352,478
112601921,20.4089,48.0115,424,41384,0.062188,0.03,1,1462832,1462408,424
112604841,24.3636,20.4046,449,41435,0.0428752,0.03,1,1462859,1462410,449
112607761,20.5454,24.3618,440,41486,0.0471501,0.03,1,1462877,1462437,440
112610681,32.2182,20.5447,462,41537,0.04886,0.09,1,1462917,1462455,462
112613601,14.0873,29.2179,429,41588,0.049544,0.17,1,1462919,1462490,429
112616521,26.0349,30.8872,431,41639,0.0738176,0.19,1,1462953,1462522,431
112619441,32.614,33.9549,432,41690,0.095527,0.19,1,1462990,1462558,432
112634041,31.5589,32.3896,430,41943,0.226645,0.09,1,1463167,1462737,430
112636961,31.8236,34.5558,426,41993,0.252658,0.05,1,1463199,1462773,426
112639881,45.7294,48.0223,424,42043,0.251063,0.05,1,1463254,1462830,424
112642801,19.4918,20.4089,424,42093,0.274425,0.03,1,1463256,1462832,424
112645721,23.9967,24.3636,424,42143,0.28377,0.05,1,1463283,1462859,424
112660321,33.6902,32.614,427,42393,0.408727,0.17,1,1463417,1462990,427
112742081,34.8508,27.5736,489,43765,0.754565,0.57,2,1464308,1463819,489
112745001,38.5403,34.4294,491,43813,0.799826,0.63,2,1464349,1463858,491
112765441,20.903,48.1396,457,44149,0.904109,0.67,2,1464593,1464136,457
112794641,38.8,38.8064,465,44625,0.921799,0.85,2,1464884,1464419,465
112797561,47.92,48.5226,464,44672,0.91472,0.85,2,1464938,1464474,464
112800481,32.968,32.609,465,44719,0.923888,0.89,2,1464961,1464496,465
112940641,36.1462,50.8884,504,46928,0.933231,1,2,1466502,1465998,504
112946481,31.3434,28.9021,512,47018,0.767317,1,2,1466559,1466047,512
112969841,21.3833,26.4128,498,47378,0.268542,1,1,1466763,1466265,498
112972761,30.7533,30.9651,501,47422,0.245417,1,1,1466800,1466299,501
112975681,32.7013,40.586,488,47466,0.236167,0.98,1,1466834,1466346,488
112978601,31.6805,36.0344,486,47510,0.208467,1,1,1466865,1466379,486
112981521,27.6722,32.4138,481,47554,0.209387,1,1,1466890,1466409,481
112993201,23.1676,31.3434,455,47730,0.0984323,0.73,1,1467014,1466559,455
112996121,24.267,26.9374,456,47774,0.0813729,0.71,1,1467039,1466583,456
112999041,22.9068,26.9749,451,47818,0.0745492,0.63,1,1467061,1466610,451
113001961,23.5627,24.59,452,47862,0.0718197,0.51,1,1467085,1466633,452
113004881,25.0251,29.036,446,47906,0.0827279,0.43,1,1467111,1466665,446
113007801,29.21,32.6144,443,47950,0.0870911,0.31,1,1467143,1466700,443
113010721,20.684,25.6458,437,47994,0.0768365,0.29,1,1467158,1466721,437
113013641,18.4736,23.4583,432,48038,0.0967346,0.23,1,1467175,1466743,432
113025321,28.6537,31.6805,427,48214,0.234076,0.21,1,1467292,1466865,427
113028241,27.0615,27.6722,428,48258,0.231631,0.13,1,1467318,1466890,428
113031161,49.2246,48.8689,429,48302,0.242652,0.13,1,1467382,1466953,429
113034081,28.6898,31.5476,424,48346,0.259061,0.09,1,1467397,1466973,424
113037001,22.8759,23.419,425,48390,0.277624,0.09,1,1467416,1466991,425
113039921,22.9504,23.1676,425,48434,0.28505,0.07,1,1467439,1467014,425
113042841,24.1801,24.267,425,48478,0.28802,0.07,1,1467464,1467039,425
113045761,21.6721,22.9068,423,48521,0.289208,0.07,1,1467484,1467061,423
113048681,24.2688,23.5627,425,48564,0.289683,0.09,1,1467510,1467085,425
113066201,31.4472,29.8358,429,48822,0.4235,0.19,1,1467662,1467233,429
113069121,32.3789,31.1343,430,48865,0.4154,0.19,1,1467695,1467265,430
113072041,30.3516,12.4537,459,48908,0.42416,0.27,1,1467724,1467265,459
113074961,27.7406,21.1815,458,48951,0.439664,0.23,1,1467750,1467292,458
113077881,48.8963,24.0726,495,48994,0.433866,0.25,1,1467813,1467318,495
113080801,30.3585,48.029,449,49037,0.407546,0.27,1,1467831,1467382,449
113086641,24.7774,22.6846,459,49123,0.416807,0.29,1,1467875,1467416,459
113089561,24.3109,22.8739,460,49166,0.436723,0.29,1,1467899,1467439,460
113145041,25.4182,24.2898,470,49974,0.75901,0.47,2,1468415,1467945,470
113147961,32.3673,25.3159,481,50016,0.753604,0.51,2,1468452,1467971,481
113150881,22.5469,31.1264,462,50058,0.751442,0.51,2,1468468,1468006,462
113153801,18.6188,22.0505,462,50100,0.762577,0.51,2,1468484,1468022,462
113156721,21.8475,18.4202,470,50142,0.767031,0.51,2,1468508,1468038,470
113159641,33.339,21.7681,487,50184,0.768812,0.51,2,1468549,1468062,487
113162561,33.7356,33.3072,480,50226,0.757525,0.51,2,1468583,1468103,480
113165481,31.4942,33.1229,477,50268,0.75301,0.53,2,1468613,1468136,477
113168401,29.9977,31.2492,476,50310,0.763204,0.57,2,1468642,1468166,476
113171321,13.1991,28.6997,451,50352,0.767282,0.61,2,1468644,1468193,451
113174241,43.6796,48.6799,453,50394,0.780913,0.63,2,1468708,1468255,453
113197601,32.0915,32.3673,459,50730,0.904742,0.75,2,1468911,1468452,459
113212201,33.0041,33.7356,459,50936,0.900231,0.75,2,1469042,1468583,459
113218041,30.4807,29.9977,460,51018,0.927637,0.77,2,1469102,1468642,460
113220961,13.3923,13.1991,460,51059,0.941055,0.79,2,1469104,1468644,460
113223881,44.3569,43.6796,461,51100,0.934422,0.85,2,1469169,1468708,461
113226801,27.9428,27.0719,462,51141,0.943769,0.81,2,1469186,1468724,462
113441421,172.356,197.872,482,24820,0.2476,0.65,1,1471531,1471049,482
113495441,59.0172,60.3139,455,25495,0.226397,0.13,1,1472141,1471686,455
113498361,80.0069,48.7255,508,25578,0.288559,0.07,1,1472235,1471727,508
113512961,65.8458,43.9831,508,25990,0.417684,0.19,1,1472462,1471954,508
113515881,55.1383,63.7932,479,26072,0.437074,0.21,1,1472510,1472031,479
113568441,60.7955,60.2404,451,27498,0.785843,0.59,2,1473467,1473016,451
113585961,45.8694,44.6802,455,27957,0.943721,0.71,2,1473728,1473273,455
113804961,49.3999,45.4546,498,33158,0.925648,1,2,1477463,1476965,498
113813721,34.5296,29.8611,502,33350,0.773242,1,2,1477558,1477056,502
113933441,54.7922,59.6095,464,35856,0.9141,0.87,2,1479252,1478788,464
114073601,52.3222,38.7291,549,38583,0.928816,0.99,2,1481154,1480605,549
114076521,40.1289,53.2916,518,38638,0.905526,1,2,1481186,1480668,518
114091121,25.968,31.6459,483,38911,0.949429,1,2,1481315,1480832,483
114094041,30.7872,33.0583,483,38965,0.925772,1,2,1481349,1480866,483
114096961,29.1149,30.0233,483,39019,0.940309,0.95,2,1481377,1480894,483
114111561,48.1311,52.3222,465,39289,0.767405,0.89,2,1481619,1481154,465
114181641,41.689,66.0508,474,40559,0.756855,0.65,2,1482442,1481968,474
114184561,35.8756,40.2203,483,40611,0.776742,0.61,2,1482474,1481991,483
114187481,47.3502,35.2881,506,40663,0.796697,0.67,2,1482529,1482023,506
114231281,34.7848,38.1401,494,41435,0.903237,0.85,2,1483055,1482561,494
114234201,22.3139,33.856,477,41486,0.907295,0.85,2,1483069,1482592,477
114237121,25.7256,21.9424,491,41537,0.920918,0.85,2,1483097,1482606,491
114240041,11.4902,25.577,465,41588,0.926367,0.85,2,1483099,1482634,465
114242961,15.3961,21.6308,464,41639,0.928547,0.85,2,1483117,1482653,464
114245881,25.9584,28.4523,464,41690,0.941419,0.87,2,1483150,1482686,464
114248801,28.9834,29.3809,465,41741,0.934568,0.85,2,1483181,1482716,465
114251721,27.1933,27.9524,464,41792,0.931827,0.87,2,1483207,1482743,464
114381661,121.82,115.121,528,20031,0.91672,1,2,1484995,1484467,528
114384581,71.5279,92.2483,489,20137,0.936688,1,2,1485033,1484544,489
114393341,95.7298,40.1039,591,20451,0.764348,0.97,2,1485267,1484676,591
114396261,87.4919,89.2416,551,20555,0.779739,0.99,2,1485349,1484798,551
114407941,44.6142,71.7358,489,20965,0.933641,0.87,2,1485599,1485110,489
114621101,55.8362,56.3518,486,27377,0.939678,0.98,2,1490146,1489660,486
114626941,58.4938,59.2963,483,27531,0.912349,0.97,2,1490282,1489799,483
114629861,59.9975,61.5185,481,27608,0.934939,1,2,1490343,1489862,481
114647381,59.0872,55.8362,478,28065,0.937735,1,2,1490624,1490146,478
114761261,66.9536,74.43,478,30868,0.77909,1,2,1492615,1492137,478
114767101,61.3526,62.7888,483,31005,0.773854,1,2,1492727,1492244,483
114796301,59.522,54.1699,522,31681,0.760284,0.75,2,1493183,1492661,522
114799221,39.4088,61.2679,482,31748,0.790114,0.69,2,1493209,1492727,482
114802141,43.9635,41.3072,501,31815,0.766045,0.71,2,1493256,1492755,501
114805061,26.5854,44.7229,469,31881,0.780418,0.69,2,1493271,1492802,469
114807981,30.4342,27.4891,486,31947,0.798167,0.71,2,1493304,1492818,486
114816741,47.9798,61.9513,493,32145,0.947963,0.75,2,1493458,1492965,493
114953981,58.7141,39.949,554,35104,0.933606,1,2,1495564,1495010,554
114974421,38.9065,54.9848,507,35524,0.902691,1,2,1495836,1495329,507
114986101,35.2296,41.7852,503,35761,0.777141,0.89,2,1495997,1495494,503
114994861,32.8547,37.8343,481,35938,0.794937,1,2,1496108,1495627,481
115000701,30.0968,33.4135,481,36056,0.90599,1,2,1496183,1495702,481
115003621,29.4387,36.1654,472,36115,0.944396,0.97,2,1496212,1495740,472
115172981,30.0263,33.1465,491,39364,0.797565,1,2,1498492,1498001,491
115181741,43.0097,39.0574,496,39526,0.403124,1,1,1498605,1498109,496
115184661,35.8039,33.023,498,39579,0.26325,1,1,1498636,1498138,498
115190501,48.6886,43.2037,495,39685,0.0601199,1,1,1498731,1498236,495
115193421,41.6754,37.6815,498,39738,0.054048,1,1,1498768,1498270,498
115196341,37.0702,38.4726,493,39791,0.0276192,0.93,1,1498802,1498309,493
115199261,38.8281,46.589,481,39844,0.0110477,1,1,1498842,1498361,481
115202181,38.9312,39.0356,486,39897,0.0704191,0.99,1,1498881,1498395,486
115205101,28.1725,38.4142,469,39950,0.0821676,0.79,1,1498902,1498433,469
115208021,26.269,34.5657,462,40003,0.038867,0.75,1,1498927,1498465,462
115210941,24.3076,30.0263,458,40056,0.0335468,0.53,1,1498950,1498492,458
115213861,21.723,28.8105,450,40109,0.0314187,0.53,1,1498970,1498520,450
115216781,26.0892,11.5242,479,40162,0.0305675,0.43,1,1498999,1498520,479
115219701,33.2357,25.6097,482,40215,0.078227,0.33,1,1499037,1498555,482
115222621,29.4943,40.2439,459,40268,0.0732908,0.17,1,1499064,1498605,459
115225541,31.5977,34.6975,461,40320,0.0593163,0.05,1,1499097,1498636,461
115228461,45.6391,37.279,477,40372,0.0417265,0.01,1,1499152,1498675,477
115231381,42.2556,48.5116,461,40424,0.0346906,0.05,1,1499192,1498731,461
115234301,36.1023,41.6046,456,40476,0.0198762,0.01,1,1499224,1498768,456
115237221,38.4409,37.0419,462,40528,0.0079505,0,1,1499264,1498802,462
115240141,40.5764,38.8167,464,40580,0.0391802,0.11,1,1499306,1498842,464
115243061,28.2305,38.9267,445,40632,0.0936721,0.09,1,1499326,1498881,445
115245981,24.4922,28.1707,446,40684,0.0914688,0.01,1,1499348,1498902,446
115248901,24.1969,26.2683,445,40736,0.0425875,0.03,1,1499372,1498927,445
115251821,21.0788,24.3073,441,40788,0.035035,0.03,1,1499391,1498950,441
115254741,27.0315,21.7229,452,40840,0.014014,0.03,1,1499422,1498970,452
115269341,41.143,45.6391,461,41098,0.0685627,0.03,1,1499613,1499152,461
115272261,36.8572,42.2556,455,41149,0.0454251,0.01,1,1499647,1499192,455
115275181,38.7429,36.1023,463,41200,0.02417,0,1,1499687,1499224,463
115278101,41.2972,38.4409,466,41251,0.063668,0.06,1,1499730,1499264,466
115281021,29.1189,40.5764,445,41302,0.0434672,0.13,1,1499751,1499306,445
115283941,23.6475,28.2305,445,41353,0.0353869,0.09,1,1499771,1499326,445
115286861,23.859,24.4922,447,41404,0.0441548,0.01,1,1499795,1499348,447
115289781,20.3436,24.1969,441,41455,0.0476619,0.03,1,1499813,1499372,441
115292701,27.3374,21.0788,454,41506,0.0250648,0,1,1499845,1499391,454
115295621,12.135,27.0315,425,41557,0.0280259,0.17,1,1499847,1499422,425
115298541,30.654,34.2126,429,41608,0.0652104,0.17,1,1499890,1499461,429
115362781,28.0965,28.5935,426,42711,0.204043,0.11,1,1500600,1500174,426
115365701,24.4386,24.0374,427,42760,0.219617,0.11,1,1500622,1500195,427
115368621,24.1754,24.015,427,42809,0.201847,0.17,1,1500646,1500219,427
115371541,21.0702,20.406,428,42858,0.218739,0.17,1,1500665,1500237,428
115374461,25.8281,26.7624,426,42907,0.261496,0.17,1,1500694,1500268,426
115380301,32.2125,32.362,426,43005,0.295039,0.09,1,1500742,1500316,426
115415341,27.9736,21.0694,464,43592,0.290212,0.29,1,1501129,1500665,464
115418261,12.3895,25.8277,437,43640,0.278085,0.33,1,1501131,1500694,437
115421181,33.1558,11.5311,482,43688,0.297234,0.29,1,1501178,1500696,482
115424101,34.8623,32.2124,472,43736,0.292894,0.33,1,1501214,1500742,472
115427021,31.9449,33.885,467,43784,0.291157,0.33,1,1501244,1500777,467
115435781,36.6045,39.6086,473,43928,0.400474,0.35,1,1501367,1500894,473
115438701,36.2418,36.8435,474,43976,0.41819,0.33,1,1501403,1500929,474
115497101,23.0801,21.9116,450,44926,0.782476,0.59,2,1501983,1501533,450
115517541,37.5826,38.0016,451,45255,0.917186,0.59,2,1502186,1501735,451
115520461,39.633,39.2006,452,45302,0.936874,0.67,2,1502227,1501775,452
115523381,36.8532,36.0803,453,45349,0.92075,0.69,2,1502262,1501809,453
115794941,317.603,337.401,477,21900,0.406,0.8,1,1505145,1504668,477
115803701,68.3026,87.2816,447,22910,0.082864,0.07,1,1505326,1504879,447
115806621,66.321,67.9127,457,23003,0.0631456,0.05,1,1505391,1504934,457
115809541,62.5284,67.9651,449,23095,0.0432582,0,1,1505451,1505002,449
115812461,73.6114,84.186,435,23187,0.0353033,0.01,1,1505532,1505097,435
115815381,41.4445,48.0744,431,23278,0.0441213,0.01,1,1505552,1505121,431
115818301,74.7778,33.6298,504,23369,0.0236485,0.03,1,1505649,1505145,504
115821221,64.1111,62.0519,480,23460,0.0514594,0.05,1,1505706,1505226,480
115824141,52.0445,57.8208,469,23550,0.0865838,0.07,1,1505750,1505281,469
115829981,61.6071,59.0513,485,23730,0.0462534,0.03,1,1505876,1505391,485
115832901,72.0428,59.6205,504,23819,0.0185014,0.03,1,1505955,1505451,504
115835821,41.4171,72.4482,444,23908,0.0134005,0.05,1,1505976,1505532,444
115838741,17.7669,40.9793,426,23997,0.0353602,0.01,1,1505978,1505552,426
115841661,63.5067,74.5917,423,24085,0.0801441,0.07,1,1506072,1505649,423
115844581,61.4027,64.0367,426,24173,0.0860576,0.11,1,1506132,1505706,426
115847501,51.5611,52.0147,427,24261,0.0644231,0.11,1,1506177,1505750,427
115850421,56.6244,58.0059,425,24348,0.0917692,0.01,1,1506237,1505812,425
115853341,59.2498,61.6023,422,24435,0.0787077,0,1,1506298,1505876,422
115856261,71.6999,72.0409,423,24522,0.0494831,0.01,1,1506378,1505955,423
115859181,41.28,41.4164,423,24608,0.0617932,0.05,1,1506399,1505976,423
115862101,17.712,17.7665,423,24694,0.0667173,0.11,1,1506401,1505978,423
115865021,64.6848,63.5066,425,24780,0.0926869,0.09,1,1506497,1506072,425
115873781,57.2038,56.6244,425,25036,0.226492,0.07,1,1506662,1506237,425
115879621,70.7126,71.6999,422,25205,0.0950387,0.07,1,1506800,1506378,422
115882541,41.485,41.28,423,25289,0.0560155,0.07,1,1506822,1506399,423
115885461,17.794,17.712,423,25373,0.0224062,0.11,1,1506824,1506401,423
115888381,65.9176,64.6848,425,25457,0.0389625,0.11,1,1506922,1506497,425
115891301,62.367,25.8739,485,25540,0.033585,0.11,1,1506982,1506497,485
115894221,53.7468,45.7496,474,25623,0.067434,0.15,1,1507030,1506556,474
115902981,66.1998,57.288,500,25870,0.204236,0.03,1,1507221,1506721,500
115905901,39.6799,70.3152,443,25952,0.219694,0.03,1,1507243,1506800,443
115908821,17.072,41.3261,423,26034,0.201878,0,1,1507245,1506822,423
115917581,54.5406,62.3569,471,26277,0.20564,0.09,1,1507453,1506982,471
115920501,64.4162,53.7427,494,26358,0.220256,0.17,1,1507524,1507030,494
115923421,58.1665,60.4971,483,26438,0.262102,0.19,1,1507578,1507095,483
115938021,64.3876,65.6288,493,26836,0.428895,0.21,1,1507836,1507343,493
115978901,69.4963,69.0814,446,27920,0.787281,0.53,2,1508539,1508093,446
115981821,40.9985,39.6326,448,27996,0.764912,0.57,2,1508561,1508113,448
115984741,17.5994,17.053,448,28072,0.755965,0.57,2,1508563,1508115,448
115987661,65.2398,65.0212,448,28147,0.776386,0.63,2,1508660,1508212,448
115990581,69.8959,67.4085,452,28222,0.796554,0.65,2,1508733,1508281,452
115993501,57.9584,55.7634,454,28297,0.780622,0.65,2,1508783,1508329,454
115996421,24.3833,23.5054,454,28372,0.774249,0.65,2,1508785,1508331,454
116016861,70.4943,65.182,532,28890,0.928044,0.81,2,1509192,1508660,532
116019781,56.9977,69.8728,507,28963,0.941217,0.77,2,1509240,1508733,507
116022701,23.9991,57.9491,459,29036,0.946487,0.77,2,1509242,1508783,459
116104461,55.4506,53.0869,490,31012,0.94,1,2,1510674,1510184,490
116116141,41.1875,38.2086,494,31284,0.948304,1,2,1510849,1510355,494
116127821,56.3936,31.6981,549,31553,0.772741,1,2,1511032,1510483,549
116130741,60.9574,53.4793,545,31620,0.759096,1,2,1511096,1510551,545
116154101,32.9895,30.7096,502,32151,0.755123,0.79,2,1511426,1510924,502
116157021,50.3958,34.4838,527,32217,0.776049,0.75,2,1511488,1510961,527
116159941,59.1583,56.3935,521,32283,0.79642,0.75,2,1511553,1511032,521
116165781,39.4653,59.183,482,32414,0.908627,0.67,2,1511636,1511154,482
116168701,45.1861,40.4732,503,32479,0.909451,0.69,2,1511685,1511182,503
116171621,55.2745,43.7893,519,32544,0.94578,0.73,2,1511747,1511228,519
116314701,33.2839,35.8291,513,35589,0.904,1,2,1513837,1513324,513
116329301,45.7767,50.1419,487,35884,0.428787,1,1,1514027,1513540,487
116332221,41.7107,41.0568,491,35943,0.261515,1,1,1514066,1513575,491
116338061,48.4337,43.5291,493,36061,0.0862423,1,1,1514162,1513669,493
116340981,50.5735,52.8116,486,36120,0.0524969,1,1,1514214,1513728,486
116343901,41.8294,44.5247,483,36179,0.0389988,1,1,1514250,1513767,483
116346821,37.1318,44.2099,473,36237,0.0335995,0.84,1,1514284,1513811,473
116349741,28.0527,33.2839,469,36295,0.0194398,0.81,1,1514306,1513837,469
116352661,28.6211,33.7136,464,36353,0.00777592,0.77,1,1514335,1513871,464
116355581,27.0484,30.8854,461,36411,0.00911037,0.67,1,1514361,1513900,461
116358501,22.2194,27.3542,455,36469,0.0216441,0.53,1,1514380,1513925,455
116361421,35.8878,43.9417,445,36527,0.0266577,0.31,1,1514425,1513980,445
116364341,37.7551,45.7767,437,36585,0.0286631,0.15,1,1514464,1514027,437
116367261,34.302,41.7107,430,36643,0.0414652,0.01,1,1514496,1514066,430
116370181,35.3208,43.0843,422,36701,0.0465861,0.07,1,1514532,1514110,422
116373101,47.1283,48.4337,425,36759,0.0486344,0.03,1,1514587,1514162,425
116376021,48.2513,50.5735,422,36816,0.0494538,0.03,1,1514636,1514214,422
116378941,40.9005,41.8294,422,36873,0.0737815,0.03,1,1514672,1514250,422
116381861,36.7602,37.1318,422,36930,0.0835126,0.01,1,1514706,1514284,422
116384781,27.9041,28.0527,422,36987,0.051405,0,1,1514728,1514306,422
116387701,29.1616,28.6211,423,37044,0.026562,0.01,1,1514758,1514335,423
116390621,26.6647,27.0484,422,37101,0.0406248,0.03,1,1514783,1514361,422
116393541,22.0659,22.2194,422,37158,0.0582499,0.03,1,1514802,1514380,422
116396461,35.2263,8.88775,466,37215,0.0413,0.03,1,1514846,1514380,466
116402301,34.4362,35.622,454,37329,0.048608,0.05,1,1514918,1514464,454
116405221,34.7745,33.4488,457,37386,0.0974432,0.05,1,1514953,1514496,457
116408141,46.9098,34.9795,476,37443,0.0449773,0.05,1,1515008,1514532,476
116411061,48.1639,46.9918,470,37499,0.0359909,0.05,1,1515057,1514587,470
116413981,42.0656,48.1967,459,37555,0.0683964,0.09,1,1515095,1514636,459
116416901,36.0262,40.8787,455,37611,0.0933585,0.09,1,1515127,1514672,455
116419821,27.6105,36.7515,443,37667,0.0673434,0.03,1,1515149,1514706,443
116422741,29.0442,27.9006,451,37723,0.0329374,0.01,1,1515179,1514728,451
116425661,26.6177,29.1602,446,37779,0.0191749,0.05,1,1515204,1514758,446
116428581,24.4471,26.6641,444,37835,0.03767,0.07,1,1515227,1514783,444
116431501,35.5788,22.0656,468,37891,0.021068,0.03,1,1515270,1514802,468
116434421,39.4315,35.2263,466,37947,0.0264272,0.15,1,1515312,1514846,466
116437341,33.7726,38.0905,456,38003,0.0285709,0.01,1,1515342,1514886,456
116440261,32.709,34.4362,456,38059,0.0534284,0.13,1,1515374,1514918,456
116443181,50.2836,34.7745,483,38115,0.0273713,0.01,1,1515436,1514953,483
116446101,45.3134,46.9098,470,38170,0.0529485,0.03,1,1515478,1515008,470
116449021,43.3254,48.1639,463,38225,0.0511794,0.09,1,1515520,1515057,463
116451941,35.9302,42.0656,456,38280,0.0384718,0.11,1,1515551,1515095,456
116454861,26.3721,36.0262,444,38335,0.0213887,0.05,1,1515571,1515127,444
116457781,28.5488,27.6105,452,38390,0.0745555,0.01,1,1515601,1515149,452
116460701,25.8195,29.0442,446,38445,0.0478222,0.01,1,1515625,1515179,446
116463621,25.3278,26.6177,446,38500,0.0371289,0.05,1,1515650,1515204,446
116466541,35.3311,24.4471,465,38555,0.0208516,0.01,1,1515692,1515227,465
116469461,39.3324,35.5788,464,38610,0.0263406,0.03,1,1515734,1515270,464
116472381,16.933,39.4315,424,38665,0.0285362,0.03,1,1515736,1515312,424
116475301,25.3732,33.7726,425,38720,0.0174145,0.07,1,1515767,1515342,425
116478221,29.3493,32.709,425,38775,0.0609658,0.01,1,1515799,1515374,425
116481141,47.7397,50.2836,423,38829,0.0423863,0.07,1,1515859,1515436,423
116484061,43.6959,45.3134,422,38883,0.0709545,0.05,1,1515900,1515478,422
116486981,43.8784,43.3254,424,38937,0.0343818,0.03,1,1515944,1515520,424
116489901,36.1513,35.9302,424,38991,0.0437527,0.01,1,1515975,1515551,424
116492821,26.4605,26.3721,424,39045,0.0235011,0.11,1,1515995,1515571,424
116495741,29.1842,28.5488,425,39099,0.0154004,0.03,1,1516026,1515601,425
116498661,24.2737,25.8195,422,39153,0.0241602,0.03,1,1516047,1515625,422
116501581,25.3095,25.3278,423,39207,0.0156641,0.01,1,1516073,1515650,423
116504501,35.3238,35.3311,423,39261,0.0242656,0.03,1,1516115,1515692,423
116507421,39.3295,39.3324,423,39315,0.0157063,0.03,1,1516157,1515734,423
116510341,16.9318,16.933,423,39369,0.0122825,0.01,1,1516159,1515736,423
116513261,24.7727,25.3732,422,39423,0.022913,0.09,1,1516189,1515767,422
116516181,30.9091,29.3493,425,39477,0.0631652,0.03,1,1516224,1515799,425
116519101,46.5636,47.7397,422,39530,0.0672661,0.09,1,1516281,1515859,422
116522021,44.4255,43.6959,424,39583,0.0689064,0.01,1,1516324,1515900,424
116524941,42.9702,43.8784,422,39636,0.0335626,0.05,1,1516366,1515944,422
116527861,35.7881,36.1513,422,39689,0.043425,0.01,1,1516397,1515975,422
116530781,26.9152,26.4605,423,39742,0.03537,0.01,1,1516418,1515995,423
116533701,29.3661,29.1842,423,39795,0.032148,0.03,1,1516449,1516026,423
116536621,23.7464,24.2737,422,39848,0.0428592,0.01,1,1516469,1516047,422
116539541,25.0986,25.3095,422,39901,0.0471437,0.03,1,1516495,1516073,422
116542461,35.2394,35.3238,422,39954,0.0368575,0.01,1,1516537,1516115,422
116545381,39.2958,39.3295,422,40007,0.068743,0.01,1,1516579,1516157,422
116548301,16.9183,16.9318,422,40060,0.0814972,0.01,1,1516581,1516159,422
116551221,24.7673,6.77272,452,40113,0.0625989,0.03,1,1516611,1516159,452
116554141,31.5069,20.7091,458,40166,0.0550395,0.09,1,1516647,1516189,458
116557061,46.2028,29.2836,479,40219,0.0640158,0.07,1,1516703,1516224,479
116559981,44.2811,45.9135,465,40271,0.0916063,0.07,1,1516746,1516281,465
116580421,34.8911,25.0975,463,40635,0.229769,0.03,1,1516958,1516495,463
116583341,40.3565,35.239,465,40687,0.253908,0.09,1,1517002,1516537,465
116586261,17.3426,39.2956,425,40739,0.263563,0.09,1,1517004,1516579,425
116589181,24.937,16.9182,453,40791,0.267425,0.05,1,1517034,1516581,453
116592101,31.5748,24.7673,459,40843,0.26897,0.05,1,1517070,1516611,459
116595021,46.8299,31.5069,480,40895,0.245588,0.07,1,1517127,1516647,480
116597941,46.332,46.2028,470,40947,0.248235,0.11,1,1517173,1516703,470
116600861,43.1328,44.2811,468,40999,0.261294,0.13,1,1517214,1516746,468
116603781,35.2531,42.3124,457,41050,0.266518,0.11,1,1517244,1516787,457
116606701,27.9012,35.525,449,41101,0.280607,0.15,1,1517267,1516818,449
116609621,30.9605,26.81,461,41152,0.286243,0.15,1,1517300,1516839,461
116630061,31.6736,24.937,470,41509,0.405192,0.27,1,1517504,1517034,470
116632981,13.8694,31.5748,436,41560,0.408077,0.23,1,1517506,1517070,436
116635901,37.9478,46.8299,433,41611,0.409231,0.25,1,1517560,1517127,433
116638821,44.5791,46.332,436,41662,0.421692,0.27,1,1517609,1517173,436
116703061,44.3027,43.0376,452,42763,0.765816,0.59,2,1518329,1517877,452
116705981,18.9211,18.415,452,42812,0.780327,0.59,2,1518331,1517879,452
116708901,25.5684,25.966,451,42861,0.786131,0.59,2,1518361,1517910,451
116711821,31.8274,31.9864,451,42910,0.776452,0.59,2,1518397,1517946,451
116714741,13.9309,13.9946,451,42959,0.796581,0.59,2,1518399,1517948,451
116720581,45.789,15.1991,502,43057,0.788653,0.65,2,1518504,1518002,502
116723501,45.3156,36.6797,496,43106,0.789461,0.65,2,1518549,1518053,496
116726421,37.3262,39.8719,486,43155,0.789784,0.69,2,1518581,1518095,486
116741021,37.4526,25.6044,501,43400,0.906676,0.73,2,1518736,1518235,501
116743941,45.581,37.2418,507,43449,0.94467,0.79,2,1518787,1518280,507
116901621,30.9489,10.1348,526,45996,0.931216,1,2,1520532,1520006,526
116961481,112.327,123.931,453,21370,0.0900124,0.07,1,1521244,1520791,453
116964401,73.7307,83.1725,445,21469,0.036005,0.01,1,1521292,1520847,445
116967321,90.6923,91.469,450,21568,0.032402,0,1,1521394,1520944,450
116970241,80.0769,68.9876,469,21666,0.0429608,0.07,1,1521467,1520998,469
116973161,40.4308,56.395,435,21764,0.0471843,0.03,1,1521481,1521046,435
116976081,29.9723,35.758,436,21861,0.0368737,0.03,1,1521504,1521068,436
116979001,70.1889,79.7032,424,21958,0.0567495,0.05,1,1521601,1521177,424
116981921,67.6756,72.0813,423,22055,0.0646998,0,1,1521667,1521244,423
116984841,55.2702,57.6325,422,22151,0.0318799,0.03,1,1521714,1521292,422
116987761,85.7081,84.253,426,22247,0.018752,0.05,1,1521820,1521394,426
116990681,76.8832,77.5012,424,22342,0.0135008,0.05,1,1521891,1521467,424
116993601,39.1533,39.4005,424,22437,0.0354003,0.03,1,1521905,1521481,424
116996521,29.4613,29.5602,424,22532,0.0441601,0.03,1,1521928,1521504,424
116999441,68.7845,11.8241,519,22626,0.0716641,0.07,1,1522023,1521504,519
117008201,85.3782,54.1087,527,22906,0.0542665,0.01,1,1522241,1521714,527
117011121,76.7513,85.2435,492,22999,0.0397066,0.01,1,1522312,1521820,492
117014041,39.1005,76.6974,435,23091,0.0338826,0.05,1,1522326,1521891,435
117016961,29.4402,39.079,444,23183,0.0195531,0.05,1,1522349,1521905,444
117019881,71.1761,29.4316,520,23274,0.0258212,0.09,1,1522448,1521928,520
117022801,69.2704,68.7726,493,23365,0.0763285,0.13,1,1522516,1522023,493
117028641,83.5633,54.4436,527,23546,0.0662126,0.01,1,1522662,1522135,527
117031561,76.0253,85.3774,492,23636,0.068485,0.03,1,1522733,1522241,492
117034481,39.4101,76.751,436,23726,0.033394,0.03,1,1522748,1522312,436
117037401,29.564,39.1004,445,23815,0.0193576,0.01,1,1522771,1522326,445
117040321,71.2256,29.4402,521,23904,0.049743,0.03,1,1522870,1522349,521
117043241,29.6902,71.1761,424,23993,0.0618972,0.11,1,1522872,1522448,424
117046161,54.4761,69.2704,427,24081,0.0667589,0.15,1,1522943,1522516,427
117049081,48.1904,52.9082,429,24169,0.0807036,0.03,1,1522987,1522558,429
117072441,48.1767,48.1904,424,24862,0.211543,0.13,1,1523411,1522987,424
117075361,80.4707,78.0762,428,24947,0.246617,0.17,1,1523513,1523085,428
117078281,74.7883,73.8305,428,25032,0.296647,0.11,1,1523584,1523156,428
117101641,77.3465,75.3883,508,25702,0.41147,0.33,1,1524021,1523513,508
117104561,39.3386,72.7553,451,25784,0.434588,0.37,1,1524035,1523584,451
117151281,62.0559,79.9725,453,27068,0.78435,0.61,2,1524917,1524464,453
117154201,35.6224,40.989,456,27146,0.78774,0.69,2,1524935,1524479,456
117157121,27.4489,29.5956,456,27224,0.789096,0.69,2,1524957,1524501,456
117168801,52.2883,51.6232,459,27534,0.929369,0.71,2,1525187,1524728,459
117288521,37.9885,39.2558,491,30526,0.946,1,2,1527307,1526816,491
117291441,39.1954,33.7023,501,30595,0.9064,1,2,1527347,1526846,501
117294361,38.4782,29.6809,512,30664,0.94456,1,2,1527385,1526873,512
117297281,35.7913,46.0724,489,30733,0.911824,1,2,1527419,1526930,489
117303121,41.9666,50.0916,483,30871,0.790292,1,2,1527513,1527030,483
117311881,62.7099,65.6779,486,31076,0.430019,1,1,1527725,1527239,486
117317721,30.5536,37.9885,472,31212,0.290803,0.88,1,1527779,1527307,472
117320641,35.6214,39.1954,471,31280,0.266321,0.88,1,1527818,1527347,471
117323561,36.4486,15.6782,508,31348,0.232528,0.97,1,1527855,1527347,508
117326481,31.9794,29.0713,499,31415,0.207011,0.89,1,1527884,1527385,499
117332321,37.5167,46.4114,493,31549,0.0967218,0.75,1,1527968,1527475,493
117346921,27.1759,44.8685,452,31883,0.205691,0.23,1,1528210,1527758,452
117352761,34.9481,35.619,467,32015,0.204511,0.21,1,1528285,1527818,467
117355681,31.3793,36.4476,459,32081,0.219804,0.19,1,1528314,1527855,459
117358601,39.5517,31.979,475,32147,0.273922,0.09,1,1528359,1527884,475
117361521,36.2207,42.7916,459,32213,0.283569,0.07,1,1528393,1527934,459
117364441,53.4883,37.5166,490,32279,0.299427,0.13,1,1528458,1527968,490
117384881,32.866,34.9481,462,32735,0.411833,0.23,1,1528747,1528285,462
117387801,14.3464,31.3793,435,32800,0.422733,0.31,1,1528749,1528314,435
117428681,53.9051,53.2382,445,33690,0.764079,0.59,2,1529340,1528895,445
117434521,64.5448,61.6781,452,33816,0.795453,0.61,2,1529486,1529034,452
117463721,74.9398,50.65,548,34437,0.914288,0.83,2,1529888,1529340,548
117466641,64.7759,73.06,518,34498,0.947715,0.79,2,1529946,1529428,518
117603881,75.6192,63.4383,552,37269,0.939939,1,2,1531872,1531320,552
117609721,42.3391,43.6301,528,37383,0.92799,1,2,1531944,1531416,528
117615561,32.3343,34.5808,524,37496,0.754478,1,2,1532004,1531480,524
117633081,29.7851,24.6744,525,37832,0.277844,1,1,1532189,1531664,525
117636001,51.514,30.8698,556,37888,0.213138,1,1,1532255,1531699,556
117641841,49.6422,75.6192,506,38000,0.059302,0.99,1,1532378,1531872,506
117644761,39.0569,51.8477,502,38056,0.0897208,0.9,1,1532410,1531908,502
117662281,20.1272,34.5174,454,38387,0.0794542,0.43,1,1532562,1532108,454
117665201,24.8509,23.407,466,38442,0.0977817,0.27,1,1532590,1532124,466
117673961,70.2065,51.514,512,38607,0.054018,0.03,1,1532767,1532255,512
117676881,29.2826,74.6056,424,38662,0.0216072,0.03,1,1532769,1532345,424
117679801,30.913,49.6422,423,38717,0.0266429,0.11,1,1532801,1532378,423
117682721,33.3652,39.0569,426,38772,0.0526572,0.13,1,1532836,1532410,426
117700241,20.5532,20.1272,426,39096,0.211118,0.11,1,1532988,1532562,426
117703161,26.8213,24.8509,429,39150,0.246447,0.11,1,1533019,1532590,429
117706081,23.9285,25.5404,425,39204,0.236579,0.13,1,1533041,1532616,425
117709001,52.1714,51.0161,428,39258,0.256632,0.01,1,1533112,1532684,428
117711921,67.0686,70.2065,422,39312,0.276653,0,1,1533189,1532767,422
117714841,28.0274,29.2826,422,39366,0.260661,0.03,1,1533191,1532769,422
117717761,31.611,30.913,424,39420,0.290264,0.07,1,1533225,1532801,424
117746961,53.5851,52.1714,435,39952,0.405448,0.29,1,1533547,1533112,435
117834561,35.1275,33.1585,486,41508,0.750778,0.59,2,1534592,1534106,486
117837481,15.251,34.8634,452,41559,0.762311,0.59,2,1534594,1534142,452
117840401,20.5004,28.9454,451,41610,0.790924,0.57,2,1534618,1534167,451
117843321,26.2002,30.1781,450,41661,0.77837,0.59,2,1534648,1534198,450
117849161,28.672,28.5885,453,41763,0.797739,0.65,2,1534711,1534258,453
117857921,30.443,29.1417,456,41914,0.901855,0.69,2,1534796,1534340,456
117860841,25.9772,24.8567,457,41964,0.906742,0.73,2,1534819,1534362,457
117863761,55.3909,55.5427,456,42014,0.944697,0.71,2,1534894,1534438,456
118074001,137.293,143.719,504,20647,0.783299,0.99,2,1537466,1536962,504
118082761,61.5387,61.47,500,20954,0.908131,0.79,2,1537636,1537136,500
118085681,45.0155,56.388,481,21055,0.945252,0.75,2,1537670,1537189,481
118088601,37.8062,45.9552,475,21156,0.948101,0.79,2,1537703,1537228,475
118240441,46.1768,42.3304,518,25853,0.926942,1,2,1541048,1540530,518
118328041,45.7802,53.0334,477,28207,0.908848,1,2,1542787,1542310,477
118351401,57.8607,100.643,501,28802,0.413492,1,1,1543217,1542716,501
118354321,43.5443,61.8571,499,28876,0.423397,0.85,1,1543251,1542752,499
118357241,41.4177,45.7428,504,28949,0.403359,0.87,1,1543291,1542787,504
118360161,36.3671,45.2971,492,29022,0.407343,0.77,1,1543324,1542832,492
118363081,32.5468,39.1189,487,29095,0.444937,0.67,1,1543354,1542867,487
118386441,37.2328,41.4177,475,29673,0.756738,0.41,2,1543766,1543291,475
118389361,34.6931,36.3671,475,29744,0.764695,0.47,2,1543799,1543324,475
118392281,30.0772,32.5468,472,29815,0.755878,0.51,2,1543826,1543354,472
118395201,13.2309,29.8187,446,29886,0.752351,0.53,2,1543828,1543382,446
118398121,31.0924,35.3275,450,29957,0.76294,0.59,2,1543871,1543421,450
118401041,75.4369,74.731,454,30028,0.779176,0.71,2,1543976,1543522,454
118433161,94.2504,93.1748,462,30794,0.905151,0.85,2,1544543,1544081,462
118436081,59.3001,57.6699,464,30863,0.908061,0.85,2,1544579,1544115,464
118439001,45.3201,44.668,464,30932,0.945224,0.83,2,1544615,1544151,464
118564561,38.2512,45.9056,482,33748,0.946,1,2,1546574,1546092,482
118573321,34.2241,35.914,495,33936,0.930544,1,2,1546686,1546191,495
118576241,35.8896,36.5656,495,33998,0.948218,1,2,1546723,1546228,495
118582081,46.9023,51.0905,490,34122,0.944915,1,2,1546812,1546322,490
118585001,44.5609,44.4362,493,34184,0.917966,1,2,1546855,1546362,493
118587921,71.8244,74.1745,489,34246,0.925186,1,2,1546945,1546456,489
118605441,35.4488,37.1045,506,34615,0.79247,0.89,2,1547160,1546654,506
118608361,35.7795,34.0418,510,34676,0.790988,0.96,2,1547196,1546686,510
118611281,32.9118,35.8167,504,34737,0.790395,0.98,2,1547227,1546723,504
118614201,44.9647,34.7267,523,34798,0.790158,0.93,2,1547280,1546757,523
118625881,39.3159,50.329,496,35041,0.949556,0.83,2,1547477,1546981,496
118763121,45.1072,50.6262,507,37772,0.934,1,2,1549394,1548887,507
118801081,34.2624,45.1072,507,38493,0.0753564,1,1,1549901,1549394,507
118804001,36.505,37.2429,513,38548,0.0481426,1,1,1549939,1549426,513
118806921,38.602,38.2972,514,38603,0.049257,1,1,1549979,1549465,514
118809841,21.4408,35.7189,490,38658,0.0257028,0.98,1,1549989,1549499,490
118812761,17.5763,28.6875,481,38713,0.0522811,1,1,1550004,1549523,481
118815681,23.2305,30.075,477,38768,0.0389124,0.99,1,1550031,1549554,477
118818601,27.8922,36.03,468,38822,0.057565,0.81,1,1550062,1549594,468
118821521,26.1569,33.612,461,38876,0.065026,0.65,1,1550087,1549626,461
118824441,33.2628,39.8448,455,38930,0.0320104,0.57,1,1550125,1549670,455
118827361,34.9051,39.9379,451,38984,0.0428042,0.33,1,1550161,1549710,451
118830281,50.562,60.9752,437,39038,0.0591217,0.27,1,1550222,1549785,437
118833201,40.0248,48.3901,430,39092,0.0776487,0.01,1,1550255,1549825,430
118839041,32.804,34.2624,425,39200,0.0832238,0.03,1,1550326,1549901,425
118841961,34.7216,36.505,423,39254,0.0752895,0.05,1,1550362,1549939,423
118844881,37.2886,38.602,422,39308,0.0721158,0.01,1,1550401,1549979,422
118847801,22.1155,21.4408,424,39362,0.0348463,0.07,1,1550413,1549989,424
118850721,17.2462,17.5763,423,39416,0.0559385,0.03,1,1550427,1550004,423
118853641,24.8985,23.2305,426,39470,0.0643754,0.07,1,1550457,1550031,426
118856561,26.7594,27.8922,423,39524,0.0557502,0.07,1,1550485,1550062,423
118859481,25.7038,26.1569,423,39577,0.0643001,0.01,1,1550510,1550087,423
118862401,34.2815,33.2628,425,39630,0.02572,0.05,1,1550550,1550125,425
118865321,34.7126,34.9051,424,39683,0.016288,0.07,1,1550585,1550161,424
118868241,52.285,50.562,427,39736,0.0725152,0.09,1,1550649,1550222,427
118879921,34.0985,34.7216,422,39948,0.0884964,0.07,1,1550784,1550362,422
118882841,37.0394,37.2886,422,40001,0.0653986,0.01,1,1550823,1550401,422
118885761,22.6158,22.1155,423,40054,0.0441594,0.07,1,1550836,1550413,423
118888681,18.0463,17.2462,424,40107,0.0356638,0.07,1,1550851,1550427,424
118891601,23.4185,6.89847,451,40160,0.0562655,0.07,1,1550878,1550427,451
118894521,26.1674,20.7594,449,40213,0.0525062,0.05,1,1550906,1550457,449
118897441,26.067,25.1038,447,40266,0.0750025,0.07,1,1550932,1550485,447
118900361,33.8268,25.0415,461,40318,0.072001,0,1,1550971,1550510,461
118903281,34.5307,34.0166,456,40370,0.0588004,0.01,1,1551006,1550550,456
118906201,55.2123,34.6066,490,40422,0.0655202,0.11,1,1551075,1550585,490
118926641,17.919,22.6156,436,40786,0.049964,0.03,1,1551272,1550836,436
118929561,23.9676,18.0462,449,40838,0.0379856,0.07,1,1551300,1550851,449
118932481,27.587,23.4185,452,40890,0.0571942,0.05,1,1551330,1550878,452
118947081,42.2604,55.2123,458,41147,0.206342,0.15,1,1551533,1551075,458
118950001,43.9042,40.0849,473,41198,0.256537,0.15,1,1551578,1551105,473
118952921,30.7617,42.434,451,41249,0.264615,0.19,1,1551600,1551149,451
118955841,30.3047,30.7736,458,41300,0.267846,0.17,1,1551630,1551172,458
118958761,35.5219,32.1094,464,41351,0.257138,0.07,1,1551669,1551205,464
118961681,20.2087,36.2438,435,41402,0.252855,0.11,1,1551679,1551244,435
118964601,16.4835,22.2975,436,41453,0.251142,0.01,1,1551693,1551257,436
118967521,23.9934,17.919,450,41504,0.214457,0.03,1,1551722,1551272,450
118973361,24.1189,27.587,427,41606,0.241913,0.13,1,1551757,1551330,427
118976281,27.0476,27.2348,429,41657,0.246765,0.15,1,1551786,1551357,429
118979201,33.619,33.6939,429,41708,0.296706,0.15,1,1551824,1551395,429
118993801,31.5817,30.7617,435,41960,0.428654,0.27,1,1552035,1551600,435
119084321,20.4488,35.5554,460,43493,0.755892,0.59,2,1553008,1552548,460
119087241,16.5795,20.2222,464,43542,0.764357,0.63,2,1553022,1552558,464
119090161,23.4318,16.4889,478,43590,0.767743,0.63,2,1553050,1552572,478
119093081,10.5727,23.3955,452,43638,0.769097,0.63,2,1553052,1552600,452
119096001,24.6291,10.5582,484,43686,0.769639,0.59,2,1553086,1552602,484
119098921,27.8516,24.6233,480,43734,0.769855,0.57,2,1553116,1552636,480
119101841,35.7407,28.4493,490,43782,0.757942,0.61,2,1553157,1552667,490
119104761,34.6963,34.7797,485,43830,0.789177,0.61,2,1553191,1552706,485
119119361,35.5345,33.7632,489,44070,0.908897,0.71,2,1553416,1552927,489
119272661,158.63,168.486,497,21270,0.7852,1,2,1555095,1554598,497
119298941,82.747,89.4337,447,22151,0.760435,0.57,2,1555742,1555295,447
119301861,88.8988,89.7735,450,22247,0.790174,0.67,2,1555835,1555385,450
119310621,34.4655,32.8415,457,22532,0.912411,0.71,2,1555975,1555518,457
119313541,30.5862,13.1366,485,22626,0.910964,0.75,2,1556003,1555518,485
119316461,77.0345,23.8546,562,22720,0.946386,0.71,2,1556111,1555549,562
119319381,84.2138,73.1419,545,22813,0.924554,0.79,2,1556200,1555655,545
119433261,75.016,64.1283,544,26192,0.22749,1,1,1558584,1558040,544
119439101,83.6426,74.2205,567,26354,0.0831984,1,1,1558758,1558191,567
119442021,58.057,86.6882,513,26434,0.0512794,0.93,1,1558799,1558286,513
119444941,38.8228,62.8753,492,26514,0.0385117,0.95,1,1558825,1558333,492
119447861,31.7291,43.7501,488,26594,0.0154047,0.77,1,1558852,1558364,488
119450781,34.8916,38.5,490,26674,0.0481619,0.57,1,1558889,1558399,490
119453701,37.3567,37.6,492,26753,0.0372648,0.37,1,1558928,1558436,492
119456621,62.9427,48.04,517,26832,0.0449059,0.05,1,1559008,1558491,517
119459541,77.9771,75.016,512,26911,0.0179624,0.07,1,1559096,1558584,512
119462461,32.3908,84.6064,423,26990,0.0131849,0.05,1,1559098,1558675,423
119465381,62.7563,83.6426,423,27068,0.011274,0.03,1,1559181,1558758,423
119468301,50.9025,58.057,425,27146,0.0705096,0.03,1,1559224,1558799,425
119471221,34.761,38.8228,423,27224,0.0942038,0,1,1559248,1558825,423
119474141,30.1044,31.7291,423,27302,0.0556815,0.07,1,1559275,1558852,423
119477061,34.2418,34.8916,423,27380,0.0522726,0.03,1,1559312,1558889,423
119479981,36.4967,37.3567,422,27457,0.086909,0.05,1,1559350,1558928,422
119485821,78.3195,77.9771,424,27611,0.0799054,0.01,1,1559520,1559096,424
119488741,32.5278,32.3908,424,27688,0.0379622,0.01,1,1559522,1559098,424
119491661,61.6111,62.7563,422,27764,0.0331849,0.11,1,1559603,1559181,422
119494581,53.4444,50.9025,427,27840,0.0312739,0.11,1,1559651,1559224,427
119497501,33.3778,34.761,423,27916,0.0425096,0.03,1,1559671,1559248,423
119500421,28.9511,30.1044,422,27992,0.0830038,0.05,1,1559697,1559275,422
119503341,33.7804,34.2418,422,28068,0.0872015,0.11,1,1559734,1559312,422
119506261,38.1122,36.4967,425,28143,0.0408806,0.15,1,1559775,1559350,425
119509181,65.6449,63.7987,427,28218,0.0583522,0.05,1,1559859,1559432,427
119520861,53.2997,53.8044,470,28517,0.0852538,0.03,1,1560073,1559603,470
119523781,34.5199,50.3218,444,28591,0.0521015,0.05,1,1560095,1559651,444
119526701,29.408,32.1287,450,28665,0.0508406,0.11,1,1560121,1559671,450
119529621,32.1632,28.4515,458,28739,0.0623362,0.09,1,1560155,1559697,458
119532541,38.0653,33.5806,463,28813,0.0789345,0.01,1,1560197,1559734,463
119535461,67.4261,38.0322,509,28886,0.0735738,0.07,1,1560284,1559775,509
119538381,78.5704,65.6129,511,28959,0.0954295,0.15,1,1560370,1559859,511
119552981,28.9825,34.5196,449,29323,0.200379,0.05,1,1560544,1560095,449
119555901,32.593,29.4078,458,29395,0.206152,0.07,1,1560579,1560121,458
119558821,38.8372,32.1631,467,29467,0.208461,0.09,1,1560622,1560155,467
119561741,67.1349,38.0653,511,29539,0.233384,0.07,1,1560708,1560197,511
119564661,79.654,67.4261,512,29611,0.267354,0.11,1,1560796,1560284,512
119567581,33.0616,78.5704,428,29682,0.280941,0.11,1,1560798,1560370,428
119590941,67.8468,67.1349,434,30247,0.425143,0.29,1,1561142,1560708,434
119628901,63.4257,61.5582,450,31144,0.760727,0.57,2,1561765,1561315,450
119631821,54.1703,53.4233,450,31212,0.778291,0.57,2,1561813,1561363,450
119634741,22.8681,22.5693,450,31280,0.785316,0.57,2,1561815,1561365,450
119640581,26.5789,16.8111,480,31415,0.794051,0.61,2,1561867,1561387,480
119672701,33.1844,26.5787,499,32147,0.917961,0.83,2,1562366,1561867,499
119675621,38.4737,32.8315,504,32213,0.949184,0.81,2,1562408,1561904,504
119802641,337.644,354.177,499,14600,0.43,1,1,1564357,1563858,499
119811401,102.321,124.811,473,15742,0.09448,0.11,1,1564708,1564235,473
119820161,133.845,144.524,424,16144,0.0922067,0.05,1,1564978,1564554,424
119831841,38.2072,37.8278,429,16663,0.235304,0.19,1,1565211,1564782,429
119834761,128.083,15.1311,617,16790,0.232122,0.05,1,1565399,1564782,617
119837681,105.233,123.652,511,16916,0.254849,0.11,1,1565489,1564978,511
119840601,87.0933,101.661,499,17042,0.275939,0.17,1,1565564,1565065,499
119881481,132.484,131.4,453,18711,0.765275,0.63,2,1566726,1566273,453
119884401,54.1937,53.7599,453,18824,0.76811,0.65,2,1566728,1566275,453
119887321,79.8775,79.104,454,18937,0.781244,0.71,2,1566825,1566371,454
119896081,39.0962,38.7107,456,19271,0.92864,0.81,2,1566987,1566531,456
119976381,132.952,139.574,478,22145,0.258102,1,1,1569106,1568628,478
119982221,58.8324,62.1719,473,22336,0.0832964,0.99,1,1569189,1568716,473
119985141,40.333,42.2688,472,22431,0.0333185,0.79,1,1569217,1568745,472
119988061,45.5332,56.5075,455,22526,0.0433274,0.79,1,1569266,1568811,455
119990981,57.8133,22.603,521,22620,0.023331,0.57,1,1569332,1568811,521
119993901,38.1253,54.6412,470,22714,0.0393324,0.49,1,1569357,1568887,470
119996821,119.05,37.4565,617,22807,0.045733,0.05,1,1569530,1568913,617
119999741,66.82,130.783,456,22900,0.0482932,0.15,1,1569562,1569106,456
120002661,56.128,72.713,471,22993,0.0493173,0.01,1,1569611,1569140,471
120005581,38.6512,58.4852,449,23085,0.0377269,0,1,1569638,1569189,449
120008501,44.8605,40.1941,470,23177,0.0690908,0.05,1,1569687,1569217,470
120011421,59.3442,45.4776,490,23268,0.0456363,0.01,1,1569756,1569266,490
120014341,39.3377,57.7911,450,23359,0.0362545,0.05,1,1569782,1569332,450
120020181,66.294,119.047,454,23540,0.0766007,0.05,1,1569984,1569530,454
120023101,56.5176,66.8186,472,23630,0.0726403,0.05,1,1570034,1569562,472
120026021,38.207,56.1275,449,23720,0.0710561,0.03,1,1570060,1569611,449
120058141,39.7252,39.4532,429,24684,0.213467,0.15,1,1570633,1570204,429
120061061,17.0901,16.9813,429,24770,0.259387,0.15,1,1570635,1570206,429
120066901,62.4944,62.477,429,24941,0.405102,0.17,1,1570839,1570410,429
120069821,54.3978,54.3908,429,25026,0.420041,0.17,1,1570888,1570459,429
120072741,37.3591,37.9563,428,25111,0.426016,0.15,1,1570914,1570486,428
120075661,46.1436,45.7825,429,25195,0.440407,0.21,1,1570966,1570537,429
120116541,55.8253,64.6599,494,26348,0.752366,0.47,2,1571774,1571280,494
120119461,38.5301,55.864,471,26428,0.762947,0.47,2,1571801,1571330,471
120122381,47.8121,37.9456,499,26508,0.779179,0.53,2,1571855,1571356,499
120134061,119.779,18.021,637,26826,0.902907,0.69,2,1572149,1571512,637
120136981,67.1117,116.408,487,26905,0.919163,0.73,2,1572181,1571694,487
120139901,28.0447,64.5634,459,26984,0.925665,0.79,2,1572183,1571724,459
120236261,33.5623,44.9942,500,29462,0.91528,1,2,1573867,1573367,500
120242101,64.77,115.199,503,29606,0.759645,1,2,1574065,1573562,503
120285901,24.1136,27.7381,453,30659,0.784473,0.69,2,1574656,1574203,453
120297581,108.008,109.065,453,30935,0.906691,0.71,2,1574948,1574495,453
120300501,59.4031,58.6261,455,31003,0.908676,0.65,2,1574975,1574520,455
120303421,44.1612,43.2504,456,31071,0.92147,0.69,2,1575009,1574553,456
120306341,37.4645,35.9002,458,31139,0.926588,0.73,2,1575042,1574584,458
120312181,17.0343,16.784,458,31275,0.915054,0.81,2,1575085,1574627,458
120318021,59.8455,9.64544,544,31411,0.901209,0.87,2,1575200,1574656,544
120326781,109.31,27.5933,626,31612,0.914717,0.93,2,1575413,1574787,626
120329701,59.324,107.637,491,31679,0.923887,0.91,2,1575439,1574948,491
120420221,92.4187,101.819,478,33687,0.921995,1,2,1576841,1576363,478
120423141,55.5675,56.9274,482,33750,0.902798,0.97,2,1576872,1576390,482
120426061,48.627,44.371,490,33813,0.907119,1,2,1576916,1576426,490
120431901,33.2203,38.4194,482,33938,0.767939,1,2,1576980,1576498,482
120478621,37.3705,38.1732,493,34922,0.790861,0.67,2,1577614,1577121,493
120493221,39.8684,44.2139,490,35223,0.914751,0.67,2,1577867,1577377,490
120496141,30.3474,39.2856,478,35283,0.923901,0.69,2,1577891,1577413,478
120499061,24.1389,30.7142,473,35343,0.92756,0.65,2,1577911,1577438,473
120501981,22.8556,24.2857,475,35403,0.941024,0.65,2,1577933,1577458,475
120633381,35.9388,39.8456,512,37997,0.949696,1,2,1579773,1579261,512
120642141,34.1481,27.0541,527,38164,0.75462,1,2,1579876,1579349,527
120659661,73.1563,31.7363,580,38494,0.44045,0.99,1,1580153,1579573,580
120662581,41.8625,73.2945,500,38549,0.42218,0.98,1,1580174,1579674,500
120665501,38.345,46.1178,508,38604,0.438872,1,1,1580210,1579702,508
120738501,43.6128,41.9042,454,39949,0.785187,0.65,2,1581072,1580618,454
120750181,29.5997,8.96395,490,40161,0.789205,0.75,2,1581180,1580690,490
120753101,27.4399,23.9856,482,40214,0.777682,0.71,2,1581206,1580724,482
120756021,30.176,25.1942,488,40267,0.773073,0.69,2,1581238,1580750,488
120758941,36.0704,29.8777,495,40319,0.771229,0.67,2,1581278,1580783,495
120761861,39.0282,36.5511,495,40371,0.770492,0.71,2,1581319,1580824,495
120785221,22.7089,24.4978,481,40787,0.902769,0.81,2,1581605,1581124,481
120788141,29.4836,22.9991,493,40839,0.931107,0.77,2,1581639,1581146,493
120928301,31.2527,33.3557,520,43249,0.943441,1,2,1583293,1582773,520
120937061,47.4082,71.5908,508,43396,0.7667,1,2,1583439,1582931,508
120992541,25.2342,29.0776,476,44311,0.776632,0.67,2,1584041,1583565,476
121007141,17.7198,24.6098,453,44549,0.902337,0.65,2,1584155,1583702,453
121010061,19.6879,22.4439,453,44596,0.918935,0.63,2,1584176,1583723,453
121012981,27.6752,28.7776,453,44643,0.949574,0.63,2,1584209,1583756,453
121015901,30.2701,30.711,453,44690,0.94983,0.67,2,1584241,1583788,453
121223221,33.2924,34.4935,509,47924,0.907696,1,2,1586547,1586038,509
121226141,25.9169,31.1974,501,47968,0.945078,1,2,1586568,1586067,501
121234901,32.0427,34.3966,513,48100,0.930485,1,2,1586673,1586160,513
121296221,293.407,332.722,449,21900,0.252091,0.27,1,1587260,1586811,449
121307901,82.5592,83.6857,447,23003,0.0494135,0.03,1,1587552,1587105,447
121310821,52.8237,67.6743,423,23095,0.0497654,0.01,1,1587585,1587162,423
121313741,63.7295,61.8697,436,23187,0.0379062,0.01,1,1587656,1587220,436
121316661,29.6918,34.3479,427,23278,0.0331625,0.01,1,1587663,1587236,427
121319581,83.2767,28.1392,522,23369,0.043265,0.05,1,1587782,1587260,522
121322501,69.9107,68.2557,488,23460,0.059306,0.09,1,1587843,1587355,488
121325421,50.7643,66.3023,461,23550,0.0777224,0.11,1,1587881,1587420,461
121328341,75.5057,49.9209,514,23640,0.085089,0.01,1,1587973,1587459,514
121331261,50.0023,75.7684,454,23730,0.0880356,0.05,1,1588006,1587552,454
121334181,62.6009,50.1073,492,23819,0.0652142,0.03,1,1588077,1587585,492
121337101,29.2404,62.6429,428,23908,0.0320857,0.03,1,1588084,1587656,428
121340021,12.8961,29.2572,423,23997,0.0428343,0.05,1,1588086,1587663,423
121342941,77.1585,83.1029,424,24085,0.0351337,0.07,1,1588206,1587782,424
121345861,68.6634,69.8411,426,24173,0.0920535,0.09,1,1588269,1587843,426
121354621,49.4185,49.9978,426,24435,0.205811,0.05,1,1588432,1588006,426
121357541,60.5674,62.5991,423,24522,0.220325,0.01,1,1588500,1588077,423
121360461,27.827,29.2397,422,24608,0.25013,0.05,1,1588506,1588084,422
121363381,12.3308,12.8959,422,24694,0.238052,0.03,1,1588508,1588086,422
121369221,71.8129,68.6633,428,24866,0.264888,0.17,1,1588697,1588269,428
121372141,53.3252,50.8653,430,24951,0.291955,0.19,1,1588738,1588308,430
121389661,75.7793,77.5323,430,25457,0.409152,0.17,1,1589059,1588629,430
121392581,73.5117,31.0129,502,25540,0.433661,0.31,1,1589131,1588629,502
121395501,54.0047,53.2052,475,25623,0.443464,0.31,1,1589172,1588697,475
121448061,67.6756,79.4985,452,27072,0.79227,0.59,2,1590163,1589711,452
121462661,78.8207,77.6419,456,27461,0.933966,0.69,2,1590402,1589946,456
121465581,76.5283,76.0568,456,27538,0.949586,0.71,2,1590477,1590021,456
121623261,32.2826,35.2151,517,31419,0.0798347,1,1,1593182,1592665,517
121626181,34.5131,34.486,519,31486,0.0499339,1,1,1593218,1592699,519
121629101,42.6052,35.9944,530,31553,0.0379735,1,1,1593266,1592736,530
121632021,50.6421,53.3978,521,31620,0.0211894,0.97,1,1593322,1592801,521
121634941,62.8568,47.1591,549,31687,0.0264758,0.97,1,1593393,1592844,549
121637861,57.5427,66.8636,523,31754,0.0405903,0.73,1,1593447,1592924,523
121640781,44.6171,68.7455,489,31821,0.0582361,0.53,1,1593483,1592994,489
121643701,30.4468,50.8982,471,31887,0.0292944,0.49,1,1593504,1593033,471
121646621,37.9787,37.1593,486,31953,0.0897178,0.15,1,1593547,1593061,486
121649541,34.9915,50.2637,460,32019,0.0658871,0.05,1,1593580,1593120,460
121652461,29.5966,41.7055,450,32085,0.0923548,0.03,1,1593606,1593156,450
121655381,31.6386,32.2822,457,32151,0.0669419,0.03,1,1593639,1593182,457
121658301,41.4555,34.5129,469,32217,0.0567768,0.03,1,1593687,1593218,469
121661221,50.1822,42.6052,477,32283,0.0647107,0.01,1,1593743,1593266,477
121664141,63.2729,50.6421,493,32349,0.0558843,0.03,1,1593815,1593322,493
121667061,60.1092,62.8568,480,32414,0.0883537,0.05,1,1593873,1593393,480
121693341,48.31,50.1822,423,32996,0.0597473,0.05,1,1594166,1593743,423
121696261,63.124,63.2729,424,33060,0.0658989,0.11,1,1594239,1593815,424
121699181,61.8496,60.1092,427,33124,0.0683596,0.13,1,1594300,1593873,427
121702101,44.5398,43.2437,428,33188,0.0813438,0.11,1,1594333,1593905,428
121725461,46.2883,48.31,422,33694,0.20049,0.07,1,1594588,1594166,422
121740061,40.481,39.4064,429,34007,0.205583,0.15,1,1594829,1594400,429
121742981,35.3924,34.9626,429,34069,0.208233,0.17,1,1594861,1594432,429
121745901,32.157,31.385,430,34131,0.209293,0.17,1,1594891,1594461,430
121748821,14.0628,13.754,430,34193,0.209717,0.19,1,1594893,1594463,430
121751741,25.4251,25.3016,430,34255,0.221887,0.19,1,1594926,1594496,430
121754661,31.17,10.1206,465,34317,0.214755,0.19,1,1594961,1594496,465
121757581,46.068,25.6483,485,34379,0.211902,0.21,1,1595017,1594532,485
121760501,62.2272,43.8593,502,34441,0.246761,0.11,1,1595090,1594588,502
121763421,61.4909,61.9437,489,34502,0.248704,0.15,1,1595151,1594662,489
121766341,47.9964,61.3775,467,34563,0.237482,0.13,1,1595190,1594723,467
121769261,32.9985,47.351,452,34624,0.256993,0.19,1,1595213,1594761,452
121795541,61.4905,62.2272,494,35170,0.41008,0.25,1,1595584,1595090,494
121798461,47.3962,61.4909,471,35230,0.446032,0.23,1,1595622,1595151,471
121842261,37.9346,36.6334,450,36120,0.792761,0.57,2,1596179,1595729,450
121868541,48.6355,47.8537,456,36643,0.933723,0.71,2,1596523,1596067,456
121871461,35.0542,35.3415,455,36701,0.931489,0.75,2,1596549,1596094,455
121874381,47.6217,45.3366,459,36759,0.942596,0.83,2,1596605,1596146,459
121877301,41.2487,37.9346,463,36816,0.935038,0.83,2,1596642,1596179,463
122029141,40.3224,36.433,503,39689,0.938739,1,2,1598636,1598133,503
122032061,32.329,30.1732,504,39742,0.927495,1,2,1598663,1598159,504
122034981,22.5316,30.0693,490,39795,0.928998,1,2,1598679,1598189,490
122061261,49.1814,33.8575,539,40271,0.411672,1,1,1599038,1598499,539
122072941,20.0078,32.2924,480,40479,0.283323,0.93,1,1599143,1598663,480
122075861,27.8031,22.5169,497,40531,0.263329,0.83,1,1599176,1598679,497
122078781,30.9213,31.2068,493,40583,0.291332,0.83,1,1599209,1598716,493
122081701,50.1685,34.0827,520,40635,0.290533,0.67,1,1599272,1598752,520
122084621,41.6674,54.4331,488,40687,0.266213,0.69,1,1599308,1598820,488
122087541,34.667,43.3732,482,40739,0.256485,0.55,1,1599338,1598856,482
122090461,25.8668,37.1493,469,40791,0.240594,0.63,1,1599358,1598889,469
122093381,27.7467,27.4597,477,40843,0.258238,0.51,1,1599387,1598910,477
122096301,28.4987,31.3839,472,40895,0.277295,0.47,1,1599416,1598944,472
122099221,46.7995,32.9536,497,40947,0.260918,0.35,1,1599475,1598978,497
122102141,37.9198,49.1814,469,40999,0.242367,0.31,1,1599507,1599038,469
122105061,35.5679,38.8726,471,41050,0.270947,0.33,1,1599541,1599070,471
122125501,34.01,41.6674,463,41407,0.401446,0.25,1,1599771,1599308,463
122128421,25.004,34.667,452,41458,0.418578,0.23,1,1599790,1599338,452
122131341,28.6016,25.8668,463,41509,0.449431,0.27,1,1599821,1599358,463
122189741,26.7127,26.5986,447,42515,0.760176,0.51,2,1600446,1599999,447
122192661,19.0851,19.0394,447,42565,0.76607,0.51,2,1600460,1600013,447
122195581,28.034,29.2158,445,42615,0.768428,0.51,2,1600494,1600049,445
122198501,36.4136,35.6863,447,42665,0.781371,0.63,2,1600536,1600089,447
122233541,19.3391,26.3753,473,43253,0.905579,0.77,2,1600919,1600446,473
122236461,28.1357,18.9501,493,43302,0.908231,0.77,2,1600953,1600460,493
122239381,37.0543,27.9801,502,43351,0.921293,0.79,2,1600996,1600494,502
122242301,54.4217,36.392,526,43400,0.938517,0.91,2,1601062,1600536,526
122426261,32.7047,22.0606,537,46364,0.945232,1,2,1603120,1602583,537
122429181,26.2819,28.6243,526,46409,0.936093,1,2,1603142,1602616,526
122486121,106.796,114.003,461,21370,0.092748,0.03,1,1603818,1603357,461
122489041,79.9184,84.0013,459,21469,0.0550992,0.03,1,1603880,1603421,459
122491961,93.1674,94.2005,460,21568,0.0280397,0.07,1,1603982,1603522,460
122494881,79.2669,75.4802,467,21666,0.0532159,0.05,1,1604052,1603585,467
122497801,41.3068,57.1921,438,21764,0.0512864,0.03,1,1604068,1603630,438
122500721,33.9227,37.2768,443,21861,0.0505145,0.07,1,1604097,1603654,443
122503641,62.1691,75.5107,423,21958,0.0622058,0.03,1,1604178,1603755,423
122506561,63.8676,68.0043,425,22055,0.0788823,0.03,1,1604243,1603818,425
122509481,62.1471,64.4017,424,22151,0.0615529,0.01,1,1604304,1603880,424
122512401,84.8588,86.9607,422,22247,0.0546212,0.07,1,1604404,1603982,422
122515321,75.9435,76.7843,422,22342,0.0398485,0.05,1,1604474,1604052,422
122518241,41.1774,40.3137,424,22437,0.0159394,0.05,1,1604492,1604068,424
122521161,34.471,33.5255,425,22532,0.0363758,0.05,1,1604522,1604097,425
122524081,60.5884,13.4102,503,22626,0.0445503,0.07,1,1604600,1604097,503
122527001,65.0354,53.9641,490,22720,0.0478201,0.09,1,1604668,1604178,490
122529921,60.2141,60.5856,482,22813,0.073128,0.05,1,1604725,1604243,482
122532841,84.0857,60.8343,521,22906,0.0352512,0.05,1,1604825,1604304,521
122535761,75.6343,84.3337,491,22999,0.0141005,0.03,1,1604895,1604404,491
122538681,41.0537,75.7335,439,23091,0.00564019,0,1,1604913,1604474,439
122541601,34.4215,41.0934,451,23183,0.0442561,0.05,1,1604943,1604492,451
122544521,61.7686,34.4374,501,23274,0.0837024,0.05,1,1605023,1604522,501
122553281,82.4812,60.212,522,23546,0.073277,0.01,1,1605247,1604725,522
122556201,74.9925,84.0848,492,23636,0.0593108,0,1,1605317,1604825,492
122559121,40.797,75.6339,440,23726,0.0417243,0,1,1605335,1604895,440
122562041,36.1188,41.0536,455,23815,0.0826897,0.07,1,1605368,1604913,455
122573721,57.627,62.203,431,24169,0.222389,0.01,1,1605582,1605151,431
122579561,72.7003,74.9925,423,24344,0.226382,0.03,1,1605740,1605317,423
122582481,39.8801,40.797,423,24431,0.216553,0.11,1,1605758,1605335,423
122588321,64.4608,63.0475,428,24604,0.213448,0.13,1,1605877,1605449,428
122597081,59.9975,57.627,433,24862,0.258701,0.17,1,1606015,1605582,433
122600001,74.999,75.2508,431,24947,0.28948,0.25,1,1606100,1605669,431
122605841,39.4798,39.8801,431,25117,0.419517,0.17,1,1606189,1605758,431
122608761,37.3919,38.1521,430,25201,0.437807,0.23,1,1606225,1605795,430
122664241,55.8091,27.9715,525,26753,0.794281,0.65,2,1607281,1606756,525
122673001,33.0438,76.9822,459,26990,0.913634,0.71,2,1607441,1606982,459
122772281,68.4068,49.9925,555,29539,0.9076,1,2,1609239,1608684,555
122795641,41.0653,42.0423,480,30107,0.0594177,0.99,1,1609585,1609105,480
122798561,47.0261,48.0169,479,30177,0.0537671,0.85,1,1609636,1609157,479
122801481,57.8104,68.4068,462,30247,0.0635068,0.61,1,1609701,1609239,462
122804401,75.3242,86.7627,450,30317,0.0554027,0.57,1,1609788,1609338,450
122807321,40.3297,46.1051,448,30387,0.0401611,0.55,1,1609805,1609357,448
122810241,32.9319,38.842,442,30457,0.0580644,0.37,1,1609833,1609391,442
122813161,40.1727,46.7368,435,30526,0.0772258,0.35,1,1609878,1609443,435
122816081,17.2691,19.8947,435,30595,0.0848903,0.27,1,1609880,1609445,435
122821921,48.2431,54.6632,422,30733,0.0795824,0.01,1,1609975,1609553,422
122824841,38.4972,41.0653,422,30802,0.049833,0.05,1,1610007,1609585,422
122827761,47.1989,47.0261,424,30871,0.0259332,0.07,1,1610060,1609636,424
122830681,57.2796,57.8104,423,30940,0.0523733,0.05,1,1610124,1609701,423
122833601,74.5118,75.3242,422,31008,0.0389493,0.03,1,1610210,1609788,422
122836521,40.6047,40.3297,423,31076,0.0335797,0.07,1,1610228,1609805,423
122839441,33.0419,32.9319,423,31144,0.0314319,0.09,1,1610256,1609833,423
122842361,42.0168,40.1727,426,31212,0.0425728,0.09,1,1610304,1609878,426
122845281,18.0067,17.2691,426,31280,0.0230291,0.09,1,1610306,1609880,426
122848201,25.8027,6.90764,457,31348,0.0512116,0.15,1,1610337,1609880,457
122851121,46.3211,21.9631,485,31415,0.0504847,0.05,1,1610397,1609912,485
122854041,37.1284,46.5852,453,31482,0.0501939,0.03,1,1610428,1609975,453
122856961,46.6514,37.8341,474,31549,0.0500775,0.01,1,1610481,1610007,474
122859881,57.6605,46.9336,486,31616,0.050031,0.07,1,1610546,1610060,486
122862801,74.6642,57.1735,508,31683,0.0740124,0.03,1,1610632,1610124,508
122865721,40.6657,74.4694,440,31750,0.083605,0.03,1,1610650,1610210,440
122894921,41.2691,74.6642,443,32410,0.214273,0.09,1,1611075,1610632,443
122897841,34.5076,40.6657,455,32475,0.223709,0.14,1,1611105,1610650,455
122900761,41.4031,33.0663,473,32540,0.251484,0.11,1,1611151,1610678,473
122903681,17.7612,41.4265,428,32605,0.262594,0.11,1,1611153,1610725,428
122906601,26.3045,17.7706,458,32670,0.267037,0.11,1,1611185,1610727,458
122909521,48.9218,26.3082,490,32735,0.292815,0.15,1,1611249,1610759,490
122924121,78.2821,76.1728,433,33056,0.423392,0.23,1,1611490,1611057,433
122927041,42.1128,41.2691,433,33120,0.415357,0.23,1,1611508,1611075,433
122929961,35.4451,34.5076,434,33184,0.448143,0.27,1,1611539,1611105,434
122976681,21.3092,21.2737,446,34189,0.753959,0.53,2,1612134,1611688,446
122994201,37.0104,42.1205,488,34559,0.797763,0.67,2,1612438,1611950,488
123017561,59.1585,43.9692,524,35046,0.902766,0.71,2,1612746,1612222,524
123020481,83.0634,57.7877,556,35106,0.919106,0.73,2,1612845,1612289,556
123023401,46.4254,81.3151,481,35166,0.925643,0.77,2,1612867,1612386,481
123026321,38.3701,44.526,494,35226,0.916257,0.83,2,1612900,1612406,494
123151881,38.3429,26.8674,522,37720,0.903616,1,2,1614572,1614050,522
123157721,37.0949,34.1788,513,37832,0.764979,1,2,1614644,1614131,513
123163561,58.2552,68.3486,514,37944,0.445197,1,1,1614775,1614261,514
123166481,43.7021,45.9394,517,38000,0.268079,1,1,1614809,1614292,517
123175241,32.7729,35.6761,504,38167,0.090357,1,1,1614906,1614402,504
123178161,35.9092,29.2704,517,38222,0.0541428,0.99,1,1614944,1614427,517
123181081,32.3637,38.1082,503,38277,0.0876571,1,1,1614974,1614471,503
123184001,28.5455,32.6433,500,38332,0.0890629,1,1,1615000,1614500,500
123186921,34.2182,29.8573,510,38387,0.0536251,0.84,1,1615038,1614528,510
123189841,31.0873,38.3429,495,38442,0.0514501,0.81,1,1615067,1614572,495
123192761,28.0349,35.7372,487,38497,0.02658,0.71,1,1615093,1614606,487
123195681,47.214,37.0949,509,38552,0.016632,0.37,1,1615153,1614644,509
123198601,50.6856,58.6379,489,38607,0.0126528,0.39,1,1615206,1614717,489
123201521,21.4742,58.2552,433,38662,0.0110611,0.15,1,1615208,1614775,433
123204441,26.5897,43.7021,429,38717,0.0344244,0.15,1,1615238,1614809,429
123207361,28.0359,36.0808,427,38772,0.0437698,0.17,1,1615267,1614840,427
123210281,31.0144,35.4323,425,38826,0.0595079,0.03,1,1615300,1614875,425
123213201,29.2057,32.7729,422,38880,0.0418032,0.03,1,1615328,1614906,422
123216121,35.0823,35.9092,423,38934,0.0227213,0.11,1,1615367,1614944,423
123219041,32.0329,32.3637,423,38988,0.0390885,0.09,1,1615397,1614974,423
123221961,27.8132,28.5455,422,39042,0.0216354,0.03,1,1615422,1615000,422
123224881,35.1253,34.2182,424,39096,0.0506542,0.05,1,1615462,1615038,424
123227801,30.8501,31.0873,423,39150,0.0622617,0.01,1,1615490,1615067,423
123236561,50.7664,50.6856,424,39312,0.0968647,0.01,1,1615630,1615206,424
123262841,36.748,35.1253,425,39793,0.0844552,0.07,1,1615887,1615462,425
123265761,30.2992,30.8501,423,39846,0.0757821,0.13,1,1615913,1615490,423
123268681,30.1197,28.54,426,39899,0.0723128,0.11,1,1615943,1615517,426
123271601,47.4479,47.416,425,39952,0.0949251,0.09,1,1616002,1615577,425
123280361,27.3007,8.60262,457,40111,0.0730352,0.17,1,1616089,1615632,457
123283281,29.5203,20.2411,460,40164,0.0832141,0.19,1,1616120,1615660,460
123286201,33.4081,26.0964,466,40217,0.0992856,0.21,1,1616156,1615690,466
123309561,48.6229,30.1183,485,40634,0.201611,0.11,1,1616428,1615943,485
123312481,50.6492,47.4473,478,40686,0.230644,0.11,1,1616480,1616002,478
123315401,21.4597,51.3789,426,40738,0.242258,0.11,1,1616482,1616056,426
123318321,27.1839,21.7516,455,40790,0.258903,0.05,1,1616513,1616058,455
123321241,30.6735,27.3006,457,40842,0.241561,0.09,1,1616546,1616089,457
123324161,33.8694,29.5203,462,40894,0.258624,0.11,1,1616582,1616120,462
123327081,27.3478,33.4081,449,40946,0.25345,0.13,1,1616605,1616156,449
123330001,32.5391,26.5632,463,40998,0.26338,0.13,1,1616641,1616178,463
123332921,32.8156,32.2253,460,41049,0.267352,0.17,1,1616674,1616214,460
123335841,27.5263,31.4901,453,41100,0.268941,0.19,1,1616698,1616245,453
123338761,36.8105,26.396,473,41151,0.293576,0.19,1,1616741,1616268,473
123350441,52.1007,48.6229,485,41355,0.410188,0.25,1,1616913,1616428,485
123353361,22.0403,50.6492,435,41406,0.422075,0.25,1,1616915,1616480,435
123356281,26.8161,21.4597,463,41457,0.42683,0.27,1,1616945,1616482,463
123411761,34.2335,32.4903,448,42414,0.761923,0.53,2,1617525,1617077,448
123414681,32.8934,32.1961,448,42464,0.778769,0.53,2,1617557,1617109,448
123417601,27.5574,27.2784,448,42514,0.797508,0.59,2,1617581,1617133,448
123435121,23.136,22.6103,452,42811,0.913491,0.63,2,1617810,1617358,452
123438041,28.4544,27.6441,453,42860,0.911396,0.71,2,1617842,1617389,453
123440961,33.5818,32.0576,455,42909,0.934559,0.71,2,1617879,1617424,455
123443881,14.6327,14.0231,455,42958,0.943823,0.71,2,1617881,1617426,455
123449721,24.6612,10.8837,479,43056,0.941812,0.73,2,1617941,1617462,479
123452641,35.6645,17.5535,500,43105,0.922725,0.79,2,1617984,1617484,500
123455561,34.6658,31.6214,493,43154,0.92709,0.79,2,1618018,1617525,493
123458481,28.2663,31.8486,485,43203,0.928836,0.81,2,1618042,1617557,485
123674561,100.429,99.9236,492,21469,0.448355,0.63,1,1620618,1620126,492
123703761,46.6509,44.9393,452,22437,0.753384,0.63,2,1621254,1620802,452
123706681,40.2604,38.9757,453,22532,0.751353,0.63,2,1621290,1620837,453
123709601,50.9041,15.5903,511,22626,0.774541,0.63,2,1621348,1620837,511
123718361,88.3379,82.0218,545,22906,0.900851,0.69,2,1621608,1621063,545
123721281,82.7351,86.2087,535,22999,0.93034,0.71,2,1621687,1621152,535
123820561,48.1857,41.4329,531,25948,0.754998,1,2,1623713,1623182,531
123855601,90.0758,70.2359,559,26911,0.799859,0.65,2,1624445,1623886,559
123873121,41.091,40.9339,455,27380,0.917632,0.67,2,1624664,1624209,455
123876041,42.2364,40.9736,457,27457,0.913053,0.77,2,1624707,1624250,457
123878961,74.4946,72.1894,460,27534,0.947221,0.85,2,1624803,1624343,460
123992841,57.3348,47.3921,507,30387,0.259798,1,1,1626844,1626337,507
123998681,38.8136,44.6627,485,30526,0.0979676,0.99,1,1626912,1626427,485
124001601,32.9254,32.8651,489,30595,0.057187,1,1,1626941,1626452,489
124004521,24.5702,32.946,475,30664,0.0288748,0.99,1,1626960,1626485,475
124007441,25.4281,32.9784,468,30733,0.0535499,0.83,1,1626986,1626518,468
124010361,32.9712,38.3914,464,30802,0.03942,0.75,1,1627024,1626560,464
124013281,32.3885,36.3565,461,30871,0.033768,0.53,1,1627056,1626595,461
124016201,72.9554,82.3426,448,30940,0.0135072,0.23,1,1627156,1626708,448
124019121,82.5822,95.337,433,31008,0.0474029,0.17,1,1627245,1626812,433
124022041,50.4329,57.3348,430,31076,0.0249612,0.11,1,1627274,1626844,430
124024961,36.9731,41.5339,427,31144,0.0759845,0.05,1,1627302,1626875,427
124062921,26.0912,30.6336,449,32015,0.240578,0.15,1,1627812,1627363,449
124065841,26.0365,24.2535,455,32081,0.234231,0.09,1,1627838,1627383,455
124068761,30.8146,26.5014,461,32147,0.243692,0.11,1,1627872,1627411,461
124071681,30.3258,31.6006,456,32213,0.247477,0.13,1,1627902,1627446,456
124074601,72.7303,31.2402,526,32279,0.212991,0.09,1,1628003,1627477,526
124077521,83.6921,72.4961,517,32345,0.235196,0.13,1,1628094,1627577,517
124080441,51.4769,82.9984,457,32410,0.256079,0.13,1,1628124,1627667,457
124083361,39.7907,49.9994,461,32475,0.288431,0.15,1,1628156,1627695,461
124103801,28.0392,30.3258,434,32928,0.403245,0.19,1,1628336,1627902,434
124106721,70.0157,72.7303,431,32992,0.407298,0.25,1,1628434,1628003,431
124170961,70.9991,22.2156,549,34375,0.767448,0.65,2,1629327,1628778,549
124173881,86.5996,67.6862,548,34437,0.780979,0.59,2,1629424,1628876,548
124194321,12.2567,26.3366,456,34864,0.905153,0.67,2,1629614,1629158,456
124197241,28.9027,11.7347,494,34925,0.908061,0.73,2,1629654,1629160,494
124200161,30.7611,27.4939,488,34986,0.933224,0.75,2,1629686,1629198,488
124319881,37.5363,44.3966,504,37383,0.946,1,2,1631423,1630919,504
124322801,35.4145,35.1586,509,37440,0.9004,1,2,1631457,1630948,509
124325721,33.9658,30.8635,514,37496,0.91816,1,2,1631490,1630976,514
124328641,30.9863,33.9454,507,37552,0.901264,1,2,1631519,1631012,507
124334481,26.6778,29.6713,504,37664,0.795802,1,2,1631575,1631071,504
124407481,27.0936,26.1437,447,39042,0.760638,0.53,2,1632482,1632035,447
124410401,28.8374,27.8575,448,39096,0.778255,0.51,2,1632512,1632064,448
124433761,29.843,29.1547,455,39528,0.902647,0.71,2,1632822,1632367,455
124436681,33.5372,31.4619,458,39581,0.907059,0.75,2,1632858,1632400,458
124442521,30.326,30.2339,457,39687,0.928729,0.79,2,1632914,1632457,457
124445441,29.5304,27.0936,461,39740,0.929492,0.79,2,1632943,1632482,461
124448361,30.4122,28.8374,462,39793,0.941797,0.83,2,1632974,1632512,462
124451281,32.5649,31.335,463,39846,0.946719,0.81,2,1633008,1632545,463
124603121,29.5515,28.5722,504,42514,0.946,1,2,1634868,1634364,504
124620641,34.2333,35.4696,484,42811,0.946595,1,2,1635127,1634643,484
124623561,37.6933,33.3878,492,42860,0.936638,1,2,1635167,1634675,492
124626481,34.8773,22.3551,510,42909,0.920655,1,2,1635200,1634690,510
124641081,24.1075,24.9307,521,43154,0.767319,1,2,1635328,1634807,521
124655681,51.6942,47.3644,531,43399,0.292833,1,1,1635516,1634985,531
124658601,63.2777,60.9458,532,43448,0.219133,0.98,1,1635587,1635055,532
124676121,25.6193,21.1803,493,43738,0.205164,0.87,1,1635737,1635244,493
124690721,26.5116,22.0972,481,43978,0.202309,0.55,1,1635852,1635371,481
124696561,46.1219,43.7356,491,44074,0.206369,0.15,1,1635950,1635459,491
124699481,57.4487,51.6942,499,44122,0.256548,0.17,1,1636015,1635516,499
124702401,32.5795,63.2777,444,44170,0.288619,0.17,1,1636031,1635587,444
124719921,28.2303,25.6193,458,44457,0.414284,0.15,1,1636195,1635737,458
124722841,12.4921,27.0477,432,44504,0.423713,0.21,1,1636197,1635765,432
124725761,16.3969,21.6191,433,44551,0.439485,0.19,1,1636216,1635783,433
124728681,16.1587,19.4476,431,44598,0.445794,0.19,1,1636232,1635801,431
124731601,18.4635,19.7791,431,44645,0.448318,0.21,1,1636252,1635821,431
124734521,26.5854,26.5116,432,44692,0.449327,0.15,1,1636284,1635852,432
124737441,37.0342,38.8046,429,44739,0.437731,0.23,1,1636328,1635899,429
124804601,28.3019,27.5613,449,45811,0.757922,0.61,2,1637057,1636608,449
124845481,21.0638,31.3861,470,46453,0.925206,0.77,2,1637481,1637011,470
124848401,30.0255,19.7544,494,46498,0.928082,0.77,2,1637517,1637023,494
124851321,31.2102,28.3018,492,46543,0.929233,0.85,2,1637549,1637057,492
124854241,13.6841,29.9207,463,46588,0.929693,0.85,2,1637551,1637088,463
124857161,17.4736,13.1683,481,46633,0.929877,0.85,2,1637571,1637090,481
124860081,16.5895,16.0673,479,46678,0.941951,0.85,2,1637587,1637108,479
125044041,59.6415,73.2455,455,23095,0.783689,0.57,2,1640032,1639577,455
125046961,45.4566,41.8982,470,23187,0.787475,0.61,2,1640068,1639598,470
125055721,67.2052,77.5615,503,23460,0.905518,0.63,2,1640314,1639811,503
125058641,61.6821,61.0246,511,23550,0.932207,0.67,2,1640372,1639861,511
125172521,48.0479,65.6466,505,26836,0.408753,1,1,1642665,1642160,505
125242601,59.7695,44.7212,520,28669,0.758126,0.65,2,1643851,1643331,520
125251361,46.6412,52.3262,495,28890,0.9118,0.67,2,1644006,1643511,495
125254281,60.0565,46.7305,521,28963,0.93472,0.67,2,1644075,1643554,521
125365241,54.7905,54.0519,526,31620,0.941053,1,2,1645915,1645389,526
125371081,46.6865,65.5283,513,31754,0.785368,1,2,1646025,1645512,513
125382761,45.8352,49.3511,512,32019,0.418361,1,1,1646196,1645684,512
125388601,51.3736,35.9762,538,32151,0.286538,1,1,1646288,1645750,538
125391521,42.7495,52.1905,512,32217,0.228615,0.93,1,1646325,1645813,512
125420721,41.0489,51.3736,431,32868,0.201153,0.19,1,1646719,1646288,431
125423641,37.4196,42.7495,429,32932,0.218461,0.13,1,1646754,1646325,429
125426561,46.7678,50.0998,427,32996,0.237385,0.15,1,1646807,1646380,427
125429481,61.3071,62.6399,427,33060,0.232954,0.15,1,1646878,1646451,427
125432401,44.9229,42.456,432,33124,0.255182,0.17,1,1646912,1646480,432
125455761,37.1497,37.4196,433,33631,0.414659,0.25,1,1647187,1646754,433
125458681,46.0599,46.7678,432,33694,0.447863,0.23,1,1647239,1646807,432
125461601,61.624,61.3071,433,33757,0.425145,0.27,1,1647311,1646878,433
125522921,46.7861,38.1054,500,35050,0.766079,0.55,2,1648129,1647629,500
125540441,41.2798,38.2333,496,35410,0.908746,0.67,2,1648400,1647904,496
125543361,34.5119,39.8933,485,35470,0.945498,0.69,2,1648430,1647945,485
125680601,48.804,37.0034,539,38170,0.91624,1,2,1650306,1649767,539
125683521,41.7216,47.2014,522,38225,0.912496,1,2,1650343,1649821,522
125686441,33.4886,38.0805,518,38280,0.910998,1,2,1650371,1649853,518
125703961,40.7828,47.1094,509,38610,0.910507,1,2,1650589,1650080,509
125706881,17.5131,39.8438,476,38665,0.922203,1,2,1650591,1650115,476
125934641,33.4407,37.481,489,42714,0.78827,1,2,1653446,1652957,489
125937561,33.7763,32.3924,494,42763,0.777308,1,2,1653480,1652986,494
125940481,32.7105,35.757,488,42812,0.760923,1,2,1653512,1653024,488
125943401,32.8842,38.3028,481,42861,0.790369,0.99,2,1653545,1653064,481
125975521,31.0506,40.0703,486,43400,0.757946,0.75,2,1653903,1653417,486
125981361,33.1681,33.7712,488,43498,0.770471,0.75,2,1653968,1653480,488
125984281,32.4672,32.7085,488,43547,0.794189,0.81,2,1654000,1653512,488
125998881,29.431,32.853,481,43787,0.907873,0.71,2,1654149,1653668,481
126001801,22.5724,29.3412,472,43835,0.945149,0.63,2,1654167,1653695,472
126226641,30.7037,32.6658,534,47399,0.9304,1,2,1656699,1656165,534
126279201,167.753,171.907,488,21997,0.421264,0.65,1,1657286,1656798,488
126285041,77.6004,81.145,479,22189,0.426202,0.51,1,1657418,1656939,479
126287961,78.4402,80.458,478,22285,0.428481,0.55,1,1657497,1657019,478
126323001,75.5187,65.6063,527,23401,0.771563,0.47,2,1658253,1657726,527
126325921,63.8075,74.8425,502,23492,0.782625,0.55,2,1658309,1657807,502
126328841,72.323,62.337,526,23582,0.76305,0.55,2,1658387,1657861,526
126346361,62.4399,75.5186,463,24117,0.925695,0.79,2,1658716,1658253,463
126466081,44.2563,49.9177,498,27490,0.94,1,2,1661096,1660598,498
126489441,52.5086,55.1408,484,28101,0.0774179,0.9,1,1661543,1661059,484
126492361,36.6034,44.2563,473,28176,0.0369672,1,1,1661569,1661096,473
126495281,44.6414,50.1025,469,28251,0.0447869,1,1,1661619,1661150,469
126498201,38.2565,42.241,466,28326,0.0599148,0.77,1,1661653,1661187,466
126501121,34.5026,39.6964,460,28401,0.0539659,0.77,1,1661685,1661225,460
126504041,48.001,15.8786,517,28476,0.0875864,0.59,1,1661742,1661225,517
126506961,63.0004,47.1514,522,28550,0.0530345,0.37,1,1661815,1661293,522
126509881,44.4002,69.2606,470,28624,0.0632138,0.21,1,1661847,1661377,470
126515721,49.704,75.1617,460,28772,0.0953142,0.03,1,1661966,1661506,460
126518641,34.2816,52.2647,447,28846,0.0681257,0.01,1,1661990,1661543,447
126521561,43.7126,36.5059,471,28919,0.0572503,0.05,1,1662040,1661569,471
126524481,37.8851,44.6023,455,28992,0.0529001,0.07,1,1662074,1661619,455
126527401,34.354,38.2409,453,29065,0.06316,0.05,1,1662106,1661653,453
126530321,49.7416,34.4964,481,29138,0.079264,0.11,1,1662166,1661685,481
126533241,63.6966,47.9986,497,29211,0.0857056,0.03,1,1662239,1661742,497
126556601,52.329,34.354,487,29785,0.0635815,0.09,1,1662593,1662106,487
126559521,22.1316,49.7416,429,29856,0.0434326,0.09,1,1662595,1662166,429
126562441,50.8526,63.6966,426,29927,0.083373,0.11,1,1662665,1662239,426
126565361,39.5411,44.0787,427,29998,0.0993492,0.11,1,1662697,1662270,427
126574121,32.0986,32.413,429,30209,0.227878,0.11,1,1662840,1662411,429
126577041,43.4394,44.7652,427,30279,0.217151,0.11,1,1662891,1662464,427
126591641,50.6471,50.8526,425,30627,0.249203,0.11,1,1663090,1662665,425
126594561,40.0588,39.5411,426,30696,0.285681,0.17,1,1663123,1662697,426
126632521,33.2957,49.9446,458,31580,0.416531,0.33,1,1663709,1663251,458
126635441,43.9183,32.5778,488,31647,0.436612,0.33,1,1663760,1663272,488
126667561,38.3125,43.9182,477,32375,0.760885,0.49,2,1664237,1663760,477
126670481,33.925,36.7673,476,32440,0.778354,0.49,2,1664268,1663792,476
126673401,54.37,32.7069,514,32505,0.797342,0.55,2,1664336,1663822,514
126679241,55.9792,22.2731,526,32635,0.783975,0.59,2,1664416,1663890,526
126693841,28.9374,33.9529,459,32958,0.917138,0.77,2,1664610,1664151,459
126696761,43.375,44.7812,460,33022,0.924855,0.77,2,1664663,1664203,460
126699681,37.75,38.3125,460,33086,0.939942,0.79,2,1664697,1664237,460
126705521,55.12,54.37,462,33214,0.947191,0.81,2,1664798,1664336,462
126839841,43.7359,44.9256,490,36025,0.934,1,2,1666742,1666252,490
126842761,51.0944,43.1702,504,36084,0.9076,1,2,1666798,1666294,504
126877801,42.2576,51.0944,465,36781,0.21285,0.81,1,1667263,1666798,465
126907001,50.3222,20.4977,504,37351,0.214158,0.29,1,1667620,1667116,504
126909921,38.7289,51.3991,463,37408,0.223663,0.31,1,1667651,1667188,463
126912841,38.8915,39.1596,471,37464,0.251465,0.15,1,1667690,1667219,471
126915761,39.5566,42.0639,467,37520,0.274586,0.19,1,1667730,1667263,467
126936201,31.8141,32.1588,460,37912,0.449766,0.21,1,1667965,1667505,460
126991681,60.7707,59.5203,451,38957,0.76294,0.59,2,1668690,1668239,451
126994601,42.3083,41.8081,451,39011,0.767176,0.59,2,1668720,1668269,451
126997521,30.7233,29.9233,452,39065,0.78087,0.57,2,1668743,1668291,452
127000441,29.0893,28.7693,452,39119,0.786348,0.61,2,1668771,1668319,452
127003361,16.4357,16.3077,452,39173,0.788539,0.61,2,1668779,1668327,452
127006281,37.7743,37.7231,452,39227,0.789416,0.61,2,1668831,1668379,452
127017961,49.2694,48.6681,453,39443,0.941281,0.65,2,1668953,1668500,453
127020881,39.5078,38.6672,454,39497,0.934512,0.75,2,1668986,1668532,454
127026721,43.5212,42.4268,458,39603,0.940322,0.79,2,1669075,1668617,458
127035481,31.7294,30.7233,461,39762,0.946021,0.79,2,1669204,1668743,461
127163961,31.7504,33.5502,490,42035,0.94,1,2,1670753,1670263,490
127166881,29.5002,23.6201,501,42085,0.928,1,2,1670781,1670280,501
127172721,39.52,44.8192,481,42185,0.94768,1,2,1670845,1670364,481
127207761,29.172,29.5002,476,42782,0.444389,0.98,1,1671257,1670781,476
127248641,25.5677,27.9174,468,43468,0.400342,0.41,1,1671695,1671227,468
127251561,16.2271,29.167,448,43517,0.406137,0.37,1,1671705,1671257,448
127254481,31.6908,16.4668,482,43565,0.420455,0.37,1,1671747,1671265,482
127257401,35.4763,33.5867,475,43613,0.414182,0.37,1,1671785,1671310,475
127260321,30.3905,35.0347,466,43661,0.447673,0.33,1,1671812,1671346,466
127263241,31.3562,31.4139,469,43709,0.437069,0.33,1,1671844,1671375,469
127315801,37.638,40.6468,449,44570,0.768147,0.57,2,1672430,1671981,449
127318721,30.6552,31.2587,450,44617,0.793259,0.57,2,1672456,1672006,450
127347921,32.011,32.4852,454,45087,0.926007,0.67,2,1672743,1672289,454
127508521,31.1631,34.5294,497,47591,0.94,1,2,1674472,1673975,497
127517281,24.6744,29.7139,485,47723,0.94216,1,2,1674532,1674047,485
127526041,37.6752,35.6457,487,47855,0.759418,1,2,1674641,1674154,487
127537721,36.6765,37.5845,486,48031,0.445729,1,1,1674782,1674296,486
127546481,27.2593,24.1734,491,48163,0.297567,1,1,1674866,1674375,491
127549401,31.9037,28.2694,495,48207,0.209027,1,1,1674901,1674406,495
127566921,26.9746,31.4698,465,48471,0.088341,0.79,1,1675033,1674568,465
127569841,28.1898,31.1879,463,48514,0.0893364,0.71,1,1675062,1674599,463
127572761,29.2759,37.6752,451,48557,0.0357346,0.67,1,1675092,1674641,451
127575681,32.1104,36.0701,450,48600,0.0322938,0.61,1,1675126,1674676,450
127578601,27.8441,31.228,447,48643,0.0189175,0.45,1,1675151,1674704,447
127581521,37.5377,37.6912,449,48686,0.00756701,0.39,1,1675195,1674746,449
127584441,30.6151,36.6765,439,48729,0.0210268,0.29,1,1675221,1674782,439
127587361,29.646,33.8706,436,48772,0.0384107,0.33,1,1675250,1674814,436
127590281,25.6584,29.1482,433,48815,0.0573643,0.27,1,1675273,1674840,433
127593201,24.0634,27.2593,430,48858,0.0649457,0.27,1,1675296,1674866,430
127596121,28.8253,10.9037,462,48901,0.0799783,0.15,1,1675328,1674866,462
127599041,27.7301,25.3615,454,48944,0.0619913,0.15,1,1675355,1674901,454
127601961,23.0921,25.7446,448,48987,0.0787965,0.17,1,1675375,1674927,448
127604881,19.4368,22.8978,444,49030,0.0495186,0.13,1,1675392,1674948,444
127607801,15.5747,20.5591,438,49073,0.0498074,0.11,1,1675405,1674967,438
127610721,19.4299,15.4237,448,49116,0.061923,0.11,1,1675427,1674979,448
127616561,26.9888,26.9478,450,49202,0.0831077,0.09,1,1675483,1675033,450
127619481,28.7955,28.1791,451,49245,0.0632431,0,1,1675513,1675062,451
127622401,32.5182,29.2716,456,49288,0.0432972,0.03,1,1675548,1675092,456
127625321,27.4073,32.1087,446,49331,0.0473189,0.01,1,1675572,1675126,446
127628241,37.3629,27.8435,465,49374,0.0249276,0,1,1675616,1675151,465
127631161,31.7452,37.5374,449,49417,0.015971,0.03,1,1675644,1675195,449
127634081,28.8981,30.615,450,49460,0.0843884,0.05,1,1675671,1675221,450
127648681,22.3318,27.7301,443,49673,0.207773,0.09,1,1675798,1675355,443
127651601,19.7327,23.0921,441,49715,0.209109,0.03,1,1675816,1675375,441
127654521,15.0931,19.4368,436,49757,0.209644,0.05,1,1675828,1675392,436
127660361,24.7349,19.4299,452,49841,0.205143,0.13,1,1675879,1675427,452
127663281,25.494,23.972,451,49883,0.220057,0.07,1,1675905,1675454,451
127677881,33.2793,37.3629,453,50093,0.0712486,0.01,1,1676069,1675616,453
127680801,30.7117,31.7452,454,50135,0.0824994,0.13,1,1676098,1675644,454
127683721,26.6847,28.8981,451,50177,0.0989998,0.13,1,1676122,1675671,451
127686641,24.4739,25.9592,450,50219,0.0935999,0.13,1,1676145,1675695,450
127689561,31.9896,24.1837,464,50261,0.09144,0.17,1,1676182,1675718,464
127715841,26.006,27.5976,430,50639,0.203848,0.11,1,1676364,1675934,430
127718761,30.8024,33.239,427,50681,0.207539,0.11,1,1676398,1675971,427
127721681,25.521,26.4956,427,50723,0.233016,0.09,1,1676420,1675993,427
127724601,36.0084,38.1982,424,50765,0.243206,0.05,1,1676463,1676039,424
127727521,33.6034,33.2793,426,50806,0.247283,0.09,1,1676495,1676069,426
127730441,31.4413,30.7117,427,50847,0.248913,0.11,1,1676525,1676098,427
127733361,26.9765,26.6847,427,50888,0.261565,0.09,1,1676549,1676122,427
127753801,14.1081,13.8578,429,51175,0.405958,0.17,1,1676689,1676260,429
127756721,20.0432,19.3431,430,51216,0.444383,0.17,1,1676713,1676283,430
127870601,26.2164,32.3466,470,52795,0.756649,0.55,2,1677747,1677277,470
127873521,36.8866,26.1387,492,52835,0.76466,0.55,2,1677791,1677299,492
127876441,33.9546,36.8555,480,52875,0.779864,0.55,2,1677823,1677343,480
127879361,32.1818,33.9422,479,52915,0.797946,0.55,2,1677854,1677375,479
127911481,27.7711,27.7023,457,53354,0.91337,0.71,2,1678091,1677634,457
127914401,28.5084,27.8809,458,53393,0.923348,0.73,2,1678120,1677662,458
128129021,174.774,174.204,518,25633,0.9412,1,2,1680147,1679629,518
128301301,60.4339,65.3179,489,30121,0.9232,1,2,1683360,1682871,489
128312981,35.6799,37.0769,496,30401,0.404514,1,1,1683512,1683016,496
128315901,46.072,58.0308,477,30471,0.203806,1,1,1683565,1683088,477
128318821,50.8288,46.0123,493,30540,0.0875222,1,1,1683619,1683126,493
128321741,42.5315,36.4049,500,30609,0.0530089,1,1,1683656,1683156,500
128324661,58.4126,67.962,480,30678,0.0272036,0.93,1,1683725,1683245,480
128327581,55.765,59.5848,480,30747,0.0528814,0.9,1,1683779,1683299,480
128330501,48.706,60.4339,463,30816,0.0631526,0.75,1,1683823,1683360,463
128333421,44.0824,52.3736,457,30885,0.067261,0.63,1,1683864,1683407,457
128336341,36.833,43.7494,451,30954,0.0689044,0.49,1,1683896,1683445,451
128339261,29.1332,36.6998,443,31022,0.0815618,0.29,1,1683920,1683477,443
128342181,27.2533,35.6799,434,31090,0.0866247,0.07,1,1683946,1683512,434
128348021,43.9605,50.8288,423,31226,0.08226,0.03,1,1684042,1683619,423
128350941,39.1842,42.5315,422,31294,0.038904,0.03,1,1684078,1683656,422
128353861,56.4737,17.0126,490,31362,0.0335616,0.01,1,1684146,1683656,490
128356781,58.5895,48.205,481,31429,0.0554246,0.07,1,1684206,1683725,481
128359701,46.2358,51.682,465,31496,0.0641699,0.07,1,1684244,1683779,465
128362621,44.2943,47.0728,464,31563,0.0436679,0.07,1,1684287,1683823,464
128365541,37.5177,43.4291,456,31630,0.0474672,0.07,1,1684320,1683864,456
128368461,30.0071,36.5716,449,31697,0.0969869,0.09,1,1684345,1683896,449
128383061,56.6871,39.1815,490,32029,0.0694699,0.03,1,1684568,1684078,490
128385981,59.8748,56.4726,484,32095,0.057788,0.07,1,1684630,1684146,484
128391821,45.82,46.2356,468,32227,0.0944461,0.03,1,1684712,1684244,468
128406421,41.2538,42.3611,468,32554,0.201924,0.17,1,1684890,1684422,468
128409341,35.1015,41.5445,458,32619,0.20677,0.11,1,1684921,1684463,458
128429781,30.8862,31.0912,429,33070,0.207312,0.15,1,1685201,1684772,429
128432701,26.7545,26.8365,429,33134,0.220925,0.17,1,1685225,1684796,429
128435621,44.3018,43.1346,431,33198,0.23837,0.23,1,1685281,1684850,431
128438541,42.9207,41.2538,433,33262,0.221348,0.21,1,1685323,1684890,433
128441461,35.1683,35.1015,432,33326,0.214539,0.17,1,1685353,1684921,432
128444381,54.2673,55.4406,430,33389,0.235816,0.13,1,1685420,1684990,430
128447301,60.1069,60.5762,430,33452,0.280326,0.13,1,1685484,1685054,430
128450221,25.2428,25.4305,430,33515,0.274131,0.15,1,1685486,1685056,430
128453141,32.2971,32.9722,429,33578,0.295652,0.15,1,1685523,1685094,429
128470661,42.7763,42.9207,432,33955,0.409512,0.21,1,1685755,1685323,432
128473581,35.1105,35.1683,432,34017,0.421805,0.25,1,1685785,1685353,432
128531981,46.8019,27.7045,507,35239,0.773117,0.59,2,1686603,1686096,507
128534901,44.5207,45.2818,493,35299,0.783247,0.59,2,1686646,1686153,493
128537821,37.0083,43.3127,483,35359,0.799299,0.61,2,1686678,1686195,483
128552421,44.659,33.839,505,35657,0.904393,0.67,2,1686909,1686404,505
128555341,19.0636,44.1356,456,35716,0.919757,0.71,2,1686911,1686455,456
128558261,29.2254,38.6542,457,35775,0.901903,0.73,2,1686947,1686490,457
128561181,29.0902,32.2617,458,35834,0.906761,0.77,2,1686976,1686518,458
128564101,28.4361,28.5047,460,35893,0.908704,0.79,2,1687004,1686544,460
128567021,47.3744,46.8019,461,35952,0.945482,0.79,2,1687064,1686603,461
128727621,36.644,37.8235,488,39052,0.9239,1,2,1689257,1688769,488
128748061,29.0462,33.527,475,39430,0.778221,1,2,1689464,1688989,475
128750981,31.4185,32.6108,476,39484,0.785288,1,2,1689497,1689021,476
128780181,18.2832,19.5388,460,40014,0.900328,0.67,2,1689855,1689395,460
128786021,26.6853,13.4462,483,40120,0.927652,0.81,2,1689921,1689438,483
128788941,30.4741,20.9785,490,40173,0.905061,0.79,2,1689954,1689464,490
128791861,42.1897,28.1914,507,40226,0.932024,0.83,2,1690004,1689497,507
129010861,63.0485,67.8703,451,20137,0.0961665,0.05,1,1692795,1692344,451
129013781,69.6194,61.9481,467,20242,0.0804666,0.03,1,1692869,1692402,467
129016701,58.4478,52.9792,471,20347,0.0741866,0.03,1,1692920,1692449,471
129025461,78.3567,78.7507,503,20658,0.220028,0.15,1,1693179,1692676,503
129028381,54.1427,77.7003,464,20761,0.226011,0.05,1,1693217,1692753,464
129040061,71.4229,83.5459,428,21167,0.207434,0.17,1,1693449,1693021,428
129042981,80.1691,83.2184,431,21267,0.268974,0.27,1,1693535,1693104,431
129045901,79.4677,78.2873,435,21367,0.293589,0.23,1,1693614,1693179,435
129048821,52.1871,54.1149,431,21466,0.291436,0.17,1,1693648,1693217,431
129066341,80.5095,79.4675,435,22052,0.437842,0.29,1,1694049,1693614,435
129069261,53.2038,52.187,436,22148,0.433137,0.33,1,1694084,1693648,436
129113061,70.5503,53.5684,533,23543,0.914626,0.69,2,1695059,1694526,533
129115981,60.6201,68.2274,509,23633,0.947851,0.71,2,1695113,1694604,509
129218181,91.7386,67.2584,571,26591,0.903693,1,2,1697214,1696643,571
129297021,77.9071,44.5453,547,28662,0.770584,0.67,2,1698581,1698034,547
129311621,47.929,60.0049,494,29029,0.912432,0.75,2,1698833,1698339,494
129314541,38.9716,46.802,489,29102,0.946973,0.73,2,1698866,1698377,489
129405061,28.9737,26.2686,496,31277,0.939336,1,2,1700357,1699861,496
129407981,33.7895,10.5074,533,31345,0.921735,1,2,1700394,1699861,533
129416741,63.8665,53.7845,549,31547,0.760991,0.98,2,1700598,1700049,549
129445941,61.291,50.1662,533,32211,0.77704,0.71,2,1701058,1700525,533
129448861,46.1164,63.8665,496,32277,0.796816,0.65,2,1701094,1700598,496
129469301,68.9184,32.9222,546,32733,0.900956,0.69,2,1701409,1700863,546
129472221,28.7674,66.5689,459,32798,0.906383,0.77,2,1701411,1700952,459
129475141,33.7069,48.2275,460,32862,0.908553,0.81,2,1701448,1700988,460
129478061,56.6828,61.291,462,32926,0.909421,0.81,2,1701520,1701058,462
129480981,44.2731,46.1164,462,32990,0.933769,0.89,2,1701556,1701094,462
129483901,53.7092,53.2466,464,33054,0.943507,0.87,2,1701616,1701152,464
129486821,44.2837,43.4986,465,33118,0.947403,0.89,2,1701654,1701189,465
129612381,29.2214,42.6123,492,35761,0.9436,1,2,1703460,1702968,492
129621141,41.2542,38.4392,498,35938,0.76479,1,2,1703601,1703103,498
129635741,48.8324,44.9626,497,36232,0.0732938,1,1,1703826,1703329,497
129638661,44.1329,33.585,512,36290,0.0953175,1,1,1703867,1703355,512
129641581,31.4532,44.634,483,36348,0.080127,0.94,1,1703890,1703407,483
129644501,28.7813,34.0536,483,36406,0.0620508,0.93,1,1703917,1703434,483
129647421,24.7125,29.2214,479,36464,0.0308203,1,1,1703939,1703460,479
129650341,33.885,38.0886,475,36522,0.0303281,0.76,1,1703979,1703504,475
129653261,41.754,53.6354,458,36580,0.0181313,0.71,1,1704026,1703568,458
129656181,36.5016,41.2542,458,36638,0.0252525,0.59,1,1704059,1703601,458
129659101,32.0006,38.7017,450,36696,0.028101,0.45,1,1704088,1703638,450
129662021,24.8003,32.8807,441,36754,0.0412404,0.27,1,1704108,1703667,441
129664941,23.1201,29.9523,435,36811,0.0464962,0.03,1,1704130,1703695,435
129667861,59.048,69.5809,422,36868,0.0365985,0.01,1,1704213,1703791,422
129670781,45.8192,48.8324,424,36925,0.0446394,0.11,1,1704250,1703826,424
129673701,42.9277,44.1329,424,36982,0.0358558,0.07,1,1704291,1703867,424
129676621,31.5711,31.4532,425,37039,0.0563423,0.05,1,1704315,1703890,425
129679541,27.0284,28.7813,422,37096,0.0765369,0.01,1,1704339,1703917,422
129682461,24.0114,24.7125,422,37153,0.0366148,0.01,1,1704361,1703939,422
129685381,34.2045,9.885,463,37210,0.0446459,0.03,1,1704402,1703939,463
129688301,40.6818,27.954,468,37267,0.0598584,0.01,1,1704447,1703979,468
129691221,36.6727,39.3816,455,37324,0.0419433,0.03,1,1704481,1704026,455
129694141,32.0691,35.5526,451,37381,0.0587773,0.03,1,1704510,1704059,451
129697061,25.4276,31.6211,443,37438,0.0655109,0.05,1,1704531,1704088,443
129699981,22.1711,24.6484,443,37494,0.0442044,0.05,1,1704551,1704108,443
129702901,58.6684,23.0594,504,37550,0.0356817,0.03,1,1704634,1704130,504
129705821,45.6674,59.0238,458,37606,0.0322727,0.05,1,1704671,1704213,458
129708741,43.4669,45.8095,463,37662,0.0429091,0.03,1,1704713,1704250,463
129711661,32.3868,42.9238,447,37718,0.0591636,0.07,1,1704738,1704291,447
129714581,26.1547,31.5695,445,37774,0.0536655,0.09,1,1704760,1704315,445
129717501,23.6619,27.0278,443,37830,0.0514662,0.01,1,1704782,1704339,443
129720421,34.6648,24.0111,463,37886,0.0865865,0.05,1,1704824,1704361,463
129740861,47.1498,58.6684,461,38275,0.0791725,0.03,1,1705095,1704634,461
129743781,43.4599,45.6674,465,38330,0.085669,0.05,1,1705136,1704671,465
129749621,26.1536,32.3868,445,38440,0.082107,0.05,1,1705183,1704738,445
129752541,24.2614,26.1547,446,38495,0.0748428,0.05,1,1705206,1704760,446
129755461,36.1046,23.6619,468,38550,0.0839371,0.11,1,1705250,1704782,468
129758381,42.0418,34.6648,472,38605,0.0635749,0.11,1,1705296,1704824,472
129761301,18.0167,40.8659,429,38660,0.0554299,0.13,1,1705298,1704869,429
129764221,26.4067,37.3464,426,38715,0.076172,0.11,1,1705330,1704904,426
129767141,29.7627,33.5385,427,38770,0.0604688,0.13,1,1705362,1704935,427
129770061,23.3051,24.2154,428,38824,0.0661875,0.13,1,1705381,1704953,428
129772981,21.322,21.6862,428,38878,0.092475,0.17,1,1705401,1704973,428
129778821,46.0115,47.1498,425,38986,0.068796,0.09,1,1705520,1705095,425
129781741,43.6046,43.4599,426,39040,0.0935184,0.11,1,1705562,1705136,426
129784661,31.8418,32.384,425,39094,0.0914074,0.07,1,1705586,1705161,425
129802181,26.2509,26.4067,424,39418,0.200152,0.05,1,1705754,1705330,424
129805101,29.7003,29.7627,424,39472,0.218061,0.07,1,1705786,1705362,424
129808021,23.8801,23.3051,425,39526,0.249224,0.11,1,1705806,1705381,425
129810941,21.5521,21.322,425,39579,0.27369,0.15,1,1705826,1705401,425
129851821,61.0844,20.544,520,40320,0.410911,0.33,1,1706346,1705826,520
129854741,45.4338,58.0176,472,40372,0.422365,0.35,1,1706381,1705909,472
129857661,43.3735,43.607,480,40424,0.426946,0.31,1,1706423,1705943,480
129860581,31.7494,43.8428,460,40476,0.428778,0.29,1,1706447,1705987,460
129863501,25.8998,32.5371,457,40528,0.441511,0.33,1,1706469,1706012,457
129866421,25.9599,26.2149,461,40580,0.446605,0.35,1,1706495,1706034,461
129907301,39.286,25.9599,491,41302,0.753429,0.49,2,1706986,1706495,491
129910221,46.3144,36.784,498,41353,0.763372,0.55,2,1707037,1706539,498
129913141,19.7258,44.7136,450,41404,0.767349,0.55,2,1707039,1706589,450
129916061,28.8903,19.0854,483,41455,0.756939,0.57,2,1707074,1706591,483
129918981,31.9561,28.0342,483,41506,0.752776,0.59,2,1707108,1706625,483
129921901,13.9824,30.4137,453,41557,0.77511,0.63,2,1707110,1706657,453
129924821,17.593,24.1655,453,41608,0.784044,0.63,2,1707130,1706677,453
129930661,62.3349,62.5465,455,41710,0.798647,0.69,2,1707243,1706788,455
129939421,32.8614,31.843,459,41862,0.799193,0.73,2,1707348,1706889,459
129956941,28.3651,28.8903,459,42162,0.905829,0.75,2,1707533,1707074,459
129959861,32.9461,31.9561,461,42212,0.908332,0.79,2,1707569,1707108,461
129962781,14.3784,13.9824,461,42262,0.909333,0.79,2,1707571,1707110,461
129965701,17.7514,17.593,461,42312,0.945733,0.83,2,1707591,1707130,461
130126301,32.27,30.6909,511,44973,0.9052,1,2,1709494,1708983,511
130137981,30.0149,44.1633,488,45161,0.764053,1,2,1709596,1709108,488
130152581,35.764,32.3818,499,45396,0.439008,1,1,1709777,1709278,499
130161341,44.9129,45.9684,482,45534,0.253457,1,1,1709879,1709397,482
130164261,31.1652,38.1874,471,45580,0.251383,0.93,1,1709901,1709430,471
130167181,29.2661,35.675,465,45626,0.238553,0.87,1,1709929,1709464,465
130170101,27.9064,32.27,462,45672,0.221421,0.85,1,1709956,1709494,462
130173021,21.9626,23.108,463,45718,0.214568,0.89,1,1709974,1709511,463
130181781,29.1976,30.0149,456,45856,0.237652,0.65,1,1710052,1709596,456
130184701,30.879,35.406,449,45902,0.209061,0.55,1,1710084,1709635,449
130187621,29.7516,34.5624,444,45948,0.233624,0.55,1,1710113,1709669,444
130190541,29.9006,13.825,474,45994,0.20745,0.53,1,1710143,1709669,474
130193461,35.9603,21.73,487,46040,0.23298,0.43,1,1710183,1709696,487
130196381,34.7841,38.092,472,46086,0.219192,0.41,1,1710217,1709745,472
130199301,25.9136,34.4368,460,46132,0.213677,0.31,1,1710237,1709777,460
130202221,21.1655,28.1747,454,46178,0.283471,0.29,1,1710255,1709801,454
130205141,41.4662,22.0699,491,46224,0.275388,0.21,1,1710310,1709819,491
130208061,29.7865,44.828,453,46270,0.272155,0.25,1,1710332,1709879,453
130210981,29.9146,31.1312,461,46316,0.258862,0.23,1,1710362,1709901,461
130213901,26.3658,29.2525,457,46362,0.277545,0.21,1,1710386,1709929,457
130216821,19.5463,27.901,445,46407,0.249018,0.21,1,1710401,1709956,445
130219741,13.8185,21.9604,437,46452,0.273607,0.17,1,1710411,1709974,437
130240181,35.3677,35.9603,467,46767,0.416296,0.21,1,1710650,1710183,467
130243101,27.3471,34.7841,455,46812,0.436518,0.21,1,1710672,1710217,455
130246021,21.7388,25.9136,453,46857,0.444607,0.33,1,1710690,1710237,453
130260621,20.6984,26.3658,450,47082,0.439788,0.23,1,1710836,1710386,450
130321941,32.5664,32.7848,449,48013,0.773768,0.53,2,1711435,1710986,449
130324861,28.6266,29.3139,448,48057,0.783507,0.57,2,1711461,1711013,448
130327781,12.6506,12.9256,448,48101,0.799403,0.61,2,1711463,1711015,448
130342381,43.4351,41.6072,453,48321,0.927895,0.67,2,1711642,1711189,453
130345301,29.3741,28.6429,453,48365,0.929158,0.67,2,1711662,1711209,453
130348221,30.3496,29.4572,454,48409,0.941663,0.65,2,1711693,1711239,454
130351141,26.5398,26.1829,454,48453,0.934665,0.67,2,1711717,1711263,454
130356981,14.5664,14.7493,453,48539,0.940346,0.69,2,1711745,1711292,453
130359901,35.8266,34.0997,456,48582,0.910139,0.75,2,1711795,1711339,456
130362821,35.9306,34.0399,458,48625,0.910055,0.77,2,1711831,1711373,458
130365741,31.1722,30.416,458,48668,0.910022,0.79,2,1711859,1711401,458
130608101,112.811,109.584,501,24266,0.40077,0.98,1,1714367,1713866,501
130625621,28.4476,40.6377,454,24785,0.42917,0.35,1,1714664,1714210,454
130660661,55.5384,68.0918,493,25792,0.754722,0.59,2,1715369,1714876,493
130663581,57.0154,54.2367,506,25874,0.787889,0.59,2,1715427,1714921,506
130675261,53.9428,29.7085,521,26200,0.90121,0.63,2,1715629,1715108,521
130678181,65.9771,53.2834,526,26281,0.930484,0.65,2,1715703,1715177,526
130681101,72.5908,65.1134,530,26362,0.930194,0.69,2,1715780,1715250,530
130789141,47.8202,64.1017,508,29186,0.934,1,2,1717711,1717203,508
130792061,65.9281,50.8407,544,29259,0.7996,1,2,1717789,1717245,544
130806661,36.0607,51.4755,511,29619,0.420095,1,1,1718037,1717526,511
130815421,41.5239,65.5504,496,29832,0.275766,0.89,1,1718171,1717675,496
130818341,17.8096,47.8202,462,29903,0.272306,0.71,1,1718173,1717711,462
130821261,50.9238,65.9281,457,29974,0.234923,0.57,1,1718246,1717789,457
130824181,77.9695,89.3712,448,30045,0.243969,0.53,1,1718342,1717894,448
130830021,39.8351,42.3794,448,30185,0.201035,0.45,1,1718411,1717963,448
130838781,31.7574,33.0243,441,30395,0.209906,0.33,1,1718509,1718068,441
130841701,52.303,55.8097,436,30465,0.233962,0.23,1,1718575,1718139,436
130844621,38.3212,41.5239,433,30534,0.243585,0.27,1,1718604,1718171,433
130847541,16.5285,17.8096,433,30603,0.247434,0.21,1,1718606,1718173,433
130850461,48.6114,50.9238,430,30672,0.248974,0.25,1,1718676,1718246,430
130853381,78.2446,77.9695,432,30741,0.261589,0.15,1,1718774,1718342,432
130856301,54.0978,54.5878,431,30810,0.266636,0.21,1,1718812,1718381,431
130859221,39.6391,39.8351,431,30879,0.280654,0.19,1,1718842,1718411,431
130867981,33.1129,31.7574,431,31084,0.400762,0.25,1,1718940,1718509,431
130870901,53.4452,52.303,432,31152,0.442305,0.25,1,1719007,1718575,432
130914701,55.2461,77.1936,485,32155,0.763584,0.53,2,1719691,1719206,485
130917621,42.4984,53.6775,481,32221,0.791434,0.59,2,1719725,1719244,481
130949741,35.969,42.4984,462,32936,0.91309,0.81,2,1720187,1719725,462
130952661,38.9876,40.9994,463,33000,0.935236,0.85,2,1720228,1719765,463
131072381,48.1034,75.7597,505,35533,0.7564,1,2,1722018,1721513,505
131084061,31.9466,38.4434,502,35769,0.278708,1,1,1722141,1721639,502
131089901,29.3515,33.271,490,35887,0.0841933,1,1,1722194,1721704,490
131092821,45.9406,56.5084,475,35946,0.0396773,1,1,1722251,1721776,475
131095741,53.7762,46.6034,494,36005,0.0338709,1,1,1722310,1721816,494
131098661,30.5105,34.2413,483,36064,0.0435484,1,1,1722325,1721842,483
131101581,33.8042,41.8965,472,36123,0.0354193,0.81,1,1722361,1721889,472
131104501,64.5217,76.7586,457,36182,0.0321677,0.67,1,1722446,1721989,457
131107421,39.6087,48.1034,451,36240,0.0308671,0.61,1,1722469,1722018,451
131110341,32.0435,36.0414,450,36298,0.0543468,0.47,1,1722496,1722046,450
131113261,26.6174,32.4166,443,36356,0.0637387,0.27,1,1722519,1722076,443
131116181,24.447,33.3666,432,36414,0.0554955,0.21,1,1722542,1722110,432
131119101,24.1788,31.9466,425,36472,0.0761982,0.09,1,1722566,1722141,425
131124941,26.6686,29.3515,422,36588,0.0853917,0.01,1,1722616,1722194,422
131127861,45.4674,45.9406,423,36646,0.0761567,0.03,1,1722674,1722251,423
131130781,52.987,53.7762,422,36704,0.0484627,0.05,1,1722732,1722310,422
131133701,30.1948,30.5105,422,36762,0.0493851,0.03,1,1722747,1722325,422
131136621,33.6779,33.8042,422,36819,0.037754,0.03,1,1722783,1722361,422
131139541,64.4712,64.5217,422,36876,0.0451016,0.03,1,1722868,1722446,422
131142461,39.5885,39.6087,422,36933,0.0360406,0.07,1,1722891,1722469,422
131145381,33.2354,32.0435,424,36990,0.0324163,0.07,1,1722920,1722496,424
131148301,26.4942,26.6174,423,37047,0.0789665,0.05,1,1722942,1722519,423
131151221,25.5977,24.447,425,37104,0.0855866,0.09,1,1722967,1722542,425
131154141,25.2391,24.1788,426,37161,0.0762346,0.09,1,1722992,1722566,426
131157061,22.0956,9.67151,446,37218,0.0964939,0.13,1,1723012,1722566,446
131162901,44.3353,24.3474,479,37332,0.083839,0.07,1,1723095,1722616,479
131165821,52.5341,44.539,479,37389,0.0755356,0.03,1,1723153,1722674,479
131168741,30.0136,52.6156,436,37446,0.0602142,0.05,1,1723168,1722732,436
131171661,33.6055,30.0462,457,37502,0.0780857,0.03,1,1723204,1722747,457
131174581,65.6422,33.6185,508,37558,0.0732343,0.05,1,1723291,1722783,508
131177501,38.8569,64.4474,444,37614,0.0592937,0.03,1,1723312,1722868,444
131180421,32.9427,39.579,450,37670,0.0297175,0.03,1,1723341,1722891,450
131183341,28.1771,33.2316,446,37726,0.029887,0.11,1,1723366,1722920,446
131186261,26.8708,26.4926,450,37782,0.0299548,0.09,1,1723392,1722942,450
131189181,25.1483,25.5971,449,37838,0.0419819,0.07,1,1723416,1722967,449
131192101,23.8593,25.2388,447,37894,0.0827928,0.11,1,1723439,1722992,447
131195021,22.7437,22.0955,449,37950,0.0991171,0.11,1,1723461,1723012,449
131197941,42.0975,23.8382,479,38006,0.0576468,0.07,1,1723516,1723037,479
131200861,52.239,44.3353,480,38062,0.0530587,0.07,1,1723575,1723095,480
131203781,30.4956,52.5341,438,38118,0.0392235,0.05,1,1723591,1723153,438
131206701,33.7982,30.0136,459,38173,0.0456894,0.09,1,1723627,1723168,459
131209621,66.3193,33.6055,511,38228,0.0722758,0.07,1,1723715,1723204,511
131212541,37.3277,65.6422,442,38283,0.0829103,0.05,1,1723733,1723291,442
131215461,32.9311,38.8569,451,38338,0.0751641,0.01,1,1723763,1723312,451
131218381,28.1724,32.9427,447,38393,0.0600656,0.03,1,1723788,1723341,447
131221301,26.869,28.1771,448,38448,0.0540263,0.03,1,1723814,1723366,448
131224221,26.3476,26.8708,448,38503,0.0516105,0.05,1,1723840,1723392,448
131227141,25.539,25.1483,449,38558,0.0386442,0.11,1,1723865,1723416,449
131230061,23.4156,23.8593,448,38613,0.0454577,0.11,1,1723887,1723439,448
131232981,10.5662,22.7437,428,38668,0.0481831,0.03,1,1723889,1723461,428
131235901,35.4265,42.0975,425,38723,0.0732732,0.05,1,1723941,1723516,425
131241741,28.9482,30.4956,423,38832,0.0969237,0.05,1,1724014,1723591,423
131273861,35.4463,35.4265,424,39426,0.208361,0.13,1,1724365,1723941,424
131285541,67.205,67.1517,428,39639,0.216102,0.17,1,1724569,1724141,428
131288461,37.682,37.6607,428,39692,0.248441,0.19,1,1724587,1724159,428
131291381,33.0728,32.4643,429,39745,0.273376,0.19,1,1724617,1724188,429
131294301,27.6291,27.3857,429,39798,0.295351,0.15,1,1724641,1724212,429
131314741,48.4989,32.8985,488,40169,0.401548,0.17,1,1724853,1724365,488
131317661,28.9996,48.5594,445,40222,0.406619,0.19,1,1724869,1724424,445
131320581,35.5998,29.6238,468,40274,0.432648,0.15,1,1724909,1724441,468
131378981,26.4718,26.5523,474,41308,0.761152,0.55,2,1725603,1725129,474
131381901,23.7887,26.2209,470,41359,0.778461,0.55,2,1725625,1725155,470
131384821,10.7155,23.6884,450,41410,0.797384,0.55,2,1725627,1725177,450
131387741,40.8862,10.6753,509,41461,0.780954,0.59,2,1725688,1725179,509
131390661,49.9545,39.6701,506,41512,0.774381,0.59,2,1725744,1725238,506
131393581,21.1818,49.4681,452,41563,0.771753,0.61,2,1725746,1725294,452
131396501,20.4727,30.5872,454,41614,0.770701,0.65,2,1725766,1725312,454
131425701,11.2159,10.7155,462,42118,0.907806,0.77,2,1726089,1725627,462
131428621,39.8864,40.8862,460,42168,0.909122,0.77,2,1726148,1725688,460
131431541,49.5545,49.9545,460,42218,0.921649,0.77,2,1726204,1725744,460
131437381,20.4087,20.4727,460,42318,0.938264,0.87,2,1726226,1725766,460
131451981,29.8135,30.1136,463,42568,0.945675,0.85,2,1726446,1725983,463
131586301,32.7669,30.3597,509,44790,0.911853,1,2,1727990,1727481,509
131612581,42.776,47.1564,491,45213,0.402872,1,1,1728312,1727821,491
131630101,26.9654,32.7669,470,45492,0.25884,0.85,1,1728460,1727990,470
131633021,20.9861,27.5068,463,45538,0.229536,0.84,1,1728477,1728014,463
131635941,11.3945,15.2027,461,45584,0.205814,0.77,1,1728482,1728021,461
131638861,41.1578,39.6811,466,45630,0.208326,0.65,1,1728543,1728077,466
131641781,30.8631,33.8724,460,45676,0.23333,0.67,1,1728567,1728107,460
131644701,24.9452,32.749,449,45722,0.231332,0.59,1,1728588,1728139,449
131647621,30.9781,33.4996,450,45768,0.218533,0.59,1,1728623,1728173,450
131650541,28.5912,32.5998,445,45814,0.261413,0.45,1,1728650,1728205,445
131653461,54.6365,57.4399,443,45860,0.266565,0.33,1,1728722,1728279,443
131656381,38.0546,42.776,437,45906,0.280626,0.33,1,1728749,1728312,437
131659301,31.4218,17.1104,464,45952,0.29825,0.39,1,1728776,1728312,464
131697261,57.8046,28.5911,508,46546,0.406566,0.27,1,1729158,1728650,508
131700181,38.7218,54.6364,462,46591,0.432626,0.29,1,1729184,1728722,462
131799461,13.6614,13.9001,449,48105,0.765761,0.55,2,1730138,1729689,449
131802381,12.6646,12.76,449,48149,0.756304,0.55,2,1730150,1729701,449
131825741,22.1965,22.2456,451,48500,0.900224,0.61,2,1730355,1729904,451
131834501,62.4286,59.6477,456,48629,0.941534,0.73,2,1730509,1730053,456
132003861,320.06,339.959,484,23360,0.934,1,2,1732167,1731683,484
132006781,180.224,170.184,514,23451,0.9076,1,2,1732254,1731740,514
132009701,100.89,105.873,499,23541,0.90904,1,2,1732302,1731803,499
132018461,65.5209,66.0319,503,23810,0.922419,0.91,2,1732543,1732040,503
132117741,41.6887,61.7852,506,26669,0.946864,1,2,1734533,1734027,506
132120661,37.6755,41.5141,513,26748,0.912746,1,2,1734568,1734055,513
132132341,72.4173,83.6516,490,27063,0.771542,0.96,2,1734787,1734297,490
132135261,82.3669,95.2606,476,27141,0.770617,1,2,1734876,1734400,476
132138181,56.3468,60.3042,478,27219,0.770247,0.96,2,1734915,1734437,478
132141101,57.3387,66.7217,465,27297,0.782099,0.93,2,1734973,1734508,465
132307541,42.8576,38.3781,523,31412,0.7852,1,2,1737827,1737304,523
132316301,45.3189,44.4802,522,31613,0.426813,1,1,1737942,1737420,522
132325061,75.1884,46.5747,575,31814,0.098116,1,1,1738119,1737544,575
132327981,69.6754,76.2299,545,31881,0.0692464,1,1,1738185,1737640,545
132330901,47.6701,74.892,504,31947,0.0576986,1,1,1738218,1737714,504
132333821,36.4681,50.3568,499,32013,0.0650794,0.93,1,1738247,1737748,499
132336741,35.5872,41.1427,499,32079,0.0800318,0.67,1,1738282,1737783,499
132339661,28.0349,42.8571,478,32145,0.0740127,0.61,1,1738305,1737827,478
132342581,26.214,35.7428,472,32211,0.0596051,0.55,1,1738330,1737858,472
132345501,38.6856,32.2971,489,32277,0.065842,0.31,1,1738377,1737888,489
132348421,32.8742,45.3189,464,32343,0.0803368,0.25,1,1738406,1737942,464
132351341,37.1497,37.9275,471,32408,0.0861347,0.07,1,1738446,1737975,471
132354261,71.8599,43.971,518,32473,0.0524539,0.05,1,1738541,1738023,518
132357181,68.344,75.1884,488,32538,0.0389816,0.05,1,1738607,1738119,488
132360101,48.3376,69.6754,457,32603,0.0575926,0.05,1,1738642,1738185,457
132380541,32.7411,32.8742,426,33054,0.203748,0.09,1,1738832,1738406,426
132383461,37.6964,37.1497,427,33118,0.231499,0.03,1,1738873,1738446,427
132386381,72.0786,71.8599,427,33182,0.2426,0.03,1,1738968,1738541,427
132415581,38.8658,37.6964,434,33814,0.0714269,0.25,1,1739307,1738873,434
132444781,32.7541,35.6285,455,34435,0.204074,0.09,1,1739688,1739233,455
132450621,72.5607,38.5806,519,34557,0.216252,0.15,1,1739826,1739307,519
132453541,65.6243,71.2322,487,34618,0.284501,0.15,1,1739887,1739400,487
132471061,23.8712,19.0319,456,34984,0.431332,0.17,1,1740042,1739586,456
132549901,38.8954,37.7841,458,36580,0.908795,0.87,2,1741065,1740607,458
132552821,77.9582,74.5137,463,36638,0.921518,0.83,2,1741169,1740706,463
132555741,73.7833,71.8055,464,36696,0.938607,0.89,2,1741240,1740776,464
132558661,49.9133,49.1222,464,36754,0.921443,0.85,2,1741274,1740810,464
132561581,41.5653,41.2489,464,36811,0.926577,0.91,2,1741310,1740846,464
132716341,30.756,29.8546,496,39738,0.93448,1,2,1743316,1742820,496
132736781,42.5885,64.5711,480,40109,0.439283,1,1,1743546,1743066,480
132742621,47.3742,58.3314,509,40215,0.258685,1,1,1743655,1743146,509
132765981,23.3425,30.8542,471,40632,0.0991436,0.57,1,1743887,1743416,471
132780581,44.9347,58.4353,474,40892,0.229639,0.19,1,1744089,1743615,474
132783501,34.1739,47.3741,461,40944,0.229856,0.15,1,1744116,1743655,461
132786421,34.6696,39.3496,462,40996,0.241942,0.09,1,1744151,1743689,462
132789341,31.2678,37.9399,454,41047,0.270777,0.11,1,1744180,1743726,454
132812701,40.6058,24.8548,480,41455,0.411795,0.21,1,1744416,1743936,480
132815621,54.6423,39.3419,495,41506,0.422718,0.21,1,1744480,1743985,495
132818541,23.0569,55.3368,431,41557,0.427087,0.25,1,1744482,1744051,431
132874021,29.9148,28.3651,450,42512,0.773505,0.59,2,1745091,1744641,450
132876941,33.5659,32.346,451,42562,0.795402,0.63,2,1745127,1744676,451
132879861,35.0264,33.3384,453,42612,0.792161,0.69,2,1745163,1744710,453
132888621,24.7537,24.5497,454,42760,0.900538,0.65,2,1745234,1744780,454
132894461,42.0006,41.9679,454,42858,0.922886,0.73,2,1745313,1744859,454
132897381,57.0002,55.1872,457,42907,0.903154,0.69,2,1745380,1744923,457
132926581,24.2122,30.176,482,43397,0.900681,0.91,2,1745672,1745190,482
132929501,25.2849,22.8704,490,43446,0.906272,0.91,2,1745698,1745208,490
132932421,25.714,24.7482,490,43495,0.908509,0.87,2,1745724,1745234,490
132935341,43.2856,25.4993,519,43544,0.909404,0.95,2,1745779,1745260,519
132938261,55.7142,41.9997,530,43592,0.933761,0.89,2,1745843,1745313,530
132941181,23.4857,56.9999,465,43640,0.943505,0.89,2,1745845,1745380,465
132944101,34.5943,24,505,43688,0.947402,0.85,2,1745887,1745382,505
133133901,312.705,338.127,482,20440,0.406,0.88,1,1747988,1747506,482
133139741,117.953,125.62,488,21370,0.09496,0.33,1,1748151,1747663,488
133142661,86.1811,107.848,457,21469,0.055984,0.23,1,1748216,1747759,457
133145581,79.4724,86.9392,459,21568,0.0283936,0.07,1,1748291,1747832,459
133148501,82.189,70.7757,483,21666,0.0293574,0.03,1,1748375,1747892,483
133151421,47.2756,72.7103,433,21764,0.041743,0.05,1,1748399,1747966,433
133154341,26.7102,40.4841,427,21861,0.0706972,0.05,1,1748412,1747985,427
133157261,59.8841,67.7936,423,21958,0.0582789,0.03,1,1748494,1748071,423
133160181,73.7536,75.1175,426,22055,0.0653116,0.03,1,1748577,1748151,426
133166021,73.2406,72.6188,425,22247,0.0812498,0.03,1,1748716,1748291,425
133192301,48.2418,78.9303,453,23091,0.203575,0.15,1,1749252,1748799,453
133195221,26.4967,46.5721,440,23183,0.20743,0.19,1,1749264,1748824,440
133198141,57.3987,25.8289,506,23274,0.220972,0.13,1,1749342,1748836,506
133201061,73.9595,57.7315,512,23365,0.262389,0.11,1,1749427,1748915,512
133230261,69.9547,71.7135,437,24257,0.432958,0.33,1,1750004,1749567,437
133256541,84.1384,82.5819,446,25032,0.759671,0.53,2,1750541,1750095,446
133259461,49.2553,48.6328,446,25117,0.753868,0.53,2,1750567,1750121,446
133262381,26.9021,26.6531,446,25201,0.787547,0.61,2,1750579,1750133,446
133276981,75.2659,51.9459,534,25619,0.914986,0.75,2,1750907,1750373,534
133408381,43.8589,52.6338,523,29105,0.778096,1,2,1753365,1752842,523
133411301,57.1436,52.2535,537,29178,0.761238,1,2,1753431,1752894,537
133414221,39.6574,56.3014,506,29251,0.754495,1,2,1753459,1752953,506
133446341,39.8452,49.463,449,30037,0.296484,0.53,1,1753964,1753515,449
133458021,71.724,75.4743,438,30317,0.419382,0.37,1,1754189,1753751,438
133460941,50.8896,51.7897,439,30387,0.413753,0.29,1,1754226,1753787,439
133463861,41.3558,43.5159,436,30457,0.447501,0.31,1,1754261,1753825,436
133516421,73.851,58.195,535,31683,0.761292,0.67,2,1755083,1754548,535
133519341,51.1404,73.078,488,31750,0.766517,0.61,2,1755119,1754631,488
133522261,42.6562,51.4312,488,31817,0.756607,0.63,2,1755156,1754668,488
133525181,56.6625,42.1725,518,31883,0.776643,0.65,2,1755222,1754704,518
133528101,23.865,55.869,455,31949,0.784657,0.65,2,1755224,1754769,455
133531021,22.746,23.5476,475,32015,0.799863,0.61,2,1755246,1754771,475
133536861,42.5194,41.9276,496,32147,0.901978,0.73,2,1755345,1754849,496
133539781,41.6077,40.171,498,32213,0.942791,0.73,2,1755386,1754888,498
133650741,54.8792,42.9592,538,34620,0.94,1,2,1757104,1756566,538
133656581,33.9807,39.6335,502,34742,0.778,1,2,1757164,1756662,502
133668261,36.1019,30.1554,517,34986,0.404349,1,1,1757297,1756780,517
133671181,42.0408,31.8622,530,35046,0.23974,1,1,1757343,1756813,530
133682861,48.4138,41.1981,527,35286,0.0941213,0.9,1,1757567,1757040,527
133685781,33.7655,54.8792,487,35346,0.0676485,0.79,1,1757591,1757104,487
133688701,28.5062,39.9517,482,35406,0.0570594,0.73,1,1757616,1757134,482
133691621,25.8025,33.9807,476,35466,0.0768238,0.63,1,1757640,1757164,476
133694541,27.721,31.5923,475,35526,0.0847295,0.59,1,1757669,1757194,475
133697461,30.2884,30.6369,477,35586,0.0878918,0.49,1,1757701,1757224,477
133709141,71.7962,82.2163,423,35822,0.200634,0.15,1,1757875,1757452,423
133712061,46.1185,49.0865,425,35881,0.230254,0.13,1,1757904,1757479,425
133714981,38.8474,40.0346,425,35940,0.218101,0.07,1,1757938,1757513,425
133723741,29.3902,28.5062,426,36117,0.201878,0.09,1,1758042,1757616,426
133726661,25.5561,25.8025,425,36176,0.218751,0.09,1,1758065,1757640,425
133729581,28.2224,27.721,426,36234,0.261501,0.09,1,1758095,1757669,426
133744181,73.272,71.7962,431,36524,0.406694,0.25,1,1758306,1757875,431
133747101,47.3088,46.1185,432,36582,0.444678,0.21,1,1758336,1757904,432
133770461,32.3925,31.8756,437,37041,0.431459,0.35,1,1758598,1758161,437
133773381,14.157,13.9502,437,37098,0.442584,0.39,1,1758600,1758163,437
133776301,32.0628,30.1801,440,37155,0.435033,0.39,1,1758644,1758204,440
133817181,51.7743,75.225,481,37944,0.76928,0.53,2,1759229,1758748,481
133820101,41.7097,49.29,484,38000,0.781712,0.59,2,1759264,1758780,484
133823021,49.0839,40.116,504,38056,0.798685,0.61,2,1759318,1758814,504
133852221,51.9751,78.4358,492,38607,0.92978,0.79,2,1759687,1759195,492
133855141,21.99,51.7743,460,38662,0.941912,0.79,2,1759689,1759229,460
134247881,112.823,129.171,462,20647,0.0892,0.07,1,1764479,1764017,462
134250801,79.3294,93.6682,449,20750,0.05368,0,1,1764536,1764087,449
134253721,83.3318,86.0673,454,20852,0.051472,0.01,1,1764622,1764168,454
134256641,65.7327,71.0269,447,20954,0.0385888,0.05,1,1764676,1764229,447
134259561,49.6931,55.4108,441,21055,0.0334355,0.13,1,1764715,1764274,441
134262481,36.0772,37.7643,442,21156,0.0553742,0.03,1,1764742,1764300,442
134265401,71.4309,83.5057,423,21256,0.0881497,0.03,1,1764837,1764414,423
134274161,75.7076,76.8644,422,21554,0.0874816,0.03,1,1765044,1764622,422
134277081,63.283,63.1457,423,21652,0.0649926,0.03,1,1765099,1764676,423
134280001,48.7132,48.6583,423,21750,0.0559971,0.07,1,1765138,1764715,423
134282921,36.8853,35.6633,425,21848,0.0403988,0.11,1,1765167,1764742,425
134285841,72.3541,71.2653,426,21945,0.0581595,0.19,1,1765263,1764837,426
134288761,70.3416,68.1061,429,22042,0.0892638,0.19,1,1765332,1764903,429
134294601,72.5747,75.697,422,22234,0.0874822,0.05,1,1765466,1765044,422
134297521,62.0299,63.2788,422,22329,0.0649929,0.05,1,1765521,1765099,422
134300441,48.2119,48.7115,422,22424,0.0319972,0.03,1,1765560,1765138,422
134303361,36.6848,36.8846,422,22519,0.0307989,0.03,1,1765589,1765167,422
134306281,74.0739,14.7538,521,22613,0.0783195,0.07,1,1765688,1765167,521
134309201,71.0296,63.5015,494,22707,0.0973278,0.11,1,1765757,1765263,494
134312121,60.2118,66.8006,478,22800,0.0929311,0.13,1,1765810,1765332,478
134317961,60.7539,72.0081,476,22986,0.052069,0.05,1,1765942,1765466,476
134320881,47.7016,61.8032,460,23078,0.0388276,0.01,1,1765981,1765521,460
134323801,36.4806,48.1213,450,23170,0.021531,0.03,1,1766010,1765560,450
134326721,75.7922,36.6485,523,23261,0.0386124,0.11,1,1766112,1765589,523
134329641,72.3169,74.0594,494,23352,0.093445,0.11,1,1766182,1765688,494
134335481,71.9307,60.2095,505,23533,0.205751,0.13,1,1766315,1765810,505
134347161,76.3134,36.4806,525,23891,0.0780832,0.05,1,1766535,1766010,525
134350081,74.9254,75.7922,497,23980,0.0732333,0.13,1,1766609,1766112,497
134353001,31.1701,72.3169,429,24068,0.0712933,0.17,1,1766611,1766182,429
134355921,46.6681,61.3268,432,24156,0.0945173,0.25,1,1766668,1766236,432
134361761,54.3869,58.7723,431,24331,0.227523,0.17,1,1766796,1766365,431
134364681,42.1548,45.7089,428,24418,0.265009,0.13,1,1766830,1766402,428
134367601,33.6619,36.2836,426,24505,0.280004,0.03,1,1766858,1766432,426
134379281,47.8777,46.6681,427,24849,0.4108,0.21,1,1767095,1766668,427
134385121,56.3804,54.3869,433,25019,0.419728,0.29,1,1767229,1766796,433
134388041,43.5522,42.1548,434,25104,0.413891,0.29,1,1767264,1766830,434
134390961,35.4209,33.6619,436,25188,0.411556,0.33,1,1767294,1766858,436
134399721,31.7869,31.1944,438,25440,0.44418,0.33,1,1767474,1767036,438
134434761,44.7779,57.6416,482,26421,0.75305,0.53,2,1768152,1767670,482
134437681,37.7112,44.0566,480,26501,0.78722,0.53,2,1768185,1767705,480
134455201,32.0253,72.8619,458,26977,0.913825,0.73,2,1768526,1768068,458
134458121,41.6101,57.9447,458,27056,0.93553,0.79,2,1768574,1768116,458
134604121,277.511,222.464,594,13302,0.227632,0.77,1,1771358,1770764,594
134609961,92.7618,132.794,455,13620,0.0832211,0.43,1,1771477,1771022,455
134612881,84.5047,68.7177,508,13776,0.0632884,0.21,1,1771556,1771048,508
134626021,71.5597,77.2089,425,14531,0.236702,0.19,1,1771981,1771556,425
134634781,74.4918,68.7814,483,14965,0.405629,0.19,1,1772332,1771849,483
134637701,79.5967,58.7125,514,15107,0.432252,0.27,1,1772415,1771901,514
134640621,33.0387,71.485,436,15248,0.442901,0.43,1,1772417,1771981,436
134663981,73.3527,72.0984,454,16328,0.913364,0.77,2,1773228,1772774,454
134666901,82.7411,79.8394,458,16458,0.911345,0.73,2,1773317,1772859,458
134669821,34.2964,33.1357,458,16587,0.910538,0.73,2,1773319,1772861,458
134674201,84.9274,153.502,464,16842,0.905286,0.93,2,1773572,1773108,464
134677121,75.971,102.201,466,16968,0.932114,0.93,2,1773642,1773176,466
134742821,63.8484,41.3446,529,19643,0.7924,1,2,1775539,1775010,529
134748661,87.3757,56.2951,576,19858,0.288784,1,1,1775703,1775127,576
134754501,105.42,52.9272,621,20071,0.0762054,1,1,1775877,1775256,621
134757421,94.368,108.171,563,20177,0.0364822,0.81,1,1775964,1775401,563
134760341,53.9472,103.868,489,20282,0.0445929,0.73,1,1775991,1775502,489
134763261,49.7789,63.7473,499,20387,0.0598372,0.45,1,1776038,1775539,499
134769101,50.0846,87.3596,458,20595,0.224374,0.05,1,1776161,1775703,458
134774941,94.2935,105.418,510,20800,0.0730998,0.01,1,1776387,1775877,510
134777861,54.5174,94.367,451,20902,0.0712399,0.05,1,1776415,1775964,451
134780781,51.807,53.9468,474,21003,0.058496,0.07,1,1776465,1775991,474
134783701,21.9228,49.7787,429,21104,0.0533984,0.17,1,1776467,1776038,429
134786621,63.3691,72.7115,432,21205,0.0753594,0.29,1,1776558,1776126,432
134792461,97.2591,102.234,425,21405,0.0732575,0.05,1,1776723,1776298,425
134795381,91.7036,94.2935,424,21504,0.035303,0.07,1,1776811,1776387,424
134798301,55.2814,54.5174,427,21603,0.0441212,0.05,1,1776842,1776415,427
134801221,50.3126,51.807,424,21701,0.0476485,0.05,1,1776889,1776465,424
134804141,21.325,21.9228,424,21799,0.0730594,0.09,1,1776891,1776467,424
134807061,64.93,63.3691,427,21896,0.0952238,0.13,1,1776985,1776558,427
134809981,46.372,45.1476,428,21993,0.0920895,0.05,1,1777019,1776591,428
134812901,95.3488,97.2591,424,22089,0.0908358,0.01,1,1777147,1776723,424
134815821,90.9395,91.7036,424,22185,0.0423343,0.05,1,1777235,1776811,424
134818741,55.5758,55.2814,425,22281,0.0469337,0.05,1,1777267,1776842,425
134821661,49.8303,50.3126,424,22376,0.0727735,0.09,1,1777313,1776889,424
134824581,21.1321,21.325,424,22471,0.0831094,0.11,1,1777315,1776891,424
134850861,47.1595,65.389,460,23306,0.229243,0.11,1,1777870,1777410,460
134853781,95.6638,46.5556,554,23397,0.277697,0.15,1,1777998,1777444,554
134856701,88.6655,94.2222,512,23488,0.297079,0.11,1,1778082,1777570,512
134862541,51.2665,54.9156,475,23668,0.295933,0.15,1,1778163,1777688,475
134865461,21.7066,51.3662,428,23758,0.292373,0.11,1,1778165,1777737,428
134871301,48.8331,66.8986,467,23936,0.41038,0.25,1,1778303,1777836,467
134874221,20.7332,47.1594,435,24025,0.434152,0.31,1,1778305,1777870,435
134912181,21.5463,21.2267,448,25148,0.750366,0.65,2,1779049,1778601,448
134915101,77.0185,74.4907,452,25232,0.762146,0.65,2,1779163,1778711,452
134938461,77.1397,20.1961,571,25896,0.912837,0.77,2,1779620,1779049,571
134941381,52.4559,76.4785,493,25978,0.935135,0.73,2,1779656,1779163,493
135071321,185.364,213.686,477,12750,0.078448,0.09,1,1782290,1781813,477
135074241,100.546,135.874,437,12917,0.0853792,0.07,1,1782334,1781897,437
135077161,72.0183,71.1497,462,13082,0.0761517,0.01,1,1782387,1781925,462
135080081,135.007,158.06,423,13244,0.0364607,0.03,1,1782564,1782141,423
135083001,144.603,152.624,425,13404,0.0445843,0.09,1,1782715,1782290,425
135085921,84.8412,87.4496,426,13563,0.0358337,0.07,1,1782760,1782334,426
135088841,65.1365,66.7798,425,13720,0.0563335,0.07,1,1782812,1782387,425
135091761,130.455,26.7119,599,13875,0.0285334,0.01,1,1782986,1782387,599
135094681,142.782,116.885,573,14028,0.0894134,0.05,1,1783137,1782564,573
135120961,112.079,144.53,427,15336,0.224009,0.15,1,1783989,1783562,427
135123881,74.8315,86.0122,430,15474,0.287604,0.17,1,1784039,1783609,430
135129721,130.053,131.242,431,15747,0.416817,0.19,1,1784267,1783836,431
135132641,53.2212,53.6968,431,15882,0.448727,0.25,1,1784269,1783838,431
135161841,56.108,129.942,454,17170,0.767634,0.67,2,1785166,1784712,454
135170601,66.3029,76.9083,512,17539,0.909049,0.65,2,1785433,1784921,512
135234841,79.9143,107.307,535,20031,0.94,1,2,1787278,1786743,535
135240681,40.1463,46.3291,517,20242,0.9484,1,2,1787341,1786824,517
135243601,134.259,37.7316,682,20347,0.76936,1,2,1787538,1786856,682
135299081,35.7017,35.0697,455,22244,0.913471,0.67,2,1788712,1788257,455
135307841,45.7249,43.2845,459,22529,0.927502,0.75,2,1788941,1788482,459
135401281,57.8973,64.5077,480,25366,0.9124,1,2,1791012,1790532,480
135407121,41.6636,18.2412,531,25533,0.771184,1,2,1791096,1790565,531
135418801,43.5034,68.4446,506,25863,0.260558,1,1,1791348,1790842,506
135424641,54.4805,72.6311,513,26027,0.0476893,0.87,1,1791477,1790964,513
135427561,48.7922,57.8525,510,26108,0.0250757,0.83,1,1791522,1791012,510
135430481,38.1169,53.141,491,26189,0.0100303,0.71,1,1791553,1791062,491
135433401,35.6468,41.6564,491,26270,0.0100121,0.69,1,1791587,1791096,491
135436321,95.8587,38.8626,590,26351,0.0580048,0.37,1,1791723,1791133,590
135439241,56.3435,106.145,469,26431,0.0412019,0.27,1,1791753,1791284,469
135442161,36.3374,62.258,459,26511,0.0704808,0.19,1,1791776,1791317,459
135445081,60.135,43.5032,504,26591,0.0281923,0,1,1791852,1791348,504
135448001,52.854,67.2013,469,26671,0.0412769,0.01,1,1791900,1791431,469
135450921,47.5416,54.4805,467,26750,0.0465108,0.01,1,1791944,1791477,467
135453841,38.2166,48.7922,454,26829,0.0186043,0,1,1791976,1791522,454
135456761,35.0867,38.1169,456,26908,0.0374417,0.01,1,1792009,1791553,456
135459681,15.2347,35.6468,424,26987,0.0209767,0.09,1,1792011,1791587,424
135462601,88.2939,95.8587,425,27065,0.0503907,0.03,1,1792148,1791723,425
135465521,52.1175,56.3435,423,27143,0.0621563,0.09,1,1792176,1791753,423
135468441,35.847,36.3374,425,27221,0.0788625,0,1,1792201,1791776,425
135471361,59.3388,60.135,424,27299,0.037545,0.05,1,1792276,1791852,424
135474281,51.9355,52.854,423,27377,0.033018,0.05,1,1792323,1791900,423
135477201,47.1742,47.5416,423,27454,0.0192072,0,1,1792367,1791944,423
135480121,38.0697,38.2166,423,27531,0.0256829,0.05,1,1792399,1791976,423
135483041,35.0279,35.0867,423,27608,0.0402732,0.01,1,1792432,1792009,423
135485961,15.2111,15.2347,423,27685,0.0461093,0.07,1,1792434,1792011,423
135488881,89.4845,88.2939,425,27761,0.0604437,0.07,1,1792573,1792148,425
135491801,52.5938,52.1175,425,27837,0.0661775,0.09,1,1792601,1792176,425
135503481,47.556,47.1742,423,28140,0.0737421,0.03,1,1792790,1792367,423
135506401,38.2224,38.0697,423,28215,0.0294969,0.05,1,1792822,1792399,423
135509321,34.489,35.0279,422,28290,0.0297987,0.05,1,1792854,1792432,422
135512241,14.9956,15.2111,422,28365,0.0539195,0.05,1,1792856,1792434,422
135523921,57.4223,34.8534,498,28662,0.21186,0.17,1,1793123,1792625,498
135526841,51.1689,57.7414,472,28736,0.234744,0.13,1,1793170,1792698,472
135529761,45.0676,51.2965,466,28810,0.243898,0.03,1,1793211,1792745,466
135544361,55.289,90.5973,458,29175,0.202245,0.17,1,1793455,1792997,458
135547281,38.9156,53.6389,457,29248,0.218898,0.21,1,1793483,1793026,457
135550201,58.7662,37.0556,503,29320,0.273559,0.23,1,1793555,1793052,503
135567721,92.7094,15.5563,575,29750,0.423185,0.19,1,1793855,1793280,575
135591081,37.8051,36.434,440,30314,0.433785,0.37,1,1794149,1793709,440
135594001,16.3221,15.7736,440,30384,0.419514,0.47,1,1794151,1793711,440
135596921,95.9288,92.7094,445,30454,0.449806,0.47,1,1794300,1793855,445
135626121,97.1183,95.9288,445,31141,0.766653,0.51,2,1794745,1794300,445
135629041,59.2473,57.5715,447,31209,0.792661,0.51,2,1794779,1794332,447
135631961,24.8989,24.2286,447,31277,0.779064,0.51,2,1794781,1794334,447
135634881,26.7596,9.69144,475,31345,0.785626,0.57,2,1794809,1794334,475
135646561,36.9154,42.7473,485,31614,0.903744,0.67,2,1795007,1794522,485
135649481,38.1662,35.6989,493,31681,0.919498,0.71,2,1795046,1794553,493
135652401,16.4665,37.6796,456,31748,0.925799,0.71,2,1795048,1794592,456
135789641,40.1737,40.0301,511,34740,0.904528,1,2,1797217,1796706,511
135795481,34.8678,38.4448,505,34862,0.757924,1,2,1797283,1796778,505
135804241,36.0715,34.1165,521,35044,0.213387,1,1,1797400,1796879,521
135807161,34.8286,32.2466,524,35104,0.0853548,1,1,1797434,1796910,524
135810081,30.7314,33.8986,517,35164,0.0401419,1,1,1797462,1796945,517
135813001,86.0926,32.1595,609,35224,0.0160568,0.92,1,1797585,1796976,609
135815921,51.237,94.4638,501,35284,0.0364227,1,1,1797613,1797112,501
135818841,38.4948,57.5855,498,35344,0.0205691,0.99,1,1797643,1797145,498
135821761,38.7979,43.4342,503,35404,0.0262276,0.85,1,1797682,1797179,503
135824681,28.7192,40.1737,487,35464,0.0164911,0.83,1,1797704,1797217,487
135827601,31.8877,34.6695,490,35524,0.0485964,0.69,1,1797738,1797248,490
135830521,34.3551,34.8678,491,35584,0.0494386,0.53,1,1797774,1797283,491
135833441,28.742,40.9471,471,35643,0.0617754,0.35,1,1797799,1797328,471
135836361,12.6968,39.1788,435,35702,0.0667102,0.05,1,1797801,1797366,435
135839281,19.4787,36.0715,425,35761,0.0446841,0,1,1797825,1797400,425
135842201,28.1915,34.8286,425,35820,0.0358736,0.01,1,1797859,1797434,425
135845121,26.2766,30.7314,422,35879,0.0203495,0,1,1797884,1797462,422
135848041,84.3106,86.0926,422,35938,0.00813978,0.05,1,1798007,1797585,422
135850961,51.7243,51.237,424,35997,0.00325591,0.01,1,1798037,1797613,424
135853881,37.4897,38.4948,422,36056,0.0313024,0.03,1,1798065,1797643,422
135856801,38.3959,38.7979,422,36115,0.0305209,0.01,1,1798104,1797682,422
135859721,29.7584,28.7192,424,36174,0.0782084,0.07,1,1798128,1797704,424
135862641,32.9033,31.8877,425,36232,0.0732834,0.05,1,1798163,1797738,425
135865561,33.5613,34.3551,423,36290,0.0953133,0.07,1,1798197,1797774,423
135868481,28.4245,28.742,423,36348,0.0921253,0.07,1,1798222,1797799,423
135874321,21.2279,19.4787,426,36464,0.0999401,0.03,1,1798251,1797825,426
135883081,84.4946,84.3106,423,36638,0.0539162,0,1,1798430,1798007,423
135886001,51.1978,51.7243,422,36696,0.0395665,0.05,1,1798459,1798037,422
135888921,37.8791,37.4897,423,36754,0.0338266,0.03,1,1798488,1798065,423
135891841,37.9517,38.3959,422,36811,0.0315306,0.11,1,1798526,1798104,422
135894761,31.3807,29.7584,425,36868,0.0306123,0.07,1,1798553,1798128,425
135897681,32.3523,32.9033,423,36925,0.0542449,0.11,1,1798586,1798163,423
135900601,35.7409,33.5613,427,36982,0.063698,0.09,1,1798624,1798197,427
135903521,28.6964,28.4245,426,37039,0.0674792,0.13,1,1798648,1798222,426
135906441,12.6785,12.5698,426,37096,0.0689917,0.09,1,1798650,1798224,426
135909361,21.2714,21.2279,426,37153,0.0575967,0.09,1,1798677,1798251,426
135912281,27.7086,8.49117,458,37210,0.0770387,0.17,1,1798709,1798251,458
135915201,24.2834,21.9965,449,37267,0.0848155,0.13,1,1798731,1798282,449
135918121,81.7134,23.1986,545,37324,0.0339262,0,1,1798851,1798306,545
135921041,50.0853,83.6794,450,37381,0.0555705,0.03,1,1798880,1798430,450
135923961,37.4341,50.8718,450,37438,0.0642282,0.03,1,1798909,1798459,450
135926881,37.7737,37.7487,459,37494,0.0316913,0.03,1,1798947,1798488,459
135929801,31.9095,37.8995,449,37550,0.0306765,0.03,1,1798975,1798526,449
135932721,33.1638,31.3598,456,37606,0.0542706,0.07,1,1799009,1798553,456
135935641,35.4655,32.3439,460,37662,0.0877082,0.07,1,1799046,1798586,460
135953161,80.085,24.2834,542,37998,0.0726319,0,1,1799273,1798731,542
135956081,50.034,81.7134,452,38054,0.0590528,0.07,1,1799303,1798851,452
135959001,38.0136,50.0853,453,38110,0.0896211,0.07,1,1799333,1798880,453
135961921,36.2054,37.4341,459,38165,0.0658484,0.01,1,1799368,1798909,459
135964841,33.0822,37.7737,452,38220,0.0443394,0.03,1,1799399,1798947,452
135967761,34.8329,31.9095,460,38275,0.0477357,0.07,1,1799435,1798975,460
135970681,36.1331,33.1638,463,38330,0.0490943,0.11,1,1799472,1799009,463
135973601,29.4533,35.4655,451,38385,0.0616377,0.11,1,1799497,1799046,451
135976521,12.9813,28.5862,429,38440,0.0666551,0.13,1,1799499,1799070,429
135979441,23.1925,12.6345,457,38495,0.092662,0.15,1,1799529,1799072,457
135982361,30.277,22.4538,463,38550,0.0910648,0.19,1,1799564,1799101,463
135991121,68.7297,80.085,422,38715,0.0847882,0.05,1,1799695,1799273,422
135994041,47.2919,50.034,425,38770,0.0639153,0.11,1,1799728,1799303,425
135996961,38.1168,38.0136,427,38824,0.0435661,0.05,1,1799760,1799333,427
135999881,34.4467,36.2054,424,38878,0.0594264,0.03,1,1799792,1799368,424
136002801,31.1787,33.0822,422,38932,0.0537706,0.05,1,1799821,1799399,422
136005721,35.8715,34.8329,425,38986,0.0275082,0.05,1,1799860,1799435,425
136008641,35.9486,36.1331,424,39040,0.0650033,0.07,1,1799896,1799472,424
136011561,29.9794,29.4533,425,39094,0.0680013,0.07,1,1799922,1799497,425
136014481,13.1918,12.9813,425,39148,0.0932005,0.11,1,1799924,1799499,425
136032001,45.4081,47.2919,422,39472,0.231552,0.03,1,1800150,1799728,422
136034921,37.3632,38.1168,422,39526,0.230621,0.07,1,1800182,1799760,422
136037841,34.7453,34.4467,423,39579,0.206248,0.05,1,1800215,1799792,423
136040761,30.6981,31.1787,422,39632,0.232499,0.01,1,1800243,1799821,422
136043681,35.6792,35.8715,422,39685,0.219,0.09,1,1800282,1799860,422
136046601,37.0717,35.9486,424,39738,0.2496,0.07,1,1800320,1799896,424
136049521,31.0287,29.9794,425,39791,0.24984,0.11,1,1800347,1799922,425
136052441,13.6115,13.1918,425,39844,0.273936,0.13,1,1800349,1799924,425
136055361,25.2446,24.4767,426,39897,0.283574,0.17,1,1800382,1799956,426
136058281,31.6978,30.1907,428,39950,0.29943,0.15,1,1800418,1799990,428
136061201,25.8791,25.8763,427,40003,0.281772,0.15,1,1800440,1800013,427
136064121,11.5517,11.5505,427,40056,0.274709,0.19,1,1800442,1800015,427
136084561,37.9114,35.2675,470,40424,0.421274,0.27,1,1800752,1800282,470
136160481,37.0282,35.8669,456,41761,0.797365,0.67,2,1801610,1801154,456
136163401,39.4113,38.9468,456,41812,0.780946,0.71,2,1801651,1801195,456
136166321,33.7645,32.9787,457,41862,0.762378,0.71,2,1801681,1801224,457
136169241,14.7058,14.3915,457,41912,0.778951,0.65,2,1801683,1801226,457
136172161,28.6823,30.3566,454,41962,0.761581,0.65,2,1801721,1801267,454
136175081,33.0729,32.5426,456,42012,0.766632,0.69,2,1801757,1801301,456
136178001,26.4292,26.2171,456,42062,0.780653,0.69,2,1801779,1801323,456
136180921,11.7717,11.6868,456,42112,0.786261,0.71,2,1801781,1801325,456
136195521,34.7477,32.6762,462,42362,0.933942,0.81,2,1802001,1801539,462
136347361,30.7696,26.2814,513,44879,0.926003,1,2,1803717,1803204,513
136350281,50.1079,65.7126,484,44926,0.916401,1,2,1803780,1803296,484
136359041,38.5589,27.3176,514,45067,0.76017,1,2,1803891,1803377,514
136394081,44.9751,50.1079,463,45626,0.761221,0.87,2,1804243,1803780,463
136397001,35.9901,39.2431,461,45672,0.790488,0.65,2,1804273,1803812,461
136414521,32.3715,28.8127,462,45948,0.917102,0.69,2,1804460,1803998,462
136417441,32.7486,11.5251,495,45994,0.912841,0.69,2,1804493,1803998,495
136420361,22.6994,24.41,478,46040,0.911136,0.75,2,1804509,1804031,478
136423281,27.0798,24.164,484,46086,0.922455,0.71,2,1804539,1804055,484
136426201,21.6319,26.4656,474,46132,0.938982,0.71,2,1804557,1804083,474
136429121,25.4528,22.5862,482,46178,0.945593,0.73,2,1804585,1804103,482
136618921,332.059,341.764,499,21900,0.946,1,2,1806618,1806119,499
136624761,120.449,133.402,495,22817,0.79096,1,2,1806792,1806297,495
136627681,97.9797,96.5609,506,22910,0.754384,1,2,1806875,1806369,506
136671481,77.7527,78.1385,454,24261,0.759199,0.61,2,1807787,1807333,454
136674401,63.5011,64.8554,452,24348,0.765679,0.57,2,1807841,1807389,452
136677321,50.6004,52.3422,450,24435,0.792272,0.63,2,1807883,1807433,450
136689001,71.505,71.204,456,24780,0.914474,0.77,2,1808091,1807635,456
136776601,67.6337,69.5065,487,27228,0.90928,1,2,1809854,1809367,487
136779521,43.2535,42.8026,489,27306,0.945712,1,2,1809881,1809392,489
136785361,65.1206,66.1284,492,27461,0.918114,1,2,1809999,1809507,492
136788281,54.8482,64.8514,476,27538,0.937246,1,2,1810047,1809571,476
136791201,69.9393,70.9405,481,27615,0.920898,1,2,1810127,1809646,481
136925521,53.6147,50.4124,487,30944,0.94432,1,2,1812442,1811955,487
136943041,34.8278,14.9114,525,31352,0.0791838,1,1,1812728,1812203,525
136945961,27.1311,21.5646,521,31419,0.0496735,1,1,1812750,1812229,521
136948881,33.6524,35.0258,515,31486,0.0198694,0.92,1,1812788,1812273,515
136951801,66.861,34.4103,570,31553,0.0739478,1,1,1812877,1812307,570
136954721,47.7444,68.9641,513,31620,0.0355791,0.92,1,1812912,1812399,513
136957641,56.2978,53.3857,532,31687,0.0442316,0.71,1,1812974,1812442,532
136960561,51.3191,65.1543,507,31754,0.0176927,0.51,1,1813022,1812515,507
136963481,40.3276,60.8617,482,31821,0.0250771,0.35,1,1813055,1812573,482
136966401,37.1311,49.5447,475,31887,0.0400308,0.23,1,1813090,1812615,475
136969321,35.2524,44.4179,468,31953,0.0700123,0.09,1,1813124,1812656,468
136972241,29.101,43.5671,450,32019,0.0580049,0.01,1,1813149,1812699,450
136975161,24.8404,34.8269,443,32085,0.041202,0.03,1,1813171,1812728,443
136978081,32.7362,27.1307,459,32151,0.0224808,0,1,1813209,1812750,459
136981001,69.4945,33.6523,515,32217,0.0389923,0.11,1,1813303,1812788,515
136986841,55.1591,47.7444,483,32349,0.0842388,0.05,1,1813395,1812912,483
136989761,50.8636,56.2977,469,32414,0.0396955,0,1,1813443,1812974,469
136992681,40.7455,51.3191,455,32479,0.0458782,0.03,1,1813477,1813022,455
136995601,37.8982,40.3276,458,32544,0.0603513,0.05,1,1813513,1813055,458
136998521,35.5593,37.1311,457,32609,0.0661405,0.09,1,1813547,1813090,457
137001441,28.6237,35.2524,447,32674,0.0804562,0.05,1,1813571,1813124,447
137004361,24.6495,29.101,444,32739,0.0501825,0.03,1,1813593,1813149,444
137007281,11.0598,24.8404,424,32804,0.038073,0.01,1,1813595,1813171,424
137010201,26.0239,32.7362,422,32868,0.0332292,0.05,1,1813631,1813209,422
137013121,68.0096,69.4945,424,32932,0.0192917,0.15,1,1813727,1813303,424
137016041,47.6038,46.3978,427,32996,0.0737167,0.07,1,1813761,1813334,427
137018961,54.4415,55.1591,425,33060,0.0714867,0.01,1,1813820,1813395,425
137021881,49.3766,50.8636,423,33124,0.0585947,0.05,1,1813866,1813443,423
137024801,41.9506,40.7455,426,33188,0.0294379,0.07,1,1813903,1813477,426
137027721,37.7803,37.8982,425,33252,0.0897751,0.07,1,1813938,1813513,425
137036481,23.8019,24.6495,423,33442,0.0880656,0.03,1,1814016,1813593,423
137039401,10.7208,11.0598,423,33505,0.0412262,0.03,1,1814018,1813595,423
137042321,25.2883,26.0239,422,33568,0.0344905,0.01,1,1814053,1813631,422
137045241,68.9153,68.0096,424,33631,0.0197962,0.11,1,1814151,1813727,424
137048161,48.5661,47.6038,425,33694,0.0139185,0.07,1,1814186,1813761,425
137051081,54.2265,54.4415,424,33757,0.0235674,0.05,1,1814244,1813820,424
137054001,48.0906,49.3766,422,33820,0.051427,0.01,1,1814288,1813866,422
137056921,41.4362,41.9506,422,33883,0.0385708,0.13,1,1814325,1813903,422
137059841,40.5745,37.7803,427,33945,0.0814283,0.17,1,1814365,1813938,427
137074441,24.8139,25.2883,422,34255,0.079717,0.03,1,1814475,1814053,422
137077361,68.1256,10.1153,519,34317,0.0618868,0.01,1,1814572,1814053,519
137080281,48.2502,62.8461,456,34379,0.0667547,0.01,1,1814607,1814151,456
137083201,54.7001,46.1385,480,34441,0.0687019,0.03,1,1814666,1814186,480
137086121,48.28,53.2554,466,34502,0.0814807,0.07,1,1814710,1814244,466
137089041,41.512,47.7022,459,34563,0.0985923,0.03,1,1814747,1814288,459
137106561,23.2701,9.53312,456,34929,0.200643,0.03,1,1814896,1814440,456
137109481,69.3081,24.8132,521,34990,0.080257,0.05,1,1814996,1814475,521
137112401,48.7232,68.1253,459,35050,0.0861028,0.07,1,1815031,1814572,459
137118241,48.9557,54.7,469,35170,0.0941764,0.09,1,1815135,1814666,469
137127001,39.6372,43.0048,464,35350,0.0936273,0.15,1,1815255,1814791,464
137141601,67.7873,23.2701,522,35648,0.0744275,0,1,1815418,1814896,522
137144521,28.3149,69.3081,424,35707,0.047771,0.09,1,1815420,1814996,424
137147441,33.526,48.7232,426,35766,0.0611084,0.11,1,1815457,1815031,426
137150361,49.4104,54.8893,427,35825,0.0784434,0.09,1,1815517,1815090,427
137153281,46.1642,48.9557,426,35884,0.0733773,0.15,1,1815561,1815135,426
137167881,19.7591,19.3019,428,36179,0.217567,0.13,1,1815719,1815291,428
137170801,9.10365,8.92078,428,36237,0.201027,0.15,1,1815721,1815293,428
137173721,18.6415,17.9683,429,36295,0.242411,0.03,1,1815746,1815317,429
137176641,63.8566,67.7873,422,36353,0.222964,0.03,1,1815840,1815418,422
137179561,26.7426,28.3149,422,36411,0.215186,0.07,1,1815842,1815420,422
137188321,47.5995,46.1642,426,36585,0.213692,0.15,1,1815987,1815561,426
137194161,44.3359,43.9863,428,36701,0.200991,0.17,1,1816074,1815646,428
137200001,32.8937,31.3978,431,36816,0.215759,0.23,1,1816138,1815707,431
137202921,20.9575,19.7591,432,36873,0.212303,0.19,1,1816151,1815719,432
137205841,9.583,9.10365,432,36930,0.222921,0.27,1,1816153,1815721,432
137208761,20.0332,18.6415,434,36987,0.239169,0.21,1,1816180,1815746,434
137211681,62.0133,63.8566,430,37044,0.269667,0.21,1,1816270,1815840,430
137214601,26.0053,26.7426,430,37101,0.281867,0.17,1,1816272,1815842,430
137217521,33.2021,33.4971,430,37158,0.286747,0.17,1,1816310,1815880,430
137232121,39.2353,43.8214,465,37443,0.415592,0.19,1,1816539,1816074,465
137235041,33.0941,38.5286,459,37499,0.436237,0.23,1,1816568,1816109,459
137237961,22.2377,32.8114,445,37555,0.444495,0.21,1,1816583,1816138,445
137240881,10.0951,20.9246,434,37611,0.447798,0.23,1,1816585,1816151,434
137305121,38.9223,40.1155,451,38829,0.754753,0.57,2,1817432,1816981,451
137308041,33.5689,34.6462,450,38883,0.787901,0.59,2,1817462,1817012,450
137319721,66.8258,64.7749,455,39099,0.903034,0.67,2,1817606,1817151,455
137322641,27.9303,27.11,455,39153,0.931214,0.69,2,1817608,1817153,455
137325561,33.9721,34.244,454,39207,0.918485,0.69,2,1817646,1817192,454
137328481,53.7888,52.6976,456,39261,0.925394,0.69,2,1817713,1817257,456
137486161,61.5517,53.8359,498,42065,0.925647,1,2,1819678,1819180,498
137489081,48.0207,31.7344,520,42115,0.904259,1,2,1819717,1819197,520
137500761,29.9333,28.974,512,42315,0.791677,1,2,1819836,1819324,512
137515361,32.2745,44.3021,474,42565,0.782376,0.94,2,1819962,1819488,474
137518281,31.5098,38.1209,471,42615,0.78695,1,2,1819993,1819522,471
137521201,45.6039,40.4483,484,42665,0.77678,1,2,1820048,1819564,484
137541641,28.3872,29.9333,457,43008,0.927583,0.77,2,1820293,1819836,457
137544561,22.1549,11.9733,475,43057,0.929033,0.83,2,1820311,1819836,475
137775241,76.2358,74.3327,451,22342,0.768281,0.63,2,1823553,1823102,451
137778161,77.8943,75.9331,453,22437,0.793312,0.61,2,1823632,1823179,453
137792761,94.5234,57.4867,570,22906,0.935205,0.73,2,1823943,1823373,570
137795681,79.2094,91.9947,524,22999,0.920082,0.81,2,1824012,1823488,524
137798601,80.2837,75.7979,540,23091,0.938033,0.81,2,1824093,1823553,540
137801521,72.9135,77.7191,529,23183,0.945213,0.81,2,1824161,1823632,529
137804441,47.1654,70.6877,493,23274,0.924085,0.85,2,1824191,1823698,493
137807361,29.0662,46.2751,480,23365,0.939634,0.85,2,1824208,1823728,480
137892041,77.5838,80.6163,549,25866,0.270352,1,1,1826074,1825525,549
137900801,19.0294,36.2634,484,26111,0.0717825,1,1,1826141,1825657,484
137903721,28.0117,19.9054,509,26192,0.034713,1,1,1826175,1825666,509
137906641,85.6047,31.3622,594,26273,0.0798852,0.83,1,1826299,1825705,594
137921241,35.3464,48.4335,453,26674,0.214831,0.05,1,1826556,1826103,453
137924161,17.7385,38.5734,427,26753,0.223932,0.05,1,1826562,1826135,427
137927081,27.4954,19.0294,455,26832,0.215573,0.01,1,1826596,1826141,455
137938761,61.2895,68.5368,429,27146,0.216767,0.17,1,1826859,1826430,429
137941681,66.5158,69.4147,429,27224,0.248707,0.21,1,1826929,1826500,429
137944601,44.0063,43.3659,432,27302,0.273483,0.23,1,1826958,1826526,432
137947521,36.2025,35.3464,433,27380,0.295393,0.23,1,1826989,1826556,433
137950441,18.081,17.7385,433,27457,0.280157,0.21,1,1826995,1826562,433
137953361,27.0324,27.4954,432,27534,0.286063,0.17,1,1827028,1826596,432
137973801,36.1427,36.2025,435,28068,0.440866,0.27,1,1827424,1826989,435
138020521,70.7888,62.415,528,29251,0.772687,0.69,2,1828258,1827730,528
138023441,47.5155,69.966,485,29323,0.783075,0.65,2,1828290,1827805,485
138026361,37.0062,47.1864,483,29395,0.78723,0.63,2,1828320,1827837,483
138043881,64.6499,59.1799,525,29824,0.935982,0.77,2,1828640,1828115,525
138143161,35.2724,39.686,510,32147,0.91432,1,2,1830207,1829697,510
138149001,29.7636,24.7098,519,32279,0.754691,1,2,1830264,1829745,519
138160681,54.6707,56.6342,532,32540,0.0490801,1,1,1830523,1829991,532
138163601,41.6683,60.4537,502,32605,0.019632,1,1,1830556,1830054,502
138166521,52.0673,43.3815,529,32670,0.0138528,0.92,1,1830615,1830086,529
138169441,37.0269,50.9526,500,32735,0.0235411,1,1,1830642,1830142,500
138172361,16.0108,40.181,469,32800,0.0274165,0.87,1,1830644,1830175,469
138175281,22.0043,35.2724,463,32864,0.0409666,0.81,1,1830670,1830207,463
138178201,25.6017,30.909,463,32928,0.0343866,0.69,1,1830698,1830235,463
138181121,22.8407,29.7636,455,32992,0.0557547,0.25,1,1830719,1830264,455
138184041,64.9363,82.1054,431,33056,0.0523019,0.21,1,1830812,1830381,431
138186961,42.7745,51.4422,428,33120,0.0629207,0,1,1830840,1830412,428
138189881,49.5098,54.1769,426,33184,0.0251683,0,1,1830894,1830468,426
138192801,51.6039,54.6707,424,33248,0.0520673,0,1,1830947,1830523,424
138195721,39.8416,41.6683,423,33312,0.0208269,0.01,1,1830979,1830556,423
138198641,51.3366,52.0673,423,33375,0.0263308,0.03,1,1831038,1830615,423
138201561,36.7347,37.0269,423,33438,0.0645323,0.03,1,1831065,1830642,423
138204481,15.8939,16.0108,423,33501,0.0558129,0.05,1,1831067,1830644,423
138207401,21.3575,22.0043,422,33564,0.0283252,0.03,1,1831092,1830670,422
138210321,25.343,25.6017,422,33627,0.0413301,0.07,1,1831120,1830698,422
138213241,23.3372,22.8407,423,33690,0.058532,0.05,1,1831142,1830719,423
138216161,65.1349,64.9363,423,33753,0.0534128,0.07,1,1831235,1830812,423
138219081,43.454,42.7745,424,33816,0.0873651,0,1,1831264,1830840,424
138222001,49.1816,49.5098,423,33879,0.076946,0.07,1,1831317,1830894,423
138224921,50.8726,51.6039,422,33941,0.0607784,0,1,1831369,1830947,422
138227841,39.5491,39.8416,422,34003,0.0243114,0.03,1,1831401,1830979,422
138230761,51.8196,51.3366,423,34065,0.0277245,0.09,1,1831461,1831038,423
138233681,36.3278,36.7347,422,34127,0.0770898,0.05,1,1831487,1831065,422
138236601,15.7311,15.8939,422,34189,0.0728359,0.01,1,1831489,1831067,422
138239521,21.2925,21.3575,422,34251,0.0591344,0.01,1,1831514,1831092,422
138242441,24.717,8.54302,449,34313,0.0416537,0.05,1,1831541,1831092,449
138245361,23.6868,20.2172,444,34375,0.0466615,0.07,1,1831564,1831120,444
138248281,65.8747,21.2869,516,34437,0.0366646,0.05,1,1831658,1831142,516
138251201,45.5499,64.3148,455,34498,0.0326658,0.11,1,1831690,1831235,455
138254121,47.62,43.1259,475,34559,0.0790663,0.07,1,1831739,1831264,475
138257041,49.648,49.0504,473,34620,0.0496265,0.05,1,1831790,1831317,473
138259961,39.0592,50.8201,453,34681,0.0198506,0,1,1831822,1831369,453
138262881,52.2237,39.5281,482,34742,0.0379402,0.03,1,1831883,1831401,482
138265801,37.6895,51.8112,450,34803,0.0571761,0.11,1,1831911,1831461,450
138268721,16.2758,36.3245,426,34864,0.0648704,0.07,1,1831913,1831487,426
138271641,20.9103,15.7298,448,34925,0.0679482,0.05,1,1831937,1831489,448
138274561,23.3641,21.2919,448,34986,0.0571793,0.03,1,1831962,1831514,448
138277481,24.9457,24.7168,447,35046,0.0528717,0.05,1,1831988,1831541,447
138280401,65.1783,23.6867,516,35106,0.0271487,0.03,1,1832080,1831564,516
138283321,44.6713,65.8747,453,35166,0.0168595,0.03,1,1832111,1831658,453
138286241,50.2685,45.5499,475,35226,0.0247438,0.11,1,1832165,1831690,475
138289161,48.3074,47.6199,473,35286,0.0878975,0.03,1,1832212,1831739,473
138292081,37.923,49.648,453,35346,0.053159,0,1,1832243,1831790,453
138295001,51.7692,39.0592,482,35406,0.0632636,0.05,1,1832304,1831822,482
138297921,39.3077,52.2237,452,35466,0.0433054,0.07,1,1832335,1831883,452
138300841,16.9231,37.6895,426,35526,0.0473222,0.07,1,1832337,1831911,426
138303761,21.1692,16.2758,448,35586,0.0489289,0.07,1,1832361,1831913,448
138306681,21.6677,20.9103,446,35645,0.0495715,0.05,1,1832383,1831937,446
138309601,9.86708,23.3641,423,35704,0.0618286,0.05,1,1832385,1831962,423
138312521,20.1468,24.9457,424,35763,0.0907314,0.01,1,1832412,1831988,424
138315441,62.6587,65.1783,423,35822,0.0902926,0.01,1,1832503,1832080,423
138318361,43.0635,44.6713,422,35881,0.090117,0.03,1,1832533,1832111,422
138321281,52.0254,50.2685,426,35940,0.0540468,0.13,1,1832591,1832165,426
138324201,50.2102,48.3074,428,35999,0.0636187,0.03,1,1832640,1832212,428
138327121,35.0841,37.923,422,36058,0.0554475,0.07,1,1832665,1832243,422
138330041,52.4336,51.7692,425,36117,0.040179,0.03,1,1832729,1832304,425
138332961,38.9734,39.3077,424,36176,0.0340716,0.05,1,1832759,1832335,424
138335881,16.7894,16.9231,424,36234,0.0316286,0.05,1,1832761,1832337,424
138338801,21.1158,21.1692,424,36292,0.0186515,0.05,1,1832785,1832361,424
138341721,22.2463,21.6677,425,36350,0.0374606,0.07,1,1832808,1832383,425
138344641,10.0985,9.86708,425,36408,0.0689842,0.11,1,1832810,1832385,425
138347561,20.2394,20.1468,425,36466,0.0695937,0.09,1,1832837,1832412,425
138362161,34.3161,35.0841,422,36756,0.228069,0.03,1,1833087,1832665,422
138373841,21.6385,21.1158,423,36984,0.202207,0.05,1,1833208,1832785,423
138379681,10.4222,10.0985,424,37098,0.215953,0.07,1,1833234,1832810,424
138382601,20.9689,20.2394,425,37155,0.224381,0.07,1,1833262,1832837,425
138385521,63.5875,8.09576,517,37212,0.263752,0.13,1,1833354,1832837,517
138388441,44.635,57.2383,459,37269,0.279501,0.15,1,1833386,1832927,459
138391361,51.454,41.4953,484,37326,0.2978,0.15,1,1833442,1832958,484
138394281,52.3816,50.1981,481,37383,0.29312,0.23,1,1833495,1833014,481
138435161,51.4039,35.9526,498,38167,0.432204,0.31,1,1834018,1833520,498
138438081,38.5616,50.9811,467,38222,0.430882,0.35,1,1834048,1833581,467
138441001,16.6246,37.7924,440,38277,0.430353,0.31,1,1834050,1833610,440
138502321,42.5342,41.549,453,39420,0.765867,0.67,2,1834772,1834319,453
138505241,48.2137,47.8196,453,39474,0.780347,0.67,2,1834824,1834371,453
138525681,10.5426,10.633,454,39846,0.92555,0.65,2,1835001,1834547,454
138528601,21.017,21.0532,454,39899,0.91622,0.67,2,1835029,1834575,454
138689201,43.34,68.7531,496,42713,0.933998,1,2,1837054,1836558,496
138692121,37.136,54.5012,484,42762,0.907599,1,2,1837087,1836603,484
138697961,37.8618,33.4402,499,42860,0.768016,1,2,1837163,1836664,499
138727161,28.2349,30.7973,507,43350,0.40573,1,1,1837479,1836972,507
138730081,37.694,30.3189,521,43399,0.432292,0.89,1,1837523,1837002,521
138733001,33.0776,43.3276,499,43448,0.442917,0.89,1,1837553,1837054,499
138738841,30.9724,37.6524,490,43546,0.446467,0.73,1,1837615,1837125,490
138741761,33.389,37.861,487,43594,0.436587,0.61,1,1837650,1837163,487
138744681,36.1556,38.5444,486,43642,0.420635,0.63,1,1837688,1837202,486
138747601,36.0622,37.6178,485,43690,0.438254,0.47,1,1837724,1837239,485
138838121,31.8913,29.8549,452,45162,0.756684,0.61,2,1838680,1838228,452
138841041,13.9565,13.142,452,45209,0.764674,0.63,2,1838682,1838230,452
138843961,24.1826,22.6568,454,45256,0.755869,0.65,2,1838713,1838259,454
138870241,36.2849,35.2538,456,45673,0.944627,0.71,2,1838998,1838542,456
139036681,349.149,349.271,510,21900,0.946,1,2,1840794,1840284,510
139051281,63.0809,71.1711,493,22380,0.230516,1,1,1841156,1840663,493
139054201,66.6324,72.8684,488,22475,0.206206,0.92,1,1841225,1840737,488
139065881,74.7474,85.7214,515,22850,0.236879,0.29,1,1841473,1840958,515
139068801,68.899,82.2886,500,22943,0.256752,0.27,1,1841538,1841038,500
139071721,56.3596,73.1154,481,23035,0.276701,0.17,1,1841586,1841105,481
139074641,63.9438,59.8462,499,23127,0.29668,0.19,1,1841655,1841156,499
139077561,39.3775,65.3385,453,23219,0.268672,0.15,1,1841678,1841225,453
139095081,64.4049,56.3543,503,23762,0.42429,0.31,1,1842089,1841586,503
139246921,45.078,46.6502,480,28025,0.9244,1,2,1844960,1844480,480
139284881,49.8137,74.7641,489,28992,0.42747,0.59,1,1845656,1845167,489
139287801,49.3255,50.3056,504,29065,0.428988,0.63,1,1845705,1845201,504
139290721,38.3302,52.5223,481,29138,0.417595,0.59,1,1845736,1845255,481
139293641,57.9321,39.0089,522,29211,0.437038,0.53,1,1845807,1845285,522
139360801,37.4187,36.4534,457,30834,0.924626,0.73,2,1846814,1846357,457
139495121,50.3861,58.8779,477,33846,0.449986,1,1,1848974,1848497,477
139503881,35.9607,39.4802,485,34032,0.0667191,1,1,1849090,1848605,485
139506801,30.5843,35.5921,479,34094,0.0446876,0.97,1,1849117,1848638,479
139509721,30.2337,32.8368,478,34156,0.0238751,1,1,1849147,1848669,478
139512641,37.2935,37.7347,479,34218,0.01555,1,1,1849189,1848710,479
139515561,31.7174,15.0939,507,34280,0.02422,1,1,1849217,1848710,507
139518481,40.287,28.8376,515,34342,0.015688,0.81,1,1849263,1848748,515
139521401,50.9148,44.535,518,34404,0.0362752,0.61,1,1849321,1848803,518
139524321,50.9659,56.214,505,34465,0.0205101,0.47,1,1849372,1848867,505
139527241,46.1864,60.8856,484,34526,0.038204,0.37,1,1849415,1848931,484
139530161,41.8745,50.1542,480,34587,0.0692816,0.27,1,1849454,1848974,480
139533081,30.5498,50.6617,452,34648,0.0697126,0.05,1,1849477,1849025,452
139536001,32.6199,38.8647,455,34709,0.0338851,0,1,1849511,1849056,455
139538921,29.248,35.9459,448,34770,0.043554,0.03,1,1849538,1849090,448
139541841,29.6992,30.5783,451,34831,0.0474216,0.01,1,1849568,1849117,451
139544761,37.0797,30.2313,463,34892,0.0729686,0.01,1,1849610,1849147,463
139547681,32.8319,37.2925,451,34953,0.0351875,0.03,1,1849640,1849189,451
139550601,39.5327,31.717,467,35013,0.032075,0.01,1,1849684,1849217,467
139553521,51.8131,40.2868,481,35073,0.03083,0.05,1,1849744,1849263,481
139556441,50.1252,50.9147,472,35133,0.018332,0.01,1,1849793,1849321,472
139559361,48.2501,50.9659,468,35193,0.0253328,0.05,1,1849840,1849372,468
139562281,41.5,46.1864,462,35253,0.0761331,0.09,1,1849877,1849415,462
139565201,29.8,41.8745,445,35313,0.0964532,0.07,1,1849899,1849454,445
139571041,28.888,32.6199,448,35433,0.0646325,0.05,1,1849959,1849511,448
139573961,29.5552,29.248,451,35493,0.043853,0.05,1,1849989,1849538,451
139576881,37.0221,29.6992,463,35553,0.0355412,0.09,1,1850031,1849568,463
139579801,32.8088,37.0797,451,35612,0.0322165,0.01,1,1850061,1849610,451
139582721,40.1235,32.8319,466,35671,0.0308866,0.03,1,1850106,1849640,466
139585641,17.2494,39.5327,424,35730,0.0123546,0.03,1,1850108,1849684,424
139588561,42.8998,51.8131,424,35789,0.0229419,0.01,1,1850168,1849744,424
139591481,45.9599,50.1252,423,35848,0.0271767,0.03,1,1850216,1849793,423
139594401,47.784,48.2501,425,35907,0.0528707,0.11,1,1850265,1849840,425
139597321,42.5136,41.5,427,35966,0.0391483,0.11,1,1850304,1849877,427
139600241,30.8054,29.8,428,36025,0.0576593,0.13,1,1850327,1849899,428
139603161,29.7222,31.72,424,36084,0.0530637,0.03,1,1850356,1849932,424
139606081,26.8889,28.888,422,36143,0.0512255,0.03,1,1850381,1849959,422
139609001,29.3555,29.5552,423,36201,0.0624902,0.03,1,1850412,1849989,423
139611921,36.9422,37.0221,423,36259,0.0549961,0.03,1,1850454,1850031,423
139614841,33.3769,32.8088,424,36317,0.0399984,0.03,1,1850485,1850061,424
139617761,39.7508,40.1235,423,36375,0.0159994,0,1,1850529,1850106,423
139620681,17.1003,17.2494,423,36433,0.0243997,0.03,1,1850531,1850108,423
139623601,42.2401,42.8998,422,36491,0.0277599,0.03,1,1850590,1850168,422
139626521,45.696,45.9599,422,36549,0.029104,0.07,1,1850638,1850216,422
139629441,48.2784,47.784,423,36607,0.0416416,0.03,1,1850688,1850265,423
139632361,43.3114,42.5136,424,36665,0.0466566,0.07,1,1850728,1850304,424
139635281,31.7245,30.8054,425,36723,0.0486627,0.05,1,1850752,1850327,425
139638201,29.4898,29.7222,424,36781,0.0614651,0.05,1,1850780,1850356,424
139641121,25.5959,26.8889,422,36838,0.078586,0.07,1,1850803,1850381,422
139646961,36.9753,36.9422,423,36952,0.0617738,0.03,1,1850877,1850454,423
139649881,33.3901,33.3769,423,37009,0.0787095,0,1,1850908,1850485,423
139652801,39.1561,39.7508,422,37066,0.0314838,0.03,1,1850951,1850529,422
139655721,16.8624,17.1003,422,37123,0.0185935,0.03,1,1850953,1850531,422
139658641,42.145,42.2401,422,37180,0.0374374,0.03,1,1851012,1850590,422
139661561,45.058,16.896,469,37237,0.020975,0.03,1,1851059,1850590,469
139664481,49.2232,35.5584,473,37294,0.03839,0.05,1,1851111,1850638,473
139667401,43.6893,44.2234,463,37351,0.069356,0.05,1,1851151,1850688,463
139670321,31.8757,41.6893,447,37408,0.0817424,0.05,1,1851175,1850728,447
139696601,45.0378,42.1445,468,37912,0.0752597,0.01,1,1851480,1851012,468
139699521,50.4151,45.0578,475,37968,0.0481039,0.05,1,1851534,1851059,475
139702441,45.366,49.2231,465,38024,0.0612415,0.09,1,1851576,1851111,465
139705361,32.5464,43.6892,449,38080,0.0664966,0.09,1,1851600,1851151,449
139708281,31.6186,31.8757,456,38135,0.0565986,0.13,1,1851631,1851175,456
139711201,25.8474,30.1503,449,38190,0.0526395,0.13,1,1851653,1851204,449
139714121,31.339,25.2601,462,38245,0.0630558,0.13,1,1851688,1851226,462
139717041,34.7356,30.504,465,38300,0.0792223,0.11,1,1851725,1851260,465
139734561,18.3888,45.0378,425,38630,0.215827,0.03,1,1851905,1851480,425
139737481,38.5555,50.4151,423,38685,0.224331,0.07,1,1851957,1851534,423
139740401,41.8222,45.366,425,38740,0.227732,0.07,1,1852001,1851576,425
139743321,31.1289,32.5464,425,38795,0.229093,0.05,1,1852025,1851600,425
139746241,30.4516,31.6186,424,38849,0.217637,0.05,1,1852055,1851631,424
139749161,25.3806,25.8474,424,38903,0.261055,0.07,1,1852077,1851653,424
139752081,32.9522,31.339,427,38957,0.230422,0.09,1,1852115,1851688,427
139755001,35.3809,34.7356,427,39011,0.254169,0.13,1,1852152,1851725,427
139757921,33.9524,33.0942,428,39065,0.299668,0.15,1,1852185,1851757,428
139784201,31.5926,30.4516,433,39550,0.405592,0.29,1,1852488,1852055,433
139860121,32.3001,31.7057,480,40915,0.771409,0.53,2,1853377,1852897,480
139863041,28.52,31.8823,474,40967,0.794563,0.57,2,1853403,1852929,474
139889321,38.5999,19.5343,508,41427,0.900709,0.75,2,1853733,1853225,508
139892241,41.84,37.8137,502,41478,0.906284,0.73,2,1853777,1853275,502
139895161,31.736,42.1255,482,41529,0.920513,0.75,2,1853802,1853320,482
139898081,13.8944,31.2502,460,41580,0.938205,0.79,2,1853804,1853344,460
139901001,25.9578,32.3001,461,41631,0.945282,0.81,2,1853838,1853377,461
140079121,30.4428,40.2477,485,44617,0.905928,1,2,1855889,1855404,485
140157961,23.5538,23.2335,448,45875,0.767936,0.57,2,1856734,1856286,448
140160881,19.6215,18.8934,449,45921,0.769174,0.57,2,1856751,1856302,449
140181321,33.6778,35.7842,485,46243,0.769617,0.69,2,1856983,1856498,485
140195921,33.4601,24.1523,495,46471,0.909542,0.77,2,1857146,1856651,495
140198841,27.784,32.4609,481,46516,0.921817,0.73,2,1857170,1856689,481
140201761,24.3136,27.3844,479,46561,0.926727,0.79,2,1857192,1856713,479
140204681,19.3254,23.5538,474,46606,0.928691,0.77,2,1857208,1856734,474
140207601,16.1302,19.6215,471,46651,0.929476,0.71,2,1857222,1856751,471
140210521,29.8521,16.8486,495,46696,0.941791,0.71,2,1857261,1856766,495
140213441,29.9408,29.5394,487,46741,0.946716,0.71,2,1857291,1856804,487
140368201,33.7349,35.1199,527,49073,0.938512,1,2,1858929,1858402,527
140382801,27.6248,27.1724,509,49288,0.796474,1,2,1859082,1858573,509
140388641,31.06,30.8676,511,49374,0.795836,1,2,1859148,1858637,511
140394481,20.4496,31.0988,492,49460,0.783734,1,2,1859193,1858701,492
140397401,15.9798,21.4395,490,49503,0.799493,1,2,1859206,1858716,490
140432441,33.6615,27.6248,497,50009,0.75626,0.81,2,1859579,1859082,497
140435361,30.8646,32.6499,490,50051,0.776504,0.79,2,1859608,1859118,490
140464561,33.8948,32.5039,459,50471,0.906956,0.75,2,1859855,1859396,459
140467481,32.1579,31.6015,459,50513,0.920782,0.73,2,1859886,1859427,459
140470401,31.4632,31.8406,458,50555,0.938313,0.69,2,1859917,1859459,458
140768241,25.5564,36.6701,462,25744,0.761019,0.59,2,1863293,1862831,462
140774081,75.009,40.9072,547,25908,0.754163,0.61,2,1863443,1862896,547
140777001,71.4036,72.7629,522,25990,0.799665,0.69,2,1863512,1862990,522
140788681,44.5479,62.9475,490,26315,0.928487,0.75,2,1863738,1863248,490
140791601,25.0192,44.379,470,26396,0.941395,0.77,2,1863750,1863280,470
140920081,41.509,54.35,514,29722,0.9052,1,2,1866170,1865656,514
140925921,34.6014,31.496,528,29864,0.784432,1,2,1866240,1865712,528
140937601,67.3322,72.8831,489,30147,0.417377,1,1,1866434,1865945,489
140949281,38.2661,41.509,463,30427,0.262445,0.79,1,1866633,1866170,463
140952201,38.1064,40.0036,462,30497,0.254978,0.75,1,1866671,1866209,462
140955121,32.0426,34.6014,459,30566,0.239991,0.69,1,1866699,1866240,459
140958041,21.217,26.4406,452,30635,0.257996,0.55,1,1866713,1866261,452
140960961,36.6868,40.5762,449,30704,0.289199,0.55,1,1866760,1866311,449
140975561,52.7773,55.1653,436,31047,0.408437,0.23,1,1867042,1866606,436
141031041,50.8149,74.2508,481,32318,0.7728,0.55,2,1867872,1867391,481
141033961,57.526,50.7003,508,32383,0.79512,0.55,2,1867934,1867426,508
141048561,39.5948,21.8638,503,32708,0.905828,0.67,2,1868095,1867592,503
141051481,17.0379,38.1455,456,32773,0.908331,0.71,2,1868097,1867641,456
141054401,29.0152,36.8582,457,32838,0.945333,0.73,2,1868134,1867677,457
141217921,33.9848,34.4106,509,36267,0.934,1,2,1870560,1870051,509
141220841,37.5939,40.1642,505,36325,0.9496,1,2,1870600,1870095,505
141223761,68.4376,81.4657,485,36383,0.76984,1,2,1870689,1870204,485
141235441,35.2368,39.6551,493,36615,0.25678,1,1,1870847,1870354,493
141238361,33.2947,36.262,491,36673,0.216712,1,1,1870879,1870388,491
141252961,25.1109,33.9848,471,36960,0.0967119,0.96,1,1871031,1870560,471
141288001,24.6066,29.7258,446,37640,0.207953,0.09,1,1871455,1871009,446
141293841,58.1771,31.0361,501,37752,0.219273,0.11,1,1871567,1871066,501
141296761,44.2708,57.4145,461,37808,0.273709,0.15,1,1871602,1871141,461
141299681,44.7083,42.7658,473,37864,0.295484,0.15,1,1871647,1871174,473
141317201,34.8887,33.4785,463,38198,0.406908,0.15,1,1871837,1871374,463
141320121,29.5555,33.7914,455,38253,0.420763,0.19,1,1871863,1871408,455
141393121,36.8854,36.0034,454,39611,0.761995,0.73,2,1872734,1872280,454
141396041,32.1542,30.0014,457,39664,0.754798,0.73,2,1872763,1872306,457
141398961,28.4617,28.2005,456,39717,0.787919,0.69,2,1872789,1872333,456
141401881,32.3847,31.6802,457,39770,0.789168,0.71,2,1872824,1872367,457
141431081,37.1408,32.8966,498,40299,0.940239,0.77,2,1873193,1872695,498
141434001,31.6563,36.5586,487,40351,0.934095,0.75,2,1873221,1872734,487
141436921,28.8625,32.0235,485,40403,0.919638,0.81,2,1873248,1872763,485
141439841,33.145,28.4094,495,40455,0.937855,0.79,2,1873284,1872789,495
141587301,315.718,337.132,474,18980,0.40408,0.94,1,1875098,1874624,474
141593141,138.595,144.301,490,19203,0.0898528,0.49,1,1875297,1874807,490
141596061,113.038,118.92,484,19314,0.0899411,0.17,1,1875393,1874909,484
141598981,81.8152,99.7682,458,19424,0.0659764,0.11,1,1875454,1874996,458
141601901,56.1261,71.7073,444,19533,0.0443906,0.13,1,1875493,1875049,444
141604821,27.8504,41.2829,432,19642,0.0357562,0.01,1,1875502,1875070,432
141607741,74.1402,33.3132,509,19750,0.0323025,0.03,1,1875607,1875098,509
141610661,96.8561,65.5253,534,19857,0.054921,0.03,1,1875719,1875185,534
141613581,98.1424,93.4101,521,19964,0.0999684,0.09,1,1875818,1875297,521
141625261,74.93,26.6937,529,20386,0.0831512,0.03,1,1876031,1875502,529
141628181,97.172,73.6775,536,20490,0.0752605,0.07,1,1876143,1875607,536
141631101,100.069,96.671,526,20594,0.0961042,0.13,1,1876245,1875719,526
141651541,94.7171,100.069,428,21304,0.229879,0.17,1,1876673,1876245,428
141663221,72.4616,72.5794,430,21700,0.409901,0.17,1,1876884,1876454,430
141666141,30.1846,30.2317,430,21798,0.44596,0.17,1,1876886,1876456,430
141709941,82.0385,30.5874,564,23214,0.772289,0.63,2,1877893,1877329,564
141712861,100.015,80.635,562,23305,0.794916,0.63,2,1878005,1877443,562
141721621,28.961,54.6246,464,23577,0.912715,0.63,2,1878123,1877659,464
141724541,76.9844,27.8499,563,23667,0.923086,0.73,2,1878232,1877669,563
141727461,31.9938,74.7399,459,23757,0.927234,0.73,2,1878234,1877775,459
141826741,85.6866,81.746,565,26623,0.9256,1,2,1880344,1879779,565
141841341,37.2902,33.6316,518,27019,0.233225,1,1,1880558,1880040,518
141844261,43.1161,57.8527,491,27097,0.0992901,1,1,1880605,1880114,491
141847181,44.8464,46.5411,498,27175,0.0697161,0.94,1,1880651,1880153,498
141853021,75.5754,85.6866,469,27331,0.0603546,0.77,1,1880813,1880344,469
141855941,63.2302,73.2746,459,27408,0.0541418,0.65,1,1880868,1880409,459
141858861,40.8921,50.9098,449,27485,0.0276567,0.41,1,1880894,1880445,449
141861781,37.9568,48.5639,438,27562,0.0650627,0.29,1,1880930,1880492,438
141864701,28.3827,36.2256,432,27639,0.0440251,0.13,1,1880952,1880520,432
141867621,31.1531,37.2902,427,27716,0.03561,0.01,1,1880985,1880558,427
141870541,38.2612,43.1161,423,27792,0.032244,0.05,1,1881028,1880605,423
141873461,42.3045,44.8464,422,27868,0.0428976,0.13,1,1881073,1880651,422
141876381,66.7218,65.9386,425,27944,0.035159,0.03,1,1881156,1880731,425
141879301,74.0887,75.5754,422,28020,0.0560636,0.05,1,1881235,1880813,422
141882221,62.6355,63.2302,422,28096,0.0524254,0.01,1,1881290,1880868,422
141885141,40.6542,40.8921,422,28171,0.0749702,0.09,1,1881316,1880894,422
141888061,38.4617,37.9568,423,28246,0.0719881,0.03,1,1881353,1880930,423
141890981,27.9847,28.3827,422,28321,0.0827952,0.03,1,1881374,1880952,422
141893901,30.9939,31.1531,422,28396,0.0751181,0.03,1,1881407,1880985,422
141896821,37.5975,12.4612,464,28471,0.0360472,0.03,1,1881449,1880985,464
141899741,43.239,30.7845,468,28545,0.0324189,0.05,1,1881496,1881028,468
141902661,66.4956,39.3138,505,28619,0.0309676,0.03,1,1881578,1881073,505
141905581,75.1982,65.5255,503,28693,0.054387,0.07,1,1881659,1881156,503
141908501,64.8793,73.6102,482,28767,0.0517548,0.05,1,1881717,1881235,482
141911421,39.1517,62.4441,449,28841,0.0507019,0.09,1,1881739,1881290,449
141914341,38.4607,40.5776,461,28914,0.0742808,0.07,1,1881777,1881316,461
141917261,27.3843,38.4311,444,28987,0.0957123,0.09,1,1881797,1881353,444
141926021,43.7046,37.5956,470,29206,0.0850856,0.03,1,1881919,1881449,470
141928941,66.6818,43.2382,505,29278,0.0640342,0.03,1,1882001,1881496,505
141931861,75.8727,66.4953,505,29350,0.0556137,0.07,1,1882083,1881578,505
141934781,64.5491,75.1981,481,29422,0.0402455,0.05,1,1882140,1881659,481
141937701,39.0196,64.8792,445,29494,0.0460982,0.05,1,1882162,1881717,445
141940621,40.2079,39.1517,464,29566,0.0724393,0.09,1,1882203,1881739,464
141943541,28.0831,38.4607,446,29638,0.0589757,0.11,1,1882223,1881777,446
141946461,30.4333,27.3843,458,29709,0.0655903,0.11,1,1882255,1881797,458
141949381,36.1733,30.1537,466,29780,0.0802361,0.11,1,1882295,1881829,466
141952301,15.6693,37.2615,426,29851,0.0860944,0.07,1,1882297,1881871,426
141958141,61.1871,66.6818,422,29993,0.0869751,0.05,1,1882423,1882001,422
141961061,74.8748,75.8727,424,30064,0.08879,0.03,1,1882507,1882083,424
141963981,63.5499,64.5491,423,30134,0.041516,0.05,1,1882563,1882140,423
141966901,39.22,39.0196,424,30204,0.0466064,0.09,1,1882586,1882162,424
141969821,40.288,40.2079,424,30274,0.0606426,0.05,1,1882627,1882203,424
141972741,28.7152,28.0831,425,30344,0.078257,0.07,1,1882648,1882223,425
142013621,34.5615,34.5223,427,31306,0.20496,0.15,1,1883197,1882770,427
142016541,59.4246,13.8089,503,31374,0.231984,0.09,1,1883273,1882770,503
142019461,75.3698,51.1236,513,31441,0.254794,0.13,1,1883359,1882846,513
142022381,61.3479,72.0494,479,31508,0.287917,0.15,1,1883411,1882932,479
142045741,60.5752,34.5593,509,32041,0.417321,0.25,1,1883706,1883197,509
142048661,76.4301,59.4237,520,32107,0.448928,0.27,1,1883793,1883273,520
142095381,32.3096,32.2553,447,33145,0.755136,0.53,2,1884423,1883976,447
142098301,38.1238,37.5021,448,33209,0.752054,0.53,2,1884465,1884017,448
142101221,16.4495,16.2008,448,33273,0.774822,0.53,2,1884467,1884019,448
142115821,46.2974,45.4069,452,33589,0.911035,0.61,2,1884746,1884294,452
142118741,35.319,34.9627,452,33652,0.922414,0.65,2,1884774,1884322,452
142121661,41.1276,39.1851,455,33715,0.914966,0.75,2,1884819,1884364,455
142127501,34.3004,32.3096,459,33841,0.941994,0.75,2,1884882,1884423,459
142130421,38.9202,38.1238,459,33903,0.946798,0.79,2,1884924,1884465,459
142273501,57.3519,63.1153,497,36833,0.9244,1,2,1886989,1886492,497
142279341,55.9763,51.8585,509,36947,0.408304,1,1,1887130,1886621,509
142282261,42.7905,38.7434,513,37004,0.277322,1,1,1887164,1886651,513
142285181,28.5162,34.6974,500,37061,0.224929,1,1,1887183,1886683,500
142291021,33.9626,33.8716,503,37175,0.0587886,1,1,1887253,1886750,503
142293941,30.385,13.5486,531,37232,0.0655154,1,1,1887281,1886750,531
142296861,24.154,26.4195,516,37289,0.0322062,1,1,1887301,1886785,516
142299781,25.8616,30.3678,510,37346,0.0668825,1,1,1887328,1886818,510
142302701,30.1446,28.9471,515,37403,0.056753,1,1,1887361,1886846,515
142305621,30.6579,33.1788,510,37459,0.0767012,0.96,1,1887392,1886882,510
142308541,45.8631,33.6715,532,37515,0.0966805,0.89,1,1887448,1886916,532
142331901,26.8415,30.3849,446,37963,0.0603014,0.01,1,1887727,1887281,446
142334821,25.7366,24.154,451,38019,0.0301205,0.09,1,1887752,1887301,451
142337741,30.6946,25.8616,458,38075,0.0180482,0.05,1,1887786,1887328,458
142340661,32.0779,30.1446,458,38130,0.0252193,0.09,1,1887819,1887361,458
142343581,46.4311,30.6579,483,38185,0.0400877,0.11,1,1887875,1887392,483
142346501,70.1725,45.8631,513,38240,0.0940351,0.13,1,1887961,1887448,513
142372781,23.9626,25.7366,424,38735,0.0906263,0.01,1,1888176,1887752,424
142375701,29.985,30.6946,424,38790,0.0662505,0.03,1,1888210,1887786,424
142378621,31.794,32.0779,424,38844,0.0925002,0.05,1,1888243,1887819,424
142387381,49.1228,48.469,428,39006,0.20968,0.11,1,1888423,1887995,428
142390301,35.2491,35.5876,427,39060,0.257872,0.13,1,1888449,1888022,427
142393221,23.0996,22.035,429,39114,0.265149,0.17,1,1888464,1888035,429
142396141,27.8399,26.814,430,39168,0.26806,0.19,1,1888495,1888065,430
142399061,29.7359,28.7256,431,39222,0.281224,0.15,1,1888526,1888095,431
142401981,27.4944,28.2902,429,39276,0.28649,0.15,1,1888552,1888123,429
142404901,12.1978,12.5161,429,39330,0.288596,0.15,1,1888554,1888125,429
142428261,36.4559,35.2491,434,39757,0.400025,0.27,1,1888883,1888449,434
142431181,24.1824,23.0996,435,39810,0.40601,0.27,1,1888899,1888464,435
142434101,28.2729,27.8399,435,39863,0.432404,0.29,1,1888930,1888495,435
142501261,51.9878,74.8823,487,41065,0.758529,0.59,2,1889746,1889259,487
142504181,38.7951,52.1529,480,41116,0.789412,0.61,2,1889776,1889296,480
142542141,52.8241,51.9878,461,41779,0.938127,0.81,2,1890207,1889746,461
142696901,29.5166,23.1934,535,44377,0.934,1,2,1891946,1891411,535
142729021,26.5675,26.4918,489,44895,0.924238,1,2,1892329,1891840,489
142731941,32.227,17.1967,514,44942,0.939695,1,2,1892365,1891851,514
142737781,19.5563,28.7915,485,45036,0.924351,0.89,2,1892401,1891916,485
142740701,25.2225,29.5166,484,45083,0.939741,1,2,1892430,1891946,484
142761141,39.2833,35.6059,478,45411,0.938658,1,2,1892695,1892217,478
142764061,37.9133,35.2424,480,45457,0.921463,1,2,1892732,1892252,480
142766981,24.7653,27.2969,474,45503,0.902585,0.96,2,1892748,1892274,474
142769901,25.5061,28.9188,470,45549,0.907034,0.89,2,1892774,1892304,470
142772821,25.2025,26.5675,470,45595,0.920814,0.95,2,1892799,1892329,470
142775741,36.481,32.227,478,45641,0.926325,1,2,1892843,1892365,478
142778661,22.3924,24.8908,471,45687,0.91653,0.89,2,1892856,1892385,471
142781581,17.357,19.5563,469,45733,0.912612,0.95,2,1892870,1892401,469
142784501,25.5428,25.2225,471,45779,0.935045,0.99,2,1892901,1892430,471
142936341,32.9518,33.0272,493,48116,0.944464,1,2,1894547,1894054,493
142950941,40.2398,25.5737,513,48336,0.938231,1,2,1894724,1894211,513
142956781,24.9184,30.8518,504,48424,0.904917,1,2,1894774,1894270,504
142959701,19.5673,27.3407,495,48468,0.907967,1,2,1894790,1894295,495
142962621,29.4269,23.5363,510,48511,0.909187,1,2,1894826,1894316,510
142965541,33.3708,24.4145,521,48554,0.933675,1,2,1894862,1894341,521
143193301,352.999,361.66,513,23360,0.442,0.93,1,1897500,1896987,513
143237101,93.824,105.346,476,24266,0.049168,0.37,1,1897786,1897310,476
143240021,83.7296,85.9385,480,24353,0.0856672,0.17,1,1897863,1897383,480
143254621,43.6475,55.3168,438,24785,0.0486756,0.05,1,1898069,1897631,438
143257541,62.459,75.5267,424,24871,0.0614703,0.01,1,1898144,1897720,424
143260461,64.5836,69.8107,424,24956,0.0785881,0.11,1,1898210,1897786,424
143275061,53.0821,56.3728,424,25378,0.224629,0.01,1,1898458,1898034,424
143277981,41.6329,43.5491,423,25461,0.239851,0.01,1,1898492,1898069,423
143280901,61.0531,17.4196,497,25544,0.257941,0.07,1,1898566,1898069,497
143283821,64.6213,51.9679,489,25627,0.265176,0.09,1,1898633,1898144,489
143292581,38.3838,49.8619,457,25874,0.406971,0.21,1,1898782,1898325,457
143295501,42.3535,36.7448,474,25956,0.420788,0.19,1,1898827,1898353,474
143345141,42.6993,42.9947,450,27310,0.766435,0.63,2,1899719,1899269,450
143374341,59.9689,59.0797,462,28076,0.934445,0.85,2,1900251,1899789,462
143459021,39.2786,47.1359,472,30185,0.935141,1,2,1901695,1901223,472
143464861,48.4046,40.9017,492,30325,0.750823,0.94,2,1901821,1901329,492
143511581,30.984,23.0011,477,31423,0.761013,0.53,2,1902516,1902039,477
143514501,51.3936,28.4005,510,31490,0.766405,0.47,2,1902581,1902071,510
143517421,37.3574,50.3602,473,31557,0.792562,0.55,2,1902609,1902136,473
143523261,44.2572,66.8576,479,31691,0.91041,0.69,2,1902728,1902249,479
143526181,38.1029,43.5431,485,31758,0.946164,0.65,2,1902762,1902277,485
143605021,25.3494,21.5654,485,33509,0.946,1,2,1903945,1903460,485
143698461,35.4189,37.5842,519,35473,0.285692,1,1,1905392,1904873,519
143701381,32.1676,30.0337,524,35533,0.228277,1,1,1905422,1904898,524
143721821,58.1352,66.363,444,35946,0.20361,0.37,1,1905691,1905247,444
143724741,42.4541,47.5452,441,36005,0.255444,0.33,1,1905723,1905282,441
143727661,36.1816,40.6181,437,36064,0.252178,0.31,1,1905755,1905318,437
143730581,39.0727,42.0472,435,36123,0.238871,0.25,1,1905796,1905361,435
143733501,32.4291,35.4189,432,36182,0.257548,0.19,1,1905824,1905392,432
143736421,30.9716,32.1676,432,36240,0.265019,0.09,1,1905854,1905422,432
143739341,29.7887,33.267,427,36298,0.232008,0.11,1,1905883,1905456,427
143742261,23.9155,24.7068,428,36356,0.218803,0.17,1,1905903,1905475,428
143745181,23.9662,24.2827,428,36414,0.237521,0.17,1,1905927,1905499,428
143748101,24.5865,24.1131,429,36472,0.257008,0.15,1,1905952,1905523,429
143751021,47.0346,46.8452,429,36530,0.288803,0.17,1,1906014,1905585,429
143762701,35.6681,36.1816,432,36762,0.435793,0.23,1,1906187,1905755,432
143765621,39.4672,39.0727,433,36819,0.432317,0.27,1,1906229,1905796,433
143768541,32.5869,32.4291,433,36876,0.430927,0.27,1,1906257,1905824,433
143780221,25.0022,23.9662,434,37104,0.4402,0.27,1,1906361,1905927,434
143824021,42.7327,47.5603,487,37950,0.781385,0.59,2,1906935,1906448,487
143826941,65.0931,41.2241,530,38006,0.786554,0.63,2,1907015,1906485,530
143829861,47.0372,63.2896,487,38062,0.788622,0.63,2,1907050,1906563,487
143832781,39.2149,46.3159,486,38118,0.789449,0.69,2,1907084,1906598,486
143835701,40.886,37.1263,497,38173,0.789779,0.69,2,1907126,1906629,497
143864901,54.4145,65.0931,461,38723,0.937704,0.79,2,1907476,1907015,461
143867821,42.7658,47.0372,461,38778,0.945082,0.79,2,1907511,1907050,461
144007981,45.2649,27.9946,533,41308,0.907446,1,2,1909239,1908706,533
144013821,45.5224,40.5991,518,41410,0.782391,1,2,1909325,1908807,518
144037181,33.457,32.0982,487,41818,0.428791,1,1,1909586,1909099,487
144040101,33.1828,26.6393,497,41868,0.417516,1,1,1909619,1909122,497
144043021,18.0731,28.6557,475,41918,0.401007,0.94,1,1909627,1909152,475
144045941,25.2292,30.6623,473,41968,0.406403,0.87,1,1909657,1909184,473
144072221,31.818,33.606,444,42418,0.413118,0.43,1,1909964,1909520,444
144075141,29.5272,32.6424,440,42468,0.447247,0.41,1,1909992,1909552,440
144145221,31.5659,31.7295,481,43646,0.761816,0.63,2,1910763,1910282,481
144148141,26.4264,30.0918,475,43694,0.778726,0.69,2,1910786,1910311,475
144151061,33.9705,25.2367,492,43742,0.785491,0.67,2,1910825,1910333,492
144162741,35.6456,33.1373,493,43934,0.907869,0.75,2,1910963,1910470,493
144165661,19.0583,34.2549,466,43982,0.921147,0.75,2,1910971,1910505,466
144168581,25.6233,18.502,488,44030,0.926459,0.73,2,1911001,1910513,488
144335021,29.4641,23.6051,516,46681,0.91048,1,2,1912841,1912325,516
144340861,28.7143,33.0568,518,46771,0.928077,1,2,1912905,1912387,518
144349621,33.3497,33.1476,523,46906,0.779637,1,2,1913003,1912480,523
144370061,29.7959,30.0676,505,47221,0.750717,1,2,1913222,1912717,505
144372981,35.3184,33.627,508,47266,0.750287,0.93,2,1913261,1912753,508
144375901,28.5274,32.6508,500,47311,0.774115,0.83,2,1913285,1912785,500
144378821,25.8109,28.6603,498,47356,0.795646,0.93,2,1913309,1912811,498
144408021,35.5157,33.1866,459,47797,0.904357,0.71,2,1913599,1913140,459
144410941,29.8063,29.4746,458,47841,0.907743,0.73,2,1913625,1913167,458
144416781,28.529,29.7959,454,47929,0.916839,0.75,2,1913676,1913222,454
144422621,30.2446,28.5274,462,48017,0.901494,0.81,2,1913747,1913285,462
144425541,27.6979,25.8109,464,48061,0.906598,0.85,2,1913773,1913309,464
144428461,12.2791,11.5244,464,48105,0.908639,0.85,2,1913775,1913311,464
144431381,25.9117,26.8098,462,48149,0.933456,0.85,2,1913810,1913348,462
144434301,24.7647,23.9239,464,48193,0.931382,0.85,2,1913834,1913370,464
144437221,23.1059,23.9696,462,48237,0.930553,0.87,2,1913856,1913394,462
144440141,32.6423,32.3878,463,48281,0.942221,0.85,2,1913895,1913432,463
144641621,63.5046,78.2678,496,23810,0.445072,1,1,1916154,1915658,496
144647461,44.1207,66.6428,481,23988,0.233212,1,1,1916267,1915786,481
144650381,33.8483,39.8571,486,24076,0.207285,1,1,1916294,1915808,486
144667901,75.6048,80.6623,434,24599,0.251641,0.17,1,1916682,1916248,434
144670821,40.4419,43.6649,432,24685,0.250657,0.19,1,1916699,1916267,432
144673741,29.9768,33.666,428,24771,0.238263,0.13,1,1916722,1916294,428
144676661,35.3907,36.8664,428,24857,0.257305,0.11,1,1916761,1916333,428
144694181,40.0633,40.4416,432,25364,0.434438,0.23,1,1917131,1916699,432
144732141,64.4558,71.8105,504,26429,0.76162,0.51,2,1917861,1917357,504
144735061,49.7823,63.5242,486,26509,0.790648,0.53,2,1917901,1917415,486
144758421,61.0656,64.4558,462,27141,0.938443,0.81,2,1918323,1917861,462
144878141,40.84,40.116,498,30173,0.9436,1,2,1920436,1919938,498
144910261,31.1535,37.936,460,30936,0.0988434,0.63,1,1920932,1920472,460
144913181,52.6614,60.1744,452,31004,0.0695374,0.51,1,1920999,1920547,452
144924861,41.9513,48.2445,430,31276,0.21418,0.25,1,1921162,1920732,430
144936541,32.0196,45.1071,450,31546,0.227963,0.11,1,1921327,1920877,450
144939461,30.2078,33.6428,453,31613,0.229185,0.09,1,1921356,1920903,453
144942381,51.6831,30.8571,490,31680,0.253674,0.05,1,1921422,1920932,490
144945301,40.4733,52.5429,456,31747,0.27547,0.15,1,1921455,1920999,456
144948221,47.9893,37.8171,481,31814,0.296188,0.19,1,1921508,1921027,481
145024141,28.2472,28.1284,454,33499,0.760857,0.65,2,1922602,1922148,454
145027061,32.2989,31.6514,455,33562,0.766343,0.69,2,1922637,1922182,455
145029981,29.1195,28.8605,455,33625,0.780537,0.73,2,1922664,1922209,455
145032901,30.2478,29.5442,456,33688,0.798215,0.67,2,1922695,1922239,456
145038741,41.5597,41.5671,454,33814,0.796114,0.69,2,1922797,1922343,454
145062101,28.7961,12.9195,485,34311,0.943895,0.79,2,1923122,1922637,485
145205181,230.111,195.546,545,16192,0.29368,0.69,1,1925296,1924751,545
145208101,158.044,148.418,538,16323,0.219472,0.49,1,1925406,1924868,538
145211021,105.818,142.167,471,16453,0.213789,0.25,1,1925477,1925006,471
145213941,66.9271,104.867,432,16582,0.223516,0.21,1,1925518,1925086,432
145216861,42.9708,47.9468,449,16710,0.239406,0.19,1,1925545,1925096,449
145257741,79.5776,91.258,448,18408,0.753967,0.53,2,1926803,1926355,448
145269421,54.2612,53.3602,453,18865,0.90063,0.73,2,1927068,1926615,453
145321981,69.1852,133.029,501,20797,0.9412,1,2,1928501,1928000,501
145327821,84.2696,95.8047,551,21000,0.775792,1,2,1928683,1928132,551
145348261,82.2813,84.2696,464,21698,0.907251,0.87,2,1929147,1928683,464
145351181,37.7125,42.1079,458,21796,0.9449,0.83,2,1929155,1928697,458
145488421,41.6718,50.9711,506,25975,0.928,1,2,1932120,1931614,506
145494261,75.9075,39.7154,579,26138,0.78568,1,2,1932269,1931690,579
145505941,59.884,71.7447,531,26461,0.285217,1,1,1932519,1931988,531
145508861,43.7536,64.6979,504,26541,0.204087,0.95,1,1932552,1932048,504
145514701,43.8406,41.6717,515,26701,0.0626539,0.83,1,1932635,1932120,515
145517621,70.3362,50.2687,547,26780,0.0250616,0.73,1,1932723,1932176,547
145520541,51.5345,75.9075,493,26859,0.0280246,0.61,1,1932762,1932269,493
145523461,21.8138,55.563,453,26938,0.0292099,0.53,1,1932764,1932311,453
145526381,56.1255,75.0252,444,27017,0.0176839,0.37,1,1932843,1932399,444
145529301,59.0502,70.2101,438,27095,0.0610736,0.17,1,1932904,1932466,438
145532221,51.2201,59.884,431,27173,0.0664294,0.15,1,1932950,1932519,431
145535141,37.888,43.7536,427,27251,0.0805718,0.05,1,1932979,1932552,427
145538061,33.7552,39.1014,422,27329,0.0742287,0.03,1,1933010,1932588,422
145540981,42.3021,43.8406,423,27406,0.0836915,0,1,1933058,1932635,423
145543901,69.7208,70.3362,423,27483,0.0394766,0.03,1,1933146,1932723,423
145546821,50.6883,51.5345,422,27560,0.0337906,0.03,1,1933184,1932762,422
145549741,21.4753,21.8138,422,27637,0.0315163,0.01,1,1933186,1932764,422
145552661,55.9901,56.1255,422,27714,0.0426065,0.09,1,1933265,1932843,422
145555581,61.3961,59.0502,426,27790,0.0470426,0.07,1,1933330,1932904,426
145558501,50.3584,51.2201,423,27866,0.096817,0.09,1,1933373,1932950,423
145567261,42.7029,42.3021,424,28094,0.0702763,0.01,1,1933482,1933058,424
145570181,68.6812,69.7208,422,28169,0.0341105,0.03,1,1933568,1933146,422
145573101,50.8725,50.6883,423,28244,0.0196442,0.03,1,1933607,1933184,423
145576021,21.549,21.4753,423,28319,0.0138577,0.05,1,1933609,1933186,423
145578941,55.4196,55.9901,422,28394,0.0355431,0.05,1,1933687,1933265,422
145581861,61.1678,22.3961,487,28469,0.0442172,0.05,1,1933752,1933265,487
145584781,52.0671,47.9584,468,28543,0.0836869,0.13,1,1933798,1933330,468
145587701,38.8269,44.9834,455,28617,0.0994748,0.13,1,1933828,1933373,455
145593541,41.6123,32.3973,472,28765,0.089116,0.05,1,1933905,1933433,472
145596461,67.6449,42.3589,508,28839,0.0896464,0.01,1,1933990,1933482,508
145599381,49.858,68.5436,460,28912,0.0778586,0.01,1,1934028,1933568,460
145602301,21.1432,50.8174,423,28985,0.0731434,0.01,1,1934030,1933607,423
145605221,56.4573,21.527,501,29058,0.0832574,0.05,1,1934110,1933609,501
145608141,63.3829,55.4108,491,29131,0.0873029,0.05,1,1934178,1933687,491
145616901,33.9125,38.8263,457,29348,0.210307,0.13,1,1934285,1933828,457
145619821,39.965,33.5305,471,29420,0.222123,0.07,1,1934329,1933858,471
145622741,66.386,41.6122,508,29492,0.262849,0.09,1,1934413,1933905,508
145625661,49.9544,67.6449,462,29564,0.26714,0.07,1,1934452,1933990,462
145628581,21.1818,49.858,426,29636,0.268856,0.07,1,1934454,1934028,426
145631501,57.0727,21.1432,505,29707,0.281542,0.09,1,1934535,1934030,505
145634421,65.4291,56.4573,496,29778,0.274617,0.09,1,1934606,1934110,496
145637341,27.3716,63.3829,430,29849,0.271847,0.17,1,1934608,1934178,430
145660701,57.6794,57.0727,436,30412,0.411492,0.27,1,1934971,1934535,436
145692821,67.5939,65.0717,445,31168,0.754817,0.51,2,1935486,1935041,445
145695741,28.2375,27.2287,445,31236,0.775927,0.53,2,1935488,1935043,445
145698661,41.295,40.2915,446,31304,0.784371,0.53,2,1935538,1935092,446
145701581,38.118,16.1166,482,31372,0.775748,0.55,2,1935574,1935092,482
145704501,35.0472,26.8466,481,31439,0.796299,0.59,2,1935607,1935126,481
145724941,28.7987,67.578,460,31907,0.902512,0.79,2,1935946,1935486,460
145727861,42.1195,28.2312,509,31973,0.907005,0.79,2,1935997,1935488,509
145730781,39.0478,41.2925,496,32039,0.932802,0.77,2,1936034,1935538,496
145733701,37.2191,38.117,496,32105,0.919121,0.81,2,1936070,1935574,496
145736621,41.2876,35.0468,507,32171,0.937648,0.87,2,1936114,1935607,507
145859261,40.5013,40.6301,516,34824,0.903616,1,2,1937980,1937464,516
145862181,34.2005,37.852,510,34885,0.799446,1,2,1938010,1937500,510
145876781,49.0616,38.4593,529,35186,0.27546,1,1,1938231,1937702,529
145882621,46.8499,61.8335,509,35306,0.0608736,0.99,1,1938344,1937835,509
145885541,36.7399,43.3334,508,35366,0.0423494,1,1,1938374,1937866,508
145888461,35.696,37.1334,510,35426,0.0469398,1,1,1938409,1937899,510
145891381,32.2784,38.2533,501,35486,0.0487759,0.84,1,1938439,1937938,501
145894301,29.7114,40.5013,487,35546,0.0495104,0.73,1,1938467,1937980,487
145897221,31.6845,34.2005,490,35605,0.0258041,0.71,1,1938500,1938010,490
145900141,40.2738,35.2802,500,35664,0.0403217,0.57,1,1938546,1938046,500
145903061,17.3095,50.7121,441,35723,0.0221287,0.53,1,1938548,1938107,441
145905981,24.3238,35.8848,444,35782,0.0268515,0.39,1,1938577,1938133,444
145908901,33.1295,40.1539,440,35841,0.0407406,0.15,1,1938616,1938176,440
145911821,36.6518,49.0616,424,35900,0.0702962,0.07,1,1938655,1938231,424
145914741,61.4607,67.6246,422,35959,0.0581185,0,1,1938733,1938311,422
145917661,44.9843,46.8499,423,36018,0.0532474,0.03,1,1938767,1938344,423
145920581,35.3937,36.7399,422,36077,0.027299,0.05,1,1938796,1938374,422
145923501,35.7575,35.696,423,36136,0.0409196,0.05,1,1938832,1938409,423
145926421,33.503,32.2784,425,36194,0.0343678,0.05,1,1938864,1938439,425
145929341,28.4012,29.7114,422,36252,0.0677471,0.01,1,1938889,1938467,422
145932261,32.9605,31.6845,425,36310,0.0270989,0.05,1,1938925,1938500,425
145935181,38.9842,40.2738,422,36368,0.0408395,0.01,1,1938968,1938546,422
145938101,16.7937,17.3095,422,36426,0.0463358,0.03,1,1938970,1938548,422
145941021,25.9175,24.3238,425,36484,0.0365343,0.05,1,1939002,1938577,425
145943941,31.967,33.1295,422,36542,0.0926137,0.09,1,1939038,1938616,422
145946861,38.5868,36.6518,426,36600,0.0790455,0.05,1,1939081,1938655,426
145949781,62.2347,61.4607,426,36658,0.0496182,0.05,1,1939159,1938733,426
145952701,42.8939,44.9843,422,36716,0.0498473,0.01,1,1939189,1938767,422
145955621,34.5576,35.3937,422,36774,0.0379389,0.05,1,1939218,1938796,422
145958541,35.423,35.7575,422,36831,0.0691756,0.03,1,1939254,1938832,422
145961461,35.1692,33.503,425,36888,0.0336702,0.09,1,1939289,1938864,425
145964381,27.2677,28.4012,422,36945,0.0554681,0,1,1939311,1938889,422
145967301,32.5071,32.9605,422,37002,0.0281872,0.05,1,1939347,1938925,422
145970221,40.6028,38.9842,425,37059,0.0412749,0.05,1,1939393,1938968,425
145973141,17.4411,16.7937,425,37116,0.04651,0.03,1,1939395,1938970,425
145976061,24.3765,25.9175,422,37173,0.036604,0.03,1,1939424,1939002,422
145978981,31.9506,10.367,459,37230,0.0446416,0.13,1,1939461,1939002,459
145981901,38.5802,25.7468,466,37287,0.0598566,0.07,1,1939504,1939038,466
145984821,61.0321,36.0987,499,37344,0.0659427,0.03,1,1939580,1939081,499
145987741,43.0128,61.2395,452,37401,0.0563771,0.05,1,1939611,1939159,452
145990661,34.0051,42.4958,450,37457,0.0765508,0.03,1,1939639,1939189,450
145993581,36.4021,34.3983,459,37513,0.0966203,0.09,1,1939677,1939218,459
145996501,34.3608,35.3593,456,37569,0.0686481,0.01,1,1939710,1939254,456
145999421,28.1443,35.1437,445,37625,0.0334592,0.07,1,1939734,1939289,445
146002341,32.2577,27.2575,458,37681,0.0433837,0.01,1,1939769,1939311,458
146005261,39.9031,32.503,467,37737,0.0593535,0.05,1,1939814,1939347,467
146008181,17.1612,40.6012,423,37793,0.0657414,0.05,1,1939816,1939393,423
146011101,24.2645,17.4405,450,37849,0.0802966,0.03,1,1939845,1939395,450
146014021,33.1058,24.3762,460,37905,0.0621186,0.05,1,1939884,1939424,460
146016941,39.6423,31.9505,467,37961,0.0788474,0.07,1,1939928,1939461,467
146028621,38.5652,34.0051,464,38183,0.20021,0.11,1,1940103,1939639,464
146031541,33.4261,36.4021,456,38238,0.218084,0.05,1,1940133,1939677,456
146034461,26.5704,34.3608,445,38293,0.237234,0.01,1,1940155,1939710,445
146037381,32.8282,28.1443,458,38348,0.244893,0.05,1,1940192,1939734,458
146040301,40.7313,32.2577,469,38403,0.271957,0.07,1,1940238,1939769,469
146043221,17.4925,39.9031,426,38458,0.282783,0.07,1,1940240,1939814,426
146046141,23.797,17.1612,452,38513,0.287113,0.09,1,1940268,1939816,452
146049061,32.9188,24.2645,462,38568,0.288845,0.05,1,1940307,1939845,462
146051981,14.3675,33.1058,425,38623,0.289538,0.09,1,1940309,1939884,425
146081181,18.0033,17.4925,436,39166,0.400459,0.29,1,1940676,1940240,436
146084101,24.6013,23.797,437,39220,0.418184,0.29,1,1940705,1940268,437
146087021,32.6405,32.9188,436,39274,0.401273,0.29,1,1940743,1940307,436
146089941,14.2562,14.3675,436,39328,0.418509,0.35,1,1940745,1940309,436
146092861,33.9025,33.347,437,39382,0.437404,0.35,1,1940792,1940355,437
146151261,33.2099,27.2746,485,40440,0.771829,0.59,2,1941513,1941028,485
146154181,45.684,32.5098,503,40492,0.782732,0.57,2,1941567,1941064,503
146157101,19.4736,44.2039,453,40544,0.787093,0.59,2,1941569,1941116,453
146160021,24.5894,18.8816,479,40596,0.776837,0.61,2,1941597,1941118,479
146162941,33.2358,24.3526,490,40648,0.796735,0.63,2,1941636,1941146,490
146180461,42.2617,33.3255,505,40960,0.903162,0.71,2,1941880,1941375,505
146183381,36.1047,41.5302,490,41012,0.907265,0.75,2,1941912,1941422,490
146186301,27.6419,35.8121,480,41063,0.908906,0.75,2,1941934,1941454,480
146189221,34.4567,27.5248,497,41114,0.945562,0.79,2,1941973,1941476,497
146355661,193.244,187.867,514,19818,0.4036,1,1,1944009,1943495,514
146358581,110.898,118.347,498,19925,0.29944,1,1,1944065,1943567,498
146364421,81.2236,100.776,489,20137,0.0611104,0.83,1,1944244,1943755,489
146367341,78.0895,76.9102,504,20242,0.0424442,0.59,1,1944320,1943816,504
146370261,48.0358,71.5641,464,20347,0.0349777,0.49,1,1944348,1943884,464
146373181,78.0143,43.0256,538,20451,0.0439911,0.21,1,1944446,1943908,538
146376101,60.0057,77.8103,485,20555,0.0835964,0.23,1,1944494,1944009,485
146379021,93.0023,64.7241,544,20658,0.0874386,0.03,1,1944609,1944065,544
146381941,72.0009,99.0896,480,20761,0.0529754,0.01,1,1944667,1944187,480
146384861,75.0004,73.8359,500,20863,0.0391902,0.03,1,1944744,1944244,500
146387781,46.2001,75.1343,451,20965,0.0696761,0.03,1,1944771,1944320,451
146390701,19.6801,46.8537,425,21066,0.0578704,0.05,1,1944773,1944348,425
146405301,74.6764,74.9883,423,21565,0.0831814,0.09,1,1945167,1944744,423
146408221,46.6706,46.1953,424,21663,0.0992726,0.05,1,1945195,1944771,424
146419901,92.2316,90.2274,429,22052,0.207165,0.13,1,1945462,1945033,429
146422821,68.6926,69.691,426,22148,0.232866,0.05,1,1945515,1945089,426
146425741,72.477,74.6764,423,22244,0.291146,0.11,1,1945590,1945167,423
146489981,75.4453,76.3536,453,24254,0.797267,0.63,2,1946927,1946474,453
146507501,88.6281,86.0329,459,24773,0.90849,0.77,2,1947249,1946790,459
146510421,69.0512,68.6131,458,24859,0.945396,0.83,2,1947305,1946847,458
146627221,48.7056,51.7939,485,28065,0.91,1,2,1949544,1949059,485
146641821,40.9368,18.899,521,28440,0.244067,1,1,1949823,1949302,521
146644741,37.3747,35.1596,510,28514,0.0976269,1,1,1949858,1949348,510
146647661,41.9499,36.8638,517,28588,0.0810507,1,1,1949903,1949386,517
146650581,59.38,36.3455,552,28662,0.0504203,1,1,1949974,1949422,552
146653501,45.352,65.5382,503,28736,0.0501681,0.85,1,1950010,1949507,503
146656421,55.3408,48.4153,528,28810,0.0620673,0.73,1,1950072,1949544,528
146659341,61.1363,63.1661,520,28883,0.0788269,0.49,1,1950137,1949617,520
146676861,61.6541,41.9494,499,29320,0.0763952,0.03,1,1950402,1949903,499
146679781,43.2616,59.3798,459,29392,0.0725581,0.05,1,1950433,1949974,459
146720661,43.7271,42.7763,430,30384,0.20531,0.17,1,1951077,1950647,430
146723581,34.2909,33.9105,430,30454,0.220124,0.19,1,1951105,1950675,430
146726501,30.5163,30.9642,429,30523,0.23805,0.19,1,1951133,1950704,429
146729421,13.4065,13.5857,429,30592,0.22122,0.15,1,1951135,1950706,429
146732341,35.3626,36.6343,427,30661,0.274488,0.09,1,1951185,1950758,427
146738181,44.898,42.3415,431,30799,0.402718,0.17,1,1951290,1950859,431
146741101,55.1592,54.7366,430,30868,0.431087,0.19,1,1951352,1950922,430
146744021,62.8637,63.2946,429,30937,0.442435,0.21,1,1951420,1950991,429
146793661,59.0244,37.3011,521,32079,0.771138,0.61,2,1952141,1951620,521
146796581,48.2097,56.9204,492,32145,0.794455,0.61,2,1952182,1951690,492
146799501,58.8839,47.3682,517,32211,0.791782,0.65,2,1952248,1951731,517
146957181,34.4676,39.0644,510,35584,0.790068,1,2,1954543,1954033,510
146968861,64.2568,54.2512,501,35820,0.443634,1,1,1954744,1954243,501
146971781,42.5027,44.5005,491,35879,0.411454,1,1,1954772,1954281,491
146989301,37.463,41.1691,461,36232,0.403393,0.77,1,1954974,1954513,461
147003901,59.3401,64.2568,443,36522,0.437254,0.39,1,1955187,1954744,443
147047701,28.0708,26.3722,474,37381,0.758606,0.53,2,1955707,1955233,474
147050621,40.6283,25.5489,498,37438,0.777442,0.55,2,1955756,1955258,498
147053541,27.0513,39.0195,468,37494,0.784977,0.63,2,1955774,1955306,468
147056461,45.6205,26.4078,508,37550,0.799991,0.63,2,1955832,1955324,508
147073981,63.1275,47.2664,529,37886,0.913282,0.73,2,1956090,1955561,529
147076901,41.451,62.1066,484,37942,0.923313,0.73,2,1956117,1955633,484
147079821,28.5804,40.4426,478,37998,0.939325,0.75,2,1956137,1955659,478
147082741,28.8322,28.1771,487,38054,0.94573,0.77,2,1956166,1955679,487
147222901,65.1712,51.4597,545,40632,0.934,1,2,1957992,1957447,545
147228741,35.9874,42.5536,507,40736,0.79864,1,2,1958055,1957548,507
147279841,293.846,342.384,438,18980,0.226125,0.17,1,1958604,1958166,438
147285681,135.215,128.701,478,19203,0.08298,0.09,1,1958814,1958336,478
147288601,113.486,123.481,457,19314,0.051192,0.03,1,1958913,1958456,457
147291521,67.5945,83.5922,437,19424,0.0264768,0.03,1,1958950,1958513,437
147294441,56.4378,57.4369,446,19533,0.0285907,0.03,1,1958999,1958553,446
147297361,30.9751,37.3748,436,19642,0.0294363,0.03,1,1959013,1958577,436
147300281,83.19,31.1499,527,19750,0.0777745,0.07,1,1959131,1958604,527
147303201,96.876,75.46,528,19857,0.0851098,0.05,1,1959237,1958709,528
147309041,60.9802,96.6736,458,20070,0.0988176,0.01,1,1959371,1958913,458
147329481,56.0637,60.9526,479,20799,0.229201,0.15,1,1959850,1959371,479
147332401,29.6255,54.381,441,20901,0.26568,0.17,1,1959862,1959421,441
147344081,89.5152,96.8978,431,21304,0.426753,0.21,1,1960190,1959759,431
147390801,57.9665,55.5775,508,22845,0.785968,0.63,2,1961187,1960679,508
147402481,82.3207,36.242,563,23214,0.902985,0.71,2,1961440,1960877,563
147557241,50.9104,39.706,501,27639,0.9388,1,2,1964596,1964095,501
147580601,34.4896,37.276,481,28246,0.0629431,0.93,1,1965017,1964536,481
147583521,42.5958,50.9104,469,28321,0.0791773,0.87,1,1965065,1964596,469
147586441,36.2383,40.7642,467,28396,0.0616709,0.87,1,1965097,1964630,467
147589361,49.8953,16.3057,526,28471,0.0246684,0.65,1,1965156,1964630,526
147592281,41.5581,50.3223,489,28545,0.0398673,0.65,1,1965192,1964703,489
147595201,47.8233,42.9289,503,28619,0.0459469,0.51,1,1965244,1964741,503
147598121,74.3293,54.3716,533,28693,0.0723788,0.17,1,1965336,1964803,533
147601041,55.5317,84.1486,472,28767,0.0709515,0.07,1,1965379,1964907,472
147603961,41.4127,63.0594,455,28841,0.0703806,0.07,1,1965411,1964956,455
147606881,32.7651,45.6238,448,28914,0.0581522,0.03,1,1965438,1964990,448
147609801,41.906,34.4495,469,28987,0.0772609,0.09,1,1965486,1965017,469
147612721,35.9624,42.5798,453,29060,0.0609044,0.05,1,1965518,1965065,453
147615641,50.985,36.2319,482,29133,0.0243617,0,1,1965579,1965097,482
147618561,42.594,49.8928,460,29206,0.0757447,0.05,1,1965616,1965156,460
147621481,47.6376,41.5571,475,29278,0.0482979,0.05,1,1965667,1965192,475
147624401,78.455,47.8228,522,29350,0.0733192,0.09,1,1965766,1965244,522
147627321,53.582,74.3291,467,29422,0.0953277,0.07,1,1965803,1965336,467
147633161,30.5331,41.4127,449,29566,0.0956524,0.05,1,1965860,1965411,449
147636081,42.8132,32.7651,473,29638,0.056261,0.09,1,1965911,1965438,473
147639001,34.5253,41.906,454,29709,0.0285044,0.05,1,1965940,1965486,454
147641921,51.0101,35.9624,484,29780,0.0174018,0,1,1966002,1965518,484
147644841,21.604,50.985,425,29851,0.0129607,0.11,1,1966004,1965579,425
147647761,32.6416,42.594,428,29922,0.0471843,0.03,1,1966044,1965616,428
147650681,41.2566,47.6376,424,29993,0.0728737,0.09,1,1966091,1965667,424
147659441,41.8564,41.8328,427,30204,0.240104,0.09,1,1966264,1965837,427
147662361,29.9426,30.5331,426,30274,0.234042,0.03,1,1966286,1965860,426
147665281,40.777,42.8132,423,30344,0.231617,0.01,1,1966334,1965911,423
147668201,33.7108,34.5253,423,30414,0.242647,0.01,1,1966363,1965940,423
147703241,20.0544,21.7137,426,31238,0.203123,0.15,1,1966854,1966428,426
147706161,33.2218,33.2855,427,31306,0.231249,0.15,1,1966896,1966469,427
147709081,42.0887,13.3142,475,31374,0.2425,0.13,1,1966944,1966469,475
147712001,79.8355,34.1257,532,31441,0.259,0.19,1,1967049,1966517,532
147714921,55.9342,76.0503,468,31508,0.2896,0.15,1,1967089,1966621,468
147735361,34.7014,20.0492,475,31975,0.411771,0.25,1,1967329,1966854,475
147738281,42.6806,33.2197,481,32041,0.434708,0.25,1,1967377,1966896,481
147776241,38.8209,57.4689,448,32889,0.766387,0.59,2,1967973,1967525,448
147779161,39.5283,44.5876,452,32953,0.792555,0.63,2,1968013,1967561,452
147790841,50.4375,50.5286,453,33209,0.933201,0.67,2,1968177,1967724,453
147948521,31.6787,26.6855,504,36486,0.442445,1,1,1970440,1969936,504
147951441,28.2715,34.6742,490,36544,0.446978,0.98,1,1970466,1969976,490
147954361,23.3086,31.8697,480,36602,0.448791,1,1,1970486,1970006,480
147957281,55.5234,58.3479,481,36660,0.437516,0.92,1,1970563,1970082,481
147960201,39.0094,44.9391,473,36718,0.421007,0.85,1,1970591,1970118,473
148033201,28.4444,38.8128,471,38130,0.771195,0.61,2,1971504,1971033,471
148062401,15.8032,22.5685,457,38680,0.911429,0.75,2,1971832,1971375,457
148065321,55.5213,57.0274,459,38735,0.946571,0.75,2,1971914,1971455,459
148068241,39.0085,39.611,459,38790,0.936629,0.79,2,1971942,1971483,459
148199641,28.0096,36.1609,503,41167,0.939996,1,2,1973628,1973125,503
148217161,30.0354,29.585,518,41473,0.938074,1,2,1973809,1973291,518
148231761,78.8816,84.3999,489,41728,0.798966,1,2,1974036,1973547,489
148237601,34.2211,37.024,487,41830,0.784235,0.9,2,1974093,1973606,487
148240521,27.4884,28.0096,488,41880,0.787694,1,2,1974116,1973628,488
148243441,29.5954,29.8038,488,41930,0.753078,1,2,1974147,1973659,488
148249281,30.4153,33.9286,478,42030,0.760092,0.94,2,1974209,1973731,478
148252201,22.3661,24.9714,476,42080,0.790037,0.95,2,1974226,1973750,476
148386521,28.0661,29.4222,496,44329,0.946,1,2,1975736,1975240,496
148564641,32.3671,29.2699,522,47142,0.753674,1,2,1977747,1977225,522
148579241,34.2972,34.7282,514,47367,0.269634,1,1,1977905,1977391,514
148588001,33.395,37.5986,490,47500,0.0645366,1,1,1977993,1977503,490
148590921,31.358,38.4394,481,47544,0.0438146,1,1,1978023,1977542,481
148593841,35.3432,32.1758,491,47588,0.0475259,1,1,1978061,1977570,491
148596761,30.9373,34.4703,483,47632,0.0370103,0.96,1,1978089,1977606,483
148599681,24.9749,33.5881,471,47676,0.0928041,0.77,1,1978110,1977639,471
148649321,17.2834,18.39,425,48424,0.216247,0.09,1,1978549,1978124,425
148652241,16.5134,16.356,426,48468,0.248499,0.15,1,1978565,1978139,426
148655161,27.0053,25.7424,428,48511,0.273399,0.11,1,1978599,1978171,428
148658081,27.6021,27.697,427,48554,0.27136,0.15,1,1978627,1978200,427
148661001,28.4409,27.2788,429,48597,0.258544,0.19,1,1978656,1978227,429
148663921,22.1763,21.1115,430,48640,0.253418,0.19,1,1978674,1978244,430
148666841,28.6705,28.8446,429,48683,0.251367,0.19,1,1978707,1978278,429
148669761,24.6682,24.7378,429,48726,0.274547,0.15,1,1978729,1978300,429
148672681,27.8673,29.0951,427,48769,0.259819,0.15,1,1978759,1978332,427
148675601,20.7469,20.0381,429,48812,0.277927,0.13,1,1978775,1978346,429
148678521,29.2988,29.6152,428,48855,0.297171,0.13,1,1978810,1978382,428
148681441,32.1195,11.8461,462,48898,0.280868,0.17,1,1978844,1978382,462
148684361,30.2478,24.5384,458,48941,0.286347,0.17,1,1978873,1978415,458
148716481,24.5094,28.6702,455,49414,0.404189,0.29,1,1979162,1978707,455
148719401,27.8038,24.6681,463,49457,0.419676,0.25,1,1979192,1978729,463
148722321,20.7215,27.8672,449,49500,0.42587,0.29,1,1979208,1978759,449
148725241,29.8886,20.7469,469,49543,0.428348,0.31,1,1979244,1978775,469
148728161,32.3554,29.2988,468,49586,0.441339,0.27,1,1979278,1978810,468
148731081,30.9422,32.1195,464,49628,0.446536,0.29,1,1979308,1978844,464
148809921,29.2904,28.5671,453,50762,0.788863,0.61,2,1980034,1979581,453
148815761,29.0465,28.0907,455,50844,0.794618,0.67,2,1980089,1979634,455
148847881,29.0968,28.7203,453,51295,0.940569,0.71,2,1980373,1979920,453
149112141,354.46,395.939,434,24820,0.2116,0.25,1,1983137,1982703,434
149117981,75.9136,86.2702,435,24990,0.085456,0.09,1,1983187,1982752,435
149120901,44.1654,47.1081,437,25075,0.0401824,0.09,1,1983210,1982773,437
149123821,41.0662,38.0432,444,25160,0.046073,0.05,1,1983249,1982805,444
149126741,72.2265,68.6173,448,25244,0.0484292,0.07,1,1983342,1982894,448
149129661,70.8906,67.0469,452,25328,0.0493717,0.09,1,1983412,1982960,452
149132581,69.7562,63.4188,460,25412,0.0497487,0.05,1,1983481,1983021,460
149135501,56.7025,65.5675,441,25495,0.0618995,0.05,1,1983529,1983088,441
149144261,28.805,28.1003,446,25744,0.0987616,0.01,1,1983633,1983187,446
149147181,34.322,25.0401,461,25826,0.0695046,0.05,1,1983671,1983210,461
149150101,70.1288,33.4161,516,25908,0.0458018,0.05,1,1983765,1983249,516
149153021,69.4515,69.1664,492,25990,0.0363207,0.05,1,1983834,1983342,492
149155941,69.7806,69.6666,492,26072,0.0565283,0.05,1,1983904,1983412,492
149158861,57.3122,69.2666,472,26153,0.0886113,0.07,1,1983953,1983481,472
149176381,68.7799,70.1268,491,26636,0.0911118,0.03,1,1984256,1983765,491
149188061,26.0776,60.7248,430,26953,0.0984765,0.17,1,1984446,1984016,430
149202661,66.7845,68.7799,425,27344,0.204077,0.11,1,1984681,1984256,425
149205581,71.1138,70.712,427,27421,0.243631,0.17,1,1984755,1984328,427
149208501,60.2455,59.4848,428,27498,0.295452,0.09,1,1984808,1984380,428
149220181,23.5551,23.1324,428,27805,0.41878,0.13,1,1984917,1984489,428
149223101,29.822,29.653,428,27881,0.449512,0.19,1,1984951,1984523,428
149272741,25.1079,24.4547,477,29146,0.769146,0.67,2,1985811,1985334,477
149275661,31.0432,24.7819,487,29219,0.781658,0.63,2,1985846,1985359,487
149278581,68.8173,30.3128,547,29291,0.798663,0.67,2,1985940,1985393,547
149290261,67.7041,63.3392,524,29579,0.918286,0.73,2,1986218,1985694,524
149293181,28.2816,64.9357,460,29651,0.913314,0.73,2,1986220,1985760,460
149296101,25.7127,27.1743,482,29722,0.911326,0.75,2,1986244,1985762,482
149310701,69.4188,70.1269,462,30077,0.938218,0.85,2,1986473,1986011,462
149398301,62.5506,64.3448,545,32120,0.90808,1,2,1987893,1987348,545
149407061,61.9152,68.5821,530,32318,0.779317,1,2,1988089,1987559,530
149430421,43.7077,62.5506,477,32838,0.443516,1,1,1988370,1987893,477
149456701,30.5467,33.9231,445,33413,0.402995,0.49,1,1988729,1988284,445
149459621,33.2187,35.7692,443,33476,0.407198,0.39,1,1988764,1988321,443
149462541,41.4875,43.7077,441,33539,0.444879,0.37,1,1988811,1988370,441
149497581,49.7507,16.595,499,34288,0.758534,0.53,2,1989310,1988811,499
149500501,62.5003,37.838,518,34350,0.753414,0.55,2,1989381,1988863,518
149503421,56.2001,57.1352,500,34412,0.751365,0.57,2,1989433,1988933,500
149520941,31.0644,25.2441,487,34778,0.753197,0.67,2,1989623,1989136,487
149523861,34.6258,31.0977,489,34839,0.799279,0.67,2,1989660,1989171,489
149553061,32.5653,25.1611,495,35441,0.920754,0.77,2,1990083,1989588,495
149704901,68.2061,49.9114,544,38418,0.761385,1,2,1992199,1991655,544
149737021,42.4216,51.2884,463,39019,0.443509,0.85,1,1992541,1992078,463
149786661,51.002,48.9612,450,39929,0.795258,0.59,2,1993190,1992740,450
149807101,29.7405,21.4403,487,40299,0.913882,0.69,2,1993360,1992873,487
149810021,28.0962,28.9761,480,40351,0.935553,0.71,2,1993387,1992907,480
149812941,41.2385,27.1904,504,40403,0.944221,0.71,2,1993437,1992933,504
149815861,36.8954,40.8762,488,40455,0.947688,0.71,2,1993471,1992983,488
149818781,69.9582,36.7505,546,40507,0.913075,0.75,2,1993563,1993017,546
149821701,45.9833,67.5002,488,40559,0.91123,0.75,2,1993593,1993105,488
149824621,53.1933,45.0001,516,40611,0.934492,0.83,2,1993651,1993135,516
150011501,311.366,342.43,467,18980,0.4228,0.91,1,1995790,1995323,467
150017341,134.899,169.509,453,19925,0.092848,0.11,1,1996005,1995552,453
150020261,99.5594,104.403,468,20031,0.0431392,0,1,1996081,1995613,468
150023181,67.4238,83.7614,444,20137,0.0232557,0.01,1,1996127,1995683,444
150026101,62.9695,57.5046,464,20242,0.00930227,0.03,1,1996187,1995723,464
150029021,32.9878,47.6018,436,20347,0.0337209,0.05,1,1996200,1995764,436
150031941,92.9951,34.6407,543,20451,0.0434884,0.03,1,1996333,1995790,543
150034861,94.1981,87.0563,516,20555,0.0353953,0.03,1,1996428,1995912,516
150037781,84.4792,90.6225,501,20658,0.0321581,0.01,1,1996506,1996005,501
150040701,59.5917,81.849,468,20761,0.0428633,0.01,1,1996549,1996081,468
150043621,59.8367,60.3396,482,20863,0.0171453,0,1,1996609,1996127,482
150046541,32.3347,60.1358,436,20965,0.0128581,0.05,1,1996623,1996187,436
150049461,14.1339,31.8543,425,21066,0.00514325,0.05,1,1996625,1996200,425
150052381,84.8536,92.5417,424,21167,0.0560573,0.03,1,1996757,1996333,424
150055301,91.5414,94.0167,425,21267,0.0404229,0.03,1,1996853,1996428,425
150058221,82.2166,84.4067,423,21367,0.0341692,0.05,1,1996929,1996506,423
150061141,58.0866,59.5627,422,21466,0.0316677,0,1,1996971,1996549,422
150064061,59.2346,59.8251,422,21565,0.0306671,0.01,1,1997031,1996609,422
150066981,32.6939,32.33,423,21663,0.0182668,0,1,1997046,1996623,423
150069901,14.2775,14.132,423,21761,0.0253067,0.09,1,1997048,1996625,423
150072821,85.511,84.8528,424,21858,0.0761227,0.03,1,1997181,1996757,424
150075741,91.2044,91.5411,423,21955,0.0964491,0.03,1,1997276,1996853,423
150078661,81.4818,82.2164,422,22052,0.0565796,0.03,1,1997351,1996929,422
150084501,59.7171,59.2346,423,22244,0.0582527,0.01,1,1997454,1997031,423
150087421,32.8868,32.6939,423,22339,0.0233011,0.03,1,1997469,1997046,423
150090341,14.3547,14.2775,423,22434,0.0153204,0.11,1,1997471,1997048,423
150093261,86.7419,85.511,425,22529,0.0481282,0.11,1,1997606,1997181,425
150096181,91.0968,34.2044,519,22623,0.0852513,0.11,1,1997700,1997181,519
150107861,32.1353,58.4036,436,22996,0.0462944,0,1,1997890,1997454,436
150110781,14.0541,32.3615,423,23088,0.0245178,0.01,1,1997892,1997469,423
150113701,88.4216,14.1446,559,23180,0.0758071,0.07,1,1998030,1997471,559
150116621,92.9687,86.6578,520,23271,0.0963228,0.11,1,1998126,1997606,520
150128301,30.676,57.836,437,23633,0.239058,0.01,1,1998312,1997875,437
150131221,13.4704,32.1344,424,23723,0.233623,0.01,1,1998314,1997890,424
150134141,90.5882,14.0538,564,23812,0.243449,0.11,1,1998456,1997892,564
150137061,93.8353,88.4215,522,23901,0.27138,0.11,1,1998552,1998030,522
150139981,38.7341,92.9686,428,23990,0.282552,0.13,1,1998554,1998126,428
150160421,95.2217,93.8353,436,24601,0.418225,0.29,1,1998988,1998552,436
150163341,39.2887,38.7341,436,24687,0.43729,0.37,1,1998990,1998554,436
150207141,97.6872,93.5733,554,25945,0.78221,0.71,2,1999884,1999330,554
150210061,40.2749,97.4293,456,26027,0.798884,0.71,2,1999886,1999430,456
150227581,97.4032,13.5442,612,26511,0.927958,0.75,2,2000245,1999633,612
150326861,37.6232,32.595,526,29102,0.7564,1,2,2002035,2001509,526
150341461,54.7827,55.9571,527,29464,0.0797167,1,1,2002329,2001802,527
150344381,51.9131,57.7829,518,29536,0.0378867,1,1,2002379,2001861,518
150347301,54.3652,50.1131,529,29608,0.0811547,0.95,1,2002435,2001906,529
150376501,54.0527,54.3652,426,30314,0.214398,0.13,1,2002861,2002435,426
150379421,36.6211,36.7461,426,30384,0.259759,0.11,1,2002886,2002460,426
150385261,22.8994,23.3994,427,30523,0.294761,0.13,1,2002936,2002509,427
150388181,10.3597,10.5597,427,30592,0.291905,0.15,1,2002938,2002511,427
150399861,54.6348,53.5791,428,30868,0.429825,0.17,1,2003185,2002757,428
150402781,52.4539,49.6317,432,30937,0.44193,0.25,1,2003236,2002804,432
150405701,55.1816,54.0527,432,31005,0.410772,0.29,1,2003293,2002861,432
150411541,38.1091,36.2484,436,31141,0.400523,0.29,1,2003358,2002922,436
150423221,75.2268,34.0576,536,31413,0.426269,0.43,1,2003528,2002992,536
150461181,53.6543,57.1563,497,32277,0.75025,0.57,2,2004126,2003629,497
150464101,57.4617,51.6625,509,32343,0.7981,0.65,2,2004186,2003677,509
150484541,32.2969,77.0985,458,32798,0.900988,0.71,2,2004429,2003971,458
150487461,39.9188,57.8394,458,32862,0.918395,0.73,2,2004474,2004016,458
150490381,51.9675,59.1358,458,32926,0.937358,0.77,2,2004534,2004076,458
150493301,51.987,53.6543,460,32990,0.908943,0.83,2,2004586,2004126,460
150496221,58.5948,57.4617,463,33054,0.921577,0.83,2,2004649,2004186,463
150613021,46.5943,77.0114,507,35524,0.934474,1,2,2006344,2005837,507
150615941,36.0377,46.4045,510,35584,0.93179,1,2,2006373,2005863,510
150624701,30.5784,43.7459,490,35761,0.772675,1,2,2006477,2005987,490
150668501,37.217,37.069,454,36638,0.773188,0.63,2,2007068,2006614,454
150671421,23.2868,25.6276,450,36696,0.795275,0.69,2,2007082,2006632,450
150706461,22.6801,36.1268,473,37381,0.912466,0.81,2,2007541,2007068,473
150709381,25.872,22.8507,487,37438,0.934986,0.83,2,2007569,2007082,487
150894801,325.249,344.798,472,17520,0.42472,0.8,1,2010001,2009529,472
150897721,203.899,187.719,512,18366,0.247888,0.49,1,2010124,2009612,512
150903561,100.544,91.4751,500,18597,0.213662,0.09,1,2010275,2009775,500
150906481,85.2176,113.39,447,18711,0.211465,0.03,1,2010350,2009903,447
150909401,58.687,79.556,431,18824,0.210586,0,1,2010391,2009960,431
150918161,76.764,78.5076,429,19160,0.0924375,0.23,1,2010616,2010187,429
150932761,89.7272,16.8916,550,19707,0.250537,0.11,1,2010974,2010424,550
150953201,78.3785,89.684,504,20448,0.429632,0.35,1,2011478,2010974,504
150982401,54.9816,55.4642,448,21463,0.792723,0.55,2,2012138,2011690,448
150997001,86.7509,83.3852,458,21952,0.90519,0.77,2,2012481,2012023,458
150999921,81.5003,78.9541,460,22049,0.944076,0.83,2,2012559,2012099,460
151002841,56.6001,54.9816,461,22145,0.94763,0.85,2,2012599,2012138,461
151096281,82.3468,95.7465,478,25026,0.946,1,2,2014670,2014192,478
151102121,54.4555,60.4394,480,25195,0.78856,1,2,2014764,2014284,480
151107961,63.1929,63.6703,485,25363,0.29057,1,1,2014919,2014434,485
151113801,34.8309,22.6672,503,25530,0.0836911,1,1,2014989,2014486,503
151116721,39.1323,30.0669,510,25613,0.0394765,1,1,2015031,2014521,510
151119641,78.6529,35.4268,576,25696,0.0337906,0.91,1,2015136,2014560,576
151122561,53.6612,80.1707,503,25778,0.0315162,0.83,1,2015173,2014670,503
151125481,48.4645,57.2683,506,25860,0.0306065,0.73,1,2015218,2014712,506
151128401,73.9858,54.1073,545,25942,0.0302426,0.31,1,2015309,2014764,545
151131321,52.3943,85.8429,476,26024,0.054097,0.15,1,2015347,2014871,476
151134241,45.5577,63.1372,469,26105,0.0516388,0.03,1,2015388,2014919,469
151137161,31.4231,54.0549,443,26186,0.0626555,0.05,1,2015410,2014967,443
151140081,39.5692,34.8219,466,26267,0.0310622,0.01,1,2015455,2014989,466
151143001,77.0277,39.1288,526,26348,0.0124249,0.03,1,2015557,2015031,526
151145921,54.2111,78.6515,460,26428,0.00496995,0.03,1,2015596,2015136,460
151148841,48.6844,53.6606,468,26508,0.00798798,0.03,1,2015641,2015173,468
151151761,72.8738,48.4642,512,26588,0.0211952,0.03,1,2015730,2015218,512
151154681,54.3495,73.9857,463,26668,0.0144781,0.07,1,2015772,2015309,463
151157601,45.1398,52.3943,464,26747,0.0357912,0.05,1,2015811,2015347,464
151160521,31.8559,45.5577,446,26826,0.0443165,0.07,1,2015834,2015388,446
151163441,38.5424,31.4231,467,26905,0.0717266,0.01,1,2015877,2015410,467
151166361,16.6169,39.5692,424,26984,0.0826906,0,1,2015879,2015455,424
151169281,67.8468,77.0277,424,27062,0.0390763,0,1,2015981,2015557,424
151172201,49.9387,54.2111,423,27140,0.0336305,0.01,1,2016019,2015596,423
151175121,48.1755,48.6844,425,27218,0.0314522,0.03,1,2016066,2015641,425
151178041,71.4702,72.8738,423,27296,0.0665809,0.01,1,2016153,2015730,423
151180961,53.7881,54.3495,423,27374,0.0566324,0.05,1,2016195,2015772,423
151183881,45.5152,45.1398,424,27451,0.0406529,0.05,1,2016235,2015811,424
151186801,32.0061,31.8559,424,27528,0.0582612,0.09,1,2016258,2015834,424
151189721,38.6024,38.5424,424,27605,0.0293045,0.09,1,2016301,2015877,424
151192641,16.641,16.6169,424,27682,0.0177218,0.01,1,2016303,2015879,424
151195561,66.6564,67.8468,422,27759,0.0370887,0.03,1,2016403,2015981,422
151198481,49.4626,49.9387,422,27835,0.0688355,0.03,1,2016441,2016019,422
151201401,48.585,48.1755,423,27911,0.0815342,0.09,1,2016489,2016066,423
151204321,72.234,71.4702,424,27987,0.0986137,0.05,1,2016577,2016153,424
151207241,52.8936,53.7881,422,28063,0.0934455,0.03,1,2016617,2016195,422
151210161,46.3574,45.5152,424,28138,0.0913782,0.07,1,2016659,2016235,424
151227681,48.6445,47.865,471,28586,0.202207,0.09,1,2016912,2016441,471
151230601,72.8578,47.946,512,28660,0.218883,0.11,1,2017001,2016489,512
151233521,53.7431,71.9784,465,28734,0.213553,0.09,1,2017042,2016577,465
151236441,46.6972,52.7914,467,28808,0.211421,0.09,1,2017084,2016617,467
151239361,33.0789,46.3165,449,28881,0.210568,0.13,1,2017108,2016659,449
151242281,37.8316,32.9266,466,28954,0.210227,0.11,1,2017149,2016683,466
151245201,16.3326,37.1706,428,29027,0.210091,0.11,1,2017151,2016723,428
151248121,70.1331,16.0683,532,29100,0.234036,0.17,1,2017257,2016725,532
151251041,50.2532,67.0273,468,29173,0.231615,0.17,1,2017294,2016826,468
151253961,50.1013,49.6109,480,29246,0.290646,0.23,1,2017344,2016864,480
151274401,71.3293,16.3326,539,29748,0.425837,0.25,1,2017690,2017151,539
151315281,74.5568,70.9556,453,30728,0.784897,0.69,2,2018327,2017874,453
151332801,75.5208,73.0615,459,31139,0.925938,0.73,2,2018593,2018134,459
151335721,53.0083,53.8246,456,31207,0.916375,0.73,2,2018631,2018175,456
151338641,22.4033,22.7298,456,31275,0.93655,0.71,2,2018633,2018177,456
151341561,40.1613,40.8919,455,31343,0.93262,0.71,2,2018685,2018230,455
151455441,71.839,73.4424,499,33876,0.934,1,2,2020513,2020014,499
151464201,28.9097,34.2203,495,34062,0.750256,1,2,2020602,2020107,495
151481721,31.9299,31.0577,510,34434,0.243659,1,1,2020853,2020343,510
151484641,29.572,36.4231,498,34495,0.247463,1,1,2020881,2020383,498
151493401,34.7726,50.8351,486,34678,0.0986377,0.77,1,2021036,2020550,486
151496321,24.109,37.734,474,34739,0.0574551,0.71,1,2021053,2020579,474
151502161,36.9774,62.5574,471,34861,0.0823928,0.39,1,2021158,2020687,471
151505081,38.191,44.823,477,34922,0.0869571,0.29,1,2021197,2020720,477
151531361,61.5751,24.109,509,35463,0.232385,0.13,1,2021562,2021053,509
151534281,36.63,59.4436,446,35523,0.230954,0.07,1,2021582,2021136,446
151537201,38.652,36.9774,464,35583,0.254382,0.09,1,2021622,2021158,464
151540121,36.4608,38.191,460,35642,0.299753,0.11,1,2021657,2021197,460
151557641,46.786,47.8613,429,35996,0.440142,0.19,1,2021866,2021437,429
151563481,21.6458,21.9378,430,36114,0.441223,0.27,1,2021904,2021474,430
151621881,27.9685,18.7593,477,37266,0.769278,0.59,2,2022627,2022150,477
151624801,70.5874,24.3037,548,37323,0.769711,0.61,2,2022726,2022178,548
151627721,49.235,67.9215,486,37380,0.769884,0.63,2,2022761,2022275,486
151630641,34.094,47.5686,476,37437,0.769954,0.67,2,2022785,2022309,476
151633561,22.0376,33.4274,466,37493,0.769981,0.67,2,2022799,2022333,466
151648161,16.4362,37.6421,455,37773,0.759209,0.69,2,2022996,2022541,455
151651081,23.9745,16.2569,482,37829,0.777684,0.67,2,2023025,2022543,482
151668601,22.0803,34.094,473,38164,0.903637,0.77,2,2023258,2022785,473
151671521,65.2321,22.0376,553,38219,0.919455,0.73,2,2023352,2022799,553
151674441,38.0928,66.415,477,38274,0.925782,0.73,2,2023372,2022895,477
151677361,41.0371,38.566,500,38329,0.940313,0.73,2,2023415,2022915,500
151791241,45.2446,37.1827,526,40423,0.9388,1,2,2024850,2024324,526
151802921,27.3519,26.7615,509,40631,0.781713,1,2,2024964,2024455,509
151829201,42.7238,39.6116,518,41097,0.267798,0.93,1,2025319,2024801,518
151858401,34.3326,46.0846,439,41607,0.205682,0.39,1,2025605,2025166,439
151861321,26.933,33.4338,436,41658,0.220273,0.29,1,2025627,2025191,436
151864241,40.1732,42.7735,436,41709,0.226109,0.37,1,2025676,2025240,436
151867161,35.2693,36.3094,436,41760,0.252444,0.21,1,2025708,2025272,436
151870081,39.9077,42.7238,432,41811,0.286977,0.13,1,2025751,2025319,432
151875921,32.0652,33.5958,429,41911,0.299116,0.15,1,2025810,2025381,429
151884681,31.8122,31.7901,428,42061,0.408663,0.17,1,2025886,2025458,428
151887601,30.7249,30.1161,429,42111,0.409465,0.17,1,2025916,2025487,429
151890521,35.6899,35.4464,429,42161,0.445786,0.17,1,2025955,2025526,429
151995641,33.3372,42.3179,478,43927,0.765112,0.63,2,2027112,2026634,478
151998561,32.5349,32.5272,484,43975,0.780045,0.63,2,2027144,2026660,484
152001481,22.614,32.2109,468,44023,0.786018,0.63,2,2027160,2026692,468
152004401,24.0456,22.4843,477,44071,0.776407,0.61,2,2027185,2026708,477
152007321,33.6182,23.9937,492,44119,0.784563,0.63,2,2027225,2026733,492
152010241,32.0473,33.5975,483,44167,0.799825,0.57,2,2027256,2026773,483
152027761,45.402,29.2988,510,44455,0.913281,0.71,2,2027463,2026953,510
152229241,175.241,177.726,499,21997,0.79528,0.97,2,2029688,2029189,499
152238001,96.2475,109.654,493,22285,0.907458,0.79,2,2029949,2029456,493
152354801,54.1647,56.9109,519,25818,0.91,1,2,2032417,2031898,519
152360641,45.2664,49.6657,516,25982,0.7708,1,2,2032508,2031992,516
152375241,59.3682,94.026,506,26388,0.407013,1,1,2032835,2032329,506
152381081,46.5789,54.1642,511,26548,0.404722,0.73,1,2032928,2032417,511
152392761,64.2068,43.0026,532,26866,0.416873,0.43,1,2033138,2032606,532
152395681,26.8827,68.801,448,26945,0.424749,0.43,1,2033140,2032692,448
152427801,49.9598,49.3012,444,27797,0.75398,0.47,2,2033719,2033275,444
152430721,49.9839,50.3205,443,27873,0.775592,0.55,2,2033769,2033326,443
152439481,52.567,50.7645,450,28101,0.934038,0.65,2,2033915,2033465,450
152591321,68.4035,48.5048,550,31781,0.42664,1,1,2036534,2035984,550
152594241,53.7614,64.4019,519,31848,0.236656,1,1,2036578,2036059,519
152600081,35.3618,41.8643,508,31980,0.058265,1,1,2036643,2036135,508
152603001,39.3447,36.5457,517,32046,0.023306,1,1,2036685,2036168,517
152605921,35.5379,36.8183,513,32112,0.0153224,1,1,2036718,2036205,513
152608841,44.8152,38.1273,525,32178,0.024129,1,1,2036769,2036244,525
152611761,36.5261,46.4509,504,32244,0.00965158,1,1,2036800,2036296,504
152614681,56.6104,40.1804,538,32310,0.0338606,0.69,1,2036870,2036332,538
152617601,43.6442,65.2721,491,32375,0.0435443,0.61,1,2036905,2036414,491
152620521,54.6577,49.5089,514,32440,0.0594177,0.25,1,2036967,2036453,514
152623441,42.8631,68.4035,468,32505,0.0537671,0.11,1,2037002,2036534,468
152626361,35.7452,53.7614,455,32570,0.0275068,0.01,1,2037033,2036578,455
152629281,34.0981,41.9046,454,32635,0.0290027,0.03,1,2037066,2036612,454
152632201,38.2392,35.3618,464,32700,0.0296011,0,1,2037107,2036643,464
152635121,34.4957,39.3447,454,32765,0.0658404,0.01,1,2037139,2036685,454
152638041,14.9983,35.5379,423,32830,0.0803362,0.03,1,2037141,2036718,423
152640961,36.5993,44.8152,423,32894,0.0321345,0,1,2037192,2036769,423
152643881,33.8397,36.5261,424,32958,0.0308538,0.05,1,2037224,2036800,424
152646801,55.5359,56.6104,424,33022,0.0663415,0.05,1,2037294,2036870,424
152649721,42.6144,43.6442,423,33086,0.0565366,0.07,1,2037328,2036905,423
152652641,54.2457,54.6577,423,33150,0.0766146,0.05,1,2037390,2036967,423
152655561,43.2983,42.8631,424,33214,0.0606459,0.01,1,2037426,2037002,424
152658481,34.7193,35.7452,422,33278,0.0242583,0.03,1,2037455,2037033,422
152661401,34.2877,34.0981,423,33342,0.00970334,0.03,1,2037489,2037066,423
152664321,38.3151,38.2392,423,33405,0.00388133,0.09,1,2037530,2037107,423
152667241,35.126,34.4957,424,33468,0.0435525,0.09,1,2037563,2037139,424
152670161,15.2504,14.9983,424,33531,0.059421,0,1,2037565,2037141,424
152673081,35.5002,36.5993,422,33594,0.0237684,0.03,1,2037614,2037192,422
152676001,33.4001,33.8397,422,33657,0.0275074,0.09,1,2037646,2037224,422
152678921,56.56,55.5359,424,33720,0.0290029,0.05,1,2037718,2037294,424
152681841,43.024,42.6144,424,33783,0.0416012,0.09,1,2037752,2037328,424
152684761,55.0096,54.2457,425,33846,0.0826405,0.05,1,2037815,2037390,425
152687681,43.0038,43.2983,424,33908,0.0870562,0,1,2037850,2037426,424
152690601,33.4015,34.7193,422,33970,0.0888225,0,1,2037877,2037455,422
152693521,34.9606,34.2877,424,34032,0.035529,0,1,2037913,2037489,424
152696441,37.3842,38.3151,422,34094,0.0142116,0.07,1,2037952,2037530,422
152699361,35.3537,35.126,423,34156,0.0596846,0.07,1,2037986,2037563,423
152702281,15.3415,15.2504,423,34218,0.0538739,0.07,1,2037988,2037565,423
152705201,34.9366,6.10017,471,34280,0.0395495,0,1,2038036,2037565,471
152708121,32.5746,31.8401,453,34342,0.0218198,0.03,1,2038067,2037614,453
152711041,56.2299,31.936,493,34404,0.0267279,0.03,1,2038139,2037646,493
152713961,42.8919,55.9744,455,34465,0.0286912,0.05,1,2038173,2037718,455
152716881,56.7568,42.7898,487,34526,0.0654765,0.11,1,2038239,2037752,487
152719801,44.9027,54.9159,461,34587,0.0801906,0.09,1,2038276,2037815,461
152728561,36.9778,34.9546,461,34770,0.0807322,0,1,2038374,2037913,461
152731481,35.7911,37.3818,457,34831,0.0502929,0.09,1,2038409,2037952,457
152734401,15.5164,35.3527,425,34892,0.0381171,0.05,1,2038411,2037986,425
152737321,34.4066,15.3411,470,34953,0.0332469,0.03,1,2038458,2037988,470
152740241,31.7626,34.9364,452,35013,0.0432987,0.01,1,2038488,2038036,452
152743161,56.5051,32.5746,494,35073,0.0353195,0.03,1,2038561,2038067,494
152746081,43.002,56.2298,456,35133,0.0321278,0.03,1,2038595,2038139,456
152749001,59.2008,42.8919,492,35193,0.0428511,0.09,1,2038665,2038173,492
152751921,46.4803,56.7568,464,35253,0.0471404,0.09,1,2038703,2038239,464
152754841,33.5921,44.9027,452,35313,0.0608562,0.15,1,2038728,2038276,452
152757761,34.4369,32.3611,463,35373,0.0903425,0.13,1,2038763,2038300,463
152763601,34.7899,36.9778,457,35493,0.0588548,0.03,1,2038831,2038374,457
152766521,15.116,35.7911,424,35553,0.0415419,0.03,1,2038833,2038409,424
152769441,34.2464,15.5164,469,35612,0.0466168,0.03,1,2038880,2038411,469
152772361,32.2986,34.4066,453,35671,0.0366467,0.05,1,2038911,2038458,453
152775281,14.1194,31.7626,425,35730,0.0326587,0.03,1,2038913,2038488,425
152778201,48.2478,56.5051,423,35789,0.0550635,0.03,1,2038984,2038561,423
152781121,39.6991,43.002,423,35848,0.0760254,0.05,1,2039018,2038595,423
152784041,58.4796,59.2008,424,35907,0.0844102,0.05,1,2039089,2038665,424
152786961,46.1919,46.4803,424,35966,0.0997641,0.07,1,2039127,2038703,424
152810321,13.9418,14.1194,423,36433,0.204349,0.07,1,2039336,2038913,423
152813241,48.1767,48.2478,423,36491,0.24374,0.09,1,2039407,2038984,423
152816161,40.2707,39.6991,424,36549,0.283496,0.09,1,2039442,2039018,424
152833681,34.6706,33.4769,429,36895,0.403372,0.19,1,2039683,2039254,429
152839521,35.4273,34.6363,430,37009,0.41614,0.21,1,2039734,2039304,430
152842441,32.1709,31.8545,430,37066,0.424456,0.21,1,2039764,2039334,430
152845361,14.0684,13.9418,430,37123,0.427782,0.27,1,2039766,2039336,430
152927121,51.0331,60.8894,453,38685,0.766025,0.63,2,2040847,2040394,453
152950481,35.1066,33.9854,457,39119,0.914149,0.71,2,2041115,2040658,457
152953401,15.2426,14.7942,457,39173,0.93566,0.75,2,2041117,2040660,457
153087721,35.7388,33.0051,517,41580,0.9292,1,2,2042836,2042319,517
153096481,34.3753,38.4963,497,41733,0.764349,1,2,2042931,2042434,497
153108161,28.1152,27.1935,499,41935,0.433375,1,1,2043047,2042548,499
153119841,32.6013,44.669,486,42135,0.0940864,0.95,1,2043212,2042726,486
153122761,35.2405,44.8676,478,42185,0.0436346,1,1,2043249,2042771,478
153125681,32.0962,35.347,479,42235,0.0594538,0.89,1,2043279,2042800,479
153128601,27.8385,35.7388,468,42285,0.0417815,0.73,1,2043304,2042836,468
153131521,28.5354,34.0955,464,42335,0.0227126,0.87,1,2043333,2042869,464
153134441,24.0142,27.4382,462,42385,0.039085,0.71,1,2043354,2042892,462
153137361,28.2057,34.3753,454,42435,0.045634,0.57,1,2043385,2042931,454
153140281,27.4823,33.5501,448,42485,0.0722536,0.57,1,2043412,2042964,448
153143201,24.1929,30.22,442,42535,0.0709014,0.43,1,2043434,2042992,442
153146121,24.6772,28.288,440,42585,0.0703606,0.39,1,2043459,2043019,440
153149041,25.4709,28.1152,438,42635,0.0461442,0.23,1,2043485,2043047,438
153151961,30.5883,34.6461,433,42684,0.0964577,0.11,1,2043519,2043086,433
153175321,24.7337,11.4142,445,43076,0.07949,0.05,1,2043778,2043333,445
153195761,48.4033,30.5603,487,43419,0.0887517,0.21,1,2044006,2043519,487
153198681,40.9613,47.0241,465,43468,0.0775007,0.17,1,2044042,2043577,465
153201601,28.3845,40.4096,449,43517,0.0730003,0.09,1,2044062,2043613,449
153216201,24.7361,27.3341,448,43757,0.217448,0.05,1,2044203,2043755,448
153219121,30.8944,24.7336,460,43805,0.200979,0.15,1,2044238,2043778,460
153245401,34.3452,28.3845,463,44237,0.214648,0.13,1,2044525,2044062,463
153248321,37.7381,31.7538,469,44285,0.247859,0.21,1,2044565,2044096,469
153251241,26.4952,35.5015,450,44333,0.249144,0.19,1,2044584,2044134,450
153254161,26.7981,25.6006,458,44381,0.285657,0.21,1,2044611,2044153,458
153271681,23.5007,24.0572,430,44664,0.409279,0.17,1,2044739,2044309,430
153274601,23.8003,24.0229,430,44711,0.445712,0.17,1,2044763,2044333,430
153277521,33.5201,33.6092,430,44758,0.436285,0.17,1,2044803,2044373,430
153333001,35.9996,36.0373,448,45645,0.757918,0.57,2,2045407,2044959,448
153341761,29.88,27.8424,452,45783,0.760587,0.63,2,2045500,2045048,452
153344681,26.352,26.137,451,45829,0.778235,0.63,2,2045524,2045073,451
153347601,11.7408,11.6548,451,45875,0.785294,0.63,2,2045526,2045075,451
153350521,25.0963,25.0619,451,45921,0.764117,0.63,2,2045560,2045109,451
153353441,24.4385,10.0248,475,45967,0.767647,0.61,2,2045584,2045109,475
153356361,22.9754,18.4099,473,46013,0.781059,0.65,2,2045606,2045133,473
153359281,24.7902,20.564,477,46059,0.786424,0.63,2,2045632,2045155,477
153362201,26.7161,23.2256,480,46105,0.788569,0.67,2,2045660,2045180,480
153388481,26.4565,29.8797,482,46516,0.92733,0.79,2,2045982,2045500,482
153391401,11.7826,26.3519,460,46561,0.940932,0.79,2,2045984,2045524,460
153626461,41.9759,50.0412,464,23460,0.773504,0.57,2,2048948,2048484,464
153638141,83.217,72.0139,541,23819,0.913994,0.75,2,2049250,2048709,541
153641061,62.0868,78.6055,506,23908,0.947598,0.73,2,2049298,2048792,506
153649821,36.8056,41.8948,461,24173,0.927766,0.83,2,2049409,2048948,461
153652741,47.1222,47.3579,464,24261,0.929107,0.87,2,2049463,2048999,464
153743261,41.4626,57.178,503,26836,0.94984,1,2,2051313,2050810,503
153746181,41.785,40.8712,515,26915,0.925936,1,2,2051355,2050840,515
153752021,46.1656,59.8194,486,27072,0.78055,1,2,2051434,2050948,486
153784141,90.8954,94.8665,452,27920,0.758776,0.57,2,2052087,2051635,452
153787061,53.7581,55.9466,451,27996,0.777511,0.59,2,2052116,2051665,451
153789981,41.3033,40.9786,453,28072,0.797004,0.59,2,2052149,2051696,453
153792901,46.5213,47.5915,451,28147,0.780802,0.65,2,2052199,2051748,451
153795821,36.6085,36.4366,452,28222,0.798321,0.61,2,2052229,2051777,452
153804581,45.4469,11.5959,509,28447,0.785253,0.65,2,2052351,2051842,509
153813341,55.3246,89.7821,489,28669,0.906336,0.79,2,2052576,2052087,489
153816261,41.3298,53.3129,492,28743,0.932534,0.81,2,2052608,2052116,492
153938901,36.0819,38.8282,517,31687,0.934096,1,2,2054644,2054127,517
153944741,36.2531,37.2925,519,31821,0.934255,1,2,2054720,2054201,519
153947661,73.3012,48.517,561,31887,0.943702,1,2,2054818,2054257,561
153950581,46.7205,67.4068,510,31953,0.935481,1,2,2054847,2054337,510
153982701,75.1321,46.7205,560,32674,0.906986,0.83,2,2055407,2054847,560
153991461,30.0805,42.7101,462,32868,0.929967,0.91,2,2055473,2055011,462
153994381,35.4322,37.484,467,32932,0.941987,0.87,2,2055512,2055045,467
153997301,29.7729,31.7936,465,32996,0.922795,0.83,2,2055538,2055073,465
154000221,33.5091,33.7174,466,33060,0.915118,0.85,2,2055574,2055108,466
154003141,41.0037,42.287,464,33124,0.948047,0.81,2,2055620,2055156,464
154006061,36.8015,37.3148,464,33188,0.937219,0.91,2,2055654,2055190,464
154114101,57.5394,75.3001,509,35470,0.912448,1,2,2057326,2056817,509
154122861,32.9865,25.2432,522,35648,0.770477,1,2,2057419,2056897,522
154128701,17.5178,28.3989,497,35766,0.784476,1,2,2057455,2056958,497
154134541,33.8829,32.9838,490,35884,0.786716,1,2,2057514,2057024,490
154137461,33.3531,34.1935,488,35943,0.764686,0.97,2,2057547,2057059,488
154140381,59.5413,70.6774,470,36002,0.755875,1,2,2057624,2057154,470
154169581,33.9513,33.8829,463,36585,0.771443,0.75,2,2057977,2057514,463
154172501,32.1805,33.3531,461,36643,0.770577,0.75,2,2058008,2057547,461
154175421,57.8722,59.5413,459,36701,0.794231,0.65,2,2058083,2057624,459
154181261,70.3396,69.7666,458,36816,0.913077,0.75,2,2058204,2057746,458
154184181,55.7358,56.1066,457,36873,0.947231,0.75,2,2058250,2057793,457
154198781,18.5419,17.9457,458,37158,0.945767,0.73,2,2058376,2057918,458
154201701,15.2168,7.17829,471,37215,0.948307,0.75,2,2058389,2057918,471
154435301,31.5243,21.0846,538,41509,0.780274,1,2,2061463,2060925,538
154452821,37.6181,43.0853,481,41815,0.414619,0.95,1,2061685,2061204,481
154476181,28.3808,31.5243,455,42215,0.271264,0.69,1,2061918,2061463,455
154479101,23.9523,24.6097,456,42265,0.210506,0.65,1,2061939,2061483,456
154484941,34.3124,34.6576,455,42365,0.205281,0.53,1,2062012,2061557,455
154499541,30.9782,30.9789,440,42615,0.201465,0.33,1,2062196,2061756,440
154502461,26.7913,29.1916,436,42665,0.254586,0.33,1,2062220,2061784,436
154505381,26.9165,27.8766,436,42714,0.263834,0.35,1,2062247,2061811,436
154508301,22.7666,21.9506,438,42763,0.231534,0.31,1,2062267,2061829,438
154511221,26.5066,27.3803,436,42812,0.254614,0.29,1,2062296,2061860,436
154514141,28.0027,28.9521,435,42861,0.251845,0.25,1,2062325,2061890,435
154517061,26.2011,28.3808,432,42910,0.238738,0.17,1,2062350,2061918,432
154519981,21.2804,23.9523,429,42959,0.257495,0.19,1,2062368,2061939,429
154522901,31.9122,31.7809,431,43008,0.288998,0.19,1,2062407,2061976,431
154537501,46.0074,31.8758,480,43253,0.400351,0.23,1,2062603,2062123,480
154540421,32.803,42.7503,454,43302,0.406141,0.21,1,2062627,2062173,454
154543341,28.7212,30.9001,457,43351,0.432456,0.29,1,2062653,2062196,457
154622181,45.5012,46.7352,453,44646,0.77391,0.65,2,2063497,2063044,453
154625101,32.6005,33.6941,452,44693,0.783564,0.59,2,2063521,2063069,452
154628021,28.6402,29.6776,451,44740,0.763426,0.57,2,2063547,2063096,451
154630941,25.8561,26.8711,450,44787,0.76737,0.61,2,2063571,2063121,450
154633861,27.1424,25.1484,454,44834,0.768948,0.63,2,2063599,2063145,454
154654301,39.3414,37.2046,458,45163,0.911778,0.73,2,2063825,2063367,458
154657221,16.9366,16.0818,458,45210,0.934711,0.77,2,2063827,2063369,458
154660141,35.5746,34.6327,459,45257,0.919885,0.75,2,2063875,2063416,459
154663061,28.6299,28.2531,459,45304,0.925954,0.79,2,2063899,2063440,459
154665981,45.6519,45.5012,459,45351,0.940382,0.79,2,2063956,2063497,459
154668901,32.6608,32.6005,459,45398,0.946153,0.75,2,2063980,2063521,459
154671821,29.2643,28.6402,460,45444,0.936461,0.77,2,2064007,2063547,460
154674741,26.1057,25.8561,460,45490,0.944584,0.77,2,2064031,2063571,460
154908341,65.6932,77.0082,480,22380,0.767851,0.59,2,2066748,2066268,480
154911261,71.2773,83.0033,468,22475,0.76914,0.63,2,2066823,2066355,468
154914181,38.7109,47.6013,461,22569,0.781656,0.57,2,2066840,2066379,461
154917101,64.6844,32.8405,520,22663,0.798662,0.63,2,2066922,2066402,520
154943381,64.8142,74.3963,519,23492,0.939827,0.81,2,2067522,2067003,519
155028061,61.9211,46.2609,541,25982,0.77704,1,2,2069279,2068738,541
155036821,44.211,45.2007,518,26226,0.275571,1,1,2069408,2068890,518
155042661,71.3938,82.3521,533,26388,0.0932913,1,1,2069580,2069047,533
155045581,68.1575,64.1408,547,26468,0.0433165,0.99,1,2069646,2069099,547
155048501,44.663,71.2563,500,26548,0.0353266,0.95,1,2069675,2069175,500
155051421,52.0652,48.3025,524,26628,0.0201306,0.65,1,2069732,2069208,524
155054341,38.2261,61.921,482,26708,0.0380523,0.59,1,2069761,2069279,482
155057261,39.8904,44.5684,490,26787,0.0452209,0.33,1,2069802,2069312,490
155060181,35.7562,52.0274,466,26866,0.0600884,0.15,1,2069835,2069369,466
155063101,15.5025,44.2109,429,26945,0.0420353,0.03,1,2069837,2069408,429
155066021,67.401,82.4844,423,27024,0.0168141,0.07,1,2069939,2069516,423
155068941,64.7604,71.3938,422,27102,0.0247257,0.01,1,2070002,2069580,422
155071861,66.1042,68.1575,423,27180,0.0278903,0.03,1,2070069,2069646,423
155074781,43.8417,44.663,423,27258,0.0411561,0.01,1,2070098,2069675,423
155077701,51.7367,52.0652,423,27336,0.0464624,0.05,1,2070155,2069732,423
155080621,38.6947,38.2261,424,27413,0.036585,0.05,1,2070185,2069761,424
155083541,39.4779,39.8904,423,27490,0.080634,0.07,1,2070225,2069802,423
155086461,37.3911,35.7562,426,27567,0.0742536,0.03,1,2070261,2069835,426
155089381,16.1565,15.5025,426,27644,0.0477014,0,1,2070263,2069837,426
155092301,65.2626,67.401,422,27721,0.0250806,0.03,1,2070361,2069939,422
155095221,63.905,64.7604,422,27797,0.0520322,0.03,1,2070424,2070002,422
155098141,65.762,66.1042,422,27873,0.0388129,0.05,1,2070491,2070069,422
155101061,43.7048,43.8417,422,27949,0.0215252,0.05,1,2070520,2070098,422
155103981,52.2819,51.7367,423,28025,0.0266101,0.03,1,2070578,2070155,423
155106901,38.3128,38.6947,422,28101,0.028644,0.11,1,2070607,2070185,422
155109821,41.1251,39.4779,425,28176,0.0174576,0.07,1,2070650,2070225,425
155112741,37.45,37.3911,424,28251,0.024983,0.03,1,2070685,2070261,424
155115661,16.18,16.1565,424,28326,0.0279932,0.01,1,2070687,2070263,424
155118581,64.672,65.2626,423,28401,0.0291973,0.01,1,2070784,2070361,423
155121501,63.0688,26.105,485,28476,0.0536789,0.07,1,2070846,2070361,485
155124421,64.8275,48.242,488,28550,0.0634716,0.03,1,2070912,2070424,488
155127341,43.331,59.4968,450,28624,0.0433886,0.01,1,2070941,2070491,450
155130261,52.1324,41.1987,479,28698,0.0593555,0.03,1,2070999,2070520,479
155133181,38.253,51.2795,450,28772,0.0417422,0.03,1,2071028,2070578,450
155136101,41.1012,37.9118,464,28846,0.0466969,0.01,1,2071071,2070607,464
155139021,37.4405,40.9647,456,28919,0.0606788,0.03,1,2071106,2070650,456
155141941,16.1762,37.3859,423,28992,0.0662715,0.03,1,2071108,2070685,423
155159461,37.6222,52.1321,450,29427,0.0963847,0.03,1,2071449,2070999,450
155188661,36.0605,37.6222,426,30139,0.205396,0.11,1,2071875,2071449,426
155191581,42.6242,42.0489,428,30209,0.232158,0.13,1,2071922,2071494,428
155194501,37.4497,37.2196,428,30279,0.266863,0.13,1,2071956,2071528,428
155197421,16.1799,16.0878,428,30349,0.280745,0.13,1,2071958,2071530,428
155209101,48.635,48.9447,430,30627,0.421667,0.17,1,2072193,2071763,430
155276261,38.2605,51.6965,476,32178,0.783178,0.55,2,2073204,2072728,476
155302541,55.9116,38.128,524,32765,0.948237,0.77,2,2073636,2073112,524
155398901,60.6682,43.6851,541,34831,0.921616,1,2,2075061,2074520,541
155401821,44.6673,57.074,509,34892,0.938646,1,2,2075095,2074586,509
155407661,30.5468,30.3718,515,35013,0.912183,1,2,2075152,2074637,515
155410581,26.0187,31.3487,506,35073,0.904873,1,2,2075175,2074669,506
155416421,58.523,27.0958,561,35193,0.76278,1,2,2075286,2074725,561
155448541,26.6546,30.8075,462,35848,0.756921,0.69,2,2075671,2075209,462
155457301,39.6499,42.3637,453,36025,0.784523,0.63,2,2075833,2075380,453
155460221,42.26,43.3455,453,36084,0.787809,0.59,2,2075877,2075424,453
155667541,325.721,353.436,479,17520,0.4444,0.79,1,2078587,2078108,479
155673381,161.675,153.03,508,17761,0.079504,0.41,1,2078841,2078333,508
155676301,100.07,118.212,472,17881,0.0858016,0.15,1,2078900,2078428,472
155682141,44.9312,68.9539,432,18118,0.0701283,0.01,1,2078986,2078554,432
155685061,32.3725,41.3816,433,18235,0.0580513,0.01,1,2079010,2078577,433
155687981,84.349,93.9526,423,18351,0.0532205,0.01,1,2079129,2078706,423
155690901,114.74,118.581,423,18467,0.0512882,0.09,1,2079264,2078841,423
155693821,81.8958,82.8324,424,18582,0.0625153,0.11,1,2079324,2078900,424
155705501,83.7541,83.9077,424,19035,0.237712,0.05,1,2079553,2079129,424
155708421,113.302,114.563,422,19146,0.245085,0.07,1,2079686,2079264,422
155711341,81.9207,81.8252,423,19257,0.224034,0.13,1,2079747,2079324,423
155714261,74.1683,71.1301,428,19367,0.275614,0.17,1,2079816,2079388,428
155720101,33.7069,32.3808,430,19586,0.297298,0.17,1,2079865,2079435,430
155728861,81.5252,110.192,492,19909,0.421027,0.21,1,2080178,2079686,492
155766821,57.6259,83.747,451,21252,0.757878,0.55,2,2081072,2080621,451
155772661,38.7401,43.3995,449,21451,0.758461,0.57,2,2081165,2080716,449
155775581,33.4961,34.7598,450,21550,0.789384,0.63,2,2081195,2080745,450
155909901,57.5105,34.8711,558,25686,0.0792647,1,1,2084170,2083612,558
155912821,91.4042,66.1485,585,25768,0.0497059,0.93,1,2084284,2083699,585
155915741,75.5617,99.6594,528,25850,0.0258823,0.79,1,2084349,2083821,528
155918661,51.2247,84.2638,489,25932,0.0163529,0.55,1,2084384,2083895,489
155921581,40.8899,57.7055,483,26014,0.0245412,0.49,1,2084418,2083935,483
155924501,39.7559,50.0822,477,26095,0.0518165,0.17,1,2084457,2083980,477
155927421,36.9024,48.8329,464,26176,0.0747266,0.07,1,2084492,2084028,464
155933261,56.1844,35.7733,494,26338,0.0899563,0.05,1,2084592,2084098,494
155936181,90.8738,57.5093,536,26418,0.0539825,0.03,1,2084706,2084170,536
155939101,75.3495,91.4037,487,26498,0.039593,0.01,1,2084771,2084284,487
155942021,51.7398,75.5615,458,26578,0.0338372,0.01,1,2084807,2084349,458
155944941,39.8959,51.2246,455,26658,0.0315349,0.03,1,2084839,2084384,455
155947861,40.5584,40.8898,462,26737,0.0666139,0.07,1,2084880,2084418,462
155950781,38.4233,39.7559,460,26816,0.0806456,0.09,1,2084917,2084457,460
155959541,47.1231,56.1844,425,27053,0.0788413,0.03,1,2085017,2084592,425
155962461,86.0492,90.8738,423,27131,0.0855365,0.03,1,2085129,2084706,423
155971221,38.9871,39.8959,422,27365,0.0964343,0.09,1,2085261,2084839,422
155974141,41.3949,40.5584,424,27442,0.0685737,0.09,1,2085304,2084880,424
155977061,41.1579,38.4233,428,27519,0.0334295,0.13,1,2085345,2084917,428
155979981,35.6632,32.7693,431,27596,0.0433718,0.13,1,2085377,2084946,431
155982901,15.4653,14.3077,431,27673,0.0593487,0.05,1,2085379,2084948,431
155985821,42.1861,47.1231,422,27750,0.0777395,0.09,1,2085439,2085017,422
155988741,85.2744,86.0492,424,27826,0.0370958,0.11,1,2085553,2085129,424
155991661,74.3098,73.4197,426,27902,0.0328383,0.11,1,2085620,2085194,426
155994581,50.7239,50.9679,425,27978,0.0551353,0.09,1,2085655,2085230,425
155997501,38.8896,38.9871,425,28054,0.0640541,0.05,1,2085686,2085261,425
156000421,39.5558,41.3949,422,28129,0.0676217,0.01,1,2085726,2085304,422
156003341,41.0223,41.1579,423,28204,0.0690487,0.05,1,2085768,2085345,423
156006261,36.8089,35.6632,425,28279,0.0576195,0.07,1,2085802,2085377,425
156009181,15.9236,15.4653,425,28354,0.0530478,0.07,1,2085804,2085379,425
156012101,42.3694,6.18611,485,28429,0.0512191,0.09,1,2085864,2085379,485
156015021,82.9478,38.4744,535,28503,0.0504876,0.01,1,2085974,2085439,535
156017941,73.9791,83.7898,489,28577,0.0741951,0.03,1,2086042,2085553,489
156038381,44.0084,15.9211,484,29092,0.201976,0.05,1,2086288,2085804,484
156055901,41.1748,40.0147,471,29526,0.228422,0.21,1,2086621,2086150,471
156058821,35.6699,40.0059,463,29598,0.241369,0.19,1,2086653,2086190,463
156061741,15.468,35.8023,432,29670,0.246548,0.19,1,2086655,2086223,432
156064661,44.5872,15.5209,494,29741,0.284619,0.21,1,2086719,2086225,494
156079261,38.0675,40.5922,431,30095,0.428434,0.21,1,2086969,2086538,431
156146421,37.8734,43.6561,485,31673,0.769901,0.65,2,2087987,2087502,485
156149341,16.3494,36.6625,455,31740,0.781961,0.69,2,2087989,2087534,455
156169781,43.3378,40.1465,500,32204,0.900047,0.71,2,2088363,2087863,500
156172701,47.3351,42.4586,506,32270,0.942019,0.77,2,2088413,2087907,506
156336221,29.81,32.5405,501,35756,0.927925,1,2,2090822,2090321,501
156455941,218.928,195.925,533,16916,0.928,0.94,2,2092590,2092057,533
156479301,80.9532,92.317,531,17896,0.756624,0.61,2,2093307,2092776,531
156482221,62.9813,83.7268,504,18015,0.788649,0.57,2,2093358,2092854,504
156488061,98.757,110.596,455,18250,0.794584,0.69,2,2093507,2093052,455
156490981,100.703,104.239,457,18366,0.779834,0.73,2,2093609,2093152,457
156493901,88.8811,89.6954,458,18482,0.785933,0.79,2,2093690,2093232,458
156496821,82.3524,80.8782,461,18597,0.776373,0.81,2,2093768,2093307,461
156508501,101.06,100.701,460,19049,0.943875,0.79,2,2094069,2093609,460
156578581,98.803,95.5836,497,21562,0.946,1,2,2095875,2095378,497
156593181,51.6229,55.7689,479,22049,0.257876,1,1,2096182,2095703,479
156601941,84.6639,93.5212,454,22336,0.0738641,0.49,1,2096419,2095965,454
156604861,55.4655,59.6085,453,22431,0.0595456,0.61,1,2096455,2096002,453
156607781,46.7862,49.6434,451,22526,0.0778182,0.61,1,2096496,2096045,451
156610701,69.7145,19.8574,536,22620,0.0971273,0.19,1,2096581,2096045,536
156619461,85.7257,39.7429,543,22900,0.0750961,0.07,1,2096760,2096217,543
156622381,82.8903,87.8971,504,22993,0.0480385,0.05,1,2096841,2096337,504
156625301,55.3561,84.3589,459,23085,0.0612154,0.05,1,2096878,2096419,459
156628221,47.3424,55.3435,465,23177,0.0904862,0.09,1,2096920,2096455,465
156642821,79.9987,85.7245,502,23630,0.211771,0.03,1,2097262,2096760,502
156663261,79.9247,84.4968,429,24251,0.203565,0.25,1,2097614,2097185,429
156666181,81.1699,79.9987,434,24338,0.243426,0.17,1,2097696,2097262,434
156669101,54.068,55.9995,430,24425,0.25937,0.15,1,2097732,2097302,430
156672021,48.0272,49.3998,429,24512,0.265748,0.19,1,2097776,2097347,429
156683701,28.7767,28.8118,429,24856,0.434819,0.23,1,2097929,2097500,429
156730421,32.2649,20.2192,494,26186,0.772597,0.71,2,2098829,2098335,494
156739181,56.929,84.862,495,26428,0.931446,0.73,2,2099072,2098577,495
156847221,41.5731,55.1039,505,29246,0.290646,1,1,2100998,2100493,505
156853061,55.3717,76.7366,509,29390,0.0669034,1,1,2101138,2100629,509
156855981,36.5487,49.2946,502,29462,0.0567614,1,1,2101162,2100660,502
156858901,26.0195,34.7179,496,29534,0.0527045,1,1,2101181,2100685,496
156861821,80.6078,30.6871,585,29606,0.0210818,0.79,1,2101298,2100713,585
156864741,46.6431,89.0749,481,29677,0.0864327,0.63,1,2101322,2100841,481
156867661,40.8572,54.8299,486,29748,0.0525731,0.43,1,2101359,2100873,486
156870581,36.7429,45.332,481,29819,0.0750292,0.27,1,2101393,2100912,481
156873501,15.8972,46.9328,435,29890,0.0840117,0.23,1,2101395,2100960,435
156876421,26.7589,41.5731,431,29961,0.0876047,0.01,1,2101429,2100998,431
156885181,35.6486,36.5487,424,30172,0.0624867,0.05,1,2101586,2101162,424
156888101,26.2594,26.0195,425,30242,0.0789947,0,1,2101606,2101181,425
156891021,80.1038,80.6078,424,30312,0.0315979,0.13,1,2101722,2101298,424
156893941,47.6415,46.6431,426,30382,0.0306391,0.03,1,2101748,2101322,426
156896861,40.0566,40.8572,424,30452,0.0422557,0.09,1,2101783,2101359,424
156899781,37.6226,36.7429,426,30521,0.0709023,0.09,1,2101819,2101393,426
156911461,47.2639,50.1214,423,30797,0.236487,0.03,1,2101983,2101560,423
156914381,34.5056,35.6486,423,30866,0.256595,0.09,1,2102009,2101586,423
156917301,26.4022,26.2594,424,30935,0.228638,0,1,2102030,2101606,424
156931901,16.7766,16.2491,426,31275,0.229506,0.13,1,2102247,2101821,426
156934821,27.1106,26.8996,426,31343,0.217802,0.13,1,2102281,2101855,426
156937741,70.8443,10.7598,526,31411,0.201121,0.23,1,2102381,2101855,526
156955261,40.528,48.3182,463,31813,0.212725,0.19,1,2102635,2102172,463
156958181,40.8112,40.3273,469,31880,0.25909,0.21,1,2102676,2102207,469
156961101,17.5245,38.9309,433,31946,0.277636,0.25,1,2102678,2102245,433
156964021,27.4098,16.7724,465,32012,0.297054,0.21,1,2102712,2102247,465
156978621,76.8493,25.75,540,32342,0.418482,0.19,1,2103001,2102461,540
156981541,48.1397,76.3,459,32407,0.449393,0.19,1,2103030,2102571,459
156984461,41.4559,47.32,468,32472,0.449757,0.23,1,2103067,2102599,468
156987381,42.9824,40.528,476,32537,0.437903,0.29,1,2103111,2102635,476
156990301,18.3929,40.8112,437,32602,0.445161,0.29,1,2103113,2102676,437
156993221,28.3572,17.5245,470,32667,0.436064,0.31,1,2103148,2102678,470
157028261,72.8978,71.9429,445,33435,0.772929,0.47,2,2103694,2103249,445
157042861,81.1436,77.8554,452,33750,0.923208,0.61,2,2103897,2103445,452
157045781,50.4574,49.1422,452,33813,0.927283,0.65,2,2103927,2103475,452
157048701,42.383,41.2569,453,33876,0.940913,0.63,2,2103964,2103511,453
157051621,43.3532,42.9027,453,33938,0.922365,0.67,2,2104008,2103555,453
157218061,34.3644,49.9058,510,37323,0.91744,1,2,2106349,2105839,510
157232661,48.8511,77.8957,502,37605,0.400412,1,1,2106577,2106075,502
157235581,42.3404,53.9583,502,37661,0.286165,1,1,2106615,2106113,502
157247261,35.6343,34.4437,510,37885,0.0744778,0.94,1,2106755,2106245,510
157250181,34.6537,34.7775,509,37941,0.0477911,0.98,1,2106789,2106280,509
157253101,32.4615,34.911,505,37997,0.0371164,0.88,1,2106820,2106315,505
157256021,29.1846,34.3644,498,38053,0.0208466,0.81,1,2106847,2106349,498
157258941,29.6738,34.7458,493,38109,0.0263386,0.84,1,2106877,2106384,493
157261861,26.8695,34.2983,484,38164,0.0405354,0.77,1,2106902,2106418,484
157264781,57.5478,32.3193,531,38219,0.0342142,0.41,1,2106980,2106449,531
157267701,39.2191,68.1277,466,38274,0.0316857,0.29,1,2107007,2106541,466
157270621,39.6876,48.8511,470,38329,0.0666743,0.21,1,2107047,2106577,470
157273541,31.4751,42.3404,458,38384,0.0806697,0.13,1,2107073,2106615,458
157276461,30.59,35.5362,457,38439,0.0622679,0.11,1,2107103,2106646,457
157279381,36.836,35.2145,463,38494,0.0669072,0.09,1,2107144,2106681,463
157282301,35.7344,38.0858,458,38549,0.0567629,0.05,1,2107179,2106721,458
157285221,32.8938,35.6343,455,38604,0.0647051,0.03,1,2107210,2106755,455
157288141,14.3575,34.6537,423,38659,0.0918821,0.03,1,2107212,2106789,423
157293981,25.6972,29.1846,422,38769,0.0711011,0.03,1,2107269,2106847,422
157296901,29.4789,29.6738,424,38823,0.0464404,0.05,1,2107301,2106877,424
157299821,26.1916,26.8695,423,38877,0.0365762,0.03,1,2107325,2106902,423
157302741,57.2766,57.5478,423,38931,0.0566305,0.03,1,2107403,2106980,423
157305661,39.7106,39.2191,424,38985,0.0886522,0.09,1,2107431,2107007,424
157308581,42.2843,39.6876,428,39039,0.0414609,0.09,1,2107475,2107047,428
157311501,31.9137,31.4751,427,39093,0.0825844,0.05,1,2107500,2107073,427
157314421,30.1655,30.59,426,39147,0.0870337,0.07,1,2107529,2107103,426
157317341,36.0662,36.836,425,39201,0.0888135,0.05,1,2107569,2107144,425
157320261,34.8265,35.7344,424,39255,0.0775254,0.07,1,2107603,2107179,424
157323181,33.1306,32.8938,425,39309,0.0730102,0.11,1,2107635,2107210,425
157326101,14.4522,14.3575,425,39363,0.0712041,0.11,1,2107637,2107212,425
157329021,22.5809,23.743,423,39417,0.0704816,0.05,1,2107665,2107242,423
157331941,24.6324,25.6972,422,39471,0.0581926,0.03,1,2107691,2107269,422
157334861,29.6529,29.4789,423,39525,0.0532771,0.03,1,2107724,2107301,423
157337781,28.0612,26.1916,426,39578,0.0753108,0.07,1,2107751,2107325,426
157361141,32.5858,33.1306,423,40002,0.22442,0.07,1,2108058,2107635,423
157364061,14.2343,14.4522,423,40055,0.215768,0.07,1,2108060,2107637,423
157366981,23.6937,22.5809,425,40108,0.236307,0.07,1,2108090,2107665,425
157369901,23.8775,9.03236,449,40161,0.220523,0.05,1,2108114,2107665,449
157384501,41.1971,40.351,467,40423,0.208437,0.11,1,2108323,2107856,467
157387421,33.2789,41.3404,453,40475,0.221375,0.15,1,2108351,2107898,453
157390341,30.7115,32.7362,455,40527,0.22655,0.11,1,2108380,2107925,455
157393261,39.2846,29.8945,472,40579,0.27662,0.17,1,2108425,2107953,472
157410781,28.7658,23.8775,463,40891,0.41329,0.17,1,2108577,2108114,463
157413701,27.1063,29.951,455,40943,0.423316,0.17,1,2108603,2108148,455
157486701,24.0786,24.004,453,42211,0.75875,0.63,2,2109438,2108985,453
157489621,10.8314,10.8016,453,42261,0.7655,0.65,2,2109440,2108987,453
157492541,23.5326,24.1206,452,42311,0.7682,0.61,2,2109472,2109020,452
157507141,34.2307,33.9872,457,42561,0.926442,0.71,2,2109688,2109231,457
157510061,34.0923,33.9949,457,42611,0.940577,0.73,2,2109722,2109265,457
157512981,41.8369,41.7979,457,42661,0.934231,0.73,2,2109769,2109312,457
157704241,335.797,346.042,495,20440,0.934,1,2,2111940,2111445,495
157707161,175.719,184.017,488,20544,0.7996,1,2,2112009,2111521,488
157715921,94.694,88.9131,511,20852,0.445494,0.95,1,2112270,2111759,511
157724681,38.7484,46.2744,479,21156,0.401712,0.71,1,2112405,2111926,479
157756801,83.3233,82.0431,449,22234,0.797704,0.63,2,2113159,2112710,449
157774321,73.9925,69.2402,529,22800,0.91022,0.79,2,2113526,2112997,529
157777241,85.397,70.2961,551,22893,0.946088,0.83,2,2113619,2113068,551
157780161,77.3588,82.7184,532,22986,0.948435,0.83,2,2113691,2113159,532
157867761,74.0364,43.0851,572,25606,0.946,1,2,2115527,2114955,572
157888201,41.1067,53.2085,507,26179,0.768999,1,2,2115905,2115398,507
157891121,69.8427,41.0834,563,26260,0.7816,0.91,2,2115994,2115431,563
157894041,63.3371,74.0334,526,26341,0.76264,0.85,2,2116053,2115527,526
157902801,54.0936,45.7301,522,26581,0.760889,0.79,2,2116197,2115675,522
157905721,79.8374,57.2921,554,26661,0.766356,0.71,2,2116294,2115740,554
157914481,69.9576,41.1067,547,26898,0.906567,0.79,2,2116452,2115905,547
157917401,29.183,69.8427,460,26977,0.932627,0.75,2,2116454,2115994,460
158022521,46.0363,66.5646,509,29673,0.792784,1,2,2118374,2117865,509
158037121,34.7492,53.0093,487,30028,0.276928,1,1,2118560,2118073,487
158042961,55.9599,69.4415,467,30168,0.0767084,0.88,1,2118695,2118228,467
158045881,39.7839,46.9766,464,30238,0.0366834,0.79,1,2118724,2118260,464
158048801,62.1136,68.5906,458,30308,0.0446733,0.77,1,2118801,2118343,458
158051721,42.8454,46.0363,457,30378,0.0238693,0.71,1,2118831,2118374,457
158054641,39.3382,40.0145,458,30448,0.0635477,0.61,1,2118868,2118410,458
158057561,42.1353,47.2058,450,30518,0.0914191,0.33,1,2118912,2118462,450
158060481,33.0541,38.6823,444,30587,0.0905676,0.27,1,2118939,2118495,444
158063401,25.8216,32.8729,436,30656,0.0782271,0.23,1,2118960,2118524,436
158066321,27.7287,34.7492,429,30725,0.0972908,0.01,1,2118989,2118560,429
158069241,60.8915,64.8997,427,30794,0.0809163,0.05,1,2119072,2118645,427
158072161,51.3566,55.9599,422,30863,0.0983665,0.01,1,2119117,2118695,422
158075081,37.9426,39.7839,422,30932,0.0693466,0.05,1,2119146,2118724,422
158078001,61.9771,62.1136,423,31000,0.0817386,0.01,1,2119224,2118801,423
158080921,42.1908,42.8454,422,31068,0.0386955,0.09,1,2119253,2118831,422
158083841,40.2763,39.3382,424,31136,0.0694782,0.11,1,2119292,2118868,424
158086761,44.3105,42.1353,427,31204,0.0697913,0.09,1,2119339,2118912,427
158089681,32.1242,33.0541,424,31272,0.0459165,0.07,1,2119363,2118939,424
158092601,24.8497,25.8216,423,31340,0.0603666,0.07,1,2119383,2118960,423
158095521,30.3399,10.3287,457,31408,0.0541466,0.11,1,2119417,2118960,457
158098441,59.536,21.5315,507,31475,0.0996587,0.07,1,2119496,2118989,507
158107201,62.3703,37.546,501,31676,0.0608581,0.09,1,2119647,2119146,501
158110121,41.1481,61.8184,450,31743,0.0303433,0.01,1,2119674,2119224,450
158113041,42.2592,42.1274,464,31810,0.0421373,0.09,1,2119717,2119253,464
158115961,43.3037,40.2509,469,31877,0.0708549,0.07,1,2119761,2119292,469
158127641,61.4302,30.3392,506,32141,0.231686,0.13,1,2119923,2119417,506
158130561,51.5721,59.5357,472,32207,0.254674,0.13,1,2119968,2119496,472
158133481,36.8288,50.8143,454,32273,0.25187,0.15,1,2119995,2119541,454
158136401,59.1315,35.9257,502,32339,0.226748,0.01,1,2120069,2119567,502
158153921,34.3057,24.6886,468,32729,0.227652,0.21,1,2120273,2119805,468
158156841,14.9223,32.0754,433,32794,0.253061,0.27,1,2120275,2119842,433
158159761,55.7689,61.4302,435,32858,0.251224,0.27,1,2120358,2119923,435
158162681,49.3076,51.5721,435,32922,0.26249,0.25,1,2120403,2119968,435
158165601,35.323,36.8288,434,32986,0.266996,0.21,1,2120429,2119995,434
158168521,57.3292,59.1315,432,33050,0.292798,0.15,1,2120501,2120069,432
158191881,55.5431,55.7689,434,33559,0.400636,0.27,1,2120792,2120358,434
158256121,57.3537,15.9172,535,34920,0.775183,0.61,2,2121684,2121149,535
158267801,41.0443,59.7739,482,35161,0.905973,0.71,2,2121866,2121384,482
158270721,42.8177,39.5096,500,35221,0.908389,0.71,2,2121910,2121410,500
158273641,47.1271,42.2038,506,35281,0.909356,0.69,2,2121960,2121454,506
158276561,34.4508,47.4815,481,35341,0.909742,0.67,2,2121986,2121505,481
158279481,27.5803,35.1926,477,35401,0.933897,0.69,2,2122009,2121532,477
158282401,38.0321,27.277,500,35461,0.943559,0.73,2,2122054,2121554,500
158285321,16.4129,36.7108,459,35521,0.947424,0.73,2,2122056,2121597,459
158396281,56.9426,59.3222,524,37716,0.94,1,2,2123624,2123100,524
158416721,32.1169,42.8923,508,38108,0.939902,1,2,2123879,2123371,508
158565641,34.993,37.8363,514,40838,0.9292,1,2,2125797,2125283,514
158571481,35.9589,25.4938,537,40942,0.905872,1,2,2125868,2125331,537
158589001,36.4034,50.365,505,41249,0.420621,1,1,2126082,2125577,505
158594841,39.6645,36.9784,521,41351,0.246099,1,1,2126166,2125645,521
158597761,35.0658,42.3914,507,41402,0.26044,1,1,2126198,2125691,507
158600681,37.4263,37.9565,511,41453,0.266176,0.93,1,2126237,2125726,511
158603601,33.5705,37.9826,504,41504,0.28047,0.91,1,2126268,2125764,504
158606521,17.0282,34.993,477,41555,0.298188,0.88,1,2126274,2125797,477
158632801,34.5784,42.1614,434,42010,0.403704,0.19,1,2126562,2126128,434
158635721,37.8314,39.6645,436,42060,0.419482,0.27,1,2126602,2126166,436
158638641,34.3325,35.0658,436,42110,0.413793,0.27,1,2126634,2126198,436
158641561,35.933,37.4263,434,42160,0.447517,0.29,1,2126671,2126237,434
158644481,34.7732,33.5705,437,42210,0.449007,0.31,1,2126705,2126268,437
158688281,16.3212,16.9093,443,42954,0.754939,0.49,2,2127153,2126710,443
158711641,33.2682,39.0651,481,43346,0.751023,0.69,2,2127419,2126938,481
158714561,34.9073,32.4261,489,43395,0.786409,0.67,2,2127455,2126966,489
158717481,38.5629,35.1704,493,43444,0.788564,0.67,2,2127496,2127003,493
158720401,36.4252,38.6682,487,43493,0.777425,0.67,2,2127531,2127044,487
158723321,38.5701,35.2673,494,43542,0.78497,0.73,2,2127571,2127077,494
158740841,19.8841,26.1006,470,43830,0.917126,0.67,2,2127713,2127243,470
158743761,25.3536,20.0402,483,43878,0.92485,0.69,2,2127742,2127259,483
158971521,321.225,370.981,465,21900,0.43,0.63,1,2130251,2129786,465
158983201,71.6554,86.0187,453,22285,0.056032,0.07,1,2130545,2130092,453
158986121,62.8621,71.0075,449,22380,0.0644128,0.01,1,2130602,2130153,449
158989041,38.3449,57.803,422,22475,0.0677651,0,1,2130624,2130202,422
158991961,35.7379,33.3212,439,22569,0.045106,0.05,1,2130658,2130219,439
158994881,74.2952,32.5285,507,22663,0.0360424,0.01,1,2130758,2130251,507
158997801,84.9181,64.0114,514,22757,0.080417,0.09,1,2130850,2130336,514
159006561,59.4348,64.2647,479,23035,0.0735467,0.07,1,2131024,2130545,479
159009481,36.3739,59.9059,443,23127,0.0354187,0.07,1,2131045,2130602,443
159012401,36.1496,37.1624,457,23219,0.0321675,0.03,1,2131081,2130624,457
159015321,74.4598,35.2649,523,23310,0.090867,0.03,1,2131181,2130658,523
159021161,71.1936,84.8424,488,23492,0.222139,0.15,1,2131338,2130850,488
159024081,60.8774,69.937,482,23582,0.238855,0.15,1,2131392,2130910,482
159027001,56.751,61.5748,480,23672,0.245542,0.03,1,2131446,2130966,480
159029921,35.3004,59.4299,443,23762,0.236217,0.01,1,2131467,2131024,443
159035761,76.2081,36.1488,527,23940,0.206995,0.13,1,2131608,2131081,527
159038681,31.6832,74.4595,429,24029,0.220798,0.19,1,2131610,2131181,429
159041601,72.0733,87.9838,431,24117,0.238319,0.27,1,2131709,2131278,431
159044521,67.2293,71.1935,435,24205,0.257328,0.25,1,2131773,2131338,435
159047441,58.6917,60.8774,434,24293,0.276931,0.25,1,2131826,2131392,434
159050361,55.8767,56.751,434,24380,0.284772,0.23,1,2131880,2131446,434
159067881,66.9057,67.2293,433,24897,0.414084,0.29,1,2132206,2131773,433
159070801,59.1623,58.6917,434,24982,0.435633,0.29,1,2132260,2131826,434
159105841,79.7544,35.7153,556,25982,0.764964,0.61,2,2132929,2132373,556
159108761,33.1018,78.4861,451,26064,0.779985,0.61,2,2132931,2132480,451
159117521,61.9025,67.2551,511,26307,0.901199,0.71,2,2133157,2132646,511
159120441,62.561,59.902,519,26388,0.91848,0.73,2,2133220,2132701,519
159123361,37.0244,61.1608,477,26468,0.925392,0.73,2,2133240,2132763,477
159246001,48.6162,65.3851,513,29643,0.0989006,1,1,2135499,2134986,513
159248921,35.6465,45.954,507,29714,0.0575602,1,1,2135526,2135019,507
159251841,43.6586,34.5816,529,29785,0.0530241,0.95,1,2135575,2135046,529
159254761,18.6634,48.6326,473,29856,0.0272096,1,1,2135577,2135104,473
159257681,21.8654,36.8531,468,29927,0.0168839,0.99,1,2135601,2135133,468
159260601,24.9461,32.1412,466,29998,0.0127535,0.57,1,2135628,2135162,466
159263521,66.9785,78.2565,452,30069,0.0831014,0.39,1,2135723,2135271,452
159266441,54.9914,65.5026,442,30139,0.0872406,0.19,1,2135770,2135328,442
159275201,45.8074,48.6162,425,30349,0.0855034,0.03,1,2135924,2135499,425
159278121,32.723,35.6465,422,30419,0.0762014,0.05,1,2135948,2135526,422
159281041,43.0892,43.6586,423,30489,0.0364805,0.01,1,2135998,2135575,423
159283961,18.4357,18.6634,423,30558,0.0205922,0.01,1,2136000,2135577,423
159286881,21.1743,21.8654,422,30627,0.0622369,0.01,1,2136023,2135601,422
159289801,24.6697,24.9461,422,30696,0.0788948,0.13,1,2136050,2135628,422
159292721,68.6679,66.9785,425,30765,0.0495579,0.09,1,2136148,2135723,425
159295641,56.2672,54.9914,426,30834,0.0258232,0.17,1,2136196,2135770,426
159298561,45.3069,44.7966,426,30903,0.0403293,0.09,1,2136234,2135808,426
159301481,70.3227,69.5186,427,30971,0.0941317,0.07,1,2136321,2135894,427
159313161,17.8035,18.4357,422,31243,0.0936578,0.09,1,2136422,2136000,422
159345281,22.3644,17.8001,449,31980,0.201619,0.13,1,2136871,2136422,449
159348201,24.5458,20.9201,452,32046,0.230647,0.09,1,2136897,2136445,452
159351121,69.8183,24.568,525,32112,0.278259,0.13,1,2136997,2136472,525
159354041,57.3273,68.6272,476,32178,0.297304,0.15,1,2137046,2136570,476
159380321,71.3859,24.5458,536,32765,0.401578,0.31,1,2137433,2136897,536
159383241,29.7544,69.8183,438,32830,0.418631,0.31,1,2137435,2136997,438
159386161,41.3018,57.3273,438,32894,0.437453,0.35,1,2137484,2137046,438
159432881,41.4814,40.1535,448,33908,0.780427,0.53,2,2138161,2137713,448
159435801,17.7926,17.2614,448,33970,0.774171,0.57,2,2138163,2137715,448
159438721,23.917,23.7046,448,34032,0.795668,0.59,2,2138191,2137743,448
159470841,24.8323,17.7625,488,34709,0.938752,0.81,2,2138651,2138163,488
159473761,27.9329,23.905,490,34770,0.945501,0.83,2,2138681,2138191,490
159593481,57.2093,61.4282,487,37180,0.916278,1,2,2140435,2139948,487
159596401,40.8837,24.5713,517,37237,0.906511,1,2,2140465,2139948,517
159599321,30.1535,27.8285,510,37294,0.932605,1,2,2140488,2139978,510
159602241,34.8614,30.3314,516,37351,0.907042,1,2,2140526,2140010,516
159608081,28.0178,31.133,506,37464,0.779927,1,2,2140582,2140076,506
159640201,29.7233,34.8614,490,38080,0.750323,0.77,2,2141016,2140526,490
159643121,23.8893,32.5445,479,38135,0.762129,0.75,2,2141036,2140557,479
159646041,31.7557,28.0178,491,38190,0.766852,0.67,2,2141073,2140582,491
159648961,66.1023,32.8071,544,38245,0.792741,0.59,2,2141162,2140618,544
159651881,40.8409,66.5229,479,38300,0.779096,0.63,2,2141186,2140707,479
159654801,32.5364,42.2091,480,38355,0.797638,0.65,2,2141213,2140733,480
159660641,39.1658,38.6735,493,38465,0.772022,0.69,2,2141296,2140803,493
159663561,52.8663,37.6694,518,38520,0.794809,0.71,2,2141358,2140840,518
159692761,32.9622,32.5364,462,39065,0.903361,0.81,2,2141675,2141213,462
159695681,39.5849,39.4145,462,39119,0.907345,0.75,2,2141719,2141257,462
159701521,53.4936,52.8663,463,39227,0.940775,0.83,2,2141821,2141358,463
159876721,353.51,366.568,519,18980,0.406,1,1,2143998,2143479,519
159882561,129.402,131.971,511,19203,0.09496,0.51,1,2144156,2143645,511
159885481,101.561,118.788,484,19314,0.067984,0.15,1,2144239,2143755,484
159888401,77.8242,99.7153,459,19424,0.0451936,0,1,2144301,2143842,459
159891321,70.7297,90.8861,440,19533,0.0360774,0.01,1,2144367,2143927,440
159894241,49.8919,58.5545,439,19642,0.020431,0.01,1,2144403,2143964,439
159897161,66.7568,43.8218,483,19750,0.0261724,0.05,1,2144481,2143998,483
159900081,84.9027,54.1287,519,19857,0.016469,0.03,1,2144578,2144059,519
159903001,83.7611,79.8515,505,19964,0.0725876,0.05,1,2144661,2144156,505
159905921,71.9044,81.7406,486,20070,0.059035,0.03,1,2144725,2144239,486
159908841,66.5618,69.8962,487,20176,0.041614,0.03,1,2144788,2144301,487
159911761,48.8247,67.5585,458,20281,0.0346456,0.01,1,2144825,2144367,458
159914681,68.1299,48.6234,503,20386,0.0198582,0.03,1,2144906,2144403,503
159917601,83.652,66.2494,519,20490,0.0139433,0.01,1,2145000,2144481,519
159920521,86.8608,84.6997,511,20594,0.0355773,0.11,1,2145089,2144578,511
159923441,71.3443,83.6799,489,20697,0.0562309,0.05,1,2145150,2144661,489
159926361,63.9377,71.872,484,20799,0.0404924,0.03,1,2145209,2144725,484
159929281,48.9751,66.5488,460,20901,0.058197,0.03,1,2145248,2144788,460
159932201,68.19,48.8195,504,21002,0.0412788,0.01,1,2145329,2144825,504
159935121,28.476,68.1278,425,21103,0.0345115,0.01,1,2145331,2144906,425
159938041,66.5904,83.6511,423,21204,0.0198046,0.05,1,2145423,2145000,423
159940961,80.6362,86.8604,424,21304,0.0499218,0.07,1,2145513,2145089,424
159943881,68.2545,71.3442,423,21404,0.0739687,0.03,1,2145573,2145150,423
159946801,62.7018,63.9377,423,21503,0.0295875,0.07,1,2145632,2145209,423
159949721,49.6807,48.9751,425,21602,0.017835,0.03,1,2145673,2145248,425
159952641,67.2723,68.19,423,21700,0.037134,0.03,1,2145752,2145329,423
159955561,28.1089,28.476,423,21798,0.0448536,0.01,1,2145754,2145331,423
159958481,65.8436,66.5904,422,21895,0.0479414,0.07,1,2145845,2145423,422
159961401,80.9374,80.6362,423,21992,0.0491766,0.09,1,2145936,2145513,423
159964321,68.975,68.2545,424,22088,0.0736706,0,1,2145997,2145573,424
159967241,61.79,62.7018,422,22184,0.0474683,0.01,1,2146054,2145632,422
159970161,50.516,49.6807,424,22280,0.0249873,0.05,1,2146097,2145673,424
159973081,66.4064,67.2723,422,22375,0.00999492,0.05,1,2146174,2145752,422
159976001,27.7626,28.1089,422,22470,0.00999797,0.05,1,2146176,2145754,422
159978921,65.705,65.8436,422,22564,0.0459992,0.05,1,2146267,2145845,422
159981841,80.882,26.3374,513,22658,0.0483997,0.05,1,2146358,2145845,513
159987681,60.8211,62.654,478,22845,0.0737439,0.03,1,2146475,2145997,478
159990601,51.3284,59.2616,466,22938,0.0714976,0.01,1,2146520,2146054,466
160022721,82.7749,66.1649,521,23935,0.225524,0.13,1,2147210,2146689,521
160025641,34.3099,82.866,429,24024,0.24021,0.17,1,2147212,2146783,429
160028561,53.324,72.1464,430,24112,0.282084,0.23,1,2147278,2146848,430
160031481,53.1296,58.8586,433,24200,0.274834,0.19,1,2147331,2146898,433
160034401,47.6518,51.1434,431,24288,0.283933,0.15,1,2147375,2146944,431
160037321,65.2607,67.8574,429,24375,0.287573,0.15,1,2147452,2147023,429
160049001,35.0115,34.3099,434,24721,0.441906,0.31,1,2147646,2147212,434
160051921,54.2046,53.324,435,24807,0.446762,0.27,1,2147713,2147278,435
160086961,28.1001,63.8836,447,25813,0.770048,0.49,2,2148334,2147887,447
160107401,70.7113,48.1221,540,26383,0.929738,0.79,2,2148792,2148252,540
160212521,53.0297,31.802,541,29133,0.77752,1,2,2150675,2150134,541
160227121,50.3977,54.6847,520,29494,0.066157,1,1,2150980,2150460,520
160230041,43.5591,46.4739,518,29566,0.0684628,1,1,2151019,2150501,518
160232961,33.6236,48.5896,495,29638,0.0693851,0.92,1,2151046,2150551,495
160235881,31.4495,34.4358,500,29709,0.069754,0.83,1,2151076,2150576,500
160238801,44.9798,33.5743,521,29780,0.0579016,0.71,1,2151130,2150609,521
160241721,19.1919,53.0297,457,29851,0.0891607,0.67,1,2151132,2150675,457
160250481,74.5003,86.9859,426,30064,0.0673863,0.05,1,2151314,2150888,426
160253401,59.2001,65.9944,423,30134,0.0569545,0,1,2151363,2150940,423
160256321,47.68,50.3977,423,30204,0.0767818,0.07,1,2151403,2150980,423
160259241,43.672,43.5591,425,30274,0.0967127,0.07,1,2151444,2151019,425
160279681,74.5638,74.5003,425,30760,0.211254,0.05,1,2151739,2151314,425
160282601,57.4255,59.2001,422,30829,0.234502,0.09,1,2151785,2151363,422
160285521,47.5702,47.68,423,30898,0.279801,0.11,1,2151826,2151403,423
160294281,32.5885,31.4675,428,31102,0.412707,0.15,1,2151929,2151501,428
160297201,47.2354,45.587,430,31170,0.411083,0.15,1,2151986,2151556,430
160300121,20.0942,19.4348,430,31238,0.410433,0.19,1,2151988,2151558,430
160314721,50.3763,56.551,477,31575,0.429934,0.31,1,2152262,2151785,477
160355601,47.9379,33.4401,506,32500,0.759171,0.59,2,2152875,2152369,506
160358521,20.3752,46.976,452,32565,0.777669,0.59,2,2152877,2152425,452
160361441,23.7501,19.9904,476,32630,0.785067,0.59,2,2152903,2152427,476
160376041,44.9062,52.5113,455,32953,0.916804,0.69,2,2153161,2152706,455
160387721,50.0616,47.9379,461,33209,0.92515,0.79,2,2153336,2152875,461
160390641,21.2246,20.3752,461,33273,0.94006,0.79,2,2153338,2152877,461
160393561,24.0899,23.7501,461,33337,0.922024,0.83,2,2153364,2152903,461
160524961,34.6541,34.7558,492,36079,0.945693,1,2,2155304,2154812,492
160533721,50.0019,41.8484,505,36254,0.774524,1,2,2155480,2154975,505
160548321,35.0682,37.2378,480,36544,0.440728,1,1,2155626,2155146,480
160554161,49.1709,50.838,482,36660,0.206116,0.95,1,2155722,2155240,482
160562921,34.7069,40.2616,468,36833,0.0844715,0.75,1,2155816,2155348,468
160565841,67.8828,75.5047,459,36890,0.0757886,0.73,1,2155906,2155447,459
160568761,46.3531,50.0019,458,36947,0.0723154,0.63,1,2155938,2155480,458
160571681,29.3412,35.6007,450,37004,0.0469262,0.65,1,2155956,2155506,450
160574601,23.7365,24.4403,453,37061,0.0487705,0.51,1,2155976,2155523,453
160577521,25.0946,30.1761,445,37118,0.0735082,0.53,1,2156002,2155557,445
160580441,27.4378,30.6704,443,37175,0.0474033,0.53,1,2156031,2155588,443
160583361,29.5751,12.2682,474,37232,0.0489613,0.37,1,2156062,2155588,474
160586281,34.6301,27.7073,474,37289,0.0615845,0.29,1,2156100,2155626,474
160589201,42.052,34.4829,482,37346,0.0426338,0.11,1,2156147,2155665,482
160592121,33.6208,47.9932,453,37403,0.0590535,0.13,1,2156175,2155722,453
160595041,29.6483,37.1973,450,37459,0.0776214,0.07,1,2156202,2155752,450
160597961,34.0593,31.0789,460,37515,0.0970486,0.07,1,2156239,2155779,460
160600881,67.0237,34.6316,512,37571,0.0808194,0.07,1,2156328,2155816,512
160603801,46.0095,67.8526,454,37627,0.0743278,0.07,1,2156360,2155906,454
160606721,28.6038,46.3411,439,37683,0.0957311,0.03,1,2156377,2155938,439
160609641,24.6415,29.3364,443,37739,0.0562924,0.05,1,2156399,2155956,443
160612561,24.2566,23.7346,447,37795,0.052517,0.09,1,2156423,2155976,447
160615481,27.7026,25.0938,451,37851,0.0390068,0.03,1,2156453,2156002,451
160618401,29.0811,27.4375,452,37907,0.0336027,0.05,1,2156483,2156031,452
160621321,35.0324,29.575,460,37963,0.0554411,0.07,1,2156522,2156062,460
160624241,42.213,34.63,469,38019,0.0641764,0.03,1,2156569,2156100,469
160627161,34.8852,42.052,452,38075,0.0676706,0.07,1,2156599,2156147,452
160630081,30.7541,33.6208,452,38130,0.0690682,0.09,1,2156627,2156175,452
160633001,33.9016,29.6483,461,38185,0.0936273,0.11,1,2156663,2156202,461
160647601,24.375,24.6415,447,38460,0.217736,0.05,1,2156846,2156399,447
160650521,27.75,24.2566,453,38515,0.201095,0.03,1,2156876,2156423,453
160653441,28.5,27.7026,452,38570,0.218438,0.03,1,2156905,2156453,452
160656361,12.6,29.0811,424,38625,0.225375,0.07,1,2156907,2156483,424
160659281,29.64,35.0324,426,38680,0.26415,0.07,1,2156948,2156522,426
160694321,13.1327,12.6,435,39330,0.412365,0.29,1,2157342,2156907,435
160697241,31.0531,29.64,437,39384,0.422946,0.35,1,2157385,2156948,437
160700161,40.0212,39.456,437,39438,0.415178,0.33,1,2157431,2156994,437
160703081,34.6085,33.7824,438,39492,0.436071,0.35,1,2157462,2157024,438
160706001,30.6434,30.913,437,39545,0.444429,0.31,1,2157490,2157053,437
160767321,32.1281,28.4206,484,40650,0.757897,0.61,2,2158232,2157748,484
160773161,30.8205,13.9073,492,40754,0.758464,0.63,2,2158276,2157784,492
160776081,39.9282,30.7629,496,40806,0.765385,0.59,2,2158322,2157826,496
160779001,34.5713,39.9052,481,40858,0.768154,0.57,2,2158353,2157872,481
160790681,51.4866,70.78,494,41065,0.939105,0.73,2,2158557,2158063,494
160983401,25.6354,32.5888,520,44329,0.921232,1,2,2160773,2160253,520
160986321,28.8542,30.4355,522,44377,0.932493,1,2,2160804,2160282,522
160989241,33.1417,31.3742,526,44425,0.906997,1,2,2160840,2160314,526
160998001,41.1931,46.2399,500,44566,0.763408,1,2,2160968,2160468,500
161071001,23.6625,22.8872,449,45733,0.764102,0.59,2,2161696,2161247,449
161073921,23.865,23.5549,449,45779,0.767641,0.59,2,2161720,2161271,449
161076841,29.346,29.222,449,45825,0.769056,0.51,2,2161753,2161304,449
161120641,29.5206,23.8646,492,46512,0.911486,0.77,2,2162212,2161720,492
161123561,31.6082,29.3458,492,46557,0.934595,0.83,2,2162245,2161753,492
161441841,91.1231,69.8129,518,23451,0.084208,0.91,1,2165780,2165262,518
161444761,82.0493,75.9252,514,23541,0.0396832,0.65,1,2165856,2165342,514
161447681,68.8197,81.9701,488,23631,0.0218733,0.35,1,2165916,2165428,488
161450601,48.5279,71.788,458,23721,0.0267493,0.39,1,2165951,2165493,458
161453521,30.8112,46.1152,448,23810,0.0766997,0.33,1,2165970,2165522,448
161456441,26.7245,29.8461,453,23899,0.0726799,0.23,1,2165994,2165541,453
161459361,32.8898,34.7384,452,23988,0.059072,0.19,1,2166031,2165579,452
161485641,70.7095,67.7685,430,24771,0.251095,0.11,1,2166552,2166122,430
161488561,75.0838,76.9074,425,24857,0.298438,0.11,1,2166630,2166205,425
161500241,31.4037,31.2104,429,25196,0.406088,0.21,1,2166824,2166395,429
161506081,34.7846,34.2737,431,25364,0.428574,0.29,1,2166888,2166457,431
161509001,72.7138,70.7095,434,25448,0.41743,0.29,1,2166986,2166552,434
161511921,76.4855,28.2838,513,25531,0.424972,0.33,1,2167065,2166552,513
161555721,74.6851,36.1523,550,26748,0.770926,0.65,2,2167880,2167330,550
161558641,79.074,72.6609,535,26827,0.78237,0.67,2,2167962,2167427,535
161561561,79.0296,77.0644,534,26906,0.798948,0.71,2,2168041,2167507,534
161579081,37.0963,38.2128,457,27375,0.91494,0.79,2,2168238,2167781,457
161666681,80.6083,81.0666,558,29607,0.91,1,2,2169926,2169368,558
161672521,40.2573,46.2106,517,29749,0.7828,1,2,2169989,2169472,517
161695881,70.6971,80.6083,465,30313,0.0801571,0.83,1,2170391,2169926,465
161698801,42.6789,49.6433,460,30383,0.0620629,0.73,1,2170415,2169955,460
161701721,36.8715,40.2573,459,30453,0.0548251,0.61,1,2170448,2169989,459
161704641,34.5486,41.3029,450,30522,0.0759301,0.65,1,2170481,2170031,450
161707561,24.0194,29.1212,446,30591,0.060372,0.51,1,2170498,2170052,446
161710481,30.0078,35.0485,441,30660,0.0661488,0.41,1,2170532,2170091,441
161713401,24.6031,28.4194,438,30729,0.0804595,0.29,1,2170553,2170115,438
161716321,29.6412,31.7678,437,30798,0.0981838,0.03,1,2170586,2170149,437
161751361,75.9802,58.8876,511,31613,0.204571,0.09,1,2171176,2170665,511
161754281,69.3921,76.355,488,31680,0.255828,0.11,1,2171241,2170753,488
161757201,42.1568,67.742,450,31747,0.288331,0.15,1,2171265,2170815,450
161763041,36.0251,36.5187,462,31881,0.294533,0.17,1,2171333,2170871,462
161798081,30.7565,25.21,471,32668,0.404016,0.33,1,2171822,2171351,471
161801001,25.5026,30.484,459,32733,0.419607,0.33,1,2171844,2171385,459
161803921,11.401,25.3936,439,32798,0.425843,0.37,1,2171846,2171407,439
161841881,58.2592,56.4242,446,33625,0.780299,0.53,2,2172404,2171958,446
161868161,11.8416,11.62,454,34187,0.905711,0.67,2,2172743,2172289,454
161871081,26.3366,25.648,455,34249,0.908284,0.67,2,2172779,2172324,455
161874001,62.1347,10.2592,541,34311,0.933314,0.85,2,2172865,2172324,541
162087161,53.9649,47.8867,528,38550,0.431716,0.95,1,2175871,2175343,528
162101761,24.424,29.2712,463,38824,0.295464,0.85,1,2176002,2175539,463
162104681,26.5696,27.3085,465,38878,0.292186,0.81,1,2176030,2175565,465
162107601,22.6278,25.3234,461,38932,0.290874,0.69,1,2176050,2175589,461
162125121,51.445,53.9649,442,39256,0.412066,0.37,1,2176313,2175871,442
162128041,46.378,49.186,439,39310,0.446826,0.35,1,2176356,2175917,439
162195201,41.8809,43.2102,488,40528,0.761016,0.55,2,2177101,2176613,488
162198121,41.9523,40.6841,491,40580,0.790406,0.57,2,2177143,2176652,491
162212721,28.9771,27.3964,483,40840,0.904859,0.69,2,2177318,2176835,483
162215641,24.7908,27.7586,477,40892,0.931943,0.69,2,2177340,2176863,477
162395221,118.058,124.032,521,20031,0.91,0.99,2,2179681,2179160,521
162403981,50.4437,56.346,498,20347,0.76504,1,2,2179833,2179335,498
162406901,84.3775,44.7384,568,20451,0.780016,1,2,2179940,2179372,568
162415661,59.5682,99.3433,497,20761,0.907921,0.85,2,2180178,2179681,497
162418581,73.6273,62.5373,542,20863,0.921168,0.83,2,2180261,2179719,542
162494501,102.054,83.6097,580,23362,0.922,1,2,2182035,2181455,580
162497421,63.0215,99.4439,507,23453,0.9268,1,2,2182072,2181565,507
162500341,73.8086,61.3776,552,23543,0.91672,1,2,2182153,2181601,552
162503261,49.3234,74.351,502,23633,0.900688,1,2,2182186,2181684,502
162614221,65.8591,76.6417,521,26829,0.7636,1,2,2184466,2183945,521
162634661,47.4849,53.8692,479,27377,0.229271,0.79,1,2184801,2184322,479
162640501,58.2376,65.8591,456,27531,0.215483,0.57,1,2184922,2184466,456
162643421,52.095,58.7436,450,27608,0.260193,0.63,1,2184970,2184520,450
162646341,43.038,45.6975,450,27685,0.266077,0.53,1,2185007,2184557,450
162666781,58.9098,58.2376,433,28215,0.424339,0.29,1,2185355,2184922,433
162669701,54.1639,52.095,436,28290,0.427736,0.27,1,2185406,2184970,436
162672621,43.2656,43.038,435,28365,0.441094,0.27,1,2185442,2185007,435
162713501,44.3846,75.2002,472,29392,0.763734,0.57,2,2186120,2185648,472
162716421,57.3538,43.2801,516,29464,0.767493,0.61,2,2186186,2185670,516
162719341,58.9415,55.712,512,29536,0.780997,0.63,2,2186246,2185734,512
162722261,55.9766,58.2848,506,29608,0.786399,0.61,2,2186300,2185794,506
162736861,28.921,36.6535,456,29963,0.902994,0.77,2,2186450,2185994,456
162739781,75.7684,76.4614,460,30034,0.931197,0.79,2,2186557,2186097,460
162742701,43.5074,44.3846,459,30104,0.918479,0.77,2,2186579,2186120,459
162745621,57.6029,57.3538,460,30174,0.925392,0.79,2,2186646,2186186,460
162748541,59.6412,58.9415,461,30244,0.916157,0.79,2,2186707,2186246,461
162751461,56.2565,55.9766,461,30314,0.948463,0.83,2,2186761,2186300,461
162856581,62.7174,29.7634,565,32733,0.946,1,2,2188436,2187871,565
162862421,35.7148,49.8821,490,32862,0.79576,1,2,2188498,2188008,490
162865341,42.4859,52.9529,482,32926,0.792304,1,2,2188545,2188063,482
162868261,43.3944,45.7811,485,32990,0.778922,1,2,2188589,2188104,485
162877021,42.0652,46.898,479,33182,0.442251,1,1,2188744,2188265,479
162882861,27.1304,28.9837,479,33310,0.43676,1,1,2188796,2188317,479
162888701,55.8209,62.7174,465,33436,0.440682,0.81,1,2188901,2188436,465
162900381,39.7666,43.3944,455,33688,0.400609,0.55,1,2189044,2188589,455
162903301,60.3066,67.1577,446,33751,0.418244,0.49,1,2189118,2188672,446
162906221,42.1227,46.6631,443,33814,0.413298,0.37,1,2189148,2188705,443
162909141,38.4491,42.0652,440,33877,0.411319,0.35,1,2189184,2188744,440
162912061,32.7796,34.8261,439,33939,0.422528,0.47,1,2189213,2188774,439
162914981,28.7118,27.1304,443,34001,0.427011,0.47,1,2189239,2188796,443
162917901,30.0847,30.0522,442,34063,0.440804,0.43,1,2189270,2188828,442
162967541,62.5362,40.7307,526,35104,0.773268,0.63,2,2190011,2189485,526
162970461,43.0145,60.6923,482,35164,0.783307,0.63,2,2190041,2189559,482
162973381,37.6058,42.2769,486,35224,0.787323,0.63,2,2190075,2189589,486
162979221,30.1369,34.1243,480,35344,0.794372,0.65,2,2190135,2189655,480
162982141,30.0548,29.2497,484,35404,0.767749,0.65,2,2190165,2189681,484
163002581,60.2399,62.5362,461,35820,0.943109,0.79,2,2190472,2190011,461
163005501,42.096,43.0145,461,35879,0.947244,0.79,2,2190502,2190041,461
163131061,36.8634,45.2263,503,38330,0.930152,0.96,2,2192185,2191682,503
163139821,38.1673,39.0625,506,38495,0.78985,1,2,2192303,2191797,506
163142741,43.4669,34.225,522,38550,0.75394,0.98,2,2192350,2191828,522
163192381,34.3506,37.492,449,39472,0.760865,0.59,2,2192927,2192478,449
163195301,33.5402,32.3968,453,39526,0.778346,0.63,2,2192960,2192507,453
163198221,26.6161,26.7587,452,39579,0.797338,0.59,2,2192982,2192530,452
163236181,27.1044,31.0561,481,40268,0.937581,0.81,2,2193441,2192960,481
163367581,40.9689,39.1543,494,42562,0.908454,1,2,2195058,2194564,494
163382181,37.343,35.3613,493,42809,0.934023,1,2,2195243,2194750,493
163388021,36.5749,29.0578,502,42907,0.762644,1,2,2195309,2194807,502
163393861,31.172,24.0892,516,43005,0.759223,1,2,2195371,2194855,516
163405541,29.4156,36.8807,507,43201,0.777788,1,2,2195487,2194980,507
163408461,39.9662,34.5523,521,43250,0.773115,0.85,2,2195534,2195013,521
163411381,32.1865,40.8209,503,43299,0.771246,1,2,2195561,2195058,503
163414301,36.8746,38.5284,506,43348,0.770498,1,2,2195601,2195095,506
163431821,33.3233,36.5746,491,43640,0.915799,0.73,2,2195800,2195309,491
163434741,30.7293,34.4299,487,43688,0.91232,0.77,2,2195829,2195342,487
163437661,15.8917,31.1719,464,43736,0.910928,0.73,2,2195835,2195371,464
163440581,35.1567,17.8688,503,43784,0.946371,0.67,2,2195883,2195380,503
163615781,32.2414,30.1328,510,46587,0.751446,1,2,2197842,2197332,510
163627461,25.339,27.8674,508,46767,0.439861,1,1,2197952,2197444,508
163633301,33.4542,33.4988,511,46857,0.239578,1,1,2198022,2197511,511
163639141,28.7527,32.3598,508,46947,0.0923324,1,1,2198085,2197577,508
163642061,30.1011,31.5439,508,46992,0.036933,1,1,2198116,2197608,508
163644981,33.6404,33.6176,509,47037,0.0447732,1,1,2198152,2197643,509
163647901,29.0562,32.047,504,47082,0.0839093,0.99,1,2198178,2197674,504
163650821,29.6225,32.6188,501,47127,0.0635637,1,1,2198208,2197707,501
163653741,30.449,31.6475,501,47172,0.0794255,1,1,2198239,2197738,501
163656661,31.9796,34.259,498,47217,0.0497702,0.74,1,2198272,2197774,498
163659581,28.3918,37.1036,485,47262,0.0499081,0.69,1,2198298,2197813,485
163662501,28.1567,32.2414,484,47307,0.0379632,0.61,1,2198326,2197842,484
163665421,25.0627,33.2966,473,47352,0.0691853,0.55,1,2198349,2197876,473
163668341,11.2251,30.1186,447,47397,0.0816741,0.51,1,2198351,2197904,447
163691701,33.2279,33.6404,425,47749,0.0971088,0.11,1,2198577,2198152,425
163694621,28.8912,29.0562,425,47793,0.0808435,0.05,1,2198603,2198178,425
163697541,28.3565,29.6225,423,47837,0.0743374,0.09,1,2198631,2198208,423
163700461,31.7426,30.449,426,47881,0.083735,0.03,1,2198665,2198239,426
163706301,29.6788,28.3918,426,47969,0.0865976,0.03,1,2198724,2198298,426
163715061,11.9314,11.2251,428,48101,0.0845022,0.17,1,2198779,2198351,428
163717981,14.3726,15.29,426,48145,0.0998009,0.17,1,2198795,2198369,426
163720901,21.349,19.316,430,48189,0.0939204,0.15,1,2198821,2198391,430
163723821,27.1396,25.7264,431,48233,0.0795681,0.23,1,2198852,2198421,431
163726741,31.8558,30.0906,433,48277,0.0738273,0.19,1,2198887,2198454,433
163729661,31.3423,32.4362,430,48321,0.0955309,0.17,1,2198918,2198488,430
163753021,29.8165,29.6788,426,48668,0.213325,0.11,1,2199150,2198724,426
163755941,27.5266,28.0715,425,48711,0.23533,0.11,1,2199176,2198751,425
163758861,26.6106,26.8286,425,48754,0.244132,0.07,1,2199202,2198777,425
163761781,11.8443,11.9314,425,48797,0.247653,0.11,1,2199204,2198779,425
163764701,14.3377,14.3726,425,48840,0.225061,0.11,1,2199220,2198795,425
163767621,20.1351,5.74903,449,48883,0.216024,0.09,1,2199244,2198795,449
163770541,27.854,17.8996,456,48926,0.21241,0.07,1,2199277,2198821,456
163773461,31.5416,25.7598,459,48969,0.222964,0.07,1,2199311,2198852,459
163776381,32.4166,31.3039,457,49012,0.239186,0.11,1,2199344,2198887,457
163779301,27.3667,31.1216,450,49055,0.245674,0.11,1,2199368,2198918,450
163782221,25.3467,26.8486,450,49098,0.27227,0.11,1,2199392,2198942,450
163785141,31.7387,25.1395,462,49141,0.282908,0.11,1,2199428,2198966,462
163820181,32.1438,27.854,466,49656,0.427507,0.23,1,2199743,2199277,466
163823101,33.2575,31.5416,466,49698,0.441003,0.25,1,2199777,2199311,466
163878581,25.7109,25.9612,445,50496,0.750329,0.47,2,2200272,2199827,445
163881501,31.8843,31.9845,445,50538,0.786131,0.47,2,2200308,2199863,445
163887341,29.7015,29.1175,446,50622,0.794181,0.51,2,2200367,2199921,446
163896101,32.7409,30.1115,452,50748,0.791708,0.59,2,2200470,2200018,452
163939901,35.7229,35.8806,461,51364,0.902229,0.83,2,2200868,2200407,461
163942821,32.2892,32.3522,461,51405,0.942892,0.77,2,2200898,2200437,461
163945741,32.1157,32.7409,460,51446,0.947157,0.81,2,2200930,2200470,460
164170581,98.9989,107.957,468,24820,0.266512,0.81,1,2203173,2202705,468
164179341,70.8239,78.4532,477,25075,0.0984168,0.31,1,2203364,2202887,477
164205621,55.4194,68.179,471,25826,0.203155,0.11,1,2203835,2203364,471
164208541,46.7677,54.2716,467,25908,0.255262,0.11,1,2203876,2203409,467
164211461,34.9071,46.3086,453,25990,0.264105,0.13,1,2203903,2203450,453
164223141,71.3288,63.7919,505,26315,0.407321,0.17,1,2204148,2203643,505
164269861,66.9454,65.5743,450,27575,0.769519,0.57,2,2204962,2204512,450
164296141,68.2395,66.9454,461,28259,0.901173,0.83,2,2205423,2204962,461
164299061,28.4958,27.9781,461,28334,0.906469,0.83,2,2205425,2204964,461
164301981,58.7983,58.5913,461,28409,0.944588,0.83,2,2205504,2205043,461
164307821,55.9677,56.7746,507,28558,0.941934,0.89,2,2205629,2205122,507
164310741,48.7871,49.1098,507,28632,0.934774,0.85,2,2205673,2205166,507
164313661,36.3148,46.0439,491,28706,0.943909,0.89,2,2205701,2205210,491
164392501,39.5413,36.7462,493,30635,0.9028,1,2,2207067,2206574,493
164410021,46.4025,46.2697,494,31047,0.417487,1,1,2207365,2206871,494
164415861,55.5444,61.8831,475,31183,0.214398,0.92,1,2207474,2206999,475
164442141,42.3093,46.3053,479,31789,0.274795,0.29,1,2207844,2207365,479
164453821,32.1631,35.1646,459,32054,0.408363,0.15,1,2207996,2207537,459
164456741,30.8652,32.0658,459,32120,0.433345,0.15,1,2208026,2207567,459
164509301,42.5703,42.4784,449,33286,0.773336,0.55,2,2208826,2208377,449
164512221,36.8281,35.5914,451,33350,0.795334,0.59,2,2208859,2208408,451
164518061,14.2925,14.0946,451,33476,0.783653,0.61,2,2208891,2208440,451
164520981,24.917,24.2378,452,33539,0.787461,0.61,2,2208923,2208471,452
164529741,64.5467,63.9032,453,33728,0.901198,0.69,2,2209107,2208654,453
164532661,42.0187,41.1613,454,33791,0.942479,0.67,2,2209134,2208680,454
164535581,45.6075,44.0645,456,33854,0.934992,0.75,2,2209182,2208726,456
164538501,60.843,58.4258,459,33916,0.931997,0.81,2,2209253,2208794,459
164669901,36.6226,41.4895,486,36615,0.773652,1,2,2211087,2210601,486
164684501,30.3213,30.7023,483,36903,0.44598,1,1,2211282,2210799,483
164690341,40.2514,43.5524,477,37017,0.295757,1,1,2211359,2210882,477
164728301,32.1927,40.2423,460,37752,0.200603,0.13,1,2211819,2211359,460
164731221,31.4771,34.6969,460,37808,0.230241,0.11,1,2211850,2211390,460
164734141,46.1908,33.0788,484,37864,0.278096,0.15,1,2211906,2211422,484
164742901,55.1562,32.885,495,38032,0.408278,0.09,1,2212038,2211543,495
164745821,40.0625,55.154,455,38088,0.433311,0.13,1,2212068,2211613,455
164751661,31.13,29.3446,459,38198,0.44013,0.15,1,2212123,2211664,459
164754581,28.652,30.3379,455,38253,0.446052,0.19,1,2212150,2211695,455
164830501,29.421,29.1195,452,39664,0.902652,0.59,2,2213046,2212594,452
164833421,28.5684,29.0478,451,39717,0.907061,0.69,2,2213074,2212623,451
164836341,41.4274,39.8191,454,39770,0.920824,0.67,2,2213124,2212670,454
164839261,33.9709,32.7277,455,39823,0.91433,0.69,2,2213153,2212698,455
164845101,49.3554,47.7164,458,39929,0.905893,0.75,2,2213246,2212788,458
164848021,43.7421,42.4866,459,39982,0.908357,0.75,2,2213286,2212827,459
164850941,18.6969,18.1946,459,40035,0.933343,0.75,2,2213288,2212829,459
164853861,24.8787,24.0779,460,40088,0.931337,0.75,2,2213317,2212857,460
164871381,28.7975,29.273,494,40403,0.900971,0.91,2,2213540,2213046,494
164874301,42.119,28.5092,517,40455,0.942388,0.93,2,2213591,2213074,517
164967741,33.0146,22.3338,496,42093,0.946,1,2,2214726,2214230,496
164999861,38.2979,32.4776,492,42643,0.799166,1,2,2215096,2214604,492
165002781,44.1192,46.591,484,42692,0.757666,1,2,2215144,2214660,484
165017381,36.5996,37.3209,488,42937,0.446411,1,1,2215331,2214843,488
165020301,31.4398,32.3284,487,42986,0.400565,1,1,2215359,2214872,487
165023221,21.5759,12.9313,502,43035,0.418226,1,1,2215374,2214872,502
165026141,26.0304,18.3725,509,43084,0.41329,1,1,2215403,2214894,509
165031981,25.1649,26.4596,500,43182,0.405726,0.97,1,2215450,2214950,500
165037821,31.2664,35.9135,501,43280,0.416516,0.73,1,2215520,2215019,501
165046581,40.233,44.1065,496,43427,0.404657,0.63,1,2215640,2215144,496
165049501,35.8932,44.0426,485,43476,0.443863,0.59,1,2215673,2215188,485
165116661,24.4036,25.8235,449,44578,0.752793,0.59,2,2216341,2215892,449
165119581,34.3614,33.7294,451,44625,0.763117,0.63,2,2216382,2215931,451
165122501,32.3446,30.8918,453,44672,0.779247,0.61,2,2216413,2215960,453
165125421,33.3378,33.3567,452,44719,0.785699,0.67,2,2216447,2215995,452
165137101,36.095,35.7403,456,44907,0.912674,0.71,2,2216608,2216152,456
165350261,338.958,360.084,518,21900,0.418,1,1,2219371,2218853,518
165394061,124.313,112.093,520,21997,0.07888,1,1,2219513,2218993,520
165396981,93.5253,94.0373,511,22093,0.049552,0.87,1,2219586,2219075,511
165399901,80.6101,97.0149,484,22189,0.0258208,0.65,1,2219658,2219174,484
165402821,72.444,76.006,489,22285,0.0283283,0.29,1,2219725,2219236,489
165405741,42.1776,70.0024,445,22380,0.0413313,0.09,1,2219747,2219302,445
165408661,36.071,50.801,439,22475,0.0465325,0.03,1,2219779,2219340,439
165411581,42.0284,38.9204,454,22569,0.036613,0.05,1,2219825,2219371,454
165414501,83.4114,40.7682,523,22663,0.0146452,0,1,2219936,2219413,523
165417421,77.7645,76.3073,497,22757,0.0838581,0.03,1,2220010,2219513,497
165420341,73.7058,74.3229,495,22850,0.0515432,0.01,1,2220081,2219586,495
165423261,69.0823,72.9292,489,22943,0.0746173,0.03,1,2220147,2219658,489
165432021,41.8133,35.5795,468,23219,0.0635755,0.03,1,2220247,2219779,468
165434941,83.3253,41.8318,533,23310,0.0254302,0,1,2220358,2219825,533
165437861,79.5301,83.3327,499,23401,0.0161721,0.13,1,2220435,2219936,499
165440781,74.412,77.7331,496,23492,0.0124688,0.03,1,2220506,2220010,496
165443701,69.3648,73.6932,491,23582,0.0469875,0.09,1,2220572,2220081,491
165446621,41.5459,69.0773,448,23672,0.060795,0.15,1,2220595,2220147,448
165449541,34.6184,40.8309,456,23762,0.066318,0.11,1,2220625,2220169,456
165452461,40.2473,35.5324,468,23851,0.0325272,0.03,1,2220669,2220201,468
165455381,82.0989,41.8129,532,23940,0.0130109,0,1,2220779,2220247,532
165458301,34.0396,83.3252,423,24029,0.00520435,0.01,1,2220781,2220358,423
165461221,59.8158,79.5301,423,24117,0.00808174,0.01,1,2220858,2220435,423
165464141,66.5263,74.412,423,24205,0.0452327,0.07,1,2220929,2220506,423
165467061,68.0105,69.3648,426,24293,0.0840931,0.07,1,2220998,2220572,426
165475821,38.8647,40.2473,423,24554,0.212502,0,1,2221092,2220669,423
165478741,81.5459,82.0989,423,24640,0.0850008,0,1,2221202,2220779,423
165481661,33.8183,34.0396,423,24726,0.0340003,0.01,1,2221204,2220781,423
165484581,59.1273,59.8158,422,24812,0.0196001,0.07,1,2221280,2220858,422
165487501,66.8509,66.5263,423,24897,0.0858401,0.11,1,2221352,2220929,423
165490421,71.7404,68.0105,429,24982,0.052336,0.17,1,2221427,2220998,429
165493341,42.4961,40.4042,430,25067,0.0749344,0.17,1,2221450,2221020,430
165496261,35.5985,34.1617,431,25152,0.0719738,0.25,1,2221481,2221050,431
165499181,40.6394,38.8647,433,25236,0.0947895,0,1,2221525,2221092,433
165502101,76.2558,81.5459,423,25320,0.0379158,0,1,2221625,2221202,423
165505021,31.7023,33.8183,423,25404,0.0211663,0.01,1,2221627,2221204,423
165507941,57.6809,59.1273,422,25487,0.0144665,0.01,1,2221702,2221280,422
165510861,68.0724,23.6509,497,25570,0.0357866,0.13,1,2221777,2221280,497
165513781,70.4289,52.6604,497,25653,0.0683146,0.03,1,2221849,2221352,497
165516701,42.5716,66.0641,446,25736,0.0933259,0.09,1,2221873,2221427,446
165531301,57.3399,31.6442,496,26145,0.0749045,0.01,1,2222123,2221627,496
165534221,69.136,57.6577,498,26226,0.0479618,0.05,1,2222200,2221702,498
165537141,72.6544,68.0631,498,26307,0.0611847,0.09,1,2222275,2221777,498
165540061,44.0618,70.4252,451,26388,0.0544739,0.11,1,2222300,2221849,451
165542981,36.2247,42.5701,458,26468,0.0757895,0.13,1,2222331,2221873,458
165545901,43.2899,35.028,476,26548,0.0843158,0.13,1,2222379,2221903,476
165548821,71.916,42.8112,519,26628,0.0997263,0.11,1,2222470,2221951,519
165572181,41.5825,43.2899,424,27258,0.213384,0.11,1,2222803,2222379,424
165639341,29.6407,69.9107,452,28992,0.768442,0.61,2,2223947,2223495,452
165642261,58.0563,29.1643,527,29065,0.757377,0.61,2,2224024,2223497,527
165645181,38.8225,57.2657,477,29138,0.752951,0.61,2,2224050,2223573,477
165648101,35.929,38.5063,485,29211,0.76318,0.59,2,2224084,2223599,485
165651021,42.5716,36.4025,497,29283,0.779272,0.61,2,2224131,2223634,497
165653941,82.4286,42.161,560,29355,0.785709,0.71,2,2224240,2223680,560
165656861,34.1715,80.4644,456,29427,0.788284,0.71,2,2224242,2223786,456
165659781,61.6686,33.3858,534,29499,0.789313,0.73,2,2224322,2223788,534
165668541,58.4028,29.6407,535,29714,0.907556,0.75,2,2224482,2223947,535
165671461,38.9611,58.0563,484,29785,0.933022,0.75,2,2224508,2224024,484
165674381,16.7844,38.8225,460,29856,0.943209,0.77,2,2224510,2224050,460
165677301,27.1138,35.929,460,29927,0.947284,0.79,2,2224544,2224084,460
165776581,54.888,43.2317,543,32244,0.934,1,2,2226211,2225668,543
165788261,45.8147,55.1739,509,32505,0.420438,1,1,2226409,2225900,509
165794101,35.4104,36.1878,512,32635,0.22207,1,1,2226475,2225963,512
165799941,62.6657,27.7501,568,32765,0.0847312,1,1,2226585,2226017,568
165802861,40.6663,72.3,492,32830,0.0758925,1,1,2226611,2226119,492
165805781,27.0665,48.72,477,32894,0.072357,0.89,1,2226629,2226152,477
165808701,40.8266,54.888,468,32958,0.0829428,0.77,1,2226679,2226211,468
165811621,58.3306,72.3552,454,33022,0.0751771,0.61,1,2226749,2226295,454
165814541,36.5323,46.3421,447,33086,0.0480708,0.51,1,2226771,2226324,447
165817461,33.8129,39.5368,444,33150,0.0972283,0.31,1,2226803,2226359,444
165820381,40.5252,45.8147,439,33214,0.0928913,0.27,1,2226848,2226409,439
165823301,33.0101,37.5259,435,33278,0.0791565,0.15,1,2226876,2226441,435
165826221,31.804,35.4104,432,33342,0.0856626,0.03,1,2226907,2226475,432
165829141,22.9216,29.1641,424,33405,0.076265,0.07,1,2226924,2226500,424
165832061,63.7686,62.6657,430,33468,0.048506,0.07,1,2227015,2226585,430
165834981,36.9075,40.6663,423,33531,0.0374024,0.07,1,2227034,2226611,423
165837901,27.363,27.0665,426,33594,0.044961,0.09,1,2227055,2226629,426
165840821,39.1452,40.8266,423,33657,0.0359844,0.07,1,2227102,2226679,423
165843741,58.2581,58.3306,424,33720,0.0443938,0.03,1,2227173,2226749,424
165846661,36.5032,36.5323,424,33783,0.0717575,0.13,1,2227195,2226771,424
165849581,35.0013,33.8129,426,33846,0.082703,0.09,1,2227229,2226803,426
165858341,33.5361,31.804,426,34032,0.098173,0.07,1,2227333,2226907,426
165864181,61.6458,63.7686,422,34156,0.0721077,0.03,1,2227437,2227015,422
165867101,36.0583,36.9075,422,34218,0.0468431,0.03,1,2227456,2227034,422
165870021,27.6233,14.763,444,34280,0.0367372,0.05,1,2227478,2227034,444
165872941,38.6493,18.5052,469,34342,0.0446949,0.03,1,2227524,2227055,469
165875861,58.6597,35.6021,494,34404,0.047878,0.05,1,2227596,2227102,494
165878781,36.6639,56.8408,445,34465,0.0491512,0.09,1,2227618,2227173,445
165881701,36.2656,35.9363,459,34526,0.0736605,0.09,1,2227654,2227195,459
165925501,23.2658,33.977,443,35433,0.205597,0.13,1,2228201,2227758,443
165928421,61.5063,23.1908,514,35493,0.232239,0.17,1,2228288,2227774,514
165931341,36.0025,59.6763,449,35553,0.254895,0.23,1,2228307,2227858,449
165934261,28.201,35.2705,453,35612,0.275958,0.17,1,2228330,2227877,453
165937181,38.8804,27.9082,476,35671,0.296383,0.19,1,2228376,2227900,476
165951781,40.9457,40.2775,431,35966,0.402213,0.19,1,2228553,2228122,431
165954701,33.1783,32.911,431,36025,0.418885,0.21,1,2228581,2228150,431
166001421,37.7543,36.9838,449,36952,0.769863,0.59,2,2229191,2228742,449
166004341,31.3017,29.1935,452,37009,0.769945,0.63,2,2229218,2228766,452
166024781,34.1334,41.1043,483,37408,0.750652,0.73,2,2229479,2228996,483
166027701,37.0534,33.2417,494,37464,0.762261,0.71,2,2229518,2229024,494
166030621,26.8213,36.0967,476,37520,0.778904,0.73,2,2229538,2229062,476
166033541,65.3285,25.8387,548,37576,0.797562,0.75,2,2229629,2229081,548
166048141,52.4706,17.967,530,37856,0.909828,0.71,2,2229799,2229269,530
166051061,34.1882,51.5868,478,37912,0.921931,0.71,2,2229821,2229343,478
166188301,38.5156,42.9981,516,40447,0.94,1,2,2231587,2231071,516
166191221,38.2062,35.1993,524,40499,0.934,1,2,2231625,2231101,524
166194141,38.0825,38.0797,522,40551,0.9436,1,2,2231663,2231141,522
166197061,34.433,27.8319,533,40603,0.90544,1,2,2231695,2231162,533
166202901,31.9093,40.8131,508,40707,0.77007,1,2,2231763,2231255,508
166208741,26.5855,33.0501,502,40811,0.767611,1,2,2231818,2231316,502
166214581,22.6137,36.128,495,40915,0.760018,1,2,2231875,2231380,495
166217501,28.8455,26.4512,508,40967,0.754007,1,2,2231908,2231400,508
166272981,35.9751,35.8096,450,41935,0.776201,0.59,2,2232578,2232128,450
166275901,29.99,31.7238,447,41985,0.79648,0.55,2,2232604,2232157,447
166287581,29.2605,28.4457,451,42185,0.903542,0.63,2,2232728,2232277,451
166290501,38.1042,36.5783,453,42235,0.919417,0.63,2,2232772,2232319,453
166293421,16.4417,15.8313,453,42285,0.925767,0.65,2,2232774,2232321,453
166340141,26.6025,7.43067,501,43076,0.934927,0.99,2,2233295,2232794,501
166343061,52.641,22.1723,539,43125,0.943971,0.96,2,2233365,2232826,539
166345981,45.0564,50.8689,509,43174,0.947588,0.96,2,2233405,2232896,509
166477381,34.3143,34.9431,490,45322,0.913724,1,2,2234879,2234389,490
166483221,35.8503,39.7909,489,45415,0.905796,1,2,2234956,2234467,489
166486141,32.3401,33.9164,489,45461,0.908318,0.98,2,2234986,2234497,489
166494901,28.7098,32.6986,486,45599,0.787492,1,2,2235079,2234593,486
166497821,24.6839,30.4795,479,45645,0.764997,1,2,2235101,2234622,479
166518261,31.8258,12.2857,503,45967,0.778496,0.99,2,2235312,2234809,503
166521181,34.9303,25.9143,505,46013,0.785398,0.87,2,2235349,2234844,505
166524101,39.1721,31.3657,512,46059,0.764159,0.89,2,2235391,2234879,512
166527021,35.4688,38.9463,501,46105,0.779664,0.91,2,2235424,2234923,501
166529941,30.9875,35.3785,496,46151,0.797866,0.91,2,2235452,2234956,496
166556221,17.1505,29.6526,470,46561,0.90203,0.79,2,2235705,2235235,470
166559141,26.0602,16.661,494,46606,0.918812,0.83,2,2235737,2235243,494
166562061,30.2241,27.0644,493,46651,0.937525,0.75,2,2235770,2235277,493
166725581,26.7727,29.3446,529,49116,0.932554,1,2,2237499,2236970,529
166728501,22.1091,26.7378,523,49159,0.943022,1,2,2237518,2236995,523
166731421,28.0436,25.0951,531,49202,0.923209,1,2,2237550,2237019,531
166734341,29.8175,37.0381,517,49245,0.903283,1,2,2237581,2237064,517
166737261,32.927,32.8152,522,49288,0.799313,1,2,2237616,2237094,522
166781061,27.8044,28.0436,493,49925,0.440958,0.89,1,2238043,2237550,493
166795661,24.4806,29.8033,477,50135,0.292179,0.65,1,2238185,2237708,477
166801501,25.6369,27.4485,479,50219,0.295149,0.57,1,2238238,2237759,479
166813181,21.2483,29.8819,447,50387,0.4085,0.53,1,2238337,2237890,447
166816101,22.8993,27.5528,445,50429,0.4454,0.49,1,2238361,2237916,445
166871581,24.5186,23.4639,445,51216,0.770999,0.47,2,2238857,2238412,445
166874501,19.4074,18.9856,445,51257,0.758399,0.49,2,2238873,2238428,445
166877421,26.363,24.9942,447,51298,0.77736,0.51,2,2238904,2238457,447
166880341,26.7452,26.1977,447,51339,0.796944,0.55,2,2238931,2238484,447
166950421,26.9675,27.9276,488,52315,0.915502,0.89,2,2239591,2239103,488
166953341,35.987,26.1711,505,52355,0.936201,0.91,2,2239633,2239128,505
167138761,179.785,202.119,473,24820,0.2548,1,1,2241813,2241340,473
167181101,77.6056,82.9791,470,24820,0.080368,0.91,1,2241928,2241458,470
167184021,61.0422,53.5916,486,25633,0.0501472,0.63,1,2241978,2241492,486
167186941,58.6169,61.0367,477,25716,0.0500589,0.29,1,2242035,2241558,477
167189861,57.0468,79.6147,441,25798,0.0860235,0.23,1,2242091,2241650,441
167204461,66.3518,63.51,456,26206,0.0800329,0.03,1,2242325,2241869,456
167207381,72.1407,60.804,473,26287,0.0500132,0.03,1,2242401,2241928,473
167210301,63.0563,54.3216,480,26368,0.0620053,0.05,1,2242458,2241978,480
167213221,60.0225,55.9286,481,26448,0.0668021,0.11,1,2242516,2242035,481
167216141,45.609,55.9715,461,26528,0.0927208,0.15,1,2242552,2242091,461
167219061,34.4436,42.1886,455,26608,0.0910883,0.17,1,2242579,2242124,455
167227821,62.2764,36.8521,509,26846,0.21871,0.03,1,2242748,2242239,509
167230741,26.1106,66.3408,425,26925,0.237484,0.03,1,2242750,2242325,425
167233661,54.8442,72.1363,423,27004,0.232994,0.07,1,2242824,2242401,423
167236581,57.3377,63.0545,425,27082,0.231197,0.07,1,2242883,2242458,425
167239501,59.5351,60.0218,428,27160,0.254479,0.11,1,2242944,2242516,428
167242421,44.814,45.6087,427,27238,0.251792,0.09,1,2242979,2242552,427
167245341,35.3256,34.4435,429,27316,0.250717,0.13,1,2243008,2242579,429
167248261,51.3302,50.9774,429,27394,0.262287,0.21,1,2243070,2242641,429
167251181,39.1321,37.191,432,27471,0.278915,0.25,1,2243101,2242669,432
167257021,26.4211,26.1106,432,27625,0.297826,0.23,1,2243182,2242750,432
167259941,56.1685,54.8442,434,27702,0.293131,0.23,1,2243258,2242824,434
167321261,44.272,59.687,481,29265,0.769591,0.53,2,2244294,2243813,481
167324181,38.1088,44.2748,481,29337,0.793836,0.59,2,2244328,2243847,481
167335861,29.9292,68.8758,459,29625,0.900882,0.73,2,2244521,2244062,459
167338781,56.3717,28.7503,531,29696,0.918353,0.71,2,2244595,2244064,531
167341701,59.7487,56.5001,518,29767,0.937341,0.73,2,2244657,2244139,518
167470181,35.2379,40.0202,508,32749,0.914512,1,2,2246709,2246201,508
167575301,40.7931,23.222,505,34999,0.757973,0.65,2,2248164,2247659,505
167589901,56.6948,46.8237,517,35299,0.927298,0.67,2,2248427,2247910,517
167706701,35.6805,39.1213,507,37619,0.914848,1,2,2249997,2249490,507
167718381,43.2974,36.0319,520,37843,0.777452,1,2,2250146,2249626,520
167727141,49.163,30.29,543,38011,0.446957,1,1,2250270,2249727,543
167732981,47.7061,54.6464,515,38122,0.240713,0.97,1,2250361,2249846,515
167738821,37.393,44.5034,505,38232,0.0589141,1,1,2250434,2249929,505
167741741,34.7572,38.2014,504,38287,0.0235656,0.86,1,2250467,2249963,504
167744661,31.9029,35.6805,500,38342,0.0154263,0.83,1,2250497,2249997,500
167747581,28.9612,35.2722,492,38397,0.0361705,0.91,1,2250524,2250032,492
167750501,31.3845,32.1089,495,38452,0.0444682,0.87,1,2250557,2250062,495
167753421,38.9538,33.2436,505,38507,0.0357873,0.71,1,2250601,2250096,505
167756341,35.3815,43.2974,488,38562,0.0683149,0.65,1,2250634,2250146,488
167759261,29.7526,36.519,482,38617,0.057326,0.57,1,2250660,2250178,482
167762181,13.101,34.4076,451,38672,0.0529304,0.33,1,2250662,2250211,451
167765101,34.0404,49.163,440,38727,0.0751722,0.33,1,2250710,2250270,440
167768021,34.6162,44.2652,434,38782,0.0960689,0.15,1,2250745,2250311,434
167773861,38.0586,42.4824,425,38890,0.088571,0.03,1,2250825,2250400,425
167776781,35.0234,37.393,424,38944,0.0354284,0,1,2250858,2250434,424
167779701,32.6094,34.7572,422,38998,0.0441714,0.01,1,2250889,2250467,422
167782621,32.2437,31.9029,424,39052,0.0596685,0.05,1,2250921,2250497,424
167785541,29.0975,28.9612,424,39106,0.0658674,0.05,1,2250948,2250524,424
167788461,31.439,31.3845,424,39160,0.080347,0.03,1,2250981,2250557,424
167791381,37.7756,38.9538,422,39214,0.0981388,0.09,1,2251023,2250601,422
167820581,34.1639,32.2437,426,39749,0.0851109,0.07,1,2251347,2250921,426
167823501,29.2656,29.0975,425,39802,0.0640444,0.09,1,2251373,2250948,425
167826421,30.9062,31.439,424,39855,0.0316177,0.11,1,2251405,2250981,424
167829341,36.9625,37.7756,423,39908,0.0666471,0.13,1,2251446,2251023,423
167832261,38.185,36.7102,426,39961,0.0686588,0.13,1,2251485,2251059,426
167861461,28.9863,34.1509,449,40486,0.203525,0.05,1,2251796,2251347,449
167864381,30.1945,29.2603,454,40538,0.21941,0.01,1,2251827,2251373,454
167867301,37.2778,30.9041,464,40590,0.225764,0.09,1,2251869,2251405,464
167870221,38.9111,36.9617,463,40642,0.264306,0.07,1,2251909,2251446,463
167902341,31.0338,28.9863,463,41210,0.416173,0.23,1,2252259,2251796,463
167905261,38.2135,30.1945,475,41261,0.436469,0.23,1,2252302,2251827,475
167957821,34.6047,33.3975,447,42172,0.764251,0.49,2,2252868,2252421,447
167960741,36.6419,36.759,446,42222,0.7677,0.49,2,2252906,2252460,446
167963661,15.8568,15.9036,446,42272,0.79308,0.57,2,2252908,2252462,446
168007461,36.4912,35.1427,462,43015,0.902397,0.85,2,2253418,2252956,462
168010381,35.5965,14.0571,497,43064,0.918959,0.89,2,2253453,2252956,497
168013301,33.4386,26.0228,495,43113,0.925584,0.85,2,2253485,2252990,495
168016221,30.1754,30.8091,489,43162,0.940233,0.85,2,2253513,2253024,489
168019141,36.0702,29.1237,501,43211,0.946093,0.81,2,2253553,2253052,501
168150541,29.0349,29.6732,492,45357,0.946,1,2,2255016,2254524,492
168194341,16.5691,24.7869,513,46047,0.94912,0.91,2,2255499,2254986,513
168203101,48.2444,43.4664,521,46185,0.936744,1,2,2255623,2255102,521
168441081,80.5475,91.464,475,22817,0.088624,0.29,1,2258280,2257805,475
168444001,62.219,80.3856,452,22910,0.0894496,0.09,1,2258330,2257878,452
168446921,60.8876,66.9542,454,23003,0.0537798,0.09,1,2258390,2257936,454
168449841,61.555,72.9817,439,23095,0.0215119,0.05,1,2258452,2258013,439
168452761,42.622,47.7927,438,23187,0.0386048,0.11,1,2258482,2258044,438
168455681,55.4488,37.7171,471,23278,0.0454419,0,1,2258546,2258075,471
168473201,41.6227,60.3668,453,23819,0.0536677,0.05,1,2258905,2258452,453
168476121,55.0491,42.1467,487,23908,0.0514671,0.05,1,2258969,2258482,487
168479041,23.2196,55.2587,425,23997,0.0505868,0.15,1,2258971,2258546,425
168481961,68.0879,79.7035,427,24085,0.0262347,0.15,1,2259069,2258642,427
168484881,65.0351,68.4814,429,24173,0.0644939,0.19,1,2259132,2258703,429
168499481,54.3866,55.0488,424,24608,0.0843244,0.05,1,2259393,2258969,424
168502401,22.9546,23.2195,424,24694,0.0637298,0.01,1,2259395,2258971,424
168505321,66.7819,68.0878,422,24780,0.0674919,0.09,1,2259491,2259069,422
168517001,58.94,58.6662,427,25121,0.208944,0.13,1,2259730,2259303,427
168531601,68.9066,26.7127,495,25540,0.210354,0.19,1,2259986,2259491,495
168534521,59.9626,50.2851,483,25623,0.246142,0.17,1,2260040,2259557,483
168537441,59.3851,53.714,486,25706,0.284457,0.19,1,2260099,2259613,486
168557881,61.3777,68.8961,488,26277,0.447217,0.27,1,2260474,2259986,488
168604601,74.5548,74.1054,455,27538,0.755505,0.61,2,2261316,2260861,455
168610441,26.3288,26.9769,452,27692,0.794081,0.69,2,2261373,2260921,452
168627961,70.9182,70.8871,456,28147,0.915358,0.79,2,2261695,2261239,456
168630881,76.3673,74.5548,459,28222,0.924143,0.83,2,2261775,2261316,459
168633801,64.7469,62.8219,461,28297,0.939657,0.79,2,2261832,2261371,461
168636721,27.0988,26.3288,461,28372,0.945863,0.79,2,2261834,2261373,461
168727241,45.8111,43.7746,494,30599,0.90808,1,2,2263438,2262944,494
168738921,56.9968,59.2294,496,30875,0.786207,1,2,2263613,2263117,496
168747681,43.3918,46.7987,477,31080,0.411037,0.98,1,2263766,2263289,477
168756441,40.9131,45.8111,465,31284,0.270866,0.85,1,2263903,2263438,465
168759361,36.1652,18.3244,498,31352,0.234347,0.85,1,2263936,2263438,498
168762281,36.0661,28.3298,499,31419,0.231739,0.87,1,2263972,2263473,499
168765201,31.8264,32.3319,493,31486,0.230695,0.77,1,2264001,2263508,493
168768121,54.1306,32.7328,529,31553,0.206278,0.77,1,2264070,2263541,529
168771041,51.6522,56.2931,507,31620,0.208511,0.57,1,2264120,2263613,507
168782721,55.7543,38.9387,504,31887,0.222634,0.27,1,2264306,2263802,504
168785641,40.3017,58.7755,462,31953,0.263054,0.25,1,2264336,2263874,462
168788561,34.7207,40.9102,464,32019,0.291221,0.21,1,2264367,2263903,464
168800241,51.2985,54.1305,481,32283,0.421167,0.21,1,2264551,2264070,481
168803161,52.9194,51.6522,485,32349,0.438467,0.19,1,2264605,2264120,485
168820681,38.5883,34.7207,477,32739,0.442223,0.33,1,2264844,2264367,477
168823601,16.6353,37.2883,440,32804,0.434889,0.39,1,2264846,2264406,440
168867401,52.8098,52.8611,445,33757,0.753526,0.51,2,2265494,2265049,445
168870321,40.3239,40.3444,445,33820,0.77541,0.51,2,2265526,2265081,445
168873241,35.3296,35.3378,445,33883,0.796164,0.49,2,2265558,2265113,445
168896601,51.405,46.9445,507,34379,0.933362,0.73,2,2265897,2265390,507
169133121,32.6037,31.3251,497,39045,0.934,1,2,2269141,2268644,497
169136041,39.4415,40.7301,494,39099,0.9136,1,2,2269185,2268691,494
169138961,36.7766,40.292,489,39153,0.79144,1,2,2269220,2268731,489
169150641,39.8215,37.5163,488,39369,0.0966289,1,1,2269376,2268888,488
169153561,38.7286,34.2065,494,39423,0.0566515,1,1,2269414,2268920,494
169156481,38.2914,42.4826,484,39477,0.0646606,1,1,2269452,2268968,484
169159401,34.5166,37.393,482,39530,0.0258642,1,1,2269484,2269002,482
169162321,34.2066,36.5572,480,39583,0.0403457,1,1,2269518,2269038,480
169165241,35.2827,38.0229,477,39636,0.0581383,1,1,2269554,2269077,477
169168161,37.5131,35.0092,483,39689,0.0412553,0.89,1,2269593,2269110,483
169171081,25.8052,32.6037,470,39742,0.0225021,0.9,1,2269611,2269141,470
169174001,33.7221,39.4415,465,39795,0.0270009,0.71,1,2269650,2269185,465
169176921,25.4888,36.7766,450,39848,0.0528003,0.37,1,2269670,2269220,450
169179841,22.7955,35.7106,436,39901,0.0511201,0.21,1,2269691,2269255,436
169182761,27.1182,38.8843,425,39954,0.0624481,0.05,1,2269721,2269296,425
169185681,33.0473,39.5537,422,40007,0.0669792,0.05,1,2269758,2269336,422
169188601,37.2189,39.8215,422,40060,0.0447917,0.05,1,2269798,2269376,422
169191521,37.0876,15.9286,459,40113,0.0839167,0.03,1,2269835,2269376,459
169194441,37.635,29.1714,459,40166,0.0395667,0.07,1,2269873,2269414,459
169197361,34.854,34.4686,454,40219,0.0158267,0,1,2269906,2269452,454
169200281,33.7416,32.9874,455,40271,0.0243307,0.05,1,2269939,2269484,455
169203201,35.0966,33.595,457,40323,0.0517323,0.07,1,2269975,2269518,457
169206121,37.4387,35.038,460,40375,0.0206929,0.03,1,2270014,2269554,460
169209041,25.7755,37.4152,439,40427,0.0262772,0.01,1,2270032,2269593,439
169211961,34.3102,25.7661,461,40479,0.0405109,0.03,1,2270072,2269611,461
169214881,25.7241,33.7064,442,40531,0.0582043,0.07,1,2270092,2269650,442
169220721,27.5159,22.793,452,40635,0.0921127,0.07,1,2270143,2269691,452
169226561,37.0425,33.0469,461,40739,0.063938,0.03,1,2270219,2269758,461
169229481,37.617,37.2188,459,40791,0.0555752,0.11,1,2270257,2269798,459
169232401,37.2468,37.0875,459,40843,0.0402301,0.01,1,2270294,2269835,459
169235321,35.8987,37.635,456,40895,0.022092,0,1,2270329,2269873,456
169238241,32.9595,34.854,454,40947,0.0388368,0.03,1,2270360,2269906,454
169241161,36.5838,33.7416,460,40999,0.0335347,0.07,1,2270399,2269939,460
169244081,36.2335,35.0966,460,41050,0.0194139,0,1,2270435,2269975,460
169247001,25.8934,37.4387,440,41101,0.0257656,0.03,1,2270454,2270014,440
169249921,34.3574,25.7755,462,41152,0.0283062,0.05,1,2270494,2270032,462
169252841,26.9429,34.3102,444,41203,0.0413225,0.07,1,2270516,2270072,444
169255761,24.5772,25.7241,447,41254,0.034529,0.17,1,2270539,2270092,447
169258681,27.8309,22.2896,457,41305,0.0318116,0.07,1,2270569,2270112,457
169261601,29.7323,27.5159,457,41356,0.0307246,0.13,1,2270600,2270143,457
169264521,35.8929,32.6063,461,41407,0.0182899,0.03,1,2270640,2270179,461
169267441,38.3572,37.0425,461,41458,0.0133159,0.05,1,2270680,2270219,461
169270361,36.3429,37.617,458,41509,0.0233264,0.03,1,2270715,2270257,458
169273281,15.7371,37.2468,423,41560,0.00933055,0.01,1,2270717,2270294,423
169276201,26.6949,35.8987,422,41611,0.00973222,0.05,1,2270751,2270329,422
169279121,29.2779,32.9595,422,41662,0.0218929,0.03,1,2270782,2270360,422
169282041,35.7112,36.5838,423,41713,0.0627572,0.01,1,2270822,2270399,423
169284961,35.2845,36.2335,422,41764,0.0551029,0.03,1,2270857,2270435,422
169287881,26.1138,25.8934,423,41815,0.0640411,0.03,1,2270877,2270454,423
169290801,34.4455,34.3574,423,41865,0.0676165,0.05,1,2270917,2270494,423
169293721,27.5782,26.9429,424,41915,0.0570466,0.03,1,2270940,2270516,424
169296641,24.2313,24.5772,423,41965,0.0648186,0.03,1,2270962,2270539,423
169299561,27.6925,27.8309,423,42015,0.0799275,0.03,1,2270992,2270569,423
169302481,29.677,29.7323,423,42065,0.097971,0.01,1,2271023,2270600,423
169305401,35.2708,35.8929,422,42115,0.0451884,0.01,1,2271062,2270640,422
169308321,38.7083,38.3572,423,42165,0.0360754,0.03,1,2271103,2270680,423
169311241,36.4833,36.3429,423,42215,0.0564301,0,1,2271138,2270715,423
169314161,15.7933,15.7371,423,42265,0.0645721,0.01,1,2271140,2270717,423
169317081,26.1173,26.6949,422,42315,0.0318288,0.03,1,2271173,2270751,422
169320001,29.0469,29.2779,422,42365,0.0547315,0.09,1,2271204,2270782,422
169322921,36.8188,35.7112,424,42415,0.0278926,0.05,1,2271246,2270822,424
169325841,34.5275,35.2845,422,42465,0.017157,0.07,1,2271279,2270857,422
169328761,26.411,26.1138,423,42515,0.0128628,0.07,1,2271300,2270877,423
169331681,34.5644,34.4455,423,42565,0.0351451,0.05,1,2271340,2270917,423
169334601,27.0258,27.5782,422,42615,0.0440581,0.07,1,2271362,2270940,422
169337521,24.6103,24.2313,423,42665,0.0596232,0.09,1,2271385,2270962,423
169340441,29.0441,27.6925,425,42714,0.0658493,0.11,1,2271417,2270992,425
169343361,31.4176,29.677,427,42763,0.0923397,0.01,1,2271450,2271023,427
169346281,32.9671,35.2708,422,42812,0.0669359,0.03,1,2271484,2271062,422
169349201,37.7868,38.7083,422,42861,0.0687744,0.07,1,2271525,2271103,422
169352121,36.7147,36.4833,423,42910,0.0695097,0.07,1,2271561,2271138,423
169355041,15.8859,15.7933,423,42959,0.0698039,0.01,1,2271563,2271140,423
169357961,26.1544,26.1173,423,43008,0.0459216,0.01,1,2271596,2271173,423
169360881,28.4617,10.4469,453,43057,0.0483686,0.07,1,2271626,2271173,453
169363801,35.9847,22.7788,463,43106,0.0493474,0.01,1,2271667,2271204,463
169366721,34.1939,34.3115,454,43155,0.049739,0.01,1,2271700,2271246,454
169369641,26.2776,33.5246,442,43204,0.0378956,0.01,1,2271721,2271279,442
169372561,34.511,26.0098,461,43253,0.0571582,0.05,1,2271761,2271300,461
169375481,27.0044,34.4039,443,43302,0.0768633,0.05,1,2271783,2271340,443
169378401,25.2018,26.9616,445,43351,0.0847453,0.07,1,2271807,2271362,445
169381321,30.4807,24.5846,456,43400,0.0998981,0.07,1,2271841,2271385,456
169387161,31.3969,31.4135,455,43498,0.0891837,0.05,1,2271905,2271450,455
169390081,37.7588,32.9654,463,43547,0.0536735,0.07,1,2271947,2271484,463
169393001,36.7035,37.7862,458,43595,0.0754694,0.07,1,2271983,2271525,458
169395921,15.8814,36.7145,424,43643,0.0841878,0.07,1,2271985,2271561,424
169398841,25.5526,15.8858,454,43691,0.0336751,0.03,1,2272017,2271563,454
169401761,30.021,26.1543,454,43739,0.01947,0.05,1,2272050,2271596,454
169404681,36.6084,28.4617,465,43787,0.037788,0.05,1,2272091,2271626,465
169407601,33.8434,35.9847,456,43835,0.0811152,0.05,1,2272123,2271667,456
169413441,35.6549,26.2776,465,43931,0.0981784,0.07,1,2272186,2271721,465
169416361,27.462,34.511,447,43979,0.0932714,0.09,1,2272208,2271761,447
169419281,25.3848,27.0044,449,44027,0.0913085,0.09,1,2272232,2271783,449
169425121,33.4616,30.4807,461,44123,0.0950094,0.13,1,2272302,2271841,461
169428041,27.7846,31.9923,452,44171,0.0800037,0.07,1,2272326,2271874,452
169430961,38.1139,31.3969,466,44219,0.0500015,0.03,1,2272371,2271905,466
169433881,37.4455,37.7588,461,44267,0.0380006,0.09,1,2272408,2271947,461
169436801,16.1782,36.7035,427,44315,0.0332002,0.09,1,2272410,2271983,427
169439721,23.2713,15.8814,453,44363,0.0132801,0,1,2272438,2271985,453
169442641,29.7085,25.5526,455,44411,0.035312,0.01,1,2272472,2272017,455
169445561,37.0834,30.021,464,44458,0.0441248,0.05,1,2272514,2272050,464
169448481,16.0334,36.6084,425,44505,0.0476499,0.11,1,2272516,2272091,425
169451401,26.8133,33.8434,427,44552,0.09706,0.13,1,2272550,2272123,427
169486441,30.0253,29.7085,423,45116,0.0623819,0.05,1,2272895,2272472,423
169489361,38.4101,37.0834,425,45163,0.0549528,0.05,1,2272939,2272514,425
169492281,16.5641,16.0334,425,45210,0.0519811,0.13,1,2272941,2272516,425
169495201,28.2256,26.8133,427,45257,0.0987924,0.15,1,2272977,2272550,427
169503961,26.9584,26.6281,428,45398,0.200963,0.13,1,2273062,2272634,428
169506881,25.1834,25.0512,428,45444,0.206385,0.19,1,2273086,2272658,428
169509801,32.2734,31.6205,429,45490,0.220554,0.15,1,2273123,2272694,429
169512721,33.9093,33.0482,430,45536,0.214222,0.19,1,2273158,2272728,430
169518561,34.8255,37.9277,424,45628,0.225075,0.11,1,2273219,2272795,424
169521481,36.1302,36.7711,425,45674,0.25203,0.11,1,2273256,2272831,425
169524401,15.6521,15.9084,425,45720,0.262812,0.11,1,2273258,2272833,425
169527321,21.2608,22.5634,423,45766,0.279125,0.03,1,2273283,2272860,423
169530241,28.9043,30.0253,422,45812,0.23765,0.05,1,2273317,2272895,422
169533161,39.1617,38.4101,424,45858,0.20906,0.05,1,2273363,2272939,424
169544841,35.3993,17.7161,470,46042,0.241368,0.21,1,2273469,2272999,470
169547761,27.3597,31.6864,451,46088,0.258547,0.21,1,2273491,2273040,451
169550681,25.3439,25.8746,453,46134,0.277419,0.21,1,2273515,2273062,453
169553601,32.9376,24.7498,467,46180,0.284968,0.23,1,2273553,2273086,467
169556521,33.575,32.0999,464,46226,0.299987,0.21,1,2273587,2273123,464
169576961,38.2048,28.904,476,46544,0.415215,0.19,1,2273793,2273317,476
169579881,16.4819,39.1616,432,46589,0.424086,0.19,1,2273795,2273363,432
169582801,29.9928,16.8646,469,46634,0.427634,0.17,1,2273834,2273365,469
169606161,37.8815,25.43,482,46994,0.446261,0.35,1,2274089,2273607,482
169620761,38.9444,28.0121,487,47219,0.427152,0.43,1,2274235,2273748,487
169623681,16.7778,38.2048,444,47264,0.416861,0.43,1,2274237,2273793,444
169626601,30.1111,16.4819,481,47309,0.436744,0.43,1,2274276,2273795,481
169629521,25.2444,29.9928,464,47354,0.444698,0.37,1,2274298,2273834,464
169632441,11.2978,26.9971,441,47399,0.447879,0.39,1,2274300,2273859,441
169685001,29.313,28.5676,447,48191,0.77823,0.53,2,2274818,2274371,447
169702521,38.7752,38.5199,450,48455,0.903339,0.59,2,2275023,2274573,450
169705441,16.7101,16.608,450,48498,0.907336,0.57,2,2275025,2274575,450
169708361,22.284,22.2432,450,48541,0.908934,0.59,2,2275051,2274601,450
169711281,28.7136,28.0973,451,48584,0.921574,0.63,2,2275084,2274633,451
169714201,37.8854,37.6389,451,48627,0.902629,0.59,2,2275128,2274677,451
169722961,26.1367,25.6409,453,48756,0.922008,0.63,2,2275195,2274742,453
169725881,11.6547,11.4564,453,48799,0.938803,0.79,2,2275197,2274744,453
170032481,172.933,166.15,512,24178,0.404464,0.87,1,2278319,2277807,512
170044161,64.1679,70.431,479,24527,0.43453,0.41,1,2278572,2278093,479
170047081,63.4672,57.5724,493,24613,0.443812,0.39,1,2278635,2278142,493
170076281,26.9669,26.5396,445,25461,0.771707,0.51,2,2279122,2278677,445
170079201,58.7868,10.6158,525,25544,0.782683,0.55,2,2279202,2278677,525
170093801,63.8967,62.693,521,25956,0.926015,0.73,2,2279536,2279015,521
170096721,41.1587,63.4772,483,26038,0.940406,0.75,2,2279562,2279079,483
170099641,27.2635,40.3909,476,26119,0.946162,0.79,2,2279580,2279104,476
170207681,37.9216,54.9671,508,28967,0.767009,0.95,2,2281596,2281088,508
170236881,38.4009,37.9216,497,29690,0.446124,0.63,1,2282093,2281596,497
170239801,51.3604,41.5686,513,29761,0.448449,0.59,1,2282153,2281640,513
170242721,66.7441,56.2275,524,29832,0.44938,0.41,1,2282230,2281706,524
170245641,27.8977,71.691,444,29903,0.425752,0.51,1,2282232,2281788,444
170277761,43.0304,41.7591,447,30672,0.753075,0.59,2,2282730,2282283,447
170280681,64.0121,60.5036,452,30741,0.79923,0.63,2,2282808,2282356,452
170301121,68.0702,67.1897,455,31220,0.922254,0.71,2,2283130,2282675,455
170304041,28.4281,28.0759,455,31288,0.914902,0.71,2,2283132,2282677,455
170306961,46.1712,11.2303,513,31356,0.923961,0.79,2,2283190,2282677,513
170435441,45.0029,49.256,481,34197,0.91,1,2,2285221,2284740,481
170452961,33.5743,26.8965,533,34566,0.419044,1,1,2285429,2284896,533
170461721,39.6608,50.6334,508,34749,0.0932988,1,1,2285591,2285083,508
170464641,56.0643,35.2533,550,34810,0.0673195,1,1,2285658,2285108,550
170467561,41.0257,61.5013,502,34871,0.0449278,0.85,1,2285689,2285187,502
170470481,42.8103,45.0005,512,34932,0.0359711,0.83,1,2285733,2285221,512
170473401,37.5241,46.8002,498,34993,0.0683884,0.81,1,2285767,2285269,498
170476321,31.2096,42.1201,486,35053,0.0933554,0.69,1,2285794,2285308,486
170493841,35.5013,55.6519,450,35413,0.200652,0.03,1,2286012,2285562,450
170496761,55.6005,39.6608,490,35473,0.0982607,0.05,1,2286081,2285591,490
170499681,39.6402,56.0643,452,35533,0.0933043,0.03,1,2286110,2285658,452
170502601,42.2561,41.0257,465,35592,0.0553217,0.03,1,2286154,2285689,465
170505521,39.7024,42.8103,459,35651,0.0521287,0.09,1,2286192,2285733,459
170508441,17.081,37.5241,427,35710,0.0508515,0.11,1,2286194,2285767,427
170511361,23.0324,31.2096,427,35769,0.0983406,0.11,1,2286221,2285794,427
170523041,58.7464,56.1334,433,36005,0.22471,0.19,1,2286372,2285939,433
170525961,52.2986,51.2533,433,36064,0.239884,0.21,1,2286420,2285987,433
170528881,34.1194,35.5013,430,36123,0.245954,0.03,1,2286442,2286012,430
170531801,52.0478,55.6005,425,36182,0.284381,0.09,1,2286506,2286081,425
170537641,41.2076,42.2561,423,36298,0.274701,0.05,1,2286577,2286154,423
170540561,39.8831,39.7024,424,36356,0.24788,0.05,1,2286616,2286192,424
170543481,17.1532,17.081,424,36414,0.237152,0.13,1,2286618,2286194,424
170546401,24.8613,23.0324,427,36472,0.232861,0.13,1,2286648,2286221,427
170549321,20.7445,19.413,428,36530,0.243144,0.15,1,2286666,2286238,428
170552241,23.2978,22.1652,429,36588,0.247258,0.17,1,2286691,2286262,429
170555161,27.9191,26.8661,430,36646,0.272903,0.27,1,2286722,2286292,430
170558081,60.9677,58.7464,433,36704,0.271161,0.25,1,2286805,2286372,433
170578521,16.806,17.1532,432,37104,0.405782,0.23,1,2287050,2286618,432
170598961,35.4111,53.6343,459,37502,0.415249,0.33,1,2287313,2286854,459
170601881,54.9644,34.6537,505,37558,0.436099,0.37,1,2287381,2286876,505
170604801,38.7858,53.4615,467,37614,0.44444,0.39,1,2287409,2286942,467
170666121,59.3049,61.0037,451,38778,0.791113,0.63,2,2288128,2287677,451
170674881,58.1795,55.9602,458,38940,0.924471,0.75,2,2288282,2287824,458
170677801,40.0718,39.7841,457,38994,0.939789,0.73,2,2288310,2287853,457
170855921,351.833,362.584,496,18980,0.91,1,2,2290504,2290008,496
170867601,81.4341,94.2998,500,19424,0.202,1,1,2290871,2290371,500
170893881,70.8516,37.6544,520,20386,0.226196,0.11,1,2291475,2290955,520
170896801,95.5406,70.8618,539,20490,0.264479,0.11,1,2291587,2291048,539
170905561,69.9546,69.0232,497,20799,0.400207,0.19,1,2291796,2291299,497
170908481,36.3818,67.8093,444,20901,0.418083,0.21,1,2291810,2291366,444
170911401,72.1527,36.1237,525,21002,0.401233,0.25,1,2291906,2291381,525
170943521,70.826,69.8439,447,22088,0.759892,0.63,2,2292614,2292167,447
170946441,73.9304,71.1376,451,22184,0.789957,0.59,2,2292690,2292239,451
170949361,38.5722,36.855,452,22280,0.789983,0.67,2,2292705,2292253,452
170961041,84.8675,33.0651,541,22658,0.902416,0.69,2,2293008,2292467,541
170966881,74.4188,62.8904,535,22845,0.915986,0.81,2,2293149,2292614,535
170969801,39.9675,70.7562,476,22938,0.924395,0.79,2,2293166,2292690,476
171051561,60.1123,49.0051,501,25399,0.946,1,2,2294958,2294457,501
171054481,46.2449,46.002,494,25482,0.9244,1,2,2294995,2294501,494
171057401,53.298,18.4008,552,25565,0.92176,1,2,2295053,2294501,552
171066161,42.5791,68.8097,497,25813,0.786913,1,2,2295197,2294700,497
171077841,46.8436,60.0671,508,26140,0.407553,0.91,1,2295466,2294958,508
171080761,50.5374,46.2268,524,26221,0.277021,0.92,1,2295519,2294995,524
171083681,39.415,53.2907,498,26302,0.224808,0.87,1,2295551,2295053,498
171086601,62.566,41.1163,543,26383,0.227923,0.81,1,2295629,2295086,543
171092441,73.3706,42.5786,552,26543,0.227268,0.57,1,2295749,2295197,552
171095361,74.3482,79.4314,523,26623,0.252907,0.47,1,2295824,2295301,523
171098281,54.9393,79.7726,485,26703,0.215163,0.41,1,2295866,2295381,485
171104121,45.8703,46.8436,484,26861,0.249226,0.19,1,2295950,2295466,484
171107041,19.5481,50.5374,433,26940,0.27369,0.19,1,2295952,2295519,433
171109961,25.8192,39.415,431,27019,0.295476,0.23,1,2295982,2295551,431
171115801,37.1311,39.4264,432,27175,0.410876,0.25,1,2296085,2295653,432
171118721,72.4524,73.3706,432,27253,0.42235,0.27,1,2296181,2295749,432
171174201,76.4875,73.1049,528,28693,0.766833,0.63,2,2297152,2296624,528
171177121,55.795,74.8419,494,28767,0.792733,0.67,2,2297194,2296700,494
171197561,78.5083,42.2961,557,29278,0.90645,0.77,2,2297534,2296977,557
171293921,43.1098,53.9756,513,31575,0.934,1,2,2299117,2298604,513
171314361,62.5482,32.1014,557,32041,0.777743,1,2,2299427,2298870,557
171317281,80.8193,63.8406,565,32107,0.761097,1,2,2299520,2298955,565
171320201,48.5277,81.9362,498,32173,0.754439,1,2,2299547,2299049,498
171323121,42.8111,50.7745,507,32239,0.775776,0.89,2,2299586,2299079,507
171326041,46.5244,43.1098,518,32305,0.76031,0.83,2,2299635,2299117,518
171328961,39.6098,49.6439,499,32370,0.754124,0.85,2,2299670,2299171,499
171343561,60.6187,31.8706,543,32695,0.754727,0.73,2,2299887,2299344,543
171346481,78.2475,62.5482,550,32760,0.787891,0.75,2,2299977,2299427,550
171358161,42.5679,46.5244,459,33017,0.94873,0.75,2,2300094,2299635,459
171364001,33.8109,35.0439,458,33145,0.947397,0.73,2,2300160,2299702,458
171533361,230.987,181.732,589,16192,0.2236,0.65,1,2302765,2302176,589
171542121,85.9911,110.223,441,16582,0.0733504,0.13,1,2302993,2302552,441
171545041,51.7965,63.2891,438,16710,0.0473402,0.09,1,2303022,2302584,438
171547961,121.519,39.7157,582,16837,0.0729361,0.07,1,2303190,2302608,582
171571321,74.347,85.2449,495,17820,0.200823,0.11,1,2303843,2303348,495
171574241,48.3388,74.898,458,17939,0.230329,0.13,1,2303874,2303416,458
171577161,120.136,47.9592,596,18057,0.290132,0.09,1,2304042,2303446,596
171585921,76.1607,85.3654,431,18408,0.401848,0.23,1,2304207,2303776,431
171588841,71.8643,74.3462,433,18523,0.430739,0.25,1,2304276,2303843,433
171623881,75.356,61.1075,524,19854,0.753764,0.67,2,2305174,2304650,524
171626801,48.7424,66.443,485,19961,0.751506,0.67,2,2305205,2304720,485
171641401,76.6367,78.8205,532,20487,0.909971,0.77,2,2305633,2305101,532
171644321,48.6547,75.3282,489,20591,0.933988,0.75,2,2305663,2305174,489
171699801,50.8243,48.9902,487,22468,0.90424,1,2,2307016,2306529,487
171702721,55.7297,53.1961,490,22562,0.931696,1,2,2307075,2306585,490
171720241,47.4036,80.2339,502,23120,0.43275,0.85,1,2307487,2306985,502
171743601,50.4887,47.4034,495,23844,0.440343,0.35,1,2307982,2307487,495
171778641,59.3524,58.4701,451,24890,0.772995,0.65,2,2308653,2308202,451
171781561,57.341,56.388,452,24975,0.759198,0.69,2,2308709,2308257,452
171784481,78.1364,76.5552,454,25060,0.765679,0.69,2,2308801,2308347,454
171787401,44.4546,43.8221,454,25145,0.792272,0.65,2,2308823,2308369,454
171799081,102.893,100.381,459,25480,0.913802,0.75,2,2309080,2308621,459
171802001,60.9573,40.1524,492,25563,0.911521,0.81,2,2309113,2308621,492
171804921,56.7829,35.261,514,25646,0.946608,0.75,2,2309167,2308653,514
171889601,51.2172,51.3935,481,27942,0.922,1,2,2310776,2310295,481
171895441,38.5547,33.423,489,28094,0.76552,1,2,2310850,2310361,489
171901281,59.9288,64.1477,483,28244,0.445283,1,1,2311023,2310540,483
171907121,35.8686,34.1436,496,28394,0.242845,1,1,2311095,2310599,496
171924641,88.8933,38.345,579,28839,0.0728776,0.47,1,2311429,2310850,579
171927561,52.9573,98.738,469,28912,0.059151,0.35,1,2311458,2310989,469
171930481,48.1829,59.8952,480,28985,0.0656604,0.29,1,2311503,2311023,480
171933401,34.8732,52.1581,459,29058,0.0442642,0.17,1,2311529,2311070,459
171936321,51.7493,35.8632,497,29131,0.0837057,0.17,1,2311592,2311095,497
171956761,49.9264,52.9573,471,29636,0.210967,0.07,1,2311929,2311458,471
171959681,33.1706,48.1829,448,29707,0.234387,0.03,1,2311951,2311503,448
171962601,54.0682,34.8732,490,29778,0.291755,0.11,1,2312019,2311529,490
171965521,22.8273,51.7493,429,29849,0.290702,0.13,1,2312021,2311592,429
171988881,34.3197,33.1706,435,30412,0.283373,0.33,1,2312386,2311951,435
172000561,37.6802,37.0124,437,30689,0.424422,0.35,1,2312528,2312091,437
172035601,33.282,34.9968,473,31506,0.757049,0.49,2,2313038,2312565,473
172067721,91.272,33.2819,589,32237,0.915395,0.85,2,2313627,2313038,589
172070641,55.1088,88.9128,494,32303,0.948158,0.85,2,2313658,2313164,494
172073561,50.8435,53.5651,512,32368,0.949263,0.87,2,2313706,2313194,512
172196201,64.8063,26.2133,572,35006,0.946,1,2,2315512,2314940,572
172289641,34.7293,34.6811,447,36888,0.754725,0.55,2,2316737,2316290,447
172295481,30.0367,31.349,446,37002,0.769956,0.59,2,2316791,2316345,446
172298401,64.8147,63.5396,449,37059,0.793982,0.61,2,2316879,2316430,449
172307161,36.9321,13.5225,491,37230,0.920815,0.65,2,2316970,2316479,491
172511561,34.5903,37.6972,516,41012,0.912678,1,2,2319611,2319095,516
172517401,36.2545,30.7516,529,41114,0.766429,1,2,2319685,2319156,529
172523241,40.0007,53.0402,513,41216,0.431029,1,1,2319772,2319259,513
172529081,35.3201,37.7664,513,41318,0.206965,1,1,2319843,2319330,513
172534921,32.8912,29.2026,524,41420,0.0679143,1,1,2319910,2319386,524
172537841,32.3565,35.6811,516,41471,0.0571657,0.94,1,2319942,2319426,516
172540761,27.9426,35.8724,505,41522,0.0528663,1,1,2319967,2319462,505
172543681,25.577,32.349,499,41573,0.0391465,1,1,2319991,2319492,499
172546601,19.8308,36.9396,475,41624,0.0456586,0.94,1,2320007,2319532,475
172549521,36.1323,45.9758,470,41675,0.0722634,0.88,1,2320054,2319584,470
172569961,27.1256,35.3201,422,42028,0.09346,0.07,1,2320265,2319843,422
172575801,31.2201,32.8912,422,42128,0.0761536,0.05,1,2320332,2319910,422
172578721,32.888,32.3565,424,42178,0.0604614,0.05,1,2320366,2319942,424
172581641,26.9552,27.9426,422,42228,0.0661846,0.03,1,2320389,2319967,422
172584561,25.1821,25.577,422,42278,0.0444738,0.05,1,2320413,2319991,422
172587481,19.6728,19.8308,422,42328,0.0477895,0.09,1,2320429,2320007,422
172599161,30.182,30.9685,426,42528,0.208823,0.17,1,2320567,2320141,426
172602081,34.8728,34.5874,427,42578,0.221529,0.11,1,2320605,2320178,427
172605001,33.1491,33.035,427,42628,0.286612,0.13,1,2320637,2320210,427
172607921,31.2596,31.814,426,42678,0.276645,0.07,1,2320667,2320241,426
172622521,26.699,26.9552,423,42923,0.295854,0.03,1,2320812,2320389,423
172625441,24.4796,25.1821,422,42972,0.280341,0.05,1,2320835,2320413,422
172628361,19.3918,19.6728,422,43021,0.262137,0.05,1,2320851,2320429,422
172631281,41.3567,7.86913,478,43070,0.254855,0.15,1,2320907,2320429,478
172634201,30.3427,33.7477,450,43119,0.287942,0.19,1,2320930,2320480,450
172654641,31.144,26.2961,469,43462,0.416949,0.33,1,2321159,2320690,469
172657561,30.4576,30.9185,465,43511,0.42478,0.33,1,2321189,2320724,465
172660481,33.783,30.3674,471,43559,0.427912,0.29,1,2321225,2320754,471
172663401,26.7132,33.747,457,43607,0.429165,0.29,1,2321247,2320790,457
172666321,21.4853,26.6988,453,43655,0.429666,0.27,1,2321265,2320812,453
172669241,17.5941,24.4795,445,43703,0.441866,0.25,1,2321280,2320835,445
172672161,43.6376,19.3918,490,43751,0.422747,0.25,1,2321341,2320851,490
172675081,32.4551,41.3567,459,43799,0.439099,0.31,1,2321366,2320907,459
172771441,37.0332,35.9833,452,45363,0.766026,0.65,2,2322377,2321925,452
172783121,33.9769,32.51,455,45547,0.914186,0.71,2,2322507,2322052,455
172786041,31.5907,31.004,455,45593,0.935674,0.67,2,2322537,2322082,455
172788961,34.2363,34.0016,455,45639,0.92027,0.71,2,2322573,2322118,455
172791881,27.4945,26.8006,456,45685,0.926108,0.73,2,2322596,2322140,456
172803561,32.4511,32.6733,455,45869,0.944876,0.67,2,2322714,2322259,455
172806481,14.1804,14.2693,455,45915,0.935951,0.67,2,2322716,2322261,455
172809401,33.2722,5.70773,501,45961,0.94438,0.71,2,2322762,2322261,501
172987521,32.8003,26.8846,502,48681,0.779755,1,2,2324680,2324178,502
172996281,22.6672,28.6966,496,48810,0.442784,1,1,2324766,2324270,496
172999201,27.0669,25.2786,503,48853,0.279114,1,1,2324796,2324293,503
173007961,25.3963,32.0978,522,48982,0.0809833,1,1,2324885,2324363,522
173010881,24.5585,30.2391,517,49025,0.0623933,1,1,2324909,2324392,517
173013801,32.0234,34.2957,517,49068,0.0309573,1,1,2324946,2324429,517
173016721,33.8094,37.7183,512,49111,0.0543829,1,1,2324981,2324469,512
173019641,27.3237,33.6873,504,49154,0.0517532,0.92,1,2325004,2324500,504
173022561,19.9295,28.4749,494,49197,0.0627013,0.99,1,2325019,2324525,494
173025481,25.3718,22.19,505,49240,0.0310805,1,1,2325048,2324543,505
173028401,28.7487,29.876,501,49283,0.0784322,1,1,2325079,2324578,501
173031321,29.4995,31.7504,498,49326,0.0973729,0.81,1,2325109,2324611,498
173113081,30.385,31.7191,430,50508,0.204238,0.15,1,2325833,2325403,430
173116001,26.554,27.6876,429,50550,0.243695,0.21,1,2325857,2325428,429
173118921,21.4216,20.675,431,50592,0.259478,0.07,1,2325875,2325444,431
173121841,23.5686,26.27,426,50634,0.265791,0.15,1,2325900,2325474,426
173124761,31.0275,30.308,429,50676,0.280317,0.13,1,2325936,2325507,429
173127681,30.411,30.7232,428,50718,0.286127,0.13,1,2325966,2325538,428
173130601,27.7644,27.8893,428,50760,0.264451,0.13,1,2325992,2325564,428
173133521,28.5058,27.9557,429,50801,0.27978,0.15,1,2326021,2325592,429
173153961,17.7378,17.6409,430,51088,0.297815,0.19,1,2326172,2325742,430
173156881,23.2951,22.6563,431,51129,0.269126,0.21,1,2326199,2325768,431
173159801,30.318,29.4625,432,51170,0.25765,0.21,1,2326234,2325802,432
173177321,30.6122,30.411,434,51416,0.400206,0.25,1,2326400,2325966,434
173180241,27.8449,27.7644,434,51457,0.430082,0.29,1,2326426,2325992,434
173262001,32.717,29.9578,479,52591,0.75272,0.51,2,2327146,2326667,479
173264921,30.4868,31.7831,475,52631,0.775088,0.55,2,2327175,2326700,475
173294121,30.8806,23.2157,492,53031,0.91598,0.71,2,2327457,2326965,492
173297041,27.9523,30.8863,482,53071,0.924392,0.71,2,2327483,2327001,482
173299961,12.3809,27.9545,458,53111,0.927757,0.71,2,2327485,2327027,458
173302881,16.9524,12.3818,476,53151,0.929103,0.71,2,2327505,2327029,476
173305801,23.5809,16.9527,484,53191,0.941641,0.73,2,2327533,2327049,484
173308721,31.0324,22.9811,493,53231,0.946656,0.73,2,2327569,2327076,493
173311641,13.613,30.7924,459,53271,0.948663,0.77,2,2327571,2327112,459
173314561,26.4452,32.717,460,53311,0.949465,0.79,2,2327606,2327146,460
173323321,24.6845,24.6779,462,53428,0.944686,0.81,2,2327682,2327220,462
173540861,95.152,106.638,469,26280,0.0843754,0.75,1,2330140,2329671,469
173577361,71.6608,81.6553,460,26280,0.0757502,0.81,1,2330196,2329736,460
173580281,57.4643,48.2621,482,26361,0.0363001,0.47,1,2330244,2329762,482
173583201,63.1857,70.9049,463,26441,0.04452,0.17,1,2330311,2329848,463
173586121,61.2743,76.9619,442,26521,0.095808,0.09,1,2330371,2329929,442
173597801,46.5206,33.1702,457,26839,0.0913967,0.01,1,2330492,2330035,457
173600721,60.6082,57.0681,454,26918,0.0545587,0.01,1,2330562,2330108,454
173603641,59.0433,59.4272,451,26997,0.0518235,0.01,1,2330620,2330169,451
173606561,51.8173,68.7709,423,27075,0.0987294,0.05,1,2330667,2330244,423
173624081,45.8128,46.5669,425,27541,0.0982034,0.03,1,2330917,2330492,425
173635761,64.408,62.1281,429,27847,0.202818,0.17,1,2331165,2330736,429
173638681,63.5632,63.2512,428,27923,0.219127,0.13,1,2331228,2330800,428
173641601,39.8253,39.7005,428,27999,0.261651,0.17,1,2331252,2330824,428
173644521,23.1301,23.0802,428,28075,0.25466,0.13,1,2331264,2330836,428
173647441,20.052,20.0321,428,28150,0.251864,0.07,1,2331282,2330854,428
173664961,64.6892,58.7392,495,28598,0.422201,0.23,1,2331660,2331165,495
173667881,40.8757,61.2957,457,28672,0.43888,0.29,1,2331685,2331228,457
173670801,23.5503,38.9183,445,28746,0.445552,0.25,1,2331697,2331252,445
173726281,20.8685,23.8864,446,30114,0.758646,0.49,2,2332586,2332140,446
173729201,19.1474,20.3546,446,30184,0.753458,0.57,2,2332604,2332158,446
173749641,51.3428,49.4278,457,30671,0.9142,0.73,2,2333007,2332550,457
174006601,34.0061,32.0925,508,36239,0.934,1,2,2336912,2336404,508
174225601,35.5497,46.5362,475,40377,0.756728,0.51,2,2339762,2339287,475
174228521,21.4199,34.8145,460,40429,0.764691,0.55,2,2339774,2339314,460
174231441,26.5679,21.1258,478,40481,0.767876,0.55,2,2339804,2339326,478
174234361,29.8272,26.4503,480,40533,0.769151,0.55,2,2339836,2339356,480
174243121,34.5969,32.8448,487,40689,0.773306,0.61,2,2339938,2339451,487
174246041,25.8388,34.7379,471,40741,0.783322,0.61,2,2339958,2339487,471
174248961,22.3355,25.8952,471,40793,0.787329,0.59,2,2339978,2339507,471
174278161,36.2184,28.7309,499,41307,0.905463,0.75,2,2340363,2339864,499
174281081,35.4873,35.4923,494,41358,0.908185,0.79,2,2340398,2339904,494
174284001,26.1949,34.5969,480,41409,0.909274,0.79,2,2340418,2339938,480
174286921,22.478,25.8388,480,41460,0.90971,0.79,2,2340438,2339958,480
174289841,45.5912,22.3355,521,41511,0.921884,0.81,2,2340499,2339978,521
174292761,19.4365,44.3342,464,41562,0.926754,0.87,2,2340501,2340037,464
174450441,28.4755,30.5151,509,44221,0.931139,1,2,2342358,2341849,509
174453361,26.9902,27.206,510,44269,0.930456,1,2,2342384,2341874,510
174465041,40.1326,48.0197,508,44460,0.410172,1,1,2342540,2342032,508
174467961,36.453,43.2079,502,44507,0.290069,1,1,2342574,2342072,502
174473801,37.5125,32.8333,511,44601,0.066811,1,1,2342652,2342141,511
174476721,30.005,34.7333,500,44648,0.0927244,1,1,2342677,2342177,500
174479641,27.002,33.0933,493,44695,0.0550898,0.97,1,2342702,2342209,493
174482561,31.2008,30.6373,498,44742,0.0760359,1,1,2342736,2342238,498
174485481,32.2803,26.0549,508,44789,0.0484144,1,1,2342769,2342261,508
174488401,20.1121,33.222,482,44836,0.0493657,0.94,1,2342781,2342299,482
174491321,23.0449,33.6888,473,44883,0.0497463,0.91,1,2342806,2342333,473
174494241,20.6179,28.4755,467,44930,0.0378985,0.93,1,2342825,2342358,467
174497161,19.6472,26.9902,460,44977,0.0571594,0.73,1,2342844,2342384,460
174500081,28.2589,34.1961,455,45024,0.0528638,0.67,1,2342878,2342423,455
174503001,26.3035,31.0784,451,45071,0.0631455,0.45,1,2342903,2342452,451
174505921,33.3214,41.8314,440,45118,0.0672582,0.31,1,2342941,2342501,440
174517601,36.3922,37.5125,424,45306,0.0616738,0.11,1,2343076,2342652,424
174520521,28.3569,30.005,422,45353,0.0786695,0.03,1,2343099,2342677,422
174523441,26.9428,27.002,423,45400,0.0614678,0.09,1,2343125,2342702,423
174526361,30.5771,31.2008,422,45446,0.0245871,0.03,1,2343158,2342736,422
174529281,33.2308,32.2803,424,45492,0.0638348,0.05,1,2343193,2342769,424
174532201,19.2923,20.1121,422,45538,0.0555339,0.05,1,2343203,2342781,422
174535121,22.7169,23.0449,422,45584,0.0522136,0.03,1,2343228,2342806,422
174538041,21.0868,20.6179,423,45630,0.0868854,0.07,1,2343248,2342825,423
174540961,19.8347,19.6472,423,45676,0.0647542,0.05,1,2343267,2342844,423
174543881,28.3339,28.2589,423,45722,0.0799017,0.07,1,2343301,2342878,423
174546801,26.9336,26.3035,424,45768,0.0619607,0.07,1,2343327,2342903,424
174549721,34.7734,33.3214,426,45814,0.0787843,0.13,1,2343367,2342941,426
174552641,34.3094,33.1286,427,45860,0.0855137,0.11,1,2343401,2342974,427
174558481,31.7695,33.9806,423,45952,0.0916822,0.11,1,2343461,2343038,423
174564321,28.7231,28.2369,446,46044,0.0878691,0.09,1,2343522,2343076,446
174567241,25.8892,25.0948,447,46090,0.0771477,0.05,1,2343546,2343099,447
174570161,31.9557,25.6379,457,46136,0.0608591,0,1,2343582,2343125,457
174573081,33.1823,30.0552,458,46182,0.0663436,0.09,1,2343616,2343158,458
174576001,18.6729,33.0221,432,46228,0.0805375,0.05,1,2343625,2343193,432
174578921,21.8692,19.2088,446,46274,0.086215,0.05,1,2343649,2343203,446
174581841,21.3477,22.6835,442,46320,0.076486,0.11,1,2343670,2343228,442
174584761,19.3391,21.0734,440,46366,0.0845944,0.05,1,2343688,2343248,440
174587681,29.3356,19.8294,457,46411,0.0878378,0.09,1,2343724,2343267,457
174590601,26.1343,28.3317,447,46456,0.0891351,0.05,1,2343748,2343301,447
174593521,35.6537,26.9327,463,46501,0.065654,0.09,1,2343790,2343327,463
174596441,35.8615,34.7731,459,46546,0.0682616,0.09,1,2343826,2343367,459
174599361,29.9446,34.3092,451,46591,0.0933047,0.15,1,2343852,2343401,451
174602281,32.3778,29.9237,458,46636,0.0913219,0.07,1,2343886,2343428,458
174625641,21.4554,21.8692,446,46996,0.201463,0.07,1,2344095,2343649,446
174628561,19.3822,21.3477,443,47041,0.206585,0.09,1,2344113,2343670,443
174631481,29.3529,19.3391,461,47086,0.220634,0.09,1,2344149,2343688,461
174634401,26.1411,29.3356,449,47131,0.226254,0.09,1,2344173,2343724,449
174637321,34.4565,26.1343,465,47176,0.228501,0.05,1,2344213,2343748,465
174640241,35.9826,35.6537,460,47221,0.253401,0.07,1,2344250,2343790,460
174643161,31.193,35.8615,452,47266,0.23936,0.11,1,2344278,2343826,452
174646081,33.4772,29.9446,461,47311,0.257744,0.09,1,2344313,2343852,461
174649001,34.3909,32.3778,462,47356,0.277098,0.11,1,2344348,2343886,462
174651921,14.9564,34.5511,428,47401,0.284839,0.13,1,2344350,2343922,428
174762881,23.4445,19.173,474,49059,0.756711,0.61,2,2345394,2344920,474
174765801,23.7778,22.0692,474,49102,0.788684,0.65,2,2345418,2344944,474
174806681,20.4446,34.0283,468,49701,0.902336,0.75,2,2345826,2345358,468
174809601,25.5778,19.6113,487,49743,0.930934,0.77,2,2345855,2345368,487
174812521,25.2311,23.4445,486,49785,0.942374,0.81,2,2345880,2345394,486
175028601,324.324,367.512,482,24820,0.442,0.73,1,2348426,2347944,482
175073861,106.852,121.562,454,24820,0.09112,0.53,1,2348580,2348126,454
175076781,80.5407,71.4248,479,24905,0.054448,0.39,1,2348643,2348164,479
175079701,56.8163,65.7699,458,24990,0.0637792,0.15,1,2348684,2348226,458
175082621,61.1265,64.708,458,25075,0.0555117,0.07,1,2348748,2348290,458
175085541,43.6506,46.8832,455,25160,0.0642047,0.05,1,2348780,2348325,455
175088461,27.6602,37.9533,440,25244,0.0676819,0.09,1,2348797,2348357,440
175091381,32.0641,36.1813,440,25328,0.0690727,0.07,1,2348832,2348392,440
175094301,47.6256,34.8725,464,25412,0.0576291,0.01,1,2348890,2348426,464
175097221,56.2503,57.749,453,25495,0.0530516,0.03,1,2348952,2348499,453
175100141,90.3001,71.6996,485,25578,0.0512207,0.03,1,2349065,2348580,485
175103061,61.92,66.4798,465,25661,0.0504883,0.07,1,2349108,2348643,465
175105981,63.168,51.1919,488,25744,0.0501953,0.05,1,2349172,2348684,488
175108901,44.4672,58.8768,456,25826,0.0380781,0.07,1,2349204,2348748,456
175111821,26.7869,42.7507,439,25908,0.0452312,0.07,1,2349219,2348780,439
175114741,32.9148,27.3003,459,25990,0.0480925,0.07,1,2349256,2348797,459
175117661,47.3659,31.9201,481,26072,0.085237,0.05,1,2349313,2348832,481
175126421,61.7594,90.2909,466,26315,0.205375,0.05,1,2349531,2349065,466
175129341,61.9038,61.9164,485,26396,0.23215,0.05,1,2349593,2349108,485
175132261,44.5615,63.1665,454,26476,0.24286,0.03,1,2349626,2349172,454
175135181,28.0246,44.4666,439,26556,0.235144,0.05,1,2349643,2349204,439
175138101,32.8098,26.7866,460,26636,0.244058,0.05,1,2349679,2349219,460
175141021,49.7239,32.9147,484,26716,0.283623,0.11,1,2349740,2349256,484
175143941,58.8896,47.3659,492,26795,0.299449,0.17,1,2349805,2349313,492
175149781,37.7423,89.8985,432,26953,0.409112,0.23,1,2349920,2349488,432
175199421,95.8044,94.8185,451,28259,0.782369,0.63,2,2350812,2350361,451
175211101,42.8494,45.3202,485,28558,0.794029,0.61,2,2350958,2350473,485
175214021,26.7398,38.5281,467,28632,0.791611,0.65,2,2350974,2350507,467
175216941,35.2959,25.0112,492,28706,0.790645,0.63,2,2351015,2350523,492
175228621,41.0124,95.7619,463,29000,0.913761,0.85,2,2351275,2350812,463
175231541,43.4049,39.5048,506,29073,0.923504,0.81,2,2351320,2350814,506
175234461,55.762,42.8019,525,29146,0.927402,0.79,2,2351384,2350859,525
175362941,319.08,354.091,472,13140,0.75398,0.85,2,2353458,2352986,472
175376081,153.654,49.416,650,14620,0.771775,0.59,2,2354108,2353458,650
175387761,47.9111,51.7322,457,15192,0.940541,0.71,2,2354348,2353891,457
175389221,139.764,20.6929,658,15332,0.946217,0.83,2,2354549,2353891,658
175449081,114.962,137.102,570,18016,0.7996,1,2,2356526,2355956,570
175463681,127.473,135.904,469,18598,0.0913911,0.67,1,2356894,2356425,469
175466601,101.989,114.962,453,18712,0.0665564,0.57,1,2356979,2356526,453
175469521,56.9957,65.7846,447,18825,0.0566226,0.37,1,2357006,2356559,447
175472441,45.5983,54.5138,438,18938,0.028649,0.19,1,2357044,2356606,438
175475361,53.0393,63.2055,427,19050,0.0294596,0.05,1,2357102,2356675,427
175478281,41.6157,48.6822,422,19161,0.0537838,0.05,1,2357136,2356714,422
175481201,125.246,127.473,423,19272,0.0395135,0.05,1,2357317,2356894,423
175484121,101.099,101.989,423,19382,0.0458054,0.05,1,2357402,2356979,423
175487041,56.0394,56.9957,422,19491,0.0723222,0.01,1,2357428,2357006,422
175489961,45.2158,45.5983,422,19600,0.0589289,0.01,1,2357466,2357044,422
175492881,52.2863,18.2393,479,19708,0.0655715,0.03,1,2357523,2357044,479
175495801,41.3145,42.0957,455,19816,0.0802286,0.07,1,2357557,2357102,455
175498721,125.126,37.2383,602,19923,0.0500914,0.03,1,2357738,2357136,602
175501641,101.05,123.495,506,20029,0.0380366,0.05,1,2357823,2357317,506
175504561,56.0201,100.398,447,20135,0.0332146,0.09,1,2357849,2357402,447
175507481,46.4081,55.7592,461,20240,0.0672859,0.05,1,2357889,2357428,461
175510401,52.7632,45.1037,480,20345,0.0569143,0.07,1,2357946,2357466,480
175516241,124.002,41.2966,602,20553,0.0871063,0.03,1,2358159,2357557,602
175519161,101.201,125.119,507,20656,0.0528425,0.03,1,2358245,2357738,507
175522081,56.6803,101.047,449,20759,0.027137,0.03,1,2358272,2357823,449
175525001,47.8721,56.019,465,20861,0.0528548,0.09,1,2358314,2357849,465
175527921,53.3489,46.4076,482,20963,0.0751419,0.05,1,2358371,2357889,482
175530841,22.5395,52.763,427,21064,0.0840568,0.15,1,2358373,2357946,427
175539601,97.6585,101.201,423,21365,0.21586,0.01,1,2358668,2358245,423
175542521,54.6634,56.6803,422,21464,0.224344,0.07,1,2358694,2358272,422
175554201,32.5754,30.6158,429,21856,0.231391,0.15,1,2358838,2358409,429
175557121,117.43,116.646,429,21953,0.254556,0.27,1,2359012,2358583,429
175560041,100.372,97.6585,433,22050,0.287823,0.23,1,2359101,2358668,433
175577561,118.514,13.0302,608,22621,0.425931,0.27,1,2359446,2358838,608
175580481,102.005,109.612,525,22715,0.440372,0.31,1,2359537,2359012,525
175583401,56.4022,97.2448,462,22808,0.446149,0.35,1,2359563,2359101,462
175618441,126.283,33.3926,635,23899,0.78388,0.65,2,2360343,2359708,635
175738161,121.816,129.873,498,27297,0.79,1,2,2362725,2362227,498
175749841,39.0753,41.4799,482,27606,0.400528,1,1,2362878,2362396,482
175755681,43.932,42.9968,483,27760,0.264484,1,1,2362960,2362477,483
175761521,34.3891,36.0395,480,27912,0.240318,0.65,1,2363026,2362546,480
175764441,106.756,121.816,456,27988,0.258127,0.61,1,2363181,2362725,456
175767361,63.1023,70.9263,453,28064,0.265251,0.53,1,2363215,2362762,453
175770281,49.2409,55.9705,447,28139,0.2561,0.45,1,2363255,2362808,447
175773201,38.2964,42.1882,445,28214,0.24044,0.33,1,2363286,2362841,445
175787801,35.2123,34.6291,464,28587,0.41003,0.27,1,2363458,2362994,464
175790721,108.285,33.0517,589,28661,0.422012,0.27,1,2363615,2363026,589
175846201,106.213,109.063,449,30033,0.760275,0.55,2,2364507,2364058,449
175995121,106.213,107.567,490,33436,0.791892,1,2,2366883,2366393,490
175998041,63.4854,64.0268,490,33499,0.778757,1,2,2366918,2366428,490
176021401,28.9382,34.5842,473,34001,0.755634,0.84,2,2367169,2366696,473
176024321,29.5753,33.0337,471,34063,0.752253,0.73,2,2367199,2366728,471
176027241,93.4301,106.213,452,34125,0.786901,0.77,2,2367335,2366883,452
176030161,59.572,63.4854,454,34187,0.76476,0.71,2,2367372,2366918,454
176033081,39.4288,40.9942,454,34249,0.779904,0.71,2,2367398,2366944,454
176036001,36.1715,16.3977,488,34311,0.773962,0.71,2,2367432,2366944,488
176038921,32.4686,26.9591,484,34373,0.771585,0.63,2,2367462,2366978,484
176041841,27.3874,31.7836,473,34435,0.782634,0.71,2,2367486,2367013,473
176044761,25.355,26.5134,474,34496,0.787054,0.71,2,2367510,2367036,474
176071041,34.3721,36.1711,492,35044,0.901471,0.77,2,2367924,2367432,492
176073961,28.1489,32.4684,486,35104,0.918588,0.79,2,2367948,2367462,486
176076881,24.4595,27.3874,484,35164,0.937435,0.79,2,2367970,2367486,484
176079801,48.7838,25.355,525,35224,0.932974,0.85,2,2368035,2367510,525
176082721,36.3135,46.742,492,35284,0.94319,0.87,2,2368063,2367571,492
176085641,30.1254,35.4968,490,35344,0.947276,0.85,2,2368089,2367599,490
176088561,28.8502,30.3987,491,35404,0.94891,0.83,2,2368117,2367626,491
176218501,333.392,358.184,488,16060,0.754,1,2,2369954,2369466,488
176236021,91.9579,45.0567,560,17536,0.790505,0.59,2,2370514,2369954,560
176241861,100.993,128.409,533,17777,0.912481,0.67,2,2370755,2370222,533
176303181,41.2747,52.1059,509,20134,0.93448,1,2,2372326,2371817,509
176449181,36.2608,37.626,497,24856,0.43624,1,1,2375718,2375221,497
176457941,73.8167,78.2481,481,25111,0.0562394,1,1,2375973,2375492,481
176460861,53.5267,59.4992,474,25195,0.0884957,1,1,2376013,2375539,474
176463781,41.2107,47.1997,468,25279,0.0893983,0.49,1,2376046,2375578,468
176466701,51.8843,63.8799,452,25363,0.0777593,0.43,1,2376105,2375653,452
176469621,38.7537,47.1519,446,25447,0.0611037,0.43,1,2376135,2375689,446
176472541,29.9015,18.8608,470,25530,0.0424415,0.37,1,2376159,2375689,470
176475461,35.3606,24.9443,480,25613,0.0469766,0.27,1,2376198,2375718,480
176478381,104.744,34.5777,590,25696,0.0967906,0.01,1,2376349,2375759,590
176481301,70.0977,115.231,468,25778,0.0447163,0,1,2376396,2375928,468
176484221,50.8391,73.0924,461,25860,0.0478865,0.11,1,2376434,2375973,461
176487141,41.3356,53.237,456,25942,0.0611546,0.09,1,2376469,2376013,456
176504661,68.7346,104.743,468,26428,0.20742,0.01,1,2376817,2376349,468
176516341,40.5868,51.3342,460,26747,0.241902,0.17,1,2376987,2376527,460
176519261,28.8347,39.1337,450,26826,0.282761,0.15,1,2377008,2376558,450
176522181,37.3339,28.8535,471,26905,0.287104,0.15,1,2377051,2376580,471
176525101,16.1336,37.3414,430,26984,0.288842,0.19,1,2377053,2376623,430
176528021,96.4534,104.337,431,27062,0.289537,0.23,1,2377203,2376772,431
176548461,37.4891,37.3339,436,27605,0.40564,0.29,1,2377487,2377051,436
176551381,16.1956,16.1336,436,27682,0.408256,0.29,1,2377489,2377053,436
176621461,45.0361,54.8288,493,29462,0.926507,0.71,2,2378769,2378276,493
176714901,35.6574,34.3697,517,31679,0.920725,1,2,2380263,2379746,517
176723661,61.4901,107.032,503,31880,0.772926,1,2,2380465,2379962,503
176782061,90.186,89.2586,454,33181,0.76871,0.71,2,2381338,2380884,454
176784981,61.2744,59.1034,457,33245,0.793484,0.67,2,2381380,2380923,457
176799581,43.1996,42.6311,456,33561,0.911783,0.75,2,2381545,2381089,456
176916381,55.3816,60.5957,490,35996,0.939846,1,2,2383268,2382778,490
176922221,41.021,41.9753,491,36114,0.936375,1,2,2383348,2382857,491
176925141,36.8084,35.3901,494,36173,0.93255,1,2,2383382,2382888,494
176933901,32.7397,38.841,488,36347,0.799603,1,2,2383478,2382990,488
176951421,49.4658,55.3816,482,36695,0.251268,1,1,2383750,2383268,482
176977701,31.6468,15.1033,480,37209,0.0980667,0.51,1,2384032,2383552,480
176986461,44.5774,74.2146,461,37380,0.215796,0.17,1,2384179,2383718,461
176989381,40.631,48.8858,467,37437,0.236319,0.15,1,2384217,2383750,467
176992301,34.8524,44.1543,457,37493,0.268527,0.05,1,2384248,2383791,457
176995221,36.141,37.4617,461,37549,0.281411,0.11,1,2384285,2383824,461
176998141,26.4564,34.7847,448,37605,0.286564,0.15,1,2384305,2383857,448
177001061,28.5826,27.1139,456,37661,0.288626,0.13,1,2384335,2383879,456
177003981,28.233,29.4456,453,37717,0.28945,0.11,1,2384363,2383910,453
177006901,26.2932,27.9782,451,37773,0.27778,0.13,1,2384388,2383937,451
177009821,35.7173,26.7913,467,37829,0.285112,0.15,1,2384430,2383963,467
177033181,27.0026,36.141,455,38274,0.400308,0.29,1,2384740,2384285,455
177036101,28.801,26.4564,465,38329,0.418123,0.29,1,2384770,2384305,465
177039021,28.3204,28.5826,463,38384,0.425249,0.29,1,2384798,2384335,463
177041941,25.7282,28.233,459,38439,0.4281,0.27,1,2384822,2384363,459
177047781,31.7165,35.7173,465,38549,0.439296,0.37,1,2384895,2384430,465
177050701,28.2866,29.8869,465,38604,0.433718,0.35,1,2384921,2384456,465
177053621,12.5146,28.1548,440,38659,0.431487,0.37,1,2384923,2384483,440
177094501,66.1606,64.4059,446,39417,0.793015,0.53,2,2385468,2385022,446
177112021,30.0331,29.303,452,39737,0.91133,0.65,2,2385665,2385213,452
177117861,25.9253,25.8085,452,39843,0.905413,0.65,2,2385717,2385265,452
177123701,32.108,31.0094,455,39949,0.904466,0.69,2,2385793,2385338,455
177132461,69.4229,66.1606,462,40108,0.914926,0.85,2,2385930,2385468,462
177135381,44.5692,26.4642,490,40161,0.92397,0.87,2,2385958,2385468,490
177138301,43.0277,27.3857,504,40214,0.939588,0.85,2,2386000,2385496,504
177301821,38.2929,12.2975,550,43053,0.928,1,2,2388001,2387451,550
177307661,32.2869,28.8476,550,43151,0.94768,1,2,2388065,2387515,550
177319341,325.515,372.139,470,18980,0.409072,0.51,1,2388586,2388116,470
177355841,200.406,233.456,446,18980,0.205629,0.41,1,2388703,2388257,446
177364601,87.826,80.1252,483,20031,0.0662002,0.05,1,2388954,2388471,483
177367521,44.7304,69.2501,437,20137,0.0564801,0.03,1,2388970,2388533,437
177370441,41.2922,43.3,450,20242,0.028592,0.05,1,2389009,2388559,450
177385041,41.891,79.3141,438,20761,0.204725,0.05,1,2389392,2388954,438
177387961,39.5564,41.3256,460,20863,0.20789,0.01,1,2389430,2388970,460
177399641,76.843,81.7315,431,21267,0.20457,0.23,1,2389727,2389296,431
177402561,79.9372,80.6926,433,21367,0.291828,0.21,1,2389809,2389376,433
177417161,109.092,108.107,432,21858,0.438281,0.21,1,2390103,2389671,432
177458041,114.785,25.7539,623,23180,0.799217,0.67,2,2391001,2390378,623
177469721,42.2361,43.4177,495,23543,0.934908,0.71,2,2391205,2390710,495
177472641,63.0944,40.7671,533,23633,0.949963,0.73,2,2391282,2390749,533
177560241,44.7576,64.6786,505,26189,0.909616,1,2,2393073,2392568,505
177563161,38.903,39.6714,517,26270,0.933846,1,2,2393108,2392591,517
177566081,61.1612,35.6686,560,26351,0.763539,1,2,2393184,2392624,560
177577761,43.3881,71.9627,502,26671,0.447563,1,1,2393444,2392942,502
177580681,58.7553,41.9851,549,26750,0.401025,1,1,2393513,2392964,549
177627401,65.0621,61.862,447,27989,0.761714,0.49,2,2394307,2393860,447
177630321,41.6248,40.9448,446,28065,0.778686,0.59,2,2394333,2393887,446
177633241,59.8499,56.5779,451,28140,0.773474,0.59,2,2394405,2393954,451
177636161,40.74,39.4312,451,28215,0.77139,0.65,2,2394433,2393982,451
177642001,14.4384,13.989,452,28365,0.796622,0.65,2,2394463,2394011,452
177817201,37.2759,28.811,515,32538,0.448195,0.98,1,2397415,2396900,515
177823041,58.0441,38.2098,541,32668,0.442511,0.71,1,2397524,2396983,541
177825961,69.4177,67.4839,531,32733,0.411005,0.61,1,2397601,2397070,531
177828881,28.9671,74.3936,454,32798,0.422402,0.61,1,2397603,2397149,454
177858081,69.9684,69.4177,444,33436,0.769612,0.43,2,2398045,2397601,444
177861001,29.1874,28.9671,444,33499,0.793845,0.53,2,2398047,2397603,444
177869761,51.812,49.2059,450,33688,0.904006,0.57,2,2398181,2397731,450
177884361,38.9776,36.8024,456,34001,0.937375,0.73,2,2398351,2397895,456
178078541,180.088,169.323,505,16916,0.244708,0.75,1,2401158,2400653,505
178084381,135.134,167.972,457,17167,0.205953,0.17,1,2401400,2400943,457
178096061,99.7762,68.3849,537,17657,0.265288,0.17,1,2401695,2401158,537
178101901,84.2442,117.262,488,17896,0.427646,0.19,1,2401888,2401400,488
178145701,71.5869,69.7187,459,19599,0.918825,0.75,2,2402922,2402463,459
178151541,126.654,84.955,603,19815,0.901812,0.87,2,2403189,2402586,603
178154461,89.0616,117.982,527,19922,0.918725,0.91,2,2403253,2402726,527
178157381,51.2246,84.9928,490,20028,0.93749,0.87,2,2403279,2402789,490
178160301,21.6898,49.5971,466,20134,0.944996,0.87,2,2403281,2402815,466
178163221,72.8759,21.0388,571,20239,0.947998,0.95,2,2403388,2402817,571
178233301,73.2552,44.4071,533,22620,0.946,1,2,2405163,2404630,533
178236221,49.7021,43.5628,524,22714,0.9244,1,2,2405197,2404673,524
178239141,59.4808,55.2251,527,22807,0.79576,1,2,2405263,2404736,527
178247901,65.3188,92.4304,514,23085,0.434689,1,1,2405471,2404957,514
178259581,49.6674,49.6846,517,23450,0.403432,0.71,1,2405714,2405197,517
178262501,45.6669,59.4738,494,23540,0.443373,0.61,1,2405757,2405263,494
178288781,85.6703,84.8668,449,24338,0.777271,0.57,2,2406317,2405868,449
178291701,62.4681,60.9467,451,24425,0.796908,0.61,2,2406364,2405913,451
178300461,48.95,47.2446,458,24684,0.904202,0.73,2,2406560,2406102,458
178303381,20.78,20.0978,458,24770,0.919681,0.73,2,2406562,2406104,458
178306301,39.512,40.4391,456,24856,0.937872,0.73,2,2406614,2406158,456
178309221,44.0048,43.1757,458,24941,0.933149,0.81,2,2406661,2406203,458
178411421,73.443,80.3312,482,27759,0.945386,1,2,2408688,2408206,482
178420181,74.9244,81.6772,483,27987,0.275785,1,1,2408911,2408428,483
178426021,38.8679,37.4284,489,28138,0.0645255,1,1,2408978,2408489,489
178428941,34.7472,28.1713,499,28213,0.0438102,1,1,2409010,2408511,499
178431861,27.6989,38.2685,477,28288,0.0475241,1,1,2409033,2408556,477
178434781,30.2795,35.1074,476,28363,0.0490096,1,1,2409065,2408589,476
178437701,64.9118,14.043,564,28438,0.0496039,0.91,1,2409153,2408589,564
178440621,52.3647,65.0172,509,28512,0.0738415,0.73,1,2409197,2408688,509
178443541,69.5459,58.4069,536,28586,0.0475366,0.33,1,2409278,2408742,536
178446461,62.0184,83.9628,492,28660,0.0730146,0.11,1,2409335,2408843,492
178449381,45.2073,74.3851,458,28734,0.0952059,0.01,1,2409369,2408911,458
178452301,38.4829,51.954,455,28808,0.0560823,0.03,1,2409403,2408948,455
178455221,32.7932,38.7816,454,28881,0.0404329,0.03,1,2409432,2408978,454
178458141,26.3173,34.7126,444,28954,0.0341732,0.05,1,2409454,2409010,444
178461061,29.7269,27.6851,453,29027,0.0316693,0.05,1,2409486,2409033,453
178463981,65.2908,30.274,510,29100,0.0426677,0.05,1,2409575,2409065,510
178466901,54.3163,64.9096,469,29173,0.0470671,0.09,1,2409622,2409153,469
178469821,69.1265,52.3638,504,29246,0.0728268,0.03,1,2409701,2409197,504
178481501,31.9376,38.4829,451,29534,0.0929204,0.03,1,2409854,2409403,451
178484421,25.3751,32.7932,443,29606,0.0671681,0.03,1,2409875,2409432,443
178487341,29.95,26.3173,454,29677,0.0328673,0.03,1,2409908,2409454,454
178490261,65.98,29.7269,512,29748,0.0791469,0.05,1,2409998,2409486,512
178493181,54.592,65.2908,470,29819,0.0736588,0.05,1,2410045,2409575,470
178496101,23.0368,54.3163,425,29890,0.0714635,0.09,1,2410047,2409622,425
178499021,57.2147,69.1265,426,29961,0.0945854,0.19,1,2410127,2409701,426
178501941,61.8859,63.6506,431,30032,0.0798342,0.21,1,2410192,2409761,431
178504861,45.7544,45.8602,432,30102,0.0619337,0.09,1,2410227,2409795,432
178507781,32.7017,36.3441,426,30172,0.0907735,0.07,1,2410251,2409825,426
178513621,23.4723,25.3751,422,30312,0.0829238,0.01,1,2410297,2409875,422
178516541,29.7889,29.95,423,30382,0.0511695,0.11,1,2410331,2409908,423
178519461,68.3156,65.98,427,30452,0.0504678,0.07,1,2410425,2409998,427
178522381,54.3262,54.592,425,30521,0.0741871,0.07,1,2410470,2410045,425
178525301,22.9305,23.0368,425,30590,0.0596748,0.11,1,2410472,2410047,425
178528221,57.1722,57.2147,425,30659,0.0898699,0.07,1,2410552,2410127,425
178572021,23.1243,27.8014,448,31679,0.202204,0.19,1,2411150,2410702,448
178574941,26.6497,21.9206,459,31746,0.230882,0.15,1,2411179,2410720,459
178577861,64.6599,28.5682,516,31813,0.218353,0.07,1,2411269,2410753,516
178580781,55.264,67.8273,471,31880,0.213341,0.11,1,2411318,2410847,471
178583701,23.3056,55.3309,426,31946,0.211336,0.11,1,2411320,2410894,426
178586621,60.9222,23.3324,510,32012,0.222535,0.13,1,2411406,2410896,510
178589541,65.1689,59.1329,495,32078,0.263014,0.13,1,2411474,2410979,495
178601221,24.4779,29.3106,451,32342,0.418525,0.23,1,2411582,2411131,451
178604141,27.7912,23.1242,462,32407,0.43741,0.25,1,2411612,2411150,462
178607061,64.5165,26.6497,522,32472,0.444964,0.21,1,2411701,2411179,522
178665461,24.1984,25.0172,449,33750,0.752484,0.57,2,2412475,2412026,449
178668381,28.2794,28.0069,450,33813,0.750994,0.61,2,2412506,2412056,450
178671301,65.9117,65.8028,450,33876,0.786397,0.59,2,2412597,2412147,450
178697581,25.3609,27.1744,479,34434,0.905733,0.77,2,2412934,2412455,479
178700501,28.1444,22.8698,489,34495,0.908293,0.75,2,2412964,2412475,489
178796861,25.8222,24.7091,505,36463,0.9376,1,2,2414358,2413853,505
178858181,127.216,111.708,574,17657,0.791932,0.61,2,2415681,2415107,574
178864021,75.3145,76.6734,522,17896,0.927109,0.61,2,2415802,2415280,522
178869861,19.9703,44.3077,456,18133,0.939138,0.73,2,2415832,2415376,456
178872781,115.988,123.323,460,18250,0.945655,0.87,2,2416012,2415552,460
178954541,55.8307,73.7654,481,21264,0.410435,1,1,2418160,2417679,481
178957461,44.5323,52.3062,480,21364,0.278174,1,1,2418197,2417717,480
178963301,100.125,111.449,471,21562,0.0913078,0.69,1,2418376,2417905,471
178966221,106.65,121.98,453,21660,0.0785231,0.55,1,2418487,2418034,453
178969141,59.46,69.1918,447,21758,0.0854093,0.45,1,2418515,2418068,447
178972061,39.384,45.0767,444,21855,0.0641637,0.33,1,2418541,2418097,444
178974981,46.9536,55.8307,433,21952,0.0676655,0.19,1,2418593,2418160,433
178977901,38.5814,44.5323,429,22049,0.0690662,0.07,1,2418626,2418197,429
178980821,38.8326,41.8129,428,22145,0.0456265,0.05,1,2418665,2418237,428
178983741,95.933,100.125,423,22241,0.0722506,0.07,1,2418799,2418376,423
178986661,104.973,106.65,423,22336,0.0949002,0.09,1,2418910,2418487,423
178989581,58.1893,59.46,422,22431,0.0919601,0.05,1,2418937,2418515,422
178992501,40.0757,39.384,424,22526,0.054784,0.05,1,2418965,2418541,424
178995421,46.0303,15.7536,474,22620,0.0759136,0.07,1,2419015,2418541,474
178998341,37.6121,37.5014,454,22714,0.0603654,0.07,1,2419047,2418593,454
179001261,39.6448,34.8006,462,22807,0.0421462,0.03,1,2419088,2418626,462
179004181,97.4579,37.3202,559,22900,0.0468585,0.09,1,2419224,2418665,559
179007101,104.983,95.3281,535,22993,0.0967434,0.11,1,2419334,2418799,535
179021701,38.0216,37.6059,463,23450,0.213083,0.03,1,2419510,2419047,463
179024621,98.6086,39.6424,561,23540,0.223233,0.05,1,2419649,2419088,561
179027541,106.643,97.457,537,23630,0.227293,0.13,1,2419761,2419224,537
179030461,58.2574,104.983,453,23720,0.240917,0.13,1,2419787,2419334,453
179033381,40.703,57.5931,456,23809,0.234367,0.09,1,2419816,2419360,456
179036301,49.2812,39.8372,483,23898,0.255747,0.19,1,2419871,2419388,483
179039221,38.9125,47.1349,463,23987,0.264299,0.21,1,2419903,2419440,463
179042141,16.765,38.054,433,24075,0.267719,0.23,1,2419905,2419472,433
179045061,29.506,38.0216,433,24163,0.293088,0.23,1,2419943,2419510,433
179050901,105.281,106.643,433,24338,0.417694,0.25,1,2420194,2419761,433
179083021,50.4947,49.17,447,25279,0.77871,0.57,2,2420753,2420306,447
179085941,39.9979,38.868,448,25363,0.773484,0.53,2,2420786,2420338,448
179088861,17.1992,16.7472,448,25447,0.771394,0.53,2,2420788,2420340,448
179091781,30.8797,6.69888,488,25530,0.794557,0.63,2,2420828,2420340,488
179094701,99.9519,25.4796,596,25613,0.791823,0.63,2,2420974,2420378,596
179112221,17.3807,39.9814,461,26105,0.90434,0.77,2,2421247,2420786,461
179115141,32.1523,17.1926,501,26186,0.931736,0.81,2,2421289,2420788,501
179211501,43.5127,55.9744,506,28734,0.928,1,2,2423142,2422636,506
179226101,54.4052,61.9325,529,29100,0.259708,1,1,2423436,2422907,529
179231941,39.6648,49.5092,508,29246,0.0835532,1,1,2423520,2423012,508
179234861,47.6659,37.2037,532,29318,0.0634213,1,1,2423573,2423041,532
179237781,41.8664,53.2815,506,29390,0.0433685,0.88,1,2423611,2423105,506
179240701,39.5465,43.5126,507,29462,0.0713474,0.98,1,2423649,2423142,507
179243621,30.8186,40.205,494,29534,0.070539,0.83,1,2423674,2423180,494
179246541,74.7274,37.082,563,29606,0.0822156,0.43,1,2423778,2423215,563
179249461,57.491,88.0328,487,29677,0.0628862,0.25,1,2423824,2423337,487
179252381,47.5964,67.0131,475,29748,0.0671545,0.17,1,2423865,2423390,475
179255301,47.8386,54.4052,477,29819,0.0928618,0.05,1,2423913,2423436,477
179264061,42.9737,47.6659,425,30032,0.0849032,0.03,1,2423998,2423573,425
179266981,38.7895,41.8664,423,30102,0.0879613,0.09,1,2424034,2423611,423
179269901,39.5158,39.5465,425,30172,0.0651845,0.07,1,2424074,2423649,425
179272821,30.2063,30.8186,424,30242,0.0560738,0.09,1,2424098,2423674,424
179281581,46.4052,47.5964,424,30452,0.228949,0.11,1,2424289,2423865,424
179284501,47.9621,47.8386,425,30521,0.253579,0.11,1,2424338,2423913,425
179287421,20.3848,20.3354,425,30590,0.275432,0.11,1,2424340,2423915,425
179304941,80.7629,76.2825,431,31003,0.419083,0.23,1,2424636,2424205,431
179322461,42.0428,10.4616,489,31411,0.444455,0.33,1,2424859,2424370,489
179325381,37.8171,36.5846,470,31478,0.435782,0.29,1,2424894,2424424,470
179328301,39.7268,35.0339,477,31545,0.420313,0.35,1,2424935,2424458,477
179331221,30.2907,38.0135,461,31612,0.414125,0.35,1,2424959,2424498,461
179334141,83.5163,29.0054,557,31679,0.44765,0.47,1,2425078,2424521,557
179386701,28.9727,37.7189,453,32861,0.770811,0.65,2,2425789,2425336,453
179398381,61.5961,62.2856,454,33117,0.900965,0.67,2,2426023,2425569,454
179401301,53.4384,51.9142,457,33181,0.930386,0.69,2,2426071,2425614,457
179550221,32.9572,30.0264,496,36289,0.26363,1,1,2428180,2427684,496
179558981,27.0933,29.3777,489,36463,0.0490323,1,1,2428261,2427772,489
179561901,54.6373,63.9511,475,36521,0.0496129,0.96,1,2428334,2427859,475
179564821,53.6549,59.7804,471,36579,0.0378452,0.77,1,2428387,2427916,471
179567741,50.262,62.3122,455,36637,0.0331381,0.67,1,2428435,2427980,455
179570661,42.3048,48.3249,453,36695,0.0432552,0.69,1,2428472,2428019,453
179573581,34.3219,37.3299,452,36753,0.0593021,0.61,1,2428501,2428049,452
179576501,31.7288,35.332,448,36810,0.0657208,0.45,1,2428531,2428083,448
179579421,27.6915,32.7328,442,36867,0.0682883,0.27,1,2428556,2428114,442
179582341,27.2766,32.8931,436,36924,0.0453153,0.19,1,2428583,2428147,436
179585261,27.1106,32.9572,430,36981,0.0361261,0.11,1,2428610,2428180,430
179588181,29.4443,33.5829,427,37038,0.0444505,0.09,1,2428641,2428214,427
179591101,20.1777,24.2332,423,37095,0.0357802,0,1,2428655,2428232,423
179594021,26.6711,27.0933,425,37152,0.0143121,0,1,2428686,2428261,425
179596941,52.6684,10.8373,495,37209,0.0477248,0.05,1,2428756,2428261,495
179599861,52.2674,48.1349,474,37266,0.0370899,0.03,1,2428808,2428334,474
179602781,49.7069,51.054,469,37323,0.056836,0.03,1,2428856,2428387,469
179605701,42.6828,49.2216,459,37380,0.0647344,0.05,1,2428894,2428435,459
179608621,35.6731,41.8886,453,37437,0.0798938,0.07,1,2428925,2428472,453
179611541,31.0692,34.1555,452,37493,0.0859575,0.07,1,2428953,2428501,452
179631981,54.0382,26.6708,494,37885,0.0703687,0.07,1,2429180,2428686,494
179634901,51.6153,52.6683,474,37941,0.0461475,0.03,1,2429230,2428756,474
179637821,48.8461,52.2673,469,37997,0.048459,0.07,1,2429277,2428808,469
179640741,44.1384,49.7069,462,38053,0.0373836,0.07,1,2429318,2428856,462
179643661,35.6554,42.6828,454,38109,0.0329534,0.09,1,2429348,2428894,454
179646581,32.8622,35.6731,454,38164,0.0431814,0.09,1,2429379,2428925,454
179649501,31.1449,31.0692,456,38219,0.0472725,0.15,1,2429409,2428953,456
179652421,28.0579,28.0277,456,38274,0.048909,0.15,1,2429435,2428979,456
179655341,27.4232,28.0111,455,38329,0.0735636,0.11,1,2429462,2429007,455
179658261,28.3693,26.8044,458,38384,0.0954254,0.17,1,2429491,2429033,458
179669941,51.0879,54.0382,472,38604,0.0635469,0.03,1,2429652,2429180,472
179672861,21.6351,51.6153,424,38659,0.0434188,0.05,1,2429654,2429230,424
179675781,35.6541,48.8461,422,38714,0.0593675,0.03,1,2429699,2429277,422
179678701,39.4616,44.1384,423,38769,0.029747,0.03,1,2429741,2429318,423
179681621,34.3846,35.6554,424,38823,0.0298988,0.05,1,2429772,2429348,424
179684541,32.3539,32.8622,424,38877,0.0299595,0.05,1,2429803,2429379,424
179687461,30.9415,31.1449,424,38931,0.0539838,0.05,1,2429833,2429409,424
179690381,27.9766,28.0579,424,38985,0.0755935,0.09,1,2429859,2429435,424
179704981,52.0679,52.7196,427,39255,0.216169,0.03,1,2430029,2429602,427
179707901,47.8272,51.0879,422,39309,0.248468,0.03,1,2430074,2429652,422
179710821,20.3309,21.6351,422,39363,0.261387,0.07,1,2430076,2429654,422
179713741,35.1323,35.6541,422,39417,0.254555,0.01,1,2430121,2429699,422
179716661,39.2529,39.4616,422,39471,0.227822,0.03,1,2430163,2429741,422
179719581,34.9012,34.3846,423,39525,0.265129,0.03,1,2430195,2429772,423
179722501,32.5605,32.3539,423,39578,0.280052,0.07,1,2430226,2429803,423
179777981,25.185,20.5238,467,40579,0.41411,0.41,1,2430829,2430362,467
179780901,53.274,25.0095,511,40631,0.423644,0.37,1,2430901,2430390,511
179783821,47.7096,53.2038,483,40683,0.439458,0.39,1,2430945,2430462,483
179786741,20.2838,48.2815,440,40735,0.445783,0.35,1,2430947,2430507,440
179850981,30.9388,31.3554,450,41861,0.766902,0.61,2,2431677,2431227,450
179853901,21.3755,21.5422,450,41911,0.768761,0.57,2,2431692,2431242,450
179856821,26.5502,26.6169,450,41961,0.781504,0.61,2,2431722,2431272,450
179865581,20.9472,20.5195,453,42111,0.931056,0.71,2,2431843,2431390,453
180106481,252.272,286.638,437,20440,0.09064,0.29,1,2434906,2434469,437
180109401,118.909,126.055,448,20544,0.078256,0.09,1,2434936,2434488,448
180112321,55.3635,61.8221,442,20647,0.0853024,0.01,1,2434949,2434507,442
180115241,81.5454,53.5288,493,20750,0.034121,0.03,1,2435048,2434555,493
180118161,86.6182,81.4115,483,20852,0.0196484,0.03,1,2435138,2434655,483
180121081,88.6473,91.9646,474,20954,0.0138594,0.07,1,2435228,2434754,474
180124001,79.8589,83.5858,470,21055,0.0715437,0.03,1,2435302,2434832,470
180126921,49.3436,65.8343,445,21156,0.0466175,0.07,1,2435331,2434886,445
180129841,37.7374,56.3337,425,21256,0.084647,0.09,1,2435361,2434936,425
180132761,21.095,30.3335,422,21356,0.0878588,0,1,2435371,2434949,422
180135681,67.838,71.5334,422,21455,0.0351435,0.01,1,2435470,2435048,422
180138601,82.3352,82.6134,424,21554,0.0200574,0.01,1,2435562,2435138,424
180141521,86.9341,87.0453,424,21652,0.026023,0.11,1,2435652,2435228,424
180144441,79.7736,79.2181,425,21750,0.0884092,0.03,1,2435727,2435302,425
180156121,65.5318,67.8216,422,22138,0.0678313,0.01,1,2435892,2435470,422
180159041,81.4127,82.3286,422,22234,0.0331325,0.03,1,2435984,2435562,422
180161961,87.7651,86.9315,424,22329,0.013253,0.13,1,2436076,2435652,424
180164881,82.506,79.7726,428,22424,0.0473012,0.17,1,2436155,2435727,428
180167801,51.0024,49.309,429,22519,0.0609205,0.17,1,2436185,2435756,429
180170721,39.001,19.7236,460,22613,0.0543682,0.19,1,2436216,2435756,460
180173641,21.6004,26.4894,439,22707,0.0757473,0.17,1,2436226,2435787,439
180176561,60.8402,16.5958,516,22800,0.0602989,0,1,2436313,2435797,516
180179481,79.5361,63.6383,513,22893,0.0421196,0.01,1,2436405,2435892,513
180182401,87.0144,80.6553,513,22986,0.0168478,0,1,2436497,2435984,513
180185321,84.0058,87.4621,503,23078,0.0367391,0.07,1,2436579,2436076,503
180188241,51.6023,82.3849,454,23170,0.0806957,0.07,1,2436609,2436155,454
180197001,58.5745,21.5926,508,23443,0.241565,0.05,1,2436734,2436226,508
180202841,86.8919,79.5348,514,23623,0.0926503,0,1,2436919,2436405,514
180205761,85.1568,87.0139,506,23713,0.0790601,0.05,1,2437003,2436497,506
180208681,53.2627,84.0056,456,23802,0.0736241,0.11,1,2437035,2436579,456
180211601,41.7051,51.6022,460,23891,0.0594496,0.15,1,2437069,2436609,460
180214521,22.682,39.8409,438,23980,0.0537798,0.15,1,2437079,2436641,438
180217441,10.2728,21.9364,430,24068,0.0515119,0.31,1,2437081,2436651,430
180220361,58.1091,58.5745,437,24156,0.0746048,0.15,1,2437171,2436734,437
180226201,81.2975,86.8919,423,24331,0.0707368,0.07,1,2437342,2436919,423
180229121,84.119,85.1568,425,24418,0.0342947,0.07,1,2437428,2437003,425
180232041,52.8476,53.2627,425,24505,0.0557179,0.05,1,2437460,2437035,425
180234961,40.939,41.7051,424,24591,0.0762872,0.05,1,2437493,2437069,424
180237881,22.3756,22.682,424,24677,0.0605149,0.05,1,2437503,2437079,424
180240801,10.1502,10.2728,424,24763,0.0542059,0.09,1,2437505,2437081,424
180249561,79.3696,81.2975,422,25019,0.240349,0.01,1,2437764,2437342,422
180252481,83.3478,84.119,422,25104,0.22214,0.07,1,2437850,2437428,422
180255401,53.1391,52.8476,423,25188,0.226856,0.09,1,2437883,2437460,423
180258321,41.6557,40.939,424,25272,0.228742,0.05,1,2437917,2437493,424
180261241,23.2623,22.3756,425,25356,0.217497,0.05,1,2437928,2437503,425
180264161,10.5049,10.1502,425,25440,0.212999,0.05,1,2437930,2437505,425
180267081,61.802,4.0601,521,25523,0.2352,0.23,1,2438026,2437505,521
180270001,75.7208,55.624,516,25606,0.25608,0.17,1,2438111,2437595,516
180272921,81.8883,74.4496,515,25689,0.288432,0.29,1,2438197,2437682,515
180328401,51.3606,53.185,455,27212,0.779078,0.67,2,2439206,2438751,455
180331321,40.9442,41.674,455,27290,0.797631,0.67,2,2439240,2438785,455
180334241,22.3777,22.6696,455,27368,0.781053,0.67,2,2439250,2438795,455
180337161,10.1511,10.2678,455,27445,0.774421,0.69,2,2439252,2438797,455
180345921,32.5697,33.0091,455,27676,0.902763,0.73,2,2439448,2438993,455
180348841,70.6279,69.0037,458,27753,0.919105,0.75,2,2439544,2439086,458
180351761,81.6511,80.4015,459,27829,0.949642,0.81,2,2439633,2439174,459
180456881,64.7859,64.1388,492,30448,0.792272,0.97,2,2441447,2440955,492
180462721,55.2457,49.5022,505,30587,0.295964,1,1,2441580,2441075,505
180465641,40.0983,36.6009,507,30656,0.208385,1,1,2441610,2441103,507
180471481,29.3357,31.0561,499,30794,0.0801417,1,1,2441662,2441163,499
180474401,33.3343,32.8225,501,30863,0.0380567,1,1,2441698,2441197,501
180477321,35.5337,45.529,484,30932,0.0212227,1,1,2441735,2441251,484
180480241,58.0135,70.4116,470,31000,0.0624891,0.96,1,2441808,2441338,470
180483161,40.0054,47.9646,465,31068,0.0549956,0.67,1,2441836,2441371,465
180486081,56.8022,64.7859,457,31136,0.0279982,0.23,1,2441904,2441447,457
180489001,68.3209,84.1143,436,31204,0.0891993,0.19,1,2441980,2441544,436
180491921,45.9283,55.2457,431,31272,0.0536797,0.15,1,2442011,2441580,431
180494841,32.7713,40.0983,425,31340,0.0514719,0.15,1,2442035,2441610,425
180497761,24.5085,16.0393,444,31408,0.0865888,0.07,1,2442054,2441610,444
180500681,27.2034,20.2157,450,31475,0.0526355,0.05,1,2442083,2441633,450
180503601,33.0814,25.4863,458,31542,0.0270542,0.01,1,2442120,2441662,458
180506521,36.6325,31.7945,461,31609,0.0288217,0.01,1,2442159,2441698,461
180509441,57.253,34.9178,495,31676,0.0655287,0.09,1,2442230,2441735,495
180512361,39.1012,57.7671,449,31743,0.0682115,0.05,1,2442257,2441808,449
180515281,57.0405,39.9068,490,31810,0.0452846,0.01,1,2442326,2441836,490
180518201,71.4162,56.7627,503,31877,0.0841138,0.13,1,2442407,2441904,503
180562001,21.1933,27.1435,430,32858,0.224514,0.19,1,2442936,2442506,430
180564921,30.0773,31.8574,431,32922,0.215805,0.09,1,2442972,2442541,431
180567841,32.4309,36.143,426,32986,0.224322,0.13,1,2443006,2442580,426
180570761,59.1724,59.4572,428,33050,0.227729,0.13,1,2443083,2442655,428
180573681,38.0689,38.1829,428,33114,0.253092,0.21,1,2443107,2442679,428
180576601,58.4276,57.2731,430,33178,0.263237,0.15,1,2443179,2442749,430
180579521,73.771,73.9093,429,33242,0.267295,0.15,1,2443263,2442834,429
180582441,46.3084,46.3637,429,33306,0.244918,0.15,1,2443291,2442862,429
180585361,34.1234,34.1455,429,33370,0.271967,0.15,1,2443317,2442888,429
180588281,26.2493,24.4582,432,33433,0.270787,0.21,1,2443338,2442906,432
180591201,11.6997,10.9833,432,33496,0.246315,0.25,1,2443340,2442908,432
180594121,21.4799,21.1933,432,33559,0.284526,0.21,1,2443368,2442936,432
180597041,30.192,30.0773,432,33622,0.29981,0.23,1,2443404,2442972,432
180614561,46.315,46.3084,433,33998,0.405455,0.29,1,2443724,2443291,433
180617481,34.726,34.1234,434,34060,0.444182,0.27,1,2443751,2443317,434
180620401,25.8904,26.2493,433,34122,0.435673,0.23,1,2443771,2443338,433
180664201,33.1988,31.4888,478,35041,0.782846,0.47,2,2444319,2443841,478
180675881,77.5107,59.4477,537,35281,0.915961,0.61,2,2444587,2444050,537
180678801,49.0043,75.3791,481,35341,0.948384,0.63,2,2444617,2444136,481
180690481,26.4257,11.7313,489,35581,0.946215,0.69,2,2444704,2444215,489
180871521,25.3924,25.4028,527,39092,0.412424,1,1,2447168,2446641,527
180872981,25.157,30.5611,518,39146,0.29097,1,1,2447193,2446675,518
180916781,189.905,179.37,480,17641,0.0717551,0.03,1,2447780,2447300,480
180919701,145.562,156.348,455,17761,0.0467021,0.03,1,2447896,2447441,455
180922621,109.825,97.9392,482,17881,0.0246808,0.03,1,2447982,2447500,482
180925541,66.1299,88.9757,436,18000,0.0278723,0.01,1,2448019,2447583,436
180928461,39.052,56.5903,422,18118,0.0111489,0.11,1,2448040,2447618,422
180931381,37.2208,34.0361,439,18235,0.0224596,0.03,1,2448076,2447637,439
180934301,91.0883,99.4144,423,18351,0.0269838,0.03,1,2448203,2447780,423
180937221,105.435,109.366,422,18467,0.0287935,0.01,1,2448318,2447896,422
180940141,95.5741,95.3463,425,18582,0.0295174,0.03,1,2448407,2447982,425
180943061,58.6297,60.3385,422,18696,0.029807,0,1,2448441,2448019,422
180945981,37.8519,36.7354,425,18810,0.0119228,0.03,1,2448465,2448040,425
180948901,34.9407,36.2942,422,18923,0.0347691,0.03,1,2448498,2448076,422
180951821,90.1763,90.7177,422,19035,0.0319076,0.03,1,2448625,2448203,422
180954741,105.071,105.287,422,19146,0.0187631,0.03,1,2448740,2448318,422
180957661,95.4282,95.5148,422,19257,0.0255052,0.03,1,2448829,2448407,422
180960581,58.5713,58.6059,422,19367,0.0282021,0,1,2448863,2448441,422
180963501,37.8285,37.8424,422,19477,0.0292808,0.05,1,2448887,2448465,422
180966421,36.1314,34.9369,424,19586,0.0297123,0.05,1,2448922,2448498,424
180969341,88.8526,13.9748,548,19694,0.0298849,0.03,1,2449046,2448498,548
180972261,104.541,81.7899,536,19802,0.017954,0.01,1,2449161,2448625,536
180975181,95.2164,101.716,510,19909,0.0131816,0.03,1,2449250,2448740,510
180978101,58.4866,94.0864,455,20016,0.0232726,0.03,1,2449284,2448829,455
180981021,37.7946,58.0346,445,20122,0.0393091,0.03,1,2449308,2448863,445
180983941,36.7178,37.6138,457,20227,0.0337236,0.03,1,2449344,2448887,457
180986861,88.4871,36.0455,545,20332,0.0434894,0.03,1,2449467,2448922,545
180989781,104.395,88.8182,536,20436,0.0353958,0.01,1,2449582,2449046,536
180992701,96.3579,104.527,512,20540,0.0321583,0.01,1,2449673,2449161,512
180995621,57.7432,95.2109,455,20643,0.0428633,0.03,1,2449705,2449250,455
180998541,37.4973,58.4844,445,20746,0.0231453,0.05,1,2449729,2449284,445
181001461,37.1989,37.7937,458,20848,0.0512581,0.03,1,2449766,2449308,458
181004381,88.6796,36.7175,545,20950,0.0265033,0.05,1,2449889,2449344,545
181007301,103.872,88.487,536,21051,0.0106013,0.03,1,2450003,2449467,536
181010221,42.7487,104.395,423,21152,0.0102405,0.03,1,2450005,2449582,423
181013141,71.6995,96.3579,423,21252,0.00409621,0.05,1,2450096,2449673,423
181016061,47.2798,57.7432,422,21352,0.0196385,0.01,1,2450127,2449705,422
181018981,33.9119,37.4973,423,21451,0.0138554,0.07,1,2450152,2449729,423
181021901,36.9648,37.1989,425,21550,0.0235422,0.01,1,2450191,2449766,425
181024821,87.3859,88.6796,423,21648,0.0274169,0,1,2450312,2449889,423
181027741,103.354,103.872,423,21746,0.0169667,0.01,1,2450426,2450003,423
181030661,42.5417,42.7487,423,21844,0.0127867,0,1,2450428,2450005,423
181033581,71.0167,71.6995,422,21941,0.0231147,0.03,1,2450518,2450096,422
181036501,47.0067,47.2798,422,22038,0.0272459,0.01,1,2450549,2450127,422
181039421,34.4027,33.9119,423,22134,0.0288983,0.03,1,2450575,2450152,423
181042341,37.1611,36.9648,423,22230,0.0295593,0.03,1,2450614,2450191,423
181045261,88.0644,87.3859,424,22325,0.0298237,0.01,1,2450736,2450312,424
181048181,103.026,103.354,423,22420,0.0179295,0.01,1,2450849,2450426,423
181051101,42.4103,42.5417,423,22515,0.0131718,0.01,1,2450851,2450428,423
181054021,69.7641,17.0167,511,22609,0.0232687,0.03,1,2450939,2450428,511
181056941,46.5056,60.8067,452,22703,0.0273075,0.03,1,2450970,2450518,452
181059861,34.2023,42.9227,447,22796,0.052923,0.03,1,2450996,2450549,447
181062781,37.6809,32.7691,461,22889,0.0871692,0.03,1,2451036,2450575,461
181065701,88.2724,36.5076,544,22982,0.0528677,0.03,1,2451158,2450614,544
181068621,102.509,87.8031,534,23074,0.0391471,0.01,1,2451270,2450736,534
181071541,42.2036,102.921,423,23166,0.0336588,0.01,1,2451272,2450849,423
181074461,70.2814,42.3685,510,23258,0.0314635,0.03,1,2451361,2450851,510
181077381,46.7126,69.7474,453,23349,0.0305854,0.03,1,2451392,2450939,453
181080301,36.085,46.499,451,23440,0.0302342,0.07,1,2451421,2450970,451
181083221,39.034,34.1996,466,23530,0.0780937,0.11,1,2451462,2450996,466
181086141,87.0136,37.6798,545,23620,0.0492375,0.03,1,2451581,2451036,545
181089061,100.805,88.2719,533,23710,0.025695,0.03,1,2451691,2451158,533
181091981,41.5222,102.509,423,23799,0.016278,0.03,1,2451693,2451270,423
181094901,70.0089,42.2035,510,23888,0.0125112,0.03,1,2451782,2451272,510
181097821,47.2035,70.2814,453,23977,0.0350045,0.03,1,2451814,2451361,453
181100741,20.0814,46.7126,424,24065,0.0560018,0.03,1,2451816,2451392,424
181103661,26.6326,36.085,426,24153,0.0884007,0.11,1,2451847,2451421,426
181106581,35.853,39.034,427,24241,0.0893603,0.03,1,2451889,2451462,427
181109501,83.3412,87.0136,423,24328,0.0357441,0.01,1,2452004,2451581,423
181112421,98.7365,100.805,422,24415,0.0322976,0.01,1,2452113,2451691,422
181115341,40.6946,41.5222,422,24502,0.0549191,0.01,1,2452115,2451693,422
181118261,70.2778,70.0089,423,24588,0.0519676,0.05,1,2452205,2451782,423
181121181,48.5111,47.2035,425,24674,0.038787,0.07,1,2452239,2451814,425
181124101,20.6045,20.0814,425,24760,0.0335148,0.11,1,2452241,2451816,425
181127021,26.8418,26.6326,425,24846,0.0674059,0.09,1,2452272,2451847,425
181129941,36.5367,35.853,426,24931,0.0449624,0,1,2452315,2451889,426
181132861,81.2147,83.3412,422,25016,0.0479849,0.03,1,2452426,2452004,422
181135781,97.8859,98.7365,422,25101,0.085194,0.07,1,2452535,2452113,422
181141621,70.1417,70.2778,422,25269,0.082031,0.03,1,2452627,2452205,422
181144541,49.6567,48.5111,424,25353,0.0868124,0.03,1,2452663,2452239,424
181147461,21.0627,20.6045,424,25437,0.088725,0.03,1,2452665,2452241,424
181150381,26.4251,8.24178,454,25520,0.06549,0.09,1,2452695,2452241,454
181153301,35.77,21.8967,465,25603,0.056196,0.03,1,2452737,2452272,465
181156221,80.308,34.5587,532,25686,0.0524784,0.05,1,2452847,2452315,532
181159141,99.3232,80.4235,533,25768,0.0749914,0.11,1,2452959,2452426,533
181162061,40.9293,97.5694,426,25850,0.0839965,0.11,1,2452961,2452535,426
181164981,69.1717,40.2278,512,25932,0.0755986,0.07,1,2453049,2452537,512
181167901,49.8687,70.0911,459,26014,0.0602394,0.09,1,2453086,2452627,459
181170821,21.1475,49.6364,425,26095,0.0540958,0.09,1,2453088,2452663,425
181173741,26.459,21.0546,453,26176,0.0636383,0.05,1,2453118,2452665,453
181176661,36.3836,26.4218,466,26257,0.0914553,0.05,1,2453161,2452695,466
181182501,100.381,80.3075,537,26418,0.205433,0.09,1,2453384,2452847,537
181185421,41.3525,99.323,427,26498,0.232173,0.09,1,2453386,2452959,427
181188341,68.741,40.9292,512,26578,0.254869,0.07,1,2453473,2452961,512
181191261,49.0964,69.1717,460,26658,0.287948,0.05,1,2453509,2453049,460
181205861,73.1239,79.9534,430,27053,0.40347,0.25,1,2453700,2453270,430
181208781,100.05,100.381,434,27131,0.431388,0.25,1,2453818,2453384,434
181211701,41.2198,41.3525,434,27209,0.418555,0.27,1,2453820,2453386,434
181214621,69.8879,68.741,436,27287,0.449422,0.31,1,2453909,2453473,436
181261341,101.645,70.5214,566,28503,0.753622,0.61,2,2454709,2454143,566
181264261,41.8581,98.4086,451,28577,0.775449,0.61,2,2454711,2454260,451
181270101,53.4973,71.4254,492,28725,0.797272,0.67,2,2454846,2454354,492
181273021,22.5989,51.3701,456,28799,0.792909,0.71,2,2454848,2454392,456
181287621,104.557,74.112,580,29165,0.938196,0.79,2,2455169,2454589,580
181401501,108.171,68.5782,621,31874,0.922,1,2,2457087,2456466,621
181413181,39.2588,36.3828,533,32138,0.796355,1,2,2457219,2456686,533
181421941,29.2726,36.6965,504,32336,0.433287,1,1,2457314,2456810,504
181430701,102.169,63.4286,608,32531,0.0735703,0.87,1,2457557,2456949,608
181433621,58.8678,108.171,500,32596,0.0294281,0.88,1,2457587,2457087,500
181436541,40.9471,63.6686,495,32661,0.0177713,0.86,1,2457616,2457121,495
181439461,28.9788,42.8674,487,32726,0.0251085,0.81,1,2457637,2457150,487
181442381,12.7915,32.147,464,32791,0.0400434,0.77,1,2457639,2457175,464
181445301,28.5166,39.2588,459,32856,0.0340174,0.57,1,2457678,2457219,459
181448221,28.8066,36.7035,453,32920,0.0316069,0.39,1,2457707,2457254,453
181451141,28.9227,35.6814,447,32984,0.0426428,0.39,1,2457736,2457289,447
181454061,23.5691,29.2726,442,33048,0.0350571,0.29,1,2457756,2457314,442
181456981,26.8276,33.309,435,33112,0.0140228,0.05,1,2457785,2457350,435
181459901,49.731,58.9236,424,33176,0.0476091,0.01,1,2457850,2457426,424
181462821,97.8924,102.169,423,33240,0.0250437,0,1,2457980,2457557,423
181465741,57.157,58.8678,423,33304,0.0280175,0.01,1,2458010,2457587,423
181468661,40.2628,40.9471,423,33368,0.011207,0.03,1,2458039,2457616,423
181471581,28.1051,28.9788,422,33431,0.0584828,0.05,1,2458059,2457637,422
181474501,12.442,12.7915,422,33494,0.0773931,0.03,1,2458061,2457639,422
181477421,28.3768,28.5166,422,33557,0.0609572,0.03,1,2458100,2457678,422
181480341,28.7507,28.8066,422,33620,0.0303829,0.05,1,2458129,2457707,422
181483261,29.5003,28.9227,423,33683,0.0301532,0.03,1,2458159,2457736,423
181486181,23.2001,23.5691,422,33746,0.0420613,0,1,2458178,2457756,422
181489101,26.68,26.8276,422,33809,0.0348245,0.07,1,2458207,2457785,422
181492021,50.872,49.731,424,33872,0.0439298,0.01,1,2458274,2457850,424
181494941,97.1488,97.8924,422,33934,0.0475719,0.03,1,2458402,2457980,422
181497861,56.8595,57.157,422,33996,0.0250288,0,1,2458432,2458010,422
181500781,40.1438,40.2628,422,34058,0.0100115,0.09,1,2458461,2458039,422
181503701,29.2575,28.1051,424,34120,0.0220046,0.09,1,2458483,2458059,424
181506621,12.903,12.442,424,34182,0.0268018,0.05,1,2458485,2458061,424
181509541,27.3612,28.3768,422,34244,0.0407207,0.05,1,2458522,2458100,422
181512461,27.7445,11.3507,450,34306,0.0582883,0.01,1,2458550,2458100,450
181515381,29.0978,21.9403,451,34368,0.0653153,0.03,1,2458580,2458129,451
181518301,24.2391,26.7761,442,34430,0.0561261,0.05,1,2458601,2458159,442
181521221,25.8956,22.1104,450,34491,0.0644505,0.03,1,2458628,2458178,450
181524141,52.3583,26.2442,491,34552,0.0317802,0.05,1,2458698,2458207,491
181527061,95.9433,50.6977,549,34613,0.0307121,0.05,1,2458823,2458274,549
181529981,56.3773,97.0791,451,34674,0.0182848,0.01,1,2458853,2458402,451
181532901,39.9509,56.8316,450,34735,0.0253139,0,1,2458882,2458432,450
181535821,29.1804,40.1327,443,34796,0.0101256,0.03,1,2458904,2458461,443
181538741,12.8721,29.2531,423,34857,0.0100502,0.03,1,2458906,2458483,423
181541661,27.3489,12.9012,458,34918,0.0100201,0.05,1,2458943,2458485,458
181544581,28.3395,27.3605,450,34979,0.046008,0.07,1,2458972,2458522,450
181547501,29.3358,27.7442,452,35039,0.0724032,0.07,1,2459002,2458550,452
181550421,24.9343,29.0977,444,35099,0.0949613,0.05,1,2459024,2458580,444
181562101,56.5007,95.9433,452,35339,0.063343,0.01,1,2459275,2458823,452
181565021,39.4003,56.3773,450,35399,0.0313372,0.03,1,2459303,2458853,450
181567941,29.5601,39.9509,444,35459,0.0125349,0,1,2459326,2458882,444
181570861,13.024,29.1804,424,35519,0.011014,0.01,1,2459328,2458904,424
181573781,26.8096,12.8721,458,35579,0.0224056,0.01,1,2459364,2458906,458
181576701,29.9238,27.3489,453,35638,0.0269622,0.07,1,2459396,2458943,453
181579621,30.5695,28.3395,455,35697,0.0647849,0.09,1,2459427,2458972,455
181582541,13.4278,29.3358,427,35756,0.079914,0.11,1,2459429,2459002,427
181614661,32.9615,30.5695,427,36401,0.0788825,0.09,1,2459854,2459427,427
181617581,14.3846,13.4278,427,36459,0.061553,0.15,1,2459856,2459429,427
181620501,18.9538,18.5711,427,36517,0.0426212,0.09,1,2459878,2459451,427
181623421,23.1815,23.6285,426,36575,0.0350485,0.13,1,2459904,2459478,426
181626341,51.8726,52.0514,426,36633,0.0680194,0.13,1,2459975,2459549,426
181646781,28.7509,29.9036,425,37035,0.217519,0.05,1,2460244,2459819,425
181649701,30.7003,32.9615,422,37092,0.225008,0.05,1,2460276,2459854,422
181652621,13.4801,14.3846,422,37149,0.204003,0.05,1,2460278,2459856,422
181658461,23.0368,15.5015,448,37263,0.20424,0.03,1,2460326,2459878,448
181661381,52.4147,21.8006,494,37320,0.231696,0.09,1,2460398,2459904,494
181664301,96.5659,51.3202,549,37377,0.266678,0.15,1,2460524,2459975,549
181667221,57.8264,94.3281,458,37434,0.292671,0.13,1,2460556,2460098,458
181687661,13.6156,30.7,432,37826,0.404576,0.19,1,2460708,2460276,432
181690581,18.6462,13.48,452,37882,0.40783,0.19,1,2460730,2460278,452
181693501,23.6585,18.592,457,37938,0.421132,0.21,1,2460757,2460300,457
181746061,29.9084,29.4215,451,38928,0.761411,0.59,2,2461495,2461044,451
181748981,13.1633,12.9686,451,38982,0.766564,0.57,2,2461497,2461046,451
181751901,27.4653,26.1874,453,39036,0.768626,0.61,2,2461534,2461081,453
181754821,31.9861,30.275,455,39090,0.79345,0.65,2,2461569,2461114,455
181778181,60.1387,59.4272,457,39522,0.907121,0.77,2,2461900,2461443,457
181784021,30.2622,29.9084,458,39628,0.911939,0.77,2,2461953,2461495,458
181786941,13.3049,13.1633,458,39681,0.922776,0.77,2,2461955,2461497,458
181795701,33.2755,31.9945,463,39840,0.926178,0.83,2,2462064,2461601,463
181798621,14.5102,13.9978,463,39893,0.916471,0.83,2,2462066,2461603,463
181801541,19.0041,18.7991,463,39946,0.924588,0.81,2,2462088,2461625,463
181970901,133.807,142.183,485,19203,0.44824,0.73,1,2464346,2463861,485
181973821,99.7229,91.6733,504,19314,0.425296,0.63,1,2464423,2463919,504
182005941,88.7156,125.902,513,20490,0.778605,0.63,2,2465238,2464725,513
182023461,54.204,130.287,462,21103,0.928362,0.81,2,2465639,2465177,462
182137341,40.4016,40.5204,488,24721,0.0436036,0.99,1,2468174,2467686,488
182140261,34.1606,36.6082,484,24807,0.0354414,1,1,2468204,2467720,484
182143181,36.4642,46.4433,469,24892,0.0561766,0.81,1,2468242,2467773,469
182146101,42.7857,49.7773,464,24977,0.0524706,0.33,1,2468289,2467825,464
182149021,103.514,124.311,434,25062,0.0269883,0.23,1,2468433,2467999,434
182151941,60.0057,72.5244,427,25147,0.0287953,0.09,1,2468464,2468037,427
182154861,60.0023,68.0097,422,25231,0.0775181,0.05,1,2468524,2468102,422
182157781,47.4009,50.0039,423,25315,0.0610072,0,1,2468563,2468140,423
182160701,39.3604,40.4016,423,25399,0.0304029,0.03,1,2468597,2468174,423
182163621,33.1441,34.1606,422,25482,0.0541612,0.03,1,2468626,2468204,422
182166541,36.6577,13.6642,461,25565,0.0516645,0.07,1,2468665,2468204,461
182169461,42.2631,28.2657,469,25648,0.0866658,0.05,1,2468711,2468242,469
182172381,102.705,39.5063,565,25731,0.0766663,0.01,1,2468854,2468289,565
182175301,59.6821,102.203,452,25813,0.0726665,0.03,1,2468885,2468433,452
182178221,60.4728,59.481,482,25895,0.0350666,0.11,1,2468946,2468464,482
182181141,46.9891,59.7924,460,25977,0.0560266,0.05,1,2468984,2468524,460
182184061,39.7957,47.317,456,26059,0.0284107,0.01,1,2469019,2468563,456
182186981,34.5183,39.3268,453,26140,0.0293643,0.07,1,2469050,2468597,453
182189901,36.6073,33.1307,462,26221,0.0417457,0.05,1,2469088,2468626,462
182192821,44.0429,36.6523,472,26302,0.0586983,0.11,1,2469137,2468665,472
182204501,46.0603,60.4727,460,26623,0.204495,0.07,1,2469406,2468946,460
182222021,101.32,102.817,428,27097,0.224888,0.15,1,2469707,2469279,428
182224941,59.1281,59.1269,429,27175,0.227955,0.19,1,2469738,2469309,429
182227861,61.4512,59.6507,432,27253,0.265182,0.23,1,2469801,2469369,432
182230781,47.3805,46.0603,433,27331,0.268073,0.19,1,2469839,2469406,433
182233701,38.1522,40.0241,429,27408,0.293229,0.17,1,2469871,2469442,429
182262901,34.8428,33.8609,437,28171,0.400018,0.35,1,2470339,2469902,437
182271661,37.6539,36.8951,439,28396,0.414641,0.35,1,2470432,2469993,439
182274581,102.662,14.758,585,28471,0.435856,0.37,1,2470578,2469993,585
182312541,40.5637,48.4502,483,29422,0.76028,0.59,2,2471195,2470712,483
182315461,36.0255,39.1801,483,29494,0.766112,0.57,2,2471228,2470745,483
182327141,107.573,38.7982,604,29780,0.926764,0.65,2,2471476,2470872,604
182476061,94.5982,106.532,487,33209,0.94,1,2,2473864,2473377,487
182484821,42.7983,46.2261,484,33400,0.91816,1,2,2473976,2473492,484
182487741,41.1193,41.8904,485,33463,0.919264,1,2,2474016,2473531,485
182490661,39.8477,36.5562,491,33526,0.781706,1,2,2474055,2473564,491
182499421,38.0943,36.9716,493,33715,0.299389,1,1,2474156,2473663,493
182505261,31.8951,33.9955,488,33841,0.0683023,0.9,1,2474217,2473729,488
182508181,95.558,94.5982,491,33903,0.0453209,1,1,2474355,2473864,491
182511101,62.2232,61.2393,492,33965,0.0361284,1,1,2474395,2473903,492
182514021,38.0893,42.4957,484,34027,0.0204513,0.87,1,2474417,2473933,484
182516941,33.2357,42.7983,471,34089,0.0261805,0.92,1,2474447,2473976,471
182519861,34.2943,41.1193,466,34151,0.0404722,0.69,1,2474482,2474016,466
182522781,26.9177,39.8477,449,34213,0.0341889,0.69,1,2474504,2474055,449
182525701,25.1671,15.9391,473,34275,0.0316756,0.61,1,2474528,2474055,473
182528621,23.8668,23.7756,467,34337,0.0666702,0.47,1,2474551,2474084,467
182531541,31.1467,26.9103,474,34399,0.0566681,0.13,1,2474587,2474113,474
182534461,25.6587,36.5641,453,34460,0.0886672,0.01,1,2474609,2474156,453
182537381,28.2635,32.6256,453,34521,0.0534669,0.03,1,2474639,2474186,453
182540301,94.7054,31.6503,561,34582,0.0753868,0.03,1,2474778,2474217,561
182543221,61.8822,95.4601,463,34643,0.0961547,0.03,1,2474818,2474355,463
182546141,36.7529,62.184,443,34704,0.0384619,0.01,1,2474838,2474395,443
182549061,32.7011,38.0736,451,34765,0.0453847,0.03,1,2474868,2474417,451
182551981,34.0805,33.2294,456,34826,0.0601539,0.05,1,2474903,2474447,456
182554901,26.8322,34.2918,443,34887,0.0540616,0.03,1,2474925,2474482,443
182557821,25.7329,26.9167,446,34948,0.0396246,0.03,1,2474950,2474504,446
182560741,24.6931,25.1667,446,35008,0.0458498,0.09,1,2474974,2474528,446
182563661,32.0773,23.8667,460,35068,0.0963399,0.05,1,2475011,2474551,460
182566581,26.0309,31.1467,446,35128,0.092536,0.11,1,2475033,2474587,446
182569501,28.4124,25.6587,454,35188,0.0550144,0.03,1,2475063,2474609,454
182572421,95.9649,28.2635,565,35248,0.0520058,0.09,1,2475204,2474639,565
182575341,59.386,94.7054,461,35308,0.0868023,0.11,1,2475239,2474778,461
182578261,35.7544,61.8822,441,35368,0.0527209,0,1,2475259,2474818,441
182581181,33.5018,36.7529,453,35428,0.0510884,0.05,1,2475291,2474838,453
182584101,34.4007,32.7011,458,35488,0.0384353,0.07,1,2475326,2474868,458
182587021,27.5603,34.0805,446,35548,0.0213741,0.05,1,2475349,2474903,446
182589941,24.8241,26.8322,447,35607,0.0265497,0.03,1,2475372,2474925,447
182592861,24.9296,25.7329,447,35666,0.0526199,0.05,1,2475397,2474950,447
182595781,11.1719,24.6931,425,35725,0.0630479,0.13,1,2475399,2474974,425
182598701,28.4687,32.0773,428,35784,0.0912192,0.09,1,2475439,2475011,428
182604541,26.155,28.4124,424,35902,0.0757951,0.05,1,2475487,2475063,424
182607461,95.062,95.9649,424,35961,0.060318,0.11,1,2475628,2475204,424
182610381,60.8248,59.386,427,36020,0.0421272,0.03,1,2475666,2475239,427
182613301,34.5299,35.7544,424,36079,0.0228509,0.05,1,2475683,2475259,424
182616221,33.012,33.5018,424,36138,0.0271404,0.03,1,2475715,2475291,424
182619141,33.6048,34.4007,423,36196,0.0408561,0.01,1,2475749,2475326,423
182622061,27.8419,27.5603,424,36254,0.0463425,0.03,1,2475773,2475349,424
182624981,24.9368,24.8241,424,36312,0.060537,0.07,1,2475796,2475372,424
182627901,25.5747,24.9296,425,36370,0.0662148,0.07,1,2475822,2475397,425
182630821,11.4299,11.1719,425,36428,0.0684859,0.11,1,2475824,2475399,425
182642501,93.2638,95.062,423,36660,0.0703452,0.03,1,2476051,2475628,423
182645421,60.1055,60.8248,423,36718,0.0581381,0.01,1,2476089,2475666,423
182648341,33.6422,34.5299,422,36776,0.0292552,0.03,1,2476105,2475683,422
182651261,33.2569,33.012,423,36833,0.0657021,0.05,1,2476138,2475715,423
182654181,34.3028,33.6048,424,36890,0.0682808,0.05,1,2476173,2475749,424
182657101,28.1211,27.8419,424,36947,0.0693123,0.07,1,2476197,2475773,424
182660021,24.4484,24.9368,423,37004,0.0817249,0.07,1,2476219,2475796,423
182671701,24.4531,12.1488,446,37232,0.0879642,0.15,1,2476313,2475867,446
182674621,25.3812,16.8595,452,37289,0.0891857,0.13,1,2476339,2475887,452
182677541,89.9525,21.7438,560,37346,0.0416743,0.03,1,2476472,2475912,560
182680461,58.781,92.0975,459,37403,0.0586697,0.05,1,2476510,2476051,459
182683381,33.1124,59.639,437,37459,0.0654679,0.01,1,2476526,2476089,437
182686301,34.245,33.4556,456,37515,0.0441872,0.09,1,2476561,2476105,456
182689221,34.098,33.1822,457,37571,0.0356749,0.07,1,2476595,2476138,457
182692141,28.0392,34.2729,446,37627,0.0442699,0.07,1,2476619,2476173,446
182695061,25.0157,28.1092,445,37683,0.059708,0.09,1,2476642,2476197,445
182697981,28.0063,24.4437,453,37739,0.0658832,0.13,1,2476672,2476219,453
182700901,12.4025,26.5775,427,37795,0.0683533,0.13,1,2476674,2476247,427
182703821,30.761,11.831,468,37851,0.0933413,0.11,1,2476717,2476249,468
182712581,88.3687,25.3812,555,38019,0.0844538,0.01,1,2476894,2476339,555
182715501,59.3475,89.9525,462,38075,0.0637815,0.07,1,2476934,2476472,462
182718421,32.139,58.781,438,38130,0.0555126,0.07,1,2476948,2476510,438
182721341,33.8556,33.1124,457,38185,0.040205,0.03,1,2476983,2476526,457
182724261,34.5422,34.245,457,38240,0.046082,0.03,1,2477018,2476561,457
182727181,28.2169,34.098,447,38295,0.0604328,0.05,1,2477042,2476595,447
182730101,25.6868,28.0392,447,38350,0.0781731,0.07,1,2477066,2476619,447
182750541,82.7361,88.3687,424,38735,0.221134,0.05,1,2477318,2476894,424
182753461,57.0944,59.3475,424,38790,0.274454,0.05,1,2477358,2476934,424
182788501,85.9961,82.7361,435,39438,0.426431,0.31,1,2477753,2477318,435
182791421,60.1984,57.0944,438,39492,0.440572,0.37,1,2477796,2477358,438
182794341,32.4794,31.2378,438,39545,0.446229,0.35,1,2477810,2477372,438
182800181,35.1967,35.358,438,39651,0.442197,0.33,1,2477881,2477443,438
182820621,11.8214,11.7256,439,40022,0.426159,0.37,1,2478035,2477596,439
182823541,22.7285,21.4902,441,40075,0.440464,0.37,1,2478065,2477624,441
182870261,33.4942,59.3166,461,40910,0.759323,0.51,2,2478698,2478237,461
182873181,36.1977,32.1266,485,40962,0.765729,0.55,2,2478736,2478251,485
182876101,36.6791,34.4506,486,41014,0.780292,0.57,2,2478773,2478287,486
182879021,29.6716,35.3803,475,41065,0.798117,0.59,2,2478798,2478323,475
182890701,33.318,12.7233,498,41269,0.797696,0.59,2,2478903,2478405,498
182902381,93.5697,22.7225,593,41473,0.934773,0.75,2,2479099,2478506,593
183118461,46.3119,41.2671,513,45083,0.791766,1,2,2481629,2481116,513
183182701,289.45,339.377,445,20440,0.206933,0.21,1,2482264,2481819,445
183188541,118.192,116.7,459,21370,0.0799093,0.03,1,2482421,2481962,459
183191461,99.4768,101.28,455,21469,0.0619637,0.01,1,2482508,2482053,455
183194381,90.7907,90.912,456,21568,0.0667855,0,1,2482593,2482137,456
183197301,68.7163,57.3648,475,21666,0.0447142,0.01,1,2482647,2482172,475
183200221,40.0865,66.7459,423,21764,0.0358857,0,1,2482668,2482245,423
183203141,26.8346,28.4984,438,21861,0.0323543,0.07,1,2482686,2482248,438
183206061,50.9338,58.1994,427,21958,0.0669417,0.05,1,2482753,2482326,427
183208981,74.3735,80.2797,422,22055,0.0567767,0.05,1,2482843,2482421,422
183211901,82.5494,84.3119,423,22151,0.0647107,0.07,1,2482931,2482508,423
183214821,85.2198,84.7248,425,22247,0.0798843,0.03,1,2483018,2482593,425
183217741,65.8879,66.2899,424,22342,0.0499537,0.03,1,2483071,2482647,424
183220661,37.7552,39.116,422,22437,0.0499815,0.03,1,2483090,2482668,422
183223581,26.5021,26.4464,423,22532,0.0619926,0.03,1,2483109,2482686,423
183226501,50.8008,10.5786,490,22626,0.078797,0.09,1,2483176,2482686,490
183229421,73.1203,44.4314,511,22720,0.0735188,0.05,1,2483264,2482753,511
183232341,84.4481,71.7726,513,22813,0.0594075,0.07,1,2483356,2482843,513
183235261,84.7793,81.509,510,22906,0.053763,0.09,1,2483441,2482931,510
183238181,65.1117,84.8036,475,22999,0.0635052,0.03,1,2483493,2483018,475
183241101,36.8447,65.7214,440,23091,0.0794021,0.05,1,2483511,2483071,440
183244021,26.7379,37.6886,441,23183,0.0617608,0.07,1,2483531,2483090,441
183246941,52.6951,26.4754,492,23274,0.0787043,0.09,1,2483601,2483109,492
183255701,85.5725,84.4464,508,23546,0.0686371,0.05,1,2483864,2483356,508
183258621,66.029,84.7786,476,23636,0.0334548,0.07,1,2483917,2483441,476
183261541,36.6116,65.1114,441,23726,0.0433819,0.09,1,2483934,2483493,441
183264461,26.6446,36.8446,443,23815,0.0473528,0.05,1,2483954,2483511,443
183267381,54.4579,26.7378,496,23904,0.0249411,0.09,1,2484027,2483531,496
183270301,22.9831,52.6951,428,23993,0.0279764,0.15,1,2484029,2483601,428
183273221,60.7933,72.0781,429,24081,0.0771906,0.13,1,2484115,2483686,429
183276141,78.3173,83.4312,428,24169,0.0728762,0.03,1,2484205,2483777,428
183279061,81.1269,85.5725,424,24257,0.0471505,0.01,1,2484288,2483864,424
183281981,63.6508,66.029,423,24344,0.0728602,0.05,1,2484340,2483917,423
183284901,36.2603,36.6116,424,24431,0.0951441,0.05,1,2484358,2483934,424
183299501,78.3953,78.3173,425,24862,0.220824,0.03,1,2484630,2484205,425
183302421,79.9581,81.1269,423,24947,0.23833,0.09,1,2484711,2484288,423
183305341,63.7832,63.6508,424,25032,0.293332,0.11,1,2484764,2484340,424
183319941,62.6394,62.4883,427,25453,0.441272,0.15,1,2484968,2484541,427
183381261,30.9107,38.9984,459,27146,0.768315,0.75,2,2486126,2485667,459
183384181,24.9643,27.5994,460,27224,0.769326,0.75,2,2486147,2485687,460
183387101,56.1857,57.8398,459,27302,0.79373,0.75,2,2486224,2485765,459
183395861,85.8679,86.5737,458,27534,0.925599,0.71,2,2486421,2485963,458
183398781,85.3472,86.2295,457,27611,0.940239,0.71,2,2486506,2486049,457
183401701,35.3389,35.6918,457,27688,0.946096,0.75,2,2486508,2486051,457
183524341,34.0024,39.6856,489,30733,0.767642,1,2,2488602,2488113,489
183533101,87.3522,86.1079,490,30940,0.403609,1,1,2488809,2488319,490
183538941,62.0963,68.7373,469,31076,0.260177,0.97,1,2488912,2488443,469
183541861,44.6385,49.0949,466,31144,0.206071,0.83,1,2488945,2488479,466
183553541,30.6627,23.5624,493,31415,0.215851,0.73,1,2489059,2488566,493
183559381,46.906,28.01,513,31549,0.201336,0.55,1,2489141,2488628,513
183562301,78.7624,54.404,541,31616,0.242534,0.27,1,2489241,2488700,541
183565221,56.105,87.1616,473,31683,0.259014,0.29,1,2489282,2488809,473
183579821,33.612,28.1402,465,32015,0.401081,0.17,1,2489460,2488995,465
183582741,31.4448,31.6561,461,32081,0.430432,0.25,1,2489490,2489029,461
183585661,23.9779,30.6624,450,32147,0.442173,0.17,1,2489509,2489059,450
183606101,28.1708,31.5747,465,32605,0.444202,0.41,1,2489863,2489398,465
183609021,35.2683,27.0299,481,32670,0.435681,0.41,1,2489903,2489422,481
183611941,32.1073,33.612,473,32735,0.420272,0.45,1,2489933,2489460,473
183614861,14.0429,31.4448,445,32800,0.414109,0.45,1,2489935,2489490,445
183617781,16.4172,23.9779,444,32864,0.435644,0.51,1,2489953,2489509,444
183655741,81.9465,79.4267,448,33690,0.777142,0.57,2,2490568,2490120,448
183658661,57.3786,55.7707,449,33753,0.796857,0.59,2,2490609,2490160,449
183673261,35.0016,33.7468,452,34065,0.913296,0.67,2,2490796,2490344,452
183676181,33.8007,32.0987,454,34127,0.923318,0.67,2,2490829,2490375,454
183679101,14.7203,14.0395,454,34189,0.927327,0.69,2,2490831,2490377,454
183682021,16.6881,16.4158,454,34251,0.928931,0.69,2,2490849,2490395,454
183915621,37.1588,36.8765,499,38880,0.932788,1,2,2494163,2493664,499
183918541,31.6635,35.7506,492,38934,0.907115,1,2,2494191,2493699,492
183924381,39.6262,34.7601,509,39042,0.751138,1,2,2494275,2493766,509
183947741,28.2968,31.2424,469,39474,0.439752,0.93,1,2494555,2494086,469
183950661,32.9187,35.8969,466,39528,0.445901,0.92,1,2494591,2494125,466
183953581,35.9675,37.1588,466,39581,0.44836,0.89,1,2494629,2494163,466
183956501,29.987,31.6635,464,39634,0.437344,0.75,1,2494655,2494191,464
183959421,38.3948,39.0654,464,39687,0.432938,0.71,1,2494699,2494235,464
183962341,38.1579,39.6262,462,39740,0.419175,0.61,1,2494737,2494275,462
183965261,27.8632,33.8505,453,39793,0.40167,0.65,1,2494758,2494305,453
183968181,24.3453,27.9402,451,39846,0.406668,0.51,1,2494780,2494329,451
183971101,35.5381,40.5761,445,39899,0.420667,0.51,1,2494823,2494378,445
184073301,29.6292,30.4359,456,41712,0.773364,0.69,2,2496000,2495544,456
184093741,45.9224,44.8111,460,42064,0.908885,0.75,2,2496257,2495797,460
184096661,51.369,52.7244,457,42114,0.909554,0.71,2,2496312,2495855,457
184099581,27.7476,28.2898,457,42164,0.909822,0.69,2,2496324,2495867,457
184102501,26.699,27.5159,456,42214,0.933929,0.69,2,2496350,2495894,456
184105421,11.8796,12.2064,456,42264,0.919571,0.73,2,2496352,2495896,456
184108341,28.1518,27.6825,457,42314,0.937829,0.77,2,2496391,2495934,457
184111261,35.8607,35.073,458,42364,0.945131,0.79,2,2496432,2495974,458
184379901,30.991,22.3964,535,46723,0.94,1,2,2499488,2498953,535
184436841,118.681,127.98,484,22093,0.261424,0.57,1,2500200,2499716,484
184439761,80.4725,93.7919,468,22189,0.23057,0.39,1,2500255,2499787,468
184442681,81.389,84.3168,472,22285,0.254228,0.33,1,2500337,2499865,472
184445601,58.3556,64.9267,463,22380,0.275691,0.09,1,2500380,2499917,463
184448521,53.3422,61.9707,453,22475,0.272276,0.23,1,2500430,2499977,453
184451441,35.7369,43.9883,445,22569,0.270911,0.21,1,2500454,2500009,445
184454361,74.8948,29.5953,526,22663,0.282364,0.17,1,2500555,2500029,526
184463121,75.4253,61.9661,516,22943,0.405671,0.27,1,2500771,2500255,516
184501081,61.2886,77.7537,457,24117,0.794475,0.71,2,2501527,2501070,457
184515681,37.0846,36.634,457,24554,0.900369,0.75,2,2501793,2501336,457
184518601,82.0338,80.0536,460,24640,0.942148,0.75,2,2501905,2501445,460
184606201,52.4072,55.8642,485,27102,0.946,1,2,2503600,2503115,485
184626641,44.733,38.0451,497,27644,0.437849,1,1,2503976,2503479,497
184629561,52.6932,59.0181,482,27721,0.42114,0.91,1,2504034,2503552,482
184638321,33.1324,37.3052,472,27949,0.298393,0.71,1,2504158,2503686,472
184641241,70.8529,83.3221,454,28025,0.293357,0.59,1,2504254,2503800,454
184667521,69.3858,31.1089,529,28698,0.43391,0.29,1,2504687,2504158,529
184711321,58.1269,51.9015,511,29785,0.792789,0.57,2,2505422,2504911,511
184723001,68.8608,71.6823,454,30069,0.914487,0.65,2,2505585,2505131,454
184725921,51.5443,52.6729,454,30139,0.923795,0.65,2,2505625,2505171,454
184743441,25.5636,24.4508,463,30558,0.948458,0.87,2,2505887,2505424,463
184860241,55.4081,62.4393,476,33214,0.926166,1,2,2507774,2507298,476
184869001,34.5061,28.2601,500,33405,0.770395,1,2,2507885,2507385,500
184874841,43.921,41.2416,501,33531,0.410063,1,1,2507994,2507493,501
184880681,41.7074,35.8787,507,33657,0.22521,1,1,2508068,2507561,507
184886521,42.1932,43.3006,485,33783,0.0948336,1,1,2508150,2507665,485
184889441,42.6773,45.5202,481,33846,0.0799334,0.89,1,2508193,2507712,481
184892361,48.8709,55.4081,472,33908,0.0739734,0.97,1,2508246,2507774,472
184895281,41.7484,49.1632,464,33970,0.0595893,0.75,1,2508283,2507819,464
184898201,35.8993,41.2653,460,34032,0.0418357,0.73,1,2508315,2507855,460
184901121,29.9597,34.5061,456,34094,0.0347343,0.47,1,2508341,2507885,456
184904041,49.7839,58.8024,444,34156,0.0558937,0.29,1,2508404,2507960,444
184906961,37.3136,43.921,439,34218,0.0763575,0.29,1,2508433,2507994,439
184909881,27.5254,17.5684,460,34280,0.048543,0.29,1,2508454,2507994,460
184912801,35.0102,23.2274,473,34342,0.0614172,0.15,1,2508494,2508021,473
184915721,36.2041,37.4909,463,34404,0.0665669,0.07,1,2508531,2508068,463
184918641,40.8816,37.7964,469,34465,0.0686268,0.07,1,2508575,2508106,469
184921561,40.3527,41.5186,465,34526,0.0934507,0.07,1,2508615,2508150,465
184942001,27.2603,37.3125,443,34953,0.202,0.03,1,2508876,2508433,443
184944921,36.7041,27.525,465,35013,0.2308,0.07,1,2508919,2508454,465
184947841,36.2817,35.01,461,35073,0.26632,0.07,1,2508955,2508494,461
184950761,40.9127,36.204,468,35133,0.280528,0.07,1,2508999,2508531,468
184953681,40.3651,40.8816,464,35193,0.286211,0.11,1,2509039,2508575,464
184956601,49.146,40.3526,479,35253,0.276484,0.17,1,2509094,2508615,479
184959521,43.0584,47.3411,466,35313,0.272594,0.13,1,2509133,2508667,466
184977041,37.78,27.2603,476,35671,0.405778,0.25,1,2509352,2508876,476
184979961,16.312,36.7041,435,35730,0.420311,0.29,1,2509354,2508919,435
185047121,41.64,40.1883,455,37066,0.755305,0.65,2,2510251,2509796,455
185050041,17.856,17.2753,455,37123,0.764122,0.71,2,2510253,2509798,455
185052961,32.3424,30.9101,457,37180,0.767649,0.71,2,2510295,2509838,457
185061721,49.5899,37.6182,511,37351,0.761209,0.75,2,2510436,2509925,511
185076321,39.0038,52.47,486,37632,0.913104,0.75,2,2510633,2510147,486
185079241,31.8015,38.988,483,37688,0.935241,0.73,2,2510660,2510177,483
185088001,32.3233,17.8552,499,37856,0.943775,0.77,2,2510752,2510253,499
185090921,39.9293,32.3421,502,37912,0.93551,0.73,2,2510797,2510295,502
185242761,31.2304,25.6998,512,40707,0.217802,0.95,1,2512748,2512236,512
185251521,33.5107,37.1888,503,40863,0.0852193,0.82,1,2512843,2512340,503
185271961,34.1977,38.8734,473,41223,0.201079,0.31,1,2513097,2512624,473
185274881,30.4791,38.3494,463,41274,0.206432,0.41,1,2513125,2512662,463
185280721,28.7567,25.5759,462,41376,0.240629,0.15,1,2513175,2512713,462
185283641,23.5027,31.2304,447,41427,0.234252,0.13,1,2513195,2512748,447
185286561,32.8011,25.6921,464,41478,0.267701,0.07,1,2513234,2512770,464
185289481,33.5204,34.2769,458,41529,0.26908,0.07,1,2513268,2512810,458
185292401,14.6082,33.5107,427,41580,0.269632,0.11,1,2513270,2512843,427
185304081,39.182,39.3395,431,41784,0.423879,0.19,1,2513432,2513001,431
185420881,33.1157,31.7625,483,43757,0.755369,0.55,2,2514680,2514197,483
185435481,35.8361,31.7652,488,43997,0.915732,0.59,2,2514873,2514385,488
185657401,28.9647,33.4978,501,47503,0.946,1,2,2517283,2516782,501
185663241,35.5943,32.7196,510,47591,0.94816,1,2,2517358,2516848,510
185666161,31.0377,35.2879,501,47635,0.931264,1,2,2517386,2516885,501
185672001,33.886,27.6061,512,47723,0.911002,1,2,2517448,2516936,512
185686601,33.1492,34.715,503,47943,0.429953,1,1,2517612,2517109,503
185695361,30.2976,29.1978,496,48075,0.269677,1,1,2517688,2517192,496
185698281,30.119,33.2791,490,48119,0.245871,1,1,2517718,2517228,490
185701201,21.6476,28.9116,480,48163,0.200348,0.91,1,2517734,2517254,480
185704121,24.859,28.9647,478,48207,0.218139,0.97,1,2517761,2517283,478
185707041,31.5436,34.9859,475,48251,0.225256,0.94,1,2517797,2517322,475
185709961,31.8174,35.5943,471,48295,0.216102,0.92,1,2517829,2517358,471
185742081,24.2307,30.2976,433,48772,0.0850859,0.23,1,2518121,2517688,433
185750841,22.6468,8.65904,456,48901,0.0671255,0.23,1,2518190,2517734,456
185753761,31.8587,19.6636,467,48944,0.0448502,0.23,1,2518228,2517761,467
185756681,29.5435,29.4654,459,48987,0.0479401,0.21,1,2518256,2517797,459
185759601,28.6174,30.9862,455,49030,0.073176,0.11,1,2518284,2517829,455
185762521,23.447,30.3945,445,49073,0.0832704,0.11,1,2518304,2517859,445
185765441,28.5788,23.5578,458,49116,0.0993082,0.11,1,2518336,2517878,458
185768361,30.6315,30.4231,455,49159,0.0817233,0.11,1,2518368,2517913,455
185771281,24.2526,29.5692,446,49202,0.0986893,0.13,1,2518388,2517942,446
185791721,25.436,24.2306,451,49503,0.215262,0.13,1,2518572,2518121,451
185794641,20.9744,25.2922,443,49546,0.236105,0.13,1,2518590,2518147,443
185797561,21.5898,22.1169,445,49589,0.244442,0.03,1,2518612,2518167,445
185800481,31.4359,22.6468,460,49631,0.271777,0.03,1,2518650,2518190,460
185803401,29.9744,31.8587,451,49673,0.294711,0.05,1,2518679,2518228,451
185818001,25.1037,30.6315,446,49883,0.408954,0.11,1,2518814,2518368,446
185820921,32.2415,24.2526,463,49925,0.445582,0.13,1,2518851,2518388,463
185891001,22.6671,21.8098,450,50929,0.751395,0.57,2,2519473,2519023,450
185893921,22.2669,21.9239,450,50970,0.750558,0.61,2,2519495,2519045,450
185896841,34.1067,32.7696,452,51011,0.774223,0.61,2,2519537,2519085,452
185943561,23.4707,22.2669,460,51667,0.901433,0.79,2,2519955,2519495,460
185969841,34.6406,27.0212,504,52035,0.902064,0.87,2,2520215,2519711,504
185972761,34.8563,36.0085,497,52075,0.906826,0.87,2,2520250,2519753,497
185975681,31.9425,35.4034,492,52115,0.92073,0.85,2,2520280,2519788,492
185978601,19.977,32.7614,473,52155,0.926292,0.85,2,2520292,2519819,473
186199061,68.3892,59.0096,522,25826,0.764529,0.51,2,2522765,2522243,522
186216581,63.623,65.7544,513,26315,0.939045,0.67,2,2523088,2522575,513
186350901,46.6262,40.7256,523,29793,0.259888,1,1,2525515,2524992,523
186356741,37.5802,51.1561,488,29935,0.097982,0.97,1,2525585,2525097,488
186394701,48.7497,50.2131,425,30842,0.216665,0.11,1,2526175,2525750,425
186397621,33.8999,33.8853,426,30911,0.212666,0.17,1,2526199,2525773,426
186400541,56.76,55.5541,428,30979,0.259066,0.11,1,2526271,2525843,428
186403461,35.304,36.6216,425,31047,0.265627,0.19,1,2526292,2525867,425
186406381,36.9216,35.0487,429,31115,0.280251,0.21,1,2526330,2525901,429
186409301,39.9686,38.6195,430,31183,0.2981,0.15,1,2526372,2525942,430
186412221,34.5875,35.8478,427,31251,0.29324,0.15,1,2526403,2525976,427
186420981,52.1336,46.4543,478,31454,0.419327,0.21,1,2526557,2526079,478
186423901,49.6534,47.9817,477,31521,0.449731,0.23,1,2526605,2526128,477
186470621,34.4384,40.623,481,32578,0.758871,0.61,2,2527289,2526808,481
186473541,35.9754,34.2492,488,32643,0.777548,0.61,2,2527326,2526838,488
186476461,59.3901,35.2997,527,32708,0.785019,0.67,2,2527401,2526874,527
186479381,24.9561,57.9199,456,32773,0.788008,0.69,2,2527403,2526947,456
186502741,34.8878,34.4384,460,33286,0.925077,0.79,2,2527749,2527289,460
186505661,36.7551,35.9754,461,33350,0.940031,0.79,2,2527787,2527326,461
186508581,59.702,59.3901,461,33413,0.922012,0.79,2,2527862,2527401,461
186511501,25.0808,24.9561,461,33476,0.914805,0.81,2,2527864,2527403,461
186514421,42.4323,42.9824,460,33539,0.947922,0.83,2,2527918,2527458,460
186622461,49.3507,61.2946,476,35797,0.9184,1,2,2529489,2529013,476
186631221,35.0544,38.0269,480,35974,0.791498,1,2,2529603,2529123,480
186651661,31.1226,36.1921,478,36383,0.416019,0.96,1,2529883,2529405,478
186663341,38.9327,41.1361,463,36615,0.401898,0.75,1,2530035,2529572,463
186666261,28.7731,35.0544,454,36673,0.406759,0.65,1,2530057,2529603,454
186669181,40.3092,44.0218,452,36731,0.420704,0.67,1,2530105,2529653,452
186715901,33.8025,36.1629,477,37640,0.793596,0.57,2,2530702,2530225,477
186736341,29.3878,39.4928,471,38032,0.905204,0.59,2,2530945,2530474,471
186739261,44.7551,28.3971,505,38088,0.932082,0.63,2,2531000,2530495,505
186742181,43.1021,43.1588,494,38143,0.930833,0.63,2,2531042,2530548,494
186745101,52.0408,40.6635,513,38198,0.942333,0.79,2,2531100,2530587,513
186748021,39.4163,49.2654,489,38253,0.934933,0.75,2,2531131,2530642,489
186750941,35.5665,36.5062,494,38308,0.943973,0.83,2,2531164,2530670,494
186753861,40.6266,33.8025,506,38363,0.947589,0.83,2,2531208,2530702,506
186756781,28.2506,39.921,482,38418,0.949036,0.83,2,2531228,2530746,482
186759701,26.3003,27.9684,487,38473,0.937614,0.83,2,2531253,2530766,487
186762621,43.5201,25.5874,518,38528,0.921046,0.89,2,2531308,2530790,518
186765541,41.408,41.4349,506,38583,0.938418,0.89,2,2531348,2530842,506
186768461,17.7632,41.174,467,38638,0.945367,0.91,2,2531350,2530883,467
186917381,34.089,38.1613,514,41333,0.91384,1,2,2533236,2532722,514
186929061,31.0887,32.3161,514,41537,0.773778,1,2,2533364,2532850,514
187042941,30.9502,29.637,481,43476,0.77622,0.67,2,2534632,2534151,481
187060461,31.7215,30.7824,484,43765,0.905474,0.61,2,2534806,2534322,484
187063381,42.6886,32.113,501,43813,0.93219,0.61,2,2534856,2534355,501
187066301,36.8754,42.8452,484,43861,0.930876,0.61,2,2534889,2534405,484
187279461,29.5211,31.8394,518,47243,0.939232,1,2,2537236,2536718,518
187285301,31.8434,26.5743,519,47333,0.948277,1,2,2537289,2536770,519
187288221,34.3374,32.2297,519,47378,0.907311,1,2,2537325,2536806,519
187296981,31.0696,30.4067,505,47510,0.766308,1,2,2537403,2536898,505
187302821,23.3311,34.5051,485,47598,0.752609,1,2,2537454,2536969,485
187305741,32.1325,33.002,491,47642,0.775044,1,2,2537492,2537001,491
187364141,35.0291,33.7842,455,48521,0.796242,0.57,2,2538082,2537627,455
187381661,30.587,30.5635,452,48779,0.917318,0.61,2,2538240,2537788,452
187384581,25.4348,25.4254,452,48822,0.924927,0.71,2,2538262,2537810,452
187410861,37.1511,30.5509,498,49209,0.916376,0.83,2,2538542,2538044,498
187413781,34.0605,35.0203,492,49252,0.93655,0.83,2,2538574,2538082,492
187416701,24.4242,32.0081,480,49295,0.94462,0.83,2,2538592,2538112,480
187597741,310.207,345.44,473,23360,0.789386,0.93,2,2540377,2539904,473
187618181,38.3855,63.0883,456,24699,0.765859,0.69,2,2540809,2540353,456
187621101,28.5542,32.4353,466,24785,0.780344,0.53,2,2540831,2540365,466
187629861,53.4275,54.0599,453,25041,0.936742,0.69,2,2541037,2540584,453
187632781,74.171,72.6239,456,25126,0.944697,0.73,2,2541125,2540669,456
187764181,68.4454,55.6283,528,28673,0.43271,0.43,1,2543616,2543088,528
187793381,41.4251,68.4451,468,29403,0.790848,0.47,2,2544084,2543616,468
187799221,48.868,28.4712,508,29547,0.799736,0.49,2,2544167,2543659,508
187802141,31.5472,49.1885,465,29619,0.793894,0.47,2,2544187,2543722,465
187805061,52.2189,31.0754,512,29690,0.779558,0.55,2,2544253,2543741,512
187807981,50.2876,50.8302,497,29761,0.785823,0.55,2,2544302,2543805,497
187813821,32.046,73.8928,455,29903,0.782132,0.73,2,2544399,2543944,455
187834261,51.5531,52.2189,460,30395,0.9132,0.79,2,2544713,2544253,460
187837181,50.6212,50.2876,461,30465,0.94728,0.81,2,2544763,2544302,461
187913101,31.813,45.0332,494,32221,0.94312,1,2,2545978,2545484,494
187933541,31.2673,42.8831,495,32678,0.448762,1,1,2546311,2545816,495
187936461,57.5069,30.9532,547,32743,0.425505,0.97,1,2546386,2545839,547
187939381,24.2028,61.5813,467,32808,0.416202,1,1,2546388,2545921,467
187942301,33.0811,45.0325,472,32872,0.448481,0.91,1,2546427,2545955,472
187945221,25.2324,31.813,469,32936,0.437392,0.83,1,2546447,2545978,469
187983181,26.9499,26.9572,445,33761,0.774568,0.57,2,2546959,2546514,445
187986101,56.98,55.1829,448,33824,0.771827,0.55,2,2547036,2546588,448
187989021,38.992,38.8732,447,33887,0.782731,0.55,2,2547063,2546616,447
187991941,71.9968,71.9493,447,33949,0.787092,0.53,2,2547157,2546710,447
188029901,29.9213,47.3659,480,34749,0.911238,0.87,2,2547668,2547188,480
188032821,56.9685,29.1464,538,34810,0.910495,0.85,2,2547743,2547205,538
188035741,23.9874,56.6585,465,34871,0.910198,0.85,2,2547745,2547280,465
188038661,35.995,23.8634,507,34932,0.934079,0.91,2,2547789,2547282,507
188140861,31.6543,35.2799,496,36990,0.9448,1,2,2549237,2548741,496
188146701,33.8647,27.7248,506,37104,0.905968,1,2,2549300,2548794,506
188216781,30.4197,26.4463,480,38448,0.760676,0.53,2,2550209,2549729,480
188219701,28.9679,30.9785,474,38503,0.76627,0.49,2,2550237,2549763,474
188225541,30.5549,27.8766,479,38613,0.759803,0.53,2,2550297,2549818,479
188228461,13.4219,29.7506,450,38668,0.765921,0.57,2,2550299,2549849,450
188231381,22.1688,28.1002,451,38723,0.768369,0.71,2,2550327,2549876,451
188248901,29.458,28.8732,459,39048,0.905718,0.75,2,2550610,2550151,459
188254741,31.1133,30.4197,460,39156,0.916515,0.77,2,2550669,2550209,460
188257661,28.0453,28.9679,458,39210,0.912606,0.73,2,2550695,2550237,458
188260581,28.0181,28.3872,458,39264,0.923042,0.77,2,2550723,2550265,458
188263501,31.6073,30.5549,460,39318,0.927217,0.77,2,2550757,2550297,460
188266421,13.8429,13.4219,460,39372,0.928887,0.77,2,2550759,2550299,460
188424101,32.2617,20.0946,517,42168,0.9292,1,2,2552738,2552221,517
188438701,36.0164,38.3389,494,42418,0.75195,1,2,2552942,2552448,494
188488341,30.098,32.5335,486,43256,0.90135,0.87,2,2553497,2553011,486
188511701,43.7905,54.4905,500,43646,0.929255,0.89,2,2553772,2553272,500
188651861,28.6964,31.4807,496,45906,0.756765,1,2,2555339,2554843,496
188704421,28.3079,32.6714,479,46726,0.751981,0.61,2,2555887,2555408,479
188710261,29.6093,25.8674,484,46816,0.769517,0.63,2,2555942,2555458,484
188713181,25.0437,29.547,474,46861,0.793807,0.65,2,2555964,2555490,474
188727781,43.8472,42.437,494,47086,0.905949,0.59,2,2556128,2555634,494
188730701,40.9389,43.3748,489,47131,0.93238,0.67,2,2556167,2555678,489
188733621,34.3755,38.3499,484,47176,0.942952,0.63,2,2556197,2555713,484
188736541,33.5502,34.54,485,47221,0.935181,0.65,2,2556230,2555745,485
188739461,25.4201,31.216,476,47266,0.932072,0.71,2,2556250,2555774,476
189069421,87.074,90.3432,491,24266,0.267568,0.75,1,2559791,2559300,491
189084021,51.3627,35.0579,482,24699,0.241905,0.31,1,2560024,2559542,482
189086941,56.5451,57.2232,470,24785,0.270762,0.21,1,2560084,2559614,470
189092781,63.4072,73.2357,431,24956,0.416522,0.13,1,2560222,2559791,431
189095701,55.9629,61.6943,428,25041,0.412609,0.17,1,2560273,2559845,428
189101541,48.7941,48.6311,431,25210,0.441617,0.21,1,2560376,2559945,431
189142421,56.6885,64.4801,501,26362,0.756757,0.59,2,2561164,2560663,501
189145341,60.4754,56.392,513,26442,0.788703,0.59,2,2561227,2560714,513
189148261,49.9902,60.3568,493,26522,0.789481,0.59,2,2561270,2560777,493
189151181,27.1961,49.9427,462,26602,0.789792,0.61,2,2561282,2560820,462
189174541,48.8141,49.9902,461,27232,0.905353,0.79,2,2561731,2561270,461
189177461,26.7256,27.1961,461,27310,0.932141,0.81,2,2561743,2561282,461
189279661,33.6058,51.0346,500,29903,0.9316,1,2,2563595,2563095,500
189285501,35.3769,37.0855,494,30045,0.788656,1,2,2563669,2563175,494
189297181,51.1664,56.663,478,30325,0.298734,1,1,2563917,2563439,478
189303021,39.2666,36.7861,486,30465,0.0993974,0.99,1,2563997,2563511,486
189308861,27.4027,33.6058,463,30603,0.0603036,0.79,1,2564058,2563595,463
189311781,34.3611,37.4423,462,30672,0.0541214,0.75,1,2564097,2563635,462
189314701,30.5444,35.3769,456,30741,0.0636486,0.61,1,2564125,2563669,456
189335141,39.7214,41.5067,423,31220,0.202882,0.03,1,2564463,2564040,423
189338061,26.0886,27.4027,422,31288,0.231153,0.03,1,2564480,2564058,422
189340981,35.6354,10.9611,464,31356,0.242461,0.05,1,2564522,2564058,464
189343901,31.0542,27.7844,453,31423,0.282984,0.07,1,2564550,2564097,453
189346821,43.0217,27.9138,476,31490,0.287194,0.13,1,2564601,2564125,476
189349741,46.0087,41.7655,473,31557,0.288878,0.11,1,2564649,2564176,473
189370181,36.6258,26.0868,476,32023,0.421371,0.25,1,2564956,2564480,476
189373101,31.4503,35.6347,462,32089,0.414548,0.31,1,2564984,2564522,462
189376021,43.7801,31.0539,486,32155,0.435819,0.29,1,2565036,2564550,486
189437341,14.1378,13.8327,453,33509,0.75701,0.69,2,2565880,2565427,453
189440261,38.0551,37.3331,454,33572,0.788804,0.69,2,2565934,2565480,454
189454861,43.4351,42.2709,456,33887,0.924618,0.73,2,2566202,2565746,456
189457781,43.174,41.5084,458,33949,0.939847,0.77,2,2566245,2565787,458
189612541,34.8381,33.6062,499,37104,0.402327,1,1,2568398,2567899,499
189615461,52.9352,65.6425,477,37161,0.430931,1,1,2568463,2567986,477
189621301,43.5096,29.1028,520,37275,0.403749,1,1,2568537,2568017,520
189624221,40.2039,45.8411,501,37332,0.4075,0.82,1,2568575,2568074,501
189627141,42.4815,42.3364,505,37389,0.409,0.77,1,2568619,2568114,505
189630061,37.9926,45.1346,493,37446,0.4216,0.67,1,2568654,2568161,493
189679701,29.8931,24.099,482,38393,0.751167,0.53,2,2569250,2568768,482
189682621,33.5572,31.8396,481,38448,0.774467,0.55,2,2569286,2568805,481
189685541,54.8229,33.7358,515,38503,0.759787,0.63,2,2569355,2568840,515
189688461,38.7292,52.4943,478,38558,0.789915,0.61,2,2569383,2568905,478
189726421,40.2245,38.7292,462,39264,0.902372,0.81,2,2569845,2569383,462
189729341,43.6898,43.0917,462,39318,0.906949,0.81,2,2569891,2569429,462
189732261,18.6759,18.4367,462,39372,0.90878,0.87,2,2569893,2569431,462
189735181,30.8704,30.1747,463,39426,0.933512,0.87,2,2569932,2569469,463
189741021,37.8193,37.7079,463,39533,0.940162,0.81,2,2570015,2569552,463
189898701,21.868,28.3087,485,42318,0.443094,1,1,2571933,2571448,485
189904541,32.0589,32.6094,484,42418,0.271295,1,1,2571998,2571514,484
189907461,30.2236,34.6438,477,42468,0.222518,0.97,1,2572027,2571550,477
189919141,37.4313,44.4085,461,42668,0.0844645,0.75,1,2572163,2571702,461
189942501,22.2955,8.74721,463,43060,0.212522,0.31,1,2572396,2571933,463
189945421,31.1182,20.8989,471,43109,0.211009,0.21,1,2572433,2571962,471
189948341,27.4473,29.9596,460,43158,0.234404,0.19,1,2572458,2571998,460
189951261,24.7789,29.3838,454,43207,0.231761,0.17,1,2572481,2572027,454
189954181,29.7116,29.1535,458,43256,0.254705,0.09,1,2572514,2572056,458
189957101,31.0846,32.0614,456,43305,0.299882,0.09,1,2572546,2572090,456
189986301,31.2049,22.2955,468,43790,0.417777,0.21,1,2572864,2572396,468
189989221,28.682,31.1182,458,43838,0.425111,0.25,1,2572891,2572433,458
189992141,25.2728,27.4473,456,43886,0.440044,0.23,1,2572914,2572458,456
189995061,30.5091,24.7789,467,43934,0.446018,0.27,1,2572948,2572481,467
190059301,35.4524,35.0897,448,44978,0.757108,0.53,2,2573648,2573200,448
190062221,29.781,29.6359,448,45025,0.788843,0.53,2,2573674,2573226,448
190065141,22.1124,21.4543,449,45072,0.789537,0.55,2,2573691,2573242,449
190103101,36.9338,35.4524,459,45676,0.912539,0.81,2,2574107,2573648,459
190106021,30.9735,29.781,460,45722,0.947016,0.79,2,2574134,2573674,460
190310421,183.697,177.847,502,21997,0.2188,0.94,1,2576359,2575857,502
190322101,61.2466,75.7273,454,22380,0.0828333,0.19,1,2576621,2576167,454
190325021,45.4987,66.8909,428,22475,0.0751333,0.13,1,2576656,2576228,428
190327941,36.1995,36.3564,442,22569,0.0720533,0.19,1,2576686,2576244,442
190330861,70.8798,30.7425,509,22663,0.0588213,0.03,1,2576780,2576271,509
190333781,67.9519,65.097,487,22757,0.0415285,0.03,1,2576846,2576359,487
190342541,58.1809,67.5262,477,23035,0.230418,0.07,1,2577046,2576569,477
190345461,43.6724,58.2105,459,23127,0.278167,0.07,1,2577080,2576621,459
190354221,67.715,70.6855,488,23401,0.288283,0.03,1,2577268,2576780,488
190357141,83.486,67.8742,516,23492,0.277313,0.21,1,2577362,2576846,516
190360061,72.9944,79.3497,495,23582,0.284925,0.19,1,2577428,2576933,495
190386341,61.5015,61.5978,438,24380,0.40239,0.35,1,2577920,2577482,438
190389261,46.2006,45.6391,439,24467,0.418956,0.37,1,2577956,2577517,439
190398021,28.9728,28.8409,440,24726,0.444653,0.39,1,2578080,2577640,440
190400941,49.9891,49.3364,441,24812,0.447861,0.35,1,2578144,2577703,441
190433061,62.9402,66.6793,507,25736,0.767545,0.65,2,2578812,2578305,507
190435981,47.9761,60.2717,489,25818,0.781018,0.61,2,2578850,2578361,489
190441821,72.3562,37.9635,546,25982,0.915763,0.69,2,2578977,2578431,546
190444741,30.1425,69.7854,457,26064,0.948305,0.69,2,2578979,2578522,457
190549861,39.9398,38.2342,525,28846,0.76456,1,2,2580941,2580416,525
190561541,40.0849,47.7452,513,29138,0.0682447,1,1,2581164,2580651,513
190564461,43.0339,44.8981,515,29211,0.0452979,1,1,2581209,2580694,515
190567381,41.2136,38.9592,520,29283,0.0361192,1,1,2581249,2580729,520
190570301,76.4854,46.1837,569,29355,0.0564477,0.81,1,2581349,2580780,569
190573221,40.7942,80.8735,482,29427,0.0765791,0.77,1,2581366,2580884,482
190576141,37.9177,44.3494,498,29499,0.0726316,0.73,1,2581402,2580904,498
190579061,62.5671,39.9398,540,29571,0.0830527,0.43,1,2581481,2580941,540
190581981,48.4268,73.5759,483,29643,0.0752211,0.21,1,2581520,2581037,483
190584901,36.7707,63.0304,456,29714,0.0600884,0.05,1,2581549,2581093,456
190587821,36.3083,46.2121,457,29785,0.0240354,0,1,2581585,2581128,457
190590741,15.7233,40.0849,423,29856,0.0156141,0.03,1,2581587,2581164,423
190593661,33.2893,43.0339,423,29927,0.0482457,0.03,1,2581632,2581209,423
190596581,37.9157,41.2136,424,29998,0.0252983,0.07,1,2581673,2581249,424
190599501,76.9663,76.4854,427,30069,0.0161193,0.09,1,2581776,2581349,427
190602421,39.1865,40.7942,424,30139,0.0124477,0.07,1,2581790,2581366,424
190605341,37.2746,37.9177,424,30209,0.0589791,0.09,1,2581826,2581402,424
190608261,62.3098,62.5671,424,30279,0.0415916,0.07,1,2581905,2581481,424
190611181,49.5239,48.4268,426,30349,0.0706367,0.05,1,2581946,2581520,426
190614101,36.6096,36.7707,425,30419,0.0822547,0,1,2581974,2581549,425
190617021,34.4438,36.3083,422,30489,0.0749019,0.01,1,2582007,2581585,422
190619941,14.9775,15.7233,422,30558,0.0479607,0.07,1,2582009,2581587,422
190622861,34.191,33.2893,424,30627,0.0731843,0.01,1,2582056,2581632,424
190625781,37.6764,37.9157,423,30696,0.0592737,0.01,1,2582096,2581673,423
190628701,76.2706,76.9663,422,30765,0.0297095,0.01,1,2582198,2581776,422
190631621,40.7082,39.1865,425,30834,0.0298838,0.09,1,2582215,2581790,425
190634541,37.2833,37.2746,424,30903,0.0539535,0.03,1,2582250,2581826,424
190637461,62.3133,62.3098,424,30971,0.0875814,0.09,1,2582329,2581905,424
190657901,74.3365,29.4706,523,31446,0.0912394,0.01,1,2582619,2582096,523
190660821,39.9346,72.9882,438,31513,0.0904958,0.03,1,2582636,2582198,438
190663741,37.5738,39.3953,457,31580,0.0781983,0.07,1,2582672,2582215,457
190672501,36.5807,50.6413,452,31781,0.203005,0.15,1,2582824,2582372,452
190675421,33.2323,35.8565,457,31848,0.207202,0.15,1,2582855,2582398,457
190678341,14.4929,32.9426,428,31914,0.208881,0.15,1,2582857,2582429,428
190681261,35.7972,14.377,476,31980,0.233552,0.09,1,2582907,2582431,476
190684181,37.1189,36.3508,463,32046,0.243421,0.13,1,2582945,2582482,463
190687101,73.6475,37.3403,523,32112,0.295368,0.07,1,2583043,2582520,523
190701701,38.1567,52.4518,458,32440,0.405831,0.23,1,2583256,2582798,458
190704621,33.2627,36.5807,462,32505,0.420332,0.21,1,2583286,2582824,462
190707541,14.5051,33.2323,433,32570,0.426133,0.21,1,2583288,2582855,433
190710461,37.002,14.4929,483,32635,0.440453,0.25,1,2583340,2582857,483
190765941,38.7295,38.212,447,33846,0.755702,0.55,2,2584146,2583699,447
190768861,34.0918,33.2848,448,33908,0.764281,0.57,2,2584177,2583729,448
190771781,14.8367,14.5139,448,33970,0.767712,0.59,2,2584179,2583731,448
190774701,38.3347,37.6056,449,34032,0.781085,0.55,2,2584233,2583784,449
190777621,38.7339,38.4422,449,34094,0.798434,0.61,2,2584272,2583823,449
190786381,23.623,13.0203,470,34280,0.79726,0.71,2,2584400,2583930,470
190789301,31.0492,14.8081,490,34342,0.792904,0.71,2,2584436,2583946,490
190803901,15.6069,34.0118,462,34648,0.905191,0.77,2,2584639,2584177,462
190806821,38.6428,14.8047,514,34709,0.944077,0.79,2,2584693,2584179,514
190961581,30.291,37.066,513,37800,0.789712,1,2,2586885,2586372,513
190964501,31.3164,34.0264,513,37856,0.765885,1,2,2586917,2586404,513
190987861,52.7395,64.4287,521,38300,0.440808,0.83,1,2587262,2586741,521
191014141,30.4648,32.3233,455,38795,0.261456,0.57,1,2587534,2587079,455
191017061,28.3859,30.9293,452,38849,0.254582,0.55,1,2587561,2587109,452
191019981,22.1544,24.3717,450,38903,0.227833,0.43,1,2587579,2587129,450
191022901,56.2617,61.3487,443,38957,0.253133,0.41,1,2587658,2587215,443
191046261,36.4148,38.1551,436,39389,0.402394,0.29,1,2587912,2587476,436
191049181,31.3659,32.662,435,39443,0.418957,0.23,1,2587940,2587505,435
191052101,29.9464,30.4648,435,39497,0.437583,0.25,1,2587969,2587534,435
191116341,41.4378,27.0371,499,40655,0.772505,0.55,2,2588748,2588249,499
191119261,17.7751,42.0148,449,40707,0.759002,0.55,2,2588750,2588301,449
191122181,38.91,18.0059,500,40759,0.753601,0.61,2,2588803,2588303,500
191125101,32.364,37.2024,478,40811,0.77544,0.57,2,2588831,2588353,478
191142621,41.9398,55.2502,487,41121,0.916887,0.71,2,2589077,2588590,487
191145541,37.1759,40.1001,491,41172,0.900755,0.75,2,2589111,2588620,491
191151381,27.9081,22.736,489,41274,0.915721,0.75,2,2589156,2588667,489
191154301,42.3633,27.0944,511,41325,0.924288,0.79,2,2589208,2588697,511
191157221,18.1453,41.4378,462,41376,0.927715,0.75,2,2589210,2588748,462
191491561,82.6576,89.6603,467,21469,0.0901064,0.23,1,2593167,2592700,467
191509081,69.8556,75.0334,423,22055,0.25244,0.07,1,2593529,2593106,423
191512001,65.7422,66.6133,425,22151,0.238976,0.11,1,2593592,2593167,425
191514921,65.8969,65.0453,427,22247,0.25759,0.17,1,2593658,2593231,427
191517841,81.5588,79.4181,430,22342,0.277036,0.21,1,2593750,2593320,430
191532441,64.9411,66.22,494,22813,0.41173,0.23,1,2594023,2593529,494
191535361,67.3764,64.288,500,22906,0.434692,0.27,1,2594092,2593592,500
191576241,61.2617,66.3689,450,24169,0.785438,0.59,2,2594915,2594465,450
191579161,67.7047,68.5476,452,24257,0.788175,0.65,2,2594987,2594535,452
191593761,29.4261,28.8856,457,24690,0.900304,0.73,2,2595232,2594775,457
191596681,57.9704,57.1542,458,24776,0.930122,0.83,2,2595309,2594851,458
191681361,45.7501,46.3154,494,27146,0.922,1,2,2596999,2596505,494
191698881,56.8771,64.9695,477,27611,0.796439,1,2,2597333,2596856,477
191701801,41.9508,42.1878,482,27688,0.756576,1,2,2597365,2596883,482
191713481,61.8803,67.2,467,27992,0.7566,1,2,2597585,2597118,467
191716401,43.9521,46.08,467,28068,0.77664,0.83,2,2597617,2597150,467
191725161,56.7409,56.8771,461,28293,0.908185,0.73,2,2597794,2597333,461
191731001,67.7585,16.7803,543,28443,0.94091,0.73,2,2597908,2597365,543
191839041,37.3554,36.5155,490,31076,0.928,1,2,2599724,2599234,490
191841961,73.7422,71.0062,494,31144,0.9172,1,2,2599822,2599328,494
191850721,34.2875,13.5204,536,31348,0.772701,1,2,2599920,2599384,536
191900361,70.7372,36.9228,545,32475,0.783031,0.65,2,2600743,2600198,545
191903281,47.4949,69.9691,485,32540,0.799212,0.69,2,2600775,2600290,485
191920801,30.4729,33.7359,455,32928,0.900069,0.73,2,2600932,2600477,455
191923721,67.3892,66.8943,458,32992,0.906028,0.69,2,2601024,2600566,458
192139801,43.8496,49.737,516,37440,0.946,1,2,2604148,2603632,516
192145641,37.2559,49.5979,500,37552,0.90376,1,2,2604223,2603723,500
192157321,33.2482,29.0281,542,37776,0.424656,1,1,2604386,2603844,542
192160241,25.8993,36.2112,522,37832,0.427863,1,1,2604407,2603885,522
192169001,56.7856,37.5255,548,38000,0.244583,1,1,2604544,2603996,548
192189441,35.209,42.801,484,38387,0.202002,0.45,1,2604802,2604318,484
192192361,29.6836,41.1204,470,38442,0.218801,0.35,1,2604828,2604358,470
192195281,24.4734,33.2482,463,38497,0.24952,0.43,1,2604849,2604386,463
192198201,27.1894,25.8993,471,38552,0.237808,0.35,1,2604878,2604407,471
192201121,26.4758,30.1597,464,38607,0.209123,0.29,1,2604904,2604440,464
192206961,47.3161,56.7856,433,38717,0.22906,0.17,1,2604977,2604544,433
192209881,38.1264,41.9142,433,38772,0.241624,0.19,1,2605009,2604576,433
192212801,42.8506,45.5657,431,38826,0.22265,0.15,1,2605055,2604624,431
192215721,33.9402,36.2263,429,38880,0.25106,0.13,1,2605083,2604654,429
192218641,32.7761,34.8905,427,38934,0.286424,0.17,1,2605115,2604688,427
192239081,26.2264,26.4758,431,39312,0.405042,0.19,1,2605335,2604904,431
192242001,11.6905,11.7903,431,39366,0.408017,0.25,1,2605337,2604906,431
192306241,30.9538,36.1957,476,40530,0.770948,0.59,2,2606148,2605672,476
192309161,26.7815,30.0783,474,40582,0.794379,0.59,2,2606172,2605698,474
192347121,27.6649,30.9538,485,41253,0.909964,0.81,2,2606633,2606148,485
192350041,29.0659,26.7815,491,41304,0.945986,0.83,2,2606663,2606172,491
192496041,32.2513,32.4142,511,43786,0.928671,1,2,2608356,2607845,511
192498961,36.9005,31.5657,520,43834,0.905469,0.99,2,2608396,2607876,520
192504801,49.5841,36.3705,540,43930,0.777275,1,2,2608491,2607951,540
192507721,31.8336,48.1482,504,43978,0.76091,0.93,2,2608511,2608007,504
192545681,31.142,36.9602,462,44598,0.75448,0.73,2,2608895,2608433,462
192548601,44.2568,49.5841,457,44645,0.763792,0.75,2,2608948,2608491,457
192551521,30.3027,31.8336,458,44692,0.779517,0.73,2,2608969,2608511,458
192554441,32.5211,34.3335,456,44739,0.797807,0.71,2,2609003,2608547,456
192557361,33.4084,34.1334,456,44786,0.781123,0.69,2,2609037,2608581,456
192569041,28.2969,28.4114,455,44974,0.904685,0.69,2,2609143,2608688,455
192571961,39.5187,39.5646,455,45021,0.919874,0.69,2,2609190,2608735,455
192574881,32.6075,32.0258,456,45068,0.93795,0.73,2,2609218,2608762,456
192577801,34.043,32.6103,458,45115,0.93318,0.73,2,2609253,2608795,458
192580721,31.0172,29.8441,459,45162,0.931272,0.69,2,2609282,2608823,459
192583641,13.6069,13.1377,459,45209,0.930509,0.75,2,2609284,2608825,459
192586561,25.8428,26.8551,457,45256,0.906204,0.77,2,2609318,2608861,457
192796801,73.9581,68.4748,509,22757,0.422503,0.31,1,2611915,2611406,509
192820161,58.0374,73.8803,490,23492,0.78292,0.51,2,2612405,2611915,490
192834761,77.5287,36.0836,559,23940,0.911214,0.69,2,2612739,2612180,559
192837681,32.2115,76.2334,458,24029,0.922486,0.79,2,2612741,2612283,458
192840601,60.2846,76.0934,461,24117,0.938994,0.81,2,2612820,2612359,461
192963241,48.7483,53.3376,490,27567,0.290781,1,1,2615260,2614770,490
192966161,39.8993,44.1351,486,27644,0.218312,1,1,2615294,2614808,486
192974921,59.4576,72.4246,470,27873,0.060292,0.98,1,2615469,2614999,470
192977841,41.783,51.1699,463,27949,0.0541168,0.57,1,2615499,2615036,463
192980761,70.7132,81.0679,452,28025,0.0516467,0.45,1,2615589,2615137,452
192983681,48.0853,56.4272,445,28101,0.0386587,0.41,1,2615622,2615177,445
192986601,34.2341,39.3709,442,28176,0.0454635,0.17,1,2615647,2615205,442
192989521,38.2936,48.7483,428,28251,0.0601854,0.17,1,2615688,2615260,428
192992441,34.5175,39.8993,426,28326,0.0660742,0.07,1,2615720,2615294,426
192995361,39.007,42.3597,424,28401,0.0444297,0.07,1,2615762,2615338,424
192998281,57.0028,16.9439,493,28476,0.0477719,0.09,1,2615831,2615338,493
193001201,58.2011,49.9776,480,28550,0.0371087,0.03,1,2615890,2615410,480
193004121,41.8804,55.391,452,28624,0.0328435,0.05,1,2615921,2615469,452
193009961,48.4609,70.0626,455,28772,0.083255,0.03,1,2616044,2615589,455
193012881,33.7843,47.825,446,28846,0.087302,0.05,1,2616068,2615622,446
193015801,38.7137,34.13,463,28919,0.0769208,0.07,1,2616110,2615647,463
193027481,58.0967,57.0001,481,29211,0.206881,0.03,1,2616312,2615831,481
193030401,41.8387,58.2001,453,29283,0.208752,0.03,1,2616343,2615890,453
193050841,57.4039,38.3542,499,29785,0.214869,0.19,1,2616683,2616184,499
193053761,24.1615,56.7417,432,29856,0.223948,0.23,1,2616685,2616253,432
193056681,45.6646,58.0967,433,29927,0.287579,0.21,1,2616745,2616312,433
193071281,37.8884,37.8103,431,30279,0.423185,0.21,1,2616965,2616534,431
193153041,52.1353,70.4111,491,32178,0.938635,0.69,2,2618241,2617750,491
193299041,45.2993,68.5301,500,35313,0.9448,1,2,2620408,2619908,500
193301961,48.1197,46.612,518,35373,0.92392,1,2,2620458,2619940,518
193307801,69.3792,41.2979,562,35493,0.770627,1,2,2620580,2620018,562
193401241,50.3357,21.6083,521,37351,0.764591,0.71,2,2621743,2621222,521
193404161,38.1343,48.8433,484,37408,0.791836,0.69,2,2621773,2621289,484
193415841,45.6354,66.9288,483,37632,0.904575,0.63,2,2621967,2621484,483
193418761,38.0542,45.3715,485,37688,0.91983,0.69,2,2622000,2621515,485
193421681,36.8217,37.3486,489,37744,0.913932,0.73,2,2622036,2621547,489
193424601,18.9287,35.3394,462,37800,0.923573,0.73,2,2622043,2621581,462
193591041,324.911,359.898,480,17520,0.766,1,2,2624162,2623682,480
193599801,95.4583,98.6095,502,18597,0.249424,0.81,1,2624465,2623963,502
193611481,100.69,117.974,438,19049,0.250273,0.27,1,2624754,2624316,438
193614401,87.0761,96.3896,434,19160,0.298109,0.17,1,2624832,2624398,434
193626081,40.8115,40.6564,430,19599,0.417792,0.17,1,2625044,2624614,430
193629001,102.725,16.2625,574,19707,0.437117,0.31,1,2625188,2624614,574
193631921,88.4898,90.505,513,19815,0.432847,0.33,1,2625267,2624754,513
193634841,73.7959,83.002,499,19922,0.431139,0.35,1,2625331,2624832,499
193637761,63.7184,69.8008,495,20028,0.442455,0.37,1,2625388,2624893,495
193658201,72.3927,63.7157,522,20758,0.778391,0.49,2,2625910,2625388,522
193675721,62.714,65.4818,459,21364,0.910187,0.81,2,2626292,2625833,459
193684481,108.87,107.703,464,21660,0.915772,0.85,2,2626548,2626084,464
193687401,44.7479,44.2811,464,21758,0.936309,0.93,2,2626550,2626086,464
193827561,64.027,55.8022,516,26024,0.756457,0.61,2,2629554,2629038,516
193830481,36.4108,62.5209,467,26105,0.776583,0.63,2,2629572,2629105,467
193839241,104.33,36.3533,600,26348,0.915381,0.65,2,2629802,2629202,600
193842161,60.9321,102.741,485,26428,0.948152,0.65,2,2629834,2629349,485
193874281,61.6306,58.3491,476,27296,0.947416,1,2,2630418,2629942,476
194029041,61.7435,71.4745,481,31139,0.214138,1,1,2633125,2632644,481
194040721,45.2462,14.5497,520,31411,0.0778179,0.81,1,2633271,2632751,520
194043641,67.2985,40.6199,544,31478,0.0611272,0.57,1,2633353,2632809,544
194046561,46.7194,72.648,483,31545,0.0904509,0.61,1,2633386,2632903,483
194064081,35.2815,42.0831,459,31946,0.223073,0.09,1,2633613,2633154,459
194067001,31.5126,36.0332,456,32012,0.227229,0.11,1,2633642,2633186,456
194069921,45.005,33.6133,478,32078,0.252892,0.05,1,2633696,2633218,478
194072841,67.202,45.2453,507,32144,0.275157,0.05,1,2633778,2633271,507
194087441,57.3512,36.398,499,32472,0.400094,0.19,1,2633984,2633485,499
194090361,39.1405,54.7592,459,32537,0.406038,0.19,1,2634011,2633552,459
194093281,36.6562,38.7037,466,32602,0.408415,0.25,1,2634046,2633580,466
194096201,32.0625,35.2815,462,32667,0.445366,0.23,1,2634075,2633613,462
194099121,45.825,31.5126,488,32732,0.424146,0.27,1,2634130,2633642,488
194102041,19.53,45.005,436,32797,0.415659,0.29,1,2634132,2633696,436
194104961,57.612,67.202,437,32861,0.436263,0.33,1,2634215,2633778,437
194107881,44.0448,47.2808,438,32925,0.432505,0.37,1,2634250,2633812,438
194110801,38.0179,38.1123,440,32989,0.431002,0.35,1,2634284,2633844,440
194113721,31.4072,31.4449,440,33053,0.418401,0.41,1,2634311,2633871,440
194119561,57.8251,57.3512,442,33181,0.408944,0.41,1,2634426,2633984,442
194122481,39.9301,39.1405,443,33245,0.421578,0.41,1,2634454,2634011,443
194163361,46.7036,45.2755,448,34124,0.778479,0.57,2,2635020,2634572,448
194183801,59.8896,37.7986,525,34556,0.907388,0.65,2,2635320,2634795,525
194186721,40.7559,58.3195,481,34617,0.920955,0.67,2,2635348,2634867,481
194189641,40.3023,40.7278,492,34678,0.938382,0.71,2,2635388,2634896,492
194321041,48.9691,29.1404,543,37323,0.934,1,2,2637213,2636670,543
194323961,39.9876,56.6562,502,37380,0.9016,1,2,2637247,2636745,502
194329801,49.118,45.305,517,37493,0.762256,1,2,2637338,2636821,517
194341481,44.7838,54.0654,509,37717,0.28193,1,1,2637522,2637013,509
194344401,33.5135,40.8262,503,37773,0.238772,1,1,2637548,2637045,503
194347321,32.6054,27.7305,516,37829,0.221509,1,1,2637580,2637064,516
194359001,32.8459,48.9691,499,38053,0.0661986,0.88,1,2637712,2637213,499
194361921,30.5384,39.9876,494,38109,0.0924794,0.85,1,2637741,2637247,494
194364841,44.0153,35.7951,514,38164,0.0669918,0.69,1,2637794,2637280,514
194367761,40.4061,49.118,494,38219,0.0567967,0.59,1,2637832,2637338,494
194370681,35.3625,44.2472,485,38274,0.0647187,0.51,1,2637864,2637379,485
194394041,33.4331,41.6147,426,38714,0.202718,0.03,1,2638111,2637685,426
194396961,27.7732,32.8459,423,38769,0.207087,0.11,1,2638135,2637712,423
194423241,31.3929,30.3919,430,39255,0.215671,0.17,1,2638468,2638038,430
194426161,26.3572,25.9567,430,39309,0.236268,0.21,1,2638491,2638061,430
194429081,11.7429,11.5827,430,39363,0.244507,0.21,1,2638493,2638063,430
194432001,33.4971,33.4331,430,39417,0.259803,0.21,1,2638541,2638111,430
194434921,27.7989,27.7732,430,39471,0.289921,0.13,1,2638565,2638135,430
194440761,43.0878,43.5637,428,39578,0.299587,0.15,1,2638648,2638220,428
194455361,29.9641,29.7059,429,39843,0.410079,0.15,1,2638834,2638405,429
194461201,32.5143,31.3929,432,39949,0.424413,0.25,1,2638900,2638468,432
194516681,43.1915,29.4977,499,40943,0.750968,0.53,2,2639530,2639031,499
194519601,41.8766,42.9991,488,40995,0.774387,0.55,2,2639571,2639083,488
194548801,30.5947,35.8672,481,41505,0.902101,0.69,2,2639903,2639422,481
194551721,13.4379,29.9469,457,41556,0.906841,0.75,2,2639905,2639448,457
194554641,24.5751,29.9788,459,41607,0.908736,0.77,2,2639937,2639478,459
194557561,41.6301,43.1915,460,41658,0.909494,0.79,2,2639990,2639530,460
194560481,41.852,41.8766,461,41709,0.933798,0.83,2,2640032,2639571,461
194563401,39.5408,38.3506,463,41760,0.931519,0.89,2,2640070,2639607,463
194566321,51.8163,49.5403,466,41811,0.930608,0.89,2,2640130,2639664,466
194569241,42.3265,41.4161,466,41861,0.942243,0.89,2,2640166,2639700,466
194572161,32.5306,32.1664,466,41911,0.922897,0.91,2,2640192,2639726,466
194580921,31.146,30.6667,467,42061,0.938185,0.89,2,2640290,2639823,467
194583841,13.6584,13.4667,467,42111,0.933274,0.89,2,2640292,2639825,467
194586761,36.0634,35.9867,467,42161,0.93131,0.91,2,2640343,2639876,467
194744441,29.4416,35.4688,486,44784,0.942086,1,2,2642167,2641681,486
194750281,40.3507,36.515,497,44878,0.768734,1,2,2642251,2641754,497
194761961,24.2266,29.0724,495,45066,0.441744,1,1,2642354,2641859,495
194770721,23.2705,33.4926,481,45207,0.283392,1,1,2642440,2641959,481
194776561,39.7233,40.9988,487,45301,0.238543,1,1,2642527,2642040,487
194779481,30.8893,37.3995,477,45348,0.221417,0.96,1,2642552,2642075,477
194782401,30.3557,34.7598,474,45395,0.214567,1,1,2642582,2642108,474
194791161,30.5028,36.3766,457,45533,0.210772,0.73,1,2642665,2642208,457
194805761,22.3827,24.2266,441,45763,0.212658,0.37,1,2642795,2642354,441
194811601,29.3812,32.6763,433,45855,0.236825,0.25,1,2642856,2642423,433
194814521,21.3525,23.2705,432,45901,0.24473,0.13,1,2642872,2642440,432
194817441,37.341,36.3082,435,45947,0.295892,0.13,1,2642920,2642485,435
194837881,35.5286,30.4135,469,46269,0.400324,0.17,1,2643134,2642665,469
194840801,32.2115,36.1654,459,46315,0.406129,0.17,1,2643164,2642705,459
194843721,26.0846,32.4662,451,46361,0.408452,0.21,1,2643186,2642735,451
194846641,17.6338,27.3865,439,46406,0.409381,0.13,1,2643198,2642759,439
194849561,23.8535,16.9546,457,46451,0.421752,0.25,1,2643226,2642769,457
194852481,26.3414,22.3818,459,46496,0.426701,0.17,1,2643254,2642795,459
194855401,30.9366,26.9527,463,46541,0.42868,0.27,1,2643288,2642825,463
194858321,21.3746,29.3811,447,46586,0.429472,0.25,1,2643303,2642856,447
194861241,40.3499,21.3524,484,46631,0.429789,0.33,1,2643356,2642872,484
194928401,37.2549,36.0629,454,47660,0.781777,0.65,2,2644029,2643575,454
194931321,32.9019,32.4252,454,47704,0.786711,0.65,2,2644059,2643605,454
194937161,17.7443,17.668,454,47792,0.799074,0.67,2,2644093,2643639,454
194963441,29.7787,28.9561,455,48188,0.903128,0.73,2,2644357,2643902,455
194969281,23.9646,23.593,456,48276,0.928101,0.75,2,2644404,2643948,456
194972201,36.5858,34.6372,459,48320,0.94124,0.81,2,2644449,2643990,459
195194121,231.255,252.489,469,23360,0.25,0.91,1,2646818,2646349,469
195208721,33.2724,46.7368,440,23810,0.201539,0.25,1,2647075,2646635,440
195211641,37.3089,33.0947,456,23899,0.206616,0.11,1,2647115,2646659,456
195220401,58.0198,74.6941,425,24164,0.0725034,0.11,1,2647300,2646875,425
195223321,67.0079,73.0776,426,24252,0.0950014,0.13,1,2647373,2646947,426
195226241,74.2032,73.631,431,24339,0.0680005,0.23,1,2647452,2647021,431
195252521,53.0201,50.6791,428,25112,0.223687,0.13,1,2647915,2647487,428
195255441,33.208,32.2716,428,25196,0.287475,0.13,1,2647935,2647507,428
195270041,68.4809,44.1257,504,25614,0.29704,0.15,1,2648226,2647722,504
195293401,69.0184,57.1941,512,26268,0.427503,0.29,1,2648662,2648150,512
195337201,50.7508,49.6401,456,27452,0.923594,0.71,2,2649418,2648962,456
195340121,59.3003,58.2561,457,27529,0.903437,0.71,2,2649483,2649026,457
195348881,68.8592,65.1924,463,27760,0.90574,0.89,2,2649659,2649196,463
195351801,52.1437,50.077,464,27836,0.920296,0.85,2,2649700,2649236,464
195459841,47.2191,43.1207,494,30522,0.934,1,2,2651596,2651102,494
195462761,39.2877,38.8483,492,30591,0.9136,1,2,2651630,2651138,492
195468601,35.566,37.2957,492,30729,0.756976,1,2,2651698,2651206,492
195483201,57.8855,47.6197,500,31072,0.074769,1,1,2651988,2651488,500
195486121,52.5542,61.0479,479,31140,0.0359076,0.89,1,2652037,2651558,479
195489041,40.2217,47.2191,473,31208,0.056363,0.9,1,2652069,2651596,473
195491961,32.8887,39.2877,467,31276,0.0405452,0.9,1,2652097,2651630,467
195494881,32.9555,15.7151,500,31344,0.0222181,0.87,1,2652130,2651630,500
195497801,29.9822,25.486,496,31412,0.0148872,0.67,1,2652158,2651662,496
195500721,27.5929,31.7944,486,31479,0.0239549,0.61,1,2652184,2651698,486
195503641,42.2372,32.5178,505,31546,0.039582,0.37,1,2652236,2651731,505
195506561,56.4949,52.6071,505,31613,0.0338328,0.19,1,2652302,2651797,505
195509481,54.3979,66.0428,483,31680,0.0555331,0.03,1,2652355,2651872,483
195512401,54.7592,63.6171,476,31747,0.0402132,0.03,1,2652410,2651934,476
195515321,51.9037,57.8469,472,31814,0.0460853,0.01,1,2652460,2651988,472
195518241,39.9615,52.5387,455,31881,0.0484341,0.07,1,2652492,2652037,455
195521161,31.5846,40.2155,449,31947,0.0613736,0.03,1,2652518,2652069,449
195524081,33.0338,32.8862,455,32013,0.0425495,0.01,1,2652552,2652097,455
195527001,30.0135,32.9545,450,32079,0.0590198,0.01,1,2652580,2652130,450
195529921,27.6054,29.9818,448,32145,0.0536079,0.03,1,2652606,2652158,448
195532841,42.8422,27.5927,475,32211,0.0634432,0.05,1,2652659,2652184,475
195535761,56.1369,42.2371,488,32277,0.0553773,0.03,1,2652724,2652236,488
195538681,54.2547,56.4948,475,32343,0.0401509,0.07,1,2652777,2652302,475
195541601,54.7019,54.3979,477,32408,0.0340604,0.03,1,2652832,2652355,477
195544521,52.4808,54.7592,473,32473,0.0316241,0.05,1,2652883,2652410,473
195547441,38.9923,51.9037,453,32538,0.0426497,0.05,1,2652913,2652460,453
195550361,31.7969,39.9615,448,32603,0.0470599,0.07,1,2652940,2652492,448
195553281,33.1188,31.5846,456,32668,0.0368239,0.03,1,2652974,2652518,456
195556201,30.6475,33.0338,451,32733,0.0147296,0.07,1,2653003,2652552,451
195559121,13.459,30.0135,425,32798,0.0358918,0.05,1,2653005,2652580,425
195562041,19.1836,27.6054,422,32862,0.0563567,0.07,1,2653028,2652606,422
195564961,41.2734,42.8422,425,32926,0.0645427,0.05,1,2653084,2652659,425
195567881,54.9094,56.1369,424,32990,0.0918171,0.03,1,2653148,2652724,424
195573721,53.3055,54.7019,422,33118,0.0830907,0.03,1,2653254,2652832,422
195576641,53.1222,52.4808,424,33182,0.0512363,0.05,1,2653307,2652883,424
195579561,39.2489,38.9923,424,33246,0.0384945,0.05,1,2653337,2652913,424
195582481,31.8996,31.7969,424,33310,0.0333978,0.03,1,2653364,2652940,424
195585401,32.5598,33.1188,423,33373,0.0193591,0,1,2653397,2652974,423
195588321,31.0239,30.6475,424,33436,0.0137436,0.05,1,2653427,2653003,424
195591241,13.6096,13.459,424,33499,0.0114975,0.07,1,2653429,2653005,424
195594161,18.6438,19.1836,423,33562,0.010599,0.07,1,2653451,2653028,423
195605841,51.2757,53.3055,423,33814,0.245599,0.03,1,2653677,2653254,423
195608761,52.3103,53.1222,423,33877,0.26024,0.03,1,2653730,2653307,423
195611681,39.5241,39.2489,424,33939,0.278096,0.03,1,2653761,2653337,424
195614601,31.4096,31.8996,423,34001,0.273238,0.01,1,2653787,2653364,423
195617521,31.7639,32.5598,422,34063,0.295295,0.01,1,2653819,2653397,422
195620441,30.7055,31.0239,422,34125,0.256118,0.01,1,2653849,2653427,422
195623361,13.4822,13.6096,422,34187,0.240447,0.01,1,2653851,2653429,422
195626281,19.1929,18.6438,423,34249,0.246179,0.01,1,2653874,2653451,423
195629201,43.6772,7.45753,483,34311,0.224472,0.17,1,2653934,2653451,483
195632121,60.0709,36.583,498,34373,0.215789,0.15,1,2654005,2653507,498
195637961,53.7713,53.9733,483,34496,0.213326,0.29,1,2654111,2653628,483
195640881,53.3085,50.9893,487,34557,0.23533,0.27,1,2654164,2653677,487
195643801,39.9234,52.1957,465,34618,0.256132,0.29,1,2654195,2653730,465
195646721,31.5694,39.4783,460,34679,0.240453,0.27,1,2654221,2653761,460
195649641,31.8277,31.3913,466,34740,0.234181,0.31,1,2654253,2653787,466
195652561,29.5311,31.7565,462,34801,0.231672,0.23,1,2654281,2653819,462
195655481,13.0124,30.7026,434,34862,0.230669,0.23,1,2654283,2653849,434
195658401,18.405,13.481,454,34923,0.230268,0.25,1,2654305,2653851,454
195661321,43.362,19.1924,491,34984,0.242107,0.21,1,2654365,2653874,491
195664241,58.7448,43.677,500,35044,0.282843,0.21,1,2654434,2653934,500
195675921,39.9615,53.3085,463,35284,0.415289,0.27,1,2654627,2654164,463
195678841,31.5846,39.9234,458,35344,0.448115,0.23,1,2654653,2654195,458
195737241,55.3223,54.044,451,36522,0.76762,0.63,2,2655379,2654928,451
195748921,36.2691,33.9515,455,36754,0.902611,0.67,2,2655555,2655100,455
195751841,33.7076,32.7806,455,36811,0.931044,0.69,2,2655587,2655132,455
195894921,32.3826,36.6894,484,39526,0.933539,1,2,2657459,2656975,484
195903681,31.8085,29.9241,496,39685,0.941747,1,2,2657564,2657068,496
195909521,36.2894,34.3079,494,39791,0.948679,1,2,2657628,2657134,494
195912441,34.9157,34.1231,494,39844,0.925472,1,2,2657662,2657168,494
195932881,30.5321,25.9026,506,40215,0.431138,0.89,1,2657935,2657429,506
195935801,32.0128,28.3611,509,40268,0.430455,1,1,2657968,2657459,509
195953321,32.4484,34.8993,494,40580,0.407208,0.83,1,2658156,2657662,494
195956241,38.7793,33.7597,504,40632,0.408883,0.67,1,2658199,2657695,504
195959161,52.1117,42.3039,517,40684,0.421553,0.71,1,2658260,2657743,517
195962081,38.8447,54.7216,484,40736,0.414621,0.65,1,2658290,2657806,484
195965001,34.1379,44.6886,477,40788,0.423849,0.55,1,2658321,2657844,477
195967921,31.0552,37.0754,474,40840,0.439539,0.47,1,2658350,2657876,474
196020481,30.927,30.9054,449,41761,0.760068,0.53,2,2658925,2658476,449
196029241,33.7073,32.5299,453,41912,0.796724,0.65,2,2659017,2658564,453
196055521,29.8896,29.0439,458,42362,0.90761,0.75,2,2659314,2658856,458
196058441,37.7558,36.8176,459,42412,0.921044,0.77,2,2659357,2658898,459
196061361,30.7023,30.927,458,42462,0.938418,0.73,2,2659383,2658925,458
196312481,65.9044,64.605,455,21945,0.939553,0.73,2,2662759,2662304,455
196423441,71.9646,78.9127,478,25356,0.440376,0.95,1,2665222,2664744,478
196426361,52.7859,51.9651,484,25440,0.266151,0.95,1,2665262,2664778,484
196432201,47.6857,64.1144,505,25606,0.0605841,1,1,2665376,2664871,505
196435121,75.4743,47.2458,563,25689,0.0542336,0.81,1,2665470,2664907,563
196438041,58.3897,79.4983,509,25771,0.0516935,0.81,1,2665517,2665008,509
196440961,44.9559,62.3993,494,25853,0.0506774,0.69,1,2665553,2665059,494
196449721,42.3812,71.9136,465,26098,0.0908433,0.15,1,2665687,2665222,465
196452641,64.9525,52.7654,505,26179,0.0423373,0,1,2665767,2665262,505
196455561,44.581,69.7062,455,26260,0.0229349,0.03,1,2665798,2665343,455
196458481,74.2324,47.6825,516,26341,0.039174,0.05,1,2665892,2665376,516
196461401,57.893,75.473,469,26421,0.0216696,0.05,1,2665939,2665470,469
196464321,45.3572,58.3892,459,26501,0.0266678,0.05,1,2665976,2665517,459
196467241,38.5429,44.9557,457,26581,0.0526671,0.15,1,2666010,2665553,457
196470161,57.4171,35.3823,498,26661,0.0750668,0.13,1,2666080,2665582,498
196478921,43.3707,64.9525,452,26898,0.0804043,0.01,1,2666219,2665767,452
196481841,18.5483,44.581,423,26977,0.0381617,0.05,1,2666221,2665798,423
196484761,65.0193,74.2324,425,27056,0.0332647,0.01,1,2666317,2665892,425
196487681,53.0077,57.893,423,27134,0.0673059,0.03,1,2666362,2665939,423
196490601,43.4031,45.3572,423,27212,0.0689224,0.07,1,2666399,2665976,423
196493521,39.5612,38.5429,426,27290,0.0815689,0.09,1,2666436,2666010,426
196496441,57.8245,57.4171,426,27368,0.0986276,0.15,1,2666506,2666080,426
196502281,62.4119,63.4267,426,27522,0.0961804,0.05,1,2666615,2666189,426
196511041,64.5704,65.0193,422,27753,0.0851155,0.09,1,2666739,2666317,422
196513961,54.0281,53.0077,424,27829,0.0760462,0.07,1,2666786,2666362,424
196516881,43.2113,43.4031,423,27905,0.0484185,0.09,1,2666822,2666399,423
196519801,40.0845,39.5612,424,27981,0.0853674,0.11,1,2666860,2666436,424
196528561,62.8534,62.4119,426,28207,0.227944,0.11,1,2667041,2666615,426
196531481,41.3414,40.5648,427,28282,0.265177,0.11,1,2667068,2666641,427
196534401,17.7365,17.4259,427,28357,0.256071,0.11,1,2667070,2666643,427
196537321,61.6946,6.97036,518,28432,0.252428,0.07,1,2667161,2666643,518
196540241,52.8778,60.3881,469,28506,0.226971,0.07,1,2667208,2666739,469
196543161,42.7511,52.3553,458,28580,0.228789,0.03,1,2667244,2666786,458
196546081,41.1005,42.5421,462,28654,0.229515,0.11,1,2667284,2666822,462
196549001,64.4402,39.8168,504,28728,0.241806,0.23,1,2667364,2666860,504
196551921,44.9761,59.7267,463,28802,0.234722,0.21,1,2667396,2666933,463
196554841,65.3904,43.0907,510,28876,0.267889,0.25,1,2667475,2666965,510
196557761,41.7562,62.8363,460,28949,0.281156,0.29,1,2667501,2667041,460
196560681,17.9025,41.3345,435,29022,0.286462,0.25,1,2667503,2667068,435
196578201,45.3444,64.4402,464,29457,0.416195,0.23,1,2667828,2667364,464
196630761,38.6936,37.232,452,30725,0.75627,0.63,2,2668609,2668157,452
196633681,63.4774,63.4928,451,30794,0.776508,0.67,2,2668689,2668238,451
196636601,46.391,45.1971,453,30863,0.796603,0.71,2,2668724,2668271,453
196768001,39.1886,31.1239,511,33811,0.916893,1,2,2670792,2670281,511
196773841,41.5502,50.9398,483,33936,0.791103,1,2,2670888,2670405,483
196788441,49.4623,47.1191,498,34246,0.41515,0.98,1,2671079,2670581,498
196803041,49.2217,38.4649,521,34554,0.291454,0.81,1,2671313,2670792,521
196814721,30.7273,31.8295,481,34798,0.407829,0.51,1,2671432,2670951,481
196817641,29.0909,33.1318,475,34859,0.421132,0.39,1,2671460,2670985,475
196820561,44.6364,33.6527,496,34920,0.438453,0.39,1,2671515,2671019,496
196823481,36.4545,49.4611,467,34981,0.445381,0.37,1,2671546,2671079,467
196870201,48.346,47.33,448,35935,0.757831,0.57,2,2672195,2671747,448
196873121,41.5384,41.132,448,35994,0.777133,0.59,2,2672232,2671784,448
196881881,31.2185,30.6644,452,36171,0.753177,0.61,2,2672324,2671872,452
196884801,30.4874,30.2658,452,36229,0.787271,0.65,2,2672354,2671902,452
196908161,42.4251,41.5384,459,36693,0.917831,0.69,2,2672691,2672232,459
196911081,36.77,37.6154,457,36751,0.937132,0.73,2,2672724,2672267,457
196914001,31.508,30.0461,460,36809,0.920853,0.77,2,2672752,2672292,460
197100881,30.4754,35.7871,500,40318,0.234577,1,1,2675179,2674679,500
197106721,38.2361,34.0459,512,40422,0.0771324,0.94,1,2675255,2674743,512
197109641,43.4944,40.0184,515,40474,0.0488529,0.95,1,2675302,2674787,515
197112561,33.5978,44.8073,494,40526,0.0255412,0.85,1,2675329,2674835,494
197115481,42.8391,36.5229,512,40578,0.0402165,0.77,1,2675378,2674866,512
197118401,37.5356,48.8092,489,40630,0.0580866,0.61,1,2675412,2674923,489
197121321,35.4143,45.9237,479,40682,0.0412346,0.61,1,2675446,2674967,479
197124241,23.1657,38.1695,461,40734,0.0344939,0.49,1,2675461,2675000,461
197127161,28.4663,27.8678,472,40786,0.0557975,0.47,1,2675493,2675021,472
197130081,27.5865,30.9471,466,40838,0.040319,0.43,1,2675520,2675054,466
197133001,29.6346,29.1788,469,40890,0.0701276,0.35,1,2675551,2675082,469
197135921,31.0538,31.4715,468,40942,0.082051,0.29,1,2675583,2675115,468
197138841,26.2215,34.1886,455,40994,0.0988204,0.17,1,2675606,2675151,455
197141761,28.4886,30.4754,457,41045,0.0935282,0.09,1,2675636,2675179,457
197147601,42.5982,38.2361,469,41147,0.0713645,0.03,1,2675724,2675255,469
197150521,33.2393,43.4944,449,41198,0.0585458,0.01,1,2675751,2675302,449
197153441,42.6957,33.5978,471,41249,0.0894183,0.05,1,2675800,2675329,471
197165121,28.9474,23.1657,455,41453,0.0974731,0.07,1,2675916,2675461,455
197185561,35.4881,35.9954,427,41810,0.236334,0.05,1,2676104,2675677,427
197188481,40.5952,42.5982,424,41860,0.244534,0.05,1,2676148,2675724,424
197191401,32.4381,33.2393,424,41910,0.283813,0.11,1,2676175,2675751,424
197194321,41.7752,42.6957,423,41960,0.275525,0.11,1,2676223,2675800,423
197197241,40.7101,38.6783,427,42010,0.28421,0.11,1,2676263,2675836,427
197200161,36.084,34.6713,428,42060,0.287684,0.11,1,2676296,2675868,428
197203081,22.8336,22.8685,427,42110,0.289074,0.09,1,2676310,2675883,427
197232281,32.8009,32.4381,435,42610,0.415471,0.27,1,2676610,2676175,435
197235201,41.9204,41.7752,435,42660,0.448188,0.29,1,2676658,2676223,435
197325721,25.3179,38.0227,465,44166,0.759773,0.57,2,2677644,2677179,465
197357841,34.5758,34.6073,455,44689,0.928559,0.75,2,2677954,2677499,455
197619181,224.239,254.088,450,21900,0.2356,0.49,1,2680934,2680484,450
197627941,83.0633,80.6297,478,22189,0.0983584,0.05,1,2681145,2680667,478
197630861,47.6253,74.8519,431,22285,0.0813434,0.09,1,2681169,2680738,431
197651301,44.7209,73.2377,449,22943,0.216481,0.07,1,2681594,2681145,449
197654221,35.8883,43.6951,455,23035,0.200592,0.15,1,2681624,2681169,455
197657141,49.1553,33.078,487,23127,0.230237,0.17,1,2681682,2681195,487
197660061,61.6621,46.8312,501,23219,0.242095,0.19,1,2681752,2681251,501
197662981,75.0649,62.5325,512,23310,0.270838,0.19,1,2681836,2681324,512
197668821,77.7704,85.9652,501,23492,0.447734,0.21,1,2682002,2681501,501
197703861,63.5821,62.3557,450,24554,0.764774,0.61,2,2682635,2682185,450
197709701,32.4931,31.8169,452,24726,0.795564,0.67,2,2682725,2682273,452
197718461,44.1996,43.2203,455,24982,0.902196,0.69,2,2682926,2682471,455
197727221,65.7808,63.5821,460,25236,0.933981,0.83,2,2683095,2682635,460
197814821,50.4645,44.8533,497,27644,0.942371,1,2,2684829,2684332,497
197817741,34.5858,32.3413,497,27721,0.934949,1,2,2684853,2684356,497
197820661,23.4343,23.7365,495,27797,0.931979,1,2,2684869,2684374,495
197826501,64.7095,63.6778,489,27949,0.759917,0.92,2,2685000,2684511,489
197844021,32.9431,34.5858,469,28401,0.263612,0.93,1,2685322,2684853,469
197846941,19.7772,13.8343,480,28476,0.231445,0.93,1,2685333,2684853,480
197852781,62.5644,35.4535,541,28624,0.0886312,0.67,1,2685459,2684918,541
197855701,78.4257,63.3814,548,28698,0.0654525,0.51,1,2685548,2685000,548
197858621,49.9703,84.7526,480,28772,0.092181,0.49,1,2685579,2685099,480
197867381,42.1021,72.3602,461,28992,0.0968596,0.27,1,2685730,2685269,461
197884901,50.5867,78.4256,456,29427,0.203055,0.11,1,2686004,2685548,456
197887821,47.2347,49.9702,470,29499,0.219222,0.11,1,2686049,2685579,470
197890741,68.0939,46.3881,508,29571,0.249689,0.11,1,2686131,2685623,508
197893661,42.2375,67.7552,451,29643,0.273876,0.09,1,2686156,2685705,451
197917021,48.7382,47.2347,435,30209,0.410009,0.27,1,2686484,2686049,435
197972501,51.8737,76.9739,483,31513,0.763146,0.67,2,2687329,2686846,483
197975421,51.9495,48.7896,505,31580,0.755258,0.71,2,2687381,2686876,505
197978341,72.3798,50.1158,540,31647,0.752103,0.69,2,2687467,2686927,540
197981261,46.3519,71.0463,484,31714,0.774841,0.69,2,2687496,2687012,484
197984181,32.9408,45.2185,480,31781,0.759937,0.69,2,2687520,2687040,480
197987101,20.3763,33.0874,467,31848,0.765975,0.73,2,2687532,2687065,467
197990021,9.35052,20.435,457,31914,0.76839,0.73,2,2687534,2687077,457
197992941,30.7402,9.37399,500,31980,0.781356,0.71,2,2687579,2687079,500
198001701,52.6074,80.1839,491,32178,0.934887,0.79,2,2687787,2687296,491
198121421,46.4335,20.7132,558,34770,0.905933,1,2,2689562,2689004,558
198136021,63.6329,28.8182,570,35073,0.920307,0.97,2,2689831,2689261,570
198141861,36.5813,46.6109,502,35193,0.938049,0.99,2,2689893,2689391,502
198144781,29.0325,37.2444,495,35253,0.92122,1,2,2689917,2689422,495
198290781,31.2232,20.714,530,38135,0.945616,1,2,2691905,2691375,530
198296621,46.1557,32.9542,545,38245,0.769299,1,2,2691991,2691446,545
198319981,30.4328,38.2375,488,38685,0.0829937,1,1,2692304,2691816,488
198322901,18.1731,27.895,477,38740,0.0511975,1,1,2692314,2691837,477
198325821,26.4692,34.558,470,38795,0.086479,0.91,1,2692346,2691876,470
198328741,24.3877,31.2232,464,38849,0.0645916,0.8,1,2692369,2691905,464
198331661,25.3551,29.8893,461,38903,0.0438366,0.71,1,2692395,2691934,461
198334581,40.742,46.1557,455,38957,0.0475347,0.41,1,2692446,2691991,455
198337501,51.0968,62.2623,440,39011,0.0850139,0.23,1,2692504,2692064,440
198360861,17.5961,18.1731,423,39443,0.0887527,0.11,1,2692737,2692314,423
198363781,26.8385,26.4692,424,39497,0.0775011,0.05,1,2692770,2692346,424
198366701,23.3354,24.3877,422,39550,0.0610004,0.03,1,2692791,2692369,422
198369621,24.9342,25.3551,422,39603,0.0664002,0.05,1,2692817,2692395,422
198372541,42.3737,40.742,425,39656,0.0565601,0.11,1,2692871,2692446,425
198375461,52.9495,51.0968,427,39709,0.040624,0.13,1,2692931,2692504,427
198378381,40.9798,40.8387,426,39762,0.0702496,0.11,1,2692964,2692538,426
198381301,36.7919,37.3355,425,39815,0.0580998,0.17,1,2692998,2692573,425
198384221,34.5168,32.9342,428,39868,0.0892399,0.19,1,2693031,2692603,428
198407581,25.2177,22.2222,450,40291,0.201631,0.07,1,2693241,2692791,450
198410501,41.8871,24.4889,477,40343,0.206652,0.05,1,2693294,2692817,477
198413421,52.1548,42.1955,482,40395,0.220661,0.03,1,2693353,2692871,482
198416341,41.2619,52.8782,456,40447,0.238264,0.09,1,2693387,2692931,456
198419261,36.9048,40.9513,457,40499,0.257306,0.05,1,2693421,2692964,457
198422181,36.3619,36.7805,459,40551,0.240922,0.11,1,2693457,2692998,459
198425101,36.7448,34.5122,463,40603,0.222369,0.13,1,2693494,2693031,463
198428021,38.0979,35.4049,466,40655,0.238948,0.15,1,2693533,2693067,466
198430941,24.2392,38.162,441,40707,0.233579,0.11,1,2693548,2693107,441
198433861,28.8957,23.6648,459,40759,0.267432,0.15,1,2693580,2693121,459
198436781,16.3583,28.0659,436,40811,0.280973,0.19,1,2693588,2693152,436
198439701,26.3433,16.0264,461,40863,0.286389,0.15,1,2693621,2693160,461
198454301,41.7802,52.1548,467,41121,0.427473,0.25,1,2693820,2693353,467
198518541,28.9989,27.6319,451,42235,0.764658,0.59,2,2694509,2694058,451
198521461,12.7995,12.2527,451,42285,0.779863,0.59,2,2694511,2694060,451
198524381,20.1198,19.3011,452,42335,0.797945,0.61,2,2694536,2694084,452
198568181,24.1065,8.04793,487,43076,0.917267,0.81,2,2695023,2694536,487
198571101,42.0426,18.8192,515,43125,0.924907,0.85,2,2695077,2694562,515
198734621,27.7727,23.9925,515,45783,0.94,1,2,2696949,2696434,515
198737541,27.9091,29.397,510,45829,0.916,1,2,2696977,2696467,510
198760901,36.0226,33.6317,519,46197,0.446259,1,1,2697246,2696727,519
198766741,31.8036,36.3411,506,46289,0.245401,1,1,2697314,2696808,506
198769661,23.5214,30.7364,497,46335,0.200161,1,1,2697332,2696835,497
198772581,28.6086,26.6946,505,46381,0.0860642,1,1,2697364,2696859,505
198775501,34.2434,31.0778,509,46426,0.0764257,1,1,2697402,2696893,509
198784261,29.3116,27.909,502,46561,0.0708912,0.87,1,2697479,2696977,502
198787181,30.9246,33.3636,497,46606,0.0823565,0.79,1,2697511,2697014,497
198790101,20.1699,34.9454,474,46651,0.0989426,0.81,1,2697524,2697050,474
198793021,24.8679,23.5782,486,46696,0.069577,0.63,1,2697552,2697066,486
198819301,33.498,28.6086,465,47101,0.228609,0.07,1,2697829,2697364,465
198822221,24.7992,34.2434,446,47146,0.229443,0.15,1,2697848,2697402,446
198825141,25.5197,25.6974,452,47191,0.229777,0.09,1,2697874,2697422,452
198828061,27.0079,25.2789,455,47236,0.229911,0.05,1,2697902,2697447,455
198830981,31.2031,29.3116,457,47281,0.241964,0.09,1,2697936,2697479,457
198833901,19.6813,30.9246,437,47326,0.246786,0.11,1,2697948,2697511,437
198836821,25.2725,20.1699,453,47371,0.296714,0.05,1,2697977,2697524,453
198848501,28.9718,29.7435,428,47547,0.416028,0.11,1,2698073,2697645,428
198851421,33.1887,34.0974,427,47591,0.436411,0.11,1,2698109,2697682,427
198854341,38.4755,37.639,429,47635,0.444564,0.17,1,2698151,2697722,429
198857261,28.5902,27.6556,430,47679,0.447826,0.17,1,2698173,2697743,430
198860181,22.2361,21.8622,430,47723,0.42513,0.17,1,2698191,2697761,430
198863101,28.0944,26.7449,432,47767,0.428052,0.27,1,2698223,2697791,432
198866021,35.2378,33.498,434,47811,0.429221,0.23,1,2698263,2697829,434
198868941,24.8951,24.7992,433,47855,0.441688,0.23,1,2698281,2697848,433
198871861,25.558,25.5197,433,47899,0.422675,0.23,1,2698307,2697874,433
198944861,35.6901,28.1034,488,48987,0.776713,0.63,2,2699004,2698516,488
198947781,38.276,33.4414,491,49030,0.784685,0.65,2,2699044,2698553,491
198950701,29.1104,37.3765,474,49073,0.799874,0.67,2,2699067,2698593,474
198991581,36.9012,30.7252,498,49673,0.907164,0.81,2,2699463,2698965,498
198994501,39.3605,35.6901,500,49715,0.920866,0.79,2,2699504,2699004,500
198997421,30.1442,38.276,484,49757,0.926346,0.81,2,2699528,2699044,484
199000341,22.8577,29.1104,479,49799,0.928539,0.81,2,2699546,2699067,479
199003261,28.3431,22.4442,493,49841,0.941415,0.81,2,2699578,2699085,493
199178461,30.1169,29.4315,511,52315,0.927998,1,2,2701279,2700768,511
199187221,34.6155,27.5156,529,52435,0.929392,1,2,2701381,2700852,529
199190141,32.4462,23.6062,539,52475,0.941757,1,2,2701412,2700873,539
199251461,99.941,103.099,485,24266,0.249469,0.41,1,2702073,2701588,485
199254381,69.9764,83.8395,464,24353,0.237788,0.41,1,2702123,2701659,464
199257301,50.1906,64.1358,450,24440,0.245115,0.29,1,2702160,2701710,450
199260221,62.0762,51.4543,477,24527,0.272046,0.27,1,2702230,2701753,477
199263141,68.0305,56.5817,489,24613,0.294818,0.15,1,2702302,2701813,489
199277741,54.3923,54.2376,435,25041,0.417941,0.25,1,2702558,2702123,435
199283581,58.9828,59.558,434,25210,0.44247,0.31,1,2702664,2702230,434
199286501,67.3931,67.0232,435,25294,0.446988,0.31,1,2702737,2702302,435
199330301,59.5257,44.7553,520,26522,0.770851,0.63,2,2703558,2703038,520
199347821,42.0925,58.2146,459,26998,0.926964,0.73,2,2703855,2703396,459
199470461,52.0566,56.3029,483,30115,0.7564,1,2,2706043,2705560,483
199476301,61.0091,68.7685,476,30255,0.429424,1,1,2706156,2705680,476
199482141,48.4014,42.803,491,30395,0.261908,1,1,2706254,2705763,491
199490901,32.6177,32.2594,482,30603,0.0928421,1,1,2706344,2705862,482
199493821,34.6471,41.1038,471,30672,0.0791368,0.71,1,2706380,2705909,471
199496741,64.8588,74.6415,459,30741,0.0736547,0.71,1,2706465,2706006,459
199499661,45.1435,52.0566,454,30810,0.0954619,0.51,1,2706497,2706043,454
199520101,32.2052,32.6177,424,31288,0.253085,0.07,1,2706768,2706344,424
199523021,34.4821,13.0471,460,31356,0.251234,0.07,1,2706804,2706344,460
199525941,65.9928,26.8188,511,31423,0.238494,0.07,1,2706891,2706380,511
199528861,45.5971,61.7275,458,31490,0.245397,0.11,1,2706923,2706465,458
199531781,41.6389,43.891,465,31557,0.236159,0.13,1,2706962,2706497,465
199534701,53.2555,40.3564,488,31624,0.232464,0.11,1,2707023,2706535,488
199537621,49.5022,53.3426,473,31691,0.254985,0.13,1,2707070,2706597,473
199540541,45.0009,48.937,469,31758,0.275994,0.19,1,2707112,2706643,469
199543461,34.8004,44.1748,456,31825,0.284398,0.19,1,2707140,2706684,456
199546381,27.7201,33.2699,453,31891,0.275759,0.21,1,2707163,2706710,453
199549301,33.2881,26.508,468,31957,0.260304,0.29,1,2707200,2706732,468
199558061,46.0504,65.9925,465,32155,0.416739,0.25,1,2707356,2706891,465
199560981,41.8202,45.597,472,32221,0.424696,0.23,1,2707395,2706923,472
199563901,52.7281,41.6388,493,32287,0.427878,0.23,1,2707455,2706962,493
199613541,35.8359,35.3155,450,33383,0.761022,0.57,2,2708122,2707672,450
199616461,70.7344,69.3262,452,33446,0.790409,0.61,2,2708216,2707764,452
199619381,29.4937,28.9305,452,33509,0.778164,0.69,2,2708218,2707766,452
199622301,33.3975,31.9722,454,33572,0.773265,0.69,2,2708254,2707800,454
199628141,52.2636,50.8356,456,33698,0.907322,0.71,2,2708355,2707899,456
199636901,36.4889,36.0615,458,33887,0.942709,0.75,2,2708482,2708024,458
199771221,41.6104,36.8132,503,36646,0.9184,1,2,2710407,2709904,503
199800421,37.2255,14.215,537,37218,0.444226,1,1,2710796,2710259,537
199809181,29.4544,40.2458,494,37389,0.28499,0.83,1,2710901,2710407,494
199812101,25.5818,32.8983,489,37446,0.275996,0.89,1,2710924,2710435,489
199815021,28.2327,27.5593,495,37502,0.272398,0.77,1,2710954,2710459,495
199817941,64.6931,33.2237,547,37558,0.282959,0.55,1,2711043,2710496,547
199820861,46.2772,75.0895,478,37614,0.275184,0.47,1,2711077,2710599,478
199823781,37.1109,51.0358,474,37670,0.272074,0.53,1,2711108,2710634,474
199826701,29.2444,39.6143,466,37726,0.246829,0.43,1,2711132,2710666,466
199829621,29.6977,32.6457,468,37782,0.224732,0.45,1,2711162,2710694,468
199832541,33.4791,28.6583,478,37838,0.239893,0.47,1,2711198,2710720,478
199835461,36.1916,33.0633,480,37894,0.233957,0.43,1,2711236,2710756,480
199838381,40.2767,37.2253,483,37950,0.243583,0.31,1,2711279,2710796,483
199841301,35.3107,43.0901,468,38006,0.283433,0.27,1,2711311,2710843,468
199847141,25.4497,29.4544,458,38118,0.286549,0.27,1,2711359,2710901,458
199850061,27.5799,25.5818,464,38173,0.28862,0.27,1,2711388,2710924,464
199858821,36.9251,46.2772,465,38338,0.407512,0.27,1,2711542,2711077,465
199861741,26.77,37.1109,454,38393,0.421005,0.23,1,2711562,2711108,454
199864661,29.908,29.2444,462,38448,0.402402,0.21,1,2711594,2711132,462
199867581,33.5632,29.6977,468,38503,0.442961,0.25,1,2711630,2711162,468
199870501,36.8253,33.4791,471,38558,0.447184,0.23,1,2711669,2711198,471
199873421,41.1301,36.1916,477,38613,0.448874,0.25,1,2711713,2711236,477
199876341,17.652,40.2767,436,38668,0.449549,0.31,1,2711715,2711279,436
199934741,38.5189,38.5874,450,39745,0.769038,0.61,2,2712435,2711985,450
199937661,27.4076,27.435,450,39798,0.793615,0.57,2,2712455,2712005,450
199972701,39.5142,48.2523,491,40430,0.941374,0.79,2,2712894,2712403,491
199975621,27.8057,38.5009,479,40482,0.93455,0.81,2,2712914,2712435,479
199978541,29.7223,27.4004,490,40534,0.94382,0.81,2,2712945,2712455,490
200121621,333.542,344.369,490,18980,0.766,1,2,2714664,2714174,490
200177101,99.2828,36.2765,593,21002,0.77384,0.67,2,2716150,2715557,593
200180021,40.9131,97.9106,456,21103,0.783536,0.79,2,2716152,2715696,456
200185861,78.4261,87.5457,459,21304,0.906566,0.75,2,2716324,2715865,459
200253021,73.0389,76.1444,539,23487,0.930091,0.93,2,2717879,2717340,539
200255941,48.4156,65.2578,513,23577,0.906036,1,2,2717911,2717398,513
200273461,46.0961,64.0973,472,24112,0.922345,0.91,2,2718272,2717800,472
200276381,60.4384,73.0389,463,24200,0.944938,0.89,2,2718342,2717879,463
200434061,46.0324,51.1572,523,28545,0.434589,1,1,2721402,2720879,523
200439901,50.4452,61.2251,531,28693,0.255534,1,1,2721523,2720992,531
200442821,35.7781,59.8901,498,28767,0.228214,1,1,2721549,2721051,498
200477861,53.5674,57.9245,480,29638,0.225511,0.11,1,2722143,2721663,480
200480781,43.0269,55.5698,462,29709,0.216205,0.09,1,2722179,2721717,462
200483701,49.0108,43.8279,479,29780,0.272482,0.13,1,2722232,2721753,479
200486621,20.8043,48.1312,430,29851,0.270993,0.15,1,2722234,2721804,430
200498301,33.4606,35.2402,427,30134,0.406537,0.13,1,2722412,2721985,427
200501221,37.3842,36.2961,430,30204,0.420615,0.23,1,2722452,2722022,430
200562541,59.9422,38.421,525,31642,0.794393,0.63,2,2723420,2722895,525
200577141,32.6932,21.4654,492,31975,0.910256,0.71,2,2723611,2723119,492
200585901,35.2604,48.2218,483,32173,0.915296,0.73,2,2723760,2723277,483
200588821,41.1041,34.8887,502,32239,0.912119,0.75,2,2723805,2723303,502
200594661,58.0567,59.9422,517,32370,0.917539,0.81,2,2723937,2723420,517
200597581,47.2227,57.5769,501,32435,0.949016,0.85,2,2723977,2723476,501
200693941,51.5668,54.7746,520,34521,0.915933,1,2,2725402,2724882,520
200696861,56.0267,47.1098,537,34582,0.792373,1,2,2725461,2724924,537
200705621,53.5537,33.999,548,34765,0.403752,1,1,2725593,2725045,548
200708541,55.6215,60.3996,527,34826,0.287501,0.95,1,2725650,2725123,527
200717301,29.2638,28.5136,514,35008,0.06568,1,1,2725737,2725223,514
200720221,38.1055,30.6054,526,35068,0.056272,0.94,1,2725781,2725255,526
200723141,34.4422,41.0422,510,35128,0.0405088,1,1,2725813,2725303,510
200726061,44.3769,40.4169,521,35188,0.0222035,0.87,1,2725864,2725343,521
200728981,47.1508,51.5667,511,35248,0.0508814,0.71,1,2725913,2725402,511
200731901,37.4603,56.0267,483,35308,0.0623526,0.69,1,2725944,2725461,483
200769861,31.4353,30.5841,427,36079,0.227065,0.11,1,2726397,2725970,427
200772781,47.9741,45.8336,430,36138,0.276826,0.15,1,2726456,2726026,430
200796141,39.9675,41.5511,426,36602,0.407311,0.19,1,2726713,2726287,426
200799061,48.987,47.2204,430,36660,0.420924,0.21,1,2726768,2726338,430
200801981,40.5948,38.0882,433,36718,0.43837,0.25,1,2726803,2726370,433
200804901,31.8379,31.4353,432,36776,0.421348,0.31,1,2726829,2726397,432
200807821,49.9352,47.9741,435,36833,0.414539,0.33,1,2726891,2726456,435
200810741,51.7741,50.3896,436,36890,0.423816,0.31,1,2726944,2726508,436
200813661,35.7096,35.1559,436,36947,0.415526,0.33,1,2726969,2726533,436
200816581,34.0839,33.2623,437,37004,0.436211,0.35,1,2727002,2726565,437
200866221,40.8838,32.0196,491,37963,0.753678,0.49,2,2727598,2727107,491
200869141,51.1535,40.4079,503,38019,0.763471,0.51,2,2727656,2727153,503
200872061,41.4614,50.3631,481,38075,0.779388,0.51,2,2727691,2727210,481
200874981,33.3846,40.5453,475,38130,0.773755,0.57,2,2727719,2727244,475
200877901,51.7538,31.8181,513,38185,0.771502,0.61,2,2727783,2727270,513
200892501,14.0602,31.2109,459,38460,0.903129,0.73,2,2727933,2727474,459
200895421,31.4241,13.6844,500,38515,0.907252,0.73,2,2727976,2727476,500
200898341,31.7696,31.2738,489,38570,0.908901,0.73,2,2728008,2727519,489
200901261,13.9079,31.7095,459,38625,0.90956,0.77,2,2728010,2727551,459
200904181,34.3631,40.8838,460,38680,0.909824,0.77,2,2728058,2727598,460
200912941,32.6072,33.3846,460,38844,0.939269,0.77,2,2728179,2727719,460
201076461,39.1254,44.7174,493,41779,0.762621,1,2,2730242,2729749,493
201085221,33.488,35.2139,496,41930,0.405208,1,1,2730354,2729858,496
201120261,36.4251,42.0501,447,42530,0.282691,0.49,1,2730733,2730286,447
201123181,36.77,40.2201,445,42580,0.287076,0.31,1,2730770,2730325,445
201126101,30.308,33.488,442,42630,0.27683,0.35,1,2730796,2730354,442
201129021,26.5232,30.1952,438,42680,0.224732,0.27,1,2730820,2730382,438
201131941,31.6093,34.2781,436,42729,0.203893,0.31,1,2730855,2730419,436
201134861,30.6437,31.7112,436,42778,0.207557,0.37,1,2730885,2730449,436
201155301,34.6766,31.1568,470,43121,0.205528,0.35,1,2731099,2730629,470
201158221,31.8706,31.6627,468,43170,0.208211,0.27,1,2731129,2730661,468
201161141,35.5483,33.0651,472,43219,0.209284,0.27,1,2731167,2730695,472
201164061,35.8193,36.026,470,43268,0.245714,0.29,1,2731203,2730733,470
201166981,29.3277,36.6104,458,43317,0.248286,0.27,1,2731228,2730770,458
201169901,24.3311,30.2442,453,43366,0.237314,0.19,1,2731249,2730796,453
201172821,30.7324,26.4977,464,43415,0.268926,0.19,1,2731284,2730820,464
201187421,28.172,36.6169,451,43657,0.416485,0.15,1,2731424,2730973,451
201190341,26.8688,28.4468,454,43705,0.436594,0.15,1,2731450,2730996,454
201193261,39.5475,26.9787,476,43753,0.432638,0.23,1,2731498,2731022,476
201275021,27.3109,27.6415,450,45083,0.767407,0.57,2,2732343,2731893,450
201277941,39.7243,39.8566,450,45130,0.768963,0.57,2,2732391,2731941,450
201280861,17.0897,17.1426,450,45177,0.793585,0.59,2,2732393,2731943,450
201295461,29.1209,29.0024,451,45411,0.929582,0.63,2,2732557,2732106,451
201298381,25.4484,24.801,452,45457,0.929833,0.63,2,2732580,2732128,452
201301301,33.5793,32.7204,453,45503,0.941933,0.69,2,2732619,2732166,453
201304221,33.8317,32.8882,454,45549,0.922773,0.69,2,2732653,2732199,454
201307141,24.9327,23.9553,455,45595,0.927109,0.65,2,2732672,2732217,455
201315901,30.8037,29.2771,459,45733,0.946375,0.79,2,2732776,2732317,459
201318821,28.5215,27.3109,460,45779,0.93655,0.77,2,2732803,2732343,460
201321741,40.2086,39.7243,460,45825,0.93262,0.81,2,2732851,2732391,460
201327581,27.3134,26.0359,462,45917,0.940019,0.85,2,2732887,2732425,462
201330501,30.1254,10.4144,494,45963,0.934008,0.85,2,2732919,2732425,494
201499861,29.8837,31.7609,492,48554,0.9148,0.94,2,2734734,2734242,492
201508621,31.6726,32.1287,502,48683,0.904547,1,2,2734834,2734332,502
201689661,21.0152,33.5197,502,51295,0.946,1,2,2736652,2736150,502
201692581,21.6061,28.4079,499,51336,0.9124,1,2,2736674,2736175,499
201698421,35.617,33.1053,508,51418,0.919984,1,2,2736751,2736243,508
201707181,26.7835,24.4627,499,51541,0.906799,1,2,2736821,2736322,499
201721781,33.8147,36.527,499,51746,0.293014,1,1,2736995,2736496,499
201724701,30.3259,32.6108,497,51787,0.207205,1,1,2737023,2736526,497
201730541,32.2121,16.0177,545,51869,0.0895529,1,1,2737089,2736544,545
201736381,21.1139,31.8428,518,51951,0.0851285,1,1,2737124,2736606,518
201739301,12.0456,32.5371,491,51992,0.0520514,0.91,1,2737130,2736639,491
201742221,16.2182,20.8149,497,52032,0.0388206,0.89,1,2737149,2736652,497
201745141,26.8873,21.5259,509,52072,0.0455282,1,1,2737183,2736674,509
201748061,34.7549,32.0104,510,52112,0.0722113,0.89,1,2737223,2736713,510
201750981,25.902,35.6042,492,52152,0.0708845,0.82,1,2737243,2736751,492
201753901,15.7608,28.6417,477,52192,0.0583538,0.88,1,2737252,2736775,477
201759741,27.1217,26.7827,493,52272,0.0705366,0.75,1,2737314,2736821,493
201762661,21.0487,33.5131,472,52312,0.0822146,0.57,1,2737331,2736859,472
201765581,29.4195,29.6052,480,52352,0.0988859,0.37,1,2737366,2736886,480
201768501,29.7678,35.8421,470,52392,0.0935543,0.27,1,2737396,2736926,470
201797701,32.8028,26.8873,462,52792,0.0735966,0.09,1,2737645,2737183,462
201800621,25.7211,34.7549,443,52832,0.0474386,0.07,1,2737666,2737223,443
201803541,15.0884,25.902,431,52872,0.0369755,0.05,1,2737674,2737243,431
201821061,30.927,29.7678,457,53112,0.0908619,0.11,1,2737853,2737396,457
201873621,30.84,30.927,427,53819,0.217755,0.11,1,2738280,2737853,427
201876541,27.936,27.9708,427,53858,0.261102,0.13,1,2738306,2737879,427
201923261,29.7387,29.0999,431,54482,0.438403,0.25,1,2738679,2738248,431
201993341,12.7503,13.518,458,55399,0.758343,0.55,2,2739269,2738811,458
201996261,14.7001,12.6072,462,55437,0.777337,0.51,2,2739285,2738823,462
201999181,10.6801,14.6429,454,55475,0.784935,0.51,2,2739293,2738839,454
202002101,16.872,10.6571,467,55513,0.787974,0.53,2,2739314,2738847,467
202051741,10.8223,14.7001,468,56158,0.904838,0.79,2,2739753,2739285,468
202054661,5.52894,10.6801,462,56195,0.907935,0.79,2,2739755,2739293,462
202057581,14.2116,16.872,461,56232,0.933174,0.81,2,2739775,2739314,461
202060501,29.0846,29.5488,462,56269,0.94327,0.83,2,2739814,2739352,462
202063421,33.8339,33.4195,463,56306,0.923308,0.83,2,2739851,2739388,463
202311621,82.9137,61.6799,507,27244,0.408757,0.51,1,2742380,2741873,507
202320381,74.9305,67.1155,482,27477,0.4104,0.29,1,2742587,2742105,482
202323301,53.3722,72.4462,445,27554,0.44616,0.25,1,2742626,2742181,445
202364181,61.2849,37.0642,523,28611,0.772384,0.61,2,2743272,2742749,523
202367101,57.514,58.0257,506,28685,0.794953,0.67,2,2743327,2742821,506
202381701,29.1547,44.7436,473,29052,0.926332,0.73,2,2743581,2743108,473
202384621,23.6619,28.6974,475,29125,0.916533,0.71,2,2743601,2743126,475
202387541,42.4648,22.279,512,29198,0.912613,0.77,2,2743656,2743144,512
202390461,63.7859,40.7116,537,29271,0.947045,0.79,2,2743734,2743197,537
202393381,57.9144,61.2846,516,29343,0.936818,0.81,2,2743788,2743272,516
202489741,64.9021,81.1412,522,31636,0.92824,1,2,2745430,2744908,522
202495581,33.9043,47.6626,501,31770,0.790518,1,2,2745489,2744988,501
202498501,39.3617,37.665,513,31837,0.766207,1,2,2745532,2745019,513
202536461,36.1528,36.4179,494,32689,0.769205,0.75,2,2746096,2745602,494
202539381,34.8611,37.3672,490,32754,0.757682,0.73,2,2746130,2745640,490
202542301,15.1444,35.9469,457,32819,0.753073,0.67,2,2746132,2745675,457
202559821,34.5283,35.7625,456,33203,0.904196,0.73,2,2746446,2745990,456
202562741,35.4113,34.705,458,33267,0.919679,0.75,2,2746482,2746024,458
202565661,35.7645,34.882,459,33331,0.937871,0.79,2,2746518,2746059,459
202702901,34.5757,33.4661,492,36191,0.758128,1,2,2748492,2748000,492
202711661,69.1008,63.1018,499,36365,0.27724,1,1,2748672,2748173,499
202717501,35.6561,46.4563,483,36481,0.0911584,1,1,2748734,2748251,483
202723341,39.425,33.593,495,36597,0.0589853,1,1,2748810,2748315,495
202726261,27.17,30.2372,486,36655,0.0775941,0.92,1,2748829,2748343,486
202729181,19.868,29.4949,472,36713,0.0970377,0.85,1,2748844,2748372,472
202740861,29.2462,36.6303,444,36942,0.0971882,0.45,1,2748974,2748530,444
202743781,46.4985,51.2521,441,36999,0.0688753,0.11,1,2749032,2748591,441
202758381,37.4563,25.505,464,37284,0.0813357,0.03,1,2749231,2748767,464
202761301,28.7825,36.002,444,37341,0.0385343,0.09,1,2749254,2748810,444
202764221,21.113,25.8008,441,37398,0.0454137,0.11,1,2749270,2748829,441
202767141,33.6452,19.3203,468,37454,0.0721655,0.11,1,2749312,2748844,468
202770061,34.4581,34.1281,459,37510,0.0588662,0.13,1,2749347,2748888,459
202772981,26.3832,33.4513,447,37566,0.0895465,0.15,1,2749368,2748921,447
202784661,41.2834,61.1972,454,37790,0.213156,0.13,1,2749557,2749103,454
202787581,33.9134,41.8789,454,37846,0.211263,0.17,1,2749586,2749132,454
202790501,31.5653,32.3515,458,37902,0.210505,0.11,1,2749616,2749158,458
202793421,34.8261,32.1406,463,37958,0.222202,0.05,1,2749653,2749190,463
202796341,28.3305,37.4562,446,38014,0.214881,0.01,1,2749677,2749231,446
202802181,33.5729,21.113,465,38125,0.213181,0.09,1,2749735,2749270,465
202805101,35.6291,33.6452,460,38180,0.223272,0.05,1,2749772,2749312,460
202808021,27.4517,34.4581,447,38235,0.251309,0.11,1,2749794,2749347,447
202810941,28.9807,26.3832,456,38290,0.274524,0.11,1,2749824,2749368,456
202813861,46.3923,28.5533,484,38345,0.283809,0.19,1,2749882,2749398,484
202843061,35.6936,35.6291,433,38893,0.423528,0.27,1,2750205,2749772,433
202845981,28.6774,27.4517,435,38947,0.415411,0.29,1,2750229,2749794,435
202848901,30.071,28.9807,436,39001,0.424165,0.29,1,2750260,2749824,436
202851821,46.8284,46.3923,436,39055,0.403666,0.33,1,2750318,2749882,436
202854741,68.5314,67.1569,438,39109,0.431466,0.35,1,2750401,2749963,438
202930661,71.3197,47.2426,539,40489,0.781424,0.69,2,2751299,2750760,539
202933581,46.5279,70.497,483,40541,0.79857,0.69,2,2751329,2750846,483
202954021,34.3861,16.8656,503,40905,0.913531,0.73,2,2751514,2751011,503
202956941,37.1544,34.3462,496,40957,0.935412,0.69,2,2751553,2751057,496
203165721,188.01,182.233,527,19818,0.202,0.96,1,2754115,2753588,527
203168641,141.804,155.093,501,19925,0.0868,0.75,1,2754226,2753725,501
203171561,97.5216,102.237,502,20031,0.06472,0.45,1,2754294,2753792,502
203174481,70.2086,93.6949,466,20137,0.079888,0.13,1,2754346,2753880,466
203177401,67.6835,74.078,471,20242,0.0619552,0,1,2754412,2753941,471
203180321,43.8734,68.0312,435,20347,0.0427821,0,1,2754440,2754005,435
203183241,77.5494,41.6125,511,20451,0.0591128,0.07,1,2754540,2754029,511
203186161,95.8197,68.245,533,20555,0.0656451,0.01,1,2754648,2754115,533
203189081,79.7279,93.898,491,20658,0.0442581,0.05,1,2754717,2754226,491
203192001,63.0912,78.3592,475,20761,0.0477032,0.09,1,2754769,2754294,475
203194921,64.8365,62.5437,489,20863,0.0370813,0.05,1,2754835,2754346,489
203197841,42.7346,64.6175,451,20965,0.0148325,0.03,1,2754863,2754412,451
203200761,18.2938,42.647,425,21066,0.035933,0.07,1,2754865,2754440,425
203203681,67.3175,77.0588,425,21167,0.0443732,0.07,1,2754965,2754540,425
203206601,91.727,95.6235,425,21267,0.0477493,0.03,1,2755073,2754648,425
203209521,76.8908,79.6494,423,21367,0.0610997,0.05,1,2755140,2754717,423
203212441,62.5563,63.0598,424,21466,0.0304399,0.03,1,2755193,2754769,424
203215361,64.0225,64.8239,423,21565,0.018176,0,1,2755258,2754835,423
203218281,43.009,42.7296,424,21663,0.00727038,0.05,1,2755287,2754863,424
203221201,18.4036,18.2918,424,21761,0.00890815,0.05,1,2755289,2754865,424
203224121,66.1614,67.3167,422,21858,0.0575633,0.05,1,2755387,2754965,422
203241641,18.3758,18.4036,422,22434,0.0960265,0.09,1,2755711,2755289,422
203244561,67.3503,66.1614,424,22529,0.0384106,0.09,1,2755811,2755387,424
203247481,94.1401,26.4646,536,22623,0.0453642,0.18,1,2755923,2755387,536
203250401,77.8561,75.3858,495,22717,0.0721457,0.13,1,2755990,2755495,495
203253321,63.5424,70.9543,481,22810,0.0828583,0.17,1,2756044,2755563,481
203267921,96.1102,67.2853,538,23271,0.0853957,0.05,1,2756349,2755811,538
203294201,55.7244,78.0441,427,24078,0.250788,0.17,1,2756842,2756415,427
203297121,57.0898,63.6176,431,24166,0.274315,0.13,1,2756900,2756469,431
203300041,61.2359,65.647,428,24254,0.283726,0.13,1,2756964,2756536,428
203308801,62.8871,62.5694,429,24515,0.405758,0.18,1,2757087,2756658,429
203329241,18.6492,17.7177,440,25114,0.752977,0.45,2,2757434,2756994,440
203332161,64.4597,62.8871,442,25198,0.775191,0.53,2,2757529,2757087,442
203335081,99.5839,95.9548,447,25282,0.760076,0.53,2,2757652,2757205,447
203338001,41.0335,39.5819,447,25366,0.754031,0.61,2,2757654,2757207,447
203343841,61.0454,22.8931,512,25533,0.757845,0.61,2,2757788,2757276,512
203346761,65.8181,45.1572,521,25616,0.753138,0.71,2,2757857,2757336,521
203349681,46.7273,57.0629,490,25699,0.751255,0.77,2,2757891,2757401,490
203352601,19.8909,41.4252,461,25781,0.750502,0.77,2,2757893,2757432,461
203355521,64.3564,17.7701,553,25863,0.798201,0.79,2,2757987,2757434,553
203364281,60.0148,40.9773,529,26108,0.902845,0.73,2,2758183,2757654,529
203475241,40.0061,65.9617,499,29029,0.443248,1,1,2760239,2759740,499
203486921,88.9218,44.3558,595,29320,0.0427391,0.95,1,2760470,2759875,595
203489841,51.1687,93.9423,494,29392,0.0230957,0.97,1,2760496,2760002,494
203492761,52.8675,53.1769,522,29464,0.0752383,0.79,1,2760550,2760028,522
203495681,39.747,58.4708,491,29536,0.0720953,0.63,1,2760581,2760090,491
203498601,62.0988,46.7883,529,29608,0.0708381,0.39,1,2760658,2760129,529
203501521,37.4395,74.5153,457,29679,0.0823353,0.39,1,2760679,2760222,457
203504441,32.3758,40.0061,469,29750,0.0989341,0.23,1,2760708,2760239,469
203516121,83.432,88.9218,423,30034,0.0644047,0.01,1,2760893,2760470,423
203519041,49.5728,51.1687,424,30104,0.0437619,0.11,1,2760920,2760496,424
203521961,52.8291,52.8675,425,30174,0.0835048,0.07,1,2760975,2760550,425
203536561,24.684,23.7503,429,30523,0.21794,0.13,1,2761155,2760726,429
203539481,11.0736,10.7001,429,30592,0.225176,0.11,1,2761157,2760728,429
203542401,32.0294,33.0801,427,30661,0.25207,0.03,1,2761203,2760776,427
203545321,80.0118,83.432,422,30730,0.250828,0.03,1,2761315,2760893,422
203548241,48.2047,49.5728,422,30799,0.214331,0.11,1,2761342,2760920,422
203565761,25.826,24.684,433,31209,0.205394,0.23,1,2761588,2761155,433
203583281,41.4096,55.7118,461,31614,0.205569,0.15,1,2761864,2761403,461
203586201,63.3638,40.8847,508,31681,0.280228,0.17,1,2761942,2761434,508
203630001,32.8702,11.4621,486,32668,0.413523,0.37,1,2762505,2762019,486
203659201,11.7306,11.6756,441,33310,0.768644,0.43,2,2762899,2762458,441
203665041,80.2369,77.9481,446,33436,0.796183,0.49,2,2763059,2762613,446
203676721,40.2189,39.1283,450,33688,0.908334,0.69,2,2763187,2762737,450
203679641,68.8875,64.8513,456,33751,0.945334,0.73,2,2763275,2762819,456
203705921,52.8473,12.0472,531,34311,0.94756,0.91,2,2763620,2763089,531
203708841,40.3389,43.8189,498,34373,0.937024,0.93,2,2763652,2763154,498
203843161,29.7218,31.3916,498,37096,0.94744,1,2,2765563,2765065,498
203846081,34.0887,32.3566,502,37153,0.912976,1,2,2765600,2765098,502
203857761,33.7239,35.0283,516,37381,0.404924,1,1,2765764,2765248,516
203860681,33.2895,32.6113,518,37438,0.28797,1,1,2765797,2765279,518
203866521,61.7263,32.9378,570,37550,0.0952751,1,1,2765912,2765342,570
203869441,46.2905,71.9751,508,37606,0.0561101,1,1,2765948,2765440,508
203872361,38.9162,50.39,506,37662,0.022444,0.99,1,2765982,2765476,506
203875281,31.7665,38.756,502,37718,0.0149776,0.96,1,2766009,2765507,502
203878201,26.5066,32.3024,497,37774,0.011991,0.93,1,2766032,2765535,497
203881121,29.8026,29.721,501,37830,0.0107964,0.89,1,2766064,2765563,501
203884041,43.1211,34.0884,516,37886,0.0103186,0.63,1,2766116,2765600,516
203886961,37.6484,51.4354,487,37942,0.0341274,0.51,1,2766150,2765663,487
203889881,29.4594,42.7741,474,37998,0.043651,0.41,1,2766174,2765700,474
203892801,25.5837,36.3097,465,38054,0.0354604,0.35,1,2766197,2765732,465
203895721,28.8335,33.7239,464,38110,0.0561842,0.21,1,2766228,2765764,464
203898641,30.1334,33.2895,462,38165,0.0404737,0.13,1,2766259,2765797,462
203901561,57.6534,34.3158,503,38220,0.0341895,0.03,1,2766335,2765832,503
203904481,44.0613,61.7263,458,38275,0.0316758,0.03,1,2766370,2765912,458
203907401,38.0245,46.2905,456,38330,0.0306703,0,1,2766404,2765948,456
203910321,30.8098,38.9162,448,38385,0.0422681,0.01,1,2766430,2765982,448
203913241,26.7239,31.7665,445,38440,0.0469072,0.01,1,2766454,2766009,445
203916161,29.8896,26.5066,454,38495,0.0187629,0.01,1,2766486,2766032,454
203919081,43.1558,29.8026,474,38550,0.0375052,0.01,1,2766538,2766064,474
203922001,38.2623,43.1211,457,38605,0.0570021,0.05,1,2766573,2766116,457
203924921,16.5049,37.6484,425,38660,0.0648008,0.05,1,2766575,2766150,425
203933681,28.2483,28.8335,424,38824,0.0581472,0.03,1,2766652,2766228,424
203936601,28.6993,30.1334,422,38878,0.0892589,0.03,1,2766681,2766259,422
203939521,57.0797,57.6534,422,38932,0.0417036,0.03,1,2766757,2766335,422
203942441,43.8319,44.0613,422,38986,0.0346814,0.03,1,2766792,2766370,422
203945361,39.1328,38.0245,424,39040,0.0198726,0.05,1,2766828,2766404,424
203948281,30.6531,30.8098,423,39094,0.025949,0.05,1,2766853,2766430,423
203951201,26.0612,26.7239,422,39148,0.0163796,0,1,2766876,2766454,422
203954121,30.8245,29.8896,424,39202,0.00655184,0.05,1,2766910,2766486,424
203957041,42.9298,43.1558,423,39256,0.0206207,0.07,1,2766961,2766538,423
203959961,39.3719,38.2623,425,39310,0.0382483,0.07,1,2766998,2766573,425
203962881,16.9488,16.5049,425,39364,0.0452993,0.15,1,2767000,2766575,425
203965801,22.9795,19.802,430,39418,0.0841197,0.09,1,2767027,2766597,430
203977481,55.8459,57.0797,422,39632,0.0620095,0.03,1,2767179,2766757,422
203980401,43.3383,43.8319,422,39685,0.0308038,0.01,1,2767214,2766792,422
203983321,38.9353,39.1328,422,39738,0.0183215,0.03,1,2767250,2766828,422
203986241,30.5741,30.6531,422,39791,0.0133286,0.01,1,2767275,2766853,422
203989161,26.0297,26.0612,422,39844,0.0113314,0,1,2767298,2766876,422
203992081,31.4119,30.8245,423,39897,0.00453258,0.03,1,2767333,2766910,423
203995001,42.5647,42.9298,422,39950,0.019813,0.05,1,2767383,2766961,422
203997921,40.4259,39.3719,424,40003,0.00792521,0.05,1,2767422,2766998,424
204000841,17.3704,16.9488,424,40056,0.00917008,0.11,1,2767424,2767000,424
204003761,24.9481,22.9795,427,40109,0.033668,0.11,1,2767454,2767027,427
204006681,17.7793,9.1918,440,40162,0.0194672,0.19,1,2767467,2767027,440
204009601,28.1117,12.0767,461,40215,0.0377869,0.11,1,2767502,2767041,461
204012521,29.8447,25.8307,457,40268,0.0571148,0.15,1,2767533,2767076,457
204015441,52.1379,27.7323,495,40320,0.0528459,0.01,1,2767600,2767105,495
204018361,41.8551,55.4929,456,40372,0.0271384,0.01,1,2767635,2767179,456
204021281,38.3421,43.1972,457,40424,0.0408553,0.01,1,2767671,2767214,457
204024201,30.3368,38.8789,446,40476,0.0343421,0.01,1,2767696,2767250,446
204027121,25.9347,30.5515,444,40528,0.0317369,0.01,1,2767719,2767275,444
204030041,31.3739,26.0206,456,40580,0.0126947,0,1,2767754,2767298,456
204032961,42.5496,31.4082,471,40632,0.0050779,0.03,1,2767804,2767333,471
204035881,40.4198,42.5633,460,40684,0.00803116,0,1,2767843,2767383,460
204038801,17.3679,40.4253,423,40736,0.00921246,0.01,1,2767845,2767422,423
204041721,25.5472,17.3701,452,40788,0.033685,0.05,1,2767876,2767424,452
204044641,18.0189,24.9481,435,40840,0.031474,0.01,1,2767889,2767454,435
204047561,28.8075,17.7792,458,40892,0.0665896,0.05,1,2767925,2767467,458
204050481,30.723,28.1117,455,40944,0.0926358,0.07,1,2767957,2767502,455
204053401,51.2892,29.8447,489,40996,0.0910543,0.05,1,2768022,2767533,489
204056321,40.9157,52.1379,456,41047,0.0544217,0.01,1,2768056,2767600,456
204059241,39.1663,41.8551,459,41098,0.0397687,0.05,1,2768094,2767635,459
204062161,30.0665,38.3421,447,41149,0.0459075,0.03,1,2768118,2767671,447
204065081,25.8266,30.3368,445,41200,0.036363,0.03,1,2768141,2767696,445
204068001,31.3306,25.9347,457,41251,0.0145452,0,1,2768176,2767719,457
204070921,43.1323,31.3739,473,41302,0.0118181,0,1,2768227,2767754,473
204073841,40.0529,42.5496,461,41353,0.0227272,0.01,1,2768265,2767804,461
204076761,17.2212,40.4198,424,41404,0.0270909,0.01,1,2768267,2767843,424
204079681,24.8885,17.3679,452,41455,0.0288364,0.05,1,2768297,2767845,452
204082601,18.9554,25.5472,436,41506,0.0175345,0.03,1,2768312,2767876,436
204085521,8.78215,18.0189,425,41557,0.0250138,0.09,1,2768314,2767889,425
204088441,25.7129,28.8075,426,41608,0.0520055,0.11,1,2768351,2767925,426
204091361,30.0851,30.723,427,41659,0.0988022,0.09,1,2768384,2767957,427
204100121,38.9574,39.1663,423,41812,0.0905633,0.05,1,2768517,2768094,423
204103041,30.583,30.0665,424,41862,0.0782253,0.03,1,2768542,2768118,424
204105961,25.4332,25.8266,423,41912,0.0612901,0,1,2768564,2768141,423
204108881,30.5733,31.3306,422,41962,0.042516,0.01,1,2768598,2768176,422
204111801,43.4293,43.1323,423,42012,0.0350064,0.03,1,2768650,2768227,423
204114721,40.7717,40.0529,424,42062,0.0320026,0.03,1,2768689,2768265,424
204117641,17.5087,17.2212,424,42112,0.012801,0.03,1,2768691,2768267,424
204120561,24.4035,24.8885,423,42162,0.00512041,0.01,1,2768720,2768297,423
204123481,19.3614,18.9554,424,42212,0.00804816,0.03,1,2768736,2768312,424
204126401,8.94456,8.78215,424,42262,0.00321927,0.07,1,2768738,2768314,424
204129321,26.3778,25.7129,425,42312,0.0192877,0.13,1,2768776,2768351,425
204132241,30.9511,30.0851,426,42362,0.0737151,0.19,1,2768810,2768384,426
204141001,36.6609,38.9574,424,42512,0.250238,0.07,1,2768941,2768517,424
204143921,29.0643,30.583,423,42562,0.250095,0.05,1,2768965,2768542,423
204146841,26.0257,25.4332,425,42612,0.274038,0.03,1,2768989,2768564,425
204149761,29.0103,30.5733,422,42662,0.283615,0.03,1,2769020,2768598,422
204152681,43.4041,43.4293,423,42711,0.203446,0.03,1,2769073,2768650,423
204161441,24.3059,24.4035,422,42858,0.0583805,0.01,1,2769142,2768720,422
204164361,19.3223,19.3614,422,42907,0.0413522,0,1,2769158,2768736,422
204167281,8.92894,8.94456,422,42956,0.0345409,0.03,1,2769160,2768738,422
204170201,26.9716,26.3778,423,43005,0.0318164,0.03,1,2769199,2768776,423
204173121,31.7886,10.5511,458,43054,0.0307265,0.11,1,2769234,2768776,458
204176041,54.7155,24.6205,494,43103,0.0302906,0.17,1,2769304,2768810,494
204178961,42.2862,48.8482,463,43152,0.0301162,0.23,1,2769338,2768875,463
204181881,38.5145,38.1393,468,43201,0.0660465,0.29,1,2769374,2768906,468
204184801,29.8058,36.2557,457,43250,0.0924186,0.25,1,2769398,2768941,457
204202321,23.6837,17.263,451,43544,0.211081,0.03,1,2769564,2769113,451
204205241,18.4735,24.3052,437,43592,0.210433,0.03,1,2769579,2769142,437
204208161,8.5894,19.3221,423,43640,0.234173,0.03,1,2769581,2769158,423
204211081,26.8358,8.92883,460,43688,0.243669,0.03,1,2769620,2769160,460
204214001,32.3343,26.9715,457,43736,0.223468,0.03,1,2769656,2769199,457
204216921,54.9337,31.7886,492,43784,0.215387,0.03,1,2769726,2769234,492
204219841,42.9735,54.7154,457,43832,0.212155,0.03,1,2769761,2769304,457
204234441,40.0957,27.2089,476,44072,0.212307,0.15,1,2769927,2769451,476
204237361,38.2383,39.6836,465,44120,0.234923,0.19,1,2769964,2769499,465
204240281,16.4953,36.2734,433,44168,0.243969,0.19,1,2769966,2769533,433
204243201,24.5981,15.7094,461,44216,0.235588,0.23,1,2769996,2769535,461
204246121,18.2393,23.6837,446,44264,0.232235,0.21,1,2770010,2769564,446
204249041,8.4957,18.4735,433,44312,0.230894,0.25,1,2770012,2769579,433
204251961,26.7983,8.5894,470,44360,0.242358,0.25,1,2770051,2769581,470
204254881,32.3193,26.8358,467,44408,0.258943,0.21,1,2770087,2769620,467
204257801,54.9277,32.3343,501,44456,0.289577,0.21,1,2770157,2769656,501
204278241,41.2559,40.0957,433,44785,0.415313,0.25,1,2770360,2769927,433
204281161,38.1023,38.2383,432,44832,0.424125,0.25,1,2770396,2769964,432
204284081,16.4409,16.4953,432,44879,0.42765,0.23,1,2770398,2769966,432
204287001,25.1764,24.5981,433,44926,0.42906,0.23,1,2770429,2769996,433
204330801,25.3217,25.1764,443,45626,0.758482,0.49,2,2770872,2770429,443
204333721,19.7287,18.4706,445,45672,0.789393,0.45,2,2770888,2770443,445
204339561,28.8366,27.4353,447,45764,0.782703,0.53,2,2770932,2770485,447
204342481,33.1346,33.1741,446,45810,0.775081,0.57,2,2770968,2770522,446
204345401,57.6539,56.4696,448,45856,0.760032,0.57,2,2771042,2770594,448
204348321,24.2615,23.7879,448,45902,0.790013,0.59,2,2771044,2770596,448
204351241,32.5046,31.7151,449,45948,0.778005,0.59,2,2771082,2770633,449
204354161,36.4018,12.6861,488,45994,0.797202,0.63,2,2771121,2770633,488
204357081,28.9607,27.2744,475,46040,0.780881,0.65,2,2771145,2770670,475
204360001,28.9843,25.3098,480,46086,0.774352,0.63,2,2771174,2770694,480
204362921,28.3937,26.3239,481,46132,0.795741,0.65,2,2771202,2770721,481
204389201,57.6627,33.1343,533,46542,0.901384,0.75,2,2771501,2770968,533
204392121,24.2651,57.6537,461,46587,0.930554,0.81,2,2771503,2771042,461
204615501,318.625,349.211,469,21900,0.4108,0.69,1,2773815,2773346,469
204624261,75.352,82.1815,458,22910,0.0459712,0.03,1,2774011,2773553,458
204627181,77.5408,84.4726,451,23003,0.0243885,0.01,1,2774090,2773639,451
204630101,61.0163,65.589,448,23095,0.0277554,0.07,1,2774140,2773692,448
204633021,58.0065,74.8356,423,23187,0.0291022,0.01,1,2774196,2773773,423
204635941,41.2026,39.5342,437,23278,0.0296409,0.03,1,2774226,2773789,437
204638861,72.281,31.4137,504,23369,0.0298563,0.03,1,2774319,2773815,504
204641781,67.9124,60.5655,489,23460,0.0539425,0.07,1,2774384,2773895,489
204644701,55.965,61.4262,475,23550,0.021577,0,1,2774432,2773957,475
204647621,71.586,56.9705,503,23640,0.0146308,0.01,1,2774514,2774011,503
204650541,56.8344,70.1882,471,23730,0.0118523,0.03,1,2774561,2774090,471
204653461,56.3338,58.0753,477,23819,0.0227409,0.03,1,2774617,2774140,477
204656381,41.7335,56.8301,453,23908,0.00909637,0.03,1,2774649,2774196,453
204659301,17.8934,40.732,425,23997,0.00963855,0.03,1,2774651,2774226,425
204662221,61.7574,72.0928,423,24085,0.0458554,0.07,1,2774742,2774319,423
204665141,63.7029,67.8371,423,24173,0.0723422,0,1,2774807,2774384,423
204668061,53.6812,55.9348,422,24261,0.0469369,0.01,1,2774854,2774432,422
204670981,70.6725,71.5739,422,24348,0.0247747,0.01,1,2774936,2774514,422
204673901,56.469,56.8296,422,24435,0.0279099,0.03,1,2774983,2774561,422
204676821,56.7876,56.3318,423,24522,0.041164,0,1,2775040,2774617,423
204679741,41.915,41.7327,423,24608,0.0464656,0.01,1,2775072,2774649,423
204682661,17.966,17.8931,423,24694,0.0485862,0.07,1,2775074,2774651,423
204685581,62.9864,61.7572,425,24780,0.0614345,0.09,1,2775167,2774742,425
204691421,51.7178,53.6812,422,24951,0.0998295,0.01,1,2775276,2774854,422
204694341,69.8871,70.6725,422,25036,0.0579318,0.03,1,2775358,2774936,422
204697261,56.1549,56.469,422,25121,0.0411727,0.05,1,2775405,2774983,422
204700181,56.6619,56.7876,422,25205,0.0464691,0.05,1,2775462,2775040,422
204703101,41.8648,41.915,422,25289,0.0245876,0.05,1,2775494,2775072,422
204706021,17.9459,17.966,422,25373,0.0158351,0.07,1,2775496,2775074,422
204708941,65.3784,62.9864,426,25457,0.048334,0.07,1,2775593,2775167,426
204711861,66.9513,25.1946,494,25540,0.0373336,0.15,1,2775661,2775167,494
204714781,49.5805,49.6778,466,25623,0.0569334,0.09,1,2775699,2775233,466
204717701,67.8322,45.6711,503,25706,0.0227734,0.03,1,2775779,2775276,503
204720621,55.3329,67.4685,468,25788,0.0631094,0.03,1,2775826,2775358,468
204723541,57.5332,55.1874,480,25870,0.0432437,0.05,1,2775885,2775405,480
204726461,41.0133,56.275,453,25952,0.0352975,0.01,1,2775915,2775462,453
204729381,17.6053,41.71,423,26034,0.032119,0.01,1,2775917,2775494,423
204732301,65.8421,17.884,519,26115,0.0668476,0.07,1,2776015,2775496,519
204735221,67.1369,65.3536,490,26196,0.080739,0.03,1,2776083,2775593,490
204738141,50.8547,66.9414,462,26277,0.0982956,0.07,1,2776123,2775661,462
204741061,66.5419,49.5766,501,26358,0.0573182,0,1,2776200,2775699,501
204743981,56.0168,67.8306,470,26438,0.0529273,0.09,1,2776249,2775779,470
204746901,57.2067,55.3323,481,26518,0.0391709,0.03,1,2776307,2775826,481
204749821,41.4827,57.5329,453,26598,0.0216684,0.03,1,2776338,2775885,453
204752741,17.7931,41.0132,425,26678,0.0386673,0.03,1,2776340,2775915,425
204755661,67.7172,17.6053,524,26757,0.0574669,0.09,1,2776441,2775917,524
204758581,67.8869,65.8421,494,26836,0.0769868,0.09,1,2776509,2776015,494
204787781,53.7576,51.7548,430,27615,0.269529,0.17,1,2776980,2776550,430
204796541,49.9525,50.5443,427,27844,0.41013,0.13,1,2777100,2776673,427
204799461,53.581,54.4177,426,27920,0.422052,0.09,1,2777156,2776730,426
204814061,58.885,53.7576,439,28297,0.420165,0.33,1,2777419,2776980,439
204816981,24.754,22.703,439,28372,0.402066,0.33,1,2777421,2776982,439
204819901,51.3016,9.08121,508,28447,0.430826,0.43,1,2777490,2776982,508
204822821,51.7206,44.4325,492,28521,0.442331,0.43,1,2777542,2777050,492
204863701,74.7058,68.3608,527,29543,0.758397,0.59,2,2778263,2777736,527
204866621,58.0823,73.5443,497,29615,0.765359,0.61,2,2778310,2777813,497
204869541,24.4329,57.0177,453,29686,0.768144,0.61,2,2778312,2777859,453
204872461,54.7732,24.0071,526,29757,0.793257,0.65,2,2778387,2777861,526
204889981,69.0663,69.7644,459,30181,0.912406,0.77,2,2778644,2778185,459
204892901,75.0265,74.7058,460,30251,0.922962,0.77,2,2778723,2778263,460
205018461,43.2956,44.1729,492,33124,0.770752,1,2,2780706,2780214,492
205027221,45.4909,44.5871,487,33316,0.206528,1,1,2780854,2780367,487
205030141,41.5964,38.2348,492,33379,0.0826112,1,1,2780893,2780401,492
205033061,38.2385,35.0939,495,33442,0.0630445,1,1,2780929,2780434,495
205035981,35.6954,36.2376,492,33505,0.0792178,1,1,2780963,2780471,492
205038901,31.0782,31.295,492,33568,0.0736871,0.98,1,2780991,2780499,492
205041821,29.8313,37.118,480,33631,0.0474748,0.97,1,2781020,2780540,480
205044741,47.9325,59.8472,465,33694,0.0249899,0.71,1,2781080,2780615,465
205047661,50.973,58.7389,460,33757,0.027996,0.74,1,2781133,2780673,460
205050581,37.7892,43.2956,456,33820,0.0291984,0.55,1,2781162,2780706,456
205053501,31.3157,41.3182,443,33883,0.0296794,0.21,1,2781189,2780746,443
205056421,44.9263,59.7273,425,33945,0.0178717,0.09,1,2781243,2780818,425
205059341,37.7705,45.4909,422,34007,0.0251487,0,1,2781276,2780854,422
205062261,38.5082,41.5964,422,34069,0.0100595,0.05,1,2781315,2780893,422
205065181,37.0033,38.2385,422,34131,0.0340238,0.09,1,2781351,2780929,422
205068101,35.8013,35.6954,423,34193,0.0316095,0.07,1,2781386,2780963,423
205071021,31.7205,31.0782,424,34255,0.0306438,0.07,1,2781415,2780991,424
205073941,28.2882,12.4313,450,34317,0.0302575,0.03,1,2781441,2780991,450
205076861,47.3153,22.3725,481,34379,0.030103,0.01,1,2781501,2781020,481
205079781,51.3261,44.949,475,34441,0.0300412,0.03,1,2781555,2781080,475
205082701,37.3304,49.7796,450,34502,0.0660165,0.03,1,2781583,2781133,450
205085621,31.1322,37.3118,448,34563,0.0324066,0.03,1,2781610,2781162,448
205088541,45.4529,31.1247,476,34624,0.0309626,0.01,1,2781665,2781189,476
205091461,37.3811,44.8499,454,34685,0.0423851,0.03,1,2781697,2781243,454
205094381,38.3525,37.74,460,34746,0.034954,0,1,2781736,2781276,460
205097301,36.941,38.496,457,34807,0.0559816,0.05,1,2781772,2781315,457
205100221,35.7764,36.9984,456,34868,0.0283926,0.03,1,2781807,2781351,456
205103141,32.3106,35.7994,451,34929,0.0293571,0.03,1,2781837,2781386,451
205106061,27.9242,31.7197,447,34990,0.0117428,0.03,1,2781862,2781415,447
205108981,48.3697,28.2879,483,35050,0.00469713,0.03,1,2781924,2781441,483
205111901,51.7479,47.3152,477,35110,0.00187885,0.03,1,2781978,2781501,477
205114821,36.2991,51.3261,449,35170,0.0427515,0.09,1,2782004,2781555,449
205117741,31.9197,37.3304,450,35230,0.0351006,0.01,1,2782033,2781583,450
205120661,45.1679,31.1322,477,35290,0.0320402,0.03,1,2782087,2781610,477
205123581,36.6671,45.4529,453,35350,0.0308161,0.05,1,2782118,2781665,453
205126501,38.0669,37.3811,460,35410,0.0183264,0.03,1,2782157,2781697,460
205129421,39.2267,38.3525,461,35470,0.00733058,0.07,1,2782197,2781736,461
205132341,34.8907,36.941,457,35530,0.0329322,0.01,1,2782229,2781772,457
205135261,31.9563,35.7764,452,35589,0.0311729,0.03,1,2782259,2781807,452
205138181,27.1825,32.3106,446,35648,0.0184692,0,1,2782283,2781837,446
205141101,12.073,27.9242,423,35707,0.0253877,0,1,2782285,2781862,423
205144021,41.4292,48.3697,422,35766,0.0281551,0,1,2782346,2781924,422
205146941,50.7717,51.7479,425,35825,0.017262,0.07,1,2782403,2781978,425
205149861,35.9087,36.2991,425,35884,0.0369048,0.03,1,2782429,2782004,425
205152781,30.5635,31.9197,423,35943,0.0327619,0.03,1,2782456,2782033,423
205155701,44.6254,45.1679,423,36002,0.0431048,0.03,1,2782510,2782087,423
205158621,36.4502,36.6671,423,36061,0.0472419,0.01,1,2782541,2782118,423
205161541,37.3801,38.0669,422,36120,0.0488968,0,1,2782579,2782157,422
205164461,39.552,39.2267,423,36179,0.0255587,0.05,1,2782620,2782197,423
205167381,34.4208,34.8907,422,36237,0.0882235,0.03,1,2782651,2782229,422
205173221,27.3473,27.1825,423,36353,0.0945158,0.03,1,2782706,2782283,423
205176141,12.1389,12.073,423,36411,0.0678063,0.03,1,2782708,2782285,423
205179061,40.8556,41.4292,422,36469,0.0451225,0.01,1,2782768,2782346,422
205181981,50.5422,50.7717,422,36527,0.018049,0.05,1,2782825,2782403,422
205184901,35.8169,35.9087,422,36585,0.0252196,0.03,1,2782851,2782429,422
205187821,30.5268,30.5635,422,36643,0.0280878,0.05,1,2782878,2782456,422
205190741,45.2107,44.6254,423,36701,0.0532351,0.05,1,2782933,2782510,423
205193661,37.2843,36.4502,424,36759,0.0392941,0.05,1,2782965,2782541,424
205196581,36.5137,37.3801,422,36816,0.0577176,0.01,1,2783001,2782579,422
205199501,39.8055,39.552,423,36873,0.029087,0.13,1,2783043,2782620,423
205202421,36.3222,34.4208,426,36930,0.0536348,0.11,1,2783077,2782651,426
205205341,32.5289,32.3683,425,36987,0.0754539,0.09,1,2783107,2782682,425
205214101,39.5699,40.8556,422,37158,0.0996291,0.03,1,2783190,2782768,422
205217021,49.4279,16.3422,478,37215,0.0398516,0,1,2783246,2782768,478
205219941,36.5712,40.7369,449,37272,0.0219406,0.03,1,2783274,2782825,449
205222861,29.6285,31.8948,448,37329,0.0267763,0.03,1,2783299,2782851,448
205225781,45.4514,28.9579,477,37386,0.0527105,0.07,1,2783355,2782878,477
205228701,37.3806,44.5832,454,37443,0.0630842,0.03,1,2783387,2782933,454
205231621,37.1522,37.0333,459,37499,0.0312337,0.07,1,2783424,2782965,459
205234541,39.4609,36.4133,464,37555,0.0184935,0.01,1,2783465,2783001,464
205237461,37.3844,39.7653,458,37611,0.0493974,0.07,1,2783501,2783043,458
205240381,34.1537,36.3061,456,37667,0.061759,0.09,1,2783533,2783077,456
205243301,27.4615,32.5225,449,37723,0.0547036,0.15,1,2783556,2783107,449
205246221,12.1846,26.809,428,37779,0.0518814,0.11,1,2783558,2783130,428
205249141,37.8738,11.9236,481,37835,0.0507526,0.09,1,2783613,2783132,481
205252061,47.5495,39.5694,477,37891,0.050301,0,1,2783667,2783190,477
205254981,37.0198,49.4278,451,37947,0.0381204,0.01,1,2783697,2783246,451
205257901,29.2079,36.5711,447,38003,0.0572482,0.03,1,2783721,2783274,447
205269581,39.4069,37.1522,463,38225,0.0772576,0.01,1,2783887,2783424,463
205272501,39.7628,39.4609,462,38280,0.060903,0.07,1,2783927,2783465,462
205275421,33.9051,37.3844,456,38335,0.0543612,0.07,1,2783957,2783501,456
205278341,26.762,34.1537,446,38390,0.0637445,0.05,1,2783979,2783533,446
205281261,11.9048,27.4615,425,38445,0.0674978,0.05,1,2783981,2783556,425
205301701,37.4948,37.7933,429,38829,0.0917626,0.11,1,2784240,2783811,429
205304621,34.7979,35.5173,428,38883,0.090705,0.05,1,2784273,2783845,428
205307541,36.7192,39.4069,424,38937,0.090282,0.05,1,2784311,2783887,424
205310461,38.0877,39.7628,423,38991,0.0901128,0.05,1,2784350,2783927,423
205313381,34.4351,33.9051,425,39045,0.0900451,0.07,1,2784382,2783957,425
205319221,11.9896,11.9048,425,39153,0.0996072,0.13,1,2784406,2783981,425
205325061,47.8783,45.9448,430,39261,0.223537,0.15,1,2784518,2784088,430
205327981,36.5513,37.5779,427,39315,0.239415,0.11,1,2784547,2784120,427
205330901,15.8205,16.2312,427,39369,0.269766,0.11,1,2784549,2784122,427
205348421,37.9362,38.0877,424,39689,0.405248,0.09,1,2784774,2784350,424
205354261,28.0298,26.974,427,39795,0.40444,0.09,1,2784831,2784404,427
205357181,12.4119,11.9896,427,39848,0.407776,0.19,1,2784833,2784406,427
205427261,36.4496,38.7618,484,41101,0.755286,0.59,2,2785698,2785214,484
205430181,30.1799,35.9047,476,41152,0.764114,0.59,2,2785724,2785248,476
205433101,13.2719,28.7619,454,41203,0.767646,0.59,2,2785726,2785272,454
205436021,44.3088,12.7048,517,41254,0.757058,0.57,2,2785791,2785274,517
205438941,52.5235,45.8819,507,41305,0.788823,0.55,2,2785849,2785342,507
205456461,26.9707,36.6887,455,41611,0.904711,0.69,2,2786003,2785548,455
205462301,37.1953,37.3102,458,41713,0.916354,0.75,2,2786080,2785622,458
205465221,41.2781,40.1241,460,41764,0.900542,0.77,2,2786124,2785664,460
205479821,53.7353,52.5235,462,42015,0.936572,0.83,2,2786311,2785849,462
205649181,50.9023,47.9966,493,44834,0.914631,1,2,2788252,2787759,493
205652101,35.3609,33.5986,494,44881,0.923853,1,2,2788277,2787783,494
205657941,32.6577,31.1758,496,44975,0.943416,1,2,2788337,2787841,496
205660861,29.2631,31.6703,491,45022,0.947367,1,2,2788364,2787873,491
205806861,35.5327,33.5248,515,47309,0.924831,1,2,2789956,2789441,515
205824381,31.7159,29.1174,509,47575,0.943772,1,2,2790125,2789616,509
205838981,34.6813,39.0236,482,47795,0.938378,1,2,2790276,2789794,482
205844821,35.789,28.3238,495,47883,0.94094,1,2,2790336,2789841,495
206093021,53.453,62.1271,450,24164,0.759424,0.51,2,2793106,2792656,450
206095941,68.1812,73.4509,447,24252,0.77777,0.51,2,2793184,2792737,447
206098861,62.6725,63.5803,449,24339,0.773108,0.63,2,2793243,2792794,449
206104701,58.6276,56.0129,456,24513,0.796897,0.75,2,2793375,2792919,456
206107621,70.851,68.0051,459,24599,0.780759,0.75,2,2793454,2792995,459
206110541,35.5404,34.4021,459,24685,0.774303,0.75,2,2793466,2793007,459
206122221,63.4346,62.6615,460,25027,0.902014,0.83,2,2793703,2793243,460
206212741,51.449,50.9995,495,27529,0.91,1,2,2795468,2794973,495
206230261,68.8204,73.391,481,27988,0.0562317,1,1,2795828,2795347,481
206233181,48.5282,45.5564,489,28064,0.0764927,1,1,2795863,2795374,489
206236101,38.0113,38.6226,486,28139,0.0965971,0.85,1,2795894,2795408,486
206239021,39.2045,51.449,466,28214,0.0806388,0.73,1,2795934,2795468,466
206241941,49.2818,57.1796,461,28289,0.0742555,0.57,1,2795990,2795529,461
206253621,52.8088,61.531,478,28587,0.0486529,0.03,1,2796177,2795699,478
206256541,64.9235,56.4124,498,28661,0.0374612,0,1,2796250,2795752,498
206259461,50.5694,68.165,463,28735,0.0449845,0.09,1,2796291,2795828,463
206262381,40.0278,48.266,461,28809,0.0479938,0.11,1,2796324,2795863,461
206265301,35.8111,37.9064,463,28882,0.0611975,0.07,1,2796357,2795894,463
206274061,48.7799,33.506,484,29101,0.204317,0.11,1,2796497,2796013,484
206276981,50.712,48.8024,477,29174,0.219727,0.13,1,2796549,2796072,477
206282821,63.9139,52.8084,495,29319,0.0939563,0.03,1,2796672,2796177,495
206285741,50.1656,64.9234,463,29391,0.0435825,0.05,1,2796713,2796250,463
206288661,39.8662,50.5693,455,29463,0.035433,0.05,1,2796746,2796291,455
206291581,38.1465,40.0277,459,29535,0.0681732,0.07,1,2796783,2796324,459
206294501,50.0586,35.8111,484,29607,0.0692693,0.15,1,2796841,2796357,484
206297421,35.0234,49.1244,451,29678,0.0817077,0.15,1,2796866,2796415,451
206300341,51.2094,33.4498,490,29749,0.0866831,0.25,1,2796928,2796438,490
206303261,52.2838,48.7799,484,29820,0.0766732,0.23,1,2796981,2796497,484
206306181,22.1135,50.712,434,29891,0.0846693,0.17,1,2796983,2796549,434
206312021,54.2982,63.9139,422,30033,0.0507471,0.01,1,2797094,2796672,422
206314941,46.3193,50.1656,422,30103,0.0262988,0.03,1,2797135,2796713,422
206317861,39.5277,39.8662,424,30173,0.0285195,0.09,1,2797170,2796746,424
206320781,39.2111,38.1465,426,30243,0.0414078,0.07,1,2797209,2796783,426
206323701,49.8844,50.0586,425,30313,0.0465631,0.09,1,2797266,2796841,425
206326621,35.5538,35.0234,426,30383,0.0726252,0.09,1,2797292,2796866,426
206329541,51.4215,51.2094,426,30453,0.0590501,0.07,1,2797354,2796928,426
206332461,52.3686,52.2838,426,30522,0.07762,0.09,1,2797407,2796981,426
206361661,54.2323,52.3686,427,31208,0.263957,0.15,1,2797834,2797407,427
206364581,22.8929,22.1474,427,31276,0.291583,0.15,1,2797836,2797409,427
206387941,53.2597,35.9299,494,31814,0.400957,0.21,1,2798210,2797716,494
206390861,57.3039,51.572,492,31881,0.430383,0.31,1,2798270,2797778,492
206393781,24.1216,54.2288,438,31947,0.442153,0.31,1,2798272,2797834,438
206460941,52.8747,53.61,455,33436,0.760286,0.67,2,2799284,2798829,455
206463861,22.3499,22.644,455,33499,0.778114,0.67,2,2799286,2798831,455
206466781,32.9399,33.0576,455,33562,0.785246,0.67,2,2799326,2798871,455
206481381,55.0899,55.6047,454,33877,0.940978,0.73,2,2799561,2799107,454
206738341,37.2947,35.1685,486,38986,0.946,1,2,2803126,2802640,486
206744181,38.1272,35.987,489,39094,0.94936,1,2,2803197,2802708,489
206764621,65.6546,61.8246,495,39472,0.407713,1,1,2803471,2802976,495
206767541,45.4618,42.7299,497,39526,0.265085,1,1,2803503,2803006,497
206770461,38.5847,47.0919,481,39579,0.208034,1,1,2803537,2803056,481
206779221,33.0214,32.3179,479,39738,0.0932342,0.93,1,2803634,2803155,479
206782141,32.4086,38.1272,469,39791,0.0792937,0.84,1,2803666,2803197,469
206785061,27.9634,33.8509,463,39844,0.0617175,0.65,1,2803691,2803228,463
206787981,30.3854,35.7403,458,39897,0.030687,0.67,1,2803723,2803265,458
206790901,34.9541,37.6961,457,39950,0.0542748,0.57,1,2803761,2803304,457
206793821,30.7817,35.4785,451,40003,0.0877099,0.57,1,2803789,2803338,451
206796741,18.3127,22.5914,447,40056,0.077084,0.53,1,2803799,2803352,447
206799661,19.9251,24.6366,442,40109,0.0968336,0.53,1,2803820,2803378,442
206834701,18.1941,30.781,433,40736,0.213685,0.07,1,2804222,2803789,433
206837621,20.4777,18.3124,445,40788,0.235474,0.11,1,2804244,2803799,445
206840541,61.5911,19.925,513,40840,0.25619,0.15,1,2804333,2803820,513
206887261,31.7908,37.3346,438,41659,0.409689,0.35,1,2804833,2804395,438
206960261,66.7306,64.6694,450,42907,0.790388,0.61,2,2805658,2805208,450
206974861,28.242,33.0065,475,43152,0.902785,0.65,2,2805787,2805312,475
206977781,37.6968,26.4026,497,43201,0.919114,0.69,2,2805831,2805334,497
206980701,31.2787,36.961,480,43250,0.913646,0.71,2,2805858,2805378,480
206983621,26.9115,30.3844,478,43299,0.911458,0.67,2,2805882,2805404,478
206986541,29.3646,26.5538,485,43348,0.934583,0.67,2,2805913,2805428,485
206989461,35.7458,29.2215,494,43397,0.943833,0.73,2,2805953,2805459,494
207141301,30.0657,34.4663,496,45856,0.928,1,2,2807678,2807182,496
207144221,31.2263,26.9865,506,45902,0.9172,1,2,2807710,2807204,506
207198241,322.83,363.047,466,20440,0.403101,0.65,1,2808289,2807823,466
207201161,173.532,179.419,483,21270,0.23924,0.67,1,2808363,2807880,483
207224521,45.473,48.6723,429,22055,0.220024,0.13,1,2808825,2808396,429
207230361,76.3957,76.5476,429,22247,0.214004,0.11,1,2809011,2808582,429
207233281,81.5583,82.819,427,22342,0.259602,0.13,1,2809096,2808669,427
207236201,38.6233,39.7276,426,22437,0.253841,0.17,1,2809106,2808680,426
207239121,37.0493,36.291,428,22532,0.251536,0.17,1,2809142,2808714,428
207253721,82.8741,75.8276,518,22999,0.428864,0.29,1,2809529,2809011,518
207274161,85.5451,78.1843,530,23636,0.756032,0.47,2,2809973,2809443,530
207277081,40.218,82.8737,454,23726,0.776413,0.47,2,2809983,2809529,454
207280001,37.6872,39.1495,480,23815,0.784565,0.47,2,2810019,2809539,480
207297521,86.7466,85.5451,461,24344,0.939972,0.79,2,2810434,2809973,461
207300441,40.6986,40.218,461,24431,0.933989,0.79,2,2810444,2809983,461
207306281,69.7518,67.8749,464,24604,0.933038,0.85,2,2810571,2810107,464
207309201,29.1007,28.35,464,24690,0.943215,0.85,2,2810573,2810109,464
207399721,35.8956,35.7064,498,27224,0.9136,1,2,2812396,2811898,498
207402641,57.5582,67.6826,481,27302,0.75544,1,2,2812468,2811987,481
207411401,76.4037,79.5237,489,27534,0.244428,1,1,2812636,2812147,489
207417241,52.9046,51.2438,489,27688,0.0415085,1,1,2812747,2812258,489
207420161,60.7618,66.0975,479,27764,0.0226034,0.94,1,2812813,2812334,479
207423081,41.7047,46.239,475,27840,0.0270414,0.88,1,2812842,2812367,475
207426001,29.2819,35.8956,467,27916,0.0288165,0.65,1,2812863,2812396,467
207428921,46.5128,57.5582,453,27992,0.0415266,0.53,1,2812921,2812468,453
207431841,37.2051,44.0233,449,28068,0.0466106,0.53,1,2812952,2812503,449
207434761,30.482,35.0093,446,28143,0.0366443,0.03,1,2812978,2812532,446
207437681,61.3928,76.4037,424,28218,0.0146577,0.01,1,2813060,2812636,424
207440601,66.5571,73.7615,422,28293,0.00586308,0,1,2813130,2812708,422
207443521,50.0228,52.9046,422,28368,0.00234523,0,1,2813169,2812747,422
207446441,59.0091,21.1618,487,28443,0.0309381,0.01,1,2813234,2812747,487
207449361,41.0037,48.0647,450,28517,0.0663752,0.03,1,2813263,2812813,450
207455201,46.4006,27.2504,479,28665,0.05982,0.05,1,2813342,2812863,479
207458121,37.1602,45.7001,452,28739,0.077928,0.05,1,2813373,2812921,452
207461041,31.6641,36.8801,449,28813,0.0491712,0.03,1,2813401,2812952,449
207463961,60.6656,30.352,503,28886,0.0376685,0,1,2813481,2812978,503
207466881,66.2663,61.3408,491,28959,0.0150674,0,1,2813551,2813060,491
207469801,49.9065,66.5363,460,29032,0.036027,0,1,2813590,2813130,460
207472721,58.9626,50.0145,486,29105,0.0324108,0.05,1,2813655,2813169,486
207475641,42.785,59.0058,453,29178,0.0429643,0.09,1,2813687,2813234,453
207478561,29.114,41.0023,444,29251,0.0831857,0.13,1,2813707,2813263,444
207481481,45.8456,29.0009,480,29323,0.0512743,0.03,1,2813764,2813284,480
207484401,36.3382,46.4004,452,29395,0.0385097,0.09,1,2813794,2813342,452
207487321,31.9353,37.1601,450,29467,0.0334039,0.03,1,2813823,2813373,450
207490241,60.1741,31.6641,501,29539,0.0313616,0.03,1,2813902,2813401,501
207493161,66.0696,60.6656,491,29611,0.0305446,0,1,2813972,2813481,491
207496081,50.4279,66.2662,461,29682,0.0422178,0.05,1,2814012,2813551,461
207499001,59.7711,49.9065,488,29753,0.0228871,0.03,1,2814078,2813590,488
207501921,43.7085,58.9626,456,29824,0.0271549,0.05,1,2814111,2813655,456
207504841,18.6834,42.785,426,29895,0.0528619,0.11,1,2814113,2813687,426
207507761,20.0734,29.114,427,29966,0.0511448,0.03,1,2814134,2813707,427
207510681,39.8293,45.8456,423,30037,0.0504579,0.03,1,2814187,2813764,423
207513601,33.9317,36.3382,423,30107,0.0621832,0.03,1,2814217,2813794,423
207516521,30.9727,31.9353,423,30177,0.0308733,0.03,1,2814246,2813823,423
207519441,59.1891,60.1741,422,30247,0.0303493,0.03,1,2814324,2813902,422
207522361,65.6756,66.0696,422,30317,0.0301397,0.05,1,2814394,2813972,422
207525281,50.2703,50.4279,422,30387,0.0540559,0.01,1,2814434,2814012,422
207528201,60.3081,59.7711,423,30457,0.0396224,0.03,1,2814501,2814078,423
207531121,45.1232,43.7085,425,30526,0.0458489,0.07,1,2814536,2814111,425
207534041,19.2493,18.6834,425,30595,0.0243396,0.05,1,2814538,2814113,425
207536961,20.2997,20.0734,425,30664,0.0517358,0.05,1,2814559,2814134,425
207539881,38.7199,39.8293,423,30733,0.0386943,0.07,1,2814610,2814187,423
207542801,34.088,33.9317,424,30802,0.0334777,0.01,1,2814641,2814217,424
207545721,30.4352,30.9727,423,30871,0.0313911,0.03,1,2814669,2814246,423
207548641,58.3741,59.1891,422,30940,0.0305564,0.03,1,2814746,2814324,422
207551561,65.3496,65.6756,422,31008,0.0182226,0.07,1,2814816,2814394,422
207554481,50.1398,50.2703,422,31076,0.037289,0.03,1,2814856,2814434,422
207557401,60.2559,60.3081,422,31144,0.0209156,0.05,1,2814923,2814501,422
207560321,45.7024,45.1232,423,31212,0.0383662,0.01,1,2814959,2814536,423
207563241,19.4809,19.2493,423,31280,0.0453465,0.01,1,2814961,2814538,423
207566161,20.3924,7.69972,444,31348,0.0481386,0.07,1,2814982,2814538,444
207569081,37.557,15.6799,472,31415,0.0252554,0.03,1,2815031,2814559,472
207572001,33.6228,36.872,452,31482,0.0161022,0.03,1,2815062,2814610,452
207574921,30.2491,33.3488,449,31549,0.0244409,0.03,1,2815090,2814641,449
207577841,58.2996,30.1395,498,31616,0.0277763,0.03,1,2815167,2814669,498
207580761,65.3199,58.2558,491,31683,0.0171105,0.01,1,2815237,2814746,491
207583681,50.1279,65.3023,461,31750,0.0248442,0.05,1,2815277,2814816,461
207586601,60.2512,50.1209,488,31817,0.0519377,0.01,1,2815344,2814856,488
207589521,45.7005,60.2484,457,31883,0.0387751,0.05,1,2815380,2814923,457
207592441,19.4802,45.6993,423,31949,0.03351,0.05,1,2815382,2814959,423
207595361,20.3921,19.4797,442,32015,0.031404,0.05,1,2815403,2814961,442
207598281,37.5568,20.3919,470,32081,0.0665616,0.01,1,2815452,2814982,470
207612881,50.6473,65.3199,462,32410,0.0748416,0.03,1,2815699,2815237,462
207615801,60.4589,50.1279,489,32475,0.0599366,0.07,1,2815766,2815277,489
207618721,45.7836,60.2512,458,32540,0.0659747,0.03,1,2815802,2815344,458
207621641,19.5134,45.7005,424,32605,0.0683899,0.03,1,2815804,2815380,424
207624561,20.4054,19.4802,443,32670,0.0813559,0.03,1,2815825,2815382,443
207627481,39.3621,20.3921,474,32735,0.0985424,0.09,1,2815877,2815403,474
207647921,60.594,60.4589,424,33184,0.0802404,0.07,1,2816190,2815766,424
207650841,46.4376,45.7836,425,33248,0.0620962,0.07,1,2816227,2815802,425
207653761,19.775,19.5134,425,33312,0.0308385,0.09,1,2816229,2815804,425
207656681,21.11,20.4054,426,33375,0.0543354,0.11,1,2816251,2815825,426
207659601,40.244,39.3621,427,33438,0.0517342,0.11,1,2816304,2815877,427
207662521,17.2976,16.9449,427,33501,0.0506937,0.11,1,2816306,2815879,427
207665441,28.519,28.3779,427,33564,0.0502775,0.13,1,2816342,2815915,427
207668361,28.2076,26.9512,429,33627,0.074111,0.19,1,2816370,2815941,429
207674201,59.7132,60.7122,427,33753,0.0970578,0.09,1,2816507,2816080,427
207677121,47.2853,49.4849,424,33816,0.0808231,0.05,1,2816546,2816122,424
207680041,58.5141,60.594,422,33879,0.0623292,0.05,1,2816612,2816190,422
207682961,45.6056,46.4376,422,33941,0.0669317,0.01,1,2816649,2816227,422
207685881,19.4423,19.775,422,34003,0.0687727,0.07,1,2816651,2816229,422
207688801,21.5769,21.11,423,34065,0.0575091,0.05,1,2816674,2816251,423
207691721,40.4308,40.244,423,34127,0.0530036,0.05,1,2816727,2816304,423
207694641,17.3723,17.2976,423,34189,0.0512014,0.05,1,2816729,2816306,423
207697561,29.1489,28.519,424,34251,0.0984806,0.05,1,2816766,2816342,424
207700481,28.4596,11.4076,452,34313,0.0933922,0.09,1,2816794,2816342,452
207715081,45.8108,58.3389,459,34620,0.209708,0.07,1,2817071,2816612,459
207718001,19.5243,45.5356,424,34681,0.221883,0.07,1,2817073,2816649,424
207720921,21.0097,19.4142,444,34742,0.226753,0.05,1,2817095,2816651,444
207723841,42.0039,21.5657,477,34803,0.240701,0.05,1,2817151,2816674,477
207726761,18.0016,40.4263,426,34864,0.270281,0.05,1,2817153,2816727,426
207735521,59.6401,28.4593,504,35046,0.410178,0.15,1,2817298,2816794,504
207808521,61.9867,60.304,456,36524,0.759755,0.73,2,2818262,2817806,456
207811441,47.5947,46.9216,456,36582,0.789902,0.73,2,2818300,2817844,456
207814361,61.0379,60.7686,456,36640,0.777961,0.75,2,2818370,2817914,456
207817281,49.0151,48.3075,457,36698,0.773184,0.71,2,2818411,2817954,457
207820201,20.8061,20.523,457,36756,0.771274,0.71,2,2818413,2817956,457
207823121,21.5224,21.4092,457,36813,0.782509,0.71,2,2818435,2817978,457
207826041,45.209,45.1637,457,36870,0.799004,0.71,2,2818496,2818039,457
207834801,28.4054,28.0425,457,37041,0.797296,0.75,2,2818563,2818106,457
207852321,48.671,58.7735,498,37383,0.925398,0.77,2,2818868,2818370,498
207855241,20.6684,48.1094,459,37440,0.940159,0.77,2,2818870,2818411,459
207963281,45.8209,46.8238,485,39474,0.9016,1,2,2820301,2819816,485
207966201,36.9284,33.7295,491,39528,0.79864,1,2,2820332,2819841,491
207977881,32.5582,28.3579,497,39740,0.424653,1,1,2820457,2819960,497
207983721,28.4893,23.1373,509,39846,0.265945,1,1,2820515,2820006,509
207989561,45.7183,57.942,471,39952,0.0725511,1,1,2820607,2820136,471
207992481,47.6873,46.5768,481,40005,0.0470204,1,1,2820656,2820175,481
207995401,32.2749,33.6307,478,40058,0.0488082,1,1,2820678,2820200,478
207998321,41.11,13.4523,525,40111,0.0735233,0.99,1,2820725,2820200,525
208001241,41.644,38.9809,511,40164,0.0594093,0.84,1,2820767,2820256,511
208004161,29.2576,42.5924,487,40217,0.0897637,0.73,1,2820788,2820301,487
208007081,31.503,35.6369,489,40270,0.0659055,0.67,1,2820821,2820332,489
208010001,25.2012,36.4548,473,40322,0.0563622,0.53,1,2820842,2820369,473
208012921,21.4805,30.7819,465,40374,0.0285449,0.49,1,2820861,2820396,465
208015841,30.1922,27.3128,476,40426,0.029418,0.35,1,2820897,2820421,476
208018761,30.0769,32.5251,470,40478,0.0417672,0.35,1,2820927,2820457,470
208021681,22.8308,32.21,456,40530,0.0347069,0.19,1,2820945,2820489,456
208024601,27.7323,28.484,461,40582,0.0558827,0.05,1,2820976,2820515,461
208027521,43.4929,34.7936,476,40634,0.0403531,0.03,1,2821030,2820554,476
208030441,46.1972,45.7174,471,40686,0.0461412,0.03,1,2821078,2820607,471
208033361,31.0789,47.687,443,40738,0.0964565,0.05,1,2821099,2820656,443
208042121,29.373,41.644,444,40894,0.213773,0.11,1,2821211,2820767,444
208045041,30.9492,29.2576,455,40946,0.235509,0.05,1,2821243,2820788,455
208047961,24.3797,31.503,442,40998,0.268204,0.05,1,2821263,2820821,442
208050881,22.3519,25.2012,442,41049,0.245281,0.01,1,2821284,2820842,442
208053801,29.9407,21.4805,458,41100,0.224113,0.03,1,2821319,2820861,458
208056721,31.1763,30.1922,454,41151,0.227645,0.05,1,2821351,2820897,454
208059641,22.0705,30.0769,440,41202,0.229058,0.03,1,2821367,2820927,440
208062561,31.6282,22.8308,460,41253,0.229623,0.07,1,2821405,2820945,460
208065481,40.8513,27.7323,476,41304,0.253849,0.03,1,2821452,2820976,476
208074241,42.3105,31.0789,477,41457,0.0635263,0.15,1,2821576,2821099,477
208077161,44.5242,41.8315,474,41508,0.0434105,0.23,1,2821622,2821148,474
208080081,19.0097,41.9326,434,41559,0.0353642,0.23,1,2821624,2821190,434
208083001,19.6039,29.373,433,41610,0.0801457,0.25,1,2821644,2821211,433
208100521,22.1238,22.0705,433,41914,0.205736,0.23,1,2821800,2821367,433
208103441,31.6495,31.6282,433,41964,0.208294,0.27,1,2821838,2821405,433
208106361,42.0598,40.8513,435,42014,0.209318,0.13,1,2821887,2821452,435
208109281,42.0239,46.9405,426,42064,0.233727,0.07,1,2821929,2821503,426
208112201,30.0096,33.7762,423,42114,0.219491,0.03,1,2821951,2821528,423
208115121,40.8038,42.3105,423,42164,0.285796,0.03,1,2821999,2821576,423
208158921,46.1133,45.1215,436,42909,0.402534,0.33,1,2822483,2822047,436
208161841,19.6453,19.2486,436,42958,0.431014,0.31,1,2822485,2822049,436
208164761,19.8581,20.2994,435,43007,0.418405,0.31,1,2822505,2822070,435
208167681,30.7433,8.11978,473,43056,0.449362,0.33,1,2822543,2822070,473
208214401,22.8405,23.6973,466,43834,0.777402,0.49,2,2823028,2822562,466
208264041,32.9495,32.8145,464,44645,0.914079,0.85,2,2823561,2823097,464
208266961,22.7798,22.7258,464,44692,0.935632,0.85,2,2823577,2823113,464
208269881,31.9119,31.8903,464,44739,0.944253,0.87,2,2823615,2823151,464
208272801,45.1648,44.5561,465,44786,0.923701,0.87,2,2823669,2823204,465
208443621,316.073,349.655,471,21900,0.43,0.57,1,2825928,2825457,471
208484501,175.029,201.062,450,21900,0.214,0.53,1,2826009,2825559,450
208493261,82.9379,96.628,450,22189,0.091696,0.07,1,2826238,2825788,450
208496181,61.9751,66.8512,451,22285,0.0546784,0.01,1,2826286,2825835,451
208499101,40.3901,59.1405,423,22380,0.0638714,0.03,1,2826312,2825889,423
208502021,27.556,33.8562,425,22475,0.0315485,0.05,1,2826331,2825906,425
208504941,59.6224,26.7425,484,22569,0.0426194,0.07,1,2826412,2825928,484
208528301,82.3085,59.4328,520,23310,0.2225,0.15,1,2826932,2826412,520
208531221,85.7234,78.9731,516,23401,0.275,0.19,1,2827020,2826504,516
208537061,60.9957,75.2757,479,23582,0.2972,0.17,1,2827139,2826660,479
208539981,38.7983,60.1103,453,23672,0.29288,0.17,1,2827163,2826710,453
208545821,61.6477,26.1776,513,23851,0.283261,0.19,1,2827265,2826752,513
208548741,85.2591,60.2711,531,23940,0.299304,0.25,1,2827366,2826835,531
208569181,60.2959,61.6477,435,24554,0.412641,0.31,1,2827700,2827265,435
208572101,85.9184,85.2591,437,24640,0.447056,0.31,1,2827803,2827366,437
208575021,35.5673,35.3036,437,24726,0.436823,0.35,1,2827805,2827368,437
208601301,72.6929,68.8269,449,25487,0.788167,0.59,2,2828345,2827896,449
208618821,89.5165,61.0288,559,25982,0.924024,0.71,2,2828700,2828141,559
208621741,37.0066,87.4115,456,26064,0.93961,0.71,2,2828702,2828246,456
208721021,87.6061,62.283,593,28698,0.939996,1,2,2830612,2830019,593
208723941,39.2424,88.5132,494,28772,0.945998,0.99,2,2830619,2830125,494
208726861,83.497,40.2053,599,28846,0.900399,1,2,2830732,2830133,599
208732701,59.5595,72.7928,521,28992,0.759664,1,2,2830830,2830309,521
208756061,47.6125,83.497,492,29571,0.433557,0.79,1,2831224,2830732,492
208758981,56.845,54.3988,520,29643,0.419423,0.71,1,2831287,2830767,520
208761901,34.138,59.5595,476,29714,0.437769,0.49,1,2831306,2830830,476
208764821,33.4552,41.2238,480,29785,0.433108,0.47,1,2831339,2830859,480
208805701,78.183,77.3733,448,30765,0.761471,0.57,2,2831980,2831532,448
208808621,34.8732,34.5493,448,30834,0.790588,0.59,2,2831986,2831538,448
208829061,29.7177,28.1436,455,31311,0.922538,0.67,2,2832278,2831823,455
208831981,46.0871,11.2575,512,31379,0.927015,0.71,2,2832335,2831823,512
208963381,43.1373,19.1132,537,34280,0.90904,1,2,2834426,2833889,537
208980901,36.0045,39.9223,515,34648,0.440057,1,1,2834660,2834145,515
208983821,34.8018,38.1689,512,34709,0.410023,1,1,2834694,2834182,512
208989661,75.8883,35.387,578,34831,0.400404,0.99,1,2834825,2834247,578
209001341,38.7875,46.6547,495,35073,0.439418,0.63,1,2834970,2834475,495
209010101,34.7624,39.7779,481,35253,0.448843,0.39,1,2835070,2834589,481
209018861,22.9608,34.8018,460,35433,0.444646,0.37,1,2835154,2834694,460
209021781,75.1843,27.7207,547,35493,0.435858,0.41,1,2835264,2834717,547
209024701,49.8737,75.8883,472,35553,0.444343,0.37,1,2835297,2834825,472
209027621,42.1495,49.5553,477,35612,0.447737,0.41,1,2835334,2834857,477
209030541,40.8598,41.4221,481,35671,0.449095,0.39,1,2835374,2834893,481
209033461,17.5439,39.9689,444,35730,0.449638,0.47,1,2835376,2834932,444
209083101,36.2739,35.4347,446,36723,0.775307,0.53,2,2835997,2835551,446
209086021,33.7096,33.3739,446,36781,0.796123,0.53,2,2836029,2835583,446
209097701,42.9254,41.6928,452,37009,0.902765,0.67,2,2836230,2835778,452
209100621,42.3701,40.6771,454,37066,0.931106,0.67,2,2836272,2835818,454
209103541,18.1481,17.4708,454,37123,0.942442,0.65,2,2836274,2835820,454
209106461,30.6592,30.3883,454,37180,0.946977,0.65,2,2836313,2835859,454
209109381,30.8637,12.1553,485,37237,0.936791,0.71,2,2836344,2835859,485
209269981,22.816,32.2033,517,40239,0.933561,1,2,2838414,2837897,517
209278741,43.5082,73.605,503,40395,0.907668,1,2,2838567,2838064,503
209281661,46.2033,54.642,509,40447,0.921067,1,2,2838615,2838106,509
209284581,40.6813,42.2568,512,40499,0.902427,0.99,2,2838652,2838140,512
209316701,39.9776,72.7706,486,41070,0.900519,0.87,2,2839029,2838543,486
209319621,44.791,43.5082,510,41121,0.906208,0.93,2,2839077,2838567,510
209322541,41.9164,46.2033,502,41172,0.920483,0.89,2,2839117,2838615,502
209325461,33.5666,40.6813,493,41223,0.914193,0.85,2,2839145,2838652,493
209328381,35.0266,34.2725,499,41274,0.911677,0.87,2,2839181,2838682,499
209331301,27.8106,35.309,486,41325,0.922671,0.87,2,2839204,2838718,486
209334221,26.1243,28.5236,487,41376,0.939068,0.87,2,2839229,2838742,487
209509421,37.5386,28.9453,519,44333,0.9148,1,2,2841286,2840767,519
209521101,33.6586,30.717,516,44523,0.449707,1,1,2841410,2840894,516
209524021,35.6634,35.6868,514,44570,0.281883,1,1,2841447,2840933,514
209529861,34.1461,35.2299,505,44664,0.0631012,1,1,2841513,2841008,505
209532781,38.2585,38.092,506,44711,0.0672405,1,1,2841554,2841048,506
209535701,33.3034,34.4368,504,44758,0.0568962,1,1,2841584,2841080,504
209538621,30.1214,32.9747,500,44805,0.0647585,1,1,2841612,2841112,500
209541541,28.2485,31.7899,496,44852,0.0559034,1,1,2841639,2841143,496
209544461,23.8994,34.916,480,44899,0.0283614,1,1,2841660,2841180,480
209547381,23.9598,34.3664,470,44946,0.0533445,0.97,1,2841684,2841214,470
209550301,26.9839,32.3466,468,44993,0.0393378,0.87,1,2841713,2841245,468
209553221,31.1936,37.5386,461,45040,0.0337351,0.77,1,2841747,2841286,461
209556141,26.8774,32.4154,456,45087,0.043494,0.67,1,2841771,2841315,456
209559061,25.751,33.3662,447,45134,0.0473976,0.51,1,2841796,2841349,447
209561981,22.3004,27.1465,444,45181,0.018959,0.35,1,2841816,2841372,444
209564901,26.3202,33.6586,435,45228,0.0375836,0.17,1,2841845,2841410,435
209567821,28.5281,35.6634,428,45275,0.0450334,0,1,2841875,2841447,428
209570741,27.6112,32.8654,424,45322,0.0180134,0.03,1,2841902,2841478,424
209573661,30.8445,34.1461,422,45369,0.0132054,0.07,1,2841935,2841513,422
209576581,36.9378,38.2585,422,45415,0.0112821,0.05,1,2841976,2841554,422
209579501,32.7751,33.3034,422,45461,0.0585129,0.07,1,2842006,2841584,422
209582421,29.91,30.1214,422,45507,0.0534051,0.05,1,2842034,2841612,422
209588261,23.8656,23.8994,422,45599,0.0745448,0.07,1,2842082,2841660,422
209591181,23.9462,23.9598,422,45645,0.0358179,0.03,1,2842106,2841684,422
209594101,28.1785,26.9839,424,45691,0.0683272,0.03,1,2842137,2841713,424
209597021,30.4714,31.1936,422,45737,0.0933309,0.05,1,2842169,2841747,422
209605781,22.5662,22.3004,423,45875,0.0729332,0.05,1,2842239,2841816,423
209608701,25.8265,26.3202,422,45921,0.0591733,0.05,1,2842267,2841845,422
209611621,28.9306,10.5281,453,45967,0.0416693,0.05,1,2842298,2841845,453
209614541,26.5722,22.2112,448,46013,0.0466677,0,1,2842323,2841875,448
209617461,30.4289,25.0845,454,46059,0.0486671,0.01,1,2842356,2841902,454
209620381,36.7716,29.8338,462,46105,0.0374668,0.01,1,2842397,2841935,462
209623301,34.5086,36.5335,454,46151,0.0449867,0.09,1,2842430,2841976,454
209626221,28.8034,32.6134,449,46197,0.0599947,0.05,1,2842455,2842006,449
209629141,28.3214,29.8454,449,46243,0.0659979,0.15,1,2842483,2842034,449
209632061,23.3286,28.1381,442,46289,0.0443992,0.05,1,2842503,2842061,442
209634981,23.7314,23.8553,445,46335,0.0357597,0.01,1,2842527,2842082,445
209637901,30.4926,23.9421,456,46381,0.0443039,0.09,1,2842562,2842106,456
209640821,30.797,28.1768,456,46426,0.0237215,0.11,1,2842593,2842137,456
209643741,27.9188,30.4707,450,46471,0.0274886,0.11,1,2842619,2842169,450
209646661,24.9675,27.7883,447,46516,0.0289954,0.11,1,2842642,2842195,447
209649581,21.987,24.9153,444,46561,0.0415982,0.05,1,2842662,2842218,444
209652501,25.5948,22.5661,451,46606,0.0586393,0.05,1,2842690,2842239,451
209655421,28.2379,25.8265,453,46651,0.0774557,0.03,1,2842720,2842267,453
209658341,26.2952,28.9306,447,46696,0.0969823,0.05,1,2842745,2842298,447
209661261,30.3181,26.5722,455,46741,0.0567929,0.05,1,2842778,2842323,455
209664181,36.1272,30.4289,462,46786,0.0527172,0.03,1,2842818,2842356,462
209667101,36.0509,36.7716,457,46831,0.0750869,0.05,1,2842854,2842397,457
209670021,29.4204,34.5086,449,46876,0.0720347,0.07,1,2842879,2842430,449
209672941,27.3681,28.8034,450,46921,0.0708139,0.07,1,2842905,2842455,450
209675861,22.3473,28.3214,441,46966,0.0823256,0.03,1,2842924,2842483,441
209678781,23.3389,23.3286,445,47011,0.0389302,0.03,1,2842948,2842503,445
209681701,31.5356,23.7314,458,47056,0.0455721,0.05,1,2842985,2842527,458
209684621,30.6142,30.4926,453,47101,0.0482288,0.01,1,2843015,2842562,453
209687541,27.8457,30.797,448,47146,0.0612915,0.03,1,2843041,2842593,448
209690461,25.5383,27.9188,446,47191,0.0785166,0.03,1,2843065,2842619,446
209693381,22.8153,24.9675,444,47236,0.0614066,0.05,1,2843086,2842642,444
209696301,25.9261,21.987,452,47281,0.0545627,0.07,1,2843114,2842662,452
209699221,28.9704,25.5948,455,47326,0.0878251,0.09,1,2843145,2842690,455
209713821,36.8381,36.0509,426,47547,0.0948929,0.07,1,2843280,2842854,426
209716741,29.1352,29.4204,425,47591,0.0919572,0.07,1,2843304,2842879,425
209719661,27.2541,27.3681,425,47635,0.0667829,0.09,1,2843330,2842905,425
209722581,21.7016,22.3473,424,47679,0.0567131,0.01,1,2843348,2842924,424
209725501,22.4807,23.3389,423,47723,0.0766853,0.05,1,2843371,2842948,423
209728421,32.3923,31.5356,425,47767,0.0486741,0.05,1,2843410,2842985,425
209731341,30.9569,30.6142,425,47811,0.0614696,0.07,1,2843440,2843015,425
209734261,27.9828,27.8457,425,47855,0.0545879,0.09,1,2843466,2843041,425
209737181,24.9931,25.5383,424,47899,0.0638351,0.05,1,2843489,2843065,424
209757621,29.482,32.0952,422,48207,0.207287,0.09,1,2843662,2843240,422
209760541,36.9928,36.8381,424,48251,0.220915,0.09,1,2843704,2843280,424
209763461,29.1971,29.1352,424,48295,0.202366,0.05,1,2843728,2843304,424
209766381,27.2788,27.2541,424,48339,0.230946,0.05,1,2843754,2843330,424
209769301,22.3115,21.7016,425,48383,0.230379,0.09,1,2843773,2843348,425
209772221,20.9246,22.4807,422,48427,0.254151,0.03,1,2843793,2843371,422
209775141,32.3698,32.3923,423,48471,0.215661,0.07,1,2843833,2843410,423
209778061,31.5479,30.9569,424,48514,0.236264,0.05,1,2843864,2843440,424
209780981,28.2192,27.9828,424,48557,0.244506,0.07,1,2843890,2843466,424
209783901,25.6877,24.9931,425,48600,0.259802,0.13,1,2843914,2843489,425
209813101,27.3634,28.3252,457,49030,0.401609,0.25,1,2844185,2843728,457
209816021,22.9454,26.9301,451,49073,0.406643,0.23,1,2844205,2843754,451
209818941,21.1781,22.172,452,49116,0.408657,0.27,1,2844225,2843773,452
209821861,31.2713,20.8688,470,49159,0.433463,0.19,1,2844263,2843793,470
209824781,31.7085,32.3475,462,49202,0.443385,0.25,1,2844295,2843833,462
209827701,29.4834,31.539,459,49245,0.447354,0.25,1,2844323,2843864,459
209830621,26.7934,28.2156,458,49288,0.436942,0.27,1,2844348,2843890,458
209833541,24.5173,25.6862,457,49331,0.432777,0.33,1,2844371,2843914,457
209836461,29.0069,23.4745,467,49374,0.431111,0.33,1,2844403,2843936,467
209839381,31.4028,28.5898,468,49417,0.418444,0.33,1,2844436,2843968,468
209842301,26.9611,31.2359,459,49460,0.413378,0.33,1,2844460,2844001,459
209845221,11.9844,26.8944,437,49503,0.411351,0.33,1,2844462,2844025,437
209851061,32.8775,23.3831,476,49589,0.400616,0.37,1,2844534,2844058,476
209853981,37.751,31.5532,480,49631,0.406246,0.41,1,2844575,2844095,480
209856901,30.1004,36.0213,466,49673,0.444499,0.39,1,2844600,2844134,466
209859821,27.6402,29.4085,467,49715,0.435799,0.41,1,2844626,2844159,467
209862741,23.0561,27.3634,461,49757,0.44432,0.41,1,2844646,2844185,461
209865661,21.8224,22.9454,462,49799,0.435728,0.41,1,2844667,2844205,462
209868581,32.129,21.1781,481,49841,0.444291,0.45,1,2844706,2844225,481
209871501,32.0516,31.2713,475,49883,0.447716,0.45,1,2844738,2844263,475
209941581,12.5591,11.8902,451,50888,0.761465,0.57,2,2845354,2844903,451
209944501,24.2236,24.5561,450,50929,0.790586,0.61,2,2845386,2844936,450
209964941,22.6889,22.0824,454,51216,0.916247,0.71,2,2845566,2845112,454
209967861,32.4756,31.633,455,51257,0.936499,0.69,2,2845605,2845150,455
210137221,34.223,33.8562,490,53588,0.922,1,2,2847215,2846725,490
210280301,336.272,349.025,514,24820,0.946,1,2,2848577,2848063,514
210286141,115.604,101.684,537,25716,0.92296,1,2,2848704,2848167,537
210397101,54.1972,54.1782,532,28679,0.933951,1,2,2850774,2850242,532
210411701,44.9031,46.9948,513,29046,0.221119,1,1,2851049,2850536,513
210417541,34.6645,42.0792,500,29192,0.060579,1,1,2851117,2850617,500
210420461,58.2658,37.2317,540,29265,0.0422316,0.95,1,2851191,2850651,540
210423381,49.1063,57.4927,512,29337,0.0588926,0.91,1,2851234,2850722,512
210426301,57.4425,54.1971,523,29409,0.0415571,0.57,1,2851297,2850774,523
210429221,62.577,64.2788,518,29481,0.0226228,0.45,1,2851363,2850845,518
210432141,45.4308,73.1115,473,29553,0.0630491,0.27,1,2851397,2850924,473
210435061,42.1723,52.6446,474,29625,0.0552197,0.29,1,2851437,2850963,474
210443821,35.963,40.1613,459,29838,0.0810541,0.03,1,2851545,2851086,459
210446741,15.5852,34.6645,430,29909,0.0624216,0.03,1,2851547,2851117,430
210449661,47.0341,58.2658,424,29980,0.0909686,0.07,1,2851615,2851191,424
210455501,55.6455,57.4425,424,30121,0.080555,0.01,1,2851721,2851297,424
210458421,63.0582,62.577,426,30191,0.074222,0.09,1,2851789,2851363,426
210461341,44.4233,45.4308,424,30261,0.0956888,0.05,1,2851821,2851397,424
210481781,44.8293,44.6136,427,30747,0.23339,0.05,1,2852085,2851658,427
210484701,53.9317,55.6455,424,30816,0.243356,0.07,1,2852145,2851721,424
210487621,62.9727,63.0582,425,30885,0.271342,0.11,1,2852214,2851789,425
210490541,45.5891,44.4233,427,30954,0.282537,0.13,1,2852248,2851821,427
210493461,44.0356,42.9693,428,31022,0.299015,0.17,1,2852291,2851863,428
210496381,42.8143,42.3877,428,31090,0.269606,0.13,1,2852333,2851905,428
210499301,35.1257,34.9551,428,31158,0.281842,0.13,1,2852363,2851935,428
210502221,35.6503,35.582,428,31226,0.286737,0.13,1,2852399,2851971,428
210505141,15.4601,15.4328,428,31294,0.264695,0.13,1,2852401,2851973,428
210508061,49.384,6.17312,500,31362,0.267878,0.21,1,2852473,2851973,500
210510981,46.1536,43.8693,475,31429,0.269151,0.27,1,2852517,2852042,475
210513901,55.0614,43.3477,493,31496,0.26966,0.25,1,2852578,2852085,493
210516821,63.4246,53.3391,502,31563,0.281864,0.29,1,2852647,2852145,502
210540181,46.9873,49.3837,479,32095,0.401776,0.27,1,2852952,2852473,479
210578141,62.982,64.518,450,32942,0.762769,0.55,2,2853533,2853083,450
210581061,46.7928,48.0072,449,33006,0.779107,0.55,2,2853569,2853120,449
210583981,43.9171,44.4029,449,33070,0.797643,0.55,2,2853611,2853162,449
210592741,39.1467,37.3778,452,33262,0.918169,0.61,2,2853724,2853272,452
210595661,16.8587,16.1511,452,33326,0.937268,0.65,2,2853726,2853274,452
210598581,52.9435,50.8604,455,33389,0.932907,0.69,2,2853803,2853348,455
210601501,49.3774,47.3442,457,33452,0.943163,0.69,2,2853850,2853393,457
210604421,20.951,20.1377,457,33515,0.947265,0.75,2,2853852,2853395,457
210741661,62.0315,66.6375,487,36361,0.916,1,2,2855901,2855414,487
210759181,39.6577,39.6356,484,36709,0.774227,1,2,2856108,2855624,484
210776701,56.7099,62.0315,466,37052,0.443391,0.87,1,2856367,2855901,466
210779621,44.284,46.4126,466,37109,0.423356,0.81,1,2856403,2855937,466
210782541,33.3136,33.565,467,37166,0.403343,0.81,1,2856429,2855962,467
210785461,30.1254,13.426,495,37223,0.407337,0.87,1,2856457,2855962,495
210788381,31.8502,26.9704,492,37280,0.408935,0.83,1,2856490,2855998,492
210794221,38.096,30.3553,500,37394,0.41223,0.75,1,2856563,2856063,500
210802981,52.8621,30.0227,519,37563,0.413503,0.53,1,2856687,2856168,519
210805901,40.3449,55.8091,478,37619,0.435401,0.47,1,2856719,2856241,478
210852621,33.1786,42.1101,472,38507,0.7666,0.55,2,2857314,2856842,472
210867221,40.5676,40.8242,453,38782,0.912103,0.63,2,2857458,2857005,453
210870141,31.827,31.9297,453,38836,0.922841,0.61,2,2857484,2857031,453
211103741,326.609,353.661,471,18980,0.405951,0.77,1,2860385,2859914,471
211112501,116.519,114.434,477,19314,0.0427808,0.01,1,2860664,2860187,477
211115421,73.6076,93.7737,442,19424,0.0171123,0.21,1,2860709,2860267,442
211118341,70.243,80.1095,439,19533,0.0128449,0.11,1,2860777,2860338,439
211121261,38.8972,48.2438,430,19642,0.00513797,0.01,1,2860795,2860365,430
211124181,73.7589,31.2975,507,19750,0.00805519,0.05,1,2860892,2860385,507
211127101,78.1036,64.119,502,19857,0.0212221,0.05,1,2860973,2860471,502
211130021,99.0414,73.0476,536,19964,0.00848883,0,1,2861086,2860550,536
211132941,67.2166,97.619,468,20070,0.00939553,0,1,2861132,2860664,468
211135861,66.4866,66.0476,489,20176,0.0217582,0.01,1,2861198,2860709,489
211138781,37.9947,67.219,440,20281,0.00870328,0,1,2861217,2860777,440
211141701,73.3979,37.6876,519,20386,0.00348131,0.01,1,2861314,2860795,519
211144621,79.1591,73.275,505,20490,0.0193925,0.03,1,2861397,2860892,505
211147541,97.6637,77.91,534,20594,0.00775701,0,1,2861507,2860973,534
211150461,66.6655,98.964,467,20697,0.0091028,0.01,1,2861553,2861086,467
211153381,67.4662,67.1856,489,20799,0.0456411,0.03,1,2861621,2861132,489
211156301,37.7865,66.4742,441,20901,0.0182564,0,1,2861639,2861198,441
211159221,73.3146,37.9897,519,21002,0.00730258,0,1,2861736,2861217,519
211162141,30.5258,73.3959,424,21103,0.00892103,0.03,1,2861738,2861314,424
211165061,61.4103,79.1584,423,21204,0.0215684,0,1,2861820,2861397,423
211167981,89.9641,97.6633,422,21304,0.00862736,0.01,1,2861929,2861507,422
211170901,64.1857,66.6653,423,21404,0.00345095,0.07,1,2861976,2861553,423
211173821,65.8743,67.4661,422,21503,0.0193804,0,1,2862043,2861621,422
211176741,37.1497,37.7865,422,21602,0.0257522,0,1,2862061,2861639,422
211179661,73.0599,73.3146,422,21700,0.0283009,0.01,1,2862158,2861736,422
211182581,30.424,30.5258,422,21798,0.0113203,0.03,1,2862160,2861738,422
211185501,61.9696,61.4103,423,21895,0.0105281,0,1,2862243,2861820,423
211188421,89.5878,89.9641,422,21992,0.00421125,0,1,2862351,2861929,422
211191341,64.6351,64.1857,423,22088,0.0196845,0.03,1,2862399,2861976,423
211194261,65.4541,65.8743,422,22184,0.0378738,0.03,1,2862465,2862043,422
211197181,36.9816,37.1497,422,22280,0.0331495,0.03,1,2862483,2862061,422
211200101,72.9926,73.0599,422,22375,0.0312598,0,1,2862580,2862158,422
211203021,30.3971,30.424,422,22470,0.0305039,0.01,1,2862582,2862160,422
211205941,62.5588,61.9696,423,22564,0.0422016,0.01,1,2862666,2862243,423
211208861,89.8235,24.7878,531,22658,0.0468806,0,1,2862774,2862243,531
211211781,63.5294,74.7151,469,22752,0.0187522,0.03,1,2862820,2862351,469
211214701,65.0118,58.6861,487,22845,0.0375009,0.05,1,2862886,2862399,487
211217621,36.8047,63.0744,439,22938,0.0450004,0.03,1,2862904,2862465,439
211220541,72.9219,36.0298,518,23030,0.0360001,0.03,1,2863001,2862483,518
211223461,30.3688,72.6119,423,23122,0.0564001,0.03,1,2863003,2862580,423
211226381,62.5475,30.2448,505,23214,0.05256,0.05,1,2863087,2862582,505
211229301,89.819,62.4979,529,23305,0.087024,0.05,1,2863195,2862666,529
211232221,63.5276,89.7992,467,23396,0.0348096,0,1,2863241,2862774,467
211235141,66.211,63.5197,489,23487,0.0439238,0.05,1,2863309,2862820,489
211238061,37.2844,65.0079,441,23577,0.0475695,0.05,1,2863327,2862886,441
211240981,72.5138,36.8031,519,23667,0.0730278,0.03,1,2863423,2862904,519
211243901,30.2055,72.9213,424,23757,0.0832111,0.07,1,2863425,2863001,424
211246821,63.0822,30.3685,507,23846,0.0872845,0.05,1,2863510,2863003,507
211249741,90.6329,62.5474,532,23935,0.0889138,0.11,1,2863619,2863087,532
211252661,37.4532,89.819,426,24024,0.0895655,0,1,2863621,2863195,426
211255581,41.3813,63.5276,424,24112,0.0658262,0.05,1,2863665,2863241,424
211281861,58.6701,57.3525,427,24892,0.282327,0.15,1,2864160,2863733,427
211293541,64.3196,62.9898,430,25231,0.404428,0.17,1,2864366,2863936,430
211296461,91.1278,90.5959,430,25315,0.443771,0.17,1,2864475,2864045,430
211302301,41.4605,40.1753,432,25482,0.441803,0.19,1,2864521,2864089,432
211305221,62.1842,16.0701,508,25565,0.422721,0.35,1,2864597,2864089,508
211308141,35.6737,49.0281,455,25648,0.415089,0.35,1,2864615,2864160,455
211337341,32.5988,76.0685,447,26463,0.762151,0.49,2,2865165,2864718,447
211340261,65.2395,31.6274,532,26543,0.77886,0.49,2,2865252,2864720,532
211343181,93.2958,64.851,557,26623,0.797544,0.53,2,2865364,2864807,557
211351941,64.8429,40.3905,528,26861,0.797203,0.59,2,2865489,2864961,528
211354861,27.1372,62.3562,453,26940,0.792881,0.65,2,2865491,2865038,453
211366541,65.5907,65.2395,462,27253,0.903162,0.81,2,2865714,2865252,462
211369461,93.4363,93.2958,462,27331,0.937265,0.81,2,2865826,2865364,462
211480421,54.6406,52.1826,499,30134,0.92728,1,2,2867759,2867260,499
211486261,52.0625,58.2692,491,30274,0.766365,1,2,2867851,2867360,491
211497941,43.088,42.4597,486,30553,0.434387,0.95,1,2868008,2867522,486
211506701,87.2376,90.1014,479,30760,0.259401,0.91,1,2868207,2867728,479
211509621,48.0951,54.6406,470,30829,0.26576,0.8,1,2868229,2867759,470
211512541,36.638,41.6562,466,30898,0.256304,0.71,1,2868258,2867792,466
211518381,34.6621,40.625,452,31034,0.203009,0.59,1,2868336,2867884,452
211524221,41.6659,46.22,443,31170,0.216081,0.39,1,2868410,2867967,443
211530061,32.5865,35.2352,438,31306,0.213373,0.35,1,2868476,2868038,438
211532981,43.0346,14.0941,488,31374,0.211349,0.25,1,2868526,2868038,488
211541741,35.1542,46.742,459,31575,0.211526,0.25,1,2868688,2868229,459
211544661,42.8617,36.0968,478,31642,0.222611,0.15,1,2868736,2868258,478
211547581,34.5447,44.4387,457,31709,0.227044,0.21,1,2868765,2868308,457
211550501,27.6179,34.5755,452,31776,0.252818,0.19,1,2868788,2868336,452
211553421,42.2471,27.6302,481,31843,0.239127,0.23,1,2868840,2868359,481
211556341,39.0989,41.6521,467,31909,0.245651,0.17,1,2868877,2868410,467
211559261,31.8395,39.4608,456,31975,0.26026,0.23,1,2868904,2868448,456
211568021,45.0457,86.2135,447,32173,0.428737,0.19,1,2869088,2868641,447
211620581,33.0075,33.1498,449,33337,0.755202,0.59,2,2869788,2869339,449
211626421,91.2012,89.544,453,33463,0.770032,0.63,2,2869966,2869513,453
211641021,35.8846,34.6052,457,33778,0.922122,0.77,2,2870103,2869646,457
211643941,29.3538,28.2421,458,33841,0.926849,0.73,2,2870128,2869670,458
211646861,41.7415,41.2968,458,33903,0.90474,0.73,2,2870178,2869720,458
211652701,33.0786,33.0075,458,34027,0.928358,0.73,2,2870246,2869788,458
211769501,21.8503,25.5771,510,36428,0.927693,1,2,2871963,2871453,510
211772421,23.7401,30.6308,501,36486,0.941077,1,2,2871988,2871487,501
211775341,29.296,32.6523,500,36544,0.934431,1,2,2872021,2871521,500
211784101,34.8989,42.3137,488,36718,0.773804,1,2,2872125,2871637,488
211798701,43.3183,43.5642,473,37004,0.445713,1,1,2872395,2871922,473
211804541,21.8109,21.8503,470,37118,0.408514,0.95,1,2872433,2871963,470
211807461,23.1244,23.7401,469,37175,0.409406,0.95,1,2872457,2871988,469
211819141,33.0832,32.3357,493,37403,0.288737,0.73,1,2872582,2872089,493
211822061,31.8333,34.5343,488,37459,0.289495,0.73,1,2872613,2872125,488
211824981,43.9333,32.4137,509,37515,0.289798,0.49,1,2872665,2872156,509
211848341,28.0564,26.0497,468,37963,0.430239,0.33,1,2872953,2872485,468
211895061,34.3916,32.9236,449,38844,0.764473,0.57,2,2873499,2873050,449
211897981,44.3567,43.1694,450,38898,0.779789,0.59,2,2873550,2873100,450
211924261,23.8143,23.6194,455,39384,0.915499,0.75,2,2873853,2873398,455
211927181,28.7257,27.4478,457,39438,0.9242,0.73,2,2873885,2873428,457
212084861,32.6243,29.7793,512,42230,0.932464,1,2,2875846,2875334,512
212089241,31.6199,28.6447,515,42330,0.903994,1,2,2875908,2875393,515
212147641,58.5866,64.719,445,19533,0.076634,0.01,1,2876799,2876354,445
212150561,32.4346,40.2876,436,19642,0.0306536,0.05,1,2876814,2876378,436
212153481,134.774,83.315,527,19750,0.0542614,0.05,1,2877017,2876490,527
212156401,80.3095,95.126,468,19857,0.0997046,0.09,1,2877061,2876593,468
212162241,54.8495,60.3402,473,20070,0.201953,0.15,1,2877167,2876694,473
212165161,53.7398,52.3361,479,20176,0.206781,0.03,1,2877220,2876741,479
212172461,57.3193,134.318,426,20490,0.098434,0.13,1,2877443,2877017,426
212187061,27.5841,30.4912,427,21002,0.205094,0.07,1,2877662,2877235,427
212192901,56.7334,57.3186,428,21204,0.0916151,0.19,1,2877871,2877443,428
212198741,58.9974,58.251,430,21404,0.0758584,0.19,1,2877983,2877553,430
212201661,51.7989,50.9004,431,21503,0.0843434,0.21,1,2878030,2877599,431
212210421,128.787,132.834,425,21798,0.222118,0.07,1,2878290,2877865,425
212213341,55.7149,56.7334,426,21895,0.226847,0.13,1,2878297,2877871,426
212219181,58.2344,58.9974,425,22088,0.215096,0.09,1,2878408,2877983,425
212222101,52.0938,51.7989,426,22184,0.248038,0.17,1,2878456,2878030,426
212230861,130.39,128.787,432,22470,0.410194,0.23,1,2878722,2878290,432
212233781,55.756,55.7149,431,22564,0.434078,0.23,1,2878728,2878297,431
212236701,49.9024,22.2859,477,22658,0.419631,0.17,1,2878774,2878297,477
212261521,56.4912,58.3522,447,23487,0.784377,0.51,2,2879285,2878838,447
212281961,37.3419,37.728,458,24112,0.92458,0.81,2,2879674,2879216,458
212284881,58.7367,56.4912,462,24200,0.915832,0.87,2,2879747,2879285,462
212287801,55.8947,53.1965,465,24288,0.900333,0.87,2,2879801,2879336,465
212296561,136.129,135.717,466,24549,0.942021,0.89,2,2880086,2879620,466
212299481,58.0517,57.8866,466,24635,0.946809,0.89,2,2880092,2879626,466
212302401,24.4207,24.3547,466,24721,0.948723,0.95,2,2880094,2879628,466
212379781,35.7248,23.9008,534,26940,0.948678,1,2,2881627,2881093,534
212388541,64.4944,60.8336,496,27175,0.750715,1,2,2881783,2881287,496
212394381,127.559,130.813,495,27331,0.248514,1,1,2881997,2881502,495
212400221,41.6495,45.5301,493,27485,0.0625623,0.99,1,2882054,2881561,493
212403141,27.4598,36.8121,480,27562,0.0430249,0.92,1,2882072,2881592,480
212406061,34.9839,35.7248,485,27639,0.01721,1,1,2882112,2881627,485
212408981,27.7936,31.0899,480,27716,0.060884,1,1,2882135,2881655,480
212411901,33.3174,41.236,469,27792,0.0423536,0.59,1,2882172,2881703,469
212414821,50.527,64.4944,451,27868,0.0349414,0.41,1,2882234,2881783,451
212417741,35.2108,44.3978,445,27944,0.0559766,0.05,1,2882259,2881814,445
212423581,65.6337,72.6236,422,28096,0.0461562,0.01,1,2882455,2882033,422
212426501,38.8535,41.6495,422,28171,0.0244625,0.03,1,2882476,2882054,422
212429421,26.3414,27.4598,422,28246,0.039785,0,1,2882494,2882072,422
212432341,35.7366,34.9839,424,28321,0.021914,0.09,1,2882536,2882112,424
212435261,26.8946,27.7936,422,28396,0.0507656,0.09,1,2882557,2882135,422
212438181,32.3578,11.1174,458,28471,0.0383062,0.03,1,2882593,2882135,458
212441101,50.1431,26.647,483,28545,0.0573225,0.03,1,2882655,2882172,483
212444021,36.8573,47.8588,449,28619,0.040929,0.07,1,2882683,2882234,449
212446941,108.943,34.1435,581,28693,0.0703716,0.13,1,2882840,2882259,581
212449861,65.1772,109.657,457,28767,0.0701486,0.01,1,2882876,2882419,457
212452781,38.6709,65.463,442,28841,0.0460595,0.01,1,2882897,2882455,442
212455701,26.2683,38.7852,439,28914,0.0484238,0.05,1,2882915,2882476,439
212458621,35.7073,26.3141,463,28987,0.0373695,0.01,1,2882957,2882494,463
212461541,27.4829,35.7256,443,29060,0.0329478,0.07,1,2882979,2882536,443
212464461,31.9932,26.8903,457,29133,0.0191791,0.03,1,2883014,2882557,457
212467381,49.9973,32.3561,483,29206,0.0376716,0.07,1,2883076,2882593,483
212470301,37.3989,50.1424,450,29278,0.0450687,0.03,1,2883105,2882655,450
212484901,35.6726,26.2683,464,29638,0.0753895,0.03,1,2883379,2882915,464
212487821,27.469,35.7073,444,29709,0.0481558,0.03,1,2883401,2882957,444
212490741,31.3876,27.4829,456,29780,0.0372623,0.01,1,2883435,2882979,456
212493661,13.755,31.9932,423,29851,0.0329049,0.05,1,2883437,2883014,423
212496581,43.302,49.9973,424,29922,0.031162,0.05,1,2883500,2883076,424
212499501,34.7208,37.3989,424,29993,0.0424648,0.15,1,2883529,2883105,424
212502421,113.488,110.96,430,30064,0.0949859,0.21,1,2883695,2883265,430
212505341,67.5953,65.3838,432,30134,0.0919944,0.21,1,2883732,2883300,432
212508261,36.6381,36.9535,430,30204,0.0907978,0.11,1,2883748,2883318,430
212511181,23.0553,26.1814,425,30274,0.0903191,0.03,1,2883762,2883337,425
212514101,33.2221,35.6726,423,30344,0.0541276,0.03,1,2883802,2883379,423
212517021,26.4888,27.469,423,30414,0.0396511,0.03,1,2883824,2883401,423
212519941,30.3955,31.3876,422,30484,0.0578604,0.03,1,2883857,2883435,422
212522861,13.3582,13.755,422,30553,0.0651442,0.03,1,2883859,2883437,422
212525781,43.1433,43.302,422,30622,0.0440577,0.05,1,2883922,2883500,422
212528701,35.8573,34.7208,424,30691,0.0476231,0.13,1,2883953,2883529,424
212543301,31.4645,33.2221,423,31034,0.235313,0.03,1,2884225,2883802,423
212546221,26.3858,26.4888,424,31102,0.256125,0.07,1,2884248,2883824,424
212549141,29.7543,30.3955,423,31170,0.28845,0.07,1,2884280,2883857,423
212554981,42.4407,43.1433,422,31306,0.282552,0.03,1,2884344,2883922,422
212557901,34.9763,17.2573,452,31374,0.251021,0.05,1,2884374,2883922,452
212560821,119.591,25.5029,597,31441,0.262408,0.21,1,2884550,2883953,597
212563741,70.6362,111.001,467,31508,0.266963,0.15,1,2884588,2884121,467
212566661,37.8545,66.6005,446,31575,0.268785,0.19,1,2884604,2884158,446
212569581,23.5418,36.2402,444,31642,0.281514,0.19,1,2884618,2884174,444
212642581,13.4658,13.6857,454,33273,0.755642,0.67,2,2885609,2885155,454
212645501,42.5863,42.0743,455,33337,0.788257,0.69,2,2885671,2885216,455
212665941,34.6216,35.6524,457,33778,0.945989,0.75,2,2886008,2885551,457
212788581,44.9701,41.7999,499,36312,0.946,1,2,2887838,2887339,499
212794421,35.9952,24.328,517,36428,0.94696,1,2,2887904,2887387,517
212800261,33.9592,25.8525,534,36544,0.769514,1,2,2887969,2887435,534
212842601,237.753,172.016,594,16916,0.215522,0.03,1,2888661,2888067,594
212848441,87.1206,111.643,451,17167,0.0788835,0.03,1,2888789,2888338,451
212851361,70.8482,79.457,453,17291,0.0615534,0.01,1,2888849,2888396,453
212854281,46.9393,57.5828,441,17414,0.0426214,0.01,1,2888880,2888439,441
212871801,18.9384,44.1484,425,18133,0.0957503,0.17,1,2889305,2888880,425
212874721,135.375,142.459,430,18250,0.2003,0.17,1,2889518,2889088,430
212877641,99.7501,102.584,430,18366,0.25412,0.15,1,2889594,2889164,430
212880561,68.7001,69.2335,431,18482,0.287648,0.11,1,2889642,2889211,431
212883481,61.68,64.2934,427,18597,0.289059,0.09,1,2889699,2889272,427
212895161,101.923,99.7483,434,19049,0.436952,0.31,1,2890028,2889594,434
212898081,70.1692,68.6993,435,19160,0.444781,0.29,1,2890077,2889642,435
212901001,62.8677,61.6797,436,19271,0.435912,0.33,1,2890135,2889699,436
212903921,43.1471,42.6719,436,19381,0.432365,0.33,1,2890165,2889729,436
212906841,18.4588,18.2688,436,19490,0.430946,0.43,1,2890167,2889731,436
212931661,76.393,103.616,450,20448,0.791623,0.55,2,2890920,2890470,450
212946261,148.699,127.955,485,20962,0.928583,0.73,2,2891295,2890810,485
213035321,71.963,43.0296,550,23898,0.93304,1,2,2893300,2892750,550
213038241,46.7852,56.2119,515,23987,0.925216,1,2,2893330,2892815,515
213044081,37.4856,48.2339,493,24163,0.794835,1,2,2893401,2892908,493
213061601,43.4265,46.7852,465,24684,0.416411,0.87,1,2893795,2893330,465
213064521,35.9706,39.7141,461,24770,0.412564,0.73,1,2893826,2893365,461
213067441,33.5882,37.4856,457,24856,0.435026,0.65,1,2893858,2893401,457
213070361,38.0353,41.9943,453,24941,0.43201,0.71,1,2893899,2893446,453
213117081,39.4177,33.9467,488,26267,0.754396,0.51,2,2894788,2894300,488
213120001,36.7671,38.1787,482,26348,0.763758,0.55,2,2894823,2894341,482
213128761,66.5291,68.7314,517,26588,0.904001,0.67,2,2895106,2894589,517
213131681,44.6116,64.6926,485,26668,0.9196,0.67,2,2895136,2894651,485
213134601,38.2447,43.277,490,26747,0.92584,0.73,2,2895170,2894680,490
213260161,45.6329,61.6371,508,29961,0.934,1,2,2897428,2896920,508
213266001,44.0213,52.8219,488,30102,0.77704,1,2,2897527,2897039,488
213280601,34.9839,34.2638,501,30452,0.418866,1,1,2897724,2897223,501
213341921,71.5045,33.0861,546,31880,0.751569,0.55,2,2898715,2898169,546
213344841,51.4018,72.0344,486,31946,0.786628,0.65,2,2898753,2898267,486
213368201,31.7564,34.4029,485,32472,0.917328,0.69,2,2899072,2898587,485
213461641,35.583,33.6272,512,34495,0.942925,1,2,2900472,2899960,512
213514201,31.8228,43.8014,470,35583,0.754206,0.51,2,2901260,2900790,470
213517121,28.9291,31.9205,473,35642,0.799683,0.51,2,2901287,2900814,473
213537561,45.7629,44.764,452,36055,0.912722,0.67,2,2901542,2901090,452
213540481,45.3052,43.1056,455,36114,0.935089,0.69,2,2901587,2901132,455
213543401,63.1221,61.6422,456,36173,0.944035,0.77,2,2901662,2901206,456
213752181,216.577,189.224,545,17641,0.251632,0.71,1,2904495,2903950,545
213758021,106.412,114.276,494,17881,0.0654611,0.29,1,2904665,2904171,494
213760941,78.5649,100.31,463,18000,0.0561844,0.25,1,2904725,2904262,463
213763861,42.826,70.1241,432,18118,0.0524738,0.15,1,2904744,2904312,432
213766781,39.3304,49.0497,434,18235,0.0869895,0.07,1,2904781,2904347,434
213769701,98.5322,108.42,424,18351,0.0887958,0.03,1,2904919,2904495,424
213772621,89.2129,93.7679,423,18467,0.0895183,0.03,1,2905002,2904579,423
213775541,88.4851,89.1072,425,18582,0.0898073,0.05,1,2905090,2904665,425
213787221,97.6172,98.0891,424,19035,0.261931,0.09,1,2905343,2904919,424
213801821,39.5561,38.5385,430,19586,0.42465,0.21,1,2905636,2905206,430
213804741,102.222,15.4154,574,19694,0.43986,0.31,1,2905780,2905206,574
213854381,37.7847,42.2405,454,21451,0.769112,0.63,2,2906939,2906485,454
213857301,39.1139,41.4962,453,21550,0.781645,0.67,2,2906979,2906526,453
213860221,106.846,106.598,455,21648,0.906658,0.73,2,2907131,2906676,455
213944901,100.695,112.686,495,24328,0.7588,1,2,2909046,2908551,495
213950741,65.9112,58.3497,500,24502,0.434608,1,1,2909159,2908659,500
213956581,81.7058,78.2159,493,24674,0.245937,1,1,2909301,2908808,493
213959501,51.8823,53.4864,488,24760,0.248375,1,1,2909333,2908845,488
213962421,33.3529,40.5946,477,24846,0.23735,0.82,1,2909354,2908877,477
213974101,54.153,65.9112,434,25185,0.206956,0.31,1,2909593,2909159,434
213977021,44.4612,49.7645,433,25269,0.220782,0.17,1,2909631,2909198,433
213979941,77.1845,81.7058,429,25353,0.298313,0.25,1,2909730,2909301,429
214003301,80.9863,44.3337,537,26014,0.401126,0.35,1,2910168,2909631,537
214006221,52.7945,77.1335,472,26095,0.406451,0.35,1,2910202,2909730,472
214009141,33.1178,51.2534,458,26176,0.40858,0.35,1,2910222,2909764,458
214012061,21.6471,32.5014,452,26257,0.409432,0.33,1,2910236,2909784,452
214014981,88.4589,22.0005,570,26338,0.433773,0.37,1,2910369,2909799,570
214023741,46.6294,54.664,481,26578,0.438881,0.39,1,2910504,2910023,481
214061701,21.8545,21.6897,448,27596,0.921795,0.53,2,2911125,2910677,448
214064621,9.94178,9.87588,448,27673,0.914718,0.59,2,2911127,2910679,448
214067541,86.7767,84.9504,451,27750,0.923887,0.63,2,2911265,2910814,451
214070461,61.7107,59.7801,453,27826,0.939555,0.69,2,2911310,2910857,453
214213541,38.2345,35.3845,497,31337,0.94,1,2,2913775,2913278,497
214216461,30.8938,14.1538,523,31405,0.94,1,2,2913801,2913278,523
214295301,58.4014,58.4538,448,33176,0.750626,0.55,2,2915033,2914585,448
214309901,12.2927,11.9534,451,33494,0.927222,0.65,2,2915167,2914716,451
214531821,40.9481,30.5633,530,37994,0.928,1,2,2918373,2917843,530
214549341,36.1061,35.6949,521,38326,0.772464,1,2,2918607,2918086,521
214563941,40.1348,38.4257,515,38601,0.276048,1,1,2918812,2918297,515
214566861,19.0539,33.3703,490,38656,0.236419,0.88,1,2918817,2918327,490
214569781,31.6216,40.9481,484,38711,0.208568,1,1,2918857,2918373,484
214572701,31.2486,38.5792,478,38766,0.245427,0.94,1,2918888,2918410,478
214581461,38.8639,40.4131,469,38928,0.0946673,0.81,1,2919002,2918533,469
214584381,33.5456,40.7652,458,38982,0.0918669,0.71,1,2919032,2918574,458
214587301,30.2182,36.1061,453,39036,0.0667468,0.71,1,2919060,2918607,453
214590221,30.0873,33.6424,451,39090,0.0566987,0.43,1,2919090,2918639,451
214593141,45.0349,51.857,442,39144,0.0766795,0.47,1,2919145,2918703,442
214596061,37.814,39.3428,444,39198,0.0966718,0.29,1,2919178,2918734,444
214598981,32.5256,37.3371,437,39252,0.0806687,0.21,1,2919207,2918770,437
214607741,27.9776,31.6216,427,39414,0.0740428,0.27,1,2919284,2918857,427
214610661,30.9911,31.2486,429,39468,0.0596171,0.11,1,2919317,2918888,429
214613581,27.9964,29.8995,426,39522,0.0538468,0.11,1,2919343,2918917,426
214616501,38.7986,40.1598,425,39575,0.0515387,0.07,1,2919389,2918964,425
214619421,36.5194,38.8639,422,39628,0.0866155,0.09,1,2919424,2919002,422
214631101,46.4245,45.0349,426,39840,0.219609,0.11,1,2919571,2919145,426
214634021,38.3698,37.814,426,39893,0.237844,0.07,1,2919604,2919178,426
214636941,32.1479,32.5256,425,39946,0.245137,0.13,1,2919632,2919207,425
214639861,34.4592,34.6102,425,39999,0.284055,0.11,1,2919668,2919243,425
214642781,17.3837,17.4441,425,40052,0.299622,0.05,1,2919674,2919249,425
214701181,28.7407,36.6036,461,41095,0.405577,0.33,1,2920347,2919886,461
214704101,30.6963,29.0414,469,41146,0.444231,0.33,1,2920379,2919910,469
214759581,18.2106,18.0609,447,42109,0.758844,0.53,2,2920994,2920547,447
214762501,28.2842,27.6244,448,42159,0.753537,0.51,2,2921029,2920581,448
214765421,31.7137,32.0497,447,42209,0.787415,0.51,2,2921063,2920616,447
214785861,34.4619,32.1921,454,42559,0.924606,0.65,2,2921278,2920824,454
214902661,31.8482,31.2843,512,44500,0.933972,1,2,2922619,2922107,512
215072021,28.7409,31.9284,504,47169,0.756561,1,2,2924496,2923992,504
215077861,33.6385,34.3885,509,47259,0.43905,1,1,2924566,2924057,509
215086621,36.5929,35.2969,517,47394,0.0868992,1,1,2924672,2924155,517
215089541,32.0371,35.1187,511,47438,0.0347597,1,1,2924701,2924190,511
215095381,24.9259,34.059,493,47526,0.0415615,1,1,2924749,2924256,493
215098301,20.7704,28.6236,486,47570,0.0166246,1,1,2924767,2924281,486
215101221,23.9082,24.0494,491,47614,0.0246498,1,1,2924793,2924302,491
215104141,27.5633,28.8198,489,47658,0.0398599,1,1,2924823,2924334,489
215107061,30.8253,33.1279,486,47702,0.081944,0.98,1,2924856,2924370,486
215109981,25.5301,35.4512,471,47746,0.0867776,0.81,1,2924878,2924407,471
215112901,24.612,33.3805,463,47790,0.076711,0.79,1,2924902,2924439,463
215115821,26.0448,31.3522,460,47834,0.0606844,0.71,1,2924929,2924469,460
215121661,24.2072,33.0963,440,47922,0.0997095,0.35,1,2924972,2924532,440
215136261,31.5727,32.0371,423,48142,0.0477346,0.15,1,2925124,2924701,423
215139181,27.0291,27.8149,422,48186,0.0370938,0,1,2925148,2924726,422
215142101,25.2116,24.9259,423,48230,0.0208375,0,1,2925172,2924749,423
215145021,20.8847,20.7704,423,48274,0.026335,0.03,1,2925190,2924767,423
215147941,23.9539,23.9082,423,48318,0.040534,0.05,1,2925216,2924793,423
215150861,26.9815,27.5633,422,48362,0.0162136,0.11,1,2925245,2924823,422
215153781,32.9926,30.8253,426,48406,0.0604854,0.09,1,2925282,2924856,426
215156701,26.397,25.5301,426,48450,0.0781942,0.07,1,2925304,2924878,426
215159621,23.7588,24.612,424,48493,0.0732777,0.05,1,2925326,2924902,424
215162541,26.3035,26.0448,425,48536,0.0953111,0.15,1,2925354,2924929,425
215185901,26.553,12.6291,446,48880,0.077511,0.03,1,2925570,2925124,446
215188821,25.6212,19.4516,447,48923,0.0310044,0.01,1,2925595,2925148,447
215191741,19.8485,22.1807,439,48966,0.0424018,0.03,1,2925611,2925172,439
215194661,23.5394,19.6723,447,49009,0.0469607,0.05,1,2925637,2925190,447
215197581,26.8158,23.4689,450,49052,0.0247843,0,1,2925666,2925216,450
215200501,34.1263,26.7876,460,49095,0.0639137,0.09,1,2925705,2925245,460
215203421,26.8505,32.915,445,49138,0.0915655,0.09,1,2925727,2925282,445
215206341,25.1402,26.366,447,49181,0.0906262,0.07,1,2925751,2925304,447
215241381,24.2802,19.8485,449,49695,0.0648854,0.05,1,2926060,2925611,449
215244301,26.5121,23.5394,451,49737,0.0559541,0.01,1,2926088,2925637,451
215247221,35.8048,26.8158,464,49779,0.0403817,0.09,1,2926130,2925666,464
215250141,28.1219,34.1263,448,49821,0.0581527,0.11,1,2926153,2925705,448
215253061,26.2488,26.8505,451,49863,0.0772611,0.09,1,2926178,2925727,451
215279341,24.9955,25.9445,453,50241,0.201771,0.15,1,2926420,2925967,453
215282261,23.7982,25.3778,451,50283,0.218708,0.11,1,2926443,2925992,451
215285181,10.7193,25.7511,427,50325,0.225483,0.11,1,2926445,2926018,427
215288101,12.6877,18.7005,427,50367,0.228193,0.03,1,2926459,2926032,427
215291021,19.4751,24.2802,423,50409,0.241277,0.05,1,2926483,2926060,423
215293941,25.19,26.5121,424,50451,0.246511,0.03,1,2926512,2926088,424
215296861,35.276,35.8048,424,50493,0.224604,0.07,1,2926554,2926130,424
215299781,28.5104,28.1219,425,50535,0.227842,0.09,1,2926578,2926153,425
215302701,27.6042,26.2488,427,50577,0.241137,0.17,1,2926605,2926178,427
215305621,30.8417,29.0995,429,50619,0.258455,0.17,1,2926638,2926209,429
215308541,23.7367,22.4398,430,50661,0.253382,0.17,1,2926657,2926227,430
215311461,23.8947,23.3759,430,50703,0.251353,0.17,1,2926681,2926251,430
215314381,26.3579,26.1504,430,50745,0.238541,0.19,1,2926709,2926279,430
215317301,27.9431,27.2601,431,50787,0.245416,0.19,1,2926738,2926307,431
215320221,31.5773,31.3041,431,50828,0.260167,0.19,1,2926772,2926341,431
215323141,31.8309,31.7216,431,50869,0.266067,0.19,1,2926804,2926373,431
215328981,25.6129,24.9955,432,50951,0.295771,0.23,1,2926852,2926420,432
215331901,24.6452,23.7982,433,50992,0.292308,0.23,1,2926876,2926443,433
215334821,11.0581,10.7193,433,51033,0.290923,0.23,1,2926878,2926445,433
215364021,26.8895,26.3579,433,51443,0.414456,0.25,1,2927142,2926709,433
215366941,28.7558,27.9431,434,51484,0.423783,0.27,1,2927172,2926738,434
215460381,24.0624,23.4535,476,52777,0.773419,0.61,2,2928003,2927527,476
215463301,28.2249,24.3814,482,52817,0.783367,0.61,2,2928034,2927552,482
215474981,28.2842,33.4082,481,52977,0.912614,0.73,2,2928166,2927685,481
215477901,26.9137,27.7633,483,53017,0.923046,0.71,2,2928192,2927709,483
215480821,25.7655,27.3053,481,53057,0.915218,0.73,2,2928217,2927736,481
215483741,11.5062,25.3221,459,53097,0.912087,0.73,2,2928219,2927760,459
215486661,13.0025,11.3288,471,53137,0.910835,0.73,2,2928233,2927762,471
215489581,20.801,12.9315,483,53177,0.922334,0.71,2,2928259,2927776,483
215492501,25.1204,21.3726,484,53217,0.926934,0.71,2,2928287,2927803,484
215495421,11.2482,25.349,458,53257,0.928773,0.73,2,2928289,2927831,458
215712961,161.265,170.014,493,25633,0.4372,1,1,2930335,2929842,493
215718801,85.2024,91.6423,502,25798,0.296752,0.89,1,2930476,2929974,502
215721721,77.881,79.8569,503,25880,0.268701,0.67,1,2930549,2930046,503
215724641,62.9524,76.3428,482,25962,0.25748,0.67,1,2930602,2930120,482
215727561,48.581,61.7371,469,26044,0.252992,0.47,1,2930641,2930172,469
215730481,57.8324,66.0948,464,26125,0.263197,0.45,1,2930705,2930241,464
215733401,35.133,45.6379,452,26206,0.279279,0.43,1,2930725,2930273,452
215736321,41.6532,26.6552,484,26287,0.273712,0.29,1,2930771,2930287,484
215739241,58.0613,39.4621,505,26368,0.283485,0.27,1,2930840,2930335,505
215742161,65.2245,57.7848,505,26448,0.287394,0.27,1,2930910,2930405,505
215750921,47.2064,59.8342,472,26688,0.434313,0.25,1,2931074,2930602,472
215788881,33.9596,33.7429,449,27702,0.753423,0.55,2,2931657,2931208,449
215791801,55.5838,55.4971,449,27778,0.751369,0.61,2,2931727,2931278,449
215794721,64.2335,63.5989,450,27854,0.774548,0.67,2,2931797,2931347,450
215797641,72.4934,70.4395,453,27930,0.771819,0.63,2,2931875,2931422,453
215809321,38.3598,36.7473,458,28232,0.903679,0.75,2,2932067,2931609,458
215812241,16.5439,15.8989,458,28307,0.919471,0.77,2,2932069,2931611,458
215815161,34.2176,33.9596,458,28382,0.949789,0.77,2,2932115,2931657,458
215818081,55.687,13.5838,528,28457,0.937915,0.75,2,2932185,2931657,528
215821001,64.2748,47.4335,528,28531,0.945166,0.79,2,2932255,2931727,528
215823921,73.1099,60.9734,537,28605,0.936067,0.77,2,2932334,2931797,537
215917361,64.8963,66.559,482,30885,0.90016,1,2,2933942,2933460,482
215926121,37.6094,30.9958,501,31090,0.90361,1,2,2934043,2933542,501
215955321,35.4853,36.9156,503,31764,0.435869,0.91,1,2934508,2934005,503
215981601,33.736,43.2831,472,32359,0.413491,0.47,1,2934915,2934443,472
215984521,34.4944,34.7132,478,32424,0.435396,0.41,1,2934950,2934472,478
216022481,57.1015,53.1591,451,33262,0.756062,0.63,2,2935511,2935060,451
216042921,42.1431,40.7158,458,33704,0.91483,0.73,2,2935786,2935328,458
216045841,33.6573,33.0863,458,33767,0.923932,0.71,2,2935814,2935356,458
216048761,36.2629,36.6345,457,33830,0.927573,0.75,2,2935852,2935395,457
216051681,46.3052,45.2538,459,33893,0.941029,0.77,2,2935905,2935446,459
216218121,33.1264,26.9741,527,37280,0.937293,1,2,2938266,2937739,527
216232721,42.5072,47.9671,513,37563,0.410119,1,1,2938487,2937974,513
216238561,40.7612,36.7147,517,37675,0.201219,1,1,2938561,2938044,517
216241481,41.5045,41.6859,514,37731,0.0984876,0.98,1,2938603,2938089,514
216244401,32.8018,38.8744,504,37787,0.0693951,1,1,2938630,2938126,504
216247321,35.3207,35.3497,508,37843,0.045758,1,1,2938667,2938159,508
216250241,40.5283,37.5399,513,37899,0.0243032,0.99,1,2938711,2938198,513
216253161,29.4113,37.816,497,37955,0.0277213,0.9,1,2938733,2938236,497
216256081,30.9645,33.1264,499,38011,0.0410885,0.81,1,2938765,2938266,499
216259001,31.5858,37.2506,491,38067,0.0464354,0.65,1,2938797,2938306,491
216261921,39.0343,38.3002,496,38122,0.0605742,0.47,1,2938841,2938345,496
216264841,41.4137,45.9201,488,38177,0.0302297,0.45,1,2938884,2938396,488
216267761,38.1655,50.768,470,38232,0.0540919,0.35,1,2938920,2938450,470
216270681,31.4662,42.5072,460,38287,0.0636367,0.29,1,2938947,2938487,460
216273601,37.1865,34.4029,472,38342,0.0914547,0.11,1,2938988,2938516,472
216276521,37.6746,40.7612,465,38397,0.0785819,0.03,1,2939026,2938561,465
216279441,31.8698,41.5045,451,38452,0.0614328,0.05,1,2939054,2938603,451
216282361,34.9479,32.8018,461,38507,0.0425731,0.03,1,2939091,2938630,461
216285281,39.7792,35.3207,467,38562,0.0590292,0.01,1,2939134,2938667,467
216288201,27.9117,40.5283,443,38617,0.0896117,0.03,1,2939154,2938711,443
216294041,24.7459,30.9645,424,38727,0.0803379,0.05,1,2939189,2938765,424
216296961,28.4983,31.5858,423,38782,0.0741351,0.07,1,2939220,2938797,423
216299881,38.9993,39.0343,425,38836,0.0836541,0.01,1,2939266,2938841,425
216302801,40.1997,41.4137,423,38890,0.0514616,0.07,1,2939307,2938884,423
216305721,40.6799,38.1655,428,38944,0.0385846,0.07,1,2939348,2938920,428
216308641,30.072,31.4662,424,38998,0.0454339,0.11,1,2939371,2938947,424
216311561,37.2288,37.1865,425,39052,0.0601735,0.07,1,2939413,2938988,425
216314481,39.4915,37.6746,428,39106,0.0300694,0.05,1,2939454,2939026,428
216317401,30.1966,31.8698,424,39160,0.0660278,0.03,1,2939478,2939054,424
216320321,34.2786,34.9479,424,39214,0.0444111,0.07,1,2939515,2939091,424
216323241,42.5115,39.7792,429,39268,0.0477644,0.11,1,2939563,2939134,429
216326161,27.8046,27.9117,427,39322,0.0491058,0.15,1,2939581,2939154,427
216329081,12.3218,12.3647,427,39376,0.0256423,0.05,1,2939583,2939156,427
216332001,22.9287,24.7459,424,39430,0.0642569,0.07,1,2939613,2939189,424
216334921,27.1715,28.4983,423,39484,0.0677028,0.09,1,2939643,2939220,423
216346601,29.2364,30.072,422,39696,0.204725,0.07,1,2939793,2939371,422
216349521,37.4946,37.2288,423,39749,0.20789,0.01,1,2939836,2939413,423
216352441,40.1978,39.4915,424,39802,0.233156,0.09,1,2939878,2939454,424
216355361,30.4791,30.1966,424,39855,0.267262,0.03,1,2939902,2939478,424
216358281,33.1917,34.2786,422,39908,0.280905,0.05,1,2939937,2939515,422
216361201,42.0767,42.5115,422,39961,0.286362,0.05,1,2939985,2939563,422
216369961,22.9969,4.92873,453,40120,0.284487,0.09,1,2940036,2939583,453
216372881,28.3988,19.9715,455,40173,0.275795,0.07,1,2940068,2939613,455
216375801,40.7595,25.9886,474,40226,0.296318,0.13,1,2940117,2939643,474
216419601,43.7463,41.5038,481,41006,0.414325,0.33,1,2940640,2940159,481
216422521,30.6985,43.0015,459,41057,0.42373,0.33,1,2940662,2940203,459
216425441,39.2794,30.4006,482,41108,0.427492,0.33,1,2940707,2940225,482
216428361,42.1118,37.9602,483,41159,0.440997,0.39,1,2940751,2940268,483
216463401,31.1348,30.6985,444,41771,0.759284,0.43,2,2941106,2940662,444
216466321,39.4539,39.2794,444,41822,0.753714,0.45,2,2941151,2940707,444
216469241,42.1816,42.1118,444,41872,0.751485,0.47,2,2941195,2940751,444
216472161,31.8726,31.2447,445,41922,0.762594,0.53,2,2941220,2940775,445
216475081,34.9491,32.2979,449,41972,0.767038,0.59,2,2941257,2940808,449
216501361,44.5638,43.3369,459,42422,0.914645,0.77,2,2941542,2941083,459
216504281,31.0255,31.1348,458,42472,0.923858,0.75,2,2941564,2941106,458
216507201,38.8102,39.4539,457,42522,0.927543,0.75,2,2941608,2941151,457
216510121,41.9241,42.1816,457,42572,0.929017,0.77,2,2941652,2941195,457
216705761,197.662,190.94,507,20544,0.9076,1,2,2943961,2943454,507
216720361,43.5546,67.9005,476,21055,0.902257,0.97,2,2944298,2943822,476
216778761,85.4235,88.875,556,22986,0.9352,1,2,2945697,2945141,556
216799201,82.2638,92.0579,552,23623,0.257277,0.9,1,2946168,2945616,552
216802121,47.9055,85.4231,496,23713,0.216911,0.97,1,2946193,2945697,496
216807961,69.4649,34.5477,560,23891,0.220706,0.71,1,2946308,2945748,560
216810881,61.386,78.6191,508,23980,0.262282,0.59,1,2946364,2945856,508
216813801,25.7544,66.2476,452,24068,0.278913,0.39,1,2946366,2945914,452
216816721,43.3018,67.8991,438,24156,0.273565,0.21,1,2946421,2945983,438
216819641,80.9207,93.1596,434,24244,0.235426,0.21,1,2946527,2946093,434
216822561,75.5683,82.2638,431,24331,0.29217,0.19,1,2946599,2946168,431
216834241,63.1922,61.386,436,24677,0.425512,0.29,1,2946800,2946364,436
216837161,26.4769,25.7544,436,24763,0.428205,0.27,1,2946802,2946366,436
216880961,65.6391,73.4688,513,26017,0.774299,0.71,2,2947697,2947184,513
216883881,27.4556,64.7875,456,26098,0.79572,0.67,2,2947699,2947243,456
216895561,48.2997,82.0874,480,26421,0.91485,0.67,2,2947968,2947488,480
216901401,76.0079,31.494,562,26581,0.905976,0.73,2,2948095,2947533,562
217000681,36.4649,42.9876,511,29168,0.780688,1,2,2949860,2949349,511
217003601,33.186,32.795,516,29241,0.750275,1,2,2949891,2949375,516
217009441,79.8298,75.9272,550,29385,0.418844,1,1,2950062,2949512,550
217012361,50.5319,73.5709,509,29457,0.269538,1,1,2950093,2949584,509
217015281,39.4128,48.0284,510,29529,0.257815,1,1,2950125,2949615,510
217094121,53.306,8.01326,522,31408,0.751146,0.61,2,2951303,2950781,522
217097041,74.1224,47.0053,537,31475,0.750458,0.65,2,2951391,2950854,537
217099961,46.449,69.8021,480,31542,0.774183,0.65,2,2951419,2950939,480
217108721,53.6127,83.9793,489,31743,0.914268,0.75,2,2951603,2951114,489
217111641,34.6451,53.3917,478,31810,0.947707,0.71,2,2951625,2951147,478
217245961,32.505,27.2221,526,34737,0.753135,1,2,2953636,2953110,526
217266401,56.4819,88.1632,503,35161,0.418722,1,1,2953977,2953474,503
217281001,36.3969,32.505,497,35461,0.407651,0.71,1,2954133,2953636,497
217283921,32.5588,37.002,487,35521,0.44506,0.59,1,2954163,2953676,487
217289761,33.5294,45.7603,478,35640,0.44201,0.53,1,2954239,2953761,478
217292681,14.6118,36.9041,449,35699,0.434804,0.49,1,2954241,2953792,449
217295601,19.6447,29.7617,447,35758,0.443922,0.43,1,2954264,2953817,447
217339401,40.6392,39.9213,446,36635,0.751529,0.53,2,2954893,2954447,446
217342321,31.8557,31.5685,446,36693,0.798612,0.51,2,2954919,2954473,446
217377361,33.5866,39.8861,487,37379,0.909817,0.83,2,2955380,2954893,487
217380281,31.4347,31.5544,491,37436,0.945927,0.81,2,2955410,2954919,491
217704401,33.0368,32.5263,521,43248,0.913696,1,2,2959442,2958921,521
217724841,40.6475,43.2748,509,43590,0.0862539,1,1,2959719,2959210,509
217727761,34.859,37.1099,507,43638,0.0405015,1,1,2959750,2959243,507
217730681,33.7436,29.244,516,43686,0.0462006,1,1,2959783,2959267,516
217733601,32.6974,29.0976,519,43734,0.0364802,1,1,2959815,2959296,519
217736521,27.479,34.439,505,43782,0.0445921,0.94,1,2959839,2959334,505
217739441,19.3916,30.5756,491,43830,0.0718368,1,1,2959853,2959362,491
217742361,19.7566,21.2302,496,43878,0.0707347,1,1,2959873,2959377,496
217765721,37.3967,41.6188,462,44262,0.0837091,0.03,1,2960141,2959679,462
217768641,33.5587,40.6475,453,44310,0.0334836,0.01,1,2960172,2959719,453
217771561,33.8235,34.859,456,44358,0.0673935,0.05,1,2960206,2959750,456
217774481,33.3294,33.7436,456,44406,0.0329574,0.03,1,2960239,2959783,456
217777401,27.1318,32.6974,447,44454,0.043183,0.05,1,2960262,2959815,447
217780321,12.0527,27.479,425,44501,0.0472732,0.09,1,2960264,2959839,425
217783241,13.8211,19.3916,426,44548,0.0489093,0.07,1,2960279,2959853,426
217786161,20.5284,19.7566,431,44595,0.0735637,0.13,1,2960304,2959873,431
217789081,28.0114,29.5027,428,44642,0.0954255,0.11,1,2960337,2959909,428
217792001,27.4045,28.0011,428,44689,0.0921702,0.11,1,2960364,2959936,428
217794921,26.5618,26.8004,428,44736,0.0908681,0.13,1,2960390,2959962,428
217797841,31.0247,31.1202,428,44783,0.0903472,0.13,1,2960424,2959996,428
217800761,39.4099,39.4481,428,44830,0.0781389,0.15,1,2960469,2960041,428
217803681,32.564,31.9792,429,44877,0.0852556,0.13,1,2960497,2960068,429
217806601,28.6256,31.9917,423,44924,0.0881022,0.05,1,2960523,2960100,423
217809521,35.4502,37.3967,422,44971,0.0892409,0,1,2960563,2960141,422
217812441,33.3801,33.5587,423,45018,0.0656964,0.09,1,2960595,2960172,423
217815361,34.352,33.8235,424,45065,0.0922785,0.01,1,2960630,2960206,424
217821201,26.9763,27.1318,423,45159,0.0951646,0.05,1,2960685,2960262,423
217824121,11.9905,12.0527,423,45206,0.0920658,0.05,1,2960687,2960264,423
217838721,27.2063,26.5618,426,45440,0.217912,0.09,1,2960816,2960390,426
217841641,30.0825,31.0247,424,45486,0.225165,0.07,1,2960848,2960424,424
217844561,39.033,39.4099,424,45532,0.228066,0.09,1,2960893,2960469,424
217847481,32.4132,32.564,424,45578,0.265226,0.09,1,2960921,2960497,424
217850401,29.7653,28.6256,426,45624,0.268091,0.09,1,2960949,2960523,426
217894201,31.344,32.3985,463,46314,0.440749,0.27,1,2961384,2960921,463
217897121,38.3376,29.7594,478,46360,0.4343,0.35,1,2961427,2960949,478
217900041,32.135,35.9038,466,46405,0.44372,0.39,1,2961455,2960989,466
217993481,36.5349,35.9272,452,47835,0.77885,0.65,2,2962388,2961936,452
217996401,35.614,34.1709,454,47879,0.76154,0.65,2,2962423,2961969,454
217999321,29.8456,29.2684,454,47923,0.790616,0.61,2,2962449,2961995,454
218008081,24.3021,23.0652,456,48055,0.796759,0.69,2,2962500,2962044,456
218011001,10.9208,10.4261,456,48099,0.792704,0.73,2,2962502,2962046,456
218019761,27.6029,26.7313,458,48231,0.914013,0.75,2,2962591,2962133,458
218022681,33.2412,32.2925,459,48275,0.947605,0.75,2,2962628,2962169,459
218253361,314.237,345.903,464,23360,0.409722,0.63,1,2964960,2964496,464
218259201,111.958,110.185,476,23541,0.0679556,0.15,1,2965103,2964627,476
218262121,75.3832,85.4738,458,23631,0.0811822,0.03,1,2965154,2964696,458
218265041,64.9533,75.5895,447,23721,0.0864729,0.03,1,2965212,2964765,447
218267961,59.5813,65.6358,444,23810,0.0525892,0.05,1,2965268,2964824,444
218270881,68.8325,49.0543,481,23899,0.0390357,0.01,1,2965343,2964862,481
218273801,37.133,55.6217,437,23988,0.0336143,0.03,1,2965359,2964922,437
218276721,29.8532,34.8487,441,24076,0.0314457,0.01,1,2965384,2964943,441
218279641,52.1413,64.3395,424,24164,0.0305783,0,1,2965451,2965027,424
218282561,65.8565,71.3358,423,24252,0.0302313,0.09,1,2965526,2965103,423
218285481,56.3426,59.1343,422,24339,0.0300925,0.09,1,2965576,2965154,422
218288401,58.537,58.4537,424,24426,0.042037,0.03,1,2965636,2965212,424
218291321,55.8148,56.9815,422,24513,0.0348148,0.03,1,2965690,2965268,422
218294241,67.9259,67.7926,423,24599,0.0199259,0.03,1,2965766,2965343,423
218297161,36.7704,36.717,423,24685,0.0379704,0.03,1,2965782,2965359,423
218300081,31.5081,29.6868,426,24771,0.0451881,0.03,1,2965810,2965384,426
218303001,50.4033,52.0747,422,24857,0.0480753,0.03,1,2965873,2965451,422
218305921,65.1613,65.8299,422,24942,0.0252301,0.03,1,2965948,2965526,422
218308841,56.0645,56.332,422,25027,0.040092,0.05,1,2965998,2965576,422
218311761,59.6258,58.5328,424,25112,0.0460368,0.03,1,2966060,2965636,424
218314681,55.0503,55.8131,422,25196,0.0244147,0.01,1,2966112,2965690,422
218317601,67.6201,67.9252,422,25280,0.0277659,0.05,1,2966188,2965766,422
218320521,36.6481,36.7701,422,25364,0.0171064,0.05,1,2966204,2965782,422
218323441,31.4592,31.508,422,25448,0.0368425,0.05,1,2966232,2965810,422
218326361,49.7837,12.6032,484,25531,0.056737,0.05,1,2966294,2965810,484
218340961,67.4986,54.8567,497,25943,0.0608018,0.03,1,2966609,2966112,497
218343881,36.5994,67.5427,437,26025,0.0423207,0.01,1,2966625,2966188,437
218346801,31.4398,36.6171,449,26106,0.0349283,0.05,1,2966653,2966204,449
218349721,52.1759,31.4468,487,26187,0.0439713,0.07,1,2966719,2966232,487
218352641,65.8704,49.7787,500,26268,0.0475885,0.13,1,2966794,2966294,500
218355561,58.7481,64.9115,479,26349,0.0850354,0.11,1,2966848,2966369,479
218358481,60.0993,57.1646,488,26429,0.0760142,0.15,1,2966909,2966421,488
218361401,52.2397,58.8658,475,26509,0.0844057,0.09,1,2966956,2966481,475
218370161,30.8233,36.5994,450,26748,0.086282,0.03,1,2967075,2966625,450
218373081,52.5293,31.4398,489,26827,0.0885128,0.05,1,2967142,2966653,489
218376001,66.6117,52.1759,499,26906,0.0894051,0.05,1,2967218,2966719,499
218378921,27.8447,65.8704,426,26985,0.089762,0.11,1,2967220,2966794,426
218396441,30.4506,30.8233,425,27452,0.21438,0.09,1,2967500,2967075,425
218399361,52.9803,52.5293,426,27529,0.235752,0.09,1,2967568,2967142,426
218402281,66.7921,66.6117,426,27606,0.244301,0.09,1,2967644,2967218,426
218405201,27.9168,27.8447,426,27683,0.22372,0.15,1,2967646,2967220,426
218408121,44.1667,43.5379,427,27760,0.275488,0.17,1,2967701,2967274,427
218411041,54.8667,53.4152,429,27836,0.296195,0.15,1,2967763,2967334,429
218425641,53.8274,52.9803,432,28214,0.41039,0.25,1,2968000,2967568,432
218466521,54.6237,55.6461,501,29247,0.759648,0.59,2,2968700,2968199,501
218469441,68.0495,52.8584,527,29319,0.765859,0.61,2,2968777,2968250,527
218472361,36.8198,65.5434,469,29391,0.768344,0.65,2,2968793,2968324,469
218475281,32.7279,35.8173,483,29463,0.769337,0.65,2,2968823,2968340,483
218478201,57.4912,32.3269,527,29535,0.793735,0.69,2,2968897,2968370,527
218498641,62.4134,68.0495,460,30033,0.941377,0.77,2,2969237,2968777,460
218609601,38.9779,54.5554,499,32603,0.43448,1,1,2971009,2970510,499
218615441,50.2765,36.4489,540,32733,0.224317,1,1,2971110,2970570,540
218624201,28.3697,33.7967,487,32926,0.0803563,1,1,2971189,2970702,487
218627121,44.3479,53.7187,475,32990,0.0321425,0.75,1,2971244,2970769,475
218630041,61.5392,74.8875,459,33054,0.042857,0.67,1,2971317,2970858,459
218632961,41.4157,49.155,455,33118,0.0591428,0.57,1,2971345,2970890,455
218635881,32.7663,38.862,450,33182,0.0416571,0.41,1,2971372,2970922,450
218638801,41.9065,47.9448,444,33246,0.0946628,0.39,1,2971420,2970976,444
218641721,34.7626,38.9779,441,33310,0.0918651,0.27,1,2971450,2971009,441
218644641,36.105,43.1912,432,33373,0.0547461,0.15,1,2971487,2971055,432
218647561,46.242,50.2765,430,33436,0.0998984,0.15,1,2971540,2971110,430
218682601,33.7825,32.8968,426,34187,0.217394,0.13,1,2971990,2971564,426
218685521,25.513,25.1587,426,34249,0.212958,0.13,1,2972010,2971584,426
218688441,27.6052,10.0635,455,34311,0.223183,0.21,1,2972039,2971584,455
218691361,43.4421,20.2254,482,34373,0.263273,0.13,1,2972093,2971611,482
218708881,36.0852,33.5761,464,34740,0.40928,0.17,1,2972336,2971872,464
218711801,50.4341,35.6304,487,34801,0.433712,0.23,1,2972396,2971909,487
218714721,35.1736,48.4522,455,34862,0.431485,0.23,1,2972421,2971966,455
218764361,41.9925,42.9362,447,35879,0.755706,0.51,2,2973082,2972635,447
218767281,31.197,31.5745,447,35938,0.764282,0.57,2,2973106,2972659,447
218770201,44.8788,43.2298,450,35997,0.767713,0.61,2,2973160,2972710,450
218773121,37.1515,35.2919,452,36056,0.757085,0.67,2,2973192,2972740,452
218796481,64.1015,62.9813,458,36522,0.765919,0.77,2,2973512,2973054,458
218799401,42.4406,41.9925,458,36580,0.792368,0.77,2,2973540,2973082,458
218816921,36.1581,36.3137,456,36925,0.917083,0.73,2,2973775,2973319,456
218819841,26.4632,26.5255,456,36982,0.924833,0.73,2,2973795,2973339,456
218822761,29.1853,29.2102,456,37039,0.939933,0.73,2,2973826,2973370,456
218945401,38.1439,35.5552,487,39364,0.945926,1,2,2975458,2974971,487
218954161,31.9372,32.1795,488,39526,0.775979,1,2,2975550,2975062,488
218968761,31.6893,30.582,486,39791,0.265696,1,1,2975744,2975258,486
218971681,31.8757,28.4328,491,39844,0.232279,1,1,2975776,2975285,491
218992121,28.871,25.9372,486,40215,0.0834217,0.75,1,2976005,2975519,486
218995041,42.1484,28.9749,506,40268,0.0873687,0.49,1,2976056,2975550,506
219000881,33.3837,39.796,475,40372,0.082379,0.39,1,2976119,2975644,475
219003801,29.5535,41.1184,460,40424,0.0869516,0.33,1,2976146,2975686,460
219021321,33.5216,38.3993,457,40736,0.234176,0.13,1,2976350,2975893,457
219024241,24.8086,33.3597,446,40788,0.26767,0.11,1,2976369,2975923,446
219027161,28.5234,25.9439,456,40840,0.245068,0.09,1,2976400,2975944,456
219030081,28.2094,30.1776,451,40892,0.248027,0.07,1,2976428,2975977,451
219033001,43.0838,28.871,476,40944,0.249211,0.09,1,2976481,2976005,476
219035921,35.2335,42.1484,455,40996,0.249684,0.11,1,2976511,2976056,455
219038841,33.2934,35.4594,456,41047,0.261874,0.07,1,2976543,2976087,456
219041761,30.1174,33.3837,452,41098,0.26675,0.09,1,2976571,2976119,452
219044681,30.0469,29.5535,455,41149,0.2687,0.13,1,2976601,2976146,455
219047601,28.8188,28.6214,455,41200,0.28148,0.13,1,2976629,2976174,455
219059281,37.2658,37.3039,467,41404,0.410838,0.27,1,2976786,2976319,467
219062201,24.5063,33.5216,452,41455,0.422335,0.29,1,2976802,2976350,452
219065121,27.8025,24.8086,463,41506,0.438934,0.23,1,2976832,2976369,463
219068041,12.321,28.5234,434,41557,0.445574,0.25,1,2976834,2976400,434
219141041,38.5638,38.7878,447,42809,0.791373,0.53,2,2977676,2977229,447
219158561,39.224,35.1781,487,43103,0.79466,0.69,2,2977850,2977363,487
219179001,38.6934,49.014,486,43446,0.938899,0.77,2,2978094,2977608,486
219345441,25.1485,32.4463,516,46132,0.751197,1,2,2979918,2979402,516
219365881,27.0046,26.6191,501,46452,0.444425,1,1,2980158,2979657,501
219368801,27.0018,27.4476,500,46497,0.41177,1,1,2980185,2979685,500
219395081,38.5423,30.4594,499,46902,0.426266,0.63,1,2980451,2979952,499
219398001,42.4169,43.3838,492,46947,0.440506,0.47,1,2980496,2980004,492
219400921,36.1668,45.5535,477,46992,0.446203,0.51,1,2980528,2980051,477
219450561,28.0867,27.0667,445,47749,0.757441,0.51,2,2980994,2980549,445
219456401,28.3739,26.5307,449,47837,0.753591,0.55,2,2981050,2980601,449
219459321,26.9496,26.2123,449,47881,0.763436,0.53,2,2981076,2980627,449
219462241,28.1798,27.8849,449,47925,0.755374,0.57,2,2981105,2980656,449
219465161,30.4719,29.754,450,47969,0.76415,0.53,2,2981137,2980687,450
219473921,13.7102,13.6643,450,48101,0.772986,0.57,2,2981201,2980751,450
219476841,19.8841,19.8657,450,48145,0.759194,0.61,2,2981225,2980775,450
219479761,15.1536,15.1463,450,48189,0.765678,0.65,2,2981237,2980787,450
219482681,27.0615,24.6585,454,48233,0.780271,0.71,2,2981272,2980818,454
219503121,28.8734,28.3739,458,48539,0.901057,0.77,2,2981508,2981050,458
219506041,27.1494,26.9496,458,48582,0.930423,0.75,2,2981534,2981076,458
219725041,334.967,352.404,490,23360,0.79,1,2,2983733,2983243,490
219733801,86.2859,88.7698,508,23631,0.28312,0.95,1,2983945,2983437,508
219736721,75.3144,79.3079,503,23721,0.203248,0.97,1,2984013,2983510,503
219751321,43.8589,56.4393,443,24164,0.226136,0.23,1,2984244,2983801,443
219754241,61.3436,69.3757,438,24252,0.264454,0.23,1,2984317,2983879,438
219771761,20.9143,20.9533,431,24771,0.412272,0.25,1,2984616,2984185,431
219774681,44.3657,43.7813,432,24857,0.446909,0.29,1,2984676,2984244,432
219812641,71.8568,73.0265,518,25943,0.755711,0.55,2,2985475,2984957,518
219815561,41.3427,72.4106,467,26025,0.788285,0.57,2,2985496,2985029,467
219830161,65.4998,63.0119,519,26429,0.901842,0.69,2,2985778,2985259,519
219833081,77.1999,63.6048,540,26509,0.930737,0.73,2,2985863,2985323,540
219941121,70.3126,72.6574,547,29319,0.771894,1,2,2987822,2987275,547
219961561,48.5493,37.385,526,29820,0.429225,0.95,1,2988134,2987608,526
219964481,20.6197,50.954,468,29891,0.40569,0.85,1,2988136,2987668,468
219967401,55.0479,70.7816,462,29962,0.420276,0.69,1,2988214,2987752,462
219984921,40.5608,41.6832,449,30383,0.404328,0.53,1,2988494,2988045,449
219987841,33.6243,35.8733,446,30453,0.431731,0.35,1,2988523,2988077,446
219990761,46.4497,48.5493,444,30522,0.430693,0.39,1,2988578,2988134,444
219993681,19.7799,20.6197,444,30591,0.430277,0.43,1,2988580,2988136,444
220043321,42.4112,73.2821,472,31747,0.796784,0.67,2,2989386,2988914,472
220057921,64.0161,52.912,524,32079,0.914543,0.69,2,2989620,2989096,524
220060841,48.4064,62.5648,493,32145,0.923817,0.71,2,2989658,2989165,493
220063761,33.7626,46.6259,481,32211,0.927527,0.73,2,2989682,2989201,481
220066681,37.505,33.0504,497,32277,0.929011,0.71,2,2989722,2989225,497
220203921,41.7411,49.0936,509,35224,0.928849,0.97,2,2991786,2991277,509
220335321,29.4189,32.8893,503,37830,0.91168,1,2,2993568,2993065,503
220341161,38.067,37.1823,509,37942,0.787869,1,2,2993641,2993132,509
220344081,34.4268,36.4729,505,37998,0.765147,1,2,2993673,2993168,505
220364521,31.5614,36.296,502,38385,0.287004,0.98,1,2993979,2993477,502
220367441,31.8246,33.1184,503,38440,0.264802,0.94,1,2994011,2993508,503
220370361,27.1298,33.0474,494,38495,0.243921,0.88,1,2994035,2993541,494
220373281,28.2519,29.4189,496,38550,0.247568,0.85,1,2994064,2993568,496
220376201,34.1008,29.1676,505,38605,0.213027,0.73,1,2994102,2993597,505
220402481,30.1323,31.5614,437,39094,0.233185,0.25,1,2994416,2993979,437
220405401,28.2529,31.8246,432,39148,0.279274,0.23,1,2994443,2994011,432
220408321,26.9012,27.1298,434,39202,0.27371,0.25,1,2994469,2994035,434
220411241,28.7605,28.2519,435,39256,0.283484,0.19,1,2994499,2994064,435
220414161,31.9042,34.1008,431,39310,0.263394,0.19,1,2994533,2994102,431
220417081,13.9617,14.8403,431,39364,0.255357,0.17,1,2994535,2994104,431
220420001,18.7847,20.3361,429,39418,0.276143,0.13,1,2994557,2994128,429
220422921,38.7139,42.3344,424,39472,0.296457,0.07,1,2994609,2994185,424
220431681,64.8297,61.3174,430,39632,0.400813,0.17,1,2994759,2994329,430
220475481,39.1942,41.4165,480,40424,0.441732,0.51,1,2995265,2994785,480
220519281,30.5686,31.2777,475,41200,0.780651,0.53,2,2995766,2995291,475
220522201,28.4275,29.3111,474,41251,0.78626,0.55,2,2995793,2995319,474
220525121,29.371,27.3244,478,41302,0.788504,0.55,2,2995823,2995345,478
220557241,34.51,32.9216,461,41862,0.910116,0.81,2,2996198,2995737,461
220560161,31.804,30.5686,462,41912,0.934046,0.79,2,2996228,2995766,462
220563081,28.3216,28.4275,461,41962,0.943619,0.79,2,2996254,2995793,461
220907641,20.6006,32.7648,511,47529,0.934,1,2,3000140,2999629,511
220910561,28.0402,29.9059,516,47573,0.9436,1,2,3000173,2999657,516
220913481,32.8161,23.9624,532,47617,0.94744,1,2,3000209,2999677,532
220916401,28.7264,30.5849,523,47661,0.900976,1,2,3000235,2999712,523
220922241,26.6762,31.4136,509,47749,0.793356,1,2,3000285,2999776,509
220933921,40.0525,46.2314,493,47925,0.411366,1,1,3000420,2999927,493
220939761,40.2484,39.557,494,48013,0.287819,1,1,3000498,3000004,494
220948521,30.9199,35.0036,490,48145,0.0582604,1,1,3000593,3000103,490
220951441,18.368,26.0015,480,48189,0.0533042,0.89,1,3000603,3000123,480
220954361,16.3472,20.6006,478,48233,0.0753217,0.95,1,3000618,3000140,478
220957281,21.5389,28.0402,470,48277,0.0721287,0.95,1,3000643,3000173,470
220960201,26.6155,32.8161,464,48321,0.0588515,0.87,1,3000673,3000209,464
220963121,22.6462,28.7264,458,48365,0.0775406,0.83,1,3000693,3000235,458
220966041,22.2585,24.6906,458,48409,0.0610162,0.75,1,3000715,3000257,458
220968961,23.9034,26.6762,455,48453,0.0664065,0.59,1,3000740,3000285,455
220971881,30.5614,34.0705,451,48496,0.0805626,0.55,1,3000775,3000324,451
220974801,27.2245,29.8282,449,48539,0.086225,0.49,1,3000800,3000351,449
220980641,34.9559,40.0525,440,48625,0.070196,0.25,1,3000860,3000420,440
220983561,33.7824,37.621,437,48668,0.0700784,0.27,1,3000893,3000456,437
220989401,28.9252,36.4994,423,48754,0.0892125,0.13,1,3000955,3000532,423
220992321,32.5701,33.7997,426,48797,0.089685,0,1,3000990,3000564,426
220995241,29.228,30.9199,424,48840,0.077874,0,1,3001017,3000593,424
220998161,17.6912,12.368,434,48883,0.0611496,0.05,1,3001027,3000593,434
221001081,15.4765,10.9472,438,48926,0.0544598,0.09,1,3001041,3000603,438
221004001,21.7906,13.3789,449,48969,0.0637839,0.07,1,3001067,3000618,449
221006921,26.1162,20.3515,453,49012,0.0795136,0.05,1,3001096,3000643,453
221009841,22.4465,26.1406,443,49055,0.0618054,0.09,1,3001116,3000673,443
221012761,22.1786,22.4562,445,49098,0.0547222,0.05,1,3001138,3000693,445
221015681,23.2714,22.1825,447,49141,0.0638889,0.07,1,3001162,3000715,447
221018601,32.1086,23.873,460,49184,0.0675555,0.09,1,3001200,3000740,460
221021521,27.8434,30.5492,450,49227,0.0570222,0.09,1,3001225,3000775,450
221024441,19.5374,27.2197,439,49270,0.0528089,0.11,1,3001239,3000800,439
221027361,33.0149,19.8879,466,49313,0.0751236,0.05,1,3001281,3000815,466
221030281,34.806,34.9551,457,49356,0.0960494,0.07,1,3001317,3000860,457
221056561,22.2342,26.1162,443,49740,0.212847,0.05,1,3001539,3001096,443
221059481,22.0937,22.4465,445,49782,0.223139,0.05,1,3001561,3001116,445
221062401,23.8375,22.1786,448,49824,0.239255,0.07,1,3001586,3001138,448
221065321,32.335,23.2714,462,49866,0.245702,0.07,1,3001624,3001162,462
221068241,27.334,32.1086,448,49908,0.260281,0.05,1,3001648,3001200,448
221071161,20.5336,27.8434,439,49950,0.290112,0.05,1,3001664,3001225,439
221100361,18.8028,21.9635,430,50370,0.428696,0.21,1,3001921,3001491,430
221103281,26.1211,25.5854,433,50412,0.441478,0.23,1,3001952,3001519,433
221106201,22.4484,22.2342,433,50454,0.446591,0.23,1,3001972,3001539,433
221161681,24.7683,24.4718,445,51241,0.770421,0.47,2,3002465,3002020,445
221164601,33.3073,32.5887,446,51282,0.782168,0.53,2,3002504,3002058,446
221167521,28.9229,28.6355,446,51323,0.786867,0.51,2,3002530,3002084,446
221170441,22.3692,21.6542,447,51364,0.764747,0.55,2,3002548,3002101,447
221173361,34.1477,32.6617,449,51405,0.767899,0.55,2,3002590,3002141,449
221176281,40.0591,39.4647,449,51446,0.793159,0.57,2,3002634,3002185,449
221182121,30.0494,28.6343,453,51528,0.795305,0.69,2,3002698,3002245,453
221190881,17.6192,17.2406,456,51651,0.78506,0.73,2,3002773,3002317,456
221193801,17.8477,17.6962,456,51692,0.776024,0.73,2,3002791,3002335,456
221196721,8.33907,8.2785,456,51733,0.772409,0.71,2,3002793,3002337,456
221199641,20.1356,19.5114,457,51774,0.782964,0.71,2,3002821,3002364,457
221202561,27.2543,7.80456,489,51815,0.799186,0.73,2,3002853,3002364,489
221237601,28.8225,36.6196,483,52300,0.914221,0.81,2,3003222,3002739,483
221240521,17.529,29.0478,469,52340,0.923688,0.77,2,3003232,3002763,469
221243441,17.8116,17.6191,477,52380,0.927475,0.77,2,3003250,3002773,477
221246361,8.32464,17.8477,461,52420,0.92899,0.77,2,3003252,3002791,461
221249281,21.3299,8.33906,489,52460,0.905596,0.79,2,3003282,3002793,489
221258041,23.5171,24.1017,484,52580,0.914998,0.81,2,3003359,3002875,484
221260961,25.0068,22.8407,488,52620,0.911999,0.83,2,3003385,3002897,488
221263881,32.8027,24.7363,500,52660,0.9348,0.81,2,3003423,3002923,500
221266801,28.7211,33.2945,487,52700,0.94392,0.81,2,3003449,3002962,487
221463901,151.968,162.508,483,25633,0.223293,0.99,1,3005330,3004847,483
221469741,66.4349,79.0414,487,25798,0.0489268,0.73,1,3005435,3004948,487
221472661,76.9739,68.2165,510,25880,0.0735707,0.51,1,3005519,3005009,510
221504781,60.4728,63.9535,485,26767,0.241266,0.21,1,3006133,3005648,485
221507701,36.1891,59.1814,449,26846,0.258506,0.17,1,3006153,3005704,449
221510621,15.6756,35.6726,431,26925,0.265403,0.19,1,3006155,3005724,431
221513541,23.0703,31.069,431,27004,0.280161,0.15,1,3006183,3005752,431
221522301,71.4125,71.1324,428,27238,0.40361,0.17,1,3006373,3005945,428
221525221,73.565,70.453,433,27316,0.443444,0.23,1,3006448,3006015,433
221595301,45.3707,23.2754,508,29119,0.753463,0.57,2,3007572,3007064,508
221598221,44.5483,44.7101,493,29192,0.763385,0.55,2,3007616,3007123,493
221606981,69.1631,74.1414,517,29409,0.912137,0.67,2,3007853,3007336,517
221697501,69.8725,67.3192,546,31563,0.944916,1,2,3009348,3008802,546
221700421,43.549,67.7277,504,31630,0.941966,0.99,2,3009374,3008870,504
221709181,41.0671,25.1186,540,31831,0.941326,0.95,2,3009478,3008938,540
221732541,34.6711,43.549,498,32359,0.751893,0.99,2,3009872,3009374,498
221735461,25.8684,35.4196,488,32424,0.774757,0.95,2,3009892,3009404,488
221752981,27.7217,66.5905,457,32814,0.901582,0.67,2,3010141,3009684,457
221913581,60.8614,72.2067,474,36187,0.9436,1,2,3012495,3012021,474
221919421,53.0578,57.6331,479,36303,0.922576,1,2,3012596,3012117,479
221931101,33.4895,31.8498,503,36535,0.44885,1,1,3012745,3012242,503
221934021,26.5958,31.3399,494,36593,0.41354,1,1,3012767,3012273,494
221939861,30.7753,36.3344,486,36709,0.225766,1,1,3012831,3012345,486
221951541,43.8918,53.1446,467,36938,0.0961636,0.89,1,3013010,3012543,467
221954461,44.5567,53.0578,459,36995,0.0804655,0.73,1,3013055,3012596,459
221957381,34.6227,41.0231,454,37052,0.0981862,0.55,1,3013083,3012629,454
221960301,40.8491,48.8093,445,37109,0.0812745,0.41,1,3013128,3012683,445
221963221,34.3396,38.7237,443,37166,0.0745098,0.41,1,3013158,3012715,443
221966141,28.7359,15.4895,468,37223,0.0298039,0.41,1,3013183,3012715,468
221969061,23.4943,24.1958,458,37280,0.0659216,0.39,1,3013203,3012745,458
221971981,26.7977,22.8783,465,37337,0.0923686,0.29,1,3013232,3012767,465
221974901,27.5191,28.9513,460,37394,0.0669475,0.15,1,3013260,3012800,460
221986581,40.0117,55.6916,458,37619,0.261346,0.09,1,3013432,3012974,458
221989501,44.2047,43.8766,469,37675,0.266538,0.07,1,3013479,3013010,469
221992421,34.4819,44.5506,452,37731,0.292615,0.11,1,3013507,3013055,452
222001181,30.0468,34.3392,450,37899,0.284887,0,1,3013608,3013158,450
222004101,24.0187,28.7357,445,37955,0.275955,0.09,1,3013628,3013183,445
222007021,26.4075,23.4943,453,38011,0.284382,0.11,1,3013656,3013203,453
222012861,31.3452,27.5191,458,38122,0.298701,0.13,1,3013718,3013260,458
222021621,42.1341,56.5292,463,38287,0.438877,0.31,1,3013866,3013403,463
222106301,44.0971,43.6359,457,39855,0.785216,0.75,2,3014896,3014439,457
222138421,47.2498,45.1156,504,40434,0.925838,0.71,2,3015273,3014769,504
222141341,37.4999,46.8462,487,40486,0.940335,0.77,2,3015304,3014817,487
222284421,321.363,346.095,479,18980,0.418,0.98,1,3016999,3016520,479
222293181,93.8872,117.07,473,19314,0.097552,0.37,1,3017297,3016824,473
222301941,31.2808,40.5885,432,19642,0.0938433,0.03,1,3017408,3016976,432
222304861,94.7123,30.0354,546,19750,0.0915373,0.05,1,3017545,3016999,546
222307781,109.885,87.0142,541,19857,0.0786149,0.05,1,3017665,3017124,541
222310701,78.154,105.606,480,19964,0.085446,0.09,1,3017722,3017242,480
222319461,28.1619,52.7188,436,20281,0.210189,0.07,1,3017829,3017393,436
222325301,111.186,94.235,544,20490,0.0996302,0.07,1,3018089,3017545,544
222334061,52.8839,61.231,475,20799,0.0733363,0.21,1,3018247,3017772,475
222336981,27.1536,50.8924,441,20901,0.0713345,0.23,1,3018257,3017816,441
222339901,88.8614,28.157,558,21002,0.0465338,0.05,1,3018387,3017829,558
222342821,36.7446,93.4628,423,21103,0.0366135,0.09,1,3018389,3017966,423
222345741,90.2978,111.185,426,21204,0.0206454,0.11,1,3018515,3018089,426
222348661,71.5191,79.274,427,21304,0.0502582,0.11,1,3018574,3018147,427
222351581,60.4077,64.7096,425,21404,0.0741033,0.05,1,3018627,3018202,425
222383701,36.7324,36.1544,430,22470,0.218687,0.07,1,3019242,3018812,430
222386621,85.493,89.4618,423,22564,0.261475,0.07,1,3019360,3018937,423
222389541,72.5972,35.7847,487,22658,0.26659,0.09,1,3019424,3018937,487
222401221,91.8825,25.7033,561,23030,0.404217,0.21,1,3019671,3019110,561
222404141,37.953,88.2813,433,23122,0.431687,0.25,1,3019673,3019240,433
222445021,94.4462,95.2703,454,24375,0.783193,0.65,2,3020568,3020114,454
222447941,38.9785,39.3081,454,24462,0.799277,0.67,2,3020570,3020116,454
222462541,47.6993,47.2889,456,24892,0.905276,0.69,2,3020872,3020416,456
222468381,98.1119,94.4462,462,25062,0.940444,0.81,2,3021030,3020568,462
222555981,35.4326,35.1324,492,27485,0.94,1,2,3022719,3022227,492
222567661,68.8559,86.4306,474,27792,0.912304,1,2,3022924,3022450,474
222576421,81.3268,84.2036,479,28020,0.797827,1,2,3023141,3022662,479
222579341,51.7307,54.0814,477,28096,0.769131,0.9,2,3023173,3022696,477
222582261,33.2923,35.4326,475,28171,0.769652,1,2,3023194,3022719,475
222585181,40.9169,45.373,469,28246,0.781861,0.99,2,3023240,3022771,469
222602701,80.1719,71.6212,545,28693,0.933702,0.75,2,3023599,3023054,545
222725341,37.2404,38.8518,517,31642,0.779391,1,2,3025611,3025094,517
222734101,66.2474,35.6785,568,31843,0.425001,0.95,1,3025773,3025205,568
222739941,47.1996,55.1486,516,31975,0.29,1,1,3025852,3025336,516
222745781,53.7519,53.7038,526,32107,0.0932,0.95,1,3025959,3025433,526
222748701,50.3008,56.8815,515,32173,0.07928,0.81,1,3026007,3025492,515
222751621,39.9203,52.7526,498,32239,0.085712,0.79,1,3026040,3025542,498
222754541,32.1681,42.101,490,32305,0.0762848,0.75,1,3026067,3025577,490
222757461,32.0672,37.2404,488,32370,0.0725139,0.57,1,3026099,3025611,488
222760381,33.2269,38.2962,483,32435,0.0710056,0.51,1,3026133,3025650,483
222763301,58.2908,38.1185,520,32500,0.0944022,0.33,1,3026208,3025688,520
222786661,29.7461,32.1681,425,33017,0.238116,0.07,1,3026492,3026067,425
222789581,29.8984,32.0672,423,33081,0.281247,0.07,1,3026522,3026099,423
222792501,34.7594,33.2269,427,33145,0.298499,0.11,1,3026560,3026133,427
222824621,35.8843,34.7594,437,33841,0.44108,0.33,1,3026997,3026560,437
222880101,34.2518,38.0785,480,35008,0.758707,0.55,2,3027782,3027302,480
222883021,32.9007,34.4314,480,35068,0.777483,0.55,2,3027814,3027334,480
222885941,34.1603,32.3726,484,35128,0.772993,0.57,2,3027849,3027365,484
222888861,38.2641,35.149,488,35188,0.771197,0.57,2,3027890,3027402,488
222909301,38.5414,22.0737,507,35607,0.911962,0.75,2,3028209,3027702,507
222912221,34.6165,37.6295,491,35666,0.922785,0.77,2,3028241,3027750,491
222915141,15.0466,34.2518,461,35725,0.927114,0.79,2,3028243,3027782,461
222918061,25.2186,32.9007,461,35784,0.928846,0.77,2,3028275,3027814,461
223072821,38.1897,48.5713,483,38790,0.91287,1,2,3030380,3029897,483
223078661,41.9904,41.6114,490,38898,0.788059,1,2,3030477,3029987,490
223102021,28.6803,34.5894,478,39330,0.26025,0.93,1,3030754,3030276,478
223104941,23.4721,29.4357,472,39384,0.2181,0.99,1,3030774,3030302,472
223119541,51.8125,60.5961,446,39651,0.222333,0.47,1,3030996,3030550,446
223122461,39.325,44.0385,444,39704,0.202933,0.45,1,3031027,3030583,444
223125381,29.53,33.2154,441,39757,0.207173,0.43,1,3031050,3030609,441
223131221,29.0848,30.7545,438,39863,0.252748,0.37,1,3031108,3030670,438
223134141,29.0339,31.5018,435,39916,0.287099,0.27,1,3031137,3030702,435
223137061,24.2136,25.2007,435,39969,0.26484,0.23,1,3031158,3030723,435
223139981,26.4854,28.6803,432,40022,0.279936,0.19,1,3031186,3030754,432
223142901,21.9942,23.4721,431,40075,0.225974,0.19,1,3031205,3030774,431
223145821,29.1977,9.38884,465,40128,0.25239,0.17,1,3031239,3030774,465
223148741,35.0791,25.3555,468,40181,0.262956,0.17,1,3031278,3030810,468
223151661,46.4316,32.9422,484,40234,0.255182,0.21,1,3031332,3030848,484
223154581,38.3727,46.1769,462,40286,0.240073,0.17,1,3031365,3030903,462
223157501,52.5491,37.6708,492,40338,0.270029,0.25,1,3031427,3030935,492
223160421,39.0196,51.6683,461,40390,0.282012,0.19,1,3031457,3030996,461
223163341,30.0078,39.2673,454,40442,0.286805,0.21,1,3031481,3031027,454
223166261,28.8031,29.5069,459,40494,0.288722,0.19,1,3031509,3031050,459
223186701,34.567,29.1976,471,40858,0.425261,0.27,1,3031710,3031239,471
223239261,41.5781,39.5249,454,41779,0.774921,0.65,2,3032346,3031892,454
223277221,57.8785,55.9452,459,42430,0.929973,0.81,2,3032773,3032314,459
223280141,44.1514,41.5781,462,42480,0.929989,0.87,2,3032808,3032346,462
223446581,44.014,48.4619,491,45224,0.946,1,2,3034684,3034193,491
223452421,34.7622,36.4339,490,45318,0.77656,1,2,3034753,3034263,490
223472861,28.329,31.7192,486,45641,0.44588,1,1,3034965,3034479,486
223475781,31.7316,33.0877,486,45687,0.400352,1,1,3034999,3034513,486
223493301,33.9427,17.6056,496,45963,0.282707,0.83,1,3035180,3034684,496
223496221,31.5771,29.8422,488,46009,0.287083,0.71,1,3035210,3034722,488
223499141,33.0308,30.5369,491,46055,0.276833,0.67,1,3035244,3034753,491
223502061,32.4123,33.2148,488,46101,0.272733,0.67,1,3035276,3034788,488
223504981,29.7649,34.8859,480,46147,0.271093,0.63,1,3035304,3034824,480
223507901,21.506,31.9544,466,46193,0.282437,0.57,1,3035320,3034854,466
223510821,27.8024,24.7817,478,46239,0.262975,0.53,1,3035352,3034874,478
223513741,27.921,28.5127,475,46285,0.25519,0.51,1,3035380,3034905,475
223516661,26.1684,31.8051,466,46331,0.276076,0.39,1,3035405,3034939,466
223519581,28.4674,28.322,470,46377,0.28443,0.37,1,3035435,3034965,470
223522501,28.1869,31.7288,464,46422,0.287772,0.37,1,3035463,3034999,464
223525421,29.2748,30.0915,465,46467,0.289109,0.31,1,3035493,3035028,465
223542941,34.313,31.5771,469,46737,0.406452,0.27,1,3035679,3035210,469
223545861,31.1252,33.0308,464,46782,0.408581,0.27,1,3035708,3035244,464
223548781,31.0501,32.4123,463,46827,0.421432,0.27,1,3035739,3035276,463
223613021,27.8736,27.7487,450,47808,0.763958,0.59,2,3036348,3035898,450
223615941,30.9494,30.2995,451,47852,0.767583,0.55,2,3036381,3035930,451
223621781,22.7119,23.0879,449,47940,0.772013,0.55,2,3036425,3035976,449
223624701,36.6848,36.8352,449,47984,0.794805,0.55,2,3036471,3036022,449
223627621,33.8739,33.9341,449,48028,0.791922,0.57,2,3036503,3036054,449
223656821,31.2292,30.6839,458,48468,0.94163,0.79,2,3036780,3036322,458
223890421,168.464,175.23,498,23451,0.2212,1,1,3039170,3038672,498
223896261,80.5942,85.2768,498,23631,0.094192,0.85,1,3039308,3038810,498
223899181,77.8377,74.3107,507,23721,0.0796768,0.53,1,3039384,3038877,507
223902101,64.7351,83.1243,474,23810,0.0858707,0.39,1,3039440,3038966,474
223916701,66.3192,71.2586,424,24252,0.214796,0.07,1,3039675,3039251,424
223919621,61.9277,62.7034,426,24339,0.271918,0.07,1,3039734,3039308,426
223942981,65.4641,61.916,436,25027,0.406282,0.33,1,3040170,3039734,436
223945901,72.3856,69.7664,438,25112,0.444513,0.33,1,3040247,3039809,438
223948821,62.5543,62.7066,436,25196,0.435805,0.33,1,3040303,3039867,436
223995541,66.5588,74.1419,510,26509,0.779367,0.61,2,3041199,3040689,510
224007221,43.4063,29.9108,508,26827,0.901664,0.69,2,3041358,3040850,508
224010141,68.9625,43.7643,541,26906,0.906666,0.69,2,3041444,3040903,541
224013061,28.785,69.1057,457,26985,0.908666,0.67,2,3041446,3040989,457
224015981,50.514,67.2423,456,27063,0.945466,0.77,2,3041511,3041055,456
224126941,41.965,70.7289,494,29891,0.79768,1,2,3043508,3043014,494
224150301,29.1799,35.0316,463,30453,0.760975,0.81,2,3043866,3043403,463
224156141,41.6288,41.965,464,30591,0.758956,0.71,2,3043972,3043508,464
224159061,47.2515,50.986,458,30660,0.765582,0.73,2,3044023,3043565,458
224161981,48.9006,49.1944,460,30729,0.792233,0.73,2,3044073,3043613,460
224170741,36.3936,37.0604,457,30936,0.903903,0.77,2,3044184,3043727,457
224173661,69.7575,70.6242,456,31004,0.931561,0.75,2,3044276,3043820,456
224179501,27.9612,29.1799,456,31140,0.93985,0.73,2,3044322,3043866,456
224182421,56.7845,56.0719,458,31208,0.93394,0.77,2,3044398,3043940,458
224185341,43.1138,41.6288,460,31276,0.931576,0.77,2,3044432,3043972,460
224188261,47.8455,16.6515,511,31344,0.93063,0.77,2,3044483,3043972,511
224191181,49.7382,37.2606,511,31412,0.930252,0.81,2,3044534,3044023,511
224322581,23.5543,8.62116,539,34311,0.946,1,2,3046535,3045996,539
224325501,27.4217,35.2485,516,34373,0.9064,1,2,3046565,3046049,516
224328421,72.7687,33.2994,587,34435,0.78856,1,2,3046668,3046081,587
224351781,34.0334,42.2131,501,34923,0.283987,1,1,3046990,3046489,501
224354701,21.4134,34.8852,484,34984,0.287595,0.91,1,3047003,3046519,484
224357621,25.9653,23.5541,497,35044,0.241038,0.88,1,3047032,3046535,497
224378061,41.8169,51.772,473,35464,0.206909,0.35,1,3047359,3046886,473
224380981,36.5268,44.7088,466,35524,0.208764,0.33,1,3047392,3046926,466
224383901,33.8107,37.0835,466,35584,0.233505,0.25,1,3047424,3046958,466
224386821,19.5243,34.0334,444,35643,0.243402,0.29,1,3047434,3046990,444
224389741,9.00971,21.4134,433,35702,0.247361,0.21,1,3047436,3047003,433
224392661,21.0039,25.9653,433,35761,0.224944,0.13,1,3047465,3047032,433
224395581,60.6016,64.3861,430,35820,0.263978,0.19,1,3047552,3047122,430
224398501,44.6406,46.1545,430,35879,0.279591,0.17,1,3047586,3047156,430
224401421,44.2562,43.6618,432,35938,0.297836,0.19,1,3047630,3047198,432
224410181,52.3684,52.0424,432,36115,0.400422,0.23,1,3047756,3047324,432
224413101,42.5474,41.8169,433,36174,0.418169,0.21,1,3047792,3047359,433
224486101,36.3851,43.7981,479,37606,0.782577,0.57,2,3048715,3048236,479
224489021,36.154,35.5192,485,37662,0.799031,0.57,2,3048751,3048266,485
224515301,59.4267,34.1422,529,38165,0.946123,0.75,2,3049106,3048577,529
224518221,45.9707,55.6569,496,38220,0.948449,0.77,2,3049143,3048647,496
224884681,116.198,107.781,532,20031,0.920944,0.99,2,3053773,3053241,532
224986881,101.729,98.1168,572,23453,0.946,1,2,3056242,3055670,572
224989801,64.6916,96.2467,517,23543,0.9244,1,2,3056282,3055765,517
224995641,52.5907,64.4795,529,23723,0.792304,1,2,3056398,3055869,529
225013161,58.2987,64.6916,470,24254,0.0726014,0.81,1,3056752,3056282,470
225016081,62.9195,71.4767,460,24341,0.0710406,0.75,1,3056818,3056358,460
225019001,46.1678,52.5907,455,24428,0.0944162,0.59,1,3056853,3056398,455
225021921,36.4671,42.6363,449,24515,0.0797665,0.47,1,3056883,3056434,449
225024841,47.5868,51.8545,446,24601,0.0859066,0.43,1,3056938,3056492,446
225027761,37.0347,40.5418,443,24687,0.0883626,0.25,1,3056968,3056525,443
225045281,35.4636,36.4671,423,25198,0.237837,0.09,1,3057306,3056883,423
225048201,48.9854,47.5868,426,25282,0.257135,0.09,1,3057364,3056938,426
225051121,37.5942,37.0347,426,25366,0.264854,0.15,1,3057394,3056968,426
225054041,59.4377,58.6139,427,25450,0.267942,0.15,1,3057468,3057041,427
225056961,81.3751,23.4456,523,25533,0.257177,0.21,1,3057564,3057041,523
225059881,53.55,66.9782,462,25616,0.288871,0.17,1,3057599,3057137,462
225077401,58.5236,37.5366,506,26108,0.401916,0.27,1,3057900,3057394,506
225080321,81.6094,59.4146,529,26189,0.418766,0.25,1,3057997,3057468,529
225083241,55.4438,81.3658,471,26270,0.449507,0.31,1,3058035,3057564,471
225129961,82.2759,82.4156,448,27531,0.781057,0.57,2,3058887,3058439,448
225147481,55.1586,51.8109,457,27989,0.938806,0.71,2,3059144,3058687,457
225293481,40.0904,38.8975,525,31547,0.203996,1,1,3061636,3061111,525
225296401,77.2362,51.559,567,31614,0.0875984,1,1,3061738,3061171,567
225299321,57.2945,75.2236,520,31681,0.0410394,1,1,3061782,3061262,520
225302241,45.1178,59.4894,508,31748,0.0584157,1,1,3061819,3061311,508
225305161,40.2471,44.1958,511,31815,0.0413663,0.82,1,3061856,3061345,511
225308081,38.8988,45.2783,503,31881,0.0225465,0.75,1,3061894,3061391,503
225311001,41.3595,44.5113,502,31947,0.0150186,0.59,1,3061937,3061435,502
225313921,35.7438,48.4045,483,32013,0.0360074,0.43,1,3061969,3061486,483
225316841,30.4975,42.1618,472,32079,0.032403,0.41,1,3061996,3061524,472
225319761,32.599,36.0647,474,32145,0.0429612,0.27,1,3062030,3061556,474
225322681,34.0396,37.2259,471,32211,0.0351845,0.11,1,3062065,3061594,471
225325601,70.0158,40.0904,523,32277,0.0440738,0.01,1,3062159,3061636,523
225328521,55.6063,77.2361,467,32343,0.0476295,0.01,1,3062205,3061738,467
225331441,45.0425,57.2945,461,32408,0.0250518,0.07,1,3062243,3061782,461
225334361,39.017,45.1178,459,32473,0.0280207,0.03,1,3062278,3061819,459
225337281,38.4068,40.2471,460,32538,0.0172083,0.01,1,3062316,3061856,460
225340201,41.7627,38.8988,466,32603,0.00688331,0.01,1,3062360,3061894,466
225343121,35.9051,41.3595,455,32668,0.0687533,0.05,1,3062392,3061937,455
225346041,30.562,35.7438,450,32733,0.0815013,0.03,1,3062419,3061969,450
225351881,25.1699,32.599,424,32862,0.0862402,0.03,1,3062454,3062030,424
225354801,30.468,34.0396,423,32926,0.0644961,0.05,1,3062488,3062065,423
225357721,69.1872,70.0158,424,32990,0.0677984,0.05,1,3062583,3062159,424
225360641,54.6749,55.6063,423,33054,0.0451194,0.01,1,3062628,3062205,423
225363561,44.67,45.0425,423,33118,0.0360477,0.03,1,3062666,3062243,423
225366481,38.268,39.017,422,33182,0.0324191,0.01,1,3062700,3062278,422
225369401,38.1072,38.4068,422,33246,0.0549676,0,1,3062738,3062316,422
225372321,42.8429,41.7627,424,33310,0.0399871,0.11,1,3062784,3062360,424
225375241,38.1371,35.9051,427,33373,0.0339948,0.09,1,3062819,3062392,427
225378161,32.0549,30.562,428,33436,0.0675979,0.13,1,3062847,3062419,428
225381081,14.0219,13.4248,428,33499,0.0810392,0.07,1,3062849,3062421,428
225384001,22.4088,25.1699,423,33562,0.0744157,0.05,1,3062877,3062454,423
225389841,68.5054,69.1872,422,33688,0.0971065,0.03,1,3063005,3062583,422
225392761,54.4022,54.6749,422,33751,0.0568426,0.03,1,3063050,3062628,422
225395681,44.5609,44.67,422,33814,0.040737,0.03,1,3063088,3062666,422
225398601,38.8243,38.268,423,33877,0.0942948,0.07,1,3063123,3062700,423
225407361,38.8448,38.1371,424,34063,0.0878749,0.09,1,3063243,3062819,424
225410281,32.3379,32.0549,424,34125,0.0771499,0.09,1,3063271,3062847,424
225413201,14.1352,14.0219,424,34187,0.07286,0.07,1,3063273,3062849,424
225416121,23.0541,22.4088,425,34249,0.035144,0.07,1,3063302,3062877,425
225419041,29.0216,8.96351,458,34311,0.0320576,0.13,1,3063335,3062877,458
225421961,68.0087,23.3854,519,34373,0.018823,0.09,1,3063429,3062910,519
225424881,52.4035,66.3542,466,34435,0.0615292,0.03,1,3063471,3063005,466
225427801,44.3614,53.5417,460,34496,0.0426117,0.03,1,3063510,3063050,460
225430721,41.7446,44.2167,462,34557,0.0470447,0.13,1,3063550,3063088,462
225433641,42.4978,38.6867,470,34618,0.0728179,0.19,1,3063593,3063123,470
225436561,38.5991,39.4747,466,34679,0.0951272,0.09,1,3063629,3063163,466
225451161,29.3354,23.0535,455,34984,0.0978477,0.03,1,3063757,3063302,455
225454081,68.7342,29.0214,517,35044,0.0931391,0.01,1,3063852,3063335,517
225457001,52.6937,68.0086,465,35104,0.0792556,0.09,1,3063894,3063429,465
225459921,43.8775,52.4034,461,35164,0.0617023,0.03,1,3063932,3063471,461
225462841,42.751,44.3614,464,35224,0.0426809,0.05,1,3063974,3063510,464
225465761,44.1004,41.7445,469,35284,0.0470724,0.09,1,3064019,3063550,469
225468681,39.2402,42.4978,462,35344,0.0488289,0.11,1,3064055,3063593,462
225471601,37.2961,38.5991,462,35404,0.0615316,0.11,1,3064091,3063629,462
225474521,31.7184,37.0397,454,35464,0.0786126,0.11,1,3064119,3063665,454
225477441,13.8874,31.6159,428,35524,0.0854451,0.11,1,3064121,3063693,428
225494961,41.3726,43.8775,424,35879,0.217773,0.03,1,3064356,3063932,424
225497881,41.149,42.751,423,35938,0.225109,0.05,1,3064397,3063974,423
225500801,42.8596,44.1004,422,35997,0.240044,0.05,1,3064441,3064019,422
225503721,39.9438,39.2402,424,36056,0.234017,0.07,1,3064479,3064055,424
225506641,38.7775,37.2961,426,36115,0.243607,0.09,1,3064517,3064091,426
225509561,32.311,31.7184,426,36174,0.295443,0.09,1,3064545,3064119,426
225524161,62.8576,62.0787,430,36464,0.422574,0.21,1,3064709,3064279,430
225576721,42.0004,39.677,493,37494,0.771209,0.63,2,3065404,3064911,493
225579641,36.0002,40.4708,484,37550,0.782484,0.73,2,3065436,3064952,484
225582561,15.6001,33.5883,457,37606,0.786994,0.73,2,3065438,3064981,457
225585481,26.64,14.6353,489,37662,0.788797,0.71,2,3065472,3064983,489
225608841,43.4443,45.0025,500,38110,0.909375,0.75,2,3065822,3065322,500
225626361,13.7877,31.056,463,38440,0.905804,0.81,2,3065969,3065506,463
225629281,63.7151,13.6224,558,38495,0.920322,0.81,2,3066066,3065508,558
225632201,53.686,63.049,509,38550,0.938129,0.83,2,3066113,3065604,509
225779661,343.055,378.416,470,17520,0.43,0.97,1,3067958,3067488,470
225785501,126.409,127.987,490,18482,0.094,0.83,1,3068148,3067658,490
225788421,104.564,90.1946,515,18597,0.0676,0.61,1,3068238,3067723,515
225791341,77.8254,94.8778,477,18711,0.05704,0.29,1,3068298,3067821,477
225794261,62.9302,90.7511,442,18824,0.088816,0.13,1,3068351,3067909,442
225797181,44.9721,54.9005,444,18937,0.0775264,0.03,1,3068384,3067940,444
225800101,89.9888,103.56,428,19049,0.0610106,0.03,1,3068504,3068076,428
225803021,76.7955,84.6241,424,19160,0.0424042,0.05,1,3068572,3068148,424
225805941,84.1182,87.8496,423,19271,0.0349617,0.05,1,3068661,3068238,423
225808861,70.2473,71.1399,424,19381,0.0319847,0.11,1,3068722,3068298,424
225811781,59.8989,60.2559,424,19490,0.0667939,0.07,1,3068775,3068351,424
225814701,42.5596,43.9024,422,19599,0.0687176,0.07,1,3068806,3068384,422
225817621,89.6238,17.5609,543,19707,0.081487,0.05,1,3068927,3068384,543
225820541,76.0495,79.0244,490,19815,0.0385948,0.03,1,3068994,3068504,490
225823461,83.2198,72.4098,510,19922,0.0214379,0.03,1,3069082,3068572,510
225826381,69.8879,82.3639,482,20028,0.0385752,0.03,1,3069143,3068661,482
225829301,60.9552,69.5456,476,20134,0.0454301,0.09,1,3069198,3068722,476
225832221,42.3821,59.6182,453,20239,0.060172,0.07,1,3069228,3068775,453
225835141,91.3528,42.4473,546,20344,0.0660688,0.09,1,3069352,3068806,546
225846821,61.7242,69.8851,479,20758,0.0955314,0.05,1,3069622,3069143,479
225849741,42.6897,60.954,454,20860,0.0922125,0.07,1,3069652,3069198,454
225861421,72.7233,82.7764,426,21264,0.251721,0.09,1,3069930,3069504,426
225864341,66.2893,70.3106,426,21364,0.250688,0.09,1,3069992,3069566,426
225867261,60.1157,61.7242,426,21463,0.262275,0.09,1,3070048,3069622,426
225870181,42.0463,42.6897,426,21562,0.24291,0.15,1,3070078,3069652,426
225873101,94.2185,92.6759,429,21660,0.283164,0.15,1,3070207,3069778,429
225876021,38.8874,38.2704,429,21758,0.299266,0.23,1,3070209,3069780,429
225881861,74.742,72.7233,434,21952,0.435483,0.25,1,3070364,3069930,434
225916901,40.5852,96.228,452,23085,0.757349,0.59,2,3071096,3070644,452
225919821,61.8341,39.6912,526,23177,0.75294,0.63,2,3071172,3070646,526
225922741,77.5336,59.0765,542,23268,0.787176,0.63,2,3071260,3070718,542
225931501,45.6422,61.1409,489,23540,0.903099,0.71,2,3071416,3070927,489
225934421,100.457,43.6564,594,23630,0.91924,0.77,2,3071553,3070959,594
225937341,41.3827,98.4625,461,23720,0.925696,0.77,2,3071555,3071094,461
225940261,61.5531,40.585,534,23809,0.916278,0.75,2,3071630,3071096,534
226022021,40.4724,50.6419,509,26186,0.934,1,2,3073284,3072775,509
226024941,35.389,35.8567,515,26267,0.9376,1,2,3073316,3072801,515
226039541,81.6561,72.131,554,26668,0.268945,1,1,3073688,3073134,554
226045381,44.145,50.181,509,26826,0.0970312,0.89,1,3073759,3073250,509
226048301,33.858,40.4724,502,26905,0.0688125,0.94,1,3073786,3073284,502
226051221,15.3432,35.389,473,26984,0.045525,0.85,1,3073789,3073316,473
226054141,84.7373,98.7556,463,27062,0.04821,0.77,1,3073920,3073457,463
226057061,50.0949,60.5022,455,27140,0.061284,0.67,1,3073947,3073492,455
226059981,39.838,44.6009,454,27218,0.0545136,0.41,1,3073980,3073526,454
226062901,45.3352,55.6404,440,27296,0.0518054,0.09,1,3074029,3073589,440
226065821,68.5341,81.6561,425,27374,0.0867222,0.15,1,3074113,3073688,425
226080421,83.5469,84.7373,423,27759,0.206683,0.07,1,3074343,3073920,423
226083341,49.6188,50.0949,423,27835,0.232673,0.05,1,3074370,3073947,423
226086261,39.0475,39.838,422,27911,0.255069,0.05,1,3074402,3073980,422
226089181,45.619,45.3352,423,27987,0.240028,0.11,1,3074452,3074029,423
226092101,71.6476,68.5341,428,28063,0.258011,0.17,1,3074541,3074113,428
226095021,48.459,46.6136,429,28138,0.253204,0.21,1,3074574,3074145,429
226097941,44.5836,42.0455,432,28213,0.275282,0.17,1,3074616,3074184,432
226103781,14.3334,15.3673,426,28363,0.297245,0.17,1,3074640,3074214,426
226106701,85.5334,6.14691,559,28438,0.292898,0.23,1,3074773,3074214,559
226109621,51.0133,79.8588,458,28512,0.291159,0.25,1,3074801,3074343,458
226121301,49.2771,71.5532,466,28808,0.410894,0.25,1,3075007,3074541,466
226124221,46.1109,48.4213,477,28881,0.434357,0.29,1,3075051,3074574,477
226168021,29.4007,41.661,450,29961,0.764857,0.61,2,3075722,3075272,450
226170941,43.5603,47.2644,452,30032,0.779943,0.63,2,3075775,3075323,452
226173861,72.6241,73.5058,453,30102,0.785977,0.67,2,3075867,3075414,453
226176781,51.2496,50.4023,455,30172,0.776391,0.67,2,3075904,3075449,455
226179701,48.0999,47.7609,455,30242,0.784556,0.69,2,3075950,3075495,455
226182621,32.4399,31.1044,457,30312,0.787822,0.69,2,3075972,3075515,457
226185541,15.376,14.8417,457,30382,0.789129,0.73,2,3075976,3075519,457
226194301,22.6321,22.5019,458,30590,0.900344,0.79,2,3076146,3075688,458
226197221,30.6528,29.4007,460,30659,0.918138,0.79,2,3076182,3075722,460
226308181,87.0421,88.809,487,33181,0.79528,1,2,3078013,3077526,487
226322781,37.2945,33.1577,492,33498,0.256217,1,1,3078172,3077680,492
226328621,49.5271,51.1452,481,33624,0.0529948,1,1,3078280,3077799,481
226331541,43.8108,42.6581,484,33687,0.0631979,0.93,1,3078320,3077836,484
226334461,32.5243,33.2632,482,33750,0.0312792,0.95,1,3078345,3077863,482
226337381,24.4097,27.1053,478,33813,0.0185117,0.69,1,3078364,3077886,478
226340301,73.3639,87.0421,457,33876,0.0254047,0.61,1,3078470,3078013,457
226343221,43.1456,52.8168,450,33938,0.0281619,0.51,1,3078493,3078043,450
226346141,31.6582,39.7267,443,34000,0.0292647,0.37,1,3078517,3078074,443
226349061,28.2633,35.0907,437,34062,0.0177059,0.29,1,3078543,3078106,437
226351981,24.5053,27.2363,437,34124,0.0370824,0.19,1,3078565,3078128,437
226354901,31.4021,37.2945,429,34186,0.0568329,0.05,1,3078601,3078172,429
226357821,43.7609,50.3178,422,34248,0.0527332,0.05,1,3078653,3078231,422
226360741,46.3043,20.1271,470,34310,0.0270933,0,1,3078701,3078231,470
226363661,43.1217,37.4508,462,34372,0.0108373,0.07,1,3078742,3078280,462
226366581,32.2487,38.9803,447,34434,0.0103349,0.01,1,3078767,3078320,447
226369501,23.6995,30.5921,440,34495,0.034134,0.01,1,3078785,3078345,440
226372421,73.0798,23.6369,527,34556,0.0196536,0.03,1,3078891,3078364,527
226375341,43.0319,73.0547,444,34617,0.0138614,0.03,1,3078914,3078470,444
226378261,31.6128,43.0219,445,34678,0.0115446,0.03,1,3078938,3078493,445
226381181,28.2451,31.6088,447,34739,0.0226178,0.01,1,3078964,3078517,447
226384101,25.098,28.2435,444,34800,0.0510471,0.05,1,3078987,3078543,444
226387021,31.6392,24.4974,458,34861,0.0504189,0.07,1,3079023,3078565,458
226389941,43.2557,31.399,473,34922,0.0381675,0.05,1,3079074,3078601,473
226392861,46.1023,43.7596,469,34983,0.033267,0.01,1,3079122,3078653,469
226395781,43.0409,46.3038,462,35043,0.0193068,0,1,3079163,3078701,462
226398701,33.4164,43.1215,448,35103,0.0257227,0.01,1,3079190,3078742,448
226401621,22.9665,32.2486,439,35163,0.0402891,0.05,1,3079206,3078767,439
226404541,74.5866,23.6994,530,35223,0.0341156,0.01,1,3079315,3078785,530
226407461,42.4346,73.0798,445,35283,0.0556463,0.01,1,3079336,3078891,445
226410381,30.7739,43.0319,445,35343,0.0762585,0.01,1,3079359,3078914,445
226413301,29.1095,31.6128,449,35403,0.0365034,0.03,1,3079387,3078938,449
226416221,26.0438,28.2451,447,35463,0.0566014,0.07,1,3079411,3078964,447
226419141,32.0175,25.098,460,35523,0.0406405,0.05,1,3079447,3078987,460
226422061,41.607,31.6392,472,35583,0.0342562,0.03,1,3079495,3079023,472
226424981,46.0428,43.2557,470,35642,0.0317025,0.03,1,3079544,3079074,470
226427901,19.6171,46.1023,424,35701,0.030681,0.01,1,3079546,3079122,424
226430821,31.2468,43.0409,422,35760,0.0422724,0.03,1,3079585,3079163,422
226433741,29.2987,33.4164,423,35819,0.016909,0.05,1,3079613,3079190,423
226436661,20.7195,22.9665,422,35878,0.0247636,0.03,1,3079628,3079206,422
226439581,76.0878,74.5866,426,35937,0.0279054,0.07,1,3079741,3079315,426
226442501,43.6351,42.4346,427,35996,0.0411622,0.09,1,3079763,3079336,427
226445421,30.654,30.7739,426,36055,0.0584649,0.01,1,3079785,3079359,426
226448341,27.2616,29.1095,423,36114,0.0773859,0.07,1,3079810,3079387,423
226462941,19.4081,19.6171,423,36405,0.0959572,0.05,1,3079969,3079546,423
226465861,30.5632,31.2468,422,36463,0.0443829,0,1,3080007,3079585,422
226468781,29.0253,29.2987,422,36521,0.0177532,0.03,1,3080035,3079613,422
226471701,20.6101,20.7195,422,36579,0.0371013,0.03,1,3080050,3079628,422
226474621,76.0441,76.0878,422,36637,0.0448405,0.05,1,3080163,3079741,422
226477541,44.2176,43.6351,423,36695,0.0479362,0.07,1,3080186,3079763,423
226480461,32.087,30.654,425,36753,0.0251745,0.09,1,3080210,3079785,425
226483381,27.2348,27.2616,424,36810,0.0400698,0.13,1,3080234,3079810,424
226486301,28.2939,26.5046,427,36867,0.0460279,0.17,1,3080263,3079836,427
226489221,32.3176,31.0019,428,36924,0.0844112,0.19,1,3080298,3079870,428
226492141,44.127,41.8007,431,36981,0.0877645,0.11,1,3080350,3079919,431
226500901,28.8401,30.5632,422,37152,0.0605769,0.01,1,3080429,3080007,422
226503821,28.3361,12.2253,450,37209,0.0242308,0,1,3080457,3080007,450
226506741,19.7344,21.6901,436,37266,0.0276923,0.05,1,3080471,3080035,436
226509661,75.6938,17.676,534,37323,0.0290769,0.05,1,3080584,3080050,534
226512581,44.0775,74.8704,444,37380,0.0536308,0.05,1,3080607,3080163,444
226515501,32.031,43.7482,445,37437,0.0634523,0.01,1,3080631,3080186,445
226518421,27.8124,31.8993,446,37493,0.0553809,0.05,1,3080656,3080210,446
226521341,29.125,27.1597,452,37549,0.0521524,0.05,1,3080686,3080234,452
226524261,33.25,28.2639,459,37605,0.0628609,0.11,1,3080722,3080263,459
226527181,43.9,32.3056,475,37661,0.0671444,0.09,1,3080773,3080298,475
226530101,42.76,44.1222,465,37717,0.0928577,0.11,1,3080815,3080350,465
226544701,75.2622,19.7344,535,37997,0.0818885,0.03,1,3081006,3080471,535
226547621,45.1049,75.6938,447,38053,0.0747554,0.07,1,3081031,3080584,447
226550541,32.4419,44.0775,448,38109,0.0839022,0.07,1,3081055,3080607,448
226553461,27.3768,32.031,448,38164,0.0995609,0.05,1,3081079,3080631,448
226556381,29.5507,27.8124,454,38219,0.0938243,0.05,1,3081110,3080656,454
226573901,27.4872,27.7216,455,38549,0.217853,0.17,1,3081306,3080851,455
226576821,19.3949,27.8886,441,38604,0.225141,0.11,1,3081320,3080879,441
226579741,8.95795,20.1555,428,38659,0.228056,0.05,1,3081322,3080894,428
226582661,68.3832,75.2622,424,38714,0.289223,0.07,1,3081430,3081006,424
226603101,44.9743,43.9872,431,39093,0.423214,0.19,1,3081672,3081241,431
226606021,19.1897,18.7949,431,39147,0.439286,0.21,1,3081674,3081243,431
226608941,30.4759,29.718,432,39201,0.445714,0.23,1,3081712,3081280,432
226679021,46.7946,46.0918,500,40475,0.758813,0.71,2,3082568,3082068,500
226681941,19.9178,46.0367,456,40527,0.765525,0.71,2,3082570,3082114,456
226684861,31.3671,19.6147,493,40579,0.75621,0.67,2,3082609,3082116,493
226687781,31.1469,32.4459,483,40631,0.752484,0.69,2,3082640,3082157,483
226690701,20.8587,29.7784,469,40683,0.762994,0.69,2,3082654,3082185,469
226693621,9.5435,20.3113,457,40735,0.767197,0.69,2,3082656,3082199,457
226696541,76.4174,9.32454,576,40787,0.780879,0.77,2,3082777,3082201,576
226699461,46.167,75.1298,483,40839,0.798352,0.73,2,3082803,3082320,483
226716981,47.2767,47.9865,505,41148,0.937678,0.77,2,3083027,3082522,505
226880501,187.725,190.713,512,19818,0.2524,1,1,3084999,3084487,512
226886341,118.596,119.554,504,20031,0.089584,0.77,1,3085182,3084678,504
226889261,70.8384,94.0216,466,20137,0.0898336,0.55,1,3085221,3084755,466
226892181,76.3354,68.2087,495,20242,0.0539334,0.35,1,3085301,3084806,495
226895101,46.7341,69.8835,451,20347,0.0515734,0.31,1,3085328,3084877,451
226898021,76.8937,45.3534,519,20451,0.0626293,0.03,1,3085425,3084906,519
226900941,64.9575,73.9414,483,20555,0.0310517,0.13,1,3085482,3084999,483
226903861,98.583,64.9765,545,20658,0.0664207,0.03,1,3085603,3085058,545
226918461,65.0329,76.4276,425,21167,0.228632,0.01,1,3085850,3085425,425
226921381,59.0131,64.771,423,21267,0.217453,0.09,1,3085905,3085482,423
226924301,97.4053,98.5084,425,21367,0.212981,0.15,1,3086028,3085603,425
226930141,75.1048,73.0013,430,21565,0.205677,0.17,1,3086153,3085723,430
226933061,49.2419,47.2005,432,21663,0.208271,0.17,1,3086185,3085753,432
226935981,20.8968,20.0802,432,21761,0.221308,0.27,1,3086187,3085755,432
226938901,65.9587,65.0321,433,21858,0.250523,0.21,1,3086283,3085850,433
226956421,21.2105,20.8968,433,22434,0.405292,0.27,1,3086620,3086187,433
226962261,59.9137,26.3835,490,22623,0.411647,0.35,1,3086773,3086283,490
226965181,98.3655,41.7534,562,22717,0.434659,0.37,1,3086897,3086335,562
226994381,51.3087,76.8168,481,23633,0.781785,0.55,2,3087505,3087024,481
226997301,21.7235,50.5267,450,23723,0.798714,0.55,2,3087507,3087057,450
227008981,86.2553,99.6983,454,24078,0.934127,0.69,2,3087794,3087340,454
227011901,61.5021,65.6793,456,24166,0.943651,0.79,2,3087839,3087383,456
227128701,71.5892,82.8929,461,27454,0.438237,0.79,1,3090152,3089691,461
227187101,72.1045,45.656,541,28956,0.756341,0.69,2,3091165,3090624,541
227190021,45.6418,69.8624,483,29029,0.776536,0.73,2,3091193,3090710,483
227192941,32.6567,44.745,479,29102,0.784615,0.67,2,3091217,3090738,479
227195861,26.2627,32.898,476,29175,0.787846,0.69,2,3091239,3090763,476
227201701,66.482,50.9837,530,29320,0.900055,0.69,2,3091383,3090853,530
227204621,42.1928,65.3935,481,29392,0.930022,0.69,2,3091409,3090928,481
227289301,55.4564,48.6759,546,31413,0.939206,1,2,3092795,3092249,546
227295141,81.953,46.0682,583,31547,0.948273,1,2,3092942,3092359,583
227321421,37.3949,55.4562,508,32145,0.249641,1,1,3093303,3092795,508
227327261,47.8632,81.953,498,32277,0.0531425,1,1,3093440,3092942,498
227330181,65.3453,50.1812,546,32343,0.027257,0.77,1,3093517,3092971,546
227333101,43.5381,71.6725,489,32408,0.0649028,0.67,1,3093546,3093057,489
227336021,32.4152,48.469,481,32473,0.0679611,0.65,1,3093571,3093090,481
227338941,26.7661,36.1876,476,32538,0.0811844,0.61,1,3093594,3093118,476
227341861,26.9064,30.675,476,32603,0.0504738,0.53,1,3093621,3093145,476
227344781,28.1626,29.67,476,32668,0.0741895,0.43,1,3093650,3093174,476
227347701,47.865,30.468,506,32733,0.0836758,0.29,1,3093711,3093205,506
227350621,20.346,55.9872,435,32798,0.0874703,0.17,1,3093713,3093278,435
227373981,24.982,26.9064,423,33310,0.201926,0.09,1,3094044,3093621,423
227376901,29.1928,28.1626,426,33373,0.206771,0.09,1,3094076,3093650,426
227379821,48.2771,47.865,426,33436,0.232708,0.09,1,3094137,3093711,426
227382741,20.5108,20.346,426,33499,0.243083,0.11,1,3094139,3093713,426
227385661,20.2043,19.5384,427,33562,0.247233,0.21,1,3094159,3093732,427
227388581,72.8817,70.8154,430,33625,0.272893,0.15,1,3094267,3093837,430
227391501,44.7527,44.5261,429,33688,0.271157,0.17,1,3094293,3093864,429
227414861,21.3309,20.5108,434,34187,0.414884,0.25,1,3094573,3094139,434
227417781,20.5324,20.2043,434,34249,0.435954,0.25,1,3094593,3094159,434
227426541,64.9621,42.8131,513,34435,0.425581,0.35,1,3094806,3094293,513
227461581,46.6309,64.962,477,35164,0.76546,0.47,2,3095283,3094806,477
227464501,34.8523,45.1848,472,35224,0.792184,0.51,2,3095310,3094838,472
227482021,22.0795,22.3883,468,35584,0.787002,0.53,2,3095482,3095014,468
227490781,30.2611,46.1929,453,35761,0.784528,0.73,2,3095622,3095169,453
227502461,27.3379,27.1409,462,35997,0.910532,0.83,2,3095794,3095332,462
227505381,26.5352,25.8564,463,36056,0.922213,0.83,2,3095820,3095357,463
227508301,31.0141,30.7426,463,36115,0.926885,0.81,2,3095854,3095391,463
227511221,52.0056,52.497,462,36174,0.940754,0.81,2,3095920,3095458,462
227514141,22.0022,22.1988,462,36232,0.946302,0.77,2,3095922,3095460,462
227517061,20.8009,22.0795,460,36290,0.948521,0.81,2,3095942,3095482,460
227636781,38.6871,57.3415,500,38605,0.9364,1,2,3097613,3097113,500
227642621,26.1099,35.2146,485,38715,0.765424,1,2,3097663,3097178,485
227660141,29.9088,32.3519,496,39040,0.403553,1,1,3097881,3097385,496
227665981,33.2254,42.7363,473,39148,0.255368,1,1,3097968,3097495,473
227683501,29.3132,30.844,458,39472,0.0987644,0.63,1,3098155,3097697,458
227686421,30.9253,33.9376,454,39526,0.0815058,0.59,1,3098187,3097733,454
227718541,20.0688,22.2829,422,40109,0.204198,0.11,1,3098543,3098121,422
227730221,46.9538,28.9144,483,40320,0.212827,0.11,1,3098699,3098216,483
227733141,34.9815,44.5658,455,40372,0.211131,0.17,1,3098726,3098271,455
227736061,25.9926,34.0263,448,40424,0.222452,0.13,1,3098746,3098298,448
227738981,46.397,26.2105,487,40476,0.238981,0.11,1,3098806,3098319,487
227741901,30.5588,47.0842,446,40528,0.257592,0.15,1,3098826,3098380,446
227744821,24.2235,30.8337,446,40580,0.265037,0.13,1,3098846,3098400,446
227747741,49.2894,24.9335,491,40632,0.280015,0.21,1,3098912,3098421,491
227750661,32.9158,46.5734,452,40684,0.298006,0.17,1,3098934,3098482,452
227771101,34.9191,46.9538,458,41047,0.40045,0.21,1,3099157,3098699,458
227774021,26.5677,34.9815,452,41098,0.43018,0.23,1,3099178,3098726,452
227776941,47.2271,25.9926,493,41149,0.430072,0.25,1,3099239,3098746,493
227779861,31.4908,46.397,454,41200,0.442029,0.27,1,3099260,3098806,454
227847021,31.096,30.1856,448,42362,0.751997,0.59,2,3099960,3099512,448
227849941,50.2384,48.6742,450,42412,0.786799,0.59,2,3100023,3099573,450
227861621,33.9165,32.5949,453,42612,0.917118,0.63,2,3100158,3099705,453
227864541,27.9666,26.2379,455,42662,0.936847,0.71,2,3100182,3099727,455
227867461,50.7866,50.0952,455,42711,0.944739,0.71,2,3100248,3099793,455
227870381,33.5147,33.2381,455,42760,0.947896,0.67,2,3100270,3099815,455
227873301,26.6059,26.4952,455,42809,0.925158,0.67,2,3100292,3099837,455
227876221,19.0423,18.9981,455,42858,0.940063,0.69,2,3100306,3099851,455
227879141,32.2169,30.9992,457,42907,0.934025,0.69,2,3100347,3099890,457
227882061,14.0868,13.5997,457,42956,0.93161,0.75,2,3100349,3099892,457
227884981,26.6347,25.2399,459,43005,0.942644,0.75,2,3100384,3099925,459
227887901,31.6539,10.096,494,43054,0.947058,0.77,2,3100419,3099925,494
227890821,51.6616,25.0384,524,43103,0.948823,0.81,2,3100484,3099960,524
227893741,37.4646,47.8154,489,43152,0.937529,0.89,2,3100512,3100023,489
227896661,28.1858,34.7261,485,43201,0.933012,0.85,2,3100534,3100049,485
228030981,36.0906,36.046,485,45396,0.926431,1,2,3102068,3101583,485
228033901,25.2362,26.4184,483,45442,0.928573,1,2,3102086,3101603,483
228054341,29.613,30.5242,487,45764,0.773617,1,2,3102318,3101831,487
228106901,32.2909,32.578,484,46587,0.764203,0.61,2,3102870,3102386,484
228109821,23.7164,31.6312,471,46632,0.779681,0.65,2,3102888,3102417,471
228112741,21.4865,23.4525,473,46677,0.785872,0.65,2,3102908,3102435,473
228115661,42.1946,20.781,510,46722,0.788349,0.59,2,3102964,3102454,510
228118581,33.6778,41.9124,482,46767,0.78934,0.61,2,3102992,3102510,482
228121501,23.0711,35.365,467,46812,0.789736,0.59,2,3103008,3102541,467
228133181,14.3186,29.8493,460,46992,0.914313,0.71,2,3103130,3102670,460
228136101,34.5274,14.3397,504,47037,0.923725,0.71,2,3103178,3102674,504
228139021,27.611,34.5359,479,47082,0.93949,0.69,2,3103201,3102722,479
228141941,30.8444,27.6144,489,47127,0.933796,0.73,2,3103234,3102745,489
228144861,30.3378,29.0457,489,47172,0.931518,0.77,2,3103264,3102775,489
228147781,30.1351,30.8183,487,47217,0.930607,0.71,2,3103294,3102807,487
228150701,33.654,29.7273,494,47262,0.906243,0.79,2,3103330,3102836,494
228162381,38.0759,42.1946,461,47441,0.926416,0.79,2,3103425,3102964,461
228165301,32.0304,33.6778,461,47485,0.940566,0.79,2,3103453,3102992,461
228352181,27.8575,27.9352,527,50244,0.93348,1,2,3105383,3104856,527
228372621,33.3942,24.3166,512,50538,0.794532,1,2,3105586,3105074,512
228375541,28.3577,31.3267,501,50580,0.755813,1,2,3105611,3105110,501
228436861,26.5896,29.6892,452,51446,0.753456,0.57,2,3106179,3105727,452
228439781,22.0359,25.0757,449,51487,0.775382,0.55,2,3106198,3105749,449
228442701,19.0143,21.4303,447,51528,0.772153,0.59,2,3106215,3105768,447
228445621,32.8057,32.5721,449,51569,0.758861,0.61,2,3106257,3105808,449
228448541,29.3223,28.6288,450,51610,0.777544,0.53,2,3106284,3105834,450
228451461,21.3289,22.2515,448,51651,0.761018,0.61,2,3106300,3105852,448
228454381,23.5316,22.7006,450,51692,0.766407,0.57,2,3106325,3105875,450
228457301,24.4126,25.2802,448,51733,0.780563,0.65,2,3106350,3105902,448
228460221,33.7651,31.7121,452,51774,0.786225,0.65,2,3106390,3105938,452
228466061,22.3224,16.4739,472,51856,0.794196,0.65,2,3106429,3105957,472
228483581,32.7234,36.4041,486,52100,0.908861,0.73,2,3106613,3106127,486
228743461,71.1681,63.4265,510,25716,0.913648,1,2,3109266,3108756,510
228766821,71.3344,75.288,528,26368,0.90058,0.87,2,3109735,3109207,528
228769741,69.9338,65.5152,538,26448,0.918232,0.84,2,3109804,3109266,538
228772661,59.7735,69.4061,519,26528,0.949293,0.89,2,3109857,3109338,519
228775581,40.7094,60.7624,492,26608,0.949717,0.83,2,3109885,3109393,492
228869021,69.3105,42.7206,568,29046,0.946,1,2,3111581,3111013,568
228874861,72.8897,55.4353,554,29192,0.93736,1,2,3111705,3111151,554
228889461,64.9704,35.6009,562,29553,0.438767,1,1,3111939,3111377,562
228901141,68.3976,48.7242,553,29838,0.0798244,0.91,1,3112169,3111616,553
228904061,28.5591,72.8897,466,29909,0.0499298,0.85,1,3112171,3111705,466
228906981,31.8236,50.1559,465,29980,0.0739719,0.63,1,3112205,3111740,465
228909901,37.9294,50.6623,456,30051,0.0475888,0.57,1,3112247,3111791,456
228912821,28.3718,37.0649,450,30121,0.0730355,0.53,1,3112269,3111819,450
228915741,31.1487,36.426,447,30191,0.0952142,0.35,1,3112302,3111855,447
228930341,66.2738,68.3976,424,30540,0.247148,0.03,1,3112593,3112169,424
228933261,27.7095,28.5591,424,30609,0.248859,0.09,1,3112595,3112171,424
228936181,32.6838,31.8236,426,30678,0.273544,0.03,1,3112631,3112205,426
228944941,28.9718,31.1487,423,30885,0.405107,0.13,1,3112725,3112302,423
228947861,60.1887,59.2595,426,30954,0.408043,0.09,1,3112806,3112380,426
228950781,44.4755,42.9038,428,31022,0.409217,0.17,1,3112840,3112412,428
228968301,40.5335,26.0335,481,31429,0.429485,0.45,1,3113112,3112631,481
228971221,31.8134,34.4134,467,31496,0.405794,0.41,1,3113138,3112671,467
228974141,29.5254,29.3654,469,31563,0.408318,0.41,1,3113166,3112697,469
228977061,60.4101,28.5461,522,31630,0.409327,0.41,1,3113247,3112725,522
228979981,45.1641,60.0185,476,31697,0.421731,0.41,1,3113282,3112806,476
229026701,39.8202,33.7754,490,32749,0.751395,0.53,2,3114000,3113510,490
229029621,17.1281,38.7102,450,32814,0.762558,0.55,2,3114002,3113552,450
229038381,60.5442,60.3895,454,33006,0.912084,0.65,2,3114142,3113688,454
229041301,46.4177,45.7558,455,33070,0.946833,0.67,2,3114179,3113724,455
229047141,42.3468,41.0409,457,33198,0.947093,0.69,2,3114284,3113827,457
229282201,142.914,156.099,500,17042,0.236794,0.41,1,3117774,3117274,500
229285121,105.765,124.24,478,17167,0.232718,0.33,1,3117855,3117377,478
229288041,77.1062,89.2959,470,17291,0.231087,0.25,1,3117913,3117443,470
229290961,47.0425,67.5184,444,17414,0.218435,0.19,1,3117940,3117496,444
229299721,90.2507,97.3212,513,17777,0.42462,0.23,1,3118287,3117774,513
229334761,90.4318,90.2894,454,19160,0.783428,0.63,2,3119185,3118731,454
229337681,70.9727,71.5158,453,19271,0.799371,0.67,2,3119243,3118790,453
229349361,102.886,50.5796,542,19707,0.92464,0.77,2,3119559,3119017,542
229415061,64.9735,72.1246,481,22049,0.9316,1,2,3121148,3120667,481
229432581,69.5635,27.7338,556,22620,0.202073,0.94,1,3121562,3121006,556
229450101,61.5709,74.6017,491,23177,0.224437,0.27,1,3121921,3121430,491
229453021,64.2284,65.8407,497,23268,0.239775,0.13,1,3121987,3121490,497
229455941,60.4914,69.5363,483,23359,0.26991,0.19,1,3122045,3121562,483
229467621,67.251,101.318,473,23720,0.410158,0.19,1,3122292,3121819,473
229470541,64.7004,66.9271,492,23809,0.446063,0.25,1,3122355,3121863,492
229517261,65.3322,66.6454,449,25195,0.775339,0.57,2,3123250,3122801,449
229520181,66.3329,67.4581,448,25279,0.772135,0.51,2,3123317,3122869,448
229523101,64.9331,65.9833,447,25363,0.794854,0.55,2,3123381,3122934,447
229537701,69.9356,101.266,501,25778,0.901947,0.77,2,3123643,3123142,501
229540621,67.5743,66.9066,523,25860,0.942779,0.81,2,3123709,3123186,523
229704141,56.5153,57.6048,483,30102,0.946,1,2,3126697,3126214,483
229707061,61.0061,54.8419,494,30172,0.9004,1,2,3126761,3126267,494
229709981,43.0025,39.9368,495,30242,0.75016,1,2,3126792,3126297,495
229718741,53.0802,59.076,483,30452,0.42841,1,1,3126921,3126438,483
229721661,60.2321,62.6304,483,30521,0.297364,1,1,3126986,3126503,483
229724581,45.0928,46.0522,483,30590,0.208946,1,1,3127021,3126538,483
229730421,56.1749,60.2883,477,30728,0.0994313,0.91,1,3127120,3126643,477
229733341,50.6699,56.5153,470,30797,0.0457725,0.87,1,3127167,3126697,470
229736261,53.868,61.0061,462,30866,0.048309,0.65,1,3127223,3126761,462
229739181,35.3472,43.0025,454,30935,0.0613236,0.65,1,3127246,3126792,454
229742101,23.7389,28.001,452,31003,0.0665294,0.45,1,3127262,3126810,452
229745021,37.0955,41.2004,448,31071,0.0926118,0.35,1,3127308,3126860,448
229747941,45.4382,53.0802,438,31139,0.0910447,0.21,1,3127359,3126921,438
229765461,54.2641,47.268,479,31545,0.0885336,0.05,1,3127646,3127167,479
229768381,36.1056,52.5072,447,31612,0.0774134,0.07,1,3127670,3127223,447
229771301,24.6423,34.8029,441,31679,0.0849654,0.07,1,3127687,3127246,441
229774221,35.6569,23.5211,468,31746,0.0759861,0.11,1,3127730,3127262,468
229777141,46.6628,37.0085,476,31813,0.0843945,0.09,1,3127784,3127308,476
229800501,25.2034,36.1056,442,32342,0.217484,0.09,1,3128112,3127670,442
229803421,35.2813,24.6422,467,32407,0.236993,0.07,1,3128154,3127687,467
229806341,48.9125,35.6569,482,32472,0.232797,0.09,1,3128212,3127730,482
229809261,57.965,46.6628,492,32537,0.279119,0.19,1,3128276,3127784,492
229835541,35.7855,35.2813,434,33117,0.417962,0.23,1,3128588,3128154,434
229838461,49.7142,48.9125,435,33181,0.413185,0.31,1,3128647,3128212,435
229858901,49.743,49.5229,439,33624,0.424465,0.41,1,3128940,3128501,439
229905621,59.8586,48.7747,515,34617,0.783592,0.59,2,3129602,3129087,515
229923141,53.3412,36.5511,519,34983,0.915576,0.73,2,3129840,3129321,519
230115861,141.025,160.111,500,17042,0.44632,0.61,1,3132652,3132152,500
230118781,104.41,122.244,483,17167,0.424528,0.59,1,3132732,3132249,483
230121701,82.564,84.8977,491,17291,0.415811,0.47,1,3132800,3132309,491
230124621,54.6256,73.5591,461,17414,0.436325,0.47,1,3132836,3132375,461
230145061,120.582,128.691,451,18250,0.753755,0.59,2,3133467,3133016,451
230147981,93.8329,97.0764,451,18366,0.787502,0.63,2,3133543,3133092,451
230162581,122.586,120.577,460,18937,0.939408,0.81,2,3133927,3133467,460
230247261,62.635,75.2037,479,21952,0.775696,1,2,3136069,3135590,479
230256021,95.1846,110.053,475,22241,0.235645,0.99,1,3136295,3135820,475
230261861,56.6295,62.9685,466,22431,0.0677031,0.81,1,3136421,3135955,466
230264781,43.0518,51.5874,456,22526,0.0270812,0.81,1,3136455,3135999,456
230267701,56.8207,20.635,522,22620,0.0408325,0.73,1,3136521,3135999,522
230270621,55.1283,50.254,506,22714,0.034333,0.55,1,3136575,3136069,506
230273541,40.6513,56.7016,476,22807,0.0437332,0.43,1,3136606,3136130,476
230276461,82.8605,45.4806,549,22900,0.0354933,0.05,1,3136717,3136168,549
230279381,90.1442,94.3923,517,22993,0.0321973,0.05,1,3136812,3136295,517
230282301,54.0577,94.7569,452,23085,0.0428789,0.03,1,3136842,3136390,452
230285221,42.0231,56.5028,455,23177,0.0231516,0,1,3136876,3136421,455
230288141,57.0092,43.0011,488,23268,0.0512606,0.05,1,3136943,3136455,488
230291061,54.6037,56.8004,475,23359,0.0505043,0.03,1,3136996,3136521,475
230293981,42.2415,55.1202,455,23450,0.0262017,0.05,1,3137030,3136575,455
230305661,41.243,54.0575,455,23809,0.0981588,0.01,1,3137297,3136842,455
230308581,57.2972,42.023,489,23898,0.0452635,0.07,1,3137365,3136876,489
230311501,55.3189,57.0092,476,23987,0.0481054,0.05,1,3137419,3136943,476
230314421,23.3275,54.6037,425,24075,0.0612422,0.01,1,3137421,3136996,425
230317341,30.931,42.2415,427,24163,0.0664969,0.17,1,3137457,3137030,427
230320261,79.5724,82.2966,430,24251,0.0565987,0.11,1,3137569,3137139,430
230343621,79.7218,79.5724,424,24941,0.219794,0.13,1,3137993,3137569,424
230346541,90.6887,88.229,428,25026,0.261918,0.19,1,3138091,3137663,428
230349461,55.4755,53.2916,430,25111,0.278767,0.21,1,3138123,3137693,430
230352381,38.9902,38.1166,430,25195,0.273507,0.15,1,3138151,3137721,430
230366981,82.1154,24.1618,546,25613,0.420909,0.25,1,3138426,3137880,546
230404941,58.9879,55.8381,508,26668,0.755981,0.55,2,3139160,3138652,508
230407861,24.7951,57.7352,451,26747,0.764392,0.55,2,3139162,3138711,451
230410781,30.3181,24.2941,483,26826,0.767757,0.57,2,3139196,3138713,483
230431221,59.1154,58.9879,460,27374,0.94072,0.77,2,3139620,3139160,460
230437061,30.3385,30.3181,460,27528,0.941315,0.85,2,3139656,3139196,460
230439981,89.5354,87.1272,464,27605,0.946526,0.85,2,3139785,3139321,464
230536341,50.4705,63.0048,494,30032,0.946,1,2,3141467,3140973,494
230542181,38.4353,39.2408,487,30172,0.79096,1,2,3141541,3141054,487
230556781,42.8669,46.4761,480,30521,0.289773,1,1,3141825,3141345,480
230577221,77.3848,86.6696,440,31003,0.407901,0.41,1,3142135,3141695,440
230580141,47.1539,52.6679,437,31071,0.43316,0.23,1,3142162,3141725,437
230635621,80.0743,31.779,562,32342,0.770174,0.63,2,3143027,3142465,562
230638541,47.6297,78.7116,478,32407,0.794069,0.63,2,3143053,3142575,478
230653141,49.0234,29.127,514,32732,0.934099,0.67,2,3143271,3142757,514
230775781,39.2503,46.4082,515,35343,0.92632,1,2,3145086,3144571,515
230784541,37.624,48.6421,507,35523,0.796804,1,2,3145193,3144686,507
230804981,52.0235,66.0643,471,35937,0.761894,0.93,2,3145490,3145019,471
230807901,37.0094,45.6257,466,35996,0.766757,0.91,2,3145517,3145051,466
230810821,35.2038,39.2503,465,36055,0.792703,0.97,2,3145551,3145086,465
230831261,34.5013,33.6176,458,36463,0.919334,0.79,2,3145784,3145326,458
230834181,58.2005,59.647,455,36521,0.937734,0.77,2,3145858,3145403,455
230837101,40.6802,40.0588,457,36579,0.909093,0.77,2,3145887,3145430,457
230840021,52.8721,52.0235,458,36637,0.909637,0.77,2,3145948,3145490,458
230842941,37.3488,37.0094,458,36695,0.945855,0.81,2,3145975,3145517,458
230845861,37.1395,35.2038,461,36753,0.924342,0.83,2,3146012,3145551,461
230863381,37.0457,36.7532,464,37095,0.939093,0.95,2,3146215,3145751,464
231009381,42.8421,41.4488,498,39843,0.928,1,2,3148140,3147642,498
231029821,30.3964,24.0359,520,40214,0.44288,1,1,3148418,3147898,520
231038581,28.4174,32.6903,505,40371,0.239784,1,1,3148501,3147996,505
231041501,28.767,31.6761,503,40423,0.209914,1,1,3148530,3148027,503
231044421,30.7068,30.6704,505,40475,0.233965,1,1,3148562,3148057,505
231059021,41.5301,57.4849,487,40735,0.0658038,0.59,1,3148772,3148285,487
231064861,28.8448,41.4776,469,40839,0.0837286,0.45,1,3148830,3148361,469
231073621,23.3741,28.3586,460,40995,0.0910386,0.29,1,3148905,3148445,460
231085301,36.9248,30.7068,470,41199,0.223755,0.15,1,3149032,3148562,470
231088221,37.5699,38.0827,465,41250,0.215502,0.11,1,3149070,3148605,465
231091141,34.828,38.0331,460,41301,0.248201,0.13,1,3149103,3148643,460
231094061,48.7312,33.8132,487,41352,0.27328,0.11,1,3149161,3148674,487
231096981,39.2925,51.3253,457,41403,0.259312,0.03,1,3149194,3148737,457
231099901,39.117,41.5301,461,41454,0.241725,0.13,1,3149233,3148772,461
231102821,28.2468,37.612,447,41505,0.27069,0.07,1,3149254,3148807,447
231105741,12.4987,28.8448,426,41556,0.282276,0.13,1,3149256,3148830,426
231108661,24.1995,28.3379,430,41607,0.28691,0.13,1,3149288,3148858,430
231132021,35.9995,34.828,435,42011,0.401513,0.29,1,3149538,3149103,435
231134941,49.7998,48.7312,436,42061,0.418605,0.25,1,3149597,3149161,436
231222541,41.9799,39.937,495,43543,0.765619,0.67,2,3150569,3150074,495
231225461,28.7919,41.7748,472,43591,0.780248,0.67,2,3150589,3150117,472
231228381,12.7168,28.7099,454,43639,0.786099,0.67,2,3150591,3150137,454
231231301,24.2867,12.684,484,43687,0.78844,0.67,2,3150623,3150139,484
231257581,55.2506,38.3103,521,44119,0.90945,0.71,2,3150952,3150431,521
231260501,42.5002,53.1241,492,44167,0.94578,0.75,2,3150986,3150494,492
231418181,26.5032,18.5331,539,46676,0.946,1,2,3152674,3152135,539
231469281,319.241,355.885,477,21900,0.40936,0.9,1,3153220,3152743,477
231478041,74.9594,98.1367,452,22189,0.075879,0.05,1,3153443,3152991,452
231480961,67.7838,71.6547,461,22285,0.0483516,0.01,1,3153506,3153045,461
231483881,57.1135,69.4619,443,22380,0.0253406,0.05,1,3153556,3153113,443
231486801,61.8454,67.9847,441,22475,0.0761363,0.01,1,3153621,3153180,441
231489721,35.5382,46.3939,427,22569,0.0304545,0.03,1,3153639,3153212,427
231492641,74.2153,23.3576,519,22663,0.0121818,0.03,1,3153739,3153220,519
231495561,80.6861,68.143,506,22757,0.0228727,0.07,1,3153824,3153318,506
231498481,57.4744,77.0572,465,22850,0.0511491,0.05,1,3153866,3153401,465
231501401,59.5898,56.0229,484,22943,0.0624596,0.03,1,3153927,3153443,484
231504321,53.8359,60.2092,471,23035,0.0429839,0.01,1,3153977,3153506,471
231507241,61.1344,54.0837,487,23127,0.0471935,0.11,1,3154043,3153556,487
231510161,34.6537,60.6335,439,23219,0.0188774,0,1,3154060,3153621,439
231513081,75.0615,35.0534,523,23310,0.013551,0,1,3154162,3153639,523
231516001,82.2246,74.0214,510,23401,0.0114204,0.03,1,3154249,3153739,510
231518921,57.4898,80.6085,466,23492,0.0225682,0.07,1,3154290,3153824,466
231521841,58.3959,57.4434,483,23582,0.0390273,0.07,1,3154349,3153866,483
231524761,52.7584,59.5774,471,23672,0.0336109,0.03,1,3154398,3153927,471
231527681,62.5033,53.8309,490,23762,0.0554444,0.05,1,3154467,3153977,490
231530601,33.4013,61.1324,438,23851,0.0221777,0,1,3154481,3154043,438
231533521,75.7605,34.653,525,23940,0.0388711,0.01,1,3154585,3154060,525
231536441,31.5042,75.0612,425,24029,0.0215484,0.01,1,3154587,3154162,425
231539361,63.6017,82.2245,423,24117,0.0146194,0.03,1,3154672,3154249,423
231542281,50.0407,57.4898,423,24205,0.0118478,0.05,1,3154713,3154290,423
231545201,56.6163,58.3959,425,24293,0.0227391,0.03,1,3154774,3154349,425
231548121,51.4465,52.7584,424,24380,0.00909564,0.07,1,3154822,3154398,424
231551041,61.3786,62.5033,423,24467,0.0456383,0,1,3154890,3154467,423
231553961,32.3514,33.4013,422,24554,0.0602553,0.05,1,3154903,3154481,422
231556881,75.9406,75.7605,423,24640,0.0421021,0.01,1,3155008,3154585,423
231559801,31.5762,31.5042,423,24726,0.0348408,0.01,1,3155010,3154587,423
231562721,63.0305,63.6017,422,24812,0.0319363,0.01,1,3155094,3154672,422
231565641,49.8122,50.0407,422,24897,0.0427745,0.03,1,3155135,3154713,422
231568561,57.7249,56.6163,424,24982,0.0471098,0,1,3155198,3154774,424
231571481,50.69,51.4465,422,25067,0.0188439,0.07,1,3155244,3154822,422
231574401,62.276,61.3786,424,25152,0.0255376,0.07,1,3155314,3154890,424
231577321,33.3104,32.3514,425,25236,0.016215,0.03,1,3155328,3154903,425
231580241,74.5242,75.9406,422,25320,0.036486,0.03,1,3155430,3155008,422
231583161,31.0097,31.5762,422,25404,0.0445944,0.03,1,3155432,3155010,422
231586081,62.8039,63.0305,422,25487,0.0478378,0.03,1,3155516,3155094,422
231589001,49.7215,25.2122,463,25570,0.0491351,0.05,1,3155557,3155094,463
231591921,58.2886,34.6849,486,25653,0.049654,0.05,1,3155621,3155135,486
231594841,49.7154,51.674,467,25736,0.0258616,0,1,3155665,3155198,467
231597761,61.8862,48.2696,491,25818,0.0403446,0.03,1,3155735,3155244,491
231600681,33.1545,61.3078,435,25900,0.0461379,0.01,1,3155749,3155314,435
231603601,74.4618,32.9231,523,25982,0.0244551,0.05,1,3155851,3155328,523
231606521,30.9847,74.3693,423,26064,0.0157821,0.05,1,3155853,3155430,423
231609441,62.7939,30.9477,505,26145,0.0363128,0.05,1,3155937,3155432,505
231612361,50.9176,62.7791,464,26226,0.0445251,0.05,1,3155980,3155516,464
231615281,58.767,49.7116,487,26307,0.03581,0.05,1,3156044,3155557,487
231618201,48.7068,58.2847,465,26388,0.020324,0.01,1,3156086,3155621,465
231621121,62.6827,49.7139,493,26468,0.0381296,0.05,1,3156158,3155665,493
231624041,33.4731,61.8855,437,26548,0.0452518,0.05,1,3156172,3155735,437
231626961,73.9892,33.1542,524,26628,0.0361007,0.01,1,3156273,3155749,524
231629881,30.7957,74.4617,424,26708,0.0324403,0.01,1,3156275,3155851,424
231632801,63.3183,30.9847,507,26787,0.0309761,0.05,1,3156360,3155853,507
231635721,51.7273,62.7939,467,26866,0.0423904,0.05,1,3156404,3155937,467
231638641,21.8909,50.9175,426,26945,0.0229562,0.03,1,3156406,3155980,426
231641561,45.3564,58.767,423,27024,0.0391825,0.01,1,3156467,3156044,423
231644481,42.7425,48.7068,422,27102,0.015673,0.05,1,3156508,3156086,422
231647401,61.497,62.6827,424,27180,0.0362692,0.05,1,3156582,3156158,424
231650321,32.9988,33.4731,424,27258,0.0445077,0.03,1,3156596,3156172,424
231653241,73.1995,73.9892,423,27336,0.0598031,0.03,1,3156696,3156273,423
231670761,42.4763,42.7425,422,27797,0.0777957,0.05,1,3156930,3156508,422
231673681,61.3905,61.497,422,27873,0.0611183,0.05,1,3157004,3156582,422
231676601,32.9562,32.9988,422,27949,0.0424473,0.07,1,3157018,3156596,422
231688281,51.5893,51.3168,428,28251,0.215023,0.17,1,3157255,3156827,428
231691201,21.8357,21.7267,428,28326,0.248009,0.09,1,3157257,3156829,428
231694121,43.5343,44.6907,426,28401,0.261204,0.09,1,3157315,3156889,426
231697041,39.0137,17.8763,462,28476,0.266481,0.05,1,3157351,3156889,462
231723321,39.5565,43.5273,470,29138,0.205985,0.27,1,3157785,3157315,470
231726241,56.0226,39.0109,501,29211,0.256394,0.11,1,3157852,3157351,501
231729161,30.809,60.6044,440,29283,0.276558,0.11,1,3157866,3157426,440
231732081,80.7236,32.6417,540,29355,0.248623,0.17,1,3157980,3157440,540
231735001,33.4894,79.6567,431,29427,0.237449,0.13,1,3157982,3157551,431
231737921,68.5958,33.0627,521,29499,0.29298,0.17,1,3158074,3157553,521
231761281,78.3767,80.7236,434,30069,0.40065,0.23,1,3158414,3157980,434
231764201,32.5507,33.4894,434,30139,0.40626,0.33,1,3158416,3157982,434
231799241,58.5206,55.2481,449,30971,0.766817,0.59,2,3159006,3158557,449
231822601,33.7182,74.2496,456,31513,0.9031,0.69,2,3159310,3158854,456
231962761,36.4448,39.0507,509,34587,0.9028,1,2,3161469,3160960,509
231994881,33.6345,38.612,498,35253,0.293495,0.87,1,3161932,3161434,498
231997801,43.4538,36.4448,513,35313,0.267398,0.85,1,3161982,3161469,513
232000721,36.5815,45.7779,493,35373,0.244959,0.61,1,3162014,3161521,493
232003641,33.2326,41.7112,485,35433,0.223984,0.55,1,3162045,3161560,485
232006561,59.493,38.2845,526,35493,0.215593,0.43,1,3162122,3161596,526
232009481,50.1972,66.3138,485,35553,0.236237,0.33,1,3162166,3161681,485
232012401,35.6789,54.7255,464,35612,0.220495,0.37,1,3162192,3161728,464
232015321,31.0716,37.4902,466,35671,0.202198,0.35,1,3162220,3161754,466
232021161,34.8514,41.0384,440,35789,0.227952,0.35,1,3162271,3161831,440
232024081,31.9406,36.2154,437,35848,0.217181,0.31,1,3162301,3161864,437
232027001,34.9762,36.0861,438,35907,0.236872,0.27,1,3162338,3161900,438
232029921,30.1905,33.6345,433,35966,0.244749,0.25,1,3162365,3161932,433
232032841,42.0762,43.4538,433,36025,0.2719,0.23,1,3162415,3161982,433
232035761,37.2305,36.5815,435,36084,0.28276,0.21,1,3162449,3162014,435
232038681,31.6922,33.2326,432,36143,0.299104,0.21,1,3162477,3162045,432
232044521,49.5908,50.1972,432,36259,0.411457,0.21,1,3162598,3162166,432
232047441,34.8363,35.6789,431,36317,0.422583,0.19,1,3162623,3162192,431
232050361,31.9345,31.0716,433,36375,0.415033,0.19,1,3162653,3162220,433
232053281,13.9738,13.6286,433,36433,0.436013,0.25,1,3162655,3162222,433
232126281,36.4351,14.2961,499,37856,0.797392,0.59,2,3163596,3163097,499
232149641,53.7709,61.7122,504,38300,0.928147,0.75,2,3163945,3163441,504
232333601,32.6483,39.5578,508,41631,0.922739,1,2,3166208,3165700,508
232345281,41.799,48.1583,491,41835,0.420342,1,1,3166374,3165883,491
232354041,35.8911,33.7301,499,41985,0.0741819,1,1,3166483,3165984,499
232356961,34.1565,30.2921,504,42035,0.0356728,1,1,3166516,3166012,504
232359881,26.8626,30.7168,495,42085,0.0682691,0.97,1,3166538,3166043,495
232362801,32.345,33.8867,495,42135,0.0273076,1,1,3166574,3166079,495
232365721,27.938,29.7547,493,42185,0.0529231,1,1,3166599,3166106,493
232368641,25.5752,32.3019,483,42235,0.0751692,0.93,1,3166623,3166140,483
232371561,28.2301,35.1208,476,42285,0.0840677,0.9,1,3166653,3166177,476
232374481,25.092,32.6483,468,42335,0.0336271,0.85,1,3166676,3166208,468
232377401,23.8368,29.8593,463,42385,0.0314508,0.83,1,3166699,3166236,463
232380321,28.7347,34.7437,457,42435,0.0185803,0.41,1,3166731,3166274,457
232383241,40.8939,53.4975,440,42485,0.0254321,0.31,1,3166780,3166340,440
232386161,32.5576,41.799,433,42535,0.0401729,0.23,1,3166807,3166374,433
232389081,32.223,38.3196,429,42585,0.0340691,0.03,1,3166839,3166410,429
232392001,33.8892,38.7278,425,42635,0.0916277,0.03,1,3166874,3166449,425
232394921,33.9557,35.8911,425,42684,0.0666511,0.01,1,3166908,3166483,425
232397841,33.9823,34.1565,426,42733,0.0566604,0.09,1,3166942,3166516,426
232400761,24.9929,26.8626,423,42782,0.0406642,0,1,3166961,3166538,423
232403681,32.7972,32.345,425,42831,0.0462657,0.07,1,3166999,3166574,425
232406601,29.3189,27.938,427,42880,0.0245063,0.09,1,3167026,3166599,427
232409521,24.9275,25.5752,425,42929,0.0398025,0.09,1,3167048,3166623,425
232412441,27.371,28.2301,424,42978,0.081921,0,1,3167077,3166653,424
232415361,23.5484,25.092,422,43027,0.0747684,0,1,3167098,3166676,422
232418281,22.6194,10.0368,444,43076,0.0719074,0.03,1,3167120,3166676,444
232421201,28.8477,17.8147,454,43125,0.0587629,0.01,1,3167153,3166699,454
232424121,41.5391,26.3259,472,43174,0.0535052,0.03,1,3167203,3166731,472
232427041,31.6156,39.9304,448,43223,0.0994021,0.05,1,3167228,3166780,448
232429961,34.8463,32.1721,458,43272,0.0817608,0.03,1,3167265,3166807,458
232444561,32.1223,24.989,459,43517,0.0807764,0.05,1,3167420,3166961,459
232447481,30.2489,32.7956,450,43565,0.0503106,0.01,1,3167449,3166999,450
232450401,27.0996,29.3182,448,43613,0.0381242,0.05,1,3167474,3167026,448
232453321,27.6398,24.9273,454,43661,0.0332497,0.11,1,3167502,3167048,454
232456241,21.8559,27.3709,443,43709,0.0312999,0.07,1,3167520,3167077,443
232459161,21.9424,23.5484,444,43757,0.0425199,0.07,1,3167542,3167098,444
232462081,28.5769,22.6193,455,43805,0.083008,0.05,1,3167575,3167120,455
232465001,43.2308,28.8477,475,43853,0.0872032,0.05,1,3167628,3167153,475
232473761,37.8068,34.8463,464,43997,0.096541,0.17,1,3167729,3167265,464
232476681,34.3227,34.3385,462,44045,0.0926164,0.17,1,3167761,3167299,462
232479601,31.7291,33.5354,459,44093,0.0910466,0.15,1,3167791,3167332,459
232488361,29.4387,32.1223,451,44237,0.077587,0.03,1,3167871,3167420,451
232491281,27.9755,30.2489,449,44285,0.0850348,0.03,1,3167898,3167449,449
232494201,26.7902,27.0996,450,44333,0.0880139,0.03,1,3167924,3167474,450
232511721,32.3692,32.2923,427,44617,0.229668,0.11,1,3168080,3167653,427
232514641,34.5477,34.5169,427,44664,0.217867,0.09,1,3168116,3167689,427
232517561,37.2191,37.8068,426,44711,0.213147,0.09,1,3168155,3167729,426
232520481,34.0876,34.3227,426,44758,0.211259,0.09,1,3168187,3167761,426
232523401,32.2351,31.7291,427,44805,0.258504,0.11,1,3168218,3167791,427
232526321,23.694,23.4916,427,44852,0.277401,0.13,1,3168236,3167809,427
232529241,28.0776,28.5967,426,44899,0.284961,0.05,1,3168267,3167841,426
232535081,28.6124,27.9755,426,44993,0.298794,0.09,1,3168324,3167898,426
232552601,42.6763,41.923,431,45275,0.412701,0.25,1,3168485,3168054,431
232555521,33.2705,32.3692,432,45322,0.42308,0.21,1,3168512,3168080,432
232558441,35.5082,34.5477,433,45369,0.427232,0.21,1,3168549,3168116,433
232561361,37.0033,37.2191,432,45415,0.428893,0.21,1,3168587,3168155,432
232564281,34.6013,34.0876,433,45461,0.441557,0.29,1,3168620,3168187,433
232646041,37.8111,33.1244,486,46741,0.761656,0.53,2,3169438,3168952,486
232660641,31.6438,24.8614,487,46966,0.7837,0.65,2,3169603,3169116,487
232663561,29.4575,29.7446,482,47011,0.77548,0.65,2,3169631,3169149,482
232666481,28.583,29.2978,481,47056,0.796192,0.65,2,3169659,3169178,481
232686921,33.9535,43.5697,483,47371,0.91063,0.73,2,3169854,3169371,483
232689841,14.7814,33.0279,459,47415,0.922252,0.79,2,3169856,3169397,459
232923441,32.5832,25.9801,508,50847,0.937235,1,2,3172270,3171762,508
232926361,23.8333,28.3921,496,50888,0.944894,1,2,3172288,3171792,496
233022721,28.1042,27.4759,479,52235,0.751304,0.67,2,3173191,3172712,479
233025641,22.0417,26.5904,471,52275,0.750522,0.67,2,3173209,3172738,471
233028561,25.6167,22.0361,480,52315,0.774209,0.65,2,3173237,3172757,480
233031481,30.6467,25.0145,487,52355,0.783683,0.65,2,3173271,3172784,487
233034401,25.4587,31.6058,473,52395,0.787473,0.63,2,3173293,3172820,473
233049001,26.5321,26.8302,477,52595,0.917289,0.63,2,3173434,3172957,477
233051921,29.8128,25.1321,485,52635,0.936916,0.65,2,3173466,3172981,485
233235881,35.184,23.4139,533,55098,0.927956,1,2,3175162,3174629,533
233253401,27.622,26.5128,512,55326,0.919535,1,2,3175319,3174807,512
233262161,18.7598,32.7528,499,55440,0.91445,1,2,3175397,3174898,499
233265081,19.5039,25.1011,499,55478,0.94778,0.95,2,3175417,3174918,499
233276761,29.9761,28.3146,510,55630,0.939431,1,2,3175510,3175000,510
233288441,33.7866,33.9601,504,55782,0.949489,0.88,2,3175630,3175126,504
233557081,226.765,191.823,692,10220,0.9244,1,2,3180994,3180302,692
233565841,73.8409,159.685,487,13462,0.912362,0.89,2,3181264,3180777,487
233631541,119.2,24.6504,633,16715,0.404607,0.75,1,3183636,3183003,633
233640301,76.2688,127.266,494,17093,0.299255,0.53,1,3183880,3183386,494
233643221,51.5075,80.3063,480,17217,0.257702,0.43,1,3183915,3183435,480
233646141,114.803,56.1225,597,17340,0.289081,0.35,1,3184072,3183475,597
233651981,123.368,71.6196,595,17584,0.412253,0.29,1,3184271,3183676,595
233654901,74.5474,124.648,477,17705,0.446901,0.29,1,3184313,3183836,477
233687021,114.469,110.38,452,18982,0.77821,0.65,2,3185168,3184716,452
233704541,117.582,11.8692,632,19643,0.910048,0.83,2,3185629,3184997,632
233707461,73.4328,107.348,505,19751,0.934019,0.89,2,3185673,3185168,505
233710381,49.7731,68.1391,497,19858,0.943608,0.85,2,3185707,3185210,497
233765861,46.0544,47.1612,483,21799,0.916,1,2,3187124,3186641,483
233780461,104.477,107.09,491,22281,0.20258,1,1,3187541,3187050,491
233783381,65.7908,68.636,488,22376,0.0870319,0.86,1,3187581,3187093,488
233786301,46.7163,46.0544,491,22471,0.0348128,1,1,3187615,3187124,491
233789221,29.4865,38.8218,475,22565,0.0439251,1,1,3187633,3187158,475
233792141,93.3946,15.5287,611,22659,0.03557,0.55,1,3187769,3187158,611
233795061,58.9578,104.011,484,22753,0.014228,0.47,1,3187805,3187321,484
233797981,42.1831,68.0046,471,22846,0.0356912,0.39,1,3187836,3187365,471
233800901,93.0733,48.2018,563,22939,0.0442765,0.03,1,3187963,3187400,563
233803821,61.2293,103.881,462,23031,0.0357106,0.01,1,3188003,3187541,462
233806741,45.4917,65.5523,457,23123,0.0442842,0,1,3188038,3187581,457
233809661,28.9967,46.6209,441,23215,0.0477137,0.05,1,3188056,3187615,441
233812581,94.3987,29.4484,561,23306,0.0250855,0.03,1,3188194,3187633,561
233815501,57.5595,93.3794,458,23397,0.0100342,0,1,3188227,3187769,458
233818421,42.2238,58.9517,454,23488,0.0220137,0.05,1,3188259,3187805,454
233821341,94.8895,42.1807,553,23578,0.0388055,0.05,1,3188389,3187836,553
233824261,61.3558,93.0723,465,23668,0.0455222,0.03,1,3188428,3187963,465
233827181,43.7423,61.2289,457,23758,0.0482089,0.05,1,3188460,3188003,457
233830101,28.8969,45.4916,441,23847,0.0252835,0.05,1,3188479,3188038,441
233833021,93.7588,28.9966,560,23936,0.0401134,0.01,1,3188616,3188056,560
233835941,38.7035,94.3987,424,24025,0.0460454,0,1,3188618,3188194,424
233838861,34.6814,57.5595,423,24113,0.0484181,0.03,1,3188650,3188227,423
233841781,32.4726,42.2238,422,24201,0.0493673,0.05,1,3188681,3188259,422
233844701,92.189,94.8895,424,24289,0.0737469,0.05,1,3188813,3188389,424
233847621,59.0756,61.3558,422,24376,0.0594988,0.05,1,3188850,3188428,422
233850541,42.8302,43.7423,422,24463,0.0657995,0.01,1,3188882,3188460,422
233853461,29.1321,28.8969,423,24550,0.0683198,0.05,1,3188902,3188479,423
233859301,38.9811,38.7035,424,24722,0.0961312,0.05,1,3189042,3188618,424
233870981,58.2283,59.0756,422,25063,0.067405,0.07,1,3189272,3188850,422
233873901,43.6913,42.8302,424,25148,0.056962,0.07,1,3189306,3188882,424
233876821,28.8765,29.1321,423,25232,0.0767848,0.13,1,3189325,3188902,423
233879741,96.1506,94.4528,426,25316,0.0727139,0.09,1,3189466,3189040,426
233882661,39.6602,38.9811,426,25400,0.0950856,0.11,1,3189468,3189042,426
233897261,44.0016,56.9153,458,25814,0.209438,0.05,1,3189730,3189272,458
233900181,29.6007,43.1661,444,25896,0.233775,0.09,1,3189750,3189306,444
233941061,84.3092,92.5303,437,27020,0.424817,0.33,1,3190527,3190090,437
233979021,101.022,97.9999,449,28021,0.792896,0.55,2,3191214,3190765,449
233993621,89.9996,87.4342,455,28397,0.909415,0.71,2,3191426,3190971,455
233996541,56.3998,34.9737,489,28472,0.933766,0.71,2,3191460,3190971,489
233999461,46.5599,34.9895,494,28546,0.943506,0.71,2,3191500,3191006,494
234002381,31.224,37.9958,475,28620,0.935403,0.71,2,3191521,3191046,475
234107501,47.3394,56.0524,488,31171,0.934,1,2,3193369,3192881,488
234136701,48.0254,71.8157,508,31844,0.0788739,0.89,1,3193846,3193338,508
234139621,35.4101,47.3263,504,31910,0.0735496,1,1,3193873,3193369,504
234142541,33.9641,39.3305,503,31976,0.0594198,0.97,1,3193906,3193403,503
234145461,29.7856,34.9322,498,32042,0.0537679,0.85,1,3193933,3193435,498
234148381,62.3143,32.5729,551,32108,0.0755072,0.53,1,3194017,3193466,551
234151301,50.1257,78.4292,484,32174,0.0962029,0.35,1,3194059,3193575,484
234154221,38.6503,62.5717,463,32240,0.0804811,0.23,1,3194090,3193627,463
234157141,33.4601,45.4287,459,32306,0.0981925,0.09,1,3194120,3193661,459
234160061,31.984,39.7715,454,32371,0.081277,0.11,1,3194151,3193697,454
234162981,60.7936,33.9086,504,32436,0.0385108,0.11,1,3194231,3193727,504
234165901,46.5174,61.5634,461,32501,0.0454043,0.05,1,3194268,3193807,461
234168821,36.007,48.0254,451,32566,0.0481617,0.07,1,3194297,3193846,451
234171741,33.6028,35.4101,456,32631,0.0492647,0.05,1,3194329,3193873,456
234174661,30.2411,33.9641,451,32696,0.0737059,0.05,1,3194357,3193906,451
234177581,62.4964,29.7856,508,32761,0.0714824,0.09,1,3194441,3193933,508
234186341,33.8318,38.6503,427,32954,0.0974549,0.11,1,3194517,3194090,427
234189261,30.9327,33.4601,426,33018,0.0929819,0.07,1,3194546,3194120,426
234198021,46.3797,46.5174,424,33210,0.0916308,0.05,1,3194692,3194268,424
234203861,34.7808,33.6028,426,33338,0.0998609,0.09,1,3194755,3194329,426
234227221,59.0336,58.9492,426,33842,0.240247,0.07,1,3195080,3194654,426
234230141,45.8134,46.3797,425,33904,0.270099,0.13,1,3195117,3194692,425
234233061,36.3254,35.9519,426,33966,0.28204,0.09,1,3195147,3194721,426
234235981,34.9302,34.7808,426,34028,0.298816,0.15,1,3195181,3194755,426
234250581,34.5068,28.2499,462,34338,0.406461,0.21,1,3195371,3194909,462
234253501,32.4027,31.1,460,34400,0.444585,0.17,1,3195402,3194942,460
234326501,59.6693,60.4032,455,35903,0.761996,0.65,2,3196411,3195956,455
234332341,37.8671,38.2245,454,36021,0.759119,0.65,2,3196481,3196027,454
234335261,37.3468,37.4898,454,36080,0.777648,0.67,2,3196518,3196064,454
234338181,32.9387,32.3959,455,36139,0.785059,0.73,2,3196548,3196093,455
234346941,37.1241,36.8013,458,36313,0.902004,0.75,2,3196684,3196226,458
234349861,38.2496,37.5205,459,36371,0.930802,0.75,2,3196723,3196264,459
234352781,16.4999,16.2082,459,36429,0.942321,0.75,2,3196725,3196266,459
234355701,25.7999,25.6833,459,36487,0.946928,0.75,2,3196757,3196298,459
234571781,30.4633,33.9751,507,40547,0.93568,1,2,3199613,3199106,507
234577621,35.1141,33.756,512,40651,0.779709,1,2,3199685,3199173,512
234598061,60.9536,34.091,555,41015,0.408644,1,1,3199966,3199411,555
234606821,34.285,33.6458,507,41168,0.275513,0.94,1,3200056,3199549,507
234609741,25.714,35.6583,490,41219,0.260205,0.92,1,3200076,3199586,490
234612661,28.2856,30.4633,493,41270,0.242082,0.8,1,3200106,3199613,493
234618501,33.8057,35.1141,492,41372,0.205533,0.69,1,3200177,3199685,492
234633101,26.2422,36.71,447,41627,0.206517,0.51,1,3200302,3199855,447
234644781,29.3902,31.7126,434,41831,0.224887,0.25,1,3200454,3200020,434
234647701,33.9561,34.285,435,41881,0.239955,0.25,1,3200491,3200056,435
234650621,24.9824,25.714,434,41931,0.257982,0.23,1,3200510,3200076,434
234653541,27.393,28.2856,433,41981,0.289193,0.17,1,3200539,3200106,433
234656461,32.5572,33.5142,432,42031,0.289677,0.21,1,3200575,3200143,432
234668141,29.0431,29.7636,430,42231,0.424008,0.17,1,3200695,3200265,430
234671061,12.8172,13.1054,430,42281,0.439603,0.23,1,3200697,3200267,430
234673981,25.5269,26.2422,429,42331,0.445841,0.15,1,3200731,3200302,429
234752821,13.191,29.5053,453,43658,0.761422,0.61,2,3201590,3201137,453
234755741,28.0764,13.0021,489,43706,0.766569,0.67,2,3201628,3201139,489
234761581,58.1322,26.3203,532,43802,0.759851,0.63,2,3201733,3201201,532
234764501,41.8529,56.7281,486,43850,0.77794,0.69,2,3201764,3201278,486
234767421,29.9412,40.6913,478,43898,0.785176,0.71,2,3201786,3201308,478
234796621,27.053,13.191,495,44378,0.900924,0.77,2,3202085,3201590,495
234799541,26.4212,28.0764,483,44426,0.90637,0.73,2,3202111,3201628,483
234802461,11.7685,26.8306,459,44473,0.908548,0.77,2,3202113,3201654,459
234954301,34.7212,31.0454,520,46873,0.900883,1,2,3203811,3203291,520
234963061,34.3102,31.7709,520,47008,0.751496,1,2,3203912,3203392,520
234977661,24.6854,27.8188,505,47233,0.271283,0.98,1,3204054,3203549,505
234980581,27.2742,26.1275,509,47278,0.294513,1,1,3204083,3203574,509
234983501,36.7097,35.051,511,47323,0.219805,1,1,3204126,3203615,511
234995181,26.6582,31.0077,469,47501,0.096011,0.97,1,3204210,3203741,469
234998101,29.2633,32.8031,466,47545,0.0804044,0.85,1,3204241,3203775,466
235001021,33.9053,34.7212,467,47589,0.0381618,0.89,1,3204278,3203811,467
235003941,29.1621,33.6885,460,47633,0.0332647,0.81,1,3204304,3203844,460
235006861,29.6648,33.2754,457,47677,0.0313059,0.69,1,3204334,3203877,457
235009781,31.6659,34.3102,455,47721,0.0545224,0.47,1,3204367,3203912,455
235012701,22.2664,30.5241,443,47765,0.0638089,0.37,1,3204383,3203940,443
235015621,29.3066,33.2096,442,47809,0.0435236,0.31,1,3204417,3203975,442
235018541,26.7226,31.2838,437,47853,0.0954094,0.31,1,3204442,3204005,437
235041901,25.4742,26.6582,424,48205,0.217801,0.07,1,3204634,3204210,424
235044821,28.7897,29.2633,424,48249,0.23712,0.01,1,3204665,3204241,424
235047741,32.5159,33.9053,422,48293,0.208848,0.03,1,3204700,3204278,422
235050661,29.2063,29.1621,423,48337,0.209539,0.03,1,3204727,3204304,423
235053581,30.2825,29.6648,424,48381,0.245816,0.07,1,3204758,3204334,424
235056501,31.313,31.6659,423,48425,0.236326,0.07,1,3204790,3204367,423
235059421,22.1252,22.2664,423,48469,0.244531,0.03,1,3204806,3204383,423
235062341,31.0501,29.3066,426,48512,0.235812,0.13,1,3204843,3204417,426
235065261,28.62,26.7226,428,48555,0.244325,0.13,1,3204870,3204442,428
235068181,25.848,26.289,426,48598,0.24773,0.15,1,3204894,3204468,426
235071101,24.7392,23.1156,429,48641,0.285092,0.11,1,3204918,3204489,429
235103221,32.5132,30.1954,465,49114,0.42828,0.23,1,3205223,3204758,465
235123661,35.4623,26.6955,477,49415,0.43806,0.33,1,3205423,3204946,477
235126581,29.7849,34.0782,464,49458,0.433224,0.35,1,3205449,3204985,464
235129501,14.314,29.2313,442,49501,0.44329,0.35,1,3205453,3205011,442
235132421,16.5256,14.0925,456,49544,0.447316,0.35,1,3205471,3205015,456
235135341,27.0102,16.437,472,49587,0.424926,0.37,1,3205505,3205033,472
235138261,30.0041,25.7748,472,49629,0.415971,0.37,1,3205537,3205065,472
235141181,30.0016,30.1099,469,49671,0.424388,0.39,1,3205567,3205098,469
235144101,28.8007,30.644,466,49713,0.439755,0.37,1,3205595,3205129,466
235217101,27.9263,27.3738,455,50763,0.785832,0.69,2,3206280,3205825,455
235243381,28.1217,26.6822,458,51132,0.921926,0.73,2,3206497,3206039,458
235246301,35.8487,34.6729,459,51173,0.93877,0.75,2,3206538,3206079,459
235503261,200.37,218.232,480,24820,0.2836,1,1,3209099,3208619,480
235512021,74.7917,80.0869,490,25075,0.0476704,0.57,1,3209296,3208806,490
235514941,50.9167,67.4347,466,25160,0.0490682,0.35,1,3209331,3208865,466
235517861,53.9667,68.9739,452,25244,0.0856273,0.31,1,3209387,3208935,452
235526621,38.2059,34.7503,453,25495,0.0978801,0.09,1,3209476,3209023,453
235558741,68.6433,71.8582,492,26396,0.218411,0.11,1,3210143,3209651,492
235561661,50.8573,69.5433,463,26476,0.249364,0.13,1,3210182,3209719,463
235564581,54.5429,49.4173,484,26556,0.273746,0.17,1,3210239,3209755,484
235567501,38.6172,53.9669,455,26636,0.283498,0.13,1,3210267,3209812,455
235570421,23.8469,38.3868,441,26716,0.287399,0.13,1,3210281,3209840,441
235573341,38.3387,23.7547,475,26795,0.28896,0.13,1,3210329,3209854,475
235585021,63.0791,68.6433,434,27110,0.409877,0.27,1,3210577,3210143,434
235637581,68.1629,21.8249,525,28484,0.757642,0.71,2,3211474,3210949,525
235640501,51.2652,51.33,494,28558,0.789057,0.67,2,3211514,3211020,494
235649261,24.593,38.3971,468,28780,0.91714,0.67,2,3211616,3211148,468
235652181,41.0372,23.7588,506,28854,0.936856,0.69,2,3211668,3211162,506
235655101,84.8149,40.1035,569,28927,0.944742,0.73,2,3211782,3211213,569
235658021,35.1259,83.2414,459,29000,0.947897,0.73,2,3211784,3211325,459
235660941,56.0504,34.4966,527,29073,0.949159,0.75,2,3211854,3211327,527
235795261,33.6985,36.6001,509,32252,0.795563,1,2,3214054,3213545,509
235806941,64.2275,42.8938,552,32513,0.0994224,0.92,1,3214314,3213762,552
235809861,47.291,62.7575,512,32578,0.069769,1,1,3214350,3213838,512
235812781,41.1164,50.303,507,32643,0.0459076,0.95,1,3214387,3213880,507
235815701,32.0466,44.7212,492,32708,0.036363,0.82,1,3214413,3213921,492
235818621,14.0186,35.2885,465,32773,0.0325452,0.79,1,3214415,3213950,465
235821541,23.6074,35.1154,460,32838,0.0190181,0.79,1,3214445,3213985,460
235824461,28.643,36.2462,455,32902,0.0256072,0.79,1,3214477,3214022,455
235827381,31.8572,33.6985,457,32966,0.0402429,0.39,1,3214511,3214054,457
235830301,63.7429,74.6794,440,33030,0.0580972,0.23,1,3214596,3214156,440
235833221,42.8972,55.6718,426,33094,0.0532389,0.05,1,3214625,3214199,426
235836141,38.7589,45.0687,424,33158,0.0632955,0.05,1,3214661,3214237,424
235839061,61.7035,64.2275,424,33222,0.0433182,0.05,1,3214738,3214314,424
235841981,46.2814,47.291,424,33286,0.0233273,0.03,1,3214774,3214350,424
235844901,40.1126,41.1164,423,33350,0.0393309,0.03,1,3214810,3214387,423
235847821,32.245,32.0466,424,33413,0.0337324,0.03,1,3214837,3214413,424
235850741,14.098,14.0186,424,33476,0.0314929,0.01,1,3214839,3214415,424
235853661,22.4392,23.6074,422,33539,0.0425972,0.03,1,3214867,3214445,422
235856581,28.1757,28.643,422,33602,0.0230389,0.05,1,3214899,3214477,422
235859501,31.6703,31.8572,422,33665,0.0392155,0.07,1,3214933,3214511,422
235862421,64.2681,63.7429,423,33728,0.0696862,0.05,1,3215019,3214596,423
235868261,37.8829,38.7589,422,33854,0.0963498,0.03,1,3215083,3214661,422
235874101,47.5813,46.2814,425,33978,0.076616,0.05,1,3215199,3214774,425
235877021,38.8325,40.1126,422,34040,0.0606464,0.03,1,3215232,3214810,422
235879941,31.733,32.245,422,34102,0.0542586,0.03,1,3215259,3214837,422
235882861,13.8932,14.098,422,34164,0.0517034,0.05,1,3215261,3214839,422
235885781,22.3573,22.4392,422,34226,0.0626814,0.05,1,3215289,3214867,422
235888701,27.5429,8.97568,453,34288,0.0430725,0.01,1,3215320,3214867,453
235891621,31.4172,22.7903,455,34350,0.035229,0.05,1,3215354,3214899,455
235894541,65.3669,29.5161,509,34412,0.0800916,0.09,1,3215442,3214933,509
235912061,30.7447,38.8237,449,34778,0.237028,0.05,1,3215681,3215232,449
235914981,13.4979,31.7295,424,34839,0.256811,0.05,1,3215683,3215259,424
235917901,21.5991,13.8918,449,34900,0.276724,0.07,1,3215710,3215261,449
235920821,27.8397,22.3567,453,34961,0.21269,0.03,1,3215742,3215289,453
235952941,25.358,21.5991,461,35620,0.21275,0.17,1,3216171,3215710,461
235955861,30.5432,27.8397,463,35679,0.2351,0.17,1,3216205,3215742,463
235958781,13.4173,31.5359,431,35738,0.24404,0.13,1,3216207,3215776,431
235961701,58.7669,67.8143,428,35797,0.283616,0.11,1,3216296,3215868,428
235964621,42.7068,46.9257,427,35856,0.275446,0.11,1,3216328,3215901,427
235967541,36.2827,37.9703,427,35915,0.284179,0.13,1,3216360,3215933,427
235987981,25.9068,25.358,433,36325,0.406007,0.25,1,3216604,3216171,433
235990901,31.3627,30.5432,434,36383,0.408403,0.25,1,3216639,3216205,434
235993821,13.7451,13.4173,434,36441,0.409361,0.31,1,3216641,3216207,434
236043461,49.5001,66.0112,484,37416,0.79745,0.61,2,3217370,3216886,484
236066821,61.6334,14.024,547,37864,0.916513,0.71,2,3217630,3217083,547
236069741,46.8534,61.4096,491,37920,0.912605,0.69,2,3217667,3217176,491
236072661,39.1413,45.5638,490,37976,0.947042,0.71,2,3217701,3217211,490
236075581,70.8565,38.6255,548,38032,0.936817,0.78,2,3217793,3217245,548
236078501,51.7426,68.2502,499,38088,0.920727,0.83,2,3217832,3217333,499
236081421,41.697,49.5001,497,38143,0.926291,0.85,2,3217867,3217370,497
236084341,37.0788,40.2,497,38198,0.928516,0.85,2,3217901,3217404,497
236087261,16.0315,36.48,465,38253,0.929407,0.85,2,3217903,3217438,465
236090181,23.8126,15.792,492,38308,0.929763,0.87,2,3217932,3217440,492
236093101,27.525,23.1168,494,38363,0.929905,0.85,2,3217962,3217468,494
236221581,34.447,48.2753,501,40715,0.903902,1,2,3219595,3219094,501
236224501,37.1788,37.3101,510,40767,0.913561,1,2,3219634,3219124,510
236230341,56.5886,45.5696,532,40871,0.75457,1,2,3219740,3219208,532
236242021,32.3943,27.2546,516,41078,0.422469,0.96,1,3219857,3219341,516
236250781,26.0252,28.0243,503,41231,0.280238,1,1,3219934,3219431,503
236265381,31.838,37.1788,496,41486,0.0733624,0.81,1,3220130,3219634,496
236268301,50.5352,36.4715,523,41537,0.047345,0.69,1,3220193,3219670,523
236271221,21.4141,56.5886,455,41588,0.036938,0.63,1,3220195,3219740,455
236274141,21.7656,37.0354,453,41639,0.0807752,0.51,1,3220217,3219764,453
236306261,29.4872,31.838,423,42193,0.203398,0.03,1,3220553,3220130,423
236315021,23.5112,21.7656,427,42343,0.202857,0.17,1,3220644,3220217,427
236317941,28.6045,27.3063,428,42393,0.219143,0.11,1,3220676,3220248,428
236320861,24.0418,23.5225,428,42443,0.237657,0.15,1,3220697,3220269,428
236323781,26.4167,25.609,429,42493,0.221063,0.15,1,3220725,3220296,429
236326701,22.5667,22.2436,429,42543,0.238425,0.17,1,3220745,3220316,429
236329621,25.2267,25.6974,428,42593,0.25737,0.15,1,3220772,3220344,428
236332541,24.4907,24.079,429,42643,0.264948,0.23,1,3220796,3220367,429
236335461,46.3963,45.0316,431,42692,0.255979,0.17,1,3220857,3220426,431
236338381,42.5585,42.6126,430,42741,0.288392,0.21,1,3220897,3220467,430
236350061,49.8767,50.1949,430,42937,0.427143,0.19,1,3221047,3220617,430
236405541,26.5553,23.7696,473,43861,0.761152,0.49,2,3221601,3221128,473
236408461,23.2221,26.3079,466,43909,0.754461,0.49,2,3221622,3221156,466
236411381,26.6889,22.5231,475,43957,0.751784,0.53,2,3221651,3221176,475
236414301,25.0755,25.8093,471,44005,0.750714,0.53,2,3221675,3221204,471
236417221,47.8302,24.7237,510,44053,0.762285,0.53,2,3221738,3221228,510
236425981,34.0211,35.8543,483,44197,0.761346,0.59,2,3221846,3221363,483
236428901,31.0085,34.1417,479,44245,0.778539,0.63,2,3221875,3221396,479
236431821,54.4034,29.8567,522,44293,0.797415,0.71,2,3221945,3221423,522
236461021,47.0653,47.8302,458,44766,0.902055,0.71,2,3222196,3221738,458
236463941,45.2261,46.1321,457,44813,0.918822,0.71,2,3222240,3221783,457
236466861,38.4904,37.0528,460,44860,0.901529,0.79,2,3222274,3221814,460
236472701,31.4785,31.0085,461,44954,0.911045,0.81,2,3222336,3221875,461
236475621,55.1914,54.4034,462,45001,0.934418,0.81,2,3222407,3221945,462
236478541,23.2766,22.9614,462,45048,0.943767,0.85,2,3222409,3221947,462
236481461,25.5106,25.3845,462,45095,0.911507,0.83,2,3222436,3221974,462
236487301,14.4017,14.1415,463,45189,0.917441,0.87,2,3222476,3222013,463
236490221,17.7607,17.6566,463,45236,0.936976,0.83,2,3222496,3222033,463
236615781,32.6896,26.8551,519,47198,0.949696,1,2,3223905,3223386,519
236618701,24.4758,25.7421,513,47243,0.937878,1,2,3223924,3223411,513
236621621,18.1903,22.2968,507,47288,0.921151,1,2,3223938,3223431,507
236627461,27.0305,19.8875,520,47378,0.796584,1,2,3223989,3223469,520
236630381,26.4122,25.355,517,47422,0.780634,1,2,3224015,3223498,517
236696081,61.8788,68.362,437,22285,0.0643552,0.03,1,3224842,3224405,437
236699001,58.3515,54.9448,447,22380,0.0317421,0.09,1,3224898,3224451,447
236701921,56.9406,54.3779,449,22475,0.0426968,0.01,1,3224954,3224505,449
236704841,34.1762,38.5512,440,22569,0.0350787,0.13,1,3224973,3224533,440
236716521,55.5661,65.6429,470,22943,0.063826,0.03,1,3225264,3224794,470
236719441,56.4264,55.0572,479,23035,0.0555304,0.01,1,3225321,3224842,479
236722361,56.1706,55.6229,479,23127,0.0762122,0.05,1,3225377,3224898,479
236734041,68.2972,81.7183,485,23492,0.216463,0.15,1,3225644,3225159,485
236736961,52.5189,66.8873,470,23582,0.212585,0.01,1,3225686,3225216,470
236739881,55.8075,55.5549,480,23672,0.211034,0.05,1,3225744,3225264,480
236742801,57.123,56.422,481,23762,0.222414,0.09,1,3225802,3225321,481
236745721,34.8492,56.1688,445,23851,0.250965,0.13,1,3225822,3225377,445
236748641,76.9397,33.2675,532,23940,0.274386,0.17,1,3225927,3225395,532
236751561,31.9759,75.107,431,24029,0.283754,0.23,1,3225929,3225498,431
236769081,35.9332,34.8492,435,24554,0.411199,0.29,1,3226257,3225822,435
236772001,77.9733,76.9397,436,24640,0.44648,0.29,1,3226363,3225927,436
236777841,66.9557,66.7904,436,24812,0.442237,0.31,1,3226455,3226019,436
236780761,62.1823,61.5161,437,24897,0.446895,0.37,1,3226514,3226077,437
236815801,37.1,57.0232,470,25900,0.759311,0.55,2,3227146,3226676,470
236827481,65.8026,66.1446,516,26226,0.912478,0.71,2,3227414,3226898,516
236830401,52.121,62.4578,499,26307,0.946991,0.71,2,3227457,3226958,499
236953041,65.2948,52.9576,537,29499,0.946,1,2,3229717,3229180,537
236961801,35.5949,44.9813,509,29714,0.763984,1,2,3229856,3229347,509
237014361,66.6417,67.4007,450,30971,0.791441,0.55,2,3230708,3230258,450
237037721,45.0368,59.1444,488,31513,0.902962,0.77,2,3231023,3230535,488
237040641,60.6147,42.2578,528,31580,0.931185,0.73,2,3231094,3230566,528
237043561,68.6459,59.5031,531,31647,0.942474,0.83,2,3231168,3230637,531
237046481,44.2584,66.4012,488,31714,0.94699,0.83,2,3231196,3230708,488
237157441,71.4339,67.0188,495,34156,0.934,1,2,3232905,3232410,495
237180801,33.1929,38.9076,505,34648,0.442893,1,1,3233219,3232714,505
237183721,24.0772,32.3631,495,34709,0.423157,1,1,3233237,3232742,495
237189561,69.8523,37.5781,563,34831,0.208105,0.91,1,3233374,3232811,563
237221681,62.8513,36.6309,518,35493,0.206321,0.11,1,3233800,3233282,518
237224601,41.3405,69.8523,453,35553,0.220528,0.13,1,3233827,3233374,453
237227521,28.5362,44.7409,445,35612,0.238211,0.09,1,3233847,3233402,445
237230441,39.6145,31.0964,470,35671,0.269285,0.11,1,3233894,3233424,470
237233361,17.0458,38.8386,428,35730,0.281714,0.17,1,3233896,3233468,428
237236281,44.0183,51.5354,430,35789,0.298686,0.15,1,3233958,3233528,430
237271321,44.1622,44.0183,436,36491,0.43311,0.33,1,3234394,3233958,436
237335561,41.0704,28.4277,500,37744,0.761459,0.63,2,3235221,3234721,500
237338481,17.6282,41.3711,452,37800,0.766584,0.63,2,3235223,3234771,452
237350161,38.5921,40.5199,493,38024,0.921497,0.73,2,3235407,3234914,493
237353081,31.0368,37.808,483,38080,0.938599,0.73,2,3235433,3234950,483
237499081,33.3996,31.9157,505,40759,0.753533,1,2,3237281,3236776,505
237510761,25.6902,25.1002,510,40967,0.446826,1,1,3237393,3236883,510
237516601,45.9904,68.096,506,41070,0.281492,0.98,1,3237515,3237009,506
237519521,32.7962,46.4384,498,41121,0.250597,0.96,1,3237539,3237041,498
237522441,30.5185,32.9754,503,41172,0.202239,0.99,1,3237568,3237065,503
237528281,36.443,33.2361,509,41274,0.0503582,0.93,1,3237641,3237132,509
237531201,36.1772,41.4944,498,41325,0.0261433,0.85,1,3237677,3237179,498
237534121,33.6709,39.9978,491,41376,0.0644573,0.77,1,3237709,3237218,491
237537041,30.2683,33.9991,489,41427,0.0677829,0.71,1,3237737,3237248,489
237539961,23.5073,33.3996,475,41478,0.0451132,0.59,1,3237756,3237281,475
237542881,26.2029,30.1599,475,41529,0.0960453,0.53,1,3237784,3237309,475
237545801,11.6812,30.0639,447,41580,0.0924181,0.45,1,3237786,3237339,447
237554561,59.2836,62.4761,438,41733,0.0896748,0.25,1,3237918,3237480,438
237560401,30.4854,32.7962,432,41835,0.094748,0.17,1,3237971,3237539,432
237575001,35.3032,33.6709,426,42085,0.084807,0.07,1,3238135,3237709,426
237577921,29.1213,30.2683,423,42135,0.0999228,0.03,1,3238160,3237737,423
237601281,30.1824,30.4854,426,42535,0.247388,0.13,1,3238397,3237971,426
237604201,26.4729,26.5941,426,42585,0.260955,0.15,1,3238421,3237995,426
237607121,29.7892,29.2377,427,42635,0.290382,0.13,1,3238453,3238026,427
237612961,33.6863,35.758,424,42733,0.287661,0.07,1,3238524,3238100,424
237618801,29.7498,29.1213,425,42831,0.294426,0.11,1,3238585,3238160,425
237621721,24.4999,23.6485,426,42880,0.29177,0.13,1,3238606,3238180,426
237642161,32.7432,41.6928,456,43223,0.42254,0.29,1,3238831,3238375,456
237645081,27.4973,29.8771,458,43272,0.415016,0.27,1,3238855,3238397,458
237648001,30.1989,26.3508,466,43321,0.412006,0.31,1,3238887,3238421,466
237677201,60.3162,21.488,523,43805,0.413879,0.39,1,3239211,3238688,523
237680121,45.1265,58.3952,475,43853,0.435552,0.39,1,3239246,3238771,475
237729761,28.0248,27.8602,446,44664,0.759389,0.53,2,3239742,3239296,446
237732681,32.2099,30.3441,449,44711,0.765756,0.55,2,3239777,3239328,449
237735601,35.684,34.9376,449,44758,0.768302,0.55,2,3239815,3239366,449
237738521,33.4736,33.1751,449,44805,0.769321,0.57,2,3239847,3239398,449
237744361,29.3558,29.068,450,44899,0.796291,0.57,2,3239908,3239458,450
237764801,58.0491,56.1379,457,45228,0.904104,0.75,2,3240111,3239654,457
237767721,45.4196,44.6551,457,45275,0.943641,0.75,2,3240148,3239691,457
237773561,28.8671,28.0248,460,45369,0.941783,0.77,2,3240202,3239742,460
238042201,177.093,173.403,491,22724,0.255337,0.65,1,3243119,3242628,491
238053881,69.0312,62.0295,477,23095,0.212217,0.21,1,3243353,3242876,477
238056801,70.8125,78.8118,459,23187,0.246887,0.11,1,3243425,3242966,459
238068481,52.5056,59.56,473,23550,0.4376,0.17,1,3243646,3243173,473
238109361,70.3058,67.9051,451,24780,0.789558,0.61,2,3244437,3243986,451
238132721,72.3051,70.3058,461,25457,0.94267,0.83,2,3244898,3244437,461
238135641,64.922,28.1223,521,25540,0.947068,0.87,2,3244958,3244437,521
238138561,55.9688,46.0489,513,25623,0.924827,0.85,2,3245008,3244495,513
238141481,63.1875,48.4196,531,25706,0.903931,0.93,2,3245076,3244545,531
238144401,72.075,58.9678,543,25788,0.931572,0.99,2,3245154,3244611,543
238351721,51.4518,44.4748,498,31080,0.946,1,2,3248888,3248390,498
238363401,46.6532,19.6474,546,31352,0.299882,1,1,3249079,3248533,546
238369241,38.5445,53.1836,503,31486,0.089981,1,1,3249153,3248650,503
238372161,51.4178,41.0734,530,31553,0.0419924,1,1,3249213,3248683,530
238375081,45.7671,43.4294,527,31620,0.046797,1,1,3249255,3248728,527
238378001,53.1069,52.7717,526,31687,0.0247188,1,1,3249313,3248787,526
238380921,45.2427,50.5087,517,31754,0.0158875,0.91,1,3249353,3248836,517
238383841,39.0971,51.4035,500,31821,0.024355,0.81,1,3249388,3248888,500
238386761,46.8388,44.5614,512,31887,0.015742,0.51,1,3249440,3248928,512
238389681,37.3355,56.8246,478,31953,0.0122968,0.39,1,3249471,3248993,478
238392601,34.7342,46.1298,472,32019,0.0229187,0.17,1,3249504,3249032,472
238395521,33.6937,46.6519,458,32085,0.0151675,0.05,1,3249537,3249079,458
238398441,35.6775,40.8608,458,32151,0.024067,0.05,1,3249574,3249116,458
238401361,52.071,38.5443,484,32217,0.0096268,0.01,1,3249637,3249153,484
238404281,46.0284,51.4177,466,32283,0.0698507,0.05,1,3249679,3249213,466
238407201,51.4114,45.7671,479,32349,0.0699403,0.01,1,3249734,3249255,479
238410121,45.7645,53.1068,463,32414,0.0459761,0.01,1,3249776,3249313,463
238413041,38.7058,45.2427,457,32479,0.0963904,0.03,1,3249810,3249353,457
238415961,47.2823,39.0971,475,32544,0.0565562,0.01,1,3249863,3249388,475
238418881,36.9129,46.8388,453,32609,0.0646225,0.01,1,3249893,3249440,453
238421801,33.9652,37.3355,454,32674,0.043849,0.03,1,3249925,3249471,454
238424721,33.9861,34.7342,455,32739,0.0715396,0.01,1,3249959,3249504,455
238427641,14.7944,33.6937,424,32804,0.0586158,0.03,1,3249961,3249537,424
238430561,26.9178,35.6775,422,32868,0.0294463,0,1,3249996,3249574,422
238433481,51.5671,52.071,427,32932,0.0297785,0.11,1,3250064,3249637,427
238439321,48.3307,51.4114,422,33060,0.0707646,0.03,1,3250156,3249734,422
238442241,45.1323,45.7645,423,33124,0.0343058,0.13,1,3250199,3249776,423
238445161,39.0529,38.7058,424,33188,0.0317223,0.03,1,3250234,3249810,424
238448081,46.8212,47.2823,423,33252,0.0426889,0.07,1,3250286,3249863,423
238451001,37.9285,36.9129,425,33316,0.0590756,0.03,1,3250318,3249893,425
238453921,32.5714,33.9652,422,33379,0.0296302,0.09,1,3250347,3249925,422
238456841,34.0286,33.9861,423,33442,0.0298521,0.05,1,3250382,3249959,423
238459761,14.8114,14.7944,423,33505,0.0299408,0.01,1,3250384,3249961,423
238462681,26.3246,26.9178,422,33568,0.0419763,0.03,1,3250418,3249996,422
238465601,51.3298,51.5671,422,33631,0.0227905,0.15,1,3250486,3250064,422
238468521,49.3319,45.8268,428,33694,0.0511162,0.05,1,3250534,3250106,428
238477281,39.3012,39.0529,423,33883,0.0879914,0.05,1,3250657,3250234,423
238480201,46.3205,46.8212,422,33945,0.0771966,0.07,1,3250708,3250286,422
238483121,38.3282,37.9285,423,34007,0.0728786,0.01,1,3250741,3250318,423
238486041,32.1313,32.5714,422,34069,0.0471515,0.03,1,3250769,3250347,422
238488961,33.8525,34.0286,422,34131,0.0368606,0.03,1,3250804,3250382,422
238491881,14.741,14.8114,422,34193,0.0327442,0.05,1,3250806,3250384,422
238494801,26.2964,26.3246,422,34255,0.0190977,0.05,1,3250840,3250418,422
238497721,50.7186,10.5298,489,34317,0.0136391,0.01,1,3250907,3250418,489
238500641,52.0874,45.0119,474,34379,0.0474556,0.07,1,3250960,3250486,474
238503561,48.435,46.8048,472,34441,0.0849823,0.17,1,3251006,3250534,472
238521081,33.5206,32.1209,456,34807,0.0941228,0.03,1,3251225,3250769,456
238524001,14.6082,33.8484,423,34868,0.0796491,0.03,1,3251227,3250804,423
238526921,26.2433,14.7393,455,34929,0.0738596,0.01,1,3251261,3250806,455
238529841,50.6973,26.2957,488,34990,0.0475439,0.01,1,3251328,3250840,488
238532761,53.8789,50.7183,477,35050,0.0490175,0.07,1,3251384,3250907,477
238535681,49.1516,52.0873,470,35110,0.037607,0.11,1,3251430,3250960,470
238538601,44.8606,48.4349,466,35170,0.0210428,0.13,1,3251472,3251006,466
238541521,40.1443,42.774,464,35230,0.0384171,0.15,1,3251509,3251045,464
238544441,45.4577,38.7096,477,35290,0.0453668,0.13,1,3251558,3251081,477
238547361,37.3831,44.8838,460,35350,0.0841467,0.13,1,3251590,3251130,460
238561961,50.4583,26.2433,489,35648,0.0818185,0.03,1,3251750,3251261,489
238564881,21.3833,50.6973,424,35707,0.0507274,0.05,1,3251752,3251328,424
238567801,42.1533,53.8789,424,35766,0.062291,0.03,1,3251808,3251384,424
238570721,43.8613,49.1516,423,35825,0.0669164,0.01,1,3251853,3251430,423
238573641,43.3445,44.8606,424,35884,0.0807666,0.05,1,3251896,3251472,424
238576561,39.5378,40.1443,424,35943,0.0863066,0.05,1,3251933,3251509,424
238585321,32.1464,31.1532,428,36120,0.209284,0.15,1,3252045,3251617,428
238588241,32.6586,31.6613,429,36179,0.221713,0.15,1,3252078,3251649,429
238591161,14.2634,13.8645,429,36237,0.226685,0.17,1,3252080,3251651,429
238594081,23.7054,24.1458,428,36295,0.204674,0.03,1,3252110,3251682,428
238611601,40.7821,39.5378,427,36643,0.209606,0.11,1,3252360,3251933,427
238614521,48.1128,46.4151,429,36701,0.245842,0.23,1,3252413,3251984,429
238655401,34.292,39.9819,465,37499,0.415387,0.33,1,3252913,3252448,465
238658321,33.5168,32.7928,470,37555,0.424155,0.31,1,3252946,3252476,470
238661241,14.6067,32.9171,439,37611,0.427662,0.31,1,3252948,3252509,439
238728401,34.8781,34.9558,450,38883,0.759732,0.55,2,3253805,3253355,450
238731321,34.9512,34.9823,450,38937,0.789893,0.55,2,3253840,3253390,450
238737161,24.6722,24.0772,451,39045,0.794783,0.59,2,3253873,3253422,451
238754681,19.6071,19.7364,453,39369,0.903922,0.67,2,3254093,3253640,453
238757601,34.2428,33.0946,455,39423,0.931569,0.69,2,3254137,3253682,455
238921121,29.3154,30.2738,497,42315,0.9148,1,2,3256170,3255673,497
238947401,49.1437,53.1471,481,42763,0.404555,1,1,3256486,3256005,481
238953241,34.983,34.3035,482,42861,0.435529,0.95,1,3256548,3256066,482
238956161,30.7932,40.7214,465,42910,0.444212,0.99,1,3256576,3256111,465
238976601,27.1289,26.0234,478,43253,0.439625,0.55,1,3256764,3256286,478
238979521,31.2515,27.8094,483,43302,0.43385,0.45,1,3256798,3256315,483
238982441,34.7006,33.9237,482,43351,0.43154,0.49,1,3256835,3256353,482
239055441,25.4145,32.3077,453,44552,0.773844,0.61,2,3257612,3257159,453
239058361,22.1658,25.5231,452,44599,0.783538,0.63,2,3257632,3257180,452
239084641,34.1249,33.319,459,45022,0.91647,0.75,2,3257963,3257504,459
239087561,24.45,24.1276,459,45069,0.924588,0.75,2,3257981,3257522,459
239338681,88.5275,90.6707,490,24897,0.922,1,2,3261831,3261341,490
239344521,70.6844,67.3073,498,25067,0.93352,1,2,3261957,3261459,498
239347441,54.6738,59.9229,487,25152,0.907408,1,2,3262001,3261514,487
239350361,43.4695,46.1692,486,25236,0.908963,1,2,3262037,3261551,486
239359121,71.83,69.8188,496,25487,0.765934,1,2,3262226,3261730,496
239402921,48.18,49.448,496,26708,0.777551,0.61,2,3263053,3262557,496
239423361,41.2731,42.3752,456,27258,0.912761,0.75,2,3263407,3262951,456
239426281,50.7092,49.9501,458,27336,0.935105,0.81,2,3263464,3263006,458
239519721,38.4143,43.9848,513,29714,0.9352,1,2,3265159,3264646,513
239522641,45.3657,31.9939,539,29785,0.90808,1,2,3265209,3264670,539
239531401,33.6954,41.0476,494,29998,0.761557,1,2,3265310,3264816,494
239540161,74.8525,74.099,488,30209,0.41762,1,1,3265501,3265013,488
239548921,34.8386,38.4143,472,30419,0.409048,0.89,1,3265631,3265159,472
239551841,37.9354,45.3657,462,30489,0.409619,0.79,1,3265671,3265209,462
239554761,36.7742,40.3463,461,30558,0.445848,0.79,1,3265707,3265246,461
239557681,31.5097,34.7385,458,30627,0.424339,0.73,1,3265735,3265277,458
239560601,28.8039,33.6954,452,30696,0.439736,0.63,1,3265762,3265310,452
239621921,40.0783,28.8073,498,32112,0.757608,0.57,2,3266702,3266204,498
239624841,43.6313,39.1229,498,32178,0.765043,0.63,2,3266748,3266250,498
239627761,73.2525,43.2492,545,32244,0.792017,0.71,2,3266841,3266296,545
239636521,36.0322,44.9119,485,32440,0.920689,0.69,2,3266974,3266489,485
239750401,33.1695,39.8118,497,34892,0.946,1,2,3268611,3268114,497
239770841,45.9738,39.9933,518,35313,0.413442,1,1,3268958,3268440,518
239802961,31.0209,33.9346,446,35966,0.416817,0.33,1,3269350,3268904,446
239805881,40.6083,45.9738,439,36025,0.436727,0.31,1,3269397,3268958,439
239808801,34.8433,35.7895,441,36084,0.444691,0.35,1,3269428,3268987,441
239881801,34.1575,34.7876,484,37520,0.773001,0.63,2,3270356,3269872,484
239884721,35.863,34.315,487,37576,0.795201,0.63,2,3270393,3269906,487
239887641,28.7452,35.326,475,37632,0.78008,0.63,2,3270417,3269942,475
239922681,29.3028,35.863,484,38300,0.914612,0.77,2,3270877,3270393,484
239925601,30.3211,28.7452,491,38355,0.935845,0.83,2,3270908,3270417,491
240048241,62.392,37.4128,560,40603,0.918765,1,2,3272522,3271962,560
240051161,38.7568,62.3651,504,40655,0.919506,1,2,3272545,3272041,504
240054081,29.9027,40.546,502,40707,0.925802,1,2,3272569,3272067,502
240071601,30.7672,33.3506,506,41019,0.770657,1,2,3272750,3272244,506
240118321,31.4188,32.2828,454,41835,0.750938,0.57,2,3273270,3272816,454
240121241,55.7675,58.5131,450,41885,0.762375,0.55,2,3273342,3272892,450
240138761,24.9772,25.8313,451,42185,0.903977,0.61,2,3273544,3273093,451
240141681,26.1909,25.3325,453,42235,0.907591,0.61,2,3273571,3273118,453
240144601,11.6764,11.333,453,42285,0.909036,0.71,2,3273573,3273120,453
240150441,30.4282,29.2933,456,42385,0.905046,0.73,2,3273638,3273182,456
240153361,27.7713,26.1173,458,42435,0.944018,0.73,2,3273664,3273206,458
240156281,29.7085,29.0469,458,42485,0.947607,0.77,2,3273695,3273237,458
240159201,33.4834,31.4188,461,42535,0.949043,0.77,2,3273731,3273270,461
240344621,512.486,539.685,468,18980,0.91,0.83,2,3276278,3275810,468
240347541,249.394,241.074,500,20544,0.91,0.81,2,3276352,3275852,500
240350461,135.158,133.63,497,20647,0.934,0.75,2,3276411,3275914,497
240443901,68.472,49.1285,565,23713,0.9448,1,2,3278579,3278014,565
240446821,57.9888,73.6514,526,23802,0.94792,1,2,3278630,3278104,526
240461421,72.8626,87.4499,474,24244,0.443982,0.99,1,3278940,3278466,474
240467261,65.538,68.472,470,24418,0.257037,0.95,1,3279049,3278579,470
240473101,66.7661,74.1955,456,24591,0.0927259,0.67,1,3279171,3278715,456
240476021,45.9064,52.4782,450,24677,0.0550904,0.67,1,3279203,3278753,450
240478941,38.1626,41.3913,449,24763,0.0760361,0.51,1,3279236,3278787,449
240493541,49.0647,54.4152,424,25188,0.211451,0.05,1,3279520,3279096,424
240496461,64.0259,66.7661,423,25272,0.22258,0.03,1,3279594,3279171,423
240499381,44.2104,45.9064,422,25356,0.251032,0.09,1,3279625,3279203,422
240502301,37.4841,38.1626,422,25440,0.226413,0.09,1,3279658,3279236,422
240505221,57.5937,15.265,493,25523,0.228565,0.15,1,3279729,3279236,493
240508141,71.0375,46.306,506,25606,0.253426,0.17,1,3279809,3279303,506
240511061,44.615,64.7224,456,25689,0.26337,0.19,1,3279836,3279380,456
240513981,61.646,42.689,501,25771,0.267348,0.19,1,3279909,3279408,501
240516901,49.2584,59.0756,472,25853,0.268939,0.23,1,3279950,3279478,472
240528581,58.093,37.4691,503,26179,0.407925,0.23,1,3280161,3279658,503
240531501,73.0372,57.5877,515,26260,0.44517,0.27,1,3280244,3279729,515
240592821,47.72,47.2384,457,27905,0.927192,0.75,2,3281290,3280833,457
240595741,67.688,66.2954,459,27981,0.916877,0.71,2,3281371,3280912,459
240598661,47.4752,48.1181,457,28057,0.924751,0.71,2,3281405,3280948,457
240692101,50.6998,44.5713,488,30378,0.908987,1,2,3283058,3282570,488
240750501,41.525,66.3496,477,31743,0.758946,0.65,2,3283972,3283495,477
240753421,35.81,42.1399,483,31810,0.789578,0.65,2,3284004,3283521,483
240768021,48.0576,57.1099,496,32141,0.903967,0.69,2,3284233,3283737,496
240770941,34.823,47.444,481,32207,0.931587,0.73,2,3284259,3283778,481
240896501,40.7742,45.4117,510,34920,0.946,1,2,3286165,3285655,510
240911101,39.167,40.9914,522,35221,0.78866,1,2,3286383,3285861,522
240946141,36.5423,39.167,458,35935,0.77584,0.65,2,3286841,3286383,458
240951981,30.9268,33.2667,456,36053,0.773334,0.71,2,3286908,3286452,456
240960741,45.4433,46.3611,454,36229,0.756773,0.63,2,3287057,3286603,454
240963661,39.1773,39.5444,454,36287,0.764709,0.63,2,3287092,3286638,454
240992861,47.0138,46.1083,460,36866,0.913272,0.77,2,3287472,3287012,460
240995781,44.6055,45.4433,458,36923,0.923309,0.77,2,3287515,3287057,458
241150541,34.3271,38.9328,482,39842,0.915996,1,2,3289531,3289049,482
241153461,34.1308,32.3731,488,39895,0.948399,1,2,3289565,3289077,488
241156381,38.8523,44.7492,477,39948,0.937359,0.94,2,3289607,3289130,477
241159301,36.5409,40.0997,475,40001,0.908944,1,2,3289642,3289167,475
241173901,31.9985,22.3706,513,40266,0.902463,1,2,3289803,3289290,513
241302381,43.0799,41.2883,488,42510,0.903165,1,2,3291380,3290892,488
241305301,33.432,33.9153,486,42560,0.787266,1,2,3291407,3290921,486
241325741,36.6954,36.4482,480,42905,0.417409,1,1,3291657,3291177,480
241328661,21.2782,27.1793,470,42954,0.448964,0.93,1,3291668,3291198,470
241331581,26.5113,28.8717,470,43003,0.401585,0.93,1,3291698,3291228,470
241337421,29.9218,23.8195,500,43101,0.276654,0.99,1,3291760,3291260,500
241340341,37.1687,28.7278,510,43150,0.200661,0.93,1,3291802,3291292,510
241343261,38.2675,36.0911,508,43199,0.206265,0.87,1,3291841,3291333,508
241352021,27.4811,31.9018,477,43346,0.215041,0.63,1,3291915,3291438,477
241354941,44.5924,30.7607,503,43395,0.296016,0.61,1,3291971,3291468,503
241375381,26.739,26.5112,466,43734,0.414685,0.31,1,3292164,3291698,466
241384141,38.5033,37.1687,470,43878,0.43862,0.21,1,3292272,3291802,470
241387061,25.6013,38.2675,448,43926,0.445448,0.19,1,3292289,3291841,448
241457141,24.4822,24.6708,447,45065,0.761794,0.51,2,3293023,3292576,447
241460061,27.7929,27.8683,447,45112,0.778718,0.51,2,3293053,3292606,447
241462981,25.5171,25.5473,447,45159,0.761487,0.51,2,3293077,3292630,447
241465901,11.4069,11.4189,447,45206,0.754595,0.57,2,3293079,3292632,447
241468821,30.9627,29.1676,450,45253,0.763838,0.63,2,3293123,3292673,450
241489261,26.5081,25.5848,456,45578,0.903934,0.71,2,3293361,3292905,456
241492181,40.6032,39.0339,458,45624,0.919574,0.73,2,3293411,3292953,458
241495101,36.6413,36.0136,458,45670,0.949829,0.77,2,3293445,3292987,458
241500941,24.5826,24.4822,458,45762,0.942773,0.79,2,3293481,3293023,458
241503861,28.433,27.7929,459,45808,0.947109,0.75,2,3293512,3293053,459
241524301,30.753,28.3446,493,46130,0.939242,0.83,2,3293711,3293218,493
241698041,320.201,336.818,480,21900,0.946,1,2,3295583,3295103,480
241700961,170.681,162.927,504,21997,0.9364,0.94,2,3295654,3295150,504
241703881,135.472,119.771,525,22093,0.93256,0.92,2,3295766,3295241,525
241797321,57.6829,72.5833,475,24982,0.9388,1,2,3297812,3297337,475
241803161,51.4693,63.2133,475,25152,0.799408,1,2,3297922,3297447,475
241806081,53.5877,45.6853,496,25236,0.757763,1,2,3297977,3297481,496
241814841,69.7656,70.2679,481,25487,0.760577,1,2,3298155,3297674,481
241817761,80.7062,28.1071,569,25570,0.778231,0.97,2,3298243,3297674,569
241820681,53.2825,71.8429,503,25653,0.785292,0.91,2,3298278,3297775,503
241829441,50.9061,50.3899,514,25900,0.798339,0.73,2,3298436,3297922,514
241832361,47.9624,53.156,505,25982,0.793335,0.73,2,3298482,3297977,505
241835281,44.985,51.8624,497,26064,0.779334,0.75,2,3298525,3298028,497
241852801,50.2486,50.7645,511,26548,0.758557,0.79,2,3298896,3298385,511
241855721,46.4995,50.9058,504,26628,0.777423,0.79,2,3298940,3298436,504
241867401,33.8112,81.8376,457,26945,0.901614,0.71,2,3299161,3298704,457
241870321,33.9245,53.135,457,27024,0.930646,0.75,2,3299195,3298738,457
241873241,52.5698,59.054,459,27102,0.918258,0.75,2,3299260,3298801,459
241876161,48.0279,50.6216,459,27180,0.937303,0.77,2,3299305,3298846,459
241966681,69.5875,41.2441,566,29499,0.9388,1,2,3300948,3300382,566
241969601,91.435,72.2976,579,29571,0.78952,1,2,3301054,3300475,579
241981281,25.7983,34.6876,505,29856,0.43114,1,1,3301165,3300660,505
241992961,40.702,43.4688,479,30139,0.0808772,0.93,1,3301340,3300861,479
241995881,60.0808,69.5875,465,30209,0.0503509,0.69,1,3301413,3300948,465
241998801,80.4323,91.435,453,30279,0.0741403,0.57,1,3301507,3301054,453
242001721,48.3729,53.974,451,30349,0.0956561,0.49,1,3301534,3301083,451
242004641,37.9492,41.9896,448,30419,0.0802625,0.45,1,3301565,3301117,448
242007561,27.7797,32.9958,442,30489,0.098105,0.39,1,3301586,3301144,442
242022161,39.1673,40.702,426,30834,0.0945182,0.03,1,3301766,3301340,426
242025081,57.0669,60.0808,422,30903,0.0678073,0.09,1,3301835,3301413,422
242036761,27.5153,27.7797,425,31175,0.209528,0.11,1,3302011,3301586,425
242039681,21.8061,21.9119,425,31243,0.245811,0.11,1,3302029,3301604,425
242042601,28.5225,27.3647,427,31311,0.284324,0.11,1,3302062,3301635,427
242045521,32.409,10.9459,462,31379,0.26373,0.15,1,3302097,3301635,462
242048441,51.3636,25.9784,490,31446,0.279492,0.13,1,3302161,3301671,490
242051361,36.7454,48.7913,453,31513,0.297797,0.07,1,3302188,3301735,453
242054281,57.8982,38.1165,494,31580,0.269119,0.05,1,3302260,3301766,494
242057201,81.9593,56.6466,523,31647,0.245647,0.13,1,3302358,3301835,523
242060121,50.1837,80.2586,456,31714,0.272259,0.15,1,3302387,3301931,456
242063041,40.4735,48.9035,462,31781,0.282904,0.21,1,3302421,3301959,462
242065961,28.7894,38.7614,451,31848,0.275161,0.23,1,3302442,3301991,451
242068881,22.9158,27.5046,450,31914,0.260065,0.27,1,3302461,3302011,450
242071801,30.1663,21.8018,467,31980,0.266026,0.31,1,3302496,3302029,467
242074721,32.4665,28.5207,468,32046,0.26841,0.25,1,3302530,3302062,468
242077641,52.5866,32.4083,499,32112,0.257364,0.29,1,3302596,3302097,499
242080561,37.8346,51.3633,463,32178,0.264946,0.31,1,3302624,3302161,463
242083481,55.3339,36.7453,503,32244,0.279978,0.25,1,3302691,3302188,503
242095161,27.9125,40.4735,453,32505,0.403599,0.27,1,3302874,3302421,453
242098081,23.165,28.7894,452,32570,0.41944,0.25,1,3302894,3302442,452
242101001,30.866,22.9158,469,32635,0.449776,0.27,1,3302930,3302461,469
242150641,83.0687,81.2585,449,33720,0.785629,0.63,2,3303678,3303229,449
242153561,55.4275,53.5034,451,33783,0.788252,0.61,2,3303715,3303264,451
242174001,22.245,22.1987,456,34218,0.929868,0.73,2,3303933,3303477,456
242176921,26.298,8.87947,485,34280,0.929947,0.77,2,3303962,3303477,485
242179841,51.3192,20.3518,525,34342,0.941979,0.75,2,3304030,3303505,525
242317081,39.0055,34.6121,500,37123,0.925416,1,2,3305975,3305475,500
242325841,36.4084,35.0232,510,37294,0.776587,1,2,3306122,3305612,510
242328761,24.7633,30.8093,499,37351,0.760635,1,2,3306139,3305640,499
242375481,49.3559,34.0329,512,38245,0.756616,0.63,2,3306758,3306246,512
242378401,37.1424,49.0131,482,38300,0.752646,0.63,2,3306787,3306305,482
242381321,25.6569,37.0053,471,38355,0.751058,0.67,2,3306805,3306334,471
242384241,43.8628,25.6021,509,38410,0.786423,0.63,2,3306861,3306352,509
242395921,17.3757,39.8954,456,38630,0.902612,0.67,2,3307003,3306547,456
242398841,26.1503,35.7582,455,38685,0.907045,0.69,2,3307035,3306580,455
242401761,22.4601,23.9033,459,38740,0.908818,0.73,2,3307055,3306596,459
242407601,38.7536,39.2245,458,38849,0.900211,0.73,2,3307128,3306670,458
242410521,31.7014,31.8898,458,38903,0.918084,0.77,2,3307155,3306697,458
242582801,31.9888,43.5155,458,19642,0.448977,0.55,1,3309531,3309073,458
242585721,82.3955,38.4062,539,19750,0.425591,0.45,1,3309647,3309108,539
242609081,91.192,117.958,518,20594,0.751382,0.59,2,3310307,3309789,518
242612001,68.8768,89.1832,502,20697,0.786553,0.59,2,3310361,3309859,502
242614921,56.9507,66.8733,499,20799,0.788621,0.59,2,3310410,3309911,499
242617841,31.1803,55.5493,465,20901,0.789448,0.61,2,3310424,3309959,465
242629521,84.3566,91.1917,460,21304,0.90365,0.81,2,3310767,3310307,460
242763841,58.9624,56.7715,491,25482,0.922,1,2,3313714,3313223,491
242766761,37.985,22.7086,515,25565,0.9208,1,2,3313738,3313223,515
242772601,70.6376,35.5534,567,25731,0.794128,1,2,3313866,3313299,567
242784281,48.7331,73.6254,504,26059,0.206138,1,1,3314119,3313615,504
242790121,36.1173,58.9401,493,26221,0.062982,0.92,1,3314207,3313714,493
242793041,33.0469,37.976,500,26302,0.0431928,0.97,1,3314238,3313738,500
242795961,63.0188,35.5904,549,26383,0.0352771,0.69,1,3314321,3313772,549
242798881,46.2075,70.6362,490,26463,0.0681108,0.67,1,3314356,3313866,490
242801801,85.683,50.4545,565,26543,0.0692443,0.33,1,3314468,3313903,565
242804721,60.6732,97.5818,480,26623,0.0816977,0.21,1,3314512,3314032,480
242807641,44.6693,70.8327,461,26703,0.0746791,0.13,1,3314546,3314085,461
242810561,56.2677,48.7331,491,26782,0.0478716,0.05,1,3314610,3314119,491
242813481,33.3071,60.2932,441,26861,0.0371487,0.03,1,3314628,3314187,441
242816401,14.5228,36.1173,423,26940,0.0328595,0.03,1,3314630,3314207,423
242819321,24.4091,33.0469,423,27019,0.0431438,0.03,1,3314661,3314238,423
242822241,60.1637,63.0188,424,27097,0.0472575,0.09,1,3314745,3314321,424
242825161,45.0655,46.2075,424,27175,0.036903,0.07,1,3314780,3314356,424
242828081,85.2262,85.683,424,27253,0.0567612,0.09,1,3314892,3314468,424
242863121,55.3868,55.3505,428,28171,0.212357,0.19,1,3315461,3315033,428
242866041,34.7547,34.1402,429,28246,0.246943,0.15,1,3315482,3315053,429
242868961,15.1019,14.8561,429,28321,0.260777,0.21,1,3315484,3315055,429
242871881,23.4408,22.7424,430,28396,0.230311,0.21,1,3315513,3315083,430
242874801,56.1763,9.09697,508,28471,0.230124,0.11,1,3315591,3315083,508
242877721,44.0705,54.0388,460,28545,0.21805,0.09,1,3315627,3315167,460
242880641,87.2282,42.6155,541,28619,0.26122,0.15,1,3315743,3315202,541
242883561,66.0913,86.0462,478,28693,0.290488,0.21,1,3315795,3315317,478
242892321,36.1018,55.331,453,28914,0.295791,0.27,1,3315914,3315461,453
242895241,15.6407,34.7324,434,28987,0.292317,0.27,1,3315916,3315482,434
242898161,23.6563,15.093,461,29060,0.290927,0.21,1,3315945,3315484,461
242909841,68.7032,87.228,490,29350,0.40388,0.31,1,3316233,3315743,490
242912761,46.6813,66.0912,470,29422,0.443552,0.35,1,3316265,3315795,470
242953641,24.4311,24.8638,447,30414,0.753897,0.55,2,3316830,3316383,447
242956561,59.5724,57.9455,450,30484,0.799559,0.55,2,3316913,3316463,450
242968241,69.6899,68.1602,455,30760,0.910341,0.67,2,3317133,3316678,455
242971161,47.6759,46.4641,456,30829,0.946136,0.77,2,3317166,3316710,456
243108401,33.5595,40.374,498,33903,0.94312,1,2,3319292,3318794,498
243125921,32.6818,18.8608,512,34275,0.440749,1,1,3319569,3319057,512
243128841,38.8727,30.9443,516,34337,0.4103,1,1,3319612,3319096,516
243137601,32.6079,38.7724,499,34521,0.296739,1,1,3319724,3319225,499
243140521,29.8431,37.109,491,34582,0.244696,0.91,1,3319752,3319261,491
243143441,28.1373,33.4436,487,34643,0.271878,0.85,1,3319779,3319292,487
243146361,31.0549,31.9774,489,34704,0.270751,0.75,1,3319812,3319323,489
243149281,69.422,34.991,547,34765,0.234301,0.61,1,3319907,3319360,547
243152201,55.3688,73.3964,494,34826,0.21972,0.57,1,3319953,3319459,494
243155121,43.1475,58.7586,480,34887,0.201888,0.45,1,3319988,3319508,480
243158041,30.459,45.7034,465,34948,0.218755,0.39,1,3320010,3319545,465
243160961,36.7836,32.6814,482,35008,0.213502,0.39,1,3320051,3319569,482
243163881,42.9134,38.8725,486,35068,0.283401,0.33,1,3320098,3319612,486
243166801,36.3654,45.549,468,35128,0.28736,0.27,1,3320130,3319662,468
243169721,31.3462,38.0196,463,35188,0.264944,0.29,1,3320158,3319695,463
243172641,28.7385,32.6078,461,35248,0.291978,0.21,1,3320185,3319724,461
243251481,71.3027,70.4166,452,36833,0.763494,0.67,2,3321234,3320782,452
243254401,58.5211,57.5666,453,36890,0.779398,0.65,2,3321284,3320831,453
243269001,35.8092,35.3607,454,37175,0.904362,0.63,2,3321436,3320982,454
243271921,34.1237,14.1443,487,37232,0.919745,0.69,2,3321469,3320982,487
243274841,30.4495,24.8577,483,37289,0.937898,0.73,2,3321497,3321014,483
243277761,28.9798,26.7431,483,37346,0.945159,0.73,2,3321525,3321042,483
243280681,29.5919,27.4972,485,37403,0.948064,0.71,2,3321555,3321070,485
243283601,35.8368,29.5989,494,37459,0.925225,0.73,2,3321595,3321101,494
243412081,35.2463,34.838,500,39863,0.916,1,2,3323331,3322831,500
243417921,26.5194,28.8541,502,39969,0.90856,1,2,3323385,3322883,502
243429601,23.2389,18.7051,523,40181,0.902475,1,2,3323494,3322971,523
243432521,19.4956,24.282,512,40234,0.91899,1,2,3323511,3322999,512
243435441,61.1982,29.5128,568,40286,0.949596,1,2,3323600,3323032,568
243625241,327.237,333.273,508,18980,0.43,0.97,1,3325916,3325408,508
243631081,142.598,124.124,538,19925,0.094,0.87,1,3326109,3325571,538
243634001,97.2391,113.849,498,20031,0.0556,0.39,1,3326176,3325678,498
243636921,75.4957,102.54,464,20137,0.08824,0.21,1,3326237,3325773,464
243642761,45.1993,58.6464,441,20347,0.0633184,0.05,1,3326321,3325880,441
243645681,70.2797,45.0585,492,20451,0.0253274,0.03,1,3326408,3325916,492
243648601,101.912,60.6234,544,20555,0.0881309,0.03,1,3326531,3325987,544
243654441,69.3459,79.1797,483,20761,0.082501,0.11,1,3326659,3326176,483
243657361,58.9384,68.2719,474,20863,0.0870004,0.13,1,3326711,3326237,474
243666121,57.8201,69.8174,422,21167,0.049248,0.13,1,3326830,3326408,422
243669041,100.528,101.727,428,21267,0.0376992,0.11,1,3326959,3326531,428
243689481,99.7245,100.528,423,21955,0.0923036,0.17,1,3327382,3326959,423
243715761,70.7725,75.4759,490,22810,0.204955,0.17,1,3327940,3327450,490
243718681,60.709,67.9904,481,22903,0.243982,0.15,1,3327994,3327513,481
243721601,45.8836,60.1961,462,22996,0.271593,0.17,1,3328030,3327568,462
243724521,19.5534,45.0785,429,23088,0.282637,0.17,1,3328032,3327603,429
243727441,51.0214,19.2314,499,23180,0.299055,0.17,1,3328104,3327605,499
243736201,72.4814,82.4228,495,23453,0.41826,0.23,1,3328372,3327877,495
243739121,63.1925,70.7691,489,23543,0.449304,0.27,1,3328429,3327940,489
243780001,64.165,64.7779,449,24773,0.761264,0.53,2,3329201,3328752,449
243800441,41.5075,40.4125,459,25366,0.903708,0.79,2,3329580,3329121,459
243803361,65.203,64.165,460,25450,0.919483,0.79,2,3329661,3329201,460
243806281,65.6812,25.666,526,25533,0.925793,0.83,2,3329727,3329201,526
243896801,95.5186,98.2808,483,27989,0.919123,0.96,2,3331481,3330998,483
243902641,53.683,60.9649,480,28140,0.79386,1,2,3331569,3331089,480
243934761,52.5708,65.2288,494,28956,0.201815,0.37,1,3332136,3331642,494
243937681,42.0283,62.0915,469,29029,0.206726,0.23,1,3332171,3331702,469
243946441,26.7378,32.2219,450,29248,0.21507,0.17,1,3332252,3331802,450
243949361,85.6951,26.0887,553,29320,0.284028,0.19,1,3332377,3331824,553
243958121,58.2125,44.3177,496,29536,0.400018,0.21,1,3332516,3332020,496
243961041,54.485,57.9271,481,29608,0.406007,0.21,1,3332568,3332087,481
243963961,42.194,52.5708,466,29679,0.408403,0.21,1,3332602,3332136,466
243966881,37.2776,42.0283,465,29750,0.409361,0.19,1,3332636,3332171,465
243969801,28.111,36.6113,454,29821,0.409744,0.19,1,3332658,3332204,454
243972721,12.4444,27.8445,434,29892,0.409898,0.23,1,3332660,3332226,434
243975641,21.7778,26.7378,436,29963,0.421959,0.33,1,3332688,3332252,436
244016521,59.7809,58.3303,450,30937,0.790395,0.63,2,3333408,3332958,450
244042801,50.8836,55.9026,502,31547,0.915902,0.75,2,3333799,3333297,502
244045721,61.7534,48.761,527,31614,0.924361,0.83,2,3333868,3333341,527
244048641,57.1014,59.7044,514,31681,0.939744,0.81,2,3333922,3333408,514
244051561,44.4405,55.6818,497,31748,0.945898,0.83,2,3333958,3333461,497
244153761,30.1428,23.8101,505,34001,0.908967,1,2,3335493,3334988,505
244159601,63.1429,78.9296,480,34125,0.780235,1,2,3335607,3335127,480
244174201,58.8763,58.5148,530,34435,0.426233,0.98,1,3335831,3335301,530
244188801,26.0391,30.1048,488,34740,0.29608,0.87,1,3335981,3335493,488
244203401,51.3146,34.9768,510,35044,0.408392,0.47,1,3336209,3335699,510
244206321,58.3259,57.1907,501,35104,0.445357,0.37,1,3336272,3335771,501
244209241,43.7303,58.8763,475,35164,0.436143,0.37,1,3336306,3335831,475
244276401,56.434,55.9092,449,36522,0.771745,0.55,2,3337166,3336717,449
244279321,42.9736,41.5637,451,36580,0.794698,0.59,2,3337200,3336749,451
244288081,29.1503,28.5801,453,36754,0.922781,0.67,2,3337295,3336842,453
244291001,26.0601,25.832,453,36811,0.939112,0.69,2,3337319,3336866,453
244422401,47.6045,43.2289,490,39310,0.78328,1,2,3339094,3338604,490
244437001,34.9438,33.3323,490,39579,0.41843,1,1,3339247,3338757,490
244439921,51.1775,54.7329,483,39632,0.233372,1,1,3339309,3338826,483
244442841,36.671,36.2932,486,39685,0.231349,1,1,3339336,3338850,486
244454521,35.806,41.0283,469,39897,0.0639545,0.85,1,3339461,3338992,469
244457441,40.1224,50.0113,456,39950,0.0435818,0.71,1,3339504,3339048,456
244460361,44.249,47.6045,457,40003,0.0234327,0.61,1,3339551,3339094,457
244463281,33.8996,38.2418,452,40056,0.0393731,0.55,1,3339578,3339126,452
244466201,29.7598,31.4967,452,40109,0.0457492,0.55,1,3339605,3339153,452
244469121,25.7039,12.5987,475,40162,0.0482997,0.57,1,3339628,3339153,475
244472041,21.6816,21.8395,466,40215,0.0493199,0.43,1,3339647,3339181,466
244474961,30.8726,24.3358,477,40268,0.0377279,0.37,1,3339684,3339207,477
244477881,45.3491,33.7343,492,40320,0.0450912,0.11,1,3339739,3339247,492
244480801,34.3396,50.6937,457,40372,0.0840365,0.23,1,3339766,3339309,457
244504161,30.7389,33.8993,450,40788,0.0655907,0.05,1,3340028,3339578,450
244507081,26.0956,29.7597,446,40840,0.0562363,0.05,1,3340051,3339605,446
244510001,23.0382,25.7039,444,40892,0.0644945,0.05,1,3340072,3339628,444
244512921,30.8153,21.6816,461,40944,0.0677978,0.03,1,3340108,3339647,461
244515841,45.9261,30.8726,480,40996,0.0811191,0.05,1,3340164,3339684,480
244518761,36.3704,45.349,455,41047,0.0864476,0.11,1,3340194,3339739,455
244545041,26.5594,30.7389,447,41506,0.21393,0.05,1,3340475,3340028,447
244565481,30.8011,29.3393,431,41862,0.200695,0.19,1,3340684,3340253,431
244568401,21.9204,21.3357,431,41912,0.206278,0.19,1,3340700,3340269,431
244571321,35.7682,35.5343,431,41962,0.220511,0.19,1,3340745,3340314,431
244574241,36.5073,36.4137,431,42012,0.214204,0.19,1,3340782,3340351,431
244577161,43.4029,43.3655,431,42062,0.235682,0.19,1,3340830,3340399,431
244580081,32.3612,31.7462,432,42112,0.244273,0.19,1,3340855,3340423,432
244583001,28.5445,28.8985,431,42162,0.223709,0.23,1,3340881,3340450,431
244585921,26.4178,26.5594,431,42212,0.227484,0.19,1,3340906,3340475,431
244588841,11.7671,11.8238,431,42262,0.228993,0.19,1,3340908,3340477,431
244591761,16.7068,16.7295,431,42312,0.229597,0.19,1,3340928,3340497,431
244594681,27.0827,28.2918,429,42362,0.217839,0.13,1,3340962,3340533,429
244597601,44.4331,45.5167,428,42412,0.237136,0.15,1,3341018,3340590,428
244600521,38.1732,38.0067,429,42462,0.280854,0.21,1,3341052,3340623,429
244615121,37.3643,36.5073,432,42711,0.42158,0.25,1,3341214,3340782,432
244682281,40.6067,45.0168,482,43832,0.761425,0.51,2,3341932,3341450,482
244685201,38.4427,39.6067,483,43880,0.77857,0.51,2,3341969,3341486,483
244696881,40.2241,38.4203,491,44072,0.917003,0.62,2,3342107,3341616,491
244699801,49.6897,38.7681,508,44120,0.948801,0.71,2,3342163,3341655,508
244945081,105.401,116.008,479,22093,0.43432,0.81,1,3344850,3344371,479
244948001,83.5603,77.6033,496,22189,0.407728,0.73,1,3344919,3344423,496
244950921,98.2241,104.841,481,22285,0.445091,0.61,1,3345027,3344546,481
244983041,63.4685,37.5094,526,23310,0.773106,0.53,2,3345681,3345155,526
244991801,95.022,64.7526,566,23582,0.924759,0.67,2,3345925,3345359,566
245108601,44.7842,53.827,520,26945,0.9388,1,2,3348226,3347706,520
245131961,56.7487,59.4605,479,27567,0.272574,0.91,1,3348670,3348191,479
245137801,46.1598,55.1137,463,27721,0.205612,0.73,1,3348751,3348288,463
245146561,46.2022,53.1833,445,27949,0.214999,0.43,1,3348903,3348458,445
245149481,63.4809,68.0733,442,28025,0.248,0.27,1,3348978,3348536,442
245152401,40.3924,43.4293,440,28101,0.2252,0.27,1,3349003,3348563,440
245155321,36.5569,41.3717,434,28176,0.24008,0.25,1,3349037,3348603,434
245158241,51.2228,56.7487,428,28251,0.270032,0.15,1,3349098,3348670,428
245161161,40.2891,41.8995,429,28326,0.270013,0.21,1,3349131,3348702,429
245164081,45.5156,46.1598,429,28401,0.270005,0.21,1,3349180,3348751,429
245178681,39.1848,62.7719,454,28772,0.402077,0.21,1,3349432,3348978,454
245181601,37.2739,40.1087,465,28846,0.406831,0.25,1,3349468,3349003,465
245184521,52.7096,36.4435,494,28919,0.432732,0.29,1,3349531,3349037,494
245187441,40.2838,51.1774,465,28992,0.443093,0.27,1,3349563,3349098,465
245222481,22.3381,51.0854,449,29856,0.753702,0.55,2,3350117,3349668,449
245225401,47.3352,58.8342,449,29927,0.799481,0.57,2,3350181,3349732,449
245228321,44.7341,48.7337,450,29998,0.781792,0.61,2,3350224,3349774,450
245231241,65.2936,65.6935,452,30069,0.786717,0.61,2,3350303,3349851,452
245245841,49.7313,48.113,459,30419,0.924885,0.73,2,3350518,3350059,459
245248761,52.8925,52.8452,458,30489,0.915954,0.77,2,3350573,3350115,458
245251681,22.357,22.3381,458,30558,0.936382,0.83,2,3350575,3350117,458
245254601,49.1428,47.3352,461,30627,0.944553,0.77,2,3350642,3350181,461
245377241,34.4725,37.0159,485,33405,0.922,1,2,3352568,3352083,485
245403521,41.0465,41.4531,490,33970,0.935489,1,2,3352990,3352500,490
245482361,42.6175,53.2087,508,35612,0.944799,0.95,2,3354151,3353643,508
245485281,36.847,37.4835,514,35671,0.923919,1,2,3354184,3353670,514
245488201,32.7388,37.1934,507,35730,0.915568,1,2,3354214,3353707,507
245491121,31.0955,45.4774,486,35789,0.924227,1,2,3354244,3353758,486
245496961,35.6953,44.8364,480,35907,0.777876,1,2,3354321,3353841,480
245543681,27.2811,29.2818,445,36838,0.431774,0.57,1,3354928,3354483,445
245546601,50.5125,48.9127,449,36895,0.41871,0.59,1,3354994,3354545,449
245549521,47.205,48.3651,446,36952,0.413484,0.55,1,3355039,3354593,446
245561201,24.1956,25.5597,445,37180,0.417481,0.49,1,3355152,3354707,445
245564121,36.6783,10.2239,490,37237,0.424992,0.59,1,3355197,3354707,490
245622521,46.6,46.1139,496,38355,0.767995,0.59,2,3355974,3355478,496
245625441,34.24,44.2456,479,38410,0.781198,0.63,2,3356000,3355521,479
245628361,26.896,33.8982,474,38465,0.798479,0.63,2,3356022,3355548,474
245660481,48.2126,46.6,461,39065,0.944609,0.79,2,3356435,3355974,461
245800641,31.3526,36.9281,508,41580,0.91476,1,2,3358142,3357634,508
245812321,59.3434,50.9326,496,41784,0.786858,1,2,3358297,3357801,496
245815241,44.7374,44.373,491,41835,0.788743,1,2,3358332,3357841,491
245850281,30.2566,31.3586,463,42435,0.76015,0.75,2,3358682,3358219,463
245853201,57.1026,59.3434,460,42485,0.79006,0.79,2,3358757,3358297,460
245856121,43.241,44.7374,459,42535,0.790024,0.69,2,3358791,3358332,459
245861961,37.8786,39.438,455,42635,0.799604,0.65,2,3358857,3358402,455
245888241,26.797,7.5414,489,43076,0.902637,0.75,2,3359107,3358618,489
245891161,31.1188,21.6166,492,43125,0.919055,0.77,2,3359141,3358649,492
245894081,57.4475,28.4466,534,43174,0.949622,0.81,2,3359216,3358682,534
245897001,43.979,56.3786,494,43223,0.949849,0.79,2,3359251,3358757,494
245899921,31.9916,42.9515,484,43272,0.949939,0.83,2,3359275,3358791,484
246107241,324.714,334.872,491,20440,0.418,0.9,1,3361586,3361095,491
246116001,75.6217,88.1038,460,21469,0.049552,0.03,1,3361798,3361338,460
246118921,75.8487,85.0415,453,21568,0.0258208,0,1,3361874,3361421,453
246121841,84.3395,70.0166,483,21666,0.0283283,0.03,1,3361964,3361481,483
246124761,45.1358,71.8066,429,21764,0.0533313,0.01,1,3361983,3361554,429
246127681,34.8543,37.1227,443,21861,0.0393325,0.05,1,3362011,3361568,443
246130601,72.7417,85.6491,423,21958,0.021733,0.05,1,3362109,3361686,423
246133521,66.2967,70.8596,424,22055,0.0506932,0.01,1,3362171,3361747,424
246136441,57.1187,58.9438,424,22151,0.0262773,0.01,1,3362222,3361798,424
246139361,67.2475,69.1775,422,22247,0.0105109,0.03,1,3362296,3361874,422
246142281,81.499,81.671,423,22342,0.0462044,0.07,1,3362387,3361964,423
246145201,43.9996,44.0684,423,22437,0.0484817,0.03,1,3362406,3361983,423
246148121,33.7998,34.4274,422,22532,0.0733927,0.03,1,3362433,3362011,422
246151041,72.3199,13.7709,520,22626,0.0833571,0.01,1,3362531,3362011,520
246153961,67.928,64.3084,487,22720,0.0873428,0.07,1,3362596,3362109,487
246156881,55.3712,62.9234,472,22813,0.0889371,0.01,1,3362643,3362171,472
246159801,66.5485,55.7693,495,22906,0.0415749,0,1,3362717,3362222,495
246162721,81.8194,66.7077,513,22999,0.0466299,0.07,1,3362809,3362296,513
246165641,43.5278,81.2831,440,23091,0.072652,0.05,1,3362827,3362387,440
246168561,34.8111,43.9132,450,23183,0.0950608,0.09,1,3362856,3362406,450
246186081,44.5723,81.819,443,23726,0.0712892,0.09,1,3363252,3362809,443
246189001,36.4289,43.5276,456,23815,0.0585157,0.11,1,3363283,3362827,456
246191921,74.5716,34.811,527,23904,0.0654063,0.11,1,3363383,3362856,527
246194841,31.0286,73.9244,429,23993,0.0681625,0.15,1,3363385,3362956,429
246197761,52.0115,69.1698,429,24081,0.069265,0.15,1,3363451,3363022,429
246200681,47.8046,54.0679,430,24169,0.057706,0.21,1,3363496,3363066,430
246203601,62.3218,64.8272,430,24257,0.0410824,0.05,1,3363568,3363138,430
246206521,77.7287,82.9309,423,24344,0.034433,0.05,1,3363656,3363233,423
246209441,43.0915,44.5723,424,24431,0.0557732,0.05,1,3363676,3363252,424
246212361,35.8366,36.4289,424,24518,0.0523093,0.07,1,3363707,3363283,424
246215281,74.9346,74.5716,425,24604,0.0749237,0.07,1,3363808,3363383,425
246218201,31.1739,31.0286,425,24690,0.0839695,0.07,1,3363810,3363385,425
246226961,62.1391,62.3218,423,24947,0.215374,0.03,1,3363991,3363568,423
246238641,75.9476,74.9346,424,25285,0.200442,0.09,1,3364232,3363808,424
246241561,31.579,31.1739,424,25369,0.218177,0.15,1,3364234,3363810,424
246244481,53.4316,50.8695,428,25453,0.225271,0.15,1,3364302,3363874,428
246247401,49.5726,20.3478,475,25536,0.240108,0.19,1,3364349,3363874,475
246250321,64.2291,35.1391,504,25619,0.282043,0.25,1,3364423,3363919,504
246262001,78.1131,35.0564,533,25948,0.424772,0.23,1,3364662,3364129,533
246332081,37.2223,37.363,454,27840,0.778835,0.69,2,3365870,3365416,454
246425521,47.3604,55.1249,487,30177,0.928,1,2,3367513,3367026,487
246428441,51.9442,56.25,485,30247,0.9412,1,2,3367568,3367083,485
246431361,75.9777,70.5,497,30317,0.79048,1,2,3367660,3367163,497
246457641,45.7336,51.9442,463,30940,0.299284,0.69,1,3368031,3367568,463
246481001,41.3643,64.0092,464,31482,0.44058,0.33,1,3368376,3367912,464
246483921,41.7457,42.4037,478,31549,0.446232,0.29,1,3368418,3367940,478
246521881,51.3938,69.6793,489,32410,0.769686,0.61,2,3369039,3368550,489
246524801,39.1575,49.4717,484,32475,0.793874,0.69,2,3369070,3368586,484
246568601,63.2703,63.388,462,33438,0.906986,0.81,2,3369708,3369246,462
246571521,26.5081,26.5552,462,33501,0.920794,0.83,2,3369710,3369248,462
246574441,28.6033,29.2221,461,33564,0.938318,0.85,2,3369740,3369279,461
246688321,35.9689,40.0549,485,35940,0.934,1,2,3371425,3370940,485
246705841,46.6553,35.4957,505,36292,0.754056,1,2,3371689,3371184,505
246720441,44.1174,49.4224,482,36582,0.789171,0.89,2,3371880,3371398,482
246723361,33.247,35.9689,481,36640,0.789668,1,2,3371906,3371425,481
246726281,39.6988,42.5876,478,36698,0.753867,0.99,2,3371950,3371472,478
246729201,36.2795,38.035,477,36756,0.787547,1,2,3371984,3371507,477
246743801,39.0729,41.4621,455,37041,0.91464,0.71,2,3372182,3371727,455
246746721,31.8292,34.5848,452,37098,0.911856,0.63,2,3372209,3371757,452
246752561,58.7327,7.69357,539,37212,0.929497,0.77,2,3372305,3371766,539
246755481,44.4931,48.6774,498,37269,0.941799,0.83,2,3372340,3371842,498
246758401,33.3972,42.271,486,37326,0.94672,0.79,2,3372366,3371880,486
246898561,36.7023,50.8002,487,39952,0.92824,1,2,3374212,3373725,487
246901481,44.0809,44.9201,495,40005,0.929296,1,2,3374261,3373766,495
246907321,33.5729,14.1472,533,40111,0.785887,1,2,3374328,3373795,533
246983241,26.3337,37.7078,458,41457,0.404285,0.41,1,3375217,3374759,458
246986161,26.7335,26.4831,466,41508,0.431714,0.35,1,3375244,3374778,466
246989081,11.8934,26.7933,441,41559,0.442686,0.39,1,3375246,3374805,441
246992001,23.9574,30.5173,440,41610,0.423074,0.33,1,3375278,3374838,440
246997841,23.0332,25.8828,437,41712,0.438492,0.31,1,3375328,3374891,437
247000761,30.8133,32.5531,436,41763,0.433397,0.33,1,3375364,3374928,436
247062081,37.4469,37.9764,443,42811,0.754469,0.49,2,3376083,3375640,443
247065001,28.7787,28.3906,444,42860,0.751788,0.49,2,3376106,3375662,444
247067921,27.1115,26.9562,444,42909,0.762715,0.49,2,3376132,3375688,444
247070841,12.0446,11.9825,444,42958,0.767086,0.45,2,3376134,3375690,444
247073761,22.8178,22.793,444,43007,0.756834,0.45,2,3376164,3375720,444
247076681,29.5271,9.1172,478,43056,0.776734,0.57,2,3376198,3375720,478
247079601,23.8109,22.2469,467,43105,0.796694,0.57,2,3376218,3375751,467
247100041,45.8356,33.7839,509,43448,0.925631,0.75,2,3376508,3375999,509
247102961,37.5342,44.1136,490,43497,0.940252,0.77,2,3376540,3376050,490
247298601,26.0674,28.7095,527,46633,0.945939,1,2,3378689,3378162,527
247301521,32.6269,30.6838,532,46678,0.942375,1,2,3378726,3378194,532
247307361,30.1803,29.3894,540,46768,0.93678,1,2,3378788,3378248,540
247310281,27.0721,27.3558,539,46813,0.902712,1,2,3378813,3378274,539
247313201,32.4288,50.5423,509,46858,0.787085,1,2,3378849,3378340,509
247316121,50.1715,40.6169,537,46903,0.752834,1,2,3378911,3378374,537
247345321,30.0172,26.0674,506,47353,0.756435,0.94,2,3379195,3378689,506
247348241,15.0069,32.6269,474,47398,0.752574,1,2,3379200,3378726,474
247354081,25.3211,30.1803,470,47486,0.757612,0.88,2,3379258,3378788,470
247357001,20.3284,27.0721,462,47530,0.777045,0.71,2,3379275,3378813,462
247359921,27.3314,32.4288,458,47574,0.772818,0.73,2,3379307,3378849,458
247362841,47.5326,50.1715,457,47618,0.771127,0.67,2,3379368,3378911,457
247365761,38.213,39.8686,456,47662,0.794451,0.67,2,3379400,3378944,456
247406641,27.8391,27.3314,460,48278,0.941293,0.77,2,3379767,3379307,460
247409561,47.7356,47.5326,460,48322,0.946517,0.81,2,3379828,3379368,460
247662141,63.0631,64.0146,452,24339,0.766215,0.61,2,3382724,3382272,452
247665061,71.4252,71.8058,452,24426,0.792486,0.63,2,3382801,3382349,452
247805221,49.8744,56.7064,477,28289,0.423494,1,1,3385480,3385003,477
247808141,41.5497,43.0826,479,28364,0.247398,1,1,3385516,3385037,479
247816901,54.6912,72.2373,514,28587,0.0799134,0.95,1,3385698,3385184,514
247819821,48.8765,55.2949,515,28661,0.0619654,0.97,1,3385743,3385228,515
247822741,47.1506,49.118,516,28735,0.0547861,0.79,1,3385789,3385273,516
247825661,36.8602,52.6472,491,28809,0.0399145,0.65,1,3385819,3385328,491
247828581,51.9441,43.8589,515,28882,0.0819658,0.45,1,3385881,3385366,515
247831501,39.9776,60.1436,476,28955,0.0987863,0.33,1,3385913,3385437,476
247834421,33.3911,49.8574,462,29028,0.0935145,0.13,1,3385942,3385480,462
247837341,38.5564,41.543,468,29101,0.0914058,0.03,1,3385984,3385516,468
247840261,73.6226,44.8172,518,29174,0.0545623,0.13,1,3386081,3385563,518
247843181,53.449,73.7269,465,29247,0.0998249,0.05,1,3386121,3385656,465
247846101,47.1796,54.6907,466,29319,0.09393,0.05,1,3386164,3385698,466
247854861,53.2755,36.8602,486,29535,0.0988915,0.11,1,3386305,3385819,486
247857781,40.5102,51.9441,456,29607,0.0935566,0.11,1,3386337,3385881,456
247863621,38.0416,33.3911,468,29749,0.0953691,0.09,1,3386410,3385942,468
247866541,72.2167,38.5564,521,29820,0.0921476,0.03,1,3386505,3385984,521
247869461,30.0867,73.6226,426,29891,0.090859,0.13,1,3386507,3386081,426
247878221,44.2375,46.4718,428,30103,0.251335,0.11,1,3386638,3386210,428
247881141,36.295,37.1887,428,30173,0.286534,0.09,1,3386669,3386241,428
247884061,51.718,53.2755,426,30243,0.276614,0.09,1,3386731,3386305,426
247886981,39.8872,40.5102,426,30313,0.296645,0.11,1,3386763,3386337,426
247898661,30.4931,30.0867,428,30591,0.270778,0.17,1,3386935,3386507,428
247901581,38.5972,37.2347,430,30660,0.282311,0.23,1,3386979,3386549,430
247910341,36.7902,36.295,435,30867,0.401348,0.27,1,3387104,3386669,435
247913261,51.9161,51.718,435,30936,0.442539,0.31,1,3387166,3386731,435
247971661,52.8832,39.2305,509,32277,0.760995,0.51,2,3388054,3387545,509
247974581,40.3533,53.4922,478,32343,0.778398,0.51,2,3388086,3387608,478
247977501,39.5413,40.5969,485,32408,0.797359,0.55,2,3388125,3387640,485
248000861,34.1306,37.7081,458,32926,0.905434,0.79,2,3388449,3387991,458
248138101,36.6093,41.6595,489,35820,0.908348,1,2,3390451,3389962,489
248141021,47.6437,52.0638,485,35879,0.909339,1,2,3390506,3390021,485
248149781,45.4572,49.6521,478,36056,0.762598,0.96,2,3390656,3390178,478
248205261,28.9362,29.2554,449,37153,0.761614,0.55,2,3391330,3390881,449
248208181,34.9745,11.7022,488,37210,0.766645,0.57,2,3391369,3390881,488
248211101,45.7898,28.0809,502,37267,0.768658,0.57,2,3391422,3390920,502
248246141,47.1546,34.9743,514,37942,0.904788,0.77,2,3391883,3391369,514
248249061,38.0619,45.7897,493,37998,0.931915,0.83,2,3391915,3391422,493
248409661,49.457,39.2024,526,40944,0.904,1,2,3393998,3393472,526
248415501,36.1131,35.6724,515,41047,0.76024,1,2,3394066,3393551,515
248427181,37.2413,36.3132,519,41251,0.212086,1,1,3394207,3393688,519
248430101,28.6965,34.3253,509,41302,0.0848344,1,1,3394230,3393721,509
248433021,26.4786,29.3301,508,41353,0.0519338,1,1,3394255,3393747,508
248435941,30.9914,32.132,508,41404,0.0387735,1,1,3394289,3393781,508
248438861,43.5966,33.8528,525,41455,0.0455094,1,1,3394341,3393816,525
248441781,32.4386,44.1411,499,41506,0.0182038,1,1,3394366,3393867,499
248444701,29.7755,36.8565,495,41557,0.0492815,1,1,3394394,3393899,495
248447621,23.9102,41.1426,471,41608,0.0197126,0.84,1,3394414,3393943,471
248450541,38.9641,49.457,465,41659,0.025885,0.79,1,3394463,3393998,465
248453461,33.5856,40.7828,460,41710,0.028354,0.71,1,3394493,3394033,460
248456381,28.4343,36.1131,452,41761,0.0413416,0.51,1,3394518,3394066,452
248459301,24.5737,33.6452,442,41812,0.0225366,0.39,1,3394540,3394098,442
248462221,27.2295,33.2581,438,41862,0.0750147,0.29,1,3394569,3394131,438
248465141,30.0918,36.1032,432,41912,0.0840059,0.11,1,3394601,3394169,432
248470981,25.3347,28.6965,422,42012,0.0746409,0.03,1,3394652,3394230,422
248473901,25.1339,26.4786,422,42062,0.0358564,0.03,1,3394677,3394255,422
248476821,30.4536,30.9914,422,42112,0.0563425,0.05,1,3394711,3394289,422
248479741,43.9814,43.5966,423,42162,0.040537,0,1,3394764,3394341,423
248482661,34.9926,32.4386,427,42212,0.0462148,0.07,1,3394793,3394366,427
248485581,28.997,29.7755,424,42262,0.0364859,0,1,3394818,3394394,424
248488501,22.9988,23.9102,423,42312,0.0445944,0.03,1,3394837,3394414,423
248491421,37.9995,38.9641,422,42362,0.0478377,0.03,1,3394885,3394463,422
248494341,33.7998,33.5856,423,42412,0.0491351,0.05,1,3394916,3394493,423
248497261,28.5199,28.4343,423,42462,0.037654,0.01,1,3394941,3394518,423
248500181,24.008,24.5737,422,42512,0.0210616,0.11,1,3394962,3394540,422
248503101,30.0032,27.2295,427,42562,0.0144246,0.09,1,3394996,3394569,427
248506021,30.6013,30.0918,426,42612,0.0597699,0.13,1,3395027,3394601,426
248511861,23.0162,25.3347,422,42711,0.0995632,0.01,1,3395074,3394652,422
248514781,26.0065,25.1339,425,42760,0.0458253,0.07,1,3395102,3394677,425
248517701,29.0026,30.4536,422,42809,0.0483301,0.03,1,3395133,3394711,422
248520621,44.001,43.9814,423,42858,0.025332,0.05,1,3395187,3394764,423
248523541,34.4004,34.9926,422,42907,0.0401328,0.03,1,3395215,3394793,422
248526461,29.3602,28.997,423,42956,0.0220531,0.05,1,3395241,3394818,423
248529381,22.5441,22.9988,422,43005,0.0508213,0.05,1,3395259,3394837,422
248532301,37.2176,9.19952,469,43054,0.0503285,0.05,1,3395306,3394837,469
248535221,34.6871,32.4798,454,43103,0.0861314,0.05,1,3395339,3394885,454
248561501,43.5158,29.0011,475,43544,0.0802121,0.01,1,3395608,3395133,475
248564421,34.2063,44.0005,449,43592,0.0500848,0.05,1,3395636,3395187,449
248567341,29.8825,34.4002,448,43640,0.0380339,0.01,1,3395663,3395215,448
248570261,22.753,29.3601,440,43688,0.0332136,0.07,1,3395681,3395241,440
248573181,38.5012,22.544,471,43736,0.0432854,0.05,1,3395730,3395259,471
248576101,37.0005,37.2176,460,43784,0.0593142,0.11,1,3395766,3395306,460
248579021,29.2002,34.687,451,43832,0.0777257,0.13,1,3395790,3395339,451
248581941,24.2801,28.2748,448,43880,0.0850903,0.13,1,3395811,3395363,448
248634501,29.5951,29.0819,428,44738,0.22616,0.13,1,3396333,3395905,428
248637421,23.838,23.6328,428,44785,0.252464,0.15,1,3396353,3395925,428
248640341,26.9352,25.6531,430,44832,0.286986,0.21,1,3396382,3395952,430
248643261,30.5741,28.8612,432,44879,0.288794,0.21,1,3396415,3395983,432
248678301,30.6453,29.5951,432,45442,0.426281,0.27,1,3396765,3396333,432
248681221,24.8581,23.838,433,45488,0.440512,0.31,1,3396786,3396353,433
248684141,29.7432,26.9352,437,45534,0.446205,0.29,1,3396819,3396382,437
248687061,31.0973,30.5741,436,45580,0.424482,0.35,1,3396851,3396415,436
248771741,29.8255,25.0317,485,46902,0.753588,0.63,2,3397712,3397227,485
248774661,31.1302,29.8127,484,46947,0.763435,0.61,2,3397744,3397260,484
248777581,43.0521,31.7251,502,46992,0.779374,0.63,2,3397795,3397293,502
248795101,16.5294,38.0674,457,47262,0.90518,0.69,2,3397958,3397501,457
248798021,21.0117,16.427,479,47307,0.932072,0.69,2,3397982,3397503,479
248800941,21.6047,20.9708,477,47352,0.942829,0.69,2,3398004,3397527,477
248803861,9.84188,21.5883,457,47397,0.947132,0.73,2,3398006,3397549,457
248998041,166.178,169.687,489,22724,0.9388,1,2,3400058,3399569,489
249141121,50.4641,61.632,484,26915,0.409042,0.33,1,3403030,3402546,484
249146961,71.5543,85.3411,437,27072,0.441047,0.37,1,3403137,3402700,437
249196601,21.6619,21.4654,449,28372,0.7524,0.59,2,3403922,3403473,449
249199521,77.0648,8.58617,563,28447,0.75096,0.67,2,3404036,3403473,563
249202441,59.6259,70.0345,500,28521,0.774384,0.65,2,3404084,3403584,500
249214121,44.2992,39.4105,500,28817,0.916896,0.69,2,3404260,3403760,500
249322161,34.7554,24.3147,533,31419,0.921693,1,2,3406083,3405550,533
249325081,34.3022,39.1259,518,31486,0.938677,1,2,3406117,3405599,518
249342601,55.8153,72.6789,520,31887,0.945565,1,2,3406451,3405931,520
249433121,60.8071,65.028,487,33883,0.94816,1,2,3407844,3407357,487
249450641,32.2585,32.8843,503,34255,0.92534,1,2,3408072,3407569,503
249456481,43.9214,23.2615,549,34379,0.914854,1,2,3408148,3407599,549
249459401,48.1685,59.7046,516,34441,0.923942,0.96,2,3408199,3407683,516
249462321,46.2674,44.2818,527,34502,0.939577,1,2,3408244,3407717,527
249622921,21.2766,32.7109,451,37723,0.403369,0.29,1,3410445,3409994,451
249625841,27.1107,23.8844,464,37779,0.407348,0.31,1,3410476,3410012,464
249628761,31.2443,26.9538,469,37835,0.408939,0.33,1,3410510,3410041,469
249631681,34.0977,30.5815,472,37891,0.445576,0.33,1,3410546,3410074,472
249634601,47.2391,33.2326,493,37947,0.44823,0.31,1,3410602,3410109,493
249690081,30.3606,30.118,451,38991,0.759817,0.65,2,3411289,3410838,451
249693001,34.3443,32.4472,454,39045,0.789927,0.65,2,3411326,3410872,454
249698841,29.8551,28.3516,456,39153,0.794788,0.69,2,3411375,3410919,456
249701761,32.342,31.7406,456,39207,0.791915,0.71,2,3411409,3410953,456
249716361,50.5296,49.9004,457,39477,0.911229,0.75,2,3411613,3411156,457
249722201,40.0047,40.5041,456,39583,0.929397,0.77,2,3411686,3411230,456
249879881,42.5292,35.787,498,42365,0.904,1,2,3413609,3413111,498
249897401,30.1825,26.0063,494,42665,0.754206,1,2,3413805,3413311,494
249914921,31.8716,34.8076,488,42959,0.438417,1,1,3414021,3413533,488
249929521,38.0054,26.4771,510,43204,0.438957,0.89,1,3414174,3413664,510
249932441,35.0022,38.7908,496,43253,0.445583,0.83,1,3414207,3413711,496
249935361,33.2009,34.7163,496,43302,0.448233,0.85,1,3414239,3413743,496
249938281,27.0803,34.8865,484,43351,0.449293,0.69,1,3414262,3413778,484
249979161,26.7761,33.2009,466,44027,0.755794,0.45,2,3414705,3414239,466
249982081,28.7104,27.0803,473,44075,0.764318,0.49,2,3414735,3414262,473
249985001,36.0842,27.0321,487,44123,0.791727,0.51,2,3414776,3414289,487
249990841,37.0935,36.3651,484,44219,0.795076,0.57,2,3414851,3414367,484
250028801,37.3303,36.0842,462,44834,0.925353,0.81,2,3415238,3414776,462
250031721,37.7321,37.2337,462,44881,0.940141,0.79,2,3415276,3414814,462
250244881,168.271,171.434,486,21997,0.249462,0.57,1,3417599,3417113,486
250247801,118.308,124.374,478,22093,0.201785,0.45,1,3417684,3417206,478
250259481,58.9247,80.2912,427,22475,0.0920937,0.11,1,3417913,3417486,427
250262401,42.1699,41.7165,442,22569,0.0908375,0.15,1,3417944,3417502,442
250279921,54.7361,52.8699,482,23127,0.217319,0.05,1,3418334,3417852,482
250282841,41.6944,57.748,454,23219,0.260927,0.09,1,3418367,3417913,454
250285761,70.0778,41.6992,512,23310,0.266371,0.19,1,3418456,3417944,512
250300361,55.6978,52.8353,488,23762,0.41692,0.23,1,3418766,3418278,488
250303281,43.8791,54.7341,468,23851,0.424768,0.29,1,3418802,3418334,468
250335401,66.9262,65.1363,451,24812,0.764493,0.63,2,3419432,3418981,451
250352921,74.3831,74.039,458,25320,0.902822,0.73,2,3419797,3419339,458
250355841,30.9532,30.8156,458,25404,0.907129,0.79,2,3419799,3419341,458
250452201,82.6147,78.7183,496,28025,0.91912,1,2,3421716,3421220,496
250455121,53.4459,45.8873,506,28101,0.913648,1,2,3421750,3421244,506
250469721,43.7338,19.6795,534,28476,0.210121,1,1,3422000,3421466,534
250475561,39.7574,48.8687,522,28624,0.0804193,1,1,3422087,3421565,522
250478481,72.903,47.1475,571,28698,0.0381677,0.87,1,3422182,3421611,571
250481401,47.7612,81.859,497,28772,0.0572671,0.91,1,3422213,3421716,497
250484321,49.1045,53.1436,513,28846,0.0289068,0.73,1,3422263,3421750,513
250487241,46.0418,57.8574,496,28919,0.0535627,0.53,1,3422307,3421811,496
250490161,38.2167,55.543,475,28992,0.0634251,0.45,1,3422340,3421865,475
250493081,47.0867,43.8172,492,29065,0.07937,0.25,1,3422393,3421901,492
250496001,37.4347,55.3269,460,29138,0.097748,0.11,1,3422424,3421964,460
250504761,72.0918,39.7569,517,29355,0.0492159,0.01,1,3422604,3422087,517
250507681,49.2367,72.9028,456,29427,0.0376863,0.07,1,3422638,3422182,456
250510601,48.4947,47.7611,473,29499,0.0570745,0.01,1,3422686,3422213,473
250513521,46.9979,49.1044,469,29571,0.0768298,0.07,1,3422732,3422263,469
250531041,34.1932,39.2295,426,29998,0.238973,0.01,1,3422936,3422510,426
250533961,68.2773,72.0918,423,30069,0.209589,0.03,1,3423027,3422604,423
250560241,35.8163,34.1932,435,30696,0.226731,0.19,1,3423371,3422936,435
250563161,65.3265,68.2773,429,30765,0.276692,0.17,1,3423456,3423027,429
250566081,48.9306,49.5109,430,30834,0.272677,0.15,1,3423494,3423064,430
250569001,47.1722,48.0044,429,30903,0.295071,0.17,1,3423540,3423111,429
250571921,46.4689,47.4017,428,30971,0.280028,0.13,1,3423586,3423158,428
250574841,40.1876,40.5607,428,31039,0.298011,0.13,1,3423622,3423194,428
250583601,17.116,16.8519,428,31243,0.428753,0.21,1,3423712,3423284,428
250650761,66.6559,37.8876,535,32765,0.784843,0.53,2,3424780,3424245,535
250653681,27.8623,67.955,449,32830,0.799937,0.61,2,3424782,3424333,449
250659521,42.978,48.0728,453,32958,0.90439,0.65,2,3424872,3424419,453
250668281,54.1826,52.6127,457,33150,0.938921,0.71,2,3425020,3424563,457
250671201,43.873,43.2451,457,33214,0.921568,0.71,2,3425057,3424600,457
250674121,18.7492,18.498,457,33278,0.914627,0.77,2,3425059,3424602,457
250677041,43.4997,41.5992,460,33342,0.935851,0.75,2,3425119,3424659,460
250679961,38.3999,37.6397,460,33405,0.94434,0.81,2,3425154,3424694,460
250823041,36.2981,37.4825,497,36375,0.933232,1,2,3427248,3426751,497
250843481,41.9752,34.927,507,36781,0.0610014,1,1,3427532,3427025,507
250846401,34.1901,39.7708,493,36838,0.0544006,0.98,1,3427561,3427068,493
250849321,55.076,54.9083,497,36895,0.0277602,1,1,3427630,3427133,497
250852241,44.2304,48.3633,490,36952,0.0651041,1,1,3427667,3427177,490
250858081,29.2769,36.2981,471,37066,0.0956167,0.99,1,3427719,3427248,471
250861001,27.3107,32.5193,467,37123,0.0922467,0.79,1,3427745,3427278,467
250872681,29.8544,36.1269,468,37351,0.0938015,0.29,1,3427872,3427404,468
250875601,40.1417,36.6508,478,37408,0.0675206,0,1,3427919,3427441,478
250878521,38.8567,45.8603,464,37464,0.0450082,0,1,3427957,3427493,464
250881441,31.1427,41.7441,451,37520,0.0480033,0.05,1,3427983,3427532,451
250884361,53.2571,34.0976,490,37576,0.0492013,0.01,1,3428051,3427561,490
250887281,43.5028,55.0391,458,37632,0.0616805,0.09,1,3428088,3427630,458
250890201,35.4011,44.2156,451,37688,0.0306722,0.13,1,3428118,3427667,451
250893121,29.1605,32.6862,451,37744,0.0782689,0.09,1,3428143,3427692,451
250896041,29.0642,29.2745,453,37800,0.0853076,0.09,1,3428172,3427719,453
250898961,30.8257,27.3098,459,37856,0.088123,0.15,1,3428204,3427745,459
250901881,35.7303,30.7239,465,37912,0.0652492,0.13,1,3428243,3427778,465
250913561,37.9851,40.1417,461,38135,0.0484704,0.03,1,3428380,3427919,461
250916481,30.194,38.8567,448,38190,0.0853882,0.05,1,3428405,3427957,448
250919401,52.2776,31.1427,489,38245,0.0641553,0.05,1,3428472,3427983,489
250922321,43.711,53.2571,459,38300,0.0436621,0.07,1,3428510,3428051,459
250925241,36.0844,43.5028,453,38355,0.0174648,0.01,1,3428541,3428088,453
250928161,30.0338,35.4011,449,38410,0.0369859,0.11,1,3428567,3428118,449
250931081,28.8135,29.1605,452,38465,0.0567944,0.09,1,3428595,3428143,452
250934001,33.1254,29.0642,459,38520,0.0767177,0.09,1,3428631,3428172,459
250936921,35.4502,30.8257,464,38575,0.0966871,0.05,1,3428668,3428204,464
250957361,50.7886,52.2776,422,38957,0.200913,0.03,1,3428894,3428472,422
250963201,36.0862,36.0844,423,39065,0.0957461,0.05,1,3428964,3428541,423
250966121,30.6345,30.0338,424,39119,0.0442984,0.07,1,3428991,3428567,424
250969041,29.6538,28.8135,425,39173,0.0357194,0.09,1,3429020,3428595,425
250971961,34.6615,33.1254,427,39227,0.0442877,0.11,1,3429058,3428631,427
250974881,36.0646,35.4502,427,39281,0.0717151,0.11,1,3429095,3428668,427
250977801,15.6258,15.3801,427,39335,0.082686,0.17,1,3429097,3428670,427
250980721,23.6503,22.952,428,39389,0.0510744,0.15,1,3429126,3428698,428
250983641,25.0601,24.1808,429,39443,0.0504298,0.19,1,3429152,3428723,429
250986561,39.4241,39.0723,429,39497,0.0861719,0.19,1,3429201,3428772,429
250989481,36.1696,35.4289,430,39550,0.0884688,0.19,1,3429235,3428805,430
250992401,28.8678,27.9716,431,39603,0.0773875,0.21,1,3429259,3428828,431
251012841,36.8739,36.0646,424,39974,0.221161,0.09,1,3429519,3429095,424
251015761,15.9496,15.6258,424,40027,0.262465,0.03,1,3429521,3429097,424
251018681,23.1798,23.6503,423,40080,0.266986,0.03,1,3429549,3429126,423
251021601,24.8719,9.46013,449,40133,0.268794,0.05,1,3429575,3429126,449
251024521,40.5488,19.3841,474,40186,0.257518,0.11,1,3429626,3429152,474
251027441,36.0195,37.1536,458,40239,0.253007,0.09,1,3429659,3429201,458
251030361,30.0078,35.2614,450,40291,0.287203,0.07,1,3429685,3429235,450
251050801,39.2026,33.6833,473,40655,0.401975,0.25,1,3429953,3429480,473
251053721,16.881,36.8733,436,40707,0.41879,0.29,1,3429955,3429519,436
251056641,23.5524,15.9493,462,40759,0.437516,0.27,1,3429983,3429521,462
251059561,25.021,23.1797,460,40811,0.445006,0.27,1,3430009,3429549,460
251062481,40.0084,24.8719,484,40863,0.448003,0.25,1,3430059,3429575,484
251065401,37.0034,40.5488,468,40915,0.449201,0.25,1,3430094,3429626,468
251109201,27.9605,31.0013,446,41682,0.753749,0.61,2,3430567,3430121,446
251112121,55.5842,53.2005,452,41733,0.7635,0.61,2,3430641,3430189,452
251115041,43.8337,42.8802,452,41784,0.7914,0.61,2,3430677,3430225,452
251147161,28.5823,27.9012,457,42335,0.90567,0.79,2,3430996,3430539,457
251153001,56.7732,55.5842,460,42435,0.916507,0.81,2,3431101,3430641,460
251155921,45.5093,43.8337,462,42485,0.900603,0.81,2,3431139,3430677,462
251158841,35.0037,34.3335,462,42535,0.930241,0.83,2,3431167,3430705,462
251161761,30.2015,29.3334,463,42585,0.930097,0.85,2,3431194,3430731,463
251322361,33.9505,44.0335,487,45228,0.934,1,2,3433007,3432520,487
251325281,43.5802,41.0134,498,45275,0.9316,1,2,3433057,3432559,498
251331121,28.6928,32.6021,492,45369,0.759856,1,2,3433113,3432621,492
251348641,25.3961,25.0471,505,45645,0.443608,1,1,3433313,3432808,505
251351561,22.7584,35.8188,483,45691,0.435443,1,1,3433334,3432851,483
251374921,26.2708,33.9728,482,46059,0.296645,0.71,1,3433572,3433090,482
251383681,29.2093,37.2623,479,46197,0.299065,0.55,1,3433669,3433190,479
251392441,22.3894,34.9768,459,46335,0.40962,0.43,1,3433753,3433294,459
251404121,22.1636,30.281,454,46516,0.426502,0.35,1,3433854,3433400,454
251468361,28.3324,30.5683,448,47503,0.761293,0.55,2,3434490,3434042,448
251471281,34.733,35.0273,449,47547,0.790517,0.53,2,3434529,3434080,449
251485881,23.2958,23.0339,455,47767,0.901711,0.67,2,3434671,3434216,455
251488801,28.5183,28.4136,455,47811,0.906684,0.65,2,3434703,3434248,455
251491721,28.2073,28.7654,454,47855,0.908674,0.63,2,3434731,3434277,454
251497561,30.1932,28.2425,458,47943,0.916988,0.73,2,3434787,3434329,458
251500481,30.6773,29.897,458,47987,0.924795,0.73,2,3434818,3434360,458
251503401,39.2709,38.3588,459,48031,0.927918,0.75,2,3434863,3434404,459
251506321,31.3084,30.9435,459,48075,0.941167,0.75,2,3434889,3434430,459
251732621,326.535,335.181,493,23360,0.418,1,1,3437172,3436679,493
251738461,117.886,111.469,512,23541,0.09688,0.79,1,3437330,3436818,512
251741381,80.1542,93.7876,485,23631,0.068752,0.73,1,3437385,3436900,485
251744301,47.0617,60.915,471,23721,0.0575008,0.51,1,3437410,3436939,471
251747221,59.0247,62.766,474,23810,0.0770003,0.17,1,3437477,3437003,474
251750141,65.0099,66.5064,474,23899,0.0608001,0.07,1,3437546,3437072,474
251753061,44.6039,65.6026,440,23988,0.0663201,0.05,1,3437577,3437137,440
251755981,27.4416,42.441,429,24076,0.044528,0.05,1,3437593,3437164,429
251758901,60.1766,70.3764,422,24164,0.0478112,0.03,1,3437675,3437253,422
251761821,70.8707,74.3506,423,24252,0.0251245,0.05,1,3437753,3437330,423
251764741,62.5483,62.7402,425,24339,0.0640498,0.05,1,3437810,3437385,425
251785181,71.328,70.8421,423,24942,0.0901779,0.09,1,3438176,3437753,423
251788101,65.1312,62.5368,427,25027,0.0540712,0.15,1,3438237,3437810,427
251791021,40.4525,39.4147,427,25112,0.0516285,0.13,1,3438261,3437834,427
251793941,56.981,55.9659,428,25196,0.0866514,0.11,1,3438329,3437901,428
251808541,70.0798,53.448,501,25614,0.0816713,0.07,1,3438598,3438097,501
251811461,64.6319,68.7792,483,25697,0.0506685,0.03,1,3438659,3438176,483
251814381,41.4528,64.1117,448,25779,0.0262674,0.05,1,3438685,3438237,448
251817301,58.5811,40.0447,494,25861,0.076507,0.11,1,3438755,3438261,494
251840661,60.9674,41.4525,496,26509,0.250753,0.11,1,3439181,3438685,496
251893221,62.19,61.1045,447,27912,0.792214,0.57,2,3440064,3439617,447
251931181,57.9912,27.5231,541,28882,0.926918,0.87,2,3440728,3440187,541
251934101,73.5965,56.6093,549,28955,0.916767,0.89,2,3440812,3440263,549
251937021,30.6386,74.2437,465,29028,0.912707,0.89,2,3440814,3440349,465
251939941,51.2554,30.8975,528,29101,0.911083,0.85,2,3440879,3440351,528
251942861,36.1022,51.359,489,29174,0.910433,0.85,2,3440905,3440416,489
252039221,51.2808,77.686,503,31479,0.922,1,2,3442538,3442035,503
252045061,45.1649,32.3498,529,31613,0.77032,1,2,3442614,3442085,529
252050901,51.6264,78.376,505,31747,0.424451,1,1,3442754,3442249,505
252056741,34.9002,35.1002,507,31881,0.265912,1,1,3442814,3442307,507
252059661,24.1601,30.8401,496,31947,0.208365,1,1,3442831,3442335,496
252065501,74.4256,36.2544,571,32079,0.0777384,0.95,1,3442972,3442401,571
252068421,46.5702,75.7018,497,32145,0.0970954,0.89,1,3443000,3442503,497
252074261,37.2112,34.9123,502,32277,0.0839353,0.69,1,3443064,3442562,502
252094701,72.8865,33.064,525,32733,0.203232,0.03,1,3443395,3442870,525
252100541,30.1418,46.5702,427,32862,0.235317,0.11,1,3443427,3443000,427
252103461,25.8567,33.0281,426,32926,0.244127,0.07,1,3443450,3443024,426
252106381,33.7427,37.2112,425,32990,0.247651,0.19,1,3443489,3443064,425
252109301,77.6971,75.4845,431,33054,0.28506,0.15,1,3443596,3443165,431
252126821,72.5473,72.8865,430,33436,0.437908,0.17,1,3443825,3443395,430
252129741,30.2189,30.3546,430,33499,0.433163,0.27,1,3443827,3443397,430
252205661,82.993,34.9471,566,35104,0.764254,0.65,2,3444937,3444371,566
252208581,47.5972,81.7788,477,35164,0.791702,0.65,2,3444961,3444484,477
252214421,33.4155,31.4446,487,35284,0.795072,0.63,2,3445016,3444529,487
252217341,25.3662,33.5778,472,35344,0.792029,0.63,2,3445036,3444564,472
252231941,29.606,33.3899,482,35643,0.909387,0.69,2,3445239,3444757,482
252345821,50.999,27.7704,564,37886,0.769153,1,2,3446803,3446239,564
252404221,52.5715,52.5241,449,38986,0.783107,0.53,2,3447546,3447097,449
252421741,44.6768,44.2114,453,39310,0.920286,0.63,2,3447753,3447300,453
252623221,37.3423,30.9452,501,42858,0.934,1,2,3450227,3449726,501
252681621,119.916,132.971,455,19925,0.0795485,0.01,1,3450982,3450527,455
252684541,98.9665,93.3885,473,20031,0.0378194,0,1,3451067,3450594,473
252687461,77.9866,85.3554,457,20137,0.0211278,0.03,1,3451131,3450674,457
252690381,74.9946,68.9422,472,20242,0.0384511,0.05,1,3451204,3450732,472
252693301,40.1979,58.7769,437,20347,0.0813804,0.05,1,3451221,3450784,437
252696221,76.0791,41.5107,507,20451,0.0505522,0.07,1,3451321,3450814,507
252699141,80.2317,66.4043,507,20555,0.0262209,0.01,1,3451404,3450897,507
252702061,83.0927,77.5617,507,20658,0.0164883,0.01,1,3451489,3450982,507
252704981,71.6371,82.0247,486,20761,0.0125953,0.01,1,3451553,3451067,486
252707901,73.0548,71.2099,496,20863,0.0230381,0.05,1,3451627,3451131,496
252710821,41.2219,72.284,443,20965,0.0272153,0.11,1,3451647,3451204,443
252713741,17.6888,39.1136,428,21066,0.0288861,0.03,1,3451649,3451221,428
252716661,63.4755,75.6454,422,21167,0.0415544,0.01,1,3451743,3451321,422
252719581,75.7902,80.0582,423,21267,0.0166218,0.01,1,3451827,3451404,423
252722501,80.7161,83.0233,422,21367,0.0126487,0.01,1,3451911,3451489,422
252725421,71.2864,71.6093,423,21466,0.0350595,0.03,1,3451976,3451553,423
252728341,72.9146,73.0437,423,21565,0.0920238,0.03,1,3452050,3451627,423
252731261,41.1658,41.2175,423,21663,0.0908095,0.03,1,3452070,3451647,423
252737101,63.4665,63.4748,423,21858,0.0637295,0,1,3452166,3451743,423
252740021,75.1866,75.7899,422,21955,0.0254918,0.01,1,3452249,3451827,422
252742941,80.4746,80.716,422,22052,0.0281967,0.05,1,3452333,3451911,422
252745861,71.1899,71.2864,422,22148,0.0532787,0.13,1,3452398,3451976,422
252748781,75.2759,72.9146,426,22244,0.0513115,0.09,1,3452476,3452050,426
252751701,42.1104,41.1658,426,22339,0.0745246,0.13,1,3452496,3452070,426
252754621,18.0441,17.6663,426,22434,0.0598098,0.03,1,3452498,3452072,426
252757541,61.2177,63.4665,422,22529,0.0779239,0.03,1,3452588,3452166,422
252760461,73.6871,25.3866,504,22623,0.0311696,0,1,3452670,3452166,504
252763381,79.8748,59.9546,505,22717,0.0304678,0.03,1,3452754,3452249,505
252766301,70.9499,74.3819,486,22810,0.0301871,0.07,1,3452819,3452333,486
252769221,76.38,68.7527,501,22903,0.0300749,0.05,1,3452899,3452398,501
252772141,42.552,74.3011,443,22996,0.0300299,0.09,1,3452919,3452476,443
252775061,18.2208,41.7204,425,23088,0.030012,0.05,1,3452921,3452496,425
252777981,61.2883,17.8882,513,23180,0.0660048,0.09,1,3453011,3452498,513
252783821,79.4061,73.6621,505,23362,0.0837608,0.03,1,3453175,3452670,505
252786741,72.5625,79.8648,489,23453,0.0635043,0.03,1,3453243,3452754,489
252789661,75.825,70.9459,502,23543,0.0434017,0.03,1,3453321,3452819,502
252792581,42.33,76.3784,442,23633,0.0353607,0.03,1,3453341,3452899,442
252795501,18.132,42.5513,424,23723,0.0321443,0.03,1,3453343,3452919,424
252798421,63.0528,18.2205,515,23812,0.0668577,0.09,1,3453436,3452921,515
252804261,30.4884,72.5153,427,23990,0.215897,0.07,1,3453518,3453091,427
252813021,72.2473,75.825,423,24254,0.271337,0.03,1,3453744,3453321,423
252815941,40.8989,42.33,423,24341,0.222535,0.03,1,3453764,3453341,423
252818861,17.5596,18.132,423,24428,0.227014,0.09,1,3453766,3453343,423
252824701,79.2495,73.2211,435,24601,0.203122,0.25,1,3453951,3453516,435
252827621,32.8998,30.4884,435,24687,0.207249,0.37,1,3453953,3453518,435
252830541,64.7599,60.7954,440,24773,0.2089,0.35,1,3454039,3453599,440
252833461,66.104,65.1182,439,24859,0.24556,0.23,1,3454106,3453667,439
252836381,67.8416,72.2473,431,24944,0.272224,0.19,1,3454175,3453744,431
252862661,40.285,61.6246,456,25699,0.407878,0.35,1,3454631,3454175,456
252865581,17.314,36.6499,438,25781,0.421151,0.31,1,3454633,3454195,438
252894781,80.1183,63.9253,534,26591,0.762462,0.47,2,3455262,3454728,534
252897701,33.2473,79.5701,446,26671,0.778985,0.47,2,3455264,3454818,446
252903541,70.1196,64.8112,520,26829,0.908238,0.59,2,3455426,3454906,520
252906461,76.6478,67.9245,531,26908,0.945295,0.65,2,3455507,3454976,531
253032021,39.8225,41.3969,492,30104,0.938848,1,2,3457645,3457153,492
253037861,60.4916,71.6635,472,30244,0.924216,1,2,3457782,3457310,472
253049541,29.523,30.817,484,30523,0.781052,0.99,2,3457960,3457476,484
253052461,32.8092,29.7268,490,30592,0.762421,1,2,3457995,3457505,490
253055381,30.5237,32.8907,484,30661,0.778968,1,2,3458024,3457540,484
253058301,56.6095,60.5563,479,30730,0.761587,0.9,2,3458098,3457619,479
253067061,53.279,60.4916,462,30937,0.912022,0.73,2,3458244,3457782,462
253069981,80.1116,84.7966,459,31005,0.910809,0.71,2,3458342,3457883,459
253072901,46.4446,49.5187,457,31073,0.910324,0.73,2,3458366,3457909,457
253075821,34.7779,34.8075,459,31141,0.910129,0.81,2,3458393,3457934,459
253081661,32.3245,32.8092,457,31277,0.917221,0.75,2,3458452,3457995,457
253084581,31.5298,13.1237,488,31345,0.948888,0.79,2,3458483,3457995,488
253221821,44.1025,40.4209,535,34373,0.932847,1,2,3460635,3460100,535
253227661,46.1764,78.3474,514,34496,0.788855,1,2,3460762,3460248,514
253286061,16.1943,38.177,448,35702,0.75892,0.49,2,3461505,3461057,448
253288981,36.4777,44.6708,449,35761,0.789568,0.47,2,3461555,3461106,449
253326941,69.3053,67.3911,463,36522,0.921195,0.83,2,3462106,3461643,463
253329861,44.5221,43.7564,463,36580,0.938478,0.85,2,3462134,3461671,463
253332781,37.6089,37.9026,462,36638,0.933391,0.83,2,3462167,3461705,462
253335701,33.0435,32.561,463,36696,0.943356,0.85,2,3462197,3461734,463
253490461,30.0509,34.2416,489,39632,0.921644,1,2,3464211,3463722,489
253493381,51.6204,53.2966,489,39685,0.782657,1,2,3464277,3463788,489
253519661,25.8005,12.4207,494,40162,0.43922,1,1,3464593,3464099,494
253522581,22.9202,19.9683,490,40215,0.433688,1,1,3464614,3464124,490
253540101,28.8772,35.9487,475,40528,0.416045,0.61,1,3464818,3464343,475
253543021,37.3509,29.9795,492,40580,0.400418,0.55,1,3464861,3464369,492
253545941,61.7404,38.3918,526,40632,0.418167,0.51,1,3464939,3464413,526
253548861,44.4961,63.9567,478,40684,0.425267,0.61,1,3464972,3464494,478
253551781,26.1985,45.3827,459,40736,0.428107,0.45,1,3464986,3464527,459
253595581,25.6468,24.2794,470,41506,0.765853,0.45,2,3465479,3465009,470
253598501,11.4587,25.3118,446,41557,0.780341,0.49,2,3465481,3465035,446
253601421,16.5835,22.1247,446,41608,0.786136,0.47,2,3465501,3465055,446
253624781,65.3342,63.2017,454,42012,0.916349,0.69,2,3465836,3465382,454
253627701,46.5337,44.4807,456,42062,0.92454,0.73,2,3465870,3465414,456
253813121,29.9603,24.2924,528,45161,0.946,1,2,3467978,3467450,528
253859841,305.984,343.317,462,20440,0.4444,0.67,1,3468468,3468006,462
253862761,168.594,175.727,475,20544,0.20776,0.39,1,3468545,3468070,475
253868601,93.815,111.756,453,20750,0.0464416,0.01,1,3468714,3468261,453
253871521,81.926,83.7025,462,20852,0.0485766,0.07,1,3468788,3468326,462
253874441,69.9704,73.681,457,20954,0.0494307,0.05,1,3468850,3468393,457
253877361,38.7882,58.8724,426,21055,0.0497723,0.07,1,3468868,3468442,426
253880281,29.9153,33.749,433,21156,0.0379089,0.05,1,3468892,3468459,433
253883201,57.5661,65.0996,423,21256,0.0451636,0.03,1,3468968,3468545,423
253886121,81.2264,83.6398,424,21356,0.0600654,0.01,1,3469065,3468641,424
253889041,75.6906,77.2559,423,21455,0.0300262,0.05,1,3469137,3468714,423
253891961,74.6762,75.3024,423,21554,0.0180105,0.05,1,3469211,3468788,423
253894881,66.4705,67.3209,422,21652,0.0132042,0.05,1,3469272,3468850,422
253897801,37.3882,37.7284,422,21750,0.0112817,0.03,1,3469290,3468868,422
253900721,29.9553,29.4914,423,21848,0.0225127,0.05,1,3469315,3468892,423
253906561,82.7928,81.1586,425,22042,0.218402,0.01,1,3469490,3469065,425
253909481,74.5171,75.6634,422,22138,0.273361,0.01,1,3469559,3469137,422
253915321,65.9227,66.4662,422,22329,0.0569377,0.01,1,3469694,3469272,422
253918241,37.1691,37.3865,422,22424,0.0287751,0.03,1,3469712,3469290,422
253921161,31.0676,29.9546,424,22519,0.05351,0.03,1,3469739,3469315,424
253924081,60.4271,11.9818,504,22613,0.063404,0.17,1,3469819,3469315,504
253938681,36.1714,65.7387,439,23078,0.0946045,0.01,1,3470133,3469694,439
253956201,61.6277,68.5706,485,23623,0.241457,0.07,1,3470540,3470055,485
253959121,35.4511,63.4282,443,23713,0.234583,0.09,1,3470558,3470115,443
253962041,31.5804,36.1713,454,23802,0.231833,0.11,1,3470587,3470133,454
253964961,64.8322,31.2685,513,23891,0.218733,0.21,1,3470674,3470161,513
253967881,90.7329,61.7074,539,23980,0.201493,0.17,1,3470782,3470243,539
253973721,56.9973,77.6732,432,24156,0.227839,0.21,1,3470854,3470422,432
253976641,58.7989,67.0693,432,24244,0.253136,0.27,1,3470914,3470482,432
253979561,58.9196,61.6277,433,24331,0.263254,0.23,1,3470973,3470540,433
253982481,34.9678,35.4511,434,24418,0.279302,0.23,1,3470992,3470558,434
253985401,30.7871,31.5804,433,24505,0.285721,0.21,1,3471020,3470587,433
253991241,89.7659,90.7329,431,24677,0.435715,0.19,1,3471213,3470782,431
254037961,97.2034,65.8164,570,26017,0.946129,0.73,2,3472115,3471545,570
254140161,100.054,67.587,594,28728,0.946,1,2,3474007,3473413,594
254143081,61.6216,101.435,506,28802,0.9004,1,2,3474043,3473537,506
254146001,54.6487,59.1739,525,28876,0.77416,1,2,3474093,3473568,525
254160601,30.5087,31.4699,508,29241,0.447463,1,1,3474276,3473768,508
254169361,57.7286,100.054,496,29457,0.0735177,0.87,1,3474503,3474007,496
254172281,51.2914,61.6216,507,29529,0.0474071,0.69,1,3474550,3474043,507
254175201,52.3166,54.6487,510,29601,0.0609628,0.55,1,3474603,3474093,510
254178121,38.3266,59.0595,477,29673,0.0303851,0.57,1,3474632,3474155,477
254181041,30.9307,42.8238,471,29744,0.0301541,0.55,1,3474658,3474187,471
254183961,28.5723,33.9295,470,29815,0.0300616,0.51,1,3474685,3474215,470
254186881,12.6289,32.7718,440,29886,0.0420246,0.39,1,3474687,3474247,440
254189801,20.0516,30.5087,436,29957,0.0228099,0.03,1,3474712,3474276,436
254192721,48.2206,57.8035,427,30028,0.0991239,0.05,1,3474779,3474352,427
254207321,37.4864,38.3266,422,30378,0.066343,0.03,1,3475054,3474632,422
254210241,31.7946,30.9307,424,30448,0.0445372,0.03,1,3475082,3474658,424
254213161,28.3178,28.5723,423,30518,0.0718149,0.05,1,3475108,3474685,423
254216081,12.5271,12.6289,423,30587,0.058726,0.01,1,3475110,3474687,423
254224841,89.9857,87.6883,429,30794,0.223838,0.11,1,3475322,3474893,429
254227761,53.9943,55.4753,425,30863,0.275535,0.15,1,3475352,3474927,425
254230681,49.1977,49.7901,425,30932,0.296214,0.11,1,3475398,3474973,425
254236521,35.5916,37.4864,422,31068,0.295794,0.03,1,3475476,3475054,422
254239441,31.6367,31.7946,423,31136,0.244318,0.09,1,3475505,3475082,423
254242361,29.4547,28.3178,425,31204,0.247727,0.05,1,3475533,3475108,425
254245281,12.9819,12.5271,425,31272,0.249091,0.13,1,3475535,3475110,425
254248201,20.1927,19.4109,426,31340,0.237636,0.13,1,3475560,3475134,426
254251121,53.0771,7.76434,501,31408,0.221055,0.19,1,3475635,3475134,501
254254041,93.2308,46.3057,549,31475,0.298422,0.27,1,3475755,3475206,549
254262801,51.4228,48.8996,487,31676,0.434059,0.31,1,3475885,3475398,487
254327041,34.4689,34.5133,450,33114,0.756132,0.57,2,3476801,3476351,450
254329961,31.7876,31.8053,450,33178,0.764453,0.57,2,3476831,3476381,450
254332881,30.115,29.5221,451,33242,0.767781,0.59,2,3476860,3476409,451
254335801,13.246,13.0088,451,33306,0.769112,0.61,2,3476862,3476411,451
254338721,21.4984,20.8035,452,33370,0.757645,0.61,2,3476889,3476437,452
254341641,56.5994,56.3214,452,33433,0.789058,0.61,2,3476969,3476517,452
254452601,33.1477,51.6381,484,35758,0.91,1,2,3478602,3478118,484
254478881,79.9932,81.4324,487,36287,0.94355,1,2,3478993,3478506,487
254481801,49.3973,54.1729,480,36345,0.94742,1,2,3479022,3478542,480
254484721,41.9589,40.8692,485,36403,0.936968,0.85,2,3479059,3478574,485
254487641,30.5836,33.1477,480,36461,0.920787,1,2,3479082,3478602,480
254624881,53.8796,52.6007,484,39092,0.9244,1,2,3480927,3480443,484
254627801,41.3519,37.2403,490,39146,0.78376,1,2,3480960,3480470,490
254639481,33.9002,26.259,495,39362,0.404592,1,1,3481096,3480601,495
254642401,28.5601,29.1036,489,39416,0.263837,1,1,3481121,3480632,489
254654081,28.3359,31.1195,490,39630,0.0599862,1,1,3481241,3480751,490
254657001,34.1344,35.2478,490,39683,0.0299945,0.96,1,3481279,3480789,490
254659921,58.0538,71.6991,468,39736,0.0119978,0.89,1,3481353,3480885,468
254662841,44.2215,53.8796,461,39789,0.0347991,0.69,1,3481388,3480927,461
254665761,33.8886,41.3519,455,39842,0.0319196,0.57,1,3481415,3480960,455
254668681,27.9554,33.9407,450,39895,0.0427679,0.49,1,3481439,3480989,450
254671601,30.3822,36.3763,444,39948,0.0171071,0.49,1,3481471,3481027,444
254674521,30.7529,36.7505,438,40001,0.0488429,0.33,1,3481502,3481064,438
254677441,27.9011,33.9002,432,40054,0.0495371,0.17,1,3481528,3481096,432
254680361,23.7605,28.5601,428,40107,0.0258149,0.17,1,3481549,3481121,428
254683281,31.1042,11.424,464,40160,0.0283259,0.13,1,3481585,3481121,464
254686201,33.4417,26.7696,462,40213,0.0293304,0.09,1,3481620,3481158,462
254689121,19.9767,31.1078,439,40266,0.0537322,0.09,1,3481631,3481192,439
254692041,28.3907,23.2431,455,40318,0.0394929,0.03,1,3481665,3481210,455
254694961,33.5563,27.8973,461,40370,0.0157971,0.01,1,3481702,3481241,461
254697881,57.8225,33.9589,497,40422,0.0243189,0,1,3481776,3481279,497
254700801,43.529,57.9836,457,40474,0.0877275,0.05,1,3481810,3481353,457
254718321,24.4974,27.9009,445,40786,0.201623,0.01,1,3481973,3481528,445
254735841,58.2318,33.5563,497,41096,0.0470172,0.03,1,3482199,3481702,497
254738761,46.0927,57.8225,461,41147,0.0368069,0.13,1,3482237,3481776,461
254741681,33.4371,43.529,452,41198,0.0687228,0.15,1,3482262,3481810,452
254744601,31.3748,33.0116,456,41249,0.0814891,0.19,1,3482292,3481836,456
254750441,32.5,29.5219,462,41351,0.0862383,0.15,1,3482354,3481892,462
254765041,24.5402,33.6796,429,41606,0.204893,0.15,1,3482472,3482043,429
254767961,18.2161,21.8718,429,41657,0.207957,0.11,1,3482486,3482057,429
254770881,26.4864,27.9487,429,41708,0.209183,0.11,1,3482518,3482089,429
254773801,29.7946,31.5795,427,41759,0.221673,0,1,3482550,3482123,427
254776721,54.5178,58.2318,422,41810,0.226669,0.03,1,3482621,3482199,422
254779641,45.8071,46.0927,424,41860,0.216668,0.09,1,3482661,3482237,424
254797161,28.7311,26.44,431,42160,0.203361,0.21,1,3482836,3482405,431
254800081,30.6924,30.376,430,42210,0.219344,0.21,1,3482868,3482438,430
254803001,13.477,13.3504,430,42260,0.225738,0.21,1,3482870,3482440,430
254805921,24.5908,24.5402,430,42310,0.240295,0.21,1,3482902,3482472,430
254808841,18.2363,18.2161,430,42360,0.234118,0.21,1,3482916,3482486,430
254811761,27.6945,26.4864,432,42410,0.267647,0.23,1,3482950,3482518,432
254814681,30.8778,29.7946,433,42460,0.269059,0.23,1,3482983,3482550,433
254838041,28.7294,28.7311,430,42856,0.402265,0.23,1,3483266,3482836,430
254840961,31.2918,30.6924,431,42905,0.418906,0.23,1,3483299,3482868,431
254843881,13.7167,13.477,431,42954,0.425562,0.25,1,3483301,3482870,431
254899361,58.4741,32.9623,520,43878,0.764052,0.55,2,3483939,3483419,520
254902281,46.1896,56.3849,486,43926,0.779621,0.55,2,3483977,3483491,486
254905201,34.0758,45.354,474,43974,0.785848,0.55,2,3484003,3483529,474
254908121,32.2303,33.7416,479,44022,0.776339,0.57,2,3484034,3483555,479
254911041,28.4921,31.4966,475,44070,0.772536,0.57,2,3484060,3483585,475
254913961,35.3969,28.1987,489,44118,0.783014,0.59,2,3484100,3483611,489
254916881,31.5587,34.6795,479,44166,0.775206,0.61,2,3484129,3483650,479
254919801,30.6235,30.6718,481,44214,0.772082,0.61,2,3484159,3483678,481
254922721,32.6494,29.6687,486,44262,0.782833,0.63,2,3484193,3483707,486
254925641,14.2598,32.2675,454,44310,0.787133,0.63,2,3484195,3483741,454
254943161,57.5275,58.4741,461,44595,0.918194,0.79,2,3484400,3483939,461
254946081,45.811,46.1896,461,44642,0.937278,0.79,2,3484438,3483977,461
255127121,32.7774,34.6026,511,47483,0.9004,1,2,3486385,3485874,511
255184061,295.396,333.55,443,21900,0.287194,0.15,1,3486948,3486505,443
255189901,103.423,105.208,452,22093,0.0927511,0.01,1,3487086,3486634,452
255192821,77.3693,77.4832,453,22189,0.0371004,0.01,1,3487146,3486693,453
255195741,87.9477,86.7933,455,22285,0.0568402,0.05,1,3487241,3486786,455
255198661,68.7791,72.5173,448,22380,0.0407361,0.03,1,3487297,3486849,448
255201581,56.3116,63.2069,439,22475,0.0222944,0.07,1,3487345,3486906,439
255204501,30.3247,35.4828,435,22569,0.0269178,0.01,1,3487358,3486923,435
255207421,63.7299,29.1931,496,22663,0.0767671,0.07,1,3487444,3486948,496
255210341,63.8919,56.0772,486,22757,0.0367068,0.05,1,3487508,3487022,486
255213261,61.5568,60.8309,482,22850,0.0146827,0,1,3487568,3487086,482
255216181,81.6227,60.3324,517,22943,0.0238731,0.07,1,3487663,3487146,517
255219101,66.8491,81.1329,479,23035,0.0155492,0.03,1,3487720,3487241,479
255222021,54.3396,66.0532,469,23127,0.0242197,0.01,1,3487766,3487297,469
255224941,29.5359,55.2213,434,23219,0.0396879,0.03,1,3487779,3487345,434
255227861,66.4143,29.8885,512,23310,0.0338752,0.11,1,3487870,3487358,512
255230781,61.9657,63.5554,485,23401,0.0435501,0.01,1,3487929,3487444,485
255233701,60.7863,63.8222,481,23492,0.02342,0,1,3487989,3487508,481
255236621,81.3145,61.5289,516,23582,0.015368,0.03,1,3488084,3487568,516
255239541,67.3258,81.6115,479,23672,0.0361472,0.01,1,3488142,3487663,479
255242461,54.5303,66.8446,468,23762,0.0564589,0.03,1,3488188,3487720,468
255245381,29.0121,54.3378,434,23851,0.0645836,0.05,1,3488200,3487766,434
255248301,67.4049,29.5351,514,23940,0.0558334,0.03,1,3488293,3487779,514
255251221,28.1619,66.4141,425,24029,0.0523334,0.05,1,3488295,3487870,425
255254141,47.2648,61.9656,426,24117,0.0629333,0.01,1,3488355,3487929,426
255257061,53.1059,60.7862,423,24205,0.0251733,0.01,1,3488412,3487989,423
255259981,78.2424,81.3145,423,24293,0.0280693,0.05,1,3488507,3488084,423
255262901,66.6969,67.3258,424,24380,0.0172277,0.07,1,3488566,3488142,424
255265821,54.8788,54.5303,425,24467,0.0368911,0.07,1,3488613,3488188,425
255268741,29.1515,29.0121,425,24554,0.0207564,0.05,1,3488625,3488200,425
255271661,67.4606,67.4049,425,24640,0.0743026,0.05,1,3488718,3488293,425
255274581,28.1842,28.1619,425,24726,0.095721,0.07,1,3488720,3488295,425
255283341,77.8118,78.2424,422,24982,0.0884461,0.01,1,3488929,3488507,422
255286261,66.5247,66.6969,422,25067,0.0413785,0.05,1,3488988,3488566,422
255289181,54.8099,54.8788,422,25152,0.0825514,0.01,1,3489035,3488613,422
255292101,29.724,29.1515,423,25236,0.0870205,0.11,1,3489048,3488625,423
255295021,70.0896,67.4606,427,25320,0.0768082,0.11,1,3489145,3488718,427
255297941,29.2358,28.1842,427,25404,0.0727233,0.17,1,3489147,3488720,427
255300861,48.8943,46.0737,431,25487,0.0710893,0.17,1,3489209,3488778,431
255303781,50.1577,18.4295,482,25570,0.0824357,0.15,1,3489260,3488778,482
255306701,74.0631,40.9718,516,25653,0.0749743,0.05,1,3489350,3488834,516
255309621,65.0252,73.3887,480,25736,0.0719897,0.01,1,3489409,3488929,480
255312541,56.0101,64.7555,471,25818,0.0587959,0.11,1,3489459,3488988,471
255315461,29.604,54.1022,436,25900,0.0535184,0.09,1,3489471,3489035,436
255318381,70.6416,29.4409,521,25982,0.0634073,0.07,1,3489569,3489048,521
255321301,29.4566,69.9764,426,26064,0.0673629,0.07,1,3489571,3489145,426
255327141,51.1531,48.8762,476,26226,0.0959781,0.09,1,3489685,3489209,476
255341741,71.3017,29.6039,522,26628,0.21874,0.07,1,3489993,3489471,522
255344661,29.7207,70.6415,426,26708,0.237496,0.07,1,3489995,3489569,426
255347581,49.0883,29.4566,486,26787,0.280998,0.13,1,3490057,3489571,486
255359261,60.6423,64.4645,430,27102,0.411786,0.15,1,3490261,3489831,430
255362181,55.4569,56.3858,431,27180,0.410714,0.19,1,3490313,3489882,431
255365101,29.9828,29.7543,432,27258,0.422286,0.25,1,3490326,3489894,432
255368021,72.5931,71.3017,434,27336,0.426914,0.25,1,3490427,3489993,434
255370941,30.2372,29.7207,434,27413,0.428766,0.31,1,3490429,3489995,434
255373861,51.0949,49.0883,437,27490,0.417506,0.33,1,3490494,3490057,437
255376781,54.638,52.0353,440,27567,0.437003,0.37,1,3490551,3490111,440
255379701,23.0552,22.0141,440,27644,0.444801,0.41,1,3490553,3490113,440
255414741,59.3669,45.5155,507,28550,0.768519,0.65,2,3491209,3490702,507
255417661,30.9468,50.0062,466,28624,0.793408,0.67,2,3491221,3490755,466
255549061,57.2831,41.8085,545,31781,0.933386,1,2,3493451,3492906,545
255572421,65.6492,50.1735,543,32310,0.223923,1,1,3493826,3493283,543
255578261,53.2239,42.7078,530,32440,0.0850277,0.89,1,3493914,3493384,530
255581181,53.0895,57.2831,516,32505,0.0880111,0.77,1,3493967,3493451,516
255607461,40.0227,43.0597,426,33086,0.213343,0.07,1,3494280,3493854,426
255610381,52.0091,53.2239,426,33150,0.223337,0.09,1,3494340,3493914,426
255613301,52.6036,53.0895,426,33214,0.251335,0.13,1,3494393,3493967,426
255616221,45.0415,44.0358,428,33278,0.262534,0.11,1,3494433,3494005,428
255619141,33.6166,33.8143,427,33342,0.255014,0.15,1,3494459,3494032,427
255622061,27.8466,27.9257,427,33405,0.252005,0.17,1,3494483,3494056,427
255624981,44.7387,42.9703,430,33468,0.274802,0.17,1,3494539,3494109,430
255627901,19.0955,18.3881,430,33531,0.283921,0.19,1,3494541,3494111,430
255636661,60.7661,58.0568,433,33720,0.438411,0.23,1,3494685,3494252,433
255686301,28.3134,33.9229,473,34770,0.76032,0.57,2,3495366,3494893,473
255689221,46.1254,27.9692,507,34831,0.766128,0.59,2,3495424,3494917,507
255692141,19.6501,46.5877,450,34892,0.768451,0.59,2,3495426,3494976,450
255703821,41.8022,64.3894,479,35133,0.771016,0.65,2,3495609,3495130,479
255706741,53.9209,41.3558,515,35193,0.794407,0.65,2,3495671,3495156,515
255730101,31.9559,27.6601,492,35671,0.901365,0.73,2,3495951,3495459,492
255733021,13.9824,33.264,457,35730,0.906546,0.75,2,3495953,3495496,457
256071741,40.3867,46.038,493,42035,0.77416,1,2,3500405,3499912,493
256083421,37.5043,37.8938,493,42235,0.231834,1,1,3500550,3500057,493
256086341,36.6017,36.1575,494,42285,0.0987338,1,1,3500586,3500092,494
256092181,30.0963,31.5852,486,42385,0.0961974,1,1,3500633,3500147,486
256095101,32.4385,33.6341,485,42435,0.056479,1,1,3500667,3500182,485
256098021,26.7754,31.4536,478,42485,0.0405916,1,1,3500690,3500212,478
256100941,43.7102,47.9815,474,42535,0.0582366,0.95,1,3500745,3500271,474
256103861,35.4841,40.7926,468,42585,0.0412947,0.83,1,3500775,3500307,468
256106781,30.9936,34.917,465,42635,0.0465179,0.81,1,3500803,3500338,465
256109701,17.7974,22.9668,459,42684,0.0606071,0.73,1,3500812,3500353,459
256112621,33.519,40.3867,451,42733,0.0422429,0.59,1,3500856,3500405,451
256115541,30.8076,37.7547,444,42782,0.0588971,0.41,1,3500885,3500441,444
256118461,28.523,34.9019,438,42831,0.0415589,0.25,1,3500912,3500474,438
256121381,31.2092,36.7608,433,42880,0.0586235,0.15,1,3500945,3500512,433
256124301,32.2837,37.5043,428,42929,0.0534494,0.01,1,3500978,3500550,428
256127221,33.3135,36.6017,426,42978,0.0513798,0.11,1,3501012,3500586,426
256130141,17.5254,21.2407,422,43027,0.0625519,0.11,1,3501019,3500597,422
256133061,28.6102,8.49627,458,43076,0.0310208,0.09,1,3501055,3500597,458
256135981,31.2441,24.9985,455,43125,0.0304083,0.03,1,3501088,3500633,455
256138901,26.2976,30.3994,444,43174,0.0301633,0.03,1,3501111,3500667,444
256141821,44.1191,25.9598,477,43223,0.0660653,0.07,1,3501167,3500690,477
256144741,35.0476,43.3839,451,43272,0.0444261,0.03,1,3501196,3500745,451
256147661,32.019,35.3536,451,43321,0.0837705,0.05,1,3501226,3500775,451
256150581,17.6076,30.9414,431,43370,0.0755082,0.07,1,3501234,3500803,431
256153501,32.843,17.7766,465,43419,0.0362033,0.03,1,3501277,3500812,465
256156421,31.7372,33.5106,452,43468,0.0684813,0.07,1,3501308,3500856,452
256159341,28.8949,30.8043,450,43517,0.0813925,0.03,1,3501335,3500885,450
256182701,46.2625,26.2976,481,43901,0.0974612,0.09,1,3501592,3501111,481
256185621,35.305,44.1191,453,43949,0.0689845,0.03,1,3501620,3501167,453
256188541,32.122,35.0476,454,43997,0.0695938,0.11,1,3501650,3501196,454
256191461,17.6488,32.019,432,44045,0.0698375,0.07,1,3501658,3501226,432
256194381,31.6595,17.6076,465,44093,0.069935,0.01,1,3501699,3501234,465
256197301,33.0638,32.843,456,44141,0.081974,0.09,1,3501733,3501277,456
256200221,31.2255,31.7372,455,44189,0.0987896,0.09,1,3501763,3501308,455
256229421,33.6754,35.305,424,44664,0.0797973,0.07,1,3502044,3501620,424
256232341,32.0702,32.122,425,44711,0.0739189,0.07,1,3502075,3501650,425
256235261,18.2281,17.6488,426,44758,0.0595676,0.07,1,3502084,3501658,426
256238181,31.2912,31.6595,425,44805,0.077827,0.09,1,3502124,3501699,425
256241101,34.1165,33.0638,427,44852,0.0731308,0.11,1,3502160,3501733,427
256244021,32.8466,31.2255,429,44899,0.0472523,0.19,1,3502192,3501763,429
256246941,34.7386,34.0902,429,44946,0.0609009,0.15,1,3502228,3501799,429
256249861,33.0955,32.8361,429,44993,0.0783604,0.15,1,3502260,3501831,429
256252781,34.2382,33.5344,430,45040,0.0853442,0.17,1,3502295,3501865,430
256255701,17.2953,17.0138,430,45087,0.0881377,0.15,1,3502301,3501871,430
256258621,27.9181,27.8055,430,45134,0.0892551,0.17,1,3502336,3501906,430
256261541,12.3672,12.3222,430,45181,0.089702,0.15,1,3502338,3501908,430
256276141,30.9753,32.0702,423,45415,0.2032,0.05,1,3502498,3502075,423
256279061,18.3901,18.2281,424,45461,0.20728,0.09,1,3502508,3502084,424
256281981,31.956,31.2912,425,45507,0.220912,0.07,1,3502549,3502124,425
256284901,33.1824,34.1165,423,45553,0.274365,0.03,1,3502583,3502160,423
256287821,31.873,32.8466,422,45599,0.283746,0.07,1,3502614,3502192,422
256317021,33.4245,36.6622,458,46059,0.408718,0.23,1,3502898,3502440,458
256319941,31.9698,31.4649,461,46105,0.409487,0.21,1,3502929,3502468,461
256322861,18.7879,30.586,441,46151,0.409795,0.21,1,3502939,3502498,441
256325781,32.7152,18.2344,473,46197,0.409918,0.23,1,3502981,3502508,473
256328701,34.6861,31.8938,468,46243,0.409967,0.31,1,3503017,3502549,468
256334541,36.3898,31.863,473,46335,0.441195,0.33,1,3503087,3502614,473
256384181,39.0523,34.9559,486,47101,0.785109,0.57,2,3503607,3503121,486
256410461,28.0806,31.6995,455,47503,0.912376,0.67,2,3503825,3503370,455
256454261,25.4674,25.2014,466,48163,0.91614,0.93,2,3504261,3503795,466
256457181,28.187,28.0806,466,48207,0.924456,0.89,2,3504291,3503825,466
256460101,17.2748,17.2322,466,48251,0.927782,0.85,2,3504301,3503835,466
256463021,32.1099,33.2929,464,48295,0.929113,0.83,2,3504343,3503879,464
256655741,192.593,217.704,465,23360,0.201616,0.87,1,3506403,3505938,465
256658661,125.637,119.482,492,23451,0.0986464,0.67,1,3506484,3505992,492
256661581,78.4549,87.3927,473,23541,0.0694586,0.41,1,3506531,3506058,473
256670341,50.7891,64.2731,448,23810,0.0973253,0.19,1,3506698,3506250,448
256679101,49.9305,53.1935,450,24076,0.0583088,0.03,1,3506825,3506375,450
256682021,68.5722,86.6774,422,24164,0.0413235,0.05,1,3506906,3506484,422
256684941,57.4289,62.871,425,24252,0.0825294,0.13,1,3506956,3506531,425
256693701,50.4514,49.7917,428,24513,0.236882,0.13,1,3507126,3506698,428
256696621,36.9806,37.9167,426,24599,0.280753,0.09,1,3507154,3506728,426
256705381,66.8068,68.5467,422,24857,0.292768,0.11,1,3507328,3506906,422
256708301,58.5227,57.4187,425,24942,0.267107,0.15,1,3507381,3506956,425
256711221,64.2091,62.5675,427,25027,0.280843,0.23,1,3507449,3507022,427
256714141,65.8836,61.627,433,25112,0.286337,0.27,1,3507516,3507083,433
256717061,53.3535,50.4508,435,25196,0.288535,0.31,1,3507561,3507126,435
256731661,58.7569,55.1627,488,25614,0.297358,0.25,1,3507816,3507328,488
256734581,64.3028,53.8651,503,25697,0.292943,0.29,1,3507884,3507381,503
256737501,64.7211,62.346,500,25779,0.291177,0.29,1,3507949,3507449,500
256749181,48.5721,40.5289,490,26106,0.402638,0.33,1,3508123,3507633,490
256752101,62.6288,49.2115,507,26187,0.443055,0.29,1,3508195,3507688,507
256792981,43.8151,41.9588,456,27297,0.770616,0.67,2,3508922,3508466,456
256918541,38.7046,39.8161,488,30453,0.94,1,2,3511123,3510635,488
256938981,60.6025,67.3847,479,30936,0.0814178,1,1,3511471,3510992,479
256941901,61.441,64.1539,479,31004,0.0745671,1,1,3511533,3511054,479
256944821,47.9764,47.2615,482,31072,0.0478269,0.9,1,3511572,3511090,482
256947741,35.9906,38.7046,477,31140,0.0491307,0.85,1,3511600,3511123,477
256950661,43.1962,52.0818,464,31208,0.0256523,0.75,1,3511648,3511184,464
256953581,34.0785,42.4327,456,31276,0.0282609,0.75,1,3511676,3511220,456
256956501,34.6314,16.9731,491,31344,0.0413044,0.53,1,3511711,3511220,491
256959421,29.4526,33.7892,472,31412,0.0585217,0.45,1,3511737,3511265,472
256962341,32.781,32.7157,475,31479,0.0294087,0.31,1,3511772,3511297,475
256965261,47.9124,38.8863,490,31546,0.0117635,0,1,3511830,3511340,490
256968181,56.365,56.3545,484,31613,0.0227054,0.03,1,3511892,3511408,484
256971101,60.346,60.3418,484,31680,0.0510822,0.07,1,3511955,3511471,484
256974021,49.3384,61.3367,464,31747,0.0624329,0.03,1,3511997,3511533,464
256976941,34.7354,47.9347,450,31814,0.0669731,0.05,1,3512022,3511572,450
256979861,42.6941,35.9739,470,31881,0.0807893,0.01,1,3512070,3511600,470
256982781,33.2777,43.1896,449,31947,0.0743157,0.03,1,3512097,3511648,449
256985701,35.5111,34.0758,458,32013,0.0597263,0.05,1,3512134,3511676,458
256988621,29.2044,34.6303,448,32079,0.0538905,0.07,1,3512159,3511711,448
256991541,33.8818,29.4521,459,32145,0.0275562,0.01,1,3512196,3511737,459
256994461,47.1527,32.7809,480,32211,0.0290225,0,1,3512252,3511772,480
256997381,56.0611,47.9123,484,32277,0.017609,0.03,1,3512314,3511830,484
257000301,61.4244,56.3649,487,32343,0.0370436,0.07,1,3512379,3511892,487
257003221,48.5698,60.346,464,32408,0.0808174,0.07,1,3512419,3511955,464
257006141,37.4279,49.3384,452,32473,0.074327,0.07,1,3512449,3511997,452
257009061,41.3712,34.7354,471,32538,0.0837308,0.09,1,3512493,3512022,471
257011981,32.1485,42.6941,449,32603,0.0994923,0.07,1,3512519,3512070,449
257029501,54.2167,56.0611,422,32990,0.063877,0.05,1,3512736,3512314,422
257032421,61.8867,61.4244,424,33054,0.0555508,0.11,1,3512803,3512379,424
257035341,50.5547,48.5698,427,33118,0.0402203,0.07,1,3512846,3512419,427
257038261,37.0219,37.4279,425,33182,0.0700881,0.09,1,3512874,3512449,425
257047021,36.0654,36.2594,427,33373,0.227926,0.11,1,3512985,3512558,427
257049941,28.8262,28.9038,427,33436,0.24117,0.11,1,3513009,3512582,427
257052861,12.7305,12.7615,427,33499,0.246468,0.13,1,3513011,3512584,427
257055781,26.0922,26.1046,427,33562,0.272587,0.11,1,3513046,3512619,427
257064541,60.6859,61.8867,422,33751,0.285526,0.03,1,3513225,3512803,422
257067461,50.6744,50.5547,423,33814,0.25221,0.09,1,3513269,3512846,423
257070381,39.4697,37.0219,427,33877,0.238884,0.19,1,3513301,3512874,427
257073301,46.3879,42.4087,432,33939,0.233554,0.23,1,3513352,3512920,432
257076221,35.9552,33.1635,434,34001,0.219421,0.25,1,3513381,3512947,434
257079141,37.1821,36.0654,434,34063,0.225769,0.25,1,3513419,3512985,434
257082061,29.2728,28.8262,434,34125,0.264307,0.25,1,3513443,3513009,434
257084981,12.9091,12.7305,434,34187,0.255723,0.29,1,3513445,3513011,434
257087901,27.9637,26.0922,437,34249,0.264289,0.29,1,3513483,3513046,437
257090821,44.7855,10.4369,493,34311,0.243716,0.33,1,3513539,3513046,493
257093741,52.7142,37.7748,495,34373,0.247486,0.41,1,3513597,3513102,495
257096661,57.0857,48.7099,499,34435,0.260995,0.23,1,3513657,3513158,499
257099581,49.2343,59.684,476,34496,0.278398,0.23,1,3513701,3513225,476
257128781,57.8962,52.7141,494,35104,0.417995,0.27,1,3514091,3513597,494
257131701,50.1585,57.0856,479,35164,0.437198,0.29,1,3514136,3513657,479
257134621,38.6634,49.2343,466,35224,0.432879,0.33,1,3514167,3513701,466
257178421,38.5082,38.1385,446,36115,0.773778,0.51,2,3514737,3514291,446
257181341,31.0033,30.2554,447,36174,0.795511,0.51,2,3514763,3514316,447
257195941,45.209,43.6749,453,36464,0.928988,0.67,2,3514926,3514473,453
257359461,36.6932,38.6012,479,39579,0.90616,1,2,3517102,3516623,479
257379901,53.5513,55.8952,496,39950,0.273969,1,1,3517385,3516889,496
257388661,30.4753,34.0813,487,40109,0.099854,1,1,3517477,3516990,487
257391581,25.3901,13.6325,509,40162,0.0579416,0.96,1,3517499,3516990,509
257394501,32.356,24.653,514,40215,0.0231766,1,1,3517536,3517022,514
257397421,34.5424,37.4612,504,40268,0.0272707,0.85,1,3517572,3517068,504
257400341,31.817,35.3845,500,40320,0.0529083,0.85,1,3517602,3517102,500
257403261,30.7268,38.1538,490,40372,0.0631633,0.63,1,3517632,3517142,490
257406181,30.8907,35.6615,487,40424,0.0312653,0.53,1,3517663,3517176,487
257409101,27.9563,35.2646,478,40476,0.0545061,0.51,1,3517689,3517211,478
257412021,31.5825,32.7058,481,40528,0.0878025,0.45,1,3517723,3517242,481
257414941,33.033,37.6823,474,40580,0.053121,0.29,1,3517757,3517283,474
257417861,49.8132,37.8729,497,40632,0.0632484,0.21,1,3517818,3517321,497
257420781,36.1253,53.5492,460,40684,0.0312994,0.07,1,3517845,3517385,460
257423701,30.6501,44.2197,449,40736,0.0185197,0.09,1,3517872,3517423,449
257426621,29.66,32.6879,453,40788,0.0614079,0.09,1,3517901,3517448,453
257429541,23.864,30.4751,444,40840,0.0905632,0.03,1,3517921,3517477,444
257432461,31.1456,25.3901,458,40892,0.0542253,0,1,3517957,3517499,458
257435381,35.2582,32.356,459,40944,0.0636901,0.03,1,3517995,3517536,459
257438301,32.7033,34.5424,454,40996,0.055476,0.07,1,3518026,3517572,454
257441221,29.8813,31.817,452,41047,0.0281904,0.07,1,3518054,3517602,452
257444141,30.5525,30.7268,453,41098,0.0172762,0.01,1,3518085,3517632,453
257447061,28.421,30.8907,449,41149,0.0369105,0.07,1,3518112,3517663,449
257449981,31.1684,27.9563,456,41200,0.0687642,0.11,1,3518145,3517689,456
257452901,34.0674,31.5825,458,41251,0.0575057,0.03,1,3518181,3517723,458
257455821,49.0269,33.033,483,41302,0.0770023,0.07,1,3518240,3517757,483
257458741,35.8108,49.8132,449,41353,0.0968009,0.01,1,3518267,3517818,449
257461661,31.1243,36.1253,450,41404,0.0807204,0.01,1,3518295,3517845,450
257464581,30.4497,30.6501,453,41455,0.0862881,0.09,1,3518325,3517872,453
257496701,49.9977,49.0269,426,42012,0.223695,0.11,1,3518666,3518240,426
257499621,35.5991,35.8108,425,42062,0.227478,0.07,1,3518692,3518267,425
257502541,31.0396,31.1243,425,42112,0.252991,0.09,1,3518720,3518295,425
257505461,32.8159,30.4497,429,42162,0.239196,0.17,1,3518754,3518325,429
257508381,26.9263,25.3799,430,42212,0.281679,0.17,1,3518777,3518347,430
257511301,11.9705,11.352,430,42262,0.298671,0.15,1,3518779,3518349,430
257514221,21.5882,23.1408,427,42312,0.281469,0.17,1,3518807,3518380,427
257517141,33.2353,33.2563,428,42362,0.298587,0.17,1,3518848,3518420,428
257528821,28.5948,29.3394,427,42562,0.41694,0.19,1,3518963,3518536,427
257531741,34.2379,32.7357,430,42612,0.436776,0.19,1,3519001,3518571,430
257534661,34.6952,33.4943,431,42662,0.42071,0.25,1,3519036,3518605,431
257537581,51.0781,49.9977,432,42711,0.426284,0.23,1,3519098,3518666,432
257540501,36.6312,35.5991,433,42760,0.440514,0.27,1,3519125,3518692,433
257543421,31.4525,31.0396,433,42809,0.446205,0.23,1,3519153,3518720,433
257645621,14.5448,32.4165,451,44503,0.761043,0.57,2,3520212,3519761,451
257648541,23.2179,30.3666,451,44550,0.790417,0.61,2,3520241,3519790,451
257657301,34.2219,34.3435,453,44691,0.910507,0.61,2,3520339,3519886,453
257660221,34.6888,34.7374,453,44738,0.910203,0.71,2,3520374,3519921,453
257663141,55.8755,53.495,457,44785,0.922081,0.71,2,3520444,3519987,457
257882141,355.737,367.084,519,21900,0.778,1,2,3522828,3522309,519
257890901,99.0872,91.1254,515,22189,0.431152,0.93,1,3523056,3522541,515
257925941,51.916,44.2025,493,23310,0.40984,0.33,1,3523758,3523265,493
257928861,76.5664,51.881,529,23401,0.433936,0.37,1,3523851,3523322,529
257958061,64.0749,65.5306,447,24293,0.79511,0.51,2,3524436,3523989,447
257978501,77.5432,76.1873,459,24897,0.900163,0.83,2,3524839,3524380,459
257981421,67.0173,64.0749,463,24982,0.942065,0.89,2,3524899,3524436,463
258109901,42.7579,18.233,533,28476,0.238177,1,1,3527341,3526808,533
258115741,53.2813,52.3573,531,28624,0.0753083,1,1,3527461,3526930,531
258118661,52.5125,52.7429,530,28698,0.0301233,1,1,3527513,3526983,530
258121581,46.205,55.8972,514,28772,0.0300493,0.81,1,3527555,3527041,514
258124501,44.282,49.3589,512,28846,0.0180197,0.75,1,3527598,3527086,512
258127421,59.1128,52.7435,526,28919,0.0132079,0.51,1,3527667,3527141,526
258130341,41.0451,70.2974,473,28992,0.0232832,0.35,1,3527696,3527223,473
258133261,38.018,49.719,473,29065,0.0273133,0.21,1,3527732,3527259,473
258136181,35.6072,43.8876,467,29138,0.0769253,0.19,1,3527766,3527299,467
258139101,55.6429,42.755,494,29211,0.0847701,0.03,1,3527835,3527341,494
258142021,54.0572,59.702,476,29283,0.051908,0.05,1,3527888,3527412,476
258144941,50.4229,53.2808,475,29355,0.0267632,0,1,3527936,3527461,475
258147861,44.7691,52.5123,464,29427,0.0167053,0.03,1,3527977,3527513,464
258150781,43.1077,46.2049,464,29499,0.0366821,0.01,1,3528019,3527555,464
258153701,59.2431,44.282,491,29571,0.0326728,0.01,1,3528089,3527598,491
258156621,41.0972,59.1128,451,29643,0.0310691,0.03,1,3528118,3527667,451
258159541,38.0389,41.0451,458,29714,0.0784277,0.03,1,3528154,3527696,458
258162461,37.4156,38.018,459,29785,0.0613711,0.11,1,3528191,3527732,459
258165381,16.1662,35.6072,427,29856,0.0545484,0.09,1,3528193,3527766,427
258168301,46.0665,55.6429,424,29927,0.0998194,0.03,1,3528259,3527835,424
258171221,50.8266,54.0572,425,29998,0.0819277,0.01,1,3528313,3527888,425
258174141,48.5306,50.4229,424,30069,0.0327711,0.01,1,3528360,3527936,424
258177061,43.4123,44.7691,423,30139,0.0551084,0.05,1,3528400,3527977,423
258179981,42.5649,43.1077,423,30209,0.0640434,0.03,1,3528442,3528019,423
258182901,59.026,59.2431,423,30279,0.0796174,0.03,1,3528512,3528089,423
258185821,42.8104,41.0972,426,30349,0.0738469,0.11,1,3528544,3528118,426
258188741,36.9242,38.0389,423,30419,0.0955388,0.05,1,3528577,3528154,423
258197501,45.5871,46.0665,424,30627,0.0970745,0.07,1,3528683,3528259,424
258200421,50.0349,50.8266,423,30696,0.0928298,0,1,3528736,3528313,423
258203341,47.6139,48.5306,422,30765,0.0371319,0.07,1,3528782,3528360,422
258206261,43.6456,43.4123,423,30834,0.0448528,0.07,1,3528823,3528400,423
258209181,42.6582,42.5649,423,30903,0.0839411,0.09,1,3528865,3528442,423
258212101,59.6633,59.026,424,30971,0.0755764,0.07,1,3528936,3528512,424
258215021,44.2653,42.8104,426,31039,0.0962306,0.11,1,3528970,3528544,426
258217941,38.1061,36.9242,427,31107,0.0804922,0.11,1,3529004,3528577,427
258220861,37.4425,38.1697,425,31175,0.0741969,0.11,1,3529041,3528616,425
258223781,16.177,16.4679,425,31243,0.0956788,0.09,1,3529043,3528618,425
258229621,49.7483,18.2349,477,31379,0.0981086,0.09,1,3529160,3528683,477
258232541,45.6993,39.0939,467,31446,0.0932434,0,1,3529203,3528736,467
258235461,44.0797,43.2376,464,31513,0.0552974,0.05,1,3529246,3528782,464
258238381,44.0319,41.895,467,31580,0.0521189,0.11,1,3529290,3528823,467
258241301,58.4128,41.958,493,31647,0.0508476,0.07,1,3529358,3528865,493
258244221,44.9651,59.3832,458,31714,0.026339,0.11,1,3529394,3528936,458
258247141,38.386,44.1533,458,31781,0.0285356,0.07,1,3529428,3528970,458
258250061,37.5544,38.0613,461,31848,0.0414142,0.07,1,3529465,3529004,461
258252981,16.2218,37.4245,426,31914,0.0465657,0.11,1,3529467,3529041,426
258255901,46.6887,16.1698,491,31980,0.0846263,0.17,1,3529534,3529043,491
258258821,49.2755,44.8679,478,32046,0.0878505,0.07,1,3529585,3529107,478
258288021,51.0293,46.6887,479,32700,0.240811,0.09,1,3530013,3529534,479
258290941,44.4117,49.2755,468,32765,0.282324,0.13,1,3530053,3529585,468
258293861,18.9647,44.3102,429,32830,0.29893,0.17,1,3530055,3529626,429
258305541,43.8055,44.6751,430,33086,0.428277,0.17,1,3530246,3529816,430
258308461,38.5222,38.2701,431,33150,0.429311,0.17,1,3530281,3529850,431
258311381,38.2089,38.708,430,33214,0.429724,0.13,1,3530319,3529889,430
258314301,16.4836,16.6832,430,33278,0.42989,0.23,1,3530321,3529891,430
258393141,35.6727,19.621,504,34953,0.761166,0.75,2,3531444,3530940,504
258396061,40.6691,35.4484,502,35013,0.778466,0.73,2,3531488,3530986,502
258404821,39.8988,46.1887,493,35193,0.904942,0.73,2,3531635,3531142,493
258407741,38.7595,40.0755,495,35253,0.931977,0.71,2,3531673,3531178,495
258410661,16.7038,39.4302,458,35313,0.942791,0.71,2,3531675,3531217,458
258521621,54.6148,50.2418,528,37520,0.9412,1,2,3533233,3532705,528
258527461,39.3384,49.5587,505,37632,0.799792,1,2,3533314,3532809,505
258542061,43.0153,47.0656,514,37912,0.234414,1,1,3533503,3532989,514
258550821,29.321,34.3562,501,38080,0.0723625,1,1,3533593,3533092,501
258553741,44.7284,29.3425,530,38135,0.046945,0.93,1,3533648,3533118,530
258556661,50.8914,43.537,532,38190,0.060778,0.93,1,3533703,3533171,532
258559581,42.5565,54.6148,507,38245,0.0303112,0.83,1,3533740,3533233,507
258562501,34.4226,51.8459,486,38300,0.0421245,0.75,1,3533769,3533283,486
258565421,26.969,39.3384,477,38355,0.0588498,0.6,1,3533791,3533314,477
258568341,33.5876,32.5353,487,38410,0.0535399,0.47,1,3533829,3533342,487
258571261,23.035,37.6141,462,38465,0.063416,0.41,1,3533845,3533383,462
258574181,39.214,28.8457,489,38520,0.0913664,0.29,1,3533895,3533406,489
258591701,43.7648,44.7284,422,38849,0.0756977,0.07,1,3534070,3533648,422
258594621,51.1059,50.8914,423,38903,0.0602791,0.01,1,3534126,3533703,423
258597541,42.0424,42.5565,422,38957,0.0541116,0.05,1,3534162,3533740,422
258600461,35.4169,34.4226,424,39011,0.0516447,0.07,1,3534193,3533769,424
258603381,27.3668,26.969,424,39065,0.0626579,0.05,1,3534215,3533791,424
258606301,33.7467,33.5876,424,39119,0.0790631,0.07,1,3534253,3533829,424
258609221,24.8987,23.035,427,39173,0.0496253,0.11,1,3534272,3533845,427
258612141,39.9595,39.214,427,39227,0.0858501,0.13,1,3534322,3533895,427
258641341,27.5196,27.3668,423,39762,0.0877322,0.09,1,3534638,3534215,423
258644261,34.4078,33.7467,424,39815,0.0650929,0.03,1,3534677,3534253,424
258647181,25.1631,24.8987,424,39868,0.0680372,0.11,1,3534696,3534272,424
258650101,40.6653,39.9595,425,39921,0.0812149,0.11,1,3534747,3534322,425
258685141,25.9218,34.3991,444,40551,0.200487,0.07,1,3535121,3534677,444
258688061,40.9687,25.1597,476,40603,0.230195,0.09,1,3535172,3534696,476
258690981,40.3875,40.6639,465,40655,0.230078,0.15,1,3535212,3534747,465
258693901,17.355,39.6655,428,40707,0.230031,0.15,1,3535214,3534786,428
258696821,22.542,17.0662,452,40759,0.254012,0.15,1,3535240,3534788,452
258699741,25.2168,22.4265,453,40811,0.275605,0.13,1,3535267,3534814,453
258702661,26.2867,24.5706,454,40863,0.272242,0.13,1,3535294,3534840,454
258705581,42.9147,26.0282,481,40915,0.294897,0.15,1,3535348,3534867,481
258726021,42.4544,25.9218,484,41274,0.40943,0.25,1,3535605,3535121,484
258728941,40.9818,40.9687,473,41325,0.421772,0.23,1,3535645,3535172,473
258731861,17.5927,40.3875,435,41376,0.426709,0.23,1,3535647,3535212,435
258734781,23.2371,17.355,460,41427,0.416683,0.27,1,3535674,3535214,460
258737701,26.0948,22.542,462,41478,0.424673,0.29,1,3535702,3535240,462
258740621,26.0379,25.2168,461,41529,0.427869,0.27,1,3535728,3535267,461
258743541,11.6152,26.2867,436,41580,0.429148,0.31,1,3535730,3535294,436
258793181,44.9314,42.9834,452,42435,0.75382,0.63,2,3536334,3535882,452
258796101,33.5726,33.3933,451,42485,0.763528,0.61,2,3536360,3535909,451
258799021,27.829,27.1573,452,42535,0.767411,0.63,2,3536384,3535932,452
258801941,35.1316,34.2629,453,42585,0.792964,0.69,2,3536424,3535971,453
258819461,26.3627,26.4883,454,42880,0.902977,0.71,2,3536599,3536145,454
258831141,56.2637,16.0285,522,43076,0.926332,0.75,2,3536754,3536232,522
258834061,45.9055,44.2114,498,43125,0.928533,0.77,2,3536793,3536295,498
259066201,76.7228,78.4651,430,22055,0.236645,0.17,1,3539662,3539232,430
259080801,28.2647,29.854,428,22532,0.411047,0.13,1,3539894,3539466,428
259083721,89.3059,11.9416,558,22626,0.446419,0.21,1,3540024,3539466,558
259115841,68.4554,80.4028,507,23636,0.779136,0.57,2,3540745,3540238,507
259121681,28.9529,35.1844,474,23815,0.797862,0.59,2,3540784,3540310,474
259142121,35.9639,36.3822,461,24431,0.929863,0.79,2,3541221,3540760,461
259145041,28.7856,28.9529,461,24518,0.941945,0.87,2,3541245,3540784,461
259241401,40.5136,37.6939,496,27224,0.939846,1,2,3543179,3542683,496
259244321,83.4055,84.0775,493,27302,0.939939,1,2,3543291,3542798,493
259270601,78.5125,83.4055,469,27992,0.755759,0.99,2,3543760,3543291,469
259279361,59.3368,60.85,467,28218,0.760449,0.83,2,3543899,3543432,467
259296881,76.92,36.9973,560,28665,0.930342,0.77,2,3544215,3543655,560
259437041,36.5079,39.2731,508,32015,0.786986,1,2,3546533,3546025,508
259445801,44.5765,57.2815,505,32213,0.401007,1,1,3546688,3546183,505
259451641,45.1722,52.605,520,32345,0.0965611,1,1,3546791,3546271,520
259454561,58.8689,56.442,529,32410,0.0926244,0.96,1,3546859,3546330,529
259457481,42.7476,50.7768,514,32475,0.0550498,1,1,3546891,3546377,514
259460401,32.699,44.3107,500,32540,0.0400199,1,1,3546917,3546417,500
259463321,43.6796,36.9243,519,32605,0.016008,0.74,1,3546968,3546449,519
259466241,28.8718,47.7697,483,32670,0.0484032,0.75,1,3546987,3546504,483
259469161,38.5487,36.5079,499,32735,0.0493613,0.59,1,3547032,3546533,499
259472081,16.6195,44.6032,451,32800,0.0497445,0.45,1,3547034,3546583,451
259475001,40.2478,60.4413,436,32864,0.0378978,0.31,1,3547090,3546654,436
259477921,34.6991,44.5765,433,32928,0.0211591,0.01,1,3547121,3546688,433
259480841,47.4796,57.4306,423,32992,0.0144636,0.05,1,3547177,3546754,423
259483761,40.5919,45.1722,422,33056,0.0117855,0.09,1,3547213,3546791,422
259486681,57.0367,58.8689,422,33120,0.0227142,0.03,1,3547281,3546859,422
259489601,42.6147,42.7476,423,33184,0.0390857,0.03,1,3547314,3546891,423
259492521,32.0459,32.699,422,33248,0.0336343,0,1,3547339,3546917,422
259495441,44.0184,43.6796,423,33312,0.0194537,0.07,1,3547391,3546968,423
259498361,28.4073,28.8718,422,33375,0.0137815,0.05,1,3547409,3546987,422
259501281,38.3629,38.5487,422,33438,0.0595126,0.05,1,3547454,3547032,422
259504201,16.5452,16.6195,422,33501,0.077805,0.03,1,3547456,3547034,422
259507121,40.8181,40.2478,423,33564,0.061122,0.01,1,3547513,3547090,423
259510041,34.3272,34.6991,422,33627,0.0664488,0.01,1,3547543,3547121,422
259512961,47.3309,47.4796,422,33690,0.0565795,0.01,1,3547599,3547177,422
259515881,40.5324,40.5919,422,33753,0.0646318,0.03,1,3547635,3547213,422
259518801,57.0129,57.0367,422,33816,0.0318527,0.05,1,3547703,3547281,422
259521721,42.6052,42.6147,422,33879,0.0667411,0.03,1,3547736,3547314,422
259524641,32.6421,32.0459,423,33941,0.0926964,0.01,1,3547762,3547339,423
259527561,43.6568,44.0184,422,34003,0.0670786,0.01,1,3547813,3547391,422
259530481,28.2627,28.4073,422,34065,0.0568314,0.09,1,3547831,3547409,422
259533401,39.5051,38.3629,424,34127,0.0407326,0.09,1,3547878,3547454,424
259536321,17.002,16.5452,424,34189,0.034293,0.05,1,3547880,3547456,424
259539241,39.8008,40.8181,422,34251,0.0317172,0.05,1,3547935,3547513,422
259542161,33.3203,16.3272,451,34313,0.0186869,0.07,1,3547964,3547513,451
259545081,46.9281,24.5309,477,34375,0.0614748,0.05,1,3548020,3547543,477
259548001,40.3713,43.4124,457,34437,0.0665899,0.07,1,3548056,3547599,457
259550921,56.9485,38.9649,489,34498,0.044636,0.01,1,3548124,3547635,489
259553841,43.7794,56.386,456,34559,0.0598544,0.09,1,3548159,3547703,456
259556761,31.9118,42.3544,447,34620,0.0659418,0.11,1,3548183,3547736,447
259559681,43.3647,32.5418,472,34681,0.0803767,0.05,1,3548234,3547762,472
259562601,28.1459,43.6167,439,34742,0.0861507,0.05,1,3548252,3547813,439
259565521,40.0584,28.2467,469,34803,0.0764603,0.03,1,3548300,3547831,469
259568441,17.2233,39.4987,424,34864,0.0725841,0.03,1,3548302,3547878,424
259571361,39.8893,16.9995,477,34925,0.0950336,0.03,1,3548357,3547880,477
259574281,33.3557,39.7998,451,34986,0.0920135,0.01,1,3548386,3547935,451
259580121,40.9769,46.928,459,35106,0.0831222,0.07,1,3548479,3548020,459
259583041,56.5908,40.3712,490,35166,0.0632489,0.03,1,3548546,3548056,490
259585961,44.8363,56.9485,459,35226,0.0432995,0.07,1,3548583,3548124,459
259588881,32.3345,43.7794,448,35286,0.0473198,0.07,1,3548607,3548159,448
259591801,44.1338,31.9118,476,35346,0.0609279,0.09,1,3548659,3548183,476
259594721,26.0535,43.3647,439,35406,0.0663712,0.09,1,3548673,3548234,439
259597641,41.0214,28.1459,472,35466,0.0685485,0.07,1,3548724,3548252,472
259600561,17.6086,40.0584,426,35526,0.0694194,0.07,1,3548726,3548300,426
259603481,41.2434,17.2233,481,35586,0.0697678,0.11,1,3548783,3548302,481
259606401,33.2974,39.8893,454,35645,0.0819071,0.09,1,3548811,3548357,454
259609321,14.5189,33.3557,427,35704,0.0867628,0.11,1,3548813,3548386,427
259612241,39.4076,46.9423,427,35763,0.0647051,0.07,1,3548869,3548442,427
259615161,36.763,40.9769,425,35822,0.043882,0.05,1,3548904,3548479,425
259618081,54.9052,56.5908,425,35881,0.0355528,0.03,1,3548971,3548546,425
259621001,42.9621,44.8363,423,35940,0.0682211,0.05,1,3549006,3548583,423
259623921,32.1848,32.3345,424,35999,0.0572885,0.07,1,3549031,3548607,424
259626841,44.6739,44.1338,425,36058,0.0769154,0.07,1,3549084,3548659,425
259629761,26.2696,26.0535,425,36117,0.0607661,0.07,1,3549098,3548673,425
259632681,41.7078,41.0214,426,36176,0.0663065,0.07,1,3549150,3548724,426
259635601,17.8831,17.6086,426,36234,0.0685226,0.07,1,3549152,3548726,426
259638521,40.7533,41.2434,425,36292,0.069409,0.09,1,3549208,3548783,425
259641441,33.7013,33.2974,426,36350,0.0817636,0.09,1,3549237,3548811,426
259644361,14.6805,14.5189,426,36408,0.0867054,0.05,1,3549239,3548813,426
259653121,54.4836,54.9052,423,36582,0.0581091,0.09,1,3549394,3548971,423
259656041,43.9934,42.9621,425,36640,0.0652437,0.05,1,3549431,3549006,425
259673561,41.2553,40.7533,424,36984,0.213243,0.09,1,3549632,3549208,424
259676481,33.9021,33.7013,424,37041,0.211297,0.09,1,3549661,3549237,424
259679401,14.7609,14.6805,424,37098,0.234519,0.11,1,3549663,3549239,424
259682321,38.9043,38.2722,425,37155,0.279808,0.11,1,3549718,3549293,425
259685241,36.5617,15.3089,460,37212,0.285923,0.15,1,3549753,3549293,460
259702761,42.5512,26.1455,481,37552,0.440193,0.19,1,3550003,3549522,481
259761161,23.0249,53.4898,453,38662,0.752287,0.63,2,3550705,3550252,453
259764081,33.81,45.9959,453,38717,0.750915,0.65,2,3550746,3550293,453
259787441,15.6574,15.9114,456,39150,0.759536,0.71,2,3550998,3550542,456
259796201,54.5221,54.5623,458,39312,0.76069,0.77,2,3551161,3550703,458
259802041,33.2035,33.81,457,39420,0.77091,0.73,2,3551203,3550746,457
259804961,31.8814,30.924,459,39474,0.770364,0.73,2,3551234,3550775,459
259807881,46.3526,47.7696,456,39528,0.794146,0.71,2,3551290,3550834,456
259819561,43.4842,42.3589,457,39740,0.939194,0.75,2,3551421,3550964,457
259933441,37.9835,30.8087,501,41763,0.927846,1,2,3552812,3552311,501
259936361,34.3934,41.1235,485,41814,0.941139,1,2,3552844,3552359,485
259945121,34.0252,40.5519,486,41964,0.775193,1,2,3552946,3552460,486
259948041,32.8101,35.4208,486,42014,0.772077,1,2,3552978,3552492,486
259956801,33.4918,30.1789,499,42164,0.425493,1,1,3553110,3552611,499
259965561,32.0235,38.8675,487,42314,0.251632,1,1,3553194,3552707,487
259968481,24.2094,31.147,480,42364,0.250653,0.8,1,3553213,3552733,480
259971401,29.4838,36.4588,473,42414,0.274261,0.96,1,3553246,3552773,473
259974321,34.5935,37.9835,472,42464,0.271704,0.95,1,3553284,3552812,472
259977241,30.6374,34.3934,468,42514,0.270682,0.81,1,3553312,3552844,468
259980161,32.655,37.1574,463,42564,0.294273,0.83,1,3553346,3552883,463
259988921,30.8179,32.8101,458,42713,0.405953,0.53,1,3553436,3552978,458
259991841,49.5272,56.324,448,42762,0.408381,0.43,1,3553498,3553050,448
259994761,36.0109,41.7296,443,42811,0.445353,0.37,1,3553525,3553082,443
260047321,31.9201,28.2726,478,43690,0.780637,0.53,2,3554077,3553599,478
260061921,34.7659,29.5772,486,43930,0.904605,0.55,2,3554230,3553744,486
260064841,33.7064,34.6309,481,43978,0.907842,0.59,2,3554263,3553782,481
260067761,34.4825,32.4524,485,44026,0.921137,0.59,2,3554298,3553813,485
260070681,33.593,32.7809,485,44074,0.926455,0.61,2,3554331,3553846,485
260073601,51.2372,31.7124,517,44122,0.928582,0.69,2,3554394,3553877,517
260076521,37.2949,49.885,483,44170,0.929433,0.69,2,3554422,3553939,483
260079441,29.318,36.754,479,44218,0.929773,0.71,2,3554446,3553967,479
260082361,24.9272,28.5016,478,44266,0.941909,0.73,2,3554468,3553990,478
260085281,30.9709,24.0006,492,44314,0.934764,0.75,2,3554503,3554011,492
260088201,33.9883,28.8003,496,44362,0.943905,0.81,2,3554539,3554043,496
260091121,26.1953,31.9201,483,44410,0.935562,0.87,2,3554560,3554077,483
260094041,27.2781,24.168,492,44457,0.944225,0.87,2,3554588,3554096,492
260096961,12.1113,26.4672,466,44504,0.94769,0.89,2,3554590,3554124,466
260327641,317.243,348.58,469,21900,0.441984,0.85,1,3557079,3556610,469
260336401,84.0235,92.1971,464,22189,0.085167,0.21,1,3557313,3556849,464
260345161,52.5375,67.4366,423,22475,0.0700107,0.01,1,3557466,3557043,423
260348081,36.615,34.7746,436,22569,0.0580043,0.07,1,3557492,3557056,436
260351001,71.046,27.7099,507,22663,0.0652017,0.03,1,3557586,3557079,507
260353921,85.4184,62.0839,517,22757,0.0440807,0.05,1,3557681,3557164,517
260356841,67.7674,81.2336,479,22850,0.0596323,0.07,1,3557737,3557258,479
260359761,61.3069,65.4934,481,22943,0.0898529,0.21,1,3557794,3557313,481
260380201,62.7309,67.737,483,23582,0.227238,0.11,1,3558220,3557737,483
260383121,56.2924,61.2948,478,23672,0.228895,0.17,1,3558272,3557794,478
260386041,48.9169,53.9179,473,23762,0.253558,0.17,1,3558316,3557843,473
260388961,35.1668,47.9672,455,23851,0.263423,0.13,1,3558342,3557887,455
260391881,71.6667,35.9869,523,23940,0.291369,0.13,1,3558438,3557915,523
260400641,61.6587,68.3272,432,24205,0.402408,0.25,1,3558593,3558161,432
260403561,61.2635,62.7309,434,24293,0.430963,0.23,1,3558654,3558220,434
260456121,50.5505,54.0168,491,25818,0.765736,0.55,2,3559642,3559151,491
260467801,75.0989,30.5668,555,26145,0.913795,0.69,2,3559878,3559323,555
260470721,64.2396,72.2267,512,26226,0.947518,0.69,2,3559935,3559423,512
260546641,58.2058,64.7343,479,28251,0.92728,1,2,3561358,3560879,479
260675121,32.4537,14.3105,518,31379,0.947584,1,2,3563483,3562965,518
260680961,68.9126,58.5697,543,31513,0.943613,1,2,3563621,3563078,543
260686801,76.066,54.3711,559,31647,0.900978,1,2,3563748,3563189,559
260689721,42.4264,69.7485,499,31714,0.918391,1,2,3563768,3563269,499
260727681,31.7774,48.4282,485,32570,0.911427,0.89,2,3564350,3563865,485
260730601,31.911,32.5713,495,32635,0.922571,0.81,2,3564382,3563887,495
260905801,37.3469,36.5302,514,36317,0.253423,1,1,3566950,3566436,514
260914561,31.2862,44.3619,486,36491,0.0474191,1,1,3567041,3566555,486
260917481,50.3145,60.3448,478,36549,0.0489676,0.97,1,3567104,3566626,478
260920401,36.3258,43.9379,472,36607,0.0375871,0.98,1,3567131,3566659,472
260923321,35.5303,40.9752,468,36665,0.0210348,0.77,1,3567166,3566698,468
260926241,37.6121,45.1901,459,36723,0.0264139,0.67,1,3567205,3566746,459
260929161,34.2449,39.676,455,36781,0.0405656,0.51,1,3567237,3566782,455
260932081,40.0979,50.6704,441,36838,0.0462262,0.35,1,3567281,3566840,441
260935001,35.8392,43.6682,435,36895,0.0244905,0.23,1,3567314,3566879,435
260937921,31.7357,37.8673,430,36952,0.0517962,0.21,1,3567343,3566913,430
260940841,33.0943,37.3469,427,37009,0.0507185,0.15,1,3567377,3566950,427
260943761,34.8377,36.5388,427,37066,0.0502874,0.07,1,3567413,3566986,427
260946681,23.5351,27.2155,422,37123,0.086115,0,1,3567429,3567007,422
260949601,30.414,31.2862,423,37180,0.040446,0,1,3567464,3567041,423
260952521,49.9656,12.5145,486,37237,0.0341784,0.05,1,3567527,3567041,486
260955441,34.9862,42.8058,448,37294,0.0136714,0.03,1,3567552,3567104,448
260958361,34.9945,33.3223,456,37351,0.0234685,0.01,1,3567587,3567131,456
260961281,37.3978,34.3289,460,37408,0.0513874,0.03,1,3567626,3567166,460
260964201,34.1591,37.1316,453,37464,0.062555,0.05,1,3567658,3567205,453
260967121,40.0636,34.0526,465,37520,0.067022,0.05,1,3567702,3567237,465
260970041,36.4255,40.0211,455,37576,0.0928088,0.01,1,3567736,3567281,455
260978801,35.3792,33.0893,458,37744,0.0848998,0.05,1,3567835,3567377,458
260981721,24.9517,34.8357,440,37800,0.0879599,0.11,1,3567853,3567413,440
260984641,29.1807,23.5343,456,37856,0.077184,0.01,1,3567885,3567429,456
260987561,50.6723,30.4137,486,37912,0.0368736,0.03,1,3567950,3567464,486
260990481,35.8689,49.9655,449,37968,0.0147494,0,1,3567976,3567527,449
260993401,34.1476,34.9862,457,38024,0.0238998,0.03,1,3568009,3567552,457
260996321,36.459,34.9945,460,38080,0.0515599,0.07,1,3568047,3567587,460
260999241,35.5836,37.3978,456,38135,0.062624,0.07,1,3568082,3567626,456
261002161,40.0334,34.1591,467,38190,0.0550496,0.07,1,3568125,3567658,467
261005081,38.2134,40.0636,460,38245,0.0400198,0.11,1,3568162,3567702,460
261008001,32.0854,36.4255,454,38300,0.0340079,0.11,1,3568190,3567736,454
261010921,32.0341,31.3702,458,38355,0.0676032,0.11,1,3568222,3567764,458
261013841,35.6137,32.9481,462,38410,0.0810413,0.07,1,3568260,3567798,462
261016761,23.8455,35.3792,441,38465,0.0864165,0.09,1,3568276,3567835,441
261022601,50.6153,29.1807,487,38575,0.0990266,0.01,1,3568372,3567885,487
261025521,21.4461,50.6723,424,38630,0.0936107,0,1,3568374,3567950,424
261034281,34.3486,36.459,423,38795,0.0940711,0.07,1,3568470,3568047,423
261063481,21.4153,21.4461,427,39335,0.217408,0.13,1,3568801,3568374,427
261066401,23.5661,24.1784,426,39389,0.212963,0.09,1,3568826,3568400,426
261069321,27.4264,28.8714,424,39443,0.247185,0.09,1,3568856,3568432,424
261072241,34.9706,34.3486,426,39497,0.260874,0.13,1,3568896,3568470,426
261075161,36.1882,35.9394,426,39550,0.25435,0.09,1,3568933,3568507,426
261078081,39.6753,39.5758,426,39603,0.27574,0.17,1,3568975,3568549,426
261081001,39.2701,37.4303,429,39656,0.272296,0.19,1,3569014,3568585,429
261083921,32.508,31.7721,429,39709,0.246918,0.17,1,3569042,3568613,429
261086841,33.4032,33.7088,428,39762,0.236767,0.15,1,3569076,3568648,428
261089761,36.7613,36.2835,429,39815,0.244707,0.15,1,3569115,3568686,429
261092681,24.3045,24.1134,429,39868,0.259883,0.15,1,3569131,3568702,429
261098521,51.4087,50.5381,431,39974,0.270781,0.23,1,3569230,3568799,431
261101441,21.7635,21.4153,431,40027,0.258313,0.21,1,3569232,3568801,431
261104361,24.3054,23.5661,432,40080,0.253325,0.21,1,3569258,3568826,432
261107281,28.9222,9.42644,464,40133,0.28733,0.27,1,3569290,3568826,464
261127721,37.9192,33.3801,473,40499,0.415243,0.25,1,3569549,3569076,473
261130641,25.3677,36.752,451,40551,0.436097,0.27,1,3569566,3569115,451
261191961,28.6622,36.8874,451,41631,0.769491,0.61,2,3570255,3569804,451
261206561,38.2365,38.5214,452,41885,0.93884,0.61,2,3570443,3569991,452
261209481,26.0946,26.2086,452,41935,0.933536,0.65,2,3570461,3570009,452
261212401,32.6378,31.4834,454,41985,0.931414,0.73,2,3570498,3570044,454
261454761,22.662,13.378,520,45967,0.93256,1,2,3573256,3572736,520
261460601,32.4259,29.1405,517,46059,0.90401,1,2,3573319,3572802,517
261466441,38.7881,39.5825,516,46151,0.942641,1,2,3573405,3572889,516
261478121,31.905,30.9893,507,46335,0.909684,1,2,3573514,3573007,507
261483961,30.6648,34.8383,504,46426,0.924349,1,2,3573577,3573073,504
261489801,33.3464,31.7341,503,46516,0.926696,0.95,2,3573643,3573140,503
261492721,32.5385,33.0937,501,46561,0.928678,0.98,2,3573675,3573174,501
261495641,29.8154,33.6375,495,46606,0.941471,0.96,2,3573703,3573208,495
261498561,23.3262,32.655,482,46651,0.934589,0.91,2,3573722,3573240,482
261501481,24.9305,22.662,492,46696,0.943835,0.87,2,3573748,3573256,492
261848961,28.1209,32.5977,493,51790,0.94,1,2,3577327,3576834,493
261851881,32.2484,13.0391,528,51831,0.934,1,2,3577362,3576834,528
261854801,29.0993,22.6156,526,51872,0.9316,1,2,3577389,3576863,526
261917581,76.1639,65.9964,449,24178,0.0769988,0.15,1,3578134,3577685,449
261920501,67.6656,62.9986,450,24266,0.0607995,0,1,3578196,3577746,450
261923421,76.2662,55.1994,482,24353,0.0423198,0.03,1,3578278,3577796,482
261926341,47.3065,58.6798,449,24440,0.0829279,0.07,1,3578306,3577857,449
261929261,30.3226,40.2719,440,24527,0.0991712,0.01,1,3578325,3577885,440
261946781,75.1764,76.963,425,25041,0.0620401,0.11,1,3578703,3578278,425
261949701,46.8706,47.5852,425,25126,0.066816,0.11,1,3578731,3578306,425
261952621,31.3482,30.4341,427,25210,0.0927264,0.13,1,3578752,3578325,427
261970141,72.3471,54.7049,507,25710,0.0629852,0.03,1,3579125,3578618,507
261973061,45.7388,72.882,450,25792,0.0431941,0.07,1,3579153,3578703,450
261975981,32.0955,45.9528,445,25874,0.0472776,0.11,1,3579176,3578731,445
261978901,42.2382,30.9811,473,25956,0.0609111,0.11,1,3579225,3578752,473
261981821,54.6953,40.5924,489,26038,0.0663644,0.11,1,3579288,3578799,489
261990581,59.1805,59.9099,487,26281,0.216167,0.15,1,3579472,3578985,487
261993501,68.0722,59.364,502,26362,0.248467,0.01,1,3579546,3579044,502
261996421,44.6289,72.3456,450,26442,0.225387,0.03,1,3579575,3579125,450
261999341,32.2516,45.7382,446,26522,0.228155,0.05,1,3579599,3579153,446
262002261,42.9006,32.0953,473,26602,0.217262,0.07,1,3579649,3579176,473
262005181,56.7602,42.2381,490,26682,0.200905,0.07,1,3579715,3579225,490
262008101,62.9041,54.6952,494,26761,0.230362,0.17,1,3579782,3579288,494
262011021,62.3616,60.8781,491,26840,0.242145,0.19,1,3579844,3579353,491
262013941,26.1447,60.9512,432,26919,0.246858,0.25,1,3579846,3579414,432
262016861,46.4579,59.1805,434,26998,0.272743,0.27,1,3579906,3579472,434
262037301,62.7892,62.3616,434,27542,0.435203,0.25,1,3580278,3579844,434
262066501,27.2873,26.3157,444,28301,0.758769,0.49,2,3580724,3580280,444
262069421,48.7149,47.1263,446,28376,0.753508,0.49,2,3580787,3580341,446
262072341,67.486,18.8505,526,28451,0.751403,0.61,2,3580867,3580341,526
262075261,44.3944,53.7402,478,28525,0.750561,0.63,2,3580896,3580418,478
262078181,32.1578,38.2961,474,28599,0.750224,0.63,2,3580920,3580446,474
262081101,42.8631,29.7184,500,28673,0.75009,0.59,2,3580970,3580470,500
262084021,59.7452,40.6874,523,28747,0.762036,0.69,2,3581041,3580518,523
262104461,32.061,44.3932,482,29259,0.929056,0.75,2,3581378,3580896,482
262218341,37.6259,49.2071,501,31957,0.414909,1,1,3583282,3582781,501
262221261,31.2504,36.4828,500,32023,0.231964,1,1,3583309,3582809,500
262224181,31.7001,30.7931,505,32089,0.0987854,1,1,3583341,3582836,505
262227101,45.0801,29.1173,531,32155,0.0695142,1,1,3583395,3582864,531
262230021,67.832,47.0469,555,32221,0.0278057,1,1,3583478,3582923,555
262232941,63.7328,64.4188,540,32287,0.0171223,1,1,3583539,3582999,540
262235861,41.6931,65.9675,500,32353,0.0368489,0.98,1,3583566,3583066,500
262238781,32.8772,44.387,497,32418,0.0327396,0.79,1,3583593,3583096,497
262241701,50.9509,41.1548,521,32483,0.0550958,0.63,1,3583656,3583135,521
262244621,43.1804,59.6619,487,32548,0.0520383,0.47,1,3583694,3583207,487
262247541,29.8721,52.0648,461,32613,0.0628153,0.31,1,3583715,3583254,461
262250461,23.3489,37.6259,452,32678,0.0791261,0.11,1,3583734,3583282,452
262253381,26.1395,31.2504,453,32743,0.0736505,0.01,1,3583762,3583309,453
262256301,11.6558,31.7001,423,32808,0.0594602,0.05,1,3583764,3583341,423
262259221,37.0623,45.0801,423,32872,0.0417841,0,1,3583818,3583395,423
262262141,66.4249,67.832,426,32936,0.0227136,0.01,1,3583904,3583478,426
262265061,62.57,63.7328,425,33000,0.00908545,0.05,1,3583964,3583539,425
262267981,40.028,41.6931,423,33064,0.0216342,0.03,1,3583989,3583566,423
262270901,31.6112,32.8772,422,33128,0.0146537,0.07,1,3584015,3583593,422
262273821,51.0445,50.9509,423,33192,0.0478615,0.05,1,3584079,3583656,423
262276741,43.8178,43.1804,424,33256,0.0371446,0.07,1,3584118,3583694,424
262279661,30.1271,29.8721,424,33320,0.0328578,0.09,1,3584139,3583715,424
262282581,24.0508,23.3489,425,33383,0.0671431,0.07,1,3584159,3583734,425
262285501,24.6203,26.1395,422,33446,0.0928573,0.05,1,3584184,3583762,422
262291341,37.4193,37.0623,423,33572,0.0472572,0.01,1,3584241,3583818,423
262294261,65.9677,66.4249,422,33635,0.0369029,0,1,3584326,3583904,422
262297181,62.3871,62.57,422,33698,0.0207611,0.03,1,3584386,3583964,422
262300101,40.5548,40.028,423,33761,0.0383045,0.01,1,3584412,3583989,423
262303021,31.2219,31.6112,422,33824,0.0213218,0.07,1,3584437,3584015,422
262305941,51.4888,51.0445,423,33887,0.0265287,0.03,1,3584502,3584079,423
262308861,44.5955,43.8178,424,33949,0.0406115,0.03,1,3584542,3584118,424
262311781,29.8382,30.1271,423,34011,0.0582446,0.09,1,3584562,3584139,423
262314701,25.1353,24.0508,425,34073,0.0652978,0.11,1,3584584,3584159,425
262317621,26.2541,24.6203,427,34135,0.0561191,0.11,1,3584611,3584184,427
262320541,11.7016,11.0481,427,34197,0.0764477,0.01,1,3584613,3584186,427
262323461,34.6807,37.4193,422,34259,0.0365791,0.01,1,3584663,3584241,422
262326381,65.4723,14.9677,508,34321,0.0206316,0.03,1,3584749,3584241,508
262329301,60.9889,56.9871,481,34383,0.0262526,0.01,1,3584807,3584326,481
262332221,39.9956,58.7948,447,34444,0.0285011,0.05,1,3584833,3584386,447
262335141,30.9982,39.1179,446,34505,0.0414004,0.01,1,3584858,3584412,446
262338061,52.5993,30.6472,488,34566,0.0585602,0.03,1,3584925,3584437,488
262340981,43.8397,51.2589,461,34627,0.0654241,0.05,1,3584963,3584502,461
262343901,30.1359,44.5035,442,34688,0.0801696,0.07,1,3584984,3584542,442
262346821,25.2544,29.8014,444,34749,0.0980679,0.07,1,3585006,3584562,444
262358501,65.0337,34.6797,507,34993,0.0763825,0.01,1,3585170,3584663,507
262361421,60.8135,65.4719,479,35053,0.072553,0.03,1,3585228,3584749,479
262364341,40.5254,60.9888,448,35113,0.0710212,0.03,1,3585255,3584807,448
262367261,30.6102,39.9955,446,35173,0.0704085,0.05,1,3585279,3584833,446
262370181,54.2441,30.9982,491,35233,0.0701634,0.07,1,3585349,3584858,491
262373101,44.4976,52.5993,462,35293,0.0820654,0.07,1,3585387,3584925,462
262376021,31.599,43.8397,447,35353,0.0868261,0.09,1,3585410,3584963,447
262378941,26.4396,30.1359,449,35413,0.0767305,0.11,1,3585433,3584984,449
262381861,27.3758,25.2544,455,35473,0.0966922,0.13,1,3585461,3585006,455
262390621,63.1441,33.5843,508,35651,0.0587483,0.05,1,3585592,3585084,508
262393541,26.4576,65.0337,424,35710,0.0534993,0.07,1,3585594,3585170,424
262396461,46.583,60.8135,426,35769,0.0993997,0.07,1,3585654,3585228,426
262422741,33.0943,31.8601,429,36298,0.0964254,0.01,1,3585937,3585508,429
262425661,60.6377,63.1441,424,36356,0.0925702,0.05,1,3586016,3585592,424
262428581,25.4551,26.4576,424,36414,0.0910281,0.13,1,3586018,3585594,424
262437341,27.4531,26.8933,429,36588,0.217746,0.11,1,3586131,3585702,429
262440261,51.7813,53.9573,425,36646,0.237098,0.13,1,3586199,3585774,425
262443181,45.3125,45.5829,426,36704,0.232839,0.13,1,3586240,3585814,426
262446101,31.325,31.4332,426,36762,0.279136,0.13,1,3586262,3585836,426
262481141,32.4538,44.5663,456,37446,0.424494,0.31,1,3586696,3586240,456
262484061,27.9815,31.0265,459,37502,0.427798,0.33,1,3586721,3586262,459
262486981,28.5926,26.8106,464,37558,0.417119,0.33,1,3586750,3586286,464
262489901,12.637,28.1242,437,37614,0.412848,0.33,1,3586752,3586315,437
262492821,33.2548,12.4497,482,37670,0.423139,0.33,1,3586799,3586317,482
262530781,61.7465,33.2548,523,38393,0.763732,0.47,2,3587322,3586799,523
262533701,25.8986,60.7019,446,38448,0.779493,0.47,2,3587324,3586878,446
262536621,52.3594,25.4808,514,38503,0.773797,0.49,2,3587394,3586880,514
262539541,39.5438,51.5923,476,38558,0.783519,0.53,2,3587425,3586949,476
262542461,29.0175,38.0369,469,38613,0.787408,0.53,2,3587447,3586978,469
262545381,12.807,28.4148,449,38668,0.788963,0.61,2,3587449,3587000,449
262554141,33.9636,34.2425,455,38832,0.914254,0.67,2,3587594,3587139,455
262557061,27.9855,28.097,455,38886,0.923701,0.69,2,3587618,3587163,455
262559981,29.1942,28.0388,457,38940,0.915481,0.69,2,3587648,3587191,457
262562901,12.8777,12.4155,457,38994,0.912192,0.75,2,3587650,3587193,457
262568741,63.5004,61.7465,461,39102,0.905551,0.79,2,3587783,3587322,461
262571661,26.6002,25.8986,461,39156,0.90822,0.77,2,3587785,3587324,461
262574581,52.0401,52.3594,460,39210,0.921288,0.79,2,3587854,3587394,460
262577501,40.016,39.5438,461,39264,0.926515,0.79,2,3587886,3587425,461
262580421,29.8064,29.0175,462,39318,0.940606,0.79,2,3587909,3587447,462
262583341,13.1226,12.807,462,39372,0.946242,0.91,2,3587911,3587449,462
262761461,198.772,197.106,517,19092,0.2764,0.89,1,3590222,3589705,517
262787741,75.716,87.2626,492,20070,0.212988,0.15,1,3590878,3590386,492
262790661,66.2864,74.5051,486,20176,0.235195,0.11,1,3590938,3590452,486
262793581,43.9146,65.202,456,20281,0.244078,0.15,1,3590967,3590511,456
262802341,87.8185,72.5249,526,20594,0.419541,0.17,1,3591239,3590713,526
262805261,78.3274,87.21,501,20697,0.413816,0.25,1,3591311,3590810,501
262808181,67.931,75.684,494,20799,0.447527,0.25,1,3591372,3590878,494
262843221,81.7385,81.7292,451,21992,0.794864,0.61,2,3592134,3591683,451
262860741,55.9518,54.3463,459,22564,0.925027,0.73,2,3592493,3592034,459
262863661,83.5807,21.7385,561,22658,0.940011,0.85,2,3592595,3592034,561
262866581,76.6323,68.6954,533,22752,0.946004,0.87,2,3592667,3592134,533
262869501,71.4529,70.0782,530,22845,0.936402,0.91,2,3592735,3592205,530
262951261,81.4188,84.4452,483,25315,0.285704,1,1,3594501,3594018,483
262957101,53.947,55.5112,483,25482,0.0949127,1,1,3594589,3594106,483
262960021,56.3788,22.2045,541,25565,0.0559651,0.93,1,3594647,3594106,541
262962941,37.5515,51.4818,495,25648,0.040386,0.99,1,3594672,3594177,495
262965861,68.4206,38.5927,554,25731,0.0701544,0.57,1,3594761,3594207,554
262968781,45.9682,79.0371,479,25813,0.0460618,0.55,1,3594792,3594313,479
262995061,48.2102,45.9677,474,26543,0.208096,0.17,1,3595266,3594792,474
262997981,73.2841,45.9871,518,26623,0.233239,0.17,1,3595356,3594838,518
263000901,49.7136,71.1948,464,26703,0.255295,0.13,1,3595390,3594926,464
263024261,73.8189,73.2841,435,27331,0.414526,0.27,1,3595791,3595356,435
263027181,50.5276,49.7136,436,27408,0.42381,0.33,1,3595826,3595390,436
263030101,52.011,51.6854,436,27485,0.439524,0.37,1,3595879,3595443,436
263076821,75.2807,47.891,539,28693,0.780711,0.57,2,3596679,3596140,539
263094341,65.1517,27.459,545,29133,0.913122,0.71,2,3596957,3596412,545
263097261,48.2607,64.3836,493,29206,0.947249,0.73,2,3596994,3596501,493
263219901,54.775,28.3402,564,32107,0.93208,1,2,3599033,3598469,564
263225741,63.124,50.9744,543,32239,0.786333,1,2,3599147,3598604,543
263234501,34.5679,44.1824,509,32435,0.436005,1,1,3599282,3598773,509
263240341,39.6109,50.1492,512,32565,0.260561,0.95,1,3599376,3598864,512
263243261,32.6443,39.8597,507,32630,0.206224,1,1,3599404,3598897,507
263254941,27.7541,45.31,463,32889,0.221903,0.73,1,3599535,3599072,463
263257861,49.5016,63.124,452,32953,0.214761,0.43,1,3599599,3599147,452
263263701,39.7203,47.4198,441,33081,0.217962,0.41,1,3599697,3599256,441
263266621,30.2881,34.5679,439,33145,0.201185,0.27,1,3599721,3599282,439
263269541,45.7152,51.0272,433,33209,0.218474,0.21,1,3599777,3599344,433
263272461,36.8861,39.6109,432,33273,0.20139,0.17,1,3599808,3599376,432
263275381,31.5544,32.6443,432,33337,0.230556,0.11,1,3599836,3599404,432
263278301,33.6218,34.6577,431,33400,0.266222,0.15,1,3599871,3599440,431
263310421,33.8263,33.6218,434,34089,0.438635,0.35,1,3600305,3599871,434
263357141,65.8747,49.9987,524,35068,0.768056,0.59,2,3600991,3600467,524
263360061,40.7499,64.3995,474,35128,0.781222,0.59,2,3601015,3600541,474
263362981,30.0999,40.1598,473,35188,0.774489,0.59,2,3601038,3600565,473
263365901,48.64,29.2639,512,35248,0.759796,0.63,2,3601099,3600587,512
263368821,39.856,47.1056,487,35308,0.789918,0.67,2,3601133,3600646,487
263371741,35.7424,38.6422,487,35368,0.789967,0.65,2,3601166,3600679,487
263389261,22.3535,52.1866,460,35725,0.928593,0.79,2,3601376,3600916,460
263552781,32.6418,35.9953,485,38898,0.903846,1,2,3603580,3603095,485
263558621,40.8627,41.7592,488,39006,0.942615,1,2,3603676,3603188,488
263561541,38.5451,36.5037,492,39060,0.911046,1,2,3603713,3603221,492
263640381,34.5709,37.142,478,40494,0.784352,0.53,2,3604658,3604180,478
263643301,35.4284,34.6568,481,40546,0.799741,0.55,2,3604694,3604213,481
263678341,36.093,36.9273,494,41167,0.903405,0.81,2,3605119,3604625,494
263681261,36.0372,34.5709,497,41218,0.919362,0.81,2,3605155,3604658,497
263684181,49.8149,35.4284,520,41269,0.937745,0.85,2,3605214,3604694,520
263946981,29.7494,33.1449,498,45641,0.916,1,2,3608235,3607737,498
263952821,35.3599,30.0232,512,45733,0.93256,1,2,3608307,3607795,512
264012681,299.929,341.972,439,20440,0.23297,0.13,1,3608917,3608478,439
264018521,122.629,121.076,463,21370,0.0960752,0.07,1,3609090,3608627,463
264021441,71.2515,85.0302,439,21469,0.0564301,0.03,1,3609127,3608688,439
264024361,81.9006,82.6121,447,21568,0.040572,0.03,1,3609216,3608769,447
264027281,86.7602,64.8448,484,21666,0.0582288,0.03,1,3609306,3608822,484
264030201,39.5041,63.7379,429,21764,0.0652915,0.05,1,3609314,3608885,429
264038961,79.8563,84.0952,425,22055,0.0773787,0.03,1,3609515,3609090,425
264041881,52.9425,55.8381,423,22151,0.0309515,0.03,1,3609550,3609127,423
264044801,74.577,75.7352,423,22247,0.0423806,0.07,1,3609639,3609216,423
264047721,85.0308,84.2941,425,22342,0.0229522,0.07,1,3609731,3609306,425
264050641,39.4123,38.5176,426,22437,0.0271809,0.15,1,3609740,3609314,426
264053561,34.3649,32.2071,429,22532,0.0108724,0.15,1,3609771,3609342,429
264056481,62.346,12.8828,510,22626,0.0343489,0.17,1,3609852,3609342,510
264059401,75.9384,53.7531,514,22720,0.0317396,0.03,1,3609937,3609423,514
264062321,51.9754,76.7013,458,22813,0.0306958,0,1,3609973,3609515,458
264065241,74.7901,51.6805,513,22906,0.0542783,0.05,1,3610063,3609550,513
264068161,83.3161,74.0722,513,22999,0.0397113,0.01,1,3610152,3609639,513
264071081,39.3264,84.8289,431,23091,0.0338845,0.03,1,3610162,3609731,431
264074001,33.7306,39.3315,452,23183,0.0315538,0,1,3610192,3609740,452
264076921,63.2922,34.3326,504,23274,0.0786215,0.05,1,3610275,3609771,504
264085681,73.8907,51.9733,512,23546,0.212632,0.07,1,3610485,3609973,512
264091521,39.7825,83.3157,433,23726,0.205621,0.03,1,3610585,3610152,433
264094441,33.313,39.3263,452,23815,0.220248,0.03,1,3610614,3610162,452
264097361,66.1252,33.7305,510,23904,0.262099,0.11,1,3610702,3610192,510
264100281,27.6501,63.2922,429,23993,0.27884,0.25,1,3610704,3610275,429
264173281,70.191,30.1982,552,26111,0.773982,0.67,2,3612140,3611588,552
264182041,84.4362,74.1007,546,26354,0.921455,0.69,2,3612357,3611811,546
264184961,40.9745,84.2403,467,26434,0.938582,0.69,2,3612369,3611902,467
264281321,78.5312,45.9586,577,28959,0.246563,1,1,3614168,3613591,577
264287161,44.245,43.9534,525,29105,0.0766501,1,1,3614237,3613712,525
264290081,36.898,52.3814,499,29178,0.03666,1,1,3614269,3613770,499
264293001,33.9592,36.5525,505,29251,0.032664,1,1,3614301,3613796,505
264295921,62.1837,30.221,560,29323,0.0310656,0.97,1,3614382,3613822,560
264298841,42.2735,69.6884,493,29395,0.0424262,0.81,1,3614411,3613918,493
264301761,54.7094,47.6754,523,29467,0.0469705,0.47,1,3614474,3613951,523
264304681,38.0838,67.0701,470,29539,0.0487882,0.33,1,3614501,3614031,470
264307601,72.2335,50.8281,525,29611,0.0855153,0.11,1,3614596,3614071,525
264316361,34.9349,44.245,455,29824,0.089233,0.01,1,3614692,3614237,455
264319281,15.174,36.898,425,29895,0.0776932,0.03,1,3614694,3614269,425
264322201,23.4696,33.9592,422,29966,0.0610773,0.03,1,3614723,3614301,422
264325121,58.5878,62.1837,423,30037,0.0304309,0.05,1,3614805,3614382,423
264328041,40.2351,42.2735,422,30107,0.0421724,0.05,1,3614833,3614411,422
264330961,55.0941,54.7094,424,30177,0.0468689,0.05,1,3614898,3614474,424
264333881,38.2376,38.0838,424,30247,0.0607476,0.11,1,3614925,3614501,424
264345561,33.2061,34.9349,425,30526,0.249955,0.07,1,3615117,3614692,425
264348481,14.4824,15.174,425,30595,0.249982,0.05,1,3615119,3614694,425
264351401,23.193,23.4696,425,30664,0.273993,0.01,1,3615148,3614723,425
264354321,57.2772,58.5878,423,30733,0.247597,0.05,1,3615228,3614805,423
264357241,40.3109,40.2351,424,30802,0.237039,0.05,1,3615257,3614833,424
264360161,55.1243,55.0941,424,30871,0.268816,0.07,1,3615322,3614898,424
264363081,38.8497,38.2376,425,30940,0.281526,0.15,1,3615350,3614925,425
264366001,76.7399,74.0951,429,31008,0.27461,0.19,1,3615452,3615023,429
264368921,45.696,44.038,430,31076,0.283844,0.21,1,3615477,3615047,430
264371841,46.4784,44.0152,433,31144,0.251538,0.29,1,3615524,3615091,433
264374761,34.7914,33.2061,434,31212,0.226615,0.25,1,3615551,3615117,434
264377681,15.1165,14.4824,434,31280,0.216646,0.25,1,3615553,3615119,434
264386441,40.4475,55.8869,461,31482,0.213785,0.23,1,3615689,3615228,461
264389361,56.979,39.7548,500,31549,0.223514,0.29,1,3615757,3615257,500
264392281,39.5916,54.9019,463,31616,0.227406,0.29,1,3615785,3615322,463
264395201,76.4366,38.7608,536,31683,0.240962,0.27,1,3615886,3615350,536
264398121,44.9747,76.7043,458,31750,0.258385,0.29,1,3615910,3615452,458
264412721,55.1268,24.0463,505,32081,0.413862,0.19,1,3616088,3615583,505
264459441,44.7955,45.7066,447,33120,0.76321,0.59,2,3616791,3616344,447
264462361,49.7182,47.0826,452,33184,0.791284,0.61,2,3616844,3616392,452
264471121,26.558,25.1893,454,33375,0.916802,0.63,2,3616906,3616452,454
264474041,57.4232,57.4757,453,33438,0.948721,0.63,2,3616984,3616531,453
264476961,24.1693,24.1903,453,33501,0.937488,0.63,2,3616986,3616533,453
264479881,30.0677,30.0761,453,33564,0.944995,0.65,2,3617020,3616567,453
264617121,41.8973,39.9925,497,36408,0.934,1,2,3619033,3618536,497
264634641,31.0043,26.67,499,36756,0.444421,1,1,3619282,3618783,499
264643401,33.9763,40.3949,475,36927,0.218763,1,1,3619388,3618913,475
264652161,40.1425,41.8973,470,37098,0.0872008,0.81,1,3619503,3619033,470
264655081,32.857,38.3589,462,37155,0.0648803,0.81,1,3619531,3619069,462
264658001,52.1428,15.3436,527,37212,0.0799521,0.67,1,3619596,3619069,527
264660921,37.6571,52.3374,478,37269,0.0739809,0.57,1,3619624,3619146,478
264663841,39.0628,40.135,486,37326,0.0835923,0.59,1,3619664,3619178,486
264666761,35.4251,40.054,479,37383,0.0874369,0.47,1,3619697,3619218,479
264690121,30.6903,40.1415,449,37832,0.201098,0.05,1,3619952,3619503,449
264693041,54.2761,32.8566,491,37888,0.206439,0.09,1,3620022,3619531,491
264695961,37.3104,52.1426,452,37944,0.220576,0.07,1,3620048,3619596,452
264698881,38.3242,37.6571,463,38000,0.22623,0.09,1,3620087,3619624,463
264701801,37.5297,39.0628,460,38056,0.216492,0.09,1,3620124,3619664,460
264704721,25.8119,35.4251,445,38112,0.224597,0.15,1,3620142,3619697,445
264707641,30.7247,26.7701,458,38167,0.263839,0.11,1,3620176,3619718,458
264710561,36.2899,29.308,467,38222,0.279536,0.13,1,3620216,3619749,467
264731001,38.0212,54.2761,458,38607,0.405807,0.23,1,3620480,3620022,458
264733921,16.4085,37.3104,434,38662,0.420323,0.23,1,3620482,3620048,434
264768961,40.0826,38.0212,444,39312,0.78412,0.43,2,3620924,3620480,444
264771881,17.2331,16.4085,444,39366,0.799648,0.49,2,3620926,3620482,444
264827361,32.0474,38.6511,491,40374,0.910217,0.85,2,3621594,3621103,491
264830281,33.819,32.2604,498,40426,0.922087,0.87,2,3621629,3621131,498
264833201,39.9276,33.9042,507,40478,0.938835,0.87,2,3621673,3621166,507
264836121,40.571,39.3617,505,40530,0.933534,0.87,2,3621714,3621209,505
264839041,33.6284,40.3447,493,40582,0.931414,0.87,2,3621743,3621250,493
265024461,321.794,345.632,471,18980,0.405547,0.81,1,3623955,3623484,471
265030301,122.647,135.581,466,19925,0.0780875,0,1,3624115,3623649,466
265033221,111.459,110.032,477,20031,0.037235,0.05,1,3624219,3623742,477
265036141,79.9835,101.013,441,20137,0.044894,0.05,1,3624278,3623837,441
265039061,64.9934,65.0052,455,20242,0.0479576,0.09,1,3624333,3623878,455
265041981,43.3974,56.0021,434,20347,0.037183,0.01,1,3624362,3623928,434
265044901,67.1589,38.6008,490,20451,0.0448732,0.03,1,3624445,3623955,490
265050741,94.8654,77.3361,526,20658,0.0827797,0.01,1,3624641,3624115,526
265053661,72.7462,93.3345,480,20761,0.0631119,0.05,1,3624699,3624219,480
265056581,62.0985,72.7338,476,20863,0.0312448,0.05,1,3624754,3624278,476
265059501,44.0394,62.0935,453,20965,0.0124979,0.03,1,3624786,3624333,453
265062421,18.8158,42.2374,426,21066,0.0349992,0.05,1,3624788,3624362,426
265065341,56.1263,66.695,424,21167,0.0439997,0.19,1,3624869,3624445,424
265068261,82.4505,82.478,431,21267,0.0355999,0.05,1,3624969,3624538,431
265071181,89.9802,94.7912,423,21367,0.0322399,0.05,1,3625064,3624641,423
265074101,71.3921,72.7165,424,21466,0.054896,0.01,1,3625123,3624699,424
265077021,60.3568,62.0866,422,21565,0.0279584,0,1,3625176,3624754,422
265079941,44.5427,44.0346,424,21663,0.0111834,0.05,1,3625210,3624786,424
265082861,19.0171,18.8139,424,21761,0.0104733,0.05,1,3625212,3624788,424
265085781,56.8068,56.1255,425,21858,0.0581893,0.03,1,3625294,3624869,425
265088701,81.5227,82.4502,423,21955,0.0772757,0.03,1,3625392,3624969,423
265091621,89.0091,89.9801,422,22052,0.0729103,0.07,1,3625486,3625064,422
265094541,71.6036,71.392,423,22148,0.0591641,0.01,1,3625546,3625123,423
265097461,59.8415,60.3568,422,22244,0.0416656,0,1,3625598,3625176,422
265100381,44.3366,44.5427,422,22339,0.0166663,0.01,1,3625632,3625210,422
265103301,18.9346,19.0171,422,22434,0.0126665,0.09,1,3625634,3625212,422
265106221,57.9739,56.8068,424,22529,0.0470666,0.09,1,3625718,3625294,424
265109141,81.9895,22.7227,522,22623,0.0488266,0.09,1,3625816,3625294,522
265112061,87.9958,67.8891,516,22717,0.0855307,0.07,1,3625908,3625392,516
265114981,70.5983,83.5556,481,22810,0.0642123,0.05,1,3625967,3625486,481
265117901,59.4393,69.4223,473,22903,0.0436849,0.03,1,3626019,3625546,473
265120821,44.1757,58.9689,455,22996,0.017474,0,1,3626053,3625598,455
265123741,18.8703,43.9876,423,23088,0.0129896,0.01,1,3626055,3625632,423
265126661,58.5481,18.795,506,23180,0.0231958,0.07,1,3626140,3625634,506
265129581,82.8192,57.918,521,23271,0.0632783,0.05,1,3626239,3625718,521
265135421,69.6511,87.9869,482,23453,0.205725,0.05,1,3626390,3625908,482
265138341,57.8604,70.5948,473,23543,0.24429,0.03,1,3626440,3625967,473
265141261,44.1442,59.4379,456,23633,0.223716,0,1,3626475,3626019,456
265144181,18.8577,44.1752,424,23723,0.215486,0.01,1,3626477,3626053,424
265150021,85.8172,58.548,526,23901,0.213278,0.09,1,3626666,3626140,526
265152941,35.5269,82.8192,429,23990,0.223311,0.19,1,3626668,3626239,429
265155861,73.0108,90.1277,432,24078,0.263324,0.25,1,3626766,3626334,432
265158781,64.0043,69.6511,434,24166,0.27933,0.27,1,3626824,3626390,434
265161701,55.0017,57.8604,433,24254,0.285732,0.21,1,3626873,3626440,433
265164621,41.2007,44.1442,430,24341,0.276293,0.21,1,3626905,3626475,430
265167541,17.6803,18.8577,430,24428,0.272517,0.17,1,3626907,3626477,430
265182141,64.3244,64.0043,434,24859,0.444611,0.29,1,3627258,3626824,434
265228861,66.6938,76.9231,507,26189,0.762893,0.55,2,3628149,3627642,507
265231781,57.2775,66.1692,499,26270,0.779157,0.57,2,3628200,3627701,499
265240541,62.1058,18.1548,542,26511,0.905466,0.65,2,3628328,3627786,542
265243461,90.2423,60.6619,562,26591,0.944186,0.69,2,3628437,3627875,562
265360261,50.6784,72.5804,513,29608,0.91479,1,2,3630558,3630045,513
265398221,31.4101,32.7874,461,30523,0.903023,0.79,2,3631122,3630661,461
265404061,27.5856,26.966,463,30661,0.928084,0.83,2,3631177,3630714,463
265541301,55.3408,54.8778,489,33751,0.75638,1,2,3633427,3632938,489
265552981,36.7831,36.2817,489,34001,0.412051,1,1,3633559,3633070,489
265558821,36.6053,43.8451,481,34125,0.285528,1,1,3633630,3633149,481
265590941,34.7944,34.4993,469,34801,0.216932,0.25,1,3634061,3633592,469
265593861,44.5178,36.5997,482,34862,0.224773,0.11,1,3634112,3633630,482
265596781,32.8071,47.6399,452,34923,0.215909,0.11,1,3634137,3633685,452
265599701,36.5228,35.256,464,34984,0.260364,0.09,1,3634176,3633712,464
265611381,30.0614,36.2978,453,35224,0.403481,0.17,1,3634357,3633904,453
265614301,29.4246,27.7191,460,35284,0.419392,0.23,1,3634386,3633926,460
265617221,34.5698,30.2876,466,35344,0.437757,0.19,1,3634424,3633958,466
265620141,30.6279,33.7151,458,35404,0.445103,0.15,1,3634452,3633994,458
265623061,36.2512,31.486,468,35464,0.448041,0.25,1,3634492,3634024,468
265675621,45.2081,44.537,448,36522,0.7694,0.57,2,3635191,3634743,448
265716501,30.6256,29.5533,488,37324,0.913189,0.83,2,3635709,3635221,488
265719421,30.8502,27.4213,493,37381,0.935276,0.83,2,3635740,3635247,493
265815781,66.4084,72.495,484,39202,0.94,1,2,3637040,3636556,484
266009961,100.816,95.0571,517,19314,0.426374,0.67,1,3639613,3639096,517
266012881,70.3263,90.8228,479,19424,0.44055,0.47,1,3639663,3639184,479
266039161,103.505,40.5214,591,20386,0.776122,0.57,2,3640345,3639754,591
266065441,76.9529,87.0005,464,21304,0.904593,0.85,2,3640972,3640508,464
266068361,60.7812,64.8002,464,21404,0.931837,0.85,2,3641022,3640558,464
266071281,67.5125,69.1201,464,21503,0.942735,0.83,2,3641094,3640630,464
266167641,45.9381,48.114,484,24549,0.410677,1,1,3643247,3642763,484
266170561,57.9752,61.8456,479,24635,0.278271,1,1,3643313,3642834,479
266173481,45.3901,45.1382,482,24721,0.261308,0.98,1,3643350,3642868,482
266196841,42.0376,45.3901,433,25399,0.224207,0.15,1,3643783,3643350,433
266199761,50.4151,55.356,427,25482,0.239683,0.15,1,3643839,3643412,427
266202681,42.366,22.1424,464,25565,0.257873,0.17,1,3643876,3643412,464
266205601,39.7464,31.057,465,25648,0.277149,0.13,1,3643914,3643449,465
266211441,62.1594,94.9691,465,25813,0.412744,0.17,1,3644088,3643623,465
266214361,42.8638,58.9876,460,25895,0.435098,0.19,1,3644118,3643658,460
266217281,53.7455,40.3951,493,25977,0.444039,0.19,1,3644179,3643686,493
266264001,42.1411,42.7071,449,27253,0.777688,0.61,2,3645008,3644559,449
266293201,58.6983,56.4564,463,28020,0.902129,0.83,2,3645537,3645074,463
266296121,46.2793,45.3826,463,28096,0.930852,0.87,2,3645575,3645112,463
266410001,46.3687,51.2925,474,30898,0.442809,0.98,1,3647535,3647061,474
266412921,41.3475,43.917,473,30966,0.423124,1,1,3647573,3647100,473
266415841,32.739,34.9668,471,31034,0.403249,0.93,1,3647600,3647129,471
266424601,56.3833,61.4699,454,31238,0.412928,0.59,1,3647789,3647335,454
266427521,31.5533,36.5879,449,31306,0.435171,0.59,1,3647804,3647355,449
266430441,23.4213,14.6352,467,31374,0.408068,0.49,1,3647822,3647355,467
266436281,42.2674,51.5416,481,31508,0.428891,0.49,1,3647930,3647449,481
266439201,43.307,44.0167,486,31575,0.441556,0.39,1,3647974,3647488,486
266500521,40.2372,45.3165,456,32953,0.772257,0.71,2,3648876,3648420,456
266503441,37.6949,40.3266,455,33017,0.794903,0.73,2,3648912,3648457,455
266523881,55.873,55.7068,457,33463,0.923414,0.71,2,3649248,3648791,457
266526801,23.5492,23.4827,457,33526,0.915366,0.77,2,3649250,3648793,457
266529721,32.8197,31.5931,459,33589,0.948146,0.79,2,3649289,3648830,459
266658201,41.4917,40.4103,490,36254,0.93112,1,2,3651189,3650699,490
266661121,39.9967,35.9641,496,36312,0.912448,1,2,3651228,3650732,496
266664041,36.3987,29.9856,504,36370,0.934979,1,2,3651262,3650758,504
266666961,33.7595,28.1943,509,36428,0.931992,1,2,3651294,3650785,509
266669881,32.7038,32.8777,505,36486,0.906797,1,2,3651326,3650821,505
266699081,33.9473,36.3987,465,37061,0.448401,0.93,1,3651727,3651262,465
266745801,38.856,23.5805,495,37963,0.770542,0.51,2,3652304,3651809,495
266780841,11.1272,23.6401,460,38625,0.795078,0.79,2,3652715,3652255,460
266792521,37.5329,37.8628,462,38844,0.901394,0.83,2,3652911,3652449,462
266795441,24.0131,23.5451,463,38898,0.930558,0.85,2,3652926,3652463,463
266958961,43.0683,37.8443,502,41830,0.912863,1,2,3654987,3654485,502
266964801,33.5309,31.8551,507,41930,0.761658,1,2,3655050,3654543,507
267002761,31.7698,35.8273,459,42580,0.4403,0.71,1,3655477,3655018,459
267055321,31.1118,27.9657,476,43464,0.761172,0.47,2,3656029,3655553,476
267058241,30.4447,30.3863,474,43513,0.766469,0.45,2,3656059,3655585,474
267061161,52.3779,30.7545,510,43561,0.792588,0.55,2,3656126,3655616,510
267084521,33.5961,41.5449,483,43945,0.903349,0.75,2,3656377,3655894,483
267087441,32.0384,31.6179,489,43993,0.91934,0.75,2,3656408,3655919,489
267090361,20.0154,31.2472,470,44041,0.925736,0.75,2,3656420,3655950,470
267093281,28.4061,19.6989,492,44089,0.940294,0.75,2,3656454,3655962,492
267096201,31.7625,28.2795,492,44137,0.946118,0.77,2,3656488,3655996,492
267099121,30.705,31.1118,489,44185,0.948447,0.77,2,3656518,3656029,489
267102041,53.682,30.4447,528,44233,0.913379,0.81,2,3656587,3656059,528
267104961,33.4728,52.3779,481,44281,0.911352,0.81,2,3656607,3656126,481
267107881,34.3891,32.9512,496,44329,0.934541,0.85,2,3656642,3656146,496
267110801,26.9556,32.9805,485,44377,0.943816,0.83,2,3656664,3656179,485
267315201,33.4279,34.0877,529,47588,0.933846,1,2,3658904,3658375,529
267316661,31.3712,37.0351,520,47632,0.925539,1,2,3658934,3658414,520
267366301,316.148,350.214,467,21900,0.424215,0.77,1,3659440,3658973,467
267369221,173.859,178.486,482,21997,0.211686,0.65,1,3659519,3659037,482
267375061,82.8975,91.7977,466,22189,0.0830698,0.21,1,3659657,3659191,466
267377981,61.959,78.1191,445,22285,0.0752279,0.19,1,3659705,3659260,445
267386741,35.6934,40.7596,442,22569,0.0804146,0.09,1,3659845,3659403,442
267398421,55.797,65.1282,472,22943,0.227227,0.07,1,3660129,3659657,472
267401341,65.5188,54.8513,496,23035,0.228891,0.15,1,3660201,3659705,496
267404261,54.4075,62.7405,475,23127,0.265556,0.13,1,3660248,3659773,475
267407181,34.963,55.0962,447,23219,0.280223,0.05,1,3660270,3659823,447
267410101,75.1852,35.2385,527,23310,0.286089,0.17,1,3660372,3659845,527
267468501,65.3115,65.3977,450,25067,0.781377,0.59,2,3661523,3661073,450
267471421,55.5246,56.1591,449,25152,0.786551,0.59,2,3661572,3661123,449
267474341,39.0098,38.0636,451,25236,0.76462,0.69,2,3661600,3661149,451
267480181,33.6016,32.7302,454,25404,0.920339,0.73,2,3661711,3661257,454
267483101,62.0406,60.4921,456,25487,0.938136,0.73,2,3661792,3661336,456
267602821,82.6,36.6489,594,28698,0.905197,1,2,3664089,3663495,594
267620341,35.1618,39.2436,511,29138,0.449656,1,1,3664361,3663850,511
267669981,62.4084,59.5816,450,30349,0.755606,0.63,2,3665195,3664745,450
267672901,43.5634,40.6326,453,30419,0.788242,0.69,2,3665226,3664773,453
267684581,38.8528,39.2626,455,30696,0.912547,0.73,2,3665350,3664895,455
267687501,76.1411,75.705,456,30765,0.947019,0.73,2,3665451,3664995,456
267757581,61.4758,64.9422,534,32375,0.922,1,2,3666595,3666061,534
267877301,43.8302,54.6677,513,34953,0.939996,1,2,3668390,3667877,513
267880221,37.9321,43.4671,511,35013,0.903998,1,2,3668424,3667913,511
267883141,35.5728,32.9868,519,35073,0.907599,1,2,3668458,3667939,519
267897741,32.9198,34.9199,514,35373,0.240932,1,1,3668665,3668151,514
267932781,31.8947,32.9198,436,36084,0.207645,0.13,1,3669101,3668665,436
267935701,30.1579,32.9679,432,36143,0.209058,0.19,1,3669130,3668698,432
267947381,35.476,35.1304,429,36375,0.201816,0.15,1,3669322,3668893,429
267950301,15.3904,15.2522,429,36433,0.218726,0.19,1,3669324,3668895,429
267953221,20.5562,20.5009,429,36491,0.213491,0.15,1,3669348,3668919,429
267956141,46.0225,44.2003,432,36549,0.283396,0.17,1,3669411,3668979,432
267976581,43.8063,43.2253,428,36952,0.402115,0.19,1,3669673,3669245,428
267979501,48.7225,46.6901,431,37009,0.418846,0.23,1,3669725,3669294,431
267982421,36.289,35.476,431,37066,0.449538,0.23,1,3669753,3669322,431
268067101,22.9933,34.6958,451,38685,0.791822,0.59,2,3670769,3670318,451
268072941,30.6789,32.5513,451,38795,0.787892,0.61,2,3670832,3670381,451
268078781,30.1086,30.1682,452,38903,0.799263,0.61,2,3670895,3670443,452
268099221,54.0016,50.7079,460,39281,0.913667,0.75,2,3671203,3670743,460
268102141,22.8006,21.4832,460,39335,0.923467,0.83,2,3671205,3670745,460
268265661,24.8523,33.0922,487,42235,0.921212,1,2,3673230,3672743,487
268271501,33.8564,24.8547,509,42335,0.798994,1,2,3673305,3672796,509
268274421,29.7425,16.5419,525,42385,0.769598,1,2,3673332,3672807,525
268364941,32.4446,32.3527,482,43901,0.751379,0.61,2,3674337,3673855,482
268367861,45.3778,32.7411,503,43949,0.762552,0.63,2,3674391,3673888,503
268370781,28.9511,43.6964,470,43997,0.767021,0.63,2,3674409,3673939,470
268373701,37.9805,28.2786,496,44045,0.768808,0.59,2,3674453,3673957,496
268388301,24.6596,33.7446,472,44285,0.770429,0.67,2,3674598,3674126,472
268391221,31.4639,24.2978,490,44333,0.794172,0.69,2,3674634,3674144,490
268405821,31.3811,33.1115,459,44570,0.905185,0.77,2,3674764,3674305,459
268408741,32.3524,32.4446,460,44617,0.932074,0.77,2,3674797,3674337,460
268411661,45.341,45.3778,460,44664,0.94283,0.77,2,3674851,3674391,460
268575181,35.3167,31.0498,522,47236,0.904,1,2,3676632,3676110,522
268632121,159.77,169.707,467,21997,0.202806,0.25,1,3677249,3676782,467
268637961,79.3232,81.1531,457,22189,0.054049,0.09,1,3677374,3676917,457
268640881,80.9293,81.6612,457,22285,0.0276196,0.01,1,3677456,3676999,457
268643801,73.7717,72.2645,460,22380,0.0530478,0.03,1,3677525,3677065,460
268646721,63.7087,68.5058,451,22475,0.0632191,0.09,1,3677582,3677131,451
268649641,34.4835,44.2023,438,22569,0.0792877,0.03,1,3677597,3677159,438
268652561,59.9934,36.2809,484,22663,0.0977151,0.09,1,3677674,3677190,484
268658401,61.5589,55.3649,488,22850,0.0696344,0,1,3677796,3677308,488
268661321,73.2236,61.746,503,22943,0.0458538,0.01,1,3677877,3677374,503
268664241,72.4894,73.8984,493,23035,0.0363415,0.07,1,3677949,3677456,493
268667161,63.1958,70.9594,481,23127,0.0565366,0.07,1,3678006,3677525,481
268670081,34.8783,62.5837,440,23219,0.0766146,0.09,1,3678022,3677582,440
268673001,61.3513,34.0335,504,23310,0.0966459,0.11,1,3678101,3677597,504
268681761,71.9665,61.5301,503,23582,0.0899453,0.03,1,3678299,3677796,503
268684681,73.1866,73.2121,496,23672,0.0539781,0.03,1,3678373,3677877,496
268687601,63.4746,72.4848,481,23762,0.0395913,0.07,1,3678430,3677949,481
268690521,35.5899,63.1939,441,23851,0.0578365,0.09,1,3678447,3678006,441
268693441,62.8359,34.8776,506,23940,0.0891346,0.11,1,3678528,3678022,506
268705121,66.4134,71.9665,423,24293,0.0653058,0.03,1,3678722,3678299,423
268708041,70.9654,73.1866,423,24380,0.0261223,0.03,1,3678796,3678373,423
268710961,63.1861,63.4746,424,24467,0.0524489,0.07,1,3678854,3678430,424
268713881,36.0745,35.5899,425,24554,0.0629796,0.11,1,3678872,3678447,425
268716801,64.2298,62.8359,427,24640,0.0911918,0.11,1,3678955,3678528,427
268725561,49.9027,50.5335,427,24897,0.207196,0.03,1,3679072,3678645,427
268728481,63.1611,66.4134,422,24982,0.232879,0,1,3679144,3678722,422
268734321,64.1058,63.1861,425,25152,0.0744606,0.07,1,3679279,3678854,425
268737241,36.4423,36.0745,425,25236,0.0597842,0.11,1,3679297,3678872,425
268754761,64.1294,58.3844,496,25736,0.228976,0.03,1,3679640,3679144,496
268757681,61.6518,68.3538,481,25818,0.217591,0.05,1,3679700,3679219,481
268760601,35.4607,63.3415,439,25900,0.213036,0.05,1,3679718,3679279,439
268763521,68.7843,36.1366,512,25982,0.235215,0.13,1,3679809,3679297,512
268766441,28.7137,65.4546,429,26064,0.244086,0.13,1,3679811,3679382,429
268769361,52.8855,27.3819,496,26145,0.283634,0.19,1,3679880,3679384,496
268833601,60.3804,60.4072,449,27873,0.780042,0.55,2,3681026,3680577,449
268836521,34.9521,34.9629,449,27949,0.798017,0.59,2,3681044,3680595,449
268839441,70.9809,69.7851,451,28025,0.781207,0.59,2,3681139,3680688,451
268842361,29.5923,29.1141,451,28101,0.798483,0.59,2,3681141,3680690,451
268845281,56.8369,56.6456,451,28176,0.793393,0.67,2,3681216,3680765,451
268854041,57.4696,56.3773,457,28401,0.926537,0.75,2,3681359,3680902,457
268950401,67.9528,66.7212,493,30765,0.94312,1,2,3683043,3682550,493
268953321,44.5811,39.8885,500,30834,0.947248,1,2,3683072,3682572,500
268965001,36.9349,42.2003,482,31107,0.763882,1,2,3683259,3682777,482
268967921,55.574,58.2801,481,31175,0.755553,1,2,3683327,3682846,481
268970841,40.2296,42.5121,479,31243,0.776221,0.97,2,3683357,3682878,479
268976681,28.9967,18.0819,502,31379,0.761395,1,2,3683427,3682925,502
268997121,51.2914,36.8904,523,31848,0.791971,0.75,2,3683782,3683259,523
269011721,43.4046,61.9982,489,32178,0.923499,0.73,2,3684000,3683511,489
269014641,36.5618,42.7993,491,32244,0.939399,0.73,2,3684032,3683541,491
269017561,63.8247,36.3197,541,32310,0.94576,0.73,2,3684114,3683573,541
269178161,34.162,33.5343,513,35730,0.914896,1,2,3686460,3685947,513
269189841,38.3241,38.8505,494,35966,0.426189,1,1,3686620,3686126,494
269198601,45.5327,43.2624,488,36143,0.0932761,1,1,3686747,3686259,488
269204441,38.8452,46.282,472,36259,0.0833242,0.93,1,3686832,3686360,472
269207361,34.7381,39.5128,469,36317,0.0333297,0.95,1,3686864,3686395,469
269210281,33.0952,34.4051,470,36375,0.0553319,0.89,1,3686896,3686426,470
269213201,28.8381,34.162,462,36433,0.0641328,0.77,1,3686922,3686460,462
269216121,25.9352,31.0648,457,36491,0.0436531,0.55,1,3686946,3686489,457
269219041,40.3741,46.0259,451,36549,0.0594612,0.51,1,3686996,3686545,451
269221961,37.1496,41.8104,447,36607,0.0897845,0.33,1,3687031,3686584,447
269224881,30.4599,38.3241,437,36665,0.0659138,0.25,1,3687057,3686620,437
269227801,31.3839,39.3297,429,36723,0.0803655,0.05,1,3687089,3686660,429
269230721,32.3536,37.3319,426,36781,0.0741462,0.05,1,3687122,3686696,426
269233641,41.1414,45.5327,422,36838,0.0716585,0.11,1,3687169,3686747,422
269236561,53.6566,50.6131,430,36895,0.0466634,0.07,1,3687231,3686801,430
269239481,35.2626,38.8452,422,36952,0.0486654,0,1,3687254,3686832,422
269242401,33.9051,34.7381,423,37009,0.0254661,0.07,1,3687287,3686864,423
269245321,33.962,33.0952,425,37066,0.0101865,0.07,1,3687321,3686896,425
269248241,28.5848,28.8381,424,37123,0.0820746,0.03,1,3687346,3686922,424
269257001,36.2934,34.1496,457,37294,0.0861328,0.11,1,3687453,3686996,457
269271601,53.9732,41.0777,484,37576,0.0668628,0.03,1,3687653,3687169,484
269274521,34.7893,53.6311,444,37632,0.0267451,0.05,1,3687675,3687231,444
269277441,34.3157,35.2524,455,37688,0.010698,0.01,1,3687709,3687254,455
269280361,33.5263,33.901,455,37744,0.0102792,0,1,3687742,3687287,455
269283281,30.8105,33.9604,450,37800,0.0221117,0.13,1,3687771,3687321,450
269286201,25.5242,28.5842,447,37856,0.0268447,0.13,1,3687793,3687346,447
269289121,41.4097,25.8337,475,37912,0.0767379,0.11,1,3687845,3687370,475
269315401,33.721,34.3157,455,38410,0.0934331,0.01,1,3688164,3687709,455
269318321,30.8884,33.5263,451,38465,0.0793732,0.03,1,3688193,3687742,451
269321241,26.1554,30.8105,445,38520,0.0617493,0.03,1,3688216,3687771,445
269324161,43.4621,25.5242,478,38575,0.0786997,0.11,1,3688271,3687793,478
269327081,18.5849,41.4097,428,38630,0.0974799,0.13,1,3688273,3687845,428
269350441,31.6912,33.3024,427,39065,0.203775,0.07,1,3688557,3688130,427
269353361,31.8765,33.721,425,39119,0.21951,0.07,1,3688589,3688164,425
269356281,30.1506,30.8884,425,39173,0.273804,0.05,1,3688618,3688193,425
269359201,25.2602,26.1554,424,39227,0.295522,0.09,1,3688640,3688216,424
269391321,33.4596,31.8765,434,39815,0.43849,0.31,1,3689023,3688589,434
269458481,54.4329,40.9525,512,41019,0.764651,0.61,2,3689826,3689314,512
269461401,35.5732,52.981,474,41070,0.77986,0.61,2,3689849,3689375,474
269464321,34.0293,34.3924,485,41121,0.797944,0.67,2,3689882,3689397,485
269470161,33.7647,35.6228,485,41223,0.784071,0.65,2,3689952,3689467,485
269473081,26.7059,32.8491,476,41274,0.787628,0.67,2,3689974,3689498,476
269499361,54.6762,54.4329,461,41733,0.931871,0.79,2,3690287,3689826,461
269502281,36.8705,35.5732,463,41784,0.930748,0.81,2,3690312,3689849,463
269665801,32.0935,47.3218,494,44523,0.91,1,2,3692190,3691696,494
269671641,39.335,40.5715,499,44617,0.9496,1,2,3692268,3691769,499
269674561,37.334,36.0286,502,44664,0.90184,1,2,3692304,3691802,502
269677481,35.9336,36.0114,501,44711,0.774736,1,2,3692339,3691838,501
269689161,37.8127,36.8403,496,44899,0.408969,1,1,3692477,3691981,496
269692081,33.1251,28.5361,503,44946,0.277588,1,1,3692507,3692004,503
269697921,31.34,33.9658,498,45040,0.086414,1,1,3692569,3692071,498
269700841,32.936,31.5863,502,45087,0.0525656,1,1,3692603,3692101,502
269703761,27.5744,25.8345,504,45134,0.0510262,1,1,3692627,3692123,504
269706681,17.6298,30.7338,481,45181,0.0504105,0.85,1,3692638,3692157,481
269709601,23.2519,32.0935,475,45228,0.0381642,1,1,3692665,3692190,475
269712521,29.1008,33.8374,473,45275,0.0152657,0.94,1,3692698,3692225,473
269715441,33.8403,39.335,467,45322,0.0721063,0.87,1,3692735,3692268,467
269718361,32.7361,37.334,463,45369,0.0588425,0.69,1,3692767,3692304,463
269721281,27.4944,35.9336,452,45415,0.053537,0.59,1,3692791,3692339,452
269724201,31.3978,36.5734,449,45461,0.0514148,0.53,1,3692825,3692376,449
269727121,28.1591,33.8294,443,45507,0.0865659,0.49,1,3692851,3692408,443
269730041,25.6636,28.5318,442,45553,0.0406264,0.33,1,3692875,3692433,442
269732961,34.2655,37.8127,438,45599,0.0702505,0.19,1,3692915,3692477,438
269735881,27.5062,33.1251,431,45645,0.0821002,0.05,1,3692938,3692507,431
269741721,27.801,31.34,423,45737,0.062336,0.03,1,3692992,3692569,423
269744641,31.5204,32.936,423,45783,0.0429344,0.05,1,3693026,3692603,423
269747561,27.0082,27.5744,423,45829,0.0591738,0.05,1,3693050,3692627,423
269750481,16.8033,17.6298,422,45875,0.0416695,0.03,1,3693060,3692638,422
269753401,23.5213,23.2519,423,45921,0.0466678,0.03,1,3693088,3692665,423
269756321,28.0085,9.30076,454,45967,0.0366671,0,1,3693119,3692665,454
269759241,36.4034,23.5203,463,46013,0.0326668,0.11,1,3693161,3692698,463
269762161,30.7614,31.6081,453,46059,0.0430667,0.05,1,3693188,3692735,453
269765081,27.3045,31.8432,446,46105,0.0352267,0.05,1,3693213,3692767,446
269768001,31.3218,27.1373,456,46151,0.0320907,0.05,1,3693247,3692791,456
269770921,27.5287,31.2549,447,46197,0.0188363,0.11,1,3693272,3692825,447
269773841,25.4115,28.102,445,46243,0.0255345,0.01,1,3693296,3692851,445
269776761,37.1646,25.6408,466,46289,0.0642138,0.09,1,3693341,3692875,466
269779681,26.8658,34.2563,446,46335,0.0556855,0.09,1,3693361,3692915,446
269782601,26.9463,27.5025,450,46381,0.0762742,0.13,1,3693388,3692938,450
269785521,25.7785,26.001,450,46426,0.0485097,0.03,1,3693413,3692963,450
269788441,30.7114,27.8004,455,46471,0.0254039,0.03,1,3693447,3692992,455
269791361,27.2846,31.5202,446,46516,0.0161615,0.07,1,3693472,3693026,446
269794281,16.9138,27.0081,432,46561,0.0364646,0.03,1,3693482,3693050,432
269797201,24.1655,16.8032,451,46606,0.0685859,0.05,1,3693511,3693060,451
269800121,27.0662,23.5213,452,46651,0.0814343,0.03,1,3693540,3693088,452
269803041,37.2265,28.0085,465,46696,0.0745737,0.03,1,3693584,3693119,465
269805961,31.0906,36.4034,450,46741,0.0718295,0.05,1,3693611,3693161,450
269808881,26.2362,30.7614,446,46786,0.0587318,0.03,1,3693634,3693188,446
269811801,32.6945,27.3045,458,46831,0.0414927,0.03,1,3693671,3693213,458
269814721,26.2778,31.3218,446,46876,0.0345971,0.01,1,3693693,3693247,446
269817641,26.1111,27.5287,447,46921,0.0198388,0.03,1,3693719,3693272,447
269820561,37.4444,25.4115,468,46966,0.0499355,0.09,1,3693764,3693296,468
269823481,27.5778,37.1646,444,47011,0.0619742,0.05,1,3693785,3693341,444
269826401,26.6311,26.8658,450,47056,0.0667897,0.09,1,3693811,3693361,450
269829321,25.6524,26.9463,448,47101,0.0927159,0.03,1,3693836,3693388,448
269832241,29.461,25.7785,455,47146,0.0910864,0.01,1,3693868,3693413,455
269835161,27.9844,30.7114,448,47191,0.0544345,0.01,1,3693895,3693447,448
269838081,17.1938,27.2846,433,47236,0.0397738,0.05,1,3693905,3693472,433
269841001,25.4775,16.9138,454,47281,0.0699095,0.09,1,3693936,3693482,454
269843921,26.391,24.1655,452,47326,0.0699638,0.09,1,3693963,3693511,452
269846841,36.3564,27.0662,466,47371,0.0699855,0.07,1,3694006,3693540,466
269849761,15.7426,37.2265,424,47415,0.0699942,0.07,1,3694008,3693584,424
269852681,23.097,31.0906,425,47459,0.0939977,0.05,1,3694036,3693611,425
269855601,22.4388,26.2362,424,47503,0.0795991,0.03,1,3694058,3693634,424
269858521,30.5755,32.6945,423,47547,0.0858396,0.03,1,3694094,3693671,423
269870201,28.0899,27.5778,425,47723,0.0821175,0.07,1,3694210,3693785,425
269873121,27.436,26.6311,426,47767,0.098847,0.11,1,3694237,3693811,426
269899401,23.0889,23.097,425,48163,0.202527,0.07,1,3694461,3694036,425
269902321,22.4356,22.4388,425,48207,0.231011,0.09,1,3694483,3694058,425
269905241,32.3742,30.5755,428,48251,0.242404,0.15,1,3694522,3694094,428
269908161,26.1497,26.0302,427,48295,0.270962,0.11,1,3694544,3694117,427
269911081,23.6599,24.8121,425,48339,0.282385,0.09,1,3694566,3694141,425
269957801,23.8615,25.2631,455,49030,0.404532,0.29,1,3694999,3694544,455
269960721,38.9446,23.3052,482,49073,0.431813,0.33,1,3695048,3694566,482
269963641,29.3778,37.5221,458,49116,0.442725,0.33,1,3695071,3694613,458
269969481,26.0605,28.3235,460,49202,0.441636,0.31,1,3695124,3694664,460
269972401,32.0242,25.7294,472,49245,0.446654,0.35,1,3695160,3694688,472
269975321,26.0097,31.8918,458,49288,0.448662,0.35,1,3695182,3694724,458
269978241,16.4039,25.9567,446,49331,0.449465,0.31,1,3695192,3694746,446
270054161,21.3074,24.7432,450,50429,0.754616,0.59,2,3695891,3695441,450
270057081,39.1229,39.8973,451,50471,0.787846,0.57,2,3695942,3695491,451
270060001,28.8492,29.7589,450,50513,0.789139,0.57,2,3695964,3695514,450
270089201,25.651,24.4847,455,50929,0.903527,0.69,2,3696234,3695779,455
270092121,25.2604,24.1939,456,50970,0.931411,0.71,2,3696259,3695803,456
270297981,341.634,349.531,501,24820,0.418,0.37,1,3698459,3697958,501
270331561,290.254,328.812,442,24820,0.2452,0.35,1,3698715,3698273,442
270349081,61.7752,47.8605,470,25328,0.214257,0.19,1,3699007,3698537,470
270352001,57.1101,61.7442,453,25412,0.235703,0.13,1,3699061,3698608,453
270354921,58.844,54.0977,464,25495,0.244281,0.13,1,3699121,3698657,464
270357841,71.5376,56.4391,486,25578,0.259712,0.07,1,3699201,3698715,486
270363681,41.686,59.3103,452,25744,0.294754,0.15,1,3699288,3698836,452
270366601,31.6744,37.5241,454,25826,0.291902,0.23,1,3699313,3698859,454
270384121,65.7563,71.4763,496,26315,0.424001,0.33,1,3699697,3699201,496
270410401,50.0029,65.7563,444,27032,0.756565,0.47,2,3700141,3699697,444
270413321,36.2011,41.9025,445,27110,0.788626,0.51,2,3700168,3699723,445
270416241,30.6805,31.761,447,27188,0.77745,0.55,2,3700195,3699748,447
270419161,44.6722,43.9044,449,27266,0.79698,0.65,2,3700249,3699800,449
270436681,52.4736,50.0029,461,27729,0.901619,0.81,2,3700602,3700141,461
270439601,36.5894,36.2011,460,27805,0.906648,0.77,2,3700628,3700168,460
270445441,44.7343,44.6722,460,27957,0.928664,0.89,2,3700709,3700249,460
270629401,52.688,77.8127,481,32383,0.784019,0.53,2,3703861,3703380,481
270632321,34.2752,51.5251,469,32448,0.799608,0.51,2,3703883,3703414,469
270649841,48.2087,54.8756,450,32838,0.901384,0.67,2,3704072,3703622,450
270652761,51.0835,50.7502,455,32902,0.930554,0.71,2,3704125,3703670,455
270655681,60.6334,59.3001,457,32966,0.930221,0.79,2,3704192,3703735,457
270962281,50.4189,53.1397,474,39127,0.409157,0.81,1,3708448,3707974,474
270971041,42.4188,48.0649,453,39289,0.403226,0.61,1,3708593,3708140,453
270973961,33.1675,36.626,451,39343,0.40729,0.57,1,3708620,3708169,451
270976881,30.667,33.2504,449,39397,0.432916,0.57,1,3708649,3708200,449
270979801,18.2668,18.7002,450,39451,0.443166,0.47,1,3708659,3708209,450
270982721,21.7067,23.6801,447,39505,0.435267,0.49,1,3708683,3708236,447
271064481,26.8961,26.5872,474,40975,0.755346,0.55,2,3709629,3709155,474
271067401,29.3585,26.2349,479,41027,0.776138,0.53,2,3709660,3709181,479
271070321,29.7434,29.6939,477,41078,0.796455,0.57,2,3709690,3709213,477
271079081,45.7756,47.0684,495,41231,0.917613,0.63,2,3709826,3709331,495
271082001,67.5102,45.8274,532,41282,0.949045,0.69,2,3709908,3709376,532
271296621,62.9344,57.5158,475,20750,0.286998,0.55,1,3712643,3712168,475
271308301,74.0287,61.1748,487,21156,0.449091,0.27,1,3712991,3712504,487
271343341,82.5021,81.1921,448,22329,0.779852,0.53,2,3713736,3713288,448
271360861,108.606,38.7017,604,22893,0.929335,0.75,2,3714126,3713522,604
271463061,54.2167,82.9171,510,25935,0.400854,1,1,3716305,3715795,510
271465981,42.0867,51.7668,513,26017,0.286342,1,1,3716339,3715826,513
271471821,31.9339,35.0427,508,26179,0.0722147,1,1,3716396,3715888,508
271474741,78.1735,33.8171,584,26260,0.0468859,0.94,1,3716505,3715921,584
271477661,69.0694,79.5268,537,26341,0.0487543,0.99,1,3716568,3716031,537
271480581,67.2278,72.0107,536,26421,0.0375017,0.71,1,3716634,3716098,536
271483501,70.6911,75.6043,531,26501,0.0690007,0.35,1,3716707,3716176,531
271486421,45.0764,89.0417,461,26581,0.0576003,0.31,1,3716735,3716274,461
271489341,36.6306,54.2167,461,26661,0.0410401,0.21,1,3716766,3716305,461
271492261,28.4522,42.0867,450,26740,0.058416,0.11,1,3716789,3716339,450
271495181,28.1809,31.8347,453,26819,0.0293664,0,1,3716817,3716364,453
271498101,77.2724,31.9339,531,26898,0.0417466,0.03,1,3716927,3716396,531
271501021,32.1089,78.1735,424,26977,0.0466986,0.05,1,3716929,3716505,424
271503941,50.0436,69.0694,423,27056,0.0966794,0.03,1,3716991,3716568,423
271506861,59.6174,67.2278,423,27134,0.0686718,0.09,1,3717057,3716634,423
271509781,67.047,70.6911,422,27212,0.0694687,0.05,1,3717129,3716707,422
271512701,46.0188,45.0764,426,27290,0.0937875,0.03,1,3717161,3716735,426
271515621,34.6075,36.6306,422,27368,0.091515,0.07,1,3717188,3716766,422
271518541,30.043,28.4522,426,27445,0.090606,0.01,1,3717215,3716789,426
271521461,28.2172,28.1809,425,27522,0.0662424,0.05,1,3717242,3716817,425
271524381,76.6869,77.2724,424,27599,0.056497,0.05,1,3717351,3716927,424
271527301,31.8748,32.1089,424,27676,0.0285988,0.13,1,3717353,3716929,424
271530221,52.3499,50.0436,428,27753,0.0774395,0.05,1,3717419,3716991,428
271533141,58.14,59.6174,424,27829,0.0849758,0.07,1,3717481,3717057,424
271538981,46.0224,46.0188,425,27981,0.225996,0.09,1,3717586,3717161,425
271541901,34.009,34.6075,424,28057,0.252398,0.09,1,3717612,3717188,424
271544821,30.4036,30.043,425,28132,0.262959,0.05,1,3717640,3717215,425
271547741,27.7614,28.2172,424,28207,0.243184,0.05,1,3717666,3717242,424
271550661,75.9046,76.6869,423,28282,0.271274,0.01,1,3717774,3717351,423
271553581,31.5618,31.8748,423,28357,0.282509,0.01,1,3717776,3717353,423
271556501,52.8247,12.7499,490,28432,0.275004,0.11,1,3717843,3717353,490
271559421,58.9299,44.7,487,28506,0.296002,0.09,1,3717906,3717419,487
271588621,72.1645,58.9291,516,29241,0.415714,0.31,1,3718422,3717906,516
271591541,48.0658,71.5716,468,29313,0.448285,0.31,1,3718454,3717986,468
271638261,54.9443,54.2251,451,30448,0.76383,0.59,2,3719166,3718715,451
271644101,26.5511,26.436,451,30587,0.771413,0.63,2,3719237,3718786,451
271647021,58.6204,58.5744,451,30656,0.794565,0.65,2,3719317,3718866,451
271652861,34.8193,34.0919,454,30794,0.91073,0.73,2,3719381,3718927,454
271787181,53.8777,48.0608,502,33811,0.944848,1,2,3721507,3721005,502
271793021,61.4204,52.8097,501,33936,0.929976,1,2,3721619,3721118,501
271819301,49.3558,58.2361,519,34493,0.927325,0.91,2,3721976,3721457,519
271822221,44.3423,53.2944,510,34554,0.92893,0.97,2,3722017,3721507,510
271825141,59.7369,45.3178,540,34615,0.941572,0.91,2,3722087,3721547,540
271828061,41.2948,61.3271,497,34676,0.910629,0.81,2,3722116,3721619,497
271830981,34.5179,45.5308,492,34737,0.922252,0.79,2,3722146,3721654,492
271833901,48.0072,37.4123,517,34798,0.914901,0.89,2,3722203,3721686,517
271836821,34.8029,47.3649,489,34859,0.91196,0.85,2,3722229,3721740,489
271839741,36.7211,35.746,499,34920,0.922784,0.85,2,3722267,3721768,499
271842661,26.6885,35.8984,483,34981,0.939114,0.85,2,3722287,3721804,483
272003261,36.5573,44.7367,511,38163,0.254949,1,1,3724530,3724019,511
272009101,33.6892,52.7579,500,38273,0.0527919,1,1,3724616,3724116,500
272012021,36.2757,38.5031,509,38328,0.0211168,1,1,3724654,3724145,509
272014941,41.5103,38.8013,515,38383,0.0624467,1,1,3724699,3724184,515
272017861,26.2041,36.5205,496,38438,0.0429787,0.98,1,3724715,3724219,496
272020781,29.6816,30.2082,502,38493,0.0471915,1,1,3724747,3724245,502
272023701,29.2727,33.6833,495,38548,0.0488766,0.99,1,3724776,3724281,495
272026621,34.5091,32.6733,501,38603,0.0195506,0.79,1,3724814,3724313,501
272029541,15.0036,38.2693,461,38658,0.0498203,0.79,1,3724816,3724355,461
272032461,24.6014,35.7077,458,38713,0.0379281,0.37,1,3724847,3724389,458
272035381,46.4406,60.4831,442,38768,0.0451712,0.27,1,3724908,3724466,442
272038301,32.3762,43.3932,433,38822,0.0360685,0.17,1,3724931,3724498,433
272041221,27.9505,36.5573,426,38876,0.0204274,0.05,1,3724956,3724530,426
272044141,50.7802,54.2229,426,38930,0.050171,0,1,3725022,3724596,426
272047061,31.7121,33.6892,425,38984,0.0380684,0,1,3725041,3724616,425
272049981,36.0848,36.2757,426,39038,0.0212274,0.09,1,3725080,3724654,426
272052901,40.2339,41.5103,424,39092,0.0264909,0.03,1,3725123,3724699,424
272055821,24.4936,26.2041,422,39146,0.0165964,0.05,1,3725137,3724715,422
272058741,29.5974,29.6816,423,39200,0.0246386,0.05,1,3725170,3724747,423
272061661,29.839,29.2727,424,39254,0.0398554,0,1,3725200,3724776,424
272064581,33.5356,34.5091,422,39308,0.0159422,0.07,1,3725236,3724814,422
272067501,14.6142,15.0036,422,39362,0.0363769,0.03,1,3725238,3724816,422
272070421,24.4457,24.6014,422,39416,0.0565508,0.05,1,3725269,3724847,422
272082101,49.677,50.7802,423,39630,0.0681197,0.03,1,3725445,3725022,423
272085021,30.6708,31.7121,422,39683,0.0452479,0.01,1,3725463,3725041,422
272087941,35.6683,36.0848,422,39736,0.0480991,0.03,1,3725502,3725080,422
272090861,40.0673,40.2339,422,39789,0.0372397,0.01,1,3725545,3725123,422
272093781,24.4269,24.4936,422,39842,0.0568959,0.03,1,3725559,3725137,422
272096701,29.5708,29.5974,422,39895,0.0407583,0.05,1,3725592,3725170,422
272099621,29.8283,29.839,422,39948,0.0463033,0,1,3725622,3725200,422
272102541,34.7313,33.5356,424,40001,0.0245213,0.05,1,3725660,3725236,424
272105461,15.0925,14.6142,424,40054,0.0158085,0.07,1,3725662,3725238,424
272108381,26.437,24.4457,427,40107,0.0483234,0.07,1,3725696,3725269,427
272111301,48.3748,9.77828,490,40160,0.0853294,0.13,1,3725759,3725269,490
272120061,46.368,28.7538,485,40318,0.0983411,0.03,1,3725867,3725382,485
272122981,28.7472,49.3015,439,40370,0.0813364,0.03,1,3725884,3725445,439
272125901,34.8989,30.5206,460,40422,0.0505346,0.05,1,3725923,3725463,460
272128821,40.3596,35.6082,465,40474,0.0382138,0.03,1,3725967,3725502,465
272131741,24.5438,40.0433,436,40526,0.0332855,0.07,1,3725981,3725545,436
272134661,29.0175,24.4173,454,40578,0.0313142,0.03,1,3726013,3725559,454
272137581,29.607,29.5669,451,40630,0.0305257,0.05,1,3726043,3725592,451
272140501,34.6428,29.8268,459,40682,0.0182103,0.01,1,3726081,3725622,459
272143421,15.0571,34.7307,423,40734,0.0252841,0.01,1,3726083,3725660,423
272146341,28.2228,15.0923,458,40786,0.0401136,0.07,1,3726120,3725662,458
272149261,50.2891,26.4369,489,40838,0.0700455,0.11,1,3726185,3725696,489
272152181,33.9157,48.3748,449,40890,0.0820182,0.13,1,3726208,3725759,449
272169701,24.4127,40.3596,436,41198,0.0978047,0.03,1,3726403,3725967,436
272175541,29.946,29.0175,452,41300,0.0480488,0.03,1,3726465,3726013,452
272178461,34.7784,29.607,460,41351,0.0252195,0.01,1,3726503,3726043,460
272181381,15.1114,34.6428,424,41402,0.0160878,0.03,1,3726505,3726081,424
272184301,28.8445,15.0571,460,41453,0.0484351,0.05,1,3726543,3726083,460
272187221,51.7378,28.2228,490,41504,0.073374,0.09,1,3726610,3726120,490
272190141,21.8951,50.2891,427,41555,0.0953496,0.09,1,3726612,3726185,427
272210581,22.7639,24.4127,425,41910,0.205754,0.11,1,3726828,3726403,425
272216421,28.4822,29.946,423,42010,0.204521,0.01,1,3726888,3726465,423
272225181,29.9509,28.8445,425,42160,0.0733293,0.09,1,3726968,3726543,425
272228101,54.5803,51.7378,429,42210,0.0833317,0.11,1,3727039,3726610,429
272231021,23.0321,21.8951,429,42260,0.0873327,0.19,1,3727041,3726612,429
272242701,27.9592,27.1861,430,42460,0.222028,0.19,1,3727168,3726738,430
272245621,35.1837,34.2744,431,42510,0.238811,0.21,1,3727208,3726777,431
272248541,35.6735,35.9098,430,42560,0.293524,0.21,1,3727244,3726814,430
272271901,23.6561,23.0321,427,42954,0.405544,0.13,1,3727468,3727041,427
272274821,24.4625,23.6129,428,43003,0.420217,0.13,1,3727493,3727065,428
272277741,26.585,9.44514,456,43052,0.438087,0.15,1,3727521,3727065,456
272368261,18.0546,29.7171,447,44548,0.75246,0.53,2,3728491,3728044,447
272374101,38.2887,39.3147,449,44642,0.769594,0.55,2,3728577,3728128,449
272377021,24.9155,24.1259,451,44689,0.769837,0.63,2,3728593,3728142,451
272379941,30.9662,28.8504,454,44736,0.781935,0.65,2,3728628,3728174,454
272382861,29.7865,28.3401,455,44783,0.798774,0.67,2,3728657,3728202,455
272412061,18.4604,18.0546,459,45253,0.942,0.73,2,3728950,3728491,459
272558061,32.5068,32.1199,507,47527,0.9208,1,2,3730541,3730034,507
272612081,190.888,182.992,499,21997,0.758531,0.97,2,3731184,3730685,499
272615001,109.355,111.597,490,22093,0.789412,0.87,2,3731239,3730749,490
272620841,72.0969,83.1355,471,22285,0.799506,0.73,2,3731366,3730895,471
272632521,90.7609,34.8067,566,22663,0.941251,0.73,2,3731643,3731077,566
272635441,70.5044,78.1227,516,22757,0.946501,0.81,2,3731700,3731184,516
272638361,64.8017,64.2491,522,22850,0.9486,0.83,2,3731761,3731239,522
272641281,66.1207,61.6996,529,22943,0.93744,0.79,2,3731828,3731299,529
272644201,72.6483,64.8798,539,23035,0.920976,0.91,2,3731905,3731366,539
272647121,56.6593,69.7519,512,23127,0.93839,0.89,2,3731951,3731439,512
272749321,51.1817,55.4999,519,26145,0.0853101,1,1,3734104,3733585,519
272752241,42.6727,40.2,526,26226,0.064124,1,1,3734141,3733615,526
272755161,56.0691,47.28,539,26307,0.0256496,1,1,3734206,3733667,539
272758081,59.6276,56.112,539,26388,0.0642598,0.97,1,3734268,3733729,539
272761001,62.2511,65.6448,531,26468,0.0317039,0.69,1,3734332,3733801,531
272763921,42.3004,70.6579,486,26548,0.0306816,0.59,1,3734361,3733875,486
272775601,42.0461,51.1816,462,26866,0.0951054,0.05,1,3734566,3734104,462
272778521,18.0184,42.6727,427,26945,0.0560422,0,1,3734568,3734141,427
272781441,44.4074,56.0691,424,27024,0.0524169,0.09,1,3734630,3734206,424
272784361,54.9629,59.6276,424,27102,0.0989667,0.01,1,3734692,3734268,424
272787281,60.3852,62.251,424,27180,0.0815867,0.03,1,3734756,3734332,424
272790201,40.9541,42.3004,423,27258,0.0746347,0.15,1,3734784,3734361,423
272793121,72.7816,69.7202,429,27336,0.0838539,0.21,1,3734878,3734449,429
272796041,51.3127,48.2881,432,27413,0.0875416,0.11,1,3734915,3734483,432
272798961,44.5251,45.1152,429,27490,0.0770166,0.07,1,3734955,3734526,429
272801881,39.41,42.0461,425,27567,0.0848066,0.03,1,3734991,3734566,425
272804801,16.964,18.0184,425,27644,0.0879227,0.05,1,3734993,3734568,425
272810641,55.7542,54.9629,426,27797,0.221668,0.07,1,3735118,3734692,426
272813561,60.1017,60.3852,425,27873,0.274667,0.07,1,3735181,3734756,425
272816481,39.6407,40.9541,423,27949,0.271867,0.09,1,3735207,3734784,423
272819401,72.8563,72.7816,424,28025,0.294747,0.09,1,3735302,3734878,424
272836921,57.5991,17.3542,496,28476,0.285938,0.27,1,3735550,3735054,496
272909921,42.9561,40.7308,450,30279,0.764458,0.57,2,3736741,3736291,450
272912841,18.3824,17.4923,450,30349,0.779783,0.61,2,3736743,3736293,450
272915761,47.553,45.9969,452,30419,0.797913,0.63,2,3736810,3736358,452
272924521,53.7554,52.9598,454,30627,0.917226,0.69,2,3736952,3736498,454
272927441,37.1022,36.7839,454,30696,0.948891,0.73,2,3736978,3736524,454
273076361,53.536,39.2771,504,34032,0.904,1,2,3739344,3738840,504
273085121,49.1463,54.7857,480,34218,0.428176,1,1,3739494,3739014,480
273093881,34.5374,33.7463,510,34404,0.0794833,1,1,3739596,3739086,510
273096801,36.0149,30.2985,519,34465,0.0737933,1,1,3739633,3739114,519
273099721,34.806,33.7194,517,34526,0.0355173,1,1,3739667,3739150,517
273102641,51.1224,33.2878,546,34587,0.0442069,1,1,3739729,3739183,546
273105561,34.249,54.7151,500,34648,0.0176828,1,1,3739752,3739252,500
273108481,49.0996,39.286,530,34709,0.0250731,0.84,1,3739811,3739281,530
273111401,35.8398,53.5144,494,34770,0.0280292,0.77,1,3739838,3739344,494
273114321,49.7359,42.4058,518,34831,0.0292117,0.51,1,3739897,3739379,518
273117241,40.8944,61.3623,479,34892,0.0296847,0.29,1,3739932,3739453,479
273120161,30.1577,49.1449,461,34953,0.0298739,0.23,1,3739955,3739494,461
273123081,31.2631,38.858,461,35013,0.0419495,0.05,1,3739987,3739526,461
273126001,31.1052,38.3432,454,35073,0.0227798,0.03,1,3740018,3739564,454
273128921,34.0421,34.5373,458,35133,0.0271119,0.07,1,3740054,3739596,458
273131841,34.6168,36.0149,456,35193,0.0108448,0.01,1,3740089,3739633,456
273134761,51.6467,34.806,485,35253,0.0223379,0.05,1,3740152,3739667,485
273137681,35.0587,51.1224,447,35313,0.0269352,0,1,3740176,3739729,447
273140601,48.2235,34.249,481,35373,0.0287741,0.03,1,3740233,3739752,481
273143521,35.4894,49.0996,449,35433,0.0655096,0.03,1,3740260,3739811,449
273146441,50.1958,35.8398,482,35493,0.0802038,0.03,1,3740320,3739838,482
273149361,40.4783,49.7359,457,35553,0.0500815,0.03,1,3740354,3739897,457
273152281,29.9913,40.8944,445,35612,0.0740326,0.03,1,3740377,3739932,445
273155201,31.1965,30.1577,454,35671,0.095613,0.05,1,3740409,3739955,454
273166881,34.2114,34.6168,424,35907,0.0426717,0.03,1,3740513,3740089,424
273169801,50.8846,51.6467,423,35966,0.0350687,0.03,1,3740575,3740152,423
273172721,35.3538,35.0587,424,36025,0.0320275,0.03,1,3740600,3740176,424
273175641,48.9415,48.2235,425,36084,0.018811,0.09,1,3740658,3740233,425
273178561,35.1766,35.4894,424,36143,0.0255244,0.09,1,3740684,3740260,424
273181481,51.2706,50.1958,426,36201,0.0282098,0.03,1,3740746,3740320,426
273184401,40.3083,40.4783,425,36259,0.0292839,0.09,1,3740779,3740354,425
273187321,31.7233,29.9913,428,36317,0.0417136,0.11,1,3740805,3740377,428
273190241,31.2893,31.1965,427,36375,0.0706854,0.11,1,3740836,3740409,427
273193161,13.7157,13.6786,427,36433,0.0822742,0.15,1,3740838,3740411,427
273204841,50.6023,50.8846,423,36665,0.0726182,0.03,1,3740998,3740575,423
273207761,34.6409,35.3538,422,36723,0.0470473,0.01,1,3741022,3740600,422
273210681,49.2564,48.9415,423,36781,0.0368189,0.03,1,3741081,3740658,423
273213601,35.9025,35.1766,424,36838,0.0447276,0.03,1,3741108,3740684,424
273216521,50.961,51.2706,423,36895,0.059891,0.03,1,3741169,3740746,423
273219441,40.1844,40.3083,423,36952,0.0539564,0.05,1,3741202,3740779,423
273222361,32.8738,31.7233,425,37009,0.0875826,0.09,1,3741230,3740805,425
273225281,32.3495,31.2893,426,37066,0.077033,0.09,1,3741262,3740836,426
273228201,14.1398,13.7157,426,37123,0.0728132,0.13,1,3741264,3740838,426
273231121,26.6559,25.2863,428,37180,0.0711253,0.13,1,3741299,3740871,428
273234041,28.6624,10.1145,458,37237,0.0704501,0.17,1,3741329,3740871,458
273245721,48.489,34.2525,480,37464,0.0665555,0.03,1,3741502,3741022,480
273248641,36.7956,49.101,450,37520,0.0446222,0.05,1,3741531,3741081,450
273251561,51.9182,35.8404,485,37576,0.0598489,0.07,1,3741593,3741108,485
273254481,40.5673,50.9362,457,37632,0.0899396,0.05,1,3741626,3741169,457
273257401,33.0269,40.1745,452,37688,0.0899758,0.11,1,3741654,3741202,452
273274921,47.4266,31.2649,484,38024,0.216766,0.11,1,3741846,3741362,484
273277841,32.1706,47.306,448,38080,0.236706,0.13,1,3741868,3741420,448
273280761,46.4683,32.7224,481,38135,0.244683,0.03,1,3741924,3741443,481
273283681,36.5873,48.489,452,38190,0.211873,0.03,1,3741954,3741502,452
273286601,52.4349,36.7956,486,38245,0.210749,0.07,1,3742017,3741531,486
273289521,40.774,51.9182,457,38300,0.2223,0.11,1,3742050,3741593,457
273292441,34.3096,40.5673,454,38355,0.22692,0.09,1,3742080,3741626,454
273295361,32.9238,33.0269,458,38410,0.228768,0.11,1,3742112,3741654,458
273298281,14.3695,32.4108,428,38465,0.229507,0.11,1,3742114,3741686,428
273301201,27.9478,14.1643,463,38520,0.253803,0.13,1,3742151,3741688,463
273304121,30.3791,26.6657,460,38575,0.239521,0.19,1,3742183,3741723,460
273307041,13.3516,28.6663,432,38630,0.233808,0.17,1,3742185,3741753,432
273309961,25.7407,33.0665,430,38685,0.267523,0.25,1,3742219,3741789,430
273330401,34.5651,34.3096,433,39065,0.404132,0.23,1,3742513,3742080,433
273333321,33.626,32.9238,434,39119,0.431653,0.23,1,3742546,3742112,434
273336241,14.6504,14.3695,434,39173,0.442661,0.27,1,3742548,3742114,434
273409241,35.529,35.0976,489,40499,0.761994,0.69,2,3743444,3742955,489
273412161,15.4116,35.639,455,40551,0.766798,0.69,2,3743446,3742991,455
273415081,27.7646,15.4556,489,40603,0.780719,0.65,2,3743482,3742993,489
273418001,32.1059,27.7822,488,40655,0.786288,0.69,2,3743517,3743029,488
273420921,14.0423,30.9129,457,40707,0.788515,0.69,2,3743519,3743062,457
273423841,26.0169,13.5652,489,40759,0.789406,0.69,2,3743553,3743064,489
273432601,47.0731,35.5722,512,40915,0.934442,0.77,2,3743705,3743193,512
273435521,38.0292,46.6289,490,40967,0.943777,0.75,2,3743737,3743247,490
273578601,30.4241,27.5451,510,43419,0.922,1,2,3745413,3744903,510
273587361,36.0511,23.7709,534,43565,0.755728,1,2,3745517,3744983,534
273604881,40.0124,46.4425,506,43853,0.256714,1,1,3745725,3745219,506
273610721,31.842,34.1908,508,43949,0.0926742,1,1,3745795,3745287,508
273613641,28.9368,35.8763,498,43997,0.0670697,1,1,3745822,3745324,498
273616561,31.3747,31.1505,503,44045,0.0688279,1,1,3745855,3745352,503
273619481,28.1499,31.0602,498,44093,0.0455311,0.87,1,3745881,3745383,498
273622401,28.06,30.4241,496,44141,0.0482125,0.87,1,3745909,3745413,496
273625321,27.424,32.5696,489,44189,0.049285,0.83,1,3745936,3745447,489
273628241,31.3696,31.6279,492,44237,0.049714,0.69,1,3745970,3745478,492
273631161,25.7478,36.0511,475,44285,0.0378856,0.59,1,3745992,3745517,475
273634081,25.8991,30.6205,474,44333,0.0331542,0.51,1,3746018,3745544,474
273637001,26.5597,29.0482,473,44381,0.0312617,0.45,1,3746045,3745572,473
273639921,28.6239,30.8193,471,44429,0.0425047,0.33,1,3746075,3745604,471
273642841,12.6495,33.3277,438,44476,0.0470019,0.33,1,3746077,3745639,438
273645761,29.0598,41.5311,431,44523,0.0608007,0.19,1,3746117,3745686,431
273648681,32.6239,40.0124,427,44570,0.0783203,0.09,1,3746152,3745725,427
273654521,31.9798,31.842,428,44664,0.0857312,0.05,1,3746223,3745795,428
273660361,29.8368,31.3747,423,44758,0.098917,0.03,1,3746278,3745855,423
273677881,26.2682,25.8991,424,45040,0.202303,0.03,1,3746442,3746018,424
273680801,26.1073,26.5597,423,45087,0.230921,0.05,1,3746468,3746045,423
273683721,29.0429,28.6239,424,45134,0.254368,0.05,1,3746499,3746075,424
273686641,12.8172,12.6495,424,45181,0.263747,0.07,1,3746501,3746077,424
273689561,28.5269,29.0598,423,45228,0.207499,0.09,1,3746540,3746117,423
273692481,33.0107,32.6239,424,45275,0.221,0.13,1,3746576,3746152,424
273695401,40.8043,39.4496,426,45322,0.2624,0.07,1,3746622,3746196,426
273718761,24.1271,25.1705,429,45691,0.405462,0.21,1,3746844,3746415,429
273724601,26.6603,26.1073,432,45783,0.428474,0.27,1,3746900,3746468,432
273823881,35.425,26.9649,490,47326,0.771312,0.59,2,3747903,3747413,490
273832641,27.2272,36.3098,458,47459,0.768644,0.73,2,3747992,3747534,458
273835561,24.0909,27.7239,458,47503,0.757458,0.73,2,3748014,3747556,458
273838481,27.6364,29.0896,458,47547,0.764983,0.71,2,3748044,3747586,458
273841401,29.6545,30.2358,458,47591,0.779993,0.77,2,3748075,3747617,458
273856001,28.8617,28.8754,459,47811,0.917328,0.75,2,3748222,3747763,459
273858921,28.3447,28.3502,459,47855,0.900931,0.73,2,3748250,3747791,459
273861841,31.1379,31.1401,459,47899,0.906372,0.73,2,3748283,3747824,459
273864761,13.6552,13.656,459,47943,0.908549,0.75,2,3748285,3747826,459
274120261,60.9808,80.1183,527,25943,0.779895,1,2,3751877,3751350,527
274143621,53.9815,81.9518,498,26589,0.407874,0.73,1,3752328,3751830,498
274146541,47.9926,60.9807,495,26669,0.43315,0.51,1,3752372,3751877,495
274149461,36.597,53.1923,476,26748,0.43126,0.45,1,3752401,3751925,476
274152381,35.0388,42.2769,475,26827,0.442504,0.43,1,3752435,3751960,475
274187421,33.1288,31.4985,451,27760,0.756095,0.63,2,3753025,3752574,451
274190341,57.6515,55.7994,453,27836,0.776438,0.67,2,3753099,3752646,453
274207861,82.2918,80.3048,458,28289,0.909057,0.73,2,3753448,3752990,458
274210781,34.1167,33.3219,458,28364,0.945623,0.73,2,3753450,3752992,458
274312981,42.6307,36.9478,498,30867,0.9016,1,2,3755213,3754715,498
274327581,41.4775,47.4385,480,31208,0.424538,1,1,3755463,3754983,480
274330501,39.991,40.5754,483,31276,0.283815,1,1,3755502,3755019,483
274333421,56.1964,16.2302,550,31344,0.263526,1,1,3755569,3755019,550
274336341,39.8786,48.4921,509,31412,0.21941,1,1,3755598,3755089,509
274345101,33.8002,42.0075,499,31613,0.0810023,0.81,1,3755712,3755213,499
274348021,65.1201,38.403,549,31680,0.0624009,0.61,1,3755798,3755249,549
274350941,44.048,75.3612,479,31747,0.0309604,0.49,1,3755828,3755349,479
274353861,41.0192,49.9445,485,31814,0.0543841,0.41,1,3755867,3755382,485
274356781,34.4077,45.1778,473,31881,0.0637537,0.39,1,3755897,3755424,473
274359701,34.7631,41.4711,469,31947,0.0555015,0.19,1,3755932,3755463,469
274362621,54.7052,39.9884,498,32013,0.0642006,0.25,1,3756000,3755502,498
274365541,38.0821,56.1954,458,32079,0.0916802,0.19,1,3756027,3755569,458
274380141,42.5416,65.1201,451,32408,0.0940876,0.01,1,3756249,3755798,451
274394741,38.7857,54.7052,453,32733,0.239552,0.11,1,3756453,3756000,453
274397661,16.7143,38.0821,428,32798,0.257821,0.13,1,3756455,3756027,428
274403501,35.7943,39.2131,428,32926,0.294451,0.11,1,3756536,3756108,428
274406421,31.1177,31.8853,429,32990,0.291781,0.09,1,3756564,3756135,429
274435621,36.1565,35.7943,436,33625,0.434893,0.29,1,3756972,3756536,436
274502781,31.8736,37.0316,482,35044,0.755524,0.69,2,3757896,3757414,482
274505701,66.7494,32.2126,543,35104,0.78821,0.69,2,3757986,3757443,543
274517381,37.8048,34.7798,493,35344,0.901218,0.71,2,3758128,3757635,493
274520301,59.5219,36.1119,530,35404,0.930487,0.71,2,3758202,3757672,530
274692581,29.5622,39.6019,498,38770,0.9388,1,2,3760483,3759985,498
274695501,42.4249,56.0408,482,38824,0.92152,1,2,3760534,3760052,482
274713021,41.6298,33.5145,497,39148,0.43896,1,1,3760758,3760261,497
274718861,31.3808,35.9623,486,39256,0.405034,1,1,3760819,3760333,486
274733461,36.6017,42.4249,463,39526,0.285706,0.87,1,3760997,3760534,463
274739301,33.4563,38.228,456,39632,0.282113,0.65,1,3761064,3760608,456
274742221,33.7825,38.0912,452,39685,0.286845,0.51,1,3761098,3760646,452
274745141,27.913,34.4365,444,39738,0.288738,0.51,1,3761122,3760678,444
274762661,33.3847,34.9009,435,40056,0.404219,0.35,1,3761335,3760900,435
274765581,32.5539,33.7604,434,40109,0.431688,0.35,1,3761367,3760933,434
274768501,23.2215,13.5041,451,40162,0.430675,0.29,1,3761384,3760933,451
274771421,36.2886,17.4017,476,40215,0.41827,0.27,1,3761429,3760953,476
274774341,36.7154,33.3607,469,40268,0.425308,0.31,1,3761466,3760997,469
274777261,33.2862,34.3443,465,40320,0.416123,0.27,1,3761497,3761032,465
274780181,33.7145,32.9377,467,40372,0.436449,0.29,1,3761531,3761064,467
274783101,27.8858,33.5751,457,40424,0.44458,0.29,1,3761555,3761098,457
274786021,32.7543,27.83,469,40476,0.423832,0.35,1,3761591,3761122,469
274829821,37.8851,39.5017,481,41251,0.758255,0.49,2,3762116,3761635,481
274832741,30.7541,37.4007,471,41302,0.765302,0.49,2,3762142,3761671,471
274835661,41.1016,30.5603,493,41353,0.768121,0.51,2,3762190,3761697,493
274838581,36.2406,40.4241,479,41404,0.769248,0.55,2,3762223,3761744,479
274850261,31.4414,35.9981,452,41608,0.767005,0.63,2,3762322,3761870,452
274853181,36.5765,37.7992,453,41659,0.756802,0.65,2,3762362,3761909,453
274856101,34.4306,33.7197,455,41710,0.788721,0.67,2,3762395,3761940,455
274894061,36.5848,36.5765,459,42362,0.912738,0.81,2,3762821,3762362,459
274896981,35.6339,34.4306,461,42412,0.935095,0.81,2,3762856,3762395,461
274899901,35.8536,34.7722,462,42462,0.944038,0.87,2,3762892,3762430,462
275057581,30.5643,20.4851,523,45067,0.926848,1,2,3764715,3764192,523
275107221,318.09,354.398,458,20440,0.430296,0.61,1,3765255,3764797,458
275110141,169.236,170.559,480,20544,0.274118,0.33,1,3765325,3764845,480
275113061,130.094,139.024,466,20647,0.283647,0.37,1,3765429,3764963,466
275115981,97.6378,94.6094,477,20750,0.299459,0.25,1,3765505,3765028,477
275118901,67.8551,76.8438,460,20852,0.281784,0.23,1,3765553,3765093,460
275121821,75.142,68.5375,477,20954,0.298713,0.13,1,3765633,3765156,477
275124741,42.6568,58.615,446,21055,0.269485,0.17,1,3765654,3765208,446
275127661,34.4627,42.646,443,21156,0.281794,0.17,1,3765683,3765240,443
275183141,72.6756,63.5854,529,22986,0.757638,0.59,2,3766965,3766436,529
275186061,42.2703,72.8342,472,23078,0.777055,0.59,2,3766987,3766515,472
275188981,34.9081,42.3337,480,23170,0.784822,0.59,2,3767017,3766537,480
275191901,59.5632,36.1335,524,23261,0.799929,0.59,2,3767093,3766569,524
275194821,90.4253,58.2534,562,23352,0.901972,0.63,2,3767204,3766642,562
275308701,94.7346,62.6343,596,26661,0.934,1,2,3769592,3768996,596
275329141,33.0253,42.3415,478,27212,0.908045,1,2,3769888,3769410,478
275332061,50.4101,52.3366,481,27290,0.921218,0.89,2,3769950,3769469,481
275466381,34.2226,27.1688,506,30656,0.947644,1,2,3772309,3771803,506
275469301,31.689,38.4675,490,30725,0.913057,1,2,3772339,3771849,490
275475141,59.9102,54.7548,495,30863,0.274489,1,1,3772494,3771999,495
275480981,44.0256,49.0808,475,31000,0.0859183,0.99,1,3772585,3772110,475
275483901,53.6103,52.6323,480,31068,0.0403673,0.95,1,3772645,3772165,480
275486821,38.2441,43.8529,470,31136,0.0821469,0.94,1,3772673,3772203,470
275489741,40.4976,42.1412,471,31204,0.0328588,0.99,1,3772715,3772244,471
275492661,33.5991,36.0565,468,31272,0.0311435,0.93,1,3772744,3772276,468
275495581,33.2396,34.2226,468,31340,0.0424574,0.93,1,3772777,3772309,468
275498501,25.8958,13.689,489,31408,0.034983,0.89,1,3772798,3772309,489
275501421,61.3583,23.4756,544,31475,0.0319932,0.31,1,3772883,3772339,544
275510181,40.3829,57.0384,457,31676,0.0848476,0.05,1,3773007,3772550,457
275513101,51.5532,43.8154,481,31743,0.039939,0.01,1,3773066,3772585,481
275516021,38.0213,53.5261,450,31810,0.0219756,0.11,1,3773095,3772645,450
275518941,40.4085,38.2105,464,31877,0.0147902,0,1,3773137,3772673,464
275521861,32.9634,40.4842,450,31943,0.0359161,0.03,1,3773165,3772715,450
275524781,33.5854,33.5937,455,32009,0.0323664,0.05,1,3773199,3772744,455
275527701,26.0341,33.2375,443,32075,0.0669466,0.03,1,3773220,3772777,443
275530621,61.4137,25.895,507,32141,0.0807786,0.03,1,3773305,3772798,507
275533541,53.3655,61.358,470,32207,0.0503114,0.15,1,3773353,3772883,470
275536461,47.1462,49.1432,472,32273,0.0741246,0.11,1,3773396,3772924,472
275539381,39.8585,48.4573,459,32339,0.0836498,0.07,1,3773431,3772972,459
275542301,49.5434,40.3829,480,32404,0.0514599,0.01,1,3773487,3773007,480
275545221,39.0174,51.5532,453,32469,0.026584,0.01,1,3773519,3773066,453
275548141,40.2069,38.0213,465,32534,0.0286336,0.01,1,3773560,3773095,465
275551061,31.6828,40.4085,449,32599,0.0174534,0.05,1,3773586,3773137,449
275553981,33.0731,32.9634,455,32664,0.0129814,0.03,1,3773620,3773165,455
275556901,28.8292,33.5854,447,32729,0.0591925,0.09,1,3773646,3773199,447
275559821,12.7317,26.0341,428,32794,0.053677,0.09,1,3773648,3773220,428
275562741,54.8927,61.4137,426,32858,0.0634708,0.03,1,3773731,3773305,426
275565661,50.1571,53.3655,425,32922,0.0793883,0.09,1,3773778,3773353,425
275577341,38.6136,39.0174,423,33178,0.0658243,0.03,1,3773942,3773519,423
275580261,40.6454,40.2069,424,33242,0.0443297,0.01,1,3773984,3773560,424
275583181,30.6582,31.6828,422,33306,0.0237319,0.01,1,3774008,3773586,422
275586101,33.8633,33.0731,424,33370,0.0154928,0.09,1,3774044,3773620,424
275589021,29.1453,28.8292,424,33433,0.0481971,0.05,1,3774070,3773646,424
275591941,12.8581,12.7317,424,33496,0.0372788,0.07,1,3774072,3773648,424
275594861,56.1433,54.8927,426,33559,0.0929115,0.09,1,3774157,3773731,426
275612381,40.0247,40.6454,422,33936,0.071265,0.01,1,3774406,3773984,422
275615301,30.4099,30.6582,422,33998,0.034506,0.01,1,3774430,3774008,422
275618221,34.3639,33.8633,423,34060,0.0318024,0.07,1,3774467,3774044,423
275621141,29.9456,29.1453,424,34122,0.042721,0.03,1,3774494,3774070,424
275624061,13.1782,12.8581,424,34184,0.0470884,0.13,1,3774496,3774072,424
275626981,57.4713,56.1433,426,34246,0.0608354,0.13,1,3774583,3774157,426
275629901,52.9885,22.4573,476,34308,0.0543341,0.17,1,3774633,3774157,476
275632821,49.3954,37.1829,476,34370,0.0637337,0.15,1,3774680,3774204,476
275644501,38.6181,36.7167,463,34615,0.215952,0.05,1,3774827,3774364,463
275647421,29.8472,39.8867,445,34676,0.236381,0.01,1,3774851,3774406,445
275667861,42.808,49.3952,463,35101,0.208989,0.15,1,3775143,3774680,463
275670781,44.1232,40.1581,474,35161,0.257596,0.21,1,3775188,3774714,474
275673701,34.4493,41.8632,459,35221,0.289038,0.21,1,3775216,3774757,459
275676621,40.1797,33.5453,475,35281,0.277615,0.23,1,3775260,3774785,475
275699981,39.5861,51.5199,431,35758,0.404942,0.23,1,3775537,3775106,431
275784661,30.5101,40.663,476,37436,0.75832,0.65,2,3776620,3776144,476
275802181,22.981,54.4035,457,37772,0.903742,0.73,2,3776831,3776374,457
275805101,42.1924,22.9614,510,37828,0.919497,0.71,2,3776886,3776376,510
275808021,41.477,42.7846,495,37884,0.937799,0.67,2,3776927,3776432,495
275810941,47.1908,41.1138,506,37940,0.94512,0.67,2,3776978,3776472,506
275942341,34.4321,31.0719,526,40370,0.945997,1,2,3778632,3778106,526
275945261,36.5728,30.4288,534,40422,0.930399,1,2,3778670,3778136,534
275951101,42.8117,51.9086,513,40526,0.795664,0.95,2,3778770,3778257,513
275954021,36.3247,37.5634,517,40578,0.756266,1,2,3778802,3778285,517
275983221,35.6535,34.4321,506,41096,0.780843,0.92,2,3779138,3778632,506
276015341,24.8103,25.7114,459,41657,0.916252,0.69,2,3779488,3779029,459
276018261,32.1241,33.0846,458,41708,0.912501,0.77,2,3779525,3779067,458
276021181,35.0497,33.6338,461,41759,0.935,0.81,2,3779562,3779101,461
276229961,323.364,359.371,483,20440,0.429232,1,1,3781995,3781512,483
276232881,184.546,185.149,506,20544,0.201693,0.92,1,3782087,3781581,506
276235801,120.618,125.659,498,20647,0.0986771,0.81,1,3782165,3781667,498
276238721,84.2473,93.4638,486,20750,0.0574708,0.45,1,3782225,3781739,486
276241641,72.6989,88.3855,466,20852,0.0649883,0.05,1,3782290,3781824,466
276244561,60.2796,77.9542,447,20954,0.0319953,0,1,3782342,3781895,447
276247481,49.9118,60.5817,441,21055,0.0187981,0.03,1,3782385,3781944,441
276250401,39.7647,45.2327,439,21156,0.0135193,0.05,1,3782418,3781979,439
276253321,70.5059,82.8931,422,21256,0.0474077,0.03,1,3782509,3782087,422
276256241,75.0024,79.9572,422,21356,0.0369631,0.03,1,3782587,3782165,422
276259161,66.6009,67.9829,423,21455,0.0567852,0.07,1,3782648,3782225,423
276267921,49.1425,48.8709,423,21750,0.0425143,0.01,1,3782808,3782385,423
276270841,39.457,39.3484,423,21848,0.0230057,0.07,1,3782841,3782418,423
276273761,69.7828,70.3393,422,21945,0.0272023,0.03,1,3782931,3782509,422
276276681,75.3131,74.9357,423,22042,0.0168809,0.07,1,3783010,3782587,423
276279601,66.7252,66.5743,423,22138,0.0247524,0.13,1,3783071,3782648,423
276282521,70.4901,65.6297,431,22234,0.0639009,0.11,1,3783144,3782713,431
276285441,53.996,56.8519,423,22329,0.0675604,0,1,3783187,3782764,423
276288361,47.3984,49.1408,422,22424,0.0270241,0.01,1,3783230,3782808,422
276291281,38.7594,39.4563,422,22519,0.0168097,0.01,1,3783263,3782841,422
276294201,68.9037,15.7825,511,22613,0.0367239,0.03,1,3783352,3782841,511
276297121,74.9615,60.313,500,22707,0.0446895,0.01,1,3783431,3782931,500
276300041,67.1846,71.5252,483,22800,0.0358758,0.03,1,3783493,3783010,483
276302961,72.4738,65.2101,498,22893,0.0803503,0.09,1,3783569,3783071,498
276308801,45.6758,53.7536,464,23078,0.0860561,0,1,3783651,3783187,464
276311721,38.0703,47.3014,454,23170,0.0524224,0.01,1,3783684,3783230,454
276314641,68.6281,38.7206,510,23261,0.038969,0.05,1,3783773,3783263,510
276317561,76.0513,68.8882,502,23352,0.0335876,0.05,1,3783854,3783352,502
276320481,67.0205,74.9553,484,23443,0.031435,0.03,1,3783915,3783431,484
276323401,73.6082,67.1821,500,23533,0.054574,0.11,1,3783993,3783493,500
276326321,56.4433,72.4728,469,23623,0.0878296,0.13,1,3784038,3783569,469
276332161,36.6309,45.6757,454,23802,0.0584527,0.03,1,3784105,3783651,454
276335081,68.6524,38.0703,511,23891,0.0413811,0.03,1,3784195,3783684,511
276338001,76.0609,68.6281,503,23980,0.0465524,0.03,1,3784276,3783773,503
276340921,31.6244,76.0512,424,24068,0.048621,0.03,1,3784278,3783854,424
276343841,49.8498,67.0205,425,24156,0.0494484,0.07,1,3784340,3783915,425
276346761,66.7399,73.6082,425,24244,0.0857794,0.11,1,3784418,3783993,425
276358441,67.5933,68.6524,423,24591,0.0845159,0.05,1,3784618,3784195,423
276361361,76.2373,76.0609,424,24677,0.0398064,0.05,1,3784700,3784276,424
276364281,31.6949,31.6244,424,24763,0.0459226,0.05,1,3784702,3784278,424
276367201,49.878,49.8498,424,24849,0.048369,0.11,1,3784764,3784340,424
276378881,34.2193,33.9834,429,25188,0.210758,0.01,1,3784957,3784528,429
276381801,63.4877,67.5933,422,25272,0.210303,0.01,1,3785040,3784618,422
276405161,62.1773,34.0245,512,25935,0.236509,0.21,1,3785469,3784957,512
276408081,72.2709,63.4098,508,26017,0.244603,0.15,1,3785548,3785040,508
276411001,30.1084,74.5639,428,26098,0.247841,0.15,1,3785550,3785122,428
276413921,51.0433,31.0256,491,26179,0.285137,0.13,1,3785615,3785124,491
276419761,60.9669,71.9241,480,26341,0.294022,0.13,1,3785754,3785274,480
276437281,53.4777,30.1084,502,26819,0.436808,0.31,1,3786052,3785550,502
276440201,71.7911,51.0433,521,26898,0.444723,0.31,1,3786136,3785615,521
276443121,29.9164,71.4173,438,26977,0.447889,0.29,1,3786138,3785700,438
276472321,43.9408,43.1666,445,27753,0.755216,0.53,2,3786635,3786190,445
276475241,42.1763,41.2666,446,27829,0.776086,0.51,2,3786676,3786230,446
276481081,67.9482,64.5627,452,27981,0.905374,0.65,2,3786796,3786344,452
276484001,75.1793,72.6251,454,28057,0.94415,0.69,2,3786876,3786422,454
276489841,55.7087,54.7,455,28207,0.917864,0.71,2,3786950,3786495,455
276492761,74.4835,72.88,457,28282,0.949146,0.71,2,3787037,3786580,457
276495681,30.9934,30.352,457,28357,0.937658,0.71,2,3787039,3786582,457
276498601,44.7974,12.1408,511,28432,0.933063,0.79,2,3787093,3786582,511
276501521,43.7189,36.6563,501,28506,0.931225,0.79,2,3787136,3786635,501
276627081,50.3289,72.4783,513,31542,0.0895219,0.99,1,3789297,3788784,513
276630001,36.3316,46.9913,510,31609,0.0358088,1,1,3789324,3788814,510
276632921,70.9326,40.3965,568,31676,0.0803235,1,1,3789418,3788850,568
276635841,42.773,70.1586,502,31743,0.0501294,1,1,3789442,3788940,502
276638761,36.3092,44.8634,506,31810,0.0620518,1,1,3789474,3788968,506
276641681,35.5237,38.3454,507,31877,0.0428207,0.79,1,3789509,3789002,507
276644601,27.4095,44.1382,481,31943,0.0591283,0.63,1,3789531,3789050,481
276647521,28.3638,38.6553,475,32009,0.0776513,0.59,1,3789560,3789085,475
276650441,44.3455,35.2621,497,32075,0.0970605,0.19,1,3789615,3789118,497
276656281,47.0553,64.3219,464,32207,0.0647297,0.03,1,3789720,3789256,464
276659201,35.0221,50.3288,450,32273,0.0438919,0,1,3789747,3789297,450
276662121,71.6088,36.3315,519,32339,0.0475567,0.11,1,3789843,3789324,519
276665041,40.6435,70.9326,445,32404,0.0850227,0.03,1,3789863,3789418,445
276667961,36.6574,42.773,455,32469,0.0520091,0.07,1,3789897,3789442,455
276670881,35.663,36.3092,458,32534,0.0388036,0.03,1,3789932,3789474,458
276673801,26.8652,35.5237,444,32599,0.0575215,0.07,1,3789953,3789509,444
276676721,30.5461,27.4095,455,32664,0.0530086,0.09,1,3789986,3789531,455
276679641,45.2184,28.3638,481,32729,0.0392034,0.11,1,3790041,3789560,481
276682561,19.2874,44.3455,428,32794,0.0336814,0.13,1,3790043,3789615,428
276685481,42.515,56.1382,422,32858,0.0794725,0.03,1,3790101,3789679,422
276688401,42.206,47.0553,423,32922,0.049789,0.03,1,3790143,3789720,423
276691321,33.0824,35.0221,423,32986,0.0499156,0.05,1,3790170,3789747,423
276694241,73.233,71.6088,427,33050,0.0499662,0.11,1,3790270,3789843,427
276697161,40.0932,40.6435,425,33114,0.0259865,0.03,1,3790288,3789863,425
276700081,36.4373,36.6574,425,33178,0.0523946,0.03,1,3790322,3789897,425
276703001,36.1749,35.663,426,33242,0.0509578,0.07,1,3790358,3789932,426
276705921,26.47,26.8652,425,33306,0.0503831,0.05,1,3790378,3789953,425
276708841,29.788,30.5461,424,33370,0.0861533,0.03,1,3790410,3789986,424
276717601,42.5624,42.515,425,33559,0.202074,0.03,1,3790526,3790101,425
276720521,40.425,42.206,422,33622,0.20683,0.05,1,3790565,3790143,422
276729281,40.5792,40.0932,423,33811,0.0763571,0.07,1,3790711,3790288,423
276732201,36.6317,36.4373,423,33874,0.0365428,0.05,1,3790745,3790322,423
276735121,36.8527,36.1749,424,33936,0.0326171,0.05,1,3790782,3790358,424
276738041,27.3411,26.47,425,33998,0.0430469,0.11,1,3790803,3790378,425
276767241,37.1934,36.3702,459,34615,0.224603,0.03,1,3791204,3790745,459
276770161,28.0774,36.7481,444,34676,0.239841,0.05,1,3791226,3790782,444
276773081,34.631,27.2992,462,34737,0.257936,0.15,1,3791265,3790803,462
276790601,72.0428,30.4933,527,35101,0.422771,0.19,1,3791544,3791017,527
276808121,51.9913,34.6309,497,35461,0.414011,0.39,1,3791762,3791265,497
276813961,44.1986,20.421,499,35581,0.417842,0.37,1,3791823,3791324,499
276816881,39.2794,44.1684,475,35640,0.449137,0.37,1,3791859,3791384,475
276866521,37.1509,36.2025,448,36635,0.792036,0.55,2,3792489,3792041,448
276869441,39.4603,38.481,449,36693,0.790814,0.59,2,3792530,3792081,449
276895721,71.586,8.54292,561,37208,0.910246,0.77,2,3792891,3792330,561
276898641,41.8344,65.8172,479,37265,0.922098,0.73,2,3792913,3792434,479
277027121,35.9943,36.5283,484,39683,0.908415,1,2,3794579,3794095,484
277032961,38.9991,35.7245,489,39789,0.943346,1,2,3794662,3794173,489
277062161,50.1717,31.7474,533,40318,0.784077,0.95,2,3795023,3794490,533
277065081,35.6687,50.499,496,40370,0.751631,0.87,2,3795049,3794553,496
277068001,39.4675,35.7996,512,40422,0.762652,1,2,3795091,3794579,512
277070921,37.387,41.9198,502,40474,0.755061,0.93,2,3795127,3794625,502
277088441,28.7521,25.9821,495,40786,0.759363,0.85,2,3795334,3794839,495
277091361,27.1008,31.3928,486,40838,0.765745,0.85,2,3795360,3794874,486
277094281,27.6403,27.5571,489,40890,0.756298,0.81,2,3795388,3794899,489
277097201,29.0561,27.8229,491,40942,0.788519,0.79,2,3795418,3794927,491
277135161,22.7093,27.6403,461,41606,0.905157,0.81,2,3795849,3795388,461
277143921,34.9094,36.209,462,41759,0.94185,0.79,2,3795971,3795509,462
277307441,27.5448,31.4173,512,44501,0.934,1,2,3797873,3797361,512
277319121,28.0987,35.7291,497,44689,0.783126,1,2,3798001,3797504,497
277327881,56.7823,51.5587,507,44830,0.41324,1,1,3798144,3797637,507
277333721,37.1652,36.8094,508,44924,0.244918,1,1,3798210,3797702,508
277336641,22.6661,33.3238,490,44971,0.259967,1,1,3798223,3797733,490
277339561,18.0664,23.5295,488,45018,0.253987,1,1,3798238,3797750,488
277345401,32.8906,33.4047,497,45112,0.0922379,1,1,3798315,3797818,497
277351241,20.8625,27.5448,477,45206,0.241558,0.99,1,3798350,3797873,477
277354161,27.545,31.4179,475,45253,0.246623,0.85,1,3798382,3797907,475
277357081,27.818,35.3672,465,45300,0.248649,0.79,1,3798410,3797945,465
277360001,28.5272,32.7469,463,45347,0.23746,0.75,1,3798439,3797976,463
277362921,22.2109,28.0987,456,45394,0.244984,0.57,1,3798457,3798001,456
277365841,25.6844,31.6395,450,45440,0.235994,0.51,1,3798485,3798035,450
277368761,31.2737,35.4558,447,45486,0.244397,0.31,1,3798520,3798073,447
277371681,47.3095,56.7823,434,45532,0.247759,0.27,1,3798578,3798144,434
277374601,38.1238,41.9129,434,45578,0.237104,0.19,1,3798610,3798176,434
277377521,34.4495,37.1652,432,45624,0.244841,0.27,1,3798642,3798210,432
277380441,22.7798,22.6661,434,45670,0.247937,0.25,1,3798657,3798223,434
277383361,17.5119,18.0664,433,45716,0.225175,0.09,1,3798671,3798238,433
277386281,32.8048,34.2266,431,45762,0.25207,0.05,1,3798714,3798283,431
277389201,33.5219,32.8906,433,45808,0.262828,0.27,1,3798748,3798315,433
277392121,23.0088,22.1563,434,45854,0.267131,0.27,1,3798764,3798330,434
277395041,21.2035,20.8625,434,45900,0.292852,0.25,1,3798784,3798350,434
277418401,37.9253,47.2418,464,46268,0.416998,0.23,1,3799042,3798578,464
277421321,34.3701,38.0967,464,46314,0.412799,0.25,1,3799074,3798610,464
277424241,22.1481,34.4387,446,46360,0.41112,0.25,1,3799088,3798642,446
277427161,17.2592,22.7755,445,46405,0.410448,0.21,1,3799102,3798657,445
277430081,33.3037,17.5102,475,46450,0.410179,0.27,1,3799146,3798671,475
277433001,33.7215,32.8041,466,46495,0.422072,0.27,1,3799180,3798714,466
277435921,24.2886,33.5216,450,46540,0.438829,0.27,1,3799198,3798748,450
277438841,21.7154,23.0087,454,46585,0.445531,0.31,1,3799218,3798764,454
277508921,39.9184,39.322,452,47659,0.765703,0.61,2,3799937,3799485,452
277514761,21.9869,21.8915,452,47747,0.795713,0.61,2,3799981,3799529,452
277541041,24.6458,23.596,452,48143,0.929466,0.65,2,3800210,3799758,452
277730841,22.2263,29.2432,486,50911,0.917939,1,2,3802132,3801646,486
277733761,28.6905,27.2973,493,50952,0.913176,1,2,3802165,3801672,493
277760041,33.1509,33.3493,503,51321,0.782997,1,2,3802453,3801950,503
277795081,29.3441,10.3441,502,51813,0.235932,0.83,1,3802753,3802251,502
277798001,31.5377,26.3376,498,51854,0.208373,0.9,1,3802786,3802288,498
277800921,31.2151,31.5351,494,51895,0.209349,0.84,1,3802817,3802323,494
277815521,21.67,19.2349,478,52098,0.231056,0.69,1,3802941,3802463,478
277818441,21.268,22.694,474,52138,0.242422,0.61,1,3802962,3802488,474
277821361,25.3072,24.0776,477,52178,0.210969,0.57,1,3802990,3802513,477
277824281,22.1229,27.031,468,52218,0.222388,0.51,1,3803010,3802542,468
277827201,22.0492,24.0124,468,52258,0.226955,0.53,1,3803032,3802564,468
277830121,17.2197,24.005,458,52298,0.228782,0.51,1,3803046,3802588,458
277833041,27.2879,19.202,476,52338,0.205513,0.41,1,3803080,3802604,476
277838881,27.5261,28.7523,464,52418,0.240482,0.35,1,3803133,3802669,464
277841801,23.0104,28.9009,455,52458,0.246193,0.27,1,3803153,3802698,455
277844721,27.8042,25.3604,463,52498,0.260477,0.19,1,3803184,3802721,463
277871001,25.0958,21.268,460,52858,0.415072,0.19,1,3803422,3802962,460
277873921,23.2383,25.3072,454,52898,0.436029,0.23,1,3803444,3802990,454
277876841,21.2953,22.1229,454,52938,0.444412,0.23,1,3803464,3803010,454
277879761,16.9181,22.0492,446,52978,0.447765,0.23,1,3803478,3803032,446
277894361,30.7272,23.0104,469,53178,0.448652,0.27,1,3803622,3803153,469
277897281,29.0909,27.8042,466,53218,0.449461,0.33,1,3803650,3803184,466
277900201,12.8363,29.7217,437,53258,0.449784,0.33,1,3803652,3803215,437
277955681,25.587,24.9345,445,54000,0.77022,0.51,2,3804130,3803685,445
277999481,31.7447,30.0471,458,54585,0.909997,0.75,2,3804523,3804065,458
278002401,30.6979,29.4188,459,54624,0.933999,0.75,2,3804553,3804094,459
278005321,13.4792,12.9675,459,54663,0.9436,0.79,2,3804555,3804096,459
278008241,25.7917,25.587,459,54701,0.94744,0.79,2,3804589,3804130,459
278011161,30.1167,10.2348,492,54739,0.936976,0.85,2,3804622,3804130,492
278014081,30.6467,22.6939,492,54777,0.94479,0.83,2,3804653,3804161,492
278017001,32.0587,27.0776,495,54815,0.935916,0.83,2,3804686,3804191,495
278019921,21.8235,30.031,478,54853,0.920366,0.85,2,3804701,3804223,478
278022841,25.5294,20.4124,492,54891,0.926147,0.91,2,3804729,3804237,492
278025761,22.8118,24.965,485,54929,0.940459,0.89,2,3804750,3804265,485
278028681,27.1247,23.186,493,54967,0.946183,0.87,2,3804780,3804287,493
278031601,25.2499,27.8744,486,55005,0.948473,0.85,2,3804804,3804318,486
278247681,21.4932,30.9452,511,57768,0.933221,1,2,3806725,3806214,511
278250601,27.7973,28.5781,516,57804,0.943288,1,2,3806757,3806241,516
278265201,22.8648,30.7054,499,57984,0.934667,1,2,3806848,3806349,499
278497341,205.141,227.787,468,27740,0.2284,0.77,1,3809411,3808943,468
278510481,61.0225,69.086,451,28470,0.066544,0.53,1,3809479,3809028,451
278514861,51.409,60.6344,441,27740,0.0566176,0.37,1,3809524,3809083,441
278520701,34.3636,41.6538,435,28470,0.052647,0.25,1,3809547,3809112,435
278526541,34.7454,41.2615,429,28470,0.0990588,0,1,3809582,3809153,429
278529461,41.4982,48.3046,422,28470,0.0576235,0.11,1,3809628,3809206,422
278535301,27.3993,28.3218,425,28470,0.0290494,0.09,1,3809646,3809221,425
278549901,27.1597,29.3287,422,27740,0.0416198,0.01,1,3809673,3809251,422
278552821,34.2639,21.9315,444,28544,0.0586479,0.11,1,3809712,3809268,444
278555741,14.9056,18.3726,430,28618,0.0654592,0.11,1,3809714,3809284,430
278558661,38.3622,7.34904,484,28692,0.0441837,0.09,1,3809768,3809284,484
278561581,53.7449,58.7396,455,28766,0.0596735,0.05,1,3809832,3809377,455
278579101,40.8306,28.47,461,29205,0.201731,0.07,1,3810134,3809673,461
278582021,17.5323,34.788,424,29277,0.218692,0.07,1,3810136,3809712,424
278584941,40.6129,15.1152,478,29349,0.213477,0.03,1,3810192,3809714,478
278587861,54.6452,38.4461,488,29421,0.223391,0.07,1,3810256,3809768,488
278590781,66.8581,53.7784,499,29493,0.251356,0.13,1,3810331,3809832,499
278593701,53.1432,62.9114,474,29565,0.262543,0.15,1,3810375,3809901,474
278596621,59.6573,52.7645,492,29637,0.267017,0.21,1,3810439,3809947,492
278599541,58.6629,57.1058,490,29708,0.280807,0.17,1,3810497,3810007,490
278602461,36.6652,59.4423,451,29779,0.286323,0.15,1,3810519,3810068,451
278605381,15.8661,37.5769,430,29850,0.288529,0.23,1,3810521,3810091,430
278619981,68.0258,66.8581,435,30203,0.414036,0.27,1,3810766,3810331,435
278646261,57.8451,54.5646,443,30828,0.442901,0.43,1,3811132,3810689,443
278687141,61.9628,59.8491,509,31775,0.786883,0.59,2,3811827,3811318,509
278704661,56.3349,39.6144,519,32172,0.914111,0.61,2,3812025,3811506,519
278707581,71.734,56.0457,534,32238,0.935645,0.65,2,3812107,3811573,534
278868181,35.7851,29.0336,521,35665,0.435704,1,1,3814459,3813938,521
278944101,36.6831,36.6688,453,37174,0.785661,0.63,2,3815421,3814968,453
278961621,31.8516,32.2363,483,37514,0.940192,0.67,2,3815679,3815196,483
279107621,26.5476,28.9558,516,40233,0.946,1,2,3817557,3817041,516
279113461,34.8476,33.1929,520,40337,0.77416,1,2,3817629,3817109,520
279128061,31.098,34.2452,509,40597,0.284263,1,1,3817806,3817297,509
279133901,42.7757,44.5992,511,40701,0.0706821,1,1,3817890,3817379,511
279136821,45.3103,37.6397,525,40753,0.0702729,1,1,3817937,3817412,525
279139741,39.7241,48.0559,506,40805,0.0701091,1,1,3817973,3817467,506
279142661,35.6896,41.4223,502,40857,0.0820437,1,1,3818006,3817504,502
279145581,25.0759,36.3689,487,40909,0.0748175,0.91,1,3818024,3817537,487
279148501,26.8303,26.5476,495,40961,0.071927,0.77,1,3818052,3817557,495
279174781,43.6475,42.7757,468,41421,0.0577147,0.07,1,3818358,3817890,468
279177701,40.259,45.3103,459,41472,0.0290859,0.07,1,3818396,3817937,459
279180621,37.1036,39.7241,458,41523,0.0176344,0.09,1,3818431,3817973,458
279183541,16.0414,35.6896,427,41574,0.0130537,0.07,1,3818433,3818006,427
279186461,16.0166,25.0759,425,41625,0.0352215,0.07,1,3818449,3818024,425
279189381,23.2066,26.8303,425,41676,0.0440886,0.13,1,3818477,3818052,425
279192301,30.8827,30.5321,428,41727,0.0716354,0.11,1,3818513,3818085,428
279195221,32.7531,33.2129,427,41778,0.0946542,0.15,1,3818547,3818120,427
279215661,40.6928,43.6475,422,42129,0.221667,0.01,1,3818780,3818358,422
279256541,40.2873,40.6928,430,42826,0.209942,0.13,1,3819210,3818780,430
279259461,37.1149,39.6771,426,42875,0.233977,0.09,1,3819245,3818819,426
279262381,37.646,37.4709,428,42924,0.219591,0.09,1,3819283,3818855,428
279265301,16.2584,16.1883,428,42973,0.213836,0.15,1,3819285,3818857,428
279268221,16.7034,16.0753,429,43022,0.223535,0.15,1,3819302,3818873,429
279282821,32.2629,31.0862,460,43267,0.223348,0.13,1,3819464,3819004,460
279285741,35.1052,32.2345,464,43316,0.251339,0.13,1,3819501,3819037,464
279288661,27.2421,34.4938,450,43365,0.274536,0.17,1,3819523,3819073,450
279291581,28.8968,27.5975,457,43414,0.295814,0.17,1,3819553,3819096,457
279314941,30.9085,24.0813,465,43800,0.405711,0.17,1,3819796,3819331,465
279317861,32.7634,31.2325,463,43848,0.432284,0.17,1,3819830,3819367,463
279320781,32.3054,32.893,461,43896,0.442914,0.19,1,3819862,3819401,461
279373341,31.4482,29.0675,451,44753,0.753645,0.61,2,3820409,3819958,451
279376261,31.7793,30.227,452,44800,0.787458,0.61,2,3820441,3819989,452
279405461,31.7212,31.4449,455,45270,0.945611,0.69,2,3820729,3820274,455
279574821,30.5856,23.2418,516,47895,0.94,1,2,3822595,3822079,516
279587961,323.634,346.497,473,21900,0.43,0.77,1,3823114,3822641,473
279627381,186.454,205.799,456,21900,0.274,0.77,1,3823209,3822753,456
279636141,78.893,107.515,449,22189,0.089296,0.03,1,3823425,3822976,449
279639061,72.9572,89.206,441,22285,0.0657184,0.03,1,3823494,3823053,441
279641981,36.3829,48.8824,431,22380,0.0562874,0.11,1,3823506,3823075,431
279644901,32.5532,36.353,433,22475,0.0525149,0.09,1,3823536,3823103,433
279647821,53.2213,40.9412,456,22569,0.075006,0.17,1,3823603,3823147,456
279656581,71.7102,79.9722,487,22850,0.20664,0.05,1,3823848,3823361,487
279659501,68.8841,70.3889,490,22943,0.208656,0.05,1,3823915,3823425,490
279662421,34.7536,69.5556,433,23035,0.209462,0.05,1,3823927,3823494,433
279668261,54.2806,32.0089,492,23219,0.097114,0.09,1,3824028,3823536,492
279671181,75.1122,53.0036,514,23310,0.0688456,0.19,1,3824117,3823603,514
279679941,68.8392,71.6962,498,23582,0.202406,0.21,1,3824346,3823848,498
279682861,32.3357,68.8785,439,23672,0.218962,0.21,1,3824354,3823915,439
279685781,32.1343,34.7514,459,23762,0.261585,0.09,1,3824386,3823927,459
279744181,78.4794,77.1059,450,25487,0.757181,0.57,2,3825544,3825094,450
279761701,80.4891,55.392,550,25982,0.913218,0.75,2,3825889,3825339,550
279764621,33.3957,78.5568,458,26064,0.923287,0.71,2,3825891,3825433,458
279770461,73.8633,78.4491,529,26226,0.909726,0.87,2,3826073,3825544,529
279773381,69.7453,70.3796,531,26307,0.94589,0.87,2,3826140,3825609,531
279855141,34.555,19.5016,514,28476,0.792597,1,2,3827605,3827091,514
279875581,41.8677,72.9994,490,28992,0.29663,0.95,1,3827996,3827506,490
279878501,42.5471,44.1998,508,29065,0.280652,0.79,1,3828039,3827531,508
279881421,31.4188,45.8799,485,29138,0.298261,0.75,1,3828063,3827578,485
279884341,25.7675,34.552,480,29211,0.293304,0.69,1,3828085,3827605,480
279887261,43.307,28.8208,510,29283,0.279322,0.65,1,3828140,3827630,510
279893101,44.9691,80.3313,470,29427,0.434691,0.47,1,3828261,3827791,470
279966101,36.445,34.5777,457,31175,0.900158,0.71,2,3829409,3828952,457
279969021,15.778,15.0311,457,31243,0.906063,0.69,2,3829411,3828954,457
279971941,18.3112,18.6124,456,31311,0.920425,0.69,2,3829431,3828975,456
280094581,30.9629,29.851,488,34032,0.765712,1,2,3831381,3830893,488
280109181,39.7702,23.9265,549,34342,0.443326,1,1,3831612,3831063,549
280123781,30.7845,43.4181,486,34648,0.412319,0.77,1,3831809,3831323,486
280126701,28.5138,35.3672,483,34709,0.410928,0.73,1,3831836,3831353,483
280144221,57.823,39.77,514,35073,0.43274,0.37,1,3832126,3831612,514
280147141,37.5292,59.708,465,35133,0.443096,0.39,1,3832150,3831685,465
280202621,46.5669,45.0075,452,36259,0.753672,0.65,2,3832874,3832422,452
280205541,41.4268,39.603,454,36317,0.751469,0.67,2,3832912,3832458,454
280208461,40.5707,39.2412,455,36375,0.774587,0.67,2,3832952,3832497,455
280211381,17.4283,16.8965,455,36433,0.759835,0.75,2,3832954,3832499,455
280214301,51.9713,50.5586,457,36491,0.753934,0.75,2,3833029,3832572,457
280217221,33.9885,33.4234,457,36549,0.763574,0.73,2,3833051,3832594,457
280220141,32.7954,31.9694,458,36607,0.791429,0.75,2,3833083,3832625,458
280223061,41.3182,40.9877,458,36665,0.790572,0.75,2,3833130,3832672,458
280225981,30.9273,31.3951,457,36723,0.778229,0.71,2,3833154,3832697,457
280228901,29.1709,29.358,457,36781,0.797292,0.73,2,3833182,3832725,457
280237661,47.6589,46.5669,458,36952,0.914307,0.75,2,3833332,3832874,458
280240581,42.4636,41.4268,459,37009,0.935723,0.79,2,3833371,3832912,459
280366141,26.3329,26.0464,494,39389,0.920554,1,2,3834986,3834492,494
280369061,39.3332,44.6185,485,39443,0.926222,1,2,3835034,3834549,485
280374901,26.0933,29.219,486,39550,0.778195,1,2,3835085,3834599,486
280380741,56.1349,58.915,487,39656,0.432911,1,1,3835198,3834711,487
280383661,52.454,52.966,488,39709,0.203165,1,1,3835248,3834760,488
280386581,42.5816,45.7864,483,39762,0.0992658,0.96,1,3835284,3834801,483
280389501,39.8326,40.5146,484,39815,0.0697063,1,1,3835322,3834838,484
280395341,30.1332,37.2023,476,39921,0.042353,0.95,1,3835382,3834906,476
280398261,30.6533,34.0809,475,39974,0.0589412,0.84,1,3835413,3834938,475
280401181,23.0613,26.8324,471,40027,0.0295765,0.94,1,3835431,3834960,471
280404101,23.6245,26.3329,469,40080,0.0178306,0.94,1,3835455,3834986,469
280407021,34.6498,10.5332,511,40133,0.0251322,0.93,1,3835497,3834986,511
280409941,30.0599,33.0133,490,40186,0.0160529,0.75,1,3835524,3835034,490
280412861,21.624,31.2053,476,40239,0.0364212,0.75,1,3835540,3835064,476
280415781,29.6496,25.0821,490,40291,0.0445685,0.61,1,3835575,3835085,490
280418701,44.8598,36.4329,501,40343,0.0478274,0.27,1,3835630,3835129,501
280421621,41.3439,55.9731,471,40395,0.061131,0.05,1,3835669,3835198,471
280424541,39.3376,52.3893,459,40447,0.0664524,0.03,1,3835707,3835248,459
280427461,37.335,42.5557,459,40499,0.044581,0.05,1,3835743,3835284,459
280430381,37.734,39.8223,459,40551,0.0358324,0.13,1,3835781,3835322,459
280433301,30.0936,36.3289,450,40603,0.020333,0,1,3835806,3835356,450
280436221,30.0374,30.1316,454,40655,0.0261332,0.07,1,3835836,3835382,454
280439141,22.215,30.6526,440,40707,0.0404533,0.01,1,3835853,3835413,440
280442061,22.686,23.061,445,40759,0.0941813,0.01,1,3835876,3835431,445
280444981,34.8744,23.6244,464,40811,0.0556725,0.03,1,3835919,3835455,464
280447901,30.7498,34.6498,450,40863,0.088269,0.01,1,3835947,3835497,450
280459581,41.5872,44.8598,463,41070,0.204484,0.07,1,3836093,3835630,463
280468341,39.1176,37.335,462,41223,0.052207,0.03,1,3836205,3835743,462
280471261,29.447,37.734,447,41274,0.0508828,0.01,1,3836228,3835781,447
280474181,30.9788,30.0936,454,41325,0.0383531,0.03,1,3836260,3835806,454
280477101,21.9915,30.0374,440,41376,0.0333412,0.05,1,3836276,3835836,440
280480021,24.9966,22.215,450,41427,0.0313365,0.13,1,3836303,3835853,450
280482941,32.7986,22.686,465,41478,0.0425346,0.03,1,3836341,3835876,465
280485861,32.3195,34.8744,454,41529,0.0590138,0.11,1,3836373,3835919,454
280488781,14.1278,30.7498,428,41580,0.0776055,0.11,1,3836375,3835947,428
280491701,14.0511,21.2999,427,41631,0.0850422,0.15,1,3836389,3835962,427
280494621,27.8204,28.92,430,41682,0.0880169,0.19,1,3836426,3835996,430
280500461,42.8513,41.5872,433,41784,0.0824827,0.17,1,3836526,3836093,433
280503381,35.7405,38.2349,428,41835,0.0869931,0.07,1,3836557,3836129,428
280509221,37.5185,39.1176,423,41935,0.0583189,0.05,1,3836628,3836205,423
280512141,28.8074,29.447,423,41985,0.0413276,0.03,1,3836651,3836228,423
280515061,30.723,30.9788,423,42035,0.022531,0.03,1,3836683,3836260,423
280517981,22.4892,21.9915,424,42085,0.0270124,0.03,1,3836700,3836276,424
280520901,24.5957,24.9966,423,42135,0.016805,0.05,1,3836726,3836303,423
280523821,33.8383,32.7986,425,42185,0.048722,0.07,1,3836766,3836341,425
280526741,33.3353,32.3195,426,42235,0.0734888,0.09,1,3836799,3836373,426
280529661,14.5341,14.1278,426,42285,0.0833955,0.09,1,3836801,3836375,426
280532581,14.8136,14.0511,427,42335,0.0993582,0.09,1,3836816,3836389,427
280544261,35.8608,35.7405,424,42535,0.212064,0.11,1,3836981,3836557,424
280547181,32.9443,32.2962,425,42585,0.234825,0.03,1,3837012,3836587,425
280550101,35.9777,37.5185,422,42635,0.25593,0.03,1,3837050,3836628,422
280553021,28.1911,28.8074,422,42684,0.204372,0.01,1,3837073,3836651,422
280564701,35.6225,33.8383,425,42880,0.0969599,0.09,1,3837191,3836766,425
280582221,43.0431,45.7081,468,43174,0.210409,0.19,1,3837379,3836911,468
280585141,36.4173,41.0832,462,43223,0.222163,0.23,1,3837411,3836949,462
280588061,34.9669,35.6333,464,43272,0.238865,0.25,1,3837445,3836981,464
280590981,36.1868,32.8533,470,43321,0.257546,0.27,1,3837482,3837012,470
280593901,25.2747,35.9413,450,43370,0.265018,0.17,1,3837500,3837050,450
280596821,29.3099,28.1765,459,43419,0.280007,0.17,1,3837532,3837073,459
280599741,20.124,30.4706,441,43468,0.286003,0.15,1,3837546,3837105,441
280608501,36.3999,35.6221,462,43613,0.272464,0.13,1,3837653,3837191,462
280611421,15.76,34.6488,430,43661,0.282986,0.13,1,3837655,3837225,430
280614341,14.704,15.0595,442,43709,0.287194,0.19,1,3837669,3837227,442
280617261,27.4816,14.4238,464,43757,0.288878,0.17,1,3837705,3837241,464
280620181,50.5926,26.7695,495,43805,0.289551,0.19,1,3837771,3837276,495
280631861,36.9592,34.9669,471,43997,0.448773,0.27,1,3837916,3837445,471
280722381,26.9178,26.4507,453,45461,0.773152,0.63,2,3838833,3838380,453
280745741,28.7641,28.7254,454,45829,0.916214,0.69,2,3839045,3838591,454
280748661,12.7056,12.6901,454,45875,0.924486,0.71,2,3839047,3838593,454
280969121,110.614,110.529,481,22817,0.432375,0.51,1,3841497,3841016,481
280972041,90.4456,88.0115,485,22910,0.44295,0.39,1,3841574,3841089,485
280974961,71.5782,83.8046,463,23003,0.42318,0.37,1,3841633,3841170,463
280977881,61.6313,65.9218,464,23095,0.439272,0.29,1,3841688,3841224,464
281010001,61.211,69.5645,452,24085,0.771757,0.65,2,3842320,3841868,452
281015841,76.3938,76.0503,456,24261,0.767881,0.67,2,3842473,3842017,456
281018761,64.7575,64.6201,456,24348,0.781152,0.71,2,3842530,3842074,456
281021681,60.703,60.0481,457,24435,0.798461,0.73,2,3842588,3842131,457
281033361,61.362,61.2108,459,24780,0.927401,0.71,2,3842779,3842320,459
281135561,71.2638,72.8579,487,27615,0.946,1,2,3844829,3844342,487
281167681,39.476,21.9622,498,28447,0.0707164,0.87,1,3845371,3844873,498
281173521,46.8762,44.194,502,28595,0.0845146,0.45,1,3845465,3844963,502
281176441,41.5505,50.6776,485,28669,0.0878058,0.41,1,3845503,3845018,485
281188121,65.0333,67.7581,491,28963,0.213688,0.07,1,3845724,3845233,491
281191041,50.0133,66.7033,465,29036,0.259475,0.09,1,3845764,3845299,465
281205641,34.8513,41.5502,457,29399,0.403006,0.15,1,3845960,3845503,457
281208561,42.7405,34.0201,476,29471,0.407202,0.13,1,3846008,3845532,476
281211481,65.0962,44.208,505,29543,0.420881,0.13,1,3846088,3845583,505
281214401,68.0385,62.0832,501,29615,0.438352,0.27,1,3846158,3845657,501
281261121,38.9973,39.1297,448,30737,0.757522,0.57,2,3846820,3846372,448
281266961,42.8396,42.2608,449,30875,0.782403,0.57,2,3846899,3846450,449
281269881,65.1358,65.5043,448,30944,0.798961,0.59,2,3846979,3846531,448
281272801,69.8543,68.8017,450,31012,0.781585,0.67,2,3847052,3846602,450
281275721,56.1417,53.9207,453,31080,0.798634,0.71,2,3847099,3846646,453
281299081,65.5867,42.5403,539,31620,0.900212,0.81,2,3847438,3846899,539
281302001,68.8347,65.0161,530,31687,0.918085,0.77,2,3847509,3846979,530
281304921,58.1339,69.8065,508,31754,0.949234,0.81,2,3847560,3847052,508
281439241,48.2845,48.4409,524,34685,0.944848,1,2,3849608,3849084,524
281442161,40.9138,41.5764,523,34746,0.935939,1,2,3849644,3849121,523
281445081,37.9655,43.6305,514,34807,0.932376,1,2,3849680,3849166,514
281448001,36.1862,41.4522,509,34868,0.90695,1,2,3849715,3849206,509
281485961,34.8209,34.2745,500,35648,0.405266,0.89,1,3850248,3849748,500
281488881,15.1284,36.5098,464,35707,0.432107,0.85,1,3850250,3849786,464
281494721,30.2605,39.0816,455,35825,0.415937,0.63,1,3850321,3849866,455
281497641,64.3042,68.4326,454,35884,0.412375,0.63,1,3850408,3849954,454
281503481,46.2887,47.6692,448,36002,0.41758,0.49,1,3850480,3850032,448
281506401,44.3155,46.6677,445,36061,0.413032,0.53,1,3850523,3850078,445
281512241,35.6505,37.8268,442,36179,0.429685,0.47,1,3850591,3850149,442
281515161,31.0602,33.1307,440,36237,0.441874,0.35,1,3850619,3850179,440
281567721,65.5925,22.759,538,37272,0.773093,0.61,2,3851300,3850762,538
281585241,31.8246,36.9177,480,37611,0.904877,0.61,2,3851514,3851034,480
281588161,33.1299,32.1671,485,37667,0.931951,0.67,2,3851548,3851063,485
281757521,36.8244,44.7394,514,40791,0.94,1,2,3853739,3853225,514
281777961,35.0173,34.8365,523,41152,0.414536,1,1,3853981,3853458,523
281783801,33.8028,38.6938,510,41254,0.223526,1,1,3854046,3853536,510
281789641,48.9684,34.631,537,41356,0.0621641,1,1,3854139,3853602,537
281798401,29.942,36.8244,494,41509,0.0526985,0.81,1,3854233,3853739,494
281801321,13.1768,34.5298,463,41560,0.0270794,0.85,1,3854235,3853772,463
281804241,25.0707,34.8119,461,41611,0.0768318,0.79,1,3854268,3853807,461
281807161,28.0283,34.9248,456,41662,0.0487327,0.57,1,3854298,3853842,456
281810081,29.8113,36.7699,449,41713,0.0494931,0.51,1,3854329,3853880,449
281813001,26.9245,32.108,445,41764,0.0377972,0.47,1,3854354,3853909,445
281815921,31.1698,35.0432,442,41815,0.0571189,0.35,1,3854388,3853946,442
281818841,29.8679,35.0173,436,41865,0.0648476,0.23,1,3854417,3853981,436
281821761,26.9472,32.0069,431,41915,0.067939,0.17,1,3854442,3854011,431
281824681,28.7789,33.8028,426,41965,0.0571756,0.11,1,3854472,3854046,426
281827601,32.5115,33.9211,427,42015,0.0768702,0,1,3854507,3854080,427
281830521,46.6046,48.9684,424,42065,0.0487481,0.17,1,3854563,3854139,424
281833441,43.2418,42.3874,427,42115,0.0494992,0.11,1,3854604,3854177,427
281836361,34.0967,34.355,426,42165,0.0497997,0.01,1,3854632,3854206,426
281839281,28.0387,29.942,423,42215,0.0739199,0.01,1,3854656,3854233,423
281842201,12.4155,13.1768,423,42265,0.0595679,0.11,1,3854658,3854235,423
281845121,25.3662,25.0707,424,42315,0.0238272,0.03,1,3854692,3854268,424
281848041,26.9465,28.0283,422,42365,0.0635309,0.05,1,3854720,3854298,422
281850961,29.3786,29.8113,422,42415,0.0794123,0.03,1,3854751,3854329,422
281853881,27.3514,26.9245,423,42465,0.0617649,0.07,1,3854777,3854354,423
281856801,30.7406,31.1698,422,42515,0.078706,0.07,1,3854810,3854388,422
281859721,30.2962,29.8679,423,42565,0.0614824,0.07,1,3854840,3854417,423
281862641,27.1185,26.9472,423,42615,0.078593,0.05,1,3854865,3854442,423
281865561,28.8474,28.7789,423,42665,0.0974372,0.09,1,3854895,3854472,423
281874321,43.5582,43.2418,424,42812,0.074156,0.05,1,3855028,3854604,424
281877241,33.6233,34.0967,423,42861,0.0596624,0.09,1,3855055,3854632,423
281880161,27.2493,28.0387,422,42910,0.077865,0.05,1,3855078,3854656,422
281883081,12.0997,12.4155,422,42959,0.085146,0,1,3855080,3854658,422
281886001,25.2399,25.3662,422,43008,0.0880584,0,1,3855114,3854692,422
281888921,26.896,10.1465,450,43057,0.0772234,0.09,1,3855142,3854692,450
281891841,28.7584,20.8586,452,43106,0.0728893,0.09,1,3855172,3854720,452
281894761,27.1034,26.9434,447,43155,0.0711557,0.05,1,3855198,3854751,447
281897681,31.8413,26.3774,456,43204,0.0704623,0.09,1,3855233,3854777,456
281900601,31.3365,30.351,454,43253,0.0581849,0.05,1,3855264,3854810,454
281903521,28.1346,30.1404,450,43302,0.089274,0.09,1,3855290,3854840,450
281918121,34.2404,43.5566,451,43547,0.098671,0.05,1,3855479,3855028,451
281929801,28.9902,25.2399,454,43739,0.09771,0.07,1,3855568,3855114,454
281953161,44.7492,34.3815,479,44123,0.223931,0.15,1,3855838,3855359,479
281956081,40.0997,43.7526,466,44171,0.251572,0.09,1,3855875,3855409,466
281959001,33.4399,42.101,454,44219,0.286629,0.09,1,3855904,3855450,454
281961921,28.3759,34.2404,450,44267,0.288652,0.11,1,3855929,3855479,450
281964841,12.5504,28.0962,428,44315,0.289461,0.11,1,3855931,3855503,428
281967761,23.0202,12.4385,456,44363,0.289784,0.11,1,3855961,3855505,456
282008641,12.5802,12.5504,436,45022,0.405825,0.29,1,3856367,3855931,436
282011561,23.0321,23.0202,436,45069,0.40833,0.31,1,3856397,3855961,436
282014481,30.2128,29.6081,437,45116,0.409332,0.31,1,3856432,3855995,437
282017401,30.0851,29.2432,438,45163,0.409733,0.33,1,3856462,3856024,438
282020321,13.2341,12.8973,438,45210,0.433893,0.37,1,3856464,3856026,438
282023241,19.6936,19.5589,438,45257,0.419557,0.35,1,3856488,3856050,438
282026161,30.0774,30.6236,437,45304,0.437823,0.33,1,3856525,3856088,437
282084561,47.0283,36.1498,500,46226,0.779539,0.55,2,3857156,3856656,500
282116681,32.8315,29.5094,487,46724,0.911679,0.67,2,3857453,3856966,487
282119601,30.5326,31.6038,483,46769,0.910672,0.67,2,3857482,3856999,483
282122521,34.413,29.4415,492,46814,0.946269,0.69,2,3857519,3857027,492
282125441,39.5652,32.1766,501,46859,0.948507,0.77,2,3857562,3857061,501
282128361,48.8261,38.0706,514,46904,0.937403,0.81,2,3857617,3857103,514
282131281,44.7304,47.0283,503,46949,0.944961,0.85,2,3857659,3857156,503
282134201,38.2922,42.8113,497,46994,0.947984,0.81,2,3857693,3857196,497
282347361,329.978,357.639,477,23360,0.416848,0.63,1,3860260,3859783,477
282392621,110.516,115.182,461,23451,0.0918957,0.35,1,3860442,3859981,461
282395541,82.0066,70.6729,483,23541,0.0427583,0.03,1,3860505,3860022,483
282398461,74.2026,79.2692,467,23631,0.0171033,0,1,3860574,3860107,467
282401381,60.2811,82.1077,434,23721,0.0248413,0.03,1,3860625,3860191,434
282404301,39.7124,49.0431,433,23810,0.00993653,0.05,1,3860651,3860218,433
282407221,34.485,33.4172,441,23899,0.0339746,0,1,3860682,3860241,441
282410141,63.594,58.3669,449,23988,0.0915898,0.07,1,3860765,3860316,449
282421821,64.1384,67.115,422,24339,0.0870647,0.03,1,3860996,3860574,422
282424741,56.8554,57.446,423,24426,0.0348259,0,1,3861048,3860625,423
282427661,38.3421,38.5784,423,24513,0.0139303,0.05,1,3861074,3860651,423
282430581,33.9369,34.0314,423,24599,0.0475721,0.13,1,3861105,3860682,423
282433501,65.7747,63.4125,427,24685,0.0610289,0.15,1,3861192,3860765,427
282436421,64.1099,61.965,429,24771,0.0304115,0.11,1,3861255,3860826,429
282439341,47.844,47.586,428,24857,0.0541646,0.21,1,3861292,3860864,428
282442261,56.9376,56.8344,428,24942,0.0516658,0.03,1,3861355,3860927,428
282445181,60.575,64.1338,422,25027,0.0386663,0,1,3861418,3860996,422
282448101,55.43,56.8535,422,25112,0.0334665,0,1,3861470,3861048,422
282451021,37.772,38.3414,422,25196,0.0133866,0.07,1,3861496,3861074,422
282453941,36.1088,33.9366,426,25280,0.0233546,0.07,1,3861531,3861105,426
282456861,64.8435,65.7746,423,25364,0.0513419,0.01,1,3861615,3861192,423
282459781,63.1374,64.1099,422,25448,0.0985368,0.01,1,3861677,3861255,422
282474381,37.6084,54.4453,447,25861,0.0897418,0,1,3861917,3861470,447
282477301,36.0434,37.3781,456,25943,0.0658967,0.03,1,3861952,3861496,456
282480221,66.0174,35.9512,507,26025,0.0563587,0.07,1,3862038,3861531,507
282486061,48.9628,63.1122,464,26187,0.0942174,0.13,1,3862141,3861677,464
282500661,35.1843,37.6082,457,26589,0.0888144,0.05,1,3862374,3861917,457
282503581,67.4737,36.0433,511,26669,0.0535258,0.05,1,3862463,3861952,511
282506501,65.9895,66.0173,490,26748,0.0874103,0.13,1,3862528,3862038,490
282518181,47.4525,60.754,429,27063,0.208398,0.15,1,3862699,3862270,429
282521101,46.581,51.9016,429,27141,0.245359,0.15,1,3862745,3862316,429
282526941,31.573,35.1843,422,27297,0.297257,0.03,1,3862796,3862374,422
282547381,49.3855,46.581,436,27836,0.416734,0.35,1,3863181,3862745,436
282550301,31.1542,29.4324,437,27912,0.412694,0.29,1,3863200,3862763,437
282553221,31.6617,31.573,436,27988,0.411077,0.33,1,3863232,3862796,436
282556141,69.0647,67.8292,438,28064,0.422431,0.39,1,3863326,3862888,438
282559061,69.6259,67.3317,441,28139,0.414972,0.35,1,3863396,3862955,441
282564901,62.2601,61.7731,440,28289,0.405996,0.37,1,3863504,3863064,440
282567821,26.1041,25.9092,440,28364,0.408398,0.37,1,3863506,3863066,440
282570741,50.6416,10.3637,507,28439,0.445359,0.41,1,3863573,3863066,507
282614541,50.9309,68.8158,491,29535,0.767338,0.63,2,3864326,3863835,491
282629141,22.0409,52.2221,455,29891,0.923438,0.69,2,3864524,3864069,455
282748861,32.6837,33.6658,512,32668,0.920512,1,2,3866468,3865956,512
282751781,31.0735,33.2663,509,32733,0.914205,1,2,3866498,3865989,509
282827701,44.6454,57.0244,478,34373,0.750652,0.63,2,3867590,3867112,478
282830621,56.8582,39.6098,515,34435,0.786261,0.59,2,3867655,3867140,515
282859821,46.0514,63.6133,491,35044,0.906148,0.77,2,3868049,3867558,491
282862741,58.6206,44.6453,526,35104,0.908459,0.81,2,3868116,3867590,526
282865661,45.6482,56.8581,498,35164,0.921384,0.81,2,3868153,3867655,498
282868581,61.4593,44.9433,533,35224,0.914553,0.85,2,3868225,3867692,533
282871501,44.9837,59.9773,497,35284,0.923821,0.85,2,3868259,3867762,497
282874421,26.9935,45.5909,476,35344,0.939529,0.83,2,3868274,3867798,476
282877341,25.1974,26.6364,486,35404,0.945811,0.83,2,3868298,3867812,486
282985381,27.8931,28.4775,506,37550,0.9268,1,2,3869766,3869260,506
283002901,41.315,30.0838,528,37886,0.9397,1,2,3870012,3869484,528
283005821,39.926,45.0335,512,37942,0.93388,1,2,3870051,3869539,512
283245261,37.4297,30.9801,507,42262,0.946,1,2,3873083,3872576,507
283262781,33.4964,31.9659,512,42562,0.448983,1,1,3873280,3872768,512
283271541,27.8238,33.9658,489,42711,0.272335,1,1,3873366,3872877,489
283277381,33.0118,40.7145,476,42809,0.0615736,1,1,3873446,3872970,476
283280301,33.0047,36.6858,475,42858,0.0426294,0.95,1,3873479,3873004,475
283283221,36.6019,41.0743,470,42907,0.0470518,0.93,1,3873518,3873048,470
283286141,32.6408,37.4297,465,42956,0.0608207,0.81,1,3873548,3873083,465
283289061,29.8563,33.5719,462,43005,0.0303283,0.81,1,3873576,3873114,462
283291981,29.9425,13.4288,492,43054,0.0181313,0.77,1,3873606,3873114,492
283294901,31.777,25.7715,491,43103,0.0252525,0.71,1,3873639,3873148,491
283297821,28.9108,31.9086,482,43152,0.040101,0.59,1,3873666,3873184,482
283300741,25.9643,32.5634,473,43201,0.0460404,0.51,1,3873690,3873217,473
283303661,27.1857,29.2254,474,43250,0.0604162,0.37,1,3873718,3873244,474
283306581,31.2743,33.2902,472,43299,0.0781665,0.35,1,3873752,3873280,472
283309501,23.3097,34.3161,455,43348,0.0372666,0.35,1,3873770,3873315,455
283312421,22.5239,27.5264,454,43397,0.0689066,0.21,1,3873792,3873338,454
283315341,40.2096,27.8106,478,43446,0.0335627,0.05,1,3873844,3873366,478
283318261,30.4838,43.5242,448,43495,0.0434251,0.01,1,3873868,3873420,448
283321181,31.3935,33.0097,454,43544,0.04737,0.03,1,3873900,3873446,454
283324101,35.9574,33.0039,460,43592,0.036948,0.05,1,3873939,3873479,460
283327021,32.383,36.6016,451,43640,0.0567792,0.07,1,3873969,3873518,451
283329941,29.7532,32.6406,449,43688,0.0767117,0.01,1,3873997,3873548,449
283332861,30.5013,29.8562,452,43736,0.0606847,0.01,1,3874028,3873576,452
283335781,32.0005,29.9425,455,43784,0.0242739,0.03,1,3874061,3873606,455
283338701,29.0002,31.777,449,43832,0.0637095,0.05,1,3874088,3873639,449
283341621,25.4001,28.9108,445,43880,0.0794838,0.05,1,3874111,3873666,445
283344541,27.56,25.9643,450,43928,0.0617935,0.07,1,3874140,3873690,450
283347461,32.024,27.1857,457,43976,0.0427174,0.09,1,3874175,3873718,457
283350381,23.6096,31.2743,441,44024,0.047087,0.01,1,3874193,3873752,441
283353301,22.0438,23.3097,444,44072,0.0608348,0.09,1,3874214,3873770,444
283356221,40.0175,22.5239,474,44120,0.0543339,0.01,1,3874266,3873792,474
283359141,31.007,40.2096,447,44168,0.0397336,0.05,1,3874291,3873844,447
283362061,32.8028,30.4838,457,44216,0.0458934,0.05,1,3874325,3873868,457
283364981,34.1211,31.3935,460,44264,0.0183574,0.03,1,3874360,3873900,460
283367901,35.2484,35.9574,457,44312,0.0253429,0.07,1,3874396,3873939,457
283370821,27.2994,32.383,449,44360,0.0401372,0.09,1,3874418,3873969,449
283373741,29.5198,29.7532,452,44408,0.0340549,0.05,1,3874449,3873997,452
283376661,32.2079,30.5013,455,44456,0.0136219,0,1,3874483,3874028,455
283379581,14.0832,32.0005,424,44503,0.00544878,0.09,1,3874485,3874061,424
283382501,24.8333,29.0002,429,44550,0.0321795,0.09,1,3874517,3874088,429
283385421,20.1333,25.4001,423,44597,0.0428718,0.05,1,3874534,3874111,423
283388341,26.0533,27.56,424,44644,0.0231487,0.03,1,3874564,3874140,424
283391261,31.4213,32.024,424,44691,0.0392595,0.05,1,3874599,3874175,424
283394181,23.3685,23.6096,424,44738,0.0457038,0.07,1,3874617,3874193,424
283397101,22.5474,22.0438,425,44785,0.0242815,0.05,1,3874639,3874214,425
283400021,39.619,40.0175,424,44832,0.0637126,0.03,1,3874690,3874266,424
283402941,29.6476,31.007,422,44879,0.043485,0.05,1,3874713,3874291,422
283405861,33.459,32.8028,424,44926,0.059394,0,1,3874749,3874325,424
283408781,33.1836,34.1211,422,44973,0.0417576,0.03,1,3874782,3874360,422
283411701,36.0734,35.2484,424,45020,0.034703,0.05,1,3874820,3874396,424
283414621,26.4294,27.2994,422,45067,0.0318812,0.03,1,3874840,3874418,422
283417541,29.7718,29.5198,423,45114,0.0307525,0,1,3874872,3874449,423
283420461,31.7087,32.2079,422,45161,0.012301,0,1,3874905,3874483,422
283423381,13.8835,14.0832,422,45208,0.0049204,0.05,1,3874907,3874485,422
283426301,24.7534,24.8333,422,45255,0.0439682,0.05,1,3874939,3874517,422
283429221,21.3014,20.1333,424,45302,0.0355873,0.01,1,3874958,3874534,424
283432141,25.3205,26.0533,422,45349,0.0442349,0.05,1,3874986,3874564,422
283435061,31.1282,31.4213,422,45396,0.095694,0.05,1,3875021,3874599,422
283437981,23.2513,23.3685,422,45442,0.0922776,0.01,1,3875039,3874617,422
283458421,25.9664,26.4294,422,45764,0.0833552,0.03,1,3875262,3874840,422
283461341,29.5866,29.7718,422,45810,0.0753421,0,1,3875294,3874872,422
283464261,32.2346,31.7087,423,45856,0.0301368,0,1,3875328,3874905,423
283467181,14.0939,13.8835,423,45902,0.0300547,0.07,1,3875330,3874907,423
283470101,24.8375,24.7534,423,45948,0.0420219,0.07,1,3875362,3874939,423
283473021,21.335,9.90136,442,45994,0.0588088,0.03,1,3875381,3874939,442
283475941,25.334,15.3605,451,46040,0.0415235,0.05,1,3875409,3874958,451
283478861,32.3336,22.9442,460,46086,0.0586094,0.13,1,3875446,3874986,460
283481781,24.3334,30.1777,444,46132,0.0654438,0.09,1,3875465,3875021,444
283484701,22.9334,22.8711,448,46178,0.0681775,0.13,1,3875487,3875039,448
283487621,41.5734,22.9484,479,46224,0.069271,0.17,1,3875541,3875062,479
283490541,30.4293,40.3794,450,46270,0.0817084,0.15,1,3875564,3875114,450
283528501,23.1106,24.3334,446,46857,0.202966,0.07,1,3875911,3875465,446
283531421,41.6442,22.9334,478,46902,0.231186,0.07,1,3875965,3875487,478
283534341,31.0577,41.5734,448,46947,0.242474,0.09,1,3875989,3875541,448
283537261,35.2231,30.4293,463,46992,0.22299,0.13,1,3876027,3875564,463
283540181,32.0892,33.7717,457,47037,0.227196,0.13,1,3876057,3875600,457
283543101,35.0357,31.5087,464,47082,0.240878,0.15,1,3876094,3875630,464
283546021,25.4143,34.2035,447,47127,0.246351,0.15,1,3876113,3875666,447
283548941,31.1657,24.4814,464,47172,0.284541,0.23,1,3876148,3875684,464
283551861,31.0663,28.9926,463,47217,0.299816,0.19,1,3876179,3875716,463
283581061,31.4214,31.0577,434,47661,0.417471,0.21,1,3876423,3875989,434
283583981,34.1686,35.2231,432,47705,0.424989,0.23,1,3876459,3876027,432
283586901,32.2674,32.0892,433,47749,0.415995,0.25,1,3876490,3876057,433
283589821,36.307,35.0357,435,47793,0.424398,0.25,1,3876529,3876094,435
283592741,27.1228,25.4143,437,47837,0.415759,0.31,1,3876550,3876113,437
283595661,31.8491,31.1657,437,47881,0.436304,0.31,1,3876585,3876148,437
283598581,31.3396,31.0663,437,47925,0.432521,0.31,1,3876616,3876179,437
283665741,24.254,27.4055,465,48926,0.770227,0.53,2,3877205,3876740,465
283668661,24.1016,21.7622,471,48969,0.782091,0.55,2,3877229,3876758,471
283671581,45.0406,23.7049,505,49012,0.786836,0.57,2,3877288,3876783,505
283686181,28.258,36.3359,473,49227,0.79807,0.59,2,3877443,3876970,473
283706621,23.8354,9.96896,487,49528,0.928057,0.71,2,3877602,3877115,487
283709541,36.5342,22.5876,501,49571,0.929223,0.77,2,3877647,3877146,501
283712461,25.4137,33.635,478,49614,0.929689,0.79,2,3877665,3877187,478
283965041,79.3398,85.2218,487,24266,0.228772,0.83,1,3880317,3879830,487
283982561,53.8154,51.6824,478,24785,0.212262,0.21,1,3880631,3880153,478
283985481,61.7262,88.473,432,24871,0.282905,0.17,1,3880698,3880266,432
283997161,62.6938,64.5113,428,25210,0.40137,0.15,1,3880926,3880498,428
284000081,41.2775,42.0045,428,25294,0.418548,0.21,1,3880953,3880525,428
284038041,68.5811,55.9317,528,26362,0.760122,0.67,2,3881712,3881184,528
284040961,48.4324,66.7727,489,26442,0.754049,0.67,2,3881747,3881258,489
284043881,63.773,47.7091,528,26522,0.763619,0.67,2,3881821,3881293,528
284046801,41.1092,63.4836,480,26602,0.767448,0.65,2,3881847,3881367,480
284049721,50.6437,41.5935,510,26682,0.768979,0.69,2,3881904,3881394,510
284052641,58.6575,49.6374,519,26761,0.769592,0.75,2,3881968,3881449,519
284067241,45.3021,48.4324,459,27154,0.910501,0.77,2,3882206,3881747,459
284070161,63.1208,63.773,460,27232,0.922201,0.77,2,3882281,3881821,460
284073081,40.8483,41.1092,460,27310,0.92688,0.77,2,3882307,3881847,460
284076001,51.1393,50.6437,461,27388,0.916752,0.77,2,3882365,3881904,461
284154841,47.1598,38.9588,526,29403,0.9436,1,2,3883769,3883243,526
284163601,54.3782,70.0294,515,29619,0.42639,1,1,3883956,3883441,515
284166521,40.3513,44.8117,518,29690,0.284556,1,1,3883987,3883469,518
284172361,46.6562,54.9299,518,29832,0.075529,1,1,3884090,3883572,518
284175281,39.0625,51.372,503,29903,0.0602116,1,1,3884124,3883621,503
284178201,42.025,60.7488,480,29974,0.0240846,0.94,1,3884168,3883688,480
284186961,49.3936,60.8639,454,30185,0.0670614,0.55,1,3884293,3883839,454
284189881,55.1574,66.9456,442,30255,0.0928246,0.27,1,3884352,3883910,442
284192801,46.063,54.3782,436,30325,0.0911298,0.19,1,3884392,3883956,436
284195721,36.4252,40.3513,435,30395,0.0664519,0.05,1,3884422,3883987,435
284198641,43.3701,52.1405,423,30465,0.0565808,0.03,1,3884470,3884047,423
284201561,42.548,46.6562,422,30534,0.0406323,0.05,1,3884512,3884090,422
284204481,38.0192,39.0625,423,30603,0.0462529,0,1,3884547,3884124,423
284207401,42.8077,42.025,425,30672,0.0185012,0.17,1,3884593,3884168,425
284210321,39.3231,37.21,428,30741,0.0374005,0.13,1,3884630,3884202,428
284213241,33.1292,33.484,426,30810,0.0809602,0.03,1,3884659,3884233,426
284216161,46.8517,49.3936,422,30879,0.0863841,0.11,1,3884715,3884293,422
284236601,41.7169,15.2077,467,31356,0.081745,0,1,3885014,3884547,467
284239521,38.8868,33.6831,458,31423,0.062698,0.05,1,3885051,3884593,458
284242441,34.7547,35.6732,453,31490,0.0790792,0.11,1,3885083,3884630,453
284245361,46.9019,31.6693,479,31557,0.0976317,0.09,1,3885138,3884659,479
284265801,37.9384,36.7899,466,32023,0.22808,0.03,1,3885435,3884969,466
284268721,39.7753,41.716,462,32089,0.217232,0.05,1,3885476,3885014,462
284271641,35.1101,38.8864,457,32155,0.224893,0.09,1,3885508,3885051,457
284274561,47.6441,34.7546,481,32221,0.239957,0.11,1,3885564,3885083,481
284277481,57.4576,46.9018,490,32287,0.257983,0.17,1,3885628,3885138,490
284280401,48.183,56.5607,469,32353,0.265193,0.13,1,3885670,3885201,469
284283321,37.8732,47.8243,458,32418,0.256077,0.15,1,3885701,3885243,458
284286241,46.3493,36.5297,481,32483,0.276431,0.15,1,3885753,3885272,481
284289161,42.5397,46.4119,468,32548,0.260572,0.19,1,3885793,3885325,468
284292081,37.4159,41.3648,464,32613,0.254229,0.21,1,3885827,3885363,464
284295001,38.3664,36.3459,470,32678,0.287692,0.25,1,3885866,3885396,470
284327121,40.6088,38.3664,438,33383,0.426764,0.33,1,3886304,3885866,438
284373841,56.756,39.5944,509,34383,0.769896,0.51,2,3886947,3886438,509
284388441,39.417,42.4659,489,34688,0.901193,0.67,2,3887156,3886667,489
284391361,42.1668,37.9864,498,34749,0.918477,0.67,2,3887200,3886702,498
284394281,42.6667,41.5945,497,34810,0.937391,0.69,2,3887243,3886746,497
284397201,18.2667,41.8378,457,34871,0.944956,0.69,2,3887245,3886788,457
284400121,28.9067,17.9351,491,34932,0.947983,0.75,2,3887281,3886790,491
284554881,48.4078,34.3287,536,38006,0.295308,1,1,3889455,3888919,536
284560721,36.4253,44.4926,508,38118,0.0676493,1,1,3889525,3889017,508
284563641,49.9701,38.197,533,38173,0.0330597,1,1,3889584,3889051,533
284566561,40.988,47.6788,514,38228,0.0312239,0.98,1,3889619,3889105,514
284569481,36.1952,44.2715,505,38283,0.0784896,1,1,3889652,3889147,505
284572401,31.2781,36.3086,502,38338,0.0733958,1,1,3889680,3889178,502
284575321,32.3112,31.9234,506,38393,0.0473583,0.81,1,3889713,3889207,506
284578241,26.7245,39.1694,485,38448,0.0489433,0.77,1,3889736,3889251,485
284581161,36.4898,34.8678,496,38503,0.0375773,0.59,1,3889779,3889283,496
284584081,30.1959,42.7471,474,38558,0.0330309,0.51,1,3889805,3889331,474
284587001,31.8784,36.2988,475,38613,0.0672124,0.37,1,3889838,3889363,475
284589921,13.9513,35.5195,442,38668,0.092885,0.19,1,3889840,3889398,442
284592841,31.3805,48.4078,428,38723,0.067154,0.01,1,3889883,3889455,428
284595761,34.1522,41.5631,427,38778,0.0568616,0.03,1,3889919,3889492,427
284598681,31.6609,36.4253,424,38832,0.0407446,0.01,1,3889949,3889525,424
284601601,48.0644,49.9701,424,38886,0.0462979,0.03,1,3890008,3889584,424
284604521,39.6257,40.988,423,38940,0.0365191,0.11,1,3890042,3889619,423
284607441,38.6503,36.1952,428,38994,0.0326077,0.07,1,3890080,3889652,428
284610361,29.8601,31.2781,424,39048,0.0310431,0.03,1,3890104,3889680,424
284613281,31.144,32.3112,423,39102,0.0304172,0.05,1,3890136,3889713,423
284616201,25.6576,26.7245,422,39156,0.0541669,0.03,1,3890158,3889736,422
284619121,36.663,36.4898,423,39210,0.0636668,0.03,1,3890202,3889779,423
284624961,34.3061,31.8784,427,39318,0.0953867,0.11,1,3890265,3889838,427
284627881,14.9224,13.9513,427,39372,0.0921547,0.05,1,3890267,3889840,427
284636641,30.955,31.6609,422,39533,0.0526979,0.05,1,3890371,3889949,422
284639561,47.782,48.0644,422,39586,0.0870792,0.03,1,3890430,3890008,422
284642481,39.5128,39.6257,422,39639,0.0648317,0.03,1,3890464,3890042,422
284645401,39.2051,38.6503,423,39692,0.0559327,0.03,1,3890503,3890080,423
284648321,29.482,29.8601,422,39745,0.0403731,0.03,1,3890526,3890104,422
284651241,30.9928,31.144,422,39798,0.0461492,0.07,1,3890558,3890136,422
284654161,27.3971,25.6576,425,39851,0.0964597,0.07,1,3890583,3890158,425
284657081,36.7589,36.663,424,39904,0.0565839,0.13,1,3890626,3890202,424
284660001,30.3035,30.2652,424,39957,0.0646335,0.09,1,3890652,3890228,424
284662921,35.5214,34.3061,426,40010,0.0798534,0.09,1,3890691,3890265,426
284677521,47.4825,30.382,481,40274,0.0985937,0.11,1,3890852,3890371,481
284683361,38.9172,39.4211,460,40378,0.088975,0.05,1,3890924,3890464,460
284686281,29.3669,39.1684,444,40430,0.06559,0.03,1,3890947,3890503,444
284689201,32.1468,29.4674,455,40482,0.068236,0.05,1,3890981,3890526,455
284692121,29.0587,30.987,450,40534,0.0932944,0.13,1,3891008,3890558,450
284718401,40.3271,47.4825,460,41002,0.204774,0.13,1,3891312,3890852,460
284721321,37.7308,38.793,463,41053,0.24391,0.07,1,3891348,3890885,463
284724241,28.2923,38.9172,446,41104,0.259564,0.05,1,3891370,3890924,446
284727161,32.9169,29.3669,459,41155,0.265826,0.07,1,3891406,3890947,459
284730081,29.9668,32.1468,453,41206,0.24433,0.11,1,3891434,3890981,453
284733001,35.9867,29.0587,466,41257,0.211732,0.13,1,3891474,3891008,466
284738841,38.2779,31.4094,469,41359,0.217477,0.13,1,3891545,3891076,469
284741761,16.5111,37.1638,430,41410,0.200991,0.13,1,3891547,3891117,430
284747601,31.9218,31.0262,461,41512,0.203759,0.17,1,3891621,3891160,461
284750521,13.9687,31.6105,431,41563,0.207503,0.19,1,3891623,3891192,431
284753441,19.9875,27.0442,431,41614,0.209001,0.21,1,3891647,3891216,431
284756361,44.595,46.8177,432,41665,0.209601,0.21,1,3891708,3891276,432
284759281,39.438,40.3271,432,41716,0.23384,0.27,1,3891744,3891312,432
284762201,39.1752,37.7308,435,41767,0.231536,0.27,1,3891783,3891348,435
284765121,28.8701,28.2923,435,41818,0.230614,0.27,1,3891805,3891370,435
284768041,31.948,32.9169,433,41868,0.218246,0.23,1,3891839,3891406,433
284770961,29.5792,29.9668,433,41918,0.237298,0.19,1,3891867,3891434,433
284773881,34.6317,35.9867,431,41968,0.268919,0.19,1,3891905,3891474,431
284779721,39.2611,38.2779,433,42068,0.284227,0.19,1,3891978,3891545,433
284782641,16.9044,16.5111,433,42118,0.275691,0.19,1,3891980,3891547,433
284794321,20.0168,19.9875,432,42318,0.402338,0.21,1,3892079,3891647,432
284797241,44.6067,44.595,432,42368,0.430935,0.25,1,3892140,3891708,432
284800161,40.0427,39.438,433,42418,0.442374,0.23,1,3892177,3891744,433
284849801,34.2324,28.1794,481,43256,0.761801,0.49,2,3892717,3892236,481
284852721,30.493,32.2717,474,43305,0.778721,0.55,2,3892745,3892271,474
284855641,37.9972,29.7087,489,43354,0.773488,0.59,2,3892788,3892299,489
284870241,35.6422,32.5746,488,43598,0.911885,0.65,2,3892946,3892458,488
284873161,15.4569,34.0298,455,43646,0.922754,0.65,2,3892948,3892493,455
284876081,20.5828,14.8119,477,43694,0.939102,0.69,2,3892972,3892495,477
284879001,46.0331,20.3248,516,43742,0.945641,0.67,2,3893035,3892519,516
285086321,33.9078,32.2237,518,47041,0.901602,1,2,3895322,3894804,518
285095081,30.9221,30.5743,522,47176,0.785143,1,2,3895410,3894888,522
285133041,30.0087,33.9078,464,47753,0.449359,0.89,1,3895786,3895322,464
285135961,30.0035,32.7631,462,47797,0.437743,0.85,1,3895816,3895354,462
285138881,25.2014,26.3052,462,47841,0.421097,0.73,1,3895838,3895376,462
285141801,28.6806,30.9221,459,47885,0.438439,0.65,1,3895869,3895410,459
285144721,27.0722,32.1688,452,47929,0.421376,0.53,1,3895895,3895443,452
285147641,28.2289,32.0675,449,47973,0.40255,0.57,1,3895924,3895475,449
285197281,37.3966,36.4916,443,48715,0.758442,0.53,2,3896409,3895966,443
285200201,31.1586,28.9966,446,48758,0.789377,0.51,2,3896436,3895990,446
285229401,29.3686,28.5219,482,49188,0.905544,0.67,2,3896710,3896228,482
285232321,25.5474,29.4088,475,49231,0.920218,0.65,2,3896733,3896258,475
285235241,30.619,24.3635,488,49274,0.938087,0.67,2,3896767,3896279,488
285493661,372.211,420.276,444,23360,0.2476,0.39,1,3899588,3899144,444
285499501,76.4738,87.0441,444,24266,0.052816,0.25,1,3899630,3899186,444
285502421,52.1895,52.8177,450,24353,0.0391264,0.09,1,3899666,3899216,450
285505341,73.0758,47.5271,493,24440,0.0456506,0.07,1,3899753,3899260,493
285508261,60.4303,71.2108,458,24527,0.0482602,0.01,1,3899805,3899347,458
285511181,67.3721,70.4843,460,24613,0.0253041,0.01,1,3899877,3899417,460
285514101,71.3489,71.9937,461,24699,0.0281216,0.03,1,3899951,3899490,461
285517021,65.1395,61.1975,468,24785,0.0652487,0.03,1,3900012,3899544,468
285540381,66.3699,64.979,426,25461,0.200408,0.09,1,3900438,3900012,426
285549141,32.1597,22.0387,460,25710,0.214666,0.15,1,3900515,3900055,460
285552061,65.6639,29.2155,514,25792,0.235866,0.17,1,3900603,3900089,514
285554981,58.6655,63.8862,481,25874,0.268347,0.21,1,3900657,3900176,481
285569581,28.2065,39.7377,450,26281,0.417017,0.19,1,3900910,3900460,450
285572501,33.4826,27.8951,467,26362,0.424807,0.23,1,3900947,3900480,467
285627981,66.5552,67.378,452,27848,0.778542,0.69,2,3901935,3901483,452
285639661,72.595,71.6513,455,28151,0.920651,0.73,2,3902214,3901759,455
285648421,19.5261,19.9697,455,28376,0.942842,0.71,2,3902261,3901806,455
285736021,59.4621,66.2414,490,30534,0.93832,1,2,3903824,3903334,490
285741861,43.2339,46.9586,485,30672,0.763331,1,2,3903894,3903409,485
285756461,31.1493,32.8453,477,31016,0.0737397,0.97,1,3904164,3903687,477
285759381,31.6597,28.1381,484,31084,0.0294959,0.98,1,3904196,3903712,484
285762301,31.2639,31.6553,481,31152,0.0117984,0.91,1,3904227,3903746,481
285765221,51.5056,59.4621,468,31220,0.0587193,0.83,1,3904292,3903824,468
285768141,31.4022,37.5848,463,31288,0.0774877,0.83,1,3904310,3903847,463
285771061,37.1609,15.0339,504,31356,0.0729951,0.69,1,3904351,3903847,504
285773981,50.8644,34.2136,517,31423,0.071198,0.47,1,3904411,3903894,517
285776901,56.9457,59.2854,502,31490,0.0704792,0.21,1,3904472,3903970,502
285779821,65.3783,67.5142,500,31557,0.0581917,0.09,1,3904543,3904043,500
285782741,38.1513,72.6057,444,31624,0.0652767,0.05,1,3904563,3904119,444
285788581,31.4242,31.0569,455,31758,0.0884443,0,1,3904619,3904164,455
285791501,31.1697,31.6228,454,31825,0.0353777,0,1,3904650,3904196,454
285794421,53.2679,31.2491,491,31891,0.0921511,0.09,1,3904718,3904227,491
285803181,51.9611,37.1599,485,32089,0.0968577,0.07,1,3904836,3904351,485
285823621,55.5084,31.1697,495,32548,0.0790419,0.13,1,3905145,3904650,495
285826541,31.8034,53.2679,443,32613,0.0496168,0.11,1,3905161,3904718,443
285829461,35.5213,31.5071,464,32678,0.0618467,0.11,1,3905199,3904735,464
285832381,53.2085,35.4029,491,32743,0.0667387,0.09,1,3905264,3904773,491
285835301,22.4834,51.9611,430,32808,0.0926955,0.15,1,3905266,3904836,430
285858661,31.7396,31.8034,425,33320,0.220982,0.07,1,3905586,3905161,425
285861581,35.4958,35.5213,425,33383,0.238393,0.07,1,3905624,3905199,425
285864501,54.3983,53.2085,427,33446,0.281357,0.11,1,3905691,3905264,427
285867421,22.9593,22.4834,427,33509,0.298543,0.15,1,3905693,3905266,427
285882021,29.9769,30.1813,428,33824,0.403483,0.15,1,3905903,3905475,428
285887861,53.9963,52.349,432,33949,0.440157,0.25,1,3906000,3905568,432
285937501,65.3539,46.0875,526,34993,0.7705,0.57,2,3906715,3906189,526
285975461,23.3304,38.1416,464,35769,0.913147,0.87,2,3907199,3906735,464
285978381,26.7321,32.0566,465,35828,0.935259,0.83,2,3907228,3906763,465
285981301,28.6929,32.0226,463,35887,0.920103,0.87,2,3907258,3906795,463
285984221,28.8771,29.0091,465,35946,0.902041,0.87,2,3907287,3906822,465
285987141,58.3509,58.4036,465,36005,0.942817,0.87,2,3907365,3906900,465
286109781,76.286,37.0934,581,38393,0.921539,1,2,3909075,3908494,581
286112701,44.3144,73.0374,507,38448,0.920615,0.98,2,3909098,3908591,507
286115621,36.3258,45.4149,511,38503,0.926246,1,2,3909129,3908618,511
286118541,31.9303,31.366,518,38558,0.904498,1,2,3909158,3908640,518
286127301,10.6355,22.6954,488,38723,0.796368,1,2,3909198,3908710,488
286136061,33.2727,33.7325,483,38886,0.776488,1,2,3909323,3908840,483
286144821,35.0815,42.2149,475,39048,0.761775,0.89,2,3909451,3908976,475
286147741,69.8326,76.286,469,39102,0.77871,0.92,2,3909544,3909075,469
286150661,39.933,44.3144,466,39156,0.761484,0.93,2,3909564,3909098,466
286153581,35.1732,36.3258,467,39210,0.778594,0.89,2,3909596,3909129,467
286156501,30.2693,31.9303,465,39264,0.773437,0.83,2,3909623,3909158,465
286159421,25.3077,25.9721,465,39318,0.783375,0.87,2,3909645,3909180,465
286162341,15.5231,17.5888,462,39372,0.79935,0.75,2,3909654,3909192,462
286182781,32.3373,35.0815,458,39745,0.936951,0.79,2,3909909,3909451,458
286314181,27.9407,26.3713,495,42068,0.900496,1,2,3911546,3911051,495
286320021,25.8305,26.8994,500,42168,0.798079,1,2,3911596,3911096,500
286343381,70.176,71.4335,477,42568,0.418068,0.94,1,3911907,3911430,477
286363821,24.6166,29.5322,454,42913,0.40902,0.67,1,3912082,3911628,454
286369661,19.4186,21.2852,454,43011,0.405043,0.73,1,3912127,3911673,454
286372581,12.5675,8.51406,462,43060,0.408017,0.69,1,3912135,3911673,462
286375501,45.227,11.2056,516,43109,0.409207,0.49,1,3912202,3911686,516
286378421,33.6908,44.0823,476,43158,0.433683,0.51,1,3912228,3911752,476
286381341,31.4763,35.0329,477,43207,0.419473,0.51,1,3912258,3911781,477
286448501,29.3528,25.3964,478,44318,0.772213,0.51,2,3913000,3912522,478
286451421,20.1411,29.3586,460,44366,0.794885,0.51,2,3913014,3912554,460
286480621,23.1551,22.3437,458,44837,0.925408,0.73,2,3913352,3912894,458
286699621,35.8957,51.907,484,48237,0.904,1,2,3915697,3915213,484
286722981,28.9873,22.2558,527,48586,0.295977,1,1,3915951,3915424,527
286778461,170.167,173.144,457,22724,0.0955025,0.05,1,3916535,3916078,457
286781381,101.667,102.858,457,22817,0.056201,0.01,1,3916591,3916134,457
286784301,77.8667,80.7431,453,22910,0.0524804,0,1,3916653,3916200,453
286787221,67.7467,71.2972,449,23003,0.0629922,0.03,1,3916714,3916265,449
286790141,50.4987,53.7189,446,23095,0.0791969,0.03,1,3916753,3916307,446
286793061,69.9995,67.0876,453,23187,0.0856787,0.09,1,3916836,3916383,453
286795981,36.3998,45.435,436,23278,0.0642715,0.05,1,3916850,3916414,436
286798901,80.5599,34.974,518,23369,0.0557086,0.09,1,3916960,3916442,518
286801821,63.424,69.7896,477,23460,0.0762834,0.03,1,3917012,3916535,477
286804741,63.7696,61.5158,485,23550,0.0365134,0.05,1,3917076,3916591,485
286807661,61.5078,61.8063,483,23640,0.0326054,0.07,1,3917136,3916653,483
286810581,48.6031,61.3225,462,23730,0.0310421,0.09,1,3917176,3916714,462
286813501,69.2413,47.929,506,23819,0.0424169,0.09,1,3917259,3916753,506
286816421,37.2965,68.9716,439,23908,0.0469667,0.05,1,3917275,3916836,439
286819341,16.1186,35.9886,427,23997,0.0487867,0.05,1,3917277,3916850,427
286822261,70.6474,80.3955,424,24085,0.0255147,0.09,1,3917384,3916960,424
286825181,59.459,63.3582,424,24173,0.0282059,0.01,1,3917436,3917012,424
286828101,61.5836,63.7433,423,24261,0.0412823,0.03,1,3917499,3917076,423
286831021,60.6334,61.4973,423,24348,0.0345129,0.03,1,3917559,3917136,423
286833941,48.2534,48.5989,423,24435,0.0318052,0.05,1,3917599,3917176,423
286836861,69.7013,69.2396,424,24522,0.0187221,0.05,1,3917683,3917259,424
286839781,38.0805,37.2958,425,24608,0.0254888,0.05,1,3917700,3917275,425
286842701,16.4322,16.1183,425,24694,0.0281955,0.01,1,3917702,3917277,425
286845621,69.5729,70.6473,423,24780,0.0292782,0.03,1,3917807,3917384,423
286848541,59.0292,59.4589,423,24866,0.0537113,0.05,1,3917859,3917436,423
286851461,60.8117,61.5836,422,24951,0.0754845,0.03,1,3917921,3917499,422
286854381,60.9247,60.6334,423,25036,0.0841938,0.03,1,3917982,3917559,423
286857301,48.3699,48.2534,423,25121,0.0636775,0.01,1,3918022,3917599,423
286860221,69.1479,69.7013,422,25205,0.025471,0.03,1,3918105,3917683,422
286863141,37.8592,38.0805,422,25289,0.0281884,0.03,1,3918122,3917700,422
286866061,16.3437,16.4322,422,25373,0.0292754,0.03,1,3918124,3917702,422
286868981,69.5375,69.5729,422,25457,0.0657101,0.03,1,3918229,3917807,422
286871901,60.215,27.8292,476,25540,0.0922841,0.07,1,3918283,3917807,476
286877741,60.5144,54.1327,484,25706,0.0831655,0.09,1,3918405,3917921,484
286880661,47.0058,58.2531,461,25788,0.0872662,0.05,1,3918443,3917982,461
286883581,68.6023,47.3012,504,25870,0.0769065,0,1,3918526,3918022,504
286886501,37.6409,68.7205,438,25952,0.0847626,0.03,1,3918543,3918105,438
286889421,16.2564,37.6882,423,26034,0.087905,0.03,1,3918545,3918122,423
286906941,67.6043,47.0051,507,26518,0.212937,0.07,1,3918950,3918443,507
286909861,36.6417,68.602,440,26598,0.235175,0.09,1,3918966,3918526,440
286912781,15.8567,37.6408,425,26678,0.24407,0.09,1,3918968,3918543,425
286915701,72.3427,16.2563,533,26757,0.295628,0.11,1,3919078,3918545,533
286930301,42.0381,47.5108,432,27150,0.400438,0.23,1,3919301,3918869,432
286933221,66.6152,67.6043,434,27228,0.442175,0.25,1,3919384,3918950,434
286988701,39.0154,67.6369,469,28669,0.773504,0.67,2,3920298,3919829,469
286991621,16.8061,37.2547,454,28743,0.783402,0.63,2,3920300,3919846,454
287006221,47.7775,27.033,516,29109,0.928403,0.75,2,3920605,3920089,516
287009141,45.511,45.6132,502,29182,0.941361,0.71,2,3920649,3920147,502
287114261,75.6255,64.7133,549,31687,0.904,1,2,3922444,3921895,549
287175581,71.9831,70.182,450,33060,0.78568,0.57,2,3923356,3922906,450
287193101,29.834,29.0959,457,33442,0.788174,0.75,2,3923568,3923111,457
287196021,13.1336,12.8384,457,33505,0.777269,0.75,2,3923570,3923113,457
287198941,23.8534,23.7353,457,33568,0.796908,0.75,2,3923601,3923144,457
287201861,62.9414,62.8941,457,33631,0.792763,0.75,2,3923690,3923233,457
287222301,47.1516,47.5851,460,34069,0.910625,0.77,2,3924010,3923550,460
287225221,30.2606,29.834,461,34131,0.93425,0.77,2,3924029,3923568,461
287228141,13.3043,13.1336,461,34193,0.9437,0.81,2,3924031,3923570,461
287231061,23.3217,23.8534,460,34255,0.94748,0.81,2,3924061,3923601,460
287339101,35.6696,29.6191,512,36469,0.764437,1,2,3925650,3925138,512
287359541,34.2808,34.2982,480,36873,0.433363,1,1,3925931,3925451,480
287385821,31.4657,39.0971,474,37386,0.402581,0.59,1,3926269,3925795,474
287388741,35.9863,31.8389,486,37443,0.419033,0.51,1,3926308,3925822,486
287391661,32.3945,38.5355,473,37499,0.425613,0.47,1,3926338,3925865,473
287397501,28.9431,34.2457,464,37611,0.402898,0.35,1,3926395,3925931,464
287400421,31.3772,32.8983,465,37667,0.419159,0.35,1,3926428,3925963,465
287450061,40.5052,53.1665,481,38610,0.755211,0.61,2,3927094,3926613,481
287452981,17.4021,39.2666,453,38665,0.764085,0.61,2,3927096,3926643,453
287455901,32.1608,41.5066,452,38720,0.767634,0.61,2,3927138,3926686,452
287458821,29.0643,32.2027,453,38775,0.781054,0.63,2,3927165,3926712,453
287461741,33.2257,34.4811,453,38829,0.774421,0.65,2,3927201,3926748,453
287476341,49.7399,48.859,457,39099,0.908093,0.71,2,3927389,3926932,457
287479261,41.496,41.1436,457,39153,0.933237,0.71,2,3927425,3926968,457
287482181,29.7984,29.6574,457,39207,0.943295,0.75,2,3927447,3926990,457
287485101,57.5194,56.263,459,39261,0.923318,0.77,2,3927523,3927064,459
287488021,41.6077,40.5052,460,39315,0.939327,0.77,2,3927554,3927094,460
287490941,17.8431,17.4021,460,39369,0.921731,0.77,2,3927556,3927096,460
287636941,35.4552,33.5824,489,41965,0.946,1,2,3929348,3928859,489
287639861,56.7821,54.833,491,42015,0.9484,1,2,3929419,3928928,491
287642781,43.7128,43.5332,490,42065,0.91336,1,2,3929454,3928964,490
287651541,32.8456,27.9861,500,42215,0.772455,1,2,3929545,3929045,500
287666141,28.0323,30.2827,483,42465,0.44518,1,1,3929685,3929202,483
287671981,36.5252,40.8452,483,42565,0.233229,1,1,3929763,3929280,483
287677821,31.284,35.4552,476,42665,0.0937166,0.95,1,3929824,3929348,476
287680741,52.1136,56.7821,471,42714,0.0554866,0.89,1,3929890,3929419,471
287683661,39.4454,43.7128,467,42763,0.0281947,0.85,1,3929921,3929454,467
287686581,29.5782,31.2851,467,42812,0.0292779,0.81,1,3929944,3929477,467
287689501,30.4313,34.1141,462,42861,0.0297111,0.73,1,3929975,3929513,462
287692421,28.3725,32.8456,457,42910,0.0178845,0.59,1,3930002,3929545,457
287695341,23.949,28.1382,453,42959,0.0131538,0.57,1,3930023,3929570,453
287698261,23.3796,26.2553,451,43008,0.0232615,0.57,1,3930046,3929595,451
287701181,26.1518,10.5021,479,43057,0.0273046,0.57,1,3930074,3929595,479
287704101,25.4607,23.4008,472,43106,0.0529218,0.49,1,3930099,3929627,472
287707021,23.9843,28.5603,463,43155,0.0751687,0.39,1,3930122,3929659,463
287709941,28.7937,27.0241,469,43204,0.0840675,0.25,1,3930154,3929685,469
287724541,38.9204,52.1033,452,43449,0.0827968,0.01,1,3930342,3929890,452
287727461,29.3682,39.4413,444,43498,0.0511187,0.03,1,3930365,3929921,444
287730381,30.9473,29.5765,453,43547,0.0744475,0.03,1,3930397,3929944,453
287733301,28.5789,30.4306,449,43595,0.083779,0.01,1,3930424,3929975,449
287736221,23.4316,28.3722,442,43643,0.0875116,0.01,1,3930444,3930002,442
287739141,23.1726,23.9489,444,43691,0.0770046,0.03,1,3930467,3930023,444
287742061,27.269,23.3796,451,43739,0.0848019,0.03,1,3930497,3930046,451
287744981,27.7076,26.1518,451,43787,0.0759207,0.07,1,3930525,3930074,451
287747901,23.683,25.4607,447,43835,0.0723683,0.09,1,3930546,3930099,447
287750821,31.6732,23.9843,461,43883,0.0829473,0.09,1,3930583,3930122,461
287753741,30.6693,28.7937,459,43931,0.0991789,0.15,1,3930613,3930154,459
287774181,29.2225,30.9473,452,44267,0.0719148,0.09,1,3930849,3930397,452
287777101,22.489,28.5789,443,44315,0.0587659,0.09,1,3930867,3930424,443
287780021,22.1956,23.4316,445,44363,0.0535064,0.07,1,3930889,3930444,445
287782941,28.0782,23.1726,454,44411,0.0514025,0.09,1,3930921,3930467,454
287785861,28.0313,27.269,452,44458,0.050561,0.07,1,3930949,3930497,452
287788781,12.4125,27.7076,426,44505,0.0502244,0.07,1,3930951,3930525,426
287791701,18.165,23.683,427,44552,0.0740898,0.09,1,3930973,3930546,427
287794621,29.466,31.6732,427,44599,0.0716359,0.11,1,3931010,3930583,427
287797541,30.3864,30.6693,428,44646,0.0706544,0.15,1,3931041,3930613,428
287800461,34.3546,33.2677,430,44693,0.0702617,0.17,1,3931078,3930648,430
287803381,30.5418,30.1071,430,44740,0.0821047,0.17,1,3931106,3930676,430
287815061,29.9275,32.5563,425,44928,0.223814,0.05,1,3931247,3930822,425
287817981,27.571,29.2225,424,44975,0.239526,0.05,1,3931273,3930849,424
287820901,21.8284,22.489,424,45022,0.22181,0.05,1,3931291,3930867,424
287823821,21.9314,22.1956,424,45069,0.226724,0.05,1,3931313,3930889,424
287826741,27.9725,28.0782,424,45116,0.22869,0.05,1,3931345,3930921,424
287829661,27.989,28.0313,424,45163,0.277476,0.05,1,3931373,3930949,424
287832581,12.3956,12.4125,424,45210,0.29699,0.09,1,3931375,3930951,424
287853021,38.7401,37.0467,430,45536,0.441591,0.21,1,3931625,3931195,430
287928941,31.8893,30.1435,479,46724,0.764829,0.51,2,3932349,3931870,479
287931861,38.5557,31.2574,490,46769,0.779931,0.57,2,3932392,3931902,490
287934781,32.2223,37.103,477,46814,0.797973,0.59,2,3932420,3931943,477
287987341,41.4357,41.0356,466,47619,0.90908,0.87,2,3932983,3932517,466
287990261,28.5743,29.0142,465,47663,0.945632,0.87,2,3933003,3932538,465
287993181,33.6297,33.8057,465,47707,0.948253,0.89,2,3933040,3932575,465
288164001,178.922,195.06,472,23360,0.213232,0.81,1,3935214,3934742,472
288204881,79.2675,69.3696,485,23451,0.0833171,0.49,1,3935332,3934847,485
288207801,82.107,79.9478,482,23541,0.0753268,0.17,1,3935416,3934934,482
288210721,68.2428,73.9791,471,23631,0.0841307,0.09,1,3935475,3935004,471
288213641,44.6971,67.3917,437,23721,0.0756523,0.01,1,3935504,3935067,437
288216561,34.0788,43.1567,437,23810,0.0602609,0.03,1,3935531,3935094,437
288219481,25.0315,29.8627,435,23899,0.0241044,0.09,1,3935550,3935115,435
288222401,62.8126,53.9451,453,23988,0.0276417,0.03,1,3935638,3935185,453
288225321,58.725,50.378,461,24076,0.0410567,0.07,1,3935694,3935233,461
288228241,61.29,79.5512,425,24164,0.0704227,0.07,1,3935757,3935332,425
288254521,78.2023,76.1161,429,24942,0.233242,0.15,1,3936272,3935843,429
288257441,66.0809,65.2464,429,25027,0.279297,0.15,1,3936330,3935901,429
288292481,59.9393,23.5205,521,26025,0.413724,0.39,1,3936923,3936402,521
288295401,61.1757,59.2082,500,26106,0.42349,0.37,1,3936985,3936485,500
288298321,64.6703,61.4833,504,26187,0.439396,0.39,1,3937052,3936548,504
288333361,40.2635,45.9469,452,27141,0.792529,0.61,2,3937689,3937237,452
288336281,30.5054,32.7788,452,27219,0.791012,0.61,2,3937713,3937261,452
288350881,86.1921,84.2425,458,27606,0.930228,0.69,2,3938050,3937592,458
288505641,35.2522,25.1307,524,31412,0.0527864,1,1,3940661,3940137,524
288508561,34.5009,25.0523,533,31479,0.0511146,1,1,3940695,3940162,533
288511481,37.8004,35.2209,531,31546,0.0264458,1,1,3940735,3940204,531
288514401,49.9201,41.6884,543,31613,0.0405783,1,1,3940793,3940250,543
288517321,75.7681,61.6753,561,31680,0.0222313,0.67,1,3940886,3940325,561
288520241,57.9072,88.2701,501,31747,0.0508925,0.51,1,3940932,3940431,501
288523161,38.1629,71.3081,466,31814,0.038357,0.35,1,3940957,3940491,466
288526081,33.8652,46.5232,467,31881,0.0453428,0.23,1,3940988,3940521,467
288529001,29.7461,40.8093,457,31947,0.0481371,0.11,1,3941015,3940558,457
288531921,30.4984,37.3237,453,32013,0.0252548,0.09,1,3941046,3940593,453
288534841,34.3994,34.1295,458,32079,0.0101019,0,1,3941083,3940625,458
288537761,34.7597,35.2518,457,32145,0.0100408,0.05,1,3941118,3940661,457
288540681,37.3039,34.5007,462,32211,0.0580163,0.01,1,3941157,3940695,462
288543601,50.3216,37.8003,481,32277,0.0772065,0.05,1,3941216,3940735,481
288546521,75.3286,49.9201,515,32343,0.0728826,0.01,1,3941308,3940793,515
288549441,57.7314,75.768,468,32408,0.083153,0.07,1,3941354,3940886,468
288552361,38.0926,57.9072,447,32473,0.0392612,0.03,1,3941379,3940932,447
288555281,33.837,38.1629,453,32538,0.0217045,0.05,1,3941410,3940957,453
288558201,30.3348,33.8652,450,32603,0.0626818,0.05,1,3941438,3940988,450
288561121,30.7339,29.7461,454,32668,0.0430727,0.01,1,3941469,3941015,454
288564041,33.2936,30.4984,458,32733,0.0172291,0,1,3941504,3941046,458
288566961,14.5174,34.3994,423,32798,0.00689163,0.01,1,3941506,3941083,423
288569881,27.407,34.7597,424,32862,0.0327567,0.09,1,3941542,3941118,424
288572801,33.1628,37.3039,422,32926,0.0551027,0.09,1,3941579,3941157,422
288575721,51.6651,50.3216,427,32990,0.0520411,0.07,1,3941643,3941216,427
288578641,72.866,75.3286,422,33054,0.0508164,0.09,1,3941730,3941308,422
288581561,59.1464,57.7314,426,33118,0.0263266,0.01,1,3941780,3941354,426
288584481,38.0586,38.0926,425,33182,0.0285306,0.01,1,3941804,3941379,425
288587401,33.8234,33.837,425,33246,0.0294123,0.09,1,3941835,3941410,425
288590321,29.7294,30.3348,424,33310,0.0297649,0.03,1,3941862,3941438,424
288593241,29.8917,30.7339,423,33373,0.053906,0,1,3941892,3941469,423
288596161,32.9567,33.2936,423,33436,0.0215624,0,1,3941927,3941504,423
288599081,14.3827,14.5174,423,33499,0.026625,0.05,1,3941929,3941506,423
288602001,26.7531,27.407,422,33562,0.04065,0.07,1,3941964,3941542,422
288604921,32.9012,33.1628,422,33625,0.05826,0.05,1,3942001,3941579,422
288607841,52.7605,51.6651,424,33688,0.065304,0.05,1,3942067,3941643,424
288613681,58.8417,59.1464,422,33814,0.0956486,0.03,1,3942202,3941780,422
288616601,37.9367,38.0586,422,33877,0.0922595,0.03,1,3942226,3941804,422
288619521,33.7747,33.8234,422,33939,0.0909038,0.03,1,3942257,3941835,422
288622441,30.3099,29.7294,423,34001,0.0663615,0.07,1,3942285,3941862,423
288625361,29.5239,29.8917,422,34063,0.0805446,0,1,3942314,3941892,422
288628281,32.8096,32.9567,422,34125,0.0502178,0.03,1,3942349,3941927,422
288631201,14.3238,14.3827,422,34187,0.0380871,0.05,1,3942351,3941929,422
288634121,26.7295,26.7531,422,34249,0.0452349,0.05,1,3942386,3941964,422
288637041,34.0918,10.7012,461,34311,0.0480939,0.07,1,3942425,3941964,461
288639961,53.8367,26.4805,491,34373,0.0612376,0.07,1,3942492,3942001,491
288663321,13.8322,32.8054,423,34862,0.0869154,0.03,1,3942772,3942349,423
288666241,27.7329,14.3221,458,34923,0.0647662,0.05,1,3942809,3942351,458
288669161,34.4932,26.7289,462,34984,0.0799065,0.05,1,3942848,3942386,462
288695441,12.5622,31.5806,426,35524,0.20359,0.07,1,3943196,3942770,426
288701281,34.8899,27.7329,464,35643,0.204174,0.09,1,3943273,3942809,464
288704201,15.156,34.4932,427,35702,0.20767,0.13,1,3943275,3942848,427
288707121,47.4624,54.5973,428,35761,0.269068,0.15,1,3943344,3942916,428
288724641,28.9737,29.0136,430,36115,0.415402,0.21,1,3943596,3943166,430
288727561,29.5895,28.4055,432,36174,0.424161,0.21,1,3943626,3943194,432
288730481,13.0358,12.5622,432,36232,0.427664,0.19,1,3943628,3943196,432
288733401,26.8143,27.2249,431,36290,0.429066,0.21,1,3943664,3943233,431
288736321,35.3257,34.8899,432,36348,0.417626,0.21,1,3943705,3943273,432
288742161,49.3321,47.4624,435,36464,0.40162,0.33,1,3943779,3943344,435
288788881,36.3888,36.2549,483,37381,0.796486,0.59,2,3944430,3943947,483
288818081,66.9486,76.5749,517,37942,0.928396,0.77,2,3944832,3944315,517
288984521,190.156,213.23,474,17520,0.2452,1,1,3947000,3946526,474
288987441,169.662,120.092,572,18366,0.09808,0.81,1,3947156,3946584,572
288990361,125.465,156.637,487,18482,0.081232,0.47,1,3947252,3946765,487
289004961,115.955,133.497,423,19049,0.083939,0.07,1,3947579,3947156,423
289007881,103.982,110.999,423,19160,0.0515756,0.17,1,3947675,3947252,423
289010801,72.1928,70.1996,431,19271,0.0386302,0.19,1,3947726,3947295,431
289013721,44.4771,45.4798,428,19381,0.0454521,0.15,1,3947752,3947324,428
289016641,36.9908,36.7919,429,19490,0.0721808,0.17,1,3947784,3947355,429
289019561,57.9963,55.5168,433,19599,0.0828723,0.17,1,3947856,3947423,433
289022481,109.599,22.2067,577,19707,0.0511489,0.03,1,3948000,3947423,577
289025401,102.039,102.483,518,19815,0.0624596,0.03,1,3948097,3947579,518
289028321,71.4158,98.5931,473,19922,0.0549838,0.03,1,3948148,3947675,473
289031241,44.7663,70.0372,449,20028,0.0519935,0.05,1,3948175,3947726,449
289034161,37.1065,43.6149,455,20134,0.0627974,0.09,1,3948207,3947752,455
289060441,44.1288,109.017,426,21063,0.203218,0.15,1,3948848,3948422,426
289063361,78.8515,103.007,429,21164,0.219287,0.17,1,3948950,3948521,429
289066281,62.1406,71.2027,430,21264,0.273715,0.13,1,3949001,3948571,430
289069201,40.4562,45.2811,428,21364,0.295486,0.13,1,3949027,3948599,428
289121761,46.8021,111.881,455,23085,0.759341,0.65,2,3950181,3949726,455
289133441,40.3997,42.4449,492,23450,0.927839,0.67,2,3950405,3949913,492
289247321,43.1416,42.5285,514,26747,0.948437,0.99,2,3952774,3952260,514
289250241,27.4566,41.6114,490,26826,0.925375,1,2,3952791,3952301,490
289253161,44.5827,29.8446,524,26905,0.94015,1,2,3952847,3952323,524
289256081,26.2331,41.9378,488,26984,0.93406,0.96,2,3952861,3952373,488
289355361,38.0984,37.9084,521,29534,0.94,1,2,3954714,3954193,521
289369961,48.0512,56.7056,537,29890,0.220413,1,1,3955014,3954477,537
289372881,39.0205,71.2822,489,29961,0.226165,1,1,3955047,3954558,489
289381641,35.5933,48.7461,474,30172,0.0886346,0.9,1,3955157,3954683,474
289384561,32.2373,38.0984,473,30242,0.0894538,0.87,1,3955187,3954714,473
289387481,32.0949,37.4394,468,30312,0.0657815,0.81,1,3955219,3954751,468
289390401,33.838,40.1757,461,30382,0.0323126,0.37,1,3955254,3954793,461
289393321,86.7352,103.07,438,30452,0.030925,0.17,1,3955376,3954938,438
289396241,55.0941,64.6281,433,30521,0.05437,0.15,1,3955410,3954977,433
289399161,43.0376,48.0512,431,30590,0.075748,0.23,1,3955445,3955014,431
289402081,35.8151,39.0205,429,30659,0.0962992,0.11,1,3955476,3955047,429
289405001,38.326,40.2082,428,30728,0.0925197,0.09,1,3955516,3955088,428
289407921,37.5304,36.4833,431,30797,0.0550079,0.07,1,3955553,3955122,431
289410841,33.0122,35.5933,426,30866,0.0520031,0.09,1,3955583,3955157,426
289413761,30.0049,32.2373,424,30935,0.0988013,0.05,1,3955611,3955187,424
289416681,30.6019,32.0949,423,31003,0.0815205,0.01,1,3955642,3955219,423
289419601,32.6408,33.838,422,31071,0.0746082,0.03,1,3955676,3955254,422
289422521,86.8563,86.7352,423,31139,0.0598433,0.07,1,3955799,3955376,423
289425441,56.9425,55.0941,426,31207,0.0659373,0.09,1,3955836,3955410,426
289428361,42.577,43.0376,424,31275,0.0323749,0.11,1,3955869,3955445,424
289431281,36.2308,35.8151,425,31343,0.04295,0.11,1,3955901,3955476,425
289434201,38.4923,14.326,465,31411,0.04718,0.09,1,3955941,3955476,465
289437121,35.1969,29.7304,458,31478,0.060872,0.03,1,3955974,3955516,458
289440041,33.2788,34.0922,453,31545,0.0903488,0.05,1,3956006,3955553,453
289451721,86.3591,32.5528,546,31813,0.237945,0.05,1,3956222,3955676,546
289454641,56.1437,86.8211,459,31880,0.269178,0.07,1,3956258,3955799,459
289457561,41.6575,56.9284,454,31946,0.281671,0.01,1,3956290,3955836,454
289460481,35.863,42.5714,453,32012,0.286668,0.05,1,3956322,3955869,453
289463401,39.5452,36.2286,463,32078,0.288667,0.05,1,3956364,3955901,463
289483841,57.6744,86.3591,471,32537,0.404262,0.29,1,3956693,3956222,471
289486761,42.2698,56.1437,467,32602,0.419705,0.29,1,3956725,3956258,467
289489681,36.7079,41.6575,468,32667,0.413882,0.29,1,3956758,3956290,468
289492601,39.2832,35.863,477,32732,0.447553,0.29,1,3956799,3956322,477
289524721,40.1836,39.2832,445,33435,0.778348,0.47,2,3957244,3956799,445
289527641,17.2734,16.9133,445,33498,0.797339,0.53,2,3957246,3956801,445
289539321,33.999,31.6714,451,33750,0.778284,0.65,2,3957386,3956935,451
289545161,93.1598,89.5474,457,33876,0.756925,0.73,2,3957555,3957098,457
289548081,60.0639,58.619,457,33938,0.76477,0.75,2,3957593,3957136,457
289551001,43.2256,42.6476,457,34000,0.767908,0.73,2,3957625,3957168,457
289553921,38.8902,37.459,459,34062,0.769163,0.81,2,3957661,3957202,459
289556841,41.3561,40.1836,460,34124,0.781665,0.81,2,3957704,3957244,460
289559761,17.7424,17.2734,460,34186,0.762666,0.83,2,3957706,3957246,460
289562681,29.897,29.1094,461,34248,0.755066,0.83,2,3957744,3957283,461
289565601,33.5588,11.6438,497,34310,0.752026,0.85,2,3957780,3957283,497
289568521,31.4235,26.2575,491,34372,0.762811,0.81,2,3957810,3957319,491
289571441,31.7694,29.703,491,34434,0.779124,0.75,2,3957842,3957351,491
289580201,59.4412,92.981,495,34617,0.939544,0.77,2,3958050,3957555,495
289699921,29.5643,31.5029,495,37038,0.927846,1,2,3959696,3959201,495
289702841,33.4257,29.4012,503,37095,0.905139,1,2,3959732,3959229,503
289710141,29.3072,18.6577,540,37266,0.774329,1,2,3959823,3959283,540
289755401,123.7,135.138,455,17042,0.076677,0.03,1,3960564,3960109,455
289758321,81.8799,88.8552,451,17167,0.0846708,0,1,3960618,3960167,451
289761241,80.1519,73.9421,466,17291,0.0878683,0.03,1,3960697,3960231,466
289764161,83.6608,57.1768,506,17414,0.0651473,0.07,1,3960783,3960277,506
289767081,116.264,79.8707,549,17536,0.0440589,0.01,1,3960921,3960372,549
289770001,84.9057,108.748,485,17657,0.0476236,0.03,1,3960985,3960500,485
289772921,66.9623,81.8993,476,17777,0.0250494,0.09,1,3961040,3960564,476
289775841,74.7849,65.1597,502,17896,0.0280198,0.09,1,3961120,3960618,502
289778761,82.714,73.4639,511,18015,0.0412079,0.05,1,3961208,3960697,511
289781681,34.2856,80.9856,427,18133,0.0464832,0.03,1,3961210,3960783,427
289784601,94.7142,115.194,424,18250,0.0245933,0.05,1,3961345,3960921,424
289787521,75.6857,84.4777,423,18366,0.0278373,0.01,1,3961408,3960985,423
289790441,63.2743,66.7911,423,18482,0.0291349,0.03,1,3961463,3961040,423
289793361,73.3097,74.7164,423,18597,0.011654,0.05,1,3961543,3961120,423
289796281,83.3239,82.6866,425,18711,0.0226616,0.05,1,3961633,3961208,425
289799201,34.5296,34.2746,425,18824,0.0270646,0.01,1,3961635,3961210,425
289802121,93.6118,94.7098,423,18937,0.0288259,0.03,1,3961768,3961345,423
289805041,74.6447,75.6839,422,19049,0.0535303,0.03,1,3961830,3961408,422
289807961,62.8579,63.2736,422,19160,0.0274121,0,1,3961885,3961463,422
289810881,73.1432,73.3094,422,19271,0.0289649,0.03,1,3961965,3961543,422
289813801,83.8573,83.3238,423,19381,0.0655859,0.03,1,3962056,3961633,423
289816721,34.7429,34.5295,423,19490,0.0562344,0.03,1,3962058,3961635,423
289819641,93.6972,93.6118,423,19599,0.0404937,0.03,1,3962191,3961768,423
289822561,73.4789,37.4447,483,19707,0.0461975,0.07,1,3962251,3961768,483
289825481,62.3915,52.1779,476,19815,0.036479,0.01,1,3962306,3961830,476
289828401,73.5566,53.8712,502,19922,0.0205916,0.03,1,3962387,3961885,502
289831321,84.6226,69.5485,514,20028,0.0742366,0.09,1,3962479,3961965,514
289834241,35.0491,82.4194,425,20134,0.0956947,0.05,1,3962481,3962056,425
289843001,62.0751,73.3868,476,20448,0.0985245,0.03,1,3962727,3962251,476
289845921,74.6301,62.3547,504,20552,0.0574098,0.01,1,3962810,3962306,504
289848841,86.852,73.5419,518,20655,0.0529639,0.11,1,3962905,3962387,518
289851761,35.9408,84.6168,428,20758,0.0511856,0.11,1,3962907,3962479,428
289854681,94.7763,35.0467,560,20860,0.0624742,0.15,1,3963041,3962481,560
289857601,72.1105,93.2187,485,20962,0.0549897,0.15,1,3963098,3962613,485
289860521,30.0442,72.6875,428,21063,0.0519959,0.07,1,3963100,3962672,428
289863441,43.8177,62.075,426,21164,0.0987983,0.03,1,3963153,3962727,426
289866361,65.5271,74.63,423,21264,0.0815193,0.05,1,3963233,3962810,423
289869281,83.8108,86.852,424,21364,0.0626077,0.05,1,3963329,3962905,424
289872201,34.7243,35.9408,424,21463,0.0550431,0.07,1,3963331,3962907,424
289886801,64.6516,65.5271,425,21952,0.218628,0.05,1,3963658,3963233,425
289889721,82.8606,83.8108,424,22049,0.273451,0.05,1,3963753,3963329,424
289892641,34.3443,34.7243,424,22145,0.27138,0.15,1,3963755,3963331,424
289895561,96.5377,94.8897,427,22241,0.282552,0.15,1,3963893,3963466,427
289910161,85.1249,53.5806,529,22714,0.417949,0.31,1,3964187,3963658,529
289913081,35.2499,78.4323,436,22807,0.43718,0.27,1,3964189,3963753,436
289936441,99.7313,35.247,585,23540,0.760568,0.51,2,3964774,3964189,585
289939361,77.6925,97.4988,509,23630,0.778227,0.55,2,3964837,3964328,509
289968561,49.2503,50.1108,462,24512,0.91821,0.83,2,3965363,3964901,462
289971481,68.3001,68.0443,463,24598,0.937284,0.85,2,3965444,3964981,463
290082441,51.7183,49.09,485,27682,0.0891897,1,1,3967626,3967141,485
290085361,58.4873,61.636,478,27759,0.0536759,1,1,3967689,3967211,478
290088281,43.7949,46.2544,476,27835,0.0394704,1,1,3967723,3967247,476
290091201,34.918,35.9018,476,27911,0.0577881,0.83,1,3967752,3967276,476
290094121,43.9672,50.3607,466,27987,0.0651153,0.53,1,3967802,3967336,466
290097041,73.3869,86.7443,448,28063,0.0800461,0.39,1,3967895,3967447,448
290102881,33.2219,41.2391,434,28213,0.0860074,0.07,1,3967947,3967513,434
290105801,43.8888,54.2956,422,28288,0.0764029,0.03,1,3967998,3967576,422
290108721,47.5555,51.7183,422,28363,0.0365612,0.03,1,3968048,3967626,422
290111641,56.8222,20.6873,485,28438,0.0326245,0.03,1,3968111,3967626,485
290114561,42.5289,46.0749,455,28512,0.0670498,0.03,1,3968144,3967689,455
290117481,34.4116,38.83,450,28586,0.0448199,0.07,1,3968173,3967723,450
290120401,44.9646,32.932,473,28660,0.035928,0.07,1,3968225,3967752,473
290132081,44.4711,33.1711,475,28954,0.221288,0.07,1,3968422,3967947,475
290135001,45.9884,43.8684,471,29027,0.202515,0.01,1,3968469,3967998,471
290137921,56.7954,47.5474,485,29100,0.099006,0.03,1,3968533,3968048,485
290140841,43.1182,56.8189,456,29173,0.0696024,0.09,1,3968567,3968111,456
290143761,33.4473,42.5276,450,29246,0.057841,0.03,1,3968594,3968144,450
290146681,46.3789,34.411,476,29318,0.0411364,0.03,1,3968649,3968173,476
290149601,78.5516,44.9644,524,29390,0.0464546,0.17,1,3968749,3968225,524
290152521,48.2206,74.9858,457,29462,0.0725818,0.19,1,3968777,3968320,457
290155441,32.4882,46.1943,452,29534,0.0830327,0.19,1,3968799,3968347,452
290158361,47.1953,31.6777,487,29606,0.0992131,0.25,1,3968856,3968369,487
290164201,52.1912,45.9884,486,29748,0.0842741,0.03,1,3968955,3968469,486
290167121,41.8765,56.7954,457,29819,0.0517096,0.05,1,3968990,3968533,457
290170041,17.9506,43.1182,425,29890,0.0386839,0.05,1,3968992,3968567,425
290172961,23.3802,33.4473,425,29961,0.0454735,0.03,1,3969019,3968594,425
290175881,41.1521,46.3789,423,30032,0.0481894,0.05,1,3969072,3968649,423
290178801,77.6608,78.5516,425,30102,0.0852758,0.09,1,3969174,3968749,425
290213841,32.9894,33.1857,426,30935,0.0891545,0.15,1,3969652,3969226,426
290216761,46.7958,46.2743,427,31003,0.0896618,0.11,1,3969708,3969281,427
290231361,23.1726,22.6479,428,31343,0.214201,0.17,1,3969869,3969441,428
290237201,79.5476,36.0237,531,31478,0.237072,0.13,1,3970026,3969495,531
290240121,48.619,78.0095,453,31545,0.280829,0.11,1,3970054,3969601,453
290254721,41.3766,50.4251,464,31880,0.413612,0.19,1,3970270,3969806,464
290257641,17.7506,40.57,432,31946,0.423445,0.19,1,3970272,3969840,432
290260561,23.3003,17.428,457,32012,0.439378,0.23,1,3970299,3969842,457
290321881,24.7422,24.0348,450,33372,0.761248,0.57,2,3971192,3970742,450
290324801,42.2969,42.0139,450,33435,0.790499,0.57,2,3971246,3970796,450
290345241,57.5423,56.2218,457,33876,0.913902,0.73,2,3971584,3971127,457
290348161,44.0169,42.8887,458,33938,0.911561,0.77,2,3971619,3971161,458
290351081,18.8068,18.3555,458,34000,0.910624,0.77,2,3971621,3971163,458
290464961,50.1511,43.7897,491,36347,0.909828,1,2,3973279,3972788,491
290476641,42.7703,44.0906,488,36579,0.760524,1,2,3973423,3972935,488
290523361,33.0267,31.5976,484,37493,0.785762,0.65,2,3974021,3973537,484
290549641,50.8731,38.9179,513,37997,0.902229,0.73,2,3974391,3973878,513
290552561,36.5492,49.1672,484,38053,0.906891,0.77,2,3974418,3973934,484
290555481,30.2197,34.6669,485,38109,0.908757,0.75,2,3974444,3973959,485
290558401,33.6879,30.0667,494,38164,0.933503,0.81,2,3974480,3973986,494
290561321,37.4752,33.0267,499,38219,0.943401,0.81,2,3974520,3974021,499
290721921,49.2269,56.2084,515,41148,0.409322,1,1,3976566,3976051,515
290736521,34.7377,45.4805,502,41403,0.295196,0.99,1,3976745,3976243,502
290739441,33.0951,38.5922,500,41454,0.244079,0.93,1,3976777,3976277,500
290742361,28.238,34.0369,494,41505,0.235631,0.85,1,3976802,3976308,494
290745281,12.4952,32.2148,465,41556,0.232253,0.75,1,3976804,3976339,465
290748201,19.3981,30.2859,460,41607,0.230901,0.67,1,3976828,3976368,460
290751121,29.3592,36.1144,456,41658,0.23036,0.67,1,3976864,3976408,456
290754041,30.3437,33.0457,456,41709,0.206144,0.59,1,3976895,3976439,456
290759881,33.055,37.5673,445,41811,0.204583,0.31,1,3976954,3976509,445
290762801,43.822,49.2269,439,41861,0.231833,0.33,1,3977005,3976566,439
290777401,33.9412,34.7377,435,42111,0.228156,0.21,1,3977180,3976745,435
290780321,30.9765,33.0951,432,42161,0.229263,0.23,1,3977209,3976777,432
290783241,26.7906,28.238,431,42211,0.205705,0.23,1,3977233,3976802,431
290792001,28.5466,29.3592,431,42361,0.227005,0.19,1,3977295,3976864,431
290794921,30.0186,30.3437,431,42411,0.240802,0.19,1,3977326,3976895,431
290797841,22.2075,24.1375,428,42461,0.258321,0.21,1,3977343,3976915,428
290800761,34.083,33.055,431,42511,0.289328,0.25,1,3977385,3976954,431
290803681,43.0332,43.822,429,42561,0.265731,0.09,1,3977434,3977005,429
290806601,35.8133,37.3288,427,42611,0.244293,0.15,1,3977465,3977038,427
290809521,31.7253,32.3315,427,42661,0.259717,0.19,1,3977494,3977067,427
290824121,26.6442,26.7906,431,42906,0.441696,0.19,1,3977664,3977233,431
290829961,20.3431,20.3665,431,43004,0.441471,0.19,1,3977692,3977261,431
290832881,30.3372,8.1466,468,43053,0.434589,0.25,1,3977729,3977261,468
290835801,30.1349,23.6586,464,43102,0.443835,0.25,1,3977759,3977295,464
290838721,22.854,28.0635,451,43151,0.447534,0.27,1,3977777,3977326,451
290905881,28.1344,31.3874,477,44263,0.761202,0.63,2,3978558,3978081,477
290908801,12.4537,27.5549,454,44311,0.778481,0.63,2,3978560,3978106,454
290911721,20.5815,12.222,478,44359,0.785392,0.63,2,3978586,3978108,478
291165761,35.5377,46.5033,479,48320,0.787036,1,2,3981313,3980834,479
291259201,31.5604,29.321,481,49697,0.760638,0.57,2,3982213,3981732,481
291262121,40.8242,30.9284,496,49739,0.766255,0.59,2,3982260,3981764,496
291265041,34.3297,39.9714,480,49781,0.768502,0.63,2,3982290,3981810,480
291267961,32.3319,33.9885,481,49823,0.757401,0.57,2,3982321,3981840,481
291270881,38.7327,32.1954,493,49865,0.76496,0.61,2,3982364,3981871,493
291273801,28.0931,36.2782,475,49907,0.755984,0.67,2,3982385,3981910,475
291276721,38.2372,26.5113,500,49949,0.776394,0.65,2,3982430,3981930,500
291291321,31.3016,21.2456,494,50159,0.940561,0.73,2,3982558,3982064,494
291486961,30.9196,28.4091,517,52899,0.94,1,2,3984455,3983938,517
291557041,321.109,358.527,458,24820,0.444097,0.75,1,3985092,3984634,458
291559961,150.644,165.011,459,24905,0.243639,0.59,1,3985129,3984670,459
291565801,82.183,95.5217,461,25075,0.0593822,0.09,1,3985266,3984805,461
291568721,71.2732,77.2087,460,25160,0.0897529,0.03,1,3985330,3984870,460
291571641,66.3093,72.8835,453,25244,0.0359011,0.07,1,3985393,3984940,453
291574561,61.9237,59.1534,462,25328,0.0323605,0.01,1,3985452,3984990,462
291577481,25.9695,47.6614,424,25412,0.0309442,0.09,1,3985454,3985030,424
291580401,39.1878,38.8645,439,25495,0.0303777,0.09,1,3985502,3985063,439
291583321,45.0751,32.9458,459,25578,0.0541511,0.11,1,3985551,3985092,459
291586241,59.43,35.3783,491,25661,0.0636604,0.01,1,3985620,3985129,491
291589161,64.572,54.3513,492,25744,0.0794642,0.03,1,3985688,3985196,492
291609601,60.4572,44.9996,494,26315,0.234648,0.07,1,3986045,3985551,494
291612521,65.5829,59.3998,494,26396,0.255859,0.09,1,3986114,3985620,494
291615441,68.8332,64.5599,497,26476,0.252344,0.17,1,3986185,3985688,497
291618361,61.7333,66.624,486,26556,0.250937,0.11,1,3986242,3985756,486
291621281,60.6933,62.6496,486,26636,0.250375,0.15,1,3986302,3985816,486
291624201,25.4773,59.8598,430,26716,0.25015,0.15,1,3986304,3985874,430
291627121,37.7909,25.1439,474,26795,0.26206,0.11,1,3986350,3985876,474
291630041,48.1164,38.8576,481,26874,0.278824,0.17,1,3986405,3985924,481
291632961,20.4465,46.143,432,26953,0.28553,0.29,1,3986407,3985975,432
291641721,66.0126,68.8332,434,27188,0.433234,0.25,1,3986619,3986185,434
291644641,60.605,61.7333,434,27266,0.431294,0.25,1,3986676,3986242,434
291694281,66.8121,51.8561,519,28558,0.772027,0.63,2,3987512,3986993,519
291697201,61.5248,62.1424,508,28632,0.794811,0.61,2,3987570,3987062,508
291708881,54.0678,39.6116,517,28927,0.934987,0.73,2,3987749,3987232,517
291822761,44.1749,35.5505,537,31655,0.794355,1,2,3989646,3989109,537
291898681,45.008,43.2766,454,33350,0.796634,0.59,2,3990793,3990339,454
291910361,36.653,36.7671,454,33602,0.905658,0.71,2,3990927,3990473,454
291913281,36.2612,35.7068,455,33665,0.932263,0.71,2,3990963,3990508,455
292076801,33.7048,37.9956,484,37017,0.424117,1,1,3993296,3992812,484
292079721,44.0819,46.9982,482,37074,0.271647,1,1,3993347,3992865,482
292085561,33.3331,33.3197,481,37188,0.0566635,0.95,1,3993410,3992929,481
292088481,24.1332,13.3279,499,37245,0.0406654,0.95,1,3993428,3992929,499
292091401,31.8533,19.7312,512,37302,0.0162662,1,1,3993465,3992953,512
292094321,66.7413,34.8925,557,37359,0.0245065,0.93,1,3993555,3992998,557
292097241,47.0965,66.157,504,37416,0.0158026,0.95,1,3993589,3993085,504
292100161,38.0386,48.0628,500,37472,0.012321,0.75,1,3993621,3993121,500
292103081,32.6154,43.8251,488,37528,0.0109284,0.61,1,3993650,3993162,488
292106001,31.6462,37.93,485,37584,0.0223714,0.59,1,3993681,3993196,485
292108921,25.8585,37.372,470,37640,0.0269485,0.47,1,3993703,3993233,470
292111841,27.1434,31.7488,470,37696,0.0527794,0.35,1,3993731,3993261,470
292114761,35.4574,33.6995,476,37752,0.0631118,0.17,1,3993772,3993296,476
292120601,30.9932,36.8319,452,37864,0.0712979,0.01,1,3993831,3993379,452
292123521,23.1973,33.3328,439,37920,0.0465191,0.03,1,3993849,3993410,439
292126441,31.4789,24.1331,458,37976,0.0246077,0,1,3993886,3993428,458
292129361,68.3916,31.8532,514,38032,0.0638431,0.03,1,3993979,3993465,514
292132281,46.5566,66.7413,456,38088,0.0795372,0.01,1,3994011,3993555,456
292135201,37.2226,47.0965,453,38143,0.0738149,0.01,1,3994042,3993589,453
292138121,32.2891,38.0386,450,38198,0.071526,0.01,1,3994071,3993621,450
292141041,32.7156,32.6154,454,38253,0.0826104,0.03,1,3994104,3993650,454
292143961,26.8862,31.6462,446,38308,0.0510442,0.03,1,3994127,3993681,446
292146881,28.1545,25.8585,453,38363,0.0504177,0.07,1,3994156,3993703,453
292149801,36.4618,27.1434,467,38418,0.0501671,0.07,1,3994198,3993731,467
292152721,29.5847,35.4574,451,38473,0.0620668,0.13,1,3994223,3993772,451
292155641,29.8339,30.9829,453,38528,0.0428267,0.05,1,3994253,3993800,453
292158561,23.3336,30.9932,441,38583,0.0231307,0.03,1,3994272,3993831,441
292161481,10.5334,23.1973,425,38638,0.00925228,0.01,1,3994274,3993849,425
292164401,24.6134,31.4789,422,38693,0.00970091,0.09,1,3994308,3993886,422
292167321,68.0453,68.3916,426,38748,0.0458804,0.09,1,3994405,3993979,426
292170241,45.2181,46.5566,424,38803,0.0243521,0.07,1,3994435,3994011,424
292173161,37.8873,37.2226,426,38857,0.0637409,0.07,1,3994468,3994042,426
292179001,31.982,32.7156,424,38965,0.0953985,0.03,1,3994528,3994104,424
292193601,28.947,29.8339,423,39235,0.0928777,0.01,1,3994676,3994253,423
292196521,22.9788,23.3336,423,39289,0.0791511,0,1,3994695,3994272,423
292199441,10.3915,10.5334,423,39343,0.0496604,0.01,1,3994697,3994274,423
292202361,23.9566,24.6134,422,39397,0.0378642,0.07,1,3994730,3994308,422
292205281,68.3826,68.0453,423,39451,0.0691457,0.01,1,3994828,3994405,423
292208201,44.7531,45.2181,422,39505,0.0456583,0.09,1,3994857,3994435,422
292211121,40.1012,37.8873,426,39558,0.0482633,0.13,1,3994894,3994468,426
292214041,32.8405,31.9549,426,39611,0.0853053,0.09,1,3994922,3994496,426
292216961,32.3362,31.982,426,39664,0.0761221,0.13,1,3994954,3994528,426
292243241,68.8048,9.58264,521,40141,0.0854485,0.09,1,3995251,3994730,521
292246161,44.3219,62.6331,451,40194,0.0641794,0.03,1,3995279,3994828,451
292249081,40.5288,42.4532,460,40247,0.0676718,0.05,1,3995317,3994857,460
292252001,33.6115,39.1813,452,40299,0.0810687,0.11,1,3995346,3994894,452
292254921,33.8446,32.4725,458,40351,0.0984275,0.07,1,3995380,3994922,458
292269521,27.6077,30.9968,453,40611,0.205689,0.17,1,3995529,3995076,453
292272441,19.4431,27.9987,441,40663,0.220276,0.15,1,3995543,3995102,441
292275361,8.97723,20.1995,428,40715,0.22611,0.15,1,3995545,3995117,428
292278281,21.5909,9.2798,456,40767,0.252444,0.13,1,3995575,3995119,456
292281201,68.0364,23.5119,522,40819,0.226978,0.05,1,3995674,3995152,522
292284121,44.0145,68.8048,451,40871,0.228791,0.05,1,3995702,3995251,451
292287041,41.0058,44.3219,462,40923,0.229516,0.07,1,3995741,3995279,462
292289961,34.4023,40.5288,454,40975,0.229807,0.09,1,3995771,3995317,454
292292881,34.7609,33.6115,460,41027,0.277923,0.11,1,3995806,3995346,460
292295801,27.1044,33.8446,448,41078,0.297169,0.11,1,3995828,3995380,448
292319161,66.7524,21.5909,530,41486,0.400749,0.21,1,3996105,3995575,530
292322081,44.1009,68.0364,460,41537,0.418299,0.23,1,3996134,3995674,460
292325001,18.8404,44.0145,434,41588,0.42532,0.23,1,3996136,3995702,434
292327921,30.3362,41.0058,433,41639,0.428128,0.23,1,3996174,3995741,433
292330841,30.1345,34.4023,433,41690,0.429251,0.31,1,3996204,3995771,433
292336681,27.9815,27.1044,438,41792,0.40348,0.39,1,3996266,3995828,438
292400921,69.8771,67.4636,450,42888,0.752072,0.57,2,3996997,3996547,450
292403841,45.9508,44.9854,450,42937,0.762829,0.61,2,3997027,3996577,450
292406761,19.5803,19.1942,450,42986,0.767132,0.61,2,3997029,3996579,450
292418441,31.1589,32.9394,481,43182,0.752263,0.69,2,3997164,3996683,481
292421361,32.8635,28.1757,490,43231,0.762905,0.69,2,3997198,3996708,490
292424281,42.5454,33.4703,502,43280,0.767162,0.67,2,3997247,3996745,502
292427201,33.2182,42.1881,481,43329,0.780865,0.69,2,3997274,3996793,481
292430121,30.0873,32.4752,483,43378,0.786346,0.71,2,3997302,3996819,483
292444721,46.3439,69.8769,487,43621,0.932753,0.77,2,3997484,3996997,487
292640361,165.43,173.841,507,21270,0.9148,1,2,3999693,3999186,507
292646201,107.229,92.4946,532,21469,0.797968,1,2,3999887,3999355,532
292760081,93.7081,90.4754,498,25032,0.934,1,2,4002434,4001936,498
292763001,65.0832,64.9901,496,25117,0.7996,1,2,4002480,4001984,496
292777601,64.8213,20.7756,560,25536,0.273042,1,1,4002711,4002151,560
292783441,86.8114,76.2841,561,25702,0.0712868,0.89,1,4002893,4002332,561
292786361,58.7246,91.7136,499,25784,0.0465147,0.71,1,4002933,4002434,499
292789281,43.2898,64.2855,486,25866,0.0366059,0.69,1,4002966,4002480,486
292792201,29.3159,45.5142,473,25948,0.0206424,0.59,1,4002986,4002513,473
292795121,38.7264,33.2057,493,26030,0.0382569,0.45,1,4003031,4002538,493
292798041,35.8905,45.0823,474,26111,0.0333028,0.31,1,4003065,4002591,474
292800961,56.9562,42.0329,505,26192,0.0793211,0.19,1,4003136,4002631,505
292803881,75.5825,64.8132,513,26273,0.0497284,0.09,1,4003224,4002711,513
292806801,84.833,80.5253,513,26354,0.0198914,0.01,1,4003315,4002802,513
292809721,57.9332,86.8101,462,26434,0.0619565,0.03,1,4003355,4002893,462
292812641,43.5733,58.724,456,26514,0.0427826,0.03,1,4003389,4002933,456
292815561,28.8293,43.2896,442,26594,0.035113,0.01,1,4003408,4002966,442
292818481,39.7317,29.3158,469,26674,0.0560452,0.05,1,4003455,4002986,469
292821401,35.0927,38.7263,456,26753,0.0764181,0.03,1,4003487,4003031,456
292824321,59.0371,35.8905,497,26832,0.0725672,0.11,1,4003562,4003065,497
292827241,74.0148,56.9562,510,26911,0.0350269,0.03,1,4003646,4003136,510
292830161,30.8059,75.5825,424,26990,0.0320108,0,1,4003648,4003224,424
292833081,66.3224,84.833,423,27068,0.0128043,0.09,1,4003738,4003315,423
292836001,52.3289,57.9332,426,27146,0.0591217,0.03,1,4003781,4003355,426
292838921,40.1316,43.5733,424,27224,0.0536487,0.03,1,4003813,4003389,424
292841841,26.8526,28.8293,423,27302,0.0514595,0.07,1,4003831,4003408,423
292844761,40.1411,39.7317,425,27380,0.0625838,0.09,1,4003880,4003455,425
292862281,54.0216,52.3289,426,27840,0.0820503,0.05,1,4004207,4003781,426
292865201,38.4086,40.1316,422,27916,0.0868201,0.05,1,4004235,4003813,422
292868121,26.1635,26.8526,422,27992,0.064728,0.07,1,4004253,4003831,422
292871041,41.0654,40.1411,424,28068,0.0798912,0.13,1,4004304,4003880,424
292882721,29.7073,30.1348,425,28368,0.207725,0.11,1,4004496,4004071,425
292885641,64.6829,12.0539,513,28443,0.22109,0.09,1,4004584,4004071,513
292888561,52.8732,58.8216,468,28517,0.226436,0.07,1,4004629,4004161,468
292891481,38.5493,51.1286,451,28591,0.228574,0.09,1,4004658,4004207,451
292894401,25.0197,37.2515,439,28665,0.24143,0.05,1,4004674,4004235,439
292897321,43.0079,25.7006,476,28739,0.282572,0.09,1,4004729,4004253,476
292900241,38.8032,40.8802,461,28813,0.275029,0.15,1,4004765,4004304,461
292903161,63.5213,37.3521,506,28886,0.272012,0.17,1,4004845,4004339,506
292906081,72.8085,61.1408,508,28959,0.282805,0.19,1,4004924,4004416,508
292909001,30.3234,71.2563,432,29032,0.287122,0.23,1,4004926,4004494,432
292911921,66.1294,29.7025,520,29105,0.288849,0.23,1,4005016,4004496,520
292923601,44.9409,25.0196,491,29395,0.413139,0.31,1,4005165,4004674,491
292926521,38.9764,43.0078,471,29467,0.423255,0.27,1,4005200,4004729,471
292961561,75.2454,73.1962,449,30317,0.76229,0.53,2,4005808,4005359,449
292964481,31.2982,30.4785,449,30387,0.778916,0.57,2,4005810,4005361,449
292990761,77.7634,75.2454,461,31008,0.937457,0.79,2,4006269,4005808,461
292993681,32.3053,31.2982,461,31076,0.932983,0.83,2,4006271,4005810,461
293138221,262.852,254.108,527,14746,0.2356,0.85,1,4008701,4008174,527
293144061,112.256,124.297,483,15033,0.082096,0.25,1,4008869,4008386,483
293146981,62.9026,89.3189,447,15174,0.0508384,0.17,1,4008899,4008452,447
293149901,32.961,50.1276,436,15314,0.0503354,0.05,1,4008912,4008476,436
293152821,140.984,155.051,424,15453,0.0261341,0.11,1,4009125,4008701,424
293155741,109.194,113.02,427,15590,0.0764537,0.03,1,4009213,4008786,427
293167421,138.669,139.881,422,16128,0.0621972,0.11,1,4009547,4009125,422
293170341,111.868,108.752,428,16260,0.0668789,0.15,1,4009641,4009213,428
293173261,92.147,90.9009,428,16391,0.0807516,0.13,1,4009720,4009292,428
293176181,54.8588,54.3604,428,16521,0.0863006,0.15,1,4009750,4009322,428
293180561,132.977,12.0577,630,16778,0.0942081,0.01,1,4009966,4009336,630
293195161,28.4126,30.758,425,17403,0.213134,0.09,1,4010190,4009765,425
293198081,133.765,132.903,428,17525,0.283254,0.11,1,4010394,4009966,428
293201001,112.906,54.9613,524,17646,0.287302,0.15,1,4010493,4009969,524
293218521,111.492,112.906,436,18355,0.416962,0.35,1,4010929,4010493,436
293236041,114.009,111.492,444,19038,0.750091,0.59,2,4011373,4010929,444
293238961,99.6037,95.5968,449,19149,0.786037,0.59,2,4011463,4011014,449
293250641,135.803,132.023,457,19589,0.926315,0.71,2,4011728,4011271,457
293253561,116.721,52.8093,561,19697,0.916526,0.81,2,4011832,4011271,561
293256481,101.888,82.3237,551,19805,0.91261,0.81,2,4011924,4011373,551
293259401,60.5554,86.9295,494,19912,0.911044,0.83,2,4011957,4011463,494
293262321,32.6221,53.9718,476,20019,0.910418,0.87,2,4011971,4011495,476
293265241,14.2489,29.9887,464,20125,0.910167,0.87,2,4011973,4011509,464
293345541,42.5566,31.9034,533,22892,0.9436,1,2,4013945,4013412,533
293354301,63.1796,108.578,521,23169,0.23679,1,1,4014247,4013726,521
293363061,36.0835,60.469,496,23443,0.0653146,0.94,1,4014370,4013874,496
293365981,39.6334,40.3876,511,23533,0.0441258,0.93,1,4014412,4013901,511
293368901,104.653,42.555,615,23623,0.0596503,0.55,1,4014560,4013945,615
293374741,56.2245,105.449,463,23802,0.0707441,0.13,1,4014675,4014212,463
293377661,42.2898,63.1795,461,23891,0.0822976,0.11,1,4014708,4014247,461
293380581,55.3159,46.2718,490,23980,0.086919,0.09,1,4014772,4014282,490
293383501,23.3264,58.7087,425,24068,0.0887676,0.03,1,4014774,4014349,425
293389341,33.4922,39.6334,423,24244,0.0502028,0.07,1,4014835,4014412,423
293421461,57.5231,56.3115,430,25188,0.226119,0.17,1,4015530,4015100,430
293424381,42.8092,42.9246,429,25272,0.240447,0.17,1,4015563,4015134,429
293427301,54.9237,55.5698,428,25356,0.246179,0.13,1,4015626,4015198,428
293430221,23.1695,23.4279,428,25440,0.248472,0.13,1,4015628,4015200,428
293433141,18.2678,9.37117,443,25523,0.237389,0.19,1,4015643,4015200,443
293436061,31.9071,12.7485,469,25606,0.220955,0.13,1,4015684,4015215,469
293438981,105.763,30.2994,582,25689,0.214382,0.17,1,4015839,4015257,582
293441901,95.1051,105.12,515,25771,0.235753,0.21,1,4015927,4015412,515
293444821,59.0421,92.4479,466,25853,0.280301,0.25,1,4015962,4015496,466
293447741,44.6168,57.3792,467,25935,0.28612,0.25,1,4015997,4015530,467
293468181,60.9088,95.1049,471,26501,0.405671,0.31,1,4016398,4015927,471
293471101,45.9635,59.042,472,26581,0.444269,0.29,1,4016434,4015962,472
293514901,97.1301,97.4941,447,27753,0.77417,0.65,2,4017158,4016711,447
293523661,47.9283,47.3516,454,27981,0.928187,0.73,2,4017333,4016879,454
293655061,79.8718,92.9949,476,31204,0.916,1,2,4019615,4019139,476
293657981,66.1487,55.1979,503,31272,0.7924,1,2,4019672,4019169,503
293672581,44.9583,42.2974,521,31609,0.281877,1,1,4019865,4019344,521
293675501,40.7833,39.119,522,31676,0.238751,1,1,4019903,4019381,522
293687181,56.7961,79.8558,514,31943,0.08296,0.71,1,4020129,4019615,514
293690101,41.3184,66.1423,488,32009,0.051184,0.57,1,4020160,4019672,488
293693021,33.9274,48.0569,481,32075,0.0624736,0.47,1,4020189,4019708,481
293695941,31.5709,40.2228,476,32141,0.0429894,0.41,1,4020219,4019743,476
293698861,32.4284,36.4891,475,32207,0.0231958,0.29,1,4020252,4019777,475
293701781,37.5714,37.3956,478,32273,0.0512783,0.23,1,4020293,4019815,478
293704701,37.2285,44.9583,465,32339,0.0505113,0.21,1,4020330,4019865,465
293707621,34.0914,40.7833,459,32404,0.0742045,0.17,1,4020362,4019903,459
293710541,48.4366,37.3133,482,32469,0.0956818,0.07,1,4020420,4019938,482
293722221,34.0576,41.3184,452,32729,0.0984014,0.07,1,4020612,4020160,452
293725141,14.823,33.9274,425,32794,0.0933606,0.03,1,4020614,4020189,425
293728061,23.3292,31.5709,424,32858,0.0793442,0.01,1,4020643,4020219,424
293730981,27.9317,32.4284,422,32922,0.0857377,0.07,1,4020674,4020252,422
293733901,38.1727,37.5714,426,32986,0.0762951,0.05,1,4020719,4020293,426
293736821,38.0691,37.2285,427,33050,0.096518,0.09,1,4020757,4020330,427
293774781,50.2339,49.2911,428,33874,0.25111,0.11,1,4021275,4020847,428
293783541,41.015,40.6426,426,34060,0.424791,0.17,1,4021434,4021008,426
293786461,35.606,34.257,428,34122,0.439916,0.17,1,4021466,4021038,428
293789381,15.4424,14.9028,428,34184,0.421967,0.17,1,4021468,4021040,428
293792301,21.777,21.5611,428,34246,0.414787,0.17,1,4021494,4021066,428
293795221,27.9108,8.62445,460,34308,0.411915,0.19,1,4021526,4021066,460
293798141,36.3643,22.6498,470,34370,0.410766,0.15,1,4021568,4021098,470
293856541,23.1855,15.6515,477,35581,0.765234,0.61,2,4022386,4021909,477
293859461,28.4742,21.8606,483,35640,0.792094,0.61,2,4022418,4021935,483
293882821,45.1278,44.2741,458,36112,0.902094,0.73,2,4022782,4022324,458
293885741,37.2511,36.9096,458,36171,0.906837,0.73,2,4022814,4022356,458
293888661,16.1005,15.9638,458,36229,0.908735,0.79,2,4022816,4022358,458
293894501,29.8161,28.4742,462,36345,0.904998,0.81,2,4022880,4022418,462
293903261,38.5802,38.7344,461,36519,0.91784,0.83,2,4022968,4022507,461
293906181,33.4321,33.4937,461,36577,0.913136,0.89,2,4022998,4022537,461
293909101,58.9728,55.9975,466,36635,0.947254,0.91,2,4023074,4022608,466
294046341,18.4008,32.3481,499,39254,0.909631,1,2,4024895,4024396,499
294055101,31.7297,40.2063,507,39416,0.913816,1,2,4025007,4024500,507
294058021,45.0919,68.2825,474,39470,0.911527,1,2,4025061,4024587,474
294060941,54.0367,50.113,496,39524,0.934611,1,2,4025121,4024625,496
294063861,55.8147,59.6452,487,39577,0.943844,1,2,4025178,4024691,487
294093061,25.8791,31.7297,470,40107,0.444569,0.87,1,4025477,4025007,470
294101821,53.1363,50.9907,521,40266,0.279732,0.95,1,4025642,4025121,521
294104741,39.2545,54.5963,494,40318,0.261893,0.81,1,4025672,4025178,494
294107661,34.9018,42.8385,491,40370,0.278757,0.77,1,4025704,4025213,491
294110581,39.7607,37.5354,500,40422,0.261503,0.65,1,4025747,4025247,500
294113501,33.9043,41.4142,486,40474,0.290601,0.61,1,4025777,4025291,486
294133941,42.3173,25.879,493,40838,0.409711,0.33,1,4025970,4025477,493
294139781,50.4508,50.3406,487,40942,0.429154,0.25,1,4026074,4025587,487
294142701,38.1803,53.1363,462,40994,0.441662,0.25,1,4026104,4025642,462
294145621,36.2721,39.2545,467,41045,0.446665,0.29,1,4026139,4025672,467
294189421,40.7634,39.1088,448,41810,0.753806,0.53,2,4026628,4026180,448
294221541,47.2096,46.6777,455,42360,0.765639,0.71,2,4026973,4026518,455
294227381,37.6735,35.9084,459,42460,0.771702,0.77,2,4027043,4026584,459
294230301,40.8694,40.7634,458,42510,0.758681,0.71,2,4027086,4026628,458
294233221,35.5478,36.1053,457,42560,0.765472,0.75,2,4027118,4026661,457
294239061,16.7276,16.8169,457,42660,0.795676,0.73,2,4027149,4026692,457
294253661,44.8161,44.65,457,42905,0.903492,0.73,2,4027322,4026865,457
294256581,19.1264,19.06,457,42954,0.907397,0.73,2,4027324,4026867,457
294259501,40.6506,40.024,458,43003,0.920959,0.73,2,4027379,4026921,458
294262421,47.4602,16.0096,510,43052,0.938383,0.79,2,4027431,4026921,510
294265341,38.1841,37.6038,490,43101,0.945353,0.73,2,4027463,4026973,490
294271181,41.2695,36.1366,502,43199,0.946857,0.75,2,4027545,4027043,502
294405501,26.4507,26.0259,495,45394,0.921386,1,2,4029043,4028548,495
294408421,20.1803,20.6104,494,45440,0.902554,1,2,4029059,4028565,494
294437621,30.4351,31.979,484,45900,0.449662,1,1,4029407,4028923,484
294440541,23.5741,27.7916,478,45946,0.437865,1,1,4029426,4028948,478
294443461,29.2296,11.1166,511,45992,0.433146,1,1,4029459,4028948,511
294446381,28.4918,29.6467,497,46038,0.407258,1,1,4029487,4028990,497
294469741,36.4109,37.145,491,46405,0.417331,0.63,1,4029719,4029228,491
294472661,36.7644,40.058,486,46450,0.436932,0.51,1,4029756,4029270,486
294531061,29.8224,22.0132,482,47350,0.772381,0.51,2,4030348,4029866,482
294533981,13.1289,30.4053,448,47395,0.782952,0.53,2,4030350,4029902,448
294536901,19.6516,26.5621,448,47439,0.787181,0.53,2,4030374,4029926,448
294539821,21.0606,23.8248,448,47483,0.788872,0.55,2,4030396,4029948,448
294545661,22.0897,22.652,449,47571,0.78262,0.57,2,4030435,4029986,449
294601141,34.9416,34.8697,463,48407,0.909337,0.85,2,4030999,4030536,463
294604061,38.5767,37.3479,465,48451,0.909735,0.89,2,4031040,4030575,465
294606981,41.2307,41.3392,464,48494,0.933894,0.85,2,4031083,4030619,464
294793861,90.9525,107.711,501,23631,0.084304,0.89,1,4033106,4032605,501
294796781,72.981,80.8845,499,23721,0.0997216,0.61,1,4033167,4032668,499
294814301,76.6679,86.7098,423,24252,0.20345,0.05,1,4033464,4033041,423
294817221,70.8672,73.6839,425,24339,0.23138,0.11,1,4033531,4033106,425
294834741,55.4206,55.099,430,24857,0.429137,0.21,1,4033803,4033373,430
294837661,76.7682,76.6396,430,24942,0.429655,0.25,1,4033894,4033464,430
294896061,47.6681,65.2275,489,26589,0.784036,0.63,2,4035025,4034536,489
294898981,26.2672,48.291,464,26669,0.799614,0.63,2,4035037,4034573,464
294910661,32.4004,78.161,454,26985,0.90103,0.63,2,4035243,4034789,454
294998261,70.7361,60.2751,549,29247,0.9268,1,2,4036873,4036324,549
295001181,48.0944,72.11,502,29319,0.92872,1,2,4036906,4036404,502
295007021,40.9351,32.6576,521,29463,0.933395,1,2,4036977,4036456,521
295009941,58.374,38.863,548,29535,0.949358,1,2,4037047,4036499,548
295012861,63.5496,56.9452,546,29607,0.943743,1,2,4037114,4036568,546
295112141,53.7726,58.3268,518,31947,0.787181,1,2,4038747,4038229,518
295164701,44.4079,44.8468,452,33118,0.77326,0.59,2,4039498,4039046,452
295176381,42.5752,41.2233,453,33373,0.929156,0.63,2,4039691,4039238,453
295348661,41.4732,40.0762,489,36925,0.919888,1,2,4042163,4041674,489
295351581,43.5893,34.0305,504,36982,0.793955,1,2,4042208,4041704,504
295366181,34.3872,32.2522,529,37267,0.285503,1,1,4042376,4041847,529
295369101,31.7549,35.1009,522,37324,0.216201,1,1,4042406,4041884,522
295386621,36.2952,41.4603,496,37662,0.215298,0.71,1,4042659,4042163,496
295389541,36.1181,43.5841,487,37718,0.212119,0.63,1,4042695,4042208,487
295392461,31.8472,41.4336,476,37774,0.210848,0.59,1,4042724,4042248,476
295404141,25.9817,34.3871,457,37998,0.202534,0.17,1,4042833,4042376,457
295412901,45.7268,51.2808,470,38165,0.253682,0.17,1,4042983,4042513,470
295415821,38.6907,45.1123,463,38220,0.263473,0.17,1,4043017,4042554,463
295418741,38.8763,37.8449,469,38275,0.279389,0.21,1,4043056,4042587,469
295421661,37.1505,36.738,469,38330,0.285756,0.23,1,4043092,4042623,469
295424581,34.6602,36.2952,466,38385,0.276302,0.21,1,4043125,4042659,466
295427501,31.2641,36.1181,459,38440,0.296521,0.21,1,4043154,4042695,459
295456701,39.7352,38.8763,436,38986,0.416331,0.29,1,4043492,4043056,436
295459621,37.4941,37.1505,436,39040,0.412532,0.27,1,4043528,4043092,436
295506341,29.9835,28.9676,447,39897,0.757624,0.55,2,4044065,4043618,447
295509261,30.5934,29.587,448,39950,0.76505,0.55,2,4044096,4043648,448
295518021,20.918,19.5576,451,40109,0.756243,0.59,2,4044154,4043703,451
295520941,38.3672,7.82303,501,40162,0.788497,0.65,2,4044204,4043703,501
295541381,33.7459,37.3777,486,40528,0.910696,0.75,2,4044493,4044007,486
295544301,30.8984,32.9511,485,40580,0.910278,0.77,2,4044522,4044037,485
295547221,30.9593,29.9804,488,40632,0.910111,0.77,2,4044553,4044065,488
295550141,30.3837,30.5922,487,40684,0.922045,0.73,2,4044583,4044096,487
295553061,13.3535,30.2369,459,40736,0.926818,0.73,2,4044585,4044126,459
295555981,22.1414,13.2947,485,40788,0.940727,0.77,2,4044613,4044128,485
295713661,33.5059,30.0294,519,43495,0.905496,1,2,4046534,4046015,519
295719501,26.9609,26.8847,529,43592,0.777279,1,2,4046591,4046062,529
295737021,33.3742,34.3405,517,43880,0.403129,1,1,4046793,4046276,517
295748701,34.7328,36.4039,506,44072,0.282432,0.98,1,4046938,4046432,506
295751621,33.0931,36.1616,502,44120,0.262973,0.84,1,4046970,4046468,502
295754541,30.0372,34.2646,497,44168,0.243189,0.91,1,4046998,4046501,497
295757461,31.8149,33.5059,497,44216,0.259276,0.81,1,4047031,4046534,497
295760381,24.726,34.4023,482,44264,0.24171,0.73,1,4047051,4046569,482
295763301,21.8904,26.9609,480,44312,0.222684,0.65,1,4047071,4046591,480
295780821,30.5818,33.3742,444,44597,0.222709,0.33,1,4047237,4046793,444
295783741,38.6327,43.9497,437,44644,0.251083,0.29,1,4047281,4046844,437
295786661,31.0531,32.5799,438,44691,0.238433,0.29,1,4047307,4046869,438
295789581,30.4212,32.832,435,44738,0.257373,0.27,1,4047337,4046902,435
295792501,33.7685,34.7328,435,44785,0.276949,0.25,1,4047373,4046938,435
295795421,32.7074,33.0931,435,44832,0.26078,0.23,1,4047405,4046970,435
295798341,28.683,30.0372,433,44879,0.242312,0.27,1,4047431,4046998,433
295801261,32.4732,31.8149,435,44926,0.258925,0.23,1,4047466,4047031,435
295804181,23.1893,24.726,432,44973,0.26557,0.21,1,4047483,4047051,432
295807101,21.2757,21.8904,432,45020,0.292228,0.17,1,4047503,4047071,432
295821701,23.3097,23.9544,430,45255,0.400384,0.25,1,4047632,4047202,430
295824621,31.5239,30.5818,432,45302,0.418154,0.27,1,4047669,4047237,432
295827541,39.6096,38.6327,433,45349,0.413262,0.23,1,4047714,4047281,433
295830461,31.4438,31.0531,433,45396,0.423305,0.27,1,4047740,4047307,433
295850901,22.8262,21.2757,437,45718,0.444744,0.35,1,4047940,4047503,437
295918061,31.6776,40.0391,476,46767,0.756867,0.57,2,4048632,4048156,476
295920981,30.6711,32.2156,479,46812,0.764747,0.57,2,4048662,4048183,479
295923901,34.4684,30.8863,486,46857,0.791899,0.59,2,4048699,4048213,486
295947261,33.8892,35.3277,487,47217,0.911402,0.69,2,4048944,4048457,487
295950181,14.7557,33.3311,457,47262,0.922561,0.69,2,4048946,4048489,457
295953101,22.7023,14.5324,483,47307,0.927024,0.71,2,4048974,4048491,483
295956021,36.0809,23.213,499,47352,0.91681,0.73,2,4049019,4048520,499
295958941,15.6324,34.4852,459,47397,0.912724,0.75,2,4049021,4048562,459
295961861,32.6529,40.1941,459,47441,0.94709,0.77,2,4049065,4048606,459
296161881,116.903,119.692,497,22817,0.94912,1,2,4051219,4050722,497
296252401,47.7536,23.0725,538,25540,0.934,1,2,4053127,4052589,538
296269921,48.4333,57.5083,513,26034,0.435843,1,1,4053496,4052983,513
296275761,44.5893,56.3613,506,26196,0.416535,0.89,1,4053591,4053085,506
296278681,58.0357,47.7445,531,26277,0.412614,0.77,1,4053658,4053127,531
296287441,58.5543,67.5196,502,26518,0.298327,0.45,1,4053849,4053347,502
296290361,49.2217,61.2079,488,26598,0.293331,0.49,1,4053892,4053404,488
296296201,53.2355,48.4333,498,26757,0.276133,0.47,1,4053994,4053496,498
296299121,43.4942,52.9733,479,26836,0.272453,0.39,1,4054031,4053552,479
296316641,46.575,49.2217,436,27306,0.405028,0.33,1,4054328,4053892,436
296319561,46.23,46.0887,438,27384,0.408011,0.25,1,4054374,4053936,438
296322481,50.892,53.2355,434,27461,0.409205,0.27,1,4054428,4053994,434
296325401,43.1568,43.4942,435,27538,0.445682,0.33,1,4054466,4054031,435
296357521,26.545,25.6251,447,28372,0.76028,0.55,2,4054988,4054541,447
296363361,54.7672,49.7,502,28521,0.782845,0.65,2,4055119,4054617,502
296383801,26.8217,63.3525,459,29036,0.900118,0.77,2,4055445,4054986,459
296486001,53.509,38.5771,544,31486,0.944848,1,2,4057185,4056641,544
296491841,39.7614,47.9323,512,31620,0.938376,1,2,4057255,4056743,512
296512281,32.9732,39.6805,502,32085,0.410512,1,1,4057588,4057086,502
296515201,53.9893,36.2722,536,32151,0.446205,0.91,1,4057656,4057120,536
296518121,38.3957,53.5089,499,32217,0.424482,0.98,1,4057684,4057185,499
296521041,35.7583,39.4036,503,32283,0.427793,0.92,1,4057718,4057215,503
296585281,36.7878,35.4836,453,33694,0.771725,0.65,2,4058616,4058163,453
296588201,57.9151,57.9934,452,33757,0.79469,0.67,2,4058688,4058236,452
296605721,29.0269,28.7119,457,34131,0.900365,0.71,2,4058931,4058474,457
296608641,12.8107,12.6848,457,34193,0.930146,0.75,2,4058933,4058476,457
296737121,35.003,35.8732,488,36816,0.9172,1,2,4060812,4060324,488
296745881,34.1602,43.9839,483,36987,0.902781,1,2,4060921,4060438,483
296751721,36.9056,34.2774,496,37101,0.918445,1,2,4060998,4060502,496
296754641,33.9623,34.711,493,37158,0.913378,1,2,4061030,4060537,493
296757561,39.3849,13.8844,536,37215,0.911351,1,2,4061073,4060537,536
296760481,37.954,39.1538,517,37272,0.94654,1,2,4061110,4060593,517
296918161,35.7669,39.4988,513,40219,0.9232,1,2,4063178,4062665,513
296921081,32.9067,37.9995,507,40271,0.93928,1,2,4063209,4062702,507
296924001,31.7627,27.7998,517,40323,0.909712,1,2,4063240,4062723,517
296935681,36.5539,42.4909,509,40531,0.766857,1,2,4063396,4062887,509
297008681,34.6474,34.1756,449,41815,0.759658,0.49,2,4064229,4063780,449
297023281,34.8533,33.6735,452,42065,0.767072,0.57,2,4064402,4063950,452
297026201,35.5413,36.2694,450,42115,0.756829,0.57,2,4064438,4063988,450
297029121,37.6165,37.3078,451,42165,0.764731,0.63,2,4064477,4064026,451
297032041,42.6466,40.1231,455,42215,0.755893,0.63,2,4064523,4064068,455
297034961,18.2586,17.2492,455,42265,0.752357,0.69,2,4064525,4064070,455
297037881,24.7035,23.0997,457,42315,0.750943,0.71,2,4064554,4064097,457
297040801,26.6814,27.2399,455,42365,0.786377,0.69,2,4064582,4064127,455
297052481,38.2574,38.4589,458,42565,0.917203,0.75,2,4064728,4064270,458
297055401,32.103,31.5836,459,42615,0.924881,0.73,2,4064756,4064297,459
297058321,34.4412,34.8334,458,42665,0.939953,0.73,2,4064792,4064334,458
297253961,35.506,32.5653,499,45858,0.94888,1,2,4067022,4066523,499
297259801,35.561,32.9304,502,45950,0.767421,1,2,4067094,4066592,502
297277321,30.2401,30.3835,540,46226,0.294686,1,1,4067285,4066745,540
297280241,29.496,34.9534,531,46272,0.243874,1,1,4067314,4066783,531
297291921,23.0799,33.9044,489,46454,0.0816512,0.98,1,4067421,4066932,489
297294841,26.632,23.1618,502,46499,0.0386605,0.97,1,4067450,4066948,502
297297761,32.2528,30.2647,503,46544,0.0214642,0.93,1,4067486,4066983,503
297300681,31.5011,35.5059,495,46589,0.0265857,0.79,1,4067517,4067022,495
297303601,36.0004,36.4024,497,46634,0.0286343,0.71,1,4067556,4067059,497
297306521,32.4002,35.5609,492,46679,0.0294537,0.65,1,4067586,4067094,492
297309441,26.1601,35.8244,478,46724,0.0537815,0.63,1,4067608,4067130,478
297312361,26.664,31.1298,477,46769,0.0635126,0.53,1,4067635,4067158,477
297315281,26.2656,29.2519,475,46814,0.079405,0.37,1,4067661,4067186,475
297318201,29.7062,34.5008,469,46859,0.073762,0.35,1,4067693,4067224,469
297321121,26.2825,33.6003,460,46904,0.0715048,0.23,1,4067717,4067257,460
297341561,31.7067,26.632,458,47219,0.0881902,0.01,1,4067908,4067450,458
297344481,31.2827,32.2528,453,47264,0.0652761,0.03,1,4067939,4067486,453
297347401,37.1131,31.5011,463,47309,0.0441104,0.03,1,4067980,4067517,463
297350321,32.8452,36.0004,454,47354,0.0476442,0.03,1,4068010,4067556,454
297353241,14.3381,32.4002,426,47399,0.0490577,0.07,1,4068012,4067586,426
297364921,29.5415,29.7062,427,47575,0.212984,0.07,1,4068120,4067693,427
297367841,27.4166,26.2825,429,47619,0.211194,0.13,1,4068146,4067717,429
297370761,27.1666,26.713,429,47663,0.210477,0.15,1,4068173,4067744,429
297376601,32.7867,32.3541,429,47751,0.217276,0.17,1,4068233,4067804,429
297379521,25.1147,25.5416,428,47795,0.200911,0.15,1,4068253,4067825,428
297385361,25.8583,26.7667,426,47883,0.227746,0.07,1,4068299,4067873,426
297388281,29.5433,31.7067,423,47927,0.217098,0.05,1,4068331,4067908,423
297391201,31.0173,31.2827,424,47971,0.200839,0.03,1,4068363,4067939,424
297411641,31.4975,29.5415,432,48279,0.238402,0.21,1,4068552,4068120,432
297414561,27.599,27.4166,431,48323,0.245361,0.21,1,4068577,4068146,431
297417481,26.6396,27.1666,430,48367,0.272144,0.19,1,4068603,4068173,430
297420401,23.8558,23.4667,431,48411,0.258858,0.23,1,4068625,4068194,431
297423321,32.9423,32.7867,431,48455,0.289543,0.19,1,4068664,4068233,431
297432081,26.4683,25.8583,432,48584,0.296691,0.21,1,4068731,4068299,432
297461281,27.5695,30.7574,456,49014,0.409569,0.25,1,4069008,4068552,456
297522601,20.2865,25.829,462,49909,0.752573,0.51,2,4069582,4069120,462
297525521,27.9146,19.9316,479,49951,0.751029,0.51,2,4069615,4069136,479
297528441,33.3658,26.5726,485,49993,0.774412,0.57,2,4069652,4069167,485
297531361,31.9463,31.6291,481,50035,0.783765,0.61,2,4069683,4069202,481
297534281,36.7785,30.6516,491,50077,0.799506,0.61,2,4069723,4069232,491
297563481,25.8246,25.2264,456,50497,0.923951,0.71,2,4069959,4069503,456
297810221,108.992,112.327,483,24905,0.2836,0.85,1,4072444,4071961,483
297813141,84.3968,76.1309,499,24990,0.27544,0.71,1,4072512,4072013,499
297833581,67.6975,42.6611,494,25578,0.416898,0.21,1,4072875,4072381,494
297865701,60.1249,68.0659,502,26476,0.794885,0.59,2,4073515,4073013,502
297886141,57.2961,72.0308,458,27032,0.904581,0.77,2,4073850,4073392,458
297991261,40.4293,38.0216,527,29722,0.928,1,2,4075727,4075200,527
297994181,58.1717,47.6087,543,29793,0.9172,1,2,4075797,4075254,543
298011701,36.7818,38.0826,487,30217,0.220961,1,1,4076047,4075560,487
298014621,72.9127,76.433,482,30287,0.0883843,1,1,4076144,4075662,482
298017541,48.3651,48.5732,484,30357,0.0413537,0.88,1,4076176,4075692,484
298020461,36.146,40.4293,477,30427,0.0465415,0.91,1,4076204,4075727,477
298023381,49.2584,58.1717,465,30497,0.0366166,0.81,1,4076262,4075797,465
298026301,39.5034,46.0687,460,30566,0.0326466,0.77,1,4076295,4075835,460
298029221,41.0013,44.2275,459,30635,0.0550587,0.55,1,4076337,4075878,459
298032141,44.6005,50.091,452,30704,0.0520235,0.43,1,4076384,4075932,452
298035061,35.2402,44.6364,440,30773,0.0748094,0.25,1,4076413,4075973,440
298043821,69.8394,72.9127,427,30979,0.0712678,0.01,1,4076571,4076144,427
298046741,45.3358,48.3651,424,31047,0.0465071,0.05,1,4076600,4076176,424
298049661,33.7343,36.146,422,31115,0.0246028,0.03,1,4076626,4076204,422
298052581,48.2937,49.2584,422,31183,0.0398411,0.03,1,4076684,4076262,422
298055501,39.7175,39.5034,423,31251,0.0219365,0.07,1,4076718,4076295,423
298058421,41.087,41.0013,423,31319,0.0147746,0.07,1,4076760,4076337,423
298061341,45.2348,16.4005,471,31387,0.0359098,0.05,1,4076808,4076337,471
298064261,35.4939,34.7602,453,31454,0.0563639,0.09,1,4076837,4076384,453
298067181,36.3976,31.3041,461,31521,0.0645456,0.13,1,4076874,4076413,461
298070101,30.759,32.9216,454,31588,0.0678182,0.15,1,4076901,4076447,454
298102221,70.9707,30.759,522,32318,0.238748,0.19,1,4077423,4076901,522
298105141,44.5883,67.5036,457,32383,0.269499,0.21,1,4077450,4076993,457
298108061,32.8353,43.8014,454,32448,0.2698,0.15,1,4077475,4077021,454
298110981,49.1341,33.1206,488,32513,0.28192,0.17,1,4077535,4077047,488
298113901,37.6536,48.0482,460,32578,0.262768,0.15,1,4077565,4077105,460
298116821,39.6615,39.6193,467,32643,0.267107,0.09,1,4077606,4077139,467
298119741,47.6646,41.0477,478,32708,0.280843,0.15,1,4077659,4077181,478
298122661,20.2658,46.4191,430,32773,0.286337,0.17,1,4077661,4077231,430
298140181,32.6869,32.8353,435,33158,0.421589,0.29,1,4077910,4077475,435
298143101,48.4748,49.1341,434,33222,0.438636,0.25,1,4077969,4077535,434
298210261,39.3817,49.3314,483,34656,0.769969,0.63,2,4078895,4078412,483
298227781,32.0825,35.3816,483,35021,0.915305,0.67,2,4079100,4078617,483
298370861,56.8063,27.9369,576,37864,0.909232,1,2,4081130,4080554,576
298382541,31.8526,41.1696,514,38088,0.773756,1,2,4081265,4080751,514
298385461,32.5411,38.0678,511,38143,0.771503,1,2,4081298,4080787,511
298388381,55.0164,34.4271,549,38198,0.782601,1,2,4081368,4080819,549
298394221,38.9226,43.4283,509,38308,0.762416,1,2,4081435,4080926,509
298397141,32.9691,38.3713,503,38363,0.778966,0.98,2,4081464,4080961,503
298405901,51.574,34.0158,535,38528,0.772014,0.85,2,4081593,4081058,535
298408821,42.8296,56.8063,500,38583,0.770806,0.85,2,4081630,4081130,500
298411741,18.3318,44.3225,466,38638,0.770322,0.79,2,4081632,4081166,466
298429261,37.6664,38.8066,459,38965,0.926447,0.73,2,4081855,4081396,459
298432181,41.4666,38.9226,464,39019,0.940579,0.79,2,4081899,4081435,464
298592781,35.6687,32.2466,511,41893,0.902419,1,2,4083883,4083372,511
298598621,39.667,49.3195,482,41993,0.786387,1,2,4083948,4083466,482
298642421,45.0335,47.0668,459,42741,0.779052,0.63,2,4084459,4084000,459
298645341,38.4134,44.0267,451,42790,0.773621,0.63,2,4084493,4084042,451
298680381,39.4218,19.6899,509,43378,0.901493,0.75,2,4084867,4084358,509
298683301,46.3687,39.076,508,43427,0.930597,0.81,2,4084918,4084410,508
298835141,8.99938,26.7253,486,45883,0.945877,1,2,4086581,4086095,486
298843901,35.064,37.2064,516,46021,0.912536,1,2,4086692,4086176,516
298849741,33.5702,28.753,521,46113,0.944006,1,2,4086753,4086232,521
298852661,35.6281,29.5012,528,46159,0.929602,1,2,4086790,4086262,528
298864341,36.6529,39.8224,516,46343,0.947414,0.98,2,4086949,4086433,516
298884781,30.8012,26.3997,510,46658,0.947588,1,2,4087129,4086619,510
298887701,33.9205,32.1599,510,46703,0.901035,0.86,2,4087165,4086655,510
298890621,26.1682,35.064,494,46748,0.930414,1,2,4087186,4086692,494
298893541,33.2673,28.4256,508,46793,0.930166,0.93,2,4087224,4086716,508
298896461,34.9069,33.5702,507,46838,0.942066,0.92,2,4087260,4086753,507
298899381,43.3628,35.6281,519,46883,0.910827,0.99,2,4087309,4086790,519
298902301,37.1451,45.4512,500,46928,0.946331,1,2,4087342,4086842,500
298905221,38.858,38.5805,506,46973,0.936532,0.94,2,4087382,4086876,506
299137361,69.5584,71.2348,511,23640,0.754444,0.49,2,4090478,4089967,511
299140281,66.8234,68.0939,510,23730,0.775778,0.47,2,4090543,4090033,510
299143201,48.3293,66.2376,481,23819,0.784311,0.53,2,4090579,4090098,481
299163641,68.7359,66.8165,463,24435,0.924504,0.79,2,4091006,4090543,463
299166561,47.8944,48.3266,461,24522,0.939802,0.83,2,4091040,4090579,461
299181161,74.7109,73.3493,465,24951,0.944971,0.91,2,4091334,4090869,465
299274601,63.6245,59.2474,491,27538,0.41151,1,1,4093155,4092664,491
299277521,66.2498,68.699,484,27615,0.278604,1,1,4093223,4092739,484
299280441,42.6999,46.6796,479,27692,0.237442,1,1,4093250,4092771,479
299286281,59.752,61.8287,476,27844,0.0847907,0.99,1,4093376,4092900,476
299292121,47.1203,58.1326,454,27996,0.0867665,0.65,1,4093456,4093002,454
299295041,37.4481,43.653,451,28072,0.0887066,0.51,1,4093487,4093036,451
299297961,33.5793,42.0612,441,28147,0.0774826,0.29,1,4093518,4093077,441
299312561,57.7864,44.632,488,28521,0.201693,0.05,1,4093801,4093313,488
299315481,40.5146,55.6528,454,28595,0.242677,0.13,1,4093830,4093376,454
299318401,45.6058,39.6611,474,28669,0.235071,0.07,1,4093879,4093405,474
299321321,38.0423,46.4644,456,28743,0.280028,0.09,1,4093912,4093456,456
299324241,32.6169,37.1858,454,28817,0.286011,0.07,1,4093941,4093487,454
299327161,58.0468,33.4743,498,28890,0.276405,0.17,1,4094016,4093518,498
299330081,63.4187,55.9897,494,28963,0.260562,0.17,1,4094083,4093589,494
299333001,40.9675,61.3959,455,29036,0.254225,0.21,1,4094109,4093654,455
299335921,52.387,40.1584,489,29109,0.27569,0.19,1,4094169,4093680,489
299347601,40.1683,45.6057,469,29399,0.42173,0.31,1,4094348,4093879,469
299408921,33.7717,33.865,449,30875,0.759347,0.61,2,4095271,4094822,449
299411841,60.3087,58.546,452,30944,0.789739,0.67,2,4095349,4094897,452
299417681,44.4494,42.2474,457,31080,0.938758,0.71,2,4095449,4094992,457
299549081,48.9563,43.0384,503,34007,0.934278,1,2,4097537,4097034,503
299566601,33.1819,26.0024,532,34379,0.919208,1,2,4097722,4097190,532
299569521,61.8728,48.201,550,34441,0.913683,0.94,2,4097803,4097253,550
299578281,68.4719,52.2849,555,34624,0.788796,1,2,4097974,4097419,555
299581201,46.5887,71.3139,503,34685,0.777518,0.9,2,4098006,4097503,503
299610401,65.2304,54.1796,537,35290,0.903493,0.73,2,4098433,4097896,537
299613321,45.2922,68.4719,491,35350,0.919397,0.77,2,4098465,4097974,491
299616241,33.7169,46.5887,485,35410,0.937759,0.71,2,4098491,4098006,485
299778301,225.889,191.069,556,16916,0.2284,0.85,1,4100790,4100234,556
299784141,106.702,129.931,475,17167,0.097744,0.27,1,4100952,4100477,475
299792901,110.317,45.6836,569,17536,0.0741756,0.03,1,4101211,4100642,569
299795821,89.7268,107.073,497,17657,0.0836702,0.03,1,4101287,4100790,497
299798741,89.2907,87.2294,512,17777,0.0874681,0.09,1,4101376,4100864,512
299807501,21.9866,50.7507,430,18133,0.224238,0.05,1,4101493,4101063,430
299810421,94.5946,109.1,425,18250,0.227695,0.09,1,4101636,4101211,425
299813341,84.0379,89.2401,426,18366,0.277078,0.09,1,4101713,4101287,426
299816261,88.2151,89.096,428,18482,0.284831,0.19,1,4101804,4101376,428
299819181,89.2861,87.8384,431,18597,0.287933,0.21,1,4101894,4101463,431
299830861,86.2713,84.0359,435,19049,0.410523,0.29,1,4102148,4101713,435
299868821,92.4531,88.474,543,20448,0.792648,0.55,2,4103132,4102589,543
299883421,90.1883,95.5812,541,20962,0.949925,0.73,2,4103494,4102953,541
299965181,91.0066,80.0871,567,23630,0.900678,1,2,4105381,4104814,567
299973941,94.1444,68.4856,587,23898,0.756763,0.94,2,4105605,4105018,587
299985621,55.1525,68.5164,478,24251,0.762269,0.84,2,4105753,4105275,478
299988541,78.461,91.0066,466,24338,0.778908,0.87,2,4105847,4105381,466
299991461,51.1844,57.4026,464,24425,0.773563,0.79,2,4105880,4105416,464
300008981,52.0656,55.1525,455,24941,0.935234,0.79,2,4106208,4105753,455
300163741,58.789,36.2101,500,29100,0.0800928,0.05,1,4109127,4108627,500
300166661,42.1156,61.284,453,29173,0.0740371,0.13,1,4109158,4108705,453
300169581,58.8462,43.7136,491,29246,0.0596148,0.11,1,4109228,4108737,491
300172501,76.9385,57.0854,514,29318,0.0778459,0.11,1,4109317,4108803,514
300198781,48.0492,58.8462,424,29961,0.0852136,0.09,1,4109652,4109228,424
300201701,73.8197,76.9385,426,30032,0.0760855,0.15,1,4109743,4109317,426
300222141,41.5319,42.3076,428,30521,0.240703,0.13,1,4110010,4109582,428
300225061,17.8128,18.123,428,30590,0.258281,0.05,1,4110012,4109584,428
300227981,45.5251,48.0492,424,30659,0.277312,0.07,1,4110076,4109652,424
300257181,46.288,45.5251,434,31343,0.41465,0.29,1,4110510,4110076,434
300263021,58.8861,63.084,485,31478,0.429944,0.35,1,4110654,4110169,485
300315581,49.1995,18.0109,517,32667,0.753327,0.57,2,4111400,4110883,517
300318501,78.4798,48.0044,547,32732,0.787331,0.59,2,4111498,4110951,547
300452821,39.6856,46.6645,508,35583,0.9496,1,2,4113438,4112930,508
300464501,27.9248,35.3658,497,35819,0.90631,1,2,4113556,4113059,497
300467421,30.3699,33.9463,496,35878,0.932524,1,2,4113588,4113092,496
300473261,44.6992,48.3914,489,35996,0.798404,1,2,4113691,4113202,489
300482021,71.3087,77.7851,481,36173,0.437738,0.99,1,4113855,4113374,481
300490781,37.1318,35.0742,482,36347,0.200575,1,1,4113952,4113470,482
300519981,44.1986,48.3235,436,36924,0.204621,0.27,1,4114324,4113888,436
300522901,30.8795,34.3294,433,36981,0.207848,0.13,1,4114346,4113913,433
300528741,26.3007,26.2527,431,37095,0.236056,0.13,1,4114402,4113971,431
300531661,27.3203,29.1011,428,37152,0.220422,0.13,1,4114430,4114002,428
300534581,21.1281,11.6404,445,37209,0.226169,0.11,1,4114447,4114002,445
300537501,26.4512,16.0562,456,37266,0.240468,0.11,1,4114477,4114021,456
300540421,47.1805,25.6225,485,37323,0.234187,0.09,1,4114538,4114053,485
300543341,41.0722,46.249,462,37380,0.243675,0.17,1,4114575,4114113,462
300546261,33.2289,39.4996,455,37437,0.25947,0.09,1,4114603,4114148,455
300549181,36.6916,33.7998,464,37493,0.253788,0.17,1,4114642,4114178,464
300552101,61.4766,33.9199,508,37549,0.287515,0.13,1,4114720,4114212,508
300555021,44.3906,60.968,462,37605,0.265006,0.25,1,4114753,4114291,462
300557941,32.1563,44.1872,453,37661,0.256002,0.21,1,4114777,4114324,453
300560861,32.0625,30.8749,463,37717,0.252401,0.17,1,4114809,4114346,463
300563781,27.825,32.75,454,37773,0.27496,0.27,1,4114834,4114380,454
300566701,27.33,26.3,459,37829,0.271984,0.21,1,4114861,4114402,459
300569621,22.332,27.32,450,37885,0.282794,0.23,1,4114880,4114430,450
300572541,27.5328,21.128,464,37941,0.275117,0.25,1,4114911,4114447,464
300581301,33.9461,41.0722,462,38109,0.299608,0.27,1,4115037,4114575,462
300592981,31.589,44.3906,457,38329,0.402182,0.25,1,4115210,4114753,457
300595901,31.8356,32.1563,465,38384,0.418873,0.25,1,4115242,4114777,465
300598821,28.9342,32.0625,460,38439,0.449549,0.29,1,4115269,4114809,460
300633861,33.2272,31.8356,444,39093,0.772697,0.47,2,4115686,4115242,444
300636781,30.0909,28.9342,445,39147,0.783079,0.49,2,4115714,4115269,445
300639701,28.2364,27.1737,446,39201,0.787232,0.49,2,4115741,4115295,446
300642621,22.0945,21.6695,446,39255,0.788893,0.49,2,4115759,4115313,446
300645541,28.0378,27.8678,446,39309,0.789557,0.49,2,4115791,4115345,446
300648461,12.4151,12.3471,446,39363,0.789823,0.63,2,4115793,4115347,446
300663061,65.5531,63.9252,458,39631,0.930216,0.75,2,4116055,4115597,458
300838261,31.1717,29.2337,504,42710,0.946,1,2,4118161,4117657,504
300844101,28.9875,17.9974,532,42808,0.94216,1,2,4118222,4117690,532
300867461,40.5099,49.2539,511,43200,0.210509,1,1,4118510,4117999,511
300873301,31.2016,38.3606,502,43298,0.0804814,1,1,4118574,4118072,502
300876221,27.4806,32.7443,498,43347,0.0861926,1,1,4118599,4118101,498
300879141,30.1923,29.8977,502,43396,0.064477,0.91,1,4118631,4118129,502
300882061,33.0769,31.1591,505,43445,0.0917908,0.97,1,4118666,4118161,505
300884981,25.8308,33.4636,491,43494,0.0427163,0.93,1,4118687,4118196,491
300887901,27.7323,28.9855,494,43543,0.0350865,0.77,1,4118716,4118222,494
300890821,24.2929,31.3942,483,43591,0.0200346,0.69,1,4118738,4118255,483
300893741,21.7172,29.9577,474,43639,0.0260138,0.53,1,4118758,4118284,474
300896661,18.2869,26.9831,465,43687,0.0284055,0.59,1,4118774,4118309,465
300899581,27.1147,22.7932,478,43735,0.0293622,0.45,1,4118807,4118329,478
300902501,47.4459,30.7173,503,43783,0.0177449,0.29,1,4118868,4118365,503
300905421,36.3784,56.6869,458,43831,0.049098,0.25,1,4118897,4118439,458
300908341,34.9513,41.2748,461,43879,0.0496392,0.15,1,4118931,4118470,461
300911261,36.7805,40.5099,459,43927,0.0738557,0.07,1,4118969,4118510,459
300914181,31.5122,39.004,449,43975,0.0475423,0.05,1,4118997,4118548,449
300917101,27.6049,31.2016,448,44023,0.0610169,0.09,1,4119022,4118574,448
300920021,29.642,27.4806,454,44071,0.0544068,0.05,1,4119053,4118599,454
300922941,33.4568,30.1923,458,44119,0.0637627,0.11,1,4119089,4118631,458
300928781,27.5531,25.8308,451,44215,0.093002,0.03,1,4119138,4118687,451
300931701,24.2212,27.7323,444,44263,0.0792008,0.01,1,4119160,4118716,444
300934621,22.8885,24.2929,444,44311,0.0856803,0.03,1,4119182,4118738,444
300940461,27.0622,18.2869,456,44407,0.0821088,0.03,1,4119230,4118774,456
300943381,46.2249,27.1147,482,44455,0.0508435,0.01,1,4119289,4118807,482
300946301,19.6899,47.4459,423,44502,0.0383374,0.07,1,4119291,4118868,423
300949221,26.476,36.3784,425,44549,0.093335,0.05,1,4119322,4118897,425
300969661,26.3232,25.3827,428,44878,0.228909,0.07,1,4119537,4119109,428
300972581,26.1293,27.5531,425,44925,0.241564,0.07,1,4119563,4119138,425
300975501,23.6517,24.2212,425,44972,0.282625,0.09,1,4119585,4119160,425
300978421,23.2607,22.8885,426,45019,0.28705,0.11,1,4119608,4119182,426
301004701,28.8016,29.1754,429,45441,0.410458,0.19,1,4119877,4119448,429
301007621,31.3206,30.2702,431,45487,0.434183,0.21,1,4119910,4119479,431
301013461,27.9313,26.3232,434,45579,0.445069,0.25,1,4119971,4119537,434
301133181,29.7556,38.1314,450,47440,0.7737,0.57,2,4121161,4120711,450
301147781,29.0922,28.7412,452,47660,0.929571,0.61,2,4121319,4120867,452
301290861,29.1129,34.0777,498,49781,0.939846,1,2,4122763,4122265,498
301305461,42.8607,26.6645,535,49991,0.903384,1,2,4122924,4122389,535
301355101,40.8905,42.8607,467,50705,0.42737,0.82,1,4123391,4122924,467
301358021,34.9562,37.5443,464,50747,0.404948,0.85,1,4123422,4122958,464
301363861,25.513,24.9671,465,50830,0.404392,0.89,1,4123469,4123004,465
301454381,40.8354,27.1623,495,52099,0.753808,0.51,2,4124277,4123782,495
301457301,36.1342,40.2649,479,52139,0.775523,0.53,2,4124310,4123831,479
301460221,29.4537,35.306,472,52179,0.772209,0.55,2,4124335,4123863,472
301463141,24.9815,27.9224,471,52219,0.770884,0.57,2,4124357,4123886,471
301474821,19.2059,18.0764,472,52379,0.759079,0.63,2,4124452,4123980,472
301477741,28.0824,19.2306,486,52419,0.765631,0.67,2,4124486,4124000,486
301480661,31.6329,28.0922,486,52459,0.780253,0.69,2,4124520,4124034,486
301483581,23.4532,31.0369,471,52499,0.762101,0.67,2,4124538,4124067,471
301486501,26.7813,22.0148,484,52539,0.76684,0.69,2,4124567,4124083,484
301501101,27.7158,19.7211,490,52739,0.761865,0.73,2,4124685,4124195,490
301504021,41.6863,27.0884,509,52779,0.754746,0.77,2,4124736,4124227,509
301506941,37.0745,40.8354,493,52819,0.787898,0.79,2,4124770,4124277,493
301530301,32.2833,28.0824,494,53139,0.91567,0.79,2,4124980,4124486,494
301533221,22.5133,31.6329,476,53179,0.924268,0.75,2,4124996,4124520,476
301536141,25.8053,23.4532,486,53219,0.927707,0.77,2,4125024,4124538,486
301539061,11.5221,26.7813,459,53259,0.929083,0.73,2,4125026,4124567,459
301541981,19.6089,25.7125,459,53299,0.941633,0.75,2,4125051,4124592,459
301550741,19.399,19.7896,459,53416,0.944184,0.77,2,4125111,4124652,459
301842741,62.6752,34.4212,568,29119,0.930882,1,2,4129160,4128592,568
301854421,61.8973,49.8412,550,29409,0.428615,0.93,1,4129388,4128838,550
301863181,40.6574,60.5498,505,29625,0.247031,1,1,4129519,4129014,505
301866101,37.263,42.2199,510,29696,0.224813,1,1,4129554,4129044,510
301869021,55.1052,39.688,539,29767,0.227925,0.89,1,4129621,4129082,539
301871941,42.4421,62.6752,495,29838,0.21717,0.81,1,4129655,4129160,495
301874861,18.1768,47.2701,460,29909,0.212868,0.53,1,4129657,4129197,460
301877781,49.2707,68.108,448,29980,0.235147,0.47,1,4129727,4129279,448
301880701,42.5083,51.2432,446,30051,0.232059,0.35,1,4129765,4129319,446
301883621,56.6033,61.8973,443,30121,0.230824,0.25,1,4129831,4129388,443
301886541,42.4413,46.3589,440,30191,0.218329,0.29,1,4129864,4129424,440
301889461,52.3765,58.1436,433,30261,0.249332,0.21,1,4129923,4129490,433
301892381,36.5506,40.6574,430,30331,0.261733,0.21,1,4129949,4129519,430
301895301,38.6202,37.263,435,30401,0.290693,0.23,1,4129989,4129554,435
301974141,44.2436,56.3893,481,32227,0.770935,0.51,2,4131188,4130707,481
301977061,54.2974,43.5557,507,32293,0.782374,0.55,2,4131249,4130742,507
301979981,37.919,52.8223,475,32359,0.79895,0.55,2,4131276,4130801,475
302111381,44.5552,33.3391,528,35179,0.934,1,2,4133209,4132681,528
302117221,55.6088,53.5742,526,35299,0.94144,1,2,4133318,4132792,526
302120141,34.8435,48.4297,502,35359,0.916576,1,2,4133339,4132837,502
302155181,30.5583,34.8435,466,36070,0.761199,0.83,2,4133805,4133339,466
302158101,44.0233,48.7374,461,36129,0.79048,0.67,2,4133858,4133397,461
302172701,25.2111,24.5135,458,36419,0.904782,0.69,2,4134033,4133575,458
302175621,34.6844,33.8054,459,36477,0.919913,0.69,2,4134074,4133615,459
302178541,33.0738,32.1222,460,36535,0.949965,0.77,2,4134106,4133646,460
302318701,34.4636,34.0854,494,39214,0.944464,1,2,4135973,4135479,494
302327461,37.0057,31.3655,506,39376,0.933566,1,2,4136085,4135579,506
302342061,47.0397,46.1765,496,39643,0.750881,1,2,4136291,4135795,496
302344981,38.0159,43.6706,486,39696,0.762353,0.96,2,4136323,4135837,486
302388781,36.0354,42.77,487,40486,0.757726,0.65,2,4136856,4136369,487
302391701,28.2142,36.908,477,40538,0.75309,0.73,2,4136879,4136402,477
302394621,26.8857,27.9632,481,40590,0.763236,0.71,2,4136905,4136424,481
302397541,34.7543,26.1853,496,40642,0.791294,0.65,2,4136945,4136449,496
302415061,40.6555,34.5807,500,40954,0.912037,0.73,2,4137157,4136657,500
302607781,36.1195,29.9703,527,44225,0.765422,1,2,4139441,4138914,527
302619461,30.5071,35.2504,516,44417,0.425147,1,1,4139581,4139065,516
302628221,33.1765,37.368,510,44558,0.259289,1,1,4139679,4139169,510
302631141,20.4706,38.3472,483,44605,0.253716,0.96,1,4139691,4139208,483
302639901,28.4541,34.8542,474,44746,0.0827178,0.8,1,4139781,4139307,474
302642821,25.7816,30.7417,470,44793,0.0510871,0.9,1,4139805,4139335,470
302645741,27.1127,31.4967,466,44840,0.0504348,0.77,1,4139833,4139367,466
302648661,28.8451,34.7987,459,44887,0.0501739,0.73,1,4139863,4139404,459
302651581,31.338,36.1195,455,44934,0.0260696,0.53,1,4139896,4139441,455
302654501,32.9352,39.0478,448,44981,0.0404278,0.45,1,4139930,4139482,448
302657421,32.3741,38.4191,442,45028,0.0341711,0.45,1,4139962,4139520,442
302660341,34.5496,35.7676,444,45075,0.0136685,0.39,1,4139998,4139554,444
302663261,26.4199,30.5071,438,45122,0.0594674,0.33,1,4140019,4139581,438
302666181,27.3679,29.6028,437,45169,0.077787,0.31,1,4140047,4139610,437
302669101,31.9472,33.4411,436,45216,0.0851148,0.21,1,4140082,4139646,436
302680781,27.2514,30.6353,422,45403,0.0833469,0.07,1,4140176,4139754,422
302683701,27.1006,28.4541,422,45449,0.0753388,0.03,1,4140203,4139781,422
302686621,25.2402,25.7816,422,45495,0.0601355,0.05,1,4140227,4139805,422
302689541,26.8961,27.1127,422,45541,0.0660542,0.05,1,4140255,4139833,422
302692461,28.7584,28.8451,422,45587,0.0684217,0.01,1,4140285,4139863,422
302695381,31.3034,31.338,422,45633,0.0453687,0.05,1,4140318,4139896,422
302698301,32.9214,32.9352,422,45679,0.0481475,0.03,1,4140352,4139930,422
302701221,32.3685,32.3741,422,45725,0.025259,0,1,4140384,4139962,422
302704141,34.5474,34.5496,422,45771,0.0281036,0.09,1,4140420,4139998,422
302707061,26.419,26.4199,422,45817,0.0172414,0.09,1,4140441,4140019,422
302709981,27.9676,27.3679,423,45863,0.0248966,0.09,1,4140470,4140047,423
302712901,33.387,31.9472,425,45909,0.0519586,0.09,1,4140507,4140082,425
302715821,30.7548,12.7789,454,45955,0.0747835,0.17,1,4140536,4140082,454
302718741,18.9019,22.5115,436,46001,0.0959134,0.09,1,4140547,4140111,436
302721661,21.9608,15.0046,450,46047,0.0923654,0.15,1,4140571,4140121,450
302733341,26.7942,25.1617,450,46231,0.0773885,0.07,1,4140677,4140227,450
302736261,30.5177,26.8647,455,46277,0.0729554,0.07,1,4140710,4140255,455
302739181,29.6071,28.7459,454,46323,0.0711822,0.03,1,4140739,4140285,454
302742101,32.2428,31.2984,455,46369,0.0464729,0.05,1,4140773,4140318,455
302745021,32.0971,32.9193,453,46414,0.0365891,0.01,1,4140805,4140352,453
302747941,34.4389,32.3677,457,46459,0.0566357,0.03,1,4140841,4140384,457
302750861,26.3755,34.5471,442,46504,0.0406543,0.01,1,4140862,4140420,442
302753781,28.5502,26.4188,451,46549,0.0462617,0.03,1,4140892,4140441,451
302756701,34.2201,27.9675,460,46594,0.0485047,0.07,1,4140930,4140470,460
302759621,32.288,33.387,454,46639,0.0734019,0.09,1,4140961,4140507,454
302762541,19.5152,30.7548,436,46684,0.0953607,0.11,1,4140972,4140536,436
302820941,21.3915,21.1396,430,47580,0.214036,0.19,1,4141500,4141070,430
302823861,27.1566,26.4558,431,47624,0.259614,0.21,1,4141531,4141100,431
302826781,30.6626,29.7823,432,47668,0.265846,0.19,1,4141564,4141132,432
302829701,29.0651,29.3129,431,47712,0.268338,0.15,1,4141592,4141161,431
302832621,30.826,32.1252,429,47756,0.293335,0.17,1,4141624,4141195,429
302855981,9.59182,9.10738,430,48108,0.402194,0.17,1,4141829,4141399,430
302861821,25.7747,25.6972,430,48196,0.439951,0.19,1,4141885,4141455,430
302864741,27.1099,26.4789,431,48240,0.43398,0.23,1,4141913,4141482,431
302867661,23.444,21.3915,434,48284,0.431592,0.29,1,4141934,4141500,434
302961101,23.7277,27.9007,469,49662,0.758722,0.55,2,4142825,4142356,469
302964021,29.8911,23.1603,483,49704,0.753489,0.61,2,4142859,4142376,483
302966941,34.1564,28.4641,488,49746,0.775396,0.65,2,4142896,4142408,488
302969861,30.4626,32.3856,481,49788,0.796158,0.67,2,4142924,4142443,481
302975701,35.234,31.9417,490,49872,0.795785,0.67,2,4142995,4142505,490
303001981,26.4369,20.121,485,50250,0.900808,0.69,2,4143230,4142745,485
303004901,29.7748,26.0484,487,50292,0.942323,0.73,2,4143262,4142775,487
303314421,63.3026,68.7439,480,27344,0.271216,1,1,4147204,4146724,480
303320261,44.6884,42.919,485,27498,0.0517946,1,1,4147279,4146794,485
303323181,55.0754,59.1676,477,27575,0.0627178,1,1,4147341,4146864,477
303326101,39.4301,42.867,474,27652,0.0670871,0.75,1,4147370,4146896,474
303329021,57.1721,69.9468,455,27729,0.0448349,0.59,1,4147439,4146984,455
303331941,58.8688,66.9787,450,27805,0.0239339,0.45,1,4147499,4147049,450
303334861,47.5475,54.3915,444,27881,0.0635736,0.39,1,4147539,4147095,444
303337781,32.819,39.7566,437,27957,0.0554294,0.15,1,4147562,4147125,437
303340701,52.1276,63.3026,423,28033,0.0281718,0.01,1,4147627,4147204,423
303343621,38.851,42.7211,424,28109,0.0292687,0.01,1,4147657,4147233,424
303346541,43.1404,44.6884,424,28184,0.0177075,0.07,1,4147703,4147279,424
303349461,53.2562,55.0754,422,28259,0.00708299,0.07,1,4147763,4147341,422
303352381,39.9025,39.4301,424,28334,0.0928332,0.03,1,4147794,4147370,424
303361141,47.3858,45.1475,462,28558,0.0820213,0.09,1,4147961,4147499,462
303364061,32.1543,42.059,444,28632,0.0748085,0.05,1,4147983,4147539,444
303372821,42.7379,38.4998,467,28854,0.0515877,0.01,1,4148124,4147657,467
303375741,54.8952,42.9999,484,28927,0.0266351,0,1,4148187,4147703,484
303378661,42.3581,53.2,458,29000,0.028654,0.15,1,4148221,4147763,458
303381581,55.9432,39.88,492,29073,0.0414616,0.13,1,4148286,4147794,492
303384501,57.1773,56.152,483,29146,0.0705846,0.09,1,4148344,4147861,483
303422461,52.2884,54.2753,428,30077,0.215023,0.15,1,4148904,4148476,428
303425381,38.9153,39.1101,429,30147,0.260009,0.19,1,4148934,4148505,429
303428301,39.5661,39.6441,429,30217,0.254004,0.15,1,4148974,4148545,429
303439981,60.0817,58.5765,430,30497,0.413783,0.15,1,4149199,4148769,430
303442901,25.2327,24.6306,430,30566,0.423513,0.23,1,4149201,4148771,430
303445821,35.8931,35.0522,431,30635,0.427405,0.19,1,4149244,4148813,431
303507141,28.8302,37.2452,472,32054,0.758216,0.59,2,4150159,4149687,472
303527581,61.902,60.0535,519,32513,0.913084,0.73,2,4150544,4150025,519
303530501,25.9608,61.2214,459,32578,0.923234,0.73,2,4150546,4150087,459
303533421,39.7843,25.6886,506,32643,0.927293,0.75,2,4150595,4150089,506
303667741,34.0715,35.6138,510,35501,0.943235,1,2,4152566,4152056,510
303670661,36.4286,31.6455,519,35561,0.947294,1,2,4152604,4152085,519
303673581,33.1714,37.2582,509,35620,0.936917,1,2,4152635,4152126,509
303676501,33.6686,34.7033,510,35679,0.920767,1,2,4152669,4152159,510
303682341,47.147,53.6725,497,35797,0.796523,1,2,4152756,4152259,497
303685261,38.0588,43.069,493,35856,0.756609,1,2,4152788,4152295,493
303688181,57.2235,62.8276,487,35915,0.776644,1,2,4152858,4152371,487
303691101,50.4894,55.731,482,35974,0.784657,0.96,2,4152904,4152422,482
303705701,34.2985,36.4286,470,36267,0.915264,0.93,2,4153074,4152604,470
303708621,31.7194,33.1714,469,36325,0.912106,0.91,2,4153104,4152635,469
303711541,31.8878,33.6686,467,36383,0.910842,0.83,2,4153136,4152669,467
303714461,29.5551,30.8674,466,36441,0.934337,0.75,2,4153164,4152698,466
303863381,42.7155,40.0099,489,39289,0.931637,1,2,4155154,4154665,489
303872141,48.4298,48.5926,487,39451,0.776985,1,2,4155282,4154795,487
303889661,23.2184,28.5115,473,39770,0.443817,0.94,1,4155476,4155003,473
303901341,37.9336,42.7155,463,39982,0.283282,0.81,1,4155617,4155154,463
303904261,35.5734,38.6862,461,40035,0.287313,0.79,1,4155651,4155190,461
303921781,40.6815,32.218,492,40351,0.402735,0.49,1,4155871,4155379,492
304006461,21.0333,21.4719,450,41843,0.75159,0.59,2,4156808,4156358,450
304012301,35.8853,34.5155,453,41943,0.769454,0.61,2,4156879,4156426,453
304035661,23.7364,23.6151,456,42343,0.922511,0.73,2,4157140,4156684,456
304038581,28.6946,28.646,456,42393,0.927005,0.71,2,4157172,4156716,456
304041501,42.6778,41.4584,458,42443,0.928802,0.73,2,4157224,4156766,458
304044421,35.0711,34.5834,458,42493,0.929521,0.77,2,4157254,4156796,458
304047341,21.2285,21.0333,458,42543,0.905808,0.73,2,4157266,4156808,458
304050261,25.2914,25.2133,458,42593,0.920323,0.79,2,4157294,4156836,458
304053181,38.3166,35.8853,462,42643,0.938129,0.87,2,4157341,4156879,462
304209401,333.329,346.786,503,20440,0.754,1,2,4159169,4158666,503
304232761,45.4098,57.3336,449,21256,0.761453,0.63,2,4159669,4159220,449
304235681,75.1639,78.7334,451,21356,0.778581,0.65,2,4159764,4159313,451
304241521,100.706,101.997,451,21554,0.932173,0.65,2,4159949,4159498,451
304244441,81.0825,79.7989,454,21652,0.918869,0.69,2,4160017,4159563,454
304247361,54.633,51.7196,458,21750,0.925548,0.75,2,4160054,4159596,458
304250281,33.2532,32.0878,458,21848,0.940219,0.79,2,4160073,4159615,458
304349561,92.9951,92.3928,487,24934,0.920224,1,2,4162333,4161846,487
304413801,53.0467,63.6595,494,26740,0.768121,0.57,2,4163539,4163045,494
304416721,40.4187,53.6638,479,26819,0.793249,0.55,2,4163571,4163092,479
304422561,36.227,85.6262,453,26977,0.92012,0.65,2,4163692,4163239,453
304553961,77.1388,85.4639,499,30308,0.946,1,2,4166082,4165583,499
304565641,37.7444,29.7111,515,30587,0.916586,1,2,4166223,4165708,515
304571481,29.6791,33.6738,502,30725,0.752654,1,2,4166281,4165779,502
304577321,75.4287,80.8678,482,30863,0.407225,1,1,4166436,4165954,482
304580241,51.1715,53.3471,482,30932,0.25289,0.91,1,4166471,4165989,482
304586081,50.0674,54.2555,469,31068,0.0776624,0.97,1,4166590,4166121,469
304589001,38.627,40.9022,468,31136,0.0370649,0.95,1,4166621,4166153,468
304591921,32.8508,34.3609,467,31204,0.032826,0.89,1,4166650,4166183,467
304594841,35.9403,37.7444,465,31272,0.0431304,0.85,1,4166688,4166223,465
304597761,29.9761,33.6977,460,31340,0.0472522,0.85,1,4166714,4166254,460
304600681,26.3905,13.4791,484,31408,0.0609009,0.67,1,4166738,4166254,484
304603601,41.1562,21.5916,508,31475,0.0663603,0.57,1,4166789,4166281,508
304606521,65.0625,45.8367,527,31542,0.0565441,0.25,1,4166870,4166343,527
304609441,43.425,74.1347,463,31609,0.0526177,0.15,1,4166899,4166436,463
304612361,62.37,50.6539,503,31676,0.0510471,0.03,1,4166974,4166471,503
304615281,47.148,69.4615,458,31743,0.0504188,0.05,1,4167011,4166553,458
304618201,37.4592,49.9846,452,31810,0.0201675,0.01,1,4167042,4166590,452
304621121,32.3837,38.5938,450,31877,0.038067,0.03,1,4167071,4166621,450
304624041,35.7535,32.8375,459,31943,0.0212268,0.05,1,4167109,4166650,459
304626961,29.9014,35.935,447,32009,0.0624907,0.05,1,4167135,4166688,447
304629881,26.9606,29.974,446,32075,0.0549963,0.07,1,4167160,4166714,446
304632801,42.5842,26.3896,475,32141,0.0759985,0.07,1,4167213,4166738,475
304650321,32.7918,37.4592,452,32534,0.0670908,0.05,1,4167494,4167042,452
304653241,34.7167,32.3837,459,32599,0.0568363,0.01,1,4167530,4167071,459
304656161,30.6867,35.7535,449,32664,0.0647345,0.09,1,4167558,4167109,449
304659081,27.2747,29.9014,448,32729,0.0918938,0.05,1,4167583,4167135,448
304667841,64.3376,65.6337,428,32922,0.212041,0.13,1,4167722,4167294,428
304670761,42.535,43.0535,428,32986,0.234816,0.21,1,4167750,4167322,428
304673681,63.814,61.6214,432,33050,0.291927,0.17,1,4167828,4167396,432
304688281,32.6272,30.6867,426,33370,0.289885,0.11,1,4167984,4167558,426
304694121,12.6604,12.1099,427,33496,0.299582,0.19,1,4168012,4167585,427
304697041,41.0641,37.8439,432,33559,0.293833,0.25,1,4168072,4167640,432
304732081,67.4258,16.4257,521,34308,0.40168,0.33,1,4168593,4168072,521
304735001,44.3703,56.9703,466,34370,0.430672,0.37,1,4168622,4168156,466
304737921,66.9481,40.1881,519,34432,0.442269,0.39,1,4168704,4168185,519
304781721,33.4452,31.6207,481,35341,0.758296,0.53,2,4169274,4168793,481
304784641,31.3781,33.0483,477,35401,0.765318,0.53,2,4169304,4168827,477
304787561,28.1512,31.2193,473,35461,0.768127,0.51,2,4169330,4168857,473
304790481,12.4605,28.6877,448,35521,0.769251,0.55,2,4169332,4168884,448
304793401,42.1842,12.6751,508,35581,0.7817,0.53,2,4169394,4168886,508
304977361,37.3715,37.4686,496,39146,0.945942,1,2,4171888,4171392,496
304980281,35.9486,28.7874,508,39200,0.948377,0.96,2,4171923,4171415,508
304986121,49.6718,53.686,485,39308,0.90774,1,2,4172025,4171540,485
304989041,42.0687,41.2744,489,39362,0.933096,0.93,2,4172062,4171573,489
305164241,127.131,130.288,513,19203,0.232671,0.9,1,4174337,4173824,513
305173001,64.2244,93.4664,449,19533,0.214811,0.27,1,4174547,4174098,449
305175921,47.8898,56.5866,454,19642,0.223924,0.27,1,4174584,4174130,454
305178841,77.3559,46.6346,511,19750,0.27557,0.17,1,4174681,4174170,511
305181761,81.9424,66.6539,516,19857,0.296228,0.17,1,4174766,4174250,516
305196361,79.0052,46.6541,533,20386,0.428381,0.31,1,4175117,4174584,533
305240161,71.1789,67.2368,462,21895,0.901261,0.87,2,4176114,4175652,462
305330681,53.7135,47.4721,494,24721,0.94,1,2,4178132,4177638,494
305348201,67.6502,67.9593,482,25231,0.077943,1,1,4178509,4178027,482
305351121,60.0601,60.7837,481,25315,0.0491772,0.9,1,4178564,4178083,481
305354041,43.824,53.7135,465,25399,0.0376709,0.75,1,4178597,4178132,465
305356961,45.7296,55.6854,455,25482,0.0210684,0.75,1,4178644,4178189,455
305359881,53.0918,22.2742,513,25565,0.0144273,0.63,1,4178702,4178189,513
305362801,54.2367,47.9097,503,25648,0.0717709,0.47,1,4178757,4178254,503
305365721,66.0947,51.5639,523,25731,0.0467084,0.21,1,4178831,4178308,523
305368641,39.6379,76.4255,452,25813,0.0726833,0.09,1,4178853,4178401,452
305371561,62.0552,46.7702,502,25895,0.0290733,0,1,4178930,4178428,502
305374481,59.6221,67.3081,479,25977,0.0416293,0.03,1,4178988,4178509,479
305377401,41.8488,59.9232,454,26059,0.0346517,0.03,1,4179018,4178564,454
305380321,44.9395,43.7693,468,26140,0.0318607,0.01,1,4179065,4178597,468
305383241,53.9758,45.7077,481,26221,0.0187443,0.01,1,4179125,4178644,481
305386161,56.9903,53.0831,482,26302,0.0734977,0.11,1,4179184,4178702,482
305389081,65.3961,54.2332,498,26383,0.0833991,0.03,1,4179255,4178757,498
305392001,39.9585,66.0933,447,26463,0.0993596,0.09,1,4179278,4178831,447
305394921,60.3834,39.6373,499,26543,0.0397439,0,1,4179352,4178853,499
305397841,59.5534,62.0549,481,26623,0.0458975,0.05,1,4179411,4178930,481
305400761,41.8213,59.622,453,26703,0.048359,0.03,1,4179441,4178988,453
305403681,44.3285,41.8488,469,26782,0.0973436,0.03,1,4179487,4179018,469
305406601,53.7314,44.9395,482,26861,0.0449374,0.01,1,4179547,4179065,482
305409521,22.6926,53.9758,424,26940,0.035975,0.11,1,4179549,4179125,424
305412441,46.277,56.9903,427,27019,0.05639,0.09,1,4179611,4179184,427
305415361,60.5108,65.3961,426,27097,0.076556,0.11,1,4179681,4179255,426
305421201,57.4417,60.3834,423,27253,0.078249,0.05,1,4179775,4179352,423
305424121,58.9767,59.5534,424,27331,0.0372996,0.05,1,4179835,4179411,424
305427041,41.5907,41.8213,424,27408,0.0449198,0.13,1,4179865,4179441,424
305429961,46.6363,44.3285,428,27485,0.0479679,0.01,1,4179915,4179487,428
305432881,51.6545,53.7314,423,27562,0.0371872,0.03,1,4179970,4179547,423
305435801,21.8618,22.6926,423,27639,0.0148749,0.07,1,4179972,4179549,423
305438721,47.1447,46.277,425,27716,0.07195,0.09,1,4180036,4179611,425
305444561,39.5832,38.6043,427,27868,0.096712,0.05,1,4180132,4179705,427
305476681,58.877,54.2229,487,28693,0.217207,0.15,1,4180686,4180199,487
305479601,41.5508,57.0892,458,28767,0.236883,0.17,1,4180716,4180258,458
305482521,49.0203,41.4357,481,28841,0.244753,0.15,1,4180770,4180289,481
305485441,50.8081,46.5743,483,28914,0.283901,0.21,1,4180822,4180339,483
305488361,21.5232,50.4297,432,28987,0.299561,0.17,1,4180824,4180392,432
305491281,47.6093,21.3719,495,29060,0.293824,0.17,1,4180889,4180394,495
305505881,42.0824,58.8768,463,29422,0.405201,0.25,1,4181149,4180686,463
305508801,50.433,41.5507,489,29494,0.40808,0.25,1,4181205,4180716,489
305511721,51.9732,49.0203,488,29566,0.445232,0.31,1,4181258,4180770,488
305558441,54.9834,53.4725,453,30691,0.780266,0.65,2,4181952,4181499,453
305575961,51.9099,51.1632,457,31102,0.914322,0.75,2,4182233,4181776,457
305587641,55.8425,10.5834,533,31374,0.943807,0.81,2,4182411,4181878,533
305698601,44.5272,48.3051,482,33841,0.938896,1,2,4184134,4183652,482
305719041,29.7782,15.0194,514,34275,0.256113,1,1,4184437,4183923,514
305724881,45.9245,32.8831,533,34399,0.0949781,1,1,4184526,4183993,533
305727801,36.3698,50.3532,501,34460,0.0799912,0.98,1,4184556,4184055,501
305730721,40.9479,38.7413,514,34521,0.0379965,0.91,1,4184600,4184086,514
305733641,62.5792,44.2965,543,34582,0.0331986,0.75,1,4184677,4184134,543
305736561,38.2317,69.3186,479,34643,0.0432794,0.63,1,4184699,4184220,479
305739481,32.6927,46.9274,476,34704,0.0353118,0.53,1,4184728,4184252,476
305742401,40.6771,35.571,494,34765,0.0441247,0.45,1,4184774,4184280,494
305745321,39.6708,46.0284,480,34826,0.0476499,0.29,1,4184813,4184333,480
305748241,36.2683,46.6114,467,34887,0.04906,0.29,1,4184847,4184380,467
305751161,27.7073,38.4445,456,34948,0.061624,0.21,1,4184869,4184413,456
305754081,27.2829,29.7778,459,35008,0.0546496,0.15,1,4184896,4184437,459
305757001,43.3132,32.3111,479,35068,0.0518598,0.03,1,4184950,4184471,479
305759921,34.7253,45.9245,453,35128,0.0387439,0.07,1,4184979,4184526,453
305762841,39.6901,36.3698,466,35188,0.0454976,0.01,1,4185022,4184556,466
305765761,62.076,40.9479,499,35248,0.048199,0.03,1,4185099,4184600,499
305789121,12.3228,27.2829,427,35725,0.204173,0.05,1,4185323,4184896,427
305792041,35.5291,43.3132,424,35784,0.255669,0.03,1,4185374,4184950,424
305794961,31.0117,34.7253,423,35843,0.252268,0.05,1,4185402,4184979,423
305797881,38.8047,39.6901,424,35902,0.262907,0.05,1,4185446,4185022,424
305800801,64.1219,62.076,428,35961,0.219163,0.15,1,4185527,4185099,428
305809561,41.3998,42.5889,427,36138,0.201946,0.15,1,4185626,4185199,427
305812481,39.9599,39.2355,429,36196,0.206779,0.15,1,4185665,4185236,429
305815401,38.184,37.2942,430,36254,0.208711,0.19,1,4185702,4185272,430
305821241,28.4294,27.8071,432,36370,0.216994,0.21,1,4185753,4185321,432
305824161,12.5718,12.3228,432,36428,0.224798,0.29,1,4185755,4185323,432
305827081,36.8287,35.5291,434,36486,0.227919,0.25,1,4185808,4185374,434
305830001,31.5315,31.0117,434,36544,0.265168,0.27,1,4185836,4185402,434
305832921,39.6126,38.8047,435,36602,0.280067,0.19,1,4185881,4185446,435
305917601,41.58,44.4851,488,38240,0.755264,0.59,2,4186986,4186498,488
305920521,41.232,40.594,491,38295,0.776106,0.63,2,4187027,4186536,491
305923441,30.8928,39.6376,476,38350,0.796442,0.65,2,4187051,4186575,476
305926361,30.9571,30.855,482,38405,0.792577,0.63,2,4187082,4186600,482
305943881,62.6111,63.6569,459,38735,0.921807,0.77,2,4187299,4186840,459
306095721,50.6309,34.2872,541,41473,0.793418,1,2,4189176,4188635,541
306116161,38.1064,36.0614,488,41830,0.40316,1,1,4189419,4188931,488
306124921,27.7588,28.7079,485,41980,0.299642,0.98,1,4189505,4189020,485
306130761,27.1214,32.1933,469,42080,0.289143,0.97,1,4189553,4189084,469
306133681,25.2486,29.0773,466,42130,0.277657,0.67,1,4189577,4189111,466
306139521,38.1198,41.2524,457,42230,0.290425,0.61,1,4189668,4189211,457
306142441,28.4479,33.3009,451,42280,0.27817,0.59,1,4189690,4189239,451
306145361,19.1792,21.7204,450,42330,0.273268,0.45,1,4189703,4189253,450
306154121,31.1795,33.7661,442,42480,0.402209,0.37,1,4189820,4189378,442
306159961,29.1087,30.2426,436,42580,0.427953,0.31,1,4189880,4189444,436
306162881,33.8435,34.897,435,42630,0.429181,0.27,1,4189917,4189482,435
306244641,33.937,30.8262,485,43993,0.771741,0.55,2,4190808,4190323,485
306247561,29.1748,34.5305,474,44041,0.782696,0.55,2,4190834,4190360,474
306250481,21.2699,29.4122,464,44089,0.787079,0.55,2,4190850,4190386,464
306265081,28.0943,38.4477,473,44329,0.918725,0.65,2,4191022,4190549,473
306268001,20.8377,27.3791,469,44377,0.93749,0.67,2,4191038,4190569,469
306507441,339.881,357.544,490,20440,0.406,0.09,1,4193729,4193239,490
306530801,387.352,434.618,423,21900,0.2044,0.01,1,4194148,4193725,423
306536641,112.136,92.0988,469,22093,0.067504,0.01,1,4194234,4193765,469
306539561,84.4545,90.2395,446,22189,0.0330016,0.05,1,4194300,4193854,446
306542481,72.7818,73.2958,449,22285,0.0552006,0.03,1,4194365,4193916,449
306545401,74.7127,71.3183,455,22380,0.0640803,0.07,1,4194441,4193986,455
306548321,62.8851,63.9273,451,22475,0.0436321,0.05,1,4194496,4194045,451
306551241,62.354,68.7709,441,22569,0.0714528,0.07,1,4194558,4194117,441
306557081,63.0166,20.8433,504,22757,0.0654325,0.03,1,4194656,4194152,504
306560001,64.2067,57.5373,487,22850,0.044173,0.01,1,4194721,4194234,487
306562921,66.4827,62.6149,489,22943,0.0356692,0.07,1,4194789,4194300,489
306565841,70.9931,64.046,498,23035,0.0682677,0.07,1,4194863,4194365,498
306568761,61.3972,71.2184,477,23127,0.0813071,0.03,1,4194918,4194441,477
306577521,60.9054,34.318,504,23401,0.0832037,0.03,1,4195078,4194574,504
306580441,62.7622,62.9272,486,23492,0.0332815,0.03,1,4195142,4194656,486
306583361,66.5049,64.1709,490,23582,0.0553126,0.03,1,4195211,4194721,490
306586281,72.8019,66.4684,499,23672,0.040125,0.09,1,4195288,4194789,499
306589201,62.7208,70.9873,481,23762,0.04605,0.09,1,4195344,4194863,481
306592121,66.4883,61.3949,495,23851,0.09642,0.15,1,4195413,4194918,495
306595041,36.7953,64.158,446,23940,0.080568,0.19,1,4195430,4194984,446
306597961,15.9181,35.2632,432,24029,0.0742272,0.03,1,4195432,4195000,432
306600881,48.9673,60.9053,425,24117,0.0596909,0,1,4195503,4195078,425
306603801,56.1869,62.7621,422,24205,0.0658764,0.07,1,4195564,4195142,422
306606721,65.6748,66.5048,425,24293,0.0683505,0.03,1,4195636,4195211,425
306609641,71.2699,72.8019,423,24380,0.0333402,0.05,1,4195711,4195288,423
306612561,62.708,62.7208,424,24467,0.0313361,0.13,1,4195768,4195344,424
306615481,67.6832,66.4883,426,24554,0.0545344,0.07,1,4195839,4195413,426
306618401,36.6733,36.7953,425,24640,0.0758138,0.07,1,4195855,4195430,425
306621321,15.8693,15.9181,425,24726,0.0843255,0.05,1,4195857,4195432,425
306627161,55.3391,56.1869,423,24897,0.228292,0.07,1,4195987,4195564,423
306630081,65.3356,65.6748,423,24982,0.253317,0.01,1,4196059,4195636,423
306633001,71.1343,71.2699,423,25067,0.239327,0.03,1,4196134,4195711,423
306635921,62.6537,62.708,423,25152,0.245731,0.07,1,4196191,4195768,423
306638841,68.2615,67.6832,424,25236,0.200292,0.09,1,4196263,4195839,424
306641761,38.1046,36.6733,426,25320,0.206117,0.09,1,4196281,4195855,426
306644681,16.4418,15.8693,426,25404,0.208447,0.17,1,4196283,4195857,426
306647601,50.9767,48.3477,430,25487,0.257379,0.17,1,4196357,4195927,430
306650521,58.7907,19.3391,494,25570,0.264951,0.29,1,4196421,4195927,494
306653441,65.5163,43.7356,504,25653,0.291981,0.27,1,4196491,4195987,504
306714761,36.4912,36.7677,453,27336,0.752533,0.63,2,4197601,4197148,453
306732281,68.5368,67.6749,455,27797,0.907961,0.69,2,4197910,4197455,455
306831561,54.5853,58.4453,484,30279,0.787773,1,2,4199638,4199154,484
306840321,66.9495,66.8845,491,30489,0.422657,1,1,4199810,4199319,491
306852001,35.6451,37.645,476,30765,0.071252,1,1,4199971,4199495,476
306854921,29.258,33.658,470,30834,0.0465008,0.8,1,4199996,4199526,470
306857841,38.1032,43.4632,464,30903,0.0486003,0.73,1,4200040,4199576,464
306860761,49.4413,54.5853,459,30971,0.0254401,0.69,1,4200097,4199638,459
306863681,34.7765,40.4341,453,31039,0.040176,0.55,1,4200122,4199669,453
306866601,48.1106,56.3736,443,31107,0.0700704,0.29,1,4200179,4199736,443
306869521,59.4442,66.9495,436,31175,0.0940282,0.23,1,4200246,4199810,436
306884121,28.0954,31.898,446,31513,0.0487612,0.03,1,4200417,4199971,446
306887041,38.8382,27.7592,467,31580,0.0375045,0.05,1,4200463,4199996,467
306889961,48.5353,37.5037,478,31647,0.0450018,0.01,1,4200518,4200040,478
306892881,35.0141,49.2015,447,31714,0.0240007,0.05,1,4200544,4200097,447
306895801,50.0056,34.6806,482,31781,0.0396003,0.09,1,4200604,4200122,482
306898721,60.8023,48.0722,493,31848,0.0818401,0.11,1,4200672,4200179,493
306904561,34.6884,42.9716,456,31980,0.201494,0.15,1,4200734,4200278,456
306907481,51.6753,33.9886,491,32046,0.242598,0.07,1,4200797,4200306,491
306910401,31.4701,52.5954,444,32112,0.259039,0.11,1,4200815,4200371,444
306913321,28.1881,34.2382,448,32178,0.253616,0.01,1,4200841,4200393,448
306916241,38.2752,28.0953,469,32244,0.263446,0.03,1,4200886,4200417,469
306919161,47.1101,38.8381,476,32310,0.243379,0.05,1,4200939,4200463,476
306922081,35.644,48.5352,449,32375,0.211351,0.01,1,4200967,4200518,449
306925001,50.2576,35.0141,483,32440,0.210541,0.05,1,4201027,4200544,483
306951281,45.1985,47.1101,433,33022,0.221504,0.19,1,4201372,4200939,433
306954201,33.6794,35.644,431,33086,0.214602,0.21,1,4201398,4200967,431
306957121,50.0718,50.2576,432,33150,0.247841,0.17,1,4201459,4201027,432
306960041,61.4287,62.703,430,33214,0.249136,0.11,1,4201528,4201098,430
306962961,47.9715,49.0812,429,33278,0.273655,0.15,1,4201567,4201138,429
306977561,20.5792,19.9906,430,33594,0.427074,0.19,1,4201705,4201275,430
306980481,35.8317,34.9962,431,33657,0.42883,0.25,1,4201751,4201320,431
307021361,52.3087,33.8388,509,34526,0.754784,0.57,2,4202339,4201830,509
307024281,64.7235,50.7355,520,34587,0.787914,0.57,2,4202412,4201892,520
307041801,21.3817,14.2703,479,34953,0.920713,0.65,2,4202599,4202120,479
307190721,33.9527,39.0658,507,37912,0.90237,1,2,4204641,4204134,507
307208241,46.4902,63.2787,502,38245,0.0786587,1,1,4204942,4204440,502
307211161,40.7961,40.9115,513,38300,0.0374635,0.93,1,4204979,4204466,513
307214081,28.9184,35.5646,502,38355,0.0329854,1,1,4205000,4204498,502
307217001,28.9674,28.0258,508,38410,0.0131942,1,1,4205029,4204521,508
307219921,26.5869,25.0103,510,38465,0.0592777,1,1,4205054,4204544,510
307222841,28.6348,26.2041,513,38520,0.0297111,0.97,1,4205084,4204571,513
307225761,30.0539,30.8817,510,38575,0.0118844,0.85,1,4205115,4204605,510
307228681,15.6216,33.9527,480,38630,0.00475377,0.89,1,4205121,4204641,480
307231601,26.6486,41.1811,468,38685,0.0919015,0.59,1,4205155,4204687,468
307234521,44.8595,63.2724,447,38740,0.0907606,0.53,1,4205212,4204765,447
307237441,34.7438,43.909,444,38795,0.0423042,0.23,1,4205240,4204796,444
307240361,36.0975,44.5636,436,38849,0.0469217,0.05,1,4205277,4204841,436
307243281,43.239,53.2254,425,38903,0.0727687,0.01,1,4205325,4204900,425
307246201,40.6956,46.4902,422,38957,0.0591075,0.01,1,4205364,4204942,422
307249121,38.4782,40.7961,422,39011,0.065643,0.03,1,4205401,4204979,422
307252041,27.9913,28.9184,422,39065,0.0322572,0,1,4205422,4205000,422
307254961,29.1965,28.9674,423,39119,0.0129029,0.09,1,4205452,4205029,423
307257881,26.0786,26.5869,422,39173,0.0471612,0.01,1,4205476,4205054,422
307260801,29.0314,28.6348,423,39227,0.0848645,0,1,4205507,4205084,423
307263721,31.4126,30.0539,425,39281,0.0519458,0,1,4205540,4205115,425
307266641,14.965,15.6216,423,39335,0.0387783,0.15,1,4205544,4205121,423
307269561,27.586,26.6486,425,39389,0.0695113,0.09,1,4205580,4205155,425
307272481,43.4344,44.8595,422,39443,0.0698045,0.01,1,4205634,4205212,422
307275401,35.9738,34.7438,425,39497,0.0459218,0.05,1,4205665,4205240,425
307278321,36.5895,36.0975,425,39550,0.0723687,0.09,1,4205702,4205277,425
307287081,37.9337,38.4782,422,39709,0.0754316,0.01,1,4205823,4205401,422
307290001,27.7735,27.9913,422,39762,0.0301726,0,1,4205844,4205422,422
307292921,29.7094,29.1965,423,39815,0.0180691,0.07,1,4205875,4205452,423
307295841,26.2838,26.0786,423,39868,0.0612276,0.11,1,4205899,4205476,423
307298761,30.3135,29.0314,425,39921,0.0664911,0.03,1,4205932,4205507,425
307301681,30.1254,31.4126,422,39974,0.0685964,0.03,1,4205962,4205540,422
307304601,14.4502,14.965,422,40027,0.0454386,0.09,1,4205966,4205544,422
307307521,28.5801,27.586,424,40080,0.0361754,0.09,1,4206004,4205580,424
307310441,42.632,11.0344,476,40133,0.0444702,0.07,1,4206056,4205580,476
307313361,36.2528,36.8138,454,40186,0.0237881,0.03,1,4206088,4205634,454
307316281,37.9011,33.3255,462,40239,0.0635152,0.09,1,4206127,4205665,462
307330881,30.1462,27.7464,453,40499,0.0461352,0.01,1,4206297,4205844,453
307333801,27.0585,29.6985,447,40551,0.0364541,0.09,1,4206322,4205875,447
307336721,30.0234,26.2794,455,40603,0.0205816,0.07,1,4206354,4205899,455
307339641,29.4094,30.3118,451,40655,0.0262327,0.07,1,4206383,4205932,451
307342561,14.1637,30.1247,425,40707,0.0524931,0.03,1,4206387,4205962,425
307345481,29.0655,14.4499,460,40759,0.0389972,0.03,1,4206426,4205966,460
307348401,43.4262,28.58,475,40811,0.0695989,0.05,1,4206479,4206004,475
307351321,36.5705,42.632,455,40863,0.0818396,0.01,1,4206511,4206056,455
307354241,39.2282,36.2528,464,40915,0.0987358,0.09,1,4206552,4206088,464
307357161,45.6913,37.9011,475,40967,0.0934943,0.13,1,4206602,4206127,475
307368841,29.9505,27.3655,455,41172,0.0454975,0,1,4206720,4206265,455
307371761,26.3802,30.1462,447,41223,0.036199,0.03,1,4206744,4206297,447
307374681,29.7521,27.0585,454,41274,0.0144796,0.01,1,4206776,4206322,454
307377601,29.3008,30.0234,451,41325,0.0357918,0.03,1,4206805,4206354,451
307380521,14.1203,29.4094,426,41376,0.0443167,0.07,1,4206809,4206383,426
307383441,29.6481,14.1637,462,41427,0.0837267,0.03,1,4206849,4206387,462
307395121,32.031,39.2282,427,41631,0.210511,0.09,1,4206979,4206552,427
307403881,36.274,37.1906,426,41784,0.225393,0.11,1,4207097,4206671,426
307406801,22.9096,23.8762,425,41835,0.216157,0,1,4207111,4206686,425
307421401,14.7997,14.1203,426,42085,0.0881623,0.11,1,4207235,4206809,426
307433081,16.1613,15.5775,431,42285,0.228577,0.23,1,4207367,4206936,431
307436001,32.2645,32.031,431,42335,0.229431,0.17,1,4207410,4206979,431
307438921,41.7058,42.2124,430,42385,0.241772,0.19,1,4207458,4207028,430
307441841,37.0823,36.685,431,42435,0.258709,0.25,1,4207492,4207061,431
307444761,37.0329,36.274,432,42485,0.277484,0.21,1,4207529,4207097,432
307447681,23.2132,22.9096,432,42535,0.284993,0.13,1,4207543,4207111,432
307450601,24.8853,28.3638,426,42585,0.299997,0.13,1,4207569,4207143,426
307468121,48.8891,47.008,430,42880,0.408463,0.21,1,4207764,4207334,430
307471041,39.3557,37.4032,432,42929,0.433385,0.25,1,4207797,4207365,432
307473961,16.9423,16.1613,432,42978,0.443354,0.23,1,4207799,4207367,432
307476881,31.9769,32.2645,431,43027,0.447342,0.23,1,4207841,4207410,431
307479801,41.5908,12.9058,479,43076,0.448937,0.25,1,4207889,4207410,479
307561561,41.7235,32.205,501,44429,0.771879,0.65,2,4208785,4208284,501
307564481,17.8894,41.682,455,44476,0.782752,0.65,2,4208787,4208332,455
307567401,30.5558,40.6728,454,44523,0.799101,0.65,2,4208826,4208372,454
307596601,41.6744,41.4299,457,44993,0.912214,0.71,2,4209150,4208693,457
307599521,17.8697,17.772,457,45040,0.922886,0.77,2,4209152,4208695,457
307602441,34.7479,32.3088,461,45087,0.927154,0.79,2,4209198,4208737,461
307754281,30.8779,27.4071,517,47459,0.9268,1,2,4210837,4210320,517
307814141,109.776,121.709,443,22093,0.0746648,0.01,1,4211524,4211081,443
307817061,90.1105,84.6836,460,22189,0.0358659,0.07,1,4211601,4211141,460
307819981,75.0442,80.6735,447,22285,0.0323464,0.07,1,4211666,4211219,447
307822901,64.2177,64.6694,450,22380,0.0669385,0.07,1,4211723,4211273,450
307825821,48.4871,54.0678,441,22475,0.0447754,0.01,1,4211761,4211320,441
307828741,27.7948,33.6271,435,22569,0.0359102,0.03,1,4211775,4211340,435
307831661,73.5179,27.8508,515,22663,0.0563641,0.03,1,4211879,4211364,515
307834581,70.8072,66.9403,491,22757,0.0405456,0.03,1,4211948,4211457,491
307837501,73.9229,66.9761,500,22850,0.0162183,0.01,1,4212024,4211524,500
307840421,67.9691,72.9905,487,22943,0.0364873,0.03,1,4212088,4211601,487
307843341,61.9877,68.1962,480,23035,0.0445949,0.09,1,4212146,4211666,480
307846261,46.9951,61.4785,460,23127,0.035838,0.03,1,4212183,4211723,460
307849181,27.198,47.3914,436,23219,0.0563352,0.03,1,4212197,4211761,436
307852101,73.2792,27.3566,526,23310,0.0405341,0.07,1,4212301,4211775,526
307855021,71.3117,73.3426,492,23401,0.0222136,0.03,1,4212371,4211879,492
307857941,73.5247,70.737,498,23492,0.00888545,0,1,4212446,4211948,498
307860861,68.4099,73.8948,487,23582,0.0215542,0.05,1,4212511,4212024,487
307863781,62.1639,67.9579,481,23672,0.0386217,0.05,1,4212569,4212088,481
307866701,47.0656,61.9832,460,23762,0.0814487,0.03,1,4212606,4212146,460
307878381,53.9569,71.3116,423,24117,0.0850771,0,1,4212794,4212371,423
307881301,66.5827,73.5246,423,24205,0.0400308,0.03,1,4212869,4212446,423
307884221,65.0331,68.4098,422,24293,0.0460123,0.05,1,4212933,4212511,422
307887141,62.6132,62.1639,425,24380,0.0364049,0.11,1,4212994,4212569,425
307890061,48.4453,47.0656,427,24467,0.068562,0.13,1,4213033,4212606,427
307892981,28.9781,27.8262,428,24554,0.0814248,0.15,1,4213049,4212621,428
307916341,29.6088,28.9781,426,25236,0.200557,0.13,1,4213475,4213049,426
307919261,74.2435,72.7912,428,25320,0.206223,0.17,1,4213579,4213151,428
307925101,49.559,49.9266,427,25487,0.211796,0.15,1,4213643,4213216,427
307928021,63.6236,19.9706,500,25570,0.270718,0.13,1,4213716,4213216,500
307942621,73.5654,29.3021,533,25982,0.403428,0.21,1,4214008,4213475,533
307945541,30.6262,74.1208,431,26064,0.407371,0.17,1,4214010,4213579,431
307948461,51.2505,30.8483,494,26145,0.408948,0.23,1,4214075,4213581,494
307951381,66.7002,49.5393,509,26226,0.409579,0.31,1,4214152,4213643,509
307954301,68.0801,63.6157,505,26307,0.409832,0.35,1,4214221,4213716,505
307957221,64.432,65.6463,500,26388,0.433933,0.35,1,4214283,4213783,500
307960141,53.3728,63.4585,484,26468,0.431573,0.39,1,4214329,4213845,484
307963061,30.9491,51.7834,456,26548,0.430629,0.41,1,4214345,4213889,456
307965981,75.3797,30.9134,544,26628,0.442252,0.41,1,4214450,4213906,544
308006861,53.4148,52.5322,451,27721,0.771968,0.61,2,4215115,4214664,451
308018541,79.9002,76.724,457,28025,0.93709,0.67,2,4215353,4214896,457
308164541,41.5804,50.7576,511,31580,0.934,1,2,4217820,4217309,511
308176221,42.0469,54.9106,502,31848,0.284598,1,1,4218015,4217513,502
308182061,37.0875,36.2657,514,31980,0.0707357,1,1,4218095,4217581,514
308184981,43.635,45.1063,511,32046,0.0462943,1,1,4218143,4217632,511
308187901,57.654,41.4425,539,32112,0.0365177,1,1,4218210,4217671,539
308190821,49.4616,60.377,510,32178,0.0206071,1,1,4218254,4217744,510
308193741,38.3846,46.9508,503,32244,0.00824283,0.89,1,4218285,4217782,503
308196661,38.7539,41.5803,504,32310,0.0332971,0.77,1,4218324,4217820,504
308199581,50.9015,47.2321,512,32375,0.0313189,0.57,1,4218383,4217871,512
308202501,37.1606,60.2929,471,32440,0.0305275,0.31,1,4218411,4217940,471
308205421,34.0642,45.1171,468,32505,0.030211,0.17,1,4218443,4217975,468
308208341,39.4257,42.0469,471,32570,0.0420844,0.03,1,4218486,4218015,471
308211261,33.7703,46.2187,452,32635,0.0228338,0.03,1,4218516,4218064,452
308214181,42.3081,37.0875,469,32700,0.0391335,0.03,1,4218564,4218095,469
308217101,57.1232,43.635,488,32765,0.0816534,0.03,1,4218631,4218143,488
308222941,37.2197,49.4616,425,32894,0.0670645,0,1,4218679,4218254,425
308225861,32.2879,38.3846,423,32958,0.0448258,0.05,1,4218708,4218285,423
308228781,38.1152,38.7539,426,33022,0.0479303,0.03,1,4218750,4218324,426
308231701,48.2461,50.9015,422,33086,0.0731721,0.03,1,4218805,4218383,422
308234621,36.6984,37.1606,423,33150,0.0472689,0.03,1,4218834,4218411,423
308237541,35.6794,34.0642,426,33214,0.0849075,0.05,1,4218869,4218443,426
308243381,33.0687,33.7703,422,33342,0.0507852,0.05,1,4218938,4218516,422
308246301,42.6275,42.3081,423,33405,0.0383141,0.11,1,4218987,4218564,423
308249221,58.451,57.1232,425,33468,0.0813256,0.15,1,4219056,4218631,425
308252141,24.5804,24.0493,425,33531,0.0745303,0.03,1,4219058,4218633,425
308255061,36.2322,37.2197,423,33594,0.0838121,0.03,1,4219102,4218679,423
308257981,31.2929,32.2879,422,33657,0.0875248,0.05,1,4219130,4218708,422
308260901,37.7171,38.1152,422,33720,0.0530099,0.09,1,4219172,4218750,422
308263821,49.2869,48.2461,424,33783,0.063204,0.03,1,4219229,4218805,424
308266741,37.1147,36.6984,424,33846,0.0672816,0.11,1,4219258,4218834,424
308269661,37.6459,35.6794,427,33908,0.0809126,0.13,1,4219296,4218869,427
308272581,35.4584,37.6717,422,33970,0.0983651,0.01,1,4219330,4218908,422
308275501,32.1833,33.0687,422,34032,0.093346,0.03,1,4219360,4218938,422
308278421,42.8733,42.6275,423,34094,0.0433384,0.11,1,4219410,4218987,423
308281341,59.7493,58.451,425,34156,0.0593354,0.07,1,4219481,4219056,425
308284261,25.0997,24.5804,425,34218,0.0657341,0.07,1,4219483,4219058,425
308287181,35.2399,9.83216,467,34280,0.0562937,0.09,1,4219525,4219058,467
308290101,30.896,30.3329,451,34342,0.0645175,0.09,1,4219553,4219102,451
308293021,36.3584,28.9331,463,34404,0.091807,0.03,1,4219593,4219130,463
308310541,42.3411,32.1737,472,34770,0.0928644,0.01,1,4219832,4219360,472
308313461,59.5364,42.8695,493,34831,0.0671457,0.07,1,4219903,4219410,493
308316381,25.0146,59.7478,424,34892,0.0568583,0.07,1,4219905,4219481,424
308319301,35.8058,25.0991,465,34953,0.0527433,0.05,1,4219948,4219483,465
308322221,31.7223,35.2396,452,35013,0.0390973,0.07,1,4219977,4219525,452
308325141,37.8889,30.8959,466,35073,0.0456389,0.11,1,4220019,4219553,466
308328061,50.5556,36.3583,485,35133,0.0362556,0.13,1,4220078,4219593,485
308330981,37.0222,49.3433,455,35193,0.0325022,0.11,1,4220106,4219651,455
308333901,40.6089,37.1373,469,35253,0.0310009,0.15,1,4220149,4219680,469
308336821,37.8436,39.4549,464,35313,0.0544004,0.19,1,4220185,4219721,464
308339741,28.3374,37.382,450,35373,0.0637601,0.15,1,4220207,4219757,450
308342661,40.135,29.3528,474,35433,0.0795041,0.05,1,4220255,4219781,474
308345581,59.254,42.3411,495,35493,0.0858016,0.05,1,4220327,4219832,495
308348501,24.9016,59.5364,426,35553,0.0883206,0.05,1,4220329,4219903,426
308374781,28.602,28.3374,425,36084,0.213037,0.09,1,4220632,4220207,425
308377701,40.8408,40.135,426,36143,0.259215,0.09,1,4220681,4220255,426
308380621,61.3363,59.254,429,36201,0.289686,0.09,1,4220756,4220327,429
308401061,36.8703,35.9069,430,36607,0.413785,0.21,1,4220959,4220529,430
308403981,42.3481,40.7628,432,36665,0.447514,0.19,1,4221005,4220573,432
308459461,32.1458,35.9657,479,37744,0.751163,0.61,2,4221717,4221238,479
308462381,14.0583,31.1863,453,37800,0.762465,0.65,2,4221719,4221266,453
308465301,29.6233,13.6745,491,37856,0.766986,0.65,2,4221759,4221268,491
308468221,49.6493,29.4698,514,37912,0.768794,0.65,2,4221822,4221308,514
308471141,39.0597,48.3879,485,37968,0.793518,0.65,2,4221854,4221369,485
308474061,45.0239,38.5552,502,38024,0.791407,0.67,2,4221903,4221401,502
308476981,40.8096,44.2221,492,38080,0.766563,0.69,2,4221941,4221449,492
308491581,37.351,27.6612,500,38355,0.797862,0.73,2,4222145,4221645,500
308506181,21.0954,49.6493,461,38630,0.900711,0.81,2,4222283,4221822,461
308512021,40.0953,45.0239,461,38740,0.915714,0.75,2,4222364,4221903,461
308514941,37.6381,40.8096,459,38795,0.936286,0.73,2,4222400,4221941,459
308637581,63.7982,45.4355,551,41019,0.928,1,2,4223971,4223420,551
308643421,37.9277,37.8697,518,41121,0.79768,1,2,4224037,4223519,518
308660941,37.5435,36.9623,510,41427,0.285313,1,1,4224241,4223731,510
308663861,33.0174,33.9849,508,41478,0.252125,1,1,4224271,4223763,508
308672621,18.8411,31.239,486,41631,0.054296,1,1,4224338,4223852,486
308675541,32.1364,33.4956,492,41682,0.0277184,0.88,1,4224379,4223887,492
308678461,48.8546,63.7982,468,41733,0.0410874,0.83,1,4224439,4223971,468
308681381,37.5418,45.3193,465,41784,0.0464349,0.75,1,4224469,4224004,465
308684301,30.6167,37.9277,458,41835,0.048574,0.67,1,4224495,4224037,458
308687221,24.8467,30.1711,454,41885,0.0194296,0.61,1,4224516,4224062,454
308690141,22.5387,27.6684,449,41935,0.0257718,0.55,1,4224537,4224088,449
308693061,27.0155,30.8674,446,41985,0.0523087,0.39,1,4224567,4224121,446
308695981,38.4062,44.147,439,42035,0.0629235,0.35,1,4224613,4224174,439
308698901,29.7625,33.8588,436,42085,0.0431694,0.21,1,4224637,4224201,436
308701821,31.105,37.5435,428,42135,0.0592678,0.23,1,4224669,4224241,428
308704741,28.642,33.0174,425,42185,0.0657071,0.11,1,4224696,4224271,425
308707661,26.4568,30.007,422,42235,0.0802828,0.09,1,4224721,4224299,422
308710581,26.1827,27.6028,422,42285,0.0621131,0.01,1,4224747,4224325,422
308713501,18.2731,18.8411,422,42335,0.0428453,0.01,1,4224760,4224338,422
308716421,34.3092,32.1364,426,42385,0.0171381,0.05,1,4224805,4224379,426
308719341,47.3237,48.8546,422,42435,0.0968552,0.05,1,4224861,4224439,422
308722261,36.9295,37.5418,422,42485,0.0807421,0.05,1,4224891,4224469,422
308725181,30.9718,30.6167,423,42535,0.0982968,0,1,4224918,4224495,423
308728101,24.3887,24.8467,422,42585,0.0813187,0.03,1,4224938,4224516,422
308731021,22.3555,22.5387,422,42635,0.0505275,0.07,1,4224959,4224537,422
308733941,28.7422,27.0155,425,42684,0.038211,0.07,1,4224992,4224567,425
308736861,39.0969,38.4062,425,42733,0.0332844,0.03,1,4225038,4224613,425
308739781,29.4388,29.7625,424,42782,0.0433138,0.07,1,4225061,4224637,424
308742701,32.1755,31.105,426,42831,0.0833255,0.07,1,4225095,4224669,426
308815701,29.7259,22.1801,464,44045,0.0836276,0.19,1,4225846,4225382,464
308818621,37.0904,29.272,472,44093,0.087451,0.19,1,4225888,4225416,472
308821541,30.4362,38.1088,454,44141,0.0889804,0.17,1,4225914,4225460,454
308824461,34.9745,30.2435,467,44189,0.0895922,0.19,1,4225952,4225485,467
308839061,33.817,17.1596,473,44429,0.207999,0.17,1,4226083,4225610,473
308841981,14.7268,33.2638,431,44476,0.2332,0.17,1,4226085,4225654,431
308844901,40.6907,48.7055,430,44523,0.27928,0.13,1,4226143,4225713,430
308847821,33.0763,37.4822,428,44570,0.297712,0.15,1,4226171,4225743,428
308874101,26.9519,25.5159,429,44993,0.42869,0.15,1,4226431,4226002,429
308877021,25.1808,24.6064,429,45040,0.441476,0.15,1,4226455,4226026,429
308879941,17.8723,17.0425,430,45087,0.43459,0.25,1,4226468,4226038,430
308882861,36.5489,33.817,434,45134,0.443836,0.25,1,4226517,4226083,434
308932501,43.0683,41.7278,446,45921,0.776057,0.51,2,4227024,4226578,446
308935421,35.2273,16.6911,476,45967,0.784423,0.53,2,4227054,4226578,476
308955861,37.019,30.6212,492,46289,0.915653,0.65,2,4227271,4226779,492
308958781,34.0076,35.6485,485,46335,0.924261,0.71,2,4227303,4226818,485
308961701,28.603,32.8594,479,46381,0.927705,0.67,2,4227328,4226849,479
308964621,26.4412,27.5438,480,46426,0.929082,0.69,2,4227353,4226873,480
308996741,31.8789,38.6186,492,46921,0.930353,0.91,2,4227696,4227204,492
308999661,37.9516,31.0475,508,46966,0.930141,0.93,2,4227738,4227230,508
309002581,34.9806,37.019,500,47011,0.918056,0.93,2,4227771,4227271,500
309005501,28.3922,34.0076,492,47056,0.913223,0.93,2,4227795,4227303,492
309014261,38.4651,18.9765,521,47191,0.908766,0.98,2,4227888,4227367,521
309017181,16.586,38.1906,472,47236,0.921507,0.99,2,4227890,4227418,472
309189461,85.0448,89.3271,495,22910,0.059824,0.75,1,4229810,4229315,495
309192381,79.0179,81.9308,493,23003,0.0299296,0.55,1,4229885,4229392,493
309195301,62.8072,80.7723,465,23095,0.0539718,0.23,1,4229937,4229472,465
309198221,64.7229,82.1089,448,23187,0.0635887,0.21,1,4230003,4229555,448
309204061,52.5957,33.2974,480,23369,0.0833742,0,1,4230089,4229609,480
309206981,66.0383,48.719,496,23460,0.0633497,0.05,1,4230164,4229668,496
309209901,67.8153,64.4876,490,23550,0.0793399,0.03,1,4230233,4229743,490
309212821,71.5261,65.995,497,23640,0.0617359,0.01,1,4230307,4229810,497
309215741,61.6104,71.398,477,23730,0.0546944,0.07,1,4230362,4229885,477
309218661,63.6442,59.7592,490,23819,0.0398777,0.07,1,4230427,4229937,490
309221581,42.8577,63.5037,453,23908,0.0579511,0.13,1,4230456,4230003,453
309224501,18.3431,41.0015,429,23997,0.0651804,0.07,1,4230458,4230029,429
309230341,60.7749,65.9602,424,24173,0.0692289,0.09,1,4230588,4230164,424
309233261,66.91,67.7841,426,24261,0.0936916,0.05,1,4230659,4230233,426
309244941,43.3001,42.8569,425,24608,0.208079,0.07,1,4230881,4230456,425
309247861,18.52,18.3427,425,24694,0.221231,0.17,1,4230883,4230458,425
309250781,42.808,40.9371,428,24780,0.214493,0.03,1,4230942,4230514,428
309253701,58.5232,60.7748,423,24866,0.235797,0.11,1,4231011,4230588,423
309256621,67.2093,66.9099,425,24951,0.280319,0.15,1,4231084,4230659,425
309265381,65.5014,63.2502,431,25205,0.42666,0.23,1,4231282,4230851,431
309274141,43.5521,42.808,432,25457,0.428346,0.21,1,4231374,4230942,432
309277061,59.4208,17.1232,502,25540,0.417338,0.25,1,4231444,4230942,502
309291661,45.2043,65.2384,473,25952,0.429429,0.49,1,4231755,4231282,473
309294581,19.2817,44.0954,445,26034,0.441772,0.45,1,4231757,4231312,445
309326701,68.7312,59.0051,520,26915,0.753733,0.55,2,4232405,4231885,520
309329621,28.6925,66.802,450,26994,0.775493,0.61,2,4232407,4231957,450
309338381,68.4603,69.7473,456,27228,0.923472,0.67,2,4232624,4232168,456
309341301,45.3841,46.4989,455,27306,0.939389,0.67,2,4232654,4232199,455
309344221,19.3536,19.7996,455,27384,0.945755,0.69,2,4232656,4232201,455
309528181,56.1243,35.7871,546,31887,0.750832,1,2,4235871,4235325,546
309534021,50.7399,45.3259,528,32019,0.445333,1,1,4235967,4235439,528
309536941,40.096,52.9304,503,32085,0.400133,1,1,4236000,4235497,503
309542781,38.2154,38.5889,510,32217,0.226021,1,1,4236080,4235570,510
309548621,65.0345,39.2942,550,32349,0.0829634,0.83,1,4236201,4235651,550
309551541,47.6138,67.3177,500,32414,0.0511854,0.81,1,4236237,4235737,500
309554461,35.2455,48.5271,491,32479,0.0204741,0.79,1,4236264,4235773,491
309557381,49.4982,36.8108,521,32544,0.0381897,0.71,1,4236323,4235802,521
309560301,39.5993,56.1243,485,32609,0.0572759,0.53,1,4236356,4235871,485
309563221,44.0397,48.8497,488,32674,0.0289103,0.33,1,4236403,4235915,488
309566141,38.6159,50.7399,471,32739,0.0775641,0.37,1,4236438,4235967,471
309586581,34.5815,35.2455,422,33188,0.0840368,0.05,1,4236686,4236264,422
309604101,29.7216,28.2585,429,33568,0.222985,0.19,1,4236905,4236476,429
309607021,31.6886,29.9034,431,33631,0.227194,0.21,1,4236938,4236507,431
309609941,33.0754,32.9614,430,33694,0.252878,0.11,1,4236972,4236542,430
309612861,60.6302,62.3845,427,33757,0.239151,0.13,1,4237051,4236624,427
309615781,44.6521,45.9538,426,33820,0.23366,0.05,1,4237085,4236659,426
309618701,32.8608,34.5815,424,33883,0.231464,0.17,1,4237110,4236686,424
309621621,52.1443,50.4326,428,33945,0.290586,0.13,1,4237175,4236747,428
309656661,41.056,52.0713,469,34685,0.409601,0.33,1,4237644,4237175,469
309659581,46.4224,40.0285,487,34746,0.42184,0.37,1,4237694,4237207,487
309662501,42.569,46.0114,477,34807,0.438736,0.37,1,4237734,4237257,477
309665421,18.2276,41.8046,440,34868,0.445495,0.33,1,4237736,4237296,440
309668341,30.091,17.9218,476,34929,0.436198,0.35,1,4237774,4237298,476
309671261,31.2364,31.1687,468,34990,0.444479,0.31,1,4237806,4237338,468
309715061,44.9288,45.1991,450,35884,0.761652,0.57,2,4238406,4237956,450
309717981,32.9715,32.4797,451,35943,0.778661,0.55,2,4238431,4237980,451
309741341,14.669,14.2627,453,36411,0.905121,0.63,2,4238705,4238252,453
309910701,40.9302,45.1552,490,39636,0.9496,1,2,4241018,4240528,490
309925301,27.6975,31.6672,504,39901,0.915484,1,2,4241170,4240666,504
309931141,40.9116,47.9068,479,40007,0.774077,1,2,4241268,4240789,479
309945741,48.7492,35.4326,535,40271,0.441895,0.99,1,4241458,4240923,535
309951581,38.2799,40.7092,510,40375,0.225503,1,1,4241528,4241018,510
309957421,32.6448,34.1135,501,40479,0.0732805,1,1,4241589,4241088,501
309960341,25.0579,32.8454,489,40531,0.0293122,1,1,4241609,4241120,489
309963261,24.4232,25.7382,492,40583,0.0417249,0.86,1,4241633,4241141,492
309966181,42.1693,27.6953,517,40635,0.03469,0.79,1,4241687,4241170,517
309969101,37.2677,48.2781,489,40687,0.043876,0.73,1,4241721,4241232,489
309972021,39.5071,40.9112,494,40739,0.0715504,0.65,1,4241762,4241268,494
309974941,32.0028,39.7645,482,40791,0.0586202,0.61,1,4241789,4241307,482
309977861,27.2011,32.7058,478,40843,0.0894481,0.61,1,4241813,4241335,478
309980781,28.8805,31.6823,477,40895,0.0657792,0.55,1,4241843,4241366,477
309983701,42.1522,31.8729,496,40947,0.0683117,0.35,1,4241894,4241398,496
309986621,33.6609,48.7492,464,40999,0.0693247,0.27,1,4241922,4241458,464
309989541,32.6643,38.6997,464,41050,0.0817299,0.15,1,4241954,4241490,464
309998301,24.6265,32.6448,443,41203,0.0621107,0,1,4242032,4241589,443
310001221,24.2506,25.0579,447,41254,0.0548443,0.05,1,4242056,4241609,447
310004141,42.1002,24.4232,477,41305,0.0279377,0.03,1,4242110,4241633,477
310007061,37.2401,42.1693,457,41356,0.0651751,0.05,1,4242144,4241687,457
310009981,40.696,37.2677,466,41407,0.09207,0.09,1,4242187,4241721,466
310012901,31.2784,39.5071,450,41458,0.090828,0.05,1,4242212,4241762,450
310024581,38.1543,42.1522,423,41662,0.210885,0.07,1,4242317,4241894,423
310027501,34.4617,33.6609,427,41713,0.234354,0.09,1,4242349,4241922,427
310030421,33.5847,32.6643,428,41764,0.291742,0.13,1,4242382,4241954,428
310047941,38.2943,37.2401,426,42065,0.291078,0.11,1,4242570,4242144,426
310068381,35.5532,34.4617,434,42415,0.42048,0.33,1,4242783,4242349,434
310071301,35.2213,33.5847,436,42465,0.426192,0.33,1,4242818,4242382,436
310080061,22.3182,21.9734,437,42615,0.428316,0.29,1,4242892,4242455,437
310082981,22.1273,22.5894,436,42665,0.417327,0.33,1,4242914,4242478,436
310091741,42.6481,41.7177,437,42812,0.449349,0.35,1,4243051,4242614,437
310094661,31.4593,31.0871,437,42861,0.43774,0.37,1,4243075,4242638,437
310167661,44.8254,21.9973,508,44075,0.760884,0.57,2,4243863,4243355,508
310170581,39.5302,44.1989,485,44123,0.766353,0.63,2,4243899,4243414,485
310173501,42.8121,38.6796,495,44171,0.780541,0.61,2,4243944,4243449,495
310176421,32.7248,41.8718,477,44219,0.798217,0.59,2,4243970,4243493,477
310179341,31.6899,31.7487,483,44267,0.793287,0.65,2,4244001,4243518,483
310182261,13.876,30.6995,455,44315,0.791315,0.65,2,4244003,4243548,455
310185181,25.9504,13.4798,487,44363,0.790526,0.63,2,4244037,4243550,487
310196861,29.5315,37.2331,460,44552,0.946685,0.73,2,4244167,4243707,460
310354541,33.9243,35.4059,509,47039,0.9196,1,2,4245893,4245384,509
310485941,32.9549,33.7143,525,49014,0.908316,1,2,4247271,4246746,525
310544341,167.912,177.637,471,22724,0.207429,0.33,1,4247907,4247436,471
310553101,65.2744,65.8728,454,23003,0.0879154,0.07,1,4248079,4247625,454
310561861,37.7536,50.2479,430,23278,0.0951466,0.05,1,4248233,4247803,430
310596901,56.855,58.0943,430,24348,0.235863,0.17,1,4248933,4248503,430
310599821,52.142,52.6377,430,24435,0.244345,0.15,1,4248982,4248552,430
310602741,79.0568,79.8551,429,24522,0.295738,0.15,1,4249079,4248650,429
310611501,68.1076,66.3587,432,24780,0.403647,0.17,1,4249192,4248760,432
310652381,38.638,82.1583,459,25952,0.756002,0.65,2,4249976,4249517,459
310655301,16.6552,37.6633,453,26034,0.764401,0.61,2,4249978,4249525,453
310664061,53.0979,74.6025,492,26277,0.906922,0.69,2,4250205,4249713,492
310666981,60.2392,52.041,520,26358,0.944769,0.69,2,4250270,4249750,520
310772101,35.8998,36.6881,505,29109,0.934,1,2,4252157,4251652,505
310789621,73.8593,50.8371,557,29543,0.0854161,1,1,4252524,4251967,557
310792541,51.1437,74.9349,502,29615,0.0641664,1,1,4252560,4252058,502
310795461,43.2575,53.3739,501,29686,0.0556666,1,1,4252598,4252097,501
310798381,35.303,35.7496,507,29757,0.0522666,0.89,1,4252628,4252121,507
310801301,29.7212,35.8998,497,29828,0.0509066,1,1,4252654,4252157,497
310804221,13.0885,34.7599,465,29899,0.0503627,0.49,1,4252656,4252191,465
310807141,70.0354,89.504,447,29970,0.0861451,0.35,1,4252764,4252317,447
310810061,45.4142,56.8016,441,30041,0.076458,0.23,1,4252793,4252352,441
310812981,34.9657,46.1206,430,30111,0.0845832,0.11,1,4252821,4252391,430
310815901,31.9863,40.6483,423,30181,0.0998333,0.01,1,4252851,4252428,423
310818821,69.7945,73.8593,422,30251,0.0459333,0.05,1,4252946,4252524,422
310821741,50.1178,51.1437,423,30321,0.0483733,0.05,1,4252983,4252560,423
310824661,42.8471,43.2575,423,30391,0.0733493,0.05,1,4253021,4252598,423
310827581,36.3388,35.303,425,30461,0.0953397,0.05,1,4253053,4252628,425
310845101,32.9204,31.9863,427,30875,0.200898,0.01,1,4253278,4252851,427
310853861,43.5069,42.8471,425,31080,0.0759775,0.11,1,4253446,4253021,425
310856781,37.8028,36.3388,427,31148,0.072391,0.13,1,4253480,4253053,427
310859701,31.3211,29.5355,429,31216,0.0949564,0.13,1,4253507,4253078,429
310877221,64.1591,32.7205,515,31620,0.212505,0.17,1,4253793,4253278,515
310880141,48.4637,67.0882,463,31687,0.235002,0.07,1,4253831,4253368,463
310883061,40.9855,50.2353,460,31754,0.244001,0.05,1,4253867,4253407,460
310885981,39.1942,43.4941,459,31821,0.2476,0.07,1,4253905,4253446,459
310888901,31.2777,37.7976,451,31887,0.29704,0.11,1,4253931,4253480,451
310894741,71.4844,13.7276,534,32019,0.401526,0.15,1,4254043,4253509,534
310897661,48.3938,69.0911,461,32085,0.418611,0.19,1,4254076,4253615,461
310900581,37.3575,46.2364,460,32151,0.449444,0.19,1,4254106,4253646,460
310903501,34.743,36.4946,463,32217,0.449778,0.19,1,4254139,4253676,463
310918101,33.4863,39.1942,464,32544,0.442068,0.33,1,4254369,4253905,464
310921021,14.5945,31.2777,440,32609,0.434827,0.35,1,4254371,4253931,440
310923941,74.8378,13.7111,553,32674,0.443931,0.45,1,4254486,4253933,553
310926861,49.7351,71.4844,476,32739,0.435572,0.43,1,4254519,4254043,476
310929781,21.094,48.3938,445,32804,0.432229,0.47,1,4254521,4254076,445
310979421,39.5143,39.3254,446,33883,0.781202,0.55,2,4255230,4254784,446
310991101,51.5172,49.9139,452,34131,0.915151,0.65,2,4255415,4254963,452
310994021,21.8069,21.1656,452,34193,0.93606,0.63,2,4255417,4254965,452
310996941,27.9227,27.0662,453,34255,0.920424,0.63,2,4255449,4254996,453
310999861,30.3691,10.8265,485,34317,0.92617,0.69,2,4255481,4254996,485
311218861,24.9227,32.8258,500,38665,0.9268,1,2,4258527,4258027,500
311253901,34.2693,42.8068,472,39315,0.410978,0.91,1,4258986,4258514,472
311271421,36.7112,41.516,451,39636,0.295511,0.53,1,4259181,4258730,451
311274341,54.8845,56.2064,452,39689,0.292204,0.51,1,4259248,4258796,452
311277261,41.1538,44.0826,448,39742,0.278882,0.51,1,4259280,4258832,448
311280181,26.6615,30.833,443,39795,0.285553,0.41,1,4259297,4258854,443
311283101,23.8646,27.3332,440,39848,0.264221,0.49,1,4259319,4258879,440
311309381,34.294,47.9845,460,40323,0.401722,0.29,1,4259612,4259152,460
311312301,55.7176,36.5938,501,40375,0.430689,0.29,1,4259682,4259181,501
311417421,37.8572,37.3946,448,42215,0.764754,0.53,2,4260845,4260397,448
311420341,16.3429,16.1578,448,42265,0.779902,0.57,2,4260847,4260399,448
311423261,17.3371,17.2631,448,42315,0.785961,0.59,2,4260865,4260417,448
311440781,23.1788,22.115,456,42615,0.903402,0.73,2,4261103,4260647,456
311554661,30.5888,37.2349,511,44505,0.944656,1,2,4262401,4261890,511
311557581,38.6355,56.294,486,44552,0.929862,1,2,4262445,4261959,486
311566341,26.1607,26.6428,495,44693,0.753831,1,2,4262541,4262046,495
311580941,29.3223,29.7419,486,44928,0.401175,1,1,4262698,4262212,486
311586781,26.2916,28.9987,484,45022,0.298188,0.99,1,4262758,4262274,484
311598461,23.3579,30.5888,467,45210,0.0675856,0.92,1,4262868,4262401,467
311601381,35.1431,38.6355,466,45257,0.0570342,0.87,1,4262911,4262445,466
311604301,36.8573,41.2542,461,45304,0.0528137,0.77,1,4262949,4262488,461
311607221,33.3429,36.9017,458,45351,0.0511255,0.71,1,4262980,4262522,458
311610141,22.9372,26.1607,455,45398,0.0504502,0.65,1,4262996,4262541,455
311613061,27.1749,31.4643,450,45444,0.0501801,0.53,1,4263026,4262576,450
311615981,30.0699,31.7857,450,45490,0.062072,0.57,1,4263058,4262608,450
311645181,34.6225,35.1431,422,45950,0.215755,0.05,1,4263333,4262911,422
311648101,36.049,14.0573,459,45996,0.212302,0.05,1,4263370,4262911,459
311653941,22.8078,29.9692,437,46088,0.217568,0.05,1,4263417,4262980,437
311656861,27.7231,21.5877,452,46134,0.213027,0.05,1,4263448,4262996,452
311659781,31.4893,26.6351,456,46180,0.271211,0.07,1,4263482,4263026,456
311662701,32.3957,29.854,457,46226,0.282484,0.13,1,4263515,4263058,457
311688981,35.6828,22.0563,473,46634,0.416022,0.23,1,4263763,4263290,473
311691901,37.0731,34.6225,468,46679,0.436409,0.21,1,4263801,4263333,468
311703581,33.2771,27.7231,470,46859,0.443028,0.31,1,4263918,4263448,470
311706501,33.1108,31.4893,469,46904,0.423211,0.29,1,4263951,4263482,469
311709421,27.0443,32.3957,459,46949,0.403284,0.33,1,4263974,4263515,459
311715261,31.6871,24.6233,474,47039,0.416126,0.37,1,4264034,4263560,474
311718181,24.6748,30.8493,459,47084,0.42445,0.37,1,4264054,4263595,459
311721101,21.8699,24.3397,459,47129,0.42778,0.37,1,4264074,4263615,459
311724021,30.348,21.7359,475,47174,0.441112,0.37,1,4264110,4263635,475
311726941,28.9392,30.2944,467,47219,0.446445,0.35,1,4264138,4263671,467
311729861,23.5757,29.5177,458,47264,0.448578,0.37,1,4264158,4263700,458
311732781,38.2303,23.2071,487,47309,0.401431,0.45,1,4264206,4263719,487
311735701,38.0921,35.6828,481,47354,0.406572,0.45,1,4264244,4263763,481
311738621,16.4368,37.0731,445,47399,0.408629,0.49,1,4264246,4263801,445
311741541,25.1747,32.8293,446,47443,0.445452,0.49,1,4264277,4263831,446
311744461,19.6699,22.7317,446,47487,0.436181,0.45,1,4264293,4263847,446
311808701,34.4046,32.7125,451,48455,0.765298,0.59,2,4264928,4264477,451
311837901,19.8007,10.1247,468,48885,0.905659,0.67,2,4265188,4264720,468
311840821,28.9203,13.6499,487,48928,0.944264,0.67,2,4265223,4264736,487
312070041,165.934,201.129,470,23360,0.43,1,1,4267888,4267418,470
312105081,179.774,186.652,482,23360,0.226,1,1,4268077,4267595,482
312108001,107.909,98.0606,503,24178,0.0964,0.98,1,4268137,4267634,503
312110921,84.5638,80.0243,504,24266,0.08056,0.63,1,4268206,4267702,504
312113841,50.6255,71.0097,467,24353,0.098224,0.49,1,4268234,4267767,467
312116761,40.6502,51.2039,463,24440,0.0812896,0.45,1,4268268,4267805,463
312119681,37.8601,40.2816,466,24527,0.0865158,0.27,1,4268304,4267838,466
312125521,62.5776,71.845,441,24699,0.0678425,0.03,1,4268418,4267977,441
312128441,73.631,61.738,467,24785,0.057137,0.01,1,4268499,4268032,467
312131361,67.2524,87.6952,425,24871,0.0408548,0.07,1,4268562,4268137,425
312134281,68.901,76.4781,426,24956,0.0343419,0.11,1,4268632,4268206,426
312137201,44.9604,47.3912,427,25041,0.0557368,0.07,1,4268661,4268234,427
312140121,37.1842,39.3565,425,25126,0.0522947,0.09,1,4268693,4268268,425
312143041,38.8737,37.3426,429,25210,0.0509179,0.15,1,4268733,4268304,429
312145961,35.3495,34.737,429,25294,0.0743672,0.03,1,4268766,4268337,429
312151801,75.0159,73.5979,427,25461,0.0826987,0.05,1,4268926,4268499,427
312154721,64.8064,29.4392,485,25544,0.0510795,0.03,1,4268984,4268499,485
312157641,67.3225,49.5757,491,25627,0.0744318,0.03,1,4269053,4268562,491
312160561,44.929,61.8303,451,25710,0.0597727,0.07,1,4269083,4268632,451
312163481,36.5716,42.1321,453,25792,0.0779091,0.05,1,4269114,4268661,453
312172241,61.0926,35.1685,501,26038,0.208266,0.17,1,4269267,4268766,501
312189761,41.6228,36.5709,470,26522,0.222865,0.13,1,4269584,4269114,470
312192681,37.0491,39.8283,462,26602,0.239146,0.17,1,4269618,4269156,462
312195601,64.0196,35.7313,511,26682,0.209658,0.25,1,4269700,4269189,511
312213121,36.7011,38.0569,433,27154,0.249612,0.25,1,4269973,4269540,433
312216041,41.6805,41.6228,434,27232,0.273845,0.25,1,4270018,4269584,434
312218961,37.0722,37.0491,434,27310,0.295538,0.19,1,4270052,4269618,434
312233561,54.8059,53.8821,430,27696,0.421039,0.21,1,4270337,4269907,430
312274441,64.9086,37.1228,527,28747,0.76833,0.53,2,4271014,4270487,527
312283201,28.4902,65.0159,455,28967,0.910053,0.65,2,4271158,4270703,455
312286121,55.7961,27.2063,527,29040,0.934021,0.67,2,4271232,4270705,527
312289041,45.1184,55.8825,490,29113,0.919609,0.65,2,4271270,4270780,490
312291961,39.6474,44.553,489,29186,0.913843,0.63,2,4271306,4270817,489
312294881,43.4589,38.8212,500,29259,0.923537,0.69,2,4271352,4270852,500
312426281,48.346,69.206,510,32353,0.290435,1,1,4273548,4273038,510
312432121,42.6554,53.433,518,32483,0.0596696,1,1,4273644,4273126,518
312435041,34.4621,42.3732,512,32548,0.0778679,1,1,4273673,4273161,512
312437961,31.7849,35.5493,511,32613,0.0611471,1,1,4273703,4273192,511
312440881,31.3139,32.8197,511,32678,0.0424589,1,1,4273734,4273223,511
312443801,26.3256,31.7279,503,32743,0.0469835,0.97,1,4273757,4273254,503
312446721,11.7302,28.8912,478,32808,0.0487934,0.79,1,4273759,4273281,478
312449641,50.2921,69.1565,458,32872,0.0375174,0.61,1,4273835,4273377,458
312452561,51.9168,63.6626,451,32936,0.0450069,0.31,1,4273888,4273437,451
312455481,54.9667,72.865,429,33000,0.0600028,0.17,1,4273945,4273516,429
312458401,38.7867,48.346,425,33064,0.0660011,0.03,1,4273973,4273548,425
312461321,55.1147,57.1384,428,33128,0.0564004,0.01,1,4274039,4273611,428
312464241,38.2459,42.6554,422,33192,0.0525602,0.09,1,4274066,4273644,422
312467161,35.0983,34.4621,426,33256,0.0510241,0.05,1,4274099,4273673,426
312470081,29.6393,31.7849,422,33320,0.0504096,0.03,1,4274125,4273703,422
312473001,31.0557,31.3139,423,33383,0.0501639,0.05,1,4274157,4273734,423
312475921,26.2223,26.3256,423,33446,0.0380655,0.05,1,4274180,4273757,423
312478841,11.6889,11.7302,423,33509,0.0332262,0.03,1,4274182,4273759,423
312481761,49.6756,50.2921,422,33572,0.0312905,0.05,1,4274257,4273835,422
312484681,54.0702,51.9168,426,33635,0.0425162,0.07,1,4274314,4273888,426
312487601,55.2281,54.9667,425,33698,0.0950065,0.07,1,4274370,4273945,425
312490521,37.6912,38.7867,423,33761,0.0920026,0.05,1,4274396,4273973,423
312493441,55.8765,55.1147,425,33824,0.078801,0.05,1,4274464,4274039,425
312499281,33.7802,35.0983,422,33949,0.0858082,0.05,1,4274521,4274099,422
312502201,29.1121,29.6393,422,34011,0.0643233,0.05,1,4274547,4274125,422
312505121,30.8448,31.0557,422,34073,0.0557293,0.03,1,4274579,4274157,422
312508041,26.7379,26.2223,423,34135,0.0282917,0.03,1,4274603,4274180,423
312510961,11.8952,11.6889,423,34197,0.0173167,0.03,1,4274605,4274182,423
312513881,49.7581,49.6756,423,34259,0.0249267,0.03,1,4274680,4274257,423
312516801,54.7032,19.8702,481,34321,0.0279707,0.05,1,4274738,4274257,481
312519721,56.0813,42.1481,481,34383,0.0531883,0.13,1,4274795,4274314,481
312522641,38.0325,50.4592,451,34444,0.0992753,0.09,1,4274821,4274370,451
312592721,55.2051,56.8916,431,35887,0.286501,0.17,1,4275748,4275317,431
312613161,51.4175,49.8147,431,36298,0.404186,0.17,1,4275959,4275528,431
312616081,55.367,55.3259,430,36356,0.419674,0.17,1,4276017,4275587,430
312619001,23.3468,23.3304,430,36414,0.44987,0.21,1,4276019,4275589,430
312668641,30.6934,38.4874,470,37389,0.753842,0.51,2,4276683,4276213,470
312671561,26.6774,29.795,470,37446,0.763537,0.55,2,4276707,4276237,470
312674481,31.0709,26.318,480,37502,0.767415,0.55,2,4276741,4276261,480
312677401,27.4284,29.7272,473,37558,0.780966,0.61,2,4276766,4276293,473
312680321,12.1714,26.2909,451,37614,0.786386,0.57,2,4276768,4276317,451
312700761,42.2608,58.3336,487,38006,0.948485,0.75,2,4277117,4276630,487
312729961,40.2046,48.7004,499,38558,0.938967,0.89,2,4277479,4276980,499
312840921,38.9238,41.7493,511,40586,0.903998,1,2,4278872,4278361,511
312843841,39.5695,37.0997,517,40638,0.943599,1,2,4278912,4278395,517
312870121,45.6477,25.7097,541,41104,0.272486,1,1,4279222,4278681,541
312873041,45.8591,45.6839,528,41155,0.210994,1,1,4279268,4278740,528
312878881,37.4575,40.3094,507,41257,0.0757591,0.84,1,4279341,4278834,507
312881801,37.783,38.9238,507,41308,0.0483036,0.97,1,4279379,4278872,507
312884721,49.3132,39.5695,524,41359,0.0253215,0.75,1,4279436,4278912,524
312887641,34.7253,53.6278,486,41410,0.0401286,0.67,1,4279461,4278975,486
312890561,22.2901,37.0511,474,41461,0.0580514,0.69,1,4279475,4279001,474
312893481,25.716,28.6204,479,41512,0.0412206,0.63,1,4279503,4279024,479
312896401,11.4864,31.8482,447,41563,0.0164882,0.49,1,4279505,4279058,447
312899321,16.5946,27.7393,442,41614,0.0845953,0.43,1,4279525,4279083,442
312902241,19.8378,25.4957,440,41665,0.0518381,0.33,1,4279547,4279107,440
312905161,21.1351,25.7983,436,41716,0.0267352,0.35,1,4279569,4279133,436
312908081,28.2541,30.1193,436,41767,0.0526941,0.21,1,4279602,4279166,436
312922681,37.1495,37.783,423,42018,0.0622388,0.01,1,4279802,4279379,423
312925601,49.6598,49.3132,424,42068,0.0308955,0.05,1,4279860,4279436,424
312928521,35.4639,34.7253,425,42118,0.0543582,0.07,1,4279886,4279461,425
312931441,21.3856,22.2901,423,42168,0.0757433,0.03,1,4279898,4279475,423
312934361,25.9542,25.716,424,42218,0.0722973,0,1,4279927,4279503,424
312937281,11.5817,11.4864,424,42268,0.0709189,0.13,1,4279929,4279505,424
312940201,16.0327,16.5946,423,42318,0.0583676,0.03,1,4279948,4279525,423
312943121,19.6131,19.8378,423,42368,0.065347,0.01,1,4279970,4279547,423
312946041,20.4452,21.1351,422,42418,0.0321388,0.07,1,4279991,4279569,422
312948961,30.3781,28.2541,426,42468,0.0428555,0.17,1,4280028,4279602,426
312951881,45.1512,41.9016,430,42518,0.0831422,0.17,1,4280083,4279653,430
312954801,42.0605,41.9606,428,42568,0.0992569,0.21,1,4280123,4279695,428
312969401,36.9865,35.4639,426,42815,0.0713556,0.09,1,4280312,4279886,426
312972321,20.7946,21.3856,424,42864,0.0585422,0.07,1,4280322,4279898,424
312975241,25.1178,25.9542,423,42913,0.0894169,0.07,1,4280350,4279927,423
312984001,19.3195,6.41307,444,43060,0.0846827,0.07,1,4280392,4279948,444
312986921,19.7278,15.7652,442,43109,0.0758731,0.01,1,4280412,4279970,442
312989841,31.2911,18.9061,460,43158,0.0603492,0.05,1,4280451,4279991,460
312992761,47.3165,29.7624,481,43207,0.0421397,0.11,1,4280509,4280028,481
312995681,43.5266,44.905,467,43256,0.0708559,0.11,1,4280550,4280083,467
312998601,39.0106,41.962,463,43305,0.0703423,0.17,1,4280586,4280123,463
313001521,36.0043,37.1848,463,43354,0.0821369,0.17,1,4280620,4280157,463
313004441,32.4017,35.2739,459,43403,0.0868548,0.15,1,4280650,4280191,459
313036561,45.0868,47.3165,467,43934,0.213826,0.09,1,4280976,4280509,467
313039481,38.4347,43.5266,460,43982,0.235531,0.07,1,4281010,4280550,460
313042401,36.3739,39.0106,459,44030,0.268212,0.09,1,4281045,4280586,459
313045321,32.5496,36.0043,455,44078,0.281285,0.09,1,4281075,4280620,455
313048241,47.8198,32.4017,483,44126,0.298514,0.15,1,4281133,4280650,483
313083281,38.8368,38.4347,434,44696,0.430224,0.29,1,4281444,4281010,434
313135841,49.4986,48.2776,449,45538,0.785357,0.57,2,4282019,4281570,449
313179641,49.9254,35.2242,518,46228,0.903754,0.81,2,4282478,4281960,518
313182561,39.7702,49.4897,492,46274,0.907502,0.81,2,4282511,4282019,492
313185481,23.1081,38.9959,472,46320,0.909001,0.81,2,4282523,4282051,472
313188401,26.6432,22.1984,490,46366,0.9216,0.87,2,4282552,4282062,490
313191321,11.8573,25.6793,464,46411,0.92664,0.87,2,4282554,4282090,464
313194241,15.5429,11.4717,480,46456,0.928656,0.87,2,4282572,4282092,480
313197161,19.4172,15.3887,484,46501,0.929462,0.87,2,4282594,4282110,484
313200081,19.7669,19.3555,482,46546,0.929785,0.87,2,4282614,4282132,482
313203001,9.10675,19.7422,464,46591,0.929914,0.83,2,4282616,4282152,464
313205921,28.8427,9.09688,504,46636,0.941966,0.83,2,4282658,4282154,504
313208841,46.9371,28.8388,521,46681,0.946786,0.83,2,4282717,4282196,521
313385501,191.419,221.996,467,21900,0.4492,1,1,4284690,4284223,467
313388421,119.168,104.398,512,22724,0.26968,1,1,4284761,4284249,512
313408861,78.566,55.8588,500,23369,0.218335,0.15,1,4285190,4284690,500
313411781,92.0264,64.9435,530,23460,0.225334,0.09,1,4285291,4284761,530
313423461,33.6135,43.4562,454,23819,0.423129,0.11,1,4285472,4285018,454
313426381,38.6454,32.9825,470,23908,0.439251,0.21,1,4285514,4285044,470
313429301,16.6582,37.193,432,23997,0.445701,0.25,1,4285516,4285084,432
313458501,91.2966,90.3853,446,24866,0.78133,0.63,2,4286173,4285727,446
313461421,80.3186,76.3541,452,24951,0.798532,0.65,2,4286246,4285794,452
313502301,76.4921,17.4094,577,26115,0.923402,0.89,2,4286991,4286414,577
313592821,46.3871,46.9304,521,28521,0.916,1,2,4288726,4288205,521
313595741,37.7548,37.9722,521,28595,0.9484,1,2,4288758,4288237,521
313598661,36.7019,29.5889,533,28669,0.90136,1,2,4288794,4288261,533
313604501,53.6323,37.3742,548,28817,0.793418,1,2,4288894,4288346,548
313616181,47.4338,52.912,510,29109,0.252679,1,1,4289150,4288640,510
313619101,45.9735,43.9648,517,29182,0.203072,0.86,1,4289195,4288678,517
313639541,45.2188,83.4612,462,29686,0.212759,0.27,1,4289539,4289077,462
313642461,44.4875,49.5845,479,29757,0.223104,0.19,1,4289583,4289104,479
313645381,42.395,47.4338,474,29828,0.263241,0.17,1,4289624,4289150,474
313648301,18.158,45.9735,431,29899,0.279297,0.17,1,4289626,4289195,431
313651221,25.2632,38.1894,428,29970,0.285719,0.13,1,4289656,4289228,428
313654141,28.1053,33.2758,428,30041,0.276287,0.11,1,4289686,4289258,428
313657061,31.0421,33.1103,428,30111,0.284515,0.15,1,4289719,4289291,428
313662901,70.6067,69.6177,432,30251,0.416322,0.19,1,4289865,4289433,432
313665821,78.0427,77.0471,433,30321,0.436529,0.23,1,4289948,4289515,433
313730061,45.5106,48.0905,493,31821,0.76919,0.61,2,4290912,4290419,493
313732981,44.0042,45.6362,492,31887,0.781676,0.61,2,4290955,4290463,492
313747581,54.8461,31.7652,522,32217,0.901313,0.67,2,4291124,4290602,522
313855621,44.8738,50.5118,531,34563,0.934,1,2,4292816,4292285,531
313881901,90.0227,69.6534,575,35110,0.933884,1,2,4293210,4292635,575
313887741,50.6436,58.1845,512,35230,0.928222,0.89,2,4293292,4292780,512
313916941,86.191,90.0227,472,35825,0.917974,0.97,2,4293682,4293210,472
313919861,52.4764,57.6091,466,35884,0.93719,0.91,2,4293712,4293246,466
314080461,37.4416,32.8683,497,38991,0.946,1,2,4295854,4295357,497
314092141,29.4417,29.1134,522,39207,0.938666,1,2,4295971,4295449,522
314106741,36.7412,37.9359,486,39477,0.425282,1,1,4296186,4295700,486
314109661,37.4965,36.7744,488,39530,0.284113,1,1,4296224,4295736,488
314118421,31.0798,37.4416,470,39689,0.0597032,0.97,1,4296324,4295854,470
314121341,24.4319,28.7766,467,39742,0.0238813,0.95,1,4296344,4295877,467
314124261,28.3728,32.5106,463,39795,0.00955251,1,1,4296375,4295912,463
314127181,32.9491,31.6043,468,39848,0.00982101,0.91,1,4296411,4295943,468
314130101,24.5796,29.4417,459,39901,0.0099284,0.79,1,4296430,4295971,459
314133021,44.6319,49.5767,454,39954,0.00997136,0.59,1,4296488,4296034,454
314135941,43.0527,46.8307,451,40007,0.00998854,0.53,1,4296530,4296079,451
314138861,35.2211,39.1323,447,40060,0.0339954,0.53,1,4296560,4296113,447
314141781,32.0884,15.6529,477,40113,0.0315982,0.45,1,4296590,4296113,477
314144701,30.8354,28.4612,470,40166,0.0426393,0.37,1,4296620,4296150,470
314147621,29.1342,32.9845,462,40219,0.0830557,0.19,1,4296648,4296186,462
314150541,35.6537,35.9938,464,40271,0.0992223,0.07,1,4296688,4296224,464
314153461,32.8615,38.3975,455,40323,0.0396889,0.07,1,4296719,4296264,455
314156381,28.7446,33.959,450,40375,0.0458756,0.03,1,4296745,4296295,450
314159301,23.4978,30.9836,441,40427,0.0183502,0,1,4296765,4296324,441
314162221,27.9991,24.3934,452,40479,0.0133401,0,1,4296796,4296344,452
314165141,33.3997,28.3574,458,40531,0.023336,0.01,1,4296833,4296375,458
314168061,24.1599,32.943,440,40583,0.0273344,0.01,1,4296851,4296411,440
314170981,44.4639,24.5772,479,40635,0.0169338,0.01,1,4296909,4296430,479
314173901,42.9856,44.6309,463,40687,0.0607735,0.01,1,4296951,4296488,463
314176821,35.7942,43.0523,452,40739,0.0783094,0.05,1,4296982,4296530,452
314185581,28.6908,30.8353,451,40895,0.252452,0.11,1,4297071,4296620,451
314188501,36.0763,29.1341,464,40947,0.262981,0.11,1,4297112,4296648,464
314191421,31.8305,35.6537,453,40999,0.231192,0,1,4297141,4296688,453
314194341,27.7322,32.8615,447,41050,0.218477,0.05,1,4297166,4296719,447
314203101,32.8309,27.9991,458,41203,0.0819025,0.03,1,4297254,4296796,458
314206021,24.5323,33.3997,440,41254,0.050761,0.03,1,4297273,4296833,440
314208941,46.4129,24.1599,483,41305,0.0263044,0.01,1,4297334,4296851,483
314211861,43.7652,44.4639,467,41356,0.0285218,0.09,1,4297376,4296909,467
314214781,38.5061,42.9856,460,41407,0.0294087,0.09,1,4297411,4296951,460
314217701,34.0024,35.7942,460,41458,0.0297635,0.19,1,4297442,4296982,460
314220621,34.601,32.3177,465,41509,0.0299054,0.23,1,4297477,4297012,465
314223541,15.0404,32.7271,434,41560,0.0299622,0.29,1,4297479,4297045,434
314226461,21.6162,28.6908,434,41611,0.0419849,0.27,1,4297505,4297071,434
314238141,21.5582,23.6929,430,41815,0.200803,0.19,1,4297617,4297187,430
314249821,45.8591,46.4129,423,42015,0.0551566,0.03,1,4297757,4297334,423
314252741,43.5436,43.7652,423,42065,0.0520626,0.03,1,4297799,4297376,423
314255661,37.8175,38.5061,422,42115,0.038825,0.03,1,4297833,4297411,422
314258581,34.927,34.0024,424,42165,0.03353,0.03,1,4297866,4297442,424
314261501,34.9708,34.601,424,42215,0.067412,0.03,1,4297901,4297477,424
314264421,15.1883,15.0404,424,42265,0.0809648,0.05,1,4297903,4297479,424
314267341,22.8753,21.6162,426,42315,0.0863859,0.17,1,4297931,4297505,426
314296541,36.9549,37.8175,422,42812,0.0868033,0.03,1,4298255,4297833,422
314299461,35.1819,34.927,423,42861,0.0407213,0.09,1,4298289,4297866,423
314302381,35.6728,34.9708,424,42910,0.0942885,0.09,1,4298325,4297901,424
314305301,15.4691,15.1883,424,42959,0.0917154,0.09,1,4298327,4297903,424
314314061,31.518,30.0601,454,43106,0.20579,0.11,1,4298429,4297975,454
314316981,28.8072,28.824,453,43155,0.208316,0.15,1,4298456,4298003,453
314319901,22.3229,27.1296,445,43204,0.209326,0.15,1,4298474,4298029,445
314322821,26.3292,22.2518,455,43253,0.245731,0.15,1,4298503,4298048,455
314325741,27.3317,25.7007,455,43302,0.248292,0.15,1,4298531,4298076,455
314328661,21.7327,27.6803,444,43351,0.249317,0.13,1,4298549,4298105,444
314331581,41.0931,21.2721,481,43400,0.261727,0.15,1,4298603,4298122,481
314334501,41.6372,42.7088,466,43449,0.278691,0.09,1,4298645,4298179,466
314337421,35.8549,42.8835,455,43498,0.285476,0.07,1,4298677,4298222,455
314340341,34.742,36.9534,456,43547,0.264191,0.01,1,4298711,4298255,456
314343261,37.2968,35.1814,461,43595,0.279676,0.13,1,4298750,4298289,461
314346181,16.1187,35.6725,427,43643,0.28587,0.09,1,4298752,4298325,427
314354941,33.5276,36.795,460,43787,0.413576,0.23,1,4298861,4298401,460
314454221,29.3403,28.6788,451,45398,0.755306,0.59,2,4299863,4299412,451
314460061,44.4144,41.9086,455,45490,0.794049,0.73,2,4299940,4299485,455
314498021,29.5564,23.2443,489,46088,0.939498,0.77,2,4300320,4299831,489
314500941,23.2226,28.4977,476,46134,0.945799,0.73,2,4300339,4299863,476
314620661,27.6727,20.1615,501,47971,0.948986,1,2,4301651,4301150,501
314641101,31.504,44.1956,486,48279,0.933148,1,2,4301838,4301352,486
314644021,48.0016,47.6782,495,48323,0.931259,1,2,4301897,4301402,495
314649861,33.7203,32.7085,499,48411,0.935002,1,2,4301962,4301463,499
314655701,32.3952,31.1534,493,48498,0.9404,1,2,4302022,4301529,493
314661541,31.3432,38.7045,484,48584,0.917264,0.79,2,4302083,4301599,484
314684901,22.7384,19.6599,491,48928,0.919114,0.97,2,4302271,4301780,491
314687821,30.6954,20.464,506,48971,0.913646,0.91,2,4302307,4301801,506
314874701,326.156,343.379,485,23360,0.418,0.49,1,4304600,4304115,485
314884921,212.662,242.352,447,23360,0.2452,0.35,1,4304737,4304290,447
314921421,93.666,106.096,424,23360,0.064432,0.05,1,4304867,4304443,424
314924341,93.2664,56.2385,494,24178,0.0557728,0.07,1,4304960,4304466,494
314927261,52.9066,70.4954,440,24266,0.0223091,0.01,1,4304986,4304546,440
314930181,27.1626,38.9982,432,24353,0.0269236,0.01,1,4304996,4304564,432
314933101,29.465,28.7993,441,24440,0.0407695,0.05,1,4305027,4304586,441
314936021,53.786,53.5197,441,24527,0.0583078,0.11,1,4305097,4304656,441
314938941,61.7144,41.2079,475,24613,0.0893231,0.07,1,4305164,4304689,475
314950621,48.3271,58.4821,423,24956,0.0415507,0.03,1,4305409,4304986,423
314953541,25.3308,29.3928,423,25041,0.0226203,0.05,1,4305419,4304996,423
314956461,29.3323,30.3571,424,25126,0.0150481,0.07,1,4305451,4305027,424
314959381,54.3329,54.1429,425,25210,0.0600192,0.11,1,4305522,4305097,425
314962301,63.1332,61.8571,427,25294,0.0780077,0.11,1,4305591,4305164,427
314965221,55.2533,53.5429,429,25378,0.0732031,0.19,1,4305641,4305212,429
314979821,28.9856,22.6897,453,25792,0.0598184,0.01,1,4305872,4305419,453
314982741,55.3943,28.2759,494,25874,0.0419274,0.09,1,4305945,4305451,494
314985661,64.1577,53.9104,493,25956,0.0227709,0.09,1,4306015,4305522,493
314988581,55.6631,62.9641,474,26038,0.0391084,0.07,1,4306065,4305591,474
314991501,70.2652,55.1857,504,26119,0.0936434,0.13,1,4306145,4305641,504
315000261,23.025,46.1559,433,26362,0.229433,0.09,1,4306263,4305830,433
315003181,27.81,24.4624,454,26442,0.241773,0.03,1,4306294,4305840,454
315006101,54.924,28.9849,495,26522,0.234709,0.03,1,4306367,4305872,495
315009021,64.5696,55.394,493,26602,0.255884,0.01,1,4306438,4305945,493
315011941,55.8278,64.1576,473,26682,0.276353,0.05,1,4306488,4306015,473
315014861,72.7311,55.663,507,26761,0.296541,0.13,1,4306572,4306065,507
315023621,27.7668,45.5624,434,26998,0.441619,0.25,1,4306689,4306255,434
315026541,15.9067,23.025,434,27076,0.434647,0.25,1,4306697,4306263,434
315029461,24.9627,27.81,434,27154,0.443859,0.23,1,4306728,4306294,434
315032381,53.1851,54.924,433,27232,0.423544,0.27,1,4306800,4306367,433
315084941,54.267,21.7055,525,28599,0.761661,0.65,2,4307695,4307170,525
315087861,67.9068,52.4822,529,28673,0.778664,0.71,2,4307772,4307243,529
315090781,58.3627,65.9929,506,28747,0.785466,0.65,2,4307824,4307318,506
315093701,75.5451,58.1971,540,28821,0.788186,0.67,2,4307911,4307371,540
315225101,25.2984,22.4913,532,31957,0.946,1,2,4310055,4309523,532
315228021,18.5194,30.5965,510,32023,0.9304,1,2,4310069,4309559,510
315236781,51.0572,68.8702,517,32221,0.939146,1,2,4310245,4309728,517
315239701,93.0229,63.5481,578,32287,0.789658,1,2,4310366,4309788,578
315289341,16.5333,15.9023,452,33383,0.758093,0.59,2,4310996,4310544,452
315292261,25.2133,24.3609,453,33446,0.753237,0.67,2,4311027,4310574,453
315295181,19.6853,20.5444,451,33509,0.751295,0.65,2,4311043,4310592,451
315298101,64.8741,63.4177,454,33572,0.774518,0.73,2,4311138,4310684,454
315330221,65.7886,64.8741,461,34259,0.914415,0.79,2,4311599,4311138,461
315333141,48.5155,25.9497,498,34321,0.947766,0.87,2,4311636,4311138,498
315473301,74.5624,79.6539,487,37161,0.943696,1,2,4313682,4313195,487
315476221,50.8249,31.8616,522,37218,0.947478,1,2,4313717,4313195,522
315482061,41.852,46.9778,515,37332,0.750396,1,2,4313802,4313287,515
315508341,71.9115,37.9039,568,37838,0.444113,0.91,1,4314151,4313583,568
315511261,48.5646,74.5615,502,37894,0.435645,0.95,1,4314184,4313682,502
315514181,45.2258,50.8246,510,37950,0.444258,0.77,1,4314227,4313717,510
315537541,37.851,33.4917,487,38393,0.443123,0.49,1,4314461,4313974,487
315572581,28.037,28.6276,443,39048,0.762463,0.43,2,4314860,4314417,443
315575501,38.8148,37.851,445,39102,0.766985,0.49,2,4314906,4314461,445
315578421,38.9259,37.3404,447,39156,0.756794,0.59,2,4314945,4314498,447
315581341,76.1704,71.9362,453,39210,0.764718,0.69,2,4315046,4314593,453
315622221,54.7133,52.0681,463,39957,0.914333,0.87,2,4315545,4315082,463
315844141,82.886,85.9028,476,22088,0.91,1,2,4319455,4318979,476
315861661,77.746,35.615,564,22658,0.439297,1,1,4319850,4319286,564
315902541,74.8915,83.3516,518,23935,0.76651,0.57,2,4320740,4320222,518
315905461,31.1566,74.7406,451,24024,0.780604,0.61,2,4320742,4320291,451
315908381,56.8626,74.8963,450,24112,0.798241,0.61,2,4320816,4320366,450
315914221,46.418,48.8234,452,24288,0.904119,0.65,2,4320907,4320455,452
315920061,53.2669,52.5717,455,24462,0.904259,0.79,2,4321020,4320565,455
316051461,58.4949,55.3277,488,28096,0.90282,1,2,4323629,4323141,488
316054381,61.198,61.1311,486,28171,0.775128,1,2,4323692,4323206,486
316109861,39.8572,58.4005,478,29566,0.767839,0.61,2,4324628,4324150,478
316121541,15.1515,33.7367,453,29851,0.900985,0.63,2,4324744,4324291,453
316124461,24.0606,31.4947,453,29922,0.942394,0.65,2,4324774,4324321,453
316229581,54.6364,41.4077,541,32370,0.94,1,2,4326580,4326039,541
316346381,42.8569,63.1578,497,34887,0.285943,0.85,1,4328329,4327832,497
316349301,32.1428,47.4631,485,34948,0.252377,0.77,1,4328354,4327869,485
316352221,38.0571,36.9852,497,35008,0.214951,0.69,1,4328396,4327899,497
316355141,32.0228,37.5941,487,35068,0.24798,0.59,1,4328424,4327937,487
316358061,50.6091,36.6376,514,35128,0.213192,0.47,1,4328487,4327973,514
316372661,30.2696,36.2648,465,35428,0.229502,0.37,1,4328656,4328191,465
316375581,56.5078,33.1059,508,35488,0.289801,0.27,1,4328730,4328222,508
316393101,44.2799,50.6091,429,35843,0.428953,0.19,1,4328916,4328487,429
316439821,34.6382,34.0328,446,36776,0.77519,0.57,2,4329507,4329061,446
316442741,34.2553,32.8131,448,36833,0.784076,0.65,2,4329541,4329093,448
316445661,61.7021,58.7252,452,36890,0.78763,0.61,2,4329621,4329169,452
316448581,43.8808,42.6901,452,36947,0.777052,0.65,2,4329653,4329201,452
316451501,31.9523,31.476,452,37004,0.772821,0.67,2,4329677,4329225,452
316454421,40.9809,39.5904,454,37061,0.783128,0.63,2,4329724,4329270,454
316457341,17.5924,17.0362,454,37118,0.787251,0.67,2,4329726,4329272,454
316460261,22.6369,23.0145,453,37175,0.764901,0.67,2,4329752,4329299,453
316463181,46.2548,9.20579,515,37232,0.77996,0.67,2,4329814,4329299,515
316466101,46.1019,40.2823,500,37289,0.773984,0.75,2,4329860,4329360,500
316469021,40.0408,42.5129,492,37346,0.771594,0.71,2,4329896,4329404,492
316471941,36.4163,38.6052,490,37403,0.782637,0.73,2,4329930,4329440,490
316474861,36.1665,35.2421,493,37459,0.799055,0.81,2,4329966,4329473,493
316492381,17.3909,40.9795,460,37795,0.905445,0.79,2,4330184,4329724,460
316495301,23.7564,17.5918,486,37851,0.908178,0.75,2,4330212,4329726,486
316498221,46.7025,22.6367,522,37907,0.909271,0.79,2,4330274,4329752,522
316501141,45.681,46.2547,505,37963,0.933708,0.77,2,4330319,4329814,505
316647141,29.5698,27.5491,517,40650,0.922,1,2,4332190,4331673,517
316650061,34.6279,33.2196,518,40702,0.9388,1,2,4332228,4331710,518
316658821,35.0962,34.0221,520,40858,0.776483,1,2,4332332,4331812,520
316664661,28.8954,27.0435,524,40962,0.754237,1,2,4332387,4331863,524
316670501,44.5833,62.887,514,41065,0.448278,1,1,4332495,4331981,514
316679261,35.6613,37.5288,518,41218,0.0922898,1,1,4332617,4332099,518
316682181,31.0645,34.8115,513,41269,0.0549159,1,1,4332645,4332132,513
316685101,26.8258,31.9246,507,41320,0.0279664,0.87,1,4332669,4332162,507
316688021,29.9303,29.5698,511,41371,0.0411865,0.95,1,4332701,4332190,511
316690941,28.1721,34.6279,500,41422,0.0344746,1,1,4332728,4332228,500
316693861,32.2689,31.8512,505,41473,0.0317898,0.76,1,4332763,4332258,505
316696781,30.3075,36.7405,494,41524,0.0307159,0.73,1,4332792,4332298,494
316699701,13.323,35.0962,462,41575,0.0302864,0.85,1,4332794,4332332,462
316702621,17.9292,30.2385,456,41626,0.0301146,0.71,1,4332815,4332359,456
316705541,21.5717,28.8954,452,41677,0.0180458,0.49,1,4332839,4332387,452
316708461,46.4287,52.9582,446,41728,0.0372183,0.35,1,4332902,4332456,446
316711381,39.5715,44.5833,442,41779,0.0688873,0.25,1,4332937,4332495,442
316714301,47.0286,55.6333,431,41830,0.0695549,0.09,1,4332989,4332558,431
316717221,30.2114,36.6533,426,41880,0.069822,0.03,1,4333008,4332582,426
316720141,31.8846,35.6613,424,41930,0.0939288,0.03,1,4333041,4332617,424
316734741,32.5614,32.2689,424,42180,0.0917106,0.03,1,4333187,4332763,424
316737661,29.8246,30.3075,423,42230,0.0786843,0.03,1,4333215,4332792,423
316740581,13.1298,13.323,423,42280,0.0734737,0.03,1,4333217,4332794,423
316743501,17.2519,17.9292,422,42330,0.0953895,0.01,1,4333237,4332815,422
316746421,21.3008,21.5717,422,42380,0.0561558,0.05,1,4333261,4332839,422
316749341,47.5203,46.4287,424,42430,0.0404623,0.09,1,4333326,4332902,424
316752261,41.2081,39.5715,426,42480,0.0221849,0.07,1,4333363,4332937,426
316755181,45.8832,47.0286,423,42530,0.038874,0.07,1,4333412,4332989,423
316758101,32.1533,30.2114,427,42580,0.0575496,0.11,1,4333435,4333008,427
316761021,32.6613,31.8846,427,42630,0.0770198,0.13,1,4333468,4333041,427
316763941,30.4645,29.5538,428,42680,0.0968079,0.13,1,4333497,4333069,428
316766861,26.5858,25.0215,430,42729,0.0807232,0.11,1,4333521,4333091,430
316769781,28.6343,31.0086,425,42778,0.0862893,0.13,1,4333551,4333126,425
316784381,16.0507,17.2519,423,43023,0.0977572,0.11,1,4333660,4333237,423
316793141,40.8912,45.8641,459,43170,0.0943365,0.01,1,4333785,4333326,459
316796061,46.3565,40.5456,472,43219,0.0917346,0.05,1,4333835,4333363,472
316828181,21.5352,16.0506,451,43753,0.208138,0.13,1,4334111,4333660,451
316831101,45.8141,20.8203,489,43801,0.233255,0.09,1,4334173,4333684,489
316834021,40.5256,46.7281,462,43849,0.279302,0.09,1,4334210,4333748,462
316857381,30.0429,28.3578,459,44233,0.404174,0.15,1,4334463,4334004,459
316860301,30.6172,29.3431,460,44281,0.44367,0.19,1,4334494,4334034,460
316930381,33.15,32.927,449,45411,0.768988,0.55,2,4335205,4334756,449
316933301,32.46,32.3708,449,45457,0.793595,0.57,2,4335237,4334788,449
316936221,27.984,27.3483,450,45503,0.791438,0.61,2,4335262,4334812,450
316985861,30.9006,32.7519,490,46285,0.915723,0.81,2,4335788,4335298,490
316997541,18.9831,14.3936,484,46467,0.913891,0.87,2,4335880,4335396,484
317000461,21.9932,18.9575,486,46512,0.923556,0.81,2,4335904,4335418,486
317003381,9.99729,22.583,463,46557,0.927422,0.81,2,4335906,4335443,463
317171281,77.1248,71.5466,507,22910,0.234832,0.91,1,4337847,4337340,507
317180041,77.776,98.539,467,23187,0.0911092,0.65,1,4338086,4337619,467
317182961,43.7104,56.8156,459,23278,0.0664437,0.53,1,4338107,4337648,459
317185881,48.0842,33.5262,492,23369,0.0805775,0.43,1,4338158,4337666,492
317200481,75.6066,75.7715,501,23819,0.253257,0.07,1,4338510,4338009,501
317203401,42.2426,76.5086,444,23908,0.287303,0.05,1,4338530,4338086,444
317220921,76.0148,75.0114,433,24435,0.439987,0.29,1,4338867,4338434,433
317270561,80.5577,77.8221,531,25870,0.756857,0.59,2,4339842,4339311,531
317273481,46.0231,79.7289,473,25952,0.764743,0.61,2,4339865,4339392,473
317276401,19.6092,44.4915,454,26034,0.767897,0.61,2,4339867,4339413,454
317288081,73.9804,52.3358,543,26358,0.900698,0.69,2,4340132,4339589,543
317291001,82.9922,73.7343,544,26438,0.930279,0.77,2,4340221,4339677,544
317396121,67.2477,38.8582,561,29182,0.943696,1,2,4342104,4341543,561
317425321,25.5744,67.2477,465,29899,0.443717,0.81,1,4342569,4342104,465
317463281,36.5158,36.5328,447,30806,0.770818,0.55,2,4343174,4342727,447
317466201,37.4063,36.8131,448,30875,0.782327,0.59,2,4343212,4342764,448
317469121,41.3625,39.3252,451,30944,0.786931,0.59,2,4343256,4342805,451
317472041,56.745,57.1301,449,31012,0.788772,0.59,2,4343323,4342874,449
317474961,40.698,40.852,449,31080,0.765509,0.61,2,4343353,4342904,449
317477881,36.0792,34.3408,452,31148,0.792204,0.63,2,4343386,4342934,452
317498321,41.5022,37.0233,502,31620,0.90737,0.79,2,4343714,4343212,502
317501241,56.8009,41.2093,525,31687,0.932948,0.79,2,4343781,4343256,525
317504161,41.3204,56.6837,489,31754,0.931179,0.75,2,4343812,4343323,489
317618041,34.6731,28.0474,505,34255,0.928,1,2,4345578,4345073,505
317658921,329.531,371.635,467,14600,0.425392,0.65,1,4346166,4345699,467
317661841,218.212,193.054,537,15469,0.224157,0.17,1,4346310,4345773,537
317670601,72.3576,95.4435,423,15877,0.058746,0.07,1,4346529,4346106,423
317673521,64.943,63.3774,441,16011,0.0894984,0.09,1,4346589,4346148,441
317679361,108.911,110.22,427,16276,0.22672,0.05,1,4346839,4346412,427
317682281,76.5644,80.0881,422,16406,0.276688,0.03,1,4346894,4346472,422
317685201,65.4257,66.2353,423,16535,0.212675,0.11,1,4346952,4346529,423
317691041,114.028,24.9976,574,16790,0.241628,0.21,1,4347163,4346589,574
317693961,110.411,95.7991,539,16916,0.282651,0.27,1,4347271,4346732,539
317705641,117.134,64.1613,582,17414,0.431508,0.27,1,4347598,4347016,582
317740681,49.3606,49.3261,451,18824,0.763328,0.71,2,4348494,4348043,451
317752361,64.614,64.0035,456,19271,0.902021,0.75,2,4348790,4348334,456
317985961,112.515,48.5145,635,26668,0.946,1,2,4354197,4353562,635
317991801,63.1224,90.3223,509,26826,0.94336,1,2,4354310,4353801,509
318044361,60.5403,60.4647,449,28213,0.755055,0.53,2,4355224,4354775,449
318047281,43.4161,45.1859,446,28288,0.788022,0.53,2,4355256,4354810,446
318053121,29.9866,15.3897,472,28438,0.799284,0.61,2,4355316,4354844,472
318248761,50.3697,48.1235,483,33053,0.909997,1,2,4358581,4358098,483
318251681,48.9479,54.6494,472,33117,0.921999,0.99,2,4358629,4358157,472
318254601,38.7792,41.6598,471,33181,0.9148,1,2,4358661,4358190,471
318260441,31.7647,33.6656,471,33309,0.929968,1,2,4358730,4358259,471
318272121,60.1316,62.9018,471,33561,0.943007,1,2,4358891,4358420,471
318371401,61.2598,52.3153,546,35642,0.928671,1,2,4360375,4359829,546
318374321,43.7039,67.1261,501,35701,0.929468,1,2,4360407,4359906,501
318377241,34.8816,46.6504,497,35760,0.929787,1,2,4360436,4359939,497
318418121,36.8864,37.9811,460,36579,0.774052,0.71,2,4360977,4360517,460
318421041,31.5545,31.3924,461,36637,0.771621,0.75,2,4361005,4360544,461
318423961,39.0218,39.557,460,36695,0.782648,0.67,2,4361049,4360589,460
318426881,37.2087,40.4228,455,36753,0.799059,0.73,2,4361085,4360630,455
318441481,53.5525,54.4984,455,37038,0.940928,0.69,2,4361290,4360835,455
318692601,25.9527,35.2089,514,41658,0.904719,1,2,4364511,4363997,514
318695521,38.5811,35.6835,525,41709,0.799888,1,2,4364558,4364033,525
318698441,34.6324,36.4734,520,41760,0.781955,1,2,4364590,4364070,520
318707201,41.9365,51.3183,482,41911,0.448685,1,1,4364682,4364200,482
318715961,38.1799,39.6684,478,42061,0.0817558,1,1,4364802,4364324,478
318718881,39.872,38.0673,482,42111,0.0747023,1,1,4364843,4364361,482
318721801,32.1488,35.0269,476,42161,0.0358809,1,1,4364870,4364394,476
318724721,25.4595,29.0108,472,42211,0.0203524,0.97,1,4364891,4364419,472
318727641,29.3838,33.2043,468,42261,0.0141409,0.94,1,4364923,4364455,468
318730561,31.5535,34.8817,465,42311,0.0236564,0.87,1,4364956,4364491,465
318733481,25.8214,25.9527,467,42361,0.0634626,0.73,1,4364978,4364511,467
318736401,29.5286,38.5811,452,42411,0.067385,0.77,1,4365010,4364558,452
318739321,31.0114,34.6324,452,42461,0.068954,0.59,1,4365042,4364590,452
318742241,20.8046,22.853,451,42511,0.0815816,0.55,1,4365056,4364605,451
318745161,17.3218,22.3412,444,42561,0.0746326,0.35,1,4365071,4364627,444
318748081,34.5287,41.9365,435,42611,0.0598531,0.29,1,4365117,4364682,435
318753921,41.6446,48.9498,423,42710,0.0707765,0.03,1,4365194,4364771,423
318756841,35.2578,38.1799,423,42759,0.0463106,0.07,1,4365225,4364802,423
318759761,38.1031,39.872,422,42808,0.0845242,0.01,1,4365265,4364843,422
318762681,32.6413,32.1488,424,42857,0.0758097,0.01,1,4365294,4364870,424
318765601,24.4565,25.4595,422,42906,0.0363239,0.01,1,4365313,4364891,422
318768521,28.9826,29.3838,422,42955,0.0445295,0.03,1,4365345,4364923,422
318771441,31.393,31.5535,422,43004,0.0838118,0.03,1,4365378,4364956,422
318774361,25.1572,12.6214,443,43053,0.0635247,0.09,1,4365399,4364956,443
318777281,29.2629,18.2486,453,43102,0.0554099,0.07,1,4365431,4364978,453
318780201,32.1052,26.4994,455,43151,0.052164,0.07,1,4365465,4365010,455
318783121,21.2421,29.7998,437,43200,0.0508656,0.09,1,4365479,4365042,437
318786041,16.2968,20.3199,436,43249,0.0623462,0.07,1,4365492,4365056,436
318788961,37.1187,17.128,472,43298,0.0669385,0.05,1,4365543,4365071,472
318791881,29.8475,34.4512,451,43347,0.0567754,0.13,1,4365568,4365117,451
318794801,40.139,30.5805,470,43396,0.0647102,0.05,1,4365615,4365145,470
318797721,34.6556,41.6322,452,43445,0.0678841,0.03,1,4365646,4365194,452
318800641,37.8622,35.2529,461,43494,0.0691536,0.11,1,4365686,4365225,461
318803561,32.5449,38.1011,450,43543,0.0696615,0.07,1,4365715,4365265,450
318806481,24.418,32.6405,440,43591,0.0578646,0.01,1,4365734,4365294,440
318809401,31.3672,24.4562,457,43639,0.0411458,0.05,1,4365770,4365313,457
318812321,31.7469,28.9825,457,43687,0.0584583,0.11,1,4365802,4365345,457
318815241,24.6987,31.393,444,43735,0.0653833,0.05,1,4365822,4365378,444
318818161,29.0795,25.1572,455,43783,0.0681533,0.05,1,4365854,4365399,455
318832761,29.6296,37.1187,448,44023,0.20225,0.05,1,4365991,4365543,448
318867801,19.1744,21.2127,430,44596,0.21672,0.17,1,4366332,4365902,430
318870721,14.8698,15.6851,430,44643,0.224688,0.21,1,4366344,4365914,430
318873641,38.9479,38.074,432,44690,0.263875,0.21,1,4366399,4365967,432
318876561,29.9792,29.6296,432,44737,0.29155,0.19,1,4366423,4365991,432
318882401,34.5567,34.7407,431,44831,0.299848,0.13,1,4366499,4366068,431
318888241,33.3691,32.6785,431,44925,0.296376,0.19,1,4366570,4366139,431
318891161,21.7476,22.6714,429,44972,0.29255,0.11,1,4366584,4366155,429
318894081,31.4991,32.4686,428,45019,0.27902,0.13,1,4366622,4366194,428
318897001,31.7996,32.1874,428,45066,0.249608,0.13,1,4366654,4366226,428
318899921,24.7198,24.875,428,45113,0.237843,0.15,1,4366674,4366246,428
318902841,30.8879,30.35,429,45160,0.221137,0.15,1,4366709,4366280,429
318905761,13.5552,13.34,429,45207,0.238455,0.23,1,4366711,4366282,429
318908681,29.4221,26.936,433,45254,0.221382,0.23,1,4366751,4366318,433
318911601,20.1688,19.1744,433,45301,0.226553,0.23,1,4366765,4366332,433
318914521,15.2675,14.8698,433,45348,0.228621,0.29,1,4366777,4366344,433
318917441,40.307,38.9479,435,45395,0.229448,0.31,1,4366834,4366399,435
318920361,31.1228,29.9792,436,45441,0.229779,0.33,1,4366859,4366423,436
318923281,38.8491,38.3917,436,45487,0.241912,0.29,1,4366903,4366467,436
318926201,34.7396,34.5567,436,45533,0.246765,0.31,1,4366935,4366499,436
318929121,37.8959,38.4227,435,45579,0.260706,0.29,1,4366975,4366540,435
318932041,32.5583,33.3691,434,45625,0.254282,0.29,1,4367004,4366570,434
318934961,21.4233,21.7476,434,45671,0.275713,0.27,1,4367018,4366584,434
318937881,30.7693,31.4991,433,45717,0.296285,0.23,1,4367055,4366622,433
318952481,28.1186,29.4221,430,45947,0.405149,0.21,1,4367181,4366751,430
318961241,40.2236,12.443,487,46085,0.41785,0.23,1,4367264,4366777,487
318964161,31.0894,39.1772,455,46131,0.42514,0.23,1,4367289,4366834,455
319010881,40.2609,31.0894,489,46856,0.760907,0.47,2,4367778,4367289,489
319013801,35.9044,39.4358,477,46901,0.790363,0.47,2,4367811,4367334,477
319043001,22.25,28.355,470,47351,0.90344,0.63,2,4368090,4367620,470
319045921,10.1,20.942,456,47396,0.919376,0.69,2,4368092,4367636,456
319048841,11.24,15.5768,456,47440,0.93775,0.67,2,4368104,4367648,456
319051761,40.496,41.6307,457,47484,0.9451,0.75,2,4368164,4367707,457
319286821,325.116,349.682,488,23360,0.406,1,1,4370579,4370091,488
319292661,123.179,107.669,521,23541,0.08296,1,1,4370730,4370209,521
319295581,88.2714,89.2677,509,23631,0.063184,0.92,1,4370795,4370286,509
319298501,73.7086,77.7071,503,23721,0.0552736,0.63,1,4370859,4370356,503
319301421,59.4834,78.4828,474,23810,0.0521094,0.43,1,4370909,4370435,474
319304341,57.3934,64.9931,474,23899,0.0268438,0.15,1,4370965,4370491,474
319307261,35.5573,62.5973,434,23988,0.0527375,0.05,1,4370986,4370552,434
319310181,22.6229,37.6389,427,24076,0.075095,0,1,4371000,4370573,427
319313101,43.2492,51.0556,424,24164,0.030038,0.03,1,4371057,4370633,424
319316021,74.8997,78.6222,423,24252,0.0180152,0.05,1,4371153,4370730,423
319318941,68.9599,70.4489,423,24339,0.0132061,0.05,1,4371218,4370795,423
319321861,65.3839,66.5796,422,24426,0.0952824,0.05,1,4371281,4370859,422
319339381,74.6859,74.8705,422,24942,0.0858744,0.01,1,4371575,4371153,422
319342301,68.8743,68.9482,422,25027,0.0643498,0.15,1,4371640,4371218,422
319362741,71.8197,37.6058,517,25614,0.205587,0.05,1,4371996,4371479,517
319374421,58.3826,59.6091,484,25943,0.202015,0.15,1,4372246,4371762,484
319377341,37.753,56.8436,453,26025,0.230806,0.19,1,4372270,4371817,453
319380261,21.1012,36.5375,440,26106,0.242322,0.19,1,4372280,4371840,440
319383181,40.8405,20.615,484,26187,0.222929,0.21,1,4372334,4371850,484
319386101,71.5362,40.046,523,26268,0.251172,0.21,1,4372426,4371903,523
319389021,64.6145,71.8184,490,26349,0.250469,0.13,1,4372486,4371996,490
319391941,70.2458,67.7274,499,26429,0.238187,0.11,1,4372560,4372061,499
319394861,64.0983,70.8909,486,26509,0.233275,0.13,1,4372620,4372134,486
319397781,61.0393,61.9564,489,26589,0.21931,0.25,1,4372679,4372190,489
319400701,38.8157,58.3826,457,26669,0.225724,0.25,1,4372703,4372246,457
319403621,21.5263,37.753,443,26748,0.22829,0.25,1,4372713,4372270,443
319406541,39.8105,21.1012,485,26827,0.229316,0.21,1,4372765,4372280,485
319409461,71.7242,40.8405,524,26906,0.277726,0.27,1,4372858,4372334,524
319412381,29.8897,71.5362,434,26985,0.297091,0.25,1,4372860,4372426,434
319426981,38.7109,38.8157,433,27375,0.438201,0.23,1,4373136,4372703,433
319429901,21.4843,21.5263,433,27452,0.43328,0.23,1,4373146,4372713,433
319459101,41.0363,39.7937,445,28214,0.752451,0.55,2,4373643,4373198,445
319476621,63.6871,62.4217,517,28661,0.904935,0.73,2,4374012,4373495,517
319479541,39.8748,60.9687,481,28735,0.919974,0.73,2,4374036,4373555,481
319482461,21.9499,38.7875,467,28809,0.92599,0.73,2,4374046,4373579,467
319605101,52.3982,79.6712,512,31747,0.946,1,2,4376140,4375628,512
319619701,38.0658,36.573,519,32079,0.2165,1,1,4376359,4375840,519
319625541,30.5705,38.4917,503,32211,0.06224,1,1,4376431,4375928,503
319628461,32.0282,28.5967,514,32277,0.054896,1,1,4376464,4375950,514
319631381,81.2113,40.2387,580,32343,0.0279584,0.95,1,4376578,4375998,580
319634301,51.0845,81.4955,502,32408,0.0531834,0.93,1,4376609,4376107,502
319637221,40.2338,52.3982,502,32473,0.0512733,0.73,1,4376642,4376140,502
319640141,40.6935,49.7593,495,32538,0.0625093,0.55,1,4376683,4376188,495
319643061,45.0774,49.9037,493,32603,0.0670037,0.33,1,4376731,4376238,493
319645981,30.031,54.1615,456,32668,0.0688015,0.27,1,4376751,4376295,456
319648901,30.0124,36.6646,461,32733,0.0695206,0.13,1,4376781,4376320,461
319651821,13.205,38.0658,424,32798,0.0458082,0.09,1,4376783,4376359,424
319654741,37.082,46.4263,425,32862,0.0363233,0.01,1,4376836,4376411,425
319657661,25.6328,30.5705,423,32926,0.0325293,0.05,1,4376854,4376431,423
319660581,31.8531,32.0282,426,32990,0.0310117,0.01,1,4376890,4376464,426
319663501,78.7412,81.2113,422,33054,0.0424047,0.07,1,4377000,4376578,422
319666421,50.6965,51.0845,423,33118,0.0709619,0.05,1,4377032,4376609,423
319669341,39.4786,40.2338,422,33182,0.0943848,0.07,1,4377064,4376642,422
319672261,42.1914,40.6935,425,33246,0.0917539,0.07,1,4377108,4376683,425
319686861,36.9744,37.082,423,33562,0.0993492,0.03,1,4377259,4376836,423
319692701,31.5959,31.8531,422,33688,0.0698959,0.05,1,4377312,4376890,422
319695621,78.6384,78.7412,422,33751,0.0579583,0.09,1,4377422,4377000,422
319698541,50.6553,50.6965,422,33814,0.0651833,0.11,1,4377454,4377032,422
319701461,41.2621,39.4786,425,33877,0.0320733,0.09,1,4377489,4377064,425
319704381,44.1049,42.1914,427,33939,0.0428293,0.11,1,4377535,4377108,427
319707301,47.6419,46.8766,427,34001,0.0591317,0.15,1,4377585,4377158,427
319710221,28.6568,28.3506,427,34063,0.0656527,0.11,1,4377601,4377174,427
319724821,28.359,16.1159,457,34373,0.0861411,0.03,1,4377733,4377276,457
319727741,79.1436,28.0464,534,34435,0.0404564,0.05,1,4377846,4377312,534
319730661,50.8574,77.2185,456,34496,0.0461826,0.07,1,4377878,4377422,456
319733581,39.543,50.0874,456,34557,0.048473,0.01,1,4377910,4377454,456
319736501,45.2172,41.035,470,34618,0.0493892,0.05,1,4377959,4377489,470
319748181,13.4936,29.4569,428,34862,0.205888,0.13,1,4378059,4377631,428
319756941,26.7836,24.3972,456,35044,0.215017,0.05,1,4378158,4377702,456
319759861,76.1134,28.3589,534,35104,0.224007,0.01,1,4378267,4377733,534
319762781,50.8454,79.1436,455,35164,0.215603,0.05,1,4378301,4377846,455
319765701,39.5381,50.8574,455,35224,0.212241,0.05,1,4378333,4377878,455
319768621,47.0153,39.543,475,35284,0.222896,0.05,1,4378385,4377910,475
319771541,51.8061,45.2172,481,35344,0.239159,0.21,1,4378440,4377959,481
319774461,30.3224,48.0869,447,35404,0.269663,0.21,1,4378456,4378009,447
319777381,31.329,28.8347,463,35464,0.293865,0.21,1,4378488,4378025,463
319806581,53.7289,51.8061,436,36056,0.44115,0.29,1,4378876,4378440,436
319862061,23.7388,22.4888,449,37153,0.761541,0.59,2,4379479,4379030,449
319864981,76.0955,8.99553,560,37210,0.778616,0.61,2,4379590,4379030,560
319888341,39.0525,14.5391,512,37662,0.936879,0.75,2,4379885,4379373,512
319891261,25.821,39.4156,473,37718,0.944752,0.75,2,4379902,4379429,473
320046021,31.5372,22.3992,535,40580,0.773941,1,2,4381886,4381351,535
320066461,31.1677,55.4709,492,40944,0.42128,0.95,1,4382163,4381671,492
320086901,47.9256,31.5372,516,41302,0.400386,0.69,1,4382402,4381886,516
320089821,39.5702,49.8149,488,41353,0.430155,0.59,1,4382436,4381948,488
320092741,31.4281,42.126,477,41404,0.418062,0.57,1,4382462,4381985,477
320095661,24.5712,36.0504,465,41455,0.413225,0.49,1,4382482,4382017,465
320098581,23.6285,27.6202,466,41506,0.42329,0.47,1,4382505,4382039,466
320101501,10.6514,29.0481,438,41557,0.427316,0.45,1,4382507,4382069,438
320104421,55.2606,61.4192,440,41608,0.440926,0.39,1,4382592,4382152,440
320107341,28.1042,31.1677,439,41659,0.422371,0.35,1,4382602,4382163,439
320110261,26.2417,25.6671,442,41710,0.426948,0.31,1,4382627,4382185,442
320113181,30.2967,31.2668,440,41761,0.440779,0.37,1,4382660,4382220,440
320116101,34.3187,35.9067,438,41812,0.446312,0.37,1,4382697,4382259,438
320154061,29.8962,30.2967,442,42462,0.764957,0.45,2,4383102,4382660,442
320156981,34.1585,34.3187,442,42512,0.791983,0.51,2,4383139,4382697,442
320159901,32.2634,30.5275,445,42562,0.790793,0.45,2,4383170,4382725,445
320189101,29.0647,21.8513,467,43054,0.916475,0.71,2,4383501,4383034,467
320192021,27.8259,14.7405,484,43103,0.93659,0.75,2,4383528,4383044,484
320194941,30.3303,21.4962,490,43152,0.944636,0.79,2,4383560,4383070,490
320419781,315.127,358.065,475,20440,0.418,0.92,1,4386090,4385615,475
320428541,75.1521,88.8202,467,21469,0.059632,0.05,1,4386296,4385829,467
320431461,82.2609,91.9281,460,21568,0.0418528,0.01,1,4386383,4385923,460
320434381,82.1043,75.7712,477,21666,0.0347411,0,1,4386465,4385988,477
320437301,49.0417,76.5085,427,21764,0.0438964,0.05,1,4386492,4386065,427
320440221,31.0167,36.0034,437,21861,0.0355586,0.03,1,4386511,4386074,437
320443141,63.4067,74.4014,422,21958,0.0322234,0.05,1,4386596,4386174,422
320446061,70.3627,73.5605,424,22055,0.0188894,0.03,1,4386671,4386247,424
320448981,56.9451,58.8242,423,22151,0.0255557,0.03,1,4386719,4386296,423
320451901,74.978,75.7297,423,22247,0.0102223,0.03,1,4386806,4386383,423
320454821,78.5912,79.4919,422,22342,0.0220889,0.05,1,4386887,4386465,422
320457741,47.6365,47.9967,422,22437,0.0388356,0.03,1,4386914,4386492,422
320460661,30.4546,30.5987,422,22532,0.0335342,0.03,1,4386933,4386511,422
320463581,62.5818,12.2395,506,22626,0.0554137,0.03,1,4387017,4386511,506
320466501,70.0327,55.8958,496,22720,0.0521655,0.01,1,4387092,4386596,496
320469421,58.0131,67.3583,471,22813,0.0388662,0.03,1,4387142,4386671,471
320472341,74.2052,55.7433,508,22906,0.0155465,0,1,4387227,4386719,508
320475261,78.2821,74.4973,502,22999,0.0362186,0.03,1,4387308,4386806,502
320478181,47.5128,78.3989,448,23091,0.0204874,0.05,1,4387335,4386887,448
320481101,30.4051,47.5596,440,23183,0.038195,0.03,1,4387354,4386914,440
320484021,63.1621,30.4238,506,23274,0.069278,0.07,1,4387439,4386933,506
320486941,70.8648,62.5695,498,23365,0.0457112,0.05,1,4387515,4387017,498
320489861,57.7459,70.0278,472,23456,0.0602845,0.03,1,4387564,4387092,472
320492781,73.4984,58.0111,506,23546,0.0301138,0,1,4387648,4387142,506
320495701,77.9993,74.2045,502,23636,0.0300455,0.05,1,4387729,4387227,502
320498621,47.3997,78.2818,448,23726,0.0180182,0.01,1,4387756,4387308,448
320501541,30.9599,47.5127,441,23815,0.00720728,0.05,1,4387776,4387335,441
320504461,65.184,30.4051,510,23904,0.0208829,0.09,1,4387864,4387354,510
320507381,27.2736,63.162,427,23993,0.0263532,0.03,1,4387866,4387439,427
320510301,54.7094,70.8648,424,24081,0.0285413,0.07,1,4387939,4387515,424
320513221,51.8838,57.7459,425,24169,0.0654165,0.01,1,4387989,4387564,425
320516141,69.3535,73.4984,422,24257,0.0321666,0.03,1,4388070,4387648,422
320519061,76.3414,77.9993,422,24344,0.0188666,0.01,1,4388151,4387729,422
320521981,46.7366,47.3997,422,24431,0.0135467,0,1,4388178,4387756,422
320524901,30.6946,30.9599,422,24518,0.00541866,0.03,1,4388198,4387776,422
320527821,65.6779,65.184,423,24604,0.0201675,0.03,1,4388287,4387864,423
320530741,27.4711,27.2736,423,24690,0.026067,0.03,1,4388289,4387866,423
320533661,54.1885,54.7094,422,24776,0.0164268,0.09,1,4388361,4387939,422
320536581,52.8754,51.8838,424,24862,0.0365707,0.01,1,4388413,4387989,424
320539501,68.5502,69.3535,422,24947,0.0686283,0.01,1,4388492,4388070,422
320542421,76.0201,76.3414,422,25032,0.0334513,0.01,1,4388573,4388151,422
320545341,46.608,46.7366,422,25117,0.0193805,0,1,4388600,4388178,422
320548261,30.6432,30.6946,422,25201,0.0377522,0.03,1,4388620,4388198,422
320551181,66.8573,65.6779,424,25285,0.0571009,0.03,1,4388711,4388287,424
320554101,27.9429,27.4711,424,25369,0.0648404,0.01,1,4388713,4388289,424
320557021,53.1772,54.1885,422,25453,0.0799361,0.01,1,4388783,4388361,422
320559941,53.0709,21.6754,475,25536,0.0979745,0.05,1,4388836,4388361,475
320577461,28.7013,66.7241,427,26030,0.0932775,0.07,1,4389138,4388711,427
320580381,52.2805,27.8896,493,26111,0.079311,0.09,1,4389206,4388713,493
320583301,54.5122,53.1559,479,26192,0.0857244,0.11,1,4389262,4388783,479
320600821,28.127,68.7533,426,26674,0.200198,0.07,1,4389562,4389136,426
320603741,52.0508,28.7013,492,26753,0.242079,0.07,1,4389630,4389138,492
320606661,55.6203,52.2805,482,26832,0.258832,0.09,1,4389688,4389206,482
320609581,73.8481,54.5122,512,26911,0.265533,0.11,1,4389774,4389262,512
320612501,30.7393,73.4049,428,26990,0.268213,0.17,1,4389776,4389348,428
320627101,28.4024,28.127,432,27380,0.425483,0.27,1,4389994,4389562,432
320630021,53.961,52.0508,435,27457,0.440193,0.27,1,4390065,4389630,435
320632941,55.1844,55.6203,433,27534,0.446077,0.27,1,4390121,4389688,433
320673821,27.7103,36.2089,465,28591,0.75978,0.55,2,4390782,4390317,465
320691341,32.8898,76.2951,459,29032,0.902718,0.73,2,4391114,4390655,459
320697181,39.7024,60.6872,483,29178,0.904035,0.75,2,4391220,4390737,483
320700101,28.4809,39.2749,479,29251,0.907614,0.77,2,4391241,4390762,479
320811061,47.0073,55.666,507,31883,0.937312,1,2,4393126,4392619,507
320819821,41.7685,27.0346,541,32081,0.917988,1,2,4393241,4392700,541
320822741,31.7074,46.8138,506,32147,0.925195,1,2,4393266,4392760,506
320837341,36.5253,47.7959,507,32475,0.782092,1,2,4393544,4393037,507
320840261,45.2101,42.5183,519,32540,0.762837,0.9,2,4393595,4393076,519
320895741,86.5489,84.1456,456,33753,0.764464,0.67,2,4394410,4393954,456
320898661,47.8196,48.6582,453,33816,0.791785,0.67,2,4394432,4393979,453
320919101,19.1269,18.4515,456,34251,0.912063,0.73,2,4394642,4394186,456
320922021,32.8508,7.38059,498,34313,0.910825,0.73,2,4394684,4394186,498
320924941,58.7403,28.7522,531,34375,0.93433,0.73,2,4394760,4394229,531
321070941,47.3695,61.476,514,37326,0.426223,1,1,4396869,4396355,514
321079701,32.7436,36.5025,512,37496,0.252638,1,1,4396970,4396458,512
321082621,31.0975,29.601,517,37552,0.215055,1,1,4397000,4396483,517
321088461,28.6156,35.0962,501,37664,0.0668088,0.96,1,4397064,4396563,501
321091381,29.4462,30.8385,503,37720,0.0567235,1,1,4397094,4396591,503
321094301,32.7785,32.7354,504,37776,0.0226894,0.93,1,4397129,4396625,504
321097221,29.9114,36.4942,493,37832,0.0390758,0.77,1,4397157,4396664,493
321100141,43.7646,34.3977,513,37888,0.0456303,0.59,1,4397210,4396697,513
321103061,54.1058,51.5591,511,37944,0.0482521,0.39,1,4397271,4396760,511
321105981,42.6423,64.4236,473,38000,0.0373008,0.37,1,4397306,4396833,473
321108901,35.0569,47.3695,467,38056,0.0449203,0.31,1,4397336,4396869,467
321111821,39.2228,38.1478,477,38112,0.0599681,0.29,1,4397378,4396901,477
321114741,28.8891,39.8591,458,38167,0.0659873,0.21,1,4397400,4396942,458
321117661,27.7556,32.7436,457,38222,0.0563949,0.19,1,4397427,4396970,457
321120581,33.9023,31.0975,465,38277,0.064558,0.11,1,4397465,4397000,465
321123501,26.1609,37.039,445,38332,0.0558232,0.01,1,4397486,4397041,445
321126421,30.2644,28.6156,455,38387,0.0763293,0.05,1,4397519,4397064,455
321129341,31.3057,29.4462,457,38442,0.0725317,0,1,4397551,4397094,457
321132261,31.1223,32.7785,453,38497,0.0830127,0.05,1,4397582,4397129,453
321135181,43.0489,29.9114,476,38552,0.0512051,0.05,1,4397633,4397157,476
321138101,53.8196,43.7646,484,38607,0.038482,0.05,1,4397694,4397210,484
321141021,22.7278,54.1058,425,38662,0.0333928,0.03,1,4397696,4397271,425
321143941,31.2911,42.6423,427,38717,0.0553571,0.05,1,4397733,4397306,427
321158541,34.3803,33.9023,425,38988,0.207783,0.05,1,4397890,4397465,425
321161461,25.1521,26.1609,423,39042,0.209113,0.09,1,4397909,4397486,423
321164381,31.6608,30.2644,426,39096,0.209645,0.07,1,4397945,4397519,426
321170221,31.7057,31.1223,426,39204,0.205143,0.03,1,4398008,4397582,426
321176061,52.8329,53.8196,423,39312,0.216423,0.03,1,4398117,4397694,423
321178981,22.3332,22.7278,423,39366,0.200569,0.07,1,4398119,4397696,423
321184821,31.5333,29.9165,427,39474,0.215691,0.13,1,4398189,4397762,427
321187741,37.8133,36.5666,428,39528,0.200276,0.17,1,4398231,4397803,428
321193581,28.8501,27.4507,430,39634,0.215644,0.23,1,4398281,4397851,430
321196501,35.5401,34.3803,431,39687,0.236258,0.21,1,4398321,4397890,431
321199421,25.016,25.1521,430,39740,0.244503,0.21,1,4398339,4397909,430
321202341,31.6064,31.6608,430,39793,0.247801,0.19,1,4398375,4397945,430
321205261,32.4426,31.2643,432,39846,0.27312,0.21,1,4398408,4397976,432
321237381,25.3879,35.4852,451,40426,0.413429,0.25,1,4398772,4398321,451
321240301,31.7551,24.9941,469,40478,0.435372,0.25,1,4398808,4398339,469
321304541,30.6957,38.0991,450,41610,0.760589,0.59,2,4399549,4399099,450
321307461,25.4783,27.8397,451,41661,0.778236,0.59,2,4399571,4399120,451
321316221,27.8626,27.1737,453,41814,0.797887,0.65,2,4399668,4399215,453
321327901,46.5965,44.2124,458,42014,0.92345,0.73,2,4399832,4399374,458
321503101,40.1206,36.9785,499,44927,0.933856,1,2,4401861,4401362,499
321511861,29.7597,27.1106,505,45068,0.761767,1,2,4401950,4401445,505
321526461,27.6724,28.8837,499,45303,0.444111,1,1,4402078,4401579,499
321529381,15.869,30.1535,476,45350,0.447644,1,1,4402086,4401610,476
321532301,20.7476,23.4614,481,45397,0.413058,1,1,4402110,4401629,481
321538141,38.5996,39.6338,483,45489,0.0744892,0.94,1,4402203,4401720,483
321541061,55.6398,57.2535,481,45535,0.0717957,1,1,4402270,4401789,481
321543981,40.2559,43.3014,477,45581,0.0587183,0.9,1,4402300,4401823,477
321546901,37.7024,40.1206,475,45627,0.0414873,0.85,1,4402336,4401861,475
321549821,29.4809,35.2482,467,45673,0.0345949,0.76,1,4402360,4401893,467
321552741,27.3924,30.8993,465,45719,0.031838,0.73,1,4402386,4401921,465
321555661,26.557,29.7597,462,45765,0.0187352,0.69,1,4402412,4401950,462
321558581,20.8228,25.7039,456,45811,0.0374941,0.63,1,4402429,4401973,456
321561501,17.9291,22.8816,451,45857,0.0329976,0.57,1,4402445,4401994,451
321564421,22.1716,25.9526,448,45903,0.0191991,0.47,1,4402470,4402022,448
321567341,25.0687,27.181,447,45949,0.0376796,0.47,1,4402497,4402050,447
321570261,25.0275,10.8724,472,45995,0.0330718,0.39,1,4402522,4402050,472
321573181,11.211,21.149,446,46041,0.0312287,0.45,1,4402524,4402078,446
321576101,17.0844,13.2596,459,46087,0.0664915,0.39,1,4402545,4402086,459
321579021,34.4338,19.7038,481,46133,0.0565966,0.01,1,4402591,4402110,481
321581941,35.9735,42.0815,461,46179,0.0406386,0.01,1,4402628,4402167,461
321584861,52.7894,38.4326,489,46225,0.0222555,0.07,1,4402692,4402203,489
321587781,40.9158,55.573,455,46271,0.0389022,0.05,1,4402725,4402270,455
321590701,37.3663,40.2292,460,46317,0.0455609,0.03,1,4402760,4402300,460
321593621,28.1465,37.6917,446,46363,0.0362244,0.03,1,4402782,4402336,446
321596541,26.8586,29.4767,448,46408,0.0444897,0.03,1,4402808,4402360,448
321599461,26.3434,27.3907,448,46453,0.0717959,0.01,1,4402834,4402386,448
321602381,20.7374,26.5563,439,46498,0.0827183,0.05,1,4402851,4402412,439
321605301,17.295,20.8225,437,46543,0.0750873,0.03,1,4402866,4402429,437
321608221,23.118,17.929,448,46588,0.0480349,0.01,1,4402893,4402445,448
321611141,26.6472,22.1716,452,46633,0.067214,0.05,1,4402922,4402470,452
321614061,23.8589,25.0686,447,46678,0.0688856,0.03,1,4402944,4402497,447
321616981,10.7436,25.0275,424,46723,0.0815542,0.03,1,4402946,4402522,424
321619901,17.4974,11.211,444,46768,0.0986217,0.09,1,4402968,4402524,444
321625741,35.7996,34.4338,459,46858,0.0649795,0.03,1,4403050,4402591,459
321628661,54.5198,35.9735,489,46903,0.0439918,0.01,1,4403117,4402628,489
321631581,40.4079,52.7894,456,46948,0.0355967,0.05,1,4403148,4402692,456
321634501,37.1632,40.9158,458,46993,0.0562387,0.05,1,4403183,4402725,458
321637421,27.4653,37.3663,444,47038,0.0524955,0.03,1,4403204,4402760,444
321640341,27.7861,28.1465,450,47083,0.0749982,0.05,1,4403232,4402782,450
321643261,26.1144,26.8586,449,47128,0.0719993,0.09,1,4403257,4402808,449
321646181,21.8458,26.3434,442,47173,0.0947997,0.09,1,4403276,4402834,442
321675381,54.5336,54.5198,424,47618,0.0586888,0.03,1,4403541,4403117,424
321678301,39.8134,40.4079,423,47662,0.0414755,0.07,1,4403571,4403148,423
321681221,38.1254,37.1632,425,47706,0.0825902,0.05,1,4403608,4403183,425
321684141,27.2501,27.4653,424,47750,0.0750361,0.09,1,4403628,4403204,424
321698741,22.7958,22.5753,428,47970,0.201533,0.11,1,4403743,4403315,428
321701661,27.1183,27.6301,427,48014,0.230613,0.13,1,4403773,4403346,427
321704581,25.2473,24.8521,428,48058,0.242245,0.13,1,4403797,4403369,428
321707501,11.2989,11.1408,428,48102,0.246898,0.13,1,4403799,4403371,428
321710421,5.71957,5.65633,428,48146,0.248759,0.13,1,4403801,4403373,428
321713341,15.4878,15.4625,428,48190,0.297504,0.15,1,4403823,4403395,428
321774661,39.4875,39.2077,475,49099,0.411623,0.37,1,4404470,4403995,475
321777581,28.395,38.4831,458,49142,0.410649,0.37,1,4404491,4404033,458
321780501,30.558,27.9932,469,49185,0.41026,0.35,1,4404523,4404054,469
321783421,27.8232,30.9973,462,49228,0.422104,0.31,1,4404549,4404087,462
321786341,23.7293,27.9989,457,49271,0.426842,0.31,1,4404570,4404113,457
321789261,16.6917,23.1996,449,49314,0.440737,0.33,1,4404582,4404133,449
321792181,26.4767,17.6798,468,49357,0.434295,0.35,1,4404615,4404147,468
321868101,39.86,40.6842,451,50455,0.76267,0.57,2,4405322,4404871,451
321871021,40.544,40.8737,451,50497,0.779068,0.59,2,4405363,4404912,451
321873941,28.8176,28.3495,452,50539,0.797627,0.61,2,4405384,4404932,452
321903141,15.6537,16.2022,456,50955,0.949687,0.71,2,4405599,4405143,456
321906061,35.6615,35.2809,457,50996,0.949875,0.71,2,4405648,4405191,457
322163021,346.351,341.933,545,24820,0.766,1,2,4408157,4407612,545
322168861,120.336,114.709,525,24990,0.42856,1,1,4408288,4407763,525
322174701,77.5738,75.9535,510,25160,0.21137,0.93,1,4408411,4407901,510
322180541,67.3718,66.0326,507,25328,0.0878191,0.63,1,4408541,4408034,507
322183461,46.7487,68.413,470,25412,0.0531277,0.71,1,4408574,4408104,470
322186381,33.0995,45.3652,464,25495,0.0512511,0.61,1,4408598,4408134,464
322189301,37.2398,31.9461,481,25578,0.0745004,0.55,1,4408638,4408157,481
322200981,61.9997,69.525,487,25908,0.211235,0.05,1,4408898,4408411,487
322203901,64.3999,66.21,489,25990,0.234494,0.07,1,4408964,4408475,489
322206821,44.96,66.084,455,26072,0.243798,0.03,1,4408996,4408541,455
322209741,33.584,46.2336,448,26153,0.271519,0.05,1,4409022,4408574,448
322224341,63.1097,64.9941,492,26556,0.404377,0.23,1,4409330,4408838,492
322227261,65.4439,61.9976,499,26636,0.443751,0.25,1,4409397,4408898,499
322276901,65.6641,64.4132,457,27957,0.751901,0.75,2,4410230,4409773,457
322288581,42.073,41.537,457,28259,0.755713,0.71,2,4410407,4409950,457
322291501,18.0292,17.8148,457,28334,0.764285,0.69,2,4410409,4409952,457
322300261,66.6259,34.2601,533,28558,0.902114,0.73,2,4410620,4410087,533
322303181,66.8503,60.5041,522,28632,0.930846,0.77,2,4410687,4410165,522
322425821,43.8615,50.9792,508,31588,0.262825,0.97,1,4412756,4412248,508
322428741,32.5446,37.1917,505,31655,0.23113,0.96,1,4412781,4412276,505
322431661,30.4178,32.8767,504,31722,0.206452,0.97,1,4412810,4412306,504
322440421,36.4347,49.4081,483,31922,0.201133,0.55,1,4412933,4412450,483
322443341,57.1739,42.5632,516,31988,0.230453,0.49,1,4413004,4412488,516
322446261,42.6696,59.0253,479,32054,0.254181,0.45,1,4413037,4412558,479
322449181,64.4678,45.2101,522,32120,0.287672,0.25,1,4413116,4412594,522
322455021,39.8349,51.1536,471,32252,0.294428,0.23,1,4413188,4412717,471
322457941,30.3339,43.8614,456,32318,0.291771,0.21,1,4413212,4412756,456
322469621,37.4437,38.5869,466,32578,0.417149,0.21,1,4413364,4412898,466
322530941,39.1494,40.1216,451,33916,0.757237,0.65,2,4414221,4413770,451
322533861,39.6598,39.4486,452,33978,0.752895,0.63,2,4414261,4413809,452
322536781,61.4639,61.9795,451,34040,0.775158,0.65,2,4414337,4413886,451
322539701,45.5856,44.5918,453,34102,0.772063,0.61,2,4414372,4413919,453
322542621,19.4342,19.0367,453,34164,0.782825,0.69,2,4414374,4413921,453
322554301,33.3583,32.8777,484,34412,0.905208,0.73,2,4414560,4414076,484
322557221,29.5433,30.5511,482,34473,0.932083,0.73,2,4414587,4414105,482
322560141,44.2173,27.8204,510,34534,0.918833,0.75,2,4414641,4414131,510
322563061,39.8869,43.5282,493,34595,0.925533,0.77,2,4414678,4414185,493
322565981,39.3548,39.0113,496,34656,0.928213,0.75,2,4414717,4414221,496
322733881,313.159,356.08,448,16060,0.262215,0.33,1,4417048,4416600,448
322742641,124.274,141.061,448,17167,0.0895018,0.03,1,4417368,4416920,448
322745561,80.9097,90.0244,444,17291,0.0538007,0.05,1,4417420,4416976,444
322748481,52.7639,60.0098,438,17414,0.0395203,0,1,4417454,4417016,438
322751401,105.106,43.2039,546,17536,0.0938081,0.07,1,4417594,4417048,546
322754321,88.2422,90.4816,501,17657,0.0915232,0.15,1,4417671,4417170,501
322757241,107.897,79.9926,549,17777,0.0906093,0.05,1,4417792,4417243,549
322760161,73.1588,106.997,474,17896,0.0542437,0.03,1,4417842,4417368,474
322763081,50.2635,73.9988,457,18015,0.0636975,0.03,1,4417877,4417420,457
322766001,21.3054,49.9995,425,18133,0.043479,0.13,1,4417879,4417454,425
322768921,94.9222,104,429,18250,0.0953916,0.09,1,4418023,4417594,429
322777681,70.419,73.088,423,18597,0.203625,0.07,1,4418265,4417842,423
322780601,49.1676,50.2352,423,18711,0.27945,0.03,1,4418300,4417877,423
322792281,107.799,105.547,431,19160,0.438626,0.21,1,4418649,4418218,431
322824401,85.7106,99.6714,522,20344,0.768993,0.53,2,4419412,4418890,522
322827321,111.684,84.8686,576,20448,0.781597,0.57,2,4419541,4418965,576
322830241,78.2737,109.547,506,20552,0.774639,0.65,2,4419597,4419091,506
322833161,53.5095,75.619,490,20655,0.783856,0.65,2,4419634,4419144,490
322836081,22.6038,51.8476,456,20758,0.763542,0.65,2,4419636,4419180,456
322847761,90.3483,111.684,461,21164,0.926507,0.77,2,4420002,4419541,461
322929521,93.8326,50.3702,589,23809,0.919312,1,2,4421897,4421308,589
322941201,27.0069,38.3359,499,24163,0.426302,0.93,1,4422033,4421534,499
322952881,82.7858,93.8326,463,24512,0.0780653,0.57,1,4422360,4421897,463
322955801,51.7143,65.733,447,24598,0.0732261,0.53,1,4422391,4421944,447
322958721,39.8857,47.2932,444,24684,0.0952905,0.45,1,4422423,4421979,444
322961641,35.1543,40.5173,440,24770,0.0921162,0.37,1,4422455,4422015,440
322970401,57.9299,62.1611,422,25026,0.0704554,0.13,1,4422639,4422217,422
322973321,45.3719,46.4644,423,25111,0.0461822,0.05,1,4422676,4422253,423
322976241,81.7488,82.7858,422,25195,0.0844729,0.07,1,4422782,4422360,422
322979161,51.8995,51.7143,423,25279,0.0517891,0.11,1,4422814,4422391,423
322982081,41.1598,39.8857,425,25363,0.0627157,0.09,1,4422848,4422423,425
322985001,35.0639,35.1543,424,25447,0.0910863,0.09,1,4422879,4422455,424
323014201,90.6441,23.02,562,26267,0.215791,0.15,1,4423456,4422894,562
323017121,57.2576,88.408,465,26348,0.224316,0.19,1,4423491,4423026,465
323020041,43.3031,56.3632,464,26428,0.239727,0.13,1,4423525,4423061,464
323022961,82.1212,44.1453,536,26508,0.257891,0.13,1,4423633,4423097,536
323025881,50.8485,83.0581,457,26588,0.277156,0.13,1,4423663,4423206,457
323028801,43.1394,51.2232,465,26668,0.284863,0.15,1,4423701,4423236,465
323049241,79.7248,82.1212,436,27218,0.401569,0.29,1,4424069,4423633,436
323052161,49.8899,50.8485,436,27296,0.418628,0.29,1,4424099,4423663,436
323055081,42.756,43.1394,436,27374,0.449451,0.33,1,4424137,4423701,436
323058001,39.9024,38.2558,439,27451,0.43778,0.35,1,4424175,4423736,439
323113481,25.7641,39.9828,468,28881,0.904923,0.65,2,4425086,4424618,468
323239041,38.6362,40.7372,518,31880,0.938798,1,2,4427230,4426712,518
323241961,35.8545,33.0949,524,31946,0.909519,1,2,4427264,4426740,524
323253641,34.7339,40.2648,509,32210,0.400228,1,1,4427446,4426937,509
323259481,77.3174,37.1624,572,32342,0.214036,1,1,4427586,4427014,572
323268241,35.8123,47.0904,499,32537,0.0998583,0.93,1,4427696,4427197,499
323297441,44.7043,44.5308,428,33181,0.229096,0.09,1,4428094,4427666,428
323300361,35.8817,35.8123,428,33245,0.229638,0.15,1,4428124,4427696,428
323303281,32.9527,33.5249,427,33309,0.289855,0.11,1,4428155,4427728,427
323326641,56.0176,54.7606,430,33813,0.438242,0.25,1,4428486,4428056,430
323329561,47.007,44.7043,433,33876,0.421297,0.23,1,4428527,4428094,433
323332481,36.8028,35.8817,433,33938,0.414519,0.33,1,4428557,4428124,433
323335401,35.1211,32.9527,436,34000,0.435808,0.33,1,4428591,4428155,436
323338321,49.4485,48.5811,436,34062,0.444323,0.33,1,4428650,4428214,436
323385041,32.4843,24.0847,482,35043,0.772022,0.49,2,4429229,4428747,482
323387961,72.3937,31.8339,544,35103,0.782809,0.59,2,4429328,4428784,544
323405481,44.0428,49.8551,494,35463,0.916917,0.73,2,4429585,4429091,494
323408401,18.8171,41.5421,460,35523,0.924767,0.73,2,4429587,4429127,460
323411321,33.9268,17.8168,502,35583,0.927907,0.75,2,4429631,4429129,502
323414241,24.3707,33.5267,476,35642,0.941163,0.75,2,4429649,4429173,476
323417161,10.9483,24.2107,460,35701,0.946465,0.79,2,4429651,4429191,460
323615721,27.7865,33.5698,493,39525,0.919474,1,2,4432347,4431854,493
323618641,41.7146,50.6279,482,39578,0.937789,1,2,4432398,4431916,482
323776321,34.0496,32.8149,514,42361,0.9268,1,2,4434330,4433816,514
323779241,33.4199,36.526,508,42411,0.77272,1,2,4434363,4433855,508
323793841,32.5243,29.391,505,42661,0.416479,1,1,4434541,4434036,505
323799681,27.5239,31.8226,491,42759,0.267037,1,1,4434595,4434104,491
323802601,36.8096,45.129,480,42808,0.256815,1,1,4434638,4434158,480
323811361,26.6678,33.5603,467,42955,0.0728361,0.99,1,4434727,4434260,467
323814281,32.2671,35.6241,466,43004,0.0351344,0.99,1,4434763,4434297,466
323817201,32.7069,14.2496,499,43053,0.0320538,0.89,1,4434796,4434297,499
323820121,30.4827,25.4999,495,43102,0.0308215,0.67,1,4434825,4434330,495
323823041,29.5931,29.9999,491,43151,0.0423286,0.69,1,4434854,4434363,491
323825961,32.2372,31.8,492,43200,0.0469314,0.57,1,4434888,4434396,492
323828881,31.4949,41.52,475,43249,0.0367726,0.53,1,4434919,4434444,475
323831801,31.798,35.808,475,43298,0.044709,0.43,1,4434951,4434476,475
323834721,26.5192,34.7232,464,43347,0.0358836,0.37,1,4434974,4434510,464
323837641,26.8077,32.4893,460,43396,0.0323534,0.31,1,4435001,4434541,460
323840561,26.3231,29.7957,458,43445,0.0189414,0.21,1,4435027,4434569,458
323843481,32.7292,27.5183,469,43494,0.0495766,0.25,1,4435064,4434595,469
323846401,32.2917,36.8073,458,43543,0.0618306,0.15,1,4435096,4434638,458
323849321,30.9167,36.9229,451,43591,0.0307322,0.05,1,4435126,4434675,451
323852241,25.5667,32.1692,444,43639,0.0302929,0.05,1,4435148,4434704,444
323855161,33.0267,26.6677,459,43687,0.0301172,0.01,1,4435186,4434727,459
323858081,32.4107,32.2671,455,43735,0.0420469,0.03,1,4435218,4434763,455
323861001,30.3643,32.7068,451,43783,0.0468187,0.03,1,4435247,4434796,451
323863921,30.1457,30.4827,452,43831,0.0967275,0.05,1,4435277,4434825,452
323866841,31.2583,29.5931,455,43879,0.068691,0.05,1,4435309,4434854,455
323869761,31.1033,32.2372,452,43927,0.0574764,0.03,1,4435340,4434888,452
323872681,32.2413,31.4949,454,43975,0.0649906,0.05,1,4435373,4434919,454
323875601,27.8965,31.798,447,44023,0.0559962,0.03,1,4435398,4434951,447
323878521,27.3586,26.5192,451,44071,0.0763985,0.03,1,4435425,4434974,451
323890201,29.8508,32.2917,451,44263,0.0830278,0.01,1,4435547,4435096,451
323893121,25.7403,30.9167,444,44311,0.0512111,0.03,1,4435570,4435126,444
323896041,34.2961,25.5667,462,44359,0.0384844,0.03,1,4435610,4435148,462
323898961,32.3184,33.0267,455,44407,0.0453938,0.05,1,4435641,4435186,455
323901881,30.3274,32.4107,452,44455,0.0361575,0.05,1,4435670,4435218,452
323904801,13.331,30.3643,425,44502,0.032463,0.13,1,4435672,4435247,425
323907721,25.1324,30.1457,428,44549,0.0909852,0.05,1,4435705,4435277,428
323913561,28.8612,31.1033,422,44643,0.0757576,0.07,1,4435762,4435340,422
323916481,31.9445,32.2413,423,44690,0.0363031,0.05,1,4435796,4435373,423
323919401,29.5778,27.8965,426,44737,0.0205212,0.09,1,4435824,4435398,426
323922321,28.6311,27.3586,427,44784,0.0622085,0.13,1,4435852,4435425,427
323925241,28.2524,26.5434,429,44831,0.0788834,0.13,1,4435880,4435451,429
323928161,31.701,32.8174,426,44878,0.0615534,0.09,1,4435914,4435488,426
323931081,30.6804,31.127,426,44925,0.0546213,0.07,1,4435944,4435518,426
323939841,33.9795,34.2961,423,45066,0.0646958,0.05,1,4436033,4435610,423
323942761,32.7918,32.3184,424,45113,0.0438783,0.03,1,4436065,4435641,424
323945681,30.5167,30.3274,424,45160,0.0355513,0.03,1,4436094,4435670,424
323948601,13.4067,13.331,424,45207,0.0322205,0.13,1,4436096,4435672,424
323951521,26.3627,25.1324,426,45254,0.0428882,0.13,1,4436131,4435705,426
323954441,26.1451,25.653,426,45301,0.0711553,0.05,1,4436157,4435731,426
323957361,27.858,28.8612,424,45348,0.0464621,0.01,1,4436186,4435762,424
323960281,30.3432,31.9445,422,45395,0.0365848,0.01,1,4436218,4435796,422
323963201,29.5373,29.5778,423,45441,0.0566339,0.09,1,4436247,4435824,423
323966121,29.2149,28.6311,424,45487,0.0406536,0.09,1,4436276,4435852,424
323969041,28.486,28.2524,424,45533,0.0822614,0.05,1,4436304,4435880,424
323971961,31.7944,31.701,424,45579,0.0989046,0.05,1,4436338,4435914,424
323977801,30.8871,27.8722,429,45671,0.201825,0.17,1,4436399,4435970,429
323980721,25.5548,24.9489,428,45717,0.24273,0.01,1,4436421,4435993,428
323983641,30.6219,33.9795,422,45763,0.235092,0.03,1,4436455,4436033,422
323986561,32.0488,32.7918,423,45809,0.220037,0.03,1,4436488,4436065,423
323989481,29.6195,30.5167,422,45855,0.214015,0.03,1,4436516,4436094,422
323992401,13.0478,13.4067,422,45901,0.211606,0.05,1,4436518,4436096,422
324009921,29.1904,29.1324,451,46177,0.205568,0.03,1,4436698,4436247,451
324012841,29.6762,29.0529,452,46223,0.208227,0.11,1,4436728,4436276,452
324015761,33.4705,28.4212,460,46269,0.233291,0.11,1,4436764,4436304,460
324018681,31.3882,31.7685,456,46315,0.243316,0.15,1,4436794,4436338,456
324021601,34.7553,30.7074,463,46361,0.247327,0.25,1,4436831,4436368,463
324024521,27.1021,30.883,454,46406,0.272931,0.27,1,4436853,4436399,454
324027441,31.2408,25.5532,466,46451,0.283172,0.23,1,4436887,4436421,466
324030361,31.6963,30.6213,464,46496,0.299269,0.21,1,4436919,4436455,464
324047881,30.8339,27.4751,462,46766,0.416274,0.19,1,4437070,4436608,462
324050801,30.3336,30.19,460,46811,0.43651,0.21,1,4437100,4436640,460
324109201,35.078,31.8901,453,47704,0.778586,0.63,2,4437680,4437227,453
324112121,36.8312,34.9561,454,47748,0.785434,0.61,2,4437718,4437264,454
324115041,27.9325,28.3824,452,47792,0.788174,0.61,2,4437740,4437288,452
324117961,31.573,31.753,452,47836,0.78927,0.59,2,4437774,4437322,452
324120881,31.8292,32.5012,451,47880,0.789708,0.61,2,4437806,4437355,451
324155921,36.5218,35.078,460,48408,0.915385,0.79,2,4438140,4437680,460
324158841,36.8087,36.8312,459,48452,0.912154,0.79,2,4438177,4437718,459
324161761,27.9235,27.9325,459,48495,0.934862,0.79,2,4438199,4437740,459
324342801,320.936,343.724,475,23360,0.418,0.63,1,4440378,4439903,475
324390981,94.3399,88.0463,474,23541,0.073552,0.03,1,4440657,4440183,474
324393901,73.136,88.6185,444,23631,0.0294208,0.03,1,4440716,4440272,444
324396821,58.0544,70.8474,433,23721,0.0417683,0.01,1,4440764,4440331,433
324399741,38.8218,43.939,433,23810,0.0347073,0.01,1,4440790,4440357,433
324402661,22.7287,27.1756,429,23899,0.0198829,0.03,1,4440802,4440373,429
324405581,52.8915,43.8702,447,23988,0.0259532,0.05,1,4440875,4440428,447
324408501,66.1566,50.5481,467,24076,0.0403813,0.05,1,4440950,4440483,467
324411421,57.0626,77.2192,423,24164,0.0341525,0.05,1,4441001,4440578,423
324414341,71.4251,78.2877,425,24252,0.079661,0,1,4441082,4440657,425
324417261,62.77,66.7151,423,24339,0.0378644,0.05,1,4441139,4440716,423
324420181,53.908,55.486,423,24426,0.0571458,0.03,1,4441187,4440764,423
324423101,36.5632,37.7944,422,24513,0.0528583,0.01,1,4441212,4440790,422
324426021,22.4253,22.3178,423,24599,0.0391433,0.03,1,4441225,4440802,423
324428941,52.1701,52.7271,422,24685,0.0456573,0.05,1,4441297,4440875,422
324431861,67.068,66.0908,424,24771,0.0722629,0.03,1,4441374,4440950,424
324434781,56.2272,57.0363,422,24857,0.0589052,0.11,1,4441423,4441001,422
324437701,73.4909,71.4145,426,24942,0.0655621,0.01,1,4441508,4441082,426
324440621,61.7964,62.7658,423,25027,0.0802248,0.07,1,4441562,4441139,423
324443541,52.9185,53.9063,422,25112,0.0740899,0.05,1,4441609,4441187,422
324446461,36.1674,36.5625,422,25196,0.047636,0.03,1,4441634,4441212,422
324449381,22.267,22.425,422,25280,0.0370544,0.05,1,4441647,4441225,422
324452301,52.1068,52.17,422,25364,0.0208218,0.09,1,4441719,4441297,422
324455221,68.2427,67.068,424,25448,0.0143287,0.09,1,4441798,4441374,424
324458141,54.8971,26.8272,470,25531,0.0477315,0.05,1,4441844,4441374,470
324461061,73.5588,40.1309,507,25614,0.0250926,0.07,1,4441930,4441423,507
324463981,61.2235,67.0524,475,25697,0.028037,0.09,1,4441983,4441508,475
324466901,53.2894,59.2209,469,25779,0.0292148,0.07,1,4442031,4441562,469
324469821,35.7158,51.8884,446,25861,0.0416859,0.03,1,4442055,4441609,446
324472741,22.0863,35.7554,434,25943,0.0226744,0.03,1,4442068,4441634,434
324475661,52.0345,22.1021,493,26025,0.0390697,0.01,1,4442140,4441647,493
324478581,68.2138,52.0409,500,26106,0.0336279,0.01,1,4442219,4441719,500
324481501,56.6855,68.2163,470,26187,0.0314512,0.07,1,4442268,4441798,470
324484421,73.6742,54.8865,509,26268,0.0305805,0.01,1,4442353,4441844,509
324487341,61.8697,73.5546,477,26349,0.0302322,0.03,1,4442407,4441930,477
324490261,52.3479,61.2218,470,26429,0.0660929,0.03,1,4442453,4441983,470
324493181,35.3391,53.2887,446,26509,0.0924372,0.05,1,4442477,4442031,446
324496101,21.9357,35.7155,435,26589,0.0669749,0.01,1,4442490,4442055,435
324499021,52.5743,22.0862,495,26669,0.0687899,0.05,1,4442563,4442068,495
324501941,67.8297,52.0345,501,26748,0.081516,0.03,1,4442641,4442140,501
324504861,56.5319,68.2138,471,26827,0.0626064,0.03,1,4442690,4442219,471
324507781,73.6128,56.6855,507,26906,0.0910426,0.03,1,4442775,4442268,507
324519461,30.9053,35.3391,423,27219,0.216075,0.05,1,4442900,4442477,423
324522381,19.5621,21.9357,422,27297,0.24843,0.07,1,4442912,4442490,422
324525301,53.4248,52.5743,425,27375,0.261372,0.09,1,4442988,4442563,425
324551581,54.9562,53.4248,434,28064,0.433585,0.33,1,4443422,4442988,434
324615821,32.0533,75.9614,450,29678,0.751681,0.55,2,4444536,4444086,450
324618741,47.0213,31.5846,505,29749,0.786672,0.55,2,4444593,4444088,505
324633341,56.557,56.9557,453,30103,0.908161,0.65,2,4444763,4444310,453
324793941,75.3445,79.6684,481,33751,0.903998,1,2,4447383,4446902,481
325068421,44.1943,41.6676,503,39202,0.91667,1,2,4451180,4450677,503
325077181,25.4604,34.8747,491,39364,0.762107,1,2,4451265,4450774,491
325091781,41.8873,42.4426,481,39632,0.282911,0.97,1,4451477,4450996,481
325103461,24.9235,30.9857,472,39844,0.0966665,0.87,1,4451599,4451127,472
325106381,36.3694,44.1943,463,39897,0.0806666,0.79,1,4451643,4451180,463
325109301,33.7478,39.8777,458,39950,0.0622666,0.79,1,4451675,4451217,458
325112221,29.0991,32.1511,457,40003,0.0549067,0.73,1,4451701,4451244,457
325115141,22.4396,25.4604,454,40056,0.0759627,0.57,1,4451719,4451265,454
325118061,36.5759,40.7842,449,40109,0.0843851,0.57,1,4451765,4451316,449
325132661,28.9067,41.2608,453,40372,0.0871009,0.11,1,4451930,4451477,453
325135581,34.3627,33.3043,463,40424,0.0888404,0.05,1,4451968,4451505,463
325161861,27.7452,36.2303,449,40892,0.200614,0.15,1,4452250,4451801,449
325164781,39.2981,28.2921,473,40944,0.230246,0.13,1,4452297,4451824,473
325167701,37.3192,38.9168,463,40996,0.242098,0.15,1,4452333,4451870,463
325170621,26.9277,37.7667,446,41047,0.258839,0.05,1,4452353,4451907,446
325173541,35.9711,28.9067,465,41098,0.265536,0.09,1,4452395,4451930,465
325176461,36.5884,34.3627,464,41149,0.292214,0.13,1,4452432,4451968,464
325193981,36.6456,22.5191,475,41455,0.4058,0.19,1,4452619,4452144,475
325202741,19.3613,27.7452,433,41608,0.403011,0.25,1,4452683,4452250,433
325205661,36.5445,39.2981,434,41659,0.443204,0.25,1,4452731,4452297,434
325269901,31.7227,31.1163,447,42760,0.781585,0.51,2,4453444,4452997,447
325272821,23.4891,23.2465,447,42809,0.774634,0.51,2,4453462,4453015,447
325293261,27.9657,37.0324,473,43152,0.902246,0.65,2,4453687,4453214,473
325296181,36.3863,26.813,495,43201,0.918898,0.69,2,4453729,4453234,495
325299101,38.5545,35.9252,493,43250,0.925559,0.69,2,4453769,4453276,493
325302021,28.0218,37.1701,476,43299,0.916224,0.73,2,4453790,4453314,476
325304941,38.8087,26.868,502,43348,0.912489,0.73,2,4453836,4453334,502
325307861,38.9235,37.7472,496,43397,0.910996,0.75,2,4453875,4453379,496
325310781,32.3694,37.2989,487,43446,0.922398,0.81,2,4453903,4453416,487
325313701,24.3478,31.7196,478,43495,0.938959,0.77,2,4453922,4453444,478
325316621,39.7391,23.4878,510,43544,0.945584,0.87,2,4453972,4453462,510
325494741,37.8858,41.0826,509,46407,0.924521,1,2,4455961,4455452,509
325497661,32.5543,35.633,506,46452,0.915808,1,2,4455990,4455484,506
325503501,34.6087,32.5813,518,46542,0.769329,1,2,4456060,4455542,518
325515181,30.5644,32.2885,516,46722,0.418527,0.99,1,4456186,4455670,516
325521021,30.3303,28.2062,517,46812,0.240964,1,1,4456247,4455730,517
325523941,21.1321,25.0825,509,46857,0.210386,1,1,4456262,4455753,509
325529781,22.8211,31.8532,495,46947,0.0924617,1,1,4456313,4455818,495
325532701,31.9285,28.3413,507,46992,0.0669847,1,1,4456351,4455844,507
325535621,38.5714,33.5365,513,47037,0.0447939,0.94,1,4456394,4455881,513
325538541,33.4286,39.2146,500,47082,0.0239175,0.9,1,4456424,4455924,500
325541461,30.1714,37.8858,491,47127,0.039567,0.91,1,4456452,4455961,491
325544381,31.2686,32.5543,494,47172,0.0458268,0.87,1,4456484,4455990,494
325547301,28.7074,34.0217,486,47217,0.0603307,0.69,1,4456511,4456025,486
325550221,28.283,34.6087,479,47262,0.0901323,0.63,1,4456539,4456060,479
325579421,32.0557,31.9285,423,47705,0.0868647,0.03,1,4456774,4456351,423
325582341,38.6223,38.5714,423,47749,0.0527459,0.01,1,4456817,4456394,423
325585261,34.6489,33.4286,425,47793,0.0390984,0.05,1,4456849,4456424,425
325588181,30.0596,30.1714,424,47837,0.0336393,0.05,1,4456876,4456452,424
325591101,31.2238,31.2686,424,47881,0.0674557,0.07,1,4456908,4456484,424
325608621,21.9717,21.076,426,48145,0.210649,0.17,1,4457048,4456622,426
325611541,20.1887,21.0304,424,48189,0.22226,0.09,1,4457067,4456643,424
325614461,28.4755,27.6122,426,48233,0.262904,0.13,1,4457101,4456675,426
325617381,19.1902,18.2449,427,48277,0.267162,0.11,1,4457114,4456687,427
325620301,24.4761,24.0979,427,48321,0.268865,0.11,1,4457142,4456715,427
325623221,20.5904,21.6392,425,48365,0.269546,0.07,1,4457160,4456735,425
325626141,30.4362,32.0557,423,48409,0.293818,0.03,1,4457197,4456774,423
325629061,37.3745,38.6223,422,48453,0.267527,0.03,1,4457239,4456817,422
325631981,34.1498,34.6489,422,48496,0.233011,0.03,1,4457271,4456849,422
325649501,22.1285,21.8233,430,48754,0.213124,0.17,1,4457446,4457016,430
325655341,22.6206,21.9717,431,48840,0.2177,0.23,1,4457479,4457048,431
325658261,21.6482,8.78869,452,48883,0.23708,0.23,1,4457500,4457048,452
325661181,29.0593,14.9155,467,48926,0.256832,0.29,1,4457534,4457067,467
325664101,20.0237,26.3662,447,48969,0.264733,0.27,1,4457548,4457101,447
325667021,24.8095,18.3465,462,49012,0.279893,0.27,1,4457576,4457114,462
325669941,20.7238,24.1386,452,49055,0.285957,0.27,1,4457594,4457142,452
325672861,31.0895,20.4554,472,49098,0.288383,0.31,1,4457632,4457160,472
325675781,35.2358,30.3822,473,49141,0.289353,0.25,1,4457670,4457197,473
325678701,30.8943,37.3529,459,49184,0.289741,0.21,1,4457698,4457239,459
325681621,27.9577,34.1411,453,49227,0.289897,0.15,1,4457724,4457271,453
325702061,23.9503,10.0514,463,49528,0.41069,0.23,1,4457911,4457448,463
325704981,22.7801,22.6206,454,49571,0.434276,0.25,1,4457933,4457479,454
325813021,22.9469,22.3759,455,51118,0.754875,0.71,2,4458912,4458457,455
325815941,19.9787,19.7504,455,51159,0.78795,0.71,2,4458930,4458475,455
325836381,31.6145,31.6402,456,51446,0.914628,0.69,2,4459165,4458709,456
325839301,38.4458,39.0561,455,51487,0.911851,0.69,2,4459208,4458753,455
325842221,24.9783,25.8224,454,51528,0.946741,0.65,2,4459224,4458770,454
325845141,11.1913,11.529,454,51569,0.936696,0.67,2,4459226,4458772,454
325850981,25.0706,23.9246,456,51651,0.947871,0.71,2,4459287,4458831,456
325853901,32.2282,31.1699,457,51692,0.937149,0.71,2,4459324,4458867,457
325856821,14.0913,13.6679,457,51733,0.932859,0.75,2,4459326,4458869,457
326086041,78.5664,61.5003,483,25578,0.4405,0.31,1,4461885,4461402,483
326126921,40.9993,35.47,494,26716,0.75817,0.57,2,4462627,4462133,494
326129841,44.5997,41.188,496,26795,0.753268,0.57,2,4462674,4462178,496
326132761,83.8399,43.4752,561,26874,0.787307,0.63,2,4462784,4462223,561
326153201,41.6763,40.9993,460,27421,0.908423,0.75,2,4463087,4462627,460
326156121,43.0705,44.5997,457,27498,0.933369,0.81,2,4463131,4462674,457
326267081,84.2421,89.9816,485,30287,0.946,1,2,4465150,4464665,485
326272921,54.0387,51.2371,493,30427,0.75496,1,2,4465241,4464748,493
326281681,49.1305,48.9512,490,30635,0.242957,1,1,4465377,4464887,490
326287521,39.6609,39.0322,488,30773,0.0556732,1,1,4465451,4464963,488
326290441,38.6644,36.0129,492,30842,0.0642693,1,1,4465489,4464997,492
326293361,35.2657,36.6051,488,30911,0.0437077,0.91,1,4465522,4465034,488
326296281,66.3063,84.2421,459,30979,0.0234831,0.79,1,4465609,4465150,459
326299201,45.7225,57.0968,452,31047,0.00939323,0.69,1,4465641,4465189,452
326302121,48.889,54.0387,451,31115,0.0457573,0.59,1,4465692,4465241,451
326305041,39.9556,43.8155,448,31183,0.0963029,0.35,1,4465726,4465278,448
326319641,36.5416,34.9444,461,31521,0.0566949,0.07,1,4465912,4465451,461
326322561,33.8167,36.7777,455,31588,0.052678,0.03,1,4465944,4465489,455
326325481,65.7267,34.5111,509,31655,0.0270712,0.01,1,4466031,4465522,509
326328401,44.8907,66.0044,453,31722,0.0108285,0,1,4466062,4465609,453
326331321,50.9563,45.6018,476,31789,0.0103314,0.07,1,4466117,4465641,476
326334241,41.3825,48.8407,460,31856,0.0821326,0.13,1,4466152,4465692,460
326345921,31.765,34.8839,458,32120,0.205191,0.11,1,4466298,4465840,458
326354681,66.185,33.8166,510,32318,0.0949722,0.01,1,4466454,4465944,510
326357601,45.074,65.7266,454,32383,0.0379889,0,1,4466485,4466031,454
326360521,51.6296,44.8907,479,32448,0.0451955,0.01,1,4466541,4466062,479
326363441,43.4518,50.9563,462,32513,0.0480782,0.13,1,4466579,4466117,462
326366361,41.3807,41.3825,467,32578,0.0732313,0.17,1,4466619,4466152,467
326380961,30.8711,34.906,431,32902,0.204683,0.19,1,4466766,4466335,431
326383881,30.3484,31.9624,431,32966,0.207873,0.03,1,4466796,4466365,431
326386801,60.7394,66.185,423,33030,0.233149,0,1,4466877,4466454,423
326389721,42.8957,45.074,423,33094,0.24326,0.05,1,4466908,4466485,423
326413081,31.0138,30.8711,432,33602,0.20595,0.21,1,4467198,4466766,432
326416001,30.4055,30.3484,432,33665,0.22038,0.25,1,4467228,4466796,432
326418921,62.5622,60.7394,435,33728,0.202152,0.25,1,4467312,4466877,435
326421841,41.8249,42.8957,432,33791,0.218861,0.17,1,4467340,4466908,432
326424761,48.53,51.3583,428,33854,0.225544,0.13,1,4467393,4466965,428
326427681,42.212,44.5433,426,33916,0.228218,0.17,1,4467431,4467005,426
326430601,42.0848,41.8173,428,33978,0.253287,0.17,1,4467473,4467045,428
326448121,30.4373,25.3655,460,34350,0.407096,0.23,1,4467658,4467198,460
326451041,62.5749,28.1462,514,34412,0.444839,0.19,1,4467742,4467228,514
326512361,34.5186,33.3953,486,35679,0.769747,0.63,2,4468555,4468069,486
326515281,15.0074,32.5581,456,35738,0.793899,0.71,2,4468557,4468101,456
326524041,48.3365,49.9637,456,35915,0.91265,0.67,2,4468725,4468269,456
326526961,42.1346,43.3855,455,35974,0.92306,0.67,2,4468763,4468308,455
326529881,43.8538,44.3542,455,36033,0.939224,0.65,2,4468808,4468353,455
326532801,52.3415,53.1417,454,36092,0.94569,0.67,2,4468866,4468412,454
326693401,27.9669,30.8364,500,39181,0.916,1,2,4470966,4470466,500
326702161,36.1339,35.4535,494,39343,0.782224,1,2,4471095,4470601,494
326716761,46.9761,45.2997,487,39611,0.443687,1,1,4471304,4470817,487
326719681,36.7904,35.5199,488,39664,0.423475,1,1,4471334,4470846,488
326722601,25.5162,28.6079,482,39717,0.40339,1,1,4471352,4470870,482
326725521,30.0065,33.0432,479,39770,0.431356,1,1,4471385,4470906,479
326781001,32.9246,32.6704,476,40767,0.765205,0.51,2,4472027,4471551,476
326824801,29.8193,35.9698,487,41537,0.939216,0.87,2,4472552,4472065,487
327005841,30.1281,34.7132,495,44578,0.928,1,2,4474652,4474157,495
327008761,34.8512,30.0853,506,44625,0.9172,1,2,4474690,4474184,506
327014601,34.0162,34.3336,503,44719,0.793552,1,2,4474753,4474250,503
327032121,34.4824,34.5463,496,45001,0.0760549,1,1,4474959,4474463,496
327035041,34.7929,34.8185,496,45048,0.0724219,1,1,4474994,4474498,496
327037961,23.5172,30.1274,485,45095,0.0709688,1,1,4475010,4474525,485
327040881,30.4069,31.251,488,45142,0.0463875,1,1,4475045,4474557,488
327043801,30.1627,35.3004,480,45189,0.036555,1,1,4475075,4474595,480
327046721,25.2651,30.3202,475,45236,0.032622,0.88,1,4475097,4474622,475
327049641,25.706,30.1281,471,45283,0.0670488,0.91,1,4475123,4474652,471
327052561,28.8824,34.8512,464,45330,0.0328195,0.87,1,4475154,4474690,464
327055481,25.353,29.5405,461,45377,0.0431278,0.73,1,4475177,4474716,461
327058401,28.1412,34.0162,454,45423,0.0232511,0.67,1,4475207,4474753,454
327061321,32.2565,34.6065,454,45469,0.0273004,0.55,1,4475242,4474788,454
327064241,26.1026,31.8426,446,45515,0.0289202,0.45,1,4475264,4474818,446
327067161,23.641,29.537,440,45561,0.0295681,0.21,1,4475286,4474846,440
327070081,33.4564,37.0148,438,45607,0.0538272,0.07,1,4475326,4474888,438
327073001,32.5826,38.2059,431,45653,0.0515309,0.01,1,4475358,4474927,431
327075921,29.833,34.4824,427,45699,0.0746124,0.07,1,4475386,4474959,427
327078841,30.5332,34.7929,423,45745,0.0598449,0.07,1,4475417,4474994,423
327081761,21.2133,23.5172,422,45791,0.065938,0.03,1,4475432,4475010,422
327084681,29.4853,30.4069,422,45837,0.0563752,0.03,1,4475467,4475045,422
327087601,29.7941,30.1627,422,45883,0.0285501,0.03,1,4475497,4475075,422
327090521,25.1176,25.2651,422,45929,0.01742,0.03,1,4475519,4475097,422
327093441,26.2471,10.106,449,45975,0.060968,0.09,1,4475546,4475097,449
327096361,28.4988,19.6424,453,46021,0.0903872,0.01,1,4475576,4475123,453
327099281,25.7995,26.457,446,46067,0.0421549,0.05,1,4475600,4475154,446
327102201,27.7198,24.3828,452,46113,0.046862,0.01,1,4475629,4475177,452
327105121,31.4879,27.7531,456,46159,0.0187448,0.03,1,4475663,4475207,456
327108041,25.7952,32.1012,443,46205,0.0374979,0.03,1,4475685,4475242,443
327110961,23.5181,26.0405,443,46251,0.0569992,0.03,1,4475707,4475264,443
327113881,35.2072,23.6162,464,46297,0.0527997,0.07,1,4475750,4475286,464
327116801,31.4829,33.4465,453,46343,0.0871199,0.05,1,4475779,4475326,453
327122641,31.5573,29.8314,454,46433,0.0943392,0.05,1,4475840,4475386,454
327125561,21.0229,30.5326,437,46478,0.0917357,0.07,1,4475854,4475417,437
327137241,28.1862,25.1176,452,46658,0.0769884,0.09,1,4475971,4475519,452
327140161,27.4745,26.2471,452,46703,0.0727954,0.11,1,4475998,4475546,452
327143081,25.9898,28.4988,447,46748,0.0711181,0.01,1,4476023,4475576,447
327146001,27.7959,25.7995,452,46793,0.0584473,0.05,1,4476052,4475600,452
327148921,30.9184,27.7198,456,46838,0.0653789,0,1,4476085,4475629,456
327151841,26.1673,31.4879,445,46883,0.0561516,0.05,1,4476108,4475663,445
327154761,23.0669,25.7952,444,46928,0.0404606,0.07,1,4476129,4475685,444
327157681,36.8268,23.5181,468,46973,0.0341842,0.05,1,4476175,4475707,468
327160601,32.7307,35.2072,455,47018,0.0556737,0.11,1,4476205,4475750,455
327163521,29.8923,31.4829,454,47063,0.0642695,0.11,1,4476233,4475779,454
327166441,31.1569,29.3932,458,47108,0.0677078,0.09,1,4476265,4475807,458
327169361,21.4628,31.5573,440,47153,0.0810831,0.09,1,4476280,4475840,440
327172281,29.5851,21.0229,461,47198,0.0864332,0.15,1,4476315,4475854,461
327175201,29.834,29.4092,456,47243,0.0885733,0.13,1,4476345,4475889,456
327178121,22.7336,29.1637,445,47288,0.0894293,0.11,1,4476363,4475918,445
327189801,19.3404,25.9898,425,47466,0.202401,0.05,1,4476448,4476023,425
327192721,25.7362,27.7959,426,47510,0.230961,0.07,1,4476478,4476052,426
327195641,28.2945,30.9184,423,47554,0.266384,0.05,1,4476508,4476085,423
327198561,25.7178,26.1673,424,47598,0.280554,0.03,1,4476532,4476108,424
327201481,22.2871,23.0669,423,47642,0.262221,0.03,1,4476552,4476129,423
327204401,37.1148,36.8268,424,47686,0.218889,0.07,1,4476599,4476175,424
327207321,33.4459,32.7307,425,47730,0.201555,0.07,1,4476630,4476205,425
327210241,30.1784,29.8923,425,47774,0.206622,0.07,1,4476658,4476233,425
327213161,31.2714,31.1569,425,47818,0.232649,0.09,1,4476690,4476265,425
327216081,20.9085,21.4628,424,47862,0.24306,0.09,1,4476704,4476280,424
327219001,30.5634,29.5851,426,47906,0.247224,0.09,1,4476741,4476315,426
327221921,30.2254,29.834,426,47950,0.24889,0.09,1,4476771,4476345,426
327224841,22.8901,22.7336,426,47994,0.249556,0.13,1,4476789,4476363,426
327227761,29.5561,27.6934,429,48038,0.249822,0.17,1,4476823,4476394,429
327230681,29.8224,27.8774,431,48082,0.261929,0.17,1,4476853,4476422,431
327233601,13.129,12.351,431,48126,0.266772,0.23,1,4476855,4476424,431
327236521,21.4516,19.3404,434,48170,0.256709,0.25,1,4476882,4476448,434
327239441,26.5806,25.7362,434,48214,0.276683,0.29,1,4476912,4476478,434
327242361,28.6323,28.2945,434,48258,0.260673,0.29,1,4476942,4476508,434
327245281,25.8529,25.7178,434,48302,0.278269,0.25,1,4476966,4476532,434
327256961,30.4218,30.1784,432,48478,0.271076,0.25,1,4477090,4476658,432
327259881,31.9687,31.2714,433,48521,0.28243,0.25,1,4477123,4476690,433
327277401,29.5914,29.8224,433,48779,0.403264,0.27,1,4477286,4476853,433
327280321,13.0366,13.129,433,48822,0.407306,0.25,1,4477288,4476855,433
327283241,20.8146,21.4516,432,48865,0.408922,0.25,1,4477314,4476882,432
327289081,28.7703,21.4323,463,48951,0.417028,0.25,1,4477375,4476912,463
327292001,26.5081,26.5729,458,48994,0.412811,0.29,1,4477400,4476942,458
327294921,23.2033,25.0292,455,49037,0.423124,0.33,1,4477421,4476966,455
327297841,34.4813,22.0117,477,49080,0.43925,0.33,1,4477463,4476986,477
327353321,34.3247,30.597,480,49890,0.758409,0.49,2,4478004,4477524,480
327356241,23.3299,33.2388,461,49932,0.777364,0.49,2,4478020,4477559,461
327359161,33.932,22.8955,486,49974,0.772945,0.55,2,4478061,4477575,486
327362081,32.7728,31.9582,480,50016,0.783178,0.57,2,4478093,4477613,480
327365001,23.9091,31.3833,467,50058,0.799271,0.57,2,4478111,4477644,467
327394201,34.9561,34.9489,457,50478,0.93045,0.75,2,4478363,4477906,457
327592761,27.0284,22.5705,511,53242,0.922,1,2,4480257,4479746,511
327595681,31.8114,29.4282,512,53282,0.9148,1,2,4480292,4479780,512
327598601,26.5245,29.1713,506,53322,0.94792,1,2,4480315,4479809,506
327601521,27.4098,29.0685,505,53361,0.901168,1,2,4480343,4479838,505
327604441,28.3639,36.8274,492,53400,0.798467,1,2,4480372,4479880,492
327607361,32.9456,27.331,507,53439,0.769387,1,2,4480408,4479901,507
327633641,25.9919,25.6727,492,53790,0.401219,1,1,4480642,4480150,492
327642401,16.6395,22.571,472,53907,0.404638,0.87,1,4480699,4480227,472
327645321,23.4558,27.0284,470,53946,0.431855,0.91,1,4480727,4480257,470
327753361,30.8992,25.1314,484,55371,0.759373,0.57,2,4481655,4481171,484
327756281,23.1597,31.0526,467,55409,0.765749,0.57,2,4481673,4481206,467
327759201,24.8639,23.221,475,55447,0.7683,0.55,2,4481699,4481224,475
327762121,26.7455,25.4884,476,55485,0.75732,0.57,2,4481727,4481251,476
327765041,31.6982,25.7954,485,55523,0.776928,0.61,2,4481762,4481277,485
327767961,27.0793,30.7181,475,55561,0.796771,0.61,2,4481786,4481311,475
327823441,26.4443,27.0793,462,56279,0.927616,0.81,2,4482248,4481786,462
327826361,22.5777,22.8317,462,56316,0.941046,0.83,2,4482268,4481806,462
328122741,65.7414,57.8093,493,28120,0.901146,0.91,2,4485008,4484515,493
328125661,50.2966,52.5237,484,28195,0.930458,0.89,2,4485048,4484564,484
328403061,51.5344,44.7839,532,34606,0.402148,1,1,4489581,4489049,532
328408901,52.5255,40.5254,543,34728,0.0775437,1,1,4489677,4489134,543
328411821,46.8102,50.4102,529,34789,0.0310175,1,1,4489720,4489191,529
328414741,40.3241,50.7641,514,34850,0.042407,1,1,4489756,4489242,514
328417661,40.1296,44.3056,514,34911,0.0349628,1,1,4489796,4489282,514
328420581,26.8519,38.7222,497,34972,0.0319851,0.92,1,4489814,4489317,497
328423501,32.3407,28.0889,512,35032,0.018794,1,1,4489850,4489338,512
328426421,52.5363,36.4356,536,35092,0.0975176,0.8,1,4489916,4489380,536
328429341,32.4145,58.9742,481,35152,0.057007,0.77,1,4489935,4489454,481
328435181,38.7863,38.8359,488,35272,0.0991211,0.21,1,4490009,4489521,488
328441021,50.6058,42.8137,483,35392,0.0818594,0.01,1,4490101,4489618,483
328443941,44.2423,52.5255,464,35452,0.0387437,0,1,4490141,4489677,464
328446861,41.0969,46.8102,460,35512,0.0334975,0.05,1,4490180,4489720,460
328449781,39.2388,40.3241,462,35572,0.019399,0.03,1,4490218,4489756,462
328452701,25.8955,40.1296,439,35631,0.0497596,0.03,1,4490235,4489796,439
328455621,31.9582,26.8519,457,35690,0.0499038,0.01,1,4490271,4489814,457
328458541,13.9833,32.3407,423,35749,0.0499615,0.15,1,4490273,4489850,423
328461461,46.9933,52.5363,426,35808,0.0379846,0.03,1,4490342,4489916,426
328464381,29.5973,32.4145,425,35867,0.0331938,0.15,1,4490360,4489935,425
328467301,32.2389,30.9658,429,35926,0.0552775,0.09,1,4490394,4489965,429
328476061,49.1273,50.6058,424,36103,0.0868178,0.01,1,4490525,4490101,424
328478981,43.6509,44.2423,424,36162,0.0407271,0.03,1,4490565,4490141,424
328481901,39.6604,41.0969,422,36220,0.0342908,0.01,1,4490602,4490180,422
328484821,39.8641,39.2388,424,36278,0.0317163,0.07,1,4490642,4490218,424
328487741,24.9457,25.8955,422,36336,0.0306865,0.05,1,4490657,4490235,422
328490661,33.3783,31.9582,425,36394,0.0182746,0.05,1,4490696,4490271,425
328493581,14.5513,13.9833,425,36452,0.00730985,0.03,1,4490698,4490273,425
328496501,46.0205,46.9933,423,36510,0.00892394,0.03,1,4490765,4490342,423
328499421,29.8082,29.5973,424,36568,0.0215696,0.07,1,4490784,4490360,424
328502341,32.3233,32.2389,424,36626,0.0506278,0.13,1,4490818,4490394,424
328505261,41.7293,39.2956,428,36684,0.0502511,0.17,1,4490866,4490438,428
328508181,32.2917,31.3182,428,36742,0.0861005,0.05,1,4490892,4490464,428
328511101,45.9167,49.1273,422,36800,0.0884402,0.01,1,4490947,4490525,422
328514021,42.3667,43.6509,422,36857,0.0653761,0.03,1,4490987,4490565,422
328516941,39.1467,39.6604,422,36914,0.0441504,0.03,1,4491024,4490602,422
328519861,39.6587,39.8641,422,36971,0.0476602,0.03,1,4491064,4490642,422
328522781,24.8635,24.9457,422,37028,0.0370641,0.01,1,4491079,4490657,422
328525701,33.3454,33.3783,422,37085,0.0208256,0,1,4491118,4490696,422
328528621,14.5382,14.5513,422,37142,0.0263303,0,1,4491120,4490698,422
328531541,45.4153,5.82052,488,37199,0.0525321,0.01,1,4491186,4490698,488
328534461,30.1661,42.5282,441,37256,0.0630128,0.03,1,4491206,4490765,441
328537381,32.4664,28.4113,456,37313,0.0912051,0.07,1,4491240,4490784,456
328546141,46.8619,32.2023,480,37483,0.203837,0.09,1,4491372,4490892,480
328560741,33.2936,24.8626,460,37763,0.0731177,0.01,1,4491539,4491079,460
328563661,14.5174,33.345,423,37819,0.0592471,0.03,1,4491541,4491118,423
328566581,47.207,14.538,490,37875,0.0536988,0.07,1,4491610,4491120,490
328569501,30.8828,45.4152,444,37931,0.0634795,0.07,1,4491630,4491186,444
328572421,33.9531,30.1661,460,37987,0.0793918,0.11,1,4491666,4491206,460
328575341,45.3812,32.4664,479,38043,0.0857567,0.15,1,4491719,4491240,479
328607461,13.8415,30.8828,426,38649,0.0963857,0.09,1,4492056,4491630,426
328624981,35.9851,35.1266,430,38975,0.216896,0.15,1,4492300,4491870,430
328627901,37.194,37.4506,429,39029,0.260758,0.15,1,4492338,4491909,429
328630821,25.6776,24.5802,431,39083,0.290303,0.19,1,4492356,4491925,431
328651261,43.7824,43.8546,426,39461,0.403896,0.15,1,4492573,4492147,426
328657101,49.9652,48.6567,430,39568,0.428223,0.21,1,4492662,4492232,430
328660021,42.1861,40.4627,432,39621,0.417289,0.23,1,4492699,4492267,432
328724261,28.2797,13.6047,482,40777,0.752888,0.53,2,4493403,4492921,482
328727181,44.9119,27.6419,501,40829,0.775155,0.49,2,4493459,4492958,501
328730101,35.9648,44.6568,475,40881,0.796062,0.51,2,4493489,4493014,475
328735941,44.9944,50.1051,488,40985,0.79577,0.57,2,4493591,4493103,488
328765141,46.0242,28.2797,516,41496,0.903749,0.79,2,4493919,4493403,516
328768061,19.6097,44.9119,462,41547,0.907499,0.81,2,4493921,4493459,462
328770981,25.8439,35.9648,462,41598,0.909,0.81,2,4493951,4493489,462
328773901,46.9376,50.9859,462,41649,0.9216,0.79,2,4494012,4493550,462
328776821,43.975,44.9944,463,41700,0.91464,0.87,2,4494054,4493591,463
328779741,40.99,40.1977,465,41751,0.911856,0.83,2,4494093,4493628,465
328782661,42.196,41.8791,465,41802,0.922742,0.87,2,4494136,4493671,465
328940341,38.8744,35.4058,524,44446,0.9052,1,2,4495949,4495425,524
328946181,31.4199,42.1449,504,44540,0.789232,1,2,4496012,4495508,504
328954941,34.1229,37.0413,498,44681,0.434271,1,1,4496111,4495613,498
328963701,34.4159,32.2026,502,44822,0.284353,1,1,4496215,4495713,502
328969541,30.5865,33.1124,496,44916,0.0778965,1,1,4496276,4495780,496
328972461,29.6346,31.845,494,44963,0.0731586,1,1,4496305,4495811,494
328975381,31.0538,29.538,498,45010,0.0472634,1,1,4496337,4495839,498
328978301,29.2215,32.2152,492,45057,0.0729054,0.98,1,4496365,4495873,492
328981221,21.8886,32.6861,476,45104,0.0831621,0.85,1,4496382,4495906,476
328992901,26.8787,31.768,453,45292,0.082049,0.43,1,4496497,4496044,453
328995821,25.7515,31.3072,447,45339,0.0988196,0.37,1,4496522,4496075,447
328998741,29.5006,34.1229,443,45386,0.0575278,0.31,1,4496554,4496111,443
329001661,29.8002,32.8491,441,45432,0.0530111,0.27,1,4496584,4496143,441
329004581,29.9201,36.5397,432,45478,0.0392045,0.27,1,4496614,4496182,432
329007501,29.968,34.4159,429,45524,0.0696818,0.11,1,4496644,4496215,429
329010421,28.1872,32.9663,424,45570,0.0938727,0.01,1,4496671,4496247,424
329013341,27.4749,30.5865,422,45616,0.0675491,0.07,1,4496698,4496276,422
329016261,28.39,29.6346,422,45662,0.0570196,0.03,1,4496727,4496305,422
329019181,32.356,31.0538,425,45708,0.0288079,0.09,1,4496762,4496337,425
329022101,28.5424,29.2215,423,45754,0.0535231,0.09,1,4496788,4496365,423
329025021,23.417,21.8886,426,45800,0.0754093,0.15,1,4496808,4496382,426
329039621,25.1105,21.1915,448,46030,0.0918282,0.11,1,4496945,4496497,448
329051301,31.6748,29.7745,454,46214,0.0739188,0.09,1,4497068,4496614,454
329054221,27.6699,29.9098,449,46260,0.0715675,0.11,1,4497093,4496644,449
329057141,26.668,28.1639,448,46306,0.082627,0.05,1,4497119,4496671,448
329060061,28.0672,27.4656,450,46352,0.0750508,0.05,1,4497148,4496698,450
329062981,32.8269,28.3862,457,46397,0.0360203,0.01,1,4497184,4496727,457
329065901,31.7307,32.3545,453,46442,0.0564081,0.07,1,4497215,4496762,453
329068821,25.8923,28.5418,449,46487,0.0405632,0.09,1,4497237,4496788,449
329071741,30.7569,23.4167,463,46532,0.0342253,0.15,1,4497271,4496808,463
329074661,30.3028,31.5667,456,46577,0.0676901,0.13,1,4497301,4496845,456
329077581,22.9211,31.2267,443,46622,0.081076,0.11,1,4497319,4496876,443
329080501,24.7684,22.6907,452,46667,0.0864304,0.13,1,4497345,4496893,452
329083421,26.1074,25.2763,452,46712,0.0765722,0.07,1,4497372,4496920,452
329109701,31.7106,32.8269,453,47117,0.0585998,0.07,1,4497637,4497184,453
329112621,25.8843,31.7307,444,47162,0.0414399,0.03,1,4497659,4497215,444
329115541,31.9537,25.8923,458,47207,0.034576,0.03,1,4497695,4497237,458
329118461,31.3815,30.7569,455,47252,0.0678304,0.09,1,4497726,4497271,455
329121381,23.3526,30.3028,443,47297,0.0811322,0.09,1,4497744,4497301,443
329124301,24.941,22.9211,451,47342,0.0864529,0.09,1,4497770,4497319,451
329127221,26.7764,24.7684,453,47387,0.0885811,0.07,1,4497798,4497345,453
329130141,11.9106,26.1074,428,47431,0.0894325,0.15,1,4497800,4497372,428
329133061,23.3642,28.443,429,47475,0.077773,0.13,1,4497831,4497402,429
329135981,27.3457,28.7772,430,47519,0.0851092,0.15,1,4497861,4497431,430
329150581,25.9111,25.6915,431,47739,0.21594,0.05,1,4498001,4497570,431
329153501,26.5644,31.2766,423,47783,0.248376,0.03,1,4498028,4497605,423
329156421,29.8258,31.7106,423,47827,0.23735,0.03,1,4498060,4497637,423
329159341,25.1303,25.8843,423,47871,0.23294,0.03,1,4498082,4497659,423
329162261,32.8521,31.9537,425,47915,0.243176,0.09,1,4498120,4497695,425
329165181,32.3408,31.3815,426,47959,0.27127,0.09,1,4498152,4497726,426
329217741,26.7228,25.0945,440,48745,0.41461,0.37,1,4498636,4498196,440
329220661,27.4891,26.8378,440,48788,0.435844,0.37,1,4498664,4498224,440
329223581,12.1957,11.9351,440,48831,0.444338,0.37,1,4498666,4498226,440
329226501,22.8783,22.774,440,48874,0.447735,0.37,1,4498696,4498256,440
329229421,27.7513,9.10962,471,48917,0.437094,0.39,1,4498727,4498256,471
329232341,25.5005,22.2438,464,48960,0.432838,0.41,1,4498751,4498287,464
329235261,31.8002,23.8975,475,49003,0.431135,0.39,1,4498787,4498312,475
329238181,30.7201,31.759,468,49046,0.442454,0.35,1,4498817,4498349,468
329241101,27.888,30.7036,464,49089,0.446982,0.39,1,4498843,4498379,464
329244021,27.3552,27.8814,465,49132,0.436793,0.37,1,4498870,4498405,465
329246941,27.7421,27.9526,465,49175,0.432717,0.33,1,4498898,4498433,465
329308261,25.8195,34.0894,468,50067,0.760873,0.55,2,4499495,4499027,468
329311181,28.9278,25.0358,480,50109,0.754349,0.59,2,4499526,4499046,480
329319941,23.8114,12.6423,482,50235,0.758438,0.63,2,4499589,4499107,482
329322861,29.3246,23.0569,485,50277,0.777375,0.65,2,4499622,4499137,485
329325781,12.9298,28.4228,455,50319,0.78495,0.69,2,4499624,4499169,455
329328701,20.1719,25.7691,456,50361,0.79998,0.67,2,4499649,4499193,456
329334541,29.8675,31.0031,455,50445,0.796397,0.67,2,4499715,4499260,455
329352061,35.6302,34.6221,460,50697,0.928282,0.75,2,4499899,4499439,460
329354981,35.8521,36.0488,459,50739,0.941313,0.77,2,4499935,4499476,459
329357901,26.3408,25.8195,460,50781,0.946525,0.75,2,4499955,4499495,460
329601721,90.8848,86.6142,501,24990,0.288592,0.94,1,4502463,4501962,501
329604641,63.9539,65.2457,496,25075,0.241437,0.89,1,4502509,4502013,496
329607561,60.9816,65.0983,490,25160,0.246575,0.75,1,4502568,4502078,490
329610481,55.5926,69.8393,469,25244,0.21263,0.59,1,4502620,4502151,469
329616321,34.8148,41.7743,460,25412,0.229621,0.45,1,4502686,4502226,460
329619241,35.5259,39.5097,458,25495,0.217848,0.39,1,4502722,4502264,458
329622161,80.2104,38.6039,530,25578,0.201139,0.23,1,4502832,4502302,530
329625081,69.2841,71.8416,498,25661,0.230456,0.25,1,4502894,4502396,498
329628001,55.9137,68.9366,478,25744,0.254182,0.21,1,4502941,4502463,478
329630921,57.7655,55.1746,491,25826,0.299673,0.25,1,4503000,4502509,491
329636761,43.2025,54.1879,466,25990,0.411548,0.19,1,4503086,4502620,466
329639681,35.881,44.4752,459,26072,0.422619,0.25,1,4503117,4502658,459
329642601,37.1524,34.5901,469,26153,0.427048,0.21,1,4503155,4502686,469
329645521,81.461,35.436,544,26234,0.440819,0.19,1,4503266,4502722,544
329677641,50.8878,57.9138,449,27110,0.755104,0.59,2,4503827,4503378,449
329689321,36.9667,36.5706,452,27421,0.939347,0.63,2,4504011,4503559,452
329826561,41.6012,37.7978,496,30842,0.272768,0.99,1,4506403,4505907,496
329832401,74.4562,81.6477,483,30979,0.0568428,0.83,1,4506540,4506057,483
329835321,49.5825,51.8591,484,31047,0.0287371,1,1,4506573,4506089,484
329838241,40.233,44.1436,479,31115,0.0534949,0.98,1,4506607,4506128,479
329841161,35.8932,43.4574,469,31183,0.0393979,0.72,1,4506640,4506171,469
329844081,35.9573,41.983,464,31251,0.0217592,0.65,1,4506676,4506212,464
329847001,35.9829,50.3932,444,31319,0.0147037,0.65,1,4506712,4506268,444
329849921,38.3932,20.1573,484,31387,0.0238815,0.45,1,4506752,4506268,484
329852841,44.7573,32.6629,492,31454,0.0875526,0.29,1,4506801,4506309,492
329855761,35.3029,49.6652,460,31521,0.077021,0.19,1,4506830,4506370,460
329858681,34.5212,39.6661,461,31588,0.0728084,0.03,1,4506864,4506403,461
329861601,73.2085,39.8664,520,31655,0.0591234,0.01,1,4506963,4506443,520
329864521,48.4834,74.1466,455,31722,0.0416493,0.01,1,4506995,4506540,455
329867441,39.1934,49.4586,455,31789,0.0466597,0.07,1,4507028,4506573,455
329870361,35.4773,40.1835,454,31856,0.0186639,0.03,1,4507061,4506607,454
329873281,35.7909,35.8734,457,31922,0.0614656,0.01,1,4507097,4506640,457
329876201,36.5164,35.9494,458,31988,0.0665862,0.01,1,4507134,4506676,458
329879121,40.4066,35.9797,465,32054,0.0446345,0.03,1,4507177,4506712,465
329882041,46.7626,38.3919,476,32120,0.0478538,0.13,1,4507228,4506752,476
329884961,34.905,44.7568,454,32186,0.0851415,0.07,1,4507255,4506801,454
329887881,33.162,35.3027,457,32252,0.0880566,0.07,1,4507287,4506830,457
329890801,72.6648,34.5211,522,32318,0.0892226,0.05,1,4507386,4506864,522
329893721,47.0659,73.2084,453,32383,0.0416891,0.03,1,4507416,4506963,453
329896641,39.8264,48.4834,456,32448,0.0466756,0.05,1,4507451,4506995,456
329899561,35.1305,39.1933,455,32513,0.0366702,0,1,4507483,4507028,455
329902481,35.0522,35.4773,457,32578,0.0566681,0.09,1,4507518,4507061,457
329905401,38.0209,35.7909,461,32643,0.0526672,0.07,1,4507558,4507097,461
329908321,39.8084,36.5164,465,32708,0.0390669,0.03,1,4507599,4507134,465
329911241,17.1233,40.4065,424,32773,0.0336268,0.05,1,4507601,4507177,424
329914161,38.6493,46.7626,426,32838,0.0674507,0.11,1,4507654,4507228,426
329917081,32.2597,34.905,427,32902,0.0929803,0.09,1,4507682,4507255,427
329922921,70.0816,72.6648,424,33030,0.210477,0.01,1,4507810,4507386,424
329925841,45.4326,47.0659,423,33094,0.246191,0.05,1,4507839,4507416,423
330001761,39.3898,35.7971,468,34717,0.213533,0.15,1,4508839,4508371,468
330004681,38.5559,38.3188,466,34778,0.235413,0.15,1,4508877,4508411,466
330007601,16.6224,39.3275,428,34839,0.244165,0.15,1,4508879,4508451,428
330010521,39.0489,16.931,480,34900,0.247666,0.15,1,4508933,4508453,480
330013441,33.6196,39.1724,456,34961,0.249066,0.11,1,4508963,4508507,456
330016361,33.8478,32.469,462,35021,0.273627,0.13,1,4508997,4508535,462
330022201,46.8157,73.595,456,35141,0.41218,0.15,1,4509126,4508670,456
330025121,38.5263,45.038,463,35201,0.446872,0.21,1,4509159,4508696,463
330063081,34.7025,34.6105,446,35974,0.757566,0.49,2,4509637,4509191,446
330066001,35.481,35.4442,446,36033,0.777026,0.51,2,4509673,4509227,446
330068921,41.7924,40.5777,448,36092,0.79681,0.55,2,4509719,4509271,448
330080601,35.1979,34.8884,450,36325,0.901726,0.57,2,4509848,4509398,450
330083521,35.6792,34.3554,452,36383,0.906691,0.57,2,4509884,4509432,452
330086441,15.4717,14.9421,452,36441,0.908676,0.73,2,4509886,4509434,452
330092281,49.6355,47.3907,458,36557,0.928988,0.77,2,4510030,4509572,458
330095201,40.8542,38.7563,460,36615,0.941595,0.77,2,4510065,4509605,460
330098121,36.1417,34.7025,461,36673,0.946638,0.79,2,4510098,4509637,461
330101041,36.0567,35.481,461,36731,0.924655,0.81,2,4510134,4509673,461
330103961,43.2227,41.7924,463,36789,0.915862,0.87,2,4510182,4509719,463
330112721,41.4783,39.9947,467,36960,0.920935,0.91,2,4510283,4509816,467
330133161,35.7526,33.9817,499,37359,0.939384,0.95,2,4510564,4510065,499
330136081,35.901,33.3927,502,37416,0.945754,0.91,2,4510600,4510098,502
330139001,43.1604,34.9571,514,37472,0.948301,0.91,2,4510648,4510134,514
330258721,40.4831,30.1393,510,39717,0.928,1,2,4512210,4511700,510
330261641,35.3933,34.8557,504,39770,0.9412,1,2,4512242,4511738,504
330270401,64.6652,62.6868,501,39929,0.947037,1,2,4512382,4511881,501
330296681,41.6509,45.4848,514,40403,0.234316,0.88,1,4512687,4512173,514
330308361,59.1655,29.6572,550,40611,0.0793905,0.93,1,4512844,4512294,550
330311281,42.2662,64.6629,493,40663,0.0497562,0.85,1,4512875,4512382,493
330314201,34.9065,46.2652,489,40715,0.0499025,0.81,1,4512905,4512416,489
330317121,36.1626,38.9061,492,40767,0.037961,0.63,1,4512942,4512450,492
330320041,32.465,39.5624,482,40819,0.0451844,0.55,1,4512972,4512490,482
330322961,17.786,33.225,461,40871,0.0480738,0.61,1,4512980,4512519,461
330325881,22.7144,23.49,470,40923,0.0612295,0.45,1,4513006,4512536,470
330328801,22.8858,26.796,464,40975,0.0304918,0.41,1,4513029,4512565,464
330331721,39.1543,26.3184,488,41027,0.0301967,0.25,1,4513079,4512591,488
330334641,38.4617,44.1274,470,41078,0.0540787,0.17,1,4513117,4512647,470
330337561,29.7847,41.6509,454,41129,0.0636315,0.13,1,4513141,4512687,454
330340481,24.5139,33.4604,447,41180,0.0314526,0.15,1,4513162,4512715,447
330343401,26.0056,24.7842,455,41231,0.042581,0.15,1,4513189,4512734,455
330346321,56.0022,27.9137,501,41282,0.0470324,0.03,1,4513265,4512764,501
330413481,37.933,38.4301,428,42443,0.202458,0.19,1,4513930,4513502,428
330428081,57.039,57.3887,429,42692,0.207945,0.19,1,4514120,4513691,429
330431001,43.8156,42.7555,431,42741,0.233178,0.15,1,4514155,4513724,431
330433921,34.3262,35.1022,429,42790,0.255271,0.15,1,4514183,4513754,429
330436841,35.3305,36.8409,427,42839,0.240108,0.17,1,4514219,4513792,427
330439761,33.9322,33.3364,429,42888,0.258043,0.15,1,4514252,4513823,429
330442681,18.3729,18.1345,429,42937,0.241217,0.15,1,4514260,4513831,429
330445601,8.54915,8.45382,429,42986,0.234487,0.15,1,4514262,4513833,429
330448521,19.6197,3.38153,456,43035,0.243795,0.17,1,4514289,4513833,456
330451441,19.8479,17.5526,449,43084,0.247518,0.21,1,4514309,4513860,449
330454361,37.9391,19.021,479,43133,0.273007,0.21,1,4514359,4513880,479
330457281,39.7757,37.6084,470,43182,0.271203,0.15,1,4514400,4513930,470
330460201,30.3103,39.6434,453,43231,0.270481,0.17,1,4514424,4513971,453
330463121,24.1241,29.0573,451,43280,0.282192,0.19,1,4514444,4513993,451
330466041,26.4496,24.2229,458,43329,0.286877,0.17,1,4514472,4514014,458
330480641,34.0177,35.3303,465,43573,0.414134,0.27,1,4514684,4514219,465
330483561,19.0071,33.9321,441,43621,0.435654,0.23,1,4514693,4514252,441
330486481,8.80284,18.3728,435,43669,0.444262,0.23,1,4514695,4514260,435
330539041,35.1028,38.7954,448,44531,0.784882,0.53,2,4515242,4514794,448
330559481,36.607,35.9363,451,44860,0.913858,0.67,2,4515506,4515055,451
330817901,95.2301,94.0144,474,22093,0.08248,0.03,1,4518443,4517969,474
330820821,75.292,90.4058,448,22189,0.086992,0.07,1,4518505,4518057,448
330823741,58.9168,75.1623,431,22285,0.0647968,0.03,1,4518553,4518122,431
330826661,42.7667,45.6649,437,22380,0.0439187,0.01,1,4518585,4518148,437
330829581,26.7067,33.866,427,22475,0.0235675,0.01,1,4518601,4518174,427
330832501,53.2827,41.7464,451,22569,0.027427,0.03,1,4518672,4518221,451
330835421,87.3131,66.4986,478,22663,0.0169708,0.05,1,4518782,4518304,478
330838341,84.1252,60.7994,503,22757,0.0247883,0.07,1,4518864,4518361,503
330841261,72.0501,73.5198,485,22850,0.0399153,0.09,1,4518928,4518443,485
330844181,56.42,66.6079,469,22943,0.0339661,0.05,1,4518974,4518505,469
330847101,42.968,55.4432,455,23035,0.0315865,0.03,1,4519008,4518553,455
330850021,25.5872,41.3773,437,23127,0.0306346,0.01,1,4519022,4518585,437
330852941,53.4349,26.1509,493,23219,0.0422538,0.03,1,4519094,4518601,493
330855861,87.374,53.0604,532,23310,0.0709015,0.01,1,4519204,4518672,532
330858781,84.7496,87.2241,505,23401,0.0343606,0.03,1,4519287,4518782,505
330861701,72.8998,84.0897,488,23492,0.0137442,0.05,1,4519352,4518864,488
330864621,55.5599,72.0359,468,23582,0.0234977,0.03,1,4519396,4518928,468
330867541,42.624,56.4143,456,23672,0.0273991,0.03,1,4519430,4518974,456
330870461,24.8496,42.9657,435,23762,0.0169596,0.03,1,4519443,4519008,435
330873381,54.3398,25.5863,495,23851,0.0607839,0.05,1,4519517,4519022,495
330876301,87.1359,53.4345,532,23940,0.0423135,0.09,1,4519626,4519094,532
330879221,36.0544,87.3738,424,24029,0.0589254,0.01,1,4519628,4519204,424
330882141,63.6217,84.7495,423,24117,0.0415702,0,1,4519710,4519287,423
330885061,64.4487,72.8998,423,24205,0.0466281,0.03,1,4519775,4519352,423
330887981,52.1795,55.5599,423,24293,0.0606512,0.03,1,4519819,4519396,423
330890901,41.2718,42.624,423,24380,0.0542605,0.01,1,4519853,4519430,423
330893821,23.7087,24.8496,422,24467,0.0517042,0.09,1,4519865,4519443,422
330896741,56.2835,54.3398,426,24554,0.0626817,0.03,1,4519943,4519517,426
330920101,58.0181,56.2835,425,25236,0.0959834,0.13,1,4520368,4519943,425
330946381,90.4958,57.6319,535,25982,0.257474,0.15,1,4520903,4520368,535
330949301,37.3983,88.4527,428,26064,0.28899,0.11,1,4520905,4520477,428
330958061,52.5535,62.373,473,26307,0.410415,0.13,1,4521096,4520623,473
330960981,39.6214,52.5492,458,26388,0.446166,0.13,1,4521127,4520669,458
331010621,39.5725,39.0091,447,27721,0.761862,0.55,2,4521987,4521540,447
331013541,35.029,34.8037,447,27797,0.790745,0.51,2,4522019,4521572,447
331016461,20.6116,19.9215,448,27873,0.790298,0.55,2,4522030,4521582,448
331019381,60.4446,59.5686,449,27949,0.790119,0.61,2,4522117,4521668,449
331031061,67.2258,64.3282,459,28251,0.945715,0.73,2,4522396,4521937,459
331121581,25.3429,34.8835,487,30489,0.945877,1,2,4523906,4523419,487
331238381,47.4947,43.5347,500,33150,0.252103,1,1,4525826,4525326,500
331241301,28.5979,38.4139,481,33214,0.202841,1,1,4525842,4525361,481
331255901,43.0695,50.4948,453,33531,0.210867,0.61,1,4526046,4525593,453
331261741,25.1311,28.4792,447,33657,0.217339,0.43,1,4526089,4525642,447
331264661,53.8524,57.5917,443,33720,0.200936,0.25,1,4526162,4525719,443
331267581,59.941,66.2367,435,33783,0.218374,0.19,1,4526226,4525791,435
331270501,41.9764,47.4947,430,33846,0.24935,0.17,1,4526256,4525826,430
331273421,26.3906,28.5979,430,33908,0.27374,0.19,1,4526272,4525842,430
331276341,26.7562,28.8391,428,33970,0.283496,0.13,1,4526299,4525871,428
331279261,29.9025,31.3357,427,34032,0.287398,0.13,1,4526331,4525904,427
331299701,61.771,52.1986,496,34465,0.424966,0.23,1,4526658,4526162,496
331302621,44.5084,59.2794,465,34526,0.439987,0.27,1,4526691,4526226,465
331366861,64.9879,64.4402,459,35848,0.770805,0.75,2,4527561,4527102,459
331369781,46.3952,46.1761,459,35907,0.770322,0.75,2,4527595,4527136,459
331372701,26.9581,26.8704,459,35966,0.782129,0.75,2,4527609,4527150,459
331396061,10.9357,10.9243,458,36433,0.927996,0.75,2,4527868,4527410,458
331530381,43.1602,50.069,498,39011,0.939693,1,2,4529735,4529237,498
331539141,34.8023,30.3244,505,39173,0.9167,1,2,4529822,4529317,505
331550821,31.9133,35.0963,490,39389,0.794012,0.95,2,4529992,4529502,490
331556661,35.4661,21.6954,515,39497,0.759442,1,2,4530063,4529548,515
331562501,27.8746,35.7513,485,39603,0.770711,1,2,4530115,4529630,485
331568341,41.1799,43.1602,479,39709,0.767714,0.86,2,4530214,4529735,479
331571261,25.472,32.2641,469,39762,0.769085,1,2,4530229,4529760,469
331574181,20.3888,25.5056,465,39815,0.793634,0.89,2,4530246,4529781,465
331577101,30.9555,34.8023,462,39868,0.767454,0.81,2,4530284,4529822,462
331597541,27.764,32.4025,484,40239,0.901644,0.73,2,4530547,4530063,484
331600461,25.5056,27.961,483,40291,0.906658,0.79,2,4530571,4530088,483
331603381,49.2022,27.3844,521,40343,0.944663,0.71,2,4530636,4530115,521
331726021,39.2583,36.5869,496,42485,0.914848,1,2,4532117,4531621,496
331728941,34.3033,30.8348,500,42535,0.935939,1,2,4532148,4531648,500
331743541,40.9698,51.3589,477,42782,0.949376,1,2,4532333,4531856,477
331752301,35.1421,35.447,498,42929,0.91756,1,2,4532446,4531948,498
331755221,27.8568,32.7788,490,42978,0.937024,0.97,2,4532469,4531979,490
331758141,27.3427,29.9115,489,43027,0.94481,0.97,2,4532496,4532007,489
331761061,31.3371,11.9646,523,43076,0.923924,1,2,4532530,4532007,523
331766901,34.4139,35.2743,517,43174,0.931428,0.86,2,4532594,4532077,517
331769821,27.5656,38.1097,500,43223,0.930571,0.95,2,4532617,4532117,500
331968381,171.369,180.199,449,21270,0.25864,0.39,1,4535140,4534691,449
331971301,96.7476,83.4795,477,21370,0.241456,0.11,1,4535187,4534710,477
331974221,88.499,76.5918,488,21469,0.222582,0.15,1,4535270,4534782,488
331977141,79.7996,90.6367,462,21568,0.227033,0.13,1,4535344,4534882,462
331980061,71.5198,75.8547,462,21666,0.240813,0.15,1,4535410,4534948,462
331982981,65.2079,64.5419,466,21764,0.222325,0.21,1,4535471,4535005,466
331985901,64.4832,75.6168,447,21861,0.26293,0.17,1,4535535,4535088,447
331988821,47.9933,61.4467,432,21958,0.291172,0.23,1,4535572,4535140,432
331994661,68.3989,70.9115,432,22151,0.422188,0.23,1,4535702,4535270,432
332035541,71.4919,48.9007,534,23456,0.778042,0.51,2,4536592,4536058,534
332044301,66.9755,71.6016,515,23726,0.909715,0.65,2,4536807,4536292,515
332047221,67.5902,65.8407,521,23815,0.921886,0.67,2,4536875,4536354,521
332050141,50.4361,65.9363,494,23904,0.926754,0.73,2,4536914,4536420,494
332053061,21.3744,48.5745,459,23993,0.928702,0.75,2,4536916,4536457,459
332055981,37.3498,48.2298,459,24081,0.929481,0.81,2,4536964,4536505,459
332146501,41.2631,50.1116,506,26674,0.934911,1,2,4538831,4538325,506
332149421,36.3053,38.0446,509,26753,0.943964,0.95,2,4538864,4538355,509
332155261,57.6488,64.6471,532,26911,0.764234,1,2,4539002,4538470,532
332196141,46.024,44.9692,456,27992,0.911854,0.71,2,4539720,4539264,456
332199061,40.6096,40.1877,456,28068,0.934741,0.73,2,4539757,4539301,456
332213661,67.7003,16,543,28443,0.944794,0.89,2,4540032,4539489,543
332216581,52.8801,54.4,506,28517,0.935918,0.89,2,4540075,4539569,506
332219501,66.7521,47.56,539,28591,0.944367,0.85,2,4540151,4539612,539
332447261,46.6887,43.7882,493,33879,0.75832,1,2,4543843,4543350,493
332456021,37.1641,38.6104,488,34065,0.403972,1,1,4543992,4543504,488
332461861,38.3463,38.4577,481,34189,0.281836,1,1,4544070,4543589,481
332467701,43.6954,14.5532,529,34313,0.0966937,1,1,4544153,4543624,529
332473541,38.9113,30.7685,524,34437,0.088671,0.92,1,4544217,4543693,524
332476461,41.3645,45.9074,511,34498,0.0894684,0.85,1,4544260,4543749,511
332479381,39.3458,47.163,501,34559,0.0777874,0.67,1,4544298,4543797,501
332491061,37.4633,37.1498,475,34803,0.202679,0.33,1,4544467,4543992,475
332493981,32.9853,38.8599,465,34864,0.219072,0.23,1,4544497,4544032,465
332496901,30.5941,38.344,456,34925,0.225629,0.09,1,4544526,4544070,456
332499821,45.2376,35.7376,477,34986,0.240251,0.05,1,4544581,4544104,477
332502741,26.4951,43.695,442,35046,0.258101,0.13,1,4544595,4544153,442
332505661,38.198,28.278,470,35106,0.28924,0.07,1,4544641,4544171,470
332517341,53.5955,48.7383,483,35346,0.407005,0.21,1,4544836,4544353,483
332520261,33.4382,51.8953,449,35406,0.420802,0.15,1,4544856,4544407,449
332523181,39.1753,32.1581,473,35466,0.438321,0.23,1,4544899,4544426,473
332584501,52.395,51.7228,449,36698,0.761253,0.55,2,4545671,4545222,449
332587421,55.158,54.8891,449,36756,0.790501,0.59,2,4545728,4545279,449
332596181,35.3301,35.1929,451,36927,0.793392,0.63,2,4545826,4545375,451
332607861,15.5925,15.4929,452,37155,0.795463,0.65,2,4545931,4545479,452
332634141,32.4391,35.324,490,37664,0.91012,0.83,2,4546316,4545826,490
332748021,39.6231,49.018,480,39793,0.9256,1,2,4547802,4547322,480
332750941,33.2492,31.0072,490,39846,0.94024,1,2,4547831,4547341,490
332756781,30.6399,30.8812,486,39952,0.917238,1,2,4547881,4547395,486
332759701,39.856,42.9525,481,40005,0.924895,1,2,4547927,4547446,481
332768461,42.6548,20.365,533,40164,0.909993,1,2,4548026,4547493,533
332771381,52.4619,45.946,529,40217,0.909997,1,2,4548085,4547556,529
332774301,50.9848,58.5784,512,40270,0.909999,1,2,4548135,4547623,512
332777221,36.5939,45.6314,502,40322,0.922,1,2,4548162,4547660,502
332783061,36.455,33.821,510,40426,0.92632,0.99,2,4548231,4547721,510
332785981,38.582,37.5284,510,40478,0.928528,0.88,2,4548271,4547761,510
332788901,31.0328,39.6114,495,40530,0.929411,0.95,2,4548297,4547802,495
332914461,35.5097,30.5061,499,42713,0.941916,1,2,4549809,4549310,499
332923221,36.3046,32.4084,504,42860,0.795883,1,2,4549916,4549412,504
332978701,32.0614,34.0734,484,43786,0.764787,0.59,2,4550527,4550043,484
332981621,29.0245,34.0293,477,43834,0.779915,0.55,2,4550554,4550077,477
332996221,33.3827,32.2262,484,44074,0.913295,0.59,2,4550725,4550241,484
332999141,28.3531,32.0905,477,44122,0.911318,0.61,2,4550750,4550273,477
333002061,41.9412,28.4362,502,44170,0.922527,0.69,2,4550801,4550299,502
333330561,52.6233,52.9418,483,25404,0.0938819,0.99,1,4555672,4555189,483
333333481,64.2493,67.9767,477,25487,0.0795527,0.99,1,4555744,4555267,477
333336401,42.4997,27.1907,505,25570,0.0978211,0.97,1,4555772,4555267,505
333339321,60.1999,32.4763,541,25653,0.0811284,0.71,1,4555844,4555303,541
333342241,52.28,65.1905,501,25736,0.0864514,0.47,1,4555891,4555390,501
333345161,47.312,59.6762,489,25818,0.0525805,0.37,1,4555935,4555446,489
333348081,46.5248,58.0705,478,25900,0.0750322,0.23,1,4555981,4555503,478
333351001,64.2099,50.2282,509,25982,0.0720129,0.05,1,4556057,4555548,509
333353921,49.084,69.8913,465,26064,0.0708052,0.05,1,4556096,4555631,465
333356841,62.8336,52.5565,496,26145,0.0583221,0.07,1,4556168,4555672,496
333359761,41.9334,64.2226,452,26226,0.0773288,0.11,1,4556196,4555744,452
333377281,48.3499,64.2098,461,26708,0.228664,0.07,1,4556518,4556057,461
333388961,52.0938,61.1734,426,27024,0.219502,0.13,1,4556696,4556270,426
333391881,50.2375,52.6693,428,27102,0.285801,0.13,1,4556745,4556317,428
333409401,40.1886,41.336,430,27567,0.405344,0.17,1,4557049,4556619,430
333412321,17.2754,17.7344,430,27644,0.432138,0.25,1,4557051,4556621,430
333470721,56.0907,56.769,506,29138,0.760596,0.61,2,4558082,4557576,506
333473641,50.6363,53.3076,502,29211,0.766238,0.69,2,4558129,4557627,502
333476561,50.8545,49.523,506,29283,0.780495,0.67,2,4558180,4557674,506
333491161,17.4417,40.9174,458,29643,0.905448,0.71,2,4558397,4557939,458
333494081,60.9767,17.5669,546,29714,0.944179,0.77,2,4558487,4557941,546
333596281,57.757,35.3466,551,32112,0.927816,1,2,4560135,4559584,551
333602121,63.3611,58.0955,543,32244,0.766451,1,2,4560263,4559720,543
333613801,50.2748,49.828,526,32505,0.266581,1,1,4560435,4559909,526
333619641,37.924,41.4525,511,32635,0.049853,1,1,4560510,4559999,511
333622561,27.7696,36.981,498,32700,0.0379412,1,1,4560531,4560033,498
333625481,54.9078,30.3924,545,32765,0.0451765,0.88,1,4560604,4560059,545
333628401,27.9631,57.757,479,32830,0.0180706,0.85,1,4560614,4560135,479
333631321,38.7853,60.9028,462,32894,0.0132282,0.69,1,4560660,4560198,462
333634241,52.7141,63.3611,459,32958,0.0232913,0.55,1,4560722,4560263,459
333637161,36.6856,44.5444,453,33022,0.0393165,0.49,1,4560748,4560295,453
333640081,29.6743,38.2178,444,33086,0.0457266,0.27,1,4560773,4560329,444
333643001,37.6697,47.6871,433,33150,0.0962906,0.19,1,4560816,4560383,433
333651761,35.2909,37.924,422,33342,0.0985626,0.03,1,4560932,4560510,422
333654681,26.7163,27.7696,422,33405,0.069425,0.05,1,4560953,4560531,422
333657601,54.4865,54.9078,422,33468,0.06977,0,1,4561026,4560604,422
333660521,30.1946,27.9631,426,33531,0.069908,0.01,1,4561040,4560614,426
333663441,37.2778,38.7853,422,33594,0.0339632,0.03,1,4561082,4560660,422
333666361,52.7111,52.7141,423,33657,0.0195853,0.05,1,4561145,4560722,423
333669281,36.0845,36.6856,422,33720,0.0258341,0.05,1,4561170,4560748,422
333672201,29.4338,29.6743,422,33783,0.0283336,0.13,1,4561195,4560773,422
333675121,39.9735,37.6697,426,33846,0.0653335,0.15,1,4561242,4560816,426
333678041,43.5894,42.0679,427,33908,0.0681334,0.15,1,4561288,4560861,427
333680961,40.8358,40.2272,427,33970,0.0812534,0.07,1,4561327,4560900,427
333683881,33.1343,35.2909,423,34032,0.0865013,0.05,1,4561355,4560932,423
333689721,53.9015,54.4865,422,34156,0.0750402,0.07,1,4561448,4561026,422
333692641,31.7606,30.1946,425,34218,0.0360161,0.07,1,4561465,4561040,425
333695561,37.3042,12.0778,466,34280,0.0444064,0.01,1,4561506,4561040,466
333698481,50.9217,30.0311,484,34342,0.0597626,0.01,1,4561566,4561082,484
333701401,35.9687,49.8125,447,34404,0.077905,0.03,1,4561592,4561145,447
333704321,29.3875,34.925,447,34465,0.085162,0.03,1,4561617,4561170,447
333713081,41.7688,43.5152,464,34648,0.0844104,0.09,1,4561752,4561288,464
333716001,33.5075,40.8061,453,34709,0.0757641,0.09,1,4561780,4561327,453
333718921,24.203,33.1224,443,34770,0.0723057,0.13,1,4561798,4561355,443
333721841,52.2812,25.249,494,34831,0.0349223,0.05,1,4561869,4561375,494
333724761,31.1125,53.8996,438,34892,0.0199689,0.01,1,4561886,4561448,438
333727681,37.645,31.7598,463,34953,0.0259876,0.05,1,4561928,4561465,463
333730601,52.258,37.3039,484,35013,0.016395,0.07,1,4561990,4561506,484
333733521,37.7032,50.9216,452,35073,0.060558,0.09,1,4562018,4561566,452
333736441,29.4813,35.9686,450,35133,0.0782232,0.09,1,4562042,4561592,450
333748121,33.0683,41.7688,452,35373,0.213635,0.07,1,4562204,4561752,452
333751041,24.0273,33.5075,442,35433,0.223454,0.07,1,4562222,4561780,442
333753961,51.0109,24.203,493,35493,0.239382,0.01,1,4562291,4561798,493
333756881,30.6044,52.2812,439,35553,0.233753,0.01,1,4562308,4561869,439
333774401,41.1719,41.1925,429,35907,0.206407,0.19,1,4562520,4562091,429
333777321,45.8688,44.677,431,35966,0.256563,0.21,1,4562569,4562138,431
333794841,36.4745,37.4417,430,36317,0.403082,0.15,1,4562780,4562350,430
333803601,26.6704,26.3243,429,36491,0.402837,0.19,1,4562873,4562444,429
333806521,25.0681,24.9297,429,36549,0.419135,0.23,1,4562897,4562468,429
333809441,43.6273,41.1719,433,36607,0.437654,0.29,1,4562953,4562520,433
333894121,52.7464,28.2241,523,38245,0.791339,0.67,2,4564068,4563545,523
333902881,54.3518,36.2703,521,38410,0.911526,0.73,2,4564191,4563670,521
333905801,22.9407,54.1081,457,38465,0.92261,0.69,2,4564193,4563736,457
333908721,27.1763,22.8433,485,38520,0.927044,0.69,2,4564223,4563738,485
333911641,25.8705,27.1373,480,38575,0.940818,0.69,2,4564248,4563768,480
333914561,11.5482,25.2549,458,38630,0.946327,0.73,2,4564250,4563792,458
334063481,39.8484,34.0126,518,41325,0.94,1,2,4566194,4565676,518
334072241,33.3423,26.2248,532,41478,0.90616,1,2,4566286,4565754,532
334086841,35.464,44.1338,497,41733,0.796873,1,2,4566443,4565946,497
334151081,29.5679,30.2061,449,42831,0.772191,0.63,2,4567179,4566730,449
334154001,27.4272,26.4825,451,42880,0.758876,0.57,2,4567205,4566754,451
334156921,22.9709,23.193,450,42929,0.75355,0.61,2,4567225,4566775,450
334159841,28.9883,29.0772,450,42978,0.78742,0.61,2,4567258,4566808,450
334162761,31.9953,32.0309,450,43027,0.788968,0.61,2,4567292,4566842,450
334165681,24.7981,12.8124,470,43076,0.789587,0.59,2,4567312,4566842,470
334200721,29.6381,22.9705,492,43661,0.905832,0.81,2,4567717,4567225,492
334203641,32.8552,28.9882,494,43709,0.908333,0.79,2,4567752,4567258,494
334206561,25.1421,31.9953,480,43757,0.909333,0.79,2,4567772,4567292,480
334209481,32.2568,24.7981,497,43805,0.933733,0.81,2,4567809,4567312,497
334212401,39.3027,31.5192,505,43853,0.919493,0.85,2,4567853,4567348,505
334215321,31.9211,37.8077,490,43901,0.925797,0.85,2,4567880,4567390,490
334218241,52.3684,30.7231,530,43949,0.928319,0.89,2,4567946,4567416,530
334378841,28.3877,30.1364,515,46516,0.907088,1,2,4569701,4569186,515
334381761,26.9551,31.8546,508,46561,0.776835,0.93,2,4569727,4569219,508
334396361,34.8101,42.979,508,46786,0.440444,1,1,4569886,4569378,508
334402201,37.1296,32.0766,515,46876,0.292471,1,1,4569956,4569441,515
334410961,33.8643,33.4209,505,47011,0.0779981,0.97,1,4570047,4569542,505
334413881,35.1457,33.7684,507,47056,0.0611993,0.94,1,4570083,4569576,507
334416801,29.0583,36.3073,494,47101,0.0904797,1,1,4570108,4569614,494
334419721,33.8233,28.9229,507,47146,0.0901919,1,1,4570145,4569638,507
334431401,25.1395,21.582,485,47326,0.0922129,0.61,1,4570230,4569745,485
334440161,26.5689,37.5252,445,47459,0.0968616,0.37,1,4570298,4569853,445
334451841,27.4114,31.6518,427,47635,0.209696,0.07,1,4570411,4569984,427
334454761,27.7645,27.6607,430,47679,0.221878,0.05,1,4570439,4570009,430
334457681,30.3058,33.8643,424,47723,0.226751,0.05,1,4570471,4570047,424
334466441,34.6756,33.8233,427,47855,0.241312,0.11,1,4570572,4570145,427
334469361,22.8702,21.9293,428,47899,0.246525,0.13,1,4570587,4570159,428
334472281,24.7481,24.3717,428,47943,0.24861,0.13,1,4570613,4570185,428
334475201,18.2992,19.3487,426,47987,0.225444,0.07,1,4570627,4570201,426
334478121,25.3197,25.1395,427,48031,0.240178,0.11,1,4570657,4570230,427
334481041,28.1279,28.0558,427,48075,0.246071,0.11,1,4570687,4570260,427
334483961,12.4512,12.4223,427,48119,0.248428,0.09,1,4570689,4570262,427
334486881,27.1805,26.5689,428,48163,0.261371,0.19,1,4570726,4570298,428
334489801,27.6722,27.4276,428,48207,0.278549,0.17,1,4570754,4570326,428
334492721,26.6689,26.571,428,48251,0.285419,0.19,1,4570780,4570352,428
334510241,29.1982,29.6889,430,48514,0.400543,0.27,1,4570964,4570534,430
334513161,36.2793,34.6756,433,48557,0.418217,0.25,1,4571005,4570572,433
334516081,22.9117,22.8702,432,48600,0.425287,0.25,1,4571019,4570587,432
334519001,24.7647,24.7481,432,48643,0.440115,0.21,1,4571045,4570613,432
334521921,18.3059,18.2992,432,48686,0.422046,0.25,1,4571059,4570627,432
334524841,25.3223,25.3197,432,48729,0.438818,0.25,1,4571089,4570657,432
334621201,30.8108,25.3556,486,50135,0.756268,0.67,2,4572016,4571530,486
334624121,13.5243,29.3422,456,50177,0.776507,0.67,2,4572018,4571562,456
334627041,30.6097,12.9369,496,50219,0.772603,0.71,2,4572060,4571564,496
334629961,31.4439,29.1748,488,50261,0.771041,0.73,2,4572092,4571604,488
334632881,28.1776,30.2699,483,50303,0.782416,0.75,2,4572118,4571635,483
334635801,12.471,28.308,458,50345,0.786967,0.73,2,4572120,4571662,458
334656241,36.616,36.0542,457,50639,0.916932,0.69,2,4572350,4571893,457
334659161,23.0464,23.4217,456,50681,0.924773,0.65,2,4572364,4571908,456
334662081,24.8186,26.1687,454,50723,0.927909,0.67,2,4572390,4571936,454
334665001,21.9274,20.0675,458,50765,0.941164,0.73,2,4572410,4571952,458
334667921,27.371,26.027,459,50806,0.946466,0.79,2,4572441,4571982,459
334848961,331.623,339.216,519,24820,0.448708,0.77,1,4574562,4574043,519
334894221,120.14,119.075,488,24905,0.0897933,0.53,1,4574759,4574271,488
334897141,80.4558,96.2298,461,24990,0.0659173,0.21,1,4574813,4574352,461
334900061,68.1823,72.0919,465,25075,0.0683669,0.05,1,4574873,4574408,465
334902981,49.4729,75.6368,424,25160,0.0813468,0.05,1,4574910,4574486,424
334908821,38.3957,39.8219,437,25328,0.0742155,0.05,1,4574986,4574549,437
334938021,56.4664,49.2944,489,26153,0.237816,0.17,1,4575532,4575043,489
334940941,69.3866,55.1178,508,26234,0.257126,0.15,1,4575610,4575102,508
334943861,60.1546,70.0471,482,26315,0.276851,0.19,1,4575664,4575182,482
334946781,60.6618,59.2188,491,26396,0.27274,0.19,1,4575725,4575234,491
334949701,48.8647,60.2875,471,26476,0.295096,0.17,1,4575766,4575295,471
334952621,44.7459,48.715,472,26556,0.280038,0.17,1,4575808,4575336,472
334955541,37.0984,45.286,461,26636,0.286015,0.15,1,4575840,4575379,461
335013941,61.5623,59.96,451,28184,0.774257,0.63,2,4576856,4576405,451
335022701,45.988,45.6934,453,28409,0.904672,0.63,2,4576997,4576544,453
335025621,54.3952,18.2774,513,28484,0.931869,0.67,2,4577057,4576544,513
335028541,47.5581,43.911,495,28558,0.930748,0.65,2,4577100,4576605,495
335031461,45.4232,42.7644,497,28632,0.942299,0.71,2,4577144,4576647,497
335034381,38.5693,42.9058,488,28706,0.94692,0.67,2,4577178,4576690,488
335037301,56.2277,37.5623,522,28780,0.936768,0.75,2,4577246,4576724,522
335040221,65.6911,54.6249,528,28854,0.920707,0.81,2,4577318,4576790,528
335148261,41.3399,26.6372,533,31454,0.914792,1,2,4579095,4578562,533
335157021,83.6698,63.4088,573,31655,0.413987,1,1,4579318,4578745,573
335165781,54.6269,42.1942,533,31856,0.259055,1,1,4579436,4578903,533
335168701,38.6507,51.0777,504,31922,0.205622,1,1,4579464,4578960,504
335174541,27.4241,33.3724,498,32054,0.0988995,0.97,1,4579515,4579017,498
335177461,36.7696,31.349,511,32120,0.0815598,0.87,1,4579558,4579047,511
335180381,33.3079,41.3396,494,32186,0.0746239,0.79,1,4579589,4579095,494
335183301,62.5231,39.9358,537,32252,0.0478496,0.49,1,4579671,4579134,537
335186221,74.8093,71.1743,528,32318,0.0371398,0.27,1,4579754,4579226,528
335189141,42.5237,83.6697,457,32383,0.0568559,0.31,1,4579775,4579318,457
335192061,32.6095,46.6679,461,32448,0.0767424,0.27,1,4579801,4579340,461
335215421,59.882,62.5231,423,32966,0.20282,0.03,1,4580094,4579671,423
335218341,74.3528,74.8093,424,33030,0.219128,0.07,1,4580178,4579754,424
335221261,42.9411,42.5237,425,33094,0.225651,0.09,1,4580200,4579775,425
335224181,32.1764,32.6095,424,33158,0.21626,0.15,1,4580225,4579801,424
335227101,51.8706,51.4438,425,33222,0.248504,0.09,1,4580290,4579865,425
335230021,39.3482,37.3775,428,33286,0.249402,0.11,1,4580321,4579893,428
335232941,29.5393,29.351,427,33350,0.273761,0.13,1,4580344,4579917,427
335244621,29.825,29.705,430,33602,0.413712,0.23,1,4580444,4580014,430
335247541,61.13,59.882,432,33665,0.423485,0.23,1,4580526,4580094,432
335250461,74.252,74.3528,431,33728,0.439394,0.23,1,4580609,4580178,431
335305941,31.2984,13.2153,492,34900,0.760836,0.59,2,4581305,4580813,492
335308861,31.1194,30.4861,481,34961,0.790334,0.59,2,4581336,4580855,481
335475301,28.1333,33.9523,500,38253,0.9436,1,2,4583628,4583128,500
335478221,34.0533,23.7809,521,38308,0.91144,1,2,4583666,4583145,521
335484061,43.9685,32.9649,533,38418,0.76623,1,2,4583744,4583211,533
335498661,25.0637,33.232,496,38693,0.266211,1,1,4583943,4583447,496
335510341,29.7008,32.8331,472,38911,0.058415,0.91,1,4584075,4583603,472
335513261,24.4803,28.1333,468,38965,0.077366,0.89,1,4584096,4583628,468
335516181,30.1921,34.0533,464,39019,0.0729464,0.81,1,4584130,4583666,464
335519101,23.4769,27.4213,460,39073,0.0471786,0.71,1,4584149,4583689,460
335522021,37.5907,43.9685,452,39127,0.0248714,0.53,1,4584196,4583744,452
335524941,49.8363,55.9874,446,39181,0.0519486,0.41,1,4584254,4583808,446
335527861,47.5345,52.995,441,39235,0.0747794,0.33,1,4584300,4583859,441
335542461,38.1408,40.1302,428,39505,0.211707,0.13,1,4584457,4584029,428
335545381,20.0563,23.2521,424,39558,0.234683,0.01,1,4584465,4584041,424
335562901,51.5648,49.8363,425,39876,0.0911302,0.09,1,4584679,4584254,425
335565821,48.8259,47.5345,426,39929,0.0784521,0.13,1,4584726,4584300,426
335571661,30.3721,29.3255,428,40035,0.0977523,0.17,1,4584784,4584356,428
335577501,34.7395,9.25208,472,40141,0.0648404,0.21,1,4584847,4584375,472
335580421,38.4958,28.3008,472,40194,0.0319361,0.23,1,4584888,4584416,472
335583341,18.9983,35.9203,437,40247,0.0547745,0.25,1,4584894,4584457,437
335586261,24.3993,19.1681,457,40299,0.0639098,0.09,1,4584922,4584465,457
335589181,25.3597,26.8673,451,40351,0.0795639,0.15,1,4584948,4584497,451
335592101,28.1439,24.5469,458,40403,0.0978256,0.23,1,4584978,4584520,458
335618381,39.2794,34.7395,465,40871,0.239167,0.01,1,4585312,4584847,465
335621301,19.3118,38.4958,430,40923,0.245667,0.07,1,4585318,4584888,430
335624221,25.1247,18.9983,453,40975,0.272267,0.07,1,4585347,4584894,453
335627141,25.6499,24.3993,451,41027,0.270907,0.09,1,4585373,4584922,451
335630061,29.46,25.3597,457,41078,0.270363,0.11,1,4585405,4584948,457
335632981,23.784,28.1439,447,41129,0.246145,0.13,1,4585425,4584978,447
335635901,37.7136,22.0576,476,41180,0.224458,0.19,1,4585472,4584996,476
335638821,47.4854,36.423,484,41231,0.215783,0.15,1,4585526,4585042,484
335641741,49.5942,49.3692,477,41282,0.200313,0.11,1,4585577,4585100,477
335644661,42.0377,50.3477,463,41333,0.206125,0.17,1,4585614,4585151,463
335647581,31.2151,40.5391,453,41384,0.22045,0.17,1,4585638,4585185,453
335650501,25.086,30.6156,450,41435,0.23818,0.17,1,4585659,4585209,450
335653421,35.2344,24.2463,472,41486,0.245272,0.21,1,4585701,4585229,472
335656341,40.4938,33.6985,476,41537,0.260109,0.27,1,4585745,4585269,476
335659261,17.3975,39.2794,435,41588,0.290044,0.25,1,4585747,4585312,435
335676781,36.855,37.7136,432,41893,0.411352,0.21,1,4585904,4585472,432
335679701,47.142,47.4854,432,41943,0.434541,0.19,1,4585958,4585526,432
335717661,37.9919,36.855,442,42593,0.778952,0.45,2,4586346,4585904,442
335764381,50.675,49.3789,512,43378,0.907945,0.83,2,4586915,4586403,512
335767301,44.27,49.7516,502,43427,0.921178,0.83,2,4586955,4586453,502
335770221,33.308,43.9006,488,43476,0.926471,0.83,2,4586981,4586493,488
335773141,26.5232,33.1602,484,43525,0.940589,0.87,2,4587003,4586519,484
335965861,318.923,340.843,484,20440,0.417877,1,1,4589135,4588651,484
335974621,79.571,97.198,474,21469,0.0644241,0.33,1,4589362,4588888,474
335977541,76.2284,85.6792,470,21568,0.0317696,0,1,4589436,4588966,470
335980461,68.2914,79.8717,457,21666,0.0427079,0.01,1,4589499,4589042,457
335983381,45.3165,70.3487,423,21764,0.0350831,0.03,1,4589529,4589106,423
335986301,34.3266,35.3395,438,21861,0.0320333,0.03,1,4589556,4589118,438
335989221,66.5306,75.3358,424,21958,0.0128133,0.07,1,4589644,4589220,424
335992141,83.6123,87.1343,424,22055,0.0831253,0.03,1,4589739,4589315,424
335995061,61.6449,63.0537,424,22151,0.0872501,0.01,1,4589786,4589362,424
335997981,70.258,69.6215,426,22247,0.0769001,0.05,1,4589862,4589436,426
336000901,63.5032,65.6486,422,22342,0.06076,0.03,1,4589921,4589499,422
336003821,43.4013,44.2594,422,22437,0.054304,0.03,1,4589951,4589529,422
336006741,33.5605,33.9038,422,22532,0.0397216,0.03,1,4589978,4589556,422
336009661,65.6242,13.5615,509,22626,0.0218886,0,1,4590065,4589556,509
336012581,86.8497,58.2246,522,22720,0.0987555,0.13,1,4590166,4589644,522
336018421,68.496,60.3159,498,22906,0.218601,0.07,1,4590284,4589786,498
336021341,62.1984,69.7264,480,22999,0.24944,0.05,1,4590342,4589862,480
336024261,42.8794,63.2906,451,23091,0.213776,0.05,1,4590372,4589921,451
336030101,66.1407,33.5265,509,23274,0.0762042,0.01,1,4590487,4589978,509
336033021,90.6563,65.6106,529,23365,0.0724817,0.15,1,4590594,4590065,529
336035941,64.4625,86.8442,475,23456,0.0949927,0.17,1,4590641,4590166,475
336038861,72.585,61.7377,508,23546,0.0679971,0.27,1,4590719,4590211,508
336056381,75.1773,90.6563,425,24081,0.0973441,0.11,1,4591019,4590594,425
336076821,25.2501,25.9433,426,24690,0.20283,0.09,1,4591337,4590911,426
336082661,59,58.2709,428,24862,0.223253,0.13,1,4591494,4591066,428
336085581,71,70.7084,428,24947,0.263301,0.15,1,4591573,4591145,428
336100181,25.6755,25.2501,430,25369,0.414699,0.17,1,4591767,4591337,430
336103101,75.6702,75.5001,430,25453,0.43588,0.17,1,4591876,4591446,430
336138141,45.6149,65.177,481,26434,0.758794,0.59,2,4592549,4592068,481
336141061,34.446,43.4708,479,26514,0.777518,0.63,2,4592576,4592097,479
336155661,75.6705,63.6083,540,26911,0.917783,0.69,2,4592912,4592372,540
336158581,31.4682,75.8433,458,26990,0.937113,0.77,2,4592914,4592456,458
336161501,51.5873,67.5373,461,27068,0.932845,0.77,2,4592979,4592518,461
336164421,38.6349,45.6149,460,27146,0.919138,0.79,2,4593009,4592549,460
336167341,32.254,34.446,461,27224,0.937655,0.83,2,4593037,4592576,461
336263701,45.6152,76.373,503,29682,0.9172,1,2,4594821,4594318,503
336266621,37.4461,46.1492,509,29753,0.91288,1,2,4594853,4594344,509
336278301,59.1682,66.639,498,30037,0.200634,1,1,4595035,4594537,498
336281221,44.0673,41.6556,507,30107,0.0982535,1,1,4595069,4594562,507
336284141,62.6269,68.8622,495,30177,0.0573014,1,1,4595144,4594649,495
336287061,49.6508,62.3449,478,30247,0.0529206,0.93,1,4595185,4594707,478
336289981,70.2603,79.538,471,30317,0.0391682,0.89,1,4595269,4594798,471
336292901,37.7041,45.6152,464,30387,0.0216673,0.91,1,4595285,4594821,464
336295821,31.2816,37.4461,459,30457,0.0266669,0.61,1,4595312,4594853,459
336298741,32.9127,41.3784,449,30526,0.0406668,0.49,1,4595346,4594897,449
336301661,25.7651,31.5514,445,30595,0.0342667,0.27,1,4595367,4594922,445
336304581,27.706,35.4205,436,30664,0.0557067,0.07,1,4595396,4594960,436
336307501,47.6824,59.1682,422,30733,0.0522827,0.03,1,4595457,4595035,422
336310421,39.473,44.0673,422,30802,0.0749131,0.03,1,4595491,4595069,422
336313341,60.7892,62.6269,422,30871,0.0839652,0.05,1,4595566,4595144,422
336316261,49.5157,49.6508,423,30940,0.0395861,0.03,1,4595608,4595185,423
336319181,69.6063,70.2603,422,31008,0.0458344,0.01,1,4595691,4595269,422
336322101,37.4425,37.7041,422,31076,0.0243338,0.03,1,4595707,4595285,422
336325021,31.177,31.2816,422,31144,0.0397335,0.05,1,4595734,4595312,422
336327941,32.8708,32.9127,422,31212,0.0578934,0.03,1,4595768,4595346,422
336330861,26.3483,25.7651,423,31280,0.0531574,0.03,1,4595790,4595367,423
336333781,28.5393,10.306,453,31348,0.0512629,0.07,1,4595820,4595367,453
336336701,46.2157,21.5224,482,31415,0.0505052,0.05,1,4595878,4595396,482
336339621,38.8863,45.209,455,31482,0.0502021,0.09,1,4595912,4595457,455
336342541,62.9545,38.4836,500,31549,0.0380808,0.09,1,4595991,4595491,500
336345461,47.9818,60.3934,463,31616,0.0332323,0.01,1,4596029,4595566,463
336348381,68.9927,49.3574,504,31683,0.0312929,0.05,1,4596112,4595608,504
336351301,37.1971,69.543,437,31750,0.0305172,0.01,1,4596128,4595691,437
336354221,31.6788,37.4172,449,31817,0.0302069,0.05,1,4596156,4595707,449
336357141,33.0715,31.1669,456,31883,0.0420827,0.07,1,4596190,4595734,456
336360061,27.0286,32.8667,445,31949,0.0348331,0.05,1,4596213,4595768,445
336362981,28.8114,26.3467,453,32015,0.0439332,0.05,1,4596243,4595790,453
336365901,45.1246,28.5387,479,32081,0.0715733,0.05,1,4596299,4595820,479
336368821,38.4498,46.2155,455,32147,0.0346293,0.05,1,4596333,4595878,455
336371741,63.3799,38.8862,501,32213,0.0438517,0.03,1,4596413,4595912,501
336374661,47.552,62.9545,459,32279,0.0475407,0.03,1,4596450,4595991,459
336377581,69.4208,47.9818,505,32345,0.0490163,0.03,1,4596534,4596029,505
336380501,37.3683,68.9927,438,32410,0.0616065,0.03,1,4596550,4596112,438
336383421,31.7473,37.1971,450,32475,0.0786426,0.03,1,4596578,4596128,450
336386341,33.6989,31.6788,457,32540,0.097457,0.05,1,4596613,4596156,457
336403861,59.7318,63.3799,424,32928,0.099715,0.05,1,4596837,4596413,424
336406781,45.4927,47.552,423,32992,0.069886,0.05,1,4596873,4596450,423
336409701,69.7971,69.4208,425,33056,0.0459544,0.07,1,4596959,4596534,425
336412621,38.1188,37.3683,426,33120,0.0603818,0.09,1,4596976,4596550,426
336415541,32.0475,31.7473,426,33184,0.0541527,0.11,1,4597004,4596578,426
336418461,34.419,33.6989,427,33248,0.0756611,0.11,1,4597040,4596613,427
336421381,26.9676,26.6796,427,33312,0.0602644,0.15,1,4597062,4596635,427
336424301,30.587,29.2718,429,33375,0.0661058,0.19,1,4597095,4596666,429
336427221,47.0348,45.3087,431,33438,0.0684423,0.19,1,4597153,4596722,431
336430141,20.0139,19.3235,431,33501,0.0933769,0.17,1,4597155,4596724,431
336444741,37.7294,38.1188,423,33816,0.0856762,0.05,1,4597399,4596976,423
336447661,32.4918,32.0475,424,33879,0.0882705,0.09,1,4597428,4597004,424
336462261,20.3545,20.0139,426,34189,0.201227,0.15,1,4597581,4597155,426
336473941,70.2267,41.4276,512,34437,0.217551,0.11,1,4597807,4597295,512
336476861,37.6907,69.371,440,34498,0.225021,0.07,1,4597823,4597383,440
336479781,33.6763,37.3484,455,34559,0.216008,0.09,1,4597854,4597399,455
336482701,35.6705,32.3394,463,34620,0.224403,0.17,1,4597891,4597428,463
336485621,27.4682,34.5357,449,34681,0.227761,0.13,1,4597913,4597464,449
336488541,31.3873,27.0143,461,34742,0.229105,0.17,1,4597947,4597486,461
336491461,49.1549,31.2057,488,34803,0.241642,0.21,1,4598008,4597520,488
336494381,20.862,47.8823,431,34864,0.246657,0.21,1,4598010,4597579,431
336497301,25.7448,20.3529,458,34925,0.236663,0.15,1,4598039,4597581,458
336500221,54.0979,25.5412,502,34986,0.268665,0.19,1,4598112,4597610,502
336514821,36.0912,33.6763,469,35286,0.40166,0.23,1,4598323,4597854,469
336517741,27.6365,35.6705,454,35346,0.418664,0.23,1,4598345,4597891,454
336520661,31.4546,27.4682,466,35406,0.449466,0.23,1,4598379,4597913,466
336576141,66.9609,66.5551,454,36524,0.796831,0.69,2,4599132,4598678,454
336593661,53.3358,52.7735,456,36870,0.912328,0.73,2,4599346,4598890,456
336596581,22.5343,22.3094,456,36927,0.922931,0.73,2,4599348,4598892,456
336599501,25.8137,25.7238,456,36984,0.927173,0.71,2,4599376,4598920,456
336748421,43.744,51.6204,480,39793,0.76264,1,2,4601357,4600877,480
336765941,27.9201,12.9998,527,40111,0.219041,1,1,4601590,4601063,527
336774701,23.8669,24.592,511,40270,0.0804986,1,1,4601652,4601141,511
336777621,49.1468,37.4368,531,40322,0.0981995,0.8,1,4601718,4601187,531
336798061,33.3956,56.7508,460,40686,0.0979177,0.31,1,4601968,4601508,460
336809741,20.1749,20.168,448,40894,0.203003,0.15,1,4602053,4601605,448
336812661,22.47,20.6672,451,40946,0.207201,0.03,1,4602077,4601626,451
336815581,49.188,23.8669,492,40998,0.22088,0.11,1,4602144,4601652,492
336818501,39.4752,49.1468,459,41049,0.238352,0.15,1,4602177,4601718,459
336821421,24.7901,37.6587,444,41100,0.257341,0.19,1,4602192,4601748,444
336824341,39.916,24.6635,478,41151,0.264936,0.13,1,4602242,4601764,478
336827261,38.1664,39.2654,466,41202,0.255975,0.11,1,4602279,4601813,466
336830181,35.0666,40.3062,458,41253,0.27639,0.15,1,4602312,4601854,458
336844781,18.8804,23.3433,446,41508,0.404331,0.17,1,4602462,4602016,446
336847701,8.75214,18.9373,432,41559,0.407732,0.23,1,4602464,4602032,432
336850621,15.5009,20.1749,431,41610,0.433093,0.21,1,4602484,4602053,431
336917781,35.1755,34.9102,448,42762,0.780335,0.61,2,4603282,4602834,448
336920701,36.8702,35.5641,450,42811,0.798134,0.57,2,4603320,4602870,450
336949901,38.1249,41.1985,490,43301,0.915909,0.71,2,4603614,4603124,490
336952821,36.85,38.0794,490,43350,0.924364,0.67,2,4603650,4603160,490
336955741,54.34,36.8318,520,43399,0.927745,0.77,2,4603716,4603196,520
336958661,36.736,51.9327,483,43448,0.917098,0.81,2,4603741,4603258,483
336961581,37.4944,35.1731,497,43497,0.912839,0.81,2,4603779,4603282,497
336979101,52.3062,21.702,534,43786,0.914094,0.83,2,4603936,4603402,534
336982021,44.3225,51.8808,501,43834,0.935637,0.91,2,4603975,4603474,501
336984941,27.329,42.9523,480,43882,0.944255,0.87,2,4603991,4603511,480
