#Ack,ack_ewma(ms),send_ewma(ms),rtt_ratio,cwnd (Bytes),Last Router Ocupation Ack Arriaval(Packets),Last Router Ocupation Packet Sent(Packets),Network Situation,AckArrival(ms),TSInsideAck(ms),RTTAck(ms)
55481,3.77679,3.27558,426,42340,2.94912e-05,0,1,31695,31269,426
58401,2.71071,2.51023,426,43800,0.0180118,0,1,31697,31271,426
61321,2.28429,1.00409,428,45260,0.0372047,0,1,31699,31271,428
64241,2.11371,1.60164,428,46720,0.0568819,0.03,1,31701,31273,428
67161,2.04549,1.84065,428,48180,0.0767528,0.03,1,31703,31275,428
70081,114.818,0.736262,618,49640,0.0307011,0,1,31893,31275,618
73001,47.1273,118.495,423,51100,0.0122804,0,1,31895,31472,423
75921,146.051,175.198,422,52560,0.00491218,0,1,32107,31685,422
78841,59.6204,70.0791,424,54020,0.00196487,0,1,32109,31685,424
81761,25.0481,29.2316,424,55480,0.000785948,0,1,32111,31687,424
84681,11.2193,12.8927,424,56940,0.000314379,0,1,32113,31689,424
87601,5.6877,5.15706,426,58400,0.000125752,0,1,32115,31689,426
90521,3.47508,3.26282,426,59860,5.03007e-05,0,1,32117,31691,426
93441,2.59003,2.50513,426,61320,0.0180201,0,1,32119,31693,426
96361,2.23601,1.00205,428,62780,0.037208,0,1,32121,31693,428
99281,2.09441,1.60082,428,64240,0.0568832,0.03,1,32123,31695,428
102201,2.03776,1.84033,428,65700,0.0767533,0.03,1,32125,31697,428
105121,2.0151,0.736131,430,67160,0.0967013,0.05,1,32127,31697,430
119721,108.8,114.595,422,74460,0.070667,0,1,32315,31893,422
122641,44.7201,45.838,424,75920,0.0282668,0,1,32317,31893,424
125561,19.088,19.5352,424,77380,0.0113067,0,1,32319,31895,424
128481,133.635,135.014,422,78840,0.00452269,0,1,32529,32107,422
131401,54.6541,54.0056,424,80300,0.00180908,0,1,32531,32107,424
134321,23.0616,22.8023,424,81760,0.00072363,0,1,32533,32109,424
137241,10.4247,10.3209,424,83220,0.000289452,0,1,32535,32111,424
140161,5.36986,4.12836,426,84680,0.000115781,0,1,32537,32111,426
143081,3.34794,2.85134,426,86140,4.63123e-05,0,1,32539,32113,426
146001,2.53918,2.34054,426,87600,0.0180185,0,1,32541,32115,426
148921,2.21567,0.936215,428,89060,0.0372074,0,1,32543,32115,428
151841,2.08627,1.57449,428,90520,0.056883,0.03,1,32545,32117,428
154761,2.03451,1.82979,428,91980,0.0767532,0.03,1,32547,32119,428
157681,2.0138,0.731918,430,93440,0.0967013,0.05,1,32549,32119,430
175201,2.00006,0.718006,434,102200,0.216667,0.13,1,32561,32127,434
178121,2.00002,1.4872,434,103660,0.236667,0.15,1,32563,32129,434
181041,2.00001,1.79488,434,105120,0.256667,0.15,1,32565,32131,434
183961,2,0.717952,436,106580,0.276667,0.17,1,32567,32131,436
186881,2,1.48718,436,108040,0.296667,0.19,1,32569,32133,436
195641,41.12,108.287,423,112420,0.0506667,0,1,32738,32315,423
198561,17.648,44.5149,423,113880,0.0202667,0,1,32740,32317,423
201481,8.2592,17.8059,425,115340,0.00810666,0,1,32742,32317,425
204401,4.50368,8.32238,425,116800,0.00324267,0,1,32744,32319,425
207321,126.001,129.329,422,118260,0.00129707,0,1,32951,32529,422
210241,51.6006,51.7316,424,119720,0.000518826,0,1,32953,32529,424
213161,21.8402,21.8926,424,121180,0.000207531,0,1,32955,32531,424
216081,9.93609,9.95705,424,122640,8.30122e-05,0,1,32957,32533,424
219001,5.17444,3.98282,426,124100,3.32049e-05,0,1,32959,32533,426
221921,3.26977,2.79313,426,125560,1.3282e-05,0,1,32961,32535,426
224841,2.50791,2.31725,426,127020,0.0180053,0,1,32963,32537,426
227761,2.20316,0.9269,428,128480,0.0372021,0,1,32965,32537,428
230681,2.08127,1.57076,428,129940,0.0508809,0.03,1,32967,32539,428
233601,2.03251,1.8283,428,131400,0.0323523,0.03,1,32969,32541,428
236521,2.013,0.731322,430,132860,0.0129409,0.05,1,32971,32541,430
254041,2.00005,0.718003,434,141620,0.0650335,0.13,1,32983,32549,434
265721,2,1.48718,436,147460,0.0820169,0.19,1,32991,32555,436
294921,2,1.79487,442,162060,0.0851164,0.31,1,33011,32569,442
297841,2,0.717949,444,163520,0.0460466,0.33,1,33013,32569,444
300761,2,1.48718,444,164980,0.0184186,0,1,33015,32571,444
303681,86.6,99.5949,422,166440,0.00736745,0,1,33158,32736,422
306601,35.84,39.8379,424,167900,0.00294698,0,1,33160,32736,424
309521,15.536,17.1352,424,169360,0.00117879,0,1,33162,32738,424
312441,7.4144,8.05407,424,170820,0.000471517,0,1,33164,32740,424
315361,4.16576,3.22163,426,172280,0.000188607,0,1,33166,32740,426
318281,2.8663,2.48865,426,173740,7.54427e-05,0,1,33168,32742,426
321201,2.34652,2.19546,426,175200,3.01771e-05,0,1,33170,32744,426
322661,121.539,0.878184,627,176660,1.20708e-05,0,1,33371,32744,627
325581,49.8154,124.551,422,178120,4.82833e-06,0,1,33373,32951,422
328501,21.1262,49.8205,424,179580,1.93133e-06,0,1,33375,32951,424
331421,9.65047,21.1282,424,181040,7.72533e-07,0,1,33377,32953,424
334341,5.06019,9.65128,424,182500,3.09013e-07,0,1,33379,32955,424
336341,4.42408,3.86051,428,183960,1.23605e-07,0.05,1,33383,32955,428
339261,2.96963,5.7442,423,185420,4.94421e-08,0.05,1,33385,32962,423
342181,2.38785,2.29768,425,186880,1.97768e-08,0.05,1,33387,32962,425
345101,2.15514,0.919073,427,188340,7.91073e-09,0.05,1,33389,32962,427
355481,1.76397,6.11953,423,194180,0.097152,0.17,1,33396,32973,423
358401,1.90559,2.44781,425,195640,0.0628608,0.17,1,33398,32973,425
361321,1.96224,0.979124,427,197100,0.0251443,0.17,1,33400,32973,427
364241,1.98489,0.39165,429,198560,0.0940577,0.17,1,33402,32973,429
367121,1.99396,0.15666,431,200020,0.0976231,0.08,1,33404,32973,431
370041,1.99758,4.86266,425,201480,0.0750492,0.08,1,33406,32981,425
372961,1.99903,1.94507,427,202940,0.0420197,0.08,1,33408,32981,427
375881,1.99961,0.778026,429,204400,0.0888079,0.08,1,33410,32981,429
378561,1.99985,0.31121,431,205860,0.0835231,0.14,1,33412,32981,431
384401,1.99998,1.48979,429,208780,0.0925637,0.14,1,33416,32987,429
392301,1.76,3.69535,428,213160,0.0808041,0.17,1,33421,32993,428
395221,1.904,1.47814,430,214620,0.0443216,0.17,1,33423,32993,430
397701,2.5616,0.591255,433,216080,0.0177287,0.19,1,33426,32993,433
400621,2.22464,7.4365,423,217540,0.00709146,0.19,1,33428,33005,423
413921,1.4023,0.0761498,432,224840,0.0760086,0,1,33437,33005,432
416841,1.76092,5.43046,425,226300,0.0424034,0,1,33439,33014,425
419761,1.90437,2.17218,427,227760,0.0169614,0,1,33441,33014,427
422681,1.96175,0.868873,429,229220,0.00678455,0,1,33443,33014,429
428481,1.99388,0.13902,433,232140,0.212286,0.22,1,33447,33014,433
431401,1.99755,1.85561,432,233600,0.204914,0.22,1,33449,33017,432
433061,85.399,0.742243,573,235060,0.0819657,0,1,33590,33017,573
435981,35.3596,91.4969,423,236520,0.0327863,0,1,33592,33169,423
438901,15.3438,36.5988,425,237980,0.0131145,0,1,33594,33169,425
441821,7.33754,14.6395,427,239440,0.0052458,0,1,33596,33169,427
444741,4.13501,5.8558,429,240900,0.00209832,0,1,33598,33169,429
447661,2.85401,2.34232,431,242360,0.000839328,0,1,33600,33169,431
449281,1.7416,0.936928,432,243820,0.000335731,0,1,33601,33169,432
451361,1.29664,3.37477,428,245280,0.000134293,0,1,33602,33174,428
454281,120.519,124.95,422,246740,5.3717e-05,0,1,33802,33380,422
457201,49.4075,49.98,424,248200,2.14868e-05,0,1,33804,33380,424
460121,20.963,19.992,426,249660,8.59472e-06,0,1,33806,33380,426
463041,9.58519,7.99679,428,251120,3.43789e-06,0,1,33808,33380,428
464881,4.43408,3.19872,429,252580,1.37515e-06,0.18,1,33809,33380,429
467801,4.17363,7.87949,422,254040,5.50062e-07,0.18,1,33813,33391,422
470721,2.86945,3.15179,424,255500,2.20025e-07,0.18,1,33815,33391,424
473641,2.34778,1.26072,426,256960,8.80099e-08,0.18,1,33817,33391,426
475281,1.53911,0.504287,427,258420,3.5204e-08,0.04,1,33818,33391,427
478201,1.81564,4.40172,422,259880,1.40816e-08,0.04,1,33820,33398,422
481121,1.92626,1.76069,424,261340,5.63263e-09,0.04,1,33822,33398,424
491521,1.90211,1.00507,427,267180,0.099072,0.14,1,33829,33402,427
493381,1.36084,0.402029,428,268640,0.0756288,0.06,1,33830,33402,428
496301,1.74434,2.56081,426,270100,0.0422515,0.06,1,33832,33406,426
498161,1.29774,1.02432,427,271560,0.0169006,0.13,1,33833,33406,427
514801,1.42784,0.0779236,431,280320,0.0774798,0.12,1,33849,33418,431
517721,4.77114,9.63117,422,281780,0.0789919,0.12,1,33856,33434,422
520641,3.10845,3.85247,424,283240,0.0555968,0.12,1,33858,33434,424
523561,2.44338,1.54099,426,284700,0.0222387,0.12,1,33860,33434,426
538101,2.00454,0.0157797,436,292000,0.0839589,0,1,33870,33434,436
541021,2.00182,3.60631,432,293460,0.0455836,0,1,33872,33440,432
543941,2.00073,1.44252,434,294920,0.0182334,0,1,33874,33440,434
546861,2.00029,0.57701,436,296380,0.00729337,0,1,33876,33440,436
556201,1.72161,5.19877,430,302220,0.0973387,0.29,1,33882,33452,430
559121,1.88864,2.07951,432,303680,0.0629355,0.29,1,33884,33452,432
564521,83.3422,89.7327,422,306600,0.0508697,0,1,34023,33601,422
567441,34.5369,35.8931,424,308060,0.0203479,0,1,34025,33601,424
570361,15.0147,14.3572,426,309520,0.00813915,0,1,34027,33601,426
573281,7.2059,5.74289,428,310980,0.00325566,0,1,34029,33601,428
576201,4.08236,2.29716,430,312440,0.00130226,0,1,34031,33601,430
578241,2.23294,0.918863,431,313900,0.000520905,0.2,1,34032,33601,431
581161,2.69318,7.56755,422,315360,0.000208362,0.2,1,34035,33613,422
583861,120.477,3.02702,621,316820,8.33448e-05,0,1,34234,33613,621
586781,49.3909,121.211,423,318280,3.33379e-05,0,1,34236,33813,423
589701,20.9564,48.4843,425,319740,1.33352e-05,0,1,34238,33813,425
592621,9.58254,19.3937,427,321200,5.33407e-06,0,1,34240,33813,427
595541,5.03302,7.75749,429,322660,2.13363e-06,0,1,34242,33813,429
597381,5.61321,3.103,435,324120,8.53451e-07,0.12,1,34248,33813,435
600301,3.44528,9.6412,423,325580,3.4138e-07,0.12,1,34250,33827,423
603221,2.57811,3.85648,425,327040,1.36552e-07,0.12,1,34252,33827,425
606141,2.23125,1.54259,427,328500,5.46209e-08,0.12,1,34254,33827,427
616721,1.40592,0.0394903,434,334340,0.092352,0.24,1,34261,33827,434
622561,1.90495,3.12632,425,337260,0.0831763,0.24,1,34265,33840,425
625481,1.96198,1.25053,427,338720,0.0572705,0.24,1,34267,33840,427
628401,1.98479,0.500211,429,340180,0.0229082,0.24,1,34269,33840,429
630661,2.59392,0.200084,432,341640,0.0691633,0.19,1,34272,33840,432
633581,2.23757,6.68003,423,343100,0.0636653,0.19,1,34274,33851,423
636501,2.09503,2.67201,425,344560,0.0374661,0.19,1,34276,33851,425
639421,2.03801,1.06881,427,346020,0.0149864,0.19,1,34278,33851,427
647301,3.80243,0.0684035,436,350400,0.0571191,0.14,1,34287,33851,436
650221,2.72097,9.02736,423,351860,0.0948476,0.14,1,34289,33866,423
653141,2.28839,3.61094,425,353320,0.0859391,0.14,1,34291,33866,425
656061,2.11536,1.44438,427,354780,0.0583756,0.14,1,34293,33866,427
658981,2.04614,0.577751,429,356240,0.0893503,0.14,1,34295,33866,429
661861,2.01846,0.2311,431,357700,0.0837401,0,1,34297,33866,431
664781,2.00738,4.89244,425,359160,0.057496,0,1,34299,33874,425
667701,2.00295,1.95698,427,360620,0.0589984,0,1,34301,33874,427
670621,2.00118,0.78279,429,362080,0.0355994,0,1,34303,33874,429
673301,2.00047,0.313116,431,363540,0.0142397,0.04,1,34305,33874,431
676221,2.00019,6.12525,423,365000,0.0056959,0.04,1,34307,33884,423
679141,2.00008,2.4501,425,366460,0.00227836,0.04,1,34309,33884,425
682061,2.00003,0.980039,427,367920,0.000911344,0.04,1,34311,33884,427
684981,2.00001,0.392016,429,369380,0.0963645,0.04,1,34313,33884,429
690781,2,3.66272,427,372300,0.0922183,0.08,1,34317,33890,427
692641,1.4,1.46509,428,373760,0.0728873,0,1,34318,33890,428
695561,83.96,87.586,422,375220,0.0291549,0,1,34457,34035,422
698481,34.784,35.0344,424,376680,0.011662,0,1,34459,34035,424
701401,15.1136,14.0138,426,378140,0.00466479,0,1,34461,34035,426
704321,7.24544,5.60551,428,379600,0.00186592,0,1,34463,34035,428
707241,4.09818,2.2422,430,381060,0.000746366,0,1,34465,34035,430
709281,2.23927,0.896881,431,382520,0.000298546,0,1,34466,34035,431
711361,1.49571,5.75875,423,383980,0.000119419,0,1,34467,34044,423
714281,120.598,122.904,422,385440,4.77674e-05,0,1,34667,34245,422
717201,49.4393,49.1614,424,386900,1.9107e-05,0,1,34669,34245,424
720121,20.9757,19.6646,426,388360,7.64279e-06,0,1,34671,34245,426
723041,9.59029,7.86582,428,389820,3.05711e-06,0,1,34673,34245,428
725921,5.03612,3.14633,430,391280,1.22285e-06,0,1,34675,34245,430
728841,3.21445,5.45853,425,392740,4.89138e-07,0,1,34677,34252,425
731121,1.88578,2.18341,426,394200,1.95655e-07,0.12,1,34678,34252,426
734041,2.55431,5.07337,422,395660,7.82621e-08,0.12,1,34681,34259,422
736961,2.22172,2.02935,424,397120,3.13048e-08,0.12,1,34683,34259,424
739881,2.08869,0.811738,426,398580,1.25219e-08,0.12,1,34685,34259,426
742561,2.03548,0.324695,428,400040,0.072,0.02,1,34687,34259,428
745481,2.61419,5.52988,422,401500,0.0648,0.02,1,34690,34268,422
748401,2.24568,2.21195,424,402960,0.03792,0.02,1,34692,34268,424
751321,2.09827,0.88478,426,404420,0.015168,0.02,1,34694,34268,426
754241,2.03931,0.353912,428,405880,0.0060672,0.02,1,34696,34268,428
756081,1.41572,0.141565,429,407340,0.00242688,0,1,34697,34268,429
767521,1.98504,0.349224,428,413180,0.0999021,0.1,1,34705,34277,428
786881,3.80862,2.92412,424,423400,0.084262,0.06,1,34725,34301,424
798521,4.4463,8.47486,422,429240,0.0663811,0.12,1,34737,34315,422
801441,2.97852,3.38994,424,430700,0.0265524,0.12,1,34739,34315,424
804361,2.39141,1.35598,426,432160,0.010621,0.12,1,34741,34315,426
807281,2.15656,0.542391,428,433620,0.0642484,0.12,1,34743,34315,428
810201,2.06263,0.216956,430,435080,0.0616994,0.12,1,34745,34315,430
813121,2.02505,0.0867825,432,436540,0.0366797,0.12,1,34747,34315,432
815361,1.41002,0.034713,433,438000,0.0146719,0.22,1,34748,34315,433
818281,1.76401,7.81389,422,439460,0.00586876,0.22,1,34750,34328,422
821201,1.9056,3.12555,424,440920,0.0023475,0.22,1,34752,34328,424
823681,1.36224,1.25022,425,442380,0.000939001,0,1,34753,34328,425
826601,84.5449,86.3001,422,443840,0.0003756,0,1,34893,34471,422
829521,35.018,34.52,424,445300,0.00015024,0,1,34895,34471,424
832441,15.2072,13.808,426,446760,6.00961e-05,0,1,34897,34471,426
835361,7.28287,5.5232,428,448220,2.40384e-05,0,1,34899,34471,428
838281,4.11315,2.20928,430,449680,9.61537e-06,0,1,34901,34471,430
841201,2.84526,0.883713,432,451140,3.84615e-06,0,1,34903,34471,432
843861,116.938,0.353485,625,452600,1.53846e-06,0,1,35096,34471,625
846781,47.9752,122.541,423,454060,6.15383e-07,0,1,35098,34675,423
849701,20.3901,49.0166,425,455520,2.46153e-07,0,1,35100,34675,425
852621,9.35604,19.6066,427,456980,9.84613e-08,0,1,35102,34675,427
855301,7.34241,7.84265,433,458440,3.93845e-08,0.12,1,35108,34675,433
858221,4.13697,10.3371,423,459900,1.57538e-08,0.12,1,35110,34687,423
861141,2.85479,4.13482,425,461360,0.072,0.12,1,35112,34687,425
864061,2.34191,1.65393,427,462820,0.0768,0.12,1,35114,34687,427
866981,2.13677,0.661572,429,464280,0.05472,0.12,1,35116,34687,429
869901,2.05471,0.264629,431,465740,0.021888,0.12,1,35118,34687,431
871941,1.42188,0.105851,432,467200,0.0087552,0,1,35119,34687,432
874861,1.76875,4.84234,426,468660,0.00350208,0,1,35121,34695,426
877781,1.9075,1.93694,428,470120,0.0494008,0,1,35123,34695,428
880701,1.963,0.774774,430,471580,0.0437603,0,1,35125,34695,430
883381,1.9852,0.30991,432,473040,0.0175041,0.16,1,35127,34695,432
886301,1.99408,3.72396,428,474500,0.0670017,0.16,1,35129,34701,428
889201,1.99763,1.48959,430,475960,0.0628007,0.19,1,35131,34701,430
895041,1.99962,1.67833,428,478880,0.0892481,0.19,1,35135,34707,428
897961,1.99985,0.671333,430,480340,0.0596992,0.19,1,35137,34707,430
900021,1.39994,0.268533,431,481800,0.0358797,0.11,1,35138,34707,431
902941,1.75998,4.90741,425,483260,0.0143519,0.11,1,35140,34715,425
905861,1.90399,1.96297,427,484720,0.0897408,0.11,1,35142,34715,427
908781,1.9616,0.785186,429,486180,0.0958963,0.11,1,35144,34715,429
911701,1.98464,0.314074,431,487640,0.0743585,0.11,1,35146,34715,431
913541,1.39386,0.12563,432,489100,0.0537434,0.08,1,35147,34715,432
915621,3.55754,5.45025,428,490560,0.0214974,0.12,1,35152,34724,428
934961,2.21759,0.486933,428,500780,0.0850682,0.14,1,35171,34743,428
937881,3.88704,6.79477,422,502240,0.0460273,0.14,1,35176,34754,422
940801,2.75481,2.71791,424,503700,0.0184109,0.14,1,35178,34754,424
943721,2.30193,1.08716,426,505160,0.00736436,0.14,1,35180,34754,426
946641,2.12077,0.434865,428,506620,0.00294574,0.14,1,35182,34754,428
949561,2.04831,0.173946,430,508080,0.0851783,0.14,1,35184,34754,430
952481,2.01932,0.0695785,432,509540,0.0940713,0.14,1,35186,34754,432
954721,1.40773,0.0278314,433,511000,0.0856285,0,1,35187,34754,433
957641,79.1631,85.2111,422,512460,0.0342514,0,1,35318,34896,422
959921,32.2652,34.0845,423,513920,0.0137006,0,1,35319,34896,423
962841,21.3061,22.6338,422,515380,0.00548022,0,1,35333,34911,422
965761,9.72244,9.05351,424,516840,0.00219209,0,1,35335,34911,424
968681,5.08897,3.6214,426,518300,0.000876836,0,1,35337,34911,426
971361,3.23559,1.44856,428,519760,0.000350734,0,1,35339,34911,428
974281,111.694,114.579,422,521220,0.000140294,0,1,35523,35101,422
977201,45.8777,45.8318,424,522680,5.61175e-05,0,1,35525,35101,424
980121,19.5511,18.3327,426,524140,2.2447e-05,0,1,35527,35101,426
982181,10.8204,7.33308,431,525600,8.9788e-06,0.12,1,35532,35101,431
985101,5.52817,8.93323,423,527060,3.59152e-06,0.12,1,35534,35111,423
988021,3.41127,3.57329,425,528520,1.43661e-06,0.12,1,35536,35111,425
990501,3.16451,1.42932,428,529980,5.74643e-07,0,1,35539,35111,428
993421,2.4658,4.77173,423,531440,2.29857e-07,0,1,35541,35118,423
996341,2.18632,1.90869,425,532900,9.19428e-08,0,1,35543,35118,425
998821,1.47453,0.763476,426,534360,3.67771e-08,0.09,1,35544,35118,426
1001741,1.78981,2.70539,424,535820,0.072,0.09,1,35546,35122,424
1004661,1.91592,1.08216,426,537280,0.0768,0.09,1,35548,35122,426
1007141,3.16637,0.432862,430,538740,0.09072,0.06,1,35552,35122,430
1010061,2.46655,5.57315,423,540200,0.072288,0.06,1,35554,35131,423
1012981,2.18662,2.22926,425,541660,0.0409152,0.06,1,35556,35131,425
1015901,2.07465,0.891703,427,543120,0.0163661,0.06,1,35558,35131,427
1018581,3.82986,0.356681,432,544580,0.0905464,0.14,1,35563,35131,432
1021501,2.73194,6.74267,423,546040,0.0962186,0.14,1,35565,35142,423
1024421,2.29278,2.69707,425,547500,0.0744874,0.14,1,35567,35142,425
1033181,2.01874,0.172612,431,551880,0.0772472,0.14,1,35573,35142,431
1035221,1.4075,0.0690449,432,553340,0.0548989,0.02,1,35574,35142,432
1038141,1.763,3.62762,428,554800,0.0219596,0.02,1,35576,35148,428
1041061,1.9052,1.45105,430,556260,0.00878382,0.02,1,35578,35148,430
1043981,1.96208,0.580419,432,557720,0.00351353,0.02,1,35580,35148,432
1045621,1.38483,0.232168,433,559180,0.00140541,0.16,1,35581,35148,433
1048541,1.75393,4.89287,427,560640,0.000562164,0.16,1,35583,35156,427
1056021,5.48825,1.99314,431,565020,0.202356,0.09,1,35594,35163,431
1069541,6.83572,2.57401,435,572320,0.0726129,0.03,1,35612,35177,435
1072461,3.93429,9.4296,423,573780,0.0290452,0.03,1,35614,35191,423
1075381,2.77372,3.77184,425,575240,0.0716181,0.03,1,35616,35191,425
1078301,2.30949,1.50874,427,576700,0.0646472,0.03,1,35618,35191,427
1081221,2.12379,0.603495,429,578160,0.0378589,0.03,1,35620,35191,429
1084141,2.04952,0.241398,431,579620,0.0151436,0.03,1,35622,35191,431
1085761,1.41981,0.0965591,432,581080,0.00605742,0,1,35623,35191,432
1088681,79.1679,84.6386,422,582540,0.00242297,0,1,35754,35332,422
1090961,32.2672,33.8554,423,584000,0.000969187,0,1,35755,35332,423
1093881,16.5069,17.7422,422,585460,0.000387675,0,1,35761,35339,422
1096801,7.80275,7.09687,424,586920,0.00015507,0,1,35763,35339,424
1099281,3.7211,2.83875,425,588380,6.2028e-05,0,1,35764,35339,425
1102201,3.88844,5.3355,422,589840,2.48112e-05,0,1,35768,35346,422
1103861,113.755,2.1342,609,591300,9.92448e-06,0,1,35955,35346,609
1106781,46.7021,113.654,423,592760,3.96979e-06,0,1,35957,35534,423
1109701,19.8809,45.4615,425,594220,1.58792e-06,0,1,35959,35534,425
1112621,9.15234,18.1846,427,595680,6.35166e-07,0,1,35961,35534,427
1114261,4.26094,7.27383,428,597140,2.54067e-07,0,1,35962,35534,428
1117181,2.90437,7.10953,423,598600,1.01627e-07,0,1,35964,35541,423
1120101,2.36175,2.84381,425,600060,4.06506e-08,0,1,35966,35541,425
1122581,3.9447,1.13753,430,601520,0.06,0.04,1,35971,35541,430
1125501,2.77788,5.85501,423,602980,0.06,0.04,1,35973,35550,423
1128421,2.31115,2.342,425,604440,0.036,0.04,1,35975,35550,425
1131341,2.12446,0.936802,427,605900,0.0144,0.04,1,35977,35550,427
1134261,2.04978,0.374721,429,607360,0.07776,0.04,1,35979,35550,429
1137141,2.01991,0.149888,431,608820,0.079104,0,1,35981,35550,431
1140061,2.00797,4.85996,425,610280,0.0556416,0,1,35983,35558,425
1142981,2.00319,1.94398,427,611740,0.0342566,0,1,35985,35558,427
1145461,6.20127,0.777593,436,613200,0.0137027,0.06,1,35994,35558,436
1165021,1.76688,6.03814,424,623420,0.0897867,0,1,36007,35583,424
1167941,1.90675,2.41526,426,624880,0.0479147,0,1,36009,35583,426
1170861,1.9627,0.966102,428,626340,0.0671659,0,1,36011,35583,428
1173781,1.98508,0.386441,430,627800,0.0508663,0,1,36013,35583,430
1176241,1.39403,0.154576,431,629260,0.0323465,0.08,1,36014,35583,431
1179161,1.75761,4.86183,425,630720,0.0129386,0.08,1,36016,35591,425
1182081,1.90305,1.94473,427,632180,0.00517545,0.08,1,36018,35591,427
1184561,1.36122,0.777893,428,633640,0.00207018,0.16,1,36019,35591,428
1187481,1.74449,3.91116,424,635100,0.0968281,0.16,1,36021,35597,424
1192681,3.51912,5.42579,422,638020,0.0730925,0.1,1,36027,35605,422
1195601,2.60765,2.17031,424,639480,0.029237,0.1,1,36029,35605,424
1201001,5.45722,6.94725,422,642400,0.0934779,0.1,1,36038,35616,422
1203281,2.78289,2.7789,423,643860,0.0613912,0,1,36039,35616,423
1206201,3.51316,4.11156,422,645320,0.0845565,0,1,36043,35621,422
1209121,2.60526,1.64462,424,646780,0.0698226,0,1,36045,35621,424
1211601,1.6421,0.65785,425,648240,0.051929,0.1,1,36046,35621,425
1214521,4.85684,6.26314,422,649700,0.0927716,0.1,1,36053,35631,422
1216801,2.54274,2.50526,423,651160,0.0971086,0,1,36054,35631,423
1219721,83.8171,84.4021,422,652620,0.0388435,0,1,36192,35770,422
1222641,34.7268,33.7608,424,654080,0.0155374,0,1,36194,35770,424
1225561,15.0907,13.5043,426,655540,0.00621495,0,1,36196,35770,426
1228481,7.23629,5.40173,428,657000,0.00248598,0,1,36198,35770,428
1231401,4.09452,2.16069,430,658460,0.000994392,0,1,36200,35770,430
1233861,110.238,0.864277,611,659920,0.000397757,0,1,36381,35770,611
1236781,45.2951,114.346,423,661380,0.000159103,0,1,36383,35960,423
1239701,19.318,45.7383,425,662840,6.36411e-05,0,1,36385,35960,425
1242181,9.52722,18.2953,428,664300,2.54564e-05,0,1,36388,35960,428
1245101,5.01089,11.5181,423,665760,1.01826e-05,0,1,36390,35967,423
1248021,3.20435,4.60725,425,667220,4.07303e-06,0,1,36392,35967,425
1250941,2.48174,1.8429,427,668680,1.62921e-06,0,1,36394,35967,427
1252581,1.5927,0.73716,428,670140,6.51685e-07,0.06,1,36395,35967,428
1254661,7.23708,3.89486,433,671600,0.0120003,0.02,1,36406,35973,433
1257581,4.09483,8.75795,423,673060,0.0048001,0.02,1,36408,35985,423
1260501,2.83793,3.50318,425,674520,0.0859201,0.02,1,36410,35985,425
1263421,2.33517,1.40127,427,675980,0.094368,0.02,1,36412,35985,427
1266341,2.13407,0.560508,429,677440,0.0737472,0.02,1,36414,35985,429
1269261,2.05363,0.224203,431,678900,0.0414989,0.02,1,36416,35985,431
1270881,1.42145,0.0896813,432,680360,0.0165996,0,1,36417,35985,432
1273801,1.76858,4.83587,426,681820,0.00663982,0,1,36419,35993,426
1275461,1.30743,1.93435,427,683280,0.00265593,0.18,1,36420,35993,427
1278381,1.72297,4.37374,423,684740,0.00106237,0.18,1,36422,35999,423
1281301,1.88919,1.7495,425,686200,0.0484249,0.18,1,36424,35999,425
1283781,4.35568,0.699798,431,687660,0.01937,0.02,1,36430,35999,431
1286701,2.94227,6.27992,423,689120,0.00774799,0.02,1,36432,36009,423
1289621,2.37691,2.51197,425,690580,0.0030992,0.02,1,36434,36009,425
1292541,2.15076,1.00479,427,692040,0.00123968,0.02,1,36436,36009,427
1295461,2.06031,0.401915,429,693500,0.000495871,0.02,1,36438,36009,429
1306061,2.00154,0.970289,427,699340,0.200317,0,1,36446,36019,427
1316861,1.76004,6.02484,424,705180,0.0865361,0,1,36453,36029,424
1319781,1.90402,2.40994,426,706640,0.0466144,0,1,36455,36029,426
1344101,3.87972,0.990123,430,719780,0.0884974,0,1,36481,36051,430
1347021,2.75189,5.79605,423,721240,0.0593989,0,1,36483,36060,423
1349301,85.1008,2.31842,563,722700,0.0237596,0,1,36623,36060,563
1352221,35.2403,86.1274,423,724160,0.00950383,0,1,36625,36202,423
1355141,15.2961,34.4509,425,725620,0.00380153,0,1,36627,36202,425
1358061,7.31845,13.7804,427,727080,0.00152061,0,1,36629,36202,427
1360981,4.12738,5.51215,429,728540,0.000608245,0,1,36631,36202,429
1363861,109.051,2.20486,608,730000,0.000243298,0,1,36810,36202,608
1366781,44.8204,113.082,423,731460,9.73192e-05,0,1,36812,36389,423
1369701,19.1282,45.2328,425,732920,3.89277e-05,0,1,36814,36389,425
1372621,8.85126,18.0931,427,734380,1.55711e-05,0,1,36816,36389,427
1374261,5.9405,7.23724,431,735840,6.22843e-06,0.14,1,36820,36389,431
1377181,3.5762,8.8949,423,737300,2.49137e-06,0.14,1,36822,36399,423
1380101,2.63048,3.55796,425,738760,9.96548e-07,0.14,1,36824,36399,425
1383021,2.25219,1.42318,427,740220,3.98619e-07,0.14,1,36826,36399,427
1384661,5.10088,0.569273,434,741680,0.0960002,0.1,1,36833,36399,434
1390501,2.49614,3.21108,425,744600,0.09216,0.1,1,36837,36412,425
1392981,8.19846,1.28443,437,746060,0.036864,0,1,36849,36412,437
1395901,4.47938,10.1138,423,747520,0.0147456,0,1,36851,36428,423
1398821,2.99175,4.04551,425,748980,0.0658982,0,1,36853,36428,425
1401741,2.3967,1.6182,427,750440,0.0623593,0,1,36855,36428,427
1404661,2.15868,0.647281,429,751900,0.0369437,0,1,36857,36428,429
1407581,2.06347,0.258913,431,753360,0.0147775,0,1,36859,36428,431
1410501,2.02539,0.103565,433,754820,0.00591099,0,1,36861,36428,433
1412321,1.41016,0.041426,434,756280,0.0023644,0,1,36862,36428,434
1415241,1.76406,3.61657,430,757740,0.000945759,0,1,36864,36434,430
1417521,1.30562,1.44663,431,759200,0.000378304,0.21,1,36865,36434,431
1420441,2.32225,7.77865,422,760660,0.0361513,0.21,1,36868,36446,422
1423361,2.1289,3.11146,424,762120,0.0264605,0.21,1,36870,36446,424
1426281,2.05156,1.24458,426,763580,0.0705842,0.21,1,36872,36446,426
1429201,2.02062,0.497834,428,765040,0.0642337,0.21,1,36874,36446,428
1432121,2.00825,0.199133,430,766500,0.0376935,0.21,1,36876,36446,430
1434161,1.4033,0.0796534,431,767960,0.0150774,0.11,1,36877,36446,431
1437081,1.76132,3.03186,428,769420,0.00603095,0.11,1,36879,36451,428
1440001,1.90453,1.21274,430,770880,0.00241238,0.11,1,36881,36451,430
1442481,1.36181,0.485098,431,772340,0.000964953,0.25,1,36882,36451,431
1464121,5.94422,8.07895,422,784020,0.203193,0.08,1,36903,36481,422
1480761,89.9762,91.3051,422,792780,0.052392,0,1,37061,36639,422
1483681,37.1905,36.522,424,794240,0.0209568,0,1,37063,36639,424
1486601,16.0762,14.6088,426,795700,0.00838271,0,1,37065,36639,426
1489521,7.63047,5.84353,428,797160,0.00335308,0,1,37067,36639,428
1491361,3.65219,2.33741,429,798620,0.00134123,0,1,37068,36639,429
1494281,106.461,110.135,422,800080,0.000536493,0,1,37243,36821,422
1497201,43.7844,44.054,424,801540,0.000214597,0,1,37245,36821,424
1500121,18.7137,17.6216,426,803000,8.58389e-05,0,1,37247,36821,426
1503041,8.6855,7.04864,428,804460,3.43356e-05,0,1,37249,36821,428
1504881,4.0742,2.81945,429,805920,1.37342e-05,0,1,37250,36821,429
1507801,2.82968,5.92778,423,807380,5.49369e-06,0,1,37252,36829,423
1510721,2.33187,2.37111,425,808840,2.19748e-06,0,1,37254,36829,425
1513201,1.53275,0.948445,426,810300,8.78991e-07,0.08,1,37255,36829,426
1516121,6.0131,8.17938,422,811760,0.0360004,0.08,1,37264,36842,422
1519041,3.60524,3.27175,424,813220,0.0264001,0.08,1,37266,36842,424
1521521,2.0421,1.3087,425,814680,0.0705601,0.06,1,37267,36842,425
1524441,6.81684,8.32348,422,816140,0.028224,0.06,1,37277,36855,422
1527361,3.92674,3.32939,424,817600,0.0112896,0.06,1,37279,36855,424
1529841,2.17069,1.33176,425,819060,0.00451584,0,1,37280,36855,425
1532761,2.66828,4.1327,422,820520,0.00180634,0,1,37283,36861,422
1535681,2.26731,1.65308,424,821980,0.000722535,0,1,37285,36861,424
1538161,1.50692,0.661232,425,823440,0.060289,0.1,1,37286,36861,425
1541081,5.40277,6.86449,422,824900,0.0241156,0.1,1,37294,36872,422
1544001,3.36111,2.7458,424,826360,0.0816462,0.1,1,37296,36872,424
1549841,2.21778,0.439327,428,829280,0.0982634,0.1,1,37300,36872,428
1552761,2.08711,0.175731,430,830740,0.0633054,0.1,1,37302,36872,430
1555221,1.43484,0.0702924,431,832200,0.0373221,0.04,1,37303,36872,431
1558141,1.77394,1.82812,430,833660,0.0149289,0.04,1,37305,36875,430
1560001,1.30958,0.731247,431,835120,0.0419715,0.19,1,37306,36875,431
1562921,1.72383,5.0925,425,836580,0.0287886,0.19,1,37308,36883,425
1565841,1.88953,2.037,427,838040,0.0115154,0.19,1,37310,36883,427
1568761,1.95581,0.8148,429,839500,0.00460618,0.19,1,37312,36883,429
1571681,1.98233,0.32592,431,840960,0.0618425,0.19,1,37314,36883,431
1579361,1.90287,1.70086,429,845340,0.0807579,0.15,1,37319,36890,429
1582281,1.96115,0.680344,431,846800,0.0443032,0.15,1,37321,36890,431
1589761,1.90151,2.20354,427,851180,0.0762754,0.14,1,37326,36899,427
1592241,1.36061,0.881417,428,852640,0.0545102,0.15,1,37327,36899,428
1595161,4.14424,7.55257,422,854100,0.0698041,0.15,1,37333,36911,422
1603681,2.13723,0.483364,428,858480,0.0788675,0.06,1,37339,36911,428
1606601,2.05489,2.59335,426,859940,0.043547,0.06,1,37341,36915,426
1608881,1.42196,1.03734,427,861400,0.0174188,0,1,37342,36915,427
1611801,91.1688,94.0149,422,862860,0.00696752,0,1,37493,37071,422
1614721,37.6675,37.606,424,864320,0.00278701,0,1,37495,37071,424
1617641,16.267,15.0424,426,865780,0.0011148,0,1,37497,37071,426
1620561,7.7068,6.01696,428,867240,0.000445921,0,1,37499,37071,428
1622401,3.68272,2.40678,429,868700,0.000178368,0,1,37500,37071,429
1625321,102.273,105.963,422,870160,7.13473e-05,0,1,37668,37246,422
1627601,41.5092,42.3851,423,871620,2.85389e-05,0,1,37669,37246,423
1630521,19.0037,19.954,422,873080,1.14156e-05,0,1,37673,37251,422
1633441,8.80148,7.98161,424,874540,4.56623e-06,0,1,37675,37251,424
1635921,4.12059,3.19264,425,876000,1.82649e-06,0.06,1,37676,37251,425
1638841,2.84824,4.27706,422,877460,7.30597e-07,0.06,1,37678,37256,422
1641761,2.33929,1.71082,424,878920,2.92239e-07,0.06,1,37680,37256,424
1644241,1.53572,0.684329,425,880380,1.16895e-07,0,1,37681,37256,425
1647161,10.2143,11.6737,422,881840,0.0840001,0,1,37697,37275,422
1650081,5.28571,4.66949,424,883300,0.0936,0,1,37699,37275,424
1652561,2.71429,1.8678,425,884760,0.08544,0,1,37700,37275,425
1655481,4.68571,6.14712,422,886220,0.034176,0,1,37706,37284,422
1658401,3.07429,2.45885,424,887680,0.0136704,0,1,37708,37284,424
1661321,2.42971,0.983539,426,889140,0.00546816,0,1,37710,37284,426
1662961,1.57189,0.393416,427,890600,0.0381873,0.1,1,37711,37284,427
1665881,1.82875,1.35737,427,892060,0.0272749,0.1,1,37713,37286,427
1667541,2.5315,0.542946,430,893520,0.01091,0.13,1,37716,37286,430
1670461,2.2126,5.61718,423,894980,0.016364,0.13,1,37718,37295,423
1672741,3.88504,2.24687,428,896440,0.00654559,0.04,1,37723,37295,428
1675661,2.75402,5.09875,423,897900,0.0746182,0.04,1,37725,37302,423
1678581,2.30161,2.0395,425,899360,0.0778473,0.04,1,37727,37302,425
1680641,1.52064,0.8158,426,900820,0.0671389,0,1,37728,37302,426
1683561,1.80826,1.52632,426,902280,0.0388556,0,1,37730,37304,426
1685841,1.3233,0.610528,427,903740,0.0155422,0,1,37731,37304,427
1688761,1.72932,4.44421,422,905200,0.00621689,0,1,37733,37311,422
1691681,1.89173,1.77768,424,906660,0.0744868,0,1,37735,37311,424
1694601,1.95669,0.711074,426,908120,0.0777947,0,1,37737,37311,426
1696241,1.38268,0.284429,427,909580,0.0671179,0.06,1,37738,37311,427
1699161,2.35307,4.91377,422,911040,0.0268472,0.06,1,37741,37319,422
1702081,2.14123,1.96551,424,912500,0.0827389,0.06,1,37743,37319,424
1705001,2.05649,0.786203,426,913960,0.0810955,0.06,1,37745,37319,426
1706641,1.4226,0.314481,427,915420,0.0684382,0.12,1,37746,37319,427
1712481,1.90762,1.01032,427,918340,0.0901501,0.12,1,37750,37323,427
1714961,1.36305,0.404127,428,919800,0.07206,0.1,1,37751,37323,428
1717881,5.34522,8.56165,422,921260,0.076824,0.1,1,37759,37337,422
1720801,3.33809,3.42466,424,922720,0.0547296,0.1,1,37761,37337,424
1731401,3.59425,7.28767,422,928560,0.0805531,0.16,1,37771,37349,422
1734321,2.6377,2.91507,424,930020,0.0322212,0.16,1,37773,37349,424
1737241,2.25508,1.16603,426,931480,0.0128885,0.16,1,37775,37349,426
1739921,2.10203,0.466411,428,932940,0.0771554,0,1,37777,37349,428
1742841,90.2408,93.1866,422,934400,0.0308622,0,1,37926,37504,422
1745761,37.2963,37.2746,424,935860,0.0123449,0,1,37928,37504,424
1748681,16.1185,14.9098,426,937320,0.00493794,0,1,37930,37504,426
1751601,7.64741,5.96394,428,938780,0.00197518,0,1,37932,37504,428
1753441,3.65896,2.38558,429,940240,0.000790071,0,1,37933,37504,429
1756361,98.6636,102.354,422,941700,0.000316028,0,1,38095,37673,422
1758641,40.0654,40.9417,423,943160,0.000126411,0,1,38096,37673,423
1761561,20.8262,21.7767,422,944620,5.05645e-05,0,1,38104,37682,422
1764481,9.53047,8.71067,424,946080,2.02258e-05,0,1,38106,37682,424
1767401,5.01219,3.48427,426,947540,8.09033e-06,0,1,38108,37682,426
1770321,3.20487,1.39371,428,949000,3.23613e-06,0,1,38110,37682,428
1773241,2.48195,0.557483,430,950460,1.29445e-06,0,1,38112,37682,430
1775281,1.59278,0.222993,431,951920,5.17781e-07,0.08,1,38113,37682,431
1778201,6.03711,10.8892,422,953380,2.07112e-07,0.08,1,38122,37700,422
1780481,3.01484,4.35568,423,954840,8.28449e-08,0,1,38123,37700,423
1783401,4.20594,5.34227,422,956300,3.3138e-08,0,1,38128,37706,422
1785061,5.28238,2.13691,428,957760,0.048,0.02,1,38134,37706,428
1787981,3.31295,5.05476,423,959220,0.0852,0.02,1,38136,37713,423
1790901,2.52518,2.02191,425,960680,0.07608,0.02,1,38138,37713,425
1793821,2.21007,0.808762,427,962140,0.054432,0.02,1,38140,37713,427
1795461,3.88403,0.323505,432,963600,0.0217728,0.14,1,38145,37713,432
1798381,2.75361,6.7294,423,965060,0.0207091,0.14,1,38147,37724,423
1801301,2.30144,2.69176,425,966520,0.00828365,0.14,1,38149,37724,425
1803361,1.52058,1.0767,426,967980,0.00331346,0,1,38150,37724,426
1806281,2.40823,4.63068,422,969440,0.00132538,0,1,38153,37731,422
1809201,2.16329,1.85227,424,970900,0.000530153,0,1,38155,37731,424
1812121,2.06532,0.740909,426,972360,0.000212061,0,1,38157,37731,426
1813761,1.42613,0.296364,427,973820,8.48245e-05,0.08,1,38158,37731,427
1816681,1.77045,3.71855,423,975280,3.39298e-05,0.08,1,38160,37737,423
1827921,2.37812,2.01519,424,981120,0.0849609,0.08,1,38169,37745,424
1841241,1.96547,0.692636,426,988420,0.0646524,0.04,1,38178,37752,426
1851001,4.06312,5.53773,422,994260,0.0425511,0.12,1,38188,37766,422
1866821,2.16205,1.84668,425,1003020,0.0973148,0.12,1,38201,37776,425
1869301,1.46482,0.738673,426,1004480,0.0749259,0.07,1,38202,37776,426
1870961,1.18593,3.29547,422,1005940,0.0539704,0,1,38203,37781,422
1873041,88.0744,89.5182,421,1007400,0.0215881,0,1,38349,37928,421
1875961,38.2297,38.2073,422,1008860,0.00863526,0,1,38354,37932,422
1878881,16.4919,15.2829,424,1010320,0.0034541,0,1,38356,37932,424
1880741,7.19676,6.11316,425,1011780,0.00138164,0,1,38357,37932,425
1883661,4.0787,4.84527,423,1013240,0.000552656,0,1,38359,37936,423
1885941,102.431,1.93811,591,1014700,0.000221063,0,1,38527,37936,591
1888861,42.1726,102.775,423,1016160,8.8425e-05,0,1,38529,38106,423
1891761,18.069,41.1101,425,1017620,3.537e-05,0.06,1,38531,38106,425
1894681,12.6276,23.644,422,1019080,1.4148e-05,0.06,1,38540,38118,422
1897601,6.25105,9.45761,424,1020540,0.0360057,0.06,1,38542,38118,424
1900521,3.70042,3.78305,426,1022000,0.0264023,0.06,1,38544,38118,426
1903441,2.68017,1.51322,428,1023460,0.0105609,0.06,1,38546,38118,428
1906321,2.27207,0.605287,430,1024920,0.00422436,0,1,38548,38118,430
1909241,2.10883,4.44212,425,1026380,0.00168974,0,1,38550,38125,425
1911521,1.44353,1.77685,426,1027840,0.000675898,0.13,1,38551,38125,426
1914441,4.17741,6.71074,422,1029300,0.000270359,0.13,1,38557,38135,422
1917141,10.071,2.6843,436,1030760,0.0721081,0,1,38571,38135,436
1920061,5.22839,10.0737,423,1032220,0.0948433,0,1,38573,38150,423
1922981,3.29135,4.02949,425,1033680,0.0799373,0,1,38575,38150,425
1925901,2.51654,1.61179,427,1035140,0.0439749,0,1,38577,38150,427
1928821,2.20662,0.644718,429,1036600,0.01759,0,1,38579,38150,429
1931741,2.08265,0.257887,431,1038060,0.00703599,0,1,38581,38150,431
1933781,1.43306,0.103155,432,1039520,0.00281439,0,1,38582,38150,432
1936701,1.77322,5.44126,425,1040980,0.00112576,0,1,38584,38159,425
1939621,1.90929,2.1765,427,1042440,0.000450303,0,1,38586,38159,427
1942541,1.96372,0.870602,429,1043900,0.000180121,0,1,38588,38159,429
1944801,1.38549,0.348241,430,1045360,7.20485e-05,0.06,1,38589,38159,430
1947721,1.75419,6.1393,422,1046820,0.0720288,0.06,1,38591,38169,422
1950641,1.90168,2.45572,424,1048280,0.0768115,0.06,1,38593,38169,424
1953561,1.96067,0.982287,426,1049740,0.0547246,0.06,1,38595,38169,426
1955201,1.38427,0.392915,427,1051200,0.0338898,0.17,1,38596,38169,427
1958121,3.55371,6.15717,422,1052660,0.0135559,0.17,1,38601,38179,422
1961041,2.62148,2.46287,424,1054120,0.00542237,0.17,1,38603,38179,424
1989341,2.15121,1.11155,427,1068720,0.222456,0.13,1,38626,38199,427
1991601,1.46048,0.444622,428,1070180,0.226982,0,1,38627,38199,428
2002001,1.42459,0.356982,427,1076020,0.0884188,0,1,38635,38208,427
2004921,89.3698,91.9428,422,1077480,0.0353675,0,1,38783,38361,422
2007841,36.9479,36.7771,424,1078940,0.014147,0,1,38785,38361,424
2010761,15.9792,14.7108,426,1080400,0.0056588,0,1,38787,38361,426
2013681,7.59167,5.88434,428,1081860,0.00226352,0,1,38789,38361,428
2015941,100.837,2.35374,591,1083320,0.000905408,0,1,38952,38361,591
2018861,41.5347,102.942,423,1084780,0.000362163,0,1,38954,38531,423
2021141,21.4139,41.1766,431,1086240,0.000144865,0.06,1,38962,38531,431
2024061,9.76555,22.4706,423,1087700,5.79461e-05,0.06,1,38964,38541,423
2026341,10.5062,8.98825,434,1089160,2.31784e-05,0.02,1,38975,38541,434
2029261,5.40249,11.3953,423,1090620,0.0240093,0.02,1,38977,38554,423
2032181,3.36099,4.55812,425,1092080,0.00960371,0.02,1,38979,38554,425
2035101,2.5444,1.82325,427,1093540,0.00384148,0.02,1,38981,38554,427
2038021,2.21776,0.729299,429,1095000,0.00153659,0.02,1,38983,38554,429
2040941,2.0871,0.29172,431,1096460,0.000614637,0.02,1,38985,38554,431
2042561,1.43484,0.116688,432,1097920,0.000245855,0,1,38986,38554,432
2044641,1.17394,4.84668,425,1099380,9.83419e-05,0,1,38987,38562,425
2056081,2.43965,0.776875,428,1105220,0.0803545,0.08,1,39007,38579,428
2059001,5.77586,8.71075,422,1106680,0.0321418,0.08,1,39015,38593,422
2061921,3.51034,3.4843,424,1108140,0.0128567,0.08,1,39017,38593,424
2064841,2.60414,1.39372,426,1109600,0.0531427,0.08,1,39019,38593,426
2067761,2.24166,0.557488,428,1111060,0.0452571,0.08,1,39021,38593,428
2070681,2.09666,0.222995,430,1112520,0.0181028,0.08,1,39023,38593,430
2073601,2.03866,0.0891981,432,1113980,0.0312411,0.08,1,39025,38593,432
2076521,2.01547,0.0356792,434,1115440,0.0124965,0.08,1,39027,38593,434
2079381,2.00619,0.0142717,436,1116900,0.00499858,0,1,39029,38593,436
2082301,2.00247,6.00571,428,1118360,0.00199943,0,1,39031,38603,428
2085221,2.00099,2.40228,430,1119820,0.0487998,0,1,39033,38603,430
2088141,2.0004,0.960913,432,1121280,0.0435199,0,1,39035,38603,432
2089781,1.40016,0.384365,433,1122740,0.029408,0.12,1,39036,38603,433
2092701,1.76006,5.55375,426,1124200,0.0117632,0.12,1,39038,38612,426
2095621,1.90403,2.2215,428,1125660,0.00470527,0.12,1,39040,38612,428
2098541,1.96161,0.888599,430,1127120,0.00188211,0.12,1,39042,38612,430
2115381,1.90384,2.75884,427,1135880,0.0841383,0.25,1,39053,38626,427
2135961,88.0966,88.8695,422,1147560,0.0487771,0,1,39215,38793,422
2138881,36.4386,35.5478,424,1149020,0.0195108,0,1,39217,38793,424
2141801,15.7754,14.2191,426,1150480,0.00780433,0,1,39219,38793,426
2144481,7.51018,5.68765,428,1151940,0.00312173,0,1,39221,38793,428
2147401,98.4041,101.275,422,1153400,0.00124869,0,1,39380,38958,422
2149681,39.9616,40.51,423,1154860,0.000499477,0,1,39381,38958,423
2152601,19.5846,20.404,422,1156320,0.000199791,0,1,39387,38965,422
2154881,8.43386,8.1616,423,1157780,7.99163e-05,0,1,39388,38965,423
2157801,15.9735,16.4646,422,1159240,0.024032,0,1,39409,38987,422
2160721,7.58942,6.58586,424,1160700,0.00961279,0,1,39411,38987,424
2163641,4.23577,2.63434,426,1162160,0.00384511,0,1,39413,38987,426
2166561,2.89431,1.05374,428,1163620,0.00153805,0,1,39415,38987,428
2169481,2.35772,0.421495,430,1165080,0.000615218,0,1,39417,38987,430
2172401,2.14309,0.168598,432,1166540,0.000246087,0,1,39419,38987,432
2175061,2.65724,0.0674391,435,1168000,9.84349e-05,0.18,1,39422,38987,435
2177141,4.66289,8.42698,427,1169460,3.9374e-05,0.06,1,39428,39001,427
2180061,3.06516,6.97079,423,1170920,1.57496e-05,0.06,1,39430,39007,423
2182981,2.42606,2.78832,425,1172380,6.29983e-06,0.06,1,39432,39007,425
2195441,1.86132,0.969352,425,1179680,0.0765889,0.08,1,39446,39021,425
2198361,6.14453,7.58774,422,1181140,0.0306355,0.08,1,39455,39033,422
2201281,3.65781,3.0351,424,1182600,0.0122542,0.08,1,39457,39033,424
2204201,2.66312,1.21404,426,1184060,0.00490169,0.08,1,39459,39033,426
2207121,2.26525,0.485615,428,1185520,0.00196067,0.08,1,39461,39033,428
2210041,2.1061,0.194246,430,1186980,0.0607843,0.08,1,39463,39033,430
2212961,2.04244,0.0776984,432,1188440,0.0603137,0.08,1,39465,39033,432
2214581,1.41698,0.0310794,433,1189900,0.0481255,0.24,1,39466,39033,433
2217501,1.76679,6.01243,425,1191360,0.0192502,0.24,1,39468,39043,425
2220421,1.90672,2.40497,427,1192820,0.00770008,0.24,1,39470,39043,427
2223341,1.96269,0.961989,429,1194280,0.00308003,0.24,1,39472,39043,429
2226261,1.98507,0.384796,431,1195740,0.085232,0.24,1,39474,39043,431
2231641,1.75761,3.06157,429,1198660,0.0904371,0.16,1,39477,39048,429
2234561,1.90304,1.22463,431,1200120,0.0601748,0.16,1,39479,39048,431
2236421,1.36122,0.489851,432,1201580,0.0360699,0.08,1,39480,39048,432
2239341,1.74449,2.59594,430,1203040,0.014428,0.08,1,39482,39052,430
2253501,1.95898,0.986582,429,1210340,0.0835717,0.28,1,39491,39062,429
2256421,1.98359,0.394633,431,1211800,0.0454287,0.28,1,39493,39062,431
2258881,1.39344,0.157853,432,1213260,0.0181715,0.25,1,39494,39062,432
2267001,92.9212,94.6661,422,1217640,0.063563,0,1,39651,39229,422
2269921,38.3685,37.8664,424,1219100,0.0254252,0,1,39653,39229,424
2272841,16.5474,15.1466,426,1220560,0.0101701,0,1,39655,39229,426
2275521,7.81895,6.05863,428,1222020,0.00406803,0,1,39657,39229,428
2278441,97.9276,100.823,422,1223480,0.00162721,0,1,39815,39393,422
2281361,40.371,40.3294,424,1224940,0.000650885,0,1,39817,39393,424
2284281,17.3484,16.1318,426,1226400,0.000260354,0,1,39819,39393,426
2285921,7.53936,6.4527,427,1227860,0.000104142,0,1,39820,39393,427
2288841,17.4157,19.9811,422,1229320,4.16566e-05,0,1,39844,39422,422
2291761,8.1663,7.99243,424,1230780,1.66626e-05,0,1,39846,39422,424
2294681,4.46652,3.19697,426,1232240,6.66506e-06,0,1,39848,39422,426
2297601,2.98661,1.27879,428,1233700,2.66602e-06,0,1,39850,39422,428
2300521,2.39464,0.511516,430,1235160,1.06641e-06,0,1,39852,39422,430
2302561,1.55786,0.204606,431,1236620,4.26564e-07,0,1,39853,39422,431
2305481,1.82314,6.08184,423,1238080,1.70625e-07,0,1,39855,39432,423
2308401,1.92926,2.43274,425,1239540,6.82502e-08,0,1,39857,39432,425
2310881,1.3717,0.973095,426,1241000,2.73001e-08,0.08,1,39858,39432,426
2313801,2.94868,5.18924,422,1242460,1.092e-08,0.08,1,39862,39440,422
2316721,2.37947,2.0757,424,1243920,0.072,0.08,1,39864,39440,424
2319621,6.35179,0.830278,433,1245380,0.0288,0.06,1,39873,39440,433
2322541,3.74072,7.53211,423,1246840,0.01152,0.06,1,39875,39452,423
2333781,2.52456,2.83282,425,1252680,0.0875109,0.1,1,39888,39463,425
2339381,3.28393,0.453251,431,1255600,0.0692017,0.14,1,39894,39463,431
2342301,2.51357,6.1813,423,1257060,0.0276807,0.14,1,39896,39473,423
2345221,2.20543,2.47252,425,1258520,0.0110723,0.14,1,39898,39473,425
2348141,2.08217,0.989008,427,1259980,0.00442891,0.14,1,39900,39473,427
2351061,2.03287,0.395603,429,1261440,0.00177156,0.14,1,39902,39473,429
2353521,1.41315,0.158241,430,1262900,0.000708626,0.2,1,39903,39473,430
2356441,2.36526,6.6633,422,1264360,0.00028345,0.2,1,39906,39484,422
2359361,2.1461,2.66532,424,1265820,0.00011338,0.2,1,39908,39484,424
2384761,2.05533,0.231099,430,1278960,0.0848765,0.14,1,39929,39499,430
2387681,2.02213,0.0924395,432,1280420,0.0459506,0.14,1,39931,39499,432
2390601,2.00885,0.0369758,434,1281880,0.0183802,0.14,1,39933,39499,434
2398041,91.7606,100.202,422,1286260,0.0501363,0,1,40088,39666,422
2400961,37.9042,40.0809,424,1287720,0.0200545,0,1,40090,39666,424
2403881,16.3617,16.0324,426,1289180,0.00802181,0,1,40092,39666,426
2406561,7.74468,6.41295,428,1290640,0.00320872,0,1,40094,39666,428
2409481,94.2979,97.3652,422,1292100,0.00128349,0,1,40246,39824,422
2412401,38.9191,38.9461,424,1293560,0.000513396,0,1,40248,39824,424
2415321,16.7677,15.5784,426,1295020,0.000205358,0,1,40250,39824,426
2416961,7.30706,6.23137,427,1296480,8.21433e-05,0,1,40251,39824,427
2419881,16.7228,19.2925,422,1297940,3.28573e-05,0,1,40274,39852,422
2422801,7.88913,7.71702,424,1299400,1.31429e-05,0,1,40276,39852,424
2425721,4.35565,3.08681,426,1300860,5.25717e-06,0,1,40278,39852,426
2428401,2.94226,1.23472,428,1302320,2.10287e-06,0.08,1,40280,39852,428
2431321,5.9769,8.89389,422,1303780,8.41147e-07,0.08,1,40288,39866,422
2434241,3.59076,3.55756,424,1305240,3.36459e-07,0.08,1,40290,39866,424
2437161,2.6363,1.42302,426,1306700,1.34584e-07,0.08,1,40292,39866,426
2440081,2.25452,0.569209,428,1308160,5.38334e-08,0.08,1,40294,39866,428
2443001,2.10181,0.227684,430,1309620,2.15334e-08,0.08,1,40296,39866,430
2445921,2.04072,0.0910734,432,1311080,0.072,0.08,1,40298,39866,432
2448581,2.01629,0.0364294,434,1312540,0.0768,0,1,40300,39866,434
2450241,1.40652,4.81457,427,1314000,0.06672,0.2,1,40301,39874,427
2453161,1.76261,4.92583,424,1315460,0.038688,0.2,1,40303,39879,424
2456081,1.90504,1.97033,426,1316920,0.0754752,0.2,1,40305,39879,426
2457941,9.16202,0.788132,440,1318380,0.0781901,0,1,40319,39879,440
2460861,4.86481,11.7153,423,1319840,0.055276,0,1,40321,39898,423
2463781,3.14592,4.6861,425,1321300,0.0221104,0,1,40323,39898,425
2466701,2.45837,1.87444,427,1322760,0.0328442,0,1,40325,39898,427
2469621,2.18335,0.749776,429,1324220,0.0131377,0,1,40327,39898,429
2472541,2.07334,0.29991,431,1325680,0.00525507,0,1,40329,39898,431
2474581,2.02934,0.119964,433,1327140,0.00210203,0.2,1,40331,39898,433
2477501,2.01173,7.24799,423,1328600,0.00084081,0.2,1,40333,39910,423
2480421,2.00469,2.89919,425,1330060,0.0603363,0.2,1,40335,39910,425
2483341,2.00188,1.15968,427,1331520,0.0601345,0.2,1,40337,39910,427
2486261,2.00075,0.463871,429,1332980,0.0360538,0.2,1,40339,39910,429
2489181,2.0003,0.185548,431,1334440,0.0144215,0.2,1,40341,39910,431
2491221,2.60012,0.0742194,434,1335900,0.00576861,0.18,1,40344,39910,434
2494141,2.24005,7.82969,423,1337360,0.0983074,0.18,1,40346,39923,423
2499981,2.03841,1.25275,427,1340280,0.0925292,0.18,1,40350,39923,427
2502901,2.01536,0.5011,429,1341740,0.0610117,0.18,1,40352,39923,429
2504741,2.00615,0.20044,431,1343200,0.0244047,0,1,40354,39923,431
2507661,2.00246,6.08018,423,1344660,0.00976187,0,1,40356,39933,423
2510581,2.00098,2.43207,425,1346120,0.0999047,0,1,40358,39933,425
2516421,2.00016,0.389131,429,1349040,0.0927848,0,1,40362,39933,429
2519301,3.80006,0.155652,434,1350500,0.0371139,0.14,1,40367,39933,434
2527621,87.3152,1.25796,569,1354880,0.0599753,0,1,40515,39946,569
2530541,36.1261,89.3032,423,1356340,0.0239901,0,1,40517,40094,423
2533461,15.6504,35.7213,425,1357800,0.00959604,0,1,40519,40094,425
2535941,7.46017,14.2885,427,1359260,0.00383842,0,1,40521,40094,427
2537601,3.58407,9.3154,422,1360720,0.00153537,0,1,40522,40100,422
2540521,94.4336,96.7262,422,1362180,0.000614147,0,1,40677,40255,422
2543441,38.9734,38.6905,424,1363640,0.000245659,0,1,40679,40255,424
2546361,16.7894,15.4762,426,1365100,9.82635e-05,0,1,40681,40255,426
2548001,7.31575,6.19047,427,1366560,3.93054e-05,0,1,40682,40255,427
2550921,18.5263,21.0762,422,1368020,1.57222e-05,0,1,40708,40286,422
2553841,8.61052,8.43048,424,1369480,6.28886e-06,0,1,40710,40286,424
2556761,4.64421,3.37219,426,1370940,2.51554e-06,0,1,40712,40286,426
2559441,3.05768,1.34888,428,1372400,1.00622e-06,0,1,40714,40286,428
2562361,2.42307,4.73955,423,1373860,4.02487e-07,0,1,40716,40293,423
2565281,2.16923,1.89582,425,1375320,1.60995e-07,0,1,40718,40293,425
2567761,1.46769,0.758328,426,1376780,6.43979e-08,0.02,1,40719,40293,426
2570681,4.18708,6.30333,422,1378240,2.57592e-08,0.02,1,40725,40303,422
2573601,2.87483,2.52133,424,1379700,1.03037e-08,0.02,1,40727,40303,424
2576521,2.34993,1.00853,426,1381160,4.12147e-09,0.02,1,40729,40303,426
2589401,6.62118,7.57033,422,1388460,0.064224,0.06,1,40746,40324,422
2592321,3.84847,3.02813,424,1389920,0.0256896,0.06,1,40748,40324,424
2594801,2.13939,1.21125,425,1391380,0.0102758,0.1,1,40749,40324,425
2597721,5.05576,6.4845,422,1392840,0.0521103,0.1,1,40756,40334,422
2600641,3.2223,2.5938,424,1394300,0.0448441,0.1,1,40758,40334,424
2603561,2.48892,1.03752,426,1395760,0.0179377,0.1,1,40760,40334,426
2606481,2.19557,0.415008,428,1397220,0.00717506,0.1,1,40762,40334,428
2608321,1.47823,0.166003,429,1398680,0.00287002,0.16,1,40763,40334,429
2611241,3.59129,7.2664,422,1400140,0.025148,0.16,1,40768,40346,422
2614161,2.63652,2.90656,424,1401600,0.0100592,0.16,1,40770,40346,424
2617081,2.25461,1.16262,426,1403060,0.0280237,0.16,1,40772,40346,426
2620001,2.10184,0.46505,428,1404520,0.0112095,0.16,1,40774,40346,428
2621841,1.44074,0.18602,429,1405980,0.00448379,0.18,1,40775,40346,429
2624761,2.97629,6.67441,422,1407440,0.0617935,0.18,1,40779,40357,422
2627681,2.39052,2.66976,424,1408900,0.0607174,0.18,1,40781,40357,424
2630601,2.15621,1.06791,426,1410360,0.036287,0.18,1,40783,40357,426
2633521,2.06248,0.427162,428,1411820,0.0745148,0.18,1,40785,40357,428
2641401,1.764,4.82734,425,1416200,0.0796489,0.02,1,40790,40365,425
2644321,1.9056,1.93094,427,1417660,0.0438596,0.02,1,40792,40365,427
2646801,1.36224,0.772374,428,1419120,0.0175438,0.02,1,40793,40365,428
2649721,7.7449,11.1089,422,1420580,0.0190175,0.02,1,40805,40383,422
2652641,4.29796,4.44358,424,1422040,0.00760701,0.02,1,40807,40383,424
2655561,2.91918,1.77743,426,1423500,0.0630428,0.02,1,40809,40383,426
2657621,82.7677,0.710973,562,1424960,0.0252171,0,1,40945,40383,562
2660541,34.3071,84.8844,423,1426420,0.0100868,0,1,40947,40524,423
2663461,14.9228,33.9538,425,1427880,0.00403474,0,1,40949,40524,425
2666381,7.16913,13.5815,427,1429340,0.0016139,0,1,40951,40524,427
2668641,3.46765,5.4326,428,1430800,0.000645558,0,1,40952,40524,428
2671561,94.9871,99.373,422,1432260,0.000258223,0,1,41108,40686,422
2674481,39.1948,39.7492,424,1433720,0.000103289,0,1,41110,40686,424
2677401,16.8779,15.8997,426,1435180,4.13157e-05,0,1,41112,40686,426
2679041,7.35117,6.35987,427,1436640,1.65263e-05,0,1,41113,40686,427
2681961,19.7405,22.344,422,1438100,6.61051e-06,0,1,41141,40719,422
2684881,9.09619,8.93758,424,1439560,2.64421e-06,0,1,41143,40719,424
2687801,4.83847,3.57503,426,1441020,1.05768e-06,0,1,41145,40719,426
2690721,3.13539,1.43001,428,1442480,4.23073e-07,0,1,41147,40719,428
2693641,2.45416,0.572005,430,1443940,1.69229e-07,0,1,41149,40719,430
2695681,1.58166,0.228802,431,1445400,6.76916e-08,0,1,41150,40719,431
2698601,1.83266,1.29152,431,1446860,2.70767e-08,0,1,41152,40721,431
2700261,1.33307,0.516608,432,1448320,1.08307e-08,0,1,41153,40721,432
2703181,1.73323,5.00664,426,1449780,4.33226e-09,0,1,41155,40729,426
2714221,2.14677,1.18417,427,1455620,0.080352,0.14,1,41167,40740,427
2717141,2.05871,0.473668,429,1457080,0.0441408,0.14,1,41169,40740,429
2718981,4.42348,0.189467,435,1458540,0.0176563,0.12,1,41175,40740,435
2732501,4.42482,1.65698,429,1465840,0.0720464,0.04,1,41189,40760,429
2735421,2.96993,5.46279,423,1467300,0.0288186,0.04,1,41191,40768,423
2738341,2.38797,2.18512,425,1468760,0.0115274,0.04,1,41193,40768,425
2740821,2.15519,0.874047,427,1470220,0.00461097,0,1,41195,40768,427
2743741,2.06208,3.94962,423,1471680,0.00184439,0,1,41197,40774,423
2760181,2.17689,2.25298,425,1480440,0.0825791,0.1,1,41210,40785,425
2762661,1.47076,0.901191,426,1481900,0.0570316,0.09,1,41211,40785,426
2765581,1.7883,2.76048,424,1483360,0.0228126,0.09,1,41213,40789,424
2768501,1.91532,1.10419,426,1484820,0.00912506,0.09,1,41215,40789,426
2785141,2.58794,3.02276,425,1493580,0.0817718,0.08,1,41235,40810,425
2787621,82.6352,1.2091,561,1495040,0.0327087,0,1,41371,40810,561
2790541,34.2541,84.4836,423,1496500,0.0130835,0,1,41373,40950,423
2793461,14.9016,33.7935,425,1497960,0.00523339,0,1,41375,40950,425
2795941,7.16065,13.5174,427,1499420,0.00209336,0,1,41377,40950,427
2798861,4.06426,9.00695,423,1500880,0.000837343,0,1,41379,40956,423
2801141,98.2257,3.60278,584,1502340,0.000334937,0,1,41540,40956,584
2804061,40.4903,99.2411,423,1503800,0.000133975,0,1,41542,41119,423
2806981,17.3961,39.6964,425,1505260,5.35899e-05,0,1,41544,41119,425
2809901,8.15844,15.8786,427,1506720,2.1436e-05,0,1,41546,41119,427
2811541,18.2634,6.35143,452,1508180,8.57439e-06,0,1,41571,41119,452
2814461,8.50535,21.1406,423,1509640,3.42975e-06,0,1,41573,41150,423
2817381,4.60214,8.45623,425,1511100,1.3719e-06,0,1,41575,41150,425
2820301,3.04086,3.38249,427,1512560,5.48761e-07,0,1,41577,41150,427
2823221,2.41634,1.353,429,1514020,2.19504e-07,0,1,41579,41150,429
2826101,5.16654,0.541199,436,1515480,8.78017e-08,0.1,1,41586,41150,436
2829021,3.26661,9.21648,423,1516940,3.51207e-08,0.1,1,41588,41165,423
2831941,2.50665,3.68659,425,1518400,0.084,0.1,1,41590,41165,425
2834861,2.20266,1.47464,427,1519860,0.0936,0.1,1,41592,41165,427
2837781,2.08106,0.589855,429,1521320,0.07344,0.1,1,41594,41165,429
2840661,2.03243,0.235942,431,1522780,0.041376,0.02,1,41596,41165,431
2843581,2.01297,2.49438,429,1524240,0.0165504,0.02,1,41598,41169,429
2845861,1.40519,0.997751,430,1525700,0.00662016,0,1,41599,41169,430
2847521,1.16208,3.3991,426,1527160,0.0746481,0.07,1,41600,41174,426
2850441,6.46483,9.75964,422,1528620,0.0298592,0.07,1,41610,41188,422
2853361,3.78593,3.90386,424,1530080,0.0119437,0.07,1,41612,41188,424
2869361,1.36892,0.59199,428,1538840,0.0969475,0.1,1,41622,41194,428
2872281,5.34757,8.6368,422,1540300,0.038779,0.1,1,41630,41208,422
2875201,3.33903,3.45472,424,1541760,0.0155116,0.1,1,41632,41208,424
2883961,2.0857,0.221102,430,1546140,0.0931527,0.1,1,41638,41208,430
2886421,1.43428,0.0884408,431,1547600,0.0732611,0,1,41639,41208,431
2889341,1.77371,4.83538,425,1549060,0.0713044,0,1,41641,41216,425
2892261,1.90948,1.93415,427,1550520,0.0405218,0,1,41643,41216,427
2895181,1.96379,0.77366,429,1551980,0.0162087,0,1,41645,41216,429
2898101,1.98552,0.309464,431,1553440,0.00648348,0,1,41647,41216,431
2900981,1.99421,0.123786,433,1554900,0.00259339,0.23,1,41649,41216,433
2903901,1.99768,6.64951,424,1556360,0.00103736,0.23,1,41651,41227,424
2917621,80.2304,1.31609,557,1563660,0.0627946,0,1,41797,41240,557
2920541,33.2922,82.1264,423,1565120,0.0251178,0,1,41799,41376,423
2923461,14.5169,32.8506,425,1566580,0.0100471,0,1,41801,41376,425
2925941,11.2067,13.1402,434,1568040,0.00401885,0.06,1,41810,41376,434
2928861,5.6827,13.0561,423,1569500,0.0376075,0.06,1,41812,41389,423
2931141,97.0731,5.22244,581,1570960,0.015043,0,1,41970,41389,581
2934061,40.0292,98.089,423,1572420,0.00601721,0,1,41972,41549,423
2936981,17.2117,39.2356,425,1573880,0.00240688,0,1,41974,41549,425
2939901,8.08468,15.6942,427,1575340,0.000962753,0,1,41976,41549,427
2941541,17.6339,6.27769,451,1576800,0.000385101,0,1,42000,41549,451
2944461,8.25355,20.5111,423,1578260,0.00015404,0,1,42002,41579,423
2947381,4.50142,8.20443,425,1579720,6.16162e-05,0,1,42004,41579,425
2950301,3.00057,3.28177,427,1581180,2.46465e-05,0,1,42006,41579,427
2951941,3.60023,1.31271,431,1582640,9.85859e-06,0.14,1,42010,41579,431
2954861,2.64009,6.52508,423,1584100,3.94343e-06,0.14,1,42012,41589,423
2957781,2.25604,2.61003,425,1585560,1.57737e-06,0.14,1,42014,41589,425
2959841,1.50241,1.04401,426,1587020,6.30949e-07,0.06,1,42015,41589,426
2962761,6.60097,8.81761,422,1588480,0.0240003,0.06,1,42025,41603,422
2965681,3.84039,3.52704,424,1589940,0.0096001,0.06,1,42027,41603,424
2968601,2.73615,1.41082,426,1591400,0.07584,0.06,1,42029,41603,426
2971521,2.29446,0.564327,428,1592860,0.078336,0.06,1,42031,41603,428
2974441,2.11778,0.225731,430,1594320,0.0553344,0.06,1,42033,41603,430
2977361,2.04711,0.0902923,432,1595780,0.0221338,0.06,1,42035,41603,432
2980021,2.01885,0.0361169,434,1597240,0.0088535,0.24,1,42037,41603,434
2982941,2.00754,6.61445,425,1598700,0.0035414,0.24,1,42039,41614,425
2985221,3.20302,2.64578,429,1600160,0.00141656,0.08,1,42043,41614,429
2988141,2.48121,5.85831,423,1601620,0.000566624,0.08,1,42045,41622,423
2991061,2.19248,2.34332,425,1603080,0.00022665,0.08,1,42047,41622,425
2993981,2.07699,0.93733,427,1604540,9.06599e-05,0.08,1,42049,41622,427
2996901,2.0308,0.374932,429,1606000,3.62639e-05,0.08,1,42051,41622,429
3000401,1.16493,4.25999,424,1608920,0.240006,0.07,1,42053,41629,424
3003321,6.46597,8.904,422,1610380,0.252002,0.07,1,42063,41641,422
3006241,3.78639,3.5616,424,1611840,0.232801,0.07,1,42065,41641,424
3019961,1.77829,5.43647,424,1619140,0.0904831,0,1,42074,41650,424
3022881,1.91132,2.17459,426,1620600,0.0601932,0,1,42076,41650,426
3025801,1.96453,0.869835,428,1622060,0.0660773,0,1,42078,41650,428
3028721,1.98581,0.347934,430,1623520,0.0504309,0,1,42080,41650,430
3031601,1.99432,0.139174,432,1624980,0.0681724,0.23,1,42082,41650,432
3034521,1.99773,6.65567,423,1626440,0.0512689,0.23,1,42084,41661,423
3037441,1.99909,2.66227,425,1627900,0.0205076,0.23,1,42086,41661,425
3047621,77.1152,0.932154,552,1633740,0.044877,0,1,42222,41670,552
3050541,32.0461,78.9729,423,1635200,0.0179508,0,1,42224,41801,423
3052821,18.2184,31.5891,432,1636660,0.00718032,0.06,1,42233,41801,432
3055741,8.48737,19.2357,423,1638120,0.00287213,0.06,1,42235,41812,423
3058021,9.39495,7.69426,433,1639580,0.00114885,0.04,1,42245,41812,433
3059681,4.35798,10.2777,422,1641040,0.0124595,0,1,42246,41824,422
3062601,93.5432,95.9111,422,1642500,0.00498382,0,1,42399,41977,422
3065521,38.6173,38.3644,424,1643960,0.00199353,0,1,42401,41977,424
3068441,16.6469,15.3458,426,1645420,0.00079741,0,1,42403,41977,426
3070081,7.25876,6.13831,427,1646880,0.000318964,0,1,42404,41977,427
3073001,19.1035,21.6553,422,1648340,0.000127586,0,1,42431,42009,422
3075921,8.8414,8.66213,424,1649800,5.10343e-05,0,1,42433,42009,424
3078841,4.73656,3.46485,426,1651260,2.04137e-05,0,1,42435,42009,426
3080481,2.49462,1.38594,427,1652720,8.16548e-06,0,1,42436,42009,427
3083401,2.79785,5.35438,422,1654180,3.26619e-06,0,1,42439,42017,422
3086321,2.31914,2.14175,424,1655640,1.30648e-06,0,1,42441,42017,424
3089241,2.12766,0.8567,426,1657100,5.22591e-07,0,1,42443,42017,426
3090881,1.45106,0.34268,427,1658560,2.09036e-07,0,1,42444,42017,427
3093801,11.9804,14.5371,422,1660020,0.0240001,0,1,42463,42041,422
3096721,5.99217,5.81483,424,1661480,0.00960003,0,1,42465,42041,424
3099641,3.59687,2.32593,426,1662940,0.00384001,0,1,42467,42041,426
3102561,2.63875,0.930372,428,1664400,0.00153601,0,1,42469,42041,428
3105481,2.2555,0.372149,430,1665860,0.000614402,0,1,42471,42041,430
3108401,2.1022,0.14886,432,1667320,0.000245761,0,1,42473,42041,432
3111321,2.04088,0.0595438,434,1668780,9.83043e-05,0,1,42475,42041,434
3113761,1.41635,0.0238175,435,1670240,3.93217e-05,0,1,42476,42041,435
3115841,1.16654,2.40953,432,1671700,1.57287e-05,0.3,1,42477,42045,432
3118761,1.66662,5.16381,427,1673160,6.29147e-06,0.3,1,42479,42052,427
3121681,1.86665,2.06552,429,1674620,2.51659e-06,0.3,1,42481,42052,429
3124601,1.94666,0.82621,431,1676080,1.00664e-06,0.3,1,42483,42052,431
3127281,1.97866,0.330484,433,1677540,4.02654e-07,0.17,1,42485,42052,433
3141021,1.75978,3.10226,424,1684840,0.080736,0.15,1,42494,42070,424
3142881,1.30391,1.24091,425,1686300,0.0562944,0.04,1,42495,42070,425
3154561,2.17418,0.415767,428,1692140,0.205537,0.04,1,42508,42080,428
3156401,1.46967,0.166307,429,1693600,0.226215,0.14,1,42509,42080,429
3162241,2.87515,3.14661,424,1696520,0.0961944,0.14,1,42517,42093,424
3168081,2.14002,0.503457,428,1699440,0.0945911,0.14,1,42521,42093,428
3169921,1.45601,0.201383,429,1700900,0.0738364,0.12,1,42522,42093,429
3172841,5.9824,8.48055,424,1702360,0.0295346,0.12,1,42531,42107,424
3175761,4.19296,3.39222,427,1703820,0.0118138,0.12,1,42534,42107,427
3177621,72.4772,1.35689,545,1705280,0.00472553,0,1,42652,42107,545
3180541,30.1909,74.9428,423,1706740,0.00189021,0,1,42654,42231,423
3182821,13.2763,29.9771,425,1708200,0.000756085,0,1,42656,42231,425
3184901,10.7105,14.3908,430,1709660,0.000302434,0.02,1,42665,42235,430
3186561,4.88422,11.1563,422,1711120,0.000120974,0.04,1,42666,42244,422
3189481,7.95369,10.4625,422,1712580,0.0120484,0.04,1,42676,42254,422
3192181,93.7815,4.18501,573,1714040,0.00481936,0,1,42827,42254,573
3195101,38.7126,92.874,423,1715500,0.00192774,0,1,42829,42406,423
3198021,16.685,37.1496,425,1716960,0.000771097,0,1,42831,42406,425
3200941,7.87401,14.8598,427,1718420,0.000308439,0,1,42833,42406,427
3202581,20.5496,5.94394,456,1719880,0.000123375,0,1,42862,42406,456
3205501,9.41984,23.3776,423,1721340,4.93502e-05,0,1,42864,42441,423
3208421,4.96794,9.35103,425,1722800,1.97401e-05,0,1,42866,42441,425
3211341,3.18717,3.74041,427,1724260,7.89603e-06,0,1,42868,42441,427
3213601,1.87487,1.49616,428,1725720,3.15841e-06,0,1,42869,42441,428
3216521,1.94995,1.79847,428,1727180,1.26336e-06,0,1,42871,42443,428
3218181,1.37998,0.719386,429,1728640,5.05346e-07,0,1,42872,42443,429
3221101,1.75199,3.28775,426,1730100,2.02138e-07,0,1,42874,42448,426
3223381,13.9008,1.3151,448,1731560,0.0420001,0,1,42896,42448,448
3226301,6.76032,16.726,423,1733020,0.0288,0,1,42898,42475,423
3229221,3.90413,6.69042,425,1734480,0.01152,0,1,42900,42475,425
3232141,2.76165,2.67617,427,1735940,0.004608,0,1,42902,42475,427
3235061,2.30466,1.07047,429,1737400,0.0018432,0,1,42904,42475,429
3237981,2.12186,0.428187,431,1738860,0.000737281,0,1,42906,42475,431
3240021,1.44875,0.171275,432,1740320,0.000294912,0.22,1,42907,42475,432
3242941,1.7795,6.66851,423,1741780,0.000117965,0.22,1,42909,42486,423
3245861,1.9118,2.6674,425,1743240,4.7186e-05,0.22,1,42911,42486,425
3248781,1.96472,1.06696,427,1744700,1.88744e-05,0.22,1,42913,42486,427
3251701,1.98589,0.426785,429,1746160,7.54975e-06,0.22,1,42915,42486,429
3273541,1.97849,0.3382,433,1757840,0.0650023,0.29,1,42929,42496,433
3275381,1.39139,0.13528,434,1759300,0.0380009,0.26,1,42930,42496,434
3295361,3.21436,2.73691,424,1769520,0.071904,0.08,1,42950,42526,424
3305961,3.71109,2.59006,427,1775360,0.0605927,0,1,42962,42535,427
3307621,74.0844,1.03603,548,1776820,0.0242371,0,1,43083,42535,548
3310541,30.8338,76.6144,423,1778280,0.00969484,0,1,43085,42662,423
3313441,13.5335,30.6458,425,1779740,0.00387793,0,1,43087,42662,425
3316361,13.8134,22.4583,422,1781200,0.00155117,0,1,43101,42679,422
3319281,6.72536,8.98332,424,1782660,0.00062047,0,1,43103,42679,424
3321141,94.4901,3.59333,577,1784120,0.000248188,0,1,43256,42679,577
3324061,38.9961,95.0373,423,1785580,9.92751e-05,0,1,43258,42835,423
3326981,16.7984,38.0149,425,1787040,3.971e-05,0,1,43260,42835,425
3329901,7.91937,15.206,427,1788500,1.5884e-05,0,1,43262,42835,427
3332581,22.9677,6.08239,460,1789960,6.35361e-06,0,1,43295,42835,460
3335501,10.3871,25.833,423,1791420,2.54144e-06,0,1,43297,42874,423
3338421,5.35484,10.3332,425,1792880,1.01658e-06,0,1,43299,42874,425
3341341,3.34194,4.13327,427,1794340,4.06631e-07,0,1,43301,42874,427
3344261,2.53677,1.65331,429,1795800,1.62652e-07,0,1,43303,42874,429
3347181,2.21471,0.661324,431,1797260,6.50609e-08,0,1,43305,42874,431
3348801,1.48588,0.264529,432,1798720,2.60244e-08,0,1,43306,42874,432
3351721,1.79435,4.90581,426,1800180,1.04097e-08,0,1,43308,42882,426
3353381,12.1177,1.96232,445,1801640,0.054,0,1,43327,42882,445
3356301,6.0471,15.1849,423,1803100,0.0456,0,1,43329,42906,423
3359221,3.61884,6.07397,425,1804560,0.01824,0,1,43331,42906,425
3362141,2.64754,2.42959,427,1806020,0.007296,0,1,43333,42906,427
3365061,2.25901,0.971835,429,1807480,0.0029184,0,1,43335,42906,429
3366901,1.50361,0.388734,430,1808940,0.00116736,0,1,43336,42906,430
3369821,1.80144,3.15549,427,1810400,0.000466944,0,1,43338,42911,427
3372741,1.92058,1.2622,429,1811860,0.000186778,0,1,43340,42911,429
3375221,1.96823,0.504879,431,1813320,7.4711e-05,0.1,1,43342,42911,431
3378141,1.98729,6.20195,423,1814780,2.98844e-05,0.1,1,43344,42921,423
3381061,1.99492,2.48078,425,1816240,1.19538e-05,0.1,1,43346,42921,425
3403541,1.98464,0.347226,431,1827920,0.0650711,0.02,1,43361,42930,431
3405381,1.39385,0.13889,432,1829380,0.0380284,0.25,1,43362,42930,432
3408301,1.75754,6.05556,424,1830840,0.0152114,0.25,1,43364,42940,424
3423481,7.66301,9.5048,424,1839600,0.0930748,0.07,1,43384,42960,424
3434081,1.58337,0.243323,432,1845440,0.0951187,0.04,1,43392,42960,432
3436161,4.23335,4.29733,431,1846900,0.0800475,0,1,43398,42967,431
3439081,71.8933,77.3189,422,1848360,0.032019,0,1,43515,43093,422
3442001,29.9573,30.9276,424,1849820,0.0128076,0,1,43517,43093,424
3444481,12.5829,12.371,425,1851280,0.00512304,0.08,1,43518,43093,425
3447401,10.4332,12.1484,422,1852740,0.00204922,0.08,1,43527,43105,422
3449681,4.77327,4.85936,423,1854200,0.000819686,0,1,43528,43105,423
3452601,96.1093,96.7437,422,1855660,0.000327874,0,1,43685,43263,422
3455521,39.6437,38.6975,424,1857120,0.00013115,0,1,43687,43263,424
3458441,17.0575,15.479,426,1858580,5.24599e-05,0,1,43689,43263,426
3460081,7.42299,6.1916,427,1860040,2.0984e-05,0,1,43690,43263,427
3463001,25.7692,28.2766,422,1861500,8.39358e-06,0,1,43728,43306,422
3465921,11.5077,11.3107,424,1862960,3.35743e-06,0,1,43730,43306,424
3468841,5.80307,4.52426,426,1864420,1.34297e-06,0,1,43732,43306,426
3471761,3.52123,1.8097,428,1865880,5.37189e-07,0,1,43734,43306,428
3474681,2.60849,0.723882,430,1867340,2.14876e-07,0,1,43736,43306,430
3477601,2.2434,0.289553,432,1868800,8.59503e-08,0,1,43738,43306,432
3479221,1.49736,0.115821,433,1870260,3.43801e-08,0,1,43739,43306,433
3481921,1.79894,4.24633,428,1871720,1.3752e-08,0,1,43741,43313,428
3484841,11.5196,16.0985,422,1873180,0.066,0,1,43759,43337,422
3487761,5.80783,6.43941,424,1874640,0.0624,0,1,43761,43337,424
3490681,3.52313,2.57576,426,1876100,0.03696,0,1,43763,43337,426
3493601,2.60925,1.03031,428,1877560,0.014784,0,1,43765,43337,428
3496521,2.2437,0.412122,430,1879020,0.0059136,0,1,43767,43337,430
3498981,1.49748,0.164849,431,1880480,0.00236544,0,1,43768,43337,431
3501901,1.79899,4.26594,426,1881940,0.000946176,0,1,43770,43344,426
3504821,1.9196,1.70638,428,1883400,0.00037847,0,1,43772,43344,428
3507301,3.16784,0.68255,432,1884860,0.000151388,0.17,1,43776,43344,432
3510221,2.46714,6.87302,423,1886320,6.05552e-05,0.17,1,43778,43355,423
3513141,2.18685,2.74921,425,1887780,0.0960242,0.17,1,43780,43355,425
3518981,2.0299,0.439873,429,1890700,0.0921639,0.17,1,43784,43355,429
3521901,2.01196,0.175949,431,1892160,0.0608656,0.17,1,43786,43355,431
3523941,1.40478,0.0703797,432,1893620,0.0363462,0.22,1,43787,43355,432
3526861,1.76191,6.62815,423,1895080,0.0145385,0.22,1,43789,43366,423
3535621,1.98476,0.424202,429,1899460,0.0930905,0.22,1,43795,43366,429
3543501,1.75902,5.42715,425,1903840,0.0995578,0.04,1,43800,43375,425
3551601,1.38458,0.347337,430,1908220,0.0927717,0.21,1,43805,43375,430
3556601,7.06153,9.89557,422,1911140,0.0532435,0.07,1,43820,43398,422
3559521,4.02461,3.95823,424,1912600,0.0932974,0.07,1,43822,43398,424
3562441,2.80985,1.58329,426,1914060,0.085319,0.07,1,43824,43398,426
3565121,2.32394,0.633317,428,1915520,0.0761276,0,1,43826,43398,428
3567201,3.92958,4.45333,426,1916980,0.030451,0,1,43831,43405,426
3570121,71.7718,74.3813,422,1918440,0.0121804,0,1,43948,43526,422
3573041,29.9087,29.7525,424,1919900,0.00487216,0,1,43950,43526,424
3575521,12.5635,11.901,425,1921360,0.00194887,0.02,1,43951,43526,425
3578441,12.2254,13.7604,422,1922820,0.000779546,0.02,1,43963,43541,422
3580721,5.49016,5.50416,423,1924280,0.000311818,0,1,43964,43541,423
3583641,93.9961,94.6017,422,1925740,0.000124727,0,1,44117,43695,422
3586561,38.7984,37.8407,424,1927200,4.9891e-05,0,1,44119,43695,424
3589481,16.7194,15.1363,426,1928660,1.99564e-05,0,1,44121,43695,426
3591121,7.28775,6.05451,427,1930120,7.98255e-06,0,1,44122,43695,427
3594041,26.3151,28.8218,422,1931580,3.19302e-06,0,1,44161,43739,422
3596961,11.726,11.5287,424,1933040,1.27721e-06,0,1,44163,43739,424
3599881,5.89042,4.61149,426,1934500,5.10883e-07,0,1,44165,43739,426
3602801,3.55617,1.8446,428,1935960,2.04353e-07,0,1,44167,43739,428
3605721,2.62247,0.737838,430,1937420,8.17413e-08,0,1,44169,43739,430
3607761,1.64899,0.295135,431,1938880,3.26965e-08,0,1,44170,43739,431
3610681,1.85959,3.11805,428,1940340,1.30786e-08,0,1,44172,43744,428
3612961,1.34384,1.24722,429,1941800,5.23144e-09,0,1,44173,43744,429
3615881,10.7375,14.8989,422,1943260,0.072,0,1,44190,43768,422
3618801,5.49501,5.95956,424,1944720,0.0768,0,1,44192,43768,424
3621721,3.39801,2.38382,426,1946180,0.05472,0,1,44194,43768,426
3624641,2.5592,0.953529,428,1947640,0.051888,0,1,44196,43768,428
3627521,2.22368,0.381411,430,1949100,0.0327552,0.18,1,44198,43768,430
3630441,2.68947,6.75256,422,1950560,0.0131021,0.18,1,44201,43779,422
3633361,2.27579,2.70103,424,1952020,0.0172408,0.18,1,44203,43779,424
3636281,2.11032,1.08041,426,1953480,0.00689633,0.18,1,44205,43779,426
3639201,2.04413,0.432164,428,1954940,0.0507585,0.18,1,44207,43779,428
3641041,1.41765,0.172866,429,1956400,0.0563034,0.06,1,44208,43779,429
3643961,1.76706,3.66915,425,1957860,0.0345214,0.06,1,44210,43785,425
3646881,1.90682,1.46766,427,1959320,0.0138085,0.06,1,44212,43785,427
3649361,1.36273,0.587063,428,1960780,0.00552342,0.16,1,44213,43785,428
3652281,1.74509,3.83483,424,1962240,0.00220937,0.16,1,44215,43791,424
3655201,1.89804,1.53393,426,1963700,0.0728837,0.16,1,44217,43791,426
3657681,1.35921,0.613572,427,1965160,0.0891535,0.1,1,44218,43791,427
3666441,2.05499,0.807269,426,1969540,0.0945058,0.1,1,44225,43799,426
3669361,2.022,0.322907,428,1971000,0.0618023,0.1,1,44227,43799,428
3671201,1.4088,0.129163,429,1972460,0.0367209,0.18,1,44228,43799,429
3684721,1.42467,2.57028,425,1979760,0.0961072,0.03,1,44239,43814,425
3687641,7.76987,9.42811,423,1981220,0.0504429,0.03,1,44251,43828,423
3696161,2.36927,0.603399,429,1985600,0.0953883,0.08,1,44257,43828,429
3698241,1.54771,5.04136,422,1987060,0.0741553,0,1,44258,43836,422
3701161,72.6191,74.0165,422,1988520,0.0296621,0,1,44378,43956,422
3704081,30.2476,29.6066,424,1989980,0.0118649,0,1,44380,43956,424
3706561,12.6991,11.8426,425,1991440,0.00474594,0,1,44381,43956,425
3709481,14.6796,16.1371,422,1992900,0.00189838,0,1,44397,43975,422
3711761,6.47185,6.45482,423,1994360,0.00075935,0,1,44398,43975,423
3713841,87.1887,88.3819,421,1995820,0.00030374,0,1,44539,44118,421
3716761,37.8755,37.7528,422,1997280,0.000121496,0,1,44544,44122,422
3719681,16.3502,15.1011,424,1998740,4.85984e-05,0,1,44546,44122,424
3721541,8.94008,6.04044,428,2000200,1.94394e-05,0.01,1,44550,44122,428
3723621,29.976,6.61618,465,2001660,7.77575e-06,0,1,44594,44129,465
3726541,13.1904,29.0465,423,2003120,3.1103e-06,0,1,44596,44173,423
3729461,6.47616,11.6186,425,2004580,1.24412e-06,0,1,44598,44173,425
3732381,3.79047,4.64744,427,2006040,4.97648e-07,0,1,44600,44173,427
3735301,2.71619,1.85897,429,2007500,1.99059e-07,0,1,44602,44173,429
3738221,2.28647,0.74359,431,2008960,7.96236e-08,0,1,44604,44173,431
3740881,2.11459,0.297436,433,2010420,3.18494e-08,0.24,1,44606,44173,433
3743801,2.04584,6.71897,424,2011880,1.27398e-08,0.24,1,44608,44184,424
3745461,3.81833,2.68759,429,2013340,5.09591e-09,0.08,1,44613,44184,429
3747541,3.92733,5.87504,425,2014800,0.072,0.05,1,44617,44192,425
3750461,2.77093,4.75001,423,2016260,0.0768,0.05,1,44619,44196,423
3752321,1.70837,1.90001,424,2017720,0.06672,0,1,44620,44196,424
3755241,4.88335,6.16,422,2019180,0.098688,0,1,44627,44205,422
3761081,2.46134,0.9856,426,2022100,0.0841901,0,1,44631,44205,426
3763761,2.18453,0.39424,428,2023560,0.045676,0.02,1,44633,44205,428
3766681,2.07381,3.1577,425,2025020,0.0422704,0.02,1,44635,44210,425
3769601,2.02953,1.26308,427,2026480,0.0169082,0.02,1,44637,44210,427
3772081,1.41181,0.505231,428,2027940,0.00676327,0.15,1,44638,44210,428
3775001,3.56472,6.80209,422,2029400,0.0267053,0.15,1,44643,44221,422
3777921,2.62589,2.72084,424,2030860,0.0106821,0.15,1,44645,44221,424
3780841,2.25036,1.08833,426,2032320,0.00427285,0.15,1,44647,44221,426
3783761,2.10014,0.435334,428,2033780,0.0857091,0.15,1,44649,44221,428
3786681,2.04006,0.174134,430,2035240,0.0942837,0.15,1,44651,44221,430
3794561,1.90656,1.93114,427,2039620,0.0701142,0,1,44656,44229,427
3797481,1.96263,0.772458,429,2041080,0.0400457,0,1,44658,44229,429
3800401,1.98505,0.308983,431,2042540,0.0640183,0,1,44660,44229,431
3802241,1.39402,0.123593,432,2044000,0.0616073,0.23,1,44661,44229,432
3805161,1.75761,7.24944,422,2045460,0.0366429,0.23,1,44663,44241,422
3808081,1.90304,2.89977,424,2046920,0.0746572,0.23,1,44665,44241,424
3811001,1.96122,1.15991,426,2048380,0.0658629,0.23,1,44667,44241,426
3813921,1.98449,0.463964,428,2049840,0.0383451,0.23,1,44669,44241,428
3815761,1.39379,0.185586,429,2051300,0.0153381,0.18,1,44670,44241,429
3817841,2.35752,6.67423,421,2052760,0.00613522,0.14,1,44673,44252,421
3822421,5.2972,1.54788,429,2055680,0.0681816,0.02,1,44683,44254,429
3825341,3.31888,5.41915,423,2057140,0.0272727,0.02,1,44685,44262,423
3830741,77.211,0.867064,552,2060060,0.0427636,0,1,44814,44262,552
3833661,32.0844,78.9468,423,2061520,0.0171054,0,1,44816,44393,423
3836581,14.0338,31.5787,425,2062980,0.00684218,0,1,44818,44393,425
3839061,7.4135,12.6315,428,2064440,0.00273687,0,1,44821,44393,428
3841981,4.1654,9.2526,423,2065900,0.00109475,0,1,44823,44400,423
3844261,91.6662,3.70104,573,2067360,0.000437899,0,1,44973,44400,573
3847181,37.8665,92.6804,423,2068820,0.00017516,0,1,44975,44552,423
3850101,16.3466,37.0722,425,2070280,7.00639e-05,0,1,44977,44552,425
3852161,7.13863,14.8289,426,2071740,2.80256e-05,0,1,44978,44552,426
3855081,31.0555,36.5315,422,2073200,1.12102e-05,0,1,45025,44603,422
3858001,13.6222,14.6126,424,2074660,4.48409e-06,0,1,45027,44603,424
3860921,6.64887,5.84505,426,2076120,1.79364e-06,0,1,45029,44603,426
3863841,3.85955,2.33802,428,2077580,7.17454e-07,0,1,45031,44603,428
3865681,2.14382,0.935207,429,2079040,2.86982e-07,0.16,1,45032,44603,429
3868601,3.85753,7.57408,422,2080500,1.14793e-07,0.16,1,45037,44615,422
3871521,2.74301,3.02963,424,2081960,4.5917e-08,0.16,1,45039,44615,424
3874441,2.2972,1.21185,426,2083420,1.83668e-08,0.16,1,45041,44615,426
3876081,1.51888,0.484741,427,2084880,7.34673e-09,0.1,1,45042,44615,427
3878161,1.20755,1.9939,425,2086340,2.93869e-09,0,1,45043,44618,425
3881081,1.68302,3.79756,422,2087800,1.17548e-09,0,1,45045,44623,422
3883361,1.27321,1.51902,423,2089260,4.7019e-10,0.07,1,45046,44623,423
3886281,4.70928,5.40761,422,2090720,0.048,0.07,1,45053,44631,422
3888561,2.48371,2.16304,423,2092180,0.0552,0,1,45054,44631,423
3891481,4.59349,5.06522,422,2093640,0.02208,0,1,45060,44638,422
3894401,3.03739,2.02609,424,2095100,0.008832,0,1,45062,44638,424
3910421,1.90825,1.8035,425,2103860,0.0642487,0.14,1,45073,44648,425
3912901,1.9633,0.721399,427,2105320,0.0256995,0.09,1,45075,44648,427
3921221,4.39765,0.62217,431,2109700,0.0645248,0.1,1,45085,44654,431
3929981,2.15345,0.999819,427,2114080,0.0962896,0.1,1,45091,44664,427
3932901,2.06138,0.399927,429,2115540,0.0625158,0.1,1,45093,44664,429
3938281,2.36982,6.66399,422,2118460,0.0772025,0.2,1,45097,44675,422
3941201,2.14793,2.6656,424,2119920,0.042881,0.2,1,45099,44675,424
3944121,2.05917,1.06624,426,2121380,0.0171524,0.2,1,45101,44675,426
3947041,2.02367,0.426495,428,2122840,0.00686096,0.2,1,45103,44675,428
3948881,1.40947,0.170598,429,2124300,0.00274438,0.04,1,45104,44675,429
3950961,1.16379,4.86824,422,2125760,0.00109775,0.07,1,45105,44683,422
3953881,11.2655,7.9473,430,2127220,0.000439101,0.07,1,45123,44693,430
3956801,5.70621,3.17892,432,2128680,0.000175641,0.07,1,45125,44693,432
3959281,2.88248,1.27157,433,2130140,0.0480703,0,1,45126,44693,433
3962201,70.153,76.1086,422,2131600,0.0192281,0,1,45241,44819,422
3965121,29.2612,30.4435,424,2133060,0.00769124,0,1,45243,44819,424
3967601,12.3045,12.1774,425,2134520,0.0030765,0.06,1,45244,44819,425
3970521,10.9218,12.671,422,2135980,0.0012306,0.06,1,45254,44832,422
3972801,4.96872,5.06838,423,2137440,0.000492239,0,1,45255,44832,423
3975721,91.3875,92.0274,422,2138900,0.000196896,0,1,45404,44982,422
3978641,37.755,36.8109,424,2140360,7.87583e-05,0,1,45406,44982,424
3981561,16.302,14.7244,426,2141820,3.15033e-05,0,1,45408,44982,426
3983201,7.1208,5.88975,427,2143280,1.26013e-05,0,1,45409,44982,427
3986121,32.8483,35.3559,422,2144740,5.04053e-06,0,1,45459,45037,422
3989041,14.3393,14.1424,424,2146200,2.01621e-06,0,1,45461,45037,424
3991961,6.93573,5.65694,426,2147660,8.06485e-07,0,1,45463,45037,426
3994881,3.97429,2.26278,428,2149120,3.22594e-07,0,1,45465,45037,428
3996721,2.18972,0.905111,429,2150580,1.29038e-07,0.1,1,45466,45037,429
3999641,5.67589,9.36204,422,2152040,5.1615e-08,0.1,1,45474,45052,422
4002561,3.47035,3.74482,424,2153500,0.06,0.1,1,45476,45052,424
4005481,2.58814,1.49793,426,2154960,0.06,0.1,1,45478,45052,426
4008401,2.23526,0.599171,428,2156420,0.036,0.1,1,45480,45052,428
4011321,2.0941,0.239668,430,2157880,0.0144,0.1,1,45482,45052,430
4014241,2.03764,0.0958673,432,2159340,0.00576,0.1,1,45484,45052,432
4015861,2.61506,0.0383469,435,2160800,0.014304,0.18,1,45487,45052,435
4018781,2.24602,8.41534,423,2162260,0.0057216,0.18,1,45489,45066,423
4021701,2.09841,3.36614,425,2163720,0.00228864,0.18,1,45491,45066,425
4024621,2.03936,1.34645,427,2165180,0.000915456,0.18,1,45493,45066,427
4027541,2.01575,0.538582,429,2166640,0.000366182,0.18,1,45495,45066,429
4048741,1.90303,1.94247,426,2178320,0.083983,0.06,1,45509,45083,426
4065821,2.03647,0.207636,431,2187080,0.0649482,0.08,1,45527,45096,431
4067861,1.41459,0.0830545,432,2188540,0.0679793,0,1,45528,45096,432
4070781,1.76583,3.63322,428,2190000,0.0391917,0,1,45530,45102,428
4073701,1.90633,1.45329,430,2191460,0.0156767,0,1,45532,45102,430
4076181,3.16253,0.581315,434,2192920,0.0302707,0.17,1,45536,45102,434
4079101,2.46501,8.03253,423,2194380,0.0121083,0.17,1,45538,45115,423
4082001,2.18601,3.21301,425,2195840,0.00484331,0.18,1,45540,45115,425
4084921,10.4744,12.6852,422,2197300,0.0979373,0.18,1,45556,45134,422
4093241,71.3024,72.8119,422,2201680,0.058588,0,1,45676,45254,422
4096161,29.7209,29.1247,424,2203140,0.0234352,0,1,45678,45254,424
4098641,12.4884,11.6499,425,2204600,0.00937408,0.04,1,45679,45254,425
4101561,11.5954,13.06,422,2206060,0.00374963,0.04,1,45690,45268,422
4103841,5.23814,5.22398,423,2207520,0.00149985,0,1,45691,45268,423
4106761,91.4953,92.0896,422,2208980,0.000599941,0,1,45840,45418,422
4109681,37.7981,36.8358,424,2210440,0.000239976,0,1,45842,45418,424
4112601,16.3192,14.7343,426,2211900,9.59905e-05,0,1,45844,45418,426
4114241,7.1277,5.89373,427,2213360,3.83962e-05,0,1,45845,45418,427
4117161,28.0511,30.5575,422,2214820,1.53585e-05,0,1,45887,45465,422
4120081,12.4204,12.223,424,2216280,6.14339e-06,0,1,45889,45465,424
4122561,5.56817,4.8892,425,2217740,2.45736e-06,0,1,45890,45465,425
4125481,5.82727,7.35568,422,2219200,9.82943e-07,0,1,45896,45474,422
4127761,2.93091,2.94227,423,2220660,3.93177e-07,0.06,1,45897,45474,423
4130681,7.17236,7.77691,422,2222120,0.0360002,0.06,1,45907,45485,422
4133601,4.06895,3.11076,424,2223580,0.0264001,0.06,1,45909,45485,424
4136521,2.82758,1.24431,426,2225040,0.01056,0.06,1,45911,45485,426
4139441,2.33103,0.497722,428,2226500,0.00422401,0.06,1,45913,45485,428
4142361,2.13241,0.199089,430,2227960,0.0016896,0.06,1,45915,45485,430
4144401,1.45296,0.0796355,431,2229420,0.000675841,0,1,45916,45485,431
4147321,1.78119,4.83185,425,2230880,0.0242703,0,1,45918,45493,425
4150241,1.91247,1.93274,427,2232340,0.00970813,0,1,45920,45493,427
4152721,1.36499,0.773097,428,2233800,0.00388325,0.19,1,45921,45493,428
4155641,2.946,6.30924,422,2235260,0.0015533,0.19,1,45925,45503,422
4158561,2.3784,2.5237,424,2236720,0.000621321,0.19,1,45927,45503,424
4161481,2.15136,1.00948,426,2238180,0.000248528,0.19,1,45929,45503,426
4172701,1.76387,3.62584,427,2244020,0.209622,0.06,1,45936,45509,427
4185601,2.34318,2.00513,424,2251320,0.0691929,0.15,1,45946,45522,424
4188081,1.53727,0.802051,425,2252780,0.0396772,0.02,1,45947,45522,425
4210161,2.25609,0.54599,428,2264460,0.0943291,0.08,1,45972,45544,428
4213041,2.10243,0.218396,430,2265920,0.0497316,0.13,1,45974,45544,430
4215961,6.84097,10.2874,423,2267380,0.0198927,0.13,1,45984,45561,423
4218881,3.93639,4.11494,425,2268840,0.00795706,0.13,1,45986,45561,425
4221361,2.17456,1.64598,426,2270300,0.00318282,0,1,45987,45561,426
4224281,72.2698,74.4584,422,2271760,0.00127313,0,1,46106,45684,422
4227201,30.1079,29.7834,424,2273220,0.000509252,0,1,46108,45684,424
4229681,12.6432,11.9133,425,2274680,0.000203701,0,1,46109,45684,425
4232601,12.8573,14.3653,422,2276140,8.14803e-05,0,1,46122,45700,422
4234881,5.74291,5.74613,423,2277600,3.25921e-05,0,1,46123,45700,423
4237801,92.8972,93.4985,422,2279060,1.30368e-05,0,1,46274,45852,422
4240721,38.3589,37.3994,424,2280520,5.21474e-06,0,1,46276,45852,424
4243641,16.5435,14.9598,426,2281980,2.08589e-06,0,1,46278,45852,426
4245281,7.21742,5.9839,427,2283440,8.34358e-07,0,1,46279,45852,427
4248201,25.087,27.5936,422,2284900,3.33743e-07,0,1,46316,45894,422
4251121,11.2348,11.0374,424,2286360,1.33497e-07,0,1,46318,45894,424
4253601,5.09391,4.41497,425,2287820,5.33989e-08,0.08,1,46319,45894,425
4256521,7.43757,8.96599,422,2289280,2.13596e-08,0.08,1,46328,45906,422
4258801,3.57503,3.58639,423,2290740,8.54382e-09,0,1,46329,45906,423
4261721,9.23001,9.83456,422,2292200,3.41753e-09,0,1,46342,45920,422
4264641,4.892,3.93382,424,2293660,1.36701e-09,0,1,46344,45920,424
4267561,3.1568,1.57353,426,2295120,5.46805e-10,0,1,46346,45920,426
4270481,2.46272,0.629412,428,2296580,0.036,0,1,46348,45920,428
4273401,2.18509,0.251765,430,2298040,0.0264,0,1,46350,45920,430
4276321,2.07404,0.100706,432,2299500,0.01056,0,1,46352,45920,432
4278981,2.02961,0.0402823,434,2300960,0.004224,0,1,46354,45920,434
4281901,2.01185,3.01611,431,2302420,0.0016896,0,1,46356,45925,431
4283761,1.40474,1.20645,432,2303880,0.00067584,0.19,1,46357,45925,432
4286681,2.3619,8.28258,422,2305340,0.000270336,0.19,1,46360,45938,422
4289601,2.14476,3.31303,424,2306800,0.0721081,0.19,1,46362,45938,424
4292521,2.0579,1.32521,426,2308260,0.0768433,0.19,1,46364,45938,426
4301281,2.00371,0.0848136,432,2312640,0.093718,0.19,1,46370,45938,432
4303521,1.40148,0.0339254,433,2314100,0.0734872,0.02,1,46371,45938,433
4306441,1.76059,5.41357,426,2315560,0.0413949,0.02,1,46373,45947,426
4309361,1.90424,2.16543,428,2317020,0.0165579,0.02,1,46375,45947,428
4312281,1.96169,0.866171,430,2318480,0.00662318,0.02,1,46377,45947,430
4315201,1.98468,0.346468,432,2319940,0.00264927,0.02,1,46379,45947,432
4317461,1.39387,0.138587,433,2321400,0.00105971,0.18,1,46380,45947,433
4332441,3.50376,4.57823,422,2330160,0.235498,0.11,1,46392,45970,422
4334721,2.0015,1.83129,423,2331620,0.256199,0.06,1,46393,45970,423
4340561,3.68024,2.69301,424,2334540,0.0841919,0.06,1,46404,45980,424
4348461,4.02754,5.57235,429,2338920,0.0557883,0,1,46418,45989,429
4351381,2.81101,2.22894,431,2340380,0.0223153,0,1,46420,45989,431
4353861,70.7244,0.891576,547,2341840,0.00892612,0,1,46536,45989,547
4356781,29.4898,75.9566,423,2343300,0.00357045,0,1,46538,46115,423
4359701,12.9959,30.3827,425,2344760,0.00142818,0,1,46540,46115,425
4362181,12.3984,12.1531,437,2346220,0.0605713,0,1,46552,46115,437
4365101,6.15934,14.4612,423,2347680,0.0602285,0,1,46554,46131,423
4367381,91.2637,5.78449,571,2349140,0.0240914,0,1,46702,46131,571
4370301,37.7055,92.3138,423,2350600,0.00963656,0,1,46704,46281,423
4373221,16.2822,36.9255,425,2352060,0.00385462,0,1,46706,46281,425
4376141,7.71288,14.7702,427,2353520,0.00154185,0,1,46708,46281,427
4377781,22.2852,5.90808,459,2354980,0.00061674,0,1,46740,46281,459
4380701,10.1141,25.1632,423,2356440,0.000246696,0,1,46742,46319,423
4382981,7.64562,10.0653,429,2357900,9.86783e-05,0,1,46748,46319,429
4384641,3.65825,8.82612,422,2359360,3.94713e-05,0.04,1,46749,46327,422
4387561,7.4633,9.53045,422,2360820,1.57885e-05,0.04,1,46759,46337,422
4389841,3.58532,3.81218,423,2362280,6.31541e-06,0.02,1,46760,46337,423
4392761,8.63413,9.32487,422,2363740,2.52616e-06,0.02,1,46772,46350,422
4395681,4.65365,3.72995,424,2365200,0.036001,0.02,1,46774,46350,424
4398601,3.06146,1.49198,426,2366660,0.0264004,0.02,1,46776,46350,426
4401281,2.42458,0.596792,428,2368120,0.0105602,0,1,46778,46350,428
4404201,2.16983,3.23872,425,2369580,0.00422406,0,1,46780,46355,425
4407121,2.06793,1.29549,427,2371040,0.00168963,0,1,46782,46355,427
4409601,1.42717,0.518195,428,2372500,0.00067585,0.08,1,46783,46355,428
4412521,5.97087,9.20728,422,2373960,0.00027034,0.08,1,46792,46370,422
4415441,3.58835,3.68291,424,2375420,0.000108136,0.08,1,46794,46370,424
4418361,2.63534,1.47316,426,2376880,4.32544e-05,0.08,1,46796,46370,426
4435201,1.9066,2.64603,426,2385640,0.0841307,0.26,1,46807,46381,426
4438121,1.96264,1.05841,428,2387100,0.0456523,0.26,1,46809,46381,428
4441041,1.98506,0.423365,430,2388560,0.0182609,0.26,1,46811,46381,430
4443961,1.99402,0.169346,432,2390020,0.00730437,0.26,1,46813,46381,432
4458301,1.99994,1.34573,428,2397320,0.0640108,0.22,1,46823,46395,428
4476161,2.03744,0.885405,434,2407540,0.0775523,0,1,46852,46418,434
4479081,2.01498,5.15416,428,2409000,0.0970209,0,1,46854,46426,428
4482001,2.00599,2.06166,430,2410460,0.0868084,0,1,46856,46426,430
4483861,64.4024,0.824666,536,2411920,0.0347233,0,1,46962,46426,536
4486781,26.961,69.3299,423,2413380,0.0138893,0,1,46964,46541,423
4489701,11.9844,27.7319,425,2414840,0.00555573,0,1,46966,46541,425
4492181,14.9938,11.0928,442,2416300,0.00222229,0,1,46983,46541,442
4495101,7.1975,17.0371,423,2417760,0.000888917,0,1,46985,46562,423
4497381,87.479,6.81484,564,2419220,0.000355567,0,1,47126,46562,564
4500301,36.1916,88.5259,423,2420680,0.000142227,0,1,47128,46705,423
4502581,21.6766,35.4104,435,2422140,5.68907e-05,0,1,47140,46705,435
4505501,9.87066,22.5641,423,2423600,2.27563e-05,0,1,47142,46719,423
4507781,18.3483,9.02566,447,2425060,9.10251e-06,0,1,47166,46719,447
4510701,8.5393,19.2103,423,2426520,3.641e-06,0,1,47168,46745,423
4512981,6.41572,7.68411,428,2427980,1.4564e-06,0,1,47173,46745,428
4515681,3.76629,7.27364,423,2429440,5.82561e-07,0.03,1,47175,46752,423
4518601,7.50652,9.50946,422,2430900,2.33024e-07,0.03,1,47185,46763,422
4520881,3.60261,3.80378,423,2432360,9.32097e-08,0,1,47186,46763,423
4523801,14.641,15.3215,422,2433820,0.024,0,1,47208,46786,422
4526721,7.05642,6.1286,424,2435280,0.00960001,0,1,47210,46786,424
4529641,4.02257,2.45144,426,2436740,0.00384001,0,1,47212,46786,426
4532561,2.80903,0.980577,428,2438200,0.001536,0,1,47214,46786,428
4535481,2.32361,0.392231,430,2439660,0.000614401,0,1,47216,46786,430
4538401,2.12944,0.156892,432,2441120,0.00024576,0,1,47218,46786,432
4540641,1.45178,0.0627569,433,2442580,9.83041e-05,0.14,1,47219,46786,433
4543561,4.18071,10.2251,422,2444040,0.0360393,0.14,1,47225,46803,422
4546481,2.87228,4.09004,424,2445500,0.0264157,0.14,1,47227,46803,424
4549401,2.34891,1.63602,426,2446960,0.0465663,0.14,1,47229,46803,426
4552321,2.13957,0.654407,428,2448420,0.0306265,0.14,1,47231,46803,428
4555241,2.05583,0.261763,430,2449880,0.0122506,0.14,1,47233,46803,430
4557281,1.42233,0.104705,431,2451340,0.00490024,0.22,1,47234,46803,431
4560201,1.76893,6.64188,422,2452800,0.0019601,0.22,1,47236,46814,422
4563121,1.90757,2.65675,424,2454260,0.000784039,0.22,1,47238,46814,424
4566041,1.96303,1.0627,426,2455720,0.0843136,0.22,1,47240,46814,426
4568961,1.98521,0.42508,428,2457180,0.0937254,0.22,1,47242,46814,428
4571881,1.99408,0.170032,430,2458640,0.0734902,0.22,1,47244,46814,430
4579341,2.71962,9.61088,423,2463020,0.0726234,0.15,1,47253,46830,423
4588101,2.04606,0.615096,429,2467400,0.0790479,0.15,1,47259,46830,429
4591021,2.01842,0.246039,431,2468860,0.0856192,0.15,1,47261,46830,431
4593941,2.00737,0.0984154,433,2470320,0.0582477,0.15,1,47263,46830,433
4596801,2.00295,0.0393662,435,2471780,0.0232991,0.15,1,47265,46830,435
4599721,9.20118,16.2157,422,2473240,0.0993196,0.15,1,47279,46857,422
4602641,4.88047,6.4863,424,2474700,0.0997278,0.15,1,47281,46857,424
4605561,3.15219,2.59452,426,2476160,0.0758911,0.15,1,47283,46857,426
4608481,2.46088,1.03781,428,2477620,0.0423565,0.15,1,47285,46857,428
4611401,2.18435,0.415123,430,2479080,0.0169426,0.15,1,47287,46857,430
4613861,66.2737,0.166049,539,2480540,0.00677703,0,1,47396,46857,539
4616781,27.7095,70.8664,423,2482000,0.00271081,0,1,47398,46975,423
4619701,12.2838,28.3466,425,2483460,0.00108432,0,1,47400,46975,425
4622181,10.9135,11.3386,435,2484920,0.00043373,0.04,1,47410,46975,435
4625101,5.56541,12.9355,423,2486380,0.000173492,0.04,1,47412,46989,423
4627381,91.6262,5.17418,572,2487840,6.93968e-05,0,1,47561,46989,572
4630301,37.8505,92.6697,423,2489300,2.77587e-05,0,1,47563,47140,423
4632581,19.3402,37.0679,430,2490760,1.11035e-05,0,1,47570,47140,430
4635501,8.93607,20.2271,423,2492220,4.44139e-06,0,1,47572,47149,423
4637781,20.9744,8.09086,452,2493680,1.77656e-06,0,1,47601,47149,452
4640701,9.58977,21.8363,423,2495140,7.10623e-07,0,1,47603,47180,423
4643621,5.03591,8.73454,425,2496600,2.84249e-07,0,1,47605,47180,425
4646541,3.21436,3.49381,427,2498060,1.137e-07,0,1,47607,47180,427
4648181,1.88575,1.39753,428,2499520,4.54799e-08,0,1,47608,47180,428
4650261,6.7543,4.15901,432,2500980,1.81919e-08,0.05,1,47618,47186,432
4651921,3.30172,8.2636,422,2502440,7.27678e-09,0,1,47619,47197,422
4654001,8.52069,11.1054,421,2503900,0.06,0,1,47631,47210,421
4656921,5.80828,6.24218,422,2505360,0.036,0,1,47635,47213,422
4659841,3.52331,2.49687,424,2506820,0.0144,0,1,47637,47213,424
4661701,2.00932,0.998748,425,2508280,0.00576,0,1,47638,47213,425
4664621,2.00373,2.7995,423,2509740,0.014304,0,1,47640,47217,423
4666481,1.40149,1.1198,424,2511200,0.0057216,0.06,1,47641,47217,424
4669401,6.5606,7.64792,422,2512660,0.0742886,0.06,1,47651,47229,422
4672321,3.82424,3.05917,424,2514120,0.0777155,0.06,1,47653,47229,424
4675241,2.7297,1.22367,426,2515580,0.0550862,0.06,1,47655,47229,426
4676881,1.69188,0.489467,427,2517040,0.0340345,0,1,47656,47229,427
4679801,1.87675,3.79579,423,2518500,0.0136138,0,1,47658,47235,423
4682721,1.9507,1.51831,425,2519960,0.00544551,0,1,47660,47235,425
4685641,1.98028,0.607326,427,2521420,0.0381782,0,1,47662,47235,427
4688321,1.99211,0.24293,429,2522880,0.0272713,0,1,47664,47235,429
4690401,1.39684,1.89717,427,2524340,0.0109085,0.08,1,47665,47238,427
4693321,1.75874,3.75887,424,2525800,0.0043634,0.08,1,47667,47243,424
4696241,1.9035,1.50355,426,2527260,0.00174536,0.08,1,47669,47243,426
4699161,1.9614,0.601419,428,2528720,0.000698145,0.08,1,47671,47243,428
4701221,1.38456,0.240568,429,2530180,0.000279258,0.11,1,47672,47243,429
4706421,4.90153,1.71849,431,2533100,0.0672447,0.11,1,47681,47250,431
4718101,2.07428,0.427993,429,2538940,0.0820735,0.11,1,47689,47260,429
4719941,1.42971,0.171197,430,2540400,0.0568294,0,1,47690,47260,430
4722861,1.77188,4.86848,424,2541860,0.0227318,0,1,47692,47268,424
4725781,1.90875,1.94739,426,2543320,0.0090927,0,1,47694,47268,426
4727841,1.3635,0.778957,427,2544780,0.00363708,0,1,47695,47268,427
4730761,8.9454,11.1116,423,2546240,0.00145483,0,1,47709,47286,423
4733681,4.77816,4.44463,425,2547700,0.000581933,0,1,47711,47286,425
4736601,3.11126,1.77785,427,2549160,0.000232773,0,1,47713,47286,427
4743861,68.0711,1.79378,536,2553540,0.0508949,0,1,47829,47293,536
4746781,28.4284,69.7175,423,2555000,0.020358,0,1,47831,47408,423
4749701,12.5714,27.887,425,2556460,0.00814318,0,1,47833,47408,425
4752181,6.82855,11.1548,428,2557920,0.00325727,0,1,47836,47408,428
4755101,3.93142,8.66192,423,2559380,0.00130291,0,1,47838,47415,423
4757381,90.9726,3.46477,572,2560840,0.000521164,0,1,47987,47415,572
4760301,37.589,91.9859,423,2562300,0.000208465,0,1,47989,47566,423
4762581,21.6356,36.7944,434,2563760,8.33862e-05,0.02,1,48000,47566,434
4765501,9.85424,22.5177,423,2565220,3.33545e-05,0.02,1,48002,47579,423
4767781,25.5417,9.0071,459,2566680,1.33418e-05,0,1,48038,47579,459
4770701,11.4167,26.4028,423,2568140,5.33671e-06,0,1,48040,47617,423
4773621,5.76667,10.5611,425,2569600,2.13469e-06,0,1,48042,47617,425
4776541,3.50667,4.22445,427,2571060,8.53874e-07,0,1,48044,47617,427
4778801,2.00267,1.68978,428,2572520,3.4155e-07,0.16,1,48045,47617,428
4781721,3.80107,7.27591,422,2573980,1.3662e-07,0.16,1,48050,47628,422
4784421,8.12043,2.91036,433,2575440,0.0840001,0.02,1,48061,47628,433
4787341,4.44817,8.36415,423,2576900,0.0936,0.02,1,48063,47640,423
4790261,2.97927,3.34566,425,2578360,0.07344,0.02,1,48065,47640,425
4792321,1.79171,1.33826,426,2579820,0.053376,0.12,1,48066,47640,426
4795241,4.91668,7.13531,422,2581280,0.0213504,0.12,1,48073,47651,422
4797521,2.56667,2.85412,423,2582740,0.00854016,0.06,1,48074,47651,423
4800441,7.02667,7.74165,422,2584200,0.0274161,0.06,1,48084,47662,422
4803361,4.01067,3.09666,424,2585660,0.0109664,0.06,1,48086,47662,424
4806281,2.80427,1.23866,426,2587120,0.00438657,0.06,1,48088,47662,426
4809201,2.32171,0.495465,428,2588580,0.0377546,0.06,1,48090,47662,428
4812121,2.12868,0.198186,430,2590040,0.0271019,0.06,1,48092,47662,430
4814581,1.45147,0.0792745,431,2591500,0.0108407,0,1,48093,47662,431
4817501,1.78059,5.43171,424,2592960,0.0043363,0,1,48095,47671,424
4820421,1.91224,2.17268,426,2594420,0.00173452,0,1,48097,47671,426
4823341,1.96489,0.869073,428,2595880,0.0366938,0,1,48099,47671,428
4826261,1.98596,0.347629,430,2597340,0.0266775,0,1,48101,47671,430
4828101,3.79438,0.139052,435,2598800,0.046671,0.14,1,48106,47671,435
4831021,2.71775,8.45562,423,2600260,0.0306684,0.14,1,48108,47685,423
4833941,2.2871,3.38225,425,2601720,0.0602674,0.14,1,48110,47685,425
4836861,2.11484,1.3529,427,2603180,0.0481069,0.14,1,48112,47685,427
4839781,2.04594,0.54116,429,2604640,0.0192428,0.14,1,48114,47685,429
4841621,1.41837,0.216464,430,2606100,0.00769711,0.1,1,48115,47685,430
4843281,1.16735,1.28659,429,2607560,0.00307884,0.09,1,48116,47687,429
4846201,5.86694,10.1146,422,2609020,0.00123154,0.09,1,48125,47703,422
4849121,3.54678,4.04585,424,2610480,0.000492615,0.09,1,48127,47703,424
4852041,2.61871,1.61834,426,2611940,0.000197046,0.09,1,48129,47703,426
4854961,2.24748,0.647336,428,2613400,7.88184e-05,0.09,1,48131,47703,428
4860341,5.6396,0.103574,438,2616320,0.0888126,0,1,48141,47703,438
4862421,4.05584,4.24143,434,2617780,0.095525,0.24,1,48144,47710,434
4865341,2.82234,8.29657,425,2619240,0.07421,0.24,1,48146,47721,425
4868261,2.32893,3.31863,427,2620700,0.041684,0.24,1,48148,47721,427
4871181,2.13157,1.32745,429,2622160,0.0406736,0.24,1,48150,47721,429
4873861,65.6526,0.530981,537,2623620,0.0162694,0,1,48258,47721,537
4876781,27.4611,69.8124,423,2625080,0.00650778,0,1,48260,47837,423
4879701,12.1844,27.925,425,2626540,0.00260311,0,1,48262,47837,425
4882621,6.07377,11.17,427,2628000,0.00104124,0,1,48264,47837,427
4884261,6.62951,4.46799,434,2629460,0.000416498,0.1,1,48271,47837,434
4885921,3.2518,9.5872,422,2630920,0.000166599,0,1,48272,47850,422
4888841,90.1007,92.6349,422,2632380,6.66396e-05,0,1,48420,47998,422
4891121,36.6403,37.054,423,2633840,2.66558e-05,0,1,48421,47998,423
4894041,22.4561,23.2216,422,2635300,1.06623e-05,0,1,48434,48012,422
4896321,9.58245,9.28863,423,2636760,4.26493e-06,0,1,48435,48012,423
4899241,24.833,25.3155,422,2638220,1.70597e-06,0,1,48470,48048,422
4902161,11.1332,10.1262,424,2639680,6.82389e-07,0,1,48472,48048,424
4905081,5.65328,4.05047,426,2641140,2.72956e-07,0,1,48474,48048,426
4908001,3.46131,1.62019,428,2642600,1.09182e-07,0,1,48476,48048,428
4909841,1.98452,0.648075,429,2644060,4.36729e-08,0,1,48477,48048,429
4911921,1.39381,5.05923,422,2645520,1.74692e-08,0.02,1,48478,48056,422
4914841,7.75752,9.22369,422,2646980,6.98766e-09,0.02,1,48490,48068,422
4917761,4.30301,3.68948,424,2648440,2.79507e-09,0.02,1,48492,48068,424
4920681,2.9212,1.47579,426,2649900,0.072,0.02,1,48494,48068,426
4923361,2.36848,0.590316,428,2651360,0.0768,0.14,1,48496,48068,428
4926281,3.94739,6.83613,422,2652820,0.03072,0.14,1,48501,48079,422
4928561,2.17896,2.73445,423,2654280,0.012288,0,1,48502,48079,423
4931481,5.67158,6.49378,422,2655740,0.0769152,0,1,48510,48088,422
4933761,2.86863,2.59751,423,2657200,0.0907661,0.04,1,48511,48088,423
4936681,2.34745,2.839,422,2658660,0.0723064,0.04,1,48513,48091,422
4939601,2.13898,1.1356,424,2660120,0.0409226,0.04,1,48515,48091,424
4941461,1.45559,0.454241,425,2661580,0.016369,0,1,48516,48091,425
4944381,1.78224,1.9817,424,2663040,0.0425476,0,1,48518,48094,424
4946661,1.91289,0.792678,426,2664500,0.029019,0.06,1,48520,48094,426
4949581,1.96516,3.31707,423,2665960,0.0116076,0.06,1,48522,48099,423
4951441,1.38606,1.32683,424,2667420,0.00464305,0.06,1,48523,48099,424
4954361,3.55443,4.73073,422,2668880,0.0978572,0.06,1,48528,48106,422
4959561,9.20871,9.75692,422,2671800,0.0492572,0,1,48543,48121,422
4962481,4.88348,3.90277,424,2673260,0.0197029,0,1,48545,48121,424
4965401,3.15339,1.56111,426,2674720,0.00788114,0,1,48547,48121,426
4968321,2.46136,0.624443,428,2676180,0.0751525,0,1,48549,48121,428
4971241,2.18454,0.249777,430,2677640,0.078061,0,1,48551,48121,430
4974161,2.07382,0.0999108,432,2679100,0.0552244,0,1,48553,48121,432
4975781,1.42953,0.0399643,433,2680560,0.0340898,0,1,48554,48121,433
4978701,1.77181,6.01599,425,2682020,0.0136359,0,1,48556,48131,425
4981621,1.90872,2.40639,427,2683480,0.00545436,0,1,48558,48131,427
4984101,3.76349,0.962558,432,2684940,0.0201817,0.15,1,48563,48131,432
4987021,2.7054,6.98502,423,2686400,0.0080727,0.15,1,48565,48142,423
4989941,2.28216,2.79401,425,2687860,0.00322908,0.15,1,48567,48142,425
4992421,7.51286,1.1176,436,2689320,0.00129163,0.02,1,48578,48142,436
4995341,4.20515,9.44704,423,2690780,0.0845167,0.02,1,48580,48157,423
5002821,66.3411,0.604611,536,2695160,0.0529291,0,1,48693,48157,536
5005741,27.7365,69.2418,423,2696620,0.0211716,0,1,48695,48272,423
5008661,12.2946,27.6967,425,2698080,0.00846865,0,1,48697,48272,425
5011581,6.11783,11.0787,427,2699540,0.00338746,0,1,48699,48272,427
5014501,3.64713,4.43148,429,2701000,0.00135498,0,1,48701,48272,429
5016341,2.05885,1.77259,430,2702460,0.000541993,0,1,48702,48272,430
5018421,89.0235,6.10904,568,2703920,0.000216797,0,1,48849,48281,568
5021341,36.8094,90.6436,423,2705380,8.67189e-05,0,1,48851,48428,423
5023621,20.7238,36.2574,433,2706840,3.46876e-05,0.04,1,48861,48428,433
5026541,9.48951,21.703,423,2708300,1.3875e-05,0.04,1,48863,48440,423
5028821,22.9958,8.68119,455,2709760,5.55001e-06,0,1,48895,48440,455
5031741,10.3983,23.8725,423,2711220,2.22e-06,0,1,48897,48474,423
5034021,7.75933,9.54899,429,2712680,8.88002e-07,0,1,48903,48474,429
5036941,4.30373,8.6196,423,2714140,3.55201e-07,0,1,48905,48482,423
5039861,2.92149,3.44784,425,2715600,1.4208e-07,0,1,48907,48482,425
5042781,2.3686,1.37914,427,2717060,5.68321e-08,0,1,48909,48482,427
5044421,6.94744,0.551654,437,2718520,0.06,0.04,1,48919,48482,437
5047341,3.97898,9.82066,423,2719980,0.06,0.04,1,48921,48498,423
5050261,2.79159,3.92826,425,2721440,0.036,0.04,1,48923,48498,425
5053181,2.31664,1.57131,427,2722900,0.0264,0.04,1,48925,48498,427
5055861,2.72665,0.628522,430,2724360,0.01056,0,1,48928,48498,430
5058781,2.29066,5.65141,423,2725820,0.004224,0,1,48930,48507,423
5061061,5.71626,2.26056,431,2727280,0.0016896,0.06,1,48938,48507,431
5063981,3.48651,6.90423,423,2728740,0.0726758,0.06,1,48940,48517,423
5066901,2.5946,2.76169,425,2730200,0.0770703,0.06,1,48942,48517,425
5069821,2.23784,1.10468,427,2731660,0.0548281,0.06,1,48944,48517,427
5072081,1.49514,0.44187,428,2733120,0.0339313,0,1,48945,48517,428
5075001,1.79805,2.57675,426,2734580,0.0495725,0,1,48947,48521,426
5077281,1.31922,1.0307,427,2736040,0.043829,0.04,1,48948,48521,427
5080201,7.12769,10.0123,422,2737500,0.0175316,0.04,1,48959,48537,422
5083121,4.05108,4.00491,424,2738960,0.00701264,0.04,1,48961,48537,424
5090601,4.29127,6.85631,422,2743340,0.0801288,0.14,1,48970,48548,422
5093521,2.91651,2.74253,424,2744800,0.0320515,0.14,1,48972,48548,424
5096001,1.7666,1.09701,425,2746260,0.0128206,0,1,48973,48548,425
5098921,4.30664,5.8388,422,2747720,0.00512824,0,1,48979,48557,422
5101841,2.92266,2.33552,424,2749180,0.0020513,0,1,48981,48557,424
5104761,2.36906,0.934209,426,2750640,0.0968205,0,1,48983,48557,426
5112441,3.58362,7.25979,422,2755020,0.0897165,0.16,1,48991,48569,422
5115361,2.63345,2.90392,424,2756480,0.0598866,0.16,1,48993,48569,424
5118281,2.25338,1.16157,426,2757940,0.0239546,0.16,1,48995,48569,426
5120961,2.10135,0.464626,428,2759400,0.00958186,0.14,1,48997,48569,428
5123041,5.04054,6.78585,424,2760860,0.0398327,0.09,1,49004,48580,424
5125961,7.41622,9.31434,422,2762320,0.0399331,0.09,1,49013,48591,422
5128881,4.16649,3.72574,424,2763780,0.0159732,0.09,1,49015,48591,424
5131361,2.26659,1.49029,425,2765240,0.00638929,0,1,49016,48591,425
5142401,6.26922,5.30855,424,2771080,0.0656356,0,1,49126,48702,424
5144881,3.10769,2.12342,425,2772540,0.0382542,0.06,1,49127,48702,425
5146961,6.64308,8.64937,421,2774000,0.0153017,0,1,49136,48715,421
5149881,88.4572,88.6598,422,2775460,0.00612068,0,1,49279,48857,422
5152161,35.9829,35.4639,423,2776920,0.00244827,0.02,1,49280,48857,423
5155081,21.5932,21.9856,422,2778380,0.000979308,0.02,1,49292,48870,422
5157361,9.23726,8.79422,423,2779840,0.000391723,0,1,49293,48870,423
5160281,20.4949,20.9177,422,2781300,0.000156689,0,1,49321,48899,422
5162561,8.79796,8.36708,423,2782760,6.26757e-05,0,1,49322,48899,423
5165481,8.31918,8.74683,422,2784220,2.50703e-05,0,1,49330,48908,422
5168401,4.52767,3.49873,424,2785680,1.00281e-05,0,1,49332,48908,424
5170881,2.41107,1.39949,425,2787140,4.01124e-06,0,1,49333,48908,425
5172961,2.16443,4.1598,421,2788600,1.6045e-06,0,1,49335,48914,421
5175881,9.86577,10.0639,422,2790060,0.0480006,0,1,49350,48928,422
5178801,5.14631,4.02557,424,2791520,0.0432003,0,1,49352,48928,424
5181721,3.25852,1.61023,426,2792980,0.0172801,0,1,49354,48928,426
5183361,1.90341,0.644091,427,2794440,0.00691204,0,1,49355,48928,427
5186281,1.96136,4.45764,422,2795900,0.00276482,0,1,49357,48935,422
5189201,1.98455,1.78305,424,2797360,0.00110593,0,1,49359,48935,424
5191061,3.19382,0.713222,428,2798820,0.000442371,0.08,1,49363,48935,428
5193981,2.47753,4.48529,423,2800280,0.000176948,0.08,1,49365,48942,423
5196261,5.79101,1.79412,431,2801740,7.07793e-05,0.06,1,49373,48942,431
5207941,2.09705,0.429929,429,2807580,0.0803538,0.06,1,49381,48952,429
5209781,8.03882,0.171972,441,2809040,0.0321415,0,1,49393,48952,441
5220801,1.55459,0.772402,428,2814880,0.0931748,0,1,49400,48972,428
5223721,1.82184,4.50896,423,2816340,0.0612699,0,1,49402,48979,423
5226641,1.92874,1.80358,425,2817800,0.024508,0,1,49404,48979,425
5228501,3.17149,0.721434,429,2819260,0.00980319,0.09,1,49408,48979,429
5231421,2.4686,5.08857,423,2820720,0.00392127,0.09,1,49410,48987,423
5234341,2.18744,2.03543,425,2822180,0.00156851,0.09,1,49412,48987,425
5237261,2.07498,0.814172,427,2823640,0.000627404,0.09,1,49414,48987,427
5240181,2.02999,0.325669,429,2825100,0.000250962,0.09,1,49416,48987,429
5242021,1.412,0.130267,430,2826560,0.000100385,0,1,49417,48987,430
5257001,7.66159,9.15183,422,2835320,0.0826948,0.11,1,49443,49021,422
5259921,4.26464,3.66073,424,2836780,0.0330779,0.11,1,49445,49021,424
5262401,2.30585,1.46429,425,2838240,0.0132312,0,1,49446,49021,425
5265321,65.7223,67.1857,422,2839700,0.00529247,0,1,49554,49132,422
5268241,27.4889,26.8743,424,2841160,0.00211699,0,1,49556,49132,424
5271161,12.1956,10.7497,426,2842620,0.0608468,0,1,49558,49132,426
5274081,6.07823,4.29989,428,2844080,0.0603387,0,1,49560,49132,428
5275921,3.03129,1.71995,429,2845540,0.0481355,0,1,49561,49132,429
5278001,1.81252,5.48798,422,2847000,0.0312542,0,1,49562,49140,422
5280921,88.925,90.3952,422,2848460,0.0125017,0,1,49709,49287,422
5283201,36.17,36.1581,423,2849920,0.00500067,0,1,49710,49287,423
5286121,22.868,23.4632,422,2851380,0.00200027,0,1,49724,49302,422
5288401,9.7472,9.38529,423,2852840,0.000800107,0,1,49725,49302,423
5291321,18.8989,19.3541,422,2854300,0.000320043,0,1,49750,49328,422
5293601,8.15955,7.74165,423,2855760,0.000128017,0,1,49751,49328,423
5296521,7.46382,7.89666,422,2857220,5.12068e-05,0,1,49758,49336,422
5299441,4.18553,3.15866,424,2858680,2.04827e-05,0,1,49760,49336,424
5302361,2.87421,1.26347,426,2860140,8.19309e-06,0,1,49762,49336,426
5304001,1.74968,0.505386,427,2861600,3.27724e-06,0,1,49763,49336,427
5306921,13.8999,16.4022,422,2863060,0.0120013,0,1,49785,49363,422
5309841,6.75995,6.56086,424,2864520,0.00480052,0,1,49787,49363,424
5312761,3.90398,2.62434,426,2865980,0.00192021,0,1,49789,49363,426
5315681,2.76159,1.04974,428,2867440,0.000768084,0,1,49791,49363,428
5318601,2.30464,0.419895,430,2868900,0.000307234,0,1,49793,49363,430
5321061,1.52185,0.167958,431,2870360,0.000122893,0,1,49794,49363,431
5323981,1.80874,5.46718,424,2871820,4.91574e-05,0,1,49796,49372,424
5326261,6.1235,2.18687,433,2873280,1.96629e-05,0.06,1,49805,49372,433
5339781,2.04222,0.206714,431,2880580,0.0837314,0.18,1,49815,49384,431
5350621,2.42348,1.63729,427,2886420,0.0824955,0,1,49834,49407,427
5353541,2.16939,0.654917,429,2887880,0.0449982,0,1,49836,49407,429
5356461,2.06776,0.261967,431,2889340,0.0179993,0,1,49838,49407,431
5358501,1.4271,0.104787,432,2890800,0.00719971,0.22,1,49839,49407,432
5361421,1.77084,6.64192,423,2892260,0.00287988,0.22,1,49841,49418,423
5364341,1.90834,2.65677,425,2893720,0.00115195,0.22,1,49843,49418,425
5367261,1.96333,1.06271,427,2895180,0.000460782,0.22,1,49845,49418,427
5370181,1.98533,0.425082,429,2896640,0.0841843,0.22,1,49847,49418,429
5375561,1.75765,2.46801,428,2899560,0.0902695,0.14,1,49850,49422,428
5378481,1.90306,0.987205,430,2901020,0.0601078,0.14,1,49852,49422,430
5380341,1.36122,0.394882,431,2902480,0.0360431,0.18,1,49853,49422,431
5383041,1.74449,4.95795,425,2903940,0.0144172,0.11,1,49855,49430,425
5396361,61.8255,64.9804,422,2911240,0.0795972,0.02,1,49984,49562,422
5399281,25.9302,25.9921,424,2912700,0.0318389,0.02,1,49986,49562,424
5402201,11.5721,10.3969,426,2914160,0.0127356,0.02,1,49988,49562,426
5405121,5.82883,4.15874,428,2915620,0.00509422,0.02,1,49990,49562,428
5406961,2.93153,1.6635,429,2917080,0.00203769,0,1,49991,49562,429
5409041,1.77261,5.4654,422,2918540,0.000815075,0,1,49992,49570,422
5411961,88.3091,89.7862,422,2920000,0.00032603,0,1,50138,49716,422
5414241,35.9236,35.9145,423,2921460,0.000130412,0.02,1,50139,49716,423
5417161,21.5694,22.1658,422,2922920,5.21648e-05,0.02,1,50151,49729,422
5419441,9.22778,8.86631,423,2924380,2.08659e-05,0,1,50152,49729,423
5422361,22.2911,22.7465,422,2925840,8.34637e-06,0,1,50183,49761,422
5425281,10.1164,9.09861,424,2927300,3.33855e-06,0,1,50185,49761,424
5428201,5.24658,3.63944,426,2928760,1.33542e-06,0,1,50187,49761,426
5429841,2.69863,1.45578,427,2930220,5.34168e-07,0.14,1,50188,49761,427
5432761,4.67945,7.18231,422,2931680,2.13667e-07,0.14,1,50194,49772,422
5435041,2.47178,2.87292,423,2933140,8.54668e-08,0,1,50195,49772,423
5437961,14.7887,15.5492,422,2934600,3.41867e-08,0,1,50218,49796,422
5440881,7.11548,6.21967,424,2936060,1.36747e-08,0,1,50220,49796,424
5443801,4.04619,2.48787,426,2937520,5.46987e-09,0,1,50222,49796,426
5446721,2.81848,0.995147,428,2938980,2.18795e-09,0,1,50224,49796,428
5449641,2.32739,0.398059,430,2940440,8.7518e-10,0,1,50226,49796,430
5451681,1.53096,0.159223,431,2941900,3.50072e-10,0,1,50227,49796,431
5454601,1.81238,5.46369,424,2943360,1.40029e-10,0,1,50229,49805,424
5456261,5.52495,2.18548,432,2944820,5.60115e-11,0.09,1,50237,49805,432
5459181,3.40998,7.47419,423,2946280,2.24046e-11,0.09,1,50239,49816,423
5476241,4.30978,4.83061,424,2955040,0.0778944,0.02,1,50260,49836,424
5479161,2.92391,1.93225,426,2956500,0.0431578,0.02,1,50262,49836,426
5480801,1.76956,0.772898,427,2957960,0.0172631,0.08,1,50263,49836,427
5483721,6.10783,8.70916,422,2959420,0.0609052,0.08,1,50272,49850,422
5486641,3.64313,3.48366,424,2960880,0.0543621,0.08,1,50274,49850,424
5489561,2.65725,1.39347,426,2962340,0.0217448,0.08,1,50276,49850,426
5492481,2.2629,0.557386,428,2963800,0.00869793,0.08,1,50278,49850,428
5495401,2.10516,0.222954,430,2965260,0.00347917,0.08,1,50280,49850,430
5498321,2.04206,0.0891818,432,2966720,0.00139167,0.08,1,50282,49850,432
5501241,2.01683,0.0356727,434,2968180,0.000556668,0.08,1,50284,49850,434
5503681,1.40673,0.0142691,435,2969640,0.000222667,0,1,50285,49850,435
5506601,1.76269,3.60571,431,2971100,8.90668e-05,0,1,50287,49856,431
5527401,61.0375,62.6548,422,2982780,0.0754663,0,1,50411,49989,422
5530321,25.615,25.0619,424,2984240,0.0901865,0,1,50413,49989,424
5532801,10.846,10.0248,425,2985700,0.0840746,0.07,1,50414,49989,425
5535721,5.5384,7.00991,422,2987160,0.0576298,0.07,1,50416,49994,422
5538641,3.41536,2.80396,424,2988620,0.0230519,0.07,1,50418,49994,424
5541541,91.9662,1.12159,575,2990080,0.00922077,0,1,50569,49994,575
5544461,37.9865,92.8486,423,2991540,0.00368831,0,1,50571,50148,423
5546741,18.7946,37.1395,429,2993000,0.00147532,0,1,50577,50148,429
5549661,8.71783,19.6558,423,2994460,0.000590129,0,1,50579,50156,423
5551941,22.0871,7.86231,454,2995920,0.000236052,0,1,50610,50156,454
5554861,10.0349,22.9449,423,2997380,9.44207e-05,0,1,50612,50189,423
5557781,5.21394,9.17797,425,2998840,3.77683e-05,0,1,50614,50189,425
5560701,3.28558,3.67119,427,3000300,1.51073e-05,0,1,50616,50189,427
5562341,1.91423,1.46847,428,3001760,6.04292e-06,0,1,50617,50189,428
5565261,1.96569,4.78739,423,3003220,2.41717e-06,0,1,50619,50196,423
5567541,19.3863,1.91496,454,3004680,9.66868e-07,0,1,50650,50196,454
5570461,8.95451,20.566,423,3006140,3.86747e-07,0,1,50652,50229,423
5573381,4.7818,8.22639,425,3007600,1.54699e-07,0,1,50654,50229,425
5576301,3.11272,3.29056,427,3009060,6.18795e-08,0,1,50656,50229,427
5579221,2.44509,1.31622,429,3010520,2.47518e-08,0,1,50658,50229,429
5582141,2.17804,0.526489,431,3011980,9.90072e-09,0,1,50660,50229,431
5584181,1.47121,0.210596,432,3013440,3.96029e-09,0,1,50661,50229,432
5586261,3.58849,4.88424,429,3014900,1.58412e-09,0.12,1,50666,50237,429
5589181,2.63539,6.7537,423,3016360,0.048,0.12,1,50668,50245,423
5592101,2.25416,2.70148,425,3017820,0.0432,0.12,1,50670,50245,425
5595021,2.10166,1.08059,427,3019280,0.01728,0.12,1,50672,50245,427
5596661,5.04067,0.432236,434,3020740,0.054912,0.1,1,50679,50245,434
5599581,3.21627,7.97289,423,3022200,0.0879648,0.1,1,50681,50258,423
5601441,1.88651,3.18916,424,3023660,0.0891859,0.04,1,50682,50258,424
5606641,1.38184,1.23027,424,3026580,0.0946697,0,1,50685,50261,424
5609561,9.55274,10.6921,422,3028040,0.0738679,0,1,50700,50278,422
5612481,5.02109,4.27684,424,3029500,0.0475472,0,1,50702,50278,424
5615401,3.20844,1.71074,426,3030960,0.0190189,0,1,50704,50278,426
5618321,2.48338,0.684295,428,3032420,0.00760754,0,1,50706,50278,428
5620161,1.59335,0.273718,429,3033880,0.00304302,0,1,50707,50278,429
5623081,1.83734,4.30949,424,3035340,0.00121721,0,1,50709,50285,424
5626001,1.93494,1.72379,426,3036800,0.000486883,0,1,50711,50285,426
5628921,1.97397,0.689518,428,3038260,0.000194753,0,1,50713,50285,428
5631601,1.98959,0.275807,430,3039720,0.0360779,0.19,1,50715,50285,430
5634521,2.59584,6.71032,422,3041180,0.0144312,0.19,1,50718,50296,422
5637441,2.23833,2.68413,424,3042640,0.0657725,0.19,1,50720,50296,424
5640361,2.09533,1.07365,426,3044100,0.062309,0.19,1,50722,50296,426
5643281,2.03813,0.429461,428,3045560,0.0369236,0.19,1,50724,50296,428
5646201,2.01525,0.171784,430,3047020,0.0147694,0.19,1,50726,50296,430
5654501,3.15298,4.09099,431,3051400,0.0931052,0.15,1,50744,50313,431
5656981,65.4612,1.6364,538,3052860,0.0372421,0.04,1,50851,50313,538
5659901,27.3845,66.6546,430,3054320,0.0628968,0.04,1,50853,50423,430
5662821,12.1538,26.6618,432,3055780,0.0851587,0.04,1,50855,50423,432
5670501,86.0498,1.70636,577,3060160,0.0472102,0,1,51000,50423,577
5673421,35.6199,94.2825,423,3061620,0.0188841,0,1,51002,50579,423
5676341,15.448,37.713,425,3063080,0.00755362,0,1,51004,50579,425
5678821,13.3792,15.0852,437,3064540,0.00302145,0,1,51016,50579,437
5680481,5.95168,15.6341,422,3066000,0.00120858,0,1,51017,50595,422
5683401,19.7807,23.6536,422,3067460,0.000483432,0,1,51046,50624,422
5686321,9.11227,9.46145,424,3068920,0.000193373,0,1,51048,50624,424
5689241,4.84491,3.78458,426,3070380,7.73491e-05,0,1,51050,50624,426
5692161,3.13796,1.51383,428,3071840,3.09396e-05,0,1,51052,50624,428
5695081,2.45519,0.605533,430,3073300,1.23759e-05,0,1,51054,50624,430
5697541,14.7821,0.242213,453,3074760,4.95034e-06,0,1,51077,50624,453
5700461,7.11283,19.2969,423,3076220,1.98014e-06,0,1,51079,50656,423
5703381,4.04513,7.71875,425,3077680,7.92054e-07,0,1,51081,50656,425
5705861,4.61805,3.0875,430,3079140,3.16822e-07,0,1,51086,50656,430
5708781,3.04722,6.635,423,3080600,1.26729e-07,0,1,51088,50665,423
5711701,2.41889,2.654,425,3082060,5.06915e-08,0,1,51090,50665,425
5714621,2.16756,1.0616,427,3083520,2.02766e-08,0,1,51092,50665,427
5716261,1.46702,0.42464,428,3084980,0.06,0.06,1,51093,50665,428
5719181,1.78681,2.56986,426,3086440,0.06,0.06,1,51095,50669,426
5721461,1.31472,1.02794,427,3087900,0.048,0,1,51096,50669,427
5724381,1.72589,2.81118,425,3089360,0.0192,0,1,51098,50673,425
5726661,4.29036,1.12447,431,3090820,0.09168,0.13,1,51104,50673,431
5729581,2.91614,6.44979,423,3092280,0.096672,0.13,1,51106,50683,423
5732481,2.36646,2.57992,425,3093740,0.0746688,0,1,51108,50683,425
5735401,2.74658,4.63197,422,3095200,0.0778675,0,1,51111,50689,422
5737681,1.69863,1.85279,423,3096660,0.067147,0,1,51112,50689,423
5740601,9.07945,9.74111,422,3098120,0.0268588,0,1,51126,50704,422
5742881,4.23178,3.89645,423,3099580,0.0707435,0,1,51127,50704,423
5745801,4.09271,4.55858,422,3101040,0.0402974,0,1,51131,50709,422
5748721,2.83708,1.82343,424,3102500,0.016119,0,1,51133,50709,424
5751201,1.73483,0.729372,425,3103960,0.00644758,0.1,1,51134,50709,425
5754121,5.49393,6.89175,422,3105420,0.00257903,0.1,1,51142,50720,422
5757041,3.39757,2.7567,424,3106880,0.0250316,0.1,1,51144,50720,424
5759961,2.55903,1.10268,426,3108340,0.0100126,0.1,1,51146,50720,426
5762881,2.22361,0.441072,428,3109800,0.00400506,0.1,1,51148,50720,428
5764721,1.48944,0.176429,429,3111260,0.00160202,0,1,51149,50720,429
5767641,1.79578,4.87057,423,3112720,0.000640809,0,1,51151,50728,423
5770561,1.91831,1.94823,425,3114180,0.000256324,0,1,51153,50728,425
5773481,1.96732,0.779291,427,3115640,0.0601025,0,1,51155,50728,427
5776401,1.98693,0.311717,429,3117100,0.060041,0,1,51157,50728,429
5778661,9.19477,0.124687,443,3118560,0.0600164,0.17,1,51171,50728,443
5781581,4.87791,12.6499,424,3120020,0.0360066,0.17,1,51173,50749,424
5784501,3.15116,5.05995,426,3121480,0.0144026,0.17,1,51175,50749,426
5786981,64.2605,2.02398,531,3122940,0.0717611,0.13,1,51280,50749,531
5795741,5.98467,10.6895,427,3127320,0.220593,0.13,1,51286,50859,427
5797381,7.19387,4.27581,435,3128780,0.202237,0.08,1,51294,50859,435
5801961,84.791,87.4441,422,3131700,0.0731579,0,1,51434,51012,422
5804881,35.1164,34.9777,424,3133160,0.0292632,0,1,51436,51012,424
5807361,14.6466,13.9911,425,3134620,0.0117053,0.1,1,51437,51012,425
5810281,10.0586,11.5964,422,3136080,0.00468211,0.1,1,51444,51022,422
5812981,23.2235,4.63857,454,3137540,0.00187284,0,1,51476,51022,454
5815901,10.4894,21.6554,423,3139000,0.000749137,0,1,51478,51055,423
5818821,5.39575,8.66217,425,3140460,0.000299655,0,1,51480,51055,425
5821741,3.3583,3.46487,427,3141920,0.000119862,0,1,51482,51055,427
5824661,2.54332,1.38595,429,3143380,0.0180479,0,1,51484,51055,429
5827541,12.4173,0.554379,448,3144840,0.0432192,0,1,51503,51055,448
5830461,6.16693,16.4218,423,3146300,0.0292877,0,1,51505,51082,423
5833381,3.66677,6.5687,425,3147760,0.0117151,0,1,51507,51082,425
5835861,5.66671,2.62748,432,3149220,0.00468603,0.1,1,51514,51082,432
5838781,3.46668,7.65099,423,3150680,0.00187441,0.1,1,51516,51093,423
5841701,2.58667,3.0604,425,3152140,0.000749764,0.1,1,51518,51093,425
5844621,2.23467,1.22416,427,3153600,0.000299906,0.1,1,51520,51093,427
5846261,1.49387,0.489663,428,3155060,0.000119962,0,1,51521,51093,428
5849181,1.79755,3.19587,425,3156520,4.79849e-05,0,1,51523,51098,425
5852081,1.91902,1.27835,427,3157980,0.0720192,0.06,1,51525,51098,427
5855001,3.76761,6.51134,422,3159440,0.0408077,0.06,1,51530,51108,422
5857921,2.70704,2.60454,424,3160900,0.0163231,0.06,1,51532,51108,424
5860401,1.68282,1.04181,425,3162360,0.00652923,0,1,51533,51108,425
5863321,3.67313,5.21673,422,3163820,0.00261169,0,1,51538,51116,422
5873721,5.54683,5.77355,422,3169660,0.0973149,0,1,51554,51132,422
5876001,2.81873,2.30942,423,3171120,0.0749259,0.04,1,51555,51132,423
5878921,7.72749,8.12377,422,3172580,0.0299704,0.04,1,51566,51144,422
5881841,4.291,3.24951,424,3174040,0.0119881,0.04,1,51568,51144,424
5884321,2.3164,1.2998,425,3175500,0.00479526,0,1,51569,51144,425
5887241,2.72656,4.11992,422,3176960,0.0259181,0,1,51572,51150,422
5890161,2.29062,1.64797,424,3178420,0.0103672,0,1,51574,51150,424
5893081,2.11625,0.659187,426,3179880,0.0041469,0,1,51576,51150,426
5895761,2.0465,0.263675,428,3181340,0.00165876,0.08,1,51578,51150,428
5898681,2.0186,3.70547,424,3182800,0.000663503,0.08,1,51580,51156,424
5901601,2.00744,1.48219,426,3184260,0.000265401,0.08,1,51582,51156,426
5904081,1.40298,0.592875,427,3185720,0.000106161,0.13,1,51583,51156,427
5907001,4.16119,6.83715,422,3187180,0.0240425,0.13,1,51589,51167,422
5908661,11.2645,2.73486,438,3188640,0.045617,0.02,1,51605,51167,438
5911581,5.70579,8.29394,428,3190100,0.0722468,0.02,1,51607,51179,428
5914501,3.48232,3.31758,430,3191560,0.0528987,0.02,1,51609,51179,430
5922821,11.9829,26.8523,428,3195940,0.264746,0.28,1,51718,51290,428
5935921,35.9038,36.227,424,3203240,0.0603878,0,1,51868,51444,424
5938401,14.9615,14.4908,425,3204700,0.0241551,0,1,51869,51444,425
5940481,8.38461,10.5963,421,3206160,0.00966204,0,1,51873,51452,421
5943401,20.1538,20.4385,422,3207620,0.00386482,0,1,51901,51479,422
5946321,9.26154,8.17541,424,3209080,0.00154593,0,1,51903,51479,424
5948181,8.50462,3.27016,432,3210540,0.000618371,0.08,1,51911,51479,432
5951101,4.60185,7.90807,423,3212000,0.000247348,0.08,1,51913,51490,423
5954021,3.04074,3.16323,425,3213460,0.0360989,0.08,1,51915,51490,425
5956501,13.2163,1.26529,445,3214920,0.0144396,0,1,51935,51490,445
5959421,6.48652,14.9061,423,3216380,0.00577583,0,1,51937,51514,423
5962341,3.79461,5.96245,425,3217840,0.00231033,0,1,51939,51514,425
5964401,2.11784,2.38498,426,3219300,0.000924133,0.06,1,51940,51514,426
5967321,6.84714,9.35399,422,3220760,0.000369653,0.06,1,51950,51528,422
5970241,3.93885,3.7416,424,3222220,0.000147861,0.06,1,51952,51528,424
5973161,2.77554,1.49664,426,3223680,5.91445e-05,0.06,1,51954,51528,426
5976081,2.31022,0.598655,428,3225140,2.36578e-05,0.06,1,51956,51528,428
5979001,2.12409,0.239462,430,3226600,0.0840095,0.06,1,51958,51528,430
5981921,2.04963,0.0957848,432,3228060,0.0936038,0.06,1,51960,51528,432
5984581,2.01985,0.0383139,434,3229520,0.0734415,0,1,51962,51528,434
5986661,1.40794,1.81533,432,3230980,0.0713766,0.22,1,51963,51531,432
5989581,1.76318,6.12613,425,3232440,0.0405506,0.22,1,51965,51540,425
5992501,1.90527,2.45045,427,3233900,0.0162203,0.22,1,51967,51540,427
5994981,1.96211,0.980181,429,3235360,0.0064881,0.09,1,51969,51540,429
5997901,1.98484,5.19207,423,3236820,0.0985952,0.09,1,51971,51548,423
6009961,8.32048,8.71717,422,3244120,0.0994,0.02,1,51995,51573,422
6012881,4.52819,3.48687,424,3245580,0.05176,0.02,1,51997,51573,424
6015801,3.01128,1.39475,426,3247040,0.020704,0.02,1,51999,51573,426
6017441,1.80451,0.557899,427,3248500,0.0082816,0.12,1,52000,51573,427
6020361,4.9218,7.42316,422,3249960,0.0153126,0.12,1,52007,51585,422
6023281,3.16872,2.96926,424,3251420,0.00612506,0.12,1,52009,51585,424
6026201,2.46749,1.18771,426,3252880,0.00245002,0.12,1,52011,51585,426
6029121,2.187,0.475082,428,3254340,0.08498,0.12,1,52013,51585,428
6032041,2.0748,0.190033,430,3255800,0.093992,0.12,1,52015,51585,430
6034961,2.02992,0.0760131,432,3257260,0.0735968,0.12,1,52017,51585,432
6036581,3.81197,0.0304053,437,3258720,0.0534387,0.14,1,52022,51585,437
6038661,5.12479,9.61216,427,3260180,0.0213755,0.09,1,52028,51601,427
6040741,9.24992,7.44486,433,3261640,0.0625502,0.02,1,52040,51607,433
6043661,4.89997,8.97795,425,3263100,0.0490201,0.02,1,52042,51617,425
6045521,2.55999,3.59118,426,3264560,0.031608,0.36,1,52043,51617,426
6051361,28.2496,26.4946,431,3267480,0.218657,0.36,1,52156,51725,431
6054281,12.4998,10.5978,433,3268940,0.297463,0.36,1,52158,51725,433
6065501,35.1488,93.2713,423,3274780,0.057919,0,1,52303,51880,423
6068421,15.2595,37.3085,425,3276240,0.0231676,0,1,52305,51880,425
6071341,7.30381,14.9234,427,3277700,0.00926705,0,1,52307,51880,427
6072981,13.7215,5.96936,445,3279160,0.0637068,0.04,1,52325,51880,445
6075901,6.68861,16.7877,423,3280620,0.0974827,0.04,1,52327,51904,423
6078181,9.27544,6.7151,434,3282080,0.0449931,0.02,1,52338,51904,434
6081101,4.91018,10.486,423,3283540,0.0179972,0.02,1,52340,51917,423
6084021,3.16407,4.19442,425,3285000,0.0311989,0.02,1,52342,51917,425
6086501,16.8656,1.67777,451,3286460,0.0124796,0,1,52368,51917,451
6089421,7.94625,18.6711,423,3287920,0.00499182,0,1,52370,51947,423
6092341,4.3785,7.46844,425,3289380,0.00199673,0,1,52372,51947,425
6095261,2.9514,2.98738,427,3290840,0.000798692,0,1,52374,51947,427
6096901,1.78056,1.19495,428,3292300,0.000319477,0,1,52375,51947,428
6098981,4.31222,3.47798,429,3293760,0.000127791,0.1,1,52381,51952,429
6101901,2.92489,6.19119,423,3295220,5.11163e-05,0.1,1,52383,51960,423
6104821,2.36996,2.47648,425,3296680,2.04465e-05,0.1,1,52385,51960,425
6107741,2.14798,0.990591,427,3298140,8.1786e-06,0.1,1,52387,51960,427
6110001,1.45919,0.396236,428,3299600,0.0960033,0.16,1,52388,51960,428
6112921,3.58368,6.75849,422,3301060,0.0924013,0.16,1,52393,51971,422
6115841,2.63347,2.7034,424,3302520,0.0669605,0.16,1,52395,51971,424
6118761,2.25339,1.08136,426,3303980,0.0267842,0.16,1,52397,51971,426
6121681,2.10136,0.432544,428,3305440,0.0107137,0.16,1,52399,51971,428
6124601,2.04054,0.173017,430,3306900,0.00428547,0.16,1,52401,51971,430
6127061,1.41622,0.069207,431,3308360,0.00171419,0.04,1,52402,51971,431
6129981,1.76649,3.62768,427,3309820,0.0846857,0.04,1,52404,51977,427
6132881,1.90659,1.45107,429,3311280,0.0938743,0.07,1,52406,51977,429
6135801,6.76264,10.7804,422,3312740,0.0375497,0.07,1,52416,51994,422
6138081,3.30505,4.31217,423,3314200,0.0150199,0,1,52417,51994,423
6156601,4.83203,5.59473,422,3324420,0.0819648,0.04,1,52440,52018,422
6159521,3.13281,2.23789,424,3325880,0.0327859,0.04,1,52442,52018,424
6162441,2.45312,0.895156,426,3327340,0.0131144,0.04,1,52444,52018,426
6165121,2.18125,0.358062,428,3328800,0.00524575,0.14,1,52446,52018,428
6168041,5.0725,6.74323,424,3330260,0.0140983,0.14,1,52453,52029,424
6170741,8.029,2.69729,434,3331720,0.0176393,0.04,1,52463,52029,434
6172821,12.2116,8.87892,436,3333180,0.0550557,0.06,1,52478,52042,436
6175741,6.08464,8.35157,430,3334640,0.0460223,0.06,1,52480,52050,430
6194041,80.0266,90.3015,422,3344860,0.23232,0,1,52734,52312,422
6196961,33.2106,36.1206,424,3346320,0.092928,0,1,52736,52312,424
6199881,14.4843,14.4482,426,3347780,0.0371712,0,1,52738,52312,426
6201521,6.3937,5.77929,427,3349240,0.0148685,0.17,1,52739,52312,427
6204441,10.3575,13.1117,422,3350700,0.0239474,0.17,1,52752,52330,422
6206721,4.74299,5.24469,423,3352160,0.051579,0,1,52753,52330,423
6216501,19.3886,0.902264,454,3358000,0.0455764,0,1,52798,52344,454
6219421,8.95545,20.1609,423,3359460,0.0182306,0,1,52800,52377,423
6222341,4.78218,8.06436,425,3360920,0.00729223,0,1,52802,52377,425
6225261,3.11287,3.22574,427,3362380,0.00291689,0,1,52804,52377,427
6227521,1.84515,1.2903,428,3363840,0.00116676,0,1,52805,52377,428
6229601,1.33806,3.51612,424,3365300,0.000466702,0.09,1,52806,52382,424
6232521,5.93522,8.00645,422,3366760,0.0481867,0.09,1,52815,52393,422
6235441,3.57409,3.20258,424,3368220,0.0432747,0.09,1,52817,52393,424
6238361,2.62964,1.28103,426,3369680,0.0173099,0.09,1,52819,52393,426
6241041,2.25185,0.512413,428,3371140,0.00692395,0.04,1,52821,52393,428
6243961,7.50074,9.80497,423,3372600,0.00276958,0.04,1,52832,52409,423
6246881,4.2003,3.92199,425,3374060,0.0731078,0.04,1,52834,52409,425
6249801,2.88012,1.56879,427,3375520,0.0772431,0.04,1,52836,52409,427
6252721,2.35205,0.627518,429,3376980,0.0548973,0.04,1,52838,52409,429
6255641,2.14082,0.251007,431,3378440,0.0219589,0.04,1,52840,52409,431
6258561,2.05633,0.100403,433,3379900,0.00878356,0.04,1,52842,52409,433
6261481,2.02253,0.0401611,435,3381360,0.00351342,0.04,1,52844,52409,435
6263921,1.40901,0.0160644,436,3382820,0.00140537,0,1,52845,52409,436
6266841,1.7636,5.40643,429,3384280,0.000562148,0,1,52847,52418,429
6269121,1.30544,2.16257,430,3385740,0.000224859,0.16,1,52848,52418,430
6272041,1.72218,6.86503,422,3387200,8.99436e-05,0.16,1,52850,52428,422
6274321,1.28887,2.74601,423,3388660,0.012036,0.06,1,52851,52428,423
6277241,4.71555,5.8984,422,3390120,0.0528144,0.06,1,52858,52436,422
6295761,2.41149,1.51686,424,3400340,0.0811919,0.1,1,52873,52449,424
6299701,9.26584,6.2427,433,3403260,0.0633907,0,1,52892,52459,433
6301361,4.30634,9.69708,422,3404720,0.0253563,0,1,52893,52471,422
6304281,13.1225,13.4788,425,3406180,0.0221425,0,1,52912,52487,425
6306561,5.84901,5.39153,426,3407640,0.008857,0.65,1,52913,52487,426
6323621,70.0329,0.747076,565,3416400,0.0527096,0,1,53170,52605,565
6326541,29.2132,84.2988,427,3417860,0.0210838,0,1,53172,52745,427
6329461,12.8853,33.7195,429,3419320,0.00843353,0,1,53174,52745,429
6332381,6.35411,13.4878,431,3420780,0.00337341,0,1,53176,52745,431
6334021,6.74164,5.39512,438,3422240,0.0733494,0.26,1,53183,52745,438
6336941,3.89666,11.158,425,3423700,0.0773397,0.26,1,53185,52760,425
6347961,19.5638,21.5496,422,3429540,0.0615959,0,1,53225,52803,422
6350881,9.0255,8.61986,424,3431000,0.0246384,0,1,53227,52803,424
6353361,4.2102,3.44794,425,3432460,0.00985534,0.1,1,53228,52803,425
6356281,6.48408,7.97918,422,3433920,0.00394214,0.1,1,53236,52814,422
6359201,3.79363,3.19167,424,3435380,0.00157685,0.1,1,53238,52814,424
6362101,4.51745,1.27667,429,3436840,0.0606307,0,1,53243,52814,429
6365021,3.00698,5.31067,423,3438300,0.0602523,0,1,53245,52822,423
6367941,2.40279,2.12427,425,3439760,0.0361009,0,1,53247,52822,425
6370861,2.16112,0.849707,427,3441220,0.0144404,0,1,53249,52822,427
6373541,9.26445,0.339883,441,3442680,0.00577615,0,1,53263,52822,441
6376461,4.90578,12.136,423,3444140,0.00231046,0,1,53265,52842,423
6379381,3.16231,4.85438,425,3445600,0.0729242,0,1,53267,52842,425
6382301,2.46492,1.94175,427,3447060,0.0771697,0,1,53269,52842,427
6385221,2.18597,0.776701,429,3448520,0.0548679,0,1,53271,52842,429
6388101,2.07439,0.31068,431,3449980,0.0219471,0,1,53273,52842,431
6391021,2.02976,4.32427,426,3451440,0.00877886,0,1,53275,52849,426
6393941,2.0119,1.72971,428,3452900,0.00351154,0,1,53277,52849,428
6396861,2.00476,0.691884,430,3454360,0.00140462,0,1,53279,52849,430
6399781,2.0019,0.276753,432,3455820,0.000561847,0,1,53281,52849,432
6401621,1.40076,0.110701,433,3457280,0.0842247,0.25,1,53282,52849,433
6404541,1.7603,6.04428,425,3458740,0.0936899,0.25,1,53284,52859,425
6407441,1.90412,2.41771,427,3460200,0.091476,0.08,1,53286,52859,427
6410361,3.16165,6.36708,422,3461660,0.0485904,0.08,1,53290,52868,422
6413281,2.46466,2.54683,424,3463120,0.0194362,0.08,1,53292,52868,424
6433861,16.1945,3.96263,443,3474800,0.0427808,0,1,53342,52899,443
6436781,7.67779,14.7851,423,3476260,0.0171123,0,1,53344,52921,423
6444901,15.3234,33.8262,427,3480640,0.220695,0.21,1,53485,53058,427
6447821,7.32935,13.5305,429,3482100,0.226278,0.21,1,53487,53058,429
6450741,4.13174,5.4122,431,3483560,0.204511,0.21,1,53489,53058,431
6453621,68.2527,2.16488,542,3485020,0.0818045,0,1,53600,53058,542
6456541,28.5011,72.266,425,3486480,0.0327218,0,1,53602,53177,425
6459461,12.6004,28.9064,427,3487940,0.0130887,0,1,53604,53177,427
6462381,6.24017,11.5626,429,3489400,0.00523549,0,1,53606,53177,429
6464021,6.09607,4.62502,435,3490860,0.00209419,0.14,1,53612,53177,435
6466941,3.63843,9.65001,424,3492320,0.0728377,0.14,1,53614,53190,424
6469221,7.45537,3.86,434,3493780,0.0831351,0.04,1,53624,53190,434
6472141,4.18215,9.344,423,3495240,0.057254,0.04,1,53626,53203,423
6475061,2.87286,3.7376,425,3496700,0.0229016,0.04,1,53628,53203,425
6477541,16.1491,1.49504,450,3498160,0.0211606,0,1,53653,53203,450
6480461,7.65966,17.998,423,3499620,0.00846426,0,1,53655,53232,423
6483381,4.26386,7.19921,425,3501080,0.0033857,0,1,53657,53232,425
6485861,5.30555,2.87968,431,3502540,0.00135428,0.1,1,53663,53232,431
6488781,3.32222,7.15187,423,3504000,0.000541712,0.1,1,53665,53242,423
6491061,7.92889,2.86075,434,3505460,0.0842167,0.02,1,53676,53242,434
6493981,4.37155,8.9443,423,3506920,0.0936867,0.02,1,53678,53255,423
6496901,2.94862,3.57772,425,3508380,0.0734747,0.02,1,53680,53255,425
6499821,2.37945,1.43109,427,3509840,0.0713899,0.02,1,53682,53255,427
6502501,6.95178,0.572435,437,3511300,0.0285559,0.04,1,53692,53255,437
6505421,3.98071,9.82897,423,3512760,0.0594224,0.04,1,53694,53271,423
6508341,2.79228,3.93159,425,3514220,0.047769,0.04,1,53696,53271,425
6511261,2.31691,1.57264,427,3515680,0.0191076,0.04,1,53698,53271,427
6513941,3.92677,0.629054,432,3517140,0.00764303,0.14,1,53703,53271,432
6516861,2.77071,6.85162,423,3518600,0.00305721,0.14,1,53705,53282,423
6519781,2.30828,2.74065,425,3520060,0.00122288,0.14,1,53707,53282,425
6522701,2.12331,1.09626,427,3521520,0.000489154,0.14,1,53709,53282,427
6525621,2.04933,0.438504,429,3522980,0.0841957,0.14,1,53711,53282,429
6528541,2.01973,0.175401,431,3524440,0.0936783,0.14,1,53713,53282,431
6530161,1.40789,0.0701606,432,3525900,0.0854713,0.07,1,53714,53282,432
6533081,1.76316,3.02806,429,3527360,0.0581885,0.07,1,53716,53287,429
6536001,1.90526,1.21123,431,3528820,0.0232754,0.07,1,53718,53287,431
6538481,1.36211,0.48449,432,3530280,0.00931016,0.23,1,53719,53287,432
6541401,1.74484,3.7938,428,3531740,0.00372406,0.23,1,53721,53293,428
6549521,1.88767,2.1628,425,3536120,0.0957583,0.19,1,53726,53301,425
6552001,1.35507,0.865121,426,3537580,0.0743033,0.15,1,53727,53301,426
6562821,18.9371,8.80615,448,3543420,0.0591182,0,1,53773,53325,448
6565741,8.77484,15.5225,430,3544880,0.0236473,0,1,53775,53345,430
6567601,4.10993,6.20898,431,3546340,0.00945891,0.12,1,53776,53345,431
6584041,65.6288,68.1286,428,3555100,0.0468483,0,1,54032,53604,428
6586961,27.4515,27.2514,430,3556560,0.0187393,0,1,54034,53604,430
6588821,11.5806,10.9006,431,3558020,0.00749573,0,1,54035,53604,431
6591741,5.83224,7.36023,428,3559480,0.00299829,0,1,54037,53609,428
6594021,5.9329,2.94409,434,3560940,0.0851993,0.13,1,54043,53609,434
6596941,3.57316,8.97764,423,3562400,0.0940797,0.13,1,54045,53622,423
6599221,9.82926,3.59105,437,3563860,0.0376319,0.04,1,54059,53622,437
6602141,5.13171,11.0364,423,3565320,0.0150528,0.04,1,54061,53638,423
6605061,3.25268,4.41457,425,3566780,0.0300211,0.04,1,54063,53638,425
6607541,15.1011,1.76583,448,3568240,0.0480084,0,1,54086,53638,448
6610461,7.24043,16.9063,423,3569700,0.0312034,0,1,54088,53665,423
6613381,4.09617,6.76253,425,3571160,0.0124813,0,1,54090,53665,425
6616301,2.83847,2.70501,427,3572620,0.00499254,0,1,54092,53665,427
6617941,1.73539,1.08201,428,3574080,0.00199702,0,1,54093,53665,428
6619601,1.29415,4.0328,423,3575540,0.000798806,0.07,1,54094,53671,423
6622521,6.51766,8.21312,422,3577000,0.000319522,0.07,1,54104,53682,422
6625441,3.80706,3.28525,424,3578460,0.000127809,0.07,1,54106,53682,424
6627921,2.12283,1.3141,425,3579920,0.0960511,0,1,54107,53682,425
6630001,3.24913,5.32564,421,3581380,0.0864204,0.02,1,54111,53690,421
6632921,7.89965,8.13026,422,3582840,0.0345682,0.02,1,54122,53700,422
6635841,4.35986,3.2521,424,3584300,0.0138273,0.02,1,54124,53700,424
6638761,2.94394,1.30084,426,3585760,0.0775309,0.02,1,54126,53700,426
6641441,2.37758,0.520336,428,3587220,0.0790124,0.14,1,54128,53700,428
6644361,4.55103,6.80813,423,3588680,0.0316049,0.14,1,54134,53711,423
6647281,3.02041,2.72325,425,3590140,0.012642,0.14,1,54136,53711,425
6650201,2.40816,1.0893,427,3591600,0.00505679,0.14,1,54138,53711,427
6652881,2.16327,0.435721,429,3593060,0.00202272,0.17,1,54140,53711,429
6655801,3.26531,6.77429,422,3594520,0.000809086,0.17,1,54144,53722,422
6658721,2.50612,2.70972,424,3595980,0.0723236,0.17,1,54146,53722,424
6661641,2.20245,1.08389,426,3597440,0.0769295,0.17,1,54148,53722,426
6664561,2.08098,0.433554,428,3598900,0.0547718,0.17,1,54150,53722,428
6667481,2.03239,0.173422,430,3600360,0.0399087,0.17,1,54152,53722,430
6670401,2.01296,0.0693687,432,3601820,0.0159635,0.17,1,54154,53722,432
6673061,2.00518,0.0277475,434,3603280,0.00638539,0.24,1,54156,53722,434
6675981,2.00207,6.6111,425,3604740,0.0985542,0.24,1,54158,53733,425
6681821,2.00033,1.05778,429,3607660,0.0925687,0.24,1,54162,53733,429
6684501,2.00013,0.42311,431,3609120,0.0610275,0.08,1,54164,53733,431
6694281,18.632,20.838,422,3614960,0.0665543,0.14,1,54205,53783,422
6697201,8.6528,8.33521,424,3616420,0.0266217,0.14,1,54207,53783,424
6711781,4.40284,5.88375,435,3623720,0.0659558,0.1,1,54369,53934,435
6713621,57.5611,2.3535,528,3625180,0.0263823,0,1,54462,53934,528
6716541,24.2245,65.1414,423,3626640,0.0105529,0,1,54464,54041,423
6719461,10.8898,26.0566,425,3628100,0.00422117,0,1,54466,54041,425
6722381,5.55591,10.4226,427,3629560,0.00168847,0,1,54468,54041,427
6724021,4.62236,4.16905,431,3631020,0.000675387,0.14,1,54472,54041,431
6726941,3.04895,7.66762,423,3632480,0.0842702,0.14,1,54474,54051,423
6737541,8.11805,2.30829,436,3638320,0.0408453,0.02,1,54509,54073,436
6739621,8.04722,9.92332,429,3639780,0.0163381,0,1,54517,54088,429
6742541,4.41889,8.76933,423,3641240,0.0545353,0,1,54519,54096,423
6745461,2.96756,3.50773,425,3642700,0.0458141,0,1,54521,54096,425
6748381,2.38702,1.40309,427,3644160,0.0183256,0,1,54523,54096,427
6750641,1.55481,0.561237,428,3645620,0.00733026,0.02,1,54524,54096,428
6753561,7.82192,11.0245,422,3647080,0.0029321,0.02,1,54536,54114,422
6756481,4.32877,4.4098,424,3648540,0.0971728,0.02,1,54538,54114,424
6763961,9.70904,12.2822,422,3652920,0.0417391,0,1,54556,54134,422
6766881,5.08362,4.91289,424,3654380,0.0166956,0,1,54558,54134,424
6769801,3.23345,1.96516,426,3655840,0.0906783,0,1,54560,54134,426
6772481,2.49338,0.786062,428,3657300,0.0962713,0.12,1,54562,54134,428
6775401,4.59735,7.51443,422,3658760,0.0385085,0.12,1,54568,54146,422
6778321,3.03894,3.00577,424,3660220,0.0154034,0.12,1,54570,54146,424
6781241,2.41558,1.20231,426,3661680,0.00616136,0.12,1,54572,54146,426
6784161,2.16623,0.480923,428,3663140,0.00246454,0.12,1,54574,54146,428
6786001,1.46649,0.192369,429,3664600,0.0849858,0,1,54575,54146,429
6788921,1.7866,5.47695,422,3666060,0.0939943,0,1,54577,54155,422
6791841,1.91464,2.19078,424,3667520,0.0735977,0,1,54579,54155,424
6794761,1.96586,0.876312,426,3668980,0.0414391,0,1,54581,54155,426
6797681,1.98634,0.350525,428,3670440,0.0285756,0,1,54583,54155,428
6800561,1.99454,0.14021,430,3671900,0.0114303,0.1,1,54585,54155,430
6803481,1.99781,3.65608,426,3673360,0.0765721,0.1,1,54587,54161,426
6806401,1.99913,1.46243,428,3674820,0.0786288,0.1,1,54589,54161,428
6809321,1.99965,0.584973,430,3676280,0.0554515,0.1,1,54591,54161,430
6811381,1.39986,0.233989,431,3677740,0.0341806,0.21,1,54592,54161,431
6814301,1.75994,2.4936,429,3679200,0.0136722,0.21,1,54594,54165,429
6816581,1.30398,0.997438,430,3680660,0.0054689,0.12,1,54595,54165,430
6818241,1.12159,2.79898,427,3682120,0.00218756,0.16,1,54596,54169,427
6821161,9.44864,13.1196,422,3683580,0.084875,0.16,1,54611,54189,422
6823861,16.9795,5.24784,444,3685040,0.03395,0,1,54633,54189,444
6826781,7.99178,14.0991,426,3686500,0.01358,0,1,54635,54209,426
6843621,59.9892,2.57679,526,3695260,0.0756345,0.08,1,54899,54373,526
6846541,25.7957,63.4307,425,3696720,0.0302538,0.08,1,54902,54477,425
6849461,11.5183,25.3723,427,3698180,0.0841015,0.08,1,54904,54477,427
6852381,5.8073,10.1489,429,3699640,0.0816406,0.08,1,54906,54477,429
6855301,3.52292,4.05957,431,3701100,0.0566562,0.08,1,54908,54477,431
6857761,2.00917,1.62383,432,3702560,0.0346625,0,1,54909,54477,432
6860681,12.8037,18.6495,422,3704020,0.085865,0,1,54929,54507,422
6866081,3.12859,2.98392,425,3706940,0.0941384,0,1,54932,54507,425
6868161,4.25143,6.59357,421,3708400,0.0376554,0.02,1,54937,54516,421
6871081,8.30057,8.63743,422,3709860,0.0150621,0.02,1,54948,54526,422
6874001,4.52023,3.45497,424,3711320,0.00602486,0.02,1,54950,54526,424
6876921,3.00809,1.38199,426,3712780,0.00240994,0.02,1,54952,54526,426
6879841,2.40324,0.552795,428,3714240,0.072964,0.02,1,54954,54526,428
6881681,1.56129,0.221118,429,3715700,0.0891856,0,1,54955,54526,429
6884601,10.2245,13.8884,422,3717160,0.0476742,0,1,54971,54549,422
6887521,5.28981,5.55538,424,3718620,0.0190697,0,1,54973,54549,424
6890441,3.31592,2.22215,426,3720080,0.00762788,0,1,54975,54549,426
6892081,1.92637,0.88886,427,3721540,0.00305115,0.06,1,54976,54549,427
6895001,6.77055,9.35554,422,3723000,0.00122046,0.06,1,54986,54564,422
6897921,3.90822,3.74222,424,3724460,0.000488184,0.06,1,54988,54564,424
6900841,2.76329,1.49689,426,3725920,0.000195274,0.06,1,54990,54564,426
6903521,2.30531,0.598755,428,3727380,7.81094e-05,0.14,1,54992,54564,428
6906441,3.92213,6.8395,422,3728840,0.0360312,0.14,1,54997,54575,422
6909361,2.76885,2.7358,424,3730300,0.0264125,0.14,1,54999,54575,424
6912281,2.30754,1.09432,426,3731760,0.010565,0.14,1,55001,54575,426
6914961,2.12302,0.437728,428,3733220,0.004226,0.12,1,55003,54575,428
6917881,4.44921,7.37509,422,3734680,0.0736904,0.12,1,55009,54587,422
6920801,2.97968,2.95004,424,3736140,0.0774762,0.12,1,55011,54587,424
6923721,2.39187,1.18001,426,3737600,0.0549905,0.12,1,55013,54587,426
6931601,1.42508,0.0755209,431,3741980,0.0997594,0,1,55018,54587,431
6934521,1.77003,4.83021,425,3743440,0.0639038,0,1,55020,54595,425
6937441,1.90801,1.93208,427,3744900,0.0615615,0,1,55022,54595,427
6940361,1.96321,0.772833,429,3746360,0.0366246,0,1,55024,54595,429
6943281,1.98528,0.309133,431,3747820,0.0146498,0,1,55026,54595,431
6945121,1.39411,0.123653,432,3749280,0.00585994,0.27,1,55027,54595,432
6950741,5.38306,2.41978,433,3752200,0.0681376,0.24,1,55038,54605,433
6952821,18.9532,7.56791,450,3753660,0.063255,0,1,55066,54616,450
6955741,8.78129,20.4272,423,3755120,0.037302,0,1,55068,54645,423
6957601,4.11252,8.17087,424,3756580,0.0149208,0.15,1,55069,54645,424
6971121,3.86387,2.58735,429,3763880,0.0760888,0,1,55237,54808,429
6976961,25.0982,25.374,424,3766800,0.0889742,0,1,55336,54912,424
6979881,11.2393,10.1496,426,3768260,0.0595897,0,1,55338,54912,426
6982801,5.69571,4.05984,428,3769720,0.0238359,0,1,55340,54912,428
6985721,3.47829,1.62393,430,3771180,0.00953435,0,1,55342,54912,430
6988641,2.59131,0.649574,432,3772640,0.00381374,0,1,55344,54912,432
6990261,12.4365,0.259829,451,3774100,0.0135255,0,1,55363,54912,451
6993181,6.17461,18.1039,423,3775560,0.0414102,0,1,55365,54942,423
6996101,3.66984,7.24157,425,3777020,0.0285641,0,1,55367,54942,425
6999021,2.66794,2.89663,427,3778480,0.0114256,0,1,55369,54942,427
7000661,4.06717,1.15865,432,3779940,0.00457025,0.14,1,55374,54942,432
7003581,2.82687,7.06346,423,3781400,0.0018281,0.14,1,55376,54953,423
7006501,2.33075,2.82538,425,3782860,0.00073124,0.14,1,55378,54953,425
7008981,1.5323,1.13015,426,3784320,0.000292496,0.06,1,55379,54953,426
7011901,1.81292,2.85206,424,3785780,0.000116998,0.06,1,55381,54957,424
7014181,13.9252,1.14082,446,3787240,4.67994e-05,0,1,55403,54957,446
7017101,6.77007,15.4563,423,3788700,1.87197e-05,0,1,55405,54982,423
7020021,3.90803,6.18253,425,3790160,7.4879e-06,0,1,55407,54982,425
7022941,2.76321,2.47301,427,3791620,2.99516e-06,0,1,55409,54982,427
7024581,6.50528,0.989205,436,3793080,1.19806e-06,0.06,1,55418,54982,436
7027501,3.80211,9.39568,423,3794540,4.79225e-07,0.06,1,55420,54997,423
7030421,2.72085,3.75827,425,3796000,1.9169e-07,0.06,1,55422,54997,425
7033341,2.28834,1.50331,427,3797460,0.0720001,0.06,1,55424,54997,427
7036021,2.71534,0.601324,430,3798920,0.0648,0,1,55427,54997,430
7038941,2.28613,3.84053,426,3800380,0.03792,0,1,55429,55003,426
7041861,2.11445,1.53621,428,3801840,0.015168,0,1,55431,55003,428
7044341,1.44578,0.614485,429,3803300,0.0060672,0.08,1,55432,55003,429
7047261,1.77831,5.04579,423,3804760,0.0624269,0.08,1,55434,55011,423
7049541,4.91133,2.01832,430,3806220,0.0249708,0.04,1,55441,55011,430
7052461,3.16453,6.20733,423,3807680,0.0099883,0.04,1,55443,55020,423
7064101,4.42981,0.158908,435,3813520,0.0906877,0.12,1,55455,55020,435
7067021,2.97192,8.46356,423,3814980,0.0482751,0.12,1,55457,55034,423
7069941,2.38877,3.38543,425,3816440,0.01931,0.12,1,55459,55034,425
7072861,2.15551,1.35417,427,3817900,0.00772401,0.12,1,55461,55034,427
7075781,2.0622,0.541668,429,3819360,0.0030896,0.12,1,55463,55034,429
7078241,1.42488,0.216667,430,3820820,0.00123584,0.16,1,55464,55034,430
7081161,6.56995,7.88667,427,3822280,0.0544943,0.16,1,55474,55047,427
7082821,16.428,3.15467,450,3823740,0.0817977,0,1,55497,55047,450
7085741,7.77119,18.6619,423,3825200,0.0687191,0,1,55499,55076,423
7088641,4.30848,7.46475,425,3826660,0.0394876,0.1,1,55501,55076,425
7099881,11.5631,14.0967,426,3832500,0.207651,0.19,1,55674,55248,426
7102161,5.22524,5.63868,427,3833960,0.22706,0,1,55675,55248,427
7110921,10.5584,9.38487,426,3838340,0.0879719,0,1,55768,55342,426
7113601,5.42337,3.75395,428,3839800,0.0471887,0.12,1,55770,55342,428
7116521,5.76935,8.70158,422,3841260,0.0188755,0.12,1,55776,55354,422
7118801,2.90774,3.48063,423,3842720,0.0075502,0,1,55777,55354,423
7121721,10.7631,11.5923,422,3844180,0.00302008,0,1,55793,55371,422
7124641,5.50524,4.6369,424,3845640,0.025208,0,1,55795,55371,424
7127561,3.4021,1.85476,426,3847100,0.0100832,0,1,55797,55371,426
7129201,1.96084,0.741904,427,3848560,0.00403328,0,1,55798,55371,427
7132121,2.58434,5.09676,422,3850020,0.00161331,0,1,55801,55379,422
7135041,2.23373,2.0387,424,3851480,0.000645325,0,1,55803,55379,424
7137521,1.49349,0.815482,425,3852940,0.00025813,0.1,1,55804,55379,425
7140441,4.7974,6.32619,422,3854400,0.000103252,0.1,1,55811,55389,422
7142721,2.51896,2.53048,423,3855860,0.0600413,0,1,55812,55389,423
7145641,14.2076,14.8122,422,3857320,0.0240165,0,1,55834,55412,422
7148561,6.88303,5.92488,424,3858780,0.00960661,0,1,55836,55412,424
7151481,3.95321,2.36995,426,3860240,0.00384264,0,1,55838,55412,426
7153121,2.18129,0.94798,427,3861700,0.00153706,0.14,1,55839,55412,427
7156041,4.47251,6.97919,422,3863160,0.000614823,0.14,1,55845,55423,422
7158961,2.98901,2.79168,424,3864620,0.000245929,0.14,1,55847,55423,424
7161441,1.7956,1.11667,425,3866080,9.83716e-05,0.1,1,55848,55423,425
7164361,5.51824,7.04667,422,3867540,0.0840394,0.1,1,55856,55434,422
7167281,3.4073,2.81867,424,3869000,0.0936157,0.1,1,55858,55434,424
7170201,2.56292,1.12747,426,3870460,0.0734463,0.1,1,55860,55434,426
7173121,2.22517,0.450987,428,3871920,0.0413785,0.1,1,55862,55434,428
7174961,1.49007,0.180395,429,3873380,0.0165514,0,1,55863,55434,429
7177881,2.39603,5.47216,423,3874840,0.00662056,0,1,55866,55443,423
7180161,1.55841,2.18886,424,3876300,0.00264822,0.02,1,55867,55443,424
7191841,2.3727,0.593635,428,3882140,0.0845478,0.02,1,55885,55457,428
7194721,2.14908,0.237454,430,3883600,0.0638191,0,1,55887,55457,430
7197641,2.65963,4.29498,426,3885060,0.0255276,0,1,55890,55464,426
7200561,2.26385,1.71799,428,3886520,0.0102111,0,1,55892,55464,428
7203481,2.10554,0.687197,430,3887980,0.00408442,0,1,55894,55464,430
7206161,2.04222,0.274879,432,3889440,0.00163377,0.17,1,55896,55464,432
7209081,3.81689,3.70995,431,3890900,0.0846535,0.17,1,55901,55470,431
7229461,9.77982,16.3098,437,3902580,0.207348,0.18,1,56109,55672,437
7232381,5.11193,16.1239,423,3904040,0.208939,0.18,1,56111,55688,423
7234661,50.0448,6.44957,503,3905500,0.0955756,0.02,1,56191,55688,503
7237581,21.2179,51.7798,423,3906960,0.0382302,0.02,1,56193,55770,423
7240501,9.68716,20.7119,425,3908420,0.0152921,0.02,1,56195,55770,425
7242981,4.47486,8.28477,426,3909880,0.00611684,0.06,1,56196,55770,426
7244641,2.38995,4.51391,425,3911340,0.00244674,0.11,1,56197,55772,425
7247561,5.75598,8.40556,422,3912800,0.0249787,0.11,1,56205,55783,422
7249841,2.90239,3.36223,423,3914260,0.0219915,0.04,1,56206,55783,423
7251921,7.16096,8.54489,421,3915720,0.0567966,0,1,56216,55795,421
7254841,7.06438,7.01796,422,3917180,0.0227186,0,1,56223,55801,422
7257761,4.02575,2.80718,424,3918640,0.0210875,0,1,56225,55801,424
7260241,2.2103,1.12287,425,3920100,0.00843498,0,1,56226,55801,425
7263161,3.88412,5.24915,422,3921560,0.00337399,0,1,56231,55809,422
7266081,2.75365,2.09966,424,3923020,0.0013496,0,1,56233,55809,424
7268561,1.70146,0.839864,425,3924480,0.000539839,0.06,1,56234,55809,425
7271481,1.88058,3.33595,422,3925940,0.000215935,0.06,1,56236,55814,422
7273761,1.35223,1.33438,423,3927400,8.63742e-05,0,1,56237,55814,423
7276681,18.5409,19.1338,422,3928860,3.45497e-05,0,1,56267,55845,422
7279601,8.61636,7.6535,424,3930320,1.38199e-05,0,1,56269,55845,424
7282521,4.64654,3.0614,426,3931780,5.52795e-06,0,1,56271,55845,426
7284161,2.45862,1.22456,427,3933240,2.21118e-06,0.06,1,56272,55845,427
7287081,6.98345,9.48982,422,3934700,8.84471e-07,0.06,1,56282,55860,422
7290001,3.99338,3.79593,424,3936160,3.53789e-07,0.06,1,56284,55860,424
7292921,2.79735,1.51837,426,3937620,0.0720001,0.06,1,56286,55860,426
7295841,2.31894,0.607349,428,3939080,0.0768001,0.06,1,56288,55860,428
7297681,1.52758,0.242939,429,3940540,0.06672,0,1,56289,55860,429
7300601,1.81103,1.89718,428,3942000,0.038688,0,1,56291,55863,428
7303521,1.92441,0.75887,430,3943460,0.0154752,0,1,56293,55863,430
7305381,1.36976,0.303548,431,3944920,0.00619008,0,1,56294,55863,431
7308301,1.74791,3.12142,428,3946380,0.038476,0,1,56296,55868,428
7311201,1.89916,1.24857,430,3947840,0.0273904,0.03,1,56298,55868,430
7331601,2.02441,2.4512,424,3958060,0.0887347,0.18,1,56322,55898,424
7334521,2.00976,0.980479,426,3959520,0.0474939,0.18,1,56324,55898,426
7337201,2.00391,0.392192,428,3960980,0.0189975,0.04,1,56326,55898,428
7342821,17.7206,1.98275,452,3963900,0.0654396,0.06,1,56358,55906,452
7345741,8.28825,19.3931,423,3965360,0.0261758,0.06,1,56360,55937,423
7348661,4.5153,7.75724,425,3966820,0.0104703,0.06,1,56362,55937,425
7351141,106.806,3.1029,600,3968280,0.00418813,0.13,1,56537,55937,600
7354061,43.9224,108.041,424,3969740,0.00167525,0.13,1,56539,56115,424
7356981,18.769,43.2165,426,3971200,0.0846701,0.13,1,56541,56115,426
7362821,4.68304,6.91463,430,3974120,0.0987472,0.13,1,56545,56115,430
7364661,48.0732,2.76585,507,3975580,0.0394989,0.12,1,56622,56115,507
7367581,20.4293,52.7063,423,3977040,0.0517996,0.12,1,56624,56201,423
7370501,9.37171,21.0825,425,3978500,0.0327198,0.12,1,56626,56201,425
7373421,4.94869,8.43301,427,3979960,0.0130879,0.12,1,56628,56201,427
7375681,2.57947,3.37321,428,3981420,0.00523517,0,1,56629,56201,428
7378601,2.23179,4.94928,424,3982880,0.00209407,0,1,56631,56207,424
7380881,1.49272,1.97971,425,3984340,0.000837627,0.04,1,56632,56207,425
7382961,6.59709,9.19189,421,3985800,0.000335051,0,1,56642,56221,421
7385881,7.43883,7.87675,422,3987260,0.036134,0,1,56650,56228,422
7388801,4.17553,3.1507,424,3988720,0.0264536,0,1,56652,56228,424
7391281,2.27021,1.26028,425,3990180,0.0105814,0.1,1,56653,56228,425
7394201,5.70809,7.10411,422,3991640,0.00423258,0.1,1,56661,56239,422
7397121,3.48323,2.84164,424,3993100,0.00169303,0.1,1,56663,56239,424
7400041,2.59329,1.13666,426,3994560,0.000677212,0.1,1,56665,56239,426
7402961,2.23732,0.454663,428,3996020,0.000270885,0.1,1,56667,56239,428
7404801,1.49493,0.181865,429,3997480,0.000108354,0,1,56668,56239,429
7407721,17.398,21.0727,422,3998940,4.33416e-05,0,1,56696,56274,422
7410641,8.15919,8.4291,424,4000400,1.73366e-05,0,1,56698,56274,424
7413561,4.46368,3.37164,426,4001860,6.93465e-06,0,1,56700,56274,426
7415201,2.38547,1.34866,427,4003320,2.77386e-06,0.14,1,56701,56274,427
7418121,4.55419,7.13946,422,4004780,1.10954e-06,0.14,1,56707,56285,422
7420401,2.42168,2.85578,423,4006240,4.43818e-07,0.02,1,56708,56285,423
7423321,8.16867,8.94231,422,4007700,0.0480002,0.02,1,56720,56298,422
7426241,4.46747,3.57693,424,4009160,0.0432001,0.02,1,56722,56298,424
7429161,2.98699,1.43077,426,4010620,0.01728,0.02,1,56724,56298,426
7432081,2.39479,0.572308,428,4012080,0.00691201,0.02,1,56726,56298,428
7435001,2.15792,0.228923,430,4013540,0.0027648,0.02,1,56728,56298,430
7437921,2.06317,0.0915693,432,4015000,0.00110592,0.02,1,56730,56298,432
7440581,2.62527,0.0366277,435,4016460,0.0484424,0,1,56733,56298,435
7442241,1.65011,4.81465,428,4017920,0.055377,0.12,1,56734,56306,428
7445161,4.86004,9.72586,422,4019380,0.0221508,0.12,1,56741,56319,422
7448081,3.14402,3.89034,424,4020840,0.00886031,0.12,1,56743,56319,424
7451001,2.45761,1.55614,426,4022300,0.0995441,0.12,1,56745,56319,426
7470321,1.45835,0.943349,425,4032520,0.0895652,0.04,1,56758,56333,425
7476161,9.35334,8.79094,424,4035440,0.0935304,0.04,1,56793,56369,424
7479081,4.94133,3.51637,426,4036900,0.0614122,0.04,1,56795,56369,426
7481141,108.177,1.40655,603,4038360,0.0845649,0.3,1,56972,56369,603
7484061,44.4706,107.363,427,4039820,0.0998259,0.3,1,56974,56547,427
7486981,18.9882,42.945,429,4041280,0.0819304,0.3,1,56976,56547,429
7489901,8.7953,17.178,431,4042740,0.0447721,0.3,1,56978,56547,431
7492821,4.71812,6.87121,433,4044200,0.0179089,0.3,1,56980,56547,433
7494661,45.6873,2.74848,506,4045660,0.0431635,0,1,57053,56547,506
7497581,19.4749,52.0994,423,4047120,0.0292654,0,1,57055,56632,423
7500501,8.98996,20.8398,425,4048580,0.0117062,0,1,57057,56632,425
7503421,4.79598,8.3359,427,4050040,0.00468247,0,1,57059,56632,427
7506341,3.11839,3.33436,429,4051500,0.049873,0,1,57061,56632,429
7508801,1.84736,1.33374,430,4052960,0.0559492,0.16,1,57062,56632,430
7511721,4.33894,8.3335,423,4054420,0.0223797,0.16,1,57068,56645,423
7514001,2.33558,3.3334,424,4055880,0.00895187,0,1,57069,56645,424
7516921,11.7342,13.3334,422,4057340,0.0155807,0,1,57087,56665,422
7519841,5.89369,5.33334,424,4058800,0.0062323,0,1,57089,56665,424
7522761,3.55748,2.13334,426,4060260,0.00249292,0,1,57091,56665,426
7525681,2.62299,0.853335,428,4061720,0.000997168,0,1,57093,56665,428
7527521,1.6492,0.341334,429,4063180,0.000398867,0.14,1,57094,56665,429
7530441,4.25968,7.93653,422,4064640,0.000159547,0.14,1,57100,56678,422
7533361,2.90387,3.17461,424,4066100,6.38187e-05,0.14,1,57102,56678,424
7535841,1.76155,1.26985,425,4067560,2.55275e-05,0,1,57103,56678,425
7538761,15.7046,17.3079,422,4069020,1.0211e-05,0,1,57128,56706,422
7541681,7.48185,6.92318,424,4070480,4.0844e-06,0,1,57130,56706,424
7544601,4.19274,2.76927,426,4071940,1.63376e-06,0,1,57132,56706,426
7546241,2.2771,1.10771,427,4073400,6.53504e-07,0.04,1,57133,56706,427
7549161,7.51084,10.0431,422,4074860,2.61401e-07,0.04,1,57144,56722,422
7552081,4.20434,4.01723,424,4076320,1.04561e-07,0.04,1,57146,56722,424
7554981,6.48173,1.60689,432,4077780,0.024,0.08,1,57154,56722,432
7557901,3.79269,7.24276,423,4079240,0.00960002,0.08,1,57156,56733,423
7560821,2.71708,2.8971,425,4080700,0.03984,0.08,1,57158,56733,425
7563741,2.28683,1.15884,427,4082160,0.027936,0.08,1,57160,56733,427
7566661,2.11473,0.463536,429,4083620,0.0111744,0.08,1,57162,56733,429
7569541,2.04589,0.185415,431,4085080,0.00446976,0,1,57164,56733,431
7572461,2.01836,3.07417,428,4086540,0.0017879,0,1,57166,56738,428
7574741,2.00734,1.22967,430,4088000,0.0487152,0.17,1,57168,56738,430
7577661,2.00294,4.09187,426,4089460,0.0734861,0.17,1,57170,56744,426
7579941,1.40117,1.63675,427,4090920,0.0713944,0.13,1,57171,56744,427
7582861,1.76047,4.2547,423,4092380,0.0405578,0.13,1,57173,56750,423
7585781,1.90419,1.70188,425,4093840,0.0402231,0.13,1,57175,56750,425
7587841,1.36168,0.680752,426,4095300,0.0280892,0.08,1,57176,56750,426
7590761,5.94467,8.0723,422,4096760,0.0952357,0.08,1,57185,56763,422
7593681,3.57787,3.22892,424,4098220,0.0980943,0.08,1,57187,56763,424
7596601,2.63115,1.29157,426,4099680,0.0932377,0.08,1,57189,56763,426
7607201,9.36016,9.63306,424,4105520,0.0810109,0,1,57227,56803,424
7609681,4.34406,3.85323,425,4106980,0.0564044,0.02,1,57228,56803,425
7612601,106.138,106.541,424,4108440,0.0225617,0.02,1,57402,56978,424
7615521,43.655,42.6165,426,4109900,0.0090247,0.02,1,57404,56978,426
7618001,18.062,17.0466,427,4111360,0.00360988,0.16,1,57405,56978,427
7623201,5.16992,5.36746,424,4114280,0.248978,0.04,1,57413,56989,424
7626121,45.268,46.547,422,4115740,0.099591,0.04,1,57485,57063,422
7629041,19.3072,18.6188,424,4117200,0.0398364,0.04,1,57487,57063,424
7631961,8.92287,7.44752,426,4118660,0.0639346,0.04,1,57489,57063,426
7634881,4.76915,2.97901,428,4120120,0.0495738,0.04,1,57491,57063,428
7637801,3.10766,1.1916,430,4121580,0.0198295,0.04,1,57493,57063,430
7639841,1.84306,0.476641,431,4123040,0.00793181,0.22,1,57494,57063,431
7642761,1.93723,6.79066,422,4124500,0.00317272,0.22,1,57496,57074,422
7645041,1.37489,2.71626,423,4125960,0.00126909,0,1,57497,57074,423
7647961,12.55,13.6865,422,4127420,0.0965076,0,1,57517,57095,422
7656721,2.6752,0.875936,428,4131800,0.0889765,0,1,57523,57095,428
7658561,1.67008,0.350374,429,4133260,0.0655906,0.17,1,57524,57095,429
7661481,3.06803,6.74015,422,4134720,0.0262362,0.17,1,57528,57106,422
7664401,2.42721,2.69606,424,4136180,0.0104945,0.17,1,57530,57106,424
7666881,1.57089,1.07842,425,4137640,0.0041978,0,1,57531,57106,425
7669801,18.0284,19.6314,422,4139100,0.00167912,0,1,57560,57138,422
7672721,8.41134,7.85255,424,4140560,0.000671647,0,1,57562,57138,424
7675641,4.56454,3.14102,426,4142020,0.000268659,0,1,57564,57138,426
7677281,2.42581,1.25641,427,4143480,0.000107464,0,1,57565,57138,427
7680201,3.37033,5.90256,422,4144940,4.29854e-05,0,1,57569,57147,422
7682481,1.94813,2.36103,423,4146400,1.71942e-05,0.06,1,57570,57147,423
7685401,6.17925,6.94441,422,4147860,0.0840069,0.06,1,57579,57157,422
7688321,3.6717,2.77776,424,4149320,0.0936028,0.06,1,57581,57157,424
7690181,2.06868,1.11111,425,4150780,0.0854411,0.04,1,57582,57157,425
7691841,1.42747,1.64444,424,4152240,0.0701764,0,1,57583,57159,424
7694761,1.77099,3.05778,422,4153700,0.0820706,0,1,57585,57163,422
7697041,1.3084,1.22311,423,4155160,0.0688282,0.04,1,57586,57163,423
7699961,5.32336,5.88924,422,4156620,0.0275313,0.04,1,57594,57172,422
7702881,3.32934,2.3557,424,4158080,0.0110125,0.04,1,57596,57172,424
7713481,2.39403,4.86031,424,4163920,0.0659459,0,1,57604,57180,424
7716401,2.15761,1.94412,426,4165380,0.0263784,0,1,57606,57180,426
7718881,1.46304,0.777649,427,4166840,0.0225513,0.12,1,57607,57180,427
7720961,1.18522,3.91106,422,4168300,0.00902054,0.18,1,57608,57186,422
7723881,2.87409,3.96442,422,4169760,0.00360821,0.18,1,57612,57190,422
7726801,2.34963,1.58577,424,4171220,0.00144329,0.18,1,57614,57190,424
7728661,3.33985,0.634308,428,4172680,0.000577314,0.05,1,57618,57190,428
7733861,19.0144,1.78149,453,4175600,0.0936924,0.02,1,57650,57197,453
7736781,8.80575,19.9126,423,4177060,0.0494769,0.02,1,57652,57229,423
7739701,4.7223,7.96504,425,4178520,0.0197908,0.02,1,57654,57229,425
7742181,113.489,3.18602,611,4179980,0.00791631,0.18,1,57840,57229,611
7760081,16.7881,18.0252,424,4190200,0.0899419,0.04,1,57915,57491,424
7762561,7.31524,7.21007,425,4191660,0.0599768,0.04,1,57916,57491,425
7765481,9.5261,11.284,422,4193120,0.0239907,0.04,1,57927,57505,422
7768401,5.01044,4.51361,424,4194580,0.00959628,0.04,1,57929,57505,424
7771321,3.20418,1.80544,426,4196040,0.00383851,0.04,1,57931,57505,426
7774241,2.48167,0.722178,428,4197500,0.0015354,0.04,1,57933,57505,428
7776081,1.59267,0.288871,429,4198960,0.000614162,0,1,57934,57505,429
7779001,13.2371,16.9155,422,4200420,0.0122457,0,1,57955,57533,422
7781921,6.49483,6.76622,424,4201880,0.0168983,0,1,57957,57533,424
7784841,3.79793,2.70649,426,4203340,0.00675931,0,1,57959,57533,426
7787761,2.71917,1.08259,428,4204800,0.00270372,0,1,57961,57533,428
7790681,2.28767,0.433038,430,4206260,0.00108149,0,1,57963,57533,430
7793601,2.11507,0.173215,432,4207720,0.000432595,0,1,57965,57533,432
7796521,2.04603,0.0692861,434,4209180,0.000173038,0,1,57967,57533,434
7799381,14.0184,0.0277144,456,4210640,0.0360692,0,1,57989,57533,456
7802301,6.80736,21.0111,423,4212100,0.0264277,0,1,57991,57568,423
7805221,3.92295,8.40443,425,4213560,0.0105711,0,1,57993,57568,425
7808141,2.76918,3.36177,427,4215020,0.00422843,0,1,57995,57568,427
7809781,1.70767,1.34471,428,4216480,0.00169137,0,1,57996,57568,428
7812701,1.88307,4.13788,424,4217940,0.000676549,0,1,57998,57574,424
7814981,2.55323,1.65515,427,4219400,0.000270619,0.12,1,58001,57574,427
7817061,5.22129,4.26206,428,4220860,0.000108248,0.04,1,58008,57580,428
7819981,3.28852,5.90482,423,4222320,4.32991e-05,0.04,1,58010,57587,423
7822901,2.51541,2.36193,425,4223780,0.0720173,0.04,1,58012,57587,425
7825821,2.20616,0.944772,427,4225240,0.0768069,0.04,1,58014,57587,427
7828081,1.48247,0.377909,428,4226700,0.0667228,0,1,58015,57587,428
7830161,1.79299,5.55116,421,4228160,0.0566891,0,1,58017,57596,421
7833081,8.51719,9.42047,422,4229620,0.0946756,0,1,58030,57608,422
7836001,4.60688,3.76819,424,4231080,0.0858703,0,1,58032,57608,424
7838921,3.04275,1.50727,426,4232540,0.0583481,0,1,58034,57608,426
7841841,2.4171,0.60291,428,4234000,0.0233392,0,1,58036,57608,428
7844761,2.16684,0.241164,430,4235460,0.00933569,0,1,58038,57608,430
7847681,2.06674,0.0964655,432,4236920,0.00373428,0,1,58040,57608,432
7849921,1.42669,0.0385862,433,4238380,0.00149371,0,1,58041,57608,433
7852841,2.37068,4.21543,429,4239840,0.0365975,0,1,58044,57615,429
7855761,2.14827,1.68617,431,4241300,0.026639,0,1,58046,57615,431
7858661,2.05931,0.674469,433,4242760,0.0106556,0.22,1,58048,57615,433
7861581,2.02372,7.46979,423,4244220,0.0762622,0.22,1,58050,57627,423
7863861,21.2095,2.98792,457,4245680,0.0425049,0.06,1,58084,57627,457
7866781,9.6838,22.7952,423,4247140,0.017002,0.06,1,58086,57663,423
7869701,5.07352,9.11807,425,4248600,0.00680078,0.06,1,58088,57663,425
7872181,113.629,3.64723,611,4250060,0.00272031,0.25,1,58274,57663,611
7891121,16.8997,18.2182,424,4260280,0.0404734,0,1,58351,57927,424
7893601,7.35988,7.28727,425,4261740,0.0161894,0,1,58352,57927,425
7896521,4.14395,5.31491,423,4263200,0.00647575,0,1,58354,57931,423
7898801,2.25758,2.12596,424,4264660,0.0025903,0.06,1,58355,57931,424
7901721,5.10303,6.25039,422,4266120,0.00103612,0.06,1,58362,57940,422
7904641,3.24121,2.50015,424,4267580,0.0244144,0.06,1,58364,57940,424
7907121,1.89649,1.00006,425,4269040,0.0217658,0,1,58365,57940,425
7910041,13.3586,14.8,422,4270500,0.0207063,0,1,58386,57964,422
7912961,6.54344,5.92001,424,4271960,0.00828252,0,1,58388,57964,424
7915881,3.81737,2.368,426,4273420,0.015313,0,1,58390,57964,426
7918801,2.72695,0.947201,428,4274880,0.0061252,0,1,58392,57964,428
7921681,2.29078,0.378881,430,4276340,0.00245008,0.12,1,58394,57964,430
7924601,4.51631,8.55155,422,4277800,0.000980032,0.12,1,58400,57978,422
7926881,2.40652,3.42062,423,4279260,0.000392013,0,1,58401,57978,423
7929801,8.76261,9.76825,422,4280720,0.000156805,0,1,58414,57992,422
7932721,4.70504,3.9073,424,4282180,6.27221e-05,0,1,58416,57992,424
7934581,4.88202,1.56292,429,4283640,0.0120251,0,1,58421,57992,429
7937501,3.15281,5.42517,423,4285100,0.00481004,0,1,58423,58000,423
7940421,2.46112,2.17007,425,4286560,0.00192401,0,1,58425,58000,425
7943341,2.18445,0.868027,427,4288020,0.000769606,0,1,58427,58000,427
7944981,1.47378,0.347211,428,4289480,0.000307842,0.04,1,58428,58000,428
7947061,5.98951,3.13888,432,4290940,0.0601231,0.07,1,58437,58005,432
7949981,3.5958,7.85555,423,4292400,0.0600493,0.07,1,58439,58016,423
7952901,2.63832,3.14222,425,4293860,0.0360197,0.07,1,58441,58016,425
7955821,2.25533,1.25689,427,4295320,0.0144079,0.07,1,58443,58016,427
7958741,2.10213,0.502755,429,4296780,0.00576315,0.07,1,58445,58016,429
7960581,2.04085,0.201102,431,4298240,0.0383053,0.18,1,58447,58016,431
7962661,5.01634,6.08044,428,4299700,0.0153221,0.06,1,58454,58026,428
7965581,3.20654,6.63218,423,4301160,0.00612884,0.06,1,58456,58033,423
7967861,3.68261,2.65287,427,4302620,0.0864515,0,1,58460,58033,427
7970781,2.67305,4.66115,423,4304080,0.0945806,0,1,58462,58039,423
7973701,2.26922,1.86446,425,4305540,0.0738322,0,1,58464,58039,425
7975761,1.50769,0.745784,426,4307000,0.0535329,0.02,1,58465,58039,426
7978681,7.80308,9.89831,422,4308460,0.0694132,0.02,1,58477,58055,422
7981601,4.32123,3.95933,424,4309920,0.0517653,0.02,1,58479,58055,424
7984521,2.92849,1.58373,426,4311380,0.0207061,0.02,1,58481,58055,426
7987441,2.3714,0.633492,428,4312840,0.0202824,0.02,1,58483,58055,428
7990361,2.14856,0.253397,430,4314300,0.00811298,0.02,1,58485,58055,430
7992401,1.45942,0.101359,431,4315760,0.00324519,0,1,58486,58055,431
7995321,14.9838,19.2405,423,4317220,0.0132981,0,1,58510,58087,423
7997601,6.59351,7.69622,424,4318680,0.00531923,0.02,1,58511,58087,424
8000521,5.0374,6.67849,422,4320140,0.0981277,0.02,1,58515,58093,422
8002181,116.015,2.67139,612,4321600,0.0872511,0.18,1,58705,58093,612
8005101,47.606,112.069,429,4323060,0.0589004,0.18,1,58707,58278,429
8010301,10.737,25.131,427,4325980,0.0886241,0.17,1,58717,58290,427
8013221,5.49478,10.0524,429,4327440,0.0594496,0.17,1,58719,58290,429
8016141,3.39791,4.02095,431,4328900,0.0237799,0.17,1,58721,58290,431
8022981,8.08947,15.1373,427,4333280,0.0696819,0,1,58779,58352,427
8025901,4.43579,9.65494,423,4334740,0.0278728,0,1,58781,58358,423
8028821,2.97431,3.86197,425,4336200,0.0111491,0,1,58783,58358,425
8031301,2.98973,1.54479,428,4337660,0.00445964,0.02,1,58786,58358,428
8034221,2.39589,4.81792,423,4339120,0.00178386,0.02,1,58788,58365,423
8036501,5.15836,1.92717,430,4340580,0.000713543,0,1,58795,58365,430
8038161,2.66334,6.17087,422,4342040,0.000285417,0,1,58796,58374,422
8041081,13.0653,14.4683,422,4343500,0.000114167,0,1,58816,58394,422
8044001,6.42613,5.78734,424,4344960,4.56667e-05,0,1,58818,58394,424
8046921,3.77045,2.31494,426,4346420,1.82667e-05,0,1,58820,58394,426
8049601,2.70818,0.925974,428,4347880,7.30667e-06,0.12,1,58822,58394,428
8052521,4.68327,7.57039,422,4349340,2.92267e-06,0.12,1,58828,58406,422
8055441,3.07331,3.02816,424,4350800,1.16907e-06,0.12,1,58830,58406,424
8057921,1.82932,1.21126,425,4352260,4.67627e-07,0,1,58831,58406,425
8060841,9.73173,11.2845,422,4353720,1.87051e-07,0,1,58846,58424,422
8063761,5.09269,4.5138,424,4355180,0.0480001,0,1,58848,58424,424
8066681,3.23708,1.80552,426,4356640,0.0432,0,1,58850,58424,426
8068321,1.89483,0.722208,427,4358100,0.02928,0.14,1,58851,58424,427
8071241,4.35793,6.88888,422,4359560,0.011712,0.14,1,58857,58435,422
8074161,2.94317,2.75555,424,4361020,0.0166848,0.14,1,58859,58435,424
8077061,6.57727,1.10222,433,4362480,0.00667392,0.06,1,58868,58435,433
8079981,3.83091,7.64089,423,4363940,0.0866696,0.06,1,58870,58447,423
8082901,2.73236,3.05636,425,4365400,0.0946678,0.06,1,58872,58447,425
8085821,2.29295,1.22254,427,4366860,0.0738671,0.06,1,58874,58447,427
8088741,2.11718,0.489017,429,4368320,0.0415469,0.06,1,58876,58447,429
8090581,3.84687,0.195607,434,4369780,0.0526187,0.14,1,58881,58447,434
8093501,2.73875,7.87824,423,4371240,0.0330475,0.14,1,58883,58460,423
8096401,2.2955,3.1513,425,4372700,0.013219,0.04,1,58885,58460,425
8099321,2.1182,4.26052,422,4374160,0.0052876,0.04,1,58887,58465,422
8102241,2.04728,1.70421,424,4375620,0.00211504,0.04,1,58889,58465,424
8104721,1.41891,0.681683,425,4377080,0.000846016,0.06,1,58890,58465,425
8106801,2.36756,4.47267,421,4378540,0.0723384,0.02,1,58893,58472,421
8118041,6.35341,7.7369,422,4384380,0.0584919,0.08,1,58917,58495,422
8120961,3.74136,3.09476,424,4385840,0.0593967,0.08,1,58919,58495,424
8123441,2.09655,1.2379,425,4387300,0.0477587,0.14,1,58920,58495,425
8126361,11.6386,13.0952,422,4388760,0.0191035,0.14,1,58938,58516,422
8129281,5.85545,5.23806,424,4390220,0.0676414,0.14,1,58940,58516,424
8132181,122.342,2.09523,624,4391680,0.0270566,0.04,1,59140,58516,624
8135101,50.1369,122.638,423,4393140,0.0108226,0.04,1,59142,58719,423
8138021,21.2547,49.0552,425,4394600,0.052329,0.04,1,59144,58719,425
8140941,9.7019,19.6221,427,4396060,0.0449316,0.04,1,59146,58719,427
8147781,30.3809,3.89581,471,4400440,0.0523156,0.02,1,59201,58730,471
8150701,13.3524,31.5583,423,4401900,0.0209262,0.02,1,59203,58780,423
8153601,6.54095,12.6233,425,4403360,0.0083705,0,1,59205,58780,425
8156521,5.01638,9.24933,422,4404820,0.0033482,0,1,59209,58787,422
8159441,3.20655,3.69973,424,4406280,0.0493393,0,1,59211,58787,424
8161921,1.88262,1.47989,425,4407740,0.0557357,0.08,1,59212,58787,425
8164841,1.95305,2.39196,424,4409200,0.0342943,0.08,1,59214,58790,424
8172121,15.269,17.4331,422,4413580,0.0650748,0,1,59248,58826,422
8175041,7.3076,6.97323,424,4415040,0.0260299,0,1,59250,58826,424
8177961,4.12304,2.78929,426,4416500,0.010412,0,1,59252,58826,426
8180641,2.84922,1.11572,428,4417960,0.00416479,0.14,1,59254,58826,428
8183561,3.53969,6.44629,422,4419420,0.00166592,0.14,1,59258,58836,422
8186481,2.61587,2.57851,424,4420880,0.000666366,0.14,1,59260,58836,424
8188961,1.64635,1.03141,425,4422340,0.000266546,0.08,1,59261,58836,425
8191041,5.45854,7.61256,421,4423800,0.000106619,0.02,1,59269,58848,421
8193961,9.38342,9.64503,422,4425260,4.26474e-05,0.02,1,59281,58859,422
8196881,4.95337,3.85801,424,4426720,0.0600171,0.02,1,59283,58859,424
8199801,3.18135,1.5432,426,4428180,0.0600068,0.02,1,59285,58859,426
8201441,1.87254,0.617282,427,4429640,0.0480027,0.14,1,59286,58859,427
8204361,3.74902,6.24691,422,4431100,0.0192011,0.14,1,59291,58869,422
8207281,2.69961,2.49876,424,4432560,0.00768044,0.14,1,59293,58869,424
8209141,6.47984,0.999506,433,4434020,0.00307217,0.06,1,59302,58869,433
8212061,3.79194,7.5998,423,4435480,0.00122887,0.06,1,59304,58881,423
8214981,2.71677,3.03992,425,4436940,0.0484915,0.06,1,59306,58881,425
8217901,2.28671,1.21597,427,4438400,0.0433966,0.06,1,59308,58881,427
8220581,4.51468,0.486387,433,4439860,0.0173586,0.12,1,59314,58881,433
8223501,3.00587,7.39456,423,4441320,0.0429435,0.12,1,59316,58893,423
8226421,2.40235,2.95782,425,4442780,0.0291774,0.12,1,59318,58893,425
8229341,2.16094,1.18313,427,4444240,0.011671,0.12,1,59320,58893,427
8232261,2.06438,0.473251,429,4445700,0.0406684,0.12,1,59322,58893,429
8235181,2.02575,0.189301,431,4447160,0.0282674,0.12,1,59324,58893,431
8237221,1.4103,0.0757202,432,4448620,0.0113069,0,1,59325,58893,432
8239301,2.96412,4.83029,428,4450080,0.00452278,0.14,1,59329,58901,428
8242221,2.38565,6.13212,423,4451540,0.00180911,0.14,1,59331,58908,423
8244501,4.55426,2.45285,429,4453000,0.0247236,0,1,59337,58908,429
8246161,2.4217,5.78114,422,4454460,0.0218895,0,1,59338,58916,422
8249081,4.56868,5.91246,422,4455920,0.0867558,0,1,59344,58922,422
8262601,121.148,122.749,422,4463220,0.0498868,0.16,1,59572,59150,422
8265521,49.6592,49.0994,424,4464680,0.0679547,0.16,1,59574,59150,424
8268441,21.0637,19.6398,426,4466140,0.0511819,0.16,1,59576,59150,426
8274041,6.85019,8.54236,424,4469060,0.0657891,0.04,1,59583,59159,424
8276321,3.34007,3.41694,425,4470520,0.0383156,0.06,1,59584,59159,425
8279241,31.336,33.1668,422,4471980,0.0393263,0.06,1,59634,59212,422
8282161,13.7344,13.2667,424,4473440,0.0517305,0.06,1,59636,59212,424
8285081,6.69376,5.30668,426,4474900,0.0626922,0.06,1,59638,59212,426
8288001,3.87751,2.12267,428,4476360,0.0370769,0.06,1,59640,59212,428
8289841,2.151,0.849069,429,4477820,0.0148308,0.18,1,59641,59212,429
8292761,3.2604,6.93963,422,4479280,0.0059323,0.18,1,59645,59223,422
8295041,1.90416,2.77585,423,4480740,0.00237292,0.06,1,59646,59223,423
8297961,6.16166,7.11034,422,4482200,0.000949168,0.06,1,59655,59233,422
8300241,3.06467,2.84414,423,4483660,0.000379667,0,1,59656,59233,423
8303161,16.8259,17.3377,422,4485120,0.000151867,0,1,59682,59260,422
8306081,7.93035,6.93506,424,4486580,6.07467e-05,0,1,59684,59260,424
8309001,4.37214,2.77402,426,4488040,2.42987e-05,0,1,59686,59260,426
8311921,2.94886,1.10961,428,4489500,9.71948e-06,0,1,59688,59260,428
8313761,1.77954,0.443844,429,4490960,3.88779e-06,0.16,1,59689,59260,429
8316681,3.71182,7.37754,422,4492420,1.55512e-06,0.16,1,59694,59272,422
8319601,2.68473,2.95101,424,4493880,6.22046e-07,0.16,1,59696,59272,424
8322081,1.67389,1.18041,425,4495340,2.48819e-07,0.04,1,59697,59272,425
8325001,7.26956,8.87216,422,4496800,0.0600001,0.04,1,59708,59286,422
8327921,4.10782,3.54886,424,4498260,0.06,0.04,1,59710,59286,424
8330401,2.24313,1.41955,425,4499720,0.048,0,1,59711,59286,425
8333321,4.49725,5.96782,422,4501180,0.0432,0,1,59717,59295,422
8336241,2.9989,2.38713,424,4502640,0.01728,0,1,59719,59295,424
8339141,5.39956,0.954851,431,4504100,0.006912,0.08,1,59726,59295,431
8342061,3.35982,6.38194,423,4505560,0.0027648,0.08,1,59728,59305,423
8344341,3.74393,2.55278,427,4507020,0.0851059,0,1,59732,59305,427
8347261,2.69757,4.62111,423,4508480,0.0940424,0,1,59734,59311,423
8349541,5.87903,1.84844,431,4509940,0.0376169,0.06,1,59742,59311,431
8352461,3.55161,6.73938,423,4511400,0.0510468,0.06,1,59744,59321,423
8355381,2.62064,2.69575,425,4512860,0.0324187,0.06,1,59746,59321,425
8358301,2.24826,1.0783,427,4514320,0.0129675,0.06,1,59748,59321,427
8360981,3.2993,0.43132,431,4515780,0.029187,0,1,59752,59321,431
8363901,2.51972,6.17253,423,4517240,0.0116748,0,1,59754,59331,423
8366821,2.20789,2.46901,425,4518700,0.00466992,0,1,59756,59331,425
8369741,2.08316,0.987604,427,4520160,0.00186797,0,1,59758,59331,427
8371381,2.03326,0.395042,429,4521620,0.000747187,0.1,1,59760,59331,429
8373041,1.4133,1.95802,427,4523080,0.000298875,0.07,1,59761,59334,427
8381801,2.73045,1.56531,426,4527460,0.0955391,0.07,1,59775,59349,426
8384721,2.29218,0.626125,428,4528920,0.0802157,0.07,1,59777,59349,428
8386981,16.5169,0.25045,454,4530380,0.0800863,0.09,1,59803,59349,454
8389901,7.80675,18.7002,425,4531840,0.0560345,0.09,1,59805,59380,425
8392181,122.523,7.48007,624,4533300,0.0464138,0.08,1,60004,59380,624
8395101,50.2091,123.592,425,4534760,0.0185655,0.08,1,60006,59581,425
8398021,21.2836,49.4368,427,4536220,0.0794262,0.08,1,60008,59581,427
8400941,9.71345,19.7747,429,4537680,0.0857705,0.08,1,60010,59581,429
8403621,7.48538,7.90989,435,4539140,0.0343082,0.19,1,60016,59581,435
8406541,4.19415,11.564,423,4540600,0.0617233,0.19,1,60018,59595,423
8408821,32.8777,4.62558,475,4542060,0.0966893,0,1,60070,59595,475
8411741,14.3511,34.2502,423,4543520,0.0866757,0,1,60072,59649,423
8414661,6.94043,13.7001,425,4544980,0.0586703,0,1,60074,59649,425
8417581,3.97617,5.48004,427,4546440,0.0234681,0,1,60076,59649,427
8420501,2.79047,2.19201,429,4547900,0.00938725,0,1,60078,59649,429
8423421,2.31619,0.876806,431,4549360,0.0037549,0,1,60080,59649,431
8426081,2.12647,0.350722,433,4550820,0.00150196,0,1,60082,59649,433
8428161,1.45059,4.34029,427,4552280,0.000600784,0.18,1,60083,59656,427
8431081,1.78024,5.93612,422,4553740,0.000240313,0.18,1,60085,59663,422
8432741,18.1121,2.37445,451,4555200,9.61254e-05,0,1,60114,59663,451
8435661,8.44484,18.9498,423,4556660,3.84501e-05,0,1,60116,59693,423
8438581,4.57794,7.57991,425,4558120,1.53801e-05,0,1,60118,59693,425
8441501,3.03117,3.03196,427,4559580,6.15202e-06,0,1,60120,59693,427
8444421,2.41247,1.21279,429,4561040,2.46081e-06,0,1,60122,59693,429
8446261,2.16499,0.485114,431,4562500,9.84323e-07,0.18,1,60124,59693,431
8449181,2.066,6.19405,423,4563960,3.93729e-07,0.18,1,60126,59703,423
8452101,2.0264,2.47762,425,4565420,1.57492e-07,0.18,1,60128,59703,425
8454581,2.61056,0.991047,428,4566880,0.0480001,0.06,1,60131,59703,428
8456661,7.64422,4.59642,432,4568340,0.0192,0.02,1,60142,59710,432
8459581,4.25769,8.43857,423,4569800,0.00768001,0.02,1,60144,59721,423
8462501,2.90308,3.37543,425,4571260,0.003072,0.02,1,60146,59721,425
8465421,2.36123,1.35017,427,4572720,0.0492288,0.02,1,60148,59721,427
8468101,3.94449,0.540068,432,4574180,0.0196915,0.14,1,60153,59721,432
8471021,2.7778,6.81603,423,4575640,0.00787661,0.14,1,60155,59732,423
8472881,1.71112,2.72641,424,4577100,0.00315064,0,1,60156,59732,424
8475801,4.28445,5.89056,422,4578560,0.0252603,0,1,60162,59740,422
8478081,2.31378,2.35623,423,4580020,0.0401041,0,1,60163,59740,423
8481001,8.72551,9.34249,422,4581480,0.0160416,0,1,60176,59754,422
8483921,4.6902,3.737,424,4582940,0.0304167,0,1,60178,59754,424
8486841,3.07608,1.4948,426,4584400,0.0121667,0,1,60180,59754,426
8489761,2.43043,0.597919,428,4585860,0.00486666,0,1,60182,59754,428
8491601,1.57217,0.239168,429,4587320,0.00194667,0,1,60183,59754,429
8494521,1.82887,3.09567,426,4588780,0.000778666,0,1,60185,59759,426
8497441,1.93155,1.23827,428,4590240,0.000311466,0,1,60187,59759,428
8499921,1.37262,0.495307,429,4591700,0.000124587,0.12,1,60188,59759,429
8502841,2.34905,5.59812,423,4593160,4.98346e-05,0.12,1,60191,59768,423
8505541,3.93962,2.23925,428,4594620,1.99339e-05,0.08,1,60196,59768,428
8508461,2.77585,5.0957,423,4596080,7.97354e-06,0.08,1,60198,59775,423
8510741,4.71034,2.03828,429,4597540,0.0840032,0,1,60204,59775,429
8518441,14.5335,15.8985,422,4601920,0.0936962,0.04,1,60230,59808,422
8520721,6.41338,6.35938,423,4603380,0.0614785,0.08,1,60231,59808,423
8523641,128.565,128.544,423,4604840,0.240591,0.08,1,60441,60018,423
8526561,52.6261,51.4175,425,4606300,0.288237,0.08,1,60443,60018,425
8529481,22.2505,20.567,427,4607760,0.271295,0.08,1,60445,60018,427
8532401,10.1002,8.2268,429,4609220,0.240518,0.08,1,60447,60018,429
8534241,4.64007,3.29072,430,4610680,0.270207,0.05,1,60448,60018,430
8537161,3.05603,6.71629,423,4612140,0.258083,0.05,1,60450,60027,423
8541741,13.449,31.6746,423,4615060,0.0460933,0,1,60501,60078,423
8544661,6.57959,12.6698,425,4616520,0.0184373,0,1,60503,60078,425
8547581,3.83183,5.06794,427,4617980,0.00737492,0,1,60505,60078,427
8549221,2.13273,2.02717,428,4619440,0.03895,0,1,60506,60078,428
8550881,1.45309,1.41087,428,4620900,0.03958,0.13,1,60507,60079,428
8553801,4.78124,8.36435,422,4622360,0.015832,0.13,1,60514,60092,422
8556721,3.11249,3.34574,424,4623820,0.0063328,0.13,1,60516,60092,424
8559641,2.445,1.3383,426,4625280,0.00253312,0.13,1,60518,60092,426
8561281,1.578,0.535318,427,4626740,0.00101325,0,1,60519,60092,427
8564201,13.8312,16.4141,422,4628200,0.0364053,0,1,60541,60119,422
8567121,6.73248,6.56565,424,4629660,0.0265621,0,1,60543,60119,424
8569601,3.29299,2.62626,425,4631120,0.0106248,0,1,60544,60119,425
8572521,3.1172,4.6505,422,4632580,0.00424994,0,1,60547,60125,422
8575441,2.44688,1.8602,424,4634040,0.00169998,0,1,60549,60125,424
8578341,5.77875,0.744081,432,4635500,0.06068,0.08,1,60557,60125,432
8581261,3.5115,6.89763,423,4636960,0.060272,0.08,1,60559,60136,423
8584181,2.6046,2.75905,425,4638420,0.0541088,0.08,1,60561,60136,425
8586661,5.84184,1.10362,433,4639880,0.0216435,0.08,1,60569,60136,433
8589581,3.53674,7.64145,423,4641340,0.0806574,0.08,1,60571,60148,423
8592501,2.61469,3.05658,425,4642800,0.080263,0.08,1,60573,60148,425
8594981,1.64588,1.22263,426,4644260,0.0681052,0,1,60574,60148,426
8597061,4.85835,2.88905,429,4645720,0.0272421,0.08,1,60581,60152,429
8599981,3.14334,5.95562,423,4647180,0.0108968,0.08,1,60583,60160,423
8602901,2.45734,2.38225,425,4648640,0.00435873,0.08,1,60585,60160,425
8605381,2.18293,0.952899,427,4650100,0.00174349,0,1,60587,60160,427
8608301,2.07317,3.98116,423,4651560,0.000697397,0,1,60589,60166,423
8610581,12.8293,1.59246,443,4653020,0.048279,0,1,60609,60166,443
8613501,6.33171,13.837,423,4654480,0.0433116,0,1,60611,60188,423
8616421,3.73268,5.53479,425,4655940,0.0173246,0,1,60613,60188,425
8619341,2.69307,2.21392,427,4657400,0.00692985,0,1,60615,60188,427
8622261,2.27723,0.885567,429,4658860,0.00277194,0,1,60617,60188,429
8625181,2.11089,0.354227,431,4660320,0.00110878,0,1,60619,60188,431
8627841,2.04436,0.141691,433,4661780,0.00044351,0,1,60621,60188,433
8630761,2.01774,4.25668,428,4663240,0.000177404,0,1,60623,60195,428
8633041,1.4071,1.70267,429,4664700,7.09617e-05,0.18,1,60624,60195,429
8635961,1.76284,4.88107,424,4666160,2.83847e-05,0.18,1,60626,60202,424
8638881,1.90514,1.95243,426,4667620,0.0720114,0.18,1,60628,60202,426
8640741,1.96205,0.780971,428,4669080,0.0768045,0.17,1,60630,60202,428
8642821,6.78482,2.71239,434,4670540,0.0307218,0.05,1,60640,60206,434
8645741,3.91393,8.88496,423,4672000,0.0122887,0.05,1,60642,60219,423
8648021,15.9656,3.55398,447,4673460,0.0589155,0,1,60666,60219,447
8650941,7.58623,16.4216,424,4674920,0.0475662,0,1,60668,60244,424
8651761,123.034,6.56864,624,4676380,0.0790265,0.3,1,60868,60244,624
8668821,30.7388,1.29871,483,4683680,0.0861343,0,1,60934,60451,483
8671741,13.4955,37.7195,423,4685140,0.0584537,0,1,60936,60513,423
8674661,6.5982,15.0878,425,4686600,0.0233815,0,1,60938,60513,425
8677581,3.83928,6.03512,427,4688060,0.00935259,0,1,60940,60513,427
8680501,2.73571,2.41405,429,4689520,0.00374104,0,1,60942,60513,429
8683381,4.09428,0.965619,434,4690980,0.0134964,0.14,1,60947,60513,434
8686301,2.83771,8.18625,423,4692440,0.00539857,0.14,1,60949,60526,423
8689221,2.33509,3.2745,425,4693900,0.00215943,0.14,1,60951,60526,425
8692141,2.13403,1.3098,427,4695360,0.00086377,0.14,1,60953,60526,427
8693781,9.25361,0.52392,441,4696820,0.000345508,0,1,60967,60526,441
8696701,4.90145,12.2096,423,4698280,0.0841382,0,1,60969,60546,423
8699621,3.16058,4.88383,425,4699740,0.0936553,0,1,60971,60546,425
8702101,1.86423,1.95353,426,4701200,0.0854621,0,1,60972,60546,426
8704181,6.14569,2.58141,432,4702660,0.0341848,0.07,1,60981,60549,432
8707101,3.65828,7.63257,423,4704120,0.0136739,0.07,1,60983,60560,423
8710021,2.66331,3.05303,425,4705580,0.00546957,0.07,1,60985,60560,425
8712081,1.66532,1.22121,426,4707040,0.00218783,0,1,60986,60560,426
8715001,1.86613,2.88848,424,4708500,0.000875132,0,1,60988,60564,424
8716661,7.94645,1.15539,436,4709960,0.0723501,0,1,61000,60564,436
8719581,4.37858,9.46216,423,4711420,0.07694,0,1,61002,60579,423
8722501,2.95143,3.78486,425,4712880,0.054776,0,1,61004,60579,425
8725421,2.38057,1.51395,427,4714340,0.0219104,0,1,61006,60579,427
8727061,5.75223,0.605578,435,4715800,0.00876416,0.08,1,61014,60579,435
8729981,3.50089,8.64223,423,4717260,0.00350566,0.08,1,61016,60593,423
8732901,2.60036,3.45689,425,4718720,0.00140227,0.08,1,61018,60593,425
8735821,2.24014,1.38276,427,4720180,0.000560906,0.08,1,61020,60593,427
8738741,2.09606,0.553103,429,4721640,0.000224362,0.08,1,61022,60593,429
8740581,9.83842,0.221241,444,4723100,0.0480897,0,1,61037,60593,444
8743501,5.13537,13.8885,423,4724560,0.0432359,0,1,61039,60616,423
8746421,3.25415,5.5554,425,4726020,0.0172944,0,1,61041,60616,425
8749341,2.50166,2.22216,427,4727480,0.00691774,0,1,61043,60616,427
8750981,1.60066,0.888864,428,4728940,0.0027671,0,1,61044,60616,428
8753901,1.84027,3.35555,425,4730400,0.00110684,0,1,61046,60621,425
8755761,1.33611,1.34222,426,4731860,0.000442735,0.11,1,61047,60621,426
8758681,5.33444,7.73689,422,4733320,0.000177094,0.11,1,61055,60633,422
8761601,3.33378,3.09475,424,4734780,7.08377e-05,0.11,1,61057,60633,424
8764521,2.53351,1.2379,426,4736240,2.83351e-05,0.11,1,61059,60633,426
8774901,6.09366,5.43169,433,4742080,0.0977287,0.12,1,61075,60642,433
8776561,3.03746,8.17268,424,4743540,0.0750915,0,1,61076,60652,424
8784261,131.45,125.347,437,4747920,0.216486,0.09,1,61313,60876,437
8787181,53.7802,55.5388,430,4749380,0.218594,0.09,1,61315,60885,430
8793021,10.2848,8.88621,434,4752300,0.243775,0.09,1,61319,60885,434
8795701,5.31393,3.55448,436,4753760,0.24151,0.19,1,61321,60885,436
8797361,2.72557,10.4218,422,4755220,0.228604,0.04,1,61322,60900,422
8802361,14.8361,15.7075,422,4758140,0.0749766,0,1,61367,60945,422
8805281,7.13444,6.28299,424,4759600,0.0299907,0,1,61369,60945,424
8808201,4.05377,2.5132,426,4761060,0.0119963,0,1,61371,60945,426
8810881,2.82151,1.00528,428,4762520,0.0047985,0.1,1,61373,60945,428
8813801,5.3286,8.20211,422,4763980,0.0259194,0.1,1,61380,60958,422
8816721,3.33144,3.28084,424,4765440,0.0103678,0.1,1,61382,60958,424
8819641,2.53258,1.31234,426,4766900,0.0041471,0.1,1,61384,60958,426
8822321,2.21303,0.524935,428,4768360,0.00165884,0.14,1,61386,60958,428
8824401,3.28521,6.80997,421,4769820,0.000663537,0,1,61390,60969,421
8827321,9.11409,9.92399,422,4771280,0.0242654,0,1,61403,60981,422
8830241,4.84563,3.9696,424,4772740,0.00970617,0,1,61405,60981,424
8832721,2.53825,1.58784,425,4774200,0.00388247,0,1,61406,60981,425
8835641,3.4153,4.83514,422,4775660,0.013553,0,1,61410,60988,422
8838561,2.56612,1.93405,424,4777120,0.00542119,0,1,61412,60988,424
8841481,2.22645,0.773622,426,4778580,0.00216848,0,1,61414,60988,426
8843121,1.49058,0.309449,427,4780040,0.0128674,0.12,1,61415,60988,427
8845201,4.19623,7.32378,421,4781500,0.00514696,0.08,1,61421,61000,421
8847281,2.87849,4.12951,421,4782960,0.0500588,0,1,61423,61002,421
8850201,10.1514,10.0518,422,4784420,0.0440235,0,1,61438,61016,422
8853121,5.26056,4.02072,424,4785880,0.0176094,0,1,61440,61016,424
8856041,3.30422,1.60829,426,4787340,0.00704376,0,1,61442,61016,426
8857681,1.92169,0.643315,427,4788800,0.0028175,0,1,61443,61016,427
8860601,1.96868,4.45733,422,4790260,0.001127,0,1,61445,61023,422
8863521,1.98747,1.78293,424,4791720,0.000450801,0,1,61447,61023,424
8866441,1.99499,0.713172,426,4793180,0.00018032,0,1,61449,61023,426
8869121,1.998,0.285269,428,4794640,7.21281e-05,0,1,61451,61023,428
8872041,12.7992,15.7141,422,4796100,0.0120289,0,1,61471,61049,422
8874961,6.31968,6.28564,424,4797560,0.00481154,0,1,61473,61049,424
8877881,3.72787,2.51426,426,4799020,0.00192462,0,1,61475,61049,426
8880801,2.69115,1.0057,428,4800480,0.000769846,0,1,61477,61049,428
8883721,2.27646,0.402281,430,4801940,0.000307939,0,1,61479,61049,430
8886641,2.11058,0.160912,432,4803400,0.000123175,0,1,61481,61049,432
8888261,1.44423,0.064365,433,4804860,4.92702e-05,0.24,1,61482,61049,433
8891181,1.77769,6.62575,424,4806320,1.97081e-05,0.24,1,61484,61060,424
8894101,1.91108,2.6503,426,4807780,7.88322e-06,0.24,1,61486,61060,426
8896581,5.56443,1.06012,434,4809240,0.0240032,0.12,1,61494,61060,434
8899501,3.42577,8.22405,423,4810700,0.00960126,0.12,1,61496,61073,423
8915721,135.389,131.102,431,4819460,0.282406,0.28,1,61750,61319,431
8926961,5.31876,4.55622,433,4825300,0.266334,0.18,1,61757,61324,433
8935481,9.9884,17.6916,422,4829680,0.0448853,0.04,1,61802,61380,422
8938401,5.19536,7.07664,424,4831140,0.0179541,0.04,1,61804,61380,424
8941321,3.27814,2.83066,426,4832600,0.0431817,0.04,1,61806,61380,426
8943381,2.51126,1.13226,428,4834060,0.0292727,0,1,61808,61380,428
8946301,2.2045,4.65291,423,4835520,0.0117091,0,1,61810,61387,423
8949221,2.0818,1.86116,425,4836980,0.00468363,0,1,61812,61387,425
8952141,2.03272,0.744465,427,4838440,0.00187345,0,1,61814,61387,427
8954821,4.41309,0.297786,433,4839900,0.00074938,0.12,1,61820,61387,433
8961901,3.64244,6.57106,423,4844280,0.084048,0,1,61834,61411,423
8964821,2.65698,2.62842,425,4845740,0.0876192,0,1,61836,61411,425
8967301,1.66279,1.05137,426,4847200,0.0710477,0,1,61837,61411,426
8968961,1.26512,1.62055,425,4848660,0.0524191,0.02,1,61838,61413,425
8971881,1.70605,1.84822,425,4850120,0.0209676,0.02,1,61840,61415,425
8973541,4.28242,0.739288,431,4851580,0.00838705,0.14,1,61846,61415,431
8976461,2.91297,6.29572,423,4853040,0.00335482,0.14,1,61848,61425,423
8978321,1.76519,2.51829,424,4854500,0.00134193,0,1,61849,61425,424
8981241,12.7061,14.2073,422,4855960,0.000536771,0,1,61869,61447,422
8984161,6.28243,5.68293,424,4857420,0.000214708,0,1,61871,61447,424
8987081,3.71297,2.27317,426,4858880,8.58834e-05,0,1,61873,61447,426
8990001,2.68519,0.909268,428,4860340,3.43533e-05,0,1,61875,61447,428
8992261,1.67408,0.363707,429,4861800,1.37413e-05,0,1,61876,61447,429
8995181,1.86963,4.94548,423,4863260,5.49653e-06,0,1,61878,61455,423
8998101,1.94785,1.97819,425,4864720,2.19861e-06,0,1,61880,61455,425
9000161,1.37914,0.791277,426,4866180,8.79445e-07,0,1,61881,61455,426
9003081,11.9517,14.1165,422,4867640,0.0120004,0,1,61900,61478,422
9006001,5.98066,5.6466,424,4869100,0.00480014,0,1,61902,61478,424
9008921,3.59226,2.25864,426,4870560,0.00192006,0,1,61904,61478,426
9011601,2.63691,0.903457,428,4872020,0.000768022,0,1,61906,61478,428
9014521,2.85476,5.76138,422,4873480,0.000307209,0,1,61909,61487,422
9017441,2.3419,2.30455,424,4874940,0.000122884,0,1,61911,61487,424
9020361,2.13676,0.921821,426,4876400,4.91534e-05,0,1,61913,61487,426
9023281,2.0547,0.368728,428,4877860,1.96614e-05,0,1,61915,61487,428
9025121,1.42188,0.147491,429,4879320,7.86455e-06,0.2,1,61916,61487,429
9041561,21.1358,18.7525,427,4888080,0.0990644,0.04,1,61964,61537,427
9043841,9.05432,7.50099,428,4889540,0.0756257,0.27,1,61965,61537,428
9046761,138.022,134.4,433,4891000,0.25225,0.27,1,62189,61756,433
9049681,56.4087,53.7602,435,4892460,0.2929,0.27,1,62191,61756,435
9052601,23.7635,21.5041,437,4893920,0.28516,0.27,1,62193,61756,437
9054241,10.1054,8.60162,438,4895380,0.270064,0.4,1,62194,61756,438
9057161,5.24216,9.44065,430,4896840,0.240026,0.4,1,62196,61766,430
9058821,13.4969,3.77626,449,4898300,0.25201,0.06,1,62215,61766,449
9061741,6.59874,18.3105,423,4899760,0.226804,0.06,1,62217,61794,423
9066521,12.6958,14.9297,423,4902680,0.203089,0,1,62237,61814,423
9072361,3.71133,2.38875,427,4905600,0.0588942,0,1,62241,61814,427
9075281,2.68453,0.955499,429,4907060,0.0235577,0,1,62243,61814,429
9078201,2.27381,0.3822,431,4908520,0.00942307,0,1,62245,61814,431
9080241,1.50952,0.15288,432,4909980,0.00376923,0.25,1,62246,61814,432
9083161,1.80381,6.06115,424,4911440,0.00150769,0.25,1,62248,61824,424
9085441,1.32152,2.42446,425,4912900,0.000603076,0.1,1,62249,61824,425
9087521,2.92861,5.76978,421,4914360,0.0122412,0,1,62253,61832,421
9090441,6.57144,7.10791,422,4915820,0.0888965,0,1,62262,61840,422
9093361,3.82858,2.84317,424,4917280,0.0955586,0,1,62264,61840,424
9101461,1.51703,0.181963,429,4921660,0.0949158,0,1,62269,61840,429
9103541,1.20681,3.07279,425,4923120,0.0739663,0,1,62270,61845,425
9105621,2.88272,2.42911,427,4924580,0.0295865,0.12,1,62274,61847,427
9108541,2.35309,4.57165,423,4926040,0.0118346,0.12,1,62276,61853,423
9110821,12.3412,1.82866,442,4927500,0.00473384,0,1,62295,61853,442
9113741,6.13649,13.3315,423,4928960,0.00189354,0,1,62297,61874,423
9116661,3.6546,5.33259,425,4930420,0.0367574,0,1,62299,61874,425
9119141,2.06184,2.13303,426,4931880,0.038703,0,1,62300,61874,426
9122061,2.02474,2.65321,425,4933340,0.0154812,0,1,62302,61877,425
9124341,3.20989,1.06129,429,4934800,0.00619247,0.09,1,62306,61877,429
9127261,2.48396,5.22451,423,4936260,0.00247699,0.09,1,62308,61885,423
9130181,2.19358,2.08981,425,4937720,0.0369908,0.09,1,62310,61885,425
9132661,14.0774,0.835922,447,4939180,0.0147963,0,1,62332,61885,447
9135581,6.83097,15.9344,423,4940640,0.00591853,0,1,62334,61911,423
9138501,3.93239,6.37375,425,4942100,0.00236741,0,1,62336,61911,425
9141421,2.77296,2.5495,427,4943560,0.000946964,0,1,62338,61911,427
9144341,2.30918,1.0198,429,4945020,0.000378786,0,1,62340,61911,429
9146181,5.12367,0.40792,436,4946480,0.000151514,0.12,1,62347,61911,436
9149101,3.24947,8.56317,424,4947940,6.06057e-05,0.12,1,62349,61925,424
9152021,2.49979,3.42527,426,4949400,0.0840243,0.12,1,62351,61925,426
9174061,9.66497,26.071,423,4961080,0.0910867,0.12,1,62398,61975,423
9214201,1.79888,4.87348,425,4982980,0.434012,0,1,62680,62255,425
9217121,1.91955,1.94939,427,4984440,0.413605,0,1,62682,62255,427
9220021,8.56782,0.779756,440,4985900,0.267442,0,1,62695,62255,440
9225861,3.05085,4.68476,425,4988820,0.298391,0,1,62699,62274,425
9231701,2.16814,0.749562,429,4991740,0.280542,0,1,62703,62274,429
9234161,1.46725,0.299825,430,4993200,0.256217,0.14,1,62704,62274,430
9237081,4.1869,8.51993,422,4994660,0.204487,0.14,1,62710,62288,422
9247481,7.34558,7.87411,422,5000500,0.0465149,0.06,1,62732,62310,422
9250401,4.13823,3.14964,424,5001960,0.0546059,0.06,1,62734,62310,424
9253321,2.85529,1.25986,426,5003420,0.0338424,0.06,1,62736,62310,426
9256241,2.34212,0.503943,428,5004880,0.013537,0.06,1,62738,62310,428
9258081,1.53685,0.201577,429,5006340,0.00541478,0,1,62739,62310,429
9261001,1.81474,4.88063,423,5007800,0.00216591,0,1,62741,62318,423
9262661,12.7259,1.95225,443,5009260,0.0248664,0,1,62761,62318,443
9265581,6.29036,13.9809,423,5010720,0.00994655,0,1,62763,62340,423
9268501,3.71614,5.59236,425,5012180,0.00397862,0,1,62765,62340,425
9271421,2.68646,2.23694,427,5013640,0.00159145,0,1,62767,62340,427
9273061,7.07458,0.894778,437,5015100,0.000636579,0.14,1,62777,62340,437
9275981,4.02983,6.35791,429,5016560,0.0302546,0.14,1,62779,62350,429
9284301,1.88991,5.20691,426,5020940,0.203056,0.17,1,62784,62358,426
9287221,1.95596,2.08276,428,5022400,0.225223,0.17,1,62786,62358,428
9290141,1.98239,0.833105,430,5023860,0.246089,0.17,1,62788,62358,430
9298661,2.38287,3.65332,425,5028240,0.0798297,0.12,1,62798,62373,425
9301141,20.1531,1.46133,457,5029700,0.0319319,0.22,1,62830,62373,457
9304061,9.26126,22.1845,423,5031160,0.0847728,0.22,1,62832,62409,423
9304881,123.705,8.87381,623,5032620,0.261909,0.54,1,63032,62409,623
9307381,82.4818,122.35,480,5034080,0.248764,0.75,1,63087,62607,480
9310301,34.1927,66.9398,452,5035540,0.267505,0.75,1,63089,62637,452
9313221,14.8771,26.7759,454,5037000,0.293002,0.75,1,63091,62637,454
9316141,7.15083,10.7104,456,5038460,0.273201,0.75,1,63093,62637,456
9318821,10.6603,4.28415,469,5039920,0.21728,0.56,1,63106,62637,469
9324661,3.38565,6.20546,450,5042840,0.218365,0.56,1,63110,62660,450
9327141,1.95426,2.48219,451,5044300,0.225346,0.63,1,63111,62660,451
9329221,1.9817,6.99287,443,5045760,0.234138,0.34,1,63113,62670,443
9332141,1.99268,12.9972,428,5047220,0.297655,0.34,1,63115,62687,428
9335061,1.99707,5.19886,430,5048680,0.299062,0.34,1,63117,62687,430
9337981,1.99883,2.07954,432,5050140,0.275625,0.34,1,63119,62687,432
9340901,1.99953,0.831817,434,5051600,0.24225,0.34,1,63121,62687,434
9356481,1.8656,3.50741,424,5060360,0.286819,0.23,1,63131,62707,424
9359401,1.94624,1.40296,426,5061820,0.264728,0.23,1,63133,62707,426
9362321,1.9785,0.561185,428,5063280,0.231891,0.23,1,63135,62707,428
9373321,3.55945,5.07837,422,5069120,0.286544,0.08,1,63145,62723,422
9375601,2.02378,2.03135,423,5070580,0.246618,0.06,1,63146,62723,423
9380601,8.4838,8.36502,422,5073500,0.257859,0,1,63165,62743,422
9383521,4.59352,3.34601,424,5074960,0.205144,0,1,63167,62743,424
9391201,1.56599,0.214144,429,5079340,0.0832092,0,1,63172,62743,429
9397041,6.49056,6.27426,426,5082260,0.0901135,0,1,63195,62769,426
9399961,3.79622,2.5097,428,5083720,0.0600454,0,1,63197,62769,428
9401601,2.11849,1.00388,429,5085180,0.0360182,0.13,1,63198,62769,429
9410361,3.54358,2.46425,426,5089560,0.0767052,0.13,1,63220,62794,426
9413281,2.61743,0.985699,428,5091020,0.0426821,0.13,1,63222,62794,428
9416201,2.24697,0.39428,430,5092480,0.0770728,0.13,1,63224,62794,430
9419121,2.09879,0.157712,432,5093940,0.0668291,0.13,1,63226,62794,432
9421781,5.03952,0.0630847,439,5095400,0.0267317,0.14,1,63233,62794,439
9424701,3.21581,9.62523,425,5096860,0.0106927,0.14,1,63235,62810,425
9427621,2.48632,3.85009,427,5098320,0.00427706,0.14,1,63237,62810,427
9429681,1.59453,1.54004,428,5099780,0.00171083,0,1,63238,62810,428
9432601,16.8378,19.216,424,5101240,0.0486843,0,1,63265,62841,424
9434881,7.33512,7.68641,425,5102700,0.0554737,0.42,1,63266,62841,425
9443221,27.0134,34.0919,431,5107080,0.21235,0.36,1,63529,63098,431
9446141,12.0054,13.6368,433,5108540,0.22294,0.36,1,63531,63098,433
9447781,11.4022,5.45471,444,5110000,0.263176,0.23,1,63542,63098,444
9450701,6.96086,9.98188,435,5111460,0.22527,0.23,1,63546,63111,435
9453621,4.58434,3.99275,438,5112920,0.282108,0.23,1,63549,63111,438
9455681,2.43374,1.5971,439,5114380,0.292843,0.34,1,63550,63111,439
9480441,1.7611,6.02903,432,5127520,0.279539,0.45,1,63568,63136,432
9483361,1.90444,2.41161,434,5128980,0.297816,0.45,1,63570,63136,434
9489201,1.98471,0.385858,438,5131900,0.286451,0.45,1,63574,63136,438
9492121,1.99388,0.154343,440,5133360,0.25258,0.45,1,63576,63136,440
9494581,1.39755,0.0617372,441,5134820,0.227032,0.27,1,63577,63136,441
9497501,1.75902,4.8247,435,5136280,0.294813,0.27,1,63579,63144,435
9500421,1.90361,1.92988,437,5137740,0.297925,0.27,1,63581,63144,437
9502901,1.36144,0.771951,438,5139200,0.28717,0.39,1,63582,63144,438
9505821,1.74458,2.70878,436,5140660,0.252868,0.39,1,63584,63148,436
9508101,1.29783,1.08351,437,5142120,0.227147,0.28,1,63585,63148,437
9510181,9.51913,8.83341,438,5143580,0.276859,0,1,63600,63162,438
9513101,5.00765,13.7334,423,5145040,0.272744,0,1,63602,63179,423
9516021,3.20306,5.49334,425,5146500,0.247097,0,1,63604,63179,425
9518941,2.48122,2.19734,427,5147960,0.206839,0,1,63606,63179,427
9532461,2.42733,2.0385,427,5155260,0.0846204,0,1,63627,63200,427
9534101,15.3709,0.8154,451,5156720,0.0338482,0,1,63651,63200,451
9542861,2.85574,2.93219,427,5161100,0.0943263,0,1,63657,63230,427
9545781,2.3423,1.17287,429,5162560,0.0617305,0,1,63659,63230,429
9548701,2.13692,0.46915,431,5164020,0.0246922,0,1,63661,63230,431
9550741,4.45477,0.18766,437,5165480,0.00987688,0,1,63667,63230,437
9552401,2.38191,3.07506,433,5166940,0.00395075,0.29,1,63668,63235,433
9555321,2.15276,6.03003,427,5168400,0.0855803,0.29,1,63670,63243,427
9558241,2.06111,2.41201,429,5169860,0.0942321,0.29,1,63672,63243,429
9560721,1.42444,0.964804,430,5171320,0.0856928,0,1,63673,63243,430
9571761,67.2173,65.1031,433,5177160,0.22861,0.19,1,63969,63536,433
9574681,28.0869,26.0412,435,5178620,0.217444,0.19,1,63971,63536,435
9576321,11.8348,10.4165,436,5180080,0.200978,0.27,1,63972,63536,436
9578401,10.1339,8.3666,438,5181540,0.212391,0.43,1,63981,63543,438
9581321,5.85356,8.14664,433,5183000,0.246956,0.43,1,63984,63551,433
9584241,3.54142,3.25866,435,5184460,0.254783,0.43,1,63986,63551,435
9586721,2.01657,1.30346,436,5185920,0.245913,0.42,1,63987,63551,436
9588801,1.40663,1.72138,435,5187380,0.230365,0.32,1,63988,63553,435
9591721,1.76265,4.28855,431,5188840,0.200146,0.32,1,63990,63559,431
9594641,1.90506,1.71542,433,5190300,0.248058,0.32,1,63992,63559,433
9596501,3.16202,0.686169,437,5191760,0.219223,0.26,1,63996,63559,437
9599421,2.46481,5.67447,430,5193220,0.243689,0.26,1,63998,63568,430
9602341,2.18592,2.26979,432,5194680,0.229476,0.26,1,64000,63568,432
9608181,2.02975,0.363166,436,5197600,0.253916,0.26,1,64004,63568,436
9610021,1.4119,0.145266,437,5199060,0.257566,0.37,1,64005,63568,437
9612941,1.76476,6.05811,429,5200520,0.235027,0.37,1,64007,63578,429
9635421,1.96145,1.05997,433,5212200,0.253664,0.35,1,64022,63589,433
9638341,1.98458,0.423988,435,5213660,0.257466,0.35,1,64024,63589,435
9640181,4.99383,0.169595,442,5215120,0.204986,0.1,1,64031,63589,442
9646021,2.47901,5.06714,425,5218040,0.231998,0.1,1,64035,63610,425
9648941,2.19161,2.02685,427,5219500,0.242799,0.1,1,64037,63610,427
9651861,2.07664,0.810742,429,5220960,0.22312,0.1,1,64039,63610,429
9658901,5.48491,3.65189,430,5225340,0.0483597,0,1,64055,63625,430
9664101,15.1576,2.7443,446,5228260,0.0533375,0.04,1,64080,63634,446
9667021,7.26303,16.0977,423,5229720,0.093335,0.04,1,64082,63659,423
9669941,4.10521,6.43909,425,5231180,0.085334,0.04,1,64084,63659,425
9672861,2.84209,2.57564,427,5232640,0.0581336,0.04,1,64086,63659,427
9674501,2.93683,1.03025,430,5234100,0.0472534,0,1,64089,63659,430
9677421,2.37473,5.8121,423,5235560,0.0189014,0,1,64091,63668,423
9680341,2.14989,2.32484,425,5237020,0.00756055,0,1,64093,63668,425
9682821,5.05996,0.929936,432,5238480,0.0390242,0.1,1,64100,63668,432
9685741,3.22398,6.37197,424,5239940,0.0276097,0.1,1,64102,63678,424
9688661,2.48959,2.54879,426,5241400,0.0110439,0.1,1,64104,63678,426
9691581,2.19584,1.01952,428,5242860,0.00441755,0.1,1,64106,63678,428
9693221,12.2783,0.407806,447,5244320,0.061767,0.1,1,64125,63678,447
9696141,6.11133,15.7631,423,5245780,0.0787068,0.1,1,64127,63704,423
9696961,122.445,6.30525,623,5247240,0.0794827,0.19,1,64327,63704,623
9699881,94.5778,163.322,431,5247240,0.0977931,0.19,1,64403,63972,431
9702801,39.0311,65.3288,433,5248700,0.0871172,0.19,1,64405,63972,433
9711121,6.43399,7.54104,433,5253080,0.0972555,0.26,1,64419,63986,433
9712981,3.1736,3.01642,434,5254540,0.0749022,0.28,1,64420,63986,434
9715901,2.46944,4.80657,430,5256000,0.0599609,0.28,1,64422,63992,430
9718821,2.18778,1.92263,432,5257460,0.0239843,0.28,1,64424,63992,432
9721741,2.07511,0.769051,434,5258920,0.0575937,0.28,1,64426,63992,434
9723381,1.43004,0.30762,435,5260380,0.0590375,0.29,1,64427,63992,435
9745661,2.07643,0.683998,434,5272060,0.0830489,0.12,1,64445,64011,434
9748341,2.03057,0.273599,436,5273520,0.0452196,0.25,1,64447,64011,436
9751261,2.01223,1.90944,435,5274980,0.0180878,0.25,1,64449,64014,435
9762301,1.96191,1.00888,432,5280820,0.080815,0.26,1,64456,64024,432
9765221,1.98477,0.403553,434,5282280,0.044326,0.26,1,64458,64024,434
9767061,1.39391,0.161421,435,5283740,0.0537304,0.13,1,64459,64024,435
9775181,2.92121,8.67433,423,5288120,0.0667987,0.13,1,64469,64046,423
9783701,2.05896,0.555157,429,5292500,0.201315,0.04,1,64475,64046,429
9794101,6.12951,4.96781,432,5298340,0.0601617,0.13,1,64502,64070,432
9796181,4.2518,8.58712,424,5299800,0.0240647,0.08,1,64505,64081,424
9797841,2.30072,5.23485,422,5301260,0.00962586,0.04,1,64506,64084,422
9800761,3.92029,5.09394,422,5302720,0.0278503,0.04,1,64511,64089,422
9803041,2.16812,2.03758,423,5304180,0.0651401,0,1,64512,64089,423
9805961,5.06725,5.61503,422,5305640,0.0380561,0,1,64519,64097,422
9808881,3.2269,2.24601,424,5307100,0.0152224,0,1,64521,64097,424
9811361,1.89076,0.898405,425,5308560,0.00608897,0,1,64522,64097,425
9814281,4.9563,5.75936,423,5310020,0.0384356,0,1,64529,64106,423
9817201,3.18252,2.30374,425,5311480,0.0273742,0,1,64531,64106,425
9819681,1.87301,0.921498,426,5312940,0.0109497,0.06,1,64532,64106,426
9821761,3.1492,4.5686,423,5314400,0.0523799,0.09,1,64536,64113,423
9829461,169.162,128.02,494,5318780,0.0599923,0.1,1,64835,64341,494
9843601,4.38373,4.35221,430,5326080,0.221645,0.06,1,64852,64422,430
9846521,2.95349,4.74088,427,5327540,0.238658,0.06,1,64854,64427,427
9849441,2.3814,1.89635,429,5329000,0.215463,0.06,1,64856,64427,429
9860681,2.16336,1.20055,426,5334840,0.226988,0.17,1,64865,64439,426
9863601,2.06535,0.480219,428,5336300,0.216795,0.17,1,64867,64439,428
9865441,1.42614,0.192087,429,5337760,0.200718,0,1,64868,64439,429
9871281,2.62818,2.43073,426,5340680,0.0753149,0,1,64875,64449,426
9881881,1.77608,6.66223,422,5346520,0.0990801,0.23,1,64882,64460,422
9884801,1.91043,2.66489,424,5347980,0.063632,0.23,1,64884,64460,424
9887721,1.96417,1.06596,426,5349440,0.0614528,0.23,1,64886,64460,426
9890641,1.98567,0.426382,428,5350900,0.0365811,0.23,1,64888,64460,428
9893561,1.99427,0.170553,430,5352360,0.0146324,0.23,1,64890,64460,430
9920361,10.7688,14.4408,424,5366960,0.0587143,0,1,64927,64503,424
9923281,5.50754,5.77633,426,5368420,0.0234857,0,1,64929,64503,426
9926181,6.40302,2.31053,433,5369880,0.0933943,0.11,1,64936,64503,433
9929101,3.76121,8.12421,423,5371340,0.0973577,0.11,1,64938,64515,423
9932021,2.70448,3.24968,425,5372800,0.0929431,0.11,1,64940,64515,425
9934081,1.68179,1.29987,426,5374260,0.0791772,0,1,64941,64515,426
9937001,3.67272,5.91995,422,5375720,0.0436709,0,1,64946,64524,422
9939921,2.66909,2.36798,424,5377180,0.0174684,0,1,64948,64524,424
9942401,1.66763,0.947192,425,5378640,0.00698734,0.1,1,64949,64524,425
9945321,8.46705,6.97888,427,5380100,0.00279494,0.1,1,64962,64535,427
9960921,173.669,169.617,430,5388860,0.061271,0.3,1,65271,64841,430
9963841,70.6675,67.847,432,5390320,0.0245084,0.3,1,65273,64841,432
9966321,28.867,27.1388,433,5391780,0.0698033,0.25,1,65274,64841,433
9986321,2.04586,0.498813,429,5402000,0.230076,0.26,1,65294,64865,429
9988161,1.41834,0.199525,430,5403460,0.24203,0.12,1,65295,64865,430
9991081,4.76734,9.07981,422,5404920,0.246812,0.12,1,65302,64880,422
9994001,3.10694,3.63192,424,5406380,0.224725,0.12,1,65304,64880,424
9996921,2.44277,1.45277,426,5407840,0.26989,0.12,1,65306,64880,426
9999841,2.17711,0.581108,428,5409300,0.257956,0.12,1,65308,64880,428
10002761,2.07084,0.232443,430,5410760,0.271182,0.12,1,65310,64880,430
10005681,2.02834,0.0929772,432,5412220,0.252473,0.12,1,65312,64880,432
10007921,1.41133,0.0371909,433,5413680,0.232989,0.24,1,65313,64880,433
10013761,1.90581,2.88595,425,5416600,0.210078,0.24,1,65317,64892,425
10024561,1.39759,0.0738803,432,5422440,0.07997,0.25,1,65324,64892,432
10040161,1.30153,1.02789,427,5431200,0.202479,0.11,1,65334,64907,427
10046001,3.32825,3.28446,424,5434120,0.0587966,0.11,1,65344,64920,424
10059321,2.80464,1.39683,426,5441420,0.0819141,0.11,1,65365,64939,426
10067221,2.7235,3.4494,425,5445800,0.0974025,0.06,1,65378,64953,425
10070141,2.2894,1.37976,427,5447260,0.062961,0.06,1,65380,64953,427
10073061,2.11576,0.551904,429,5448720,0.0851844,0.06,1,65382,64953,429
10074901,5.6463,0.220761,437,5450180,0.0940738,0.08,1,65390,64953,437
10077821,3.45852,9.6883,423,5451640,0.0736295,0.08,1,65392,64969,423
10080741,2.58341,3.87532,425,5453100,0.0414518,0.08,1,65394,64969,425
10083661,2.23336,1.55013,427,5454560,0.0165807,0.08,1,65396,64969,427
10085301,14.0933,0.620051,449,5456020,0.0426323,0.02,1,65418,64969,449
10088221,6.83734,13.448,429,5457480,0.0290529,0.02,1,65420,64991,429
10091961,100.694,175.552,426,5460400,0.0910485,0.23,1,65706,65280,426
10103201,6.11057,6.89412,430,5466240,0.0990988,0.11,1,65720,65290,430
10107761,2.05769,1.10306,433,5469160,0.0962558,0.25,1,65723,65290,433
10110681,2.02308,3.44122,430,5470620,0.0625023,0.25,1,65725,65295,430
10113601,2.00923,1.37649,432,5472080,0.0250009,0.25,1,65727,65295,432
10116521,2.00369,0.550596,434,5473540,0.0580004,0.25,1,65729,65295,434
10124401,2.19224,2.43524,432,5477920,0.077152,0.19,1,65737,65305,432
10127321,2.07689,6.3741,425,5479380,0.0428608,0.19,1,65739,65314,425
10130241,2.03076,2.54964,427,5480840,0.0171443,0.19,1,65741,65314,427
10144801,2.00031,1.94611,429,5488140,0.0839068,0.11,1,65751,65322,429
10156241,2.00001,2.92982,425,5493980,0.249636,0.21,1,65759,65334,425
10159161,2,1.17193,427,5495440,0.255854,0.21,1,65761,65334,427
10162081,2,0.468771,429,5496900,0.270342,0.21,1,65763,65334,429
10165001,2,0.187508,431,5498360,0.246137,0.21,1,65765,65334,431
10167921,2,0.0750034,433,5499820,0.212455,0.21,1,65767,65334,433
10194301,2.61288,5.92676,423,5514420,0.0862378,0.06,1,65802,65379,423
10197221,2.24515,2.3707,425,5515880,0.0464951,0.06,1,65804,65379,425
10199701,3.89806,0.948281,430,5517340,0.0185981,0,1,65809,65379,430
10202621,2.75922,5.77931,423,5518800,0.0434392,0,1,65811,65388,423
10204901,6.50369,2.31172,432,5520260,0.0653757,0.02,1,65820,65388,432
10207821,3.80148,4.52469,428,5521720,0.0501503,0.02,1,65822,65394,428
10210101,2.12059,1.80988,429,5523180,0.0320601,0.04,1,65823,65394,429
10213021,2.04824,4.32395,425,5524640,0.012824,0.04,1,65825,65400,425
10219041,122.723,6.51673,623,5529020,0.204581,0.09,1,66049,65426,623
10229861,13.2313,16.5252,435,5534860,0.0544853,0.19,1,66152,65717,435
10232781,6.49252,15.0101,423,5536320,0.0217941,0.19,1,66154,65731,423
10235701,3.79701,6.00404,425,5537780,0.0687176,0.19,1,66156,65731,425
10252961,2.00736,2.42459,427,5546540,0.0819007,0,1,66168,65741,427
10263361,2.62419,1.74207,430,5552380,0.0766887,0.12,1,66178,65748,430
10266281,2.24968,0.696828,432,5553840,0.0426755,0.12,1,66180,65748,432
10274381,1.77598,2.4446,433,5558220,0.0929712,0.19,1,66185,65752,433
10276661,1.31039,0.977839,434,5559680,0.0731885,0.28,1,66186,65752,434
10279581,1.72416,5.19114,428,5561140,0.0412754,0.28,1,66188,65760,428
10282501,1.88966,2.07645,430,5562600,0.0165102,0.28,1,66190,65760,430
10285421,1.95587,0.830582,432,5564060,0.0426041,0.28,1,66192,65760,432
10288101,1.98235,0.332233,434,5565520,0.0290416,0.28,1,66194,65760,434
10291021,1.99294,6.13289,426,5566980,0.0476166,0.28,1,66196,65770,426
10293941,1.99718,2.45316,428,5568440,0.0310467,0.28,1,66198,65770,428
10296861,1.99887,0.981263,430,5569900,0.0124187,0.28,1,66200,65770,430
10299781,1.99955,0.392505,432,5571360,0.00496746,0.28,1,66202,65770,432
10308501,2.28797,2.66512,430,5575740,0.201198,0.23,1,66211,65781,430
10316601,3.41043,6.29057,422,5580120,0.0819967,0.13,1,66221,65799,422
10321381,4.62567,1.00649,430,5583040,0.223119,0,1,66229,65799,430
10324301,3.05027,5.2026,424,5584500,0.239248,0,1,66231,65807,424
10327221,2.42011,2.08104,426,5585960,0.227699,0,1,66233,65807,426
10329701,2.76804,0.832415,429,5587420,0.20508,0.08,1,66236,65807,429
10337821,4.92915,7.42127,428,5591800,0.0908851,0.06,1,66254,65826,428
10340741,3.17166,2.96851,430,5593260,0.048354,0.06,1,66256,65826,430
10343661,2.46866,1.1874,432,5594720,0.0553416,0.06,1,66258,65826,432
10345301,14.1875,0.474962,454,5596180,0.0461366,0.06,1,66280,65826,454
10348221,8.07499,19.39,426,5597640,0.0184547,0.06,1,66284,65858,426
10349041,123.83,7.75599,627,5599100,0.0553819,0.32,1,66485,65858,627
10368181,2.13936,2.29781,428,5609320,0.202127,0.15,1,66586,66158,428
10385261,2.00057,0.808132,427,5618080,0.0761284,0.1,1,66598,66171,427
10387941,2.60023,0.323253,430,5619540,0.0664514,0.02,1,66601,66171,430
10390861,2.24009,5.5293,423,5621000,0.0385805,0.02,1,66603,66180,423
10393761,2.09604,2.21172,425,5622460,0.0154322,0.06,1,66605,66180,425
10436401,1.99962,0.430286,430,5644360,0.0849209,0.1,1,66641,66211,430
10439321,6.19985,4.37211,432,5645820,0.0699684,0.1,1,66650,66218,432
10442241,3.67994,1.74885,434,5647280,0.0399873,0.1,1,66652,66218,434
10444721,2.07198,0.699538,435,5648740,0.0159949,0.15,1,66653,66218,435
10446801,1.42879,3.27982,431,5650200,0.00639798,0.21,1,66654,66223,431
10449721,4.77152,8.51193,426,5651660,0.0505592,0.21,1,66661,66235,426
10452641,3.10861,3.40477,428,5653120,0.0442237,0.21,1,66663,66235,428
10476761,18.221,16.0522,426,5666260,0.09142,0,1,66714,66288,426
10479041,7.88841,6.4209,427,5667720,0.048568,0.2,1,66715,66288,427
10489861,15.9411,15.7548,435,5673560,0.237451,0.13,1,67009,66574,435
10494861,6.15058,14.0408,423,5676480,0.213192,0.05,1,67021,66598,423
10497781,3.66023,5.61631,425,5677940,0.289277,0.05,1,67023,66598,425
10506541,2.10625,0.359443,431,5682320,0.297874,0.05,1,67029,66598,431
10509461,2.0425,0.143777,433,5683780,0.263149,0.05,1,67031,66598,433
10512381,2.017,0.0575109,435,5685240,0.21926,0.05,1,67033,66598,435
10514821,1.4068,0.0230044,436,5686700,0.231704,0.28,1,67034,66598,436
10517741,1.76272,7.2092,426,5688160,0.212682,0.28,1,67036,66610,426
10526261,3.78481,0.461389,435,5692540,0.0553716,0.12,1,67045,66610,435
10529181,2.71393,4.98456,429,5694000,0.0221486,0.12,1,67047,66618,429
10531461,1.68557,1.99382,430,5695460,0.00885946,0.17,1,67048,66618,430
10537301,1.94969,1.51901,429,5698380,0.212618,0.17,1,67052,66623,429
10539361,1.37988,0.607605,430,5699840,0.217047,0.13,1,67053,66623,430
10545201,1.90078,2.25722,425,5702760,0.227928,0.13,1,67057,66632,425
10548121,1.96031,0.902887,427,5704220,0.217171,0.13,1,67059,66632,427
10567441,2.03987,0.201159,430,5714440,0.0756824,0.14,1,67075,66645,430
10573281,3.68638,3.15219,428,5717360,0.0973092,0.14,1,67086,66658,428
10576201,2.67455,1.26087,430,5718820,0.0689237,0.14,1,67088,66658,430
10577841,1.66982,0.50435,431,5720280,0.0455695,0.12,1,67089,66658,431
10589081,4.75155,3.95851,428,5726120,0.0428306,0.14,1,67101,66673,428
10592001,3.10062,1.5834,430,5727580,0.0891322,0.14,1,67103,66673,430
10597401,6.7361,6.85335,430,5730500,0.224261,0.22,1,67114,66684,430
10600321,3.89444,2.74134,432,5731960,0.209704,0.22,1,67116,66684,432
10613001,181.63,177.273,431,5739260,0.210016,0.2,1,67443,67012,431
10615921,73.8519,70.9091,433,5740720,0.210006,0.2,1,67445,67012,433
10651481,1.76206,4.80707,429,5759700,0.0865434,0,1,67475,67046,429
10654401,1.90482,1.92283,431,5761160,0.0466173,0,1,67477,67046,431
10656881,1.36193,0.769131,432,5762620,0.0186469,0.24,1,67478,67046,432
10659801,2.94477,3.90765,430,5764080,0.0914588,0.24,1,67482,67052,430
10662721,2.97791,1.56306,433,5765540,0.0845835,0.24,1,67485,67052,433
10665201,1.79116,0.625224,434,5767000,0.0698334,0.26,1,67486,67052,434
10676881,1.99465,0.515206,429,5772840,0.0817557,0.26,1,67494,67065,429
10679801,1.99786,0.206082,431,5774300,0.0447023,0.26,1,67496,67065,431
10682721,1.99914,0.0824329,433,5775760,0.0418809,0.26,1,67498,67065,433
10696221,1.96159,1.21044,427,5783060,0.0640577,0.21,1,67507,67080,427
10698481,1.38464,0.484178,428,5784520,0.0376231,0.16,1,67508,67080,428
10701401,3.55385,6.79367,422,5785980,0.0150492,0.16,1,67513,67091,422
10717201,2.03996,0.507827,434,5794740,0.224638,0.13,1,67530,67096,434
10719281,3.21599,3.80313,432,5796200,0.203855,0.28,1,67534,67102,432
10729901,3.47113,5.84296,428,5802040,0.226499,0.12,1,67548,67120,428
10732821,2.58845,2.33718,430,5803500,0.246599,0.12,1,67550,67120,430
10735741,2.23538,0.934874,432,5804960,0.23064,0.12,1,67552,67120,432
10744041,111.34,184.416,426,5809340,0.220464,0.17,1,67876,67450,426
10746961,45.7362,73.7664,428,5810800,0.232186,0.17,1,67878,67450,428
10749881,19.4945,29.5065,430,5812260,0.212874,0.17,1,67880,67450,430
10756721,3.14365,4.04842,428,5816640,0.200344,0.21,1,67887,67459,428
10762561,2.66298,3.04775,424,5819560,0.216855,0.21,1,67893,67469,424
10765481,2.26519,1.2191,426,5821020,0.200742,0.21,1,67895,67469,426
10774201,2.01697,4.87802,424,5825400,0.0872475,0.02,1,67901,67477,424
10796241,2.03995,0.172157,431,5837080,0.0936153,0.12,1,67919,67488,431
10799161,4.41598,9.06886,422,5838540,0.0374461,0.12,1,67925,67503,422
10813761,2.02474,0.0928651,432,5845840,0.0880122,0.12,1,67935,67503,432
10828301,2.00025,0.576951,436,5853140,0.0722004,0,1,67945,67509,436
10830981,2.0001,0.23078,438,5854600,0.0408802,0.33,1,67947,67509,438
10844301,4.88,10.956,429,5861900,0.0733594,0.14,1,67966,67537,429
10847221,3.152,4.38239,431,5863360,0.0293438,0.14,1,67968,67537,431
10850141,2.4608,1.75295,433,5864820,0.0117375,0.14,1,67970,67537,433
10852401,1.58432,0.701182,434,5866280,0.064695,0.3,1,67971,67537,434
10855321,6.03373,6.88047,432,5867740,0.097878,0.3,1,67980,67548,432
10857601,3.01349,2.75219,433,5869200,0.0991512,0.15,1,67981,67548,433
10860521,2.4054,5.30088,428,5870660,0.0756605,0.15,1,67983,67555,428
10868841,12.5859,15.9393,425,5875040,0.242202,0.12,1,68006,67581,425
10871121,5.63438,6.3757,426,5876500,0.246881,0,1,68007,67581,426
10876541,74.5815,109.38,430,5879420,0.0995009,0.17,1,68311,67881,430
10879461,31.0326,43.752,432,5880880,0.0518004,0.17,1,68313,67881,432
10895681,2.05364,2.26817,426,5889640,0.0946013,0.08,1,68326,67900,426
10898601,2.02145,0.907267,428,5891100,0.0498405,0.08,1,68328,67900,428
10901521,2.00858,0.362907,430,5892560,0.0679362,0.08,1,68330,67900,430
10928141,2.07782,1.06901,428,5907160,0.0852419,0.25,1,68354,67926,428
10944161,2.02336,0.396059,428,5915920,0.0963376,0.14,1,68366,67938,428
10947041,2.00934,0.158423,430,5917380,0.0625351,0.09,1,68368,67938,430
10949961,2.00374,3.06337,427,5918840,0.025014,0.09,1,68370,67943,427
10971381,7.47435,1.09487,436,5930520,0.0739382,0.04,1,68396,67960,436
10974301,4.18974,8.83795,424,5931980,0.0295753,0.04,1,68398,67974,424
10984901,2.65606,0.226251,433,5937820,0.0691091,0.1,1,68407,67974,433
10986981,6.46242,4.2905,435,5939280,0.0756437,0.15,1,68416,67981,435
10989901,3.78497,7.1162,428,5940740,0.0542575,0.15,1,68418,67990,428
10992821,2.71399,2.84648,430,5942200,0.021703,0.15,1,68420,67990,430
10995741,2.2856,1.13859,432,5943660,0.00868119,0.15,1,68422,67990,432
11001341,5.6457,16.3822,424,5946580,0.219789,0.25,1,68441,68017,424
11002161,122.258,6.55287,624,5948040,0.0999156,0.2,1,68641,68017,624
11005081,111.903,184.421,426,5948040,0.0759662,0.2,1,68746,68320,426
11008001,45.9613,73.7685,428,5949500,0.0423865,0.2,1,68748,68320,428
11010921,19.5845,29.5074,430,5950960,0.0889546,0.2,1,68750,68320,430
11013841,9.03381,11.803,432,5952420,0.0835818,0.2,1,68752,68320,432
11015681,4.21352,4.72118,433,5953880,0.0694327,0.08,1,68753,68320,433
11018601,2.88541,7.88847,425,5955340,0.0397731,0.08,1,68755,68330,425
11021521,2.35416,3.15539,427,5956800,0.0159092,0.08,1,68757,68330,427
11024441,2.14167,1.26216,429,5958260,0.0783637,0.08,1,68759,68330,429
11027361,2.05667,0.504862,431,5959720,0.0793455,0.08,1,68761,68330,431
11029201,1.42267,0.201945,432,5961180,0.0677382,0.12,1,68762,68330,432
11032121,1.76907,4.88078,426,5962640,0.0390953,0.12,1,68764,68338,426
11035041,1.90763,1.95231,428,5964100,0.0156381,0.12,1,68766,68338,428
11037941,1.96305,0.780924,430,5965560,0.00625524,0.16,1,68768,68338,430
11040861,1.98522,4.51237,425,5967020,0.0025021,0.16,1,68770,68345,425
11046701,1.99764,0.721979,429,5969940,0.2116,0.16,1,68774,68345,429
11052301,3.19962,9.11552,423,5972860,0.231856,0.1,1,68783,68360,423
11055221,2.47985,3.64621,425,5974320,0.242742,0.1,1,68785,68360,425
11058141,2.19194,1.45848,427,5975780,0.229097,0.1,1,68787,68360,427
11074761,1.74543,2.63637,427,5984540,0.252998,0,1,68797,68370,427
11077681,1.89817,1.05455,429,5986000,0.245199,0,1,68799,68370,429
11079541,1.35927,0.42182,430,5987460,0.23008,0.14,1,68800,68370,430
11088281,4.95899,9.411,422,5991840,0.212245,0.11,1,68811,68389,422
11091201,3.1836,3.7644,424,5993300,0.210898,0.11,1,68813,68389,424
11097041,2.18938,0.602304,428,5996220,0.266544,0.11,1,68817,68389,428
11099921,2.07575,0.240921,430,5997680,0.268617,0,1,68819,68389,430
11102001,1.4303,5.49637,422,5999140,0.257447,0.14,1,68820,68398,422
11110761,3.30754,1.79177,427,6003520,0.0524766,0.14,1,68840,68413,427
11118441,6.64368,6.71467,429,6007900,0.0662385,0.21,1,68853,68424,429
11121361,3.85747,2.68587,431,6009360,0.0264954,0.21,1,68855,68424,431
11132161,122.125,2.2355,629,6016660,0.0486169,0.08,1,69076,68447,629
11140501,19.672,45.8391,425,6019580,0.237111,0.08,1,69186,68761,425
11143421,9.06879,18.3356,427,6021040,0.232845,0.08,1,69188,68761,427
11146341,4.82752,7.33425,429,6022500,0.207138,0.08,1,69190,68761,429
11157961,2.07238,6.18776,427,6028340,0.0751427,0.28,1,69198,68771,427
11160881,2.02895,2.4751,429,6029800,0.0300571,0.28,1,69200,68771,429
11163801,2.01158,0.990041,431,6031260,0.0120228,0.28,1,69202,68771,431
11166721,2.00463,0.396016,433,6032720,0.00480913,0.28,1,69204,68771,433
11187501,2.94219,6.20916,428,6044400,0.202497,0.15,1,69222,68794,428
11190421,2.37687,2.48366,430,6045860,0.206999,0.15,1,69224,68794,430
11202881,1.30786,0.745433,435,6053160,0.0769805,0.29,1,69232,68797,435
11205801,1.72314,5.09817,429,6054620,0.0427922,0.29,1,69234,68805,429
11208721,1.88926,2.03927,431,6056080,0.0891169,0.29,1,69236,68805,431
11228081,1.98446,0.579341,429,6066300,0.216603,0.25,1,69249,68820,429
11230961,1.99378,0.231736,431,6067760,0.200641,0.18,1,69251,68820,431
11233041,6.79751,7.29269,429,6069220,0.200257,0.13,1,69261,68832,429
11238881,4.2076,4.52683,425,6072140,0.041641,0.13,1,69271,68846,425
11241801,2.88304,1.81073,427,6073600,0.0526564,0.13,1,69273,68846,427
11249481,6.01651,9.71589,423,6077980,0.07873,0.17,1,69285,68862,423
11252401,3.60661,3.88635,425,6079440,0.031492,0.17,1,69287,68862,425
11259881,12.6628,14.0487,425,6083820,0.219695,0.1,1,69310,68885,425
11262161,6.26513,5.61949,427,6085280,0.225878,0,1,69312,68885,427
11270501,31.169,44.9996,425,6089660,0.0691762,0.13,1,69619,69194,425
11273421,13.6676,17.9999,427,6091120,0.0756705,0.13,1,69621,69194,427
11284221,2.05869,5.8608,425,6096960,0.0994732,0,1,69628,69203,425
11287141,2.02348,2.34432,427,6098420,0.0637893,0,1,69630,69203,427
11290061,2.00939,0.937727,429,6099880,0.0255157,0,1,69632,69203,429
11292981,2.00376,0.375091,431,6101340,0.0102063,0,1,69634,69203,431
11295861,2.0015,0.150036,433,6102800,0.00408251,0.1,1,69636,69203,433
11307541,2.00004,0.311041,433,6108640,0.0999445,0.1,1,69644,69211,433
11309381,1.40002,0.124416,434,6110100,0.0759778,0.21,1,69645,69211,434
11322701,2.95386,6.20095,425,6117400,0.0984676,0.02,1,69659,69234,425
11325621,2.38154,2.48038,427,6118860,0.063387,0.02,1,69661,69234,427
11328541,2.15262,0.992153,429,6120320,0.0253548,0.02,1,69663,69234,429
11363461,6.85742,1.15658,434,6139300,0.0696749,0.06,1,69695,69261,434
11389461,14.7544,0.542754,456,6153900,0.0716032,0.04,1,69748,69292,456
11396121,107.936,185.819,422,6156820,0.0600226,0.12,1,70048,69626,422
11399041,44.3745,74.3275,424,6158280,0.096009,0.12,1,70050,69626,424
11409841,2.48479,1.90278,431,6164120,0.0961538,0,1,70057,69626,431
11412761,2.19391,6.16111,424,6165580,0.0624615,0,1,70059,69635,424
11415681,2.07757,2.46445,426,6167040,0.0249846,0,1,70061,69635,426
11418601,2.03103,0.985778,428,6168500,0.00999384,0,1,70063,69635,428
11421521,2.01241,0.394311,430,6169960,0.00399754,0,1,70065,69635,430
11423361,1.40496,0.157724,431,6171420,0.00159901,0.14,1,70066,69635,431
11426281,1.76199,3.66309,427,6172880,0.0966396,0.14,1,70068,69641,427
11429201,1.90479,1.46524,429,6174340,0.0986558,0.14,1,70070,69641,429
11432121,1.96192,0.586094,431,6175800,0.0754623,0.14,1,70072,69641,431
11442941,1.99903,1.167,427,6181640,0.0818998,0.21,1,70080,69653,427
11445861,1.99961,0.466802,429,6183100,0.0447599,0.21,1,70082,69653,429
11448321,1.39984,0.186721,430,6184560,0.017904,0.2,1,70083,69653,430
11458721,1.57664,0.42718,431,6190400,0.0928103,0.17,1,70095,69664,431
11461641,1.83065,4.37087,426,6191860,0.0611241,0.17,1,70097,69671,426
11464561,1.93226,1.74835,428,6193320,0.0244497,0.17,1,70099,69671,428
11473081,3.19566,8.51189,422,6197700,0.0697248,0.17,1,70107,69685,422
11476001,2.47827,3.40476,424,6199160,0.0278899,0.17,1,70109,69685,424
11478921,2.19131,1.3619,426,6200620,0.071156,0.17,1,70111,69685,426
11481841,2.07652,0.544761,428,6202080,0.0644624,0.17,1,70113,69685,428
11487681,2.01224,0.0871618,432,6205000,0.207114,0.17,1,70117,69685,432
11492001,2.60196,6.01395,430,6207920,0.202338,0.18,1,70125,69695,430
11503681,2.20741,0.614757,431,6213760,0.0952759,0.18,1,70138,69707,431
11505941,1.48296,0.245903,432,6215220,0.0741103,0.23,1,70139,69707,432
11515921,2.30836,1.0623,431,6221060,0.217369,0.23,1,70155,69724,431
11525701,177.141,125.754,514,6226900,0.238461,0.1,1,70478,69964,514
11547541,3.91478,0.403253,435,6238580,0.268427,0.14,1,70497,70062,435
11550461,2.76591,8.5613,423,6240040,0.221371,0.14,1,70499,70076,423
11553381,2.30636,3.42452,425,6241500,0.298548,0.14,1,70501,70076,425
11559221,2.04902,0.547923,429,6244420,0.284168,0.14,1,70505,70076,429
11562141,2.01961,0.219169,431,6245880,0.239667,0.14,1,70507,70076,431
11588121,2.57601,1.35684,428,6259020,0.0843558,0.12,1,70531,70103,428
11591041,2.2304,0.542735,430,6260480,0.0457423,0.12,1,70533,70103,430
11608301,2.00094,1.05822,431,6269240,0.201127,0.29,1,70545,70114,431
11611221,2.00038,0.423289,433,6270700,0.212451,0.29,1,70547,70114,433
11624501,3.368,2.91313,434,6278000,0.0904763,0.25,1,70566,70132,434
11627421,2.5472,7.16525,426,6279460,0.0481905,0.25,1,70568,70142,426
11630341,2.21888,2.8661,428,6280920,0.0672762,0.25,1,70570,70142,428
11662161,30.7058,30.1207,432,6298440,0.0839426,0.35,1,70921,70489,432
11665081,13.4823,12.0483,434,6299900,0.051577,0.35,1,70923,70489,434
11670881,3.83717,1.92773,438,6302820,0.202652,0.31,1,70927,70489,438
11673801,2.73487,9.17109,426,6304280,0.207061,0.31,1,70929,70503,426
11676721,2.29395,3.66844,428,6305740,0.274824,0.31,1,70931,70503,428
11684401,1.41881,0.23478,433,6310120,0.299589,0.14,1,70936,70503,433
11687321,1.76753,4.29391,428,6311580,0.263836,0.14,1,70938,70510,428
11690241,1.90701,1.71756,430,6313040,0.219534,0.14,1,70940,70510,430
11698761,1.99405,8.50992,422,6317420,0.0908502,0.21,1,70946,70524,422
11701681,1.99762,3.40397,424,6318880,0.22234,0.21,1,70948,70524,424
11704601,1.99905,1.36159,426,6320340,0.244936,0.21,1,70950,70524,426
11707521,1.99962,0.544635,428,6321800,0.229974,0.21,1,70952,70524,428
11713321,4.99994,6.08714,427,6324720,0.229996,0.19,1,70961,70534,427
11716241,3.19998,2.43486,429,6326180,0.211998,0.19,1,70963,70534,429
11730601,2.01229,1.27293,426,6333480,0.217316,0.22,1,70973,70547,426
11733521,2.00492,0.509173,428,6334940,0.212927,0.22,1,70975,70547,428
11736441,2.00197,0.203669,430,6336400,0.247171,0.22,1,70977,70547,430
11738481,1.40079,0.0814677,431,6337860,0.248868,0.16,1,70978,70547,431
11744321,3.10413,3.37303,426,6340780,0.219819,0.16,1,70987,70561,426
11747241,2.44165,1.34921,428,6342240,0.213928,0.16,1,70989,70561,428
11755141,2.22027,2.72635,425,6346620,0.0684114,0.17,1,70997,70572,425
11765741,2.48564,3.66979,429,6352460,0.214631,0.11,1,71007,70578,429
11768661,2.19426,1.46792,431,6353920,0.211853,0.11,1,71009,70578,431
11771141,5.6777,0.587167,439,6355380,0.294741,0.2,1,71017,70578,439
11774061,3.47108,7.43487,429,6356840,0.297896,0.2,1,71019,70590,429
11776981,2.58843,2.97395,431,6358300,0.269159,0.2,1,71021,70590,431
11779901,2.23537,1.18958,433,6359760,0.233663,0.2,1,71023,70590,433
11784461,9.47766,26.5903,424,6362680,0.241386,0.11,1,71058,70634,424
11785281,123.791,10.6361,624,6364140,0.0965545,0.1,1,71258,70634,624
11790281,46.8066,72.2618,435,6367060,0.269849,0.05,1,71357,70922,435
11792561,19.3226,28.9047,436,6368520,0.287939,0.29,1,71358,70922,436
11795481,8.92905,19.9619,424,6369980,0.271176,0.29,1,71360,70936,424
11798401,4.77162,7.98475,426,6371440,0.25247,0.29,1,71362,70936,426
11801321,3.10865,3.1939,428,6372900,0.238988,0.29,1,71364,70936,428
11804241,2.44346,1.27756,430,6374360,0.275595,0.29,1,71366,70936,430
11807161,2.17738,0.511024,432,6375820,0.284238,0.29,1,71368,70936,432
11810081,2.07095,0.20441,434,6377280,0.263695,0.29,1,71370,70936,434
11813001,2.02838,0.0817638,436,6378740,0.231478,0.29,1,71372,70936,436
11814821,1.41135,0.0327055,437,6380200,0.200591,0.33,1,71373,70936,437
11823581,1.96233,1.05809,432,6384580,0.0769178,0.33,1,71379,70947,432
11828961,1.39397,0.169295,435,6387500,0.218707,0.27,1,71382,70947,435
11831881,1.75759,7.86772,424,6388960,0.225483,0.27,1,71384,70960,424
11834801,1.90304,3.14709,426,6390420,0.204193,0.27,1,71386,70960,426
11840641,1.98449,0.503534,430,6393340,0.248671,0.27,1,71390,70960,430
11851021,2.1532,6.49289,427,6399180,0.20523,0.21,1,71402,70975,427
11853941,2.06128,2.59716,429,6400640,0.214092,0.21,1,71404,70975,429
11862661,2.00392,0.166218,435,6405020,0.208582,0.26,1,71410,70975,435
11865581,2.00157,7.26649,425,6406480,0.245433,0.26,1,71412,70987,425
11868501,2.00063,2.90659,427,6407940,0.236173,0.26,1,71414,70987,427
11871421,2.00025,1.16264,429,6409400,0.202469,0.26,1,71416,70987,429
11875981,3.44004,4.98602,431,6412320,0.206395,0.08,1,71426,70995,431
11878901,2.57602,1.99441,433,6413780,0.214558,0.08,1,71428,70995,433
11884301,3.05216,6.91911,430,6416700,0.238329,0.28,1,71436,71006,430
11887221,2.42086,2.76764,432,6418160,0.251332,0.28,1,71438,71006,432
11890141,2.16835,1.10706,434,6419620,0.232533,0.28,1,71440,71006,434
11893061,2.06734,0.442823,436,6421080,0.201013,0.28,1,71442,71006,436
11900741,1.90831,3.14834,428,6425460,0.0956648,0.3,1,71447,71019,428
11914461,8.81122,19.693,428,6432760,0.265853,0.16,1,71491,71063,428
11918401,110.61,179.551,433,6435680,0.282537,0.25,1,71790,71357,433
11927161,8.95103,12.7393,426,6440060,0.289042,0.25,1,71796,71370,426
11930081,4.78041,5.0957,428,6441520,0.241617,0.25,1,71798,71370,428
11935921,2.44487,0.815312,432,6444440,0.247459,0.25,1,71802,71370,432
11938161,1.57795,0.326125,433,6445900,0.248984,0.05,1,71803,71370,433
11941081,2.43118,5.53045,427,6447360,0.279593,0.05,1,71806,71379,427
11944001,2.17247,2.21218,429,6448820,0.261837,0.05,1,71808,71379,429
11957521,1.90577,2.66265,427,6456120,0.274889,0.3,1,71817,71390,427
11960441,1.96231,1.06506,429,6457580,0.235956,0.3,1,71819,71390,429
11971241,1.75904,3.62727,430,6463420,0.298072,0.16,1,71826,71396,430
11972901,3.10361,1.45091,434,6464880,0.233229,0.29,1,71830,71396,434
11981641,3.27063,8.37286,424,6469260,0.283007,0.23,1,71838,71414,424
11990401,2.08132,0.535863,430,6473640,0.288112,0.23,1,71844,71414,430
11993321,2.03253,0.214345,432,6475100,0.295245,0.23,1,71846,71414,432
11996241,2.01301,0.085738,434,6476560,0.274098,0.23,1,71848,71414,434
11997861,2.0052,0.0342952,436,6478020,0.265639,0.29,1,71850,71414,436
12000781,3.20208,6.61372,429,6479480,0.214256,0.29,1,71854,71425,429
12003681,3.08083,2.64549,432,6480940,0.289702,0.26,1,71857,71425,432
12015121,2.41167,0.566924,437,6486780,0.276648,0.28,1,71875,71438,437
12018041,2.16467,8.02677,426,6488240,0.236659,0.28,1,71877,71451,426
12026801,2.01054,0.513713,432,6492620,0.290666,0.28,1,71883,71451,432
12034681,5.96067,8.43288,430,6497000,0.290043,0.23,1,71895,71465,430
12037601,3.58427,3.37315,432,6498460,0.254017,0.23,1,71897,71465,432
12040081,2.03371,1.34926,433,6499920,0.227607,0.27,1,71898,71465,433
12043001,21.2135,18.5397,437,6501380,0.265043,0.27,1,71932,71495,437
12045281,9.08539,7.41588,438,6502840,0.268017,0.12,1,71933,71495,438
12050281,114.014,112.307,432,6505760,0.270883,0.19,1,72231,71799,432
12056121,19.9222,17.969,436,6508680,0.414141,0.19,1,72235,71799,436
12066721,2.36281,2.86001,433,6514520,0.299898,0.42,1,72242,71809,433
12072561,2.05805,0.457601,437,6517440,0.417584,0.42,1,72246,71809,437
12074401,1.42322,0.18304,438,6518900,0.443033,0.4,1,72247,71809,438
12077321,2.36929,6.67322,430,6520360,0.411213,0.4,1,72250,71820,430
12083161,2.05909,1.06771,434,6523280,0.425794,0.4,1,72254,71820,434
12086081,2.02363,0.427086,436,6524740,0.416318,0.4,1,72256,71820,436
12093961,1.76151,5.42733,432,6529120,0.416164,0.21,1,72261,71829,432
12096881,1.90461,2.17093,434,6530580,0.412466,0.21,1,72263,71829,434
12099801,1.96184,0.868373,436,6532040,0.422986,0.21,1,72265,71829,436
12101441,1.38474,0.347349,437,6533500,0.415195,0.27,1,72266,71829,437
12104361,5.35389,9.13894,430,6534960,0.442078,0.27,1,72274,71844,430
12107281,3.34156,3.65558,432,6536420,0.422831,0.27,1,72276,71844,432
12131601,1.39421,0.185278,436,6549560,0.295811,0.34,1,72292,71856,436
12139721,7.33723,6.25186,433,6553940,0.280292,0.17,1,72312,71879,433
12142641,4.13489,2.50074,435,6555400,0.238117,0.17,1,72314,71879,435
12145561,2.85396,1.0003,437,6556860,0.239247,0.17,1,72316,71879,437
12159921,2.00874,0.624643,431,6564160,0.288338,0.27,1,72326,71895,431
12171121,2.07222,1.26399,432,6570000,0.286021,0.48,1,72340,71908,432
12181321,115.843,110.74,441,6575840,0.278234,0.43,1,72676,72235,441
12196921,2.22016,5.36111,436,6584600,0.420723,0.39,1,72686,72250,436
12199841,2.08806,2.14444,438,6586060,0.414289,0.39,1,72688,72250,438
12208361,2.00564,2.53724,440,6590440,0.292435,0.46,1,72694,72254,440
12210641,1.40225,1.0149,441,6591900,0.260974,0.41,1,72695,72254,441
12213561,2.3609,5.80596,435,6593360,0.20639,0.41,1,72698,72263,435
12235401,2.46008,8.22621,429,6605040,0.277991,0.36,1,72716,72287,429
12238321,2.18403,3.29048,431,6606500,0.237197,0.36,1,72718,72287,431
12255581,2.00075,4.81348,435,6615260,0.401843,0.23,1,72730,72295,435
12261421,2.00012,0.770156,439,6618180,0.429095,0.23,1,72734,72295,439
12264101,2.00005,0.308063,441,6619640,0.441638,0.27,1,72736,72295,441
12267021,2.00002,5.52323,434,6621100,0.422655,0.27,1,72738,72304,434
12296761,5.96113,6.42814,433,6637160,0.40237,0.29,1,72778,72345,433
12312361,115.103,115.826,430,6645920,0.251528,0.41,1,73118,72688,430
12315281,47.2413,46.3305,432,6647380,0.256611,0.41,1,73120,72688,432
12318201,20.0965,18.5322,434,6648840,0.234645,0.41,1,73122,72688,434
12321121,9.23861,7.41288,436,6650300,0.237858,0.41,1,73124,72688,436
12324041,4.89544,2.96515,438,6651760,0.209143,0.41,1,73126,72688,438
12326961,3.15818,1.18606,440,6653220,0.203657,0.41,1,73128,72688,440
12337341,1.99125,0.894363,438,6659060,0.0711656,0.2,1,73135,72697,438
12372901,1.90201,1.48383,441,6678040,0.0845761,0.38,1,73164,72723,441
12374961,1.3608,0.593533,442,6679500,0.0578304,0.42,1,73165,72723,442
12380801,2.13773,1.53497,441,6682420,0.212053,0.42,1,73170,72729,441
12383281,1.45509,0.613986,442,6683880,0.210821,0.44,1,73171,72729,442
12394961,1.98605,0.514918,437,6689720,0.066261,0.44,1,73179,72742,437
12406381,3.43964,6.75718,437,6695560,0.0749923,0.42,1,73202,72765,437
12409301,2.57586,2.70287,439,6697020,0.0419969,0.42,1,73204,72765,439
12412221,2.23034,1.08115,441,6698480,0.0167988,0.42,1,73206,72765,441
12415141,2.09214,0.43246,443,6699940,0.0427195,0.42,1,73208,72765,443
12420941,2.01474,6.66919,436,6702860,0.220435,0.45,1,73212,72776,436
12423861,2.0059,2.66768,438,6704320,0.208174,0.45,1,73214,72776,438
12426341,5.60236,1.06707,446,6705780,0.22127,0.32,1,73222,72776,446
12434661,36.4306,0.740292,502,6710160,0.0950413,0.52,1,73285,72783,502
12439861,98.1089,15.2384,594,6713080,0.0920066,0.32,1,73440,72846,594
12465061,2.14328,0.530474,433,6726220,0.0894118,0.04,1,73568,73135,433
12466901,2.05731,0.21219,435,6727680,0.0477647,0.29,1,73570,73135,435
12469821,2.02293,6.08488,427,6729140,0.0911059,0.29,1,73572,73145,427
12500621,1.96317,1.26005,427,6745200,0.0956832,0.23,1,73597,73170,427
12525561,3.80368,10.2556,422,6758340,0.206183,0.17,1,73618,73196,422
12530341,9.48859,1.6409,438,6761260,0.210589,0.08,1,73634,73196,438
12533261,4.99544,7.25636,429,6762720,0.246236,0.08,1,73636,73207,429
12536181,3.19817,2.90254,431,6764180,0.236494,0.08,1,73638,73207,431
12539101,2.47927,1.16102,433,6765640,0.208598,0.08,1,73640,73207,433
12552621,1.96651,1.16389,430,6772940,0.209112,0.29,1,73649,73219,430
12554881,1.3866,0.465555,431,6774400,0.209645,0.18,1,73650,73219,431
12562801,3.78474,3.1498,428,6778780,0.209257,0.15,1,73663,73235,428
12574861,43.2637,107.855,423,6786080,0.0716372,0.15,1,73983,73560,423
12596081,2.19562,2.08284,429,6797760,0.0693769,0.19,1,74003,73574,429
12603561,4.77252,8.5333,425,6802140,0.22308,0.2,1,74013,73588,425
12606481,3.10901,3.41332,427,6803600,0.215232,0.2,1,74015,73588,427
12621041,2.01136,2.19495,428,6810900,0.20295,0.08,1,74025,73597,428
12623961,2.00454,0.877981,430,6812360,0.20718,0.08,1,74027,73597,430
12631641,1.76029,6.05619,425,6816740,0.21318,0.08,1,74032,73607,425
12634561,1.90412,2.42248,427,6818200,0.211272,0.08,1,74034,73607,427
12640401,1.98466,0.387596,431,6821120,0.212603,0.08,1,74038,73607,431
12648501,2.28702,3.62481,425,6825500,0.0860866,0.17,1,74047,73622,425
12664081,4.42518,3.85485,432,6834260,0.205745,0.19,1,74070,73638,432
12672841,2.34721,1.49471,427,6838640,0.0678877,0.19,1,74078,73651,427
12684521,2.00889,0.0382646,435,6844480,0.0878019,0.19,1,74086,73651,435
12687381,7.40356,0.0153058,446,6845940,0.0711208,0.24,1,74097,73651,446
12698401,15.4583,16.378,431,6851780,0.0779487,0.31,1,74162,73731,431
12706321,42.1253,42.7602,425,6856160,0.0645087,0.19,1,74418,73993,425
12709241,18.0501,17.1041,427,6857620,0.0258035,0.19,1,74420,73993,427
12710881,7.82005,6.84163,428,6859080,0.0103214,0.06,1,74421,73993,428
12713801,7.32802,8.13665,426,6860540,0.0161286,0.06,1,74428,74002,426
12716721,4.13121,3.25466,428,6862000,0.0904514,0.06,1,74430,74002,428
12719641,2.85248,1.30186,430,6863460,0.0961806,0.06,1,74432,74002,430
12738981,2.57125,2.30037,431,6873680,0.205508,0.1,1,74451,74020,431
12741901,2.2285,0.920149,433,6875140,0.214203,0.1,1,74453,74020,433
12747501,2.03656,4.34722,430,6878060,0.227473,0.21,1,74457,74027,430
12750421,2.01462,1.73889,432,6879520,0.216989,0.21,1,74459,74027,432
12752901,1.40585,0.695556,433,6880980,0.242796,0.23,1,74460,74027,433
12755821,1.76234,6.87822,424,6882440,0.229118,0.23,1,74462,74038,424
12761661,1.96197,1.10052,428,6885360,0.239459,0.23,1,74466,74038,428
12764581,1.98479,0.440206,430,6886820,0.233784,0.23,1,74468,74038,430
12767501,1.99392,0.176082,432,6888280,0.201513,0.23,1,74470,74038,432
12772461,1.75903,6.02817,425,6891200,0.232642,0.27,1,74473,74048,425
12775381,1.90361,2.41127,427,6892660,0.219057,0.27,1,74475,74048,427
12800141,2.45924,2.21462,427,6905800,0.235479,0.16,1,74507,74080,427
12803061,2.1837,0.885849,429,6907260,0.244192,0.16,1,74509,74080,429
12804901,1.47348,0.35434,430,6908720,0.223677,0.03,1,74510,74080,430
12813661,1.9663,0.790678,428,6913100,0.214475,0.03,1,74516,74088,428
12816341,4.98652,0.316271,435,6914560,0.24179,0.17,1,74523,74088,435
12818001,2.59461,6.72651,425,6916020,0.240716,0.16,1,74524,74099,425
12830901,98.4842,16.001,580,6923320,0.0461641,0.23,1,74751,74171,580
12838821,17.583,40.7681,429,6927700,0.223995,0.06,1,74855,74426,429
12841741,8.23319,16.3072,431,6929160,0.215598,0.06,1,74857,74426,431
12846301,3.95731,10.4092,426,6932080,0.0608956,0.19,1,74865,74439,426
12849221,2.78292,4.16366,428,6933540,0.0243583,0.19,1,74867,74439,428
12852141,2.31317,1.66546,430,6935000,0.0337433,0.19,1,74869,74439,430
12855061,2.12527,0.666186,432,6936460,0.0614973,0.19,1,74871,74439,432
12857981,2.05011,0.266474,434,6937920,0.0485989,0.19,1,74873,74439,434
12868141,2.15488,4.56682,430,6943760,0.0853401,0.18,1,74885,74455,430
12873541,1.42478,0.730691,433,6946680,0.244054,0.22,1,74888,74455,433
12876461,1.76991,4.49228,428,6948140,0.241622,0.22,1,74890,74462,428
12879381,1.90797,1.79691,430,6949600,0.216649,0.22,1,74892,74462,430
12882301,1.96319,0.718764,432,6951060,0.254659,0.22,1,74894,74462,432
12884981,1.98527,0.287506,434,6952520,0.245864,0.16,1,74896,74462,434
12887901,1.99411,5.515,427,6953980,0.224346,0.16,1,74898,74471,427
12896661,1.99962,0.35296,433,6958360,0.237318,0.16,1,74904,74471,433
12899541,1.99985,0.141184,435,6959820,0.244927,0.08,1,74906,74471,435
12902461,1.99994,6.05647,427,6961280,0.205971,0.08,1,74908,74481,427
12911221,2,0.387614,433,6965660,0.0866221,0.08,1,74914,74481,433
12915981,1.76,2.46202,432,6968580,0.21066,0.19,1,74917,74485,432
12933881,2.1701,0.822722,432,6978800,0.0736841,0.18,1,74943,74511,432
12935521,1.46804,0.329089,433,6980260,0.0594737,0.17,1,74944,74511,433
12941361,1.91489,2.21265,428,6983180,0.203916,0.17,1,74948,74520,428
12943841,1.36595,0.885062,429,6984640,0.201566,0.18,1,74949,74520,429
12959441,17.4306,17.6096,427,6993400,0.215161,0.21,1,75034,74607,427
12964441,98.7889,102.178,422,6996320,0.208426,0.02,1,75287,74865,422
12967361,40.7156,40.871,424,6997780,0.20937,0.02,1,75289,74865,424
12975461,6.27779,2.61574,433,7002160,0.0942797,0.17,1,75298,74865,433
12987141,2.10951,0.450963,431,7008000,0.0865096,0.17,1,75306,74875,431
12995221,2.72701,1.94886,435,7012380,0.0962566,0.2,1,75318,74883,435
12998141,2.2908,6.17954,428,7013840,0.0625026,0.2,1,75320,74892,428
13008741,1.40744,0.158196,435,7019680,0.0939521,0.29,1,75327,74892,435
13011661,1.76298,7.26328,425,7021140,0.0615808,0.29,1,75329,74904,425
13014581,1.90519,2.90531,427,7022600,0.0246323,0.29,1,75331,74904,427
13017501,1.96208,1.16212,429,7024060,0.0818529,0.29,1,75333,74904,429
13025381,1.39757,0.074376,434,7028440,0.240919,0.14,1,75338,74904,434
13028301,1.75903,3.62975,430,7029900,0.246367,0.14,1,75340,74910,430
13031221,1.90361,1.4519,432,7031360,0.224547,0.14,1,75342,74910,432
13033281,1.36144,0.58076,433,7032820,0.269819,0.16,1,75343,74910,433
13036201,1.74458,6.2323,425,7034280,0.263928,0.16,1,75345,74920,425
13039121,1.89783,2.49292,427,7035740,0.231571,0.16,1,75347,74920,427
13050341,1.99738,0.0638188,435,7041580,0.0681362,0.23,1,75355,74920,435
13061181,2.46073,1.46083,432,7047420,0.230032,0.05,1,75375,74943,432
13062821,2.78429,0.584333,435,7048880,0.224013,0.28,1,75378,74943,435
13071581,2.05019,1.1894,429,7053260,0.228417,0.28,1,75384,74955,429
13074501,2.02008,0.475759,431,7054720,0.223367,0.28,1,75386,74955,431
13076341,1.40803,0.190304,432,7056180,0.209347,0.15,1,75387,74955,432
13078421,6.56321,3.67612,436,7057640,0.233739,0.15,1,75397,74961,436
13081341,3.82528,7.47045,428,7059100,0.225495,0.15,1,75399,74971,428
13086741,38.892,1.19527,493,7062020,0.211279,0.12,1,75464,74971,493
13094021,97.9611,102.604,520,7066400,0.0812019,0.05,1,75719,75199,520
13108381,4.18264,9.77131,424,7073700,0.212963,0.23,1,75734,75310,424
13111301,2.87306,3.90852,426,7075160,0.211185,0.23,1,75736,75310,426
13127741,2.00358,1.07201,427,7083920,0.226665,0.21,1,75748,75321,427
13138741,1.66889,0.603443,435,7089760,0.0800106,0.13,1,75762,75327,435
13141661,1.86756,3.24138,432,7091220,0.0440042,0.13,1,75764,75332,432
13158741,1.9841,0.512477,430,7099980,0.0670884,0.26,1,75775,75345,430
13169521,1.39959,0.973119,433,7105820,0.218869,0.22,1,75782,75349,433
13172441,1.75984,5.78925,426,7107280,0.219548,0.22,1,75784,75358,426
13188881,4.83102,4.39171,428,7116040,0.229189,0.26,1,75812,75384,428
13191801,3.13241,1.75668,430,7117500,0.247676,0.26,1,75814,75384,430
13194721,2.45296,0.702674,432,7118960,0.27307,0.26,1,75816,75384,432
13197641,2.18119,0.28107,434,7120420,0.271228,0.26,1,75818,75384,434
13199681,1.47247,0.112428,435,7121880,0.258491,0.11,1,75819,75384,435
13202601,1.78899,5.44497,428,7123340,0.229396,0.11,1,75821,75393,428
13211341,3.9065,5.14848,434,7127720,0.229001,0.18,1,75835,75401,434
13213621,2.7626,2.05939,436,7129180,0.241601,0.32,1,75837,75401,436
13215281,2.90504,3.82376,434,7130640,0.20464,0.19,1,75840,75406,434
13220481,17.0248,17.1718,431,7133560,0.0759424,0.17,1,75906,75475,431
13222561,102.81,104.069,429,7135020,0.222377,0.14,1,76066,75637,429
13228401,39.4896,39.451,427,7137940,0.0871803,0.14,1,76159,75732,427
13231321,16.9958,15.7804,429,7139400,0.0468721,0.14,1,76161,75732,429
13232961,7.39833,6.31216,430,7140860,0.0667489,0.25,1,76162,75732,430
13235881,4.15933,3.72486,430,7142320,0.0926996,0.25,1,76164,75734,430
13237541,5.26373,1.48995,436,7143780,0.0730798,0.14,1,76170,75734,436
13240461,3.30549,3.59598,433,7145240,0.0412319,0.14,1,76172,75739,433
13243381,2.5222,1.43839,435,7146700,0.0644928,0.14,1,76174,75739,435
13245861,2.20888,0.575356,437,7148160,0.0497971,0.24,1,76176,75739,437
13248781,3.28355,9.23014,426,7149620,0.0919188,0.24,1,76180,75754,426
13251701,2.51342,3.69206,428,7151080,0.0847675,0.24,1,76182,75754,428
13259381,1.43286,0.236292,433,7155460,0.0918251,0.25,1,76187,75754,433
13271061,1.98548,0.428449,430,7161300,0.0830867,0.25,1,76195,75765,430
13285181,2.28593,9.23479,423,7168600,0.0968604,0.18,1,76209,75786,423
13291021,2.04575,1.47757,427,7171520,0.0946977,0.18,1,76213,75786,427
13296861,2.00732,0.23641,431,7174440,0.0775516,0.18,1,76217,75786,431
13299781,2.00293,0.0945642,433,7175900,0.0430207,0.18,1,76219,75786,433
13302641,2.00117,0.0378257,435,7177360,0.0172083,0.06,1,76221,75786,435
13305561,2.00047,3.61513,431,7178820,0.0068833,0.06,1,76223,75792,431
13313461,5.60003,0.231368,443,7183200,0.208761,0.31,1,76235,75792,443
13320741,4.9184,3.85481,434,7187580,0.0690407,0.22,1,76248,75814,434
13340301,3.68478,9.03089,430,7197800,0.0707284,0.2,1,76269,75839,430
13369001,5.70704,9.15626,424,7213860,0.233888,0.16,1,76602,76178,424
13371921,3.48282,3.6625,426,7215320,0.225555,0.16,1,76604,76178,426
13385241,2.26478,1.0935,427,7222620,0.0852345,0.19,1,76616,76189,427
13388161,2.10591,0.437402,429,7224080,0.0460938,0.19,1,76618,76189,429
13390001,1.44237,0.174961,430,7225540,0.0784375,0.14,1,76619,76189,430
13392921,1.77695,1.26998,430,7227000,0.067375,0.14,1,76621,76191,430
13394581,1.31078,0.507994,431,7228460,0.05095,0.23,1,76622,76191,431
13435761,1.3592,0.607086,431,7250360,0.0768947,0.24,1,76655,76224,431
13438681,1.74368,6.84283,422,7251820,0.0427579,0.24,1,76657,76235,422
13441601,1.89747,2.73713,424,7253280,0.0171032,0.24,1,76659,76235,424
13443461,6.15899,1.09485,433,7254740,0.00684126,0.08,1,76668,76235,433
13446161,3.6636,4.63794,428,7256200,0.0027365,0.04,1,76670,76242,428
13453661,2.92247,7.47283,424,7260580,0.208255,0.21,1,76683,76259,424
13456581,2.36899,2.98913,426,7262040,0.263302,0.21,1,76685,76259,426
13459501,2.1476,1.19565,428,7263500,0.255321,0.21,1,76687,76259,428
13462421,2.05904,0.478261,430,7264960,0.228128,0.21,1,76689,76259,430
13465341,2.02362,0.191304,432,7266420,0.259251,0.21,1,76691,76259,432
13467381,3.80945,0.0765217,437,7267880,0.223701,0.04,1,76696,76259,437
13469461,6.32378,6.03061,435,7269340,0.27548,0.15,1,76704,76269,435
13476321,2.63672,6.04996,424,7273720,0.286671,0.11,1,76710,76286,424
13479241,40.6547,41.42,425,7275180,0.234668,0.11,1,76776,76351,425
13481521,16.8619,16.568,426,7276640,0.249867,0.21,1,76777,76351,426
13488801,37.9672,36.3403,430,7281020,0.220232,0.18,1,77021,76591,430
13491721,17.5869,18.1361,428,7282480,0.214093,0.18,1,77025,76597,428
13502961,3.50302,4.06428,425,7288320,0.0878488,0.15,1,77037,76612,425
13539761,1.37912,0.804923,428,7308760,0.0772857,0.08,1,77067,76639,428
13542681,2.95165,6.32197,422,7310220,0.0549143,0.08,1,77071,76649,422
13562461,2.19356,1.35436,427,7320440,0.20064,0.1,1,77090,76663,427
13604461,3.8988,8.7332,428,7343800,0.20417,0.17,1,77144,76716,428
13617561,91.141,91.8654,424,7351100,0.210142,0.17,1,77451,77027,424
13620481,37.6564,36.7462,426,7352560,0.210057,0.17,1,77453,77027,426
13623381,21.0626,14.6985,436,7354020,0.276023,0.22,1,77463,77027,436
13626301,9.62503,13.0794,426,7355480,0.278409,0.22,1,77465,77039,426
13629221,5.05001,5.23175,428,7356940,0.255364,0.22,1,77467,77039,428
13632141,3.22,2.0927,430,7358400,0.258145,0.22,1,77469,77039,430
13634821,3.688,0.837081,434,7359860,0.211258,0.09,1,77473,77039,434
13640661,2.27008,2.53393,428,7362780,0.201801,0.09,1,77477,77049,428
13643581,2.10803,1.01357,430,7364240,0.260721,0.09,1,77479,77049,430
13645221,3.24321,0.405429,434,7365700,0.272288,0.19,1,77483,77049,434
13648141,2.49729,7.36217,424,7367160,0.252915,0.19,1,77485,77061,424
13651061,2.19891,2.94487,426,7368620,0.281166,0.19,1,77487,77061,426
13653981,2.07957,1.17795,428,7370080,0.268466,0.19,1,77489,77061,428
13656901,2.03183,0.471179,430,7371540,0.239387,0.19,1,77491,77061,430
13664581,2.19404,2.67016,427,7375920,0.261801,0.21,1,77499,77072,427
13667501,2.07761,1.06806,429,7377380,0.26072,0.21,1,77501,77072,429
13670421,2.03105,0.427225,431,7378840,0.236288,0.21,1,77503,77072,431
13672881,1.41242,0.17089,432,7380300,0.220515,0.13,1,77504,77072,432
13675801,1.76497,4.26836,427,7381760,0.274206,0.13,1,77506,77079,427
13678721,1.90599,1.70734,429,7383220,0.265682,0.13,1,77508,77079,429
13681641,1.96239,0.682937,431,7384680,0.268273,0.13,1,77510,77079,431
13683701,3.78496,0.273175,436,7386140,0.209309,0.15,1,77515,77079,436
13686621,2.71398,9.10927,423,7387600,0.287724,0.15,1,77517,77094,423
13689541,2.28559,3.64371,425,7389060,0.295089,0.15,1,77519,77094,425
13692461,2.11424,1.45748,427,7390520,0.268036,0.15,1,77521,77094,427
13695381,2.04569,0.582993,429,7391980,0.227214,0.15,1,77523,77094,429
13697221,2.01828,0.233197,431,7393440,0.252886,0.18,1,77525,77094,431
13700141,2.00731,6.09328,423,7394900,0.239154,0.18,1,77527,77104,423
13702001,1.40292,2.43731,424,7396360,0.221662,0.1,1,77528,77104,424
13704921,5.96117,3.97492,428,7397820,0.214665,0.1,1,77537,77109,428
13713041,4.31751,3.1344,430,7402200,0.0406185,0.17,1,77551,77121,430
13715521,2.32701,1.25376,431,7403660,0.0162474,0.13,1,77552,77121,431
13718441,2.7308,6.5015,424,7405120,0.078499,0.13,1,77555,77131,424
13721361,2.29232,2.6006,426,7406580,0.0793996,0.13,1,77557,77131,426
13724281,2.11693,1.04024,428,7408040,0.0977598,0.13,1,77559,77131,428
13725921,1.44677,0.416096,429,7409500,0.0931039,0.13,1,77560,77131,429
13728841,3.57871,4.36644,427,7410960,0.0852416,0.13,1,77565,77138,427
13771481,5.48756,6.99349,431,7434320,0.202384,0.3,1,77918,77487,431
13781881,2.44928,4.37903,432,7440160,0.090717,0.15,1,77926,77494,432
13793121,2.3955,2.7521,430,7446000,0.0914104,0.33,1,77935,77505,430
13796041,2.1582,1.10084,432,7447460,0.0485641,0.33,1,77937,77505,432
13818081,1.89796,3.0036,426,7459140,0.200128,0.27,1,77951,77525,426
13821001,1.95918,1.20144,428,7460600,0.206051,0.27,1,77953,77525,428
13837421,4.14447,8.15052,426,7469360,0.231496,0.08,1,77973,77547,426
13839701,2.25779,3.26021,427,7470820,0.266598,0.15,1,77974,77547,427
13842621,2.10312,4.90408,423,7472280,0.256639,0.15,1,77976,77553,423
13845541,2.04125,1.96163,425,7473740,0.234656,0.15,1,77978,77553,425
13848021,6.2165,0.784653,434,7475200,0.207862,0.11,1,77987,77553,434
13850941,3.6866,3.91386,430,7476660,0.257145,0.11,1,77989,77559,430
13853221,2.67464,1.56554,432,7478120,0.252858,0.1,1,77991,77559,432
13856141,2.26986,3.62622,429,7479580,0.227143,0.1,1,77993,77564,429
13858421,4.50794,1.45049,435,7481040,0.282857,0.16,1,77999,77564,435
13860501,3.60318,5.98019,429,7482500,0.269143,0.15,1,78002,77573,429
13863421,2.64127,7.19208,423,7483960,0.239657,0.15,1,78004,77581,423
13866341,2.25651,2.87683,425,7485420,0.215863,0.15,1,78006,77581,425
13871321,46.801,46.6603,426,7488340,0.243338,0.13,1,78084,77658,426
13873601,19.3204,18.6641,427,7489800,0.253335,0.13,1,78085,77658,427
13883801,19.0466,20.8442,427,7495640,0.0820854,0.24,1,78333,77906,427
13886721,8.81864,8.33768,429,7497100,0.0988341,0.24,1,78335,77906,429
13889641,4.72746,3.33507,431,7498560,0.0815337,0.24,1,78337,77906,431
13891281,2.49098,1.33403,432,7500020,0.0686135,0.28,1,78338,77906,432
13894201,2.19639,6.53361,424,7501480,0.0274454,0.28,1,78340,77916,424
13902521,5.97257,7.01815,425,7505860,0.0953565,0.24,1,78352,77927,425
13925221,2.03775,0.465399,434,7517540,0.0672264,0.25,1,78373,77939,434
13928101,2.0151,0.18616,436,7519000,0.0268906,0.28,1,78375,77939,436
13931021,2.00604,6.67446,427,7520460,0.0107562,0.28,1,78377,77950,427
13942701,2.00015,0.170866,435,7526300,0.0881154,0.28,1,78385,77950,435
13945361,2.00006,0.0683465,437,7527760,0.0472461,0.29,1,78387,77950,437
13962001,1.4,0.0740079,436,7536520,0.0776041,0.22,1,78398,77962,436
13978641,3.12669,2.49861,433,7545280,0.0923742,0.28,1,78421,77988,433
13989041,1.77444,0.563164,436,7551120,0.203917,0.22,1,78437,78001,436
13991961,2.50978,5.02527,431,7552580,0.237567,0.22,1,78440,78009,431
13994881,2.20391,2.01011,433,7554040,0.251027,0.22,1,78442,78009,433
13997801,2.08156,0.804042,435,7555500,0.232411,0.22,1,78444,78009,435
13999441,1.43263,0.321617,436,7556960,0.212964,0.19,1,78445,78009,436
14002361,50.3731,54.1287,429,7558420,0.205186,0.19,1,78528,78099,429
14011921,36.0559,36.0417,427,7564260,0.0949648,0.15,1,78758,78331,427
14020681,4.85158,3.36267,429,7568640,0.0922377,0.15,1,78771,78342,429
14023601,3.14063,1.34507,431,7570100,0.0608951,0.15,1,78773,78342,431
14025861,1.85625,0.538027,432,7571560,0.066358,0.11,1,78774,78342,432
14028781,1.9425,1.41521,432,7573020,0.0385432,0.11,1,78776,78344,432
14030641,1.377,0.566084,433,7574480,0.0154173,0.25,1,78777,78344,433
14032721,1.7508,7.42643,423,7575940,0.00616691,0.12,1,78779,78356,423
14035641,7.90032,9.57057,424,7577400,0.0384668,0.12,1,78791,78367,424
14038561,4.96013,3.82823,427,7578860,0.0513867,0.12,1,78794,78367,427
14044161,2.47362,0.612517,431,7581780,0.213422,0.21,1,78798,78367,431
14047081,2.18945,6.84501,422,7583240,0.211369,0.21,1,78800,78378,422
14061681,2.00194,0.0700929,432,7590540,0.0875276,0.21,1,78810,78378,432
14063301,3.20078,0.0280371,436,7592000,0.059011,0.16,1,78814,78378,436
14066221,2.48031,9.01121,423,7593460,0.0236044,0.16,1,78816,78393,423
14074981,2.03074,0.576718,429,7597840,0.0936707,0.16,1,78822,78393,429
14077901,2.0123,0.230687,431,7599300,0.0614683,0.16,1,78824,78393,431
14080821,2.00492,0.0922748,433,7600760,0.0245873,0.16,1,78826,78393,433
14083061,1.40197,0.0369099,434,7602220,0.00983492,0,1,78827,78393,434
14085981,1.76079,5.41476,427,7603680,0.00393397,0,1,78829,78402,427
14097421,3.67388,10.3386,425,7609520,0.207029,0.1,1,78844,78419,425
14118441,2.3083,1.52358,429,7621200,0.0851749,0.26,1,78871,78442,429
14121361,2.12332,0.60943,431,7622660,0.20207,0.26,1,78873,78442,431
14123621,2.64933,0.243772,434,7624120,0.218828,0.15,1,78876,78442,434
14126541,2.25973,4.89751,428,7625580,0.201531,0.15,1,78878,78450,428
14137141,94.0947,19.8054,573,7631420,0.217511,0.13,1,79105,78532,573
14142141,37.1351,92.9289,423,7634340,0.248402,0.07,1,79194,78771,423
14145061,16.0541,37.1715,425,7635800,0.243361,0.07,1,79196,78771,425
14147981,7.62162,14.8686,427,7637260,0.217344,0.07,1,79198,78771,427
14149621,8.44865,5.94745,436,7638720,0.200938,0.19,1,79207,78771,436
14171881,4.41383,7.57766,422,7650400,0.0523273,0.16,1,79228,78806,422
14195201,2.15518,0.542566,428,7662080,0.0847854,0.12,1,79248,78820,428
14208921,1.96319,0.773556,429,7669380,0.0646506,0,1,79257,78828,429
14211841,1.98528,0.309422,431,7670840,0.0858602,0,1,79259,78828,431
14213681,1.39411,0.123769,432,7672300,0.0823441,0.18,1,79260,78828,432
14216601,1.75764,3.04951,429,7673760,0.0569376,0.18,1,79262,78833,429
14219521,1.90306,1.2198,431,7675220,0.0227751,0.18,1,79264,78833,431
14221381,1.96122,0.487921,433,7676680,0.00911002,0.25,1,79266,78833,433
14229301,2.66952,3.72723,427,7681060,0.093703,0.16,1,79279,78852,427
14235141,2.10712,0.596356,431,7683980,0.0773925,0.16,1,79283,78852,431
14254881,2.17612,1.57,431,7694200,0.0694065,0.2,1,79310,78879,431
14257361,1.47045,0.628,432,7695660,0.0397626,0.28,1,79311,78879,432
14260281,2.98818,6.2512,426,7697120,0.075905,0.28,1,79315,78889,426
14267141,102.671,18.1601,587,7701500,0.229258,0.35,1,79550,78963,587
14282541,4.73632,14.0026,423,7710260,0.097947,0.22,1,79641,79218,423
14285461,3.09453,5.60106,425,7711720,0.0931788,0.22,1,79643,79218,425
14288381,2.43781,2.24042,427,7713180,0.0612715,0.22,1,79645,79218,427
14296261,1.42802,0.143387,432,7717560,0.0893614,0.06,1,79650,79218,432
14306461,3.32936,7.23247,424,7723400,0.0661277,0.12,1,79663,79239,424
14317481,1.79403,4.98515,423,7729240,0.215821,0.08,1,79670,79247,423
14320401,1.91761,1.99406,425,7730700,0.212328,0.08,1,79672,79247,425
14328721,2.61873,2.28762,424,7735080,0.217829,0.06,1,79680,79256,424
14339321,1.77584,4.85856,423,7740920,0.0933684,0,1,79687,79264,423
14342241,1.91034,1.94343,425,7742380,0.0613474,0,1,79689,79264,425
14354081,2.32068,4.7959,421,7749680,0.069057,0.09,1,79698,79277,421
14366981,13.2487,0.84591,449,7756980,0.0701727,0,1,79734,79285,449
14369901,6.49949,17.1384,423,7758440,0.0280691,0,1,79736,79313,423
14372821,3.7998,6.85535,425,7759900,0.0112276,0,1,79738,79313,425
14375741,2.71992,2.74214,427,7761360,0.0524911,0,1,79740,79313,427
14378661,2.28797,1.09686,429,7762820,0.0449964,0,1,79742,79313,429
14381581,2.11519,0.438742,431,7764280,0.0179986,0,1,79744,79313,431
14384501,2.04607,0.175497,433,7765740,0.0191994,0,1,79746,79313,433
14387421,2.01843,0.0701987,435,7767200,0.00767977,0,1,79748,79313,435
14389861,1.40737,0.0280795,436,7768660,0.0870719,0.11,1,79749,79313,436
14397141,105.474,18.8658,594,7773040,0.0866926,0.26,1,79988,79394,594
14423581,2.12276,1.1262,428,7787640,0.0676529,0.13,1,80081,79653,428
14440201,2.2309,3.46061,431,7796400,0.0875449,0.16,1,80099,79668,431
14456001,1.3948,0.183135,430,7805160,0.200713,0.21,1,80109,79679,430
14458921,2.35792,6.67325,422,7806620,0.266285,0.21,1,80112,79690,422
14461841,2.14317,2.6693,424,7808080,0.268514,0.21,1,80114,79690,424
14470601,2.00916,0.170835,430,7812460,0.271825,0.21,1,80120,79690,430
14472641,1.40367,0.0683341,431,7813920,0.24673,0.08,1,80121,79690,431
14475561,1.76147,3.62733,427,7815380,0.212692,0.08,1,80123,79696,427
14505301,5.03519,0.965959,435,7832900,0.0524931,0.15,1,80174,79739,435
14508221,3.21408,8.78638,423,7834360,0.0569972,0.15,1,80176,79753,423
14511141,2.48563,3.51455,425,7835820,0.0347989,0.15,1,80178,79753,425
14514061,2.19425,1.40582,427,7837280,0.0379196,0.15,1,80180,79753,427
14524861,19.525,48.036,428,7843120,0.207851,0.13,1,80261,79833,428
14527141,106.21,19.2144,592,7844580,0.22114,0.22,1,80425,79833,592
14532141,34.5136,87.9143,424,7847500,0.406182,0.08,1,80495,80071,424
14535061,15.0054,35.1657,426,7848960,0.408473,0.08,1,80497,80071,426
14537981,7.20217,14.0663,428,7850420,0.415389,0.08,1,80499,80071,428
14551281,2.85391,3.45604,426,7857720,0.276058,0.22,1,80515,80089,426
14557121,2.13663,0.552966,430,7860640,0.447369,0.22,1,80519,80089,430
14568761,2.7715,1.07016,435,7866480,0.421565,0.23,1,80535,80100,435
14581641,1.75254,8.00296,425,7873780,0.41152,0.3,1,80543,80118,425
14590401,1.98416,0.512189,431,7878160,0.446097,0.3,1,80549,80118,431
14604121,1.96144,1.15724,428,7885460,0.40915,0.27,1,80558,80130,428
14615541,1.99901,0.0296255,436,7891300,0.437866,0.08,1,80566,80130,436
14628021,7.15999,10.3385,434,7898600,0.439297,0.11,1,80590,80156,434
14630721,4.064,11.9354,423,7900060,0.409719,0,1,80592,80169,423
14633641,7.0256,7.77417,427,7901520,0.403887,0,1,80601,80174,427
14646981,2.08218,0.463607,429,7908820,0.423041,0.12,1,80613,80184,429
14648821,1.43287,0.185443,430,7910280,0.433217,0.04,1,80614,80184,430
14650481,1.17315,3.67418,425,7911740,0.425287,0.18,1,80615,80190,425
14657761,104.283,103.819,430,7916120,0.258338,0.33,1,80859,80429,430
14671281,3.76834,2.26119,447,7923420,0.285202,0.54,1,80954,80507,447
14680041,2.11317,1.20072,442,7927800,0.292813,0.54,1,80960,80518,442
14687721,8.36724,9.07685,443,7932180,0.29618,0.44,1,80976,80533,443
14701881,2.0268,0.764947,445,7939480,0.294844,0.36,1,80985,80540,445
14706441,1.76429,5.52239,439,7942400,0.401175,0.43,1,80988,80549,439
14718081,1.99397,0.141373,447,7948240,0.285502,0.43,1,80996,80549,447
14723921,1.99903,1.70262,444,7951160,0.40808,0.43,1,81000,80556,444
14726841,1.99961,0.681048,446,7952620,0.409232,0.43,1,81002,80556,446
14734321,1.90398,1.48359,445,7957000,0.403231,0.49,1,81007,80562,445
14742221,1.75385,3.09495,445,7961380,0.406687,0.55,1,81012,80567,445
14784441,51.5477,54.8836,433,7984740,0.277387,0.4,1,81142,80709,433
14788801,108.328,106.581,438,7987660,0.281982,0.31,1,81310,80872,438
14794641,37.9724,37.213,437,7990580,0.415917,0.31,1,81393,80956,437
14814001,2.04358,0.48337,439,8000800,0.437404,0.47,1,81406,80967,439
14815841,1.41743,0.193348,440,8002260,0.414962,0.45,1,81407,80967,440
14827521,2.36909,0.77295,438,8008100,0.409983,0.45,1,81425,80987,438
14836021,2.02362,0.0494688,444,8012480,0.402079,0.38,1,81431,80987,444
14838101,1.40945,1.81979,442,8013940,0.412832,0.28,1,81432,80990,442
14851841,1.89795,1.53543,440,8021240,0.425552,0.43,1,81441,81001,440
14866001,1.9836,0.630123,433,8028540,0.44877,0.33,1,81450,81017,433
14871841,1.99738,0.10082,437,8031460,0.436603,0.33,1,81454,81017,437
14874761,1.99895,0.0403278,439,8032920,0.402641,0.33,1,81456,81017,439
14884481,1.30397,1.44103,439,8038760,0.427284,0.35,1,81462,81023,439
14889481,4.76864,4.19057,440,8041680,0.446365,0.37,1,81475,81035,440
14891141,3.10745,1.67623,442,8043140,0.412546,0.41,1,81477,81035,442
14899061,3.94288,2.93928,438,8047520,0.422163,0.34,1,81489,81051,438
14901541,3.37715,1.17571,441,8048980,0.426865,0.25,1,81492,81051,441
14904461,2.55086,5.27028,435,8050440,0.404746,0.25,1,81494,81059,435
14915481,56.3741,55.9349,440,8056280,0.433769,0.44,1,81592,81152,440
14917761,23.1496,22.374,441,8057740,0.437508,0.46,1,81593,81152,441
15050881,110.78,107.412,447,8129280,0.799069,0.52,2,82218,81771,447
15056721,36.9247,33.986,454,8132200,0.903051,0.52,2,82295,81841,454
15059201,15.3699,13.5944,455,8133660,0.90122,0.63,2,82296,81841,455
15062121,7.94795,9.63775,451,8135120,0.912488,0.63,2,82299,81848,451
15075841,1.42251,1.05869,449,8142420,0.928784,0.53,2,82307,81858,449
15095221,2.10104,0.44871,452,8152640,0.942444,0.6,2,82331,81879,452
15098141,2.04042,0.179484,454,8154100,0.946978,0.6,2,82333,81879,454
15100181,1.41617,0.0717937,455,8155560,0.930791,0.76,2,82334,81879,455
15106021,1.90659,2.41149,449,8158480,0.945727,0.76,2,82338,81889,449
15116821,1.39761,0.061734,456,8164320,0.934291,0.72,2,82345,81889,456
15125581,1.96145,1.15595,450,8168700,0.942515,0.72,2,82351,81901,450
15131421,1.99383,0.184952,454,8171620,0.941602,0.72,2,82355,81901,454
15133461,1.39753,0.0739808,455,8173080,0.922641,0.52,2,82356,81901,455
15142221,1.96144,0.868735,452,8177460,0.936969,0.52,2,82362,81910,452
15149901,3.91753,7.8556,453,8181840,0.920126,0.67,2,82376,81923,453
15160921,7.90509,9.0571,447,8187680,0.904979,0.72,2,82394,81947,447
15166761,3.18481,1.44914,452,8190600,0.907997,0.72,2,82399,81947,452
15179841,23.8665,24.4372,448,8197900,0.941247,1,2,82506,82058,448
15447341,38.9147,90.8351,475,8342440,0.79216,1,2,83716,83241,475
15473561,2.65814,1.27489,495,8357040,0.439659,1,1,83782,83287,495
15476241,2.26326,0.509955,497,8358500,0.403864,1,1,83784,83287,497
15479161,2.1053,5.60398,490,8359960,0.413545,1,1,83786,83296,490
15496021,3.70443,2.42295,494,8368720,0.297524,1,1,83800,83306,494
15510581,2.46481,2.18481,499,8376020,0.294071,1,1,83814,83315,499
15516421,2.55437,0.34957,505,8378940,0.291851,1,1,83820,83315,505
15518261,1.62175,0.139828,506,8380400,0.290741,1,1,83821,83315,506
15521181,1.8487,6.65593,497,8381860,0.266296,1,1,83823,83326,497
15524101,1.93948,2.66237,499,8383320,0.232518,1,1,83825,83326,499
15533441,1.19685,3.66816,500,8389160,0.209616,1,1,83832,83332,500
15536361,1.67874,6.86726,493,8390620,0.215847,1,1,83834,83341,493
15673841,262.296,302.456,429,57960,0.0741177,0,1,84281,83852,429
15676761,362.318,382.582,422,62743,0.0296471,0.02,1,84710,84288,422
15679681,146.127,153.033,424,62776,0.0118588,0.02,1,84712,84288,424
15682601,59.6509,61.2132,426,62809,0.00474353,0.02,1,84714,84288,426
15685521,25.0604,24.4853,428,62842,0.00189741,0.02,1,84716,84288,428
15688441,11.2241,9.79411,430,62875,0.000758965,0.02,1,84718,84288,430
15691361,5.68966,3.91764,432,62908,0.000303586,0.02,1,84720,84288,432
15694281,3.47586,1.56706,434,62941,0.00612143,0.02,1,84722,84288,434
15697201,2.59035,0.626823,436,62974,0.0204486,0.02,1,84724,84288,436
15700121,2.23614,0.250729,438,63007,0.0261794,0.02,1,84726,84288,438
15703041,2.09446,0.100292,440,63040,0.0284718,0.02,1,84728,84288,440
15705961,2.03778,0.0401166,442,63073,0.0293887,0.02,1,84730,84288,442
15708881,2.01511,0.0160467,444,63106,0.0297555,0.02,1,84732,84288,444
15711801,2.00605,0.00641866,446,63139,0.0299022,0.02,1,84734,84288,446
15714721,2.00242,0.00256746,448,63172,0.0299609,0.02,1,84736,84288,448
15717641,2.00097,0.00102699,450,63205,0.0299843,0.02,1,84738,84288,450
15720561,2.00039,0.000410794,452,63238,0.0299937,0.02,1,84740,84288,452
15723481,2.00015,0.000164318,454,63271,0.0299975,0.02,1,84742,84288,454
15726401,2.00006,6.57271e-05,456,63304,0.029999,0.02,1,84744,84288,456
15729321,2.00002,2.62908e-05,458,63337,0.0299996,0.02,1,84746,84288,458
15732241,2.00001,1.05163e-05,460,63370,0.0299998,0.02,1,84748,84288,460
15735161,2,4.20653e-06,462,63403,0.0299999,0,1,84750,84288,462
15738081,230,253.2,422,63436,0.012,0,1,85132,84710,422
15741001,93.2,102.48,422,63469,0.00479999,0,1,85134,84712,422
15743921,38.48,40.992,424,63502,0.00192,0,1,85136,84712,424
15746841,16.592,17.5968,424,63535,0.000767998,0,1,85138,84714,424
15749761,7.8368,8.23872,424,63568,0.000307199,0,1,85140,84716,424
15752681,4.33472,4.49549,424,63601,0.00012288,0,1,85142,84718,424
15755601,2.93389,2.99819,424,63634,0.00604915,0.01,1,85144,84720,424
15758521,2.37356,2.39928,424,63667,0.00841966,0.03,1,85146,84722,424
15761441,2.14942,2.15971,424,63700,0.00936786,0.03,1,85148,84724,424
15764361,2.05977,2.06388,424,63733,0.00974715,0.03,1,85150,84726,424
15767281,2.02391,2.02555,424,63766,0.00989886,0.03,1,85152,84728,424
15770201,2.00956,2.01022,424,63799,0.00995954,0.03,1,85154,84730,424
15773121,2.00383,2.00409,424,63832,0.00998382,0.03,1,85156,84732,424
15776041,2.00153,2.00164,424,63865,0.00999353,0.03,1,85158,84734,424
15778961,2.00061,2.00065,424,63898,0.00999741,0.03,1,85160,84736,424
15781881,2.00024,2.00026,424,63931,0.00999896,0.03,1,85162,84738,424
15784801,2.0001,2.0001,424,63964,0.00999959,0.03,1,85164,84740,424
15787721,2.00004,2.00004,424,63997,0.00999983,0.03,1,85166,84742,424
15790641,2.00002,2.00002,424,64030,0.00999993,0.03,1,85168,84744,424
15793561,2.00001,2.00001,424,64063,0.00999997,0.03,1,85170,84746,424
15796481,2,2,424,64096,0.00999999,0.03,1,85172,84748,424
15800861,157.16,230,422,64162,0.052,0,1,85554,85132,422
15803781,64.064,93.2,422,64195,0.0208,0,1,85556,85134,422
15806701,26.8256,38.48,422,64228,0.00832,0,1,85558,85136,422
15809621,11.9302,16.592,422,64261,0.003328,0,1,85560,85138,422
15812541,5.9721,7.8368,422,64294,0.0013312,0,1,85562,85140,422
15815461,3.58884,4.33472,422,64327,0.00053248,0.01,1,85564,85142,422
15818381,2.63554,2.93389,422,64360,0.00621299,0.01,1,85566,85144,422
15821301,2.25421,2.37356,422,64393,0.0084852,0.01,1,85568,85146,422
15824221,2.10169,2.14942,422,64426,0.0213941,0.01,1,85570,85148,422
15827141,2.04067,2.05977,422,64459,0.0265576,0.01,1,85572,85150,422
15830061,2.01627,2.02391,422,64492,0.0286231,0.01,1,85574,85152,422
15832981,2.00651,2.00956,422,64525,0.0294492,0.01,1,85576,85154,422
15835901,2.0026,2.00383,422,64558,0.0297797,0.01,1,85578,85156,422
15838821,2.00104,2.00153,422,64591,0.0299119,0.01,1,85580,85158,422
15841741,2.00042,2.00061,422,64624,0.0299648,0.01,1,85582,85160,422
15844661,2.00017,2.00024,422,64656,0.0299859,0.01,1,85584,85162,422
15847581,2.00007,2.0001,422,64688,0.0299944,0.01,1,85586,85164,422
15850501,2.00003,2.00004,422,64720,0.0299977,0.01,1,85588,85166,422
15853421,2.00001,2.00002,422,64752,0.0299991,0.01,1,85590,85168,422
15856341,2,2.00001,422,64784,0.0299996,0.01,1,85592,85170,422
15859261,2,2,422,64816,0.0299999,0.21,1,85594,85172,422
15862181,229.4,121.4,602,64848,0.0239999,0,1,85975,85373,602
15865101,92.96,157.16,423,64880,0.0216,0,1,85977,85554,423
15868021,38.384,64.064,423,64912,0.00863999,0,1,85979,85556,423
15870941,16.5536,26.8256,423,64944,0.003456,0,1,85981,85558,423
15873861,7.82144,11.9302,423,64976,0.0013824,0,1,85983,85560,423
15876781,4.32858,5.9721,423,65008,0.000552959,0,1,85985,85562,423
15879701,2.93143,3.58884,423,65040,0.00622118,0.01,1,85987,85564,423
15882621,2.37257,2.63554,423,65072,0.00848847,0.01,1,85989,85566,423
15885541,2.14903,2.25421,423,65104,0.00939539,0.03,1,85991,85568,423
15888461,2.05961,2.10169,423,65136,0.00975816,0.03,1,85993,85570,423
15891381,2.02384,2.04067,423,65168,0.00990326,0.03,1,85995,85572,423
15894301,2.00954,2.01627,423,65200,0.0099613,0.03,1,85997,85574,423
15897221,2.00382,2.00651,423,65232,0.00998452,0.03,1,85999,85576,423
15900141,2.00153,2.0026,423,65264,0.00999381,0.03,1,86001,85578,423
15903061,2.00061,2.00104,423,65296,0.00999752,0.03,1,86003,85580,423
15905981,2.00024,2.00042,423,65328,0.00999901,0.03,1,86005,85582,423
15908901,2.0001,2.00017,423,65360,0.0099996,0.03,1,86007,85584,423
15911821,2.00004,2.00007,423,65392,0.00999984,0.03,1,86009,85586,423
15914741,2.00002,2.00003,423,65424,0.00999994,0.03,1,86011,85588,423
15917661,2.00001,2.00001,423,65456,0.00999997,0.03,1,86013,85590,423
15920581,2,2,423,65488,0.00999999,0.03,1,86015,85592,423
15923501,2,2,423,65520,0.01,0.02,1,86017,85594,423
15935181,16.5152,16.5536,422,65648,0.080608,0,1,86403,85981,422
15938101,7.80608,7.82144,422,65680,0.0622432,0,1,86405,85983,422
15941021,4.32243,4.32858,422,65712,0.0368973,0.01,1,86407,85985,422
15943941,2.92897,2.93143,422,65744,0.0207589,0.01,1,86409,85987,422
15946861,2.37159,2.37257,422,65776,0.0143036,0.01,1,86411,85989,422
15949781,2.14864,2.14903,422,65808,0.0117214,0.01,1,86413,85991,422
15952701,2.05945,2.05961,422,65840,0.0106886,0.01,1,86415,85993,422
15955621,2.02378,2.02384,422,65872,0.0222754,0.01,1,86417,85995,422
15958541,2.00951,2.00954,422,65904,0.0269102,0.01,1,86419,85997,422
15961461,2.00381,2.00382,422,65936,0.0287641,0.01,1,86421,85999,422
15964381,2.00152,2.00153,422,65968,0.0295056,0.01,1,86423,86001,422
15967301,2.00061,2.00061,422,66000,0.0298023,0.01,1,86425,86003,422
15970221,2.00024,2.00024,422,66032,0.0299209,0.01,1,86427,86005,422
15973141,2.0001,2.0001,422,66064,0.0299684,0.01,1,86429,86007,422
15976061,2.00004,2.00004,422,66096,0.0299873,0.01,1,86431,86009,422
15978981,2.00002,2.00002,422,66128,0.0299949,0.01,1,86433,86011,422
15981901,2.00001,2.00001,422,66160,0.029998,0.01,1,86435,86013,422
15984821,2,2,422,66192,0.0299992,0.01,1,86437,86015,422
15987741,2,2,422,66224,0.0299997,0.18,1,86439,86017,422
15990661,228.8,228.8,422,66256,0.0119999,0.14,1,86819,86397,422
15993581,92.72,92.72,422,66288,0.00479995,0.1,1,86821,86399,422
15996501,38.288,38.288,422,66320,0.00191998,0.06,1,86823,86401,422
15999421,16.5152,16.5152,422,66352,0.000767992,0.05,1,86825,86403,422
16002341,7.80608,7.80608,422,66384,0.0603072,0.05,1,86827,86405,422
16005261,4.32243,3.12243,424,66416,0.0601229,0.02,1,86829,86405,424
16008181,2.92897,2.44897,424,66448,0.0600492,0.01,1,86831,86407,424
16011101,2.37159,2.17959,424,66480,0.0540197,0.01,1,86833,86409,424
16014021,2.14864,2.07184,424,66512,0.0936079,0.01,1,86835,86411,424
16053441,121.4,2,623,66950,0.0740002,0,1,87062,86439,623
16056361,157.16,228.8,424,66981,0.0296001,0,1,87243,86819,424
16059281,64.064,92.72,424,67012,0.01184,0,1,87245,86821,424
16062201,28.0256,38.288,426,67043,0.028736,0,1,87249,86823,426
16065121,13.0102,16.5152,427,67074,0.0114944,0.1,1,87252,86825,427
16068041,6.4041,7.80608,427,67105,0.0225978,0.06,1,87254,86827,427
16120601,226.4,121.4,602,67663,0.0680006,0,1,87664,87062,602
16123521,95.96,157.16,430,67694,0.0272002,0,1,87673,87243,430
16126441,39.584,64.064,430,67725,0.0288801,0.04,1,87675,87245,430
16129361,17.0336,28.0256,428,67756,0.011552,0,1,87677,87249,428
16132281,9.81344,13.0102,430,67787,0.0526208,0.03,1,87682,87252,430
16135201,5.12538,6.4041,430,67818,0.0690483,0.18,1,87684,87254,430
16138121,3.25015,3.76164,430,67849,0.0696193,0.14,1,87686,87256,430
16141041,2.50006,2.70466,430,67880,0.0698477,0.14,1,87688,87258,430
16143961,2.20002,2.28186,430,67911,0.0459391,0.1,1,87690,87260,430
16187761,221.6,226.4,422,68376,0.0708624,0,1,88086,87664,422
16190681,95.24,95.96,424,68407,0.046345,0.03,1,88097,87673,424
16193601,39.296,39.584,424,68438,0.018538,0,1,88099,87675,424
16196521,16.9184,17.0336,424,68469,0.00741519,0.08,1,88101,87677,424
16214041,2.10411,2.08001,428,68655,0.0649571,0.14,1,88120,87692,428
16216961,2.04165,2.032,428,68686,0.0439828,0.14,1,88122,87694,428
16219881,3.21666,2.0128,430,68717,0.0355931,0.14,1,88126,87696,430
16222801,2.48666,2.00512,430,68748,0.0442373,0.13,1,88128,87698,430
16254921,216.8,221.6,422,69079,0.0646286,0.03,1,88508,88086,422
16257841,93.32,95.24,422,69109,0.0438514,0,1,88519,88097,422
16260761,42.728,39.296,429,69139,0.0175406,0,1,88528,88099,429
16263681,18.2912,16.9184,429,69169,0.0250162,0.18,1,88530,88101,429
16266601,9.11648,12.1674,423,69199,0.0100065,0.18,1,88533,88110,423
16269521,4.84659,6.06694,423,69229,0.0040026,0.14,1,88535,88112,423
16272441,3.13864,3.62678,423,69259,0.00160104,0.13,1,88537,88114,423
16275361,2.45545,2.65071,423,69289,0.0186404,0.13,1,88539,88116,423
16278281,2.18218,1.06028,425,69319,0.0254562,0.08,1,88541,88116,425
16304561,2.00816,2.01204,429,69589,0.0880048,0.14,1,88565,88136,429
16307481,2.00326,2.00482,429,69619,0.0772019,0.14,1,88567,88138,429
16320621,121.4,2.00005,628,69769,0.0889473,0.02,1,88776,88148,628
16323541,140.96,216.8,422,69799,0.0355789,0.03,1,88930,88508,422
16326461,62.984,93.32,422,69829,0.0322316,0,1,88941,88519,422
16329381,30.5936,42.728,422,69859,0.0128926,0.03,1,88950,88528,422
16332301,13.4374,18.2912,422,69889,0.0231571,0,1,88952,88530,422
16335221,7.17498,9.11648,422,69919,0.00926282,0,1,88955,88533,422
16338141,5.26999,4.84659,424,69949,0.00370513,0,1,88959,88535,424
16341061,6.908,3.13864,430,69979,0.00748205,0.03,1,88967,88537,430
16343981,3.9632,2.45545,430,70009,0.00299282,0.03,1,88969,88539,430
16346901,2.78528,2.18218,430,70039,0.00719713,0.2,1,88971,88541,430
16349821,2.91411,5.07287,426,70069,0.00287885,0.2,1,88974,88548,426
16352741,2.36564,3.22915,426,70099,0.00115154,0.2,1,88976,88550,426
16355661,2.14626,2.49166,426,70129,0.0184606,0.14,1,88978,88552,426
16358581,2.0585,2.79666,425,70159,0.0253842,0.12,1,88980,88555,425
16361501,3.2234,2.31867,427,70189,0.0941537,0.12,1,88984,88557,427
16387781,2.0015,2.00008,430,70459,0.205495,0.03,1,89005,88575,430
16390701,208.401,121.4,575,70489,0.0821982,0,1,89351,88776,575
16393621,89.9602,140.96,432,70519,0.0508793,0.03,1,89362,88930,432
16396541,41.3841,62.984,430,70549,0.0203517,0,1,89371,88941,430
16399461,17.7536,30.5936,423,70579,0.0261407,0.03,1,89373,88950,423
16402381,8.90145,13.4374,424,70609,0.0104563,0,1,89376,88952,424
16405301,5.96058,7.17498,425,70639,0.00418251,0,1,89380,88955,425
16408221,7.18423,5.26999,429,70669,0.007673,0.01,1,89388,88959,429
16411141,4.07369,6.908,423,70699,0.0030692,0,1,89390,88967,423
16414061,2.82948,3.9632,423,70729,0.00722768,0.01,1,89392,88969,423
16416981,7.13179,2.78528,431,70759,0.00889107,0,1,89402,88971,431
16419901,4.05272,2.91411,430,70789,0.00955643,0,1,89404,88974,430
16422821,2.82109,2.36564,430,70819,0.00382257,0.03,1,89406,88976,430
16425741,2.32843,2.14626,430,70849,0.00152903,0.03,1,89408,88978,430
16428661,2.13137,2.0585,430,70879,0.000611611,0.14,1,89410,88980,430
16431581,3.25255,3.2234,430,70909,0.00624464,0.18,1,89414,88984,430
16460781,202.402,208.401,422,71204,0.0479292,0.03,1,89773,89351,422
16463701,87.5607,89.9602,422,71233,0.0371717,0,1,89784,89362,422
16466621,40.4243,41.3841,422,71262,0.0148687,0.03,1,89793,89371,422
16469541,17.3697,17.7536,422,71291,0.0239475,0,1,89795,89373,422
16472461,8.74789,8.90145,422,71320,0.00957899,0,1,89798,89376,422
16475381,5.89915,5.96058,422,71349,0.0398316,0.01,1,89802,89380,422
16478301,7.15966,7.18423,422,71378,0.0219326,0,1,89810,89388,422
16481221,4.06386,4.07369,422,71407,0.00877305,0.01,1,89812,89390,422
16484141,2.82555,2.82948,422,71436,0.00950922,0.01,1,89814,89392,422
16487061,7.13022,7.13179,422,71465,0.00980369,0.01,1,89824,89402,422
16489981,5.25209,4.05272,424,71494,0.00392148,0,1,89828,89404,424
16492901,6.30084,2.82109,429,71523,0.0195686,0,1,89835,89406,429
16495821,3.72033,2.32843,429,71552,0.00782744,0,1,89837,89408,429
16498741,2.68813,2.13137,429,71581,0.021131,0.01,1,89839,89410,429
16501661,3.47525,3.25255,429,71610,0.00845239,0.18,1,89843,89414,429
16504581,2.5901,3.10102,428,71639,0.00338096,0.14,1,89845,89417,428
16507501,4.03604,4.84041,427,71668,0.0313524,0.18,1,89850,89423,427
16519181,2.24412,2.07271,429,71784,0.0931066,0.12,1,89860,89431,429
16530861,198.206,202.402,422,71900,0.0676635,0.03,1,90195,89773,422
16533781,85.8825,87.5607,422,71929,0.0450654,0,1,90206,89784,422
16536701,40.353,40.4243,423,71958,0.0180262,0.03,1,90216,89793,423
16539621,17.3412,17.3697,423,71987,0.0132105,0,1,90218,89795,423
16542541,8.13648,8.74789,422,72016,0.00528419,0.06,1,90220,89798,422
16545461,5.65459,5.89915,422,72045,0.0381137,0.01,1,90224,89802,422
16548381,7.06184,7.15966,422,72074,0.0212455,0,1,90232,89810,422
16551301,4.02473,4.06386,422,72103,0.00849819,0.01,1,90234,89812,422
16554221,2.80989,2.82555,422,72132,0.00939928,0.01,1,90236,89814,422
16557141,7.12396,7.13022,422,72161,0.0217597,0,1,90246,89824,422
16560061,5.24958,5.25209,422,72190,0.00870388,0.03,1,90250,89828,422
16562981,6.29983,6.30084,422,72219,0.0214816,0.03,1,90257,89835,422
16565901,3.71993,2.52033,424,72248,0.00859262,0,1,90259,89835,424
16568821,2.68797,2.20813,424,72277,0.021437,0.03,1,90261,89837,424
16571741,6.47519,2.08325,431,72306,0.0265748,0,1,90270,89839,431
16574661,3.79008,3.2333,429,72335,0.0286299,0,1,90272,89843,429
16577581,2.71603,2.49332,429,72364,0.011452,0.05,1,90274,89845,429
16595101,2.6398,2.09725,431,72538,0.0931515,0.2,1,90293,89862,431
16598021,2.25592,2.0389,431,72567,0.0792606,0.16,1,90295,89864,431
16599481,121.502,2.01556,630,72596,0.0497042,0,1,90496,89866,630
16602401,121.201,198.206,422,72625,0.0198817,0.03,1,90617,90195,422
16605321,55.0804,85.8825,422,72654,0.0259527,0,1,90628,90206,422
16608241,28.0322,40.353,422,72683,0.0103811,0.01,1,90638,90216,422
16611161,12.4129,17.3412,422,72712,0.0101524,0,1,90640,90218,422
16614081,6.16514,8.13648,422,72741,0.00406097,0.06,1,90642,90220,422
16617001,4.86606,5.65459,422,72770,0.00162439,0.01,1,90646,90224,422
16619921,7.34642,7.06184,423,72799,0.000649755,0,1,90655,90232,423
16622841,4.13857,4.02473,423,72828,0.0482599,0.01,1,90657,90234,423
16625761,2.85543,2.80989,423,72857,0.037304,0.03,1,90659,90236,423
16628681,6.54217,7.12396,422,72886,0.0749216,0,1,90668,90246,422
16631601,5.01687,5.24958,422,72915,0.0659686,0.03,1,90672,90250,422
16634521,6.20675,6.29983,422,72944,0.0443874,0,1,90679,90257,422
16637441,3.6827,3.71993,422,72973,0.017755,0.03,1,90681,90259,422
16640361,2.67308,2.68797,422,73002,0.025102,0.03,1,90683,90261,422
16643281,6.46923,6.47519,422,73031,0.0400408,0.03,1,90692,90270,422
16646201,7.98769,3.79008,429,73060,0.0160163,0,1,90701,90272,429
16649121,4.39508,2.71603,429,73089,0.0244065,0.16,1,90703,90274,429
16652041,3.55803,5.88641,424,73118,0.00976261,0.16,1,90706,90282,424
16654961,2.62321,3.55456,424,73147,0.00390504,0.16,1,90708,90284,424
16657881,2.24928,2.62183,424,73176,0.00156202,0.12,1,90710,90286,424
16660801,2.09971,2.24873,424,73205,0.0186248,0.1,1,90712,90288,424
16663721,4.43989,2.09949,428,73234,0.0914499,0.08,1,90718,90290,428
16675401,82.6785,121.201,432,73350,0.0641171,0.03,1,91049,90617,432
16678321,39.0714,55.0804,431,73379,0.0256468,0,1,91059,90628,431
16681241,16.8286,28.0322,423,73408,0.0402587,0.01,1,91061,90638,423
16684161,7.93142,12.4129,423,73437,0.0221035,0,1,91063,90640,423
16687081,6.77257,6.16514,427,73466,0.0088414,0,1,91069,90642,427
16690001,6.90903,4.86606,430,73495,0.00353656,0,1,91076,90646,430
16692921,4.56361,7.34642,424,73524,0.00141462,0.08,1,91079,90655,424
16695841,4.22544,4.13857,426,73552,0.000565849,0.03,1,91083,90657,426
16698761,5.29018,2.85543,430,73580,0.0182263,0.1,1,91089,90659,430
16701681,4.51607,6.54217,425,73608,0.00729054,0.06,1,91093,90668,425
16704601,6.00643,5.01687,428,73636,0.0209162,0.03,1,91100,90672,428
16707521,3.60257,6.20675,423,73664,0.0443665,0,1,91102,90679,423
16710441,2.64103,3.6827,423,73692,0.0537466,0.03,1,91104,90681,423
16713361,2.25641,2.67308,423,73720,0.0274986,0.05,1,91106,90683,423
16716281,5.70256,6.46923,422,73748,0.0169995,0,1,91114,90692,422
16719201,7.68103,7.98769,422,73776,0.00679978,0.03,1,91123,90701,422
16722121,8.47241,4.39508,429,73804,0.00271991,0,1,91132,90703,429
16725041,4.58896,3.55803,428,73832,0.019088,0,1,91134,90706,428
16727961,3.03559,2.62321,428,73860,0.00763519,0,1,91136,90708,428
16730881,2.41423,2.24928,428,73888,0.00305407,0.03,1,91138,90710,428
16733801,2.16569,2.09971,428,73916,0.00122163,0.14,1,91140,90712,428
16748401,81.6078,82.6785,422,74056,0.0929693,0,1,91471,91049,422
16751321,38.6431,39.0714,422,74084,0.0371877,0.05,1,91481,91059,422
16754241,16.6572,16.8286,422,74112,0.0208751,0.01,1,91483,91061,422
16757161,7.8629,7.93142,422,74140,0.02635,0,1,91485,91063,422
16760081,6.74516,6.77257,422,74168,0.01054,0,1,91491,91069,422
16763001,8.09806,6.90903,424,74196,0.00421601,0,1,91500,91076,424
16765921,4.43923,4.56361,423,74224,0.0196864,0,1,91502,91079,423
16768841,3.57569,4.22544,422,74252,0.00787456,0.03,1,91505,91083,422
16771761,5.03028,5.29018,422,74280,0.0211498,0,1,91511,91089,422
16774681,5.01211,4.51607,423,74308,0.0564599,0.03,1,91516,91093,423
16777601,5.60484,6.00643,422,74336,0.040584,0.06,1,91522,91100,422
16780521,3.44194,3.60257,422,74364,0.0162336,0.06,1,91524,91102,422
16783441,2.57677,2.64103,422,74392,0.00649343,0.01,1,91526,91104,422
16786361,2.23071,2.25641,422,74420,0.00859737,0.01,1,91528,91106,422
16789281,5.69228,5.70256,422,74448,0.0214389,0,1,91536,91114,422
16792201,7.67691,7.68103,422,74476,0.00857558,0,1,91545,91123,422
16795121,8.47077,8.47241,422,74504,0.00343023,0.03,1,91554,91132,422
16798041,5.78831,4.58896,424,74532,0.00137209,0,1,91558,91134,424
16800961,6.51532,3.03559,429,74560,0.0185488,0,1,91565,91136,429
16803881,3.80613,2.41423,429,74588,0.00741953,0,1,91567,91138,429
16806801,2.72245,2.16569,429,74616,0.0209678,0.18,1,91569,91140,429
16809721,2.88898,3.86628,427,74644,0.00838713,0.18,1,91572,91145,427
16812641,2.35559,2.74651,427,74672,0.00335485,0.18,1,91574,91147,427
16815561,2.14224,2.2986,427,74700,0.0193419,0.2,1,91576,91149,427
16836001,8.08552,8.09806,422,74896,0.0852294,0.03,1,91922,91500,422
16838921,4.43421,4.43923,422,74924,0.0640917,0,1,91924,91502,422
16841841,4.77368,3.57569,424,74952,0.0256367,0.03,1,91929,91505,424
16844761,4.30947,5.03028,422,74980,0.0282547,0.08,1,91933,91511,422
16847681,4.72379,5.01211,422,75008,0.0113019,0.03,1,91938,91516,422
16850601,6.08952,5.60484,423,75036,0.0225207,0,1,91945,91522,423
16853521,3.63581,3.44194,423,75064,0.0090083,0,1,91947,91524,423
16856441,2.65432,2.57677,423,75092,0.0216033,0.01,1,91949,91526,423
16859361,2.26173,2.23071,423,75120,0.0146413,0.03,1,91951,91528,423
16862281,5.10469,5.69228,422,75148,0.0238565,0.03,1,91958,91536,422
16865201,6.84188,2.27691,430,75176,0.0335426,0,1,91966,91536,430
16868121,8.13675,6.31077,430,75204,0.013417,0,1,91975,91545,430
16871041,5.6547,7.92431,425,75232,0.00536682,0,1,91979,91554,425
16873961,6.46188,5.56972,428,75260,0.0201467,0.03,1,91986,91558,428
16876881,3.78475,6.42789,423,75288,0.00805869,0,1,91988,91565,423
16879801,3.3139,3.77116,424,75316,0.00922348,0.03,1,91991,91567,424
16882721,6.12556,2.70846,430,75344,0.0216894,0,1,91999,91569,430
16885641,3.65022,2.88338,429,75372,0.00867576,0,1,92001,91572,429
16888561,2.66009,2.35335,429,75400,0.0094703,0.03,1,92003,91574,429
16907541,3.58224,6.71379,423,75596,0.201869,0.05,1,92336,91913,423
16922141,4.31636,4.72379,422,75736,0.0800287,0.03,1,92360,91938,422
16925061,5.92655,6.08952,422,75764,0.0920115,0,1,92367,91945,422
16927981,3.57062,3.63581,422,75792,0.0728046,0.03,1,92369,91947,422
16930901,2.62825,2.65432,422,75820,0.0651218,0.01,1,92371,91949,422
16933821,2.2513,2.26173,422,75848,0.0320487,0.03,1,92373,91951,422
16936741,5.10052,5.10469,422,75876,0.0308195,0.04,1,92380,91958,422
16939661,6.84021,6.84188,422,75904,0.0123278,0,1,92388,91966,422
16942581,8.13608,8.13675,422,75932,0.00493112,0,1,92397,91975,422
16945501,5.65443,5.6547,422,75960,0.0499724,0.03,1,92401,91979,422
16948421,6.46177,6.46188,422,75988,0.037989,0,1,92408,91986,422
16951341,3.78471,3.78475,422,76016,0.0151956,0.01,1,92410,91988,422
16954261,3.31388,3.3139,422,76044,0.0120782,0.03,1,92413,91991,422
16957181,6.12555,6.12556,422,76072,0.0228313,0,1,92421,91999,422
16960101,3.65022,3.65022,422,76100,0.00913252,0.01,1,92423,92001,422
16963021,2.66009,2.66009,422,76128,0.00965301,0.19,1,92425,92003,422
17021421,4.45969,5.65443,422,76669,0.421356,0.03,1,92823,92401,422
17033101,6.09497,6.12555,422,76777,0.278819,0,1,92843,92421,422
17036021,3.63799,3.65022,422,76804,0.231527,0.01,1,92845,92423,422
17038941,2.65519,2.66009,422,76831,0.206611,0.63,1,92847,92425,422
17041861,207.462,189.464,452,76858,0.292644,0.61,1,93191,92739,452
17047701,46.8739,39.1942,457,76912,0.206423,0.53,1,93215,92758,457
17050621,19.9496,16.8777,457,76939,0.268569,0.66,1,93217,92760,457
17053541,9.17983,7.95108,457,76966,0.269428,0.68,1,93219,92762,457
17056461,5.47193,4.38043,458,76993,0.233771,0.74,1,93222,92764,458
17068141,3.88888,3.97614,455,77101,0.237633,0.71,1,93233,92778,455
17071061,2.75555,3.99046,453,77128,0.263053,0.71,1,93235,92782,453
17073981,4.10222,5.19618,452,77155,0.279221,0.71,1,93240,92788,452
17076901,2.84089,3.27847,452,77182,0.261689,0.67,1,93242,92790,452
17079821,2.33636,2.51139,452,77209,0.296675,0.66,1,93244,92792,452
17085661,2.65382,5.08182,448,77263,0.288668,0.58,1,93249,92801,448
17106101,2.04715,3.23742,431,77452,0.296563,0.24,1,93266,92835,431
17109021,2.61886,6.09497,426,77479,0.268625,0.2,1,93269,92843,426
17117781,214.44,207.462,438,77560,0.299432,0.34,1,93629,93191,438
17123621,41.9903,46.8739,428,77614,0.280709,0.31,1,93643,93215,428
17126541,17.9961,19.9496,428,77641,0.244284,0.27,1,93645,93217,428
17132381,8.63938,5.47193,435,77695,0.208285,0.17,1,93657,93222,435
17138221,3.6623,2.55551,436,77749,0.226526,0.17,1,93662,93226,436
17141141,2.66492,2.2222,436,77776,0.21661,0.28,1,93664,93228,436
17146981,3.18639,2.75555,436,77830,0.220658,0.29,1,93671,93235,436
17167421,2.01177,2.10461,436,78019,0.228835,0.34,1,93689,93253,436
17170341,2.00471,3.84184,433,78046,0.247534,0.32,1,93691,93258,433
17173261,3.80188,2.73674,436,78073,0.267014,0.32,1,93696,93260,436
17176181,2.72075,1.09469,438,78100,0.274805,0.32,1,93698,93260,438
17179101,2.2883,1.63788,438,78127,0.277922,0.32,1,93700,93262,438
17182021,2.11532,1.85515,438,78154,0.273169,0.28,1,93702,93264,438
17184941,2.04613,1.94206,438,78181,0.247268,0.25,1,93704,93266,438
17187861,2.61845,2.57682,438,78208,0.224907,0.34,1,93707,93269,438
17190781,2.24738,2.23073,438,78235,0.215963,0.34,1,93709,93271,438
17192241,121.499,2.09229,637,78262,0.242385,0.28,1,93910,93273,637
17195161,140.4,214.437,434,78289,0.222954,0.32,1,94063,93629,434
17198081,57.3598,86.9748,434,78316,0.233182,0.26,1,94065,93631,434
17201001,25.9439,41.9899,427,78343,0.249273,0.22,1,94070,93643,427
17203921,12.7776,17.996,429,78370,0.273709,0.13,1,94074,93645,429
17206841,8.11103,9.59838,430,78397,0.241484,0.23,1,94079,93649,430
17209761,6.24441,8.63935,427,78424,0.228593,0.18,1,94084,93657,427
17212681,6.69776,4.65574,432,78451,0.271437,0.25,1,94091,93659,432
17215601,3.87911,3.6623,431,78478,0.264575,0.21,1,94093,93662,431
17218521,2.75164,2.66492,431,78505,0.24983,0.15,1,94095,93664,431
17221441,2.30066,3.46597,429,78532,0.249932,0.25,1,94097,93668,429
17224361,3.32026,3.18639,430,78559,0.201973,0.18,1,94101,93671,430
17227281,5.52811,4.87455,431,78586,0.218789,0.18,1,94108,93677,431
17230201,5.21124,3.14982,434,78613,0.273516,0.13,1,94113,93679,434
17241881,2.08221,2.02944,434,78721,0.29481,0.26,1,94121,93687,434
17244801,2.03288,2.01177,434,78748,0.261924,0.26,1,94123,93689,434
17247721,2.01315,2.00471,434,78775,0.24277,0.28,1,94125,93691,434
17250641,2.00526,3.80188,431,78802,0.289108,0.28,1,94127,93696,431
17271081,213.218,121.499,586,78990,0.260645,0.21,1,94496,93910,586
17274001,86.4874,140.4,435,79016,0.218258,0.24,1,94498,94063,435
17276921,36.3949,57.3598,436,79042,0.255303,0.26,1,94501,94065,436
17279841,16.958,25.9439,435,79068,0.246121,0.29,1,94505,94070,435
17282761,8.58319,12.7776,434,79094,0.272449,0.22,1,94508,94074,434
17285681,7.63328,8.11103,436,79120,0.240979,0.22,1,94515,94079,436
17297361,2.48981,2.75164,434,79224,0.204937,0.25,1,94529,94095,434
17300281,4.59592,2.30066,438,79250,0.201975,0.17,1,94535,94097,438
17303201,6.03837,3.32026,441,79276,0.21879,0.23,1,94542,94101,441
17306121,3.61535,5.52811,436,79302,0.201516,0.31,1,94544,94108,436
17309041,2.64614,5.21124,433,79328,0.206606,0.32,1,94546,94113,433
17317801,2.42535,2.20552,437,79406,0.223703,0.28,1,94556,94119,437
17320721,2.17014,2.08221,437,79432,0.239481,0.24,1,94558,94121,437
17323641,2.06806,2.03288,437,79458,0.221792,0.23,1,94560,94123,437
17326561,2.02722,2.01315,437,79484,0.214717,0.32,1,94562,94125,437
17329481,2.01089,2.00526,437,79510,0.211887,0.31,1,94564,94127,437
17332401,2.00436,2.0021,437,79536,0.240755,0.32,1,94566,94129,437
17335321,3.80174,3.80084,437,79562,0.258302,0.32,1,94571,94134,437
17338241,2.7207,2.72034,437,79588,0.259321,0.32,1,94573,94136,437
17341161,2.28828,2.28813,437,79614,0.265728,0.34,1,94575,94138,437
17344081,2.11531,2.11525,437,79640,0.268291,0.29,1,94577,94140,437
17347001,2.04612,2.0461,437,79666,0.233317,0.23,1,94579,94142,437
17364521,4.15059,7.63328,426,79822,0.296465,0.17,1,94941,94515,426
17373281,3.81764,3.22453,433,79900,0.266654,0.27,1,94960,94527,433
17376201,2.72705,2.48981,433,79926,0.226661,0.2,1,94962,94529,433
17379121,2.29082,4.59592,429,79952,0.252665,0.23,1,94964,94535,429
17420001,2.00045,2.28828,430,80316,0.403591,0.27,1,95005,94575,430
17422921,2.00018,2.11531,430,80342,0.413436,0.21,1,95007,94577,430
17425841,3.20007,2.04612,432,80368,0.411375,0.38,1,95011,94579,432
17428761,214.88,212.018,436,80394,0.44055,0.34,1,95367,94931,436
17434601,39.0608,35.6029,441,80446,0.444888,0.33,1,95376,94935,441
17437521,16.8243,15.4412,441,80472,0.441955,0.29,1,95378,94937,441
17440441,7.92973,7.37647,441,80498,0.440782,0.29,1,95380,94939,441
17443361,4.37189,4.15059,441,80524,0.416313,0.38,1,95382,94941,441
17506141,121.401,3.12323,641,81096,0.282052,0.46,1,95652,95011,641
17509061,142.76,214.849,442,81122,0.262821,0.46,1,95809,95367,442
17523661,5.24139,4.37158,440,81252,0.410595,0.33,1,95822,95382,440
17526581,4.49655,4.74863,439,81278,0.416238,0.34,1,95826,95387,439
17538261,3.82071,2.93916,440,81382,0.401328,0.41,1,95843,95403,440
17558701,2.56193,2.38969,439,81564,0.405828,0.32,1,95869,95430,439
17564541,2.08991,3.14235,436,81616,0.403332,0.38,1,95873,95437,436
17573301,2.43775,2.07311,439,81694,0.404293,0.35,1,95882,95443,439
17599581,7.48363,11.0087,442,81928,0.423417,0.4,1,96257,95815,442
17602501,4.19345,5.60346,442,81954,0.427367,0.42,1,96259,95817,442
17605421,2.87738,5.24139,439,81980,0.428947,0.42,1,96261,95822,439
17608341,5.95095,4.49655,443,82006,0.423579,0.38,1,96269,95826,443
17611261,4.18038,4.19862,442,82031,0.439431,0.33,1,96272,95830,442
17614181,7.07215,2.87945,449,82056,0.415773,0.41,1,96281,95832,449
17617101,4.02886,6.55178,442,82081,0.406309,0.41,1,96283,95841,442
17625861,3.52185,3.25131,442,82156,0.296004,0.4,1,96293,95851,442
17628781,3.20874,3.70053,441,82181,0.280402,0.39,1,96296,95855,441
17640461,2.22294,2.56193,440,82281,0.401834,0.36,1,96309,95869,440
17646301,3.83567,2.08991,443,82331,0.401493,0.38,1,96316,95873,443
17649221,2.73427,3.23596,441,82356,0.424597,0.4,1,96318,95877,441
17652141,2.29371,3.09439,440,82381,0.433839,0.41,1,96320,95880,440
17655061,2.71748,2.43775,441,82406,0.419536,0.38,1,96323,95882,441
17669661,216.447,216.204,442,82531,0.401131,0.33,1,96691,96249,442
17672581,87.7789,87.6818,442,82556,0.418453,0.33,1,96693,96251,442
17675501,36.3116,36.2727,442,82581,0.437381,0.44,1,96695,96253,442
17678421,15.7246,15.7091,442,82606,0.420952,0.44,1,96697,96255,442
17681341,7.48985,7.48363,442,82631,0.402381,0.43,1,96699,96257,442
17701781,4.09699,4.01154,435,82806,0.417355,0.31,1,96722,96287,435
17713461,6.92568,5.4835,441,82906,0.446716,0.38,1,96744,96303,441
17716381,3.97027,3.3934,441,82931,0.418686,0.38,1,96746,96305,441
17725141,2.2221,2.08918,442,83006,0.427836,0.41,1,96753,96311,442
17728061,2.08884,3.83567,439,83031,0.417134,0.44,1,96755,96316,439
17730981,2.03554,2.73427,439,83056,0.406854,0.44,1,96757,96318,439
17733901,2.01421,2.29371,439,83081,0.444741,0.41,1,96759,96320,439
18265341,5.92634,11.578,457,87561,0.751417,0.72,2,99844,99387,457
18268261,3.57054,5.8312,457,87585,0.750567,0.74,2,99846,99389,457
18271181,2.62821,4.13248,456,87609,0.750227,0.74,2,99848,99392,456
18274101,2.25129,2.85299,456,87633,0.750091,0.73,2,99850,99394,456
18279941,3.84021,3.09648,455,87681,0.795615,0.68,2,99857,99402,455
18285781,6.49443,2.89544,459,87729,0.782498,0.65,2,99868,99409,459
18288701,3.79777,4.75817,455,87753,0.768999,0.63,2,99870,99415,455
18291621,2.71911,3.70327,454,87777,0.7756,0.63,2,99872,99418,454
18294541,2.88764,2.68131,455,87801,0.76624,0.69,2,99875,99420,455
18300381,2.38202,2.70901,455,87849,0.777798,0.65,2,99880,99425,455
18303301,2.15281,2.8836,454,87873,0.791119,0.67,2,99882,99428,454
18306221,2.06112,2.95344,453,87897,0.796448,0.7,2,99884,99431,453
18309141,2.02445,2.38138,453,87921,0.798579,0.71,2,99886,99433,453
18312061,3.80978,2.75255,455,87945,0.781432,0.65,2,99891,99436,455
18314981,2.72391,4.10102,452,87969,0.774573,0.65,2,99893,99441,452
18317901,2.28956,2.84041,452,87993,0.771829,0.65,2,99895,99443,452
18320821,7.51583,2.33616,461,88017,0.764732,0.64,2,99906,99445,461
18335421,120.856,2.08024,654,88137,0.750218,0.75,2,100114,99460,654
18350021,7.12045,11.8159,460,88257,0.761205,0.76,2,100302,99842,460
18352941,4.04818,5.92634,460,88281,0.784482,0.75,2,100304,99844,460
18355861,2.81927,3.57054,460,88305,0.793793,0.75,2,100306,99846,460
18358781,2.32771,2.62821,460,88329,0.797517,0.75,2,100308,99848,460
18361701,2.13108,2.25129,460,88353,0.799007,0.74,2,100310,99850,460
18364621,2.05243,2.10051,460,88377,0.781603,0.83,2,100312,99852,460
18367541,2.02097,3.84021,457,88401,0.774641,0.83,2,100314,99857,457
18370461,2.00839,2.73608,457,88425,0.771856,0.76,2,100316,99859,457
18376301,4.76134,3.79777,460,88473,0.776297,0.78,2,100330,99870,460
18379221,3.10454,2.71911,460,88497,0.760519,0.76,2,100332,99872,460
18382141,2.44181,2.88764,459,88521,0.754208,0.73,2,100334,99875,459
18385061,2.17673,2.95506,458,88545,0.769683,0.8,2,100336,99878,458
18387981,2.07069,2.38202,458,88569,0.775873,0.8,2,100338,99880,458
18390901,2.02828,2.15281,458,88593,0.796349,0.8,2,100340,99882,458
18393821,2.01131,2.06112,458,88617,0.79854,0.8,2,100342,99884,458
18396741,2.00452,2.02445,458,88641,0.799416,0.77,2,100344,99886,458
18408421,3.91532,7.51583,452,88737,0.783473,0.72,2,100358,99906,452
18411341,2.76613,4.20633,452,88761,0.769389,0.67,2,100360,99908,452
18414261,4.70645,2.88253,456,88785,0.751756,0.7,2,100366,99910,456
18417181,6.08258,2.35301,461,88809,0.762702,0.66,2,100373,99912,461
18434701,11.8932,11.8011,460,88948,0.939324,0.8,2,100758,100298,460
18437621,6.55728,7.12045,459,88971,0.927729,0.8,2,100761,100302,459
18440541,3.82291,4.04818,459,88994,0.923092,0.8,2,100763,100304,459
18443461,2.72916,2.81927,459,89017,0.945237,0.8,2,100765,100306,459
18785101,36.9086,33.5792,474,91708,0.93496,1,2,102667,102193,474
18790941,15.6254,10.4127,483,91754,0.942794,1,2,102688,102205,483
18793861,9.85015,6.56507,485,91777,0.929117,1,2,102694,102209,485
18799701,6.61602,4.17041,490,91823,0.901059,1,2,102706,102216,490
18837661,2.01558,2.00046,504,92122,0.904333,1,2,102753,102249,504
18840581,2.60623,2.00019,505,92145,0.925733,1,2,102756,102251,505
18843501,2.84249,2.00007,506,92168,0.928293,1,2,102759,102253,506
18846421,3.537,3.20003,506,92191,0.929317,1,2,102763,102257,506
18849341,2.6148,2.48001,506,92214,0.929727,1,2,102765,102259,506
18852261,2.24592,2.192,506,92237,0.941891,1,2,102767,102261,506
18855181,2.09837,2.0768,506,92260,0.934756,1,2,102769,102263,506
18858101,2.03935,2.03072,506,92283,0.925902,1,2,102771,102265,506
18861021,2.01574,2.01229,506,92306,0.922361,1,2,102773,102267,506
18863941,2.0063,3.80492,503,92329,0.926944,1,2,102775,102272,503
18963221,67.4484,146.001,470,93093,0.211503,0.58,1,103579,103109,470
18971981,11.9967,17.3121,461,93159,0.0612962,0.62,1,103602,103141,461
18974901,6.59868,12.9248,454,93181,0.0845185,0.63,1,103605,103151,454
18980741,4.77579,7.10797,450,93225,0.072323,0.56,1,103613,103163,450
18983661,4.31032,7.04319,447,93247,0.0589292,0.61,1,103617,103170,447
18986581,5.92413,5.21728,450,93269,0.0715717,0.51,1,103624,103174,450
18989501,7.76965,6.88691,451,93291,0.0766287,0.51,1,103633,103182,451
18992421,4.90786,6.95476,447,93313,0.0666515,0.48,1,103636,103189,447
18995341,8.56314,3.98191,456,93335,0.0446606,0.44,1,103647,103191,456
18998261,4.62526,3.99276,454,93357,0.0178642,0.52,1,103649,103195,454
19001181,3.0501,2.7971,454,93379,0.0671457,0.48,1,103651,103197,454
19004101,3.62004,2.31884,456,93401,0.0868583,0.64,1,103655,103199,456
19015781,2.23347,2.27696,454,93489,0.0854076,0.51,1,103668,103214,454
19018701,2.09339,2.11078,454,93511,0.052163,0.51,1,103670,103216,454
19021621,2.03736,2.04431,454,93533,0.0208652,0.64,1,103672,103218,454
19024541,2.01494,2.61773,453,93555,0.0263461,0.63,1,103674,103221,453
19050821,128.481,87.8025,602,93753,0.295206,0.13,1,103987,103385,602
19068341,4.62181,6.59868,426,93885,0.285214,0.12,1,104031,103605,426
19080021,6.90072,5.92413,431,93973,0.272261,0.08,1,104055,103624,431
19082941,3.96029,7.76965,424,93995,0.216905,0.06,1,104057,103633,424
19085861,10.5841,4.90786,436,94017,0.248762,0.03,1,104072,103636,436
19088781,5.43365,8.56314,427,94039,0.237505,0,1,104074,103647,427
19091701,3.37346,4.62526,427,94061,0.203002,0.1,1,104076,103649,427
19097541,3.29975,3.62004,428,94105,0.25568,0.11,1,104083,103655,428
19100461,2.5199,5.64802,423,94127,0.282272,0.11,1,104085,103662,423
19103381,2.20796,3.45921,423,94149,0.292909,0.11,1,104087,103664,423
19106301,5.68318,2.58368,429,94171,0.273164,0.07,1,104095,103666,429
19109221,3.47327,2.23347,429,94193,0.265265,0.03,1,104097,103668,429
19112141,2.58931,2.09339,429,94215,0.256106,0,1,104099,103670,429
19115061,2.23572,2.03736,429,94237,0.228442,0.03,1,104101,103672,429
19132581,2.03169,2.03087,429,94369,0.223049,0.15,1,104115,103686,429
19135501,2.01267,2.01235,429,94391,0.23322,0.15,1,104117,103688,429
19138421,2.00507,2.00494,429,94413,0.243288,0.18,1,104119,103690,429
19141341,87.802,84.202,435,94435,0.205315,0.38,1,104264,103829,435
19144261,132.921,128.481,440,94457,0.238126,0.37,1,104427,103987,440
19147181,63.9683,62.1923,440,94479,0.24525,0.37,1,104445,104005,440
19150101,29.1873,28.4769,440,94501,0.2481,0.37,1,104451,104011,440
19153021,12.8749,12.5908,440,94523,0.24924,0.39,1,104453,104013,440
19155941,9.94997,11.6363,437,94545,0.249696,0.31,1,104461,104024,437
19158861,8.17999,7.05452,440,94567,0.273878,0.25,1,104468,104028,440
19161781,4.472,4.62181,439,94589,0.259551,0.4,1,104470,104031,439
19164701,3.5888,5.44872,436,94611,0.241821,0.4,1,104473,104037,436
19167621,2.63552,3.37949,436,94633,0.252728,0.33,1,104475,104039,436
19170541,2.25421,6.7518,429,94655,0.257091,0.22,1,104477,104048,429
19173461,8.10168,6.90072,434,94677,0.258837,0.18,1,104489,104055,434
19176381,6.24067,3.96029,437,94699,0.229535,0.27,1,104494,104057,437
19179301,8.49627,10.5841,432,94721,0.229814,0.23,1,104504,104072,432
19182221,6.39851,5.43365,435,94743,0.247926,0.18,1,104509,104074,435
19185141,3.7594,3.37346,435,94765,0.25517,0.18,1,104511,104076,435
19188061,3.90376,3.74938,435,94787,0.264068,0.3,1,104515,104080,435
19190981,2.7615,3.29975,434,94809,0.249627,0.3,1,104517,104083,434
19193901,2.3046,2.5199,434,94831,0.219851,0.3,1,104519,104085,434
19196821,2.12184,2.20796,434,94853,0.27394,0.26,1,104521,104087,434
19199741,2.04874,5.68318,428,94875,0.295576,0.26,1,104523,104095,428
19217261,2.845,2.49509,433,95007,0.294523,0.13,1,104542,104109,433
19220181,2.338,2.19803,433,95029,0.267809,0.24,1,104544,104111,433
19223101,2.1352,2.07921,433,95051,0.233124,0.24,1,104546,104113,433
19226021,2.05408,2.03169,433,95073,0.21925,0.24,1,104548,104115,433
19228941,2.02163,2.01267,433,95095,0.2137,0.25,1,104550,104117,433
19231861,2.00865,2.00507,433,95117,0.21148,0.18,1,104552,104119,433
19234781,86.6035,87.802,431,95139,0.270592,0.26,1,104695,104264,431
19261061,2.85181,2.63552,434,95337,0.296312,0.26,1,104909,104475,434
19263981,2.34072,2.25421,434,95359,0.268525,0.26,1,104911,104477,434
19266901,5.13629,8.10168,429,95381,0.29941,0.21,1,104918,104489,429
19269821,8.05452,6.24067,434,95403,0.293764,0.23,1,104928,104494,434
19272741,9.22181,8.49627,434,95425,0.279506,0.26,1,104938,104504,434
19278581,5.43549,3.7594,436,95469,0.295521,0.27,1,104947,104511,436
19281501,4.5742,3.90376,436,95491,0.268208,0.24,1,104951,104515,436
19284421,3.02968,2.7615,436,95513,0.251283,0.2,1,104953,104517,436
19287341,2.41187,2.3046,436,95535,0.220513,0.31,1,104955,104519,436
19290261,2.16475,2.12184,436,95557,0.298205,0.31,1,104957,104521,436
19325301,2.0725,2.02131,438,95821,0.288519,0.21,1,104988,104550,438
19328221,86.629,2.00853,579,95843,0.295407,0.31,1,105131,104552,579
19360341,5.23453,2.34072,443,96085,0.289455,0.32,1,105354,104911,443
19363261,6.89381,5.13629,444,96107,0.289782,0.29,1,105362,104918,444
19366181,8.15753,8.05452,443,96129,0.223913,0.27,1,105371,104928,443
19372021,8.3852,6.08872,442,96173,0.259026,0.29,1,105384,104942,442
19374941,5.75408,5.43549,441,96195,0.23561,0.25,1,105388,104947,441
19377861,3.50163,4.5742,439,96217,0.202244,0.24,1,105390,104951,439
19380781,2.60065,3.02968,439,96239,0.260898,0.2,1,105392,104953,439
19383701,2.24026,2.41187,439,96261,0.260359,0.35,1,105394,104955,439
19421661,85.258,2.0725,576,96547,0.258597,0.3,1,105564,104988,576
19477141,2.31268,2.60065,438,96962,0.296589,0.26,1,105830,105392,438
19520941,139.161,135.503,441,97277,0.297424,0.4,1,106174,105733,441
19529701,13.2743,13.0402,441,97340,0.425835,0.39,1,106200,105759,441
19532621,10.1097,10.0161,441,97361,0.416334,0.39,1,106208,105767,441
19535541,6.44389,6.40643,441,97382,0.412534,0.39,1,106212,105771,441
19538461,3.77755,3.76257,441,97403,0.411013,0.39,1,106214,105773,441
19541381,2.71102,2.70503,441,97424,0.434405,0.37,1,106216,105775,441
19544301,2.28441,4.08201,438,97445,0.419762,0.41,1,106218,105780,438
19547221,2.11376,2.8328,438,97466,0.437905,0.37,1,106220,105782,438
19550141,4.44551,4.73312,438,97487,0.421162,0.33,1,106226,105788,438
19553061,4.7782,3.09325,441,97508,0.426465,0.34,1,106231,105790,441
19582261,2.05427,2.02001,440,97718,0.405184,0.38,1,106276,105836,440
19588101,2.00868,2.0032,440,97760,0.42603,0.37,1,106280,105840,440
19591021,2.00347,2.00128,440,97781,0.434412,0.37,1,106282,105842,440
19593941,3.20139,3.20051,440,97802,0.437765,0.37,1,106286,105846,440
19596861,2.48056,2.4802,440,97823,0.439106,0.38,1,106288,105848,440
19599781,2.19222,2.19208,440,97844,0.439642,0.38,1,106290,105850,440
19602701,2.07689,2.07683,440,97865,0.427857,0.38,1,106292,105852,440
19605621,2.03076,2.03073,440,97886,0.423143,0.38,1,106294,105854,440
19608541,2.0123,2.01229,440,97907,0.421257,0.37,1,106296,105856,440
19611461,2.00492,2.00492,440,97928,0.432503,0.34,1,106298,105858,440
19617301,143.361,139.161,441,97970,0.4484,0.4,1,106615,106174,441
19760381,4.80692,9.63036,447,98999,0.437978,0.44,1,107150,106703,447
19763301,3.12277,5.05214,447,99020,0.403191,0.51,1,107152,106705,447
19766221,5.44911,4.42086,450,99041,0.443276,0.49,1,107159,106709,450
19774981,2.22074,2.25093,449,99104,0.44765,0.45,1,107165,106716,449
19777901,3.2883,2.10037,451,99125,0.43706,0.45,1,107169,106718,451
19780821,2.51532,2.04015,451,99146,0.432824,0.5,1,107171,106720,451
19807101,79.4021,2.00493,580,99335,0.401705,0.56,1,107320,106740,580
20011501,71.0242,73.8322,449,100805,0.771725,0.58,2,108427,107978,449
20014421,36.2097,33.1329,456,100826,0.79469,0.61,2,108440,107984,456
20017341,15.6839,14.4531,456,100847,0.797876,0.71,2,108442,107986,456
20020261,11.0735,10.5813,456,100868,0.78715,0.7,2,108450,107994,456
20031941,2.30908,2.29648,456,100952,0.798663,0.74,2,108460,108004,456
20034861,2.12363,2.11859,456,100973,0.793465,0.7,2,108462,108006,456
20037781,3.24945,3.24744,456,100994,0.791386,0.7,2,108466,108010,456
20040701,2.49978,2.49897,456,101015,0.790554,0.73,2,108468,108012,456
20043621,5.79991,6.39959,455,101036,0.790222,0.72,2,108476,108021,455
20046541,3.51996,3.75984,455,101057,0.790089,0.72,2,108478,108023,455
20049461,2.60799,2.70393,455,101078,0.790035,0.67,2,108480,108025,455
20052381,3.44319,8.28157,447,101099,0.790014,0.63,2,108484,108037,447
20055301,7.37728,5.71263,453,101120,0.784006,0.51,2,108494,108041,453
20058221,4.15091,5.88505,449,101141,0.775602,0.62,2,108496,108047,449
20081581,3.50907,3.85305,453,101309,0.768967,0.61,2,108525,108072,453
20084501,2.60363,2.74122,453,101330,0.769587,0.68,2,108527,108074,453
20102021,3.20247,0.803036,457,101456,0.790882,0.65,2,108541,108084,457
20208601,146.723,150.872,452,102199,0.788428,0.58,2,109318,108866,452
20229041,2.94552,3.64843,456,102339,0.788412,0.71,2,109372,108916,456
20237801,3.26051,2.1055,458,102399,0.905578,0.69,2,109380,108922,458
20240721,2.50421,3.2422,456,102419,0.908231,0.69,2,109382,108926,456
20243641,5.80168,2.49688,462,102439,0.909293,0.69,2,109390,108928,462
20246561,3.52067,5.79875,456,102459,0.903717,0.69,2,109392,108936,456
20249481,2.60827,3.5195,456,102479,0.901487,0.73,2,109394,108938,456
20252401,3.44331,2.6078,458,102499,0.900595,0.69,2,109398,108940,458
20255321,5.57732,3.44312,461,102519,0.912238,0.71,2,109405,108944,461
20258241,3.43093,6.17725,455,102539,0.916895,0.67,2,109407,108952,455
20261161,2.57237,3.6709,455,102559,0.918758,0.67,2,109409,108954,455
20281601,7.6083,2.50731,461,102699,0.904384,0.63,2,109438,108977,461
20302041,2.72919,2.05428,458,102839,0.90284,0.67,2,109455,108997,458
20334161,2.35005,2.37821,466,103059,0.770049,0.92,2,109840,109374,466
20337081,2.14002,2.15128,466,103079,0.78202,0.91,2,109842,109376,466
20340001,3.25601,3.26051,466,103099,0.756808,0.91,2,109846,109380,466
20354601,3.44326,3.44331,466,103199,0.904332,0.92,2,109864,109398,466
20392561,3.38512,2.35893,465,103459,0.905495,0.83,2,109909,109444,465
20395481,2.55405,2.14357,465,103479,0.914198,0.79,2,109911,109446,465
20404241,3.83546,2.72919,465,103539,0.902589,0.76,2,109920,109455,465
20413001,60.3415,61.7587,460,103599,0.914806,0.9,2,110240,109780,460
20421761,9.57385,9.18455,465,103659,0.943428,0.91,2,110280,109815,465
20442201,3.79624,3.25601,465,103799,0.935441,0.74,2,110311,109846,465
20448041,5.8874,5.80096,465,103839,0.940471,0.89,2,110321,109856,465
20480161,3.84703,5.07775,461,104059,0.943112,0.87,2,110351,109890,461
20483081,2.73881,3.2311,461,104079,0.923245,0.85,2,110353,109892,461
20486001,7.09552,4.89244,465,104099,0.915298,0.81,2,110363,109898,465
20488921,4.03821,3.15698,465,104119,0.912119,0.92,2,110365,109900,465
20497681,4.41045,2.55405,465,104179,0.937736,0.88,2,110376,109911,465
20506441,3.95427,3.83546,465,104239,0.932415,0.79,2,110385,109920,465
20599881,2.1917,3.52611,469,104879,0.946,1,2,110840,110371,469
20906481,49.7407,53.552,482,51182,0.07,1,1,112295,111813,482
20921081,38.8844,45.2815,435,51387,0.915165,0.15,2,112648,112213,435
20921681,17.3538,25.3126,426,51428,0.936066,0.06,2,112651,112225,426
20922721,13.5415,16.725,426,51428,0.902426,0.01,2,112662,112236,426
20931481,8.40266,7.3104,426,51551,0.0577553,0.01,1,112727,112301,426
20934401,4.56106,2.92416,428,51592,0.0411021,0.01,1,112729,112301,428
20937321,3.02442,1.16966,430,51633,0.0344408,0.01,1,112731,112301,430
20940241,2.40977,0.467866,432,51674,0.0137763,0.01,1,112733,112301,432
20943161,2.16391,0.187146,434,51715,0.0115105,0.01,1,112735,112301,434
20946081,2.06556,0.0748585,436,51756,0.0106042,0.01,1,112737,112301,436
20949001,2.02623,0.0299434,438,51797,0.0102417,0.01,1,112739,112301,438
20951921,2.01049,0.0119774,440,51838,0.0100967,0.01,1,112741,112301,440
20954841,2.0042,0.00479094,442,51879,0.0100387,0.01,1,112743,112301,442
20957761,29.0017,0.00191638,489,51920,0.0340155,0.25,1,112790,112301,489
20959221,132.201,31.8008,637,51961,0.0796062,0.72,1,112991,112354,637
20970901,31.7427,21.6989,505,52122,0.217894,0.93,1,113113,112608,505
20973821,17.4971,32.6796,473,52162,0.237158,0,1,113121,112648,473
20982581,5.10381,10.9715,422,52282,0.0792581,0.03,1,113149,112727,422
20985501,3.24153,5.5886,422,52322,0.0617032,0.03,1,113151,112729,422
20988421,2.49661,3.43544,422,52362,0.0666813,0,1,113153,112731,422
20991341,2.19864,2.57418,422,52402,0.0446725,0.01,1,113155,112733,422
20994261,2.07946,2.22967,422,52442,0.035869,0.01,1,113157,112735,422
20997181,2.03178,2.09187,422,52482,0.0323476,0.01,1,113159,112737,422
21000101,2.01271,2.03675,422,52522,0.030939,0.01,1,113161,112739,422
21003021,2.00509,2.0147,422,52562,0.0303756,0.01,1,113163,112741,422
21005941,2.00203,2.00588,422,52602,0.0301502,0.05,1,113165,112743,422
21008861,30.2008,29.0024,424,52642,0.0780601,0.11,1,113214,112790,424
21067261,79.472,78.9921,429,53439,0.22696,0.15,1,113925,113496,429
21070181,38.9888,38.7969,429,53478,0.240784,0.15,1,113937,113508,429
21073101,38.3955,38.3187,429,53517,0.246314,0.15,1,113975,113546,429
21076021,20.1582,20.1275,429,53556,0.248525,0.13,1,113983,113554,429
21078941,15.2633,15.851,428,53595,0.26141,0.13,1,113995,113567,428
21081861,7.30531,7.5404,428,53634,0.290564,0.13,1,113997,113569,428
21084781,4.12213,4.21616,428,53673,0.278226,0.13,1,113999,113571,428
21087701,2.84885,2.88646,428,53712,0.27329,0.13,1,114001,113573,428
21090621,2.33954,2.35459,428,53751,0.295316,0.13,1,114003,113575,428
21093541,2.13582,2.14183,428,53790,0.280126,0.13,1,114005,113577,428
21096461,2.05433,2.05673,428,53829,0.274051,0.13,1,114007,113579,428
21099381,2.02173,2.02269,428,53868,0.27162,0.13,1,114009,113581,428
21102301,2.00869,2.00908,428,53907,0.270648,0.13,1,114011,113583,428
21105221,2.00348,2.00363,428,53946,0.270259,0.13,1,114013,113585,428
21108141,2.00139,2.00145,428,53985,0.270104,0.13,1,114015,113587,428
21111061,2.00056,2.00058,428,54024,0.270041,0.14,1,114017,113589,428
21113981,30.8002,33.2002,424,54063,0.252017,0.23,1,114067,113643,424
21116901,176.72,171.68,434,54102,0.226807,0.25,1,114341,113907,434
21128581,20.8872,20.1582,435,54258,0.202174,0.27,1,114418,113983,435
21131501,15.5549,15.2633,435,54297,0.23087,0.31,1,114430,113995,435
21134421,7.42196,7.30531,435,54336,0.242348,0.27,1,114432,113997,435
21137341,4.16878,4.12213,435,54375,0.246939,0.27,1,114434,113999,435
21140261,2.86751,2.84885,435,54414,0.248776,0.31,1,114436,114001,435
21143181,2.34701,2.33954,435,54453,0.24951,0.27,1,114438,114003,435
21146101,2.1388,2.13582,435,54492,0.225804,0.27,1,114440,114005,435
21149021,2.05552,2.05433,435,54531,0.216322,0.27,1,114442,114007,435
21151941,2.02221,2.02173,435,54570,0.212529,0.27,1,114444,114009,435
21154861,2.00888,2.00869,435,54609,0.211011,0.27,1,114446,114011,435
21157781,2.00355,2.00348,435,54648,0.210405,0.27,1,114448,114013,435
21160701,2.00142,2.00139,435,54687,0.210162,0.27,1,114450,114015,435
21163621,2.00057,0.800556,437,54725,0.210065,0.27,1,114452,114015,437
21179681,33.6792,38.7132,431,54953,0.204348,0.21,1,114840,114409,431
21220561,26.6002,27.8002,430,55485,0.225995,0.15,1,114927,114497,430
21223481,173.84,131.72,501,55523,0.204398,0.19,1,115199,114698,501
21232241,38.7258,27.1981,467,55637,0.202921,0.21,1,115269,114802,467
21235161,21.4903,33.6792,439,55675,0.207169,0.17,1,115279,114840,439
21278961,174.68,173.84,431,56242,0.2932,0.19,1,115630,115199,431
21360721,2.35475,2.35438,438,57278,0.401608,0.33,1,116169,115731,438
21387001,24.2001,23.6001,439,57611,0.406008,0.39,1,116224,115785,439
21677541,56.096,133.76,456,61183,0.76272,0.61,2,118662,118206,456
21680461,72.8384,103.904,456,61217,0.779088,0.69,2,118746,118290,456
21800181,102.488,106.808,456,62611,0.91368,0.86,2,119665,119209,456
21864421,59.4272,58.3952,469,63340,0.914697,0.96,2,120163,119694,469
22181241,42.1016,53.1091,455,31658,0.261856,0.57,1,122609,122154,455
22184161,25.8406,29.6436,456,31725,0.230742,0.47,1,122624,122168,456
22190001,8.9345,14.103,443,31859,0.203719,0.45,1,122638,122195,443
22200221,124.486,9.13064,632,32123,0.274063,0.29,1,122866,122234,632
22203141,106.195,177.652,436,32189,0.409625,0.24,1,122960,122524,436
22206061,56.8778,89.0609,430,32255,0.40385,0.09,1,122984,122554,430
22208981,39.5511,56.6244,423,32321,0.43754,0.32,1,123012,122589,423
22263001,121.83,8.82321,647,33542,0.797701,0.73,2,123740,123093,647
22289281,10.7344,10.7355,458,34105,0.902767,0.73,2,123993,123535,458
22298041,120.495,48.7351,580,34291,0.784257,0.81,2,124320,123740,580
22359361,118.29,9.13442,654,35564,0.905278,0.84,2,125119,124465,654
22362281,122.916,123.054,581,35623,0.908111,0.84,2,125245,124664,581
22365201,62.9664,119.422,487,35682,0.939245,0.91,2,125268,124781,487
22373961,32.9019,39.971,463,35859,0.942112,0.87,2,125334,124871,463
22394401,114.85,118.29,459,36270,0.932896,0.91,2,125578,125119,459
22449881,14.2656,21.5794,478,37362,0.943225,1,2,126297,125819,478
22578361,111.342,114.268,475,39773,0.754,1,2,128056,127581,475
22595881,14.3006,14.8462,476,40091,0.270804,1,1,128192,127716,476
22607561,9.3949,14.4681,483,40302,0.0582446,1,1,128243,127760,483
22610481,7.35796,9.98722,482,40354,0.0592978,1,1,128249,127767,482
22613401,94.1432,8.79489,626,40406,0.0717191,1,1,128401,127775,626
22616321,98.8573,101.318,565,40458,0.0946877,0.59,1,128503,127938,565
22651361,97.1162,7.35796,579,41081,0.402102,0.08,1,128828,128249,579
22654281,101.246,94.1432,531,41132,0.250841,0.11,1,128932,128401,531
22657201,81.2986,98.8573,497,41183,0.214336,0.84,1,129000,128503,497
22660121,42.1194,62.9429,474,41234,0.205735,0.68,1,129016,128542,474
22674721,16.8675,12.4084,469,41489,0.0920107,0.65,1,129091,128622,469
22677641,10.947,15.1634,459,41540,0.0548043,0.69,1,129098,128639,459
22680561,5.57879,9.66534,455,41591,0.0639217,0.69,1,129100,128645,455
22695161,93.7416,101.246,430,41846,0.221397,0.19,1,129362,128932,430
22698081,78.8966,81.2986,431,41896,0.262559,0.2,1,129431,129000,431
22712681,11.2729,10.6687,429,42146,0.271594,0.05,1,129499,129070,429
22721441,5.97746,5.57879,429,42296,0.276342,0.14,1,129529,129100,429
22747721,21.8524,21.7054,435,42744,0.295514,0.29,1,129915,129480,435
22765241,7.90871,2.39098,446,43038,0.289639,0.36,1,129975,129529,446
22774001,86.6422,7.16102,575,43185,0.261897,0.34,1,130126,129551,575
22861601,96.9425,94.3855,451,44628,0.79787,0.65,2,131114,130663,451
22864521,86.177,83.9542,453,44675,0.787148,0.64,2,131193,130740,453
22893721,6.43375,9.44245,449,45145,0.914361,0.64,2,131306,130857,449
22896641,3.7735,4.97698,449,45192,0.947744,0.55,2,131308,130859,449
22899561,6.9094,4.39079,454,45239,0.943098,0.73,2,131317,130863,454
23036801,94.436,88.479,574,47381,0.778,1,2,132980,132406,574
23045561,39.3799,46.7267,492,47513,0.791872,1,2,133106,132614,492
23048481,25.352,35.4907,480,47557,0.916749,1,2,133122,132642,480
23054321,13.6563,18.5185,477,47645,0.94468,1,2,133147,132670,477
23057241,24.0625,16.4074,493,47689,0.923872,1,2,133178,132685,493
23060161,20.425,16.163,495,47733,0.939549,1,2,133196,132701,495
23071841,14.4909,9.21697,511,47909,0.928372,1,2,133253,132742,511
23086441,41.1922,50.3744,448,48129,0.758489,0.36,2,133449,133001,448
23089361,85.4769,72.9498,475,48173,0.417396,1,1,133564,133089,475
23095201,25.4363,25.352,470,48261,0.235983,1,1,133592,133122,470
23103961,23.3719,24.0625,471,48393,0.0767829,0.95,1,133649,133178,471
23106881,21.3488,20.425,473,48437,0.0487132,1,1,133669,133196,473
23109801,15.7395,17.17,470,48481,0.0374853,0.97,1,133681,133211,470
23112721,12.8958,14.068,469,48524,0.0569941,0.97,1,133692,133223,469
23115641,13.5583,15.2272,467,48567,0.0647976,0.9,1,133706,133239,467
23118561,12.6233,14.4909,465,48610,0.0919191,0.84,1,133718,133253,465
23121481,10.4493,11.1964,465,48653,0.0787676,0.85,1,133727,133262,465
23124401,7.77973,9.87854,462,48696,0.073507,0.64,1,133733,133271,462
23127321,32.5119,39.9514,451,48739,0.0834028,0.65,1,133782,133331,451
23130241,79.6048,75.9806,462,48782,0.0633611,0.81,1,133893,133431,462
23133161,40.2419,41.1922,458,48825,0.0313445,0.19,1,133907,133449,458
23136081,68.2968,85.4769,430,48868,0.0305378,0.19,1,133994,133564,430
23139001,33.3187,34.1908,440,48911,0.0302151,0.23,1,134004,133564,440
23141921,22.3275,22.0763,441,48954,0.042086,0.19,1,134019,133578,441
23144841,20.331,17.2305,446,48997,0.0468344,0.13,1,134038,133592,446
23147761,12.3324,18.2922,434,49040,0.0607338,0.13,1,134045,133611,434
23150681,19.933,12.1169,451,49083,0.0542935,0.03,1,134070,133619,451
23153601,20.5732,22.8468,442,49126,0.0397174,0.03,1,134091,133649,442
23156521,16.0293,21.1387,435,49169,0.069887,0.03,1,134104,133669,435
23159441,12.4117,15.6555,433,49212,0.0819548,0.07,1,134114,133681,433
23162361,14.5647,12.8622,438,49255,0.0987819,0.07,1,134130,133692,438
23176961,77.1181,32.5116,532,49470,0.0840995,0.05,1,134314,133782,532
23179881,39.2472,79.6046,435,49513,0.0756398,0.01,1,134328,133893,435
23182801,68.4989,40.2418,509,49556,0.0602559,0.03,1,134416,133907,509
23185721,33.3996,68.2967,432,49599,0.0541024,0.03,1,134426,133994,432
23188641,22.3598,33.3187,437,49641,0.0756409,0.05,1,134441,134004,437
23191561,20.9439,22.3275,442,49683,0.0602564,0.05,1,134461,134019,442
23194481,11.9776,20.331,429,49725,0.0541026,0.07,1,134467,134038,429
23197401,19.791,12.3324,447,49767,0.039641,0.05,1,134492,134045,447
23200321,21.7164,19.933,445,49809,0.0338564,0.03,1,134515,134070,445
23203241,17.0866,20.5732,438,49851,0.0315426,0.09,1,134529,134091,438
23206161,13.4346,16.0293,436,49893,0.042617,0.09,1,134540,134104,436
23209081,15.5739,12.4117,443,49935,0.0350468,0.11,1,134557,134114,443
23212001,12.2295,14.5647,437,49977,0.0320187,0.15,1,134567,134130,437
23214921,10.8918,12.4259,436,50019,0.0308075,0.11,1,134577,134141,436
23217841,7.95673,10.9703,432,50061,0.030323,0.11,1,134583,134151,432
23220761,33.7827,7.98814,477,50103,0.0301292,0.15,1,134634,134157,477
23223681,75.9131,33.7953,530,50145,0.0660517,0.05,1,134738,134208,530
23226601,38.7652,77.1181,438,50187,0.0804207,0.07,1,134752,134314,438
23229521,67.7061,39.2472,511,50229,0.0981683,0.05,1,134839,134328,511
23252881,16.9067,17.0866,423,50565,0.0891103,0.05,1,134952,134529,423
23255801,12.7627,13.4346,422,50607,0.0776441,0.03,1,134962,134540,422
23258721,15.9051,15.5739,423,50649,0.0730577,0.03,1,134980,134557,423
23261641,12.362,12.2295,423,50691,0.0712231,0.03,1,134990,134567,423
23264561,10.9448,10.8918,423,50733,0.0944892,0.03,1,135000,134577,423
23296681,18.6769,18.6671,428,51185,0.212614,0.11,1,135343,134915,428
23299601,19.4707,21.2668,425,51226,0.223046,0.07,1,135363,134938,425
23302521,16.1883,16.9067,425,51267,0.203218,0.07,1,135377,134952,425
23308361,15.7901,15.9051,425,51349,0.204115,0.07,1,135405,134980,425
23311281,13.5161,12.362,427,51390,0.207646,0.11,1,135417,134990,427
23314201,11.4064,10.9448,427,51431,0.209058,0.11,1,135427,135000,427
23317121,8.16257,7.97792,427,51472,0.209623,0.13,1,135433,135006,427
23320041,35.065,33.7912,429,51513,0.233849,0.11,1,135486,135057,429
23322961,77.026,77.7165,427,51554,0.25554,0.15,1,135591,135164,427
23325881,39.2104,39.4866,427,51595,0.264216,0.15,1,135605,135178,427
23328801,69.6842,68.5946,429,51636,0.267686,0.17,1,135695,135266,429
23331721,35.0737,34.0379,430,51677,0.269075,0.17,1,135707,135277,430
23334641,15.2295,14.8151,430,51718,0.24563,0.17,1,135709,135279,430
23337561,14.4918,14.3261,430,51759,0.260252,0.17,1,135723,135293,430
23340481,17.7967,5.73042,450,51800,0.242101,0.19,1,135743,135293,450
23343401,10.7187,14.2922,436,51841,0.23484,0.19,1,135749,135313,436
23346321,18.6875,9.31687,454,51882,0.243936,0.23,1,135773,135319,454
23349241,19.475,18.1267,450,51923,0.247574,0.23,1,135793,135343,450
23352161,16.19,19.2507,444,51964,0.24903,0.19,1,135807,135363,444
23355081,12.476,16.1003,440,52005,0.249612,0.19,1,135817,135377,440
23358001,16.3904,12.4401,449,52045,0.237845,0.21,1,135836,135387,449
23360921,13.7562,15.776,443,52085,0.233138,0.21,1,135848,135405,443
23363841,11.5025,13.5104,441,52125,0.231255,0.21,1,135858,135417,441
23366761,8.20099,11.4042,437,52165,0.230502,0.21,1,135864,135427,437
23369681,36.2804,8.16167,486,52205,0.230201,0.25,1,135919,135433,486
23372601,78.1122,35.0647,539,52245,0.25408,0.27,1,136025,135486,539
23375521,39.6449,77.0259,448,52285,0.263632,0.27,1,136039,135591,448
23431001,35.4237,68.6579,449,53045,0.416296,0.33,1,136576,136127,449
23433921,15.3695,34.6632,439,53085,0.424518,0.33,1,136578,136139,439
23436841,14.5478,15.0653,451,53125,0.427807,0.33,1,136592,136141,451
23439761,17.8191,14.4261,457,53165,0.429123,0.33,1,136612,136155,457
23442681,10.7276,17.7704,443,53205,0.429649,0.33,1,136618,136175,443
23445601,5.49106,10.7082,439,53245,0.42986,0.33,1,136620,136181,439
23448521,16.5964,19.2833,438,53285,0.429944,0.33,1,136644,136206,438
23451441,19.2386,19.7133,439,53325,0.441978,0.35,1,136665,136226,439
23454361,16.0954,16.2853,439,53364,0.434791,0.35,1,136679,136240,439
23457281,12.4382,12.5141,439,53403,0.431916,0.35,1,136689,136250,439
23460201,15.7753,15.8057,439,53442,0.430767,0.35,1,136707,136268,439
23463121,13.5101,13.5223,439,53481,0.430307,0.37,1,136719,136280,439
23466041,11.404,12.0089,438,53520,0.430123,0.37,1,136729,136291,438
23468961,8.76162,8.40356,439,53559,0.442049,0.33,1,136736,136297,439
23609121,19.8409,16.6024,477,55412,0.76199,0.69,2,138014,137537,477
23612041,16.3363,19.841,469,55450,0.766796,0.67,2,138028,137559,469
23614961,13.1345,16.9364,465,55488,0.798718,0.67,2,138039,137574,465
23617881,16.0538,12.7746,473,55526,0.781487,0.69,2,138057,137584,473
23620801,13.6215,15.9098,467,55564,0.774595,0.69,2,138069,137602,467
23623721,11.4486,13.5639,465,55602,0.771838,0.69,2,138079,137614,465
23626641,9.37944,11.4256,463,55640,0.782735,0.69,2,138087,137624,463
23629561,39.1518,9.37023,514,55678,0.787094,0.69,2,138146,137632,514
23632481,82.2607,39.1481,566,55716,0.788838,0.73,2,138257,137691,566
23635401,42.5043,81.0592,473,55754,0.789535,0.71,2,138273,137800,473
23690881,42.5131,42.5043,461,56466,0.918052,0.83,2,138734,138273,461
23693801,76.4052,75.2017,463,56503,0.949221,0.83,2,138833,138370,463
23947841,15.7282,14.6278,486,59653,0.946,1,2,140871,140385,486
23971201,71.5158,81.6417,470,59933,0.945925,1,2,141078,140608,470
23974121,50.2063,47.6567,481,59968,0.94237,1,2,141114,140633,481
23977041,57.8825,70.0627,459,60003,0.922948,1,2,141177,140718,459
23991641,17.4954,15.0493,491,60178,0.426984,1,1,141282,140791,491
24000401,11.3437,15.0512,483,60283,0.297327,1,1,141324,140841,483
24009161,15.342,15.8913,479,60388,0.270309,1,1,141366,140887,479
24012081,13.9368,14.1565,479,60423,0.246124,1,1,141379,140900,479
24015001,13.9747,13.4626,480,60458,0.236449,1,1,141393,140913,480
24017921,11.5899,12.585,478,60493,0.22058,1,1,141403,140925,478
24035441,54.3462,50.046,524,60703,0.0835,0.91,1,141638,141114,524
24038361,39.7385,57.8184,491,60738,0.2914,0.63,1,141668,141177,491
24047121,14.9033,20.0924,455,60843,0.42641,0.45,1,141703,141248,455
24050041,14.9613,18.237,453,60878,0.416564,0.39,1,141718,141265,453
24052961,16.7845,17.4948,454,60913,0.436626,0.35,1,141736,141282,454
24055881,15.1138,18.3979,449,60947,0.43265,0.31,1,141750,141301,449
24058801,12.0455,16.3592,444,60981,0.43106,0.27,1,141760,141316,444
24061721,9.61821,11.3437,444,61015,0.430424,0.33,1,141768,141324,444
24064641,12.2473,11.1375,447,61049,0.44217,0.29,1,141782,141335,447
24143481,17.7079,13.1196,464,61967,0.417991,0.47,1,142321,141857,464
24146401,8.28317,15.4478,449,62001,0.437196,0.53,1,142323,141874,449
24155161,45.2661,51.9167,437,62103,0.753981,0.31,2,142498,142061,437
24158081,48.1064,49.5667,439,62137,0.775592,0.35,2,142548,142109,439
24181441,11.0084,10.2078,440,62409,0.902656,0.37,2,142651,142211,440
24184361,12.8034,12.4831,440,62443,0.907062,0.37,2,142665,142225,440
24187281,13.5213,13.3932,440,62477,0.920825,0.37,2,142679,142239,440
24190201,13.8085,13.7573,440,62511,0.92633,0.37,2,142693,142253,440
24193121,13.9234,13.9029,440,62545,0.928532,0.37,2,142707,142267,440
24196041,11.5694,11.5612,440,62579,0.929413,0.37,2,142717,142277,440
24201881,12.7711,12.7698,440,62647,0.939506,0.45,2,142740,142300,440
24378541,302.26,325.939,470,29200,0.417998,0.77,1,144151,143681,470
24384381,80.7616,71.2302,488,30072,0.0800797,0.05,1,144220,143732,488
24390221,80.6019,99.7168,432,30212,0.0860128,0,1,144397,143965,432
24393141,60.4407,51.8867,459,30282,0.0344051,0,1,144444,143985,459
24396061,43.9763,53.1547,438,30352,0.019762,0.03,1,144477,144039,438
24398981,40.3905,44.6619,437,30422,0.00790482,0.03,1,144515,144078,437
24401901,38.3562,39.4648,438,30492,0.00316193,0.03,1,144552,144114,438
24404821,20.7425,28.3859,426,30561,0.00726477,0.01,1,144561,144135,426
24407741,15.497,15.5544,431,30630,0.0449059,0.03,1,144573,144142,431
24410661,22.3988,26.6217,424,30699,0.0599624,0.01,1,144600,144176,424
24413581,34.1595,37.0487,422,30768,0.0539849,0.13,1,144642,144220,422
24416501,81.4638,79.0195,428,30837,0.027594,0.07,1,144755,144327,428
24419421,70.9855,73.6078,422,30906,0.0410376,0,1,144819,144397,422
24422341,57.1942,57.6431,423,30974,0.016415,0.01,1,144867,144444,423
24425261,42.6777,42.8572,423,31042,0.012566,0,1,144900,144477,423
24428181,39.2711,39.9429,422,31110,0.00502641,0,1,144937,144515,422
24431101,37.9084,38.1772,422,31178,0.00201056,0.01,1,144974,144552,422
24434021,21.1634,20.6709,423,31246,0.000804225,0.07,1,144984,144561,423
24436941,16.2653,15.4683,424,31314,0.0183217,0.07,1,144997,144573,424
24439861,21.5061,6.18734,449,31382,0.0253287,0.07,1,145022,144573,449
24442781,33.2025,18.6749,463,31449,0.0281315,0.05,1,145063,144600,463
24445701,81.681,32.67,535,31516,0.0412526,0.01,1,145177,144642,535
24448621,70.4724,80.868,485,31583,0.034501,0.05,1,145240,144755,485
24451541,56.989,70.7472,469,31650,0.0138004,0,1,145288,144819,469
24454461,42.5956,57.0989,454,31717,0.0235202,0.01,1,145321,144867,454
24457381,39.2382,42.6396,458,31784,0.00940807,0,1,145358,144900,458
24460301,37.8953,39.2558,458,31851,0.00976323,0,1,145395,144937,458
24463221,21.1581,37.9023,431,31917,0.00390529,0,1,145405,144974,431
24466141,16.2632,21.1609,434,31983,0.0195621,0.03,1,145418,144984,434
24469061,22.1053,16.2644,447,32049,0.0258248,0.03,1,145444,144997,447
24471981,33.4421,21.5057,463,32115,0.0283299,0.03,1,145485,145022,463
24474901,82.3768,33.2023,537,32181,0.029332,0.05,1,145600,145063,537
24477821,70.1507,81.6809,485,32247,0.0297328,0.03,1,145662,145177,485
24480741,56.8603,70.4724,470,32313,0.0118931,0,1,145710,145240,470
24483661,42.5441,56.9889,455,32378,0.0227572,0.03,1,145743,145288,455
24486581,38.6176,42.5956,458,32443,0.0151029,0,1,145779,145321,458
24489501,37.6471,39.2382,458,32508,0.0480412,0.01,1,145816,145358,458
24492421,21.0588,37.8953,431,32573,0.0372165,0,1,145826,145395,431
24495341,16.8235,21.1581,435,32638,0.0208866,0.03,1,145840,145405,435
24498261,22.3294,16.2632,448,32703,0.0263546,0.03,1,145866,145418,448
24501181,34.1318,22.1053,464,32768,0.0165419,0.03,1,145908,145444,464
24504101,14.8527,33.4421,425,32833,0.0126167,0.03,1,145910,145485,425
24507021,74.3411,82.3768,424,32897,0.0350467,0.03,1,146024,145600,424
24509941,66.3364,70.1507,423,32961,0.0320187,0,1,146085,145662,423
24512861,55.3346,56.8603,423,33025,0.0128075,0.03,1,146133,145710,423
24515781,41.9338,42.5441,423,33089,0.00512299,0.01,1,146166,145743,423
24518701,37.7735,38.6176,422,33153,0.0320492,0.07,1,146201,145779,422
24521621,37.9094,37.6471,423,33217,0.0308197,0.03,1,146239,145816,423
24524541,20.5638,21.0588,422,33281,0.0543279,0.01,1,146248,145826,422
24527461,16.6255,16.8235,422,33345,0.0517311,0.03,1,146262,145840,422
24530381,22.8502,22.3294,423,33408,0.0266925,0.01,1,146289,145866,423
24533301,34.3401,34.1318,423,33471,0.028677,0.01,1,146331,145908,423
24536221,14.936,14.8527,423,33534,0.0294708,0.05,1,146333,145910,423
24539141,74.9744,74.3411,424,33597,0.0297883,0.03,1,146448,146024,424
24542061,65.3898,66.3364,422,33660,0.0179153,0,1,146507,146085,422
24544981,54.9559,55.3346,422,33723,0.00716613,0,1,146555,146133,422
24547901,41.7824,41.9338,422,33786,0.00286645,0.05,1,146588,146166,422
24550821,37.7129,37.7735,422,33849,0.00714658,0.03,1,146623,146201,422
24553741,39.0852,37.9094,424,33911,0.0208586,0.07,1,146663,146239,424
24556661,21.0341,20.5638,424,33973,0.0263435,0.05,1,146672,146248,424
24559581,15.6136,16.6255,422,34035,0.0165374,0.01,1,146684,146262,422
24562501,22.4455,22.8502,422,34097,0.036615,0.03,1,146711,146289,422
24565421,34.1782,34.3401,422,34159,0.020646,0.03,1,146753,146331,422
24568341,14.8713,14.936,422,34221,0.0142584,0.03,1,146755,146333,422
24571261,75.5485,5.97441,538,34283,0.0117034,0.03,1,146871,146333,538
24574181,64.4194,71.3898,480,34345,0.0586813,0.01,1,146928,146448,480
24577101,54.5678,63.9559,469,34407,0.0234725,0,1,146976,146507,469
24580021,41.6271,54.3824,454,34468,0.00938901,0,1,147009,146555,454
24582941,37.6508,41.5529,456,34529,0.0217556,0.01,1,147044,146588,456
24585861,39.0603,37.6212,461,34590,0.0387022,0.03,1,147084,146623,461
24588781,21.0241,39.0485,430,34651,0.0334809,0.03,1,147093,146663,430
24591701,15.6097,21.0194,433,34712,0.0193924,0.01,1,147105,146672,433
24594621,22.4439,15.6078,448,34773,0.0257569,0.05,1,147132,146684,448
24597541,34.1775,22.4431,463,34834,0.0403028,0.01,1,147174,146711,463
24600461,14.871,34.1772,423,34895,0.0461211,0.01,1,147176,146753,423
24603381,76.7484,14.8709,539,34956,0.0364484,0.01,1,147294,146755,539
24606301,66.0994,75.5484,482,35016,0.0685794,0.09,1,147353,146871,482
24609221,52.8397,64.4193,469,35076,0.0274318,0,1,147397,146928,469
24612141,40.9359,54.5677,454,35136,0.0169727,0,1,147430,146976,454
24615061,37.3744,41.6271,456,35196,0.0127891,0.03,1,147465,147009,456
24617981,38.9497,37.6508,461,35256,0.0111156,0.05,1,147505,147044,461
24620901,20.9799,39.0603,430,35316,0.0224463,0.03,1,147514,147084,430
24623821,16.192,21.0241,434,35376,0.0269785,0.01,1,147527,147093,434
24626741,23.8768,15.6097,451,35436,0.0167914,0.03,1,147556,147105,451
24629661,32.9507,22.4439,463,35496,0.0367166,0.05,1,147595,147132,463
24632581,14.3803,34.1775,423,35556,0.0446866,0.05,1,147597,147174,423
24635501,77.1521,14.871,540,35615,0.0358746,0.03,1,147716,147176,540
24638421,69.2608,76.7484,486,35674,0.0443499,0.09,1,147780,147294,486
24641341,28.9043,66.0994,429,35733,0.0477399,0,1,147782,147353,429
24644261,34.3617,52.8397,423,35792,0.049096,0.01,1,147820,147397,423
24647181,32.9447,40.9359,422,35851,0.0196384,0.01,1,147852,147430,422
24650101,34.1779,37.3744,422,35910,0.0378554,0.01,1,147887,147465,422
24653021,37.6711,38.9497,422,35969,0.0211421,0.03,1,147927,147505,422
24655941,20.4685,20.9799,422,36028,0.0264569,0.03,1,147936,147514,422
24658861,16.5874,16.192,423,36087,0.0165827,0.01,1,147950,147527,423
24661781,24.635,23.8768,424,36146,0.0366331,0.05,1,147980,147556,424
24664701,33.254,32.9507,424,36204,0.0686532,0.05,1,148019,147595,424
24667621,14.5016,14.3803,424,36262,0.0814613,0.03,1,148021,147597,424
24670541,76.6006,77.1521,423,36320,0.0385845,0.05,1,148139,147716,423
24673461,69.6403,69.2608,424,36378,0.0454338,0.05,1,148204,147780,424
24676381,29.0561,28.9043,424,36436,0.0481735,0.05,1,148206,147782,424
24679301,33.2224,34.3617,422,36494,0.0372694,0,1,148242,147820,422
24682221,32.489,32.9447,422,36552,0.0149078,0.05,1,148274,147852,422
24685141,33.9956,34.1779,422,36610,0.0359631,0.01,1,148309,147887,422
24688061,37.5982,37.6711,422,36668,0.0203852,0.03,1,148349,147927,422
24690981,20.4393,20.4685,422,36726,0.0261541,0.01,1,148358,147936,422
24693901,16.5757,16.5874,422,36784,0.0164616,0.05,1,148372,147950,422
24696821,24.6303,24.635,422,36841,0.0365847,0.09,1,148402,147980,422
24699741,35.0521,33.254,425,36898,0.0326339,0.09,1,148444,148019,425
24702661,15.2208,14.5016,425,36955,0.0310535,0.01,1,148446,148021,425
24705581,75.0883,76.6006,422,37012,0.0184214,0.05,1,148561,148139,422
24708501,69.0353,69.6403,422,37069,0.0493686,0.05,1,148626,148204,422
24711421,28.8141,29.0561,422,37126,0.0617474,0.03,1,148628,148206,422
24714341,33.1257,33.2224,422,37183,0.078699,0.03,1,148664,148242,422
24717261,31.8503,13.289,453,37240,0.0314796,0,1,148695,148242,453
24720181,33.7401,24.5156,456,37297,0.0185918,0.05,1,148730,148274,456
24723101,37.496,30.8062,461,37354,0.0134367,0.01,1,148770,148309,461
24726021,20.3984,36.3225,430,37411,0.0353747,0.03,1,148779,148349,430
24728941,16.5594,19.929,435,37467,0.0201499,0.01,1,148793,148358,435
24731861,24.6237,16.3716,451,37523,0.0140599,0.05,1,148823,148372,451
24734781,35.0495,24.5486,463,37579,0.011624,0.03,1,148865,148402,463
24737701,15.2198,35.0195,423,37635,0.0106496,0.03,1,148867,148444,423
24740621,75.0879,15.2078,536,37691,0.0462598,0.01,1,148982,148446,536
24743541,69.6352,75.0831,487,37747,0.0485039,0.07,1,149048,148561,487
24746461,29.0541,69.0332,424,37803,0.0494016,0.07,1,149050,148626,424
24749381,33.8216,28.8133,459,37859,0.0617606,0.09,1,149087,148628,459
24752301,30.9287,33.1253,452,37915,0.0427043,0,1,149116,148664,452
24755221,33.9715,31.8501,457,37971,0.0470817,0.01,1,149152,148695,457
24758141,37.5886,33.74,462,38027,0.0368327,0.01,1,149192,148730,462
24761061,19.8354,37.496,430,38083,0.0207331,0.05,1,149200,148770,430
24763981,16.9342,20.3984,436,38138,0.0262932,0.01,1,149215,148779,436
24766901,24.7737,16.5594,452,38193,0.0105173,0.01,1,149245,148793,452
24769821,34.5095,24.6237,463,38248,0.0222069,0.01,1,149286,148823,463
24772741,15.0038,35.0495,423,38303,0.0268828,0.01,1,149288,148865,423
24775661,75.6015,15.2198,537,38358,0.0287531,0.07,1,149404,148867,537
24778581,70.4406,75.0879,489,38413,0.0295012,0.05,1,149471,148982,489
24781501,29.3762,69.6352,425,38468,0.0298005,0.05,1,149473,149048,425
24784421,34.5505,29.0541,461,38523,0.0299202,0.07,1,149511,149050,461
24787341,29.4202,33.8216,450,38578,0.0419681,0.03,1,149537,149087,450
24790261,12.9681,30.9287,423,38633,0.0227872,0.05,1,149539,149116,423
24793181,27.3872,33.9715,424,38688,0.0631149,0.03,1,149576,149152,424
24796101,33.7549,37.5886,422,38743,0.043246,0.01,1,149614,149192,422
24799021,18.302,19.8354,422,38798,0.0232984,0.03,1,149622,149200,422
24801941,16.3208,16.9342,422,38852,0.0273194,0,1,149637,149215,422
24804861,25.1283,24.7737,423,38906,0.0289277,0.03,1,149668,149245,423
24807781,34.6513,34.5095,423,38960,0.0535711,0.03,1,149709,149286,423
24810701,15.0605,15.0038,423,39014,0.0634284,0.03,1,149711,149288,423
24813621,75.6242,75.6015,423,39068,0.0313714,0.03,1,149827,149404,423
24816541,70.4497,70.4406,423,39122,0.0425486,0.03,1,149894,149471,423
24819461,29.3799,29.3762,423,39176,0.0470194,0.03,1,149896,149473,423
24822381,34.5519,34.5505,423,39230,0.0608078,0.05,1,149934,149511,423
24825301,28.8208,29.4202,422,39284,0.0543231,0.01,1,149959,149537,422
24828221,12.7283,12.9681,422,39338,0.0277292,0.09,1,149961,149539,422
24831141,28.4913,27.3872,424,39392,0.0410917,0.03,1,150000,149576,424
24834061,32.9965,33.7549,422,39446,0.0584367,0.01,1,150036,149614,422
24836981,17.9986,18.302,422,39500,0.0413747,0.03,1,150044,149622,422
24839901,16.1994,16.3208,422,39553,0.0465499,0.03,1,150059,149637,422
24842821,25.0798,25.1283,422,39606,0.0246199,0.07,1,150090,149668,422
24845741,35.2319,34.6513,423,39659,0.039848,0.07,1,150132,149709,423
24848661,15.2928,15.0605,423,39712,0.0459392,0.01,1,150134,149711,423
24851581,75.1171,75.6242,422,39765,0.0363757,0.05,1,150249,149827,422
24854501,70.2468,70.4497,422,39818,0.0685503,0.05,1,150316,149894,422
24857421,29.2987,29.3799,422,39871,0.0814201,0.07,1,150318,149896,422
24860341,35.1195,34.5519,423,39924,0.074568,0.05,1,150357,149934,423
24863261,28.4478,28.8208,422,39977,0.0958272,0.01,1,150381,149959,422
24869101,28.4316,28.4913,422,40083,0.0597324,0.05,1,150422,150000,422
24901221,27.5406,35.1177,446,40658,0.205844,0.11,1,150803,150357,446
24904141,12.2162,28.4471,424,40710,0.208338,0.11,1,150805,150381,424
24907061,34.2865,12.5788,471,40762,0.245335,0.03,1,150854,150383,471
24927501,75.6295,15.1965,544,41124,0.413419,0.15,1,151099,150555,544
24930421,72.2518,75.6786,498,41175,0.435368,0.19,1,151169,150671,498
24933341,30.1007,71.0714,432,41226,0.444147,0.19,1,151171,150739,432
24936261,36.6403,29.6286,471,41277,0.435659,0.21,1,151212,150741,471
24939181,27.8561,35.8514,453,41328,0.432264,0.21,1,151234,150781,453
24942101,12.3424,27.5406,433,41379,0.430905,0.21,1,151236,150803,433
24945021,38.537,12.2162,487,41430,0.442362,0.27,1,151292,150805,487
24974221,30.3718,30.1007,444,41938,0.772272,0.43,2,151615,151171,444
24977141,36.1487,36.6403,443,41988,0.782909,0.43,2,151655,151212,443
24980061,27.6595,27.8561,443,42038,0.799164,0.43,2,151677,151234,443
24988821,37.8422,35.8148,450,42188,0.917307,0.57,2,151776,151326,450
24991741,19.9369,19.1259,450,42238,0.936923,0.57,2,151784,151334,450
24994661,9.17475,8.85037,450,42288,0.944769,0.61,2,151786,151336,450
24997581,14.4699,13.1401,452,42338,0.947908,0.65,2,151804,151352,452
25134821,81.5154,89.4049,484,44620,0.916,1,2,153436,152952,484
25149421,26.3381,25.504,486,44855,0.247105,1,1,153596,153110,486
25155261,46.5741,49.9206,482,44949,0.0467367,1,1,153681,153199,482
25158181,34.2296,26.5683,497,44996,0.0246947,1,1,153707,153210,497
25161101,27.4919,20.2273,504,45043,0.0278779,1,1,153730,153226,504
25164021,18.7967,19.4909,498,45090,0.0411512,1,1,153743,153245,498
25166941,14.7187,16.1964,496,45137,0.0464605,1,1,153755,153259,496
25169861,11.8875,10.6785,499,45184,0.0245842,1,1,153765,153266,499
25172781,11.955,11.4714,499,45231,0.0398337,1,1,153777,153278,499
25178621,68.5128,81.5154,467,45325,0.0939734,0.83,1,153903,153436,467
25181541,44.8051,54.2062,460,45372,0.0555894,0.59,1,153932,153472,460
25184461,33.522,46.2825,445,45418,0.0222357,0.37,1,153958,153513,445
25187381,30.2088,40.113,437,45464,0.0148943,0.27,1,153986,153549,437
25190301,21.6835,29.8452,430,45510,0.0359577,0.17,1,154002,153572,430
25193221,20.0734,26.3381,425,45556,0.0323831,0.03,1,154021,153596,425
25196141,21.2294,24.9352,423,45602,0.0189532,0,1,154043,153620,423
25199061,45.0917,46.5741,423,45648,0.00758129,0.01,1,154104,153681,423
25201981,33.6367,34.2296,423,45694,0.0210325,0.03,1,154130,153707,423
25204901,27.2547,27.4919,423,45740,0.00841301,0.05,1,154153,153730,423
25207821,18.1019,18.7967,422,45786,0.0693652,0.05,1,154165,153743,422
25210741,14.4407,14.7187,422,45832,0.0577461,0.01,1,154177,153755,422
25213661,11.7763,11.8875,422,45878,0.0230984,0.05,1,154187,153765,422
25216581,11.9105,11.955,422,45924,0.0152394,0.05,1,154199,153777,422
25219501,25.1642,4.782,456,45970,0.0360957,0.29,1,154233,153777,456
25222421,64.6657,16.9128,522,46016,0.0444383,0.03,1,154324,153802,522
25225341,43.2663,67.3651,450,46062,0.0357753,0.03,1,154353,153903,450
25228261,32.9065,44.346,447,46108,0.0203101,0,1,154379,153932,447
25231181,29.9626,33.3384,449,46154,0.00812405,0.01,1,154407,153958,449
25234101,22.185,30.1354,438,46200,0.00924962,0.05,1,154424,153986,438
25237021,19.674,21.6541,440,46246,0.00369985,0.03,1,154442,154002,440
25239941,21.0696,20.0617,443,46292,0.00747994,0.01,1,154464,154021,443
25242861,45.0278,21.2247,482,46338,0.00899198,0,1,154525,154043,482
25245781,33.6111,45.0899,447,46384,0.0215968,0.03,1,154551,154104,447
25248701,30.2445,33.6359,449,46429,0.0266387,0,1,154579,154130,449
25251621,17.4978,27.2544,435,46474,0.0406555,0.11,1,154588,154153,435
25254541,12.9991,18.1018,433,46519,0.0222622,0.05,1,154598,154165,433
25257461,11.1996,14.4407,431,46564,0.0269049,0,1,154608,154177,431
25260381,11.6799,11.7763,433,46609,0.016762,0.01,1,154620,154187,433
25263301,25.6719,11.9105,456,46654,0.0367048,0.05,1,154655,154199,456
25266221,64.2688,25.1642,512,46699,0.0206819,0.05,1,154745,154233,512
25269141,43.1075,64.6657,450,46744,0.0262728,0.03,1,154774,154324,450
25272061,33.443,43.2663,448,46789,0.0165091,0.01,1,154801,154353,448
25274981,30.1772,32.9065,450,46834,0.00660364,0,1,154829,154379,450
25277901,21.6709,29.9626,438,46879,0.0206415,0.01,1,154845,154407,438
25280821,20.6684,22.185,441,46924,0.0262566,0,1,154865,154424,441
25283741,20.2673,19.674,443,46969,0.0285026,0.01,1,154885,154442,443
25286661,44.7069,21.0696,482,47014,0.0294011,0.01,1,154946,154464,482
25289581,33.4828,45.0278,447,47059,0.0297604,0.03,1,154972,154525,447
25292501,30.7931,33.6111,450,47104,0.0299042,0.03,1,155001,154551,450
25295421,17.1172,30.2445,430,47149,0.0299617,0.05,1,155009,154579,430
25298341,13.4469,17.4978,432,47194,0.0419847,0.01,1,155020,154588,432
25301261,10.7788,12.9991,431,47239,0.0347939,0.03,1,155029,154598,431
25304181,11.5115,11.1996,433,47284,0.0199175,0.01,1,155041,154608,433
25307101,25.6046,11.6799,456,47329,0.013967,0.05,1,155076,154620,456
25310021,64.8418,25.6719,512,47374,0.0235868,0.01,1,155167,154655,512
25312941,27.1367,64.2688,424,47418,0.00943472,0.03,1,155169,154745,424
25315861,28.2547,43.1075,424,47462,0.0457739,0.01,1,155198,154774,424
25318781,26.9019,33.443,423,47506,0.0603096,0,1,155224,154801,423
25321701,27.5608,30.1772,423,47550,0.0421238,0.03,1,155252,154829,423
25324621,20.6243,21.6709,423,47594,0.0468495,0.03,1,155268,154845,423
25327541,20.2497,20.6684,423,47638,0.0187398,0.03,1,155288,154865,423
25330461,19.4999,20.2673,422,47682,0.0254959,0.03,1,155307,154885,422
25333381,44.4,44.7069,422,47726,0.0281984,0.03,1,155368,154946,422
25336301,33.96,33.4828,423,47770,0.0172793,0.03,1,155395,154972,423
25339221,30.984,30.7931,423,47814,0.0369117,0.03,1,155424,155001,423
25342141,17.1936,17.1172,423,47858,0.0207647,0.05,1,155432,155009,423
25345061,12.8774,13.4469,422,47902,0.0383059,0.03,1,155442,155020,422
25347981,10.551,10.7788,422,47946,0.0573224,0.01,1,155451,155029,422
25350901,11.4204,11.5115,422,47990,0.0289289,0.01,1,155463,155041,422
25353821,25.5682,25.6046,422,48034,0.0175716,0.03,1,155498,155076,422
25356741,65.4273,64.8418,423,48078,0.0490286,0,1,155590,155167,423
25359661,27.3709,27.1367,423,48122,0.0616115,0.07,1,155592,155169,423
25362581,29.5484,28.2547,425,48166,0.0426446,0.07,1,155623,155198,425
25365501,26.2193,26.9019,423,48210,0.0590578,0.03,1,155647,155224,423
25368421,26.6877,27.5608,422,48254,0.0776231,0.05,1,155674,155252,422
25371341,20.2751,20.6243,422,48298,0.0850492,0,1,155690,155268,422
25374261,20.11,20.2497,422,48342,0.0340197,0.03,1,155710,155288,422
25377181,19.444,19.4999,422,48386,0.0316079,0.03,1,155729,155307,422
25380101,44.3776,44.4,422,48430,0.0186432,0.01,1,155790,155368,422
25383021,33.951,33.96,422,48474,0.0134573,0.05,1,155817,155395,422
25385941,31.5804,30.984,423,48517,0.0233829,0.01,1,155847,155424,423
25388861,18.0322,17.1936,424,48560,0.0153532,0.05,1,155856,155432,424
25391781,13.2129,12.8774,424,48603,0.00614126,0.07,1,155866,155442,424
25394701,9.48515,10.551,422,48646,0.0204565,0.01,1,155873,155451,422
25397621,10.9941,11.4204,422,48689,0.0141826,0.01,1,155885,155463,422
25400541,25.3976,25.5682,422,48732,0.011673,0.07,1,155920,155498,422
25403461,65.9591,65.4273,423,48775,0.0466692,0.07,1,156013,155590,423
25406381,27.5836,27.3709,423,48818,0.0846677,0.03,1,156015,155592,423
25409301,29.6334,29.5484,423,48861,0.0638671,0.03,1,156046,155623,423
25412221,26.8534,11.8193,448,48904,0.0435468,0.07,1,156071,155623,448
25415141,26.3414,19.1277,450,48947,0.0474187,0.09,1,156097,155647,450
25418061,19.5365,23.8511,438,48990,0.0609675,0.09,1,156112,155674,438
25420981,19.2146,19.1404,441,49033,0.030387,0,1,156131,155690,441
25423901,19.0858,19.6562,440,49076,0.0421548,0.03,1,156150,155710,440
25426821,44.2343,19.2625,482,49119,0.0228619,0.01,1,156211,155729,482
25429741,33.8937,44.305,448,49162,0.0151448,0.01,1,156238,155790,448
25432661,31.5575,33.922,451,49205,0.00605791,0.03,1,156268,155817,451
25435581,18.023,31.5688,430,49248,0.0204232,0.01,1,156277,155847,430
25438501,13.2092,18.0275,431,49291,0.00816926,0,1,156287,155856,431
25441421,9.48368,13.211,428,49334,0.0212677,0.03,1,156294,155866,428
25444341,10.9935,9.4844,433,49377,0.0145071,0.01,1,156306,155873,433
25447261,25.3974,10.9938,456,49420,0.0238028,0.01,1,156341,155885,456
25450181,67.759,25.3975,517,49463,0.0395211,0.07,1,156437,155920,517
25453101,28.3036,65.959,426,49506,0.0458085,0.11,1,156439,156013,426
25456021,29.3214,27.5836,454,49549,0.0603234,0.05,1,156469,156015,454
25458941,26.7286,29.6334,448,49592,0.0781294,0.03,1,156494,156046,448
25461861,26.2914,26.8534,449,49634,0.0852517,0.05,1,156520,156071,449
25473541,43.9547,19.0858,482,49802,0.0726944,0.01,1,156632,156150,482
25476461,33.7819,44.2343,448,49844,0.0350778,0.01,1,156659,156211,448
25479381,31.5127,33.8937,451,49886,0.0200311,0,1,156689,156238,451
25482301,18.0051,31.5575,430,49928,0.0260124,0.03,1,156698,156268,430
25485221,13.802,18.023,432,49970,0.028405,0,1,156709,156277,432
25488141,9.12082,13.2092,428,50012,0.011362,0.03,1,156715,156287,428
25491061,10.8483,9.48368,433,50054,0.0225448,0.01,1,156727,156294,433
25493981,25.3393,10.9935,456,50096,0.0270179,0.03,1,156762,156306,456
25496901,68.9357,25.3974,519,50138,0.0648072,0.05,1,156860,156341,519
25499821,28.7743,67.759,425,50180,0.0919229,0.05,1,156862,156437,425
25520261,14.9346,18.3867,424,50474,0.210712,0.03,1,156995,156571,424
25523181,41.9738,43.9547,423,50516,0.222285,0.01,1,157055,156632,423
25531941,17.7823,18.0051,422,50642,0.0754262,0.03,1,157120,156698,422
25534861,14.3129,13.802,423,50684,0.0361705,0,1,157132,156709,423
25537781,9.32517,9.12082,423,50726,0.0324682,0.03,1,157138,156715,423
25540701,10.3301,10.8483,422,50768,0.0309873,0.03,1,157149,156727,422
25543621,25.132,25.3393,422,50809,0.0183949,0.09,1,157184,156762,422
25546541,71.8528,68.9357,427,50850,0.025358,0.11,1,157287,156860,427
25549461,29.9411,28.7743,427,50891,0.0521432,0.13,1,157289,156862,427
25552381,31.1764,30.1097,428,50932,0.0508573,0.13,1,157321,156893,428
25555301,28.0706,27.6439,428,50973,0.0503429,0.17,1,157347,156919,428
25558221,28.6282,27.2576,430,51014,0.0621372,0.13,1,157376,156946,430
25561141,12.6513,12.103,430,51055,0.0428549,0.19,1,157378,156948,430
25564061,14.6605,13.8412,431,51096,0.0591419,0.19,1,157394,156963,431
25566981,16.6642,16.3365,431,51137,0.0656568,0.23,1,157412,156981,431
25569901,15.0657,14.9346,431,51178,0.0802627,0.23,1,157426,156995,431
25572821,43.2263,41.9738,433,51219,0.0981051,0.15,1,157488,157055,433
25593261,25.0794,25.132,422,51506,0.0578986,0.03,1,157606,157184,422
25596181,72.4318,71.8528,423,51547,0.0531594,0.07,1,157710,157287,423
25599101,30.1727,29.9411,423,51588,0.0872638,0.05,1,157712,157289,423
25602021,31.8691,31.1764,424,51629,0.0769055,0.05,1,157745,157321,424
25604941,28.3476,28.0706,424,51670,0.0967622,0.07,1,157771,157347,424
25610781,12.4556,12.6513,423,51752,0.083882,0.07,1,157801,157378,423
25613701,14.5822,14.6605,423,51793,0.0875528,0.07,1,157817,157394,423
25616621,17.8329,5.86421,443,51834,0.0650211,0.07,1,157837,157394,443
25619541,15.5332,13.1457,439,51875,0.0560084,0.09,1,157851,157412,439
25622461,44.0133,13.6583,488,51916,0.0764034,0.11,1,157914,157426,488
25625381,29.6053,42.6633,446,51957,0.0845613,0.11,1,157934,157488,446
25628301,28.0421,29.0653,453,51998,0.0758245,0.13,1,157961,157508,453
25631221,16.0168,27.2261,435,52038,0.0723298,0.13,1,157969,157534,435
25634141,12.4067,15.6905,437,52078,0.0709319,0.13,1,157979,157542,437
25637061,9.1627,13.4762,432,52118,0.0823728,0.13,1,157986,157554,432
25639981,7.26508,8.99047,432,52158,0.0869491,0.13,1,157992,157560,432
25642901,23.906,10.1962,456,52198,0.0527796,0.01,1,158027,157571,456
25645821,73.7624,25.0785,528,52238,0.0511119,0.05,1,158134,157606,528
25648741,30.705,72.4314,426,52278,0.0504447,0.11,1,158136,157710,426
25651661,32.082,30.1726,457,52318,0.0501779,0.07,1,158169,157712,457
25654581,28.4328,31.869,450,52358,0.0500712,0.11,1,158195,157745,450
25657501,28.7731,28.3476,453,52398,0.0380285,0.11,1,158224,157771,453
25660421,12.7092,28.139,427,52438,0.0572114,0.07,1,158226,157799,427
25663341,14.6837,12.4556,441,52478,0.0768846,0.09,1,158242,157801,441
25666261,16.6735,14.5822,443,52518,0.0847538,0.05,1,158260,157817,443
25669181,15.0694,17.8329,437,52558,0.0879015,0.05,1,158274,157837,437
25695461,74.4422,23.906,530,52918,0.0971837,0.05,1,158557,158027,530
25698381,30.9769,73.7624,425,52958,0.0808735,0.05,1,158559,158134,425
25701301,32.1908,30.705,456,52998,0.0743494,0.05,1,158592,158136,456
25704221,28.4763,32.082,449,53038,0.0837398,0.05,1,158618,158169,449
25707141,29.3905,28.4328,453,53078,0.0874959,0.03,1,158648,158195,453
25710061,12.9562,28.7731,426,53118,0.0889984,0.07,1,158650,158224,426
25727581,29.2436,30.0111,429,53357,0.213709,0.15,1,158788,158359,429
25730501,27.2974,27.6044,429,53396,0.223484,0.15,1,158814,158385,429
25733421,15.719,15.8418,429,53435,0.203393,0.15,1,158822,158393,429
25745101,21.4024,22.6056,427,53591,0.202343,0.07,1,158875,158448,427
25748021,73.361,74.4422,426,53630,0.242937,0.07,1,158983,158557,426
25750941,30.5444,30.9769,426,53669,0.259175,0.07,1,158985,158559,426
25753861,31.4178,32.1908,425,53708,0.24167,0.09,1,159017,158592,425
25756781,28.7671,28.4763,426,53747,0.246668,0.09,1,159044,158618,426
25759701,29.5068,29.3905,426,53786,0.260667,0.09,1,159074,158648,426
25762621,13.0027,12.9562,426,53825,0.266267,0.11,1,159076,158650,426
25765541,16.6011,15.3825,428,53864,0.280507,0.13,1,159095,158667,428
25768461,17.4404,16.953,428,53903,0.262203,0.13,1,159113,158685,428
25771381,15.3762,15.1812,428,53942,0.254881,0.13,1,159127,158699,428
25774301,7.35047,7.27248,428,53981,0.251952,0.23,1,159129,158701,428
25809341,30.0209,28.7671,435,54449,0.414225,0.27,1,159479,159044,435
25812261,30.0084,29.5068,435,54488,0.42369,0.27,1,159509,159074,435
25815181,13.2033,13.0027,435,54527,0.439476,0.29,1,159511,159076,435
25818101,16.0813,16.6011,434,54566,0.44579,0.25,1,159529,159095,434
25821021,17.2325,17.4404,434,54605,0.448316,0.25,1,159547,159113,434
25832701,30.7292,43.1761,458,54759,0.438533,0.35,1,159657,159199,458
25835621,27.8917,29.2704,464,54797,0.433413,0.35,1,159683,159219,464
25838541,15.9567,27.3082,446,54835,0.443365,0.35,1,159691,159245,446
25841461,12.3827,15.7233,448,54873,0.447346,0.35,1,159701,159253,448
25844381,8.55307,12.2893,444,54911,0.448938,0.39,1,159707,159263,444
25847301,7.02123,8.51572,444,54949,0.449575,0.35,1,159713,159269,444
25850221,22.0085,7.00629,470,54987,0.44983,0.35,1,159745,159275,470
25853141,74.8034,22.0025,548,55025,0.425932,0.37,1,159855,159307,548
25856061,31.1214,74.201,441,55063,0.416373,0.41,1,159857,159416,441
25858981,32.2485,30.8804,472,55101,0.400549,0.39,1,159890,159418,472
25861901,31.4994,31.5522,471,55139,0.41822,0.43,1,159921,159450,471
25864821,31.1998,30.0209,473,55177,0.425288,0.43,1,159952,159479,473
25867741,13.6799,30.0083,445,55215,0.428115,0.45,1,159954,159509,445
25870661,16.272,13.2033,461,55253,0.429246,0.45,1,159972,159511,461
25873581,17.9088,16.0813,462,55291,0.441698,0.45,1,159991,159529,462
25876501,15.5635,17.2325,458,55329,0.446679,0.49,1,160005,159547,458
25879421,7.42541,15.893,445,55367,0.448672,0.49,1,160007,159562,445
25937821,30.964,46.1702,465,56127,0.794282,0.49,2,160544,160079,465
25961181,74.7802,73.6054,450,56423,0.949927,0.57,2,160746,160296,450
25964101,31.1121,30.6422,450,56460,0.949971,0.57,2,160748,160298,450
25967021,31.6448,31.4569,450,56497,0.949988,0.59,2,160780,160330,450
26184561,343.071,366.804,462,27740,0.418,0.63,1,162621,162159,462
26187481,176.828,170.122,489,27816,0.2212,0.39,1,162687,162198,489
26196241,61.837,39.1838,488,28044,0.0652768,0.03,1,162824,162336,488
26199161,57.7348,75.6735,443,28120,0.0441107,0.05,1,162879,162436,443
26205001,33.8376,37.9078,435,28270,0.0430577,0,1,162938,162503,435
26207921,21.335,26.5631,429,28345,0.0352231,0.01,1,162951,162522,429
26210841,58.934,21.4252,495,28420,0.0440892,0.03,1,163035,162540,495
26213761,69.7736,57.1701,491,28495,0.0356357,0.09,1,163112,162621,491
26216681,55.5094,62.468,471,28569,0.0562543,0.07,1,163158,162687,471
26219601,37.2038,51.9872,451,28643,0.0765017,0.11,1,163183,162732,451
26222521,52.6815,35.7949,489,28717,0.0486007,0.03,1,163246,162757,489
26225441,55.2726,54.518,479,28791,0.0194403,0.03,1,163303,162824,479
26228361,40.109,54.8072,454,28865,0.0497761,0.15,1,163333,162879,454
26231281,31.6436,39.9229,450,28938,0.0199104,0,1,163359,162909,450
26234201,20.4574,33.3691,434,29011,0.00796418,0.03,1,163372,162938,434
26237121,59.783,21.1477,507,29084,0.0211857,0.05,1,163458,162951,507
26240041,69.5132,58.8591,499,29157,0.0384743,0.03,1,163534,163035,499
26242961,56.6053,69.7436,470,29230,0.0333897,0.07,1,163582,163112,470
26245881,38.8421,55.4974,451,29302,0.0673559,0.09,1,163609,163158,451
26248801,50.9368,37.199,485,29374,0.0449423,0.03,1,163668,163183,485
26251721,55.1747,52.6796,480,29446,0.0239769,0,1,163726,163246,480
26254641,40.6699,55.2718,454,29518,0.0395908,0.07,1,163757,163303,454
26257561,30.068,40.1087,447,29590,0.0458363,0,1,163780,163333,447
26260481,19.8272,31.6435,434,29662,0.0183345,0,1,163793,163359,434
26263401,60.1309,20.4574,508,29733,0.0253338,0.03,1,163880,163372,508
26266321,70.2523,59.783,499,29804,0.0641335,0.05,1,163957,163458,499
26269241,29.3009,69.5132,425,29875,0.0796534,0.03,1,163959,163534,425
26278001,46.3473,50.9368,422,30088,0.0979778,0.01,1,164090,163668,422
26280921,53.3389,55.1747,422,30158,0.0391911,0.05,1,164148,163726,422
26283841,41.7356,40.6699,425,30228,0.0336764,0.05,1,164182,163757,425
26286761,28.6942,30.068,422,30298,0.0194706,0,1,164202,163780,422
26289681,19.2777,19.8272,422,30368,0.00778823,0.03,1,164215,163793,422
26292601,60.5111,60.1309,423,30438,0.00911529,0.09,1,164303,163880,423
26295521,72.2044,70.2523,426,30508,0.0456461,0.09,1,164383,163957,426
26298441,30.0818,29.3009,426,30577,0.0842585,0.13,1,164385,163959,426
26301361,41.4327,39.9204,428,30646,0.0877034,0.11,1,164434,164006,428
26310121,51.4197,53.3389,422,30853,0.099453,0.03,1,164570,164148,422
26313041,40.9679,41.7356,422,30922,0.0577812,0.01,1,164604,164182,422
26315961,28.3872,28.6942,422,30990,0.0291125,0,1,164624,164202,422
26318881,19.1549,19.2777,422,31058,0.029645,0.01,1,164637,164215,422
26321801,60.4619,60.5111,422,31126,0.011858,0.07,1,164725,164303,422
26324721,73.9848,72.2044,425,31194,0.0347432,0.11,1,164808,164383,425
26327641,30.7939,30.0818,425,31262,0.0438973,0.09,1,164810,164385,425
26330561,43.5176,41.4327,428,31330,0.0475589,0.09,1,164862,164434,428
26333481,34.207,16.5731,456,31398,0.0370236,0.19,1,164890,164434,456
26336401,45.4828,23.4292,481,31465,0.0568094,0.19,1,164943,164462,481
26348081,18.814,28.1326,434,31733,0.0592943,0.03,1,165058,164624,434
26351001,60.3256,19.053,509,31800,0.0537177,0,1,165146,164637,509
26353921,75.1302,60.4212,506,31867,0.0394871,0.05,1,165231,164725,506
26356841,31.2521,73.9685,425,31933,0.0337948,0.05,1,165233,164808,425
26359761,42.5008,30.7874,473,31999,0.0315179,0.05,1,165283,164810,473
26362681,35.0003,43.515,451,32065,0.0186072,0.03,1,165313,164862,451
26365601,48.2001,34.206,480,32131,0.0614429,0.07,1,165370,164890,480
26368521,48.0801,45.4824,475,32197,0.0665772,0.15,1,165418,164943,475
26371441,38.432,47.593,458,32263,0.0686309,0.13,1,165450,164992,458
26374361,24.9728,38.8372,441,32329,0.0694523,0.09,1,165466,165025,441
26377281,17.7891,27.5349,434,32394,0.0697809,0.03,1,165479,165045,434
26380201,61.1157,18.8139,511,32459,0.0579124,0.05,1,165569,165058,511
26383121,74.8463,60.3256,507,32524,0.0531649,0.03,1,165653,165146,507
26386041,31.1385,75.1302,424,32589,0.051266,0.03,1,165655,165231,424
26388961,42.4554,31.2521,472,32654,0.0745064,0.03,1,165705,165233,472
26391881,34.3822,42.5008,451,32719,0.0718026,0.01,1,165734,165283,451
26394801,14.9529,35.0003,423,32784,0.070721,0.09,1,165736,165313,423
26421081,43.1454,42.4554,426,33361,0.200211,0.07,1,166131,165705,426
26424001,34.6582,34.3822,426,33424,0.218084,0.07,1,166160,165734,426
26426921,15.0633,14.9529,426,33487,0.225234,0.15,1,166162,165736,426
26429841,42.0253,41.3811,427,33550,0.204093,0.13,1,166222,165795,427
26432761,46.2101,45.3525,428,33613,0.255637,0.13,1,166271,165843,428
26435681,38.284,37.341,429,33676,0.264255,0.19,1,166304,165875,429
26438601,26.7136,25.1364,431,33739,0.279702,0.19,1,166323,165892,431
26441521,16.6854,16.0546,431,33802,0.285881,0.15,1,166333,165902,431
26456121,34.3507,34.6582,431,34113,0.406713,0.23,1,166591,166160,431
26461961,41.9761,42.0253,431,34237,0.404674,0.19,1,166653,166222,431
26464881,47.3904,16.8101,482,34299,0.40787,0.29,1,166704,166222,482
26467801,39.3562,36.124,467,34361,0.409148,0.27,1,166738,166271,467
26470721,27.7425,34.2496,454,34423,0.409659,0.29,1,166758,166304,454
26473641,17.097,25.0998,445,34484,0.421864,0.29,1,166768,166323,445
26476561,60.8388,16.0399,525,34545,0.438745,0.31,1,166858,166333,525
26494081,42.6683,14.9376,501,34911,0.438814,0.41,1,167094,166593,501
26497001,47.6673,41.9751,492,34972,0.445526,0.41,1,167145,166653,492
26499921,39.4669,47.39,475,35032,0.44821,0.41,1,167179,166704,475
26555401,35.6959,34.5188,450,36162,0.762739,0.57,2,167924,167474,450
26558321,15.4784,15.0075,450,36220,0.755096,0.59,2,167926,167476,450
26561241,42.7913,42.003,451,36278,0.764038,0.59,2,167987,167536,451
26564161,48.3165,48.0012,451,36336,0.767615,0.61,2,168039,167588,451
26567081,40.3266,39.6005,452,36394,0.781046,0.61,2,168074,167622,452
26570001,17.3306,17.0402,452,36452,0.762418,0.67,2,168076,167624,452
26572921,20.1323,19.4161,453,36510,0.778967,0.65,2,168098,167645,453
26584601,33.2322,32.5995,457,36742,0.905494,0.71,2,168299,167842,457
26587521,44.4929,44.2398,457,36800,0.908197,0.79,2,168351,167894,457
26590441,36.9971,35.6959,459,36857,0.945279,0.75,2,168383,167924,459
26593361,15.9989,15.4784,459,36914,0.936112,0.77,2,168385,167926,459
26780241,33.9032,24.108,514,40413,0.9196,1,2,170813,170299,514
26783161,44.7613,30.6432,531,40465,0.91384,1,2,170865,170334,531
26806521,45.229,73.1127,515,40881,0.0877849,1,1,171172,170657,515
26809441,30.6916,47.8451,505,40933,0.089114,1,1,171193,170688,505
26812361,26.6766,37.738,498,40985,0.0536456,1,1,171217,170719,498
26815281,31.0707,34.8952,499,41037,0.0754582,0.99,1,171251,170752,499
26818201,32.2283,27.7581,509,41088,0.0601833,0.87,1,171284,170775,509
26821121,38.0913,33.9032,513,41139,0.0540733,0.91,1,171326,170813,513
26824041,39.2365,44.7613,501,41190,0.0276293,0.75,1,171366,170865,501
26826961,21.6946,47.3045,462,41241,0.0650517,0.63,1,171376,170914,462
26829881,20.6778,24.9218,472,41292,0.0680207,0.57,1,171396,170924,472
26832801,19.6711,23.7687,468,41343,0.0932083,0.49,1,171415,170947,468
26841561,69.851,42.6812,522,41496,0.0945253,0.03,1,171570,171048,522
26844481,29.1404,77.0725,424,41547,0.0558101,0.05,1,171572,171148,424
26847401,25.4562,45.229,423,41598,0.0523241,0.09,1,171595,171172,423
26850321,22.1825,30.6916,422,41649,0.0509296,0.03,1,171615,171193,422
26853241,24.473,26.6766,424,41700,0.0203718,0.09,1,171641,171217,424
26862001,38.5503,38.0913,425,41852,0.0740238,0.01,1,171751,171326,425
26864921,40.0201,39.2365,426,41902,0.0956095,0.09,1,171792,171366,426
26867841,21.408,21.6946,425,41952,0.0922438,0.07,1,171801,171376,425
26879521,36.1928,33.6274,432,42152,0.228201,0.03,1,171908,171476,432
26882441,65.4771,69.851,423,42202,0.277281,0.03,1,171993,171570,423
26891201,21.6625,22.1825,422,42352,0.412066,0,1,172037,171615,422
26897041,31.786,30.1892,426,42452,0.424731,0.11,1,172101,171675,426
26899961,33.1144,31.8757,427,42502,0.415892,0.05,1,172135,171708,427
26902881,37.8458,38.5503,425,42552,0.436357,0.11,1,172176,171751,425
26923321,69.4383,65.4771,440,42897,0.770713,0.37,2,172433,171993,440
26926241,28.9753,27.3909,440,42946,0.794285,0.37,2,172435,171995,440
26929161,25.3901,24.1563,441,42995,0.791714,0.37,2,172458,172017,441
26932081,22.156,9.66254,461,43044,0.778686,0.45,2,172478,172017,461
26935001,24.4624,15.865,467,43093,0.773474,0.37,2,172504,172037,467
26946681,40.8694,37.6973,485,43289,0.911593,0.47,2,172661,172176,485
26949601,22.3478,39.6789,454,43338,0.934637,0.47,2,172671,172217,454
26952521,23.3391,21.8716,468,43387,0.931855,0.47,2,172695,172227,468
27037201,26.4801,23.048,504,44775,0.77176,1,2,173666,173162,504
27045961,48.6867,51.0111,488,44916,0.286273,0.99,1,173767,173279,488
27048881,78.8747,72.0044,501,44963,0.216509,1,1,173866,173365,501
27054721,33.3799,23.5207,518,45057,0.0514414,1,1,173915,173397,518
27057641,21.752,19.0083,516,45104,0.0625766,1,1,173929,173413,516
27060561,15.9008,22.0033,504,45151,0.0670306,1,1,173941,173437,504
27063481,14.1603,22.0013,495,45198,0.0448123,1,1,173954,173459,495
27066401,12.2641,20.2005,487,45245,0.0359249,1,1,173965,173478,487
27069321,32.5057,39.8802,480,45292,0.04437,1,1,174011,173531,480
27092681,77.5911,78.8747,431,45662,0.214762,0.07,1,174297,173866,431
27098521,31.9746,33.3799,426,45754,0.0475619,0.07,1,174341,173915,426
27101441,19.9898,21.752,424,45800,0.0250247,0.07,1,174353,173929,424
27104361,14.5959,15.9008,423,45846,0.0400099,0.03,1,174364,173941,423
27107281,13.0384,14.1603,422,45892,0.034004,0.03,1,174376,173954,422
27110201,13.0153,12.2641,424,45938,0.0316016,0.03,1,174389,173965,424
27113121,38.8061,4.90565,480,45984,0.0306406,0.05,1,174445,173965,480
27116041,41.3225,29.5623,477,46030,0.0302563,0.76,1,174488,174011,477
27118961,45.329,25.6249,502,46076,0.0901025,0.71,1,174536,174034,502
27136481,63.6259,31.9729,529,46352,0.0626366,0,1,174718,174189,529
27139401,38.6504,77.5892,443,46397,0.0430546,0.03,1,174740,174297,443
27142321,28.6601,42.4357,446,46442,0.0352219,0.01,1,174762,174316,446
27145241,19.2641,31.9743,434,46487,0.0140887,0.01,1,174775,174341,434
27148161,14.3056,19.9897,433,46532,0.0476355,0.05,1,174786,174353,433
27151081,12.3222,14.5959,433,46577,0.0730542,0.03,1,174797,174364,433
27154001,13.3289,13.0384,435,46622,0.0352217,0.03,1,174811,174376,435
27156921,38.9316,13.0153,478,46667,0.0560887,0.03,1,174867,174389,478
27159841,40.7726,38.8061,464,46712,0.0524355,0.03,1,174909,174445,464
27162761,48.7091,41.3225,475,46757,0.0749742,0.13,1,174963,174488,475
27165681,33.8836,45.329,451,46802,0.0959897,0.13,1,174987,174536,451
27180281,60.2798,24.0648,512,47027,0.0648517,0.01,1,175140,174628,512
27183201,37.3119,63.6259,444,47072,0.0439407,0.03,1,175162,174718,444
27186121,27.5248,38.6504,443,47117,0.0595763,0.03,1,175183,174740,443
27189041,20.0099,28.6601,436,47162,0.0418305,0,1,175198,174762,436
27191961,15.204,19.2641,435,47207,0.0467322,0.07,1,175210,174775,435
27194881,10.8816,14.3056,432,47252,0.0486929,0.09,1,175218,174786,432
27197801,13.3526,12.3222,436,47297,0.0374772,0.01,1,175233,174797,436
27200721,40.1411,13.3289,480,47342,0.0449909,0.07,1,175291,174811,480
27203641,40.0564,38.9316,464,47387,0.0479963,0.05,1,175331,174867,464
27206561,17.2226,40.7726,424,47431,0.0491985,0.09,1,175333,174909,424
27209481,40.489,48.7091,426,47475,0.0616794,0.11,1,175389,174963,426
27212401,31.7956,33.8836,428,47519,0.0426718,0.13,1,175415,174987,428
27215321,18.7182,19.5534,428,47563,0.0350687,0.13,1,175425,174997,428
27218241,18.2873,18.6214,428,47607,0.0440275,0.13,1,175443,175015,428
27221161,12.1149,12.2486,428,47651,0.071611,0.11,1,175451,175023,428
27224081,24.046,24.6994,427,47695,0.0826444,0.03,1,175483,175056,427
27227001,57.6184,60.2798,423,47739,0.0390578,0.03,1,175563,175140,423
27229921,36.8474,37.3119,424,47783,0.0336231,0.07,1,175586,175162,424
27232841,26.7389,27.5248,423,47827,0.0314492,0.03,1,175606,175183,423
27235761,20.2956,20.0099,424,47871,0.0305797,0.05,1,175622,175198,424
27238681,15.3182,15.204,424,47915,0.0422319,0.05,1,175634,175210,424
27241601,9.72729,10.8816,422,47959,0.0228927,0.03,1,175640,175218,422
27244521,13.4909,13.3526,423,48003,0.0151571,0.05,1,175656,175233,423
27247441,40.7964,40.1411,424,48047,0.0360628,0.05,1,175715,175291,424
27250361,39.7185,40.0564,423,48091,0.0444251,0.05,1,175754,175331,423
27253281,17.0874,17.2226,423,48135,0.0477701,0.07,1,175756,175333,423
27256201,40.435,40.489,423,48179,0.037108,0.03,1,175812,175389,423
27259121,31.774,31.7956,423,48223,0.0568432,0.03,1,175838,175415,423
27262041,19.3096,18.7182,424,48267,0.0767373,0.05,1,175849,175425,424
27264961,18.5238,18.2873,424,48311,0.0966949,0.09,1,175867,175443,424
27294161,40.7815,40.7964,422,48745,0.0680944,0.05,1,176137,175715,422
27297081,39.7126,39.7185,422,48788,0.0452377,0.05,1,176176,175754,422
27300001,17.085,17.0874,422,48831,0.0360951,0.03,1,176178,175756,422
27302921,41.034,40.435,423,48874,0.032438,0.03,1,176235,175812,423
27305841,32.6136,16.174,450,48917,0.0309752,0.07,1,176262,175812,450
27308761,20.2454,22.0696,436,48960,0.0423901,0.09,1,176274,175838,436
27311681,20.0982,15.4278,445,49003,0.082956,0.11,1,176294,175849,445
27314601,12.8393,16.9711,435,49046,0.0991824,0.13,1,176302,175867,435
27373001,26.9497,36.4857,448,49899,0.204949,0.13,1,176883,176435,448
27375921,19.1799,27.1943,441,49941,0.20798,0.13,1,176897,176456,441
27378841,14.8719,19.2777,439,49983,0.209192,0.13,1,176909,176470,439
27381761,9.54878,14.9111,433,50025,0.209677,0.13,1,176915,176482,433
27384681,12.2195,9.56443,441,50067,0.221871,0.13,1,176929,176488,441
27387601,37.8878,12.2258,482,50109,0.238748,0.13,1,176984,176502,482
27390521,39.1551,38.4903,466,50151,0.245499,0.11,1,177024,176558,466
27393441,16.862,39.3961,428,50193,0.2482,0.11,1,177026,176598,428
27396361,42.1448,16.9584,485,50235,0.26128,0.15,1,177085,176600,485
27399281,32.4579,40.9834,454,50277,0.266512,0.15,1,177111,176657,454
27402201,14.1832,33.1934,428,50319,0.268605,0.13,1,177113,176685,428
27405121,13.4733,20.4773,429,50361,0.281442,0.15,1,177126,176697,429
27408041,19.1893,21.9909,429,50403,0.274577,0.15,1,177149,176720,429
27410961,12.4757,13.5964,429,50445,0.295831,0.17,1,177157,176728,429
27460601,12.3333,12.4757,435,51150,0.4026,0.31,1,177592,177157,435
27463521,26.5333,26.5903,435,51191,0.40704,0.31,1,177628,177193,435
27568641,40.9235,59.1317,479,52651,0.752381,0.63,2,178628,178149,479
27571561,29.5694,39.8527,474,52691,0.774952,0.63,2,178650,178176,474
27574481,20.2278,29.1411,466,52731,0.783981,0.63,2,178664,178198,466
27577401,15.2911,20.0564,464,52771,0.787592,0.63,2,178676,178212,464
27615361,26.1241,29.2716,457,53291,0.90547,0.73,2,178976,178519,457
27618281,60.8496,60.3086,460,53330,0.932188,0.77,2,179060,178600,460
27621201,41.7399,40.9235,461,53369,0.930875,0.79,2,179089,178628,461
27624121,29.8959,29.5694,461,53408,0.93035,0.79,2,179111,178650,461
27627041,20.3584,20.2278,461,53447,0.90614,0.79,2,179125,178664,461
27629961,15.9434,15.2911,462,53486,0.908456,0.81,2,179138,178676,462
27638721,40.2364,40.1946,462,53603,0.908461,0.81,2,179218,178756,462
27641641,40.6946,40.0779,463,53642,0.921385,0.83,2,179259,178796,463
27662081,14.2727,14.0255,465,53915,0.946888,0.87,2,179400,178935,465
27863561,27.8452,29.4073,480,56545,0.9052,1,2,181241,180761,480
27884001,35.0715,55.5434,477,56804,0.217826,1,1,181419,180942,477
27886921,30.8286,38.4174,478,56841,0.0931304,1,1,181447,180969,478
27889841,41.7314,33.3669,497,56878,0.0432522,1,1,181496,180999,497
27892761,32.2926,26.5468,501,56915,0.0233009,1,1,181522,181021,501
27895681,27.917,23.2187,505,56952,0.0633203,1,1,181547,181042,505
27898601,25.5668,26.6875,500,56989,0.0673281,1,1,181571,181071,500
27901521,16.8267,26.875,484,57026,0.0809313,1,1,181582,181098,484
27913201,18.2532,22.5328,473,57174,0.0479118,0.93,1,181658,181185,473
27916121,22.9013,24.6131,473,57211,0.0371647,0.87,1,181684,181211,473
27919041,21.7605,27.8452,464,57248,0.0448659,0.77,1,181705,181241,464
27921961,20.7042,24.3381,462,57285,0.0359464,0.79,1,181725,181263,462
27924881,19.0817,21.7352,460,57322,0.0443785,0.63,1,181743,181283,460
27927801,20.2327,24.2941,455,57359,0.0717514,0.45,1,181764,181309,455
27930721,18.8931,24.1176,449,57396,0.0707006,0.39,1,181782,181333,449
27933641,16.5572,23.4471,441,57433,0.0582802,0.33,1,181797,181356,441
27936561,15.0229,20.1788,437,57470,0.0653121,0.11,1,181811,181374,437
27939481,26.4092,35.0715,426,57507,0.0561248,0.01,1,181845,181419,426
27942401,25.5637,30.8286,423,57544,0.0404499,0.01,1,181870,181447,423
27945321,42.0255,41.7314,427,57581,0.05818,0.01,1,181923,181496,427
27948241,30.6102,32.2926,424,57618,0.053272,0.01,1,181946,181522,424
27951161,26.6441,12.917,448,57654,0.0633088,0.09,1,181970,181522,448
27954081,25.6576,20.1668,448,57690,0.0913235,0.07,1,181995,181547,448
27965761,21.2872,17.1339,446,57834,0.229042,0.09,1,182065,181619,446
27968681,16.9149,20.0535,438,57870,0.217617,0.01,1,182079,181641,438
27974521,21.5464,22.8886,442,57942,0.213619,0.05,1,182126,181684,442
27977441,21.2186,21.7554,442,57978,0.223447,0.03,1,182147,181705,442
27980361,19.2874,20.7022,440,58014,0.251379,0.05,1,182165,181725,440
27983281,20.915,19.0809,444,58050,0.238552,0.09,1,182187,181743,444
27986201,18.566,20.2323,440,58086,0.269421,0.07,1,182204,181764,440
27989121,16.4264,18.8929,437,58122,0.293768,0.05,1,182219,181782,437
27992041,15.5706,16.5572,437,58158,0.291507,0.07,1,182234,181797,437
27994961,26.6282,15.0229,457,58194,0.278603,0.05,1,182268,181811,457
27997881,24.4513,26.4091,446,58230,0.285441,0.03,1,182291,181845,446
28006641,28.7089,30.6102,450,58338,0.439948,0.07,1,182396,181946,450
28035841,19.7227,21.2186,452,58698,0.782628,0.27,2,182599,182147,452
28038761,21.0891,19.2874,456,58734,0.799051,0.23,2,182621,182165,456
28056281,47.2168,24.4513,496,58950,0.948961,0.43,2,182787,182291,496
28227101,325.594,336.918,493,27740,0.43,0.67,1,184177,183684,493
28230021,172.237,189.367,472,28544,0.202,0.43,1,184247,183775,472
28235861,47.118,71.2188,437,28692,0.05512,0.15,1,184309,183872,437
28253381,36.8734,39.7302,435,29132,0.269512,0.05,1,184587,184152,435
28256301,64.5494,30.8921,493,29205,0.209805,0.05,1,184670,184177,493
28262141,44.0479,51.1427,459,29349,0.0515687,0.01,1,184755,184296,459
28265061,54.2192,28.2571,507,29421,0.0506275,0.49,1,184816,184309,507
28267981,48.0877,48.5028,489,29493,0.026251,0.57,1,184860,184371,489
28270901,45.6351,44.6011,491,29565,0.0405004,0.55,1,184904,184413,491
28273821,42.854,42.4405,491,29637,0.0342002,0.45,1,184945,184454,491
28276741,45.9416,46.9762,489,29708,0.0316801,0.23,1,184993,184504,489
28279661,34.5766,52.9905,459,29779,0.030672,0.23,1,185020,184561,459
28282581,15.0307,36.7962,435,29850,0.0542688,0.17,1,185022,184587,435
28285501,52.8123,64.5185,430,29921,0.0517075,0.05,1,185100,184670,430
28288421,46.3249,54.6074,424,29992,0.050683,0.01,1,185142,184718,424
28291341,40.13,44.043,423,30063,0.0502732,0.05,1,185178,184755,423
28294261,53.252,54.2172,424,30133,0.0621093,0.01,1,185240,184816,424
28297181,47.1008,48.0869,423,30203,0.0428437,0.05,1,185283,184860,423
28300101,45.8403,45.6347,424,30273,0.0471375,0.03,1,185328,184904,424
28303021,42.3361,42.8539,423,30343,0.084855,0.03,1,185368,184945,423
28305941,45.7345,45.9416,423,30413,0.099942,0.03,1,185416,184993,423
28308861,34.4938,34.5766,423,30483,0.0939768,0.07,1,185443,185020,423
28326381,46.8989,47.1008,423,30897,0.21078,0.05,1,185706,185283,423
28329301,45.1595,45.8403,422,30965,0.222312,0.11,1,185750,185328,422
28332221,44.4638,42.3361,426,31033,0.226925,0.11,1,185794,185368,426
28335141,47.1855,45.7345,427,31101,0.27677,0.09,1,185843,185416,427
28340981,14.9897,14.9975,426,31237,0.297483,0.13,1,185871,185445,426
28358501,45.585,46.0879,474,31641,0.416217,0.23,1,186180,185706,474
28361421,45.834,44.8351,476,31708,0.436487,0.23,1,186226,185750,476
28440261,41.9516,41.8383,452,33462,0.753996,0.61,2,187371,186919,452
28443181,17.9806,17.9353,452,33525,0.763599,0.59,2,187373,186921,452
28446101,44.3923,44.9741,451,33588,0.767439,0.67,2,187435,186984,451
28466541,57.5318,56.6974,457,34026,0.911133,0.73,2,187748,187291,457
28478221,45.052,7.19225,521,34274,0.938541,0.77,2,187894,187373,521
28574581,22.4921,19.4125,482,36253,0.79288,1,2,189257,188775,482
28583341,32.4715,31.1944,482,36427,0.416744,1,1,189386,188904,482
28589181,38.0754,41.3511,475,36543,0.291079,1,1,189460,188985,475
28592101,57.8302,54.3404,483,36601,0.206432,1,1,189531,189048,483
28603781,43.1973,48.3255,469,36832,0.200501,0.77,1,189681,189212,469
28606701,31.0789,39.7302,458,36889,0.2182,0.75,1,189704,189246,458
28609621,20.8316,22.4921,461,36946,0.21328,0.55,1,189718,189257,461
28612541,28.7326,37.1968,448,37003,0.223312,0.43,1,189752,189304,448
28615461,43.8931,52.6787,439,37060,0.239325,0.35,1,189806,189367,439
28618381,28.9572,32.4715,439,37117,0.25773,0.31,1,189825,189386,439
28621301,28.3829,32.1886,435,37174,0.253092,0.31,1,189853,189418,435
28624221,33.5532,12.8754,472,37231,0.215237,0.25,1,189890,189418,472
28627141,54.2213,30.3502,498,37288,0.248095,0.15,1,189958,189460,498
28630061,43.2885,54.7401,463,37345,0.273238,0.19,1,189994,189531,463
28641741,31.6554,43.1181,453,37570,0.412739,0.23,1,190134,189681,453
28644661,21.0622,31.0473,444,37626,0.423096,0.21,1,190148,189704,444
28714741,32.6657,32.5234,458,38951,0.912446,0.73,2,191034,190576,458
28717661,22.6663,22.6093,458,39005,0.922978,0.73,2,191050,190592,458
28720581,30.6665,30.6437,458,39059,0.939191,0.73,2,191086,190628,458
28726421,28.9066,28.903,458,39167,0.941071,0.73,2,191159,190701,458
28840301,38.2431,47.8212,506,41217,0.7756,1,2,192590,192084,506
28860741,32.0613,38.7159,507,41574,0.267457,1,1,192820,192313,507
28872421,27.6672,28.6727,477,41778,0.0612309,0.95,1,192945,192468,477
28875341,22.4669,25.2691,473,41829,0.0304924,0.81,1,192964,192491,473
28878261,42.5867,52.1076,459,41879,0.0301969,0.71,1,193020,192561,459
28881181,32.6347,38.2431,456,41929,0.0420788,0.67,1,193046,192590,456
28884101,28.0539,29.0972,458,41979,0.0588315,0.63,1,193071,192613,458
28887021,28.6216,32.6389,452,42029,0.0535326,0.63,1,193100,192648,452
28889941,25.8486,27.4556,452,42079,0.039413,0.53,1,193124,192672,452
28892861,27.1394,29.5822,449,42129,0.0577652,0.39,1,193152,192703,449
28895781,41.4558,46.6329,442,42179,0.0411061,0.33,1,193203,192761,442
28898701,31.5823,36.6532,437,42229,0.0584424,0.19,1,193228,192791,437
28901621,25.8329,32.0613,430,42279,0.053377,0.11,1,193250,192820,430
28904541,36.7332,40.4245,428,42329,0.0633508,0.11,1,193294,192866,428
28907461,33.8933,37.1698,425,42379,0.0433403,0.09,1,193326,192901,425
28910381,19.5573,22.6679,422,42429,0.0353361,0.03,1,193336,192914,422
28913301,26.4229,27.6672,422,42479,0.0321345,0.01,1,193367,192945,422
28916221,21.9692,22.4669,422,42529,0.0548538,0.03,1,193386,192964,422
28919141,42.3877,42.5867,422,42579,0.0639415,0.05,1,193442,193020,422
28922061,32.5551,32.6347,422,42629,0.0675766,0.07,1,193468,193046,422
28924981,28.622,28.0539,423,42679,0.0450306,0.05,1,193494,193071,423
28927901,28.2488,28.6216,422,42728,0.0180123,0.03,1,193522,193100,422
28930821,25.6995,25.8486,422,42777,0.0252049,0.07,1,193546,193124,422
28933741,28.2798,27.1394,424,42826,0.040082,0.03,1,193576,193152,424
28936661,40.7119,41.4558,422,42875,0.0220328,0.07,1,193625,193203,422
28939581,33.0848,31.5823,425,42924,0.0628131,0.05,1,193653,193228,425
28942501,25.2339,25.8329,423,42973,0.0551252,0.07,1,193673,193250,423
28945421,36.4936,36.7332,423,43022,0.0280501,0.07,1,193717,193294,423
28948341,33.1974,14.6933,454,43071,0.06522,0.03,1,193748,193294,454
28951261,18.679,25.0773,431,43120,0.080088,0.03,1,193757,193326,431
28957101,23.0286,25.0124,442,43218,0.0788141,0.07,1,193809,193367,442
28960021,41.6115,21.4049,477,43267,0.0495256,0.07,1,193863,193386,477
28962941,34.0446,42.162,450,43316,0.0738102,0.07,1,193892,193442,450
28965861,28.0178,32.4648,448,43365,0.0955241,0.03,1,193916,193468,448
28971701,25.3629,28.2344,445,43463,0.0956839,0.03,1,193967,193522,445
28974621,29.3451,25.6937,453,43512,0.0682735,0.05,1,193999,193546,453
28977541,39.9381,28.2775,470,43560,0.0693094,0.01,1,194046,193576,470
28980461,33.9752,40.711,451,43608,0.0817238,0.09,1,194076,193625,451
28983381,25.5901,33.0844,443,43656,0.0866895,0.05,1,194096,193653,443
28986301,35.436,25.2338,465,43704,0.0646758,0.01,1,194138,193673,465
28989221,35.7744,36.4935,457,43752,0.0678703,0.09,1,194174,193717,457
28992141,19.1098,33.1974,434,43800,0.0451481,0.09,1,194182,193748,434
28995061,25.6439,18.679,455,43848,0.0600593,0.15,1,194212,193757,455
28997981,23.4576,26.0716,446,43896,0.0660237,0.05,1,194234,193788,446
29000901,40.583,23.0286,477,43944,0.0804095,0.03,1,194286,193809,477
29003821,34.8332,41.6115,454,43992,0.0981638,0.09,1,194317,193863,454
29006741,29.5333,34.0446,451,44040,0.0932655,0.11,1,194343,193892,451
29012581,23.5653,27.4071,447,44136,0.0953225,0.09,1,194390,193943,447
29015501,28.6261,25.3629,455,44184,0.092129,0.05,1,194422,193967,455
29021341,34.7002,39.9381,455,44280,0.0951406,0.09,1,194501,194046,455
29024261,25.8801,33.9752,445,44328,0.0920563,0.09,1,194521,194076,445
29030101,34.3808,35.436,458,44424,0.083129,0.07,1,194596,194138,458
29033021,14.9523,35.7744,424,44471,0.0752516,0.03,1,194598,194174,424
29035941,11.3809,19.1098,425,44518,0.0841006,0.07,1,194607,194182,425
29038861,22.5524,25.6439,425,44565,0.0636403,0.07,1,194637,194212,425
29041781,22.2209,23.4576,425,44612,0.0674561,0.09,1,194659,194234,425
29044701,40.6884,40.583,426,44659,0.0929824,0.11,1,194712,194286,426
29062221,40.7518,40.2505,427,44941,0.229988,0.09,1,194897,194470,427
29065141,34.3007,34.7002,426,44988,0.253995,0.09,1,194927,194501,426
29068061,25.7203,25.8801,426,45035,0.263598,0.11,1,194947,194521,426
29070981,35.4881,34.952,427,45082,0.267439,0.07,1,194989,194562,427
29073901,33.3952,34.3808,425,45129,0.256976,0.07,1,195021,194596,425
29076821,14.5581,14.9523,425,45176,0.27679,0.09,1,195023,194598,425
29079741,10.6232,11.3809,424,45223,0.260716,0.05,1,195031,194607,424
29082661,22.2493,22.5524,424,45270,0.278286,0.07,1,195061,194637,424
29085581,22.6997,22.2209,425,45317,0.297315,0.11,1,195084,194659,425
29126461,22.8676,4.2493,465,45962,0.40159,0.29,1,195496,195031,465
29129381,22.347,19.6997,457,46008,0.406636,0.31,1,195518,195061,457
29132301,41.3388,21.6799,488,46054,0.420654,0.33,1,195572,195084,488
29202381,37.3537,26.3059,497,47141,0.758085,0.63,2,196315,195818,497
29205301,34.7415,37.5223,485,47186,0.777234,0.63,2,196348,195863,485
29208221,15.0966,34.2089,455,47231,0.760894,0.63,2,196350,195895,455
29211141,10.8386,14.8836,461,47276,0.754357,0.65,2,196358,195897,461
29222821,37.7367,42.6402,456,47455,0.754624,0.67,2,196471,196015,456
29225741,37.8947,40.4561,455,47499,0.751849,0.69,2,196509,196054,455
29228661,30.1579,30.5824,456,47543,0.77474,0.71,2,196534,196078,456
29231581,28.8631,28.433,457,47587,0.771896,0.71,2,196562,196105,457
29246181,28.2959,27.3843,460,47807,0.914365,0.77,2,196731,196271,460
29249101,37.7184,37.3537,460,47851,0.935746,0.79,2,196775,196315,460
29252021,34.2873,34.7415,459,47895,0.920298,0.75,2,196807,196348,459
29254941,14.9149,15.0966,459,47939,0.938119,0.75,2,196809,196350,459
29257861,10.766,10.8386,459,47983,0.921248,0.73,2,196817,196358,459
29260781,23.5064,24.1355,458,48027,0.926499,0.73,2,196849,196391,458
29438901,38.8154,39.8806,486,50635,0.764548,1,2,198671,198185,486
29456421,22.9427,14.5303,503,50884,0.238038,1,1,198803,198300,503
29462261,31.9908,36.6449,484,50966,0.064486,0.97,1,198864,198380,484
29465181,30.7963,30.8579,487,51007,0.0557944,1,1,198894,198407,487
29468101,28.5185,26.7432,490,51048,0.0403178,1,1,198921,198431,490
29471021,20.4074,24.4973,482,51089,0.0461271,1,1,198936,198454,482
29473941,19.563,23.5989,478,51130,0.0724508,1,1,198955,198477,478
29476861,27.0252,31.0396,474,51171,0.0469803,1,1,198987,198513,474
29479781,31.8101,34.6158,472,51212,0.0487921,0.81,1,199022,198550,472
29482701,41.524,46.8463,465,51253,0.0255169,0.77,1,199070,198605,465
29485621,28.0096,32.5385,461,51294,0.0522067,0.73,1,199089,198628,461
29488541,32.2038,38.8154,453,51335,0.0388827,0.61,1,199124,198671,453
29491461,29.0815,33.5262,450,51376,0.0335531,0.59,1,199151,198701,450
29494381,23.0326,26.0105,448,51417,0.0314212,0.49,1,199170,198722,448
29497301,15.813,20.6042,442,51458,0.0305685,0.43,1,199181,198739,442
29500221,15.3252,19.6417,438,51499,0.0662274,0.25,1,199196,198758,438
29503141,15.7301,19.8567,434,51540,0.032491,0.17,1,199212,198778,434
29506061,18.292,22.9427,429,51581,0.0669964,0.11,1,199232,198803,429
29508981,18.1168,22.9771,424,51622,0.0447985,0,1,199250,198826,424
29511901,30.6467,31.9908,425,51663,0.0239194,0.05,1,199289,198864,425
29514821,28.4587,30.7963,422,51704,0.0275678,0.03,1,199316,198894,422
29517741,28.1835,28.5185,423,51745,0.0410271,0.05,1,199344,198921,423
29520661,19.6734,20.4074,422,51786,0.0464108,0.05,1,199358,198936,422
29523581,19.2694,8.16296,441,51827,0.0245643,0.09,1,199377,198936,441
29526501,26.9077,14.6652,454,51868,0.0398257,0.03,1,199409,198955,454
29529421,32.3631,25.0661,458,51909,0.0819303,0.05,1,199445,198987,458
29532341,40.5452,31.0264,469,51950,0.0747721,0.01,1,199491,199022,469
29535261,29.4181,41.2106,443,51991,0.0479088,0.07,1,199513,199070,443
29538181,30.9672,27.8842,456,52031,0.0491635,0.03,1,199545,199089,456
29541101,29.1869,32.1537,449,52071,0.0616654,0.03,1,199573,199124,449
29544021,22.4748,29.0615,440,52111,0.0786662,0.03,1,199591,199151,440
29546941,17.3899,23.0246,435,52151,0.0614665,0.03,1,199605,199170,435
29549861,14.756,15.8098,437,52191,0.0905866,0.09,1,199618,199181,437
29567381,28.0759,28.4587,449,52431,0.0894226,0.05,1,199765,199316,449
29570301,19.6304,28.1835,435,52471,0.053769,0.05,1,199779,199344,435
29573221,20.4521,19.6734,442,52511,0.0395076,0.01,1,199800,199358,442
29576141,26.1809,19.2694,453,52551,0.033803,0.05,1,199830,199377,453
29579061,33.8723,26.9077,460,52591,0.0315212,0.11,1,199869,199409,460
29581981,39.9489,32.3631,468,52631,0.0306085,0.07,1,199913,199445,468
29584901,29.1796,40.5452,444,52671,0.0302434,0.03,1,199935,199491,444
29587821,31.4718,29.4181,455,52711,0.0300974,0.05,1,199968,199513,455
29590741,30.5887,30.9672,453,52751,0.0420389,0.07,1,199998,199545,453
29593661,21.8355,29.1869,441,52791,0.0588156,0.09,1,200014,199573,441
29596581,18.3342,22.4748,439,52831,0.0655262,0.05,1,200030,199591,439
29599501,15.1337,17.3899,438,52871,0.0562105,0.11,1,200043,199605,438
29602421,18.0535,14.756,445,52911,0.0284842,0.13,1,200063,199618,445
29605341,19.8214,16.1024,449,52951,0.0533937,0.13,1,200084,199635,449
29608261,18.7286,17.841,448,52991,0.0753575,0.19,1,200102,199654,448
29611181,28.4914,17.9364,465,53031,0.096143,0.11,1,200137,199672,465
29622861,20.467,19.6304,443,53191,0.0926533,0.03,1,200222,199779,443
29625781,25.5868,20.4521,451,53231,0.0550613,0.03,1,200251,199800,451
29628701,11.4347,26.1809,423,53271,0.0640245,0.03,1,200253,199830,423
29631621,27.9739,33.8723,423,53311,0.0556098,0.03,1,200292,199869,423
29634541,37.5896,39.9489,423,53350,0.0762439,0.03,1,200336,199913,423
29637461,28.2358,29.1796,423,53389,0.0964976,0.03,1,200358,199935,423
29646221,22.2551,21.8355,425,53506,0.214256,0.07,1,200439,200014,425
29649141,18.502,18.3342,425,53545,0.271702,0.05,1,200455,200030,425
29652061,14.6008,15.1337,424,53584,0.294681,0.01,1,200467,200043,424
29692941,31.5127,31.0943,426,54130,0.423608,0.09,1,200817,200391,426
29695861,32.4051,31.6377,427,54169,0.427443,0.29,1,200850,200423,427
29751341,30.7307,31.9787,471,54904,0.754786,0.53,2,201321,200850,471
29754261,21.8923,28.3915,461,54942,0.787915,0.53,2,201337,200876,461
29777621,18.369,26.7301,459,55246,0.915939,0.53,2,201514,201055,459
29780541,19.9476,16.6921,470,55284,0.948376,0.61,2,201535,201065,470
29946981,27.0188,23.2441,521,57415,0.9004,1,2,203039,202518,521
29958661,315.008,348.298,463,26280,0.40216,0.53,1,203546,203083,463
30012681,97.6812,104.928,449,27088,0.0895456,0.17,1,203671,203222,449
30015601,53.4725,62.971,438,27166,0.0658182,0,1,203695,203257,438
30018521,59.189,51.5884,457,27244,0.0443273,0.05,1,203758,203301,457
30021441,72.8756,72.8354,452,27322,0.0177309,0,1,203840,203388,452
30024361,69.9502,62.7341,464,27400,0.0250924,0.01,1,203908,203444,464
30027281,41.1801,62.8937,423,27477,0.0520369,0.03,1,203930,203507,423
30030201,33.872,34.7575,436,27554,0.0388148,0.07,1,203959,203523,436
30033121,46.5488,27.703,468,27631,0.0575259,0.09,1,204014,203546,468
30036041,39.0195,51.2812,435,27708,0.0890104,0.03,1,204048,203613,435
30044801,50.6173,52.41,423,27936,0.0647367,0,1,204181,203758,423
30047721,69.4469,70.164,423,28012,0.0258947,0.03,1,204263,203840,423
30050641,69.7788,68.8656,425,28088,0.0163579,0.07,1,204333,203908,425
30053561,39.3115,40.7462,422,28163,0.0485431,0.03,1,204352,203930,422
30056481,33.1246,33.6985,422,28238,0.0374173,0.07,1,204381,203959,422
30059401,48.6498,46.4794,426,28313,0.0449669,0.11,1,204440,204014,426
30062321,41.6599,38.9918,429,28388,0.0719868,0.11,1,204477,204048,429
30065241,43.064,15.5967,473,28463,0.0947947,0.19,1,204521,204048,473
30071081,46.8502,28.2955,484,28611,0.0475672,0,1,204602,204118,484
30074001,67.9401,49.1182,503,28685,0.0190269,0,1,204684,204181,503
30076921,70.376,68.8473,493,28759,0.0256107,0.01,1,204756,204263,493
30079841,38.3504,69.5389,440,28833,0.0522443,0.07,1,204773,204333,440
30082761,32.7402,39.2156,450,28906,0.0508977,0.03,1,204802,204352,450
30085681,49.6961,33.0862,482,28979,0.0383591,0.05,1,204863,204381,482
30088601,43.8784,48.6345,463,29052,0.0573436,0.09,1,204903,204440,463
30091521,43.9514,41.6538,470,29125,0.0889375,0.11,1,204947,204477,470
30097361,43.9922,31.6246,478,29271,0.07063,0.01,1,205023,204545,478
30100281,66.7969,46.8498,503,29343,0.028252,0,1,205105,204602,503
30103201,71.1188,67.9399,495,29415,0.0293008,0.03,1,205179,204684,495
30106121,38.0475,70.376,439,29487,0.0417203,0.07,1,205195,204756,439
30109041,33.219,38.3504,452,29559,0.0706881,0.05,1,205225,204773,452
30126561,33.3002,43.9922,422,29986,0.224835,0,1,205445,205023,422
30129481,62.5201,66.7969,422,30057,0.0899342,0.03,1,205527,205105,422
30132401,70.608,71.1188,424,30127,0.0359737,0.05,1,205603,205179,424
30135321,37.8432,38.0475,424,30197,0.0203895,0.09,1,205619,205195,424
30138241,34.3373,33.219,426,30267,0.0141558,0.13,1,205651,205225,426
30141161,51.5349,49.2876,429,30337,0.0236623,0.17,1,205714,205285,429
30144081,46.414,44.915,430,30407,0.0514649,0.19,1,205757,205327,430
30147001,46.7656,45.566,431,30477,0.074586,0.19,1,205804,205373,431
30149921,33.1062,32.6264,431,30546,0.0838344,0.19,1,205828,205397,431
30152841,14.4425,14.2506,431,30615,0.0875337,0.25,1,205830,205399,431
30158681,57.5108,62.5201,422,30753,0.0548054,0,1,205949,205527,422
30161601,68.6043,70.608,422,30822,0.0219222,0.01,1,206025,205603,422
30164521,37.0417,37.8432,422,30891,0.0147689,0.01,1,206041,205619,422
30167441,34.0167,34.3373,422,30960,0.0479075,0.03,1,206073,205651,422
30170361,51.4067,51.5349,422,31028,0.097163,0.07,1,206136,205714,422
30173281,46.9627,46.414,423,31096,0.0928652,0.09,1,206180,205757,423
30190801,67.3801,56.1243,497,31502,0.0690069,0,1,206446,205949,497
30193721,36.552,68.0497,437,31569,0.0456028,0.01,1,206462,206025,437
30196641,35.0208,36.8199,455,31636,0.0482411,0.07,1,206496,206041,455
30199561,53.0083,33.928,488,31703,0.0612964,0.13,1,206561,206073,488
30202481,48.2033,51.3712,470,31770,0.0545186,0.09,1,206606,206136,470
30205401,49.2813,46.9485,476,31837,0.0878074,0.19,1,206656,206180,476
30237521,35.9813,49.2813,452,32559,0.21602,0.11,1,207108,206656,452
30240441,15.5925,35.3125,428,32624,0.224408,0.11,1,207110,206682,428
30243361,35.637,15.325,475,32689,0.251763,0.15,1,207159,206684,475
30246281,53.2548,34.33,493,32754,0.286705,0.15,1,207224,206731,493
30257961,32.6401,35.2708,428,33011,0.296444,0.15,1,207347,206919,428
30263801,49.1424,47.8833,432,33139,0.283831,0.21,1,207461,207029,432
30293001,52.8139,53.8561,435,33772,0.441456,0.27,1,207850,207415,435
30295921,48.7255,49.1424,435,33835,0.446582,0.33,1,207896,207461,435
30345561,24.0914,55.0927,453,34881,0.752455,0.59,2,208552,208099,453
30348481,53.4366,23.2371,524,34942,0.774982,0.63,2,208625,208101,524
30351401,30.9746,52.4948,468,35003,0.783993,0.63,2,208641,208173,468
30368921,16.7391,38.0711,458,35363,0.91362,0.71,2,208882,208424,458
30371841,40.2956,16.4284,512,35423,0.935448,0.73,2,208938,208426,512
30684281,36.291,35.296,517,41315,0.9088,1,2,213056,212539,517
30704721,32.9312,32.6959,513,41672,0.0580326,1,1,213296,212783,513
30707641,26.9725,32.2783,504,41723,0.023213,1,1,213319,212815,504
30710561,29.389,37.5113,494,41774,0.0632852,1,1,213350,212856,494
30713481,32.1556,34.8045,495,41825,0.0673141,1,1,213384,212889,495
30716401,29.6622,34.9218,488,41875,0.0809256,1,1,213412,212924,488
30719321,46.0649,53.5687,479,41925,0.0503703,0.97,1,213469,212990,479
30722241,31.626,41.2275,468,41975,0.0621481,0.86,1,213491,213023,468
30725161,29.4504,36.291,463,42025,0.0308592,0.61,1,213519,213056,463
30728081,27.9802,38.5164,450,42075,0.0303437,0.57,1,213546,213096,450
30731001,20.1921,27.4066,445,42125,0.0301375,0.39,1,213561,213116,445
30733921,25.4768,32.5626,438,42175,0.042055,0.23,1,213590,213152,438
30736841,34.7907,42.425,430,42225,0.022822,0.07,1,213631,213201,430
30739761,27.1163,32.57,426,42275,0.0151288,0.05,1,213653,213227,426
30742681,34.8465,35.828,428,42325,0.0240515,0.03,1,213693,213265,428
30745601,30.7386,32.9312,425,42375,0.0396206,0,1,213721,213296,425
30748521,26.0954,26.9725,425,42425,0.0158482,0.09,1,213744,213319,425
30751441,27.2382,29.389,422,42475,0.0243393,0.07,1,213772,213350,422
30754361,32.4953,32.1556,424,42525,0.0397357,0.09,1,213808,213384,424
30757281,29.7981,29.6622,424,42575,0.0458943,0.03,1,213836,213412,424
30760201,44.9192,46.0649,422,42625,0.0183577,0.07,1,213891,213469,422
30763121,32.3677,31.626,424,42675,0.0373431,0.01,1,213915,213491,424
30766041,28.5471,29.4504,422,42724,0.0329372,0.03,1,213941,213519,422
30768961,27.6188,27.9802,422,42773,0.0191749,0.03,1,213968,213546,422
30771881,20.0475,20.1921,422,42822,0.02567,0.05,1,213983,213561,422
30774801,25.419,25.4768,422,42871,0.040268,0.01,1,214012,213590,422
30777721,34.7676,34.7907,422,42920,0.0341072,0.01,1,214053,213631,422
30780641,27.107,27.1163,422,42969,0.0196429,0.03,1,214075,213653,422
30783561,36.0428,34.8465,424,43018,0.0378572,0.03,1,214117,213693,424
30786481,30.0171,13.9386,450,43067,0.0331429,0.05,1,214143,213693,450
30789401,25.2069,22.3754,444,43116,0.0192571,0,1,214165,213721,444
30792321,27.4827,22.7502,450,43165,0.0257029,0.03,1,214194,213744,450
30795241,32.5931,25.9001,458,43214,0.0522811,0.05,1,214230,213772,458
30798161,29.8372,31.96,450,43263,0.0389125,0.05,1,214258,213808,450
30801081,44.3349,29.584,476,43312,0.015565,0,1,214312,213836,476
30804001,32.134,44.8336,445,43361,0.024226,0.05,1,214336,213891,445
30806921,28.4536,32.3334,447,43410,0.0396904,0.03,1,214362,213915,447
30809841,27.5814,28.5334,448,43459,0.0218762,0.01,1,214389,213941,448
30812761,20.6326,27.6134,437,43508,0.0267505,0.03,1,214405,213968,437
30815681,25.053,20.0453,450,43556,0.0407002,0.05,1,214433,213983,450
30818601,34.6212,25.4181,462,43604,0.0462801,0.03,1,214474,214012,462
30821521,27.0485,34.7673,443,43652,0.036512,0.01,1,214496,214053,443
30824441,36.0194,27.1069,463,43700,0.0446048,0.05,1,214538,214075,463
30827361,30.6078,36.0428,448,43748,0.0838419,0.03,1,214565,214117,448
30830281,25.4431,30.0171,444,43796,0.0755368,0.01,1,214587,214143,444
30833201,27.5772,25.2068,451,43844,0.0482147,0.03,1,214616,214165,451
30836121,32.0309,27.4827,457,43892,0.0252859,0.07,1,214651,214194,457
30839041,30.2124,32.5931,450,43940,0.0281144,0.03,1,214680,214230,450
30841961,43.8849,29.8372,475,43988,0.0172457,0,1,214733,214258,475
30844881,33.154,44.3349,447,44036,0.0128983,0.03,1,214759,214312,447
30847801,27.6616,32.134,447,44084,0.0351593,0.05,1,214783,214336,447
30850721,27.2646,28.4536,448,44132,0.0200637,0.01,1,214810,214362,448
30853641,21.7059,27.5814,439,44180,0.0140255,0.03,1,214828,214389,439
30856561,24.8823,20.6326,450,44228,0.0356102,0.05,1,214855,214405,450
30859481,34.5529,25.053,463,44276,0.0562441,0.05,1,214896,214433,463
30862401,26.4212,34.6212,443,44324,0.0884976,0.03,1,214917,214474,443
30865321,37.5685,27.0485,466,44372,0.0413991,0.05,1,214962,214496,466
30868241,32.4274,36.0194,453,44420,0.0465596,0.11,1,214991,214538,453
30871161,23.771,30.6078,444,44467,0.0606239,0.07,1,215009,214565,444
30874081,10.7084,25.4431,424,44514,0.0662495,0.03,1,215011,214587,424
30877001,21.0834,27.5772,423,44561,0.0444998,0.01,1,215039,214616,423
30879921,29.4333,32.0309,423,44608,0.0357999,0.03,1,215074,214651,423
30882841,29.1733,30.2124,423,44655,0.06832,0.01,1,215103,214680,423
30885761,42.8693,43.8849,422,44702,0.081328,0.01,1,215155,214733,422
30888681,33.9477,33.154,424,44749,0.0625312,0.05,1,215183,214759,424
30891601,26.7791,27.6616,422,44796,0.0310125,0.01,1,215205,214783,422
30894521,28.1116,27.2646,424,44843,0.030405,0.01,1,215234,214810,424
30897441,22.0447,21.7059,424,44890,0.018162,0.05,1,215252,214828,424
30900361,26.2179,24.8823,426,44937,0.0132648,0.07,1,215281,214855,426
30903281,36.2871,34.5529,428,44984,0.0473059,0.11,1,215324,214896,428
30906201,25.3149,26.4212,425,45031,0.0609224,0.01,1,215342,214917,425
30909121,35.9259,37.5685,423,45078,0.0423689,0.05,1,215385,214962,423
30912041,32.9704,32.4274,425,45125,0.0349476,0.07,1,215416,214991,425
30914961,23.9882,23.771,425,45172,0.031979,0.07,1,215434,215009,425
30917881,10.7953,10.7084,425,45219,0.0547916,0.03,1,215436,215011,425
30920801,19.3181,21.0834,422,45266,0.0519166,0.03,1,215461,215039,422
30923721,29.3272,29.4333,423,45313,0.0387667,0.09,1,215497,215074,423
30926641,29.7309,29.1733,424,45360,0.0575067,0.09,1,215527,215103,424
30929561,41.8924,42.8693,422,45406,0.0890027,0.05,1,215577,215155,422
30932481,33.5569,33.9477,422,45452,0.0776011,0.01,1,215605,215183,422
30935401,27.2228,26.7791,423,45498,0.0910404,0.03,1,215628,215205,423
30938321,27.6891,28.1116,422,45544,0.0424162,0.01,1,215656,215234,422
30941241,21.8756,22.0447,422,45590,0.0229665,0.01,1,215674,215252,422
30944161,26.7503,26.2179,423,45636,0.0271866,0.07,1,215704,215281,423
30947081,36.5001,36.2871,423,45682,0.0168746,0.07,1,215747,215324,423
30950001,26,25.3149,424,45728,0.0367499,0.03,1,215766,215342,424
30952921,35,35.9259,422,45774,0.0326999,0.03,1,215807,215385,422
30955841,32.6,32.9704,422,45820,0.03108,0.03,1,215838,215416,422
30958761,25.04,23.9882,424,45866,0.042432,0.07,1,215858,215434,424
30961681,11.216,10.7953,424,45912,0.0469728,0.07,1,215860,215436,424
30964601,17.6864,4.3181,446,45958,0.0607891,0.05,1,215882,215436,446
30967521,29.2746,16.7272,458,46004,0.0423156,0.03,1,215919,215461,458
30970441,29.7098,28.2909,452,46050,0.0469263,0.07,1,215949,215497,452
30973361,43.0839,29.3164,474,46096,0.0487705,0.11,1,216001,215527,474
30976281,32.8336,41.7265,450,46142,0.0735082,0.07,1,216027,215577,450
30985041,21.4453,27.6785,439,46280,0.0875045,0.01,1,216095,215656,439
30987961,26.5781,21.8714,451,46326,0.0890018,0.03,1,216125,215674,451
30990881,36.4313,26.7486,464,46372,0.0896007,0.01,1,216168,215704,464
30996721,34.989,25.9998,462,46462,0.0587361,0.03,1,216228,215766,462
30999641,32.5956,34.9999,452,46507,0.0654944,0.03,1,216259,215807,452
31002561,26.2382,32.6,443,46552,0.0801978,0.05,1,216281,215838,443
31005481,11.6953,25.04,425,46597,0.0860791,0.05,1,216283,215858,425
31011321,28.5112,17.6864,458,46687,0.0941727,0.03,1,216340,215882,458
31014241,30.6045,29.2746,453,46732,0.0796691,0.05,1,216372,215919,453
31017161,44.6418,29.7098,477,46777,0.0858676,0.05,1,216426,215949,477
31037601,26.916,36.4313,445,47092,0.205284,0.11,1,216613,216168,445
31043441,32.9866,34.989,455,47182,0.204445,0.07,1,216683,216228,455
31046361,26.9946,32.5956,447,47227,0.207778,0.09,1,216706,216259,447
31049281,11.9979,26.2382,427,47272,0.209111,0.09,1,216708,216281,427
31052201,17.9991,11.6953,447,47317,0.221644,0.11,1,216730,216283,447
31055121,28.1997,17.2781,461,47362,0.226658,0.09,1,216765,216304,461
31058041,12.4799,28.5112,427,47407,0.228663,0.07,1,216767,216340,427
31060961,22.9919,30.6045,425,47451,0.253465,0.09,1,216797,216372,425
31063881,42.7968,44.6418,427,47495,0.251386,0.13,1,216853,216426,427
31066801,33.3187,33.4567,428,47539,0.286554,0.17,1,216880,216452,428
31069721,30.7275,29.5827,430,47583,0.288622,0.17,1,216909,216479,430
31072641,25.491,25.0331,430,47627,0.289449,0.17,1,216931,216501,430
31075561,20.9964,20.8132,430,47671,0.289779,0.19,1,216949,216519,430
31145641,18.1262,18.5451,439,48721,0.427416,0.37,1,217602,217163,439
31151481,12.2602,12.5672,438,48807,0.439187,0.37,1,217638,217200,438
31154401,22.9041,23.0269,438,48850,0.445675,0.37,1,217668,217230,438
31206961,37.0146,44.5616,476,49623,0.763335,0.51,2,218203,217727,476
31233241,27.6579,32.8421,474,50001,0.902127,0.61,2,218470,217996,474
31236161,12.2632,26.9368,453,50043,0.906851,0.61,2,218472,218019,453
31239081,18.1053,11.9747,473,50085,0.90874,0.61,2,218494,218021,473
31242001,30.6421,17.9899,490,50127,0.933496,0.65,2,218533,218043,490
31244921,13.4568,28.196,457,50169,0.943399,0.65,2,218535,218078,457
31472681,31.0128,29.9046,530,53347,0.94,1,2,220772,220242,530
31497501,335.205,356.962,493,24820,0.43,0.35,1,221310,220817,493
31539841,132.353,142.914,444,24905,0.0868,0,1,221563,221119,444
31542761,90.1411,89.5656,452,24990,0.05272,0.03,1,221625,221173,452
31545681,65.4564,71.8262,441,25075,0.039088,0.07,1,221674,221233,441
31548601,44.1826,50.3305,435,25160,0.0576352,0.01,1,221704,221269,435
31551521,34.473,37.5322,434,25244,0.0530541,0.03,1,221732,221298,434
31554441,52.7892,42.0129,454,25328,0.0392216,0.01,1,221797,221343,454
31557361,55.9157,49.8052,457,25412,0.0336887,0.03,1,221855,221398,457
31560281,54.7663,48.7221,463,25495,0.0194755,0,1,221909,221446,463
31563201,68.7065,59.6888,474,25578,0.0257902,0.03,1,221987,221513,474
31566121,63.4826,53.8755,484,25661,0.0283161,0.03,1,222047,221563,484
31569041,55.993,58.7502,473,25744,0.0173264,0.03,1,222098,221625,473
31571961,39.1972,52.9001,452,25826,0.0489306,0.07,1,222126,221674,452
31574881,33.0789,39.16,451,25908,0.0375722,0.05,1,222155,221704,451
31577801,52.8316,32.464,489,25990,0.0330289,0.03,1,222221,221732,489
31580721,55.3326,51.9856,481,26072,0.0192116,0.03,1,222278,221797,481
31583641,53.933,55.5942,476,26153,0.00768462,0.01,1,222331,221855,476
31586561,68.9732,54.6377,501,26234,0.0210738,0.03,1,222410,221909,501
31589481,62.9893,68.6551,482,26315,0.0264295,0.03,1,222469,221987,482
31592401,55.7957,63.462,473,26396,0.0165718,0.01,1,222520,222047,473
31595321,40.3183,55.9848,452,26476,0.0366287,0.07,1,222550,222098,452
31598241,32.3273,39.1939,451,26556,0.0326515,0.03,1,222577,222126,451
31601161,52.5309,33.0776,488,26636,0.0310606,0.03,1,222643,222155,488
31604081,55.2124,52.831,479,26716,0.0904242,0.01,1,222700,222221,479
31607001,54.4849,55.3324,476,26795,0.0541697,0,1,222754,222278,476
31609921,70.394,53.933,504,26874,0.0636679,0.03,1,222835,222331,504
31612841,29.3576,68.9732,427,26953,0.0674672,0.03,1,222837,222410,427
31615761,44.743,62.9893,423,27032,0.0929869,0.01,1,222892,222469,423
31618681,49.0972,55.7957,424,27110,0.0431947,0.05,1,222944,222520,424
31621601,37.6389,40.3183,424,27188,0.0472779,0.03,1,222974,222550,424
31624521,30.6556,32.3273,423,27266,0.0489112,0.03,1,223000,222577,423
31627441,51.8622,52.5309,423,27344,0.0375645,0.13,1,223066,222643,423
31630361,57.3449,55.2124,427,27421,0.0570258,0.03,1,223127,222700,427
31633281,52.938,54.4849,423,27498,0.0528103,0.07,1,223177,222754,423
31636201,71.5752,70.394,426,27575,0.0631241,0.07,1,223261,222835,426
31639121,29.8301,29.3576,426,27652,0.0672496,0.11,1,223263,222837,426
31644961,47.1328,49.0972,422,27805,0.0719599,0.05,1,223366,222944,422
31647881,36.8531,37.6389,422,27881,0.070784,0.05,1,223396,222974,422
31650801,31.5412,30.6556,424,27957,0.0943136,0.03,1,223424,223000,424
31653721,51.6165,51.8622,423,28033,0.0797254,0.07,1,223489,223066,423
31656641,57.2466,57.3449,423,28109,0.0738902,0.05,1,223550,223127,423
31659561,52.2986,52.938,422,28184,0.0955561,0.07,1,223599,223177,422
31662481,73.1195,71.5752,425,28259,0.0802224,0.07,1,223686,223261,425
31665401,30.4478,29.8301,425,28334,0.098089,0.13,1,223688,223263,425
31668321,45.1791,44.332,426,28409,0.0692356,0.13,1,223743,223317,426
31685841,53.5059,56.9742,475,28854,0.210564,0.11,1,224025,223550,475
31688761,72.4024,52.1897,511,28927,0.258226,0.07,1,224110,223599,511
31691681,30.161,73.0759,426,29000,0.27729,0.11,1,224112,223686,426
31694601,44.4644,30.4303,478,29073,0.296916,0.05,1,224166,223688,478
31703361,33.8537,36.3875,458,29291,0.415723,0.13,1,224276,223818,458
31706281,52.5415,33.155,492,29363,0.424289,0.15,1,224341,223849,492
31709201,59.4166,51.662,492,29435,0.427716,0.21,1,224405,223913,492
31761761,30.3811,29.7891,451,30704,0.781993,0.59,2,225170,224719,451
31764681,51.1525,50.9157,451,30773,0.786797,0.67,2,225235,224784,451
31796801,62.2502,48.469,529,31521,0.906605,0.85,2,225764,225235,529
31799721,57.3001,58.9876,517,31588,0.932642,0.87,2,225818,225301,517
31907761,43.7909,36.1216,495,33978,0.9244,1,2,227499,227004,495
31928201,63.4861,58.8194,543,34412,0.425929,1,1,227804,227261,543
31934041,49.7578,54.1711,517,34534,0.254149,1,1,227894,227377,517
31942801,34.8885,43.763,498,34717,0.0664255,0.83,1,227997,227499,498
31945721,33.1554,38.5052,495,34778,0.0445702,0.81,1,228029,227534,495
31948641,27.0622,36.4021,483,34839,0.0598281,0.69,1,228052,227569,483
31951561,19.2249,31.3608,469,34900,0.0539312,0.65,1,228066,227597,469
31954481,36.4899,23.3443,499,34961,0.0515725,0.59,1,228114,227615,499
31957401,56.596,40.5377,517,35021,0.062629,0.53,1,228184,227667,517
31960321,60.4384,58.2151,510,35081,0.0670516,0.33,1,228247,227737,510
31963241,43.3754,63.486,475,35141,0.0928206,0.25,1,228279,227804,475
31966161,43.1501,49.3944,478,35201,0.0911283,0.21,1,228322,227844,478
31972001,37.024,37.3031,466,35321,0.0877805,0.09,1,228389,227923,466
31980761,27.0415,33.1554,446,35501,0.086498,0.07,1,228475,228029,446
31983681,18.0166,27.0622,435,35561,0.0525992,0.05,1,228487,228052,435
31986601,37.2066,19.2249,471,35620,0.0390397,0.05,1,228537,228066,471
31989521,58.0827,36.4899,495,35679,0.0936159,0.07,1,228609,228114,495
32021641,36.5557,37.2066,423,36325,0.205751,0.13,1,228960,228537,423
32024561,59.6223,58.0827,426,36383,0.2323,0.13,1,229035,228609,426
32027481,25.0489,24.4331,426,36441,0.24292,0.19,1,229037,228611,426
32030401,49.0196,46.9732,429,36499,0.295168,0.17,1,229102,228673,429
32045001,35.5842,34.6426,431,36789,0.405983,0.17,1,229280,228849,431
32047921,30.4337,30.057,431,36846,0.432393,0.19,1,229307,228876,431
32050841,25.3735,25.2228,431,36903,0.430957,0.21,1,229329,228898,431
32053761,18.5494,17.8891,432,36960,0.430383,0.21,1,229343,228911,432
32129681,60.8828,38.1032,525,38418,0.752641,0.57,2,230361,229836,525
32132601,25.5531,60.8413,451,38473,0.763056,0.57,2,230363,229912,451
32135521,54.0213,25.5365,522,38528,0.779222,0.65,2,230436,229914,522
32153041,35.9164,36.9004,456,38857,0.902176,0.69,2,230626,230170,456
32155961,29.9665,30.3602,456,38911,0.90687,0.69,2,230652,230196,456
32158881,26.3866,26.5441,456,38965,0.908748,0.69,2,230676,230220,456
32161801,18.9546,19.0176,456,39019,0.945499,0.75,2,230690,230234,456
32164721,40.5819,38.2071,460,39073,0.9242,0.77,2,230745,230285,460
32269841,31.0354,33.2592,501,40975,0.93952,1,2,232060,231559,501
32272761,32.8141,31.9037,504,41027,0.945808,1,2,232094,231590,504
32290281,38.4591,46.3771,510,41333,0.797842,1,2,232352,231842,510
32293201,33.9837,43.1509,500,41384,0.781137,1,2,232383,231883,500
32307801,25.355,32.5884,479,41639,0.901212,0.9,2,232509,232030,479
32310721,28.142,31.0354,479,41690,0.930485,0.95,2,232539,232060,479
32313641,31.0568,32.8141,478,41741,0.906194,1,2,232572,232094,478
32319481,28.3691,30.8103,472,41843,0.940591,0.81,2,232629,232157,472
32322401,52.7476,57.9241,465,41893,0.934236,0.81,2,232698,232233,465
32325321,39.0991,42.3696,463,41943,0.931695,0.79,2,232728,232265,463
32468401,24.9616,28.8025,496,44341,0.78856,1,2,234372,233876,496
32497601,38.2748,41.4979,467,44813,0.446697,0.82,1,234696,234229,467
32506361,27.4336,27.7599,465,44954,0.285149,0.89,1,234783,234318,465
32509281,27.7734,30.9039,460,45001,0.252059,0.73,1,234811,234351,460
32512201,23.7094,24.9616,460,45048,0.238824,0.63,1,234832,234372,460
32515121,26.8838,30.3846,455,45095,0.24553,0.71,1,234861,234406,455
32518041,29.3535,31.3539,454,45142,0.296212,0.67,1,234892,234438,454
32526801,19.5426,19.7426,451,45283,0.401758,0.57,1,234947,234496,451
32529721,29.417,31.2971,448,45330,0.442703,0.55,1,234983,234535,448
32629001,36.0799,37.3816,482,46883,0.752912,0.53,2,236030,235548,482
32631921,36.0319,35.3526,484,46928,0.787165,0.57,2,236066,235582,484
32661121,32.0657,21.0185,492,47378,0.909692,0.65,2,236327,235835,492
32664041,14.0263,31.8074,455,47422,0.921877,0.67,2,236329,235874,455
32812961,32.6632,38.4011,514,49638,0.921255,1,2,237875,237361,514
32815881,34.6653,34.5604,518,49680,0.902502,1,2,237911,237393,518
32856761,30.411,30.8951,501,50268,0.913876,0.93,2,238310,237809,501
32859681,31.3644,32.158,500,50310,0.92355,0.9,2,238342,237842,500
32862601,13.7458,32.6632,469,50352,0.92742,0.89,2,238344,237875,469
33068461,84.4093,76.1366,516,24440,0.447673,1,1,240536,240020,516
33071381,68.5637,77.2546,496,24527,0.437069,0.84,1,240594,240098,496
33074301,70.6255,60.3019,519,24613,0.444828,0.79,1,240666,240147,519
33080141,24.9801,39.8883,462,24785,0.441972,0.59,1,240705,240243,462
33112261,57.6731,67.4669,495,25710,0.752983,0.51,2,241344,240849,495
33132701,73.748,43.9526,549,26281,0.784635,0.75,2,241754,241205,549
33234901,41.5196,51.4494,509,28967,0.946,1,2,243597,243088,509
33255341,34.2869,53.6182,500,29475,0.0648043,1,1,243986,243486,500
33258261,37.1148,35.2473,516,29547,0.0679217,1,1,244025,243509,516
33261181,49.0459,42.2989,526,29619,0.0571687,0.91,1,244082,243556,526
33264101,41.2184,41.5196,521,29690,0.0408675,1,1,244118,243597,521
33267021,38.0873,49.0078,503,29761,0.022347,1,1,244154,243651,503
33269941,63.2349,41.2031,547,29832,0.0389388,0.73,1,244234,243687,547
33272861,26.494,71.0813,458,29903,0.0455755,0.45,1,244236,243778,458
33275781,48.9976,75.2325,444,29974,0.0482302,0.21,1,244300,243856,444
33278701,39.999,58.293,431,30045,0.0732921,0,1,244334,243903,431
33281621,51.9996,64.7172,422,30115,0.0293168,0.01,1,244394,243972,422
33284541,29.1998,34.2869,422,30185,0.0177267,0.07,1,244408,243986,422
33287461,35.0799,37.1148,422,30255,0.0250907,0.05,1,244447,244025,422
33290381,50.032,49.0459,425,30325,0.0400363,0.03,1,244507,244082,425
33293301,39.8128,41.2184,422,30395,0.0580145,0.01,1,244540,244118,422
33296221,39.3251,38.0873,425,30465,0.0412058,0.05,1,244579,244154,425
33299141,63.73,63.2349,425,30534,0.0344823,0.05,1,244659,244234,425
33302061,26.692,26.494,425,30603,0.0317929,0.05,1,244661,244236,425
33304981,47.2768,48.9976,422,30672,0.0547172,0.09,1,244722,244300,422
33307901,40.5107,39.999,424,30741,0.0758869,0,1,244758,244334,424
33310821,51.0043,51.9996,422,30810,0.0303547,0.01,1,244816,244394,422
33313741,28.8017,29.1998,422,30879,0.0181419,0.03,1,244830,244408,422
33316661,34.9207,35.0799,422,30948,0.0252568,0.05,1,244869,244447,422
33319581,51.1683,50.032,424,31016,0.0161027,0.07,1,244931,244507,424
33322501,39.0673,39.8128,422,31084,0.0364411,0.03,1,244962,244540,422
33325421,39.0269,39.3251,422,31152,0.0205764,0.03,1,245001,244579,422
33328341,64.2108,63.73,423,31220,0.0622306,0.03,1,245082,244659,423
33331261,26.8843,26.692,423,31288,0.0788922,0.03,1,245084,244661,423
33334181,47.3537,10.6768,484,31356,0.0975569,0.07,1,245145,244661,484
33337101,41.1415,40.8707,460,31423,0.0810228,0.09,1,245182,244722,460
33340021,49.4566,37.9483,479,31490,0.0504091,0,1,245237,244758,479
33342941,28.1826,49.9793,435,31557,0.0381636,0.01,1,245251,244816,435
33345861,34.6731,28.3917,460,31624,0.0332655,0.03,1,245290,244830,460
33348781,52.2692,34.7567,485,31691,0.0433062,0.01,1,245354,244869,485
33351701,38.3077,51.1027,452,31758,0.0593225,0.05,1,245383,244931,452
33354621,38.7231,39.0411,460,31825,0.065729,0.01,1,245422,244962,460
33357541,65.2892,39.0164,504,31891,0.0562916,0.09,1,245505,245001,504
33360461,27.3157,64.2066,425,31957,0.0525166,0.09,1,245507,245082,425
33363381,48.1263,26.8826,485,32023,0.0750067,0.11,1,245569,245084,485
33372141,26.8641,49.4565,435,32221,0.21768,0.03,1,245672,245237,435
33383821,38.8093,38.3077,462,32483,0.0973006,0.07,1,245845,245383,462
33401341,40.5732,47.6602,433,32872,0.21319,0.25,1,246092,245659,433
33404261,21.0293,26.8641,428,32936,0.223276,0.07,1,246100,245672,428
33407181,30.0117,34.1456,425,33000,0.20331,0.09,1,246136,245711,425
33410101,51.0047,52.0583,426,33064,0.243324,0.11,1,246201,245775,426
33413021,40.8019,40.0233,428,33128,0.27133,0.09,1,246235,245807,428
33415941,38.5207,38.8093,427,33192,0.294532,0.17,1,246272,245845,427
33448061,38.7757,38.5207,435,33887,0.419556,0.33,1,246707,246272,435
33450981,67.7103,67.0083,436,33949,0.437823,0.29,1,246794,246358,436
33453901,28.2841,28.0033,436,34011,0.445129,0.37,1,246796,246360,436
33506461,54.7831,30.8585,517,35113,0.781573,0.57,2,247523,247006,517
33518141,28.6568,68.0332,451,35353,0.91468,0.57,2,247686,247235,451
33521061,54.6627,28.4133,521,35413,0.947872,0.61,2,247758,247237,521
33696261,51.4888,48.7209,490,38832,0.945158,1,2,250097,249607,490
33702101,37.8782,38.3954,483,38940,0.795625,1,2,250174,249691,483
33719621,29.1393,37.1449,480,39264,0.424428,1,1,250370,249890,480
33722541,32.6557,34.658,482,39318,0.415771,0.98,1,250405,249923,482
33725461,36.4623,34.2632,487,39372,0.424309,1,1,250444,249957,487
33807221,40.7549,21.9006,501,40846,0.797325,0.57,2,251404,250903,501
33818901,45.2945,32.9895,504,41053,0.940427,0.65,2,251575,251071,504
33959061,34.0162,29.8011,521,43452,0.939232,1,2,253198,252677,521
33973661,36.6978,31.582,519,43694,0.777704,1,2,253367,252848,519
33976581,36.2791,38.4328,512,43742,0.761082,1,2,253403,252891,512
33979501,31.9116,29.1731,518,43790,0.766433,1,2,253432,252914,518
34005781,31.0105,37.0065,496,44222,0.775068,0.91,2,253733,253237,496
34008701,31.6042,30.4026,502,44270,0.784027,0.89,2,253765,253263,502
34029141,33.8531,37.5059,457,44602,0.926931,0.61,2,253976,253519,457
34032061,31.5412,32.4023,458,44649,0.940772,0.69,2,254006,253548,458
34034981,27.6165,28.5609,457,44696,0.946309,0.75,2,254031,253574,457
34248141,35.687,32.6382,500,48017,0.9268,1,2,256331,255831,500
34251061,34.6748,35.8553,496,48061,0.79672,1,2,256365,255869,496
34259821,32.4352,17.1507,524,48193,0.44867,1,1,256457,255933,524
34315301,287.724,343.938,421,21900,0.0827149,0.03,1,256974,256553,421
34318221,169.09,177.775,444,22724,0.087086,0.01,1,257064,256620,444
34321141,101.836,99.91,453,22817,0.0768344,0.01,1,257121,256668,453
34324061,77.3343,78.364,450,22910,0.0307337,0.03,1,257182,256732,450
34326981,82.5337,87.7456,442,23003,0.0422935,0.07,1,257268,256826,442
34329901,48.6135,60.8982,425,23095,0.0469174,0.03,1,257294,256869,425
34332821,59.0454,49.5593,449,23187,0.048767,0.01,1,257360,256911,449
34335741,37.4182,36.6237,444,23278,0.0375068,0.03,1,257383,256939,444
34338661,77.3673,35.6495,513,23369,0.0330027,0.09,1,257487,256974,513
34341581,64.5469,68.2598,479,23460,0.0312011,0.07,1,257543,257064,479
34344501,62.4188,61.5039,483,23550,0.0304804,0,1,257604,257121,483
34347421,76.5675,61.2016,508,23640,0.0421922,0.05,1,257690,257182,508
34350341,47.427,76.0806,450,23730,0.0468769,0.05,1,257718,257268,450
34353261,56.7708,46.0322,487,23819,0.0607507,0.05,1,257781,257294,487
34362021,67.8093,77.2021,424,24085,0.065568,0.03,1,257911,257487,424
34364941,60.1237,64.4808,423,24173,0.0322272,0.03,1,257966,257543,423
34367861,60.6495,62.3923,423,24261,0.0428909,0.05,1,258027,257604,423
34370781,75.8598,76.5569,423,24348,0.0351564,0.05,1,258113,257690,423
34373701,47.1439,47.4228,423,24435,0.0320625,0.07,1,258141,257718,423
34376621,57.8576,56.7691,425,24522,0.066825,0.13,1,258206,257781,425
34382461,17.4172,16.5231,428,24694,0.095892,0.03,1,258237,257809,428
34385381,64.5669,67.8092,422,24780,0.0563568,0.01,1,258333,257911,422
34388301,58.8268,60.1237,422,24866,0.0285427,0.05,1,258388,257966,422
34391221,60.1307,60.6495,422,24951,0.0174171,0.03,1,258449,258027,422
34394141,75.6523,75.8598,422,25036,0.0369668,0.03,1,258535,258113,422
34397061,47.0609,47.1439,422,25121,0.0567867,0.09,1,258563,258141,422
34399981,59.0244,57.8576,424,25205,0.0767147,0.13,1,258630,258206,424
34402901,42.2097,40.543,426,25289,0.0726859,0.09,1,258661,258235,426
34405821,18.0839,17.4172,426,25373,0.0710744,0.03,1,258663,258237,426
34408741,62.4336,64.5669,422,25457,0.0584297,0.03,1,258755,258333,422
34411661,57.3734,25.8268,476,25540,0.0533719,0.01,1,258809,258333,476
34414581,59.5494,43.3307,482,25623,0.0393488,0.01,1,258870,258388,482
34417501,76.0197,53.9323,508,25706,0.0577395,0.05,1,258957,258449,508
34420421,47.2079,73.1729,450,25788,0.0530958,0.07,1,258985,258535,450
34423341,59.6832,46.0692,490,25870,0.0392383,0.09,1,259053,258563,490
34426261,41.8733,58.6277,453,25952,0.0456953,0.07,1,259083,258630,453
34429181,17.9493,42.0511,424,26034,0.0482781,0.07,1,259085,258661,424
34437941,58.5808,57.3633,482,26277,0.0729298,0.03,1,259291,258809,482
34440861,77.4323,59.5453,511,26358,0.0591719,0.07,1,259381,258870,511
34443781,47.1729,76.0181,451,26438,0.0656688,0.05,1,259408,258957,451
34446701,59.0692,47.2072,490,26518,0.0922675,0.03,1,259475,258985,490
34484661,58.6102,56.9714,431,27538,0.202629,0.15,1,260088,259657,431
34487581,55.8441,55.7885,430,27615,0.231052,0.15,1,260142,259712,430
34490501,23.5376,23.5154,430,27692,0.242421,0.13,1,260144,259714,430
34493421,61.6151,64.0062,426,27768,0.282968,0.13,1,260231,259805,426
34496341,41.446,42.4025,426,27844,0.299187,0.15,1,260259,259833,426
34510941,60.3265,58.6102,433,28222,0.425992,0.25,1,260521,260088,433
34513861,57.1306,55.8441,434,28297,0.440397,0.25,1,260576,260142,434
34516781,24.0522,23.5376,434,28372,0.446159,0.25,1,260578,260144,434
34560581,72.2576,18.8165,554,29471,0.767395,0.59,2,261357,260803,554
34563501,63.703,69.9266,508,29543,0.780958,0.63,2,261415,260907,508
34581021,51.7872,61.0247,457,29970,0.911925,0.71,2,261672,261215,457
34589781,74.6664,72.2576,462,30181,0.927403,0.79,2,261819,261357,462
34837981,28.3053,29.2798,518,35648,0.930832,1,2,265630,265112,518
34846741,56.6755,64.5139,494,35825,0.772613,1,2,265762,265268,494
34934341,34.5841,43.6199,478,37555,0.754147,0.59,2,266927,266449,478
34937261,27.0336,34.248,472,37611,0.775659,0.63,2,266949,266477,472
34940181,26.4135,26.8992,476,37667,0.784264,0.59,2,266975,266499,476
34972301,27.821,34.5841,482,38280,0.917027,0.79,2,267409,266927,482
35134361,345.103,349.561,510,17520,0.406,1,1,269461,268951,510
35137281,201.641,204.624,508,18366,0.2044,0.77,1,269567,269059,508
35140201,138.256,148.45,493,18482,0.09976,0.61,1,269663,269170,493
35146041,71.201,100.792,456,18711,0.0891616,0.05,1,269791,269335,456
35148961,69.8804,88.9168,444,18824,0.0416646,0.15,1,269860,269416,444
35151881,42.3522,55.3667,435,18937,0.0586659,0.07,1,269884,269449,435
35154801,80.5409,92.9467,423,19049,0.0534663,0.03,1,269990,269567,423
35157721,90.4163,94.7787,424,19160,0.0753865,0.13,1,270087,269663,424
35160641,83.5665,84.1115,426,19271,0.0961546,0.07,1,270166,269740,426
35169401,40.8203,41.2391,425,19599,0.209914,0.07,1,270309,269884,425
35175241,91.6112,70.1983,522,19815,0.214786,0.09,1,270512,269990,522
35178161,84.6445,86.2793,505,19922,0.247914,0.11,1,270592,270087,505
35181081,65.6578,81.9117,479,20028,0.261166,0.11,1,270645,270166,479
35184001,68.2631,63.9647,497,20134,0.266466,0.23,1,270715,270218,497
35186921,41.7052,65.7859,454,20239,0.292587,0.23,1,270739,270285,454
35192761,94.2728,77.4857,534,20448,0.400814,0.25,1,270945,270411,534
35204441,42.2342,68.262,460,20860,0.438277,0.31,1,271175,270715,460
35233641,81.2513,77.967,452,21855,0.758729,0.65,2,271841,271389,452
35236561,82.3005,80.3868,453,21952,0.777492,0.71,2,271924,271471,453
35248241,83.4525,81.0707,459,22336,0.947696,0.75,2,272185,271726,459
35359201,74.8641,38.0855,574,25696,0.44318,1,1,274576,274002,574
35367961,48.5193,68.6295,508,25942,0.0804435,0.98,1,274730,274222,508
35370881,72.2077,50.2518,558,26024,0.0501774,0.83,1,274818,274260,558
35373801,49.8831,77.7007,497,26105,0.050071,0.63,1,274853,274356,497
35376721,41.5532,60.4803,484,26186,0.0380284,0.59,1,274889,274405,484
35379641,36.4213,46.3921,480,26267,0.0572114,0.49,1,274922,274442,480
35382561,67.9685,40.1568,533,26348,0.0528845,0.37,1,275011,274478,533
35385481,51.7874,74.8627,476,26428,0.0391538,0.23,1,275052,274576,476
35388401,59.115,55.7451,497,26508,0.0696615,0.05,1,275116,274619,497
35391321,45.846,67.298,459,26588,0.0338646,0.03,1,275153,274694,459
35394241,70.5384,48.5192,510,26668,0.0435458,0.03,1,275240,274730,510
35397161,49.8154,72.2077,458,26747,0.0474183,0.05,1,275276,274818,458
35400081,40.9261,49.8831,458,26826,0.0609673,0.03,1,275311,274853,458
35403001,37.9705,41.5532,458,26905,0.0423869,0.07,1,275347,274889,458
35405921,16.3882,36.4213,427,26984,0.0349548,0.05,1,275349,274922,427
35408841,58.7553,67.9685,425,27062,0.0319819,0.03,1,275436,275011,425
35411761,47.5021,51.7874,424,27140,0.0307928,0.09,1,275476,275052,424
35414681,56.2008,59.115,422,27218,0.0663171,0.01,1,275538,275116,422
35417601,45.2803,45.846,423,27296,0.0265268,0.05,1,275576,275153,423
35420521,70.3121,70.5384,423,27374,0.0286107,0.05,1,275663,275240,423
35423441,50.3249,49.8154,424,27451,0.0414443,0.07,1,275700,275276,424
35426361,40.5299,40.9261,423,27528,0.0825777,0.03,1,275734,275311,423
35429281,39.012,37.9705,425,27605,0.0390311,0.03,1,275772,275347,425
35432201,16.8048,16.3882,425,27682,0.0216124,0.03,1,275774,275349,425
35435121,57.7219,58.7553,423,27759,0.062645,0.03,1,275859,275436,423
35446801,69.9017,70.3121,422,28063,0.0663557,0.05,1,276085,275663,422
35449721,51.3607,50.3249,424,28138,0.0685423,0.11,1,276124,275700,424
35452641,41.5443,40.5299,425,28213,0.0694169,0.01,1,276159,275734,425
35455561,37.6177,39.012,422,28288,0.0697668,0.01,1,276194,275772,422
35458481,16.2471,16.8048,422,28363,0.0459067,0.01,1,276196,275774,422
35461401,58.6988,6.72192,509,28438,0.0603627,0.09,1,276283,275774,509
35464321,48.6795,53.6888,466,28512,0.0661451,0.13,1,276325,275859,466
35467241,57.2718,45.4755,489,28586,0.092458,0.11,1,276388,275899,489
35476001,50.9454,69.7984,461,28808,0.0843973,0.07,1,276546,276085,461
35478921,41.3782,51.3194,457,28881,0.0757589,0.07,1,276581,276124,457
35481841,37.5513,41.5277,457,28954,0.0963036,0.07,1,276616,276159,457
35502281,49.3248,67.3635,463,29462,0.207222,0.05,1,276969,276506,463
35505201,41.3299,50.9454,459,29534,0.220889,0.07,1,277005,276546,459
35508121,38.732,41.3782,461,29606,0.274355,0.11,1,277042,276581,461
35511041,16.6928,37.5513,428,29677,0.295742,0.11,1,277044,276616,428
35522721,47.0449,58.9501,430,29961,0.407843,0.19,1,277244,276814,430
35525641,41.018,45.78,430,30032,0.421137,0.17,1,277281,276851,430
35528561,65.6072,66.312,432,30102,0.438455,0.23,1,277363,276931,432
35584041,41.3948,19.6018,484,31411,0.761682,0.55,2,278170,277686,484
35607401,21.8241,51.2749,457,31946,0.904852,0.69,2,278521,278064,457
35610321,51.3296,21.71,526,32012,0.919941,0.73,2,278592,278066,526
35613241,43.3319,49.484,496,32078,0.925976,0.79,2,278630,278134,496
35730041,43.8801,56.771,509,34617,0.93719,1,2,280408,279899,509
35735881,45.3008,35.9634,522,34739,0.92395,1,2,280491,279969,522
35741721,38.4481,48.2341,505,34861,0.763432,1,2,280573,280068,505
35762161,40.7849,58.7003,504,35283,0.439279,0.97,1,280878,280374,504
35765081,36.114,43.8801,503,35343,0.421712,0.85,1,280911,280408,503
35773841,34.0873,48.1203,485,35523,0.42611,0.71,1,281026,280541,485
35823481,32.9648,32.6867,446,36521,0.75255,0.53,2,281638,281192,446
35826401,28.7859,28.6747,446,36579,0.77502,0.61,2,281664,281218,446
35846841,56.9213,57.1265,457,36981,0.900474,0.75,2,281998,281541,457
35849761,41.3685,41.4506,457,37038,0.90619,0.71,2,282029,281572,457
35855601,21.499,20.9121,458,37152,0.91179,0.73,2,282055,281597,458
35858521,34.3996,8.36484,501,37209,0.946716,0.77,2,282098,281597,501
35861441,29.3598,27.9459,486,37266,0.936686,0.79,2,282124,281638,486
35864361,62.1439,26.7784,544,37323,0.944675,0.83,2,282208,281664,544
35867281,43.4576,59.9113,493,37380,0.93587,0.89,2,282239,281746,493
36022041,33.3194,29.0709,540,40267,0.403711,1,1,284256,283716,540
36027881,32.2111,43.8913,517,40371,0.260194,1,1,284323,283806,517
36030801,51.8844,39.1565,546,40423,0.230078,1,1,284388,283842,546
36039561,25.1606,36.178,491,40579,0.049045,1,1,284470,283979,491
36042481,30.4642,27.6712,503,40631,0.037618,1,1,284504,284001,503
36045401,30.7857,31.4685,500,40683,0.0450472,0.94,1,284535,284035,500
36048321,26.7143,34.1874,488,40735,0.0600189,0.85,1,284559,284071,488
36051241,34.6857,30.475,500,40787,0.0660076,0.61,1,284599,284099,500
36071681,38.8182,51.8844,460,41148,0.202548,0.17,1,284848,284388,460
36074601,29.9273,41.7538,449,41199,0.219019,0.05,1,284872,284423,449
36077521,23.9709,32.9015,442,41250,0.201608,0.01,1,284892,284450,442
36089201,35.8313,26.7143,466,41454,0.206041,0.07,1,285025,284559,466
36092121,35.3325,34.6857,461,41505,0.220416,0.13,1,285060,284599,461
36095041,15.333,34.8743,428,41556,0.226167,0.13,1,285062,284634,428
36097961,22.9332,30.1497,429,41607,0.252467,0.11,1,285090,284661,429
36100881,28.9733,32.4599,428,41658,0.286987,0.13,1,285123,284695,428
36112561,40.6873,38.8182,434,41861,0.402819,0.23,1,285282,284848,434
36115481,30.0749,29.9273,433,41911,0.419128,0.19,1,285305,284872,433
36118401,21.63,23.9709,429,41961,0.425651,0.15,1,285321,284892,429
36121321,30.852,29.9884,432,42011,0.44026,0.17,1,285358,284926,432
36124241,31.5408,31.1953,432,42061,0.446104,0.17,1,285390,284958,432
36130081,36.8465,35.8313,433,42161,0.446977,0.23,1,285458,285025,433
36133001,36.9386,35.3325,435,42211,0.436791,0.23,1,285495,285060,435
36135921,15.9754,15.333,435,42261,0.444716,0.27,1,285497,285062,435
36138841,23.1902,22.9332,435,42311,0.447886,0.31,1,285525,285090,435
36141761,30.2761,28.9733,437,42361,0.449155,0.33,1,285560,285123,437
36226441,35.4109,29.6967,492,43783,0.769182,0.67,2,286495,286003,492
36229361,29.1644,34.6787,479,43831,0.793673,0.71,2,286520,286041,479
36246881,32.5275,32.1312,487,44119,0.925659,0.69,2,286739,286252,487
36398721,29.8307,28.5984,515,46541,0.926771,0.97,2,288388,287873,515
36407481,31.7412,23.4303,528,46676,0.901953,1,2,288482,287954,528
36635241,65.0876,61.4666,510,23640,0.755027,0.47,2,291372,290862,510
36638161,46.435,64.1867,478,23730,0.776011,0.49,2,291406,290928,478
36641081,30.574,45.4747,465,23819,0.784404,0.51,2,291426,290961,465
36644001,54.2296,29.5899,516,23908,0.799762,0.55,2,291496,290980,516
36652761,91.7427,93.2618,459,24173,0.912545,0.77,2,291718,291259,459
36766641,40.8877,31.7189,502,27384,0.75016,1,2,293908,293406,502
36790001,39.8681,51.2192,453,27996,0.0972887,0.69,1,294327,293874,453
36792921,33.3473,40.8877,448,28072,0.0809155,0.33,1,294356,293908,448
36795841,55.3389,65.5551,436,28147,0.0623662,0.19,1,294426,293990,436
36822121,54.5964,33.1009,492,28817,0.204392,0.05,1,294848,294356,492
36830881,40.5502,50.1185,459,29036,0.217801,0.17,1,295012,294553,459
36833801,58.2201,39.2474,497,29109,0.23712,0.15,1,295082,294585,497
36836721,40.088,55.899,458,29182,0.244848,0.11,1,295110,294652,458
36839641,29.8352,40.3596,451,29255,0.259939,0.17,1,295133,294682,451
36842561,40.1341,29.9438,475,29327,0.289976,0.19,1,295180,294705,475
36854241,51.5666,82.4386,460,29615,0.405583,0.21,1,295409,294949,460
36857161,41.6267,50.3754,466,29686,0.444233,0.23,1,295444,294978,466
36906801,56.4324,55.0564,453,30875,0.773021,0.69,2,296170,295717,453
36930161,41.1988,16.0724,511,31419,0.914992,0.75,2,296526,296015,511
36933081,35.6795,38.229,490,31486,0.935997,0.75,2,296558,296068,490
36936001,57.4718,33.8916,531,31553,0.944399,0.79,2,296630,296099,531
36938921,85.9887,56.1566,565,31620,0.935759,0.83,2,296735,296170,565
36941841,52.3955,85.4627,490,31687,0.932304,0.83,2,296765,296275,490
36944761,43.7582,52.1851,498,31754,0.942922,0.81,2,296803,296305,498
37055721,37.4992,37.4937,503,34193,0.946,1,2,298488,297985,503
37058641,38.3997,29.9975,517,34255,0.9364,1,2,298527,298010,517
37067401,55.9056,80.0398,515,34441,0.77921,1,2,298687,298172,515
37082001,35.599,39.5201,507,34746,0.447554,1,1,298888,298381,507
37084921,31.0396,38.608,497,34807,0.425021,0.95,1,298916,298419,497
37090761,38.4463,37.4973,509,34929,0.414803,0.93,1,298997,298488,509
37166681,40.8415,40.0274,451,36469,0.764027,0.59,2,299977,299526,451
37169601,49.9366,48.411,453,36527,0.791611,0.69,2,300033,299580,453
37187121,30.2356,30.115,457,36873,0.907369,0.75,2,300260,299803,457
37190041,37.2943,37.246,457,36930,0.932947,0.67,2,300302,299845,457
37192961,37.7177,38.8984,455,36987,0.943179,0.73,2,300340,299885,455
37195881,36.0871,34.7594,458,37044,0.935272,0.73,2,300375,299917,458
37198801,15.6348,15.1037,458,37101,0.932109,0.79,2,300377,299919,458
37341881,34.1922,33.6136,494,39795,0.94,1,2,302288,301794,494
37347721,38.8308,42.5782,487,39901,0.9124,1,2,302352,301865,487
37353561,46.7729,39.5725,503,40007,0.773584,1,2,302455,301952,503
37404661,316.476,365.674,447,17520,0.267628,0.35,1,303066,302619,447
37407581,187.79,188.27,479,18366,0.257051,0.25,1,303168,302689,479
37410501,102.116,122.108,446,18482,0.27682,0.27,1,303213,302767,446
37413421,118.246,79.4431,524,18597,0.284728,0.15,1,303342,302818,524
37454301,64.1529,80.8792,500,20134,0.794371,0.59,2,304347,303847,500
37463061,66.0258,87.9283,502,20448,0.785,0.67,2,304551,304049,502
37480581,37.1133,90.0643,463,21063,0.905172,0.77,2,304964,304501,463
37483501,44.8453,66.0257,463,21164,0.932069,0.87,2,305014,304551,463
37632421,55.4701,85.3623,519,25778,0.0804356,1,1,308353,307834,519
37635341,46.188,62.9449,511,25860,0.0501742,1,1,308393,307882,511
37638261,57.4752,52.178,531,25942,0.0260697,0.94,1,308458,307927,531
37641181,71.5901,58.6712,549,26024,0.0164279,0.71,1,308539,307990,549
37644101,53.836,81.0685,495,26105,0.0485712,0.53,1,308581,308086,495
37647021,41.9344,63.0274,478,26186,0.0374285,0.41,1,308615,308137,478
37649941,32.9738,49.211,465,26267,0.0449714,0.29,1,308642,308177,465
37652861,67.1895,40.6844,520,26348,0.0239886,0.01,1,308732,308212,520
37655781,52.0758,75.6738,463,26428,0.0155954,0.03,1,308774,308311,463
37658701,46.0303,55.4695,463,26508,0.0482382,0.03,1,308816,308353,463
37661621,56.2121,46.1878,486,26588,0.0492953,0.01,1,308879,308393,486
37664541,71.0849,57.4751,502,26668,0.0377181,0.01,1,308960,308458,502
37667461,54.8339,71.59,465,26747,0.0330872,0.07,1,309004,308539,465
37670381,42.3336,53.836,457,26826,0.0792349,0.03,1,309038,308581,457
37673301,33.1334,41.9344,450,26905,0.097694,0.05,1,309065,308615,450
37679141,58.5814,67.1895,423,27062,0.072031,0.01,1,309155,308732,423
37682061,48.0325,52.0758,422,27140,0.0468124,0.07,1,309196,308774,422
37684981,45.013,46.0303,423,27218,0.048725,0.05,1,309239,308816,423
37687901,56.4052,56.2121,424,27296,0.07349,0.03,1,309303,308879,424
37690821,71.7621,71.0849,425,27374,0.059396,0.03,1,309385,308960,425
37693741,55.1048,54.8339,425,27451,0.0297584,0.11,1,309429,309004,425
37696661,44.8419,42.3336,429,27528,0.0419034,0.11,1,309467,309038,429
37699581,33.5368,33.1334,428,27605,0.0827613,0.11,1,309493,309065,428
37702501,14.6147,14.4534,428,27682,0.0991045,0.05,1,309495,309067,428
37708341,46.2584,48.0325,422,27835,0.0722567,0.05,1,309618,309196,422
37711261,44.3033,45.013,422,27911,0.0349027,0.09,1,309661,309239,422
37714181,56.1213,56.4052,422,27987,0.0199611,0.05,1,309725,309303,422
37717101,71.6485,71.7621,422,28063,0.0259844,0.01,1,309807,309385,422
37720021,55.0594,55.1048,422,28138,0.0403938,0.05,1,309851,309429,422
37722941,46.6238,44.8419,425,28213,0.0341575,0.11,1,309892,309467,425
37725861,35.4495,33.5368,427,28288,0.043663,0.11,1,309920,309493,427
37728781,15.3798,14.6147,427,28363,0.0234652,0.11,1,309922,309495,427
37731701,55.3519,5.84588,509,28438,0.0513861,0.11,1,310004,309495,509
37734621,43.1408,52.1384,461,28512,0.0985544,0.05,1,310039,309578,461
37737541,43.0563,44.8553,464,28586,0.0454218,0.01,1,310082,309618,464
37740461,55.6225,43.7421,485,28660,0.0361687,0.01,1,310146,309661,485
37743381,72.649,55.8969,505,28734,0.0204675,0.03,1,310230,309725,505
37746301,54.2596,71.5587,465,28808,0.014187,0.05,1,310272,309807,465
37749221,46.3038,55.0235,462,28881,0.0356748,0.03,1,310313,309851,462
37752141,35.9215,46.6094,450,28954,0.0682699,0.05,1,310342,309892,450
37755061,15.5686,35.4438,424,29027,0.057308,0.01,1,310344,309920,424
37757981,56.6274,15.3775,506,29100,0.0529232,0.07,1,310428,309922,506
37760901,44.251,55.351,460,29173,0.0391693,0.13,1,310464,310004,460
37763821,42.3004,43.1404,466,29246,0.0696677,0.01,1,310505,310039,466
37766741,54.7202,43.0562,486,29318,0.0578671,0.03,1,310568,310082,486
37769661,72.2881,55.6225,506,29390,0.0531468,0.01,1,310652,310146,506
37772581,54.1152,72.649,464,29462,0.0212587,0.01,1,310694,310230,464
37775501,46.2461,54.2596,463,29534,0.0385035,0.05,1,310735,310272,463
37778421,36.4984,46.3038,452,29606,0.0454014,0.09,1,310765,310313,452
37781341,15.7994,35.9215,425,29677,0.0481606,0.05,1,310767,310342,425
37784261,57.3198,15.5686,508,29748,0.0852642,0.05,1,310852,310344,508
37795941,49.525,54.7202,424,30032,0.222167,0.05,1,310992,310568,424
37798861,70.21,72.2881,424,30102,0.238867,0,1,311076,310652,424
37819301,18.8323,18.5312,427,30590,0.217183,0.23,1,311315,310888,427
37822221,36.3329,33.8125,431,30659,0.212873,0.25,1,311363,310932,431
37825141,52.3332,49.525,434,30728,0.223149,0.25,1,311426,310992,434
37828061,68.9333,70.21,430,30797,0.22726,0.09,1,311506,311076,430
37830981,49.1733,52.084,426,30866,0.252904,0.11,1,311542,311116,426
37833901,45.4693,46.0336,427,30935,0.239162,0.09,1,311585,311158,427
37836821,36.1877,37.0134,426,31003,0.269665,0.13,1,311615,311189,426
37839741,15.6751,16.0054,426,31071,0.257866,0.17,1,311617,311191,426
37842661,62.07,59.2022,431,31139,0.277146,0.23,1,311710,311279,431
37845581,45.228,44.0809,431,31207,0.272859,0.23,1,311744,311313,431
37848501,19.2912,18.8323,431,31275,0.271143,0.21,1,311746,311315,431
37851421,35.9165,36.3329,430,31343,0.258457,0.21,1,311793,311363,430
37860181,49.3387,65.4453,468,31545,0.416621,0.27,1,311974,311506,468
37863101,46.1355,47.7781,476,31612,0.436649,0.23,1,312018,311542,476
37866021,36.4542,44.9112,463,31679,0.444659,0.29,1,312048,311585,463
37868941,15.7817,35.9645,435,31746,0.447864,0.25,1,312050,311615,435
37871861,62.1127,15.5858,526,31813,0.449145,0.29,1,312143,311617,526
37874781,45.8451,62.0343,468,31880,0.449658,0.27,1,312178,311710,468
37877701,19.538,45.2137,436,31946,0.449863,0.27,1,312180,311744,436
37918581,62.2092,72.8664,449,32861,0.782398,0.57,2,312829,312380,449
37921501,47.6837,51.3466,450,32925,0.798959,0.57,2,312867,312417,450
37936101,45.9481,45.8656,452,33245,0.914527,0.61,2,313073,312621,452
37939021,19.5792,19.5463,452,33309,0.923811,0.65,2,313075,312623,452
37941941,37.8317,36.0185,455,33372,0.939524,0.69,2,313125,312670,455
37944861,57.1327,55.8074,456,33435,0.94581,0.69,2,313195,312739,456
37947781,24.0531,23.523,456,33498,0.948324,0.85,2,313197,312741,456
38093781,35.0379,32.8868,495,36521,0.447844,1,1,315330,314835,495
38096701,32.0152,31.7547,494,36579,0.425138,1,1,315360,314866,494
38105461,30.681,30.6403,486,36753,0.222329,1,1,315473,314987,486
38137581,34.9496,42.6584,467,37380,0.250182,0.29,1,315879,315412,467
38140501,27.7798,38.6634,454,37437,0.286073,0.15,1,315902,315448,454
38146341,53.5248,33.7861,494,37549,0.294172,0.13,1,316003,315509,494
38152181,48.644,29.7658,489,37661,0.288267,0.15,1,316077,315588,489
38187221,48.9419,28.6099,498,38329,0.424661,0.27,1,316513,316015,498
38251461,28.868,27.247,454,39525,0.779409,0.71,2,317230,316776,454
38254381,32.5472,31.2988,455,39578,0.785764,0.69,2,317265,316810,455
38257301,55.0189,55.1195,454,39631,0.788306,0.65,2,317335,316881,454
38260221,28.0075,28.0478,454,39684,0.789322,0.63,2,317345,316891,454
38263141,50.803,51.4191,453,39737,0.789729,0.67,2,317411,316958,453
38266061,39.5212,39.7676,453,39790,0.789891,0.65,2,317443,316990,453
38280661,14.4303,14.1871,457,40055,0.900245,0.71,2,317572,317115,457
38283581,38.7721,38.6748,457,40108,0.918098,0.71,2,317627,317170,457
38286501,38.3088,15.4699,495,40161,0.925239,0.75,2,317665,317170,495
38426661,33.3204,34.6062,483,42611,0.946,1,2,319373,318890,483
38452941,35.0558,11.2063,547,43053,0.26684,1,1,319688,319141,547
38464621,35.6302,47.3221,506,43249,0.0807031,1,1,319817,319311,506
38467541,32.2521,38.1288,504,43298,0.0862812,0.91,1,319847,319343,504
38470461,36.3008,33.2515,513,43347,0.0645125,0.98,1,319886,319373,513
38473381,34.9203,40.9006,501,43396,0.055805,0.95,1,319920,319419,501
38476301,28.9681,38.5602,489,43445,0.052322,0.85,1,319945,319456,489
38479221,33.7873,32.8241,497,43494,0.0509288,0.65,1,319982,319485,497
38482141,28.5149,37.7296,481,43543,0.0383715,0.59,1,320007,319526,481
38485061,25.206,35.4919,470,43591,0.0453486,0.47,1,320030,319560,470
38487981,23.8824,30.9967,465,43639,0.0721394,0.43,1,320053,319588,465
38490901,30.553,28.5987,473,43687,0.0708558,0.27,1,320088,319615,473
38493821,31.4212,33.6395,468,43735,0.0823423,0.21,1,320120,319652,468
38496741,25.7685,35.0558,454,43783,0.0629369,0.13,1,320142,319688,454
38499661,23.5074,30.2223,449,43831,0.0671748,0.13,1,320164,319715,449
38502581,32.203,27.6889,461,43879,0.0688699,0.11,1,320202,319741,461
38523021,28.6536,33.7873,448,44215,0.207294,0.03,1,320430,319982,448
38525941,25.8614,28.5149,447,44263,0.232917,0.05,1,320454,320007,447
38528861,24.7446,25.206,448,44311,0.231167,0.09,1,320478,320030,448
38531781,30.2978,23.8824,459,44359,0.230467,0.07,1,320512,320053,459
38534701,31.3191,30.553,456,44407,0.242187,0.09,1,320544,320088,456
38537621,25.1277,31.4212,445,44455,0.270875,0.05,1,320565,320120,445
38540541,11.2511,25.7685,425,44502,0.28235,0.07,1,320567,320142,425
38543461,18.3004,23.5074,426,44549,0.27494,0.07,1,320590,320164,426
38546381,30.1202,32.203,426,44596,0.295976,0.17,1,320628,320202,426
38593101,40.5157,38.4481,438,45348,0.405853,0.33,1,321110,320672,438
38645661,34.471,37.0503,477,46177,0.759955,0.49,2,321654,321177,477
38648581,29.9884,34.0201,472,46223,0.789982,0.53,2,321681,321209,472
38651501,34.1954,29.208,483,46269,0.789993,0.55,2,321718,321235,483
38686541,40.5812,33.9439,500,46811,0.904435,0.75,2,322081,321581,500
38689461,36.0325,38.1776,492,46856,0.907774,0.79,2,322114,321622,492
38692381,31.213,34.471,488,46901,0.92111,0.81,2,322142,321654,488
38695301,35.2852,29.9884,499,46946,0.938444,0.79,2,322180,321681,499
38912841,332.75,356.567,506,21900,0.418,1,1,324461,323955,506
38940581,210.08,196.851,484,22724,0.08488,0.01,1,324996,324512,484
38943501,123.632,136.34,454,22817,0.075952,0.05,1,325062,324608,454
38946421,92.0528,92.9361,461,22910,0.0483808,0.03,1,325133,324672,461
38949341,67.4211,76.7744,446,23003,0.0193523,0.01,1,325184,324738,446
38952261,74.3684,58.9098,478,23095,0.0377409,0.01,1,325263,324785,478
38955181,48.3474,65.5639,439,23187,0.0330964,0.01,1,325294,324855,439
38958101,46.339,43.0256,456,23278,0.0132385,0,1,325339,324883,456
38961021,65.9356,37.6102,501,23369,0.0112954,0.03,1,325418,324917,501
38963941,67.7742,62.4441,491,23460,0.0465182,0.07,1,325487,324996,491
38966861,69.7097,64.5776,496,23550,0.0486073,0.03,1,325558,325062,496
38969781,56.6839,68.4311,473,23640,0.0374429,0,1,325606,325133,473
38972701,70.0736,57.9724,501,23730,0.0569772,0.05,1,325685,325184,501
38975621,46.6294,70.589,453,23819,0.0407909,0.03,1,325716,325263,453
38978541,46.2518,46.8356,468,23908,0.0163163,0,1,325762,325294,468
38981461,19.7007,45.7342,425,23997,0.00652654,0.01,1,325764,325339,425
38984381,54.0803,65.6937,423,24085,0.00261061,0.07,1,325841,325418,423
38987301,63.0321,67.6775,423,24173,0.00704425,0.05,1,325910,325487,423
38990221,68.4128,69.671,424,24261,0.0088177,0.03,1,325982,325558,424
38993141,55.5651,56.6684,423,24348,0.0455271,0.07,1,326029,325606,423
38996061,71.4261,70.0674,426,24435,0.0602108,0.03,1,326111,325685,426
38998981,45.3704,46.6269,423,24522,0.0300843,0,1,326139,325716,423
39001901,45.1482,46.2508,422,24608,0.0120337,0,1,326184,325762,422
39004821,19.2593,19.7003,422,24694,0.00481349,0,1,326186,325764,422
39007741,53.9037,54.0801,422,24780,0.0199254,0.01,1,326263,325841,422
39010661,62.9615,63.032,422,24866,0.0139702,0.01,1,326332,325910,422
39013581,68.3846,68.4128,422,24951,0.0355881,0.07,1,326404,325982,422
39016501,56.7538,55.5651,424,25036,0.0322352,0.07,1,326453,326029,424
39019421,72.5015,71.4261,425,25121,0.0428941,0.01,1,326536,326111,425
39022341,44.0006,45.3704,422,25205,0.0351576,0,1,326561,326139,422
39025261,44.6002,45.1482,422,25289,0.0140631,0,1,326606,326184,422
39028181,19.0401,19.2593,422,25373,0.0236252,0.03,1,326608,326186,422
39031101,53.816,53.9037,422,25457,0.0154501,0.03,1,326685,326263,422
39034021,62.9264,21.5615,491,25540,0.02418,0.01,1,326754,326263,491
39036941,67.7706,50.0246,493,25623,0.027672,0.05,1,326825,326332,493
39039861,56.5082,63.2098,470,25706,0.0170688,0.03,1,326874,326404,470
39042781,72.4033,54.6839,504,25788,0.0608275,0.05,1,326957,326453,504
39045701,43.9613,71.6736,446,25870,0.078331,0.03,1,326982,326536,446
39048621,44.5845,43.6694,466,25952,0.0613324,0,1,327027,326561,466
39051541,19.0338,44.4678,423,26034,0.054533,0.03,1,327029,326606,423
39054461,53.8135,18.9871,498,26115,0.0518132,0.01,1,327106,326608,498
39057381,63.5254,53.7948,491,26196,0.0387253,0.03,1,327176,326685,491
39060301,68.0102,62.9179,493,26277,0.0574901,0.03,1,327247,326754,493
39063221,56.0041,67.7672,470,26358,0.088996,0.01,1,327295,326825,470
39080741,63.9851,53.8135,492,26836,0.076986,0.03,1,327598,327106,492
39083661,69.394,63.5254,495,26915,0.0967944,0.07,1,327671,327176,495
39139141,29.4731,29.506,427,28372,0.202508,0.15,1,328527,328100,427
39142061,42.3892,11.8024,478,28447,0.219003,0.15,1,328578,328100,478
39144981,69.1557,34.721,515,28521,0.237601,0.15,1,328665,328150,515
39147901,43.8623,66.0884,455,28595,0.257041,0.13,1,328692,328237,455
39150821,41.5449,42.6354,468,28669,0.264816,0.17,1,328732,328264,468
39153741,17.818,41.6541,429,28743,0.267926,0.17,1,328734,328305,429
39159581,62.0109,50.9447,497,28890,0.411268,0.21,1,328877,328380,497
39162501,71.6044,61.1779,507,28963,0.446507,0.19,1,328955,328448,507
39197541,73.3845,43.7367,537,29828,0.766374,0.57,2,329547,329010,537
39200461,30.5538,70.2947,451,29899,0.79255,0.59,2,329549,329098,451
39229661,31.7736,30.5538,462,30599,0.914515,0.81,2,330011,329549,462
39232581,29.5094,29.0215,462,30668,0.923806,0.81,2,330039,329577,462
39394641,333.798,374.81,459,14600,0.414851,0.55,1,332605,332146,459
39397561,211.519,211.724,486,14746,0.21994,0.17,1,332735,332249,486
39403401,105.723,120.036,443,15033,0.0723905,0.03,1,332925,332482,443
39406321,66.2892,83.4143,424,15174,0.0829562,0.05,1,332965,332541,424
39409241,63.1157,41.7657,471,15314,0.0631825,0.09,1,333026,332555,471
39412161,106.246,124.706,426,15453,0.091273,0.13,1,333161,332735,426
39420921,60.7038,60.7332,426,15861,0.0867215,0.05,1,333391,332965,426
39423841,59.6815,60.8933,424,15995,0.0886886,0.11,1,333450,333026,424
39429681,115.389,113.543,428,16260,0.23859,0.11,1,333708,333280,428
39432601,84.5556,85.6172,425,16391,0.245436,0.07,1,333772,333347,425
39435521,60.2222,60.6469,425,16521,0.260174,0.09,1,333816,333391,425
39438441,60.0889,59.6587,426,16650,0.26607,0.09,1,333876,333450,426
39458881,119.819,108.489,563,17525,0.445518,0.33,1,334580,334017,563
39479321,78.9609,86.3275,450,18355,0.751562,0.57,2,335094,334644,450
39482241,57.9844,60.931,450,18471,0.798625,0.61,2,335138,334688,450
39488081,113.197,111.389,455,18700,0.91858,0.65,2,335349,334894,455
39491001,46.479,45.7556,455,18813,0.949432,0.73,2,335351,334896,455
39578601,44.7287,44.7929,484,21944,0.799734,1,2,337577,337093,484
39593201,44.9243,51.5547,460,22423,0.278784,0.67,1,337954,337494,460
39596121,39.5697,42.8219,459,22518,0.273514,0.67,1,337990,337531,459
39599041,44.6279,17.1287,507,22612,0.211406,0.85,1,338038,337531,507
39601961,106.651,34.4515,609,22706,0.234562,0.47,1,338186,337577,609
39604881,61.2605,112.181,476,22799,0.207825,0.39,1,338217,337741,476
39607801,74.9042,64.6722,527,22892,0.25713,0.35,1,338301,337774,527
39610721,62.9617,82.8689,487,22985,0.276852,0.27,1,338356,337869,487
39613641,43.1847,65.5476,463,23077,0.296741,0.25,1,338386,337923,463
39616561,38.8739,44.819,468,23169,0.292696,0.27,1,338422,337954,468
39619481,42.5495,39.5276,477,23261,0.291079,0.17,1,338467,337990,477
39631161,64.0413,74.9031,491,23623,0.421932,0.29,1,338792,338301,491
39634081,42.4165,62.9612,464,23713,0.438773,0.31,1,338820,338356,464
39660361,38.9512,39.1666,445,24505,0.754436,0.51,2,339302,338857,445
39663281,46.1805,45.0666,447,24591,0.787774,0.59,2,339353,338906,447
39669121,45.3089,44.1707,451,24763,0.907244,0.65,2,339508,339057,451
39672041,38.5236,37.4683,452,24849,0.932898,0.69,2,339542,339090,452
39674961,71.2094,68.9873,455,24934,0.943159,0.73,2,339635,339180,455
39677881,63.8838,61.1949,458,25019,0.935264,0.75,2,339694,339236,458
39803441,37.6333,15.4327,547,28432,0.934,1,2,342098,341551,547
39806361,33.0533,39.1731,522,28506,0.9436,1,2,342128,341606,522
39809281,34.8213,36.6692,523,28580,0.94744,1,2,342164,341641,523
39812201,40.9285,34.4677,535,28654,0.900976,1,2,342209,341674,535
39847241,45.8421,65.7085,496,29529,0.91266,0.85,2,342896,342400,496
39850161,56.7368,49.0834,522,29601,0.947064,0.87,2,342960,342438,522
39958201,83.919,29.735,613,32141,0.904,1,2,344718,344105,613
39964041,43.547,65.2376,506,32273,0.77224,1,2,344794,344288,506
39969881,47.1675,66.478,509,32404,0.429558,1,1,344909,344400,509
39975721,35.5068,40.2765,511,32534,0.201929,1,1,344979,344468,511
39978641,34.6027,37.7106,509,32599,0.0987717,1,1,345013,344504,509
39981561,33.0411,29.4842,517,32664,0.0575087,1,1,345045,344528,517
39984481,34.8164,36.9937,511,32729,0.0410035,0.95,1,345081,344570,511
39987401,22.3266,32.7975,495,32794,0.0464014,0.86,1,345095,344600,495
39990321,61.7306,83.919,465,32858,0.0185606,0.79,1,345183,344718,465
39993241,48.0923,59.3676,461,32922,0.0614242,0.73,1,345222,344761,461
39996161,36.6369,43.547,457,32986,0.0425697,0.45,1,345251,344794,457
39999081,54.2548,65.4188,443,33050,0.0590279,0.33,1,345317,344874,443
40004921,35.3208,42.267,432,33178,0.0826445,0.13,1,345380,344948,432
40007841,32.7283,35.5068,432,33242,0.0870578,0.03,1,345411,344979,432
40025361,48.4582,48.0923,423,33622,0.0477326,0.03,1,345645,345222,423
40028281,36.1833,36.6369,422,33685,0.085093,0.07,1,345673,345251,422
40042881,31.9872,30.4913,428,33998,0.200868,0.19,1,345868,345440,428
40045801,32.5949,31.3965,429,34060,0.242347,0.19,1,345901,345472,429
40048721,31.6379,31.1586,429,34122,0.258939,0.19,1,345932,345503,429
40051641,20.4552,20.8634,428,34184,0.277576,0.05,1,345945,345517,428
40054561,57.3821,61.1454,422,34246,0.26103,0.05,1,346027,345605,422
40063321,58.5125,30.3133,497,34432,0.221906,0.13,1,346170,345673,497
40066241,42.605,53.5253,460,34493,0.214762,0.15,1,346202,345742,460
40069161,33.842,40.6101,456,34554,0.211905,0.19,1,346230,345774,456
40072081,35.7368,33.0441,465,34615,0.222762,0.15,1,346267,345802,465
40075001,33.4947,34.8176,461,34676,0.227105,0.23,1,346299,345838,461
40077921,35.5979,31.927,468,34737,0.252842,0.27,1,346336,345868,468
40080841,32.2392,32.5708,465,34798,0.287137,0.27,1,346366,345901,465
40127561,25.9933,37.3341,441,35758,0.413634,0.35,1,346968,346527,441
40130481,53.5973,59.3336,439,35817,0.411454,0.35,1,347040,346601,439
40133401,40.6389,42.9335,439,35876,0.446581,0.33,1,347072,346633,439
40174281,36.2193,35.0622,446,36693,0.754584,0.55,2,347583,347137,446
40177201,34.8877,33.8249,447,36751,0.787833,0.55,2,347617,347170,447
40188881,59.8323,57.5347,454,36980,0.900441,0.71,2,347791,347337,454
40191801,49.1329,47.0139,456,37037,0.942176,0.67,2,347833,347377,456
40197641,26.3413,26.0022,456,37151,0.941548,0.73,2,347865,347409,456
40200561,54.9365,10.4009,530,37208,0.934619,0.71,2,347939,347409,530
40203481,41.1746,48.5604,488,37265,0.943848,0.75,2,347971,347483,488
40367001,29.5686,34.5443,519,40318,0.938416,1,2,350078,349559,519
40387441,46.667,44.7156,519,40682,0.421702,1,1,350376,349857,519
40393281,27.6267,31.2745,501,40786,0.263072,1,1,350421,349920,501
40396201,35.6507,31.7098,510,40838,0.207229,0.99,1,350462,349952,510
40402041,26.4641,35.5536,492,40942,0.0631566,0.97,1,350517,350025,492
40404961,27.9856,27.4214,499,40994,0.0672627,0.91,1,350546,350047,499
40407881,31.5943,29.5686,502,41045,0.0449051,0.81,1,350580,350078,502
40410801,46.2377,35.2274,519,41096,0.023962,0.77,1,350636,350117,519
40413721,32.2951,48.891,484,41147,0.0275848,0.67,1,350659,350175,484
40416641,34.518,37.5564,490,41198,0.0410339,0.53,1,350695,350205,490
40419561,34.2072,38.4226,485,41249,0.0164136,0.55,1,350729,350244,485
40422481,40.0829,38.169,491,41300,0.0605654,0.55,1,350773,350282,491
40431241,25.5813,30.0668,458,41453,0.0986762,0.21,1,350853,350395,458
40442921,22.5141,26.4641,423,41657,0.0703501,0.07,1,350940,350517,423
40445841,26.4056,27.9856,423,41708,0.09414,0.03,1,350969,350546,423
40448761,30.3623,31.5943,422,41759,0.067656,0.01,1,351002,350580,422
40451681,46.3449,46.2377,423,41810,0.0450624,0.03,1,351059,350636,423
40454601,31.738,32.2951,422,41860,0.036025,0.05,1,351081,350659,422
40457521,34.8952,34.518,423,41910,0.04441,0,1,351118,350695,423
40460441,34.3581,34.2072,423,41960,0.035764,0.09,1,351152,350729,423
40463361,41.3432,40.0829,425,42010,0.0443056,0.15,1,351198,350773,425
40466281,42.3373,40.6332,427,42060,0.0957222,0.11,1,351241,350814,427
40489641,29.5359,30.3623,422,42460,0.0908352,0.03,1,351424,351002,422
40492561,46.0144,46.3449,422,42510,0.0543341,0.03,1,351481,351059,422
40495481,31.6057,31.738,422,42560,0.0277336,0.05,1,351503,351081,422
40498401,36.0423,34.8952,424,42610,0.0650935,0.03,1,351542,351118,424
40501321,34.2169,34.3581,423,42660,0.0680374,0.05,1,351575,351152,423
40504241,40.6868,41.3432,422,42709,0.057215,0.13,1,351620,351198,422
40507161,44.4747,42.3373,426,42758,0.088886,0.11,1,351667,351241,426
40536361,30.8116,45.6995,443,43248,0.0784868,0.01,1,351924,351481,443
40539281,36.9246,31.4798,462,43297,0.0613947,0.09,1,351965,351503,462
40542201,33.9699,35.9919,455,43346,0.0665579,0.07,1,351997,351542,455
40545121,39.9879,34.1968,466,43395,0.0566232,0.05,1,352041,351575,466
40559721,13.9858,32.0542,429,43638,0.213249,0.13,1,352170,351741,429
40562641,20.5943,14.0217,452,43686,0.259299,0.19,1,352195,351743,452
40565561,21.4377,20.0087,450,43734,0.27772,0.15,1,352217,351767,450
40583081,35.2115,36.9246,457,44022,0.275488,0.07,1,352422,351965,457
40586001,39.2846,33.9699,467,44070,0.272195,0.05,1,352464,351997,467
40588921,49.3138,39.9879,479,44118,0.246878,0.13,1,352520,352041,479
40591841,28.1255,47.1952,441,44166,0.248751,0.13,1,352534,352093,441
40594761,27.4502,27.2781,454,44214,0.2375,0.13,1,352561,352107,454
40597681,34.9801,25.9112,469,44262,0.245,0.23,1,352601,352132,469
40600601,15.192,31.9645,435,44310,0.248,0.23,1,352603,352168,435
40603521,22.2768,13.9858,460,44358,0.2372,0.29,1,352630,352170,460
40606441,22.7107,20.5943,458,44406,0.24488,0.29,1,352653,352195,458
40609361,26.4843,21.4377,465,44454,0.259952,0.33,1,352682,352217,465
40612281,11.7937,25.3751,439,44501,0.265981,0.37,1,352684,352245,439
40615201,25.1175,29.95,440,44548,0.268392,0.35,1,352718,352278,440
40618121,37.647,40.18,439,44595,0.281357,0.35,1,352764,352325,439
40653161,27.2364,26.4843,435,45159,0.408321,0.27,1,353117,352682,435
40656081,12.0946,11.7937,435,45206,0.421329,0.27,1,353119,352684,435
40659001,25.2378,25.1175,435,45253,0.414531,0.29,1,353153,352718,435
40661921,38.2951,37.647,436,45300,0.447813,0.33,1,353200,352764,436
40723241,29.6567,48.6268,463,46268,0.75724,0.55,2,353854,353391,463
40726161,27.4627,28.4507,474,46314,0.788896,0.55,2,353880,353406,474
40746601,25.4041,12.5118,485,46630,0.910861,0.65,2,354046,353561,485
40978741,177.978,178.502,493,22724,0.7684,1,2,356522,356029,493
40981661,118.591,112.201,504,22817,0.75736,0.94,2,356601,356097,504
40987501,87.1346,88.0321,508,23003,0.758378,0.79,2,356759,356251,508
40990421,66.0538,77.8128,489,23095,0.777351,0.77,2,356811,356322,489
40993341,52.8215,74.9251,460,23187,0.76094,0.79,2,356855,356395,460
40996261,38.5286,38.3701,475,23278,0.778376,0.71,2,356884,356409,475
40999181,71.2114,35.748,534,23369,0.79735,0.73,2,356977,356443,534
41005021,76.1938,72.0797,532,23550,0.903976,0.73,2,357133,356601,532
41010861,64.391,79.6927,512,23730,0.916236,0.79,2,357271,356759,512
41013781,50.9564,63.0771,502,23819,0.924495,0.75,2,357313,356811,502
41016701,37.7826,51.6308,487,23908,0.939798,0.79,2,357342,356855,487
41019621,16.313,38.0523,460,23997,0.945919,0.81,2,357344,356884,460
41098461,80.3879,74.0647,550,26277,0.928,1,2,359038,358488,550
41107221,50.9848,70.6441,506,26518,0.934192,1,2,359208,358702,506
41110141,49.7939,49.2577,520,26598,0.787677,1,2,359257,358737,520
41159781,42.7965,43.3281,448,27920,0.91303,0.57,2,360121,359673,448
41162701,40.5186,40.1312,449,27996,0.947212,0.59,2,360160,359711,449
41174381,87.3125,83.0498,460,28297,0.932937,0.77,2,360420,359960,460
41177301,45.125,42.8199,461,28372,0.931175,0.77,2,360437,359976,461
41200661,85.4553,62.2391,570,28963,0.907412,0.91,2,360886,360316,570
41203581,43.7821,87.2956,482,29036,0.920965,0.93,2,360902,360420,482
41297021,40.7762,41.1522,489,31284,0.923325,1,2,362489,362000,489
41317461,54.2209,89.5316,505,31754,0.0642899,1,1,362824,362319,505
41320381,47.4884,56.2126,514,31821,0.0257159,1,1,362867,362353,514
41323301,55.5953,47.085,534,31887,0.0402864,0.96,1,362928,362394,534
41326221,36.0381,58.434,491,31953,0.0161145,0.89,1,362951,362460,491
41329141,29.4153,40.7736,487,32019,0.00644582,0.73,1,362976,362489,487
41332061,26.7661,35.5094,480,32085,0.00857833,0.71,1,363001,362521,480
41334981,27.5064,31.6038,479,32151,0.00943133,0.63,1,363029,362550,479
41337901,29.6026,32.4415,477,32217,0.0337725,0.51,1,363060,362583,477
41340821,49.041,31.5766,508,32283,0.031509,0.21,1,363122,362614,508
41343741,73.0164,57.6306,522,32349,0.0126036,0.03,1,363211,362689,522
41346661,49.6066,83.0523,456,32414,0.00504144,0,1,363245,362789,456
41349581,46.2426,54.2209,465,32479,0.00201658,0,1,363289,362824,465
41352501,55.0971,47.4884,483,32544,0.0308066,0.05,1,363350,362867,483
41355421,35.8388,55.5953,445,32609,0.0303227,0,1,363373,362928,445
41358341,29.3355,36.0381,447,32674,0.0301291,0,1,363398,362951,447
41361261,26.7342,29.4153,447,32739,0.0300516,0.01,1,363423,362976,447
41364181,11.8937,26.7661,424,32804,0.0120206,0.01,1,363425,363001,424
41367101,22.7575,27.5064,426,32868,0.0828083,0.05,1,363455,363029,426
41378781,49.7298,49.6066,423,33124,0.0450319,0,1,363668,363245,423
41381701,46.8919,46.2426,424,33188,0.0240128,0.05,1,363713,363289,424
41384621,54.7568,55.0971,423,33252,0.0276051,0.03,1,363773,363350,423
41387541,35.7027,35.8388,423,33316,0.017042,0.03,1,363796,363373,423
41390461,31.0811,29.3355,426,33379,0.0248168,0.03,1,363824,363398,426
41393381,26.2324,26.7342,424,33442,0.0159267,0,1,363847,363423,424
41396301,11.693,11.8937,424,33505,0.00637069,0.13,1,363849,363425,424
41399221,25.0772,22.7575,428,33568,0.0205483,0.13,1,363883,363455,428
41402141,26.2309,25.903,427,33631,0.0622193,0.17,1,363910,363483,427
41405061,48.2924,47.5612,428,33694,0.0788877,0.09,1,363973,363545,428
41413821,46.9627,46.8919,423,33883,0.0657688,0.03,1,364136,363713,423
41416741,54.1851,54.7568,422,33945,0.0563075,0.01,1,364195,363773,422
41419661,35.474,35.7027,422,34007,0.028523,0.03,1,364218,363796,422
41422581,31.5896,31.0811,423,34069,0.0174092,0.01,1,364247,363824,423
41425501,25.8358,26.2324,422,34131,0.0249637,0,1,364269,363847,422
41428421,11.5343,11.693,422,34193,0.00998547,0.03,1,364271,363849,422
41431341,26.2137,25.0772,424,34255,0.0219942,0.03,1,364307,363883,424
41434261,27.8855,10.0309,453,34317,0.0147977,0.09,1,364336,363883,453
41437181,48.9542,20.2124,489,34379,0.0119191,0.09,1,364399,363910,489
41440101,70.5817,45.8849,511,34441,0.0947676,0.17,1,364484,363973,511
41445941,44.2931,48.0216,467,34563,0.0811628,0.03,1,364557,364090,467
41448861,53.1172,46.8086,480,34624,0.0504651,0.05,1,364616,364136,480
41451781,35.0469,54.1235,444,34685,0.0381861,0.01,1,364639,364195,444
41454701,31.4188,35.4494,450,34746,0.0212744,0.01,1,364668,364218,450
41457621,25.7675,31.5798,443,34807,0.0385098,0.03,1,364690,364247,443
41460541,11.507,25.8319,423,34868,0.0214039,0,1,364692,364269,423
41463461,26.2028,11.5328,457,34929,0.0505616,0.03,1,364728,364271,457
41466381,28.4811,26.2131,451,34990,0.0502246,0.01,1,364758,364307,451
41469301,49.7924,27.8852,486,35050,0.0620899,0.01,1,364822,364336,486
41472221,73.917,48.9541,513,35110,0.0788359,0.15,1,364912,364399,513
41486821,31.2225,35.0469,451,35410,0.0594921,0.01,1,365090,364639,451
41489741,25.089,31.4188,443,35470,0.0657968,0.05,1,365111,364668,443
41492661,11.2356,25.7675,423,35530,0.0683187,0.01,1,365113,364690,423
41495581,26.6942,11.507,458,35589,0.0453275,0.07,1,365150,364692,458
41498501,28.6777,26.2028,452,35648,0.048131,0.05,1,365180,364728,452
41501421,12.6711,28.4811,424,35707,0.0492524,0.07,1,365182,364758,424
41504341,44.6684,49.7924,426,35766,0.085701,0.09,1,365248,364822,426
41513101,41.0188,41.2267,428,35943,0.227005,0.11,1,365407,364979,428
41516021,51.2075,51.8907,427,36002,0.288802,0.09,1,365465,365038,427
41548141,43.6438,41.0188,434,36643,0.402246,0.33,1,365841,365407,434
41551061,53.4575,51.2075,436,36701,0.430898,0.33,1,365901,365465,436
41553981,34.583,33.683,436,36759,0.442359,0.33,1,365923,365487,436
41559821,25.5733,24.2293,438,36873,0.446377,0.37,1,365972,365534,438
41562741,11.4293,10.8917,438,36930,0.436551,0.31,1,365974,365536,438
41565661,26.1717,26.5567,437,36987,0.44462,0.31,1,366010,365573,437
41568581,27.2687,28.6227,435,37044,0.447848,0.31,1,366038,365603,435
41571501,12.1075,12.6491,435,37101,0.449139,0.31,1,366040,365605,435
41577341,75.9772,18.8238,531,37215,0.435462,0.37,1,366206,365675,531
41580261,51.9909,62.7295,475,37272,0.408185,0.37,1,366242,365767,475
41583181,45.9964,46.0918,482,37329,0.445274,0.43,1,366284,365802,482
41644501,47.4805,12.1897,520,38500,0.753487,0.57,2,367003,366483,520
41647421,75.9922,47.4759,544,38555,0.775395,0.61,2,367098,366554,544
41650341,53.7969,74.7903,490,38610,0.796158,0.61,2,367137,366647,490
41659101,52.835,56.1946,457,38775,0.912314,0.73,2,367248,366791,457
41662021,35.534,36.2778,458,38829,0.946926,0.71,2,367272,366814,458
41816781,27.9217,38.476,501,41611,0.925293,1,2,369186,368685,501
41819701,32.1687,35.1904,503,41662,0.928117,1,2,369221,368718,503
41831381,32.7915,27.4305,522,41865,0.77376,1,2,369344,368822,522
41851821,30.6792,39.5109,477,42215,0.292377,0.94,1,369609,369132,477
41854741,29.0717,33.8044,475,42265,0.242951,0.9,1,369637,369162,475
41857661,23.0287,27.9217,470,42315,0.22318,0.93,1,369656,369186,470
41860581,26.6115,32.1687,464,42365,0.215272,0.8,1,369685,369221,464
41886861,33.2358,36.4951,436,42812,0.215502,0.29,1,369982,369546,436
41889781,33.0943,36.1981,433,42861,0.212201,0.27,1,370015,369582,433
41892701,27.6377,30.6792,430,42910,0.21088,0.21,1,370039,369609,430
41895621,27.2551,29.0717,429,42959,0.210352,0.21,1,370066,369637,429
41898541,23.502,23.0287,431,43008,0.222141,0.21,1,370087,369656,431
41916061,25.13,31.7014,449,43302,0.216889,0.15,1,370251,369802,449
41918981,29.252,25.2805,460,43351,0.248756,0.23,1,370283,369823,460
41921901,40.5008,26.9122,480,43400,0.285502,0.15,1,370331,369851,480
41951101,27.369,23.6561,460,43883,0.416203,0.17,1,370624,370164,460
42012421,33.6745,33.6537,445,44881,0.767522,0.49,2,371294,370849,445
42032861,13.451,13.1002,450,45210,0.911121,0.57,2,371466,371016,450
42038701,26.7522,25.496,452,45304,0.905379,0.65,2,371519,371067,452
42041621,35.9009,35.3984,452,45351,0.944152,0.61,2,371561,371109,452
42044541,26.3603,26.1594,452,45398,0.935661,0.63,2,371581,371129,452
42047461,30.3441,29.6637,453,45444,0.920264,0.69,2,371614,371161,453
42050381,45.1377,42.4655,457,45490,0.938106,0.73,2,371669,371212,457
42282521,57.4511,61.9373,473,22380,0.400806,0.57,1,374341,373868,473
42285441,61.3805,57.7749,482,22475,0.430322,0.47,1,374405,373923,482
42288361,40.7522,52.51,460,22569,0.430129,0.45,1,374432,373972,460
42291281,80.5009,32.404,548,22663,0.442052,0.39,1,374539,373991,548
42317561,65.8846,75.9259,505,23492,0.752937,0.53,2,375117,374612,505
42320481,64.1539,65.1703,510,23582,0.787175,0.57,2,375180,374670,510
42329241,41.9778,61.8669,479,23851,0.920379,0.63,2,375327,374848,479
42469401,51.9916,49.6317,491,27797,0.257277,1,1,378106,377615,491
42475241,45.1586,55.8211,472,27949,0.0531644,1,1,378192,377720,472
42478161,55.2635,58.3284,474,28025,0.0632657,0.73,1,378254,377780,474
42481081,67.1054,77.3314,459,28101,0.0313063,0.67,1,378329,377870,459
42484001,48.4422,53.7325,457,28176,0.0425225,0.49,1,378365,377908,457
42486921,55.3769,66.493,442,28251,0.017009,0.45,1,378425,377983,442
42489841,36.5507,42.1972,440,28326,0.0248036,0.31,1,378449,378009,440
42492761,33.8203,38.4789,436,28401,0.0279214,0.31,1,378481,378045,436
42495681,44.7281,15.3916,488,28476,0.0531686,0.17,1,378533,378045,488
42498601,39.4912,42.7566,463,28550,0.0752674,0.05,1,378569,378106,463
42501521,42.1965,41.7026,466,28624,0.030107,0,1,378613,378147,466
42504441,55.2786,43.6811,485,28698,0.0660428,0.07,1,378677,378192,485
42507361,65.9114,54.6724,496,28772,0.0444171,0.01,1,378750,378254,496
42510281,47.9646,66.869,457,28846,0.0477668,0.05,1,378786,378329,457
42513201,55.1858,48.3476,481,28919,0.0491067,0,1,378846,378365,481
42516121,36.4743,55.339,445,28992,0.0856427,0.03,1,378870,378425,445
42519041,33.7897,36.5356,453,29065,0.0522571,0.03,1,378902,378449,453
42521961,47.7159,33.8142,478,29138,0.0749028,0.07,1,378959,378481,478
42527801,39.6745,39.4903,465,29283,0.0431845,0,1,379034,378569,465
42530721,54.8698,42.1961,486,29355,0.0352738,0.09,1,379099,378613,486
42533641,65.1479,55.2784,494,29427,0.0441095,0.03,1,379171,378677,494
42536561,47.6592,65.9114,457,29499,0.0356438,0.05,1,379207,378750,457
42539481,58.0637,47.9646,486,29571,0.0202575,0.05,1,379272,378786,486
42542401,36.4255,55.1858,448,29643,0.050103,0.11,1,379294,378846,448
42545321,32.5702,36.4743,454,29714,0.0860412,0.03,1,379324,378870,454
42548241,49.0281,33.7897,482,29785,0.0524165,0.09,1,379384,378902,482
42551161,20.8112,47.7159,427,29856,0.0509666,0.13,1,379386,378959,427
42554081,31.7245,40.6864,430,29927,0.0383866,0,1,379425,378995,430
42557001,31.2898,39.6745,422,29998,0.0333547,0.03,1,379456,379034,422
42559921,52.1159,54.8698,423,30069,0.0313419,0.05,1,379522,379099,423
42562841,64.0464,65.1479,423,30139,0.0305367,0.03,1,379594,379171,423
42565761,47.2185,47.6592,423,30209,0.0422147,0.01,1,379630,379207,423
42568681,58.4874,58.0637,424,30279,0.0588859,0.07,1,379696,379272,424
42571601,37.795,36.4255,426,30349,0.0895544,0.11,1,379720,379294,426
42574521,33.718,32.5702,427,30419,0.0898217,0.03,1,379751,379324,427
42589121,52.3456,52.1159,423,30765,0.0874638,0.03,1,379945,379522,423
42592041,63.5382,64.0464,422,30834,0.0529855,0.05,1,380016,379594,422
42594961,48.8153,47.2185,425,30903,0.0391942,0.07,1,380055,379630,425
42597881,59.1261,58.4874,425,30971,0.0816777,0.11,1,380121,379696,425
42600801,39.2504,37.795,427,31039,0.0746711,0.09,1,380147,379720,427
42603721,34.3002,33.718,427,31107,0.0718684,0.15,1,380178,379751,427
42621241,62.475,49.3782,492,31513,0.0937081,0.03,1,380437,379945,492
42624161,48.99,62.3513,461,31580,0.0794832,0.03,1,380477,380016,461
42627081,60.396,48.3405,490,31647,0.0617933,0.11,1,380545,380055,490
42630001,39.7584,58.9362,450,31714,0.0667173,0.07,1,380571,380121,450
42632921,35.1034,39.1745,456,31781,0.0446869,0.07,1,380603,380147,456
42635841,50.0413,34.2698,485,31848,0.0838748,0.19,1,380663,380178,485
42638761,21.2165,47.9079,430,31914,0.0995499,0.19,1,380665,380235,430
42650441,60.5143,49.6872,495,32178,0.229252,0.07,1,380861,380366,495
42653361,48.2057,62.4749,464,32244,0.289701,0.07,1,380901,380437,464
42676721,51.3668,28.7146,493,32765,0.413949,0.15,1,381223,380730,493
42679641,21.7467,49.2859,432,32830,0.42358,0.29,1,381225,380793,432
42729281,53.6134,52.3734,451,33908,0.752709,0.63,2,381981,381530,451
42732201,22.6454,22.1493,451,33970,0.763084,0.61,2,381983,381532,451
42735121,32.4581,31.6597,452,34032,0.767233,0.63,2,382022,381570,452
42738041,30.3833,29.4639,453,34094,0.780893,0.67,2,382051,381598,453
42773081,55.6037,30.3797,530,34831,0.910114,0.85,2,382581,382051,530
42776001,23.4415,53.5519,463,34892,0.934045,0.85,2,382583,382120,463
42898641,53.1083,30.7638,550,37351,0.900688,1,2,384348,383798,550
42913241,37.068,50.3992,504,37632,0.424183,1,1,384516,384012,504
42919081,42.7709,52.7039,515,37744,0.237069,1,1,384620,384105,515
42922001,34.5084,43.8815,506,37800,0.244828,1,1,384649,384143,506
42927841,30.0013,38.941,499,37912,0.217972,1,1,384715,384216,499
42930761,34.8005,34.1764,506,37968,0.225189,0.99,1,384753,384247,506
42933681,45.1202,35.2706,522,38024,0.240076,0.85,1,384805,384283,522
42936601,34.8481,53.1082,485,38080,0.25803,0.75,1,384833,384348,485
42939521,30.1392,39.8433,481,38135,0.229212,0.65,1,384860,384379,481
42942441,24.6557,33.9373,472,38190,0.253685,0.53,1,384881,384409,472
42945361,32.6623,29.1749,484,38245,0.263474,0.39,1,384919,384435,484
42965801,14.0442,30.0013,434,38630,0.404402,0.23,1,385149,384715,434
42968721,27.8177,34.8005,433,38685,0.419761,0.25,1,385186,384753,433
42974561,34.5708,34.8481,435,38795,0.425962,0.21,1,385268,384833,435
43027121,57.4921,56.5946,449,39762,0.75346,0.55,2,385909,385460,449
43030041,40.9969,40.6379,449,39815,0.751384,0.59,2,385939,385490,449
43032961,33.1987,33.0551,449,39868,0.786554,0.57,2,385967,385518,449
43038801,34.2318,32.7688,452,39974,0.794249,0.61,2,386041,385589,452
43041721,14.8927,14.3075,452,40027,0.791699,0.63,2,386043,385591,452
43044641,28.1571,27.323,453,40080,0.79068,0.63,2,386080,385627,453
43079681,14.88,34.2311,462,40707,0.902162,0.79,2,386503,386041,462
43085521,44.8608,28.157,516,40811,0.903946,0.81,2,386596,386080,516
43088441,34.7443,44.2628,489,40863,0.907578,0.81,2,386624,386135,489
43091361,30.6977,34.5051,489,40915,0.921031,0.83,2,386652,386163,489
43094281,28.4791,30.002,489,40967,0.938413,0.83,2,386679,386190,489
43269481,33.5364,48.1767,505,43949,0.94353,1,2,388769,388264,505
43357081,31.0531,31.6614,443,45369,0.782086,0.49,2,389679,389236,443
43360001,47.8212,46.2646,446,45415,0.786834,0.49,2,389738,389292,446
43362921,31.1285,30.5058,446,45461,0.776734,0.51,2,389758,389312,446
43365841,29.8514,29.0023,447,45507,0.796694,0.55,2,389787,389340,447
43386281,30.7581,28.875,454,45829,0.798992,0.67,2,390005,389551,454
43418401,32.5287,37.647,490,46335,0.901571,0.81,2,390354,389864,490
43435921,27.1511,17.1032,494,46606,0.914047,0.85,2,390507,390013,494
43438841,25.8604,26.6413,486,46651,0.935619,0.81,2,390532,390046,486
43441761,32.5442,25.0565,499,46696,0.944248,0.85,2,390569,390070,499
43637401,31.5129,33.7176,507,49631,0.939998,1,2,392624,392117,507
43649081,28.8147,31.9096,504,49799,0.92008,1,2,392735,392231,504
43654921,33.4104,32.5855,511,49883,0.789213,0.99,2,392813,392302,511
43710401,26.9732,31.0257,452,50681,0.769923,0.63,2,393330,392878,452
43748361,26.2862,25.2016,457,51216,0.940377,0.73,2,393656,393199,457
43751281,38.1145,37.0806,458,51257,0.946151,0.73,2,393702,393244,458
43987801,27.9454,22.6439,515,54485,0.921996,1,2,395964,395449,515
44071021,54.6297,56.9845,479,25962,0.929498,0.73,2,396974,396495,479
44073941,27.8519,40.7938,459,26044,0.941799,0.69,2,396984,396525,459
44179061,51.2175,42.5359,525,28827,0.90808,1,2,398966,398441,525
44181981,42.087,39.8144,523,28900,0.909232,1,2,399002,398479,523
44187821,64.4539,42.2503,548,29046,0.787477,1,2,399121,398573,548
44228701,40.9074,45.9876,450,30051,0.779528,0.61,2,399802,399352,450
44231621,30.163,33.395,448,30121,0.785811,0.59,2,399825,399377,448
44272501,61.0937,62.7498,459,31090,0.919458,0.83,2,400494,400035,459
44275421,80.2375,78.4999,463,31158,0.949783,0.83,2,400587,400124,463
44383461,40.2382,34.9246,495,33578,0.939939,1,2,402237,401742,495
44386381,36.4953,31.3698,500,33641,0.945975,1,2,402271,401771,500
44398061,81.3727,84.4095,488,33893,0.250249,0.99,1,402508,402020,488
44403901,39.2996,40.8655,488,34017,0.0772398,1,1,402574,402086,488
44406821,41.5199,40.3462,491,34079,0.0368959,1,1,402617,402126,491
44409741,36.4079,37.7385,488,34141,0.0207584,1,1,402650,402162,488
44412661,23.5632,33.0954,473,34203,0.0863033,0.9,1,402665,402192,473
44415581,34.6253,40.2382,470,34265,0.0645213,0.9,1,402707,402237,470
44418501,32.4501,16.0953,501,34327,0.0678085,0.95,1,402738,402237,501
44421421,26.78,26.8381,490,34389,0.0691234,0.78,1,402761,402271,490
44424341,26.912,29.3352,486,34450,0.0576494,0.63,1,402788,402302,486
44427261,48.5648,28.5341,521,34511,0.0650598,0.39,1,402851,402330,521
44430181,68.6259,61.8136,519,34572,0.0560239,0.07,1,402933,402414,519
44433101,50.2504,81.1255,463,34633,0.0404096,0.03,1,402971,402508,463
44436021,35.7001,54.6502,452,34694,0.0341638,0.05,1,402997,402545,452
44438941,41.2801,39.2601,468,34755,0.0316655,0.01,1,403042,402574,468
44441861,35.712,41.504,457,34816,0.0426662,0.01,1,403074,402617,457
44444781,21.4848,36.4016,436,34877,0.0470665,0.13,1,403086,402650,436
44447701,34.3939,23.5606,464,34938,0.0248266,0.05,1,403129,402665,464
44450621,34.7576,34.6243,457,34999,0.0519306,0.07,1,403164,402707,457
44453541,26.503,32.4497,447,35059,0.0747723,0.07,1,403185,402738,447
44465221,49.9409,68.6259,462,35299,0.211242,0.03,1,403395,402933,462
44468141,34.3764,50.2504,448,35359,0.234497,0.03,1,403419,402971,448
44476901,21.6401,35.712,435,35539,0.0992478,0.05,1,403509,403074,435
44479821,33.856,21.4848,465,35598,0.0816991,0.01,1,403551,403086,465
44485661,15.257,34.7576,425,35716,0.0982719,0.09,1,403589,403164,425
44506101,35.8911,40.7505,426,36129,0.0966859,0.09,1,403890,403464,426
44511941,20.8626,21.6401,426,36245,0.0838698,0.07,1,403935,403509,426
44514861,32.945,33.856,425,36303,0.0995479,0.13,1,403976,403551,425
44529461,50.1105,49.7444,426,36593,0.207544,0.15,1,404133,403707,426
44532381,71.0442,70.2978,427,36651,0.233018,0.13,1,404218,403791,427
44535301,50.0177,50.3191,426,36709,0.255207,0.09,1,404254,403828,426
44538221,34.4071,35.7276,424,36767,0.252083,0.09,1,404278,403854,424
44541141,35.3628,35.8911,424,36824,0.298833,0.11,1,404314,403890,424
44564501,51.5012,19.9905,497,37280,0.426841,0.23,1,404563,404066,497
44619981,33.8319,21.531,490,38342,0.764678,0.57,2,405287,404797,490
44622901,37.5328,33.2124,489,38397,0.791871,0.57,2,405327,404838,489
44643341,48.196,52.46,454,38782,0.911488,0.67,2,405586,405132,454
44646261,36.0784,37.184,455,38836,0.922595,0.67,2,405614,405159,455
44649181,39.0314,38.8736,456,38890,0.939038,0.71,2,405655,405199,456
44652101,37.8125,35.9494,459,38944,0.933615,0.75,2,405692,405233,459
44655021,22.325,21.5798,459,38998,0.931446,0.79,2,405704,405245,459
44657941,35.93,33.8319,462,39052,0.918578,0.81,2,405749,405287,462
44660861,38.372,37.5328,462,39106,0.913431,0.81,2,405789,405327,462
44663781,16.5488,16.2131,462,39160,0.911373,0.83,2,405791,405329,462
44666701,22.2195,21.4852,463,39214,0.910549,0.83,2,405817,405354,463
44669621,27.4878,26.5941,464,39268,0.91022,0.83,2,405848,405384,464
44672541,54.1951,54.4376,463,39322,0.934088,0.83,2,405920,405457,463
44675461,22.878,22.9751,463,39376,0.943635,0.87,2,405922,405459,463
44833141,48.0805,51.6649,489,42172,0.7948,1,2,407912,407423,489
44853581,33.4059,33.6492,491,42522,0.267051,1,1,408152,407661,491
44856501,29.5624,34.4597,483,42572,0.25682,1,1,408179,407696,483
44859421,29.2249,32.9839,480,42622,0.228728,1,1,408208,407728,480
44862341,29.09,29.3936,482,42672,0.217491,1,1,408237,407755,482
44865261,27.236,29.7574,478,42721,0.236997,1,1,408263,407785,478
44868181,21.0944,27.503,469,42770,0.208799,0.82,1,408280,407811,469
44871101,31.2378,39.2012,460,42819,0.221519,0.73,1,408318,407858,460
44888621,30.6396,22.0069,469,43113,0.0998085,0.31,1,408520,408051,469
44897381,27.1609,32.8484,455,43260,0.0944677,0.25,1,408607,408152,455
44903221,32.0657,29.1358,462,43358,0.0715148,0.21,1,408670,408208,462
44906141,27.8263,29.0543,458,43407,0.0466059,0.25,1,408695,408237,458
44909061,19.5305,27.2217,446,43456,0.0366424,0.19,1,408709,408263,446
44911981,31.2122,21.0887,468,43505,0.068657,0.23,1,408748,408280,468
44914901,39.4849,31.2355,475,43553,0.0694628,0.13,1,408793,408318,475
44935341,31.7631,30.2558,458,43889,0.204251,0.09,1,409008,408550,458
44938261,28.3052,31.9023,451,43937,0.2077,0.09,1,409034,408583,451
44941181,27.5221,27.1609,454,43985,0.23308,0.11,1,409061,408607,454
44944101,31.4088,27.6644,460,44033,0.255232,0.05,1,409095,408635,460
44947021,25.7635,32.0657,447,44081,0.264093,0.03,1,409117,408670,447
44952861,32.3222,19.5305,464,44177,0.295455,0.09,1,409173,408709,464
44955781,41.1289,31.2122,472,44225,0.292182,0.07,1,409220,408748,472
44984981,28.8278,27.5221,435,44699,0.411357,0.27,1,409496,409061,435
44987901,31.9311,31.4088,435,44746,0.434543,0.27,1,409530,409095,435
44996661,32.4516,32.3222,436,44887,0.438931,0.29,1,409609,409173,436
44999581,41.1806,41.1289,436,44934,0.445572,0.35,1,409656,409220,436
45002501,36.8723,35.0515,439,44981,0.448229,0.33,1,409690,409251,439
45066741,30.8246,20.3125,483,46001,0.768854,0.57,2,410330,409847,483
45069661,27.9298,28.525,475,46047,0.781542,0.57,2,410356,409881,475
45072581,30.3719,27.01,481,46093,0.798617,0.59,2,410388,409907,481
45090101,38.2579,40.4349,488,46369,0.902325,0.69,2,410586,410098,488
45093021,35.7032,37.1739,487,46414,0.90693,0.71,2,410620,410133,487
45095941,32.8813,34.6696,485,46459,0.932772,0.73,2,410651,410166,485
45316401,76.665,75.5957,493,22910,0.908923,0.79,2,413167,412674,493
45319321,64.866,65.0383,492,23003,0.921569,0.67,2,413224,412732,492
45322241,35.5464,55.4153,459,23095,0.926628,0.75,2,413240,412781,459
45331001,102.259,78.7386,523,23369,0.948504,0.81,2,413488,412965,523
45427361,70.7448,87.3158,527,26196,0.94,1,2,415469,414942,527
45447801,75.5537,44.6551,573,26757,0.0733469,1,1,415873,415300,573
45450721,66.8215,80.862,529,26836,0.0293388,0.9,1,415934,415405,529
45453641,60.3286,70.7448,521,26915,0.0417355,0.83,1,415990,415469,521
45456561,25.3314,64.2979,463,26994,0.0346942,0.61,1,415992,415529,463
45459481,42.5326,65.3192,451,27072,0.0438777,0.57,1,416046,415595,451
45462401,36.813,47.1277,449,27150,0.0355511,0.41,1,416079,415630,449
45465321,32.1252,41.6511,440,27228,0.0442204,0.17,1,416108,415668,440
45468241,54.2501,63.4604,431,27306,0.0956882,0.03,1,416177,415746,431
45471161,36.1,43.3842,425,27384,0.0682753,0.03,1,416201,415776,425
45474081,71.44,75.5537,423,27461,0.0333101,0,1,416296,415873,423
45477001,65.176,66.8215,423,27538,0.031324,0.05,1,416357,415934,423
45479921,59.6704,60.3286,423,27615,0.0425296,0.03,1,416413,415990,423
45482841,25.0682,25.3314,423,27692,0.0230118,0.05,1,416415,415992,423
45485761,41.8273,42.5326,422,27768,0.0632047,0.03,1,416468,416046,422
45488681,37.1309,36.813,423,27844,0.0912819,0.05,1,416502,416079,423
45491601,32.8524,32.1252,424,27920,0.0545128,0.13,1,416532,416108,424
45494521,55.7409,54.2501,426,27996,0.0638051,0.05,1,416603,416177,426
45497441,35.4964,36.1,424,28072,0.091522,0.01,1,416625,416201,424
45500361,69.9986,71.44,422,28147,0.0426088,0.03,1,416718,416296,422
45503281,64.5994,65.176,422,28222,0.0350435,0.05,1,416779,416357,422
45506201,59.4398,59.6704,422,28297,0.0200174,0.01,1,416835,416413,422
45509121,24.9759,25.0682,422,28372,0.026007,0.01,1,416837,416415,422
45512041,42.3904,10.0273,476,28447,0.0404028,0.09,1,416891,416415,476
45514961,37.9561,35.8109,458,28521,0.0341611,0.11,1,416926,416468,458
45517881,31.9825,34.7244,452,28595,0.0556644,0.03,1,416954,416502,452
45520801,56.593,31.8897,495,28669,0.0522658,0.07,1,417027,416532,495
45523721,35.8372,55.3559,446,28743,0.0509063,0.11,1,417049,416603,446
45526641,68.3349,35.3424,514,28817,0.0503625,0.01,1,417139,416625,514
45529561,63.934,69.9369,482,28890,0.038145,0.03,1,417200,416718,482
45532481,59.1736,64.5748,477,28963,0.057258,0.01,1,417256,416779,477
45535401,24.8694,59.4299,423,29036,0.0649032,0.03,1,417258,416835,423
45538321,43.5478,24.972,477,29109,0.0559613,0.05,1,417314,416837,477
45541241,38.4191,42.3888,458,29182,0.0523845,0.03,1,417349,416891,458
45544161,32.7676,37.9555,452,29255,0.0749538,0.07,1,417378,416926,452
45555841,63.4357,68.3349,482,29543,0.0661908,0.03,1,417621,417139,482
45558761,59.5743,63.9339,478,29615,0.0564763,0.07,1,417678,417200,478
45561681,25.0297,59.1736,424,29686,0.0525905,0.07,1,417680,417256,424
45564601,44.8119,24.8694,480,29757,0.0390362,0.05,1,417738,417258,480
45567521,39.5248,43.5478,460,29828,0.0336145,0.05,1,417774,417314,460
45570441,17.0099,38.4191,427,29899,0.0314458,0.09,1,417776,417349,427
45573361,23.604,32.7676,426,29970,0.0305783,0.13,1,417804,417378,426
45576281,53.8416,56.3071,428,30041,0.0902313,0.13,1,417878,417450,428
45596721,39.0131,39.5248,423,30530,0.0824264,0.03,1,418197,417774,423
45599641,16.8052,17.0099,423,30599,0.0629705,0.03,1,418199,417776,423
45602561,23.5221,23.604,423,30668,0.0791882,0.13,1,418227,417804,423
45625921,38.0682,39.0131,424,31216,0.225415,0.05,1,418621,418197,424
45628841,16.4273,16.8052,424,31284,0.240166,0.05,1,418623,418199,424
45631761,24.5709,6.72209,454,31352,0.246066,0.09,1,418653,418199,454
45634681,56.6284,19.4888,504,31419,0.260427,0.13,1,418731,418227,504
45637601,36.4513,53.9955,450,31486,0.290171,0.19,1,418754,418304,450
45660961,25.8208,16.4262,463,32019,0.417573,0.25,1,419086,418623,463
45663881,57.7283,24.5705,512,32085,0.437029,0.27,1,419165,418653,512
45666801,38.6913,56.6282,460,32151,0.432812,0.31,1,419191,418731,460
45710601,25.9575,25.5761,448,33124,0.756817,0.55,2,419848,419400,448
45713521,44.583,43.8304,449,33188,0.788727,0.65,2,419905,419456,449
45716441,43.0332,39.7322,454,33252,0.789491,0.65,2,419947,419493,454
45719361,18.4133,17.0929,454,33316,0.789796,0.63,2,419949,419495,454
45733961,64.7841,63.5859,455,33631,0.911515,0.71,2,420180,419725,455
45877041,39.9536,35.1644,494,36585,0.9316,1,2,422239,421745,494
45882881,40.8326,41.2663,483,36701,0.795856,1,2,422315,421832,483
45900401,44.8942,48.1241,478,37044,0.287752,1,1,422558,422080,478
45903321,38.3577,36.6496,483,37101,0.217101,1,1,422592,422109,483
45906241,29.1431,34.4599,473,37158,0.21284,1,1,422615,422142,473
45938361,35.253,44.8921,462,37779,0.226646,0.17,1,423020,422558,462
45941281,27.9012,38.3568,451,37835,0.240658,0.21,1,423043,422592,451
45944201,47.7605,29.1427,489,37891,0.234263,0.11,1,423104,422615,489
45947121,40.1042,48.8571,462,37947,0.231705,0.19,1,423139,422677,462
45950041,30.4417,38.7428,454,38003,0.254682,0.21,1,423163,422709,454
45952961,35.5767,30.4971,468,38059,0.251873,0.15,1,423202,422734,468
45955881,24.4307,35.5989,446,38115,0.262749,0.15,1,423219,422773,446
45958801,28.9723,24.4395,461,38170,0.2671,0.17,1,423251,422790,461
45961721,46.3889,30.1758,485,38225,0.29284,0.13,1,423309,422824,485
45982161,39.3322,47.7605,467,38610,0.441338,0.23,1,423571,423104,467
46028881,34.3893,32.7093,448,39477,0.751117,0.57,2,424086,423638,448
46031801,23.3557,22.6837,448,39530,0.786447,0.53,2,424102,423654,448
46055161,50.0723,49.02,456,39954,0.905156,0.69,2,424437,423981,456
46058081,42.2289,41.208,457,40007,0.908062,0.73,2,424474,424017,457
46061001,18.0916,17.6832,457,40060,0.909225,0.73,2,424476,424019,457
46063921,21.6366,7.07328,481,40113,0.90969,0.73,2,424500,424019,481
46066841,35.6547,17.2293,502,40166,0.921876,0.77,2,424545,424043,502
46069761,23.8619,32.6917,475,40219,0.92675,0.81,2,424561,424086,475
46215761,44.8112,45.8148,484,42763,0.94,1,2,426378,425894,484
46227441,29.688,20.4401,508,42959,0.942064,1,2,426498,425990,508
46282921,137.015,128.777,497,19925,0.426508,0.47,1,427254,426757,497
46285841,102.206,110.311,478,20031,0.416603,0.43,1,427333,426855,478
46288761,67.2824,77.1244,467,20137,0.412641,0.45,1,427377,426910,467
46291681,75.5129,63.8497,493,20242,0.447056,0.37,1,427458,426965,493
46320881,98.306,98.7631,455,21267,0.793165,0.65,2,428150,427695,455
46338401,75.6525,73.2643,460,21858,0.923457,0.83,2,428495,428035,460
46431841,73.0902,72.4405,484,24773,0.918179,1,2,430619,430135,484
46449361,81.375,87.814,473,25282,0.0931964,0.99,1,430966,430493,473
46452281,58.95,62.7256,471,25366,0.0552786,0.87,1,431010,430539,471
46455201,65.58,73.0902,461,25450,0.0521114,0.87,1,431080,430619,461
46458121,43.032,29.2361,489,25533,0.0508446,0.83,1,431108,430619,489
46461041,56.8128,30.8944,523,25616,0.0503378,0.55,1,431174,430651,523
46463961,41.3251,59.7578,475,25699,0.0501351,0.37,1,431205,430730,475
46472721,77.5008,51.4885,522,25945,0.0735286,0.03,1,431387,430865,522
46475641,57.4003,81.1954,465,26027,0.0474115,0.03,1,431431,430966,465
46478561,65.5601,58.8782,492,26108,0.0849646,0.05,1,431502,431010,492
46481481,42.4241,65.5513,449,26189,0.0759858,0.05,1,431529,431080,449
46484401,58.9696,43.0205,491,26270,0.0723943,0.05,1,431599,431108,491
46487321,42.7878,56.8082,457,26351,0.0709577,0.05,1,431631,431174,457
46490241,36.3151,41.3233,458,26431,0.0703831,0.17,1,431663,431205,458
46493161,47.5261,35.1293,482,26511,0.0821532,0.15,1,431718,431236,482
46496081,73.0104,45.2517,520,26591,0.0628613,0.03,1,431808,431288,520
46499001,56.2042,77.5007,466,26671,0.0431445,0.03,1,431853,431387,466
46501921,66.2817,57.4003,495,26750,0.0472578,0.11,1,431926,431431,495
46504841,42.7127,65.5601,451,26829,0.0729031,0.07,1,431953,431502,451
46507761,59.0851,42.424,494,26908,0.0831612,0.07,1,432023,431529,494
46510681,24.834,58.9696,426,26987,0.0872645,0.07,1,432025,431599,426
46536961,25.0299,24.834,426,27685,0.228597,0.17,1,432451,432025,426
46539881,30.412,28.5336,429,27761,0.229439,0.15,1,432485,432056,429
46542801,31.3648,30.6134,429,27837,0.253776,0.23,1,432517,432088,429
46566161,31.4058,10.012,467,28440,0.401842,0.23,1,432918,432451,467
46572001,49.5449,28.9619,495,28588,0.418295,0.37,1,433012,432517,495
46615801,27.232,62.4619,454,29679,0.761066,0.61,2,433775,433321,454
46627481,45.6347,52.4598,458,29963,0.797515,0.71,2,433914,433456,458
46642081,64.7307,65.0799,458,30314,0.909232,0.77,2,434231,433773,458
46645001,27.0923,27.232,458,30384,0.933693,0.73,2,434233,433775,458
46805601,27.5724,34.0553,484,34001,0.232016,1,1,436755,436271,484
46811441,48.4516,55.0088,476,34125,0.0887226,1,1,436850,436374,476
46814361,43.9806,44.2035,480,34187,0.077489,0.96,1,436891,436411,480
46817281,42.7923,50.0814,468,34249,0.0609956,0.96,1,436933,436465,468
46820201,39.3169,20.0326,505,34311,0.0243982,1,1,436970,436465,505
46823121,45.7268,32.013,515,34373,0.0397593,0.82,1,437020,436505,515
46826041,46.4907,43.4052,511,34435,0.0339037,0.61,1,437067,436556,511
46828961,47.3963,51.5621,502,34496,0.0555615,0.53,1,437115,436613,502
46831881,31.5585,55.4248,465,34557,0.0282246,0.35,1,437136,436671,465
46834801,31.2234,37.7699,470,34618,0.0292898,0.29,1,437167,436697,470
46837721,23.2894,37.308,451,34679,0.0537159,0.15,1,437185,436734,451
46840641,28.5157,27.5232,462,34740,0.0514864,0.09,1,437217,436755,462
46843561,44.4063,32.6093,481,34801,0.0505945,0.05,1,437272,436791,481
46846481,42.3625,48.4437,463,34862,0.0622378,0.07,1,437313,436850,463
46849401,41.545,43.9775,463,34923,0.0788951,0.05,1,437354,436891,463
46852321,42.418,42.791,464,34984,0.037558,0,1,437397,436933,464
46855241,43.9672,39.3164,472,35044,0.0810232,0.05,1,437442,436970,472
46887361,17.5249,42.418,424,35702,0.097338,0.11,1,437821,437397,424
46913641,42.8823,43.5762,427,36232,0.214251,0.13,1,438165,437738,427
46916561,42.3529,42.0305,428,36290,0.2357,0.09,1,438207,437779,428
46919481,38.5412,40.8122,424,36348,0.25628,0.09,1,438243,437819,424
46922401,16.6165,17.5249,424,36406,0.264512,0.11,1,438245,437821,424
46925321,36.0466,35.81,425,36464,0.279805,0.11,1,438294,437869,425
46928241,43.8186,43.724,425,36522,0.297922,0.15,1,438343,437918,425
46939921,23.7202,23.1609,429,36754,0.405211,0.17,1,438465,438036,429
46942841,28.0881,27.2644,430,36811,0.420084,0.21,1,438496,438066,430
46945761,47.2352,45.7058,432,36868,0.438034,0.23,1,438556,438124,432
47007081,34.5619,32.7455,483,38054,0.751508,0.57,2,439337,438854,483
47010001,25.2247,33.4982,468,38110,0.786603,0.57,2,439356,438888,468
47012921,29.2899,24.1993,482,38165,0.776641,0.59,2,439388,438906,482
47015841,48.916,28.8797,512,38220,0.784657,0.59,2,439450,438938,512
47018761,43.5664,48.7519,490,38275,0.799863,0.59,2,439490,439000,490
47021681,43.8266,43.5008,494,38330,0.793945,0.59,2,439534,439040,494
47024601,41.5306,43.2003,491,38385,0.791578,0.61,2,439574,439083,491
47027521,17.8122,41.2801,453,38440,0.790631,0.61,2,439576,439123,453
47045041,30.5844,34.5619,460,38770,0.911869,0.81,2,439797,439337,460
47050881,29.2535,29.2899,461,38878,0.905499,0.79,2,439849,439388,461
47053801,48.9014,48.916,461,38932,0.9202,0.81,2,439911,439450,461
47056721,44.1606,43.5664,462,38986,0.93808,0.79,2,439952,439490,462
47205641,340.871,360.958,485,18980,0.442,1,1,441803,441318,485
47214401,111.408,116.773,501,19314,0.073168,0.45,1,442092,441591,501
47217321,81.1631,103.709,467,19424,0.0832672,0.15,1,442153,441686,467
47220241,63.6652,89.4837,439,19533,0.0873069,0.11,1,442205,441766,439
47223161,34.4661,50.1935,430,19642,0.0769228,0.07,1,442220,441790,430
47226081,87.5864,27.8774,540,19750,0.0607691,0.03,1,442343,441803,540
47229001,75.8346,81.351,491,19857,0.0423076,0.05,1,442411,441920,491
47231921,92.7338,73.9404,526,19964,0.0469231,0.05,1,442515,441989,526
47234841,73.6935,91.3762,484,20070,0.0607692,0.09,1,442576,442092,484
47237761,60.6774,73.1505,475,20176,0.0903077,0.09,1,442628,442153,475
47246521,74.5394,87.0736,490,20490,0.21194,0.03,1,442833,442343,490
47249441,92.8157,75.6295,527,20594,0.210776,0.05,1,442938,442411,527
47252361,74.3263,92.6518,485,20697,0.22231,0.07,1,443000,442515,485
47255281,62.1305,73.6607,478,20799,0.262924,0.11,1,443054,442576,478
47258201,35.6522,60.6643,444,20901,0.27917,0.11,1,443072,442628,444
47269881,83.6215,92.8154,432,21304,0.403099,0.23,1,443370,442938,432
47272801,71.2486,74.3262,433,21404,0.407239,0.29,1,443433,443000,433
47275721,62.6994,62.1305,436,21503,0.444896,0.29,1,443490,443054,436
47278641,37.0798,35.6522,438,21602,0.435958,0.33,1,443510,443072,438
47281561,91.0319,90.4609,438,21700,0.444383,0.33,1,443637,443199,438
47284481,37.6128,37.3843,438,21798,0.447753,0.39,1,443639,443201,438
47316601,65.9077,66.9341,508,22845,0.782393,0.59,2,444383,443875,508
47319521,37.1631,61.5736,468,22938,0.774957,0.63,2,444401,443933,468
47331201,88.2106,56.6275,562,23305,0.927855,0.73,2,444714,444152,562
47456761,22.898,48.7415,480,26940,0.940444,1,2,447224,446744,480
47459681,31.9592,38.6966,486,27019,0.910177,1,2,447262,446776,486
47462601,76.3837,83.2786,479,27097,0.934071,1,2,447368,446889,479
47468441,59.1414,57.0046,479,27253,0.945051,0.99,2,447466,446987,479
47588161,47.2917,44.3103,501,30274,0.9076,1,2,449605,449104,501
47602761,51.6907,44.1702,497,30622,0.26595,1,1,449809,449312,497
47608601,83.0305,82.3072,492,30760,0.074952,1,1,449960,449468,492
47611521,46.4122,53.3229,480,30829,0.0479808,0.94,1,449982,449502,480
47614441,47.9649,59.7292,465,30898,0.0251923,0.87,1,450031,449566,465
47617361,40.186,47.2917,461,30966,0.0400769,0.75,1,450066,449605,461
47620281,34.6744,39.9167,457,31034,0.0160308,0.69,1,450097,449640,457
47623201,30.0698,35.1667,452,31102,0.0124123,0.49,1,450124,449672,452
47626121,34.2279,38.0667,449,31170,0.0109649,0.39,1,450161,449712,449
47629041,29.2912,36.2267,440,31238,0.022386,0.13,1,450187,449747,440
47631961,41.1165,51.6907,427,31306,0.0269544,0.13,1,450236,449809,427
47634881,39.8466,20.6763,466,31374,0.0167818,0.01,1,450275,449809,466
47637801,81.3386,34.6705,531,31441,0.0367127,0.05,1,450384,449853,531
47640721,45.1355,78.0682,445,31508,0.0206851,0.03,1,450405,449960,445
47643641,46.2542,44.4273,470,31575,0.038274,0.01,1,450452,449982,470
47646561,39.5017,47.1709,456,31642,0.0213096,0.05,1,450487,450031,456
47649481,35.0007,39.8684,453,31709,0.0385238,0,1,450519,450066,453
47652401,29.6003,34.5473,448,31776,0.0334095,0.01,1,450545,450097,448
47655321,34.0401,30.0189,458,31843,0.0913638,0.01,1,450582,450124,458
47658241,29.216,34.2076,447,31909,0.0665455,0.03,1,450608,450161,447
47664081,40.4346,41.1132,461,32041,0.0646473,0.01,1,450697,450236,461
47667001,82.1738,39.8453,532,32107,0.0558589,0.05,1,450807,450275,532
47669921,45.4695,81.3381,444,32173,0.0523436,0.01,1,450828,450384,444
47672841,45.1878,45.1352,468,32239,0.0749374,0.05,1,450873,450405,468
47675761,40.8751,46.2541,459,32305,0.035975,0.01,1,450911,450452,459
47678681,34.95,39.5016,455,32370,0.03239,0.05,1,450942,450487,455
47681601,28.38,35.0007,447,32435,0.054956,0.03,1,450966,450519,447
47684521,37.152,29.6003,464,32500,0.0519824,0.13,1,451009,450545,464
47687441,26.8608,34.0401,447,32565,0.038793,0.05,1,451029,450582,447
47690361,41.9443,29.216,473,32630,0.0575172,0.15,1,451081,450608,473
47693281,39.5777,41.0864,462,32695,0.0530069,0.03,1,451119,450657,462
47696201,81.2311,40.4346,531,32760,0.0392027,0.05,1,451228,450697,531
47699121,33.6924,82.1738,423,32825,0.0336811,0.05,1,451230,450807,423
47702041,25.477,45.4695,422,32889,0.0194724,0.09,1,451250,450828,422
47704961,39.5908,45.1878,426,32953,0.049789,0.01,1,451299,450873,426
47707881,36.8363,40.8751,423,33017,0.0379156,0.03,1,451334,450911,423
47710801,33.3345,34.95,423,33081,0.0211662,0.07,1,451365,450942,423
47713721,27.7338,28.38,423,33145,0.0504665,0.05,1,451389,450966,423
47716641,38.0935,37.152,425,33209,0.0381866,0.03,1,451434,451009,425
47719561,26.0374,26.8608,423,33273,0.0452746,0.07,1,451452,451029,423
47722481,42.815,41.9443,425,33337,0.0601099,0.05,1,451506,451081,425
47725401,38.126,39.5777,422,33400,0.0540439,0.03,1,451541,451119,422
47728321,82.4504,81.2311,425,33463,0.0516176,0.03,1,451653,451228,425
47731241,34.1802,33.6924,425,33526,0.050647,0.01,1,451655,451230,425
47734161,23.8721,25.477,422,33589,0.0502588,0.07,1,451672,451250,422
47737081,39.5488,39.5908,423,33652,0.0621035,0.03,1,451722,451299,423
47740001,36.2195,36.8363,422,33715,0.0668414,0.01,1,451756,451334,422
47742921,33.0878,33.3345,422,33778,0.0687366,0.07,1,451787,451365,422
47745841,27.6351,27.7338,422,33841,0.0574946,0.03,1,451811,451389,422
47748761,38.0541,38.0935,422,33903,0.0409978,0.05,1,451856,451434,422
47751681,26.0216,26.0374,422,33965,0.0463991,0.07,1,451874,451452,422
47754601,44.6086,42.815,425,34027,0.0245597,0.05,1,451931,451506,425
47757521,37.0435,38.126,422,34089,0.0398239,0.05,1,451963,451541,422
47760441,83.2174,82.4504,424,34151,0.0339295,0.05,1,452077,451653,424
47763361,34.487,34.1802,424,34213,0.0315718,0.05,1,452079,451655,424
47766281,23.9948,13.6721,441,34275,0.0426287,0.05,1,452096,451655,441
47769201,38.9979,15.6688,473,34337,0.0470515,0.07,1,452145,451672,473
47772121,35.9992,36.2675,457,34399,0.0848206,0.07,1,452179,451722,457
47775041,32.9997,34.907,454,34460,0.0879282,0.07,1,452210,451756,454
47777961,26.3999,32.5628,445,34521,0.0651713,0.05,1,452232,451787,445
47780881,37.5599,27.4251,466,34582,0.0680685,0.03,1,452277,451811,466
47783801,25.824,37.97,439,34643,0.0452274,0.05,1,452295,451856,439
47786721,44.5296,25.988,478,34704,0.036091,0.01,1,452352,451874,478
47789641,37.0118,44.5952,453,34765,0.0564364,0.05,1,452384,451931,453
47792561,83.8047,37.0381,536,34826,0.0525746,0.03,1,452499,451963,536
47795481,34.7219,83.2152,424,34887,0.0510298,0.03,1,452501,452077,424
47798401,24.6888,34.4861,440,34948,0.0504119,0.05,1,452519,452079,440
47801321,41.0755,23.9944,475,35008,0.0621648,0.05,1,452571,452096,475
47804241,36.8302,38.9978,460,35068,0.0908659,0.11,1,452605,452145,460
47818841,44.036,25.824,479,35368,0.21239,0.03,1,452774,452295,479
47821761,38.6144,44.5296,457,35428,0.234956,0.07,1,452809,452352,457
47827601,34.4983,83.8047,425,35548,0.0627929,0.05,1,452924,452499,425
47830521,23.9993,34.7219,440,35607,0.0311172,0.05,1,452941,452501,440
47833441,41.9997,24.6888,476,35666,0.0544469,0.07,1,452995,452519,476
47836361,17.9999,41.0755,426,35725,0.0637788,0.11,1,452997,452571,426
47839281,30,36.8302,430,35784,0.0915115,0.17,1,453035,452605,430
47842201,28.8,31.5321,430,35843,0.0786046,0.17,1,453063,452633,430
47845121,24.72,25.8128,430,35902,0.0974418,0.17,1,453085,452655,430
47848041,36.288,36.7251,430,35961,0.0929767,0.15,1,453129,452699,430
47859721,76.9034,83.2458,423,36196,0.218524,0.03,1,453345,452922,423
47862641,31.9613,34.4983,423,36254,0.23741,0.01,1,453347,452924,423
47865561,23.5845,23.9993,424,36312,0.220964,0.07,1,453365,452941,424
47868481,43.0338,41.9997,426,36370,0.250386,0.07,1,453421,452995,426
47871401,18.4135,17.9999,426,36428,0.262154,0.11,1,453423,452997,426
47874321,29.5654,30,425,36486,0.266862,0.07,1,453460,453035,425
47891841,39.344,39.2584,429,36833,0.423898,0.25,1,453672,453243,429
47894761,78.7376,76.9034,432,36890,0.439559,0.25,1,453777,453345,432
47897681,32.695,31.9613,432,36947,0.445824,0.21,1,453779,453347,432
47900601,23.878,23.5845,432,37004,0.44833,0.27,1,453797,453365,432
47912281,29.5121,11.8262,463,37232,0.416645,0.33,1,453923,453460,463
47918121,37.7219,22.4122,482,37346,0.437463,0.39,1,453993,453511,482
47923961,48.7555,27.9459,500,37459,0.440794,0.39,1,454078,453578,500
47926881,40.5022,47.1784,475,37515,0.446318,0.45,1,454113,453638,475
47964841,83.4883,40.5022,555,38240,0.755639,0.55,2,454668,454113,555
47967761,34.5953,80.4009,450,38295,0.776256,0.55,2,454670,454220,450
47970681,24.6381,33.3604,466,38350,0.784502,0.55,2,454688,454222,466
47973601,43.4553,24.1441,504,38405,0.787801,0.55,2,454744,454240,504
47976521,18.5821,43.2577,450,38460,0.78912,0.55,2,454746,454296,450
47979441,29.0328,18.5031,484,38515,0.789648,0.53,2,454782,454298,484
47982361,28.4131,29.6012,475,38570,0.789859,0.53,2,454810,454335,475
47985281,12.5653,28.6405,449,38625,0.789944,0.55,2,454812,454363,449
47999881,42.3821,40.7208,458,38898,0.928854,0.79,2,455014,454556,458
48169241,41.2342,29.6509,515,41930,0.946,1,2,457159,456644,515
48172161,35.0937,29.8604,516,41980,0.9004,1,2,457190,456674,516
48189681,20.5639,33.0409,491,42280,0.757167,1,2,457332,456841,491
48201361,48.416,51.0346,481,42480,0.763239,1,2,457537,457056,481
48207201,30.3066,34.0855,470,42580,0.764118,0.91,2,457583,457113,470
48210121,35.5226,41.2342,463,42630,0.779647,0.87,2,457622,457159,463
48213041,34.0091,35.0937,465,42680,0.797859,0.81,2,457655,457190,465
48218881,14.0814,15.215,461,42778,0.784057,0.67,2,457679,457218,461
48271441,19.2653,29.6049,474,43657,0.903735,0.83,2,458251,457777,474
48274361,34.1061,20.2419,504,43705,0.907494,0.89,2,458295,457791,504
48277281,32.8424,32.6968,495,43753,0.908998,0.85,2,458327,457832,495
48408681,33.8815,26.9941,510,45871,0.94,1,2,459810,459300,510
48414521,42.261,22.7991,534,45963,0.9424,1,2,459911,459377,534
48426201,32.6467,38.8397,509,46147,0.928109,1,2,460019,459510,509
48434961,31.6814,21.7337,526,46285,0.920999,1,2,460118,459592,526
48443721,27.3236,33.119,510,46422,0.939744,1,2,460197,459687,510
48455401,45.7331,33.8814,536,46602,0.946857,1,2,460346,459810,536
48753241,37.6621,36.9709,459,24348,0.767155,0.77,2,464159,463700,459
48756161,67.8648,66.9884,460,24435,0.780862,0.75,2,464247,463787,460
48770761,59.5516,60.638,456,24866,0.940185,0.73,2,464530,464074,456
48919681,52.0731,59.8537,525,28890,0.76888,1,2,467389,466864,525
48928441,42.5727,55.4066,509,29109,0.205448,1,1,467545,467036,509
48934281,40.8916,44.9851,517,29255,0.0580717,1,1,467633,467116,517
48937201,60.1567,40.794,552,29327,0.0772287,1,1,467706,467154,552
48940121,50.4627,56.5176,529,29399,0.0608915,0.93,1,467750,467221,529
48943041,53.7851,56.207,529,29471,0.0423566,0.79,1,467806,467277,529
48945961,44.914,62.6828,501,29543,0.0229426,0.71,1,467845,467344,501
48948881,55.7656,52.0731,519,29615,0.0511771,0.49,1,467908,467389,519
48951801,44.5062,68.8292,476,29686,0.0744708,0.23,1,467945,467469,476
48954721,37.0025,50.9317,469,29757,0.0297883,0.09,1,467977,467508,469
48957641,40.001,42.5727,474,29828,0.0119153,0.03,1,468019,467545,474
48960561,17.2004,48.2291,424,29899,0.0107661,0.03,1,468021,467597,424
48963481,27.8802,40.8916,423,29970,0.0343065,0.09,1,468056,467633,423
48966401,56.7521,60.1567,426,30041,0.0797226,0.05,1,468132,467706,426
48969321,46.7008,50.4627,422,30111,0.061889,0.03,1,468172,467750,422
48972241,52.2803,53.7851,422,30181,0.0307556,0.01,1,468228,467806,422
48975161,45.5121,44.914,424,30251,0.0303022,0.07,1,468269,467845,424
48978081,54.8049,55.7656,422,30321,0.0181209,0.09,1,468330,467908,422
48981001,45.3219,44.5062,424,30391,0.0732484,0,1,468369,467945,424
48983921,36.1288,37.0025,422,30461,0.0472993,0,1,468399,467977,422
48986841,40.2515,40.001,423,30530,0.0369197,0.01,1,468442,468019,423
48989761,17.3006,17.2004,423,30599,0.0147679,0.05,1,468444,468021,423
48992681,27.3202,27.8802,422,30668,0.0239072,0.11,1,468478,468056,422
48995601,57.1281,56.7521,423,30737,0.0275629,0.05,1,468555,468132,423
48998521,46.2512,46.7008,422,30806,0.0290251,0.01,1,468594,468172,422
49001441,52.1005,52.2803,422,30875,0.0176101,0.03,1,468650,468228,422
49004361,46.0402,45.5121,423,30944,0.013044,0.01,1,468692,468269,423
49007281,54.4161,54.8049,422,31012,0.00521761,0.11,1,468752,468330,422
49010201,46.9664,45.3219,425,31080,0.044087,0.03,1,468794,468369,425
49013121,34.9866,36.1288,422,31148,0.0716348,0.03,1,468821,468399,422
49016041,40.3946,40.2515,423,31216,0.0346539,0,1,468865,468442,423
49018961,17.3579,17.3006,423,31284,0.0198616,0,1,468867,468444,423
49021881,26.1431,6.92024,455,31352,0.0499446,0.03,1,468899,468444,455
49024801,57.8573,23.1681,500,31419,0.0619779,0.03,1,468978,468478,500
49027721,45.3429,55.4672,460,31486,0.0667911,0.03,1,469015,468555,460
49030641,51.7372,45.5869,477,31553,0.0927165,0.01,1,469071,468594,477
49033561,45.8949,51.8348,463,31620,0.0550866,0.01,1,469113,468650,463
49036481,54.3579,45.9339,481,31687,0.0220346,0,1,469173,468692,481
49039401,47.5432,54.3736,464,31754,0.0388139,0.07,1,469216,468752,464
49042321,34.6173,46.9494,448,31821,0.0575255,0.09,1,469242,468794,448
49045241,40.2469,34.9798,465,31887,0.0410102,0.01,1,469286,468821,465
49048161,17.2988,40.3919,423,31953,0.0344041,0.01,1,469288,468865,423
49051081,27.9195,17.3568,456,32019,0.0317616,0.07,1,469323,468867,456
49054001,57.3678,26.1427,501,32085,0.0427047,0.07,1,469400,468899,501
49056921,46.3471,57.8571,461,32151,0.0950819,0.07,1,469439,468978,461
49068601,49.1961,54.3579,467,32414,0.0589301,0.05,1,469640,469173,467
49071521,35.2784,47.5432,450,32479,0.041572,0.07,1,469666,469216,450
49074441,39.3114,34.6173,466,32544,0.0466288,0.03,1,469708,469242,466
49077361,16.9245,40.2469,424,32609,0.0486515,0.03,1,469710,469286,424
49080281,28.9698,17.2988,459,32674,0.0734606,0.03,1,469747,469288,459
49083201,57.1879,27.9195,500,32739,0.0473842,0.05,1,469823,469323,500
49086121,24.0752,57.3678,425,32804,0.0369537,0.13,1,469825,469400,425
49089041,34.8301,46.3471,428,32868,0.0687815,0.19,1,469867,469439,428
49091961,48.132,50.9388,431,32932,0.0695126,0.15,1,469924,469493,431
49094881,41.4528,44.9755,427,32996,0.081805,0.07,1,469961,469534,427
49097801,50.1811,53.9902,423,33060,0.086722,0.03,1,470017,469594,423
49100721,47.6724,49.1961,423,33124,0.0766888,0.03,1,470063,469640,423
49103641,34.669,35.2784,423,33188,0.0966755,0.05,1,470089,469666,423
49115321,56.6107,57.1879,423,33442,0.0942989,0.03,1,470246,469823,423
49129921,51.5576,50.1811,426,33757,0.207106,0.07,1,470443,470017,426
49132841,47.623,47.6724,425,33820,0.232843,0.11,1,470488,470063,425
49135761,34.6492,34.669,425,33883,0.243137,0.11,1,470514,470089,425
49138681,40.8597,39.6676,427,33945,0.259255,0.15,1,470559,470132,427
49141601,17.5439,17.067,427,34007,0.265702,0.13,1,470561,470134,427
49144521,28.6175,29.0268,426,34069,0.268281,0.07,1,470597,470171,426
49147441,56.447,56.6107,426,34131,0.281312,0.13,1,470672,470246,426
49150361,23.7788,23.8443,426,34193,0.286525,0.11,1,470674,470248,426
49156201,48.9246,14.1351,484,34317,0.294244,0.17,1,470775,470291,484
49164961,48.1312,50.2006,476,34502,0.408832,0.25,1,470919,470443,476
49167881,34.8525,47.0803,457,34563,0.421533,0.25,1,470945,470488,457
49170801,41.541,34.4321,477,34624,0.438613,0.27,1,470991,470514,477
49173721,17.8164,40.7728,434,34685,0.445445,0.27,1,470993,470559,434
49229201,52.7374,55.3055,454,35825,0.760771,0.69,2,471769,471315,454
49232121,49.895,49.7222,456,35884,0.754309,0.69,2,471817,471361,456
49235041,35.558,35.4889,456,35943,0.775723,0.73,2,471843,471387,456
49237961,43.6232,42.3956,458,36002,0.784289,0.73,2,471892,471434,458
49264241,53.5495,52.7374,459,36527,0.928579,0.75,2,472228,471769,459
49389801,44.3082,59.3949,490,38937,0.928,1,2,473905,473415,490
49413161,34.8202,40.1589,478,39369,0.272336,1,1,474200,473722,478
49416081,42.1281,37.6636,489,39423,0.270934,1,1,474247,473758,489
49419001,30.6512,33.0654,482,39477,0.234374,1,1,474270,473788,482
49421921,27.8605,32.4262,476,39530,0.207749,1,1,474296,473820,476
49433601,30.526,31.9293,465,39742,0.0925344,0.69,1,474427,473962,465
49436521,33.2104,37.9717,458,39795,0.0550138,0.61,1,474462,474004,458
49439441,30.0842,33.7887,455,39848,0.0400055,0.53,1,474490,474035,455
49442361,29.4337,36.3155,446,39901,0.0460022,0.41,1,474519,474073,446
49445281,33.9735,39.1262,442,39954,0.0484009,0.29,1,474556,474114,442
49448201,45.9894,54.0505,432,40007,0.0733604,0.21,1,474610,474178,432
49451121,31.5958,34.8202,432,40060,0.0833441,0.21,1,474632,474200,432
49454041,40.8383,13.9281,479,40113,0.0633377,0.27,1,474679,474200,479
49456961,28.9353,33.7712,453,40166,0.0673351,0.21,1,474700,474247,453
49459881,27.1741,27.3085,456,40219,0.056934,0.19,1,474726,474270,456
49462801,30.6697,26.5234,463,40271,0.0767736,0.19,1,474759,474296,463
49477401,29.3925,33.1967,449,40531,0.218389,0.03,1,474911,474462,449
49480321,29.757,30.0787,451,40583,0.225356,0.05,1,474941,474490,451
49483241,34.1028,29.4315,459,40635,0.228142,0.05,1,474978,474519,459
49486161,45.4411,33.9726,475,40687,0.241257,0.09,1,475031,474556,475
49489081,31.3764,45.989,443,40739,0.258503,0.09,1,475053,474610,443
49492001,41.9506,31.5956,470,40791,0.241401,0.05,1,475102,474632,470
49494921,28.7802,40.8382,443,40843,0.23456,0.07,1,475122,474679,443
49497841,26.5121,28.9353,447,40895,0.267824,0.05,1,475147,474700,447
49500761,32.8048,27.1741,458,40947,0.28113,0.09,1,475184,474726,458
49524121,46.4253,34.1028,487,41356,0.419996,0.25,1,475465,474978,487
49527041,31.7701,45.4411,456,41407,0.437998,0.27,1,475487,475031,456
49529961,40.9081,31.3764,481,41458,0.433199,0.23,1,475534,475053,481
49532881,28.3632,41.9506,452,41509,0.43128,0.23,1,475554,475102,452
49535801,12.5453,28.7802,434,41560,0.430512,0.29,1,475556,475122,434
49538721,21.2181,26.5121,436,41611,0.442205,0.29,1,475583,475147,436
49588361,29.6193,29.126,445,42465,0.75972,0.53,2,476132,475687,445
49591281,31.0477,30.2504,446,42515,0.765888,0.53,2,476164,475718,446
49626321,38.853,26.8883,499,43106,0.787666,0.77,2,476565,476066,499
49629241,30.5412,35.9553,482,43155,0.777066,0.77,2,476590,476108,482
49632161,32.6165,28.7821,492,43204,0.772826,0.77,2,476624,476132,492
49646761,51.815,36.2486,523,43449,0.915143,0.87,2,476823,476300,523
49649681,34.526,51.0995,485,43498,0.924057,0.87,2,476846,476361,485
49652601,41.4104,34.2398,508,43547,0.939623,0.85,2,476892,476384,508
49655521,28.5642,41.8959,481,43595,0.945849,0.85,2,476912,476431,481
49658441,12.6257,28.7584,463,43643,0.94834,0.85,2,476914,476451,463
49661361,23.0503,12.7033,491,43691,0.949336,0.85,2,476944,476453,491
49821961,35.7781,43.7928,510,46272,0.750025,1,2,478761,478251,510
49836561,24.52,18.1787,511,46499,0.0884067,1,1,478901,478390,511
49839481,30.808,27.6715,512,46544,0.0533627,1,1,478936,478424,512
49842401,31.5232,32.0686,509,46589,0.0273451,1,1,478968,478459,509
49845321,33.6093,32.0274,512,46634,0.016938,0.96,1,479003,478491,512
49848241,30.8437,32.611,508,46679,0.00677521,1,1,479032,478524,508
49851161,30.3375,34.0444,503,46724,0.00871008,1,1,479062,478559,503
49854081,31.335,31.0178,506,46769,0.045484,1,1,479094,478588,506
49857001,31.734,32.2071,505,46814,0.0181936,0.96,1,479126,478621,505
49859921,29.4936,33.2828,499,46859,0.0252774,0.95,1,479154,478655,499
49862841,29.1974,33.1131,495,46904,0.016111,0.81,1,479183,478688,495
49865761,29.679,35.4453,488,46949,0.0244444,0.67,1,479213,478725,488
49868681,25.6716,35.7781,475,46994,0.0277778,0.59,1,479236,478761,475
49871601,24.6686,32.3112,469,47039,0.0291111,0.41,1,479260,478791,469
49874521,25.4675,32.1245,463,47084,0.0416444,0.17,1,479286,478823,463
49877441,17.987,33.2498,442,47129,0.0466578,0.09,1,479299,478857,442
49880361,20.9948,25.2999,445,47174,0.0246631,0.03,1,479322,478877,445
49883281,29.9979,24.52,457,47219,0.0638652,0.03,1,479358,478901,457
49886201,31.1992,30.808,454,47264,0.0255461,0.01,1,479390,478936,454
49889121,32.8797,31.5232,456,47309,0.0402184,0.01,1,479424,478968,456
49892041,31.7519,33.6093,452,47354,0.0220874,0,1,479455,479003,452
49894961,13.9007,30.8437,425,47399,0.0268349,0.01,1,479457,479032,425
49897881,22.9603,30.3375,424,47443,0.028734,0.07,1,479486,479062,424
49900801,28.3841,31.335,424,47487,0.0294936,0,1,479518,479094,424
49903721,29.3536,31.734,422,47531,0.0537974,0.03,1,479548,479126,422
49906641,29.1415,29.4936,423,47575,0.027519,0.01,1,479577,479154,423
49909561,28.4566,29.1974,422,47619,0.0650076,0.03,1,479605,479183,422
49915401,26.7531,25.6716,424,47707,0.0956012,0.03,1,479660,479236,424
49918321,25.7012,24.6686,425,47751,0.0802405,0.05,1,479685,479260,425
49930001,32.05,29.9979,426,47927,0.0747742,0,1,479784,479358,426
49932921,29.62,31.1992,422,47971,0.0299097,0.05,1,479812,479390,422
49935841,33.448,32.8797,424,48015,0.0119639,0.01,1,479848,479424,424
49938761,30.7792,31.7519,422,48059,0.0107855,0.03,1,479877,479455,422
49941681,13.5117,13.9007,422,48103,0.0103142,0.03,1,479879,479457,422
49944601,22.8047,22.9603,422,48147,0.0101257,0.03,1,479908,479486,422
49947521,28.9219,28.3841,423,48191,0.0340503,0.07,1,479941,479518,423
49950441,28.9687,29.3536,422,48235,0.0316201,0.01,1,479970,479548,422
49953361,30.1875,29.1415,424,48279,0.042648,0.09,1,480001,479577,424
49956281,30.075,28.4566,426,48323,0.0710592,0.13,1,480031,479605,426
49959201,31.83,29.3826,429,48367,0.0704237,0.09,1,480064,479635,429
49962121,24.732,26.7531,424,48411,0.0701695,0.07,1,480084,479660,424
49965041,25.4928,25.7012,425,48455,0.0700678,0.15,1,480110,479685,425
49976721,30.4174,32.05,422,48627,0.0737457,0,1,480206,479784,422
49979641,28.967,29.62,422,48670,0.0294983,0,1,480234,479812,422
49982561,33.1868,33.448,422,48713,0.0297993,0.01,1,480270,479848,422
49985481,30.6747,30.7792,422,48756,0.0419197,0.01,1,480299,479877,422
49988401,13.4699,13.5117,422,48799,0.0227679,0.01,1,480301,479879,422
49991321,23.388,22.8047,423,48842,0.0151072,0.01,1,480331,479908,423
49994241,27.9552,9.12187,454,48885,0.0240429,0.05,1,480362,479908,454
49997161,28.5821,23.4487,450,48928,0.0396171,0.03,1,480391,479941,450
50000081,30.6328,26.7795,453,48971,0.0158469,0.05,1,480423,479970,453
50003001,31.4531,29.3118,454,49014,0.0243387,0.09,1,480455,480001,454
50005921,32.3813,29.7247,457,49057,0.0397355,0.07,1,480488,480031,457
50008841,24.9525,31.6899,444,49100,0.0578942,0.07,1,480508,480064,444
50011761,25.581,24.676,450,49143,0.0651577,0.07,1,480534,480084,450
50014681,27.0324,25.4704,452,49186,0.0800631,0.13,1,480562,480110,452
50017601,18.013,26.3882,437,49229,0.0860252,0.11,1,480574,480137,437
50020521,18.6052,18.3553,443,49272,0.0764101,0.11,1,480593,480150,443
50023441,27.8421,17.5421,460,49315,0.096564,0.05,1,480627,480167,460
50026361,27.9368,30.4168,449,49358,0.0686256,0,1,480655,480206,449
50029281,32.7747,28.9667,457,49401,0.0574502,0.03,1,480691,480234,457
50032201,30.5099,33.1867,450,49444,0.0409801,0.05,1,480720,480270,450
50035121,13.404,30.6747,423,49487,0.034392,0.01,1,480722,480299,423
50038041,23.3616,13.4699,451,49530,0.0437568,0.01,1,480752,480301,451
50040961,28.5446,23.3879,453,49573,0.0235027,0.03,1,480784,480331,453
50043881,28.2179,27.9552,450,49615,0.0274011,0.05,1,480812,480362,450
50046801,31.0871,28.5821,454,49657,0.0109604,0,1,480845,480391,454
50049721,31.6349,30.6328,454,49699,0.0583842,0.03,1,480877,480423,454
50052641,33.0539,31.4531,456,49741,0.0773537,0.05,1,480911,480455,456
50073081,24.9797,27.8421,449,50035,0.20575,0.05,1,481076,480627,449
50078921,29.3168,32.7747,450,50119,0.04612,0.03,1,481141,480691,450
50081841,12.9267,30.5099,423,50161,0.024448,0.03,1,481143,480720,423
50084761,23.7707,13.404,452,50203,0.0157792,0.05,1,481174,480722,452
50087681,29.3083,23.3616,455,50245,0.00631168,0.01,1,481207,480752,455
50090601,27.9233,28.5446,450,50287,0.0205247,0.03,1,481234,480784,450
50093521,12.3693,28.2179,424,50329,0.0262099,0,1,481236,480812,424
50096441,25.3477,31.0871,425,50371,0.0284839,0.09,1,481270,480845,425
50099361,29.9391,31.6349,426,50413,0.0413936,0.09,1,481303,480877,426
50102281,32.3756,33.0539,426,50455,0.0465574,0.13,1,481337,480911,426
50105201,27.9503,25.8216,430,50497,0.036623,0.17,1,481362,480932,430
50108121,27.3801,25.9286,431,50539,0.0566492,0.17,1,481389,480958,431
50111041,27.752,27.7715,430,50581,0.0886597,0.17,1,481417,480987,430
50113961,18.3008,18.3086,430,50623,0.0774639,0.17,1,481429,480999,430
50116881,18.1203,18.1234,430,50665,0.0969855,0.17,1,481447,481017,430
50140241,27.7297,27.9233,423,50996,0.0906173,0.03,1,481657,481234,423
50143161,12.2919,12.3693,423,51037,0.0782469,0.03,1,481659,481236,423
50146081,25.3167,25.3477,423,51078,0.0972988,0.05,1,481693,481270,423
50166521,18.233,18.1203,425,51365,0.224693,0.15,1,481872,481447,425
50169441,31.8932,30.6481,427,51406,0.263877,0.17,1,481913,481486,427
50172361,25.9573,24.8593,428,51447,0.279551,0.17,1,481935,481507,428
50175281,28.3829,27.9437,428,51488,0.28582,0.15,1,481965,481537,428
50178201,26.9532,27.3775,427,51529,0.288328,0.15,1,481991,481564,427
50181121,11.9813,12.151,427,51570,0.289331,0.13,1,481993,481566,427
50184041,23.3925,24.0604,426,51611,0.277732,0.11,1,482024,481598,426
50186961,27.957,28.8242,425,51652,0.285093,0.07,1,482055,481630,425
50189881,27.3828,27.7297,425,51693,0.276037,0.07,1,482082,481657,425
50192801,12.1531,12.2919,425,51734,0.248415,0.11,1,482084,481659,425
50195721,26.4612,25.3167,427,51775,0.273366,0.11,1,482120,481693,427
50198641,30.9845,10.1267,461,51816,0.283346,0.17,1,482154,481693,461
50201561,32.7938,23.2507,463,51857,0.263339,0.21,1,482188,481725,463
50204481,28.1175,29.7003,454,51898,0.243335,0.21,1,482213,481759,454
50207401,28.647,26.8801,458,51939,0.247334,0.15,1,482242,481784,458
50210321,29.4588,28.752,458,51980,0.248934,0.19,1,482272,481814,458
50213241,19.5835,28.3008,443,52021,0.273573,0.19,1,482285,481842,443
50216161,18.6334,18.5203,449,52061,0.283429,0.25,1,482303,481854,449
50219081,33.2534,18.2081,474,52101,0.287372,0.29,1,482346,481872,474
50222001,26.5013,31.8833,455,52141,0.288949,0.29,1,482368,481913,455
50251201,32.5095,30.9845,467,52541,0.416443,0.25,1,482621,482154,467
50254121,27.4038,32.7938,457,52581,0.436577,0.23,1,482645,482188,457
50338801,30.1507,28.9293,454,53730,0.757874,0.65,2,483379,482925,454
50341721,28.8603,28.3717,454,53769,0.75315,0.65,2,483407,482953,454
50344641,12.7441,12.5487,454,53808,0.77526,0.61,2,483409,482955,454
50347561,27.8976,29.0195,452,53847,0.760104,0.59,2,483447,482995,452
50350481,30.3591,31.4078,451,53886,0.790042,0.61,2,483479,483028,451
50365081,30.5566,30.576,454,54081,0.941469,0.69,2,483608,483154,454
50652701,56.4695,57.1005,455,27309,0.77521,0.67,2,486546,486091,455
50655621,52.5878,54.0402,453,27387,0.796084,0.65,2,486596,486143,453
50924261,43.8074,40.4685,496,33760,0.9412,1,2,491069,490573,496
50944701,40.5295,41.9152,489,34196,0.200318,1,1,491368,490879,489
50947621,47.4118,35.3661,510,34258,0.0981271,1,1,491420,490910,510
50950541,42.9647,14.1464,550,34320,0.0932508,1,1,491460,490910,550
50953461,48.9859,50.0586,529,34382,0.0673003,0.83,1,491513,490984,529
50956381,39.9944,47.6234,517,34443,0.0569201,0.97,1,491547,491030,517
50959301,33.3977,42.4494,507,34504,0.0287681,1,1,491576,491069,507
50988501,41.3312,48.9857,459,35112,0.0965504,0.05,1,491972,491513,459
50991421,33.9325,39.9943,454,35172,0.0806202,0.01,1,492001,491547,454
50994341,44.173,33.3977,476,35232,0.0502481,0.15,1,492052,491576,476
50997261,36.2692,42.1591,459,35292,0.0860992,0.13,1,492083,491624,459
51003101,32.4431,35.4255,458,35412,0.0989759,0.13,1,492149,491691,458
51020621,36.4633,47.8279,428,35768,0.236644,0.09,1,492363,491935,428
51023541,35.5853,41.3312,426,35827,0.244658,0.07,1,492398,491972,426
51026461,31.0341,33.9325,425,35886,0.247863,0.03,1,492426,492001,425
51029381,43.0137,44.173,425,35945,0.249145,0.11,1,492477,492052,425
51032301,37.0055,36.2692,427,36004,0.261658,0.13,1,492510,492083,427
51049821,41.777,41.1457,431,36355,0.40268,0.19,1,492743,492312,431
51058581,35.5057,35.5853,432,36529,0.436892,0.25,1,492830,492398,432
51061501,31.6023,31.0341,433,36587,0.444757,0.25,1,492859,492426,433
51128661,36.9075,39.0416,484,37893,0.761191,0.59,2,493722,493238,484
51131581,32.763,36.0166,480,37949,0.766476,0.59,2,493752,493272,480
51134501,45.5052,32.4067,504,38005,0.780591,0.65,2,493806,493302,504
51137421,37.4021,43.5627,485,38061,0.798236,0.63,2,493838,493353,485
51163701,37.1953,39.7688,494,38557,0.929924,0.77,2,494181,493687,494
51280501,32.4188,34.2109,505,40689,0.921975,1,2,495632,495127,505
51315541,31.6623,36.8677,499,41307,0.429524,1,1,496070,495571,499
51318461,30.6649,31.5471,501,41358,0.41781,0.87,1,496100,495599,501
51321381,29.666,32.4188,497,41409,0.413124,0.81,1,496129,495632,497
51324301,28.6664,31.5675,494,41460,0.42325,0.89,1,496157,495663,494
51327221,27.6666,31.227,490,41511,0.4393,0.83,1,496184,495694,490
51397301,31.5387,29.6992,454,42716,0.753095,0.67,2,496967,496513,454
51400221,31.2155,29.8797,455,42765,0.787238,0.71,2,496998,496543,455
51403141,31.6862,29.9519,457,42814,0.776895,0.69,2,497030,496573,457
51411901,12.3959,12.1409,457,42961,0.794921,0.69,2,497087,496630,457
51414821,22.9584,23.4564,456,43010,0.791969,0.69,2,497117,496661,456
51432341,38.0663,48.2727,486,43304,0.929492,0.73,2,497363,496877,486
51435261,33.8265,37.3091,487,43353,0.917797,0.73,2,497394,496907,487
51438181,31.5306,32.3236,488,43402,0.949119,0.77,2,497424,496936,488
51441101,32.4122,31.5295,490,43451,0.949648,0.81,2,497457,496967,490
51641121,324.746,347.685,468,20440,0.7756,0.99,2,499655,499187,468
51661561,39.5808,34.7676,485,21861,0.762782,0.59,2,500113,499628,485
51667401,73.7729,80.0828,454,22055,0.922445,0.67,2,500292,499838,454
51749161,82.4399,82.2133,487,24604,0.9328,1,2,502114,501627,487
51752081,59.376,52.0853,499,24690,0.93112,1,2,502158,501659,499
51763761,72.9248,74.999,481,25032,0.259853,1,1,502423,501942,481
51772521,75.8752,82.4399,471,25285,0.0600706,0.93,1,502585,502114,471
51775441,54.9501,59.376,468,25369,0.0660282,0.79,1,502626,502158,468
51778361,41.78,45.9504,464,25453,0.0564113,0.79,1,502659,502195,464
51781281,63.512,18.3802,542,25536,0.0645645,0.53,1,502737,502195,542
51784201,49.4048,66.7521,483,25619,0.0438258,0.37,1,502777,502294,483
51787121,61.7619,54.9008,506,25702,0.0715303,0.11,1,502847,502341,506
51790041,43.9048,71.1603,456,25784,0.0826121,0.09,1,502879,502423,456
51819241,75.1248,34.3617,527,26594,0.210449,0.15,1,503434,502907,527
51822161,56.4499,73.1447,472,26674,0.22218,0.19,1,503478,503006,472
51825081,41.78,54.4579,462,26753,0.238872,0.21,1,503510,503048,462
51828001,63.512,41.5831,507,26832,0.257549,0.11,1,503588,503081,507
51830921,48.8048,64.0333,467,26911,0.27702,0.09,1,503627,503160,467
51833841,20.7219,50.8133,427,26990,0.284808,0.15,1,503629,503202,427
51845521,75.0457,75.1248,433,27302,0.404971,0.23,1,503867,503434,433
51848441,56.4183,56.4499,433,27380,0.431988,0.25,1,503911,503478,433
51880561,66.3075,64.3469,448,28218,0.796076,0.59,2,504471,504023,448
51886401,21.6492,21.0955,449,28368,0.783772,0.55,2,504514,504065,449
51889321,55.4597,8.4382,527,28443,0.763509,0.63,2,504592,504065,527
51903921,45.6668,58.0426,493,28813,0.762503,0.75,2,504848,504355,493
51921441,34.4602,41.9833,487,29251,0.913355,0.73,2,505112,504625,487
51924361,78.5841,34.7933,565,29323,0.947342,0.69,2,505220,504655,565
52044081,40.1199,57.7985,511,32147,0.283867,1,1,507154,506643,511
52058681,36.3215,48.4219,491,32475,0.0846316,0.67,1,507409,506918,491
52061601,36.7286,40.3688,493,32540,0.0638526,0.63,1,507446,506953,493
52064521,32.0914,40.7475,481,32605,0.0915411,0.49,1,507475,506994,481
52067441,30.2366,38.499,473,32670,0.0426164,0.47,1,507504,507031,473
52070361,41.4946,33.9996,491,32735,0.0710466,0.27,1,507553,507062,491
52073281,17.7979,47.7998,436,32800,0.0824186,0.23,1,507555,507119,436
52076201,25.7191,40.1199,432,32864,0.0989675,0.13,1,507586,507154,432
52082041,48.2751,51.8992,428,32992,0.223435,0.15,1,507698,507270,428
52084961,64.91,65.7597,429,33056,0.263374,0.07,1,507774,507345,429
52111241,51.0356,48.6877,431,33627,0.40035,0.27,1,508081,507650,431
52117081,66.3657,64.91,434,33753,0.422856,0.33,1,508208,507774,434
52181321,67.9479,50.1189,526,35106,0.783819,0.53,2,509096,508570,526
52207601,52.82,27.4357,523,35645,0.903873,0.67,2,509423,508900,523
52210521,22.328,51.1743,458,35704,0.919549,0.75,2,509425,508967,458
52213441,38.9312,49.8697,459,35763,0.94982,0.83,2,509475,509016,459
52356521,36.0937,34.092,517,38552,0.946,1,2,511436,510919,517
52376961,30.8944,33.2776,501,38934,0.434424,1,1,511691,511190,501
52382801,34.1031,39.2844,487,39042,0.248308,1,1,511754,511267,487
52385721,47.8412,51.7138,484,39096,0.297323,1,1,511811,511327,484
52388641,43.7365,47.0855,481,39150,0.256929,1,1,511852,511371,481
52391561,35.4946,36.2342,482,39204,0.216772,0.91,1,511882,511400,482
52394481,27.9978,36.0937,469,39258,0.236709,0.83,1,511905,511436,469
52397401,45.9991,52.8375,463,39312,0.268683,0.79,1,511963,511500,463
52400321,27.9997,31.935,461,39366,0.269473,0.63,1,511979,511518,461
52403241,35.1999,40.374,455,39420,0.257789,0.61,1,512019,511564,455
52406161,30.2799,35.3496,450,39474,0.253116,0.53,1,512046,511596,450
52409081,31.312,33.3398,450,39528,0.239246,0.45,1,512078,511628,450
52412001,30.5248,33.7359,446,39581,0.257699,0.39,1,512108,511662,446
52414921,27.8099,30.8944,443,39634,0.241079,0.27,1,512134,511691,443
52417841,21.924,26.7577,437,39687,0.258432,0.19,1,512152,511715,437
52420761,30.9696,34.1031,435,39740,0.253373,0.33,1,512189,511754,435
52423681,44.7878,47.8412,432,39793,0.287349,0.23,1,512243,511811,432
52426601,41.9151,43.7365,431,39846,0.27694,0.19,1,512283,511852,431
52487921,31.78,30.7379,469,40946,0.441935,0.31,1,512979,512510,469
52528801,30.5607,31.78,445,41661,0.753257,0.47,2,513424,512979,445
52531721,26.6243,27.112,445,41712,0.775303,0.47,2,513448,513003,445
52534641,22.0497,21.6448,446,41763,0.772121,0.53,2,513467,513021,446
52549241,29.8149,29.7032,450,42014,0.913407,0.57,2,513662,513212,450
52552161,48.526,47.8813,451,42064,0.923363,0.57,2,513723,513272,451
52555081,30.8104,29.3525,453,42114,0.915345,0.67,2,513742,513289,453
52803281,92.8094,104.232,496,21469,0.08248,0.79,1,516728,516232,496
52806201,71.9238,91.4929,471,21568,0.038992,0.51,1,516786,516315,471
52809121,73.7695,70.1972,490,21666,0.0575968,0.05,1,516861,516371,490
52812041,37.3078,73.6789,427,21764,0.0770387,0.05,1,516874,516447,427
52814961,24.5231,33.0715,437,21861,0.0308155,0.03,1,516890,516453,437
52817881,74.0093,84.6286,425,21958,0.0123262,0.05,1,516997,516572,425
52820801,81.8037,87.2514,423,22055,0.0229305,0.07,1,517084,516661,423
52823721,74.1215,75.1006,425,22151,0.0151722,0.01,1,517153,516728,425
52826641,62.6486,64.8402,422,22247,0.0360689,0.07,1,517208,516786,422
52829561,71.8594,70.9361,425,22342,0.0684275,0.09,1,517286,516861,425
52838321,74.511,9.62791,531,22626,0.0518994,0,1,517421,516890,531
52841241,80.2044,68.0512,508,22720,0.0267597,0.03,1,517505,516997,508
52844161,73.4818,79.4205,490,22813,0.0407039,0.01,1,517574,517084,490
52847081,62.3927,73.1682,476,22906,0.0582816,0.05,1,517629,517153,476
52850001,74.7571,62.2673,504,22999,0.0773126,0.09,1,517712,517208,504
52852921,37.7028,71.7069,439,23091,0.0969251,0.17,1,517725,517286,439
52858761,73.1125,22.7531,532,23274,0.059908,0,1,517844,517312,532
52861681,78.445,74.5012,505,23365,0.0539632,0.01,1,517926,517421,505
52864601,72.778,80.2005,490,23456,0.0395853,0.05,1,517995,517505,490
52867521,62.7112,73.4802,477,23546,0.0338341,0.07,1,518051,517574,477
52870441,76.6845,62.3921,508,23636,0.0555336,0.09,1,518137,517629,508
52873361,39.0738,74.7568,439,23726,0.0642135,0.11,1,518151,517712,439
52876281,23.4295,37.7027,439,23815,0.0676854,0.11,1,518164,517725,439
52879201,70.5718,22.2811,529,23904,0.0330742,0.03,1,518266,517737,529
52882121,29.4287,73.1124,424,23993,0.0192297,0.05,1,518268,517844,424
52885041,60.9715,78.445,424,24081,0.0256919,0.03,1,518350,517926,424
52887961,65.1886,72.778,423,24169,0.0402767,0.03,1,518418,517995,423
52890881,59.6754,62.7112,423,24257,0.0581107,0.07,1,518474,518051,423
52893801,76.6702,76.6845,425,24344,0.0532443,0.07,1,518562,518137,425
52896721,39.6681,39.0738,426,24431,0.0512977,0.07,1,518577,518151,426
52899641,23.0672,23.4295,425,24518,0.0265191,0.01,1,518589,518164,425
52902561,69.2269,70.5718,423,24604,0.0406076,0.01,1,518689,518266,423
52905481,28.8908,29.4287,423,24690,0.0462431,0.03,1,518691,518268,423
52908401,60.1563,60.9715,422,24776,0.0244972,0.05,1,518772,518350,422
52911321,64.8625,65.1886,422,24862,0.0397989,0.07,1,518840,518418,422
52914241,60.145,59.6754,423,24947,0.0579196,0.05,1,518897,518474,423
52917161,76.858,76.6702,423,25032,0.0531678,0.05,1,518985,518562,423
52920081,39.1432,39.6681,422,25117,0.0752671,0.01,1,518999,518577,422
52923001,23.4573,23.0672,423,25201,0.0721069,0.05,1,519012,518589,423
52934681,64.2341,24.0625,489,25536,0.0891579,0.05,1,519261,518772,489
52937601,61.0936,50.425,480,25619,0.0536632,0.07,1,519320,518840,480
52940521,77.2375,54.37,511,25702,0.0754653,0.05,1,519408,518897,511
52943441,39.295,74.548,437,25784,0.0961861,0.09,1,519422,518985,437
52952201,30.0669,68.6351,430,26030,0.211836,0.17,1,519541,519111,430
52955121,59.4268,28.654,507,26111,0.270734,0.15,1,519620,519113,507
52958041,62.1707,60.0616,490,26192,0.294294,0.05,1,519684,519194,490
52978481,62.3335,30.0668,515,26753,0.434808,0.31,1,520056,519541,515
53036881,62.2129,62.3175,447,28293,0.784804,0.55,2,521073,520626,447
53039801,26.0852,26.127,447,28368,0.775922,0.55,2,521075,520628,447
53054401,32.1833,75.5411,454,28739,0.903846,0.67,2,521312,520858,454
53159521,36.3106,31.4989,492,31280,0.91408,1,2,523125,522633,492
53174121,74.0777,61.3882,555,31616,0.943968,1,2,523390,522835,555
53182881,51.301,43.0728,531,31817,0.775374,1,2,523524,522993,531
53209161,43.346,50.6311,504,32410,0.438508,0.83,1,523929,523425,504
53270481,45.3745,45.418,450,33753,0.766895,0.59,2,524783,524333,450
53285081,29.2704,29.1326,453,34065,0.901546,0.65,2,524978,524525,453
53296761,50.1125,11.1906,520,34313,0.914296,0.71,2,525125,524605,520
53299681,72.845,42.8762,544,34375,0.935718,0.75,2,525213,524669,544
53448601,39.2889,52.4527,508,37383,0.9172,1,2,527300,526792,508
53463201,32.6286,36.2088,513,37664,0.279373,1,1,527482,526969,513
53469041,35.3406,35.5534,513,37776,0.0758997,1,1,527552,527039,513
53471961,50.1362,37.0214,535,37832,0.0303599,1,1,527612,527077,535
53474881,48.2545,57.4085,511,37888,0.054144,1,1,527659,527148,511
53477801,39.7018,45.7634,507,37944,0.0876576,0.95,1,527693,527186,507
53480721,38.0807,36.3054,514,38000,0.089063,1,1,527730,527216,514
53483641,33.8323,42.7221,498,38056,0.0776252,0.87,1,527761,527263,498
53486561,34.5329,39.2889,496,38112,0.0730501,0.63,1,527796,527300,496
53489481,31.2132,42.1155,481,38167,0.02922,0.51,1,527825,527344,481
53492401,31.6853,38.4462,477,38222,0.065688,0.37,1,527857,527380,477
53495321,30.0741,38.1785,468,38277,0.0922752,0.33,1,527886,527418,468
53498241,28.2296,35.0714,462,38332,0.0789101,0.21,1,527913,527451,462
53501161,28.6919,32.6286,460,38387,0.097564,0.13,1,527942,527482,460
53504081,32.4767,32.8514,462,38442,0.0450256,0,1,527977,527515,462
53507001,48.3907,35.3406,484,38497,0.0240102,0,1,528036,527552,484
53509921,46.3563,50.1362,469,38552,0.0156041,0.07,1,528081,527612,469
53512841,41.3425,48.2545,460,38607,0.0362416,0.11,1,528119,527659,460
53515761,17.737,39.7018,428,38662,0.0444967,0.09,1,528121,527693,428
53518681,27.4948,38.0807,425,38717,0.0597987,0.07,1,528155,527730,425
53521601,29.5979,33.8323,425,38772,0.0539195,0.07,1,528186,527761,425
53524521,32.8392,34.5329,425,38826,0.0755678,0,1,528221,527796,425
53527441,28.7357,31.2132,422,38880,0.0362271,0.09,1,528247,527825,422
53530361,33.0943,31.6853,426,38934,0.0564908,0.11,1,528283,527857,426
53533281,30.0377,30.0741,425,38988,0.0525963,0.07,1,528311,527886,425
53536201,29.4151,28.2296,427,39042,0.0630385,0.11,1,528340,527913,427
53539121,27.966,28.6919,425,39096,0.0552154,0.01,1,528367,527942,425
53542041,30.9864,32.4767,423,39150,0.0760862,0.01,1,528400,527977,423
53544961,48.3946,48.3907,424,39204,0.0364345,0.01,1,528460,528036,424
53547881,46.3578,46.3563,424,39258,0.0325738,0.05,1,528505,528081,424
53550801,40.7431,41.3425,423,39312,0.0310295,0.05,1,528542,528119,423
53553721,17.4973,17.737,423,39366,0.0304118,0.07,1,528544,528121,423
53556641,27.3989,27.4948,423,39420,0.0781647,0.05,1,528578,528155,423
53591681,17.6517,17.4973,423,40058,0.0957896,0.03,1,528967,528544,423
53594601,28.6607,6.9989,459,40111,0.0683159,0.11,1,529003,528544,459
53597521,30.0643,23.1996,456,40164,0.0933263,0.15,1,529034,528578,456
53600441,34.2257,27.2798,463,40217,0.0913305,0.15,1,529071,528608,463
53606281,33.4361,27.6448,463,40322,0.0950129,0.13,1,529132,528669,463
53626721,38.7922,45.8224,459,40686,0.209938,0.09,1,529386,528927,459
53629641,16.7169,41.129,423,40738,0.221975,0.09,1,529388,528965,423
53632561,30.6868,17.6516,461,40790,0.22679,0.05,1,529428,528967,461
53635481,31.4747,28.6606,457,40842,0.252716,0.11,1,529460,529003,457
53638401,34.7899,30.0643,463,40894,0.287086,0.09,1,529497,529034,463
53655921,31.464,29.5719,459,41202,0.421262,0.11,1,529678,529219,459
53658841,49.1856,31.6288,487,41253,0.426505,0.15,1,529739,529252,487
53743521,46.1307,46.715,448,42713,0.770113,0.61,2,530675,530227,448
53746441,44.2523,42.086,452,42762,0.770045,0.65,2,530718,530266,452
53778561,33.4589,30.6165,491,43301,0.900916,0.73,2,531027,530536,491
53781481,49.9836,33.2466,517,43350,0.906366,0.75,2,531088,530571,517
53784401,47.5934,49.2986,503,43399,0.908547,0.79,2,531134,530631,503
53787321,45.4374,46.1195,503,43448,0.909419,0.77,2,531178,530675,503
53790241,19.3749,44.2478,462,43497,0.909767,0.83,2,531180,530718,462
53793161,33.55,18.8991,503,43546,0.921907,0.83,2,531223,530720,503
53796081,34.42,32.1596,497,43594,0.938763,0.83,2,531258,530761,497
53799001,14.968,33.2639,465,43642,0.945505,0.83,2,531260,530795,465
53924561,31.8085,28.6894,495,45673,0.94,1,2,532704,532209,495
53936241,30.9439,30.5041,501,45857,0.927664,1,2,532823,532322,501
53939161,29.1776,24.2016,509,45903,0.941066,1,2,532851,532342,509
54004861,81.1476,84.0144,487,21568,0.923769,0.77,2,533748,533261,487
54107061,63.4314,56.9649,495,24776,0.0750312,1,1,535999,535504,495
54109981,44.5726,52.1859,478,24862,0.0600125,0.73,1,536031,535553,478
54112901,62.229,76.0744,460,24947,0.042005,0.53,1,536105,535645,460
54115821,64.4916,79.6298,444,25032,0.070802,0.39,1,536171,535727,444
54118741,52.1966,61.8519,438,25117,0.0583208,0.33,1,536215,535777,438
54121661,33.4787,39.7408,434,25201,0.0893283,0.03,1,536236,535802,434
54124581,58.9915,68.6963,422,25285,0.0537313,0.07,1,536312,535890,422
54127501,46.9966,49.0785,425,25369,0.0514925,0.05,1,536351,535926,425
54130421,62.5986,63.4314,425,25453,0.026597,0.05,1,536424,535999,425
54133341,42.4395,25.3726,454,25536,0.0526388,0.05,1,536453,535999,454
54136261,61.3758,29.349,496,25619,0.0630555,0.03,1,536527,536031,496
54139181,64.7503,56.1396,489,25702,0.0792222,0.09,1,536594,536105,489
54147941,56.944,33.0889,497,25948,0.21939,0.03,1,536733,536236,497
54150861,47.3776,58.8356,462,26030,0.213756,0.05,1,536774,536312,462
54159621,63.7042,42.4295,500,26273,0.0667204,0.07,1,536953,536453,500
54162541,65.0817,61.3718,492,26354,0.0806881,0.09,1,537019,536527,492
54165461,54.8327,64.7487,473,26434,0.0622753,0.17,1,537067,536594,473
54168381,35.1331,52.8995,450,26514,0.0549101,0.15,1,537089,536639,450
54171301,59.6532,34.3598,504,26594,0.099964,0.27,1,537165,536661,504
54182981,60.9991,42.2604,500,26911,0.205551,0.03,1,537375,536875,500
54185901,25.5996,63.7042,424,26990,0.22022,0.09,1,537377,536953,424
54188821,51.0399,65.0817,426,27068,0.262088,0.05,1,537445,537019,426
54191741,48.0159,54.8327,424,27146,0.278835,0.05,1,537491,537067,424
54194661,33.0064,35.1331,425,27224,0.297534,0.13,1,537514,537089,425
54197581,60.6026,59.6532,428,27302,0.257014,0.13,1,537593,537165,428
54200501,48.241,47.8613,428,27380,0.276805,0.15,1,537633,537205,428
54203421,60.0964,58.7445,430,27457,0.284722,0.19,1,537701,537271,430
54206341,42.6386,41.4978,431,27534,0.299889,0.23,1,537732,537301,431
54209261,62.6554,60.9991,433,27611,0.281956,0.23,1,537808,537375,433
54212181,26.2622,25.5996,433,27688,0.274782,0.29,1,537810,537377,433
54229701,59.4072,60.0964,434,28143,0.428769,0.31,1,538135,537701,434
54232621,42.9629,42.6386,435,28218,0.441508,0.27,1,538167,537732,435
54267661,55.1668,25.8299,521,29105,0.772736,0.55,2,538764,538243,521
54270581,50.8667,54.132,496,29178,0.783094,0.57,2,538812,538316,496
54285181,45.0668,61.329,490,29539,0.902096,0.75,2,539068,538578,490
54288101,66.0267,43.7316,538,29611,0.906838,0.75,2,539148,538610,538
54291021,27.6107,64.2926,462,29682,0.908735,0.75,2,539150,538688,462
54404901,60.5962,44.5794,548,32345,0.946,1,2,541030,540482,548
54407821,42.2385,69.4318,492,32410,0.9124,1,2,541060,540568,492
54419501,37.4797,35.0655,519,32670,0.247757,1,1,541235,540716,519
54425341,25.5568,41.8505,493,32800,0.0696412,1,1,541288,540795,493
54428261,43.8227,50.9402,492,32864,0.0938565,1,1,541344,540852,492
54431181,51.7291,62.9761,478,32928,0.0915426,0.95,1,541401,540923,478
54434101,41.6916,47.9904,475,32992,0.054617,0.93,1,541436,540961,475
54437021,54.4767,60.5962,469,33056,0.0398468,0.89,1,541499,541030,469
54439941,38.5907,42.2385,467,33120,0.0339387,0.75,1,541527,541060,467
54442861,34.0363,44.4954,452,33184,0.0435755,0.45,1,541558,541106,452
54445781,43.6145,54.9982,440,33248,0.0834302,0.21,1,541608,541168,440
54448701,32.4458,41.1993,433,33312,0.0633721,0.17,1,541633,541200,433
54451621,29.7783,37.4797,426,33375,0.0433488,0.05,1,541661,541235,426
54454541,29.9113,35.3919,422,33438,0.0473395,0.03,1,541691,541269,422
54457461,25.1645,25.5568,425,33501,0.0369358,0.11,1,541713,541288,425
54460381,43.0658,43.8227,424,33564,0.0327743,0.09,1,541768,541344,424
54463301,50.8263,51.7291,423,33627,0.0431097,0.03,1,541824,541401,423
54466221,40.7305,41.6916,422,33690,0.0592439,0.03,1,541858,541436,422
54469141,54.0922,54.4767,422,33753,0.0656976,0.03,1,541921,541499,422
54472061,38.4369,38.5907,422,33816,0.032279,0.05,1,541949,541527,422
54492501,44.1411,43.0658,424,34251,0.0683945,0.03,1,542192,541768,424
54495421,49.4565,17.2263,477,34313,0.0453578,0.05,1,542245,541768,477
54498341,40.7826,40.4905,456,34375,0.0361431,0.07,1,542280,541824,456
54501261,54.713,36.5962,486,34437,0.0444572,0.07,1,542344,541858,486
54504181,37.4852,52.4385,449,34498,0.0477829,0.01,1,542370,541921,449
54507101,34.7941,37.7754,454,34559,0.0611132,0.17,1,542403,541949,454
54518781,30.1083,30.8134,456,34803,0.213965,0.17,1,542541,542085,456
54521701,22.8433,29.1254,446,34864,0.223586,0.11,1,542559,542113,446
54533381,55.2424,40.7824,487,35106,0.0889078,0.05,1,542767,542280,487
54536301,36.497,54.713,447,35166,0.0895631,0.05,1,542791,542344,447
54539221,37.3988,37.4852,459,35226,0.0778252,0.07,1,542829,542370,459
54553821,23.2905,30.1083,450,35526,0.209088,0.23,1,542991,542541,450
54556741,38.1162,22.8433,480,35586,0.221635,0.11,1,543039,542559,480
54559661,47.6465,41.5373,480,35645,0.238654,0.11,1,543093,542613,480
54562581,20.2586,49.0149,428,35704,0.245462,0.11,1,543095,542667,428
54565501,29.1034,40.606,428,35763,0.260185,0.07,1,543130,542702,428
54568421,48.8414,55.2424,425,35822,0.242074,0.09,1,543192,542767,425
54571341,33.9365,36.497,425,35881,0.23483,0.07,1,543216,542791,425
54574261,36.3746,37.3988,425,35940,0.231932,0.17,1,543254,542829,425
54577181,50.5498,49.1595,428,35999,0.218773,0.15,1,543314,542886,428
54580101,36.4199,34.6638,430,36058,0.213509,0.17,1,543341,542911,430
54583021,33.768,33.0655,430,36117,0.259404,0.19,1,543373,542943,430
54585941,32.7072,31.2262,432,36176,0.265761,0.23,1,543405,542973,432
54588861,24.4829,23.2905,433,36234,0.232305,0.23,1,543424,542991,433
54591781,38.5932,38.1162,433,36292,0.242922,0.25,1,543472,543039,433
54594701,48.4373,47.6465,434,36350,0.235169,0.25,1,543527,543093,434
54597621,20.5749,20.2586,434,36408,0.232067,0.27,1,543529,543095,434
54600541,28.63,29.1034,433,36466,0.230827,0.23,1,543563,543130,433
54603461,48.652,48.8414,433,36524,0.230331,0.23,1,543625,543192,433
54606381,33.8608,33.9365,433,36582,0.266132,0.23,1,543649,543216,433
54609301,36.3443,36.3746,433,36640,0.292453,0.21,1,543687,543254,433
54620981,32.6056,32.7072,433,36870,0.409391,0.21,1,543838,543405,433
54623901,23.8422,24.4829,432,36927,0.421756,0.25,1,543856,543424,432
54626821,38.3369,38.5932,432,36984,0.426703,0.23,1,543904,543472,432
54682301,52.5729,36.9131,506,38056,0.770135,0.49,2,544627,544121,506
54685221,39.0291,50.7652,476,38112,0.794054,0.49,2,544657,544181,476
54877941,29.9612,34.5364,498,41610,0.904269,1,2,547031,546533,498
54886701,30.8375,29.3543,500,41763,0.791553,1,2,547138,546638,500
54907141,31.8165,31.6719,484,42114,0.445055,1,1,547393,546909,484
54910061,27.1266,28.2688,482,42164,0.424022,1,1,547417,546935,482
54936341,40.3306,43.2056,448,42614,0.441382,0.45,1,547720,547272,448
54994741,28.5687,26.4158,476,43594,0.761362,0.59,2,548334,547858,476
55015181,41.8044,35.116,496,43930,0.924928,0.61,2,548572,548076,496
55018101,43.1218,41.0464,495,43978,0.927971,0.67,2,548616,548121,495
55241481,324.971,354.537,478,21900,0.44008,0.95,1,551033,550555,478
55247321,112.115,124.766,472,22093,0.0836128,0.37,1,551183,550711,472
55250241,76.0461,83.5064,468,22189,0.0754451,0.11,1,551235,550767,468
55253161,72.4184,80.2025,460,22285,0.060178,0.07,1,551305,550845,460
55256081,68.5674,76.481,452,22380,0.0300712,0.05,1,551371,550919,452
55259001,52.027,62.3924,440,22475,0.0300285,0.03,1,551412,550972,440
55261921,41.2108,45.357,440,22569,0.0300114,0.07,1,551446,551006,440
55264841,71.0843,34.3428,504,22663,0.0300046,0.03,1,551537,551033,504
55267761,69.2337,63.5371,489,22757,0.0180018,0.01,1,551605,551116,489
55270681,60.0935,65.6148,476,22850,0.0372007,0.07,1,551659,551183,476
55273601,64.2374,57.4459,491,22943,0.0928803,0.05,1,551726,551235,491
55276521,65.895,64.9784,488,23035,0.0371521,0.01,1,551793,551305,488
55279441,50.358,65.5914,462,23127,0.0328608,0.03,1,551833,551371,462
55282361,41.1432,50.8365,456,23219,0.0191443,0.03,1,551868,551412,456
55285281,71.0573,40.7346,513,23310,0.0256577,0.03,1,551959,551446,513
55288201,69.8229,70.8938,491,23401,0.0402631,0.01,1,552028,551537,491
55291121,60.3292,69.1575,477,23492,0.0941052,0.05,1,552082,551605,477
55296961,65.3327,64.2252,489,23672,0.0510568,0,1,552215,551726,489
55299881,49.5331,65.8901,461,23762,0.0384227,0.03,1,552254,551793,461
55302801,41.4132,50.356,457,23851,0.0213691,0.01,1,552290,551833,457
55305721,71.1653,41.1424,513,23940,0.0385476,0.03,1,552381,551868,513
55308641,29.6661,71.057,424,24029,0.0454191,0.05,1,552383,551959,424
55311561,53.2664,69.8228,424,24117,0.0481676,0.13,1,552452,552028,424
55314481,56.1066,60.3291,428,24205,0.0732671,0.15,1,552510,552082,428
55317401,63.2426,64.3316,429,24293,0.0833068,0,1,552578,552149,429
55320321,61.2971,65.3327,423,24380,0.0993227,0.03,1,552638,552215,423
55323241,47.9188,49.5331,423,24467,0.0697291,0.01,1,552677,552254,423
55326161,40.7675,41.4132,423,24554,0.0458916,0.05,1,552713,552290,423
55329081,71.507,71.1653,424,24640,0.0603567,0.05,1,552805,552381,424
55332001,29.8028,29.6661,424,24726,0.0661427,0.05,1,552807,552383,424
55334921,53.3211,53.2664,424,24812,0.0684571,0.09,1,552876,552452,424
55337841,56.1285,56.1066,424,24897,0.0573828,0.09,1,552934,552510,424
55340761,63.8514,63.2426,425,24982,0.0769531,0.11,1,553003,552578,425
55343681,61.5406,61.2971,425,25067,0.0967813,0.05,1,553063,552638,425
55349521,40.0865,40.7675,422,25236,0.093485,0.07,1,553135,552713,422
55352441,71.8346,71.507,423,25320,0.067394,0.07,1,553228,552805,423
55355361,29.9338,29.8028,423,25404,0.0569576,0.07,1,553230,552807,423
55358281,54.5735,53.3211,425,25487,0.052783,0.07,1,553301,552876,425
55361201,56.0294,21.3284,482,25570,0.0391132,0.05,1,553358,552876,482
55364121,64.4118,43.3314,494,25653,0.0696453,0.09,1,553428,552934,494
55372881,37.6744,45.3972,458,25900,0.207257,0.07,1,553557,553099,458
55375801,70.2697,39.7589,514,25982,0.208903,0.05,1,553649,553135,514
55378721,29.3079,71.7036,423,26064,0.209561,0.05,1,553651,553228,423
55381641,54.3232,29.8814,492,26145,0.209824,0.05,1,553722,553230,492
55384561,57.7293,54.5526,481,26226,0.20993,0.03,1,553782,553301,481
55387481,65.6917,56.021,495,26307,0.257972,0.09,1,553853,553358,495
55390401,66.4767,64.4084,492,26388,0.277189,0.15,1,553920,553428,492
55402081,29.2922,70.2697,433,26708,0.415336,0.21,1,554082,553649,433
55405001,54.3169,29.3079,502,26787,0.436134,0.21,1,554153,553651,502
55451721,75.6185,72.4077,451,28025,0.762753,0.63,2,554974,554523,451
55454641,31.4474,30.1631,451,28101,0.779101,0.63,2,554976,554525,451
55457561,56.979,55.2652,453,28176,0.785641,0.65,2,555050,554597,453
55460481,59.9916,58.7061,454,28251,0.764256,0.65,2,555112,554658,454
55463401,25.1966,24.6824,454,28326,0.755702,0.65,2,555114,554660,454
55466321,54.4787,55.473,452,28401,0.764281,0.65,2,555188,554736,452
55469241,62.5915,22.1892,520,28476,0.767712,0.65,2,555256,554736,520
55472161,49.0366,48.4757,494,28550,0.793085,0.65,2,555296,554802,494
55588961,32.8507,14.0112,525,31379,0.77368,1,2,557248,556723,525
55606481,35.8285,46.9296,503,31781,0.0938218,1,1,557552,557049,503
55609401,59.3314,38.5718,545,31848,0.0555287,1,1,557627,557082,545
55612321,41.1326,61.0287,498,31914,0.0402115,0.93,1,557656,557158,498
55615241,32.653,41.8115,496,31980,0.0340846,0.81,1,557683,557187,496
55618161,26.2612,34.1246,489,32046,0.0196338,0.71,1,557705,557216,489
55621081,56.7045,32.8498,534,32112,0.0258535,0.65,1,557782,557248,534
55624001,41.8818,62.9399,483,32178,0.0403414,0.47,1,557814,557331,483
55626921,46.7527,49.176,493,32244,0.0461366,0.45,1,557864,557371,493
55629841,46.3011,49.0704,490,32310,0.0844546,0.21,1,557910,557420,490
55632761,40.1204,57.4282,463,32375,0.0517818,0.05,1,557946,557483,463
55635681,33.4482,47.5713,451,32440,0.0387127,0.05,1,557975,557524,451
55638601,57.1793,35.8285,496,32505,0.0214851,0.03,1,558048,557552,496
55641521,40.2717,59.3314,450,32570,0.00859404,0.03,1,558077,557627,450
55644441,32.3087,41.1326,448,32635,0.00943762,0.03,1,558104,557656,448
55647361,26.1235,32.653,443,32700,0.00977505,0.01,1,558126,557683,443
55650281,56.6494,26.2612,498,32765,0.00991002,0.03,1,558203,557705,498
55653201,23.8598,56.7045,423,32830,0.00996401,0.05,1,558205,557782,423
55656121,28.7439,41.8818,423,32894,0.0339856,0.05,1,558237,557814,423
55659041,42.0976,46.7527,424,32958,0.0135942,0.11,1,558288,557864,424
55661961,46.239,46.3011,427,33022,0.0714377,0.03,1,558337,557910,427
55664881,37.6956,40.1204,423,33086,0.0825751,0.03,1,558369,557946,423
55667801,33.6782,33.4482,425,33150,0.06303,0.01,1,558400,557975,425
55670721,57.2713,57.1793,425,33214,0.043212,0,1,558473,558048,425
55673641,38.5085,40.2717,422,33278,0.0352848,0.01,1,558499,558077,422
55676561,32.8034,32.3087,424,33342,0.0441139,0.01,1,558528,558104,424
55679481,25.7214,26.1235,423,33405,0.0176456,0.01,1,558549,558126,423
55682401,57.0885,56.6494,424,33468,0.0490582,0.01,1,558627,558203,424
55685321,24.0354,23.8598,424,33531,0.0616233,0.05,1,558629,558205,424
55688241,29.4142,28.7439,425,33594,0.0786493,0,1,558662,558237,425
55691161,41.1657,42.0976,423,33657,0.0494597,0.11,1,558711,558288,423
55694081,47.6663,46.239,426,33720,0.0617839,0.09,1,558763,558337,426
55697001,36.4665,37.6956,423,33783,0.0907136,0.05,1,558792,558369,423
55702841,56.8346,57.2713,422,33908,0.0589142,0.03,1,558895,558473,422
55705761,38.3339,38.5085,422,33970,0.0295657,0.05,1,558921,558499,422
55708681,32.7335,32.8034,422,34032,0.0298263,0,1,558950,558528,422
55711601,25.6934,25.7214,422,34094,0.0119305,0.07,1,558971,558549,422
55714521,57.6774,57.0885,423,34156,0.0467722,0.07,1,559050,558627,423
55717441,24.2709,24.0354,423,34218,0.0607089,0.07,1,559052,558629,423
55720361,31.3084,9.61417,459,34280,0.0302836,0.09,1,559088,558629,459
55723281,38.9234,23.6457,470,34342,0.0301134,0.03,1,559132,558662,470
55726201,48.5693,38.8583,476,34404,0.0420454,0.07,1,559187,558711,476
55729121,37.4277,46.7433,454,34465,0.0828181,0.11,1,559217,558763,454
55740801,32.4318,38.3102,450,34709,0.0718641,0.03,1,559371,558921,450
55743721,25.5727,32.7241,442,34770,0.0347457,0,1,559392,558950,442
55746641,58.2291,25.6896,501,34831,0.0318983,0.07,1,559472,558971,501
55749561,24.4916,57.6759,424,34892,0.0307593,0.07,1,559474,559050,424
55752481,31.9967,24.2703,459,34953,0.0303037,0.01,1,559511,559052,459
55755401,37.9987,31.3081,465,35013,0.0661215,0.03,1,559553,559088,465
55758321,49.9995,38.9233,479,35073,0.0924486,0.05,1,559611,559132,479
55761241,40.9998,48.5693,459,35133,0.0909794,0.11,1,559646,559187,459
55778761,57.9357,25.5727,502,35493,0.073181,0.03,1,559894,559392,502
55781681,24.3743,58.2291,424,35553,0.0472724,0.03,1,559896,559472,424
55784601,32.5497,24.4916,460,35612,0.024909,0.03,1,559934,559474,460
55787521,39.4199,31.9967,467,35671,0.0279636,0.09,1,559978,559511,467
55790441,16.968,37.9987,427,35730,0.0411854,0.11,1,559980,559553,427
55793361,41.5872,49.9995,427,35789,0.0464742,0.09,1,560038,559611,427
55796281,37.6349,40.9998,427,35848,0.0605897,0.13,1,560073,559646,427
55799201,35.4539,35.5999,429,35907,0.0662359,0.21,1,560107,559678,429
55837161,57.0021,54.9816,427,36665,0.239216,0.11,1,560602,560175,427
55866361,39.6359,16.6628,465,37237,0.407549,0.19,1,560927,560462,465
55872201,60.8217,30.5061,507,37351,0.428808,0.27,1,561037,560530,507
55910161,40.6363,60.8217,470,38080,0.759509,0.53,2,561507,561037,470
55913081,31.8545,38.1287,473,38135,0.789804,0.53,2,561533,561060,473
55916001,24.1418,30.8515,466,38190,0.789921,0.53,2,561552,561086,466
55918921,58.8567,23.1406,530,38245,0.765969,0.59,2,561634,561104,530
55921841,24.7427,56.0562,454,38300,0.756387,0.59,2,561636,561182,454
55924761,32.0971,23.6225,489,38355,0.788555,0.65,2,561673,561184,489
55948121,40.0453,40.6363,461,38795,0.799184,0.81,2,561968,561507,461
55951041,32.2181,31.8545,462,38849,0.781674,0.79,2,561995,561533,462
55953961,23.6873,24.1418,461,38903,0.786669,0.75,2,562013,561552,461
55956881,58.6749,58.8567,461,38957,0.788668,0.75,2,562095,561634,461
55959801,24.67,24.7427,461,39011,0.789467,0.81,2,562097,561636,461
55968561,16.9869,16.8955,462,39173,0.900366,0.83,2,562181,561719,462
55974401,41.8379,41.5833,463,39281,0.915659,0.83,2,562284,561821,463
55977321,17.9352,17.8333,463,39335,0.900263,0.81,2,562286,561823,463
55980241,26.9741,27.5333,462,39389,0.906105,0.81,2,562319,561857,462
55983161,61.1896,62.6133,460,39443,0.944442,0.79,2,562403,561943,460
56114561,46.0263,41.6682,497,41784,0.90232,1,2,564032,563535,497
56120401,34.7242,28.9869,509,41885,0.776771,1,2,564098,563589,509
56132081,30.7113,34.4861,495,42085,0.438013,1,1,564221,563726,495
56135001,28.4845,29.9944,495,42135,0.277205,1,1,564248,563753,495
56140841,35.9975,38.1591,487,42235,0.0863528,1,1,564331,563844,487
56143761,29.999,31.4636,486,42285,0.0525411,1,1,564357,563871,486
56146681,23.9996,28.7855,479,42335,0.0210165,0.97,1,564377,563898,479
56149601,23.3998,28.9142,473,42385,0.0144066,0.93,1,564400,563927,473
56152521,42.3599,47.5657,468,42435,0.00576263,0.87,1,564455,563987,468
56155441,43.344,46.0263,467,42485,0.0443051,0.81,1,564499,564032,467
56158361,35.3376,38.8105,463,42535,0.047722,0.73,1,564529,564066,463
56161281,29.135,34.7242,456,42585,0.0610888,0.57,1,564554,564098,456
56164201,26.054,32.4897,449,42635,0.0544355,0.59,1,564578,564129,449
56167121,28.4216,32.1959,447,42684,0.0517742,0.49,1,564608,564161,447
56170041,24.5686,30.2783,440,42733,0.0627097,0.37,1,564630,564190,440
56172961,26.6275,30.7113,437,42782,0.0910839,0.17,1,564658,564221,437
56175881,23.251,28.4845,431,42831,0.0904336,0.05,1,564679,564248,431
56178801,34.5004,41.9938,422,42880,0.0541734,0.05,1,564721,564299,422
56181721,33.0002,35.9975,422,42929,0.0216694,0.03,1,564753,564331,422
56184641,28.8001,29.999,422,42978,0.0266677,0,1,564779,564357,422
56187561,23.52,23.9996,422,43027,0.0106671,0,1,564799,564377,422
56190481,23.808,9.59984,446,43076,0.0222668,0.01,1,564823,564377,446
56193401,41.3232,17.6399,476,43125,0.00890674,0,1,564876,564400,476
56196321,42.9293,40.056,465,43174,0.0575627,0.07,1,564920,564455,465
56199241,35.7717,42.4224,452,43223,0.0410251,0.05,1,564951,564499,452
56202161,29.9087,34.969,448,43272,0.08241,0.07,1,564977,564529,448
56213841,28.1209,24.5592,453,43468,0.220462,0.11,1,565083,564630,453
56216761,22.0483,26.6237,443,43517,0.250185,0.09,1,565101,564658,443
56219681,34.0193,23.2495,464,43565,0.238074,0.03,1,565143,564679,464
56222601,32.2077,34.4998,453,43613,0.22123,0,1,565174,564721,453
56228441,23.3932,28.8,441,43709,0.0965967,0,1,565220,564779,441
56231361,24.3573,23.52,446,43757,0.0566387,0.03,1,565245,564799,446
56234281,42.1429,23.808,476,43805,0.0646555,0,1,565299,564823,476
56237201,43.2572,41.3232,467,43853,0.0558622,0.09,1,565343,564876,467
56240121,37.1029,42.9293,456,43901,0.0523449,0.03,1,565376,564920,456
56243041,32.2411,35.7717,454,43949,0.0389379,0.11,1,565405,564951,454
56245961,26.0965,29.9087,450,43997,0.0335752,0.13,1,565427,564977,450
56248881,30.8386,25.7635,461,44045,0.0194301,0.11,1,565461,565000,461
56251801,24.9354,29.5054,450,44093,0.025772,0.17,1,565482,565032,450
56254721,29.7742,23.8022,463,44141,0.0763088,0.27,1,565515,565052,463
56257641,22.7097,28.1209,450,44189,0.0965235,0.27,1,565533,565083,450
56272241,23.8169,23.3932,448,44429,0.05135,0.03,1,565668,565220,448
56275161,10.7267,24.3573,425,44476,0.02654,0.07,1,565670,565245,425
56278081,35.4907,42.1429,423,44523,0.040616,0.05,1,565722,565299,423
56281001,41.7963,43.2572,425,44570,0.0462464,0.05,1,565768,565343,425
56283921,34.7185,37.1029,422,44617,0.0244986,0.03,1,565798,565376,422
56286841,31.8874,32.2411,423,44664,0.00979942,0.03,1,565828,565405,423
56289761,25.955,26.0965,423,44711,0.0459198,0.01,1,565850,565427,423
56292681,30.782,30.8386,423,44758,0.0483679,0.03,1,565884,565461,423
56295601,24.9128,24.9354,423,44805,0.0373472,0.11,1,565905,565482,423
56298521,32.1651,29.7742,427,44852,0.0449389,0.11,1,565942,565515,427
56301441,23.666,22.7097,427,44899,0.0719755,0.11,1,565960,565533,427
56327721,34.5032,34.7185,422,45322,0.229159,0,1,566220,565798,422
56330641,32.4013,31.8874,423,45369,0.265664,0.07,1,566251,565828,423
56333561,26.1605,25.955,423,45415,0.280266,0.05,1,566273,565850,423
56336481,30.2642,30.782,422,45461,0.298106,0.03,1,566306,565884,422
56339401,24.7057,24.9128,422,45507,0.293242,0.05,1,566327,565905,422
56342321,33.2823,32.1651,424,45553,0.279297,0.09,1,566366,565942,424
56345241,25.9129,23.666,427,45599,0.297719,0.19,1,566387,565960,427
56386121,34.3461,24.6218,474,46243,0.413435,0.27,1,566801,566327,474
56389041,25.7385,33.2487,455,46289,0.423374,0.31,1,566821,566366,455
56473721,24.315,24.4644,457,47591,0.758525,0.69,2,567657,567200,457
56476641,34.926,35.5858,456,47635,0.76541,0.71,2,567699,567243,456
56479561,27.7704,26.8343,458,47679,0.768164,0.73,2,567722,567264,458
56482481,39.9082,40.7337,456,47723,0.769266,0.67,2,567770,567314,456
56485401,33.9633,34.8935,455,47767,0.769706,0.65,2,567800,567345,455
56488321,27.9853,28.9574,454,47811,0.793883,0.65,2,567824,567370,454
56491241,17.1941,17.583,454,47855,0.779553,0.65,2,567834,567380,454
56502921,47.3506,45.6805,458,48031,0.906757,0.75,2,567970,567512,458
56505841,38.1402,38.0722,457,48075,0.908703,0.71,2,568002,567545,457
56508761,16.4561,16.4289,457,48119,0.933481,0.73,2,568004,567547,457
56511681,25.7824,25.1716,458,48163,0.919392,0.73,2,568036,567578,458
56702941,339.357,354.479,499,21900,0.418,0.01,1,570073,569574,499
56730681,164.337,180.197,431,23451,0.06928,0.03,1,570494,570063,431
56733601,87.9348,78.0787,458,23541,0.045712,0.09,1,570531,570073,458
56736521,68.7739,61.8315,463,23631,0.0602848,0.07,1,570587,570124,463
56739441,62.9096,72.7326,442,23721,0.0661139,0.07,1,570646,570204,442
56742361,47.9638,50.093,445,23810,0.0924456,0.01,1,570684,570239,445
56751121,65.0857,77.03,436,24076,0.0599165,0,1,570892,570456,436
56754041,40.4343,53.612,422,24164,0.0419666,0.03,1,570916,570494,422
56756961,38.9737,43.6448,423,24252,0.0467866,0.07,1,570954,570531,423
56759881,49.1895,51.0579,423,24339,0.0367147,0.07,1,571010,570587,423
56762801,56.2758,55.8232,425,24426,0.0566859,0.11,1,571071,570646,425
56765721,45.3103,45.1293,425,24513,0.0406743,0.15,1,571109,570684,425
56768641,69.1241,66.6517,429,24599,0.0462697,0.09,1,571194,570765,429
56771561,60.6497,63.2607,423,24685,0.0365079,0.03,1,571249,570826,423
56774481,63.8599,64.9043,423,24771,0.0146032,0.03,1,571315,570892,423
56777401,39.3439,40.3617,422,24857,0.0118413,0.05,1,571338,570916,422
56780321,38.5376,38.9447,422,24942,0.0047365,0.03,1,571376,570954,422
56783241,49.015,49.1779,422,25027,0.0438946,0.07,1,571432,571010,422
56786161,58.006,56.2712,425,25112,0.0475578,0.03,1,571496,571071,425
56789081,44.8024,45.3085,423,25196,0.0250231,0.05,1,571532,571109,423
56797841,63.7314,63.8597,422,25448,0.0791215,0,1,571737,571315,422
56800761,38.6925,25.5439,444,25531,0.0496486,0.01,1,571759,571315,444
56803681,38.277,24.0176,459,25614,0.0198594,0,1,571797,571338,459
56806601,49.5108,32.407,478,25697,0.0379438,0.07,1,571854,571376,478
56809521,57.6043,46.5628,485,25779,0.0691775,0.05,1,571917,571432,485
56812441,45.8417,57.0251,459,25861,0.081671,0.01,1,571955,571496,459
56815361,71.1367,44.41,511,25943,0.0626684,0.17,1,572043,571532,511
56818281,60.8547,68.164,481,26025,0.0790674,0.13,1,572097,571616,481
56821201,60.9419,60.2656,487,26106,0.0856269,0.05,1,572158,571671,487
56824121,37.5767,63.7062,443,26187,0.0402508,0.03,1,572180,571737,443
56827041,39.6307,38.6825,462,26268,0.0341003,0,1,572221,571759,462
56829961,49.4523,38.273,480,26349,0.0436401,0.05,1,572277,571797,480
56832881,58.7809,49.5092,488,26429,0.047456,0.09,1,572342,571854,488
56835801,46.3124,57.6037,463,26509,0.0489824,0.09,1,572380,571917,463
56838721,70.1249,45.8415,511,26589,0.073593,0.05,1,572466,571955,511
56847481,35.76,60.9419,444,26827,0.21039,0.01,1,572602,572158,444
56853321,16.7616,39.6307,424,26985,0.0924624,0.05,1,572645,572221,424
56856241,40.9046,49.4523,425,27063,0.090985,0.05,1,572702,572277,425
56867921,64.8728,62.25,430,27375,0.205513,0.23,1,572953,572523,430
56870841,63.7491,60.9,433,27452,0.244205,0.23,1,573016,572583,433
56873761,36.8996,35.76,433,27529,0.271682,0.07,1,573035,572602,433
56876681,34.5599,38.904,425,27606,0.246673,0.07,1,573068,572643,425
56879601,15.0239,16.7616,425,27683,0.236669,0.09,1,573070,572645,425
56882521,40.8096,40.9046,426,27760,0.244668,0.11,1,573128,572702,426
56885441,56.5238,54.7619,429,27836,0.259867,0.21,1,573195,572766,429
56888361,46.6095,44.7047,431,27912,0.289947,0.17,1,573235,572804,431
56897121,64.135,63.7491,433,28139,0.417677,0.29,1,573449,573016,433
56900041,37.654,36.8996,434,28214,0.449071,0.23,1,573469,573035,434
56973041,70.1211,74.6542,457,30033,0.948895,0.73,2,574669,574212,457
56975961,68.8485,70.0617,458,30103,0.949558,0.73,2,574737,574279,458
57089841,70.0722,30.48,574,32733,0.401922,1,1,576559,575985,574
57092761,48.4289,72.792,507,32798,0.298769,1,1,576593,576086,507
57095681,44.5716,65.7168,488,32862,0.221508,1,1,576635,576147,488
57110281,32.7047,38.8829,464,33182,0.0880634,0.75,1,576804,576340,464
57113201,51.4819,55.7531,461,33246,0.0772254,0.67,1,576868,576407,461
57116121,35.5928,39.7013,457,33310,0.0968902,0.61,1,576893,576436,457
57145321,53.2013,51.4819,426,33939,0.243505,0.11,1,577294,576868,426
57148241,36.8805,35.5928,427,34001,0.247402,0.17,1,577320,576893,427
57151161,27.9522,28.0371,426,34063,0.272961,0.09,1,577342,576916,426
57154081,59.1809,59.2148,426,34125,0.295184,0.13,1,577422,576996,426
57174521,32.5034,22.9219,466,34557,0.416697,0.19,1,577656,577190,466
57177441,55.6014,30.7688,501,34618,0.436679,0.29,1,577727,577226,501
57180361,38.4405,53.1075,460,34679,0.432672,0.25,1,577754,577294,460
57183281,29.1762,36.843,457,34740,0.419069,0.29,1,577777,577320,457
57186201,60.2705,27.9372,516,34801,0.425627,0.31,1,577858,577342,516
57189121,43.3082,59.1749,468,34862,0.428251,0.31,1,577890,577422,468
57192041,40.1233,42.87,474,34923,0.4413,0.33,1,577928,577454,474
57247521,37.9838,38.0833,445,36056,0.761034,0.47,2,578641,578196,445
57250441,28.3935,28.4333,445,36115,0.778414,0.53,2,578663,578218,445
57262121,55.4949,54.9487,451,36348,0.901063,0.59,2,578887,578436,451
57265041,23.3979,23.1795,451,36406,0.930425,0.59,2,578889,578438,451
57267961,23.7592,23.6718,451,36464,0.91817,0.65,2,578913,578462,451
57270881,23.3037,20.8687,455,36522,0.949268,0.67,2,578936,578481,455
57428561,28.8446,36.0053,491,39526,0.927157,1,2,581019,580528,491
57434401,57.2951,62.7609,491,39632,0.915145,1,2,581123,580632,491
57440241,46.0072,44.8417,489,39738,0.759623,1,2,581209,580720,489
57548281,21.7076,26.0063,449,41659,0.758645,0.55,2,582409,581960,449
57551201,52.4831,54.2025,449,41710,0.777458,0.59,2,582482,582033,449
57554121,44.3932,43.881,451,41761,0.796983,0.61,2,582521,582070,451
57557041,45.9573,43.9524,454,41812,0.792793,0.67,2,582568,582114,454
57571641,27.8517,27.1198,457,42062,0.903885,0.71,2,582722,582265,457
57574561,26.7407,26.4479,457,42112,0.931554,0.73,2,582748,582291,457
57761441,28.6784,30.5934,510,45208,0.931389,1,2,584892,584382,510
57811081,195.629,202.775,468,20544,0.210222,0.19,1,585517,585049,468
57816921,78.8206,85.604,452,20750,0.0876355,0.05,1,585631,585179,452
57819841,74.7282,70.8416,463,20852,0.0530542,0.01,1,585703,585240,463
57822761,74.2913,68.5366,470,20954,0.0212217,0,1,585777,585307,470
57825681,41.1165,56.8147,440,21055,0.0384887,0.03,1,585796,585356,440
57828601,33.8466,39.5259,441,21156,0.0453955,0.09,1,585825,585384,441
57831521,83.1386,95.6103,424,21256,0.0481582,0.05,1,585941,585517,424
57834441,68.6555,73.0441,425,21356,0.0492633,0.07,1,586000,585575,425
57837361,61.0622,62.8177,425,21455,0.0737053,0.03,1,586056,585631,425
57840281,65.8249,68.3271,422,21554,0.0474821,0,1,586125,585703,422
57843201,71.3299,71.7308,423,21652,0.0369928,0.05,1,586200,585777,423
57846121,41.132,40.0923,425,21750,0.0327971,0.05,1,586221,585796,425
57849041,33.2528,33.4369,424,21848,0.0431189,0.05,1,586249,585825,424
57863641,71.0051,71.3258,422,22329,0.0544607,0.03,1,586622,586200,422
57866561,41.0021,41.1303,422,22424,0.0397843,0.05,1,586643,586221,422
57869481,34.4008,33.2521,424,22519,0.0339137,0.05,1,586673,586249,424
57872401,83.9603,13.3008,541,22613,0.0795655,0.17,1,586790,586249,541
57895761,70.5269,83.9473,486,23352,0.238205,0.13,1,587276,586790,486
57904521,69.1697,64.0766,500,23623,0.419645,0.15,1,587471,586971,500
57907441,40.8679,68.8306,450,23713,0.449858,0.15,1,587493,587043,450
57916201,72.4075,86.3172,494,23980,0.427911,0.27,1,587710,587216,494
57919121,30.163,70.5269,436,24068,0.417164,0.35,1,587712,587276,436
57948321,60.7933,60.3861,444,24934,0.764056,0.57,2,588284,587840,444
57951241,72.3173,69.7544,448,25019,0.779622,0.57,2,588364,587916,448
57954161,42.1269,41.1018,448,25104,0.785849,0.53,2,588386,587938,448
57957081,34.8508,34.4407,448,25188,0.77634,0.63,2,588416,587968,448
57974601,72.8482,57.9413,538,25689,0.905351,0.79,2,588822,588284,538
57980441,35.1757,41.6706,489,25853,0.904456,0.77,2,588875,588386,489
57983361,91.4703,34.6682,588,25935,0.943783,0.83,2,589004,588416,588
58094321,37.0117,50.352,506,28876,0.27551,1,1,591042,590536,506
58100161,48.2819,57.1363,517,29022,0.0620817,0.99,1,591157,590640,517
58103081,40.3128,51.0545,505,29095,0.0428327,1,1,591192,590687,505
58106001,34.1251,42.0218,499,29168,0.0471331,0.98,1,591222,590723,499
58108921,34.65,37.2087,500,29241,0.0248532,0.77,1,591257,590757,500
58111841,75.66,40.0835,561,29313,0.0759413,0.51,1,591360,590799,561
58114761,58.464,87.4334,489,29385,0.0963765,0.45,1,591407,590918,489
58117681,51.5856,62.5734,490,29457,0.0925506,0.27,1,591454,590964,490
58129361,38.127,48.2819,456,29744,0.0928493,0.03,1,591613,591157,456
58132281,35.0508,40.3127,454,29815,0.0671397,0.05,1,591646,591192,454
58135201,15.2203,34.1251,426,29886,0.0568559,0.01,1,591648,591222,426
58138121,25.8881,34.65,424,29957,0.0527424,0.11,1,591681,591257,424
58141041,73.3553,75.66,426,30028,0.0630969,0.11,1,591786,591360,426
58161481,33.7772,35.0508,424,30518,0.238251,0.05,1,592070,591646,424
58164401,14.7109,15.2203,424,30587,0.233301,0.05,1,592072,591648,424
58167321,24.4844,25.8881,422,30656,0.25532,0.07,1,592103,591681,422
58176081,52.567,51.3368,429,30863,0.41114,0.15,1,592311,591882,429
58181921,52.6907,51.8939,430,31000,0.417382,0.17,1,592398,591968,430
58184841,42.6763,42.3576,430,31068,0.436953,0.21,1,592434,592004,430
58187761,39.2705,37.943,432,31136,0.432781,0.27,1,592471,592039,432
58240321,54.658,34.5564,514,32339,0.762114,0.53,2,593287,592773,514
58243241,44.6632,54.0226,485,32404,0.790846,0.55,2,593325,592840,485
58263681,47.5928,65.0317,457,32858,0.915855,0.73,2,593608,593151,457
58266601,47.2371,53.6127,458,32922,0.924342,0.73,2,593655,593197,458
58269521,32.0948,34.6451,458,32986,0.903737,0.79,2,593677,593219,458
58272441,55.4379,54.658,461,33050,0.931495,0.81,2,593748,593287,461
58278281,41.0301,39.4653,464,33178,0.939839,0.85,2,593825,593361,464
58284121,15.9248,16.1544,462,33306,0.941174,0.83,2,593861,593399,462
58287041,26.7699,26.2618,463,33370,0.93447,0.87,2,593895,593432,463
58462241,50.9995,51.3012,488,36980,0.934,1,2,596476,595988,488
58471001,35.928,32.3953,504,37151,0.935776,1,2,596589,596085,504
58473921,32.9712,12.9581,535,37208,0.94431,1,2,596620,596085,535
58476841,35.9885,35.1832,523,37265,0.923724,1,2,596658,596135,523
58488521,36.4989,45.7183,507,37492,0.797455,1,2,596806,596299,507
58491441,46.9996,39.2873,526,37548,0.756982,1,2,596860,596334,526
58523561,36.8895,37.2473,497,38163,0.430006,0.79,1,597267,596770,497
58526481,43.5558,36.4989,509,38218,0.442003,0.73,1,597315,596806,509
58529401,35.4223,46.9996,485,38273,0.422801,0.69,1,597345,596860,485
58532321,47.7689,37.3998,510,38328,0.42712,0.59,1,597401,596891,510
58535241,41.9076,51.5599,487,38383,0.428848,0.59,1,597439,596952,487
58538161,37.163,42.824,484,38438,0.429539,0.55,1,597473,596989,484
58541081,32.8652,40.5296,475,38493,0.429816,0.51,1,597503,597028,475
58544001,26.9461,34.8118,467,38548,0.441926,0.47,1,597526,597059,467
58596561,35.0676,34.4538,446,39524,0.758934,0.51,2,598120,597674,446
58599481,36.827,35.3815,448,39577,0.777574,0.61,2,598158,597710,448
58602401,44.7308,42.9526,450,39630,0.797029,0.63,2,598208,597758,450
58619921,28.0232,26.7867,453,39948,0.904223,0.65,2,598423,597970,453
58622841,37.6093,36.5147,454,40001,0.907689,0.65,2,598467,598013,454
58625761,16.2437,15.8059,454,40054,0.909076,0.71,2,598469,598015,454
58628681,23.2975,21.9224,456,40107,0.92163,0.71,2,598497,598041,456
58631601,37.519,8.76894,503,40160,0.914652,0.73,2,598544,598041,503
58640361,46.2972,35.9852,511,40318,0.915578,0.81,2,598669,598158,511
58643281,37.1189,44.3941,492,40370,0.936231,0.87,2,598700,598208,492
58792201,30.7583,27.3252,499,42954,0.9472,1,2,600488,599989,499
58809721,44.8451,53.86,512,43248,0.945496,1,2,600721,600209,512
58812641,37.738,43.144,509,43297,0.936198,1,2,600754,600245,509
58815561,28.8952,35.8576,501,43346,0.914479,1,2,600777,600276,501
58818481,34.9581,33.543,508,43395,0.929792,1,2,600816,600308,508
58821401,31.3832,33.8172,503,43444,0.941917,1,2,600845,600342,503
59017041,33.4917,19.5885,544,46585,0.437445,1,1,603043,602499,544
59071061,179.887,197.166,441,21270,0.0963965,0.03,1,603651,603210,441
59073981,118.155,118.466,452,21370,0.0805586,0.07,1,603728,603276,452
59076901,76.062,81.5865,443,21469,0.0742234,0.07,1,603776,603333,443
59079821,73.6248,79.4346,437,21568,0.0476894,0.05,1,603848,603411,437
59082741,78.0499,55.1738,479,21666,0.0370757,0.03,1,603929,603450,479
59085661,39.02,56.8695,434,21764,0.0448303,0.03,1,603942,603508,434
59088581,34.808,35.3478,445,21861,0.0839321,0.03,1,603974,603529,445
59091501,73.9232,87.3391,423,21958,0.0395728,0.07,1,604074,603651,423
59094421,76.9693,81.1357,425,22055,0.0338291,0.07,1,604153,603728,425
59097341,58.3877,61.2543,423,22151,0.0435317,0.03,1,604199,603776,423
59103181,75.222,75.6807,423,22342,0.0777651,0.05,1,604352,603929,423
59106101,39.0888,38.0723,425,22437,0.049106,0.11,1,604367,603942,425
59109021,33.6355,34.4289,423,22532,0.0376424,0.11,1,604397,603974,423
59111941,72.2542,13.7716,521,22626,0.033057,0.01,1,604495,603974,521
59114861,76.9017,65.5086,501,22720,0.0312228,0.03,1,604575,604074,501
59117781,58.9607,73.6035,469,22813,0.0304891,0.05,1,604622,604153,469
59120701,69.1843,57.0414,499,22906,0.0781956,0.17,1,604698,604199,499
59135301,77.2348,72.2404,502,23365,0.0816999,0.03,1,604997,604495,502
59138221,59.0939,76.8962,469,23456,0.06268,0.03,1,605044,604575,469
59141141,72.2376,58.9585,503,23546,0.043072,0.11,1,605125,604622,503
59144061,75.095,69.1834,504,23636,0.0592288,0.17,1,605202,604698,504
59146981,39.638,72.6734,445,23726,0.0776915,0.17,1,605218,604773,445
59149901,35.0552,38.6693,461,23815,0.0850766,0.21,1,605250,604789,461
59152821,67.4221,33.4677,520,23904,0.0760306,0.09,1,605339,604819,520
59155741,28.1688,71.5871,425,23993,0.0724123,0.05,1,605341,604916,425
59158661,59.8675,77.2348,425,24081,0.0589649,0.05,1,605422,604997,425
59161581,51.547,59.0939,424,24169,0.077586,0.03,1,605468,605044,424
59164501,69.2188,72.2376,424,24257,0.0850344,0.07,1,605549,605125,424
59167421,75.0875,75.095,426,24344,0.0880138,0.09,1,605628,605202,426
59170341,39.635,39.638,426,24431,0.0892055,0.09,1,605644,605218,426
59184941,51.9886,51.547,424,24862,0.252539,0.09,1,605892,605468,424
59193701,40.1433,39.635,426,25117,0.406163,0.11,1,606070,605644,426
59196621,36.4573,35.054,428,25201,0.444465,0.19,1,606104,605676,428
59228741,61.0589,28.8162,528,26111,0.761664,0.55,2,606725,606197,528
59231661,56.2236,59.5265,501,26192,0.766666,0.55,2,606778,606277,501
59234581,72.2894,54.4106,533,26273,0.792666,0.63,2,606861,606328,533
59272541,73.6577,74.2874,465,27302,0.924217,0.87,2,607565,607100,465
59275461,30.6631,30.915,465,27380,0.939687,0.89,2,607567,607102,465
59360141,53.7064,52.554,532,29539,0.91,1,2,609115,608583,532
59383501,52.8006,51.4149,495,30107,0.254367,1,1,609509,609014,495
59386421,39.1203,45.7659,483,30177,0.227747,0.85,1,609539,609056,483
59389341,46.2481,53.7064,475,30247,0.229099,0.85,1,609590,609115,475
59392261,63.4992,75.4826,460,30317,0.217639,0.85,1,609665,609205,460
59395181,40.9997,47.593,457,30387,0.213056,0.57,1,609691,609234,457
59403941,32.096,34.51,446,30595,0.213556,0.43,1,609806,609360,446
59406861,26.6384,30.004,442,30664,0.235422,0.27,1,609829,609387,442
59409781,50.2554,54.0016,438,30733,0.292169,0.19,1,609895,609457,438
59418541,41.8083,46.2481,431,30940,0.402939,0.21,1,610021,609590,431
59421461,61.1233,63.4992,430,31008,0.443175,0.21,1,610095,609665,430
59468181,52.8253,26.7438,518,32081,0.759652,0.59,2,610778,610260,518
59471101,57.7301,51.4975,511,32147,0.777861,0.65,2,610839,610328,511
59474021,39.8921,55.399,481,32213,0.797144,0.61,2,610867,610386,481
59503221,45.6556,57.7301,461,32864,0.901138,0.81,2,611300,610839,461
59509061,42.4649,43.5568,463,32992,0.927782,0.85,2,611376,610913,463
59514901,44.4744,43.6891,464,33120,0.939245,0.89,2,611488,611024,464
59768941,36.4843,38.6497,513,38277,0.9268,1,2,615042,614529,513
59774781,36.1975,35.344,518,38387,0.940288,1,2,615116,614598,518
59777701,36.079,33.3376,522,38442,0.916115,1,2,615152,614630,522
59914941,33.9554,39.0352,505,40946,0.926676,1,2,616870,616365,505
59923701,36.1091,36.3383,512,41100,0.909147,1,2,616982,616470,512
59926621,41.4437,36.7353,520,41151,0.753659,1,2,617027,616507,520
59947061,34.7828,47.5524,504,41508,0.405056,1,1,617271,616767,504
59952901,28.7252,36.8884,480,41610,0.274809,0.88,1,617318,616838,480
59955821,28.2901,33.9554,476,41661,0.283924,0.99,1,617346,616870,476
59958741,31.716,38.1821,469,41712,0.263569,0.97,1,617380,616911,469
59961661,34.2864,36.2729,470,41763,0.243428,0.87,1,617416,616946,470
59976261,38.3066,40.7644,448,42014,0.0915135,0.51,1,617587,617139,448
59979181,30.9226,33.1058,446,42064,0.0786054,0.55,1,617613,617167,446
59982101,24.3691,24.6423,447,42114,0.0614422,0.45,1,617633,617186,447
59985021,39.1476,43.4569,440,42164,0.0785769,0.35,1,617682,617242,440
59987941,32.459,34.7828,439,42214,0.0974307,0.35,1,617710,617271,439
59990861,21.3836,22.3131,439,42264,0.0809723,0.21,1,617724,617285,439
60005461,27.3255,29.9146,428,42514,0.203245,0.11,1,617871,617443,428
60011301,33.5321,34.6663,425,42614,0.216119,0.11,1,617940,617515,425
60014221,29.6128,31.2665,423,42664,0.248448,0.07,1,617967,617544,423
60017141,37.6451,38.3066,423,42713,0.249379,0.07,1,618010,617587,423
60020061,31.2581,30.9226,424,42762,0.249752,0.05,1,618037,617613,424
60022981,23.3032,24.3691,422,42811,0.273901,0.09,1,618055,617633,422
60025901,41.1213,39.1476,426,42860,0.29556,0.11,1,618108,617682,426
60028821,32.6485,32.459,425,42909,0.280224,0.07,1,618135,617710,425
60031741,22.6594,21.3836,427,42958,0.29809,0.15,1,618151,617724,427
60037581,25.4655,10.8614,451,43056,0.284094,0.13,1,618206,617755,451
60040501,31.1862,19.9446,460,43105,0.287638,0.17,1,618241,617781,460
60043421,33.4745,27.1778,463,43154,0.265055,0.17,1,618276,617813,463
60046341,28.3898,31.2711,454,43203,0.280022,0.23,1,618301,617847,454
60049261,32.3559,26.9085,465,43252,0.298009,0.19,1,618336,617871,465
60072621,22.75,32.6482,450,43642,0.403976,0.31,1,618585,618135,450
60075541,27.7,22.6593,465,43690,0.43159,0.31,1,618616,618151,465
60113501,23.616,32.8751,458,44314,0.750975,0.41,2,619027,618569,458
60116421,29.2464,22.75,475,44362,0.76239,0.45,2,619060,618585,475
60119341,26.0986,27.7,468,44410,0.790956,0.47,2,619084,618616,468
60136861,35.6793,34.3016,452,44692,0.910338,0.61,2,619259,618807,452
60139781,31.0717,30.5206,452,44739,0.922135,0.61,2,619287,618835,452
60142701,37.6287,37.4082,452,44786,0.902854,0.63,2,619329,618877,452
60145621,34.2515,33.5633,453,44833,0.907142,0.65,2,619361,618908,453
60148541,28.1006,26.6253,455,44880,0.908857,0.71,2,619385,618930,455
60151461,43.6402,41.8501,457,44927,0.909543,0.75,2,619439,618982,457
60163141,26.7972,26.0986,462,45115,0.917572,0.81,2,619546,619084,462
60166061,31.7189,30.8394,463,45162,0.937029,0.81,2,619581,619118,463
60168981,13.8875,13.5358,463,45209,0.944812,0.85,2,619583,619120,463
60171901,28.955,27.6143,465,45256,0.935925,0.89,2,619622,619157,465
60174821,28.382,27.2457,466,45303,0.94437,0.89,2,619650,619184,466
60347101,34.2262,24.9353,510,47970,0.907312,1,2,621521,621011,510
60352941,33.7962,25.7096,530,48058,0.92517,1,2,621588,621058,530
60405501,192.727,222.994,439,21900,0.228427,0.23,1,622211,621772,439
60411341,101.396,84.279,484,22093,0.0833483,0.05,1,622358,621874,484
60414261,78.3586,88.3116,456,22189,0.0513393,0.09,1,622421,621965,456
60417181,64.3434,78.5246,439,22285,0.0385357,0.01,1,622476,622037,439
60420101,41.3374,42.2099,447,22380,0.0454143,0.07,1,622502,622055,447
60423021,32.1349,37.2839,439,22475,0.0601657,0.09,1,622528,622089,439
60425941,52.454,52.1136,443,22569,0.0780663,0.13,1,622594,622151,443
60431781,86.2726,52.1382,519,22757,0.0664906,0.05,1,622779,622260,519
60434701,72.9091,79.6553,485,22850,0.0445962,0.03,1,622843,622358,485
60437621,62.1636,69.6621,477,22943,0.0238385,0.03,1,622898,622421,477
60440541,41.0654,60.8648,449,23035,0.0395354,0.05,1,622925,622476,449
60449301,78.1562,52.2314,520,23310,0.23653,0.15,1,623114,622594,520
60452221,83.4625,76.0925,515,23401,0.244612,0.03,1,623201,622686,515
60460981,42.5416,62.1579,452,23672,0.0859752,0.05,1,623350,622898,452
60463901,35.6166,41.0632,456,23762,0.0643901,0.15,1,623381,622925,456
60466821,55.0467,33.2253,496,23851,0.043756,0.19,1,623449,622953,496
60469741,82.6187,52.8901,531,23940,0.0595024,0.29,1,623550,623019,531
60472661,34.2475,78.156,438,24029,0.065801,0.25,1,623552,623114,438
60475581,63.499,83.4624,434,24117,0.0923204,0.17,1,623635,623201,434
60478501,61.9996,72.385,430,24205,0.0909282,0.05,1,623696,623266,430
60487261,35.336,35.6166,425,24467,0.0934194,0.03,1,623806,623381,425
60493101,83.2938,82.6187,425,24640,0.0713471,0.07,1,623975,623550,425
60496021,34.5175,34.2475,425,24726,0.0825388,0.11,1,623977,623552,425
60504781,54.1691,53.5998,427,24982,0.225842,0.13,1,624171,623744,427
60507701,38.4676,38.8399,426,25067,0.240337,0.07,1,624199,623773,426
60510621,33.3871,35.336,423,25152,0.246135,0.11,1,624229,623806,423
60513541,54.7548,53.7344,426,25236,0.272454,0.05,1,624298,623872,426
60516461,82.5019,83.2938,424,25320,0.294982,0.09,1,624399,623975,424
60525221,63.9121,25.9228,491,25570,0.413679,0.21,1,624553,624062,491
60528141,54.9648,46.3691,480,25653,0.435472,0.25,1,624602,624122,480
60531061,38.7859,47.9476,459,25736,0.444189,0.25,1,624630,624171,459
60551501,56.3887,63.9019,492,26307,0.784104,0.45,2,625045,624553,492
60554421,39.3555,54.9608,471,26388,0.799642,0.45,2,625073,624602,471
60580701,33.386,39.3555,462,27102,0.915343,0.85,2,625535,625073,462
60583621,33.1544,34.3422,464,27180,0.924137,0.81,2,625568,625104,464
60586541,57.6618,59.3369,462,27258,0.927655,0.85,2,625642,625180,462
60589461,89.6647,89.1348,464,27336,0.917062,0.85,2,625753,625289,464
60595301,74.8264,74.1416,465,27490,0.91353,0.87,2,625855,625390,465
60598221,68.9305,68.6566,465,27567,0.947412,0.87,2,625920,625455,465
60720861,340.768,374.304,471,13140,0.406,0.77,1,628010,627539,471
60729621,92.1292,134.139,439,13620,0.063664,0.09,1,628384,627945,439
60732541,55.4517,72.8558,438,13776,0.0554656,0.01,1,628415,627977,438
60734001,152.981,48.9423,623,13930,0.0761862,0.03,1,628633,628010,623
60742761,60.0948,73.4523,422,14383,0.0905559,0.05,1,628806,628384,422
60777801,169.956,171.796,425,16065,0.230286,0.13,1,629964,629539,425
60780721,114.182,113.718,427,16197,0.278114,0.17,1,630041,629614,427
60790941,129.206,8.55599,629,16715,0.411904,0.29,1,630324,629695,629
60793861,96.0825,164.822,434,16842,0.422761,0.31,1,630398,629964,434
60837661,128.837,19.7216,664,18757,0.916337,0.89,2,631677,631013,664
60904821,44.5979,51.0251,510,21305,0.934,1,2,633370,632860,510
60913581,106.774,175.538,497,21603,0.250096,1,1,633689,633192,497
60919421,48.5239,69.366,480,21799,0.0472154,1,1,633760,633280,480
60922341,46.4096,58.3464,474,21896,0.0848861,0.89,1,633805,633331,474
60925261,37.1638,46.7386,466,21993,0.0519545,0.77,1,633836,633370,466
60928181,31.6655,39.6954,459,22089,0.0507818,0.31,1,633864,633405,459
60931101,111.066,132.278,429,22185,0.0383127,0.07,1,634028,633599,429
60934021,97.2265,106.911,427,22281,0.0213251,0.03,1,634116,633689,427
60936941,55.6906,61.3645,424,22376,0.03853,0,1,634144,633720,424
60939861,45.0762,48.5458,422,22471,0.015412,0.11,1,634182,633760,422
60942781,45.6305,46.4183,423,22565,0.0481648,0.11,1,634228,633805,423
60945701,36.2522,18.5673,453,22659,0.0372659,0.03,1,634258,633805,453
60948621,30.7009,26.0269,449,22753,0.0209064,0.05,1,634285,633836,449
60951541,111.88,27.2108,587,22846,0.0503625,0.03,1,634451,633864,587
60954461,96.9521,109.284,510,22939,0.038145,0.01,1,634538,634028,510
60957381,54.9809,96.5137,449,23031,0.081258,0.05,1,634565,634116,449
60960301,44.7923,55.4055,459,23123,0.0505032,0,1,634603,634144,459
60963221,47.3169,44.9622,470,23215,0.0742013,0.07,1,634652,634182,470
60966141,35.7268,45.5849,452,23306,0.0836805,0.03,1,634680,634228,452
60969061,29.8907,36.2339,448,23397,0.0994722,0.01,1,634706,634258,448
60971981,113.356,30.6936,590,23488,0.0817889,0.07,1,634875,634285,590
60974901,97.5425,111.877,511,23578,0.0987156,0.03,1,634962,634451,511
60977821,57.017,96.951,454,23668,0.0574862,0.11,1,634992,634538,454
60980741,42.0068,54.9804,459,23758,0.0289945,0.03,1,635024,634565,459
60983661,48.6027,44.7922,474,23847,0.0295978,0.09,1,635077,634603,474
60986581,35.6411,47.3169,452,23936,0.0538391,0.09,1,635104,634652,452
60989501,15.4564,35.7267,426,24025,0.0635356,0.11,1,635106,634680,426
60992421,21.1826,29.8907,425,24113,0.0674143,0.07,1,635131,634706,425
60995341,110.473,113.356,426,24201,0.0569657,0.11,1,635301,634875,426
60998261,95.7892,97.5425,425,24289,0.0767863,0.03,1,635387,634962,425
61001181,55.1157,57.017,423,24376,0.0967145,0.01,1,635415,634992,423
61004101,41.2463,42.0068,423,24463,0.0806858,0.03,1,635447,635024,423
61007021,48.8985,48.6027,424,24550,0.0982743,0.07,1,635501,635077,424
61030381,50.3567,48.8985,426,25232,0.206645,0.13,1,635927,635501,426
61033301,36.3427,35.1594,427,25316,0.220658,0.13,1,635954,635527,427
61036221,15.7371,15.2638,427,25400,0.226263,0.13,1,635956,635529,427
61039141,21.8948,22.3055,426,25483,0.252505,0.13,1,635982,635556,426
61042061,110.158,8.9222,595,25566,0.263002,0.19,1,636151,635556,595
61053741,52.0872,40.0492,487,25896,0.424093,0.23,1,636357,635870,487
61103381,52.145,53.6907,458,27254,0.759406,0.71,2,637258,636800,458
61106301,38.858,41.2763,455,27332,0.789762,0.67,2,637288,636833,455
61117981,47.0556,47.1655,456,27640,0.927082,0.71,2,637496,637040,456
61120901,75.2222,75.2662,456,27717,0.928833,0.73,2,637590,637134,456
61226021,66.1538,65.0189,499,30345,0.770295,1,2,639434,638935,499
61228941,64.8615,68.0076,493,30415,0.794118,1,2,639498,639005,493
61231861,45.1446,45.203,495,30485,0.779647,1,2,639530,639035,495
61407061,91.2979,17.3122,628,34400,0.776176,1,2,642235,641607,628
61421661,36.9695,36.0861,519,34705,0.091228,1,1,642442,641923,519
61424581,27.3878,36.0344,504,34766,0.0364912,1,1,642463,641959,504
61427501,32.5551,31.2138,512,34827,0.0565965,1,1,642499,641987,512
61439181,78.2862,19.7447,590,35069,0.0614009,0.65,1,642686,642096,590
61442101,50.5145,91.2979,483,35129,0.0305603,0.55,1,642718,642235,483
61445021,53.8058,58.1191,503,35189,0.0782241,0.33,1,642774,642271,503
61447941,36.5223,64.6477,459,35249,0.0372897,0.21,1,642799,642340,459
61450861,31.4089,45.0591,455,35309,0.0569159,0.05,1,642827,642372,455
61453781,34.1636,38.4236,457,35369,0.0527663,0.05,1,642863,642406,457
61456701,26.2654,36.9694,442,35429,0.0391065,0,1,642884,642442,442
61459621,32.7062,27.3878,458,35489,0.0336426,0.07,1,642921,642463,458
61462541,38.2825,32.5551,464,35549,0.055457,0.13,1,642963,642499,464
61465461,25.513,35.222,444,35608,0.0761828,0.11,1,642980,642536,444
61468381,16.8052,24.2888,438,35667,0.0724731,0.11,1,642991,642553,438
61471301,7.92208,18.7155,425,35726,0.0709893,0.03,1,642993,642568,425
61474221,72.7688,78.2862,423,35785,0.0463957,0.01,1,643109,642686,423
61477141,47.7075,50.5145,422,35844,0.0725583,0.11,1,643140,642718,422
61480061,55.683,53.8058,427,35903,0.0590233,0.01,1,643201,642774,427
61482981,34.8732,36.5223,423,35962,0.0416093,0.07,1,643222,642799,423
61485901,33.1493,31.4089,427,36021,0.0466437,0.05,1,643254,642827,427
61488821,31.8597,34.1636,422,36080,0.0486575,0.03,1,643285,642863,422
61491741,25.3439,26.2654,422,36139,0.025463,0.03,1,643306,642884,422
61494661,32.3376,32.7062,422,36197,0.0281852,0.07,1,643343,642921,422
61497581,39.935,38.2825,425,36255,0.0412741,0.09,1,643388,642963,425
61500501,25.574,25.513,424,36313,0.0465096,0.07,1,643404,642980,424
61503421,17.4296,16.8052,425,36371,0.0606039,0.07,1,643416,642991,425
61506341,8.17184,7.92208,425,36429,0.0662415,0.03,1,643418,642993,425
61509261,71.0687,72.7688,422,36487,0.0564966,0.09,1,643531,643109,422
61512181,48.2275,47.7075,424,36545,0.0525986,0.05,1,643564,643140,424
61515101,54.691,55.683,422,36603,0.0510395,0.03,1,643623,643201,422
61518021,34.4764,34.8732,422,36661,0.0624158,0.05,1,643644,643222,422
61520941,32.9906,33.1493,422,36719,0.0429663,0.05,1,643676,643254,422
61523861,31.7962,31.8597,422,36777,0.0591865,0.01,1,643707,643285,422
61526781,25.3185,25.3439,422,36834,0.0296746,0.03,1,643728,643306,422
61529701,32.3274,32.3376,422,36891,0.0418698,0.05,1,643765,643343,422
61532621,39.931,39.935,422,36948,0.0587479,0.05,1,643810,643388,422
61535541,26.1724,25.574,423,37005,0.0534992,0.07,1,643827,643404,423
61538461,17.669,17.4296,423,37062,0.0513997,0.07,1,643839,643416,423
61541381,8.26758,8.17184,423,37119,0.0505599,0.05,1,643841,643418,423
61544301,70.507,71.0687,422,37176,0.0982239,0.05,1,643953,643531,422
61550141,54.8411,31.171,482,37290,0.206516,0.05,1,644046,643564,482
61553061,33.9364,47.8684,443,37347,0.244606,0.07,1,644066,643623,443
61555981,33.3746,31.7474,455,37404,0.247843,0.03,1,644099,643644,455
61558901,31.3498,31.8989,453,37460,0.285137,0.07,1,644129,643676,453
61564741,32.016,25.1438,458,37572,0.258022,0.05,1,644186,643728,458
61567661,40.4064,32.2575,467,37628,0.217209,0.07,1,644232,643765,467
61570581,26.9626,39.903,440,37684,0.212884,0.05,1,644250,643810,440
61573501,17.985,26.1612,435,37740,0.223153,0.05,1,644262,643827,435
61576421,8.39401,17.6645,425,37796,0.227261,0.05,1,644264,643839,425
61579341,72.9576,8.26579,539,37852,0.252905,0.13,1,644380,643841,539
61582261,51.983,70.5063,465,37908,0.239162,0.17,1,644418,643953,465
61585181,57.3932,48.6025,492,37964,0.281665,0.25,1,644479,643987,492
61614381,73.6917,8.39401,550,38516,0.299286,0.27,1,644814,644264,550
61617301,52.2767,72.9576,472,38571,0.293714,0.23,1,644852,644380,472
61620221,22.1107,51.983,436,38626,0.291486,0.31,1,644854,644418,436
61631901,31.2572,32.4492,438,38845,0.428278,0.33,1,645003,644565,438
61634821,22.1029,22.5797,438,38899,0.441311,0.33,1,645019,644581,438
61637741,31.0412,31.2319,438,38953,0.434525,0.33,1,645056,644618,438
61699061,48.6644,47.399,449,40076,0.75322,0.55,2,645805,645356,449
61701981,32.6657,18.9596,471,40129,0.763288,0.61,2,645827,645356,471
61719501,27.4523,39.7091,470,40443,0.923853,0.63,2,646013,645543,470
61722421,19.3809,26.6837,466,40495,0.939541,0.65,2,646027,645561,466
61725341,8.95237,19.6735,453,40547,0.945817,0.65,2,646029,645576,453
61938501,45.1248,61.448,476,20347,0.900827,0.83,2,648880,648404,476
62011501,66.5328,79.1988,537,22810,0.94,1,2,650677,650140,537
62020261,46.6661,51.0527,514,23088,0.93184,1,2,650839,650325,514
62023181,67.8664,38.4211,566,23180,0.906736,1,2,650921,650355,566
62031941,68.7595,89.819,522,23453,0.765311,0.9,2,651148,650626,522
62046541,70.6756,67.8663,538,23901,0.762829,0.83,2,651459,650921,538
62049461,29.4702,72.7465,464,23990,0.779132,0.79,2,651461,650997,464
62052381,66.9881,84.8986,463,24078,0.797653,0.73,2,651553,651090,463
62064061,42.9901,43.4726,456,24428,0.900212,0.73,2,651759,651303,456
62169181,43.0426,45.6351,486,27377,0.0926448,0.97,1,653850,653364,486
62172101,54.417,60.8541,477,27454,0.0550579,1,1,653912,653435,477
62175021,42.1668,48.9416,470,27531,0.0400232,0.83,1,653946,653476,470
62177941,63.6667,71.7766,461,27608,0.0220093,0.59,1,654024,653563,461
62180861,42.2667,47.9107,457,27685,0.0388037,0.51,1,654052,653595,457
62183781,34.3067,40.1643,451,27761,0.0695215,0.45,1,654081,653630,451
62192541,63.3716,70.1065,423,27989,0.0853294,0.05,1,654248,653825,423
62195461,40.9486,43.0426,424,28065,0.0641317,0.03,1,654274,653850,424
62198381,53.5795,54.417,424,28140,0.0556527,0.03,1,654336,653912,424
62201301,40.6318,42.1668,422,28215,0.0402611,0.01,1,654368,653946,422
62204221,63.0527,63.6667,422,28290,0.0701044,0.05,1,654446,654024,422
62207141,42.0211,42.2667,422,28365,0.0700418,0.05,1,654474,654052,422
62210061,34.8084,16.9067,452,28440,0.0700167,0.09,1,654504,654052,452
62212981,30.7234,24.1627,451,28514,0.0940067,0.13,1,654532,654081,451
62221741,39.9343,62.7224,447,28736,0.0537764,0.05,1,654695,654248,447
62224661,54.3737,40.689,485,28810,0.0635106,0.05,1,654759,654274,485
62227581,40.3495,53.4756,454,28883,0.0794042,0.03,1,654790,654336,454
62230501,64.1398,40.5902,502,28956,0.0737617,0.09,1,654870,654368,502
62233421,42.4559,63.0361,452,29029,0.0835047,0.07,1,654898,654446,452
62236341,35.5824,42.0144,455,29102,0.0754019,0.07,1,654929,654474,455
62239261,31.6329,34.8058,454,29175,0.0841607,0.11,1,654958,654504,454
62248021,37.9525,60.8356,448,29392,0.213946,0.01,1,655117,654669,448
62256781,64.421,40.3495,504,29608,0.225613,0.07,1,655294,654790,504
62259701,43.1684,64.1398,453,29679,0.228245,0.09,1,655323,654870,453
62262621,35.2674,42.4559,455,29750,0.241298,0.07,1,655353,654898,455
62265541,32.1069,35.5824,454,29821,0.246519,0.09,1,655383,654929,454
62268461,14.0428,31.6329,427,29892,0.248608,0.21,1,655385,654958,427
62283061,39.7131,39.5524,431,30244,0.427509,0.25,1,655644,655213,431
62285981,66.2852,64.421,434,30314,0.441004,0.23,1,655728,655294,434
62344381,67.7859,41.1527,537,31681,0.757062,0.65,2,656623,656086,537
62347301,43.9144,69.2611,477,31748,0.764825,0.57,2,656651,656174,477
62350221,37.9657,44.5044,483,31815,0.77993,0.63,2,656685,656202,483
62353141,34.3863,36.4018,484,31881,0.797972,0.63,2,656717,656233,484
62367741,56.9796,38.4051,525,32211,0.912021,0.73,2,656964,656439,525
62370661,41.3919,56.162,488,32277,0.922808,0.75,2,656995,656507,488
62469941,73.3302,38,574,34435,0.945996,0.99,2,658519,657945,574
62472861,47.3321,69.2,514,34496,0.948398,1,2,658549,658035,514
62540021,43.5012,45.4144,450,35879,0.772635,0.61,2,659468,659018,450
62542941,36.6005,36.1657,452,35938,0.795054,0.57,2,659500,659048,452
62563381,35.3188,35.017,455,36348,0.910797,0.67,2,659763,659308,455
62566301,15.3275,15.2068,455,36406,0.922319,0.69,2,659765,659310,455
62569221,25.931,25.8827,455,36464,0.914928,0.79,2,659798,659343,455
62782381,37.6377,38.1893,510,40476,0.9232,1,2,662627,662117,510
62785301,36.0551,32.6757,516,40528,0.91528,1,2,662662,662146,516
62788221,36.022,37.0703,512,40580,0.900112,1,2,662698,662186,512
62791141,48.6088,37.6281,531,40632,0.774045,1,2,662755,662224,531
62805741,33.0456,29.7469,523,40892,0.437901,1,1,662924,662401,523
62811581,32.4073,34.1595,515,40996,0.296864,1,1,662986,662471,515
62814501,33.9629,42.4638,502,41047,0.232746,1,1,663021,662519,502
62817421,38.1852,37.9855,508,41098,0.207098,0.93,1,663062,662554,508
62829101,43.4623,36.022,513,41302,0.0834937,0.69,1,663211,662698,513
62832021,34.7849,48.6088,485,41353,0.0873975,0.59,1,663240,662755,485
62834941,31.914,39.8435,481,41404,0.076959,0.53,1,663270,662789,481
62837861,28.9656,36.3374,474,41455,0.0967836,0.51,1,663297,662823,474
62858301,35.6911,38.1852,430,41812,0.227194,0.13,1,663492,663062,430
62861221,35.8765,37.4741,429,41862,0.276878,0.15,1,663528,663099,429
62864141,30.5506,32.3896,427,41912,0.284751,0.07,1,663555,663128,427
62867061,30.2202,32.1559,425,41962,0.2999,0.07,1,663585,663160,425
62887501,22.5508,22.9978,427,42312,0.414522,0.15,1,663789,663362,427
62896261,33.4113,30.7279,432,42462,0.439569,0.25,1,663885,663453,432
62899181,37.9645,35.6911,434,42512,0.421828,0.31,1,663926,663492,434
62902101,38.5858,35.8765,437,42562,0.438731,0.29,1,663965,663528,437
62910861,45.4055,43.8881,439,42711,0.443039,0.39,1,664077,663638,439
62913781,35.5622,34.3552,440,42760,0.447216,0.39,1,664106,663666,440
62916701,31.0249,31.1421,439,42809,0.448886,0.41,1,664134,663695,439
62919621,30.41,29.8568,440,42858,0.425554,0.39,1,664164,663724,440
62925461,14.7056,14.3771,441,42956,0.438889,0.43,1,664202,663761,441
62928381,23.2822,22.5508,442,43005,0.445556,0.43,1,664231,663789,442
62931301,24.9129,9.02033,468,43054,0.448222,0.39,1,664257,663789,468
62992621,44.872,30.6903,501,44072,0.772027,0.53,2,664966,664465,501
62995541,35.3488,44.6761,476,44120,0.782811,0.53,2,664995,664519,476
63024741,36.3606,37.9384,458,44597,0.924521,0.73,2,665270,664812,458
63243741,35.1254,29.409,523,48013,0.91912,1,2,667690,667167,523
63246661,32.6502,22.5636,536,48057,0.925648,1,2,667721,667185,536
63249581,22.6601,21.6254,531,48101,0.916259,1,2,667737,667206,531
63252501,27.664,29.6502,527,48145,0.792504,1,2,667768,667241,527
63309441,121.914,134.042,453,22817,0.0608002,0.13,1,668442,667989,453
63312361,88.9658,93.2166,454,22910,0.0663201,0.03,1,668509,668055,454
63315281,56.5863,67.2867,439,23003,0.026528,0.03,1,668544,668105,439
63318201,60.4345,58.7147,449,23095,0.0166112,0.01,1,668607,668158,449
63321121,49.9738,64.2859,424,23187,0.0126445,0.05,1,668650,668226,424
63324041,41.5895,32.3143,449,23278,0.0350578,0.03,1,668686,668237,449
63326961,73.0358,33.9257,508,23369,0.0200231,0.03,1,668780,668272,508
63329881,79.0143,63.9703,507,23460,0.00800925,0,1,668863,668356,507
63332801,73.6057,77.1881,491,23550,0.0212037,0.07,1,668933,668442,491
63335721,48.6423,71.0752,456,23640,0.0384815,0,1,668965,668509,456
63338641,57.8569,49.4301,485,23730,0.0153926,0.01,1,669029,668544,485
63341561,48.3428,57.572,464,23819,0.024157,0.01,1,669071,668607,464
63344481,41.5371,48.8288,458,23908,0.0516628,0.05,1,669108,668650,458
63347401,17.8148,41.1315,424,23997,0.0386651,0.01,1,669110,668686,424
63350321,63.5259,72.8526,424,24085,0.0454661,0,1,669204,668780,424
63353241,74.6104,78.941,423,24173,0.0361864,0.03,1,669286,668863,423
63356161,73.0441,73.5764,425,24261,0.0564746,0.05,1,669358,668933,425
63359081,47.8177,48.6306,424,24348,0.0525898,0,1,669389,668965,424
63362001,56.3271,57.8522,422,24435,0.0210359,0.03,1,669451,669029,422
63364921,47.7308,48.3409,422,24522,0.0384144,0.07,1,669493,669071,422
63367841,42.4923,41.5364,424,24608,0.0333657,0.03,1,669532,669108,424
63370761,18.1969,17.8145,424,24694,0.0313463,0.05,1,669534,669110,424
63373681,63.6788,63.5258,424,24780,0.0185385,0.03,1,669628,669204,424
63376601,73.4715,74.6103,422,24866,0.0494154,0.07,1,669708,669286,422
63379521,73.1886,73.0441,423,24951,0.0257662,0.05,1,669781,669358,423
63382441,49.0754,47.8177,425,25036,0.0643065,0,1,669814,669389,425
63385361,55.6302,56.3271,423,25121,0.0557226,0.05,1,669874,669451,423
63388281,46.8521,47.7308,422,25205,0.040289,0.03,1,669915,669493,422
63391201,42.7408,42.4923,423,25289,0.0701156,0.03,1,669955,669532,423
63394121,18.2963,18.1969,423,25373,0.0580462,0.01,1,669957,669534,423
63397041,63.1185,63.6788,422,25457,0.0292185,0.01,1,670050,669628,422
63399961,75.0474,25.4715,505,25540,0.0116874,0.07,1,670133,669628,505
63402881,72.019,58.1886,495,25623,0.010675,0.01,1,670203,669708,495
63405801,49.2076,67.0754,456,25706,0.02227,0.09,1,670237,669781,456
63408721,54.483,46.6302,481,25788,0.026908,0.05,1,670295,669814,481
63411641,46.9932,54.6521,463,25870,0.0167632,0.03,1,670337,669874,463
63414561,43.3973,46.4608,463,25952,0.0127053,0.09,1,670378,669915,463
63417481,18.5589,42.5843,425,26034,0.0110821,0.05,1,670380,669955,425
63420401,62.0236,18.2337,514,26115,0.0224328,0.01,1,670471,669957,514
63423321,75.8094,63.0935,506,26196,0.0269731,0,1,670556,670050,506
63426241,71.1238,75.0374,491,26277,0.0287893,0.01,1,670624,670133,491
63429161,49.4495,72.015,456,26358,0.0415157,0.03,1,670659,670203,456
63435001,46.6719,54.4824,464,26518,0.0534425,0.01,1,670759,670295,464
63437921,43.2688,46.993,463,26598,0.039377,0.01,1,670800,670337,463
63440841,18.5075,43.3972,424,26678,0.0577508,0.01,1,670802,670378,424
63443761,62.603,18.5589,514,26757,0.0531003,0.03,1,670894,670380,514
63446681,75.4412,62.0236,507,26836,0.0272401,0.03,1,670978,670471,507
63449601,70.9765,75.8094,490,26915,0.040896,0.03,1,671046,670556,490
63452521,29.5906,71.1238,424,26994,0.0463584,0.05,1,671048,670624,424
63455441,32.8362,49.4495,424,27072,0.0365434,0.17,1,671083,670659,424
63458361,52.1345,55.1798,430,27150,0.0926173,0.01,1,671148,670718,430
63470041,62.7986,62.603,424,27461,0.086323,0.01,1,671318,670894,424
63490481,41.3071,40.7415,427,27996,0.276378,0.11,1,671650,671223,427
63493401,17.7228,17.4966,427,28072,0.284551,0.07,1,671652,671225,427
63543041,43.7306,43.9408,479,29327,0.439441,0.29,1,672521,672042,479
63578081,65.1505,64.4769,447,30181,0.783781,0.55,2,673065,672618,447
63595601,24.4001,24.003,454,30599,0.903001,0.69,2,673338,672884,454
63598521,30.76,30.6012,454,30668,0.931201,0.73,2,673373,672919,454
63729921,47.2953,53.4133,506,33631,0.921462,1,2,675464,674958,506
63732841,51.3181,68.7653,481,33694,0.770585,1,2,675518,675037,481
63808761,39.454,40.9135,486,35290,0.764539,0.57,2,676624,676138,486
63811681,32.5816,38.5654,477,35350,0.791816,0.59,2,676652,676175,477
63832121,38.2978,48.2978,450,35766,0.904096,0.65,2,676876,676426,450
63835041,64.5191,66.7191,453,35825,0.919639,0.69,2,676958,676505,453
63837961,58.2076,56.0877,458,35884,0.925855,0.77,2,677012,676554,458
63840881,44.2831,41.6351,461,35943,0.928342,0.79,2,677047,676586,461
63843801,41.1132,39.454,462,36002,0.941337,0.81,2,677086,676624,462
63846721,33.2453,32.5816,462,36061,0.922535,0.81,2,677114,676652,462
63849641,26.4981,26.2326,462,36120,0.939014,0.83,2,677136,676674,462
63978121,49.9922,61.2791,517,38610,0.903894,1,2,678884,678367,517
63981041,34.9969,54.5116,492,38665,0.931558,1,2,678909,678417,492
64115361,36.3719,32.7364,510,41101,0.75226,1,2,680562,680052,510
64132881,44.0185,44.9306,517,41407,0.440275,1,1,680810,680293,517
64135801,33.2074,42.5722,502,41458,0.44611,1,1,680836,680334,502
64211721,42.5944,43.833,446,42763,0.764659,0.57,2,681657,681211,446
64235081,29.5182,29.4487,478,43155,0.79913,0.67,2,681881,681403,478
64238001,34.0073,27.3795,489,43204,0.769652,0.67,2,681918,681429,489
64240921,40.6029,33.1518,497,43253,0.781861,0.69,2,681963,681466,497
64243841,31.8412,38.4607,481,43302,0.786744,0.73,2,681989,681508,481
64261361,33.3169,34.2946,494,43595,0.914391,0.87,2,682225,681731,494
64264281,14.5267,32.9178,464,43643,0.923756,0.87,2,682227,681763,464
64445321,29.886,15.3162,548,46544,0.9052,1,2,684266,683718,548
64459921,24.3387,23.1815,539,46769,0.409964,1,1,684394,683855,539
64509561,295.935,365.673,422,21900,0.205985,0.01,1,684871,684449,422
64515401,123.79,130.028,450,22093,0.0509577,0.03,1,685077,684627,450
64518321,78.3159,88.611,437,22189,0.0503831,0.01,1,685125,684688,437
64521241,64.3263,67.8444,438,22285,0.0381532,0.03,1,685180,684742,438
64524161,43.7305,54.1378,423,22380,0.0452613,0.01,1,685210,684787,423
64527081,42.6922,46.8551,423,22475,0.0361045,0.03,1,685252,684829,423
64530001,35.0769,25.342,442,22569,0.0324418,0.07,1,685282,684840,442
64532921,98.6308,28.7368,552,22663,0.0309767,0.05,1,685423,684871,552
64535841,84.4523,90.0947,496,22757,0.0303907,0.01,1,685498,685002,496
64538761,62.5809,81.0379,469,22850,0.0301563,0.05,1,685546,685077,469
64541681,59.2324,61.2152,478,22943,0.0180625,0.03,1,685603,685125,478
64544601,40.4929,57.4861,451,23035,0.025225,0.05,1,685631,685180,451
64547521,41.3972,40.9944,463,23127,0.04009,0.03,1,685673,685210,463
64550441,35.1589,41.5978,452,23219,0.034036,0.03,1,685704,685252,452
64553361,98.6636,34.6391,563,23310,0.0316144,0.03,1,685845,685282,563
64556281,83.8654,98.4556,496,23401,0.0426458,0.03,1,685919,685423,496
64559201,63.5462,84.3823,471,23492,0.0830583,0.03,1,685969,685498,471
64562121,59.0185,62.5529,479,23582,0.0632233,0.01,1,686025,685546,479
64565041,39.8074,59.2212,449,23672,0.0552893,0.03,1,686052,685603,449
64567961,42.323,40.4885,465,23762,0.0401157,0.05,1,686096,685631,465
64570881,34.9292,41.3954,453,23851,0.0340463,0.03,1,686126,685673,453
64573801,97.9717,35.1582,562,23940,0.0436185,0.03,1,686266,685704,562
64576721,40.3887,98.6633,423,24029,0.0234474,0.05,1,686268,685845,423
64579641,59.9555,83.8653,422,24117,0.027379,0.11,1,686341,685919,422
64582561,56.9822,63.5461,427,24205,0.0169516,0.05,1,686396,685969,427
64585481,53.3929,59.0184,422,24293,0.0367806,0.05,1,686447,686025,422
64588401,37.5571,39.8074,422,24380,0.0327123,0.03,1,686474,686052,422
64591321,42.6229,42.323,424,24467,0.0310849,0.03,1,686520,686096,424
64594241,33.8491,34.9292,422,24554,0.030434,0.05,1,686548,686126,422
64597161,97.5397,97.9717,422,24640,0.0181736,0.01,1,686688,686266,422
64600081,40.2159,40.3887,422,24726,0.0132694,0.03,1,686690,686268,422
64603001,59.8863,59.9555,422,24812,0.0233078,0.01,1,686763,686341,422
64605921,56.9545,56.9822,422,24897,0.0273231,0.05,1,686818,686396,422
64608841,53.3818,53.3929,422,24982,0.0109292,0.03,1,686869,686447,422
64611761,37.5527,37.5571,422,25067,0.0343717,0.03,1,686896,686474,422
64614681,42.6211,42.6229,422,25152,0.0317487,0.03,1,686942,686520,422
64617601,33.8484,33.8491,422,25236,0.0186995,0.01,1,686970,686548,422
64620521,97.5394,97.5397,422,25320,0.00747979,0.01,1,687110,686688,422
64623441,40.2157,40.2159,422,25404,0.0449919,0.03,1,687112,686690,422
64626361,60.4863,59.8863,423,25487,0.0479968,0.03,1,687186,686763,423
64629281,56.5945,23.9545,477,25570,0.0731987,0.03,1,687240,686763,477
64632201,52.6378,42.5818,472,25653,0.0712795,0,1,687290,686818,472
64635121,37.2551,47.6327,448,25736,0.0945118,0.05,1,687317,686869,448
64638041,42.502,35.2531,467,25818,0.0918047,0.03,1,687363,686896,467
64640961,33.8008,41.7012,449,25900,0.0667219,0.01,1,687391,686942,449
64643881,97.5203,33.4805,561,25982,0.0266888,0,1,687531,686970,561
64646801,40.2081,97.3922,423,26064,0.0286755,0.07,1,687533,687110,423
64649721,60.4833,40.1569,495,26145,0.0294702,0.05,1,687607,687112,495
64652641,59.5933,60.4628,480,26226,0.0537881,0.09,1,687666,687186,480
64655561,52.6373,56.5851,474,26307,0.0755152,0.07,1,687714,687240,474
64658481,39.0549,52.634,454,26388,0.0962061,0.11,1,687744,687290,454
64667241,96.7715,33.8006,561,26628,0.0812772,0,1,687952,687391,561
64670161,39.9086,97.5202,423,26708,0.0505109,0.03,1,687954,687531,423
64673081,60.9634,40.2081,496,26787,0.0382043,0.03,1,688029,687533,496
64676001,60.9854,60.4832,483,26866,0.0812817,0.07,1,688090,687607,483
64678921,25.5941,59.5933,426,26945,0.0985127,0.09,1,688092,687666,426
64693521,91.9498,96.7715,422,27336,0.228788,0.03,1,688374,687952,422
64696441,37.9799,39.9086,422,27413,0.241515,0.03,1,688376,687954,422
64740241,40.7283,25.6171,472,28550,0.202565,0.15,1,689073,688601,472
64743161,33.0913,37.8468,454,28624,0.207026,0.17,1,689101,688647,454
64746081,92.4365,31.3387,559,28698,0.26881,0.15,1,689233,688674,559
64749001,38.1746,92.3355,428,28772,0.293524,0.15,1,689235,688807,428
64769441,34.0487,40.7273,460,29283,0.415714,0.21,1,689533,689073,460
64804481,39.8543,39.2878,447,30139,0.780292,0.53,2,690118,689671,447
64824921,34.857,33.9738,456,30627,0.902495,0.69,2,690402,689946,456
64827841,31.9428,31.5895,456,30696,0.906998,0.77,2,690432,689976,456
64830761,99.1771,96.6358,460,30765,0.932799,0.81,2,690576,690116,460
64833681,40.8708,39.8543,460,30834,0.91912,0.83,2,690578,690118,460
64836601,61.9483,60.9417,461,30903,0.925648,0.83,2,690654,690193,461
64839521,65.5793,63.9767,463,30971,0.928259,0.83,2,690722,690259,463
64842441,27.4317,26.7907,463,31039,0.929304,0.87,2,690724,690261,463
64845361,46.9727,45.5163,465,31107,0.929721,0.87,2,690784,690319,465
64962161,49.543,57.4919,481,33720,0.930851,1,2,692624,692143,481
64968001,39.9669,37.5187,495,33846,0.798136,1,2,692699,692204,495
64982601,95.5433,97.5871,485,34156,0.281533,0.93,1,692956,692471,485
64988441,40.2469,23.2939,515,34280,0.0510453,1,1,693018,692503,515
64991361,26.2988,27.9176,501,34342,0.0744181,1,1,693035,692534,501
64994281,44.1195,29.767,526,34404,0.0477672,0.89,1,693091,692565,526
64997201,36.2478,47.3068,498,34465,0.0371069,0.83,1,693122,692624,498
65000121,35.4991,40.5227,497,34526,0.0328428,0.75,1,693157,692660,497
65003041,27.9996,39.6091,481,34587,0.0431371,0.65,1,693180,692699,481
65005961,30.3999,32.6436,485,34648,0.0832548,0.59,1,693212,692727,485
65008881,28.9599,34.0575,478,34709,0.0873019,0.57,1,693240,692762,478
65029321,35.8938,44.1194,453,35133,0.0991801,0.03,1,693544,693091,453
65032241,34.7575,36.2478,456,35193,0.093672,0.03,1,693578,693122,456
65035161,28.903,35.4991,446,35253,0.0554688,0.05,1,693603,693157,446
65049761,51.3104,83.4736,460,35553,0.229269,0.11,1,693841,693381,460
65052681,36.7241,53.7894,453,35612,0.253708,0.11,1,693868,693415,453
65055601,21.8897,37.7158,438,35671,0.263483,0.09,1,693880,693442,438
65058521,9.95586,24.0863,425,35730,0.267393,0.17,1,693882,693457,425
65061441,39.3823,43.2345,428,35789,0.268957,0.07,1,693941,693513,428
65064361,32.5529,35.8938,425,35848,0.245583,0.09,1,693969,693544,425
65067281,32.8212,34.7575,424,35907,0.248233,0.03,1,694002,693578,424
65070201,27.5285,28.903,423,35966,0.237293,0.13,1,694026,693603,423
65073121,35.0114,32.5612,428,36025,0.280917,0.11,1,694066,693638,428
65076041,30.2046,29.2245,428,36084,0.286367,0.13,1,694093,693665,428
65078961,25.2818,23.6898,430,36143,0.276547,0.25,1,694115,693685,430
65081881,89.3127,86.2759,434,36201,0.260619,0.25,1,694247,693813,434
65084801,52.5251,51.3104,434,36259,0.290247,0.27,1,694275,693841,434
65090641,22.324,21.8897,435,36375,0.29964,0.27,1,694315,693880,435
65093561,10.1296,9.95586,435,36433,0.293856,0.27,1,694317,693882,435
65105241,27.0961,27.5285,433,36665,0.415571,0.31,1,694459,694026,433
65108161,36.0384,35.0114,435,36723,0.448228,0.29,1,694501,694066,435
65111081,30.0154,30.2046,434,36781,0.437291,0.27,1,694527,694093,434
65114001,25.8062,25.2818,435,36838,0.444917,0.25,1,694550,694115,435
65175321,28.5345,33.9596,472,38024,0.773704,0.57,2,695347,694875,472
65178241,38.4138,28.5838,492,38080,0.771482,0.57,2,695392,694900,492
65181161,31.5655,37.2335,476,38135,0.770593,0.59,2,695419,694943,476
65184081,26.4262,30.4934,473,38190,0.794237,0.59,2,695442,694969,473
65192841,39.5393,54.4636,483,38355,0.914591,0.67,2,695639,695156,483
65195761,23.0157,38.5854,467,38410,0.923837,0.69,2,695651,695184,467
65198681,10.4063,22.6342,457,38465,0.927535,0.69,2,695653,695196,457
65201601,40.7625,10.2537,516,38520,0.941014,0.71,2,695714,695198,516
65417681,372.67,404.058,470,18980,0.418,0.84,1,698438,697968,470
65429361,59.0283,82.0511,437,19424,0.0740128,0,1,698697,698260,437
65432281,60.8113,69.4204,438,19533,0.0476051,0.01,1,698759,698321,438
65435201,77.1245,44.5682,498,19642,0.073042,0.03,1,698847,698349,498
65438121,96.8498,71.2273,519,19750,0.0472168,0.03,1,698957,698438,519
65441041,74.7399,85.4909,484,19857,0.0728867,0.11,1,699017,698533,484
65443961,67.696,70.1964,487,19964,0.0711547,0.09,1,699080,698593,487
65446881,49.8784,65.2785,463,20070,0.0944619,0.05,1,699118,698655,463
65449801,57.1514,51.3114,483,20176,0.0377848,0.03,1,699180,698697,483
65452721,76.8605,57.7246,511,20281,0.0451139,0.09,1,699270,698759,511
65455641,97.3442,75.8898,534,20386,0.0360456,0.03,1,699381,698847,534
65458561,75.5377,96.3559,485,20490,0.0924182,0.09,1,699442,698957,485
65470241,77.0346,57.1387,513,20901,0.0698059,0.05,1,699693,699180,513
65473161,96.8138,76.8555,533,21002,0.0459224,0.03,1,699803,699270,533
65476081,39.9255,97.3422,424,21103,0.0363689,0.13,1,699805,699381,424
65479001,54.9702,75.5369,428,21204,0.0445476,0.15,1,699870,699442,428
65481921,60.3881,67.4148,430,21304,0.059819,0.23,1,699934,699504,430
65484841,49.9552,50.9659,433,21404,0.0299276,0.09,1,699977,699544,433
65487761,49.9821,54.5864,426,21503,0.041971,0.03,1,700027,699601,426
65490681,73.3928,77.0345,423,21602,0.0587884,0.03,1,700116,699693,423
65493601,95.9571,96.8138,424,21700,0.0415154,0.03,1,700227,699803,424
65496521,39.5829,39.9255,424,21798,0.0346061,0.05,1,700229,699805,424
65499441,54.8331,54.9702,424,21895,0.0678425,0.07,1,700294,699870,424
65514041,96.0959,95.9571,423,22375,0.203322,0.03,1,700650,700227,423
65516961,39.6384,39.5829,423,22470,0.231329,0.09,1,700652,700229,423
65519881,55.4553,54.8331,424,22564,0.278532,0.09,1,700718,700294,424
65534481,97.4827,72.8975,542,23030,0.4349,0.21,1,701081,700539,542
65578281,101.352,100.142,454,24375,0.758255,0.65,2,701979,701525,454
65581201,41.7408,41.257,454,24462,0.765302,0.67,2,701981,701527,454
65587041,67.5185,67.3211,456,24635,0.766848,0.73,2,702125,701669,456
65589961,28.2074,28.1284,456,24721,0.756739,0.73,2,702127,701671,456
65592881,36.483,35.2514,458,24807,0.776696,0.73,2,702169,701711,458
65601641,101.791,101.352,458,25062,0.917789,0.77,2,702437,701979,458
65683401,63.2223,66.962,487,27331,0.946,1,2,704013,703526,487
65686321,48.0889,41.7848,500,27408,0.9124,1,2,704051,703551,500
65709681,52.824,63.2223,467,28020,0.256867,0.89,1,704480,704013,467
65712601,42.7296,48.0889,465,28096,0.240747,0.85,1,704516,704051,465
65715521,38.0918,40.8356,464,28171,0.258299,0.79,1,704551,704087,464
65718441,29.0367,35.5342,455,28246,0.241319,0.61,1,704574,704119,455
65721361,23.0147,29.8137,448,28321,0.246528,0.55,1,704593,704145,448
65724281,50.6059,55.1255,445,28396,0.284611,0.55,1,704662,704217,445
65727201,95.8424,22.0502,571,28471,0.287844,0.39,1,704788,704217,571
65733041,47.3748,52.608,476,28619,0.299255,0.31,1,704857,704381,476
65741801,37.496,42.3909,466,28841,0.400992,0.27,1,704982,704516,466
65744721,29.9984,37.9564,456,28914,0.430397,0.23,1,705007,704551,456
65747641,23.3994,28.9825,452,28987,0.430159,0.25,1,705026,704574,452
65750561,51.3597,22.993,503,29060,0.442064,0.31,1,705096,704593,503
65785601,33.376,55.3776,450,29922,0.77117,0.61,2,705702,705252,450
65788521,40.3504,47.951,452,29993,0.794468,0.65,2,705747,705295,452
65791441,50.9402,52.7804,454,30064,0.767787,0.69,2,705805,705351,454
65794361,44.3761,43.9122,456,30134,0.757115,0.67,2,705845,705389,456
65797281,36.9504,37.3649,455,30204,0.752846,0.67,2,705877,705422,455
65800201,31.5802,31.7459,455,30274,0.751138,0.67,2,705905,705450,455
65803121,23.4321,23.4984,455,30344,0.750455,0.73,2,705923,705468,455
65806041,53.7728,51.9994,458,30414,0.762182,0.75,2,705997,705539,458
65808961,101.909,100.6,459,30484,0.790873,0.75,2,706131,705672,459
65826481,36.3721,36.9504,457,30898,0.929634,0.75,2,706334,705877,457
65829401,31.3488,31.5802,457,30966,0.941853,0.75,2,706362,705905,457
65832321,23.3395,23.4321,457,31034,0.922741,0.77,2,706380,705923,457
65960801,98.4619,98.8933,489,33903,0.945975,1,2,708511,708022,489
65963721,60.9847,58.7573,493,33965,0.91839,1,2,708547,708054,493
65972481,37.047,39.0885,480,34151,0.779497,0.99,2,708638,708158,480
65990001,34.6998,33.6015,509,34521,0.428682,1,1,708841,708332,509
65998761,29.8208,60.9505,475,34704,0.403516,0.87,1,709022,708547,475
66019201,31.2268,38.3739,473,35128,0.42519,0.45,1,709249,708776,473
66103881,36.6848,36.2673,450,36833,0.916611,0.63,2,710401,709951,450
66106801,31.4739,30.1069,452,36890,0.936644,0.61,2,710429,709977,452
66299521,34.26,36.4178,519,40494,0.908464,1,2,712943,712424,519
66314121,31.0775,33.8222,527,40754,0.42096,1,1,713102,712575,527
66317041,32.231,31.5289,530,40806,0.234384,1,1,713135,712605,530
66319961,65.0924,44.4116,564,40858,0.0937536,1,1,713222,712658,564
66322881,47.637,70.5646,512,40910,0.0675014,1,1,713258,712746,512
66325801,38.2548,46.8258,513,40962,0.0570006,1,1,713290,712777,513
66328721,39.3019,41.5303,515,41014,0.0288002,0.96,1,713330,712815,515
66331641,27.1208,35.8121,502,41065,0.0175201,1,1,713349,712847,502
66334561,28.8483,28.1249,509,41116,0.049008,1,1,713379,712870,509
66337481,29.5393,34.6499,500,41167,0.0196032,0.85,1,713409,712909,500
66340401,27.4157,34.26,492,41218,0.0258413,0.81,1,713435,712943,492
66343321,25.3663,32.904,484,41269,0.0283365,0.79,1,713459,712975,484
66346241,29.3465,29.9616,488,41320,0.0173346,0.63,1,713491,713003,488
66349161,24.3386,35.9846,469,41371,0.0369338,0.51,1,713512,713043,469
66352081,24.1354,31.1939,465,41422,0.0447735,0.31,1,713536,713071,465
66355001,24.6542,31.0775,459,41473,0.0359094,0.11,1,713561,713102,459
66357921,59.0617,32.231,508,41524,0.0143638,0,1,713643,713135,508
66360841,24.8247,65.0924,423,41575,0.00574551,0.05,1,713645,713222,423
66363761,30.9299,47.637,422,41626,0.0442982,0.05,1,713680,713258,422
66366681,32.7719,38.2548,424,41677,0.0237193,0.01,1,713714,713290,424
66369601,35.9088,39.3019,422,41728,0.0274877,0.01,1,713752,713330,422
66372521,25.7635,27.1208,422,41779,0.0109951,0.07,1,713771,713349,422
66375441,28.9054,28.8483,423,41830,0.022398,0,1,713802,713379,423
66378361,28.9622,29.5393,422,41880,0.0269592,0.03,1,713831,713409,422
66381281,28.3849,27.4157,424,41930,0.0407837,0.03,1,713859,713435,424
66384201,25.1539,25.3663,423,41980,0.0343135,0.01,1,713882,713459,423
66387121,29.2616,29.3465,423,42030,0.0137254,0.05,1,713914,713491,423
66390041,24.9046,24.3386,424,42080,0.0354902,0.05,1,713936,713512,424
66392961,23.1619,24.1354,422,42130,0.0681961,0.03,1,713958,713536,422
66395881,25.4647,24.6542,424,42180,0.0692784,0,1,713985,713561,424
66398801,58.1859,59.0617,422,42230,0.0277114,0,1,714065,713643,422
66401721,24.4744,24.8247,422,42280,0.0110845,0.07,1,714067,713645,422
66404641,32.5897,30.9299,425,42330,0.0104338,0.01,1,714105,713680,425
66407561,33.4359,32.7719,425,42380,0.0221735,0.03,1,714139,713714,425
66410481,34.9744,35.9088,423,42430,0.0148694,0,1,714175,713752,423
66413401,24.7897,25.7635,422,42480,0.0239478,0.03,1,714193,713771,422
66416321,28.5159,28.9054,422,42530,0.0275791,0.03,1,714224,713802,422
66419241,28.8064,28.9622,422,42580,0.0290316,0.05,1,714253,713831,422
66422161,28.3225,28.3849,422,42630,0.0416127,0.03,1,714281,713859,422
66425081,25.129,25.1539,422,42680,0.0466451,0,1,714304,713882,422
66428001,29.2516,29.2616,422,42729,0.018658,0.05,1,714336,713914,422
66430921,26.1006,24.9046,424,42778,0.0254632,0.09,1,714360,713936,424
66433841,23.6403,23.1619,424,42827,0.0281853,0.07,1,714382,713958,424
66436761,25.0561,25.4647,423,42876,0.0772741,0,1,714408,713985,423
66439681,58.0224,58.1859,423,42925,0.0309096,0,1,714488,714065,423
66442601,24.409,24.4744,423,42974,0.0123639,0.01,1,714490,714067,423
66445521,31.9636,32.5897,422,43023,0.0109455,0.01,1,714527,714105,422
66448441,33.7854,13.0359,457,43072,0.00437822,0.03,1,714562,714105,457
66451361,33.9142,25.6144,457,43121,0.0197513,0.01,1,714596,714139,457
66454281,24.3657,31.8457,439,43170,0.00790051,0.03,1,714614,714175,439
66457201,28.3463,23.5383,452,43219,0.0211602,0.03,1,714645,714193,452
66460121,28.7385,28.0153,450,43268,0.0144641,0.03,1,714674,714224,450
66463041,28.8954,28.6061,450,43317,0.0357856,0.05,1,714703,714253,450
66465961,25.3582,28.2425,445,43366,0.0443143,0.05,1,714726,714281,445
66468881,28.7433,25.097,453,43415,0.0597257,0,1,714757,714304,453
66471801,26.4973,29.2388,446,43464,0.0538903,0.03,1,714782,714336,446
66474721,23.7989,26.0955,444,43513,0.0515561,0.03,1,714804,714360,444
66477641,26.9196,23.6382,451,43561,0.0506224,0.11,1,714833,714382,451
66480561,56.9678,25.0553,502,43609,0.020249,0,1,714910,714408,502
66483481,23.9871,58.0221,424,43657,0.00809959,0,1,714912,714488,424
66486401,31.1949,24.4088,458,43705,0.0332398,0.01,1,714948,714490,458
66489321,34.0779,31.9635,457,43753,0.0432959,0,1,714984,714527,457
66492241,33.4312,33.7854,455,43801,0.0593184,0.03,1,715017,714562,455
66495161,24.1725,33.9142,439,43849,0.0237273,0,1,715035,714596,439
66498081,28.269,24.3657,452,43897,0.0394909,0.03,1,715066,714614,452
66501001,28.7076,28.3463,450,43945,0.0337964,0.01,1,715095,714645,450
66503921,30.683,28.7385,453,43993,0.0435185,0.05,1,715127,714674,453
66506841,26.6732,28.8954,448,44041,0.0354074,0.05,1,715151,714703,448
66509761,26.8693,25.3582,452,44089,0.044163,0.07,1,715178,714726,452
66512681,26.9477,28.7433,448,44137,0.0716652,0.05,1,715205,714757,448
66515601,23.9791,26.4973,445,44185,0.0826661,0.05,1,715227,714782,445
66518521,26.9916,23.7989,452,44233,0.0750664,0.05,1,715256,714804,452
66521441,55.7967,26.9196,498,44281,0.0300266,0,1,715331,714833,498
66524361,23.5187,56.9678,423,44329,0.0120106,0,1,715333,714910,423
66527281,32.2075,23.9871,459,44377,0.0108043,0.05,1,715371,714912,459
66530201,33.283,31.1949,457,44425,0.0343217,0.05,1,715405,714948,457
66533121,14.5132,34.0779,423,44472,0.0437287,0.07,1,715407,714984,423
66536041,26.2053,33.4312,424,44519,0.0954915,0,1,715441,715017,424
66541881,26.8728,28.269,423,44613,0.0596786,0.03,1,715489,715066,423
66544801,27.5491,28.7076,422,44660,0.0418715,0.05,1,715517,715095,422
66547721,30.8197,30.683,423,44707,0.0347486,0.03,1,715550,715127,423
66550641,27.3279,26.6732,424,44754,0.0318994,0.05,1,715575,715151,424
66553561,27.7311,26.8693,425,44801,0.0307598,0.09,1,715603,715178,425
66556481,27.8925,26.9477,426,44848,0.0183039,0.09,1,715631,715205,426
66559401,24.357,23.9791,426,44895,0.0373216,0.07,1,715653,715227,426
66562321,26.5428,26.9916,425,44942,0.0449286,0,1,715681,715256,425
66565241,53.8171,55.7967,422,44989,0.0179714,0,1,715753,715331,422
66568161,22.7268,23.5187,422,45036,0.00718858,0.01,1,715755,715333,422
66571081,32.4907,32.2075,423,45083,0.0208754,0.05,1,715794,715371,423
66574001,34.5963,33.283,425,45130,0.0263502,0.05,1,715830,715405,425
66576921,15.0385,14.5132,425,45177,0.0285401,0.13,1,715832,715407,425
66579841,28.2154,26.2053,428,45224,0.053416,0.11,1,715869,715441,428
66582761,19.6862,20.6821,425,45271,0.0873664,0.03,1,715883,715458,425
66591521,30.4679,30.8197,422,45411,0.0859914,0.03,1,715972,715550,422
66594441,27.7872,27.3279,423,45457,0.0403966,0.03,1,715998,715575,423
66597361,27.3149,27.7311,422,45503,0.0461586,0.01,1,716025,715603,422
66600281,27.7259,27.8925,422,45549,0.0484634,0.05,1,716053,715631,422
66603201,24.2904,24.357,422,45595,0.0613854,0.05,1,716075,715653,422
66606121,27.1162,26.5428,423,45641,0.0905541,0,1,716104,715681,423
66609041,53.4465,53.8171,422,45687,0.0362217,0,1,716175,715753,422
66611961,22.5786,22.7268,422,45733,0.0144887,0.03,1,716177,715755,422
66614881,32.4314,32.4907,422,45779,0.0477955,0.03,1,716216,715794,422
66617801,35.1726,34.5963,423,45825,0.0611182,0.03,1,716253,715830,423
66620721,15.269,15.0385,423,45871,0.0664473,0.07,1,716255,715832,423
66629481,27.3292,12.9145,456,46009,0.0822526,0.15,1,716339,715883,456
66632401,26.5317,21.9658,454,46055,0.0989011,0.15,1,716365,715911,454
66638241,27.1651,30.0345,448,46147,0.0962242,0.01,1,716420,715972,448
66641161,26.466,27.6138,448,46193,0.0924897,0.05,1,716446,715998,448
66655761,21.608,53.4447,423,46422,0.0877407,0,1,716598,716175,423
66658681,34.4432,22.5779,464,46467,0.0530963,0.07,1,716641,716177,464
66661601,35.9773,32.4312,462,46512,0.0512385,0.07,1,716678,716216,462
66664521,15.5909,35.1725,427,46557,0.0504954,0.07,1,716680,716253,427
66667441,29.0364,15.269,463,46602,0.0501982,0.15,1,716718,716255,463
66670361,20.0145,28.3076,440,46647,0.0500793,0.09,1,716732,716292,440
66673281,27.2058,20.323,457,46692,0.0380317,0.07,1,716764,716307,457
66676201,27.0823,27.3292,452,46737,0.0692127,0.11,1,716791,716339,452
66679121,27.6329,26.5317,454,46782,0.0936851,0.11,1,716819,716365,454
66696641,47.9331,28.5498,488,47052,0.205565,0.11,1,717018,716530,488
66699561,20.3732,51.0199,424,47097,0.220226,0.07,1,717020,716596,424
66702481,35.1493,21.608,467,47142,0.20209,0.03,1,717065,716598,467
66711241,28.9856,15.5909,461,47277,0.202774,0.05,1,717141,716680,461
66714161,20.5942,29.0364,438,47322,0.20711,0.05,1,717156,716718,438
66717081,26.8377,20.0145,455,47367,0.220844,0.03,1,717187,716732,455
66720001,11.9351,27.2058,425,47412,0.226338,0.09,1,717189,716764,425
66722921,21.574,27.0823,426,47456,0.228535,0.11,1,717217,716791,426
66725841,26.0296,27.6329,427,47500,0.229414,0.15,1,717246,716819,427
66728761,27.8118,26.6532,430,47544,0.253766,0.17,1,717275,716845,430
66731681,26.7247,26.2613,430,47588,0.299506,0.17,1,717301,716871,430
66734601,29.8899,29.7045,430,47632,0.293802,0.17,1,717333,716903,430
66746281,20.9924,20.3732,434,47808,0.295473,0.19,1,717454,717020,434
66775481,30.4348,27.8118,436,48248,0.435722,0.33,1,717711,717275,436
66836801,51.1734,30.7168,511,49156,0.767575,0.55,2,718337,717826,511
66839721,21.6694,49.4867,451,49199,0.75703,0.55,2,718339,717888,451
66842641,35.0677,20.9947,493,49242,0.752812,0.63,2,718383,717890,493
66845561,36.8271,34.1979,488,49285,0.787125,0.63,2,718421,717933,488
66854321,21.8689,30.7247,469,49414,0.796536,0.71,2,718481,718012,469
66883521,51.1612,31.9335,522,49838,0.917211,0.79,2,718795,718273,522
66886441,21.6645,51.1734,460,49880,0.924885,0.75,2,718797,718337,460
66889361,35.0658,21.6694,502,49922,0.939954,0.75,2,718841,718339,502
67064561,323.949,342.336,493,23360,0.406,0.94,1,720942,720449,493
67070401,187.18,208.335,470,23360,0.2044,0.91,1,721038,720568,470
67108361,89.2719,102.534,462,24090,0.08176,0.79,1,721062,720600,462
67111281,78.9088,53.6135,513,24178,0.050704,0.51,1,721134,720621,513
67114201,66.3635,75.4454,481,24266,0.0382816,0.19,1,721192,720711,481
67117121,57.7454,78.1782,453,24353,0.0453126,0.01,1,721244,720791,453
67120041,68.0982,85.2713,438,24440,0.0241251,0.01,1,721319,720881,438
67122961,42.8393,52.1085,434,24527,0.02765,0.01,1,721345,720911,434
67125881,27.9357,32.8434,432,24613,0.01706,0.07,1,721363,720931,432
67128801,50.1743,40.1374,452,24699,0.036824,0.07,1,721428,720976,452
67131721,53.6697,53.2549,446,24785,0.0327296,0.03,1,721484,721038,446
67134641,66.4679,78.902,425,24871,0.0190918,0.03,1,721559,721134,425
67137561,60.1872,66.3608,423,24956,0.0496367,0.05,1,721615,721192,423
67140481,55.2749,57.7443,423,25041,0.0498547,0.01,1,721667,721244,423
67143401,67.1099,68.0977,423,25126,0.0199419,0.03,1,721742,721319,423
67146321,42.444,42.8391,423,25210,0.0139767,0.01,1,721768,721345,423
67149241,27.1776,27.9356,422,25294,0.0235907,0.05,1,721785,721363,422
67152161,49.871,50.1743,422,25378,0.0514363,0.03,1,721850,721428,422
67155081,53.5484,53.6697,422,25461,0.0625745,0.03,1,721906,721484,422
67158001,65.8194,21.4679,496,25544,0.0430298,0.01,1,721980,721484,496
67160921,61.1277,53.5872,479,25627,0.0232119,0.07,1,722038,721559,479
67163841,55.0511,55.0349,474,25710,0.0752848,0.05,1,722089,721615,474
67166761,66.4204,53.2139,496,25792,0.0721139,0,1,722163,721667,496
67169681,42.1682,66.2856,447,25874,0.0468456,0.01,1,722189,721742,447
67172601,27.0673,42.1142,438,25956,0.0247382,0.03,1,722206,721768,438
67175521,50.4269,27.0457,487,26038,0.0158953,0.07,1,722272,721785,487
67178441,53.7708,49.8183,478,26119,0.0483581,0.07,1,722328,721850,478
67181361,65.9083,53.5273,496,26200,0.0373432,0.03,1,722402,721906,496
67184281,62.3633,65.8109,482,26281,0.0449373,0.01,1,722462,721980,482
67187201,56.7453,61.1244,477,26362,0.0839749,0.11,1,722515,722038,477
67198881,50.7631,27.0672,488,26682,0.0529338,0.01,1,722694,722206,488
67201801,55.1052,50.4269,480,26761,0.0391735,0.07,1,722752,722272,480
67204721,65.2421,53.7708,496,26840,0.0456694,0.03,1,722824,722328,496
67207641,27.2968,65.9083,424,26919,0.0482678,0.05,1,722826,722402,424
67210561,47.5187,62.3633,425,26998,0.0733071,0.11,1,722887,722462,425
67213481,52.0075,56.7453,427,27076,0.0593228,0.21,1,722942,722515,427
67225161,49.245,50.7631,424,27388,0.0756787,0.03,1,723118,722694,424
67228081,54.498,55.1052,424,27465,0.0602715,0.05,1,723176,722752,424
67231001,64.9992,65.2421,424,27542,0.0301086,0.05,1,723248,722824,424
67233921,27.1997,27.2968,424,27619,0.0420434,0.09,1,723250,722826,424
67236841,47.4799,47.5187,424,27696,0.0228174,0.05,1,723311,722887,424
67239761,51.9919,52.0075,424,27772,0.0391269,0.15,1,723366,722942,424
67242681,66.9968,65.203,427,27848,0.0456508,0.15,1,723443,723016,427
67245601,39.9987,39.2812,427,27924,0.0602603,0.15,1,723465,723038,427
67263121,47.406,47.4799,422,28376,0.221567,0.01,1,723733,723311,422
67266041,51.3624,18.9919,476,28451,0.214627,0.05,1,723787,723311,476
67268961,67.945,40.5968,500,28525,0.223851,0.05,1,723866,723366,500
67271881,41.578,62.4387,447,28599,0.25154,0.07,1,723890,723443,447
67274801,25.0312,38.1755,439,28673,0.298616,0.13,1,723904,723465,439
67298161,44.5187,67.9438,461,29259,0.422616,0.27,1,724327,723866,461
67336121,54.2872,54.7132,448,30185,0.752361,0.57,2,724911,724463,448
67339041,68.5149,67.4853,450,30255,0.762944,0.57,2,724989,724539,450
67341961,28.606,28.1941,450,30325,0.791178,0.63,2,724991,724541,450
67374081,52.545,50.4424,464,31084,0.934465,0.87,2,725520,725056,464
67518621,132.054,142.815,469,14890,0.095152,0.01,1,727902,727433,469
67521541,142.822,153.726,458,15033,0.0560608,0,1,728052,727594,458
67524461,73.3286,99.2904,422,15174,0.0404243,0.03,1,728079,727657,422
67527381,46.1314,47.5161,437,15314,0.0461697,0.07,1,728107,727670,437
67530301,101.853,108.406,427,15453,0.0244679,0.03,1,728246,727819,427
67533221,88.141,93.1626,423,15590,0.0877872,0.03,1,728325,727902,423
67536141,125.256,127.265,423,15726,0.0351149,0.03,1,728475,728052,423
67539061,65.7026,67.106,422,15861,0.0320459,0.05,1,728501,728079,422
67541981,44.881,43.6424,425,15995,0.0308184,0.01,1,728532,728107,425
67544901,100.152,100.857,423,16128,0.0663274,0.13,1,728669,728246,423
67547821,89.261,87.7428,426,16260,0.0805309,0,1,728751,728325,426
67550741,123.904,125.097,423,16391,0.0382124,0.03,1,728898,728475,423
67553661,64.5618,65.6388,422,16521,0.033285,0.03,1,728923,728501,422
67556581,44.4247,44.8555,422,16650,0.031314,0.03,1,728954,728532,422
67559501,101.77,17.9422,562,16778,0.0305256,0.09,1,729094,728532,562
67562421,89.9079,89.3769,507,16905,0.0542102,0.09,1,729176,728669,507
67565341,121.763,84.9508,568,17031,0.0636841,0.01,1,729319,728751,568
67568261,63.7053,122.18,446,17156,0.0314736,0.03,1,729344,728898,446
67571181,44.0821,63.8721,452,17280,0.0185895,0.03,1,729375,728923,452
67574101,102.233,44.1488,562,17403,0.0494358,0.03,1,729516,728954,562
67591621,42.6372,102.232,426,18122,0.0968534,0.17,1,729942,729516,426
67597461,111.222,120.517,430,18355,0.259097,0.17,1,730170,729740,430
67600381,57.0888,63.2068,426,18471,0.289639,0.11,1,730191,729765,426
67606221,102.974,103.593,426,18700,0.402742,0.09,1,730366,729940,426
67655861,47.6083,61.5952,483,20543,0.751974,0.47,2,731558,731075,483
67658781,104.843,45.6381,591,20646,0.76279,0.55,2,731701,731110,591
67661701,43.1373,104.055,450,20749,0.767116,0.55,2,731703,731253,450
67667541,120.662,74.1288,602,20953,0.920739,0.75,2,731952,731350,602
67755141,53.3919,64.8383,517,23802,0.922,1,2,733922,733405,517
67778501,48.1808,53.3919,470,24505,0.0469219,0.83,1,734392,733922,470
67781421,36.0723,41.7568,464,24591,0.0727687,0.61,1,734420,733956,464
67784341,68.4289,78.5027,451,24677,0.0471075,0.49,1,734510,734059,451
67787261,45.9716,53.0011,446,24763,0.060843,0.45,1,734541,734095,446
67790181,33.9886,38.0004,444,24849,0.0903372,0.25,1,734567,734123,444
67796021,91.8382,100.88,424,25019,0.063654,0.09,1,734744,734320,424
67798941,56.5353,58.952,426,25104,0.0674616,0,1,734777,734351,426
67801861,45.4141,48.1808,423,25188,0.0449846,0.09,1,734815,734392,423
67804781,35.5656,36.0723,424,25272,0.0359939,0.03,1,734844,734420,424
67807701,67.0263,68.4289,422,25356,0.0443975,0.07,1,734932,734510,422
67810621,46.6105,45.9716,424,25440,0.035759,0.07,1,734965,734541,424
67813541,33.0442,18.3886,448,25523,0.0323036,0.11,1,734989,734541,448
67816461,49.2177,22.9555,482,25606,0.0669214,0.13,1,735049,734567,482
67819381,90.4871,42.1822,545,25689,0.0447686,0.03,1,735167,734622,545
67822301,56.5948,90.0729,457,25771,0.0599074,0.07,1,735201,734744,457
67825221,43.6379,55.8291,459,25853,0.065963,0.03,1,735236,734777,459
67828141,35.4552,45.1317,451,25935,0.0563852,0.03,1,735266,734815,451
67831061,66.3821,35.4527,509,26017,0.0405541,0.05,1,735353,734844,509
67833981,46.3528,66.9811,454,26098,0.0702216,0.03,1,735386,734932,454
67836901,32.9411,46.5924,445,26179,0.0580886,0.03,1,735410,734965,445
67839821,52.1765,33.037,486,26260,0.0412355,0.09,1,735475,734989,486
67842741,89.2706,49.2148,540,26341,0.0944942,0.03,1,735589,735049,540
67854421,65.8181,35.4551,509,26661,0.0909791,0.03,1,735775,735266,509
67857341,46.7273,66.382,456,26740,0.0783916,0.09,1,735809,735353,456
67860261,31.8909,46.3528,445,26819,0.0733567,0.05,1,735831,735386,445
67863181,53.5564,32.9411,489,26898,0.0473427,0.03,1,735899,735410,489
67866101,22.6225,52.1764,426,26977,0.0369371,0.13,1,735901,735475,426
67880701,64.0947,65.8181,425,27368,0.239389,0.07,1,736200,735775,425
67883621,46.0379,46.7273,425,27445,0.281756,0.07,1,736234,735809,425
67886541,31.6152,31.8909,425,27522,0.298702,0.03,1,736256,735831,425
67895301,80.2394,77.449,428,27753,0.402397,0.15,1,736443,736015,428
67898221,56.6957,54.9796,429,27829,0.406959,0.19,1,736484,736055,429
67901141,42.4783,40.5918,431,27905,0.408783,0.21,1,736517,736086,431
67906981,66.4365,64.0947,435,28057,0.417005,0.31,1,736635,736200,435
67909901,48.1746,46.0379,437,28132,0.400802,0.31,1,736671,736234,437
67912821,32.4698,31.6152,437,28207,0.418321,0.33,1,736693,736256,437
67915741,51.9879,52.2461,436,28282,0.413328,0.29,1,736758,736322,436
67921581,83.7981,8.83937,561,28432,0.400933,0.47,1,736885,736324,561
67924501,57.5192,74.9357,482,28506,0.418373,0.41,1,736925,736443,482
67927421,42.8077,54.5743,474,28580,0.425349,0.41,1,736958,736484,474
67930341,35.1231,41.6297,471,28654,0.44014,0.39,1,736988,736517,471
67962461,49.8701,66.2492,483,29457,0.753865,0.53,2,737558,737075,483
67965381,33.748,48.0997,470,29529,0.775546,0.55,2,737581,737111,470
67968301,52.4992,32.4399,513,29601,0.796218,0.57,2,737646,737133,513
67988741,66.9759,67.6752,459,30098,0.901293,0.77,2,737979,737520,459
67991661,50.1903,49.8701,460,30168,0.942517,0.79,2,738018,737558,460
68123061,69.5527,75.6358,476,33178,0.933951,1,2,740135,739659,476
68219421,59.6615,35.5854,526,35221,0.791361,0.57,2,741492,740966,526
68242781,17.4878,39.0906,459,35699,0.90442,0.73,2,741764,741305,459
68245701,23.1951,31.8362,459,35758,0.931768,0.75,2,741791,741332,459
68248621,41.678,45.1345,459,35817,0.930707,0.73,2,741845,741386,459
68251541,36.4712,36.6538,461,35876,0.942283,0.83,2,741878,741417,461
68254461,60.7885,59.6615,463,35935,0.946913,0.81,2,741955,741492,463
68403381,51.0321,44.4969,499,38822,0.931926,1,2,743960,743461,499
68406301,43.2128,46.5988,489,38876,0.906771,1,2,743998,743509,489
68412141,36.1941,33.3758,503,38984,0.758283,1,2,744069,743566,503
68426741,35.8349,37.823,487,39254,0.216805,0.99,1,744255,743768,487
68435501,31.4294,28.7007,498,39416,0.0402755,1,1,744359,743861,498
68438421,26.9718,33.0803,486,39470,0.0581102,0.89,1,744383,743897,486
68441341,40.1887,51.0321,472,39524,0.0892441,0.89,1,744432,743960,472
68444261,35.8755,43.2128,467,39577,0.0776976,0.83,1,744465,743998,467
68447181,33.5502,39.4851,462,39630,0.0370791,0.69,1,744497,744035,462
68450101,32.0201,36.1941,459,39683,0.0568316,0.55,1,744528,744069,459
68453021,30.808,36.6776,452,39736,0.0647326,0.53,1,744558,744106,452
68455941,27.9232,35.671,443,39789,0.0678931,0.39,1,744584,744141,443
68458861,34.5693,39.4684,440,39842,0.0811572,0.27,1,744623,744183,440
68461781,31.8277,38.5874,432,39895,0.0504629,0.13,1,744653,744221,432
68464701,30.7311,35.8349,428,39948,0.0861852,0.05,1,744683,744255,428
68467621,35.0924,38.934,425,40001,0.0644741,0.09,1,744721,744296,425
68470541,38.637,36.5736,431,40054,0.0677896,0,1,744762,744331,431
68473461,28.6548,31.4294,425,40107,0.0271158,0,1,744784,744359,425
68476381,27.0619,12.5718,451,40160,0.0768463,0.07,1,744810,744359,451
68482221,34.3299,37.1715,455,40266,0.0902954,0.07,1,744887,744432,455
68485141,32.332,34.6686,453,40318,0.0781182,0.01,1,744918,744465,453
68488061,32.7328,33.0674,454,40370,0.0312473,0.07,1,744951,744497,454
68490981,31.6931,31.827,454,40422,0.0424989,0.07,1,744982,744528,454
68493901,27.0772,30.7308,448,40474,0.0829996,0.07,1,745006,744558,448
68496821,35.4309,27.8923,463,40526,0.0991998,0.09,1,745047,744584,463
68508501,37.795,35.0916,462,40734,0.0716115,0.07,1,745183,744721,462
68511421,28.318,38.6367,443,40786,0.0286446,0,1,745205,744762,443
68514341,28.7272,28.6547,450,40838,0.0294578,0.11,1,745234,744784,450
68517261,39.6909,27.0619,471,40890,0.0297831,0.15,1,745281,744810,471
68520181,35.6764,37.8247,459,40942,0.0659133,0.07,1,745314,744855,459
68523101,29.8705,34.3299,453,40994,0.0803653,0.07,1,745340,744887,453
68526021,32.3482,32.332,456,41045,0.0741461,0,1,745374,744918,456
68528941,31.5393,32.7328,454,41096,0.0956585,0.05,1,745405,744951,454
68534781,36.1263,27.0772,467,41198,0.0957053,0.11,1,745473,745006,467
68537701,33.0505,35.4309,457,41249,0.0802821,0.13,1,745504,745047,457
68572741,29.0112,28.8157,427,41860,0.0827914,0.09,1,745859,745432,427
68584421,34.6787,34.2081,429,42060,0.202519,0.15,1,746001,745572,429
68587341,33.0715,32.8832,429,42110,0.219008,0.11,1,746033,745604,429
68590261,25.2286,26.3533,427,42160,0.225603,0.11,1,746053,745626,427
68593181,28.0914,28.5413,427,42210,0.228241,0.11,1,746083,745656,427
68596101,12.4366,12.6165,427,42260,0.229296,0.13,1,746085,745658,427
68599021,33.1746,33.8466,426,42310,0.265719,0.13,1,746132,745706,426
68601941,33.6699,33.9386,426,42360,0.268287,0.09,1,746166,745740,426
68604861,29.0679,29.1755,426,42410,0.269315,0.13,1,746192,745766,426
68622381,36.8147,35.6967,430,42709,0.421005,0.21,1,746397,745967,430
68698301,37.955,29.2482,489,43974,0.758637,0.49,2,747211,746722,489
68701221,36.182,36.8993,482,44022,0.777455,0.55,2,747246,746764,482
68704141,39.0728,35.1597,489,44070,0.796982,0.57,2,747287,746798,489
68733341,29.4913,35.047,458,44548,0.925832,0.75,2,747567,747109,458
68736261,31.5965,33.2188,459,44595,0.904333,0.75,2,747600,747141,459
68753781,35.2572,35.1716,462,44877,0.928632,0.83,2,747820,747358,462
68756701,27.9029,27.2687,463,44924,0.929453,0.83,2,747843,747380,463
68759621,29.1611,28.9075,463,44971,0.941781,0.83,2,747873,747410,463
68762541,12.8645,12.763,463,45018,0.946712,0.87,2,747875,747412,463
68931901,40.2719,40.0194,505,47659,0.94408,1,2,749748,749243,505
68940661,36.7054,26.4892,522,47791,0.760021,1,2,749844,749322,522
68955261,28.4779,26.3439,527,48011,0.245488,1,1,749996,749469,527
68966941,27.4602,27.372,496,48187,0.0866845,1,1,750082,749586,496
68969861,25.3841,33.7488,482,48231,0.0646738,0.98,1,750106,749624,482
68972781,23.9536,32.6995,473,48275,0.0678695,1,1,750129,749656,473
68975701,41.9815,46.6798,471,48319,0.0571478,0.91,1,750183,749712,471
68978621,35.3926,40.2719,466,48363,0.0408591,0.85,1,750214,749748,466
68981541,27.357,32.9088,460,48407,0.0343436,0.75,1,750236,749776,460
68984461,25.3428,28.7635,458,48451,0.0197375,0.73,1,750260,749802,458
68987381,34.1371,36.7054,456,48494,0.025895,0.61,1,750300,749844,456
68990301,28.6548,34.4822,448,48537,0.052358,0.39,1,750325,749877,448
68993221,24.6619,30.5929,442,48580,0.0629432,0.31,1,750347,749905,442
68996141,27.8648,33.2371,437,48623,0.0551773,0.29,1,750377,749940,437
68999061,25.5459,30.6949,432,48666,0.0880709,0.19,1,750401,749969,432
69022421,40.9917,23.3335,475,49010,0.0520276,0.05,1,750604,750129,475
69025341,34.9967,41.7334,452,49053,0.050811,0.03,1,750635,750183,452
69028261,27.1987,35.2934,443,49096,0.0383244,0.03,1,750657,750214,443
69031181,25.2795,27.3173,445,49139,0.0333298,0.01,1,750681,750236,445
69034101,34.7118,25.3269,462,49182,0.0313319,0.03,1,750722,750260,462
69051621,18.2222,24.6183,441,49440,0.228292,0.17,1,750866,750425,441
69054541,23.4889,17.6473,455,49483,0.229317,0.19,1,750893,750438,455
69057461,12.9956,22.6589,435,49526,0.205727,0.21,1,750899,750464,435
69066221,23.5837,23.6982,450,49654,0.215007,0.09,1,750977,750527,450
69069141,38.8335,24.4793,474,49696,0.200003,0.01,1,751026,750552,474
69072061,34.7334,40.9917,454,49738,0.206001,0.05,1,751058,750604,454
69110021,22.9237,24.3982,452,50284,0.225959,0.19,1,751383,750931,452
69112941,10.3695,22.9593,432,50326,0.240384,0.23,1,751385,750953,432
69115861,19.1478,23.5837,433,50368,0.294153,0.19,1,751410,750977,433
69121701,34.7436,34.7334,433,50452,0.283465,0.19,1,751491,751058,433
69124621,23.4975,25.8934,429,50494,0.275386,0.13,1,751507,751078,429
69127541,23.799,25.3573,428,50536,0.296154,0.15,1,751531,751103,428
69133381,31.1678,31.1772,429,50620,0.283785,0.15,1,751603,751174,429
69136301,26.2671,25.6709,430,50662,0.299514,0.17,1,751626,751196,430
69162581,11.0765,10.3695,435,51034,0.400889,0.33,1,751820,751385,435
69165501,20.0306,19.1478,436,51075,0.442356,0.31,1,751846,751410,436
69241421,29.5497,30.9946,473,52138,0.750877,0.51,2,752569,752096,473
69244341,27.4199,28.5978,472,52178,0.762351,0.55,2,752595,752123,472
69247261,19.3679,27.0391,460,52218,0.77894,0.53,2,752609,752149,460
69282301,31.2213,36.0337,484,52698,0.905174,0.71,2,752939,752455,484
69288141,33.3154,25.6854,495,52778,0.916428,0.73,2,753000,752505,495
69291061,30.1262,31.8742,487,52818,0.924571,0.77,2,753028,752541,487
69293981,28.2505,29.5497,486,52858,0.915828,0.77,2,753055,752569,486
69296901,19.7002,27.4199,474,52898,0.948331,0.79,2,753069,752595,474
69518821,289.018,312.157,444,24820,0.22504,0.51,1,755413,754969,444
69521741,141.407,138.063,465,25633,0.096016,0.29,1,755456,754991,465
69524661,90.1629,93.6251,457,25716,0.0564064,0.23,1,755512,755055,457
69527581,45.6652,63.2501,430,25798,0.0765626,0.11,1,755528,755098,430
69530501,63.8661,54.7,457,25880,0.048625,0,1,755604,755147,457
69533421,62.7464,59.68,456,25962,0.03745,0.03,1,755666,755210,456
69536341,67.0986,61.672,463,26044,0.03298,0.07,1,755736,755273,463
69545101,59.6143,50.939,465,26287,0.208271,0.01,1,755878,755413,465
69562621,48.1833,66.1234,461,26767,0.0965747,0.21,1,756197,755736,461
69580141,56.4008,57.2353,429,27238,0.224327,0.05,1,756454,756025,429
69583061,58.5603,61.8941,424,27316,0.227731,0.11,1,756514,756090,424
69585981,68.4241,67.9577,427,27394,0.265092,0.09,1,756589,756162,427
69606421,57.8861,56.4008,432,27930,0.420472,0.23,1,756886,756454,432
69656061,32.2314,54.5787,466,29192,0.751882,0.59,2,757700,757234,466
69658981,60.2926,31.4315,529,29265,0.762753,0.59,2,757779,757250,529
69661901,61.917,59.9726,513,29337,0.779101,0.61,2,757842,757329,513
69664821,70.3668,61.189,527,29409,0.79764,0.59,2,757918,757391,527
69682341,33.23,56.5784,475,29838,0.916978,0.77,2,758159,757684,475
69685261,14.492,32.2314,461,29909,0.924791,0.77,2,758161,757700,461
69796221,68.6644,49.8465,552,32489,0.9232,1,2,760042,759490,552
69799141,47.2658,61.9386,515,32554,0.90328,1,2,760075,759560,515
69807901,36.433,35.5001,524,32749,0.79725,1,2,760174,759650,524
69837101,27.3274,31.0825,465,33389,0.770174,0.75,2,760599,760134,465
69840021,30.7309,36.433,458,33452,0.79407,0.63,2,760632,760174,458
69845861,65.877,68.2293,455,33578,0.783451,0.63,2,760754,760299,455
69872141,32.2798,30.7309,461,34141,0.910284,0.81,2,761093,760632,461
69875061,32.1119,32.6924,459,34203,0.934114,0.77,2,761125,760666,459
69997701,43.19,44.0428,491,36709,0.92224,1,2,762909,762418,491
70003541,37.6304,34.2868,498,36824,0.902358,1,2,762980,762482,498
70021061,35.9654,30.361,498,37166,0.268078,1,1,763234,762736,498
70023981,21.5862,12.1444,510,37223,0.209231,1,1,763246,762736,510
70029821,50.0138,30.0231,542,37337,0.085077,1,1,763344,762802,542
70032741,44.0055,55.8092,509,37394,0.0640308,0.88,1,763384,762875,509
70035661,34.4022,42.7237,503,37451,0.0316123,0.97,1,763412,762909,503
70038581,31.1609,36.8895,499,37507,0.0306449,0.87,1,763441,762942,499
70041501,32.2644,37.5558,494,37563,0.018258,0.77,1,763474,762980,494
70044421,26.1057,36.6223,480,37619,0.0373032,0.67,1,763496,763016,480
70047341,52.4423,31.4489,522,37675,0.0689213,0.45,1,763566,763044,522
70064861,49.2307,29.0344,487,38011,0.0908775,0.05,1,763767,763280,487
70067781,43.6923,50.0138,463,38067,0.090351,0.05,1,763807,763344,463
70070701,34.2769,44.0055,451,38122,0.0541404,0.01,1,763835,763384,451
70073621,30.5108,34.4022,451,38177,0.0276562,0.03,1,763863,763412,451
70076541,32.6043,31.1609,456,38232,0.0410625,0.01,1,763897,763441,456
70079461,26.8417,32.2644,446,38287,0.070425,0.05,1,763920,763474,446
70082381,54.5367,26.1057,497,38342,0.08217,0.09,1,763993,763496,497
70108661,32.1672,34.2769,423,38836,0.223587,0.01,1,764258,763835,423
70111581,29.6669,30.5108,423,38890,0.227435,0.05,1,764286,763863,423
70114501,33.4668,32.6043,425,38944,0.228974,0.09,1,764322,763897,425
70117421,27.7867,26.8417,426,38998,0.20559,0.09,1,764346,763920,426
70120341,55.5147,54.5367,427,39052,0.232236,0.13,1,764420,763993,427
70123261,44.4059,42.8147,429,39106,0.242894,0.13,1,764457,764028,429
70126181,38.1623,38.1259,428,39160,0.259158,0.13,1,764491,764063,428
70129101,32.6649,32.6503,428,39214,0.277663,0.13,1,764520,764092,428
70132021,17.866,17.8601,428,39268,0.273065,0.13,1,764528,764100,428
70134941,26.3464,26.3441,428,39322,0.271226,0.13,1,764560,764132,428
70137861,11.7386,11.7376,428,39376,0.29449,0.13,1,764562,764134,428
70152461,33.317,33.4668,431,39643,0.403825,0.19,1,764753,764322,431
70155381,27.7268,27.7867,431,39696,0.41953,0.25,1,764777,764346,431
70158301,56.0907,55.5147,432,39749,0.425812,0.25,1,764852,764420,432
70234221,57.4226,28.8191,525,41108,0.758325,0.55,2,765744,765219,525
70237141,46.369,57.7276,487,41159,0.77733,0.55,2,765783,765296,487
70260501,18.4175,42.9575,455,41567,0.905728,0.63,2,766002,765547,455
70263421,25.367,36.383,453,41618,0.932291,0.63,2,766032,765579,453
70266341,26.9468,31.3532,453,41669,0.930917,0.69,2,766060,765607,453
70272181,28.0715,28.0565,456,41771,0.939747,0.81,2,766123,765667,456
70409421,32.3094,37.9469,505,44081,0.90232,1,2,767767,767262,505
70412341,28.5238,30.1787,506,44129,0.918928,1,2,767793,767287,506
70418181,28.9238,21.3886,516,44225,0.913828,1,2,767848,767332,516
70421101,33.7695,30.7554,516,44273,0.923531,1,2,767885,767369,516
70424021,30.9078,36.9022,504,44321,0.939413,1,2,767914,767410,504
70432781,29.3141,28.6177,507,44464,0.908522,1,2,767994,767487,507
70438621,21.1303,27.6188,481,44558,0.916964,1,2,768025,767544,481
70670761,326.233,351.219,487,21900,0.751696,0.99,2,770590,770103,487
70699961,69.7802,74.1018,512,22850,0.759237,0.57,2,771272,770760,512
70702881,71.1121,66.8407,522,22943,0.777695,0.63,2,771344,770822,522
70705801,65.6448,68.7363,514,23035,0.797078,0.69,2,771406,770892,514
70714561,76.5613,39.4631,556,23310,0.799093,0.69,2,771586,771030,556
70717481,77.4245,75.1852,535,23401,0.781637,0.73,2,771664,771129,535
70735001,75.8853,39.9024,561,23940,0.928759,0.79,2,772046,771485,561
70737921,31.5541,76.561,462,24029,0.941504,0.77,2,772048,771586,462
70810921,58.0124,47.3457,535,26145,0.946,1,2,773560,773025,535
70816761,68.442,56.6553,541,26307,0.92536,1,2,773682,773141,541
70857641,46.2249,49.1837,443,27413,0.413376,0.25,1,774411,773968,443
70860561,54.4899,61.6735,433,27490,0.41135,0.41,1,774471,774038,433
70889761,42.9477,42.796,442,28251,0.797083,0.51,2,774948,774506,442
70892681,35.1791,33.3184,445,28326,0.792833,0.47,2,774978,774533,445
70895601,44.0716,43.3274,445,28401,0.791133,0.47,2,775028,774583,445
70898521,54.8287,17.3309,507,28476,0.766453,0.59,2,775090,774583,507
70901441,60.9315,42.3324,513,28550,0.792581,0.63,2,775155,774642,513
70924801,53.7145,44.0648,520,29138,0.910607,0.75,2,775548,775028,520
70927721,62.8858,54.8259,527,29211,0.910243,0.81,2,775617,775090,527
70930641,46.1543,60.9304,497,29283,0.922097,0.85,2,775652,775155,497
70933561,67.6617,44.7721,545,29355,0.926839,0.87,2,775734,775189,545
70936481,51.6647,66.5089,505,29427,0.940736,0.85,2,775775,775270,505
71044521,38.1543,39.1051,521,31980,0.91024,1,2,777520,776999,521
71062041,45.7532,48.2831,519,32375,0.296281,1,1,777825,777306,519
71064961,37.5013,42.7132,512,32440,0.256512,1,1,777857,777345,512
71097081,34.5644,37.5013,431,33150,0.229907,0.15,1,778288,777857,431
71100001,52.8258,54.6005,430,33214,0.289963,0.15,1,778353,777923,430
71170081,36.9562,36.4077,485,34709,0.754375,0.59,2,779298,778813,485
71173001,32.7825,35.5631,480,34770,0.78775,0.63,2,779328,778848,480
71190521,44.3693,53.9143,490,35133,0.903317,0.67,2,779589,779099,490
71193441,38.7477,43.1657,489,35193,0.919327,0.69,2,779624,779135,489
71196361,57.4991,37.0663,526,35253,0.937731,0.77,2,779694,779168,526
71199281,37.3996,56.2265,481,35313,0.945092,0.73,2,779718,779237,481
71321921,42.4867,30.8526,527,37744,0.906736,1,2,781370,780843,527
71324841,39.1947,49.541,502,37800,0.926694,1,2,781407,780905,502
71330681,35.0712,40.4466,503,37912,0.799871,1,2,781476,780973,503
71333601,35.0285,32.3786,511,37968,0.781948,1,2,781511,781000,511
71359881,35.5706,42.4867,503,38465,0.285048,0.94,1,781873,781370,503
71362801,34.6282,39.1947,500,38520,0.264019,0.84,1,781907,781407,500
71365721,30.0513,36.6779,492,38575,0.255608,0.75,1,781934,781442,492
71368641,13.2205,35.0712,460,38630,0.252243,0.77,1,781936,781476,460
71371561,26.2882,35.0285,460,38685,0.274897,0.65,1,781971,781511,460
71374481,41.7153,48.8114,454,38740,0.283959,0.63,1,782023,781569,454
71380321,39.3144,42.7298,446,38849,0.274633,0.39,1,782096,781650,446
71406601,13.2016,13.2205,435,39335,0.405363,0.29,1,782371,781936,435
71409521,26.8806,26.2882,436,39389,0.420145,0.29,1,782407,781971,436
71467921,30.3139,31.7809,478,40447,0.782546,0.61,2,783117,782639,478
71482521,13.5872,30.6922,454,40707,0.902474,0.67,2,783264,782810,454
71485441,27.0349,13.4769,488,40759,0.90699,0.67,2,783300,782812,488
71488361,45.614,26.9907,510,40811,0.920796,0.65,2,783358,782848,510
71491281,36.8456,44.9963,484,40863,0.926318,0.65,2,783389,782905,484
71692761,33.4163,26.0818,551,44285,0.916,1,2,785795,785244,551
71739481,324.767,372.833,466,20440,0.4444,0.65,1,786314,785848,466
71742401,177.307,186.333,483,20544,0.21976,0.29,1,786393,785910,483
71748241,90.2891,93.0533,461,20750,0.0723616,0,1,786528,786067,461
71751161,81.7156,88.2213,452,20852,0.0289446,0.01,1,786604,786152,452
71754081,86.0862,76.0885,473,20954,0.0175779,0.03,1,786693,786220,473
71757001,42.2345,62.2354,433,21055,0.0250311,0.03,1,786706,786273,433
71759921,36.6938,42.2942,437,21156,0.0520125,0.07,1,786739,786302,437
71762841,61.4775,71.5177,424,21256,0.074805,0.13,1,786817,786393,424
71768681,70.4364,73.3628,423,21455,0.0611688,0,1,786951,786528,423
71771601,73.1746,74.9451,422,21554,0.0244675,0.01,1,787026,786604,422
71774521,82.6698,83.3781,422,21652,0.015787,0.03,1,787115,786693,422
71777441,42.0679,41.1512,424,21750,0.0243148,0.07,1,787130,786706,424
71780361,37.2272,36.2605,425,21848,0.0517259,0.09,1,787164,786739,425
71783281,62.2909,61.3042,426,21945,0.0386904,0.13,1,787243,786817,426
71786201,57.9163,57.5217,426,22042,0.0694761,0.03,1,787298,786872,426
71789121,68.1665,70.4087,422,22138,0.0457905,0,1,787373,786951,422
71792041,72.2666,73.1635,422,22234,0.0183162,0.01,1,787448,787026,422
71794961,82.3066,82.6654,422,22329,0.0253265,0.03,1,787537,787115,422
71797881,41.9227,42.0662,422,22424,0.0281306,0.07,1,787552,787130,422
71800801,38.3691,37.2265,424,22519,0.0652522,0.07,1,787588,787164,424
71803721,61.5476,14.8906,501,22613,0.0801009,0.03,1,787665,787164,501
71806641,59.4191,53.3562,480,22707,0.0980404,0.09,1,787723,787243,480
71812481,71.547,66.737,496,22893,0.0576865,0,1,787869,787373,496
71815401,82.0188,71.6948,510,22986,0.0530746,0.03,1,787958,787448,510
71818321,41.8075,82.0779,436,23078,0.0512298,0.03,1,787973,787537,436
71821241,40.123,41.8312,460,23170,0.0264919,0.09,1,788012,787552,460
71824161,62.8492,38.3325,502,23261,0.0645968,0.09,1,788090,787588,502
71827081,60.5397,61.533,484,23352,0.0918387,0.11,1,788149,787665,484
71832921,69.4463,66.3653,496,23533,0.0566942,0.01,1,788290,787794,496
71835841,81.1785,71.5461,510,23623,0.0406777,0.05,1,788379,787869,510
71838761,42.0714,82.0184,437,23713,0.0462711,0.05,1,788395,787958,437
71841681,39.6286,41.8074,460,23802,0.0605084,0.01,1,788433,787973,460
71844601,65.0514,40.123,503,23891,0.0782034,0.09,1,788515,788012,503
71847521,62.0206,62.8492,485,23980,0.0972814,0.11,1,788575,788090,485
71859201,77.0965,81.1785,422,24331,0.0794344,0.05,1,788801,788379,422
71862121,41.0386,42.0714,423,24418,0.0497738,0.07,1,788818,788395,423
71865041,40.4154,39.6286,425,24505,0.0739095,0.09,1,788858,788433,425
71867961,65.9662,65.0514,426,24591,0.0475638,0.11,1,788941,788515,426
71870881,62.9865,62.0206,427,24677,0.0850255,0.11,1,789002,788575,427
71894241,65.3047,62.9865,427,25356,0.22584,0.11,1,789429,789002,427
71897161,27.3219,26.3946,427,25440,0.264336,0.11,1,789431,789004,427
71900081,54.1288,10.5578,499,25523,0.255734,0.11,1,789503,789004,499
71903001,57.6515,48.0231,486,25606,0.276294,0.17,1,789563,789077,486
71905921,77.6606,53.4093,520,25689,0.296517,0.21,1,789654,789134,520
71932201,40.1493,77.6599,450,26421,0.441295,0.31,1,790104,789654,450
71973081,57.5345,55.7244,450,27522,0.767881,0.61,2,790824,790374,450
71976001,60.8138,58.8898,452,27599,0.769152,0.61,2,790887,790435,452
71978921,25.5255,24.7559,452,27676,0.769661,0.61,2,790889,790437,452
71987681,42.0016,40.7524,454,27905,0.933178,0.69,2,791047,790593,454
72122001,39.8786,36.8223,499,31204,0.916166,1,2,793395,792896,499
72124921,34.5515,33.3289,499,31272,0.924466,1,2,793426,792927,499
72130761,50.4082,13.7326,552,31408,0.919515,1,2,793514,792962,552
72133681,61.5633,59.4931,531,31475,0.913806,0.97,2,793583,793052,531
72136601,43.2253,53.1972,513,31542,0.911522,1,2,793614,793101,513
72189161,46.2171,26.0292,521,32729,0.91488,0.81,2,794436,793915,521
72192081,19.6868,46.4117,463,32794,0.923952,0.85,2,794438,793975,463
72195001,51.6747,61.7647,464,32858,0.939581,0.79,2,794511,794047,464
72197921,37.4699,42.1059,463,32922,0.933832,0.83,2,794539,794076,463
72200841,38.388,40.2423,463,32986,0.943533,0.85,2,794578,794115,463
72332241,29.9633,34.7167,497,35758,0.797296,1,2,796490,795993,497
72335161,51.5853,58.8867,488,35817,0.780918,1,2,796556,796068,488
72343921,42.7815,48.3607,479,35994,0.272939,1,1,796701,796222,479
72349761,36.005,31.2577,489,36112,0.0496702,1,1,796770,796281,489
72352681,33.602,31.1031,490,36171,0.0258681,0.95,1,796802,796312,490
72355601,38.0408,39.4412,486,36229,0.0283472,0.96,1,796843,796357,486
72358521,35.0163,36.1765,485,36287,0.0293389,1,1,796876,796391,485
72361441,33.2065,40.2706,474,36345,0.0177356,0.84,1,796908,796434,474
72364361,28.8826,32.9082,472,36403,0.0130942,0.73,1,796934,796462,472
72367281,25.953,29.9633,468,36461,0.0232377,0.77,1,796958,796490,468
72370201,43.9812,51.5853,458,36519,0.0632951,0.51,1,797014,796556,458
72373121,51.7925,62.6341,445,36577,0.055318,0.35,1,797071,796626,445
72378961,31.9268,42.7815,425,36693,0.0580509,0,1,797126,796701,425
72381881,31.3707,37.5126,422,36751,0.0892204,0.01,1,797157,796735,422
72384801,33.5483,36.005,422,36809,0.0776881,0.01,1,797192,796770,422
72390641,37.6477,38.0408,422,36923,0.0712301,0.03,1,797265,796843,422
72393561,35.4591,35.0163,423,36980,0.046492,0.01,1,797299,796876,423
72396481,32.7836,33.2065,422,37037,0.0365968,0.01,1,797330,796908,422
72399401,28.7135,28.8826,422,37094,0.0206387,0.03,1,797356,796934,422
72402321,25.8854,25.953,422,37151,0.0382555,0.03,1,797380,796958,422
72405241,43.9542,10.3812,478,37208,0.0333022,0.09,1,797436,796958,478
72408161,51.7817,37.7525,479,37265,0.0193209,0.05,1,797493,797014,479
72411081,36.3127,49.301,448,37322,0.0617284,0.13,1,797519,797071,448
72414001,33.1251,35.3204,453,37379,0.0666913,0.03,1,797550,797097,453
72416921,31.25,31.5282,454,37436,0.0806765,0.11,1,797580,797126,454
72419841,32.3,31.2113,456,37492,0.0742706,0.07,1,797613,797157,456
72422761,33.32,33.4845,455,37548,0.0477082,0.17,1,797647,797192,455
72425681,36.728,32.5938,462,37604,0.0190833,0.03,1,797686,797224,462
72428601,35.0912,37.6375,455,37660,0.0376333,0.03,1,797720,797265,455
72431521,32.6365,35.455,452,37716,0.0210533,0.03,1,797751,797299,452
72434441,28.6546,32.782,447,37772,0.0264213,0.01,1,797777,797330,447
72437361,25.8618,28.7128,445,37828,0.0285685,0.05,1,797801,797356,445
72440281,45.7447,25.8851,480,37884,0.0414274,0.03,1,797860,797380,480
72443201,53.0979,43.954,482,37940,0.034571,0.01,1,797918,797436,482
72446121,36.8392,51.7816,451,37996,0.0438284,0.09,1,797944,797493,451
72449041,32.7357,36.3126,455,38052,0.0475314,0.07,1,797974,797519,455
72451961,33.4943,33.1251,458,38108,0.0370125,0.09,1,798008,797550,458
72454881,28.9977,31.25,454,38163,0.068805,0.07,1,798034,797580,454
72457801,33.7991,32.3,458,38218,0.033522,0.03,1,798071,797613,458
72460721,35.1196,33.32,460,38273,0.0134088,0,1,798107,797647,460
72463641,35.0479,36.728,456,38328,0.0113635,0.05,1,798142,797686,456
72466561,32.0191,35.0912,452,38383,0.0345454,0.01,1,798172,797720,452
72469481,28.4077,32.6365,447,38438,0.0438182,0.03,1,798198,797751,447
72472401,25.7631,28.6546,445,38493,0.0235273,0.03,1,798222,797777,445
72475321,46.9052,25.8618,482,38548,0.0274109,0.05,1,798283,797801,482
72478241,52.9621,45.7447,480,38603,0.0529644,0.03,1,798340,797860,480
72481161,22.3848,53.0979,424,38658,0.0631858,0.05,1,798342,797918,424
72487001,27.8216,32.7357,424,38768,0.0953097,0.03,1,798398,797974,424
72495761,33.4606,33.7991,423,38930,0.0497798,0,1,798494,798071,423
72498681,34.9842,35.1196,423,38984,0.0379119,0.01,1,798530,798107,423
72501601,34.9937,35.0479,423,39038,0.0331648,0.05,1,798565,798142,423
72504521,31.3975,32.0191,422,39092,0.0312659,0.05,1,798594,798172,422
72507441,28.759,28.4077,423,39146,0.0305064,0.01,1,798621,798198,423
72510361,25.3036,25.7631,422,39200,0.0422025,0.03,1,798644,798222,422
72513281,47.3214,46.9052,423,39254,0.046881,0.07,1,798706,798283,423
72516201,54.3286,52.9621,425,39308,0.0487524,0.07,1,798765,798340,425
72519121,22.9314,22.3848,425,39362,0.049501,0.13,1,798767,798342,425
72522041,25.3726,24.5539,426,39416,0.0258004,0.09,1,798794,798368,426
72524961,28.149,27.8216,426,39470,0.0643202,0.13,1,798824,798398,426
72527881,32.8596,32.1286,427,39524,0.0797281,0.13,1,798860,798433,427
72530801,26.3438,26.6515,426,39577,0.0618912,0,1,798882,798456,426
72533721,30.9375,33.4606,422,39630,0.0547565,0.03,1,798916,798494,422
72536641,35.175,34.9842,424,39683,0.0519026,0.03,1,798954,798530,424
72539561,33.87,34.9937,422,39736,0.062761,0.03,1,798987,798565,422
72542481,30.948,31.3975,422,39789,0.0551044,0.03,1,799016,798594,422
72545401,28.5792,28.759,422,39842,0.0400418,0.05,1,799043,798621,422
72548321,25.2317,25.3036,422,39895,0.0340167,0.05,1,799066,798644,422
72551241,47.2927,47.3214,422,39948,0.0556067,0.05,1,799128,798706,422
72554161,54.3171,54.3286,422,40001,0.0522427,0.05,1,799187,798765,422
72557081,22.9268,22.9314,422,40054,0.0508971,0.01,1,799189,798767,422
72560001,25.9707,25.3726,423,40107,0.0503588,0.01,1,799217,798794,423
72562921,28.3883,10.149,453,40160,0.0621435,0.09,1,799247,798794,453
72580441,30.2242,33.8077,450,40474,0.228602,0.05,1,799437,798987,450
72583361,28.2897,30.9231,448,40526,0.217441,0.03,1,799464,799016,448
72586281,25.1159,28.5692,444,40578,0.212976,0.03,1,799487,799043,444
72603801,34.4392,28.3883,463,40890,0.203058,0.13,1,799710,799247,463
72606721,26.9757,32.9553,449,40942,0.219223,0.13,1,799732,799283,449
72609641,29.9903,26.3821,459,40994,0.225689,0.13,1,799764,799305,459
72612561,38.3961,29.7528,471,41045,0.240276,0.21,1,799808,799337,471
72615481,35.7584,35.9011,465,41096,0.24611,0.21,1,799842,799377,465
72618401,31.7034,33.5605,462,41147,0.248444,0.25,1,799871,799409,462
72621321,27.6814,30.2242,459,41198,0.261378,0.21,1,799896,799437,459
72624241,24.2725,28.2897,454,41249,0.254551,0.21,1,799918,799464,454
72627161,46.909,25.1159,493,41300,0.26382,0.15,1,799980,799487,493
72630081,52.3636,49.0463,484,41351,0.279528,0.15,1,800036,799552,484
72633001,22.1454,53.2185,430,41402,0.285811,0.15,1,800038,799608,430
72653441,38.5747,38.3961,434,41759,0.424392,0.25,1,800242,799808,434
72656361,35.2299,35.7584,433,41810,0.427757,0.25,1,800275,799842,433
72659281,32.092,31.7034,434,41860,0.405103,0.27,1,800305,799871,434
72662201,27.8368,27.6814,434,41910,0.432041,0.25,1,800330,799896,434
72665121,24.3347,24.2725,434,41960,0.442816,0.27,1,800352,799918,434
72741041,33.8696,34.4291,477,43248,0.777693,0.53,2,801193,800716,477
72752721,56.0191,48.0942,509,43444,0.923701,0.59,2,801367,800858,509
72755641,23.6076,54.6377,452,43493,0.93948,0.59,2,801369,800917,452
72758561,29.8431,23.0551,484,43542,0.933792,0.61,2,801403,800919,484
72761481,35.9372,28.422,492,43590,0.931517,0.65,2,801443,800951,492
72764401,15.5749,34.1688,456,43638,0.930607,0.65,2,801445,800989,456
72767321,27.83,14.8675,490,43686,0.930243,0.67,2,801481,800991,490
72770241,24.932,27.547,477,43734,0.942097,0.67,2,801504,801027,477
72773161,30.3728,24.2188,489,43782,0.946839,0.69,2,801538,801049,489
72776081,39.1491,30.0875,500,43830,0.948736,0.71,2,801583,801083,500
72946901,339.383,350.386,506,20440,0.91,0.93,2,803612,803106,506
72977561,81.1925,82.8567,478,21370,0.21688,0.77,1,804077,803599,478
72995081,41.8537,68.1691,429,21958,0.21679,0.15,1,804484,804055,429
72998001,29.9415,40.4677,429,22055,0.224716,0.17,1,804506,804077,429
73000921,77.3766,80.9871,430,22151,0.263886,0.11,1,804615,804185,430
73003841,86.1506,89.3948,427,22247,0.291555,0.17,1,804707,804280,427
73012601,70.0016,68.2173,432,22532,0.407219,0.21,1,804892,804460,432
73015521,42.4007,27.2869,456,22626,0.420888,0.23,1,804916,804460,456
73018441,30.1603,25.3148,454,22720,0.426355,0.23,1,804938,804484,454
73021361,78.0641,23.3259,542,22813,0.440542,0.29,1,805048,804506,542
73044721,89.7669,78.0598,540,23546,0.774476,0.53,2,805588,805048,540
73047641,56.3068,87.0239,481,23636,0.79579,0.55,2,805622,805141,481
73068081,90.3304,89.7669,462,24257,0.929037,0.81,2,806050,805588,462
73164441,48.7347,91.085,489,26990,0.77608,1,2,807955,807466,489
73173201,70.655,73.8934,485,27224,0.444949,1,1,808150,807665,485
73193641,38.1494,41.0939,456,27764,0.418602,0.53,1,808447,807991,456
73196561,62.0598,68.6375,447,27840,0.413441,0.33,1,808525,808078,447
73199481,63.2239,70.655,439,27916,0.411376,0.49,1,808589,808150,439
73202401,42.0896,43.862,441,27992,0.446551,0.45,1,808617,808176,441
73205321,34.2358,33.7448,443,28068,0.44862,0.35,1,808646,808203,443
73240361,74.5658,53.4356,532,28959,0.759606,0.59,2,809276,808744,532
73243281,44.2263,71.7742,472,29032,0.789842,0.59,2,809300,808828,472
73263721,55.9894,32.5363,525,29539,0.936073,0.71,2,809644,809119,525
73266641,78.1957,54.4145,549,29611,0.932429,0.81,2,809737,809188,549
73269561,45.6783,74.5658,485,29682,0.930972,0.81,2,809761,809276,485
73403881,38.5084,38.1762,512,32800,0.946,1,2,811915,811403,512
73427241,42.5197,39.9439,485,33312,0.932045,1,2,812273,811788,485
73430161,50.0079,50.1775,483,33375,0.918818,0.95,2,812328,811845,483
73433081,32.0032,39.271,471,33438,0.937527,0.93,2,812348,811877,471
73436001,33.8013,38.5084,468,33501,0.933011,1,2,812383,811915,468
73576161,29.3157,31.204,501,36408,0.946739,1,2,814397,813896,501
73579081,23.7263,31.6816,489,36466,0.924696,1,2,814417,813928,489
73582001,49.0905,61.8726,473,36524,0.795878,1,2,814483,814010,473
73599521,35.204,40.584,480,36870,0.247221,1,1,814747,814267,480
73614121,19.7621,23.7263,467,37155,0.203796,0.91,1,814884,814417,467
73625801,52.9123,43.1834,510,37383,0.229233,0.43,1,815087,814577,510
73628721,37.3649,58.0734,469,37440,0.229693,0.29,1,815114,814645,469
73631641,32.946,43.6293,465,37496,0.241877,0.25,1,815144,814679,465
73634561,32.3784,38.4517,462,37552,0.258751,0.21,1,815176,814714,462
73637481,29.1514,35.1807,456,37608,0.2775,0.15,1,815203,814747,456
73657921,39.9744,47.2019,464,38000,0.406406,0.21,1,815455,814991,464
73660841,54.9897,39.2808,495,38056,0.420562,0.25,1,815520,815025,495
73663761,38.7959,52.9123,461,38112,0.426225,0.23,1,815548,815087,461
73666681,32.9184,37.3649,463,38167,0.44049,0.25,1,815577,815114,463
73669601,32.9673,32.946,466,38222,0.446196,0.27,1,815610,815144,466
73672521,29.9869,32.3784,462,38277,0.448478,0.29,1,815638,815176,462
73736761,52.28,51.6571,449,39474,0.785559,0.57,2,816412,815963,449
73763041,44.3285,42.6883,458,39952,0.903481,0.75,2,816713,816255,458
73765961,49.5314,48.8753,458,40005,0.943392,0.75,2,816766,816308,458
73935321,41.8454,40.4123,490,42958,0.91696,1,2,818826,818336,490
73961601,36.5233,27.4144,519,43399,0.429028,1,1,819108,818589,519
73984961,32.1219,34.8952,486,43786,0.425307,0.61,1,819380,818894,486
73987881,21.2488,35.5581,464,43834,0.428123,0.63,1,819394,818930,464
73990801,26.4995,23.8232,478,43882,0.429249,0.55,1,819424,818946,478
73993721,29.7998,28.1293,479,43930,0.4057,0.55,1,819456,818977,479
73996641,29.9199,31.0517,476,43978,0.42028,0.53,1,819486,819010,476
73999561,23.368,31.0207,464,44026,0.438112,0.45,1,819505,819041,464
74008321,37.0876,35.0093,478,44170,0.443959,0.37,1,819620,819142,478
74014161,39.654,29.0015,485,44266,0.429833,0.39,1,819690,819205,485
74078401,24.4627,23.9753,449,45303,0.772477,0.59,2,820316,819867,449
74107601,36.3974,36.933,453,45765,0.926455,0.65,2,820659,820206,453
74110521,31.9589,31.5732,454,45811,0.928582,0.71,2,820688,820234,454
74113441,36.1836,34.2293,457,45857,0.929433,0.75,2,820727,820270,457
74116361,15.6734,14.8917,457,45903,0.941773,0.71,2,820729,820272,457
74367481,83.7507,88.1257,452,24173,0.754234,0.65,2,823949,823497,452
74370401,76.1003,76.6503,454,24261,0.799694,0.67,2,824020,823566,454
74376241,63.656,63.864,455,24435,0.796351,0.67,2,824149,823694,455
74379161,48.8624,48.9456,455,24522,0.79254,0.69,2,824188,823733,455
74390841,87.3869,83.7506,462,24866,0.919377,0.83,2,824411,823949,462
74393761,76.9548,76.1002,461,24951,0.949751,0.81,2,824481,824020,461
74458001,43.9211,27.0763,532,26757,0.921939,1,2,825706,825174,532
74469681,56.3052,74.1668,491,27072,0.427714,1,1,825982,825491,491
74475521,47.0488,50.2667,482,27228,0.206434,1,1,826073,825591,482
74481361,32.9678,34.8027,478,27384,0.0750295,0.87,1,826134,825656,478
74484281,37.1871,43.9211,468,27461,0.0300118,0.83,1,826174,825706,468
74487201,73.6749,81.7684,459,27538,0.0540047,0.49,1,826272,825813,459
74490121,72.6699,81.9074,449,27615,0.0876019,0.53,1,826344,825895,449
74513481,74.0267,73.6749,424,28222,0.0974952,0.11,1,826696,826272,424
74533921,30.6262,33.2861,456,28743,0.200085,0.13,1,826984,826528,456
74536841,35.0505,31.9145,463,28817,0.242034,0.13,1,827022,826559,463
74539761,72.8202,34.9658,524,28890,0.282814,0.07,1,827120,826596,524
74563121,36.6511,30.6262,472,29471,0.411393,0.27,1,827456,826984,472
74566041,75.2605,35.0505,535,29543,0.434557,0.31,1,827557,827022,535
74568961,75.7042,72.8202,513,29615,0.443823,0.35,1,827633,827120,513
74571881,43.4817,74.1281,460,29686,0.447529,0.33,1,827655,827195,460
74621521,37.2623,36.9317,450,30875,0.77333,0.61,2,828350,827900,450
74624441,75.5049,74.1727,452,30944,0.783332,0.61,2,828451,827999,452
74636121,47.3985,45.742,456,31216,0.911845,0.69,2,828657,828201,456
74641961,33.8638,7.79872,499,31352,0.917495,0.75,2,828702,828203,499
74644881,33.3455,28.9195,489,31419,0.924998,0.71,2,828735,828246,489
74647801,33.1382,30.7678,490,31486,0.939999,0.77,2,828768,828278,490
74758761,41.9585,42.3159,489,33945,0.946,1,2,830559,830070,489
74761681,33.5834,31.9264,492,34007,0.9484,1,2,830587,830095,492
74764601,40.4334,34.9705,500,34069,0.93136,1,2,830632,830132,500
74817161,131.075,141.723,460,15606,0.0757812,0.05,1,831520,831060,460
74820081,90.2301,97.4893,455,15742,0.0723125,0,1,831583,831128,455
74823001,69.092,89.9957,425,15877,0.034925,0.13,1,831638,831213,425
74825921,64.8368,67.1983,435,16011,0.03197,0.03,1,831700,831265,435
74828841,136.935,143.879,425,16144,0.018788,0.03,1,831885,831460,425
74831761,90.1739,93.5517,424,16276,0.0255152,0.07,1,831944,831520,424
74834681,73.2696,75.2207,423,16406,0.0402061,0.01,1,832006,831583,423
74837601,61.7078,63.0883,422,16535,0.0340824,0.03,1,832060,831638,422
74840521,62.4831,62.4353,423,16663,0.043633,0.03,1,832123,831700,423
74843441,134.793,24.9741,606,16790,0.0954532,0.01,1,832306,831700,606
74846361,89.3173,120.99,480,16916,0.0921813,0.03,1,832365,831885,480
74849281,72.9269,83.7959,483,17042,0.0548725,0.05,1,832427,831944,483
74852201,61.5708,70.7183,475,17167,0.063949,0.03,1,832481,832006,475
74855121,64.2283,60.6873,487,17291,0.0555796,0.05,1,832547,832060,487
74863881,71.7666,89.252,484,17657,0.235157,0.03,1,832849,832365,484
74866801,61.1066,72.9008,476,17777,0.256063,0.07,1,832903,832427,476
74869721,66.4427,61.5603,492,17896,0.288425,0.05,1,832973,832481,492
74878481,57.6763,87.9159,434,18250,0.423339,0.27,1,833222,832788,434
74910601,59.05,58.2309,452,19490,0.797183,0.67,2,834058,833606,452
74916441,62.128,23.7169,517,19707,0.795949,0.71,2,834183,833666,517
74929581,25.1277,58.6857,461,20239,0.901536,0.81,2,834519,834058,461
74932501,46.6511,60.6743,460,20344,0.930614,0.79,2,834580,834120,460
75009881,54.5045,77.4142,506,22993,0.780784,1,2,836476,835970,506
75030321,84.3395,80.76,489,23630,0.767516,0.75,2,836928,836439,489
75033241,48.1358,54.504,476,23720,0.757007,0.61,2,836952,836476,476
75042001,35.0487,39.5123,481,23987,0.913168,0.63,2,837054,836573,481
75044921,15.2195,33.8049,453,24075,0.923267,0.67,2,837056,836603,453
75047841,43.8878,50.122,455,24163,0.915307,0.79,2,837119,836664,455
75148581,142.266,156.226,490,27062,0.946,1,2,839272,838782,490
75151501,79.1065,89.4902,482,27140,0.9124,1,2,839309,838827,482
75157341,42.897,42.3984,491,27296,0.785584,1,2,839384,838893,491
75242021,30.5192,35.502,479,29462,0.76795,0.63,2,840800,840321,479
75244941,27.8077,30.4008,478,29534,0.79318,0.63,2,840826,840348,478
75253701,125.404,32.1617,641,29748,0.923643,0.63,2,841081,840440,641
75300421,32.6643,31.1117,478,30866,0.928,1,2,841740,841262,478
75350061,34.0858,37.6432,524,32012,0.922,1,2,842612,842088,524
75361741,30.5654,29.4181,515,32276,0.916403,1,2,842735,842220,515
75379261,34.9325,50.7146,502,32667,0.285658,0.87,1,843091,842589,502
75382181,26.573,34.0858,500,32732,0.216263,1,1,843112,842612,500
75390941,22.5087,28.4135,481,32925,0.0904008,0.88,1,843184,842703,481
75393861,24.6035,30.5654,475,32989,0.0541603,1,1,843210,842735,475
75396781,25.4414,29.6262,472,33053,0.0516641,1,1,843236,842764,472
75399701,38.9766,34.0505,483,33117,0.0746657,0.45,1,843284,842801,483
75405541,63.4762,74.3281,439,33245,0.0851465,0.29,1,843470,843031,439
75411381,29.3562,34.9325,432,33372,0.0988234,0.17,1,843523,843091,432
75428901,25.0092,25.4414,422,33750,0.0657405,0.09,1,843658,843236,422
75431821,38.8037,38.9766,422,33813,0.0682962,0.13,1,843706,843284,422
75434741,108.521,106.191,426,33876,0.0933185,0.07,1,843861,843435,426
75449341,26.6626,26.297,428,34186,0.205637,0.15,1,843999,843571,428
75452261,19.065,19.5188,427,34248,0.232255,0.15,1,844013,843586,427
75455181,19.626,7.80752,447,34310,0.218902,0.17,1,844033,843586,447
75458101,19.8504,15.123,447,34372,0.213561,0.09,1,844053,843606,447
75466861,111.142,38.5039,581,34556,0.0830279,0.11,1,844287,843706,581
75469781,66.057,108.402,462,34617,0.0752112,0.11,1,844323,843861,462
75472701,49.2228,64.9606,464,34678,0.0720845,0.13,1,844361,843897,464
75475621,29.8891,47.5842,445,34739,0.0588338,0.15,1,844378,843933,445
75478541,25.7556,28.6337,452,34800,0.0415335,0.19,1,844401,843949,452
75481461,27.1023,24.6535,458,34861,0.0346134,0.23,1,844429,843971,458
75484381,19.8409,26.6614,445,34922,0.0438454,0.25,1,844444,843999,445
75487301,19.9364,19.0646,451,34983,0.0475381,0.21,1,844464,844013,451
75490221,18.7745,19.6258,449,35043,0.0610153,0.21,1,844482,844033,449
75493141,21.9098,19.8503,453,35103,0.0664061,0.11,1,844506,844053,453
75496061,37.5639,24.1401,474,35163,0.0445624,0.17,1,844554,844080,474
75504821,49.2041,66.057,462,35343,0.205652,0.07,1,844785,844323,462
75507741,29.2816,49.2228,440,35403,0.232261,0.05,1,844801,844361,440
75510661,24.9127,29.8891,445,35463,0.242904,0.03,1,844823,844378,445
75513581,26.7651,25.7556,450,35523,0.247162,0.03,1,844851,844401,450
75516501,20.306,27.1023,438,35583,0.260865,0.05,1,844867,844429,438
75519421,20.1224,19.8409,443,35642,0.278346,0.05,1,844887,844444,443
75522341,9.24896,19.9364,425,35701,0.285338,0.07,1,844889,844464,425
75601181,36.9329,16.7446,500,37266,0.770736,0.69,2,845868,845368,500
75642061,71.0398,117.373,501,38053,0.914515,0.83,2,846540,846039,501
75644981,54.8159,71.5493,504,38109,0.947806,0.79,2,846584,846080,504
75647901,31.5264,54.4197,477,38164,0.937122,0.81,2,846600,846123,477
75650821,26.4105,31.3679,484,38219,0.944849,0.83,2,846623,846139,484
75788061,382.085,403.828,471,17520,0.79,1,2,848387,847916,471
75796821,91.9414,81.045,518,18597,0.43432,0.86,1,848631,848113,518
75817261,50.5852,53.5983,443,19381,0.78357,0.51,2,849110,848667,443
75837701,68.4241,49.2653,539,20134,0.794057,0.87,2,849649,849110,539
75846461,86.8431,89.169,550,20448,0.93186,0.83,2,849926,849376,550
75919461,92.8715,68.536,581,22900,0.928,1,2,851661,851080,581
75922381,93.5486,93.4144,565,22993,0.7972,1,2,851755,851190,565
75936981,65.4949,47.1892,552,23450,0.0810753,1,1,852021,851469,552
75939901,93.998,68.6757,582,23540,0.0624301,0.88,1,852134,851552,582
75942821,80.1992,92.8703,544,23630,0.030972,0.71,1,852205,851661,544
75945741,50.0797,93.5481,480,23720,0.0543888,0.65,1,852235,851755,480
75948661,38.0319,59.0192,474,23809,0.0397555,0.57,1,852265,851791,474
75951581,55.4127,44.6077,506,23898,0.0339022,0.09,1,852332,851826,506
75954501,42.5651,68.8431,455,23987,0.0135609,0.01,1,852366,851911,455
75957421,18.226,46.7372,425,24075,0.0114244,0.05,1,852368,851943,425
75960341,52.2904,65.4949,422,24163,0.0225697,0.05,1,852443,852021,422
75963261,89.3162,93.998,423,24251,0.0090279,0.01,1,852557,852134,423
75966181,78.3265,80.1992,423,24338,0.0336112,0.07,1,852628,852205,423
75969101,50.5306,50.0797,425,24425,0.0554445,0.03,1,852660,852235,425
75972021,37.0122,38.0319,423,24512,0.0641778,0.03,1,852688,852265,423
75974941,54.4049,55.4127,422,24598,0.0436711,0,1,852754,852332,422
75977861,42.162,42.5651,422,24684,0.0174684,0.01,1,852788,852366,422
75980781,18.0648,18.226,422,24770,0.0129874,0.03,1,852790,852368,422
75983701,52.2259,52.2904,422,24856,0.023195,0,1,852865,852443,422
75986621,90.4904,89.3162,424,24941,0.039278,0.05,1,852981,852557,424
76001221,41.5673,42.162,422,25363,0.0634262,0.01,1,853210,852788,422
76004141,17.8269,18.0648,422,25447,0.0253705,0.01,1,853212,852790,422
76007061,52.7308,7.22591,498,25530,0.0161482,0.03,1,853288,852790,498
76009981,89.4923,47.8904,537,25613,0.0244593,0.05,1,853402,852865,537
76012901,80.1969,88.7562,495,25696,0.0277837,0.15,1,853476,852981,495
76015821,51.2788,76.9025,458,25778,0.0411135,0.15,1,853508,853050,458
76018741,39.1115,49.961,457,25860,0.0584454,0.11,1,853539,853082,457
76027501,16.8551,41.5495,423,26105,0.0716605,0,1,853633,853210,423
76030421,52.3421,17.8198,497,26186,0.0346642,0.01,1,853709,853212,497
76033341,89.9368,52.7279,536,26267,0.0558657,0.03,1,853824,853288,536
76036261,80.3747,89.4912,496,26348,0.0403463,0.03,1,853898,853402,496
76039181,51.9499,80.1965,455,26428,0.0461385,0.05,1,853931,853476,455
76042101,39.98,51.2786,455,26508,0.0724554,0.07,1,853963,853508,455
76056701,90.7521,52.3421,539,26905,0.0606939,0.07,1,854248,853709,539
76059621,37.5008,89.9368,426,26984,0.0422776,0.03,1,854250,853824,426
76062541,58.2003,80.3747,424,27062,0.058911,0.05,1,854322,853898,424
76094661,39.4626,37.6321,429,27911,0.209343,0.17,1,854818,854389,429
76097581,58.385,57.0528,430,27987,0.245737,0.15,1,854889,854459,430
76100501,38.354,37.8211,430,28063,0.272295,0.17,1,854914,854484,430
76103421,16.5416,16.3285,430,28138,0.258918,0.15,1,854916,854486,430
76120941,41.9547,41.1186,469,28586,0.278598,0.23,1,855251,854782,469
76123861,59.9819,38.0474,505,28660,0.285439,0.27,1,855323,854818,505
76138461,36.211,86.1522,440,29027,0.412468,0.35,1,855536,855096,440
76141381,60.0844,35.6609,514,29100,0.422987,0.33,1,855612,855098,514
76179341,58.02,60.3414,449,30032,0.751726,0.57,2,856207,855758,449
76182261,38.208,38.5366,450,30102,0.78669,0.57,2,856232,855782,450
76208541,61.6523,58.02,461,30728,0.936509,0.81,2,856668,856207,461
76351621,48.8425,45.6618,495,33938,0.782512,1,2,858952,858457,495
76360381,44.5019,44.4424,498,34124,0.448241,1,1,859059,858561,498
76363301,41.8008,37.5769,505,34186,0.221296,1,1,859099,858594,505
76366221,38.9203,35.4308,508,34248,0.0885185,1,1,859136,858628,508
76369141,29.9681,14.1723,532,34310,0.0654074,1,1,859160,858628,532
76372061,30.5872,24.2689,532,34372,0.068163,1,1,859191,858659,532
76374981,71.0349,32.5076,592,34434,0.0452652,0.93,1,859289,858697,592
76377901,43.414,77.803,509,34495,0.0361061,1,1,859314,858805,509
76380821,55.7656,55.7212,532,34556,0.0324424,0.78,1,859378,858846,532
76383741,41.5062,61.8885,498,34617,0.054977,0.73,1,859410,858912,498
76386661,28.6025,48.7554,478,34678,0.0759908,0.71,1,859430,858952,478
76389581,22.841,35.1022,471,34739,0.0723963,0.55,1,859449,858978,471
76392501,36.7364,30.2409,490,34800,0.0589585,0.33,1,859495,859005,490
76395421,34.4946,44.4963,469,34861,0.0775834,0.07,1,859528,859059,469
76398341,34.1978,41.7985,463,34922,0.0610334,0,1,859562,859099,463
76401261,25.6791,38.9194,446,34983,0.0544133,0.05,1,859582,859136,446
76404181,28.2717,29.9678,452,35043,0.0757653,0.07,1,859612,859160,452
76407101,71.3087,30.5871,521,35103,0.0603061,0.03,1,859712,859191,521
76410021,44.1235,71.0348,449,35163,0.0421225,0.03,1,859738,859289,449
76412941,54.8494,43.4139,486,35223,0.082849,0.03,1,859800,859314,486
76442141,70.1773,71.3087,425,35819,0.0819754,0.03,1,860137,859712,425
76445061,42.4709,44.1235,423,35878,0.0627902,0.11,1,860161,859738,423
76459661,38.9991,37.5481,428,36173,0.2088,0.13,1,860348,859920,428
76462581,35.3996,34.8193,428,36231,0.25752,0.13,1,860381,859953,428
76465501,32.1598,31.9277,428,36289,0.265008,0.13,1,860411,859983,428
76468421,23.6639,24.7711,426,36347,0.268003,0.13,1,860429,860003,426
76471341,10.6656,11.1084,426,36405,0.293201,0.13,1,860431,860005,426
76474261,22.2662,22.4434,426,36463,0.279281,0.05,1,860461,860035,426
76477181,68.9065,70.1773,424,36521,0.249712,0.05,1,860561,860137,424
76480101,42.5626,42.4709,425,36579,0.237885,0.13,1,860586,860161,425
76483021,59.025,56.5884,429,36637,0.245154,0.15,1,860656,860227,429
76485941,45.21,44.2353,429,36695,0.248062,0.15,1,860692,860263,429
76488861,28.884,28.4941,429,36753,0.249225,0.15,1,860710,860281,429
76491781,21.1536,20.9977,429,36810,0.26169,0.25,1,860726,860297,429
76494701,42.0614,38.9991,434,36867,0.290676,0.29,1,860782,860348,434
76497621,36.6246,35.3996,434,36924,0.29027,0.27,1,860815,860381,434
76500541,33.2498,32.1598,435,36981,0.290108,0.27,1,860846,860411,435
76518061,59.8455,40.425,503,37323,0.275839,0.25,1,861089,860586,503
76520981,45.5382,58.17,469,37380,0.260335,0.25,1,861125,860656,469
76523901,29.6153,44.868,452,37437,0.278134,0.25,1,861144,860692,452
76526821,21.4461,28.7472,450,37493,0.285254,0.27,1,861160,860710,450
76538501,25.0914,33.2463,454,37717,0.417654,0.31,1,861300,860846,454
76541421,11.2366,24.0985,438,37773,0.425062,0.31,1,861302,860864,438
76544341,22.4946,10.8394,466,37829,0.440025,0.31,1,861332,860866,466
76591061,50.3026,58.9197,448,38714,0.758601,0.57,2,861970,861522,448
76593981,42.3211,45.7679,448,38769,0.777441,0.55,2,862007,861559,448
76596901,29.5284,30.3071,449,38823,0.796976,0.55,2,862028,861579,449
76614421,11.7358,11.4909,453,39147,0.912636,0.61,2,862197,861744,453
76617341,22.6943,23.1964,452,39201,0.911054,0.65,2,862227,861775,452
76620261,69.6777,67.4785,456,39255,0.946422,0.69,2,862328,861872,456
76769181,37.6216,27.3517,519,41911,0.9436,1,2,864154,863635,519
76772101,26.4486,25.3407,514,41961,0.91144,1,2,864173,863659,514
76780861,29.2207,32.5578,486,42111,0.776652,1,2,864282,863796,486
76795461,19.4829,20.9187,478,42361,0.421031,1,1,864426,863948,478
76801301,29.7573,30.587,477,42461,0.282165,1,1,864501,864024,477
76804221,47.9029,47.6348,478,42511,0.226866,0.99,1,864561,864083,478
76807141,37.7612,40.0539,474,42561,0.204746,0.91,1,864592,864118,474
76853861,22.3835,33.6548,443,43347,0.228195,0.17,1,865066,864623,443
76856781,36.5534,22.4619,474,43396,0.217278,0.15,1,865112,864638,474
76859701,29.0214,37.1848,451,43445,0.224911,0.11,1,865136,864685,451
76862621,28.4085,29.8739,454,43494,0.263965,0.11,1,865164,864710,454
76885981,45.5805,28.5439,486,43879,0.429413,0.13,1,865419,864933,486
76953141,35.9819,35.1739,450,44972,0.759917,0.57,2,866129,865679,450
76956061,27.5927,27.2696,450,45019,0.789967,0.55,2,866151,865701,450
76958981,19.4371,18.7078,451,45066,0.777987,0.59,2,866165,865714,451
76961901,17.3748,17.0831,451,45113,0.773195,0.61,2,866181,865730,451
76967741,15.02,14.7333,452,45207,0.796911,0.63,2,866229,865777,452
76979421,35.1077,35.0428,452,45395,0.909505,0.61,2,866381,865929,452
76982341,22.4431,22.4171,452,45441,0.921802,0.73,2,866395,865943,452
76985261,39.5772,37.1668,456,45487,0.938721,0.69,2,866446,865990,456
76988181,31.4309,30.4667,456,45533,0.921488,0.77,2,866472,866016,456
76994021,43.7889,41.9547,460,45625,0.902238,0.77,2,866557,866097,460
76996941,36.7156,35.9819,460,45671,0.930895,0.81,2,866589,866129,460
76999861,27.8862,27.5927,460,45717,0.918358,0.77,2,866611,866151,460
77002781,19.5545,19.4371,460,45763,0.913343,0.77,2,866625,866165,460
77005701,18.0218,17.3748,461,45809,0.923337,0.83,2,866642,866181,461
77008621,34.8087,34.5499,461,45855,0.903335,0.79,2,866688,866227,461
77011541,15.1235,15.02,461,45901,0.919334,0.81,2,866690,866229,461
77014461,23.4494,22.808,462,45947,0.937734,0.81,2,866719,866257,462
77017381,44.7798,9.1232,521,45993,0.945093,0.85,2,866778,866257,521
77020301,37.7119,38.4493,496,46039,0.936037,0.91,2,866811,866315,496
77023221,36.0848,34.5797,499,46085,0.920415,0.93,2,866846,866347,499
77026141,22.8339,34.2319,479,46131,0.914166,0.93,2,866860,866381,479
77029061,40.3336,22.0928,517,46177,0.911666,0.95,2,866912,866395,517
77031981,31.7334,39.4371,492,46223,0.922667,0.91,2,866938,866446,492
77034901,31.8934,31.3748,498,46269,0.927067,0.87,2,866970,866472,498
77177981,42.4666,39.2378,492,48452,0.939222,1,2,868502,868010,492
77183821,36.3147,25.958,512,48538,0.799476,1,2,868571,868059,512
77186741,28.9259,19.3832,521,48581,0.76979,1,2,868595,868074,521
77189661,21.1703,32.9533,495,48624,0.769916,1,2,868611,868116,495
77192581,30.6681,29.3813,505,48667,0.757966,1,2,868648,868143,505
77248061,19.2008,28.0669,465,49484,0.769022,0.63,2,869172,868707,465
77250981,21.4803,19.6267,474,49527,0.781609,0.63,2,869195,868721,474
77268501,30.7734,29.2559,482,49781,0.904728,0.63,2,869374,868892,482
77274341,34.9237,37.561,485,49865,0.904356,0.63,2,869451,868966,485
77277261,35.5695,34.8244,488,49907,0.931743,0.69,2,869487,868999,488
77280181,28.0278,34.3298,477,49949,0.930697,0.71,2,869510,869033,477
77283101,20.2111,26.3319,471,49991,0.942279,0.69,2,869525,869054,471
77618901,30.8201,21.1146,534,54625,0.916,1,2,872783,872249,534
77683141,64.1383,60.0856,449,25633,0.0512934,0.09,1,873478,873029,449
77686061,71.8553,56.4343,472,25716,0.0505174,0.07,1,873555,873083,472
77688981,47.9421,57.3737,446,25798,0.0262069,0,1,873587,873141,446
77691901,69.5769,60.1495,468,25880,0.0284828,0.01,1,873671,873203,468
77694821,44.0307,52.2598,448,25962,0.0173931,0.03,1,873698,873250,448
77697741,24.8123,37.1039,433,26044,0.0249572,0,1,873710,873277,433
77700661,52.5249,31.6416,476,26125,0.0759829,0.07,1,873781,873305,476
77703581,40.21,49.8566,446,26206,0.0723932,0.09,1,873813,873367,446
77706501,68.884,61.3427,465,26287,0.0289573,0,1,873901,873436,465
77709421,73.7536,49.7371,500,26368,0.0175829,0.05,1,873978,873478,500
77712341,48.1014,66.0948,454,26448,0.0370332,0.01,1,874009,873555,454
77715261,69.6406,45.6379,506,26528,0.0328133,0.03,1,874093,873587,506
77718181,44.0562,68.6552,449,26608,0.0431253,0.01,1,874120,873671,449
77721101,24.8225,43.6621,434,26688,0.0352501,0.03,1,874132,873698,434
77724021,54.929,24.6648,497,26767,0.0801001,0.11,1,874207,873710,497
77735701,70.3102,73.7498,424,27082,0.0519226,0.05,1,874402,873978,424
77738621,45.5241,48.0999,422,27160,0.020769,0.03,1,874431,874009,422
77741541,68.6096,69.64,422,27238,0.0383076,0.05,1,874515,874093,422
77744461,44.2439,44.056,423,27316,0.033323,0.03,1,874543,874120,423
77747381,24.8975,24.8224,423,27394,0.0313292,0.11,1,874555,874132,423
77750301,57.359,54.929,427,27471,0.0305317,0.13,1,874634,874207,427
77753221,41.5436,39.9716,428,27548,0.0422127,0.13,1,874665,874237,428
77756141,17.8174,17.1886,428,27625,0.0468851,0.11,1,874667,874239,428
77759061,55.727,57.2755,425,27702,0.084754,0.01,1,874748,874323,425
77761981,67.8908,70.3102,422,27778,0.0759016,0,1,874824,874402,422
77764901,44.5563,45.5241,422,27854,0.0603606,0.05,1,874853,874431,422
77767821,68.2225,68.6096,422,27930,0.0541443,0.03,1,874937,874515,422
77770741,44.689,44.2439,423,28006,0.0516577,0.03,1,874966,874543,423
77773661,25.0756,24.8975,423,28082,0.0506631,0.03,1,874978,874555,423
77776581,57.4302,57.359,423,28157,0.0742652,0.05,1,875057,874634,423
77779501,41.5721,41.5436,423,28232,0.0957061,0.05,1,875088,874665,423
77785341,58.1315,55.727,427,28382,0.095713,0.11,1,875175,874748,427
77794101,67.6564,39.2065,505,28605,0.0918056,0.05,1,875358,874853,505
77797021,44.4626,66.0826,450,28679,0.0667223,0.05,1,875387,874937,450
77799941,24.985,43.833,433,28753,0.0326889,0.05,1,875399,874966,433
77802861,58.594,24.7332,502,28827,0.0550756,0.09,1,875480,874978,502
77805781,42.6376,57.2933,455,28900,0.0760302,0.11,1,875512,875057,455
77808701,18.255,41.5173,426,28973,0.0844121,0.11,1,875514,875088,426
77811621,58.902,17.8069,510,29046,0.0877648,0.09,1,875600,875090,510
77834981,18.5268,42.6376,427,29625,0.203447,0.09,1,875939,875512,427
77837901,59.0107,18.255,511,29696,0.219379,0.09,1,876025,875514,511
77840821,69.2043,58.902,501,29767,0.285751,0.15,1,876101,875600,501
77858341,60.2195,60.2923,431,30191,0.400713,0.21,1,876336,875905,431
77867101,59.702,59.0107,433,30401,0.402686,0.33,1,876458,876025,433
77919661,45.0983,59.6775,486,31630,0.761838,0.65,2,877262,876776,486
77922581,19.2393,43.671,455,31697,0.766735,0.65,2,877264,876809,455
77945941,62.6017,25.364,545,32227,0.922707,0.77,2,877687,877142,545
77948861,45.4407,61.7456,493,32293,0.939083,0.77,2,877721,877228,493
77951781,19.3763,45.0982,461,32359,0.945633,0.77,2,877723,877262,461
78083181,36.1241,26.7005,525,35179,0.263591,1,1,879689,879164,525
78089021,50.7799,76.3921,502,35299,0.0913746,1,1,879827,879325,502
78091941,43.7119,50.3568,508,35359,0.0785499,0.99,1,879866,879358,508
78094861,52.2848,39.3427,534,35419,0.0854199,0.93,1,879924,879390,534
78097781,34.1139,56.5371,488,35479,0.064168,0.81,1,879946,879458,488
78100701,31.6456,41.2148,487,35539,0.0556672,0.65,1,879976,879489,487
78106541,29.0633,29.0344,480,35657,0.0581067,0.53,1,880028,879548,480
78109461,12.8253,33.8137,445,35716,0.0772427,0.47,1,880030,879585,445
78121141,74.3443,77.4496,425,35952,0.0988894,0.07,1,880219,879794,425
78124061,50.1377,50.7799,426,36011,0.0575558,0.07,1,880253,879827,426
78126981,41.6551,43.7119,423,36070,0.0650223,0.09,1,880289,879866,423
78129901,52.062,52.2848,424,36129,0.0920089,0.05,1,880348,879924,424
78159101,48.8727,50.1377,423,36709,0.229503,0.07,1,880676,880253,423
78162021,41.7491,41.6551,424,36767,0.241801,0.11,1,880713,880289,424
78164941,52.6996,52.062,425,36824,0.24672,0.11,1,880773,880348,425
78167861,34.8799,34.0248,426,36881,0.272688,0.13,1,880796,880370,426
78170781,33.1519,32.8099,426,36938,0.271075,0.11,1,880828,880402,426
78173701,27.0608,25.724,428,36995,0.28243,0.11,1,880851,880423,428
78176621,28.8243,28.8896,427,37052,0.274972,0.15,1,880881,880454,427
78179541,12.7297,12.7558,427,37109,0.295989,0.13,1,880883,880456,427
78188301,32.9027,14.7844,468,37280,0.294223,0.15,1,880975,880507,468
78197061,42.1618,48.4902,468,37451,0.29699,0.25,1,881144,880676,468
78208741,26.7881,33.1421,456,37675,0.405475,0.29,1,881284,880828,456
78211661,29.9153,27.0569,465,37731,0.43219,0.27,1,881316,880851,465
78214581,13.1661,28.8227,437,37787,0.418876,0.31,1,881318,880881,437
78217501,25.0664,12.7291,468,37843,0.42555,0.33,1,881351,880883,468
78220421,21.4266,24.8916,454,37899,0.41622,0.29,1,881370,880916,454
78223341,32.5706,20.7567,476,37955,0.448488,0.29,1,881410,880934,476
78272981,54.633,55.0546,447,38890,0.754367,0.49,2,882090,881643,447
78278821,35.5013,35.2087,447,38998,0.769899,0.53,2,882149,881702,447
78281741,29.2005,28.4835,448,39052,0.76996,0.55,2,882174,881726,448
78284661,30.8802,29.9934,449,39106,0.781984,0.55,2,882206,881757,449
78305101,49.0841,47.4566,458,39484,0.918357,0.73,2,882448,881990,458
78308021,41.2336,40.5826,458,39537,0.949343,0.77,2,882484,882026,458
78474461,43.452,33.4602,504,42472,0.927999,1,2,884535,884031,504
78477381,38.9808,31.9841,509,42522,0.9292,1,2,884571,884062,509
78486141,31.9188,31.927,490,42672,0.926109,1,2,884663,884173,490
78661341,26.1226,24.1186,498,45541,0.234855,1,1,886652,886154,498
78670101,35.4878,36.1036,479,45679,0.0738307,1,1,886735,886256,479
78673021,30.9951,34.8414,473,45725,0.0595323,0.98,1,886763,886290,473
78675941,30.9981,33.1366,472,45771,0.0418129,1,1,886794,886322,472
78678861,28.5992,32.4546,467,45817,0.0347252,0.81,1,886821,886354,467
78681781,31.2397,36.3819,461,45863,0.0318901,0.77,1,886854,886393,461
78684701,28.6959,35.5527,453,45909,0.090756,0.77,1,886881,886428,453
78687621,28.2784,14.2211,481,45955,0.0783024,0.69,1,886909,886428,481
78690541,28.1113,24.8884,477,46001,0.049321,0.53,1,886937,886460,477
78693461,29.2445,31.5554,471,46047,0.0377284,0.49,1,886967,886496,471
78696381,33.2978,32.4222,474,46093,0.0570914,0.45,1,887003,886529,474
78699301,31.9191,33.3689,471,46139,0.0288365,0.31,1,887034,886563,471
78702221,27.1676,35.5475,458,46185,0.0295346,0.25,1,887058,886600,458
78705141,25.8671,32.219,453,46231,0.0418138,0.19,1,887083,886630,453
78708061,16.3468,26.0876,441,46277,0.0467255,0.15,1,887093,886652,441
78710981,17.3387,20.035,443,46323,0.0486902,0.11,1,887111,886668,443
78713901,34.5355,21.214,467,46369,0.0374761,0.03,1,887157,886690,467
78716821,30.0142,35.4856,449,46414,0.0929904,0.05,1,887184,886735,449
78719741,30.6057,30.9942,452,46459,0.0371962,0.03,1,887215,886763,452
78722661,28.4423,30.9977,448,46504,0.0448785,0.03,1,887242,886794,448
78725581,31.7769,28.5991,455,46549,0.0479514,0.03,1,887276,886821,455
78728501,30.7108,31.2396,452,46594,0.0491806,0.13,1,887306,886854,452
78731421,27.8843,28.6959,451,46639,0.0376722,0.07,1,887332,886881,451
78734341,27.3537,28.2783,450,46684,0.0450689,0.03,1,887359,886909,450
78737261,28.9415,28.1113,452,46729,0.0840276,0.03,1,887389,886937,452
78740181,33.1766,29.2445,458,46774,0.075611,0.07,1,887425,886967,458
78743101,31.8706,33.2978,453,46819,0.0962444,0.01,1,887456,887003,453
78748941,26.4593,27.1676,448,46909,0.0957991,0.05,1,887506,887058,448
78754781,17.3135,16.3468,442,46999,0.0957279,0.05,1,887535,887093,442
78757701,34.5254,17.3387,470,47044,0.0802911,0.03,1,887581,887111,470
78760621,29.4102,34.5355,450,47089,0.0861165,0.13,1,887607,887157,450
78763541,30.3641,30.0142,454,47134,0.0764466,0,1,887638,887184,454
78766461,28.3456,30.6057,450,47179,0.0845786,0.05,1,887665,887215,450
78769381,31.7383,28.4423,457,47224,0.0998315,0.05,1,887699,887242,457
78772301,31.2953,31.7769,454,47269,0.0939326,0.05,1,887730,887276,454
78795661,25.9839,26.4593,427,47624,0.217479,0.11,1,887933,887506,427
78798581,17.5936,17.7837,427,47668,0.200991,0.09,1,887945,887518,427
78801501,16.6374,17.3135,426,47712,0.218397,0.07,1,887961,887535,426
78804421,34.255,34.5254,426,47756,0.201359,0.09,1,888007,887581,426
78816101,32.4753,31.7383,427,47932,0.202291,0.09,1,888126,887699,427
78819021,30.9901,31.2953,426,47976,0.206916,0.11,1,888156,887730,426
78833621,33.5621,32.8731,430,48196,0.202173,0.19,1,888283,887853,430
78836541,32.0249,31.1492,431,48240,0.242869,0.21,1,888314,887883,431
78839461,28.4099,27.4597,432,48284,0.271148,0.23,1,888340,887908,432
78842381,25.764,25.9839,431,48328,0.282459,0.19,1,888364,887933,431
78845301,17.5056,17.5936,431,48372,0.298984,0.23,1,888376,887945,431
78868661,26.8613,27.3961,429,48718,0.412731,0.19,1,888610,888181,429
78874501,13.1778,13.2634,429,48804,0.417637,0.19,1,888644,888215,429
78877421,20.8711,20.9053,429,48847,0.425055,0.19,1,888670,888241,429
78947501,29.9581,34.913,474,49872,0.754081,0.55,2,889347,888873,474
78950421,28.7833,29.5652,476,49914,0.763632,0.53,2,889375,888899,476
78953341,30.7133,29.2261,479,49956,0.791453,0.57,2,889407,888928,479
78973781,35.3385,22.154,497,50250,0.909848,0.65,2,889609,889112,497
78976701,35.7354,35.2616,489,50292,0.945939,0.67,2,889645,889156,489
79186941,31.6899,20.4643,537,53225,0.911255,1,2,891651,891114,537
79245341,160.23,161.674,489,24905,0.211801,0.63,1,892209,891720,489
79265781,30.9943,33.6512,436,25495,0.215544,0.05,1,892567,892131,436
79268701,51.3977,24.8605,482,25578,0.236218,0.09,1,892632,892150,482
79271621,55.3591,45.3442,481,25661,0.268487,0.11,1,892690,892209,481
79274541,62.3436,52.3377,491,25744,0.293395,0.13,1,892757,892266,491
79286221,47.0472,63.5382,467,26072,0.424103,0.19,1,892978,892511,467
79289141,31.4189,47.0153,452,26153,0.427641,0.23,1,892999,892547,452
79332941,68.2567,66.6254,451,27344,0.755656,0.61,2,893835,893384,451
79335861,50.1027,48.8502,452,27421,0.752262,0.61,2,893873,893421,452
79338781,32.0411,31.5401,452,27498,0.786905,0.67,2,893893,893441,452
79341701,56.0164,53.416,456,27575,0.788762,0.67,2,893965,893509,456
79344621,23.6066,22.5664,456,27652,0.789505,0.71,2,893967,893511,456
79347541,46.0426,45.0266,457,27729,0.777802,0.75,2,894028,893571,457
79350461,60.4171,60.0106,457,27805,0.785121,0.75,2,894098,893641,457
79362141,51.4091,50.1027,460,28109,0.936851,0.81,2,894333,893873,460
79464341,54.2098,57.3723,479,30635,0.946278,1,2,896077,895598,479
79478941,55.1052,53.9616,489,30979,0.428509,0.94,1,896341,895852,489
79484781,33.8968,32.1539,491,31115,0.261761,0.95,1,896399,895908,491
79487701,47.7587,56.0615,476,31183,0.230705,1,1,896456,895980,476
79490621,39.5035,44.0246,474,31251,0.218282,0.92,1,896490,896016,474
79508141,51.4093,39.4303,501,31655,0.212488,0.37,1,896777,896276,501
79511061,36.7637,54.7721,463,31722,0.210995,0.33,1,896804,896341,463
79513981,32.7055,38.1088,466,31789,0.234398,0.19,1,896834,896368,466
79516901,43.6822,33.8435,486,31856,0.255759,0.21,1,896885,896399,486
79519821,39.0729,47.7374,465,31922,0.288304,0.21,1,896921,896456,465
79534421,35.8663,46.8079,458,32252,0.402533,0.19,1,897145,896687,458
79537341,52.7465,35.5231,494,32318,0.431013,0.23,1,897209,896715,494
79610341,45.0045,44.2588,452,33916,0.768297,0.65,2,898216,897764,452
79613261,41.4018,41.1035,452,33978,0.781319,0.69,2,898255,897803,452
79616181,47.7607,46.4414,454,34040,0.798528,0.65,2,898307,897853,454
79630781,37.6228,32.936,483,34350,0.916788,0.65,2,898492,898009,483
79633701,55.2491,31.1744,520,34412,0.948715,0.71,2,898559,898039,520
79782621,54.4505,53.1672,523,37416,0.765849,1,2,900644,900121,523
79785541,44.5802,42.2669,526,37472,0.76834,1,2,900682,900156,526
79805981,36.2374,36.3052,502,37864,0.768675,0.87,2,900944,900442,502
79823501,50.4599,44.5802,510,38198,0.900078,0.71,2,901192,900682,510
79826421,38.784,48.4321,490,38253,0.930031,0.71,2,901223,900733,490
79829341,43.1136,39.7728,502,38308,0.942013,0.73,2,901269,900767,502
80060021,130.492,144.155,468,19203,0.257626,0.43,1,904244,903776,468
80062941,95.3967,91.862,483,19314,0.265051,0.31,1,904316,903833,483
80065861,72.9587,84.7448,461,19424,0.28002,0.23,1,904374,903913,461
80068781,62.7835,85.4979,431,19533,0.286008,0.17,1,904430,903999,431
80074621,87.4454,41.5197,531,19750,0.418961,0.21,1,904586,904055,531
80115501,70.8345,91.124,453,21204,0.799972,0.65,2,905575,905122,453
80130101,92.2901,90.9658,459,21700,0.910237,0.73,2,905939,905480,459
80133021,38.1161,37.5863,459,21798,0.922095,0.85,2,905941,905482,459
80220621,66.8905,65.4026,488,24549,0.794032,1,2,907945,907457,488
80232301,53.1348,52.9719,486,24892,0.406199,1,1,908143,907657,486
80235221,51.8539,57.7888,476,24977,0.26448,1,1,908194,907718,476
80241061,52.2166,57.7262,466,25147,0.0819167,0.69,1,908338,907872,466
80243981,60.4867,66.8905,459,25231,0.0327667,0.53,1,908404,907945,459
80246901,56.5947,66.3562,447,25315,0.0191067,0.37,1,908458,908011,447
80249821,39.4379,46.3425,442,25399,0.0256427,0.45,1,908486,908044,442
80252741,39.7751,41.337,444,25482,0.0282571,0.45,1,908526,908082,444
80255661,46.5101,16.5348,495,25565,0.0413028,0.37,1,908577,908082,495
80258581,44.404,43.2139,477,25648,0.0165211,0.17,1,908620,908143,477
80261501,85.5616,47.8856,539,25731,0.0246085,0.09,1,908733,908194,539
80264421,49.8246,89.9542,447,25813,0.0158434,0.03,1,908759,908312,447
80267341,59.5299,51.5817,487,25895,0.0123374,0,1,908825,908338,487
80270261,56.2119,60.2327,475,25977,0.0229349,0.01,1,908879,908404,475
80273181,39.2848,56.4931,449,26059,0.027174,0.03,1,908907,908458,449
80276101,39.7139,39.3972,461,26140,0.0408696,0.03,1,908947,908486,461
80279021,47.6856,39.7589,474,26221,0.0463478,0.05,1,909000,908526,474
80281941,44.2742,46.5036,465,26302,0.0365391,0,1,909042,908577,465
80284861,85.5097,44.4014,535,26383,0.0446157,0.03,1,909155,908620,535
80287781,49.2039,85.5606,447,26463,0.0478463,0.01,1,909180,908733,447
80290701,59.8815,49.8242,488,26543,0.0371385,0.01,1,909247,908759,488
80293621,56.3526,59.5297,476,26623,0.0328554,0.03,1,909301,908825,476
80296541,39.341,56.2119,450,26703,0.0311422,0.03,1,909329,908879,450
80299461,42.1364,39.2848,466,26782,0.0424569,0.05,1,909373,908907,466
80302381,46.8546,39.7139,476,26861,0.0469827,0.05,1,909423,908947,476
80305301,19.9418,47.6856,425,26940,0.0487931,0.03,1,909425,909000,425
80308221,31.9767,44.2742,423,27019,0.0735172,0.05,1,909465,909042,423
80319901,56.4266,56.3526,423,27331,0.081514,0.03,1,909724,909301,423
80322821,39.3706,39.341,423,27408,0.0746056,0.05,1,909752,909329,423
80325741,41.5483,42.1364,422,27485,0.0718422,0.05,1,909795,909373,422
80328661,47.8193,46.8546,424,27562,0.0587369,0.05,1,909847,909423,424
80331581,20.3277,19.9418,424,27639,0.0894948,0.09,1,909849,909425,424
80334501,32.1311,31.9767,424,27716,0.0777979,0.13,1,909889,909465,424
80343261,56.6564,58.5665,425,27944,0.212099,0.05,1,910094,909669,425
80346181,53.8626,56.4266,422,28020,0.25884,0.07,1,910146,909724,422
80349101,38.945,39.3706,423,28096,0.241536,0.07,1,910175,909752,423
80352021,41.378,41.5483,423,28171,0.222614,0.05,1,910218,909795,423
80354941,48.9512,47.8193,425,28246,0.215046,0.11,1,910272,909847,425
80357861,20.7805,20.3277,425,28321,0.212018,0.07,1,910274,909849,425
80360781,32.3122,32.1311,425,28396,0.222807,0.07,1,910314,909889,425
80363701,87.3249,12.8524,549,28471,0.251123,0.17,1,910438,909889,549
80366621,48.1299,77.141,451,28545,0.286449,0.17,1,910460,910009,451
80392901,49.5433,87.3229,458,29206,0.407794,0.31,1,910896,910438,458
80395821,60.0173,48.1291,503,29278,0.409118,0.33,1,910963,910460,503
80398741,54.6069,58.2517,489,29350,0.409647,0.33,1,911014,910525,489
80404581,41.9771,39.8003,481,29494,0.417144,0.37,1,911088,910607,481
80407501,49.7908,41.1201,494,29566,0.424857,0.37,1,911143,910649,494
80410421,21.1163,48.848,442,29638,0.427943,0.37,1,911145,910703,442
80413341,33.0465,20.7392,481,29709,0.417177,0.39,1,911186,910705,481
80416261,88.8186,32.8957,566,29780,0.424871,0.37,1,911312,910746,566
80419181,36.7274,89.3583,441,29851,0.427948,0.43,1,911314,910873,441
80445461,89.1785,88.8186,443,30484,0.7711,0.43,2,911755,911312,443
80448381,36.8714,36.7274,443,30553,0.79444,0.49,2,911757,911314,443
80451301,30.9486,29.691,445,30622,0.791776,0.57,2,911784,911339,445
80603141,38.5576,36.0183,491,34027,0.946,1,2,914184,913693,491
80606061,50.2231,50.4073,489,34089,0.9244,1,2,914242,913753,489
80608981,45.2892,44.1629,491,34151,0.75976,1,2,914284,913793,491
80617741,32.3465,27.6904,523,34337,0.205825,1,1,914386,913863,523
80620661,31.5386,32.6762,518,34399,0.0883299,1,1,914417,913899,518
80623581,30.6154,38.8705,505,34460,0.0413319,1,1,914447,913942,505
80626501,32.0462,32.9482,509,34521,0.0225328,1,1,914480,913971,509
80629421,83.0185,32.9793,593,34582,0.00901311,1,1,914597,914004,593
80632341,48.8074,86.3917,497,34643,0.0696052,1,1,914623,914126,497
80635261,35.123,51.3567,495,34704,0.0338421,0.91,1,914649,914154,495
80638181,45.2492,38.5427,517,34765,0.0435368,0.91,1,914701,914184,517
80641101,34.2997,50.2171,486,34826,0.0354147,0.65,1,914728,914242,486
80644021,28.7199,45.2868,469,34887,0.0321659,0.35,1,914753,914284,469
80646941,27.6879,40.9147,458,34948,0.0188664,0.19,1,914780,914322,458
80649861,27.2752,37.3659,450,35008,0.0495465,0.13,1,914807,914357,450
80652781,29.5101,32.3464,452,35068,0.0378186,0.01,1,914838,914386,452
80655701,29.804,31.5385,451,35128,0.0211274,0.01,1,914868,914417,451
80658621,32.3216,30.6154,455,35188,0.014451,0.01,1,914902,914447,455
80661541,82.5287,32.0462,538,35248,0.00578039,0,1,915018,914480,538
80664461,48.6115,83.0185,447,35308,0.0563122,0.11,1,915044,914597,447
80667381,35.6446,48.8074,448,35368,0.0405249,0.01,1,915071,914623,448
80670301,45.4578,35.123,474,35428,0.0222099,0.05,1,915123,914649,474
80676141,29.7133,34.2997,448,35548,0.0959536,0.03,1,915176,914728,448
80679061,27.4853,28.7199,449,35607,0.0563814,0.01,1,915202,914753,449
80681981,28.3941,27.6879,451,35666,0.0285526,0.07,1,915231,914780,451
80684901,12.5576,27.2752,426,35725,0.017421,0.03,1,915233,914807,426
80687821,21.8231,29.5101,423,35784,0.0369684,0.01,1,915261,914838,423
80690741,26.1292,29.804,422,35843,0.0207874,0.01,1,915290,914868,422
80693661,32.0517,32.3216,424,35902,0.0383149,0,1,915326,914902,424
80696581,81.2207,82.5287,422,35961,0.015326,0.09,1,915440,915018,422
80699501,49.8883,48.6115,425,36020,0.0241304,0.03,1,915469,915044,425
80702421,34.9553,35.6446,423,36079,0.0756522,0.01,1,915494,915071,423
80705341,48.7821,45.4578,429,36138,0.0482609,0.21,1,915552,915123,429
80708261,34.5128,33.7831,428,36196,0.0493043,0.07,1,915577,915149,428
80711181,27.0051,29.7133,423,36254,0.0617217,0.03,1,915599,915176,423
80714101,26.4021,27.4853,423,36312,0.0906887,0.01,1,915625,915202,423
80717021,27.9608,28.3941,423,36370,0.0662755,0.01,1,915654,915231,423
80719941,12.3843,12.5576,423,36428,0.0565102,0.05,1,915656,915233,423
80722861,21.1537,21.8231,422,36486,0.0406041,0.01,1,915683,915261,422
80725781,25.8615,26.1292,422,36544,0.0222416,0.05,1,915712,915290,422
80728701,31.9446,32.0517,422,36602,0.0148967,0,1,915748,915326,422
80731621,81.1778,81.2207,422,36660,0.00595866,0.03,1,915862,915440,422
80734541,51.6711,49.8883,425,36718,0.0323835,0.11,1,915894,915469,425
80737461,36.8685,34.9553,427,36776,0.0429534,0.03,1,915921,915494,427
80740381,47.1474,48.7821,423,36833,0.0231814,0.05,1,915975,915552,423
80743301,33.859,34.5128,423,36890,0.0272725,0.07,1,916000,915577,423
80746221,27.9436,27.0051,425,36947,0.076909,0.11,1,916024,915599,425
80749141,25.5774,26.4021,423,37004,0.0967636,0.05,1,916048,915625,423
80763741,31.6808,20.7846,457,37289,0.0655509,0.01,1,916169,915712,457
80766661,81.0723,29.9138,535,37346,0.0262203,0,1,916283,915748,535
80769581,51.6289,80.3655,453,37403,0.0404881,0.05,1,916315,915862,453
80772501,36.8516,51.3462,448,37459,0.0461953,0.05,1,916342,915894,448
80775421,47.1406,36.7385,475,37515,0.0364781,0.01,1,916396,915921,475
80778341,34.4563,47.0954,447,37571,0.0445912,0.03,1,916422,915975,447
80781261,30.5825,33.8382,450,37627,0.0838365,0.11,1,916450,916000,450
80798781,30.3038,25.2019,457,37963,0.043409,0.03,1,916590,916133,457
80801701,80.5215,31.6808,535,38019,0.0233636,0,1,916704,916169,535
80804621,52.6086,81.0723,455,38075,0.0273454,0.05,1,916738,916283,455
80807541,37.2434,51.6289,450,38130,0.0289382,0.05,1,916765,916315,450
80810461,47.2974,36.8516,477,38185,0.0295753,0.03,1,916819,916342,477
80813381,35.119,47.1406,450,38240,0.0538301,0.05,1,916846,916396,450
80816301,32.6476,34.4563,455,38295,0.027532,0.11,1,916877,916422,455
80819221,28.659,30.5825,453,38350,0.0290128,0.15,1,916903,916450,453
80822141,29.4636,27.233,458,38405,0.0416051,0.15,1,916933,916475,458
80825061,12.9854,29.4932,429,38460,0.022642,0.15,1,916935,916506,429
80827981,18.3942,12.9973,449,38515,0.0270568,0.13,1,916957,916508,449
80830901,19.3577,18.3989,447,38570,0.0408227,0.09,1,916977,916530,447
80833821,8.94307,21.7596,425,38625,0.0463291,0,1,916979,916554,425
80836741,23.9772,30.3038,423,38680,0.0245316,0.01,1,917013,916590,423
80839661,77.3909,80.5215,422,38735,0.00981265,0.03,1,917126,916704,422
80842581,51.9564,52.6086,423,38790,0.0219251,0.03,1,917161,916738,423
80845501,36.9825,37.2434,423,38844,0.00877002,0.03,1,917188,916765,423
80848421,47.793,47.2974,424,38898,0.00950801,0.07,1,917243,916819,424
80851341,34.7172,35.119,423,38952,0.0098032,0.01,1,917269,916846,423
80854261,32.4869,32.6476,423,39006,0.0339213,0.03,1,917300,916877,423
80857181,28.5948,28.659,423,39060,0.0435685,0.05,1,917326,916903,423
80860101,29.4379,29.4636,423,39114,0.0714274,0.01,1,917356,916933,423
80863021,12.9752,12.9854,423,39168,0.094571,0.03,1,917358,916935,423
80877621,76.7245,77.3909,422,39438,0.0723444,0.03,1,917548,917126,422
80880541,51.6898,51.9564,422,39492,0.0469378,0,1,917583,917161,422
80883461,37.4759,36.9825,423,39545,0.0247751,0.01,1,917611,917188,423
80886381,47.3904,47.793,422,39598,0.07591,0.01,1,917665,917243,422
80889301,34.5561,34.7172,422,39651,0.072364,0.05,1,917691,917269,422
80892221,32.4225,32.4869,422,39704,0.0349456,0.05,1,917722,917300,422
80895141,29.169,28.5948,423,39757,0.0319782,0.09,1,917749,917326,423
80898061,32.0676,29.4379,427,39810,0.0547913,0.11,1,917783,917356,427
80900981,14.027,12.9752,427,39863,0.0639165,0.15,1,917785,917358,427
80903901,19.4108,18.9901,427,39916,0.0675666,0.13,1,917808,917381,427
80906821,20.9643,20.196,428,39969,0.0690266,0.13,1,917830,917402,428
80909741,9.58573,9.27841,428,40022,0.0936107,0.19,1,917832,917404,428
80912661,21.8343,22.3114,427,40075,0.0914443,0.19,1,917862,917435,427
80915581,72.9337,8.92455,534,40128,0.0785777,0.01,1,917969,917435,534
80918501,50.1735,71.3698,456,40181,0.0374311,0.03,1,918004,917548,456
80921421,37.4694,49.5479,450,40234,0.0689724,0.01,1,918033,917583,450
80924341,48.5878,36.6192,478,40286,0.093589,0.11,1,918089,917611,478
80947701,9.93665,20.9638,427,40702,0.218891,0.11,1,918257,917830,427
80950621,21.9747,9.58551,455,40754,0.213556,0.09,1,918287,917832,455
80953541,70.5899,21.8342,528,40806,0.211423,0.07,1,918390,917862,528
80959381,38.5344,50.1735,453,40910,0.0710276,0.09,1,918457,918004,453
80962301,50.2138,37.4694,482,40962,0.034411,0.11,1,918515,918033,482
80965221,35.6855,48.5878,452,41014,0.0317644,0.11,1,918541,918089,452
80968141,31.6742,35.0351,455,41065,0.0307058,0.13,1,918570,918115,455
80971061,29.4697,30.814,455,41116,0.0302823,0.13,1,918598,918143,455
80973981,32.7879,29.1256,462,41167,0.0301129,0.17,1,918633,918171,462
80976901,14.3151,32.6502,429,41218,0.0300452,0.13,1,918635,918206,429
80979821,21.9261,14.2601,454,41269,0.0300181,0.15,1,918662,918208,454
80982741,23.1704,20.104,454,41320,0.0300072,0.19,1,918686,918232,454
80985661,10.4682,21.8416,433,41371,0.0300029,0.25,1,918688,918255,433
80988581,22.1873,9.93665,461,41422,0.0420012,0.21,1,918718,918257,461
80991501,67.6749,21.9747,529,41473,0.0948005,0.21,1,918816,918287,529
81009021,30.7747,31.6742,423,41779,0.238816,0.03,1,918993,918570,423
81011941,29.1099,29.4697,423,41830,0.269526,0.03,1,919021,918598,423
81014861,32.6439,32.7879,423,41880,0.269811,0.03,1,919056,918633,423
81017781,14.2576,14.3151,423,41930,0.269924,0.03,1,919058,918635,423
81020701,21.303,21.9261,422,41980,0.28197,0.03,1,919084,918662,422
81023621,23.5212,23.1704,423,42030,0.262788,0.03,1,919109,918686,423
81026541,10.6085,10.4682,423,42080,0.255115,0.05,1,919111,918688,423
81029461,22.8434,22.1873,424,42130,0.288046,0.13,1,919142,918718,424
81044061,45.7398,44.5917,431,42380,0.403106,0.21,1,919369,918938,431
81046981,34.4959,33.4367,432,42430,0.419243,0.27,1,919396,918964,432
81049901,31.7984,30.7747,433,42480,0.425697,0.29,1,919426,918993,433
81052821,30.1194,29.1099,434,42530,0.440279,0.27,1,919455,919021,434
81111221,24.7592,10.7739,479,43513,0.76066,0.53,2,920025,919546,479
81114141,72.3037,23.5096,551,43561,0.790264,0.59,2,920129,919578,551
81155021,74.3833,24.7592,566,44233,0.789741,0.81,2,920591,920025,566
81157941,50.7533,72.3037,497,44281,0.777897,0.83,2,920626,920129,497
81160861,21.5013,49.3215,465,44329,0.797159,0.83,2,920628,920163,465
81172541,27.0224,37.6034,466,44519,0.902599,0.87,2,920759,920293,466
81175461,29.409,34.2414,465,44566,0.94304,0.87,2,920790,920325,465
81338981,31.4128,35.1569,511,47142,0.922,1,2,922571,922060,511
81353581,24.7498,29.8253,511,47367,0.774033,1,2,922730,922219,511
81449941,31.1726,28.9717,449,48812,0.77309,0.55,2,923668,923219,449
81452861,30.469,29.5887,449,48855,0.795236,0.55,2,923698,923249,449
81496661,32.735,23.9313,496,49500,0.901997,0.79,2,924128,923632,496
81499581,32.294,31.1725,492,49543,0.930799,0.81,2,924160,923668,492
81663101,29.9458,9.91003,552,51869,0.934,1,2,925754,925202,552
81677701,28.1082,31.3024,512,52072,0.94302,1,2,925893,925381,512
81686461,30.9829,31.5234,507,52192,0.784433,1,2,925990,925483,507
81724421,27.7789,31.6765,492,52712,0.756562,0.97,2,926331,925839,492
81727341,27.3115,28.2706,493,52752,0.776625,0.93,2,926358,925865,493
81730261,29.5246,28.1082,496,52792,0.77265,0.83,2,926389,925893,496
81747781,25.0694,30.1829,477,53032,0.772895,0.69,2,926547,926070,477
81750701,20.2278,25.2732,472,53072,0.795158,0.69,2,926564,926092,472
81756541,24.7164,24.0837,478,53152,0.771625,0.71,2,926616,926138,478
81768221,14.4903,21.5445,457,53312,0.915386,0.73,2,926699,926242,457
81771141,24.3961,26.6178,458,53351,0.912154,0.75,2,926730,926272,458
81774061,28.9585,30.4471,457,53390,0.922862,0.77,2,926762,926305,457
81776981,27.7834,27.7789,458,53429,0.939145,0.79,2,926789,926331,458
82009121,179.538,214.696,461,26280,0.2356,0.93,1,929390,928929,461
82032481,137.806,153.871,452,26280,0.058096,0.51,1,929606,929154,452
82058761,76.1225,87.9485,443,26280,0.0532384,0.41,1,929641,929198,443
82061681,45.449,44.1794,453,26361,0.0632954,0.33,1,929666,929213,453
82064601,33.1796,35.6718,448,26441,0.0673181,0.21,1,929691,929243,448
82067521,30.0718,34.6687,442,26521,0.0569273,0.13,1,929719,929277,442
82070441,21.0287,28.8675,432,26601,0.0767709,0.05,1,929734,929302,432
82073361,37.8115,36.747,439,26681,0.0487084,0.09,1,929783,929344,439
82076281,66.7246,42.2988,479,26760,0.0374833,0.03,1,929869,929390,479
82079201,60.2898,67.3195,451,26839,0.0449933,0.05,1,929925,929474,451
82082121,60.7159,68.3278,443,26918,0.0239973,0.03,1,929986,929543,443
82085041,70.4864,65.1311,457,26997,0.0755989,0.07,1,930063,929606,457
82087961,45.5945,62.0524,426,27075,0.0602396,0.07,1,930092,929666,426
82090881,31.4378,39.821,423,27153,0.0780958,0.05,1,930114,929691,423
82093801,29.9751,32.7284,424,27231,0.0612383,0.09,1,930143,929719,424
82096721,20.9901,22.0914,424,27309,0.0664953,0.03,1,930158,929734,424
82099641,36.596,38.2365,422,27387,0.0445981,0.03,1,930205,929783,422
82102561,67.4384,66.8946,424,27464,0.0358393,0.05,1,930293,929869,424
82105481,60.5754,60.3578,424,27541,0.0203357,0.01,1,930349,929925,424
82108401,60.2301,60.7431,423,27618,0.0381343,0.11,1,930409,929986,423
82111321,70.2921,70.4973,423,27695,0.0812537,0.05,1,930486,930063,423
82123001,21.6235,20.9903,425,27999,0.203152,0.03,1,930583,930158,425
82128841,66.8198,67.4385,422,28150,0.0985043,0.01,1,930715,930293,422
82131761,61.5279,60.5754,424,28225,0.0454017,0.05,1,930773,930349,424
82134681,59.4112,60.2302,422,28300,0.0481607,0.11,1,930831,930409,422
82137601,71.7645,70.2921,425,28375,0.0612643,0.11,1,930911,930486,425
82140521,46.7058,28.1168,455,28450,0.0785057,0.13,1,930941,930486,455
82143441,33.6823,29.2467,450,28524,0.0734023,0.13,1,930966,930516,450
82158041,60.5715,66.647,479,28893,0.0684604,0.01,1,931194,930715,479
82160961,59.0286,61.4588,479,28966,0.0453842,0.05,1,931252,930773,479
82163881,73.4114,59.3835,504,29039,0.0841537,0.07,1,931335,930831,504
82210601,61.7243,62.7174,428,30184,0.234955,0.11,1,931990,931562,428
82213521,55.2897,57.487,425,30254,0.231982,0.09,1,932041,931616,425
82216441,57.5159,57.7948,426,30324,0.254793,0.13,1,932100,931674,426
82219361,76.4064,75.3179,428,30394,0.299917,0.13,1,932189,931761,428
82228121,15.21,15.0443,429,30602,0.294475,0.19,1,932250,931821,429
82239801,63.8646,61.7243,434,30878,0.426531,0.23,1,932424,931990,434
82289441,25.7202,15.8069,480,32022,0.761316,0.55,2,933168,932688,480
82292361,21.0881,25.5227,466,32088,0.790526,0.55,2,933186,932720,466
82315721,16.4288,37.7511,460,32612,0.90521,0.75,2,933594,933134,460
82318641,27.5715,16.3005,493,32677,0.920084,0.77,2,933629,933136,493
82321561,21.8286,25.7202,479,32742,0.926034,0.81,2,933647,933168,479
82324481,9.93144,21.0881,463,32807,0.928413,0.87,2,933649,933186,463
82455881,28.3794,10.2565,561,35591,0.945386,1,2,935649,935088,561
82473401,56.1781,56.3072,492,35945,0.914903,1,2,935959,935467,492
82482161,34.9394,29.4277,494,36122,0.785034,1,2,936047,935553,494
82499681,28.0269,31.4083,469,36471,0.797852,0.93,2,936217,935748,469
82508441,54.7137,56.1781,462,36645,0.905223,0.83,2,936421,935959,462
82511361,35.6855,36.8713,461,36703,0.908089,0.77,2,936444,935983,461
82514281,29.2742,30.3485,460,36761,0.909236,0.77,2,936469,936009,460
82517201,35.7097,34.9394,462,36818,0.933694,0.69,2,936509,936047,462
82520121,34.0839,34.3758,461,36875,0.943478,0.73,2,936542,936081,461
82523041,27.4335,30.5503,456,36932,0.935391,0.71,2,936565,936109,456
82525961,21.1734,22.4201,456,36989,0.944156,0.77,2,936582,936126,456
82651521,59.8823,55.9036,485,39371,0.7924,1,2,938312,937827,485
82718681,36.5041,24.5428,492,40585,0.756293,0.55,2,939048,938556,492
82721601,31.4017,32.0171,483,40637,0.776517,0.59,2,939076,938593,483
82730361,43.2897,53.9371,488,40793,0.918737,0.71,2,939257,938769,488
82733281,36.5159,41.9748,486,40845,0.925495,0.67,2,939289,938803,486
82969801,84.3498,98.5283,470,20750,0.282552,0.27,1,942189,941719,470
82987321,83.9676,86.3257,437,21356,0.42667,0.27,1,942572,942135,437
83016521,56.3673,55.1694,446,22329,0.754416,0.51,2,943194,942748,446
83019441,41.7469,40.6677,447,22424,0.763766,0.55,2,943226,942779,447
83022361,32.2988,31.8671,447,22519,0.791507,0.55,2,943252,942805,447
83025281,90.3195,12.7468,576,22613,0.790603,0.59,2,943381,942805,576
83034041,77.5164,66.0718,537,22893,0.903799,0.77,2,943607,943070,537
83036961,58.6066,74.4287,503,22986,0.919519,0.77,2,943653,943150,503
83039881,42.6426,56.1715,491,23078,0.925808,0.77,2,943685,943194,491
83042801,32.6571,41.6686,485,23170,0.928323,0.81,2,943711,943226,485
83130401,44.7061,61.7203,503,25771,0.922,1,2,945594,945091,503
83136241,92.353,28.2352,612,25935,0.40792,1,1,945754,945142,612
83139161,90.9412,87.4941,575,26017,0.205168,1,1,945844,945269,575
83145001,45.0306,58.9991,516,26179,0.0988269,1,1,945920,945404,516
83147921,48.0122,40.3996,538,26260,0.0455307,1,1,945970,945432,538
83150841,55.2049,52.1598,538,26341,0.0842123,1,1,946030,945492,538
83153761,37.082,62.2639,494,26421,0.0516849,0.87,1,946055,945561,494
83156681,32.8328,44.7056,491,26501,0.062674,0.81,1,946085,945594,491
83159601,71.9331,35.8822,559,26581,0.0310696,0.11,1,946183,945624,559
83162521,77.9732,92.3529,511,26661,0.0544278,0.07,1,946265,945754,511
83165441,56.3893,90.9412,463,26740,0.0397711,0.05,1,946307,945844,463
83168361,43.5557,61.5765,456,26819,0.0699085,0.09,1,946342,945886,456
83171281,47.4223,45.0306,472,26898,0.0339634,0.01,1,946392,945920,472
83174201,20.1689,48.0122,424,26977,0.0315854,0.11,1,946394,945970,424
83177121,45.2676,55.2049,426,27056,0.0426341,0.03,1,946456,946030,426
83180041,31.307,37.082,423,27134,0.0830537,0.07,1,946478,946055,423
83182961,32.3228,32.8328,426,27212,0.0632215,0.01,1,946511,946085,426
83185881,69.3291,71.9331,422,27290,0.0552886,0.07,1,946605,946183,422
83188801,76.9316,77.9732,422,27368,0.0401154,0.03,1,946687,946265,422
83191721,55.9727,56.3893,422,27445,0.0460462,0.09,1,946729,946307,422
83194641,43.9891,43.5557,423,27522,0.0604185,0.01,1,946765,946342,423
83197561,48.1956,47.4223,424,27599,0.0301674,0.03,1,946816,946392,424
83200481,20.4782,20.1689,424,27676,0.018067,0.05,1,946818,946394,424
83203401,45.3913,45.2676,424,27753,0.0852268,0.11,1,946880,946456,424
83218001,55.8626,55.9727,422,28132,0.0478263,0.07,1,947151,946729,422
83220921,45.145,43.9891,424,28207,0.0611305,0.01,1,947189,946765,424
83223841,47.458,48.1956,422,28282,0.0424522,0.01,1,947238,946816,422
83226761,20.1832,20.4782,422,28357,0.0349809,0.01,1,947240,946818,422
83229681,47.0733,8.1913,487,28432,0.0799924,0.13,1,947305,946818,487
83232601,31.4293,40.4765,446,28506,0.0859969,0.11,1,947326,946880,446
83261801,33.4955,31.4288,461,29241,0.227226,0.13,1,947787,947326,461
83264721,72.7982,32.9715,526,29313,0.25289,0.21,1,947886,947360,526
83267641,74.7193,70.1886,507,29385,0.263156,0.21,1,947962,947455,507
83270561,50.2877,73.6754,465,29457,0.267262,0.15,1,947996,947531,465
83273481,45.3151,54.0702,466,29529,0.268905,0.07,1,948038,947572,466
83276401,48.126,46.2281,475,29601,0.269562,0.13,1,948088,947613,475
83279321,20.4504,47.2912,429,29673,0.269825,0.13,1,948090,947661,429
83282241,50.1802,20.1165,497,29744,0.28193,0.17,1,948160,947663,497
83285161,33.8721,48.8466,452,29815,0.286772,0.17,1,948183,947731,452
83288081,14.7488,32.7386,432,29886,0.288709,0.27,1,948185,947753,432
83305601,47.2068,48.126,435,30308,0.403789,0.27,1,948523,948088,435
83308521,20.0827,20.4504,435,30378,0.407516,0.29,1,948525,948090,435
83311441,51.2331,50.1802,437,30448,0.445006,0.29,1,948597,948160,437
83355241,75.7818,64.6834,524,31475,0.792973,0.59,2,949284,948760,524
83378601,29.6749,15.2112,493,32009,0.90593,0.73,2,949558,949065,493
83381521,76.0699,28.8845,562,32075,0.944372,0.75,2,949665,949103,562
83539201,69.0763,28.2156,580,35461,0.768688,1,2,952051,951471,580
83547961,42.4609,47.4058,526,35640,0.247196,1,1,952178,951652,526
83562561,18.7055,37.2938,479,35935,0.0748481,0.97,1,952319,951840,479
83565481,39.8822,47.3175,479,35994,0.0599392,0.99,1,952373,951894,479
83568401,32.7529,41.727,469,36053,0.0659757,0.97,1,952401,951932,469
83571321,28.1012,31.6908,469,36112,0.0683903,0.63,1,952426,951957,469
83574241,55.6405,69.0763,449,36171,0.0573561,0.45,1,952500,952051,449
83577161,38.4562,48.6305,441,36229,0.0889424,0.27,1,952527,952086,441
83580081,43.5825,53.6522,431,36287,0.089577,0.15,1,952574,952143,431
83609281,56.1652,55.6405,424,36866,0.200414,0.11,1,952924,952500,424
83612201,38.6661,38.4562,424,36923,0.206165,0.09,1,952951,952527,424
83615121,44.2664,43.5825,425,36980,0.220466,0.13,1,952999,952574,425
83618041,38.7066,37.833,426,37037,0.274186,0.17,1,953034,952608,426
83620961,39.4826,38.5332,427,37094,0.295675,0.11,1,953074,952647,427
83635561,40.7742,17.5287,481,37379,0.406449,0.17,1,953225,952744,481
83638481,30.7097,38.2115,453,37436,0.432579,0.17,1,953249,952796,453
83746521,42.9755,44.1313,457,39470,0.937585,0.73,2,954579,954122,457
83749441,32.7902,32.0525,459,39524,0.933034,0.75,2,954605,954146,459
83752361,30.5161,29.621,460,39577,0.943214,0.85,2,954634,954174,460
83755281,60.8064,59.2484,462,39630,0.935286,0.85,2,954715,954253,462
83904201,34.5739,28.7727,512,42260,0.928,1,2,956538,956026,512
83912961,31.6607,41.6095,496,42410,0.787312,1,2,956625,956129,496
83930481,31.3733,30.9855,490,42709,0.439293,1,1,956861,956371,490
83933401,25.7493,32.7942,478,42758,0.445717,1,1,956883,956405,478
83936321,30.0997,34.7177,475,42807,0.400287,1,1,956916,956441,475
83956761,30.3986,29.0083,486,43150,0.405183,0.67,1,957111,956625,486
83962601,36.7838,49.2813,478,43248,0.440429,0.57,1,957199,956721,478
84041441,24.8998,31.1667,454,44548,0.760923,0.71,2,958007,957553,454
84044361,50.1599,49.6667,459,44595,0.778369,0.75,2,958074,957615,459
84047281,36.864,36.6667,459,44642,0.773348,0.73,2,958102,957643,459
84050201,36.3456,36.8667,458,44689,0.795339,0.71,2,958138,957680,458
84070641,29.6512,30.3997,457,45018,0.909755,0.75,2,958348,957891,457
84073561,25.6605,25.9599,457,45065,0.921902,0.73,2,958371,957914,457
84076481,27.6642,27.184,458,45112,0.926761,0.75,2,958400,957942,458
84079401,29.6657,28.8736,459,45159,0.940704,0.75,2,958431,957972,459
84082321,13.0663,12.7494,459,45206,0.946282,0.77,2,958433,957974,459
84085241,25.0265,24.8998,459,45253,0.948513,0.79,2,958466,958007,459
84096921,41.3159,40.9382,462,45440,0.945354,0.85,2,958644,958182,462
84099841,29.1264,28.3753,463,45486,0.948142,0.89,2,958665,958202,463
84231241,38.9498,44.3853,499,47527,0.922,1,2,960085,959586,499
84291101,294.567,336.03,440,21900,0.274718,0.15,1,960675,960235,440
84296941,101.611,109.565,445,22093,0.0655549,0.03,1,960806,960361,445
84299861,78.4443,78.0259,451,22189,0.032222,0.05,1,960869,960418,451
84302781,93.7777,88.2104,460,22285,0.0188888,0.05,1,960973,960513,460
84305701,71.1111,72.4841,454,22380,0.0495555,0,1,961029,960575,454
84308621,55.4444,60.7937,446,22475,0.0258222,0.09,1,961074,960628,446
84311541,26.9778,37.5175,432,22569,0.0163289,0.03,1,961082,960650,432
84314461,60.5911,30.007,490,22663,0.0725316,0.09,1,961165,960675,490
84317381,62.0364,52.2028,486,22757,0.0290126,0,1,961228,960742,486
84320301,62.0146,59.2811,484,22850,0.029605,0.01,1,961290,960806,484
84323221,89.6058,61.5124,529,22943,0.029842,0.01,1,961398,960869,529
84326141,69.4423,87.005,481,23035,0.0899368,0.07,1,961454,960973,481
84337821,60.3521,60.4177,485,23401,0.0614864,0,1,961650,961165,485
84340741,61.3408,61.9671,484,23492,0.0665946,0.03,1,961712,961228,484
84343661,89.9363,61.9868,531,23582,0.0566378,0.03,1,961821,961290,531
84346581,71.9745,89.5947,483,23672,0.0526551,0.13,1,961881,961398,483
84349501,52.7898,69.4379,467,23762,0.0510621,0.11,1,961921,961454,467
84352421,27.1159,52.3752,436,23851,0.0504248,0.11,1,961931,961495,436
84369941,71.3982,71.9745,424,24380,0.0745201,0.05,1,962305,961881,424
84372861,52.5593,52.7898,424,24467,0.0718081,0.05,1,962345,961921,424
84375781,27.6237,27.1159,425,24554,0.0587232,0.15,1,962356,961931,425
84378701,65.0495,62.4464,429,24640,0.0774893,0.15,1,962446,962017,429
84381621,27.2198,26.1785,429,24726,0.0849957,0.17,1,962448,962019,429
84384541,44.4879,43.4714,430,24812,0.0759983,0.21,1,962504,962074,430
84393301,69.0632,71.3982,423,25067,0.229744,0.07,1,962728,962305,423
84396221,51.6253,52.5593,423,25152,0.229898,0.05,1,962768,962345,423
84399141,26.6501,27.6237,422,25236,0.241959,0.09,1,962778,962356,422
84402061,65.86,65.0495,424,25320,0.294784,0.09,1,962870,962446,424
84413741,87.8748,43.7181,535,25653,0.429898,0.21,1,963100,962565,535
84460461,23.7077,55.4553,453,26945,0.761028,0.67,2,963884,963431,453
84492581,70.4866,68.9532,463,27797,0.947345,0.85,2,964524,964061,463
84580181,25.1579,32.5176,491,29998,0.94,1,2,966015,965524,491
84586021,40.5053,38.3228,490,30139,0.9124,1,2,966128,965638,490
84603541,50.4699,51.4868,484,30558,0.288302,1,1,966457,965973,484
84606461,32.788,34.3947,482,30627,0.229321,0.9,1,966478,965996,482
84626901,54.3756,60.4369,444,31107,0.0961204,0.25,1,966779,966335,444
84650261,44.6017,35.7405,476,31647,0.22059,0.13,1,967108,966632,476
84653181,34.0407,44.8962,452,31714,0.202236,0.09,1,967135,966683,452
84656101,53.8163,35.3585,490,31781,0.206894,0.09,1,967202,966712,490
84659021,70.7265,54.3434,505,31848,0.256758,0.13,1,967284,966779,505
84661941,47.4906,67.9374,460,31914,0.264703,0.15,1,967316,966856,460
84664861,29.1962,46.3749,445,31980,0.279881,0.17,1,967333,966888,445
84667781,21.2785,29.35,443,32046,0.297953,0.11,1,967349,966906,443
84670701,56.5114,21.94,506,32112,0.293181,0.19,1,967429,966923,506
84694061,30.5518,47.4906,453,32635,0.429223,0.29,1,967769,967316,453
84696981,21.8207,29.1962,452,32700,0.417689,0.31,1,967785,967333,452
84699901,56.1283,21.2785,515,32765,0.437076,0.29,1,967864,967349,515
84702821,23.6513,56.5114,437,32830,0.44483,0.31,1,967866,967429,437
84705741,25.0605,37.0046,439,32894,0.447932,0.35,1,967892,967453,439
84749541,56.6525,55.2992,449,33846,0.750825,0.55,2,968522,968073,449
84764141,59.5318,57.0123,452,34156,0.916472,0.63,2,968760,968308,452
84767061,25.0127,24.0049,452,34218,0.936589,0.63,2,968762,968310,452
84769981,26.8051,9.60197,480,34280,0.920636,0.65,2,968790,968310,480
84772901,32.322,20.0408,489,34342,0.926254,0.71,2,968826,968337,489
84933501,41.819,28.7438,529,37576,0.9292,1,2,971134,970605,529
84956861,77.5729,42.4194,579,38024,0.419221,1,1,971465,970886,579
84965621,32.2047,41.6188,495,38190,0.26131,0.98,1,971556,971061,495
84968541,35.6819,31.0475,509,38245,0.266524,0.89,1,971594,971085,509
84971461,29.8727,41.819,486,38300,0.25661,0.81,1,971620,971134,486
84974381,29.9491,35.3276,485,38355,0.252644,0.79,1,971650,971165,485
84977301,27.5796,32.731,480,38410,0.227058,0.63,1,971676,971196,480
84980221,28.4319,31.6924,478,38465,0.240823,0.57,1,971705,971227,478
84983141,30.5727,28.877,483,38520,0.246329,0.57,1,971737,971254,483
84986061,31.4291,31.9508,481,38575,0.260532,0.51,1,971769,971288,481
84988981,13.7716,32.5803,450,38630,0.290213,0.51,1,971771,971321,450
85006501,36.59,35.6819,434,38957,0.404302,0.25,1,972028,971594,434
85009421,30.236,29.8727,434,39011,0.407721,0.25,1,972054,971620,434
85012341,28.8944,29.9491,432,39065,0.409088,0.21,1,972082,971650,432
85021101,30.0012,30.5727,435,39227,0.403222,0.27,1,972172,971737,435
85026941,14.1602,13.7716,437,39335,0.416115,0.35,1,972208,971771,437
85029861,24.8641,24.7087,437,39389,0.424446,0.37,1,972240,971803,437
85073661,48.4874,62.1783,479,40186,0.760056,0.53,2,972816,972337,479
85076581,37.395,44.0713,477,40239,0.778022,0.57,2,972846,972369,477
85079501,34.158,34.4285,481,40291,0.797209,0.57,2,972878,972397,481
85105781,26.3701,14.3656,489,40759,0.902345,0.71,2,973138,972649,489
85108701,72.348,25.5463,559,40811,0.942938,0.77,2,973241,972682,559
85288281,348.471,356.005,517,18980,0.922,1,2,975387,974870,517
85294121,125.475,119.721,513,19925,0.78232,1,2,975526,975013,513
85302881,90.5664,90.3421,525,20242,0.226468,0.97,1,975824,975299,525
85311641,71.5323,40.4859,555,20555,0.073774,0.67,1,975980,975425,555
85314561,91.6129,76.7944,559,20658,0.0715096,0.45,1,976085,975526,559
85317481,93.0452,100.318,537,20761,0.0826038,0.23,1,976179,975642,537
85320401,79.8181,103.127,503,20863,0.0870415,0.13,1,976250,975747,503
85337921,93.1111,93.0133,426,21466,0.243442,0.09,1,976605,976179,426
85340841,81.0445,79.8053,428,21565,0.283377,0.11,1,976678,976250,428
85343761,39.6178,39.7221,427,21663,0.299351,0.11,1,976690,976263,427
85346681,17.0471,17.0888,427,21761,0.28174,0.15,1,976692,976265,427
85349601,39.2188,39.2355,427,21858,0.286696,0.21,1,976746,976319,427
85355441,90.995,90.2777,430,22052,0.419071,0.29,1,976940,976510,430
85393401,73.7365,41.0644,544,23271,0.783333,0.57,2,977728,977184,544
85416761,31.34,73.7365,463,23990,0.901255,0.83,2,978191,977728,463
85419681,77.336,94.2946,463,24078,0.918502,0.83,2,978299,977836,463
85422601,92.7344,99.5178,463,24166,0.937401,0.87,2,978402,977939,463
85510201,53.0947,67.884,513,26671,0.760474,1,2,980114,979601,513
85518961,93.5661,85.0806,567,26908,0.25195,0.96,1,980376,979809,567
85527721,28.0682,40.6052,469,27143,0.0850048,0.97,1,980435,979966,469
85530641,27.4273,34.8421,465,27221,0.0520019,0.79,1,980462,979997,465
85533561,46.3709,51.7368,461,27299,0.0628008,0.69,1,980521,980060,461
85536481,47.9484,53.0947,456,27377,0.0671203,0.53,1,980570,980114,456
85539401,55.1793,59.0379,453,27454,0.0568481,0.41,1,980630,980177,453
85586121,48.1524,24.8077,488,28662,0.212878,0.17,1,981372,980884,488
85589041,48.6609,46.5231,476,28736,0.247151,0.17,1,981421,980945,476
85591961,55.4644,47.4092,488,28810,0.28486,0.21,1,981481,980993,488
85600721,40.1257,82.7382,440,29029,0.414951,0.17,1,981670,981230,440
85603641,28.0503,39.6953,449,29102,0.42398,0.17,1,981690,981241,449
85606561,25.6201,27.8781,453,29175,0.439592,0.19,1,981714,981261,453
85656201,42.0621,40.9459,453,30384,0.783741,0.63,2,982565,982112,453
85659121,28.8248,28.3784,453,30454,0.799496,0.61,2,982585,982132,453
85664961,11.572,11.7405,452,30592,0.784319,0.61,2,982611,982159,452
85667881,19.0288,19.0962,452,30661,0.787728,0.65,2,982635,982183,452
85682481,89.6649,87.1552,460,31005,0.913836,0.81,2,983013,982553,460
85685401,43.066,42.0621,460,31073,0.935534,0.81,2,983025,982565,460
85790521,32.6762,33.5699,504,33436,0.94024,1,2,984611,984107,504
85808041,50.0584,48.912,487,33814,0.284277,1,1,984939,984452,487
85810961,29.0234,35.1648,476,33877,0.251711,1,1,984954,984478,476
85828481,26.8898,30.9082,460,34249,0.091319,0.77,1,985130,984670,460
85831401,37.1559,12.3633,504,34311,0.0545276,0.69,1,985174,984670,504
85834321,65.8624,36.7453,536,34373,0.021811,0.43,1,985259,984723,536
85837241,79.7449,72.8981,528,34435,0.0627244,0.29,1,985348,984820,528
85840161,45.098,84.9593,457,34496,0.0910898,0.21,1,985370,984913,457
85846001,27.3757,28.8335,458,34618,0.0925744,0.15,1,985412,984954,458
85857681,28.9776,30.0565,453,34862,0.23925,0.13,1,985530,985077,453
85860601,25.391,28.2226,449,34923,0.2337,0.07,1,985553,985104,449
85863521,35.9564,26.889,466,34984,0.26748,0.03,1,985596,985130,466
85866441,64.7826,37.1556,506,35044,0.244992,0,1,985680,985174,506
85869361,82.313,65.8623,515,35104,0.259997,0.09,1,985774,985259,515
85872281,47.3252,79.7449,450,35164,0.241999,0.11,1,985798,985348,450
85875201,27.3301,45.098,442,35224,0.234799,0.15,1,985812,985370,442
85878121,26.532,26.4392,454,35284,0.23192,0.07,1,985838,985384,454
85881041,31.0128,27.3757,460,35344,0.230768,0.15,1,985872,985412,460
85883961,29.8051,30.1503,457,35404,0.230307,0.17,1,985901,985444,457
85886881,32.3221,28.8601,463,35464,0.242123,0.17,1,985935,985472,463
85889801,30.9288,28.944,464,35524,0.258849,0.29,1,985965,985501,464
85892721,25.5715,28.9776,457,35584,0.26554,0.23,1,985987,985530,457
85895641,36.6286,25.391,478,35643,0.268216,0.29,1,986031,985553,478
85898561,15.8514,35.9564,437,35702,0.269286,0.23,1,986033,985596,437
85930681,36.7297,36.6286,435,36348,0.428345,0.27,1,986466,986031,435
85933601,15.8919,15.8514,435,36406,0.417338,0.35,1,986468,986033,435
85986161,32.8426,26.2441,484,37438,0.757167,0.59,2,987193,986709,484
85989081,29.937,32.0976,476,37494,0.764867,0.59,2,987221,986745,476
85992001,32.3748,29.6391,482,37550,0.791947,0.57,2,987255,986773,482
86003681,17.0144,37.6948,455,37774,0.917634,0.69,2,987363,986908,455
86183261,164.871,179.869,497,18366,0.413046,1,1,989742,989245,497
86189101,112.419,141.459,506,18597,0.240087,0.86,1,990009,989503,506
86194941,64.1871,89.9535,460,18824,0.205214,0.57,1,990116,989656,460
86197861,41.2748,48.5814,465,18937,0.208086,0.25,1,990142,989677,465
86200781,38.1099,58.4326,436,19049,0.233234,0.25,1,990178,989742,436
86203701,135.244,146.973,430,19160,0.291294,0.19,1,990378,989948,430
86219761,135.691,28.0296,633,19815,0.424797,0.33,1,990811,990178,633
86222681,56.0766,131.212,436,19922,0.427919,0.31,1,990814,990378,436
86257721,29.6706,37.5476,453,21164,0.913587,0.81,2,991504,991051,453
86260641,140.868,138.619,462,21264,0.923435,0.85,2,991719,991257,462
86352621,60.2662,69.7163,490,24251,0.904912,1,2,993751,993261,490
86355541,59.5065,67.4865,483,24338,0.763965,1,2,993810,993327,483
86361381,41.081,38.2778,494,24512,0.442634,1,1,993886,993392,494
86370141,58.1412,63.9138,477,24770,0.0895286,0.84,1,994102,993625,477
86373061,60.4565,68.1655,468,24856,0.0418114,0.91,1,994164,993696,468
86375981,51.1826,60.2662,458,24941,0.0167246,0.67,1,994209,993751,458
86378901,52.273,59.5065,452,25026,0.0246898,0.51,1,994262,993810,452
86381821,39.5092,47.2026,444,25111,0.0278759,0.33,1,994293,993849,444
86384741,32.0037,41.081,434,25195,0.0531504,0.25,1,994320,993886,434
86387661,31.4015,38.6324,428,25279,0.0512601,0.03,1,994351,993923,428
86390581,102.561,107.853,424,25363,0.0205041,0.05,1,994501,994077,424
86393501,55.4242,58.1412,423,25447,0.0262016,0.05,1,994525,994102,423
86396421,58.1697,23.2565,483,25530,0.0524806,0.01,1,994585,994102,483
86399341,50.2679,46.5026,466,25613,0.0389923,0,1,994630,994164,466
86402261,52.5072,45.601,475,25696,0.0935969,0.03,1,994684,994209,475
86411021,33.4325,31.6465,456,25942,0.0964702,0.05,1,994776,994320,456
86413941,100.973,31.2586,571,26024,0.0445881,0,1,994922,994351,571
86416861,54.7892,102.503,445,26105,0.0358352,0.03,1,994946,994501,445
86419781,59.7157,55.4014,484,26186,0.0443341,0.07,1,995009,994525,484
86422701,49.0863,58.1605,466,26267,0.0477336,0.03,1,995051,994585,466
86425621,54.4345,50.2642,479,26348,0.0490935,0.13,1,995109,994630,479
86428541,42.1738,52.5057,459,26428,0.0616374,0.13,1,995143,994684,459
86443141,60.8187,54.7892,487,26826,0.07506,0.05,1,995433,994946,487
86446061,47.7275,59.7157,463,26905,0.048024,0.05,1,995472,995009,463
86448981,20.291,49.0863,423,26984,0.0372096,0.05,1,995474,995051,423
86451901,44.1164,54.4345,425,27062,0.0328838,0.07,1,995534,995109,425
86454821,38.0466,42.1738,425,27140,0.0551535,0.13,1,995568,995143,425
86457741,30.8186,30.6695,428,27218,0.0400614,0.13,1,995594,995166,428
86460661,32.7275,32.6678,428,27296,0.0820246,0.19,1,995628,995200,428
86484021,31.5378,30.8186,424,27911,0.203431,0.11,1,996018,995594,424
86486941,34.2151,32.7275,426,27987,0.207373,0.19,1,996054,995628,426
86489861,101.886,99.491,429,28063,0.256949,0.17,1,996201,995772,429
86492781,54.5544,52.9964,430,28138,0.26478,0.13,1,996224,995794,430
86495701,58.4218,58.3986,429,28213,0.243912,0.19,1,996285,995856,429
86498621,46.7687,46.7594,429,28288,0.271565,0.19,1,996324,995895,429
86501541,19.9075,19.9038,429,28363,0.258626,0.19,1,996326,995897,429
86504461,43.363,7.96151,488,28438,0.24145,0.21,1,996385,995897,488
86507381,38.9452,38.5846,465,28512,0.23458,0.19,1,996421,995956,465
86510301,31.1781,36.4338,456,28586,0.231832,0.21,1,996447,995991,456
86513221,34.6712,30.7735,466,28660,0.218733,0.21,1,996484,996018,466
86524901,47.3996,58.4022,472,28954,0.437648,0.29,1,996757,996285,472
86571621,108.58,107.336,453,30102,0.779563,0.65,2,997526,997073,453
86574541,57.8321,56.7343,454,30172,0.773825,0.67,2,997550,997096,454
86577461,61.5328,60.4937,455,30242,0.78353,0.71,2,997614,997159,455
86589141,39.4568,39.3534,457,30521,0.920586,0.71,2,997756,997299,457
86592061,16.9827,16.9414,457,30590,0.938235,0.71,2,997758,997301,457
86594981,22.3931,22.3765,457,30659,0.933294,0.75,2,997784,997327,457
86720541,34.4246,27.4723,509,33498,0.775934,1,2,999776,999267,509
86740981,31.741,37.086,473,33938,0.0762492,0.93,1,1000125,999652,473
86743901,27.0964,31.6344,469,34000,0.0844997,0.81,1,1000149,999680,469
86746821,21.6386,27.6538,462,34062,0.0757999,0.83,1,1000167,999705,462
86749741,27.8554,32.0615,459,34124,0.0603199,0.73,1,1000199,999740,459
86752661,31.5422,34.4246,457,34186,0.090128,0.25,1,1000233,999776,457
86755581,77.4169,91.1698,436,34248,0.0660512,0.25,1,1000341,999905,436
86758501,57.3667,36.4679,480,34310,0.0444205,0.23,1,1000385,999905,480
86761421,42.1467,40.9872,468,34372,0.0477682,0.29,1,1000417,999949,468
86764341,43.2587,39.1949,474,34434,0.0731073,0.09,1,1000461,999987,474
86767261,32.3035,45.0779,450,34495,0.0952429,0.09,1,1000486,1000036,450
86770181,32.7214,34.2312,456,34556,0.0920972,0.11,1,1000519,1000063,456
86776021,27.3154,31.517,447,34678,0.0999355,0.09,1,1000572,1000125,447
86787701,76.5105,31.5364,529,34922,0.0905424,0.05,1,1000762,1000233,529
86790621,57.6042,77.4146,466,34983,0.0542169,0.03,1,1000807,1000341,466
86793541,43.4417,57.3658,456,35043,0.0636868,0.05,1,1000841,1000385,456
86816901,31.7224,26.6905,461,35523,0.207178,0.13,1,1001081,1000620,461
86819821,75.689,32.2762,530,35583,0.232871,0.07,1,1001186,1000656,530
86822741,56.0756,76.5105,467,35642,0.231148,0.03,1,1001229,1000762,467
86825661,23.6302,57.6042,424,35701,0.230459,0.07,1,1001231,1000807,424
86828581,31.0521,43.4417,426,35760,0.230184,0.17,1,1001267,1000841,426
86843181,26.43,26.5376,431,36055,0.207269,0.17,1,1001428,1000997,431
86846101,21.372,22.0151,430,36114,0.220908,0.17,1,1001446,1001016,430
86849021,27.1488,26.806,431,36173,0.226363,0.23,1,1001477,1001046,431
86851941,33.0595,31.7224,433,36231,0.240545,0.25,1,1001514,1001081,433
86854861,76.8238,75.689,434,36289,0.258218,0.23,1,1001620,1001186,434
86875301,31.6708,30.0749,431,36695,0.441395,0.23,1,1001835,1001404,431
86924941,79.9726,34.8886,557,37661,0.770418,0.57,2,1002505,1001948,557
86927861,57.189,78.7555,491,37717,0.794167,0.55,2,1002547,1002056,491
86945381,35.1848,34.8271,487,38053,0.913538,0.67,2,1002733,1002246,487
86951221,22.6696,28.4923,473,38164,0.905766,0.69,2,1002777,1002304,473
86954141,28.8678,22.1969,488,38219,0.932306,0.71,2,1002810,1002322,488
87094301,27.8888,20.4022,518,40787,0.934,1,2,1004603,1004085,518
87129341,30.3643,31.0552,508,41403,0.43884,1,1,1005056,1004548,508
87138101,25.7513,25.5555,500,41556,0.283206,1,1,1005127,1004627,500
87152701,72.1946,81.109,452,41811,0.283268,0.51,1,1005310,1004858,452
87155621,48.6778,54.0436,449,41861,0.287307,0.47,1,1005343,1004894,449
87158541,41.6711,44.4174,448,41911,0.276923,0.51,1,1005380,1004932,448
87161461,31.0685,37.567,439,41961,0.272769,0.49,1,1005404,1004965,439
87176061,23.3053,22.3783,439,42211,0.404102,0.25,1,1005538,1005099,439
87178981,24.9221,25.7513,437,42261,0.419641,0.35,1,1005564,1005127,437
87181901,21.9689,21.1005,439,42311,0.425856,0.33,1,1005584,1005145,439
87184821,11.7875,12.0402,438,42361,0.440343,0.37,1,1005589,1005151,438
87187741,19.115,19.2161,438,42411,0.434137,0.27,1,1005613,1005175,438
87190661,26.246,27.4864,436,42461,0.443655,0.27,1,1005644,1005208,436
87251981,33.3441,31.756,485,43494,0.773373,0.69,2,1006389,1005904,485
87254901,25.3377,31.9024,473,43543,0.783349,0.69,2,1006409,1005936,473
87275341,75.7117,25.7553,564,43879,0.907491,0.71,2,1006649,1006085,564
87281181,43.0739,50.2009,495,43975,0.916799,0.73,2,1006721,1006226,495
87489961,334.111,360.813,495,20440,0.406,0.92,1,1009006,1008511,495
87498721,80.9991,91.0601,480,21469,0.082384,0.35,1,1009213,1008733,480
87501641,73.7996,88.024,463,21568,0.0629536,0.15,1,1009282,1008819,463
87504561,85.3199,77.8096,485,21666,0.0311814,0.09,1,1009375,1008890,485
87507481,48.5279,71.3238,442,21764,0.0304726,0.03,1,1009399,1008957,442
87510401,36.8112,48.9295,437,21861,0.012189,0.05,1,1009428,1008991,437
87513321,64.5245,77.1718,424,21958,0.0108756,0.09,1,1009511,1009087,424
87516241,64.8098,70.4687,423,22055,0.0343502,0.05,1,1009576,1009153,423
87519161,62.5239,64.1875,424,22151,0.0557401,0.05,1,1009637,1009213,424
87522081,65.8096,67.075,423,22247,0.076296,0.01,1,1009705,1009282,423
87525001,83.3238,82.63,425,22342,0.0725184,0.03,1,1009800,1009375,425
87527921,45.9295,47.452,422,22437,0.0710074,0,1,1009821,1009399,422
87530841,36.3718,36.3808,423,22532,0.0464029,0,1,1009851,1009428,423
87533761,63.1487,14.5523,504,22626,0.0725612,0.01,1,1009932,1009428,504
87536681,65.4595,55.6209,488,22720,0.0590245,0.05,1,1009999,1009511,488
87539601,63.9838,61.2484,486,22813,0.0296098,0.07,1,1010062,1009576,486
87542521,66.3935,61.0993,493,22906,0.0778439,0.09,1,1010130,1009637,493
87545441,82.3574,65.2397,518,22999,0.0731376,0.07,1,1010223,1009705,518
87562961,68.1297,63.9815,494,23546,0.0820167,0.11,1,1010556,1010062,494
87565881,83.0519,66.3926,519,23636,0.0868067,0.07,1,1010649,1010130,519
87580481,50.061,65.0603,431,24081,0.210486,0.05,1,1010853,1010422,431
87583401,53.6244,63.8241,424,24169,0.210194,0.07,1,1010909,1010485,424
87586321,65.2498,68.1297,426,24257,0.210078,0.09,1,1010982,1010556,426
87589241,81.8999,83.0519,426,24344,0.210031,0.13,1,1011075,1010649,426
87592161,46.56,45.8207,428,24431,0.246012,0.15,1,1011098,1010670,428
87595081,37.224,36.3283,429,24518,0.236405,0.19,1,1011129,1010700,429
87598001,67.6896,66.1313,431,24604,0.232562,0.19,1,1011217,1010786,431
87600921,28.2758,27.6525,431,24690,0.255025,0.23,1,1011219,1010788,431
87609681,65.3857,65.2498,432,24947,0.408242,0.21,1,1011414,1010982,432
87650561,55.3863,28.5056,519,26111,0.756456,0.57,2,1012172,1011653,519
87653481,57.5545,53.4022,508,26192,0.776582,0.61,2,1012231,1011723,508
87668081,70.1423,38.536,546,26594,0.913741,0.71,2,1012553,1012007,546
87671001,29.2569,69.4144,458,26674,0.935496,0.71,2,1012555,1012097,458
87673921,57.9028,28.9658,533,26753,0.932199,0.79,2,1012632,1012099,533
87676841,58.5611,55.3863,519,26832,0.930879,0.79,2,1012691,1012172,519
87781961,50.8721,48.1403,530,29539,0.221929,1,1,1014576,1014046,530
87787801,45.5795,73.7025,501,29682,0.0775087,1,1,1014696,1014195,501
87790721,49.4318,46.881,524,29753,0.0730035,1,1,1014748,1014224,524
87793641,38.3727,49.3524,504,29824,0.0712014,0.82,1,1014779,1014275,504
87796561,16.5491,42.541,468,29895,0.0584806,0.87,1,1014781,1014313,468
87799481,24.0196,36.8164,464,29966,0.0653922,0.55,1,1014810,1014346,464
87802401,64.2079,77.1266,451,30037,0.0441569,0.47,1,1014901,1014450,451
87805321,37.0831,46.4506,444,30107,0.0596628,0.43,1,1014920,1014476,444
87808241,38.2333,46.1802,437,30177,0.0778651,0.05,1,1014959,1014522,437
87811161,39.2933,50.8721,423,30247,0.049146,0.05,1,1014999,1014576,423
87814081,72.7173,77.9488,422,30317,0.0496584,0.05,1,1015094,1014672,422
87817001,44.6869,45.5795,424,30387,0.0498634,0.07,1,1015120,1014696,424
87819921,49.6748,49.4318,425,30457,0.0739453,0.07,1,1015173,1014748,425
87834521,36.8303,37.0831,423,30802,0.21116,0.09,1,1015343,1014920,423
87837441,38.7321,38.2333,424,30871,0.222464,0.03,1,1015383,1014959,424
87840361,38.2928,39.2933,422,30940,0.226986,0.05,1,1015421,1014999,422
87843281,72.9171,72.7173,423,31008,0.204794,0.05,1,1015517,1015094,423
87890001,65.6339,23.0711,522,32081,0.20144,0.15,1,1016182,1015660,522
87892921,38.2535,65.0284,449,32147,0.218576,0.17,1,1016202,1015753,449
87895841,41.1014,38.0114,472,32213,0.24943,0.19,1,1016245,1015773,472
87898761,38.0406,40.4045,466,32279,0.273772,0.19,1,1016281,1015815,466
87965921,72.9855,72.9733,449,33753,0.77232,0.57,2,1017264,1016815,449
87968841,43.5942,44.1893,448,33816,0.770928,0.59,2,1017288,1016840,448
87971761,49.8377,49.4757,449,33879,0.782371,0.61,2,1017342,1016893,449
87983441,71.3654,69.801,455,34127,0.934381,0.71,2,1017515,1017060,455
87995121,40.0398,31.9837,498,34375,0.941056,0.71,2,1017627,1017129,498
88132361,31.891,23.7587,514,37155,0.926032,1,2,1019566,1019052,514
88155721,45.0313,71.3969,506,37608,0.446766,0.95,1,1019927,1019421,506
88158641,37.8125,48.3588,506,37664,0.412706,1,1,1019960,1019454,506
88179081,47.2901,38.401,511,38056,0.415861,0.67,1,1020209,1019698,511
88182001,31.5161,50.1604,474,38112,0.436345,0.69,1,1020230,1019756,474
88184921,30.0064,33.8642,480,38167,0.408538,0.57,1,1020259,1019779,480
88187841,60.0026,30.9457,531,38222,0.433415,0.47,1,1020339,1019808,531
88243321,50.7556,50.1324,448,39258,0.774819,0.55,2,1020983,1020535,448
88246241,33.5022,32.6529,449,39312,0.771928,0.55,2,1021005,1020556,449
88249161,14.6009,14.2612,449,39366,0.782771,0.57,2,1021007,1020558,449
88257921,32.2545,30.4807,456,39528,0.926817,0.71,2,1021130,1020674,456
88260841,30.3018,28.9923,457,39581,0.904727,0.73,2,1021159,1020702,457
88263761,60.1207,60.1969,456,39634,0.919891,0.71,2,1021239,1020783,456
88266681,40.8483,41.4788,455,39687,0.949956,0.71,2,1021267,1020812,455
88269601,36.1393,36.3915,455,39740,0.949983,0.71,2,1021300,1020845,455
88272521,26.4557,26.5566,455,39793,0.949993,0.71,2,1021320,1020865,455
88450641,30.7643,36.303,481,42909,0.915644,1,2,1023467,1022986,481
88468161,46.8041,42.9826,517,43203,0.943542,0.95,2,1023700,1023183,517
88476921,30.7155,33.5909,504,43350,0.781587,1,2,1023790,1023286,504
88561601,29.7075,28.6271,449,44739,0.751516,0.47,2,1024695,1024246,449
88564521,30.483,31.8508,446,44786,0.750606,0.51,2,1024726,1024280,446
88567441,28.9932,27.7403,449,44833,0.774242,0.49,2,1024754,1024305,449
88570361,29.5973,29.6961,448,44880,0.783697,0.53,2,1024784,1024336,448
88573281,29.2389,29.2785,448,44927,0.775479,0.51,2,1024813,1024365,448
88576201,26.0956,26.7114,447,44974,0.784191,0.49,2,1024837,1024390,447
88579121,31.4382,30.4846,449,45021,0.775677,0.47,2,1024872,1024423,449
88582041,35.9753,36.1938,448,45068,0.784271,0.57,2,1024911,1024463,448
88584961,31.7901,30.6775,450,45115,0.799708,0.59,2,1024940,1024490,450
88596641,41.0666,39.6797,455,45303,0.906313,0.71,2,1025065,1024610,455
88599561,33.2267,32.6719,455,45350,0.920525,0.75,2,1025093,1024638,455
88830241,34.9979,12.2316,555,48884,0.791928,1,2,1027575,1027020,555
88841921,302.36,363.757,446,21900,0.286308,0.45,1,1028087,1027641,446
88887181,99.6175,99.4811,459,22724,0.0830093,0.09,1,1028224,1027765,459
88890101,69.247,75.7924,448,22817,0.0512037,0.03,1,1028273,1027825,448
88893021,78.6988,81.917,447,22910,0.0204815,0.03,1,1028358,1027911,447
88895941,71.6795,65.1668,460,23003,0.0141926,0.01,1,1028425,1027965,460
88898861,58.0718,67.4667,440,23095,0.035677,0.03,1,1028474,1028034,440
88901781,35.2287,38.3867,441,23187,0.0562708,0.03,1,1028494,1028053,441
88904701,62.6915,35.7547,488,23278,0.0765083,0.03,1,1028575,1028087,488
88907621,68.2766,65.9019,474,23369,0.0966033,0.05,1,1028647,1028173,474
88910541,56.1106,56.9607,471,23460,0.0926413,0.03,1,1028695,1028224,471
88913461,74.0443,52.1843,508,23550,0.0430565,0,1,1028781,1028273,508
88916381,68.6177,71.8737,488,23640,0.0352226,0.01,1,1028846,1028358,488
88919301,58.0471,68.9495,472,23730,0.044089,0.05,1,1028897,1028425,472
88922221,36.4188,56.9798,445,23819,0.0476356,0.07,1,1028919,1028474,445
88930981,54.7948,68.2067,427,24085,0.228889,0.09,1,1029074,1028647,427
88933901,50.1179,56.0827,426,24173,0.289555,0.01,1,1029121,1028695,426
88936821,69.8472,74.0331,423,24261,0.277822,0.03,1,1029204,1028781,423
88939741,66.3389,68.6132,422,24348,0.237129,0.05,1,1029268,1028846,422
88951421,27.3975,25.9869,431,24694,0.250055,0.27,1,1029431,1029000,431
88954341,57.759,54.7948,435,24780,0.238022,0.33,1,1029509,1029074,435
88957261,51.9036,50.1179,436,24866,0.269209,0.27,1,1029557,1029121,436
88960181,68.7614,69.8472,433,24951,0.293683,0.21,1,1029637,1029204,433
88995221,70.5864,36.3019,530,25952,0.400063,0.35,1,1030302,1029772,530
88998141,29.4345,69.1207,441,26034,0.406025,0.35,1,1030304,1029863,441
89001061,58.5738,28.8483,517,26115,0.44441,0.43,1,1030382,1029865,517
89027341,55.2338,58.5738,497,26836,0.76804,0.53,2,1030879,1030382,497
89039021,52.7932,57.2995,455,27150,0.903678,0.67,2,1031080,1030625,455
89041941,35.5173,37.3198,455,27228,0.919471,0.67,2,1031104,1030649,455
89044861,72.4069,72.5279,456,27306,0.937788,0.67,2,1031201,1030745,456
89047781,30.1628,30.2112,456,27384,0.945115,0.73,2,1031203,1030747,456
89179181,40.8365,34.6723,506,30668,0.92896,1,2,1033544,1033038,506
89182101,45.1346,58.8689,479,30737,0.917584,1,2,1033592,1033113,479
89185021,52.2538,44.5476,501,30806,0.793034,1,2,1033649,1033148,501
89199621,48.6301,52.6955,486,31148,0.0958743,0.96,1,1033918,1033432,486
89202541,41.052,44.4782,483,31216,0.0443497,0.97,1,1033954,1033471,483
89205461,33.2208,34.5913,483,31284,0.0357399,0.97,1,1033982,1033499,483
89208381,31.8883,13.8365,514,31352,0.020296,0.9,1,1034013,1033499,514
89211301,37.9553,32.5346,511,31419,0.0261184,0.91,1,1034055,1033544,511
89214221,40.9821,41.8138,506,31486,0.0164474,0.71,1,1034098,1033592,506
89217141,36.7929,50.9255,483,31553,0.0245789,0.61,1,1034132,1033649,483
89220061,44.1171,43.7702,493,31620,0.0158316,0.41,1,1034181,1033688,493
89222981,65.6469,47.5081,523,31687,0.0123326,0.19,1,1034261,1033738,523
89225901,47.2587,76.6032,462,31754,0.0349331,0.01,1,1034296,1033834,462
89228821,48.3035,54.0413,472,31821,0.0199732,0.07,1,1034345,1033873,472
89231741,38.5214,48.6165,459,31887,0.0139893,0.01,1,1034377,1033918,459
89234661,31.0086,41.0466,449,31953,0.0355957,0.03,1,1034403,1033954,449
89237581,31.6034,33.2186,453,32019,0.0142383,0.01,1,1034435,1033982,453
89240501,37.2414,31.8875,463,32085,0.0476953,0.03,1,1034476,1034013,463
89243421,40.6965,37.955,464,32151,0.0250781,0.01,1,1034519,1034055,464
89246341,38.4786,40.982,458,32217,0.0280313,0.03,1,1034556,1034098,458
89249261,42.9914,36.7928,470,32283,0.0652125,0.01,1,1034602,1034132,470
89258021,48.5435,47.2587,471,32479,0.0917736,0.01,1,1034767,1034296,471
89260941,39.2174,48.3035,455,32544,0.0667094,0.01,1,1034800,1034345,455
89263861,30.687,38.5214,448,32609,0.0686838,0.05,1,1034825,1034377,448
89266781,31.4748,31.0086,454,32674,0.0454735,0,1,1034857,1034403,454
89269701,37.1899,31.6034,463,32739,0.0481894,0.07,1,1034898,1034435,463
89272621,16.076,37.2414,424,32804,0.0492758,0.01,1,1034900,1034476,424
89275541,31.6304,40.6965,423,32868,0.0497103,0.03,1,1034942,1034519,423
89278461,34.8522,38.4786,423,32932,0.0198841,0.09,1,1034979,1034556,423
89281381,42.1409,42.9914,424,32996,0.0139536,0.15,1,1035026,1034602,424
89284301,69.0563,66.3966,429,33060,0.0115815,0.13,1,1035113,1034684,429
89287221,45.6225,46.3586,426,33124,0.0106326,0.07,1,1035143,1034717,426
89290141,46.449,48.5435,423,33188,0.046253,0.05,1,1035190,1034767,423
89293061,38.9796,39.2174,424,33252,0.0605012,0.07,1,1035224,1034800,424
89295981,29.9918,30.687,423,33316,0.0782005,0.03,1,1035248,1034825,423
89298901,31.7967,31.4748,424,33379,0.0312802,0.05,1,1035281,1034857,424
89301821,37.3187,37.1899,424,33442,0.0425121,0.05,1,1035322,1034898,424
89304741,16.1275,16.076,424,33505,0.0830048,0.05,1,1035324,1034900,424
89307661,31.651,31.6304,424,33568,0.0752019,0,1,1035366,1034942,424
89310581,33.6604,34.8522,422,33631,0.0720808,0.01,1,1035401,1034979,422
89313501,41.6642,42.1409,422,33694,0.0948323,0.01,1,1035448,1035026,422
89316421,68.8657,69.0563,422,33757,0.0439329,0.01,1,1035535,1035113,422
89319341,46.1463,45.6225,423,33820,0.0355732,0.07,1,1035566,1035143,423
89322261,46.6585,46.449,423,33883,0.0442293,0.07,1,1035613,1035190,423
89325181,40.8634,38.9796,426,33945,0.0716917,0.09,1,1035650,1035224,426
89328101,30.7454,29.9918,426,34007,0.0946767,0,1,1035674,1035248,426
89331021,30.2981,31.7967,423,34069,0.0798707,0.05,1,1035704,1035281,423
89333941,37.9193,37.3187,425,34131,0.0739483,0.11,1,1035747,1035322,425
89336861,16.3677,16.1275,425,34193,0.0715793,0.07,1,1035749,1035324,425
89339781,31.7471,31.651,425,34255,0.0466317,0.07,1,1035791,1035366,425
89342701,33.6988,12.6604,460,34317,0.0486527,0.07,1,1035826,1035366,460
89345621,42.8795,26.0642,474,34379,0.0614611,0.11,1,1035875,1035401,474
89348541,65.7518,38.6257,508,34441,0.0665844,0.01,1,1035956,1035448,508
89351461,44.9007,67.6503,452,34502,0.0806338,0.03,1,1035987,1035535,452
89354381,47.9603,45.6601,471,34563,0.0862535,0.05,1,1036037,1035566,471
89380661,67.0877,42.8794,505,35110,0.237389,0.07,1,1036380,1035875,505
89383581,46.0351,65.7518,456,35170,0.268956,0.09,1,1036412,1035956,456
89386501,50.214,44.9007,478,35230,0.281582,0.09,1,1036465,1035987,478
89389421,42.8856,47.9603,466,35290,0.286633,0.15,1,1036503,1036037,466
89398181,37.7847,28.3175,472,35470,0.415545,0.17,1,1036598,1036126,472
89401101,16.3139,37.127,431,35530,0.436218,0.17,1,1036600,1036169,431
89459501,43.3417,42.8597,451,36701,0.766867,0.57,2,1037390,1036939,451
89462421,33.5367,33.9439,450,36759,0.792747,0.57,2,1037417,1036967,450
89509141,34.1822,17.7806,507,37667,0.901031,0.81,2,1038003,1037496,507
89517901,36.9157,16.258,511,37835,0.907986,0.89,2,1038094,1037583,511
89631781,63.823,71.9673,483,39954,0.9316,1,2,1039621,1039138,483
89637621,40.2117,32.7548,503,40060,0.798256,1,2,1039695,1039192,503
89690181,40.1002,28.255,500,40999,0.763925,0.59,2,1040307,1039807,500
89693101,34.0401,41.302,480,41050,0.77957,0.57,2,1040337,1039857,480
89696021,32.816,32.7208,485,41101,0.797828,0.59,2,1040369,1039884,485
90090221,128.031,144.317,505,22093,0.945997,1,2,1044952,1044447,505
90096061,75.4449,84.7707,498,22285,0.76456,1,2,1045094,1044596,498
90104821,53.5485,53.5933,497,22569,0.416372,1,1,1045273,1044776,497
90113581,77.5871,76.99,543,22850,0.265928,0.83,1,1045495,1044952,543
90116501,62.2348,81.196,511,22943,0.232371,0.69,1,1045547,1045036,511
90119421,69.8939,67.2784,528,23035,0.230948,0.59,1,1045622,1045094,528
90122341,52.5576,74.9114,489,23127,0.242379,0.37,1,1045663,1045174,489
90125261,52.223,60.5645,490,23219,0.210952,0.37,1,1045715,1045225,490
90128181,44.8892,53.0258,482,23310,0.234381,0.33,1,1045755,1045273,482
90131101,75.5557,51.2103,528,23401,0.219752,0.29,1,1045851,1045323,528
90134021,77.6223,76.8841,513,23492,0.237901,0.23,1,1045930,1045417,513
90136941,61.0489,77.5537,485,23582,0.24516,0.21,1,1045980,1045495,485
90139861,67.6196,62.2215,505,23672,0.260064,0.23,1,1046052,1045547,505
90142781,54.0478,69.8886,475,23762,0.278026,0.25,1,1046097,1045622,475
90177821,66.1617,63.462,445,24812,0.754874,0.53,2,1046728,1046283,445
90192421,57.0861,53.902,457,25236,0.911848,0.71,2,1047044,1046587,457
90195341,48.0345,46.7608,457,25320,0.910739,0.71,2,1047086,1046629,457
90198261,20.4138,19.9043,457,25404,0.934296,0.79,2,1047088,1046631,457
90201181,69.3655,66.1617,462,25487,0.943718,0.79,2,1047190,1046728,462
90294621,45.7733,49.4715,483,28025,0.945616,1,2,1048983,1048500,483
90309221,45.9257,42.7696,495,28401,0.750083,1,2,1049270,1048775,495
90317981,57.4192,38.9773,559,28624,0.283445,1,1,1049434,1048875,559
90323821,29.1071,45.1164,501,28772,0.0717512,1,1,1049484,1048983,501
90326741,68.6428,39.6465,560,28846,0.0707005,1,1,1049579,1049019,560
90329661,72.4571,63.8586,555,28919,0.0462802,0.94,1,1049654,1049099,555
90332581,52.9829,77.7434,508,28992,0.0725121,0.81,1,1049694,1049186,508
90335501,38.5931,59.2974,490,29065,0.0710048,0.67,1,1049723,1049233,490
90338421,44.8373,45.919,502,29138,0.0704019,0.49,1,1049772,1049270,502
90353021,66.9689,29.107,518,29499,0.0989001,0.07,1,1050002,1049484,518
90355941,71.1876,68.6428,497,29571,0.06956,0.03,1,1050076,1049579,497
90358861,55.475,72.4571,467,29643,0.069824,0.09,1,1050121,1049654,467
90361781,36.59,52.9828,451,29714,0.0699296,0.07,1,1050145,1049694,451
90364701,45.236,38.5931,473,29785,0.0819718,0.07,1,1050196,1049723,473
90367621,19.2944,44.8373,426,29856,0.0867887,0.17,1,1050198,1049772,426
90390981,36.5126,36.59,425,30419,0.204868,0.09,1,1050570,1050145,425
90393901,45.805,45.236,426,30489,0.243947,0.09,1,1050622,1050196,426
90396821,19.522,19.2944,426,30558,0.259579,0.17,1,1050624,1050198,426
90399741,31.8088,30.5178,428,30627,0.265832,0.13,1,1050664,1050236,428
90408501,25.5798,24.8971,429,30834,0.404133,0.09,1,1050763,1050334,429
90411421,64.8319,65.7589,427,30903,0.431653,0.17,1,1050854,1050427,427
90487341,32.5297,20.756,494,32635,0.761514,0.65,2,1052001,1051507,494
90490261,48.4119,32.9024,512,32700,0.790606,0.63,2,1052060,1051548,512
90493181,36.1647,48.561,481,32765,0.778242,0.67,2,1052088,1051607,481
90496101,15.6659,35.0244,457,32830,0.797297,0.73,2,1052090,1051633,457
90507781,60.3818,60.9398,458,33086,0.905195,0.75,2,1052335,1051877,458
90510701,39.1527,38.7759,459,33150,0.920078,0.75,2,1052360,1051901,459
90653781,35.3282,37.5325,484,36143,0.92728,1,2,1054421,1053937,484
90656701,35.7313,37.213,483,36201,0.784912,1,2,1054457,1053974,483
90665461,34.1348,34.7576,494,36375,0.413834,1,1,1054569,1054075,494
90668381,35.2539,33.1031,498,36433,0.291534,1,1,1054605,1054107,498
90677141,58.3923,59.0706,482,36607,0.0611382,1,1,1054766,1054284,482
90680061,40.7569,44.6282,476,36665,0.0304553,0.93,1,1054795,1054319,476
90682981,36.7028,37.0513,478,36723,0.0421821,1,1,1054829,1054351,478
90685901,32.6811,35.8205,473,36781,0.0468728,0.89,1,1054859,1054386,473
90688821,28.0724,35.3282,463,36838,0.0967491,0.69,1,1054884,1054421,463
90691741,29.229,35.7313,457,36895,0.0926997,0.55,1,1054914,1054457,457
90709261,38.7044,17.8806,464,37237,0.0868315,0.09,1,1055120,1054656,464
90712181,56.8818,31.7523,492,37294,0.0407326,0.03,1,1055189,1054697,492
90715101,38.9527,54.1009,450,37351,0.034293,0.01,1,1055216,1054766,450
90718021,36.5811,39.0404,456,37408,0.0677172,0.05,1,1055251,1054795,456
90720941,33.8324,36.0161,454,37464,0.0810869,0.05,1,1055283,1054829,454
90723861,29.133,32.4065,450,37520,0.0624348,0.13,1,1055309,1054859,450
90726781,30.2532,27.9626,456,37576,0.0789739,0.09,1,1055340,1054884,456
90729701,32.5013,29.185,460,37632,0.0975896,0.11,1,1055374,1054914,460
90779341,36.2043,36.6016,467,38575,0.20027,0.17,1,1055973,1055506,467
90782261,15.6817,36.8407,432,38630,0.218108,0.15,1,1055975,1055543,432
90785181,45.2727,55.5363,429,38685,0.249243,0.15,1,1056040,1055611,429
90788101,32.5091,37.8145,427,38740,0.285697,0.11,1,1056064,1055637,427
90791021,35.2036,37.3258,427,38795,0.288279,0.13,1,1056101,1055674,427
90793941,35.6815,35.3303,429,38849,0.265312,0.17,1,1056137,1055708,429
90796861,28.6726,29.1321,428,38903,0.256125,0.19,1,1056161,1055733,428
90799781,31.869,31.4529,429,38957,0.22845,0.19,1,1056195,1055766,429
90802701,34.3476,32.9811,431,39011,0.27738,0.15,1,1056231,1055800,431
90828981,34.7539,35.2036,434,39497,0.429873,0.25,1,1056535,1056101,434
90831901,34.3016,35.6815,432,39550,0.429949,0.25,1,1056569,1056137,432
90834821,28.1206,28.6726,432,39603,0.42998,0.21,1,1056593,1056161,432
90837741,31.6482,31.869,432,39656,0.441992,0.31,1,1056627,1056195,432
90890301,41.4693,33.2605,497,40603,0.768299,0.69,2,1057259,1056762,497
90893221,40.5877,39.7042,493,40655,0.79332,0.65,2,1057299,1056806,493
90916581,38.9531,32.3591,499,41070,0.909683,0.71,2,1057569,1057070,499
90922421,30.7125,37.4575,483,41172,0.905149,0.71,2,1057632,1057149,483
90925341,35.685,31.183,495,41223,0.92006,0.75,2,1057671,1057176,495
91068421,35.9972,39.8736,509,43661,0.928,1,2,1059359,1058850,509
91071341,29.9989,35.1494,503,43709,0.9352,1,2,1059385,1058882,503
91074261,29.3995,24.8598,514,43757,0.94408,1,2,1059414,1058900,514
91077181,31.5598,28.5439,516,43805,0.947632,1,2,1059447,1058931,516
91085941,27.2678,31.1788,513,43949,0.784728,1,2,1059530,1059017,513
91100541,46.028,34.2025,531,44189,0.254957,1,1,1059734,1059203,531
91103461,37.6112,49.081,504,44237,0.203983,1,1,1059766,1059262,504
91112221,28.1591,35.9972,496,44381,0.0790549,0.94,1,1059855,1059359,496
91115141,28.6636,29.9989,499,44429,0.085622,0.95,1,1059884,1059385,499
91118061,16.2655,29.3995,478,44476,0.0882488,0.95,1,1059892,1059414,478
91153101,30.9066,32.8978,426,45040,0.204126,0.05,1,1060256,1059830,426
91158941,28.3451,28.6636,426,45134,0.21146,0.09,1,1060310,1059884,426
91161861,16.138,16.2655,426,45181,0.222584,0.11,1,1060318,1059892,426
91164781,21.4552,20.9062,427,45228,0.227034,0.11,1,1060343,1059916,427
91167701,21.7821,22.1625,426,45275,0.252813,0.13,1,1060365,1059939,426
91170621,25.5128,24.465,428,45322,0.299125,0.19,1,1060393,1059965,428
91173541,23.4051,23.586,427,45369,0.29365,0.15,1,1060415,1059988,427
91193981,31.8649,30.7664,431,45691,0.437088,0.23,1,1060656,1060225,431
91275741,46.6075,29.8547,502,46966,0.771809,0.49,2,1061480,1060978,502
91278661,39.043,46.1419,479,47011,0.782723,0.47,2,1061514,1061035,479
91281581,34.8172,38.8568,477,47056,0.787089,0.51,2,1061546,1061069,477
91307861,18.0217,23.5781,456,47459,0.903102,0.71,2,1061752,1061296,456
91310781,24.6087,26.2312,457,47503,0.931241,0.73,2,1061781,1061324,457
91313701,34.4435,34.4925,458,47547,0.930496,0.75,2,1061822,1061364,458
91316621,32.3774,31.797,459,47591,0.942199,0.75,2,1061853,1061394,459
91319541,29.751,29.5188,459,47635,0.922879,0.79,2,1061881,1061422,459
91322461,47.9004,46.6075,461,47679,0.915152,0.79,2,1061941,1061480,461
91325381,39.5602,39.043,461,47723,0.912061,0.79,2,1061975,1061514,461
91328301,35.0241,34.8172,461,47767,0.934824,0.83,2,1062007,1061546,461
91331221,36.8096,35.5269,463,47811,0.93193,0.81,2,1062045,1061582,463
91334141,29.1238,29.2108,462,47855,0.918772,0.83,2,1062069,1061607,462
91497661,26.5151,24.9702,515,50261,0.904954,1,2,1063707,1063192,515
91503501,33.1624,26.5552,528,50345,0.940393,1,2,1063775,1063247,528
91515181,35.2842,36.7134,495,50513,0.944858,1,2,1063885,1063390,495
91518101,24.3137,33.8854,480,50555,0.923943,1,2,1063902,1063422,480
91523941,33.5302,32.3017,484,50639,0.926631,1,2,1063970,1063486,484
91529781,27.5648,29.8883,475,50723,0.927061,0.96,2,1064022,1063547,475
91532701,26.0259,27.5553,474,50765,0.928824,1,2,1064047,1063573,474
91535621,26.0104,26.6221,474,50806,0.92953,1,2,1064073,1063599,474
91538541,29.0041,28.0488,476,50847,0.941812,1,2,1064104,1063628,476
91541461,29.0017,29.2195,475,50888,0.946725,0.93,2,1064133,1063658,475
91748781,349.025,350.443,527,24820,0.766,0.94,2,1066385,1065858,527
91788201,95.6096,105.972,471,24990,0.073744,0.61,1,1066771,1066300,471
91791121,56.2438,63.9889,465,25075,0.0474976,0.59,1,1066801,1066336,465
91794041,41.6975,44.7956,465,25160,0.036999,0.53,1,1066833,1066368,465
91796961,34.679,37.7182,462,25244,0.0327996,0.33,1,1066863,1066401,462
91799881,55.8716,54.6873,466,25328,0.0191198,0.15,1,1066933,1066467,466
91802801,55.9486,53.6749,469,25412,0.0616479,0.15,1,1066989,1066520,469
91805721,61.9795,64.67,463,25495,0.0546592,0.07,1,1067055,1066592,463
91808641,72.7918,70.868,468,25578,0.0398637,0,1,1067135,1066667,468
91811561,64.5167,55.3472,482,25661,0.0699455,0.03,1,1067194,1066712,482
91814481,44.4067,57.5389,454,25744,0.0339782,0.03,1,1067225,1066771,454
91817401,36.3627,41.0155,455,25826,0.0675913,0.03,1,1067256,1066801,455
91820321,31.9451,35.6062,452,25908,0.0450365,0.03,1,1067285,1066833,452
91823241,55.378,32.2425,493,25990,0.0840146,0.01,1,1067356,1066863,493
91832001,71.4402,61.8235,502,26234,0.0790569,0.03,1,1067557,1067055,502
91834921,64.5761,72.7294,482,26315,0.0736228,0.09,1,1067617,1067135,482
91837841,43.8304,64.4918,453,26396,0.0594491,0.01,1,1067647,1067194,453
91840761,37.9322,44.3967,456,26476,0.0417796,0.09,1,1067681,1067225,456
91843681,31.3729,36.3587,452,26556,0.0227119,0.03,1,1067708,1067256,452
91846601,56.9491,31.9435,497,26636,0.0510847,0.11,1,1067782,1067285,497
91849521,57.5797,55.3774,484,26716,0.0864339,0.13,1,1067840,1067356,484
91867041,35.0856,37.9322,423,27188,0.202052,0.01,1,1068104,1067681,423
91869961,30.8342,31.3729,424,27266,0.206821,0.07,1,1068132,1067708,424
91872881,57.3337,56.9491,425,27344,0.256728,0.11,1,1068207,1067782,425
91875801,58.9335,57.5797,427,27421,0.264691,0.13,1,1068267,1067840,427
91878721,64.3734,63.2319,428,27498,0.291877,0.17,1,1068335,1067907,428
91890401,35.2,35.2139,431,27805,0.427328,0.21,1,1068500,1068069,431
91945881,36.3461,36.2332,484,29219,0.770079,0.55,2,1069427,1068943,484
91948801,32.5384,36.0933,478,29291,0.782032,0.57,2,1069457,1068979,478
91951721,61.6154,33.0373,528,29363,0.774813,0.61,2,1069538,1069010,528
91975081,28.6643,36.3461,461,29935,0.924575,0.79,2,1069888,1069427,461
91978001,29.4657,32.5384,461,30006,0.91583,0.77,2,1069918,1069457,461
91980921,59.7863,61.6154,460,30077,0.924332,0.83,2,1069998,1069538,460
92071441,57.0938,57.823,535,32186,0.94216,1,2,1071475,1070940,535
92080201,55.926,79.5887,514,32383,0.403738,1,1,1071688,1071174,514
92086041,32.9482,39.4942,507,32513,0.224198,1,1,1071743,1071236,507
92094801,26.9007,29.2156,506,32708,0.0426687,0.96,1,1071825,1071319,506
92097721,25.7603,29.0863,502,32773,0.0950675,1,1,1071850,1071348,502
92100641,31.9041,51.2345,472,32838,0.044027,0.91,1,1071886,1071414,472
92103561,46.9616,57.0938,468,32902,0.0596108,0.59,1,1071943,1071475,468
92106481,68.5847,84.0375,449,32966,0.0898443,0.37,1,1072026,1071577,449
92124001,24.9836,29.7517,422,33350,0.208152,0,1,1072222,1071800,422
92141521,64.2874,63.4339,426,33728,0.20866,0.21,1,1072512,1072086,426
92147361,32.966,31.8694,430,33854,0.204986,0.15,1,1072575,1072145,430
92150281,31.1864,30.1478,431,33916,0.231994,0.19,1,1072605,1072174,431
92153201,26.8746,26.4591,431,33978,0.254798,0.23,1,1072629,1072198,431
92156121,25.1498,24.9836,431,34040,0.251919,0.19,1,1072653,1072222,431
92159041,24.4599,25.5935,429,34102,0.274768,0.15,1,1072677,1072248,429
92161961,25.384,27.0374,427,34164,0.283907,0.09,1,1072703,1072276,427
92167801,47.8614,12.246,485,34288,0.286625,0.13,1,1072794,1072309,485
92170721,70.7446,39.6984,513,34350,0.27665,0.21,1,1072880,1072367,513
92173641,65.4978,66.2794,491,34412,0.27266,0.23,1,1072942,1072451,491
92176561,51.3991,63.1117,472,34473,0.271064,0.19,1,1072984,1072512,472
92179481,33.7597,50.4447,452,34534,0.282426,0.21,1,1073006,1072554,452
92194081,26.0065,24.4551,461,34839,0.412591,0.29,1,1073138,1072677,461
92197001,28.4026,25.382,465,34900,0.423036,0.33,1,1073168,1072703,465
92252481,29.3537,29.7942,451,36033,0.757142,0.59,2,1073953,1073502,451
92255401,26.7415,26.3177,452,36092,0.752857,0.59,2,1073978,1073526,452
92258321,26.2966,26.7271,451,36151,0.751143,0.57,2,1074004,1073553,451
92261241,26.1186,26.8908,450,36209,0.774457,0.57,2,1074030,1073580,450
92264161,28.4475,28.7563,450,36267,0.795783,0.59,2,1074060,1073610,450
92275841,51.4211,50.5026,455,36499,0.920516,0.71,2,1074281,1073826,455
92421841,43.5508,50.2129,481,39289,0.79384,1,2,1076218,1075737,481
92424761,34.8203,35.6851,484,39343,0.791536,1,2,1076247,1075763,484
92462721,33.1776,34.8203,457,40035,0.753823,0.61,2,1076704,1076247,457
92465641,32.471,33.7281,456,40088,0.763529,0.61,2,1076736,1076280,456
92468561,34.5884,13.4912,492,40141,0.779412,0.59,2,1076772,1076280,492
92486081,42.662,17.121,513,40455,0.766202,0.67,2,1076946,1076433,513
92506521,36.5259,32.4709,496,40819,0.91224,0.79,2,1077232,1076736,496
92509441,30.2104,34.5884,486,40871,0.922896,0.73,2,1077258,1076772,486
92709461,140.107,138.158,497,19925,0.274164,0.63,1,1080074,1079577,497
92712381,95.6427,103.863,482,20031,0.271666,0.49,1,1080140,1079658,482
92715301,80.2571,81.1452,486,20137,0.282666,0.39,1,1080210,1079724,486
92718221,50.1028,68.4581,456,20242,0.299067,0.25,1,1080240,1079784,456
92724061,88.4165,56.0733,525,20451,0.445051,0.17,1,1080437,1079912,525
92759101,83.7076,83.7472,449,21663,0.767148,0.55,2,1081234,1080785,449
92762021,34.6831,34.6989,449,21761,0.780859,0.65,2,1081236,1080787,449
92788301,74.28,29.3093,537,22623,0.929839,0.85,2,1081872,1081335,537
92878821,49.2762,51.1632,480,25366,0.927635,0.99,2,1083820,1083340,480
92983941,57.7068,53.2238,492,28215,0.92512,1,2,1085841,1085349,492
92995621,50.1061,59.0297,509,28514,0.279283,1,1,1086033,1085524,509
93001461,73.177,57.3248,554,28662,0.0626853,1,1,1086180,1085626,554
93004381,50.8708,64.3299,521,28736,0.0430741,0.97,1,1086216,1085695,521
93007301,37.7483,52.132,506,28810,0.0592296,1,1,1086245,1085739,506
93010221,50.4993,40.6528,532,28883,0.0656919,0.88,1,1086304,1085772,532
93013141,38.7997,57.6611,494,28956,0.0562767,0.75,1,1086335,1085841,494
93016061,34.7199,45.2644,489,29029,0.0765107,0.65,1,1086367,1085878,489
93018981,47.488,40.9058,507,29102,0.0726043,0.31,1,1086423,1085916,507
93021901,42.3952,60.7623,472,29175,0.0590417,0.15,1,1086462,1085990,472
93024821,52.3581,50.1049,488,29248,0.0776167,0.05,1,1086521,1086033,488
93027741,68.9432,58.442,504,29320,0.0610467,0.01,1,1086601,1086097,504
93030661,49.7773,73.1768,458,29392,0.0664187,0.03,1,1086638,1086180,458
93033581,37.3109,50.8707,451,29464,0.0685675,0.07,1,1086667,1086216,451
93036501,50.9244,37.7483,482,29536,0.033427,0.07,1,1086727,1086245,482
93039421,38.9697,50.4993,454,29608,0.0433708,0.05,1,1086758,1086304,454
93042341,34.7879,38.7997,455,29679,0.0473483,0.09,1,1086790,1086335,455
93045261,48.7152,34.7199,481,29750,0.0729393,0.07,1,1086848,1086367,481
93056941,64.5399,68.9432,426,30034,0.222139,0.07,1,1087027,1086601,426
93059861,47.416,49.7773,425,30104,0.226856,0.07,1,1087063,1086638,425
93062781,35.7664,37.3109,424,30174,0.204742,0.01,1,1087091,1086667,424
93071541,35.577,34.7879,425,30384,0.201024,0.09,1,1087215,1086790,425
93074461,50.2308,48.7152,427,30454,0.218409,0.13,1,1087275,1086848,427
93077381,42.8923,41.6861,428,30523,0.225364,0.13,1,1087313,1086885,428
93080301,18.3569,17.8744,428,30592,0.228146,0.17,1,1087315,1086887,428
93083221,46.3428,44.3498,431,30661,0.217258,0.27,1,1087380,1086949,431
93086141,67.7371,64.5399,435,30730,0.248903,0.23,1,1087462,1087027,435
93089061,47.4948,47.416,433,30799,0.261561,0.19,1,1087496,1087063,433
93091981,33.9979,35.7664,430,30868,0.254625,0.17,1,1087521,1087091,430
93094901,48.3992,49.1066,430,30937,0.26385,0.19,1,1087579,1087149,430
93115341,69.0492,41.9371,514,31413,0.441666,0.27,1,1087894,1087380,514
93170821,47.292,18.7709,518,32668,0.772565,0.63,2,1088703,1088185,518
93185421,47.8708,49.9913,459,32990,0.913412,0.75,2,1088918,1088459,459
93188341,41.9483,42.7965,459,33054,0.923365,0.71,2,1088956,1088497,459
93346021,22.7876,28.3457,464,36348,0.402266,0.85,1,1091215,1090751,464
93348941,27.715,31.1383,462,36406,0.418906,0.79,1,1091246,1090784,462
93351861,29.086,32.2553,459,36464,0.401563,0.65,1,1091276,1090817,459
93354781,42.8344,44.7021,458,36522,0.406625,0.63,1,1091328,1090870,458
93357701,42.3338,44.2809,456,36580,0.44465,0.61,1,1091370,1090914,456
93360621,37.9335,43.5123,448,36638,0.42386,0.49,1,1091405,1090957,448
93430701,38.9361,44.2869,484,37998,0.770351,0.61,2,1092296,1091812,484
93433621,44.9744,36.9147,501,38054,0.782141,0.65,2,1092345,1091844,501
93454061,28.2586,24.2236,487,38440,0.917032,0.73,2,1092590,1092103,487
93456981,28.1034,27.6894,485,38495,0.924813,0.73,2,1092618,1092133,485
93459901,42.4414,27.8758,509,38550,0.927925,0.73,2,1092670,1092161,509
93759201,321.525,363.848,451,18980,0.412581,0.47,1,1096314,1095863,451
93762121,194.01,196.539,475,19818,0.279033,0.31,1,1096423,1095948,475
93765041,108.804,126.016,448,19925,0.225613,0.25,1,1096475,1096027,448
93767961,95.7216,87.6063,473,20031,0.228245,0.19,1,1096562,1096089,473
93770881,83.2886,86.0425,463,20137,0.229298,0.13,1,1096637,1096174,463
93773801,59.7155,72.217,444,20242,0.241719,0.13,1,1096681,1096237,444
93776721,52.6862,52.8868,452,20347,0.282688,0.15,1,1096729,1096277,452
93782561,70.1098,82.7419,482,20555,0.40643,0.19,1,1096905,1096423,482
93823441,66.744,67.688,449,21955,0.7562,0.61,2,1097799,1097350,449
93826361,83.6976,82.2752,452,22052,0.78848,0.59,2,1097894,1097442,452
93946081,50.1862,51.9134,519,25699,0.94,1,2,1100446,1099927,519
93960681,48.1568,64.5175,511,26108,0.260618,1,1,1100748,1100237,511
93963601,67.2627,54.007,544,26189,0.242247,1,1,1100828,1100284,544
93966521,47.3051,65.4028,505,26270,0.222899,1,1,1100862,1100357,505
93969441,50.722,48.9611,520,26351,0.25116,0.9,1,1100915,1100395,520
93972361,42.4888,50.1844,506,26431,0.250464,0.85,1,1100952,1100446,506
93975281,73.3955,42.8738,562,26511,0.274186,0.59,1,1101046,1100484,562
93984041,41.5853,66.3919,467,26750,0.292348,0.19,1,1101179,1100712,467
93986961,64.0341,48.1568,510,26829,0.290939,0.23,1,1101258,1100748,510
94007401,63.3943,63.4633,438,27377,0.414185,0.27,1,1101590,1101152,438
94010321,40.3577,41.5853,436,27454,0.411674,0.29,1,1101615,1101179,436
94054121,73.9687,35.9543,543,28588,0.776006,0.55,2,1102366,1101823,543
94071641,20.837,47.6431,458,29029,0.901894,0.75,2,1102635,1102177,458
94074561,39.5348,20.2572,508,29102,0.906758,0.71,2,1102687,1102179,508
94077481,38.6139,39.3029,494,29175,0.920703,0.73,2,1102725,1102231,494
94200121,45.2701,59.6374,513,32079,0.938032,1,2,1104778,1104265,513
94208881,76.1693,49.5128,564,32277,0.413554,1,1,1104984,1104420,564
94211801,52.6677,69.0051,519,32343,0.231422,1,1,1105021,1104502,519
94217641,38.3068,44.2808,514,32473,0.0718275,0.95,1,1105093,1104579,514
94220561,34.5227,35.1123,517,32538,0.058731,1,1,1105125,1104608,517
94223481,30.6091,30.8449,517,32603,0.0414924,1,1,1105153,1104636,517
94226401,45.8436,30.938,542,32668,0.034597,0.97,1,1105209,1104667,542
94229321,38.1375,56.1752,502,32733,0.0318388,0.91,1,1105242,1104740,502
94232241,16.455,45.2701,466,32798,0.0307355,0.77,1,1105244,1104778,466
94235161,45.582,61.308,459,32862,0.0302942,0.59,1,1105309,1104850,459
94238081,35.6328,47.9232,449,32926,0.0421177,0.23,1,1105338,1104889,449
94241001,58.0531,76.1693,427,32990,0.0588471,0.11,1,1105411,1104984,427
94243921,42.4212,52.6677,422,33054,0.0775388,0.07,1,1105443,1105021,422
94246841,39.7685,43.2671,423,33118,0.0310155,0.03,1,1105481,1105058,423
94249761,37.5074,38.3068,424,33182,0.0184062,0.05,1,1105517,1105093,424
94252681,37.203,34.5227,429,33246,0.0253625,0.03,1,1105554,1105125,429
94255601,29.2812,30.6091,425,33310,0.028145,0.03,1,1105578,1105153,425
94258521,44.1125,45.8436,423,33373,0.029258,0.03,1,1105632,1105209,423
94261441,36.845,38.1375,422,33436,0.0297032,0.03,1,1105664,1105242,422
94264361,15.938,16.455,422,33499,0.0298813,0.03,1,1105666,1105244,422
94267281,45.3752,45.582,422,33562,0.0299525,0.05,1,1105731,1105309,422
94270201,35.5501,35.6328,422,33625,0.017981,0.07,1,1105760,1105338,422
94273121,58.02,58.0531,422,33688,0.0491924,0.09,1,1105833,1105411,422
94278961,40.3632,39.7685,423,33814,0.0618708,0.01,1,1105904,1105481,423
94281881,37.1453,37.5074,422,33877,0.0307483,0.03,1,1105939,1105517,422
94284801,37.6581,37.203,423,33939,0.0422993,0.03,1,1105977,1105554,423
94287721,28.8632,29.2812,422,34001,0.0229197,0.03,1,1106000,1105578,422
94290641,43.9453,44.1125,422,34063,0.0271679,0.03,1,1106054,1105632,422
94293561,36.7781,36.845,422,34125,0.0288672,0.03,1,1106086,1105664,422
94296481,15.9112,15.938,422,34187,0.0295469,0.03,1,1106088,1105666,422
94299401,45.3645,45.3752,422,34249,0.0538187,0.03,1,1106153,1105731,422
94302321,34.9458,18.1501,450,34311,0.0275275,0.01,1,1106181,1105731,450
94305241,58.3783,24.66,495,34373,0.077011,0.07,1,1106255,1105760,495
94316921,37.2833,36.8665,459,34618,0.0655715,0.05,1,1106398,1105939,459
94319841,28.7133,37.5466,444,34679,0.0322286,0.01,1,1106421,1105977,444
94322761,43.8853,28.8186,475,34740,0.0548914,0.03,1,1106475,1106000,475
94325681,36.7541,43.9275,453,34801,0.0519566,0.03,1,1106507,1106054,453
94328601,15.9017,36.771,423,34862,0.0507826,0.03,1,1106509,1106086,423
94331521,45.3607,15.9084,486,34923,0.038313,0.07,1,1106574,1106088,486
94334441,34.9443,45.3634,449,34984,0.0213252,0.01,1,1106602,1106153,449
94337361,61.3777,34.9453,500,35044,0.0385301,0.11,1,1106681,1106181,500
94340281,47.9511,58.3781,465,35104,0.057412,0.15,1,1106720,1106255,465
94343201,38.9804,45.5513,461,35164,0.0649648,0.19,1,1106753,1106292,461
94349041,36.3569,36.2082,460,35284,0.0475944,0.03,1,1106820,1106360,460
94351961,28.3427,37.2833,445,35344,0.0250377,0.01,1,1106843,1106398,445
94354881,43.7371,28.7133,476,35404,0.0280151,0.07,1,1106897,1106421,476
94357801,36.0948,43.8853,453,35464,0.029206,0.05,1,1106928,1106475,453
94360721,15.6379,36.7541,423,35524,0.0296824,0.05,1,1106930,1106507,423
94363641,46.4552,15.9017,488,35584,0.017873,0.03,1,1106997,1106509,488
94366561,34.1821,45.3607,449,35643,0.0371492,0.01,1,1107023,1106574,449
94369481,14.8728,34.9443,423,35702,0.0448597,0.05,1,1107025,1106602,423
94372401,53.9491,61.3777,424,35761,0.0599439,0.07,1,1107105,1106681,424
94375321,45.5797,47.9511,425,35820,0.0779775,0.07,1,1107145,1106720,425
94378241,39.2319,38.9804,427,35879,0.073191,0.13,1,1107180,1106753,427
94381161,33.0927,32.3922,428,35938,0.0712764,0.01,1,1107209,1106781,428
94384081,34.2371,36.3569,424,35997,0.0345106,0.01,1,1107244,1106820,424
94387001,26.8948,28.3427,423,36056,0.0438042,0.03,1,1107266,1106843,423
94389921,43.1579,43.7371,423,36115,0.0355217,0.03,1,1107320,1106897,423
94392841,35.2632,36.0948,422,36174,0.0322087,0.03,1,1107350,1106928,422
94395761,15.3053,15.6379,422,36232,0.0308835,0.01,1,1107352,1106930,422
94398681,47.5221,46.4552,424,36290,0.0543534,0.05,1,1107421,1106997,424
94401601,34.0088,34.1821,423,36348,0.0517414,0.05,1,1107446,1107023,423
94404521,14.8035,14.8728,423,36406,0.0506965,0.07,1,1107448,1107025,423
94407441,54.5214,53.9491,424,36464,0.0622786,0.09,1,1107529,1107105,424
94410361,45.8086,45.5797,424,36522,0.0909114,0.07,1,1107569,1107145,424
94413281,39.9234,39.2319,425,36580,0.0783646,0.07,1,1107605,1107180,425
94416201,33.3694,33.0927,425,36638,0.0853458,0.01,1,1107634,1107209,425
94419121,33.1477,34.2371,423,36696,0.0881383,0.05,1,1107667,1107244,423
94433721,48.015,47.5221,423,36982,0.0942433,0.05,1,1107844,1107421,423
94436641,34.206,34.0088,423,37039,0.0796973,0.05,1,1107869,1107446,423
94439561,14.8824,14.8035,423,37096,0.0738789,0.07,1,1107871,1107448,423
94442481,54.553,54.5214,423,37153,0.0595516,0.07,1,1107952,1107529,423
94445401,46.4212,21.8086,464,37210,0.0778206,0.11,1,1107993,1107529,464
94448321,38.9685,32.7234,458,37267,0.0971283,0.07,1,1108027,1107569,458
94462921,35.7578,42.8496,456,37550,0.204159,0.17,1,1108199,1107743,456
94465841,15.5031,34.5399,429,37606,0.207664,0.17,1,1108201,1107772,429
94468761,45.8012,15.0159,493,37662,0.221066,0.05,1,1108267,1107774,493
94471681,32.7205,48.0064,447,37718,0.226426,0.07,1,1108291,1107844,447
94474601,14.2882,34.2026,424,37774,0.22857,0.07,1,1108293,1107869,424
94477521,54.9153,14.881,504,37830,0.217428,0.05,1,1108375,1107871,504
94480441,47.7661,54.5524,466,37886,0.224971,0.09,1,1108418,1107952,466
94483361,40.1064,46.421,460,37942,0.263989,0.11,1,1108453,1107993,460
94486281,35.8426,38.9684,459,37998,0.279595,0.13,1,1108486,1108027,459
94500881,15.5984,35.7578,433,38275,0.402751,0.21,1,1108632,1108199,433
94503801,46.4394,15.5031,498,38330,0.4191,0.23,1,1108699,1108201,498
94506721,32.9757,45.8012,456,38385,0.42564,0.23,1,1108723,1108267,456
94509641,14.3903,32.7205,434,38440,0.428256,0.23,1,1108725,1108291,434
94512561,54.3561,14.2882,513,38495,0.441302,0.21,1,1108806,1108293,513
94515481,48.1424,54.9153,475,38550,0.446521,0.23,1,1108850,1108375,475
94518401,42.057,47.7661,470,38605,0.448608,0.29,1,1108888,1108418,470
94521321,18.0228,40.1064,437,38660,0.449443,0.29,1,1108890,1108453,437
94608921,47.5975,23.5325,516,40268,0.917114,0.69,2,1109945,1109429,516
94611841,41.839,46.013,493,40320,0.936846,0.75,2,1109983,1109490,493
94614761,17.9356,39.4052,460,40372,0.944738,0.75,2,1109985,1109525,460
94754921,29.9873,30.5085,487,42809,0.9268,1,2,1111710,1111223,487
94760761,30.598,32.4814,487,42907,0.761488,1,2,1111768,1111281,487
94772441,34.3161,29.0027,519,43103,0.419478,1,1,1111892,1111373,519
94775361,35.9264,35.0011,517,43152,0.281791,1,1,1111929,1111412,517
94778281,33.5706,34.4004,515,43201,0.238716,1,1,1111961,1111446,515
94792881,40.7252,41.9097,511,43446,0.0759709,0.92,1,1112154,1111643,511
94795801,25.8901,44.9639,480,43495,0.0603883,0.91,1,1112170,1111690,480
94798721,24.156,29.9856,483,43544,0.0421553,0.78,1,1112193,1111710,483
94801641,27.0624,26.9942,487,43592,0.0468621,0.71,1,1112222,1111735,487
94804561,24.025,30.5977,476,43640,0.0367449,0.61,1,1112244,1111768,476
94807481,22.81,28.4391,471,43688,0.0326979,0.51,1,1112266,1111795,471
94810401,25.924,26.9756,473,43736,0.0670792,0.49,1,1112294,1111821,473
94813321,29.5696,31.7903,470,43784,0.0568317,0.35,1,1112326,1111856,470
94830841,43.726,35.5325,474,44072,0.262583,0.09,1,1112539,1112065,474
94833761,40.2904,44.813,461,44120,0.291033,0.05,1,1112577,1112116,461
94839601,24.4465,25.8901,446,44216,0.287765,0.03,1,1112616,1112170,446
94848361,21.9886,24.025,443,44360,0.298497,0.03,1,1112687,1112244,443
94851281,27.9954,22.81,453,44408,0.293399,0.09,1,1112719,1112266,453
94860041,24.4477,31.0278,426,44550,0.284938,0.15,1,1112784,1112358,426
94862961,31.3791,31.6111,430,44597,0.299975,0.17,1,1112820,1112390,430
94898001,29.0808,29.7982,435,45161,0.409458,0.31,1,1113185,1112750,435
94900921,12.8323,13.1193,435,45208,0.421783,0.27,1,1113187,1112752,435
94903841,24.3329,24.4477,435,45255,0.402713,0.31,1,1113219,1112784,435
94906761,32.5332,31.3791,437,45302,0.419085,0.31,1,1113257,1112820,437
94909681,27.4133,26.9516,437,45349,0.449634,0.35,1,1113281,1112844,437
94973921,28.649,25.3924,479,46362,0.759495,0.57,2,1113971,1113492,479
94976841,24.0596,28.757,469,46407,0.753798,0.61,2,1113992,1113523,469
94979761,21.6238,23.5028,469,46452,0.751519,0.61,2,1114012,1113543,469
94982681,27.8495,21.4011,481,46497,0.750608,0.61,2,1114044,1113563,481
94985601,29.1398,27.7604,479,46542,0.750243,0.55,2,1114074,1113595,479
94988521,12.8559,29.7042,450,46587,0.750097,0.55,2,1114076,1113626,450
94991441,24.3424,13.0817,480,46632,0.762039,0.59,2,1114108,1113628,480
94994361,33.7369,24.4327,488,46677,0.778816,0.57,2,1114148,1113660,488
95008961,45.7141,47.5388,498,46902,0.909751,0.75,2,1114358,1113860,498
95011881,27.8856,43.0155,474,46947,0.9219,0.75,2,1114374,1113900,474
95014801,25.5543,26.8062,482,46992,0.92676,0.75,2,1114398,1113916,482
95227961,168.153,174.333,495,22724,0.7588,0.93,2,1116618,1116123,495
95236721,69.9938,81.3813,487,23003,0.782723,0.79,2,1116833,1116346,487
95239641,64.5975,71.5525,483,23095,0.787089,0.67,2,1116894,1116411,483
95242561,79.239,87.421,474,23187,0.788836,0.73,2,1116983,1116509,474
95245481,45.4956,52.9684,467,23278,0.777534,0.67,2,1117006,1116539,467
95265921,45.0318,78.0229,482,23908,0.914575,0.77,2,1117465,1116983,482
95268841,19.2127,45.0092,461,23997,0.93583,0.83,2,1117467,1117006,461
95271761,46.6851,55.8037,463,24085,0.932332,0.85,2,1117532,1117069,463
95376881,34.3031,51.8928,483,27072,0.944118,1,2,1119639,1119156,483
95382721,84.8085,86.4228,485,27228,0.927459,1,2,1119824,1119339,485
95385641,51.9234,53.7691,483,27306,0.916984,1,2,1119854,1119371,483
95388561,29.1694,36.5077,472,27384,0.948793,0.99,2,1119868,1119396,472
95508281,41.7988,47.8716,478,30391,0.946,1,2,1121975,1121497,478
95636761,38.3608,44.0007,483,33316,0.928,1,2,1124021,1123538,483
95642601,61.8177,54.8001,495,33442,0.91648,1,2,1124145,1123650,495
95648441,38.2108,32.288,509,33568,0.927837,1,2,1124212,1123703,509
95657201,37.6535,44.5944,483,33757,0.780102,1,2,1124329,1123846,483
95701001,34.7614,40.1159,487,34685,0.769596,0.75,2,1124951,1124464,487
95703921,45.1045,34.6464,508,34746,0.781838,0.73,2,1125003,1124495,508
95706841,56.4418,46.8585,517,34807,0.762735,0.71,2,1125067,1124550,517
95709761,40.5767,55.3434,486,34868,0.755094,0.71,2,1125097,1124611,486
95712681,37.2307,41.3374,489,34929,0.752038,0.71,2,1125132,1124643,489
95715601,31.0923,37.5349,481,34990,0.786815,0.69,2,1125159,1124678,481
95727281,59.5336,32.3961,532,35230,0.91539,0.77,2,1125351,1124819,532
95730201,39.4134,56.7584,485,35290,0.924156,0.75,2,1125377,1124892,485
95733121,36.1654,38.9034,492,35350,0.915662,0.79,2,1125411,1124919,492
95736041,45.6661,34.7613,512,35410,0.924265,0.79,2,1125463,1124951,512
95738961,55.4665,45.1045,522,35470,0.939706,0.75,2,1125525,1125003,522
95855761,31.8457,27.9623,520,37779,0.931696,1,2,1127090,1126570,520
95887881,31.6251,45.2855,493,38390,0.417579,0.95,1,1127524,1127031,493
95890801,28.25,36.1142,489,38445,0.413031,0.91,1,1127550,1127061,489
95917081,44.5973,46.7674,445,38937,0.429783,0.43,1,1127853,1127408,445
95920001,47.8389,49.907,443,38991,0.441913,0.45,1,1127903,1127460,443
95922921,44.3356,44.5628,444,39045,0.446765,0.39,1,1127945,1127501,444
95963801,30.0087,29.1342,445,39795,0.779973,0.49,2,1128409,1127964,445
95966721,27.6035,27.8537,444,39848,0.773989,0.47,2,1128435,1127991,444
96010521,31.2912,26.6407,495,40635,0.900108,0.81,2,1128956,1128461,495
96019281,41.0746,12.169,523,40791,0.902647,0.87,2,1129045,1128522,523
96022201,29.6299,40.2676,486,40843,0.907059,0.87,2,1129067,1128581,486
96025121,28.6519,30.507,490,40895,0.932824,0.81,2,1129095,1128605,490
96217841,32.2957,33.6038,501,44171,0.426233,1,1,1131399,1130898,501
96232441,27.6561,28.4855,497,44411,0.282697,0.93,1,1131546,1131049,497
96235361,27.8625,29.3942,495,44458,0.287079,0.99,1,1131574,1131079,495
96238281,12.345,28.5577,469,44505,0.288832,0.79,1,1131576,1131107,469
96267481,32.832,33.1273,442,44975,0.411001,0.31,1,1131908,1131466,442
96270401,25.7328,28.8509,437,45022,0.4224,0.29,1,1131929,1131492,437
96320041,25.939,26.3172,442,45812,0.753267,0.45,2,1132423,1131981,442
96328801,48.6281,46.2523,446,45950,0.755489,0.51,2,1132526,1132080,446
96331721,36.2512,18.5009,474,45996,0.776196,0.53,2,1132554,1132080,474
96334641,32.5005,23.6004,477,46042,0.784478,0.57,2,1132584,1132107,477
96337561,28.6002,27.4401,473,46088,0.787791,0.53,2,1132610,1132137,473
96340481,29.4401,26.5761,477,46134,0.765117,0.57,2,1132640,1132163,477
96343401,31.576,27.4304,482,46180,0.768047,0.59,2,1132673,1132191,482
96346321,27.6304,30.7722,474,46226,0.757219,0.59,2,1132698,1132224,474
96349241,30.2522,27.3089,481,46272,0.752887,0.57,2,1132730,1132249,481
96352161,33.1009,30.1235,484,46318,0.775155,0.61,2,1132765,1132281,484
96369681,12.1859,27.1754,459,46589,0.904394,0.73,2,1132910,1132451,459
96372601,49.8744,12.0702,532,46634,0.907758,0.77,2,1132985,1132453,532
96375521,37.3497,48.6281,488,46679,0.909103,0.79,2,1133014,1132526,488
96378441,32.9399,36.2512,490,46724,0.921641,0.79,2,1133044,1132554,490
96381361,28.776,32.5005,486,46769,0.938657,0.79,2,1133070,1132584,486
96384281,28.3104,28.6002,488,46814,0.945463,0.75,2,1133098,1132610,488
96387201,30.5242,29.4401,490,46859,0.948185,0.77,2,1133130,1132640,490
96568241,29.0348,27.1674,522,49573,0.912112,1,2,1135004,1134482,522
96577001,32.2902,24.2507,528,49699,0.795895,1,2,1135087,1134559,528
96600361,31.296,32.8085,508,50035,0.299723,1,1,1135330,1134822,508
96603281,32.3184,33.5234,507,50077,0.245889,0.95,1,1135363,1134856,507
96606201,25.5274,32.6094,496,50119,0.236356,1,1,1135384,1134888,496
96609121,30.6109,28.0437,505,50161,0.208542,0.93,1,1135418,1134913,505
96635401,25.1795,29.9066,440,50539,0.210099,0.43,1,1135610,1135170,440
96641241,27.9087,29.6251,439,50623,0.219616,0.35,1,1135672,1135233,439
96644161,30.9635,32.85,437,50665,0.225846,0.31,1,1135705,1135268,437
96647081,30.9854,31.74,437,50707,0.240339,0.27,1,1135736,1135299,437
96650001,30.9942,31.296,437,50749,0.222135,0.21,1,1135767,1135330,437
96652921,27.9977,32.3184,430,50791,0.250854,0.23,1,1135793,1135363,430
96655841,26.1991,25.5274,434,50832,0.238342,0.19,1,1135818,1135384,434
96658761,29.0796,30.6109,431,50873,0.233337,0.17,1,1135849,1135418,431
96661681,24.2319,27.2444,427,50914,0.219335,0.13,1,1135870,1135443,427
96664601,27.0927,26.4978,430,50955,0.249734,0.17,1,1135899,1135469,430
96667521,16.8371,16.5991,430,50996,0.237894,0.17,1,1135909,1135479,430
96670441,7.93484,7.83964,430,51037,0.257157,0.17,1,1135911,1135481,430
96673361,20.5739,21.1359,429,51078,0.288863,0.19,1,1135940,1135511,429
96696721,31.4929,30.9854,432,51406,0.408778,0.21,1,1136168,1135736,432
96708401,29.8942,29.0796,433,51570,0.438481,0.21,1,1136282,1135849,433
96766801,19.7302,27.583,458,52381,0.761667,0.49,2,1136790,1136332,458
96769721,9.09209,18.8332,447,52421,0.766667,0.49,2,1136792,1136345,447
96784321,27.5107,20.3548,481,52621,0.759943,0.59,2,1136927,1136446,481
96787241,35.0043,26.7419,490,52661,0.789977,0.61,2,1136967,1136477,490
96790161,29.6017,33.4968,478,52701,0.789991,0.63,2,1136993,1136515,478
96793081,32.2407,28.9987,486,52741,0.789996,0.65,2,1137027,1136541,486
96796001,32.0963,31.3995,485,52781,0.789999,0.61,2,1137059,1136574,485
96819361,9.31901,19.7302,461,53101,0.903751,0.77,2,1137251,1136790,461
96822281,20.5276,9.09209,487,53141,0.9075,0.73,2,1137279,1136792,487
96825201,28.011,21.6368,490,53181,0.921,0.75,2,1137312,1136822,490
96828121,24.4044,27.8547,480,53221,0.9264,0.73,2,1137334,1136854,480
96831041,10.9618,24.9419,459,53261,0.92856,0.75,2,1137336,1136877,459
96833961,15.7847,20.7768,460,53301,0.941424,0.77,2,1137355,1136895,460
96836881,25.5139,27.5107,460,53340,0.93457,0.81,2,1137387,1136927,460
97073401,206.599,203.55,476,25633,0.22744,0.21,1,1139884,1139408,476
97076321,117.439,131.22,451,25716,0.204976,0.09,1,1139942,1139491,451
97096761,53.5624,33.13,485,26287,0.24957,0.15,1,1140314,1139829,485
97099681,56.225,46.252,488,26368,0.273828,0.19,1,1140372,1139884,488
97108441,59.8784,47.4081,498,26608,0.404645,0.17,1,1140554,1140056,498
97111361,54.5514,60.3633,480,26688,0.443858,0.19,1,1140605,1140125,480
97152241,52.665,53.8021,445,27778,0.755888,0.51,2,1141255,1140810,445
97155161,70.266,70.7208,445,27854,0.788355,0.59,2,1141337,1140892,445
97158081,52.1064,49.8883,449,27930,0.789342,0.67,2,1141377,1140928,449
97184361,51.8911,65.9784,498,28605,0.914522,0.79,2,1141835,1141337,498
97187281,66.3564,50.3914,534,28679,0.923809,0.83,2,1141911,1141377,534
97190201,59.5426,63.9565,516,28753,0.939524,0.83,2,1141966,1141450,516
97193121,43.617,59.1826,493,28827,0.945809,0.85,2,1141999,1141506,493
97309921,52.1637,45.2755,531,31630,0.0952865,1,1,1143962,1143431,531
97315761,39.9062,38.3241,518,31764,0.0836459,1,1,1144035,1143517,518
97318681,50.1625,41.1296,532,31831,0.0514583,0.99,1,1144092,1143560,532
97321601,58.465,53.6519,534,31897,0.0505833,0.69,1,1144156,1143622,534
97324521,40.186,70.0607,481,31963,0.0622333,0.61,1,1144184,1143703,481
97327441,32.2744,44.8243,480,32029,0.0548933,0.49,1,1144211,1143731,480
97330361,38.1098,38.3297,488,32095,0.0759573,0.37,1,1144253,1143765,488
97336201,39.9376,41.7728,473,32227,0.0973532,0.01,1,1144328,1143855,473
97339121,48.975,47.9091,476,32293,0.0809413,0.07,1,1144383,1143907,476
97342041,41.79,52.1636,458,32359,0.0743765,0.11,1,1144420,1143962,458
97344961,38.316,41.2655,460,32424,0.0837506,0.07,1,1144456,1143996,460
97347881,50.1264,39.9062,479,32489,0.0875002,0.03,1,1144514,1144035,479
97377081,37.4681,38.316,424,33134,0.0861235,0.09,1,1144880,1144456,424
97397521,25.8623,25.8465,428,33578,0.209727,0.15,1,1145140,1144712,428
97400441,34.3449,34.9386,427,33641,0.233891,0.09,1,1145180,1144753,427
97403361,43.138,45.1754,424,33704,0.291556,0.11,1,1145229,1144805,424
97417961,43.2069,41.998,430,34017,0.418118,0.17,1,1145466,1145036,430
97432561,35.7973,10.3449,473,34327,0.443088,0.25,1,1145613,1145140,473
97496801,37.4378,26.0273,491,35657,0.784684,0.53,2,1146504,1146013,491
97499721,16.1751,36.8109,449,35716,0.799874,0.57,2,1146506,1146057,449
97505561,41.348,44.1697,451,35834,0.77238,0.59,2,1146603,1146152,451
97508481,38.1392,39.2679,451,35893,0.794952,0.61,2,1146639,1146188,451
97523081,41.444,40.0914,459,36187,0.947836,0.75,2,1146884,1146425,459
97526001,17.7776,17.2366,459,36245,0.949135,0.75,2,1146886,1146427,459
97666161,38.9124,37.7391,490,38944,0.909712,1,2,1148777,1148287,490
97674921,28.0504,29.1273,487,39106,0.763102,1,2,1148861,1148374,487
97692441,48.9585,50.7668,483,39430,0.205069,0.93,1,1149080,1148597,483
97695361,55.5834,60.5067,476,39484,0.0880277,1,1,1149140,1148664,476
97698281,49.2334,48.2027,481,39537,0.0412111,0.96,1,1149185,1148704,481
97701201,34.0933,40.2811,470,39590,0.0464844,0.87,1,1149209,1148739,470
97704121,34.0373,38.9124,466,39643,0.0365938,0.83,1,1149243,1148777,466
97707041,29.2149,33.565,462,39696,0.0146375,0.83,1,1149269,1148807,462
97709961,27.886,29.626,462,39749,0.023855,0.71,1,1149296,1148834,462
97712881,23.7544,28.0504,456,39802,0.027542,0.57,1,1149317,1148861,456
97715801,23.3018,27.4202,452,39855,0.0170168,0.61,1,1149340,1148888,452
97718721,24.9207,29.5681,447,39908,0.0608067,0.43,1,1149366,1148919,447
97721641,31.5683,38.2272,439,39961,0.0903227,0.31,1,1149402,1148963,439
97736241,48.3607,53.0494,468,40226,0.0483297,0.01,1,1149608,1149140,468
97739161,32.5443,48.2197,445,40278,0.0373319,0.05,1,1149630,1149185,445
97742081,33.4177,33.6879,455,40330,0.0569328,0.03,1,1149664,1149209,455
97745001,28.9671,33.8752,447,40382,0.0227731,0,1,1149690,1149243,447
97747921,28.9868,29.1501,450,40434,0.0391092,0.03,1,1149719,1149269,450
97750841,22.9947,27.86,442,40486,0.0576437,0.03,1,1149738,1149296,442
97753761,22.9979,23.744,444,40538,0.0410575,0.01,1,1149761,1149317,444
97756681,25.9992,23.2976,449,40590,0.022423,0.09,1,1149789,1149340,449
97759601,32.5997,24.919,460,40642,0.0509692,0.11,1,1149826,1149366,460
97762521,32.2399,31.5676,456,40694,0.0383877,0.13,1,1149858,1149402,456
97765441,24.8959,30.027,447,40746,0.0453551,0.17,1,1149878,1149431,447
97768361,42.9584,24.0108,482,40798,0.072142,0.13,1,1149933,1149451,482
97771281,49.5834,42.0043,482,40850,0.0948568,0.11,1,1149987,1149505,482
97774201,46.8333,50.4017,471,40902,0.0919427,0,1,1150032,1149561,471
97780041,32.3333,32.5443,456,41006,0.0951108,0.07,1,1150086,1149630,456
97782961,29.1333,33.4177,449,41057,0.0380443,0,1,1150113,1149664,449
97785881,30.2533,28.9671,454,41108,0.0572177,0.05,1,1150144,1149690,454
97788801,21.7013,28.9868,441,41159,0.0768871,0.07,1,1150160,1149719,441
97791721,23.0805,22.9947,446,41210,0.0847548,0.03,1,1150184,1149738,446
97794641,25.4322,22.9979,450,41261,0.0519019,0.01,1,1150211,1149761,450
97797561,33.5729,25.9992,461,41312,0.0747608,0.07,1,1150250,1149789,461
97800481,32.0292,32.5997,455,41363,0.0839043,0.03,1,1150281,1149826,455
97812161,21.4599,49.5834,428,41567,0.200628,0.09,1,1150415,1149987,428
97815081,34.384,46.8333,426,41618,0.218251,0.11,1,1150458,1150032,426
97818001,25.7536,31.3333,425,41669,0.2253,0.09,1,1150478,1150053,425
97820921,29.5014,32.3333,424,41720,0.20412,0,1,1150510,1150086,424
97832601,22.0576,23.0805,424,41922,0.209561,0.03,1,1150608,1150184,424
97844281,25.7551,24.8117,429,42122,0.202501,0.17,1,1150730,1150301,429
97847201,45.702,44.1247,431,42172,0.255,0.21,1,1150789,1150358,431
97850121,51.8808,50.6499,432,42222,0.252,0.21,1,1150845,1150413,432
97853041,21.9523,21.4599,432,42272,0.2508,0.23,1,1150847,1150415,432
97855961,33.9809,34.384,431,42322,0.29832,0.23,1,1150889,1150458,431
97885161,26.8897,25.7551,433,42819,0.400944,0.29,1,1151163,1150730,433
97888081,46.7559,45.702,434,42868,0.442378,0.25,1,1151223,1150789,434
97955241,22.8296,22.4742,471,43985,0.753086,0.55,2,1151925,1151454,471
97961081,36.1727,24.4759,494,44081,0.757694,0.63,2,1151996,1151502,494
97964001,37.2691,34.3903,491,44129,0.777077,0.63,2,1152034,1151543,491
97966921,28.7076,37.1561,475,44177,0.796831,0.63,2,1152057,1151582,475
97978601,36.6101,22.724,498,44369,0.913823,0.65,2,1152224,1151726,498
97981521,27.844,35.4896,476,44417,0.911529,0.69,2,1152246,1151770,476
97984441,32.7376,26.7958,491,44464,0.922612,0.71,2,1152282,1151791,491
97987361,14.295,31.7183,458,44511,0.927045,0.73,2,1152284,1151826,458
97999041,23.2236,22.8296,460,44699,0.9449,0.73,2,1152385,1151925,460
98001961,24.8894,25.9318,458,44746,0.93596,0.77,2,1152411,1151953,458
98004881,36.9558,36.1727,460,44793,0.932384,0.79,2,1152456,1151996,460
98010721,28.4729,28.7076,460,44887,0.939981,0.81,2,1152517,1152057,460
98180081,347.672,353.566,516,21900,0.789997,1,2,1154396,1153880,516
98223881,60.6848,38.018,522,23310,0.773435,0.55,2,1155354,1154832,522
98244321,61.9331,37.7112,536,23940,0.911096,0.79,2,1155814,1155278,536
98247241,25.9732,60.6845,462,24029,0.922439,0.83,2,1155816,1155354,462
98326081,71.3324,72.4509,545,26307,0.918179,1,2,1157497,1156952,545
98331921,50.2932,72.4321,506,26468,0.788909,1,2,1157605,1157099,506
98334841,37.5173,44.5729,509,26548,0.765563,1,2,1157634,1157125,509
98355281,63.1384,71.733,461,27102,0.41827,0.77,1,1158030,1157569,461
98358201,46.2554,50.2932,460,27180,0.437308,0.75,1,1158065,1157605,460
98390321,57.9531,55.5209,448,28025,0.764284,0.55,2,1158610,1158162,448
98393241,41.7812,41.4083,447,28101,0.791713,0.55,2,1158641,1158194,447
98419521,42.9709,57.1796,490,28772,0.916851,0.81,2,1159100,1158610,490
98542161,59.0607,75.593,515,31714,0.9148,1,2,1161198,1160683,515
98559681,40.4362,33.8962,534,32112,0.246057,1,1,1161448,1160914,534
98562601,34.7745,46.5585,510,32178,0.200423,1,1,1161479,1160969,510
98568441,56.4439,60.1294,534,32310,0.0716676,0.99,1,1161610,1161076,534
98571361,53.7776,63.6517,520,32375,0.058667,0.87,1,1161662,1161142,520
98574281,34.711,59.0607,486,32440,0.0654668,0.79,1,1161684,1161198,486
98577201,48.0844,41.6243,513,32505,0.0801867,0.65,1,1161741,1161228,513
98580121,40.2338,53.8497,486,32570,0.0620747,0.53,1,1161776,1161290,486
98583041,36.4935,47.9399,476,32635,0.0788299,0.37,1,1161810,1161334,476
98588881,32.599,36.5904,467,32765,0.0906128,0.17,1,1161872,1161405,467
98606401,34.2373,34.711,425,33150,0.223335,0.09,1,1162109,1161684,425
98609321,49.0949,48.0844,427,33214,0.239334,0.05,1,1162168,1161741,427
98612241,40.038,40.2338,426,33278,0.245734,0.09,1,1162202,1161776,426
98615161,36.4152,36.4935,426,33342,0.272293,0.15,1,1162236,1161810,426
98618081,31.3661,31.9974,425,33405,0.282917,0.07,1,1162264,1161839,425
98621001,35.3464,32.599,430,33468,0.299167,0.11,1,1162302,1161872,430
98629761,58.1342,57.9583,427,33657,0.407707,0.11,1,1162410,1161983,427
98632681,56.8537,54.9833,430,33720,0.445083,0.23,1,1162466,1162036,430
98685241,38.0358,31.8728,487,34831,0.775631,0.51,2,1163185,1162698,487
98688161,16.4143,37.3491,448,34892,0.796252,0.51,2,1163187,1162739,448
98694001,62.5063,19.6559,537,35013,0.7838,0.57,2,1163300,1162763,537
98696921,61.0025,60.6623,509,35073,0.76352,0.65,2,1163360,1162851,509
98699841,56.801,59.0649,505,35133,0.767408,0.61,2,1163414,1162909,505
98705681,50.9682,36.8104,513,35253,0.759985,0.69,2,1163500,1162987,513
98708601,42.5873,49.5242,492,35313,0.777994,0.71,2,1163537,1163045,492
98711521,37.4349,40.8097,491,35373,0.785198,0.73,2,1163571,1163080,491
98737801,36.0172,38.9204,459,35907,0.9161,0.77,2,1163900,1163441,459
98948041,43.1525,37.438,492,39921,0.906829,1,2,1166689,1166197,492
98956801,37.1298,32.492,487,40080,0.759557,0.96,2,1166774,1166287,487
98991841,19.8276,31.0602,474,40707,0.756588,0.79,2,1167186,1166712,474
98994761,31.331,20.8241,499,40759,0.764635,0.73,2,1167225,1166726,499
99009361,36.9947,33.6721,491,41019,0.791219,0.61,2,1167417,1166926,491
99012281,31.5979,35.6688,482,41070,0.790487,0.63,2,1167445,1166963,482
99018121,33.8557,41.227,484,41172,0.794878,0.69,2,1167523,1167039,484
99050241,34.8285,36.9947,461,41733,0.929419,0.79,2,1167878,1167417,461
99196241,27.7637,30.4947,501,44189,0.922,1,2,1169590,1169089,501
99207921,35.8996,36.5935,511,44381,0.786947,1,2,1169738,1169227,511
99210841,33.5598,31.4374,515,44429,0.764779,1,2,1169770,1169255,515
99231281,40.2728,37.8076,492,44758,0.447366,1,1,1169995,1169503,492
99234201,34.1091,35.523,488,44805,0.436946,1,1,1170025,1169537,488
99242961,32.087,36.3055,472,44946,0.415085,0.87,1,1170104,1169632,472
99245881,32.0348,36.1222,468,44993,0.412034,0.77,1,1170136,1169668,468
99248801,30.8139,34.2489,465,45040,0.422814,0.77,1,1170166,1169701,465
99251721,29.7256,35.8996,457,45087,0.415125,0.75,1,1170195,1169738,457
99254641,28.0902,33.5598,452,45134,0.44805,0.67,1,1170222,1169770,452
99257561,28.6361,32.0239,450,45181,0.42522,0.69,1,1170251,1169801,450
99260481,24.0544,26.6096,448,45228,0.428088,0.57,1,1170272,1169824,448
99321801,33.3849,41.1683,478,46197,0.759854,0.61,2,1170919,1170441,478
99324721,21.754,32.6673,465,46243,0.789941,0.63,2,1170933,1170468,465
99351001,12.2431,24.4575,457,46651,0.905571,0.69,2,1171172,1170715,457
99356841,38.3189,41.4732,491,46741,0.916491,0.73,2,1171271,1170780,491
99359761,30.9276,36.3893,484,46786,0.900597,0.75,2,1171297,1170813,484
99362681,44.771,30.1557,512,46831,0.906239,0.75,2,1171351,1170839,512
99365601,35.3084,44.4623,487,46876,0.920495,0.77,2,1171380,1170893,487
99368521,22.5234,33.3849,475,46921,0.902198,0.81,2,1171394,1170919,475
99371441,25.8093,21.754,489,46966,0.918879,0.81,2,1171422,1170933,489
99374361,33.7237,25.5016,500,47011,0.913552,0.83,2,1171461,1170961,500
99383121,31.0303,30.8641,494,47146,0.903507,0.89,2,1171554,1171060,494
99386041,29.8121,29.7456,494,47191,0.919403,0.87,2,1171583,1171089,494
99388961,29.3249,29.2983,494,47236,0.949761,0.89,2,1171612,1171118,494
99607961,20.588,26.0364,483,50471,0.909891,0.98,2,1173820,1173337,483
99767101,63.6247,71.7669,478,24527,0.437079,0.93,1,1175682,1175204,478
99770021,41.0499,46.7068,474,24613,0.444831,0.81,1,1175708,1175234,474
99775861,42.808,43.5931,482,24785,0.441973,0.61,1,1175790,1175308,482
99802141,66.1792,17.0984,525,25544,0.755331,0.53,2,1176315,1175790,525
99805061,70.2717,54.8394,518,25627,0.752132,0.55,2,1176388,1175870,518
99807981,76.7087,65.1357,527,25710,0.774853,0.55,2,1176469,1175942,527
99810901,54.6835,72.8543,489,25792,0.771941,0.61,2,1176509,1176020,489
99828421,70.8994,66.1725,532,26281,0.920432,0.75,2,1176847,1176315,532
99939381,54.1122,49.5937,528,29186,0.90712,1,2,1178870,1178342,528
99951061,41.5757,36.2952,532,29475,0.256454,1,1,1179077,1178545,532
99959821,42.5248,55.0029,511,29690,0.0536131,0.97,1,1179241,1178730,511
99962741,39.8099,41.2012,517,29761,0.0514452,1,1,1179279,1178762,517
99965661,50.124,45.2805,526,29832,0.0265781,0.85,1,1179336,1178810,526
99968581,21.2496,54.1122,468,29903,0.0166312,0.73,1,1179338,1178870,468
99971501,39.0998,61.2449,453,29974,0.0726525,0.35,1,1179389,1178936,453
99974421,46.8399,64.098,439,30045,0.083061,0.29,1,1179441,1179002,439
99977341,37.936,48.4392,433,30115,0.0752244,0.17,1,1179473,1179040,433
99980261,33.7744,41.5757,427,30185,0.0720898,0,1,1179504,1179077,427
99983181,54.9098,61.0303,422,30255,0.0288359,0.13,1,1179573,1179151,422
99986101,58.5639,59.8121,424,30325,0.0775344,0.01,1,1179634,1179210,424
99989021,42.0256,42.5248,424,30395,0.0850137,0.05,1,1179665,1179241,424
99991941,42.0102,39.8099,428,30465,0.0880055,0.01,1,1179707,1179279,428
100012381,55.4838,54.9098,424,30948,0.0992112,0.11,1,1179997,1179573,424
100015301,59.9935,58.5639,426,31016,0.0936845,0.09,1,1180060,1179634,426
100032821,46.9501,35.0643,477,31423,0.217361,0.13,1,1180291,1179814,477
100035741,36.78,45.2257,455,31490,0.224944,0.11,1,1180321,1179866,455
100038661,33.912,35.4903,458,31557,0.239978,0.11,1,1180353,1179895,458
100041581,54.9648,33.3961,495,31624,0.245991,0.09,1,1180422,1179927,495
100044501,59.1859,55.3584,487,31691,0.260396,0.09,1,1180484,1179997,487
100047421,44.0744,59.9434,458,31758,0.266159,0.17,1,1180518,1180060,458
100050341,43.4297,42.5774,470,31825,0.256463,0.13,1,1180561,1180091,470
100053261,49.7719,42.2309,482,31891,0.252585,0.19,1,1180615,1180133,482
100056181,21.1088,48.0924,432,31957,0.251034,0.19,1,1180617,1180185,432
100059101,40.2435,20.4369,483,32023,0.262414,0.21,1,1180670,1180187,483
100062021,47.8974,39.3748,484,32089,0.278965,0.23,1,1180723,1180239,484
100067861,34.3036,36.78,465,32221,0.297834,0.25,1,1180786,1180321,465
100082461,50.0591,43.4297,488,32548,0.426554,0.25,1,1181049,1180561,488
100085381,21.2236,49.7719,436,32613,0.416622,0.25,1,1181051,1180615,436
100088301,40.2895,21.1088,487,32678,0.424649,0.27,1,1181104,1180617,487
100126261,21.5273,20.6063,447,33509,0.752352,0.55,2,1181607,1181160,447
100135021,56.9377,55.6788,449,33698,0.760231,0.57,2,1181744,1181295,449
100146701,51.32,50.4094,452,33949,0.90511,0.65,2,1181943,1181491,452
100149621,21.728,21.3637,452,34011,0.944044,0.67,2,1181945,1181493,452
100152541,43.4912,41.5455,455,34073,0.935618,0.77,2,1182003,1181548,455
100190501,23.3367,53.3923,472,34871,0.945999,1,2,1182535,1182063,472
100345261,216.49,187.307,550,16916,0.226,0.91,1,1184818,1184268,550
100351101,109.878,123.089,495,17167,0.08296,0.19,1,1184989,1184494,495
100354021,87.7514,107.436,471,17291,0.099184,0.11,1,1185062,1184591,471
100356941,50.7005,71.7743,449,17414,0.0936736,0.15,1,1185088,1184639,449
100377381,99.4833,110.337,428,18250,0.263512,0.15,1,1185668,1185240,428
100389061,49.078,48.7414,432,18711,0.417482,0.21,1,1185946,1185514,432
100391981,20.8312,20.6966,432,18824,0.424993,0.31,1,1185948,1185516,432
100418261,98.5611,65.4132,554,19815,0.76265,0.69,2,1186739,1186185,554
100421181,87.4244,85.5653,535,19922,0.76706,0.73,2,1186819,1186284,535
100424101,50.5698,81.0261,483,20028,0.768824,0.71,2,1186845,1186362,483
100427021,21.4279,48.6104,458,20134,0.76953,0.71,2,1186847,1186389,458
100429941,104.571,20.6442,616,20239,0.793812,0.71,2,1187007,1186391,616
100511701,94.6299,115.022,554,22993,0.928,1,2,1188994,1188440,554
100520461,64.9523,67.6014,537,23268,0.448912,1,1,1189165,1188628,537
100529221,97.6369,31.1825,625,23540,0.0616104,1,1,1189373,1188748,625
100532141,90.0548,109.073,549,23630,0.0666441,0.88,1,1189458,1188909,549
100535061,51.6219,94.6292,490,23720,0.0566577,0.77,1,1189484,1188994,490
100537981,60.2488,56.4517,525,23809,0.0766631,0.49,1,1189550,1189025,525
100552581,92.4409,97.6369,424,24251,0.0814538,0.07,1,1189797,1189373,424
100555501,87.9764,90.0548,424,24338,0.0985815,0.05,1,1189882,1189458,424
100567181,43.6234,42.6398,427,24684,0.227308,0.13,1,1190059,1189632,427
100570101,18.6494,18.2559,427,24770,0.240923,0.13,1,1190061,1189634,427
100573021,19.4597,21.1024,424,24856,0.234369,0.05,1,1190081,1189657,424
100578861,89.0336,87.9764,425,25026,0.0650991,0.11,1,1190307,1189882,425
100581781,55.4134,51.9906,430,25111,0.0560396,0.21,1,1190340,1189910,430
100584701,61.7654,60.3962,430,25195,0.0764159,0.21,1,1190406,1189976,430
100602221,85.7099,88.7936,509,25696,0.0749261,0.01,1,1190728,1190219,509
100605141,55.884,88.3174,457,25778,0.0959705,0.05,1,1190764,1190307,457
100608061,63.1536,55.127,492,25860,0.0803882,0.09,1,1190832,1190340,492
100622661,84.7427,19.6839,556,26267,0.264756,0.13,1,1191069,1190513,556
100634341,53.9902,63.1535,472,26588,0.43345,0.13,1,1191304,1190832,472
100637261,49.1961,52.2614,473,26668,0.41938,0.19,1,1191350,1190877,473
100640181,20.8784,46.1046,433,26747,0.413752,0.19,1,1191352,1190919,433
100643101,20.3514,19.6418,451,26826,0.411501,0.21,1,1191372,1190921,451
100646021,87.9406,19.8567,564,26905,0.4346,0.31,1,1191505,1190941,564
100648941,36.3762,84.7427,438,26984,0.44384,0.33,1,1191507,1191069,438
100651861,63.7505,83.0971,438,27062,0.447536,0.35,1,1191589,1191151,438
100654781,48.3002,55.4388,439,27140,0.449014,0.41,1,1191627,1191188,439
100689821,47.8222,47.8032,447,28063,0.75921,0.55,2,1192239,1191792,447
100692741,20.3289,20.3213,447,28138,0.765684,0.51,2,1192241,1191794,447
100695661,20.7315,20.1285,448,28213,0.756274,0.67,2,1192262,1191814,448
100832901,36.7429,35.9906,517,31545,0.9412,1,2,1194629,1194112,517
100847501,45.6326,57.0498,514,31880,0.221769,1,1,1194908,1194394,514
100853341,42.1012,37.448,529,32012,0.065483,1,1,1194990,1194461,529
100856261,36.6405,44.9792,512,32078,0.0681932,1,1,1195023,1194511,512
100859181,42.8562,44.3917,515,32144,0.0572773,0.93,1,1195070,1194555,515
100862101,34.5425,42.3567,503,32210,0.0529109,0.93,1,1195099,1194596,503
100865021,33.617,36.7427,503,32276,0.0211644,0.97,1,1195132,1194629,503
100867941,68.6468,36.8971,558,32342,0.0384657,0.73,1,1195224,1194666,558
100870861,41.8587,77.7588,477,32407,0.0213863,0.55,1,1195248,1194771,477
100873781,47.3435,52.7035,492,32472,0.0265545,0.21,1,1195299,1194807,492
100876701,39.9374,60.0814,462,32537,0.0166218,0.11,1,1195334,1194872,462
100879621,36.975,45.6326,461,32602,0.0366487,0.05,1,1195369,1194908,461
100882541,39.99,42.253,463,32667,0.0566595,0.03,1,1195411,1194948,463
100885461,35.796,42.1012,454,32732,0.0646638,0.07,1,1195444,1194990,454
100888381,15.5184,36.6405,423,32797,0.0918655,0.05,1,1195446,1195023,423
100891301,33.8074,42.8562,422,32861,0.0547462,0.05,1,1195492,1195070,422
100894221,30.9229,34.5425,422,32925,0.0398985,0,1,1195521,1195099,422
100897141,32.7692,33.617,423,32989,0.0219594,0.05,1,1195555,1195132,423
100900061,68.3077,68.6468,423,33053,0.0867838,0.01,1,1195647,1195224,423
100905901,46.9292,47.3435,423,33181,0.0702854,0.01,1,1195722,1195299,423
100908821,39.7717,39.9374,423,33245,0.0461142,0.05,1,1195757,1195334,423
100911741,36.9087,36.975,423,33309,0.0364457,0.07,1,1195792,1195369,423
100914661,39.3635,39.99,422,33372,0.0445783,0.07,1,1195833,1195411,422
100917581,37.3454,35.796,425,33435,0.0478313,0.11,1,1195869,1195444,425
100920501,16.1382,15.5184,425,33498,0.0491325,0.03,1,1195871,1195446,425
100923421,32.2553,33.8074,422,33561,0.037653,0.03,1,1195914,1195492,422
100926341,30.3021,30.9229,422,33624,0.0450612,0.01,1,1195943,1195521,422
100929261,32.5208,32.7692,422,33687,0.0360245,0.13,1,1195977,1195555,422
100932181,70.6083,68.3077,426,33750,0.0144098,0.11,1,1196073,1195647,426
100935101,42.6433,42.3231,425,33813,0.0117639,0.05,1,1196097,1195672,425
100938021,45.2573,46.9292,422,33876,0.0227056,0.03,1,1196144,1195722,422
100940941,39.1029,39.7717,422,33938,0.0390822,0.03,1,1196179,1195757,422
100943861,36.6412,36.9087,422,34000,0.0336329,0.05,1,1196214,1195792,422
100946781,39.2565,39.3635,422,34062,0.0434532,0.05,1,1196255,1195833,422
100949701,38.5026,37.3454,424,34124,0.0593813,0.05,1,1196293,1195869,424
100952621,16.601,16.1382,424,34186,0.0417525,0.03,1,1196295,1195871,424
100955541,31.2404,32.2553,422,34248,0.034701,0.03,1,1196336,1195914,422
100958461,29.2962,12.9021,450,34310,0.0558804,0.05,1,1196364,1195914,450
100961381,32.1185,22.5608,455,34372,0.0403522,0.03,1,1196398,1195943,455
100964301,70.4474,29.4243,517,34434,0.0221409,0,1,1196494,1195977,517
100967221,42.579,69.3697,445,34495,0.0268563,0.01,1,1196518,1196073,445
100970141,45.2316,42.1479,468,34556,0.0527425,0.03,1,1196565,1196097,468
100973061,39.6926,45.0592,457,34617,0.087097,0.05,1,1196601,1196144,457
100978901,39.1108,36.6095,462,34739,0.0631355,0.05,1,1196676,1196214,462
100981821,39.6443,39.2438,461,34800,0.0672542,0.07,1,1196716,1196255,461
100984741,17.0577,38.4975,425,34861,0.0689017,0.03,1,1196718,1196293,425
100987661,30.2231,16.599,462,34922,0.0575607,0.03,1,1196757,1196295,462
100990581,28.8892,31.2396,449,34983,0.0530243,0.07,1,1196785,1196336,449
100993501,31.9557,29.2958,455,35043,0.0392097,0.03,1,1196819,1196364,455
100996421,70.9823,32.1183,518,35103,0.0216839,0.01,1,1196916,1196398,518
100999341,42.7929,70.4473,446,35163,0.0386735,0.03,1,1196940,1196494,446
101002261,47.7172,42.5789,473,35223,0.0814694,0.07,1,1196991,1196518,473
101011021,36.9179,36.2771,462,35403,0.074094,0.03,1,1197097,1196635,462
101013941,40.5672,39.1108,464,35463,0.0476376,0.07,1,1197140,1196676,464
101016861,17.4269,39.6443,426,35523,0.037055,0.07,1,1197142,1196716,426
101019781,29.7707,17.0577,462,35583,0.020822,0.05,1,1197180,1196718,462
101022701,28.1083,30.2231,450,35642,0.0503288,0.05,1,1197207,1196757,450
101025621,12.4433,28.8892,424,35701,0.0621315,0.03,1,1197209,1196785,424
101028541,24.1773,31.9557,422,35760,0.0668526,0.01,1,1197241,1196819,422
101031461,68.4709,70.9823,423,35819,0.068741,0.05,1,1197339,1196916,423
101034381,42.3884,42.7929,424,35878,0.0814964,0.11,1,1197364,1196940,424
101037301,49.9553,47.7172,428,35937,0.0745986,0.13,1,1197419,1196991,428
101040221,40.3821,39.4869,428,35996,0.0478394,0.11,1,1197453,1197025,428
101043141,36.5529,36.7947,427,36055,0.0611358,0.05,1,1197487,1197060,427
101048981,39.9285,40.5672,423,36173,0.0469817,0.03,1,1197563,1197140,423
101051901,17.1714,17.4269,423,36231,0.0247927,0.01,1,1197565,1197142,423
101054821,29.6686,29.7707,423,36289,0.0279171,0.07,1,1197603,1197180,423
101057741,29.2674,28.1083,425,36347,0.0291668,0.07,1,1197632,1197207,425
101060661,12.907,12.4433,425,36405,0.0416667,0.07,1,1197634,1197209,425
101063581,23.1628,24.1773,423,36463,0.0586667,0.07,1,1197664,1197241,423
101066501,68.0651,68.4709,423,36521,0.0294667,0.09,1,1197762,1197339,423
101069421,42.826,42.3884,424,36579,0.0417867,0.07,1,1197788,1197364,424
101072341,49.5304,49.9553,423,36637,0.0707147,0.03,1,1197842,1197419,423
101075261,40.2122,40.3821,423,36695,0.0822859,0.07,1,1197876,1197453,423
101078181,37.6849,36.5529,425,36753,0.0629143,0.13,1,1197912,1197487,425
101081101,33.6739,33.8211,424,36810,0.0311657,0.01,1,1197943,1197519,424
101084021,38.6696,39.9285,422,36867,0.0124663,0.01,1,1197985,1197563,422
101086941,16.6678,17.1714,422,36924,0.0469865,0.03,1,1197987,1197565,422
101089861,29.4671,29.6686,422,36981,0.0607946,0.03,1,1198025,1197603,422
101092781,29.1869,29.2674,422,37038,0.0663178,0.05,1,1198054,1197632,422
101095701,12.8747,12.907,422,37095,0.0685271,0.07,1,1198056,1197634,422
101101541,67.7,9.26511,520,37209,0.0961643,0.01,1,1198184,1197664,520
101116141,32.8456,37.5426,452,37493,0.203842,0.01,1,1198364,1197912,452
101130741,13.2176,29.1854,426,37773,0.215831,0.07,1,1198480,1198054,426
101133661,24.487,12.8742,456,37829,0.260333,0.13,1,1198512,1198056,456
101145341,41.6045,49.712,464,38053,0.422105,0.19,1,1198729,1198265,464
101221261,41.0436,39.1769,450,39471,0.761439,0.59,2,1199623,1199173,450
101224181,39.2174,37.8708,451,39525,0.766576,0.65,2,1199661,1199210,451
101227101,34.287,33.1483,452,39578,0.75663,0.63,2,1199692,1199240,452
101230021,37.7148,37.8593,451,39631,0.752652,0.59,2,1199732,1199281,451
101232941,16.2859,16.3437,451,39684,0.775061,0.59,2,1199734,1199283,451
101235861,34.1144,32.9375,453,39737,0.784024,0.67,2,1199780,1199327,453
101238781,31.6457,31.175,453,39790,0.78761,0.67,2,1199810,1199357,453
101241701,13.8583,13.67,453,39843,0.789044,0.67,2,1199812,1199359,453
101244621,27.7433,27.068,454,39896,0.777618,0.77,2,1199849,1199395,454
101256301,43.1758,44.1089,457,40108,0.902867,0.75,2,1200041,1199584,457
101262141,39.0681,30.4574,495,40214,0.916059,0.77,2,1200118,1199623,495
101265061,34.8273,34.983,489,40267,0.936423,0.75,2,1200150,1199661,489
101267981,38.5309,32.5932,499,40319,0.944569,0.75,2,1200191,1199692,499
101427121,27.7615,25.2643,541,43102,0.922,1,2,1202130,1201589,541
101492821,74.9054,40.8395,532,20451,0.767016,0.59,2,1203161,1202629,532
101504501,77.9064,72.6183,536,20863,0.934036,0.69,2,1203506,1202970,536
101507421,38.3625,77.6473,467,20965,0.949614,0.71,2,1203518,1203051,467
101597941,99.1262,69.8613,594,23901,0.91,1,2,1205640,1205046,594
101600861,61.2505,93.9445,520,23990,0.79,1,2,1205676,1205156,520
101603781,52.1002,86.7778,484,24078,0.778,1,2,1205722,1205238,484
101615461,32.9514,32.2887,494,24428,0.449661,1,1,1205930,1205436,494
101635901,38.3861,44.8784,440,25029,0.41632,0.39,1,1206345,1205905,440
101638821,31.5545,32.9514,442,25114,0.436528,0.31,1,1206372,1205930,442
101665101,53.8109,30.8263,510,25863,0.768924,0.55,2,1206882,1206372,510
101676781,65.7648,46.1108,531,26189,0.907444,0.69,2,1207148,1206617,531
101679701,73.7059,64.0443,534,26270,0.920978,0.71,2,1207227,1206693,534
101682621,39.0824,72.4177,472,26351,0.938391,0.71,2,1207243,1206771,472
101685541,31.2329,38.5671,482,26431,0.945356,0.71,2,1207269,1206787,482
101799421,55.6084,85.916,505,29392,0.7564,1,2,1209391,1208886,505
101819861,24.0392,30.0069,494,29892,0.427656,1,1,1209700,1209206,494
101822781,23.4157,31.8028,484,29963,0.429062,0.81,1,1209723,1209239,484
101825701,64.5663,80.5211,463,30034,0.405625,0.67,1,1209815,1209352,463
101828621,46.2265,55.6084,458,30104,0.42025,0.71,1,1209849,1209391,458
101831541,52.6906,58.8434,454,30174,0.4261,0.49,1,1209906,1209452,454
101834461,57.0762,60.7374,452,30244,0.42844,0.53,1,1209966,1209514,452
101840301,49.5722,51.238,446,30384,0.41535,0.49,1,1210073,1209627,446
101843221,38.4289,38.4952,447,30454,0.42414,0.43,1,1210104,1209657,447
101846141,23.7716,28.5981,439,30523,0.427656,0.41,1,1210118,1209679,439
101849061,22.1086,24.0392,439,30592,0.429062,0.43,1,1210139,1209700,439
101872421,38.0975,38.4289,441,31141,0.752708,0.43,2,1210545,1210104,441
101875341,24.239,23.7716,442,31209,0.763083,0.43,2,1210560,1210118,442
101878261,24.0956,22.1086,445,31277,0.779233,0.43,2,1210584,1210139,445
101881181,25.2382,8.84345,471,31345,0.785693,0.47,2,1210610,1210139,471
101884101,65.2953,19.7374,536,31413,0.788277,0.49,2,1210702,1210166,536
101887021,47.1181,62.495,480,31480,0.789311,0.53,2,1210737,1210257,480
101901621,39.6466,50.222,488,31815,0.935164,0.79,2,1211003,1210515,488
102027181,37.726,53.0136,501,34557,0.784528,1,2,1212898,1212397,501
102038861,52.4314,33.4499,542,34801,0.436964,1,1,1213054,1212512,542
102041781,51.5726,60.78,514,34862,0.288786,1,1,1213105,1212591,514
102044701,35.629,42.312,509,34923,0.265514,1,1,1213130,1212621,509
102047621,32.2516,38.5248,503,34984,0.220206,1,1,1213160,1212657,503
102056381,50.0161,59.5376,510,35164,0.0877732,0.75,1,1213331,1212821,510
102059301,32.6064,53.815,481,35224,0.0771093,0.77,1,1213352,1212871,481
102065141,28.617,29.4904,481,35344,0.0855375,0.57,1,1213403,1212922,481
102085581,49.8957,56.1006,428,35761,0.204881,0.13,1,1213660,1213232,428
102091421,48.5433,50.0161,426,35879,0.228381,0.07,1,1213757,1213331,426
102094341,32.6173,32.6064,427,35938,0.217352,0.13,1,1213779,1213352,427
102097261,24.4469,25.0426,426,35997,0.260941,0.07,1,1213798,1213372,426
102100181,28.9788,28.617,427,36056,0.266376,0.11,1,1213830,1213403,427
102103101,29.5915,28.2468,429,36115,0.244551,0.15,1,1213860,1213431,429
102106021,47.2366,46.0987,430,36174,0.22382,0.13,1,1213919,1213489,430
102108941,47.0946,47.2395,429,36232,0.251528,0.13,1,1213966,1213537,429
102111861,32.6379,31.4958,431,36290,0.262611,0.21,1,1213989,1213558,431
102114781,27.4551,27.5983,430,36348,0.291044,0.21,1,1214013,1213583,430
102132301,25.6771,24.4469,434,36696,0.405366,0.27,1,1214232,1213798,434
102141061,46.3313,47.2366,432,36868,0.414983,0.27,1,1214351,1213919,432
102187781,12.944,27.97,450,37774,0.758537,0.55,2,1214898,1214448,450
102208221,30.1975,30.0269,483,38165,0.90047,0.67,2,1215188,1214705,483
102211141,49.279,28.8108,517,38220,0.918188,0.71,2,1215250,1214733,517
102214061,50.9116,48.1243,508,38275,0.949275,0.75,2,1215302,1214794,508
102403861,204.574,198.801,504,19092,0.2116,0.81,1,1217730,1217226,504
102409701,111.452,104.648,518,19314,0.059056,0.61,1,1217914,1217396,518
102412621,77.5807,103.059,471,19424,0.0776224,0.35,1,1217969,1217498,471
102415541,48.4323,72.4237,448,19533,0.061049,0.27,1,1217998,1217550,448
102424301,87.9397,84.4831,509,19857,0.0795071,0.03,1,1218239,1217730,509
102427221,93.9759,86.5932,519,19964,0.0858029,0.03,1,1218337,1217818,519
102430141,71.7903,92.2373,480,20070,0.0883211,0.09,1,1218394,1217914,480
102444741,95.1089,87.7429,523,20594,0.209733,0.09,1,1218762,1218239,523
102447661,72.2436,93.8972,482,20697,0.221893,0.09,1,1218819,1218337,482
102450581,48.6974,71.7589,458,20799,0.214757,0.13,1,1218852,1218394,458
102453501,33.879,47.3035,451,20901,0.223903,0.13,1,1218876,1218425,451
102456421,93.3516,33.3214,560,21002,0.251561,0.19,1,1219009,1218449,560
102459341,38.5406,91.9286,431,21103,0.286624,0.19,1,1219011,1218580,431
102468101,69.3066,72.2434,433,21404,0.449144,0.21,1,1219252,1218819,433
102514821,34.5813,45.193,471,22938,0.758463,0.53,2,1220200,1219729,471
102520661,40.573,95.0709,452,23122,0.794554,0.57,2,1220343,1219891,452
102529421,74.5247,89.5565,517,23396,0.935731,0.73,2,1220601,1220084,517
102625781,34.8394,43.5481,507,26221,0.942352,1,2,1222544,1222037,507
102765941,40.9552,54.015,507,29851,0.7972,1,2,1225097,1224590,507
102774701,88.8771,98.593,482,30064,0.410301,1,1,1225307,1224825,482
102783461,43.2001,40.7499,493,30274,0.0701792,1,1,1225436,1224943,493
102786381,29.8801,37.3,479,30344,0.0340717,0.95,1,1225457,1224978,479
102789301,25.152,31.72,473,30414,0.0676287,0.85,1,1225479,1225006,473
102792221,35.8608,43.888,464,30484,0.0450515,0.73,1,1225522,1225058,464
102795141,34.1443,40.9552,458,30553,0.0480206,0.63,1,1225555,1225097,458
102798061,31.0577,34.9821,456,30622,0.0372082,0.57,1,1225584,1225128,456
102800981,46.6231,54.1928,446,30691,0.0328833,0.27,1,1225641,1225195,446
102803901,77.4492,88.8771,432,30760,0.0671533,0.27,1,1225739,1225307,432
102806821,49.5797,54.7509,431,30829,0.0448613,0.05,1,1225770,1225339,431
102809741,57.0319,61.5003,427,30898,0.0959445,0.01,1,1225832,1225405,427
102815581,28.2051,29.8801,423,31034,0.0957511,0.09,1,1225880,1225457,423
102818501,25.082,25.152,424,31102,0.0923004,0.03,1,1225903,1225479,424
102821421,34.6328,35.8608,422,31170,0.0789202,0.05,1,1225944,1225522,422
102824341,35.4531,34.1443,425,31238,0.0855681,0.03,1,1225980,1225555,425
102836021,50.338,74.4677,455,31508,0.210175,0.03,1,1226194,1225739,455
102838941,57.9352,48.3871,487,31575,0.22207,0.13,1,1226257,1225770,487
102841861,38.7741,56.5548,451,31642,0.238828,0.11,1,1226283,1225832,451
102844781,29.3096,38.8219,447,31709,0.233531,0.09,1,1226306,1225859,447
102847701,24.9239,28.1288,448,31776,0.255412,0.09,1,1226328,1225880,448
102850621,33.3695,25.0515,464,31843,0.252165,0.07,1,1226367,1225903,464
102853541,36.1478,34.6206,461,31909,0.262866,0.09,1,1226405,1225944,461
102856461,29.4591,35.4482,450,31975,0.291146,0.11,1,1226430,1225980,450
102873981,30.0995,38.7741,457,32370,0.405719,0.23,1,1226740,1226283,457
102876901,25.2398,29.3096,456,32435,0.408288,0.27,1,1226762,1226306,456
102879821,32.8959,24.9238,472,32500,0.409315,0.25,1,1226800,1226328,472
102882741,37.1584,33.3695,473,32565,0.421726,0.27,1,1226840,1226367,473
102885661,30.4633,36.1478,461,32630,0.40269,0.31,1,1226866,1226405,461
102888581,49.3853,29.4591,498,32695,0.431076,0.33,1,1226928,1226430,498
102935301,38.4403,36.8273,455,33715,0.76649,0.71,2,1227613,1227158,455
102938221,29.7761,29.1309,455,33778,0.780596,0.71,2,1227637,1227182,455
102941141,25.1104,24.8524,455,33841,0.774238,0.73,2,1227659,1227204,455
102944061,33.4442,32.7409,456,33903,0.783695,0.67,2,1227698,1227242,456
102946981,36.1777,36.4964,455,33965,0.787478,0.65,2,1227736,1227281,455
102949901,31.2711,31.9986,454,34027,0.788991,0.69,2,1227764,1227310,454
102958661,35.4573,35.5039,454,34213,0.913295,0.63,2,1227940,1227486,454
102961581,35.1829,14.2016,489,34275,0.911318,0.69,2,1227975,1227486,489
103087141,46.0975,54.3754,476,36833,0.9196,1,2,1229723,1229247,476
103157221,42.3797,33.391,495,38185,0.765213,0.59,2,1230634,1230139,495
103160141,76.9519,40.3564,550,38240,0.780085,0.57,2,1230734,1230184,550
103163061,53.5808,76.7426,487,38295,0.786034,0.55,2,1230772,1230285,487
103189341,28.9274,29.3734,458,38790,0.91472,0.73,2,1231007,1230549,458
103195181,43.3884,42.3797,461,38898,0.901155,0.79,2,1231095,1230634,461
103198101,77.3554,76.9519,461,38952,0.930462,0.79,2,1231195,1230734,461
103218541,7.85996,7.99047,465,39330,0.945628,0.91,2,1231383,1230918,465
103347021,337.062,362.87,487,18980,0.43,0.61,1,1233427,1232940,487
103382061,237.425,269.348,451,18980,0.262,0.41,1,1233598,1233147,451
103387901,97.0279,104.176,456,19203,0.06832,0.03,1,1233730,1233274,456
103390821,73.0112,87.2703,437,19314,0.033328,0.07,1,1233787,1233350,437
103393741,47.8045,52.9081,438,19424,0.0133312,0.01,1,1233818,1233380,438
103396661,37.1218,40.9632,435,19533,0.0713325,0.01,1,1233848,1233413,435
103399581,79.6487,51.1853,485,19642,0.058533,0.15,1,1233956,1233471,485
103405421,85.8238,72.2696,497,19857,0.0513653,0,1,1234151,1233654,497
103408341,68.5295,74.5079,478,19964,0.0385461,0.01,1,1234208,1233730,478
103411261,47.8118,64.0031,455,20070,0.0154184,0,1,1234242,1233787,455
103414181,37.1247,44.2013,454,20176,0.0361674,0.11,1,1234272,1233818,454
103417101,79.0499,35.6805,531,20281,0.0444669,0.05,1,1234379,1233848,531
103420021,107.82,79.0722,550,20386,0.0837868,0.15,1,1234506,1233956,550
103422941,83.328,104.829,495,20490,0.0995147,0.01,1,1234573,1234078,495
103425861,66.9312,85.7316,478,20594,0.0698059,0.03,1,1234629,1234151,478
103428781,47.7725,68.4926,456,20697,0.0279224,0,1,1234664,1234208,456
103431701,38.309,47.797,454,20799,0.0291689,0.05,1,1234696,1234242,454
103434621,78.9236,37.1188,530,20901,0.0296676,0.05,1,1234802,1234272,530
103437541,109.569,79.0475,553,21002,0.065867,0.11,1,1234932,1234379,553
103440461,45.0278,107.819,428,21103,0.0803468,0.11,1,1234934,1234506,428
103446301,54.9644,66.931,423,21304,0.0716555,0,1,1235052,1234629,423
103449221,42.9858,47.7724,423,21404,0.0286622,0.03,1,1235087,1234664,423
103452141,36.3943,38.309,423,21503,0.0174649,0.03,1,1235119,1234696,423
103455061,78.1577,78.9236,423,21602,0.060986,0.09,1,1235225,1234802,423
103463821,57.8501,56.4111,428,21895,0.244623,0.03,1,1235426,1234998,428
103466741,51.94,54.9644,422,21992,0.259849,0,1,1235474,1235052,422
103469661,41.776,42.9858,422,22088,0.20594,0.01,1,1235509,1235087,422
103475501,79.7642,78.1577,425,22280,0.0869503,0.17,1,1235650,1235225,425
103484261,61.5289,57.8501,436,22564,0.200685,0.29,1,1235862,1235426,436
103487181,51.0116,23.14,480,22658,0.218274,0.27,1,1235906,1235426,480
103490101,38.4046,38.056,462,22752,0.22531,0.17,1,1235936,1235474,462
103493021,35.1618,36.2224,460,22845,0.240124,0.15,1,1235969,1235509,460
103495941,75.8647,33.689,531,22938,0.22205,0.03,1,1236072,1235541,531
103498861,118.546,78.8756,569,23030,0.21482,0.17,1,1236219,1235650,569
103501781,48.6184,114.95,432,23122,0.211928,0.17,1,1236221,1235789,432
103504701,63.2473,47.1801,503,23214,0.222771,0.23,1,1236294,1235791,503
103507621,51.6989,61.472,476,23305,0.275108,0.23,1,1236338,1235862,476
103519301,118.779,75.8633,579,23667,0.422195,0.21,1,1236651,1236072,579
103560181,31.5937,31.2322,447,24892,0.756157,0.53,2,1237287,1236840,447
103566021,122.535,120.317,450,25062,0.794185,0.61,2,1237544,1237094,450
103568941,50.214,49.3269,450,25147,0.791674,0.61,2,1237546,1237096,450
103577701,24.6697,23.4609,456,25399,0.913467,0.77,2,1237678,1237222,456
103580621,30.2679,27.9844,459,25482,0.935387,0.77,2,1237712,1237253,459
103694501,62.7821,98.8848,513,28545,0.928,1,2,1239942,1239429,513
103712021,32.8787,32.1175,512,28987,0.426537,1,1,1240189,1239677,512
103720781,61.9602,114.952,501,29206,0.0716984,0.88,1,1240415,1239914,501
103723701,42.1841,62.7806,502,29278,0.0466793,0.85,1,1240444,1239942,502
103726621,59.4736,47.3122,536,29350,0.0486717,0.61,1,1240515,1239979,536
103729541,41.1895,66.3249,486,29422,0.0254687,0.61,1,1240544,1240058,486
103732461,31.4758,45.73,479,29494,0.0881875,0.57,1,1240569,1240090,479
103738301,27.5961,37.1968,468,29638,0.09211,0.37,1,1240627,1240159,468
103744141,100.655,34.7515,581,29780,0.0591376,0.01,1,1240806,1240225,581
103747061,41.4622,109.901,423,29851,0.041655,0.03,1,1240808,1240385,423
103749981,33.9849,61.9602,422,29922,0.022662,0.03,1,1240837,1240415,422
103752901,30.9939,42.1841,422,29993,0.0270648,0.05,1,1240866,1240444,422
103755821,56.1976,59.4736,424,30064,0.0288259,0.01,1,1240939,1240515,424
103758741,39.879,41.1895,424,30134,0.0175304,0.13,1,1240968,1240544,424
103761661,33.9516,31.4758,429,30204,0.0250121,0.15,1,1240998,1240569,429
103764581,32.7806,32.9903,427,30274,0.0640049,0.07,1,1241030,1240603,427
103767501,26.9123,27.5961,426,30344,0.0796019,0.11,1,1241053,1240627,426
103770421,30.5649,29.6384,428,30414,0.0978408,0.03,1,1241086,1240658,428
103779181,32.9642,33.9849,422,30622,0.0943418,0.03,1,1241259,1240837,422
103782101,31.1857,30.9939,423,30691,0.0557367,0.03,1,1241289,1240866,423
103785021,56.2743,56.1976,423,30760,0.0402947,0.01,1,1241362,1240939,423
103787941,39.9097,39.879,423,30829,0.0341179,0.03,1,1241391,1240968,423
103790861,33.9639,33.9516,423,30898,0.0676472,0.09,1,1241421,1240998,423
103793781,33.9856,32.7806,425,30966,0.0930589,0.09,1,1241455,1241030,425
103796701,27.9942,26.9123,426,31034,0.0912235,0.11,1,1241479,1241053,426
103799621,30.3977,30.5649,425,31102,0.0904894,0.13,1,1241511,1241086,425
103831741,100.506,30.3653,572,31843,0.224604,0.15,1,1242083,1241511,572
103834661,41.4025,98.5461,430,31909,0.251842,0.19,1,1242085,1241655,430
103837581,32.161,40.6184,454,31975,0.286737,0.15,1,1242111,1241657,454
103858021,31.3204,28.9134,461,32435,0.426812,0.17,1,1242365,1241904,461
103898901,35.3001,33.8765,448,33337,0.760479,0.55,2,1242995,1242547,448
103901821,32.1201,30.9506,449,33400,0.778191,0.55,2,1243025,1242576,449
103904741,56.048,55.5802,449,33463,0.797277,0.55,2,1243097,1242648,449
103928101,44.3608,43.2504,457,33965,0.912239,0.81,2,1243422,1242965,457
103931021,37.5443,35.3001,460,34027,0.910895,0.79,2,1243455,1242995,460
103933941,33.6177,32.1201,461,34089,0.910358,0.81,2,1243486,1243025,461
103936861,57.2471,56.048,462,34151,0.922143,0.81,2,1243559,1243097,462
103939781,24.0988,23.6192,462,34213,0.902857,0.81,2,1243561,1243099,462
103945621,29.7758,20.5791,494,34337,0.904057,0.85,2,1243621,1243127,494
103948541,33.5103,28.0316,497,34399,0.919623,0.81,2,1243657,1243160,497
103951461,30.2041,32.8127,489,34460,0.925849,0.79,2,1243685,1243196,489
103954381,35.4817,30.5251,499,34521,0.91634,0.83,2,1243724,1243225,499
104090161,255.439,253.843,507,16192,0.25,0.93,1,1245848,1245341,507
104096001,101.35,117.175,476,16453,0.0652,0.49,1,1245992,1245516,476
104098921,74.1401,91.87,457,16582,0.04408,0.35,1,1246048,1245591,457
104101841,43.456,54.748,450,16710,0.083632,0.35,1,1246071,1245621,450
104104761,136.782,34.4992,628,16837,0.0994528,0.01,1,1246270,1245642,628
104107681,97.313,137.4,493,16963,0.0577811,0.03,1,1246341,1245848,493
104110601,83.3252,98.1599,495,17088,0.0231124,0.03,1,1246415,1245920,495
104113521,66.3301,82.4639,478,17212,0.099245,0.03,1,1246470,1245992,478
104117901,137.213,40.4342,625,17457,0.230679,0.11,1,1246696,1246071,625
104120821,55.4851,135.574,427,17579,0.278272,0.03,1,1246697,1246270,427
104138341,57.4387,55.4802,437,18292,0.271543,0.35,1,1247134,1246697,437
104141261,63.7755,62.9921,437,18408,0.294617,0.33,1,1247202,1246765,437
104150021,41.7856,40.9915,438,18752,0.428535,0.29,1,1247363,1246925,438
104179221,75.7934,50.4569,529,19854,0.761974,0.61,2,1248166,1247637,529
104182141,67.5174,68.1828,511,19961,0.76679,0.63,2,1248228,1247717,511
104185061,43.8069,63.8731,478,20067,0.780716,0.65,2,1248256,1247778,478
104189441,61.2491,140.3,456,20278,0.930115,0.73,2,1248467,1248011,456
104277041,35.6306,44.3977,520,23212,0.946,1,2,1250457,1249937,520
104329601,53.3854,54.1534,437,24805,0.400392,0.35,1,1251511,1251074,437
104358801,123.581,27.1417,621,25646,0.760325,0.55,2,1252163,1251542,621
104490201,65.7123,109.858,526,29131,0.770032,1,2,1254581,1254055,526
104498961,36.5816,37.4389,527,29348,0.793522,1,2,1254682,1254155,527
104557361,33.5733,34.0169,447,30758,0.751482,0.55,2,1255592,1255145,447
104560281,30.2293,30.4068,447,30827,0.786593,0.61,2,1255620,1255173,447
104586561,34.2814,22.0533,493,31439,0.913743,0.77,2,1256049,1255556,493
104589481,31.7126,30.4213,487,31506,0.947497,0.81,2,1256079,1255592,487
104674161,28.8774,31.1376,494,33398,0.945462,1,2,1257440,1256946,494
104677081,29.551,39.455,479,33461,0.924185,1,2,1257470,1256991,479
104680001,27.4204,25.382,489,33524,0.927674,1,2,1257496,1257007,489
104688761,42.6269,41.9684,481,33713,0.926491,1,2,1257627,1257146,481
104691681,35.0508,34.1874,482,33776,0.904597,0.99,2,1257657,1257175,482
104694601,105.82,107.275,479,33839,0.907839,0.99,2,1257810,1257331,479
104697521,58.5281,62.71,473,33901,0.909135,1,2,1257837,1257364,473
104700441,32.4112,36.484,469,33963,0.921654,1,2,1257852,1257383,469
104703361,30.9645,33.1936,468,34025,0.938662,0.91,2,1257882,1257414,468
104706281,29.7858,28.8774,471,34087,0.921465,0.91,2,1257911,1257440,471
104712121,26.1257,27.4204,468,34211,0.938234,0.93,2,1257964,1257496,468
104715041,24.8503,10.9682,492,34273,0.933294,0.97,2,1257988,1257496,492
104817241,42.0989,50.6237,480,36368,0.94,1,2,1259473,1258993,480
104843521,25.7644,27.7954,502,36888,0.928693,1,2,1259867,1259365,502
104846441,30.7058,26.1182,511,36945,0.929477,1,2,1259901,1259390,511
104849361,29.0823,30.2473,506,37002,0.917791,0.9,2,1259929,1259423,506
104852281,29.0329,42.0989,485,37059,0.937116,1,2,1259958,1259473,485
104861041,31.2341,13.6383,518,37230,0.943895,1,2,1260054,1259536,518
104863961,94.6936,27.6553,618,37287,0.941558,0.92,2,1260191,1259573,618
105001201,30.2328,34.5935,492,39861,0.937539,1,2,1261918,1261426,492
105009961,34.4069,31.398,494,40020,0.939122,1,2,1262008,1261514,494
105015801,48.1051,33.1037,511,40126,0.94826,1,2,1262142,1261631,511
105182241,34.887,34.8536,507,43021,0.933232,1,2,1264188,1263681,507
105376421,185.679,182.953,495,21270,0.2284,0.63,1,1266439,1265944,495
105385181,64.2994,78.237,450,21568,0.0710176,0.13,1,1266634,1266184,450
105388101,77.9198,67.8948,476,21666,0.058407,0.09,1,1266721,1266245,476
105391021,38.3679,60.1579,433,21764,0.0893628,0,1,1266733,1266300,433
105393941,36.3472,40.2632,441,21861,0.0417451,0.07,1,1266768,1266327,441
105396861,70.9389,83.3053,423,21958,0.046698,0.05,1,1266862,1266439,423
105399781,84.7755,87.9221,426,22055,0.0366792,0.09,1,1266956,1266530,426
105408541,76.4896,75.299,427,22342,0.0678675,0.11,1,1267148,1266721,427
105411461,36.5959,37.3196,425,22437,0.027147,0.01,1,1267158,1266733,425
105414381,35.0383,35.9278,424,22532,0.0108588,0.01,1,1267192,1266768,424
105417301,71.0153,14.3711,519,22626,0.0223435,0.05,1,1267287,1266768,519
105420221,83.0061,62.1485,516,22720,0.0509374,0.03,1,1267378,1266862,516
105449421,73.5614,54.4401,515,23636,0.221875,0.19,1,1267997,1267482,515
105452341,35.4246,73.976,438,23726,0.23875,0.15,1,1268007,1267569,438
105455261,34.5698,35.5904,462,23815,0.2575,0.15,1,1268041,1267579,462
105458181,70.8279,34.6362,523,23904,0.253,0.07,1,1268136,1267613,523
105461101,29.5312,72.0545,428,23993,0.2512,0.19,1,1268138,1267710,428
105464021,68.8125,84.0218,431,24081,0.29848,0.17,1,1268233,1267802,431
105466941,65.925,72.0087,431,24169,0.293392,0.19,1,1268297,1267866,431
105469861,54.57,56.4035,432,24257,0.291357,0.25,1,1268344,1267912,432
105487381,69.9366,68.8125,436,24776,0.421514,0.29,1,1268669,1268233,436
105528261,73.1755,35.1796,545,25948,0.772171,0.63,2,1269459,1268914,545
105537021,67.8752,72.4515,514,26192,0.924699,0.61,2,1269626,1269112,514
105683021,29.7448,37.1951,489,29966,0.933988,1,2,1272233,1271744,489
105685941,49.0979,52.078,489,30037,0.943595,0.97,2,1272295,1271806,489
105814421,65.7716,70.1644,485,32992,0.798142,1,2,1274398,1273913,485
105831941,38.0646,39.7614,466,33375,0.904262,0.87,2,1274639,1274173,466
105834861,33.8258,35.7046,464,33438,0.907705,0.91,2,1274670,1274206,464
105837781,26.1303,25.6818,466,33501,0.921082,0.83,2,1274691,1274225,466
105840701,40.4521,42.0727,463,33564,0.926433,0.83,2,1274741,1274278,463
105846541,65.7523,65.7716,464,33690,0.939029,0.81,2,1274862,1274398,464
105972101,36.4127,37.1312,498,36292,0.949982,1,2,1276654,1276156,498
105989621,48.3951,43.8887,493,36640,0.230749,1,1,1276911,1276418,493
105995461,35.9432,42.1822,482,36756,0.0549198,0.95,1,1276979,1276497,482
105998381,43.7773,48.0729,479,36813,0.0279679,1,1,1277028,1276549,479
106001301,42.7109,40.8292,485,36870,0.0531872,1,1,1277070,1276585,485
106004221,26.6844,35.5317,469,36927,0.0512749,0.92,1,1277086,1276617,469
106007141,30.4737,36.4127,465,36984,0.0745099,0.85,1,1277119,1276654,465
106010061,27.1895,31.3651,462,37041,0.071804,0.77,1,1277144,1276682,462
106012981,31.2758,34.746,459,37098,0.0587216,0.67,1,1277178,1276719,459
106015901,37.7103,43.2984,452,37155,0.0654886,0.67,1,1277220,1276768,452
106018821,37.2841,17.3194,489,37212,0.0561955,0.43,1,1277257,1276768,489
106021741,38.3137,36.3277,479,37269,0.0524782,0.27,1,1277296,1276817,479
106024661,40.5255,40.3311,478,37326,0.0749913,0.13,1,1277338,1276860,478
106027581,34.8102,46.7324,458,37383,0.0599965,0.05,1,1277369,1276911,458
106030501,32.5241,39.693,454,37440,0.0539986,0.01,1,1277400,1276946,454
106033421,42.4096,35.6772,470,37496,0.0395994,0.01,1,1277449,1276979,470
106036341,45.1639,43.6709,468,37552,0.0338398,0.07,1,1277496,1277028,468
106039261,24.6655,42.6684,437,37608,0.0435359,0.05,1,1277507,1277070,437
106042181,32.0662,26.6673,458,37664,0.0474144,0.09,1,1277544,1277086,458
106045101,26.0265,30.4669,447,37720,0.0489657,0.07,1,1277566,1277119,447
106048021,31.4106,27.1868,457,37776,0.0855863,0.05,1,1277601,1277144,457
106050941,37.7642,31.2747,465,37832,0.0762345,0.07,1,1277643,1277178,465
106062621,33.6164,40.5254,454,38056,0.22232,0.05,1,1277792,1277338,454
106065541,32.6465,34.8102,455,38112,0.214928,0.05,1,1277824,1277369,455
106071381,45.0634,42.4096,469,38222,0.205988,0.03,1,1277918,1277449,469
106074301,24.0254,45.1639,432,38277,0.208395,0.05,1,1277928,1277496,432
106077221,33.0102,24.6655,460,38332,0.233358,0.05,1,1277967,1277507,460
106080141,27.6041,32.0662,447,38387,0.243343,0.05,1,1277991,1277544,447
106083061,32.6416,26.0265,461,38442,0.247337,0.11,1,1278027,1277566,461
106085981,39.4567,31.4106,470,38497,0.260935,0.07,1,1278071,1277601,470
106088901,39.7827,37.7642,468,38552,0.278374,0.17,1,1278111,1277643,468
106091821,38.7131,38.5057,467,38607,0.28535,0.19,1,1278149,1277682,467
106094741,16.6852,37.6023,432,38662,0.28814,0.19,1,1278151,1277719,432
106097661,34.2741,42.0409,433,38717,0.289256,0.25,1,1278197,1277764,433
106100581,31.1096,33.6164,434,38772,0.289702,0.21,1,1278226,1277792,434
106144381,38.5575,38.4575,437,39581,0.400036,0.31,1,1278738,1278301,437
106158981,32.5395,33.4888,437,39846,0.417367,0.33,1,1278898,1278461,437
106208621,17.4393,39.3784,448,40738,0.760314,0.51,2,1279472,1279024,448
106231981,27.9891,35.3173,474,41151,0.908547,0.61,2,1279752,1279278,474
106234901,35.1956,27.9269,491,41202,0.933419,0.65,2,1279792,1279301,491
106430541,31.9303,33.0932,519,44504,0.772681,1,2,1282095,1281576,519
106553181,31.6252,24.535,486,46453,0.756323,0.61,2,1283362,1282876,486
106567781,26.1661,30.1744,477,46678,0.914206,0.67,2,1283506,1283029,477
106570701,22.4664,25.2698,475,46723,0.947682,0.67,2,1283526,1283051,475
106859781,48.2681,59.4691,452,24085,0.784004,0.59,2,1287063,1286611,452
106871461,68.8965,66.3416,457,24435,0.907063,0.75,2,1287343,1286886,457
107037901,46.4058,62.5856,520,28963,0.7684,1,2,1290512,1289992,520
107046661,49.29,40.0775,533,29182,0.280778,1,1,1290645,1290112,533
107052501,66.2064,69.4124,533,29327,0.0893244,1,1,1290795,1290262,533
107055421,55.8826,60.165,528,29399,0.0537298,1,1,1290844,1290316,528
107058341,36.753,53.466,503,29471,0.0634919,1,1,1290868,1290365,503
107061261,53.7012,41.7864,534,29543,0.0553968,0.81,1,1290933,1290399,534
107064181,39.4805,63.5146,486,29615,0.0401587,0.69,1,1290963,1290477,486
107067101,33.7922,46.4058,481,29686,0.0940635,0.65,1,1290993,1290512,481
107070021,34.5169,39.5623,481,29757,0.0676254,0.33,1,1291028,1290547,481
107072941,38.4067,42.2249,478,29828,0.0930502,0.15,1,1291069,1290591,478
107078781,59.4251,72.516,426,29970,0.047288,0.07,1,1291159,1290733,426
107081701,60.37,66.2064,425,30041,0.0489152,0.03,1,1291220,1290795,425
107084621,52.948,55.8826,424,30111,0.0615661,0.07,1,1291268,1290844,424
107087541,35.5792,36.753,424,30181,0.0426264,0.05,1,1291292,1290868,424
107090461,52.0317,53.7012,422,30251,0.0830506,0.03,1,1291355,1290933,422
107093381,40.0127,39.4805,424,30321,0.0392202,0.13,1,1291387,1290963,424
107096301,35.2051,33.7922,426,30391,0.0816881,0.05,1,1291419,1290993,426
107110901,61.2015,60.37,425,30737,0.0768013,0.07,1,1291645,1291220,425
107113821,51.4806,52.948,422,30806,0.0727205,0.03,1,1291690,1291268,422
107116741,35.5922,35.5792,423,30875,0.0350882,0.11,1,1291715,1291292,423
107119661,52.0369,52.0317,423,30944,0.0320353,0.01,1,1291778,1291355,423
107122581,39.4148,40.0127,422,31012,0.0308141,0.11,1,1291809,1291387,422
107125501,37.3659,35.2051,426,31080,0.0543256,0.13,1,1291845,1291419,426
107128421,38.3464,35.682,429,31148,0.0637303,0.17,1,1291884,1291455,429
107131341,40.5385,38.2728,431,31216,0.0794921,0.19,1,1291926,1291495,431
107134261,17.4154,16.5091,431,31284,0.0617968,0.19,1,1291928,1291497,431
107137181,52.5662,6.60365,507,31352,0.0667187,0.13,1,1292004,1291497,507
107140101,58.8265,53.0415,486,31419,0.0446875,0.03,1,1292067,1291581,486
107143021,51.1306,59.6166,468,31486,0.071875,0.07,1,1292113,1291645,468
107145941,34.2522,50.8466,446,31553,0.09475,0.01,1,1292136,1291690,446
107148861,52.1009,35.3387,485,31620,0.0919,0.03,1,1292200,1291715,485
107151781,38.8404,51.9355,452,31687,0.06676,0.03,1,1292230,1291778,452
107154701,37.7361,39.3742,458,31754,0.080704,0.07,1,1292267,1291809,458
107157621,38.4945,37.3497,461,31821,0.0742816,0.07,1,1292306,1291845,461
107160541,41.7978,38.3399,466,31887,0.0837126,0.09,1,1292350,1291884,466
107163461,17.9191,40.5359,426,31953,0.0634851,0.05,1,1292352,1291926,426
107169301,58.3071,52.5658,486,32085,0.0953576,0.03,1,1292490,1292004,486
107172221,53.3228,58.8263,473,32151,0.068143,0.09,1,1292540,1292067,473
107175141,34.5291,51.1305,449,32217,0.0692572,0.11,1,1292562,1292113,449
107178061,51.6117,34.2522,489,32283,0.0817029,0.09,1,1292625,1292136,489
107180981,37.4447,52.1009,453,32349,0.0866812,0.05,1,1292653,1292200,453
107195581,55.0497,17.9191,503,32674,0.241204,0.13,1,1292855,1292352,503
107198501,56.8199,52.7676,485,32739,0.258482,0.09,1,1292913,1292428,485
107201421,23.9279,58.3071,425,32804,0.265393,0.05,1,1292915,1292490,425
107204341,39.5712,53.3228,425,32868,0.268157,0.07,1,1292965,1292540,425
107207261,29.0285,34.5291,425,32932,0.293263,0.09,1,1292987,1292562,425
107227701,56.6962,55.0497,435,33379,0.4096,0.27,1,1293290,1292855,435
107230621,57.4785,56.8199,435,33442,0.44584,0.27,1,1293348,1292913,435
107277341,38.4926,47.8225,478,34441,0.765676,0.59,2,1293966,1293488,478
107280261,39.397,35.929,490,34502,0.79227,0.59,2,1294006,1293516,490
107286101,45.3035,39.3486,499,34624,0.795163,0.59,2,1294095,1293596,499
107289021,19.3214,45.1395,452,34685,0.792065,0.63,2,1294097,1293645,452
107291941,62.9286,19.2558,542,34746,0.766826,0.71,2,1294189,1293647,542
107294861,59.9714,60.5023,512,34807,0.78073,0.71,2,1294247,1293735,512
107297781,25.1886,59.0009,456,34868,0.798292,0.67,2,1294249,1293793,456
107318221,44.8679,39.7588,509,35290,0.900169,0.79,2,1294555,1294046,509
107321141,19.1472,45.3035,462,35350,0.906068,0.79,2,1294557,1294095,462
107324061,61.6589,19.3214,550,35410,0.944427,0.75,2,1294647,1294097,550
107437941,32.6642,39.479,501,37667,0.916,1,2,1296185,1295684,501
107464221,61.7463,32.6348,551,38170,0.402402,1,1,1296545,1295994,551
107478821,29.5225,31.6657,492,38445,0.426089,0.79,1,1296708,1296216,492
107487581,30.7614,33.0106,482,38610,0.42639,0.63,1,1296810,1296328,482
107490501,13.5046,35.4042,447,38665,0.416556,0.57,1,1296812,1296365,447
107493421,22.8018,32.1617,446,38720,0.436622,0.45,1,1296841,1296395,446
107496341,31.9207,35.6647,446,38775,0.432649,0.41,1,1296879,1296433,446
107543061,56.2124,56.0189,445,39636,0.763067,0.53,2,1297482,1297037,445
107581021,58.2639,57.8213,515,40323,0.93792,0.79,2,1297942,1297427,515
107583941,40.7055,56.1285,489,40375,0.945168,0.83,2,1297971,1297482,489
107586861,30.6822,39.2514,485,40427,0.948067,0.81,2,1297995,1297510,485
107589781,32.6729,30.1006,495,40479,0.949227,0.85,2,1298029,1297534,495
107592701,31.0692,32.4402,491,40531,0.949691,0.81,2,1298059,1297568,491
107775201,326.298,344.46,490,18980,0.442,1,1,1300262,1299772,490
107797101,476.119,524.184,422,17520,0.2308,0.01,1,1300838,1300416,422
107802941,127.059,133.789,444,19925,0.044128,0.07,1,1300960,1300516,444
107805861,93.4236,93.1158,449,20031,0.0476512,0.05,1,1301031,1300582,449
107808781,72.1695,78.6463,438,20137,0.0190605,0.01,1,1301089,1300651,438
107811701,84.6678,51.2585,498,20242,0.0376242,0,1,1301182,1300684,498
107814621,82.4671,82.9034,475,20347,0.0330497,0.09,1,1301263,1300788,475
107817541,67.7868,63.1614,483,20451,0.0432199,0.03,1,1301321,1300838,483
107820461,63.7147,62.4645,482,20555,0.0172879,0,1,1301382,1300900,482
107823381,68.0859,60.9858,493,20658,0.0129152,0.05,1,1301453,1300960,493
107826301,62.0344,66.9943,480,20761,0.00516607,0,1,1301511,1301031,480
107829221,81.2137,61.5977,516,20863,0.0320664,0.05,1,1301605,1301089,516
107832141,80.4855,80.4391,503,20965,0.0428266,0.03,1,1301685,1301182,503
107835061,33.3942,80.7756,424,21066,0.0471306,0.05,1,1301687,1301263,424
107837981,46.9577,67.1103,422,21167,0.0368523,0,1,1301743,1301321,422
107840901,55.9831,63.4441,423,21267,0.0327409,0.01,1,1301805,1301382,423
107843821,64.9932,67.9776,423,21367,0.0430964,0,1,1301876,1301453,423
107846741,60.7973,61.9911,423,21466,0.0352385,0.05,1,1301934,1301511,423
107849661,81.3189,81.1964,424,21565,0.0920954,0.05,1,1302029,1301605,424
107852581,80.5276,80.4786,424,21663,0.0668382,0.05,1,1302109,1301685,424
107855501,33.411,33.3914,424,21761,0.0807353,0.03,1,1302111,1301687,424
107858421,46.3644,46.9566,423,21858,0.0502941,0.03,1,1302166,1301743,423
107861341,55.7458,55.9826,423,21955,0.0381176,0.05,1,1302228,1301805,423
107864261,64.2983,64.9931,422,22052,0.0452471,0.03,1,1302298,1301876,422
107867181,60.5193,60.7972,422,22148,0.0240988,0.13,1,1302356,1301934,422
107870101,83.6077,81.3189,426,22244,0.0396395,0.05,1,1302455,1302029,426
107873021,80.2431,80.5276,424,22339,0.0698558,0.09,1,1302533,1302109,424
107875941,33.2972,33.411,424,22434,0.0819423,0.03,1,1302535,1302111,424
107878861,45.7189,46.3644,423,22529,0.0867769,0.03,1,1302589,1302166,423
107881781,54.8876,18.5458,484,22623,0.0767108,0.03,1,1302650,1302166,484
107884701,63.355,44.6183,491,22717,0.0966843,0.05,1,1302719,1302228,491
107887621,60.142,59.8473,479,22810,0.0446737,0.01,1,1302777,1302298,479
107890541,85.2568,58.7389,523,22903,0.0238695,0.05,1,1302879,1302356,523
107893461,80.3027,82.8956,501,22996,0.0395478,0.09,1,1302956,1302455,501
107896381,33.3211,79.9582,425,23088,0.0458191,0.09,1,1302958,1302533,425
107899301,45.7284,33.1833,477,23180,0.0723276,0.09,1,1303012,1302535,477
107902221,56.0914,45.6733,486,23271,0.0949311,0.07,1,1303075,1302589,486
107905141,65.0366,54.8693,496,23362,0.0919724,0.11,1,1303146,1302650,496
107908061,57.8146,63.3477,480,23453,0.078789,0.01,1,1303199,1302719,480
107910981,84.3258,60.1391,524,23543,0.0615156,0.01,1,1303301,1302777,524
107913901,80.5303,85.2556,500,23633,0.0786062,0.05,1,1303379,1302879,500
107916821,33.4121,80.3023,425,23723,0.0854425,0.05,1,1303381,1302956,425
107937261,80.4547,80.5303,426,24341,0.23572,0.09,1,1303805,1303379,426
107940181,33.3819,33.4121,426,24428,0.280288,0.11,1,1303807,1303381,426
107943101,47.5528,46.9649,427,24515,0.298115,0.11,1,1303864,1303437,427
107963541,34.7523,33.3819,436,25114,0.416616,0.31,1,1304243,1303807,436
107966461,49.3009,47.5528,438,25198,0.448646,0.35,1,1304302,1303864,438
107969381,58.1204,58.0211,437,25282,0.449459,0.35,1,1304366,1303929,437
108004421,87.5758,50.3436,558,26270,0.750636,0.59,2,1305046,1304488,558
108007341,87.8303,84.9374,538,26351,0.750254,0.59,2,1305134,1304596,538
108010261,36.3321,86.175,453,26431,0.798102,0.59,2,1305136,1304683,453
108027781,88.3027,52.4395,570,26908,0.913132,0.77,2,1305505,1304935,570
108030701,36.5211,87.5758,461,26987,0.923253,0.75,2,1305507,1305046,461
108121221,54.0225,44.008,538,29320,0.931312,1,2,1307141,1306603,538
108124141,39.609,62.6032,493,29392,0.918525,1,2,1307171,1306678,493
108129981,54.4574,46.3765,533,29536,0.776964,1,2,1307283,1306750,533
108153341,37.2066,39.609,469,30104,0.41856,0.85,1,1307640,1307171,469
108156261,41.8826,47.6436,461,30174,0.413424,0.71,1,1307685,1307224,461
108159181,49.7531,54.4574,457,30244,0.41137,0.61,1,1307740,1307283,457
108162101,82.3012,85.383,455,30314,0.422548,0.57,1,1307844,1307389,455
108165021,47.9205,52.7532,449,30384,0.439019,0.49,1,1307869,1307420,449
108167941,54.5682,58.3013,446,30454,0.433608,0.45,1,1307928,1307482,446
108220501,84.508,49.9085,553,31681,0.750967,0.63,2,1308735,1308182,553
108223421,50.6032,81.7634,478,31748,0.762387,0.63,2,1308763,1308285,478
108226341,56.2413,49.5054,510,31815,0.766955,0.63,2,1308823,1308313,510
108229261,40.4965,54.6021,482,31881,0.792782,0.67,2,1308853,1308371,482
108249701,85.5865,49.2699,567,32343,0.934645,0.77,2,1309194,1308627,567
108381101,54.156,80.8817,513,35164,0.790941,1,2,1311132,1310619,513
108392781,34.804,39.4578,512,35404,0.404296,1,1,1311298,1310786,512
108398621,32.5686,38.2332,502,35524,0.289087,1,1,1311358,1310856,502
108407381,26.6364,32.0629,498,35702,0.0873816,1,1,1311454,1310956,498
108410301,25.6546,30.2252,494,35761,0.0769526,0.81,1,1311479,1310985,494
108413221,58.2618,76.8901,466,35820,0.0487811,0.73,1,1311559,1311093,466
108416141,43.7047,54.156,461,35879,0.0615124,0.67,1,1311593,1311132,461
108419061,51.0819,60.0624,453,35938,0.090605,0.57,1,1311649,1311196,453
108421981,36.0328,42.025,449,35997,0.066242,0.49,1,1311675,1311226,449
108424901,37.2131,42.01,445,36056,0.0684968,0.31,1,1311713,1311268,445
108427821,29.2852,34.804,439,36115,0.0933987,0.31,1,1311737,1311298,439
108471621,35.1524,35.2343,427,36982,0.204849,0.15,1,1312258,1311831,427
108477461,24.2244,23.6375,428,37096,0.204376,0.13,1,1312304,1311876,428
108480381,25.2898,26.255,426,37153,0.23175,0.13,1,1312330,1311904,426
108483301,55.7159,10.502,502,37210,0.2547,0.11,1,1312406,1311904,502
108486221,43.2864,51.0008,459,37267,0.27588,0.11,1,1312441,1311982,459
108489141,53.3145,41.4003,484,37324,0.296352,0.11,1,1312501,1312017,484
108497901,31.5161,37.9776,453,37494,0.400327,0.17,1,1312592,1312139,453
108500821,28.8065,30.191,455,37550,0.430131,0.19,1,1312619,1312164,455
108503741,28.3226,27.6764,457,37606,0.418052,0.21,1,1312647,1312190,457
108506661,35.329,27.8706,469,37662,0.425221,0.21,1,1312687,1312218,469
108509581,29.7316,35.1482,455,37718,0.428088,0.19,1,1312713,1312258,455
108512501,25.0926,29.0593,452,37774,0.429235,0.21,1,1312735,1312283,452
108573821,29.2063,29.0357,454,38932,0.75628,0.63,2,1313514,1313060,454
108576741,28.4825,29.0143,453,38986,0.788512,0.65,2,1313542,1313089,453
108608861,35.0894,34.0158,459,39579,0.904211,0.77,2,1313947,1313488,459
108620541,30.6775,30.2372,463,39791,0.927516,0.87,2,1314073,1313610,463
108763621,31.6698,30.9156,500,42312,0.788055,1,2,1315842,1315342,500
108781141,32.9418,32.7401,495,42612,0.292735,1,1,1316030,1315535,495
108784061,28.1767,31.6961,489,42662,0.231094,0.99,1,1316055,1315566,489
108789901,43.9883,46.3514,486,42760,0.090975,1,1,1316164,1315678,486
108792821,28.9953,36.5405,475,42809,0.07839,1,1,1316183,1315708,475
108795741,28.3981,33.2162,472,42858,0.049356,0.83,1,1316211,1315739,472
108798661,31.1592,36.6865,466,42907,0.0497424,0.81,1,1316244,1315778,466
108801581,31.0637,35.6746,462,42956,0.049897,0.75,1,1316275,1315813,462
108804501,28.0255,31.6698,459,43005,0.0619588,0.75,1,1316301,1315842,459
108807421,29.2102,12.6679,489,43054,0.0307835,0.65,1,1316331,1315842,489
108810341,28.4841,24.8672,484,43103,0.0423134,0.61,1,1316359,1315875,484
108813261,26.3936,29.7469,476,43152,0.0709254,0.51,1,1316384,1315908,476
108816181,21.3575,30.4987,463,43201,0.0703701,0.41,1,1316402,1315939,463
108819101,27.143,25.3995,472,43250,0.0941481,0.33,1,1316433,1315961,472
108845381,28.5992,31.0636,448,43688,0.0796298,0.07,1,1316723,1316275,448
108848301,28.8397,28.0254,451,43736,0.0978519,0.01,1,1316752,1316301,451
108851221,30.1359,29.2102,452,43784,0.0571408,0.05,1,1316783,1316331,452
108854141,28.2543,28.4841,451,43832,0.0648563,0.09,1,1316810,1316359,451
108857061,20.9017,26.3936,442,43880,0.0679425,0.07,1,1316826,1316384,442
108859981,28.1607,21.3575,457,43928,0.081177,0.11,1,1316859,1316402,457
108862901,28.6643,27.143,455,43976,0.0984708,0.13,1,1316888,1316433,455
108874581,26.457,41.4229,446,44168,0.0984729,0.11,1,1317031,1316585,446
108877501,26.7828,27.9691,454,44216,0.0813891,0.19,1,1317058,1316604,454
108880421,31.1131,27.9877,460,44264,0.0625557,0.13,1,1317092,1316632,460
108883341,28.0452,30.9951,453,44312,0.0550223,0.11,1,1317118,1316665,453
108886261,29.2181,30.998,452,44360,0.0400089,0.05,1,1317148,1316696,452
108889181,28.4872,28.5992,453,44408,0.0340036,0.11,1,1317176,1316723,453
108892101,29.9949,28.8397,455,44456,0.0316014,0.03,1,1317207,1316752,455
108895021,13.198,30.1359,426,44503,0.0306406,0.07,1,1317209,1316783,426
108897941,20.8792,28.2543,425,44550,0.0542562,0.07,1,1317235,1316810,425
108900861,17.9517,20.9017,425,44597,0.0757025,0.09,1,1317251,1316826,425
108918381,25.8088,26.457,426,44879,0.212818,0.07,1,1317457,1317031,426
108921301,25.9235,26.7828,425,44926,0.235127,0.05,1,1317483,1317058,425
108924221,30.1694,31.1131,424,44973,0.256051,0.05,1,1317516,1317092,424
108927141,27.6678,28.0452,424,45020,0.28842,0.03,1,1317542,1317118,424
108935901,29.8747,29.9949,423,45161,0.260619,0.03,1,1317630,1317207,423
108938821,13.1499,13.198,423,45208,0.266248,0.07,1,1317632,1317209,423
108941741,21.46,20.8792,424,45255,0.256499,0.09,1,1317659,1317235,424
108944661,18.184,17.9517,424,45302,0.2406,0.13,1,1317675,1317251,424
108947581,30.0736,27.5807,428,45349,0.23424,0.13,1,1317713,1317285,428
108950501,30.0294,29.0323,428,45396,0.243696,0.13,1,1317743,1317315,428
108953421,26.4118,26.0129,428,45442,0.271478,0.17,1,1317767,1317339,428
108956341,53.1647,51.8052,430,45488,0.282591,0.21,1,1317838,1317408,430
108959261,41.0659,40.5221,430,45534,0.299037,0.23,1,1317871,1317441,430
108976781,28.3166,28.1868,435,45810,0.404554,0.23,1,1318034,1317599,435
108979701,28.7266,29.8747,433,45856,0.443821,0.27,1,1318063,1317630,433
108982621,12.6906,13.1499,433,45902,0.435529,0.25,1,1318065,1317632,433
108985541,20.6763,21.46,432,45948,0.432211,0.25,1,1318091,1317659,432
108988461,17.8705,8.58398,448,45994,0.430885,0.23,1,1318107,1317659,448
109035181,31.7681,17.8705,483,46722,0.772473,0.47,2,1318590,1318107,483
109038101,31.3072,30.5482,475,46767,0.782989,0.49,2,1318621,1318146,475
109073141,21.5026,13.0015,484,47307,0.798221,0.75,2,1318991,1318507,484
109076061,18.201,20.8006,474,47352,0.793288,0.75,2,1319007,1318533,474
109078981,8.48041,17.9202,460,47397,0.791315,0.79,2,1319009,1318549,460
109084821,29.6769,31.3072,461,47485,0.79981,0.83,2,1319082,1318621,461
109087741,28.6707,28.1229,463,47529,0.793924,0.85,2,1319110,1318647,463
109099421,28.67,29.8175,462,47705,0.903956,0.79,2,1319269,1318807,462
109102341,34.268,35.327,461,47749,0.919583,0.85,2,1319307,1318846,461
109105261,30.5072,30.3308,462,47793,0.937833,0.81,2,1319335,1318873,462
109108181,30.2029,30.1323,462,47837,0.945133,0.81,2,1319365,1318903,462
109111101,28.8812,28.8529,462,47881,0.948053,0.81,2,1319393,1318931,462
109114021,30.1525,30.1412,462,47925,0.949221,0.81,2,1319424,1318962,462
109321341,317.187,352.897,465,23360,0.403293,0.61,1,1321473,1321008,465
109324261,179.675,182.559,484,23451,0.203317,0.35,1,1321561,1321077,484
109330101,76.8679,89.8094,456,23631,0.0505307,0.01,1,1321679,1321223,456
109333021,69.7472,76.7238,453,23721,0.0262123,0,1,1321744,1321291,453
109335941,57.2989,63.6895,447,23810,0.0104849,0.03,1,1321793,1321346,447
109338861,55.3195,58.4758,446,23899,0.022194,0.01,1,1321847,1321401,446
109341781,32.3278,38.9903,437,23988,0.0388776,0.01,1,1321864,1321427,437
109344701,31.5311,31.7961,441,24076,0.057551,0.07,1,1321895,1321454,441
109347621,66.0125,76.9185,423,24164,0.0530204,0.05,1,1321984,1321561,423
109350541,63.605,68.5674,422,24252,0.0512082,0.01,1,1322046,1321624,422
109353461,59.042,60.427,423,24339,0.0204833,0.01,1,1322102,1321679,423
109356381,62.6168,63.1708,423,24426,0.0261933,0,1,1322167,1321744,423
109359301,55.0467,54.6683,424,24513,0.0164773,0.03,1,1322217,1321793,424
109362221,53.2187,54.2673,422,24599,0.0125909,0.05,1,1322269,1321847,422
109365141,31.4875,31.9069,422,24685,0.0230364,0.07,1,1322286,1321864,422
109368061,31.795,31.3628,423,24771,0.0512146,0.05,1,1322318,1321895,423
109370981,66.718,65.9451,424,24857,0.0864858,0.05,1,1322408,1321984,424
109373901,63.8872,63.578,424,24942,0.0885943,0,1,1322470,1322046,424
109376821,58.5549,59.0312,423,25027,0.0654377,0.03,1,1322525,1322102,423
109379741,61.822,62.6125,422,25112,0.0441751,0.01,1,1322589,1322167,422
109382661,54.7288,55.045,422,25196,0.01767,0.01,1,1322639,1322217,422
109385581,53.0915,53.218,422,25280,0.025068,0.03,1,1322691,1322269,422
109388501,31.4366,31.4872,422,25364,0.0280272,0.07,1,1322708,1322286,422
109391421,32.3746,31.7949,423,25448,0.0292109,0.07,1,1322741,1322318,423
109394341,67.5499,12.718,514,25531,0.0656843,0.11,1,1322832,1322318,514
109397261,63.6199,59.0872,485,25614,0.0682737,0.09,1,1322893,1322408,485
109400181,57.848,60.8349,477,25697,0.0933095,0.05,1,1322947,1322470,477
109403101,60.9392,57.3339,485,25779,0.0373238,0.03,1,1323010,1322525,485
109406021,54.3757,61.3336,471,25861,0.0209295,0,1,1323060,1322589,471
109408941,52.9503,54.5334,473,25943,0.0143718,0.03,1,1323112,1322639,473
109411861,31.3801,53.0134,438,26025,0.00574872,0.03,1,1323129,1322691,438
109414781,32.352,31.4053,454,26106,0.00829949,0.03,1,1323162,1322708,454
109417701,69.9408,32.3621,516,26187,0.0453198,0.09,1,1323257,1322741,516
109420621,63.9763,67.5449,485,26268,0.0721279,0.07,1,1323317,1322832,485
109429381,54.5185,60.9389,473,26509,0.0590962,0.01,1,1323483,1323010,473
109432301,51.8074,54.3755,473,26589,0.0656385,0.01,1,1323533,1323060,473
109435221,31.523,52.9502,439,26669,0.0442554,0,1,1323551,1323112,439
109438141,32.4092,31.3801,455,26748,0.0237022,0.01,1,1323584,1323129,455
109441061,71.1637,32.352,519,26827,0.0874809,0.07,1,1323681,1323162,519
109452741,54.7562,59.7962,429,27141,0.21992,0.01,1,1323861,1323432,429
109455661,48.3025,54.5185,422,27219,0.249968,0.07,1,1323905,1323483,422
109458581,51.121,51.8074,425,27297,0.237987,0.03,1,1323958,1323533,425
109461501,30.0484,31.523,423,27375,0.209195,0.01,1,1323974,1323551,423
109464421,31.2194,32.4092,422,27452,0.209678,0.13,1,1324006,1323584,422
109467341,74.2877,71.1637,428,27529,0.245871,0.15,1,1324109,1323681,428
109470261,67.5151,65.0655,430,27606,0.260348,0.17,1,1324172,1323742,430
109473181,28.206,27.2262,430,27683,0.266139,0.19,1,1324174,1323744,430
109476101,44.8824,43.8905,431,27760,0.280456,0.25,1,1324230,1323799,431
109479021,55.753,54.7562,432,27836,0.298182,0.27,1,1324293,1323861,432
109490701,30.9665,31.2194,430,28139,0.420961,0.27,1,1324436,1324006,430
109493621,75.9866,74.2877,433,28214,0.426385,0.27,1,1324542,1324109,433
109502381,46.1911,11.2824,491,28439,0.431209,0.29,1,1324665,1324174,491
109505301,57.4765,38.113,500,28513,0.418483,0.31,1,1324730,1324230,500
109508221,49.9906,53.0452,482,28587,0.437393,0.37,1,1324775,1324293,482
109511141,51.7962,47.0181,492,28661,0.444957,0.37,1,1324828,1324336,492
109554941,47.0243,28.7563,506,29749,0.767625,0.57,2,1325555,1325049,506
109566621,48.2486,52.845,454,30033,0.929779,0.65,2,1325726,1325272,454
109569541,30.6994,31.938,455,30103,0.929912,0.65,2,1325745,1325290,455
109753501,34.2464,31.847,488,34249,0.904,1,2,1328644,1328156,488
109756421,30.4986,12.7388,516,34311,0.9076,1,2,1328672,1328156,516
109779781,37.273,37.0881,509,34801,0.449042,1,1,1329049,1328540,509
109797301,47.9737,77.3597,484,35164,0.424952,0.55,1,1329305,1328821,484
109838181,40.0443,38.7558,448,35997,0.750091,0.53,2,1329833,1329385,448
109841101,38.8177,37.1023,450,36056,0.750036,0.55,2,1329871,1329421,450
109844021,34.1271,34.0409,449,36115,0.798015,0.59,2,1329902,1329453,449
109864461,73.8912,71.4416,457,36522,0.902838,0.71,2,1330174,1329717,457
109867381,48.7565,47.7767,457,36580,0.919135,0.73,2,1330206,1329749,457
109870301,50.1026,49.1107,458,36638,0.949654,0.77,2,1330257,1329799,458
109873221,40.441,40.0443,458,36696,0.949862,0.75,2,1330291,1329833,458
110030901,31.6996,33.0853,493,39685,0.283268,0.93,1,1332349,1331856,493
110033821,27.6799,32.4341,486,39738,0.239307,1,1,1332374,1331888,486
110095141,29.8765,31.0445,456,40840,0.224044,0.09,1,1333080,1332624,456
110098061,34.1506,30.4178,463,40892,0.227618,0.13,1,1333117,1332654,463
110100981,34.0602,33.1671,462,40944,0.253047,0.15,1,1333151,1332689,462
110103901,35.2241,33.6668,464,40996,0.275219,0.17,1,1333187,1332723,464
110106821,29.0896,34.4667,454,41047,0.272088,0.15,1,1333212,1332758,454
110109741,23.6359,28.7867,449,41098,0.294835,0.15,1,1333232,1332783,449
110127261,30.533,35.9445,456,41404,0.437925,0.19,1,1333449,1332993,456
110203181,57.3646,56.231,451,42711,0.758132,0.61,2,1334289,1333838,451
110206101,41.5458,39.8924,453,42760,0.753253,0.65,2,1334320,1333867,453
110209021,32.2183,32.157,452,42809,0.763301,0.65,2,1334346,1333894,452
110211941,33.2873,33.2628,452,42858,0.79132,0.61,2,1334380,1333928,452
110214861,30.7149,30.1051,453,42907,0.790528,0.65,2,1334409,1333956,453
110220701,31.1944,29.8968,455,43005,0.794885,0.65,2,1334454,1333999,455
110223621,33.4778,11.9587,490,43054,0.791954,0.73,2,1334489,1333999,490
110229461,30.1964,31.9134,482,43152,0.795113,0.69,2,1334552,1334070,482
110255741,31.2179,33.2866,488,43592,0.931877,0.79,2,1334868,1334380,488
110419261,94.34,91.9486,504,21469,0.942736,1,2,1336842,1336338,504
110468901,61.8954,69.1702,525,23091,0.91,1,2,1337984,1337459,525
110471821,48.1582,55.8681,517,23183,0.922,1,2,1338023,1337506,517
110486421,59.1914,87.5951,514,23636,0.234148,1,1,1338390,1337876,514
110495181,59.8282,48.1581,536,23904,0.206266,0.77,1,1338559,1338023,536
110498101,25.1313,63.6632,464,23993,0.220506,0.55,1,1338561,1338097,464
110501021,50.2525,75.8653,447,24081,0.250202,0.31,1,1338628,1338181,447
110503941,53.101,69.9461,436,24169,0.250081,0.25,1,1338683,1338247,436
110506861,81.2404,90.9784,431,24257,0.250032,0.17,1,1338783,1338352,431
110509781,54.6962,59.1914,430,24344,0.274013,0.13,1,1338820,1338390,430
110512701,60.2785,62.6766,429,24431,0.295605,0.17,1,1338884,1338455,429
110518541,61.1246,59.8282,433,24604,0.401297,0.23,1,1338992,1338559,433
110521461,25.6498,25.1313,433,24690,0.406519,0.27,1,1338994,1338561,433
110524381,51.6599,50.2525,435,24776,0.420607,0.25,1,1339063,1338628,435
110571101,54.2096,26.891,524,26111,0.771591,0.67,2,1339960,1339436,524
110574021,54.0838,52.7564,508,26192,0.782636,0.65,2,1340014,1339506,508
110588621,67.6578,49.025,535,26594,0.911211,0.75,2,1340344,1339809,535
110591541,28.2631,65.81,460,26674,0.922484,0.75,2,1340346,1339886,460
110667461,69.2738,44.1152,560,28665,0.94528,1,2,1341762,1341202,560
110702501,58.7464,47.3238,538,29539,0.43291,0.98,1,1342376,1341838,538
110705421,81.6985,59.7295,567,29611,0.443164,0.77,1,1342473,1341906,567
110793021,89.5071,57.6393,569,31683,0.942862,0.85,2,1343837,1343268,569
110909821,28.2882,30.4473,480,34251,0.917134,1,2,1345537,1345057,480
110912741,29.9153,12.1789,511,34313,0.936854,1,2,1345568,1345057,511
110915661,56.9661,22.2716,557,34375,0.920741,0.97,2,1345643,1345086,557
110921501,55.1946,87.5634,510,34498,0.944119,0.95,2,1345781,1345271,510
110924421,42.4778,59.0254,504,34559,0.947647,1,2,1345815,1345311,504
110927341,31.3911,42.2102,497,34620,0.949059,1,2,1345839,1345342,497
111067501,35.96,26.9498,530,37440,0.946,1,2,1347802,1347272,530
111073341,37.7936,38.272,522,37552,0.93136,1,2,1347880,1347358,522
111085021,28.9323,34.9254,508,37776,0.905843,1,2,1348006,1347498,508
111093781,50.7397,61.2512,521,37944,0.762374,1,2,1348165,1347644,521
111131741,19.6782,50.7397,454,38662,0.767384,0.67,2,1348619,1348165,454
111149261,34.3301,34.5319,455,38988,0.765723,0.69,2,1348838,1348383,455
111152181,34.1321,34.8127,454,39042,0.756289,0.69,2,1348872,1348418,454
111155101,31.0528,31.3251,454,39096,0.776516,0.71,2,1348901,1348447,454
111175541,36.7122,37.7085,456,39474,0.914442,0.73,2,1349153,1348697,456
111181381,35.154,35.3134,456,39581,0.917911,0.73,2,1349221,1348765,456
111184301,39.2616,39.3253,456,39634,0.949164,0.79,2,1349263,1348807,456
111365341,39.2838,44.0668,469,42811,0.758336,0.95,2,1351489,1351020,469
111374101,18.6662,18.6123,466,42958,0.760614,0.89,2,1351541,1351075,466
111377021,24.2665,26.6449,462,43007,0.754245,0.89,2,1351569,1351107,462
111379941,29.5066,10.658,495,43056,0.751698,0.85,2,1351602,1351107,495
111385781,44.3211,26.7853,512,43154,0.781472,0.81,2,1351683,1351171,512
111388701,38.7284,43.7141,492,43203,0.774589,0.79,2,1351718,1351226,492
111391621,28.0914,37.8856,479,43252,0.783835,0.71,2,1351739,1351260,479
111394541,19.6365,28.9543,470,43301,0.787534,0.67,2,1351753,1351283,470
111423741,28.1017,29.5066,485,43786,0.903449,0.73,2,1352087,1351602,485
111645661,101.661,109.773,498,21370,0.076,0.91,1,1354642,1354144,498
111648581,86.2642,93.1093,492,21469,0.0484,0.53,1,1354718,1354226,492
111651501,93.9057,109.844,470,21568,0.07336,0.23,1,1354817,1354347,470
111654421,68.1623,81.7375,458,21666,0.059344,0,1,1354868,1354410,458
111657341,43.4649,66.295,429,21764,0.0297376,0.03,1,1354895,1354466,429
111660261,45.586,48.118,440,21861,0.029895,0.05,1,1354942,1354502,440
111663181,59.6344,71.4472,422,21958,0.041958,0,1,1355011,1354589,422
111666101,56.2538,60.3789,423,22055,0.0587832,0.03,1,1355065,1354642,423
111669021,68.7015,69.7516,424,22151,0.0415133,0.09,1,1355142,1354718,424
111671941,86.2806,87.3006,423,22247,0.0586053,0.05,1,1355240,1354817,423
111674861,65.1122,65.5202,423,22342,0.0894421,0.01,1,1355291,1354868,423
111677781,41.6449,42.4081,422,22437,0.0417768,0.03,1,1355317,1354895,422
111680701,45.458,45.1632,423,22532,0.0167107,0.03,1,1355365,1354942,423
111683621,58.3832,18.0653,490,22626,0.0126843,0.05,1,1355432,1354942,490
111686541,55.7533,48.6261,475,22720,0.0110737,0.07,1,1355486,1355011,475
111689461,68.5013,51.8504,498,22813,0.0224295,0.03,1,1355563,1355065,498
111692381,86.8005,66.9402,520,22906,0.0509718,0.07,1,1355662,1355142,520
111695301,65.3202,85.5761,473,22999,0.0863887,0.11,1,1355713,1355240,473
111698221,41.1281,64.8304,447,23091,0.0885555,0.01,1,1355738,1355291,447
111701141,45.8512,41.5322,470,23183,0.0354222,0,1,1355787,1355317,470
111704061,57.9405,45.4129,488,23274,0.0201689,0.01,1,1355853,1355365,488
111706981,55.5762,58.3651,475,23365,0.0260675,0.01,1,1355907,1355432,475
111709901,69.0305,55.7461,499,23456,0.028427,0.03,1,1355985,1355486,499
111712821,88.2122,68.4984,523,23546,0.0293708,0.07,1,1356086,1355563,523
111715741,67.0849,86.7994,477,23636,0.0657483,0.11,1,1356139,1355662,477
111718661,38.8339,65.3197,446,23726,0.0922993,0.09,1,1356159,1355713,446
111721581,44.9336,41.1279,470,23815,0.0549197,0,1,1356208,1355738,470
111724501,57.5734,45.8512,487,23904,0.0399679,0.01,1,1356274,1355787,487
111727421,24.2294,57.9405,423,23993,0.0159872,0.03,1,1356276,1355853,423
111730341,41.4917,55.5762,422,24081,0.0483949,0.03,1,1356329,1355907,422
111733261,63.9967,69.0305,423,24169,0.0253579,0.03,1,1356408,1355985,423
111736181,86.1987,88.2122,423,24257,0.0761432,0.09,1,1356509,1356086,423
111739101,68.0795,67.0849,426,24344,0.0484573,0.11,1,1356565,1356139,426
111742021,39.8318,38.8339,427,24431,0.0733829,0.03,1,1356586,1356159,427
111747861,57.1331,57.5734,423,24604,0.0489413,0,1,1356697,1356274,423
111750781,24.0532,24.2294,423,24690,0.0255765,0.07,1,1356699,1356276,423
111753701,41.4213,41.4917,423,24776,0.0402306,0.01,1,1356752,1356329,423
111756621,63.3685,63.9967,422,24862,0.0340922,0.11,1,1356830,1356408,422
111759541,87.7474,86.1987,425,24947,0.0196369,0.03,1,1356934,1356509,425
111762461,67.499,68.0795,423,25032,0.0378548,0.09,1,1356988,1356565,423
111765381,40.1996,39.8318,424,25117,0.0691419,0.13,1,1357010,1356586,424
111777061,41.3539,41.4213,422,25453,0.08649,0.05,1,1357174,1356752,422
111779981,62.7416,16.5685,499,25536,0.088596,0.03,1,1357251,1356752,499
111782901,87.4966,53.4274,525,25619,0.0654384,0.01,1,1357355,1356830,525
111785821,68.5987,83.771,477,25702,0.0801754,0.05,1,1357411,1356934,477
111788741,41.2395,65.9084,446,25784,0.0740701,0.09,1,1357434,1356988,446
111806261,87.2425,62.735,527,26273,0.210891,0.05,1,1357778,1357251,527
111809181,69.697,87.494,481,26354,0.282356,0.09,1,1357836,1357355,481
111826701,63.9475,41.2653,507,26832,0.405088,0.21,1,1358105,1357598,507
111835461,51.3486,69.697,438,27068,0.448566,0.33,1,1358274,1357836,438
111882181,92.1113,90.3335,449,28293,0.755638,0.53,2,1359104,1358655,449
111885101,38.0445,37.3334,449,28368,0.776255,0.53,2,1359106,1358657,449
111888021,51.8178,14.9334,510,28443,0.796502,0.63,2,1359167,1358657,510
111899701,24.0785,55.4623,453,28739,0.929174,0.65,2,1359308,1358855,453
111902621,43.2314,23.3849,507,28813,0.94167,0.63,2,1359364,1358857,507
111905541,70.0926,42.354,540,28886,0.946668,0.75,2,1359452,1358912,540
112019421,59.2724,39.2412,553,31616,0.914554,1,2,1361350,1360797,553
112025261,63.9636,91.5986,510,31750,0.773929,1,2,1361502,1360992,510
112054461,57.7571,84.9089,505,32410,0.759112,0.73,2,1361957,1361452,505
112057381,45.9028,63.9636,493,32475,0.753645,0.67,2,1361995,1361502,493
112060301,45.9611,48.9854,500,32540,0.799458,0.63,2,1362041,1361541,500
112086581,59.2369,57.7571,461,33120,0.906977,0.75,2,1362418,1361957,461
112089501,45.2948,45.9028,459,33184,0.920791,0.83,2,1362454,1361995,459
112159581,51.0746,49.9267,521,34681,0.934,1,2,1363496,1362975,521
112229661,45.5484,45.4974,486,36117,0.94504,1,2,1364500,1364014,486
112238421,35.9631,18.9678,519,36292,0.775443,1,2,1364599,1364080,519
112247181,29.0376,34.1899,502,36466,0.407948,1,1,1364678,1364176,502
112250101,41.0151,56.276,480,36524,0.265179,1,1,1364727,1364247,480
112255941,54.3224,49.4442,494,36640,0.0724287,0.99,1,1364860,1364366,494
112258861,38.529,40.1777,488,36698,0.0469715,1,1,1364888,1364400,488
112261781,45.4116,50.8711,480,36756,0.0487886,0.91,1,1364938,1364458,480
112264701,40.9646,45.5484,476,36813,0.0855154,0.71,1,1364976,1364500,476
112267621,31.9859,38.0194,469,36870,0.0882062,0.87,1,1365002,1364533,469
112270541,26.5943,31.4077,465,36927,0.0772825,0.73,1,1365025,1364560,465
112288061,63.9388,34.046,512,37269,0.0747569,0.05,1,1365239,1364727,512
112290981,51.3755,67.0184,466,37326,0.0599027,0.03,1,1365282,1364816,466
112293901,36.7502,53.2074,449,37383,0.0299611,0.03,1,1365309,1364860,449
112296821,46.5001,38.0829,474,37440,0.0119844,0.05,1,1365362,1364888,474
112299741,41.4,45.2332,462,37496,0.0107938,0.11,1,1365400,1364938,462
112302661,32.16,40.8933,450,37552,0.0343175,0.09,1,1365426,1364976,450
112305581,26.064,31.9573,446,37608,0.079727,0.07,1,1365448,1365002,446
112308501,30.2256,26.5829,456,37664,0.0618908,0.13,1,1365481,1365025,456
112311421,24.0902,29.2332,445,37720,0.0787563,0.11,1,1365501,1365056,445
112314341,17.4361,24.2933,437,37776,0.0975025,0.13,1,1365514,1365077,437
112317261,20.7744,16.9173,448,37832,0.093001,0.11,1,1365537,1365089,448
112320181,32.9098,22.3669,463,37888,0.0792004,0.11,1,1365578,1365115,463
112323101,62.9639,32.3468,507,37944,0.0616802,0.05,1,1365661,1365154,507
112326021,52.7856,63.9387,468,38000,0.0546721,0.05,1,1365707,1365239,468
112328941,35.5142,51.3755,449,38056,0.0758688,0.01,1,1365731,1365282,449
112331861,45.4057,36.7502,474,38112,0.0363475,0,1,1365783,1365309,474
112334781,41.5623,46.5001,460,38167,0.044539,0.01,1,1365822,1365362,460
112337701,33.4249,41.4,450,38222,0.0178156,0.05,1,1365850,1365400,450
112340621,26.57,32.16,446,38277,0.0371262,0.11,1,1365872,1365426,446
112343541,29.828,26.064,456,38332,0.0568505,0.05,1,1365904,1365448,456
112346461,25.1312,30.2256,445,38387,0.0647402,0.09,1,1365926,1365481,445
112375661,33.7475,33.4249,424,38934,0.0668544,0.05,1,1366274,1365850,424
112378581,26.699,26.57,424,38988,0.0807417,0.07,1,1366296,1365872,424
112401941,37.7499,39.1373,426,39420,0.246608,0.11,1,1366559,1366133,426
112404861,30.7,30.0549,428,39474,0.272643,0.15,1,1366585,1366157,428
112407781,41.08,41.422,427,39528,0.235057,0.11,1,1366633,1366206,427
112410701,38.032,39.3688,425,39581,0.244023,0.03,1,1366669,1366244,425
112413621,32.6128,33.7475,424,39634,0.235609,0.09,1,1366698,1366274,424
112416541,26.8451,26.699,425,39687,0.232244,0.15,1,1366721,1366296,425
112419461,31.738,30.4796,427,39740,0.218897,0.13,1,1366756,1366329,427
112422381,28.2952,27.1918,428,39793,0.213559,0.13,1,1366782,1366354,428
112425301,18.5181,18.0767,428,39846,0.247424,0.11,1,1366794,1366366,428
112428221,21.8072,22.2307,427,39899,0.272969,0.15,1,1366818,1366391,427
112431141,35.1229,34.0923,429,39952,0.283188,0.19,1,1366862,1366433,429
112454501,27.3832,32.4569,455,40374,0.405156,0.23,1,1367153,1366698,455
112457421,31.3533,26.7828,466,40426,0.408062,0.21,1,1367187,1366721,466
112460341,28.7413,31.7131,458,40478,0.421225,0.21,1,1367214,1366756,458
112463261,18.6965,28.2852,444,40530,0.42649,0.27,1,1367226,1366782,444
112466181,23.0786,18.5141,458,40582,0.428596,0.29,1,1367252,1366794,458
112469101,36.2314,21.8056,479,40634,0.429438,0.29,1,1367297,1366818,479
112472021,64.2926,35.1223,518,40686,0.417775,0.35,1,1367380,1366862,518
112474941,26.917,62.0489,440,40738,0.41311,0.35,1,1367382,1366942,440
112477861,39.5668,26.0196,486,40790,0.411244,0.35,1,1367430,1366944,486
112480781,31.4267,39.2078,464,40842,0.434498,0.35,1,1367456,1366992,464
112536261,31.848,32.3292,448,41814,0.78238,0.55,2,1368077,1367629,448
112539181,29.5392,29.1317,449,41864,0.798952,0.55,2,1368105,1367656,449
112542101,19.0157,18.8527,449,41914,0.781581,0.57,2,1368117,1367668,449
112553781,27.7028,26.7962,456,42114,0.90556,0.69,2,1368279,1367823,456
112556701,40.4811,40.1185,456,42164,0.944224,0.69,2,1368328,1367872,456
112559621,34.1924,32.8474,458,42214,0.94769,0.69,2,1368358,1367900,458
112731901,33.7155,25.0538,519,45068,0.928,1,2,1370336,1369817,519
112733361,31.4862,32.2215,512,45115,0.9292,1,2,1370366,1369854,512
112780081,310.794,339.289,465,20440,0.40168,0.69,1,1370863,1370398,465
112785921,105.167,116.926,459,20647,0.0942688,0.23,1,1371001,1370542,459
112788841,91.2668,77.9705,489,20750,0.0557075,0,1,1371083,1370594,489
112791761,85.7067,103.188,451,20852,0.052283,0.05,1,1371165,1370714,451
112794681,71.4827,79.6753,449,20954,0.0389132,0.07,1,1371227,1370778,449
112797601,44.7931,63.0701,424,21055,0.0335653,0.01,1,1371254,1370830,424
112800521,37.1172,37.828,435,21156,0.0554261,0.05,1,1371286,1370851,435
112803441,60.4469,67.9312,423,21256,0.0401704,0.03,1,1371362,1370939,423
112806361,61.9788,64.3725,424,21356,0.0940682,0.03,1,1371425,1371001,424
112812201,79.3966,79.1796,425,21554,0.0642509,0.03,1,1371590,1371165,425
112815121,67.1586,68.8718,422,21652,0.0557004,0.03,1,1371649,1371227,422
112818041,43.6635,43.7487,423,21750,0.0282801,0.07,1,1371677,1371254,423
112820961,36.6654,36.6995,423,21848,0.0293121,0.03,1,1371709,1371286,423
112823881,61.4662,60.2798,425,21945,0.0777248,0.13,1,1371787,1371362,425
112832641,77.4698,79.3859,423,22234,0.0786544,0.05,1,1372013,1371590,423
112835561,65.7879,67.1544,422,22329,0.0854618,0.01,1,1372071,1371649,422
112838481,43.1152,43.6617,422,22424,0.0341847,0.03,1,1372099,1371677,422
112841401,37.6461,36.6647,424,22519,0.0436739,0.03,1,1372133,1371709,424
112844321,63.0584,14.6659,504,22613,0.0474695,0.11,1,1372213,1371709,504
112847241,64.2234,52.6664,491,22707,0.0849878,0.13,1,1372278,1371787,491
112856001,64.9503,76.9066,481,22986,0.202959,0.09,1,1372494,1372013,481
112867681,67.0051,63.044,492,23352,0.226332,0.11,1,1372705,1372213,492
112870601,76.0021,64.2176,509,23443,0.264533,0.17,1,1372787,1372278,509
112873521,79.6008,73.687,511,23533,0.291813,0.23,1,1372869,1372358,511
112891041,28.7025,67.0051,435,24068,0.401652,0.29,1,1373140,1372705,435
112893961,61.281,76.002,436,24156,0.406661,0.31,1,1373223,1372787,436
112931921,66.9299,64.6336,450,25272,0.78538,0.65,2,1373956,1373506,450
112949441,41.927,63.6541,480,25771,0.922753,0.69,2,1374289,1373809,480
112952361,40.1708,39.8616,495,25853,0.927101,0.79,2,1374328,1373833,495
113057481,61.0528,32.0768,559,28654,0.9316,1,2,1376315,1375756,559
113077921,31.0221,36.3222,502,29168,0.227797,1,1,1376671,1376169,502
113083761,56.8035,34.1316,543,29313,0.0736475,0.89,1,1376779,1376236,543
113086681,67.7214,61.0526,539,29385,0.047459,0.73,1,1376854,1376315,539
113089601,46.8886,74.2211,489,29457,0.0249836,0.65,1,1376887,1376398,489
113092521,47.5554,50.6884,502,29529,0.0519934,0.57,1,1376935,1376433,502
113095441,63.4222,52.6754,522,29601,0.0987974,0.37,1,1377009,1376487,522
113118801,45.8596,46.8886,423,30168,0.0859911,0.07,1,1377310,1376887,423
113121721,47.7438,47.5554,424,30238,0.0763965,0.13,1,1377359,1376935,424
113124641,65.8975,63.4222,428,30308,0.0485586,0.11,1,1377437,1377009,428
113127561,54.559,54.1689,427,30378,0.0614234,0.15,1,1377484,1377057,427
113130481,33.2236,31.2675,430,30448,0.0665694,0.15,1,1377503,1377073,430
113153841,64.9267,65.8975,423,31000,0.274534,0.07,1,1377860,1377437,423
113183041,68.5662,47.928,512,31676,0.421247,0.33,1,1378296,1377784,512
113185961,56.2265,64.7712,484,31743,0.414499,0.37,1,1378344,1377860,484
113188881,34.4906,54.1085,457,31810,0.4118,0.33,1,1378364,1377907,457
113191801,28.7962,34.8434,460,31877,0.43472,0.31,1,1378389,1377929,460
113194721,12.7185,28.3374,438,31943,0.443888,0.31,1,1378391,1377953,438
113197641,26.0874,12.5349,471,32009,0.447555,0.33,1,1378426,1377955,471
113238521,41.5962,46.1656,446,32922,0.76595,0.53,2,1379046,1378600,446
113241441,51.4385,52.6662,447,32986,0.76838,0.53,2,1379104,1378657,447
113244361,69.1754,69.0665,448,33050,0.781352,0.59,2,1379185,1378737,448
113247281,58.2702,56.4266,451,33114,0.798541,0.63,2,1379236,1378785,451
113270641,42.5484,41.5962,459,33622,0.904379,0.77,2,1379505,1379046,459
113273561,51.2194,51.4385,458,33685,0.919752,0.79,2,1379562,1379104,458
113410801,61.077,65.3393,481,36519,0.946,1,2,1381555,1381074,481
113416641,46.2523,37.2143,508,36635,0.90736,1,2,1381656,1381148,508
113437081,39.0384,47.9535,479,37037,0.42663,1,1,1381891,1381412,479
113442921,35.6461,34.1926,494,37151,0.237461,1,1,1381970,1381476,494
113448761,54.7834,52.8708,534,37265,0.0643937,1,1,1382089,1381555,534
113451681,41.1134,61.3483,499,37322,0.0797575,0.86,1,1382121,1381622,499
113454601,34.4453,44.9393,495,37379,0.061903,0.85,1,1382151,1381656,495
113457521,19.7781,37.7757,472,37436,0.0547612,0.83,1,1382161,1381689,472
113460441,29.5113,23.5103,494,37492,0.0399045,0.67,1,1382197,1381703,494
113463361,32.8045,34.6041,487,37548,0.0459618,0.61,1,1382232,1381745,487
113466281,31.1218,35.4416,481,37604,0.0363847,0.49,1,1382262,1381781,481
113469201,31.0487,33.9767,479,37660,0.0325539,0.43,1,1382293,1381814,479
113472121,32.8195,34.5907,478,37716,0.0430216,0.39,1,1382327,1381849,478
113475041,41.3278,39.0363,483,37772,0.0592086,0.23,1,1382374,1381891,483
113477961,31.5311,45.6145,458,37828,0.0416835,0.19,1,1382399,1381941,458
113480881,48.0124,35.6458,488,37884,0.0586734,0.11,1,1382458,1381970,488
113483801,52.805,51.4583,482,37940,0.0654694,0,1,1382514,1382032,482
113486721,40.922,54.7833,458,37996,0.0321877,0.09,1,1382547,1382089,458
113489641,32.5688,41.1133,453,38052,0.0548751,0.05,1,1382574,1382121,453
113492561,19.0275,34.4453,433,38108,0.07595,0.05,1,1382584,1382151,433
113495481,28.611,19.7781,458,38163,0.07238,0.03,1,1382619,1382161,458
113498401,31.8444,29.5113,456,38218,0.094952,0.05,1,1382653,1382197,456
113507161,32.998,31.0487,456,38383,0.0658369,0.05,1,1382749,1382293,456
113510081,41.9992,32.8195,470,38438,0.0683348,0.07,1,1382797,1382327,470
113527601,28.842,32.5688,426,38768,0.205749,0.09,1,1383000,1382574,426
113530521,16.3368,19.0275,424,38822,0.208299,0.07,1,1383008,1382584,424
113539281,31.8136,30.7378,428,38984,0.204131,0.13,1,1383111,1382683,428
113542201,30.7254,31.4951,426,39038,0.231652,0.03,1,1383141,1382715,426
113545121,32.6902,32.998,426,39092,0.218661,0.07,1,1383175,1382749,426
113548041,43.6761,41.9992,429,39146,0.237464,0.15,1,1383226,1382797,429
113550961,31.8704,31.1997,429,39200,0.268986,0.17,1,1383250,1382821,429
113553881,49.9482,49.0799,430,39254,0.293594,0.19,1,1383312,1382882,430
113556801,52.9793,52.032,431,39308,0.279438,0.19,1,1383367,1382936,431
113559721,22.3917,22.0128,431,39362,0.297775,0.21,1,1383369,1382938,431
113562641,28.7567,28.6051,431,39416,0.29311,0.21,1,1383402,1382971,431
113577241,32.7837,31.8136,432,39683,0.404867,0.25,1,1383543,1383111,432
113586001,44.9382,43.6761,434,39842,0.438951,0.29,1,1383660,1383226,434
113588921,32.3753,31.8704,434,39895,0.433581,0.31,1,1383684,1383250,434
113667761,53.5493,33.4911,515,41300,0.753295,0.57,2,1384642,1384127,515
113682361,13.2299,29.7823,453,41555,0.90325,0.61,2,1384766,1384313,453
113685281,10.092,16.7129,453,41606,0.9073,0.63,2,1384774,1384321,453
113688201,28.0368,30.6852,453,41657,0.90892,0.63,2,1384814,1384361,453
113691121,32.2147,33.2741,453,41708,0.921568,0.63,2,1384849,1384396,453
113694041,33.2859,33.7096,453,41759,0.938627,0.67,2,1384883,1384430,453
113861941,28.6873,29.6804,526,44595,0.92037,1,2,1386863,1386337,526
113911581,209.55,188.829,523,20544,0.282859,0.43,1,1387504,1386981,523
113914501,130.02,150.532,475,20647,0.275144,0.39,1,1387581,1387106,475
113917421,74.808,96.2126,453,20750,0.296057,0.27,1,1387619,1387166,453
113920341,63.5232,67.885,460,20852,0.292423,0.19,1,1387675,1387215,460
113934941,89.4073,88.8836,437,21356,0.426191,0.31,1,1388018,1387581,437
113937861,59.1629,58.3534,438,21455,0.404477,0.29,1,1388057,1387619,438
113940781,57.2652,56.9414,438,21554,0.431791,0.33,1,1388113,1387675,438
113943701,56.5061,55.7766,439,21652,0.430716,0.37,1,1388169,1387730,439
113946621,38.8024,37.3106,441,21750,0.442286,0.37,1,1388196,1387755,441
113969981,37.7086,37.1203,445,22519,0.753856,0.51,2,1388677,1388232,445
113972901,102.683,14.8481,591,22613,0.787542,0.55,2,1388823,1388232,591
113993341,105.22,37.6721,607,23261,0.915195,0.81,2,1389284,1388677,607
113996261,93.6881,102.669,547,23352,0.936078,0.81,2,1389370,1388823,547
114110141,95.3052,104.316,565,26661,0.205147,1,1,1391756,1391191,565
114115981,37.0888,54.3705,499,26819,0.0676235,0.98,1,1391805,1391306,499
114118901,31.6355,41.5482,494,26898,0.0450494,0.95,1,1391833,1391339,494
114121821,13.8542,34.6193,466,26977,0.0480198,0.73,1,1391835,1391369,466
114124741,43.9417,57.0477,458,27056,0.0372079,0.65,1,1391899,1391441,458
114127661,34.9767,42.0191,455,27134,0.0328832,0.47,1,1391928,1391473,455
114130581,40.3907,50.4076,443,27212,0.0551533,0.25,1,1391972,1391529,443
114133501,91.1563,101.763,432,27290,0.0520613,0.09,1,1392097,1391665,432
114136421,87.4625,95.3052,426,27368,0.0508245,0.07,1,1392182,1391756,426
114139341,46.385,50.7221,424,27445,0.0743298,0.03,1,1392201,1391777,424
114142261,35.354,37.0888,424,27522,0.0717319,0.03,1,1392229,1391805,424
114145181,30.3416,31.6355,423,27599,0.0826928,0.05,1,1392256,1391833,423
114148101,13.3366,13.8542,423,27676,0.0630771,0.03,1,1392258,1391835,423
114151021,43.1347,43.9417,422,27753,0.0672308,0.03,1,1392321,1391899,422
114153941,34.6539,34.9767,422,27829,0.0808923,0.07,1,1392350,1391928,422
114156861,40.2615,40.3907,422,27905,0.0623569,0.05,1,1392394,1391972,422
114171461,28.788,30.3416,422,28282,0.217147,0.05,1,1392678,1392256,422
114174381,12.7152,13.3366,422,28357,0.224859,0.05,1,1392680,1392258,422
114186061,94.7319,39.7494,553,28654,0.239948,0.13,1,1392947,1392394,553
114188981,90.0928,92.6998,512,28728,0.269979,0.13,1,1393034,1392522,512
114191901,48.0371,87.4799,448,28802,0.293992,0.17,1,1393054,1392606,448
114273661,91.6125,92.3069,450,30794,0.767363,0.59,2,1394369,1393919,450
114288261,42.7538,42.5305,453,31136,0.911362,0.65,2,1394514,1394061,453
114297021,32.6882,32.578,454,31340,0.915367,0.65,2,1394592,1394138,454
114299941,100.675,13.0312,600,31408,0.936147,0.69,2,1394738,1394138,600
114390461,96.6386,101.869,487,33433,0.934,1,2,1396165,1395678,487
114393381,54.8554,56.3475,488,33496,0.9436,1,2,1396192,1395704,488
114396301,64.5422,68.739,482,33559,0.79144,1,2,1396263,1395781,482
114407981,33.4235,35.3597,488,33811,0.428693,1,1,1396400,1395912,488
114413821,30.6678,27.9776,493,33936,0.223391,1,1,1396459,1395966,493
114416741,32.6671,24.991,504,33998,0.203356,1,1,1396493,1395989,504
114422581,79.3867,96.6386,466,34122,0.086537,0.95,1,1396631,1396165,466
114425501,46.7547,54.8554,464,34184,0.0526148,0.69,1,1396656,1396192,464
114428421,57.1019,64.5422,457,34246,0.0750459,0.69,1,1396720,1396263,457
114431341,36.6408,25.8169,480,34308,0.0480184,0.63,1,1396743,1396263,480
114434261,38.6563,30.1267,487,34370,0.0972073,0.49,1,1396783,1396296,487
114445941,28.748,29.7728,464,34615,0.243209,0.11,1,1396892,1396428,464
114448861,30.6992,30.5091,465,34676,0.235283,0.19,1,1396924,1396459,465
114451781,23.6797,32.6037,450,34737,0.268113,0.15,1,1396943,1396493,450
114454701,74.8719,27.4415,535,34798,0.233245,0.03,1,1397052,1396517,535
114457621,44.9487,79.3766,446,34859,0.219298,0.03,1,1397077,1396631,446
114460541,57.5795,46.7506,487,34920,0.213719,0.09,1,1397143,1396656,487
114463461,39.2318,57.1003,450,34981,0.247488,0.03,1,1397170,1396720,450
114466381,38.4927,36.6401,465,35041,0.284995,0.13,1,1397208,1396743,465
114483901,24.5728,30.6992,454,35401,0.403129,0.29,1,1397378,1396924,454
114486821,73.4291,23.6797,541,35461,0.407252,0.21,1,1397484,1396943,541
114489741,42.5716,74.8719,454,35521,0.420901,0.21,1,1397506,1397052,454
114513101,31.9241,32.0798,441,35994,0.440899,0.41,1,1397768,1397327,441
114516021,31.9696,31.4319,442,36053,0.446359,0.41,1,1397800,1397358,442
114518941,24.7878,24.5728,442,36112,0.448544,0.41,1,1397820,1397378,442
114580261,27.5867,23.7905,476,37322,0.763955,0.63,2,1398625,1398149,476
114591941,75.2166,25.9914,561,37548,0.914517,0.71,2,1398825,1398264,561
114594861,44.4866,74.5966,478,37604,0.947807,0.71,2,1398849,1398371,478
114813861,343.839,360.081,500,18980,0.766,1,2,1401654,1401154,500
114837221,86.2247,102.347,521,19857,0.767905,0.61,2,1402328,1401807,521
114840141,89.6899,82.9386,543,19964,0.781162,0.61,2,1402420,1401877,543
114843061,65.876,88.3755,501,20070,0.762465,0.67,2,1402470,1401969,501
114845981,68.3504,64.1502,523,20176,0.790986,0.71,2,1402540,1402017,523
114848901,38.1402,65.2601,475,20281,0.790394,0.73,2,1402558,1402083,475
114854741,87.9424,107.042,532,20490,0.926863,0.79,2,1402788,1402256,532
114930661,112.467,42.461,632,23030,0.92008,1,2,1404616,1403984,632
114936501,49.9147,65.8338,516,23214,0.762813,1,2,1404698,1404182,516
114954021,70.6997,112.467,506,23757,0.232749,0.79,1,1405122,1404616,506
114959861,70.592,49.9147,542,23935,0.0984398,0.63,1,1405240,1404698,542
114962781,29.4368,76.3659,450,24024,0.0693759,0.61,1,1405242,1404792,450
114965701,28.5747,49.1463,447,24112,0.0697504,0.41,1,1405270,1404823,447
114968621,58.8299,70.0585,442,24200,0.0579001,0.49,1,1405349,1404907,442
114971541,36.132,40.6234,442,24288,0.0651601,0.19,1,1405370,1404928,442
114974461,94.8528,103.249,431,24375,0.056064,0.18,1,1405504,1405073,431
114977381,66.7411,70.6997,430,24462,0.0524256,0.13,1,1405552,1405122,430
114980301,44.6964,47.4799,428,24549,0.0869702,0.05,1,1405582,1405154,428
114983221,67.6786,70.592,425,24635,0.0887881,0.05,1,1405665,1405240,425
114986141,28.2714,29.4368,425,24721,0.0895152,0.07,1,1405667,1405242,425
114989061,28.1086,28.5747,425,24807,0.0658061,0.05,1,1405695,1405270,425
114991981,58.0434,58.8299,424,24892,0.0443224,0.07,1,1405773,1405349,424
114994901,36.4174,36.132,425,24977,0.035729,0.05,1,1405795,1405370,425
114997821,93.167,94.8528,422,25062,0.0682916,0.05,1,1405926,1405504,422
115000741,67.8668,66.7411,425,25147,0.0813166,0.11,1,1405977,1405552,425
115003661,45.1467,44.6964,425,25231,0.0745267,0.09,1,1406007,1405582,425
115006581,67.2587,67.6786,424,25315,0.0958107,0.09,1,1406089,1405665,424
115018261,36.5266,51.2974,445,25648,0.203813,0.03,1,1406218,1405773,445
115021181,93.2107,33.7189,554,25731,0.243525,0.09,1,1406349,1405795,554
115024101,67.8843,92.0876,474,25813,0.25941,0.09,1,1406400,1405926,474
115027021,45.7537,67.435,454,25895,0.253764,0.07,1,1406431,1405977,454
115029941,68.7015,44.974,508,25977,0.275506,0.11,1,1406515,1406007,508
115032861,28.6806,67.1896,428,26059,0.284202,0.15,1,1406517,1406089,428
115044541,94.5838,36.5249,565,26383,0.443068,0.27,1,1406783,1406218,565
115076661,44.9205,45.3734,446,27253,0.758892,0.53,2,1407310,1406864,446
115100021,68.9162,67.3013,458,27868,0.917797,0.79,2,1407738,1407280,458
115102941,46.1665,44.9205,459,27944,0.949119,0.87,2,1407769,1407310,459
115266461,55.6295,83.8082,506,31909,0.944653,1,2,1410577,1410071,506
115269381,43.8518,53.9233,508,31975,0.929861,0.98,2,1410613,1410105,508
115272301,33.7407,40.7693,503,32041,0.905944,1,2,1410640,1410137,503
115275221,62.0963,31.9077,558,32107,0.932378,1,2,1410721,1410163,558
115281061,39.5754,47.9452,503,32239,0.91118,1,2,1410789,1410286,503
115283981,48.2302,35.3781,530,32305,0.934472,1,2,1410843,1410313,530
115286901,36.6921,50.1512,499,32370,0.943789,0.99,2,1410872,1410373,499
115289821,33.8768,37.4605,502,32435,0.947516,0.99,2,1410904,1410402,502
115392021,54.511,84.2833,503,34643,0.933508,1,2,1412478,1411975,503
115394941,50.0044,51.1133,521,34704,0.937403,1,2,1412525,1412004,521
115403701,48.5123,61.6873,521,34887,0.927114,1,2,1412679,1412158,521
115406621,36.8049,46.2749,514,34948,0.928846,1,2,1412708,1412194,514
115409541,28.522,37.71,505,35008,0.905538,1,2,1412731,1412226,505
115415381,31.2035,30.2736,512,35128,0.904486,1,2,1412791,1412279,512
115456261,60.2571,60.1926,468,35961,0.904655,0.89,2,1413366,1412898,468
115459181,51.7029,54.077,464,36020,0.931862,0.87,2,1413412,1412948,464
115637301,202.76,206.456,497,17641,0.2524,0.53,1,1415864,1415367,497
115640221,160.304,166.582,489,17761,0.21496,0.43,1,1415996,1415507,489
115648981,45.6114,72.3893,431,18118,0.211757,0.05,1,1416143,1415712,431
115654821,87.0978,92.7023,430,18351,0.205481,0.19,1,1416294,1415864,430
115657741,114.639,116.281,431,18467,0.256193,0.15,1,1416427,1415996,431
115660661,83.0557,83.7124,431,18582,0.264477,0.19,1,1416489,1416058,431
115663581,69.2223,69.4849,431,18696,0.291791,0.23,1,1416549,1416118,431
115669421,34.9556,35.1176,432,18923,0.295087,0.21,1,1416605,1416173,432
115695701,86.4894,112.877,506,19909,0.763254,0.51,2,1417368,1416862,506
115698621,71.1957,82.3507,505,20016,0.779301,0.49,2,1417429,1416924,505
115701541,45.2783,68.9403,473,20122,0.785721,0.55,2,1417457,1416984,473
115704461,34.9113,43.7761,474,20227,0.788288,0.51,2,1417485,1417011,474
115713221,89.9063,120.21,525,20540,0.91709,0.81,2,1417829,1417304,525
115716141,71.9625,86.4839,521,20643,0.948836,0.79,2,1417889,1417368,521
115800821,43.1413,56.8653,507,23440,0.77032,1,2,1419814,1419307,507
115806661,87.4226,35.4984,596,23620,0.273251,1,1,1419965,1419369,596
115815421,45.171,69.2079,500,23888,0.0580481,0.97,1,1420183,1419683,500
115818341,50.4684,46.8832,522,23977,0.0532192,0.83,1,1420237,1419715,522
115821261,21.3874,58.3533,458,24065,0.0512877,0.69,1,1420239,1419781,458
115824181,24.1549,43.1413,451,24153,0.0385151,0.55,1,1420265,1419814,451
115827101,24.062,34.0565,447,24241,0.069406,0.03,1,1420289,1419842,447
115830021,68.4248,87.4226,422,24328,0.0577624,0.11,1,1420387,1419965,422
115832941,125.17,131.569,424,24415,0.041105,0.05,1,1420550,1420126,424
115835861,68.068,69.4276,426,24502,0.034442,0.03,1,1420580,1420154,426
115838781,43.4272,45.171,424,24588,0.0437768,0.05,1,1420607,1420183,424
115841701,48.5709,50.4684,422,24674,0.0955107,0.05,1,1420659,1420237,422
115847541,25.6513,24.1549,425,24846,0.0524817,0.09,1,1420690,1420265,425
115850461,24.0605,24.062,424,24931,0.0869927,0.05,1,1420713,1420289,424
115856301,124.69,125.17,422,25101,0.0631188,0.03,1,1420972,1420550,422
115859221,69.0759,68.068,424,25185,0.0552475,0.05,1,1421004,1420580,424
115862141,42.6303,43.4272,422,25269,0.064099,0.13,1,1421029,1420607,422
115865061,49.4521,48.5709,424,25353,0.0556396,0.13,1,1421083,1420659,424
115867981,20.9809,20.6283,424,25437,0.0522558,0.13,1,1421085,1420661,424
115870901,25.1923,8.25134,452,25520,0.0509023,0.01,1,1421113,1420661,452
115873821,24.4769,20.7005,447,25603,0.0743609,0.11,1,1421137,1420690,447
115876741,66.7908,22.0802,519,25686,0.0837444,0.13,1,1421232,1420713,519
115879661,123.316,66.4321,584,25768,0.0634978,0.03,1,1421393,1420809,584
115882581,69.1265,124.373,454,25850,0.0553991,0.05,1,1421426,1420972,454
115885501,43.2506,68.9491,448,25932,0.0761596,0.07,1,1421452,1421004,448
115905941,68.3183,123.316,456,26498,0.0908398,0.05,1,1421849,1421393,456
115908861,44.1273,69.1264,451,26578,0.0903359,0.09,1,1421877,1421426,451
115911781,51.2509,43.2506,481,26658,0.0901344,0.13,1,1421933,1421452,481
115914701,21.7004,49.7002,429,26737,0.0900538,0.13,1,1421935,1421506,429
115926381,62.7875,66.9891,432,27053,0.219697,0.09,1,1422089,1421657,432
115929301,116.315,122.796,424,27131,0.273879,0.07,1,1422241,1421817,424
115932221,66.326,68.3183,425,27209,0.295552,0.09,1,1422274,1421849,425
115935141,43.9304,44.1273,426,27287,0.292221,0.09,1,1422303,1421877,426
115938061,51.7722,51.2509,427,27365,0.290888,0.09,1,1422360,1421933,427
115940981,21.9089,21.7004,427,27442,0.290355,0.13,1,1422362,1421935,427
115952661,66.0233,62.7875,435,27750,0.400217,0.31,1,1422524,1422089,435
115955581,117.609,116.315,435,27826,0.442087,0.31,1,1422676,1422241,435
116008141,121.522,69.6332,604,29165,0.768923,0.57,2,1423570,1422966,604
116011061,68.4089,120.253,483,29238,0.793569,0.61,2,1423603,1423120,483
116130781,35.5996,40.2259,519,32072,0.916,1,2,1425547,1425028,519
116133701,33.4398,30.4904,527,32138,0.9304,1,2,1425579,1425052,527
116139541,32.5904,34.8785,511,32270,0.927664,1,2,1425643,1425132,511
116148301,42.8378,25.4882,547,32466,0.77961,1,2,1425754,1425207,547
116157061,40.0136,67.2472,500,32661,0.424055,1,1,1425987,1425487,500
116159981,36.4054,45.4989,503,32726,0.403622,0.86,1,1426021,1425518,503
116174581,29.6749,32.2361,464,33048,0.252072,0.81,1,1426139,1425675,464
116215461,114.955,119.571,422,33934,0.227218,0.11,1,1426805,1426383,422
116218381,66.9821,65.8285,427,33996,0.240887,0.11,1,1426840,1426413,427
116221301,33.9928,34.7314,425,34058,0.270355,0.15,1,1426852,1426427,425
116227141,21.5189,21.757,426,34182,0.296457,0.11,1,1426901,1426475,426
116238821,26.1925,24.173,454,34430,0.295541,0.17,1,1426998,1426544,454
116241741,23.677,25.8692,449,34491,0.292217,0.19,1,1427020,1426571,449
116244661,37.0708,22.9477,474,34552,0.290887,0.15,1,1427066,1426592,474
116250501,67.8513,114.912,468,34674,0.419742,0.25,1,1427273,1426805,468
116253421,34.9405,66.9647,446,34735,0.449897,0.29,1,1427286,1426840,446
116297221,25.0465,17.1642,475,35638,0.753917,0.51,2,1427825,1427350,475
116300141,26.8186,24.2657,474,35697,0.763567,0.51,2,1427853,1427379,474
116303061,11.9274,26.5063,448,35756,0.767427,0.55,2,1427855,1427407,448
116305981,21.571,26.2025,450,35815,0.792971,0.57,2,1427883,1427433,450
116343941,22.3224,21.8284,462,36575,0.923883,0.83,2,1428367,1427905,462
116346861,37.129,36.3314,463,36633,0.939553,0.83,2,1428414,1427951,463
116536661,94.957,92.9796,466,17881,0.080112,0.01,1,1431152,1430686,466
116539581,73.9828,77.3918,459,18000,0.0620448,0.03,1,1431212,1430753,459
116542501,40.9931,53.7567,440,18118,0.0308179,0.03,1,1431231,1430791,440
116545421,36.7972,41.9027,440,18235,0.0423272,0.05,1,1431265,1430825,440
116548341,120.319,131.361,425,18351,0.0829309,0.09,1,1431441,1431016,425
116557101,65.2524,67.5431,422,18696,0.0789876,0.01,1,1431634,1431212,422
116560021,38.101,38.4172,423,18810,0.049595,0.05,1,1431654,1431231,423
116562941,35.0404,35.7669,422,18923,0.019838,0.11,1,1431687,1431265,422
116565861,122.616,119.907,427,19035,0.0739352,0.13,1,1431868,1431441,427
116568781,89.8465,88.1627,428,19146,0.0835741,0.13,1,1431936,1431508,428
116595061,36.5847,61.3572,447,20122,0.204652,0.17,1,1432503,1432056,447
116597981,32.6339,36.5429,457,20227,0.219861,0.11,1,1432533,1432076,457
116600901,124.654,34.4171,610,20332,0.225944,0.11,1,1432719,1432109,610
116603821,92.4614,125.367,495,20436,0.276378,0.17,1,1432790,1432295,495
116615501,33.135,36.5838,462,20848,0.413395,0.23,1,1432965,1432503,462
116641781,97.4578,95.5416,448,21746,0.757502,0.47,2,1433675,1433227,448
116644701,40.1831,39.4166,448,21844,0.777001,0.59,2,1433677,1433229,448
116647621,59.8733,58.3667,450,21941,0.7848,0.69,2,1433750,1433300,450
116650541,59.9493,56.9467,454,22038,0.79992,0.65,2,1433810,1433356,454
116665141,40.9339,40.1831,460,22515,0.903727,0.79,2,1434137,1433677,460
116668061,60.1736,16.0733,533,22609,0.919491,0.79,2,1434210,1433677,533
116670981,60.0694,50.2293,520,22703,0.913796,0.81,2,1434270,1433750,520
116673901,36.6278,56.0917,481,22796,0.935519,0.85,2,1434291,1433810,481
116761501,47.2195,35.7921,511,25437,0.946,1,2,1436223,1435712,511
116773181,91.2616,131.932,540,25768,0.41969,1,1,1436515,1435975,540
116781941,59.6247,45.2837,544,26014,0.0885401,1,1,1436656,1436112,544
116784861,43.0499,62.5135,502,26095,0.053416,0.91,1,1436688,1436186,502
116787781,33.42,47.2054,492,26176,0.0393664,0.83,1,1436715,1436223,492
116790701,20.568,38.0822,472,26257,0.0457466,0.85,1,1436727,1436255,472
116793621,98.8272,23.6329,609,26338,0.0362986,0.55,1,1436878,1436269,609
116796541,83.9309,109.653,516,26418,0.0205195,0.25,1,1436952,1436436,516
116799461,48.5724,91.2613,462,26498,0.0742078,0.23,1,1436977,1436515,462
116802381,41.0289,53.9045,469,26578,0.0956831,0.09,1,1437013,1436544,469
116805301,55.4116,48.5618,489,26658,0.0682732,0.03,1,1437078,1436589,489
116808221,42.5646,59.6247,456,26737,0.0453093,0.03,1,1437112,1436656,456
116811141,32.6259,43.0499,450,26816,0.0241237,0.03,1,1437138,1436688,450
116814061,19.0503,33.42,433,26895,0.0396495,0.05,1,1437148,1436715,433
116816981,8.82014,20.568,423,26974,0.0458598,0.03,1,1437150,1436727,423
116819901,93.5281,98.8272,422,27053,0.0483439,0.01,1,1437300,1436878,422
116822821,81.8112,83.9309,422,27131,0.0853376,0.11,1,1437374,1436952,422
116863701,31.3812,32.1798,426,28204,0.224509,0.11,1,1437988,1437562,426
116866621,17.3525,18.2719,425,28279,0.215804,0.11,1,1437996,1437571,425
116869541,8.14099,8.50877,425,28354,0.212322,0.11,1,1437998,1437573,425
116872461,93.8564,3.40351,576,28429,0.246929,0.11,1,1438149,1437573,576
116875381,83.1426,90.7614,503,28503,0.272771,0.15,1,1438225,1437722,503
116889981,32.1531,42.4321,455,28873,0.40391,0.25,1,1438419,1437964,455
116892901,17.6613,31.3728,439,28946,0.407564,0.21,1,1438427,1437988,439
116895821,8.2645,17.3491,433,29019,0.409026,0.21,1,1438429,1437996,433
116898741,94.5058,8.13965,583,29092,0.42161,0.27,1,1438581,1437998,583
116901661,85.2023,93.8559,511,29165,0.426644,0.29,1,1438660,1438149,511
116904581,53.8809,83.1423,468,29238,0.428658,0.33,1,1438693,1438225,468
116907501,46.1524,51.8569,478,29310,0.441463,0.37,1,1438734,1438256,478
116939621,55.8564,56.8609,448,30095,0.78018,0.53,2,1439246,1438798,448
116951301,8.31312,8.33884,448,30375,0.795125,0.65,2,1439318,1438870,448
116965901,39.3482,39.1411,457,30722,0.928926,0.81,2,1439636,1439179,457
117097301,35.271,34.3927,492,33683,0.946816,1,2,1441691,1441199,492
117100221,33.3084,23.3571,508,33746,0.906726,1,2,1441723,1441215,508
117108981,80.9237,84.7989,491,33934,0.40819,1,1,1441949,1441458,491
117117741,28.8911,32.8351,481,34120,0.291324,0.99,1,1442028,1441547,481
117120661,33.1564,34.7341,481,34182,0.20653,1,1,1442064,1441583,481
117126501,32.665,14.6774,506,34306,0.0966447,0.98,1,1442127,1441621,506
117132341,29.1064,31.7484,492,34430,0.0958632,0.88,1,1442183,1441691,492
117146941,28.9867,54.5334,447,34735,0.20117,0.29,1,1442433,1441986,447
117149861,27.1947,30.2134,459,34796,0.230468,0.27,1,1442459,1442000,459
117152781,30.6779,28.8853,464,34857,0.230187,0.15,1,1442492,1442028,464
117155701,29.6711,33.1541,457,34918,0.218075,0.19,1,1442521,1442064,457
117158621,30.4685,30.6617,459,34979,0.24923,0.03,1,1442552,1442093,459
117161541,28.9874,32.6647,453,35039,0.237692,0.11,1,1442580,1442127,453
117164461,28.395,29.2659,454,35099,0.245077,0.09,1,1442608,1442154,454
117167381,32.358,29.1063,460,35159,0.248031,0.13,1,1442643,1442183,460
117170301,69.9432,32.0425,521,35219,0.273212,0.13,1,1442738,1442217,521
117181981,28.1665,28.9867,459,35459,0.403522,0.25,1,1442892,1442433,459
117184901,30.4666,27.1947,465,35519,0.419409,0.23,1,1442924,1442459,465
117187821,28.9866,30.6779,460,35579,0.425764,0.21,1,1442952,1442492,460
117190741,31.9947,29.6711,465,35638,0.428305,0.27,1,1442986,1442521,465
117193661,27.1979,30.4685,458,35697,0.441322,0.23,1,1443010,1442552,458
117196581,12.0791,28.9874,432,35756,0.446529,0.25,1,1443012,1442580,432
117257901,29.485,29.2894,456,36978,0.758036,0.71,2,1443851,1443395,456
117260821,32.194,32.7158,455,37035,0.789215,0.67,2,1443885,1443430,455
117263741,27.2776,27.4863,455,37092,0.777686,0.71,2,1443909,1443454,455
117266661,12.111,12.1945,455,37149,0.773074,0.71,2,1443911,1443456,455
117269581,24.0444,4.87781,487,37206,0.77123,0.73,2,1443943,1443456,487
117272501,31.2178,21.1511,491,37263,0.794492,0.73,2,1443979,1443488,491
117284181,31.2792,56.3079,470,37490,0.902051,0.71,2,1444217,1443747,470
117287101,30.5117,30.9231,486,37546,0.90682,0.73,2,1444247,1443761,486
117290021,33.2047,29.7693,492,37602,0.944728,0.75,2,1444282,1443790,492
117292941,30.0819,31.7077,487,37658,0.947891,0.77,2,1444310,1443823,487
117455001,322.436,345.895,469,17520,0.422896,0.65,1,1446375,1445906,469
117463761,98.4439,99.9213,473,18597,0.0839453,0.03,1,1446656,1446183,473
117466681,79.5775,94.5685,449,18711,0.0635781,0.05,1,1446723,1446274,449
117469601,65.431,79.2274,436,18824,0.0914313,0.01,1,1446779,1446343,436
117510481,89.8185,35.8488,553,20344,0.223401,0.19,1,1447775,1447222,553
117513401,86.3274,89.3395,512,20448,0.29936,0.15,1,1447859,1447347,512
117519241,73.0924,80.6543,496,20655,0.421098,0.13,1,1448004,1447508,496
117522161,63.437,73.6617,484,20758,0.414439,0.19,1,1448061,1447577,484
117525081,36.1748,61.8647,448,20860,0.423776,0.19,1,1448079,1447631,448
117571801,39.8968,38.5943,454,22431,0.914312,0.67,2,1449110,1448656,454
117574721,70.5587,68.2377,457,22526,0.935725,0.67,2,1449201,1448744,457
117577641,78.0235,27.2951,540,22620,0.93229,0.79,2,1449284,1448744,540
117580561,75.0094,58.918,533,22714,0.942916,0.85,2,1449357,1448824,533
117583481,65.4038,66.1672,521,22807,0.935166,0.83,2,1449416,1448895,521
117586401,36.9615,61.2669,481,22900,0.944067,0.89,2,1449434,1448953,481
117691521,67.0435,67.7951,539,26024,0.0475441,0.79,1,1451726,1451187,539
117694441,43.0174,73.918,488,26105,0.0370176,0.79,1,1451753,1451265,488
117697361,37.007,52.3672,483,26186,0.044807,0.65,1,1451786,1451303,483
117700281,37.0028,41.9469,485,26267,0.0599228,0.53,1,1451823,1451338,485
117711961,69.2753,54.5218,505,26588,0.068494,0.07,1,1452084,1451579,505
117714881,66.1101,71.6087,486,26668,0.0573976,0.01,1,1452148,1451662,486
117717801,42.644,67.0435,449,26747,0.052959,0.03,1,1452175,1451726,449
117720721,36.8576,43.0174,455,26826,0.0391836,0.05,1,1452208,1451753,455
117723641,38.743,37.007,462,26905,0.0456734,0.07,1,1452248,1451786,462
117726561,16.6972,37.0028,427,26984,0.0482694,0.15,1,1452250,1451823,427
117744081,42.6116,42.644,424,27451,0.201366,0.03,1,1452599,1452175,424
117755761,64.8781,61.8789,429,27759,0.246451,0.19,1,1452771,1452342,429
117758681,51.1512,49.9516,429,27835,0.27258,0.17,1,1452813,1452384,429
117761601,49.2605,48.1806,430,27911,0.295032,0.15,1,1452861,1452431,430
117770361,42.7527,42.6116,430,28138,0.409362,0.19,1,1453029,1452599,430
117773281,36.3011,36.8446,429,28213,0.433745,0.15,1,1453061,1452632,429
117776201,39.1204,38.7378,430,28288,0.431498,0.19,1,1453102,1452672,430
117779121,16.8482,16.6951,430,28363,0.430599,0.19,1,1453104,1452674,430
117782041,66.7393,6.67806,530,28438,0.41824,0.29,1,1453204,1452674,530
117784961,51.8957,60.8712,475,28512,0.413296,0.29,1,1453246,1452771,475
117787881,50.1583,49.5485,482,28586,0.423318,0.31,1,1453295,1452813,482
117817081,66.7788,50.1581,520,29318,0.756523,0.47,2,1453815,1453295,520
117820001,69.9115,65.6632,516,29390,0.764609,0.49,2,1453887,1453371,516
117822921,45.9646,68.2653,476,29462,0.767844,0.53,2,1453917,1453441,476
117825841,38.1858,44.7061,480,29534,0.757137,0.55,2,1453950,1453470,480
117828761,39.2743,37.0824,488,29606,0.776855,0.55,2,1453990,1453502,488
117831681,16.9097,38.833,450,29677,0.784742,0.55,2,1453992,1453542,450
117834601,69.7639,16.7332,553,29748,0.775897,0.63,2,1454097,1453544,553
117837521,54.9056,67.2933,497,29819,0.796359,0.67,2,1454142,1453645,497
117849201,67.8424,69.9115,460,30102,0.916691,0.77,2,1454347,1453887,460
117852121,45.137,45.9646,460,30172,0.948676,0.75,2,1454377,1453917,460
117855041,37.2548,38.1858,459,30242,0.949471,0.79,2,1454409,1453950,459
117857961,40.1019,39.2743,461,30312,0.949788,0.79,2,1454451,1453990,461
117980601,35.413,36.6233,493,33117,0.94312,1,2,1456392,1455899,493
118068201,51.8399,52.1665,497,34983,0.77159,0.53,2,1457666,1457169,497
118097401,55.3779,33.7491,523,35583,0.939402,0.73,2,1458072,1457549,523
118291581,331.863,354.157,501,17520,0.43,0.97,1,1460702,1460201,501
118300341,124.535,101.554,537,17881,0.0652,0.01,1,1460983,1460446,537
118303261,103.214,133.022,472,18000,0.02608,0.09,1,1461072,1460600,472
118306181,60.4856,92.2086,439,18118,0.010432,0.09,1,1461104,1460665,439
118309101,36.7943,53.0835,433,18235,0.0941728,0.03,1,1461125,1460692,433
118312021,52.5177,63.8334,425,18351,0.0916691,0.07,1,1461188,1460763,425
118314941,77.4071,83.1334,423,18467,0.0666676,0.03,1,1461282,1460859,423
118317861,105.963,107.653,424,18582,0.0806671,0,1,1461407,1460983,424
118320781,94.5851,96.4613,422,18696,0.0502668,0,1,1461494,1461072,422
118323701,58.2341,57.7845,424,18810,0.0501067,0.15,1,1461528,1461104,424
118326621,37.0936,35.7138,426,18923,0.0380427,0.09,1,1461551,1461125,426
118335381,105.79,105.894,424,19257,0.0962747,0.03,1,1461831,1461407,424
118338301,93.316,94.5575,422,19367,0.0565099,0.05,1,1461916,1461494,422
118341221,57.7264,58.223,422,19477,0.022604,0.03,1,1461950,1461528,422
118344141,38.0906,37.0892,424,19586,0.0270416,0.03,1,1461975,1461551,424
118347061,54.2362,14.8357,489,19694,0.0408166,0.19,1,1462040,1461551,489
118349981,75.0945,42.5343,517,19802,0.0703267,0.09,1,1462129,1461612,517
118352901,105.038,73.4137,548,19909,0.0941307,0.09,1,1462254,1461706,548
118355821,91.8151,104.365,506,20016,0.0376523,0.03,1,1462337,1461831,506
118358741,57.126,92.7462,455,20122,0.0150609,0,1,1462371,1461916,455
118361661,38.4504,57.4985,447,20227,0.0360244,0.03,1,1462397,1461950,447
118364581,54.9802,37.9994,488,20332,0.0324097,0.05,1,1462463,1461975,488
118379181,38.268,57.1251,449,20848,0.0736663,0.05,1,1462820,1462371,449
118382101,54.9072,38.45,489,20950,0.0714665,0.03,1,1462886,1462397,489
118385021,80.7629,54.98,521,21051,0.0945866,0.19,1,1462984,1462463,521
118393781,79.0408,89.1747,426,21352,0.217014,0.07,1,1463185,1462759,426
118396701,50.8163,56.6699,423,21451,0.248805,0.05,1,1463217,1462794,423
118399621,36.5265,38.268,424,21550,0.249522,0.07,1,1463244,1462820,424
118408381,34.2577,33.5051,427,21844,0.410769,0.21,1,1463413,1462986,427
118449261,35.6075,85.5067,451,23166,0.760674,0.61,2,1464303,1463852,451
118475541,85.7083,95.843,541,23977,0.936787,0.87,2,1464980,1464439,541
118566061,80.0838,52.7536,572,26578,0.40817,1,1,1466775,1466203,572
118568981,90.2335,88.3014,557,26658,0.265268,1,1,1466872,1466315,557
118571901,51.0934,84.5206,500,26737,0.220107,1,1,1466897,1466397,500
118574821,35.4374,51.8082,495,26816,0.202043,1,1,1466922,1466427,495
118589421,45.36,56.2096,441,27209,0.0820657,0.29,1,1467120,1466679,441
118598181,46.823,51.0934,427,27442,0.210932,0.19,1,1467324,1466897,427
118601101,34.3292,35.4374,428,27519,0.222373,0.13,1,1467350,1466922,428
118604021,30.5317,30.3749,429,27596,0.238949,0.15,1,1467378,1466949,429
118606941,15.8127,15.75,429,27673,0.22158,0.09,1,1467384,1466955,429
118609861,23.1251,25.5,425,27750,0.262632,0.09,1,1467412,1466987,425
118612781,73.45,74.4,425,27826,0.291053,0.07,1,1467519,1467094,425
118621541,87.7168,84.0576,433,28054,0.411987,0.23,1,1467735,1467302,433
118624461,48.2867,46.823,433,28129,0.422795,0.23,1,1467757,1467324,433
118627381,35.5147,34.3292,434,28204,0.439118,0.25,1,1467784,1467350,434
118630301,29.8059,30.5317,432,28279,0.421647,0.21,1,1467810,1467378,432
118633221,15.5223,15.8127,432,28354,0.438659,0.21,1,1467816,1467384,432
118636141,23.6089,6.32507,461,28429,0.409464,0.29,1,1467845,1467384,461
118639061,75.4436,19.33,543,28503,0.445785,0.31,1,1467955,1467412,543
118671181,77.5755,46.3773,543,29310,0.753669,0.53,2,1468525,1467982,543
118674101,91.6302,76.1509,548,29382,0.763468,0.55,2,1468626,1468078,548
118677021,50.4521,89.8604,472,29454,0.779387,0.57,2,1468649,1468177,472
118679941,35.7808,49.1441,476,29526,0.797755,0.59,2,1468675,1468199,476
118706221,49.9863,50.4521,461,30165,0.90052,0.81,2,1469110,1468649,461
118709141,36.1945,35.7808,462,30235,0.918208,0.81,2,1469137,1468675,462
118712061,31.2778,31.1123,462,30305,0.925283,0.81,2,1469165,1468703,462
118714981,16.1111,16.0449,462,30375,0.928113,0.83,2,1469171,1468709,462
118837621,32.1222,30.3899,499,33176,0.91408,1,2,1471145,1470646,499
118843461,52.0596,49.8624,492,33304,0.793053,1,2,1471258,1470766,492
118858061,56.8668,50.4623,492,33620,0.244233,0.95,1,1471502,1471010,492
118866821,26.7995,36.8056,484,33809,0.0993909,0.86,1,1471600,1471116,484
118898941,25.2134,39.4379,442,34491,0.212815,0.07,1,1472025,1471583,442
118901861,21.4854,25.9752,444,34552,0.223126,0.13,1,1472044,1471600,444
118904781,37.3941,22.9901,471,34613,0.22725,0.09,1,1472092,1471621,471
118907701,41.9577,36.796,470,34674,0.2409,0.17,1,1472137,1471667,470
118910621,45.5831,40.5184,475,34735,0.23436,0.13,1,1472185,1471710,475
118913541,36.8332,45.6074,457,34796,0.243744,0.11,1,1472216,1471759,457
118925221,50.0949,47.0843,479,35039,0.40152,0.17,1,1472404,1471925,479
118928141,42.238,48.8337,466,35099,0.430608,0.21,1,1472441,1471975,466
118933981,22.3581,25.2134,451,35219,0.439697,0.23,1,1472476,1472025,451
119006981,38.9215,37.7942,450,36691,0.766269,0.57,2,1473419,1472969,450
119009901,41.9686,41.5177,450,36749,0.792507,0.59,2,1473463,1473013,450
119024501,51.8214,50.0322,455,37035,0.901904,0.71,2,1473698,1473243,455
119152981,30.8349,28.2585,521,39468,0.946,1,2,1475352,1474831,521
119250801,88.1744,46.0218,594,20344,0.946,1,2,1477447,1476853,594
119268321,84.4681,47.9356,580,20962,0.446563,0.91,1,1477912,1477332,580
119271241,34.9872,88.1743,467,21063,0.436625,0.81,1,1477914,1477447,467
119306281,47.4804,45.7336,450,22241,0.780075,0.65,2,1478698,1478248,450
119332561,35.5389,83.8694,464,23085,0.91439,0.83,2,1479271,1478807,464
119420161,82.3357,46.8345,583,25696,0.929632,1,2,1481179,1480596,583
119426001,74.9737,56.2135,558,25860,0.939541,1,2,1481306,1480748,558
119440601,38.0388,34.5913,511,26267,0.791704,0.96,2,1481535,1481024,511
119484401,43.0212,42.3651,450,27451,0.753841,0.63,2,1482378,1481928,450
119487321,35.8085,34.346,452,27528,0.763536,0.63,2,1482409,1481957,452
119490241,38.3234,37.1384,453,27605,0.779415,0.63,2,1482449,1481996,453
119493161,16.5294,16.0554,453,27682,0.785766,0.63,2,1482451,1481998,453
119516521,39.0406,38.3234,459,28288,0.902719,0.79,2,1482908,1482449,459
119519441,16.8162,16.5294,459,28363,0.907088,0.79,2,1482910,1482451,459
119522361,69.7265,6.61174,564,28438,0.908835,0.85,2,1483015,1482451,564
119525281,50.6906,64.4447,499,28512,0.909534,0.87,2,1483053,1482554,499
119528201,75.4762,47.9779,554,28586,0.921814,0.87,2,1483145,1482591,554
119531121,76.3905,74.3912,539,28660,0.914725,0.83,2,1483222,1482683,539
119534041,55.7562,75.9565,504,28734,0.94789,0.89,2,1483264,1482760,504
119636241,45.0533,48.2838,481,31207,0.935823,1,2,1484955,1484474,481
119650841,43.7497,50.5171,507,31545,0.774252,0.94,2,1485212,1484705,507
119662521,53.728,34.658,536,31813,0.786525,0.97,2,1485382,1484846,536
119677121,52.6407,48.4336,518,32144,0.93959,0.79,2,1485637,1485119,518
119808521,36.4493,36.6689,515,34983,0.926728,1,2,1487602,1487087,515
120052341,86.5687,82.5643,565,20448,0.9424,1,2,1492393,1491828,565
120058181,64.851,93.6103,510,20655,0.903184,1,2,1492532,1492022,510
120061101,49.3404,59.6441,512,20758,0.907274,1,2,1492571,1492059,512
120084461,91.3789,96.5362,455,21562,0.751182,0.67,2,1493154,1492699,455
120087381,85.1516,86.6145,456,21660,0.762473,0.67,2,1493235,1492779,456
120090301,35.2606,35.8458,456,21758,0.766989,0.67,2,1493237,1492781,456
120099061,57.0727,55.1181,458,22049,0.917167,0.73,2,1493451,1492993,458
120204181,53.633,58.7221,481,25279,0.934,1,2,1495771,1495290,481
120210021,52.7413,50.5555,483,25447,0.92344,1,2,1495892,1495409,483
120221701,64.9982,87.5742,518,25778,0.798504,1,2,1496135,1495617,518
120227541,54.9197,61.7719,518,25942,0.920961,0.89,2,1496241,1495723,518
120347261,60.033,41.046,552,29100,0.9148,1,2,1498453,1497901,552
120356021,64.5381,47.6509,545,29318,0.418307,1,1,1498627,1498082,545
120361861,56.2861,58.6242,533,29462,0.0801291,1,1,1498748,1498215,533
120364781,44.1144,55.8497,515,29534,0.0860517,1,1,1498784,1498269,515
120367701,34.4458,39.1399,515,29606,0.0524207,1,1,1498812,1498297,515
120370621,40.7783,38.4559,522,29677,0.0269683,0.97,1,1498857,1498335,522
120373541,51.1113,43.5824,533,29748,0.0767873,0.87,1,1498915,1498382,533
120376461,49.2445,60.033,510,29819,0.0607149,0.61,1,1498963,1498453,510
120379381,20.8978,60.6132,451,29890,0.066286,0.53,1,1498965,1498514,451
120382301,25.7591,45.8453,444,29961,0.0445144,0.29,1,1498994,1498550,444
120385221,47.5037,64.5381,429,30032,0.0598058,0.03,1,1499056,1498627,429
120388141,59.2015,70.2152,422,30102,0.0539223,0.01,1,1499123,1498701,422
120391061,52.4806,56.2861,423,30172,0.0395689,0.09,1,1499171,1498748,423
120393981,43.1922,44.1144,424,30242,0.0218276,0.03,1,1499208,1498784,424
120396901,32.8769,34.4458,422,30312,0.038731,0.01,1,1499234,1498812,422
120399821,40.1508,40.7783,422,30382,0.0334924,0.11,1,1499279,1498857,422
120402741,50.8603,51.1113,422,30452,0.079397,0.05,1,1499337,1498915,422
120405661,50.3441,49.2445,424,30521,0.0737588,0.07,1,1499387,1498963,424
120408581,21.3376,20.8978,424,30590,0.0715035,0.03,1,1499389,1498965,424
120411501,25.9351,25.7591,424,30659,0.0346014,0.07,1,1499418,1498994,424
120420261,51.8678,52.4806,422,30866,0.0725345,0.01,1,1499593,1499171,422
120423181,42.9471,43.1922,422,30935,0.0830138,0.05,1,1499630,1499208,422
120426101,32.7789,32.8769,422,31003,0.0752055,0.03,1,1499656,1499234,422
120429021,40.1115,40.1508,422,31071,0.0480822,0.11,1,1499701,1499279,422
120431941,52.6446,50.8603,425,31139,0.0492329,0.07,1,1499762,1499337,425
120434861,49.8578,50.3441,423,31207,0.0616932,0.07,1,1499810,1499387,423
120437781,21.1431,21.3376,423,31275,0.0426773,0.01,1,1499812,1499389,423
120440701,25.8573,25.9351,423,31343,0.0350709,0.01,1,1499841,1499418,423
120443621,51.7429,10.374,492,31411,0.0920284,0.17,1,1499910,1499418,492
120493261,51.5955,52.4488,477,32537,0.205437,0.13,1,1500660,1500183,477
120496181,21.8382,50.3795,430,32602,0.232175,0.13,1,1500662,1500232,430
120499101,24.9353,21.3518,455,32667,0.24287,0.15,1,1500689,1500234,455
120502021,54.9741,25.3407,502,32732,0.283148,0.13,1,1500764,1500262,502
120504941,23.1896,55.1363,429,32797,0.299259,0.11,1,1500766,1500337,429
120531221,26.9757,24.9353,437,33372,0.296699,0.31,1,1501126,1500689,437
120545821,42.257,42.2121,438,33687,0.402984,0.33,1,1501350,1500912,438
120548741,31.3028,31.2849,438,33750,0.419194,0.35,1,1501374,1500936,438
120551661,37.1211,37.1139,438,33813,0.425677,0.33,1,1501415,1500977,438
120589621,55.2145,51.7621,501,34617,0.757307,0.55,2,1501978,1501477,501
120592541,23.2858,52.5048,450,34678,0.776923,0.55,2,1501980,1501530,450
120595461,26.7143,22.2019,477,34739,0.796769,0.61,2,1502009,1501532,477
120607141,48.9959,47.2196,500,34983,0.915837,0.61,2,1502201,1501701,500
120610061,44.7984,48.2878,493,35043,0.912335,0.63,2,1502243,1501750,493
120612981,32.3193,43.3151,477,35103,0.922934,0.65,2,1502267,1501790,477
120615901,40.5277,31.7261,499,35163,0.939174,0.65,2,1502313,1501814,499
120811541,35.4965,38.4973,488,38985,0.0685091,1,1,1504973,1504485,488
120814461,38.1986,45.3989,478,39039,0.0334036,1,1,1505013,1504535,478
120817381,43.4794,36.1596,495,39093,0.0433615,1,1,1505060,1504565,495
120820301,37.7918,34.8638,495,39147,0.0473446,1,1,1505094,1504599,495
120823221,30.1167,34.3455,486,39201,0.0249378,0.96,1,1505119,1504633,486
120826141,27.0467,32.9382,479,39255,0.0159751,0.99,1,1505144,1504665,479
120829061,24.0187,32.9753,468,39309,0.0363901,0.81,1,1505166,1504698,468
120831981,27.6075,35.9901,460,39363,0.032556,0.65,1,1505196,1504736,460
120834901,28.443,35.396,454,39417,0.0430224,0.35,1,1505225,1504771,454
120837821,38.9772,51.9584,437,39471,0.035209,0.19,1,1505271,1504834,437
120840741,32.9909,42.3834,430,39525,0.0800836,0.09,1,1505300,1504870,430
120843661,33.5964,40.3533,425,39578,0.0740334,0.09,1,1505334,1504909,425
120849501,33.6954,35.4965,422,39684,0.0730454,0.01,1,1505395,1504973,422
120852421,39.2782,38.1986,425,39737,0.0292181,0.05,1,1505438,1505013,425
120855341,42.1113,43.4794,422,39790,0.0296873,0.05,1,1505482,1505060,422
120858261,37.8445,37.7918,423,39843,0.0538749,0.01,1,1505517,1505094,423
120861181,31.9378,30.1167,426,39896,0.06355,0.01,1,1505545,1505119,426
120864101,25.3751,27.0467,422,39949,0.07942,0.05,1,1505566,1505144,422
120867021,23.95,24.0187,423,40002,0.049768,0.03,1,1505589,1505166,423
120869941,26.98,27.6075,422,40055,0.0739072,0.05,1,1505618,1505196,422
120872861,28.192,28.443,422,40108,0.0355629,0.05,1,1505647,1505225,422
120875781,39.4768,11.3772,469,40161,0.0802252,0.03,1,1505694,1505225,469
120878701,33.7907,32.1509,453,40214,0.0860901,0.11,1,1505724,1505271,453
120890381,39.0106,33.5207,464,40423,0.0433879,0,1,1505859,1505395,464
120893301,42.0043,39.2083,465,40475,0.0173552,0.03,1,1505903,1505438,465
120896221,37.8017,42.0833,456,40527,0.0489421,0.07,1,1505938,1505482,456
120899141,32.5207,37.8333,450,40579,0.0375768,0.07,1,1505967,1505517,450
120902061,26.2083,31.9333,444,40631,0.0450307,0.09,1,1505989,1505545,444
120904981,23.6833,25.3733,445,40683,0.0480123,0.03,1,1506011,1505566,445
120907901,26.2733,23.9493,450,40735,0.0732049,0.09,1,1506039,1505589,450
120910821,28.5093,26.9797,451,40787,0.083282,0.01,1,1506069,1505618,451
120913741,40.8037,28.1919,471,40839,0.0753128,0.11,1,1506118,1505647,471
120916661,34.9215,39.4768,455,40891,0.0721251,0.09,1,1506149,1505694,455
120919581,34.9686,33.7907,460,40943,0.07085,0.11,1,1506184,1505724,460
120922501,24.7874,33.9163,444,40995,0.08234,0.11,1,1506202,1505758,444
120925421,31.515,25.5665,460,41046,0.086936,0.11,1,1506238,1505778,460
120928341,38.406,33.0266,465,41097,0.0347744,0,1,1506281,1505816,465
120931261,41.1624,39.0106,465,41148,0.0139098,0,1,1506324,1505859,465
120934181,38.065,42.0043,457,41199,0.0355639,0.07,1,1506360,1505903,457
120937101,32.626,37.8017,451,41250,0.0322256,0.03,1,1506389,1505938,451
120940021,26.8504,32.5207,445,41301,0.0428902,0.05,1,1506412,1505967,445
120942941,23.9402,26.2083,445,41352,0.0471561,0.05,1,1506434,1505989,445
120945861,28.7761,23.6833,455,41403,0.0608624,0.09,1,1506466,1506011,455
120948781,28.3104,26.2733,455,41454,0.078345,0.09,1,1506494,1506039,455
120951701,40.1242,28.5093,473,41505,0.097338,0.07,1,1506542,1506069,473
120963381,23.28,24.7874,426,41709,0.216716,0.09,1,1506628,1506202,426
120966301,30.912,31.515,426,41760,0.260686,0,1,1506664,1506238,426
120969221,36.9648,38.406,424,41811,0.230275,0,1,1506705,1506281,424
120975061,38.5544,38.065,424,41911,0.0908439,0.03,1,1506784,1506360,424
120977981,33.4217,32.626,425,41961,0.0423376,0.05,1,1506814,1506389,425
120980901,26.5687,26.8504,424,42011,0.022935,0.05,1,1506836,1506412,424
120983821,23.8275,23.9402,424,42061,0.015174,0.07,1,1506858,1506434,424
120986741,29.331,28.7761,425,42111,0.0360696,0.09,1,1506891,1506466,425
120989661,29.1324,28.3104,426,42161,0.0444278,0.11,1,1506920,1506494,426
120992581,41.053,40.1242,427,42211,0.0477711,0.11,1,1506969,1506542,427
120995501,17.6212,17.2497,427,42261,0.0491085,0.15,1,1506971,1506544,427
120998421,26.8485,25.4999,429,42311,0.0376434,0.19,1,1507004,1506575,429
121001341,33.5394,31.1999,432,42361,0.0450573,0.25,1,1507042,1506610,432
121004261,24.8158,23.28,433,42411,0.0840229,0.29,1,1507061,1506628,433
121013021,36.3402,39.3859,425,42561,0.208177,0.03,1,1507171,1506746,425
121015941,36.1361,38.5544,423,42611,0.221271,0.01,1,1507207,1506784,423
121018861,31.8544,33.4217,422,42661,0.238508,0.01,1,1507236,1506814,422
121024701,23.5767,23.8275,422,42759,0.204961,0.05,1,1507280,1506858,422
121033461,40.8929,41.053,422,42906,0.205358,0.05,1,1507391,1506969,422
121036381,17.5572,17.6212,422,42955,0.220143,0.03,1,1507393,1506971,422
121039301,27.4229,26.8485,423,43004,0.214057,0.03,1,1507427,1507004,423
121042221,34.3691,10.7394,462,43053,0.211623,0.05,1,1507466,1507004,462
121045141,26.9477,27.0958,446,43102,0.222649,0.11,1,1507488,1507042,446
121048061,33.5791,22.2383,465,43151,0.23906,0.15,1,1507526,1507061,465
121050981,35.0316,31.0953,464,43200,0.257624,0.21,1,1507562,1507098,464
121074341,41.9275,28.7316,479,43591,0.419423,0.23,1,1507821,1507342,479
121077261,17.971,40.8926,432,43639,0.437769,0.23,1,1507823,1507391,432
121144421,32.6597,31.5121,449,44737,0.773136,0.55,2,1508553,1508104,449
121147341,26.2639,25.8049,449,44784,0.759254,0.55,2,1508575,1508126,449
121156101,28.3689,28.3395,449,44925,0.772672,0.61,2,1508658,1508209,449
121159021,46.1476,44.3358,452,44972,0.771069,0.61,2,1508716,1508264,452
121161941,19.659,18.9343,452,45019,0.794428,0.65,2,1508718,1508266,452
121164861,31.2636,29.1737,455,45066,0.779771,0.69,2,1508757,1508302,455
121185301,41.6651,39.6493,461,45395,0.795785,0.79,2,1508986,1508525,461
121208661,30.159,31.2636,458,45763,0.948201,0.71,2,1509215,1508757,458
121366341,33.5263,45.4081,492,48188,0.91479,1,2,1510898,1510406,492
121369261,33.2105,31.9632,502,48232,0.935916,1,2,1510931,1510429,502
121378021,21.5895,26.5016,495,48364,0.798859,0.93,2,1511007,1510512,495
121380941,29.0358,28.6007,499,48408,0.757544,1,2,1511041,1510542,499
121410141,27.7237,29.8157,467,48839,0.752488,0.97,2,1511329,1510862,467
121413061,29.0895,11.9263,497,48882,0.762995,0.87,2,1511359,1510862,497
121415981,36.8358,26.3705,503,48925,0.767198,0.95,2,1511401,1510898,503
121418901,33.9343,30.3482,502,48968,0.756879,0.81,2,1511433,1510931,502
121421821,23.1737,32.5393,484,49011,0.752752,0.78,2,1511449,1510965,484
121424741,18.8695,28.0157,475,49054,0.787101,0.79,2,1511465,1510990,475
121436421,29.3407,37.274,480,49226,0.920294,0.73,2,1511597,1511117,480
121439341,30.3363,30.5096,485,49269,0.926118,0.71,2,1511628,1511143,485
121442261,30.7345,30.8038,485,49312,0.916447,0.73,2,1511659,1511174,485
121445181,29.0938,30.9215,482,49355,0.912579,0.71,2,1511687,1511205,482
121448101,20.0375,26.7686,472,49398,0.923032,0.75,2,1511701,1511229,472
121451021,25.415,20.3074,485,49441,0.939213,0.71,2,1511730,1511245,485
121671481,339.662,360.778,499,23360,0.406,0.49,1,1514251,1513752,499
121687541,154.786,185.524,421,23360,0.08536,0.03,1,1514527,1514106,421
121713821,94.3144,104.21,425,24090,0.052144,0.09,1,1514581,1514156,425
121716741,53.9257,50.6839,437,24178,0.0508576,0.03,1,1514608,1514171,437
121719661,38.9703,38.2736,436,24266,0.038343,0.03,1,1514637,1514201,436
121722581,37.1881,26.1094,454,24353,0.0573372,0.03,1,1514673,1514219,454
121725501,50.8752,52.4438,444,24440,0.0529349,0.07,1,1514733,1514289,444
121728421,58.1501,52.1775,455,24527,0.063174,0.05,1,1514796,1514341,455
121731341,58.66,58.071,452,24613,0.0792696,0.07,1,1514855,1514403,452
121734261,67.264,57.4284,468,24699,0.0737078,0.03,1,1514928,1514460,468
121737181,71.9056,63.1714,476,24785,0.0354831,0.05,1,1515003,1514527,476
121740101,44.9622,73.8685,422,24871,0.0921933,0.03,1,1515030,1514608,422
121743021,35.9849,46.9474,423,24956,0.0428773,0.07,1,1515060,1514637,423
121745941,37.194,40.379,425,25041,0.0831509,0.05,1,1515098,1514673,425
121748861,49.6776,52.1516,423,25126,0.0512604,0.07,1,1515156,1514733,423
121751781,58.871,58.6606,425,25210,0.0265041,0.09,1,1515221,1514796,425
121754701,59.5484,58.8643,426,25294,0.0406017,0.07,1,1515281,1514855,426
121757621,69.4194,67.3457,429,25378,0.0702407,0.01,1,1515357,1514928,429
121760541,70.3677,71.9383,425,25461,0.0460963,0.01,1,1515428,1515003,425
121763461,43.1471,28.7753,450,25544,0.0244385,0.13,1,1515453,1515003,450
121766381,34.0588,27.7101,451,25627,0.0397754,0.01,1,1515481,1515030,451
121769301,38.2235,29.084,462,25710,0.0459102,0.11,1,1515522,1515060,462
121772221,48.2894,34.4336,479,25792,0.0243641,0.03,1,1515577,1515098,479
121775141,58.3158,48.5735,486,25874,0.0277456,0.01,1,1515642,1515156,486
121778061,59.3263,58.4294,481,25956,0.0290982,0.05,1,1515702,1515221,481
121780981,70.5305,59.3718,499,26038,0.0296393,0.09,1,1515780,1515281,499
121783901,69.6122,69.3487,492,26119,0.0178557,0.03,1,1515849,1515357,492
121786821,43.4449,70.3395,447,26200,0.0131423,0.01,1,1515875,1515428,447
121789741,33.578,43.1358,449,26281,0.0592569,0.05,1,1515902,1515453,449
121792661,39.2312,34.0543,464,26362,0.0417028,0.05,1,1515945,1515481,464
121795581,48.6925,38.2217,478,26442,0.0346811,0.01,1,1516000,1515522,478
121798501,57.877,48.2887,487,26522,0.0198724,0.03,1,1516064,1515577,487
121801421,59.1508,58.3155,482,26602,0.025949,0.03,1,1516124,1515642,482
121804341,71.0603,59.3262,501,26682,0.0523796,0.03,1,1516203,1515702,501
121807261,69.2241,70.5305,491,26761,0.0509518,0.01,1,1516271,1515780,491
121810181,43.2897,69.6122,448,26840,0.0383807,0.01,1,1516297,1515849,448
121813101,18.5159,43.4449,424,26919,0.0333523,0.09,1,1516299,1515875,424
121816021,23.6063,33.5779,424,26998,0.0313409,0.03,1,1516326,1515902,424
121818941,34.6425,39.2312,423,27076,0.0185364,0.03,1,1516368,1515945,423
121821861,47.457,48.6925,424,27154,0.0374145,0.01,1,1516424,1516000,424
121824781,56.7828,57.877,423,27232,0.0449658,0.03,1,1516487,1516064,423
121827701,58.7131,59.1508,423,27310,0.0179863,0.07,1,1516547,1516124,423
121830621,72.0852,71.0603,425,27388,0.0251945,0.05,1,1516628,1516203,425
121833541,69.6341,69.2241,425,27465,0.0280778,0.03,1,1516696,1516271,425
121836461,42.2536,43.2897,423,27542,0.0652311,0.03,1,1516720,1516297,423
121839381,18.1015,18.5159,423,27619,0.0920925,0.03,1,1516722,1516299,423
121842301,23.4406,23.6063,423,27696,0.090837,0.01,1,1516749,1516326,423
121853981,58.6705,58.7131,422,28000,0.229605,0.03,1,1516969,1516547,422
121856901,72.6682,72.0852,423,28076,0.241842,0.03,1,1517051,1516628,423
121859821,70.4673,69.6341,424,28151,0.246737,0.09,1,1517120,1516696,424
121862741,43.1869,42.2536,425,28226,0.236695,0.11,1,1517145,1516720,425
121865661,18.4748,18.1015,425,28301,0.232678,0.09,1,1517147,1516722,425
121868581,24.7899,23.4406,427,28376,0.267071,0.09,1,1517176,1516749,427
121871501,33.916,9.37623,467,28451,0.268828,0.15,1,1517216,1516749,467
121874421,47.7664,28.3505,483,28525,0.281531,0.17,1,1517273,1516790,483
121886101,69.9732,72.5242,500,28821,0.411799,0.25,1,1517551,1517051,500
121889021,44.1893,70.4097,458,28894,0.41072,0.23,1,1517578,1517120,458
121891941,18.8757,43.1639,435,28967,0.410288,0.23,1,1517580,1517145,435
121894861,25.5503,18.4655,463,29040,0.434115,0.29,1,1517610,1517147,463
121941581,70.9233,71.3405,452,30185,0.768136,0.63,2,1518445,1517993,452
121944501,45.7693,45.3362,453,30255,0.793254,0.63,2,1518474,1518021,453
121950341,26.4031,26.3338,453,30395,0.795321,0.67,2,1518507,1518054,453
121953261,37.5612,35.7335,456,30465,0.780128,0.71,2,1518552,1518096,456
121964941,58.216,57.7708,457,30741,0.917811,0.75,2,1518747,1518290,457
121967861,76.6864,75.3083,459,30810,0.949125,0.79,2,1518836,1518377,459
122078821,38.4023,36.0184,495,33320,0.946,1,2,1520537,1520042,495
122096341,44.1992,45.6031,487,33698,0.0981602,1,1,1520850,1520363,487
122099261,30.2797,33.8413,482,33761,0.0392641,1,1,1520871,1520389,482
122102181,30.7119,31.5365,483,33824,0.0217056,1,1,1520902,1520419,483
122105101,29.0847,30.0146,482,33887,0.0146823,1,1,1520930,1520448,482
122108021,38.6339,45.0058,472,33949,0.0238729,0.91,1,1520975,1520503,472
122110941,31.0536,38.4023,464,34011,0.0275492,0.81,1,1521001,1520537,464
122113861,34.6214,39.3609,461,34073,0.0290197,0.63,1,1521038,1520577,461
122116781,42.6486,49.3444,453,34135,0.0416079,0.43,1,1521086,1520633,453
122119701,33.2594,40.7377,445,34197,0.0466431,0.17,1,1521113,1520668,445
122122621,54.1038,65.4951,431,34259,0.0366573,0.17,1,1521181,1520750,431
122125541,60.0415,26.198,495,34321,0.0566629,0.07,1,1521245,1520750,495
122128461,40.8166,54.2792,450,34383,0.0526652,0.05,1,1521273,1520823,450
122131381,28.3266,37.9117,443,34444,0.0210661,0,1,1521293,1520850,443
122134301,29.3307,27.7647,452,34505,0.0384264,0.01,1,1521323,1520871,452
122137221,28.5323,29.7059,449,34566,0.0333706,0.01,1,1521351,1520902,449
122140141,38.4129,28.6823,466,34627,0.0133482,0.03,1,1521396,1520930,466
122143061,30.9652,38.4729,447,34688,0.0593393,0.03,1,1521422,1520975,447
122145981,35.1861,30.9892,459,34749,0.0297357,0.03,1,1521460,1521001,459
122148901,42.2744,34.5957,469,34810,0.0178943,0.05,1,1521507,1521038,469
122151821,34.3098,42.6383,450,34871,0.0491577,0.05,1,1521536,1521086,450
122154741,54.5239,33.2553,491,34932,0.0496631,0.03,1,1521604,1521113,491
122157661,60.2096,54.1021,487,34993,0.0498652,0.07,1,1521668,1521181,487
122160581,40.2838,60.0409,450,35053,0.0619461,0.05,1,1521695,1521245,450
122163501,28.1135,40.8163,442,35113,0.0247784,0,1,1521715,1521273,442
122166421,29.2454,28.3265,452,35173,0.0279114,0.05,1,1521745,1521293,452
122169341,27.8982,29.3306,449,35233,0.0111645,0.03,1,1521772,1521323,449
122172261,40.5593,28.5322,470,35293,0.0224658,0,1,1521821,1521351,470
122175181,30.6237,38.4129,449,35353,0.0389863,0.09,1,1521845,1521396,449
122178101,34.4495,30.9652,460,35413,0.0215945,0.01,1,1521882,1521422,460
122181021,43.7798,35.1861,472,35473,0.0386378,0.01,1,1521932,1521460,472
122183941,33.1119,42.2744,451,35533,0.0454551,0.07,1,1521958,1521507,451
122186861,54.6448,34.3098,491,35592,0.0721821,0.05,1,1522027,1521536,491
122198541,22.0485,28.1135,423,35828,0.0973199,0.03,1,1522138,1521715,423
122201461,26.8194,29.2454,423,35887,0.0809279,0,1,1522168,1521745,423
122204381,26.3278,27.8982,422,35946,0.0623712,0.03,1,1522194,1521772,422
122207301,40.5311,40.5593,423,36005,0.0429485,0.05,1,1522244,1521821,423
122210221,31.2124,30.6237,424,36064,0.0231794,0.01,1,1522269,1521845,424
122213141,34.085,34.4495,423,36123,0.0392718,0.05,1,1522305,1521882,423
122216061,43.034,43.7798,422,36182,0.0157087,0.05,1,1522354,1521932,422
122218981,34.0136,33.1119,424,36240,0.0122835,0.09,1,1522382,1521958,424
122221901,56.2054,54.6448,426,36298,0.0109134,0.13,1,1522453,1522027,426
122224821,62.0822,60.2579,428,36356,0.0823654,0.13,1,1522519,1522091,428
122242341,39.8416,40.5311,422,36704,0.0787521,0.01,1,1522666,1522244,422
122245261,30.9366,31.2124,422,36762,0.0375008,0.05,1,1522691,1522269,422
122248181,33.9747,34.085,422,36819,0.0570003,0,1,1522727,1522305,422
122251101,42.9899,43.034,422,36876,0.0228001,0.01,1,1522776,1522354,422
122254021,34.5959,34.0136,423,36933,0.0271201,0.01,1,1522805,1522382,423
122256941,56.4384,56.2054,423,36990,0.052848,0.13,1,1522876,1522453,423
122259861,63.9754,62.0822,426,37047,0.0631392,0.13,1,1522945,1522519,426
122262781,26.7901,26.0329,426,37104,0.0432557,0.15,1,1522947,1522521,426
122265701,25.7161,24.8131,427,37161,0.0473023,0.15,1,1522972,1522545,427
122268621,19.8864,9.92526,443,37218,0.0609209,0.13,1,1522988,1522545,443
122271541,27.1546,13.5701,459,37275,0.0663684,0.17,1,1523020,1522561,459
122274461,25.8618,24.628,452,37332,0.0685473,0.15,1,1523045,1522593,452
122303661,20.3003,25.7158,440,37894,0.211875,0.07,1,1523412,1522972,440
122306581,27.3201,19.8863,456,37950,0.24675,0.07,1,1523444,1522988,456
122309501,27.728,27.1545,452,38006,0.2487,0.07,1,1523472,1523020,452
122312421,36.2912,25.8618,469,38062,0.27348,0.13,1,1523514,1523045,469
122315341,30.7165,35.5447,454,38118,0.295392,0.13,1,1523541,1523087,454
122353301,31.1137,30.7165,438,38832,0.403342,0.35,1,1523979,1523541,438
122356221,34.6455,33.8866,439,38886,0.431337,0.35,1,1524016,1523577,439
122359141,41.4582,41.1546,439,38940,0.442535,0.33,1,1524062,1523623,439
122432141,37.5106,31.5062,490,40274,0.770265,0.61,2,1524910,1524420,490
122435061,45.0042,36.0025,501,40326,0.794106,0.67,2,1524960,1524459,501
122443821,67.8003,59.9762,527,40482,0.902103,0.75,2,1525139,1524612,527
122449661,28.128,27.5962,485,40586,0.927936,0.73,2,1525169,1524684,485
122630701,30.5899,24.4336,547,43694,0.922,1,2,1527313,1526766,547
122632161,29.636,28.9734,544,43742,0.9028,1,2,1527342,1526798,544
122680341,195.062,189.916,508,19818,0.232048,0.57,1,1527964,1527456,508
122683261,142.225,157.566,479,19925,0.206819,0.45,1,1528071,1527592,479
122697861,90.1613,43.1834,537,20451,0.271945,0.07,1,1528387,1527850,537
122718301,83.7991,89.7133,436,21167,0.417925,0.33,1,1528823,1528387,436
122741661,106.477,103.119,448,21955,0.783426,0.59,2,1529387,1528939,448
122744581,76.7907,74.8477,449,22052,0.78737,0.65,2,1529444,1528995,449
122747501,59.5163,56.9391,452,22148,0.788948,0.65,2,1529492,1529040,452
122765021,77.4973,85.7907,517,22717,0.91791,0.79,2,1529904,1529387,517
122767941,59.7989,68.5163,508,22810,0.949164,0.79,2,1529952,1529444,508
122858461,37.0623,17.6928,545,25533,0.9388,1,2,1531875,1531330,545
122861381,45.4249,41.8771,538,25616,0.94552,1,2,1531926,1531388,538
122867221,40.628,42.2203,520,25781,0.771683,1,2,1532014,1531494,520
122873061,106.34,76.4753,614,25945,0.292669,1,1,1532244,1531630,614
122878901,49.1745,69.596,506,26108,0.0840271,0.92,1,1532318,1531812,506
122881821,38.2698,47.6384,504,26189,0.0636108,0.93,1,1532349,1531845,504
122884741,41.7079,37.0554,518,26270,0.0434443,0.95,1,1532393,1531875,518
122887661,43.6832,45.4221,512,26351,0.0593777,0.81,1,1532438,1531926,512
122893501,67.4693,40.6275,544,26511,0.0755004,0.43,1,1532558,1532014,544
122896421,95.3877,79.851,552,26591,0.0842002,0.11,1,1532672,1532120,552
122899341,55.5551,106.34,457,26671,0.0996801,0.03,1,1532701,1532244,457
122902261,45.622,62.9362,462,26750,0.057872,0.05,1,1532740,1532278,462
122905181,37.4488,49.1745,454,26829,0.0411488,0.05,1,1532772,1532318,454
122908101,42.5795,38.2698,469,26908,0.0584595,0.03,1,1532818,1532349,469
122911021,18.2318,41.7079,427,26987,0.0653838,0.07,1,1532820,1532393,427
122913941,34.2927,43.6832,427,27065,0.0921535,0.15,1,1532865,1532438,427
122922701,95.6027,95.3877,428,27299,0.251898,0.11,1,1533100,1532672,428
122925621,55.6411,55.5551,428,27377,0.274759,0.03,1,1533129,1532701,428
122928541,42.6564,45.622,423,27454,0.283904,0.03,1,1533163,1532740,423
122931461,36.2626,37.4488,423,27531,0.263561,0.07,1,1533195,1532772,423
122934381,43.305,42.5795,425,27608,0.291425,0.07,1,1533243,1532818,425
122948981,98.7014,95.6027,435,27989,0.416946,0.29,1,1533535,1533100,435
122951901,56.8805,55.6411,435,28065,0.448778,0.29,1,1533564,1533129,435
123016141,19.3077,44.7017,452,29679,0.759728,0.59,2,1534576,1534124,452
123019061,35.9231,19.0807,497,29750,0.777891,0.59,2,1534623,1534126,497
123021981,34.7692,35.8323,484,29821,0.785157,0.57,2,1534657,1534173,484
123024901,15.1077,35.3329,451,29892,0.788063,0.65,2,1534659,1534208,451
123030741,101.297,102.013,457,30034,0.91689,0.69,2,1534882,1534425,457
123033661,57.3189,58.2053,456,30104,0.924756,0.71,2,1534910,1534454,456
123138781,30.2221,31.141,521,32538,0.945951,1,2,1536553,1536032,521
123170901,28.9374,30.2221,488,33246,0.949597,0.99,2,1537041,1536553,488
123182581,58.4944,58.6809,481,33499,0.771046,1,2,1537258,1536777,481
123185501,56.3978,51.0724,490,33562,0.770418,1,2,1537313,1536823,490
123188421,41.7591,40.2289,489,33625,0.782167,1,2,1537345,1536856,489
123191341,29.9036,33.4916,482,33688,0.798867,1,2,1537367,1536885,482
123208861,31.9586,32.59,469,34063,0.901477,0.79,2,1537565,1537096,469
123436621,35.5809,35.7571,512,38605,0.926773,1,2,1540820,1540308,512
123591381,31.192,35.7566,505,41404,0.908474,1,2,1542758,1542253,505
123603061,28.6097,32.461,491,41608,0.799945,1,2,1542862,1542371,491
123623501,43.5198,40.0003,479,41962,0.447516,0.99,1,1543139,1542660,479
123635181,25.6517,29.2768,464,42162,0.401936,0.83,1,1543250,1542786,464
123638101,25.2607,27.3107,463,42212,0.418775,0.89,1,1543275,1542812,463
123641021,17.9043,20.5243,460,42262,0.41351,0.75,1,1543288,1542828,460
123643941,26.3617,28.6097,458,42312,0.411404,0.67,1,1543320,1542862,458
123646861,29.1447,30.6439,457,42362,0.434562,0.63,1,1543351,1542894,457
123681901,17.2326,17.9043,440,42956,0.755733,0.41,2,1543728,1543288,440
123693581,35.75,23.5271,485,43152,0.771459,0.53,2,1543860,1543375,485
123696501,50.9,32.8109,507,43201,0.782583,0.55,2,1543921,1543414,507
123740301,36.6734,50.9,487,43928,0.903173,0.83,2,1544408,1543921,487
123743221,37.4694,36.56,498,43976,0.919269,0.81,2,1544446,1543948,498
123746141,46.1877,36.824,513,44024,0.913708,0.87,2,1544498,1543985,513
123749061,40.0751,44.1296,500,44072,0.923483,0.83,2,1544534,1544034,500
123751981,30.43,40.4518,486,44120,0.927393,0.81,2,1544558,1544072,486
123754901,28.972,29.9807,491,44168,0.940957,0.87,2,1544586,1544095,491
123947621,31.6823,27.0115,526,47217,0.933228,1,2,1546687,1546161,526
123959301,24.9647,27.0723,510,47397,0.949907,1,2,1546794,1546284,510
123965141,31.3543,33.7316,494,47485,0.933185,1,2,1546848,1546354,494
123968061,35.3417,44.0926,481,47529,0.931274,1,2,1546886,1546405,481
123973901,35.2947,33.9348,488,47617,0.927804,1,2,1546960,1546472,488
123976821,35.1179,32.7739,491,47661,0.905122,1,2,1546995,1546504,491
123991421,30.6706,32.7058,482,47881,0.902654,0.89,2,1547138,1546656,482
123997261,22.9073,27.0729,472,47969,0.798425,1,2,1547183,1546711,472
124023541,34.1765,35.1179,464,48365,0.920558,0.81,2,1547459,1546995,464
124251301,169.158,167.182,506,23451,0.4492,1,1,1549790,1549284,506
124260061,83.1381,78.4037,512,23721,0.0765088,1,1,1550013,1549501,512
124262981,70.4552,75.7615,500,23810,0.0606035,0.76,1,1550075,1549575,500
124265901,55.7821,63.9046,490,23899,0.0422414,0.65,1,1550121,1549631,490
124268821,43.9128,57.9618,472,23988,0.0468966,0.59,1,1550157,1549685,472
124271741,32.5651,45.3847,460,24076,0.0607586,0.31,1,1550182,1549722,460
124274661,39.4261,58.9539,436,24164,0.0663035,0.01,1,1550226,1549790,436
124277581,62.5704,78.7816,422,24252,0.0805214,0.07,1,1550304,1549882,422
124280501,51.4282,56.7126,424,24339,0.0742086,0.05,1,1550348,1549924,424
124283421,73.3713,76.085,423,24426,0.0716834,0.05,1,1550436,1550013,423
124286341,66.5485,67.634,423,24513,0.0466734,0.03,1,1550498,1550075,423
124289261,55.4194,54.6536,425,24599,0.0366693,0.05,1,1550546,1550121,425
124292181,43.1678,43.4614,424,24685,0.0446677,0.07,1,1550581,1550157,424
124295101,32.8671,32.3846,425,24771,0.0598671,0.07,1,1550607,1550182,425
124298021,40.7468,39.3538,427,24857,0.0899468,0.09,1,1550653,1550226,427
124303861,51.0395,51.4166,423,25027,0.0755915,0.07,1,1550771,1550348,423
124306781,75.0158,73.3666,426,25112,0.0482366,0.03,1,1550862,1550436,426
124309701,65.4063,66.5467,423,25196,0.0732946,0.03,1,1550921,1550498,423
124312621,54.3625,55.4187,422,25280,0.0833179,0.05,1,1550968,1550546,422
124315541,42.745,43.1675,422,25364,0.0513271,0.07,1,1551003,1550581,422
124318461,33.898,32.867,424,25448,0.0505309,0.07,1,1551031,1550607,424
124321381,42.3592,13.1468,472,25531,0.0742123,0.11,1,1551079,1550607,472
124330141,73.655,49.7774,513,25779,0.0611496,0.03,1,1551284,1550771,513
124347661,64.2006,42.354,503,26268,0.225833,0.15,1,1551582,1551079,503
124350581,49.6803,61.3416,469,26349,0.252333,0.15,1,1551622,1551153,469
124353501,69.6721,49.1366,511,26429,0.250933,0.01,1,1551705,1551194,511
124356421,68.0688,73.6547,488,26509,0.250373,0.13,1,1551772,1551284,488
124359341,55.4275,66.0619,474,26589,0.286149,0.15,1,1551819,1551345,474
124371021,66.0125,45.0016,510,26906,0.410477,0.25,1,1552015,1551505,510
124373941,27.605,64.2006,435,26985,0.434191,0.27,1,1552017,1551582,435
124441101,43.4115,56.2291,484,28735,0.773982,0.59,2,1553187,1552703,484
124458621,66.4245,36.7599,540,29174,0.945977,0.77,2,1553491,1552951,540
124543301,70.008,68.2565,492,31208,0.93304,1,2,1554935,1554443,492
124549141,39.4013,15.001,543,31344,0.920886,1,2,1555003,1554460,543
124598781,35.8302,42.2871,480,32473,0.770175,0.49,2,1555762,1555282,480
124601701,65.9321,34.9149,536,32538,0.79407,0.59,2,1555848,1555312,536
124622141,50.048,50.9721,458,32990,0.928551,0.73,2,1556090,1555632,458
124625061,64.4192,64.1888,459,33054,0.94142,0.75,2,1556164,1555705,459
124627981,40.7677,40.0755,460,33118,0.934568,0.79,2,1556189,1555729,460
124630901,36.7071,35.8302,461,33182,0.919827,0.81,2,1556223,1555762,461
124633821,66.8828,65.9321,462,33246,0.949931,0.87,2,1556310,1555848,462
124776901,38.0717,32.7663,500,36232,0.946,1,2,1558367,1557867,500
124788581,34.3634,26.0052,512,36464,0.427562,1,1,1558503,1557991,512
124791501,33.5454,49.4021,480,36522,0.297025,1,1,1558536,1558056,480
124797341,40.1673,44.6243,487,36638,0.0679239,1,1,1558624,1558137,487
124800261,56.8669,52.0497,498,36696,0.0571696,1,1,1558692,1558194,498
124803181,46.7468,61.6199,470,36754,0.0648678,1,1,1558732,1558262,470
124806101,39.0987,47.448,466,36811,0.0559471,1,1,1558766,1558300,466
124809021,33.0395,35.1792,468,36868,0.0763789,0.91,1,1558795,1558327,468
124811941,34.2158,38.0717,463,36925,0.0485515,0.71,1,1558830,1558367,463
124814861,32.2863,37.4287,457,36982,0.0494206,0.63,1,1558861,1558404,457
124817781,25.5145,31.7715,450,37039,0.0497682,0.49,1,1558882,1558432,450
124820701,28.8058,34.9086,444,37096,0.0379073,0.33,1,1558913,1558469,444
124823621,27.1223,34.3634,436,37153,0.0331629,0.33,1,1558939,1558503,436
124826541,27.0489,13.7454,463,37210,0.0552652,0.21,1,1558966,1558503,463
124829461,37.2196,25.2982,474,37267,0.0521061,0.01,1,1559010,1558536,474
124832381,37.0878,40.1193,461,37324,0.0388424,0.03,1,1559047,1558586,461
124835301,55.0351,38.8477,490,37381,0.069537,0.05,1,1559114,1558624,490
124838221,45.4141,56.3391,461,37438,0.0698148,0.07,1,1559153,1558692,461
124841141,38.5656,46.5356,455,37494,0.0339259,0.05,1,1559187,1558732,455
124844061,33.4262,39.0143,451,37550,0.0555704,0.09,1,1559217,1558766,451
124846981,33.7705,33.0057,456,37606,0.0762281,0.03,1,1559251,1558795,456
124849901,32.7082,34.2023,453,37662,0.0304913,0.05,1,1559283,1558830,453
124852821,26.2833,32.2809,444,37718,0.0301965,0.05,1,1559305,1558861,444
124855741,27.9133,25.5124,452,37774,0.0540786,0.03,1,1559334,1558882,452
124858661,27.3653,28.8049,448,37830,0.0756314,0.03,1,1559361,1558913,448
124861581,27.1461,27.122,449,37886,0.0842526,0.07,1,1559388,1558939,449
124870341,53.9374,37.0878,488,38054,0.0790722,0.09,1,1559535,1559047,488
124873261,47.3749,55.0351,464,38110,0.0376289,0.07,1,1559578,1559114,464
124876181,37.55,45.414,456,38165,0.0330515,0.01,1,1559609,1559153,456
124879101,36.02,38.5656,457,38220,0.0432206,0.07,1,1559644,1559187,457
124882021,32.408,33.4262,457,38275,0.0592882,0.09,1,1559674,1559217,457
124884941,30.9632,33.7705,453,38330,0.0777153,0,1,1559704,1559251,453
124887861,26.1853,32.7082,444,38385,0.0730861,0.03,1,1559727,1559283,444
124890781,30.2741,26.2833,455,38440,0.0472344,0.07,1,1559760,1559305,455
124893701,27.7096,27.9133,452,38495,0.0488938,0.09,1,1559786,1559334,452
124896621,29.0839,27.3653,455,38550,0.0615575,0.09,1,1559816,1559361,455
124899541,38.0335,27.1461,472,38605,0.078623,0.13,1,1559860,1559388,472
124902461,16.4134,37.8585,429,38660,0.0854492,0.13,1,1559862,1559433,429
124914141,35.7386,37.55,422,38878,0.0944915,0.05,1,1560031,1559609,422
124917061,36.4954,36.02,424,38932,0.0677966,0.07,1,1560068,1559644,424
124919981,33.7982,32.408,426,38986,0.0571186,0.09,1,1560100,1559674,426
124922901,31.5193,30.9632,426,39040,0.0648475,0.07,1,1560130,1559704,426
124925821,25.8077,26.1853,425,39094,0.055939,0.03,1,1560152,1559727,425
124928741,28.9231,30.2741,423,39148,0.0883756,0.05,1,1560183,1559760,423
124931661,28.3692,27.7096,425,39202,0.0893502,0.07,1,1560211,1559786,425
124934581,29.9477,29.0839,426,39256,0.0897401,0.09,1,1560242,1559816,426
124937501,38.9791,38.0335,427,39310,0.089896,0.09,1,1560287,1559860,427
124940421,16.7916,16.4134,427,39364,0.0899584,0.11,1,1560289,1559862,427
124943341,28.3167,28.1654,427,39418,0.0899834,0.13,1,1560325,1559898,427
124960861,31.2246,31.5193,423,39738,0.218924,0.05,1,1560553,1560130,423
124963781,26.2898,25.8077,424,39791,0.20157,0.11,1,1560576,1560152,424
124966701,30.3159,28.9231,426,39844,0.218628,0.09,1,1560609,1560183,426
124969621,27.7264,28.3692,424,39897,0.225451,0.09,1,1560635,1560211,424
124972541,30.2905,29.9477,425,39950,0.21618,0.09,1,1560667,1560242,425
124975461,38.5162,38.9791,424,40003,0.224472,0.09,1,1560711,1560287,424
124978381,16.6065,16.7916,424,40056,0.251789,0.09,1,1560713,1560289,424
124981301,28.2426,28.3167,424,40109,0.286716,0.09,1,1560749,1560325,424
125013421,39.3543,30.2888,476,40684,0.412874,0.23,1,1561143,1560667,476
125016341,16.9417,38.5155,434,40736,0.42315,0.27,1,1561145,1560711,434
125060141,52.7022,29.5767,513,41506,0.755947,0.55,2,1561696,1561183,513
125063061,22.2809,50.8307,450,41557,0.776379,0.57,2,1561698,1561248,450
125068901,31.4049,35.7329,451,41659,0.797421,0.59,2,1561769,1561318,451
125071821,35.362,37.0932,451,41710,0.792968,0.63,2,1561807,1561356,451
125121461,27.683,26.8392,463,42562,0.917045,0.83,2,1562361,1561898,463
125273301,29.5211,32.1433,498,45067,0.9136,1,2,1564108,1563610,498
125293741,35.1072,30.2781,507,45396,0.204322,1,1,1564324,1563817,507
125302501,35.2229,40.6978,488,45534,0.0413966,1,1,1564414,1563926,488
125305421,32.0891,32.4791,491,45580,0.0585587,1,1,1564444,1563953,491
125308341,28.4357,33.3916,483,45626,0.0774235,1,1,1564470,1563987,483
125311261,43.1743,51.7567,472,45672,0.0489694,0.94,1,1564523,1564051,472
125314181,35.2697,42.3027,466,45718,0.0375878,0.88,1,1564553,1564087,466
125317101,28.5079,29.5211,469,45764,0.0450351,0.79,1,1564577,1564108,469
125320021,24.6032,29.8084,461,45810,0.072014,0.61,1,1564599,1564138,461
125322941,27.8413,31.1234,459,45856,0.0828056,0.55,1,1564629,1564170,459
125331701,19.8298,12.1199,459,45994,0.0928996,0.49,1,1564691,1564232,459
125337541,29.6928,27.8592,466,46086,0.0880639,0.09,1,1564752,1564286,466
125352141,28.0749,32.0594,448,46316,0.098217,0.09,1,1564892,1564444,448
125357981,35.572,43.1695,452,46407,0.0889147,0.03,1,1564975,1564523,452
125360901,29.2288,35.2678,447,46452,0.0655659,0.05,1,1565000,1564553,447
125363821,24.8915,28.5071,445,46497,0.0682264,0.09,1,1565022,1564577,445
125366741,27.9566,24.6028,453,46542,0.0812905,0.09,1,1565052,1564599,453
125369661,26.7826,27.8411,449,46587,0.0865162,0.15,1,1565078,1564629,449
125384261,28.5751,29.6928,454,46812,0.210483,0.17,1,1565206,1564752,454
125387181,21.63,25.6771,448,46857,0.222193,0.21,1,1565223,1564775,448
125390101,32.052,21.6708,468,46902,0.214877,0.09,1,1565262,1564794,468
125393021,29.6208,34.4683,453,46947,0.223951,0.15,1,1565290,1564837,453
125395941,29.8483,31.1873,454,46992,0.23958,0.07,1,1565320,1564866,454
125398861,41.3393,28.0749,477,47037,0.233832,0.13,1,1565369,1564892,477
125401781,33.3357,42.43,453,47082,0.231533,0.07,1,1565397,1564944,453
125404701,29.5343,35.572,449,47127,0.218613,0.05,1,1565424,1564975,449
125407621,25.6137,29.2288,447,47172,0.225445,0.07,1,1565447,1565000,447
125410541,28.2455,24.8915,455,47217,0.252178,0.09,1,1565477,1565022,455
125413461,28.0982,27.9566,453,47262,0.262871,0.09,1,1565505,1565052,453
125416381,23.2393,26.7826,447,47307,0.267148,0.13,1,1565525,1565078,447
125419301,21.2957,22.7131,447,47352,0.268859,0.15,1,1565545,1565098,447
125422221,9.71828,20.4852,430,47397,0.269544,0.19,1,1565547,1565117,430
125445581,41.5523,41.3393,433,47749,0.42791,0.23,1,1565802,1565369,433
125448501,33.4209,33.3357,433,47793,0.441164,0.21,1,1565830,1565397,433
125539021,43.2467,30.0394,501,49141,0.760931,0.63,2,1566695,1566194,501
125541941,34.0987,42.0157,479,49184,0.778372,0.65,2,1566723,1566244,479
125544861,30.4395,33.6063,479,49227,0.785349,0.67,2,1566751,1566272,479
125547781,28.9758,29.6425,480,49270,0.78814,0.67,2,1566779,1566299,480
125550701,31.3903,28.657,485,49313,0.777256,0.67,2,1566812,1566327,485
125553621,29.3561,30.6628,481,49356,0.784902,0.69,2,1566840,1566359,481
125556541,25.5425,29.0651,476,49399,0.799961,0.67,2,1566863,1566387,476
125571141,30.1176,29.4586,486,49614,0.910928,0.71,2,1566982,1566496,486
125574061,22.847,29.7834,474,49656,0.934371,0.71,2,1567000,1566526,474
125755101,28.2998,24.5172,513,52220,0.909797,1,2,1568794,1568281,513
125760941,24.808,26.1227,508,52300,0.787567,1,2,1568841,1568333,508
125772621,27.6879,27.9231,511,52460,0.438674,0.99,1,1568959,1568448,511
125778461,24.7101,20.5477,515,52540,0.270588,1,1,1569009,1568494,515
125787221,28.1494,26.8751,512,52660,0.0909976,1,1,1569084,1568572,512
125790141,32.2598,35.95,505,52700,0.066399,1,1,1569119,1568614,505
125793061,35.1039,34.78,508,52740,0.0685596,0.99,1,1569156,1568648,508
125795981,28.4416,33.712,499,52780,0.0454238,1,1,1569180,1568681,499
125798901,28.1766,29.6848,500,52820,0.0481695,1,1,1569208,1568708,500
125801821,25.6707,29.8739,494,52860,0.0372678,0.95,1,1569232,1568738,494
125804741,24.6683,28.7496,490,52900,0.0449071,0.87,1,1569256,1568766,490
125807661,20.0673,28.2998,479,52940,0.0359628,0.75,1,1569273,1568794,479
125810581,20.0269,24.5199,477,52980,0.0563851,0.77,1,1569293,1568816,477
125813501,24.2108,24.808,479,53020,0.0525541,0.63,1,1569320,1568841,479
125816421,27.0843,29.1232,476,53060,0.0750216,0.47,1,1569349,1568873,476
125819341,24.0337,32.0493,464,53100,0.0840086,0.53,1,1569371,1568907,464
125822261,25.8135,27.2197,467,53140,0.0516035,0.37,1,1569398,1568931,467
125825181,24.1254,27.6879,462,53180,0.0986414,0.31,1,1569421,1568959,462
125828101,21.0502,27.2752,454,53220,0.0814566,0.21,1,1569440,1568986,454
125831021,9.62006,24.7101,433,53260,0.0745826,0.13,1,1569442,1569009,433
125833941,14.648,23.684,428,53300,0.071833,0.13,1,1569460,1569032,428
125836861,15.4592,20.8736,425,53339,0.0947332,0.05,1,1569476,1569051,425
125842701,31.8735,32.2598,424,53417,0.0475573,0.07,1,1569543,1569119,424
125845621,34.3494,35.1039,423,53456,0.0370229,0.03,1,1569579,1569156,423
125848541,27.5398,28.4416,422,53495,0.0568092,0.05,1,1569602,1569180,422
125851461,28.4159,28.1766,423,53534,0.0527237,0.03,1,1569631,1569208,423
125854381,26.3664,25.6707,424,53573,0.0390895,0.05,1,1569656,1569232,424
125857301,24.9465,24.6683,424,53612,0.0456358,0.03,1,1569680,1569256,424
125860221,19.5786,20.0673,423,53651,0.0362543,0.07,1,1569696,1569273,423
125863141,21.0314,20.0269,425,53690,0.0205017,0.05,1,1569718,1569293,425
125866061,22.8126,24.2108,422,53729,0.0502007,0.09,1,1569742,1569320,422
125868981,28.925,27.0843,426,53768,0.0260803,0.09,1,1569775,1569349,426
125871901,23.57,24.0337,424,53807,0.0284321,0.03,1,1569795,1569371,424
125874821,26.228,25.8135,425,53846,0.0293728,0.13,1,1569823,1569398,425
125877741,26.0912,24.1254,428,53885,0.0537491,0.07,1,1569849,1569421,428
125880661,18.8365,21.0502,423,53924,0.0754997,0.07,1,1569863,1569440,423
125883581,8.73459,9.62006,423,53963,0.0841999,0.07,1,1569865,1569442,423
125886501,16.6938,14.648,427,54002,0.0996799,0.11,1,1569887,1569460,427
125889421,16.2775,15.4592,427,54041,0.093872,0.11,1,1569903,1569476,427
125898181,33.9218,34.3494,422,54158,0.0984078,0.07,1,1570001,1569579,422
125901101,27.9687,27.5398,423,54197,0.0693631,0.05,1,1570025,1569602,423
125904021,27.9875,28.4159,422,54236,0.0577452,0.03,1,1570053,1569631,422
125906941,26.795,26.3664,423,54275,0.0890981,0.05,1,1570079,1569656,423
125974101,29.1218,22.8519,459,55159,0.219468,0.13,1,1570624,1570165,459
125977021,24.8487,28.3408,449,55197,0.261787,0.15,1,1570646,1570197,449
125979941,26.7395,23.9363,456,55235,0.278715,0.19,1,1570674,1570218,456
125982861,26.2958,26.3745,454,55273,0.297486,0.15,1,1570700,1570246,454
126003301,32.583,29.8569,463,55539,0.414185,0.17,1,1570852,1570389,463
126006221,27.4332,32.3428,453,55577,0.423674,0.15,1,1570876,1570423,453
126009141,28.3733,27.9371,457,55615,0.43947,0.17,1,1570905,1570448,457
126012061,26.9493,27.9748,455,55653,0.445788,0.15,1,1570931,1570476,455
126114261,30.6811,31.1465,444,56960,0.751932,0.49,2,1571739,1571295,444
126117181,26.6724,26.8586,444,56997,0.750773,0.45,2,1571763,1571319,444
126120101,29.269,28.7434,445,57034,0.774309,0.51,2,1571794,1571349,445
126123021,27.3076,27.0974,445,57071,0.783724,0.53,2,1571820,1571375,445
126125941,28.923,28.239,446,57108,0.799489,0.51,2,1571850,1571404,446
126131781,22.3877,21.9182,446,57182,0.784318,0.53,2,1571888,1571442,446
126152221,9.56549,9.54014,450,57441,0.904344,0.63,2,1572051,1571601,450
126155141,18.8262,17.0161,453,57478,0.907738,0.65,2,1572076,1571623,453
126158061,18.9305,17.6064,454,57515,0.921095,0.65,2,1572095,1571641,454
126160981,23.7722,22.6426,455,57552,0.938438,0.69,2,1572122,1571667,455
126163901,10.7089,10.257,455,57589,0.945375,0.71,2,1572124,1571669,455
126166821,25.8836,25.7028,455,57626,0.94815,0.71,2,1572160,1571705,455
126397501,161.038,163.108,486,27816,0.7972,0.92,2,1574160,1573674,486
126426701,61.3962,43.6469,524,28569,0.799087,0.67,2,1574684,1574160,524
126461741,56.2109,58.3014,518,29446,0.902,0.87,2,1575308,1574790,518
126464661,49.4844,55.7206,509,29518,0.9188,0.91,2,1575353,1574844,509
126467581,62.9937,47.4882,539,29590,0.92552,0.89,2,1575425,1574886,539
126470501,37.1975,63.3953,485,29662,0.928208,0.89,2,1575445,1574960,485
126552261,60.1278,55.6155,530,31599,0.946,1,2,1576789,1576259,530
126555181,51.6511,48.6462,532,31666,0.9004,1,2,1576835,1576303,532
126558101,54.2604,63.8585,514,31733,0.91816,1,2,1576891,1576377,514
126572701,43.1076,59.1746,503,32065,0.763645,1,2,1577089,1576586,503
126607741,47.2186,57.4431,457,32849,0.793481,0.73,2,1577613,1577156,457
126616501,46.462,48.0764,453,33041,0.913583,0.61,2,1577752,1577299,453
126619421,52.7848,53.4305,453,33105,0.911433,0.65,2,1577809,1577356,453
126625261,30.6456,29.9089,455,33233,0.900629,0.67,2,1577864,1577409,455
126628181,25.4582,25.1636,455,33297,0.906252,0.73,2,1577886,1577431,455
126631101,63.5833,61.6654,458,33361,0.944501,0.71,2,1577975,1577517,458
126785861,53.8221,58.1814,478,36568,0.432514,1,1,1580202,1579724,478
126788781,38.9288,43.6726,473,36626,0.431006,0.92,1,1580231,1579758,473
126847181,42.4369,30.6787,499,37763,0.761989,0.55,2,1580969,1580470,499
126850101,34.9748,41.6715,480,37819,0.766796,0.57,2,1580999,1580519,480
126853021,28.9899,35.2686,474,37875,0.756718,0.53,2,1581024,1580550,474
126855941,55.396,27.3074,525,37931,0.788687,0.67,2,1581097,1580572,525
126858861,42.5584,53.523,488,37987,0.789475,0.71,2,1581131,1580643,488
126861781,33.2234,40.6092,483,38043,0.77779,0.73,2,1581158,1580675,483
126864701,19.2893,31.8437,467,38099,0.773116,0.73,2,1581168,1580701,467
126867621,36.5157,18.7375,505,38154,0.771246,0.73,2,1581216,1580711,505
126870541,48.2063,36.295,513,38209,0.770499,0.69,2,1581272,1580759,513
126873461,45.0825,49.318,498,38264,0.758199,0.73,2,1581315,1580817,498
126899741,27.1433,33.2234,460,38759,0.918885,0.77,2,1581618,1581158,460
126902661,16.8573,19.2893,460,38813,0.913554,0.77,2,1581628,1581168,460
127028221,55.1736,38.8077,534,41088,0.932493,1,2,1583246,1582712,534
127031141,41.2694,44.9231,517,41139,0.918997,1,2,1583278,1582761,517
127101221,23.903,22.4459,455,42352,0.750464,0.65,2,1584035,1583580,455
127104141,32.3612,33.5784,452,42402,0.798186,0.63,2,1584073,1583621,452
127112901,37.5431,37.765,452,42552,0.921084,0.63,2,1584195,1583743,452
127361101,114.44,110.114,484,21270,0.083632,0.77,1,1587140,1586656,484
127364021,113.576,80.0456,537,21370,0.0634528,0.59,1,1587253,1586716,537
127366941,73.6305,96.8182,476,21469,0.0793811,0.37,1,1587300,1586824,476
127369861,60.0522,84.3273,451,21568,0.0377524,0.21,1,1587351,1586900,451
127372781,32.4209,50.5309,437,21666,0.093101,0.15,1,1587365,1586928,437
127375701,56.7684,32.2124,490,21764,0.0912404,0.05,1,1587438,1586948,490
127378621,68.3073,65.6849,478,21861,0.0904962,0.01,1,1587514,1587036,478
127381541,56.7229,88.674,423,21958,0.0541985,0.05,1,1587563,1587140,423
127384461,90.4892,103.27,423,22055,0.0516794,0.09,1,1587676,1587253,423
127387381,66.7957,69.5078,427,22151,0.0386718,0.01,1,1587727,1587300,427
127390301,56.1183,58.4031,425,22247,0.0454687,0.13,1,1587776,1587351,425
127393221,32.6473,31.7613,428,22342,0.0601875,0.09,1,1587793,1587365,428
127396141,55.6589,56.5045,426,22437,0.090075,0.09,1,1587864,1587438,426
127399061,67.8636,68.2018,426,22532,0.06603,0.09,1,1587940,1587514,426
127404901,89.2182,40.3123,534,22720,0.0597648,0.05,1,1588097,1587563,534
127407821,66.8873,83.9249,473,22813,0.0419059,0.03,1,1588149,1587676,473
127410741,55.5549,64.17,470,22906,0.0467624,0.05,1,1588197,1587727,470
127413661,33.022,55.068,439,22999,0.0487049,0.07,1,1588215,1587776,439
127425341,87.8886,53.5185,535,23365,0.228335,0.03,1,1588519,1587984,535
127428261,66.9554,89.2074,475,23456,0.205334,0.03,1,1588572,1588097,475
127437021,60.6131,33.0213,502,23726,0.238981,0.17,1,1588717,1588215,502
127439941,70.4453,57.0085,506,23815,0.293593,0.21,1,1588794,1588288,506
127451621,60.4018,66.9554,431,24169,0.413068,0.19,1,1589003,1588572,431
127460381,61.8737,60.6131,435,24431,0.415476,0.33,1,1589152,1588717,435
127463301,72.7495,70.4453,438,24518,0.448191,0.33,1,1589232,1588794,438
127512941,59.1926,72.7705,497,25948,0.797707,0.63,2,1590172,1589675,497
127521701,64.2203,78.0493,506,26192,0.902333,0.67,2,1590344,1589838,506
127524621,55.0881,62.4197,503,26273,0.942933,0.69,2,1590393,1589890,503
127682301,55.1181,62.8785,474,30317,0.0933374,1,1,1593256,1592782,474
127685221,52.6472,47.9514,487,30387,0.043335,0.94,1,1593307,1592820,487
127688141,43.2589,46.1806,479,30457,0.023334,1,1,1593344,1592865,479
127691061,37.7036,38.8722,479,30526,0.0393336,0.99,1,1593378,1592899,479
127693981,32.4814,37.1489,472,30595,0.0217334,0.75,1,1593407,1592935,472
127696901,22.5926,28.6596,465,30664,0.0866934,0.51,1,1593423,1592958,465
127705661,43.1579,55.7382,425,30871,0.0979484,0.01,1,1593568,1593143,425
127708581,51.4632,58.2953,422,30940,0.0691793,0.07,1,1593625,1593203,422
127711501,52.9853,55.1181,423,31008,0.0576717,0.01,1,1593679,1593256,423
127714421,51.7941,52.6472,423,31076,0.0290687,0.01,1,1593730,1593307,423
127717341,42.3176,43.2589,422,31144,0.0416275,0.05,1,1593766,1593344,422
127720261,37.9271,37.7036,423,31212,0.034651,0.01,1,1593801,1593378,423
127723181,33.1708,32.4814,424,31280,0.0438604,0.01,1,1593831,1593407,424
127726101,22.8683,12.9926,440,31348,0.0475442,0.13,1,1593847,1593407,440
127729021,40.3473,14.797,476,31415,0.0970177,0.15,1,1593899,1593423,476
127743621,54.034,52.9054,476,31750,0.0722543,0.01,1,1594155,1593679,476
127746541,40.8136,51.7622,457,31817,0.0349017,0.05,1,1594187,1593730,457
127749461,37.3254,42.3049,456,31883,0.0559607,0.03,1,1594222,1593766,456
127752381,34.1302,37.9219,453,31949,0.0643843,0.05,1,1594254,1593801,453
127755301,23.2521,33.1688,439,32015,0.0677537,0.05,1,1594270,1593831,439
127758221,42.9008,22.8675,479,32081,0.0811015,0.13,1,1594326,1593847,479
127796181,37.1058,40.4641,430,32928,0.220014,0.19,1,1594845,1594415,430
127799101,52.0423,52.7857,431,32992,0.238005,0.19,1,1594907,1594476,431
127802021,50.2169,49.9143,432,33056,0.221202,0.21,1,1594956,1594524,432
127804941,51.2868,51.1657,432,33120,0.202481,0.15,1,1595008,1594576,432
127807861,38.5147,40.2663,429,33184,0.206992,0.13,1,1595038,1594609,429
127810781,35.8059,37.1065,428,33248,0.208797,0.17,1,1595072,1594644,428
127813701,35.9224,35.2426,430,33312,0.221519,0.17,1,1595108,1594678,430
127816621,23.9689,23.697,430,33375,0.250608,0.15,1,1595124,1594694,430
127819541,43.7876,44.2788,429,33438,0.250243,0.15,1,1595181,1594752,429
127822461,18.715,18.9115,429,33501,0.250097,0.19,1,1595183,1594754,429
127825381,42.886,41.7646,431,33564,0.286039,0.25,1,1595242,1594811,431
127839981,39.0456,38.5147,432,33879,0.411745,0.21,1,1595470,1595038,432
127842901,36.6182,35.8059,433,33941,0.410698,0.23,1,1595505,1595072,433
127848741,24.0989,23.9689,433,34065,0.412512,0.25,1,1595557,1595124,433
127892541,40.4091,45.1973,483,34986,0.752652,0.55,2,1596161,1595678,483
127912981,25.4221,36.167,473,35406,0.902015,0.71,2,1596453,1595980,473
127915901,45.5688,24.6668,515,35466,0.906806,0.69,2,1596512,1595997,515
127918821,19.4275,45.2667,458,35526,0.908722,0.69,2,1596514,1596056,458
127921741,49.771,19.3067,526,35586,0.921489,0.75,2,1596584,1596058,526
127924661,42.7084,48.5227,496,35645,0.926596,0.77,2,1596622,1596126,496
127927581,18.2834,40.4091,463,35704,0.904638,0.85,2,1596624,1596161,463
128076501,57.6025,56.6079,525,38607,0.934,1,2,1598692,1598167,525
128085261,31.0946,39.4309,508,38772,0.766096,1,2,1598790,1598282,508
128102781,31.9095,37.5992,489,39096,0.433036,1,1,1598990,1598501,489
128114461,52.7193,57.6025,465,39312,0.284638,0.87,1,1599157,1598692,465
128117381,42.0877,45.841,462,39366,0.263855,0.77,1,1599192,1598730,462
128126141,35.1896,37.0378,455,39528,0.279687,0.65,1,1599286,1598831,455
128129061,32.6758,35.2151,452,39581,0.261875,0.55,1,1599317,1598865,452
128131981,30.4703,32.0861,451,39634,0.25475,0.55,1,1599346,1598895,451
128134901,28.3881,31.4344,447,39687,0.2399,0.45,1,1599373,1598926,447
128137821,28.7553,31.7738,444,39740,0.25796,0.39,1,1599402,1598958,444
128140741,29.5021,31.9095,442,39793,0.253184,0.33,1,1599432,1598990,442
128143661,25.6008,28.3638,439,39846,0.251274,0.33,1,1599455,1599016,439
128146581,35.4403,37.7455,437,39899,0.250509,0.33,1,1599497,1599060,437
128149501,33.3761,34.2982,437,39952,0.274204,0.25,1,1599529,1599092,437
128152421,50.5505,52.7193,434,40005,0.283682,0.25,1,1599591,1599157,434
128164101,33.0269,23.9336,472,40217,0.408782,0.25,1,1599718,1599246,472
128167021,32.4108,33.5734,464,40270,0.421513,0.25,1,1599750,1599286,464
128169941,29.1643,32.0294,460,40322,0.414605,0.25,1,1599777,1599317,460
128228341,51.2489,35.0583,509,41355,0.771864,0.55,2,1600473,1599964,509
128231261,43.2995,51.8233,484,41406,0.782746,0.49,2,1600511,1600027,484
128234181,40.1198,44.1293,483,41457,0.799098,0.53,2,1600549,1600066,483
128237101,28.6479,38.0517,470,41508,0.793639,0.57,2,1600570,1600100,470
128240021,12.6592,27.2207,452,41559,0.791456,0.61,2,1600572,1600120,452
128275061,39.9296,40.1198,461,42164,0.917172,0.79,2,1601010,1600549,461
128277981,30.3718,28.6479,464,42214,0.924869,0.79,2,1601034,1600570,464
128280901,13.3487,12.6592,464,42264,0.927948,0.87,2,1601036,1600572,464
128453181,30.2866,28.7555,515,45115,0.91,1,2,1603042,1602527,515
128467781,313.366,342.521,466,20440,0.4012,0.51,1,1603576,1603110,466
128510121,86.2474,92.7693,461,20647,0.0652768,0.03,1,1603844,1603383,461
128513041,88.499,83.9077,473,20750,0.0441107,0.03,1,1603934,1603461,473
128515961,53.3996,68.9631,444,20852,0.0356443,0.03,1,1603964,1603520,444
128518881,33.9598,41.3852,442,20954,0.0322577,0.07,1,1603985,1603543,442
128521801,49.5839,36.3541,469,21055,0.0309031,0.01,1,1604045,1603576,469
128524721,64.8336,58.9416,470,21156,0.0543612,0.07,1,1604120,1603650,470
128527641,81.7334,107.577,423,21256,0.0877445,0.03,1,1604213,1603790,423
128533481,80.3973,84.1723,423,21455,0.0464391,0.03,1,1604357,1603934,423
128536401,50.1589,51.6689,423,21554,0.0245756,0.03,1,1604387,1603964,423
128539321,32.6636,33.2676,423,21652,0.0158303,0.03,1,1604408,1603985,423
128542241,49.6654,49.307,424,21750,0.0243321,0.07,1,1604469,1604045,424
128545161,65.4662,64.7228,425,21848,0.0157328,0.11,1,1604545,1604120,425
128548081,81.9865,81.6891,425,21945,0.0482931,0.11,1,1604638,1604213,425
128551001,62.7946,64.4756,422,22042,0.0733173,0.01,1,1604688,1604266,422
128553921,80.3178,80.3903,423,22138,0.0593269,0.01,1,1604780,1604357,423
128556841,49.5271,50.1561,422,22234,0.0417308,0.01,1,1604809,1604387,422
128559761,32.4109,32.6624,422,22329,0.0226923,0.03,1,1604830,1604408,422
128562681,50.1643,49.665,423,22424,0.0390769,0.01,1,1604892,1604469,423
128565601,65.0657,65.466,422,22519,0.0696308,0.01,1,1604967,1604545,422
128577281,49.0753,77.8039,450,22893,0.0718145,0.03,1,1605230,1604780,450
128580201,32.2301,48.5216,442,22986,0.0347258,0.01,1,1605251,1604809,442
128583121,50.092,32.0086,483,23078,0.0438903,0.05,1,1605313,1604830,483
128586041,66.2368,50.0035,498,23170,0.0835561,0.09,1,1605390,1604892,498
128594801,76.4792,62.9602,514,23443,0.217268,0.07,1,1605625,1605111,514
128597721,46.7917,79.1841,451,23533,0.224907,0.05,1,1605652,1605201,451
128600641,31.3167,49.0736,443,23623,0.227963,0.01,1,1605673,1605230,443
128603561,49.1267,32.2295,483,23713,0.217185,0.05,1,1605734,1605251,483
128606481,68.8507,50.0918,503,23802,0.200874,0.11,1,1605816,1605313,503
128612321,66.9361,86.4947,481,23980,0.22774,0.19,1,1605971,1605490,481
128615241,27.9744,65.1979,432,24068,0.241096,0.25,1,1605973,1605541,432
128618161,62.7898,76.4791,434,24156,0.270438,0.23,1,1606059,1605625,434
128621081,39.5159,46.7917,431,24244,0.282175,0.23,1,1606083,1605652,431
128629841,67.305,68.8507,431,24505,0.432059,0.19,1,1606247,1605816,431
128679481,92.9026,70.5024,555,25935,0.762524,0.65,2,1607248,1606693,555
128694081,30.5702,40.0666,480,26341,0.926269,0.73,2,1607444,1606964,480
128790441,55.399,39.8309,540,28876,0.794271,1,2,1609279,1608739,540
128816721,49.1523,45.4974,518,29529,0.0431075,0.69,1,1609735,1609217,518
128819641,44.8609,55.399,498,29601,0.047243,0.57,1,1609777,1609279,498
128822561,31.7444,50.9596,473,29673,0.0488972,0.57,1,1609800,1609327,473
128825481,25.2977,34.1838,471,29744,0.0375589,0.51,1,1609821,1609350,471
128828401,26.9191,28.6735,474,29815,0.0450235,0.41,1,1609849,1609375,474
128831321,11.9676,29.4694,446,29886,0.0480094,0.19,1,1609851,1609405,446
128834241,47.3871,63.3878,431,29957,0.0732038,0.01,1,1609922,1609491,431
128837161,86.1548,96.7551,424,30028,0.0352815,0.09,1,1610034,1609610,424
128840081,62.6619,65.702,426,30098,0.0201126,0.11,1,1610081,1609655,426
128843001,41.2648,41.8808,427,30168,0.050045,0,1,1610108,1609681,427
128845921,47.7059,49.1523,425,30238,0.038018,0.05,1,1610160,1609735,425
128848841,43.0824,44.8609,423,30308,0.0572072,0.05,1,1610200,1609777,423
128851761,31.6329,31.7444,424,30378,0.0408829,0.03,1,1610224,1609800,424
128854681,25.8532,25.2977,425,30448,0.0583532,0.05,1,1610246,1609821,425
128857601,25.3413,26.9191,422,30518,0.0533413,0.05,1,1610271,1609849,422
128860521,11.3365,11.9676,422,30587,0.0513365,0.09,1,1610273,1609851,422
128863441,49.5346,47.3871,426,30656,0.0505346,0.01,1,1610348,1609922,426
128866361,84.6138,86.1548,422,30725,0.0622138,0.01,1,1610456,1610034,422
128869281,62.6455,62.6619,423,30794,0.0428855,0.07,1,1610504,1610081,423
128872201,42.4582,41.2648,425,30863,0.0471542,0.03,1,1610533,1610108,425
128875121,46.9833,47.7059,423,30932,0.0368617,0.07,1,1610583,1610160,423
128878041,42.7933,43.0824,423,31000,0.0567447,0.03,1,1610623,1610200,423
128880961,31.5173,31.6329,423,31068,0.0886979,0.07,1,1610647,1610224,423
128910161,31.9969,42.489,448,31743,0.215034,0.11,1,1611071,1610623,448
128913081,27.1988,31.3956,448,31810,0.224014,0.11,1,1611095,1610647,448
128916001,25.2795,25.7582,450,31877,0.239605,0.15,1,1611119,1610669,450
128918921,11.3118,24.7033,428,31943,0.245842,0.15,1,1611121,1610693,428
128921841,48.9247,11.0813,500,32009,0.260337,0.13,1,1611195,1610695,500
128933521,47.8893,42.4517,478,32273,0.437945,0.13,1,1611433,1610955,478
128936441,46.7557,46.9807,474,32339,0.421178,0.23,1,1611479,1611005,474
128939361,33.1023,43.9923,456,32404,0.426471,0.23,1,1611503,1611047,456
128942281,27.6409,31.9969,456,32469,0.440588,0.23,1,1611527,1611071,456
129006521,28.1746,28.6338,455,33874,0.795179,0.71,2,1612427,1611972,455
129026961,36.4235,17.3447,486,34308,0.915133,0.73,2,1612731,1612245,486
129029881,48.7694,25.5379,512,34370,0.936053,0.75,2,1612788,1612276,512
129032801,46.5078,43.8151,501,34432,0.932421,0.73,2,1612833,1612332,501
129035721,36.6031,43.9261,487,34493,0.930969,0.75,2,1612863,1612376,487
129172961,33.922,30.9776,513,37265,0.409397,1,1,1614777,1614264,513
129175881,27.3688,30.3911,506,37322,0.277759,1,1,1614800,1614294,506
129178801,27.7475,28.3564,507,37379,0.213104,1,1,1614828,1614321,507
129184641,49.7996,33.697,534,37492,0.0568966,1,1,1614924,1614390,534
129187561,76.9198,47.0788,573,37548,0.0527586,0.79,1,1615019,1614446,573
129190481,49.3679,83.0315,497,37604,0.0511035,0.91,1,1615050,1614553,497
129193401,37.1472,53.0126,493,37660,0.0384414,0.81,1,1615079,1614586,493
129196321,26.8589,41.005,480,37716,0.0153766,0.65,1,1615099,1614619,480
129199241,22.1435,33.202,471,37772,0.0481506,0.57,1,1615118,1614647,471
129202161,25.6574,28.2808,474,37828,0.0372602,0.53,1,1615146,1614672,474
129205081,28.863,33.5123,468,37884,0.0569041,0.45,1,1615177,1614709,468
129208001,30.7452,33.8049,466,37940,0.0407616,0.35,1,1615209,1614743,466
129210921,24.2981,33.922,452,37996,0.0343047,0.19,1,1615229,1614777,452
129213841,25.9192,27.3688,456,38052,0.0437219,0.17,1,1615256,1614800,456
129216761,29.5677,27.7475,460,38108,0.0594887,0.07,1,1615288,1614828,460
129219681,46.6271,31.499,484,38163,0.0237955,0.01,1,1615346,1614862,484
129222601,75.6508,49.7996,517,38218,0.0395182,0.05,1,1615441,1614924,517
129225521,50.0603,76.9198,455,38273,0.0818073,0.05,1,1615474,1615019,455
129228441,36.2241,49.3679,451,38328,0.0627229,0.03,1,1615501,1615050,451
129231361,27.6897,37.1472,444,38383,0.0790892,0,1,1615523,1615079,444
129237201,25.6703,22.1435,450,38493,0.0978543,0.03,1,1615568,1615118,450
129260561,75.7451,75.6508,424,38930,0.0834,0.11,1,1615865,1615441,424
129263481,51.898,50.0603,427,38984,0.07536,0.05,1,1615901,1615474,427
129266401,35.7592,36.2241,425,39038,0.084144,0.09,1,1615926,1615501,425
129269321,29.3037,27.6897,428,39092,0.0756576,0.13,1,1615951,1615523,428
129272241,20.1215,20.6759,426,39146,0.096263,0.09,1,1615965,1615539,426
129283921,14.1567,13.9789,428,39362,0.0947683,0.21,1,1616063,1615635,428
129286841,17.0627,15.7916,430,39416,0.0799073,0.19,1,1616082,1615652,430
129289761,23.0251,22.5166,430,39470,0.0739629,0.21,1,1616109,1615679,430
129313121,25.4636,25.4486,427,39895,0.20235,0.13,1,1616421,1615994,427
129316041,29.3854,29.9794,426,39948,0.23094,0.09,1,1616453,1616027,426
129318961,30.9542,32.3918,424,40001,0.230376,0.09,1,1616485,1616061,424
129321881,13.5817,14.1567,424,40054,0.23015,0.07,1,1616487,1616063,424
129324801,16.2327,17.0627,423,40107,0.23006,0.07,1,1616505,1616082,423
129327721,23.2931,6.82507,451,40160,0.242024,0.07,1,1616533,1616082,451
129330641,31.5172,18.93,461,40213,0.24681,0.13,1,1616570,1616109,461
129333561,43.2069,29.172,476,40266,0.248724,0.15,1,1616621,1616145,476
129336481,76.0828,41.6688,524,40318,0.27349,0.21,1,1616719,1616195,524
129339401,52.0331,73.6675,465,40370,0.295396,0.17,1,1616755,1616290,465
129356921,31.9743,29.3844,464,40682,0.417936,0.23,1,1616917,1616453,464
129359841,13.9897,30.9537,434,40734,0.425175,0.23,1,1616919,1616485,434
129362761,16.3959,13.5815,450,40786,0.42807,0.23,1,1616937,1616487,450
129415321,78.4011,77.1813,450,41708,0.788663,0.59,2,1617604,1617154,450
129435761,33.7362,32.8752,453,42060,0.910995,0.61,2,1617812,1617359,453
129438681,14.6945,14.3501,453,42110,0.922398,0.65,2,1617814,1617361,453
129441601,17.8778,17.14,454,42160,0.914959,0.67,2,1617834,1617380,454
129447441,11.5004,11.1424,455,42260,0.917993,0.71,2,1617867,1617412,455
129450361,28.6002,27.257,457,42310,0.913197,0.75,2,1617907,1617450,457
129453281,43.2401,41.5028,459,42360,0.911279,0.83,2,1617960,1617501,459
129456201,81.496,78.4011,463,42410,0.910512,0.81,2,1618067,1617604,463
129459121,54.1984,53.5604,462,42460,0.934205,0.81,2,1618103,1617641,462
129667901,85.9508,81.1101,490,20750,0.428944,0.61,1,1620605,1620115,490
129670821,75.1803,82.244,475,20852,0.429578,0.49,1,1620673,1620198,475
129702941,94.1803,92.3527,454,21945,0.77131,0.69,2,1621373,1620919,454
129714621,74.5454,73.5626,457,22329,0.939378,0.75,2,1621651,1621194,457
129802221,72.7964,69.5233,489,25019,0.939939,1,2,1623559,1623070,489
129810981,93.819,96.8015,485,25272,0.772716,1,2,1623749,1623264,485
129846021,44.6451,48.0921,499,26260,0.756116,0.61,2,1624391,1623892,499
129857701,90.0149,32.4648,581,26581,0.903085,0.65,2,1624656,1624075,581
129860621,79.206,90.3859,524,26661,0.931234,0.71,2,1624728,1624204,524
129980341,37.2778,39.5042,515,29744,0.289339,1,1,1626822,1626307,515
129983261,34.7111,44.6017,500,29815,0.229736,1,1,1626855,1626355,500
129992021,77.5815,91.3665,468,30028,0.0917431,0.83,1,1627013,1626545,468
129994941,62.2326,71.3466,462,30098,0.0546972,0.77,1,1627065,1626603,462
129997861,50.093,58.5386,454,30168,0.0398789,0.61,1,1627107,1626653,454
130000781,39.2372,46.2155,448,30238,0.0699516,0.39,1,1627139,1626691,448
130003701,46.2949,51.4862,444,30308,0.0819806,0.29,1,1627190,1626746,444
130006621,40.118,48.1945,434,30378,0.0627922,0.23,1,1627226,1626792,434
130009541,31.0472,37.2778,429,30448,0.0671169,0.19,1,1627251,1626822,429
130012461,32.8189,34.7111,430,30518,0.0448468,0.09,1,1627285,1626855,430
130018301,19.171,22.9538,423,30656,0.0971755,0.07,1,1627322,1626899,423
130027061,50.9549,50.093,424,30863,0.0582992,0.09,1,1627531,1627107,424
130029981,38.382,39.2372,422,30932,0.0773197,0.09,1,1627561,1627139,422
130050421,74.7414,7.66841,538,31408,0.211417,0.13,1,1627860,1627322,538
130053341,59.8965,70.8674,475,31475,0.234567,0.09,1,1627910,1627435,475
130056261,50.3586,59.5469,467,31542,0.219827,0.03,1,1627954,1627487,467
130059181,39.3434,50.2188,455,31609,0.213931,0.09,1,1627986,1627531,455
130062101,48.1374,38.0875,479,31676,0.223572,0.15,1,1628040,1627561,479
130065021,40.855,47.035,462,31743,0.239429,0.15,1,1628076,1627614,462
130067941,30.742,40.414,450,31810,0.245772,0.15,1,1628100,1627650,450
130070861,35.0968,30.5656,464,31877,0.284309,0.19,1,1628138,1627674,464
130073781,29.6387,33.8262,454,31943,0.299723,0.15,1,1628164,1627710,454
130082541,61.1289,74.7409,483,32141,0.400542,0.25,1,1628343,1627860,483
130085461,49.6516,59.8964,475,32207,0.418217,0.21,1,1628385,1627910,475
130088381,37.8606,50.3585,461,32273,0.425287,0.21,1,1628415,1627954,461
130149701,43.3916,42.5727,452,33622,0.757074,0.65,2,1629280,1628828,452
130152621,35.3566,35.0291,452,33685,0.78883,0.63,2,1629310,1628858,452
130155541,50.7427,51.2116,451,33748,0.789532,0.63,2,1629371,1628920,451
130175981,34.3991,33.4475,456,34184,0.902107,0.77,2,1629642,1629186,456
130178901,45.5596,43.979,458,34246,0.942843,0.77,2,1629695,1629237,458
130286941,28.939,31.4664,484,36461,0.920848,1,2,1631221,1630737,484
130313221,46.4679,40.7965,496,36980,0.790651,1,2,1631613,1631117,496
130316141,40.1872,45.1186,484,37037,0.77826,1,2,1631649,1631165,484
130383301,47.2743,44.9712,494,38328,0.773373,0.55,2,1632520,1632026,494
130412501,30.2502,30.6616,455,38876,0.903817,0.73,2,1632806,1632351,455
130415421,66.1001,64.4646,458,38930,0.931527,0.73,2,1632896,1632438,458
130418341,48.64,46.1859,461,38984,0.930611,0.81,2,1632933,1632472,461
130421261,49.456,47.2743,463,39038,0.942244,0.83,2,1632983,1632520,463
130424181,42.5824,41.1097,464,39092,0.934898,0.83,2,1633021,1632557,464
130602301,32.9704,30.3981,492,42260,0.944307,1,2,1635166,1634674,492
130605221,32.9881,21.1593,510,42310,0.911723,1,2,1635199,1634689,510
130613981,43.4392,48.8502,481,42460,0.77907,0.92,2,1635313,1634832,481
130625661,36.9248,35.8442,485,42660,0.424824,1,1,1635475,1634990,485
130631501,35.908,34.6551,491,42758,0.210772,1,1,1635543,1635052,491
130678221,24.1207,30.5611,447,43542,0.263741,0.17,1,1636017,1635570,447
130681141,16.8483,24.2244,439,43590,0.291496,0.15,1,1636029,1635590,439
130695741,38.9344,33.6877,472,43830,0.417619,0.15,1,1636200,1635728,472
130698661,40.1738,38.0751,472,43878,0.425047,0.19,1,1636241,1635769,472
130701581,40.0695,40.43,470,43926,0.428019,0.19,1,1636281,1635811,470
130704501,32.8278,38.972,460,43974,0.441208,0.17,1,1636309,1635849,460
130707421,31.1311,34.1888,459,44022,0.446483,0.15,1,1636339,1635880,459
130800861,32.9091,33.4235,452,45532,0.901955,0.63,2,1637298,1636846,452
130806701,28.4255,27.3078,454,45624,0.903913,0.65,2,1637354,1636900,454
130809621,18.5702,18.1231,454,45670,0.907565,0.71,2,1637366,1636912,454
130818381,26.7725,25.4479,457,45808,0.906484,0.75,2,1637460,1637003,457
130821301,40.109,37.7792,460,45854,0.920594,0.75,2,1637509,1637049,460
130824221,17.2436,16.3117,460,45900,0.926237,0.85,2,1637511,1637051,460
130827141,34.4974,32.3247,463,45946,0.928495,0.85,2,1637557,1637094,463
130830061,37.799,12.9299,503,45992,0.941398,0.87,2,1637597,1637094,503
130958541,34.4648,25.4977,500,47967,0.939616,1,2,1638958,1638458,500
130984821,31.4236,28.9588,495,48363,0.784547,1,2,1639240,1638745,495
131066581,24.7069,26.8147,472,49569,0.767257,0.61,2,1640026,1639554,472
131069501,30.2827,25.1259,482,49612,0.780903,0.61,2,1640060,1639578,482
131095781,35.7193,23.3611,496,49990,0.901756,0.63,2,1640303,1639807,496
131098701,37.6877,35.7444,491,50032,0.906702,0.67,2,1640342,1639851,491
131101621,25.2751,36.4978,471,50074,0.920681,0.65,2,1640359,1639888,471
131104541,41.31,24.7991,506,50116,0.926272,0.69,2,1640411,1639905,506
131342521,152.474,163.971,494,24905,0.4468,1,1,1642718,1642224,494
131345441,110.79,97.9886,523,24990,0.41272,0.8,1,1642801,1642278,523
131351281,74.8463,75.5582,501,25160,0.405635,0.55,1,1642931,1642430,501
131400921,69.3252,68.8775,521,26556,0.792733,0.59,2,1643894,1643373,521
131406761,46.612,66.4604,486,26716,0.910437,0.65,2,1643994,1643508,486
131409681,31.8448,46.3842,475,26795,0.934175,0.65,2,1644016,1643541,475
131514801,40.9508,53.2699,504,29507,0.916893,1,2,1645922,1645418,504
131523561,38.1888,27.4813,521,29722,0.779881,1,2,1646027,1645506,521
131538161,62.1786,71.4424,474,30077,0.258844,0.95,1,1646324,1645850,474
131541081,44.0714,51.3769,468,30147,0.205537,0.89,1,1646356,1645888,468
131561521,36.8254,42.1161,437,30635,0.205938,0.25,1,1646626,1646189,437
131564441,55.5302,59.4464,434,30704,0.208375,0.21,1,1646694,1646260,434
131567361,57.0121,62.1786,428,30773,0.24535,0.17,1,1646752,1646324,428
131570281,43.2048,44.0714,430,30842,0.26014,0.11,1,1646786,1646356,430
131573201,33.4819,36.2286,426,30911,0.254056,0.09,1,1646813,1646387,426
131576121,33.7928,34.2914,427,30979,0.263622,0.11,1,1646847,1646420,427
131579041,27.3171,28.1166,426,31047,0.267449,0.17,1,1646870,1646444,426
131581961,37.3268,34.6466,431,31115,0.26898,0.21,1,1646914,1646483,431
131584881,60.5307,60.6587,429,31183,0.293592,0.21,1,1646990,1646561,429
131596561,58.78,46.6921,490,31454,0.407596,0.27,1,1647184,1646694,490
131599481,43.912,53.4768,466,31521,0.433038,0.27,1,1647218,1646752,466
131602401,33.1648,41.7907,458,31588,0.443215,0.25,1,1647244,1646786,458
131605321,34.2659,32.9163,466,31655,0.435286,0.27,1,1647279,1646813,466
131608241,27.5064,33.5665,455,31722,0.432114,0.27,1,1647302,1646847,455
131660801,40.2107,45.295,449,32902,0.780454,0.55,2,1648110,1647661,449
131663721,31.6843,33.718,449,32966,0.798182,0.59,2,1648136,1647687,449
131666641,34.8737,34.4872,451,33030,0.769273,0.59,2,1648173,1647722,451
131669561,27.1495,26.9949,451,33094,0.793709,0.59,2,1648195,1647744,451
131681241,37.2182,36.2303,456,33350,0.904143,0.69,2,1648395,1647939,456
131690001,50.79,49.5267,458,33539,0.938905,0.81,2,1648534,1648076,458
131795121,25.3929,30.3952,503,35738,0.928,1,2,1650039,1649536,503
131812641,45.1054,38.6215,496,36092,0.914505,1,2,1650299,1649803,496
131815561,46.8421,56.2486,476,36151,0.911802,1,2,1650347,1649871,476
131821401,51.7747,47.6398,492,36267,0.917488,1,2,1650446,1649954,492
131838921,30.0456,33.5211,475,36615,0.938113,1,2,1650613,1650138,475
131841841,58.8182,61.4085,473,36673,0.933245,0.97,2,1650691,1650218,473
132052081,40.4807,40.8759,514,40611,0.798329,1,2,1653466,1652952,514
132095881,31.0671,30.5923,490,41384,0.768223,0.71,2,1653980,1653490,490
132098801,32.8268,32.6369,490,41435,0.793289,0.71,2,1654014,1653524,490
132101721,26.9307,34.6548,477,41486,0.791316,0.65,2,1654037,1653560,477
132113401,35.2062,36.8632,457,41690,0.922898,0.67,2,1654142,1653685,457
132323641,25.2731,33.275,505,45189,0.922,1,2,1656588,1656083,505
132341161,37.3323,41.4136,492,45469,0.930128,1,2,1656797,1656305,492
132347001,36.2132,39.7462,492,45561,0.793221,1,2,1656869,1656377,492
132376201,24.0643,25.8575,495,46021,0.408232,0.97,1,1657157,1656662,495
132396641,32.1079,32.4719,487,46343,0.429008,0.67,1,1657386,1656899,487
132399561,35.0432,33.9887,489,46388,0.429603,0.57,1,1657423,1656934,489
132402481,32.0173,36.9955,480,46433,0.441841,0.53,1,1657453,1656973,480
132405401,23.6069,35.1982,464,46478,0.422737,0.55,1,1657471,1657007,464
132408321,22.6428,24.2793,469,46523,0.427095,0.61,1,1657493,1657024,469
132411241,19.8571,20.5117,469,46568,0.428838,0.57,1,1657511,1657042,469
132481321,33.0479,32.9796,446,47642,0.770933,0.49,2,1658210,1657764,446
132484241,30.0192,29.9919,446,47686,0.782373,0.53,2,1658238,1657792,446
132487161,35.4077,34.1967,448,47730,0.786949,0.55,2,1658277,1657829,448
132490081,38.1631,36.4787,450,47774,0.78878,0.55,2,1658317,1657867,450
132493001,32.0652,31.9915,449,47818,0.789512,0.57,2,1658345,1657896,449
132495921,22.4261,22.9966,448,47862,0.789805,0.53,2,1658361,1657913,448
132498841,22.7704,22.3986,449,47906,0.777922,0.55,2,1658384,1657935,449
132504681,38.3233,35.9838,454,47994,0.797668,0.65,2,1658455,1658001,454
132522201,31.299,31.0494,455,48258,0.928502,0.73,2,1658596,1658141,455
132525121,37.1196,34.6198,459,48302,0.905401,0.81,2,1658637,1658178,459
132528041,34.6478,33.0479,460,48346,0.93216,0.79,2,1658670,1658210,460
132530961,31.2591,30.0192,461,48390,0.930864,0.79,2,1658699,1658238,461
132764561,38.1176,36.2462,516,51756,0.945039,1,2,1661093,1660577,516
132767481,30.2471,14.4985,541,51797,0.930016,1,2,1661118,1660577,541
132822961,314.92,351.4,470,23360,0.442802,0.69,1,1661648,1661178,470
132831721,66.7628,86.2096,462,24353,0.0511394,0.35,1,1661802,1661340,462
132834641,69.9051,68.0838,478,24440,0.0864557,0.25,1,1661874,1661396,478
132840481,75.3848,74.9734,471,24613,0.0582329,0.03,1,1662011,1661540,471
132843401,46.9539,70.1894,432,24699,0.0412932,0.03,1,1662039,1661607,432
132846321,39.1816,38.8757,448,24785,0.0345173,0,1,1662073,1661625,448
132849241,39.6726,55.1503,422,24871,0.0198069,0.07,1,1662113,1661691,422
132858001,65.587,63.7216,427,25126,0.0979876,0.11,1,1662301,1661874,427
132860921,55.0348,55.4886,425,25210,0.0931951,0.03,1,1662349,1661924,425
132863841,72.4139,74.3955,422,25294,0.079278,0.03,1,1662433,1662011,422
132866761,46.9656,46.5582,424,25378,0.0857112,0.03,1,1662463,1662039,424
132875521,59.6938,30.2437,495,25627,0.0964455,0.17,1,1662608,1662113,495
132878441,47.8775,52.8975,467,25710,0.0925782,0.11,1,1662648,1662181,467
132887201,70.9602,54.7934,506,25956,0.207285,0.07,1,1662855,1662349,506
132890121,48.1841,72.3174,455,26038,0.220914,0.09,1,1662888,1662433,455
132893041,39.6736,46.9269,459,26119,0.202366,0.11,1,1662922,1662463,459
132898881,59.9878,38.2283,499,26281,0.215978,0.09,1,1663033,1662534,499
132901801,47.9951,59.6913,465,26362,0.248391,0.09,1,1663073,1662608,465
132904721,65.398,47.8765,502,26442,0.273357,0.11,1,1663150,1662648,502
132933921,59.0234,57.9592,438,27232,0.404989,0.33,1,1663641,1663203,438
132936841,74.6094,74.1837,438,27310,0.431996,0.35,1,1663726,1663288,438
132966041,50.7531,49.6437,443,28076,0.762828,0.51,2,1664202,1663759,443
132968961,40.7013,39.0575,445,28151,0.755131,0.53,2,1664236,1663791,445
132971881,38.4805,37.223,446,28226,0.788052,0.49,2,1664273,1663827,446
132977721,54.6369,53.2357,448,28376,0.794488,0.53,2,1664355,1663907,448
132980641,45.8548,21.2943,488,28451,0.791795,0.59,2,1664395,1663907,488
132989401,78.6547,57.1628,544,28673,0.918275,0.77,2,1664625,1664081,544
132992321,52.4619,75.0651,492,28747,0.93731,0.79,2,1664660,1664168,492
132995241,41.3848,50.4261,492,28821,0.944924,0.75,2,1664694,1664202,492
133135401,47.4401,80.9957,512,32155,0.427119,1,1,1667053,1666541,512
133138321,40.576,51.5983,516,32221,0.404847,1,1,1667089,1666573,516
133144161,28.2122,36.3357,503,32353,0.291576,0.99,1,1667145,1666642,503
133150001,52.8739,35.3337,538,32483,0.259052,0.8,1,1667243,1666705,538
133158761,35.8799,59.5014,476,32678,0.202579,0.49,1,1667364,1666888,476
133173361,30.8829,36.0304,436,33000,0.201668,0.27,1,1667558,1667122,436
133179201,27.5013,28.6849,436,33128,0.227867,0.23,1,1667610,1667174,436
133182121,48.2005,52.8739,429,33192,0.277147,0.15,1,1667672,1667243,429
133185041,45.0802,45.7496,431,33256,0.284859,0.19,1,1667715,1667284,431
133202561,31.1216,30.7073,431,33635,0.436893,0.21,1,1667958,1667527,431
133258041,76.3249,35.6127,552,34810,0.782029,0.59,2,1668784,1668232,552
133260961,31.7299,75.4451,452,34871,0.798812,0.59,2,1668786,1668334,452
133275561,29.7844,27.6737,483,35173,0.940445,0.65,2,1668942,1668459,483
133278481,52.7138,29.0695,521,35233,0.934178,0.69,2,1669010,1668489,521
133281401,47.4855,50.6278,500,35293,0.943671,0.75,2,1669054,1668554,500
133284321,54.9942,45.4511,518,35353,0.947469,0.73,2,1669114,1668596,518
133415721,28.2125,23.8672,518,37950,0.939568,1,2,1670846,1670328,518
133418641,38.285,22.7469,541,38006,0.939827,1,2,1670891,1670350,541
133427401,41.0182,53.3438,508,38173,0.786149,1,2,1671034,1670526,508
133444921,18.7586,31.321,484,38503,0.432231,0.97,1,1671261,1670777,484
133447841,20.7034,20.3284,493,38558,0.406892,0.99,1,1671283,1670790,493
133479961,26.6489,28.8965,442,39156,0.40195,0.41,1,1671691,1671249,442
133488721,23.6415,25.0814,439,39318,0.426765,0.35,1,1671750,1671311,439
133491641,10.6566,11.2326,439,39372,0.440706,0.39,1,1671752,1671313,439
133494561,30.0626,30.893,438,39426,0.434282,0.33,1,1671795,1671357,438
133497481,40.8251,41.7572,437,39480,0.443713,0.35,1,1671843,1671406,437
133544201,74.598,38.4083,545,40326,0.776025,0.59,2,1672475,1671930,545
133576321,53.9548,42.0943,515,40898,0.940996,0.71,2,1672802,1672287,515
133579241,41.3819,52.2377,489,40950,0.946399,0.75,2,1672835,1672346,489
133725241,31.2885,19.4689,524,43452,0.900448,1,2,1674559,1674035,524
133748601,43.9524,78.1111,502,43838,0.281897,1,1,1674868,1674366,502
133766121,27.484,22.7212,500,44126,0.0933166,0.84,1,1675022,1674522,500
133769041,28.3936,31.2885,492,44174,0.0433266,0.85,1,1675051,1674559,492
133771961,21.5574,32.3154,476,44222,0.0593307,0.87,1,1675068,1674592,476
133774881,27.823,24.3262,489,44270,0.0537323,0.65,1,1675100,1674611,489
133777801,27.3292,30.7305,481,44318,0.0274929,0.67,1,1675127,1674646,481
133780721,30.7317,30.8922,483,44366,0.0289972,0.57,1,1675160,1674677,483
133783641,29.6927,32.7569,478,44414,0.0295989,0.41,1,1675189,1674711,478
133786561,65.8771,31.7027,537,44461,0.0298395,0.27,1,1675279,1674742,537
133789481,27.5508,73.8811,437,44508,0.0299358,0.23,1,1675281,1674844,437
133792401,23.0203,43.9524,433,44555,0.0659743,0.13,1,1675301,1674868,433
133795321,27.2081,37.981,429,44602,0.0683897,0.17,1,1675331,1674902,429
133798241,31.8833,35.5924,430,44649,0.0933559,0.13,1,1675366,1674936,430
133801161,24.1533,27.437,427,44696,0.0673424,0.11,1,1675385,1674958,427
133804081,17.4613,18.7748,427,44743,0.0689369,0.13,1,1675398,1674971,427
133807001,17.7845,17.7099,428,44790,0.0695748,0.07,1,1675416,1674988,428
133812841,28.0455,28.3936,425,44884,0.072332,0.07,1,1675476,1675051,425
133815761,20.2182,21.5574,423,44931,0.0709328,0.05,1,1675491,1675068,423
133818681,27.2873,27.823,423,44978,0.0343731,0.01,1,1675523,1675100,423
133821601,27.7149,27.3292,424,45025,0.0437492,0.03,1,1675551,1675127,424
133824521,30.286,30.7317,423,45072,0.0354997,0.03,1,1675583,1675160,423
133827441,29.5144,29.6927,423,45119,0.0441999,0.03,1,1675612,1675189,423
133842041,32.7041,31.8833,425,45354,0.218517,0.05,1,1675791,1675366,425
133844961,22.6817,24.1533,422,45400,0.237407,0.07,1,1675807,1675385,422
133847881,17.4727,17.4613,423,45446,0.232963,0.07,1,1675821,1675398,423
133850801,18.3891,17.7845,424,45492,0.219185,0.13,1,1675840,1675416,424
133853721,26.5556,25.1138,426,45538,0.225674,0.05,1,1675872,1675446,426
133856641,27.4223,28.0455,424,45584,0.24027,0.07,1,1675900,1675476,424
133859561,18.7689,20.2182,422,45630,0.234108,0.01,1,1675913,1675491,422
133862481,26.7076,27.2873,422,45676,0.207643,0.05,1,1675945,1675523,422
133882921,29.4985,14.6804,461,45998,0.0958759,0.19,1,1676184,1675723,461
133900441,28.1703,26.5281,459,46274,0.210374,0.25,1,1676331,1675872,459
133903361,17.2681,27.4112,441,46320,0.222149,0.23,1,1676341,1675900,441
133906281,24.9072,18.7645,458,46366,0.22686,0.19,1,1676371,1675913,458
133909201,26.7629,26.7058,454,46411,0.228744,0.09,1,1676399,1675945,454
133912121,29.9052,28.0823,457,46456,0.229498,0.09,1,1676431,1675974,457
133915041,26.9621,30.4329,450,46501,0.253799,0.11,1,1676456,1676006,450
133917961,70.7848,28.9732,522,46546,0.27552,0.13,1,1676556,1676034,522
133920881,29.5139,69.7893,427,46591,0.284208,0.13,1,1676558,1676131,427
133923801,21.4056,29.1157,441,46636,0.299683,0.09,1,1676574,1676133,441
133935481,17.9528,22.8398,443,46816,0.408232,0.17,1,1676680,1676237,443
133938401,17.9811,17.5359,447,46861,0.421293,0.17,1,1676698,1676251,447
133941321,27.5924,17.8144,463,46906,0.438517,0.19,1,1676732,1676269,463
134055201,73.5199,73.5182,448,48629,0.784315,0.57,2,1677890,1677442,448
134058121,30.6079,30.6073,448,48672,0.799726,0.57,2,1677892,1677444,448
134081481,30.8213,16.4236,492,49016,0.917194,0.67,2,1678079,1677587,492
134084401,32.7285,29.3694,488,49059,0.924878,0.73,2,1678113,1677625,488
134087321,19.0914,30.9478,466,49102,0.939951,0.73,2,1678123,1677657,466
134265441,197.69,215.134,479,23360,0.921988,1,2,1680044,1679565,479
134268361,115.676,106.454,506,23451,0.938795,0.95,2,1680105,1679599,506
134271281,84.6705,78.5814,510,23541,0.921518,1,2,1680169,1679659,510
134434801,38.0836,36.5841,500,28139,0.796432,1,2,1683404,1682904,500
134440641,56.3734,57.0935,496,28289,0.447829,1,1,1683510,1683014,496
134446481,70.0997,23.535,569,28439,0.0968526,1,1,1683643,1683074,569
134449401,77.8399,64.014,561,28513,0.0567411,1,1,1683726,1683165,561
134452321,59.336,74.8056,526,28587,0.0646964,0.98,1,1683773,1683247,526
134455241,41.1344,62.9222,500,28661,0.0558786,0.95,1,1683802,1683302,500
134458161,30.8538,44.3689,492,28735,0.0283514,0.8,1,1683826,1683334,492
134461081,32.1415,36.3476,494,28809,0.0413406,0.75,1,1683859,1683365,494
134464001,30.8566,37.939,485,28882,0.0465362,0.61,1,1683889,1683404,485
134466921,43.5426,37.3756,500,28955,0.0606145,0.29,1,1683941,1683441,500
134472761,63.4868,53.7401,502,29101,0.0588983,0.03,1,1684064,1683562,502
134475681,75.7947,70.096,505,29174,0.0415593,0.03,1,1684148,1683643,505
134478601,58.5179,77.8384,469,29247,0.0706237,0.07,1,1684195,1683726,469
134481521,42.6072,59.3354,454,29319,0.0582495,0.05,1,1684227,1683773,454
134484441,29.6429,41.1341,446,29391,0.0412998,0.01,1,1684248,1683802,446
134487361,32.8571,30.8537,457,29463,0.0345199,0.05,1,1684283,1683826,457
134490281,31.7429,32.1415,455,29535,0.043808,0.05,1,1684314,1683859,455
134493201,43.2971,30.8566,476,29607,0.0955232,0.07,1,1684365,1683889,476
134501961,74.507,63.4868,506,29820,0.0601135,0.03,1,1684570,1684064,506
134504881,31.0028,75.7947,424,29891,0.0420454,0.09,1,1684572,1684148,424
134507801,40.6011,58.5179,424,29962,0.0588182,0.05,1,1684619,1684195,424
134510721,35.4404,42.6072,424,30033,0.0775273,0.03,1,1684651,1684227,424
134513641,26.1762,29.6429,423,30103,0.0970109,0.03,1,1684671,1684248,423
134548681,32.6506,32.5082,427,30936,0.211765,0.13,1,1685168,1684741,427
134551601,44.8602,44.2033,428,31004,0.222706,0.15,1,1685221,1684793,428
134554521,50.3441,48.8813,430,31072,0.239082,0.23,1,1685275,1684845,430
134557441,62.1376,60.9525,431,31140,0.245633,0.19,1,1685345,1684914,431
134560361,71.0551,71.781,429,31208,0.272253,0.15,1,1685422,1684993,429
134563281,29.622,29.9124,429,31276,0.258901,0.15,1,1685424,1684995,429
134566201,38.8488,11.965,474,31344,0.253561,0.11,1,1685469,1684995,474
134569121,37.7395,32.986,464,31412,0.287424,0.17,1,1685506,1685042,464
134586641,62.1437,50.3147,501,31814,0.408603,0.25,1,1685776,1685275,501
134589561,72.2575,62.1259,510,31881,0.445441,0.29,1,1685855,1685345,510
134645041,52.9393,51.5504,451,33118,0.755168,0.61,2,1686598,1686147,451
134647961,64.9757,63.8201,452,33182,0.776067,0.61,2,1686671,1686219,452
134668401,33.3576,33.3019,454,33625,0.922055,0.73,2,1686906,1686452,454
134671321,34.343,33.1208,456,33688,0.926822,0.75,2,1686941,1686485,456
134674241,49.1372,46.8483,459,33751,0.916729,0.77,2,1687000,1686541,459
134677161,54.4549,52.9393,460,33814,0.948691,0.79,2,1687058,1686598,460
134831921,23.4188,29.7769,481,36982,0.936982,0.93,2,1689270,1688789,481
134849441,77.6048,42.0482,573,37324,0.764041,1,2,1689537,1688964,573
134872801,31.6522,27.9656,497,37774,0.907797,0.81,2,1689798,1689301,497
134884481,77.7351,38.0119,563,37998,0.92492,0.81,2,1689996,1689433,563
135045081,38.4458,41.5498,509,40944,0.78088,1,2,1692019,1691510,509
135059681,32.4999,27.7039,519,41200,0.251039,1,1,1692199,1691680,519
135062601,32.2,33.8815,513,41251,0.202416,1,1,1692231,1691718,513
135068441,32.152,26.181,524,41353,0.0839865,1,1,1692294,1691770,524
135071361,27.8608,31.4724,514,41404,0.0395946,1,1,1692319,1691805,514
135074281,40.5443,34.789,526,41455,0.0578378,1,1,1692368,1691842,526
135077201,39.6177,48.7156,507,41506,0.0651351,0.98,1,1692407,1691900,507
135080121,17.0471,42.2862,471,41557,0.0680541,0.82,1,1692409,1691938,471
135083041,28.4188,45.1145,460,41608,0.0692216,0.71,1,1692445,1691985,460
135085961,31.1675,38.4458,459,41659,0.0336886,0.57,1,1692478,1692019,459
135088881,37.667,44.7783,452,41710,0.0554755,0.47,1,1692520,1692068,452
135091801,36.0668,41.3113,448,41761,0.0881902,0.39,1,1692555,1692107,448
135094721,30.6267,35.1245,444,41812,0.0772761,0.27,1,1692582,1692138,444
135097641,23.6507,30.2498,436,41862,0.0849104,0.19,1,1692601,1692165,436
135100561,26.2603,32.4999,430,41912,0.0999642,0.17,1,1692629,1692199,430
135115161,40.9844,40.5443,424,42162,0.06735,0.07,1,1692792,1692368,424
135123921,27.751,28.4188,422,42312,0.0967104,0.01,1,1692867,1692445,422
135126841,30.9004,31.1675,422,42362,0.0806842,0.07,1,1692900,1692478,422
135129761,39.3602,37.667,425,42412,0.0742737,0.11,1,1692945,1692520,425
135132681,37.3441,36.0668,426,42462,0.0717095,0.07,1,1692981,1692555,426
135135601,29.3376,30.6267,423,42512,0.0826838,0.09,1,1693005,1692582,423
135153121,29.2352,27.4611,428,42809,0.212739,0.03,1,1693170,1692742,428
135156041,38.0941,40.9844,422,42858,0.211095,0.15,1,1693214,1692792,422
135164801,26.654,27.751,423,43005,0.20335,0.07,1,1693290,1692867,423
135179401,25.9472,28.9114,449,43250,0.20183,0.15,1,1693454,1693005,449
135182321,30.1789,25.3645,459,43299,0.242732,0.19,1,1693487,1693028,459
135185241,26.4715,28.7458,452,43348,0.283093,0.15,1,1693511,1693059,452
135188161,26.7886,25.8983,455,43397,0.287237,0.15,1,1693538,1693083,455
135194001,31.7662,29.5837,462,43495,0.294358,0.23,1,1693603,1693141,462
135196921,36.7065,29.2335,473,43544,0.291743,0.21,1,1693643,1693170,473
135229041,26.9164,26.4715,462,44072,0.413954,0.29,1,1693973,1693511,462
135231961,30.5666,26.7886,468,44120,0.435582,0.31,1,1694006,1693538,468
135234881,31.4266,29.9154,468,44168,0.444233,0.29,1,1694038,1693570,468
135237801,37.1707,31.7662,476,44216,0.447693,0.29,1,1694079,1693603,476
135334161,27.1342,26.2913,455,45764,0.928313,0.67,2,1695056,1694601,455
135337081,32.4537,32.1165,455,45810,0.929325,0.69,2,1695092,1694637,455
135544401,331.429,337.363,501,21900,0.922,1,2,1697290,1696789,501
135547321,174.571,182.345,492,22724,0.7708,1,2,1697360,1696868,492
135602801,61.3516,59.9937,453,24435,0.75774,0.67,2,1698557,1698104,453
135617401,70.7466,69.4943,456,24866,0.906655,0.75,2,1698805,1698349,456
135699161,51.4919,61.1749,482,27150,0.94384,1,2,1700436,1699954,482
135707921,36.0075,30.3632,491,27384,0.796486,1,2,1700578,1700087,491
135737121,38.6747,42.603,454,28147,0.797149,0.65,2,1701079,1700625,454
135754641,69.3775,41.501,539,28595,0.905222,0.75,2,1701439,1700900,539
135757561,43.351,65.2004,484,28669,0.920089,0.77,2,1701465,1700981,484
135760481,35.9404,42.2802,488,28743,0.938035,0.75,2,1701496,1701008,488
135763401,40.1762,34.9121,501,28817,0.933214,0.83,2,1701539,1701038,501
135888961,66.4418,46.1205,559,31821,0.440579,1,1,1703703,1703144,559
135891881,45.7767,62.8482,517,31887,0.278232,1,1,1703735,1703218,517
135897721,47.6443,37.5357,536,32019,0.0625171,1,1,1703822,1703286,536
135900641,41.2577,51.0143,513,32085,0.0550068,1,1,1703859,1703346,513
135903561,33.3031,36.6057,514,32151,0.0880027,1,1,1703887,1703373,514
135906481,37.3212,32.6423,524,32217,0.0352011,0.97,1,1703927,1703403,524
135909401,45.5285,41.2569,528,32283,0.0320804,1,1,1703978,1703450,528
135912321,57.2114,51.9028,534,32349,0.0308322,0.79,1,1704043,1703509,534
135915241,40.2846,68.7611,483,32414,0.0423329,0.63,1,1704072,1703589,483
135918161,55.1138,49.1044,512,32479,0.0229331,0.25,1,1704137,1703625,512
135921081,37.0455,66.4418,459,32544,0.0271733,0.17,1,1704162,1703703,459
135924001,32.2182,45.7767,456,32609,0.0168693,0.05,1,1704191,1703735,456
135926921,45.8873,38.1107,478,32674,0.00674772,0.01,1,1704246,1703768,478
135929841,40.5549,47.6443,461,32739,0.0446991,0.05,1,1704283,1703822,461
135932761,17.422,41.2577,426,32804,0.0358796,0.11,1,1704285,1703859,426
135935681,23.1688,33.3031,425,32868,0.0683519,0,1,1704312,1703887,425
135938601,31.4675,37.3212,422,32932,0.0333407,0.03,1,1704349,1703927,422
135941521,43.787,45.5285,423,32996,0.0553363,0.03,1,1704401,1703978,423
135944441,56.5148,57.2114,423,33060,0.0281345,0.05,1,1704466,1704043,423
135947361,40.0059,40.2846,423,33124,0.0412538,0.01,1,1704495,1704072,423
135950281,55.0024,55.1138,423,33188,0.0465015,0.03,1,1704560,1704137,423
135953201,39.4009,37.0455,427,33252,0.0726006,0.01,1,1704589,1704162,427
135956121,30.1604,32.2182,422,33316,0.0590402,0,1,1704613,1704191,422
135959041,46.2642,45.8873,424,33379,0.0536161,0.07,1,1704670,1704246,424
135961961,41.3057,40.5549,425,33442,0.0634464,0.03,1,1704708,1704283,425
135964881,17.7223,17.422,425,33505,0.0673786,0.09,1,1704710,1704285,425
135967801,23.2889,23.1688,425,33568,0.0569514,0.01,1,1704737,1704312,425
135970721,29.7156,31.4675,422,33631,0.0647806,0.07,1,1704771,1704349,422
135979481,41.0938,40.0059,424,33820,0.089826,0.05,1,1704919,1704495,424
135991161,47.1272,46.2642,424,34069,0.0913395,0.07,1,1705094,1704670,424
135997001,17.6204,17.7223,423,34193,0.0830143,0.05,1,1705133,1704710,423
135999921,22.6481,23.2889,422,34255,0.0752057,0.05,1,1705159,1704737,422
136002841,29.4593,9.31556,456,34317,0.0720823,0.07,1,1705193,1704737,456
136005761,44.7837,24.1262,477,34379,0.0828329,0.13,1,1705248,1704771,477
136008681,56.9135,40.8505,490,34441,0.0751332,0.13,1,1705313,1704823,490
136011601,40.7654,55.3402,455,34502,0.0720533,0.07,1,1705343,1704888,455
136014521,55.9062,40.7361,490,34563,0.0708213,0.15,1,1705409,1704919,490
136017441,40.9625,54.0944,458,34624,0.0943285,0.13,1,1705440,1704982,458
136023281,44.834,29.2951,482,34746,0.0762926,0.05,1,1705517,1705035,482
136026201,40.7336,47.118,461,34807,0.060517,0.11,1,1705555,1705094,461
136029121,17.4934,41.0472,426,34868,0.0542068,0.07,1,1705557,1705131,426
136032041,22.5974,17.6189,450,34929,0.0756827,0.07,1,1705583,1705133,450
136034961,30.0389,22.6476,459,34990,0.0842731,0.07,1,1705618,1705159,459
136043721,40.5625,56.9134,454,35170,0.220193,0.07,1,1705767,1705313,454
136046641,57.625,40.7654,493,35230,0.238077,0.07,1,1705836,1705343,493
136049561,41.65,55.9062,458,35290,0.269231,0.11,1,1705867,1705409,458
136052481,29.86,40.9625,449,35350,0.293692,0.13,1,1705889,1705440,449
136072921,38.4235,45.0156,429,35766,0.299411,0.21,1,1706102,1705673,429
136087521,30.3474,29.86,437,36061,0.406352,0.37,1,1706326,1705889,437
136090441,44.539,42.544,440,36120,0.432541,0.37,1,1706380,1705940,440
136093361,40.6156,41.0176,438,36179,0.443016,0.37,1,1706418,1705980,438
136096281,17.4462,17.607,438,36237,0.447207,0.31,1,1706420,1705982,438
136099201,22.5785,23.2428,437,36295,0.448883,0.31,1,1706446,1706009,437
136105041,13.4526,13.5588,437,36411,0.442621,0.29,1,1706484,1706047,437
136143001,39.6801,37.781,446,37158,0.761757,0.47,2,1706984,1706538,446
136145921,58.472,15.1124,517,37215,0.766703,0.53,2,1707055,1706538,517
136148841,43.7888,48.045,481,37272,0.768681,0.57,2,1707089,1706608,481
136154681,44.4462,58.5672,485,37386,0.796189,0.67,2,1707197,1706712,485
136157601,30.9785,43.2269,474,37443,0.792476,0.67,2,1707219,1706745,474
136163441,42.2766,45.1963,494,37555,0.795196,0.75,2,1707316,1706822,494
136166361,18.1106,40.8785,458,37611,0.792078,0.75,2,1707318,1706860,458
136169281,23.4442,17.5514,483,37667,0.778831,0.75,2,1707345,1706862,483
136186801,63.8279,43.7888,536,38003,0.947486,0.83,2,1707625,1707089,536
136335721,36.7635,43.9485,507,40739,0.934,1,2,1709487,1708980,507
136341561,39.0022,43.9918,509,40843,0.79864,1,2,1709568,1709059,509
136356161,32.8752,36.4006,511,41101,0.443164,1,1,1709758,1709247,511
136367841,35.0464,29.1799,515,41305,0.248993,1,1,1709883,1709368,515
136370761,35.6186,39.2719,505,41356,0.225597,1,1,1709919,1709414,505
136373681,32.8474,37.9088,499,41407,0.240239,0.89,1,1709950,1709451,499
136385361,23.4825,33.0009,457,41611,0.21663,0.55,1,1710054,1709597,457
136388281,39.393,46.8003,451,41662,0.224652,0.51,1,1710104,1709653,451
136391201,34.9572,39.7201,448,41713,0.203861,0.55,1,1710136,1709688,448
136394121,36.7829,41.6881,443,41764,0.231544,0.37,1,1710174,1709731,443
136397041,29.1132,32.8752,440,41815,0.230618,0.37,1,1710198,1709758,440
136399961,28.4453,32.3501,436,41865,0.254247,0.29,1,1710226,1709790,436
136402881,28.1781,28.54,438,41915,0.287699,0.29,1,1710254,1709816,438
136405801,26.8712,27.616,437,41965,0.27708,0.21,1,1710280,1709843,437
136408721,32.9485,35.0464,434,42015,0.260832,0.21,1,1710317,1709883,434
136411641,34.1794,35.6186,433,42065,0.254333,0.25,1,1710352,1709919,433
136414561,32.2718,32.8474,433,42115,0.263733,0.15,1,1710383,1709950,433
136417481,32.7087,36.539,427,42165,0.267493,0.17,1,1710416,1709989,427
136420401,36.4835,35.0156,432,42215,0.292997,0.21,1,1710455,1710023,432
136435001,37.9163,36.7829,433,42465,0.411394,0.23,1,1710607,1710174,433
136437921,29.5665,29.1132,433,42515,0.422558,0.27,1,1710631,1710198,433
136440841,27.4266,28.4453,431,42565,0.439023,0.31,1,1710657,1710226,431
136452521,34.3549,34.1794,434,42763,0.442327,0.27,1,1710786,1710352,434
136455441,31.742,32.2718,433,42812,0.434931,0.27,1,1710816,1710383,433
136513841,32.9966,40.669,476,43787,0.761745,0.55,2,1711452,1710976,476
136516761,40.1986,33.0676,493,43835,0.790698,0.59,2,1711497,1711004,493
136531361,34.8075,27.2311,491,44075,0.928094,0.65,2,1711647,1711156,491
136534281,34.323,33.6924,487,44123,0.941237,0.65,2,1711681,1711194,487
136537201,32.3292,33.877,484,44171,0.946495,0.67,2,1711712,1711228,484
136540121,34.5317,31.5508,490,44219,0.948598,0.65,2,1711748,1711258,490
136543041,42.6127,34.8203,501,44267,0.925439,0.71,2,1711796,1711295,501
136545961,18.2451,40.9281,458,44315,0.916176,0.71,2,1711798,1711340,458
136548881,27.698,17.5713,490,44363,0.92447,0.73,2,1711832,1711342,490
136732841,34.9449,33.4361,514,47264,0.945848,1,2,1713856,1713342,514
136747441,20.7329,30.423,508,47487,0.934886,1,2,1713987,1713479,508
136750361,10.0931,32.5692,477,47531,0.907954,0.97,2,1713990,1713513,477
136756201,34.3749,32.2111,498,47619,0.775273,1,2,1714077,1713579,498
136770801,37.3187,34.1391,490,47839,0.410534,1,1,1714241,1713751,490
136808761,31.1413,32.98,452,48411,0.405238,0.53,1,1714585,1714133,452
136811681,34.0565,35.992,450,48455,0.420095,0.45,1,1714621,1714171,450
136814601,27.4226,31.7968,444,48498,0.414038,0.35,1,1714644,1714200,444
136817521,33.769,37.3187,441,48541,0.447615,0.33,1,1714682,1714241,441
136887601,20.9333,32.1446,461,49573,0.751006,0.55,2,1715343,1714882,461
136890521,9.57331,20.0578,451,49615,0.750402,0.55,2,1715345,1714894,451
136893441,30.8293,9.22313,494,49657,0.774161,0.59,2,1715390,1714896,494
136896361,27.9317,30.0893,476,49699,0.783664,0.59,2,1715416,1714940,476
136899281,24.9727,27.6357,473,49741,0.799466,0.65,2,1715439,1714966,473
136913881,32.6058,36.4577,482,49951,0.901975,0.63,2,1715609,1715127,482
136916801,29.8423,32.5831,480,49993,0.91879,0.63,2,1715637,1715157,480
136919721,29.3369,29.8332,481,50035,0.925516,0.65,2,1715666,1715185,481
136922641,35.1348,28.7333,492,50077,0.940206,0.65,2,1715705,1715213,492
136925561,23.6539,34.8933,469,50119,0.946083,0.67,2,1715721,1715252,469
136928481,23.8616,22.9573,478,50161,0.948433,0.67,2,1715745,1715267,478
136931401,35.9446,23.5829,498,50203,0.925373,0.71,2,1715789,1715291,498
136934321,22.7779,32.8332,473,50245,0.940149,0.79,2,1715803,1715330,473
136937241,10.3111,20.9333,462,50287,0.94606,0.75,2,1715805,1715343,462
136940161,5.32446,9.57331,462,50329,0.948424,0.79,2,1715807,1715345,462
137144561,328.829,343.884,503,23360,0.7852,1,2,1717844,1717341,503
137153321,71.5651,93.3846,492,24353,0.406173,1,1,1718035,1717543,492
137159161,67.4904,74.1015,500,24527,0.255788,0.89,1,1718180,1717680,500
137170841,43.6798,59.0506,445,24871,0.222308,0.43,1,1718344,1717899,445
137173761,78.0719,84.2202,445,24956,0.202923,0.33,1,1718445,1718000,445
137182521,62.3326,64.7901,434,25210,0.205707,0.15,1,1718614,1718180,434
137185441,56.133,58.916,431,25294,0.256283,0.15,1,1718666,1718235,431
137188361,39.8532,41.5664,430,25378,0.288513,0.19,1,1718695,1718265,430
137191281,35.1413,34.0266,433,25461,0.277405,0.19,1,1718727,1718294,433
137194201,42.8565,13.6106,481,25544,0.260962,0.25,1,1718775,1718294,481
137202961,69.1508,48.5111,510,25792,0.402382,0.21,1,1718986,1718476,510
137205881,63.6603,66.8044,491,25874,0.430953,0.21,1,1719046,1718555,491
137246761,71.6911,79.058,451,26998,0.765269,0.59,2,1719762,1719311,451
137273041,73.6375,71.6911,462,27696,0.909674,0.83,2,1720224,1719762,462
137281801,66.7048,66.5082,465,27924,0.940219,0.89,2,1720410,1719945,465
137366481,58.7802,60.0942,496,30045,0.946,1,2,1721897,1721401,496
137369401,42.7121,45.6377,492,30115,0.9184,1,2,1721929,1721437,492
137375241,42.2339,46.062,487,30255,0.781744,1,2,1722006,1721519,487
137381081,59.4374,65.5699,482,30395,0.404679,1,1,1722113,1721631,482
137384001,46.575,50.228,480,30465,0.203872,1,1,1722151,1721671,480
137389841,42.252,44.8765,476,30603,0.0674195,1,1,1722257,1721781,476
137392761,54.1008,47.9506,488,30672,0.0269678,0.91,1,1722319,1721831,488
137395681,49.8403,58.7802,469,30741,0.0287871,0.9,1,1722366,1721897,469
137398601,36.1361,42.7121,464,30810,0.0295148,0.87,1,1722393,1721929,464
137401521,28.8545,35.0848,458,30879,0.0178059,0.71,1,1722417,1721959,458
137404441,37.9418,42.2339,455,30948,0.0131224,0.59,1,1722461,1722006,455
137407361,32.5767,36.0936,452,31016,0.047249,0.23,1,1722490,1722038,452
137410281,45.4307,59.4374,431,31084,0.0488996,0.07,1,1722544,1722113,431
137413201,37.3723,46.575,425,31152,0.0735598,0.07,1,1722576,1722151,425
137416121,61.1489,66.63,422,31220,0.0294239,0.03,1,1722653,1722231,422
137419041,41.2596,42.252,424,31288,0.0177696,0.03,1,1722681,1722257,424
137421961,51.9038,16.9008,483,31356,0.00710783,0,1,1722740,1722257,483
137424881,48.9615,43.9603,468,31423,0.0208431,0.03,1,1722787,1722319,468
137427801,35.7846,45.7841,448,31490,0.0143373,0.03,1,1722814,1722366,448
137430721,28.7138,34.5137,445,31557,0.0237349,0.01,1,1722838,1722393,445
137433641,37.8855,28.2055,465,31624,0.063494,0.01,1,1722882,1722417,465
137436561,33.1542,37.6822,451,31691,0.0433976,0.07,1,1722912,1722461,451
137439481,46.8617,32.4729,478,31758,0.059359,0.05,1,1722968,1722490,478
137442401,39.7447,45.3892,459,31825,0.0777436,0.09,1,1723003,1722544,459
137445321,59.0979,37.3557,499,31891,0.0370974,0,1,1723075,1722576,499
137448241,40.4391,61.1423,450,31957,0.044839,0.01,1,1723103,1722653,450
137451161,51.5757,41.2569,481,32023,0.0179356,0,1,1723162,1722681,481
137454081,49.4303,51.9028,470,32089,0.0611742,0.03,1,1723210,1722740,470
137457001,35.3721,48.9611,449,32155,0.0424697,0.01,1,1723236,1722787,449
137459921,28.5488,35.7844,446,32221,0.0349879,0.03,1,1723260,1722814,446
137462841,37.2195,28.7138,465,32287,0.0559952,0.09,1,1723303,1722838,465
137465761,33.4878,37.8855,452,32353,0.0403981,0.03,1,1723334,1722882,452
137468681,49.3951,33.1542,482,32418,0.0341592,0.07,1,1723394,1722912,482
137471601,40.1581,46.8617,460,32483,0.0556637,0.09,1,1723428,1722968,460
137474521,58.0632,39.7447,495,32548,0.0882655,0.01,1,1723498,1723003,495
137477441,39.4253,59.0979,450,32613,0.0653062,0.05,1,1723525,1723075,450
137480361,51.7701,40.4391,482,32678,0.0441225,0,1,1723585,1723103,482
137483281,49.508,51.5757,471,32743,0.059649,0.09,1,1723633,1723162,471
137486201,21.0032,49.4303,425,32808,0.0658596,0.03,1,1723635,1723210,425
137494961,36.7682,37.2195,425,33000,0.094695,0.03,1,1723728,1723303,425
137497881,32.1073,33.4878,423,33064,0.079878,0.03,1,1723757,1723334,423
137500801,48.8429,49.3951,423,33128,0.0739512,0.07,1,1723817,1723394,423
137503721,41.7372,40.1581,426,33192,0.0475805,0.11,1,1723854,1723428,426
137506641,56.8949,58.0632,423,33256,0.0490322,0.05,1,1723921,1723498,423
137509561,39.5579,39.4253,424,33320,0.0496129,0.03,1,1723949,1723525,424
137512481,51.2232,51.7701,423,33383,0.0738451,0.07,1,1724008,1723585,423
137541681,40.4551,39.5579,425,34011,0.22829,0.09,1,1724374,1723949,425
137544601,52.782,51.2232,427,34073,0.205316,0.15,1,1724435,1724008,427
137559201,35.496,17.6653,471,34383,0.219437,0.13,1,1724580,1724109,471
137562121,32.1984,33.4661,457,34444,0.237775,0.19,1,1724610,1724153,457
137565041,47.6794,30.7865,486,34505,0.29311,0.19,1,1724668,1724182,486
137576721,51.1886,40.4313,489,34749,0.402784,0.19,1,1724863,1724374,489
137579641,51.6754,52.7725,480,34810,0.431113,0.19,1,1724915,1724435,480
137582561,21.8702,52.309,430,34871,0.442445,0.19,1,1724917,1724487,430
137638041,64.1056,62.8309,451,36005,0.77203,0.59,2,1725669,1725218,451
137640961,42.4422,41.9324,451,36064,0.758812,0.63,2,1725697,1725246,451
137643881,53.5769,52.1729,453,36123,0.765525,0.65,2,1725758,1725305,453
137673081,64.2821,64.1056,459,36704,0.922411,0.75,2,1726128,1725669,459
137676001,42.5129,42.4422,459,36762,0.914964,0.77,2,1726156,1725697,459
137678921,54.2051,53.5769,460,36819,0.947986,0.83,2,1726218,1725758,460
137843901,187.662,182.86,505,17641,0.4444,0.93,1,1728431,1727926,505
137846821,144.065,149.344,493,17761,0.26776,0.61,1,1728546,1728053,493
137849741,128.426,105.338,535,17881,0.257104,0.47,1,1728664,1728129,535
137852661,80.1704,109.335,471,18000,0.264842,0.47,1,1728712,1728241,471
137858501,37.5473,49.7736,447,18235,0.295575,0.31,1,1728773,1728326,447
137867261,110.859,111.666,434,18582,0.435797,0.27,1,1729098,1728664,434
137870181,73.7436,73.4662,435,18696,0.420319,0.33,1,1729147,1728712,435
137913981,75.5441,36.5621,550,20332,0.767676,0.59,2,1730202,1729652,550
137922741,78.4188,114.06,506,20643,0.926331,0.71,2,1730496,1729990,506
137992821,73.2863,32.6552,575,22982,0.933432,1,2,1732086,1731511,575
138007421,41.8461,70.3395,494,23440,0.909222,1,2,1732426,1731932,494
138010341,35.9385,42.5358,502,23530,0.909689,1,2,1732458,1731956,502
138112541,67.451,116.322,511,26498,0.923219,1,2,1734647,1734136,511
138121301,42.4049,57.2446,506,26737,0.794686,1,2,1734800,1734294,506
138127141,37.5048,35.6791,513,26895,0.77395,0.97,2,1734871,1734358,513
138130061,18.6019,37.6717,480,26974,0.75958,1,2,1734877,1734397,480
138132981,29.0408,36.0687,481,27053,0.789832,0.81,2,1734913,1734432,481
138135901,114.816,126.627,466,27131,0.789933,0.95,2,1735085,1734619,466
138153421,38.5464,37.5048,462,27596,0.900561,0.75,2,1735333,1734871,462
138156341,19.0186,18.6019,462,27673,0.906224,0.81,2,1735339,1734877,462
138159261,26.8074,29.0408,458,27750,0.93249,0.79,2,1735371,1734913,458
138305261,43.8094,44.8477,493,31337,0.249726,1,1,1738000,1737507,493
138311101,43.2495,31.7756,528,31472,0.0627561,1,1,1738076,1737548,528
138314021,48.4998,51.1103,516,31539,0.0551024,1,1,1738128,1737612,516
138316941,42.7999,45.0441,514,31606,0.064041,0.99,1,1738167,1737653,514
138319861,40.52,42.6176,512,31673,0.0436164,1,1,1738206,1737694,512
138322781,37.208,41.0471,507,31740,0.0834466,0.99,1,1738241,1737734,507
138325701,29.8832,39.8188,493,31807,0.0873786,0.81,1,1738266,1737773,493
138331541,51.2213,83.291,477,31940,0.0463806,0.29,1,1738398,1737921,477
138334461,37.2885,61.5164,458,32006,0.0725522,0.15,1,1738426,1737968,458
138337381,29.3154,43.8066,450,32072,0.0950209,0.07,1,1738450,1738000,450
138340301,40.5262,33.1226,472,32138,0.0680084,0.01,1,1738498,1738026,472
138343221,46.8105,43.2491,473,32204,0.0692033,0.05,1,1738549,1738076,473
138346141,43.3242,48.4996,462,32270,0.0576813,0.07,1,1738590,1738128,462
138349061,40.7297,42.7998,462,32336,0.0230725,0.03,1,1738629,1738167,462
138351981,37.8919,40.5199,459,32401,0.027229,0.11,1,1738665,1738206,459
138363661,37.6036,51.2213,453,32661,0.226633,0.09,1,1738851,1738398,453
138366581,30.0415,37.2885,450,32726,0.252653,0.11,1,1738876,1738426,450
138369501,13.2166,29.3154,428,32791,0.263061,0.05,1,1738878,1738450,428
138372421,31.0866,40.5262,423,32856,0.291225,0.07,1,1738921,1738498,423
138375341,44.2347,46.8105,425,32920,0.24249,0.05,1,1738974,1738549,425
138395781,38.5166,37.6036,434,33368,0.0970482,0.27,1,1739285,1738851,434
138404541,30.0411,31.0866,433,33557,0.0971711,0.21,1,1739354,1738921,433
138422061,69.0806,68.229,427,33934,0.208152,0.09,1,1739639,1739212,427
138424981,52.8322,54.2916,424,33996,0.221261,0.09,1,1739681,1739257,424
138427901,37.9329,38.5166,424,34058,0.226504,0.11,1,1739709,1739285,424
138430821,31.3732,31.0067,425,34120,0.216602,0.11,1,1739736,1739311,425
138433741,13.7493,13.6027,425,34182,0.212641,0.09,1,1739738,1739313,425
138436661,30.6997,30.0411,426,34244,0.235056,0.09,1,1739780,1739354,426
138439581,43.4799,12.0164,478,34306,0.232023,0.15,1,1739832,1739354,478
138442501,40.192,36.0066,464,34368,0.278809,0.15,1,1739870,1739406,464
138454181,70.4177,31.517,524,34613,0.420177,0.23,1,1740069,1739545,524
138524261,57.2077,55.4667,458,36051,0.905167,0.73,2,1741014,1740556,458
138527181,39.6831,38.9867,458,36110,0.920067,0.73,2,1741042,1740584,458
138530101,32.0732,31.1947,459,36169,0.926027,0.75,2,1741069,1740610,459
138533021,14.0293,13.6779,459,36227,0.928411,0.75,2,1741071,1740612,459
138535941,34.4117,32.4711,462,36285,0.905364,0.85,2,1741119,1740657,462
138538861,47.3647,45.3885,464,36343,0.920146,0.83,2,1741175,1740711,464
138541781,44.1459,43.9554,463,36401,0.938058,0.87,2,1741217,1740754,463
138544701,18.8583,18.7822,463,36459,0.945223,0.91,2,1741219,1740756,463
138547621,33.3433,32.1129,465,36517,0.948089,0.85,2,1741262,1740797,465
138570981,34.3985,34.4117,466,36978,0.943896,0.93,2,1741585,1741119,466
138719901,26.5583,40.7563,479,39787,0.448846,0.96,1,1743544,1743065,479
138731581,27.8815,31.8066,474,39999,0.223218,1,1,1743676,1743202,474
138766621,26.6813,34.0043,456,40628,0.226078,0.29,1,1744079,1743623,456
138769541,25.0725,29.2017,454,40680,0.240431,0.17,1,1744103,1743649,454
138772461,31.029,27.8807,462,40732,0.258172,0.13,1,1744138,1743676,462
138775381,28.0116,32.7523,452,40784,0.241269,0.09,1,1744164,1743712,452
138778301,56.2046,29.3009,500,40836,0.294508,0.15,1,1744239,1743739,500
138795821,25.1334,29.1761,452,41146,0.417641,0.17,1,1744414,1743962,452
138798741,35.8534,24.2705,474,41197,0.437056,0.21,1,1744457,1743983,474
138801661,32.9413,35.5082,462,41248,0.432823,0.19,1,1744488,1744026,462
138857141,60.5632,58.3636,452,42209,0.760664,0.57,2,1745129,1744677,452
138860061,25.4253,24.5454,452,42259,0.766266,0.63,2,1745131,1744679,452
138862981,30.5701,29.6182,453,42309,0.780506,0.69,2,1745165,1744712,453
138877581,25.9326,25.9074,454,42559,0.922191,0.67,2,1745311,1744857,454
138880501,37.373,36.763,455,42609,0.926876,0.71,2,1745356,1744901,455
138912621,28.1118,27.6365,490,43149,0.90369,0.87,2,1745720,1745230,490
138915541,31.0447,26.6546,497,43198,0.907476,0.89,2,1745753,1745256,497
138918461,26.8179,29.8618,489,43247,0.908991,0.95,2,1745777,1745288,489
138921381,37.1272,25.7447,510,43296,0.921596,0.93,2,1745821,1745311,510
138924301,34.0509,37.2979,497,43345,0.938638,0.85,2,1745853,1745356,497
138927221,28.0203,35.3192,487,43394,0.945455,0.85,2,1745877,1745390,487
139070301,46.5647,44.7092,495,45715,0.946,1,2,1747533,1747038,495
139081981,23.3105,31.5814,497,45899,0.76529,1,2,1747650,1747153,497
139093661,22.2687,19.8357,540,46083,0.419671,1,1,1747767,1747227,540
139099501,33.083,29.8137,540,46175,0.272347,1,1,1747833,1747293,540
139102421,33.0332,32.3255,539,46221,0.222939,1,1,1747866,1747327,539
139154981,182.066,193.877,447,21270,0.0673081,0.05,1,1748455,1748008,447
139157901,116.026,127.951,435,21370,0.0449232,0.05,1,1748527,1748092,435
139160821,80.6106,75.1803,452,21469,0.0719693,0.07,1,1748584,1748132,452
139166661,78.2977,48.1488,490,21666,0.0607151,0.09,1,1748717,1748227,490
139169581,46.3191,72.6595,426,21764,0.090286,0.11,1,1748742,1748316,426
139172501,30.5276,38.0638,431,21861,0.0781144,0.03,1,1748762,1748331,431
139178341,75.9244,79.0502,423,22055,0.0856983,0.09,1,1748950,1748527,423
139198781,74.551,74.4238,496,22720,0.23762,0.07,1,1749374,1748878,496
139201701,67.6204,72.9695,487,22813,0.269048,0.13,1,1749437,1748950,487
139227981,75.0018,52.2474,526,23636,0.448348,0.31,1,1750005,1749479,526
139254261,48.1544,46.8007,447,24431,0.777476,0.49,2,1750480,1750033,447
139257181,32.4618,32.5203,446,24518,0.77299,0.55,2,1750502,1750056,446
139260101,84.9847,83.2081,449,24604,0.795196,0.55,2,1750622,1750173,449
139274701,80.6146,76.886,459,25032,0.920191,0.81,2,1750910,1750451,459
139277621,50.2458,48.1544,460,25117,0.938076,0.77,2,1750940,1750480,460
139280541,33.2983,32.4618,460,25201,0.933231,0.81,2,1750962,1750502,460
139397341,40.3399,34.6535,493,28368,0.934,1,2,1753214,1752721,493
139400261,64.736,13.8614,574,28443,0.7996,1,2,1753295,1752721,574
139423621,35.9924,51.3362,498,29032,0.427534,0.89,1,1753679,1753181,498
139449901,33.9773,47.981,468,29682,0.405224,0.41,1,1754119,1753651,468
139452821,56.1909,35.9924,511,29753,0.42009,0.35,1,1754190,1753679,511
139455741,44.6764,58.797,474,29824,0.426036,0.35,1,1754227,1753753,474
139458661,19.0705,45.1188,440,29895,0.428414,0.35,1,1754229,1753789,440
139511221,57.7206,57.1968,453,31144,0.760428,0.61,2,1755086,1754633,453
139514141,44.6882,45.0787,452,31212,0.754171,0.65,2,1755122,1754670,452
139517061,19.0753,19.2315,452,31280,0.751669,0.65,2,1755124,1754672,452
139519981,23.2301,7.6926,478,31348,0.750667,0.67,2,1755150,1754672,478
139531661,60.3259,32.5393,532,31616,0.925217,0.77,2,1755402,1754870,532
139663061,35.5526,46.7355,509,34498,0.215121,1,1,1757391,1756882,509
139668901,43.2484,58.5977,508,34620,0.0716193,1,1,1757495,1756987,508
139671821,32.2994,43.8391,499,34681,0.0826477,0.98,1,1757520,1757021,499
139674741,26.7197,34.9356,493,34742,0.0630591,0.82,1,1757543,1757050,493
139677661,58.0879,28.9743,547,34803,0.0552236,0.65,1,1757622,1757075,547
139680581,37.0352,69.7897,473,34864,0.0520895,0.59,1,1757645,1757172,473
139683501,36.4141,44.7159,481,34925,0.0748358,0.53,1,1757681,1757200,481
139701021,42.3093,55.621,459,35286,0.235316,0.05,1,1757919,1757460,459
139703941,31.3237,43.2484,448,35346,0.232127,0.09,1,1757943,1757495,448
139706861,26.3295,32.2994,446,35406,0.218851,0.05,1,1757966,1757520,446
139709781,59.1318,26.7197,504,35466,0.22554,0.05,1,1758047,1757543,504
139712701,37.4527,58.0879,448,35526,0.252216,0.05,1,1758070,1757622,448
139715621,37.7811,37.0352,463,35586,0.286886,0.09,1,1758108,1757645,463
139730221,29.3885,30.433,429,35881,0.437559,0.19,1,1758246,1757817,429
139733141,53.7554,51.7732,433,35940,0.433023,0.27,1,1758316,1757883,433
139753581,34.0507,33.1124,438,36350,0.435627,0.33,1,1758576,1758138,438
139756501,14.8203,14.445,438,36408,0.444251,0.33,1,1758578,1758140,438
139759421,32.3281,32.178,438,36466,0.4237,0.43,1,1758622,1758184,438
139803221,57.4051,28.229,518,37326,0.764107,0.53,2,1759207,1758689,518
139806141,46.362,53.8916,486,37383,0.755643,0.55,2,1759246,1758760,486
139809061,32.9448,43.7566,473,37440,0.776257,0.57,2,1759270,1758797,473
139811981,26.3779,31.9027,471,37496,0.796503,0.61,2,1759292,1758821,471
139841181,46.9436,57.4051,499,38056,0.941758,0.75,2,1759706,1759207,499
139998861,32.0837,38.6368,507,40946,0.920984,1,2,1761672,1761165,507
140188661,33.4884,34.0292,532,44170,0.76648,1,2,1763948,1763416,532
140239761,290.287,351.594,430,20440,0.255695,0.09,1,1764473,1764043,430
140245601,113.046,112.415,457,20647,0.0541111,0.05,1,1764632,1764175,457
140248521,95.6184,85.166,474,20750,0.0276445,0.03,1,1764716,1764242,474
140251441,88.0474,98.8664,449,20852,0.0170578,0.01,1,1764799,1764350,449
140254361,67.0189,71.3466,449,20954,0.0728231,0.05,1,1764852,1764403,449
140266041,70.7445,73.6777,422,21356,0.0634483,0.01,1,1765054,1764632,422
140268961,79.8978,79.8711,424,21455,0.0313793,0.01,1,1765140,1764716,424
140271881,83.5591,81.7484,427,21554,0.0425517,0.11,1,1765226,1764799,427
140274801,65.8236,64.4994,428,21652,0.0830207,0.21,1,1765280,1764852,428
140277721,37.7295,35.9997,430,21750,0.0632083,0.17,1,1765299,1764869,430
140280641,31.2918,29.9999,431,21848,0.0792833,0.13,1,1765326,1764895,431
140283561,59.9167,61.2,428,21945,0.0857133,0.01,1,1765405,1764977,428
140286481,66.5667,70.68,422,22042,0.0522853,0.01,1,1765476,1765054,422
140289401,78.2267,79.872,422,22138,0.0269141,0.05,1,1765562,1765140,422
140292321,84.0907,83.5488,424,22234,0.0287657,0.11,1,1765650,1765226,424
140295241,66.6363,65.8195,425,22329,0.0655063,0.05,1,1765705,1765280,425
140298161,38.0545,37.7278,425,22424,0.0802025,0.09,1,1765724,1765299,425
140301081,31.4218,31.2911,425,22519,0.098081,0.09,1,1765751,1765326,425
140309841,76.627,63.5626,507,22800,0.0679572,0.01,1,1765983,1765476,507
140312761,84.6508,77.0251,511,22893,0.0331829,0.03,1,1766073,1765562,511
140315681,66.8603,83.61,478,22986,0.0432731,0.09,1,1766128,1765650,478
140318601,39.3441,66.444,444,23078,0.0473093,0.09,1,1766149,1765705,444
140321521,31.3376,37.9776,451,23170,0.0849237,0.11,1,1766175,1765724,451
140327361,65.374,61.1564,494,23352,0.254788,0.13,1,1766326,1765832,494
140330281,72.9496,64.0626,506,23443,0.203915,0.03,1,1766404,1765898,506
140336121,67.7119,84.65,479,23623,0.0554264,0.05,1,1766552,1766073,479
140339041,40.8848,66.86,447,23713,0.0281706,0.05,1,1766575,1766128,447
140341961,31.9539,39.344,452,23802,0.0532682,0.11,1,1766601,1766149,452
140350721,28.445,65.374,436,24068,0.211009,0.17,1,1766762,1766326,436
140353641,53.378,72.9496,428,24156,0.258404,0.07,1,1766832,1766404,428
140377001,54.4618,53.378,434,24849,0.41228,0.33,1,1767266,1766832,434
140379921,74.5847,72.9512,436,24934,0.434912,0.31,1,1767354,1766918,436
140382841,64.6339,63.3805,437,25019,0.443965,0.35,1,1767412,1766975,437
140423721,56.51,29.479,520,26179,0.753858,0.53,2,1768154,1767634,520
140426641,77.804,55.5916,539,26260,0.775543,0.57,2,1768246,1767707,539
140441241,77.1206,72.2189,530,26661,0.906242,0.71,2,1768535,1768005,530
140444161,32.0482,72.6875,459,26740,0.932497,0.73,2,1768537,1768078,459
140572641,56.6261,70.5755,484,30028,0.9436,1,2,1770830,1770346,484
140584321,59.0448,59.1331,482,30308,0.43134,1,1,1771071,1770589,482
140598921,36.6238,33.5652,492,30656,0.0764457,0.93,1,1771250,1770758,492
140601841,45.2495,56.6261,471,30725,0.0845783,0.71,1,1771301,1770830,471
140604761,62.4998,75.4504,457,30794,0.0878313,0.67,1,1771375,1770918,457
140607681,43.5999,51.7802,452,30863,0.0771325,0.49,1,1771406,1770954,452
140616441,41.1184,47.6179,434,31068,0.0829365,0.09,1,1771545,1771111,434
140619361,39.8474,44.2472,431,31136,0.0991746,0.09,1,1771584,1771153,431
140622281,33.9389,36.8989,429,31204,0.0936698,0.11,1,1771614,1771185,429
140625201,25.5756,28.5595,426,31272,0.0914679,0.05,1,1771634,1771208,426
140636881,43.2307,58.9839,455,31542,0.200054,0.07,1,1771830,1771375,455
140639801,44.8923,42.1936,470,31609,0.206021,0.15,1,1771876,1771406,470
140642721,54.5569,45.6774,483,31676,0.208409,0.09,1,1771937,1771454,483
140645641,39.8228,53.071,455,31743,0.245363,0.07,1,1771967,1771512,455
140648561,40.5291,41.0284,463,31810,0.284145,0.11,1,1772008,1771545,463
140663161,65.3053,43.6912,507,32141,0.404814,0.21,1,1772231,1771724,507
140666081,44.1221,63.0765,461,32207,0.419925,0.21,1,1772261,1771800,461
140669001,45.2488,43.2306,477,32273,0.42597,0.21,1,1772307,1771830,477
140671921,54.6995,44.8922,492,32339,0.416388,0.21,1,1772368,1771876,492
140674841,41.6798,54.5569,464,32404,0.424555,0.27,1,1772401,1771937,464
140721561,48.9609,47.6857,451,33433,0.76061,0.59,2,1773045,1772594,451
140724481,20.7844,20.2743,451,33496,0.766244,0.61,2,1773047,1772596,451
140733241,44.1942,43.5856,454,33685,0.91184,0.65,2,1773204,1772750,454
140739081,44.8711,42.3737,458,33811,0.905494,0.75,2,1773303,1772845,458
140744921,37.1794,37.1398,458,33936,0.904479,0.75,2,1773380,1772922,458
140759521,58.3215,55.7138,465,34246,0.925073,0.85,2,1773591,1773126,465
140762441,42.5286,22.2855,497,34308,0.940029,0.93,2,1773623,1773126,497
140896761,44.6641,42.6862,494,37037,0.789274,1,2,1775540,1775046,494
140911361,41.6721,52.4211,514,37322,0.0731894,1,1,1775743,1775229,514
140914281,35.2688,40.7684,512,37379,0.0352757,1,1,1775774,1775262,512
140917201,34.5075,36.1074,513,37436,0.0141103,0.96,1,1775808,1775295,513
140920121,34.203,31.243,519,37492,0.0716441,1,1,1775842,1775323,519
140923041,33.4812,32.8972,518,37548,0.0706576,1,1,1775875,1775357,518
140925961,34.3925,38.9589,510,37604,0.0582631,0.92,1,1775910,1775400,510
140928881,47.357,35.3835,533,37660,0.0533052,0.83,1,1775966,1775433,533
140931801,35.1428,56.1534,490,37716,0.0513221,0.73,1,1775993,1775503,490
140934721,33.2571,44.6614,485,37772,0.0505288,0.57,1,1776025,1775540,485
140952241,33.4233,35.2688,455,38108,0.0682422,0,1,1776229,1775774,455
140955161,34.9693,34.5075,457,38163,0.0452969,0.11,1,1776265,1775808,457
140958081,32.5877,34.203,454,38218,0.0361187,0.07,1,1776296,1775842,454
140961001,34.6351,33.4812,457,38273,0.0444475,0.05,1,1776332,1775875,457
140963921,48.054,34.3925,479,38328,0.047779,0.05,1,1776389,1775910,479
140966841,36.0216,47.357,451,38383,0.0851116,0.05,1,1776417,1775966,451
140969761,33.0086,35.1428,455,38438,0.0760446,0.05,1,1776448,1775993,455
140972681,37.8035,33.2571,464,38493,0.0964179,0.15,1,1776489,1776025,464
140990201,29.8315,33.4233,422,38822,0.0869044,0.03,1,1776651,1776229,422
140993121,35.3326,34.9693,425,38876,0.0407617,0.03,1,1776690,1776265,425
140996041,32.733,32.5877,425,38930,0.0463047,0.05,1,1776721,1776296,425
140998961,33.4932,34.6351,423,38984,0.0365219,0.05,1,1776755,1776332,423
141001881,48.1973,48.054,424,39038,0.0206088,0.11,1,1776813,1776389,424
141004801,37.8789,36.0216,427,39092,0.0382435,0.07,1,1776844,1776417,427
141007721,32.5516,33.0086,425,39146,0.0452974,0.11,1,1776873,1776448,425
141010641,38.8206,37.8035,427,39200,0.036119,0.11,1,1776916,1776489,427
141013561,32.3283,31.9214,427,39254,0.0324476,0.11,1,1776944,1776517,427
141016481,39.9313,39.1686,428,39308,0.078979,0.11,1,1776989,1776561,428
141019401,17.1725,16.8674,428,39362,0.0975916,0.17,1,1776991,1776563,428
141031081,33.7564,35.3326,422,39577,0.0672503,0.05,1,1777112,1776690,422
141034001,33.3026,32.733,424,39630,0.0569001,0.03,1,1777145,1776721,424
141036921,32.521,33.4932,422,39683,0.0407601,0.01,1,1777177,1776755,422
141039841,49.0084,48.1973,424,39736,0.022304,0.05,1,1777237,1776813,424
141042761,38.8034,37.8789,425,39789,0.0389216,0.05,1,1777269,1776844,425
141045681,32.3213,32.5516,424,39842,0.0455686,0.03,1,1777297,1776873,424
141048601,38.1285,38.8206,423,39895,0.0602275,0.03,1,1777339,1776916,423
141051521,32.6514,32.3283,424,39948,0.090091,0.11,1,1777368,1776944,424
141092401,42.0867,32.6498,472,40682,0.202404,0.13,1,1777840,1777368,472
141095321,18.0347,41.2599,427,40734,0.230962,0.13,1,1777842,1777415,427
141098241,26.4139,17.704,457,40786,0.242385,0.09,1,1777874,1777417,457
141101161,25.5655,26.2816,450,40838,0.270954,0.11,1,1777899,1777449,450
141121601,32.7908,38.6348,455,41198,0.298108,0.15,1,1778145,1777690,455
141136201,27.5815,18.0347,466,41453,0.439785,0.25,1,1778308,1777842,466
141203361,32.8523,32.1518,448,42610,0.753653,0.53,2,1779029,1778581,448
141215041,21.2794,20.8295,451,42807,0.754606,0.69,2,1779169,1778718,451
141226721,19.476,19.3492,454,43003,0.77863,0.65,2,1779260,1778806,454
141250081,35.614,40.7219,489,43395,0.901236,0.73,2,1779564,1779075,489
141253001,50.2456,35.4888,517,43444,0.930495,0.73,2,1779624,1779107,517
141255921,21.2982,50.1955,459,43493,0.942198,0.77,2,1779626,1779167,459
141447181,178.709,173.215,505,21270,0.2092,1,1,1781803,1781298,505
141453021,78.2735,91.6744,483,21469,0.051472,0.57,1,1781935,1781452,483
141455941,76.9094,93.0698,465,21568,0.0385888,0.35,1,1782011,1781546,465
141458861,77.5638,72.0279,485,21666,0.0454355,0.09,1,1782089,1781604,485
141461781,47.8255,75.6112,435,21764,0.0481742,0.03,1,1782117,1781682,435
141464701,38.3302,45.2445,442,21861,0.0372697,0.03,1,1782149,1781707,442
141467621,61.5321,75.6978,423,21958,0.0209079,0.05,1,1782226,1781803,423
141470541,74.4128,79.4791,424,22055,0.0383631,0.01,1,1782309,1781885,424
141473461,58.5651,61.7916,422,22151,0.0573453,0.03,1,1782357,1781935,422
141476381,70.2261,70.3167,424,22247,0.0529381,0.05,1,1782435,1782011,424
141479301,73.6904,74.9267,422,22342,0.0631752,0.05,1,1782511,1782089,422
141482221,46.8762,46.7707,423,22437,0.0432701,0.03,1,1782540,1782117,423
141485141,38.5505,37.9083,424,22532,0.047308,0.03,1,1782573,1782149,424
141488061,59.8202,15.1633,498,22626,0.0369232,0.01,1,1782647,1782149,498
141490981,74.9281,52.2653,506,22720,0.0447693,0.05,1,1782732,1782226,506
141493901,57.5712,70.7061,469,22813,0.0599077,0.07,1,1782778,1782309,469
141496821,71.0285,57.0825,501,22906,0.0419631,0.05,1,1782858,1782357,501
141499741,72.8114,69.633,497,22999,0.0467852,0.07,1,1782932,1782435,497
141502661,46.5246,73.4532,450,23091,0.0247141,0.03,1,1782961,1782511,450
141505581,38.4098,46.7813,454,23183,0.0278856,0.05,1,1782994,1782540,454
141508501,60.9639,38.5125,497,23274,0.0411543,0.03,1,1783070,1782573,497
141511421,75.9856,59.805,509,23365,0.0824617,0.05,1,1783156,1782647,509
141543541,71.9054,72.0871,430,24344,0.204285,0.13,1,1783783,1783353,430
141552301,59.8019,60.4136,429,24604,0.224994,0.15,1,1783920,1783491,429
141555221,25.1208,25.3654,429,24690,0.263998,0.13,1,1783922,1783493,429
141558141,62.2483,64.1462,426,24776,0.255599,0.15,1,1784009,1783583,426
141563981,71.8797,70.2634,431,24947,0.414096,0.21,1,1784141,1783710,431
141566901,71.9519,71.9054,430,25032,0.435638,0.17,1,1784213,1783783,430
141616541,49.2073,73.7856,484,26434,0.769682,0.65,2,1785140,1784656,484
141619461,40.0829,48.1143,487,26514,0.781873,0.65,2,1785174,1784687,487
141622381,62.8332,39.6457,531,26594,0.798749,0.67,2,1785252,1784721,531
141634061,81.2693,56.3637,551,26911,0.940272,0.67,2,1785492,1784941,551
141736261,64.1433,60.4955,531,29539,0.928,1,2,1787286,1786755,531
141745021,43.0572,51.0557,518,29753,0.761392,1,2,1787457,1786939,518
141826781,78.5509,54.7481,547,31683,0.911559,0.69,2,1788754,1788207,547
141829701,48.8203,77.0993,484,31750,0.910624,0.71,2,1788783,1788299,484
141832621,38.7281,48.2397,487,31817,0.93425,0.73,2,1788815,1788328,487
141835541,32.8913,38.4959,484,31883,0.9317,0.73,2,1788844,1788360,484
141838461,29.9565,32.7984,483,31949,0.94268,0.71,2,1788872,1788389,483
141844301,40.193,35.6077,498,32081,0.929629,0.77,2,1788955,1788457,498
141981541,42.8332,46.0566,509,35046,0.93304,1,2,1791018,1790509,509
141999061,35.5793,32.5654,520,35406,0.448434,1,1,1791303,1790783,520
142004901,29.8127,34.6105,501,35526,0.243349,1,1,1791357,1790856,501
142010741,40.89,37.4577,514,35645,0.0521359,0.95,1,1791443,1790929,514
142013661,17.556,42.5831,470,35704,0.0388544,0.91,1,1791445,1790975,470
142016581,30.4224,42.8332,466,35763,0.0335417,0.77,1,1791484,1791018,466
142019501,61.969,71.1333,459,35822,0.0434167,0.61,1,1791567,1791108,459
142022421,59.5876,66.2533,454,35881,0.0173667,0.63,1,1791625,1791171,454
142025341,44.235,46.3013,455,35940,0.0369467,0.57,1,1791659,1791204,455
142028261,34.494,37.1205,452,35999,0.0687787,0.49,1,1791687,1791235,452
142031181,26.9976,33.4482,443,36058,0.0695115,0.39,1,1791709,1791266,443
142034101,28.199,35.5793,435,36117,0.0578046,0.29,1,1791738,1791303,435
142037021,25.6796,28.0317,436,36176,0.0531218,0.17,1,1791762,1791326,436
142039941,23.4718,29.8127,427,36234,0.0752487,0.03,1,1791784,1791357,427
142042861,32.7887,37.7251,423,36292,0.0720995,0.01,1,1791823,1791400,423
142045781,38.3155,40.89,422,36350,0.0468398,0.03,1,1791865,1791443,422
142048701,16.5262,17.556,422,36408,0.0367359,0.03,1,1791867,1791445,422
142051621,30.0105,30.4224,422,36466,0.0326944,0.05,1,1791906,1791484,422
142054541,62.4042,61.969,423,36524,0.0310777,0,1,1791990,1791567,423
142057461,59.7617,59.5876,423,36582,0.0424311,0.05,1,1792048,1791625,423
142060381,44.3047,44.235,423,36640,0.0349724,0.09,1,1792082,1791659,423
142069141,26.7395,28.199,422,36813,0.0850382,0.05,1,1792160,1791738,422
142072061,26.2958,25.6796,424,36870,0.0760153,0.09,1,1792186,1791762,424
142074981,23.1183,23.4718,423,36927,0.0844061,0.07,1,1792207,1791784,423
142077901,33.8473,32.7887,425,36984,0.0517624,0.03,1,1792248,1791823,425
142080821,37.5389,38.3155,423,37041,0.050705,0.03,1,1792288,1791865,423
142083741,16.2156,16.5262,423,37098,0.050282,0.03,1,1792290,1791867,423
142086661,29.2862,30.0105,422,37155,0.0261128,0.03,1,1792328,1791906,422
142089581,61.5145,12.0042,505,37212,0.0284451,0.03,1,1792411,1791906,505
142092501,59.4058,55.2017,479,37269,0.041378,0.05,1,1792469,1791990,479
142095421,44.1623,56.8807,455,37326,0.0225512,0.03,1,1792503,1792048,455
142098341,36.8649,43.1523,453,37383,0.0390205,0.15,1,1792535,1792082,453
142101261,28.546,34.6609,447,37440,0.0576082,0.11,1,1792558,1792111,447
142104181,27.0184,27.6644,450,37496,0.0770433,0.07,1,1792584,1792134,450
142107101,26.4074,26.6657,450,37552,0.0968173,0.07,1,1792610,1792160,450
142124621,62.032,29.2859,505,37888,0.067299,0.03,1,1792833,1792328,505
142127541,59.0128,61.5144,479,37944,0.0929196,0.05,1,1792890,1792411,479
142150901,34.4714,33.6252,464,38387,0.213678,0.11,1,1793135,1792671,464
142153821,14.9886,36.2501,428,38442,0.223471,0.11,1,1793137,1792709,428
142156741,28.1954,15.7,463,38497,0.239388,0.13,1,1793174,1792711,463
142159661,60.4782,29.08,507,38552,0.209755,0.03,1,1793256,1792749,507
142174261,28.1617,29.6008,428,38826,0.203047,0.15,1,1793410,1792982,428
142177181,28.0647,28.0403,429,38880,0.207219,0.17,1,1793438,1793009,429
142180101,30.4259,28.6161,432,38934,0.208888,0.21,1,1793470,1793038,432
142183021,24.1703,23.4465,432,38988,0.233555,0.19,1,1793490,1793058,432
142185941,36.0681,35.1786,433,39042,0.255422,0.23,1,1793534,1793101,433
142191781,15.1309,14.9886,433,39150,0.294068,0.25,1,1793570,1793137,433
142206381,30.2932,30.5106,430,39420,0.421984,0.19,1,1793782,1793352,430
142288141,28.7444,34.0665,469,40894,0.769094,0.49,2,1794728,1794259,469
142291061,29.4978,28.0266,475,40946,0.781637,0.47,2,1794758,1794283,475
142293981,33.9991,28.6106,483,40998,0.786655,0.55,2,1794795,1794312,483
142296901,26.1996,32.4443,469,41049,0.788662,0.55,2,1794816,1794347,469
142311501,60.7876,28.9498,535,41304,0.909084,0.69,2,1795022,1794487,535
142314421,62.7151,58.9799,520,41355,0.933634,0.71,2,1795086,1794566,520
142317341,26.286,61.392,459,41406,0.943453,0.71,2,1795088,1794629,459
142334861,32.7801,33.9991,461,41712,0.943011,0.79,2,1795256,1794795,461
142550941,150.732,142.955,463,20544,0.0756317,0.13,1,1797944,1797481,463
142553861,96.8928,95.582,460,20647,0.0482527,0.03,1,1798005,1797545,460
142556781,73.5571,77.8328,452,20750,0.0253011,0,1,1798063,1797611,452
142559701,45.0229,64.1331,423,20852,0.0281204,0.01,1,1798089,1797666,423
142562621,36.6091,38.2532,433,20954,0.0412482,0.01,1,1798120,1797687,433
142565541,58.4437,26.7013,487,21055,0.0824993,0.01,1,1798193,1797706,487
142568461,56.9775,59.2805,462,21156,0.0869997,0.01,1,1798249,1797787,462
142571381,94.791,117.912,425,21256,0.0347999,0.03,1,1798369,1797944,425
142574301,73.3164,83.7649,423,21356,0.01992,0.01,1,1798428,1798005,423
142577221,64.1266,68.306,423,21455,0.025968,0.03,1,1798486,1798063,423
142580141,40.6506,42.9224,422,21554,0.0163872,0.05,1,1798511,1798089,422
142583061,37.8602,35.769,427,21652,0.0245549,0.11,1,1798547,1798120,427
142585981,58.9441,58.1076,427,21750,0.051822,0.09,1,1798620,1798193,427
142588901,56.5776,56.843,426,21848,0.0507288,0,1,1798675,1798249,426
142591821,92.2311,94.7372,422,21945,0.0202915,0.01,1,1798791,1798369,422
142594741,72.2924,73.2949,422,22042,0.0141166,0.03,1,1798850,1798428,422
142597661,63.717,64.118,422,22138,0.0596466,0.01,1,1798908,1798486,422
142600581,40.4868,40.6472,422,22234,0.0418587,0.03,1,1798933,1798511,422
142603501,38.3947,37.8589,423,22329,0.0467435,0.07,1,1798970,1798547,423
142606421,59.1579,58.9436,423,22424,0.0726974,0.05,1,1799043,1798620,423
142612261,90.7053,22.631,537,22613,0.0536316,0,1,1799212,1798675,537
142615181,71.6821,78.6524,480,22707,0.0394526,0.01,1,1799271,1798791,480
142618101,64.6728,66.861,481,22800,0.0817811,0.09,1,1799331,1798850,481
142621021,39.6691,61.5444,446,22893,0.0867124,0.03,1,1799354,1798908,446
142623941,38.6677,39.6178,459,22986,0.064685,0.05,1,1799392,1798933,459
142626861,61.0671,38.0471,498,23078,0.055874,0.09,1,1799468,1798970,498
142629781,59.8268,59.0188,484,23170,0.0883496,0.15,1,1799527,1799043,484
142638541,67.0209,71.6732,486,23443,0.0591744,0.11,1,1799757,1799271,486
142641461,38.8084,64.6693,446,23533,0.0416697,0.09,1,1799777,1799331,446
142644381,37.7233,39.6677,460,23623,0.0346679,0.05,1,1799814,1799354,460
142647301,61.2893,38.6671,499,23713,0.0558672,0.05,1,1799891,1799392,499
142650221,61.7157,61.0668,485,23802,0.0763469,0.11,1,1799953,1799468,485
142661901,49.1911,67.0209,423,24156,0.210322,0.03,1,1800180,1799757,423
142664821,32.2764,38.8084,424,24244,0.210129,0.03,1,1800201,1799777,424
142667741,34.5106,37.7233,423,24331,0.210052,0.07,1,1800237,1799814,423
142670661,61.2042,61.2893,425,24418,0.246021,0.09,1,1800316,1799891,425
142673581,62.8817,61.7157,427,24505,0.272408,0.17,1,1800380,1799953,427
142676501,92.3527,89.4863,431,24591,0.282963,0.19,1,1800492,1800061,431
142694021,61.696,61.2042,433,25104,0.429943,0.29,1,1800749,1800316,433
142734901,33.7588,49.4941,474,26260,0.779241,0.63,2,1801522,1801048,474
142740741,65.4014,37.1991,536,26421,0.773879,0.67,2,1801646,1801110,536
142743661,69.3606,63.4796,527,26501,0.771551,0.69,2,1801718,1801191,527
142746581,96.1442,69.7918,567,26581,0.794621,0.71,2,1801832,1801265,567
142758261,35.5189,49.8971,484,26898,0.906758,0.81,2,1801983,1801499,484
142761181,15.4076,33.7588,463,26977,0.920703,0.83,2,1801985,1801522,463
142764101,30.163,37.5035,463,27056,0.926281,0.75,2,1802025,1801562,463
142851701,99.2425,68.0026,597,29313,0.9148,1,2,1803718,1803121,597
142854621,67.297,98.001,525,29385,0.93592,1,2,1803764,1803239,525
142883821,60.6978,67.297,469,30098,0.757744,0.87,2,1804233,1803764,469
142886741,43.4791,48.5188,465,30168,0.765098,0.63,2,1804265,1803800,465
142898421,28.5403,30.9253,455,30448,0.908114,0.65,2,1804401,1803946,455
142901341,43.2161,40.5701,461,30518,0.945246,0.63,2,1804454,1803993,461
142904261,37.6864,36.028,462,30587,0.936098,0.73,2,1804488,1804026,462
142907181,42.6746,45.6112,456,30656,0.944439,0.77,2,1804534,1804078,456
143053181,33.373,36.616,496,33936,0.799764,1,2,1806841,1806345,496
143117421,33.484,36.7012,483,35281,0.759454,0.63,2,1807752,1807269,483
143126181,83.167,40.7489,564,35461,0.796685,0.63,2,1807936,1807372,564
143140781,23.9627,32.4064,457,35758,0.912737,0.71,2,1808061,1807604,457
143143701,31.1851,34.5626,457,35817,0.911095,0.75,2,1808097,1807640,457
143146621,41.874,42.025,459,35876,0.934438,0.75,2,1808146,1807687,459
143266341,90.7395,37.3915,603,38218,0.94069,1,2,1809826,1809223,603
143269261,60.2958,86.9566,523,38273,0.916276,1,2,1809866,1809343,523
143508701,371.975,420.142,442,18980,0.2116,0.39,1,1813062,1812620,442
143514541,76.436,90.0228,437,19203,0.075856,0.01,1,1813104,1812667,437
143517461,108.574,105.609,451,19314,0.0483424,0.11,1,1813234,1812783,451
143520381,99.2298,98.0436,451,19424,0.097337,0.01,1,1813327,1812876,451
143523301,85.8919,71.0175,475,19533,0.0929348,0.03,1,1813404,1812929,475
143526221,63.1568,71.607,451,19642,0.0671739,0.01,1,1813452,1813001,451
143529141,58.2627,65.2428,445,19750,0.0688696,0.05,1,1813507,1813062,445
143532061,34.7051,39.8971,441,19857,0.0815478,0.05,1,1813526,1813085,441
143534981,91.282,27.3588,551,19964,0.0626191,0.03,1,1813655,1813104,551
143537901,95.9128,88.9435,520,20070,0.0670477,0.13,1,1813754,1813234,520
143540821,82.1651,91.3774,500,20176,0.0688191,0.09,1,1813827,1813327,500
143543741,61.066,82.751,470,20281,0.0335276,0.05,1,1813874,1813404,470
143546661,58.6264,61.9004,479,20386,0.0794111,0.07,1,1813931,1813452,479
143552501,90.5002,34.5041,551,20594,0.0499058,0.05,1,1814077,1813526,551
143555421,97.4001,91.2016,524,20697,0.0259623,0.07,1,1814179,1813655,524
143558341,82.16,95.8806,497,20799,0.0403849,0.07,1,1814251,1813754,497
143561261,59.264,82.1523,468,20901,0.046154,0.01,1,1814295,1813827,468
143564181,60.9056,61.0609,483,21002,0.0844616,0.11,1,1814357,1813874,483
143567101,25.5622,58.6244,428,21103,0.0997846,0.13,1,1814359,1813931,428
143572941,82.21,90.4999,423,21304,0.0603655,0.01,1,1814500,1814077,423
143575861,94.084,97.4,423,21404,0.0781462,0.05,1,1814602,1814179,423
143578781,81.4336,82.16,424,21503,0.0612585,0.05,1,1814675,1814251,424
143581701,57.7734,59.264,422,21602,0.0665034,0.11,1,1814717,1814295,422
143593381,78.6438,82.21,422,21992,0.0758625,0.09,1,1814922,1814500,422
143596301,93.8575,94.084,424,22088,0.096345,0.05,1,1815026,1814602,424
143602141,58.3372,57.7734,425,22280,0.0886152,0.15,1,1815142,1814717,425
143616741,94.398,73.2175,528,22752,0.0586514,0.11,1,1815450,1814922,528
143619661,82.1592,91.687,498,22845,0.0654606,0.13,1,1815524,1815026,498
143622581,58.0637,80.4748,467,22938,0.0921842,0.07,1,1815566,1815099,467
143634261,75.3248,22.2154,536,23305,0.24452,0.13,1,1815768,1815232,536
143640101,82.252,94.3945,498,23487,0.201123,0.07,1,1815948,1815450,498
143643021,59.9008,82.1578,469,23577,0.218449,0.11,1,1815993,1815524,469
143645941,67.1603,58.0631,499,23667,0.20138,0.15,1,1816065,1815566,499
143654701,80.2103,21.812,547,23935,0.238728,0.31,1,1816204,1815657,547
143657621,33.2841,75.3248,438,24024,0.269491,0.15,1,1816206,1815768,438
143660541,72.1136,93.1299,431,24112,0.281797,0.21,1,1816304,1815873,431
143669301,64.9513,67.1603,431,24375,0.401315,0.19,1,1816496,1816065,431
143672221,27.1805,28.0641,431,24462,0.418526,0.19,1,1816498,1816067,431
143675141,21.6722,22.0256,431,24549,0.40141,0.27,1,1816516,1816085,431
143733541,78.7812,73.4859,534,26221,0.926341,0.69,2,1817720,1817186,534
143847421,45.0184,51.9073,517,29206,0.768726,1,2,1819780,1819263,517
143850341,34.2074,40.5629,511,29278,0.793491,1,2,1819807,1819296,511
143853261,73.0829,35.4252,578,29350,0.779396,1,2,1819906,1819328,578
143862021,63.7413,73.2352,529,29566,0.788361,0.94,2,1820081,1819552,529
143879541,31.0095,34.2074,461,29993,0.910773,0.77,2,1820268,1819807,461
143882461,73.6038,73.0829,464,30064,0.946309,0.73,2,1820370,1819906,464
144092701,26.1836,28.0163,472,34765,0.765333,0.59,2,1823562,1823090,472
144095621,39.8735,24.4065,499,34826,0.792133,0.61,2,1823611,1823112,499
144110221,47.3533,61.6947,491,35128,0.905932,0.67,2,1823837,1823346,491
144113141,59.7413,46.2779,523,35188,0.932373,0.73,2,1823905,1823382,523
144124821,27.3054,27.9591,485,35428,0.926317,0.79,2,1824022,1823537,485
144136501,52.971,27.0198,532,35666,0.926162,0.85,2,1824193,1823661,532
144139421,22.3884,52.2079,465,35725,0.916465,0.89,2,1824195,1823730,465
144259141,40.7248,43.6178,519,38075,0.779741,1,2,1825876,1825357,519
144270821,33.3466,42.7326,500,38295,0.411593,1,1,1825992,1825492,500
144282501,49.7705,33.6236,536,38515,0.0791288,0.93,1,1826166,1825630,536
144285421,40.3082,51.2494,507,38570,0.0736515,1,1,1826200,1825693,507
144288341,19.7233,42.6998,476,38625,0.0714606,0.83,1,1826206,1825730,476
144291261,45.6893,63.2799,462,38680,0.0465842,0.83,1,1826269,1825807,462
144294181,35.6757,43.312,461,38735,0.0966337,0.73,1,1826298,1825837,461
144297101,34.6703,40.7248,456,38790,0.0926535,0.63,1,1826332,1825876,456
144300021,21.6681,28.2899,449,38844,0.0910614,0.49,1,1826345,1825896,449
144335061,34.4676,34.6703,425,39492,0.202351,0.09,1,1826757,1826332,425
144337981,22.787,21.6681,427,39545,0.21894,0.11,1,1826772,1826345,427
144340901,20.5148,20.0672,427,39598,0.213576,0.11,1,1826791,1826364,427
144343821,28.0059,29.0269,425,39651,0.22343,0.17,1,1826824,1826399,425
144346741,29.8024,28.4108,428,39704,0.203372,0.19,1,1826855,1826427,428
144349661,40.1209,38.3643,430,39757,0.219349,0.13,1,1826902,1826472,430
144352581,34.6484,34.5457,429,39810,0.24974,0.21,1,1826933,1826504,429
144355501,31.2594,29.4183,432,39863,0.297896,0.21,1,1826962,1826530,432
144393461,32.5241,34.6306,464,40546,0.417868,0.33,1,1827397,1826933,464
144466461,42.8362,41.7038,455,41830,0.779953,0.65,2,1828229,1827774,455
144469381,37.5345,37.6815,454,41880,0.797981,0.65,2,1828263,1827809,454
144472301,34.2138,34.2726,454,41930,0.781193,0.67,2,1828295,1827841,454
144475221,49.0855,48.509,455,41980,0.774477,0.65,2,1828354,1827899,455
144489821,36.95,36.6235,456,42230,0.90339,0.69,2,1828529,1828073,456
144492741,15.98,15.8494,456,42280,0.907356,0.71,2,1828531,1828075,456
144501501,27.4707,27.7264,457,42430,0.929991,0.73,2,1828604,1828147,457
144504421,29.5883,29.0905,458,42480,0.941996,0.81,2,1828635,1828177,458
144672321,325.873,349.223,475,20440,0.418,0.99,1,1830582,1830107,475
144678161,121.86,142.636,473,20647,0.07888,0.37,1,1830766,1830293,473
144681081,85.3439,94.2543,472,20750,0.073552,0.09,1,1830827,1830355,472
144684001,73.1375,89.3017,451,20852,0.0294208,0.01,1,1830892,1830441,451
144686921,64.055,65.7207,459,20954,0.0417683,0.03,1,1830950,1830491,459
144689841,46.622,57.4883,442,21055,0.0347073,0.03,1,1830985,1830543,442
144692761,30.0488,41.5953,430,21156,0.0318829,0.05,1,1831004,1830574,430
144695681,79.8195,89.2381,422,21256,0.0547532,0,1,1831117,1830695,422
144698601,75.1278,78.2953,423,21356,0.0399013,0.07,1,1831189,1830766,423
144701521,67.2511,67.9181,424,21455,0.0699605,0,1,1831251,1830827,424
144704441,65.3004,66.1672,423,21554,0.0939842,0.05,1,1831315,1830892,423
144707361,60.3202,61.2669,422,21652,0.0555937,0.03,1,1831372,1830950,422
144710281,45.7281,45.5068,423,21750,0.0282375,0.03,1,1831408,1830985,423
144713201,30.2912,29.6027,424,21848,0.029295,0.07,1,1831428,1831004,424
144716121,78.7165,79.6411,422,21945,0.029718,0.03,1,1831539,1831117,422
144719041,74.6866,75.0564,422,22042,0.0418872,0.09,1,1831611,1831189,422
144721961,69.4746,67.2226,426,22138,0.0467549,0.11,1,1831677,1831251,426
144724881,64.3899,65.289,423,22234,0.072702,0.03,1,1831738,1831315,423
144727801,59.3559,60.3156,422,22329,0.0470808,0.01,1,1831794,1831372,422
144730721,45.3424,45.7262,422,22424,0.0188323,0.03,1,1831830,1831408,422
144733641,30.7369,30.2905,423,22519,0.0135329,0.03,1,1831851,1831428,423
144736561,77.6948,12.1162,532,22613,0.0594132,0.03,1,1831960,1831428,532
144739481,74.2779,71.4465,493,22707,0.0537653,0.05,1,1832032,1831539,493
144742401,69.3112,71.7786,487,22800,0.0395061,0.05,1,1832098,1831611,487
144745321,66.7245,68.3114,486,22893,0.0338024,0.09,1,1832163,1831677,486
144751161,44.7559,59.1698,457,23078,0.0414084,0,1,1832251,1831794,457
144754081,30.5024,45.2679,442,23170,0.0345634,0.01,1,1832272,1831830,442
144757001,77.6009,30.7072,530,23261,0.0438253,0.09,1,1832381,1831851,530
144759921,74.8404,77.6829,494,23352,0.0955301,0.05,1,1832454,1831960,494
144762841,69.5362,74.2731,488,23443,0.0802121,0.03,1,1832520,1832032,488
144765761,68.6145,69.3093,490,23533,0.0380848,0.03,1,1832588,1832098,490
144768681,59.2458,66.7237,478,23623,0.0452339,0.15,1,1832641,1832163,478
144771601,42.2983,57.8895,457,23713,0.0240936,0,1,1832672,1832215,457
144774521,30.1193,44.7558,443,23802,0.0276374,0.03,1,1832694,1832251,443
144777441,78.6477,30.5023,533,23891,0.053055,0.05,1,1832805,1832272,533
144780361,77.0591,77.6009,500,23980,0.087222,0.13,1,1832881,1832381,500
144792041,55.8815,59.2458,424,24331,0.230377,0.01,1,1833065,1832641,424
144794961,39.7526,42.2983,422,24418,0.254151,0.03,1,1833094,1832672,422
144797881,29.701,30.1193,423,24505,0.20366,0.07,1,1833117,1832694,423
144803721,78.6722,77.0591,427,24677,0.252186,0.11,1,1833308,1832881,427
144806641,32.6689,32.0236,427,24763,0.250874,0.17,1,1833310,1832883,427
144809561,50.8675,50.0095,428,24849,0.28635,0.19,1,1833373,1832945,428
144815401,58.6588,55.8815,433,25019,0.287016,0.27,1,1833498,1833065,433
144844601,28.7753,40.3617,456,25853,0.408687,0.31,1,1833983,1833527,456
144847521,80.5101,28.1447,551,25935,0.445475,0.33,1,1834098,1833547,551
144882561,64.837,51.9046,522,26898,0.760632,0.63,2,1834768,1834246,522
144885481,27.1348,62.7619,454,26977,0.778253,0.65,2,1834770,1834316,454
144891321,38.1816,42.6819,456,27134,0.79772,0.69,2,1834860,1834404,456
144900081,85.0996,83.8276,458,27368,0.928254,0.69,2,1835085,1834627,458
145037321,70.7543,79.8236,480,30794,0.429051,1,1,1837447,1836967,480
145040241,51.1017,56.5294,477,30863,0.42962,0.98,1,1837485,1837008,477
145049001,43.6385,51.2819,452,31068,0.431416,0.55,1,1837622,1837170,452
145051921,38.4554,43.9128,448,31136,0.442566,0.65,1,1837657,1837209,448
145054841,33.3822,34.9651,449,31204,0.435027,0.59,1,1837687,1837238,449
145057761,27.7529,30.786,445,31272,0.444011,0.55,1,1837711,1837266,445
145265081,33.7576,41.2184,499,35758,0.9256,1,2,1840774,1840275,499
145270921,41.7612,39.2349,504,35876,0.766096,1,2,1840870,1840366,504
145288441,34.1915,35.5928,488,36229,0.241512,1,1,1841094,1840606,488
145291361,52.6766,59.8371,477,36287,0.210605,1,1,1841159,1840682,477
145300121,28.7633,33.7576,465,36461,0.215319,0.75,1,1841239,1840774,465
145314721,35.5851,39.9927,439,36751,0.201376,0.35,1,1841424,1840985,439
145317641,29.234,32.1971,437,36809,0.24255,0.27,1,1841449,1841012,437
145320561,45.2936,46.4788,437,36866,0.23502,0.19,1,1841505,1841068,437
145323481,31.9174,34.1915,434,36923,0.244008,0.19,1,1841528,1841094,434
145326401,50.567,52.6766,432,36980,0.259603,0.19,1,1841591,1841159,432
145335161,27.9803,28.7633,429,37151,0.296695,0.23,1,1841668,1841239,429
145349761,36.4603,36.0209,466,37436,0.282139,0.21,1,1841855,1841389,466
145364361,39.117,50.5625,464,37716,0.411513,0.33,1,1842055,1841591,464
145367281,27.6468,37.625,455,37772,0.422605,0.31,1,1842075,1841620,455
145370201,26.6587,26.45,462,37828,0.439042,0.29,1,1842101,1841639,462
145419841,34.0201,37.2105,449,38768,0.75678,0.53,2,1842704,1842255,449
145422761,35.2081,37.0842,448,38822,0.764712,0.53,2,1842740,1842292,448
145437361,40.9647,40.4732,452,39092,0.925907,0.61,2,1842949,1842497,452
145440281,28.9859,28.7893,452,39146,0.904363,0.63,2,1842970,1842518,452
145443201,28.9944,27.7157,454,39200,0.907745,0.69,2,1842999,1842545,454
145449041,38.2391,37.3145,457,39308,0.904839,0.71,2,1843091,1842634,457
145457801,34.9193,34.0201,459,39470,0.90583,0.77,2,1843163,1842704,459
145460721,36.1677,35.2081,460,39524,0.920332,0.83,2,1843200,1842740,460
145463641,34.2671,32.6832,462,39577,0.938133,0.87,2,1843233,1842771,462
145603801,41.1583,35.6675,497,42060,0.9028,1,2,1844992,1844495,497
145612561,28.2181,30.3387,496,42210,0.790019,1,2,1845080,1844584,496
145615481,32.2873,30.1355,501,42260,0.778008,1,2,1845115,1844614,501
145662201,30.8897,11.646,487,43052,0.439174,0.67,1,1845629,1845142,487
145665121,32.1559,25.6584,485,43101,0.433669,0.65,1,1845662,1845177,485
145668041,27.8623,28.2634,480,43150,0.419468,0.61,1,1845687,1845207,480
145670961,44.1449,26.9053,509,43199,0.425787,0.61,1,1845742,1845233,509
145676801,30.9432,33.2249,479,43297,0.443726,0.53,1,1845795,1845316,479
145741041,26.0867,28.2831,473,44358,0.756483,0.59,2,1846486,1846013,473
145743961,30.2347,25.1132,483,44406,0.752593,0.63,2,1846519,1846036,483
145746881,34.2939,29.8453,487,44454,0.775037,0.61,2,1846556,1846069,487
145749801,14.9175,32.3381,455,44501,0.784015,0.65,2,1846558,1846103,455
145752721,20.967,27.9352,455,44548,0.799606,0.65,2,1846583,1846128,455
145770241,36.6122,36.3369,457,44830,0.927074,0.73,2,1846806,1846349,457
145993621,121.755,129.076,490,22093,0.0939385,0.69,1,1849306,1848816,490
145996541,82.3019,93.0305,477,22189,0.0435754,0.43,1,1849362,1848885,477
145999461,77.3207,83.4122,474,22285,0.0594302,0.31,1,1849436,1848962,474
146002381,50.1283,66.3649,451,22380,0.0537721,0,1,1849468,1849017,451
146005301,53.6513,69.7459,435,22475,0.0215088,0.03,1,1849524,1849089,435
146008221,32.2605,42.2984,429,22569,0.0386035,0,1,1849542,1849113,429
146011141,77.7042,24.7194,524,22663,0.0214414,0.05,1,1849650,1849126,524
146014061,79.0817,71.6877,501,22757,0.0265766,0.03,1,1849730,1849229,501
146016981,63.4327,74.8751,477,22850,0.0166306,0.01,1,1849783,1849306,477
146019901,72.1731,63.55,499,22943,0.0846523,0.07,1,1849861,1849362,499
146022821,46.8692,69.82,455,23035,0.0998609,0.05,1,1849891,1849436,455
146025741,52.3477,47.128,479,23127,0.0579444,0,1,1849947,1849468,479
146028661,30.5391,52.4512,439,23219,0.0411777,0.05,1,1849963,1849524,439
146031581,77.0156,31.7805,529,23310,0.0464711,0.01,1,1850071,1849542,529
146034501,79.4063,77.5122,502,23401,0.0365884,0.03,1,1850152,1849650,502
146037421,62.9625,79.0049,474,23492,0.0326354,0.01,1,1850204,1849730,474
146040341,74.985,63.4019,504,23582,0.0670542,0.13,1,1850287,1849783,504
146043261,47.994,72.1608,456,23672,0.0688217,0.11,1,1850317,1849861,456
146046181,50.3976,46.8643,478,23762,0.0695287,0.03,1,1850369,1849891,478
146049101,29.159,52.3457,437,23851,0.0458115,0.03,1,1850384,1849947,437
146052021,76.4636,30.5383,529,23940,0.0483246,0.05,1,1850492,1849963,529
146054941,31.7854,77.0153,423,24029,0.0493298,0.03,1,1850494,1850071,423
146057861,61.3142,79.4061,423,24117,0.0497319,0.03,1,1850575,1850152,423
146060781,55.7257,62.9624,423,24205,0.0498928,0.09,1,1850627,1850204,423
146063701,72.6903,74.985,424,24293,0.0379571,0.07,1,1850711,1850287,424
146066621,47.6761,47.994,425,24380,0.0451828,0.07,1,1850742,1850317,425
146069541,49.6704,50.3976,424,24467,0.0720731,0.03,1,1850793,1850369,424
146072461,28.2682,29.159,423,24554,0.0828293,0.05,1,1850807,1850384,423
146075381,76.7073,76.4636,424,24640,0.0391317,0.05,1,1850916,1850492,424
146078301,31.8829,31.7854,424,24726,0.0216527,0.05,1,1850918,1850494,424
146081221,60.1532,61.3142,422,24812,0.0146611,0.05,1,1850997,1850575,422
146084141,55.2613,55.7257,422,24897,0.00586443,0.03,1,1851049,1850627,422
146087061,73.1045,72.6903,423,24982,0.0203458,0.05,1,1851134,1850711,423
146089981,48.4418,47.6761,424,25067,0.0741383,0.09,1,1851166,1850742,424
146107501,54.5692,24.0613,473,25570,0.0731773,0,1,1851470,1850997,473
146110421,74.0277,40.8245,508,25653,0.0832709,0.03,1,1851557,1851049,508
146113341,49.4111,67.3298,456,25736,0.0753084,0.11,1,1851590,1851134,456
146116261,52.7644,46.1319,479,25818,0.0601233,0.15,1,1851645,1851166,479
146119181,28.3058,50.2528,438,25900,0.0540493,0.15,1,1851657,1851219,438
146133781,73.2969,54.5597,510,26307,0.201337,0.09,1,1851980,1851470,510
146136701,49.7188,74.0239,457,26388,0.206535,0.07,1,1852014,1851557,457
146139621,52.2875,49.4096,478,26468,0.244614,0.05,1,1852068,1851590,478
146142541,28.115,52.7638,435,26548,0.259846,0.05,1,1852080,1851645,435
146145461,79.646,28.3055,537,26628,0.289938,0.15,1,1852194,1851657,537
146165901,52.0847,52.2875,435,27180,0.410045,0.27,1,1852503,1852068,435
146168821,28.0339,28.115,435,27258,0.434018,0.31,1,1852515,1852080,435
146218461,54.5341,30.9401,507,28550,0.767981,0.55,2,1853395,1852888,507
146221381,29.0136,47.776,460,28624,0.793193,0.59,2,1853407,1852947,460
146241821,45.7829,61.0781,492,29138,0.917953,0.73,2,1853792,1853300,492
146358621,42.5348,38.5092,512,31914,0.916,1,2,1855731,1855219,512
146364461,35.3656,41.3215,501,32046,0.94456,1,2,1855796,1855295,501
146373221,59.4074,48.5806,536,32244,0.783572,1,2,1855993,1855457,536
146443301,53.8487,53.7421,453,33783,0.76165,0.63,2,1856998,1856545,453
146446221,34.7395,34.6968,453,33846,0.79066,0.65,2,1857020,1856567,453
146457901,34.6429,34.133,458,34094,0.920001,0.73,2,1857173,1856715,458
146460821,61.8572,62.8532,456,34156,0.938,0.73,2,1857253,1856797,456
146463741,25.9429,26.3413,456,34218,0.9212,0.73,2,1857255,1856799,456
146466661,34.3771,10.5365,496,34280,0.93848,0.73,2,1857295,1856799,496
146583461,39.7748,33.3129,498,36665,0.904326,1,2,1858968,1858470,498
146595141,51.6774,58.1984,481,36895,0.764607,0.97,2,1859151,1858670,481
146598061,39.871,41.2794,483,36952,0.791843,1,2,1859183,1858700,483
146603901,34.4594,41.1647,477,37066,0.795095,0.97,2,1859255,1858778,477
146606821,31.7837,36.2659,474,37123,0.768038,0.99,2,1859285,1858811,474
146630181,48.632,45.1122,516,37576,0.785204,0.73,2,1859611,1859095,516
146653541,39.3043,34.5301,499,38024,0.922696,0.73,2,1859893,1859394,499
146834581,33.5232,35.4427,517,41325,0.913829,1,2,1862203,1861686,517
146922181,33.4385,32.4591,450,42831,0.756504,0.59,2,1863185,1862735,450
146925101,27.1754,26.1836,451,42880,0.776602,0.61,2,1863208,1862757,451
146928021,22.2702,23.0735,449,42929,0.772641,0.55,2,1863227,1862778,449
146930941,28.1081,28.4294,449,42978,0.771056,0.59,2,1863259,1862810,449
146933861,30.4432,29.3718,451,43027,0.770423,0.59,2,1863291,1862840,451
146945541,43.0433,31.0639,499,43223,0.769915,0.61,2,1863438,1862939,499
146968901,21.9452,27.1747,476,43613,0.901162,0.77,2,1863684,1863208,476
146971821,27.9781,22.2699,489,43661,0.918465,0.77,2,1863716,1863227,489
146974741,30.3912,28.1079,489,43709,0.937386,0.77,2,1863748,1863259,489
146977661,30.1565,30.4432,487,43757,0.944954,0.73,2,1863778,1863291,487
147187901,38.3375,37.2017,526,47101,0.913264,1,2,1866151,1865625,526
147196661,31.0376,23.2129,543,47236,0.763329,1,2,1866247,1865704,543
147217101,32.4494,32.7511,495,47547,0.408693,1,1,1866431,1865936,495
147220021,29.1798,35.9004,484,47591,0.421477,1,1,1866458,1865974,484
147222941,26.6719,36.5602,472,47635,0.402591,0.96,1,1866483,1866011,472
147240461,34.4859,37.094,462,47899,0.264929,0.71,1,1866682,1866220,462
147243381,27.5944,31.0376,458,47943,0.255972,0.63,1,1866705,1866247,458
147246301,22.4377,26.215,454,47987,0.288389,0.69,1,1866724,1866270,454
147281341,31.3089,34.7868,433,48514,0.424789,0.31,1,1867050,1866617,433
147284261,30.5235,30.7147,435,48557,0.439916,0.23,1,1867080,1866645,435
147366021,26.484,27.3788,472,49757,0.760126,0.51,2,1867835,1867363,472
147368941,31.5936,26.5515,481,49799,0.778051,0.51,2,1867870,1867389,481
147386461,23.6463,27.944,472,50051,0.905051,0.63,2,1868056,1867584,472
147389381,19.6585,23.1776,469,50093,0.90802,0.61,2,1868073,1867604,469
147682841,166.801,179.316,457,24905,0.24616,0.49,1,1871185,1870728,457
147685761,72.1204,81.9262,449,24990,0.200464,0.51,1,1871194,1870745,449
147703281,56.4157,69.6892,439,25495,0.219661,0.13,1,1871527,1871088,439
147706201,74.1663,73.4757,449,25578,0.261864,0.17,1,1871613,1871164,449
147709121,35.0665,41.9903,437,25661,0.254746,0.17,1,1871622,1871185,437
147712041,25.4266,22.1961,447,25744,0.287898,0.17,1,1871641,1871194,447
147714961,29.3706,20.2784,460,25826,0.289159,0.17,1,1871673,1871213,460
147723721,80.0477,65.5698,517,26072,0.438746,0.17,1,1871915,1871398,517
147758761,20.0384,37.523,448,27032,0.752677,0.51,2,1872507,1872059,448
147761681,21.2154,26.4092,451,27110,0.751071,0.59,2,1872529,1872078,451
147767521,63.8745,63.5055,453,27266,0.764571,0.65,2,1872649,1872196,453
147770441,69.3498,68.0022,455,27344,0.791829,0.71,2,1872722,1872267,455
147785041,20.7213,20.0384,459,27729,0.90111,0.75,2,1872966,1872507,459
147787961,20.2885,21.2154,457,27805,0.942444,0.71,2,1872986,1872529,457
147790881,27.3154,27.6861,457,27881,0.946978,0.79,2,1873018,1872561,457
147793801,64.9262,63.8745,459,27957,0.948791,0.81,2,1873108,1872649,459
147796721,70.3705,69.3498,460,28033,0.949516,0.81,2,1873182,1872722,460
147799641,85.1482,84.7399,460,28109,0.937807,0.85,2,1873277,1872817,460
147901841,34.4396,21.9747,512,30635,0.232152,1,1,1874986,1874474,512
147910601,69.6441,82.2864,471,30842,0.0412577,0.95,1,1875171,1874700,471
147913521,61.4577,67.1146,470,30911,0.0165031,0.69,1,1875227,1874757,470
147916441,64.7831,76.6458,454,30979,0.0366012,0.67,1,1875294,1874840,454
147919361,40.9132,46.8583,452,31047,0.0446405,0.57,1,1875319,1874867,452
147922281,22.9653,27.7433,448,31115,0.0478562,0.41,1,1875330,1874882,448
147925201,29.5861,34.4973,443,31183,0.0851425,0.31,1,1875364,1874921,443
147928121,23.8344,30.5989,435,31251,0.088057,0.13,1,1875384,1874949,435
147931041,28.7338,34.4396,430,31319,0.0892228,0.13,1,1875416,1874986,430
147936881,55.5974,23.5103,500,31454,0.0826757,0.05,1,1875516,1875016,500
147939801,68.439,56.8041,498,31521,0.0330703,0,1,1875593,1875095,498
147942721,60.3756,68.3217,477,31588,0.0432281,0,1,1875648,1875171,477
147945641,64.3502,60.9287,488,31655,0.0592912,0.05,1,1875715,1875227,488
147948561,41.3401,64.5715,447,31722,0.0537165,0.05,1,1875741,1875294,447
147951481,22.536,40.8286,432,31789,0.0514866,0.05,1,1875751,1875319,432
147954401,31.2144,22.9314,458,31856,0.0745946,0.11,1,1875788,1875330,458
147957321,24.4858,29.5726,444,31922,0.0958379,0.09,1,1875808,1875364,444
147971921,58.9912,68.4388,476,32252,0.092575,0.05,1,1876069,1875593,476
147974841,65.5965,60.3755,491,32318,0.07903,0.07,1,1876139,1875648,491
147977761,41.2386,64.3502,449,32383,0.061612,0.05,1,1876164,1875715,449
147980681,24.2954,41.3401,436,32448,0.0666448,0.05,1,1876177,1875741,436
147983601,31.3182,22.536,462,32513,0.0806579,0.09,1,1876213,1875751,462
147986521,25.7273,31.2144,447,32578,0.0862632,0.11,1,1876235,1875788,447
148006961,65.0798,65.5965,425,33030,0.203656,0.05,1,1876564,1876139,425
148009881,40.4319,41.2386,424,33094,0.219463,0.07,1,1876588,1876164,424
148012801,24.5728,24.2954,425,33158,0.213785,0.09,1,1876602,1876177,425
148015721,32.0291,31.3182,426,33222,0.223514,0.09,1,1876639,1876213,426
148018641,26.6116,25.7273,427,33286,0.239406,0.13,1,1876662,1876235,427
148021561,30.4447,29.4909,428,33350,0.257762,0.13,1,1876695,1876267,428
148033241,61.8114,61.7486,429,33602,0.426551,0.21,1,1876868,1876439,429
148103321,67.2957,59.1938,522,35081,0.768605,0.61,2,1877889,1877367,522
148106241,41.3183,66.2775,475,35141,0.793442,0.59,2,1877913,1877438,475
148126681,55.1882,13.4887,536,35561,0.900355,0.69,2,1878144,1877608,536
148129601,65.2753,53.9955,527,35620,0.918142,0.67,2,1878216,1877689,527
148132521,61.5101,63.5982,516,35679,0.925257,0.73,2,1878275,1877759,516
148135441,25.804,60.2393,460,35738,0.928103,0.81,2,1878277,1877817,460
148339841,160.416,156.802,470,17761,0.0744413,0.09,1,1881148,1880678,470
148342761,110.366,119.121,453,17881,0.0597765,0.01,1,1881225,1880772,453
148345681,81.3466,83.6483,455,18000,0.0659106,0.05,1,1881287,1880832,455
148348601,47.5386,53.8593,446,18118,0.0563642,0.03,1,1881312,1880866,446
148351521,37.0154,42.5437,441,18235,0.0525457,0.05,1,1881342,1880901,441
148354441,62.8062,74.0175,426,18351,0.0270183,0.01,1,1881422,1880996,426
148357361,114.522,120.807,423,18467,0.0408073,0.05,1,1881571,1881148,423
148360281,93.209,94.5228,425,18582,0.0343229,0.07,1,1881650,1881225,425
148363201,76.8836,75.0091,429,18696,0.0557292,0.05,1,1881716,1881287,429
148366121,42.7534,45.0036,424,18810,0.0642917,0.05,1,1881736,1881312,424
148369041,35.1014,36.0015,424,18923,0.0677167,0.01,1,1881766,1881342,424
148371961,60.8406,62.4006,422,19035,0.0810867,0.05,1,1881844,1881422,422
148374881,113.736,114.36,422,19146,0.0504347,0.03,1,1881993,1881571,422
148377801,94.0945,93.1441,424,19257,0.0381739,0.07,1,1882074,1881650,424
148380721,76.6378,76.8576,423,19367,0.0212695,0.07,1,1882139,1881716,423
148383641,42.6551,42.7431,423,19477,0.0505078,0.07,1,1882159,1881736,423
148386561,35.662,35.0972,424,19586,0.0622031,0.07,1,1882190,1881766,424
148389481,61.6648,14.0389,503,19694,0.0788812,0.09,1,1882269,1881766,503
148392401,111.666,52.4156,570,19802,0.0315525,0.03,1,1882414,1881844,570
148395321,93.8664,110.366,503,19909,0.042621,0.03,1,1882496,1881993,503
148398241,75.9465,92.7465,486,20016,0.0350484,0.01,1,1882560,1882074,486
148401161,42.9786,76.0986,442,20122,0.0560194,0.07,1,1882581,1882139,442
148404081,36.9914,42.4394,455,20227,0.0764077,0.07,1,1882614,1882159,455
148409921,110.919,61.6303,568,20436,0.0974252,0,1,1882837,1882269,568
148427441,110.944,62.7964,569,21051,0.21632,0.09,1,1883263,1882694,569
148430361,45.5775,110.919,428,21152,0.236528,0.17,1,1883265,1882837,428
148433281,68.031,94.1674,428,21252,0.244611,0.13,1,1883348,1882920,428
148436201,64.4124,74.867,428,21352,0.295845,0.15,1,1883410,1882982,428
148447881,112.851,110.944,434,21746,0.420134,0.25,1,1883697,1883263,434
148450801,46.3402,45.5775,434,21844,0.438053,0.25,1,1883699,1883265,434
148453721,68.3361,68.031,434,21941,0.445221,0.33,1,1883782,1883348,434
148488761,116.386,65.2183,595,23074,0.770945,0.57,2,1884586,1883991,595
148491681,47.7542,114.887,449,23166,0.794378,0.57,2,1884588,1884139,449
148500441,43.4723,67.3048,478,23440,0.92564,0.63,2,1884769,1884291,478
148503361,38.9889,42.5219,488,23530,0.940256,0.63,2,1884805,1884317,488
148506281,69.5956,37.4088,544,23620,0.946102,0.77,2,1884895,1884351,544
148614321,48.9514,65.1729,511,26737,0.401373,1,1,1887142,1886631,511
148617241,45.9805,51.8692,512,26816,0.250549,1,1,1887186,1886674,512
148623081,36.2769,35.2991,517,26974,0.0796879,1,1,1887254,1886737,517
148626001,31.3108,35.7196,509,27053,0.0618751,0.78,1,1887282,1886773,509
148658121,50.9387,50.7297,426,27902,0.0940989,0.09,1,1887867,1887441,426
148687321,56.7673,49.6363,484,28651,0.204146,0.13,1,1888351,1887867,484
148690241,49.7069,55.2545,470,28725,0.219658,0.13,1,1888396,1887926,470
148693161,41.4828,47.9018,463,28799,0.237863,0.13,1,1888432,1887969,463
148696081,37.5931,41.9607,460,28873,0.269145,0.15,1,1888467,1888007,460
148699001,32.4372,37.1843,455,28946,0.281658,0.15,1,1888496,1888041,455
148701921,31.5749,31.0737,459,29019,0.298663,0.19,1,1888527,1888068,459
148722361,38.6246,41.4827,470,29526,0.407418,0.29,1,1888902,1888432,470
148725281,32.8498,37.5931,464,29598,0.444967,0.29,1,1888931,1888467,464
148774921,49.1185,48.1039,451,30791,0.759608,0.61,2,1889721,1889270,451
148777841,43.0474,42.6415,451,30860,0.789843,0.63,2,1889760,1889309,451
148804121,50.7232,42.3985,507,31472,0.910434,0.79,2,1890179,1889672,507
148970561,34.3455,32.535,506,35099,0.941585,0.99,2,1892674,1892168,506
148973481,34.7382,34.614,505,35159,0.946634,1,2,1892709,1892204,505
148976401,39.0953,34.8456,512,35219,0.924654,0.99,2,1892751,1892239,512
148979321,96.0381,40.3382,602,35279,0.927861,0.95,2,1892885,1892283,602
149122401,57.7674,89.8796,525,38106,0.917698,1,2,1894838,1894313,525
149128241,34.0828,44.0207,511,38216,0.944832,1,2,1894898,1894387,511
149328261,186.913,189.653,513,19092,0.295293,0.97,1,1897483,1896970,513
149334101,118.706,88.3044,556,19314,0.0964468,0.79,1,1897670,1897114,556
149339941,74.073,104.969,458,19533,0.0958315,0.41,1,1897802,1897344,458
149354541,80.7428,99.3597,493,20070,0.0733941,0.11,1,1898163,1897670,493
149357461,71.2971,79.9439,491,20176,0.0833576,0.09,1,1898228,1897737,491
149360381,41.1189,70.9775,447,20281,0.0753431,0.13,1,1898249,1897802,447
149369141,97.2876,62.6946,549,20594,0.209542,0.07,1,1898518,1897969,549
149372061,79.715,101.278,490,20697,0.245817,0.05,1,1898586,1898096,490
149374981,72.086,80.7111,490,20799,0.260327,0.09,1,1898653,1898163,490
149377901,41.4344,71.2844,446,20901,0.278131,0.07,1,1898674,1898228,446
149386661,47.6518,63.2182,432,21204,0.40156,0.23,1,1898830,1898398,432
149427541,48.2644,48.2425,449,22564,0.78099,0.57,2,1899721,1899272,449
149436301,73.1689,76.4075,521,22845,0.798063,0.73,2,1899992,1899471,521
149439221,42.4676,70.163,477,22938,0.793225,0.73,2,1900014,1899537,477
149450901,98.7528,48.217,592,23305,0.945795,0.83,2,1900313,1899721,592
149494701,99.612,101.788,480,24635,0.946,1,2,1901263,1900783,480
149518061,106.461,99.612,498,25315,0.909965,1,2,1901761,1901263,498
149523901,45.3537,54.5779,485,25482,0.753994,1,2,1901831,1901346,485
149558941,45.1153,75.0933,477,26463,0.761389,0.53,2,1902490,1902013,477
149561861,40.8461,49.2373,483,26543,0.766556,0.51,2,1902528,1902045,483
149570621,40.5822,63.1032,479,26782,0.91714,0.63,2,1902742,1902263,479
149573541,43.8329,41.4413,498,26861,0.948856,0.67,2,1902788,1902290,498
149702021,62.1701,63.0621,486,30134,0.915998,0.99,2,1905083,1904597,486
149722461,36.2492,33.5327,502,30622,0.285852,1,1,1905370,1904868,502
149725381,36.6997,33.8131,505,30691,0.240341,1,1,1905407,1904902,505
149742901,37.3484,44.3932,439,31102,0.216053,0.33,1,1905704,1905265,439
149745821,36.5394,40.5573,437,31170,0.248421,0.31,1,1905740,1905303,437
149748741,32.0157,33.6229,437,31238,0.249369,0.25,1,1905769,1905332,437
149751661,32.6063,36.2492,432,31306,0.261747,0.25,1,1905802,1905370,432
149754581,33.4425,14.4997,466,31374,0.266699,0.21,1,1905836,1905370,466
149757501,81.177,27.9999,542,31441,0.28068,0.15,1,1905949,1905407,542
149760421,52.8708,80.1999,461,31508,0.286272,0.17,1,1905983,1905522,461
149763341,47.5483,51.28,473,31575,0.288509,0.19,1,1906027,1905554,473
149775021,36.622,37.3128,468,31843,0.406218,0.27,1,1906172,1905704,468
149777941,32.6488,36.5251,462,31909,0.432487,0.25,1,1906202,1905740,462
149780861,32.2595,32.01,465,31975,0.442995,0.27,1,1906234,1905769,465
149783781,34.5038,32.604,468,32041,0.447198,0.27,1,1906270,1905802,468
149827581,40.4059,42.6001,451,33017,0.780096,0.59,2,1906952,1906501,451
149830501,34.1624,35.04,451,33081,0.798038,0.63,2,1906982,1906531,451
149833421,44.2649,42.816,454,33145,0.793215,0.67,2,1907033,1906579,454
149842181,32.881,32.5962,456,33337,0.784926,0.69,2,1907133,1906677,456
149845101,34.7524,34.6385,456,33400,0.79997,0.67,2,1907169,1906713,456
149859701,42.3597,40.4059,462,33715,0.929148,0.81,2,1907414,1906952,462
149862621,34.9439,34.1624,462,33778,0.941659,0.79,2,1907444,1906982,462
149982341,51.5677,50.4547,484,36254,0.946,1,2,1909198,1908714,484
149985261,41.0271,34.5819,494,36312,0.9304,1,2,1909232,1908738,494
149988181,38.6108,37.2328,492,36370,0.90616,1,2,1909269,1908777,492
149994021,41.2177,35.5972,498,36486,0.762986,1,2,1909343,1908845,498
150011541,30.4013,33.548,489,36833,0.441171,1,1,1909544,1909055,489
150043661,32.5585,35.6253,476,37459,0.414484,0.41,1,1909958,1909482,476
150046581,29.8234,35.2501,469,37515,0.423794,0.43,1,1909986,1909517,469
150107901,27.3895,33.8778,453,38680,0.773912,0.67,2,1910756,1910303,453
150110821,25.9558,27.3511,455,38735,0.795565,0.67,2,1910781,1910326,455
150125421,44.2395,43.9946,458,39006,0.9023,0.73,2,1911014,1910556,458
150128341,34.4958,34.3979,458,39060,0.94292,0.75,2,1911042,1910584,458
150280181,55.5068,52.2353,497,41779,0.945929,1,2,1912925,1912428,497
150288941,28.0564,33.1031,494,41930,0.785099,1,2,1913019,1912525,494
150318141,46.075,51.767,465,42430,0.797612,0.91,2,1913332,1912867,465
150338581,30.2346,31.0996,454,42778,0.900698,0.75,2,1913581,1913127,454
150341501,26.4938,25.6398,456,42827,0.906279,0.75,2,1913605,1913149,456
150344421,21.3975,19.8559,458,42876,0.908512,0.69,2,1913623,1913165,458
150350261,29.5836,30.297,457,42974,0.924162,0.73,2,1913687,1913230,457
150353181,25.6334,24.7188,459,43023,0.927665,0.73,2,1913710,1913251,459
150356101,21.0534,9.88751,477,43072,0.905066,0.77,2,1913728,1913251,477
150361941,51.8485,43.702,517,43170,0.904411,0.85,2,1913849,1913332,517
150364861,42.9394,51.0808,498,43219,0.931764,0.85,2,1913886,1913388,498
150598461,67.2432,83.0062,427,21958,0.220718,0.07,1,1916749,1916322,427
150601381,75.4973,82.4025,426,22055,0.298287,0.19,1,1916830,1916404,426
150615981,32.3561,31.1894,431,22532,0.40083,0.15,1,1917089,1916658,431
150618901,68.1425,12.4758,523,22626,0.418332,0.27,1,1917181,1916658,523
150621821,78.257,59.5903,517,22720,0.449333,0.35,1,1917266,1916749,517
150651021,76.8696,64.7203,530,23636,0.797764,0.53,2,1917925,1917395,530
150668541,71.8341,73.9347,459,24169,0.909786,0.79,2,1918239,1917780,459
150671461,67.1336,66.1739,462,24257,0.945914,0.83,2,1918303,1917841,462
150785341,49.4569,41.65,495,27457,0.79096,1,2,1920528,1920033,495
150797021,60.3829,55.7478,492,27764,0.210665,1,1,1920782,1920290,492
150811621,43.3527,49.4569,456,28143,0.0947684,0.49,1,1920984,1920528,456
150826221,35.3294,46.4732,451,28517,0.210241,0.17,1,1921233,1920782,451
150832061,59.5327,23.0357,510,28665,0.229239,0.09,1,1921333,1920823,510
150834981,42.4131,60.8143,455,28739,0.253695,0.09,1,1921364,1920909,455
150837901,42.7652,43.5257,466,28813,0.251478,0.09,1,1921407,1920941,466
150840821,49.5061,43.2103,477,28886,0.274591,0.19,1,1921461,1920984,477
150843741,67.2024,46.6841,507,28959,0.295837,0.23,1,1921540,1921033,507
150916741,64.5863,63.7269,456,30733,0.751004,0.69,2,1922671,1922215,456
150919661,45.0345,44.6907,456,30802,0.786402,0.73,2,1922703,1922247,456
150922581,43.2138,43.0763,456,30871,0.776561,0.69,2,1922745,1922289,456
150928421,70.6342,69.2922,457,31008,0.90545,0.73,2,1922886,1922429,457
150931341,54.0537,52.9169,458,31076,0.94418,0.71,2,1922929,1922471,458
150945941,64.5826,12.1463,554,31415,0.937374,0.77,2,1923128,1922574,554
151051061,68.4157,71.5645,485,33753,0.928048,1,2,1924787,1924302,485
151065661,36.5297,30.7376,498,34065,0.434274,1,1,1925014,1924516,498
151074421,34.3299,32.4952,493,34251,0.280514,0.97,1,1925108,1924615,493
151077341,31.732,12.9981,523,34313,0.250205,1,1,1925138,1924615,523
151080261,38.4928,20.7992,540,34375,0.202082,0.98,1,1925181,1924641,540
151094861,38.0252,46.7307,484,34681,0.236837,0.43,1,1925425,1924941,484
151097781,32.6101,43.2923,472,34742,0.208735,0.37,1,1925454,1924982,472
151100701,31.044,36.5169,470,34803,0.221494,0.37,1,1925484,1925014,470
151103621,22.0176,33.8068,454,34864,0.226598,0.33,1,1925500,1925046,454
151106541,31.007,27.3227,468,34925,0.216639,0.23,1,1925537,1925069,468
151109461,29.2028,34.3291,457,34986,0.212656,0.23,1,1925565,1925108,457
151112381,38.6811,31.7316,472,35046,0.259062,0.17,1,1925610,1925138,472
151118221,42.069,56.7971,460,35166,0.40505,0.11,1,1925710,1925250,460
151121141,66.0276,42.5188,509,35226,0.43202,0.19,1,1925792,1925283,509
151199981,32.7949,32.0813,446,36813,0.759581,0.55,2,1926778,1926332,446
151226261,70.4876,40.607,537,37326,0.903937,0.71,2,1927137,1926600,537
151229181,44.995,66.0428,482,37383,0.931575,0.71,2,1927165,1926683,482
151383941,29.9714,42.1312,483,40270,0.902329,0.87,2,1929127,1928644,483
151635061,37.0524,33.3166,530,44551,0.94264,1,2,1932143,1931613,530
151637981,26.221,36.1266,511,44598,0.935056,1,2,1932162,1931651,511
151643821,33.8354,38.6603,502,44692,0.750809,1,2,1932230,1931728,502
151664261,29.8686,27.0226,504,45021,0.414057,1,1,1932460,1931956,504
151670101,26.379,31.4436,487,45115,0.240249,0.99,1,1932511,1932024,487
151673021,26.7516,39.5774,469,45162,0.2341,0.94,1,1932538,1932069,469
151678861,34.6403,37.0524,466,45256,0.0590559,0.93,1,1932609,1932143,466
151681781,24.6561,26.221,465,45303,0.0416224,0.73,1,1932627,1932162,465
151684701,26.6624,29.0884,462,45350,0.016649,0.71,1,1932655,1932193,462
151687621,31.665,33.8354,460,45397,0.0246596,0.69,1,1932690,1932230,460
151690541,29.466,32.1341,457,45443,0.0278638,0.63,1,1932718,1932261,457
151693461,29.7864,33.8537,452,45489,0.0291455,0.63,1,1932748,1932296,452
151696381,33.5146,35.7415,451,45535,0.0416582,0.61,1,1932784,1932333,451
151699301,34.4058,34.6966,452,45581,0.0226633,0.51,1,1932819,1932367,452
151702221,29.3623,33.6786,445,45627,0.0390653,0.43,1,1932845,1932400,445
151705141,28.5449,32.6715,441,45673,0.0696261,0.37,1,1932873,1932432,441
151708061,25.818,29.8686,437,45719,0.0818505,0.25,1,1932897,1932460,437
151710981,25.3272,26.9474,437,45765,0.0867402,0.19,1,1932922,1932485,437
151713901,21.5309,26.379,430,45811,0.0646961,0.23,1,1932941,1932511,430
151716821,24.2124,26.7516,429,45857,0.0558784,0.09,1,1932967,1932538,429
151719741,27.6849,31.1006,425,45903,0.0523514,0,1,1932997,1932572,425
151722661,32.074,34.6403,423,45949,0.0209405,0,1,1933032,1932609,423
151725581,23.0296,13.8561,440,45995,0.0263762,0.03,1,1933049,1932609,440
151728501,25.4118,16.3424,449,46041,0.0405505,0,1,1933076,1932627,449
151731421,31.1647,23.337,456,46087,0.0582202,0.03,1,1933111,1932655,456
151734341,29.2659,30.3348,449,46133,0.0412881,0.03,1,1933139,1932690,449
151737261,29.7064,28.9339,451,46179,0.0345152,0.03,1,1933169,1932718,451
151740181,34.0825,29.5736,458,46225,0.0318061,0.05,1,1933206,1932748,458
151743101,34.033,33.4294,456,46271,0.0667224,0.01,1,1933240,1932784,456
151746021,29.2132,34.3718,447,46317,0.068689,0.05,1,1933266,1932819,447
151748941,29.0853,29.3487,450,46363,0.0694756,0.09,1,1933295,1932845,450
151751861,27.2341,28.5395,448,46408,0.0457902,0.09,1,1933321,1932873,448
151754781,25.2936,25.8158,448,46453,0.0483161,0.09,1,1933345,1932897,448
151757701,21.5175,25.3263,442,46498,0.0853264,0.05,1,1933364,1932922,442
151766461,30.8731,27.6849,456,46633,0.0724209,0,1,1933453,1932997,456
151769381,24.3492,32.074,441,46678,0.0469684,0.03,1,1933473,1933032,441
151772301,25.3397,23.0296,450,46723,0.0607873,0.05,1,1933499,1933049,450
151775221,29.9359,25.4118,456,46768,0.0663149,0.07,1,1933532,1933076,456
151778141,29.3744,31.1647,450,46813,0.056526,0.03,1,1933561,1933111,450
151781061,29.1497,29.2659,451,46858,0.0406104,0.03,1,1933590,1933139,451
151783981,35.0599,29.7064,460,46903,0.0222442,0.03,1,1933629,1933169,460
151786901,34.424,34.0825,457,46948,0.0268977,0.09,1,1933663,1933206,457
151789821,29.3696,34.033,449,46993,0.0647591,0.07,1,1933689,1933240,449
151792741,29.7478,29.2132,453,47038,0.0559036,0.07,1,1933719,1933266,453
151795661,26.2991,29.0853,448,47083,0.0523615,0.03,1,1933743,1933295,448
151798581,26.1197,27.2341,448,47128,0.0749446,0.05,1,1933769,1933321,448
151801501,23.0479,25.2936,445,47173,0.0959778,0.11,1,1933790,1933345,445
151813181,23.7884,30.8731,442,47353,0.092361,0.03,1,1933895,1933453,442
151816101,10.7154,24.3492,424,47398,0.0789444,0.07,1,1933897,1933473,424
151819021,21.0861,25.3397,426,47442,0.0735778,0.07,1,1933925,1933499,426
151821941,28.8345,29.9359,427,47486,0.0714311,0.05,1,1933959,1933532,427
151824861,26.5338,29.3744,423,47530,0.0825724,0.03,1,1933984,1933561,423
151827781,28.0135,29.1497,423,47574,0.051029,0.01,1,1934013,1933590,423
151830701,35.2054,35.0599,424,47618,0.0504116,0.03,1,1934053,1933629,424
151833621,33.8822,34.424,423,47662,0.0621646,0.09,1,1934086,1933663,423
151836541,29.7529,29.3696,424,47706,0.0908659,0.05,1,1934113,1933689,424
151839461,29.9011,29.7478,424,47750,0.0903463,0.05,1,1934143,1933719,424
151856981,28.2255,27.9711,428,48014,0.229447,0.07,1,1934302,1933874,428
151859901,22.0902,23.7884,425,48058,0.241779,0.07,1,1934320,1933895,425
151862821,10.0361,10.7154,425,48102,0.246712,0.07,1,1934322,1933897,425
151865741,20.8144,21.0861,425,48146,0.224685,0.07,1,1934350,1933925,425
151868661,28.7258,28.8345,425,48190,0.251874,0.09,1,1934384,1933959,425
151871581,25.8903,26.5338,424,48234,0.26275,0.03,1,1934408,1933984,424
151874501,27.7561,28.0135,424,48278,0.2791,0.05,1,1934437,1934013,424
151877421,35.1024,35.2054,424,48322,0.27364,0.07,1,1934477,1934053,424
151880341,33.841,33.8822,424,48366,0.295456,0.11,1,1934510,1934086,424
151883261,30.3364,29.7529,425,48410,0.280182,0.09,1,1934538,1934113,425
151886181,30.7346,29.9011,426,48454,0.286073,0.13,1,1934569,1934143,426
151929981,30.4157,33.7131,462,49099,0.405623,0.27,1,1934972,1934510,462
151932901,30.1663,30.2852,464,49142,0.432249,0.29,1,1935002,1934538,464
151982541,28.5387,30.1663,471,49867,0.753753,0.49,2,1935473,1935002,471
151985461,33.0155,27.6665,481,49909,0.763501,0.49,2,1935509,1935028,481
151988381,25.2062,31.4666,467,49951,0.767401,0.55,2,1935529,1935062,467
151991301,28.6825,25.1866,477,49993,0.76896,0.53,2,1935560,1935083,477
151994221,31.273,26.8747,482,50035,0.793584,0.57,2,1935593,1935111,482
152040941,28.7057,28.6825,460,50707,0.912162,0.81,2,1936020,1935560,460
152046781,32.1929,30.5092,464,50791,0.929546,0.85,2,1936087,1935623,464
152055541,21.0683,21.5606,463,50914,0.943411,0.85,2,1936135,1935672,463
152270161,304.633,352.697,437,24820,0.233079,0.03,1,1938608,1938171,437
152278921,176.453,201.679,427,24820,0.0992315,0.07,1,1938699,1938272,427
152321261,76.2325,59.6286,459,24905,0.060277,0.05,1,1938809,1938350,459
152324181,59.293,64.6514,439,24990,0.0421108,0.09,1,1938857,1938418,439
152327101,55.5172,51.0606,450,25075,0.0348443,0.03,1,1938910,1938460,450
152330021,54.6069,69.6242,422,25160,0.0439377,0.01,1,1938964,1938542,422
152332941,35.0428,40.4497,423,25244,0.0835751,0.05,1,1938986,1938563,423
152335861,34.4171,26.3799,440,25328,0.06343,0.07,1,1939020,1938580,440
152338781,56.9668,27.352,484,25412,0.067372,0.01,1,1939092,1938608,484
152341701,54.5867,65.5408,446,25495,0.0689488,0.11,1,1939145,1938699,446
152344621,73.4347,56.2163,482,25578,0.0455795,0.03,1,1939231,1938749,482
152347541,58.7739,58.4865,471,25661,0.0482318,0.03,1,1939280,1938809,471
152350461,54.1096,52.1946,474,25744,0.0492927,0.03,1,1939331,1938857,474
152353381,55.8438,52.6778,478,25826,0.0377171,0.05,1,1939388,1938910,478
152356301,34.3375,53.4711,444,25908,0.0330868,0.11,1,1939408,1938964,444
152359221,35.935,34.5885,459,25990,0.0432347,0.05,1,1939445,1938986,459
152362141,56.974,34.2354,496,26072,0.0592939,0.07,1,1939516,1939020,496
152365061,53.3896,56.8942,475,26153,0.0777176,0.07,1,1939567,1939092,475
152367981,74.1558,54.5577,510,26234,0.049087,0.03,1,1939655,1939145,510
152370901,57.8623,73.4231,471,26315,0.0496348,0.05,1,1939702,1939231,471
152373821,54.3449,58.7692,474,26396,0.0378539,0.05,1,1939754,1939280,474
152376741,55.338,54.1077,479,26476,0.0571416,0.03,1,1939810,1939331,479
152379661,34.1352,55.8431,442,26556,0.0648566,0.03,1,1939830,1939388,442
152382581,36.4541,34.3372,460,26636,0.0559427,0.05,1,1939868,1939408,460
152385501,57.7816,35.9349,495,26716,0.0883771,0.07,1,1939940,1939445,495
152400101,46.3232,54.3449,423,27110,0.23815,0.07,1,1940177,1939754,423
152403021,53.3293,55.338,425,27188,0.28126,0.07,1,1940235,1939810,425
152405941,33.3317,34.1352,425,27266,0.274504,0.05,1,1940255,1939830,425
152408861,35.5327,36.4541,424,27344,0.295802,0.11,1,1940292,1939868,424
152429301,54.9197,53.3293,435,27881,0.407581,0.27,1,1940670,1940235,435
152432221,33.9679,33.3317,435,27957,0.433032,0.31,1,1940690,1940255,435
152435141,35.7871,35.5327,435,28033,0.407213,0.33,1,1940727,1940292,435
152438061,60.5149,59.8131,436,28109,0.432885,0.31,1,1940804,1940368,436
152481861,58.4075,46.3976,515,29219,0.756212,0.59,2,1941562,1941047,515
152484781,35.963,56.959,472,29291,0.752485,0.63,2,1941583,1941111,472
152487701,36.5852,34.7836,489,29363,0.786994,0.63,2,1941620,1941131,489
152502301,43.4268,32.8675,507,29722,0.90444,0.71,2,1941904,1941397,507
152505221,47.3707,42.547,508,29793,0.931776,0.75,2,1941954,1941446,508
152508141,20.1483,47.0188,460,29864,0.94271,0.77,2,1941956,1941496,460
152619101,48.9421,50.5416,513,32448,0.906736,1,2,1943805,1943292,513
152636621,27.4537,33.1225,496,32838,0.245701,1,1,1944007,1943511,496
152639541,49.3815,57.049,487,32902,0.23628,0.99,1,1944071,1943584,487
152645381,65.861,74.8878,471,33030,0.0750049,0.95,1,1944191,1943720,471
152648301,47.3444,53.3551,467,33094,0.0600019,0.87,1,1944226,1943759,467
152651221,43.5378,48.9421,462,33158,0.0420008,0.75,1,1944267,1943805,462
152654141,37.2151,41.7768,458,33222,0.0228003,0.67,1,1944300,1943842,458
152657061,29.886,35.9107,451,33286,0.0391201,0.47,1,1944325,1943874,451
152659981,37.7544,44.9643,443,33350,0.0576481,0.39,1,1944368,1943925,443
152662901,28.3018,36.5857,434,33413,0.0530592,0.29,1,1944390,1943956,434
152665821,28.7207,29.6343,438,33476,0.0632237,0.17,1,1944419,1943981,438
152668741,25.8883,27.4537,436,33539,0.0672895,0.23,1,1944443,1944007,436
152671661,43.3553,49.3815,427,33602,0.0929158,0.13,1,1944498,1944071,427
152677501,63.5768,65.861,423,33728,0.0976665,0.05,1,1944614,1944191,423
152680421,45.8307,47.3444,422,33791,0.0690666,0.03,1,1944648,1944226,422
152683341,42.9323,43.5378,422,33854,0.0576266,0.01,1,1944689,1944267,422
152686261,37.5729,37.2151,423,33916,0.0650507,0.05,1,1944723,1944300,423
152689181,30.6292,29.886,424,33978,0.0320203,0.07,1,1944749,1944325,424
152692101,38.0517,37.7544,424,34040,0.0548081,0.05,1,1944792,1944368,424
152695021,29.6207,28.3018,426,34102,0.0879232,0.07,1,1944816,1944390,426
152718381,37.9229,42.7732,456,34595,0.079168,0.07,1,1945145,1944689,456
152721301,30.1692,37.5093,447,34656,0.0616672,0.01,1,1945170,1944723,447
152724221,39.6677,30.6037,467,34717,0.0786669,0.07,1,1945216,1944749,467
152727141,30.2671,38.0415,448,34778,0.0974668,0.11,1,1945240,1944792,448
152744661,43.5334,61.1702,460,35141,0.227664,0.13,1,1945496,1945036,460
152747581,41.4134,44.2681,467,35201,0.265066,0.11,1,1945536,1945069,467
152750501,35.7654,42.3072,458,35261,0.292026,0.05,1,1945568,1945110,458
152762181,29.2836,30.2671,454,35501,0.414756,0.11,1,1945694,1945240,454
152765101,26.7134,28.9068,451,35561,0.411902,0.13,1,1945719,1945268,451
152768021,44.8854,25.9627,484,35620,0.422761,0.13,1,1945776,1945292,484
152852701,41.8045,29.1858,491,37302,0.758974,0.61,2,1946868,1946377,491
152855621,35.9218,36.8743,481,37359,0.777589,0.61,2,1946900,1946419,481
152858541,32.3687,33.9497,479,37416,0.797036,0.57,2,1946930,1946451,479
152884821,42.1073,55.7776,490,37920,0.917397,0.75,2,1947284,1946794,490
153057101,29.6565,32.8572,516,41078,0.9448,1,2,1949465,1948949,516
153065861,42.794,41.3669,521,41231,0.918467,1,2,1949585,1949064,521
153083381,27.4856,33.3012,514,41537,0.208954,1,1,1949820,1949306,514
153089221,33.4377,31.0082,522,41639,0.0706327,1,1,1949890,1949368,522
153092141,19.3751,34.6033,495,41690,0.0342531,0.92,1,1949900,1949405,495
153095061,19.75,33.6413,482,41741,0.0677012,0.94,1,1949920,1949438,482
153097981,23.5,29.6565,481,41792,0.0270805,1,1,1949946,1949465,481
153100901,30.4,33.4626,480,41843,0.0888322,1,1,1949981,1949501,480
153103821,27.76,34.985,470,41893,0.0775329,0.87,1,1950007,1949537,470
153106741,33.904,42.794,460,41943,0.0730132,0.73,1,1950045,1949585,460
153109661,32.7616,39.9176,454,41993,0.0472053,0.47,1,1950077,1949623,454
153112581,57.5046,63.967,448,42043,0.0728821,0.37,1,1950151,1949703,448
153115501,39.2019,46.5868,440,42093,0.0951528,0.33,1,1950178,1949738,440
153121341,23.9123,28.2139,433,42193,0.0884245,0.13,1,1950226,1949793,433
153141781,32.9517,30.4,427,42543,0.0658615,0.07,1,1950408,1949981,427
153144701,26.3807,27.76,423,42593,0.0803446,0.07,1,1950430,1950007,423
153206021,21.0843,24.4776,447,43621,0.201323,0.19,1,1951100,1950653,447
153208941,26.4337,21.191,458,43669,0.206529,0.19,1,1951130,1950672,458
153211861,33.3735,26.4764,466,43717,0.232612,0.15,1,1951168,1950702,466
153214781,20.5494,33.3906,440,43765,0.267045,0.17,1,1951180,1950740,440
153217701,17.8198,21.1562,443,43813,0.292818,0.13,1,1951196,1950753,443
153226461,28.3565,32.29,453,43957,0.40874,0.17,1,1951283,1950830,453
153229381,35.3426,26.716,470,44005,0.421496,0.19,1,1951323,1950853,470
153311141,33.4318,32.1368,451,45330,0.770909,0.57,2,1952148,1951697,451
153316981,37.5091,36.7019,452,45423,0.796546,0.63,2,1952219,1951767,452
153349101,14.7411,14.6985,458,45929,0.905275,0.73,2,1952541,1952083,458
153363701,36.1202,37.2833,494,46159,0.913542,0.83,2,1952713,1952219,494
153535981,32.3775,29.1891,510,48779,0.77814,1,2,1954548,1954038,510
153553501,41.9264,60.9429,514,49037,0.436456,1,1,1954741,1954227,514
153556421,35.9706,50.7771,502,49080,0.420583,1,1,1954773,1954271,502
153559341,38.9882,41.9109,507,49123,0.402233,1,1,1954814,1954307,507
153597301,53.3227,19.0401,528,49680,0.436695,0.43,1,1955152,1954624,528
153655701,38.0592,37.1327,450,50520,0.756959,0.57,2,1955702,1955252,450
153658621,29.6237,29.2531,450,50562,0.752783,0.59,2,1955726,1955276,450
153661541,17.8495,18.3012,449,50604,0.751113,0.59,2,1955736,1955287,449
153664461,29.3398,27.1205,453,50646,0.786445,0.63,2,1955773,1955320,453
153667381,27.3359,26.4482,453,50688,0.776578,0.61,2,1955799,1955346,453
153670301,25.3344,25.5793,452,50730,0.784631,0.61,2,1955823,1955371,452
153673221,20.9337,21.0317,452,50772,0.787852,0.61,2,1955841,1955389,452
153690741,20.0872,19.9701,455,51018,0.794568,0.67,2,1955971,1955516,455
153693661,9.23486,9.18802,455,51059,0.791827,0.71,2,1955973,1955518,455
153699501,40.3576,39.8701,457,51141,0.936692,0.71,2,1956087,1955630,457
153702421,35.943,35.148,458,51182,0.944677,0.79,2,1956120,1955662,458
153705341,38.9772,38.0592,459,51223,0.935871,0.75,2,1956161,1955702,459
153895141,321.597,335.776,496,24820,0.41608,0.93,1,1958363,1957867,496
153946241,71.7742,76.7617,473,24990,0.0434291,0.35,1,1958567,1958094,473
153949161,71.3097,79.9047,462,25075,0.0233716,0.23,1,1958638,1958176,462
153952081,56.1239,67.9619,448,25160,0.0273487,0.09,1,1958684,1958236,448
153955001,54.8495,65.5847,438,25244,0.0169395,0.03,1,1958738,1958300,438
153957921,40.5398,43.6339,440,25328,0.0367758,0.07,1,1958769,1958329,440
153960841,25.2159,33.0536,429,25412,0.0567103,0.05,1,1958784,1958355,429
153963761,52.6864,46.2214,445,25495,0.0886841,0.05,1,1958855,1958410,445
153966681,74.4745,48.4886,484,25578,0.0654736,0.05,1,1958944,1958460,484
153969601,56.7898,56.5954,467,25661,0.0441895,0,1,1958989,1958522,467
153972521,65.9159,49.6382,494,25744,0.0476758,0.01,1,1959061,1958567,494
153975441,52.7664,62.4553,467,25826,0.0850703,0.03,1,1959105,1958638,467
153978361,54.7065,52.5821,477,25908,0.0880281,0.01,1,1959161,1958684,477
153981281,40.4826,53.4328,454,25990,0.0772113,0.05,1,1959192,1958738,454
153984201,24.593,39.9731,437,26072,0.0848845,0.07,1,1959206,1958769,437
153987121,53.6372,24.9893,495,26153,0.0879538,0.11,1,1959279,1958784,495
153990041,73.0549,52.5957,510,26234,0.0891815,0.05,1,1959365,1958855,510
154010481,54.0486,24.5929,498,26795,0.203372,0.09,1,1959704,1959206,498
154013401,73.2194,53.6372,511,26874,0.207349,0.09,1,1959790,1959279,511
154016321,30.4878,73.0549,427,26953,0.20894,0.15,1,1959792,1959365,427
154019241,40.9951,56.8219,429,27032,0.233576,0.15,1,1959840,1959411,429
154022161,60.198,66.5288,429,27110,0.29143,0.15,1,1959913,1959484,429
154025081,51.6792,54.2115,429,27188,0.290572,0.13,1,1959959,1959530,429
154036761,54.4734,54.0486,432,27498,0.418847,0.21,1,1960136,1959704,432
154095161,32.2754,76.4239,456,29000,0.756321,0.71,2,1961125,1960669,456
154098081,42.9102,31.7696,504,29073,0.788528,0.67,2,1961175,1960671,504
154106841,54.6823,53.1053,507,29291,0.906546,0.63,2,1961353,1960846,507
154109761,44.6729,53.6421,491,29363,0.920618,0.65,2,1961391,1960900,491
154112681,28.0692,44.2568,470,29435,0.914247,0.65,2,1961408,1960938,470
154115601,60.4277,27.3027,536,29507,0.911699,0.71,2,1961490,1960954,536
154314161,53.4007,48.606,495,34040,0.779428,1,2,1964682,1964187,495
154331681,62.7009,29.4524,576,34412,0.205505,0.97,1,1964937,1964361,576
154337521,38.1121,51.7524,506,34534,0.0868808,1,1,1965006,1964500,506
154340441,42.8449,39.901,520,34595,0.0767523,0.97,1,1965052,1964532,520
154343361,36.3379,47.1604,500,34656,0.0367009,0.77,1,1965084,1964584,500
154346281,49.9352,40.4642,523,34717,0.0326804,0.73,1,1965143,1964620,523
154349201,40.9741,53.3857,496,34778,0.0430721,0.73,1,1965178,1964682,496
154352121,34.9896,44.7543,488,34839,0.0592289,0.67,1,1965209,1964721,488
154355041,30.7959,39.5017,480,34900,0.0656915,0.49,1,1965237,1964757,480
154357961,30.9183,36.2007,477,34961,0.0802766,0.37,1,1965268,1964791,477
154360881,24.9673,34.8803,464,35021,0.0981106,0.33,1,1965289,1964825,464
154372561,43.7768,38.1121,470,35261,0.0973116,0.07,1,1965476,1965006,470
154375481,34.9107,42.8449,453,35321,0.0809247,0.01,1,1965505,1965052,453
154378401,49.3643,36.3379,480,35381,0.0383699,0.03,1,1965564,1965084,480
154381321,41.9457,49.9352,458,35441,0.0573479,0.05,1,1965601,1965143,458
154384241,35.9783,40.9741,455,35501,0.0889392,0.07,1,1965633,1965178,455
154387161,30.5913,34.9896,451,35561,0.0655757,0.07,1,1965660,1965209,451
154390081,32.0365,30.7959,456,35620,0.0442303,0.09,1,1965693,1965237,456
154393001,26.6146,30.9183,448,35679,0.0476921,0.11,1,1965716,1965268,448
154395921,11.8458,24.9673,429,35738,0.0490768,0.15,1,1965718,1965289,429
154398841,44.9383,51.3869,427,35797,0.0856307,0.09,1,1965785,1965358,427
154401761,40.1753,43.3548,426,35856,0.0882523,0.11,1,1965822,1965396,426
154407601,44.3481,43.7768,426,35974,0.0513204,0.07,1,1965902,1965476,426
154410521,33.3392,34.9107,423,36033,0.0265281,0.01,1,1965928,1965505,423
154413441,48.7357,49.3643,423,36092,0.0286113,0.07,1,1965987,1965564,423
154416361,44.6943,41.9457,428,36151,0.0654445,0.11,1,1966029,1965601,428
154419281,35.2777,35.9783,425,36209,0.0681778,0.05,1,1966058,1965633,425
154422201,30.3111,30.5913,425,36267,0.0812711,0.03,1,1966085,1965660,425
154425121,30.7244,32.0365,423,36325,0.0745085,0.05,1,1966116,1965693,423
154428041,26.6898,26.6146,424,36383,0.0838034,0.05,1,1966140,1965716,424
154430961,11.8759,11.8458,424,36441,0.0875214,0.11,1,1966142,1965718,424
154439721,33.2081,32.8701,426,36615,0.231441,0.01,1,1966276,1965850,426
154442641,42.0832,44.3481,422,36673,0.230577,0.01,1,1966324,1965902,422
154445561,32.4333,33.3392,422,36731,0.230231,0.03,1,1966350,1965928,422
154448481,48.3733,48.7357,422,36789,0.230092,0.09,1,1966409,1965987,422
154483521,47.2755,31.7336,489,37472,0.202536,0.23,1,1966839,1966350,489
154486441,42.9102,48.0935,470,37528,0.243014,0.15,1,1966879,1966409,470
154489361,35.7641,45.6374,457,37584,0.247206,0.13,1,1966910,1966453,457
154492281,31.1056,36.255,455,37640,0.248882,0.13,1,1966938,1966483,455
154495201,31.0423,31.302,458,37696,0.273553,0.17,1,1966969,1966511,458
154498121,28.6169,30.5208,455,37752,0.295421,0.17,1,1966996,1966541,455
154503961,47.6587,12.0833,501,37864,0.283667,0.17,1,1967069,1966568,501
154506881,41.8635,48.0333,467,37920,0.299467,0.17,1,1967107,1966640,467
154521481,44.9324,47.2755,474,38198,0.407851,0.27,1,1967313,1966839,474
154524401,35.9729,42.9102,464,38253,0.42114,0.25,1,1967343,1966879,464
154527321,31.1892,35.7641,461,38308,0.438456,0.25,1,1967371,1966910,461
154579881,44.4127,42.9367,450,39289,0.759759,0.55,2,1967994,1967544,450
154582801,18.9651,18.3747,450,39343,0.765903,0.61,2,1967996,1967546,450
154585721,26.186,24.7499,452,39397,0.792361,0.61,2,1968027,1967575,452
154594481,50.4199,49.728,453,39558,0.907751,0.63,2,1968165,1967712,453
154755081,40.5135,40.2542,490,42393,0.934,1,2,1970121,1969631,490
154758001,37.8054,35.3017,494,42443,0.9136,1,2,1970157,1969663,494
154763841,35.0889,34.9283,493,42543,0.780976,1,2,1970227,1969734,493
154766761,30.2355,33.7713,487,42593,0.75039,1,2,1970254,1969767,487
154883561,25.1856,34.4921,452,44531,0.762567,0.65,2,1971519,1971067,452
154912761,21.991,21.8453,457,45001,0.915175,0.71,2,1971828,1971371,457
154915681,21.9964,21.9381,457,45048,0.92407,0.73,2,1971850,1971393,457
154921521,42.3994,41.9101,459,45142,0.938651,0.71,2,1971946,1971487,459
154924441,18.1598,17.964,459,45189,0.93346,0.79,2,1971948,1971489,459
155125921,69.5389,80.6608,488,22189,0.797488,0.87,2,1974253,1973765,488
155137601,48.825,51.8649,474,22569,0.90472,0.77,2,1974508,1974034,474
155289441,63.3761,70.1905,505,27024,0.919696,1,2,1977705,1977200,505
155298201,47.9761,51.5562,488,27258,0.402781,1,1,1977861,1977373,488
155301121,71.9904,69.8225,494,27336,0.239112,1,1,1977949,1977455,494
155306961,62.2785,60.2516,495,27490,0.075458,1,1,1978054,1977559,495
155309881,43.5114,42.1006,496,27567,0.0601832,1,1,1978085,1977589,496
155312801,25.8046,38.4403,474,27644,0.0900733,0.87,1,1978099,1977625,474
155342001,51.609,51.1218,427,28401,0.237172,0.17,1,1978594,1978167,427
155344921,37.4436,20.4487,455,28476,0.268869,0.11,1,1978622,1978167,455
155347841,60.5774,25.5795,502,28550,0.269548,0.15,1,1978698,1978196,502
155350761,39.831,54.6318,454,28624,0.269819,0.15,1,1978724,1978270,454
155353681,62.1324,37.4527,505,28698,0.257928,0.21,1,1978801,1978296,505
155356601,44.653,61.7811,460,28772,0.265171,0.19,1,1978834,1978374,460
155377041,39.8499,60.5762,460,29283,0.401087,0.27,1,1979158,1978698,460
155379961,62.74,39.8305,512,29355,0.418435,0.25,1,1979236,1978724,512
155382881,44.296,62.1322,467,29427,0.425374,0.27,1,1979268,1978801,467
155435441,36.947,36.5897,452,30696,0.777083,0.65,2,1980052,1979600,452
155452961,58.1357,57.9933,453,31107,0.900773,0.67,2,1980369,1979916,453
155455881,43.0543,41.7973,455,31175,0.930309,0.67,2,1980402,1979947,455
155458801,18.4217,17.9189,455,31243,0.942124,0.77,2,1980404,1979949,455
155593121,50.2713,44.4544,489,34218,0.93112,1,2,1982543,1982054,489
155613561,41.0295,51.7297,512,34648,0.0944892,1,1,1982830,1982318,512
155616481,39.8118,43.4919,513,34709,0.0437957,1,1,1982869,1982356,513
155619401,39.9247,39.5967,516,34770,0.0475183,0.97,1,1982909,1982393,516
155622321,49.5699,40.4387,531,34831,0.0370073,1,1,1982965,1982434,531
155625241,43.228,52.1755,510,34892,0.0688029,0.89,1,1983004,1982494,510
155628161,32.8912,50.2702,487,34953,0.0455212,0.77,1,1983030,1982543,487
155631081,34.1565,37.5081,493,35013,0.0482085,0.69,1,1983065,1982572,493
155634001,34.0626,39.0032,487,35073,0.0372834,0.55,1,1983099,1982612,487
155636921,25.625,41.4013,464,35133,0.0809133,0.41,1,1983119,1982655,464
155639841,37.25,30.9605,485,35193,0.0743653,0.29,1,1983164,1982679,485
155642761,50.9,47.1842,487,35253,0.0837461,0.07,1,1983224,1982737,487
155645681,37.76,56.0737,454,35313,0.0394985,0.03,1,1983253,1982799,454
155648601,38.504,41.0295,462,35373,0.0337994,0.01,1,1983292,1982830,462
155651521,40.0016,39.8118,464,35433,0.0135198,0.05,1,1983333,1982869,464
155654441,49.0006,39.9247,479,35493,0.0714079,0.03,1,1983388,1982909,479
155657361,45.4003,49.5699,466,35553,0.0585632,0.09,1,1983431,1982965,466
155660281,30.7601,43.228,448,35612,0.0894253,0.03,1,1983452,1983004,448
155663201,33.904,32.8912,458,35671,0.0777701,0.05,1,1983488,1983030,458
155666121,14.7616,34.1565,425,35730,0.073108,0.03,1,1983490,1983065,425
155669041,25.1046,34.0626,423,35789,0.0832432,0.11,1,1983522,1983099,423
155671961,23.2419,25.625,425,35848,0.0872973,0.07,1,1983544,1983119,425
155677801,50.2787,50.9,424,35966,0.0919676,0.01,1,1983648,1983224,424
155680721,36.9115,37.76,423,36025,0.054787,0.03,1,1983676,1983253,423
155683641,38.7646,38.504,424,36084,0.0639148,0,1,1983716,1983292,424
155686561,39.5058,40.0016,423,36143,0.0315659,0.11,1,1983756,1983333,423
155689481,50.0023,49.0006,425,36201,0.0306264,0.05,1,1983813,1983388,425
155692401,46.4009,45.4003,426,36259,0.0182505,0.11,1,1983857,1983431,426
155695321,30.5604,30.7601,425,36317,0.0493002,0.07,1,1983877,1983452,425
155698241,34.4241,33.904,426,36375,0.0617201,0.07,1,1983914,1983488,426
155701161,14.9697,14.7616,426,36433,0.066688,0.09,1,1983916,1983490,426
155704081,23.9879,25.1046,424,36491,0.0806752,0.09,1,1983946,1983522,424
155707001,23.9951,23.2419,426,36549,0.0982701,0.15,1,1983970,1983544,426
155727441,46.2887,46.4009,422,36952,0.0856137,0.07,1,1984279,1983857,422
155744961,36.9705,18.2381,472,37294,0.0975622,0.17,1,1984442,1983970,472
155762481,46.7767,49.6981,469,37632,0.238105,0.07,1,1984704,1984235,469
155765401,31.9107,46.2792,447,37688,0.233242,0.13,1,1984726,1984279,447
155768321,35.5643,31.1117,464,37744,0.279297,0.13,1,1984764,1984300,464
155771241,15.4257,35.8447,427,37800,0.297719,0.09,1,1984766,1984339,427
155774161,25.9703,15.5379,458,37856,0.293088,0.11,1,1984799,1984341,458
155782921,52.3261,36.9704,488,38024,0.407318,0.15,1,1984930,1984442,488
155785841,35.3304,50.7882,452,38080,0.432927,0.15,1,1984954,1984502,452
155858841,53.0504,52.8245,452,39443,0.761489,0.67,2,1985826,1985374,452
155861761,36.2202,35.5298,453,39497,0.766596,0.69,2,1985851,1985398,453
155864681,39.6881,38.8119,454,39550,0.780638,0.69,2,1985893,1985439,454
155893881,34.0006,32.126,457,40080,0.928751,0.75,2,1986216,1985759,457
155896801,55.6002,12.8504,527,40133,0.9175,0.79,2,1986286,1985759,527
155899721,36.6401,45.3402,484,40186,0.925,0.77,2,1986310,1985826,484
155902641,40.456,33.1361,502,40239,0.94,0.79,2,1986353,1985851,502
156031121,46.4012,46.2576,491,42485,0.924189,1,2,1987935,1987444,491
156036961,34.9042,38.7212,487,42585,0.90267,1,2,1988000,1987513,487
156048641,31.5847,25.5625,499,42782,0.792788,1,2,1988113,1987614,499
156072001,39.663,46.9292,516,43174,0.440616,0.89,1,1988407,1987891,516
156101201,34.526,37.2771,483,43661,0.416463,0.57,1,1988703,1988220,483
156104121,32.4104,34.7108,481,43709,0.400585,0.53,1,1988734,1988253,481
156107041,33.9642,35.4843,480,43757,0.418234,0.45,1,1988769,1988289,480
156162521,32.1247,31.2871,450,44664,0.757608,0.59,2,1989356,1988906,450
156168361,21.94,21.4459,450,44758,0.758417,0.55,2,1989390,1988940,450
156171281,29.176,29.5784,449,44805,0.765367,0.57,2,1989424,1988975,449
156174201,29.0704,28.6313,450,44852,0.756147,0.57,2,1989453,1989003,450
156188801,33.5972,33.3431,455,45087,0.766613,0.69,2,1989631,1989176,455
156232601,35.3516,33.5972,461,45783,0.946612,0.85,2,1990092,1989631,461
156416561,43.696,39.2135,490,48600,0.90205,1,2,1992056,1991566,490
156460361,33.6337,38.3378,504,49245,0.445171,1,1,1992477,1991973,504
156463281,39.8535,35.7351,514,49288,0.448068,0.84,1,1992521,1992007,514
156466201,36.9414,43.694,500,49331,0.437227,0.85,1,1992556,1992056,500
156524601,35.6958,39.4202,480,50177,0.757961,0.57,2,1993140,1992660,480
156527521,28.6783,35.5681,471,50219,0.777185,0.55,2,1993164,1992693,471
156530441,20.4713,28.0272,463,50261,0.796874,0.61,2,1993179,1992716,463
156556721,35.2874,33.7437,457,50639,0.935756,0.69,2,1993378,1992921,457
156559641,39.315,39.2975,456,50681,0.932302,0.69,2,1993420,1992964,456
156562561,36.126,36.119,456,50723,0.930921,0.71,2,1993454,1992998,456
156565481,37.8504,37.2476,457,50765,0.918368,0.69,2,1993493,1993036,457
156568401,27.7402,28.099,456,50806,0.901347,0.77,2,1993514,1993058,456
156574241,37.1984,35.6958,461,50888,0.923016,0.79,2,1993601,1993140,461
156577161,29.2794,28.6783,461,50929,0.939206,0.81,2,1993625,1993164,461
156580081,21.3117,20.4713,462,50970,0.945683,0.81,2,1993641,1993179,462
156585921,8.20988,7.83541,463,51052,0.942109,0.83,2,1993658,1993195,463
156753821,324.004,355.027,500,24820,0.43,1,1,1995695,1995195,500
156802001,113.161,113.924,486,24905,0.094,0.69,1,1995868,1995382,486
156804921,82.4643,85.1697,482,24990,0.0436,0.27,1,1995930,1995448,482
156807841,65.3857,79.6679,460,25075,0.04744,0.09,1,1995984,1995524,460
156810761,66.9543,68.4672,467,25160,0.036976,0.11,1,1996052,1995585,467
156813681,40.5817,60.9869,434,25244,0.0207904,0.05,1,1996075,1995641,434
156816601,31.2327,39.9947,433,25328,0.0743162,0.05,1,1996100,1995667,433
156819521,40.0931,32.7979,451,25412,0.0357265,0.03,1,1996146,1995695,451
156822441,47.8372,41.3192,457,25495,0.0322906,0.03,1,1996199,1995742,457
156825361,73.7349,59.1277,477,25578,0.0309162,0.03,1,1996290,1995813,477
156828281,66.694,56.6511,484,25661,0.0303665,0.01,1,1996352,1995868,484
156831201,58.4776,59.8604,475,25744,0.0301466,0.05,1,1996405,1995930,475
156834121,64.791,56.3442,490,25826,0.0420586,0.03,1,1996474,1995984,490
156837041,39.7164,63.3377,445,25908,0.0348235,0.01,1,1996497,1996052,445
156839961,32.6866,39.1351,450,25990,0.0439294,0.11,1,1996525,1996075,450
156842881,38.2746,30.654,467,26072,0.0235718,0.01,1,1996567,1996100,467
156845801,47.7099,39.8616,475,26153,0.0154287,0.03,1,1996621,1996146,475
156848721,73.6839,47.7446,513,26234,0.0361715,0.03,1,1996712,1996199,513
156851641,66.6736,73.6979,484,26315,0.0564686,0.03,1,1996774,1996290,484
156854561,59.0694,66.6791,476,26396,0.0525874,0.03,1,1996828,1996352,476
156857481,64.4278,58.4717,491,26476,0.039035,0.05,1,1996896,1996405,491
156860401,38.9711,64.7887,444,26556,0.057614,0.03,1,1996918,1996474,444
156863321,32.9884,39.7155,450,26636,0.0290456,0.05,1,1996947,1996497,450
156866241,38.3954,32.6862,464,26716,0.0176182,0.01,1,1996989,1996525,464
156869161,47.7582,38.2745,476,26795,0.0250473,0.01,1,1997043,1996567,476
156872081,73.1033,47.7098,512,26874,0.0400189,0.05,1,1997133,1996621,512
156875001,30.4413,73.6839,423,26953,0.0460076,0.07,1,1997135,1996712,423
156877921,50.5765,66.6736,425,27032,0.096403,0.05,1,1997199,1996774,425
156880841,52.0306,59.0694,424,27110,0.0685612,0.03,1,1997252,1996828,424
156883761,60.4122,64.4278,422,27188,0.0814245,0.07,1,1997318,1996896,422
156886681,37.3649,38.9711,422,27266,0.0625698,0.01,1,1997340,1996918,422
156889601,32.346,32.9884,422,27344,0.0550279,0.01,1,1997369,1996947,422
156892521,38.7384,38.3954,423,27421,0.0400112,0.03,1,1997412,1996989,423
156895441,48.4954,47.7582,424,27498,0.0340045,0.05,1,1997467,1997043,424
156898361,73.9981,73.1033,425,27575,0.0556018,0.05,1,1997558,1997133,425
156901281,30.7993,30.4413,425,27652,0.0642407,0.13,1,1997560,1997135,425
156904201,51.3197,50.5765,426,27729,0.0556963,0.05,1,1997625,1997199,426
156921721,47.6801,48.4954,422,28184,0.0842109,0.07,1,1997889,1997467,422
156924641,75.472,73.9981,425,28259,0.0516843,0.07,1,1997983,1997558,425
156927561,31.3888,30.7993,425,28334,0.0386737,0.05,1,1997985,1997560,425
156930481,50.9555,51.3197,424,28409,0.0694695,0.05,1,1998049,1997625,424
156933401,52.1822,20.5279,477,28484,0.0937878,0.13,1,1998102,1997625,477
156948001,43.9081,36.3849,476,28854,0.224304,0.03,1,1998310,1997834,476
156950921,74.5632,47.554,516,28927,0.227722,0.03,1,1998405,1997889,516
156953841,31.0253,75.4216,424,29000,0.229089,0.03,1,1998407,1997983,424
156956761,52.6101,31.3686,489,29073,0.241635,0.09,1,1998474,1997985,489
156959681,53.444,50.9475,479,29146,0.258654,0.11,1,1998528,1998049,479
156991801,51.7725,62.1776,439,29935,0.449995,0.35,1,1999035,1998596,439
157035601,80.5892,77.0278,456,30979,0.759472,0.71,2,1999733,1999277,456
157038521,33.4357,32.0111,456,31047,0.765789,0.69,2,1999735,1999279,456
157041441,55.3743,54.8044,456,31115,0.756316,0.71,2,1999805,1999349,456
157044361,54.5497,54.9218,455,31183,0.776526,0.71,2,1999859,1999404,455
157047281,23.0199,23.1687,455,31251,0.78461,0.73,2,1999861,1999406,455
157050201,53.608,53.0675,456,31319,0.799844,0.73,2,1999935,1999479,456
157064801,80.4747,46.1578,560,31655,0.915438,0.77,2,2000190,1999630,560
157067721,33.3899,80.2631,459,31722,0.936175,0.77,2,2000192,1999733,459
157181601,30.7064,23.8329,517,34226,0.946,1,2,2001929,2001412,517
157199121,45.0494,51.8522,527,34595,0.258204,1,1,2002222,2001695,527
157210801,35.3917,38.9114,507,34839,0.090754,1,1,2002376,2001869,507
157213721,28.5567,34.7646,499,34900,0.0903016,0.91,1,2002400,2001901,499
157242921,35.335,35.9792,458,35501,0.205654,0.07,1,2002799,2002341,458
157245841,29.134,35.3917,448,35561,0.232262,0.09,1,2002824,2002376,448
157248761,29.0536,28.5567,453,35620,0.242905,0.11,1,2002853,2002400,453
157251681,20.6214,27.6227,441,35679,0.235162,0.11,1,2002868,2002427,441
157254601,9.44858,21.2491,426,35738,0.232065,0.17,1,2002870,2002444,426
157257521,62.5794,64.2996,431,35797,0.290826,0.19,1,2002968,2002537,431
157280881,29.2099,29.134,432,36267,0.436003,0.25,1,2003256,2002824,432
157283801,30.284,29.0536,434,36325,0.432401,0.23,1,2003287,2002853,434
157286721,21.1136,20.6214,434,36383,0.41896,0.23,1,2003302,2002868,434
157289641,9.64543,9.44858,434,36441,0.413584,0.33,1,2003304,2002870,434
157298401,46.9373,45.8927,438,36615,0.408789,0.37,1,2003482,2003044,438
157301321,43.3749,41.1571,441,36673,0.445516,0.39,1,2003523,2003082,441
157304241,34.75,33.2628,442,36731,0.448206,0.41,1,2003552,2003110,442
157348041,37.8838,36.4831,484,37584,0.752208,0.55,2,2004122,2003638,484
157350961,30.1535,36.1932,473,37640,0.774883,0.55,2,2004147,2003674,473
157353881,31.8614,28.8773,482,37696,0.783953,0.65,2,2004180,2003698,482
157371401,44.7432,48.4024,497,38032,0.900851,0.69,2,2004421,2003924,497
157374321,36.4973,43.961,487,38088,0.918341,0.71,2,2004452,2003965,487
157377241,49.9989,36.1844,515,38143,0.913336,0.73,2,2004511,2003996,515
157380161,37.9996,49.2738,487,38198,0.923334,0.73,2,2004541,2004054,487
157383081,39.1998,37.7095,497,38253,0.915334,0.77,2,2004581,2004084,497
157386001,31.2799,37.8838,485,38308,0.912133,0.79,2,2004607,2004122,485
157388921,33.512,30.1535,495,38363,0.910853,0.79,2,2004642,2004147,495
157391841,21.8048,31.8614,476,38418,0.922341,0.83,2,2004656,2004180,476
157394761,9.92191,21.1446,464,38473,0.926937,0.83,2,2004658,2004194,464
157526161,31.0636,33.9972,509,40871,0.915783,1,2,2006350,2005841,509
157529081,34.0254,31.5989,515,40923,0.912313,1,2,2006386,2005871,515
157537841,30.3296,32.9583,504,41078,0.792548,1,2,2006497,2005993,504
157540761,36.7319,29.9833,517,41129,0.791019,1,2,2006538,2006021,517
157584561,31.0634,32.6927,455,41893,0.768752,0.67,2,2007023,2006568,455
157587481,31.0254,32.2771,454,41943,0.781501,0.63,2,2007054,2006600,454
157628361,30.984,31.0254,459,42643,0.903705,0.83,2,2007513,2007054,459
157631281,50.1936,47.8101,463,42692,0.943482,0.87,2,2007576,2007113,463
157838601,322.657,346.094,480,20440,0.442,1,1,2009910,2009430,480
157847361,74.986,91.87,472,21469,0.097168,0.35,1,2010140,2009668,472
157856121,40.7271,72.2877,429,21764,0.212859,0.07,1,2010317,2009888,429
157859041,25.8908,34.9151,435,21861,0.235144,0.03,1,2010333,2009898,435
157867801,58.201,57.7226,428,22151,0.0892092,0.19,1,2010568,2010140,428
157870721,74.2804,72.889,430,22247,0.0896837,0.21,1,2010653,2010223,430
157879481,25.7299,25.4489,432,22532,0.22822,0.25,1,2010765,2010333,432
157882401,76.292,10.1796,542,22626,0.229288,0.11,1,2010875,2010333,542
157885321,73.7168,72.4718,500,22720,0.253715,0.09,1,2010947,2010447,500
157888241,56.4867,73.9887,470,22813,0.275486,0.07,1,2010992,2010522,470
157911601,77.0013,56.4851,525,23546,0.427192,0.33,1,2011517,2010992,525
157940801,43.6723,42.5602,448,24431,0.764329,0.53,2,2012067,2011619,448
157943721,27.0689,26.6241,448,24518,0.791732,0.55,2,2012083,2011635,448
157961241,87.6391,83.6807,460,25032,0.916094,0.79,2,2012510,2012050,460
157964161,44.6556,43.6723,459,25117,0.936437,0.81,2,2012526,2012067,459
158072201,46.2854,42.4057,491,28068,0.946,1,2,2014602,2014111,491
158075121,47.3142,48.1623,487,28143,0.9124,1,2,2014650,2014163,487
158080961,70.9303,77.426,474,28293,0.768784,1,2,2014782,2014308,474
158086801,58.5088,20.5482,551,28443,0.414605,1,1,2014893,2014342,551
158089721,45.6035,56.8193,507,28517,0.267842,1,1,2014930,2014423,507
158095561,53.2566,42.8111,534,28665,0.0632547,1,1,2015033,2014499,534
158098481,44.1026,54.9244,509,28739,0.0313019,0.91,1,2015071,2014562,509
158101401,45.241,45.9698,515,28813,0.0305208,0.89,1,2015117,2014602,515
158104321,42.6964,47.1879,508,28886,0.0302083,0.87,1,2015158,2014650,508
158107241,63.8786,45.2752,542,28959,0.0540833,0.69,1,2015236,2014694,542
158110161,50.1514,70.9101,495,29032,0.0396333,0.49,1,2015277,2014782,495
158113081,50.6606,60.764,492,29105,0.0458533,0.29,1,2015328,2014836,492
158116001,37.0642,58.5056,463,29178,0.0843413,0.17,1,2015356,2014893,463
158118921,39.4257,45.6022,467,29251,0.0757365,0.01,1,2015397,2014930,467
158121841,51.7703,44.6409,483,29323,0.0482946,0.03,1,2015457,2014974,483
158124761,43.5081,53.2564,462,29395,0.0373178,0.01,1,2015495,2015033,462
158127681,43.8032,44.1025,468,29467,0.0329271,0.03,1,2015539,2015071,468
158130601,41.5213,45.241,462,29539,0.0551709,0.03,1,2015579,2015117,462
158133521,64.6085,42.6964,501,29611,0.0640683,0.07,1,2015659,2015158,501
158136441,51.0434,63.8786,465,29682,0.0556273,0.03,1,2015701,2015236,465
158139361,51.6174,50.1514,476,29753,0.0402509,0.05,1,2015753,2015277,476
158142281,36.8469,50.6606,452,29824,0.0341004,0.11,1,2015780,2015328,452
158145201,15.9388,37.0642,426,29895,0.0316401,0.07,1,2015782,2015356,426
158148121,30.9755,39.4257,426,29966,0.0426561,0.03,1,2015823,2015397,426
158151041,47.1902,51.7703,424,30037,0.0710624,0.03,1,2015881,2015457,424
158153961,42.2761,43.5081,425,30107,0.082425,0.03,1,2015920,2015495,425
158156881,42.1104,43.8032,423,30177,0.08697,0.07,1,2015962,2015539,423
158159801,41.4442,41.5213,424,30247,0.052788,0.07,1,2016003,2015579,424
158162721,63.9777,64.6085,423,30317,0.0631152,0.05,1,2016082,2015659,423
158165641,51.3911,51.0434,424,30387,0.0792461,0.03,1,2016125,2015701,424
158168561,51.1564,51.6174,423,30457,0.0736984,0.03,1,2016176,2015753,423
158171481,36.6626,36.8469,423,30526,0.0354794,0.03,1,2016203,2015780,423
158174401,15.865,15.9388,423,30595,0.0201917,0.05,1,2016205,2015782,423
158177321,30.946,30.9755,423,30664,0.0500767,0.09,1,2016246,2015823,423
158180241,47.7784,47.1902,424,30733,0.0500307,0.09,1,2016305,2015881,424
158183161,42.5114,42.2761,424,30802,0.0740123,0.09,1,2016344,2015920,424
158186081,41.0045,42.1104,422,30871,0.0716049,0.03,1,2016384,2015962,422
158189001,41.6018,41.4442,423,30940,0.058642,0.07,1,2016426,2016003,423
158191921,64.0407,63.9777,423,31008,0.0774568,0.09,1,2016505,2016082,423
158194841,52.0163,51.3911,424,31076,0.0969827,0.07,1,2016549,2016125,424
158221121,63.9155,41.5043,502,31683,0.207695,0.09,1,2016928,2016426,502
158224041,52.5662,64.0017,468,31750,0.209078,0.11,1,2016973,2016505,468
158226961,51.6265,52.0007,475,31817,0.209631,0.11,1,2017024,2016549,475
158229881,36.2506,50.8003,451,31883,0.209852,0.13,1,2017050,2016599,451
158232801,15.7002,35.9201,427,31949,0.209941,0.09,1,2017052,2016625,427
158235721,32.6801,15.568,469,32015,0.209976,0.11,1,2017096,2016627,469
158238641,47.272,32.0272,483,32081,0.209991,0.11,1,2017153,2016670,483
158241561,43.5088,47.0109,467,32147,0.209996,0.13,1,2017194,2016727,467
158244481,43.2035,42.8044,470,32213,0.233998,0.17,1,2017237,2016767,470
158247401,42.4814,41.7217,471,32279,0.243599,0.19,1,2017279,2016808,471
158273681,32.6436,43.5088,433,32864,0.413946,0.25,1,2017627,2017194,433
158276601,39.4575,43.2035,434,32928,0.447578,0.25,1,2017671,2017237,434
158308721,39.9384,39.4575,443,33627,0.751661,0.49,2,2018114,2017671,443
158311641,42.3754,40.983,445,33690,0.750664,0.55,2,2018158,2017713,445
158317481,56.1001,54.0773,451,33816,0.788506,0.69,2,2018296,2017845,451
158335001,20.3817,20.115,455,34189,0.914199,0.69,2,2018482,2018027,455
158337921,35.1527,33.846,457,34251,0.935679,0.69,2,2018527,2018070,457
158340841,41.0611,13.5384,502,34313,0.932272,0.79,2,2018572,2018070,502
158343761,41.6244,31.8154,500,34375,0.930909,0.75,2,2018614,2018114,500
158346681,73.0498,39.1261,550,34437,0.918364,0.71,2,2018708,2018158,550
158349601,58.6199,71.4505,506,34498,0.925345,0.83,2,2018757,2018251,506
158475161,28.4915,37.4317,490,37041,0.936946,1,2,2020477,2019987,490
158478081,20.9966,26.3727,487,37098,0.938779,1,2,2020493,2020006,487
158501441,29.9473,32.3155,506,37552,0.228952,1,1,2020854,2020348,506
158504361,29.3789,34.5262,499,37608,0.217581,1,1,2020883,2020384,499
158518961,57.1415,30.5983,540,37888,0.0561992,0.61,1,2021070,2020530,540
158521881,46.2566,65.0393,491,37944,0.0524797,0.57,1,2021109,2020618,491
158524801,54.5026,49.4157,512,38000,0.0749919,0.35,1,2021169,2020657,512
158527721,41.0011,63.5663,471,38056,0.0839968,0.31,1,2021201,2020730,471
158530641,35.6004,46.4265,468,38112,0.0995987,0.35,1,2021233,2020765,468
158556921,46.0034,57.1415,463,38607,0.213454,0.05,1,2021533,2021070,463
158559841,19.6013,46.2566,426,38662,0.235382,0.09,1,2021535,2021109,426
158562761,43.8405,54.5026,426,38717,0.244153,0.09,1,2021595,2021169,426
158565681,36.7362,41.0011,426,38772,0.271661,0.11,1,2021627,2021201,426
158580281,37.124,37.5162,429,39042,0.407067,0.13,1,2021785,2021356,429
158583201,24.4496,24.0065,430,39096,0.420827,0.19,1,2021801,2021371,430
158586121,19.3798,19.8026,429,39150,0.438331,0.17,1,2021817,2021388,429
158589041,27.5519,26.521,431,39204,0.433332,0.15,1,2021850,2021419,431
158591961,54.8208,55.0084,430,39258,0.443333,0.25,1,2021923,2021493,430
158664961,29.071,19.7454,486,40582,0.785833,0.65,2,2022745,2022259,486
158667881,56.6284,28.2981,527,40634,0.788333,0.63,2,2022820,2022293,527
158670801,50.2514,55.7193,499,40686,0.765333,0.63,2,2022866,2022367,499
158673721,21.3005,50.4877,454,40738,0.756133,0.67,2,2022868,2022414,454
158682481,36.8832,37.3832,490,40894,0.753753,0.67,2,2022998,2022508,490
158685401,33.9533,36.5533,486,40946,0.799501,0.67,2,2023030,2022544,486
158705841,56.1238,29.071,533,41304,0.900211,0.79,2,2023278,2022745,533
158708761,50.0495,56.6284,504,41355,0.918085,0.75,2,2023324,2022820,504
158711681,21.2198,50.2514,460,41406,0.925234,0.75,2,2023326,2022866,460
158714601,43.2879,21.3005,516,41457,0.928094,0.71,2,2023384,2022868,516
158717521,38.3152,44.5202,491,41508,0.941237,0.73,2,2023419,2022928,491
158720441,16.5261,38.2081,459,41559,0.946495,0.77,2,2023421,2022962,459
158843081,34.2652,34.1732,515,43642,0.9256,1,2,2024885,2024370,515
158846001,33.5061,27.4693,525,43690,0.91024,1,2,2024918,2024393,525
158851841,27.081,24.7951,523,43786,0.768438,1,2,2024965,2024442,523
158901481,171.253,180.487,465,20544,0.23215,0.31,1,2025548,2025083,465
158904401,138.101,139.995,468,20647,0.20686,0.39,1,2025664,2025196,468
158907321,96.6405,98.598,466,20750,0.244744,0.13,1,2025733,2025267,466
158910241,85.4562,89.2392,461,20852,0.283898,0.13,1,2025811,2025350,461
158921921,58.7029,67.9197,429,21256,0.42098,0.19,1,2025977,2025548,429
158971561,81.9742,80.8984,531,22893,0.761735,0.65,2,2027146,2026615,531
158974481,57.3897,80.3594,492,22986,0.766694,0.59,2,2027187,2026695,492
158977401,36.1559,56.7437,473,23078,0.780678,0.65,2,2027209,2026736,473
158980321,32.4623,35.8975,481,23170,0.786271,0.63,2,2027239,2026758,481
159076681,95.1969,60.6522,586,26017,0.922,1,2,2029335,2028749,586
159085441,77.3246,49.0737,570,26260,0.790768,1,2,2029519,2028949,570
159088361,55.5298,70.6295,526,26341,0.754307,1,2,2029560,2029034,526
159097121,44.4259,38.4803,526,26581,0.778596,1,2,2029679,2029153,526
159246041,50.5143,50.6367,486,30378,0.916739,1,2,2032391,2031905,486
159254801,37.2649,36.1927,489,30587,0.770271,1,2,2032498,2032009,489
159272321,59.0703,66.2857,472,31000,0.439208,0.93,1,2032823,2032351,472
159284001,35.0546,37.2649,459,31272,0.400572,0.73,1,2032957,2032498,459
159289841,24.6887,14.1224,476,31408,0.415691,0.75,1,2033008,2032532,476
159292761,84.2755,20.649,575,31475,0.412277,0.47,1,2033132,2032557,575
159295681,55.3102,87.4596,479,31542,0.422911,0.45,1,2033168,2032689,479
159298601,37.7241,56.5838,469,31609,0.427164,0.47,1,2033194,2032725,469
159333641,43.9917,54.6896,480,32404,0.752211,0.45,2,2033740,2033260,480
159336561,39.7967,44.0758,480,32469,0.750884,0.47,2,2033777,2033297,480
159339481,33.3187,38.6303,474,32534,0.798354,0.53,2,2033806,2033332,474
159348241,26.1324,34.4643,468,32729,0.912935,0.57,2,2033897,2033429,468
159351161,11.653,25.1857,451,32794,0.935174,0.63,2,2033899,2033448,451
159532201,43.6407,39.7191,496,36577,0.062681,1,1,2036615,2036119,496
159535121,33.6563,33.8877,493,36635,0.0250724,1,1,2036642,2036149,493
159538041,33.2625,39.3551,483,36693,0.010029,1,1,2036675,2036192,483
159540961,33.705,37.942,480,36751,0.0220116,1,1,2036709,2036229,480
159543881,35.682,39.1768,477,36809,0.0388046,1,1,2036746,2036269,477
159546801,25.0728,26.4707,477,36866,0.0335219,1,1,2036764,2036287,477
159549721,33.4291,38.7883,469,36923,0.0314087,0.69,1,2036803,2036334,469
159552641,61.3716,68.9153,460,36980,0.0545635,0.61,1,2036883,2036423,460
159555561,44.9487,50.9661,455,37037,0.0398254,0.39,1,2036917,2036462,455
159558481,31.7795,41.3864,443,37094,0.0159302,0.25,1,2036940,2036497,443
159561401,26.5118,35.7546,434,37151,0.0483721,0.25,1,2036963,2036529,434
159564321,28.0047,14.3018,463,37208,0.0373488,0,1,2036992,2036529,463
159567241,38.2019,28.5207,470,37265,0.0209395,0.01,1,2037037,2036567,470
159570161,31.4808,40.2083,449,37322,0.0263758,0,1,2037064,2036615,449
159573081,31.7923,32.2833,454,37379,0.0165503,0,1,2037096,2036642,454
159576001,33.1169,32.7133,455,37436,0.0366201,0.03,1,2037130,2036675,455
159578921,36.6468,33.4853,460,37492,0.0446481,0.05,1,2037169,2036709,460
159581841,24.2587,35.5941,439,37548,0.0478592,0.03,1,2037185,2036746,439
159584761,33.7035,25.0377,461,37604,0.0251437,0.03,1,2037225,2036764,461
159587681,61.4814,33.4151,502,37660,0.0520575,0.07,1,2037305,2036803,502
159590601,44.3926,61.366,455,37716,0.050823,0.03,1,2037338,2036883,455
159593521,31.557,44.9464,444,37772,0.0503292,0,1,2037361,2036917,444
159596441,27.6228,31.7786,446,37828,0.0741317,0.07,1,2037386,2036940,446
159599361,28.4491,26.5114,452,37884,0.0476527,0.03,1,2037415,2036963,452
159602281,37.1797,28.0046,466,37940,0.0250611,0.01,1,2037458,2036992,466
159605201,31.6719,38.2018,449,37996,0.0160244,0.03,1,2037486,2037037,449
159608121,31.2687,31.4807,453,38052,0.0124098,0.01,1,2037517,2037064,453
159611041,34.7075,31.7923,458,38108,0.0109639,0.05,1,2037554,2037096,458
159613961,35.483,33.1169,460,38163,0.0463856,0.05,1,2037590,2037130,460
159616881,24.3932,36.6468,438,38218,0.0365542,0.05,1,2037607,2037169,438
159619801,33.7573,24.2587,462,38273,0.0446217,0.01,1,2037647,2037185,462
159622721,62.7029,33.7035,504,38328,0.0358487,0.07,1,2037729,2037225,504
159625641,46.0812,61.4814,459,38383,0.0203395,0.05,1,2037764,2037305,459
159628561,31.6325,44.3926,448,38438,0.0621358,0.05,1,2037786,2037338,448
159631481,26.453,31.557,448,38493,0.0908543,0.09,1,2037809,2037361,448
159634401,27.3812,27.6228,451,38548,0.0903417,0.03,1,2037837,2037386,451
159637321,36.7525,28.4491,465,38603,0.0781367,0.01,1,2037880,2037415,465
159640241,15.901,37.1797,424,38658,0.0732547,0.01,1,2037882,2037458,424
159643161,23.7604,31.6719,425,38713,0.0473019,0.01,1,2037911,2037486,425
159646081,26.3042,31.2687,422,38768,0.0369207,0.01,1,2037939,2037517,422
159649001,33.9217,34.7075,424,38822,0.0567683,0.07,1,2037978,2037554,424
159651921,35.1687,35.483,424,38876,0.0647073,0.03,1,2038014,2037590,424
159654841,24.2675,24.3932,424,38930,0.0798829,0.05,1,2038031,2037607,424
159657761,33.107,33.7573,423,38984,0.0499532,0.03,1,2038070,2037647,423
159660681,62.4428,62.7029,423,39038,0.0259813,0.01,1,2038152,2037729,423
159663601,47.1771,46.0812,425,39092,0.0283925,0.09,1,2038189,2037764,425
159666521,32.6708,31.6325,426,39146,0.029357,0.11,1,2038212,2037786,426
159669441,27.4683,26.453,427,39200,0.0417428,0.09,1,2038236,2037809,427
159672361,27.7873,27.3812,427,39254,0.0706971,0.07,1,2038264,2037837,427
159686961,34.6631,33.9217,424,39524,0.0761127,0.07,1,2038402,2037978,424
159689881,36.0652,35.1687,425,39577,0.0604451,0.09,1,2038439,2038014,425
159692801,22.8261,24.2675,422,39630,0.054178,0.03,1,2038453,2038031,422
159695721,32.5304,33.107,422,39683,0.0516712,0.01,1,2038492,2038070,422
159698641,62.2122,62.4428,422,39736,0.0506685,0.03,1,2038574,2038152,422
159701561,47.0849,47.1771,422,39789,0.0382674,0.03,1,2038611,2038189,422
159704481,33.2339,32.6708,423,39842,0.057307,0.05,1,2038635,2038212,423
159707401,29.4936,27.4683,426,39895,0.0649228,0.09,1,2038662,2038236,426
159710321,28.5974,27.7873,426,39948,0.0679691,0.13,1,2038690,2038264,426
159713241,37.239,35.7149,428,40001,0.0811877,0.13,1,2038733,2038305,428
159716161,16.0956,15.486,428,40054,0.0864751,0.15,1,2038735,2038307,428
159719081,22.0382,22.3944,427,40107,0.07659,0.15,1,2038761,2038334,427
159722001,23.2153,8.95776,451,40160,0.096636,0.15,1,2038785,2038334,451
159724921,32.0861,19.7831,462,40213,0.0566544,0.03,1,2038823,2038361,462
159727841,35.0344,32.5132,458,40266,0.0406618,0.05,1,2038860,2038402,458
159730761,22.4138,35.2053,435,40318,0.0462647,0.05,1,2038874,2038439,435
159733681,32.9655,22.4821,461,40370,0.0485059,0.05,1,2038914,2038453,461
159736601,61.7862,32.3928,503,40422,0.0494024,0.05,1,2038995,2038492,503
159739521,46.9145,62.1571,458,40474,0.0857609,0.03,1,2039032,2038574,458
159742441,34.3658,47.0629,447,40526,0.0763044,0.07,1,2039058,2038611,447
159745361,29.3463,33.2251,449,40578,0.0725218,0.07,1,2039084,2038635,449
159748281,28.5385,29.4901,450,40630,0.0710087,0.07,1,2039112,2038662,450
159751201,37.8154,28.596,466,40682,0.0824035,0.09,1,2039156,2038690,466
159754121,16.3262,37.2384,425,40734,0.0869614,0.09,1,2039158,2038733,425
159774561,61.7746,32.9655,504,41096,0.2353,0.05,1,2039418,2038914,504
159777481,47.5098,61.7862,461,41147,0.28012,0.11,1,2039456,2038995,461
159780401,34.6039,46.9145,450,41198,0.298048,0.07,1,2039482,2039032,450
159806681,33.6041,34.8532,431,41657,0.404786,0.19,1,2039714,2039283,431
159809601,21.8416,22.3413,431,41708,0.443914,0.19,1,2039728,2039297,431
159812521,32.7366,32.9365,431,41759,0.435566,0.27,1,2039768,2039337,431
159815441,64.0947,61.7746,435,41810,0.444226,0.31,1,2039853,2039418,435
159903041,36.4928,50.3542,478,43297,0.754391,0.65,2,2040816,2040338,478
159905961,30.1971,36.3417,477,43346,0.763757,0.61,2,2040842,2040365,477
159908881,30.0788,30.1367,481,43395,0.779503,0.61,2,2040872,2040391,481
159938081,65.8181,34.3252,542,43878,0.941144,0.71,2,2041204,2040662,542
160117661,90.6627,99.9622,495,21469,0.099952,0.87,1,2043324,2042829,495
160120581,67.4651,78.9849,482,21568,0.0819808,0.69,1,2043376,2042894,482
160123501,73.786,66.9939,501,21666,0.0387923,0.41,1,2043454,2042953,501
160126421,45.1144,69.3976,456,21764,0.0335169,0.33,1,2043480,2043024,456
160129341,38.4458,50.559,452,21861,0.0794068,0.13,1,2043514,2043062,452
160152701,62.9177,15.2036,506,22626,0.0909609,0.13,1,2044020,2043514,506
160161461,61.0747,66.877,482,22906,0.212461,0.15,1,2044228,2043746,482
160176061,84.5169,62.9024,523,23365,0.225155,0.19,1,2044543,2044020,523
160178981,69.2068,80.961,489,23456,0.264062,0.21,1,2044602,2044113,489
160187741,41.2452,70.6295,451,23726,0.40882,0.17,1,2044756,2044305,451
160190661,40.4981,41.4518,469,23815,0.433528,0.19,1,2044796,2044327,469
160228621,62.7746,61.3056,452,24947,0.770846,0.67,2,2045550,2045098,452
160231541,72.5098,71.3222,453,25032,0.794338,0.67,2,2045629,2045176,453
160234461,44.6039,42.9289,455,25117,0.779735,0.71,2,2045655,2045200,455
160251981,62.9081,51.1346,517,25619,0.926985,0.79,2,2046008,2045491,517
160360021,44.0292,45.8482,515,28517,0.914189,1,2,2048039,2047524,515
160362941,35.0117,38.1393,511,28591,0.935676,1,2,2048068,2047557,511
160412581,43.5893,44.3956,488,29824,0.770336,0.53,2,2048954,2048466,488
160415501,18.6357,42.3582,449,29895,0.782135,0.57,2,2048956,2048507,449
160430101,72.019,68.6437,459,30247,0.900838,0.71,2,2049245,2048786,459
160447621,23.1633,23.0543,461,30664,0.93958,0.85,2,2049443,2048982,461
160450541,60.2653,58.4217,464,30733,0.945832,0.89,2,2049528,2049064,464
160561501,41.5785,39.0319,493,33248,0.946,1,2,2051314,2050821,493
160564421,30.4314,30.0128,492,33312,0.9244,1,2,2051337,2050845,492
160567341,22.3726,26.4051,485,33375,0.92776,1,2,2051354,2050869,485
160576101,29.8238,32.9859,478,33564,0.791617,1,2,2051478,2051000,478
160614061,65.6611,43.7718,533,34375,0.789599,0.51,2,2052076,2051543,533
160619901,41.2258,44.5635,488,34498,0.799536,0.65,2,2052144,2051656,488
160622821,50.0903,39.4254,508,34559,0.793814,0.63,2,2052200,2051692,508
160625741,38.0361,50.5702,480,34620,0.791526,0.61,2,2052230,2051750,480
160628661,29.6144,37.6281,475,34681,0.79061,0.67,2,2052254,2051779,475
160631581,21.4458,28.8512,468,34742,0.790244,0.65,2,2052270,2051802,468
160634501,48.1783,21.7405,517,34803,0.766098,0.67,2,2052336,2051819,517
160637421,39.0713,47.6962,485,34864,0.768439,0.69,2,2052369,2051884,485
160640341,30.0285,37.0785,479,34925,0.769376,0.71,2,2052393,2051914,479
160652021,41.5303,43.0644,500,35166,0.913408,0.79,2,2052604,2052104,500
160806781,36.0336,35.9085,521,38222,0.944326,1,2,2054710,2054189,521
160809701,35.4135,45.5634,504,38277,0.92973,1,2,2054745,2054241,504
160812621,30.9654,33.2254,507,38332,0.917892,1,2,2054773,2054266,507
160815541,46.5862,32.4901,532,38387,0.913157,1,2,2054830,2054298,532
160865181,38.3109,39.1318,462,39312,0.922728,0.81,2,2055467,2055005,462
160868101,22.5244,22.8527,462,39366,0.915091,0.93,2,2055479,2055017,462
160871021,27.6097,25.3411,466,39420,0.912036,0.87,2,2055510,2055044,466
160873941,26.6439,26.3364,465,39474,0.934815,0.83,2,2055536,2055071,465
160876861,31.0576,31.5346,464,39528,0.919926,0.87,2,2055570,2055106,464
160879781,34.023,33.6138,465,39581,0.94997,0.81,2,2055606,2055141,465
160882701,36.4092,38.0455,462,39634,0.937988,0.87,2,2055644,2055182,462
161005341,34.3955,31.3713,491,41814,0.934,1,2,2057136,2056645,491
161014101,59.6813,58.1438,487,41964,0.946576,1,2,2057293,2056806,487
161022861,39.9396,28.2972,512,42114,0.777941,1,2,2057412,2056900,512
161025781,32.7758,31.1189,507,42164,0.785176,1,2,2057440,2056933,507
161028701,20.3103,28.0476,493,42214,0.764071,1,2,2057452,2056959,493
161031621,11.7241,17.219,489,42264,0.779628,1,2,2057458,2056969,489
161043301,28.4281,33.4888,482,42464,0.795398,0.89,2,2057583,2057101,482
161049141,34.3085,37.7582,474,42564,0.771664,0.97,2,2057650,2057176,474
161075421,20.0475,19.6897,462,43007,0.765227,0.85,2,2057945,2057483,462
161078341,29.019,7.87586,497,43056,0.768091,0.85,2,2057980,2057483,497
161081261,35.0076,25.9503,498,43105,0.769236,0.83,2,2058019,2057521,498
161095861,59.1719,37.075,529,43350,0.936341,0.75,2,2058218,2057689,529
161098781,43.4688,58.63,489,43399,0.944536,0.75,2,2058251,2057762,489
161101701,43.7875,43.252,500,43448,0.947815,0.73,2,2058295,2057795,500
161104621,36.715,43.1008,489,43497,0.949126,0.75,2,2058327,2057838,489
161107541,31.486,37.0403,484,43546,0.94965,0.75,2,2058355,2057871,484
161110461,20.9944,31.6161,470,43594,0.94986,0.71,2,2058369,2057899,470
161116301,20.5191,12.6186,483,43690,0.942778,0.79,2,2058403,2057920,483
161401001,96.7299,91.7843,511,22189,0.415216,1,1,2061727,2061216,511
161409761,61.1027,80.2262,469,22475,0.263934,0.69,1,2061921,2061452,469
161412681,38.2411,44.0905,472,22569,0.219574,0.69,1,2061944,2061472,472
161415601,54.2964,37.4362,504,22663,0.201829,0.57,1,2062009,2061505,504
161424361,80.179,77.4919,523,22943,0.201797,0.31,1,2062250,2061727,523
161427281,60.8716,83.1968,484,23035,0.242719,0.29,1,2062298,2061814,484
161430201,56.7486,62.6787,489,23127,0.259088,0.23,1,2062352,2061863,489
161433121,34.6995,59.8715,451,23219,0.265635,0.19,1,2062372,2061921,451
161444801,80.1171,74.4159,515,23582,0.43808,0.21,1,2062681,2062166,515
161488601,73.8686,73.3401,452,24897,0.756942,0.59,2,2063493,2063041,452
161491521,78.7475,80.336,449,24982,0.788777,0.65,2,2063575,2063126,449
161509041,59.7755,57.1716,458,25487,0.90996,0.73,2,2063866,2063408,458
161511961,74.9102,22.8686,543,25570,0.921984,0.79,2,2063951,2063408,543
161622921,59.1775,43.9412,535,28550,0.94,1,2,2066072,2065537,535
161631681,45.1394,53.1162,522,28772,0.76408,1,2,2066211,2065689,522
161660881,38.1099,45.1393,494,29499,0.75772,0.69,2,2066705,2066211,494
161663801,59.044,40.8557,529,29571,0.777088,0.65,2,2066778,2066249,529
161666721,54.2176,63.7423,501,29643,0.778835,0.63,2,2066829,2066328,501
161669641,54.687,59.0969,500,29714,0.785534,0.61,2,2066884,2066384,500
161684241,55.3232,54.4372,459,30069,0.78287,0.77,2,2067097,2066638,459
161687161,40.7293,39.7749,460,30139,0.799148,0.77,2,2067128,2066668,460
161704681,19.8207,19.5499,462,30558,0.916062,0.83,2,2067388,2066926,462
161707601,50.5283,51.02,461,30627,0.900425,0.79,2,2067459,2066998,461
161710521,40.6113,40.808,461,30696,0.94217,0.77,2,2067493,2067032,461
161713441,53.4445,55.3232,458,30765,0.946868,0.81,2,2067555,2067097,458
161821481,55.1633,52.3585,489,33214,0.771088,1,2,2069289,2068800,489
161833161,50.0842,49.2876,488,33468,0.218508,1,1,2069448,2068960,488
161839001,38.0135,31.286,505,33594,0.0745613,1,1,2069522,2069017,505
161841921,29.6054,38.3144,486,33657,0.0478245,0.97,1,2069546,2069060,486
161844841,41.8422,48.9258,480,33720,0.0371298,0.99,1,2069596,2069116,480
161847761,55.1369,62.7703,472,33783,0.0448519,0.93,1,2069660,2069188,472
161850681,42.4547,50.9081,463,33846,0.0359408,0.65,1,2069694,2069231,463
161853601,48.1819,55.1633,457,33908,0.0143763,0.57,1,2069746,2069289,457
161856521,33.0728,40.0653,450,33970,0.0357505,0.43,1,2069769,2069319,450
161859441,21.6291,31.0261,439,34032,0.0563002,0.29,1,2069783,2069344,439
161862361,32.6516,41.2104,431,34094,0.0285201,0.11,1,2069823,2069392,431
161865281,43.0607,50.0842,425,34156,0.041408,0.09,1,2069873,2069448,425
161868201,39.4243,44.0337,422,34218,0.0465632,0.09,1,2069910,2069488,422
161871121,35.5697,17.6135,455,34280,0.0486253,0.03,1,2069943,2069488,455
161874041,28.6279,27.4454,445,34342,0.0494501,0.03,1,2069967,2069522,445
161876961,41.4512,25.3782,471,34404,0.02578,0.03,1,2070017,2069546,471
161879881,54.9805,40.1513,485,34465,0.016312,0.05,1,2070081,2069596,485
161882801,42.3922,54.4605,455,34526,0.0485248,0.03,1,2070115,2069660,455
161885721,48.1569,42.1842,473,34587,0.0374099,0,1,2070167,2069694,473
161888641,34.8627,48.0737,447,34648,0.014964,0.05,1,2070193,2069746,447
161891561,21.1451,33.0295,436,34709,0.0479856,0.07,1,2070205,2069769,436
161894481,32.458,21.6118,462,34770,0.0611942,0.01,1,2070245,2069783,462
161903241,35.1733,39.4232,454,34953,0.0737564,0.05,1,2070364,2069910,454
161906161,29.6693,35.5693,447,35013,0.0355026,0.05,1,2070390,2069943,447
161909081,41.2677,28.6277,472,35073,0.020201,0.01,1,2070439,2069967,472
161912001,54.3071,41.4511,485,35133,0.0260804,0.01,1,2070502,2070017,485
161914921,43.3228,54.9804,457,35193,0.0164322,0.07,1,2070538,2070081,457
161917841,47.3291,42.3922,473,35253,0.0125729,0.03,1,2070588,2070115,473
161920761,36.3317,48.1569,450,35313,0.0110291,0,1,2070617,2070167,450
161923681,22.9327,34.8627,438,35373,0.0224117,0.07,1,2070631,2070193,438
161926601,31.9731,21.1451,464,35433,0.0269647,0.07,1,2070669,2070205,464
161929521,46.9892,32.458,481,35493,0.0527859,0.19,1,2070726,2070245,481
161932441,37.3957,43.5832,461,35553,0.0511143,0.09,1,2070757,2070296,461
161935361,33.5583,38.4333,457,35612,0.0204457,0.05,1,2070788,2070331,457
161938281,27.8233,35.1733,448,35671,0.0141783,0.01,1,2070812,2070364,448
161941201,12.3293,29.6693,424,35730,0.0116713,0.01,1,2070814,2070390,424
161944121,33.7317,41.2677,423,35789,0.0226685,0.03,1,2070862,2070439,423
161947041,50.6927,54.3071,422,35848,0.0270674,0.01,1,2070924,2070502,422
161949961,42.4771,43.3228,423,35907,0.028827,0.01,1,2070961,2070538,423
161952881,46.3908,47.3291,422,35966,0.0415308,0.01,1,2071010,2070588,422
161955801,35.9563,36.3317,422,36025,0.0346123,0.03,1,2071039,2070617,422
161958721,23.3825,22.9327,423,36084,0.0318449,0.03,1,2071054,2070631,423
161961641,32.153,31.9731,423,36143,0.030738,0.07,1,2071092,2070669,423
161964561,48.2612,46.9892,425,36201,0.0182952,0.05,1,2071151,2070726,425
161967481,37.3045,37.3957,424,36259,0.0733181,0,1,2071181,2070757,424
161999601,48.5003,48.2612,423,36895,0.0975352,0.11,1,2071574,2071151,423
162022961,45.364,39.2015,473,37351,0.214458,0.11,1,2071856,2071383,473
162025881,36.1456,45.0806,454,37408,0.223783,0.09,1,2071886,2071432,454
162028801,22.8582,35.4322,439,37464,0.227513,0.11,1,2071900,2071461,439
162031721,33.7433,23.1729,465,37520,0.265005,0.11,1,2071941,2071476,465
162049241,35.2408,12.5304,478,37856,0.403097,0.23,1,2072142,2071664,478
162133921,45.9086,44.0267,448,39443,0.793755,0.57,2,2073187,2072739,448
162142681,35.4581,35.3377,448,39603,0.79888,0.57,2,2073276,2072828,448
162168961,32.8934,30.7714,459,40080,0.92292,0.77,2,2073590,2073131,459
162285761,29.9689,30.4989,493,42135,0.945614,1,2,2075024,2074531,493
162294521,28.558,34.2799,481,42285,0.921639,0.96,2,2075132,2074651,481
162297441,30.0232,32.912,480,42335,0.914656,1,2,2075163,2074683,480
162300361,31.2093,29.3648,485,42385,0.911862,1,2,2075195,2074710,485
162306201,39.9135,34.9384,488,42485,0.790298,1,2,2075273,2074785,488
162309121,33.9654,35.5753,482,42535,0.754119,1,2,2075303,2074821,482
162352921,29.9088,33.5042,481,43272,0.772964,0.73,2,2075784,2075303,481
162355841,29.3635,30.8017,481,43321,0.771186,0.69,2,2075813,2075332,481
162358761,25.5454,30.3207,474,43370,0.782474,0.65,2,2075836,2075362,474
162361681,45.6182,25.9283,510,43419,0.78699,0.67,2,2075895,2075385,510
162373361,40.403,43.1102,489,43613,0.928835,0.65,2,2076037,2075548,489
162425921,16.7204,31.6738,476,44476,0.932032,1,2,2076594,2076118,476
162574841,23.4966,27.7601,513,46831,0.938739,1,2,2078205,2077692,513
162577761,37.5986,26.104,535,46876,0.789495,1,2,2078252,2077717,535
162592361,33.7594,35.219,509,47101,0.447198,1,1,2078430,2077921,509
162598201,31.5615,28.795,514,47191,0.250352,1,1,2078491,2077977,514
162609881,28.9504,28.8988,503,47371,0.060985,1,1,2078601,2078098,503
162612801,12.7801,30.7595,473,47415,0.042394,1,1,2078603,2078130,473
162615721,20.7121,29.1038,471,47459,0.0469576,0.97,1,2078629,2078158,471
162618641,20.8848,27.2415,466,47503,0.036783,0.91,1,2078650,2078184,466
162621561,17.9539,23.4966,461,47547,0.0207132,0.69,1,2078666,2078205,461
162624481,30.5816,37.5986,453,47591,0.0262853,0.61,1,2078705,2078252,453
162627401,31.4326,36.0395,450,47635,0.0645141,0.61,1,2078737,2078287,450
162630321,29.3731,33.6158,446,47679,0.0438056,0.57,1,2078765,2078319,446
162633241,29.7492,33.2463,443,47723,0.0175223,0.49,1,2078795,2078352,443
162636161,41.2997,43.8985,441,47767,0.0250089,0.39,1,2078844,2078403,441
162639081,30.9199,33.7594,438,47811,0.0160036,0.27,1,2078868,2078430,438
162642001,26.7679,30.9038,433,47855,0.0604014,0.19,1,2078892,2078459,433
162644921,26.3072,31.5615,427,47899,0.0661606,0.09,1,2078918,2078491,427
162647841,23.7229,28.2246,423,47943,0.0804642,0.07,1,2078940,2078517,423
162650761,26.2891,28.6898,422,47987,0.0861857,0.11,1,2078968,2078546,422
162653681,26.7157,25.8759,425,48031,0.0524743,0.03,1,2078995,2078570,425
162656601,28.6863,28.9504,424,48075,0.0869897,0.03,1,2079025,2078601,424
162671201,30.3581,30.5816,422,48295,0.0889324,0.09,1,2079127,2078705,422
162674121,31.9432,31.4326,423,48339,0.0775729,0.03,1,2079160,2078737,423
162677041,28.9773,29.3731,422,48383,0.0730292,0,1,2079187,2078765,422
162679961,30.1909,29.7492,423,48427,0.0472117,0.03,1,2079218,2078795,423
162682881,42.0764,41.2997,424,48471,0.0488847,0.01,1,2079268,2078844,424
162685801,31.2305,30.9199,424,48514,0.0255539,0.09,1,2079292,2078868,424
162688721,26.8922,26.7679,424,48557,0.0522216,0.07,1,2079316,2078892,424
162691641,27.5569,26.3072,426,48600,0.0628886,0.09,1,2079344,2078918,426
162706241,13.1097,12.6745,425,48815,0.223047,0.13,1,2079452,2079027,425
162709161,20.2439,19.4698,426,48858,0.239219,0.13,1,2079477,2079051,426
162712081,21.2976,7.78792,448,48901,0.245688,0.11,1,2079499,2079051,448
162715001,16.919,16.3152,440,48944,0.260275,0.17,1,2079513,2079073,440
162717921,28.9676,15.5261,462,48987,0.29011,0.05,1,2079550,2079088,462
162723761,28.5148,31.6442,449,49073,0.294818,0.07,1,2079609,2079160,449
162726681,29.4059,28.8577,452,49116,0.291927,0.03,1,2079639,2079187,452
162729601,41.7624,30.1431,471,49159,0.254771,0.05,1,2079689,2079218,471
162732521,31.7049,42.0572,446,49202,0.227908,0.01,1,2079714,2079268,446
162735441,27.082,31.2229,446,49245,0.229163,0.07,1,2079738,2079292,446
162738361,30.0328,26.8892,454,49288,0.229665,0.07,1,2079770,2079316,454
162741281,25.8131,27.5557,449,49331,0.289866,0.17,1,2079793,2079344,449
162750041,32.516,26.4356,464,49460,0.286631,0.21,1,2079882,2079418,464
162752961,14.2064,29.7742,434,49503,0.288653,0.25,1,2079884,2079450,434
162779241,31.2463,41.7624,457,49883,0.414282,0.21,1,2080146,2079689,457
162782161,26.8985,31.7049,456,49925,0.435713,0.23,1,2080170,2079714,456
162785081,31.7594,27.082,467,49967,0.432285,0.23,1,2080205,2079738,467
162788001,27.7038,30.0328,460,50009,0.430914,0.33,1,2080230,2079770,460
162881441,28.7787,27.8716,450,51339,0.768216,0.59,2,2081064,2080614,450
162884361,31.9115,32.1486,449,51380,0.781287,0.59,2,2081098,2080649,449
162887281,27.7646,27.8594,449,51421,0.774515,0.57,2,2081123,2080674,449
162913561,27.3678,26.0185,453,51790,0.912657,0.65,2,2081322,2080869,453
162916481,30.1471,10.4074,485,51831,0.935063,0.65,2,2081354,2080869,485
162919401,28.8589,23.363,481,51872,0.944025,0.67,2,2081382,2080901,481
163193881,62.1708,58.8742,511,25962,0.0763513,0.99,1,2084176,2083665,511
163196801,56.6683,64.9497,495,26044,0.0605405,0.93,1,2084229,2083734,495
163199721,59.2673,72.1799,479,26125,0.0662162,0.79,1,2084290,2083811,479
163202641,40.5069,51.0719,470,26206,0.0324865,0.69,1,2084318,2083848,470
163205561,40.2028,35.4288,485,26287,0.0129946,0.65,1,2084358,2083873,485
163208481,65.2811,35.7715,531,26368,0.0231978,0.33,1,2084440,2083909,531
163211401,47.7124,71.3086,472,26448,0.0392791,0.21,1,2084476,2084004,472
163214321,61.085,50.1234,506,26528,0.0457117,0.03,1,2084546,2084040,506
163217241,58.034,71.0494,477,26608,0.0602847,0.03,1,2084602,2084125,477
163220161,52.6136,59.0198,475,26688,0.0241139,0.05,1,2084651,2084176,475
163223081,57.6454,55.4079,483,26767,0.0276455,0.07,1,2084712,2084229,483
163226001,39.8582,58.7632,450,26846,0.0530582,0.01,1,2084740,2084290,450
163228921,17.1433,40.3053,424,26925,0.0632233,0,1,2084742,2084318,424
163231841,30.2573,40.1221,423,27004,0.0432893,0.03,1,2084781,2084358,423
163234761,61.9029,65.2488,424,27082,0.0353157,0.05,1,2084864,2084440,424
163237681,47.5612,47.6995,426,27160,0.0801263,0.05,1,2084902,2084476,426
163243521,58.8498,58.0319,425,27316,0.0740202,0,1,2085027,2084602,425
163246441,52.3399,52.6128,424,27394,0.0296081,0.03,1,2085075,2084651,424
163249361,56.936,57.6451,423,27471,0.0418432,0.07,1,2085135,2084712,423
163252281,40.7744,39.858,425,27548,0.0947373,0.07,1,2085165,2084740,425
163255201,17.5098,17.1432,425,27625,0.0918949,0.03,1,2085167,2084742,425
163258121,29.2039,30.2573,423,27702,0.090758,0.03,1,2085204,2084781,423
163261041,62.0816,61.9029,424,27778,0.0663032,0.11,1,2085288,2084864,424
163263961,48.2326,47.5612,425,27854,0.0325213,0.23,1,2085327,2084902,425
163266881,61.293,58.6245,429,27930,0.0670085,0.01,1,2085397,2084968,429
163269801,55.7172,58.8498,422,28006,0.0808034,0,1,2085449,2085027,422
163272721,51.0869,52.3399,422,28082,0.0323214,0.05,1,2085497,2085075,422
163275641,57.6348,56.936,424,28157,0.0189285,0.13,1,2085559,2085135,424
163278561,42.2539,40.7744,426,28232,0.0135714,0.09,1,2085591,2085165,426
163281481,18.1016,17.5098,426,28307,0.0354286,0.09,1,2085593,2085167,426
163284401,29.4406,29.2039,426,28382,0.0321714,0.09,1,2085630,2085204,426
163287321,59.1763,11.6816,505,28457,0.0668686,0.05,1,2085709,2085204,505
163290241,47.0705,55.0726,460,28531,0.0687474,0.01,1,2085748,2085288,460
163293161,63.2282,45.4291,495,28605,0.045499,0.09,1,2085822,2085327,495
163296081,56.4913,60.1716,477,28679,0.0601996,0.09,1,2085874,2085397,477
163299001,48.9965,55.2686,469,28753,0.0240798,0,1,2085918,2085449,469
163301921,56.7986,50.9075,483,28827,0.0396319,0.01,1,2085980,2085497,483
163304841,41.9194,57.563,453,28900,0.0458528,0.01,1,2086012,2085559,453
163307761,17.9678,42.2252,423,28973,0.0603411,0.05,1,2086014,2085591,423
163310681,30.5871,18.0901,460,29046,0.0901364,0.03,1,2086053,2085593,460
163342801,48.5831,60.8348,468,29838,0.200278,0.19,1,2086602,2086134,468
163345721,20.6332,47.1339,432,29909,0.218111,0.17,1,2086604,2086172,432
163348641,50.8533,62.0536,431,29980,0.237244,0.21,1,2086675,2086244,431
163351561,53.3413,57.2214,432,30051,0.292898,0.17,1,2086730,2086298,432
163354481,44.1365,48.0886,428,30121,0.291159,0.07,1,2086768,2086340,428
163369081,64.5819,62.9577,431,30471,0.424085,0.23,1,2086994,2086563,431
163436241,52.9585,22.4196,526,32029,0.769979,0.67,2,2088009,2087483,526
163459601,56.8866,68.1022,504,32554,0.909497,0.75,2,2088393,2087889,504
163462521,23.9546,54.2409,461,32619,0.921799,0.75,2,2088395,2087934,461
163742841,42.9362,43.283,516,38342,0.904,1,2,2092416,2091900,516
163763281,21.7344,36.2931,493,38727,0.916448,1,2,2092648,2092155,493
163812921,43.3835,46.238,453,39643,0.754612,0.63,2,2093280,2092827,453
163815841,37.7534,36.4952,457,39696,0.763845,0.59,2,2093314,2092857,457
163833361,33.3676,34.0578,452,40014,0.795361,0.61,2,2093523,2093071,452
163836281,33.147,32.8231,453,40067,0.792144,0.61,2,2093556,2093103,453
163842121,42.6235,11.8517,512,40173,0.795143,0.71,2,2093626,2093114,512
163845041,36.2494,38.3407,488,40226,0.792057,0.69,2,2093658,2093170,488
163847961,29.4998,35.1363,480,40278,0.778823,0.71,2,2093683,2093203,480
163850881,45.9999,28.4545,513,40330,0.797529,0.79,2,2093740,2093227,513
163871321,32.9071,35.4181,490,40694,0.933213,0.79,2,2093981,2093491,490
164020241,30.8145,34.1258,518,43260,0.9304,1,2,2095753,2095235,518
164034841,34.7575,40.513,504,43505,0.78971,1,2,2095930,2095426,504
164052361,35.1735,30.1298,518,43793,0.281191,1,1,2096146,2095628,518
164055281,32.6694,28.8519,521,43841,0.226476,1,1,2096177,2095656,521
164064041,31.2028,30.8145,509,43985,0.0872145,0.99,1,2096262,2095753,509
164066961,31.6811,34.5258,504,44033,0.0768858,0.94,1,2096294,2095790,504
164069881,31.2725,34.2103,501,44081,0.0967543,0.83,1,2096325,2095824,501
164072801,32.909,36.4841,497,44129,0.0567017,0.78,1,2096359,2095862,497
164075721,31.1636,34.3937,494,44177,0.0286807,0.77,1,2096389,2095895,494
164078641,34.6654,34.7575,496,44225,0.0534723,0.67,1,2096426,2095930,496
164081561,28.8662,39.103,479,44273,0.0513889,0.55,1,2096451,2095972,479
164084481,32.5465,31.8412,487,44321,0.0505556,0.53,1,2096486,2095999,487
164087401,33.4186,34.3365,485,44369,0.0982222,0.39,1,2096520,2096035,485
164113681,32.1381,31.2725,425,44793,0.0703259,0.03,1,2096750,2096325,425
164116601,32.6552,32.909,424,44840,0.0461303,0.01,1,2096783,2096359,424
164119521,31.0621,31.1636,424,44887,0.0484521,0.07,1,2096813,2096389,424
164122441,35.8248,34.6654,426,44934,0.0373809,0.05,1,2096852,2096426,426
164125361,29.3299,28.8662,426,44981,0.0449523,0.05,1,2096877,2096451,426
164128281,32.732,32.5465,426,45028,0.0719809,0.13,1,2096912,2096486,426
164131201,33.4928,33.4186,426,45075,0.0827924,0.11,1,2096946,2096520,426
164166241,34.5307,35.8248,422,45633,0.225857,0.05,1,2097274,2096852,422
164201281,30.714,26.9008,462,46185,0.200368,0.17,1,2097601,2097139,462
164207121,33.8342,31.3041,464,46277,0.227659,0.21,1,2097669,2097205,464
164210041,35.1337,32.3216,467,46323,0.241064,0.25,1,2097705,2097238,467
164212961,28.4535,34.5287,455,46369,0.246425,0.15,1,2097729,2097274,455
164215881,34.1814,30.0115,466,46414,0.24857,0.19,1,2097767,2097301,466
164218801,32.8726,34.8046,460,46459,0.261428,0.17,1,2097799,2097339,460
164230481,23.3343,13.2942,458,46639,0.403893,0.15,1,2097889,2097431,458
164233401,21.3337,23.3177,448,46684,0.419557,0.15,1,2097909,2097461,448
164321001,24.1554,23.7686,456,48020,0.759447,0.67,2,2098786,2098330,456
164323921,21.6622,22.1075,455,48064,0.789779,0.67,2,2098806,2098351,455
164326841,9.86486,10.043,455,48108,0.777911,0.71,2,2098808,2098353,455
164329761,25.5459,24.4172,457,48152,0.797165,0.73,2,2098844,2098387,457
164350201,29.5665,29.2228,457,48460,0.926945,0.71,2,2099071,2098614,457
164361881,35.4801,35.4713,457,48632,0.945138,0.75,2,2099211,2098754,457
164367721,25.3568,24.1554,459,48718,0.942022,0.81,2,2099245,2098786,459
164370641,22.7427,21.6622,460,48761,0.922809,0.77,2,2099266,2098806,460
164373561,10.2971,9.86486,460,48804,0.939124,0.81,2,2099268,2098808,460
164376481,25.7188,25.5459,460,48847,0.945649,0.81,2,2099304,2098844,460
164379401,31.2875,10.2184,495,48890,0.93626,0.83,2,2099339,2098844,495
164382321,28.115,23.8874,488,48933,0.932504,0.83,2,2099365,2098877,488
164385241,31.646,25.1549,496,48976,0.943002,0.87,2,2099399,2098903,496
164569201,317.593,344.519,467,23360,0.428848,0.77,1,2101244,2100777,467
164572121,165.437,166.608,483,23451,0.201539,0.55,1,2101308,2100825,483
164583801,66.1552,74.3164,455,23810,0.0756714,0.05,1,2101572,2101117,455
164586721,58.2621,63.9265,451,23899,0.0482686,0.03,1,2101625,2101174,451
164589641,34.7048,49.5706,430,23988,0.0253074,0.03,1,2101644,2101214,430
164592561,27.6819,30.6282,435,24076,0.052123,0.05,1,2101667,2101232,435
164595481,51.2728,57.8513,426,24164,0.0508492,0.13,1,2101734,2101308,426
164598401,65.5091,68.1405,426,24252,0.0743397,0.07,1,2101809,2101383,426
164601321,64.6036,66.2562,425,24339,0.0957359,0.17,1,2101873,2101448,425
164607161,60.8566,63.401,423,24513,0.227718,0.03,1,2101995,2101572,423
164610081,55.5426,57.1604,422,24599,0.229087,0.01,1,2102047,2101625,422
164613001,34.2171,34.2642,423,24685,0.205635,0.07,1,2102067,2101644,423
164645121,68.6053,43.5899,509,25614,0.269458,0.19,1,2102666,2102157,509
164662641,28.0889,32.8043,453,26106,0.41237,0.15,1,2102949,2102496,453
164665561,50.8356,27.5217,495,26187,0.434948,0.19,1,2103015,2102520,495
164668481,71.9342,50.0087,516,26268,0.431979,0.33,1,2103101,2102585,516
164703521,61.8667,63.2598,447,27219,0.777088,0.53,2,2103742,2103295,447
164715201,53.6206,51.9859,453,27529,0.911109,0.63,2,2103911,2103458,453
164718121,72.4482,71.7943,453,27606,0.910444,0.63,2,2103996,2103543,453
164721041,30.1793,29.9177,453,27683,0.910178,0.69,2,2103998,2103545,453
164723961,54.0717,52.1671,456,27760,0.946071,0.77,2,2104068,2103612,456
164869961,42.0901,21.1969,524,31344,0.298966,1,1,2106624,2106100,524
164875801,35.4144,36.9915,514,31479,0.0970345,1,1,2106691,2106177,514
164878721,32.7658,38.7966,505,31546,0.0808138,0.99,1,2106722,2106217,505
164881641,41.3063,32.9186,523,31613,0.0983255,1,1,2106769,2106246,523
164884561,48.3225,44.3675,524,31680,0.0573302,0.94,1,2106822,2106298,524
164887481,43.929,49.547,512,31747,0.0409321,0.85,1,2106863,2106351,512
164890401,39.1716,49.2188,499,31814,0.0583728,0.77,1,2106899,2106400,499
164893321,73.2686,47.8875,548,31881,0.0413491,0.43,1,2106995,2106447,548
164896241,46.1075,84.555,467,31947,0.0585397,0.23,1,2107023,2106556,467
164907921,29.894,35.4142,455,32211,0.0854506,0.07,1,2107146,2106691,455
164910841,38.3576,32.7657,468,32277,0.0761802,0.11,1,2107190,2106722,468
164913761,47.743,41.3063,475,32343,0.0964721,0.03,1,2107244,2106769,475
164916681,43.6972,48.3225,463,32408,0.0445888,0.03,1,2107285,2106822,463
164919601,39.0789,43.929,458,32473,0.0358355,0.07,1,2107321,2106863,458
164922521,73.2316,39.1716,518,32538,0.0563342,0.03,1,2107417,2106899,518
164925441,45.4926,73.2686,449,32603,0.0525337,0.07,1,2107444,2106995,449
164928361,40.997,46.1075,459,32668,0.0510135,0.13,1,2107482,2107023,459
164931281,32.5988,38.843,452,32733,0.0744054,0.11,1,2107509,2107057,452
164934201,14.2395,32.3372,426,32798,0.0837622,0.11,1,2107511,2107085,426
164937121,26.0958,32.7349,427,32862,0.0755049,0.07,1,2107545,2107118,427
164942961,36.8153,38.3576,425,32990,0.0612808,0.11,1,2107615,2107190,425
164945881,45.9261,47.743,423,33054,0.0905123,0.01,1,2107667,2107244,423
164948801,42.9705,43.6972,423,33118,0.0782049,0.03,1,2107708,2107285,423
164951721,40.5882,39.0789,426,33182,0.085282,0.07,1,2107747,2107321,426
164975081,35.0406,36.8153,423,33688,0.210446,0.11,1,2108038,2107615,423
164978001,47.0163,45.9261,426,33751,0.222179,0.07,1,2108093,2107667,426
164980921,42.2065,42.9705,424,33814,0.214871,0.09,1,2108132,2107708,424
164986761,75.513,74.4353,426,33939,0.205979,0.11,1,2108270,2107844,426
164989681,45.2052,44.1741,427,34001,0.220392,0.13,1,2108295,2107868,427
164992601,40.2821,40.4696,426,34063,0.214157,0.11,1,2108332,2107906,426
164995521,34.1128,33.5879,427,34125,0.235663,0.11,1,2108362,2107935,427
164998441,14.8451,14.6351,427,34187,0.244265,0.13,1,2108364,2107937,427
165001361,27.5381,26.2541,429,34249,0.271706,0.13,1,2108400,2107971,429
165004281,27.2152,10.5016,456,34311,0.270682,0.17,1,2108427,2107971,456
165013041,41.5338,46.0081,468,34496,0.404444,0.21,1,2108561,2108093,468
165015961,39.4135,41.8032,467,34557,0.419777,0.19,1,2108599,2108132,467
165077281,45.7859,47.9036,453,35820,0.767618,0.63,2,2109416,2108963,453
165080201,42.3143,43.1615,453,35879,0.793047,0.63,2,2109456,2109003,453
165091881,42.6464,42.1881,458,36115,0.908446,0.73,2,2109668,2109210,458
165094801,35.0586,34.8753,458,36174,0.909378,0.73,2,2109698,2109240,458
165097721,15.2234,15.1501,458,36232,0.909751,0.73,2,2109700,2109242,458
165100641,31.2894,31.26,458,36290,0.933901,0.71,2,2109742,2109284,458
165103561,29.9157,29.904,458,36348,0.93156,0.73,2,2109771,2109313,458
165106481,13.1663,13.1616,458,36406,0.906624,0.69,2,2109773,2109315,458
165112321,47.7066,45.7859,460,36522,0.94786,0.81,2,2109876,2109416,460
165258321,36.218,38.6662,493,39310,0.946788,1,2,2111819,2111326,493
165261241,33.6872,35.2665,492,39364,0.936715,1,2,2111851,2111359,492
165267081,84.83,83.0426,499,39472,0.767874,1,2,2111999,2111500,499
165287521,30.2118,32.6562,478,39844,0.440508,0.95,1,2112201,2111723,478
165290441,21.0847,20.8625,480,39897,0.446203,1,1,2112216,2111736,480
165293361,34.2339,36.545,476,39950,0.400481,0.92,1,2112259,2111783,476
165305041,78.0556,11.63,578,40162,0.442492,0.69,1,2112455,2111877,578
165363441,29.5622,31.0077,476,41200,0.761729,0.55,2,2113091,2112615,476
165366361,20.2249,29.2031,462,41251,0.766692,0.55,2,2113105,2112643,462
165369281,32.69,20.0812,489,41302,0.768677,0.55,2,2113146,2112657,489
165372201,28.676,32.0325,475,41353,0.793471,0.59,2,2113172,2112697,475
165389721,28.1164,35.8075,456,41659,0.909358,0.69,2,2113414,2112958,456
165392641,25.0466,27.523,457,41710,0.921743,0.71,2,2113437,2112980,457
165395561,18.4186,19.4092,457,41761,0.902697,0.73,2,2113451,2112994,457
165401401,33.187,31.9055,460,41862,0.928032,0.77,2,2113523,2113063,460
165404321,30.0748,29.5622,460,41912,0.941213,0.77,2,2113551,2113091,460
165407241,20.4299,20.2249,460,41962,0.922485,0.77,2,2113565,2113105,460
165602881,179.855,191.966,472,20440,0.7876,1,2,2115938,2115466,472
165605801,115.142,104.986,497,20544,0.77704,0.91,2,2116010,2115513,497
165608721,74.2567,75.5945,488,20647,0.760816,0.71,2,2116057,2115569,488
165611641,120.303,122.038,486,20750,0.754326,0.67,2,2116208,2115722,486
165614561,76.9211,93.8151,459,20852,0.77573,0.65,2,2116256,2115797,459
165617481,48.1684,50.126,467,20954,0.760292,0.71,2,2116285,2115818,467
165620401,28.8674,30.2504,466,21055,0.754117,0.79,2,2116301,2115835,466
165626241,70.2588,79.9601,458,21256,0.904259,0.75,2,2116468,2116010,458
165705081,74.8523,36.4133,574,23802,0.919696,1,2,2118289,2117715,574
165710921,46.8964,65.1061,507,23980,0.765151,1,2,2118385,2117878,507
165719681,67.2494,71.9428,486,24244,0.22105,1,1,2118611,2118125,486
165722601,45.4997,48.5771,484,24331,0.0884199,1,1,2118642,2118158,484
165725521,30.1999,38.6308,472,24418,0.0893679,0.87,1,2118662,2118190,472
165728441,65.48,74.8523,462,24505,0.0537472,0.75,1,2118751,2118289,462
165731361,63.392,67.7409,461,24591,0.0634989,0.73,1,2118813,2118352,461
165734281,41.5568,46.8964,455,24677,0.0433996,0.73,1,2118840,2118385,455
165737201,37.0227,38.5585,456,24763,0.0713598,0.15,1,2118874,2118418,456
165745961,41.7295,45.4997,426,25019,0.082567,0.09,1,2119068,2118642,426
165748881,26.8918,30.1999,423,25104,0.0870268,0.03,1,2119085,2118662,423
165751801,63.5567,65.48,422,25188,0.0528107,0.07,1,2119173,2118751,422
165754721,62.6227,63.392,422,25272,0.0631243,0.03,1,2119235,2118813,422
165757641,41.2491,41.5568,422,25356,0.0432497,0.09,1,2119262,2118840,422
165760561,39.2996,37.0227,426,25440,0.0712999,0.09,1,2119300,2118874,426
165763481,90.7199,14.8091,551,25523,0.0825199,0.15,1,2119425,2118874,551
165766401,60.2879,80.9236,466,25606,0.087008,0.09,1,2119465,2118999,466
165778081,61.6682,63.3292,483,25935,0.0664994,0.07,1,2119656,2119173,483
165781001,40.8673,62.5317,448,26017,0.0325998,0.03,1,2119683,2119235,448
165783921,40.3469,41.2127,461,26098,0.0430399,0.09,1,2119723,2119262,461
165792681,41.4142,60.2856,454,26341,0.240115,0.13,1,2119919,2119465,454
165795601,27.9657,40.3142,446,26421,0.246046,0.13,1,2119938,2119492,446
165798521,59.7863,26.9257,509,26501,0.248418,0.17,1,2120019,2119510,509
165801441,58.7145,61.1703,483,26581,0.225367,0.01,1,2120077,2119594,483
165810201,97.5257,40.3469,559,26819,0.212904,0.21,1,2120282,2119723,559
165813121,63.6103,92.3388,473,26898,0.247161,0.23,1,2120323,2119850,473
165816041,26.6441,61.5355,434,26977,0.260865,0.27,1,2120325,2119891,434
165818961,28.0576,41.4142,435,27056,0.278346,0.25,1,2120354,2119919,435
165821881,22.6231,27.9657,435,27134,0.273338,0.25,1,2120373,2119938,435
165824801,57.0492,59.7863,434,27212,0.295335,0.21,1,2120453,2120019,434
165845241,27.6579,28.0576,434,27753,0.412915,0.27,1,2120788,2120354,434
165894881,27.745,66.0518,452,29022,0.761911,0.63,2,2121650,2121198,452
165897801,29.098,27.6207,480,29095,0.790764,0.59,2,2121680,2121200,480
165906561,61.8863,60.8077,515,29313,0.913889,0.69,2,2121850,2121335,515
165909481,39.1545,59.7231,480,29385,0.911556,0.71,2,2121874,2121394,480
165912401,40.8618,38.2892,498,29457,0.910622,0.71,2,2121916,2121418,498
165915321,105.745,40.5157,605,29529,0.946249,0.73,2,2122065,2121460,605
166014601,30.1499,30.5123,520,31877,0.928,1,2,2123618,2123098,520
166160601,53.1996,37.5501,545,35041,0.9304,1,2,2125829,2125284,545
166163521,81.2798,70.82,552,35101,0.79816,1,2,2125929,2125377,552
166183961,36.0243,35.1101,521,35521,0.261977,1,1,2126167,2125646,521
166186881,33.6097,42.244,506,35581,0.266791,1,1,2126199,2125693,506
166189801,36.8439,38.4976,509,35640,0.256716,0.96,1,2126238,2125729,509
166192721,22.5376,36.999,486,35699,0.276687,0.9,1,2126251,2125765,486
166216081,31.3764,33.0609,435,36171,0.400155,0.21,1,2126564,2126129,435
166219001,36.5506,36.0243,437,36229,0.418062,0.27,1,2126604,2126167,437
166221921,33.8202,33.6097,437,36287,0.437225,0.25,1,2126636,2126199,437
166283241,28.5825,30.0838,480,37492,0.757667,0.65,2,2127423,2126943,480
166286161,31.833,28.2335,487,37548,0.789067,0.67,2,2127457,2126970,487
166289081,37.3332,32.2934,493,37604,0.789627,0.67,2,2127498,2127005,493
166292001,35.9333,37.5174,487,37660,0.777851,0.67,2,2127533,2127046,487
166294921,38.3733,34.8069,494,37716,0.79714,0.69,2,2127573,2127079,494
166306601,47.9552,72.3247,487,37940,0.908359,0.69,2,2127762,2127275,487
166309521,41.9821,48.1299,493,37996,0.933344,0.73,2,2127800,2127307,493
166478881,113.414,109.136,522,18597,0.090736,0.91,1,2130244,2129722,522
166481801,61.5657,86.2544,478,18711,0.0662944,0.81,1,2130271,2129793,478
166484721,36.0263,55.5017,462,18824,0.0685178,0.63,1,2130290,2129828,462
166487641,51.0105,56.4007,466,18937,0.0334071,0.21,1,2130351,2129885,466
166490561,69.0042,95.1603,426,19049,0.0793628,0.05,1,2130432,2130006,426
166493481,112.802,122.064,428,19160,0.0317451,0.03,1,2130574,2130146,428
166496401,100.921,107.626,423,19271,0.0306981,0.05,1,2130667,2130244,423
166499321,57.1683,59.2503,424,19381,0.0662792,0.07,1,2130695,2130271,424
166502241,33.6673,35.1001,423,19490,0.0805117,0.01,1,2130713,2130290,423
166505161,50.0669,50.64,423,19599,0.0622047,0.01,1,2130774,2130351,423
166511001,110.371,56.7024,563,19815,0.0759527,0,1,2130995,2130432,563
166513921,100.548,107.881,515,19922,0.0843811,0.03,1,2131089,2130574,515
166528521,108.582,70.3764,560,20448,0.218928,0.05,1,2131418,2130858,560
166531441,101.033,110.351,519,20552,0.201571,0.09,1,2131514,2130995,519
166537281,34.6453,57.6161,446,20758,0.215851,0.15,1,2131564,2131118,446
166540201,50.4581,33.8464,489,20860,0.236341,0.15,1,2131625,2131136,489
166543121,74.7832,50.1386,519,20962,0.256536,0.19,1,2131716,2131197,519
166546041,31.1133,73.4554,432,21063,0.264614,0.25,1,2131718,2131286,432
166548961,92.8453,108.582,434,21164,0.279846,0.19,1,2131852,2131418,434
166569401,92.3681,92.8453,434,21855,0.42831,0.33,1,2132286,2131852,434
166598601,35.0456,49.7116,467,22807,0.755825,0.61,2,2132883,2132416,467
166601521,53.0182,30.6846,514,22900,0.78833,0.63,2,2132948,2132434,514
166613201,99.9973,93.7471,558,23268,0.929733,0.73,2,2133287,2132729,558
166616121,62.1989,97.4989,495,23359,0.929893,0.75,2,2133324,2132829,495
166619041,35.6796,60.5995,477,23450,0.941957,0.77,2,2133342,2132865,477
166621961,54.4718,35.0398,526,23540,0.946783,0.81,2,2133409,2132883,526
166724161,92.8213,47.9367,600,26508,0.0838424,1,1,2135556,2134956,600
166727081,94.7285,92.3747,574,26588,0.075537,1,1,2135652,2135078,574
166730001,59.4914,102.95,500,26668,0.0602148,0.77,1,2135688,2135188,500
166732921,38.1966,68.18,479,26747,0.0420859,0.67,1,2135712,2135233,479
166735841,31.4786,45.272,476,26826,0.0828344,0.57,1,2135739,2135263,476
166738761,23.9915,36.7088,464,26905,0.0511337,0.45,1,2135758,2135294,464
166741681,10.7966,29.0835,442,26984,0.0204535,0.21,1,2135760,2135318,442
166744601,34.3186,47.6334,432,27062,0.0861814,0.05,1,2135810,2135378,432
166750441,87.931,92.8213,422,27218,0.084589,0.07,1,2135978,2135556,422
166753361,93.9724,94.7285,424,27296,0.0758356,0.05,1,2136076,2135652,424
166756281,58.589,59.4914,423,27374,0.0483342,0.03,1,2136111,2135688,423
166759201,40.2356,38.1966,427,27451,0.0493337,0.11,1,2136139,2135712,427
166762121,29.8942,31.4786,423,27528,0.0617335,0.03,1,2136162,2135739,423
166765041,25.1577,23.9915,426,27605,0.0546934,0,1,2136184,2135758,426
166767961,11.2631,10.7966,426,27682,0.0518774,0.13,1,2136186,2135760,426
166770881,34.5052,34.3186,426,27759,0.0747509,0.17,1,2136236,2135810,426
166805921,95.1223,84.4083,526,28660,0.225091,0.11,1,2136926,2136400,526
166808841,57.2489,93.7633,458,28734,0.264036,0.13,1,2136958,2136500,458
166811761,40.2996,57.3053,454,28808,0.267614,0.09,1,2136987,2136533,454
166838041,41.5357,57.2489,465,29462,0.405225,0.27,1,2137423,2136958,465
166840961,31.6143,40.2996,461,29534,0.43209,0.33,1,2137448,2136987,461
166843881,25.8457,30.5198,459,29606,0.442836,0.31,1,2137470,2137011,459
166846801,11.5383,26.0079,438,29677,0.447134,0.31,1,2137472,2137034,438
166849721,37.0153,11.6032,490,29748,0.448854,0.35,1,2137526,2137036,490
166890601,97.3327,95.2532,449,30728,0.768725,0.59,2,2138251,2137802,449
166911041,49.2912,47.8238,455,31207,0.914809,0.71,2,2138480,2138025,455
167042441,95.8396,96.6486,494,34124,0.75832,1,2,2140627,2140133,494
167074561,88.9613,77.5842,563,34800,0.789378,0.67,2,2141082,2140519,563
167077481,51.7845,95.8337,482,34861,0.777751,0.65,2,2141109,2140627,482
167097921,39.9156,29.3639,499,35283,0.797823,0.71,2,2141304,2140805,499
167121281,22.8115,27.8902,461,35760,0.905365,0.81,2,2141640,2141179,461
167132961,39.968,39.9156,462,35996,0.916505,0.81,2,2141766,2141304,462
167135881,38.7872,38.7662,462,36055,0.936602,0.83,2,2141804,2141342,462
167318381,148.471,156.428,457,17761,0.0812051,0.13,1,2144450,2143993,457
167321301,92.9882,86.5712,473,17881,0.038482,0.05,1,2144506,2144033,473
167324221,51.5953,71.2285,436,18000,0.0153928,0.03,1,2144530,2144094,436
167327141,38.0381,54.2914,422,18118,0.0361571,0.03,1,2144559,2144137,422
167330061,33.2152,30.1166,438,18235,0.0444628,0.03,1,2144589,2144151,438
167332981,130.286,138.047,423,18351,0.0177851,0.03,1,2144784,2144361,423
167335901,105.514,108.619,423,18467,0.0131141,0.01,1,2144873,2144450,423
167338821,75.8058,77.0475,423,18582,0.0352456,0,1,2144929,2144506,423
167341741,44.1223,45.219,422,18696,0.0140982,0.05,1,2144952,2144530,422
167344661,35.0489,35.4876,422,18810,0.0476393,0.05,1,2144981,2144559,422
167347581,33.2196,32.195,424,18923,0.0250557,0,1,2145013,2144589,424
167350501,130.288,129.878,424,19035,0.0100223,0.01,1,2145208,2144784,424
167353421,105.515,105.351,424,19146,0.0220089,0.05,1,2145297,2144873,424
167356341,74.6061,75.7405,422,19257,0.0628036,0,1,2145351,2144929,422
167359261,43.6424,44.0962,422,19367,0.0311214,0.07,1,2145374,2144952,422
167362181,35.457,35.0385,423,19477,0.0424486,0.01,1,2145404,2144981,423
167365101,32.7828,33.2154,422,19586,0.0229794,0.01,1,2145435,2145013,422
167368021,129.513,13.2862,616,19694,0.00919177,0,1,2145629,2145013,616
167370941,105.205,122.314,510,19802,0.0336767,0.03,1,2145718,2145208,510
167373861,76.2821,102.326,478,19909,0.0314707,0.09,1,2145775,2145297,478
167376781,42.5128,73.3303,444,20016,0.0665883,0.01,1,2145795,2145351,444
167379701,35.6051,43.1321,452,20122,0.0446353,0.05,1,2145826,2145374,452
167382621,32.2421,35.2528,452,20227,0.0478541,0.01,1,2145856,2145404,452
167385541,129.297,32.7011,615,20332,0.0191416,0,1,2146050,2145435,615
167388461,105.719,129.48,511,20436,0.0256567,0.05,1,2146140,2145629,511
167391381,77.6875,105.192,481,20540,0.0522627,0.03,1,2146199,2145718,481
167394301,42.475,76.2769,443,20643,0.0509051,0.09,1,2146218,2145775,443
167397221,34.99,42.5107,453,20746,0.074362,0.03,1,2146248,2145795,453
167400141,33.196,35.6043,454,20848,0.0597448,0.05,1,2146280,2145826,454
167403061,129.078,32.2417,617,20950,0.0778979,0,1,2146473,2145856,617
167405981,105.031,129.297,512,21051,0.0971592,0.03,1,2146562,2146050,512
167443941,131.027,128.07,432,22325,0.232926,0.13,1,2147329,2146897,432
167446861,106.411,107.628,428,22420,0.27917,0.13,1,2147419,2146991,428
167449781,43.7642,44.2511,428,22515,0.297668,0.13,1,2147421,2146993,428
167461461,31.6916,29.7168,461,22889,0.402804,0.19,1,2147562,2147101,461
167464381,132.077,29.8867,630,22982,0.443122,0.27,1,2147761,2147131,630
167497961,32.5088,33.9859,448,24065,0.760557,0.53,2,2148385,2147937,448
167525701,35.3103,35.1982,496,24931,0.94684,0.85,2,2148918,2148422,496
167611841,48.3767,43.7746,493,27365,0.77128,1,2,2150686,2150193,493
167620601,34.4401,34.1216,491,27596,0.412962,1,1,2150792,2150301,491
167641041,41.1126,45.7507,451,28129,0.0611232,0.47,1,2151181,2150730,451
167643961,27.8451,35.1003,442,28204,0.0784493,0.33,1,2151200,2150758,442
167646881,28.538,34.4401,437,28279,0.0853797,0.37,1,2151229,2150792,437
167649801,24.6152,27.576,436,28354,0.0761519,0.37,1,2151251,2150815,436
167652721,27.8461,11.0304,466,28429,0.0844608,0.27,1,2151281,2150815,466
167655641,111.338,22.4122,603,28503,0.0757843,0.09,1,2151448,2150845,603
167676081,24.3996,28.5272,446,29019,0.209388,0.07,1,2151675,2151229,446
167679001,28.3598,24.6109,455,29092,0.209755,0.09,1,2151706,2151251,455
167681921,112.744,27.8443,594,29165,0.281902,0.07,1,2151875,2151281,594
167746161,52.6118,51.5042,450,30722,0.750386,0.61,2,2152854,2152404,450
167749081,41.4447,41.0017,450,30791,0.786155,0.61,2,2152888,2152438,450
167752001,38.7779,38.6007,450,30860,0.788462,0.63,2,2152925,2152475,450
167769521,50.3641,49.8235,455,31269,0.900455,0.71,2,2153219,2152764,455
167775361,55.0983,14.2118,523,31405,0.903673,0.79,2,2153313,2152790,523
167778281,42.4393,44.0847,493,31472,0.919469,0.81,2,2153347,2152854,493
167781201,39.7757,38.0339,497,31539,0.925788,0.79,2,2153385,2152888,497
167784121,30.3103,37.4136,484,31606,0.940315,0.85,2,2153409,2152925,484
167900921,39.8376,41.1289,497,34182,0.944464,1,2,2155267,2154770,497
167906761,29.654,13.5406,526,34306,0.929914,1,2,2155325,2154799,526
167909681,34.0616,23.4163,533,34368,0.929966,1,2,2155362,2154829,533
167918441,33.1159,32.1226,534,34552,0.785518,1,2,2155457,2154923,534
167924281,61.4585,116.26,512,34674,0.448483,0.96,1,2155634,2155122,512
167930121,43.3134,42.7215,521,34796,0.221757,1,1,2155703,2155182,521
167938881,27.6841,35.1342,494,34979,0.0744325,0.91,1,2155793,2155299,494
167941801,32.0736,29.6537,503,35039,0.059773,0.93,1,2155828,2155325,503
167950561,31.4527,30.2898,491,35219,0.0794255,0.75,1,2155913,2155422,491
167953481,89.3811,33.1159,584,35279,0.0497702,0.47,1,2156041,2155457,584
167956401,54.3524,96.6464,476,35339,0.0259081,0.35,1,2156072,2155596,476
167959321,33.141,61.4585,457,35399,0.0643632,0.25,1,2156091,2155634,457
167962241,36.6564,37.7834,474,35459,0.0917453,0.15,1,2156130,2155656,474
167965161,36.2626,43.3134,463,35519,0.0666981,0.09,1,2156166,2155703,463
167968081,30.705,39.5253,453,35579,0.0686792,0.09,1,2156193,2155740,453
167971001,26.682,33.2101,448,35638,0.0694717,0.05,1,2156217,2155769,448
167973921,33.4728,27.6841,462,35697,0.0457887,0.05,1,2156255,2155793,462
167976841,14.5891,32.0736,429,35756,0.0363155,0.15,1,2156257,2155828,429
167979761,20.8356,27.8294,429,35815,0.0925262,0.13,1,2156282,2155853,429
167985601,30.3337,31.4527,426,35933,0.0952042,0.03,1,2156339,2155913,426
167988521,87.1335,89.3811,423,35992,0.0800817,0.01,1,2156464,2156041,423
167991441,54.6534,54.3524,425,36051,0.0620327,0.09,1,2156497,2156072,425
167994361,32.6614,33.141,424,36110,0.0788131,0.11,1,2156515,2156091,424
167997281,37.6645,36.6564,426,36169,0.0615252,0.05,1,2156556,2156130,426
168000201,36.6658,36.2626,426,36227,0.0786101,0.07,1,2156592,2156166,426
168003121,31.4663,30.705,427,36285,0.061444,0.07,1,2156620,2156193,427
168006041,25.7865,26.682,425,36343,0.0665776,0.03,1,2156642,2156217,425
168011881,14.6858,14.5891,426,36459,0.0958524,0.13,1,2156683,2156257,426
168017721,20.1097,20.3343,425,36575,0.0837364,0.09,1,2156727,2156302,425
168026481,54.903,54.6534,424,36749,0.265759,0.09,1,2156921,2156497,424
168029401,32.7612,32.6614,424,36807,0.268304,0.05,1,2156939,2156515,424
168032321,37.7045,37.6645,424,36864,0.293321,0.09,1,2156980,2156556,424
168049841,19.1283,5.87434,448,37206,0.287683,0.11,1,2157131,2156683,448
168052761,19.6513,16.7497,444,37263,0.277073,0.07,1,2157151,2156707,444
168055681,31.2605,18.6999,463,37320,0.296829,0.15,1,2157190,2156727,463
168064441,33.8247,54.8128,452,37490,0.413797,0.27,1,2157373,2156921,452
168067361,39.3299,32.7251,477,37546,0.423519,0.31,1,2157416,2156939,477
168070281,37.9319,37.69,473,37602,0.427408,0.37,1,2157453,2156980,473
168073201,31.9728,36.676,465,37658,0.428963,0.35,1,2157481,2157016,465
168076121,25.9891,32.0704,458,37714,0.429585,0.33,1,2157503,2157045,458
168079041,33.1956,26.6282,473,37770,0.441834,0.31,1,2157541,2157068,473
168081961,14.4783,34.0513,436,37826,0.446734,0.31,1,2157543,2157107,436
168084881,18.9913,14.8205,456,37882,0.448693,0.27,1,2157565,2157109,456
168134521,59.3856,59.4782,452,38820,0.756919,0.61,2,2158249,2157797,452
168137441,34.5542,34.5913,452,38874,0.776768,0.59,2,2158267,2157815,452
168140361,39.0217,39.6365,451,38928,0.784707,0.57,2,2158309,2157858,451
168143281,37.2087,38.0546,450,38982,0.799883,0.59,2,2158345,2157895,450
168160801,22.1134,20.8124,457,39306,0.909605,0.71,2,2158487,2158030,457
168163721,10.0453,9.52495,457,39360,0.915842,0.73,2,2158489,2158032,457
168166641,32.2181,31.41,458,39414,0.948337,0.75,2,2158536,2158078,458
168338921,27.237,33.2176,506,42459,0.915616,1,2,2160761,2160255,506
168341841,26.4948,30.687,503,42509,0.936246,1,2,2160787,2160284,503
168344761,33.3979,25.4748,519,42559,0.920499,1,2,2160825,2160306,519
168423601,21.9094,21.6852,470,43877,0.773179,0.57,2,2161705,2161235,470
168426521,28.5638,21.2741,482,43925,0.771272,0.61,2,2161738,2161256,482
168429441,29.4255,28.3096,479,43973,0.782509,0.57,2,2161768,2161289,479
168432361,28.5702,30.5239,475,44021,0.799003,0.61,2,2161796,2161321,475
168470321,27.5399,28.5638,461,44641,0.901908,0.79,2,2162199,2161738,461
168473241,29.6159,29.4255,462,44688,0.918763,0.81,2,2162230,2161768,462
168476161,28.6464,28.5702,462,44735,0.949505,0.83,2,2162258,2161796,462
168479081,26.4586,25.8281,463,44782,0.949802,0.81,2,2162283,2161820,463
168744801,21.2598,12.5832,535,48880,0.91,1,2,2165210,2164675,535
168757941,318.402,354.213,473,21900,0.4036,0.67,1,2165756,2165283,473
168766701,197.561,228.085,446,21900,0.21544,0.37,1,2165873,2165427,446
168804661,105.29,83.0536,484,22724,0.0764704,0.17,1,2166027,2165543,484
168819261,67.8673,55.7433,459,23187,0.0759991,0.09,1,2166266,2165807,459
168828021,74.9275,83.5836,480,23460,0.219664,0.15,1,2166507,2166027,480
168830941,47.971,64.6334,458,23550,0.249866,0.13,1,2166537,2166079,458
168833861,37.1884,44.4534,457,23640,0.273946,0.17,1,2166567,2166110,457
168836781,35.8754,35.7813,462,23730,0.295579,0.09,1,2166602,2166140,462
168851381,71.5936,74.9133,435,24173,0.415683,0.27,1,2166942,2166507,435
168854301,46.6374,47.9653,435,24261,0.424273,0.29,1,2166972,2166537,435
168857221,37.255,37.1861,436,24348,0.427709,0.31,1,2167003,2166567,436
168860141,35.902,35.8744,436,24435,0.417084,0.35,1,2167038,2166602,436
168863061,69.5608,67.7498,439,24522,0.448833,0.35,1,2167130,2166691,439
168903941,38.119,38.5776,483,25706,0.78363,0.65,2,2167897,2167414,483
168906861,36.8476,33.431,489,25788,0.799452,0.65,2,2167933,2167444,489
168921461,75.2679,93.4489,519,26196,0.923268,0.75,2,2168292,2167773,519
168924381,50.5072,73.9796,492,26277,0.939307,0.75,2,2168326,2167834,492
169011981,65.7252,31.1053,577,28595,0.921616,1,2,2169931,2169354,577
169029501,36.4078,51.1289,501,29036,0.0977301,0.99,1,2170259,2169758,501
169038261,65.1621,29.3123,558,29255,0.0876147,0.87,1,2170399,2169841,558
169041181,52.4648,65.7249,512,29327,0.0650459,0.75,1,2170443,2169931,512
169044101,37.1859,59.89,483,29399,0.0680184,0.67,1,2170470,2169987,483
169055781,36.4912,55.0196,451,29686,0.0739813,0.05,1,2170686,2170235,451
169058701,27.7965,36.4078,449,29757,0.0475925,0.11,1,2170708,2170259,449
169061621,27.3186,27.7631,454,29828,0.073037,0.17,1,2170735,2170281,454
169064541,12.1274,27.9053,428,29899,0.0832148,0.05,1,2170737,2170309,428
169067461,56.451,65.1621,424,29970,0.0992859,0.05,1,2170823,2170399,424
169082061,47.6891,46.2279,431,30321,0.213417,0.03,1,2171087,2170656,431
169084981,32.2756,36.4912,423,30391,0.223367,0.03,1,2171109,2170686,423
169087901,26.7103,27.7965,424,30461,0.215347,0.09,1,2171132,2170708,424
169090821,28.0841,27.3186,426,30530,0.212139,0.09,1,2171161,2170735,426
169093741,12.4336,12.1274,426,30599,0.210855,0.11,1,2171163,2170737,426
169096661,57.1735,56.451,427,30668,0.282342,0.15,1,2171250,2170823,427
169099581,49.2694,48.9804,427,30737,0.286937,0.19,1,2171294,2170867,427
169134621,83.433,37.2303,548,31553,0.406626,0.35,1,2171872,2171324,548
169137541,57.9732,80.8921,479,31620,0.44465,0.37,1,2171913,2171434,479
169169661,50.2077,57.9732,488,32349,0.77733,0.51,2,2172401,2171913,488
169198861,59.7941,59.5193,458,32996,0.909936,0.83,2,2172815,2172357,458
169201781,53.3176,50.2077,463,33060,0.945974,0.83,2,2172864,2172401,463
169397421,41.6952,44.48,477,37101,0.765242,1,2,2175644,2175167,477
169414941,30.7076,33.7453,498,37443,0.422157,0.93,1,2175853,2175355,498
169417861,33.283,31.4981,503,37499,0.414863,1,1,2175888,2175385,503
169426621,34.5301,39.0959,497,37667,0.288871,0.87,1,2176008,2175511,497
169429541,49.212,34.8384,524,37723,0.277548,0.83,1,2176067,2175543,524
169447061,32.2406,37.4226,475,38059,0.403878,0.45,1,2176267,2175792,475
169449981,28.4962,34.769,468,38115,0.419551,0.39,1,2176293,2175825,468
169514221,39.3579,39.6034,449,39315,0.776985,0.55,2,2177091,2176642,449
169517141,16.9432,17.0414,449,39369,0.772794,0.59,2,2177093,2176644,449
169522981,27.9109,28.5266,448,39477,0.796847,0.61,2,2177156,2176708,448
169525901,29.1644,28.2106,450,39530,0.792739,0.63,2,2177186,2176736,450
169537581,35.201,34.6678,455,39742,0.90671,0.67,2,2177349,2176894,455
169709861,36.3229,36.7566,491,42763,0.945386,1,2,2179465,2178974,491
169718621,23.0607,30.7204,491,42910,0.931705,1,2,2179543,2179052,491
169721541,24.2243,27.8882,490,42959,0.942682,1,2,2179568,2179078,490
169724461,31.2897,23.1553,506,43008,0.911073,1,2,2179604,2179098,506
169741981,42.2017,53.9067,506,43302,0.7834,1,2,2179828,2179322,506
169744901,41.4807,44.3627,509,43351,0.78736,1,2,2179869,2179360,509
169747821,33.3923,38.7451,502,43400,0.764944,1,2,2179897,2179395,502
169753661,32.7028,36.3192,501,43498,0.771591,1,2,2179966,2179465,501
169756581,28.0811,33.1277,495,43547,0.794636,0.98,2,2179991,2179496,495
169777021,29.6671,32.0265,493,43883,0.917625,0.77,2,2180184,2179691,493
169779941,55.6668,32.0106,534,43931,0.94905,0.85,2,2180257,2179723,534
169928861,32.0073,34.0738,512,46318,0.91528,1,2,2181899,2181387,512
169934701,33.6812,29.8118,525,46409,0.903645,1,2,2181967,2181442,525
169946381,33.195,21.2784,535,46589,0.907629,1,2,2182083,2181548,535
169960981,48.8612,39.0873,530,46814,0.911473,1,2,2182244,2181714,530
169963901,32.1445,48.0349,497,46859,0.910589,1,2,2182265,2181768,497
169966821,36.8578,36.614,508,46904,0.946236,0.98,2,2182305,2181797,508
169969741,36.3431,38.0456,505,46949,0.942494,0.93,2,2182341,2181836,505
170156621,31.8605,31.5826,533,49741,0.904,1,2,2184268,2183735,533
170165381,27.0951,29.6693,527,49867,0.915856,1,2,2184358,2183831,527
170171221,35.1752,35.4671,523,49951,0.795737,1,2,2184428,2183905,523
170203341,18.6641,33.1512,483,50413,0.291959,0.84,1,2184720,2184237,483
170206261,23.6656,31.8605,479,50455,0.218784,1,1,2184747,2184268,479
170209181,37.0663,31.3442,494,50497,0.201513,1,1,2184793,2184299,494
170220861,31.3473,35.1752,458,50665,0.223607,0.65,1,2184886,2184428,458
170223781,31.7389,35.0701,455,50707,0.227443,0.71,1,2184918,2184463,455
170226701,28.2956,30.228,454,50749,0.252977,0.63,1,2184944,2184490,454
170229621,21.5182,24.6912,450,50791,0.287191,0.59,1,2184961,2184511,450
170267581,22.1999,22.8682,429,51324,0.410578,0.25,1,2185278,2184849,429
170270501,33.48,31.3473,433,51365,0.434231,0.23,1,2185319,2184886,433
170273421,32.592,31.7389,433,51406,0.419692,0.27,1,2185351,2184918,433
170276341,29.8368,28.2956,435,51447,0.401877,0.31,1,2185379,2184944,435
170279261,22.1347,21.5182,435,51488,0.406751,0.31,1,2185396,2184961,435
170366861,22.0252,19.1598,474,52701,0.761692,0.59,2,2186168,2185694,474
170369781,35.2101,22.0639,494,52741,0.766677,0.63,2,2186212,2185718,494
170372701,32.084,34.0256,482,52781,0.780671,0.63,2,2186242,2185760,482
170375621,29.6336,31.6102,480,52821,0.786268,0.61,2,2186270,2185790,480
170378541,23.2534,30.0441,470,52861,0.776507,0.61,2,2186289,2185819,470
170396061,33.0987,17.6792,496,53101,0.913589,0.71,2,2186461,2185965,496
170398981,26.4395,31.0717,478,53141,0.923436,0.71,2,2186483,2186005,478
170401901,18.9758,25.6287,470,53181,0.939374,0.71,2,2186497,2186027,470
170404821,23.1903,18.6515,482,53221,0.94575,0.71,2,2186523,2186041,482
170407741,10.4761,21.8606,460,53261,0.9483,0.77,2,2186525,2186065,460
170410661,30.5905,35.1442,460,53301,0.94932,0.75,2,2186569,2186109,460
170413581,24.2362,26.6577,459,53340,0.925728,0.75,2,2186589,2186130,459
170416501,18.0945,19.0631,459,53379,0.940291,0.77,2,2186603,2186144,459
170419421,22.2378,22.0252,460,53418,0.934117,0.77,2,2186628,2186168,460
170422341,35.8951,35.2101,461,53457,0.919647,0.79,2,2186673,2186212,461
170425261,32.358,32.084,461,53496,0.937859,0.79,2,2186703,2186242,461
170616521,333.697,344.079,510,24820,0.79,0.73,2,2188606,2188096,510
170657401,132.621,124.429,474,25633,0.41128,0.37,1,2189192,2188718,474
170660321,85.4482,82.1716,474,25716,0.434512,0.41,1,2189246,2188772,474
170666161,67.5517,68.3475,470,25880,0.440322,0.41,1,2189376,2188906,470
170707041,66.4952,72.9473,453,27004,0.784943,0.67,2,2190086,2189633,453
170709961,61.3981,62.7789,455,27082,0.775977,0.63,2,2190144,2189689,455
170712881,63.5592,65.3116,453,27160,0.760391,0.67,2,2190209,2189756,453
170727481,30.3763,30.0947,459,27548,0.939015,0.75,2,2190441,2189982,459
170818001,67.6457,54.2313,548,29838,0.934,1,2,2192087,2191539,548
170835521,30.8147,33.5364,475,30261,0.761333,1,2,2192334,2191859,475
170873481,53.5244,54.0521,453,31158,0.78415,0.61,2,2192944,2192491,453
170876401,60.4098,62.4209,450,31226,0.79966,0.57,2,2193009,2192559,450
170905601,62.4626,53.5117,527,31897,0.928596,0.81,2,2193471,2192944,527
171018021,342.318,334.055,520,14600,0.94,1,2,2195215,2194695,520
171035541,527.527,563.822,454,13140,0.946,0.71,2,2195866,2195412,454
171102701,82.2596,105.816,488,18250,0.42904,1,1,2197994,2197506,488
171105621,52.1038,62.7262,486,18366,0.273616,1,1,2198026,2197540,486
171111461,84.5366,96.5562,467,18597,0.0833786,0.69,1,2198216,2197749,467
171114381,96.2146,110.622,451,18711,0.0753514,0.57,1,2198320,2197869,451
171117301,53.4859,61.649,447,18824,0.0601406,0.27,1,2198345,2197898,447
171128981,82.3164,84.5366,425,19271,0.0827076,0.07,1,2198641,2198216,425
171134821,54.8106,53.4859,426,19490,0.0864332,0.17,1,2198771,2198345,426
171140661,48.1297,28.4777,462,19707,0.0990293,0.19,1,2198890,2198428,462
171152341,54.3297,92.433,453,20134,0.214167,0.07,1,2199195,2198742,453
171155261,75.7319,54.3732,514,20239,0.211667,0.13,1,2199285,2198771,514
171158181,48.2928,75.1493,455,20344,0.222667,0.09,1,2199315,2198860,455
171161101,73.9171,48.0597,516,20448,0.263067,0.13,1,2199406,2198890,516
171175701,48.7655,75.7312,462,20962,0.422742,0.23,1,2199747,2199285,462
171178621,20.7062,48.2925,434,21063,0.439097,0.29,1,2199749,2199315,434
171181541,64.0825,73.917,436,21164,0.445639,0.35,1,2199842,2199406,436
171201981,64.3003,64.0825,444,21855,0.78339,0.53,2,2200286,2199842,444
171204901,82.1201,80.833,446,21952,0.799356,0.61,2,2200380,2199934,446
171222421,67.6297,64.3003,461,22526,0.919492,0.83,2,2200747,2200286,461
171225341,83.4519,25.7201,555,22620,0.913797,0.81,2,2200841,2200286,555
171228261,97.5808,66.688,568,22714,0.947519,0.81,2,2200948,2200380,568
171333381,54.3608,34.8454,545,25860,0.250263,0.93,1,2203127,2202582,545
171342141,56.3271,103.03,476,26105,0.0853768,0.41,1,2203355,2202879,476
171347981,43.9323,41.0848,489,26267,0.0988603,0.27,1,2203430,2202941,489
171368421,39.625,56.3271,454,26826,0.218794,0.13,1,2203809,2203355,454
171371341,43.45,39.3308,472,26905,0.225518,0.09,1,2203855,2203383,472
171374261,18.58,43.9323,427,26984,0.228207,0.15,1,2203857,2203430,427
171377181,30.832,40.3729,428,27062,0.265283,0.17,1,2203896,2203468,428
171380101,25.5328,29.3492,428,27140,0.280113,0.17,1,2203918,2203490,428
171388861,85.1541,86.4063,428,27374,0.416567,0.19,1,2204173,2203745,428
171438501,82.3206,54.155,546,28660,0.779989,0.57,2,2204973,2204427,546
171464781,83.9133,55.8014,561,29318,0.911487,0.81,2,2205434,2204873,561
171467701,90.5653,82.3206,556,29390,0.922595,0.83,2,2205529,2204973,556
171476461,45.1802,41.7965,510,29606,0.938166,0.87,2,2205649,2205139,510
171479381,19.2721,44.3186,466,29677,0.933266,0.87,2,2205651,2205185,466
171482301,32.9088,18.9274,506,29748,0.943307,0.83,2,2205693,2205187,506
171485221,28.7635,32.771,490,29819,0.947323,0.87,2,2205719,2205229,490
171488141,12.7054,28.7084,466,29890,0.948929,0.85,2,2205721,2205255,466
171566981,41.1833,47.2819,509,31746,0.91,1,2,2207112,2206603,509
171575741,22.2917,20.09,506,31946,0.7564,1,2,2207181,2206675,506
171587421,58.6843,94.8487,510,32210,0.28946,1,1,2207464,2206954,510
171590341,40.2737,57.7395,505,32276,0.241784,1,1,2207492,2206987,505
171593261,46.7095,42.8958,523,32342,0.210714,1,1,2207543,2207020,523
171613701,27.2416,73.5267,441,32797,0.202619,0.25,1,2207762,2207321,441
171616621,68.4966,94.2107,429,32861,0.255048,0.25,1,2207858,2207429,429
171625381,44.4878,46.7095,429,33053,0.428403,0.15,1,2207972,2207543,429
171628301,36.3951,37.2838,429,33117,0.417361,0.17,1,2208003,2207574,429
171631221,31.358,32.3135,428,33181,0.448944,0.13,1,2208031,2207603,428
171634141,19.7432,20.1254,428,33245,0.449578,0.11,1,2208043,2207615,428
171686701,39.5069,33.6763,479,34372,0.763871,0.55,2,2208811,2208332,479
171689621,47.6027,32.0705,501,34434,0.779549,0.57,2,2208864,2208363,501
171692541,38.2411,44.0282,481,34495,0.785819,0.59,2,2208896,2208415,481
171707141,67.3132,32.6886,541,34800,0.90076,0.63,2,2209090,2208549,541
171710061,28.1253,66.4754,454,34861,0.918304,0.67,2,2209092,2208638,454
171712981,75.4501,27.7902,559,34922,0.937322,0.71,2,2209199,2208640,559
171867741,28.8689,31.0156,500,37997,0.406339,1,1,2211285,2210785,500
171876501,28.3676,29.321,499,38164,0.284006,1,1,2211373,2210874,499
171879421,64.747,27.9284,561,38219,0.203602,1,1,2211462,2210901,561
171908621,24.6632,29.5476,439,38769,0.206518,0.35,1,2211754,2211315,439
171911541,23.6653,30.419,431,38823,0.208607,0.25,1,2211777,2211346,431
171914461,26.8661,28.3676,433,38877,0.221443,0.15,1,2211806,2211373,433
171917381,61.7464,64.747,429,38931,0.286577,0.13,1,2211891,2211462,429
171920301,36.6986,38.4988,428,38985,0.288631,0.11,1,2211911,2211483,428
171926141,45.2318,45.7598,427,39093,0.421781,0.09,1,2212021,2211594,427
171999141,66.0054,37.5785,529,40423,0.777418,0.55,2,2212876,2212347,529
172013741,27.121,27.1074,477,40683,0.91039,0.61,2,2213021,2212544,477
172016661,12.0484,26.4429,453,40735,0.922156,0.61,2,2213023,2212570,453
172019581,20.4194,11.7772,477,40787,0.926862,0.61,2,2213049,2212572,477
172022501,26.1677,20.3109,481,40839,0.928745,0.61,2,2213079,2212598,481
172025421,24.8671,26.1243,475,40891,0.941498,0.61,2,2213103,2212628,475
172028341,32.1468,23.6497,490,40943,0.934599,0.67,2,2213140,2212650,490
172031261,66.2587,30.4599,544,40995,0.93184,0.73,2,2213229,2212685,544
172034181,38.5035,63.784,478,41046,0.930736,0.75,2,2213249,2212771,478
172037101,68.2014,37.5136,546,41097,0.906294,0.81,2,2213337,2212791,546
172060461,26.2588,20.4194,497,41505,0.901512,0.93,2,2213546,2213049,497
172063381,11.7035,26.1677,469,41556,0.906605,0.95,2,2213548,2213079,469
172066301,19.0814,24.8671,469,41607,0.920642,0.93,2,2213572,2213103,469
172069221,29.2326,32.1468,468,41658,0.938257,0.93,2,2213608,2213140,468
172210841,177.349,166.65,493,19818,0.44632,0.77,1,2215573,2215080,493
172240041,72.4513,70.182,518,20863,0.761085,0.49,2,2216342,2215824,518
172242961,57.1805,70.0728,495,20965,0.778434,0.59,2,2216389,2215894,495
172245881,24.0722,55.0291,452,21066,0.785374,0.63,2,2216391,2215939,452
172251721,89.0516,91.9647,456,21267,0.90446,0.73,2,2216578,2216122,456
172377281,43.123,50.29,485,25198,0.220912,1,1,2219348,2218863,485
172383121,54.7797,57.8464,477,25366,0.0605459,1,1,2219492,2219015,477
172386041,52.5119,50.1386,483,25450,0.0242184,1,1,2219543,2219060,483
172388961,46.2047,20.0554,525,25533,0.0276873,1,1,2219585,2219060,525
172391881,73.6819,38.0222,567,25616,0.0530749,0.73,1,2219677,2219110,567
172394801,46.8728,83.6089,482,25699,0.02723,0.43,1,2219706,2219224,482
172397721,36.7491,59.8435,468,25781,0.040892,0.25,1,2219736,2219268,468
172400641,34.4996,48.5374,460,25863,0.0343568,0.11,1,2219769,2219309,460
172403561,79.1999,42.815,530,25945,0.0317427,0.03,1,2219878,2219348,530
172406481,53.2799,81.326,459,26027,0.0426971,0.03,1,2219914,2219455,459
172409401,51.312,54.7304,472,26108,0.0230788,0,1,2219964,2219492,472
172412321,46.9248,52.4922,465,26189,0.0512315,0.03,1,2220008,2219543,465
172415241,73.9699,46.1969,515,26270,0.0984926,0.07,1,2220100,2219585,515
172418161,46.388,73.6787,451,26351,0.093397,0.01,1,2220128,2219677,451
172426921,79.4088,34.4994,532,26591,0.0477374,0.03,1,2220301,2219769,532
172429841,53.9635,79.1998,460,26671,0.037095,0.05,1,2220338,2219878,460
172432761,49.7854,53.2799,471,26750,0.032838,0.01,1,2220385,2219914,471
172435681,48.7142,51.312,469,26829,0.0191352,0.07,1,2220433,2219964,469
172438601,74.6857,46.9248,517,26908,0.0376541,0.13,1,2220525,2220008,517
172441521,31.0743,73.9699,427,26987,0.0450616,0.09,1,2220527,2220100,427
172444441,29.2297,46.388,427,27065,0.0720247,0.11,1,2220555,2220128,427
172447361,30.2919,36.5552,428,27143,0.0828099,0.13,1,2220586,2220158,428
172450281,31.3168,35.0221,426,27221,0.0871239,0,1,2220618,2220192,426
172453201,76.1267,79.4088,423,27299,0.0348496,0.03,1,2220724,2220301,423
172456121,52.0507,53.9635,422,27377,0.0199398,0.03,1,2220760,2220338,422
172459041,49.0203,49.7854,422,27454,0.0139759,0.01,1,2220807,2220385,422
172461961,49.0081,48.7142,423,27531,0.0115904,0.05,1,2220856,2220433,423
172464881,75.4032,74.6857,424,27608,0.0226361,0.05,1,2220949,2220525,424
172467801,31.3613,31.0743,424,27685,0.0270545,0.09,1,2220951,2220527,424
172470721,29.3445,29.2297,424,27761,0.0768218,0.09,1,2220979,2220555,424
172482401,51.5736,52.0507,422,28065,0.0649906,0.01,1,2221182,2220760,422
172485321,48.8294,49.0203,422,28140,0.0559963,0.01,1,2221229,2220807,422
172488241,48.9318,49.0081,422,28215,0.0283985,0.03,1,2221278,2220856,422
172491161,75.9727,75.4032,423,28290,0.0653594,0.03,1,2221372,2220949,423
172494081,31.5891,31.3613,423,28365,0.0801438,0.03,1,2221374,2220951,423
172497001,30.0356,12.5445,452,28440,0.0740575,0.11,1,2221403,2220951,452
172499921,33.6143,21.8178,460,28514,0.071623,0.21,1,2221439,2220979,460
172502841,33.2457,27.3271,462,28588,0.0586492,0.21,1,2221472,2221010,462
172505761,70.2983,30.1308,525,28662,0.0894597,0.07,1,2221567,2221042,525
172508681,49.7193,74.4523,457,28736,0.0897839,0.03,1,2221603,2221146,457
172511601,48.0877,51.3809,468,28810,0.0659136,0.05,1,2221650,2221182,468
172514521,48.6351,48.7524,470,28883,0.0443654,0.01,1,2221699,2221229,470
172517441,78.254,48.9009,519,28956,0.0477462,0.09,1,2221797,2221278,519
172520361,32.5016,75.9604,427,29029,0.0490985,0.09,1,2221799,2221372,427
172523281,29.8006,31.5842,453,29102,0.0496394,0.07,1,2221827,2221374,453
172526201,33.5203,30.0337,460,29175,0.0858558,0.07,1,2221863,2221403,460
172540801,48.2204,48.0877,471,29536,0.078476,0.03,1,2222121,2221650,471
172543721,78.6881,48.6351,521,29608,0.0613904,0.05,1,2222220,2221699,521
172546641,32.6753,78.254,425,29679,0.0545561,0.05,1,2222222,2221797,425
172549561,30.4701,32.5016,452,29750,0.0638225,0.05,1,2222251,2221799,452
172552481,34.988,29.8006,462,29821,0.043529,0.11,1,2222289,2221827,462
172555401,15.1952,33.5203,428,29892,0.0354116,0.13,1,2222291,2221863,428
172558321,25.2781,32.6081,428,29963,0.0681646,0.15,1,2222323,2221895,428
172561241,70.7112,72.4432,430,30034,0.0812659,0.19,1,2222424,2221994,430
172567081,40.1138,45.5509,422,30174,0.0982025,0.05,1,2222493,2222071,422
172587521,25.832,25.2781,424,30661,0.213407,0.09,1,2222747,2222323,424
172590441,72.7328,70.7112,427,30730,0.283363,0.13,1,2222851,2222424,427
172666361,31.1412,33.8356,480,32473,0.771017,0.61,2,2224000,2223520,480
172669281,35.2565,30.3342,490,32538,0.758407,0.61,2,2224038,2223548,490
172672201,15.3026,35.5337,453,32603,0.753363,0.61,2,2224040,2223587,453
172675121,26.521,15.4135,485,32668,0.763345,0.59,2,2224074,2223589,485
172678041,77.8084,27.1654,562,32733,0.779338,0.65,2,2224186,2223624,562
172680961,32.3234,77.4662,453,32798,0.785735,0.67,2,2224188,2223735,453
172686801,35.4117,42.5146,455,32926,0.794118,0.73,2,2224263,2223808,455
172698481,30.7817,31.1412,459,33182,0.908473,0.75,2,2224459,2224000,459
172701401,35.1127,35.2565,459,33246,0.933389,0.75,2,2224497,2224038,459
172704321,15.2451,15.3026,459,33310,0.943356,0.77,2,2224499,2224040,459
172821121,30.9478,37.2442,494,35761,0.949477,1,2,2226214,2225720,494
172835721,35.403,29.9571,513,36056,0.244183,1,1,2226465,2225952,513
172841561,49.4645,57.5931,495,36174,0.0930693,1,1,2226553,2226058,495
172844481,37.1858,45.8373,486,36232,0.0672277,1,1,2226582,2226096,486
172847401,31.6743,33.9349,488,36290,0.0808911,1,1,2226610,2226122,488
172850321,27.0697,35.174,476,36348,0.0623564,0.99,1,2226634,2226158,476
172853241,22.2279,27.8696,472,36406,0.0549426,0.92,1,2226653,2226181,472
172856161,28.6912,30.9478,472,36464,0.051977,0.53,1,2226686,2226214,472
172859081,70.8765,86.1791,448,36522,0.0627908,0.45,1,2226785,2226337,448
172862001,45.1506,53.6717,444,36580,0.0791163,0.29,1,2226813,2226369,444
172867841,30.2641,34.5075,435,36696,0.0618586,0.17,1,2226864,2226429,435
172870761,30.1056,35.403,429,36754,0.0547434,0.15,1,2226894,2226465,429
172873681,23.4423,29.1612,423,36811,0.0998974,0.03,1,2226913,2226490,423
172876601,46.5769,49.4645,422,36868,0.0819589,0.05,1,2226975,2226553,422
172879521,39.6308,37.1858,428,36925,0.0627836,0.09,1,2227010,2226582,428
172882441,29.0523,31.6743,422,36982,0.0431134,0.05,1,2227032,2226610,422
172885361,27.2209,27.0697,424,37039,0.0832454,0.05,1,2227058,2226634,424
172888281,21.6884,22.2279,423,37096,0.0752982,0.05,1,2227076,2226653,423
172891201,29.0753,28.6912,424,37153,0.0721193,0.05,1,2227110,2226686,424
172894121,71.6301,11.4765,524,37210,0.0708477,0.07,1,2227210,2226686,524
172897041,45.4521,63.9906,453,37267,0.0943391,0.09,1,2227238,2226785,453
172911641,45.9032,23.3717,484,37550,0.0978396,0.07,1,2227397,2226913,484
172914561,38.7613,46.5487,456,37606,0.0571359,0.05,1,2227431,2226975,456
172917481,28.7045,39.6195,443,37662,0.0288543,0.03,1,2227453,2227010,443
172920401,28.8818,29.0478,450,37718,0.0295417,0.11,1,2227482,2227032,450
172923321,22.3527,27.2191,442,37774,0.0298167,0.07,1,2227500,2227058,442
172926241,28.1411,21.6876,456,37830,0.0539267,0.07,1,2227532,2227076,456
172929161,72.4564,29.0751,524,37886,0.0755707,0.07,1,2227634,2227110,524
172932081,46.9826,71.63,454,37942,0.0962283,0.11,1,2227664,2227210,454
172981721,22.2561,22.9372,428,38878,0.212947,0.19,1,2228190,2227762,428
172984641,45.5024,43.9749,431,38932,0.223179,0.17,1,2228251,2227820,431
172987561,38.001,37.9899,430,38986,0.215272,0.19,1,2228284,2227854,430
172990481,28.4004,27.796,431,39040,0.260109,0.19,1,2228306,2227875,431
172993401,28.7602,28.5184,431,39094,0.290043,0.17,1,2228335,2227904,431
173010921,21.2121,20.7516,429,39418,0.413214,0.21,1,2228542,2228113,429
173013841,25.8848,25.1007,430,39472,0.423286,0.19,1,2228571,2228141,430
173063481,39.9934,45.3228,482,40372,0.755595,0.53,2,2229164,2228682,482
173066401,30.3974,38.5291,472,40424,0.764238,0.59,2,2229188,2228716,472
173069321,31.9589,29.8116,481,40476,0.755695,0.65,2,2229221,2228740,481
173089761,27.1138,22.0111,486,40840,0.750801,0.71,2,2229469,2228983,486
173092681,30.6455,26.8045,489,40892,0.76232,0.71,2,2229502,2229013,489
173095601,25.4582,30.5218,478,40944,0.766928,0.71,2,2229524,2229046,478
173098521,47.9833,24.2087,521,40996,0.780771,0.75,2,2229587,2229066,521
173101441,40.7933,47.4835,494,41047,0.798308,0.77,2,2229623,2229129,494
173116041,75.5032,31.2734,561,41302,0.929995,0.71,2,2229837,2229276,561
173270801,34.0203,32.4337,523,43928,0.915975,1,2,2231581,2231058,523
173273721,29.2081,27.9735,524,43976,0.93039,1,2,2231607,2231083,524
173285401,36.4597,54.2265,512,44168,0.793306,1,2,2231814,2231302,512
173291241,19.0336,26.9162,500,44264,0.797729,1,2,2231848,2231348,500
173297081,26.0854,23.0266,509,44360,0.760037,1,2,2231899,2231390,509
173300001,25.4341,26.6106,505,44408,0.766015,1,2,2231924,2231419,505
173378841,19.9278,18.7439,452,45672,0.916551,0.63,2,2232758,2232306,452
173381761,23.5711,22.4976,453,45718,0.92462,0.65,2,2232784,2232331,453
173428481,26.2961,23.5695,496,46452,0.94982,0.99,2,2233280,2232784,496
173431401,26.7184,26.2278,495,46497,0.925928,0.97,2,2233307,2232812,495
173434321,25.0874,26.0911,493,46542,0.940371,1,2,2233331,2232838,493
173437241,11.2349,24.8364,471,46587,0.946149,0.97,2,2233333,2232862,471
173440161,26.094,11.1346,505,46632,0.948459,0.97,2,2233369,2232864,505
173443081,30.8376,26.0538,503,46677,0.949384,0.95,2,2233403,2232900,503
173574481,32.2068,25.2836,506,48668,0.94168,1,2,2234811,2234305,506
173583241,20.9012,29.2422,500,48797,0.946108,1,2,2234888,2234388,500
173600761,41.6079,55.2165,508,49055,0.779046,1,2,2235103,2234595,508
173606601,21.7773,25.9946,498,49141,0.773847,1,2,2235139,2234641,498
173609521,20.1109,18.7979,503,49184,0.795539,1,2,2235158,2234655,503
173612441,29.0444,27.3191,505,49227,0.768216,1,2,2235193,2234688,505
173624121,33.5515,32.2066,504,49399,0.761698,0.99,2,2235315,2234811,504
173629961,21.6882,29.7531,483,49485,0.783072,0.93,2,2235356,2234873,483
173632881,17.0753,20.9012,482,49528,0.775229,1,2,2235370,2234888,482
173635801,27.2301,17.9605,500,49571,0.784091,0.97,2,2235404,2234904,500
173638721,28.892,28.1842,495,49614,0.787637,0.97,2,2235434,2234939,495
173647481,42.6491,38.0198,506,49740,0.796569,0.73,2,2235565,2235059,506
173665001,25.1735,29.6177,484,49992,0.900181,0.81,2,2235707,2235223,484
173667921,30.4694,24.4471,497,50034,0.918072,0.81,2,2235741,2235244,497
173670841,31.9878,31.3788,494,50076,0.937229,0.73,2,2235774,2235280,494
173900061,105.366,107.769,491,24266,0.44536,0.71,1,2238062,2237571,491
173908821,56.3754,65.3372,475,24527,0.288903,0.53,1,2238237,2237762,475
173917581,32.072,39.4376,462,24785,0.43345,0.41,1,2238373,2237911,462
173940941,32.7296,31.9017,443,25461,0.761774,0.47,2,2238816,2238373,443
173943861,57.4919,12.7607,517,25544,0.77871,0.49,2,2238890,2238373,517
173978901,54.6953,64.2072,511,26522,0.904134,0.87,2,2239589,2239078,511
174095701,39.4657,41.4108,514,29547,0.265206,1,1,2241701,2241187,514
174098621,56.5863,50.1643,526,29619,0.208083,1,1,2241769,2241243,526
174104461,34.7338,45.8263,504,29761,0.0944932,1,1,2241834,2241330,504
174107381,51.6935,37.5305,535,29832,0.0797973,1,1,2241897,2241362,535
174110301,21.8774,57.0122,467,29903,0.0739189,0.99,1,2241899,2241432,467
174113221,33.351,48.0049,466,29974,0.0715676,0.55,1,2241940,2241474,466
174116141,66.1404,86.402,442,30045,0.046627,0.39,1,2242028,2241586,442
174119061,44.4562,56.1608,436,30115,0.0606508,0.23,1,2242058,2241622,436
174121981,44.1825,50.6643,433,30185,0.0902603,0.21,1,2242102,2241669,433
174139501,21.5533,21.8774,423,30603,0.0702865,0.07,1,2242322,2241899,423
174142421,33.2213,33.351,423,30672,0.0461146,0.03,1,2242363,2241940,423
174145341,66.0885,66.1404,423,30741,0.0604458,0.07,1,2242451,2242028,423
174148261,46.8354,44.4562,427,30810,0.0781783,0.11,1,2242485,2242058,427
174165781,46.9304,50.8831,422,31220,0.200636,0.05,1,2242742,2242320,422
174168701,19.9722,21.5533,422,31288,0.230254,0.05,1,2242744,2242322,422
174171621,33.1889,8.6213,464,31356,0.242102,0.03,1,2242786,2242322,464
174174541,66.0755,28.0485,511,31423,0.246841,0.07,1,2242874,2242363,511
174177461,48.0302,64.0194,459,31490,0.248736,0.09,1,2242910,2242451,459
174180381,46.2121,46.0078,470,31557,0.249495,0.13,1,2242955,2242485,470
174183301,38.2848,45.4031,458,31624,0.237798,0.13,1,2242988,2242530,458
174186221,53.7139,37.9612,489,31691,0.257119,0.15,1,2243052,2242563,489
174189141,45.4856,52.9845,466,31758,0.252848,0.21,1,2243092,2242626,466
174192061,31.3942,42.7938,452,31825,0.263139,0.19,1,2243114,2242662,452
174194981,47.9577,30.3175,489,31891,0.291256,0.21,1,2243173,2242684,489
174273821,39.5381,40.1469,447,33635,0.760906,0.55,2,2244273,2243826,447
174276741,37.4153,36.4588,449,33698,0.766362,0.61,2,2244309,2243860,449
174291341,23.2273,22.2709,457,34011,0.908356,0.69,2,2244516,2244059,457
174294261,34.4909,34.7084,456,34073,0.921343,0.75,2,2244558,2244102,456
174297181,67.7964,67.2834,457,34135,0.926537,0.75,2,2244648,2244191,457
174300101,28.3185,28.1133,457,34197,0.928615,0.75,2,2244650,2244193,457
174303021,32.9274,32.8453,457,34259,0.941446,0.75,2,2244686,2244229,457
174443181,35.1628,26.5358,508,37104,0.93688,1,2,2246694,2246186,508
174451941,39.2824,30.9783,534,37275,0.77636,1,2,2246794,2246260,534
174466541,53.1303,36.9566,538,37558,0.449636,1,1,2247029,2246491,538
174469461,41.0521,55.5826,503,37614,0.425855,1,1,2247062,2246559,503
174472381,33.8208,42.0331,499,37670,0.440342,0.98,1,2247091,2246592,499
174559981,33.884,34.7707,453,39318,0.755413,0.63,2,2248145,2247692,453
174562901,14.7536,15.1083,453,39372,0.764165,0.63,2,2248147,2247694,453
174565821,25.1014,25.2433,453,39426,0.767666,0.65,2,2248179,2247726,453
174577501,52.6554,51.3534,454,39639,0.91298,0.65,2,2248374,2247920,454
174580421,41.4622,40.9414,454,39692,0.923192,0.67,2,2248408,2247954,454
174717661,37.7949,25.9888,512,42118,0.902665,1,2,2250084,2249572,512
174723501,28.8472,35.2382,503,42218,0.772026,1,2,2250143,2249640,503
174768761,302.336,338.038,450,18980,0.287924,0.39,1,2250659,2250209,450
174774601,122.054,123.566,466,19203,0.0808679,0.05,1,2250849,2250383,466
174777521,98.0215,93.8264,474,19314,0.0863471,0.01,1,2250931,2250457,474
174780441,80.0086,92.1306,451,19424,0.0645389,0.03,1,2250999,2250548,451
174783361,65.6034,67.4522,456,19533,0.0798155,0.03,1,2251055,2250599,456
174795041,83.7258,79.266,507,19964,0.0867633,0.09,1,2251356,2250849,507
174797961,73.6903,80.9064,492,20070,0.0767053,0.05,1,2251423,2250931,492
174800881,64.8761,73.1626,483,20176,0.0846821,0.09,1,2251482,2250999,483
174803801,31.9505,62.865,437,20281,0.0878728,0.15,1,2251492,2251055,437
174815481,73.4755,83.6557,491,20697,0.215418,0.07,1,2251847,2251356,491
174818401,65.3902,73.6623,484,20799,0.260167,0.09,1,2251907,2251423,484
174821321,32.1561,64.8649,435,20901,0.290067,0.09,1,2251917,2251482,435
174835921,70.993,73.4754,433,21404,0.417431,0.29,1,2252280,2251847,433
174865121,96.1078,93.4875,448,22375,0.768293,0.51,2,2252936,2252488,448
174868041,39.6431,38.595,448,22470,0.793317,0.59,2,2252938,2252490,448
174888481,41.0562,95.7401,463,23122,0.91586,0.81,2,2253399,2252936,463
174891401,62.0225,39.4961,537,23214,0.924344,0.83,2,2253475,2252938,537
174894321,77.609,60.7984,550,23305,0.939738,0.83,2,2253563,2253013,550
174964401,48.3244,39.5795,500,25399,0.94,1,2,2255021,2254521,500
175116241,75.4509,48.0144,564,29422,0.401776,1,1,2257907,2257343,564
175119161,54.1803,71.4058,517,29494,0.21471,1,1,2257947,2257430,517
175122081,53.4721,50.7623,533,29566,0.0918841,1,1,2258000,2257467,533
175125001,39.3889,53.3049,508,29638,0.0667537,1,1,2258030,2257522,508
175127921,34.9555,38.122,512,29709,0.0567015,1,1,2258062,2257550,512
175130841,53.5822,39.2488,538,29780,0.0406806,1,1,2258128,2257590,538
175133761,31.6329,55.2995,489,29851,0.0702722,0.94,1,2258145,2257656,489
175136681,19.8532,41.9198,468,29922,0.0461089,0.73,1,2258157,2257689,468
175139601,54.1413,69.5679,457,29993,0.0364436,0.65,1,2258234,2257777,457
175142521,40.2565,50.6272,450,30064,0.0565774,0.19,1,2258265,2257815,450
175145441,59.9026,75.4509,431,30134,0.076631,0.09,1,2258338,2257907,431
175148361,43.161,54.1803,423,30204,0.0966524,0.01,1,2258370,2257947,423
175151281,49.0644,53.4721,423,30274,0.056661,0.05,1,2258423,2258000,423
175154201,38.2258,39.3889,424,30344,0.0526644,0.05,1,2258454,2258030,424
175157121,35.6903,34.9555,426,30414,0.0510658,0.03,1,2258488,2258062,426
175160041,52.6761,53.5822,424,30484,0.0504263,0.09,1,2258552,2258128,424
175162961,30.0704,31.6329,422,30553,0.0501705,0.03,1,2258567,2258145,422
175165881,19.8282,19.8532,423,30622,0.0380682,0.03,1,2258580,2258157,423
175168801,54.7313,54.1413,424,30691,0.0932273,0.07,1,2258658,2258234,424
175186321,33.8603,35.6903,422,31102,0.0610827,0.05,1,2258910,2258488,422
175189241,53.7441,52.6761,425,31170,0.0544331,0.05,1,2258977,2258552,425
175192161,29.8976,30.0704,424,31238,0.0517732,0.03,1,2258991,2258567,424
175195081,18.5591,19.8282,422,31306,0.0627093,0.03,1,2259002,2258580,422
175198001,57.2236,7.93127,505,31374,0.0310837,0.13,1,2259085,2258580,505
175200921,39.6894,49.9725,455,31441,0.0544335,0.15,1,2259113,2258658,455
175203841,64.4758,37.389,507,31508,0.0877734,0.17,1,2259194,2258687,507
175218441,53.9047,33.8408,490,31843,0.0647676,0.05,1,2259400,2258910,490
175221361,29.9619,53.7363,437,31909,0.043907,0.05,1,2259414,2258977,437
175224281,17.9848,29.8945,433,31975,0.0355628,0.07,1,2259424,2258991,433
175227201,57.5939,18.5578,506,32041,0.0802251,0.01,1,2259508,2259002,506
175244721,30.5485,37.6544,453,32435,0.204077,0.11,1,2259757,2259304,453
175259321,42.7688,57.5939,458,32760,0.201837,0.17,1,2259966,2259508,458
175262241,18.3075,40.4376,431,32825,0.206735,0.15,1,2259968,2259537,431
175265161,57.123,67.175,429,32889,0.256694,0.15,1,2260051,2259622,429
175268081,42.6492,46.07,430,32953,0.288678,0.19,1,2260084,2259654,430
175361521,61.1983,19.0603,543,34948,0.78614,0.63,2,2261384,2260841,543
175379041,28.8537,51.0141,470,35308,0.903856,0.71,2,2261612,2261142,470
175381961,17.5415,28.8057,466,35368,0.907542,0.73,2,2261622,2261156,466
175384881,62.2166,18.1223,547,35428,0.933017,0.71,2,2261714,2261167,547
175387801,47.0866,61.8489,493,35488,0.931207,0.75,2,2261751,2261258,493
175390721,20.0347,45.7396,460,35548,0.930483,0.71,2,2261753,2261293,460
175393641,63.8139,19.4958,551,35607,0.942193,0.83,2,2261846,2261295,551
175510441,35.9047,38.2862,504,37907,0.93832,1,2,2263398,2262894,504
175525041,43.0013,33.8538,527,38185,0.76222,1,2,2263603,2263076,527
175536721,42.2848,51.2139,507,38405,0.403657,1,1,2263771,2263264,507
175545481,35.6822,34.2617,506,38570,0.273274,0.93,1,2263867,2263361,506
175548401,19.6729,35.9047,478,38625,0.27131,0.87,1,2263876,2263398,478
175551321,17.4692,32.3619,464,38680,0.258524,0.87,1,2263892,2263428,464
175554241,42.9877,50.1447,462,38735,0.21741,0.89,1,2263952,2263490,462
175557161,35.1951,39.2579,460,38790,0.248964,0.81,1,2263982,2263522,460
175560081,32.678,35.5032,458,38844,0.237586,0.71,1,2264013,2263555,458
175565921,36.4285,38.2005,457,38952,0.204814,0.57,1,2264095,2263638,457
175568841,36.1714,42.2802,448,39006,0.219925,0.45,1,2264131,2263683,448
175571761,39.6686,45.7121,442,39060,0.20197,0.33,1,2264173,2263731,442
175574681,38.0674,42.2848,439,39114,0.206788,0.29,1,2264210,2263771,439
175583441,34.2843,35.6822,434,39276,0.213154,0.27,1,2264301,2263867,434
175586361,18.5137,19.6729,433,39330,0.223262,0.25,1,2264309,2263876,433
175589281,17.0055,17.4692,433,39384,0.203305,0.19,1,2264325,2263892,433
175592201,41.6022,42.9877,431,39438,0.279322,0.27,1,2264383,2263952,431
175603881,36.0954,36.4285,430,39651,0.411551,0.23,1,2264525,2264095,430
175606801,36.6382,36.1714,431,39704,0.44662,0.19,1,2264562,2264131,431
175609721,38.6553,39.6686,429,39757,0.436648,0.21,1,2264602,2264173,429
175688561,38.4388,39.2038,483,41167,0.761066,0.49,2,2265527,2265044,483
175691481,30.9755,38.4815,471,41218,0.778426,0.49,2,2265553,2265082,471
175694401,29.1902,30.9926,473,41269,0.78537,0.49,2,2265581,2265108,473
175720681,36.3331,37.357,459,41728,0.909903,0.75,2,2265870,2265411,459
176055021,319.829,353.68,466,20440,0.4012,0.41,1,2269640,2269174,466
176060861,108.053,121.629,447,21370,0.071392,0.03,1,2269772,2269325,447
176063781,88.8211,87.0515,459,21469,0.0585568,0.03,1,2269848,2269389,459
176066701,85.3284,88.2206,453,21568,0.0534227,0.03,1,2269931,2269478,453
176069621,89.9314,73.6882,482,21666,0.0273691,0,1,2270024,2269542,482
176072541,41.9725,66.0753,431,21764,0.0289476,0.03,1,2270034,2269603,431
176075461,33.589,39.0301,438,21861,0.0415791,0.03,1,2270062,2269624,438
176078381,50.6356,62.412,422,21958,0.0946316,0,1,2270124,2269702,422
176081301,63.4542,66.9648,424,22055,0.0378526,0.05,1,2270196,2269772,424
176084221,69.7817,72.3859,422,22151,0.0571411,0.05,1,2270270,2269848,422
176087141,78.9127,78.7544,424,22247,0.0288564,0.01,1,2270355,2269931,424
176090061,86.7651,87.3018,423,22342,0.0175426,0.03,1,2270447,2270024,423
176092981,40.706,40.9207,423,22437,0.013017,0.05,1,2270457,2270034,423
176095901,33.6824,33.1683,424,22532,0.0232068,0.05,1,2270486,2270062,424
176098821,50.073,13.2673,485,22626,0.0272827,0.13,1,2270547,2270062,485
176101741,62.0292,42.5069,493,22720,0.0109131,0,1,2270617,2270124,493
176104661,69.2117,60.2028,495,22813,0.0343652,0.07,1,2270691,2270196,495
176107581,79.2847,68.4811,507,22906,0.0437461,0.01,1,2270777,2270270,507
176110501,86.3139,78.3924,513,22999,0.0354984,0.01,1,2270868,2270355,513
176113421,40.5255,86.557,431,23091,0.0441994,0.01,1,2270878,2270447,431
176116341,34.2102,40.6228,451,23183,0.0476797,0.03,1,2270908,2270457,451
176119261,50.2841,33.6491,483,23274,0.0490719,0.03,1,2270969,2270486,483
176122181,62.1136,50.0596,492,23365,0.0376288,0,1,2271039,2270547,492
176125101,69.2455,62.0239,496,23456,0.0210515,0.05,1,2271113,2270617,496
176128021,79.2982,69.2095,508,23546,0.0504206,0.05,1,2271199,2270691,508
176130941,86.9193,79.2838,514,23636,0.0261682,0.03,1,2271291,2270777,514
176133861,40.7677,86.3135,433,23726,0.0284673,0.05,1,2271301,2270868,433
176136781,34.3071,40.5254,453,23815,0.0293869,0.05,1,2271331,2270878,453
176139701,50.3228,34.2102,484,23904,0.0417548,0.05,1,2271392,2270908,484
176142621,21.3291,50.2841,425,23993,0.0467019,0.03,1,2271394,2270969,425
176145541,48.7317,62.1136,422,24081,0.0726808,0.01,1,2271461,2271039,422
176148461,65.0927,69.2455,424,24169,0.0470723,0.07,1,2271537,2271113,424
176151381,77.6371,79.2982,424,24257,0.0368289,0.01,1,2271623,2271199,424
176154301,85.6548,86.9193,423,24344,0.0447316,0.03,1,2271714,2271291,423
176157221,40.2619,40.7677,423,24431,0.0238926,0.03,1,2271724,2271301,423
176160141,34.1048,34.3071,423,24518,0.0275571,0.05,1,2271754,2271331,423
176163061,50.8419,50.3228,424,24604,0.0770228,0.05,1,2271816,2271392,424
176165981,21.5368,21.3291,424,24690,0.0968091,0.09,1,2271818,2271394,424
176174741,78.2984,77.6371,424,24947,0.0621158,0.05,1,2272047,2271623,424
176189341,22.1272,21.5368,426,25369,0.0949369,0.17,1,2272244,2271818,426
176192261,47.8509,47.6147,426,25453,0.0799747,0.17,1,2272309,2271883,426
176195181,63.5404,19.0459,500,25536,0.0619899,0.09,1,2272383,2271883,500
176198101,76.4161,53.8184,508,25619,0.024796,0.03,1,2272468,2271960,508
176201021,86.3665,73.7273,514,25702,0.0879184,0.13,1,2272561,2272047,514
176221461,74.7352,63.5329,506,26273,0.0623663,0,1,2272889,2272383,506
176238981,48.5707,22.1117,494,26753,0.212279,0.19,1,2273163,2272669,494
176241901,60.2283,47.8447,497,26832,0.210912,0.07,1,2273231,2272734,497
176244821,72.0913,62.3379,505,26911,0.210365,0.03,1,2273311,2272806,505
176247741,30.0365,74.7352,424,26990,0.210146,0.17,1,2273313,2272889,424
176253581,37.2058,42.9176,430,27146,0.217223,0.17,1,2273430,2273000,430
176256501,34.0823,35.167,432,27224,0.212889,0.19,1,2273462,2273030,432
176259421,52.0329,53.0668,431,27302,0.271156,0.19,1,2273526,2273095,431
176262341,22.0132,22.4267,431,27380,0.294462,0.23,1,2273528,2273097,431
176265261,48.4053,48.5707,431,27457,0.291785,0.21,1,2273594,2273163,431
176276941,74.3336,75.0146,431,27764,0.42195,0.23,1,2273849,2273418,431
176279861,37.5334,37.2058,432,27840,0.40278,0.21,1,2273862,2273430,432
176297381,73.6298,71.5848,441,28293,0.440541,0.39,1,2274184,2273743,441
176300301,30.6519,29.8339,441,28368,0.434216,0.39,1,2274186,2273745,441
176303221,73.4608,11.9336,543,28443,0.443687,0.45,1,2274288,2273745,543
176306141,37.1843,67.1734,452,28517,0.435475,0.39,1,2274301,2273849,452
176349941,73.9015,64.623,529,29611,0.902056,0.61,2,2275077,2274548,529
176352861,30.7606,72.6492,453,29682,0.906823,0.61,2,2275079,2274626,453
176355781,75.3042,30.2597,556,29753,0.908729,0.65,2,2275184,2274628,556
176358701,38.5217,73.9039,467,29824,0.921492,0.65,2,2275198,2274731,467
176361621,16.6087,37.9615,455,29895,0.926597,0.77,2,2275200,2274745,455
176528061,44.2862,37.8298,501,33690,0.928,1,2,2277850,2277349,501
176545581,35.4856,35.1999,492,34065,0.418945,1,1,2278156,2277664,492
176557261,25.1916,13.5155,500,34313,0.292437,1,1,2278269,2277769,500
176560181,38.2767,21.6062,520,34375,0.254975,0.88,1,2278316,2277796,520
176563101,68.7107,41.0425,555,34437,0.29999,0.63,1,2278405,2277850,555
176574781,37.2982,50.7019,480,34681,0.409008,0.49,1,2278570,2278090,480
176577701,32.3193,40.6808,475,34742,0.409603,0.35,1,2278599,2278124,475
176580621,20.1277,35.4723,455,34803,0.433841,0.33,1,2278611,2278156,455
176615661,42.3895,20.1277,500,35526,0.761402,0.49,2,2279111,2278611,500
176618581,25.9558,41.0511,460,35586,0.778561,0.49,2,2279126,2278666,460
176621501,22.3823,24.8204,466,35645,0.761424,0.49,2,2279146,2278680,466
176624421,10.1529,22.5282,447,35704,0.75457,0.53,2,2279148,2278701,447
176627341,34.6612,37.8113,450,35763,0.763828,0.65,2,2279199,2278749,450
176630261,74.4645,72.1245,456,35822,0.791531,0.71,2,2279300,2278844,456
176633181,50.1858,48.6498,457,35881,0.790612,0.71,2,2279334,2278877,457
176641941,38.2519,37.9616,459,36058,0.913399,0.75,2,2279471,2279012,459
176644861,33.3008,33.1846,459,36117,0.92336,0.75,2,2279501,2279042,459
176647781,20.5203,20.4739,459,36176,0.939344,0.77,2,2279513,2279054,459
176653621,25.6032,25.9558,459,36292,0.941095,0.75,2,2279585,2279126,459
176656541,22.2413,22.3823,459,36350,0.934438,0.75,2,2279605,2279146,459
176659461,10.0965,10.1529,459,36408,0.931775,0.77,2,2279607,2279148,459
176662381,35.2386,34.6612,460,36466,0.94271,0.81,2,2279659,2279199,460
176773341,50.4227,75.6927,509,38607,0.94,1,2,2281212,2280703,509
176785021,40.8572,40.8609,492,38826,0.937264,1,2,2281375,2280883,492
176805461,12.1406,24.8916,478,39204,0.770854,1,2,2281549,2281071,478
176817141,33.3924,37.1076,476,39420,0.433734,0.97,1,2281758,2281282,476
176820061,52.357,49.6431,483,39474,0.431494,0.91,1,2281823,2281340,483
176898901,36.4036,50.7696,471,40894,0.774514,0.51,2,2282737,2282266,471
176901821,31.9614,34.7078,476,40946,0.783806,0.59,2,2282766,2282290,476
176904741,31.9846,30.6831,480,40998,0.763522,0.57,2,2282798,2282318,480
176928101,43.2376,44.8269,495,41406,0.911555,0.67,2,2283077,2282582,495
176931021,29.295,41.9308,475,41457,0.922622,0.69,2,2283097,2282622,475
176936861,23.6472,53.5089,461,41559,0.90242,0.81,2,2283173,2282712,461
176939781,25.0589,36.4036,462,41610,0.906968,0.79,2,2283199,2282737,462
176942701,26.8236,31.9614,461,41661,0.908787,0.75,2,2283227,2282766,461
176945621,31.1294,31.9846,463,41712,0.933515,0.85,2,2283261,2282798,463
177116441,25.8809,31.0574,523,44598,0.902074,1,2,2285268,2284745,523
177163161,307.952,349.023,458,20440,0.40283,0.51,1,2285764,2285306,458
177166081,177.781,182.809,477,20544,0.203132,0.27,1,2285855,2285378,477
177169001,126.312,137.924,461,20647,0.219253,0.15,1,2285947,2285486,461
177171921,75.7249,92.3695,441,20750,0.201701,0.07,1,2285989,2285548,441
177177761,67.076,70.3391,449,20954,0.0742722,0.03,1,2286134,2285685,449
177180681,38.2304,55.7356,422,21055,0.0357089,0.05,1,2286153,2285731,422
177183601,36.8922,33.6943,439,21156,0.0562835,0.07,1,2286189,2285750,439
177192361,60.0091,59.5164,433,21455,0.252962,0.05,1,2286422,2285989,433
177195281,72.0036,77.2066,424,21554,0.251185,0.05,1,2286502,2286078,424
177198201,61.2015,64.4826,422,21652,0.262474,0.01,1,2286556,2286134,422
177201121,35.8806,37.1931,422,21750,0.27899,0.07,1,2286575,2286153,422
177204041,36.5522,36.4772,423,21848,0.249596,0.21,1,2286612,2286189,423
177206961,74.6209,70.3909,430,21945,0.273838,0.23,1,2286712,2286282,430
177209881,90.4484,86.9564,433,22042,0.271535,0.29,1,2286813,2286380,433
177233241,63.4809,86.9393,480,22800,0.403156,0.33,1,2287293,2286813,480
177236161,75.7923,60.5757,521,22893,0.431262,0.33,1,2287377,2286856,521
177271201,92.6724,75.3899,552,23980,0.789542,0.59,2,2288137,2287585,552
177279961,71.523,77.137,458,24244,0.923411,0.73,2,2288278,2287820,458
177282881,62.2092,64.4548,458,24331,0.915364,0.73,2,2288334,2287876,458
177393841,61.5094,56.0135,504,27445,0.791939,1,2,2290563,2290059,504
177411361,40.0284,34.4598,499,27905,0.215651,1,1,2290802,2290303,499
177425961,45.3014,55.9215,438,28282,0.0880035,0.27,1,2291094,2290656,438
177437641,37.7357,25.2924,477,28580,0.0945569,0.15,1,2291232,2290755,477
177449321,35.3436,50.5243,451,28876,0.235941,0.11,1,2291468,2291017,451
177452241,44.7375,35.2097,477,28949,0.256376,0.07,1,2291519,2291042,477
177455161,38.295,45.2839,459,29022,0.240551,0.11,1,2291553,2291094,459
177458081,38.118,39.1136,462,29095,0.27022,0.13,1,2291591,2291129,462
177461001,27.2472,37.8454,445,29168,0.282088,0.09,1,2291611,2291166,445
177478521,44.2249,35.3436,483,29601,0.401189,0.27,1,2291951,2291468,483
177481441,38.09,44.7374,466,29673,0.418476,0.23,1,2291985,2291519,466
177484361,39.836,38.295,473,29744,0.44939,0.29,1,2292026,2291553,473
177525241,68.7682,67.8598,448,30725,0.755832,0.65,2,2292634,2292186,448
177548601,12.7563,12.8011,456,31272,0.905926,0.69,2,2292950,2292494,456
177551521,33.9025,33.9204,456,31340,0.92037,0.69,2,2292998,2292542,456
177554441,71.161,13.5682,552,31408,0.926148,0.79,2,2293094,2292542,552
177677081,46.5609,61.084,477,34122,0.93976,1,2,2294988,2294511,477
177688761,32.8384,30.0469,508,34370,0.77905,1,2,2295178,2294670,508
177715041,72.8223,43.2196,560,34920,0.250953,0.89,1,2295589,2295029,560
177717961,44.7289,75.4879,489,34981,0.214381,0.79,1,2295615,2295126,489
177720881,32.8916,47.5951,485,35041,0.235752,0.75,1,2295640,2295155,485
177723801,37.7566,32.8381,503,35101,0.244301,0.69,1,2295681,2295178,503
177726721,33.7026,43.7352,483,35161,0.21172,0.65,1,2295712,2295229,483
177729641,36.8811,37.8941,488,35221,0.234688,0.59,1,2295751,2295263,488
177735481,36.261,39.4231,480,35341,0.21635,0.49,1,2295822,2295342,480
177738401,28.3044,37.3692,467,35401,0.21254,0.45,1,2295845,2295378,467
177744241,35.7287,44.1391,471,35521,0.212806,0.31,1,2295927,2295456,471
177747161,69.4915,41.0556,524,35581,0.271123,0.19,1,2296019,2295495,524
177761761,31.2118,33.7026,431,35876,0.431637,0.25,1,2296143,2295712,431
177767601,33.7939,35.1524,430,35994,0.439862,0.23,1,2296215,2295785,430
177770521,37.5176,36.261,433,36053,0.433945,0.21,1,2296255,2295822,433
177837681,34.8833,36.1776,484,37379,0.769016,0.67,2,2297110,2296626,484
177840601,37.9533,33.6711,492,37436,0.781606,0.63,2,2297150,2296658,492
177843521,28.3813,37.4684,474,37492,0.798643,0.65,2,2297172,2296698,474
177869801,39.7596,34.2707,499,37996,0.908836,0.77,2,2297536,2297037,499
177872721,36.3039,37.7083,493,38052,0.945534,0.79,2,2297570,2297077,493
177881481,42.8834,28.3813,513,38218,0.946354,0.83,2,2297685,2297172,513
177998281,39.0464,36.8751,524,40370,0.909232,1,2,2299154,2298630,524
178018721,30.5261,33.8405,504,40734,0.77271,1,2,2299421,2298917,504
178021641,29.0104,23.1362,516,40786,0.759084,1,2,2299449,2298933,516
178030401,30.1527,38.2247,497,40942,0.770741,1,2,2299545,2299048,497
178033321,31.2611,33.2899,499,40994,0.782297,1,2,2299577,2299078,499
178036241,36.5044,33.116,506,41045,0.786919,0.85,2,2299617,2299111,506
178039161,75.8018,39.0464,565,41096,0.752768,0.83,2,2299719,2299154,565
178053761,31.9359,34.788,493,41351,0.757881,0.83,2,2299852,2299359,493
178056681,28.9744,34.3152,486,41402,0.753152,0.73,2,2299879,2299393,486
178059601,27.1897,30.5261,484,41453,0.775261,0.75,2,2299905,2299421,484
178077121,34.9035,36.5044,459,41759,0.917431,0.73,2,2300076,2299617,459
178261081,31.1123,32.5003,509,44830,0.94,1,2,2302255,2301746,509
178269841,32.8792,28.696,516,44971,0.75496,1,2,2302345,2301829,516
178284441,24.1812,27.9495,515,45206,0.262198,1,1,2302481,2301966,515
178290281,34.709,57.1519,475,45300,0.0767517,1,1,2302551,2302076,475
178293201,46.8836,43.2608,496,45347,0.0847007,1,1,2302606,2302110,496
178296121,46.9534,45.5043,496,45394,0.0518803,1,1,2302653,2302157,496
178299041,37.9814,39.2017,493,45440,0.0267521,1,1,2302685,2302192,493
178307801,21.7268,26.2449,467,45578,0.0955521,0.85,1,2302745,2302278,467
178310721,26.0907,29.698,464,45624,0.0802208,0.69,1,2302774,2302310,464
178331161,23.249,28.2725,424,45946,0.209493,0.07,1,2302936,2302512,424
178337001,47.0398,27.9236,480,46038,0.0899189,0.09,1,2303031,2302551,480
178339921,45.8159,44.1694,470,46084,0.0539676,0.03,1,2303076,2302606,470
178342841,38.1264,45.8678,456,46130,0.027587,0.01,1,2303109,2302653,456
178345761,26.6505,37.5471,443,46176,0.0290348,0.19,1,2303128,2302685,443
178348681,23.8602,24.6188,449,46222,0.0536139,0.09,1,2303150,2302701,449
178386641,37.7894,45.8159,456,46810,0.0822058,0.01,1,2303532,2303076,456
178389561,26.5158,38.1264,442,46855,0.0868823,0.03,1,2303551,2303109,442
178395401,21.2825,23.8602,445,46945,0.0991012,0.15,1,2303595,2303150,445
178404161,18.4501,27.5911,440,47080,0.0944225,0.15,1,2303668,2303228,440
178427521,39.7039,47.1839,428,47439,0.211911,0.11,1,2303885,2303457,428
178430441,40.4815,43.4736,428,47483,0.210764,0.05,1,2303926,2303498,428
178433361,34.1926,37.7894,424,47527,0.246306,0.09,1,2303956,2303532,424
178436281,26.277,26.5158,426,47571,0.272522,0.13,1,2303977,2303551,426
178439201,26.1108,26.2063,426,47615,0.295009,0.09,1,2304003,2303577,426
178442121,21.2443,21.2825,426,47659,0.292004,0.13,1,2304021,2303595,426
178456721,31.6316,30.792,428,47879,0.40403,0.13,1,2304155,2303727,428
178462561,24.7411,22.8067,431,47967,0.411445,0.17,1,2304201,2303770,431
178465481,24.2964,24.1227,430,48011,0.446578,0.19,1,2304225,2303795,430
178558921,25.5751,26.138,476,49397,0.758225,0.67,2,2305120,2304644,476
178561841,30.63,24.8552,486,49440,0.76529,0.71,2,2305154,2304668,486
178564761,13.452,29.1421,456,49483,0.768116,0.67,2,2305156,2304700,456
178567681,40.7808,12.8568,513,49526,0.757246,0.67,2,2305215,2304702,513
178570601,42.7123,40.5427,498,49569,0.764899,0.63,2,2305259,2304761,498
178573521,36.2849,42.6171,486,49612,0.767959,0.67,2,2305291,2304805,486
178608561,30.9833,25.5751,493,50116,0.905496,0.77,2,2305613,2305120,493
178611481,13.5933,30.63,461,50158,0.920198,0.77,2,2305615,2305154,461
178792521,73.8221,87.2944,495,24353,0.415312,1,1,2307514,2307019,495
178815881,50.1346,56.8555,437,25041,0.410221,0.33,1,2307951,2307514,437
178850921,50.659,73.7159,484,26038,0.776998,0.59,2,2308658,2308174,484
178853841,33.4636,49.8864,472,26119,0.772799,0.67,2,2308680,2308208,472
178856761,37.3854,31.9545,492,26200,0.77112,0.63,2,2308720,2308228,492
178859681,65.3542,36.7818,536,26281,0.782448,0.67,2,2308804,2308268,536
178862601,52.5417,63.9127,498,26362,0.786979,0.69,2,2308848,2308350,498
178871361,78.7227,70.6184,539,26602,0.932367,0.77,2,2309084,2308545,539
178874281,52.4891,75.6474,495,26682,0.942947,0.81,2,2309119,2308624,495
178982321,47.7789,50.6336,519,29475,0.40904,1,1,2311057,2310538,519
178991081,45.4658,25.2726,543,29690,0.235699,0.99,1,2311168,2310625,543
179002761,49.0487,70.0454,453,29974,0.0764499,0.51,1,2311332,2310879,453
179005681,74.8195,88.6182,444,30045,0.07258,0.43,1,2311424,2310980,444
179008601,48.5278,56.4473,440,30115,0.071032,0.35,1,2311455,2311015,440
179011521,42.8111,47.7789,437,30185,0.0584128,0.27,1,2311494,2311057,437
179014441,29.7244,35.9116,430,30255,0.0893651,0.29,1,2311515,2311085,430
179017361,29.8898,31.1646,432,30325,0.053746,0.19,1,2311545,2311113,432
179040721,43.3389,42.8111,424,30879,0.222025,0.11,1,2311918,2311494,424
179043641,29.3356,29.7244,423,30948,0.22681,0.03,1,2311938,2311515,423
179046561,29.7342,29.8898,423,31016,0.252724,0.15,1,2311968,2311545,423
179049481,46.0937,43.1559,428,31084,0.27509,0.15,1,2312025,2311597,428
179069921,44.2258,47.5629,471,31557,0.299927,0.25,1,2312349,2311878,471
179072841,30.2903,43.0252,452,31624,0.281971,0.23,1,2312370,2311918,452
179075761,30.1161,29.2101,462,31691,0.298788,0.27,1,2312400,2311938,462
179084521,50.4074,41.2294,491,31891,0.441762,0.35,1,2312554,2312063,491
179119561,48.461,21.363,510,32678,0.765478,0.45,2,2313066,2312556,510
179151681,49.7118,48.461,461,33383,0.913777,0.83,2,2313527,2313066,461
179154601,74.4847,72.7844,463,33446,0.911511,0.83,2,2313618,2313155,463
179157521,30.9939,30.3138,463,33509,0.910604,0.83,2,2313620,2313157,463
179160441,32.7976,32.5255,463,33572,0.922242,0.85,2,2313654,2313191,463
179286001,67.8161,63.7629,495,36182,0.92032,1,2,2315511,2315016,495
179288921,47.5265,43.5052,499,36240,0.902128,1,2,2315545,2315046,499
179291841,35.2106,38.4021,491,36298,0.948851,1,2,2315572,2315081,491
179294761,26.0842,27.9608,490,36356,0.94954,1,2,2315592,2315102,490
179297681,30.2337,28.5843,494,36414,0.925816,1,2,2315625,2315131,494
179306441,37.695,44.9814,483,36588,0.770852,1,2,2315726,2315243,483
179385281,47.7849,46.9207,496,38118,0.756938,0.57,2,2316774,2316278,496
179388201,37.1139,48.1683,477,38173,0.776775,0.53,2,2316804,2316327,477
179399881,25.7277,29.8891,475,38393,0.913597,0.67,2,2316964,2316489,475
179610121,32.4838,33.6138,514,42168,0.909232,1,2,2319575,2319061,514
179613041,26.1935,35.6455,499,42218,0.915693,1,2,2319597,2319098,499
179633481,38.8534,27.7294,514,42568,0.075072,1,1,2319889,2319375,514
179636401,32.3413,38.0917,497,42618,0.0360288,1,1,2319917,2319420,497
179639321,26.1365,36.8367,483,42668,0.0804115,0.98,1,2319939,2319456,483
179642241,23.6546,27.9347,483,42717,0.0621646,1,1,2319961,2319478,483
179645161,25.6618,26.7739,484,42766,0.0428658,1,1,2319988,2319504,484
179648081,28.8647,34.7095,475,42815,0.0471463,0.85,1,2320019,2319544,475
179651001,26.5459,32.4838,469,42864,0.0848585,0.92,1,2320044,2319575,469
179653921,20.8184,26.1935,464,42913,0.0999434,0.77,1,2320061,2319597,464
179665601,39.9218,22.789,496,43109,0.0981266,0.39,1,2320204,2319708,496
179674361,34.211,41.0585,459,43256,0.0583601,0.03,1,2320311,2319852,459
179677281,30.4844,38.6234,450,43305,0.041344,0.01,1,2320339,2319889,450
179680201,25.3938,32.2494,444,43354,0.0345376,0.11,1,2320361,2319917,444
179683121,23.3575,26.0997,444,43403,0.055815,0.05,1,2320383,2319939,444
179686041,24.943,23.6399,448,43452,0.040326,0.03,1,2320409,2319961,448
179688961,32.7772,25.656,459,43501,0.0581304,0.05,1,2320447,2319988,459
179700641,31.6599,33.5272,457,43694,0.21168,0.09,1,2320560,2320103,457
179703561,25.864,32.0109,448,43742,0.234672,0.11,1,2320582,2320134,448
179706481,39.1456,24.8043,476,43790,0.243869,0.09,1,2320630,2320154,476
179709401,39.6582,39.9217,466,43838,0.271548,0.13,1,2320670,2320204,466
179712321,34.4633,40.5687,456,43886,0.294619,0.09,1,2320701,2320245,456
179718161,29.3941,34.211,449,43982,0.295539,0.03,1,2320760,2320311,449
179726921,24.3692,23.3575,447,44126,0.273075,0.03,1,2320830,2320383,447
179735681,22.1516,26.3109,445,44270,0.227477,0.15,1,2320914,2320469,445
179738601,36.4607,20.1244,475,44318,0.288991,0.17,1,2320960,2320485,475
179759041,31.6642,32.9853,437,44649,0.428254,0.29,1,2321170,2320733,437
179761961,28.2657,29.3941,436,44696,0.417301,0.31,1,2321196,2320760,436
179764881,25.7063,25.5577,437,44743,0.412921,0.31,1,2321220,2320783,437
179767801,23.4825,23.4231,437,44790,0.411168,0.25,1,2321242,2320805,437
179770721,22.593,24.3692,434,44837,0.410467,0.15,1,2321264,2320830,434
179773641,32.4372,34.9477,431,44884,0.446187,0.19,1,2321303,2320872,431
179776561,28.5749,28.3791,433,44931,0.448475,0.25,1,2321329,2320896,433
179779481,24.63,22.1516,437,44978,0.43739,0.33,1,2321351,2320914,437
179890441,33.7534,33.576,487,46726,0.908468,0.69,2,2322516,2322029,487
179893361,29.1013,32.6304,481,46771,0.921387,0.69,2,2322542,2322061,481
179896281,26.0405,28.6522,479,46816,0.926555,0.69,2,2322566,2322087,479
179899201,23.6162,25.8609,477,46861,0.928622,0.69,2,2322588,2322111,477
179902121,23.2465,23.5443,478,46906,0.941449,0.71,2,2322611,2322133,478
179905041,33.2986,22.6177,496,46951,0.94658,0.71,2,2322651,2322155,496
179907961,27.7194,33.0471,480,46996,0.948632,0.69,2,2322675,2322195,480
179910881,24.2878,28.2188,477,47041,0.949453,0.69,2,2322697,2322220,477
179913801,41.5151,24.4875,508,47086,0.937781,0.71,2,2322750,2322242,508
180131341,315.806,345.758,480,21900,0.442,0.99,1,2325014,2324534,480
180134261,171.322,170.703,501,22724,0.2668,0.79,1,2325089,2324588,501
180137181,97.3289,104.281,489,22817,0.20872,0.55,1,2325137,2324648,489
180169301,62.9119,72.6559,484,23819,0.212111,0.15,1,2325840,2325356,484
180172221,37.1647,62.6624,448,23908,0.234845,0.15,1,2325860,2325412,448
180175141,16.0659,37.0649,430,23997,0.243938,0.15,1,2325862,2325432,430
180178061,56.8264,65.826,429,24085,0.247575,0.13,1,2325946,2325517,429
180180981,51.5305,55.7304,428,24173,0.24903,0.15,1,2325994,2325566,428
180183901,56.0122,57.0922,429,24261,0.273612,0.15,1,2326053,2325624,429
180186821,77.6049,77.4369,430,24348,0.295445,0.21,1,2326145,2325715,430
180204341,51.5742,51.5305,434,24866,0.416404,0.29,1,2326428,2325994,434
180239381,67.8775,72.1222,508,25870,0.7518,0.51,2,2327158,2326650,508
180242301,40.351,66.0489,468,25952,0.79872,0.57,2,2327180,2326712,468
180245221,17.3404,38.4196,450,26034,0.793488,0.53,2,2327182,2326732,450
180256901,77.9735,59.3323,546,26358,0.905961,0.71,2,2327479,2326933,546
180259821,74.3894,77.7329,528,26438,0.932385,0.73,2,2327551,2327023,528
180379541,58.8148,53.516,531,29543,0.9412,1,2,2329688,2329157,531
180394141,45.1635,57.2312,510,29899,0.227068,1,1,2329939,2329429,510
180399981,41.6662,46.357,488,30041,0.0615309,1,1,2330021,2329533,488
180402901,34.6665,41.3428,480,30111,0.0546124,0.98,1,2330051,2329571,480
180405821,40.8666,46.5371,475,30181,0.0638449,0.91,1,2330096,2329621,475
180408741,48.1466,58.8148,461,30251,0.031538,0.79,1,2330149,2329688,461
180411661,51.6587,58.3259,457,30321,0.0426152,0.59,1,2330203,2329746,457
180414581,41.0635,47.9304,450,30391,0.0470461,0.49,1,2330237,2329787,450
180417501,40.4254,46.7721,444,30461,0.0488184,0.19,1,2330277,2329833,444
180432101,32.3685,34.6665,422,30806,0.0462247,0.07,1,2330473,2330051,422
180435021,39.9474,40.8666,422,30875,0.0604899,0.01,1,2330518,2330096,422
180437941,47.779,48.1466,422,30944,0.054196,0.05,1,2330571,2330149,422
180440861,52.1116,51.6587,423,31012,0.0516784,0.05,1,2330626,2330203,423
180443781,40.6446,41.0635,422,31080,0.0986713,0.05,1,2330659,2330237,422
180446701,40.2579,40.4254,422,31148,0.0934685,0.18,1,2330699,2330277,422
180478821,54.3921,40.2427,487,31887,0.214693,0.13,1,2331186,2330699,487
180481741,41.5569,52.0971,460,31953,0.235877,0.15,1,2331219,2330759,460
180484661,39.4227,40.0388,466,32019,0.256351,0.13,1,2331257,2330791,466
180487581,39.7691,38.2155,469,32085,0.27654,0.15,1,2331297,2330828,469
180508021,57.6349,39.9803,498,32544,0.400203,0.25,1,2331620,2331122,498
180510941,42.254,54.3921,466,32609,0.430081,0.25,1,2331652,2331186,466
180513861,40.3016,41.5569,472,32674,0.442032,0.27,1,2331691,2331219,472
180516781,41.3206,39.4227,476,32739,0.446813,0.29,1,2331733,2331257,476
180519701,17.7283,39.7691,438,32804,0.424725,0.35,1,2331735,2331297,438
180581021,41.1984,41.5643,445,34131,0.785632,0.51,2,2332622,2332177,445
180607301,44.7815,59.4252,488,34685,0.925411,0.71,2,2332998,2332510,488
181048221,29.2051,33.7045,492,42910,0.933611,1,2,2338713,2338221,492
181051141,31.482,30.2818,497,42959,0.913445,1,2,2338746,2338249,497
181062821,32.2459,32.0472,525,43155,0.778184,0.97,2,2338877,2338352,525
181138741,34.0876,29.3043,484,44411,0.750507,0.55,2,2339730,2339246,484
181141661,29.8351,33.3217,475,44458,0.750203,0.53,2,2339757,2339282,475
181144581,13.134,29.5287,450,44505,0.750081,0.55,2,2339759,2339309,450
181147501,22.0536,29.2115,449,44552,0.750032,0.57,2,2339787,2339338,449
181150421,28.0214,30.2846,450,44599,0.750013,0.57,2,2339819,2339369,450
181153341,30.4086,30.1138,452,44646,0.750005,0.61,2,2339851,2339399,452
181162101,33.7221,34.5913,451,44787,0.76008,0.57,2,2339963,2339512,451
181165021,36.8889,36.0365,453,44834,0.778032,0.63,2,2340002,2339549,453
181167941,30.3555,31.2146,451,44881,0.797213,0.63,2,2340028,2339577,451
181202981,37.1927,36.3054,460,45444,0.913485,0.77,2,2340391,2339931,460
181205901,34.0771,33.7221,460,45490,0.923394,0.79,2,2340423,2339963,460
181208821,36.4308,36.8889,459,45536,0.927358,0.81,2,2340461,2340002,459
181211741,31.3723,30.3555,461,45582,0.928943,0.87,2,2340489,2340028,461
181214661,34.1489,32.5422,463,45628,0.929577,0.91,2,2340525,2340062,463
181217581,29.8596,28.0169,465,45674,0.941831,0.89,2,2340552,2340087,465
181421981,331.649,346.808,499,21900,0.442,0.98,1,2342751,2342252,499
181430741,70.3775,83.5157,469,22189,0.089968,0.25,1,2342939,2342470,469
181436581,69.4604,72.1625,459,22380,0.0455949,0.05,1,2343078,2342619,459
181439501,57.7842,80.465,423,22475,0.036238,0.03,1,2343128,2342705,423
181442421,39.9137,38.786,440,22569,0.0324952,0.07,1,2343156,2342716,440
181445341,69.3655,36.5144,494,22663,0.0669981,0.03,1,2343245,2342751,494
181448261,73.9462,57.8058,499,22757,0.0687992,0.07,1,2343322,2342823,499
181451181,54.7785,68.7223,465,22850,0.0575197,0.07,1,2343364,2342899,465
181454101,65.1114,51.4889,497,22943,0.0890079,0.13,1,2343436,2342939,497
181459941,54.8178,66.4382,471,23127,0.0994413,0.03,1,2343549,2343078,471
181462861,40.5271,56.5753,452,23219,0.0697765,0.03,1,2343580,2343128,452
181465781,69.0109,39.4301,512,23310,0.0699106,0.09,1,2343668,2343156,512
181468701,73.2043,69.172,499,23401,0.0819642,0.07,1,2343744,2343245,499
181471621,55.6817,73.8688,466,23492,0.0627857,0.05,1,2343788,2343322,466
181474541,65.4727,54.7475,496,23582,0.0911143,0.11,1,2343860,2343364,496
181492061,57.1716,73.2042,426,24117,0.200489,0.05,1,2344170,2343744,426
181494981,48.0686,55.6817,424,24205,0.230196,0.11,1,2344212,2343788,424
181497901,64.8275,65.4727,428,24293,0.230078,0.11,1,2344288,2343860,428
181500821,65.531,65.7891,428,24380,0.266031,0.15,1,2344354,2343926,428
181512501,29.1528,28.929,431,24726,0.401322,0.21,1,2344525,2344094,431
181518341,48.3444,48.0686,432,24897,0.403812,0.23,1,2344644,2344212,432
181521261,65.5378,64.8275,433,24982,0.407525,0.29,1,2344721,2344288,433
181556301,73.3814,42.2629,541,25982,0.752716,0.61,2,2345414,2344873,541
181559221,30.5525,70.9052,453,26064,0.787087,0.61,2,2345416,2344963,453
181579661,77.9021,43.9531,555,26628,0.940251,0.81,2,2345876,2345321,555
181719821,42.9474,43.0981,496,30209,0.0982536,1,1,2348344,2347848,496
181722741,44.7789,51.4393,485,30279,0.0693015,1,1,2348390,2347905,485
181725661,38.3116,42.1757,483,30349,0.0457206,0.97,1,2348424,2347941,483
181728581,37.5246,42.6703,477,30419,0.0602882,0.96,1,2348461,2347984,477
181731501,35.4099,44.0681,466,30489,0.0421153,0.81,1,2348495,2348029,466
181734421,32.1639,39.8272,459,30558,0.0228461,0.63,1,2348525,2348066,459
181737341,35.0656,44.1309,449,30627,0.0151384,0.53,1,2348562,2348113,449
181740261,40.4262,44.0524,449,30696,0.0600554,0.13,1,2348606,2348157,449
181743181,73.1705,88.4209,426,30765,0.0780222,0.07,1,2348701,2348275,426
181746101,49.0682,56.3684,424,30834,0.0492089,0.05,1,2348734,2348310,424
181749021,39.4273,42.9474,423,30903,0.0496835,0.05,1,2348767,2348344,423
181751941,46.9709,44.7789,429,30971,0.0378734,0.03,1,2348819,2348390,429
181754861,39.1884,38.3116,429,31039,0.0691494,0.07,1,2348853,2348424,429
181757781,34.2753,37.5246,423,31107,0.0576597,0.03,1,2348884,2348461,423
181760701,34.1101,35.4099,423,31175,0.0890639,0.01,1,2348918,2348495,423
181769461,40.8471,14.0262,467,31379,0.0654601,0.09,1,2349029,2348562,467
181772381,74.5388,32.0105,520,31446,0.056184,0.09,1,2349126,2348606,520
181775301,47.2155,69.8042,454,31513,0.0404736,0.03,1,2349155,2348701,454
181778221,39.8862,47.7217,456,31580,0.0221894,0.05,1,2349190,2348734,456
181781141,47.1545,38.8887,475,31647,0.0628758,0.03,1,2349242,2348767,475
181784061,39.2618,46.7555,457,31714,0.0671503,0.09,1,2349276,2348819,457
181786981,33.1047,39.1022,452,31781,0.0928601,0.05,1,2349305,2348853,452
181801581,74.762,40.8462,520,32112,0.209511,0.05,1,2349549,2349029,520
181804501,46.7048,74.5385,451,32178,0.233804,0.03,1,2349577,2349126,451
181807421,39.6819,47.2154,457,32244,0.255522,0.01,1,2349612,2349155,457
181810341,47.6728,39.8862,475,32310,0.240209,0.09,1,2349665,2349190,475
181813261,40.6691,47.1545,459,32375,0.234083,0.07,1,2349701,2349242,459
181816181,34.8676,39.2618,456,32440,0.255633,0.11,1,2349732,2349276,456
181895021,80.2249,79.4578,451,34156,0.771843,0.59,2,2350878,2350427,451
181897941,33.2899,32.9831,451,34218,0.782737,0.59,2,2350880,2350429,451
181900861,30.116,13.1933,479,34280,0.787095,0.65,2,2350908,2350429,479
181903781,33.6464,22.0773,487,34342,0.788838,0.65,2,2350944,2350457,487
181906701,45.8586,30.4309,505,34404,0.789535,0.61,2,2350998,2350493,505
181909621,42.3434,44.5724,491,34465,0.777814,0.67,2,2351038,2350547,491
181912541,37.9374,40.0289,489,34526,0.797126,0.69,2,2351073,2350584,489
181927141,81.9914,43.0569,565,34831,0.906828,0.79,2,2351338,2350773,565
181930061,33.9965,80.2228,462,34892,0.920731,0.79,2,2351340,2350878,462
181932981,30.3986,33.2891,488,34953,0.926292,0.79,2,2351368,2350880,488
182035181,35.0919,36.6976,483,37009,0.94,1,2,2352824,2352341,483
182058541,32.9233,34.1267,518,37464,0.909163,1,2,2353085,2352567,518
182064381,79.0677,49.8603,567,37576,0.799466,1,2,2353229,2352662,567
182067301,58.0271,86.5441,500,37632,0.769786,1,2,2353273,2352773,500
182070221,42.4108,50.2176,506,37688,0.757915,0.9,2,2353305,2352799,506
182131541,30.8627,30.4,451,38849,0.75736,0.55,2,2354001,2353550,451
182134461,33.3451,32.56,452,38903,0.788944,0.61,2,2354036,2353584,452
182151981,28.8043,28.1934,455,39227,0.914139,0.73,2,2354305,2353850,455
182154901,28.9217,26.8774,458,39281,0.911656,0.73,2,2354334,2353876,458
182157821,12.7687,11.9509,458,39335,0.910662,0.75,2,2354336,2353878,458
182160741,23.7075,23.9804,457,39389,0.910265,0.71,2,2354367,2353910,457
182163661,26.283,26.3922,457,39443,0.922106,0.75,2,2354395,2353938,457
182166581,30.3132,29.1569,459,39497,0.938842,0.77,2,2354428,2353969,459
182169501,32.5253,30.8627,461,39550,0.933537,0.81,2,2354462,2354001,461
182172421,34.6101,33.3451,462,39603,0.907415,0.93,2,2354498,2354036,462
182368061,323.446,350.524,467,18980,0.43,0.55,1,2356898,2356431,467
182373901,127.711,140.564,460,19203,0.082,0.05,1,2357105,2356645,460
182376821,96.0845,98.8255,464,19314,0.0508,0.03,1,2357180,2356716,464
182379741,70.2338,72.5302,462,19424,0.05032,0.03,1,2357233,2356771,462
182382661,55.6935,79.4121,424,19533,0.074128,0.05,1,2357279,2356855,424
182385581,38.4774,38.3648,440,19642,0.0476512,0.07,1,2357306,2356866,440
182388501,103.591,34.5459,555,19750,0.0610605,0.03,1,2357453,2356898,555
182391421,86.4364,94.2184,496,19857,0.0664242,0.01,1,2357528,2357032,496
182394341,78.3746,81.4874,496,19964,0.0325697,0.03,1,2357601,2357105,496
182397261,63.1498,77.5949,474,20070,0.0310279,0.05,1,2357654,2357180,474
182400181,54.0599,62.838,469,20176,0.0304111,0.09,1,2357702,2357233,469
182403101,36.624,52.7352,448,20281,0.0421645,0.03,1,2357727,2357279,448
182406021,104.65,37.2941,571,20386,0.0588658,0.07,1,2357877,2357306,571
182408941,85.6598,103.118,497,20490,0.0775463,0.07,1,2357950,2357453,497
182417701,54.0822,63.1195,470,20799,0.061843,0.03,1,2358124,2357654,470
182420621,36.0329,54.0478,446,20901,0.0427372,0.05,1,2358148,2357702,446
182423541,106.213,36.6191,574,21002,0.0470949,0.07,1,2358301,2357727,574
182426461,43.6853,104.648,426,21103,0.0488379,0.09,1,2358303,2357877,426
182429381,61.8741,85.6591,427,21204,0.0735352,0.13,1,2358377,2357950,427
182452741,71.4122,69.7496,428,21992,0.217593,0.23,1,2358880,2358452,428
182455661,59.1649,56.6999,431,22088,0.225037,0.19,1,2358931,2358500,431
182458581,50.666,50.8799,429,22184,0.276015,0.13,1,2358976,2358547,429
182461501,34.6664,35.352,428,22280,0.296406,0.17,1,2359000,2358572,428
182479021,51.8658,53.114,479,22845,0.4045,0.31,1,2359410,2358931,479
182481941,35.1463,48.2456,458,22938,0.4438,0.31,1,2359434,2358976,458
182519901,42.6468,59.6322,451,24112,0.763483,0.57,2,2360253,2359802,451
182522821,48.2587,54.4529,452,24200,0.767393,0.65,2,2360305,2359853,452
182534501,68.3202,67.106,457,24549,0.948637,0.73,2,2360576,2360119,457
182537421,77.1281,76.0424,458,24635,0.943455,0.73,2,2360659,2360201,458
182636701,40.2164,41.6149,485,27408,0.9052,1,2,2362571,2362086,485
182654221,65.3113,65.5065,482,27868,0.411429,1,1,2362914,2362432,482
182657141,58.5245,58.6026,482,27944,0.290572,0.98,1,2362968,2362486,482
182660061,57.0098,57.041,482,28020,0.266229,0.85,1,2363024,2362542,482
182662981,34.8039,40.2164,473,28096,0.256491,0.85,1,2363044,2362571,473
182665901,44.5216,49.0866,469,28171,0.264597,0.87,1,2363095,2362626,469
182668821,33.4086,37.0346,466,28246,0.267839,0.79,1,2363121,2362655,466
182671741,22.9635,28.6139,459,28321,0.245135,0.65,1,2363137,2362678,459
182674661,39.7854,44.4455,455,28396,0.272054,0.65,1,2363188,2362733,455
182677581,87.9142,17.7782,575,28471,0.270822,0.41,1,2363308,2362733,575
182689261,34.1898,56.3271,452,28767,0.411525,0.25,1,2363476,2363024,452
182692181,45.4759,34.5308,485,28841,0.42261,0.27,1,2363529,2363044,485
182695101,31.3904,44.4123,456,28914,0.427044,0.27,1,2363551,2363095,456
182698021,23.3561,33.3649,448,28987,0.428818,0.23,1,2363569,2363121,448
182700941,41.7425,22.946,486,29060,0.429527,0.29,1,2363623,2363137,486
182750581,31.8854,31.4868,450,30274,0.7751,0.57,2,2364443,2363993,450
182753501,23.5542,23.3947,450,30344,0.77204,0.55,2,2364461,2364011,450
182776861,49.8803,46.7136,459,30898,0.946569,0.81,2,2364880,2364421,459
182779781,33.7521,31.8854,460,30966,0.948628,0.77,2,2364903,2364443,460
182782701,24.3008,23.5542,460,31034,0.949451,0.83,2,2364921,2364461,460
182896581,33.5879,30.9257,496,33589,0.91624,1,2,2366756,2366260,496
182908261,44.9527,45.2013,487,33841,0.75464,1,2,2366900,2366413,487
182934541,27.6764,31.7501,489,34399,0.760232,0.91,2,2367282,2366793,489
182937461,24.2706,28.9,484,34460,0.778093,0.87,2,2367304,2366820,484
182940381,43.3082,24.76,518,34521,0.785237,0.67,2,2367360,2366842,518
182943301,80.3233,44.704,565,34582,0.788095,0.63,2,2367465,2366900,565
182949141,33.8517,54.5526,476,34704,0.794495,0.71,2,2367524,2367048,476
182978341,55.4996,80.3233,499,35308,0.928046,0.81,2,2367964,2367465,499
182981261,34.1999,56.1293,479,35368,0.941218,0.79,2,2367984,2367505,479
182984181,49.0799,33.8517,519,35428,0.934487,0.87,2,2368043,2367524,519
182987101,46.032,46.5407,508,35488,0.943795,0.85,2,2368087,2367579,508
182990021,35.2128,45.6163,491,35548,0.947518,0.83,2,2368115,2367624,491
182992941,30.8851,35.6465,490,35607,0.949007,0.83,2,2368143,2367653,490
183109741,25.7155,20.0323,527,37907,0.915232,1,2,2369697,2369170,527
183112661,18.0862,19.4129,521,37963,0.936093,1,2,2369710,2369189,521
183162301,48.4308,53.5798,451,38898,0.769642,0.61,2,2370408,2369957,451
183168141,35.4689,35.3328,452,39006,0.784343,0.59,2,2370471,2370019,452
183171061,33.3876,34.5331,450,39060,0.799737,0.61,2,2370503,2370053,450
183182741,25.3731,24.3656,453,39276,0.905641,0.63,2,2370618,2370165,453
183185661,11.3492,10.9463,453,39330,0.908257,0.63,2,2370620,2370167,453
183191501,72.6159,71.2314,454,39438,0.924121,0.71,2,2370744,2370290,454
183486421,26.092,38.7311,487,44519,0.921231,1,2,2374241,2373754,487
183623661,32.2762,31.4647,524,46692,0.295968,1,1,2375796,2375272,524
183626581,27.9105,31.1859,518,46737,0.232387,1,1,2375821,2375303,518
183635341,25.6183,31.2519,502,46872,0.0890328,1,1,2375899,2375397,502
183638261,33.0473,31.7008,508,46917,0.0356131,1,1,2375937,2375429,508
183641181,25.8189,31.8803,497,46962,0.0682452,1,1,2375958,2375461,497
183644101,30.7276,28.9521,504,47007,0.0812981,0.98,1,2375992,2375488,504
183647021,33.291,31.9808,505,47052,0.0625192,0.97,1,2376027,2375522,505
183649941,31.3164,33.7923,500,47097,0.0670077,0.79,1,2376057,2375557,500
183652861,26.9266,35.1169,488,47142,0.0448031,0.65,1,2376081,2375593,488
183655781,28.1706,30.8468,489,47187,0.0479212,0.55,1,2376110,2375621,489
183658701,28.6683,34.5387,481,47232,0.0731685,0.41,1,2376139,2375658,481
183661621,33.0673,34.8155,482,47277,0.0472674,0.49,1,2376175,2375693,482
183664541,32.4269,36.7262,476,47322,0.084907,0.33,1,2376207,2375731,476
183667461,27.3708,35.6905,465,47367,0.0759628,0.23,1,2376231,2375766,465
183670381,12.1483,32.2762,437,47412,0.0483851,0.19,1,2376233,2375796,437
183673301,19.8593,27.9105,437,47456,0.061354,0.11,1,2376258,2375821,437
183676221,19.3437,27.3642,429,47500,0.0905416,0.09,1,2376277,2375848,429
183684981,32.318,33.0473,426,47632,0.0890747,0.09,1,2376363,2375937,426
183687901,23.1272,25.8189,422,47676,0.0896299,0.09,1,2376380,2375958,422
183690821,31.4509,30.7276,425,47720,0.0778519,0.05,1,2376417,2375992,425
183693741,32.3804,33.291,423,47764,0.0971408,0.07,1,2376450,2376027,423
183720021,21.4548,19.8593,425,48160,0.200007,0.11,1,2376683,2376258,425
183725861,22.8728,22.7375,426,48248,0.210801,0.17,1,2376728,2376302,426
183728781,23.5491,22.295,428,48292,0.22232,0.05,1,2376752,2376324,428
183731701,30.4196,32.318,424,48336,0.214928,0.09,1,2376787,2376363,424
183749221,27.7196,27.9203,427,48597,0.202102,0.19,1,2376961,2376534,427
183752141,30.2878,28.5681,430,48640,0.242841,0.13,1,2376993,2376563,430
183755061,30.1151,31.8273,426,48683,0.295136,0.17,1,2377023,2376597,426
183757981,34.8461,33.7309,429,48726,0.292055,0.19,1,2377061,2376632,429
183766741,22.1261,21.4548,430,48855,0.296852,0.21,1,2377113,2376683,430
183769661,20.8505,8.58191,450,48898,0.292741,0.17,1,2377133,2376683,450
183801781,31.5188,30.2873,465,49371,0.40298,0.33,1,2377458,2376993,465
183804701,35.4075,30.1149,473,49414,0.419192,0.29,1,2377496,2377023,473
183807621,27.363,34.846,457,49457,0.437677,0.31,1,2377518,2377061,457
183810541,12.1452,26.5384,438,49500,0.445071,0.31,1,2377520,2377082,438
183906901,12.475,12.3025,450,50885,0.759301,0.57,2,2378413,2377963,450
183909821,22.99,22.921,450,50926,0.777721,0.57,2,2378443,2377993,450
183912741,21.196,21.1684,450,50967,0.773088,0.55,2,2378463,2378013,450
183941941,31.4798,29.8877,456,51377,0.90276,0.75,2,2378739,2378283,456
183944861,34.7919,33.5551,457,51418,0.919104,0.75,2,2378776,2378319,457
184125901,163.6,169.612,501,24905,0.7588,1,2,2380522,2380021,501
184163861,59.9548,69.3115,504,25990,0.759128,0.63,2,2381313,2380809,504
184166781,32.3819,58.9246,466,26072,0.765651,0.65,2,2381327,2380861,466
184169701,38.1528,32.5698,493,26153,0.78026,0.65,2,2381369,2380876,493
184178461,74.1298,54.4525,542,26396,0.925217,0.77,2,2381575,2381033,542
184283581,51.091,38.5657,540,29146,0.915011,1,2,2383455,2382915,540
184286501,72.0364,59.8263,552,29219,0.756005,1,2,2383541,2382989,552
184295261,46.5143,65.5329,504,29435,0.284784,1,1,2383703,2383199,504
184298181,45.0057,46.0132,515,29507,0.203914,0.92,1,2383747,2383232,515
184324461,43.5876,46.5143,438,30147,0.213096,0.15,1,2384141,2383703,438
184327381,39.635,45.0057,431,30217,0.211238,0.19,1,2384178,2383747,431
184330301,36.254,39.6023,429,30287,0.246495,0.09,1,2384212,2383783,429
184333221,42.7016,44.6409,428,30357,0.260598,0.17,1,2384259,2383831,428
184336141,39.2806,40.0564,428,30427,0.290239,0.11,1,2384296,2383868,428
184344901,52.602,52.5556,429,30635,0.284735,0.15,1,2384421,2383992,429
184365341,40.6136,39.2806,435,31115,0.404151,0.31,1,2384731,2384296,435
184368261,45.0454,44.5123,435,31183,0.431661,0.31,1,2384779,2384344,435
184371181,19.2182,19.0049,435,31251,0.442664,0.27,1,2384781,2384346,435
184374101,52.6873,52.602,435,31319,0.447066,0.27,1,2384856,2384421,435
184377021,57.6749,21.0408,496,31387,0.436826,0.37,1,2384917,2384421,496
184379941,56.07,43.8163,492,31454,0.444731,0.37,1,2384972,2384480,492
184412061,47.4987,56.0694,485,32186,0.78304,0.51,2,2385457,2384972,485
184429581,19.8308,46.0126,454,32578,0.902507,0.63,2,2385674,2385220,454
184432501,55.3323,19.6051,531,32643,0.907003,0.67,2,2385753,2385222,531
184441261,45.9733,57.2467,461,32838,0.915088,0.83,2,2385877,2385416,461
184444181,44.1893,47.4987,463,32902,0.948035,0.85,2,2385920,2385457,463
184447101,39.8757,40.5995,464,32966,0.925214,0.83,2,2385957,2385493,464
184590181,34.8127,38.4037,500,35974,0.9436,1,2,2388040,2387540,500
184598941,62.612,61.4978,487,36151,0.78783,1,2,2388192,2387705,487
184610621,36.2349,36.0191,493,36383,0.411704,1,1,2388342,2387849,493
184616461,32.3176,34.3231,486,36499,0.213473,1,1,2388406,2387920,486
184625221,30.8203,34.8127,475,36673,0.0609422,0.79,1,2388515,2388040,475
184628141,29.1281,34.3251,469,36731,0.0423769,0.89,1,2388543,2388074,469
184631061,34.4513,36.53,469,36789,0.0349508,0.73,1,2388581,2388112,469
184633981,56.3805,62.612,460,36846,0.0439803,0.59,1,2388652,2388192,460
184636901,39.9522,46.0448,454,36903,0.0355921,0.53,1,2388681,2388227,454
184639821,31.5809,38.2179,447,36960,0.0562368,0.45,1,2388707,2388260,447
184642741,40.8324,47.0872,441,37017,0.0404947,0.35,1,2388754,2388313,441
184645661,31.3329,36.2349,437,37074,0.0461979,0.29,1,2388779,2388342,437
184648581,32.3332,34.2939,437,37131,0.0604792,0.13,1,2388812,2388375,437
184657341,35.2133,33.3708,459,37302,0.0895507,0.07,1,2388912,2388453,459
184660261,28.4853,34.9483,447,37359,0.0778203,0.03,1,2388936,2388489,447
184663181,28.1941,29.5793,449,37416,0.0491281,0.03,1,2388964,2388515,449
184666101,34.6777,28.6317,460,37472,0.0256512,0.03,1,2389003,2388543,460
184669021,55.8711,34.2527,492,37528,0.0882605,0.05,1,2389073,2388581,492
184692381,33.9839,35.5332,459,37976,0.210923,0.07,1,2389336,2388877,459
184695301,27.9936,35.2133,448,38032,0.222369,0.07,1,2389360,2388912,448
184698221,26.1974,28.4853,449,38088,0.238948,0.03,1,2389385,2388936,449
184701141,33.879,28.1941,460,38143,0.221579,0.01,1,2389424,2388964,460
184712821,41.5857,32.6994,475,38363,0.21212,0.21,1,2389605,2389130,475
184715741,32.2343,40.6797,455,38418,0.222848,0.17,1,2389631,2389176,455
184718661,35.0937,31.8719,466,38473,0.227139,0.17,1,2389668,2389202,466
184721581,27.2375,33.7488,453,38528,0.228856,0.17,1,2389690,2389237,453
184724501,37.295,27.8995,473,38583,0.241542,0.19,1,2389734,2389261,473
184727421,16.118,36.9598,432,38638,0.246617,0.23,1,2389736,2389304,432
184744941,41.0054,41.6606,430,38965,0.407369,0.19,1,2389960,2389530,430
184747861,33.8022,33.4643,431,39019,0.432947,0.23,1,2389989,2389558,431
184750781,42.9209,41.5857,433,39073,0.419179,0.23,1,2390038,2389605,433
184753701,33.3683,32.2343,434,39127,0.449672,0.23,1,2390065,2389631,434
184826701,44.0722,34.891,500,40455,0.781389,0.59,2,2390931,2390431,500
184829621,35.6289,43.3564,481,40507,0.798555,0.65,2,2390961,2390480,481
184850061,24.5557,25.5222,477,40871,0.901045,0.65,2,2391155,2390678,477
184852981,36.2223,24.6089,497,40923,0.942418,0.69,2,2391199,2390702,497
185013581,11.2214,17.5887,490,43669,0.913069,1,2,2393072,2392582,490
185019421,49.7954,31.0142,550,43765,0.764091,1,2,2393182,2392632,550
185042781,28.3273,35.3424,498,44149,0.428093,1,1,2393466,2392968,498
185045701,30.5309,30.3369,503,44197,0.429237,0.99,1,2393498,2392995,503
185048621,25.4124,31.3348,493,44245,0.405695,1,1,2393520,2393027,493
185057381,32.9704,11.2214,515,44389,0.401084,0.85,1,2393587,2393072,515
185069061,31.2376,37.3673,453,44578,0.400172,0.53,1,2393705,2393252,453
185071981,37.6951,43.7469,447,44625,0.418069,0.53,1,2393747,2393300,447
185074901,34.278,36.0988,448,44672,0.425227,0.49,1,2393779,2393331,448
185121621,42.9138,41.9112,443,45423,0.757291,0.49,2,2394269,2393826,443
185124541,37.5655,34.7645,447,45469,0.776916,0.49,2,2394303,2393856,447
185127461,29.4262,28.9058,446,45515,0.784767,0.53,2,2394327,2393881,446
185130381,30.3705,28.9623,448,45561,0.799907,0.59,2,2394358,2393910,448
185139141,18.7437,18.6776,450,45699,0.787274,0.59,2,2394425,2393975,450
185142061,11.0975,10.471,451,45745,0.77691,0.63,2,2394431,2393980,451
185144981,35.039,33.5884,453,45791,0.796764,0.63,2,2394482,2394029,453
185147901,41.6156,41.0354,453,45837,0.792706,0.63,2,2394528,2394075,453
185431141,32.5593,32.2389,503,50100,0.428195,0.99,1,2397472,2396969,503
185439901,31.0278,27.2153,493,50226,0.445244,0.67,1,2397550,2397057,493
185442821,28.6111,34.8861,480,50268,0.436098,0.63,1,2397577,2397097,480
185445741,30.0444,31.9544,481,50310,0.432439,0.61,1,2397608,2397127,481
185486621,22.8888,23.5695,443,50895,0.759043,0.43,2,2397957,2397514,443
185492461,27.7822,28.6111,443,50977,0.770647,0.43,2,2398020,2397577,443
185495381,32.1129,30.0444,447,51018,0.770259,0.47,2,2398055,2397608,447
185498301,14.0452,13.2178,447,51059,0.770103,0.51,2,2398057,2397610,447
185515821,28.6033,28.2501,449,51305,0.910606,0.61,2,2398217,2397768,449
185518741,31.2413,30.5,450,51346,0.910242,0.61,2,2398250,2397800,450
185527501,31.2554,29.888,454,51469,0.915295,0.73,2,2398335,2397881,454
185775701,76.2478,67.1617,512,25160,0.419613,0.99,1,2400938,2400426,512
185781541,39.1996,41.9459,487,25328,0.245938,1,1,2401010,2400523,487
185807821,34.9516,38.6608,463,26072,0.217038,0.13,1,2401473,2401010,463
185810741,42.1806,37.6643,473,26153,0.200815,0.15,1,2401520,2401047,473
185813661,71.4722,43.2657,517,26234,0.206326,0.11,1,2401611,2401094,517
185816581,57.3889,73.1063,472,26315,0.24453,0.09,1,2401659,2401187,472
185825341,51.0009,67.9908,469,26556,0.40085,0.17,1,2401843,2401374,469
185828261,34.8004,51.1963,453,26636,0.43034,0.17,1,2401867,2401414,453
185863301,75.1955,71.9472,452,27575,0.773286,0.61,2,2402494,2402042,452
185904181,52.7568,68.6391,502,28632,0.903057,0.89,2,2403205,2402703,502
185907101,36.1027,50.8556,488,28706,0.919223,0.87,2,2403230,2402742,488
185910021,36.6411,34.7423,501,28780,0.925689,0.91,2,2403267,2402766,501
185912941,45.8564,36.0969,516,28854,0.940276,0.87,2,2403319,2402803,516
186029741,68.0114,45.7906,564,31655,0.772989,1,2,2405321,2404757,564
186038501,45.7047,33.9866,540,31856,0.431791,1,1,2405460,2404920,540
186058941,61.912,35.0284,542,32318,0.445335,0.71,1,2405773,2405231,542
186091061,64.6381,61.912,446,33030,0.757794,0.53,2,2406219,2405773,446
186093981,62.4552,59.5648,449,33094,0.777117,0.49,2,2406280,2405831,449
186096901,38.1821,37.6259,448,33158,0.784847,0.59,2,2406302,2405854,448
186099821,42.2728,41.4504,449,33222,0.787939,0.61,2,2406347,2405898,449
186117341,29.6987,28.9878,457,33602,0.913336,0.75,2,2406558,2406101,457
186123181,64.6318,64.6381,458,33728,0.941734,0.79,2,2406677,2406219,458
186257501,37.6506,54.2453,476,36499,0.933356,1,2,2408574,2408098,476
186263341,47.5441,43.2392,496,36615,0.917337,1,2,2408693,2408197,496
186272101,54.1868,47.1673,498,36789,0.44919,1,1,2408853,2408355,498
186275021,40.2747,42.2669,490,36846,0.281676,1,1,2408884,2408394,490
186280861,25.404,33.1627,483,36960,0.0966681,1,1,2408933,2408450,483
186283781,25.1616,30.6651,479,37017,0.0386672,1,1,2408958,2408479,479
186286701,25.6646,26.066,482,37074,0.0454669,1,1,2408984,2408502,482
186289621,27.0659,26.6264,483,37131,0.0241868,0.89,1,2409012,2408529,483
186292541,36.0263,37.6506,480,37188,0.0156747,0.89,1,2409054,2408574,480
186295461,57.0105,15.0602,551,37245,0.0362699,1,1,2409125,2408574,551
186298381,44.4042,55.8241,504,37302,0.032508,0.88,1,2409161,2408657,504
186301301,34.5617,43.9296,496,37359,0.0430032,0.83,1,2409189,2408693,496
186304221,48.0247,40.9719,514,37416,0.0712013,0.57,1,2409246,2408732,514
186307141,47.4099,58.3887,491,37472,0.0704805,0.29,1,2409293,2408802,491
186310061,29.7639,53.9555,458,37528,0.0461922,0.17,1,2409311,2408853,458
186312981,27.5056,40.1822,453,37584,0.0724769,0.09,1,2409337,2408884,453
186315901,21.8022,33.4729,442,37640,0.0709908,0.05,1,2409355,2408913,442
186318821,23.1209,25.3892,446,37696,0.0943963,0,1,2409379,2408933,446
186321741,27.2484,25.1557,451,37752,0.0557585,0.05,1,2409409,2408958,451
186324661,27.0993,25.6623,452,37808,0.0223034,0.01,1,2409436,2408984,452
186327581,34.8397,27.0649,464,37864,0.00892136,0.01,1,2409476,2409012,464
186330501,55.9359,36.026,492,37920,0.0455685,0.05,1,2409546,2409054,492
186333421,45.1744,57.0104,459,37976,0.0602274,0.03,1,2409584,2409125,459
186336341,36.0697,44.4042,453,38032,0.054091,0.05,1,2409614,2409161,453
186339261,46.8279,34.5617,479,38088,0.0516364,0.09,1,2409668,2409189,479
186342181,48.1312,48.0247,471,38143,0.0866546,0.07,1,2409717,2409246,471
186359701,26.8746,27.2484,449,38473,0.0684708,0,1,2409858,2409409,449
186362621,34.7498,27.0993,462,38528,0.0273883,0,1,2409898,2409436,462
186365541,57.0999,34.8397,494,38583,0.0409553,0.07,1,2409970,2409476,494
186368461,24.04,55.9359,426,38638,0.0463821,0.07,1,2409972,2409546,426
186371381,30.616,45.1744,423,38693,0.0725529,0.05,1,2410007,2409584,423
186374301,30.8464,36.0697,424,38748,0.0590211,0.05,1,2410038,2409614,424
186377221,46.5386,46.8279,427,38803,0.0776085,0.11,1,2410095,2409668,427
186380141,48.0154,48.1312,427,38857,0.0610434,0.11,1,2410144,2409717,427
186383061,31.8062,31.2525,428,38911,0.0664174,0.15,1,2410165,2409737,428
186385981,30.1225,28.101,431,38965,0.0685669,0.19,1,2410194,2409763,431
186388901,23.449,22.0404,432,39019,0.0814268,0.19,1,2410213,2409781,432
186391821,20.1796,20.2162,431,39073,0.0865707,0.09,1,2410231,2409800,431
186397661,23.8687,26.8746,423,39181,0.0822513,0,1,2410281,2409858,423
186400581,32.9475,34.7498,422,39235,0.0329005,0.05,1,2410320,2409898,422
186403501,57.579,57.0999,424,39289,0.0311602,0.05,1,2410394,2409970,424
186406421,24.2316,24.04,424,39343,0.0544641,0.09,1,2410396,2409972,424
186409341,31.8926,30.616,426,39397,0.0277856,0.05,1,2410433,2410007,426
186412261,30.1571,30.8464,424,39451,0.0651143,0.09,1,2410462,2410038,424
186415181,46.8628,46.5386,425,39505,0.0800457,0.05,1,2410520,2410095,425
186435621,23.9306,23.8687,425,39876,0.200523,0,1,2410706,2410281,425
186441461,57.4689,57.579,423,39982,0.0908838,0.07,1,2410817,2410394,423
186444381,24.1876,24.2316,423,40035,0.0543535,0.01,1,2410819,2410396,423
186447301,31.275,31.8926,422,40088,0.0637414,0.01,1,2410855,2410433,422
186450221,30.51,12.7571,452,40141,0.0794966,0.09,1,2410885,2410433,452
186476501,29.6724,23.9255,463,40611,0.226156,0.17,1,2411169,2410706,463
186479421,53.869,31.1702,497,40663,0.216462,0.03,1,2411239,2410742,497
186482341,22.7476,57.4681,424,40715,0.212585,0.03,1,2411241,2410817,424
186485261,30.699,24.1872,458,40767,0.211034,0.07,1,2411277,2410819,458
186488181,32.0796,31.2749,455,40819,0.210414,0.09,1,2411310,2410855,455
186491101,50.0318,30.51,487,40871,0.210165,0.13,1,2411372,2410885,487
186494021,50.0127,48.204,477,40923,0.234066,0.11,1,2411422,2410945,477
186496941,35.0051,49.8816,451,40975,0.279626,0.11,1,2411447,2410996,451
186499861,31.402,34.3526,456,41027,0.285851,0.15,1,2411476,2411020,456
186511541,26.7431,24.2026,457,41231,0.40039,0.21,1,2411568,2411111,457
186514461,31.0972,24.6811,466,41282,0.430156,0.25,1,2411602,2411136,466
186596221,32.3048,32.0583,450,42692,0.762334,0.57,2,2412496,2412046,450
186599141,54.3219,54.2233,450,42741,0.766934,0.61,2,2412565,2412115,450
186602061,22.9288,22.8893,450,42790,0.768773,0.57,2,2412567,2412117,450
186604981,31.9715,31.9557,450,42839,0.793509,0.61,2,2412605,2412155,450
186634181,29.6956,25.6011,488,43329,0.900267,0.73,2,2412919,2412431,488
186637101,32.8783,28.2404,493,43378,0.906107,0.79,2,2412954,2412461,493
186794781,33.7272,23.93,510,45929,0.94624,1,2,2414764,2414254,510
186797701,30.2909,9.57199,538,45975,0.906496,1,2,2414792,2414254,538
186870701,33.1594,37.5405,478,47108,0.754697,0.53,2,2415556,2415078,478
186873621,38.4638,34.2162,488,47153,0.775879,0.55,2,2415598,2415110,488
186876541,27.3855,35.2865,472,47198,0.796351,0.61,2,2415618,2415146,472
186896981,18.9344,19.7081,452,47510,0.936501,0.61,2,2415753,2415301,452
186899901,27.9738,28.2833,452,47554,0.9446,0.69,2,2415787,2415335,452
186902821,50.1895,47.9133,456,47598,0.93584,0.65,2,2415852,2415396,456
186905741,40.4758,40.1653,455,47642,0.932336,0.65,2,2415886,2415431,455
186908661,36.5903,35.8661,456,47686,0.930934,0.69,2,2415920,2415464,456
186911581,26.6361,25.7465,457,47730,0.930374,0.77,2,2415940,2415483,457
186914501,37.0545,34.8986,460,47774,0.93015,0.77,2,2415984,2415524,460
186917421,34.0218,33.1594,460,47818,0.94206,0.79,2,2416016,2415556,460
187140801,121.662,120.349,498,23451,0.09496,0.91,1,2418406,2417908,498
187143721,83.4649,88.3397,489,23541,0.067984,0.59,1,2418464,2417975,489
187146641,74.1859,86.3359,472,23631,0.0451936,0.41,1,2418532,2418060,472
187149561,69.8744,69.9344,480,23721,0.0360774,0.21,1,2418599,2418119,480
187152481,47.1498,71.7737,439,23810,0.044431,0.07,1,2418631,2418192,439
187155401,35.0599,44.3095,440,23899,0.0237724,0.11,1,2418658,2418218,440
187158321,31.424,32.7238,444,23988,0.027509,0.09,1,2418687,2418243,444
187161241,48.5696,45.4895,450,24076,0.0410036,0.03,1,2418747,2418297,450
187164161,68.6278,83.5958,423,24164,0.0704014,0.05,1,2418829,2418406,423
187170001,65.3405,68.0953,423,24339,0.0484642,0.03,1,2418955,2418532,423
187172921,66.9362,67.4381,424,24426,0.0733857,0.05,1,2419023,2418599,424
187175841,45.3745,46.1753,423,24513,0.0713543,0.01,1,2419054,2418631,423
187178761,34.3498,34.6701,423,24599,0.0585417,0.03,1,2419081,2418658,423
187181681,31.1399,31.268,423,24685,0.0414167,0.05,1,2419110,2418687,423
187184601,48.456,48.5072,423,24771,0.0465667,0.09,1,2419170,2418747,423
187187521,69.7824,68.6029,425,24857,0.0726267,0.13,1,2419254,2418829,425
187190441,62.713,62.8412,424,24942,0.0950507,0.01,1,2419312,2418888,424
187199201,46.1096,45.3738,425,25196,0.211763,0.05,1,2419479,2419054,425
187202121,32.8439,34.3495,422,25280,0.234705,0.03,1,2419503,2419081,422
187205041,30.5375,31.1398,422,25364,0.231882,0.05,1,2419532,2419110,422
187207961,48.215,48.4559,422,25448,0.230753,0.05,1,2419592,2419170,422
187210881,71.486,19.3824,509,25531,0.230301,0.09,1,2419679,2419170,509
187213801,63.9944,58.1529,484,25614,0.24212,0.11,1,2419738,2419254,484
187216721,64.5978,58.0612,491,25697,0.246848,0.13,1,2419803,2419312,491
187219641,70.2391,62.8245,499,25779,0.260739,0.23,1,2419877,2419378,499
187222561,47.8956,66.5298,463,25861,0.278296,0.23,1,2419910,2419447,463
187225481,33.5583,45.8119,455,25943,0.285318,0.25,1,2419934,2419479,455
187228401,30.2233,32.7248,459,26025,0.288127,0.23,1,2419962,2419503,459
187231321,48.6893,30.4899,491,26106,0.289251,0.23,1,2420023,2419532,491
187269281,67.002,70.928,449,27141,0.765457,0.55,2,2420760,2420311,449
187272201,47.8008,48.7712,450,27219,0.780183,0.59,2,2420795,2420345,450
187275121,34.7203,33.9085,452,27297,0.786073,0.61,2,2420821,2420369,452
187278041,30.6881,30.3634,452,27375,0.788429,0.59,2,2420849,2420397,452
187280961,49.4753,49.9454,451,27452,0.789372,0.65,2,2420911,2420460,451
187298481,48.0554,47.8008,459,27912,0.914794,0.79,2,2421254,2420795,459
187301401,36.0222,34.7203,461,27988,0.923917,0.79,2,2421282,2420821,461
187304321,31.2089,30.6881,461,28064,0.927567,0.79,2,2421310,2420849,461
187406521,47.8381,47.4705,496,30591,0.91,1,2,2423151,2422655,496
187424041,72.9403,78.4239,483,31004,0.263739,1,1,2423453,2422970,483
187429881,37.5905,37.9878,482,31140,0.0937983,1,1,2423513,2423031,482
187432801,60.0362,65.5951,473,31208,0.0915193,0.85,1,2423588,2423115,473
187435721,43.8145,47.8381,470,31276,0.0546077,0.85,1,2423621,2423151,470
187438641,36.7258,19.1352,502,31344,0.0518431,0.99,1,2423653,2423151,502
187441561,31.4903,29.2541,494,31412,0.0507372,0.81,1,2423681,2423187,494
187444481,29.3961,32.7016,487,31479,0.0502949,0.67,1,2423709,2423222,487
187447401,26.7585,33.4807,478,31546,0.062118,0.61,1,2423734,2423256,478
187450321,55.1034,34.3923,517,31613,0.0668472,0.33,1,2423808,2423291,517
187453241,64.0414,63.5569,504,31680,0.0687389,0.13,1,2423878,2423374,504
187456161,41.8165,72.8228,452,31747,0.0694956,0.09,1,2423905,2423453,452
187459081,34.7266,45.9291,454,31814,0.0937982,0.05,1,2423935,2423481,454
187464921,43.1163,60.0287,454,31947,0.0714077,0.03,1,2424042,2423588,454
187467841,38.2465,43.8115,456,32013,0.0705631,0.05,1,2424077,2423621,456
187470761,30.8986,36.7246,450,32079,0.0822252,0.05,1,2424103,2423653,450
187473681,29.1594,31.4898,450,32145,0.0988901,0.05,1,2424131,2423681,450
187482441,63.7622,55.1034,493,32343,0.243209,0.07,1,2424301,2423808,493
187485361,43.5049,64.0413,453,32408,0.271284,0.07,1,2424331,2423878,453
187511641,57.4603,55.9055,432,32990,0.417198,0.29,1,2424664,2424232,432
187514561,66.7841,63.7622,436,33054,0.448879,0.29,1,2424737,2424301,436
187520401,36.7255,35.402,438,33182,0.447421,0.31,1,2424799,2424361,438
187523321,58.4902,58.5608,437,33246,0.448968,0.33,1,2424872,2424435,437
187526241,43.1961,42.6243,438,33310,0.449587,0.35,1,2424905,2424467,438
187529161,38.2784,37.4497,439,33373,0.413835,0.37,1,2424940,2424501,439
187535001,13.5645,13.192,440,33499,0.417814,0.39,1,2424968,2424528,440
187537921,25.2258,23.8768,442,33562,0.425125,0.41,1,2425001,2424559,442
187590481,43.5097,58.1899,483,34679,0.759335,0.65,2,2425798,2425315,483
187593401,38.4039,42.4759,486,34740,0.789734,0.63,2,2425833,2425347,486
187745241,31.8142,26.9563,521,37774,0.934912,1,2,2427877,2427356,521
187748161,39.1257,27.5825,537,37830,0.949965,1,2,2427921,2427384,537
187765681,41.8732,56.7102,503,38165,0.220573,1,1,2428205,2427702,503
187771521,32.2597,33.5536,509,38275,0.0892916,0.93,1,2428271,2427762,509
187777361,24.1216,24.0886,504,38385,0.0586867,0.99,1,2428314,2427810,504
187780281,31.2486,30.0354,506,38440,0.0654747,0.9,1,2428350,2427844,506
187783201,36.4994,31.8142,513,38495,0.0261899,0.96,1,2428390,2427877,513
187786121,42.1998,39.1257,515,38550,0.0164759,0.75,1,2428436,2427921,515
187789041,40.2799,51.6503,494,38605,0.0245904,0.61,1,2428475,2427981,494
187791961,17.312,45.8601,454,38660,0.0158362,0.61,1,2428477,2428023,454
187794881,26.7248,38.144,454,38715,0.0603345,0.43,1,2428510,2428056,454
187797801,41.2899,52.4576,443,38770,0.0781338,0.25,1,2428561,2428118,443
187800721,40.516,52.183,431,38824,0.0852535,0.13,1,2428601,2428170,431
187803641,34.8064,41.8732,427,38878,0.0641014,0.05,1,2428632,2428205,427
187806561,34.9226,40.1493,423,38932,0.0556406,0.07,1,2428667,2428244,423
187809481,31.969,32.2597,426,38986,0.0402562,0.11,1,2428697,2428271,426
187812401,21.7876,24.3039,422,39040,0.0581025,0.03,1,2428712,2428290,422
187815321,23.715,24.1216,423,39094,0.029241,0.07,1,2428737,2428314,423
187818241,31.686,31.2486,424,39148,0.0296964,0,1,2428774,2428350,424
187821161,35.4744,36.4994,422,39202,0.0118786,0.01,1,2428812,2428390,422
187824081,42.3898,42.1998,423,39256,0.0347514,0.03,1,2428859,2428436,423
187827001,40.9559,40.2799,424,39310,0.0439006,0.01,1,2428899,2428475,424
187829921,17.5824,17.312,424,39364,0.0475602,0.09,1,2428901,2428477,424
187832841,26.8329,26.7248,424,39418,0.0610241,0.09,1,2428934,2428510,424
187847441,31.6293,31.969,423,39685,0.0586377,0.07,1,2429120,2428697,423
187850361,21.0517,21.7876,422,39738,0.0534551,0.01,1,2429134,2428712,422
187853281,23.4207,23.715,422,39791,0.039382,0.03,1,2429159,2428737,422
187856201,31.5683,31.686,422,39844,0.0337528,0,1,2429196,2428774,422
187859121,36.0273,35.4744,423,39897,0.0315011,0.05,1,2429235,2428812,423
187862041,42.0109,42.3898,422,39950,0.0426004,0.05,1,2429281,2428859,422
187864961,42.0044,40.9559,424,40003,0.0470402,0.05,1,2429323,2428899,424
187867881,18.0017,17.5824,424,40056,0.0488161,0.07,1,2429325,2428901,424
187870801,26.4007,26.8329,423,40109,0.0615264,0.07,1,2429357,2428934,423
187873721,44.1603,10.7332,479,40162,0.0546106,0.23,1,2429413,2428934,479
187876641,39.2641,34.8933,464,40215,0.0518442,0.15,1,2429449,2428985,464
187879561,35.5056,36.7573,459,40268,0.0747377,0.17,1,2429482,2429023,459
187882481,35.2023,33.9029,462,40320,0.0958951,0.11,1,2429517,2429055,462
187897081,36.5467,31.5577,461,40580,0.064486,0.03,1,2429657,2429196,461
187900001,41.6187,36.0231,467,40632,0.0557944,0.05,1,2429702,2429235,467
187902921,41.8475,42.0092,463,40684,0.0403178,0.05,1,2429744,2429281,463
187905841,17.939,42.0037,423,40736,0.0341271,0.05,1,2429746,2429323,423
187908761,26.9756,18.0015,454,40788,0.0436508,0.07,1,2429779,2429325,454
187911681,44.9902,26.4006,479,40840,0.0474603,0.05,1,2429836,2429357,479
187923361,29.7166,35.2023,452,41047,0.214383,0.15,1,2429969,2429517,452
187926281,20.8866,28.4809,443,41098,0.223753,0.15,1,2429984,2429541,443
187929201,21.5546,19.7924,451,41149,0.227501,0.19,1,2430006,2429555,451
187932121,30.2219,22.9169,462,41200,0.241001,0.13,1,2430042,2429580,462
187935041,34.2887,31.3668,462,41251,0.2464,0.01,1,2430079,2429617,462
187937961,40.1155,36.5467,466,41302,0.24856,0.05,1,2430123,2429657,466
187940881,41.8462,41.6187,464,41353,0.237424,0.03,1,2430166,2429702,464
187943801,17.9385,41.8475,424,41404,0.23297,0.03,1,2430168,2429744,424
187946721,28.1754,17.939,457,41455,0.255188,0.05,1,2430203,2429746,457
187949641,45.4702,26.9756,481,41506,0.288075,0.05,1,2430260,2429779,481
187970081,22.0709,21.5546,434,41862,0.40573,0.25,1,2430440,2430006,434
188002201,36.6838,36.2328,440,42412,0.402571,0.39,1,2430816,2430376,440
188005121,30.8735,30.6931,440,42462,0.431028,0.41,1,2430843,2430403,440
188083961,37.1927,34.7806,488,43784,0.772616,0.55,2,2431705,2431217,488
188095641,31.7681,21.6744,489,43976,0.900339,0.63,2,2431810,2431321,489
188098561,36.1073,30.8698,491,44024,0.942136,0.63,2,2431849,2431358,491
188377421,154.633,153.355,452,21997,0.074896,0,1,2435084,2434632,452
188380341,93.6532,93.1419,452,22093,0.0479584,0,1,2435137,2434685,452
188383261,55.4613,73.2568,422,22189,0.0371834,0.01,1,2435167,2434745,422
188386181,33.5845,36.5027,429,22285,0.0148733,0,1,2435186,2434757,429
188389101,62.0338,32.0011,481,22380,0.0599493,0.03,1,2435267,2434786,481
188392021,66.8135,63.8004,466,22475,0.0659797,0.05,1,2435337,2434871,466
188394941,57.9254,68.7202,446,22569,0.0803919,0.03,1,2435389,2434943,446
188397861,93.3702,58.6881,511,22663,0.0321568,0.01,1,2435506,2434995,511
188400781,69.1481,76.8752,475,22757,0.0308627,0.03,1,2435559,2435084,475
188403701,45.0592,62.5501,451,22850,0.0423451,0.03,1,2435588,2435137,451
188406621,30.0237,43.02,441,22943,0.016938,0,1,2435608,2435167,441
188409541,61.2095,28.608,504,23035,0.0727752,0.09,1,2435690,2435186,504
188418301,92.5734,57.6069,539,23310,0.0994576,0,1,2435928,2435389,539
188421221,68.8294,93.2428,475,23401,0.045783,0.03,1,2435981,2435506,475
188424141,44.9317,69.0971,451,23492,0.0243132,0.05,1,2436010,2435559,451
188427061,29.3727,45.0388,441,23582,0.00972529,0,1,2436029,2435588,441
188429981,64.5491,30.0155,509,23672,0.0458901,0.11,1,2436117,2435608,509
188432901,70.2196,61.2062,501,23762,0.0603561,0.15,1,2436191,2435690,501
188435821,59.2879,67.0825,482,23851,0.0661424,0.21,1,2436243,2435761,482
188438741,88.5151,57.433,539,23940,0.056457,0.05,1,2436351,2435812,539
188441661,36.6061,92.5732,425,24029,0.0525828,0.01,1,2436353,2435928,425
188444581,45.2424,68.8293,423,24117,0.0210331,0.01,1,2436404,2435981,423
188447501,35.497,44.9317,423,24205,0.0264132,0,1,2436433,2436010,423
188450421,25.5988,29.3727,423,24293,0.0285653,0.07,1,2436452,2436029,423
188453341,64.8395,64.5491,426,24380,0.0294261,0.07,1,2436543,2436117,426
188456261,69.7358,70.2196,425,24467,0.0657704,0.07,1,2436616,2436191,425
188462101,86.6377,88.5151,422,24640,0.206123,0.05,1,2436773,2436351,422
188465021,35.8551,36.6061,422,24726,0.256449,0,1,2436775,2436353,422
188467941,44.942,45.2424,422,24812,0.20458,0.03,1,2436826,2436404,422
188476701,64.8203,64.8395,422,25067,0.0718931,0.09,1,2436965,2436543,422
188479621,72.7281,69.7358,427,25152,0.0707572,0.19,1,2437043,2436616,427
188482541,62.0912,59.0943,430,25236,0.0703029,0.25,1,2437098,2436668,430
188485461,90.2365,86.6377,434,25320,0.0821212,0.29,1,2437207,2436773,434
188488381,37.2946,35.8551,434,25404,0.0868485,0.17,1,2437209,2436775,434
188500061,62.7883,21.2363,512,25736,0.0816633,0.03,1,2437386,2436874,512
188502981,72.5153,63.0945,500,25818,0.0626653,0.07,1,2437465,2436965,500
188517581,34.6325,41.3002,456,26226,0.201311,0.13,1,2437709,2437253,456
188520501,22.253,33.9201,441,26307,0.218524,0.13,1,2437723,2437282,441
188523421,59.3012,21.968,511,26388,0.24941,0.05,1,2437807,2437296,511
188526341,72.3205,62.7872,502,26468,0.225764,0.05,1,2437888,2437386,502
188529261,65.5282,72.5149,484,26548,0.216306,0.13,1,2437949,2437465,484
188532181,94.6113,63.206,541,26628,0.248522,0.23,1,2438063,2437522,541
188535101,39.0445,91.8824,432,26708,0.261409,0.19,1,2438065,2437633,432
188538021,42.0178,37.953,474,26787,0.266564,0.19,1,2438109,2437635,474
188540941,35.4071,41.5812,461,26866,0.256625,0.21,1,2438140,2437679,461
188543861,15.3628,34.6325,433,26945,0.25265,0.23,1,2438142,2437709,433
188546781,15.1451,22.253,434,27024,0.28706,0.27,1,2438157,2437723,434
188558461,95.6197,94.6113,435,27336,0.400133,0.27,1,2438498,2438063,435
188602261,60.305,6.54219,538,28476,0.752613,0.65,2,2439132,2438594,538
188605181,71.522,53.6169,532,28550,0.775045,0.65,2,2439211,2438679,532
188608101,65.8088,68.8468,515,28624,0.784018,0.65,2,2439273,2438758,515
188619781,38.1983,43.9353,488,28919,0.925399,0.71,2,2439478,2438990,488
188739501,30.4361,27.4211,510,31781,0.7559,1,2,2441433,2440923,510
188754101,94.3014,51.1042,601,32112,0.0709756,1,1,2441758,2441157,601
188757021,47.3206,94.2417,494,32178,0.0703902,1,1,2441774,2441280,494
188759941,41.1282,52.0967,507,32244,0.0701561,1,1,2441811,2441304,507
188762861,29.6513,42.4387,493,32310,0.0700624,0.97,1,2441833,2441340,493
188765781,31.6605,34.9755,496,32375,0.034025,0.77,1,2441866,2441370,496
188768701,24.6642,35.5902,480,32440,0.04361,0.69,1,2441886,2441406,480
188771621,36.2657,30.4361,497,32505,0.047444,0.57,1,2441930,2441433,497
188774541,33.1063,45.7744,472,32570,0.0849776,0.35,1,2441961,2441489,472
188780381,54.377,41.8839,498,32700,0.0747964,0.03,1,2442065,2441567,498
188783301,91.9508,61.7536,540,32765,0.0719186,0.01,1,2442182,2441642,540
188786221,37.9803,94.3014,426,32830,0.0467674,0.07,1,2442184,2441758,426
188789141,25.9921,47.3206,428,32894,0.060707,0.07,1,2442202,2441774,428
188792061,30.1969,41.1282,424,32958,0.0662828,0.07,1,2442235,2441811,424
188794981,24.6787,29.6513,423,33022,0.0565131,0.01,1,2442256,2441833,423
188797901,30.2715,31.6605,424,33086,0.0526052,0.05,1,2442290,2441866,424
188800821,24.1086,24.6642,424,33150,0.0630421,0.05,1,2442310,2441886,424
188803741,37.8434,36.2657,427,33214,0.0552168,0.11,1,2442357,2441930,427
188806661,33.7374,33.1063,427,33278,0.0880867,0.13,1,2442388,2441961,427
188815421,91.4632,91.9508,423,33468,0.0884375,0.03,1,2442605,2442182,423
188818341,37.7853,37.9803,423,33531,0.053375,0.07,1,2442607,2442184,423
188821261,25.9141,25.9921,423,33594,0.06335,0.07,1,2442625,2442202,423
188847541,88.8292,91.4632,424,34156,0.228673,0.03,1,2443029,2442605,424
188850461,36.7317,37.7853,424,34218,0.241469,0.03,1,2443031,2442607,424
188853381,25.4927,15.1141,442,34280,0.222588,0.07,1,2443049,2442607,442
188856301,32.3971,16.8456,461,34342,0.239035,0.15,1,2443086,2442625,461
188859221,23.7588,27.7383,444,34404,0.245614,0.11,1,2443104,2442660,444
188862141,32.3035,21.8953,464,34465,0.236246,0.17,1,2443142,2442678,464
188865061,24.9214,29.7581,449,34526,0.244498,0.21,1,2443162,2442713,449
188867981,37.5686,23.9032,475,34587,0.247799,0.13,1,2443208,2442733,475
188870901,35.4274,38.3613,461,34648,0.23712,0.21,1,2443242,2442781,461
188873821,34.571,34.5445,463,34709,0.244848,0.17,1,2443276,2442813,463
188876741,57.6284,35.4178,500,34770,0.247939,0.21,1,2443349,2442849,500
188879661,89.6514,55.5671,542,34831,0.297176,0.25,1,2443460,2442918,542
188908861,58.3831,34.571,507,35433,0.413411,0.25,1,2443783,2443276,507
188911781,91.7532,57.6284,548,35493,0.447365,0.33,1,2443897,2443349,548
188949741,38.5171,37.9013,445,36259,0.766182,0.47,2,2444344,2443899,445
188973101,34.8768,34.1999,449,36723,0.921948,0.61,2,2444562,2444113,449
188976021,39.1507,37.08,452,36781,0.938779,0.67,2,2444604,2444152,452
189154141,323.046,343.076,482,17520,0.418,0.87,1,2447394,2446912,482
189189181,153.447,100.492,560,18366,0.09208,0.01,1,2447626,2447066,560
189192101,115.979,157.797,455,18482,0.054832,0.01,1,2447717,2447262,455
189195021,79.9916,110.519,432,18597,0.0399328,0.01,1,2447773,2447341,432
189197941,50.5966,61.6075,434,18711,0.0339731,0.03,1,2447804,2447370,434
189200861,49.6387,39.043,459,18824,0.0195892,0.01,1,2447853,2447394,459
189203781,60.0555,55.2172,460,18937,0.0138357,0.03,1,2447920,2447460,460
189206701,103.222,121.687,426,19049,0.0475343,0.03,1,2448052,2447626,426
189209621,93.4889,103.275,422,19160,0.0370137,0.03,1,2448139,2447717,422
189212541,70.9955,74.9099,422,19271,0.0448055,0.03,1,2448195,2447773,422
189215461,46.9982,48.564,422,19381,0.0239222,0.01,1,2448226,2447804,422
189218381,49.9993,48.8256,425,19490,0.00956888,0.01,1,2448278,2447853,425
189221301,58.9997,59.7302,423,19599,0.0218276,0.01,1,2448343,2447920,423
189224221,103.4,23.8921,556,19707,0.026731,0.07,1,2448476,2447920,556
189227141,91.76,88.7568,508,19815,0.0106924,0.03,1,2448560,2448052,508
189230061,70.904,87.7027,478,19922,0.010277,0.05,1,2448617,2448139,478
189232981,46.3616,68.6811,452,20028,0.0221108,0.01,1,2448647,2448195,452
189235901,49.7446,46.0724,473,20134,0.0148443,0,1,2448699,2448226,473
189238821,58.8979,49.629,486,20239,0.0359377,0.03,1,2448764,2448278,486
189241741,103.959,58.8516,555,20344,0.0323751,0.03,1,2448898,2448343,555
189244661,91.3837,103.341,505,20448,0.01295,0,1,2448981,2448476,505
189247581,71.3535,91.7363,479,20552,0.01118,0.01,1,2449039,2448560,479
189250501,45.9414,70.8945,451,20655,0.00447201,0.03,1,2449068,2448617,451
189253421,50.7766,46.3578,475,20758,0.0197888,0.01,1,2449122,2448647,475
189256341,58.1106,49.7431,486,20860,0.0259155,0.05,1,2449185,2448699,486
189259261,104.244,58.8972,556,20962,0.0163662,0.03,1,2449320,2448764,556
189262181,42.8977,103.959,424,21063,0.0245465,0,1,2449322,2448898,424
189265101,65.7591,91.3836,422,21164,0.0278186,0.01,1,2449403,2448981,422
189268021,61.1036,71.3534,422,21264,0.0171274,0,1,2449461,2449039,422
189270941,43.6415,45.9414,425,21364,0.024851,0.03,1,2449493,2449068,425
189273861,49.2566,50.7765,424,21463,0.0279404,0.03,1,2449546,2449122,424
189276781,57.5026,58.1106,424,21562,0.0411762,0.01,1,2449609,2449185,424
189279701,103.401,104.244,423,21660,0.0164705,0.03,1,2449743,2449320,423
189282621,42.5604,42.8977,423,21758,0.0485882,0.03,1,2449745,2449322,423
189285541,65.0242,65.7591,422,21855,0.0374353,0.01,1,2449825,2449403,422
189288461,60.8097,61.1036,422,21952,0.0329741,0.03,1,2449883,2449461,422
189291381,44.1239,43.6415,423,22049,0.0131896,0.03,1,2449916,2449493,423
189294301,48.8495,49.2566,422,22145,0.0112759,0.05,1,2449968,2449546,422
189297221,57.3398,57.5026,422,22241,0.0225103,0,1,2450031,2449609,422
189300141,104.536,103.401,424,22336,0.0150041,0.07,1,2450167,2449743,424
189303061,43.0144,42.5604,424,22431,0.0240017,0.03,1,2450169,2449745,424
189305981,64.0058,65.0242,422,22526,0.0276007,0.03,1,2450247,2449825,422
189308901,59.8023,26.0097,479,22620,0.0290403,0.03,1,2450304,2449825,479
189311821,43.7209,45.2039,454,22714,0.0176161,0,1,2450337,2449883,454
189314741,48.6884,37.8815,473,22807,0.0250464,0.01,1,2450389,2449916,473
189317661,57.2753,46.3526,484,22900,0.0400186,0.03,1,2450452,2449968,484
189320581,105.11,56.341,558,22993,0.0220074,0.01,1,2450589,2450031,558
189323501,43.2441,104.136,424,23085,0.026803,0.03,1,2450591,2450167,424
189326421,63.4976,42.8546,499,23177,0.0287212,0.03,1,2450668,2450169,499
189329341,60.1991,63.9418,479,23268,0.0294885,0.03,1,2450726,2450247,479
189332261,43.8796,59.7767,455,23359,0.0177954,0.01,1,2450759,2450304,455
189335181,48.1518,43.7107,473,23450,0.0131182,0.03,1,2450810,2450337,473
189338101,57.0607,48.6843,484,23540,0.0232473,0.05,1,2450873,2450389,484
189341021,105.624,57.2737,559,23630,0.0512989,0.01,1,2451011,2450452,559
189343941,43.4497,105.109,424,23720,0.0625196,0.03,1,2451013,2450589,424
189346861,64.1799,43.2438,500,23809,0.0310078,0.03,1,2451091,2450591,500
189349781,59.872,63.4975,480,23898,0.0304031,0.03,1,2451148,2450668,480
189352701,43.1488,60.199,454,23987,0.0421612,0.01,1,2451180,2450726,454
189355621,18.4595,43.8796,423,24075,0.0468645,0.01,1,2451182,2450759,423
189358541,37.9838,48.1518,423,24163,0.0367458,0.03,1,2451233,2450810,423
189361461,53.5935,57.0607,424,24251,0.0446983,0.07,1,2451297,2450873,424
189364381,105.437,105.624,426,24338,0.0718793,0.07,1,2451437,2451011,426
189367301,43.375,43.4497,426,24425,0.0827517,0.01,1,2451439,2451013,426
189370221,61.75,64.1799,422,24512,0.0511007,0.03,1,2451513,2451091,422
189373141,59.5,59.872,423,24598,0.0204403,0.05,1,2451571,2451148,423
189376061,43.6,43.1488,424,24684,0.0141761,0.05,1,2451604,2451180,424
189378981,18.64,18.4595,424,24770,0.0116704,0.03,1,2451606,2451182,424
189381901,36.856,37.9838,422,24856,0.0466682,0.05,1,2451655,2451233,422
189384821,54.3424,53.5935,424,24941,0.0486673,0.09,1,2451721,2451297,424
189387741,106.937,105.437,426,25026,0.0614669,0.09,1,2451863,2451437,426
189390661,43.9748,43.375,426,25111,0.0665868,0.03,1,2451865,2451439,426
189393581,59.5899,61.75,422,25195,0.0446347,0,1,2451935,2451513,422
189396501,59.236,59.5,423,25279,0.0238539,0.01,1,2451994,2451571,423
189399421,42.8944,43.6,422,25363,0.0155416,0.01,1,2452026,2451604,422
189402341,18.3578,18.64,422,25447,0.0122166,0.01,1,2452028,2451606,422
189405261,36.7431,7.456,471,25530,0.0348866,0.07,1,2452077,2451606,471
189408181,53.6972,32.3824,487,25613,0.0559547,0.05,1,2452142,2451655,487
189411101,109.079,52.553,567,25696,0.0523819,0.07,1,2452288,2451721,567
189414021,44.8316,106.221,427,25778,0.0509527,0.07,1,2452290,2451863,427
189416941,57.5326,43.6885,491,25860,0.0623811,0.03,1,2452356,2451865,491
189419861,58.413,59.4754,480,25942,0.0669524,0.01,1,2452415,2451935,480
189422781,42.5652,59.1902,453,26024,0.056781,0.01,1,2452447,2451994,453
189425701,18.2261,42.8761,423,26105,0.0527124,0.01,1,2452449,2452026,423
189428621,37.8904,18.3504,472,26186,0.063085,0.05,1,2452500,2452028,472
189431541,54.7562,36.7402,489,26267,0.031234,0.07,1,2452566,2452077,489
189434461,108.902,53.6961,569,26348,0.0424936,0.05,1,2452711,2452142,569
189437381,44.761,109.078,425,26428,0.0469974,0.05,1,2452713,2452288,425
189440301,56.9044,44.8314,488,26508,0.084799,0.07,1,2452778,2452290,488
189443221,58.1618,57.5325,481,26588,0.0519196,0.07,1,2452837,2452356,481
189446141,43.0647,58.413,455,26668,0.0627678,0.05,1,2452870,2452415,455
189449061,18.4259,42.5652,425,26747,0.0671071,0.05,1,2452872,2452447,425
189451981,38.5704,18.2261,475,26826,0.0688429,0.07,1,2452924,2452449,475
189454901,53.8281,37.8904,488,26905,0.0815371,0.01,1,2452988,2452500,488
189457821,22.7313,54.7562,424,26984,0.0866149,0.05,1,2452990,2452566,424
189478261,38.5448,38.5704,425,27528,0.222992,0.09,1,2453349,2452924,425
189481181,54.4179,53.8281,426,27605,0.239197,0.09,1,2453414,2452988,426
189484101,22.9672,22.7313,426,27682,0.221679,0.11,1,2453416,2452990,426
189487021,95.5869,96.0925,425,27759,0.298671,0.11,1,2453560,2453135,425
189498701,44.4758,42.9048,431,28063,0.417806,0.19,1,2453726,2453295,431
189501621,18.9903,18.3619,431,28138,0.437122,0.25,1,2453728,2453297,431
189560021,57.0791,39.0126,517,29606,0.750712,0.61,2,2454740,2454223,517
189562941,24.0316,54.605,454,29677,0.774285,0.61,2,2454742,2454288,454
189580461,43.8364,45.1102,457,30102,0.906092,0.71,2,2455072,2454615,457
189586301,42.2938,40.6976,460,30242,0.940575,0.77,2,2455132,2454672,460
189708941,67.1713,63.4547,494,33053,0.922,1,2,2457118,2456624,494
189729381,26.6206,30.755,493,33498,0.0639317,1,1,2457422,2456929,493
189732301,29.2482,33.302,489,33561,0.0555727,1,1,2457453,2456964,489
189735221,27.2993,31.3208,485,33624,0.0522291,1,1,2457479,2456994,485
189738141,30.7197,32.9283,484,33687,0.0628916,0.87,1,2457512,2457028,484
189741061,55.4879,67.1713,466,33750,0.0311567,0.85,1,2457584,2457118,466
189743981,40.7952,45.4685,466,33813,0.0124627,0.49,1,2457615,2457149,466
189746901,66.1181,76.3874,452,33876,0.0229851,0.41,1,2457698,2457246,452
189749821,50.4472,57.555,447,33938,0.039194,0.31,1,2457738,2457291,447
189752741,36.9789,48.822,432,34000,0.0216776,0.27,1,2457766,2457334,432
189755661,35.1916,41.1288,430,34062,0.050671,0.03,1,2457800,2457370,430
189758581,30.2766,35.0515,426,34124,0.0742684,0.01,1,2457827,2457401,426
189761501,22.9106,26.6206,423,34186,0.0477074,0.05,1,2457845,2457422,423
189764421,28.3643,29.2482,424,34248,0.0610829,0.05,1,2457877,2457453,424
189767341,26.9457,11.6993,450,34310,0.0304332,0.05,1,2457903,2457453,450
189770261,30.5783,20.2797,457,34372,0.0181733,0.07,1,2457936,2457479,457
189773181,53.6313,27.9119,493,34434,0.0132693,0.01,1,2458005,2457512,493
189776101,40.0525,54.3648,452,34495,0.00530772,0,1,2458036,2457584,452
189779021,65.821,40.3459,504,34556,0.0321231,0.03,1,2458119,2457615,504
189781941,50.9284,65.9384,462,34617,0.0188492,0.05,1,2458160,2457698,462
189784861,36.5714,50.3753,449,34678,0.0495397,0.01,1,2458187,2457738,449
189787781,35.0285,36.9501,455,34739,0.0498159,0.07,1,2458221,2457766,455
189790701,30.8114,35.1801,449,34800,0.0619263,0.09,1,2458249,2457800,449
189793621,23.7246,30.272,441,34861,0.0547705,0.03,1,2458268,2457827,441
189796541,28.6898,22.9088,455,34922,0.0639082,0.07,1,2458300,2457845,455
189799461,25.8759,28.3635,447,34983,0.0555633,0.01,1,2458324,2457877,447
189802381,31.3504,26.9454,456,35043,0.0402253,0.01,1,2458359,2457903,456
189805301,52.7401,30.5782,490,35103,0.0340901,0.01,1,2458426,2457936,490
189808221,39.6961,53.6313,452,35163,0.031636,0,1,2458457,2458005,452
189811141,65.6784,40.0525,504,35223,0.0426544,0.05,1,2458540,2458036,504
189814061,51.4714,65.821,463,35283,0.0350618,0.01,1,2458582,2458119,463
189816981,36.7885,50.9284,449,35343,0.0440247,0.07,1,2458609,2458160,449
189819901,34.5154,36.5714,455,35403,0.0356099,0.05,1,2458642,2458187,455
189822821,32.4062,35.0285,452,35463,0.032244,0.07,1,2458673,2458221,452
189825741,23.7625,30.8114,442,35523,0.0308976,0.05,1,2458691,2458249,442
189828661,30.505,23.7246,458,35583,0.042359,0.07,1,2458726,2458268,458
189831581,23.602,28.6898,445,35642,0.0469436,0.05,1,2458745,2458300,445
189834501,10.6408,25.8759,423,35701,0.0487774,0.03,1,2458747,2458324,423
189837421,25.2563,31.3504,423,35760,0.049511,0.03,1,2458782,2458359,423
189840341,50.3025,52.7401,423,35819,0.0258044,0.03,1,2458849,2458426,423
189843261,38.721,39.6961,423,35878,0.0523218,0.05,1,2458880,2458457,423
189846181,66.4884,65.6784,425,35937,0.0509287,0.03,1,2458965,2458540,425
189849101,50.5954,51.4714,423,35996,0.0863715,0.05,1,2459005,2458582,423
189875381,50.4126,50.3025,423,36521,0.0856596,0.07,1,2459272,2458849,423
189878301,38.165,38.721,422,36579,0.0522638,0.05,1,2459302,2458880,422
189881221,67.466,66.4884,424,36637,0.0269055,0.11,1,2459389,2458965,424
189884141,52.1864,50.5954,426,36695,0.0647622,0.13,1,2459431,2459005,426
189901661,23.5702,23.4461,429,37038,0.0873968,0.15,1,2459598,2459169,429
189904581,10.6281,10.5785,429,37095,0.0769587,0.13,1,2459600,2459171,429
189919181,54.9488,66.5432,468,37380,0.0712233,0.09,1,2459857,2459389,468
189922101,38.7795,51.8173,454,37437,0.0584893,0.13,1,2459885,2459431,454
189925021,35.9118,38.1269,459,37493,0.0533957,0.13,1,2459919,2459460,459
189927941,32.9647,35.6508,456,37549,0.0873583,0.09,1,2459950,2459494,456
189930861,23.9859,32.2603,444,37605,0.0769433,0.13,1,2459968,2459524,444
189933781,31.1944,24.3041,461,37661,0.0727773,0.11,1,2460004,2459543,461
189936701,23.2777,31.9216,442,37717,0.0711109,0.07,1,2460022,2459580,442
189939621,10.5111,23.5687,426,37773,0.0704444,0.07,1,2460024,2459598,426
189942541,24.6044,10.6275,458,37829,0.0821778,0.17,1,2460058,2459600,458
189954221,52.6283,66.8721,470,38053,0.212584,0.03,1,2460280,2459810,470
189960061,35.5405,38.7795,457,38164,0.205613,0.05,1,2460342,2459885,457
189962981,33.4162,35.9118,455,38219,0.232245,0.11,1,2460374,2459919,455
189965901,24.1665,32.9647,442,38274,0.242898,0.07,1,2460392,2459950,442
189968821,31.2666,23.9859,460,38329,0.259159,0.07,1,2460428,2459968,460
189971741,23.9066,31.1944,443,38384,0.277664,0.07,1,2460447,2460004,443
189974661,10.7627,23.2777,427,38439,0.285066,0.07,1,2460449,2460022,427
189995101,36.987,37.8513,432,38823,0.405594,0.21,1,2460740,2460308,432
189998021,35.1948,35.5405,432,38877,0.420238,0.25,1,2460774,2460342,432
190065181,58.9701,57.7802,451,40108,0.784956,0.59,2,2461558,2461107,451
190103141,60.9482,16.9246,547,40787,0.900978,0.83,2,2462018,2461471,547
190106061,53.7793,58.9698,509,40839,0.918391,0.85,2,2462067,2461558,509
190108981,39.5117,51.1879,493,40891,0.949357,0.83,2,2462097,2461604,493
190252061,25.8296,17.1543,524,43347,0.94,1,2,2463743,2463219,524
190278341,30.1179,27.6081,517,43783,0.441494,1,1,2464085,2463568,517
190281261,28.2471,29.0432,514,43831,0.434597,1,1,2464112,2463598,514
190290021,27.9918,29.4348,501,43975,0.445654,1,1,2464192,2463691,501
190292941,27.9967,28.5739,501,44023,0.412262,0.9,1,2464220,2463719,501
190295861,31.5987,25.8296,511,44071,0.422905,1,1,2464254,2463743,511
190298781,32.4395,36.1318,501,44119,0.415162,1,1,2464287,2463786,501
190301701,31.5758,34.2527,499,44167,0.436065,0.93,1,2464318,2463819,499
190304621,44.4303,35.9011,515,44215,0.432426,0.77,1,2464371,2463856,515
190310461,37.1089,48.1042,483,44311,0.403988,0.53,1,2464445,2463962,483
190380541,26.3141,25.8819,447,45441,0.752806,0.59,2,2465107,2464660,447
190386381,35.8903,33.5411,452,45533,0.776849,0.61,2,2465182,2464730,452
190392221,45.4624,44.9666,451,45625,0.797496,0.65,2,2465265,2464814,451
190424341,26.4114,29.0645,481,46131,0.916433,0.77,2,2465564,2465083,481
190427261,32.7646,26.0258,494,46177,0.912573,0.71,2,2465601,2465107,494
190430181,37.7058,32.6103,498,46223,0.923029,0.81,2,2465642,2465144,498
190634581,38.9536,38.6604,514,49312,0.91,1,2,2467837,2467323,514
190637501,32.9814,34.0642,512,49355,0.766,1,2,2467866,2467354,512
190646261,24.2388,30.0921,511,49484,0.439504,1,1,2467945,2467434,511
190655021,31.0713,10.2539,554,49613,0.286608,1,1,2468035,2467481,554
190656481,22.6285,11.3016,559,49655,0.216643,1,1,2468052,2467493,559
190711961,167.661,178.448,460,23451,0.0694629,0.03,1,2468593,2468133,460
190714881,124.064,115.179,482,23541,0.0457852,0.07,1,2468688,2468206,482
190717801,82.0257,100.672,445,23631,0.0603141,0.03,1,2468742,2468297,445
190720721,61.0103,67.8687,446,23721,0.0661256,0.03,1,2468789,2468343,446
190723641,44.2041,51.7475,438,23810,0.0564502,0.01,1,2468822,2468384,438
190726561,54.8816,52.499,447,23899,0.0525801,0.01,1,2468884,2468437,447
190729481,35.7527,47.9996,425,23988,0.039032,0.07,1,2468907,2468482,425
190732401,23.3011,25.7998,429,24076,0.0456128,0.03,1,2468922,2468493,429
190735321,65.7204,70.3199,423,24164,0.0362451,0.03,1,2469016,2468593,423
190738241,85.0882,85.128,426,24252,0.068498,0.07,1,2469114,2468688,426
190744081,55.1341,54.7805,426,24426,0.0961597,0.05,1,2469215,2468789,426
190770361,41.5115,40.652,427,25196,0.236315,0.13,1,2469673,2469246,427
190773281,54.4046,53.4608,428,25280,0.232526,0.17,1,2469736,2469308,428
190776201,34.9618,34.5843,428,25364,0.25501,0.13,1,2469758,2469330,428
190779121,22.9847,22.2337,429,25448,0.264004,0.13,1,2469773,2469344,429
190782041,63.7939,8.89349,520,25531,0.279602,0.19,1,2469864,2469344,520
190814161,58.0012,67.9265,490,26429,0.404625,0.41,1,2470512,2470022,490
190817081,42.4005,56.5706,473,26509,0.41985,0.37,1,2470544,2470071,473
190820001,54.1602,43.0282,501,26589,0.44994,0.35,1,2470606,2470105,501
190869641,39.803,39.2971,453,27912,0.923337,0.69,2,2471440,2470987,453
191027321,85.9803,86.351,565,31747,0.253835,1,1,2474212,2473647,565
191033161,42.3169,55.5762,513,31881,0.0658137,1,1,2474280,2473767,513
191036081,34.9267,42.6305,509,31947,0.0443255,1,1,2474310,2473801,509
191039001,34.9707,33.8522,516,32013,0.0357302,0.92,1,2474345,2473829,516
191041921,33.7883,33.3409,516,32079,0.0442921,1,1,2474378,2473862,516
191044841,31.5153,36.7364,507,32145,0.0477168,1,1,2474408,2473901,507
191047761,28.2061,36.2945,497,32211,0.0250867,0.98,1,2474434,2473937,497
191050681,37.0825,31.3178,512,32277,0.0280347,0.95,1,2474477,2473965,512
191053601,67.033,40.1271,553,32343,0.0532139,0.39,1,2474564,2474011,553
191056521,68.2132,84.4509,508,32408,0.0212856,0.01,1,2474633,2474125,508
191059441,47.6853,85.9803,455,32473,0.0505142,0.03,1,2474667,2474212,455
191062361,39.4741,54.7921,455,32538,0.0382057,0.03,1,2474701,2474246,455
191065281,34.3896,42.3169,452,32603,0.0212823,0.03,1,2474732,2474280,452
191068201,34.7559,34.9267,457,32668,0.0505129,0.03,1,2474767,2474310,457
191071121,33.1023,34.9707,454,32733,0.0862052,0.05,1,2474799,2474345,454
191076961,23.1764,31.5153,422,32862,0.0461928,0.01,1,2474830,2474408,422
191079881,24.8706,28.2061,422,32926,0.0184771,0.03,1,2474856,2474434,422
191082801,36.3482,37.0825,423,32990,0.0613909,0.07,1,2474900,2474477,423
191085721,67.3393,67.033,424,33054,0.0665563,0,1,2474988,2474564,424
191088641,67.1357,68.2132,422,33118,0.0266225,0.07,1,2475055,2474633,422
191091561,47.2543,47.6853,422,33182,0.040649,0.03,1,2475089,2474667,422
191094481,41.1017,39.4741,425,33246,0.0162596,0.01,1,2475126,2474701,425
191097401,34.4407,34.3896,424,33310,0.0125038,0.07,1,2475156,2474732,424
191100321,35.3763,34.7559,425,33373,0.0110015,0.11,1,2475192,2474767,425
191103241,33.9505,33.1023,426,33436,0.0704006,0.11,1,2475225,2474799,426
191106161,14.7802,14.4409,426,33499,0.0941603,0.01,1,2475227,2474801,426
191109081,20.9121,23.1764,422,33562,0.0916641,0,1,2475252,2474830,422
191112001,23.9648,24.8706,422,33625,0.0666656,0.09,1,2475278,2474856,422
191114921,36.5859,36.3482,423,33688,0.0566663,0.07,1,2475323,2474900,423
191117841,68.6344,67.3393,425,33751,0.0886665,0,1,2475413,2474988,425
191120761,65.8538,67.1357,422,33814,0.0894666,0.05,1,2475477,2475055,422
191123681,46.7415,47.2543,422,33877,0.0537866,0,1,2475511,2475089,422
191126601,40.8966,41.1017,422,33939,0.0215147,0.01,1,2475548,2475126,422
191129521,34.3586,34.4407,422,34001,0.0146059,0.01,1,2475578,2475156,422
191132441,35.3435,35.3763,422,34063,0.0358423,0.11,1,2475614,2475192,422
191135361,36.9374,33.9505,427,34125,0.0323369,0.11,1,2475652,2475225,427
191138281,15.975,14.7802,427,34187,0.0309348,0.09,1,2475654,2475227,427
191141201,18.39,20.9121,422,34249,0.0303739,0.09,1,2475674,2475252,422
191144121,22.956,8.36483,448,34311,0.0421496,0.05,1,2475700,2475252,448
191147041,35.5824,18.9459,466,34373,0.0588598,0.05,1,2475744,2475278,466
191149961,70.633,34.5784,515,34435,0.0775439,0.11,1,2475838,2475323,515
191158721,40.3525,46.613,458,34618,0.0582428,0,1,2475969,2475511,458
191161641,34.141,40.8452,451,34679,0.0412971,0.01,1,2475999,2475548,451
191164561,35.2564,34.3381,457,34740,0.0225188,0.05,1,2476035,2475578,457
191167481,37.5026,35.3352,460,34801,0.0270075,0.03,1,2476074,2475614,460
191170401,16.201,36.9341,424,34862,0.028803,0.03,1,2476076,2475652,424
191173321,17.8804,15.9736,441,34923,0.0175212,0.03,1,2476095,2475654,441
191176241,23.9522,18.3895,449,34984,0.0250085,0.05,1,2476123,2475674,449
191179161,36.5809,22.9558,468,35044,0.0400034,0.07,1,2476168,2475700,468
191182081,73.4323,35.5823,522,35104,0.0580014,0.09,1,2476266,2475744,522
191185001,65.9729,70.6329,489,35164,0.0652005,0.13,1,2476327,2475838,489
191187921,45.5892,65.4532,459,35224,0.0800802,0.17,1,2476359,2475900,459
191190841,36.8357,45.3813,458,35284,0.0740321,0,1,2476390,2475932,458
191193761,32.7343,40.3525,451,35344,0.0716128,0.03,1,2476420,2475969,451
191196681,35.2937,34.141,458,35404,0.0346451,0.01,1,2476457,2475999,458
191199601,37.5175,35.2564,461,35464,0.0438581,0.03,1,2476496,2476035,461
191202521,16.207,37.5026,424,35524,0.0475432,0.03,1,2476498,2476074,424
191205441,17.2828,16.201,440,35584,0.0610173,0.01,1,2476516,2476076,440
191208361,24.9131,17.8804,451,35643,0.0304069,0.03,1,2476546,2476095,451
191211281,11.1652,23.9522,425,35702,0.0181628,0.05,1,2476548,2476123,425
191214201,30.8661,36.5809,424,35761,0.0372651,0.07,1,2476592,2476168,424
191217121,71.7464,73.4323,425,35820,0.068906,0.07,1,2476691,2476266,425
191231721,35.5078,35.2937,423,36115,0.0916848,0.05,1,2476880,2476457,423
191234641,38.8031,37.5175,425,36174,0.0546739,0.05,1,2476921,2476496,425
191237561,16.7212,16.207,425,36232,0.0398696,0.07,1,2476923,2476498,425
191240481,17.4885,17.2828,425,36290,0.0579478,0.01,1,2476941,2476516,425
191243401,23.1954,24.9131,422,36348,0.0291791,0.01,1,2476968,2476546,422
191246321,10.4782,11.1652,422,36406,0.0416717,0.05,1,2476970,2476548,422
191249241,31.1913,30.8661,423,36464,0.0346687,0.09,1,2477015,2476592,423
191258001,47.8362,45.5594,430,36638,0.212219,0.19,1,2477215,2476785,430
191260921,35.9345,34.4238,431,36696,0.222888,0.19,1,2477243,2476812,431
191263841,31.1738,31.7695,429,36754,0.239155,0.03,1,2477271,2476842,429
191266761,31.0695,35.5078,422,36811,0.269662,0.03,1,2477302,2476880,422
191269681,37.6278,38.8031,423,36868,0.281865,0.03,1,2477344,2476921,423
191272601,16.2511,16.7212,423,36925,0.286746,0.07,1,2477346,2476923,423
191295961,37.5743,46.6385,460,37381,0.414642,0.23,1,2477675,2477215,460
191298881,33.0297,35.4554,462,37438,0.435857,0.25,1,2477705,2477243,462
191301801,31.2119,30.9822,464,37494,0.444343,0.29,1,2477735,2477271,464
191304721,39.4848,30.9929,478,37550,0.447737,0.29,1,2477780,2477302,478
191307641,16.9939,37.5971,438,37606,0.449095,0.29,1,2477782,2477344,438
191310561,18.1976,16.2389,455,37662,0.437638,0.37,1,2477801,2477346,455
191313481,23.479,17.2955,464,37718,0.445055,0.39,1,2477828,2477364,464
191316401,10.5916,22.5182,440,37774,0.448022,0.39,1,2477830,2477390,440
191319321,31.8366,10.2073,484,37830,0.449209,0.35,1,2477876,2477392,484
191322241,74.5347,31.6829,541,37886,0.449684,0.35,1,2477979,2477438,541
191325161,71.8139,74.4732,508,37942,0.425873,0.37,1,2478049,2477541,508
191328081,51.5255,70.5893,478,37998,0.428349,0.41,1,2478087,2477609,478
191331001,39.2102,50.4357,472,38054,0.41734,0.43,1,2478118,2477646,472
191333921,33.6841,37.5743,473,38110,0.424936,0.45,1,2478148,2477675,473
191380641,17.1681,16.8918,446,38986,0.761473,0.51,2,2478671,2478225,446
191383561,18.2673,17.5567,447,39040,0.778589,0.55,2,2478690,2478243,447
191389401,11.3228,10.7291,449,39148,0.761774,0.57,2,2478722,2478273,449
191392321,33.3291,31.8916,451,39202,0.76671,0.59,2,2478770,2478319,451
191406921,33.1618,31.6302,456,39472,0.92564,0.75,2,2479016,2478560,456
191409841,32.4647,31.2521,457,39526,0.940256,0.71,2,2479048,2478591,457
191609861,343.119,345.248,514,18980,0.904,1,2,2481546,2481032,514
191627381,51.719,61.3162,489,19642,0.0668669,0.84,1,2482002,2481513,489
191630301,53.0876,44.3265,510,19750,0.0327468,0.79,1,2482056,2481546,510
191633221,71.035,47.7306,543,19857,0.0190987,0.69,1,2482139,2481596,543
191636141,112.414,73.0922,593,19964,0.0256395,0.43,1,2482279,2481686,593
191639061,74.9656,122.237,488,20070,0.0402558,0.15,1,2482329,2481841,488
191641981,65.3862,86.0948,485,20176,0.0461023,0.07,1,2482388,2481903,485
191644901,47.7545,72.2379,458,20281,0.0184409,0,1,2482424,2481966,458
191647821,51.5018,50.4952,476,20386,0.0253764,0.01,1,2482478,2482002,476
191650741,69.8007,52.5981,504,20490,0.0281505,0.01,1,2482560,2482056,504
191653661,114.32,70.8392,565,20594,0.0412602,0.03,1,2482704,2482139,565
191656581,76.9281,112.336,477,20697,0.0585041,0.05,1,2482756,2482279,477
191659501,63.7712,74.9343,482,20799,0.0774016,0.05,1,2482811,2482329,482
191662421,46.5085,65.3737,458,20901,0.0729607,0,1,2482846,2482388,458
191665341,51.0034,47.7495,476,21002,0.0471843,0.03,1,2482900,2482424,476
191668261,21.6014,51.4998,424,21103,0.0368737,0.03,1,2482902,2482478,424
191671181,56.6405,69.7999,422,21204,0.0327495,0.05,1,2482982,2482560,422
191674101,110.256,114.32,424,21304,0.0190998,0.07,1,2483128,2482704,424
191677021,75.9025,76.928,425,21404,0.0496399,0.09,1,2483181,2482756,425
191679941,63.961,63.7712,426,21503,0.073856,0.07,1,2483237,2482811,426
191682861,44.7844,46.5085,423,21602,0.0835424,0.03,1,2483269,2482846,423
191685781,50.3138,51.0034,423,21700,0.039417,0.03,1,2483323,2482900,423
191688701,21.3255,21.6014,423,21798,0.0217668,0.03,1,2483325,2482902,423
191691621,55.9302,56.6405,422,21895,0.0147067,0.01,1,2483404,2482982,422
191694541,109.972,110.256,422,21992,0.0478827,0.07,1,2483550,2483128,422
191697461,77.5888,75.9025,425,22088,0.0971531,0.09,1,2483606,2483181,425
191712061,55.8553,55.9302,422,22564,0.0601596,0.01,1,2483826,2483404,422
191714981,109.942,22.3721,568,22658,0.0540639,0.07,1,2483972,2483404,568
191717901,79.9768,96.5488,482,22752,0.0516255,0.13,1,2484032,2483550,482
191720821,65.5907,72.2195,482,22845,0.0746502,0.13,1,2484088,2483606,482
191723741,44.2363,61.8878,457,22938,0.0838601,0.17,1,2484118,2483661,457
191726661,49.4945,42.7551,480,23030,0.087544,0.09,1,2484171,2483691,480
191729581,20.9978,49.502,428,23122,0.0890176,0.15,1,2484173,2483745,428
191752941,52.1722,20.9976,498,23846,0.239652,0.11,1,2484671,2484173,498
191755861,110.869,52.799,574,23935,0.293861,0.11,1,2484821,2484247,574
191764621,57.0876,66.7871,429,24200,0.433287,0.13,1,2484942,2484513,429
191805501,46.8777,46.4985,448,25399,0.756423,0.55,2,2485709,2485261,448
191808421,56.5511,55.7994,449,25482,0.764569,0.55,2,2485772,2485323,449
191817181,52.9873,37.2912,510,25731,0.759092,0.69,2,2485927,2485417,510
191820101,22.3949,48.5165,456,25813,0.765637,0.69,2,2485929,2485473,456
191825941,115.783,55.6426,610,25977,0.771702,0.77,2,2486164,2485554,610
191828861,47.5133,114.057,459,26059,0.782681,0.77,2,2486166,2485707,459
191843461,22.315,52.9859,459,26463,0.917163,0.77,2,2486386,2485927,459
191846381,55.726,22.3943,535,26543,0.924865,0.73,2,2486464,2485929,535
191945661,35.4096,37.3367,510,29133,0.93875,1,2,2488295,2487785,510
191957341,73.0793,124.417,518,29422,0.773264,1,2,2488589,2488071,518
191980701,26.1142,33.7455,478,29993,0.292211,0.79,1,2488839,2488361,478
191983621,116.046,128.698,462,30064,0.218884,0.71,1,2489015,2488553,462
191986541,65.0183,73.0793,457,30134,0.225554,0.63,1,2489046,2488589,457
191989461,42.2073,47.2317,454,30204,0.216221,0.47,1,2489073,2488619,454
191992381,46.8829,53.0927,447,30274,0.212489,0.45,1,2489123,2488676,447
191998221,32.1013,34.7748,443,30414,0.212798,0.35,1,2489185,2488742,443
192001141,28.4405,31.9099,439,30484,0.223119,0.37,1,2489211,2488772,439
192004061,12.5762,13.964,439,30553,0.227248,0.29,1,2489213,2488774,439
192006981,27.8305,30.7856,435,30622,0.252899,0.27,1,2489251,2488816,435
192009901,24.3322,26.1142,434,30691,0.25116,0.17,1,2489273,2488839,434
192015741,66.2932,65.0183,433,30829,0.425386,0.21,1,2489479,2489046,433
192042021,115.94,17.6529,610,31441,0.439219,0.43,1,2489883,2489273,610
192044941,69.1758,109.061,478,31508,0.421688,0.47,1,2489921,2489443,478
192047861,42.6703,65.2245,467,31575,0.426675,0.47,1,2489946,2489479,467
192094581,29.0742,12.3006,487,32630,0.785404,0.55,2,2490575,2490088,487
192109181,33.2228,42.9458,455,32953,0.913812,0.77,2,2490843,2490388,455
192112101,48.6891,50.7783,458,33017,0.947525,0.73,2,2490902,2490444,458
192367601,108.71,132.002,489,17167,0.418096,0.61,1,2494754,2494265,489
192370521,93.8839,94.2008,504,17291,0.449238,0.65,1,2494838,2494334,504
192373441,53.7535,79.6803,461,17414,0.449695,0.49,1,2494865,2494404,461
192405561,50.3966,50.9786,449,18711,0.750352,0.55,2,2495757,2495308,449
192408481,21.3586,21.5914,449,18824,0.762141,0.65,2,2495759,2495310,449
192423081,51.7909,50.3965,458,19381,0.90743,0.77,2,2496215,2495757,458
192426001,21.9163,21.3586,458,19490,0.920972,0.71,2,2496217,2495759,458
192493161,68.6347,75.0198,484,21855,0.933996,1,2,2498004,2497520,484
192499001,58.3816,53.7632,494,22049,0.929439,1,2,2498140,2497646,494
192563241,43.8297,59.7223,502,24075,0.922,1,2,2499592,2499090,502
192566161,40.9319,46.0889,504,24163,0.9268,1,2,2499631,2499127,504
192574921,64.7076,56.6617,502,24425,0.447395,1,1,2499854,2499352,502
192580761,74.9132,78.1859,480,24598,0.293583,1,1,2499991,2499511,480
192583681,56.9653,60.0743,477,24684,0.231433,0.87,1,2500036,2499559,477
192589521,35.9944,40.9319,466,24856,0.211029,0.53,1,2500097,2499631,466
192595361,54.2391,64.2691,441,25026,0.217365,0.35,1,2500230,2499789,441
192598281,60.0956,64.7076,440,25111,0.224946,0.35,1,2500294,2499854,440
192601201,52.2383,55.2831,438,25195,0.251978,0.23,1,2500341,2499903,438
192604121,70.0953,74.9132,432,25279,0.274791,0.19,1,2500423,2499991,432
192609961,37.3752,38.9861,430,25447,0.289967,0.15,1,2500493,2500063,430
192612881,34.1501,15.5944,462,25530,0.277987,0.23,1,2500525,2500063,462
192624561,53.5878,59.4968,481,25860,0.403356,0.27,1,2500775,2500294,481
192662521,71.8829,34.2422,548,26905,0.765695,0.69,2,2501507,2500959,548
192665441,29.9531,69.4969,457,26984,0.780278,0.71,2,2501509,2501052,457
192682961,40.0322,39.7679,457,27451,0.91413,0.73,2,2501835,2501378,457
192685881,36.4129,35.7072,458,27528,0.935652,0.79,2,2501869,2501411,458
192805601,48.8761,50.6171,489,30521,0.41286,1,1,2503991,2503502,489
192820201,41.2438,43.9266,467,30866,0.277357,0.77,1,2504210,2503743,467
192823121,33.8975,37.9707,462,30935,0.296943,0.51,1,2504239,2503777,462
192828961,45.0236,50.4753,442,31071,0.295911,0.49,1,2504350,2503908,442
192849401,40.9374,47.5319,468,31545,0.413291,0.25,1,2504643,2504175,468
192852321,34.3749,40.0127,463,31612,0.435317,0.31,1,2504673,2504210,463
192899041,30.76,37.0538,475,32667,0.758856,0.59,2,2505375,2504900,475
192913641,33.7153,36.101,454,32989,0.900427,0.63,2,2505571,2505117,454
193071321,36.6957,35.3542,493,36289,0.785853,1,2,2507883,2507390,493
193088841,38.2016,46.4704,484,36637,0.097224,0.95,1,2508113,2507629,484
193091761,40.4807,43.1882,485,36695,0.0928896,1,1,2508155,2507670,485
193094681,39.5923,43.6753,480,36753,0.0671558,1,1,2508194,2507714,480
193097601,32.6369,34.8701,479,36810,0.0448623,0.96,1,2508222,2507743,479
193100521,47.2548,55.348,467,36867,0.0479449,0.75,1,2508279,2507812,467
193103441,38.7019,46.7392,459,36924,0.049178,0.75,1,2508312,2507853,459
193106361,31.0808,36.6957,455,36981,0.0256712,0.63,1,2508338,2507883,455
193109281,29.8323,33.8783,452,37038,0.0402685,0.49,1,2508367,2507915,452
193112201,28.7329,35.7513,443,37095,0.0461074,0.37,1,2508395,2507952,443
193115121,28.8932,35.9005,436,37152,0.084443,0.37,1,2508424,2507988,436
193118041,39.1573,14.3602,482,37209,0.0517772,0.25,1,2508470,2507988,482
193120961,38.4629,35.1441,471,37266,0.0747109,0.11,1,2508508,2508037,471
193123881,34.5852,38.0576,463,37323,0.0838843,0.03,1,2508540,2508077,463
193126801,38.4341,36.8231,468,37380,0.0755537,0.09,1,2508581,2508113,468
193129721,36.9736,39.9292,462,37437,0.0962215,0.05,1,2508617,2508155,462
193132641,30.9895,39.3717,450,37493,0.0924886,0.03,1,2508644,2508194,450
193135561,46.5958,32.5487,479,37549,0.0909954,0.05,1,2508701,2508222,479
193153081,38.3574,28.8928,468,37885,0.205369,0.03,1,2508892,2508424,468
193156001,39.943,39.1571,463,37941,0.244148,0.09,1,2508933,2508470,463
193158921,35.1772,38.4628,457,37997,0.271659,0.09,1,2508965,2508508,457
193161841,38.6709,34.5851,466,38053,0.270664,0.07,1,2509006,2508540,466
193164761,36.4683,38.4341,460,38109,0.282265,0.11,1,2509041,2508581,460
193167681,32.5873,36.9736,454,38164,0.286906,0.09,1,2509071,2508617,454
193170601,47.2349,30.9894,484,38219,0.288762,0.09,1,2509128,2508644,484
193191041,42.4726,38.3574,475,38604,0.425337,0.27,1,2509367,2508892,475
193264041,41.9447,40.7906,454,39949,0.756861,0.69,2,2510218,2509764,454
193266961,47.9779,45.7162,457,40002,0.752744,0.69,2,2510270,2509813,457
193269881,20.3911,19.4865,457,40055,0.751098,0.71,2,2510272,2509815,457
193272801,28.5565,27.5946,458,40108,0.750439,0.71,2,2510306,2509848,458
193284481,47.003,32.2184,512,40319,0.797243,0.71,2,2510470,2509958,512
193299081,31.5066,30.3933,488,40579,0.904948,0.71,2,2510625,2510137,488
193302001,43.2026,31.3573,507,40631,0.943979,0.79,2,2510676,2510169,507
193474281,32.5646,33.5185,506,43591,0.245662,1,1,2512731,2512225,506
193483041,26.3721,29.9852,493,43735,0.0937223,1,1,2512807,2512314,493
193485961,30.9489,25.7941,504,43783,0.0554889,0.83,1,2512841,2512337,504
193506401,49.3107,30.9924,507,44119,0.218144,0.33,1,2513083,2512576,507
193509321,32.9243,53.197,461,44167,0.213258,0.33,1,2513105,2512644,461
193512241,28.7697,36.2788,462,44215,0.211303,0.31,1,2513131,2512669,462
193515161,28.3079,31.9115,461,44263,0.222521,0.19,1,2513159,2512698,461
193518081,26.9232,32.5646,454,44311,0.251008,0.15,1,2513185,2512731,454
193521001,22.7693,29.8258,446,44359,0.250403,0.09,1,2513205,2512759,446
193523921,24.7077,23.9303,452,44407,0.262161,0.07,1,2513231,2512779,452
193526841,30.2831,26.3721,458,44455,0.278865,0.03,1,2513265,2512807,458
193529761,13.3132,30.9489,426,44502,0.285546,0.13,1,2513267,2512841,426
193544361,30.8669,29.9416,432,44737,0.421474,0.17,1,2513424,2512992,432
193667001,33.3263,31.7022,484,46676,0.753506,0.53,2,2514678,2514194,484
193669921,30.1305,34.2809,476,46721,0.799402,0.55,2,2514706,2514230,476
193681601,51.0081,28.5448,514,46901,0.902657,0.59,2,2514857,2514343,514
193684521,34.8033,49.8179,474,46946,0.943063,0.63,2,2514881,2514407,474
193932721,32.6579,34.8972,501,50621,0.910111,1,2,2517431,2516930,501
193938561,30.3053,34.2636,498,50705,0.794818,1,2,2517495,2516997,498
193959001,26.8923,25.8546,495,50994,0.254453,1,1,2517689,2517194,495
193961921,28.7569,33.1418,487,51035,0.227781,1,1,2517719,2517232,487
193964841,21.1028,27.0567,480,51076,0.205113,0.94,1,2517735,2517255,480
193967761,15.6411,21.6227,474,51117,0.256045,1,1,2517747,2517273,474
193970681,24.2564,28.4491,471,51158,0.240418,1,1,2517777,2517306,471
193973601,30.7026,34.7796,467,51199,0.222167,0.98,1,2517812,2517345,467
193996961,31.0478,34.6035,442,51527,0.0835081,0.55,1,2518047,2517605,442
194002801,16.0076,16.5766,442,51609,0.0985613,0.33,1,2518078,2517636,442
194005721,18.4031,19.2306,441,51650,0.0934245,0.17,1,2518098,2517657,441
194008641,22.3612,26.8923,434,51691,0.0913698,0.21,1,2518123,2517689,434
194017401,13.7671,8.4411,443,51814,0.0867277,0.29,1,2518178,2517735,443
194020321,23.5068,10.5764,461,51855,0.0526911,0.23,1,2518208,2517747,461
194023241,29.8027,22.2306,465,51896,0.0390764,0.21,1,2518242,2517777,465
194026161,29.3211,29.8922,459,51937,0.0576306,0.13,1,2518271,2517812,459
194029081,23.1284,32.3569,444,51978,0.0770522,0.13,1,2518290,2517846,444
194032001,27.8514,24.3428,456,52019,0.0848209,0.15,1,2518321,2517865,456
194034921,32.1405,27.7371,461,52059,0.0759284,0.11,1,2518356,2517895,461
194037841,27.2562,32.0948,450,52099,0.0723713,0.11,1,2518380,2517930,450
194061201,24.5358,22.3612,451,52419,0.217368,0.13,1,2518574,2518123,451
194064121,20.6143,24.5445,443,52459,0.236947,0.11,1,2518592,2518149,443
194067041,13.0457,22.4178,430,52499,0.244779,0.07,1,2518600,2518170,430
194069961,23.2183,13.7671,452,52539,0.247912,0.03,1,2518630,2518178,452
194072881,30.2873,23.5068,457,52579,0.273165,0.03,1,2518665,2518208,457
194090401,28.11,27.2562,454,52819,0.423893,0.13,1,2518834,2518380,454
194163401,25.7591,25.122,449,53806,0.753512,0.57,2,2519455,2519006,449
194172161,24.6886,23.9518,451,53923,0.779505,0.59,2,2519515,2519064,451
194175081,11.0754,10.7807,451,53962,0.773802,0.63,2,2519517,2519066,451
194178001,26.0302,25.9123,451,54001,0.783521,0.59,2,2519553,2519102,451
194189681,32.6152,32.4922,453,54157,0.912234,0.63,2,2519674,2519221,453
194192601,30.4461,29.7969,454,54196,0.910894,0.73,2,2519703,2519249,454
194218881,22.3132,22.3036,458,54547,0.901442,0.73,2,2519933,2519475,458
194251001,34.2338,30.7145,500,54968,0.901626,0.89,2,2520234,2519734,500
194253921,34.0935,34.4858,497,55006,0.91865,0.87,2,2520268,2519771,497
194256841,25.6374,34.7943,482,55044,0.92546,0.85,2,2520288,2519806,482
194259761,16.255,26.5177,471,55082,0.928184,0.81,2,2520298,2519827,471
194395541,330.265,342.67,487,26280,0.922,1,2,2521925,2521438,487
194484601,61.6656,64.0492,447,27387,0.771087,0.55,2,2522784,2522337,447
194487521,34.8662,35.2197,448,27464,0.794435,0.55,2,2522801,2522353,448
194502121,67.3593,66.521,452,27847,0.913175,0.67,2,2523052,2522600,452
194624761,47.5825,39.7301,501,30878,0.94,1,2,2525193,2524692,501
194630601,36.6532,42.4768,494,31015,0.778,1,2,2525263,2524769,494
194642281,39.7559,42.1898,481,31287,0.413277,1,1,2525459,2524978,481
194651041,53.0644,59.3401,520,31489,0.0929297,1,1,2525620,2525100,520
194656881,36.3303,46.9344,495,31623,0.0952688,0.79,1,2525688,2525193,495
194694841,43.3412,33.4128,475,32482,0.217369,0.13,1,2526227,2525752,475
194697761,58.1365,43.3651,493,32547,0.260948,0.09,1,2526295,2525802,493
194700681,40.0546,58.1461,453,32612,0.278379,0.13,1,2526323,2525870,453
194776601,43.712,43.0968,452,34258,0.760971,0.61,2,2527367,2526915,452
194779521,40.8848,17.2387,491,34320,0.766388,0.69,2,2527406,2526915,491
194782441,39.1539,29.0955,492,34382,0.792555,0.67,2,2527444,2526952,492
194802881,49.7741,41.3577,512,34809,0.904835,0.75,2,2527764,2527252,512
194805801,21.1096,48.9431,460,34870,0.919934,0.75,2,2527766,2527306,460
194808721,44.4438,20.7772,518,34931,0.937974,0.77,2,2527826,2527308,518
194811641,42.3775,43.7109,500,34992,0.933189,0.77,2,2527867,2527367,500
194814561,39.751,40.8844,499,35052,0.943276,0.81,2,2527905,2527406,499
194817481,35.1004,39.1537,493,35112,0.93531,0.81,2,2527937,2527444,493
194820401,33.8402,34.2615,495,35172,0.944124,0.85,2,2527970,2527475,495
194823321,48.3361,32.9046,521,35232,0.94765,0.87,2,2528028,2527507,521
194931361,63.3243,44.7134,555,37388,0.9196,1,2,2529532,2528977,555
194957641,29.2744,32.356,502,37893,0.415714,1,1,2529866,2529364,502
194975161,54.8626,46.9719,520,38227,0.424585,0.65,1,2530132,2529612,520
194978081,42.945,58.3888,489,38282,0.427834,0.61,1,2530167,2529678,489
195021881,31.1664,30.7512,447,39101,0.75346,0.55,2,2530673,2530226,447
195051081,59.0604,57.2248,453,39638,0.940537,0.69,2,2531030,2530577,453
195054001,46.4241,43.2899,457,39691,0.934215,0.77,2,2531068,2530611,457
195065681,25.7933,25.1466,462,39903,0.943164,0.81,2,2531189,2530727,462
195071521,26.4469,26.3435,462,40009,0.941706,0.85,2,2531243,2530781,462
195074441,11.7788,11.7374,462,40062,0.934682,0.85,2,2531245,2530783,462
195077361,14.3115,4.69495,478,40115,0.931873,0.83,2,2531261,2530783,478
195080281,55.5246,11.478,545,40168,0.942749,0.87,2,2531344,2530799,545
195226281,36.1312,34.0072,497,42716,0.903994,1,2,2533152,2532655,497
195229201,35.4525,25.6029,512,42765,0.901597,1,2,2533187,2532675,512
195232121,33.381,22.8412,523,42814,0.942639,1,2,2533219,2532696,523
195235041,17.5524,18.7365,514,42863,0.917056,1,2,2533226,2532712,514
195237961,25.021,33.8946,500,42912,0.930822,0.96,2,2533256,2532756,500
195363521,24.9752,23.0924,454,44977,0.76229,0.65,2,2534621,2534167,454
195378121,20.6519,21.1126,452,45212,0.90939,0.63,2,2534771,2534319,452
195381041,27.4608,28.2451,451,45259,0.921756,0.63,2,2534803,2534352,451
195630701,180.092,180.926,499,22724,0.76359,0.94,2,2537527,2537028,499
195654061,72.5904,54.7301,535,23460,0.76405,0.59,2,2538062,2537527,535
195656981,75.2362,72.892,527,23550,0.79162,0.59,2,2538139,2537612,527
195677421,70.9198,72.5082,461,24173,0.91764,0.81,2,2538523,2538062,461
195680341,75.1679,75.2033,462,24261,0.949056,0.91,2,2538601,2538139,462
195756261,51.2026,92.2277,504,26438,0.94242,1,2,2540152,2539648,504
195765021,33.469,47.3506,497,26678,0.794475,0.99,2,2540288,2539791,497
195767941,34.3876,33.9402,507,26757,0.76779,0.96,2,2540323,2539816,507
195791301,33.0637,33.469,461,27384,0.757731,0.75,2,2540749,2540288,461
195797141,56.5302,59.955,453,27538,0.770437,0.55,2,2540853,2540400,453
195808821,42.6504,41.4948,455,27844,0.929851,0.77,2,2541074,2540619,455
195911021,45.7979,39.3889,496,30391,0.9208,1,2,2542858,2542362,496
195916861,49.8077,44.8222,502,30530,0.777328,1,2,2542987,2542485,502
195919781,34.9231,29.3289,508,30599,0.760931,1,2,2543012,2542504,508
195992781,53.1622,32.1039,510,32283,0.771991,0.49,2,2544113,2543603,510
195995701,71.6649,50.6415,531,32349,0.782796,0.51,2,2544197,2543666,531
195998621,39.4659,71.2566,464,32414,0.787119,0.49,2,2544215,2543751,464
196001541,71.5864,39.9026,538,32479,0.788847,0.53,2,2544308,2543770,538
196004461,49.0346,69.3611,483,32544,0.765539,0.57,2,2544342,2543859,483
196007381,32.8138,47.5444,472,32609,0.756216,0.57,2,2544364,2543892,472
196010301,41.9255,31.6178,499,32674,0.776486,0.67,2,2544412,2543913,499
196013221,35.3702,39.6471,485,32739,0.796594,0.73,2,2544443,2543958,485
196030741,39.4231,39.4659,461,33124,0.907903,0.79,2,2544676,2544215,461
196033661,71.5692,71.5864,461,33188,0.945161,0.75,2,2544769,2544308,461
196112501,32.5563,38.3306,500,34868,0.930496,1,2,2545880,2545380,500
196118341,29.569,22.3329,516,34990,0.927679,1,2,2545935,2545419,516
196121261,42.4276,26.9332,537,35050,0.941072,1,2,2545986,2545449,537
196144621,31.4289,39.3906,500,35530,0.436355,0.9,1,2546352,2545852,500
196147541,24.5715,32.5563,492,35589,0.420542,0.97,1,2546372,2545880,492
196150461,28.4286,27.4225,499,35648,0.426217,0.91,1,2546403,2545904,499
196153381,12.5714,29.569,470,35707,0.428487,0.95,1,2546405,2545935,470
196194261,50.7572,50.2514,445,36527,0.762024,0.53,2,2546961,2546516,445
196197181,37.1029,36.3006,446,36585,0.77881,0.51,2,2546989,2546543,446
196200101,65.2412,64.3202,447,36643,0.785524,0.53,2,2547073,2546626,447
196205941,34.1986,33.8112,448,36759,0.798884,0.53,2,2547139,2546691,448
196208861,32.8794,32.7245,448,36816,0.793554,0.59,2,2547171,2546723,448
196249741,31.9779,44.3155,486,37611,0.901727,0.91,2,2547709,2547223,486
196252661,24.7912,30.9262,484,37667,0.906691,0.89,2,2547729,2547245,484
196255581,30.3165,24.9705,497,37723,0.908676,0.87,2,2547763,2547266,497
196258501,13.3266,29.7882,466,37779,0.90947,0.87,2,2547765,2547299,466
196261421,37.7306,13.1153,518,37835,0.945788,0.87,2,2547819,2547301,518
196360701,35.3331,34.6474,486,39689,0.946,1,2,2549146,2548660,486
196375301,39.4799,54.7964,472,39954,0.918087,1,2,2549307,2548835,472
196451221,36.9672,27.3666,490,41305,0.759036,0.51,2,2550217,2549727,490
196459981,42.5659,35.1355,495,41458,0.767858,0.59,2,2550338,2549843,495
196462901,47.6264,41.0542,501,41509,0.793143,0.63,2,2550389,2549888,501
196477501,33.9936,34.3554,456,41764,0.903523,0.67,2,2550524,2550068,456
196483341,31.119,29.7369,459,41865,0.904164,0.75,2,2550580,2550121,459
196486261,26.8476,26.2947,459,41915,0.907665,0.75,2,2550604,2550145,459
196489181,28.139,27.9179,459,41965,0.921066,0.77,2,2550633,2550174,459
196492101,37.6556,36.9672,460,42015,0.938426,0.73,2,2550677,2550217,460
196495021,37.8622,38.7869,458,42065,0.921371,0.73,2,2550715,2550257,458
196655621,29.5605,32.3946,509,44740,0.934,1,2,2552563,2552054,509
196664381,28.0039,35.8413,496,44881,0.945376,1,2,2552658,2552162,496
196667301,46.0016,52.1365,491,44928,0.92415,1,2,2552716,2552225,491
196681901,34.1805,32.1179,494,45163,0.77513,1,2,2552868,2552374,494
196684821,31.6722,32.6472,491,45210,0.796052,1,2,2552898,2552407,491
196687741,29.4689,30.4589,490,45257,0.768421,1,2,2552926,2552436,490
196731541,28.5342,29.4689,460,45950,0.910332,0.75,2,2553386,2552926,460
196740301,25.7542,31.166,483,46088,0.911461,0.81,2,2553480,2552997,483
196760741,30.0325,36.9133,489,46409,0.905944,0.89,2,2553707,2553218,489
196763661,24.013,29.1653,485,46454,0.908378,0.89,2,2553727,2553242,485
196766581,27.6052,24.8661,493,46499,0.921351,0.87,2,2553757,2553264,493
196769501,34.4421,27.3465,503,46544,0.93854,0.91,2,2553796,2553293,503
196952001,76.5408,36.4491,535,23369,0.782315,0.55,2,2556012,2555477,535
196957841,64.8065,68.1118,508,23550,0.92077,0.61,2,2556141,2555633,508
196960761,74.5226,60.8447,533,23640,0.926308,0.67,2,2556222,2555689,533
197112601,56.3633,50.0519,497,27920,0.91,1,2,2559222,2558725,497
197121361,46.9513,47.2433,489,28147,0.7924,1,2,2559345,2558856,489
197135961,54.3425,27.2083,545,28521,0.401609,0.95,1,2559639,2559094,545
197141801,42.7748,54.1533,505,28669,0.279057,0.81,1,2559727,2559222,505
197144721,33.3099,45.0613,493,28743,0.237623,0.81,1,2559754,2559261,493
197147641,41.524,36.0245,510,28817,0.209049,0.77,1,2559801,2559291,510
197159321,34.663,59.1318,462,29109,0.214872,0.47,1,2560013,2559551,462
197162241,51.6652,36.8527,503,29182,0.271949,0.35,1,2560076,2559573,503
197171001,33.4746,42.7746,460,29399,0.417005,0.21,1,2560187,2559727,460
197173921,40.3898,33.3098,478,29471,0.412802,0.19,1,2560232,2559754,478
197176841,53.3559,41.5239,493,29543,0.423121,0.15,1,2560294,2559801,493
197232321,40.6085,40.5054,450,30875,0.759143,0.57,2,2561126,2560676,450
197235241,52.8434,52.8022,450,30944,0.777657,0.59,2,2561187,2560737,450
197238161,76.3374,75.7209,451,31012,0.797063,0.65,2,2561279,2560828,451
197241081,56.3349,55.4883,452,31080,0.792825,0.63,2,2561322,2560870,452
197267361,76.747,52.7027,551,31687,0.909251,0.81,2,2561738,2561187,551
197270281,57.6988,76.2811,504,31754,0.921701,0.79,2,2561783,2561279,504
197410441,33.4921,37.7983,504,34807,0.285025,1,1,2563890,2563386,504
197413361,41.5968,37.3193,514,34868,0.21601,1,1,2563937,2563423,514
197419201,31.8555,34.1711,503,34990,0.0885616,1,1,2563994,2563491,503
197422121,34.3422,34.6684,504,35050,0.0774246,0.96,1,2564030,2563526,504
197425041,49.7369,33.6674,531,35110,0.0489699,0.81,1,2564090,2563559,531
197427961,57.0948,56.067,522,35170,0.0855879,0.63,1,2564152,2563630,522
197430881,38.4379,65.0268,477,35230,0.0882352,0.53,1,2564178,2563701,477
197433801,52.5752,43.4107,510,35290,0.0892941,0.41,1,2564240,2563730,510
197439641,27.972,42.8257,457,35410,0.0826871,0.25,1,2564290,2563833,457
197454241,13.5844,31.8555,426,35707,0.204242,0.07,1,2564420,2563994,426
197457161,27.6337,34.3422,427,35766,0.207697,0.03,1,2564457,2564030,427
197460081,45.8535,49.7369,425,35825,0.245079,0.11,1,2564515,2564090,425
197463001,57.3414,57.0948,428,35884,0.260031,0.09,1,2564580,2564152,428
197465921,38.5366,38.4379,428,35943,0.266013,0.09,1,2564606,2564178,428
197468841,51.4146,52.5752,426,36002,0.292405,0.11,1,2564666,2564240,426
197471761,38.5658,38.4301,427,36061,0.278962,0.07,1,2564696,2564269,427
197495121,45.9548,45.8535,433,36527,0.421571,0.27,1,2564948,2564515,433
197498041,58.5819,57.3414,435,36585,0.438628,0.27,1,2565015,2564580,435
197500961,39.0328,38.5366,435,36643,0.433451,0.31,1,2565041,2564606,435
197571041,40.4087,59.6035,480,38003,0.770073,0.67,2,2565937,2565457,480
197591481,35.9406,29.8173,494,38390,0.917069,0.71,2,2566197,2565703,494
197594401,15.5762,34.7269,458,38445,0.924828,0.71,2,2566199,2565741,458
197597321,28.4305,15.0908,493,38500,0.927931,0.73,2,2566236,2565743,493
197769601,28.6366,31.1211,504,41611,0.427132,1,1,2568420,2567916,504
197772521,21.6547,28.0484,495,41662,0.404853,0.95,1,2568437,2567942,495
197775441,20.0619,28.6194,485,41713,0.407941,1,1,2568456,2567971,485
197778361,40.4247,46.2478,481,41764,0.421176,1,1,2568510,2568029,481
197781281,29.3699,33.4991,478,41815,0.426471,0.83,1,2568532,2568054,478
197784201,30.348,36.1996,471,41865,0.416588,0.87,1,2568563,2568092,471
197787121,29.5392,37.8799,461,41915,0.400635,0.75,1,2568592,2568131,461
197790041,23.2157,27.7519,459,41965,0.406254,0.71,1,2568611,2568152,459
197848441,30.9904,29.6844,448,42959,0.758858,0.53,2,2569283,2568835,448
197851361,27.9962,28.6738,446,43008,0.765543,0.53,2,2569309,2568863,446
197854281,21.9985,11.4695,464,43057,0.768217,0.53,2,2569327,2568863,464
197857201,20.7994,13.5878,469,43106,0.757287,0.59,2,2569347,2568878,469
197860121,40.7198,16.8351,504,43155,0.788915,0.63,2,2569401,2568897,504
197898081,20.6341,21.9984,478,43787,0.901144,0.75,2,2569805,2569327,478
197909761,29.429,31.5952,490,43979,0.926285,0.85,2,2569946,2569456,490
197912681,24.9716,28.2381,486,44027,0.940514,0.85,2,2569968,2569482,486
197915601,30.3886,25.0952,497,44075,0.946206,0.85,2,2570002,2569505,497
197918521,54.7555,30.4381,534,44123,0.948482,0.81,2,2570073,2569539,534
197921441,41.1022,55.9752,493,44171,0.949393,0.81,2,2570105,2569612,493
198064521,32.2053,35.4836,504,46454,0.932894,1,2,2571672,2571168,504
198070361,31.9128,26.3174,516,46544,0.798463,1,2,2571737,2571221,516
198073281,33.1651,21.927,531,46589,0.757385,1,2,2571771,2571240,531
198090801,28.8598,34.6481,507,46859,0.436625,1,1,2571930,2571423,507
198099561,38.711,36.0815,518,46994,0.239384,0.94,1,2572044,2571526,518
198111241,29.3206,32.2053,494,47174,0.0750082,0.83,1,2572166,2571672,494
198114161,27.9282,33.2821,487,47219,0.0960033,0.75,1,2572193,2571706,487
198140441,32.3844,34.9439,438,47619,0.218143,0.29,1,2572407,2571969,438
198143361,32.7538,33.7776,438,47663,0.225257,0.19,1,2572440,2572002,438
198146281,33.5015,38.711,430,47707,0.240103,0.05,1,2572474,2572044,430
198149201,31.4006,35.8844,426,47751,0.258041,0.11,1,2572504,2572078,426
198155041,27.5841,28.3015,426,47839,0.294487,0.05,1,2572562,2572136,426
198187161,33.8176,32.3844,432,48323,0.410669,0.23,1,2572839,2572407,432
198190081,32.727,32.7538,431,48367,0.434267,0.25,1,2572871,2572440,431
198193001,34.6908,33.5015,433,48411,0.431707,0.27,1,2572907,2572474,433
198195921,33.0763,31.4006,435,48455,0.430683,0.33,1,2572939,2572504,435
198277681,28.2759,30.0955,474,49657,0.76115,0.53,2,2573688,2573214,474
198280601,35.9104,27.6382,489,49699,0.77846,0.57,2,2573729,2573240,489
198318561,28.3306,19.1861,491,50245,0.91038,0.71,2,2574087,2573596,491
198321481,31.1323,27.4745,491,50287,0.934152,0.77,2,2574120,2573629,491
198324401,13.6529,30.1898,461,50329,0.943661,0.77,2,2574122,2573661,461
198552161,375.558,429.303,429,23360,0.2452,0.17,1,2576613,2576184,429
198558001,86.4892,79.4885,464,24266,0.098032,0.17,1,2576672,2576208,464
198560921,66.9957,64.7954,463,24353,0.0572128,0.03,1,2576726,2576263,463
198563841,75.3983,82.3182,450,24440,0.0528851,0.03,1,2576807,2576357,450
198566761,62.5593,65.3273,450,24527,0.051154,0.07,1,2576861,2576411,450
198575521,60.6438,70.6609,433,24785,0.232474,0.07,1,2577037,2576604,433
198578441,39.8575,48.6644,425,24871,0.29099,0.07,1,2577063,2576638,425
198595961,56.5552,55.1321,430,25378,0.270197,0.29,1,2577403,2576973,430
198613481,58.0882,65.2414,487,25874,0.406966,0.31,1,2577717,2577230,487
198619321,57.1741,63.2386,486,26038,0.411915,0.25,1,2577837,2577351,486
198625161,42.7479,63.3982,464,26200,0.405506,0.33,1,2577935,2577471,464
198671881,65.9154,64.5699,454,27465,0.775187,0.61,2,2578801,2578347,454
198674801,43.1661,43.8279,452,27542,0.796075,0.61,2,2578829,2578377,452
198686481,66.0299,64.0068,456,27848,0.936844,0.67,2,2579004,2578548,456
198797441,50.7721,47.7346,489,30603,0.76911,1,2,2580944,2580455,489
198806201,66.5614,61.519,496,30810,0.278903,1,1,2581113,2580617,496
198812041,45.2098,45.243,485,30948,0.0746245,0.94,1,2581203,2580718,485
198814961,31.2839,33.0972,482,31016,0.0478498,0.98,1,2581225,2580743,482
198817881,25.7136,26.4389,482,31084,0.0491399,1,1,2581247,2580765,482
198820801,31.2854,37.5756,472,31152,0.097656,0.77,1,2581282,2580810,472
198823721,67.7142,74.4302,465,31220,0.0690624,0.71,1,2581374,2580909,465
198826641,45.6857,50.7721,461,31288,0.045625,0.71,1,2581405,2580944,461
198829561,30.2743,20.3088,481,31356,0.06025,0.63,1,2581425,2580944,481
198832481,48.1097,24.3235,514,31423,0.0661,0.43,1,2581485,2580971,514
198835401,49.2439,50.5294,496,31490,0.06844,0.11,1,2581535,2581039,496
198838321,53.2976,64.6118,478,31557,0.033376,0.05,1,2581591,2581113,478
198841241,41.119,58.2447,457,31624,0.0553504,0.03,1,2581624,2581167,457
198844161,29.6476,44.8979,443,31691,0.0521402,0.03,1,2581646,2581203,443
198847081,25.059,31.1592,443,31758,0.0388561,0.05,1,2581668,2581225,443
198850001,33.4236,25.6637,460,31825,0.0335424,0.13,1,2581707,2581247,460
198852921,66.1694,31.2655,513,31891,0.055417,0.05,1,2581795,2581282,513
198855841,45.6678,67.7062,453,31957,0.0641668,0.03,1,2581827,2581374,453
198858761,29.6671,45.6825,441,32023,0.0556667,0.07,1,2581846,2581405,441
198861681,49.0668,30.273,483,32089,0.0522667,0.07,1,2581908,2581425,483
198864601,49.6267,48.1092,473,32155,0.0749067,0.07,1,2581958,2581485,473
198867521,53.4507,49.2437,479,32221,0.0359627,0.01,1,2582014,2581535,479
198870441,40.5803,53.2975,455,32287,0.0563851,0.07,1,2582046,2581591,455
198879201,33.0291,25.059,461,32483,0.0504086,0.03,1,2582129,2581668,461
198882121,67.8117,33.4236,513,32548,0.0261635,0.07,1,2582220,2581707,513
198885041,45.7247,66.1694,456,32613,0.0404654,0.07,1,2582251,2581795,456
198887961,30.8899,45.6678,445,32678,0.0581862,0.05,1,2582272,2581827,445
198890881,48.3559,29.6671,486,32743,0.0772745,0.05,1,2582332,2581846,486
198893801,20.5424,49.0668,426,32808,0.0849098,0.09,1,2582334,2581908,426
198911321,30.7254,33.0291,422,33192,0.0867574,0.01,1,2582551,2582129,422
198914241,67.4902,67.8117,423,33256,0.076703,0.05,1,2582643,2582220,423
198917161,46.1961,45.7247,424,33320,0.0846812,0.07,1,2582675,2582251,424
198920081,31.6784,30.8899,425,33383,0.0638725,0.09,1,2582697,2582272,425
198934681,39.3541,39.8347,426,33698,0.215473,0.11,1,2582898,2582472,426
198937601,27.7417,28.5339,425,33761,0.248189,0.11,1,2582918,2582493,425
198940521,25.4967,25.8136,425,33824,0.237276,0.07,1,2582942,2582517,425
198943441,29.3987,30.7254,423,33887,0.23291,0.07,1,2582974,2582551,423
198955121,51.6134,49.2714,429,34135,0.405466,0.17,1,2583187,2582758,429
198958041,21.8454,20.9085,429,34197,0.408187,0.23,1,2583189,2582760,429
198960961,40.5381,38.9634,431,34259,0.409275,0.23,1,2583242,2582811,431
198963881,47.4153,15.5854,483,34321,0.42171,0.19,1,2583294,2582811,483
198966801,40.5661,38.0341,466,34383,0.438684,0.23,1,2583330,2582864,466
198969721,28.2264,35.6137,452,34444,0.445474,0.27,1,2583350,2582898,452
199025201,41.9717,21.9537,502,35592,0.759198,0.51,2,2584130,2583628,502
199028121,49.1887,41.7815,501,35651,0.777679,0.55,2,2584184,2583683,501
199031041,20.8755,48.5126,450,35710,0.797072,0.55,2,2584186,2583736,450
199042721,29.0752,29.7827,450,35946,0.796517,0.69,2,2584300,2583850,450
199063161,51.4314,49.1887,462,36356,0.914042,0.81,2,2584646,2584184,462
199066081,21.7725,20.8755,462,36414,0.947617,0.83,2,2584648,2584186,462
199069001,30.309,30.5502,461,36472,0.949047,0.79,2,2584684,2584223,461
199226681,45.5455,57.3442,499,39480,0.903616,1,2,2586781,2586282,499
199235441,51.9229,48.286,493,39639,0.759831,1,2,2586918,2586425,493
199264641,38.1226,24.7855,523,40169,0.408957,0.84,1,2587249,2586726,523
199285081,34.7418,38.6163,485,40534,0.289297,0.73,1,2587521,2587036,485
199288001,34.8967,34.6465,488,40586,0.277719,0.61,1,2587556,2587068,488
199290921,24.7587,36.6586,468,40638,0.273088,0.59,1,2587574,2587106,468
199293841,18.3035,26.6634,462,40690,0.247235,0.57,1,2587588,2587126,462
199296761,26.5214,19.6654,479,40742,0.272894,0.53,1,2587620,2587141,479
199299681,26.8086,28.2662,472,40794,0.259158,0.41,1,2587647,2587175,472
199302601,35.9234,29.3065,484,40846,0.289663,0.37,1,2587689,2587205,484
199305521,37.7694,38.1226,479,40898,0.289865,0.37,1,2587728,2587249,479
199323041,33.32,37.3544,466,41206,0.434026,0.27,1,2587954,2587488,466
199325961,34.928,34.7418,469,41257,0.431611,0.27,1,2587990,2587521,469
199396041,38.9673,39.5553,448,42468,0.771861,0.55,2,2588736,2588288,448
199398961,41.9869,41.6221,449,42518,0.782744,0.59,2,2588780,2588331,449
199401881,37.1948,37.0488,449,42568,0.799098,0.55,2,2588814,2588365,449
199404801,34.0779,34.0195,449,42618,0.781639,0.57,2,2588846,2588397,449
199422321,40.1687,39.2743,454,42913,0.919236,0.69,2,2589029,2588575,454
199425241,17.2675,16.9097,454,42962,0.937694,0.67,2,2589031,2588577,454
199428161,29.707,28.3639,456,43011,0.921078,0.67,2,2589069,2588613,456
199431081,34.6828,11.3456,494,43060,0.902431,0.73,2,2589107,2588613,494
199436921,39.3892,40.6953,494,43158,0.915989,0.79,2,2589194,2588700,494
199439841,42.7557,37.8781,503,43207,0.948396,0.79,2,2589239,2588736,503
199765421,85.0688,91.3612,487,22189,0.092752,0.63,1,2592970,2592483,487
199768341,76.6275,82.7445,481,22285,0.0551008,0.49,1,2593041,2592560,481
199771261,63.051,73.2978,468,22380,0.0520403,0.35,1,2593095,2592627,468
199774181,59.4204,72.5191,453,22475,0.0268161,0.25,1,2593152,2592699,453
199777101,35.7682,48.8076,440,22569,0.0647264,0.33,1,2593172,2592732,440
199785861,66.7772,66.7957,489,22850,0.211262,0.05,1,2593393,2592904,489
199788781,69.3109,66.3183,494,22943,0.222505,0.03,1,2593464,2592970,494
199791701,60.1243,69.1273,477,23035,0.251002,0.05,1,2593518,2593041,477
199794621,58.2497,60.0509,480,23127,0.226401,0.01,1,2593575,2593095,480
199797541,37.0999,58.2204,446,23219,0.22856,0.09,1,2593598,2593152,446
199800461,69.44,35.2881,517,23310,0.265424,0.17,1,2593689,2593172,517
199803381,67.976,66.9153,496,23401,0.25617,0.17,1,2593756,2593260,496
199815061,56.9594,60.1194,488,23762,0.40107,0.21,1,2594006,2593518,488
199820901,71.6335,37.0991,526,23940,0.427771,0.29,1,2594124,2593598,526
199823821,29.8534,69.4396,437,24029,0.441108,0.25,1,2594126,2593689,437
199861781,58.3001,57.2644,448,25152,0.758221,0.55,2,2594896,2594448,448
199864701,38.32,37.3058,449,25236,0.777288,0.59,2,2594921,2594472,449
199867621,74.128,72.5223,451,25320,0.796915,0.63,2,2595019,2594568,451
199882221,64.6634,66.1061,515,25736,0.914506,0.73,2,2595298,2594783,515
199885141,60.6654,61.2425,515,25818,0.947802,0.79,2,2595356,2594841,515
199993181,74.5984,41.6642,571,28698,0.773949,1,2,2597392,2596821,571
200001941,64.8223,41.2825,555,28919,0.759693,1,2,2597542,2596987,555
200004861,43.9289,65.713,503,28992,0.777877,0.95,2,2597572,2597069,503
200019461,71.533,39.4953,553,29355,0.918938,0.75,2,2597847,2597294,553
200022381,47.8132,74.5981,487,29427,0.925575,0.71,2,2597879,2597392,487
200025301,43.1253,49.6392,494,29499,0.94023,0.75,2,2597919,2597425,494
200200501,30.2842,31.224,451,33531,0.769023,0.61,2,2600668,2600217,451
200203421,30.7137,27.4896,457,33594,0.781609,0.69,2,2600699,2600242,457
200218021,50.9545,51.6645,454,33908,0.915713,0.71,2,2600946,2600492,454
200220941,45.5818,44.6658,456,33970,0.912285,0.71,2,2600988,2600532,456
200223861,29.0327,28.0663,457,34032,0.910914,0.73,2,2601006,2600549,457
200226781,30.8131,31.0265,456,34094,0.910366,0.75,2,2601038,2600582,456
200448701,44.1219,36.1147,527,38520,0.94,1,2,2604173,2603646,527
200451621,38.6488,37.2459,524,38575,0.934,1,2,2604208,2603684,524
200457461,30.6638,30.5593,525,38685,0.76744,1,2,2604268,2603743,525
200466221,33.2825,40.3078,490,38849,0.420396,1,1,2604382,2603892,490
200469141,34.913,34.7231,495,38903,0.438158,1,1,2604418,2603923,495
200477901,43.3944,47.0303,481,39065,0.245242,1,1,2604537,2604056,481
200480821,36.5578,38.0121,481,39119,0.224097,1,1,2604569,2604088,481
200507101,31.8934,34.913,440,39603,0.229945,0.35,1,2604858,2604418,440
200510021,31.9573,34.9652,437,39656,0.205978,0.29,1,2604890,2604453,437
200512941,33.1829,34.9861,436,39709,0.220391,0.19,1,2604924,2604488,436
200515861,39.0732,43.3944,430,39762,0.238157,0.21,1,2604967,2604537,430
200518781,35.4293,36.5578,431,39815,0.257263,0.15,1,2605000,2604569,431
200521701,32.7717,34.4231,429,39868,0.228905,0.19,1,2605031,2604602,429
200524621,37.1087,37.7692,429,39921,0.229562,0.17,1,2605071,2604642,429
200527541,34.6435,36.1077,427,39974,0.253825,0.11,1,2605104,2604677,427
200530461,27.6574,28.2431,427,40027,0.28753,0.17,1,2605127,2604700,427
200547981,30.7371,31.4802,460,40343,0.411292,0.19,1,2605318,2604858,460
200550901,35.0948,31.7921,466,40395,0.446517,0.23,1,2605356,2604890,466
200618061,14.9885,34.5277,451,41580,0.760182,0.61,2,2606116,2605665,451
200620981,23.3954,30.6111,452,41631,0.778073,0.61,2,2606145,2605693,452
200664781,31.6315,30.9582,461,42385,0.918919,0.85,2,2606642,2606181,461
200816621,40.6038,33.1187,505,44899,0.913681,1,2,2608410,2607905,505
200828301,31.8987,28.4142,497,45087,0.784334,1,2,2608530,2608033,497
200831221,33.7595,28.7657,503,45134,0.799734,1,2,2608565,2608062,503
200863341,33.7742,36.0415,462,45645,0.761799,0.79,2,2608905,2608443,462
200866261,24.3097,27.6166,458,45691,0.77872,0.65,2,2608923,2608465,458
200869181,29.5239,30.2466,459,45737,0.773488,0.83,2,2608956,2608497,459
200872101,32.8095,31.8987,461,45783,0.795395,0.81,2,2608991,2608530,461
200875021,34.1238,33.7595,461,45829,0.768158,0.71,2,2609026,2608565,461
200877941,27.4495,29.7038,457,45875,0.781263,0.71,2,2609049,2608592,457
200889621,30.6163,30.6548,483,46059,0.903248,0.73,2,2609162,2608679,483
200892541,26.0465,30.2619,476,46105,0.931299,0.69,2,2609185,2608709,476
200895461,35.0186,25.3048,495,46151,0.91852,0.71,2,2609226,2608731,495
200898381,34.4074,32.9219,491,46197,0.925408,0.75,2,2609260,2608769,491
200901301,29.963,34.1688,483,46243,0.916163,0.71,2,2609287,2608804,483
200904221,38.9852,28.0675,504,46289,0.936465,0.77,2,2609332,2608828,504
200907141,35.3941,39.427,490,46335,0.944586,0.77,2,2609365,2608875,490
201053141,32.3869,35.0041,499,48557,0.946,1,2,2610903,2610404,499
201094021,35.6594,41.3556,516,49159,0.41783,1,1,2611323,2610807,516
201143661,31.3718,35.6594,470,49883,0.401591,0.35,1,2611793,2611323,470
201149501,24.9395,28.7455,460,49967,0.411055,0.29,1,2611840,2611380,460
201152421,24.3758,25.8982,460,50009,0.446422,0.29,1,2611864,2611404,460
201155341,28.3503,22.3593,471,50051,0.448569,0.33,1,2611895,2611424,471
201204981,28.674,28.3503,444,50765,0.761836,0.47,2,2612339,2611895,444
201207901,27.6696,26.9401,445,50806,0.766735,0.51,2,2612366,2611921,445
201210821,24.2678,22.7761,447,50847,0.792694,0.51,2,2612388,2611941,447
201245861,27.3279,26.5308,456,51339,0.929502,0.71,2,2612712,2612256,456
201248781,26.5312,26.2123,456,51380,0.941801,0.73,2,2612738,2612282,456
201251701,28.6125,26.6849,459,51421,0.94672,0.79,2,2612768,2612309,459
201263381,30.2525,28.9071,462,51585,0.948284,0.81,2,2612882,2612420,462
201532021,89.1752,102.612,436,25550,0.07528,0.17,1,2615674,2615238,436
201534941,58.4701,53.0448,454,25633,0.072112,0.21,1,2615712,2615258,454
201537861,34.188,41.6179,438,25716,0.0708448,0.09,1,2615730,2615292,438
201540781,29.2752,31.0472,440,25798,0.0703379,0.09,1,2615756,2615316,440
201543701,39.9101,32.2189,454,25880,0.0461352,0.07,1,2615803,2615349,454
201546621,65.764,57.8875,462,25962,0.0604541,0.03,1,2615886,2615424,462
201549541,62.9056,63.355,456,26044,0.0421816,0.01,1,2615947,2615491,456
201552461,51.5622,55.942,449,26125,0.0348727,0.07,1,2615991,2615542,449
201555381,62.0249,62.5768,451,26206,0.0679491,0.05,1,2616060,2615609,451
201572901,62.8071,65.5066,483,26688,0.205816,0.03,1,2616369,2615886,483
201590421,28.7399,29.9845,431,27160,0.202787,0.15,1,2616609,2616178,431
201593341,39.096,40.7938,429,27238,0.243115,0.23,1,2616655,2616226,429
201596261,67.2384,65.5175,433,27316,0.271246,0.21,1,2616741,2616308,433
201610861,57.2997,57.3743,430,27702,0.411862,0.19,1,2616995,2616565,430
201613781,34.3199,34.3497,430,27778,0.446745,0.21,1,2617014,2616584,430
201616701,29.928,28.7399,432,27854,0.436698,0.27,1,2617041,2616609,432
201672181,41.7308,30.1547,494,29265,0.757781,0.49,2,2617978,2617484,494
201683861,67.1307,53.1592,528,29553,0.944887,0.69,2,2618258,2617730,528
201829861,42.5637,49.6152,477,32942,0.759716,1,2,2620535,2620058,477
201911621,26.5401,31.0659,476,34694,0.773686,0.69,2,2621713,2621237,476
201914541,19.016,26.2264,467,34755,0.783474,0.69,2,2621727,2621260,467
201917461,30.4064,18.8905,491,34816,0.78739,0.69,2,2621765,2621274,491
201934981,56.8277,54.9732,513,35179,0.941658,0.71,2,2622089,2621576,513
202066381,34.7241,42.5695,508,37787,0.921926,1,2,2623828,2623320,508
202069301,43.2897,30.8278,534,37843,0.92677,1,2,2623877,2623343,534
202078061,42.8985,52.253,510,38011,0.782433,1,2,2624016,2623506,510
202098501,37.9202,41.5259,508,38397,0.43152,1,1,2624267,2623759,508
202101421,35.5681,38.8103,505,38452,0.430608,0.87,1,2624301,2623796,505
202110181,47.6124,43.1159,518,38617,0.252439,0.79,1,2624438,2623920,518
202113101,20.2449,53.2463,460,38672,0.202976,0.75,1,2624440,2623980,460
202133541,33.6852,34.8006,448,39052,0.235969,0.37,1,2624675,2624227,448
202136461,34.4741,37.9202,443,39106,0.232388,0.43,1,2624710,2624267,443
202139381,32.3896,35.5681,440,39160,0.290955,0.33,1,2624741,2624301,440
202162741,32.5347,33.2063,427,39590,0.412314,0.19,1,2625002,2624575,427
202165661,32.2139,31.2825,429,39643,0.446926,0.19,1,2625034,2624605,429
202168581,36.2856,34.713,431,39696,0.40077,0.27,1,2625073,2624642,431
202171501,35.5142,33.6852,433,39749,0.430308,0.23,1,2625108,2624675,433
202183181,39.242,38.4223,437,39961,0.428184,0.33,1,2625258,2624821,437
202186101,43.8968,42.9689,438,40014,0.429274,0.37,1,2625305,2624867,438
202189021,18.7587,18.3876,438,40067,0.429709,0.37,1,2625307,2624869,438
202191941,27.9035,7.35503,472,40120,0.429884,0.37,1,2625341,2624869,472
202241581,34.9981,33.6578,480,41006,0.796655,0.51,2,2625922,2625442,480
202276621,27.1467,34.238,459,41618,0.914018,0.75,2,2626312,2625853,459
202514601,87.5627,87.8076,452,21455,0.754365,0.59,2,2629559,2629107,452
202517521,59.0251,59.723,451,21554,0.763746,0.63,2,2629599,2629148,451
202520441,33.21,33.4892,451,21652,0.779498,0.57,2,2629615,2629164,451
202529201,64.1414,63.4633,453,21945,0.948688,0.69,2,2629805,2629352,453
202608041,36.0075,47.056,486,24418,0.94,1,2,2631559,2631073,486
202660601,75.6093,39.9841,571,25935,0.939846,1,2,2632666,2632095,571
202681041,40.9846,36.0576,519,26501,0.293025,1,1,2633041,2632522,519
202683961,76.9939,42.023,574,26581,0.20721,0.9,1,2633142,2632568,574
202689801,60.799,113.044,492,26740,0.0799536,0.79,1,2633296,2632804,492
202692721,48.9196,66.2175,498,26819,0.0619814,0.55,1,2633337,2632839,498
202695641,39.3678,57.087,480,26898,0.0907926,0.51,1,2633370,2632890,480
202713161,98.7233,103.998,425,27368,0.212853,0.05,1,2633689,2633264,425
202716081,57.4893,60.799,423,27445,0.271141,0.05,1,2633719,2633296,423
202719001,48.1957,48.9196,424,27522,0.270456,0.11,1,2633761,2633337,424
202736521,70.7021,69.8082,430,27981,0.403196,0.25,1,2634001,2633571,430
202739441,101.481,98.7233,434,28057,0.419278,0.31,1,2634123,2633689,434
202742361,59.1923,57.4893,435,28132,0.437711,0.27,1,2634154,2633719,435
202745281,48.8769,48.1957,435,28207,0.433085,0.33,1,2634196,2633761,435
202748201,41.7508,40.8783,436,28282,0.419234,0.33,1,2634233,2633797,436
202751121,17.9003,17.5513,436,28357,0.437694,0.33,1,2634235,2633799,436
202754041,27.5601,7.02053,470,28432,0.421077,0.33,1,2634269,2633799,470
202756961,34.4241,22.0082,477,28506,0.426431,0.37,1,2634308,2633831,477
202759881,37.1696,32.2033,477,28580,0.416572,0.37,1,2634347,2633870,477
202762801,71.8679,35.0813,535,28654,0.424629,0.43,1,2634442,2633907,535
202794921,61.4126,101.347,480,29457,0.795792,0.55,2,2635043,2634563,480
202938001,33.1756,57.8874,494,32794,0.9292,1,2,2637231,2636737,494
202952601,40.436,37.6651,497,33114,0.276078,1,1,2637529,2637032,497
202955521,31.1744,31.866,494,33178,0.236431,1,1,2637554,2637060,494
202970121,25.5,33.1756,468,33496,0.0918643,0.57,1,2637699,2637231,468
202973041,89.4,101.47,453,33559,0.0787457,0.47,1,2637831,2637378,453
202975961,54.36,62.1881,448,33622,0.0734983,0.41,1,2637862,2637414,448
203028521,27.8863,33.5914,452,34737,0.240766,0.17,1,2638496,2638044,452
203031441,35.1545,27.2365,469,34798,0.270306,0.17,1,2638536,2638067,469
203034361,22.4618,34.8946,443,34859,0.282123,0.19,1,2638550,2638107,443
203057721,37.2492,23.5394,476,35341,0.425229,0.23,1,2638906,2638430,476
203107361,55.5748,54.6205,450,36345,0.776451,0.57,2,2639602,2639152,450
203110281,23.4299,23.0482,450,36403,0.796581,0.61,2,2639604,2639154,450
203127801,39.7693,39.4164,453,36751,0.900404,0.65,2,2639804,2639351,453
203139481,94.2245,90.9371,460,36980,0.905146,0.81,2,2640030,2639570,460
203142401,58.0898,55.5748,462,37037,0.908059,0.81,2,2640064,2639602,462
203145321,24.4359,23.4299,462,37094,0.945223,0.83,2,2640066,2639604,462
203148241,25.9744,24.972,463,37151,0.924089,0.83,2,2640093,2639630,463
203151161,37.9897,9.98879,509,37208,0.915636,0.91,2,2640139,2639630,509
203154081,36.7959,30.9955,500,37265,0.924254,0.91,2,2640175,2639675,500
203157001,26.7184,33.9982,484,37322,0.927702,0.87,2,2640195,2639711,484
203159921,25.0873,25.5993,488,37379,0.929081,0.89,2,2640219,2639731,488
203162841,39.4349,24.0397,514,37436,0.929632,0.91,2,2640268,2639754,514
203165761,31.974,39.6159,491,37492,0.917853,0.89,2,2640295,2639804,491
203168681,38.5896,31.4464,508,37548,0.913141,0.87,2,2640338,2639830,508
203171601,25.6358,38.3785,482,37604,0.947256,0.91,2,2640355,2639873,482
203297161,35.4319,29.8237,510,39948,0.946,1,2,2642086,2641576,510
203303001,33.0291,30.4518,508,40054,0.94936,1,2,2642149,2641641,508
203305921,28.2116,28.3807,506,40107,0.907744,1,2,2642174,2641668,506
203311761,18.3139,16.5409,527,40213,0.792039,1,2,2642215,2641688,527
203326361,59.5251,86.4897,521,40474,0.283928,1,1,2642456,2641935,521
203329281,42.4101,61.5959,507,40526,0.215571,1,1,2642487,2641980,507
203332201,42.764,47.4384,512,40578,0.260229,1,1,2642530,2642018,512
203335121,35.7056,40.5753,507,40630,0.242091,0.91,1,2642561,2642054,507
203338041,28.6822,35.4301,499,40682,0.210837,1,1,2642585,2642086,499
203340961,29.4729,31.5721,500,40734,0.222335,0.93,1,2642615,2642115,500
203343881,24.9892,33.0288,488,40786,0.202934,0.88,1,2642637,2642149,488
203346801,24.9957,28.2115,488,40838,0.207174,0.77,1,2642662,2642174,488
203349721,14.7983,29.2846,466,40890,0.208869,0.77,1,2642670,2642204,466
203352641,17.3193,18.3138,474,40942,0.233548,0.61,1,2642689,2642215,474
203355561,26.1277,19.3255,486,40994,0.219419,0.57,1,2642721,2642235,486
203358481,26.6511,29.3302,477,41045,0.201768,0.51,1,2642748,2642271,477
203361401,66.4604,31.5321,537,41096,0.206707,0.29,1,2642841,2642304,537
203364321,55.3842,73.8128,483,41147,0.220683,0.21,1,2642889,2642406,483
203367241,41.9537,59.5251,466,41198,0.262273,0.17,1,2642922,2642456,466
203399361,25.8955,26.6511,431,41759,0.413896,0.21,1,2643179,2642748,431
203402281,67.9582,66.4604,434,41810,0.435558,0.23,1,2643275,2642841,434
203405201,56.5833,55.3842,435,41860,0.432223,0.29,1,2643324,2642889,435
203408121,43.6333,41.9537,437,41910,0.442889,0.33,1,2643359,2642922,437
203411041,40.8533,39.5815,438,41960,0.447156,0.35,1,2643398,2642960,438
203475281,13.4805,3.79477,468,43052,0.759991,0.63,2,2644012,2643544,468
203478201,25.7922,11.1179,486,43101,0.789996,0.63,2,2644046,2643560,486
203495721,39.9979,42.5386,490,43395,0.906801,0.67,2,2644333,2643843,490
203498641,32.1991,38.6154,481,43444,0.920721,0.71,2,2644360,2643879,481
203501561,30.2797,31.6462,483,43493,0.926288,0.69,2,2644389,2643906,483
203504481,26.5119,29.4585,479,43542,0.928515,0.71,2,2644413,2643934,479
203700121,132.907,139.565,501,21370,0.27448,1,1,2646695,2646194,501
203726401,69.3692,69.4888,426,22247,0.0733239,0.15,1,2647261,2646835,426
203729321,81.1477,79.9955,428,22342,0.0593295,0.09,1,2647350,2646922,428
203732241,49.8591,50.5982,426,22437,0.0657318,0.17,1,2647379,2646953,426
203735161,31.9436,31.0393,428,22532,0.0922927,0.17,1,2647399,2646971,428
203738081,41.5775,12.4157,476,22626,0.0549171,0.13,1,2647447,2646971,476
203761441,80.8279,41.565,531,23365,0.265254,0.15,1,2647978,2647447,531
203770201,81.325,66.0682,519,23636,0.297056,0.15,1,2648202,2647683,519
203773121,50.53,81.0273,458,23726,0.292823,0.17,1,2648232,2647774,458
203793561,80.8349,81.325,436,24344,0.413398,0.29,1,2648638,2648202,436
203796481,50.934,50.53,437,24431,0.423359,0.31,1,2648669,2648232,437
203825681,45.7102,43.6694,448,25285,0.785529,0.53,2,2649190,2648742,448
203837361,64.991,55.0507,512,25619,0.913822,0.67,2,2649439,2648927,512
203846121,37.7354,52.0512,483,25866,0.903525,0.73,2,2649596,2649113,483
203849041,48.6942,35.8205,514,25948,0.91941,0.83,2,2649652,2649138,514
203851961,20.6777,45.5282,464,26030,0.925764,0.83,2,2649654,2649190,464
203968761,44.2986,50.9522,515,29105,0.220885,1,1,2651902,2651387,515
203974601,38.7678,39.5924,510,29251,0.0605416,1,1,2651977,2651467,510
203977521,36.5071,33.8369,515,29323,0.0662166,1,1,2652012,2651497,515
203980441,44.6028,43.5348,515,29395,0.0564867,0.93,1,2652062,2651547,515
203983361,60.4411,43.8139,542,29467,0.0285947,0.97,1,2652133,2651591,542
203986281,63.1765,66.7256,525,29539,0.0294379,0.59,1,2652198,2651673,525
203989201,55.8706,75.2902,495,29611,0.0417751,0.37,1,2652249,2651754,495
203992121,49.9482,63.1161,486,29682,0.0467101,0.25,1,2652295,2651809,486
203995041,39.7793,61.2464,459,29753,0.084684,0.13,1,2652328,2651869,459
203997961,35.1117,44.2986,458,29824,0.0638736,0.03,1,2652360,2651902,458
204000881,15.2447,39.9194,423,29895,0.0555494,0.03,1,2652362,2651939,423
204003801,28.2979,38.7678,422,29966,0.0282198,0.07,1,2652399,2651977,422
204006721,34.7192,36.5071,426,30037,0.0292879,0.05,1,2652438,2652012,426
204009641,43.8877,44.6028,426,30107,0.0177152,0.01,1,2652488,2652062,426
204012561,58.3551,60.4411,423,30177,0.0250861,0.03,1,2652556,2652133,423
204015481,62.942,63.1765,424,30247,0.0280344,0.05,1,2652622,2652198,424
204018401,55.1768,55.8706,423,30317,0.0412138,0.05,1,2652672,2652249,423
204021321,50.2707,49.9482,424,30387,0.0584855,0.11,1,2652719,2652295,424
204024241,40.5083,39.7793,425,30457,0.0773942,0.05,1,2652753,2652328,425
204027161,33.6033,35.1117,422,30526,0.0609577,0.05,1,2652782,2652360,422
204030081,14.6413,15.2447,422,30595,0.0663831,0.01,1,2652784,2652362,422
204033001,28.0565,28.2979,422,30664,0.0445532,0.03,1,2652821,2652399,422
204035921,34.6226,34.7192,422,30733,0.0238213,0.01,1,2652860,2652438,422
204038841,43.849,43.8877,422,30802,0.0275285,0.03,1,2652910,2652488,422
204041761,58.3396,58.3551,422,30871,0.0290114,0.03,1,2652978,2652556,422
204044681,63.5358,62.942,423,30940,0.0176046,0.05,1,2653045,2652622,423
204047601,54.8143,55.1768,422,31008,0.0250418,0.07,1,2653094,2652672,422
204050521,50.7257,50.2707,423,31076,0.0760167,0.09,1,2653142,2652719,423
204053441,41.8903,40.5083,425,31144,0.0964067,0.05,1,2653178,2652753,425
204065121,34.1012,24.5426,460,31415,0.073652,0.01,1,2653281,2652821,460
204068041,44.2405,33.217,472,31482,0.0594608,0.03,1,2653332,2652860,472
204070961,57.8962,43.2868,489,31549,0.0297843,0.03,1,2653399,2652910,489
204073881,63.3585,58.1147,488,31616,0.0539137,0.01,1,2653466,2652978,488
204085561,33.734,41.8845,453,31883,0.20514,0.11,1,2653631,2653178,453
204088481,14.6936,32.9538,428,31949,0.220056,0.11,1,2653633,2653205,428
204091401,25.6774,14.3815,459,32015,0.238022,0.11,1,2653666,2653207,459
204094321,31.871,26.7526,460,32081,0.281209,0.05,1,2653702,2653242,460
204097241,45.1484,34.101,475,32147,0.298484,0.05,1,2653756,2653281,475
204100161,56.4594,44.2404,488,32213,0.293393,0.01,1,2653820,2653332,488
204103081,65.1837,57.8962,492,32279,0.231357,0.07,1,2653891,2653399,492
204106001,57.8735,63.3585,478,32345,0.218543,0.15,1,2653944,2653466,478
204108921,55.5494,55.3434,482,32410,0.225417,0.15,1,2653998,2653516,482
204129361,37.5607,45.1484,436,32864,0.222699,0.29,1,2654192,2653756,436
204132281,53.4243,56.4594,436,32928,0.23908,0.19,1,2654256,2653820,436
204135201,62.1697,65.1837,433,32992,0.257632,0.21,1,2654324,2653891,433
204138121,56.0679,57.8735,432,33056,0.289053,0.23,1,2654376,2653944,432
204208201,45.8404,54.8218,487,34559,0.776475,0.61,2,2655352,2654865,487
204211121,36.3362,44.7287,479,34620,0.79659,0.63,2,2655382,2654903,479
204228641,57.9253,37.8177,522,34986,0.930828,0.69,2,2655588,2655066,522
204383401,41.0314,41.4452,517,38056,0.772202,1,2,2657742,2657225,517
204403841,41.4556,62.6396,498,38442,0.404112,1,1,2657984,2657486,498
204418441,37.4651,50.0785,461,38717,0.40512,0.69,1,2658168,2657707,461
204427201,24.4778,24.925,458,38880,0.414968,0.67,1,2658248,2657790,458
204430121,27.7911,29.17,456,38934,0.435987,0.57,1,2658278,2657822,456
204482681,58.2766,56.1095,449,39899,0.756623,0.63,2,2658939,2658490,449
204488521,39.2042,37.7775,452,40005,0.77026,0.63,2,2659008,2658556,452
204491441,16.8817,16.311,452,40058,0.782104,0.63,2,2659010,2658558,452
204517721,37.8423,50.7221,485,40530,0.916867,0.75,2,2659323,2658838,485
204520641,58.9369,37.6888,529,40582,0.936747,0.77,2,2659396,2658867,529
204523561,43.3748,58.2755,490,40634,0.944699,0.73,2,2659429,2658939,490
204687081,37.2386,50.9638,498,43448,0.90016,1,2,2661372,2660874,498
204695841,37.0633,34.4617,517,43594,0.78265,1,2,2661485,2660968,517
204786361,34.4708,36.4859,447,45068,0.765733,0.53,2,2662456,2662009,447
204809721,51.4814,50.5035,453,45443,0.903586,0.65,2,2662677,2662224,453
204812641,40.9926,40.0014,454,45489,0.907434,0.67,2,2662711,2662257,454
204815561,35.597,34.6006,455,45535,0.920974,0.69,2,2662743,2662288,455
204818481,33.4388,33.6402,454,45581,0.926389,0.67,2,2662775,2662321,454
204821401,34.3755,33.8561,455,45627,0.916556,0.69,2,2662810,2662355,455
204824321,34.7502,33.9424,456,45673,0.924622,0.71,2,2662845,2662389,456
204827241,33.7001,32.177,458,45719,0.939849,0.81,2,2662878,2662420,458
205052081,442.199,474.336,455,20440,0.4228,0.49,1,2665579,2665124,455
205060841,108.701,111.765,455,22189,0.0534592,0,1,2665800,2665345,455
205063761,71.6803,75.9062,450,22285,0.0273837,0.03,1,2665847,2665397,450
205066681,68.8721,78.9625,436,22380,0.0409535,0.01,1,2665914,2665478,436
205069601,45.5488,50.785,434,22475,0.0163814,0.01,1,2665944,2665510,434
205072521,55.4195,38.914,465,22569,0.0485526,0.13,1,2666006,2665541,465
205075441,56.9678,38.3656,485,22663,0.073421,0.05,1,2666064,2665579,485
205081281,82.6749,57.1385,522,22850,0.0657474,0,1,2666222,2665700,522
205084201,60.6699,82.8554,468,22943,0.0322989,0.01,1,2666268,2665800,468
205087121,66.268,61.3422,491,23035,0.0309196,0.05,1,2666338,2665847,491
205090041,43.9072,64.7369,453,23127,0.0543678,0,1,2666367,2665914,453
205092961,55.3629,43.8947,486,23219,0.0757471,0.07,1,2666430,2665944,486
205095881,57.5452,54.7579,483,23310,0.0962989,0.09,1,2666489,2666006,483
205098801,60.2181,56.7032,487,23401,0.0925195,0.15,1,2666551,2666064,487
205104641,59.5549,82.6325,468,23582,0.0520031,0.01,1,2666690,2666222,468
205107561,67.622,60.653,495,23672,0.0268012,0.03,1,2666763,2666268,495
205110481,43.8488,66.2612,453,23762,0.0407205,0.07,1,2666791,2666338,453
205113401,55.9395,43.9045,488,23851,0.0582882,0.09,1,2666855,2666367,488
205125081,75.9281,79.8872,429,24205,0.23866,0.01,1,2667073,2666644,429
205128001,54.3712,59.5549,423,24293,0.245464,0.01,1,2667113,2666690,423
205130921,66.1485,67.6219,424,24380,0.236186,0.05,1,2667187,2666763,424
205133841,43.2594,43.8488,424,24467,0.208474,0.07,1,2667215,2666791,424
205136761,56.9038,55.9395,426,24554,0.23339,0.17,1,2667281,2666855,426
205139681,61.7615,58.3758,431,24640,0.231356,0.19,1,2667346,2666915,431
205142601,25.9046,24.5503,431,24726,0.230542,0.21,1,2667348,2666917,431
205145521,46.9618,45.8201,432,24812,0.242217,0.27,1,2667409,2666977,432
205148441,76.9847,75.9281,433,24897,0.282887,0.25,1,2667506,2667073,433
205163041,61.9586,61.7615,432,25320,0.406606,0.23,1,2667778,2667346,432
205165961,25.9834,25.9046,432,25404,0.420642,0.25,1,2667780,2667348,432
205209761,64.0686,59.0017,518,26628,0.78128,0.63,2,2668670,2668152,518
205212681,26.8274,63.2007,454,26708,0.798512,0.63,2,2668672,2668218,454
205224361,37.8388,57.3027,457,27024,0.940842,0.71,2,2668885,2668428,457
205323641,79.1041,45.1879,572,29571,0.94,1,2,2670718,2670146,572
205326561,52.6416,78.6752,506,29643,0.934,1,2,2670753,2670247,506
205329481,38.4566,44.6701,513,29714,0.9136,1,2,2670782,2670269,513
205347001,42.5573,41.4004,487,30139,0.43842,1,1,2671056,2670569,487
205376201,40.0272,42.5573,441,30834,0.403752,0.33,1,2671497,2671056,441
205379121,41.2109,42.8229,440,30903,0.443501,0.33,1,2671539,2671099,440
205422921,42.3406,45.7205,485,31914,0.757796,0.55,2,2672223,2671738,485
205425841,34.3363,41.0882,476,31980,0.753118,0.53,2,2672252,2671776,476
205428761,52.7345,32.6353,514,32046,0.775247,0.61,2,2672317,2671803,514
205431681,39.0938,50.8541,481,32112,0.784099,0.61,2,2672347,2671866,481
205434601,39.6375,38.3416,491,32178,0.79964,0.61,2,2672387,2671896,491
205437521,44.055,39.3367,498,32244,0.793856,0.65,2,2672434,2671936,498
205452121,43.2556,47.3516,498,32570,0.904913,0.77,2,2672682,2672184,498
205455041,32.9022,42.3406,485,32635,0.931965,0.75,2,2672708,2672223,485
205615641,39.0287,37.9731,494,36025,0.421123,1,1,2675062,2674568,494
205624401,47.5698,46.4463,481,36201,0.255672,1,1,2675185,2674704,481
205630241,31.8512,32.0314,475,36317,0.0901075,0.96,1,2675241,2674766,475
205633161,31.9405,32.6126,474,36375,0.078043,0.96,1,2675273,2674799,474
205636081,26.5762,29.245,470,36433,0.0372172,0.77,1,2675296,2674826,470
205639001,44.8305,52.498,459,36491,0.0328869,0.67,1,2675353,2674894,459
205641921,46.7322,52.1992,455,36549,0.0431548,0.53,1,2675401,2674946,455
205644841,34.8929,40.6797,449,36607,0.0592619,0.47,1,2675428,2674979,449
205647761,37.9571,45.0719,441,36665,0.0297048,0.35,1,2675468,2675027,441
205650681,36.1829,39.0287,441,36723,0.0418819,0.37,1,2675503,2675062,441
205653601,28.2731,31.8115,437,36781,0.0347528,0.33,1,2675526,2675089,437
205656521,35.3093,37.9246,435,36838,0.0559011,0.19,1,2675566,2675131,435
205659441,42.9237,47.5698,429,36895,0.0643604,0.13,1,2675614,2675185,429
205662361,29.1695,34.6279,423,36952,0.0797442,0.03,1,2675634,2675211,423
205671121,25.6268,26.5762,422,37123,0.0711036,0.03,1,2675718,2675296,422
205674041,44.4507,44.8305,422,37180,0.0824414,0.03,1,2675775,2675353,422
205676961,47.1803,17.9322,471,37237,0.0989766,0.05,1,2675824,2675353,471
205700321,29.3686,29.1519,454,37688,0.216015,0.15,1,2676088,2675634,454
205703241,29.1474,29.6607,453,37744,0.248406,0.09,1,2676117,2675664,453
205706161,24.859,31.0643,443,37800,0.261362,0.05,1,2676139,2675696,443
205709081,45.9436,25.6257,481,37856,0.290545,0.09,1,2676199,2675718,481
205712001,48.9774,44.4503,475,37912,0.266218,0.11,1,2676250,2675775,475
205714921,35.191,47.1801,452,37968,0.268487,0.13,1,2676276,2675824,452
205717841,37.4764,35.072,464,38024,0.293395,0.13,1,2676315,2675851,464
205744121,46.2034,24.859,494,38520,0.435272,0.31,1,2676633,2676139,494
205825881,21.2166,21.4645,446,40027,0.759857,0.51,2,2677578,2677132,446
205828801,25.2867,24.7858,447,40080,0.765943,0.51,2,2677606,2677159,447
205831721,36.5147,9.91433,491,40133,0.768377,0.55,2,2677650,2677159,491
205834641,37.4059,29.7657,486,40186,0.793351,0.55,2,2677688,2677202,486
205843401,45.57,36.441,501,40343,0.796934,0.63,2,2677807,2677306,501
205858001,50.6046,25.506,520,40603,0.934589,0.73,2,2677981,2677461,520
206059481,33.3919,25.6748,533,44045,0.934068,1,2,2680372,2679839,533
206074081,34.6975,33.9282,520,44285,0.41239,1,1,2680573,2680053,520
206079921,32.3116,33.5085,525,44381,0.263982,1,1,2680638,2680113,525
206082841,26.7246,33.2034,515,44429,0.207593,0.93,1,2680661,2680146,515
206088681,32.5959,31.7125,523,44523,0.0920149,1,1,2680731,2680208,523
206091601,20.8384,36.685,496,44570,0.0908059,0.95,1,2680744,2680248,496
206094521,20.9354,33.874,485,44617,0.0903224,0.96,1,2680765,2680280,485
206097441,23.3741,27.9496,486,44664,0.0661289,1,1,2680790,2680304,486
206100361,27.3497,30.9798,483,44711,0.0684516,0.9,1,2680820,2680337,483
206103281,24.1399,33.3919,470,44758,0.0693806,0.81,1,2680842,2680372,470
206106201,31.2559,44.5568,454,44805,0.0937523,0.61,1,2680878,2680424,454
206109121,32.9024,40.0227,451,44852,0.0915009,0.51,1,2680912,2680461,451
206112041,41.961,49.6091,443,44899,0.0666004,0.45,1,2680960,2680517,443
206114961,28.7844,31.2436,444,44946,0.0566401,0.35,1,2680980,2680536,444
206117881,30.7138,34.6975,439,44993,0.0646561,0.25,1,2681012,2680573,439
206135401,21.0018,20.8384,427,45275,0.0867051,0.09,1,2681171,2680744,427
206147081,23.2512,24.1399,424,45461,0.20598,0.11,1,2681266,2680842,424
206176281,28.1743,30.0044,423,45921,0.225616,0.11,1,2681579,2681156,423
206179201,21.4697,12.0018,440,45967,0.204246,0.07,1,2681596,2681156,440
206182121,21.1879,13.8007,446,46013,0.207699,0.15,1,2681617,2681171,446
206185041,23.4752,16.9203,452,46059,0.209079,0.15,1,2681642,2681190,452
206187961,29.7901,21.1681,462,46105,0.233632,0.19,1,2681676,2681214,462
206190881,23.916,27.6672,450,46151,0.243453,0.23,1,2681696,2681246,450
206193801,31.1664,23.0669,466,46197,0.247381,0.15,1,2681732,2681266,466
206196721,31.6666,32.0268,460,46243,0.248952,0.15,1,2681764,2681304,460
206199641,40.2666,32.0107,474,46289,0.273581,0.17,1,2681810,2681336,474
206202561,28.1066,41.0043,447,46335,0.283432,0.15,1,2681830,2681383,447
206205481,32.2427,27.8017,463,46381,0.299373,0.15,1,2681865,2681402,463
206214241,22.7515,30.7233,446,46516,0.40292,0.19,1,2681944,2681498,446
206217161,32.5006,23.0893,467,46561,0.431168,0.19,1,2681983,2681516,467
206287241,32.5178,31.7672,450,47635,0.792585,0.61,2,2682647,2682197,450
206290161,43.0071,41.5069,452,47679,0.791034,0.61,2,2682697,2682245,452
206293081,29.2028,28.6027,452,47723,0.790414,0.59,2,2682717,2682265,452
206313521,22.9335,22.071,456,48031,0.911511,0.69,2,2682928,2682472,456
206316441,21.1734,20.8284,456,48075,0.922605,0.69,2,2682948,2682492,456
206319361,9.66936,9.53136,456,48119,0.903042,0.69,2,2682950,2682494,456
206322281,20.0677,19.4125,457,48163,0.907217,0.75,2,2682977,2682520,457
206325201,30.2271,29.965,457,48207,0.908887,0.71,2,2683014,2682557,457
206328121,24.0908,23.986,457,48251,0.909555,0.75,2,2683034,2682577,457
206331041,33.0363,31.7944,459,48295,0.909822,0.83,2,2683073,2682614,459
206333961,34.2145,32.5178,461,48339,0.933929,0.79,2,2683108,2682647,461
206542741,72.295,56.6875,491,23631,0.0589408,0.57,1,2685502,2685011,491
206545661,70.318,67.675,485,23721,0.0895763,0.53,1,2685571,2685086,485
206557341,58.9009,47.3901,480,24076,0.222565,0.05,1,2685819,2685339,480
206560261,36.7604,66.956,422,24164,0.251026,0.05,1,2685841,2685419,422
206563181,22.5041,34.5824,422,24252,0.28641,0.03,1,2685854,2685432,422
206566101,51.6017,55.833,423,24339,0.216564,0.11,1,2685925,2685502,423
206569021,63.8407,63.7332,426,24426,0.224626,0.13,1,2685997,2685571,426
206571941,65.7363,65.6933,426,24513,0.23985,0.13,1,2686064,2685638,426
206574861,73.0945,73.0773,426,24599,0.26994,0.17,1,2686142,2685716,426
206586541,22.2712,22.4772,433,24942,0.402862,0.17,1,2686287,2685854,433
206589461,50.9085,51.5909,432,25027,0.419145,0.23,1,2686357,2685925,432
206595301,67.1854,65.7345,434,25196,0.425863,0.29,1,2686498,2686064,434
206639101,64.0731,51.1317,523,26429,0.751467,0.63,2,2687320,2686797,523
206642021,70.6292,62.4527,528,26509,0.750587,0.67,2,2687395,2686867,528
206644941,77.4517,69.3811,536,26589,0.750235,0.71,2,2687477,2686941,536
206647861,60.3807,75.7524,505,26669,0.750094,0.71,2,2687526,2687021,505
206650781,66.7523,59.701,527,26748,0.798038,0.71,2,2687597,2687070,527
206665381,63.145,64.0731,460,27141,0.925673,0.75,2,2687780,2687320,460
206755901,72.6224,55.4409,560,29463,0.933999,1,2,2689485,2688925,560
206779261,83.0526,90.8899,480,30033,0.928388,1,2,2689849,2689369,480
206782181,51.821,55.556,479,30103,0.941355,0.89,2,2689880,2689401,479
206907741,43.084,49.6088,478,32990,0.934,1,2,2691897,2691419,478
206922341,32.8258,31.7762,510,33310,0.449254,1,1,2692079,2691569,510
206942781,39.4575,46.6336,460,33751,0.0591459,0.77,1,2692406,2691946,460
206945701,34.983,39.6534,457,33814,0.0416584,0.63,1,2692438,2691981,457
206948621,32.5932,35.6614,455,33877,0.0946633,0.43,1,2692469,2692014,455
206954461,27.5349,32.8258,441,34001,0.0955461,0.21,1,2692520,2692079,441
206969061,50.8692,13.5093,489,34311,0.073084,0.17,1,2692763,2692274,489
206971981,34.1477,45.0037,446,34373,0.0712336,0.07,1,2692786,2692340,446
206974901,38.2591,32.4015,463,34435,0.0704934,0.03,1,2692827,2692364,463
206977821,35.7036,38.1606,455,34496,0.0581974,0.03,1,2692861,2692406,455
206980741,34.0815,34.4642,456,34557,0.089279,0.13,1,2692894,2692438,456
206983661,26.8326,32.3857,447,34618,0.0657116,0.11,1,2692916,2692469,447
206986581,28.733,26.7543,454,34679,0.0562846,0.09,1,2692946,2692492,454
206989501,25.8932,27.5017,450,34740,0.0525139,0.11,1,2692970,2692520,450
206992421,73.3573,26.0007,530,34801,0.0990055,0.19,1,2693075,2692545,530
207012861,35.3134,35.7036,459,35224,0.201227,0.11,1,2693320,2692861,459
207015781,25.5254,34.0814,445,35284,0.218491,0.05,1,2693339,2692894,445
207018701,29.4101,26.8326,455,35344,0.237396,0.05,1,2693371,2692916,455
207021621,24.9641,28.733,447,35404,0.244959,0.05,1,2693393,2692946,447
207024541,75.3856,25.8932,532,35464,0.235983,0.13,1,2693502,2692970,532
207027461,45.1542,73.3573,452,35524,0.232393,0.13,1,2693527,2693075,452
207030381,33.0617,44.3429,452,35584,0.254957,0.15,1,2693552,2693100,452
207033301,50.4247,32.1372,490,35643,0.287983,0.15,1,2693614,2693124,490
207053741,30.1449,29.4101,434,36056,0.434226,0.25,1,2693805,2693371,434
207106301,22.6989,21.8049,450,37096,0.773636,0.59,2,2694503,2694053,450
207147181,36.9659,25.8793,504,37886,0.911081,0.83,2,2695035,2694531,504
207150101,33.9864,35.5517,494,37942,0.922433,0.83,2,2695067,2694573,494
207153021,36.3945,33.4207,500,37998,0.938973,0.85,2,2695105,2694605,500
207155941,26.5578,35.5683,483,38054,0.945589,0.85,2,2695125,2694642,483
207158861,32.8231,26.2273,500,38110,0.948236,0.87,2,2695162,2694662,500
207296101,30.1968,25.6366,531,40632,0.91,1,2,2696952,2696421,531
207299021,27.6787,37.2546,512,40684,0.922,1,2,2696978,2696466,512
207307781,27.1634,29.2883,521,40840,0.785008,1,2,2697073,2696552,521
207325301,45.943,39.5621,527,41149,0.223073,1,1,2697334,2696807,527
207342821,30.7861,33.2715,498,41455,0.0712145,0.81,1,2697513,2697015,498
207345741,23.1144,34.9086,480,41506,0.0584858,0.75,1,2697531,2697051,480
207348661,10.4458,27.1634,460,41557,0.0773943,0.67,1,2697533,2697073,460
207351581,20.9783,29.4654,457,41608,0.0969577,0.53,1,2697561,2697104,457
207372021,36.6204,37.8309,428,41962,0.222432,0.11,1,2697832,2697404,428
207374941,28.4482,29.5324,427,42012,0.238973,0.13,1,2697855,2697428,427
207377861,24.5793,24.4129,428,42062,0.221589,0.09,1,2697877,2697449,428
207380781,26.6317,28.9652,424,42112,0.214636,0.05,1,2697905,2697481,424
207383701,31.0527,30.7861,426,42162,0.247854,0.05,1,2697939,2697513,426
207386621,22.6211,23.1144,425,42212,0.249142,0.09,1,2697956,2697531,425
207389541,10.2484,10.4458,425,42262,0.261657,0.11,1,2697958,2697533,425
207398301,47.5999,47.2765,427,42412,0.409626,0.09,1,2698081,2697654,427
207401221,40.64,41.1106,426,42462,0.43385,0.15,1,2698117,2697691,426
207404141,33.056,31.4442,429,42512,0.44354,0.19,1,2698145,2697716,429
207407061,42.0224,41.3777,429,42562,0.423416,0.19,1,2698193,2697764,429
207412901,38.4036,36.6204,433,42662,0.438547,0.25,1,2698265,2697832,433
207415821,28.5614,28.4482,432,42711,0.445419,0.21,1,2698287,2697855,432
207418741,24.6246,24.5793,432,42760,0.424167,0.21,1,2698309,2697877,432
207421661,26.6498,26.6317,432,42809,0.427667,0.27,1,2698337,2697905,432
207482981,43.7627,49.4608,489,43832,0.754602,0.63,2,2699012,2698523,489
207485901,33.1051,41.9843,478,43880,0.775841,0.63,2,2699038,2698560,478
207488821,42.642,32.3937,501,43928,0.796336,0.63,2,2699087,2698586,501
207515101,25.7119,11.2938,492,44360,0.90226,0.75,2,2699330,2698838,492
207526781,32.5494,43.7627,460,44550,0.906826,0.79,2,2699472,2699012,460
207529701,29.2198,33.1051,461,44597,0.93273,0.81,2,2699499,2699038,461
207532621,41.6879,42.642,462,44644,0.943092,0.81,2,2699549,2699087,462
207690301,33.2455,24.9551,528,47127,0.934,1,2,2701258,2700730,528
207693221,33.0982,30.3821,527,47172,0.9196,1,2,2701291,2700764,527
207696141,30.0393,27.1528,530,47217,0.91984,1,2,2701319,2700789,530
207734101,31.0675,30.6138,484,47793,0.41698,0.89,1,2701707,2701223,484
207745781,33.1713,33.6157,480,47969,0.217699,0.82,1,2701835,2701355,480
207748701,25.8685,32.6463,469,48013,0.201079,0.9,1,2701856,2701387,469
207766221,32.1072,32.3406,457,48277,0.225784,0.55,1,2702025,2701568,457
207769141,21.2429,26.1362,449,48321,0.240314,0.55,1,2702039,2701590,449
207774981,27.1589,31.4218,442,48409,0.20525,0.43,1,2702093,2701651,442
207777901,22.8635,25.1687,441,48453,0.2441,0.39,1,2702113,2701672,441
207780821,27.7454,31.0675,437,48496,0.27164,0.31,1,2702144,2701707,437
207783741,28.4982,30.427,436,48539,0.282656,0.27,1,2702173,2701737,436
207786661,29.9993,32.5708,433,48582,0.275062,0.33,1,2702204,2701771,433
207789581,29.9997,30.4283,434,48625,0.260025,0.15,1,2702234,2701800,434
207792501,31.7999,33.1713,432,48668,0.26601,0.19,1,2702267,2701835,432
207795421,24.12,25.8685,430,48711,0.292404,0.11,1,2702286,2701856,430
207798341,21.048,24.7474,425,48754,0.290962,0.13,1,2702305,2701880,425
207818781,22.8699,20.7544,455,49055,0.405937,0.17,1,2702494,2702039,455
207821701,27.748,22.7018,462,49098,0.408375,0.21,1,2702525,2702063,462
207824621,23.0992,27.0807,452,49141,0.43335,0.27,1,2702545,2702093,452
207918061,28.0227,29.009,451,50496,0.756579,0.59,2,2703419,2702968,451
207920981,23.8091,23.6036,452,50538,0.752631,0.61,2,2703440,2702988,452
207926821,28.7695,28.7366,452,50622,0.757621,0.61,2,2703502,2703050,452
207929741,31.3078,30.6946,453,50664,0.753048,0.63,2,2703535,2703082,453
207932661,29.3231,29.0779,453,50706,0.799219,0.63,2,2703563,2703110,453
207961861,19.6654,19.1421,458,51118,0.94658,0.73,2,2703821,2703363,458
208177941,198.111,212.721,472,24820,0.278416,0.85,1,2706400,2705928,472
208240721,47.658,33.3085,471,25412,0.223773,0.07,1,2706757,2706286,471
208243641,59.8632,60.7234,460,25495,0.227509,0.09,1,2706825,2706365,460
208246561,71.9453,59.0894,482,25578,0.241004,0.13,1,2706905,2706423,482
208249481,70.7781,57.8357,495,25661,0.258401,0.13,1,2706975,2706480,495
208252401,61.9112,62.1343,486,25744,0.241361,0.15,1,2707031,2706545,486
208255321,50.5645,59.6537,471,25826,0.258544,0.15,1,2707074,2706603,471
208258241,32.2258,49.6615,448,25908,0.277418,0.17,1,2707094,2706646,448
208261161,34.4903,31.2646,465,25990,0.284967,0.15,1,2707130,2706665,465
208264081,50.3961,33.5058,491,26072,0.275987,0.27,1,2707191,2706700,491
208272841,70.4014,71.9364,502,26315,0.407663,0.27,1,2707407,2706905,502
208275761,62.3605,70.7745,489,26396,0.445065,0.23,1,2707464,2706975,489
208310801,35.3386,34.7111,449,27344,0.753728,0.57,2,2708014,2707565,449
208313721,50.7354,49.8844,450,27421,0.751491,0.55,2,2708075,2707625,450
208316641,63.4942,62.5538,451,27498,0.750596,0.63,2,2708147,2707696,451
208319561,76.3977,74.8215,453,27575,0.786239,0.63,2,2708232,2707779,453
208331241,52.0726,50.6162,458,27881,0.938032,0.75,2,2708414,2707956,458
208450961,48.6983,49.7475,496,30842,0.93928,1,2,2710456,2709960,496
208462641,51.6179,54.2799,490,31115,0.442654,1,1,2710696,2710206,490
208468481,41.0189,40.9648,489,31251,0.417625,1,1,2710783,2710294,489
208480161,43.5925,33.0023,521,31521,0.283379,0.91,1,2710920,2710399,521
208483081,44.437,47.4009,509,31588,0.287352,0.77,1,2710965,2710456,509
208486001,73.5748,50.7604,549,31655,0.276941,0.49,1,2711058,2710509,549
208488921,50.4299,80.9041,483,31722,0.260776,0.45,1,2711093,2710610,483
208491841,45.972,53.9617,490,31789,0.218311,0.39,1,2711136,2710646,490
208494761,51.3888,51.5847,495,31856,0.225324,0.47,1,2711191,2710696,495
208497681,40.3555,53.0339,474,31922,0.22813,0.39,1,2711224,2710750,474
208500601,29.9422,41.0135,464,31988,0.253252,0.37,1,2711247,2710783,464
208503521,27.5769,32.0054,464,32054,0.251301,0.33,1,2711273,2710809,464
208506441,27.8308,30.2022,463,32120,0.27452,0.27,1,2711301,2710838,463
208509361,43.5323,29.4809,488,32186,0.271808,0.27,1,2711355,2710867,488
208512281,44.4129,43.5923,480,32252,0.282723,0.29,1,2711400,2710920,480
208521041,43.2584,50.4299,473,32448,0.413854,0.19,1,2711566,2711093,473
208523961,51.5034,45.972,487,32513,0.423542,0.23,1,2711623,2711136,487
208526881,40.4013,51.3888,465,32578,0.439417,0.23,1,2711656,2711191,465
208585281,44.4465,44.2612,450,33854,0.78149,0.59,2,2712459,2712009,450
208614481,54.679,74.3675,498,34473,0.915047,0.75,2,2712879,2712381,498
208617401,45.2716,53.747,497,34534,0.924019,0.81,2,2712918,2712421,497
208728361,32.9724,28.6348,498,36789,0.9268,1,2,2714485,2713987,498
208731281,32.389,30.0539,499,36846,0.91672,1,2,2714517,2714018,499
208737121,27.3822,28.4486,499,36960,0.795875,1,2,2714572,2714073,499
208740041,30.7529,32.3795,497,37017,0.76835,1,2,2714605,2714108,497
208757561,61.7491,41.2696,544,37359,0.417239,0.95,1,2714900,2714356,544
208760481,40.2997,59.7078,498,37416,0.448896,0.94,1,2714926,2714428,498
208763401,30.5199,42.4831,491,37472,0.425558,0.91,1,2714950,2714459,491
208833481,37.0641,38.8222,448,38803,0.752756,0.55,2,2715815,2715367,448
208836401,31.0257,31.1289,449,38857,0.775102,0.61,2,2715842,2715393,449
208839321,33.4103,31.0515,453,38911,0.760041,0.63,2,2715877,2715424,453
208845161,28.3856,28.6082,452,39019,0.754007,0.63,2,2715931,2715479,452
208851001,35.5017,35.2973,453,39127,0.753041,0.63,2,2716000,2715547,453
208853921,34.6007,34.5189,453,39181,0.763216,0.67,2,2716034,2715581,453
208856841,52.8403,51.6076,455,39235,0.779287,0.65,2,2716099,2715644,455
208859761,40.3361,40.443,454,39289,0.785715,0.65,2,2716131,2715677,454
208862681,17.3344,17.3772,454,39343,0.788286,0.67,2,2716133,2715679,454
208868521,62.8935,59.6604,460,39451,0.907326,0.77,2,2716253,2715793,460
208871441,38.3574,37.0641,460,39505,0.94493,0.79,2,2716275,2715815,460
208874361,30.943,31.0257,459,39558,0.935972,0.75,2,2716301,2715842,459
208877281,32.1772,33.4103,457,39611,0.932389,0.71,2,2716334,2715877,457
208880201,29.0709,28.9641,458,39664,0.942956,0.77,2,2716361,2715903,458
209002841,30.1168,30.8279,493,41843,0.938973,0.98,2,2717858,2717365,493
209008681,35.2987,35.1725,494,41943,0.919436,1,2,2717931,2717437,494
209011601,56.7195,57.869,492,41993,0.913774,1,2,2718002,2717510,492
209014521,40.6878,38.7476,496,42043,0.92351,1,2,2718032,2717536,496
209034961,26.3248,30.3257,469,42393,0.912742,0.95,2,2718236,2717767,469
209037881,29.7299,30.7303,470,42443,0.923097,0.95,2,2718268,2717798,470
209040801,28.092,30.2921,467,42493,0.939239,0.93,2,2718295,2717828,467
209043721,29.8368,30.1168,468,42543,0.945696,0.83,2,2718326,2717858,468
209049561,33.8139,35.2987,465,42643,0.949311,0.91,2,2718396,2717931,465
209289001,36.3148,31.8019,515,46523,0.946,1,2,2721129,2720614,515
209291921,33.1259,31.3208,515,46568,0.9244,1,2,2721160,2720645,515
209294841,34.8504,26.3283,528,46613,0.90376,1,2,2721196,2720668,528
209303601,32.9264,32.501,517,46748,0.799681,1,2,2721290,2720773,517
209315281,33.9437,43.672,527,46928,0.441672,1,1,2721417,2720890,527
209321121,30.031,34.5875,528,47018,0.273467,1,1,2721479,2720951,528
209324041,31.2124,37.235,521,47063,0.247387,1,1,2721511,2720990,521
209329881,25.754,32.7176,505,47153,0.285582,1,1,2721563,2721058,505
209332801,34.3016,32.287,513,47198,0.204233,0.91,1,2721603,2721090,513
209347401,11.5391,29.8161,458,47422,0.0914193,0.77,1,2721713,2721255,458
209350321,22.6156,32.9264,453,47466,0.0905677,0.65,1,2721743,2721290,453
209385361,30.266,31.0483,429,47994,0.203462,0.15,1,2722089,2721660,429
209388281,27.1064,28.6193,427,48038,0.231385,0.11,1,2722114,2721687,427
209391201,24.0426,25.8477,425,48082,0.230554,0.07,1,2722136,2721711,425
209394121,10.817,11.5391,425,48126,0.230222,0.09,1,2722138,2721713,425
209397041,22.9268,22.6156,426,48170,0.242089,0.15,1,2722169,2721743,426
209399961,30.7707,28.8463,429,48214,0.294835,0.19,1,2722205,2721776,429
209426241,35.5416,33.1623,430,48607,0.423543,0.17,1,2722463,2722033,430
209522601,28.8208,36.2584,476,50016,0.758593,0.61,2,2723380,2722904,476
209551801,31.5351,33.2358,456,50436,0.919319,0.69,2,2723627,2723171,456
209554721,32.4141,32.4943,457,50478,0.925728,0.73,2,2723660,2723203,457
209557641,31.5656,30.9977,458,50520,0.916291,0.73,2,2723691,2723233,458
209563481,29.2905,29.1996,458,50604,0.901407,0.73,2,2723747,2723289,458
209566401,24.9162,24.8799,458,50646,0.906563,0.75,2,2723769,2723311,458
209569321,38.7665,37.5519,460,50688,0.908625,0.77,2,2723817,2723357,460
209575161,35.6026,34.3283,463,50772,0.90498,0.83,2,2723881,2723418,463
209578081,30.4411,29.9313,463,50813,0.931992,0.81,2,2723908,2723445,463
209581001,25.3764,25.7725,462,50854,0.918797,0.81,2,2723930,2723468,462
209583921,11.3506,11.509,462,50895,0.913519,0.83,2,2723932,2723470,462
209586841,23.7402,22.6036,464,50936,0.935407,0.85,2,2723964,2723500,464
209766421,78.051,89.7853,501,25075,0.094,1,1,2725818,2725317,501
209769341,64.8204,68.3141,503,25160,0.0556,0.79,1,2725874,2725371,503
209772261,48.7282,59.7256,487,25244,0.07624,0.65,1,2725912,2725425,487
209801461,45.7481,64.4544,458,26072,0.234958,0.13,1,2726447,2725989,458
209804381,35.0992,44.3818,455,26153,0.267983,0.19,1,2726475,2726020,455
209807301,47.0397,33.9527,483,26234,0.281193,0.13,1,2726530,2726047,483
209818981,47.7978,56.3092,469,26556,0.404399,0.15,1,2726765,2726296,469
209821901,68.9191,45.9237,513,26636,0.419759,0.21,1,2726848,2726335,513
209824821,47.9677,66.3695,467,26716,0.413904,0.27,1,2726882,2726415,467
209827741,35.9871,45.7478,463,26795,0.423562,0.29,1,2726910,2726447,463
209830661,47.3948,35.0991,490,26874,0.415425,0.29,1,2726965,2726475,490
209833581,20.1579,47.0396,437,26953,0.41217,0.35,1,2726967,2726530,437
209868621,54.8169,54.1861,445,27881,0.754175,0.49,2,2727609,2727164,445
209871541,49.5267,48.6744,446,27957,0.75167,0.57,2,2727655,2727209,446
209874461,72.0107,69.2698,450,28033,0.750668,0.63,2,2727742,2727292,450
209877381,49.2043,47.5079,451,28109,0.774267,0.59,2,2727776,2727325,451
209880301,37.6817,35.8032,453,28184,0.795707,0.69,2,2727806,2727353,453
209894901,55.7395,42.0969,511,28558,0.911729,0.79,2,2728067,2727556,511
209897821,49.8958,48.6387,504,28632,0.946692,0.75,2,2728113,2727609,504
209900741,72.1583,47.0555,545,28706,0.948677,0.75,2,2728200,2727655,545
210014621,74.6228,44.8687,568,31454,0.91408,1,2,2730127,2729559,568
210017541,46.6491,65.9475,516,31521,0.923632,1,2,2730155,2729639,516
210029221,64.7606,36.6515,563,31789,0.444269,1,1,2730355,2729792,563
210055501,25.8715,51.5038,464,32383,0.285466,0.53,1,2730714,2730250,464
210058421,60.1486,31.4015,529,32448,0.264186,0.33,1,2730797,2730268,529
210061341,40.8594,64.7606,470,32513,0.207675,0.35,1,2730825,2730355,470
210087621,25.8976,25.8715,437,33094,0.205666,0.25,1,2731151,2730714,437
210090541,58.3591,60.1486,434,33158,0.244267,0.17,1,2731231,2730797,434
210093461,38.3436,40.8594,431,33222,0.259707,0.17,1,2731256,2730825,431
210096381,40.5374,41.5438,431,33286,0.289883,0.19,1,2731298,2730867,431
210108061,60.2794,61.0011,429,33539,0.410669,0.19,1,2731463,2731034,429
210110981,40.9117,39.4004,432,33602,0.434268,0.19,1,2731491,2731059,432
210113901,34.3647,34.3602,431,33665,0.443707,0.21,1,2731521,2731090,431
210175221,41.7896,61.6658,476,34961,0.770651,0.53,2,2732382,2731906,476
210178141,35.9158,40.8663,481,35021,0.782261,0.61,2,2732414,2731933,481
210186901,58.8906,26.3274,531,35201,0.909985,0.61,2,2732558,2732027,531
210189821,39.7562,58.531,478,35261,0.933994,0.63,2,2732585,2732107,478
210210261,37.0888,41.7896,493,35679,0.939098,0.79,2,2732875,2732382,493
210216101,35.8142,42.5663,465,35797,0.941056,0.91,2,2732926,2732461,465
210219021,25.7257,27.2265,467,35856,0.946422,0.93,2,2732945,2732478,467
210356261,31.1724,32.3898,505,38528,0.939846,1,2,2734830,2734325,505
210499341,41.4306,40.1895,524,41129,0.939998,1,2,2736669,2736145,524
210508101,31.1156,34.8041,514,41282,0.91336,1,2,2736772,2736258,514
210516861,34.4874,28.6515,530,41435,0.766215,1,2,2736872,2736342,530
210528541,34.0173,35.5095,524,41639,0.235567,1,1,2737004,2736480,524
210540221,32.0708,41.4306,474,41843,0.0592625,1,1,2737143,2736669,474
210543141,37.4283,39.9723,476,41893,0.065705,0.98,1,2737184,2736708,476
210546061,32.9713,38.7889,468,41943,0.068282,0.87,1,2737214,2736746,468
210548981,27.5885,31.1156,466,41993,0.0453128,0.86,1,2737238,2736772,466
210551901,23.6354,28.0462,461,42043,0.0361251,0.83,1,2737259,2736798,461
210554821,30.4542,35.2185,456,42093,0.0804501,0.71,1,2737294,2736838,456
210557741,28.9817,34.4874,450,42143,0.09818,0.53,1,2737322,2736872,450
210560661,24.7927,29.395,446,42193,0.057272,0.35,1,2737344,2736898,446
210566501,28.5668,35.5432,432,42293,0.0823635,0.17,1,2737403,2736971,432
210584021,41.0625,37.4283,429,42593,0.0978254,0.07,1,2737613,2737184,429
210586941,32.025,32.9713,425,42643,0.0931301,0.03,1,2737639,2737214,425
210589861,26.61,27.5885,424,42692,0.0792521,0.03,1,2737662,2737238,424
210592781,22.644,23.6354,423,42741,0.0497008,0.11,1,2737682,2737259,423
210651181,31.6105,28.2504,459,43717,0.225793,0.11,1,2738287,2737828,459
210654101,41.4442,31.1002,474,43765,0.240317,0.11,1,2738335,2737861,474
210657021,30.9777,40.6401,451,43813,0.282127,0.13,1,2738359,2737908,451
210686221,28.1164,25.1633,460,44293,0.406752,0.19,1,2738655,2738195,460
210750461,29.9654,29.5033,447,45330,0.78184,0.57,2,2739307,2738860,447
210753381,40.7862,38.8013,450,45377,0.786736,0.57,2,2739355,2738905,450
210782581,44.851,43.4617,456,45837,0.905148,0.67,2,2739672,2739216,456
210785501,19.1404,18.5847,456,45883,0.920059,0.71,2,2739674,2739218,456
210791341,29.9425,9.21355,491,45975,0.902009,0.77,2,2739735,2739244,491
210794261,30.577,22.8854,490,46021,0.918804,0.81,2,2739766,2739276,490
210797181,41.6308,27.7542,508,46067,0.925522,0.79,2,2739815,2739307,508
210800101,32.8523,39.9017,487,46113,0.916209,0.85,2,2739842,2739355,487
210803021,26.3409,31.5607,483,46159,0.924483,0.85,2,2739864,2739381,483
210805941,24.9364,25.8243,485,46205,0.939793,0.85,2,2739888,2739403,485
210808861,33.9745,24.7297,501,46251,0.945917,0.83,2,2739928,2739427,501
210975301,28.8456,24.1782,503,48779,0.9376,1,2,2741693,2741190,503
210986981,23.3416,22.2094,529,48951,0.798771,1,2,2741799,2741270,529
210989901,20.7367,29.8837,513,48994,0.781508,1,2,2741818,2741305,513
210992821,25.0947,30.5535,510,49037,0.750603,1,2,2741846,2741336,510
211010341,35.642,29.1085,532,49295,0.424209,1,1,2742053,2741521,532
211024941,22.5208,28.8456,486,49510,0.272904,0.87,1,2742179,2741693,486
211027861,29.4083,25.3382,497,49553,0.283162,0.81,1,2742213,2741716,497
211030781,29.1633,31.1353,491,49596,0.287265,0.79,1,2742242,2741751,491
211057061,32.4785,32.105,478,49974,0.412471,0.39,1,2742493,2742015,478
211062901,27.3966,25.6568,467,50058,0.412795,0.31,1,2742539,2742072,467
211065821,31.3586,28.2627,471,50100,0.423118,0.33,1,2742573,2742102,471
211068741,23.9435,33.5051,453,50142,0.439247,0.29,1,2742592,2742139,453
211071661,21.5774,24.802,454,50184,0.445699,0.25,1,2742612,2742158,454
211141741,27.2663,26.4042,450,51182,0.754403,0.61,2,2743217,2742767,450
211144661,37.3065,35.7617,452,51223,0.763761,0.61,2,2743261,2742809,452
211170941,22.2843,22.6404,454,51592,0.906222,0.73,2,2743511,2743057,454
211176781,30.9255,30.5025,456,51674,0.911795,0.69,2,2743580,2743124,456
211179701,22.5702,22.401,456,51715,0.934718,0.69,2,2743597,2743141,456
211182621,10.2281,10.1604,456,51756,0.919887,0.69,2,2743599,2743143,456
211185541,13.6912,4.06416,472,51797,0.913955,0.71,2,2743615,2743143,472
211188461,22.8765,11.2257,485,51838,0.911582,0.75,2,2743644,2743159,485
211191381,27.1506,20.6903,488,51879,0.922633,0.77,2,2743674,2743186,488
211197221,33.3841,37.1504,489,51961,0.938421,0.85,2,2743750,2743261,489
211200141,32.5536,31.6602,493,52002,0.933369,0.79,2,2743782,2743289,493
211203061,32.2215,32.4641,492,52042,0.931347,0.81,2,2743814,2743322,492
211416221,49.1595,73.0936,472,25412,0.753015,0.69,2,2746077,2745605,472
211419141,28.0638,45.4374,459,25495,0.763206,0.71,2,2746091,2745632,459
211422061,52.6255,24.175,518,25578,0.767282,0.59,2,2746160,2745642,518
211436661,70.3386,55.8613,535,25990,0.911668,0.73,2,2746499,2745964,535
211439581,50.3354,69.1445,494,26072,0.922667,0.77,2,2746536,2746042,494
211442501,28.5342,48.6578,473,26153,0.939067,0.77,2,2746550,2746077,473
211544701,48.0965,57.2429,508,28854,0.775715,1,2,2748485,2747977,508
211553461,51.8462,37.4555,532,29073,0.427166,1,1,2748624,2748092,532
211556381,48.3385,46.1822,526,29146,0.224866,1,1,2748670,2748144,526
211562221,43.3742,62.8292,508,29291,0.0947786,1,1,2748781,2748273,508
211568061,47.8599,71.8527,502,29435,0.0835646,0.89,1,2748902,2748400,502
211573901,36.0976,48.0964,486,29579,0.0745703,0.57,1,2748971,2748485,486
211576821,34.239,45.0386,476,29651,0.0598281,0.47,1,2749004,2748528,476
211597261,47.5849,47.8599,427,30147,0.0878946,0.13,1,2749329,2748902,427
211603101,35.0936,36.0976,426,30287,0.0944631,0.05,1,2749397,2748971,426
211620621,32.9097,35.6556,423,30704,0.224749,0.09,1,2749627,2749204,423
211623541,68.9639,69.4622,424,30773,0.239899,0.07,1,2749720,2749296,424
211626461,46.7856,47.5849,423,30842,0.24596,0.11,1,2749752,2749329,423
211629381,43.3142,41.234,427,30911,0.236384,0.09,1,2749793,2749366,427
211632301,35.3257,35.0936,426,30979,0.256554,0.15,1,2749823,2749397,426
211635221,35.7303,33.8374,429,31047,0.288621,0.15,1,2749859,2749430,429
211658581,44.1504,44.663,474,31588,0.412936,0.23,1,2750226,2749752,474
211661501,36.2602,42.4652,464,31655,0.411175,0.27,1,2750257,2749793,464
211664421,36.1041,34.9861,470,31722,0.41047,0.31,1,2750293,2749823,470
211667341,43.2416,35.5944,482,31789,0.434188,0.31,1,2750341,2749859,482
211728661,44.7628,44.3817,455,33158,0.751552,0.71,2,2751239,2750784,455
211731581,52.1051,51.9527,455,33222,0.798621,0.67,2,2751296,2750841,455
211746181,63.0747,62.9963,457,33539,0.906959,0.71,2,2751499,2751042,457
211749101,45.6299,46.7985,455,33602,0.932783,0.73,2,2751533,2751078,455
211752021,44.0519,43.9194,456,33665,0.943113,0.71,2,2751576,2751120,456
211921381,34.5796,36.898,483,37131,0.0801264,1,1,2754000,2753517,483
211924301,41.4318,35.7592,494,37188,0.0380505,1,1,2754046,2753552,494
211927221,30.3727,14.3037,517,37245,0.0212202,1,1,2754069,2753552,517
211930141,33.1491,29.7215,512,37302,0.00848809,1,1,2754104,2753592,512
211933061,44.4596,31.0886,532,37359,0.0573952,0.98,1,2754156,2753624,532
211935981,38.7839,44.2354,514,37416,0.0409581,0.97,1,2754191,2753677,514
211938901,37.1135,41.6942,510,37472,0.0343832,0.97,1,2754227,2753717,510
211941821,38.2454,41.8777,507,37528,0.0317533,0.81,1,2754266,2753759,507
211944741,28.4982,47.9511,477,37584,0.0187013,0.63,1,2754288,2753811,477
211947661,28.1993,35.9804,477,37640,0.0494805,0.47,1,2754316,2753839,477
211950581,37.6797,34.7922,487,37696,0.0497922,0.19,1,2754360,2753873,487
211953501,35.4719,51.1169,459,37752,0.0499169,0.03,1,2754394,2753935,459
211956421,31.5888,41.4467,453,37808,0.0619668,0.03,1,2754423,2753970,453
211959341,40.2355,34.5787,469,37864,0.0247867,0.01,1,2754469,2754000,469
211962261,28.6942,41.4315,444,37920,0.00991468,0.01,1,2754490,2754046,444
211965181,33.6777,30.3726,458,37976,0.0219659,0,1,2754527,2754069,458
211968101,43.4711,33.149,473,38032,0.0507864,0.09,1,2754577,2754104,473
211971021,39.5884,44.4596,458,38088,0.0263145,0.03,1,2754614,2754156,458
211973941,37.4354,38.7838,459,38143,0.0525258,0.03,1,2754650,2754191,459
211976861,37.7741,37.1135,461,38198,0.0510103,0.03,1,2754688,2754227,461
211979781,28.9097,38.2454,445,38253,0.0384041,0.01,1,2754711,2754266,445
211982701,29.5639,28.4982,453,38308,0.0453617,0.07,1,2754741,2754288,453
211985621,38.2255,28.1993,469,38363,0.0481447,0.05,1,2754785,2754316,469
211988541,33.8902,37.6797,456,38418,0.0372579,0.05,1,2754816,2754360,456
211991461,30.9561,35.4719,451,38473,0.0329031,0.07,1,2754845,2754394,451
211994381,39.9824,31.5888,468,38528,0.0431613,0,1,2754891,2754423,468
211997301,29.193,40.2355,444,38583,0.0172645,0,1,2754913,2754469,444
212000221,12.8772,28.6942,425,38638,0.0249058,0.03,1,2754915,2754490,425
212003141,26.7509,33.6777,424,38693,0.0519623,0.07,1,2754951,2754527,424
212006061,40.7004,43.4711,424,38748,0.0627849,0.01,1,2755001,2754577,424
212008981,37.8801,39.5884,423,38803,0.067114,0.07,1,2755037,2754614,423
212011901,37.9521,37.4354,425,38857,0.0328456,0.05,1,2755075,2754650,425
212014821,36.1808,37.7741,422,38911,0.0191382,0.03,1,2755110,2754688,422
212017741,28.8723,28.9097,423,38965,0.0376553,0.05,1,2755134,2754711,423
212020661,28.9489,29.5639,422,39019,0.0330621,0.05,1,2755163,2754741,422
212023581,39.1796,38.2255,424,39073,0.0432248,0.03,1,2755209,2754785,424
212026501,33.0718,33.8902,422,39127,0.0712899,0.03,1,2755238,2754816,422
212029421,31.2287,30.9561,423,39181,0.034516,0.05,1,2755268,2754845,423
212032341,39.4915,39.9824,422,39235,0.0678064,0,1,2755313,2754891,422
212035261,29.5966,29.193,423,39289,0.0451226,0.03,1,2755336,2754913,423
212038181,13.0386,12.8772,423,39343,0.018049,0.07,1,2755338,2754915,423
212041101,26.2155,26.7509,422,39397,0.0492196,0.07,1,2755373,2754951,422
212044021,42.2862,40.7004,425,39451,0.0976878,0.07,1,2755426,2755001,425
212073221,29.5507,29.5966,422,39982,0.0907802,0,1,2755758,2755336,422
212076141,13.0203,13.0386,422,40035,0.0543121,0.07,1,2755760,2755338,422
212079061,26.8081,26.2155,423,40088,0.0277248,0.07,1,2755796,2755373,423
212081981,43.7232,10.4862,478,40141,0.0290899,0.13,1,2755851,2755373,478
212084901,39.0893,35.9945,461,40194,0.053636,0.11,1,2755887,2755426,461
212087821,38.4357,35.3978,464,40247,0.0754544,0.17,1,2755925,2755461,464
212090741,36.9743,35.7591,464,40299,0.0721818,0.15,1,2755961,2755497,464
212093661,28.5897,35.3036,452,40351,0.0828727,0.13,1,2755984,2755532,452
212096581,30.6359,29.1215,459,40403,0.0871491,0.17,1,2756016,2755557,459
212099501,38.6544,29.6486,473,40455,0.0888596,0.19,1,2756060,2755587,473
212119941,44.7186,26.808,478,40819,0.0965008,0.03,1,2756274,2755796,478
212122861,40.0874,43.7232,460,40871,0.0806003,0.07,1,2756311,2755851,460
212125781,40.035,39.0893,464,40923,0.0622401,0.09,1,2756351,2755887,464
212128701,36.414,38.4357,460,40975,0.0788961,0.07,1,2756385,2755925,460
212131621,28.9656,36.9743,448,41027,0.0975584,0.09,1,2756409,2755961,448
212169581,32.6968,36.414,426,41690,0.253591,0.11,1,2756811,2756385,426
212172501,28.0787,28.9656,427,41741,0.251436,0.15,1,2756836,2756409,427
212175421,31.6315,30.7862,429,41792,0.250574,0.19,1,2756870,2756441,429
212178341,40.2526,39.9145,429,41843,0.29823,0.11,1,2756916,2756487,429
212198781,44.6845,43.8427,430,42193,0.439015,0.17,1,2757129,2756699,430
212230901,24.6497,23.9457,440,42741,0.76017,0.37,2,2757472,2757032,440
212233821,11.0599,10.7783,440,42790,0.766068,0.41,2,2757474,2757034,440
212236741,29.024,27.7113,442,42839,0.756427,0.47,2,2757515,2757073,442
212239661,47.0096,44.6845,445,42888,0.776571,0.51,2,2757574,2757129,445
212242581,40.4038,39.4738,445,42937,0.760628,0.47,2,2757610,2757165,445
212245501,17.3615,16.9895,445,42986,0.778251,0.47,2,2757612,2757167,445
212248421,32.7446,6.79581,488,43035,0.773301,0.53,2,2757655,2757167,488
212251341,37.0978,27.9183,486,43084,0.75932,0.57,2,2757695,2757209,486
212254261,29.2391,33.3673,473,43133,0.753728,0.57,2,2757719,2757246,473
212257181,33.2957,27.7469,485,43182,0.751491,0.61,2,2757755,2757270,485
212260101,43.3183,31.4988,501,43231,0.750596,0.65,2,2757805,2757304,501
212263021,34.7273,41.3995,482,43280,0.762239,0.71,2,2757834,2757352,482
212265941,34.8909,33.3598,489,43329,0.754895,0.73,2,2757869,2757380,489
212268861,42.7564,32.5439,505,43378,0.751958,0.77,2,2757917,2757412,505
212271781,25.5025,40.6176,473,43427,0.762783,0.77,2,2757931,2757458,473
212274701,11.401,24.647,461,43476,0.767113,0.77,2,2757933,2757472,461
212295141,29.3812,37.0978,482,43813,0.903018,0.75,2,2758177,2757695,482
212303901,35.3364,43.3183,488,43957,0.900913,0.77,2,2758293,2757805,488
212306821,34.5346,34.7273,493,44005,0.918365,0.75,2,2758327,2757834,493
212321421,48.5543,28.5604,523,44245,0.940364,0.85,2,2758496,2757973,523
212324341,41.6217,46.8242,501,44293,0.946146,0.87,2,2758533,2758032,501
212327261,17.8487,40.3297,467,44341,0.948458,0.89,2,2758535,2758068,467
212461581,27.2569,31.8894,502,46478,0.919354,1,2,2760010,2759508,502
212464501,30.1027,25.9558,512,46523,0.913742,1,2,2760042,2759530,512
212482021,29.1637,28.1122,521,46793,0.425046,1,1,2760224,2759703,521
212487861,39.2262,47.818,504,46883,0.203607,1,1,2760302,2759798,504
212493701,26.9162,32.4909,500,46973,0.0865772,1,1,2760358,2759858,500
212496621,30.5665,28.5963,507,47018,0.0646309,1,1,2760391,2759884,507
212499541,34.4266,33.6385,507,47063,0.0318523,0.95,1,2760428,2759921,507
212502461,30.5706,33.8554,501,47108,0.0307409,0.81,1,2760456,2759955,501
212505381,24.8283,32.1422,491,47153,0.0182964,0.95,1,2760477,2759986,491
212508301,29.1313,27.2569,499,47198,0.0493186,0.91,1,2760509,2760010,499
212511221,29.0525,30.1027,496,47243,0.0617274,0.87,1,2760538,2760042,496
212514141,23.021,30.6411,484,47288,0.078691,0.79,1,2760557,2760073,484
212517061,29.0084,28.4564,490,47333,0.0614764,0.61,1,2760590,2760100,490
212519981,30.8034,34.1826,484,47378,0.0905906,0.55,1,2760622,2760138,484
212543341,29.8944,30.5665,423,47730,0.0962048,0.01,1,2760814,2760391,423
212546261,33.5577,34.4266,422,47774,0.0564819,0.03,1,2760850,2760428,422
212549181,30.2231,30.5706,422,47818,0.0285928,0.01,1,2760878,2760456,422
212552101,24.6892,24.8283,422,47862,0.0114371,0.07,1,2760899,2760477,422
212555021,30.8757,29.1313,425,47906,0.0105748,0.07,1,2760934,2760509,425
212557941,30.9503,29.0525,427,47950,0.0582299,0.09,1,2760965,2760538,427
212581301,37.0164,34.3493,430,48302,0.204778,0.19,1,2761161,2760731,430
212584221,31.6066,32.3397,427,48346,0.243911,0.11,1,2761189,2760762,427
212587141,23.4426,23.7359,427,48390,0.259564,0.07,1,2761207,2760780,427
212598821,24.3169,24.6892,422,48564,0.258693,0.01,1,2761321,2760899,422
212625101,26.5544,15.261,461,48951,0.201914,0.17,1,2761546,2761085,461
212657221,29.2603,24.9562,461,49424,0.224988,0.19,1,2761872,2761411,461
212660141,33.3041,28.5825,466,49467,0.275995,0.19,1,2761908,2761442,466
212663061,14.5216,33.033,432,49510,0.296398,0.19,1,2761910,2761478,432
212695181,28.7924,22.4811,460,49974,0.429309,0.13,1,2762212,2761752,460
212698101,34.317,28.1924,466,50016,0.429724,0.17,1,2762250,2761784,466
212701021,26.9268,32.877,452,50058,0.405889,0.21,1,2762272,2761820,452
212727301,30.4273,32.7858,440,50436,0.403426,0.37,1,2762492,2762052,440
212730221,22.9709,23.9143,440,50478,0.43137,0.37,1,2762510,2762070,440
212779861,23.4562,22.9709,442,51182,0.767836,0.47,2,2762952,2762510,442
212782781,29.1825,28.3884,443,51223,0.793135,0.47,2,2762985,2762542,443
212800301,27.0107,26.6273,449,51469,0.926041,0.57,2,2763162,2762713,449
212803221,32.4043,31.0509,451,51510,0.916416,0.65,2,2763198,2762747,451
212806141,36.9617,34.0204,455,51551,0.936567,0.65,2,2763238,2762783,455
212809061,15.9847,14.8081,455,51592,0.944627,0.67,2,2763240,2762785,455
212844101,35.6153,25.2794,503,52082,0.942483,0.89,2,2763570,2763067,503
212847021,35.8461,32.3118,502,52122,0.922993,0.91,2,2763606,2763104,502
212849941,27.5384,34.5247,488,52162,0.927197,0.95,2,2763628,2763140,488
212852861,31.4154,27.0099,500,52202,0.928879,0.91,2,2763662,2763162,500
212855781,38.9662,32.404,508,52242,0.941552,0.95,2,2763706,2763198,508
212858701,16.7865,36.9616,470,52282,0.946621,0.95,2,2763708,2763238,470
212861621,15.1146,15.9846,482,52322,0.948648,0.97,2,2763722,2763240,482
213052881,327.66,360.977,495,24820,0.418,0.81,1,2765966,2765471,495
213101061,95.5056,115.956,453,25550,0.07408,0.61,1,2766096,2765643,453
213103981,73.0022,60.7825,487,25633,0.059632,0.41,1,2766154,2765667,487
213106901,61.0009,66.313,470,25716,0.0238528,0.19,1,2766207,2765737,470
213109821,61.0004,72.7252,454,25798,0.0155411,0.05,1,2766268,2765814,454
213112741,58.0001,60.2901,458,25880,0.00621645,0.01,1,2766324,2765866,458
213115661,41.8001,55.316,437,25962,0.0204866,0,1,2766355,2765918,437
213118581,34.12,37.7264,440,26044,0.00819463,0.03,1,2766384,2765944,440
213121501,38.848,28.2906,460,26125,0.0212779,0.01,1,2766426,2765966,460
213124421,50.9392,49.1162,456,26206,0.0145111,0,1,2766485,2766029,456
213127341,76.1757,59.8465,482,26287,0.0358045,0.05,1,2766578,2766096,482
213130261,61.6703,58.7386,476,26368,0.0323218,0,1,2766630,2766154,476
213133181,60.6681,55.2954,483,26448,0.0549287,0.01,1,2766690,2766207,483
213136101,57.2672,58.7182,477,26528,0.0219715,0,1,2766745,2766268,477
213139021,41.5069,57.0873,452,26608,0.0387886,0.03,1,2766776,2766324,452
213141941,34.0028,41.4349,450,26688,0.0155154,0,1,2766805,2766355,450
213144861,38.8011,33.974,463,26767,0.0242062,0.03,1,2766847,2766384,463
213147781,50.9204,38.7896,480,26846,0.0156825,0.01,1,2766906,2766426,480
213150701,21.5682,50.9158,423,26925,0.00627299,0.05,1,2766908,2766485,423
213153621,67.4273,76.1663,428,27004,0.0565092,0.03,1,2767006,2766578,428
213156541,55.1709,61.6665,423,27082,0.0886037,0.07,1,2767053,2766630,423
213162381,55.6273,57.2666,422,27238,0.0597766,0.05,1,2767167,2766745,422
213165301,40.8509,41.5067,422,27316,0.0539106,0,1,2767198,2766776,422
213168221,34.3404,34.0027,423,27394,0.0215643,0.03,1,2767228,2766805,423
213171141,38.9361,38.8011,423,27471,0.0146257,0.01,1,2767270,2766847,423
213174061,50.9745,50.9204,423,27548,0.00585028,0,1,2767329,2766906,423
213176981,21.5898,21.5682,423,27625,0.00234011,0.09,1,2767331,2766908,423
213179901,68.6359,67.4273,425,27702,0.018936,0.11,1,2767431,2767006,425
213182821,56.2544,55.1709,426,27778,0.0255744,0.19,1,2767479,2767053,426
213185741,60.3017,58.0684,429,27854,0.0402298,0,1,2767542,2767113,429
213188661,52.3207,55.6273,422,27930,0.0580919,0.05,1,2767589,2767167,422
213191581,39.5283,40.8509,422,28006,0.0232368,0,1,2767620,2767198,422
213194501,35.0113,34.3404,424,28082,0.0092947,0.01,1,2767652,2767228,424
213197421,38.0045,38.9361,422,28157,0.00971788,0,1,2767692,2767270,422
213200341,50.6018,50.9745,422,28232,0.00388715,0,1,2767751,2767329,422
213203261,21.4407,21.5898,422,28307,0.00155486,0.03,1,2767753,2767331,422
213206181,68.5763,68.6359,422,28382,0.0186219,0.03,1,2767853,2767431,422
213209101,56.2305,27.4544,470,28457,0.0494488,0.03,1,2767901,2767431,470
213212021,61.4922,39.7817,487,28531,0.0737795,0.05,1,2767966,2767479,487
213214941,51.5969,53.7127,469,28605,0.0955118,0.07,1,2768011,2767542,469
213217861,38.6388,49.6851,452,28679,0.0802047,0,1,2768041,2767589,452
213220781,35.2555,38.474,454,28753,0.0320819,0,1,2768074,2767620,454
213223701,37.5022,34.5896,461,28827,0.0188328,0.01,1,2768113,2767652,461
213226621,50.4009,37.8358,480,28900,0.0135331,0,1,2768172,2767692,480
213229541,21.3604,50.5343,423,28973,0.00541324,0,1,2768174,2767751,423
213232461,68.5441,21.4137,521,29046,0.0441653,0.03,1,2768274,2767753,521
213235381,58.0177,68.5655,472,29119,0.0596661,0.07,1,2768325,2767853,472
213238301,62.8071,56.2262,490,29192,0.0898664,0.09,1,2768391,2767901,490
213249981,37.6655,35.2554,461,29481,0.0711806,0.01,1,2768535,2768074,461
213252901,49.8662,37.5022,480,29553,0.0584722,0.01,1,2768593,2768113,480
213255821,21.1465,50.4009,423,29625,0.0293889,0,1,2768595,2768172,423
213258741,69.0586,21.3603,522,29696,0.0177556,0.07,1,2768696,2768174,522
213261661,59.4234,68.5441,475,29767,0.0251022,0.07,1,2768749,2768274,475
213264581,64.5694,58.0177,492,29838,0.0640409,0.11,1,2768817,2768325,492
213267501,27.0277,62.8071,428,29909,0.0796164,0.15,1,2768819,2768391,428
213276261,29.0658,34.1637,425,30121,0.224215,0.05,1,2768920,2768495,425
213279181,35.0263,37.6655,424,30191,0.263686,0.05,1,2768959,2768535,424
213282101,47.6105,49.8662,422,30261,0.291474,0.01,1,2769015,2768593,422
213290861,59.5191,59.4234,423,30471,0.0712144,0.09,1,2769172,2768749,423
213293781,67.0076,64.5694,427,30540,0.0464857,0.09,1,2769244,2768817,427
213296701,28.003,27.0277,427,30609,0.0365943,0.17,1,2769246,2768819,427
213299621,40.6012,38.4111,430,30678,0.0206377,0.17,1,2769295,2768865,430
213302541,34.2405,32.1644,432,30747,0.0142551,0.27,1,2769325,2768893,432
213305461,30.4962,29.0658,433,30816,0.023702,0.29,1,2769353,2768920,433
213308381,36.1985,35.0263,434,30885,0.0874808,0.31,1,2769393,2768959,434
213320061,56.5107,59.5191,422,31158,0.203312,0.03,1,2769594,2769172,422
213322981,65.8043,67.0076,422,31226,0.207325,0.03,1,2769666,2769244,422
213325901,27.5217,28.003,422,31294,0.20893,0.03,1,2769668,2769246,422
213328821,39.8087,11.2012,470,31362,0.209572,0.01,1,2769716,2769246,470
213331741,33.9235,33.8805,451,31429,0.221829,0.01,1,2769746,2769295,451
213334661,31.5694,31.5522,451,31496,0.214731,0.03,1,2769776,2769325,451
213346341,65.373,20.1229,522,31764,0.202633,0.19,1,2769972,2769450,522
213349261,57.3492,63.2492,482,31831,0.219053,0.23,1,2770024,2769542,482
213352181,65.5397,56.4997,501,31897,0.249621,0.21,1,2770095,2769594,501
213355101,27.4159,65.7999,431,31963,0.261849,0.21,1,2770097,2769666,431
213358021,40.9663,27.5199,479,32029,0.290739,0.21,1,2770147,2769668,479
213375541,65.9301,20.9324,526,32424,0.41743,0.21,1,2770403,2769877,526
213410581,60.259,58.172,446,33198,0.750708,0.51,2,2770902,2770456,446
213413501,68.5036,67.0688,447,33262,0.762283,0.51,2,2770976,2770529,447
213416421,28.6014,28.0275,447,33326,0.766913,0.55,2,2770978,2770531,447
213419341,43.8406,42.411,449,33389,0.756765,0.55,2,2771032,2770583,449
213422261,36.7362,36.1644,449,33452,0.788706,0.55,2,2771064,2770615,449
213428101,24.9578,24.2663,450,33578,0.770593,0.65,2,2771097,2770647,450
213431021,35.7831,34.3065,452,33641,0.782237,0.69,2,2771140,2770688,452
213433941,49.7132,47.9226,454,33704,0.786895,0.69,2,2771199,2770745,454
213436861,21.0853,20.369,454,33767,0.788758,0.75,2,2771201,2770747,454
213448541,28.9078,28.6014,460,34017,0.906224,0.75,2,2771438,2770978,460
213451461,43.3631,43.8406,459,34079,0.90849,0.81,2,2771491,2771032,459
213454381,37.1452,36.7362,460,34141,0.921396,0.81,2,2771524,2771064,460
213457301,16.0581,15.8945,460,34203,0.926558,0.75,2,2771526,2771066,460
213582861,44.9814,41.8572,490,36767,0.9172,1,2,2773363,2772873,490
213600381,22.0467,31.7956,494,37109,0.0701773,1,1,2773556,2773062,494
213603301,25.0187,30.7182,491,37166,0.0580709,1,1,2773583,2773092,491
213606221,30.4075,12.2873,525,37223,0.0772284,1,1,2773617,2773092,525
213609141,52.363,21.7149,564,37280,0.0488914,1,1,2773684,2773120,564
213612061,49.7452,57.886,530,37337,0.0255565,1,1,2773732,2773202,530
213614981,61.2981,57.9544,541,37394,0.0102226,0.93,1,2773801,2773260,541
213617901,39.5192,66.9818,493,37451,0.022089,0.89,1,2773826,2773333,493
213620821,29.0077,44.7927,485,37507,0.0148356,0.77,1,2773848,2773363,485
213623741,31.4031,36.5171,487,37563,0.0119342,0.61,1,2773881,2773394,487
213626661,26.9612,38.6068,471,37619,0.0467737,0.35,1,2773905,2773434,471
213629581,26.9845,38.8427,459,37675,0.0847095,0.23,1,2773932,2773473,459
213632501,29.9938,36.5371,456,37731,0.0878838,0.07,1,2773964,2773508,456
213635421,19.7975,35.6148,434,37787,0.0651535,0,1,2773977,2773543,434
213638341,24.719,22.0459,449,37843,0.0320614,0.05,1,2774005,2773556,449
213641261,30.2876,25.0184,456,37899,0.0188246,0.09,1,2774039,2773583,456
213644181,51.715,30.4074,488,37955,0.0375298,0.03,1,2774105,2773617,488
213647101,50.086,52.3629,470,38011,0.0450119,0.01,1,2774154,2773684,470
213650021,61.4344,49.7452,491,38067,0.0180048,0,1,2774223,2773732,491
213652941,39.5738,61.2981,447,38122,0.0612019,0.03,1,2774248,2773801,447
213655861,28.4295,39.5192,443,38177,0.0424808,0.01,1,2774269,2773826,443
213658781,31.1718,29.0077,454,38232,0.0469923,0.01,1,2774302,2773848,454
213661701,28.6687,31.4031,448,38287,0.0367969,0.07,1,2774329,2773881,448
213664621,27.0675,26.9612,450,38342,0.0447188,0.11,1,2774355,2773905,450
213667541,30.627,26.9845,456,38397,0.0358875,0.09,1,2774388,2773932,456
213670461,19.4508,29.9938,436,38452,0.032355,0.05,1,2774400,2773964,436
213673381,23.9803,19.7975,450,38507,0.012942,0.01,1,2774427,2773977,450
213676301,31.7921,24.719,459,38562,0.0351768,0.01,1,2774464,2774005,459
213679221,52.3169,30.2876,491,38617,0.0320707,0.05,1,2774530,2774039,491
213682141,22.1267,51.715,427,38672,0.0308283,0.05,1,2774532,2774105,427
213685061,35.2507,50.086,422,38727,0.0303313,0,1,2774576,2774154,422
213687981,57.3003,61.4344,425,38782,0.0181325,0.09,1,2774648,2774223,425
213690901,37.9201,39.5738,425,38836,0.049253,0.03,1,2774673,2774248,425
213693821,25.968,28.4295,422,38890,0.0857012,0.05,1,2774691,2774269,422
213699661,27.5549,28.6687,422,38998,0.0941122,0.05,1,2774751,2774329,422
213702581,27.822,27.0675,424,39052,0.0676449,0.03,1,2774779,2774355,424
213708421,19.3315,19.4508,423,39160,0.0960232,0,1,2774823,2774400,423
213711341,23.9326,23.9803,423,39214,0.0384093,0.05,1,2774850,2774427,423
213714261,32.373,31.7921,424,39268,0.0213637,0.03,1,2774888,2774464,424
213717181,51.9492,52.3169,423,39322,0.0145455,0.03,1,2774953,2774530,423
213720101,21.9797,22.1267,423,39376,0.0358182,0.03,1,2774955,2774532,423
213723021,34.5919,35.2507,422,39430,0.0323273,0.01,1,2774998,2774576,422
213725941,57.0367,57.3003,422,39484,0.0189309,0.07,1,2775070,2774648,422
213728861,39.6147,37.9201,425,39537,0.0375724,0.11,1,2775098,2774673,425
213731781,26.6459,25.968,425,39590,0.0450289,0.11,1,2775116,2774691,425
213734701,31.6584,31.3872,425,39643,0.0840116,0.09,1,2775151,2774726,425
213737621,28.2633,27.5549,426,39696,0.0876046,0.05,1,2775177,2774751,426
213752221,31.8993,32.373,423,39961,0.0763243,0.01,1,2775311,2774888,423
213755141,51.1597,51.9492,422,40014,0.0365297,0.05,1,2775375,2774953,422
213758061,21.6639,21.9797,422,40067,0.0206119,0.05,1,2775377,2774955,422
213760981,33.8656,8.79187,464,40120,0.0142448,0.03,1,2775419,2774955,464
213763901,56.7462,29.3168,493,40173,0.0236979,0.01,1,2775491,2774998,493
213766821,39.4985,54.9267,449,40226,0.0274792,0.05,1,2775519,2775070,449
213769741,27.1994,38.7707,440,40278,0.0169917,0.05,1,2775538,2775098,440
213772661,33.0798,26.3083,459,40330,0.0367967,0.11,1,2775575,2775116,459
213775581,30.0319,31.5233,452,40382,0.0327187,0.09,1,2775603,2775151,452
213778501,30.0128,28.2093,456,40434,0.0190875,0.17,1,2775633,2775177,456
213781421,31.2051,27.4837,461,40486,0.025635,0.19,1,2775665,2775204,461
213784341,20.882,30.7935,442,40538,0.040254,0.17,1,2775679,2775237,442
213787261,17.9528,20.1174,445,40590,0.0581016,0.13,1,2775695,2775250,445
213790181,29.9811,21.247,461,40642,0.0412406,0.03,1,2775733,2775272,461
213793101,49.7925,31.8988,485,40694,0.0344963,0.01,1,2775796,2775311,485
213796021,21.117,51.1595,423,40746,0.0317985,0.01,1,2775798,2775375,423
213798941,34.2468,21.6638,464,40798,0.0547194,0.01,1,2775841,2775377,464
213801861,56.8987,33.8655,494,40850,0.0398878,0.03,1,2775913,2775419,494
213804781,39.5595,56.7462,450,40902,0.0459551,0.03,1,2775941,2775491,450
213807701,26.6238,39.4985,440,40954,0.060382,0.01,1,2775959,2775519,440
213810621,34.0495,27.1994,460,41006,0.0541528,0.05,1,2775998,2775538,460
213813541,29.8198,33.0798,450,41057,0.0876611,0.03,1,2776025,2775575,450
213816461,29.9279,30.0319,452,41108,0.0770645,0.01,1,2776055,2775603,452
213819381,31.7712,30.0128,455,41159,0.0848258,0.03,1,2776088,2775633,455
213822301,21.7085,31.2051,438,41210,0.0759303,0.05,1,2776103,2775665,438
213825221,18.2834,20.882,440,41261,0.0843721,0.07,1,2776119,2775679,440
213831061,49.9653,29.9811,486,41363,0.0842995,0.03,1,2776219,2775733,486
213833981,21.1861,49.7925,425,41414,0.0637198,0.03,1,2776221,2775796,425
213836901,33.6745,21.117,465,41465,0.0554879,0.07,1,2776263,2775798,465
213839821,56.6698,34.2468,494,41516,0.0401952,0.03,1,2776335,2775841,494
213842741,23.8679,56.8987,424,41567,0.0340781,0.05,1,2776337,2775913,424
213845661,26.9472,39.5595,425,41618,0.0436312,0.07,1,2776366,2775941,425
213848581,21.5789,26.6238,425,41669,0.0474525,0.05,1,2776384,2775959,425
213851501,32.0315,34.0495,425,41720,0.036981,0.11,1,2776423,2775998,425
213854421,30.2126,29.8198,427,41771,0.0687924,0.07,1,2776452,2776025,427
213857341,28.885,29.9279,425,41822,0.093517,0.09,1,2776480,2776055,425
213901141,33.5789,31.954,427,42572,0.227982,0.13,1,2776941,2776514,427
213904061,23.0316,21.7816,428,42622,0.253193,0.15,1,2776957,2776529,428
213906981,20.6126,18.9126,430,42672,0.287277,0.19,1,2776976,2776546,430
213915741,19.3672,19.8344,427,42819,0.404066,0.11,1,2777071,2776644,427
213918661,33.5469,33.7338,427,42868,0.419626,0.13,1,2777114,2776687,427
213921581,55.4188,56.0935,426,42917,0.44985,0.13,1,2777184,2776758,426
213947861,22.8499,22.967,456,43358,0.417847,0.31,1,2777413,2776957,456
213950781,33.7399,20.5868,478,43407,0.413139,0.43,1,2777454,2776976,478
213953701,47.096,31.0347,496,43456,0.435256,0.41,1,2777510,2777014,496
213956621,20.0384,45.4139,443,43505,0.444102,0.41,1,2777512,2777069,443
214023781,29.372,31.9256,451,44605,0.759224,0.59,2,2778231,2777780,451
214026701,33.9488,34.9702,451,44652,0.77769,0.59,2,2778268,2777817,451
214029621,23.7795,23.5881,452,44699,0.773076,0.61,2,2778285,2777833,452
214032541,21.5118,21.4352,452,44746,0.78323,0.63,2,2778305,2777853,452
214035461,35.6047,34.9741,453,44793,0.799292,0.69,2,2778350,2777897,453
214052981,27.9977,27.926,459,45075,0.91243,0.75,2,2778566,2778107,459
214055901,21.9991,21.9704,459,45122,0.922972,0.73,2,2778584,2778125,459
214058821,31.5996,32.1882,458,45169,0.939189,0.73,2,2778622,2778164,458
214061741,13.8399,14.0753,458,45216,0.945676,0.75,2,2778624,2778166,458
214064661,24.7359,25.4301,457,45263,0.93627,0.77,2,2778656,2778199,457
214245701,26.387,20.5996,524,48064,0.914512,1,2,2780629,2780105,524
214304101,123.536,116.198,478,22093,0.0822115,0.03,1,2781313,2780835,478
214307021,96.2145,109.479,451,22189,0.0628846,0.01,1,2781391,2780940,451
214309941,72.6858,83.9916,441,22285,0.0251538,0.03,1,2781448,2781007,441
214312861,56.6743,62.9967,438,22380,0.0400615,0.01,1,2781494,2781056,438
214315781,46.6697,58.7987,422,22475,0.0220246,0.01,1,2781534,2781112,422
214318701,35.4679,30.1195,439,22569,0.0508098,0.01,1,2781562,2781123,439
214321621,59.1872,29.4478,485,22663,0.0623239,0.03,1,2781637,2781152,485
214324541,81.8749,49.5791,519,22757,0.0429296,0.03,1,2781734,2781215,519
214327461,79.5499,78.6316,499,22850,0.0351718,0.05,1,2781812,2781313,499
214330381,66.02,78.2527,478,22943,0.0200687,0,1,2781869,2781391,478
214333301,54.608,65.5011,468,23035,0.0140275,0.05,1,2781916,2781448,468
214336221,45.2432,53.8004,461,23127,0.011611,0.01,1,2781955,2781494,461
214339141,36.6973,45.5202,452,23219,0.0466444,0.07,1,2781986,2781534,452
214342061,59.0789,35.0081,498,23310,0.0486578,0.07,1,2782060,2781562,498
214344981,80.6316,59.0032,518,23401,0.0254631,0.03,1,2782155,2781637,518
214347901,79.0526,81.8013,499,23492,0.0641852,0.03,1,2782233,2781734,499
214350821,66.4211,79.5205,479,23582,0.0436741,0.01,1,2782291,2781812,479
214353741,54.1684,66.0082,468,23672,0.0354696,0.01,1,2782337,2781869,468
214356661,45.0674,54.6033,460,23762,0.0201879,0.01,1,2782376,2781916,460
214359581,38.4269,45.2413,455,23851,0.0140751,0.07,1,2782410,2781955,455
214362501,57.9708,36.6965,495,23940,0.0236301,0.05,1,2782481,2781986,495
214365421,24.3883,59.0786,423,24029,0.027452,0.01,1,2782483,2782060,423
214368341,66.1553,80.6314,422,24117,0.0169808,0.09,1,2782577,2782155,422
214371261,73.8621,79.0526,423,24205,0.0727923,0.03,1,2782656,2782233,423
214374181,64.3449,66.421,423,24293,0.0591169,0.03,1,2782714,2782291,423
214377101,52.7379,54.1684,422,24380,0.0536468,0.01,1,2782759,2782337,422
214380021,44.4952,45.0674,422,24467,0.0274587,0.01,1,2782798,2782376,422
214382941,38.7981,38.4269,423,24554,0.0109835,0.03,1,2782833,2782410,423
214385861,58.1192,57.9708,423,24640,0.0223934,0.03,1,2782904,2782481,423
214388781,24.4477,24.3883,423,24726,0.0509574,0.01,1,2782906,2782483,423
214391701,65.5791,66.1553,422,24812,0.0503829,0.11,1,2782999,2782577,422
214394621,76.6316,73.8621,427,24897,0.0621532,0.05,1,2783083,2782656,427
214400461,51.2611,52.7379,422,25067,0.0999445,0.01,1,2783181,2782759,422
214403381,43.9044,44.4952,422,25152,0.0699778,0,1,2783220,2782798,422
214406301,39.1618,38.7981,423,25236,0.0339911,0.03,1,2783256,2782833,423
214409221,58.2647,58.1192,423,25320,0.0315964,0.07,1,2783327,2782904,423
214412141,24.5059,24.4477,423,25404,0.0306386,0.05,1,2783329,2782906,423
214415061,65.6024,65.5791,423,25487,0.0182554,0.05,1,2783422,2782999,423
214417981,77.2409,26.2316,508,25570,0.0733022,0.07,1,2783507,2782999,508
214420901,65.0964,60.8927,481,25653,0.0593209,0.15,1,2783564,2783083,481
214423821,50.6385,57.3571,467,25736,0.0537283,0.09,1,2783605,2783138,467
214426741,41.8554,48.7428,460,25818,0.0754913,0.05,1,2783641,2783181,460
214429661,38.3422,42.8971,457,25900,0.0361965,0.01,1,2783677,2783220,457
214432581,58.5369,38.7589,493,25982,0.0924786,0.03,1,2783749,2783256,493
214441341,80.0184,65.5766,511,26226,0.0507986,0.11,1,2783933,2783422,511
214444261,64.4073,77.2306,480,26307,0.0623195,0.05,1,2783987,2783507,480
214447181,50.3629,65.0923,464,26388,0.0909278,0.05,1,2784028,2783564,464
214461781,65.4386,24.6147,519,26787,0.0894911,0.11,1,2784270,2783751,519
214467621,32.0702,80.0184,424,26945,0.0827186,0.07,1,2784357,2783933,424
214479301,35.4434,36.9781,428,27258,0.24159,0.11,1,2784527,2784099,428
214482221,59.7774,60.9912,427,27336,0.270636,0.11,1,2784603,2784176,427
214493901,31.8471,32.0702,425,27644,0.41056,0.13,1,2784782,2784357,425
214496821,48.1388,46.4281,428,27721,0.410224,0.23,1,2784841,2784413,428
214499741,46.2555,43.7712,431,27797,0.44609,0.21,1,2784886,2784455,431
214546461,32.9984,78.2543,451,28992,0.751575,0.61,2,2785672,2785221,451
214549381,50.3994,32.5017,511,29065,0.76263,0.65,2,2785734,2785223,511
214552301,48.3597,49.0007,498,29138,0.755052,0.61,2,2785781,2785283,498
214555221,44.5439,49.0003,491,29211,0.776021,0.55,2,2785823,2785332,491
214584421,35.1568,44.5439,463,29927,0.92557,0.83,2,2786286,2785823,463
214587341,35.0627,38.8176,463,29998,0.928228,0.87,2,2786321,2785858,463
214709981,35.3369,58.6947,494,32830,0.947797,1,2,2788310,2787816,494
214712901,30.9348,43.2779,489,32894,0.925119,1,2,2788338,2787849,489
214812181,38.3945,34.4405,522,35013,0.946,1,2,2789820,2789298,522
214844301,42.238,37.4863,521,35671,0.928626,0.91,2,2790302,2789781,521
214847221,18.0952,38.3945,484,35730,0.94145,1,2,2790304,2789820,484
214855981,37.4941,38.6972,482,35907,0.949453,0.99,2,2790477,2789995,482
214984461,37.9895,35.5885,514,38410,0.93208,1,2,2792204,2791690,514
214987381,32.5958,38.8354,502,38465,0.900832,1,2,2792233,2791731,502
214990301,66.4383,24.5342,576,38520,0.762333,1,2,2792322,2791746,576
215051621,37.6837,38.0861,446,39656,0.753371,0.51,2,2793026,2792580,446
215054541,30.6735,30.8344,446,39709,0.763348,0.55,2,2793052,2792606,446
215057461,35.6694,35.1338,447,39762,0.755339,0.57,2,2793091,2792644,447
215066221,56.5948,57.0646,447,39921,0.755622,0.55,2,2793221,2792774,447
215069141,44.8379,43.2258,450,39974,0.776249,0.57,2,2793258,2792808,450
215072061,34.1352,34.0903,449,40027,0.796499,0.55,2,2793285,2792836,449
215077901,30.3016,9.29445,484,40133,0.79584,0.63,2,2793336,2792852,484
215083741,37.8483,26.3271,497,40239,0.771734,0.69,2,2793409,2792912,497
215086661,35.5393,35.1308,490,40291,0.758694,0.77,2,2793443,2792953,490
215089581,38.2157,33.8523,497,40343,0.789477,0.77,2,2793483,2792986,497
215107101,45.8786,56.5934,497,40655,0.900029,0.79,2,2793718,2793221,497
215110021,33.9515,44.8374,486,40707,0.906012,0.81,2,2793744,2793258,486
215112941,23.1806,34.1349,475,40759,0.908405,0.81,2,2793760,2793285,475
215115861,31.4722,23.254,496,40811,0.909362,0.79,2,2793797,2793301,496
215118781,29.3889,30.3016,489,40863,0.945745,0.81,2,2793825,2793336,489
215261861,36.9021,28.3182,521,43321,0.76216,1,2,2795526,2795005,521
215273541,37.2951,41.4001,504,43517,0.241031,1,1,2795696,2795192,504
215279381,29.9672,23.784,513,43613,0.066165,1,1,2795748,2795235,513
215282301,31.1869,28.7136,513,43661,0.068466,1,1,2795780,2795267,513
215285221,28.6748,30.0854,509,43709,0.0693864,1,1,2795807,2795298,509
215288141,25.8699,27.6342,507,43757,0.0457546,1,1,2795831,2795324,507
215291061,23.548,27.2537,502,43805,0.0243018,1,1,2795853,2795351,502
215293981,26.8192,28.3015,502,43853,0.0277207,1,1,2795882,2795380,502
215296901,37.1277,31.7206,512,43901,0.0770883,0.96,1,2795926,2795414,512
215299821,32.2511,37.8882,499,43949,0.0488353,0.75,1,2795955,2795456,499
215302741,31.5004,33.7553,499,43997,0.0615341,0.71,1,2795986,2795487,499
215305661,40.8002,36.9021,507,44045,0.0786137,0.55,1,2796033,2795526,507
215308581,33.7201,51.3608,475,44093,0.0854455,0.35,1,2796062,2795587,475
215311501,35.088,40.3443,478,44141,0.0881782,0.27,1,2796098,2795620,478
215320261,27.7816,26.918,453,44285,0.0884434,0.01,1,2796169,2795716,453
215323181,30.3127,29.9672,453,44333,0.0773774,0.07,1,2796201,2795748,453
215326101,28.3251,31.1869,448,44381,0.0369509,0.07,1,2796228,2795780,448
215329021,26.93,28.6748,447,44429,0.0207804,0.03,1,2796254,2795807,447
215331941,11.972,25.8699,425,44476,0.0143122,0.01,1,2796256,2795831,425
215334861,18.5888,23.548,426,44523,0.0357249,0.03,1,2796279,2795853,426
215337781,24.8355,26.8192,426,44570,0.0442899,0.11,1,2796308,2795882,426
215340701,35.7342,37.1277,425,44617,0.059716,0.03,1,2796351,2795926,425
215343621,30.4937,32.2511,423,44664,0.0538864,0.07,1,2796378,2795955,423
215346541,32.5975,31.5004,426,44711,0.0995546,0.09,1,2796412,2795986,426
215355301,35.9982,35.088,428,44852,0.213011,0.15,1,2796526,2796098,428
215358221,27.5993,26.6352,429,44899,0.235205,0.11,1,2796548,2796119,429
215361141,20.6397,21.4541,427,44946,0.232082,0.07,1,2796564,2796137,427
215364061,24.4559,27.7816,422,44993,0.242833,0.07,1,2796591,2796169,422
215372821,26.9572,26.93,423,45134,0.0489013,0.01,1,2796677,2796254,423
215375741,11.9829,11.972,423,45181,0.0255605,0.05,1,2796679,2796256,423
215378661,19.1931,18.5888,424,45228,0.0162242,0.05,1,2796703,2796279,424
215381581,25.0773,24.8355,424,45275,0.0124897,0.07,1,2796732,2796308,424
215384501,36.4309,35.7342,425,45322,0.0349959,0.05,1,2796776,2796351,425
215387421,30.1724,30.4937,424,45369,0.0799984,0.13,1,2796802,2796378,424
215390341,33.6689,32.5975,426,45415,0.0859993,0.19,1,2796838,2796412,426
215393261,43.4676,41.239,429,45461,0.0883997,0.21,1,2796888,2796459,429
215396181,37.187,34.4956,432,45507,0.0653599,0.23,1,2796921,2796489,432
215399101,36.4748,35.9982,431,45553,0.092144,0.25,1,2796957,2796526,431
215402021,28.3899,27.5993,432,45599,0.0668576,0.23,1,2796980,2796548,432
215416621,25.4206,26.9572,422,45829,0.0602334,0.01,1,2797099,2796677,422
215419541,11.3683,11.9829,422,45875,0.0300934,0.01,1,2797101,2796679,422
215422461,18.9473,19.1931,422,45921,0.0180373,0.01,1,2797125,2796703,422
215425381,24.9789,7.67726,451,45967,0.0132149,0.01,1,2797154,2796703,451
215428301,37.5916,20.4709,468,46013,0.023286,0.05,1,2797200,2796732,468
215431221,30.6366,34.5884,450,46059,0.0273144,0.11,1,2797226,2796776,450
215434141,33.2547,29.4353,459,46105,0.0529258,0.09,1,2797261,2796802,459
215437061,43.9019,33.3741,474,46151,0.0631703,0.09,1,2797312,2796838,474
215439981,37.3607,43.3497,457,46197,0.0672681,0.05,1,2797345,2796888,457
215442901,36.5443,37.1399,460,46243,0.0689073,0.11,1,2797381,2796921,460
215445821,28.4177,36.4559,447,46289,0.0695629,0.05,1,2797404,2796957,447
215483781,37.2062,43.9019,457,46876,0.203923,0.07,1,2797769,2797312,457
215486701,36.4825,37.3607,460,46921,0.231569,0.07,1,2797805,2797345,460
215489621,30.193,36.5443,450,46966,0.254628,0.07,1,2797831,2797381,450
215492541,23.4772,28.4177,446,47011,0.287851,0.15,1,2797850,2797404,446
215527581,44.662,45.0155,432,47547,0.405318,0.23,1,2798169,2797737,432
215530501,37.6648,37.2062,433,47591,0.408127,0.25,1,2798202,2797769,433
215533421,37.8659,36.4825,435,47635,0.421251,0.27,1,2798240,2797805,435
215539261,23.8185,23.4772,437,47723,0.4382,0.31,1,2798287,2797850,437
215644381,21.9003,28.0497,471,49288,0.759601,0.67,2,2799289,2798818,471
215647301,9.9601,21.4199,456,49331,0.76584,0.67,2,2799291,2798835,456
215650221,18.384,9.76796,478,49374,0.768336,0.67,2,2799315,2798837,478
215653141,24.1536,18.3072,482,49417,0.793334,0.67,2,2799343,2798861,482
215670661,37.5704,45.6944,487,49673,0.927286,0.69,2,2799548,2799061,487
216086761,66.5171,54.2262,509,25880,0.0610912,0.73,1,2803692,2803183,509
216089681,57.2069,64.2905,489,25962,0.0424365,0.67,1,2803743,2803254,489
216092601,57.0827,69.5162,473,26044,0.0709746,0.45,1,2803800,2803327,473
216095521,53.4331,69.8065,454,26125,0.0583898,0.37,1,2803851,2803397,454
216098441,40.5732,47.7226,453,26206,0.0773559,0.27,1,2803883,2803430,453
216101361,57.6293,38.289,490,26287,0.0969424,0.21,1,2803952,2803462,490
216115961,56.3488,54.178,481,26688,0.204484,0.09,1,2804224,2803743,481
216118881,52.5395,55.8712,474,26767,0.231794,0.05,1,2804274,2803800,474
216121801,42.0158,52.9485,458,26846,0.254717,0.09,1,2804309,2803851,458
216124721,18.0063,40.3794,428,26925,0.263887,0.11,1,2804311,2803883,428
216153921,51.1594,49.8025,437,27702,0.400298,0.37,1,2804819,2804382,437
216197721,57.0322,56.2332,502,28827,0.752051,0.57,2,2805596,2805094,502
216200641,45.0129,54.2933,486,28900,0.786821,0.57,2,2805633,2805147,486
216215241,62.1957,36.1297,533,29265,0.904131,0.69,2,2805884,2805351,533
216218161,56.6783,61.2519,508,29337,0.931652,0.67,2,2805937,2805429,508
216326201,44.4326,67.9595,495,31897,0.926896,1,2,2807703,2807208,495
216358321,37.773,44.4326,499,32619,0.240341,0.83,1,2808202,2807703,499
216367081,21.0895,54.1797,461,32814,0.0866619,0.77,1,2808296,2807835,461
216370001,41.4358,57.6719,456,32878,0.0766647,0.67,1,2808351,2807895,456
216407961,36.323,36.8697,427,33704,0.204916,0.13,1,2808859,2808432,427
216410881,38.5292,39.3479,426,33767,0.207966,0.11,1,2808899,2808473,426
216416721,55.7247,56.2157,426,33893,0.212075,0.17,1,2809002,2808576,426
216419641,39.6899,38.6863,428,33955,0.25883,0.13,1,2809031,2808603,428
216422561,34.4759,33.4745,429,34017,0.265532,0.13,1,2809062,2808633,429
216425481,29.3904,30.7898,426,34079,0.280213,0.13,1,2809088,2808662,426
216428401,48.3562,47.1159,429,34141,0.274085,0.13,1,2809149,2808720,429
216431321,20.5425,20.0464,429,34203,0.271634,0.21,1,2809151,2808722,429
216451761,41.367,55.4727,462,34633,0.404855,0.29,1,2809464,2809002,462
216454681,35.1468,39.5891,464,34694,0.431942,0.27,1,2809495,2809031,464
216457601,29.6587,34.4356,459,34755,0.442777,0.29,1,2809521,2809062,459
216492641,48.3665,29.6587,504,35479,0.768022,0.47,2,2810025,2809521,504
216495561,20.5466,47.8635,446,35539,0.781209,0.47,2,2810027,2809581,446
216516001,56.6588,56.6895,459,35952,0.900525,0.73,2,2810331,2809872,459
216518921,42.4635,42.4758,459,36011,0.93021,0.75,2,2810364,2809905,459
216521841,36.7854,36.7903,459,36070,0.930084,0.73,2,2810397,2809938,459
216524761,31.5142,30.9161,460,36129,0.942034,0.79,2,2810425,2809965,460
216533521,50.9529,49.0186,464,36303,0.92933,0.87,2,2810559,2810095,464
216536441,54.5812,53.2075,465,36361,0.929732,0.87,2,2810616,2810151,465
216539361,23.0325,22.483,465,36419,0.929893,0.87,2,2810618,2810153,465
216673681,32.778,32.339,486,38998,0.946,1,2,2812399,2811913,486
216685361,38.7111,32.5463,500,39214,0.41201,1,1,2812585,2812085,500
216688281,35.2844,29.2185,506,39268,0.254804,1,1,2812618,2812112,506
216694121,29.0455,29.275,498,39376,0.0407686,1,1,2812669,2812171,498
216697041,32.0182,42.91,480,39430,0.0463074,1,1,2812703,2812223,480
216699961,39.8073,38.764,489,39484,0.018523,1,1,2812748,2812259,489
216702881,33.3229,35.9056,484,39537,0.0134092,1,1,2812777,2812293,484
216705801,30.7292,32.3622,483,39590,0.0113637,1,1,2812806,2812323,483
216708721,35.0917,42.9449,471,39643,0.00454547,0.91,1,2812844,2812373,471
216711641,27.2367,32.778,467,39696,0.00181819,0.83,1,2812866,2812399,467
216714561,36.6947,46.1112,455,39749,0.00672728,0.57,1,2812909,2812454,455
216717481,49.4779,54.4445,453,39802,0.0206909,0.43,1,2812967,2812514,453
216720401,33.5911,42.7778,441,39855,0.0382764,0.33,1,2812990,2812549,441
216723321,29.6365,38.7111,432,39908,0.0153105,0.15,1,2813017,2812585,432
216726241,28.6546,35.2844,427,39961,0.0361242,0,1,2813045,2812618,427
216729161,21.6618,26.1138,424,40014,0.0204497,0,1,2813062,2812638,424
216732081,26.0647,29.0455,422,40067,0.0261799,0,1,2813091,2812669,422
216735001,30.2259,11.6182,455,40120,0.0104719,0.05,1,2813124,2812669,455
216737921,40.2904,25.0473,468,40173,0.00418878,0,1,2813171,2812703,468
216740841,32.9161,37.0189,451,40226,0.0196755,0.01,1,2813199,2812748,451
216743761,30.5665,32.2076,451,40278,0.0258702,0.01,1,2813228,2812777,451
216746681,34.4266,30.283,459,40330,0.0403481,0,1,2813265,2812806,459
216749601,26.9706,34.9132,443,40382,0.0581392,0,1,2813287,2812844,443
216752521,37.1883,27.1653,465,40434,0.0532557,0.01,1,2813331,2812866,465
216755441,49.0753,36.6661,479,40486,0.0213023,0.03,1,2813388,2812909,479
216758361,33.4301,49.4664,444,40538,0.0265209,0.05,1,2813411,2812967,444
216761281,30.172,33.5866,449,40590,0.0286084,0,1,2813439,2812990,449
216764201,28.2688,29.6346,449,40642,0.0534433,0.05,1,2813466,2813017,449
216767121,21.5075,28.6539,438,40694,0.0393773,0.01,1,2813483,2813045,438
216770041,26.003,21.6615,450,40746,0.0457509,0.03,1,2813512,2813062,450
216772961,30.2012,26.0646,454,40798,0.0243004,0,1,2813545,2813091,454
216775881,40.2805,30.2258,468,40850,0.0157201,0,1,2813592,2813124,468
216778801,32.9122,40.2903,449,40902,0.0362881,0.03,1,2813620,2813171,449
216781721,31.7649,32.9161,452,40954,0.0205152,0.03,1,2813651,2813199,452
216784641,35.506,30.5665,461,41006,0.0382061,0.05,1,2813689,2813228,461
216787561,26.2024,34.4266,444,41057,0.0812824,0.07,1,2813709,2813265,444
216790481,36.281,26.9706,465,41108,0.050513,0.05,1,2813752,2813287,465
216793401,48.7124,37.1883,478,41159,0.0262052,0,1,2813809,2813331,478
216796321,33.885,49.0753,445,41210,0.0284821,0.03,1,2813833,2813388,445
216799241,30.354,33.4301,450,41261,0.0293928,0.03,1,2813861,2813411,450
216802161,28.3416,30.172,449,41312,0.0177571,0.07,1,2813888,2813439,449
216805081,20.9366,28.2688,438,41363,0.00710285,0.03,1,2813904,2813466,438
216808001,26.3747,21.5075,451,41414,0.00884114,0.05,1,2813934,2813483,451
216810921,29.7499,26.003,454,41465,0.0215365,0.01,1,2813966,2813512,454
216813841,40.6999,30.2012,469,41516,0.0146146,0.01,1,2814014,2813545,469
216816761,17.48,40.2805,424,41567,0.00584583,0.05,1,2814016,2813592,424
216819681,22.592,32.9122,422,41618,0.00833833,0.01,1,2814042,2813620,422
216822601,28.8368,31.7649,424,41669,0.0213353,0.05,1,2814075,2813651,424
216825521,35.5347,35.506,426,41720,0.0265341,0.11,1,2814115,2813689,426
216828441,26.8139,26.2024,427,41771,0.0406137,0.03,1,2814136,2813709,427
216831361,34.1256,36.281,423,41822,0.0462455,0.01,1,2814175,2813752,423
216834281,47.2502,48.7124,422,41872,0.0604982,0.03,1,2814231,2813809,422
216837201,33.9001,33.885,423,41922,0.0421993,0.03,1,2814256,2813833,423
216840121,29.76,30.354,422,41972,0.0228797,0.01,1,2814283,2813861,422
216843041,28.704,28.3416,423,42022,0.00915188,0,1,2814311,2813888,423
216845961,20.4816,20.9366,422,42072,0.00366075,0.01,1,2814326,2813904,422
216848881,26.7926,26.3747,423,42122,0.0194643,0.03,1,2814357,2813934,423
216851801,29.3171,29.7499,422,42172,0.0257857,0.01,1,2814388,2813966,422
216854721,40.5268,40.6999,422,42222,0.0283143,0,1,2814436,2814014,422
216857641,17.4107,17.48,422,42272,0.0113257,0.01,1,2814438,2814016,422
216860561,22.5643,22.592,422,42322,0.0105303,0.03,1,2814464,2814042,422
216863481,28.8257,28.8368,422,42372,0.0102121,0.03,1,2814497,2814075,422
216866401,37.3303,35.5347,425,42422,0.0100848,0.05,1,2814540,2814115,425
216869321,27.5321,26.8139,425,42472,0.0460339,0.05,1,2814561,2814136,425
216872241,32.6128,34.1256,422,42522,0.0604136,0.07,1,2814597,2814175,422
216875161,46.6451,47.2502,422,42572,0.0301654,0.03,1,2814653,2814231,422
216878081,34.2581,33.9001,423,42622,0.0180662,0.01,1,2814679,2814256,423
216881001,29.3032,29.76,422,42672,0.00722647,0,1,2814705,2814283,422
216883921,28.5213,28.704,422,42721,0.0208906,0,1,2814733,2814311,422
216886841,20.4085,20.4816,422,42770,0.0263562,0.03,1,2814748,2814326,422
216889761,26.7634,26.7926,422,42819,0.0285425,0.03,1,2814779,2814357,422
216892681,29.3054,29.3171,422,42868,0.029417,0.03,1,2814810,2814388,422
216895601,40.5221,40.5268,422,42917,0.0417668,0,1,2814858,2814436,422
216898521,17.4089,17.4107,422,42966,0.0467067,0.01,1,2814860,2814438,422
216901441,22.5635,22.5643,422,43015,0.0486827,0.01,1,2814886,2814464,422
216904361,28.2254,9.02572,454,43064,0.0374731,0.01,1,2814918,2814464,454
216907281,38.2902,23.4103,466,43113,0.0449892,0.01,1,2814963,2814497,466
216910201,27.9161,35.1641,444,43162,0.0479957,0.07,1,2814984,2814540,444
216913121,31.5664,26.6656,457,43211,0.0371983,0.07,1,2815018,2814561,457
216916041,46.2266,32.2663,477,43260,0.0328793,0.01,1,2815074,2814597,477
216918961,34.6906,46.5065,448,43309,0.0431517,0.01,1,2815101,2814653,448
216921881,29.4763,34.2026,448,43358,0.0472607,0,1,2815127,2814679,448
216924801,27.9905,29.281,449,43407,0.0609043,0.03,1,2815154,2814705,449
216927721,20.1962,28.5124,436,43456,0.0663617,0.03,1,2815169,2814733,436
216930641,26.6785,20.405,452,43505,0.0565447,0.03,1,2815200,2814748,452
216933561,29.2714,26.762,452,43553,0.0286179,0.03,1,2815231,2814779,452
216936481,40.5086,29.3048,469,43601,0.0294471,0.05,1,2815279,2814810,469
216939401,17.4034,40.5219,423,43649,0.0297789,0.05,1,2815281,2814858,423
216942321,22.5614,17.4088,447,43697,0.0419115,0.05,1,2815307,2814860,447
216945241,28.2245,22.5635,453,43745,0.0467646,0.03,1,2815339,2814886,453
216948161,38.2898,28.2254,466,43793,0.0367058,0.05,1,2815384,2814918,466
216951081,27.9159,38.2902,442,43841,0.0326823,0.05,1,2815405,2814963,442
216954001,32.1664,27.9161,456,43889,0.0430729,0.03,1,2815440,2814984,456
216977361,41.0453,29.2714,470,44273,0.070954,0.03,1,2815701,2815231,470
216980281,17.6181,40.5086,424,44321,0.0463816,0.03,1,2815703,2815279,424
216983201,22.0472,17.4034,447,44369,0.0245526,0.05,1,2815728,2815281,447
216986121,29.2189,22.5614,455,44417,0.0398211,0.05,1,2815762,2815307,455
216989041,38.0876,28.2245,467,44464,0.0579284,0.03,1,2815806,2815339,467
216991961,16.435,38.2898,424,44511,0.0651714,0.03,1,2815808,2815384,424
216994881,18.574,27.9159,423,44558,0.0680685,0.05,1,2815828,2815405,423
216997801,30.2296,32.1664,426,44605,0.0812274,0.21,1,2815866,2815440,426
217000721,47.4918,45.8665,430,44652,0.098491,0.15,1,2815925,2815495,430
217024081,16.9892,17.6181,423,45028,0.0775845,0.01,1,2816126,2815703,423
217027001,21.7957,22.0472,423,45075,0.0490338,0.05,1,2816151,2815728,423
217029921,29.7183,29.2189,424,45122,0.0256135,0.07,1,2816186,2815762,424
217032841,38.8873,38.0876,425,45169,0.0162454,0.07,1,2816231,2815806,425
217035761,16.7549,16.435,425,45216,0.0124982,0.07,1,2816233,2815808,425
217038681,18.702,18.574,425,45263,0.0469993,0.09,1,2816253,2815828,425
217041601,30.8808,30.2296,426,45310,0.0487997,0.11,1,2816292,2815866,426
217044521,48.3523,47.4918,427,45357,0.0495199,0.15,1,2816352,2815925,427
217047441,37.3409,35.7967,429,45403,0.0858079,0.19,1,2816382,2815953,429
217053281,29.9745,29.7275,429,45495,0.0989293,0.15,1,2816437,2816008,429
217056201,17.9898,17.891,429,45541,0.0935717,0.15,1,2816447,2816018,429
217062041,25.7984,25.1826,430,45633,0.0953715,0.09,1,2816505,2816075,430
217064961,36.1193,39.473,424,45679,0.0801486,0.05,1,2816548,2816124,424
217067881,15.6477,16.9892,424,45725,0.0740594,0.03,1,2816550,2816126,424
217070801,20.6591,21.7957,423,45771,0.0836238,0.01,1,2816574,2816151,423
217073721,28.6636,29.7183,422,45817,0.0514495,0.01,1,2816608,2816186,422
217076641,38.4655,38.8873,422,45863,0.0625798,0.01,1,2816653,2816231,422
217079561,16.5862,16.7549,422,45909,0.0430319,0.01,1,2816655,2816233,422
217082481,18.6345,6.70197,442,45955,0.0352128,0.07,1,2816675,2816233,442
217085401,30.2538,14.6808,460,46001,0.0440851,0.05,1,2816713,2816253,460
217088321,50.5015,29.2723,485,46047,0.083634,0.05,1,2816777,2816292,485
217091241,38.2006,47.7089,455,46093,0.0874536,0.11,1,2816807,2816352,455
217120441,38.6576,28.6636,467,46549,0.207874,0.07,1,2817075,2816608,467
217123361,16.663,38.4654,424,46594,0.22115,0.03,1,2817077,2816653,424
217126281,18.6652,16.5862,442,46639,0.22646,0.03,1,2817097,2816655,442
217129201,30.8661,18.6345,461,46684,0.240584,0.05,1,2817136,2816675,461
217132121,51.3464,30.2538,488,46729,0.294234,0.11,1,2817201,2816713,488
217140881,31.7022,30.2802,458,46864,0.417951,0.15,1,2817290,2816832,458
217243081,26.3018,25.748,456,48416,0.76115,0.73,2,2818260,2817804,456
217246001,35.7207,35.4992,456,48460,0.79046,0.69,2,2818302,2817846,456
217251841,23.5953,22.9599,457,48546,0.794874,0.73,2,2818333,2817876,457
217254761,29.2381,29.584,456,48589,0.779949,0.71,2,2818366,2817910,456
217257681,41.0953,40.6336,457,48632,0.77398,0.71,2,2818415,2817958,457
217263521,19.0552,18.9814,457,48718,0.773037,0.75,2,2818437,2817980,457
217266441,31.6221,31.5925,457,48761,0.783215,0.75,2,2818477,2818020,457
217269361,13.8488,13.837,457,48804,0.787286,0.69,2,2818479,2818022,457
217272281,45.7395,46.3348,456,48847,0.776914,0.69,2,2818546,2818090,456
217275201,38.6958,18.5339,490,48890,0.784766,0.73,2,2818580,2818090,490
217278121,31.6783,28.4136,482,48933,0.799906,0.75,2,2818607,2818125,482
217301481,28.4545,23.588,490,49277,0.902551,0.77,2,2818823,2818333,490
217304401,40.7818,29.2352,506,49320,0.931021,0.77,2,2818872,2818366,506
217488361,177.702,171.242,500,24178,0.201601,0.92,1,2820734,2820234,500
217494201,77.9923,91.5988,475,24353,0.0538561,0.47,1,2820852,2820377,475
217497121,64.7969,64.2395,485,24440,0.0515424,0.31,1,2820908,2820423,485
217500041,60.7188,73.6958,463,24527,0.050617,0.03,1,2820966,2820503,463
217502961,74.6875,66.0783,486,24613,0.0202468,0.09,1,2821050,2820564,486
217505881,42.475,70.8313,433,24699,0.0500987,0.01,1,2821071,2820638,433
217508801,19.99,36.1325,425,24785,0.0200395,0.07,1,2821076,2820651,425
217511721,57.196,64.253,424,24871,0.0980158,0.09,1,2821158,2820734,424
217517561,58.4714,59.8405,423,25041,0.225683,0.05,1,2821275,2820852,423
217520481,56.9885,57.5362,423,25126,0.216273,0.05,1,2821331,2820908,423
217523401,58.7954,57.8145,425,25210,0.200509,0,1,2821391,2820966,425
217535081,58.0924,7.92165,508,25544,0.078333,0.15,1,2821584,2821076,508
217538001,61.6369,52.3687,490,25627,0.0733332,0.25,1,2821648,2821158,490
217549681,71.7971,58.6718,511,25956,0.206405,0.15,1,2821902,2821391,511
217552601,39.5188,73.2687,446,26038,0.220562,0.19,1,2821920,2821474,446
217555521,19.4075,41.3075,432,26119,0.226225,0.13,1,2821926,2821494,432
217558441,55.763,20.723,505,26200,0.27649,0.03,1,2822006,2821501,505
217561361,63.7052,58.0892,491,26281,0.284596,0.07,1,2822075,2821584,491
217587641,50.0967,63.7052,437,26998,0.404196,0.33,1,2822512,2822075,437
217619761,58.9675,57.4555,446,27848,0.780452,0.51,2,2823077,2822631,446
217648961,60.4141,54.187,521,28599,0.910233,0.83,2,2823598,2823077,521
217651881,76.9656,57.0748,550,28673,0.922093,0.87,2,2823686,2823136,550
217654801,41.5863,74.4299,482,28747,0.926837,0.89,2,2823704,2823222,482
217657721,20.2345,41.172,469,28821,0.940735,0.85,2,2823710,2823241,469
217660641,61.4938,20.0688,552,28894,0.946294,0.91,2,2823799,2823247,552
217663561,25.7975,60.8275,466,28967,0.948518,0.87,2,2823801,2823335,466
217774521,43.7163,35.1537,529,31624,0.261813,1,1,2825703,2825174,529
217783281,55.3578,42.6898,539,31825,0.085156,1,1,2825838,2825299,539
217786201,61.1431,59.6759,533,31891,0.0640624,0.83,1,2825903,2825370,533
217789121,40.0573,60.4704,498,31957,0.067625,0.85,1,2825929,2825431,498
217792041,34.0229,40.3881,501,32023,0.08105,0.8,1,2825959,2825458,501
217794961,61.0092,38.3553,543,32089,0.07442,0.51,1,2826038,2825495,543
217806641,29.9874,43.7163,455,32353,0.0914252,0.15,1,2826158,2825703,455
217815401,60.5032,55.3578,487,32548,0.0708912,0.05,1,2826325,2825838,487
217818321,40.4013,61.1431,449,32613,0.0703565,0.07,1,2826352,2825903,449
217824161,63.5842,34.0229,505,32743,0.096457,0.07,1,2826464,2825959,505
217827081,26.6337,61.0092,428,32808,0.0925828,0.15,1,2826466,2826038,428
217841681,30.8046,32.395,425,33128,0.200273,0.07,1,2826617,2826192,425
217856281,63.7906,63.5842,426,33446,0.200224,0.09,1,2826890,2826464,426
217859201,26.7163,26.6337,426,33509,0.206089,0.13,1,2826892,2826466,426
217862121,29.2865,28.0535,428,33572,0.232436,0.17,1,2826923,2826495,428
217865041,27.3146,26.8214,428,33635,0.278974,0.15,1,2826949,2826521,428
217867961,34.9258,33.5286,430,33698,0.29759,0.21,1,2826989,2826559,430
217870881,29.5703,29.0114,430,33761,0.293036,0.21,1,2827015,2826585,430
217879641,59.6845,60.7287,427,33949,0.298834,0.13,1,2827176,2826749,427
217920521,67.9984,34.738,524,34810,0.412972,0.31,1,2827760,2827236,524
217923441,28.3993,65.4952,440,34871,0.423189,0.31,1,2827762,2827322,440
217926361,29.3597,27.3981,468,34932,0.439276,0.35,1,2827792,2827324,468
217929281,29.1439,30.1592,465,34993,0.43371,0.33,1,2827821,2827356,465
217970161,29.2617,30.703,450,35828,0.751844,0.59,2,2828339,2827889,450
217987681,72.3937,69.8744,456,36182,0.911096,0.63,2,2828659,2828203,456
217990601,30.1575,29.1497,456,36240,0.934438,0.69,2,2828661,2828205,456
217993521,30.063,29.6599,456,36298,0.943775,0.69,2,2828691,2828235,456
217996441,30.6252,30.464,456,36356,0.94751,0.69,2,2828722,2828266,456
217999361,13.4501,13.3856,456,36414,0.949004,0.75,2,2828724,2828268,456
218142441,34.5912,15.9627,528,39156,0.92632,1,2,2830677,2830149,528
218145361,26.4365,23.7851,520,39210,0.916528,1,2,2830698,2830178,520
218154121,36.2279,27.3942,521,39372,0.768818,1,2,2830799,2830278,521
218157041,29.4912,36.1577,504,39426,0.781527,1,2,2830824,2830320,504
218189161,30.2728,35.0698,457,40010,0.447545,0.73,1,2831219,2830762,457
218195001,27.8837,14.4912,480,40116,0.430407,0.79,1,2831279,2830799,480
218197921,44.7535,20.7965,511,40169,0.418163,0.55,1,2831335,2830824,511
218200841,39.5014,47.9186,481,40222,0.449265,0.53,1,2831371,2830890,481
218247561,39.2892,52.0402,478,41053,0.753434,0.55,2,2831951,2831473,478
218250481,27.7157,38.8161,468,41104,0.775374,0.55,2,2831971,2831503,468
218253401,31.4863,27.5264,482,41155,0.784149,0.55,2,2832005,2831523,482
218256321,31.7945,31.4106,480,41206,0.78766,0.55,2,2832037,2831557,480
218259241,23.5178,31.7642,466,41257,0.789064,0.55,2,2832055,2831589,466
218262161,20.2071,23.5057,466,41308,0.789626,0.55,2,2832073,2831607,466
218279681,31.599,41.6443,455,41614,0.90963,0.69,2,2832272,2831817,455
218282601,39.6396,43.0577,456,41665,0.909852,0.77,2,2832317,2831861,456
218466561,30.7147,29.9497,500,44743,0.795664,1,2,2834455,2833955,500
218472401,34.0744,29.7519,510,44837,0.764506,1,2,2834518,2834008,510
218484081,36.8243,39.056,494,45025,0.436547,1,1,2834657,2834163,494
218489921,34.9319,34.329,495,45119,0.404648,1,1,2834724,2834229,495
218507441,28.3945,36.2867,468,45400,0.40062,0.73,1,2834896,2834428,468
218510361,24.5578,30.7147,463,45446,0.406248,0.83,1,2834918,2834455,463
218536641,32.2263,34.3728,438,45860,0.449378,0.39,1,2835196,2834758,438
218539561,27.2905,26.3491,441,45906,0.437751,0.39,1,2835220,2834779,441
218542481,25.9162,10.5396,466,45952,0.421101,0.39,1,2835245,2834779,466
218615481,38.3359,32.8244,486,47086,0.756788,0.51,2,2835992,2835506,486
218618401,32.1344,37.1298,474,47131,0.776715,0.51,2,2836020,2835546,474
218621321,32.0537,31.6519,478,47176,0.784686,0.51,2,2836052,2835574,478
218644681,24.5982,24.7518,454,47533,0.911451,0.67,2,2836255,2835801,454
218647601,24.8393,24.3007,455,47577,0.934581,0.67,2,2836280,2835825,455
218834481,18.9317,23.9152,515,50331,0.944493,1,2,2838185,2837670,515
218889961,322.469,349.666,468,23360,0.901119,0.95,2,2838730,2838262,468
218901641,77.8216,74.6107,509,23721,0.905933,0.83,2,2839057,2838548,509
218904561,52.7286,65.8443,485,23810,0.908373,0.89,2,2839093,2838608,485
218907481,47.4915,49.1377,491,23899,0.909349,0.87,2,2839137,2838646,491
218910401,30.9966,37.0551,482,23988,0.90974,0.83,2,2839157,2838675,482
218913321,35.1986,39.422,479,24076,0.909896,0.81,2,2839195,2838716,479
219012601,83.7968,56.529,576,26906,0.934,1,2,2841265,2840689,576
219021361,61.331,59.8019,498,27141,0.444016,1,1,2841425,2840927,498
219024281,66.5324,64.7207,500,27219,0.231606,1,1,2841495,2840995,500
219030121,42.4452,41.0753,503,27375,0.079057,1,1,2841572,2841069,503
219033041,33.7781,36.2301,498,27452,0.0736228,1,1,2841600,2841102,498
219035961,42.3112,47.4921,491,27529,0.0294491,0.89,1,2841648,2841157,491
219038881,65.5245,83.7968,464,27606,0.0537797,0.84,1,2841729,2841265,464
219041801,43.0098,50.3187,464,27683,0.0215119,0.49,1,2841757,2841293,464
219044721,49.6039,63.3275,446,27760,0.0266047,0.31,1,2841811,2841365,446
219047641,46.8416,61.331,431,27836,0.0406419,0.09,1,2841856,2841425,431
219050561,56.5366,66.5324,424,27912,0.0342568,0.05,1,2841919,2841495,424
219053481,46.0147,50.613,423,27988,0.0437027,0.05,1,2841958,2841535,423
219056401,41.2059,42.4452,424,28064,0.0354811,0.07,1,2841996,2841572,424
219059321,33.8823,33.7781,425,28139,0.0441924,0,1,2842025,2841600,425
219062241,40.5529,42.3112,422,28214,0.047677,0.07,1,2842070,2841648,422
219065161,64.8212,65.5245,422,28289,0.0730708,0,1,2842151,2841729,422
219068081,42.7285,43.0098,422,28364,0.0712283,0,1,2842179,2841757,422
219071001,48.8914,17.2039,475,28439,0.0944913,0.03,1,2842232,2841757,475
219073921,47.7566,39.2816,468,28513,0.0677965,0.05,1,2842279,2841811,468
219076841,56.9026,42.7126,486,28587,0.0451186,0.03,1,2842342,2841856,486
219079761,44.961,54.8851,460,28661,0.0360474,0.05,1,2842379,2841919,460
219082681,43.1844,45.354,463,28735,0.020419,0.03,1,2842421,2841958,463
219085601,32.8738,40.9416,451,28809,0.0501676,0.05,1,2842447,2841996,451
219088521,39.5495,33.7766,466,28882,0.038067,0.05,1,2842491,2842025,466
219091441,65.0198,40.5107,503,28955,0.0572268,0.09,1,2842573,2842070,503
219094361,44.0079,64.8043,452,29028,0.0408907,0.07,1,2842603,2842151,452
219097281,49.4032,42.7217,477,29101,0.0463563,0.11,1,2842656,2842179,477
219100201,47.3613,48.8887,470,29174,0.0605425,0.05,1,2842702,2842232,470
219103121,56.7445,47.7555,486,29247,0.054217,0.03,1,2842765,2842279,486
219106041,44.2978,56.9022,459,29319,0.0396868,0.03,1,2842801,2842342,459
219108961,42.9191,44.9609,464,29391,0.0338747,0.01,1,2842843,2842379,464
219111881,33.9676,43.1844,450,29463,0.0555499,0.07,1,2842871,2842421,450
219114801,38.7871,32.8737,466,29535,0.06422,0.03,1,2842913,2842447,466
219117721,64.7148,39.5495,504,29607,0.067688,0.07,1,2842995,2842491,504
219120641,43.8859,65.0198,452,29678,0.0690752,0.03,1,2843025,2842573,452
219123561,50.5544,44.0079,477,29749,0.0576301,0.05,1,2843080,2842603,477
219126481,47.8217,49.4032,470,29820,0.077052,0.07,1,2843126,2842656,470
219129401,20.3287,47.3613,426,29891,0.0848208,0.05,1,2843128,2842702,426
219138161,41.957,42.9191,425,30103,0.0666285,0.07,1,2843268,2842843,425
219141081,33.5828,33.9676,425,30173,0.0806514,0.07,1,2843296,2842871,425
219144001,38.6331,38.7871,425,30243,0.0862606,0.07,1,2843338,2842913,425
219146921,64.6533,64.7148,425,30313,0.0525042,0.07,1,2843420,2842995,425
219149841,43.8613,43.8859,425,30383,0.0510017,0.05,1,2843450,2843025,425
219152761,49.9445,50.5544,424,30453,0.0984007,0.09,1,2843504,2843080,424
219164441,39.7938,38.8926,428,30729,0.207431,0.01,1,2843652,2843224,428
219167361,39.9175,41.957,424,30798,0.220972,0.09,1,2843692,2843268,424
219170281,32.767,33.5828,424,30867,0.202389,0.09,1,2843720,2843296,424
219173201,38.3068,38.6331,424,30936,0.206956,0.03,1,2843762,2843338,424
219179041,44.1691,43.8613,424,31072,0.204713,0.13,1,2843874,2843450,424
219181961,51.2676,49.9445,426,31140,0.267885,0.13,1,2843930,2843504,426
219184881,50.5071,48.7778,428,31208,0.281154,0.17,1,2843980,2843552,428
219187801,21.4028,20.7111,428,31276,0.298462,0.17,1,2843982,2843554,428
219202401,38.8755,32.4489,473,31613,0.405018,0.21,1,2844193,2843720,473
219205321,64.1502,38.1796,512,31680,0.444007,0.19,1,2844274,2843762,512
219208241,44.2601,63.8718,462,31747,0.447603,0.21,1,2844305,2843843,462
219211161,53.704,44.1487,491,31814,0.425041,0.31,1,2844365,2843874,491
219214081,52.0816,51.2595,486,31881,0.416016,0.29,1,2844416,2843930,486
219217001,22.0326,50.5038,438,31947,0.412407,0.31,1,2844418,2843980,438
219225761,41.8981,42.3042,479,32145,0.403434,0.41,1,2844563,2844084,479
219228681,33.5592,39.7217,469,32211,0.431374,0.41,1,2844591,2844122,469
219231601,39.2237,32.6887,484,32277,0.430549,0.41,1,2844634,2844150,484
219234521,66.0895,38.8755,525,32343,0.44222,0.47,1,2844718,2844193,525
219281241,47.4204,45.8832,451,33373,0.767989,0.59,2,2845372,2844921,451
219284161,43.5681,42.9533,451,33436,0.781196,0.59,2,2845413,2844962,451
219287081,18.6273,18.3813,451,33499,0.786478,0.57,2,2845415,2844964,451
219290001,31.4509,31.9525,450,33562,0.788591,0.61,2,2845455,2845005,450
219298761,67.3889,65.645,455,33751,0.91375,0.67,2,2845617,2845162,455
219301681,45.5555,44.858,455,33814,0.9415,0.69,2,2845648,2845193,455
219409721,41.8381,38.0767,489,36056,0.935192,1,2,2847220,2846731,489
219509001,59.7544,42.8972,557,37998,0.931822,1,2,2848580,2848023,557
219511921,41.9017,58.5589,518,38054,0.906729,1,2,2848610,2848092,518
219520681,31.0737,52.3478,498,38220,0.933311,1,2,2848728,2848230,498
219678361,26.9729,34.5589,516,41098,0.946,1,2,2850712,2850196,516
219687121,32.9743,37.3718,509,41251,0.754864,1,2,2850814,2850305,509
219701721,32.8749,49.0259,493,41506,0.230287,1,1,2850993,2850500,493
219704641,28.75,34.0104,495,41557,0.206115,1,1,2851019,2850524,495
219719241,23.7606,26.9729,469,41812,0.0494482,0.82,1,2851181,2850712,469
219722161,25.7043,30.5892,463,41862,0.0377793,0.79,1,2851208,2850745,463
219725081,30.0817,34.4357,459,41912,0.0571117,0.71,1,2851241,2850782,459
219728001,26.4327,32.9743,451,41962,0.0528447,0.63,1,2851265,2850814,451
219730921,36.3731,35.9897,456,42012,0.0631379,0.55,1,2851308,2850852,456
219733841,30.7492,34.7959,449,42062,0.0252551,0.41,1,2851335,2850886,449
219736761,27.2997,33.7184,441,42112,0.0281021,0.21,1,2851360,2850919,441
219739681,36.1199,41.6873,436,42162,0.0532408,0.17,1,2851402,2850966,436
219742601,30.648,32.8749,436,42212,0.0752963,0.19,1,2851429,2850993,436
219745521,22.4592,28.75,427,42262,0.0961185,0.11,1,2851446,2851019,427
219754281,36.4294,37.504,426,42412,0.0961516,0.07,1,2851557,2851131,426
219771801,36.7771,36.3731,423,42711,0.0741199,0,1,2851731,2851308,423
219774721,30.3108,30.7492,422,42760,0.071648,0.03,1,2851757,2851335,422
219777641,28.9243,27.2997,425,42809,0.0706592,0.07,1,2851785,2851360,425
219780561,35.5697,36.1199,423,42858,0.0942637,0.09,1,2851825,2851402,423
219803921,25.2918,22.8419,452,43250,0.200732,0.13,1,2852056,2851604,452
219806841,30.5167,24.7368,460,43299,0.230293,0.15,1,2852090,2851630,460
219809761,25.4067,30.2947,448,43348,0.254117,0.09,1,2852112,2851664,448
219812681,35.3627,25.9179,467,43397,0.263647,0.05,1,2852154,2851687,467
219815601,30.3451,36.7672,450,43446,0.267459,0.07,1,2852181,2851731,450
219818521,28.938,30.3069,452,43495,0.268983,0.07,1,2852209,2851757,452
219821441,36.7752,28.9227,466,43544,0.293593,0.11,1,2852251,2851785,466
219824361,32.1101,35.5691,455,43592,0.291437,0.13,1,2852280,2851825,455
219827281,23.644,31.0276,445,43640,0.290575,0.13,1,2852298,2851853,445
219830201,27.4576,23.2111,457,43688,0.26623,0.19,1,2852328,2851871,457
219833121,38.583,26.6844,474,43736,0.268492,0.15,1,2852374,2851900,474
219836041,36.4332,38.2738,463,43784,0.257397,0.13,1,2852409,2851946,463
219838961,36.1733,36.3095,464,43832,0.252959,0.21,1,2852445,2851981,464
219841881,24.0693,34.3238,447,43880,0.263184,0.19,1,2852461,2852014,447
219844801,25.8277,22.7295,459,43928,0.255273,0.21,1,2852488,2852029,459
219847721,31.3311,25.2918,467,43976,0.264109,0.25,1,2852523,2852056,467
219850641,26.3324,30.5167,456,44024,0.267644,0.27,1,2852546,2852090,456
219853561,35.733,25.4067,476,44072,0.269058,0.27,1,2852588,2852112,476
219856481,30.4932,35.3627,461,44120,0.257623,0.27,1,2852615,2852154,461
219859401,28.9973,30.3451,462,44168,0.277049,0.27,1,2852643,2852181,462
219882761,26.6935,36.1733,434,44550,0.404845,0.27,1,2852879,2852445,434
219888601,23.951,25.8277,434,44644,0.416375,0.27,1,2852922,2852488,434
219891521,31.7804,31.3311,436,44691,0.42455,0.27,1,2852959,2852523,436
219947001,31.9502,30.1704,449,45580,0.771541,0.57,2,2853529,2853080,449
219949921,39.1801,39.0682,448,45626,0.782616,0.57,2,2853573,2853125,448
219952841,32.472,32.4273,448,45672,0.799047,0.55,2,2853601,2853153,448
219967441,17.1306,16.5311,451,45902,0.929715,0.63,2,2853738,2853287,451
219970361,27.8522,27.0124,452,45948,0.941886,0.63,2,2853773,2853321,452
219973281,20.7409,10.805,468,45994,0.934754,0.67,2,2853789,2853321,468
219976201,24.4964,13.922,479,46040,0.943902,0.69,2,2853816,2853337,479
220215641,147.289,127.486,504,22724,0.44248,0.71,1,2856537,2856033,504
220224401,43.9865,56.6871,456,23003,0.403439,0.49,1,2856678,2856222,456
220227321,30.7946,35.8748,456,23095,0.431376,0.47,1,2856700,2856244,456
220256521,28.6556,67.1612,447,23997,0.758135,0.59,2,2857295,2856848,447
220390841,45.756,41.0538,496,27768,0.772451,1,2,2860016,2859520,496
220399601,51.6484,63.9234,476,27996,0.238317,1,1,2860144,2859668,476
220402521,58.4594,47.7694,502,28072,0.0953267,0.92,1,2860207,2859705,502
220405441,86.3837,83.9078,499,28147,0.0441307,1,1,2860312,2859813,499
220408361,54.9535,57.5631,493,28222,0.0596523,0.83,1,2860346,2859853,493
220411281,53.7814,66.2252,474,28297,0.0418609,0.85,1,2860399,2859925,474
220414201,45.5126,58.8901,460,28372,0.0227444,0.85,1,2860439,2859979,460
220417121,34.405,23.556,487,28447,0.00909774,0.71,1,2860466,2859979,487
220420041,27.562,31.6224,473,28521,0.0096391,0.53,1,2860489,2860016,473
220422961,26.6248,30.649,469,28595,0.00385564,0.35,1,2860515,2860046,469
220425881,40.6499,33.8596,483,28669,0.0435423,0.09,1,2860565,2860082,483
220428801,54.06,50.7438,484,28743,0.0474169,0,1,2860628,2860144,484
220431721,85.224,58.0975,527,28817,0.0249668,0.01,1,2860734,2860207,527
220434641,55.0896,86.239,457,28890,0.0279867,0.07,1,2860769,2860312,457
220437561,52.6358,54.8956,474,28963,0.0171947,0.03,1,2860820,2860346,474
220440481,45.0543,53.7582,461,29036,0.0248779,0.01,1,2860860,2860399,461
220443401,34.8217,45.5033,449,29109,0.0279511,0,1,2860888,2860439,449
220446321,27.7287,34.4013,445,29182,0.0411805,0.01,1,2860911,2860466,445
220449241,26.6915,27.5605,448,29255,0.0164722,0,1,2860937,2860489,448
220452161,41.2766,26.6242,473,29327,0.0365889,0.07,1,2860988,2860515,473
220455081,53.7106,40.6497,485,29399,0.0446355,0.05,1,2861050,2860565,485
220458001,84.4843,54.0599,527,29471,0.0358542,0.01,1,2861155,2860628,527
220460921,55.3937,85.224,457,29543,0.0443417,0.03,1,2861191,2860734,457
220463841,52.1575,55.0896,472,29615,0.0357367,0.01,1,2861241,2860769,472
220466761,45.463,52.6358,462,29686,0.0322947,0.03,1,2861282,2860820,462
220469681,34.3852,45.0543,449,29757,0.0189179,0.03,1,2861309,2860860,449
220472601,27.5541,34.8217,444,29828,0.0375671,0.05,1,2861332,2860888,444
220475521,12.2216,27.7287,423,29899,0.0450269,0,1,2861334,2860911,423
220478441,20.4887,26.6915,423,29970,0.0360107,0.05,1,2861360,2860937,423
220481361,38.1955,41.2766,422,30041,0.0444043,0.05,1,2861410,2860988,422
220484281,52.4782,53.7106,422,30111,0.0597617,0.03,1,2861472,2861050,422
220487201,84.5913,84.4843,423,30181,0.0539047,0.05,1,2861578,2861155,423
220490121,54.8365,55.3937,422,30251,0.0395619,0.03,1,2861613,2861191,422
220493041,53.1346,52.1575,424,30321,0.0338247,0.03,1,2861665,2861241,424
220495961,45.2538,45.463,423,30391,0.0315299,0.01,1,2861705,2861282,423
220498881,34.3015,34.3852,423,30461,0.030612,0.05,1,2861732,2861309,423
220501801,28.1206,27.5541,424,30530,0.0182448,0.05,1,2861756,2861332,424
220504721,12.4482,12.2216,424,30599,0.0372979,0.03,1,2861758,2861334,424
220507641,19.9793,20.4887,423,30668,0.0449192,0.05,1,2861783,2861360,423
220510561,37.3917,38.1955,422,30737,0.0359677,0.07,1,2861832,2861410,422
220513481,52.7567,52.4782,423,30806,0.0203871,0.05,1,2861895,2861472,423
220516401,84.1027,84.5913,422,30875,0.00815483,0.03,1,2862000,2861578,422
220519321,55.2411,54.8365,423,30944,0.0332619,0.03,1,2862036,2861613,423
220522241,53.2964,53.1346,423,31012,0.0313048,0.03,1,2862088,2861665,423
220525161,45.3186,45.2538,423,31080,0.0425219,0.03,1,2862128,2861705,423
220528081,33.7274,34.3015,422,31148,0.0230088,0.01,1,2862154,2861732,422
220531001,27.891,28.1206,422,31216,0.0392035,0.05,1,2862178,2861756,422
220533921,12.3564,12.4482,422,31284,0.0216814,0.05,1,2862180,2861758,422
220536841,19.3426,4.9793,446,31352,0.0266726,0.05,1,2862204,2861758,446
220539761,38.337,16.9917,472,31419,0.040669,0.03,1,2862255,2861783,472
220542681,51.9348,36.1967,484,31486,0.0342676,0.01,1,2862316,2861832,484
220545601,83.7739,52.2787,526,31553,0.019707,0,1,2862421,2861895,526
220548521,55.1096,83.9115,457,31620,0.0258828,0.05,1,2862457,2862000,457
220551441,54.4438,55.1646,475,31687,0.0523531,0.03,1,2862511,2862036,475
220554361,45.7775,53.2658,463,31754,0.0509413,0.05,1,2862551,2862088,463
220557281,32.711,45.3063,447,31821,0.0503765,0.01,1,2862575,2862128,447
220560201,27.4844,33.7225,445,31887,0.0381506,0.05,1,2862599,2862154,445
220563121,12.1938,27.889,423,31953,0.0332602,0.01,1,2862601,2862178,423
220566041,19.8775,12.3556,446,32019,0.0433041,0.03,1,2862626,2862180,446
220568961,39.151,19.3422,474,32085,0.0233216,0.05,1,2862678,2862204,474
220571881,51.6604,38.3369,483,32151,0.0273287,0.03,1,2862738,2862255,483
220574801,83.0642,51.9348,526,32217,0.0289315,0.01,1,2862842,2862316,526
220577721,56.0257,83.7739,459,32283,0.0415726,0.03,1,2862880,2862421,459
220580641,54.2103,55.1096,476,32349,0.034629,0.07,1,2862933,2862457,476
220583561,46.2841,54.4438,463,32414,0.0318516,0.05,1,2862974,2862511,463
220586481,32.3136,45.7775,446,32479,0.0187406,0.05,1,2862997,2862551,446
220589401,27.3255,32.711,446,32544,0.0254963,0.03,1,2863021,2862575,446
220592321,12.1302,27.4844,424,32609,0.0281985,0.03,1,2863023,2862599,424
220595241,20.4521,12.1938,448,32674,0.0412794,0.05,1,2863049,2862601,448
220598161,38.7808,19.8775,474,32739,0.0585118,0.01,1,2863100,2862626,474
220601081,16.7123,39.151,424,32804,0.0414047,0.03,1,2863102,2862678,424
220604001,42.0849,51.6604,423,32868,0.0465619,0.03,1,2863161,2862738,423
220606921,78.634,83.0642,422,32932,0.0366248,0.05,1,2863264,2862842,422
220609841,55.4536,56.0257,424,32996,0.0326499,0.03,1,2863304,2862880,424
220612761,53.3814,54.2103,423,33060,0.04306,0.03,1,2863356,2862933,423
220615681,45.9526,46.2841,423,33124,0.071224,0.01,1,2863397,2862974,423
220618601,32.181,32.3136,423,33188,0.0704896,0.03,1,2863420,2862997,423
220621521,27.2724,27.3255,423,33252,0.0821958,0.03,1,2863444,2863021,423
220630281,38.4174,38.7808,423,33442,0.0861405,0.03,1,2863523,2863100,423
220636121,42.0268,42.0849,423,33568,0.0941825,0.03,1,2863584,2863161,423
220639041,78.6107,78.634,423,33631,0.067673,0.03,1,2863687,2863264,423
220641961,55.4443,55.4536,423,33694,0.0930692,0.05,1,2863727,2863304,423
220647801,46.1911,45.9526,424,33820,0.0952911,0.07,1,2863821,2863397,424
220671161,78.959,16.8107,528,34317,0.250458,0.05,1,2864112,2863584,528
220674081,56.1836,68.5243,466,34379,0.274183,0.11,1,2864153,2863687,466
220685761,30.1135,32.6182,454,34624,0.422459,0.19,1,2864299,2863845,454
220688681,13.2454,28.0473,431,34685,0.414984,0.15,1,2864301,2863870,431
220691601,20.8982,12.4189,455,34746,0.411993,0.17,1,2864327,2863872,455
220694521,38.3593,20.5676,479,34807,0.422797,0.17,1,2864377,2863898,479
220697441,16.5437,38.227,431,34868,0.427119,0.21,1,2864379,2863948,431
220700361,42.0175,16.4908,488,34929,0.440848,0.19,1,2864438,2863950,488
220703281,82.207,41.3963,539,34990,0.410339,0.29,1,2864547,2864008,539
220706201,59.2828,78.9585,479,35050,0.434136,0.29,1,2864591,2864112,479
220709121,55.5131,56.1834,491,35110,0.407654,0.35,1,2864644,2864153,491
220712041,46.2052,54.2734,478,35170,0.421062,0.35,1,2864684,2864206,478
220747081,44.0464,46.2052,443,35884,0.754598,0.49,2,2865127,2864684,443
220750001,36.2186,35.2821,446,35943,0.787839,0.49,2,2865158,2864712,446
220752921,31.2874,30.9128,446,36002,0.777136,0.49,2,2865186,2864740,446
220755841,13.715,13.5651,446,36061,0.796854,0.51,2,2865188,2864742,446
220758761,21.686,21.0261,447,36120,0.792742,0.49,2,2865215,2864768,447
220787961,31.8401,31.2874,460,36701,0.929922,0.81,2,2865646,2865186,460
220790881,13.936,13.715,460,36759,0.917969,0.79,2,2865648,2865188,460
220793801,21.1744,21.686,459,36816,0.913188,0.81,2,2865674,2865215,459
220954401,54.942,46.6339,512,39848,0.79,1,2,2867867,2867355,512
220966081,33.9169,36.8146,497,40060,0.422608,1,1,2868006,2867509,497
220986521,37.637,30.0037,518,40427,0.289213,0.97,1,2868189,2867671,518
220989441,73.8548,42.6015,565,40479,0.217685,0.77,1,2868287,2867722,565
220992361,51.1419,81.8406,493,40531,0.201074,0.75,1,2868323,2867830,493
221001121,34.9771,40.2298,476,40687,0.209909,0.45,1,2868414,2867938,476
221030321,50.5417,73.8548,466,41203,0.210198,0.19,1,2868753,2868287,466
221033241,34.6167,51.1419,454,41254,0.234079,0.19,1,2868777,2868323,454
221036161,32.4467,34.8568,461,41305,0.255632,0.17,1,2868808,2868347,461
221039081,35.1787,31.9427,468,41356,0.228253,0.23,1,2868845,2868377,468
221042001,32.0715,34.9771,461,41407,0.241301,0.19,1,2868875,2868414,461
221044921,23.0286,32.5908,447,41458,0.23452,0.17,1,2868892,2868445,447
221047841,17.6114,22.0363,446,41509,0.255808,0.21,1,2868906,2868460,446
221050761,8.24457,20.2145,429,41560,0.264323,0.15,1,2868908,2868479,429
221053681,16.4978,18.8858,433,41611,0.279729,0.21,1,2868930,2868497,433
221144201,27.834,22.9044,479,43155,0.7615,0.59,2,2869897,2869418,479
221147121,37.5336,27.7617,492,43204,0.7906,0.57,2,2869941,2869449,492
221155881,37.7542,54.3847,481,43351,0.904278,0.71,2,2870115,2869634,481
221158801,34.3017,36.1539,489,43400,0.907711,0.77,2,2870147,2869658,489
221161721,35.3207,33.6616,493,43449,0.909085,0.75,2,2870183,2869690,493
221164641,33.3283,35.6646,488,43498,0.909634,0.73,2,2870215,2869727,488
221167561,24.1313,32.8658,475,43547,0.921854,0.73,2,2870233,2869758,475
221170481,18.0525,23.9463,471,43595,0.926741,0.73,2,2870247,2869776,471
221173401,8.42101,17.9785,459,43643,0.928697,0.73,2,2870249,2869790,459
221404081,67.9315,65.8783,449,22151,0.754759,0.61,2,2873521,2873072,449
221407001,52.3726,50.9513,450,22247,0.799904,0.63,2,2873563,2873113,450
221538401,57.1857,63.936,526,26192,0.0896496,1,1,2876361,2875835,526
221541321,43.2743,59.7744,503,26273,0.0538598,0.99,1,2876395,2875892,503
221544241,35.9097,46.7098,496,26354,0.0515439,0.97,1,2876426,2875930,496
221547161,53.3639,37.2839,530,26434,0.0386176,0.77,1,2876491,2875961,530
221550081,68.1456,57.5136,537,26514,0.033447,0.59,1,2876569,2876032,537
221553001,77.0582,77.0054,530,26594,0.0913788,0.29,1,2876652,2876122,530
221561761,53.6997,57.4643,478,26832,0.0776082,0.03,1,2876782,2876304,478
221564681,41.8799,57.1857,455,26911,0.0370433,0.03,1,2876816,2876361,455
221567601,17.952,43.2743,423,26990,0.0448173,0.05,1,2876818,2876395,423
221570521,25.7808,35.9097,423,27068,0.0359269,0.03,1,2876849,2876426,423
221573441,49.3123,53.3639,423,27146,0.0563708,0.03,1,2876914,2876491,423
221576361,66.5249,68.1456,423,27224,0.0765483,0.13,1,2876992,2876569,423
221602641,67.3858,66.5249,424,27916,0.0728501,0.17,1,2877416,2876992,424
221614321,52.6579,51.7094,432,28218,0.201305,0.17,1,2877638,2877206,432
221617241,36.6631,39.8838,426,28293,0.230522,0.17,1,2877664,2877238,426
221620161,15.8653,17.1535,426,28368,0.242209,0.17,1,2877666,2877240,426
221623081,26.7461,6.8614,460,28443,0.222884,0.13,1,2877700,2877240,460
221626001,47.2984,22.5446,488,28517,0.203153,0.13,1,2877761,2877273,488
221634761,46.8511,81.8909,450,28739,0.0938818,0.23,1,2877958,2877508,450
221655201,62.7288,47.298,504,29251,0.208723,0.13,1,2878265,2877761,504
221661041,45.3166,84.1277,446,29395,0.204996,0.07,1,2878382,2877936,446
221663961,53.5266,46.8511,483,29467,0.207998,0.11,1,2878441,2877958,483
221687321,78.7865,83.2915,432,30037,0.405146,0.21,1,2878794,2878362,432
221690241,43.5146,45.3166,432,30107,0.432059,0.21,1,2878814,2878382,432
221719441,44.6447,43.5146,444,30802,0.77852,0.53,2,2879258,2878814,444
221731121,17.7221,16.9444,453,31076,0.909802,0.69,2,2879419,2878966,453
221734041,28.0888,27.1778,454,31144,0.909921,0.69,2,2879454,2879000,454
221736961,47.2355,46.8711,454,31212,0.909968,0.65,2,2879514,2879060,454
221739881,20.0942,19.9484,454,31280,0.909987,0.65,2,2879516,2879062,454
221745721,82.1751,49.9918,555,31415,0.917198,0.75,2,2879695,2879140,555
221748641,46.67,78.1967,481,31482,0.936879,0.81,2,2879718,2879237,481
221751561,58.268,43.8787,526,31549,0.920752,0.83,2,2879784,2879258,526
221754481,65.9072,55.3515,534,31616,0.914301,0.85,2,2879855,2879321,534
221763241,28.8901,17.7025,501,31817,0.927555,0.91,2,2879920,2879419,501
221766161,47.556,28.081,526,31883,0.941022,0.91,2,2879980,2879454,526
221769081,20.2224,47.2324,468,31949,0.946409,0.91,2,2879982,2879514,468
221871281,53.3495,42.2644,502,34189,0.92368,1,2,2881629,2881127,502
221888801,30.2792,28.8353,526,34559,0.400983,1,1,2881852,2881326,526
221891721,33.7117,28.3341,534,34620,0.286393,1,1,2881888,2881354,534
221897561,47.0339,31.0535,546,34742,0.0950229,0.98,1,2881976,2881430,546
221900481,77.0135,51.4214,578,34803,0.0440092,0.94,1,2882073,2881495,578
221903401,48.8054,79.3686,510,34864,0.0356037,0.9,1,2882103,2881593,510
221906321,34.5222,53.3474,499,34925,0.0142415,1,1,2882128,2881629,499
221909241,28.8089,35.139,501,34986,0.0116966,0.95,1,2882153,2881652,501
221912161,49.9235,32.6556,534,35046,0.0586786,0.81,1,2882217,2881683,534
221915081,34.9694,59.8622,481,35106,0.0534714,0.61,1,2882242,2881761,481
221918001,29.5878,43.7449,474,35166,0.0753886,0.47,1,2882268,2881794,474
221920921,23.8351,36.698,462,35226,0.0601554,0.29,1,2882288,2881826,462
221923841,27.534,30.2792,466,35286,0.0540622,0.21,1,2882318,2881852,466
221926761,26.0136,33.7117,455,35346,0.0756249,0.13,1,2882343,2881888,455
221929681,42.8054,32.0847,478,35406,0.0842499,0.03,1,2882397,2881919,478
221932601,75.9222,47.0339,519,35466,0.0517,0.01,1,2882495,2881976,519
221935521,47.7689,77.0135,451,35526,0.02068,0.03,1,2882524,2882073,451
221938441,35.9075,48.8054,449,35586,0.038272,0,1,2882552,2882103,449
221941361,28.163,34.5222,447,35645,0.0333088,0.01,1,2882575,2882128,447
221944281,12.4652,28.8089,424,35704,0.0553235,0.09,1,2882577,2882153,424
221947201,42.7861,49.9235,423,35763,0.0281294,0.05,1,2882640,2882217,423
221950121,32.7144,34.9694,424,35822,0.0292518,0.09,1,2882666,2882242,424
221953041,29.8858,29.5878,426,35881,0.0417007,0.05,1,2882694,2882268,426
221955961,22.1543,23.8351,423,35940,0.0346803,0.05,1,2882711,2882288,423
221958881,28.6617,27.534,426,35999,0.0438721,0.09,1,2882744,2882318,426
221961801,27.6647,26.0136,428,36058,0.0595488,0.09,1,2882771,2882343,428
221964721,41.0659,42.8054,424,36117,0.0418195,0.03,1,2882821,2882397,424
221967641,74.6264,75.9222,423,36176,0.0347278,0,1,2882918,2882495,423
221970561,46.6505,47.7689,422,36234,0.0138911,0.05,1,2882946,2882524,422
221973481,37.8602,35.9075,426,36292,0.0355565,0.03,1,2882978,2882552,426
221976401,27.1441,28.163,423,36350,0.0442226,0.07,1,2882998,2882575,423
221979321,12.0576,12.4652,423,36408,0.047689,0.01,1,2883000,2882577,423
221982241,42.0231,42.7861,422,36466,0.0370756,0.03,1,2883062,2882640,422
221985161,32.4092,32.7144,422,36524,0.0448302,0.05,1,2883088,2882666,422
221988081,29.7637,29.8858,422,36582,0.0599321,0.03,1,2883116,2882694,422
221991001,22.1055,22.1543,422,36640,0.0659728,0.05,1,2883133,2882711,422
221993921,28.6422,28.6617,422,36698,0.0563891,0.07,1,2883166,2882744,422
221996841,28.2569,27.6647,423,36756,0.0885557,0.03,1,2883194,2882771,423
222002681,74.1211,74.6264,422,36870,0.0945689,0,1,2883340,2882918,422
222005601,46.4484,46.6505,422,36927,0.0558276,0.05,1,2883368,2882946,422
222008521,37.7794,37.8602,422,36984,0.028331,0.05,1,2883400,2882978,422
222011441,27.1117,27.1441,422,37041,0.0413324,0.05,1,2883420,2882998,422
222014361,12.0447,12.0576,422,37098,0.046533,0.03,1,2883422,2883000,422
222017281,42.6179,42.0231,423,37155,0.0246132,0.03,1,2883485,2883062,423
222020201,32.0472,16.8092,448,37212,0.0158453,0.05,1,2883510,2883062,448
222023121,30.2189,22.3237,451,37269,0.0363381,0.07,1,2883539,2883088,451
222026041,21.6875,25.7295,439,37326,0.0685352,0.07,1,2883555,2883116,439
222028961,29.075,20.4918,456,37383,0.0934141,0.05,1,2883589,2883133,456
222043561,37.108,46.4319,453,37664,0.0810878,0.01,1,2883821,2883368,453
222046481,26.8432,37.7728,441,37720,0.0744351,0.05,1,2883841,2883400,441
222049401,11.9373,27.1091,423,37776,0.071774,0.05,1,2883843,2883420,423
222052321,42.5749,12.0436,484,37832,0.0707096,0.01,1,2883906,2883422,484
222055241,33.23,42.6175,448,37888,0.0582838,0.01,1,2883933,2883485,448
222058161,31.892,32.047,454,37944,0.0413135,0.05,1,2883964,2883510,454
222061081,22.3568,30.2188,441,38000,0.0585254,0.09,1,2883980,2883539,441
222064001,31.1427,21.6875,462,38056,0.0894102,0.11,1,2884017,2883555,462
222075681,42.4853,72.9248,449,38277,0.220161,0.13,1,2884212,2883763,449
222078601,36.7941,44.7699,456,38332,0.262064,0.05,1,2884245,2883789,456
222081521,26.7176,37.108,444,38387,0.278826,0.07,1,2884265,2883821,444
222084441,11.8871,26.8432,426,38442,0.28553,0.07,1,2884267,2883841,426
222087361,41.3548,11.9373,485,38497,0.276212,0.07,1,2884328,2883843,485
222090281,33.3419,42.5749,450,38552,0.248485,0.05,1,2884356,2883906,450
222093201,31.9368,33.23,454,38607,0.225394,0.03,1,2884387,2883933,454
222096121,13.9747,31.892,425,38662,0.216158,0.07,1,2884389,2883964,425
222099041,15.1899,22.3568,425,38717,0.236463,0.11,1,2884405,2883980,425
222101961,29.476,31.1427,427,38772,0.232585,0.13,1,2884444,2884017,427
222104881,30.3904,30.4571,428,38826,0.231034,0.13,1,2884475,2884047,428
222107801,43.9562,42.7828,430,38880,0.254414,0.21,1,2884528,2884098,430
222110721,73.3825,71.7131,432,38934,0.263765,0.25,1,2884621,2884189,432
222113641,44.353,42.4853,434,38988,0.279506,0.29,1,2884646,2884212,434
222131161,31.9807,31.9368,434,39312,0.415229,0.21,1,2884821,2884387,434
222134081,13.9923,13.9747,434,39366,0.424092,0.25,1,2884823,2884389,434
222137001,15.1969,15.1899,434,39420,0.439637,0.23,1,2884839,2884405,434
222201241,42.3178,12.4565,515,40582,0.754448,0.65,2,2885656,2885141,515
222204161,33.7271,42.1826,481,40634,0.775779,0.67,2,2885684,2885203,481
222207081,32.6909,33.073,486,40686,0.784312,0.71,2,2885716,2885230,486
222210001,14.2763,32.4292,456,40738,0.787725,0.67,2,2885718,2885262,456
222212921,15.3105,14.1717,470,40790,0.78909,0.67,2,2885734,2885264,470
222227521,47.8573,78.6645,485,41049,0.905594,0.75,2,2885991,2885506,485
222230441,41.9429,47.6658,496,41100,0.944238,0.73,2,2886029,2885533,496
222233361,29.3772,42.4663,478,41151,0.947695,0.73,2,2886050,2885572,478
222236281,12.9509,28.9865,460,41202,0.949078,0.73,2,2886052,2885592,460
222427541,363.751,398.585,470,18980,0.417232,0.85,1,2888332,2887862,470
222436301,86.7361,85.6535,488,20031,0.0955828,0.17,1,2888552,2888064,488
222447981,102.497,67.7655,503,20451,0.0862069,0.03,1,2888835,2888332,503
222450901,87.7989,75.7062,500,20555,0.0884828,0.05,1,2888913,2888413,500
222477181,66.5899,65.3768,430,21466,0.206531,0.17,1,2889467,2889037,430
222480101,64.436,63.9507,430,21565,0.244612,0.17,1,2889530,2889100,430
222483021,34.1744,33.9803,430,21663,0.235845,0.17,1,2889544,2889114,430
222485941,14.8698,14.7921,430,21761,0.232338,0.11,1,2889546,2889116,430
222488861,89.3479,91.7168,426,21858,0.278935,0.15,1,2889685,2889259,426
222491781,86.1392,84.6867,430,21955,0.285574,0.19,1,2889769,2889339,430
222500541,65.3929,64.436,433,22244,0.402037,0.23,1,2889963,2889530,433
222503461,35.1572,34.1744,434,22339,0.418815,0.23,1,2889978,2889544,434
222506381,15.2629,14.8698,434,22434,0.425526,0.31,1,2889980,2889546,434
222509301,90.1051,89.3479,435,22529,0.44021,0.31,1,2890120,2889685,435
222512221,85.2421,35.7392,517,22623,0.446084,0.29,1,2890202,2889685,517
222515141,73.6968,64.6957,499,22717,0.448434,0.31,1,2890268,2889769,499
222544341,38.11,68.9092,462,23633,0.781886,0.51,2,2890866,2890404,462
222547261,16.444,37.1637,448,23723,0.798754,0.51,2,2890868,2890420,448
222558941,56.3986,73.8442,456,24078,0.927408,0.73,2,2891167,2890711,456
222561861,65.1594,70.9377,458,24166,0.928963,0.77,2,2891238,2890780,458
222664061,36.7015,45.9081,505,27065,0.93616,1,2,2893261,2892756,505
222690341,31.8575,36.7015,469,27761,0.446301,0.99,1,2893730,2893261,469
222693261,24.143,26.6806,468,27837,0.41252,0.77,1,2893749,2893281,468
222696181,49.8572,53.2722,464,27913,0.411008,0.63,1,2893816,2893352,464
222699101,74.5429,81.9089,454,27989,0.446403,0.61,1,2893907,2893453,454
222754581,61.0197,75.2135,498,29392,0.771885,0.57,2,2894847,2894349,498
222777941,47.0311,50.6233,458,29963,0.925633,0.77,2,2895161,2894703,458
222915181,51.7836,55.7,488,33118,0.91288,1,2,2897425,2896937,488
223008621,46.1418,35.4935,502,35104,0.762151,0.63,2,2898741,2898239,502
223031981,49.3075,36.3496,513,35584,0.910751,0.69,2,2899064,2898551,513
223034901,52.723,49.3399,510,35643,0.934301,0.71,2,2899119,2898609,510
223037821,22.2892,52.1359,458,35702,0.94372,0.73,2,2899121,2898663,458
223131261,33.4758,33.4503,510,37550,0.9244,1,2,2900390,2899880,510
223142941,38.6138,55.9555,493,37774,0.793633,1,2,2900564,2900071,493
223201341,39.9391,40.7625,446,38878,0.77043,0.53,2,2901280,2900834,446
223218861,32.4843,31.069,452,39202,0.903484,0.61,2,2901501,2901049,452
223230541,47.8812,46.549,455,39418,0.914345,0.71,2,2901638,2901183,455
223233461,31.1525,30.6196,455,39472,0.935738,0.73,2,2901658,2901203,455
223423261,36.632,41.216,500,42809,0.92728,1,2,2904013,2903513,500
223429101,32.8611,27.1146,509,42907,0.775965,1,2,2904079,2903570,509
223483121,308.368,363.267,439,18980,0.235529,0.23,1,2904664,2904225,439
223491881,105.488,87.0651,489,20031,0.0853938,0.05,1,2904934,2904445,489
223494801,77.595,90.626,455,20137,0.0641575,0.05,1,2904993,2904538,455
223497721,55.638,68.6504,442,20242,0.055663,0.03,1,2905034,2904592,442
223500641,39.0552,48.4602,435,20347,0.0522652,0.03,1,2905062,2904627,435
223509401,90.0995,75.5335,521,20658,0.289665,0.07,1,2905358,2904837,521
223521081,16.3801,37.9625,424,21066,0.288167,0.17,1,2905486,2905062,424
223526921,81.1008,81.074,434,21267,0.407307,0.35,1,2905696,2905262,434
223529841,93.0403,90.0296,439,21367,0.444923,0.33,1,2905797,2905358,439
223585321,88.2106,16.0463,591,23180,0.761066,0.67,2,2906960,2906369,591
223591161,97.3937,83.3274,561,23362,0.912571,0.69,2,2907148,2906587,561
223684601,72.0823,54.6292,550,26108,0.7876,1,2,2909055,2908505,550
223693361,44.4293,50.4643,519,26351,0.289686,1,1,2909208,2908689,519
223699201,51.9887,37.7143,545,26511,0.20115,1,1,2909305,2908760,545
223710881,62.8669,72.0823,516,26829,0.212557,0.43,1,2909571,2909055,516
223713801,45.5468,74.4329,474,26908,0.223023,0.25,1,2909605,2909131,474
223716721,19.4187,52.5732,438,26987,0.227209,0.23,1,2909607,2909169,438
223719641,29.9675,44.4293,436,27065,0.252884,0.37,1,2909644,2909208,436
223722561,34.187,39.9717,436,27143,0.275153,0.11,1,2909681,2909245,436
223751761,48.1505,46.6748,439,27913,0.41548,0.37,1,2910175,2909736,439
223754681,77.4602,77.4699,438,27989,0.448192,0.33,1,2910272,2909834,438
223766361,47.1318,46.94,440,28290,0.445442,0.37,1,2910478,2910038,440
223772201,30.2211,7.9904,477,28440,0.430071,0.37,1,2910517,2910040,477
223775121,37.2884,25.3962,482,28514,0.406028,0.41,1,2910559,2910077,482
223804321,52.3803,37.2879,503,29248,0.765155,0.51,2,2911062,2910559,503
223810161,51.5808,78.8061,480,29392,0.920425,0.55,2,2911194,2910714,480
223813081,67.4323,50.7224,526,29464,0.91417,0.61,2,2911272,2910746,526
223816001,66.5729,65.289,517,29536,0.935668,0.67,2,2911338,2910821,517
224061281,64.2747,42.9149,525,35044,0.796769,0.57,2,2915102,2914577,525
224070041,42.0576,33.4426,497,35224,0.929633,0.61,2,2915207,2914710,497
224318241,38.2827,52.253,475,40003,0.939072,1,2,2918540,2918065,475
224321161,53.1131,44.3012,499,40056,0.777629,1,2,2918603,2918104,499
224341601,39.0546,39.047,511,40424,0.261299,0.97,1,2918820,2918309,511
224356201,36.2271,38.7048,501,40684,0.0767013,0.93,1,2919003,2918502,501
224359121,45.6908,38.2819,515,40736,0.0726805,0.67,1,2919055,2918540,515
224362041,37.4763,53.1128,484,40788,0.0470722,0.71,1,2919087,2918603,484
224364961,31.7905,41.6451,478,40840,0.0368289,0.63,1,2919115,2918637,478
224367881,21.7162,36.458,460,40892,0.0567316,0.51,1,2919130,2918670,460
224370801,19.4865,25.3832,460,40944,0.0886926,0.39,1,2919148,2918688,460
224376641,30.4778,30.3413,472,41047,0.0993908,0.31,1,2919214,2918742,472
224379561,34.3911,33.1365,474,41098,0.0817563,0.19,1,2919251,2918777,474
224382481,38.9565,39.0546,473,41149,0.0747025,0.11,1,2919293,2918820,473
224385401,35.3826,42.6218,461,41200,0.071881,0.19,1,2919326,2918865,461
224388321,29.153,38.0487,451,41251,0.0467524,0.09,1,2919351,2918900,451
224391241,36.2612,31.4195,465,41302,0.060701,0.11,1,2919392,2918927,465
224394161,34.3045,36.5678,458,41353,0.0782804,0.05,1,2919425,2918967,458
224408761,16.2316,21.7162,427,41608,0.217061,0.11,1,2919557,2919130,427
224411681,17.2926,19.4865,427,41659,0.248824,0.13,1,2919575,2919148,427
224414601,26.7171,28.1946,426,41710,0.24953,0.09,1,2919608,2919182,426
224417521,31.0868,30.4778,428,41761,0.261812,0.07,1,2919642,2919214,428
224478841,45.5966,46.4086,437,42809,0.407828,0.35,1,2920344,2919907,437
224546001,39.687,34.3761,489,43928,0.757686,0.53,2,2921038,2920549,489
224563521,43.0279,47.0222,490,44216,0.901819,0.65,2,2921275,2920785,490
224566441,34.6112,40.4089,483,44264,0.930728,0.69,2,2921304,2920821,483
224569361,15.0445,33.5636,456,44312,0.942291,0.69,2,2921306,2920850,456
224703681,30.0453,26.5841,512,46452,0.949119,1,2,2922785,2922273,512
224724121,45.6505,38.8439,518,46767,0.917117,1,2,2922970,2922452,518
224868661,320.223,355.628,462,21900,0.417902,0.29,1,2924914,2924452,462
224873041,191.089,224.451,430,21900,0.245161,0.17,1,2925019,2924589,430
224909541,94.4356,112.58,422,22630,0.200064,0.01,1,2925049,2924627,422
224915381,74.9897,86.1729,437,22817,0.0668103,0,1,2925201,2924764,437
224918301,79.1959,62.6692,472,22910,0.0687241,0.11,1,2925283,2924811,472
224921221,41.8784,62.2677,427,23003,0.0814897,0.09,1,2925300,2924873,427
224924141,31.1513,33.9071,436,23095,0.0745959,0.05,1,2925324,2924888,436
224932901,90.4097,63.3461,509,23369,0.0544541,0.07,1,2925558,2925049,509
224935821,75.1639,77.5384,487,23460,0.0277817,0.03,1,2925623,2925136,487
224938741,80.4655,70.0154,506,23550,0.0651127,0.07,1,2925707,2925201,506
224941661,41.7862,77.2061,440,23640,0.0800451,0.09,1,2925723,2925283,440
224959181,68.9882,75.1557,424,24173,0.0847906,0.09,1,2926047,2925623,424
224962101,79.1953,80.4623,426,24261,0.0759162,0.09,1,2926133,2925707,426
224965021,41.8781,41.7849,427,24348,0.0603665,0.13,1,2926150,2925723,427
224967941,32.9512,32.314,428,24435,0.0901466,0.15,1,2926177,2925749,428
224982541,65.1701,68.9882,422,24866,0.216625,0.07,1,2926469,2926047,422
224985461,78.268,79.1953,423,24951,0.21265,0.05,1,2926556,2926133,423
224988381,42.1072,41.8781,424,25036,0.21106,0.11,1,2926574,2926150,424
224991301,34.2429,32.9512,426,25121,0.234424,0.19,1,2926603,2926177,426
224994221,50.8972,48.5805,429,25205,0.21977,0.21,1,2926665,2926236,429
224997141,60.5589,59.0322,430,25289,0.261908,0.17,1,2926732,2926302,430
225000061,25.4235,24.8129,430,25373,0.278763,0.21,1,2926734,2926304,430
225020501,61.6992,50.4491,500,25952,0.402553,0.29,1,2927165,2926665,500
225023421,25.8797,60.3796,435,26034,0.419021,0.29,1,2927167,2926732,435
225064301,27.9315,34.6071,452,27150,0.758364,0.65,2,2927926,2927474,452
225067221,48.3726,51.0428,452,27228,0.789346,0.63,2,2927988,2927536,452
225078901,69.9503,68.8235,458,27538,0.908159,0.73,2,2928244,2927786,458
225181101,35.8144,31.8643,497,30111,0.929632,1,2,2929977,2929480,497
225186941,59.2503,68.4583,477,30251,0.766741,1,2,2930128,2929651,477
225198621,28.0608,31.3733,482,30530,0.412221,1,1,2930316,2929834,482
225207381,44.8279,53.5359,473,30737,0.297342,0.96,1,2930426,2929953,473
225210301,30.5312,35.8144,470,30806,0.268937,0.85,1,2930447,2929977,470
225213221,67.4125,76.1257,459,30875,0.281575,0.69,1,2930539,2930080,459
225216141,54.565,59.2503,457,30944,0.27463,0.53,1,2930585,2930128,457
225219061,78.226,89.7001,441,31012,0.259852,0.49,1,2930679,2930238,441
225221981,49.2904,53.88,441,31080,0.265941,0.43,1,2930709,2930268,441
225224901,33.5162,37.152,438,31148,0.268376,0.37,1,2930732,2930294,438
225227821,26.0065,28.0608,437,31216,0.293351,0.31,1,2930753,2930316,437
225292061,26.5112,27.0305,475,32674,0.759898,0.57,2,2931690,2931215,475
225294981,43.0045,26.4122,503,32739,0.765959,0.57,2,2931744,2931241,503
225297901,18.4018,42.9649,451,32804,0.768384,0.59,2,2931746,2931295,451
225300821,17.5607,26.786,452,32868,0.781353,0.63,2,2931763,2931311,452
225303741,68.2243,70.7144,454,32932,0.774541,0.65,2,2931865,2931411,454
225306661,55.4897,56.4858,454,32996,0.783817,0.71,2,2931912,2931458,454
225315421,36.5513,35.4871,459,33188,0.908164,0.75,2,2932075,2931616,459
225318341,26.6205,26.1948,459,33252,0.933266,0.75,2,2932095,2931636,459
225321261,28.0482,27.2779,460,33316,0.943306,0.77,2,2932124,2931664,460
225324181,26.8193,26.5112,460,33379,0.947323,0.77,2,2932150,2931690,460
225327101,43.1277,43.0045,460,33442,0.948929,0.77,2,2932204,2931744,460
225330021,18.4511,18.4018,460,33505,0.925572,0.79,2,2932206,2931746,460
225332941,16.9804,17.5607,459,33568,0.916229,0.77,2,2932222,2931763,459
225335861,68.5922,68.2243,460,33631,0.912491,0.79,2,2932325,2931865,460
225338781,55.6369,55.4897,460,33694,0.946997,0.85,2,2932372,2931912,460
225443901,52.0998,57.5602,480,35884,0.946,1,2,2933935,2933455,480
225446821,40.6399,38.6241,487,35943,0.9184,1,2,2933968,2933481,487
225449741,34.856,29.8496,494,36002,0.91336,1,2,2933999,2933505,494
225461421,36.9835,31.5177,504,36237,0.776934,1,2,2934145,2933641,504
225490621,32.0404,33.897,465,36816,0.443671,0.85,1,2934534,2934069,465
225513981,43.4768,57.4733,476,37272,0.411577,0.49,1,2934849,2934373,476
225522741,33.1425,33.2463,476,37443,0.403381,0.45,1,2934944,2934468,476
225525661,30.057,34.8985,468,37499,0.443352,0.43,1,2934972,2934504,468
225563621,34.4823,30.057,482,38225,0.766426,0.47,2,2935454,2934972,482
225566541,38.9929,34.2228,487,38280,0.780571,0.61,2,2935496,2935009,487
225569461,28.7972,35.2891,473,38335,0.786228,0.59,2,2935518,2935045,473
225589901,25.5261,35.2154,458,38720,0.925351,0.75,2,2935777,2935319,458
225595741,33.6042,35.5145,458,38829,0.938856,0.73,2,2935846,2935388,458
225805981,38.9145,49.8415,486,42565,0.437927,1,1,2938457,2937971,486
225811821,33.5863,35.2146,488,42665,0.251268,1,1,2938526,2938038,488
225817661,39.5738,40.9143,485,42763,0.0918029,1,1,2938619,2938134,485
225823501,30.9318,34.5063,480,42861,0.0950885,0.96,1,2938681,2938201,480
225826421,32.1727,36.6025,475,42910,0.0560354,0.94,1,2938714,2938239,475
225829341,26.0691,32.041,468,42959,0.0404142,0.83,1,2938736,2938268,468
225832261,23.6276,29.6164,462,43008,0.0341657,0.83,1,2938758,2938296,462
225835181,23.2511,11.8466,485,43057,0.0316663,0.79,1,2938781,2938296,485
225838101,25.5004,19.7386,487,43106,0.0426665,0.61,1,2938808,2938321,487
225841021,21.6002,27.6955,473,43155,0.0230666,0.61,1,2938827,2938354,473
225843941,26.6401,26.0782,478,43204,0.0752266,0.57,1,2938857,2938379,478
225846861,34.056,30.8313,483,43253,0.0480907,0.33,1,2938896,2938413,483
225849781,35.2224,38.7325,475,43302,0.0972363,0.23,1,2938932,2938457,475
225852701,30.289,38.893,463,43351,0.0688945,0.21,1,2938959,2938496,463
225855621,42.1156,33.5572,483,43400,0.0935578,0.09,1,2939009,2938526,483
225861461,35.4185,39.5692,457,43498,0.0569692,0.11,1,2939076,2938619,457
225864381,29.7674,36.8277,448,43547,0.0647877,0.09,1,2939102,2938654,448
225867301,32.307,30.9311,455,43595,0.0799151,0.03,1,2939136,2938681,455
225873141,23.4091,26.069,443,43691,0.0739864,0.03,1,2939179,2938736,443
225876061,24.3636,23.6276,446,43739,0.0715946,0.03,1,2939204,2938758,446
225878981,25.3455,23.251,449,43787,0.0466378,0.05,1,2939230,2938781,449
225881901,22.7382,25.5004,443,43835,0.0606551,0.01,1,2939251,2938808,443
225884821,26.4953,21.6002,453,43883,0.0542621,0.11,1,2939280,2938827,453
225887741,34.5981,26.6401,463,43931,0.0637048,0.03,1,2939320,2938857,463
225890661,36.0392,34.056,461,43979,0.0554819,0.13,1,2939357,2938896,461
225893581,29.4157,35.2224,450,44027,0.0401928,0.05,1,2939382,2938932,450
225896501,44.1663,30.289,477,44075,0.0460771,0.11,1,2939436,2938959,477
225899421,35.0665,42.1156,456,44123,0.0604308,0.15,1,2939465,2939009,456
225902341,33.2266,36.0462,456,44171,0.0661723,0.01,1,2939497,2939041,456
225905261,30.0906,35.4185,449,44219,0.0324689,0.07,1,2939525,2939076,449
225908181,35.4363,29.7674,462,44267,0.0309876,0.09,1,2939564,2939102,462
225911101,26.1745,32.307,448,44315,0.030395,0.13,1,2939584,2939136,448
225914021,21.2698,25.5228,445,44363,0.054158,0.05,1,2939602,2939157,445
225916941,24.1079,23.4091,449,44411,0.0636632,0.07,1,2939628,2939179,449
225919861,24.0432,24.3636,448,44458,0.0914653,0.03,1,2939652,2939204,448
225937381,28.4999,29.4157,423,44740,0.217175,0.05,1,2939805,2939382,423
225940301,43.2,44.1663,422,44787,0.22487,0.07,1,2939858,2939436,422
225943221,36.48,35.0665,425,44834,0.239948,0.07,1,2939890,2939465,425
225949061,30.4368,30.0906,424,44928,0.272392,0.03,1,2939949,2939525,424
225951981,34.9747,35.4363,423,44975,0.282957,0.03,1,2939987,2939564,423
225957821,21.676,21.2698,425,45069,0.298473,0.07,1,2940027,2939602,425
225963661,24.9482,24.0432,427,45163,0.296156,0.11,1,2940079,2939652,427
225966581,11.1793,10.8173,427,45210,0.292462,0.13,1,2940081,2939654,427
226019141,34.9288,19.7235,477,46042,0.416958,0.29,1,2940609,2940132,477
226022061,38.5715,33.0894,476,46088,0.424783,0.35,1,2940650,2940174,476
226024981,29.8286,37.2358,460,46134,0.439913,0.31,1,2940674,2940214,460
226027901,44.9314,29.2943,491,46180,0.445965,0.35,1,2940729,2940238,491
226030821,38.3726,43.5177,472,46226,0.448386,0.41,1,2940763,2940291,472
226033741,33.949,37.2071,470,46272,0.449354,0.31,1,2940794,2940324,470
226065861,39.1056,34.9288,483,46769,0.760302,0.43,2,2941092,2940609,483
226068781,30.6423,38.5715,467,46814,0.754121,0.45,2,2941117,2940650,467
226080461,30.9764,33.949,474,46994,0.769497,0.55,2,2941268,2940794,474
226106741,12.5941,26.1603,460,47399,0.900387,0.77,2,2941468,2941008,460
226109661,30.8376,36.2641,460,47443,0.930155,0.77,2,2941511,2941051,460
226112581,36.9351,39.1056,460,47487,0.930062,0.75,2,2941552,2941092,460
226115501,29.174,30.6423,459,47531,0.930025,0.73,2,2941576,2941117,459
226118421,44.0696,45.2569,458,47575,0.93001,0.71,2,2941630,2941172,458
226121341,39.2278,39.1028,459,47619,0.930004,0.75,2,2941666,2941207,459
226319901,42.8058,46.6654,488,23278,0.938662,1,2,2943946,2943458,488
226322821,56.7223,36.6662,524,23369,0.921465,1,2,2944012,2943488,524
226325741,92.2889,48.2665,584,23460,0.926586,0.99,2,2944128,2943544,584
226328661,87.9156,88.3066,554,23550,0.940634,0.97,2,2944213,2943659,554
226331581,58.5662,85.7226,509,23640,0.946254,0.96,2,2944252,2943743,509
226410421,42.7264,56.3673,511,25952,0.79672,1,2,2945848,2945337,511
226425021,57.7735,88.5612,506,26358,0.264853,1,1,2946140,2945634,506
226427941,84.3094,58.2245,570,26438,0.207941,0.92,1,2946242,2945672,570
226433781,39.8895,57.3159,489,26598,0.264871,0.75,1,2946304,2945815,489
226436701,32.7558,42.7264,484,26678,0.279948,0.69,1,2946332,2945848,484
226439621,29.9023,35.0905,482,26757,0.285979,0.59,1,2946360,2945878,482
226442541,58.7609,33.8362,527,26836,0.264392,0.39,1,2946438,2945911,527
226445461,79.3044,66.3345,532,26915,0.255757,0.25,1,2946531,2945999,532
226448381,32.9217,88.9338,430,26994,0.252303,0.21,1,2946533,2946103,430
226451301,37.1687,57.7735,433,27072,0.274921,0.17,1,2946573,2946140,433
226462981,31.9211,32.7558,434,27384,0.44043,0.29,1,2946766,2946332,434
226518461,31.4059,33.0621,484,28817,0.772691,0.67,2,2947693,2947209,484
226535981,56.4472,76.2932,499,29255,0.913274,0.73,2,2948058,2947559,499
226538901,43.5789,55.7173,492,29327,0.911309,0.73,2,2948093,2947601,492
226541821,34.2316,43.2869,485,29399,0.910524,0.71,2,2948121,2947636,485
226658621,32.0338,29.8108,514,32151,0.44921,1,1,2950040,2949526,514
226664461,64.1654,28.5297,568,32283,0.281874,1,1,2950151,2949583,568
226699501,74.0608,74.2662,439,33060,0.415965,0.31,1,2950671,2950232,439
226746221,33.4835,32.9645,450,34069,0.773221,0.61,2,2951312,2950862,450
226749141,27.7934,27.5858,450,34131,0.759288,0.61,2,2951336,2950886,450
226752061,12.3174,12.2343,450,34193,0.753715,0.59,2,2951338,2950888,450
226754981,24.1269,23.4937,451,34255,0.751486,0.59,2,2951370,2950919,451
226766661,51.1712,76.9694,489,34502,0.91007,0.71,2,2951605,2951116,489
226769581,31.2685,50.5878,474,34563,0.946028,0.75,2,2951623,2951149,474
226937481,162.72,161.733,504,17042,0.446128,0.53,1,2954137,2953633,504
226943321,78.8352,75.9173,490,17291,0.44218,0.51,1,2954267,2953777,490
226966681,104.408,114.247,447,18250,0.758157,0.57,2,2954901,2954454,447
227156481,39.9314,39.2513,507,24684,0.767728,1,2,2959494,2958987,507
227165241,88.1636,103.048,485,24941,0.263455,1,1,2959680,2959195,485
227191521,97.3803,85.3054,536,25696,0.0810334,0.05,1,2960216,2959680,536
227194441,59.3521,103.122,455,25778,0.0624134,0.09,1,2960250,2959795,455
227197361,61.5408,60.4489,486,25860,0.0909653,0.17,1,2960313,2959827,486
227203201,34.0865,43.0318,454,26024,0.0757544,0.13,1,2960372,2959918,454
227206121,27.4346,34.0127,449,26105,0.0723018,0.15,1,2960395,2959946,449
227209041,31.9738,26.8051,462,26186,0.0829207,0.11,1,2960430,2959968,462
227211961,69.1895,31.122,522,26267,0.0991683,0.13,1,2960524,2960002,522
227214881,97.2758,72.4488,538,26348,0.0816673,0.05,1,2960640,2960102,538
227217801,58.7103,97.3795,457,26428,0.0866669,0.05,1,2960673,2960216,457
227226561,33.8055,43.2163,453,26668,0.200187,0.05,1,2960797,2960344,453
227229481,27.9222,34.0865,449,26747,0.206075,0.07,1,2960821,2960372,449
227232401,30.3689,27.4346,458,26826,0.20843,0.09,1,2960853,2960395,458
227235321,70.3475,31.9738,520,26905,0.257372,0.11,1,2960950,2960430,520
227238241,29.339,69.1895,428,26984,0.276949,0.07,1,2960952,2960524,428
227261601,73.0026,70.3475,437,27605,0.420792,0.29,1,2961387,2960950,437
227264521,30.401,29.339,437,27682,0.438317,0.35,1,2961389,2960952,437
227267441,81.7604,81.3356,437,27759,0.445327,0.37,1,2961505,2961068,437
227311241,32.9276,27.942,482,28881,0.756753,0.55,2,2962174,2961692,482
227320001,84.0674,30.9723,569,29100,0.777792,0.61,2,2962400,2961831,569
227322921,54.0269,82.5889,486,29173,0.773117,0.65,2,2962434,2961948,486
227334601,29.5447,34.7975,483,29462,0.906784,0.75,2,2962597,2962114,483
227445561,34.6045,52.3456,500,32078,0.911805,1,2,2964444,2963944,500
227454321,33.7987,31.5261,513,32276,0.780036,1,2,2964542,2964029,513
227466001,51.414,87.6151,507,32537,0.0780969,0.93,1,2964814,2964307,507
227468921,32.5656,52.446,498,32602,0.0312388,1,1,2964834,2964336,498
227471841,42.4262,37.7784,519,32667,0.0304955,0.97,1,2964883,2964364,519
227474761,31.9705,47.5114,490,32732,0.0121982,0.87,1,2964908,2964418,490
227477681,13.9882,34.6045,466,32797,0.00487928,0.83,1,2964910,2964444,466
227480601,23.5953,31.2418,467,32861,0.00795171,0.85,1,2964940,2964473,467
227483521,29.2381,33.4967,465,32925,0.0451807,0.73,1,2964973,2964508,465
227486441,27.8952,33.7987,458,32989,0.0180723,0.37,1,2965000,2964542,458
227489361,44.7581,59.7195,437,33053,0.0132289,0.27,1,2965056,2964619,437
227492281,45.5032,55.0878,431,33117,0.0112916,0,1,2965102,2964671,431
227495201,85.4013,94.0351,423,33181,0.0585166,0.03,1,2965214,2964791,423
227498121,47.9605,51.414,423,33245,0.0294066,0,1,2965237,2964814,423
227501041,30.5842,32.5656,422,33309,0.0117627,0.03,1,2965256,2964834,422
227503961,41.6337,42.4262,422,33372,0.0107051,0,1,2965305,2964883,422
227506881,31.6535,31.9705,422,33435,0.00428203,0,1,2965330,2964908,422
227509801,13.8614,13.9882,422,33498,0.0197128,0.01,1,2965332,2964910,422
227512721,24.1446,23.5953,423,33561,0.0258851,0.07,1,2965363,2964940,423
227515641,28.8578,29.2381,422,33624,0.076354,0,1,2965395,2964973,422
227518561,28.3431,27.8952,423,33687,0.0605416,0.01,1,2965423,2965000,423
227521481,44.9373,44.7581,423,33750,0.0422166,0.01,1,2965479,2965056,423
227524401,44.9749,45.5032,422,33813,0.0228867,0.09,1,2965524,2965102,422
227527321,86.39,85.4013,424,33876,0.0631547,0.01,1,2965638,2965214,424
227530241,47.156,47.9605,422,33938,0.0792619,0,1,2965659,2965237,422
227533161,30.8624,30.5842,423,34000,0.0317047,0.01,1,2965679,2965256,423
227536081,41.745,41.6337,423,34062,0.0306819,0,1,2965728,2965305,423
227539001,31.098,31.6535,422,34124,0.0122728,0.03,1,2965752,2965330,422
227541921,13.6392,13.8614,422,34186,0.0109091,0.03,1,2965754,2965332,422
227544841,24.6557,24.1446,423,34248,0.0343636,0.03,1,2965786,2965363,423
227547761,29.0623,9.65782,455,34310,0.0437455,0.11,1,2965818,2965363,455
227550681,27.2249,23.0631,449,34372,0.0354982,0.05,1,2965844,2965395,449
227553601,44.49,26.0253,477,34434,0.0801993,0.03,1,2965900,2965423,477
227556521,44.796,44.0101,466,34495,0.0380797,0.01,1,2965945,2965479,466
227559441,87.5184,44.604,537,34556,0.0332319,0.09,1,2966061,2965524,537
227562361,46.4074,86.2416,442,34617,0.0312928,0.09,1,2966080,2965638,442
227565281,30.5629,47.0966,441,34678,0.0305171,0,1,2966100,2965659,441
227568201,41.6252,30.8387,470,34739,0.0662068,0.03,1,2966149,2965679,470
227571121,31.0501,41.7355,445,34800,0.0324827,0,1,2966173,2965728,445
227574041,13.62,31.0942,423,34861,0.0309931,0.01,1,2966175,2965752,423
227576961,24.648,13.6377,453,34922,0.0303972,0.05,1,2966207,2965754,453
227579881,29.6592,24.6551,454,34983,0.0421589,0.05,1,2966240,2965786,454
227582801,27.4637,29.062,448,35043,0.0468636,0.03,1,2966266,2965818,448
227603241,30.1787,41.6252,445,35463,0.070055,0.01,1,2966594,2966149,445
227606161,13.2715,31.0501,423,35523,0.034022,0.03,1,2966596,2966173,423
227609081,25.1086,13.62,454,35583,0.0316088,0.03,1,2966629,2966175,454
227612001,29.8434,24.648,455,35642,0.0186435,0.05,1,2966662,2966207,455
227614921,13.1374,29.6592,424,35701,0.0374574,0.05,1,2966664,2966240,424
227617841,20.8549,27.4637,424,35760,0.056983,0.15,1,2966690,2966266,424
227620761,46.142,45.7855,429,35819,0.0287932,0.15,1,2966753,2966324,429
227623681,42.4568,43.5142,427,35878,0.0295173,0.15,1,2966793,2966366,427
227626601,88.3827,87.6057,429,35937,0.0658069,0.11,1,2966912,2966483,429
227629521,47.3531,47.0423,429,35996,0.0563228,0.21,1,2966932,2966503,429
227632441,27.9412,29.6169,426,36055,0.0645291,0.05,1,2966947,2966521,426
227635361,40.5765,42.4468,424,36114,0.0918116,0.05,1,2966996,2966572,424
227647041,29.5988,29.8434,423,36347,0.0914864,0.05,1,2967085,2966662,423
227649961,13.0395,13.1374,423,36405,0.0785946,0.07,1,2967087,2966664,423
227652881,20.8158,20.8549,423,36463,0.0854378,0.01,1,2967113,2966690,423
227655801,45.5263,46.142,422,36521,0.0881751,0.03,1,2967175,2966753,422
227682081,28.2702,29.5988,423,37038,0.216919,0.07,1,2967508,2967085,423
227685001,12.5081,13.0395,423,37095,0.200768,0.09,1,2967510,2967087,423
227687921,21.2032,20.8158,424,37152,0.206307,0.09,1,2967537,2967113,424
227690841,46.2813,8.32632,487,37209,0.208523,0.09,1,2967600,2967113,487
227693761,43.1125,40.5305,466,37266,0.221409,0.11,1,2967641,2967175,466
227696681,91.045,41.4122,547,37323,0.262564,0.17,1,2967764,2967217,547
227725881,46.2039,21.203,494,37885,0.424967,0.21,1,2968031,2967537,494
227769681,84.7256,93.9126,449,38714,0.751483,0.57,2,2968650,2968201,449
227772601,47.6903,50.165,451,38769,0.774593,0.59,2,2968673,2968222,451
227775521,28.6761,29.666,451,38823,0.783837,0.61,2,2968689,2968238,451
227778441,43.2704,43.0664,452,38877,0.763535,0.61,2,2968742,2968290,452
227781361,29.3082,29.2266,452,38931,0.779414,0.61,2,2968762,2968310,452
227784281,12.9233,12.8906,452,38985,0.785766,0.67,2,2968764,2968312,452
227787201,26.7693,24.9563,455,39039,0.764306,0.65,2,2968800,2968345,455
227790121,29.9077,29.7825,454,39093,0.755723,0.65,2,2968832,2968378,454
227793041,13.1631,13.113,454,39147,0.776289,0.67,2,2968834,2968380,454
227795961,24.4652,23.8452,455,39201,0.760516,0.71,2,2968866,2968411,455
227816401,43.3209,43.2704,459,39578,0.92435,0.79,2,2969201,2968742,459
227965321,45.6822,45.8825,485,42211,0.431202,1,1,2971025,2970540,485
227971161,30.2292,25.7012,492,42311,0.257392,1,1,2971074,2970582,492
227982841,27.1307,26.6884,487,42511,0.0876612,1,1,2971190,2970703,487
227988681,22.7009,27.4301,476,42611,0.0584258,0.98,1,2971235,2970759,476
227991601,25.2804,31.3721,469,42661,0.0533703,0.84,1,2971262,2970793,469
227994521,22.1121,28.1488,463,42710,0.0993481,0.75,1,2971282,2970819,463
227997441,35.2449,40.6595,458,42759,0.0937392,0.69,1,2971326,2970868,458
228000361,32.0979,37.2638,453,42808,0.0674957,0.43,1,2971356,2970903,453
228003281,60.8392,70.7055,440,42857,0.0569983,0.35,1,2971436,2970996,440
228006201,39.9357,45.6822,437,42906,0.0527993,0.31,1,2971462,2971025,437
228009121,25.5743,29.0729,435,42955,0.0511197,0.19,1,2971478,2971043,435
228012041,25.2297,30.2292,429,43004,0.0504479,0.19,1,2971503,2971074,429
228014961,29.2919,12.0917,461,43053,0.0861792,0.13,1,2971535,2971074,461
228061681,28.8021,26.1167,456,43831,0.216154,0.11,1,2972015,2971559,456
228064601,27.1208,27.2467,454,43879,0.200462,0.19,1,2972041,2971587,454
228067521,24.0483,25.8987,451,43927,0.254185,0.15,1,2972063,2971612,451
228070441,21.6193,25.3595,446,43975,0.275674,0.15,1,2972083,2971637,446
228073361,25.4477,22.1438,454,44023,0.28427,0.13,1,2972111,2971657,454
228076281,22.1791,26.2575,445,44071,0.299708,0.11,1,2972131,2971686,445
228093801,26.5709,25.2073,456,44359,0.402997,0.15,1,2972355,2971899,456
228096721,32.8284,26.2829,466,44407,0.407199,0.19,1,2972392,2971926,466
228099641,27.5313,31.5132,455,44455,0.43288,0.21,1,2972416,2971961,455
228102561,12.2125,27.0053,433,44502,0.443152,0.23,1,2972418,2971985,433
228207681,23.0514,25.6724,477,46177,0.754791,0.73,2,2973471,2972994,477
228210601,38.0206,22.269,505,46223,0.763916,0.73,2,2973519,2973014,505
228213521,33.2082,37.7076,487,46269,0.779567,0.73,2,2973549,2973062,487
228216441,64.2833,33.083,542,46315,0.797827,0.75,2,2973634,2973092,542
228236881,21.7273,12.345,483,46631,0.929884,0.69,2,2973798,2973315,483
228432521,194.973,215.452,460,21900,0.2572,0.77,1,2975940,2975480,460
228441281,73.1023,86.6769,465,22910,0.0968608,0.19,1,2976156,2975691,465
228455881,85.9812,61.8025,497,23369,0.266787,0.05,1,2976437,2975940,497
228458801,88.3925,69.121,513,23460,0.268715,0.09,1,2976527,2976014,513
228461721,67.757,80.4484,479,23550,0.269486,0.09,1,2976581,2976102,479
228464641,67.9028,64.5794,493,23640,0.293794,0.17,1,2976649,2976156,493
228479241,74.5232,85.8939,436,24085,0.439837,0.27,1,2976873,2976437,436
228520121,58.9737,59.3679,447,25289,0.76739,0.55,2,2977652,2977205,447
228543481,63.2029,26.96,540,25952,0.928996,0.83,2,2978112,2977572,540
228628161,82.0049,87.8539,480,28222,0.94,1,2,2979756,2979276,480
228631081,76.0019,78.3416,480,28297,0.916,1,2,2979828,2979348,480
228636921,37.7203,20.9346,514,28447,0.79816,1,2,2979897,2979383,514
228654441,78.5896,66.8835,563,28890,0.432034,0.9,1,2980227,2979664,563
228657361,69.8358,81.9534,535,28963,0.406814,0.9,1,2980291,2979756,535
228671961,50.8598,33.1547,519,29327,0.415132,0.49,1,2980475,2979956,519
228674881,39.5439,56.4619,479,29399,0.424053,0.45,1,2980507,2980028,479
228712841,70.4441,69.1788,450,30321,0.759199,0.59,2,2981181,2980731,450
228715761,52.1776,51.0715,451,30391,0.77768,0.59,2,2981221,2980770,451
228718681,35.8711,34.8286,452,30461,0.785072,0.63,2,2981246,2980794,452
228721601,31.1484,28.9314,455,30530,0.788029,0.67,2,2981274,2980819,455
228724521,13.6594,12.7726,455,30599,0.765211,0.71,2,2981276,2980821,455
228739121,77.4477,77.1103,458,30944,0.924991,0.79,2,2981573,2981115,458
228893881,69.3834,41.6671,569,34379,0.295291,1,1,2983959,2983390,569
228896801,66.7534,70.0669,545,34441,0.220117,0.94,1,2984024,2983479,545
228899721,48.3013,73.0267,506,34502,0.214047,0.95,1,2984060,2983554,506
228920161,30.0747,33.3636,471,34929,0.217331,0.41,1,2984265,2983794,471
228923081,33.6299,33.1454,474,34990,0.224932,0.35,1,2984301,2983827,474
228926001,68.052,38.4582,523,35050,0.251973,0.23,1,2984392,2983869,523
228928921,63.2208,69.3833,493,35110,0.262789,0.17,1,2984452,2983959,493
228946441,22.6016,26.2925,451,35470,0.417726,0.17,1,2984631,2984180,451
228949361,30.6406,23.717,465,35530,0.43709,0.21,1,2984667,2984202,465
228952281,27.8563,28.6868,459,35589,0.444836,0.23,1,2984693,2984234,459
229010681,33.5136,34.1827,447,36759,0.759931,0.57,2,2985478,2985031,447
229034041,61.6988,25.1255,514,37215,0.905091,0.71,2,2985790,2985276,514
229036961,50.4795,46.0502,497,37272,0.920036,0.69,2,2985833,2985336,497
229039881,42.9918,43.6201,493,37329,0.938015,0.77,2,2985871,2985378,493
229042801,36.9967,39.048,490,37386,0.945206,0.75,2,2985904,2985414,490
229191721,31.0724,18.8663,525,40166,0.769314,1,2,2987824,2987299,525
229220921,40.2693,55.0145,496,40687,0.440315,0.83,1,2988191,2987695,496
229223841,38.3077,43.0058,498,40739,0.410126,0.79,1,2988228,2987730,498
229255961,48.2718,50.6829,492,41305,0.400096,0.47,1,2988600,2988108,492
229328961,38.5928,37.3562,452,42565,0.769984,0.63,2,2989358,2988906,452
229331881,35.2371,34.1425,453,42615,0.793994,0.67,2,2989391,2988938,453
229349401,29.1978,28.4109,455,42910,0.902083,0.67,2,2989625,2989170,455
229352321,12.8791,12.5644,455,42959,0.930833,0.69,2,2989627,2989172,455
229355241,22.5516,21.8257,456,43008,0.930333,0.69,2,2989656,2989200,456
229358161,19.8207,8.7303,474,43057,0.930133,0.71,2,2989674,2989200,474
229361081,23.5283,14.2921,482,43106,0.930053,0.73,2,2989700,2989218,482
229364001,31.0113,21.9168,491,43155,0.930021,0.73,2,2989736,2989245,491
229366921,34.0045,30.3667,491,43204,0.906009,0.75,2,2989772,2989281,491
229369841,40.0018,33.1467,500,43253,0.932403,0.79,2,2989816,2989316,500
229711481,29.1556,28.9959,497,48627,0.932656,1,2,2993572,2993075,497
229714401,31.4622,27.1984,504,48670,0.931062,1,2,2993605,2993101,504
229723161,32.0616,33.0607,505,48799,0.761588,1,2,2993690,2993185,505
229783021,311.218,356.483,444,21900,0.273561,0.41,1,2994262,2993818,444
229785941,185.087,187.593,470,22724,0.211424,0.33,1,2994363,2993893,470
229788861,110.035,115.237,463,22817,0.23457,0.23,1,2994423,2993960,463
229791781,72.2139,76.0949,460,22910,0.243828,0.21,1,2994470,2994010,460
229794701,73.2856,75.438,459,23003,0.259531,0.15,1,2994544,2994085,459
229806381,90.3881,34.4176,529,23369,0.447236,0.17,1,2994791,2994262,529
229809301,75.1552,74.367,493,23460,0.448894,0.25,1,2994856,2994363,493
229858941,58.5188,57.245,448,24951,0.784747,0.59,2,2995796,2995348,448
229882301,59.317,53.2388,508,25623,0.938258,0.81,2,2996255,2995747,508
230095461,55.1613,49.1046,490,31080,0.94,1,2,3000126,2999636,490
230098381,52.6645,47.8418,494,31148,0.946,1,2,3000177,2999683,494
230101301,42.6658,43.1367,490,31216,0.9244,1,2,3000213,2999723,490
230107141,28.7865,14.3419,519,31352,0.775504,1,2,3000273,2999754,519
230115901,51.9303,35.5499,545,31553,0.438672,1,1,3000410,2999865,545
230118821,78.3721,68.22,551,31620,0.289469,1,1,3000506,2999955,551
230127581,49.0798,55.1261,521,31821,0.086926,0.95,1,3000647,3000126,521
230133421,35.6928,42.6602,499,31953,0.0823082,0.79,1,3000712,3000213,499
230136341,24.4771,40.4641,477,32019,0.0749233,0.73,1,3000729,3000252,477
230139261,28.3908,28.7856,487,32085,0.0479693,0.59,1,3000760,3000273,487
230142181,32.3563,34.3143,484,32151,0.0731877,0.51,1,3000795,3000311,484
230145101,44.1425,35.3257,500,32217,0.0952751,0.35,1,3000847,3000347,500
230150941,45.8228,78.3721,459,32349,0.088444,0,1,3000965,3000506,459
230153861,57.3291,51.7488,490,32414,0.0773776,0.11,1,3001030,3000540,490
230156781,47.5316,59.6995,466,32479,0.072951,0.07,1,3001071,3000605,466
230159701,37.6127,49.0798,455,32544,0.0831804,0.11,1,3001102,3000647,455
230162621,35.4451,38.2319,458,32609,0.0632722,0.07,1,3001136,3000678,458
230165541,23.778,35.6928,440,32674,0.0553089,0.07,1,3001152,3000712,440
230168461,29.3112,24.4771,456,32739,0.0521235,0.03,1,3001185,3000729,456
230171381,12.9245,28.3908,427,32804,0.0508494,0.09,1,3001187,3000760,427
230174301,26.1698,32.3563,427,32868,0.0623398,0.11,1,3001222,3000795,427
230177221,40.4679,44.1425,425,32932,0.0909359,0.13,1,3001272,3000847,425
230194741,35.2315,35.4451,424,33316,0.20323,0.05,1,3001560,3001136,424
230197661,24.2926,23.778,425,33379,0.219292,0.05,1,3001577,3001152,425
230200581,28.917,29.3112,424,33442,0.249717,0.05,1,3001609,3001185,424
230203501,12.7668,12.9245,424,33505,0.261887,0.07,1,3001611,3001187,424
230206421,25.5067,26.1698,423,33568,0.278755,0.11,1,3001645,3001222,423
230209341,41.4027,40.4679,425,33631,0.285502,0.15,1,3001697,3001272,425
230221021,49.3575,47.6968,429,33883,0.411997,0.21,1,3001925,3001496,429
230258981,37.4148,39.4803,478,34685,0.751278,0.51,2,3002436,3001958,478
230261901,25.7659,36.1921,462,34746,0.762511,0.47,2,3002454,3001992,462
230264821,29.5064,25.2769,476,34807,0.779005,0.47,2,3002486,3002010,476
230267741,13.0025,29.3107,446,34868,0.785602,0.51,2,3002488,3002042,446
230270661,27.401,12.9243,481,34929,0.776241,0.51,2,3002525,3002044,481
230273581,44.5604,26.1697,502,34990,0.784496,0.57,2,3002581,3002079,502
230276501,77.2242,42.2679,548,35050,0.787799,0.63,2,3002680,3002132,548
230279421,50.0897,74.5072,484,35110,0.789119,0.63,2,3002712,3002228,484
230282341,57.2359,47.2029,517,35170,0.789648,0.71,2,3002774,3002257,517
230317381,55.516,57.2359,461,35884,0.918967,0.81,2,3003235,3002774,461
230329061,26.362,26.1276,463,36120,0.916854,0.81,2,3003376,3002913,463
230331981,29.7448,30.2511,462,36179,0.936741,0.81,2,3003408,3002946,462
230334901,13.0979,13.3004,462,36237,0.944697,0.81,2,3003410,3002948,462
230469221,36.4684,33.6993,498,38829,0.253676,1,1,3005263,3004765,498
230477981,27.534,32.7568,477,38991,0.0505553,1,1,3005335,3004858,477
230480901,27.8136,34.1027,470,39045,0.0502221,0.94,1,3005363,3004893,470
230483821,30.9254,34.6411,468,39099,0.0500888,0.95,1,3005396,3004928,468
230486741,26.7702,28.8564,467,39153,0.0260355,0.71,1,3005420,3004953,467
230489661,38.9081,43.9426,460,39207,0.0404142,0.67,1,3005467,3005007,460
230492581,32.3632,39.177,452,39261,0.0581657,0.51,1,3005495,3005043,452
230495501,51.3453,57.6708,446,39315,0.0892663,0.49,1,3005559,3005113,446
230530541,32.3747,32.3632,424,39954,0.0970149,0.11,1,3005919,3005495,424
230542221,41.1536,27.1661,471,40166,0.214116,0.19,1,3006095,3005624,471
230545141,32.0614,36.6664,454,40219,0.235646,0.17,1,3006121,3005667,454
230548061,26.0246,29.6666,451,40271,0.256258,0.19,1,3006143,3005692,451
230550981,19.4098,25.6666,443,40323,0.252503,0.19,1,3006158,3005715,443
230553901,25.7639,18.6667,459,40375,0.287001,0.17,1,3006188,3005729,459
230568501,31.7441,40.4343,451,40635,0.41306,0.07,1,3006343,3005892,451
230571421,54.6977,32.3737,494,40687,0.447224,0.13,1,3006413,3005919,494
230574341,43.4791,53.1495,463,40739,0.44889,0.19,1,3006449,3005986,463
230676541,24.0406,23.6755,449,42515,0.761464,0.59,2,3007542,3007093,449
230679461,33.0162,32.8702,449,42565,0.778586,0.57,2,3007581,3007132,449
230682381,25.2065,25.7481,448,42615,0.761434,0.55,2,3007601,3007153,448
230699901,46.4136,43.7006,457,42910,0.929252,0.71,2,3007877,3007420,457
230702821,19.7655,18.6802,457,42959,0.941701,0.75,2,3007879,3007422,457
230831301,22.3735,27.5918,479,45069,0.927926,1,2,3009341,3008862,479
230834221,32.3494,25.4367,494,45116,0.935171,1,2,3009380,3008886,494
230837141,30.9398,25.1747,499,45163,0.944068,1,2,3009410,3008911,499
230840061,25.5759,21.4699,502,45210,0.923627,1,2,3009432,3008930,502
230845901,15.4921,22.2752,483,45304,0.92658,1,2,3009457,3008974,483
230848821,29.5969,26.3101,493,45351,0.928632,1,2,3009496,3009003,493
230851741,32.8387,24.924,504,45398,0.917453,1,2,3009531,3009027,504
230857581,36.5742,34.9478,489,45490,0.762392,1,2,3009597,3009108,489
230883861,22.709,25.5759,465,45904,0.759078,0.87,2,3009897,3009432,465
230886781,15.0836,16.2304,465,45950,0.777631,0.87,2,3009907,3009442,465
230889701,15.0334,6.49214,480,45996,0.773053,0.95,2,3009922,3009442,480
230907221,41.4324,49.9898,490,46272,0.916839,0.69,2,3010146,3009656,490
230910141,36.373,41.5959,487,46318,0.948735,0.65,2,3010179,3009692,487
231130601,127.366,121.723,514,22817,0.922,1,2,3012577,3012063,514
231133521,96.5466,94.8893,513,22910,0.7708,1,2,3012653,3012140,513
231139361,76.4075,71.7023,506,23095,0.412528,1,1,3012790,3012284,506
231142281,74.963,85.0809,486,23187,0.219011,1,1,3012864,3012378,486
231151041,76.4616,36.6932,568,23460,0.0689767,0.87,1,3013039,3012471,568
231153961,70.1847,78.2773,528,23550,0.0575907,0.67,1,3013105,3012577,528
231156881,57.4739,76.9109,501,23640,0.0650363,0.43,1,3013154,3012653,501
231159801,65.5895,66.1644,513,23730,0.0800145,0.31,1,3013225,3012712,513
231171481,29.9175,40.953,433,24085,0.22328,0.03,1,3013372,3012939,433
231174401,67.167,76.3812,425,24173,0.239312,0.05,1,3013464,3013039,425
231177321,64.6668,70.1525,422,24261,0.281725,0.07,1,3013527,3013105,422
231180241,57.0667,57.461,425,24348,0.28669,0.09,1,3013579,3013154,425
231189001,54.6043,52.7335,429,24608,0.296508,0.15,1,3013764,3013335,429
231191921,23.0417,22.2934,429,24694,0.292603,0.27,1,3013766,3013337,429
231197761,68.8467,67.1669,434,24866,0.441617,0.31,1,3013898,3013464,434
231229881,67.4715,56.923,521,25788,0.751514,0.63,2,3014536,3014015,521
231232801,67.1886,65.3692,517,25870,0.750606,0.65,2,3014603,3014086,517
231235721,57.4754,65.7477,502,25952,0.762242,0.63,2,3014654,3014152,502
231247401,67.8842,73.2367,520,26277,0.756745,0.71,2,3014864,3014344,520
231250321,61.3537,67.6947,513,26358,0.788698,0.73,2,3014921,3014408,513
231267841,73.8301,37.2761,555,26836,0.904089,0.73,2,3015257,3014702,555
231270761,69.132,73.7104,523,26915,0.943635,0.77,2,3015323,3014800,523
231352521,41.7821,68.7082,499,29036,0.79432,1,2,3016769,3016270,499
231358361,57.8051,35.5933,548,29182,0.421091,1,1,3016874,3016326,548
231361281,66.9221,61.0373,543,29255,0.234436,1,1,3016947,3016404,543
231364201,57.3688,68.8149,520,29327,0.0997746,1,1,3016998,3016478,520
231367121,40.9475,52.126,509,29399,0.0819098,1,1,3017028,3016519,509
231370041,31.979,34.0504,513,29471,0.0387639,1,1,3017054,3016541,513
231372961,71.5916,32.2202,580,29543,0.0215056,0.97,1,3017152,3016572,580
231375881,59.8366,78.8881,522,29615,0.0266022,0.83,1,3017204,3016682,522
231378801,34.7347,69.9552,476,29686,0.0526409,0.73,1,3017222,3016746,476
231381721,28.2939,41.7821,477,29757,0.0630564,0.55,1,3017246,3016769,477
231384641,50.3175,36.5128,509,29828,0.0792225,0.27,1,3017311,3016802,509
231393401,48.6523,57.3688,424,30041,0.0547502,0.07,1,3017422,3016998,424
231396321,36.8609,40.9475,423,30111,0.0519001,0.01,1,3017451,3017028,423
231399241,29.7444,31.979,422,30181,0.03876,0.01,1,3017476,3017054,422
231402161,72.4978,71.5916,425,30251,0.033504,0.03,1,3017577,3017152,425
231405081,58.9991,59.8366,423,30321,0.0434016,0.07,1,3017627,3017204,423
231431361,72.6002,72.4978,423,30944,0.0705423,0.05,1,3018000,3017577,423
231434281,60.2401,58.9991,425,31012,0.0462169,0.15,1,3018052,3017627,425
231437201,36.096,35.5996,425,31080,0.0364868,0.11,1,3018072,3017647,425
231440121,28.8384,28.6399,425,31148,0.0565947,0.11,1,3018096,3017671,425
231445961,21.8941,21.8624,425,31284,0.0942551,0.11,1,3018165,3017740,425
231448881,45.3577,8.74495,486,31352,0.0797021,0.21,1,3018226,3017740,486
231451801,44.5431,37.698,473,31419,0.0618808,0.13,1,3018270,3017797,473
231454721,36.4172,43.2792,457,31486,0.0667523,0.15,1,3018301,3017844,457
231457641,26.5669,35.9117,446,31553,0.0687009,0.17,1,3018321,3017875,446
231460561,70.6268,28.1647,523,31620,0.0574804,0.01,1,3018421,3017898,523
231463481,60.0507,72.4659,474,31687,0.0409922,0.03,1,3018474,3018000,474
231466401,36.6203,60.1863,443,31754,0.0463969,0.03,1,3018495,3018052,443
231469321,29.6481,36.0745,448,31821,0.0365587,0.07,1,3018520,3018072,448
231472241,52.6592,28.8298,492,31887,0.0686235,0.13,1,3018588,3018096,492
231475161,22.2637,51.7319,427,31953,0.0814494,0.09,1,3018590,3018163,427
231486841,26.3939,36.4171,444,32217,0.214677,0.07,1,3018745,3018301,444
231498521,29.8693,36.6203,447,32479,0.0722637,0.03,1,3018942,3018495,447
231501441,54.5477,29.6481,493,32544,0.0829055,0.09,1,3019013,3018520,493
231504361,23.0191,52.6592,427,32609,0.0871622,0.09,1,3019015,3018588,427
231521881,66.6653,69.9576,430,32996,0.204582,0.09,1,3019274,3018844,430
231524801,55.4661,59.183,426,33060,0.231833,0.09,1,3019322,3018896,426
231527721,34.1864,35.6732,426,33124,0.242733,0.05,1,3019342,3018916,426
231530641,28.6746,29.8693,425,33188,0.259093,0.09,1,3019367,3018942,425
231533561,55.2698,54.5477,427,33252,0.265637,0.09,1,3019440,3019013,427
231536481,23.3079,23.0191,427,33316,0.268255,0.11,1,3019442,3019015,427
231548161,27.4575,26.6581,430,33568,0.403395,0.21,1,3019588,3019158,430
231551081,22.983,22.6632,430,33631,0.431358,0.21,1,3019608,3019178,430
231618241,71.4905,23.3499,556,35050,0.796365,0.63,2,3020605,3020049,556
231647441,24.7729,29.0657,480,35648,0.901294,0.75,2,3020961,3020481,480
231650361,11.1092,24.2263,461,35707,0.906518,0.83,2,3020963,3020502,461
231775921,45.9987,38.2165,521,38170,0.939944,0.98,2,3022741,3022220,521
231781761,37.8398,48.9546,498,38280,0.944791,1,2,3022811,3022313,498
231784681,40.3359,38.1819,509,38335,0.923916,0.98,2,3022853,3022344,509
231799281,31.3145,43.9942,505,38610,0.798629,1,2,3023038,3022533,505
231802201,29.3258,36.1977,502,38665,0.793452,1,2,3023066,3022564,502
231805121,21.9303,35.4791,484,38720,0.791381,1,2,3023083,3022599,484
231808041,42.9721,48.9916,483,38775,0.754552,1,2,3023140,3022657,483
231810961,35.7889,39.9967,480,38829,0.775821,0.9,2,3023171,3022691,480
231813881,40.7155,45.9987,474,38883,0.796328,0.96,2,3023215,3022741,474
231840161,29.5398,29.3258,464,39369,0.90824,0.79,2,3023530,3023066,464
231843081,20.2159,21.9303,461,39423,0.945296,0.73,2,3023544,3023083,461
231846001,40.4864,42.9721,458,39477,0.948118,0.79,2,3023598,3023140,458
231848921,34.1945,35.7889,457,39530,0.949247,0.81,2,3023628,3023171,457
232000761,32.355,32.1739,507,42215,0.933926,1,2,3025516,3025009,507
232006601,32.0568,29.2678,508,42315,0.784228,1,2,3025574,3025066,508
232009521,33.2227,34.5071,504,42365,0.775691,1,2,3025608,3025104,504
232021201,37.8537,38.6546,493,42565,0.412162,0.97,1,3025750,3025257,493
232027041,37.0166,51.6647,473,42665,0.290346,1,1,3025822,3025349,473
232029961,40.6066,42.8659,479,42714,0.266138,1,1,3025865,3025386,479
232035801,34.4571,34.2185,480,42812,0.0749821,1,1,3025929,3025449,480
232038721,29.9828,35.8874,470,42861,0.0719929,0.89,1,3025956,3025486,470
232041641,26.9931,32.355,465,42910,0.0707971,0.77,1,3025981,3025516,465
232044561,22.7973,26.142,463,42959,0.0703189,0.75,1,3026001,3025538,463
232047481,30.1189,32.0568,462,43008,0.0821275,0.75,1,3026036,3025574,462
232050401,28.2476,12.8227,489,43057,0.074851,0.77,1,3026063,3025574,489
232053321,21.499,25.5291,472,43106,0.0599404,0.71,1,3026080,3025608,472
232056241,33.1996,24.0116,490,43155,0.0659762,0.49,1,3026121,3025631,490
232076681,35.1029,33.6376,463,43498,0.0976391,0.01,1,3026357,3025894,463
232091281,28.3943,30.1188,451,43739,0.2254,0.07,1,3026487,3026036,451
232094201,22.1577,28.2475,442,43787,0.25216,0.05,1,3026505,3026063,442
232097121,32.8631,21.499,465,43835,0.298864,0.07,1,3026545,3026080,465
232213921,23.6571,24.0222,448,45720,0.754051,0.53,2,3027743,3027295,448
232216841,31.0628,31.2089,448,45766,0.75162,0.55,2,3027779,3027331,448
232219761,31.6251,31.0836,449,45812,0.762648,0.57,2,3027811,3027362,449
232222681,25.2501,25.0334,449,45858,0.779059,0.57,2,3027832,3027383,449
232225601,11.3,11.2134,449,45904,0.785624,0.57,2,3027834,3027385,449
232231441,33.488,12.1141,484,45996,0.7941,0.59,2,3027912,3027428,484
232257721,23.8372,26.138,479,46409,0.90573,0.77,2,3028200,3027721,479
232260641,31.7349,23.6552,494,46454,0.920292,0.75,2,3028237,3027743,494
232263561,32.494,31.0621,491,46499,0.938117,0.77,2,3028270,3027779,491
232266481,24.9976,31.6248,479,46544,0.945247,0.79,2,3028290,3027811,479
232269401,11.199,25.2499,460,46589,0.948099,0.79,2,3028292,3027832,460
232453361,33.8577,21.3369,535,49358,0.91,1,2,3030260,3029725,535
232514681,111.996,119.036,484,22817,0.237251,0.55,1,3030968,3030484,484
232517601,76.5983,83.0143,478,22910,0.2089,0.39,1,3031021,3030543,478
232520521,73.8393,81.2057,470,23003,0.22156,0.35,1,3031093,3030623,470
232523441,66.1357,75.0823,460,23095,0.238624,0.23,1,3031154,3030694,460
232526361,63.6543,69.0329,457,23187,0.22145,0.19,1,3031216,3030759,457
232529281,40.4617,49.8132,445,23278,0.25058,0.23,1,3031241,3030796,445
232532201,64.7847,39.7253,493,23369,0.250232,0.21,1,3031322,3030829,493
232535121,72.1139,53.0901,508,23460,0.250093,0.17,1,3031399,3030891,508
232538041,60.0455,67.436,483,23550,0.274037,0.19,1,3031451,3030968,483
232540961,68.4182,58.7744,504,23640,0.283615,0.23,1,3031525,3031021,504
232543881,64.5673,66.7098,494,23730,0.299446,0.25,1,3031587,3031093,494
232555561,54.4097,64.6022,434,24085,0.441634,0.25,1,3031756,3031322,434
232584761,63.625,59.5855,453,24951,0.763354,0.65,2,3032340,3031887,453
232602281,58.2164,56.406,455,25457,0.901151,0.71,2,3032656,3032201,455
232608121,66.0746,57.025,520,25623,0.927784,0.79,2,3032801,3032281,520
232710321,46.2794,46.6978,488,28372,0.77368,1,2,3034747,3034259,488
232733681,60.7811,67.2001,526,28963,0.293293,0.81,1,3035176,3034650,526
232736601,40.5124,64.68,490,29036,0.279317,0.71,1,3035203,3034713,490
232739521,33.605,46.272,485,29109,0.249727,0.61,1,3035232,3034747,485
232742441,53.642,38.3088,519,29182,0.261891,0.59,1,3035299,3034780,519
232745361,56.8568,56.1235,510,29255,0.254756,0.55,1,3035358,3034848,510
232748281,43.7427,60.2494,482,29327,0.299903,0.43,1,3035393,3034911,482
232751201,37.2971,48.6998,474,29399,0.281961,0.43,1,3035426,3034952,474
232754121,42.5188,41.0799,484,29471,0.298784,0.29,1,3035472,3034988,484
232771641,22.8697,53.642,437,29899,0.405536,0.25,1,3035736,3035299,437
232815441,68.3083,69.1391,448,30944,0.773297,0.57,2,3036443,3035995,448
232821281,41.1693,40.7023,449,31080,0.796928,0.59,2,3036527,3036078,449
232838801,38.1923,39.063,491,31486,0.926325,0.73,2,3036769,3036278,491
232970201,56.0837,27.8253,561,34379,0.916,1,2,3038817,3038256,561
232976041,49.8934,60.9721,514,34502,0.76696,1,2,3038911,3038397,514
232984801,38.6412,52.7422,511,34685,0.429965,1,1,3039035,3038524,511
232987721,33.4565,42.0969,506,34746,0.285986,1,1,3039065,3038559,506
232996481,28.8052,34.8062,501,34929,0.0516631,1,1,3039174,3038673,501
232999401,42.7221,35.5225,517,34990,0.0626652,1,1,3039226,3038709,517
233002321,49.4888,38.209,531,35050,0.0550661,0.86,1,3039280,3038749,531
233005241,44.3955,56.0836,504,35110,0.0880264,0.81,1,3039321,3038817,504
233008161,43.5582,48.2334,504,35170,0.0652106,0.71,1,3039364,3038860,504
233011081,30.0233,49.8934,474,35230,0.0560842,0.63,1,3039385,3038911,474
233016921,32.6437,59.1029,461,35350,0.0941735,0.37,1,3039471,3039010,461
233037361,39.6927,49.4888,425,35766,0.232892,0.11,1,3039705,3039280,425
233040281,40.4771,44.3955,425,35825,0.267157,0.05,1,3039746,3039321,425
233054881,28.8708,28.0575,429,36120,0.296064,0.11,1,3039925,3039496,429
233075321,41.5766,40.4771,436,36527,0.408492,0.35,1,3040182,3039746,436
233078241,43.6307,41.3908,439,36585,0.445397,0.33,1,3040227,3039788,439
233154161,54.5841,31.2643,520,38059,0.797895,0.65,2,3041211,3040691,520
233165841,32.0214,43.2132,480,38280,0.900986,0.71,2,3041338,3040858,480
233168761,27.2085,31.6853,480,38335,0.906394,0.69,2,3041362,3040882,480
233171681,44.4834,27.6741,511,38390,0.908558,0.69,2,3041418,3040907,511
233174601,18.9934,44.6696,457,38445,0.909423,0.69,2,3041420,3040963,457
233177521,42.9973,19.0679,514,38500,0.933769,0.67,2,3041479,3040965,514
233332281,44.0752,33.2433,533,41305,0.936811,1,2,3043430,3042897,533
233338121,35.972,50.5589,498,41407,0.77749,1,2,3043501,3043003,498
233341041,32.3888,37.6236,499,41458,0.760996,1,2,3043531,3043032,499
233343961,40.5555,29.4494,521,41509,0.766398,1,2,3043577,3043056,521
233376081,37.125,40.4301,461,42065,0.76275,0.73,2,3043929,3043468,461
233379001,34.65,35.972,461,42115,0.7671,0.75,2,3043962,3043501,461
233381921,29.46,32.3888,457,42165,0.78084,0.77,2,3043988,3043531,457
233384841,41.784,40.5555,461,42215,0.798336,0.71,2,3044038,3043577,461
233402361,25.211,25.4909,457,42515,0.900826,0.73,2,3044206,3043749,457
233405281,35.2844,34.1964,459,42565,0.93033,0.73,2,3044248,3043789,459
233408201,29.7138,31.0785,456,42615,0.942132,0.75,2,3044274,3043818,456
233414041,38.1142,38.8126,457,42714,0.941541,0.79,2,3044350,3043893,457
233419881,36.3383,34.65,460,42812,0.941447,0.79,2,3044422,3043962,460
233422801,29.5353,29.46,459,42861,0.946579,0.81,2,3044447,3043988,459
233425721,42.4141,41.784,460,42910,0.936631,0.81,2,3044498,3044038,460
233428641,37.9656,36.5136,462,42959,0.920653,0.87,2,3044533,3044071,462
233618441,30.9857,26.4347,539,46042,0.783038,1,2,3046672,3046133,539
233666621,315.394,368.774,447,20440,0.439215,0.41,1,3047177,3046730,447
233669541,172.358,182.31,466,21270,0.265686,0.25,1,3047254,3046788,466
233672461,122.343,122.724,472,21370,0.220274,0.37,1,3047343,3046871,472
233675381,90.9372,96.4895,463,21469,0.20211,0.25,1,3047413,3046950,463
233678301,69.9749,73.3958,461,21568,0.206844,0.23,1,3047469,3047008,461
233681221,80.19,66.5583,486,21666,0.256738,0.17,1,3047556,3047070,486
233684141,42.276,61.4233,445,21764,0.288695,0.17,1,3047573,3047128,445
233687061,37.3104,47.3693,441,21861,0.277478,0.15,1,3047607,3047166,441
233692901,78.4497,82.0991,431,22055,0.419997,0.19,1,3047774,3047343,431
233736701,77.0409,80.4152,523,23456,0.764172,0.59,2,3048739,3048216,523
233739621,65.6163,75.9661,508,23546,0.791669,0.57,2,3048797,3048289,508
233757141,71.7091,83.1021,460,24081,0.919411,0.81,2,3049126,3048666,460
233967381,55.049,50.8554,529,29753,0.92008,1,2,3053160,3052631,529
233990741,67.8092,64.306,501,30317,0.799164,1,2,3053563,3053062,501
234005341,31.1552,33.7151,473,30664,0.911937,1,2,3053730,3053257,473
234145501,51.7293,45.7268,494,33816,0.94,1,2,3055983,3055489,494
234168861,38.8065,19.87,523,34313,0.933387,1,2,3056302,3055779,523
234174701,45.089,48.5392,523,34437,0.769742,1,2,3056404,3055881,523
234189301,37.534,34.9658,514,34742,0.291783,1,1,3056606,3056092,514
234192221,37.2136,40.9863,506,34803,0.206713,0.99,1,3056643,3056137,506
234198061,41.5942,46.0378,505,34925,0.0678741,0.93,1,3056730,3056225,505
234200981,37.0377,43.0151,498,34986,0.0331496,0.92,1,3056764,3056266,498
234203901,52.0151,38.806,524,35046,0.0672599,0.81,1,3056826,3056302,524
234206821,41.806,52.7224,497,35106,0.0929039,0.71,1,3056861,3056364,497
234209741,46.1224,45.089,506,35166,0.0791616,0.53,1,3056910,3056404,506
234212661,33.449,55.2356,469,35226,0.0976646,0.45,1,3056935,3056466,469
234227261,38.3643,37.2136,469,35526,0.208408,0.07,1,3057112,3056643,469
234244781,44.6967,46.1224,425,35881,0.246251,0.11,1,3057335,3056910,425
234247701,34.0787,33.449,427,35940,0.2845,0.15,1,3057362,3056935,427
234250621,35.2315,34.9796,427,35999,0.2998,0.11,1,3057398,3056971,427
234253541,32.0926,33.1918,425,36058,0.28192,0.13,1,3057428,3057003,425
234256461,35.637,34.2767,428,36117,0.250768,0.21,1,3057466,3057038,428
234259381,35.8548,32.9107,432,36176,0.262307,0.23,1,3057502,3057070,432
234262301,38.9419,38.3643,431,36234,0.254923,0.13,1,3057543,3057112,431
234265221,40.1768,39.9457,431,36292,0.263969,0.09,1,3057584,3057153,431
234268141,34.0707,35.7783,428,36350,0.279588,0.09,1,3057614,3057186,428
234294421,35.4082,35.8548,433,36870,0.413195,0.25,1,3057935,3057502,433
234297341,38.1633,38.9419,432,36927,0.447278,0.27,1,3057975,3057543,432
234364501,36.6524,34.7215,485,38222,0.757522,0.51,2,3058824,3058339,485
234367421,38.661,36.0886,488,38277,0.765009,0.53,2,3058864,3058376,488
234384941,48.7969,42.9287,504,38607,0.910854,0.65,2,3059107,3058603,504
234387861,20.7188,47.7715,455,38662,0.922342,0.71,2,3059109,3058654,455
234596641,328.899,345.734,492,18980,0.43,1,1,3061710,3061218,492
234599561,194.56,189.894,511,19092,0.202,0.84,1,3061815,3061304,511
234602481,123.424,131.757,494,19203,0.0988,0.65,1,3061891,3061397,494
234605401,103.37,102.503,501,19314,0.06952,0.33,1,3061981,3061480,501
234608321,76.1478,97.4012,465,19424,0.045808,0.09,1,3062039,3061574,465
234611241,61.6591,88.7605,434,19533,0.0183232,0,1,3062091,3061657,434
234614161,43.8637,52.9042,437,19642,0.0253293,0.05,1,3062123,3061686,437
234617081,86.5455,35.5617,528,19750,0.0161317,0.05,1,3062238,3061710,528
234620001,79.0182,77.2247,497,19857,0.0364527,0.03,1,3062312,3061815,497
234622921,86.8073,76.4899,513,19964,0.0805811,0.05,1,3062404,3061891,513
234625841,69.5229,84.5959,481,20070,0.0502324,0.03,1,3062462,3061981,481
234628761,59.0092,68.6384,475,20176,0.062093,0,1,3062514,3062039,475
234631681,42.2037,58.6554,454,20281,0.0308372,0.03,1,3062545,3062091,454
234634601,86.4815,42.6621,538,20386,0.0303349,0.01,1,3062661,3062123,538
234637521,77.7926,86.0649,495,20490,0.066134,0.05,1,3062733,3062238,495
234640441,89.317,78.8259,518,20594,0.0684536,0.11,1,3062830,3062312,518
234643361,68.1268,86.7304,480,20697,0.0813814,0.03,1,3062884,3062404,480
234649201,41.3803,58.9969,452,20901,0.086221,0.01,1,3062966,3062514,452
234652121,86.1521,42.1987,537,21002,0.0644884,0.03,1,3063082,3062545,537
234655041,35.6608,86.4795,423,21103,0.0317954,0.09,1,3063084,3062661,423
234660881,81.3057,89.3167,425,21304,0.0686873,0.09,1,3063255,3062830,425
234663801,66.1223,68.1267,427,21404,0.0454749,0.13,1,3063311,3062884,427
234666721,58.8489,58.4507,429,21503,0.03619,0.07,1,3063365,3062936,429
234669641,39.1396,41.3803,425,21602,0.044476,0.05,1,3063391,3062966,425
234672561,84.0558,86.1521,423,21700,0.0357904,0.01,1,3063505,3063082,423
234675481,34.8223,35.6608,423,21798,0.0323162,0.19,1,3063507,3063084,423
234678401,63.7289,59.2643,431,21895,0.0429265,0.03,1,3063590,3063159,431
234681321,78.2916,81.3057,423,21992,0.0951706,0.03,1,3063678,3063255,423
234693001,82.9323,84.0558,422,22375,0.0875404,0.03,1,3063927,3063505,422
234695921,34.3729,34.8223,422,22470,0.0770161,0.05,1,3063929,3063507,422
234698841,65.3492,63.7289,425,22564,0.0608065,0.05,1,3064015,3063590,425
234701761,78.9397,25.4916,513,22658,0.0783226,0.13,1,3064103,3063590,513
234704681,64.5759,62.9966,480,22752,0.097329,0.11,1,3064158,3063678,480
234713441,80.7889,38.3518,534,23030,0.200869,0.07,1,3064349,3063815,534
234716361,33.5155,82.5407,424,23122,0.206348,0.07,1,3064351,3063927,424
234719281,64.4062,34.2163,507,23214,0.220539,0.05,1,3064436,3063929,507
234722201,80.9625,65.2865,513,23305,0.262216,0.09,1,3064528,3064015,513
234768921,36.0582,34.4163,456,24721,0.761006,0.71,2,3065421,3064965,456
234771841,51.6233,50.3665,457,24807,0.790403,0.73,2,3065483,3065026,457
234774761,55.4493,55.5466,456,24892,0.790161,0.67,2,3065541,3065085,456
234777681,38.9797,39.6186,455,24977,0.790064,0.69,2,3065569,3065114,455
234792281,36.739,36.0582,460,25399,0.902397,0.81,2,3065881,3065421,460
234795201,51.8956,51.6233,460,25482,0.906959,0.81,2,3065943,3065483,460
234798121,55.5582,20.6493,518,25565,0.908784,0.79,2,3066001,3065483,518
234801041,39.0233,43.0597,488,25648,0.909513,0.79,2,3066029,3065541,488
234803961,86.4093,34.0239,578,25731,0.945805,0.87,2,3066147,3065569,578
234885721,54.2888,62.4165,483,27944,0.9352,1,2,3067678,3067195,483
234906161,63.9078,10.5047,596,28471,0.0518282,0.95,1,3068068,3067472,596
234912001,46.8252,49.2008,522,28619,0.0670925,0.9,1,3068144,3067622,522
234914921,69.7301,53.2803,551,28693,0.044837,0.61,1,3068229,3067678,551
234917841,59.692,78.9121,508,28767,0.0239348,0.55,1,3068282,3067774,508
234920761,41.2768,66.3649,479,28841,0.0515739,0.41,1,3068311,3067832,479
234923681,32.1107,48.1459,469,28914,0.0986296,0.25,1,3068337,3067868,469
234926601,35.6443,42.6584,468,28987,0.0814518,0.07,1,3068375,3067907,468
234932441,61.8631,38.2653,502,29133,0.0550323,0.01,1,3068489,3067987,502
234935361,40.3452,63.9061,447,29206,0.0640129,0.17,1,3068515,3068068,447
234938281,47.3381,40.5625,474,29278,0.0316052,0.03,1,3068567,3068093,474
234941201,69.3352,46.825,507,29350,0.0426421,0.03,1,3068651,3068144,507
234944121,60.1341,69.73,476,29422,0.0170568,0.01,1,3068705,3068229,476
234947041,42.6536,59.692,454,29494,0.0128227,0.07,1,3068736,3068282,454
234949961,33.2615,41.2768,452,29566,0.0351291,0.13,1,3068763,3068311,452
234952881,34.3046,32.1107,461,29638,0.0560516,0.07,1,3068798,3068337,461
234955801,37.1218,35.6443,462,29709,0.0404207,0.15,1,3068837,3068375,462
234958721,59.2487,34.6577,502,29780,0.0701683,0.01,1,3068911,3068409,502
234961641,24.8995,61.8631,424,29851,0.0820673,0.07,1,3068913,3068489,424
234964561,26.1598,40.3452,425,29922,0.0988269,0.01,1,3068940,3068515,425
234967481,41.0639,47.3381,424,29993,0.0575308,0.05,1,3068991,3068567,424
234970401,66.2256,69.3352,423,30064,0.0530123,0,1,3069074,3068651,423
234973321,58.2902,60.1341,422,30134,0.0512049,0.01,1,3069127,3068705,422
234976241,43.7161,42.6536,425,30204,0.050482,0.05,1,3069161,3068736,425
234979161,34.2864,33.2615,426,30274,0.0381928,0.07,1,3069189,3068763,426
234982081,34.1146,34.3046,425,30344,0.0452771,0.03,1,3069223,3068798,425
234985001,35.8458,37.1218,423,30414,0.0601108,0.09,1,3069260,3068837,423
234987921,59.3383,59.2487,424,30484,0.0540443,0.09,1,3069335,3068911,424
234990841,24.9353,24.8995,424,30553,0.0756177,0.11,1,3069337,3068913,424
234993761,26.7741,26.1598,425,30622,0.0962471,0.03,1,3069365,3068940,425
235028801,65.8854,33.0839,510,31441,0.259894,0.15,1,3069923,3069413,510
235031721,56.3542,63.0335,477,31508,0.265958,0.11,1,3069973,3069496,477
235034641,42.9417,57.0134,458,31575,0.268383,0.09,1,3070007,3069549,458
235037561,35.1767,43.8054,453,31642,0.281353,0.11,1,3070037,3069584,453
235040481,34.4707,34.3221,459,31709,0.262541,0.11,1,3070071,3069612,459
235043401,38.3883,34.7289,465,31776,0.291017,0.17,1,3070112,3069647,465
235058001,68.0145,40.2129,517,32107,0.429921,0.31,1,3070357,3069840,517
235113481,30.7382,30.6473,452,33337,0.770958,0.65,2,3071111,3070659,452
235119321,69.5981,70.6636,452,33463,0.760553,0.61,2,3071253,3070801,452
235122241,29.0392,29.4654,452,33526,0.766221,0.67,2,3071255,3070803,452
235131001,33.3945,33.0858,454,33715,0.922878,0.65,2,3071372,3070918,454
235133921,36.1578,34.8343,456,33778,0.915151,0.71,2,3071410,3070954,456
235136841,42.6631,41.5337,457,33841,0.924061,0.71,2,3071457,3071000,457
235139761,63.2652,61.6135,459,33903,0.939624,0.77,2,3071534,3071075,459
235142681,26.5061,25.8454,459,33965,0.94585,0.79,2,3071536,3071077,459
235145601,31.0024,30.7382,459,34027,0.94834,0.73,2,3071570,3071111,459
235148521,45.401,46.4953,457,34089,0.937336,0.77,2,3071625,3071168,457
235265321,34.8608,29.2784,504,36486,0.915693,1,2,3073308,3072804,504
235271161,36.2977,41.7645,491,36602,0.932511,1,2,3073373,3072882,491
235297441,28.9913,36.152,476,37118,0.0862602,0.86,1,3073750,3073274,476
235300361,30.1965,34.8608,473,37175,0.0405041,0.86,1,3073781,3073308,473
235303281,22.2786,13.9443,490,37232,0.0462016,1,1,3073798,3073308,490
235306201,34.1114,19.3777,509,37289,0.0724807,0.91,1,3073840,3073331,509
235309121,53.2446,32.9511,533,37346,0.0949923,0.75,1,3073906,3073373,533
235312041,39.2978,55.7804,492,37403,0.0799969,0.79,1,3073936,3073444,492
235314961,31.9191,42.7122,485,37459,0.0739988,0.61,1,3073963,3073478,485
235317881,28.3677,36.8849,478,37515,0.0475995,0.63,1,3073989,3073511,478
235320801,48.5471,32.7539,510,37571,0.0610398,0.39,1,3074051,3073541,510
235332481,25.3196,34.9761,446,37795,0.201675,0.07,1,3074171,3073725,446
235335401,28.7278,28.9904,452,37851,0.20667,0.01,1,3074202,3073750,452
235344161,51.4706,34.1114,489,38019,0.200667,0.11,1,3074329,3073840,489
235350001,31.0353,39.2978,449,38130,0.227707,0.07,1,3074385,3073936,449
235352921,28.0141,31.9191,448,38185,0.241083,0.03,1,3074411,3073963,448
235355841,50.2056,28.3677,487,38240,0.222433,0.07,1,3074476,3073989,487
235358761,43.4823,48.5471,464,38295,0.238973,0.13,1,3074515,3074051,464
235361681,35.9929,41.6188,458,38350,0.245589,0.17,1,3074546,3074088,458
235364601,34.1972,35.2475,460,38405,0.236236,0.17,1,3074579,3074119,460
235367521,28.0789,33.299,452,38460,0.280494,0.23,1,3074603,3074151,452
235370441,28.0315,25.3196,460,38515,0.298198,0.21,1,3074631,3074171,460
235373361,23.8126,28.7278,450,38570,0.293279,0.09,1,3074652,3074202,450
235376281,10.725,24.6911,430,38625,0.291312,0.17,1,3074654,3074224,430
235379201,30.69,35.6765,431,38680,0.290525,0.23,1,3074698,3074267,431
235382121,50.676,51.4706,433,38735,0.27821,0.19,1,3074762,3074329,433
235385041,38.2704,38.5882,433,38790,0.273284,0.25,1,3074792,3074359,433
235387961,31.5082,31.0353,434,38844,0.295314,0.25,1,3074819,3074385,434
235402561,34.7444,34.1972,435,39114,0.400723,0.31,1,3075014,3074579,435
235405481,29.4978,28.0789,437,39168,0.418289,0.31,1,3075040,3074603,437
235408401,28.5991,28.0315,437,39222,0.437316,0.29,1,3075068,3074631,437
235411321,23.4396,23.8126,436,39276,0.444926,0.29,1,3075088,3074652,436
235414241,10.5759,10.725,436,39330,0.447971,0.29,1,3075090,3074654,436
235466801,29.8171,32.1934,475,40286,0.758408,0.59,2,3075732,3075257,475
235469721,54.5268,28.4774,520,40338,0.789363,0.59,2,3075803,3075283,520
235472641,44.6107,52.7909,489,40390,0.789745,0.61,2,3075841,3075352,489
235475561,36.4443,43.9164,482,40442,0.777898,0.61,2,3075872,3075390,482
235478481,36.7777,36.1666,488,40494,0.797159,0.65,2,3075909,3075421,488
235501841,34.7843,38.6066,489,40910,0.909256,0.75,2,3076163,3075674,489
235504761,30.7137,34.0427,486,40962,0.933702,0.77,2,3076191,3075705,486
235659521,35.3934,49.0661,500,43609,0.769694,1,2,3078031,3077531,500
235671201,34.7317,28.1025,519,43801,0.281544,1,1,3078160,3077641,519
235674121,34.2927,38.841,507,43849,0.202618,1,1,3078194,3077687,507
235677041,40.7171,37.7364,515,43897,0.0870471,1,1,3078239,3077724,515
235679961,30.0868,36.6946,502,43945,0.0528188,1,1,3078262,3077760,502
235682881,30.6347,33.2778,502,43993,0.0211275,1,1,3078293,3077791,502
235685801,37.4539,32.5111,512,44041,0.014451,0.97,1,3078335,3077823,512
235688721,27.5816,34.6045,497,44089,0.0357804,0.94,1,3078356,3077859,497
235691641,27.8326,28.2418,501,44137,0.0203122,1,1,3078384,3077883,501
235694561,28.5331,29.8967,499,44185,0.0381249,1,1,3078413,3077914,499
235697481,39.6132,29.9587,516,44233,0.0212499,0.77,1,3078460,3077944,516
235700401,29.0453,47.9835,478,44281,0.0145,0.71,1,3078482,3078004,478
235703321,26.0181,35.3934,475,44329,0.0238,0.55,1,3078506,3078031,475
235706241,25.4072,31.5574,471,44377,0.01552,0.47,1,3078531,3078060,471
235709161,25.7629,31.8229,465,44425,0.012208,0.29,1,3078557,3078092,465
235712081,11.5052,31.3292,436,44472,0.0348832,0.21,1,3078559,3078123,436
235715001,22.6021,34.7317,429,44519,0.0679533,0.15,1,3078589,3078160,429
235717921,27.6408,34.2927,426,44566,0.0691813,0.01,1,3078620,3078194,426
235720841,36.8563,40.7171,424,44613,0.0276725,0.03,1,3078663,3078239,424
235723761,27.3425,30.0868,422,44660,0.011069,0,1,3078684,3078262,422
235726681,29.537,30.6347,422,44707,0.0224276,0.01,1,3078715,3078293,422
235729601,37.0148,37.4539,422,44754,0.026971,0.05,1,3078757,3078335,422
235732521,27.4059,27.5816,422,44801,0.0527884,0.01,1,3078778,3078356,422
235735441,29.5624,27.8326,425,44848,0.0391154,0.05,1,3078809,3078384,425
235738361,29.8249,28.5331,426,44895,0.0696461,0.01,1,3078839,3078413,426
235741281,38.33,39.6132,423,44942,0.0818585,0.01,1,3078883,3078460,423
235744201,27.932,29.0453,422,44989,0.0867434,0.03,1,3078904,3078482,422
235747121,25.5728,26.0181,422,45036,0.0526974,0.01,1,3078928,3078506,422
235750041,25.2291,25.4072,422,45083,0.0390789,0.01,1,3078953,3078531,422
235752961,26.2916,25.7629,423,45130,0.0456316,0.05,1,3078980,3078557,423
235755881,11.7167,11.5052,423,45177,0.0482526,0.09,1,3078982,3078559,423
235758801,22.6867,22.6021,423,45224,0.0253011,0.07,1,3079012,3078589,423
235761721,27.0747,27.6408,422,45271,0.0401204,0,1,3079042,3078620,422
235764641,36.6299,36.8563,422,45318,0.0340482,0,1,3079085,3078663,422
235767561,27.8519,27.3425,423,45365,0.0316193,0.03,1,3079107,3078684,423
235770481,29.1408,29.537,422,45411,0.0306477,0.03,1,3079137,3078715,422
235773401,36.8563,37.0148,422,45457,0.0182591,0.07,1,3079179,3078757,422
235776321,28.5425,27.4059,424,45503,0.0253036,0.03,1,3079202,3078778,424
235779241,28.817,29.5624,422,45549,0.0281215,0.09,1,3079231,3078809,422
235782161,31.9268,29.8249,426,45595,0.0412486,0.09,1,3079265,3078839,426
235785081,36.7707,38.33,422,45641,0.0344994,0.09,1,3079305,3078883,422
235788001,27.3083,27.932,422,45687,0.0797998,0.03,1,3079326,3078904,422
235790921,25.3233,25.5728,422,45733,0.0979199,0.03,1,3079350,3078928,422
235793841,25.1293,25.2291,422,45779,0.093168,0.05,1,3079375,3078953,422
235796761,27.4517,26.2916,424,45825,0.0432672,0.05,1,3079404,3078980,424
235799681,12.1807,11.7167,424,45871,0.0473069,0.01,1,3079406,3078982,424
235802601,21.6723,22.6867,422,45917,0.0729228,0.01,1,3079434,3079012,422
235805521,26.6689,9.07466,452,45963,0.0351691,0.05,1,3079464,3079012,452
235808441,35.8676,21.6299,464,46009,0.0560676,0.03,1,3079506,3079042,464
235811361,27.547,34.4519,443,46055,0.0404271,0.03,1,3079528,3079085,443
235814281,29.0188,26.9808,451,46101,0.0581708,0.03,1,3079558,3079107,451
235817201,36.8075,28.7923,463,46147,0.0412683,0.01,1,3079600,3079137,463
235820121,29.723,36.7169,446,46193,0.0465073,0.03,1,3079625,3079179,446
235823041,28.0892,28.4868,450,46239,0.0366029,0.03,1,3079652,3079202,450
235825961,31.6357,28.7947,455,46285,0.0326412,0.05,1,3079686,3079231,455
235828881,37.2543,31.9179,462,46331,0.0310565,0.03,1,3079727,3079265,462
235831801,28.7017,36.7672,445,46377,0.0304226,0.11,1,3079750,3079305,445
235834721,25.8807,27.3069,448,46422,0.042169,0.11,1,3079774,3079326,448
235837641,23.5523,25.3227,446,46467,0.0708676,0.09,1,3079796,3079350,446
235840561,28.0209,25.1291,452,46512,0.070347,0.01,1,3079827,3079375,452
235843481,12.4084,27.4516,425,46557,0.0701388,0.05,1,3079829,3079404,425
235858081,28.3251,27.547,451,46782,0.0861102,0.07,1,3079979,3079528,451
235861001,36.5301,29.0188,463,46827,0.0524441,0.03,1,3080021,3079558,463
235863921,30.212,36.8075,447,46872,0.0389776,0.05,1,3080047,3079600,447
235866841,28.2848,29.723,449,46917,0.0215911,0.03,1,3080074,3079625,449
235869761,31.7139,28.0892,456,46962,0.0386364,0.03,1,3080108,3079652,456
235872681,37.2856,31.6357,463,47007,0.0454546,0.03,1,3080149,3079686,463
235875601,28.7142,37.2543,445,47052,0.0361818,0.03,1,3080172,3079727,445
235878521,26.4857,28.7017,447,47097,0.0324727,0.05,1,3080197,3079750,447
235881441,24.9943,25.8807,447,47142,0.0309891,0.09,1,3080221,3079774,447
235884361,29.1977,23.5523,457,47187,0.0423956,0.07,1,3080253,3079796,457
235887281,12.8791,28.0209,428,47232,0.0469583,0.07,1,3080255,3079827,428
235890201,23.1516,12.4084,456,47277,0.0607833,0.15,1,3080285,3079829,456
235893121,27.8607,21.7633,459,47322,0.0663133,0.17,1,3080316,3079857,459
235896041,35.7443,26.7053,470,47367,0.0685253,0.21,1,3080357,3079887,470
235898961,15.4977,35.2821,431,47412,0.0694101,0.11,1,3080359,3079928,431
235901881,15.7991,27.3129,425,47456,0.0697641,0.05,1,3080375,3079950,425
235904801,21.9196,28.3251,422,47500,0.0699056,0.03,1,3080401,3079979,422
235907721,34.5679,36.5301,423,47544,0.0579622,0.03,1,3080444,3080021,423
235910641,29.4271,30.212,423,47588,0.0291849,0.01,1,3080470,3080047,423
235913561,28.5709,28.2848,424,47632,0.029674,0.05,1,3080498,3080074,424
235916481,32.4283,31.7139,425,47676,0.0418696,0.05,1,3080533,3080108,425
235919401,36.9713,37.2856,424,47720,0.0227478,0.03,1,3080573,3080149,424
235922321,28.5885,28.7142,424,47764,0.0270991,0.03,1,3080596,3080172,424
235925241,25.8354,26.4857,423,47808,0.0648397,0.03,1,3080620,3080197,423
235928161,24.7342,24.9943,423,47852,0.0799359,0.05,1,3080644,3080221,423
235931081,29.6937,29.1977,424,47896,0.0499743,0.05,1,3080677,3080253,424
235934001,13.0775,12.8791,424,47940,0.0379897,0.07,1,3080679,3080255,424
235936921,24.431,23.1516,426,47984,0.0691959,0.07,1,3080711,3080285,426
235939841,27.7724,27.8607,425,48028,0.0816784,0.07,1,3080741,3080316,425
235942761,35.709,35.7443,425,48072,0.0626713,0.07,1,3080782,3080357,425
235945681,15.4836,15.4977,425,48116,0.0790685,0.07,1,3080784,3080359,425
235948601,15.7934,15.7991,425,48160,0.0976274,0.07,1,3080800,3080375,425
235963201,31.8091,32.4283,422,48380,0.0743725,0.01,1,3080955,3080533,422
235966121,36.7236,36.9713,422,48424,0.047749,0.03,1,3080995,3080573,422
235969041,29.6895,28.5885,424,48468,0.0490996,0.09,1,3081020,3080596,424
235971961,26.2758,25.8354,424,48511,0.0736398,0.09,1,3081044,3080620,424
235974881,24.9103,24.7342,424,48554,0.0954559,0.03,1,3081068,3080644,424
236001161,34.5844,18.1269,468,48941,0.202688,0.19,1,3081294,3080826,468
236004081,28.2338,31.2508,452,48984,0.219075,0.13,1,3081318,3080866,452
236007001,25.6935,28.7003,449,49027,0.26163,0.09,1,3081342,3080893,449
236009921,31.2774,28.2801,456,49070,0.266652,0.05,1,3081377,3080921,456
236039121,16.1731,36.3914,431,49500,0.404543,0.17,1,3081638,3081207,431
236044961,22.2677,15.9026,456,49586,0.416327,0.19,1,3081681,3081225,456
236047881,35.9071,21.961,475,49628,0.448531,0.21,1,3081726,3081251,475
236132561,39.3598,38.437,456,50844,0.758371,0.69,2,3082533,3082077,456
236135481,16.9439,16.5748,456,50885,0.753348,0.69,2,3082535,3082079,456
236138401,17.5776,17.4299,456,50926,0.775339,0.69,2,3082553,3082097,456
236141321,23.231,22.572,457,50967,0.772136,0.67,2,3082580,3082123,457
236144241,37.4924,37.8288,456,51008,0.758854,0.63,2,3082627,3082171,456
236147161,16.197,16.3315,456,51049,0.753542,0.69,2,3082629,3082173,456
236150081,20.8788,20.9326,456,51090,0.775417,0.71,2,3082653,3082197,456
236153001,26.3515,25.773,457,51131,0.796167,0.69,2,3082683,3082226,457
236155921,32.1406,32.5092,456,51172,0.792467,0.69,2,3082719,3082263,456
236182201,40.5595,39.3598,459,51541,0.929261,0.75,2,3082992,3082533,459
236185121,17.4238,16.9439,459,51582,0.941704,0.79,2,3082994,3082535,459
236188041,17.7695,17.5776,459,51623,0.934682,0.77,2,3083012,3082553,459
236385141,314.049,349.789,468,24820,0.417232,0.17,1,3085115,3084647,468
236420181,290.02,330.115,425,24820,0.220893,0.13,1,3085389,3084964,425
236426021,90.9231,94.9385,441,24990,0.0773428,0.11,1,3085489,3085048,441
236428941,48.3693,59.5754,425,25075,0.0609371,0.05,1,3085509,3085084,425
236431861,36.1477,34.6302,435,25160,0.0423749,0.01,1,3085537,3085102,435
236434781,57.6591,48.6521,449,25244,0.0469499,0.09,1,3085609,3085160,449
236437701,53.6636,51.8608,446,25328,0.09678,0.05,1,3085660,3085214,446
236443541,67.6262,57.2577,467,25495,0.201485,0.09,1,3085798,3085331,467
236446461,61.2505,57.7031,466,25578,0.230594,0.05,1,3085855,3085389,466
236449381,57.5002,48.8812,478,25661,0.206238,0.05,1,3085910,3085432,478
236452301,35.6001,53.7525,442,25744,0.232495,0.05,1,3085931,3085489,442
236455221,31.04,33.501,450,25826,0.218998,0.03,1,3085959,3085509,450
236458141,57.416,30.2004,497,25908,0.213599,0.05,1,3086034,3085537,497
236463981,62.1066,52.7121,494,26072,0.217776,0.15,1,3086154,3085660,494
236466901,69.8426,60.6848,503,26153,0.26111,0.25,1,3086229,3085726,503
236469821,63.337,67.4739,490,26234,0.278444,0.25,1,3086288,3085798,490
236496101,27.0785,63.337,438,26953,0.405834,0.37,1,3086726,3086288,438
236499021,43.2314,56.5348,440,27032,0.408334,0.37,1,3086780,3086340,440
236501941,30.4926,35.8139,440,27110,0.409333,0.37,1,3086802,3086362,440
236504861,28.997,31.1256,440,27188,0.421733,0.35,1,3086830,3086390,440
236507781,55.9988,57.4502,439,27266,0.426693,0.35,1,3086904,3086465,439
236542821,73.5859,72.4159,449,28184,0.767075,0.55,2,3087554,3087105,449
236560341,57.36,25.488,527,28632,0.936821,0.67,2,3087800,3087273,527
236677141,59.2334,45.2382,541,31454,0.752323,1,2,3089775,3089234,541
236700501,22.7019,28.8934,486,31988,0.428679,0.91,1,3090120,3089634,486
236703421,35.4807,25.9574,506,32054,0.429472,0.81,1,3090164,3089658,506
236770581,47.6621,46.4167,455,33539,0.75399,0.73,2,3091130,3090675,455
236773501,55.0648,53.9667,456,33602,0.787596,0.63,2,3091190,3090734,456
236776421,60.4259,61.7867,453,33665,0.789038,0.69,2,3091254,3090801,453
236785181,38.0913,38.2023,455,33854,0.934418,0.67,2,3091396,3090941,455
236788101,33.2365,33.2809,455,33916,0.943767,0.71,2,3091426,3090971,455
236919501,45.8888,39.8577,491,36615,0.236497,1,1,3093312,3092821,491
236931181,25.914,31.318,473,36846,0.0756063,1,1,3093411,3092938,473
236934101,34.9656,31.1272,483,36903,0.0842425,0.97,1,3093452,3092969,483
236937021,33.7862,41.2509,468,36960,0.063697,0.79,1,3093485,3093017,468
236939941,42.3145,53.7003,454,37017,0.0674788,0.63,1,3093533,3093079,454
236942861,48.1258,53.2801,453,37074,0.0929915,0.67,1,3093585,3093132,453
236945781,35.4503,40.5121,448,37131,0.0911966,0.39,1,3093612,3093164,448
236948701,47.7801,55.8048,438,37188,0.0904786,0.39,1,3093668,3093230,438
236954541,39.8048,29.3288,475,37302,0.0948766,0.15,1,3093739,3093264,475
236963301,24.0515,24.605,451,37472,0.203592,0.15,1,3093810,3093359,451
236989581,42.4528,36.5118,470,37976,0.22756,0.09,1,3094167,3093697,470
236992501,33.7811,39.8047,456,38032,0.277024,0.17,1,3094195,3093739,456
236995421,25.5124,33.3219,447,38088,0.29681,0.13,1,3094215,3093768,447
236998341,25.805,24.1288,455,38143,0.280724,0.25,1,3094241,3093786,455
237001261,22.922,24.0515,452,38198,0.26229,0.19,1,3094262,3093810,452
237004181,34.3688,22.8206,472,38253,0.290916,0.17,1,3094304,3093832,472
237045061,33.93,33.5475,437,39019,0.43396,0.33,1,3094774,3094337,437
237088861,51.2616,49.5888,446,39823,0.759251,0.51,2,3095323,3094877,446
237106381,31.312,14.0575,476,40141,0.775228,0.59,2,3095519,3095043,476
237109301,24.5248,22.423,468,40194,0.760091,0.59,2,3095539,3095071,468
237112221,24.2099,20.9692,472,40247,0.754036,0.55,2,3095563,3095091,472
237115141,21.684,22.7877,468,40299,0.763615,0.59,2,3095583,3095115,468
237132661,49.553,35.4991,519,40611,0.941683,0.85,2,3095867,3095348,519
237325381,205.808,214.627,485,19818,0.2044,0.51,1,3098191,3097706,485
237345821,98.8804,97.7052,520,20555,0.208472,0.15,1,3098711,3098191,520
237348741,73.7521,94.2821,485,20658,0.221389,0.19,1,3098768,3098283,485
237351661,51.1009,73.1128,462,20761,0.238556,0.11,1,3098804,3098342,462
237354581,62.4403,50.8451,496,20863,0.269422,0.13,1,3098874,3098378,496
237357501,39.3761,61.7381,451,20965,0.281769,0.17,1,3098898,3098447,451
237360421,16.9505,37.8952,431,21066,0.286708,0.19,1,3098900,3098469,431
237369181,72.6768,73.6813,433,21367,0.413149,0.25,1,3099201,3098768,433
237372101,51.2707,51.0725,434,21466,0.43526,0.29,1,3099238,3098804,434
237407141,100.594,38.2645,550,22623,0.785168,0.57,2,3100034,3099484,550
237415901,68.022,47.9049,529,22903,0.915931,0.71,2,3100209,3099680,529
237418821,41.6088,64.162,478,22996,0.924372,0.67,2,3100233,3099755,478
237421741,17.8435,40.0648,456,23088,0.927749,0.67,2,3100235,3099779,456
237506421,56.0848,32.96,552,25616,0.922,1,2,3102109,3101557,552
237515181,87.6134,33.3094,608,25863,0.787888,1,2,3102298,3101690,608
237544381,53.9103,101.045,478,26671,0.772682,0.67,2,3102886,3102408,478
237547301,41.9641,54.8181,488,26750,0.771073,0.63,2,3102920,3102432,488
237550221,46.7856,45.9272,498,26829,0.782429,0.67,2,3102970,3102472,498
237553141,57.1143,45.9709,516,26908,0.798972,0.65,2,3103034,3102518,516
237567741,96.4332,95.7757,461,27299,0.903871,0.79,2,3103321,3102860,461
237570661,52.9733,53.9103,459,27377,0.907548,0.77,2,3103345,3102886,459
237573581,42.1893,41.9641,460,27454,0.921019,0.79,2,3103380,3102920,460
237576501,47.4757,46.7856,461,27531,0.938408,0.81,2,3103431,3102970,461
237690381,51.9068,43.1792,499,30384,0.934,1,2,3105434,3104935,499
237702061,54.9832,61.7246,483,30661,0.794358,1,2,3105590,3105107,483
237742941,45.7953,37.0245,499,31614,0.760806,0.55,2,3106269,3105770,499
237745861,31.5181,44.8098,471,31681,0.766322,0.57,2,3106291,3105820,471
237748781,46.2073,32.3239,503,31748,0.792529,0.57,2,3106347,3105844,503
237754621,28.3932,40.2118,470,31881,0.795205,0.65,2,3106406,3105936,470
237757541,26.3573,27.4847,476,31947,0.792082,0.65,2,3106431,3105955,476
237932741,33.6754,36.4269,510,35702,0.924218,1,2,3109142,3108632,510
237950261,31.3959,36.6448,474,36056,0.917888,1,2,3109318,3108844,474
237953181,34.1584,37.4579,472,36115,0.925155,0.96,2,3109354,3108882,472
237976541,13.5458,12.8112,471,36580,0.9022,0.99,2,3109667,3109196,471
237982381,37.2073,36.4898,469,36696,0.948352,0.87,2,3109759,3109290,469
237988221,33.1932,34.1584,466,36811,0.942536,0.85,2,3109820,3109354,466
238113781,33.1139,33.3859,501,39202,0.938848,1,2,3111558,3111057,501
238116701,25.2455,28.9544,495,39256,0.921539,1,2,3111578,3111083,495
238125461,26.8157,30.4611,512,39418,0.910979,1,2,3111668,3111156,512
238131301,30.6905,29.8338,503,39526,0.905357,1,2,3111724,3111221,503
238151741,27.6174,33.1139,480,39897,0.212452,0.91,1,3112038,3111558,480
238157581,28.2988,28.0982,480,40003,0.0903923,1,1,3112088,3111608,480
238160501,28.7195,34.0393,471,40056,0.0901569,0.86,1,3112117,3111646,471
238166341,18.5151,10.7263,483,40162,0.0708251,0.89,1,3112151,3111668,483
238169261,27.806,16.2905,497,40215,0.07033,0.91,1,3112185,3111688,497
238172181,30.9224,28.1162,494,40268,0.094132,0.83,1,3112218,3111724,494
238201381,22.6436,28.7192,444,40788,0.213961,0.11,1,3112561,3112117,444
238204301,16.2574,22.2877,438,40840,0.223585,0.05,1,3112573,3112135,438
238207221,28.103,18.5151,458,40892,0.287434,0.07,1,3112609,3112151,458
238215981,57.1186,63.969,477,41047,0.411276,0.15,1,3112781,3112304,477
238218901,39.6474,54.9876,456,41098,0.42251,0.11,1,3112809,3112353,456
238221821,37.459,39.995,462,41149,0.427004,0.15,1,3112845,3112383,462
238248101,26.1247,28.103,438,41608,0.446507,0.33,1,3113047,3112609,438
238251021,33.8499,32.2412,442,41659,0.436603,0.43,1,3113086,3112644,442
238253941,64.5399,63.2965,443,41710,0.408641,0.43,1,3113171,3112728,443
238256861,57.616,57.1186,443,41761,0.421456,0.43,1,3113224,3112781,443
238259781,39.8464,39.6474,443,41812,0.426583,0.43,1,3113252,3112809,443
238262701,38.7386,37.459,445,41862,0.428633,0.47,1,3113290,3112845,445
238332781,32.991,10.1944,482,43054,0.75871,0.51,2,3113973,3113491,482
238338621,59.0386,61.2711,504,43152,0.909794,0.65,2,3114116,3113612,504
238341541,41.0154,56.3084,480,43201,0.945917,0.67,2,3114145,3113665,480
238344461,41.0062,39.3234,493,43250,0.948367,0.63,2,3114186,3113693,493
238347381,29.6025,39.7294,475,43299,0.949347,0.67,2,3114208,3113733,475
238610181,27.8641,34.5937,504,47485,0.915939,1,2,3117110,3116606,504
238618941,27.5113,31.902,501,47617,0.79614,1,2,3117204,3116703,501
238639381,26.0175,31.2937,490,47925,0.430118,0.99,1,3117395,3116905,490
238642301,28.407,32.9175,486,47969,0.406047,1,1,3117425,3116939,486
238648141,38.2651,38.6268,480,48057,0.270168,1,1,3117504,3117024,480
238651061,31.506,34.6507,475,48101,0.246067,1,1,3117531,3117056,475
238674421,21.3526,24.0567,448,48453,0.20117,0.61,1,3117735,3117287,448
238683181,27.8866,32.0436,441,48582,0.217595,0.39,1,3117814,3117373,441
238686101,22.5546,26.0175,438,48625,0.213038,0.39,1,3117833,3117395,438
238689021,26.4219,28.407,437,48668,0.235215,0.33,1,3117862,3117425,437
238691941,30.3687,34.1628,432,48711,0.232086,0.21,1,3117895,3117463,432
238694861,37.9475,38.2651,434,48754,0.242834,0.23,1,3117938,3117504,434
238697781,27.179,31.506,427,48797,0.283134,0.13,1,3117958,3117531,427
238700701,27.0716,28.8024,427,48840,0.275254,0.13,1,3117985,3117558,427
238703621,23.4286,11.521,448,48883,0.272101,0.13,1,3118006,3117558,448
238721141,20.6048,24.8108,447,49141,0.409616,0.21,1,3118163,3117716,447
238724061,17.2419,21.3243,443,49184,0.421846,0.17,1,3118178,3117735,443
238726981,30.8968,17.5297,468,49227,0.438739,0.21,1,3118218,3117750,468
238729901,27.9587,29.2119,457,49270,0.445495,0.23,1,3118244,3117787,457
238826261,28.5234,28.805,455,50664,0.756993,0.67,2,3119143,3118688,455
238829181,23.4094,23.522,455,50706,0.788797,0.67,2,3119163,3118708,455
238832101,26.1638,26.2088,455,50748,0.777519,0.65,2,3119191,3118736,455
238835021,29.6655,30.2835,454,50790,0.797008,0.69,2,3119223,3118769,454
238846701,26.8714,26.7913,455,50954,0.910275,0.67,2,3119348,3118893,455
238861301,29.823,29.7108,457,51159,0.906412,0.75,2,3119476,3119019,457
238872981,32.0115,30.8086,459,51323,0.922772,0.77,2,3119575,3119116,459
239087601,33.2446,27.5531,463,25412,0.204047,0.27,1,3121871,3121408,463
239090521,56.4978,44.6212,479,25495,0.243619,0.17,1,3121943,3121464,479
239093441,67.5991,58.6485,486,25578,0.235448,0.11,1,3122018,3121532,486
239110961,32.8894,34.5788,461,26072,0.413244,0.21,1,3122300,3121839,461
239163521,60.4722,61.7739,450,27498,0.765066,0.51,2,3123273,3122823,450
239181041,58.4318,55.7531,457,27957,0.922516,0.75,2,3123597,3123140,457
239183961,38.3727,36.7012,458,28033,0.927006,0.73,2,3123622,3123164,458
239186881,33.3491,32.6805,458,28109,0.940803,0.79,2,3123652,3123194,458
239376681,37.173,51.3076,501,32643,0.433571,1,1,3126896,3126395,501
239382521,20.8277,36.5292,487,32773,0.272171,1,1,3126949,3126462,487
239385441,38.9311,47.6117,483,32838,0.222869,1,1,3127000,3126517,483
239391281,33.829,35.6979,481,32966,0.080059,1,1,3127064,3126583,481
239394201,56.1316,58.6791,478,33030,0.0860236,0.92,1,3127135,3126657,478
239397121,58.4526,66.0717,467,33094,0.0884094,0.85,1,3127195,3126728,467
239400041,41.3811,46.8287,463,33158,0.0653638,0.61,1,3127225,3126762,463
239402961,51.9524,61.3315,451,33222,0.0801455,0.45,1,3127284,3126833,451
239405881,37.581,41.9326,450,33286,0.0800582,0.35,1,3127312,3126862,450
239408801,31.8324,37.173,444,33350,0.0740233,0.27,1,3127340,3126896,444
239426321,55.4953,56.1316,422,33728,0.0698475,0.09,1,3127557,3127135,422
239429241,59.3981,58.4526,424,33791,0.081939,0.05,1,3127619,3127195,424
239432161,41.7592,41.3811,424,33854,0.0627756,0.09,1,3127649,3127225,424
239435081,52.1037,51.9524,424,33916,0.0911102,0.08,1,3127708,3127284,424
239438001,37.0415,37.581,423,33978,0.0904441,0.07,1,3127735,3127312,423
239467201,52.5478,41.5627,483,34595,0.210881,0.11,1,3128132,3127649,483
239470121,36.6191,52.0251,450,34656,0.234352,0.09,1,3128158,3127708,450
239473041,33.2476,37.01,454,34717,0.231741,0.11,1,3128189,3127735,454
239475961,39.0991,32.804,467,34778,0.278696,0.17,1,3128232,3127765,467
239478881,18.0396,37.1216,431,34839,0.297479,0.17,1,3128236,3127805,431
239502241,37.3984,52.5478,459,35321,0.402246,0.25,1,3128591,3128132,459
239505161,32.9594,36.6191,463,35381,0.406898,0.23,1,3128621,3128158,463
239528521,56.7654,59.3505,439,35856,0.407379,0.37,1,3128911,3128472,439
239578161,40.5483,40.2494,449,36846,0.771454,0.55,2,3129557,3129108,449
239581081,18.6193,18.4998,449,36903,0.782582,0.63,2,3129561,3129112,449
239584001,36.8477,34.9999,452,36960,0.799033,0.61,2,3129610,3129158,452
239601521,43.9665,46.4722,489,37302,0.924184,0.71,2,3129842,3129353,489
239773801,33.1799,33.0692,514,40507,0.94,1,2,3132056,3131542,514
239805921,24.3725,32.4364,498,41078,0.440213,1,1,3132461,3131963,498
239808841,25.349,30.3746,495,41129,0.446085,0.95,1,3132487,3131992,495
239811761,31.1396,28.9498,502,41180,0.448434,0.92,1,3132522,3132020,502
239814681,29.2558,33.1799,494,41231,0.425374,0.87,1,3132550,3132056,494
239826361,39.197,52.4446,485,41435,0.438906,0.59,1,3132709,3132224,485
239829281,34.8788,43.1778,480,41486,0.433562,0.53,1,3132741,3132261,480
239832201,41.5515,36.4711,494,41537,0.407425,0.53,1,3132787,3132293,494
239838041,23.3282,36.1954,443,41639,0.404788,0.49,1,3132816,3132373,443
239840961,33.3313,39.0782,442,41690,0.443915,0.43,1,3132856,3132414,442
239887681,24.5385,24.053,445,42493,0.768518,0.45,2,3133349,3132904,445
239890601,25.4154,25.8212,444,42543,0.781407,0.53,2,3133375,3132931,444
239893521,32.9662,30.7285,448,42593,0.774563,0.53,2,3133413,3132965,448
239896441,28.7865,29.0914,446,42643,0.771825,0.59,2,3133439,3132993,446
239899361,35.5146,33.8366,449,42692,0.77073,0.59,2,3133479,3133030,449
239902281,34.6058,32.7346,451,42741,0.794292,0.61,2,3133513,3133062,451
239925641,33.1399,31.7064,488,43133,0.929972,0.75,2,3133787,3133299,488
240151941,168.858,169.482,507,21270,0.2188,0.85,1,3136373,3135866,507
240157781,88.5773,100.797,485,21469,0.077008,0.35,1,3136526,3136041,485
240160701,93.0309,106.319,471,21568,0.0848032,0.25,1,3136622,3136151,471
240163621,68.4124,79.1275,462,21666,0.0879213,0.07,1,3136674,3136212,462
240166541,47.7649,67.051,437,21764,0.0651685,0.01,1,3136708,3136271,437
240169461,39.506,46.6204,438,21861,0.0440674,0.03,1,3136742,3136304,438
240172381,47.6024,60.0482,422,21958,0.035627,0.05,1,3136795,3136373,422
240175301,69.441,74.4193,422,22055,0.0322508,0.05,1,3136879,3136457,422
240178221,70.3764,71.1677,424,22151,0.0429003,0.09,1,3136950,3136526,424
240195741,68.772,38.0496,505,22720,0.0931517,0.03,1,3137300,3136795,505
240198661,70.1088,65.6199,492,22813,0.0552607,0.05,1,3137371,3136879,492
240201581,89.8435,68.8479,524,22906,0.0641043,0.15,1,3137474,3136950,524
240204501,67.1374,86.3392,478,22999,0.0676417,0.19,1,3137526,3137048,478
240207421,47.255,64.5357,462,23091,0.0690567,0.19,1,3137560,3137098,462
240210341,38.702,46.2143,461,23183,0.0816227,0.19,1,3137593,3137132,461
240213261,45.4808,38.2857,478,23274,0.0986491,0.09,1,3137643,3137165,478
240224941,67.0539,89.8425,476,23636,0.200141,0.07,1,3137950,3137474,476
240227861,47.2216,67.137,458,23726,0.242057,0.07,1,3137984,3137526,458
240230781,39.2886,47.2548,458,23815,0.270823,0.09,1,3138018,3137560,458
240233701,46.3154,38.7019,476,23904,0.282329,0.11,1,3138069,3137593,476
240236621,19.7262,45.4808,428,23993,0.286932,0.19,1,3138071,3137643,428
240239541,57.0905,65.5923,431,24081,0.276773,0.17,1,3138153,3137722,431
240251221,48.7415,47.2216,435,24431,0.415037,0.29,1,3138419,3137984,435
240292101,92.5255,52.2508,556,25619,0.754812,0.57,2,3139216,3138660,556
240295021,70.0102,86.3003,502,25702,0.787925,0.59,2,3139271,3138769,502
240315461,93.1361,66.3048,569,26273,0.928614,0.77,2,3139675,3139106,569
240414741,69.3383,54.9697,548,28886,0.939803,1,2,3141456,3140908,548
240429341,34.9782,38.2823,508,29251,0.415713,1,1,3141713,3141205,508
240461461,36.7486,42.1913,439,30037,0.438394,0.31,1,3142199,3141760,439
240505261,62.2563,61.5571,450,31076,0.761312,0.59,2,3142956,3142506,450
240508181,43.5025,42.0228,452,31144,0.766525,0.63,2,3142987,3142535,452
240528621,69.8635,48.541,534,31616,0.929602,0.65,2,3143261,3142727,534
240645421,23.1252,28.0773,496,34189,0.904,1,2,3145028,3144532,496
240651261,32.38,9.77237,544,34313,0.94024,1,2,3145098,3144554,544
240657101,86.9008,66.2436,579,34437,0.780438,1,2,3145272,3144693,579
240665861,38.4657,44.0796,512,34620,0.774508,1,2,3145392,3144880,512
240668781,35.1863,42.8318,503,34681,0.759803,1,2,3145425,3144922,503
240671701,35.0745,36.9327,505,34742,0.765921,1,2,3145460,3144955,505
240674621,26.0298,32.7731,495,34803,0.768369,0.95,2,3145480,3144985,495
240677541,23.0119,26.3092,494,34864,0.757347,0.86,2,3145501,3145007,494
240680461,29.0048,23.1237,506,34925,0.752939,0.99,2,3145534,3145028,506
240683381,32.0019,31.4495,503,34986,0.787176,0.93,2,3145568,3145065,503
240695061,52.3616,64.1603,498,35226,0.914824,0.75,2,3145819,3145321,498
240697981,40.1447,49.6641,490,35286,0.92393,0.81,2,3145851,3145361,490
240700901,35.2579,38.4656,491,35346,0.903572,0.75,2,3145883,3145392,491
240703821,35.7031,35.1863,494,35406,0.931429,0.77,2,3145919,3145425,494
240709661,22.5125,26.0298,479,35526,0.939829,0.75,2,3145959,3145480,479
240712581,28.805,23.0119,491,35586,0.945931,0.75,2,3145992,3145501,491
240715501,33.722,29.0048,495,35645,0.924373,0.81,2,3146029,3145534,495
240718421,14.6888,32.0019,463,35704,0.915749,0.83,2,3146031,3145568,463
240721341,35.8755,43.4008,462,35763,0.9483,0.85,2,3146081,3145619,462
240724261,79.1502,79.7603,466,35822,0.92532,0.93,2,3146189,3145723,466
240870261,44.3396,68.6689,505,38662,0.9292,1,2,3148167,3147662,505
240896541,32.3241,32.5163,488,39150,0.41452,1,1,3148461,3147973,488
240902381,39.0119,46.1226,475,39258,0.254723,0.98,1,3148536,3148061,475
240905301,52.8047,62.849,463,39312,0.227889,0.89,1,3148598,3148135,463
240919901,33.9478,37.8695,451,39581,0.0499304,0.57,1,3148765,3148314,451
240922821,29.1791,31.3478,450,39634,0.0379722,0.53,1,3148791,3148341,450
240925741,26.0716,29.9391,445,39687,0.0691889,0.43,1,3148815,3148370,445
240928661,24.2287,28.7756,440,39740,0.0696755,0.43,1,3148838,3148398,440
240943261,50.4014,52.8047,427,40005,0.211289,0.13,1,3149025,3148598,427
240946181,39.3606,41.5219,425,40058,0.246516,0.13,1,3149057,3148632,425
240949101,36.1442,16.6088,459,40111,0.260606,0.15,1,3149091,3148632,459
240952021,27.0577,25.8435,448,40164,0.254243,0.19,1,3149112,3148664,448
240954941,39.0231,22.9374,474,40217,0.275697,0.09,1,3149159,3148685,474
240957861,31.8092,39.775,450,40270,0.284279,0,1,3149186,3148736,450
240960781,29.5237,33.31,449,40322,0.263712,0.03,1,3149214,3148765,449
240963701,26.8095,28.924,448,40374,0.267485,0.09,1,3149239,3148791,448
240966621,25.1238,25.9696,448,40426,0.292994,0.07,1,3149263,3148815,448
240987061,38.0539,39.3604,468,40790,0.416048,0.27,1,3149525,3149057,468
240989981,28.4215,36.1442,456,40842,0.424419,0.25,1,3149547,3149091,456
240992901,39.5686,27.0577,482,40894,0.439768,0.29,1,3149594,3149112,482
241083421,28.4736,28.8236,453,42464,0.757099,0.63,2,3150576,3150123,453
241086341,25.7895,25.9295,453,42514,0.78884,0.65,2,3150600,3150147,453
241115541,36.3422,34.6504,457,43007,0.924559,0.73,2,3150950,3150493,457
241118461,30.1369,13.8602,483,43056,0.939823,0.73,2,3150976,3150493,483
241276141,45.502,40.4271,490,45627,0.922,1,2,3152787,3152297,490
241279061,36.2008,31.1708,495,45673,0.9148,1,2,3152817,3152322,495
241284901,35.6721,37.6273,506,45765,0.759568,1,2,3152889,3152383,506
241334541,300.788,340.82,441,20440,0.278731,0.05,1,3153403,3152962,441
241340381,83.166,88.0113,437,21370,0.0445969,0,1,3153489,3153052,437
241343301,99.8664,64.6045,499,21469,0.0478388,0.05,1,3153600,3153101,499
241346221,84.9466,96.6418,456,21568,0.0191355,0,1,3153675,3153219,456
241349141,87.3786,75.2567,484,21666,0.0256542,0.07,1,3153764,3153280,484
241352061,55.9514,87.1027,424,21764,0.0402617,0.03,1,3153799,3153375,424
241354981,39.1806,42.6411,439,21861,0.0581047,0,1,3153827,3153388,439
241357901,42.0722,53.6564,422,21958,0.0532419,0,1,3153871,3153449,422
241360821,40.8289,45.4626,422,22055,0.0212967,0.05,1,3153911,3153489,422
241363741,86.5316,84.785,428,22151,0.0265187,0,1,3154028,3153600,428
241366661,76.0126,78.914,422,22247,0.0286075,0.03,1,3154097,3153675,422
241369581,83.805,84.9656,422,22342,0.029443,0.05,1,3154186,3153764,422
241372501,54.522,54.9862,422,22437,0.0297772,0.07,1,3154221,3153799,422
241375421,40.4088,38.7945,425,22532,0.0119109,0.07,1,3154252,3153827,425
241378341,40.1635,15.5178,465,22626,0.0227644,0.05,1,3154292,3153827,465
241381261,40.0654,32.6071,461,22720,0.00910574,0,1,3154332,3153871,461
241384181,86.8262,37.0428,539,22813,0.0336423,0.03,1,3154450,3153911,539
241387101,75.5305,85.0171,490,22906,0.0434569,0.03,1,3154518,3154028,490
241390021,83.6122,75.4069,510,22999,0.0593828,0.03,1,3154607,3154097,510
241392941,55.0449,83.5627,457,23091,0.0297531,0.03,1,3154643,3154186,457
241395861,40.0179,54.4251,452,23183,0.0119012,0,1,3154673,3154221,452
241398781,40.6072,40.37,462,23274,0.0227605,0.03,1,3154714,3154252,462
241401701,40.2429,40.148,462,23365,0.0091042,0,1,3154754,3154292,462
241404621,87.4971,40.0592,541,23456,0.0216417,0.05,1,3154873,3154332,541
241407541,75.1989,86.8237,490,23546,0.0266567,0.05,1,3154940,3154450,490
241410461,83.4795,75.5295,511,23636,0.0286627,0.07,1,3155029,3154518,511
241413381,54.9918,83.6118,458,23726,0.0294651,0.01,1,3155065,3154607,458
241416301,39.9967,55.0447,452,23815,0.041786,0,1,3155095,3154643,452
241419221,40.5987,40.0179,463,23904,0.0347144,0.03,1,3155136,3154673,463
241422141,17.4395,40.6072,424,23993,0.0318858,0,1,3155138,3154714,424
241425061,29.7758,40.2429,422,24081,0.0127543,0.03,1,3155176,3154754,422
241427981,84.5103,87.4971,424,24169,0.0231017,0.03,1,3155297,3154873,424
241430901,73.4041,75.1989,423,24257,0.0632407,0.03,1,3155363,3154940,423
241433821,82.7617,83.4795,423,24344,0.0312963,0.03,1,3155452,3155029,423
241436741,54.7047,54.9918,423,24431,0.0305185,0.05,1,3155488,3155065,423
241439661,40.4819,39.9967,424,24518,0.0302074,0.03,1,3155519,3155095,424
241442581,40.7927,40.5987,424,24604,0.030083,0.03,1,3155560,3155136,424
241445501,17.5171,17.4395,424,24690,0.0300332,0,1,3155562,3155138,424
241448421,28.6068,29.7758,422,24776,0.0120133,0.03,1,3155598,3155176,422
241451341,84.0427,84.5103,422,24862,0.0348053,0.09,1,3155719,3155297,422
241454261,76.8171,73.4041,428,24947,0.0559221,0.01,1,3155791,3155363,428
241457181,80.5268,82.7617,422,25032,0.0523688,0.03,1,3155874,3155452,422
241460101,53.8107,54.7047,422,25117,0.0629475,0.03,1,3155910,3155488,422
241463021,40.1243,40.4819,422,25201,0.055179,0.03,1,3155941,3155519,422
241465941,41.2497,40.7927,423,25285,0.0400716,0.03,1,3155983,3155560,423
241468861,17.6999,17.5171,423,25369,0.0340286,0,1,3155985,3155562,423
241471781,28.08,28.6068,422,25453,0.0196115,0,1,3156020,3155598,422
241474701,84.432,11.4427,544,25536,0.0258446,0.05,1,3156142,3155598,544
241477621,76.3728,77.1771,494,25619,0.0283378,0.07,1,3156213,3155719,494
241480541,79.7491,74.0708,504,25702,0.0413351,0.05,1,3156295,3155791,504
241483461,54.0996,79.4283,458,25784,0.0345341,0.07,1,3156332,3155874,458
241486381,39.6399,53.3713,452,25866,0.0318136,0.05,1,3156362,3155910,452
241489301,42.8559,39.9485,466,25948,0.0307254,0.03,1,3156407,3155941,466
241492221,18.3424,41.1794,426,26030,0.0302902,0.03,1,3156409,3155983,426
241495141,26.537,17.6718,456,26111,0.0421161,0.01,1,3156441,3155985,456
241498061,85.0148,28.0687,545,26192,0.0228464,0.03,1,3156565,3156020,545
241500981,76.0059,84.4275,493,26273,0.0511386,0.03,1,3156635,3156142,493
241503901,80.2024,76.371,505,26354,0.0984554,0.05,1,3156718,3156213,505
241524341,77.8583,85.0148,495,26911,0.0853728,0.07,1,3157060,3156565,495
241527261,32.3433,76.0059,427,26990,0.0761491,0.13,1,3157062,3156635,427
241538941,41.6856,43.029,429,27302,0.239117,0.15,1,3157259,3156830,429
241541861,17.8742,18.4116,429,27380,0.257647,0.17,1,3157261,3156832,429
241544781,25.1497,25.3646,429,27457,0.265059,0.07,1,3157291,3156862,429
241573981,77.181,81.4599,427,28218,0.239908,0.13,1,3157837,3157410,427
241576901,78.2724,78.784,429,28293,0.245963,0.13,1,3157916,3157487,429
241579821,32.509,32.7136,429,28368,0.248385,0.13,1,3157918,3157489,429
241582741,66.4036,13.0854,518,28443,0.237354,0.19,1,3158007,3157489,518
241585661,48.7614,58.0342,467,28517,0.244942,0.17,1,3158044,3157577,467
241588581,38.7046,45.4137,462,28591,0.295977,0.19,1,3158076,3157614,462
241611941,50.7541,66.4015,472,29178,0.415674,0.25,1,3158479,3158007,472
241644061,29.966,40.7016,447,29966,0.756735,0.57,2,3158960,3158513,447
241667421,55.2762,53.0373,459,30526,0.934834,0.75,2,3159382,3158923,459
241801741,34.8268,29.6161,500,33564,0.946,1,2,3161438,3160938,500
241819261,54.0994,52.4006,490,33941,0.407127,1,1,3161765,3161275,490
241836781,32.7404,13.9307,500,34313,0.271395,0.81,1,3161938,3161438,500
241839701,49.6962,26.5723,526,34375,0.258558,0.67,1,3161999,3161473,526
241842621,55.8785,56.2289,510,34437,0.229423,0.61,1,3162059,3161549,510
241845541,40.9514,59.0916,480,34498,0.241769,0.51,1,3162090,3161610,480
241848461,53.5806,45.8366,505,34559,0.258708,0.39,1,3162152,3161647,505
241851381,50.2322,58.5347,486,34620,0.205483,0.37,1,3162200,3161714,486
241854301,33.8929,54.0139,458,34681,0.208193,0.39,1,3162223,3161765,458
241857221,31.5572,34.8055,466,34742,0.257277,0.37,1,3162253,3161787,466
241860141,30.0229,30.7222,467,34803,0.240911,0.37,1,3162282,3161815,467
241863061,25.2091,29.6889,460,34864,0.234364,0.29,1,3162304,3161844,460
241865981,32.2837,26.8756,472,34925,0.231746,0.29,1,3162341,3161869,472
241868901,30.3135,32.3502,465,34986,0.254698,0.25,1,3162370,3161905,465
241871821,49.3254,32.7401,494,35046,0.287879,0.25,1,3162432,3161938,494
241874741,54.5302,49.696,491,35106,0.289152,0.21,1,3162490,3161999,491
241886421,35.0728,50.2322,456,35346,0.41353,0.21,1,3162656,3162200,456
241889341,32.0291,33.8929,463,35406,0.435412,0.29,1,3162686,3162223,463
241892261,28.4116,31.5572,459,35466,0.444165,0.23,1,3162712,3162253,459
241959421,34.1987,32.7707,451,36813,0.75673,0.61,2,3163581,3163130,451
241976941,43.7024,42.9913,453,37155,0.905594,0.65,2,3163770,3163317,453
241979861,54.081,17.1965,514,37212,0.908237,0.69,2,3163831,3163317,514
241982781,42.0324,41.6786,490,37269,0.909295,0.75,2,3163865,3163375,490
241985701,55.813,37.0714,521,37326,0.945718,0.71,2,3163930,3163409,521
242163821,42.0756,38.8776,527,40634,0.931571,1,2,3166215,3165688,527
242178421,35.2741,37.313,523,40894,0.266368,1,1,3166426,3165903,523
242187181,33.3855,35.1,517,41049,0.0945676,1,1,3166526,3166009,517
242190101,32.5542,32.04,519,41100,0.067827,0.92,1,3166558,3166039,519
242193021,25.0217,35.016,502,41151,0.0331308,1,1,3166578,3166076,502
242195941,25.6087,30.8064,500,41202,0.0552523,1,1,3166604,3166104,500
242198861,31.8435,26.7226,512,41253,0.0521009,0.97,1,3166640,3166128,512
242201781,38.5374,34.689,515,41304,0.0388404,0.9,1,3166683,3166168,515
242204701,32.215,42.0756,496,41355,0.0335361,0.83,1,3166711,3166215,496
242207621,46.486,37.8302,517,41406,0.0434145,0.55,1,3166767,3166250,517
242210541,35.3944,59.5321,471,41457,0.0593658,0.41,1,3166795,3166324,471
242213461,33.3578,44.2128,469,41508,0.0537463,0.29,1,3166827,3166358,469
242216381,14.5431,38.6851,436,41559,0.0274985,0.19,1,3166829,3166393,436
242219301,19.6172,35.2741,426,41610,0.0889994,0.07,1,3166852,3166426,426
242222221,27.0469,33.9096,425,41661,0.0895998,0.07,1,3166884,3166459,425
242225141,31.2188,33.9638,425,41712,0.0778399,0.09,1,3166918,3166493,425
242228061,32.8875,33.3855,426,41763,0.037136,0.05,1,3166952,3166526,426
242230981,30.555,32.5542,423,41814,0.0568544,0.01,1,3166981,3166558,423
242233901,26.022,25.0217,426,41864,0.0407418,0.07,1,3167004,3166578,426
242236821,28.4088,25.6087,430,41914,0.0462967,0.05,1,3167034,3166604,430
242239741,30.5635,31.8435,426,41964,0.0965187,0.03,1,3167066,3166640,426
242242661,36.8254,38.5374,424,42014,0.0686075,0.03,1,3167107,3166683,424
242245581,31.5302,32.215,424,42064,0.033443,0.05,1,3167135,3166711,424
242248501,46.2121,46.486,424,42114,0.0913772,0.07,1,3167191,3166767,424
242251421,35.2848,35.3944,424,42164,0.0905509,0.05,1,3167219,3166795,424
242254341,32.7139,33.3578,423,42214,0.0902203,0.01,1,3167250,3166827,423
242257261,14.2856,14.5431,423,42264,0.0660881,0.13,1,3167252,3166829,423
242260181,21.9142,19.6172,427,42314,0.0684353,0.09,1,3167279,3166852,427
242274781,25.9111,26.022,422,42564,0.071328,0.05,1,3167426,3167004,422
242277701,29.5644,28.4088,424,42614,0.0585312,0.13,1,3167458,3167034,424
242280621,32.2258,30.5635,426,42664,0.0654125,0.05,1,3167492,3167066,426
242283541,35.0903,36.8254,422,42713,0.044165,0.01,1,3167529,3167107,422
242286461,30.8361,31.5302,422,42762,0.071666,0.13,1,3167557,3167135,422
242289381,47.1345,46.2121,424,42811,0.0586664,0.09,1,3167615,3167191,424
242292301,37.4538,35.2848,427,42860,0.0774666,0.09,1,3167646,3167219,427
242295221,31.7815,32.7139,424,42909,0.0849866,0.05,1,3167674,3167250,424
242298141,13.9126,14.2856,424,42958,0.0879947,0.07,1,3167676,3167252,424
242303981,26.826,8.76569,456,43056,0.0992791,0.17,1,3167735,3167279,456
242306901,31.1304,19.7063,463,43105,0.0937117,0.19,1,3167769,3167306,463
242315661,23.5923,29.9412,444,43252,0.0969575,0.03,1,3167847,3167403,444
242318581,29.2369,25.7765,454,43301,0.080783,0.05,1,3167880,3167426,454
242321501,32.0948,29.5106,456,43350,0.0863132,0.07,1,3167914,3167458,456
242336101,32.1546,37.4532,453,43594,0.217969,0.09,1,3168099,3167646,453
242339021,14.0618,31.7813,427,43642,0.225187,0.09,1,3168101,3167674,427
242341941,22.4247,13.9125,453,43690,0.240075,0.13,1,3168129,3167676,453
242344861,27.5699,23.565,454,43738,0.23403,0.09,1,3168160,3167706,454
242347781,31.428,26.826,459,43786,0.243612,0.09,1,3168194,3167735,459
242350701,31.1712,31.1304,456,43834,0.259445,0.11,1,3168225,3167769,456
242353621,29.8685,30.4522,455,43882,0.265778,0.11,1,3168254,3167799,455
242356541,21.5474,28.9809,443,43930,0.292311,0.09,1,3168270,3167827,443
242359461,29.619,23.5923,458,43978,0.290924,0.07,1,3168305,3167847,458
242374061,39.7391,47.9661,464,44218,0.401293,0.21,1,3168503,3168039,464
242376981,32.6957,38.3864,460,44266,0.406517,0.23,1,3168531,3168071,460
242379901,14.2783,32.1546,434,44314,0.408607,0.23,1,3168533,3168099,434
242382821,23.1113,14.0618,461,44362,0.433443,0.25,1,3168562,3168101,461
242385741,27.2445,22.4247,463,44410,0.443377,0.23,1,3168592,3168129,463
242388661,32.4978,27.5699,468,44457,0.447351,0.25,1,3168628,3168160,468
242391581,14.1991,31.428,436,44504,0.44894,0.27,1,3168630,3168194,436
242470421,25.1363,23.8357,448,45765,0.772696,0.53,2,3169454,3169006,448
242473341,28.0545,27.5343,448,45811,0.795079,0.57,2,3169484,3169036,448
242487941,22.0918,22.5184,469,46041,0.785118,0.63,2,3169607,3169138,469
242490861,29.2367,18.6074,487,46087,0.776047,0.67,2,3169641,3169154,487
242505461,40.9314,51.1137,489,46317,0.904424,0.75,2,3169846,3169357,489
242508381,35.5726,40.2455,488,46363,0.943769,0.75,2,3169878,3169390,488
242771181,319.597,347.637,493,21900,0.754,0.92,2,3172598,3172105,493
242800381,68.9516,76.7235,512,23550,0.763177,0.61,2,3173281,3172769,512
242803301,71.3807,67.2894,524,23640,0.791271,0.61,2,3173354,3172830,524
242809141,64.4609,61.1663,517,23819,0.900603,0.67,2,3173476,3172959,517
242812061,38.3844,63.4665,473,23908,0.942241,0.69,2,3173497,3173024,473
242896741,67.2538,68.0067,540,26358,0.948124,1,2,3175225,3174685,540
242899661,78.5015,71.0027,553,26438,0.913249,1,2,3175311,3174758,553
242902581,53.0006,66.8011,525,26518,0.9353,1,2,3175347,3174822,525
242905501,59.6002,68.1204,520,26598,0.92012,0.98,2,3175411,3174891,520
242917181,63.7914,70.0863,529,26915,0.939491,0.96,2,3175624,3175095,529
242920101,26.7165,64.6345,470,26994,0.939796,0.93,2,3175626,3175156,470
243057341,43.2546,39.03,486,30461,0.92294,0.99,2,3178082,3177596,486
243063181,46.8807,51.6048,468,30599,0.90967,1,2,3178199,3177731,468
243235461,38.613,38.6481,518,34441,0.9112,1,2,3180849,3180331,518
243238381,59.2452,47.8593,537,34502,0.92248,1,2,3180922,3180385,537
243255901,36.0795,44.0423,505,34868,0.914982,1,2,3181184,3180679,505
243261741,24.9727,33.3268,492,34990,0.917997,1,2,3181237,3180745,492
243264661,35.1891,25.3307,514,35050,0.949199,0.98,2,3181279,3180765,514
243390221,37.8323,36.5771,524,37555,0.904,1,2,3183053,3182529,524
243393141,39.7329,45.2309,514,37611,0.9196,1,2,3183094,3182580,514
243398981,36.2373,41.5569,506,37723,0.793936,1,2,3183163,3182657,506
243422341,41.4485,52.7018,505,38170,0.421471,0.95,1,3183488,3182983,505
243457381,49.5586,52.6213,444,38829,0.278485,0.37,1,3183898,3183454,444
243460301,37.8234,41.4485,440,38883,0.261394,0.35,1,3183928,3183488,440
243463221,34.9294,35.7794,441,38937,0.266558,0.39,1,3183961,3183520,441
243466141,35.5717,37.1118,439,38991,0.244623,0.35,1,3183997,3183558,439
243469061,31.0287,32.2447,438,39045,0.259849,0.37,1,3184025,3183587,438
243471981,34.0115,33.2979,440,39099,0.27794,0.31,1,3184061,3183621,440
243474901,34.0046,35.5192,437,39153,0.285176,0.31,1,3184095,3183658,437
243492421,54.6611,56.3965,434,39477,0.434637,0.25,1,3184287,3183853,434
243495341,47.6645,49.5586,432,39530,0.443855,0.25,1,3184330,3183898,432
243565421,23.7252,11.9829,479,40791,0.784878,0.57,2,3185100,3184621,479
243600461,13.2592,29.0328,461,41407,0.915271,0.75,2,3185528,3185067,461
243603381,25.1037,12.8131,492,41458,0.936108,0.81,2,3185561,3185069,492
243612141,35.4466,48.916,465,41611,0.943831,0.87,2,3185690,3185225,465
243761061,36.5971,34.7203,523,44123,0.282641,1,1,3187444,3186921,523
243763981,29.6389,34.2881,514,44171,0.203057,1,1,3187469,3186955,514
243766901,24.4555,31.1153,506,44219,0.0872226,1,1,3187490,3186984,506
243769821,31.9822,29.2461,515,44267,0.052889,1,1,3187527,3187012,515
243772741,39.7929,41.0984,511,44315,0.0391556,1,1,3187572,3187061,511
243775661,37.5172,36.8394,513,44363,0.0456622,0.97,1,3187608,3187095,513
243778581,30.6069,37.5358,501,44411,0.0482649,1,1,3187634,3187133,501
243781501,29.6427,31.8143,502,44458,0.037306,1,1,3187663,3187161,502
243784421,13.0571,31.3257,473,44505,0.0149224,0.99,1,3187665,3187192,473
243787341,21.4228,31.1303,469,44552,0.035969,0.83,1,3187692,3187223,469
243790261,21.1691,29.2521,462,44599,0.0443876,0.77,1,3187713,3187251,462
243793181,22.2677,29.7008,455,44646,0.017755,0.57,1,3187736,3187281,455
243796101,24.5071,31.0803,449,44693,0.037102,0.41,1,3187762,3187313,449
243799021,42.2028,50.2321,440,44740,0.0448408,0.31,1,3187816,3187376,440
243801941,33.6811,40.4929,434,44787,0.0479363,0.21,1,3187844,3187410,434
243804861,32.6725,36.5971,432,44834,0.0491745,0.15,1,3187876,3187444,432
243807781,22.069,29.6389,422,44881,0.0616698,0.01,1,3187891,3187469,422
243810701,21.4276,24.4555,422,44928,0.0666679,0.03,1,3187912,3187490,422
243813621,31.371,31.9822,423,44975,0.0926672,0.03,1,3187950,3187527,423
243816541,38.9484,39.7929,422,45022,0.0550669,0.05,1,3187994,3187572,422
243822381,32.2717,30.6069,425,45116,0.0580107,0.03,1,3188059,3187634,425
243825301,29.1087,29.6427,423,45163,0.0532043,0,1,3188086,3187663,423
243828221,12.8435,13.0571,423,45210,0.0512817,0.05,1,3188088,3187665,423
243831141,20.7374,21.4228,422,45257,0.0265127,0.05,1,3188114,3187692,422
243834061,21.495,21.1691,423,45304,0.0406051,0,1,3188136,3187713,423
243836981,22.398,22.2677,423,45351,0.058242,0.05,1,3188159,3187736,423
243839901,24.5592,24.5071,423,45398,0.0412968,0.05,1,3188185,3187762,423
243842821,42.8237,42.2028,424,45444,0.0465187,0.05,1,3188240,3187816,424
243845741,32.7295,33.6811,422,45490,0.0486075,0.05,1,3188266,3187844,422
243848661,33.4918,32.6725,424,45536,0.073443,0.07,1,3188300,3187876,424
243851581,21.7967,22.069,423,45582,0.0833772,0.07,1,3188314,3187891,423
243854501,20.7187,21.4276,422,45628,0.0513509,0.11,1,3188334,3187912,422
243857421,31.6875,31.371,423,45674,0.0385404,0.03,1,3188373,3187950,423
243860341,38.475,38.9484,422,45720,0.0334161,0.13,1,3188416,3187994,422
243863261,38.19,37.1794,424,45766,0.0433665,0.03,1,3188454,3188030,424
243866181,32.076,32.2717,423,45812,0.0173466,0.05,1,3188482,3188059,423
243869101,29.6304,29.1087,424,45858,0.0369386,0.05,1,3188510,3188086,424
243872021,13.0522,12.8435,424,45904,0.0447755,0.01,1,3188512,3188088,424
243874941,19.6209,20.7374,422,45950,0.0599102,0.01,1,3188536,3188114,422
243877861,21.6483,8.29496,445,45996,0.0539641,0.05,1,3188559,3188114,445
243880781,21.8593,16.518,445,46042,0.0515856,0.07,1,3188581,3188136,445
243883701,23.7437,20.4072,447,46088,0.0626343,0.03,1,3188606,3188159,447
243886621,42.4975,23.7629,476,46134,0.0550537,0.05,1,3188661,3188185,476
243889541,32.599,42.5052,447,46180,0.0520215,0.05,1,3188687,3188240,447
243892461,34.6396,32.6021,457,46226,0.0628086,0.09,1,3188723,3188266,457
243895381,22.2558,33.4408,437,46272,0.0671234,0.09,1,3188737,3188300,437
243898301,19.7023,21.7763,441,46318,0.0688494,0.03,1,3188755,3188314,441
243901221,31.8809,20.7105,461,46364,0.0815397,0.03,1,3188795,3188334,461
243904141,37.9524,31.6842,464,46409,0.0506159,0.03,1,3188837,3188373,464
243907061,37.9809,38.4737,459,46454,0.0382464,0.05,1,3188875,3188416,459
243909981,31.9924,38.1895,449,46499,0.0452985,0,1,3188903,3188454,449
243912901,29.597,32.0758,449,46544,0.0481194,0.05,1,3188931,3188482,449
243915821,13.0388,29.6303,423,46589,0.0492478,0.05,1,3188933,3188510,423
243918741,19.6155,13.0521,445,46634,0.0376991,0.07,1,3188957,3188512,445
243921661,22.8462,19.6209,446,46679,0.0450796,0.05,1,3188982,3188536,446
243924581,22.9385,21.6483,446,46724,0.0720319,0.05,1,3189005,3188559,446
243927501,23.5754,21.8593,448,46769,0.0948127,0.07,1,3189029,3188581,448
243950861,38.1432,37.9524,461,47129,0.0585718,0.03,1,3189298,3188837,461
243953781,32.0573,37.9809,451,47174,0.0894287,0.05,1,3189326,3188875,451
243965461,23.5679,19.6155,448,47354,0.0830734,0.05,1,3189405,3188957,448
243968381,10.6271,22.8462,425,47399,0.0752293,0.09,1,3189407,3188982,425
243971301,18.6509,22.9385,426,47443,0.0720917,0.11,1,3189431,3189005,426
243974221,22.4603,23.5754,427,47487,0.0588367,0.15,1,3189456,3189029,427
244000501,33.2136,32.0573,427,47883,0.252677,0.11,1,3189753,3189326,427
244003421,30.0854,29.6229,427,47927,0.287071,0.11,1,3189781,3189354,427
244006341,13.2342,13.0492,427,47971,0.276828,0.15,1,3189783,3189356,427
244009261,18.4937,18.4197,427,48015,0.296731,0.05,1,3189805,3189378,427
244041381,34.7322,35.085,428,48498,0.295349,0.23,1,3190111,3189683,428
244079341,22.9532,36.0691,450,49057,0.435405,0.35,1,3190454,3190004,450
244158181,20.4291,10.4459,474,50203,0.789413,0.57,2,3191179,3190705,474
244181541,32.3586,32.4627,456,50539,0.937743,0.71,2,3191410,3190954,456
244184461,35.1435,34.5851,457,50581,0.933097,0.69,2,3191447,3190990,457
244187381,41.6574,42.034,456,50623,0.931239,0.69,2,3191493,3191037,456
244190301,35.263,34.8136,457,50665,0.942496,0.71,2,3191524,3191067,457
244383021,340,356.129,498,24820,0.442,1,1,3193782,3193284,498
244403461,193,216.852,469,24820,0.2188,0.43,1,3193877,3193408,469
244438501,89.2,90.6162,458,24905,0.093808,0.13,1,3194069,3193611,458
244441421,75.28,83.0465,446,24990,0.0795232,0.11,1,3194135,3193689,446
244444341,45.712,54.8186,436,25075,0.0738093,0.07,1,3194161,3193725,436
244447261,34.4848,36.9274,438,25160,0.0715237,0.07,1,3194188,3193750,438
244450181,48.5939,33.971,464,25244,0.0586095,0,1,3194246,3193782,464
244453101,51.2376,56.1884,446,25328,0.0534438,0.03,1,3194299,3193853,446
244456021,67.295,65.0754,453,25412,0.0633775,0.07,1,3194377,3193924,453
244458941,51.518,52.4301,450,25495,0.079351,0.07,1,3194418,3193968,450
244461861,65.0072,61.1721,457,25578,0.0977404,0.07,1,3194492,3194035,457
244491061,42.5178,66.1913,452,26396,0.211847,0.11,1,3195011,3194559,452
244493981,34.4071,42.0765,455,26476,0.222739,0.15,1,3195040,3194585,455
244496901,46.1628,33.0306,482,26556,0.227096,0.13,1,3195094,3194612,482
244499821,50.8651,46.8122,480,26636,0.276838,0.11,1,3195148,3194668,480
244514421,53.1231,67.2944,432,27032,0.410384,0.23,1,3195417,3194985,432
244566981,56.3719,54.5597,452,28409,0.772505,0.61,2,3196312,3195860,452
244581581,73.1523,52.2019,539,28780,0.773155,0.71,2,3196569,3196030,539
244590341,28.6817,68.0209,458,29000,0.912282,0.75,2,3196693,3196235,458
244768461,48.533,41.3596,495,33158,0.927472,1,2,3199631,3199136,495
244774301,39.8053,39.1375,487,33286,0.775996,1,2,3199712,3199225,487
244791821,42.8268,42.8285,480,33665,0.408439,0.99,1,3199940,3199460,480
244797661,48.4923,52.3326,470,33791,0.28015,0.91,1,3200055,3199585,470
244800581,44.5969,48.533,466,33854,0.27406,0.79,1,3200097,3199631,466
244803501,39.4388,47.0132,456,33916,0.223624,0.73,1,3200133,3199677,456
244806421,36.7755,39.8053,456,33978,0.20345,0.69,1,3200168,3199712,456
244818101,27.7159,31.4174,446,34226,0.239496,0.57,1,3200290,3199844,446
244821021,43.4863,12.567,500,34288,0.209799,0.43,1,3200344,3199844,500
244823941,37.7945,38.0268,479,34350,0.209919,0.35,1,3200378,3199899,479
244826861,57.1178,39.8107,508,34412,0.209968,0.27,1,3200448,3199940,508
244829781,46.8471,61.5243,472,34473,0.221987,0.25,1,3200488,3200016,472
244832701,42.7388,48.0097,473,34534,0.262795,0.27,1,3200528,3200055,473
244844381,36.4557,39.2978,464,34778,0.408728,0.21,1,3200673,3200209,464
244847301,23.5823,36.7191,444,34839,0.445491,0.19,1,3200688,3200244,444
244920301,45.8047,45.4984,454,36325,0.765669,0.63,2,3201675,3201221,454
244923221,37.5219,37.9993,453,36383,0.756268,0.63,2,3201707,3201254,453
244926141,16.2087,16.3997,453,36441,0.776507,0.69,2,3201709,3201256,453
244929061,50.8835,49.1599,456,36499,0.772603,0.67,2,3201783,3201327,456
244952421,31.7096,32.0117,458,36960,0.915509,0.79,2,3202078,3201620,458
244955341,46.2839,45.8047,459,37017,0.912204,0.75,2,3202134,3201675,459
244958261,38.3135,37.5219,460,37074,0.922881,0.79,2,3202167,3201707,460
244961181,16.5254,16.2087,460,37131,0.927153,0.77,2,3202169,3201709,460
245075061,46.4547,44.2534,494,39289,0.9316,1,2,3203723,3203229,494
245080901,34.7927,34.3205,499,39397,0.903856,1,2,3203789,3203290,499
245086741,35.6868,39.5713,487,39505,0.793817,1,2,3203853,3203366,487
245095501,41.596,32.4606,503,39664,0.441764,1,1,3203976,3203473,503
245107181,35.3849,39.0918,481,39876,0.252413,0.94,1,3204116,3203635,481
245115941,36.0566,38.9819,471,40035,0.0874344,0.87,1,3204228,3203757,471
245118861,31.2227,34.7927,467,40088,0.0649738,0.87,1,3204256,3203789,467
245121781,26.2891,13.9171,490,40141,0.0439895,0.83,1,3204279,3203789,490
245124701,29.1156,19.3668,498,40194,0.0235958,0.75,1,3204310,3203812,498
245127621,28.4462,32.3467,485,40247,0.0394383,0.71,1,3204338,3203853,485
245130541,34.7785,32.1387,492,40299,0.0337753,0.47,1,3204377,3203885,492
245133461,38.5114,43.4555,482,40351,0.0555101,0.35,1,3204418,3203936,482
245139301,31.9618,34.5529,470,40455,0.0988816,0.35,1,3204476,3204006,470
245150981,44.0182,30.3518,480,40663,0.210323,0.07,1,3204623,3204143,480
245156821,29.3629,36.0563,449,40767,0.253252,0.05,1,3204677,3204228,449
245159741,26.1452,31.2225,445,40819,0.227301,0.03,1,3204701,3204256,445
245162661,29.0581,26.289,453,40871,0.20492,0.01,1,3204732,3204279,453
245165581,30.2232,29.1156,453,40923,0.231968,0.05,1,3204763,3204310,453
245168501,34.8893,28.4462,463,40975,0.254787,0.03,1,3204801,3204338,463
245171421,39.7557,34.7785,467,41027,0.251915,0.07,1,3204844,3204377,467
245174341,32.1023,38.5114,453,41078,0.262766,0.15,1,3204871,3204418,453
245177261,32.0409,30.4046,460,41129,0.291106,0.09,1,3204903,3204443,460
245221061,37.5725,36.8164,438,41893,0.438035,0.31,1,3205381,3204943,438
245223981,36.029,34.5265,440,41943,0.445214,0.37,1,3205416,3204976,440
245226901,26.4116,25.8106,440,41993,0.448086,0.35,1,3205436,3204996,440
245229821,45.9646,45.7242,440,42043,0.449234,0.41,1,3205495,3205055,440
245232741,35.7859,35.6897,440,42093,0.437694,0.37,1,3205524,3205084,440
245235661,29.9143,29.8759,440,42143,0.421077,0.35,1,3205550,3205110,440
245238581,23.9657,24.5504,439,42193,0.438431,0.37,1,3205570,3205131,439
245294061,41.2705,34.5337,492,43133,0.750869,0.61,2,3206172,3205680,492
245302821,38.6413,32.4022,494,43280,0.762536,0.69,2,3206277,3205783,494
245305741,36.4565,37.5609,488,43329,0.791014,0.67,2,3206312,3205824,488
245323261,30.9663,24.1035,490,43621,0.908725,0.73,2,3206502,3206012,490
245326181,13.5865,29.4414,459,43669,0.92149,0.73,2,3206504,3206045,459
245527661,36.9352,35.798,517,46883,0.944925,1,2,3208777,3208260,517
245533501,34.5896,31.7677,522,46973,0.773988,1,2,3208847,3208325,522
245542261,34.8297,29.9691,528,47108,0.421775,1,1,3208946,3208418,528
245551021,33.5251,33.862,519,47243,0.271554,1,1,3209041,3208522,519
245559781,24.9936,32.3592,504,47378,0.0761794,0.93,1,3209114,3208610,504
245562701,11.1974,27.3437,482,47422,0.0484718,1,1,3209116,3208634,482
245565621,20.679,30.7375,476,47466,0.0253887,1,1,3209143,3208667,476
245568541,28.6716,35.095,472,47510,0.0521555,1,1,3209177,3208705,472
245571461,30.0686,33.838,470,47554,0.0628622,0.91,1,3209208,3208738,470
245574381,32.4275,36.9352,465,47598,0.0551449,0.87,1,3209242,3208777,465
245577301,30.971,36.9741,458,47642,0.0400579,0.69,1,3209272,3208814,458
245580221,29.1884,34.5896,453,47686,0.0220232,0.59,1,3209300,3208847,453
245583141,26.6754,32.4359,447,47730,0.0508093,0.49,1,3209325,3208878,447
245606501,21.559,24.9936,422,48082,0.0593847,0.03,1,3209536,3209114,422
245609421,9.82358,11.1974,422,48126,0.0417539,0.01,1,3209538,3209116,422
245612341,20.1294,20.679,422,48170,0.0467016,0.07,1,3209565,3209143,422
245615261,29.6518,28.6716,424,48214,0.0606806,0.07,1,3209601,3209177,424
245618181,29.2607,30.0686,422,48258,0.0902723,0.05,1,3209630,3209208,422
245629861,27.0771,26.6754,424,48434,0.082615,0.15,1,3209749,3209325,424
245673661,29.6172,30.1725,453,49080,0.229823,0.09,1,3210147,3209694,453
245676581,28.0469,30.069,450,49123,0.229929,0.07,1,3210174,3209724,450
245679501,31.0187,27.0276,458,49166,0.241972,0.17,1,3210207,3209749,458
245682421,29.2075,29.411,455,49209,0.270789,0.15,1,3210235,3209780,455
245685341,27.283,29.1644,452,49252,0.282315,0.15,1,3210261,3209809,452
245688261,30.1132,27.2658,458,49295,0.286926,0.15,1,3210293,3209835,458
245691181,32.4453,30.1063,460,49338,0.28877,0.15,1,3210327,3209867,460
245711621,32.7095,29.2954,464,49638,0.414048,0.17,1,3210487,3210023,464
245714541,34.0838,31.5182,466,49680,0.435619,0.19,1,3210522,3210056,466
245717461,29.2335,33.6073,457,49722,0.432248,0.21,1,3210548,3210091,457
245720381,30.8934,29.0429,463,49764,0.442899,0.25,1,3210580,3210117,463
245819661,31.511,30.05,455,51182,0.75579,0.67,2,3211479,3211024,455
245834261,31.0696,30.4037,455,51387,0.91756,0.73,2,3211629,3211174,455
245837181,35.2278,34.3615,456,51428,0.925024,0.69,2,3211667,3211211,456
245840101,29.0911,28.1446,457,51469,0.94001,0.71,2,3211692,3211235,457
245843021,20.0365,19.6578,457,51510,0.922004,0.71,2,3211706,3211249,457
245845941,21.2146,21.0631,457,51551,0.938802,0.71,2,3211728,3211271,457
245848861,9.68583,9.62525,457,51592,0.921521,0.73,2,3211730,3211273,457
245857621,32.2039,32.584,456,51715,0.942897,0.69,2,3211831,3211375,456
245860541,14.0816,14.2336,456,51756,0.935159,0.69,2,3211833,3211377,456
246064941,348.353,343.435,509,24820,0.418,0.94,1,3214261,3213752,509
246116041,53.6626,46.2199,488,25633,0.059632,0.89,1,3214401,3213913,488
246118961,76.065,53.2879,521,25716,0.0418528,0.67,1,3214492,3213971,521
246121881,65.226,81.9152,478,25798,0.0347411,0.49,1,3214550,3214072,478
246124801,66.8904,66.3661,490,25880,0.0318964,0.19,1,3214618,3214128,490
246127721,39.9562,72.1464,436,25962,0.0547586,0.07,1,3214640,3214204,436
246130641,33.9825,43.8586,441,26044,0.0279034,0.03,1,3214670,3214229,441
246133561,32.193,36.7434,440,26125,0.0171614,0.05,1,3214701,3214261,440
246136481,52.4772,47.6974,451,26206,0.00686455,0.05,1,3214767,3214316,451
246139401,54.5909,53.879,449,26287,0.0207458,0.03,1,3214823,3214374,449
246142321,76.4364,37.7516,513,26368,0.0262983,0.03,1,3214914,3214401,513
246145241,65.3745,69.7006,480,26448,0.0405193,0.03,1,3214972,3214492,480
246148161,66.9498,62.6803,490,26528,0.0582077,0.03,1,3215040,3214550,490
246151081,39.9799,65.8721,444,26608,0.0892831,0.07,1,3215062,3214618,444
246154001,33.992,39.5488,452,26688,0.0777132,0.01,1,3215092,3214640,452
246156921,32.1968,33.8195,453,26767,0.0730853,0.01,1,3215123,3214670,453
246159841,52.4787,32.1278,488,26846,0.0832341,0,1,3215189,3214701,488
246162761,22.1915,52.4511,424,26925,0.0632936,0.03,1,3215191,3214767,424
246165681,41.8766,54.5805,423,27004,0.0673175,0.03,1,3215246,3214823,423
246168601,72.5506,76.4322,425,27082,0.032927,0.05,1,3215339,3214914,425
246171521,63.8203,65.3729,425,27160,0.0311708,0.07,1,3215397,3214972,425
246189041,21.6214,22.1915,424,27625,0.216713,0.07,1,3215615,3215191,424
246191961,41.0486,41.8766,423,27702,0.200685,0.01,1,3215669,3215246,423
246224081,63.9816,61.7678,488,28531,0.276265,0.15,1,3216249,3215761,488
246227001,67.5926,60.1071,499,28605,0.284506,0.13,1,3216319,3215820,499
246229921,40.2371,68.4428,447,28679,0.299802,0.13,1,3216341,3215894,447
246247441,73.1315,41.3787,522,29119,0.404852,0.23,1,3216622,3216100,522
246250361,66.4526,69.9515,495,29192,0.419941,0.33,1,3216684,3216189,495
246294161,56.4169,56.0149,451,30261,0.779579,0.55,2,3217361,3216910,451
246311681,55.26,55.5972,455,30678,0.925333,0.73,2,3217657,3217202,455
246323361,59.3267,56.4169,462,30954,0.941977,0.83,2,3217823,3217361,462
246326281,24.9307,23.7668,462,31022,0.934791,0.85,2,3217825,3217363,462
246329201,46.5723,44.9067,464,31090,0.919916,0.91,2,3217886,3217422,464
246332121,76.8289,75.5627,465,31158,0.949966,0.89,2,3217983,3217518,465
246428481,47.5724,43.6761,497,33326,0.9424,1,2,3219507,3219010,497
246440161,30.9875,30.1293,495,33578,0.921965,1,2,3219644,3219149,495
246454761,69.8981,73.0775,489,33893,0.42778,0.96,1,3219893,3219404,489
246457681,66.9592,72.431,482,33955,0.297112,0.92,1,3219958,3219476,482
246460601,42.9837,47.5724,478,34017,0.220845,1,1,3219985,3219507,478
246475201,29.6107,12.395,493,34327,0.0520567,0.77,1,3220137,3219644,493
246478121,38.2443,25.958,502,34389,0.0508227,0.63,1,3220181,3219679,502
246481041,37.4977,39.1832,491,34450,0.0743291,0.57,1,3220218,3219727,491
246501481,28.5194,32.9125,451,34877,0.21362,0.11,1,3220504,3220053,451
246504401,26.4078,30.565,447,34938,0.211448,0.11,1,3220529,3220082,447
246513161,40.3301,38.2442,464,35119,0.213453,0.09,1,3220645,3220181,464
246516081,35.332,37.4977,459,35179,0.235381,0.15,1,3220677,3220218,459
246519001,63.3328,33.5991,510,35239,0.244152,0.15,1,3220759,3220249,510
246521921,58.9331,62.0396,485,35299,0.247661,0.15,1,3220815,3220330,485
246524841,39.7733,58.4159,456,35359,0.261064,0.21,1,3220842,3220386,456
246527761,38.7093,38.3663,469,35419,0.290426,0.19,1,3220880,3220411,469
246542361,12.6978,28.5631,433,35716,0.404398,0.19,1,3220992,3220559,433
246548201,38.5117,40.3301,433,35834,0.440304,0.25,1,3221078,3220645,433
246592001,59.5684,58.9127,447,36709,0.759276,0.51,2,3221696,3221249,447
246594921,40.6273,40.3651,447,36767,0.76571,0.61,2,3221724,3221277,447
246603681,30.2241,29.3194,451,36938,0.758685,0.57,2,3221825,3221374,451
246606601,27.6897,27.9277,450,36995,0.789474,0.63,2,3221851,3221401,450
246609521,32.6759,30.3711,454,37052,0.78979,0.63,2,3221887,3221433,454
246612441,14.2703,13.3484,454,37109,0.789916,0.67,2,3221889,3221435,454
246635801,35.185,42.5744,486,37563,0.917393,0.69,2,3222254,3221768,486
246638721,31.474,35.0298,485,37619,0.912957,0.79,2,3222283,3221798,485
246644561,33.1158,27.6848,495,37731,0.917673,0.79,2,3222346,3221851,495
246647481,14.4463,32.6739,461,37787,0.925069,0.79,2,3222348,3221887,461
246650401,33.3785,14.2696,505,37843,0.928028,0.85,2,3222394,3221889,505
246653321,39.1514,32.1078,504,37899,0.917211,0.81,2,3222437,3221933,504
246656241,39.6606,38.6431,501,37955,0.912884,0.81,2,3222477,3221976,501
246767201,35.6856,40.1865,481,40014,0.946,1,2,3223906,3223425,481
246770121,26.8742,28.0746,482,40067,0.9304,1,2,3223927,3223445,482
246784721,36.8579,42.6091,510,40330,0.402273,1,1,3224159,3223649,510
246787641,32.1432,35.0436,509,40382,0.286909,1,1,3224188,3223679,509
246790561,30.2573,29.6175,512,40434,0.240764,1,1,3224217,3223705,512
246799321,22.2645,29.2075,494,40590,0.0718089,1,1,3224296,3223802,494
246802241,36.5058,27.283,514,40642,0.0827236,1,1,3224342,3223828,514
246805161,33.8023,36.7132,503,40694,0.0390894,0.91,1,3224374,3223871,503
246808081,24.3209,35.6853,486,40746,0.0336358,0.92,1,3224392,3223906,486
246811001,36.7284,26.8741,510,40798,0.0554543,0.81,1,3224437,3223927,510
246813921,53.6913,41.9496,523,40850,0.0641817,0.61,1,3224502,3223979,523
246816841,32.2765,58.7799,471,40902,0.0316727,0.53,1,3224520,3224049,471
246819761,43.5106,39.1119,496,40954,0.0666691,0.45,1,3224571,3224075,496
246822681,31.2042,48.6448,464,41006,0.0806676,0.33,1,3224594,3224130,464
246825601,26.2817,36.8579,458,41057,0.0862671,0.21,1,3224617,3224159,458
246834361,25.994,34.9029,445,41210,0.0724811,0.09,1,3224700,3224255,445
246837281,21.7976,27.1612,442,41261,0.0589924,0.05,1,3224719,3224277,442
246840201,35.719,22.2645,468,41312,0.089597,0.09,1,3224764,3224296,468
246843121,32.8876,36.5058,453,41363,0.0898388,0.01,1,3224795,3224342,453
246846041,23.955,33.8023,439,41414,0.0539355,0.03,1,3224813,3224374,439
246848961,37.182,24.3209,467,41465,0.0515742,0.07,1,3224859,3224392,467
246851881,53.8728,36.7284,487,41516,0.0746297,0.07,1,3224924,3224437,487
246854801,22.7491,53.6913,424,41567,0.0838519,0.01,1,3224926,3224502,424
246857721,19.2996,32.2765,423,41618,0.0755408,0.09,1,3224943,3224520,423
246860641,40.1199,43.5106,426,41669,0.0722163,0.09,1,3224997,3224571,426
246863561,30.4479,31.2042,427,41720,0.0708865,0.09,1,3225021,3224594,427
246866481,26.5792,26.2817,428,41771,0.0943546,0.11,1,3225045,3224617,428
246889841,37.6682,37.182,424,42172,0.0574003,0.09,1,3225283,3224859,424
246892761,55.2673,53.8728,426,42222,0.0769601,0.09,1,3225350,3224924,426
246895681,23.3069,22.7491,426,42272,0.0847841,0.07,1,3225352,3224926,426
246898601,17.7228,19.2996,423,42322,0.0639136,0.07,1,3225366,3224943,423
246901521,39.4891,40.1199,423,42372,0.0915654,0.07,1,3225420,3224997,423
246919041,24.179,23.9124,428,42672,0.202081,0.11,1,3225574,3225146,428
246921961,36.0716,36.565,427,42721,0.242832,0.13,1,3225618,3225191,427
246924881,31.8286,31.426,428,42770,0.223133,0.13,1,3225647,3225219,428
246927801,21.1315,22.1704,426,42819,0.215253,0.01,1,3225661,3225235,426
246930721,34.8526,37.6682,422,42868,0.224101,0.09,1,3225705,3225283,422
246933641,55.341,55.2673,424,42917,0.215641,0.09,1,3225774,3225350,424
246936561,23.3364,23.3069,424,42966,0.212256,0.05,1,3225776,3225352,424
246939481,17.7346,17.7228,424,43015,0.234902,0.05,1,3225790,3225366,424
246942401,40.6938,7.0891,480,43064,0.255961,0.11,1,3225846,3225366,480
246945321,32.4775,35.2356,453,43113,0.252384,0.15,1,3225873,3225420,453
246948241,29.791,29.0943,456,43162,0.250954,0.15,1,3225901,3225445,456
246951161,26.3164,28.4377,452,43211,0.262382,0.15,1,3225925,3225473,452
246986201,32.4623,40.6938,460,43793,0.405223,0.25,1,3226306,3225846,460
246989121,29.7849,32.4775,461,43841,0.432089,0.25,1,3226334,3225873,461
247059201,58.3992,56.5499,449,44981,0.757169,0.55,2,3227093,3226644,449
247062121,24.5597,23.8199,449,45028,0.776868,0.53,2,3227095,3226646,449
247065041,20.6239,19.728,450,45075,0.760747,0.61,2,3227113,3226663,450
247067961,44.2495,42.6912,452,45122,0.766299,0.61,2,3227173,3226721,452
247070881,33.2998,32.6765,452,45169,0.780519,0.61,2,3227199,3226747,452
247094241,34.431,32.7377,456,45541,0.909002,0.73,2,3227417,3226961,456
247097161,22.1724,21.4951,456,45587,0.933601,0.71,2,3227431,3226975,456
247364341,72.085,71.3231,528,23035,0.926704,0.73,2,3231068,3230540,528
247367261,48.034,70.5292,490,23127,0.940681,0.75,2,3231100,3230610,490
247370181,33.6136,47.4117,482,23219,0.946273,0.85,2,3231124,3230642,482
247373101,53.0454,31.5647,527,23310,0.948509,0.83,2,3231190,3230663,527
247451941,72.844,71.978,538,25653,0.934,1,2,3232898,3232360,538
247475301,69.9605,77.1,538,26307,0.238821,0.89,1,3233366,3232828,538
247498661,28.7342,75.9014,434,26945,0.205991,0.15,1,3233734,3233300,434
247501581,46.8937,69.9605,427,27024,0.208396,0.05,1,3233793,3233366,427
247504501,63.7575,72.9842,427,27102,0.245359,0.11,1,3233868,3233441,427
247507421,45.903,48.9937,428,27180,0.272143,0.17,1,3233902,3233474,428
247510341,38.7612,38.1975,431,27258,0.282857,0.19,1,3233936,3233505,431
247533701,46.6238,45.903,436,27873,0.406627,0.29,1,3234338,3233902,436
247536621,38.4495,38.7612,435,27949,0.432651,0.33,1,3234371,3233936,435
247586261,47.2883,65.4538,487,29211,0.755715,0.61,2,3235229,3234742,487
247597941,50.8618,44.314,511,29499,0.921218,0.73,2,3235421,3234910,511
247697221,61.6403,45.6367,546,31848,0.946,1,2,3237072,3236526,546
247705981,33.105,34.7927,520,32046,0.923344,1,2,3237165,3236645,520
247711821,39.6168,51.5268,509,32178,0.787335,1,2,3237245,3236736,509
247726421,59.6742,40.1008,550,32505,0.222478,0.91,1,3237546,3236996,550
247735181,31.0831,36.2624,498,32700,0.0783186,0.89,1,3237632,3237134,498
247738101,30.4333,33.105,497,32765,0.0613274,0.79,1,3237662,3237165,497
247741021,13.3733,36.042,461,32830,0.042531,0.75,1,3237664,3237203,461
247743941,30.5493,39.6168,461,32894,0.0950124,0.55,1,3237706,3237245,461
247746861,49.4197,59.6467,450,32958,0.068005,0.37,1,3237768,3237318,450
247749781,70.1679,82.6587,436,33022,0.093202,0.31,1,3237852,3237416,436
247770221,29.0857,30.4333,422,33468,0.0917985,0.03,1,3238084,3237662,422
247776061,32.1337,30.5493,425,33594,0.0830878,0.05,1,3238131,3237706,425
247778981,49.4535,49.4197,424,33657,0.0872351,0.11,1,3238192,3237768,424
247790661,58.9524,57.0987,428,33908,0.223753,0.13,1,3238405,3237977,428
247793581,34.381,34.8395,426,33970,0.251501,0.11,1,3238423,3237997,426
247796501,32.9524,32.5358,427,34032,0.262601,0.13,1,3238455,3238028,427
247799421,29.981,29.2143,428,34094,0.27904,0.07,1,3238483,3238055,428
247802341,27.5924,29.0857,425,34156,0.285616,0.11,1,3238509,3238084,425
247805261,12.237,12.8343,425,34218,0.288246,0.11,1,3238511,3238086,425
247808181,30.0948,5.13372,467,34280,0.289299,0.07,1,3238553,3238086,467
247825701,35.7965,58.9209,452,34648,0.402901,0.27,1,3238857,3238405,452
247828621,33.5186,34.3683,466,34709,0.40716,0.27,1,3238889,3238423,466
247843221,51.6591,30.0947,501,35013,0.402176,0.31,1,3239054,3238553,501
247851981,33.6422,44.0701,465,35193,0.400859,0.37,1,3239196,3238731,465
247889941,65.6414,63.8569,446,35966,0.756295,0.49,2,3239726,3239280,446
247892861,37.0566,36.3427,446,36025,0.764518,0.53,2,3239744,3239298,446
247895781,35.8226,33.7371,449,36084,0.767807,0.55,2,3239779,3239330,449
247898701,31.1291,30.2948,449,36143,0.793123,0.55,2,3239807,3239358,449
247901621,28.0516,27.7179,449,36201,0.779249,0.55,2,3239833,3239384,449
247904541,12.4206,12.2872,449,36259,0.7977,0.57,2,3239835,3239386,449
247919141,43.0325,41.2589,456,36549,0.910981,0.69,2,3240068,3239612,456
247922061,32.813,32.1036,456,36607,0.922392,0.81,2,3240094,3239638,456
247924981,68.3252,65.6414,460,36665,0.926957,0.77,2,3240186,3239726,460
247927901,38.1301,37.0566,460,36723,0.940783,0.77,2,3240204,3239744,460
248106021,39.8964,28.5123,509,40080,0.938072,1,2,3242540,3242031,509
248117701,34.3477,39.0339,505,40291,0.770079,1,2,3242671,3242166,505
248138141,42.8502,55.6299,509,40655,0.298874,0.98,1,3242936,3242427,509
248141061,36.9401,43.8519,506,40707,0.25755,0.95,1,3242969,3242463,506
248143981,37.576,39.7408,507,40759,0.20502,0.92,1,3243007,3242500,507
248176101,42.9339,53.1256,470,41325,0.23955,0.27,1,3243370,3242900,470
248179021,35.1736,42.8502,464,41376,0.26982,0.23,1,3243400,3242936,464
248181941,35.6694,36.9401,467,41427,0.293928,0.17,1,3243436,3242969,467
248193621,18.6683,24.7249,429,41631,0.402517,0.11,1,3243517,3243088,429
248196541,27.2673,30.2899,428,41682,0.407007,0.17,1,3243550,3243122,428
248199461,33.7069,33.716,430,41733,0.420803,0.15,1,3243588,3243158,430
248202381,29.6828,28.4864,432,41784,0.414321,0.13,1,3243615,3243183,432
248275381,19.8663,19.0266,450,43027,0.773732,0.57,2,3244408,3243958,450
248278301,27.1465,7.61062,482,43076,0.795493,0.63,2,3244440,3243958,482
248295821,50.852,32.286,516,43370,0.911831,0.69,2,3244663,3244147,516
248298741,43.7408,50.1144,493,43419,0.934732,0.73,2,3244702,3244209,493
248316261,21.7298,13.6656,485,43709,0.93849,0.79,2,3244869,3244384,485
248319181,28.4919,19.8662,494,43757,0.933396,0.81,2,3244902,3244408,494
248322101,35.9968,27.1465,503,43805,0.931359,0.85,2,3244943,3244440,503
248325021,31.7987,34.8586,492,43853,0.918543,0.89,2,3244972,3244480,492
248327941,27.1195,31.3434,487,43901,0.913417,0.85,2,3244996,3244509,487
248333781,33.7391,30.575,500,43997,0.917747,0.89,2,3245066,3244566,500
248336701,53.0956,32.63,532,44045,0.937099,0.93,2,3245132,3244600,532
248339621,44.0383,50.852,507,44093,0.944839,0.95,2,3245170,3244663,507
248508981,30.7685,25.4341,513,46786,0.94597,1,2,3246985,3246472,513
248735281,323.005,370.589,461,21900,0.43,0.67,1,3249383,3248922,461
248741121,107.841,124.694,457,22817,0.094,0.03,1,3249521,3249064,457
248744041,83.9363,91.8777,455,22910,0.0376,0.03,1,3249589,3249134,455
248746961,74.3745,77.5511,455,23003,0.08104,0.03,1,3249657,3249202,455
248749881,63.3498,66.4204,452,23095,0.050416,0.03,1,3249713,3249261,452
248752801,51.7399,70.3682,423,23187,0.0261664,0.07,1,3249757,3249334,423
248755721,42.296,36.5473,445,23278,0.0404666,0.05,1,3249793,3249348,445
248758641,67.9184,35.6189,495,23369,0.0461866,0.03,1,3249878,3249383,495
248761561,66.1674,58.6476,486,23460,0.0484746,0.03,1,3249943,3249457,486
248764481,66.6669,61.859,489,23550,0.0253899,0,1,3250010,3249521,489
248767401,71.0668,65.5436,495,23640,0.0401559,0.11,1,3250084,3249589,495
248770321,58.4267,67.0174,477,23730,0.0700624,0.03,1,3250134,3249657,477
248773241,49.7707,60.407,465,23819,0.034025,0.01,1,3250178,3249713,465
248776161,42.7083,50.5628,459,23908,0.03161,0.05,1,3250216,3249757,459
248779081,18.2833,41.8251,425,23997,0.030644,0.05,1,3250218,3249793,425
248782001,58.9133,67.73,426,24085,0.0182576,0.05,1,3250304,3249878,426
248784921,62.5653,66.092,426,24173,0.013303,0.01,1,3250369,3249943,426
248787841,64.0261,66.6368,424,24261,0.0233212,0.05,1,3250434,3250010,424
248790761,71.8105,71.0547,427,24348,0.0273285,0.09,1,3250511,3250084,427
248793681,58.1242,58.4219,426,24435,0.0889314,0.01,1,3250560,3250134,426
248799521,41.9399,42.7075,423,24608,0.082629,0.03,1,3250639,3250216,423
248802441,17.9759,18.283,423,24694,0.0750516,0.01,1,3250641,3250218,423
248805361,58.7904,58.9132,423,24780,0.0600206,0.01,1,3250727,3250304,423
248808281,61.9162,62.5653,422,24866,0.0420083,0.03,1,3250791,3250369,422
248811201,64.3665,64.0261,423,24951,0.0228033,0.03,1,3250857,3250434,423
248814121,71.9466,71.8104,423,25036,0.0151213,0.13,1,3250934,3250511,423
248817041,61.1786,58.1242,428,25121,0.0600485,0.11,1,3250988,3250560,428
248819961,47.2715,47.8497,425,25205,0.0660194,0.07,1,3251026,3250601,425
248834561,63.8325,47.8065,487,25623,0.0731848,0.01,1,3251278,3250791,487
248837481,72.333,58.7226,499,25706,0.0592739,0.01,1,3251356,3250857,499
248840401,61.9332,69.689,477,25788,0.0537096,0.09,1,3251411,3250934,477
248843321,48.7733,60.2756,463,25870,0.0274838,0.07,1,3251451,3250988,463
248846241,43.5093,46.9102,465,25952,0.0289935,0.13,1,3251491,3251026,465
248849161,18.6037,41.5641,429,26034,0.0295974,0.13,1,3251493,3251064,429
248852081,57.2415,17.8256,510,26115,0.077839,0.17,1,3251576,3251066,510
248860841,72.0395,63.8288,501,26358,0.0949817,0.05,1,3251779,3251278,501
248863761,61.8158,72.3315,478,26438,0.0799927,0.05,1,3251834,3251356,478
248866681,48.1263,61.9326,462,26518,0.0979971,0.01,1,3251873,3251411,462
248869601,43.2505,48.773,462,26598,0.0931988,0.03,1,3251913,3251451,462
248872521,18.5002,43.5092,424,26678,0.0912795,0.03,1,3251915,3251491,424
248884201,24.9824,61.5986,425,26994,0.204273,0.09,1,3252125,3251700,425
248895881,41.9915,43.2505,426,27306,0.213021,0.09,1,3252339,3251913,426
248901721,62.9987,59.6001,432,27461,0.265683,0.19,1,3252434,3252002,432
248930921,64.2957,62.9995,437,28222,0.434041,0.37,1,3252934,3252497,437
248933841,61.1183,59.9998,438,28297,0.443616,0.37,1,3252993,3252555,438
248936761,25.6473,25.1999,438,28372,0.447447,0.37,1,3252995,3252557,438
248983481,66.0347,66.3508,514,29543,0.750518,0.55,2,3253824,3253310,514
248986401,63.6139,66.1403,510,29615,0.786207,0.59,2,3253886,3253376,510
249003921,39.1625,44.4175,454,30041,0.911586,0.65,2,3254111,3253657,454
249006841,16.865,18.967,454,30111,0.922634,0.77,2,3254113,3253659,454
249126561,32.5381,29.5245,511,32868,0.946,1,2,3256063,3255552,511
249129481,52.0152,66.4098,485,32932,0.9304,1,2,3256128,3255643,485
249152841,32.0373,33.1129,483,33442,0.420082,1,1,3256482,3255999,483
249158681,32.726,32.5381,483,33568,0.440413,0.92,1,3256546,3256063,483
249167441,51.1745,57.0424,454,33757,0.434026,0.59,1,3256701,3256247,454
249176201,44.0992,46.0827,447,33945,0.428818,0.55,1,3256842,3256395,447
249231681,51.4401,44.9266,507,35110,0.756146,0.67,2,3257595,3257088,507
249234601,47.576,50.9706,497,35170,0.776458,0.61,2,3257640,3257143,497
249257961,49.7746,34.6267,516,35648,0.91545,0.73,2,3257953,3257437,516
249260881,21.1098,49.2507,459,35707,0.92418,0.75,2,3257955,3257496,459
249263801,34.8439,46.1003,459,35766,0.939672,0.77,2,3257999,3257540,459
249567481,38.6858,35.1505,530,41458,0.90424,1,2,3262009,3261479,530
249663841,32.9508,25.1842,484,43106,0.789876,0.69,2,3263069,3262585,484
249693041,37.1319,36.7276,491,43595,0.903322,0.71,2,3263414,3262923,491
249695961,24.4527,36.891,470,43643,0.919329,0.67,2,3263430,3262960,470
249698881,24.1811,24.3564,478,43691,0.937732,0.71,2,3263454,3262976,478
249701801,34.8724,22.9426,498,43739,0.933093,0.75,2,3263496,3262998,498
249704721,35.549,31.377,497,43787,0.931237,0.83,2,3263532,3263035,497
249944161,67.3114,79.9024,507,22813,0.752065,0.61,2,3266760,3266253,507
249947081,59.3246,65.561,505,22906,0.798826,0.67,2,3266814,3266309,505
249950001,80.1298,56.8244,548,22999,0.79353,0.65,2,3266908,3266360,548
250049281,85.8465,38.6821,593,25948,0.424177,1,1,3268984,3268391,593
250072641,79.6057,39.1159,556,26594,0.406615,0.31,1,3269423,3268867,556
250075561,51.6423,85.8464,472,26674,0.444646,0.35,1,3269456,3268984,472
250078481,51.8569,55.3386,489,26753,0.447858,0.37,1,3269508,3269019,489
250128121,54.3016,54.104,451,28068,0.777713,0.61,2,3270355,3269904,451
250131041,52.3206,51.6416,452,28143,0.761085,0.63,2,3270406,3269954,452
250133961,44.3283,44.0566,452,28218,0.790434,0.71,2,3270445,3269993,452
250160241,46.1049,52.2591,500,28886,0.92741,0.81,2,3270906,3270406,500
250242001,52.5807,53.3735,490,30871,0.94,1,2,3272300,3271810,490
250247841,66.6129,65.2998,490,31008,0.9484,1,2,3272424,3271934,490
250262441,30.5909,11.1231,523,31348,0.945472,1,2,3272589,3272066,523
250268281,51.0945,78.4597,513,31482,0.795675,1,2,3272726,3272213,513
250306241,64.8201,41.0551,534,32345,0.782089,0.55,2,3273349,3272815,534
250329601,34.1546,49.8145,457,32864,0.906214,0.75,2,3273644,3273187,457
250332521,43.0618,48.1258,459,32928,0.932486,0.75,2,3273693,3273234,459
250335441,38.8247,39.0503,462,32992,0.942994,0.81,2,3273729,3273267,462
250341281,42.092,40.9281,464,33120,0.940479,0.81,2,3273838,3273374,464
250463921,33.7799,31.8329,521,35704,0.94,1,2,3275625,3275104,521
250469761,42.3648,63.7733,483,35822,0.9424,1,2,3275704,3275221,483
250472681,34.9459,44.1093,482,35881,0.94696,1,2,3275734,3275252,482
250475601,50.5784,45.8437,496,35940,0.948784,1,2,3275795,3275299,496
250490201,50.5915,53.0602,478,36234,0.750116,1,2,3276004,3275526,478
250493121,44.2366,41.6241,484,36292,0.750046,1,2,3276044,3275560,484
250498961,30.9579,33.7799,472,36408,0.757207,1,2,3276097,3275625,472
250501881,28.5831,30.9119,470,36466,0.776883,0.92,2,3276124,3275654,470
250504801,39.0333,42.3648,466,36524,0.796753,0.95,2,3276170,3275704,466
250507721,33.6133,34.9459,466,36582,0.792701,0.95,2,3276200,3275734,466
250522321,61.9388,63.4788,460,36870,0.90133,0.71,2,3276422,3275962,460
250688761,36.672,35.1697,507,40005,0.928931,1,2,3278604,3278097,507
250691681,35.0688,34.4679,507,40058,0.905573,1,2,3278638,3278131,507
250739861,198.996,201.646,479,18366,0.211797,0.45,1,3279291,3278812,479
250754461,35.3123,47.5381,429,18937,0.214454,0.11,1,3279590,3279161,429
250757381,90.9249,97.0153,427,19049,0.211781,0.13,1,3279718,3279291,427
250760301,83.17,84.4061,429,19160,0.234713,0.17,1,3279796,3279367,429
250763221,92.668,92.5624,430,19271,0.279885,0.21,1,3279895,3279465,430
250766141,76.6672,75.425,432,19381,0.285954,0.19,1,3279961,3279529,432
250777821,84.1387,82.2829,511,19815,0.438024,0.25,1,3280229,3279718,511
250804101,57.2482,76.4599,492,20758,0.755237,0.57,2,3280886,3280394,492
250807021,35.4993,56.384,470,20860,0.764095,0.59,2,3280907,3280437,470
250824541,57.7421,57.2482,461,21463,0.911388,0.77,2,3281347,3280886,461
250827461,35.0969,35.4993,460,21562,0.910555,0.73,2,3281367,3280907,460
250830381,96.2387,97.5997,458,21660,0.934222,0.73,2,3281504,3281046,458
250833301,39.6955,40.2399,458,21758,0.943689,0.85,2,3281506,3281048,458
250900461,82.4477,61.1943,564,23898,0.919696,1,2,3283095,3282531,564
250903381,92.3791,86.8777,559,23987,0.781878,1,2,3283194,3282635,559
250906301,59.7516,80.3511,521,24075,0.774751,1,2,3283232,3282711,521
250947181,71.0448,71.0278,454,25279,0.75453,0.69,2,3284009,3283555,454
250958861,23.6779,24.7335,467,25613,0.902564,0.67,2,3284180,3283713,467
250961781,86.2712,18.8934,580,25696,0.943026,0.69,2,3284308,3283728,580
251066901,43.1998,76.4801,501,28512,0.94408,1,2,3286244,3285743,501
251069821,45.4799,49.792,516,28586,0.923632,1,2,3286291,3285775,516
251075661,84.4368,69.5267,566,28734,0.751381,1,2,3286464,3285898,566
251099021,57.9624,45.4797,533,29318,0.751162,0.79,2,3286824,3286291,533
251101941,79.585,62.5919,553,29390,0.762465,0.69,2,3286918,3286365,553
251107781,38.2936,69.1747,473,29534,0.759194,0.61,2,3286996,3286523,473
251110701,32.1174,41.4699,478,29606,0.789678,0.67,2,3287024,3286546,478
251113621,39.247,33.988,493,29677,0.765871,0.65,2,3287068,3286575,493
251116541,54.6988,37.5952,518,29748,0.768348,0.63,2,3287133,3286615,518
251119461,43.4795,54.0381,489,29819,0.793339,0.71,2,3287169,3286680,489
251136981,36.8163,38.2936,458,30242,0.907237,0.81,2,3287454,3286996,458
251139901,32.7265,32.1174,460,30312,0.920895,0.75,2,3287484,3287024,460
251268381,44.4872,45.3346,481,33245,0.9016,1,2,3289529,3289048,481
251271301,38.7949,34.9339,488,33309,0.93064,1,2,3289564,3289076,488
251274221,29.918,36.7735,474,33372,0.930256,1,2,3289588,3289114,474
251277141,37.7672,36.3094,481,33435,0.942102,1,2,3289631,3289150,481
251280061,34.9069,35.5238,479,33498,0.934841,1,2,3289664,3289185,479
251285901,66.9051,69.6438,474,33624,0.916375,1,2,3289810,3289336,474
251288821,47.162,44.6575,480,33687,0.90055,1,2,3289844,3289364,480
251291741,27.2648,32.863,469,33750,0.94222,1,2,3289858,3289389,469
251294661,29.5059,30.5452,471,33813,0.946888,0.99,2,3289889,3289418,471
251391021,28.4254,33.478,491,35819,0.931446,1,2,3291298,3290807,491
251399781,42.8832,41.6466,490,35996,0.756813,1,2,3291428,3290938,490
251426061,27.9368,28.4254,470,36521,0.249992,1,1,3291768,3291298,470
251428981,27.9747,28.7701,469,36579,0.201997,0.83,1,3291796,3291327,469
251434821,37.236,42.8832,455,36695,0.203919,0.63,1,3291883,3291428,455
251437741,32.8944,36.3533,453,36753,0.231568,0.57,1,3291913,3291460,453
251440661,23.9578,28.3413,448,36810,0.266627,0.51,1,3291931,3291483,448
251458181,27.1027,30.842,432,37152,0.415315,0.27,1,3292174,3291742,432
251464021,26.4164,20.5347,456,37266,0.40845,0.17,1,3292224,3291768,456
251466941,44.1666,25.0139,484,37323,0.44538,0.19,1,3292280,3291796,484
251469861,36.8666,42.4056,462,37380,0.436152,0.21,1,3292312,3291850,462
251525341,40.8979,58.4464,476,38439,0.755349,0.51,2,3293042,3292566,476
251528261,25.9592,41.3786,462,38494,0.76414,0.51,2,3293058,3292596,462
251531181,25.9837,26.1514,472,38549,0.767656,0.49,2,3293084,3292612,472
251534101,28.3935,25.4606,477,38604,0.781062,0.55,2,3293114,3292637,477
251537021,12.5574,27.5842,450,38659,0.786425,0.65,2,3293116,3292666,450
251557461,48.7774,47.1118,459,39039,0.914228,0.75,2,3293407,3292948,459
251560381,57.9109,57.2447,459,39093,0.947691,0.77,2,3293471,3293012,459
251709301,34.8249,32.4594,491,41760,0.933846,1,2,3295244,3294753,491
251726821,36.0257,30.8458,494,42061,0.932055,1,2,3295499,3295005,494
251729741,36.0103,31.5383,498,42111,0.930822,1,2,3295535,3295037,498
251732661,30.0041,25.8153,502,42161,0.906329,1,2,3295561,3295059,502
251735581,20.4016,26.5261,489,42211,0.944532,0.99,2,3295575,3295086,489
251753101,49.744,48.73,474,42511,0.942555,0.97,2,3295776,3295302,474
251916621,13.3451,26.8867,504,45207,0.94912,1,2,3297631,3297127,504
251928301,42.548,45.8755,501,45395,0.937497,1,2,3297814,3297313,501
251931221,33.2192,38.1502,495,45441,0.920999,1,2,3297841,3297346,495
251934141,33.0877,31.4601,501,45487,0.9144,1,2,3297874,3297373,501
251942901,30.6776,36.1174,498,45625,0.782602,1,2,3297975,3297477,498
251945821,32.071,32.447,501,45671,0.775041,1,2,3298008,3297507,501
251954581,26.2685,33.1566,485,45809,0.764083,0.97,2,3298096,3297611,485
251957501,14.7074,19.8626,481,45855,0.791633,0.94,2,3298103,3297622,481
251966261,26.5253,14.3752,503,45993,0.786745,1,2,3298185,3297682,503
251969181,47.8101,25.5501,532,46039,0.788698,0.97,2,3298247,3297715,532
251972101,40.124,47.42,505,46085,0.789479,0.91,2,3298282,3297777,505
251989621,32.7659,30.6635,493,46361,0.794007,0.77,2,3298468,3297975,493
251992541,34.7064,32.0654,496,46406,0.767603,0.73,2,3298504,3298008,496
252030501,30.3331,33.7872,489,46991,0.759568,0.79,2,3298894,3298405,489
252033421,32.5332,30.9149,494,47036,0.777827,0.79,2,3298928,3298434,494
252036341,33.4133,32.7659,494,47081,0.797131,0.75,2,3298962,3298468,494
252056781,11.3621,25.518,456,47396,0.905302,0.69,2,3299100,3298644,456
252059701,43.5448,48.6072,457,47440,0.908121,0.71,2,3299165,3298708,457
252062621,37.8179,39.8429,457,47484,0.921248,0.75,2,3299199,3298742,457
252065541,32.5272,32.1372,459,47528,0.938499,0.75,2,3299228,3298769,459
252068461,28.6109,28.4549,459,47572,0.9454,0.73,2,3299254,3298795,459
252071381,33.6443,33.5819,459,47616,0.94816,0.75,2,3299291,3298832,459
252074301,34.4577,33.8328,460,47660,0.937264,0.77,2,3299326,3298866,460
252234901,28.1073,20.4691,509,50033,0.913828,1,2,3300954,3300445,509
252239281,29.9372,28.9551,517,50117,0.785813,1,2,3301018,3300501,517
252294761,165.11,172.633,467,23451,0.21333,0.35,1,3301572,3301105,467
252321041,57.459,59.9185,427,24252,0.229972,0.19,1,3302056,3301629,427
252323961,61.9836,61.7674,429,24339,0.241989,0.09,1,3302121,3301692,429
252326881,66.7934,69.707,424,24426,0.270796,0.09,1,3302191,3301767,424
252329801,56.7174,56.6828,426,24513,0.246318,0.15,1,3302241,3301815,426
252332721,61.087,59.2731,429,24599,0.248527,0.17,1,3302305,3301876,429
252335641,37.6348,37.5092,428,24685,0.249411,0.13,1,3302327,3301899,428
252338561,28.2539,28.2037,428,24771,0.225764,0.19,1,3302349,3301921,428
252341481,59.9016,58.0815,431,24857,0.228306,0.27,1,3302430,3301999,431
252344401,60.5606,57.4326,435,24942,0.265322,0.25,1,3302491,3302056,435
252347321,63.2242,61.973,435,25027,0.268129,0.29,1,3302556,3302121,435
252350241,67.8897,66.7892,436,25112,0.281252,0.23,1,3302627,3302191,436
252353161,55.3559,56.7157,433,25196,0.298501,0.25,1,3302674,3302241,433
252367761,61.1313,53.1206,494,25614,0.435949,0.29,1,3302924,3302430,494
252411561,64.5224,28.6967,537,26827,0.795075,0.63,2,3303755,3303218,537
252423241,64.8534,69.6386,459,27141,0.903794,0.75,2,3303965,3303506,459
252426161,54.7413,56.6555,459,27219,0.919518,0.73,2,3304013,3303554,459
252537121,50.4887,61.5865,479,30033,0.945693,1,2,3305969,3305490,479
252540041,41.7955,42.6346,485,30103,0.900277,1,2,3306005,3305520,485
252589681,37.0161,37.4168,453,31276,0.781319,0.67,2,3306792,3306339,453
252592601,42.4064,14.9667,499,31344,0.786527,0.61,2,3306838,3306339,499
252604281,55.3112,39.2343,518,31613,0.912311,0.71,2,3307028,3306510,518
252615961,46.8384,40.086,508,31881,0.941451,0.75,2,3307219,3306711,508
252718161,48.627,42.5729,497,34125,0.921999,1,2,3308794,3308297,497
252721081,41.0508,35.0292,503,34187,0.9028,1,2,3308830,3308327,503
252732761,57.2205,52.3719,542,34435,0.753528,1,2,3309002,3308460,542
252773641,39.5356,42.9953,491,35284,0.432722,0.61,1,3309574,3309083,491
252776561,35.6142,41.7981,483,35344,0.443089,0.59,1,3309607,3309124,483
252779481,46.6457,36.5192,504,35404,0.447236,0.51,1,3309661,3309157,504
252782401,45.6583,49.4077,491,35464,0.448894,0.53,1,3309706,3309215,491
252826201,34.753,34.8181,447,36348,0.765707,0.51,2,3310252,3309805,447
252829121,15.1012,15.1273,447,36406,0.756283,0.61,2,3310254,3309807,447
252834961,47.2962,46.5804,450,36522,0.765405,0.59,2,3310348,3309898,450
252840801,38.8874,38.5329,451,36638,0.783665,0.61,2,3310429,3309978,451
252843721,38.955,38.2131,452,36696,0.787466,0.63,2,3310468,3310016,452
252858321,33.516,32.8825,459,36982,0.91126,0.79,2,3310675,3310216,459
252861241,35.0064,34.753,459,37039,0.922504,0.75,2,3310711,3310252,459
252864161,15.2026,15.1012,459,37096,0.927002,0.71,2,3310713,3310254,459
252867081,24.081,25.2405,457,37153,0.916801,0.71,2,3310743,3310286,457
252870001,48.6324,10.0962,522,37210,0.93672,0.79,2,3310808,3310286,522
253097761,35.6493,38.1927,524,41404,0.9352,1,2,3313761,3313237,524
253100681,34.6597,42.2771,513,41455,0.92008,1,2,3313795,3313282,513
253109441,30.6822,30.2337,507,41608,0.770005,1,2,3313874,3313367,507
253124041,35.4723,36.7205,489,41862,0.29432,1,1,3314059,3313570,489
253126961,40.5889,43.4882,485,41912,0.231728,1,1,3314103,3313618,485
253132801,29.4142,34.5581,479,42012,0.0622765,0.93,1,3314164,3313685,479
253135721,31.5657,39.6232,469,42062,0.0549106,0.92,1,3314197,3313728,469
253138641,32.4263,35.6493,469,42112,0.0399642,0.91,1,3314230,3313761,469
253141561,31.5705,34.6597,466,42162,0.0339857,0.77,1,3314261,3313795,466
253144481,28.2282,31.2639,463,42212,0.0435943,0.83,1,3314287,3313824,463
253147401,16.0913,19.7056,459,42262,0.0234377,0.73,1,3314295,3313836,459
253150321,28.0365,30.6822,457,42312,0.0393751,0.67,1,3314331,3313874,457
253153241,31.6146,35.0729,453,42362,0.05775,0.51,1,3314365,3313912,453
253156161,27.6458,35.6292,442,42412,0.0531,0.41,1,3314390,3313948,442
253159081,35.6583,39.4517,441,42462,0.06324,0.33,1,3314431,3313990,441
253162001,32.8633,36.1807,438,42512,0.079296,0.23,1,3314462,3314024,438
253164921,30.5453,35.4723,432,42562,0.0617184,0.19,1,3314491,3314059,432
253167841,35.6181,40.5889,427,42612,0.0786874,0.03,1,3314530,3314103,427
253170761,34.6473,39.0356,423,42662,0.0374749,0.03,1,3314564,3314141,423
253173681,27.0589,29.4142,422,42711,0.06899,0.05,1,3314586,3314164,422
253176601,31.2236,31.5657,423,42760,0.045596,0.03,1,3314620,3314197,423
253179521,31.6894,32.4263,422,42809,0.0602384,0.03,1,3314652,3314230,422
253182441,31.8758,31.5705,423,42858,0.0540954,0.05,1,3314684,3314261,423
253185361,27.7503,28.2282,422,42907,0.0396381,0.01,1,3314709,3314287,422
253188281,15.9001,16.0913,422,42956,0.0338553,0.05,1,3314717,3314295,422
253191201,29.7601,28.0365,425,43005,0.0315421,0.05,1,3314756,3314331,425
253194121,31.104,11.2146,457,43054,0.0426168,0.07,1,3314788,3314331,457
253197041,27.4416,24.8858,448,43103,0.0350467,0.05,1,3314813,3314365,448
253199961,36.1766,24.9543,465,43152,0.0440187,0.07,1,3314855,3314390,465
253202881,31.8707,34.5817,453,43201,0.0476075,0.09,1,3314884,3314431,453
253205801,30.7483,32.4327,452,43250,0.061043,0.05,1,3314914,3314462,452
253232081,29.7235,15.9,460,43688,0.0974838,0.03,1,3315177,3314717,460
253261281,32.4698,31.4064,462,44168,0.217529,0.19,1,3315504,3315042,462
253264201,31.5879,31.7625,461,44216,0.225012,0.19,1,3315535,3315074,461
253267121,24.6352,31.305,450,44264,0.228005,0.13,1,3315555,3315105,450
253270041,14.6541,27.522,433,44312,0.229202,0.13,1,3315563,3315130,433
253272961,29.2616,15.8088,464,44360,0.253681,0.07,1,3315602,3315138,464
253275881,32.7046,29.7235,460,44408,0.227472,0.11,1,3315637,3315177,460
253278801,28.6819,32.2894,452,44456,0.216989,0.13,1,3315663,3315211,452
253281721,12.6727,27.9158,429,44503,0.224796,0.15,1,3315665,3315236,429
253284641,30.8691,36.3663,430,44550,0.239918,0.17,1,3315708,3315278,430
253287561,29.1476,32.5465,428,44597,0.281967,0.13,1,3315736,3315308,428
253290481,31.4591,32.2186,429,44644,0.286787,0.19,1,3315769,3315340,429
253319681,32.1061,32.7046,432,45114,0.409788,0.21,1,3316069,3315637,432
253322601,29.0424,28.6819,433,45161,0.409915,0.23,1,3316096,3315663,433
253325521,12.817,12.6727,433,45208,0.409966,0.25,1,3316098,3315665,433
253328441,31.5268,30.8691,434,45255,0.421986,0.31,1,3316142,3315708,434
253331361,30.0107,29.1476,435,45302,0.402795,0.29,1,3316171,3315736,435
253334281,32.4043,31.4591,436,45349,0.431118,0.33,1,3316205,3315769,436
253337201,38.7617,37.1836,438,45396,0.442447,0.35,1,3316248,3315810,438
253398521,25.9124,32.5215,467,46362,0.779729,0.53,2,3316873,3316406,467
253401441,15.1649,25.0086,455,46407,0.797891,0.57,2,3316881,3316426,455
253404361,33.666,14.8034,493,46452,0.793157,0.59,2,3316927,3316434,493
253424801,40.8244,32.4925,500,46767,0.93453,0.69,2,3317146,3316646,500
253427721,38.5298,39.997,492,46812,0.943812,0.71,2,3317183,3316691,492
253632121,33.8101,32.3517,514,49866,0.9268,1,2,3319279,3318765,514
253667161,16.8191,36.0805,473,50370,0.448581,1,1,3319601,3319128,473
253670081,29.5277,31.8322,482,50412,0.401432,1,1,3319639,3319157,482
253681761,29.5943,33.8101,466,50580,0.278069,0.85,1,3319745,3319279,466
253684681,29.8377,33.324,463,50622,0.285227,0.75,1,3319775,3319312,463
253687601,31.1351,34.9296,459,50664,0.264091,0.67,1,3319807,3319348,459
253690521,28.054,31.3718,456,50706,0.291636,0.69,1,3319833,3319377,456
253693441,29.2216,29.9487,457,50748,0.254655,0.61,1,3319863,3319406,457
253696361,28.4886,29.9795,455,50790,0.215862,0.53,1,3319891,3319436,455
253702201,22.9182,24.8367,451,50872,0.201338,0.49,1,3319939,3319488,451
253705121,24.7673,27.9347,447,50913,0.206535,0.43,1,3319965,3319518,447
253708041,20.7069,23.1739,445,50954,0.208614,0.45,1,3319983,3319538,445
253710961,21.4828,24.8695,441,50995,0.209446,0.49,1,3320005,3319564,441
253713881,24.7931,25.5478,442,51036,0.221778,0.43,1,3320032,3319590,442
253716801,15.3172,16.8191,440,51077,0.238711,0.37,1,3320041,3319601,440
253719721,27.1269,29.5277,437,51118,0.257485,0.33,1,3320076,3319639,437
253722641,22.2508,24.4111,435,51159,0.288994,0.27,1,3320095,3319660,435
253725561,21.5003,22.9644,434,51200,0.289598,0.33,1,3320116,3319682,434
253728481,29.0001,28.9858,435,51241,0.289839,0.25,1,3320150,3319715,435
253731401,28.4,29.5943,433,51282,0.289936,0.29,1,3320178,3319745,433
253746001,28.6358,28.4886,431,51487,0.410825,0.17,1,3320322,3319891,431
253842361,27.5492,28.4821,478,52820,0.772254,0.63,2,3321182,3320704,478
253845281,29.6197,26.9928,483,52860,0.770902,0.61,2,3321213,3320730,483
253848201,32.2479,29.9971,485,52900,0.770361,0.65,2,3321247,3320762,485
253851121,26.0991,31.1989,475,52940,0.770144,0.65,2,3321269,3320794,475
253854041,24.8397,25.6795,477,52980,0.782058,0.65,2,3321293,3320816,477
253877401,17.2595,20.9706,457,53300,0.901723,0.71,2,3321454,3320997,457
253880321,27.3038,28.7882,457,53339,0.942689,0.71,2,3321488,3321031,457
253886161,31.9686,32.2061,457,53417,0.94163,0.71,2,3321552,3321095,457
253889081,33.1874,32.6824,458,53456,0.934652,0.77,2,3321586,3321128,458
253892001,31.875,29.873,461,53495,0.919861,0.79,2,3321617,3321156,461
253894921,28.35,27.5492,461,53534,0.937944,0.77,2,3321643,3321182,461
253897841,29.34,29.6197,460,53573,0.945178,0.77,2,3321673,3321213,460
254096401,328.024,351.964,499,24820,0.934,1,2,3323495,3322996,499
254099321,157.009,169.585,494,25633,0.9436,1,2,3323538,3323044,494
254207361,64.1546,61.05,541,28531,0.94624,1,2,3325610,3325069,541
254219041,69.2168,53.5277,550,28827,0.272912,1,1,3325851,3325301,550
254224881,42.2747,50.6844,512,28973,0.0568659,1,1,3325921,3325409,512
254227801,44.5099,44.2738,518,29046,0.0287463,0.94,1,3325967,3325449,518
254230721,35.8039,38.7095,513,29119,0.0114985,1,1,3325997,3325484,513
254233641,63.5216,44.8838,546,29192,0.0105994,0.92,1,3326079,3325533,546
254236561,45.2086,64.1535,502,29265,0.0222398,0.97,1,3326112,3325610,502
254239481,54.0835,47.2614,526,29337,0.0268959,0.49,1,3326172,3325646,526
254242401,41.4334,71.1046,472,29409,0.0527584,0.41,1,3326205,3325733,472
254245321,56.7734,50.0418,503,29481,0.0871033,0.11,1,3326272,3325769,503
254251161,39.9237,45.6867,461,29625,0.0583365,0.01,1,3326342,3325881,461
254254081,43.5695,42.2747,467,29696,0.0413346,0.01,1,3326388,3325921,467
254257001,37.2278,44.5099,454,29767,0.0165338,0,1,3326421,3325967,454
254259921,62.8911,35.8039,504,29838,0.0486135,0.01,1,3326501,3325997,504
254262841,26.3564,63.5216,424,29909,0.0614454,0.03,1,3326503,3326079,424
254268681,47.297,54.0835,422,30051,0.0950313,0.07,1,3326594,3326172,422
254271601,41.7188,41.4334,427,30121,0.0680125,0.11,1,3326632,3326205,427
254283281,42.7896,43.5695,423,30401,0.0592931,0,1,3326811,3326388,423
254286201,36.9158,37.2278,423,30471,0.0237172,0.07,1,3326844,3326421,423
254289121,63.9663,62.8911,425,30540,0.0274869,0.07,1,3326926,3326501,425
254292041,26.7865,26.3564,425,30609,0.0289948,0.13,1,3326928,3326503,425
254294961,32.3146,29.7426,429,30678,0.0415979,0.09,1,3326964,3326535,429
254309561,36.7955,37.974,425,31022,0.202458,0.01,1,3327190,3326765,425
254318321,64.2029,63.9663,423,31226,0.0592773,0.03,1,3327349,3326926,423
254321241,26.8812,26.7865,423,31294,0.0657109,0.03,1,3327351,3326928,423
254324161,32.3525,10.7146,459,31362,0.0562844,0.05,1,3327387,3326928,459
254327081,47.741,25.8858,481,31429,0.0885137,0.15,1,3327445,3326964,481
254350441,26.3979,64.1987,424,31963,0.0967193,0.07,1,3327773,3327349,424
254362121,59.5046,41.8963,499,32227,0.22054,0.13,1,3327982,3327483,499
254365041,42.4018,59.9585,458,32293,0.250216,0.13,1,3328013,3327555,458
254367961,37.9607,41.9834,463,32359,0.274086,0.15,1,3328048,3327585,463
254370881,40.3843,37.7934,470,32424,0.283635,0.13,1,3328090,3327620,470
254373801,30.5537,39.7173,453,32489,0.299454,0.13,1,3328114,3327661,453
254388401,22.5772,50.9037,432,32814,0.401802,0.19,1,3328305,3327873,432
254391321,32.4309,43.7615,432,32878,0.442721,0.25,1,3328344,3327912,432
254446801,34.5635,34.0125,450,34079,0.765669,0.59,2,3329127,3328677,450
254449721,54.6254,55.005,449,34141,0.756268,0.59,2,3329195,3328746,449
254452641,23.0502,23.202,449,34203,0.776507,0.55,2,3329197,3328748,449
254478921,35.9249,26.376,498,34755,0.91406,0.79,2,3329585,3329087,498
254481841,55.17,34.5504,526,34816,0.923624,0.75,2,3329653,3329127,526
254484761,23.268,54.6202,460,34877,0.92745,0.79,2,3329655,3329195,460
254487681,34.5072,23.0481,500,34938,0.92898,0.85,2,3329697,3329197,500
254613241,43.9037,63.1082,497,37451,0.903996,1,2,3331468,3330971,497
254633681,31.3922,38.2563,502,37843,0.29512,1,1,3331738,3331236,502
254636601,31.1569,31.5025,506,37899,0.208048,1,1,3331769,3331263,506
254642441,34.6251,36.1204,512,38011,0.0992877,1,1,3331840,3331328,512
254665801,37.267,40.951,481,38452,0.202766,0.29,1,3332150,3331669,481
254668721,25.1068,43.9804,452,38507,0.207107,0.23,1,3332167,3331715,452
254671641,27.4427,31.3922,458,38562,0.220843,0.15,1,3332196,3331738,458
254674561,32.5771,31.1569,463,38617,0.202337,0.05,1,3332232,3331769,463
254680401,26.6923,34.6251,429,38727,0.263974,0.17,1,3332269,3331840,429
254695001,42.6535,41.5462,431,38998,0.401151,0.19,1,3332483,3332052,431
254697921,27.8614,27.4185,431,39052,0.41846,0.15,1,3332501,3332070,431
254700841,36.3446,36.1674,431,39106,0.401384,0.23,1,3332543,3332112,431
254703761,37.3378,37.267,431,39160,0.418554,0.21,1,3332581,3332150,431
254706681,25.7351,25.1068,432,39214,0.425421,0.23,1,3332599,3332167,432
254709601,28.2941,27.4427,433,39268,0.428169,0.19,1,3332629,3332196,433
254712521,34.1176,32.5771,435,39322,0.405267,0.19,1,3332667,3332232,435
254715441,14.847,14.2308,435,39376,0.420107,0.31,1,3332669,3332234,435
254718361,27.5388,26.6923,436,39430,0.438043,0.35,1,3332705,3332269,436
254770921,45.4913,38.4666,496,40382,0.779448,0.57,2,3333373,3332877,496
254773841,28.9965,43.5866,467,40434,0.797779,0.61,2,3333391,3332924,467
254808881,47.6352,40.2282,510,41057,0.910938,0.81,2,3333834,3333324,510
254811801,29.8541,45.4913,479,41108,0.922375,0.81,2,3333852,3333373,479
254814721,37.1416,28.9965,503,41159,0.93895,0.81,2,3333894,3333391,503
254817641,38.8567,36.7986,501,41210,0.94558,0.83,2,3333934,3333433,501
254820561,27.5427,38.1194,482,41261,0.948232,0.85,2,3333954,3333472,482
254949041,32.3717,30.8689,508,43456,0.934,1,2,3335448,3334940,508
254951961,30.3487,31.5476,505,43505,0.9196,1,2,3335477,3334972,505
254954881,31.3395,26.419,514,43553,0.94984,1,2,3335509,3334995,514
254978241,32.2058,35.6768,505,43937,0.443028,1,1,3335787,3335282,505
254981161,33.2823,35.2707,504,43985,0.411211,1,1,3335821,3335317,504
254995761,29.2781,30.3487,496,44225,0.294294,0.97,1,3335973,3335477,496
254998681,32.7112,31.3395,499,44273,0.291718,0.85,1,3336008,3335509,499
255022041,30.3371,32.2058,445,44652,0.427147,0.39,1,3336232,3335787,445
255024961,29.5348,33.2823,440,44699,0.440859,0.37,1,3336261,3335821,440
255112561,31.7222,30.5139,479,46093,0.782668,0.55,2,3337153,3336674,479
255115481,27.0889,30.8056,472,46139,0.799067,0.59,2,3337177,3336705,472
255127161,28.8983,29.5502,480,46323,0.913784,0.63,2,3337310,3336830,480
255130081,33.7593,28.6201,489,46369,0.911514,0.63,2,3337347,3336858,489
255133001,26.1037,33.048,474,46414,0.934605,0.71,2,3337368,3336894,474
255319881,24.971,25.6546,500,49234,0.225412,1,1,3339303,3338803,500
255322801,26.7884,25.8619,502,49277,0.228165,1,1,3339331,3338829,502
255334481,34.1418,31.0077,511,49449,0.055329,0.93,1,3339462,3338951,511
255337401,31.0567,37.6031,498,49492,0.0281316,0.77,1,3339491,3338993,498
255340321,25.0227,34.2412,487,49535,0.0112526,0.79,1,3339512,3339025,487
255343241,19.6091,30.4965,475,49578,0.0225011,0.69,1,3339528,3339053,475
255346161,19.8436,22.9986,477,49620,0.0510004,0.69,1,3339548,3339071,477
255349081,22.9375,22.3994,480,49662,0.0384002,0.67,1,3339573,3339093,480
255352001,26.575,25.7598,481,49704,0.0213601,0.57,1,3339602,3339121,481
255354921,28.63,27.7039,482,49746,0.038544,0.53,1,3339632,3339150,482
255357841,30.652,35.6816,473,49788,0.0334176,0.45,1,3339664,3339191,473
255360761,27.2608,31.6726,469,49830,0.031367,0.33,1,3339689,3339220,469
255363681,27.7043,33.0691,463,49872,0.0425468,0.25,1,3339717,3339254,463
255366601,20.0817,29.4276,451,49914,0.0350187,0.17,1,3339732,3339281,451
255369521,24.2327,24.971,456,49956,0.0440075,0.23,1,3339759,3339303,456
255372441,25.8931,26.7884,455,49998,0.083603,0.17,1,3339786,3339331,455
255392881,19.6798,19.6091,442,50292,0.09739,0.07,1,3339970,3339528,442
255395801,9.07192,19.8436,424,50334,0.092956,0.03,1,3339972,3339548,424
255401641,26.1715,26.575,425,50418,0.041273,0.05,1,3340027,3339602,425
255404561,27.2686,28.63,423,50460,0.0465092,0.03,1,3340055,3339632,423
255407481,30.7074,30.652,424,50502,0.0606037,0.03,1,3340088,3339664,424
255410401,27.283,27.2608,424,50544,0.0782415,0.05,1,3340113,3339689,424
255413321,28.9132,27.7043,426,50586,0.0972966,0.03,1,3340143,3339717,426
255419161,26.5861,24.2327,429,50670,0.0959675,0.11,1,3340188,3339759,429
255436681,24.1166,25.4987,427,50918,0.20428,0.09,1,3340362,3339935,427
255439601,18.0466,19.1995,426,50959,0.207712,0.09,1,3340376,3339950,426
255445441,8.88746,9.07192,426,51041,0.200034,0.11,1,3340398,3339972,426
255454201,27.6408,27.2686,424,51164,0.207922,0.07,1,3340479,3340055,424
255457121,30.8563,30.7074,424,51205,0.209169,0.09,1,3340512,3340088,424
255480481,33.6479,33.7286,430,51533,0.213878,0.21,1,3340747,3340317,430
255483401,27.2592,27.2914,430,51574,0.235551,0.21,1,3340770,3340340,430
255486321,24.1037,24.1166,430,51615,0.22022,0.21,1,3340792,3340362,430
255489241,18.0415,18.0466,430,51656,0.214088,0.17,1,3340806,3340376,430
255492161,19.2166,19.2187,430,51697,0.235635,0.21,1,3340826,3340396,430
255495081,8.88663,8.88746,430,51738,0.220254,0.17,1,3340828,3340398,430
255498001,16.7547,16.755,430,51779,0.250102,0.17,1,3340850,3340420,430
255500921,23.5019,6.70199,458,51820,0.238041,0.17,1,3340878,3340420,458
255503841,28.0007,20.0808,460,51861,0.221216,0.23,1,3340909,3340449,460
255506761,30.4003,26.0323,462,51902,0.226486,0.21,1,3340941,3340479,462
255509681,26.5601,30.2129,453,51943,0.228595,0.15,1,3340965,3340512,453
255512601,29.824,27.0852,460,51984,0.229438,0.17,1,3340997,3340537,460
255515521,19.1296,30.6341,439,52025,0.229775,0.17,1,3341009,3340570,439
255518441,26.8518,19.4536,459,52065,0.26591,0.17,1,3341041,3340582,459
255521361,28.7407,26.9815,457,52105,0.292364,0.15,1,3341071,3340614,457
255533041,27.7454,33.6475,454,52265,0.404205,0.25,1,3341201,3340747,454
255535961,24.2981,27.259,453,52305,0.419682,0.21,1,3341223,3340770,453
255538881,18.1193,24.1036,445,52345,0.449873,0.21,1,3341237,3340792,445
255608961,24.071,30.7668,446,53305,0.753396,0.49,2,3341819,3341373,446
255611881,24.0284,26.7067,446,53344,0.763358,0.49,2,3341843,3341397,446
255617721,18.7245,19.1531,446,53422,0.759337,0.51,2,3341887,3341441,446
255620641,29.0898,28.6612,447,53461,0.753735,0.51,2,3341923,3341476,447
255623561,30.8359,30.6645,447,53500,0.775494,0.55,2,3341955,3341508,447
255626481,40.5344,39.2658,449,53539,0.796198,0.59,2,3342002,3341553,449
255638161,27.0969,25.5476,454,53695,0.919711,0.67,2,3342120,3341666,454
255652761,24.3168,23.6088,458,53890,0.93984,0.73,2,3342213,3341755,458
255892201,110.595,127.757,465,26280,0.43336,0.83,1,3344832,3344367,465
255928701,69.4379,78.703,461,26280,0.443344,0.75,1,3344874,3344413,461
255931621,68.5752,55.4812,489,26361,0.423338,0.69,1,3344942,3344453,489
255934541,77.8301,76.1925,483,26441,0.439335,0.49,1,3345026,3344543,483
255937461,52.732,73.077,448,26521,0.445734,0.53,1,3345062,3344614,448
255978341,52.4295,50.4961,450,27618,0.779569,0.59,2,3345694,3345244,450
255981261,64.1718,62.7984,451,27695,0.797828,0.61,2,3345766,3345315,451
255987101,79.8675,78.2078,454,27847,0.906452,0.71,2,3345924,3345470,454
256127261,54.5929,60.7248,488,31287,0.7732,1,2,3348342,3347854,488
256144781,33.0763,32.2186,516,31690,0.446144,1,1,3348534,3348018,516
256150621,64.8122,54.955,549,31824,0.209383,1,1,3348680,3348131,549
256168141,31.6842,35.3177,481,32220,0.213004,0.51,1,3348919,3348438,481
256171061,25.8737,35.7271,467,32286,0.211202,0.51,1,3348941,3348474,467
256173981,30.7495,28.6908,477,32352,0.258481,0.39,1,3348975,3348498,477
256176901,54.8998,33.0763,512,32417,0.241392,0.25,1,3349046,3348534,512
256179821,60.3599,60.0305,498,32482,0.246557,0.13,1,3349110,3348612,498
256182741,79.944,64.8122,523,32547,0.284623,0.19,1,3349203,3348680,523
256206101,31.8534,30.7495,434,33063,0.402583,0.23,1,3349409,3348975,434
256209021,54.7413,54.8998,433,33127,0.419033,0.25,1,3349479,3349046,433
256211941,60.8965,60.3599,434,33191,0.449613,0.31,1,3349544,3349110,434
256252821,33.8636,32.6494,448,34072,0.758143,0.53,2,3350137,3349689,448
256255741,35.1454,34.6598,448,34134,0.789257,0.53,2,3350173,3349725,448
256258661,15.2582,15.0639,448,34196,0.777703,0.57,2,3350175,3349727,448
256261581,26.5033,26.4256,448,34258,0.785081,0.57,2,3350209,3349761,448
256264501,28.6013,10.5702,478,34320,0.788032,0.55,2,3350239,3349761,478
256267421,23.4405,22.2281,468,34382,0.789213,0.55,2,3350259,3349791,468
256279101,86.6305,62.081,556,34626,0.909788,0.75,2,3350543,3349987,556
256282021,50.8522,84.8324,483,34687,0.921915,0.75,2,3350570,3350087,483
256284941,34.7409,50.133,480,34748,0.926766,0.77,2,3350594,3350114,480
256287861,37.2964,33.8532,496,34809,0.928706,0.81,2,3350633,3350137,496
256290781,16.1185,35.1413,462,34870,0.929483,0.77,2,3350635,3350173,462
256293701,26.8474,15.2565,494,34931,0.941793,0.79,2,3350669,3350175,494
256457221,40.1141,57.3227,499,38172,0.919425,1,2,3352986,3352487,499
256553581,26.518,21.355,493,39956,0.946,1,2,3354156,3353663,493
256556501,30.4072,27.142,495,40009,0.9244,1,2,3354189,3353694,495
256565261,76.3461,43.2091,577,40168,0.753482,1,2,3354367,3353790,577
256614901,28.0646,40.3341,467,41052,0.434111,0.47,1,3354940,3354473,467
256617821,25.0259,28.1337,470,41103,0.419645,0.63,1,3354963,3354493,470
256620741,32.8103,25.6535,484,41154,0.413858,0.59,1,3355001,3354517,484
256623661,31.1241,31.8614,478,41205,0.411543,0.57,1,3355031,3354553,478
256635341,30.3312,28.8333,477,41409,0.411864,0.55,1,3355136,3354659,477
256638261,36.7325,29.5333,488,41460,0.422745,0.51,1,3355177,3354689,488
256641181,70.493,35.8133,541,41511,0.439098,0.53,1,3355270,3354729,541
256644101,29.3972,72.5253,446,41562,0.445639,0.51,1,3355272,3354826,446
256708341,22.5613,21.9723,450,42667,0.76672,0.61,2,3355939,3355489,450
256711261,28.2245,26.1889,453,42716,0.792688,0.65,2,3355971,3355518,453
256720021,37.0624,37.0281,452,42863,0.789692,0.65,2,3356072,3355620,452
256752141,28.7891,22.5336,491,43402,0.939577,0.81,2,3356430,3355939,491
256898141,38.113,34.3237,517,45768,0.93928,1,2,3358140,3357623,517
256912741,26.3458,11.1016,516,45998,0.792681,1,2,3358249,3357733,516
256915661,25.5383,21.2406,513,46044,0.791072,1,2,3358274,3357761,513
256918581,19.8153,25.8963,500,46090,0.766429,1,2,3358290,3357790,500
256921501,29.5261,28.3585,506,46136,0.780572,1,2,3358326,3357820,506
256950701,22.5846,16.778,490,46591,0.766875,0.87,2,3358655,3358165,490
256953621,28.2339,22.9112,495,46636,0.78075,0.85,2,3358687,3358192,495
256956541,26.2935,28.3645,488,46681,0.7743,0.75,2,3358712,3358224,488
256959461,23.1174,26.3458,484,46726,0.77172,0.79,2,3358733,3358249,484
256962381,17.647,25.5383,473,46771,0.770688,0.75,2,3358747,3358274,473
256965301,29.2588,19.8153,494,46816,0.782275,0.79,2,3358784,3358290,494
256974061,24.8646,26.0842,478,46951,0.788066,0.61,2,3358854,3358376,478
256976981,29.7458,24.8337,487,46996,0.789226,0.61,2,3358887,3358400,487
256988661,22.8703,34.1349,472,47176,0.905756,0.73,2,3359072,3358600,472
256994501,22.8592,17.4616,484,47266,0.916521,0.79,2,3359113,3358629,484
256997421,29.5437,22.5846,492,47311,0.924608,0.79,2,3359147,3358655,492
257000341,25.0175,28.2339,482,47356,0.927843,0.77,2,3359169,3358687,482
257003261,11.207,26.2935,459,47401,0.929137,0.77,2,3359171,3358712,459
257006181,17.6828,23.1174,460,47445,0.929655,0.77,2,3359193,3358733,460
257009101,16.6731,17.647,462,47489,0.941862,0.79,2,3359209,3358747,462
257014941,25.9477,24.9035,464,47577,0.941498,0.81,2,3359270,3358806,464
257020781,25.2716,24.8646,462,47665,0.94144,0.79,2,3359316,3358854,462
257194521,331.087,350.798,485,23360,0.406,0.9,1,3361587,3361102,485
257203281,180.435,197.319,470,23360,0.2044,0.61,1,3361667,3361197,470
257207661,105.774,123.928,451,23360,0.09976,0.53,1,3361723,3361272,451
257239781,55.5096,68.1711,442,23360,0.057904,0.31,1,3361745,3361303,442
257242701,73.2038,65.6684,463,23451,0.0771616,0.07,1,3361830,3361367,463
257245621,83.8815,80.2674,464,23541,0.0368646,0.09,1,3361921,3361457,464
257248541,50.9526,68.7069,432,23631,0.0447459,0.01,1,3361950,3361518,432
257251461,35.981,42.4828,433,23721,0.0358983,0.03,1,3361976,3361543,433
257254381,23.9924,28.9931,429,23810,0.0443593,0.01,1,3361992,3361563,429
257257301,49.197,25.9972,471,23899,0.0357437,0.07,1,3362058,3361587,471
257260221,50.8788,58.3989,443,23988,0.0442975,0.03,1,3362110,3361667,443
257263141,55.1515,56.9596,445,24076,0.047719,0.09,1,3362168,3361723,445
257266061,75.4606,86.9838,427,24164,0.0850876,0.01,1,3362257,3361830,427
257268981,81.7842,89.3935,422,24252,0.034035,0.05,1,3362343,3361921,422
257271901,50.7137,53.1574,423,24339,0.031614,0.03,1,3362373,3361950,423
257274821,36.4855,36.863,424,24426,0.0426456,0.05,1,3362400,3361976,424
257277741,24.1942,24.3452,424,24513,0.0230582,0.03,1,3362416,3361992,424
257280661,48.0777,49.3381,422,24599,0.0272233,0.05,1,3362480,3362058,422
257283581,51.6311,50.9352,424,24685,0.0768893,0.05,1,3362534,3362110,424
257292341,80.2724,81.7879,422,24942,0.0438009,0.03,1,3362765,3362343,422
257295261,50.709,50.7151,423,25027,0.0235204,0.05,1,3362796,3362373,423
257298181,35.8836,36.4861,422,25112,0.0754081,0.01,1,3362822,3362400,422
257301101,25.7534,24.1944,425,25196,0.0841633,0.03,1,3362841,3362416,425
257304021,46.9014,48.0778,422,25280,0.0876653,0.11,1,3362902,3362480,422
257306941,52.9605,51.6311,425,25364,0.0890661,0.13,1,3362959,3362534,425
257315701,78.1735,62.8724,504,25614,0.0745802,0,1,3363186,3362682,504
257318621,50.4694,74.949,453,25697,0.0598321,0.01,1,3363218,3362765,453
257321541,36.9878,48.5796,450,25779,0.0539328,0.11,1,3363246,3362796,450
257324461,26.7951,35.0318,444,25861,0.0515731,0.09,1,3363266,3362822,444
257327381,46.118,25.4127,484,25943,0.0866293,0.09,1,3363325,3362841,484
257330301,55.0472,46.7651,484,26025,0.0886517,0.09,1,3363386,3362902,484
257333221,58.0189,52.906,487,26106,0.0654607,0.13,1,3363446,3362959,487
257336141,77.8076,56.5624,519,26187,0.0561843,0.21,1,3363537,3363018,519
257339061,73.723,75.425,502,26268,0.0404737,0.01,1,3363608,3363106,502
257341981,48.6892,78.17,454,26349,0.0161895,0.05,1,3363640,3363186,454
257344901,36.8757,50.468,451,26429,0.0244758,0.05,1,3363669,3363218,451
257347821,27.3503,36.9872,444,26509,0.0517903,0.05,1,3363690,3363246,444
257350741,47.5401,26.7949,485,26589,0.0507161,0.11,1,3363751,3363266,485
257353661,55.016,46.118,486,26669,0.0622865,0.09,1,3363811,3363325,486
257356581,56.8064,55.0472,483,26748,0.0909146,0.05,1,3363869,3363386,483
257362421,72.329,77.8075,492,26906,0.214946,0.03,1,3364029,3363537,492
257365341,30.1316,73.723,423,26985,0.235979,0,1,3364031,3363608,423
257368261,31.2526,48.6892,423,27063,0.208391,0.03,1,3364063,3363640,423
257382861,59.1968,56.8064,429,27452,0.213958,0.21,1,3364298,3363869,429
257385781,80.0787,77.3226,432,27529,0.259583,0.25,1,3364392,3363960,432
257388701,72.2315,72.329,430,27606,0.265833,0.25,1,3364459,3364029,430
257391621,30.0926,30.1316,430,27683,0.292333,0.19,1,3364461,3364031,430
257406221,56.9395,54.9921,431,28064,0.42237,0.23,1,3364667,3364236,431
257476301,29.9753,33.006,482,29820,0.757342,0.65,2,3365862,3365380,482
257479221,13.1901,30.6024,455,29891,0.764937,0.67,2,3365864,3365409,455
257581421,88.867,61.711,581,32277,0.921902,1,2,3367600,3367019,581
257596021,28.799,27.8326,509,32603,0.442813,1,1,3367785,3367276,509
257598941,28.9196,23.133,518,32668,0.447125,1,1,3367814,3367296,518
257607701,46.2029,61.1685,473,32862,0.432536,1,1,3367907,3367434,473
257636901,11.5497,13.5071,442,33499,0.41186,0.41,1,3368281,3367839,442
257639821,44.2199,46.2029,440,33562,0.422744,0.33,1,3368347,3367907,440
257683621,47.0293,66.268,482,34496,0.768476,0.63,2,3369041,3368559,482
257686541,33.8117,44.5072,477,34557,0.79339,0.65,2,3369066,3368589,477
257739101,53.4608,44.2196,520,35643,0.936721,0.83,2,3369764,3369244,520
257858821,37.4488,46.5543,503,37998,0.916,1,2,3371422,3370919,503
257870501,36.7715,31.7006,520,38220,0.94625,1,2,3371563,3371043,520
257882181,34.3974,43.6995,523,38440,0.760304,1,2,3371706,3371183,523
257888021,53.3836,51.5119,540,38550,0.770849,1,2,3371823,3371283,540
257890941,45.9534,63.8048,509,38605,0.770339,1,2,3371864,3371355,509
257893861,28.5814,47.1219,490,38660,0.794136,0.86,2,3371881,3371391,490
257896781,22.8325,37.4488,478,38715,0.791654,1,2,3371900,3371422,478
257914301,34.292,36.4834,465,39040,0.903529,0.69,2,3372100,3371635,465
257917221,34.1168,37.9934,460,39094,0.943411,0.77,2,3372134,3371674,460
257920141,33.4467,34.3974,461,39148,0.923365,0.63,2,3372167,3371706,461
257923061,47.5787,50.9589,456,39202,0.903346,0.83,2,3372224,3371768,456
257925981,53.8315,53.3836,459,39256,0.943338,0.77,2,3372282,3371823,459
257934741,22.6932,22.8325,461,39418,0.944294,0.87,2,3372361,3371900,461
258108481,139.634,131.115,515,19203,0.40312,0.92,1,3374639,3374124,515
258131841,73.9209,101.815,493,20070,0.413007,0.37,1,3375240,3374747,493
258172721,66.2164,64.7779,449,21503,0.758773,0.55,2,3376189,3375740,449
258175641,40.8866,40.3112,449,21602,0.777509,0.57,2,3376213,3375764,449
258178561,62.5546,61.7245,450,21700,0.785004,0.57,2,3376290,3375840,450
258181481,26.2218,25.8898,450,21798,0.788001,0.69,2,3376292,3375842,450
258286601,61.1057,57.4889,508,25062,0.922,1,2,3378692,3378184,508
258292441,65.6969,76.1582,501,25231,0.92872,1,2,3378808,3378307,501
258315801,61.683,46.5046,542,25895,0.755645,0.91,2,3379272,3378730,542
258318721,87.0732,65.4018,568,25977,0.788258,0.73,2,3379376,3378808,568
258339161,63.1917,44.707,533,26543,0.903968,0.77,2,3379732,3379199,533
258447201,94.3743,70.9729,591,29350,0.946739,1,2,3381759,3381168,591
258453041,44.2599,58.7557,518,29494,0.906278,1,2,3381831,3381313,518
258458881,41.8816,57.6409,507,29638,0.789405,1,2,3381922,3381415,507
258508521,51.3228,51.6598,451,30829,0.778443,0.63,2,3382713,3382262,451
258511441,42.1291,40.4639,454,30898,0.785377,0.63,2,3382749,3382295,454
258537721,53.4697,77.1228,492,31508,0.91663,0.81,2,3383173,3382681,492
258540641,42.9879,50.0491,496,31575,0.912652,0.79,2,3383209,3382713,496
258674961,35.071,41.7011,510,34521,0.949477,1,2,3385252,3384742,510
258683721,32.4365,37.5889,499,34704,0.765167,1,2,3385355,3384856,499
258695401,38.0832,53.7431,503,34948,0.0797323,1,1,3385589,3385086,503
258698321,32.0333,41.8972,497,35008,0.0378929,1,1,3385617,3385120,497
258701241,33.8133,32.3589,506,35068,0.0811572,1,1,3385652,3385146,506
258707081,33.2501,35.1774,503,35188,0.0837851,0.92,1,3385720,3385217,503
258710001,31.9001,35.071,499,35248,0.0335141,1,1,3385751,3385252,499
258712921,34.36,33.2284,503,35308,0.0314056,0.81,1,3385787,3385284,503
258715841,25.744,39.0914,480,35368,0.0305622,0.69,1,3385807,3385327,480
258718761,48.0976,32.4365,515,35428,0.0302249,0.51,1,3385870,3385355,515
258727521,38.7662,51.7079,456,35607,0.0765744,0.03,1,3386016,3385560,456
258730441,31.1065,38.0832,453,35666,0.0606298,0.01,1,3386042,3385589,453
258733361,13.6426,32.0333,427,35725,0.0542519,0.11,1,3386044,3385617,427
258736281,26.457,33.8133,427,35784,0.0397008,0.17,1,3386079,3385652,427
258739201,30.3828,35.1253,424,35843,0.0818803,0.05,1,3386112,3385688,424
258762561,36.5346,38.7662,424,36312,0.0764939,0.05,1,3386440,3386016,424
258765481,30.2138,31.1065,424,36370,0.0365975,0.05,1,3386466,3386042,424
258768401,13.2855,13.6426,424,36428,0.020639,0.03,1,3386468,3386044,424
258771321,25.7142,26.457,423,36486,0.0742556,0.11,1,3386502,3386079,423
258780081,30.0377,30.9013,425,36660,0.206592,0.15,1,3386599,3386174,425
258783001,34.2151,33.3605,427,36718,0.256637,0.13,1,3386636,3386209,427
258785921,25.686,25.9442,426,36776,0.276655,0.11,1,3386656,3386230,426
258788841,49.2744,49.9777,425,36833,0.272662,0.13,1,3386721,3386296,425
258791761,71.9098,71.5911,426,36890,0.271065,0.11,1,3386808,3386382,426
258794681,44.3639,44.8364,425,36947,0.270426,0.05,1,3386834,3386409,425
258806361,26.3789,25.7142,425,37175,0.270875,0.11,1,3386927,3386502,425
258809281,35.1516,10.2857,466,37232,0.27035,0.19,1,3386968,3386502,466
258812201,33.8606,26.3143,462,37289,0.27014,0.19,1,3387001,3386539,462
258823881,49.0588,25.528,499,37515,0.414676,0.27,1,3387155,3386656,499
258896881,49.7,50.9247,447,38898,0.751067,0.55,2,3388045,3387598,447
258899801,74.48,73.7699,449,38952,0.798427,0.55,2,3388136,3387687,449
258931921,27.3157,26.75,457,39545,0.907126,0.77,2,3388437,3387980,457
259092521,43.16,48.7585,484,42380,0.904048,1,2,3390426,3389942,484
259098361,55.6256,53.2814,484,42480,0.911448,1,2,3390560,3390076,484
259101281,34.8502,34.5125,483,42530,0.922579,1,2,3390581,3390098,483
259107121,35.576,26.162,504,42630,0.792013,1,2,3390649,3390145,504
259110041,25.6304,33.2648,485,42680,0.790805,1,2,3390668,3390183,485
259112961,21.6522,27.1059,481,42729,0.778322,1,2,3390687,3390206,481
259177201,71.688,38.564,543,43801,0.773461,0.59,2,3391437,3390894,543
259221001,63.9765,71.688,463,44519,0.919223,0.85,2,3391900,3391437,463
259434161,170.88,173.366,509,21997,0.2068,1,1,3394249,3393740,509
259440001,93.7008,99.0185,508,22189,0.075088,0.81,1,3394425,3393917,508
259442921,74.0803,83.4074,496,22285,0.0480352,0.73,1,3394486,3393990,496
259445841,57.2321,75.963,471,22380,0.0372141,0.37,1,3394532,3394061,471
259448761,55.8928,72.9852,455,22475,0.0928856,0.27,1,3394587,3394132,455
259451681,37.9571,51.9941,443,22569,0.0911542,0.17,1,3394613,3394170,443
259454601,49.9829,35.1976,477,22663,0.0424617,0.01,1,3394671,3394194,477
259457521,85.9931,47.0791,532,22757,0.0469847,0.05,1,3394781,3394249,532
259460441,74.5973,84.2316,490,22850,0.0487939,0.05,1,3394848,3394358,490
259463361,65.8389,73.8926,483,22943,0.0375175,0.03,1,3394908,3394425,483
259466281,53.3356,66.1571,467,23035,0.057007,0.03,1,3394953,3394486,467
259469201,57.3342,54.0628,481,23127,0.0648028,0.13,1,3395013,3394532,481
259472121,39.1337,54.6251,453,23219,0.0919211,0.09,1,3395040,3394587,453
259475041,47.4535,37.4501,480,23310,0.0787684,0.01,1,3395093,3394613,480
259477961,85.5814,49.78,533,23401,0.0495074,0.05,1,3395204,3394671,533
259480881,75.6326,85.912,492,23492,0.0378029,0.05,1,3395273,3394781,492
259483801,65.053,74.5648,483,23582,0.0691212,0.03,1,3395331,3394848,483
259489641,58.1685,53.3304,484,23762,0.0962594,0.07,1,3395437,3394953,484
259501321,73.7291,85.5813,423,24117,0.0811362,0.03,1,3395627,3395204,423
259504241,70.8916,75.6325,423,24205,0.0384545,0.09,1,3395696,3395273,423
259507161,65.5567,65.053,427,24293,0.0333818,0.13,1,3395758,3395331,427
259510081,53.8227,52.4212,429,24380,0.0673527,0.09,1,3395804,3395375,429
259518841,45.9487,45.307,428,24640,0.0971906,0.13,1,3395943,3395515,428
259539281,42.4062,41.3716,427,25236,0.209311,0.09,1,3396321,3395894,427
259542201,46.9625,45.9487,428,25320,0.257724,0.15,1,3396371,3395943,428
259545121,19.985,19.5795,428,25404,0.27709,0.13,1,3396373,3395945,428
259548041,70.394,70.2318,428,25487,0.296836,0.13,1,3396477,3396049,428
259568481,21.1895,46.7899,437,26064,0.40278,0.29,1,3396808,3396371,437
259615201,51.5924,50.5562,453,27336,0.767848,0.63,2,3397701,3397248,453
259618121,21.837,21.4225,453,27413,0.781139,0.67,2,3397703,3397250,453
259632721,47.9318,48.2568,455,27797,0.930895,0.73,2,3397995,3397540,455
259732001,62.3248,72.3314,482,30279,0.921853,1,2,3399771,3399289,482
259743681,34.6627,32.8261,493,30558,0.938047,1,2,3399923,3399430,493
259746601,41.4651,51.5304,475,30627,0.909219,1,2,3399969,3399494,475
259749521,38.786,39.8122,480,30696,0.945688,1,2,3400006,3399526,480
259880921,47.6763,56.3984,478,33657,0.93232,1,2,3402100,3401622,478
259883841,42.4705,42.3594,484,33720,0.912928,1,2,3402139,3401655,484
259886761,56.5882,61.9437,475,33783,0.767171,1,2,3402205,3401730,475
259910121,37.497,17.1908,511,34280,0.428348,1,1,3402519,3402008,511
259918881,53.0638,40.8202,526,34465,0.278694,0.67,1,3402665,3402139,526
259942241,34.7013,38.2413,477,34953,0.406721,0.39,1,3402959,3402482,477
259945161,40.8805,37.4965,485,35013,0.408688,0.33,1,3403004,3402519,485
259951001,50.7009,38.1594,496,35133,0.44099,0.25,1,3403098,3402602,496
260021081,50.3347,48.893,452,36549,0.761939,0.63,2,3403995,3403543,452
260024001,56.1339,54.9572,453,36607,0.766776,0.61,2,3404055,3403602,453
260026921,36.8535,36.9829,452,36665,0.75671,0.65,2,3404079,3403627,452
260041521,38.4769,37.1198,457,36952,0.940629,0.71,2,3404271,3403814,457
260161241,33.1196,26.3285,506,39227,0.934,1,2,3405840,3405334,506
260170001,29.6717,39.629,487,39389,0.935776,1,2,3405947,3405460,487
260187521,42.1079,40.4842,485,39709,0.925049,1,2,3406178,3405693,485
260213801,32.8475,23.9475,507,40186,0.944719,1,2,3406486,3405979,507
260510181,173.006,176.18,499,20544,0.4132,0.88,1,3410053,3409554,499
260516021,95.0009,96.3488,503,20750,0.297712,0.67,1,3410227,3409724,503
260527701,29.5856,44.4089,443,21156,0.400981,0.29,1,3410420,3409977,443
260530621,53.2342,63.3636,436,21256,0.418393,0.29,1,3410489,3410053,436
260533541,83.6937,87.1454,437,21356,0.449357,0.27,1,3410593,3410156,437
260562741,75.5659,74.1358,450,22329,0.751608,0.61,2,3411266,3410816,450
260565661,45.2264,44.6543,450,22424,0.762643,0.61,2,3411291,3410841,450
260571501,56.3162,11.9447,525,22613,0.783223,0.71,2,3411386,3410861,525
260735021,85.1491,83.5191,447,27368,0.79365,0.51,2,3414771,3414324,447
260737941,48.4596,47.8076,447,27445,0.79146,0.49,2,3414795,3414348,447
260746701,31.8534,30.4677,452,27676,0.786733,0.61,2,3414931,3414479,452
260761301,87.4155,85.1491,461,28057,0.905608,0.79,2,3415232,3414771,461
260764221,49.3662,48.4596,461,28132,0.944243,0.83,2,3415256,3414795,461
260869341,39.9341,43.4244,494,30725,0.93808,1,2,3417034,3416540,494
260872261,83.7737,85.1698,494,30794,0.765232,1,2,3417147,3416653,494
260883941,48.3062,48.5675,484,31068,0.42831,1,1,3417328,3416844,484
260889781,40.609,41.9708,480,31204,0.24253,0.98,1,3417402,3416922,480
260892701,30.6436,36.5883,471,31272,0.211012,1,1,3417426,3416955,471
260927741,36.3084,39.8551,458,32075,0.0760244,0.09,1,3417930,3417472,458
260951101,27.0776,34.4443,451,32599,0.201159,0.17,1,3418280,3417829,451
260954021,32.431,28.1777,463,32664,0.218463,0.13,1,3418316,3417853,463
260956941,35.1724,35.2711,460,32729,0.237385,0.03,1,3418353,3417893,460
260959861,15.269,36.3084,425,32794,0.220954,0.21,1,3418355,3417930,425
260962781,70.9076,76.3234,430,32858,0.238382,0.17,1,3418463,3418033,430
260983221,27.3472,27.0776,432,33306,0.412977,0.23,1,3418712,3418280,432
260986141,33.1389,32.431,433,33370,0.411191,0.25,1,3418749,3418316,433
260989061,36.0555,35.1724,434,33433,0.434476,0.21,1,3418787,3418353,434
260991981,15.6222,15.269,434,33496,0.443791,0.25,1,3418789,3418355,434
261032861,33.5033,31.2638,472,34370,0.758078,0.59,2,3419403,3418931,472
261044541,37.4865,36.0852,492,34615,0.907935,0.69,2,3419587,3419095,492
261064981,34.8974,50.7576,482,35041,0.938029,0.77,2,3419863,3419381,482
261196381,63.7197,28.1043,578,37660,0.94,1,2,3421706,3421128,578
261199301,43.4879,68.8417,512,37716,0.946,1,2,3421736,3421224,512
261213901,35.8549,36.8528,511,37996,0.436455,1,1,3421910,3421399,511
261219741,37.6568,46.0964,502,38108,0.207833,1,1,3421989,3421487,502
261225581,32.1851,34.4954,513,38218,0.0584532,1,1,3422065,3421552,513
261228501,33.274,35.9982,510,38273,0.0533813,1,1,3422099,3421589,510
261231421,58.3096,34.7993,551,38328,0.0213525,0.9,1,3422174,3421623,551
261234341,40.7238,63.7197,497,38383,0.026541,0.95,1,3422203,3421706,497
261237261,35.4895,43.4879,499,38438,0.0406164,0.85,1,3422235,3421736,499
261240181,25.5958,38.3952,483,38493,0.0342466,0.83,1,3422254,3421771,483
261243101,31.2383,30.3581,493,38548,0.0676986,0.59,1,3422289,3421796,493
261246021,31.6953,37.3432,483,38603,0.0570794,0.43,1,3422321,3421838,483
261248941,13.8781,37.1373,448,38658,0.0528318,0.37,1,3422323,3421875,448
261251861,23.5513,35.8549,443,38713,0.0991327,0.25,1,3422353,3421910,443
261254781,29.2205,40.142,433,38768,0.0936531,0.13,1,3422386,3421953,433
261269381,58.2775,58.3096,423,39038,0.0694358,0.03,1,3422597,3422174,423
261272301,41.911,40.7238,425,39092,0.0457743,0.05,1,3422628,3422203,425
261275221,35.9644,35.4895,425,39146,0.0483097,0.03,1,3422660,3422235,425
261278141,24.5858,25.5958,423,39200,0.0733239,0.09,1,3422677,3422254,423
261281061,33.2343,31.2383,427,39254,0.0473296,0.05,1,3422716,3422289,427
261283981,30.6937,31.6953,424,39308,0.0609318,0.05,1,3422745,3422321,424
261286901,13.4775,13.8781,424,39362,0.0783727,0.13,1,3422747,3422323,424
261289821,25.791,23.5513,428,39416,0.0733491,0.09,1,3422781,3422353,428
261301501,29.6522,29.7341,427,39630,0.24567,0.11,1,3422915,3422488,427
261304421,30.4609,31.6936,425,39683,0.260268,0.03,1,3422946,3422521,425
261307341,55.9844,58.2775,422,39736,0.242107,0.03,1,3423019,3422597,422
261310261,41.5937,41.911,423,39789,0.210843,0.05,1,3423051,3422628,423
261313181,35.2375,35.9644,422,39842,0.210337,0.09,1,3423082,3422660,422
261342381,32.4659,29.2561,466,40370,0.20162,0.27,1,3423381,3422915,466
261345301,52.5864,30.3024,501,40422,0.254648,0.23,1,3423447,3422946,501
261348221,40.2345,55.921,460,40474,0.275859,0.19,1,3423479,3423019,460
261351141,35.2938,41.5684,460,40526,0.284344,0.21,1,3423511,3423051,460
261354061,24.9175,35.2274,447,40578,0.287737,0.15,1,3423529,3423082,447
261356981,32.767,25.4909,466,40630,0.289095,0.17,1,3423567,3423101,466
261371581,30.8559,29.7609,458,40890,0.414906,0.13,1,3423697,3423239,458
261374501,47.7423,29.9043,487,40942,0.411962,0.17,1,3423756,3423269,487
261377421,33.4969,46.1617,454,40994,0.410785,0.21,1,3423780,3423326,454
261380341,34.3988,31.6647,467,41045,0.446314,0.21,1,3423815,3423348,467
261383261,53.9595,32.4659,501,41096,0.448526,0.29,1,3423882,3423381,501
261456261,47.1954,46.087,450,42360,0.751416,0.61,2,3424650,3424200,450
261459181,32.0782,31.6348,450,42410,0.774566,0.59,2,3424672,3424222,450
261462101,33.8313,34.2539,449,42460,0.759826,0.55,2,3424707,3424258,449
261473781,26.1285,25.2321,452,42660,0.904044,0.63,2,3424862,3424410,452
261476701,33.8514,32.8928,453,42709,0.931617,0.63,2,3424901,3424448,453
261479621,32.7406,32.3571,453,42758,0.942647,0.67,2,3424933,3424480,453
261494221,27.1884,26.4885,455,43003,0.921259,0.71,2,3425044,3424589,455
261497141,49.2754,10.5954,519,43052,0.926504,0.79,2,3425108,3424589,519
261500061,32.9101,40.8382,480,43101,0.928601,0.79,2,3425130,3424650,480
261502981,34.1641,29.5353,493,43150,0.941441,0.75,2,3425165,3424672,493
261704461,336.604,350.327,495,20440,0.442,0,1,3427577,3427082,495
261727821,362.042,409.531,425,20440,0.2068,0.13,1,3427956,3427531,425
261733661,74.3667,82.4449,429,21370,0.067888,0.03,1,3427999,3427570,429
261736581,77.1467,64.178,456,21469,0.0691552,0.13,1,3428078,3427622,456
261739501,101.059,95.8712,456,21568,0.0456621,0.09,1,3428195,3427739,456
261742421,65.6235,71.9485,442,21666,0.0482648,0.13,1,3428237,3427795,442
261745341,68.2494,62.9794,455,21764,0.0973059,0.05,1,3428307,3427852,455
261748261,70.4998,52.7918,481,21861,0.0569224,0.07,1,3428379,3427898,481
261751181,43.1999,71.5167,422,21958,0.0767689,0.03,1,3428404,3427982,422
261754101,28.68,38.8067,424,22055,0.0487076,0.07,1,3428423,3427999,424
261757021,59.472,62.9227,425,22151,0.025483,0.03,1,3428503,3428078,425
261759941,93.9888,95.3691,425,22247,0.0521932,0.05,1,3428620,3428195,425
261762861,62.1955,63.3476,424,22342,0.0988773,0.13,1,3428661,3428237,424
261780381,95.6365,56.7555,541,22906,0.0819647,0.07,1,3429044,3428503,541
261783301,63.4546,92.9022,466,22999,0.0627859,0.13,1,3429086,3428620,466
261786221,72.1818,61.7609,503,23091,0.0551143,0.17,1,3429164,3428661,503
261789141,69.6727,69.7043,496,23183,0.0880457,0.17,1,3429232,3428736,496
261792061,42.2691,67.4817,454,23274,0.0892183,0.21,1,3429256,3428802,454
261803741,62.9493,95.6347,466,23636,0.225916,0.05,1,3429510,3429044,466
261806661,72.5797,63.4539,503,23726,0.252366,0.05,1,3429589,3429086,503
261809581,69.8319,72.1816,493,23815,0.274947,0.11,1,3429657,3429164,493
261812501,42.9328,69.6726,450,23904,0.283979,0.09,1,3429682,3429232,450
261815421,18.3731,42.269,428,23993,0.287591,0.13,1,3429684,3429256,428
261827101,64.8959,62.9493,435,24344,0.413106,0.27,1,3429945,3429510,435
261830021,73.3584,72.5797,435,24431,0.447243,0.29,1,3430024,3429589,435
261832941,70.7434,69.8319,436,24518,0.436897,0.29,1,3430093,3429657,436
261862141,18.9161,18.5189,445,25369,0.773336,0.47,2,3430565,3430120,445
261865061,18.3664,18.2076,445,25453,0.759334,0.47,2,3430583,3430138,445
261867981,58.3466,7.28303,530,25536,0.777734,0.59,2,3430668,3430138,530
261885501,19.7082,44.2455,460,26030,0.904896,0.79,2,3431023,3430563,460
261888421,18.6833,18.8982,476,26111,0.907959,0.75,2,3431041,3430565,476
261891341,60.8733,18.3593,547,26192,0.909183,0.79,2,3431130,3430583,547
261894261,96.9493,58.3437,583,26273,0.933673,0.83,2,3431251,3430668,583
261897181,69.9797,95.9375,514,26354,0.931469,0.87,2,3431303,3430789,514
262008141,71.6079,56.9222,548,29251,0.439218,1,1,3433360,3432812,548
262037341,56.1087,71.6079,439,29966,0.411433,0.29,1,3433799,3433360,439
262084061,52.0376,51.0518,448,31076,0.784657,0.57,2,3434527,3434079,448
262086981,43.6151,42.0207,450,31144,0.799863,0.67,2,3434565,3434115,450
262101581,42.6146,37.3769,498,31482,0.912002,0.71,2,3434765,3434267,498
262104501,38.6458,41.3507,490,31549,0.922801,0.73,2,3434801,3434311,490
262107421,43.0583,36.9403,502,31616,0.92712,0.71,2,3434847,3434345,502
262250501,44.3545,35.765,536,34742,0.286135,1,1,3437079,3436543,536
262256341,38.0567,35.4824,526,34864,0.0637816,1,1,3437151,3436625,526
262259261,32.6227,35.193,520,34925,0.0435126,1,1,3437180,3436660,520
262262181,26.2491,33.2772,510,34986,0.0174051,0.95,1,3437202,3436692,510
262265101,23.0996,30.1109,503,35046,0.024962,1,1,3437223,3436720,503
262268021,75.2399,32.4444,579,35106,0.0399848,0.93,1,3437333,3436754,579
262270941,48.6959,80.7777,497,35166,0.0699939,0.79,1,3437364,3436867,497
262273861,44.6784,56.9111,498,35226,0.0579976,0.65,1,3437406,3436908,498
262276781,37.6714,52.1644,482,35286,0.053199,0.53,1,3437439,3436957,482
262279701,34.8685,42.4658,479,35346,0.0872796,0.41,1,3437472,3436993,479
262282621,36.1474,40.3863,477,35406,0.0769118,0.15,1,3437509,3437032,477
262285541,30.059,44.3545,456,35466,0.0847647,0.05,1,3437535,3437079,456
262288461,34.8236,38.1418,460,35526,0.0519059,0.01,1,3437573,3437113,460
262291381,31.3294,38.0567,451,35586,0.0387624,0.03,1,3437602,3437151,451
262294301,25.7318,32.6227,444,35645,0.0155049,0,1,3437624,3437180,444
262297221,11.4927,26.2491,424,35704,0.036202,0.03,1,3437626,3437202,424
262300141,16.5971,23.0996,423,35763,0.0684808,0.05,1,3437646,3437223,423
262303061,72.6388,75.2399,423,35822,0.0453923,0.09,1,3437756,3437333,423
262305981,48.2555,48.6959,424,35881,0.0961569,0.05,1,3437788,3437364,424
262338101,73.9937,72.6388,425,36524,0.08538,0.13,1,3438181,3437756,425
262341021,49.3975,48.2555,426,36582,0.040152,0.11,1,3438214,3437788,426
262343941,45.559,44.5022,427,36640,0.0700608,0.15,1,3438257,3437830,427
262346861,39.2236,38.8009,427,36698,0.0700243,0.17,1,3438292,3437865,427
262349781,35.4894,34.7204,428,36756,0.0940097,0.13,1,3438325,3437897,428
262373141,71.4325,6.1937,534,37212,0.0875211,0.05,1,3438602,3438068,534
262376061,48.373,70.2775,454,37269,0.0530084,0.01,1,3438635,3438181,454
262378981,46.9492,47.911,467,37326,0.0512034,0.09,1,3438681,3438214,467
262381901,40.3797,44.9644,460,37383,0.0504813,0.07,1,3438717,3438257,460
262384821,36.5519,38.9858,459,37440,0.0861925,0.11,1,3438751,3438292,459
262416941,42.3138,46.9492,461,38056,0.222929,0.05,1,3439142,3438681,461
262419861,37.9255,40.3797,460,38112,0.251172,0.11,1,3439177,3438717,460
262422781,39.1702,36.5519,466,38167,0.274469,0.13,1,3439217,3438751,466
262446141,47.6804,69.4028,462,38607,0.423275,0.19,1,3439487,3439025,462
262449061,20.2722,46.9611,432,38662,0.43931,0.19,1,3439489,3439057,432
262489941,35.291,34.5089,445,39420,0.756188,0.49,2,3439978,3439533,445
262492861,40.5164,39.6035,446,39474,0.776475,0.51,2,3440022,3439576,446
262548341,25.6975,30.6134,485,40478,0.929521,0.85,2,3440680,3440195,485
262551261,11.479,25.4454,465,40530,0.941808,0.85,2,3440682,3440217,465
262554181,15.9916,11.3781,482,40582,0.934723,0.87,2,3440701,3440219,482
262557101,76.5966,15.3513,581,40634,0.919889,0.87,2,3440818,3440237,581
262560021,49.8387,77.5405,494,40686,0.925956,0.83,2,3440850,3440356,494
262562941,21.1355,50.2162,464,40738,0.928382,0.83,2,3440852,3440388,464
262565861,36.6542,21.2865,509,40790,0.917353,0.85,2,3440899,3440390,509
262568781,41.0617,36.1146,507,40842,0.936941,0.85,2,3440943,3440436,507
262697261,28.6653,12.2573,517,43056,0.93376,1,2,3442472,3441955,517
262703101,33.5064,25.9612,524,43154,0.941402,1,2,3442537,3442013,524
262706021,27.8026,36.7845,504,43203,0.910561,1,2,3442561,3442057,504
262711861,29.1684,28.3255,509,43301,0.75169,1,2,3442616,3442107,509
262720621,42.5228,61.7408,504,43448,0.415068,1,1,3442759,3442255,504
262726461,29.6036,30.9985,502,43546,0.245211,1,1,3442812,3442310,502
262732301,35.0966,39.5198,507,43642,0.0860337,0.96,1,3442889,3442382,507
262735221,30.8386,37.4079,499,43690,0.0524135,0.94,1,3442917,3442418,499
262738141,26.7355,31.1632,496,43738,0.0509654,0.92,1,3442941,3442445,496
262741061,25.6942,28.6653,494,43786,0.0623862,1,1,3442966,3442472,494
262743981,29.4777,28.2661,498,43834,0.0669545,0.92,1,3442998,3442500,498
262746901,26.1911,33.5064,485,43882,0.0927818,0.89,1,3443022,3442537,485
262749821,19.4764,27.8026,476,43930,0.0791127,0.75,1,3443037,3442561,476
262752741,25.1906,24.921,482,43978,0.0736451,0.71,1,3443066,3442584,482
262755661,28.6762,29.1684,481,44026,0.059458,0.61,1,3443097,3442616,481
262787781,25.4184,29.4777,427,44551,0.223739,0.11,1,3443425,3442998,427
262790701,23.9674,26.1911,426,44598,0.239496,0.07,1,3443448,3443022,426
262793621,19.7869,19.4764,428,44645,0.233798,0.07,1,3443465,3443037,428
262796541,23.5148,25.1906,425,44692,0.243519,0.05,1,3443491,3443066,425
262799461,28.6059,28.6762,426,44739,0.259408,0.17,1,3443523,3443097,426
262802381,57.6424,54.0705,432,44786,0.289763,0.15,1,3443600,3443168,432
262825741,25.6103,24.6151,429,45162,0.414663,0.19,1,3443817,3443388,429
262828661,11.4441,11.0461,429,45209,0.423865,0.25,1,3443819,3443390,429
262930861,31.3658,24.099,487,46813,0.756207,0.63,2,3444860,3444373,487
262933781,61.1463,30.6396,533,46858,0.776483,0.65,2,3444941,3444408,533
262936701,40.0585,60.2558,479,46903,0.796593,0.67,2,3444967,3444488,479
262942541,27.4094,28.1209,479,46993,0.795855,0.67,2,3445014,3444535,479
262968821,12.1433,27.3409,457,47398,0.905731,0.73,2,3445238,3444781,457
262971741,16.2573,20.5364,460,47442,0.920292,0.75,2,3445257,3444797,460
263151321,61.2271,68.7002,503,23640,0.793802,0.57,2,3447553,3447050,503
263294401,49.9285,39.6386,507,27692,0.75448,1,2,3450365,3449858,507
263300241,59.8286,70.0622,486,27844,0.299517,1,1,3450488,3450002,486
263306081,42.0926,40.4899,498,27996,0.0827227,1,1,3450571,3450073,498
263309001,36.037,41.396,488,28072,0.0330891,1,1,3450603,3450115,488
263311921,40.8148,44.7584,485,28147,0.0312356,0.93,1,3450647,3450162,485
263314841,61.9259,74.3034,467,28222,0.0124943,0.73,1,3450723,3450256,467
263317761,64.3704,75.3213,457,28297,0.0229977,0.71,1,3450789,3450332,457
263320681,43.7481,49.9285,454,28372,0.0511991,0.71,1,3450819,3450365,454
263323601,45.0993,19.9714,500,28447,0.0504796,0.37,1,3450865,3450365,500
263326521,46.8397,44.5886,487,28521,0.0621919,0.15,1,3450913,3450426,487
263329441,45.1359,55.0354,469,28595,0.0428767,0.07,1,3450957,3450488,469
263332361,39.6544,50.8142,457,28669,0.0471507,0.03,1,3450993,3450536,457
263335281,35.0617,41.3257,454,28743,0.0368603,0,1,3451025,3450571,454
263338201,41.6247,35.7303,468,28817,0.0147441,0.03,1,3451071,3450603,468
263341121,60.4499,40.6921,497,28890,0.0118976,0,1,3451144,3450647,497
263344041,63.78,61.8768,487,28963,0.0107591,0.03,1,3451210,3450723,487
263346961,44.112,64.3507,452,29036,0.0583036,0.07,1,3451241,3450789,452
263349881,45.8448,43.7403,469,29109,0.0413214,0.05,1,3451288,3450819,469
263352801,47.1379,45.0961,471,29182,0.0165286,0.07,1,3451336,3450865,471
263355721,44.0552,46.8384,465,29255,0.0126114,0.03,1,3451378,3450913,465
263358641,41.0221,45.1354,460,29327,0.0350446,0.05,1,3451417,3450957,460
263361561,33.8088,39.6542,453,29399,0.0320178,0.03,1,3451446,3450993,453
263364481,42.9235,35.0617,470,29471,0.0128071,0,1,3451495,3451025,470
263367401,60.3694,41.6247,496,29543,0.00512285,0.01,1,3451567,3451071,496
263370321,64.9478,60.4499,491,29615,0.0200491,0.01,1,3451635,3451144,491
263373241,42.7791,63.7799,453,29686,0.0260197,0.09,1,3451663,3451210,453
263376161,45.3116,44.112,469,29757,0.0284079,0.03,1,3451710,3451241,469
263379081,49.9247,45.8448,475,29828,0.0293631,0,1,3451763,3451288,475
263382001,21.1699,47.1379,429,29899,0.0117453,0.01,1,3451765,3451336,429
263384921,29.4679,44.0552,422,29970,0.0466981,0.05,1,3451800,3451378,422
263387841,35.7872,41.0221,423,30041,0.0366792,0.03,1,3451840,3451417,423
263390761,31.1149,33.8088,422,30111,0.0326717,0,1,3451868,3451446,422
263393681,42.4459,42.9235,423,30181,0.0190687,0,1,3451918,3451495,423
263396601,60.1784,60.3694,423,30251,0.0136275,0.03,1,3451990,3451567,423
263399521,64.8714,64.9478,423,30321,0.059451,0.03,1,3452058,3451635,423
263402441,43.3485,42.7791,424,30391,0.0897804,0.03,1,3452087,3451663,424
263408281,50.9758,49.9247,425,30530,0.0635649,0,1,3452188,3451763,425
263411201,21.5903,21.1699,425,30599,0.0254259,0.07,1,3452190,3451765,425
263414121,28.4361,29.4679,423,30668,0.0641704,0.03,1,3452223,3451800,423
263417041,34.7744,35.7872,422,30737,0.0436682,0.03,1,3452262,3451840,422
263419961,30.7098,31.1149,422,30806,0.0354673,0.01,1,3452290,3451868,422
263422881,42.2839,42.4459,422,30875,0.0201869,0.01,1,3452340,3451918,422
263425801,60.1136,60.1784,422,30944,0.0140748,0.09,1,3452412,3451990,422
263428721,67.2454,64.8714,426,31012,0.0596299,0.11,1,3452484,3452058,426
263431641,43.6982,43.3485,425,31080,0.077852,0.13,1,3452512,3452087,425
263434561,45.6793,44.9394,426,31148,0.0851408,0.03,1,3452559,3452133,426
263437481,48.8717,50.9758,422,31216,0.0760563,0,1,3452610,3452188,422
263440401,20.7487,21.5903,422,31284,0.0724225,0,1,3452612,3452190,422
263443321,28.6995,8.63612,456,31352,0.058969,0.09,1,3452646,3452190,456
263446241,33.6798,23.2544,460,31419,0.0415876,0.03,1,3452683,3452223,460
263449161,30.2719,32.7018,449,31486,0.070635,0.03,1,3452711,3452262,449
263452081,42.1088,29.8807,471,31553,0.046254,0.01,1,3452761,3452290,471
263455001,60.0435,41.9523,493,31620,0.0605016,0.01,1,3452833,3452340,493
263457921,68.4174,59.9809,495,31687,0.0422006,0.09,1,3452907,3452412,495
263460841,44.167,67.1924,451,31754,0.0348803,0.09,1,3452935,3452484,451
263463761,45.8668,43.6769,470,31821,0.0199521,0.09,1,3452982,3452512,470
263466681,48.3467,45.6708,473,31887,0.0739808,0.07,1,3453032,3452559,473
263469601,20.5387,48.8683,424,31953,0.0955923,0.07,1,3453034,3452610,424
263481281,40.7978,30.2718,471,32217,0.0863992,0.03,1,3453182,3452711,471
263484201,60.7191,42.1087,495,32283,0.0765597,0.07,1,3453256,3452761,495
263487121,68.0876,60.0435,496,32349,0.0486239,0.03,1,3453329,3452833,496
263490041,44.0351,68.4174,450,32414,0.0374495,0.03,1,3453357,3452907,450
263492961,45.814,44.167,469,32479,0.0209798,0.01,1,3453404,3452935,469
263495881,50.7256,45.8668,476,32544,0.0623919,0.11,1,3453458,3452982,476
263498801,21.4902,48.3467,428,32609,0.0789568,0.11,1,3453460,3453032,428
263501721,30.7961,20.5387,463,32674,0.0855827,0.13,1,3453497,3453034,463
263504641,32.7184,29.2155,462,32739,0.208233,0.11,1,3453531,3453069,462
263507561,14.2874,34.4862,426,32804,0.257293,0.11,1,3453533,3453107,426
263519241,66.001,68.0876,423,33060,0.259499,0.03,1,3453752,3453329,423
263522161,43.2004,44.0351,423,33124,0.217799,0.01,1,3453780,3453357,423
263525081,45.4802,45.814,423,33188,0.21312,0.09,1,3453827,3453404,423
263533841,32.8627,30.7961,429,33379,0.22748,0.29,1,3453926,3453497,429
263539681,16.298,14.2874,436,33505,0.203197,0.33,1,3453969,3453533,436
263548441,59.8911,60.0024,438,33694,0.212925,0.19,1,3454120,3453682,438
263551361,61.7564,66.001,431,33757,0.29517,0.19,1,3454183,3453752,431
263586401,42.5916,60.861,464,34502,0.417517,0.35,1,3454647,3454183,464
263589321,45.2366,41.1444,483,34563,0.449007,0.37,1,3454694,3454211,483
263633121,39.1821,32.7511,488,35470,0.773133,0.47,2,3455280,3454792,488
263647721,53.7791,61.3453,452,35766,0.946346,0.67,2,3455442,3454990,452
263805401,36.7159,34.9116,491,38829,0.93808,1,2,3457578,3457087,491
263820001,23.0099,31.642,489,39099,0.917699,1,2,3457728,3457239,489
263822921,26.604,28.2568,492,39153,0.93708,1,2,3457757,3457265,492
263828761,60.5366,60.4411,486,39261,0.791933,1,2,3457885,3457399,486
263840441,47.0057,45.2897,483,39477,0.755777,0.9,2,3458030,3457547,483
263860881,21.8707,26.604,463,39848,0.905576,0.85,2,3458220,3457757,463
263869641,36.3437,39.2147,458,40007,0.903957,0.69,2,3458368,3457910,458
263872561,31.9375,31.2859,461,40060,0.931583,0.69,2,3458397,3457936,461
263875481,34.375,12.5143,497,40113,0.942633,0.75,2,3458433,3457936,497
263878401,48.55,29.0057,515,40166,0.947053,0.77,2,3458491,3457976,515
263881321,38.02,44.0023,492,40219,0.912821,0.85,2,3458522,3458030,492
264024401,43.6961,56.4765,489,42714,0.94,1,2,3460252,3459763,489
264056521,29.5588,29.4504,519,43253,0.948369,1,2,3460636,3460117,519
264059441,32.8235,30.3802,523,43302,0.901347,1,2,3460671,3460148,523
264065281,35.9718,32.7008,541,43400,0.787416,0.9,2,3460742,3460201,541
264071121,33.2355,39.6721,518,43498,0.799186,1,2,3460807,3460289,518
264074041,30.0942,35.0689,514,43547,0.757675,1,2,3460835,3460321,514
264138281,30.3806,32.5139,447,44599,0.768027,0.51,2,3461526,3461079,447
264141201,30.7522,29.8055,450,44646,0.793211,0.53,2,3461557,3461107,450
264193761,29.4787,29.0401,463,45490,0.902617,0.87,2,3462110,3461647,463
264196681,28.5915,28.4161,463,45536,0.907047,0.83,2,3462138,3461675,463
264199601,32.4366,32.3664,463,45582,0.920819,0.83,2,3462173,3461710,463
264386481,39.9091,47.9723,488,48455,0.920308,1,2,3464174,3463686,488
264389401,37.5637,39.5889,490,48498,0.914123,1,2,3464210,3463720,490
264395241,34.0902,32.7342,491,48584,0.77626,1,2,3464276,3463785,491
264430281,26.1446,28.0034,495,49100,0.448869,0.99,1,3464595,3464100,495
264433201,37.4578,26.2013,515,49143,0.413547,0.88,1,3464640,3464125,515
264439041,31.4333,37.5522,494,49229,0.405768,0.85,1,3464704,3464210,494
264441961,25.1733,34.2209,483,49272,0.408307,0.71,1,3464725,3464242,483
264450721,26.1631,24.1741,479,49401,0.408452,0.61,1,3464806,3464327,479
264453641,30.2652,27.0697,483,49444,0.433381,0.61,1,3464839,3464356,483
264456561,30.7061,29.4279,483,49487,0.419352,0.55,1,3464870,3464387,483
264459481,27.2824,32.1711,474,49530,0.401741,0.59,1,3464895,3464421,474
264465321,22.2452,19.3074,473,49615,0.403879,0.57,1,3464932,3464459,473
264468241,28.0981,24.523,477,49657,0.419551,0.47,1,3464964,3464487,477
264471161,25.6392,26.0092,474,49699,0.425821,0.47,1,3464988,3464514,474
264526641,25.8603,25.2223,446,50497,0.758615,0.47,2,3465483,3465037,446
264529561,34.3441,34.6889,445,50539,0.777446,0.47,2,3465523,3465078,445
264561681,24.3971,23.509,453,50996,0.917596,0.61,2,3465826,3465373,453
264564601,10.9588,10.6036,453,51037,0.925038,0.67,2,3465828,3465375,453
264567521,24.7835,23.4414,455,51078,0.928015,0.71,2,3465862,3465407,455
264837621,168.293,168.616,491,24905,0.214,0.71,1,3468485,3467994,491
264843461,76.3668,89.7385,467,25075,0.05704,0.15,1,3468604,3468137,467
264846381,65.9467,71.2954,467,25160,0.040816,0.03,1,3468663,3468196,467
264849301,58.7787,69.3182,453,25244,0.0343264,0.03,1,3468717,3468264,453
264852221,59.5115,58.9273,461,25328,0.0317306,0,1,3468777,3468316,461
264855141,40.0046,48.7709,446,25412,0.0546922,0.01,1,3468804,3468358,446
264858061,26.8018,36.3084,436,25495,0.0278769,0,1,3468822,3468386,436
264860981,62.9207,32.5233,493,25578,0.0411508,0.09,1,3468909,3468416,493
264863901,61.1683,54.4093,484,25661,0.0584603,0.07,1,3468969,3468485,484
264866821,58.6673,58.3637,480,25744,0.0413841,0.01,1,3469026,3468546,480
264869741,59.4669,58.1455,482,25826,0.0705536,0.03,1,3469086,3468604,482
264872661,56.1868,58.6582,477,25908,0.0282215,0.03,1,3469140,3468663,477
264875581,57.8747,55.8633,482,25990,0.0292886,0.03,1,3469199,3468717,482
264878501,39.3499,58.3453,449,26072,0.0417154,0.07,1,3469226,3468777,449
264881421,27.74,39.5381,442,26153,0.0226862,0.01,1,3469246,3468804,442
264884341,63.296,26.6152,511,26234,0.0990745,0.05,1,3469333,3468822,511
264893101,59.5389,58.6554,483,26476,0.222581,0.09,1,3469509,3469026,483
264896021,55.6156,59.4621,476,26556,0.263032,0,1,3469562,3469086,476
264901861,40.2185,57.8739,450,26716,0.0720852,0.05,1,3469649,3469199,450
264904781,27.4874,39.3496,442,26795,0.0468341,0.01,1,3469668,3469226,442
264907701,67.395,27.7398,516,26874,0.0487336,0.15,1,3469762,3469246,516
264910621,28.158,63.2959,431,26953,0.0494935,0.19,1,3469764,3469333,431
264913541,46.0632,60.1184,431,27032,0.0497974,0.15,1,3469822,3469391,431
264916461,53.8253,58.8474,432,27110,0.0859189,0.27,1,3469881,3469449,432
264936901,28.1875,28.158,424,27652,0.0977163,0.05,1,3470188,3469764,424
264954421,36.3489,38.4291,426,28109,0.211395,0.13,1,3470499,3470073,426
264957341,25.3396,26.1716,426,28184,0.234558,0.09,1,3470517,3470091,426
264960261,67.1358,67.4687,426,28259,0.243823,0.09,1,3470612,3470186,426
264963181,28.0543,28.1875,426,28334,0.247529,0.19,1,3470614,3470188,426
264966101,49.0217,46.075,431,28409,0.237012,0.19,1,3470677,3470246,431
264969021,55.6087,18.43,491,28484,0.208805,0.17,1,3470737,3470246,491
264971941,61.8435,44.572,495,28558,0.221522,0.19,1,3470803,3470308,495
264974861,57.1374,58.0288,482,28632,0.250609,0.17,1,3470857,3470375,482
264977781,49.255,54.4115,474,28706,0.250244,0.19,1,3470901,3470427,474
264980701,36.502,48.1646,458,28780,0.250097,0.23,1,3470929,3470471,458
264983621,26.0008,36.0658,449,28854,0.262039,0.25,1,3470948,3470499,449
264986541,67.4003,25.2263,526,28927,0.290816,0.25,1,3471043,3470517,526
265050781,59.2036,57.7994,457,30497,0.928833,0.71,2,3472066,3471609,457
265170501,56.9368,62.6479,479,33222,0.922,1,2,3473956,3473477,479
265179261,48.476,53.4495,482,33413,0.785488,1,2,3474090,3473608,482
265202621,52.8899,56.9368,482,33916,0.078026,0.88,1,3474438,3473956,482
265205541,33.156,41.9747,470,33978,0.0732104,0.85,1,3474458,3473988,470
265208461,39.6624,49.1899,460,34040,0.0472842,0.73,1,3474502,3474042,460
265211381,44.065,48.476,459,34102,0.0189137,0.67,1,3474549,3474090,459
265214301,35.026,42.7904,449,34164,0.0255655,0.53,1,3474578,3474129,449
265217221,30.8104,35.1162,447,34226,0.0522262,0.53,1,3474606,3474159,447
265220141,30.3242,14.0465,477,34288,0.0388905,0.57,1,3474636,3474159,477
265223061,30.7297,24.8186,476,34350,0.0335562,0.45,1,3474667,3474191,476
265225981,54.8919,30.3274,513,34412,0.0434225,0.19,1,3474738,3474225,513
265228901,38.1567,61.931,457,34473,0.059369,0.09,1,3474765,3474308,457
265231821,34.4627,45.7724,454,34534,0.0897476,0.13,1,3474797,3474343,454
265246421,34.7295,44.0594,450,34839,0.0906694,0.03,1,3474999,3474549,450
265249341,30.6918,35.0238,449,34900,0.0902678,0.07,1,3475027,3474578,449
265252261,30.2767,30.8095,451,34961,0.0541071,0.03,1,3475057,3474606,451
265255181,31.3107,30.3238,453,35021,0.0516428,0.03,1,3475089,3474636,453
265266861,53.136,34.4627,492,35261,0.202202,0.19,1,3475289,3474797,492
265269781,32.0544,52.1851,446,35321,0.230881,0.13,1,3475307,3474861,446
265272701,38.0218,32.274,469,35381,0.266352,0.09,1,3475349,3474880,469
265275621,42.8087,39.3096,471,35441,0.280541,0.13,1,3475395,3474924,471
265278541,34.5235,43.3238,454,35501,0.286216,0.07,1,3475424,3474970,454
265281461,30.6094,34.7295,453,35561,0.288487,0.09,1,3475452,3474999,453
265284381,28.4438,30.6918,452,35620,0.277395,0.03,1,3475479,3475027,452
265287301,31.1775,30.2767,455,35679,0.248958,0.05,1,3475512,3475057,455
265290221,13.671,31.3107,425,35738,0.237583,0.15,1,3475514,3475089,425
265293141,49.2684,55.1243,427,35797,0.221033,0.17,1,3475587,3475160,427
265296061,41.3074,41.8497,430,35856,0.238413,0.17,1,3475623,3475193,430
265298981,36.3229,35.3399,432,35915,0.257365,0.23,1,3475656,3475224,432
265310661,43.9907,42.8087,437,36151,0.403981,0.29,1,3475832,3475395,437
265313581,34.3963,34.5235,436,36209,0.419592,0.29,1,3475860,3475424,436
265316501,30.5585,30.6094,436,36267,0.437837,0.27,1,3475888,3475452,436
265319421,26.6234,28.4438,433,36325,0.445135,0.23,1,3475912,3475479,433
265404101,38.8961,42.1497,487,37976,0.773941,0.63,2,3476990,3476503,487
265412861,43.5293,34.3776,502,38143,0.905132,0.63,2,3477128,3476626,502
265415781,47.4117,41.951,505,38198,0.944053,0.73,2,3477178,3476673,505
265553021,34.8253,42.508,505,40715,0.932056,1,2,3478873,3478368,505
265558861,38.452,31.0413,520,40819,0.909929,1,2,3478947,3478427,520
265564701,30.0323,31.6066,507,40923,0.919589,1,2,3479003,3478496,507
265567621,51.0129,40.8426,525,40975,0.913835,0.94,2,3479068,3478543,525
265570541,45.6052,46.3371,517,41027,0.947534,1,2,3479110,3478593,517
265728221,30.1439,34.2479,506,43717,0.772816,1,2,3480956,3480450,506
265742821,30.132,32.7949,500,43957,0.284557,1,1,3481107,3480607,500
265745741,36.6528,31.1179,511,44005,0.203823,1,1,3481148,3480637,511
265751581,43.0645,31.6189,531,44101,0.0866116,1,1,3481231,3480700,531
265754501,37.0258,46.2475,508,44149,0.0886446,1,1,3481264,3480756,508
265757421,38.2103,41.899,508,44197,0.0414579,1,1,3481303,3480795,508
265760341,33.2841,39.5596,500,44245,0.0165831,0.99,1,3481333,3480833,500
265763261,28.3136,32.6238,497,44293,0.0246333,0.95,1,3481358,3480861,497
265766181,30.5255,31.6495,498,44341,0.0398533,0.85,1,3481390,3480892,498
265769101,23.0102,34.8598,479,44389,0.0219413,0.69,1,3481408,3480929,479
265772021,24.2041,30.1439,477,44437,0.0507765,0.57,1,3481433,3480956,477
265774941,10.8816,30.6576,448,44484,0.0623106,0.57,1,3481435,3480987,448
265777861,21.1527,32.063,443,44531,0.0549242,0.35,1,3481463,3481020,443
265780781,23.4611,27.8252,443,44578,0.0399697,0.31,1,3481488,3481045,443
265783701,24.3844,30.3301,436,44625,0.0579879,0.23,1,3481513,3481077,436
265786621,24.1538,30.132,430,44672,0.0651952,0.15,1,3481537,3481107,430
265789541,33.0615,36.6528,428,44719,0.0440781,0.15,1,3481576,3481148,428
265792461,33.6246,35.6611,427,44766,0.0176312,0.03,1,3481610,3481183,427
265795381,39.8498,43.0645,423,44813,0.0730525,0.09,1,3481654,3481231,423
265798301,35.7399,37.0258,423,44860,0.047221,0.01,1,3481687,3481264,423
265801221,37.696,38.2103,423,44907,0.0248884,0,1,3481726,3481303,423
265804141,32.4784,33.2841,422,44954,0.0639554,0.03,1,3481755,3481333,422
265807061,29.7914,28.3136,425,45001,0.0675821,0.05,1,3481783,3481358,425
265847941,33.6545,32.4784,424,45653,0.0878659,0.07,1,3482179,3481755,424
265850861,29.6618,29.7914,423,45699,0.0531464,0.15,1,3482206,3481783,423
265853781,32.2647,29.9165,427,45745,0.0632586,0.09,1,3482240,3481813,427
265856701,23.1059,22.1666,427,45791,0.0553034,0.17,1,3482257,3481830,427
265859621,27.2424,25.0666,430,45837,0.0881214,0.17,1,3482287,3481857,430
265865461,18.0388,20.0907,426,45929,0.0824994,0.13,1,3482311,3481885,426
265868381,22.8155,8.03626,452,45975,0.0869998,0.11,1,3482337,3481885,452
265871301,24.1262,18.8145,451,46021,0.0887999,0.17,1,3482362,3481911,451
265885901,35.385,39.4269,459,46251,0.224349,0.15,1,3482535,3482076,459
265888821,35.754,35.5708,462,46297,0.23974,0.09,1,3482571,3482109,462
265891741,32.3016,37.6283,453,46343,0.257896,0.07,1,3482601,3482148,453
265894661,28.5206,33.6513,448,46388,0.217158,0.03,1,3482627,3482179,448
265897581,32.4083,29.6605,456,46433,0.200863,0.07,1,3482662,3482206,456
265923861,34.431,33.1402,464,46838,0.201312,0.19,1,3482891,3482427,464
265926781,37.7724,33.6561,470,46883,0.242525,0.19,1,3482931,3482461,470
265929701,37.309,37.4624,467,46928,0.27101,0.25,1,3482968,3482501,467
265967661,33.1483,35.0776,432,47510,0.413177,0.21,1,3483289,3482857,432
266028981,34.4192,33.7378,447,48434,0.771665,0.53,2,3483921,3483474,447
266031901,28.7677,27.8951,448,48478,0.770666,0.53,2,3483946,3483498,448
266034821,31.9071,31.5581,448,48521,0.794266,0.57,2,3483980,3483532,448
266037741,23.5628,23.4232,448,48564,0.779707,0.59,2,3483998,3483550,448
266040661,28.0251,27.3693,449,48607,0.785883,0.55,2,3484029,3483580,449
266043581,12.4101,12.1477,449,48650,0.788353,0.59,2,3484031,3483582,449
266046501,18.164,18.0591,449,48693,0.765341,0.57,2,3484053,3483604,449
266049421,25.2656,24.6236,450,48736,0.756136,0.61,2,3484083,3483633,450
266052341,26.3062,25.4495,451,48779,0.776455,0.61,2,3484110,3483659,451
266055261,11.7225,11.3798,451,48822,0.784582,0.63,2,3484112,3483661,451
266058181,21.489,21.3519,451,48865,0.787833,0.63,2,3484140,3483689,451
266061101,34.3956,8.54076,494,48908,0.789133,0.61,2,3484183,3483689,494
266075701,36.1708,39.4167,491,49123,0.901774,0.81,2,3484381,3483890,491
266078621,28.8683,34.3667,484,49166,0.930709,0.77,2,3484405,3483921,484
266290321,327.303,342.522,496,23360,0.43,0.23,1,3486603,3486107,496
266319521,362.521,407.609,431,23360,0.202,0.21,1,3486989,3486558,431
266325361,75.0434,83.3374,431,24266,0.08392,0.05,1,3487027,3486596,431
266328281,75.6174,63.935,456,24353,0.063568,0.03,1,3487103,3486647,456
266331201,77.0469,63.374,471,24440,0.0554272,0.01,1,3487181,3486710,471
266334121,69.2188,75.1496,452,24527,0.0221709,0.07,1,3487245,3486793,452
266337041,74.4875,68.4598,466,24613,0.0148683,0.05,1,3487323,3486857,466
266339961,53.795,65.1839,443,24699,0.0359473,0.05,1,3487363,3486920,443
266342881,51.518,53.6736,447,24785,0.0563789,0.09,1,3487413,3486966,447
266351641,56.0012,58.0591,424,25041,0.0772882,0.05,1,3487527,3487103,424
266354561,69.2005,70.0236,424,25126,0.0609153,0,1,3487605,3487181,424
266357481,65.4802,66.4095,423,25210,0.0243661,0.01,1,3487668,3487245,423
266360401,72.3921,73.3638,422,25294,0.0637464,0.05,1,3487745,3487323,422
266363321,53.5568,53.3455,423,25378,0.0434986,0.07,1,3487786,3487363,423
266366241,52.6227,51.3382,425,25461,0.0593994,0.07,1,3487838,3487413,425
266369161,29.4491,20.5353,439,25544,0.0417598,0.13,1,3487852,3487413,439
266372081,26.1796,16.6141,449,25627,0.0467039,0.13,1,3487876,3487427,449
266375001,54.8719,21.0456,499,25710,0.0606816,0.05,1,3487950,3487451,499
266377921,67.5487,54.0183,499,25792,0.0422726,0.05,1,3488026,3487527,499
266380841,64.8195,68.4073,484,25874,0.0229091,0,1,3488089,3487605,484
266383761,72.1278,65.1629,498,25956,0.0631636,0.09,1,3488166,3487668,498
266386681,53.4511,72.2652,462,26038,0.0552654,0.03,1,3488207,3487745,462
266389601,53.1804,53.5061,474,26119,0.0521062,0.07,1,3488260,3487786,474
266392521,29.6722,52.6024,436,26200,0.0508425,0.03,1,3488274,3487838,436
266395441,27.4689,29.441,448,26281,0.050337,0.05,1,3488300,3487852,448
266398361,54.1875,26.1764,496,26362,0.0501348,0.07,1,3488372,3487876,496
266401281,67.275,54.8706,498,26442,0.0380539,0.03,1,3488448,3487950,498
266404201,64.71,67.5482,485,26522,0.0212216,0.01,1,3488511,3488026,485
266407121,74.484,64.8193,503,26602,0.0504886,0.09,1,3488592,3488089,503
266410041,52.5936,72.1277,464,26682,0.0381954,0.05,1,3488630,3488166,464
266412961,52.8374,53.4511,476,26761,0.0692782,0.05,1,3488683,3488207,476
266415881,29.535,53.1804,437,26840,0.0817113,0.05,1,3488697,3488260,437
266418801,13.014,29.6722,425,26919,0.0866845,0.05,1,3488699,3488274,425
266427561,65.2249,67.275,423,27154,0.0703478,0.01,1,3488871,3488448,423
266430481,64.49,64.71,424,27232,0.0341391,0.07,1,3488935,3488511,424
266433401,73.796,74.484,423,27310,0.0556557,0.03,1,3489015,3488592,423
266436321,52.9184,52.5936,424,27388,0.0762623,0.09,1,3489054,3488630,424
266439241,54.1674,52.8374,426,27465,0.0605049,0.09,1,3489109,3488683,426
266442161,30.0669,29.535,426,27542,0.090202,0.09,1,3489123,3488697,426
266450921,53.8363,50.5622,432,27772,0.0847329,0,1,3489228,3488796,432
266453841,60.5345,65.2249,422,27848,0.0758932,0.01,1,3489293,3488871,422
266456761,62.6138,64.49,422,27924,0.0603573,0.07,1,3489357,3488935,422
266459681,74.2455,73.796,424,28000,0.0541429,0.09,1,3489439,3489015,424
266462601,53.0982,52.9184,424,28076,0.0636572,0.05,1,3489478,3489054,424
266465521,54.8393,54.1674,425,28151,0.0434629,0.11,1,3489534,3489109,425
266468441,30.3357,30.0669,425,28226,0.0353851,0.11,1,3489548,3489123,425
266471361,13.3343,13.2268,425,28301,0.0321541,0.11,1,3489550,3489125,425
266474281,22.1337,22.0907,425,28376,0.0428616,0.11,1,3489578,3489153,425
266477201,52.6535,8.83628,498,28451,0.0831447,0.07,1,3489651,3489153,498
266494721,30.9961,54.785,437,28894,0.203966,0.03,1,3489971,3489534,437
266497641,13.5985,30.314,425,28967,0.207586,0.03,1,3489973,3489548,425
266500561,22.2394,13.3256,451,29040,0.233035,0.05,1,3490001,3489550,451
266503481,53.2958,22.1302,497,29113,0.279214,0.11,1,3490075,3489578,497
266512241,74.4029,61.2243,510,29331,0.41651,0.15,1,3490288,3489778,510
266515161,55.5612,73.6897,471,29403,0.412604,0.19,1,3490331,3489860,471
266518081,56.4245,53.4759,488,29475,0.423042,0.21,1,3490388,3489900,488
266521001,32.1698,54.9904,448,29547,0.403217,0.21,1,3490404,3489956,448
266526841,22.4272,13.5985,461,29690,0.404115,0.25,1,3490434,3489973,461
266529761,55.7709,22.2394,511,29761,0.419646,0.31,1,3490512,3490001,511
266573561,55.6848,52.8431,455,30810,0.79743,0.71,2,3491228,3490773,455
266576481,57.0739,54.7372,457,30879,0.792972,0.75,2,3491286,3490829,457
266602761,57.9894,69.0768,505,31490,0.911502,0.83,2,3491688,3491183,505
266605681,57.9958,54.6307,518,31557,0.922601,0.79,2,3491746,3491228,518
266608601,33.9983,56.6523,478,31624,0.93904,0.81,2,3491764,3491286,478
266611521,14.7993,32.8609,463,31691,0.945616,0.81,2,3491766,3491303,463
266719561,36.2364,43.3279,479,34073,0.934,1,2,3493448,3492969,479
266722481,67.2945,73.1312,474,34135,0.7996,1,2,3493536,3493062,474
266742921,36.24,24.4163,524,34566,0.25063,1,1,3493786,3493262,524
266751681,31.5994,42.5546,495,34749,0.0724403,0.91,1,3493911,3493416,495
266754601,58.8397,36.2219,540,34810,0.0709761,0.71,1,3493988,3493448,540
266757521,46.3359,67.2887,490,34871,0.0943905,0.59,1,3494026,3493536,490
266780881,36.8741,56.496,453,35353,0.252462,0.09,1,3494309,3493856,453
266783801,30.3496,39.9984,450,35413,0.226985,0.05,1,3494335,3493885,450
266786721,60.7399,31.5994,505,35473,0.240794,0.07,1,3494416,3493911,505
266789641,45.8959,58.8397,464,35533,0.258318,0.11,1,3494452,3493988,464
266792561,37.5584,46.3359,458,35592,0.265327,0.15,1,3494484,3494026,458
266795481,31.2234,37.7344,453,35651,0.280131,0.13,1,3494511,3494058,453
266798401,13.6893,31.8937,427,35710,0.286052,0.15,1,3494513,3494086,427
266810081,34.272,32.4629,433,35946,0.417963,0.21,1,3494649,3494216,433
266862641,38.3799,37.8304,450,36990,0.762781,0.57,2,3495369,3494919,450
266865561,32.152,31.9321,450,37047,0.755112,0.57,2,3495397,3494947,450
266868481,14.0608,13.9729,450,37104,0.776045,0.57,2,3495399,3494949,450
266871401,36.8243,36.7891,450,37161,0.760418,0.57,2,3495451,3495001,450
266883081,55.6915,35.1178,520,37389,0.757371,0.67,2,3495613,3495093,520
266886001,39.0766,54.8471,480,37446,0.776948,0.63,2,3495641,3495161,480
266888921,31.2306,38.7388,478,37502,0.796779,0.63,2,3495667,3495189,478
266912281,28.3873,27.9296,485,37950,0.913678,0.69,2,3495958,3495473,485
266915201,37.1549,28.5718,499,38006,0.947471,0.71,2,3496001,3495502,499
267256841,34.6229,36.1499,510,44030,0.928,1,2,3500225,3499715,510
267286041,32.874,32.9584,507,44508,0.241608,1,1,3500541,3500034,507
267291881,43.5398,45.2333,497,44602,0.0782573,1,1,3500621,3500124,497
267294801,39.0159,37.8933,500,44649,0.0613029,1,1,3500657,3500157,500
267297721,29.4064,35.5573,489,44696,0.0245212,0.88,1,3500680,3500191,489
267300641,26.7626,34.6229,480,44743,0.0158085,0.99,1,3500705,3500225,480
267303561,28.105,34.2492,475,44790,0.0243234,0.99,1,3500734,3500259,475
267306481,27.442,33.4997,469,44837,0.0397294,0.84,1,3500761,3500292,469
267309401,29.5768,35.5999,463,44884,0.0458917,0.75,1,3500792,3500329,463
267312321,26.2307,31.6399,458,44931,0.0483567,0.69,1,3500816,3500358,458
267315241,20.0923,25.856,452,44978,0.0493427,0.61,1,3500832,3500380,452
267318161,30.2369,33.1424,451,45025,0.0377371,0.47,1,3500869,3500418,451
267321081,26.4948,33.657,441,45072,0.0570948,0.39,1,3500893,3500452,441
267324001,24.3979,28.4628,439,45119,0.0648379,0.23,1,3500916,3500477,439
267326921,21.7592,28.1851,431,45166,0.0799352,0.19,1,3500936,3500505,431
267329841,28.5037,32.874,428,45213,0.0499741,0.09,1,3500969,3500541,428
267332761,24.0015,29.3496,422,45260,0.0499896,0.03,1,3500990,3500568,422
267335681,43.2006,43.5398,425,45307,0.0619959,0.05,1,3501046,3500621,425
267338601,37.6802,39.0159,423,45354,0.0307983,0,1,3501080,3500657,423
267341521,28.8721,29.4064,423,45400,0.0123193,0.01,1,3501103,3500680,423
267344441,25.9488,26.7626,422,45446,0.0229277,0.03,1,3501127,3500705,422
267347361,28.9795,28.105,424,45492,0.0271711,0.05,1,3501158,3500734,424
267350281,26.5918,27.442,422,45538,0.0648684,0.05,1,3501183,3500761,422
267353201,29.8367,29.5768,423,45584,0.0799474,0.05,1,3501215,3500792,423
267356121,26.3347,26.2307,423,45630,0.0619789,0.05,1,3501239,3500816,423
267359041,19.5339,20.0923,422,45676,0.0667916,0.03,1,3501254,3500832,422
267361961,30.6136,30.2369,423,45722,0.0567166,0.07,1,3501292,3500869,423
267364881,27.2454,26.4948,424,45768,0.0886867,0.07,1,3501317,3500893,424
267388241,25.7685,28.4343,445,46136,0.0948054,0.03,1,3501548,3501103,445
267391161,30.7074,25.7737,455,46182,0.0439222,0.03,1,3501582,3501127,455
267394081,25.483,28.9095,446,46228,0.0475689,0.09,1,3501604,3501158,446
267397001,31.7932,26.5638,457,46274,0.0610275,0.09,1,3501640,3501183,457
267399921,25.9173,29.8255,447,46320,0.066411,0.05,1,3501662,3501215,447
267402841,18.7669,26.3302,437,46366,0.0805644,0.07,1,3501676,3501239,437
267405761,30.9068,19.5321,461,46411,0.0742258,0.05,1,3501715,3501254,461
267408681,27.9627,30.6128,449,46456,0.0956903,0.11,1,3501741,3501292,449
267437881,25.3199,30.7074,445,46906,0.093167,0.05,1,3502027,3501582,445
267440801,32.328,25.483,460,46951,0.0672668,0.07,1,3502064,3501604,460
267443721,26.7312,31.7932,447,46996,0.0449067,0.07,1,3502087,3501640,447
267446641,19.0925,25.9173,439,47041,0.0599627,0.09,1,3502101,3501662,439
267449561,30.437,18.7669,463,47086,0.0779851,0.07,1,3502139,3501676,463
267452481,28.9748,30.9068,452,47131,0.061194,0.11,1,3502167,3501715,452
267455401,28.3899,27.9627,454,47176,0.0544776,0.13,1,3502195,3501741,454
267458321,24.556,26.7851,450,47221,0.039791,0.17,1,3502217,3501767,450
267461241,29.0224,23.314,461,47266,0.0579164,0.15,1,3502249,3501788,461
267464161,23.609,29.1256,448,47311,0.0771666,0.15,1,3502269,3501821,448
267467081,42.4436,23.6502,483,47356,0.0848666,0.15,1,3502324,3501841,483
267470001,18.1774,42.4601,430,47401,0.0879467,0.15,1,3502326,3501896,430
267487521,31.3305,32.328,424,47665,0.216907,0.03,1,3502488,3502064,424
267490441,26.9322,26.7312,425,47709,0.212763,0.07,1,3502512,3502087,425
267493361,19.1729,19.0925,425,47753,0.211105,0.09,1,3502526,3502101,425
267496281,31.0692,30.437,426,47797,0.258442,0.05,1,3502565,3502139,426
267499201,28.0277,28.9748,424,47841,0.289377,0.05,1,3502591,3502167,424
267505041,24.7644,24.556,424,47929,0.2947,0.07,1,3502641,3502217,424
267519641,29.5269,28.871,427,48149,0.415751,0.11,1,3502789,3502362,427
267522561,23.2107,22.3484,428,48193,0.4243,0.19,1,3502808,3502380,428
267525481,19.4843,18.5394,429,48237,0.41572,0.19,1,3502825,3502396,429
267528401,28.1937,27.8157,429,48281,0.412288,0.21,1,3502859,3502430,429
267531321,25.6775,24.3263,431,48325,0.410915,0.23,1,3502883,3502452,431
267534241,32.471,31.3305,432,48369,0.422366,0.21,1,3502920,3502488,432
267537161,27.3884,26.9322,432,48413,0.402946,0.21,1,3502944,3502512,432
267540081,19.3554,19.1729,432,48457,0.419179,0.29,1,3502958,3502526,432
267543001,32.9421,31.0692,435,48500,0.401671,0.31,1,3503000,3502565,435
267548841,27.7107,27.4111,435,48586,0.403867,0.29,1,3503053,3502618,435
267551761,26.0843,24.7644,437,48629,0.431547,0.33,1,3503078,3502641,437
267554681,29.6337,29.7058,436,48672,0.442619,0.31,1,3503110,3502674,436
267604321,27.0838,29.6334,468,49403,0.773115,0.49,2,3503578,3503110,468
267607241,48.0335,25.6534,507,49446,0.795246,0.59,2,3503640,3503133,507
267627681,32.7593,26.7653,490,49743,0.903468,0.67,2,3503814,3503324,490
267630601,27.5037,32.3061,478,49785,0.907387,0.67,2,3503838,3503360,478
267677321,32.5367,32.7593,467,50457,0.929191,0.91,2,3504281,3503814,467
267680241,27.4147,27.5037,467,50499,0.929677,0.89,2,3504305,3503838,467
267683161,19.3659,20.0015,466,50541,0.929871,0.85,2,3504319,3503853,466
267903621,81.403,77.2671,462,24527,0.04204,0.11,1,3506910,3506448,462
267906541,64.3612,69.9068,450,24613,0.070816,0.09,1,3506963,3506513,450
267918221,38.3148,42.436,427,24956,0.245605,0.13,1,3507106,3506679,427
267921141,62.1259,64.3744,426,25041,0.296242,0.09,1,3507184,3506758,426
267926981,79.4202,79.8999,424,25210,0.276599,0.09,1,3507334,3506910,424
267932821,55.9072,54.304,428,25378,0.285456,0.15,1,3507439,3507011,428
267935741,43.3629,42.1216,429,25461,0.276182,0.15,1,3507474,3507045,429
267938661,25.7452,16.8486,443,25544,0.272473,0.21,1,3507488,3507045,443
267941581,40.8981,15.1395,480,25627,0.270989,0.29,1,3507539,3507059,480
267953261,65.9862,79.1604,491,25956,0.260809,0.33,1,3507825,3507334,491
267956181,55.7945,64.6641,485,26038,0.278324,0.27,1,3507874,3507389,485
267959101,42.7178,55.8657,469,26119,0.285329,0.27,1,3507908,3507439,469
267962021,26.0871,43.3463,449,26200,0.276132,0.27,1,3507923,3507474,449
267964941,40.4348,25.7385,485,26281,0.284453,0.27,1,3507973,3507488,485
267973701,75.8838,60.6633,522,26522,0.440845,0.29,1,3508201,3507679,522
268143061,52.007,51.6731,491,30810,0.946,1,2,3511122,3510631,491
268145981,47.8028,53.6693,481,30879,0.9424,1,2,3511167,3510686,481
268151821,34.7684,32.8271,490,31016,0.771184,1,2,3511232,3510742,490
268163501,51.0021,46.1092,498,31288,0.0944783,1,1,3511442,3510944,498
268166421,52.8008,18.4437,552,31356,0.0557913,1,1,3511496,3510944,552
268169341,44.5203,49.9775,520,31423,0.0403165,1,1,3511535,3511015,520
268172261,55.0081,56.591,521,31490,0.0581266,0.91,1,3511597,3511076,521
268175181,43.6033,50.2364,511,31557,0.0412506,0.94,1,3511633,3511122,511
268178101,31.2413,47.0946,489,31624,0.0585003,0.81,1,3511656,3511167,489
268181021,28.6965,38.6378,483,31691,0.0414001,0.71,1,3511683,3511200,483
268183941,24.0786,34.6551,472,31758,0.04656,0.59,1,3511704,3511232,472
268186861,42.6314,28.8621,502,31825,0.036624,0.33,1,3511759,3511257,502
268189781,57.8526,48.7448,508,31891,0.0446496,0.01,1,3511827,3511319,508
268192701,46.541,70.4979,462,31957,0.0238598,0.03,1,3511866,3511404,462
268195621,49.8164,50.9992,476,32023,0.0275439,0.03,1,3511918,3511442,476
268198541,43.3266,52.7997,461,32089,0.0530176,0.03,1,3511957,3511496,461
268201461,55.1306,44.5199,485,32155,0.063207,0.07,1,3512020,3511535,485
268204381,43.6523,55.0079,459,32221,0.0792828,0.03,1,3512056,3511597,459
268207301,31.2609,43.6032,446,32287,0.0737131,0.07,1,3512079,3511633,446
268210221,27.5044,31.2413,448,32353,0.0594852,0.03,1,3512104,3511656,448
268213141,24.8017,28.6965,444,32418,0.0417941,0.05,1,3512127,3511683,444
268216061,42.3207,24.0786,477,32483,0.0347176,0.03,1,3512181,3511704,477
268218981,58.3283,42.6314,491,32548,0.0318871,0.05,1,3512250,3511759,491
268221901,45.5313,57.8526,460,32613,0.0547548,0.01,1,3512287,3511827,460
268224821,49.4125,46.541,473,32678,0.0519019,0.03,1,3512339,3511866,473
268227741,44.965,49.8164,463,32743,0.0507608,0.07,1,3512381,3511918,463
268230661,19.186,43.3266,426,32808,0.0503043,0.07,1,3512383,3511957,426
268233581,46.6744,55.1306,428,32872,0.0741217,0.09,1,3512448,3512020,428
268236501,37.8698,43.6523,424,32936,0.0596487,0.07,1,3512480,3512056,424
268256941,48.7333,49.4125,422,33383,0.0874412,0.05,1,3512761,3512339,422
268259861,45.8933,44.965,424,33446,0.0649765,0.05,1,3512805,3512381,424
268262781,19.5573,19.186,424,33509,0.0319906,0.09,1,3512807,3512383,424
268265701,46.8229,46.6744,424,33572,0.0907962,0.05,1,3512872,3512448,424
268274461,25.9647,25.0192,427,33761,0.222531,0.09,1,3512953,3512526,427
268277381,25.9859,26.2077,426,33824,0.239012,0.15,1,3512979,3512553,426
268280301,41.5943,41.0831,427,33887,0.269605,0.11,1,3513031,3512604,427
268291981,44.3464,45.8933,422,34135,0.270374,0.01,1,3513227,3512805,422
268294901,18.9386,19.5573,422,34197,0.24615,0.13,1,3513229,3512807,422
268297821,48.9754,46.8229,426,34259,0.24846,0.13,1,3513298,3512872,426
268300741,41.1902,18.7292,462,34321,0.237384,0.17,1,3513334,3512872,462
268303661,32.6761,27.2917,456,34383,0.220954,0.21,1,3513361,3512905,456
268306581,28.0704,25.9167,456,34444,0.226381,0.25,1,3513386,3512930,456
268309501,26.8282,24.1667,459,34505,0.240553,0.25,1,3513412,3512953,459
268312421,42.5313,25.2667,486,34566,0.246221,0.29,1,3513465,3512979,486
268315341,60.2125,41.3067,506,34627,0.236488,0.33,1,3513537,3513031,506
268318261,47.485,57.9227,476,34688,0.256595,0.35,1,3513576,3513100,476
268321181,45.994,45.3691,484,34749,0.264638,0.33,1,3513621,3513137,484
268324101,41.1976,46.3476,475,34810,0.267855,0.23,1,3513659,3513184,475
268327021,17.679,44.3391,434,34871,0.269142,0.23,1,3513661,3513227,434
268329941,48.4716,18.9356,501,34932,0.281657,0.25,1,3513730,3513229,501
268353301,47.0591,47.485,479,35413,0.413176,0.27,1,3514055,3513576,479
268356221,41.6236,45.994,472,35473,0.42327,0.27,1,3514093,3513621,472
268359141,17.8495,41.1976,436,35533,0.427308,0.27,1,3514095,3513659,436
268362061,49.1398,17.679,504,35592,0.428923,0.29,1,3514165,3513661,504
268364981,42.4559,48.4716,473,35651,0.429569,0.33,1,3514203,3513730,473
268367901,18.1824,40.9886,439,35710,0.429828,0.37,1,3514205,3513766,439
268408781,26.6706,26.1892,445,36530,0.762934,0.47,2,3514705,3514260,445
268411701,26.2682,26.0757,445,36588,0.767174,0.55,2,3514731,3514286,445
268589821,30.78,23.3629,505,39957,0.902848,1,2,3517097,3516592,505
268607341,49.0024,47.926,526,40274,0.425317,1,1,3517335,3516809,526
268619021,35.9537,48.4397,511,40482,0.0711281,0.97,1,3517495,3516984,511
268621941,26.9815,39.1759,499,40534,0.0284512,1,1,3517516,3517017,499
268624861,20.3926,28.8704,493,40586,0.0413805,1,1,3517532,3517039,493
268627781,27.957,25.9481,502,40638,0.0345522,0.84,1,3517565,3517063,502
268630701,23.1828,30.7793,488,40690,0.0558209,0.89,1,3517585,3517097,488
268633621,25.4731,28.5117,488,40742,0.0643284,0.79,1,3517612,3517124,488
268636541,27.5893,29.4047,487,40794,0.0257313,0.69,1,3517641,3517154,487
268639461,43.4357,35.1619,502,40846,0.0402925,0.47,1,3517695,3517193,502
268642381,31.1743,45.2647,473,40898,0.094117,0.51,1,3517718,3517245,473
268648221,41.1079,49.0024,478,41002,0.0954587,0.25,1,3517813,3517335,478
268651141,30.8432,48.4009,454,41053,0.0681835,0.09,1,3517837,3517383,454
268654061,44.1373,37.9604,476,41104,0.0452734,0.05,1,3517890,3517414,476
268656981,33.8549,46.3842,451,41155,0.0841094,0.05,1,3517917,3517466,451
268659901,26.142,35.9537,443,41206,0.0516437,0,1,3517938,3517495,443
268662821,20.6568,26.9815,439,41257,0.0386575,0.05,1,3517955,3517516,439
268665741,27.4627,20.3926,455,41308,0.033463,0.03,1,3517987,3517532,455
268668661,24.1851,27.957,444,41359,0.0553852,0.07,1,3518009,3517565,444
268671581,25.274,23.1828,450,41410,0.0401541,0.07,1,3518035,3517585,450
268674501,26.3096,25.4731,450,41461,0.0220616,0,1,3518062,3517612,450
268677421,44.1238,27.5893,477,41512,0.0388247,0.05,1,3518118,3517641,477
268680341,18.8495,43.4357,425,41563,0.0455299,0.13,1,3518120,3517695,425
268683261,20.7398,31.1743,424,41614,0.0602119,0.11,1,3518142,3517718,424
268686181,44.2959,47.2697,426,41665,0.0420848,0.09,1,3518202,3517776,426
268689101,38.7184,41.1079,424,41716,0.0588339,0.05,1,3518237,3517813,424
268692021,28.6873,30.8432,422,41767,0.0655336,0.03,1,3518259,3517837,422
268694941,45.0749,44.1373,425,41818,0.0922134,0.11,1,3518315,3517890,425
268732901,28.8383,28.6873,425,42468,0.224942,0.11,1,3518684,3518259,425
268735821,45.7353,45.0749,426,42518,0.239977,0.19,1,3518741,3518315,426
268738741,37.4941,35.43,429,42568,0.257991,0.19,1,3518773,3518344,429
268741661,24.5976,23.772,429,42618,0.265196,0.19,1,3518789,3518360,429
268744581,19.4391,20.3088,427,42668,0.292079,0.13,1,3518805,3518378,427
268759181,45.0455,44.799,429,42913,0.404664,0.13,1,3518972,3518543,429
268762101,19.2182,19.1196,429,42962,0.419866,0.15,1,3518974,3518545,429
268765021,20.8873,20.8478,429,43011,0.425946,0.15,1,3518996,3518567,429
268767941,43.7549,8.33914,488,43060,0.428379,0.21,1,3519055,3518567,488
268770861,40.302,38.7357,467,43109,0.441351,0.19,1,3519093,3518626,467
268878901,26.4265,25.1038,451,44884,0.76952,0.59,2,3520220,3519769,451
268881821,29.1706,28.6415,451,44931,0.793808,0.63,2,3520251,3519800,451
268893501,44.5228,43.8324,454,45119,0.91269,0.69,2,3520395,3519941,454
268896421,43.6091,42.133,456,45166,0.947076,0.69,2,3520438,3519982,456
269106661,34.1044,24.9441,529,48413,0.929392,1,2,3522683,3522154,529
269109581,28.0418,38.1776,506,48457,0.917757,1,2,3522707,3522201,506
269118341,34.8667,37.0274,506,48586,0.760736,1,2,3522816,3522310,506
269141701,27.01,26.4897,515,48930,0.414654,1,1,3523038,3522523,515
269220541,32.1573,23.581,474,50079,0.415674,0.33,1,3523785,3523311,474
269223461,23.6629,30.4324,457,50121,0.43627,0.31,1,3523803,3523346,457
269226381,19.0652,24.773,452,50163,0.444508,0.31,1,3523819,3523367,452
269281861,31.287,30.1704,447,50957,0.755085,0.51,2,3524334,3523887,447
269284781,26.9148,26.4682,447,50998,0.764034,0.51,2,3524358,3523911,447
269290621,23.3864,23.9149,446,51080,0.759445,0.51,2,3524391,3523945,446
269293541,22.5545,23.366,445,51121,0.777778,0.53,2,3524413,3523968,445
269331501,31.3395,31.287,458,51654,0.902255,0.77,2,3524792,3524334,458
269334421,26.9358,26.9148,458,51695,0.918902,0.73,2,3524816,3524358,458
269337341,11.9743,11.9659,458,51736,0.925561,0.77,2,3524818,3524360,458
269340261,24.5897,23.3864,460,51777,0.916224,0.77,2,3524851,3524391,460
269343181,23.0359,9.35455,482,51818,0.92449,0.79,2,3524873,3524391,482
269588461,96.9485,113.766,450,25550,0.09784,0.41,1,3527633,3527183,450
269592841,74.7794,88.7065,438,24820,0.057136,0.27,1,3527693,3527255,438
269623501,50.3118,58.2826,434,25550,0.0528544,0.19,1,3527727,3527293,434
269626421,59.1247,50.313,454,25633,0.0991418,0.03,1,3527792,3527338,454
269629341,54.8499,62.7252,435,25716,0.0816567,0.01,1,3527844,3527409,435
269632261,37.54,41.8901,433,25798,0.0326627,0,1,3527870,3527437,433
269635181,28.216,24.556,442,25880,0.0310651,0.03,1,3527892,3527450,442
269638101,26.2864,29.0224,435,25962,0.018426,0.03,1,3527917,3527482,435
269641021,55.5146,47.009,451,26044,0.0373704,0.03,1,3527992,3527541,451
269643941,60.0058,55.4036,453,26125,0.0209482,0.03,1,3528055,3527602,453
269646861,60.6023,58.1614,454,26206,0.0143793,0.05,1,3528116,3527662,454
269649781,84.2409,62.2646,489,26287,0.0597517,0.13,1,3528216,3527727,489
269652701,63.0964,63.9058,473,26368,0.0539007,0.07,1,3528265,3527792,473
269655621,41.4385,56.7623,448,26448,0.0215603,0,1,3528292,3527844,448
269658541,30.9754,38.3049,446,26528,0.0386241,0.03,1,3528316,3527870,446
269661461,25.5902,28.522,446,26608,0.0454496,0.01,1,3528338,3527892,446
269664381,57.0361,26.4088,499,26688,0.0601799,0.05,1,3528416,3527917,499
269667301,60.0144,55.5635,486,26767,0.0420719,0.01,1,3528478,3527992,486
269670221,60.0058,60.0254,483,26846,0.0468288,0.01,1,3528538,3528055,483
269673141,25.2023,60.6102,424,26925,0.0487315,0.09,1,3528540,3528116,424
269676061,71.8809,84.2441,427,27004,0.0734926,0.05,1,3528643,3528216,427
269678981,56.3524,63.0976,424,27082,0.059397,0,1,3528689,3528265,424
269681901,38.1409,41.439,423,27160,0.0417588,0.05,1,3528715,3528292,423
269684821,30.2564,30.9756,424,27238,0.0467035,0.05,1,3528740,3528316,424
269687741,24.7026,25.5902,423,27316,0.0726814,0.07,1,3528761,3528338,423
269690661,57.881,57.0361,425,27394,0.0710726,0.03,1,3528841,3528416,425
269693581,59.1524,60.0144,423,27471,0.058429,0.05,1,3528901,3528478,423
269696501,60.861,60.0058,425,27548,0.0653716,0.05,1,3528963,3528538,425
269699421,25.5444,25.2023,425,27625,0.0681486,0.09,1,3528965,3528540,425
269714021,24.5611,24.7026,424,28006,0.0845346,0.07,1,3529185,3528761,424
269716941,58.4244,57.881,425,28082,0.0638139,0.05,1,3529266,3528841,425
269719861,57.5698,59.1524,422,28157,0.0555255,0.07,1,3529323,3528901,422
269722781,62.6279,60.861,426,28232,0.0402102,0.07,1,3529389,3528963,426
269725701,26.2512,25.5444,426,28307,0.0340841,0.13,1,3529391,3528965,426
269728621,71.7005,71.4178,426,28382,0.0916336,0.13,1,3529493,3529067,426
269757821,58.4179,71.6892,473,29119,0.223169,0.11,1,3529966,3529493,473
269760741,35.3672,56.8757,446,29192,0.251268,0.11,1,3529986,3529540,446
269763661,32.7469,34.7503,457,29265,0.286507,0.15,1,3530017,3529560,457
269775341,62.6863,56.6992,495,29553,0.411159,0.17,1,3530239,3529744,495
269778261,26.2745,62.2797,431,29625,0.422463,0.17,1,3530241,3529810,431
269857101,58.5864,20.9438,540,31496,0.76003,0.77,2,3531462,3530922,540
269868781,77.0998,27.9634,566,31764,0.921137,0.73,2,3531705,3531139,566
269973901,27.0376,24.6983,495,34079,0.902579,1,2,3533274,3532779,495
269988501,64.954,41.6894,554,34389,0.249137,1,1,3533494,3532940,554
269994341,77.2326,44.3503,578,34511,0.0866619,0.97,1,3533624,3533046,578
269997261,53.6931,77.7401,516,34572,0.0646648,1,1,3533662,3533146,516
270000181,40.0772,58.096,502,34633,0.0678659,0.99,1,3533693,3533191,502
270003101,28.0309,43.6384,488,34694,0.0451464,0.95,1,3533713,3533225,488
270006021,24.4124,33.0554,484,34755,0.0240585,0.86,1,3533735,3533251,484
270008941,26.5649,27.0221,489,34816,0.00962342,0.79,1,3533763,3533274,489
270011861,23.226,30.0089,478,34877,0.00984937,0.65,1,3533784,3533306,478
270014781,27.8904,29.4035,480,34938,0.0339397,0.45,1,3533815,3533335,480
270017701,33.3562,33.9614,480,34999,0.0675759,0.39,1,3533852,3533372,480
270026461,72.7188,44.5815,520,35179,0.0876049,0.05,1,3534045,3533525,520
270029381,52.4875,77.2326,460,35239,0.0650419,0.05,1,3534084,3533624,460
270032301,40.795,53.693,455,35299,0.0680168,0.07,1,3534117,3533662,455
270035221,27.118,40.0772,442,35359,0.0692067,0.03,1,3534135,3533693,442
270038141,24.0472,28.0309,444,35419,0.0696827,0.01,1,3534157,3533713,444
270041061,27.0189,24.4124,451,35479,0.0458731,0,1,3534186,3533735,451
270043981,22.8076,26.5649,443,35539,0.0363492,0.01,1,3534206,3533763,443
270046901,28.323,23.226,454,35598,0.0325397,0.05,1,3534238,3533784,454
270049821,35.3292,27.8904,463,35657,0.0430159,0.09,1,3534278,3533815,463
270052741,15.3317,33.3562,428,35716,0.0712064,0.13,1,3534280,3533852,428
270055661,46.9327,54.7425,427,35775,0.0944825,0.17,1,3534348,3533921,427
270081941,28.9807,28.323,425,36303,0.074449,0.05,1,3534663,3534238,425
270084861,34.9923,35.3292,424,36361,0.0957796,0.09,1,3534702,3534278,424
270116981,27.8638,28.9807,424,36995,0.200934,0.11,1,3535087,3534663,424
270125741,49.3993,48.6788,427,37166,0.2387,0.09,1,3535202,3534775,427
270128661,38.9597,19.4715,459,37223,0.24548,0.15,1,3535234,3534775,459
270137421,41.2534,48.9342,462,37394,0.297711,0.15,1,3535397,3534935,462
270160781,50.7116,15.497,504,37843,0.400788,0.27,1,3535634,3535130,504
270163701,40.6846,49.3988,466,37899,0.406315,0.25,1,3535668,3535202,466
270213341,28.155,29.1023,453,38836,0.766899,0.63,2,3536308,3535855,453
270216261,24.462,24.8409,453,38890,0.756759,0.63,2,3536330,3535877,453
270219181,24.1848,24.3364,453,38944,0.764704,0.61,2,3536354,3535901,453
270222101,21.6739,22.3345,452,38998,0.767881,0.63,2,3536374,3535922,452
270225021,29.0696,28.7338,453,39052,0.781153,0.67,2,3536408,3535955,453
270248381,40.9158,38.8875,459,39484,0.9155,0.79,2,3536746,3536287,459
270251301,28.9663,28.155,459,39537,0.9002,0.75,2,3536767,3536308,459
270254221,25.3865,24.462,460,39590,0.93008,0.77,2,3536790,3536330,460
270397301,45.0046,38.3129,500,42122,0.76888,1,2,3538578,3538078,500
270417741,28.6728,31.3556,491,42472,0.40261,1,1,3538776,3538285,491
270420661,27.0691,26.9422,493,42522,0.299044,1,1,3538802,3538309,493
270435261,58.2343,70.5114,459,42770,0.0701566,0.71,1,3539009,3538550,459
270438181,37.0937,45.0046,454,42819,0.0820626,0.67,1,3539032,3538578,454
270441101,29.8375,34.2018,452,42868,0.0748251,0.67,1,3539057,3538605,452
270444021,25.735,28.0807,451,42917,0.09593,0.57,1,3539080,3538629,451
270446941,30.694,34.0323,447,42966,0.092372,0.43,1,3539114,3538667,447
270476141,56.6267,43.5736,491,43456,0.200481,0.03,1,3539432,3538941,491
270487821,30.5712,25.7347,459,43649,0.22358,0.09,1,3539539,3539080,459
270490741,27.2285,30.6939,450,43697,0.251432,0.15,1,3539564,3539114,450
270493661,31.2914,27.2775,459,43745,0.238573,0.11,1,3539598,3539139,459
270496581,19.7166,29.511,440,43793,0.233429,0.15,1,3539610,3539170,440
270499501,23.4866,17.8044,456,43841,0.243372,0.17,1,3539636,3539180,456
270502421,29.1947,25.7218,458,43889,0.283349,0.19,1,3539669,3539211,458
270517021,55.8743,42.5668,495,44129,0.401138,0.21,1,3539861,3539366,495
270519941,35.5497,56.6267,451,44177,0.406455,0.17,1,3539883,3539432,451
270528701,32.7072,26.9281,466,44321,0.439053,0.25,1,3539972,3539506,466
270601701,43.1868,43.0096,447,45495,0.752545,0.55,2,3540684,3540237,447
270604621,58.0747,56.8038,449,45541,0.775018,0.61,2,3540752,3540303,449
270607541,37.0299,35.9215,450,45587,0.772007,0.61,2,3540775,3540325,450
270610461,30.412,29.9686,450,45633,0.794803,0.61,2,3540801,3540351,450
270642581,27.5343,25.2754,483,46139,0.905613,0.69,2,3541085,3540602,483
270648421,59.7255,43.1641,528,46231,0.911698,0.79,2,3541212,3540684,528
270651341,37.0902,58.0656,482,46277,0.922679,0.77,2,3541234,3540752,482
270654261,30.4361,37.0263,485,46323,0.927072,0.81,2,3541260,3540775,485
270657181,32.5744,30.4105,493,46369,0.940829,0.83,2,3541294,3540801,493
270660101,35.2298,31.3642,498,46414,0.946332,0.87,2,3541331,3540833,498
270663021,28.4919,34.1457,486,46459,0.948533,0.87,2,3541355,3540869,486
270814861,12.2579,20.7087,502,48761,0.9352,1,2,3542930,3542428,502
270849901,30.3508,31.6527,516,49277,0.919107,1,2,3543315,3542799,516
270852821,30.7403,40.2611,501,49320,0.949643,1,2,3543346,3542845,501
270858661,28.3184,32.3618,501,49406,0.906743,0.93,2,3543409,3542908,501
270861581,17.3274,23.1447,494,49449,0.908697,0.92,2,3543419,3542925,494
270876181,18.4366,30.7266,489,49662,0.796073,1,2,3543533,3543044,489
270879101,31.3747,26.0906,506,49704,0.792429,1,2,3543573,3543067,506
270882021,47.9499,33.2363,527,49746,0.766972,0.92,2,3543632,3543105,527
270899541,30.8225,30.3508,499,49998,0.76129,0.97,2,3543814,3543315,499
270902461,35.729,30.7403,507,50040,0.766516,0.97,2,3543853,3543346,507
270905381,27.4916,36.2961,489,50082,0.768606,0.87,2,3543875,3543386,489
270908301,16.9966,28.3184,476,50124,0.769442,0.91,2,3543885,3543409,476
270911221,25.3987,17.3274,497,50166,0.781777,0.85,2,3543916,3543419,497
270914141,22.7595,24.931,488,50208,0.786711,0.83,2,3543937,3543449,488
270928741,28.9985,31.3747,463,50418,0.794402,0.75,2,3544036,3543573,463
270937501,35.7199,37.192,456,50544,0.908842,0.77,2,3544154,3543698,456
270940421,34.088,33.4768,458,50586,0.945537,0.73,2,3544187,3543729,458
270943341,26.2352,25.3907,459,50628,0.948215,0.71,2,3544208,3543749,459
270946261,30.8941,30.5563,459,50670,0.949286,0.79,2,3544242,3543783,459
270949181,30.9576,30.8225,459,50712,0.937714,0.77,2,3544273,3543814,459
271181321,320.531,354.412,470,24820,0.442,0.65,1,3546932,3546462,470
271187161,179.813,205.365,450,24820,0.2068,0.39,1,3547018,3546568,450
271198841,77.85,90.5783,432,24820,0.051088,0.09,1,3547140,3546708,432
271230961,46.14,57.8313,421,24820,0.0864352,0.05,1,3547165,3546744,421
271233881,82.656,52.5325,479,24905,0.0525741,0.05,1,3547272,3546793,479
271236801,43.8624,53.413,443,24990,0.0390296,0.01,1,3547290,3546847,443
271239721,32.545,35.7652,444,25075,0.0336119,0.03,1,3547315,3546871,444
271242641,26.218,32.3061,436,25160,0.0554447,0.03,1,3547337,3546901,436
271245561,21.8872,27.3224,431,25244,0.0641779,0.05,1,3547356,3546925,431
271248481,59.7549,46.329,457,25328,0.0436712,0.03,1,3547441,3546984,457
271251401,63.502,57.5316,458,25412,0.0474685,0.07,1,3547507,3547049,458
271254321,59.0008,60.8126,451,25495,0.0609874,0.11,1,3547563,3547112,451
271257241,101.6,56.1251,528,25578,0.0543949,0.03,1,3547693,3547165,528
271260161,51.4401,86.65,439,25661,0.051758,0.03,1,3547711,3547272,439
271263081,36.176,45.46,447,25744,0.0627032,0.03,1,3547737,3547290,447
271266001,27.6704,33.184,444,25826,0.0670813,0.07,1,3547759,3547315,444
271268921,22.4682,26.4736,441,25908,0.0568325,0.07,1,3547778,3547337,441
271271841,59.9873,21.9894,507,25990,0.052733,0.03,1,3547863,3547356,507
271274761,62.9949,59.7958,487,26072,0.0510932,0.05,1,3547928,3547441,487
271277681,59.398,63.5183,478,26153,0.0624373,0.07,1,3547985,3547507,478
271280601,101.159,59.0073,551,26234,0.0429749,0.05,1,3548114,3547563,551
271283521,51.2637,101.603,439,26315,0.02319,0.05,1,3548132,3547693,439
271286441,37.9055,51.4412,450,26396,0.051276,0.07,1,3548161,3547711,450
271289361,27.1622,36.1765,444,26476,0.0625104,0.07,1,3548181,3547737,444
271292281,23.4649,27.6706,443,26556,0.0550042,0.05,1,3548202,3547759,443
271295201,59.786,22.4682,508,26636,0.0400017,0.05,1,3548286,3547778,508
271298121,62.9144,59.9873,488,26716,0.0820007,0.05,1,3548351,3547863,488
271301041,59.9658,62.9949,481,26795,0.0988003,0.07,1,3548409,3547928,481
271303961,100.186,59.398,551,26874,0.0695201,0.03,1,3548536,3547985,551
271306881,41.2745,101.159,424,26953,0.057808,0.01,1,3548538,3548114,424
271309801,26.7098,51.2637,423,27032,0.0531232,0.07,1,3548555,3548132,423
271312721,29.2839,37.9055,425,27110,0.0512493,0.07,1,3548586,3548161,425
271315641,23.7136,27.1622,425,27188,0.0384997,0.05,1,3548606,3548181,425
271318561,22.6854,23.4649,426,27266,0.0333999,0.03,1,3548628,3548202,426
271321481,58.8742,59.786,425,27344,0.04336,0.11,1,3548711,3548286,425
271324401,63.7497,62.9144,427,27421,0.047344,0.11,1,3548778,3548351,427
271327321,60.2999,59.9658,427,27498,0.0609376,0.05,1,3548836,3548409,427
271330241,98.5199,100.186,424,27575,0.030375,0.05,1,3548960,3548536,424
271333161,40.608,41.2745,424,27652,0.01815,0.05,1,3548962,3548538,424
271336081,26.4432,26.7098,424,27729,0.04926,0.05,1,3548979,3548555,424
271339001,27.9773,29.2839,422,27805,0.085704,0.03,1,3549008,3548586,422
271341921,23.7909,23.7136,423,27881,0.0882816,0.03,1,3549029,3548606,423
271344841,23.3164,22.6854,424,27957,0.0773126,0.05,1,3549052,3548628,424
271347761,59.1265,58.8742,424,28033,0.0609251,0.05,1,3549135,3548711,424
271350681,63.8506,63.7497,424,28109,0.06637,0.07,1,3549202,3548778,424
271353601,60.9402,60.2999,425,28184,0.080548,0.01,1,3549261,3548836,425
271356521,96.9761,98.5199,422,28259,0.0502192,0.01,1,3549382,3548960,422
271359441,39.9904,40.608,422,28334,0.0380877,0.07,1,3549384,3548962,422
271362361,26.7962,26.4432,423,28409,0.0572351,0.07,1,3549402,3548979,423
271365281,28.7185,10.5773,453,28484,0.076894,0.11,1,3549432,3548979,453
271368201,23.4874,21.6309,444,28558,0.0967576,0.09,1,3549452,3549008,444
271376961,63.3752,58.7204,489,28780,0.207072,0.07,1,3549624,3549135,489
271379881,61.9501,63.6882,483,28854,0.244829,0.09,1,3549685,3549202,483
271382801,95.58,60.8753,542,28927,0.295932,0.03,1,3549803,3549261,542
271400321,62.0972,22.5947,515,29363,0.426993,0.21,1,3549989,3549474,515
271455801,21.589,20.7325,455,30704,0.753112,0.73,2,3550796,3550341,455
271467481,100.69,99.07,458,30979,0.75824,0.73,2,3551147,3550689,458
271470401,41.4761,40.828,458,31047,0.765296,0.75,2,3551149,3550691,458
271476241,32.3162,32.4525,457,31183,0.771647,0.71,2,3551205,3550748,457
271479161,14.1265,14.181,457,31251,0.782659,0.73,2,3551207,3550750,457
271482081,20.0506,19.4724,458,31319,0.787064,0.73,2,3551231,3550773,458
271485001,21.2202,7.78896,480,31387,0.776825,0.77,2,3551253,3550773,480
271493761,66.0381,66.0665,521,31588,0.948517,0.75,2,3551479,3550958,521
271607641,236.983,183.469,599,14746,0.4468,0.57,1,3553370,3552771,599
271610561,179.393,230.588,478,14890,0.43672,0.35,1,3553511,3553033,478
271633921,37.8147,37.1214,448,15995,0.782005,0.57,2,3554083,3553635,448
271639761,139.13,135.539,455,16260,0.908721,0.73,2,3554411,3553956,455
271642681,97.6521,94.4158,458,16391,0.945488,0.77,2,3554481,3554023,458
271645601,62.4609,59.9663,460,16521,0.948195,0.81,2,3554520,3554060,460
271718601,71.0683,68.1342,495,19480,0.91768,1,2,3556676,3556181,495
271730281,50.4913,51.261,512,19912,0.210741,0.98,1,3556943,3556431,512
271736121,66.1586,122.082,497,20125,0.0997185,0.89,1,3557137,3556640,497
271739041,82.8634,70.4327,555,20230,0.0698874,0.47,1,3557231,3556676,555
271741961,66.1454,94.1731,500,20335,0.081955,0.35,1,3557286,3556786,500
271750721,115.305,50.4751,585,20646,0.0693251,0.05,1,3557528,3556943,585
271753641,65.3221,117.39,455,20749,0.08173,0.09,1,3557560,3557105,455
271756561,81.3288,66.156,515,20851,0.074692,0.05,1,3557652,3557137,515
271759481,67.9315,82.8624,480,20953,0.0598768,0.09,1,3557711,3557231,480
271762401,53.5726,66.145,469,21054,0.0659507,0.13,1,3557755,3557286,469
271765321,22.629,51.658,429,21155,0.0803803,0.19,1,3557757,3557328,429
271771161,105.621,115.305,423,21355,0.0980608,0.09,1,3557951,3557528,423
271785761,22.8409,22.629,426,21847,0.229782,0.13,1,3558183,3557757,426
271788681,33.1364,33.0516,426,21944,0.229913,0.09,1,3558223,3557797,426
271791601,104.455,105.621,424,22041,0.265965,0.11,1,3558375,3557951,424
271794521,65.1818,63.8483,427,22137,0.292386,0.17,1,3558414,3557987,427
271800361,68.3891,66.2557,432,22328,0.405582,0.21,1,3558567,3558135,432
271803281,54.9556,54.1023,432,22423,0.420233,0.25,1,3558613,3558181,432
271806201,23.1823,22.8409,432,22518,0.438093,0.25,1,3558615,3558183,432
271852921,111.663,34.2006,608,23980,0.78082,0.61,2,3559707,3559099,608
271864601,67.0634,71.2723,455,24331,0.914661,0.71,2,3559909,3559454,455
271946361,113.517,31.289,658,26661,0.946,1,2,3561601,3560943,658
272066081,33.2735,45.1367,503,29744,0.943957,1,2,3563705,3563202,503
272089441,62.9073,59.4591,482,30308,0.766628,0.95,2,3564127,3563645,482
272092361,41.3629,44.1837,475,30378,0.780651,0.93,2,3564154,3563679,475
272109881,92.9897,95.302,461,30794,0.921862,0.83,2,3564444,3563983,461
272258801,48.7294,37.8327,500,34122,0.922,1,2,3566736,3566236,500
272267561,46.3907,24.6453,537,34308,0.423088,1,1,3566883,3566346,537
272270481,45.5563,43.4581,526,34370,0.283235,1,1,3566928,3566402,526
272276321,43.529,44.0333,524,34493,0.0921176,1,1,3567010,3566486,524
272279241,37.2116,42.8133,515,34554,0.042847,1,1,3567043,3566528,515
272282161,28.6846,36.9253,505,34615,0.0351388,1,1,3567066,3566561,505
272285081,45.6739,36.3701,526,34676,0.0320555,1,1,3567123,3566597,526
272288001,33.2695,45.7481,499,34737,0.0428222,1,1,3567148,3566649,499
272290921,41.5078,36.2992,516,34798,0.0231289,0.87,1,3567195,3566679,516
272293841,35.8031,48.7197,491,34859,0.0512516,0.73,1,3567227,3566736,491
272296761,49.7213,41.6879,513,34920,0.0625006,0.45,1,3567286,3566773,513
272299681,38.4885,60.4752,471,34981,0.0430003,0.31,1,3567317,3566846,471
272302601,39.9954,46.3901,475,35041,0.0352001,0.19,1,3567358,3566883,475
272305521,33.9982,45.556,460,35101,0.03208,0.07,1,3567388,3566928,460
272308441,39.9993,39.8224,468,35161,0.078832,0.05,1,3567432,3566964,468
272311361,36.3997,43.529,456,35221,0.0495328,0.01,1,3567466,3567010,456
272314281,28.3599,37.2116,446,35281,0.0738131,0.03,1,3567489,3567043,446
272317201,46.144,28.6846,481,35341,0.0475252,0.03,1,3567547,3567066,481
272320121,32.2576,45.6739,447,35401,0.0610101,0.05,1,3567570,3567123,447
272323041,41.103,33.2695,469,35461,0.054404,0.01,1,3567617,3567148,469
272325961,36.2412,41.5078,455,35521,0.0637616,0.07,1,3567650,3567195,455
272328881,49.2965,35.8031,481,35581,0.0555046,0.07,1,3567708,3567227,481
272331801,38.9186,49.7213,454,35640,0.0882019,0.03,1,3567740,3567286,454
272340561,30.8828,33.9982,425,35817,0.0966049,0.11,1,3567813,3567388,425
272343481,39.3531,39.9993,426,35876,0.080642,0.03,1,3567858,3567432,426
272346401,33.7412,36.3997,422,35935,0.0742568,0.09,1,3567888,3567466,422
272349321,29.0965,28.3599,425,35994,0.0477027,0.03,1,3567914,3567489,425
272352241,45.2386,46.144,423,36053,0.0490811,0.07,1,3567970,3567547,423
272355161,32.4954,32.2576,424,36112,0.0496324,0.05,1,3567994,3567570,424
272358081,41.1982,41.103,424,36171,0.037853,0.07,1,3568041,3567617,424
272361001,36.8793,36.2412,425,36229,0.0451412,0.05,1,3568075,3567650,425
272363921,48.9517,49.2965,424,36287,0.0360565,0.11,1,3568132,3567708,424
272366841,40.5807,38.9186,427,36345,0.0444226,0.11,1,3568167,3567740,427
272369761,17.4323,16.7674,427,36403,0.023769,0.11,1,3568169,3567742,427
272372681,30.9729,30.707,427,36461,0.0275076,0.09,1,3568209,3567782,427
272375601,29.7892,30.8828,425,36519,0.065003,0.07,1,3568238,3567813,425
272378521,37.7157,39.3531,423,36577,0.0680012,0.07,1,3568281,3567858,423
272425241,32.0389,44.1275,449,37492,0.22655,0.09,1,3568841,3568392,449
272428161,41.6155,32.051,473,37548,0.26462,0.13,1,3568889,3568416,473
272431081,37.6462,41.6204,460,37604,0.267848,0.13,1,3568924,3568464,460
272434001,49.2585,37.6482,482,37660,0.281139,0.13,1,3568981,3568499,482
272436921,41.3034,48.6593,462,37716,0.262456,0.13,1,3569017,3568555,462
272439841,17.7214,39.8637,430,37772,0.254982,0.13,1,3569019,3568589,430
272442761,32.2885,17.1455,470,37828,0.251993,0.21,1,3569061,3568591,470
272445681,29.7154,31.4582,457,37884,0.250797,0.15,1,3569089,3568632,457
272448601,38.8862,29.9833,473,37940,0.274319,0.17,1,3569134,3568661,473
272451521,34.1545,38.3933,460,37996,0.295728,0.17,1,3569165,3568705,460
272454441,32.2618,33.3573,461,38052,0.292291,0.21,1,3569196,3568735,461
272457361,44.7047,30.7429,485,38108,0.278916,0.19,1,3569249,3568764,485
272460281,32.8819,44.0972,457,38163,0.285567,0.25,1,3569274,3568817,457
272480721,29.7002,32.2885,461,38548,0.41524,0.25,1,3569522,3569061,461
272483641,40.6801,29.7154,481,38603,0.436096,0.29,1,3569570,3569089,481
272486561,17.472,38.8862,438,38658,0.444438,0.31,1,3569572,3569134,438
272542041,39.6141,38.6319,449,39683,0.78041,0.59,2,3570246,3569797,449
272553721,33.6157,33.5138,451,39895,0.904474,0.61,2,3570387,3569936,451
272556641,31.4463,30.8055,452,39948,0.90779,0.59,2,3570417,3569965,452
272559561,41.3785,41.7222,451,40001,0.921116,0.59,2,3570465,3570014,451
272562481,17.7514,17.8889,451,40054,0.926446,0.67,2,3570467,3570016,451
272565401,26.9006,25.7556,453,40107,0.928579,0.67,2,3570500,3570047,453
272568321,29.3602,10.3022,484,40160,0.941431,0.71,2,3570531,3570047,484
272793161,45.7269,41.0858,519,44022,0.92872,1,2,3573274,3572755,519
272796081,38.0907,39.2343,514,44070,0.917488,1,2,3573307,3572793,514
272799001,38.6363,37.2937,517,44118,0.912995,1,2,3573346,3572829,517
272801921,37.6545,36.5175,518,44166,0.923198,1,2,3573383,3572865,518
272804841,32.4618,36.807,510,44214,0.915279,1,2,3573412,3572902,510
272807761,29.1847,30.3228,511,44262,0.936112,1,2,3573439,3572928,511
272810681,30.2739,27.1291,517,44310,0.920445,1,2,3573470,3572953,517
272813601,28.9096,30.0516,513,44358,0.926178,1,2,3573498,3572985,513
272819441,20.5855,26.0483,497,44454,0.902988,1,2,3573536,3573039,497
272822361,17.8342,22.4193,493,44501,0.907195,1,2,3573552,3573059,493
272825281,26.3337,31.7677,487,44548,0.908878,1,2,3573584,3573097,487
272828201,33.3335,42.1071,476,44595,0.921551,0.97,2,3573622,3573146,476
272831121,37.3334,42.0428,474,44642,0.938621,0.94,2,3573662,3573188,474
272834041,34.1334,37.8171,471,44689,0.945448,0.91,2,3573694,3573223,471
273207801,334.904,373.4,483,23360,0.406,1,1,3577649,3577166,483
273213641,112.505,112.544,507,23541,0.09016,0.94,1,3577797,3577290,507
273216561,82.8019,90.0176,495,23631,0.054064,0.81,1,3577860,3577365,495
273219481,79.3208,76.807,504,23721,0.0396256,0.55,1,3577937,3577433,504
273222401,53.3283,73.9228,468,23810,0.0458502,0.29,1,3577973,3577505,468
273225321,62.7313,71.5691,467,23899,0.0363401,0.03,1,3578042,3577575,467
273228241,37.6925,64.0276,429,23988,0.080536,0.03,1,3578063,3577634,429
273231161,19.277,31.0111,427,24076,0.0982144,0.03,1,3578070,3577643,427
273234081,61.1108,65.8044,427,24164,0.0572858,0.03,1,3578159,3577732,427
273237001,60.4443,65.3218,422,24252,0.0289143,0.03,1,3578219,3577797,422
273239921,62.5777,63.9287,423,24339,0.0175657,0.03,1,3578283,3577860,423
273242841,71.2311,71.7715,423,24426,0.0970263,0.05,1,3578360,3577937,423
273260361,59.2813,60.4134,422,24942,0.0905779,0.01,1,3578641,3578219,422
273263281,63.3125,62.5654,424,25027,0.0662312,0.15,1,3578707,3578283,424
273286641,62.7833,57.4805,488,25697,0.0622522,0.05,1,3579129,3578641,488
273289561,75.5133,62.5922,506,25779,0.0669009,0.15,1,3579213,3578707,506
273292481,53.0053,73.0369,464,25861,0.0807603,0.17,1,3579251,3578787,464
273307081,54.8077,58.6426,481,26268,0.229336,0.15,1,3579488,3579007,481
273310001,59.1231,56.457,488,26349,0.229734,0,1,3579550,3579062,488
273312921,75.8492,62.7828,508,26429,0.217894,0.07,1,3579637,3579129,508
273315841,53.7397,75.5131,463,26509,0.201157,0.09,1,3579676,3579213,463
273318761,65.2959,53.0053,498,26589,0.218463,0.13,1,3579749,3579251,498
273321681,39.9184,63.8021,450,26669,0.237385,0.13,1,3579772,3579322,450
273324601,20.7673,38.1208,437,26748,0.244954,0.17,1,3579780,3579343,437
273327521,61.7069,20.0483,518,26827,0.259982,0.23,1,3579869,3579351,518
273330441,55.8828,59.0193,485,26906,0.277993,0.25,1,3579921,3579436,485
273333361,23.5531,54.8077,435,26985,0.285197,0.23,1,3579923,3579488,435
273347961,40.5132,39.9184,434,27375,0.403711,0.25,1,3580206,3579772,434
273350881,21.0053,20.7673,434,27452,0.419484,0.27,1,3580214,3579780,434
273353801,62.4021,61.7069,435,27529,0.437794,0.29,1,3580304,3579869,435
273377161,21.3208,21.0053,441,28139,0.755553,0.45,2,3580655,3580214,441
273380081,64.3283,62.4021,444,28214,0.764221,0.53,2,3580748,3580304,444
273383001,59.9313,56.7608,448,28289,0.755689,0.57,2,3580805,3580357,448
273385921,25.1725,23.9043,448,28364,0.752275,0.57,2,3580807,3580359,448
273388841,48.469,9.56173,512,28439,0.76291,0.61,2,3580871,3580359,512
273391761,70.3876,41.6247,534,28513,0.755164,0.63,2,3580956,3580422,534
273394681,53.355,67.0499,492,28587,0.776066,0.65,2,3580998,3580506,492
273397601,69.942,50.22,534,28661,0.796426,0.71,2,3581079,3580545,534
273418041,70.0729,48.4675,543,29174,0.9342,0.75,2,3581414,3580871,543
273526081,40.7935,61.9694,497,31747,0.750064,1,2,3583179,3582682,497
273537761,39.4539,47.8296,506,32013,0.0636496,1,1,3583382,3582876,506
273540681,43.3816,34.1318,527,32079,0.0434598,1,1,3583428,3582901,527
273543601,43.1526,52.0527,506,32145,0.0173839,1,1,3583471,3582965,506
273546521,35.261,37.6211,508,32211,0.0369536,0.96,1,3583501,3582993,508
273549441,48.3044,33.6484,534,32277,0.0207814,1,1,3583558,3583024,534
273552361,48.1218,52.4594,517,32343,0.0263126,0.79,1,3583606,3583089,517
273555281,33.6487,56.9837,481,32408,0.028525,0.67,1,3583630,3583149,481
273558201,33.8595,40.7935,485,32473,0.02941,0.57,1,3583664,3583179,485
273561121,57.9438,36.7174,525,32538,0.053764,0.11,1,3583738,3583213,525
273564041,44.7775,74.087,462,32603,0.0275056,0.05,1,3583774,3583312,462
273566961,35.911,53.6348,452,32668,0.0110022,0,1,3583804,3583352,452
273569881,41.3644,39.4539,467,32733,0.0344009,0.03,1,3583849,3583382,467
273572801,17.7458,43.3816,423,32798,0.0677604,0,1,3583851,3583428,423
273575721,34.0983,43.1526,425,32862,0.0331041,0.05,1,3583896,3583471,425
273578641,29.8393,35.261,422,32926,0.0312417,0.01,1,3583923,3583501,422
273581561,47.3357,48.3044,424,32990,0.0424967,0.03,1,3583982,3583558,424
273584481,47.1343,48.1218,423,33054,0.0589987,0.03,1,3584029,3583606,423
273587401,33.2537,33.6487,423,33118,0.0655995,0.03,1,3584053,3583630,423
273590321,33.1015,33.8595,422,33182,0.0562398,0.07,1,3584086,3583664,422
273593241,59.4406,57.9438,425,33246,0.0524959,0.01,1,3584163,3583738,425
273596161,43.5762,44.7775,422,33310,0.0869984,0,1,3584196,3583774,422
273599081,36.0305,35.911,423,33373,0.0527993,0.05,1,3584227,3583804,423
273602001,40.8122,41.3644,422,33436,0.0511197,0.09,1,3584271,3583849,422
273604921,17.5249,17.7458,422,33499,0.0504479,0.01,1,3584273,3583851,422
273607841,34.01,34.0983,422,33562,0.0261792,0.03,1,3584318,3583896,422
273610761,29.804,29.8393,422,33625,0.0524717,0.05,1,3584345,3583923,422
273613681,47.3216,47.3357,422,33688,0.0269887,0.07,1,3584404,3583982,422
273616601,47.7286,47.1343,423,33751,0.0287955,0.07,1,3584452,3584029,423
273619521,33.4915,33.2537,423,33814,0.0295182,0.05,1,3584476,3584053,423
273622441,32.5966,33.1015,422,33877,0.0658073,0.05,1,3584508,3584086,422
273625361,61.0386,59.4406,425,33939,0.0683229,0.11,1,3584588,3584163,425
273628281,44.2155,43.5762,425,34001,0.0573292,0.03,1,3584621,3584196,425
273631201,34.4862,36.0305,422,34063,0.0289317,0.05,1,3584649,3584227,422
273634121,40.1945,40.8122,422,34125,0.0175727,0.05,1,3584693,3584271,422
273637041,17.2778,17.5249,422,34187,0.0490291,0.01,1,3584695,3584273,422
273639961,33.9111,34.01,422,34249,0.0256116,0.01,1,3584740,3584318,422
273642881,29.1644,13.604,448,34311,0.0162446,0.07,1,3584766,3584318,448
273645801,47.0658,21.6416,480,34373,0.0244979,0.01,1,3584825,3584345,480
273648721,48.2263,44.0566,470,34435,0.0277991,0.03,1,3584874,3584404,470
273651641,34.2905,46.4227,447,34496,0.0291197,0.03,1,3584899,3584452,447
273654561,32.9162,32.9691,455,34557,0.0536479,0.09,1,3584931,3584476,455
273657481,60.5665,32.3876,502,34618,0.0874591,0.07,1,3585010,3584508,502
273666241,39.7803,34.4728,465,34801,0.0792774,0.01,1,3585114,3584649,465
273669161,17.1121,40.1891,423,34862,0.0617109,0.07,1,3585116,3584693,423
273672081,33.8448,17.2756,466,34923,0.0426844,0.01,1,3585161,3584695,466
273675001,29.1379,33.9103,447,34984,0.0590738,0.01,1,3585187,3584740,447
273677921,47.6552,29.1641,481,35044,0.0656295,0.03,1,3585247,3584766,481
273680841,48.4621,47.0656,471,35104,0.0442518,0.03,1,3585296,3584825,471
273683761,35.5848,48.2263,449,35164,0.0237007,0.03,1,3585323,3584874,449
273686681,33.4339,34.2905,456,35224,0.0514803,0.07,1,3585355,3584899,456
273689601,62.5736,32.9162,506,35284,0.0865921,0.11,1,3585437,3584931,506
273695441,33.1718,44.6266,452,35404,0.0942547,0.13,1,3585496,3585044,452
273704201,32.939,17.1121,467,35584,0.0797123,0.03,1,3585583,3585116,467
273707121,30.5756,33.8448,451,35643,0.0858849,0.07,1,3585612,3585161,451
273710041,13.4302,29.1379,427,35702,0.064354,0.07,1,3585614,3585187,427
273721721,33.963,33.4339,425,35938,0.0913595,0.11,1,3585780,3585355,425
273724641,63.9852,62.5736,427,35997,0.0905438,0.11,1,3585864,3585437,427
273745081,13.6695,13.4302,426,36406,0.0958254,0.13,1,3586040,3585614,426
273753841,33.3708,33.9075,427,36580,0.224773,0.07,1,3586173,3585746,427
273756761,32.5483,33.963,425,36638,0.239909,0.09,1,3586205,3585780,425
273759681,64.0193,63.9852,426,36696,0.269964,0.11,1,3586290,3585864,426
273762601,46.6077,45.9941,427,36754,0.281985,0.13,1,3586325,3585898,427
273765521,34.2431,34.5976,426,36811,0.286794,0.15,1,3586351,3585925,426
273797641,47.6165,63.3732,470,37438,0.405423,0.29,1,3586760,3586290,470
273800561,34.6466,46.3493,461,37494,0.408169,0.29,1,3586786,3586325,461
273803481,38.4586,34.1397,476,37550,0.433268,0.33,1,3586827,3586351,476
273806401,16.5835,38.2559,437,37606,0.443307,0.33,1,3586829,3586392,437
273844361,30.8312,16.5835,483,38330,0.771597,0.47,2,3587312,3586829,483
273847281,31.5325,30.0334,476,38385,0.782639,0.47,2,3587344,3586868,476
273850201,13.813,31.2134,446,38440,0.787055,0.47,2,3587346,3586900,446
273853121,46.9252,13.6853,513,38495,0.788822,0.51,2,3587415,3586902,513
273876481,41.0464,39.6952,460,38932,0.901435,0.75,2,3587730,3587270,460
273879401,17.6186,17.0781,460,38986,0.906574,0.79,2,3587732,3587272,460
273882321,31.6474,30.8312,461,39040,0.90863,0.79,2,3587773,3587312,461
273885241,31.859,31.5325,461,39094,0.909452,0.79,2,3587805,3587344,461
273888161,13.9436,13.813,461,39148,0.909781,0.79,2,3587807,3587346,461
273894001,51.191,48.7701,465,39256,0.929165,0.87,2,3587930,3587465,465
274051681,36.5492,39.0356,493,42062,0.754288,1,2,3589865,3589372,493
274060441,47.4592,56.0663,480,42212,0.449794,1,1,3589978,3589498,480
274063361,46.5837,42.2265,493,42262,0.401918,1,1,3590024,3589531,493
274066281,39.0335,34.2906,498,42312,0.298767,1,1,3590058,3589560,498
274069201,34.8134,29.3162,504,42362,0.281507,1,1,3590090,3589586,504
274072121,29.5254,38.7265,485,42412,0.238603,1,1,3590116,3589631,485
274075041,29.8101,35.8906,481,42462,0.209441,1,1,3590146,3589665,481
274095481,28.6386,32.6197,451,42809,0.088387,0.57,1,3590346,3589895,451
274098401,23.4554,25.6479,450,42858,0.0653548,0.35,1,3590366,3589916,450
274145121,41.9072,41.7818,467,43640,0.240722,0.11,1,3590887,3590420,467
274148041,35.3629,41.9127,456,43688,0.270289,0.13,1,3590918,3590462,456
274150961,34.5452,34.1651,461,43736,0.270116,0.15,1,3590952,3590491,461
274153881,28.2181,33.466,452,43784,0.270046,0.17,1,3590976,3590524,452
274174321,31.9558,41.0973,454,44120,0.40363,0.13,1,3591173,3590719,454
274177241,28.3823,31.4389,455,44168,0.431452,0.17,1,3591199,3590744,455
274180161,23.3529,28.1756,449,44216,0.442581,0.19,1,3591219,3590770,449
274183081,44.1412,22.6702,488,44264,0.423032,0.21,1,3591277,3590789,488
274186001,42.8565,43.2681,473,44312,0.415213,0.27,1,3591319,3590846,473
274188921,36.3426,41.9072,464,44360,0.424085,0.29,1,3591351,3590887,464
274259001,41.6647,41.8124,451,45488,0.767363,0.61,2,3592040,3591589,451
274261921,33.4659,32.9249,452,45534,0.768945,0.59,2,3592068,3591616,452
274264841,28.9863,29.37,451,45580,0.793578,0.63,2,3592094,3591643,451
274296961,20.6789,20.1643,474,46086,0.91445,0.71,2,3592407,3591933,474
274299881,33.4716,19.4657,497,46132,0.93578,0.75,2,3592449,3591952,497
274511581,230.034,236.069,451,22724,0.26152,0.03,1,3595059,3594608,451
274514501,129.814,130.428,454,22817,0.206608,0.07,1,3595122,3594668,454
274520341,84.2502,63.7084,486,23003,0.207057,0.13,1,3595256,3594770,486
274523261,49.9001,71.0834,437,23095,0.232823,0.17,1,3595283,3594846,437
274526181,46.36,45.8333,452,23187,0.243129,0.17,1,3595327,3594875,452
274529101,71.344,45.3333,495,23278,0.283252,0.19,1,3595415,3594920,495
274549541,72.7019,44.6858,524,23908,0.403243,0.31,1,3595851,3595327,524
274552461,30.2808,70.6743,438,23997,0.407297,0.37,1,3595853,3595415,438
274555381,58.3123,73.2697,440,24085,0.420919,0.41,1,3595930,3595490,440
274593341,46.8634,46.1952,448,25205,0.756525,0.63,2,3596650,3596202,448
274607941,54.4165,49.6356,501,25623,0.917587,0.73,2,3596941,3596440,501
274733501,50.6188,64.2039,513,28963,0.435764,1,1,3599310,3598797,513
274739341,43.019,50.1126,512,29109,0.238922,1,1,3599403,3598891,512
274751021,41.3397,78.8605,476,29399,0.205556,0.63,1,3599603,3599127,476
274753941,32.1359,46.5442,477,29471,0.220223,0.65,1,3599629,3599152,477
274756861,62.0543,36.6177,529,29543,0.202089,0.49,1,3599711,3599182,529
274762701,51.8087,50.6188,490,29686,0.215934,0.23,1,3599800,3599310,490
274765621,40.5235,55.0475,465,29757,0.248374,0.19,1,3599833,3599368,465
274768541,45.6094,43.019,479,29828,0.261349,0.15,1,3599882,3599403,479
274771461,19.4438,47.8076,430,29899,0.27854,0.13,1,3599884,3599454,430
274774381,28.1775,40.123,429,29970,0.297416,0.23,1,3599918,3599489,429
274797741,47.2596,45.6094,437,30530,0.434941,0.29,1,3600319,3599882,437
274838621,42.4983,67.6466,471,31486,0.755616,0.55,2,3600923,3600452,471
274841541,32.5993,40.2587,475,31553,0.776246,0.61,2,3600949,3600474,475
274844461,61.6397,31.7035,530,31620,0.796498,0.61,2,3601030,3600500,530
274847381,45.0559,60.6814,484,31687,0.780599,0.59,2,3601064,3600580,484
274850301,53.4224,44.6726,509,31754,0.79824,0.65,2,3601123,3600614,509
274867821,44.169,71.7456,483,32151,0.927195,0.77,2,3601383,3600900,483
275019661,38.0771,39.7129,513,35410,0.945996,1,2,3603660,3603147,513
275025501,45.2123,62.3941,507,35530,0.795759,1,2,3603769,3603262,507
275028421,41.4849,46.5576,510,35589,0.756304,0.99,2,3603808,3603298,510
275092661,54.9289,54.7204,447,36873,0.7619,0.49,2,3604645,3604198,447
275130621,41.994,54.8986,492,37611,0.90915,0.83,2,3605137,3604645,492
275133541,40.1976,41.1594,499,37667,0.93366,0.87,2,3605176,3604677,499
275136461,28.079,38.6638,482,37723,0.943464,0.87,2,3605196,3604714,482
275378821,27.6826,30.8154,503,42115,0.916,1,2,3608244,3607741,503
275381741,32.673,30.9262,508,42165,0.9484,1,2,3608280,3607772,508
275399261,55.532,60.5596,487,42465,0.294966,1,1,3608516,3608029,487
275405101,39.8451,38.2495,491,42565,0.0891946,1,1,3608588,3608097,491
275408021,35.138,29.0998,500,42615,0.0776778,1,1,3608620,3608120,500
275410941,36.2552,35.0399,498,42665,0.0730711,1,1,3608657,3608159,498
275413861,27.7021,35.016,485,42714,0.0712285,1,1,3608679,3608194,485
275416781,20.6808,27.2064,479,42763,0.0344914,0.86,1,3608695,3608216,479
275419701,21.4723,27.6826,473,42812,0.0197966,0.97,1,3608717,3608244,473
275422621,27.1889,32.673,468,42861,0.0379186,0.85,1,3608748,3608280,468
275425541,28.2756,34.6692,461,42910,0.0331674,0.77,1,3608777,3608316,461
275428461,23.9102,29.4677,456,42959,0.055267,0.63,1,3608798,3608342,456
275431381,27.5641,32.1871,452,43008,0.0281068,0.63,1,3608828,3608376,452
275434301,30.8256,12.8748,485,43057,0.0412427,0.59,1,3608861,3608376,485
275437221,29.1303,27.3499,476,43106,0.0464971,0.43,1,3608889,3608413,476
275440141,45.2521,30.74,499,43155,0.0845988,0.15,1,3608945,3608446,499
275443061,36.1008,54.296,459,43204,0.0518395,0.05,1,3608975,3608516,459
275445981,35.4403,42.1184,460,43253,0.0627358,0.05,1,3609010,3608550,460
275448901,36.3761,39.6474,459,43302,0.0310943,0.07,1,3609047,3608588,459
275451821,36.7505,35.0589,464,43351,0.0304377,0.07,1,3609084,3608620,464
275454741,26.1002,36.2236,446,43400,0.0901751,0.07,1,3609103,3608657,446
275457661,18.2401,27.6894,437,43449,0.05407,0.01,1,3609116,3608679,437
275460581,20.496,20.6758,443,43498,0.051628,0.01,1,3609138,3608695,443
275463501,26.7984,21.4703,452,43547,0.0866512,0.05,1,3609169,3608717,452
275466421,28.7194,27.1881,451,43595,0.0766605,0.03,1,3609199,3608748,451
275469341,23.4877,28.2753,442,43643,0.0366642,0.07,1,3609219,3608777,442
275472261,27.3951,23.9101,451,43691,0.0326657,0.01,1,3609249,3608798,451
275475181,31.358,27.564,455,43739,0.0550663,0.05,1,3609283,3608828,455
275478101,29.9432,30.8256,451,43787,0.0640265,0.05,1,3609312,3608861,451
275492701,37.2753,36.3761,461,44027,0.0945532,0.03,1,3609508,3609047,461
275495621,25.7101,36.7505,442,44075,0.0678213,0.13,1,3609526,3609084,442
275498541,16.884,26.1002,434,44123,0.0691285,0.03,1,3609537,3609103,434
275501461,21.1536,18.2401,445,44171,0.0696514,0.05,1,3609561,3609116,445
275504381,26.4614,20.496,453,44219,0.0698606,0.11,1,3609591,3609138,453
275507301,28.5846,26.7984,452,44267,0.0819442,0.07,1,3609621,3609169,452
275510221,24.0338,28.7194,443,44315,0.0747777,0.01,1,3609642,3609199,443
275513141,27.0135,23.4877,452,44363,0.0719111,0.03,1,3609671,3609219,452
275516061,32.4054,27.3951,458,44411,0.0587644,0.07,1,3609707,3609249,458
275518981,30.3622,31.358,453,44458,0.0415058,0.07,1,3609736,3609283,453
275521901,13.3449,29.9432,426,44505,0.0346023,0.21,1,3609738,3609312,426
275524821,44.9379,47.3773,433,44552,0.0438409,0.23,1,3609804,3609371,433
275527741,34.1752,34.5509,434,44599,0.0355364,0.19,1,3609831,3609397,434
275530661,35.2701,37.2204,431,44646,0.0322145,0.19,1,3609867,3609436,431
275533581,31.508,34.6881,427,44693,0.0428858,0.03,1,3609896,3609469,427
275536501,34.2032,37.2753,424,44740,0.0231543,0.05,1,3609932,3609508,424
275539421,24.4813,25.7101,424,44787,0.0272617,0.07,1,3609950,3609526,424
275542341,15.1925,16.884,422,44834,0.0409047,0.07,1,3609959,3609537,422
275545261,22.277,21.1536,425,44881,0.0463619,0.07,1,3609986,3609561,425
275548181,26.9108,26.4614,425,44928,0.0725448,0.09,1,3610016,3609591,425
275551101,29.3643,28.5846,426,44975,0.0470179,0.07,1,3610047,3609621,426
275554021,24.3457,24.0338,426,45022,0.0488072,0.07,1,3610068,3609642,426
275556941,25.3383,27.0135,423,45069,0.0495229,0.05,1,3610094,3609671,423
275559861,32.3353,32.4054,424,45116,0.0498091,0.03,1,3610131,3609707,424
275562781,29.7341,30.3622,423,45163,0.0499237,0.03,1,3610159,3609736,423
275565701,13.0937,13.3449,423,45210,0.0259695,0.05,1,3610161,3609738,423
275568621,44.2375,44.9379,422,45257,0.0403878,0.03,1,3610226,3609804,422
275571541,34.495,34.1752,423,45304,0.0941551,0.03,1,3610254,3609831,423
275583221,24.9935,24.4813,423,45490,0.241498,0.05,1,3610373,3609950,423
275586141,14.7974,15.1925,422,45536,0.234599,0.05,1,3610381,3609959,422
275589061,23.319,22.277,424,45582,0.21984,0.09,1,3610410,3609986,424
275591981,27.3276,26.9108,424,45628,0.237936,0.03,1,3610440,3610016,424
275594901,28.931,29.3643,423,45674,0.245174,0.05,1,3610470,3610047,423
275597821,23.5724,24.3457,422,45720,0.24807,0.05,1,3610490,3610068,422
275600741,25.029,25.3383,422,45766,0.249228,0.05,1,3610516,3610094,422
275603661,32.2116,32.3353,422,45812,0.201691,0.05,1,3610553,3610131,422
275612421,44.3255,44.2375,423,45950,0.238748,0.05,1,3610649,3610226,423
275615341,35.7302,17.695,453,45996,0.257499,0.13,1,3610679,3610226,453
275656221,45.5445,13.3138,497,46634,0.413211,0.27,1,3611081,3610584,497
275659141,37.4178,44.3255,464,46679,0.447284,0.27,1,3611113,3610649,464
275761341,36.4074,37.5884,454,48235,0.784751,0.65,2,3612131,3611677,454
275778861,24.1576,23.9224,455,48498,0.907986,0.73,2,3612271,3611816,455
275781781,27.063,26.369,456,48541,0.945194,0.73,2,3612300,3611844,456
275968661,173.26,173.978,504,23451,0.2356,1,1,3614253,3613749,504
275974501,75.8416,85.6766,495,23631,0.067696,0.85,1,3614377,3613882,495
275977421,63.3366,70.2706,490,23721,0.0570784,0.57,1,3614432,3613942,490
275980341,57.1347,71.9082,470,23810,0.0648314,0.27,1,3614485,3614015,470
275983261,71.4539,70.1633,482,23899,0.0799325,0.11,1,3614566,3614084,482
275994941,63.6532,67.5802,422,24252,0.0486063,0.03,1,3614748,3614326,422
275997861,56.0613,57.6321,422,24339,0.0494425,0.05,1,3614799,3614377,422
276000781,56.6245,56.0528,424,24426,0.061777,0.07,1,3614856,3614432,424
276003701,54.4498,54.2211,424,24513,0.0667108,0.09,1,3614909,3614485,424
276006621,72.1799,70.2885,427,24599,0.0806843,0.15,1,3614993,3614566,427
276015381,48.7795,51.0585,423,24857,0.229084,0,1,3615099,3614676,423
276018301,62.1118,63.6234,422,24942,0.241634,0.05,1,3615170,3614748,422
276021221,56.0447,56.0494,423,25027,0.258653,0.07,1,3615222,3614799,423
276024141,58.4179,56.6197,426,25112,0.265461,0.07,1,3615282,3614856,426
276027061,54.5672,54.4479,425,25196,0.280185,0.09,1,3615334,3614909,425
276029981,73.4269,72.1792,427,25280,0.286074,0.17,1,3615420,3614993,427
276032901,42.5707,40.8717,429,25364,0.26443,0.19,1,3615442,3615013,429
276035821,32.6283,31.9487,429,25448,0.267772,0.19,1,3615468,3615039,429
276038741,50.8513,12.7795,492,25531,0.233109,0.27,1,3615531,3615039,492
276047501,60.9265,54.8179,495,25779,0.202839,0.27,1,3615717,3615222,495
276050421,55.5706,57.9272,487,25861,0.219136,0.29,1,3615769,3615282,487
276053341,72.6282,54.3709,519,25943,0.249654,0.29,1,3615853,3615334,519
276056261,42.8513,73.3483,456,26025,0.249862,0.25,1,3615876,3615420,456
276059181,32.7405,42.5393,460,26106,0.249945,0.27,1,3615902,3615442,460
276067941,54.6554,63.5385,479,26349,0.405996,0.19,1,3616082,3615603,479
276105901,42.8198,42.8616,448,27375,0.770757,0.51,2,3616757,3616309,448
276108821,32.7279,33.3446,447,27452,0.782303,0.61,2,3616783,3616336,447
276120501,41.0714,41.3992,452,27760,0.917195,0.69,2,3616978,3616526,452
276240221,72.1419,75.0085,488,30729,0.90472,1,2,3619110,3618622,488
276251901,61.938,68.5874,481,31004,0.415273,1,1,3619302,3618821,481
276257741,26.9501,33.294,477,31140,0.283644,1,1,3619355,3618878,477
276269421,66.3875,32.7819,552,31412,0.0656773,0.85,1,3619570,3619018,552
276272341,44.555,68.3128,490,31479,0.0802709,0.63,1,3619600,3619110,490
276275261,34.622,50.1251,480,31546,0.0741084,0.57,1,3619628,3619148,480
276278181,41.4488,39.25,494,31613,0.0596433,0.53,1,3619674,3619180,494
276281101,55.5795,45.1,510,31680,0.0778573,0.31,1,3619739,3619229,510
276301541,45.8571,66.3871,456,32145,0.202606,0.09,1,3620026,3619570,456
276304461,33.9428,44.5548,452,32211,0.219042,0.07,1,3620052,3619600,452
276307381,40.5771,34.6219,469,32277,0.225617,0.05,1,3620097,3619628,469
276310301,57.0309,41.4488,491,32343,0.240247,0.09,1,3620165,3619674,491
276313221,45.0123,55.5795,463,32408,0.270099,0.13,1,3620202,3619739,463
276316141,25.2049,43.8318,439,32473,0.282039,0.13,1,3620214,3619775,439
276319061,46.082,24.7327,487,32538,0.298816,0.15,1,3620274,3619787,487
276336581,29.2084,33.9428,434,32926,0.409218,0.23,1,3620486,3620052,434
276339501,38.0834,40.5771,433,32990,0.433687,0.25,1,3620530,3620097,433
276365781,31.9163,31.021,441,33562,0.753015,0.43,2,3620899,3620458,441
276368701,31.3665,29.2084,444,33625,0.787206,0.45,2,3620930,3620486,444
276394981,28.4262,27.2906,459,34187,0.900982,0.77,2,3621323,3620864,459
276397901,32.9705,31.9163,460,34249,0.906393,0.77,2,3621359,3620899,460
276415421,48.3138,26.2965,526,34618,0.935671,0.83,2,3621627,3621101,526
276418341,39.7255,48.3186,497,34679,0.944268,0.87,2,3621661,3621164,497
276555581,41.8549,54.5032,506,37438,0.757114,1,2,3623569,3623063,506
276564341,51.6627,60.7522,509,37606,0.262775,1,1,3623714,3623205,509
276570181,36.946,38.4004,512,37718,0.048044,1,1,3623784,3623272,512
276573101,32.7784,34.5601,510,37774,0.0372176,1,1,3623814,3623304,510
276576021,33.5114,33.6241,511,37830,0.032887,0.96,1,3623848,3623337,511
276578941,32.0045,32.0496,511,37886,0.0551548,1,1,3623879,3623368,511
276581861,33.2018,35.0198,508,37942,0.0520619,1,1,3623913,3623405,508
276584781,30.0807,35.6079,500,37998,0.0628248,0.96,1,3623941,3623441,500
276587701,41.4323,32.8432,518,38054,0.0251299,0.83,1,3623990,3623472,518
276590621,34.5729,49.1373,488,38110,0.016052,0.67,1,3624020,3623532,488
276593541,31.2292,41.8549,480,38165,0.0364208,0.67,1,3624049,3623569,480
276596461,39.4917,37.142,491,38220,0.0565683,0.35,1,3624094,3623603,491
276599381,40.3967,49.6568,474,38275,0.0766273,0.11,1,3624135,3623661,474
276602301,38.9587,51.6627,459,38330,0.0306509,0,1,3624173,3623714,459
276605221,34.7835,42.8651,454,38385,0.0182604,0.01,1,3624205,3623751,454
276608141,32.5134,36.946,452,38440,0.0373041,0.03,1,3624236,3623784,452
276611061,33.4054,32.7784,456,38495,0.0329217,0.03,1,3624270,3623814,456
276613981,31.3621,33.5114,452,38550,0.0191687,0.07,1,3624300,3623848,452
276616901,32.9449,32.0045,455,38605,0.0256675,0.05,1,3624334,3623879,455
276619821,14.3779,33.2018,423,38660,0.028267,0.07,1,3624336,3623913,423
276622741,22.5512,30.0807,423,38715,0.0113068,0,1,3624364,3623941,423
276625661,39.0205,41.4323,424,38770,0.0105227,0.01,1,3624414,3623990,424
276628581,33.0082,34.5729,423,38824,0.0582091,0.05,1,3624443,3624020,423
276631501,30.0033,31.2292,422,38878,0.0772836,0.07,1,3624471,3624049,422
276643181,33.7585,34.7835,422,39094,0.0425865,0.05,1,3624627,3624205,422
276646101,32.7034,32.5134,423,39148,0.0350346,0.03,1,3624659,3624236,423
276649021,34.0814,33.4054,424,39202,0.0320138,0.01,1,3624694,3624270,424
276651941,31.0325,31.3621,423,39256,0.0308055,0.03,1,3624723,3624300,423
276654861,32.813,32.9449,423,39310,0.0303222,0.03,1,3624757,3624334,423
276657781,14.3252,14.3779,423,39364,0.0121289,0,1,3624759,3624336,423
276660701,24.3301,22.5512,426,39418,0.0348516,0.01,1,3624790,3624364,426
276663621,39.132,39.0205,425,39472,0.0319406,0.09,1,3624839,3624414,425
276666541,31.2528,33.0082,422,39526,0.0427762,0.09,1,3624865,3624443,422
276669461,29.3011,30.0033,422,39579,0.0591105,0.17,1,3624893,3624471,422
276672381,44.7204,39.6013,431,39632,0.0536442,0.23,1,3624948,3624517,431
276675301,44.2882,42.2405,431,39685,0.0754577,0.05,1,3624992,3624561,431
276678221,33.3153,37.8962,422,39738,0.0601831,0,1,3625018,3624596,422
276681141,31.9261,33.7585,422,39791,0.0240732,0.03,1,3625049,3624627,422
276684061,32.5704,32.7034,423,39844,0.0156293,0.03,1,3625082,3624659,423
276686981,34.0282,34.0814,423,39897,0.0482517,0.03,1,3625117,3624694,423
276689901,31.0113,31.0325,423,39950,0.0253007,0.03,1,3625146,3624723,423
276692821,32.2045,32.813,422,40003,0.0281203,0,1,3625179,3624757,422
276695741,14.0818,14.3252,422,40056,0.0112481,0.05,1,3625181,3624759,422
276698661,25.4327,24.3301,424,40109,0.0344992,0.05,1,3625214,3624790,424
276701581,38.9731,9.73203,472,40162,0.0197997,0.03,1,3625262,3624790,472
276704501,31.7892,33.2928,450,40215,0.0739199,0.05,1,3625289,3624839,450
276707421,28.3157,28.9171,450,40268,0.083568,0.07,1,3625315,3624865,450
276710341,44.9263,28.3669,478,40320,0.0754272,0.05,1,3625371,3624893,478
276713261,44.3705,44.3467,467,40372,0.0961709,0.09,1,3625415,3624948,467
276722021,32.0957,31.9022,454,40528,0.0865549,0.01,1,3625503,3625049,454
276724941,34.4383,32.5609,457,40580,0.052622,0.07,1,3625539,3625082,457
276727861,30.5753,34.0243,450,40632,0.0390488,0.01,1,3625567,3625117,450
276730781,32.0301,31.0097,454,40684,0.0336195,0.03,1,3625600,3625146,454
276733701,14.012,32.2039,423,40736,0.0314478,0,1,3625602,3625179,423
276736621,25.4048,14.0816,454,40788,0.0305791,0.05,1,3625635,3625181,454
276739541,40.7619,25.4326,472,40840,0.0122316,0.01,1,3625686,3625214,472
276742461,32.5048,38.9731,451,40892,0.0348927,0.11,1,3625713,3625262,451
276745381,29.2019,31.7892,451,40944,0.0319571,0.09,1,3625740,3625289,451
276748301,44.6808,28.3157,480,40996,0.0307828,0.07,1,3625795,3625315,480
276751221,45.4723,44.9263,470,41047,0.0303131,0.11,1,3625841,3625371,470
276754141,35.5889,44.3705,455,41098,0.0541253,0.15,1,3625870,3625415,455
276757061,28.6356,33.3482,453,41149,0.0876501,0.15,1,3625894,3625441,453
276762901,33.2617,32.0957,458,41251,0.070424,0.03,1,3625961,3625503,458
276765821,30.1047,34.4383,450,41302,0.0701696,0.03,1,3625989,3625539,450
276768741,31.2419,30.5753,454,41353,0.0460678,0.03,1,3626021,3625567,454
276771661,13.6967,32.0301,423,41404,0.0364271,0.03,1,3626023,3625600,423
276774581,25.8787,14.012,455,41455,0.0205709,0.03,1,3626057,3625602,455
276777501,41.5515,25.4048,474,41506,0.0262283,0,1,3626109,3625635,474
276780421,17.8206,40.7619,425,41557,0.0284913,0.05,1,3626111,3625686,425
276783341,22.7282,32.5048,424,41608,0.0173965,0.03,1,3626137,3625713,424
276786261,24.6913,29.2019,423,41659,0.0489586,0.03,1,3626163,3625740,423
276789181,42.8765,44.6808,423,41710,0.0615834,0.03,1,3626218,3625795,423
276800861,31.2224,30.6542,427,41912,0.207737,0.05,1,3626353,3625926,427
276803781,31.689,33.2617,424,41962,0.221095,0.07,1,3626385,3625961,424
276806701,30.0756,30.1047,425,42012,0.250438,0.03,1,3626414,3625989,425
276809621,29.4302,31.2419,422,42062,0.250175,0.03,1,3626443,3626021,422
276812541,12.9721,13.6967,422,42112,0.25007,0.01,1,3626445,3626023,422
276832981,47.1217,45.3506,427,42462,0.227824,0.15,1,3626692,3626265,427
276835901,37.4487,36.1402,428,42512,0.24113,0.15,1,3626723,3626295,428
276838821,31.7795,30.0561,430,42562,0.258452,0.25,1,3626751,3626321,430
276841741,33.1118,31.2224,432,42612,0.241381,0.23,1,3626785,3626353,432
276844661,33.0447,31.689,433,42662,0.270552,0.27,1,3626818,3626385,433
276847581,31.8179,30.0756,435,42711,0.246221,0.25,1,3626849,3626414,435
276850501,28.3272,29.4302,432,42760,0.248488,0.25,1,3626875,3626443,432
276853421,12.5309,12.9721,432,42809,0.249395,0.15,1,3626877,3626445,432
276856341,24.2123,26.1888,429,42858,0.285758,0.19,1,3626909,3626480,429
276879701,33.5916,37.1008,462,43250,0.401238,0.27,1,3627185,3626723,462
276882621,32.6366,31.6403,466,43299,0.430495,0.23,1,3627217,3626751,466
276967301,32.8721,34.6498,448,44691,0.768984,0.55,2,3628109,3627661,448
276970221,34.1488,34.2599,449,44738,0.769594,0.55,2,3628144,3627695,449
276973141,33.4595,32.904,450,44785,0.781837,0.57,2,3628177,3627727,450
276984821,44.647,42.9527,454,44973,0.900767,0.65,2,3628297,3627843,454
276987741,19.0588,18.3811,454,45020,0.930307,0.65,2,3628299,3627845,454
276990661,23.2235,22.9524,454,45067,0.918123,0.65,2,3628325,3627871,454
276993581,25.4894,24.781,455,45114,0.937249,0.67,2,3628352,3627897,455
276996501,46.1958,45.9124,455,45161,0.9449,0.67,2,3628412,3627957,455
277192141,32.0719,29.9336,510,48189,0.928518,1,2,3630502,3629992,510
277195061,27.8288,31.1734,503,48233,0.917407,1,2,3630527,3630024,503
277197981,30.9315,33.4694,501,48277,0.924963,1,2,3630560,3630059,501
277200901,31.5726,34.9877,497,48321,0.927985,1,2,3630592,3630095,497
277259301,36.2614,31.2421,500,49184,0.905931,0.81,2,3631183,3630683,500
277500201,126.912,133.279,474,23360,0.24424,0.87,1,3633731,3633257,474
277520641,57.5215,66.5665,458,24699,0.202493,0.13,1,3634083,3633625,458
277523561,68.0086,66.2266,467,24785,0.230997,0.07,1,3634158,3633691,467
277526481,60.2034,83.4906,427,24871,0.290399,0.11,1,3634213,3633786,427
277535241,42.085,42.2554,431,25126,0.403306,0.17,1,3634375,3633944,431
277538161,28.834,29.5022,430,25210,0.419322,0.21,1,3634395,3633965,430
277541081,41.5336,41.8009,430,25294,0.449729,0.21,1,3634445,3634015,430
277544001,58.6134,57.5203,432,25378,0.449892,0.25,1,3634515,3634083,432
277605321,67.6927,72.2819,464,27076,0.922147,0.83,2,3635704,3635240,464
277608241,42.0771,43.9127,464,27154,0.926859,0.85,2,3635729,3635265,464
277611161,28.8308,29.5651,464,27232,0.928743,0.85,2,3635749,3635285,464
277795121,60.7969,41.4149,541,31758,0.94,1,2,3638967,3638426,541
277803881,48.963,45.3706,519,31957,0.9028,1,2,3639099,3638580,519
277821401,36.0729,52.2305,507,32353,0.431787,1,1,3639368,3638861,507
277824321,55.8291,39.4922,545,32418,0.406715,0.9,1,3639437,3638892,545
277844761,49.901,60.0136,450,32872,0.436565,0.51,1,3639675,3639225,450
277888561,55.94,54.1591,449,33824,0.775109,0.57,2,3640327,3639878,449
277935281,29.7105,23.0891,497,34810,0.905168,0.83,2,3640955,3640458,497
277938201,13.0842,30.2356,464,34871,0.908067,0.83,2,3640957,3640493,464
277941121,52.0337,13.2943,540,34932,0.921227,0.83,2,3641035,3640495,540
278072521,46.8849,39.8101,521,37558,0.94,1,2,3642902,3642381,521
278087121,34.4468,37.9427,512,37838,0.782666,1,2,3643082,3642570,512
278098801,58.3234,40.2545,539,38062,0.430484,1,1,3643268,3642729,539
278101721,36.5294,49.7018,505,38118,0.430194,1,1,3643290,3642785,505
278107561,45.5647,34.7123,532,38228,0.230831,0.9,1,3643379,3642847,532
278128001,34.0349,37.1787,486,38613,0.0895618,0.51,1,3643607,3643121,486
278145521,40.2826,45.5647,426,38940,0.229359,0.11,1,3643805,3643379,426
278148441,31.713,32.0259,429,38994,0.217744,0.17,1,3643831,3643402,429
278151361,37.8852,37.4104,430,39048,0.237098,0.13,1,3643873,3643443,430
278154281,36.7541,38.3641,427,39102,0.256839,0.13,1,3643909,3643482,427
278174721,50.7377,49.2902,430,39480,0.41,0.17,1,3644137,3643707,430
278177641,31.6951,30.5161,431,39533,0.41,0.21,1,3644156,3643725,431
278180561,34.878,33.2064,433,39586,0.434,0.25,1,3644193,3643760,433
278183481,41.5512,40.2826,434,39639,0.4436,0.21,1,3644239,3643805,434
278250641,51.6336,27.0985,516,40846,0.768605,0.55,2,3645027,3644511,516
278291521,22.8958,51.6336,464,41563,0.903579,0.85,2,3645491,3645027,464
278294441,21.1583,32.6534,464,41614,0.931432,0.87,2,3645511,3645047,464
278476941,124.232,127.477,486,20647,0.419056,0.57,1,3647755,3647269,486
278479861,102.493,89.9907,509,20750,0.401622,0.47,1,3647843,3647334,509
278485701,71.8388,74.6385,480,20954,0.43986,0.39,1,3647969,3647489,480
278526581,71.0446,70.8937,454,22329,0.761232,0.67,2,3648868,3648414,454
278529501,44.0178,43.3575,455,22424,0.778493,0.65,2,3648894,3648439,455
278532421,33.2071,33.543,454,22519,0.797397,0.65,2,3648920,3648466,454
278544101,71.5973,86.4907,516,22893,0.915661,0.71,2,3649253,3648737,516
278547021,72.4389,70.5963,529,22986,0.948265,0.79,2,3649326,3648797,529
278631701,59.7566,19.3369,560,25523,0.928,1,2,3651102,3650542,560
278634621,55.1026,54.5348,534,25606,0.9412,1,2,3651154,3650620,534
278637541,67.6411,62.6139,542,25689,0.91648,1,2,3651230,3650688,542
278640461,48.6564,62.8456,515,25771,0.948592,1,2,3651266,3650751,515
278646301,62.865,42.6953,553,25935,0.793775,1,2,3651386,3650833,553
278698861,71.4051,69.8833,450,27368,0.78223,0.57,2,3652371,3651921,450
278701781,45.362,44.7533,450,27445,0.798892,0.63,2,3652399,3651949,450
278730981,63.497,63.1448,462,28207,0.921312,0.87,2,3652936,3652474,462
278847781,38.0013,35.9217,492,31068,0.9316,1,2,3654924,3654432,492
278856541,33.8481,34.987,493,31272,0.775542,1,2,3655042,3654549,493
278926621,72.8992,79.4704,448,32858,0.761913,0.53,2,3656123,3655675,448
278941221,49.7564,45.2003,458,33178,0.900055,0.75,2,3656346,3655888,458
278944141,36.7026,34.2801,459,33242,0.918022,0.77,2,3656374,3655915,459
278947061,30.881,29.3121,460,33306,0.937209,0.75,2,3656401,3655941,460
278949981,27.9524,27.9248,459,33370,0.920883,0.75,2,3656427,3655968,459
278952901,36.381,36.3699,459,33433,0.926353,0.75,2,3656469,3656010,459
278955821,15.7524,15.748,459,33496,0.928541,0.77,2,3656471,3656012,459
278958741,74.101,72.8992,461,33559,0.917417,0.83,2,3656584,3656123,461
278961661,59.0404,57.3597,463,33622,0.936967,0.81,2,3656633,3656170,463
278964581,50.0162,49.9439,462,33685,0.932787,0.85,2,3656677,3656215,462
279119341,39.2163,38.363,505,36866,0.946,1,2,3658899,3658394,505
279122261,34.8865,36.9452,501,36923,0.9244,1,2,3658931,3658430,501
279131021,41.2567,33.0605,500,37094,0.765002,1,2,3659054,3658554,500
279142701,33.7682,31.2495,520,37322,0.41928,1,1,3659193,3658673,520
279148541,41.6429,41.3599,521,37436,0.224285,1,1,3659290,3658769,521
279157301,32.6651,39.175,501,37604,0.0573142,0.91,1,3659400,3658899,501
279160221,35.8661,34.87,507,37660,0.0769257,0.99,1,3659438,3658931,507
279163141,35.9464,37.348,504,37716,0.0727703,0.82,1,3659474,3658970,504
279166061,34.7786,40.1392,496,37772,0.0471081,0.69,1,3659508,3659012,496
279168981,35.5114,41.2557,490,37828,0.0608432,0.59,1,3659544,3659054,490
279171901,29.2046,40.5023,475,37884,0.0543373,0.59,1,3659569,3659094,475
279174821,32.6818,34.8009,479,37940,0.0397349,0.41,1,3659604,3659125,479
279177741,29.8727,34.9204,472,37996,0.069894,0.37,1,3659632,3659160,472
279186501,38.5599,41.6429,468,38163,0.0752732,0.11,1,3659758,3659290,468
279206941,27.6818,35.5114,446,38548,0.202833,0.05,1,3659990,3659544,446
279218621,40.9999,43.7491,425,38768,0.214329,0.11,1,3660110,3659685,425
279221541,37.9999,37.8996,427,38822,0.247731,0.05,1,3660146,3659719,427
279224461,39.2,38.5599,428,38876,0.249093,0.21,1,3660186,3659758,428
279227381,41.48,38.8239,432,38930,0.249637,0.17,1,3660229,3659797,432
279230301,27.392,29.9296,426,38984,0.285855,0.13,1,3660247,3659821,426
279233221,39.1568,36.5718,432,39038,0.276342,0.23,1,3660294,3659862,432
279236141,35.4627,35.0287,431,39092,0.284537,0.17,1,3660327,3659896,431
279239061,34.5851,35.0115,430,39146,0.299815,0.15,1,3660361,3659931,430
279241981,37.834,36.2046,433,39200,0.293926,0.23,1,3660401,3659968,433
279274101,34.9674,35.4627,434,39789,0.404737,0.31,1,3660761,3660327,434
279335421,38.6041,42.1936,487,40890,0.759996,0.59,2,3661466,3660979,487
279338341,39.4416,39.0774,490,40942,0.777998,0.59,2,3661506,3661016,490
279341261,42.7767,39.631,495,40994,0.773199,0.59,2,3661551,3661056,495
279344181,27.9107,42.8524,468,41045,0.77128,0.57,2,3661569,3661101,468
279347101,42.9643,28.541,502,41096,0.794512,0.63,2,3661622,3661120,502
279358781,30.1879,40.8346,478,41300,0.914436,0.69,2,3661763,3661285,478
279361701,35.4752,28.9339,496,41351,0.935774,0.71,2,3661802,3661306,496
279364621,15.3901,34.9735,459,41402,0.94431,0.73,2,3661804,3661345,459
279548581,31.1745,30.7906,528,44501,0.903539,1,2,3663950,3663422,528
279551501,23.2698,29.7162,517,44548,0.925416,1,2,3663968,3663451,517
279554421,35.1079,50.2865,496,44595,0.940166,1,2,3664011,3663515,496
279557341,33.2432,35.7146,502,44642,0.910067,1,2,3664043,3663541,502
279563181,47.7989,50.7143,493,44736,0.758811,1,2,3664130,3663637,493
279601141,31.0938,33.2432,466,45347,0.435872,0.83,1,3664509,3664043,466
279662461,34.5278,32.8073,479,46314,0.761759,0.51,2,3665160,3664681,479
279665381,23.4111,33.5229,461,46360,0.754703,0.53,2,3665176,3664715,461
279668301,36.3645,23.0092,490,46405,0.775881,0.61,2,3665221,3664731,490
279679981,20.6973,18.3922,477,46585,0.915879,0.73,2,3665315,3664838,477
279682901,21.4789,20.5569,477,46630,0.936351,0.69,2,3665337,3664860,477
279685821,32.5916,21.4228,495,46675,0.944541,0.69,2,3665377,3664882,495
279802621,26.7026,24.8995,486,48451,0.927846,1,2,3666594,3666108,486
279837661,39.5479,33.1637,510,48967,0.945077,0.99,2,3666951,3666441,510
280024541,179.284,167.931,512,23451,0.2932,0.69,1,3668932,3668420,512
280027461,96.3135,116.372,471,23541,0.23128,0.55,1,3668973,3668502,471
280036221,61.0521,74.3358,457,23810,0.241602,0.01,1,3669157,3668700,457
280050821,49.9346,51.7286,431,24252,0.251988,0.15,1,3669404,3668973,431
280065421,44.9478,46.2718,427,24685,0.41994,0.15,1,3669693,3669266,427
280068341,28.1791,26.9087,430,24771,0.449976,0.23,1,3669710,3669280,430
280123821,57.1784,53.4944,509,26349,0.769987,0.59,2,3670794,3670285,509
280126741,68.4714,56.7978,526,26429,0.793995,0.61,2,3670870,3670344,526
280144261,56.6474,64.1149,506,26906,0.917915,0.75,2,3671193,3670687,506
280147181,23.859,54.446,460,26985,0.925166,0.81,2,3671195,3670735,460
280255221,36.0596,39.3902,513,29749,0.94,1,2,3673159,3672646,513
280266901,71.4735,71.6548,500,30033,0.764272,1,2,3673392,3672892,500
280331141,34.6485,43.8611,477,31546,0.76726,0.59,2,3674354,3673877,477
280334061,56.4594,34.3444,520,31613,0.768904,0.61,2,3674425,3673905,520
280336981,48.3838,56.3378,492,31680,0.757562,0.61,2,3674468,3673976,492
280339901,37.3535,46.5351,482,31747,0.753025,0.63,2,3674498,3674016,482
280345741,57.5766,32.8856,525,31881,0.781684,0.69,2,3674602,3674077,525
280348661,38.6306,56.3542,479,31947,0.798674,0.69,2,3674628,3674149,479
280351581,34.6522,38.1417,485,32013,0.793469,0.67,2,3674660,3674175,485
280357421,48.0244,67.3027,491,32145,0.903355,0.75,2,3674786,3674295,491
280360341,34.8097,46.1211,485,32211,0.919342,0.79,2,3674812,3674327,485
280363261,57.1239,34.6484,530,32277,0.937737,0.77,2,3674884,3674354,530
280482981,46.8064,72.5113,500,34862,0.92248,1,2,3676673,3676173,500
280485901,39.1226,41.0045,514,34923,0.926992,1,2,3676707,3676193,514
280503421,42.7347,29.9723,537,35284,0.0771889,1,1,3676944,3676407,537
280506341,57.2939,61.1889,522,35344,0.0308756,1,1,3677011,3676489,522
280509261,34.3176,45.4756,506,35404,0.0183502,0.93,1,3677030,3676524,506
280512181,62.927,33.7902,562,35464,0.0373401,0.83,1,3677112,3676550,562
280515101,41.9708,67.5161,500,35524,0.014936,0.95,1,3677140,3676640,500
280518021,34.7883,46.8064,497,35584,0.0479744,0.93,1,3677170,3676673,497
280520941,33.1153,39.1226,495,35643,0.0251898,0.75,1,3677202,3676707,495
280523861,14.4461,37.249,461,35702,0.0400759,0.55,1,3677204,3676743,461
280526781,27.9785,46.6996,445,35761,0.0700304,0.39,1,3677241,3676796,445
280529701,27.3914,41.4798,434,35820,0.0940121,0.21,1,3677268,3676834,434
280535541,24.1826,31.8368,422,35938,0.0954419,0.03,1,3677316,3676894,422
280538461,39.673,42.7347,422,35997,0.0681768,0,1,3677366,3676944,422
280541381,56.0692,57.2939,422,36056,0.0272707,0.01,1,3677433,3677011,422
280544301,35.0277,34.3176,424,36115,0.0109083,0.05,1,3677454,3677030,424
280547221,62.6111,62.927,423,36174,0.0463633,0,1,3677535,3677112,423
280550141,42.4444,41.9708,424,36232,0.0245453,0.07,1,3677564,3677140,424
280553061,34.3778,34.7883,423,36290,0.0638181,0.01,1,3677593,3677170,423
280555981,34.1511,33.1153,425,36348,0.0795273,0.05,1,3677627,3677202,425
280558901,14.8604,14.4461,425,36406,0.0858109,0.09,1,3677629,3677204,425
280576421,56.3921,56.0692,423,36754,0.0475662,0,1,3677856,3677433,423
280579341,34.5569,35.0277,422,36811,0.0190265,0.07,1,3677876,3677454,422
280582261,64.2227,62.6111,425,36868,0.0616106,0.01,1,3677960,3677535,425
280585181,41.8891,42.4444,423,36925,0.0666442,0.09,1,3677987,3677564,423
280588101,34.7556,34.3778,424,36982,0.0806577,0.09,1,3678017,3677593,424
280591021,35.5023,34.1511,426,37039,0.0862631,0.09,1,3678053,3677627,426
280593941,15.4009,14.8604,426,37096,0.0885052,0.13,1,3678055,3677629,426
280608541,35.4243,21.3931,471,37381,0.20553,0.07,1,3678209,3677738,471
280614381,33.9879,56.2229,441,37494,0.0460848,0,1,3678297,3677856,441
280617301,65.1952,34.4892,507,37550,0.0364339,0.09,1,3678383,3677876,507
280620221,42.2781,64.1957,450,37606,0.0565736,0.07,1,3678410,3677960,450
280623141,35.5112,41.8783,454,37662,0.0646294,0.09,1,3678441,3677987,454
280626061,36.4045,34.7513,461,37718,0.0558518,0.09,1,3678478,3678017,461
280628981,15.7618,35.5005,427,37774,0.0523407,0.09,1,3678480,3678053,427
280631901,28.5047,15.4002,462,37830,0.0749363,0.15,1,3678517,3678055,462
280634821,31.2019,27.7601,459,37886,0.0959745,0.15,1,3678550,3678091,459
280649421,32.1589,54.9697,442,38165,0.0483876,0.01,1,3678719,3678277,442
280652341,65.0635,33.9879,509,38220,0.037355,0.03,1,3678806,3678297,509
280655261,41.6254,65.1952,449,38275,0.056942,0.07,1,3678832,3678383,449
280658181,36.4502,42.2781,455,38330,0.0767768,0.07,1,3678865,3678410,455
280661101,36.1801,35.5112,460,38385,0.0847107,0.05,1,3678901,3678441,460
280664021,15.672,36.4045,425,38440,0.0878843,0.05,1,3678903,3678478,425
280684461,46.0287,50.3972,423,38824,0.222034,0,1,3679122,3678699,423
280687381,29.8115,32.1589,422,38878,0.250814,0.03,1,3679141,3678719,422
280693221,41.9698,41.6254,425,38986,0.0581302,0.09,1,3679257,3678832,425
280696141,37.1879,36.4502,426,39040,0.0532521,0.09,1,3679291,3678865,426
280699061,36.4752,36.1801,426,39094,0.0753008,0.09,1,3679327,3678901,426
280701981,15.7901,15.672,426,39148,0.0841203,0.11,1,3679329,3678903,426
280725341,30.4688,29.8115,434,39579,0.2143,0.05,1,3679575,3679141,434
280728261,58.9875,65.9246,422,39632,0.22372,0.01,1,3679653,3679231,422
280731181,39.195,41.9698,422,39685,0.227488,0.05,1,3679679,3679257,422
280734101,36.078,37.1879,422,39738,0.228995,0.09,1,3679713,3679291,422
280737021,37.8312,36.4752,425,39791,0.217598,0.09,1,3679752,3679327,425
280739941,16.3325,15.7901,425,39844,0.213039,0.13,1,3679754,3679329,425
280742861,32.933,30.916,428,39897,0.247216,0.13,1,3679798,3679370,428
280745781,34.7732,33.9664,428,39950,0.236886,0.19,1,3679834,3679406,428
280748701,30.1093,29.1866,429,40003,0.268755,0.19,1,3679861,3679432,429
280763301,31.4718,45.8528,451,40268,0.417981,0.23,1,3680007,3679556,451
280845061,58.7437,60.3319,450,41710,0.753789,0.57,2,3680978,3680528,450
280847981,39.0975,39.7327,450,41761,0.763516,0.57,2,3681004,3680554,450
280850901,36.039,36.2931,450,41812,0.791406,0.57,2,3681038,3680588,450
280859661,33.6265,33.0428,451,41962,0.79153,0.61,2,3681125,3680674,451
280865501,31.9002,31.5668,452,42062,0.795045,0.59,2,3681192,3680740,452
280868421,13.9601,13.8267,452,42112,0.792018,0.61,2,3681194,3680742,452
280877181,16.2054,15.6209,455,42262,0.901969,0.65,2,3681271,3680816,455
280880101,44.8822,44.6484,455,42312,0.918788,0.73,2,3681335,3680880,455
280883021,31.1529,29.8593,457,42362,0.937515,0.79,2,3681357,3680900,457
281037781,22.4549,22.6402,491,44926,0.945039,1,2,3683129,3682638,491
281040701,30.582,35.4561,483,44973,0.924016,1,2,3683165,3682682,483
281049461,24.7572,30.8772,490,45114,0.792337,1,2,3683254,3682764,490
281058221,34.3445,33.7521,483,45255,0.78679,0.95,2,3683383,3682900,483
281078661,27.6522,29.1372,466,45580,0.757999,0.94,2,3683577,3683111,466
281096181,46.8772,48.9029,458,45856,0.784528,0.81,2,3683777,3683319,458
281099101,38.5509,39.3612,458,45902,0.799811,0.77,2,3683810,3683352,458
281113701,18.844,32.0312,467,46132,0.904264,0.79,2,3683948,3683481,467
281116621,23.1376,19.4125,482,46178,0.919706,0.71,2,3683974,3683492,482
281119541,29.655,23.365,490,46224,0.937882,0.75,2,3684008,3683518,490
281122461,27.462,28.546,484,46270,0.945153,0.77,2,3684034,3683550,484
281125381,20.5848,27.6184,473,46316,0.948061,0.73,2,3684050,3683577,473
281128301,28.6339,20.6474,491,46362,0.949224,0.71,2,3684084,3683593,491
281335621,32.5564,33.9691,513,49485,0.946,1,2,3686284,3685771,513
281347301,31.6254,28.3208,537,49656,0.908618,1,2,3686412,3685875,537
281350221,33.0502,30.5283,539,49698,0.933447,1,2,3686446,3685907,539
281356061,27.488,24.0845,550,49782,0.750552,1,2,3686504,3685954,550
281418841,78.2536,79.9621,456,23631,0.0597848,0.11,1,3687220,3686764,456
281421761,62.5015,67.3849,449,23721,0.0299139,0.07,1,3687272,3686823,449
281424681,62.8006,59.9539,457,23810,0.0179656,0.07,1,3687335,3686878,457
281427601,52.7202,60.5816,442,23899,0.0491862,0.07,1,3687381,3686939,442
281430521,40.2881,53.6326,425,23988,0.0856745,0.05,1,3687413,3686988,425
281433441,36.5152,34.6531,437,24076,0.0762698,0.07,1,3687447,3687010,437
281436361,64.4061,70.8612,425,24164,0.0965079,0.11,1,3687530,3687105,425
281442201,60.225,62.3378,422,24339,0.0526413,0.01,1,3687642,3687220,422
281445121,55.29,56.1351,422,24426,0.0510565,0.01,1,3687694,3687272,422
281448041,62.916,60.254,427,24513,0.0384226,0.07,1,3687762,3687335,427
281450961,50.3664,51.7016,423,24599,0.057369,0.11,1,3687804,3687381,423
281474321,50.8072,50.3657,423,25280,0.0866687,0.13,1,3688227,3687804,423
281491841,52.065,56.359,477,25779,0.202122,0.13,1,3688541,3688064,477
281494761,60.426,53.7436,491,25861,0.254849,0.09,1,3688607,3688116,491
281497681,49.3704,62.2974,465,25943,0.28794,0.07,1,3688649,3688184,465
281500601,44.9482,50.719,464,26025,0.289176,0.11,1,3688691,3688227,464
281564841,47.5044,46.7169,451,27760,0.759576,0.61,2,3689815,3689364,451
281567761,49.6018,48.6868,452,27836,0.78983,0.63,2,3689866,3689414,452
281582361,71.8945,70.6314,456,28214,0.902721,0.75,2,3690157,3689701,456
281588201,24.7031,24.261,457,28364,0.916035,0.75,2,3690209,3689752,457
281591121,48.8812,9.70441,522,28439,0.936414,0.77,2,3690274,3689752,522
281705001,43.4784,46.2771,495,31208,0.9484,1,2,3692241,3691746,495
281722521,79.9497,39.0624,586,31613,0.258651,1,1,3692549,3691963,586
281728361,51.9119,69.13,514,31747,0.0761842,1,1,3692640,3692126,514
281731281,36.3648,50.452,502,31814,0.0484737,0.81,1,3692666,3692164,502
281734201,39.1459,38.1808,513,31881,0.0193895,0.99,1,3692707,3692194,513
281737121,39.0584,43.4723,505,31947,0.0857558,0.83,1,3692746,3692241,505
281740041,34.2233,41.9889,495,32013,0.0403023,0.77,1,3692777,3692282,495
281742961,32.2893,39.5956,488,32079,0.0461209,0.55,1,3692808,3692320,488
281745881,32.1157,36.8382,485,32145,0.0484484,0.57,1,3692840,3692355,485
281748801,42.2463,36.9353,497,32211,0.0253793,0.45,1,3692889,3692392,497
281751721,66.6985,48.3741,524,32277,0.0761517,0.09,1,3692972,3692448,524
281754641,51.2794,79.9496,464,32343,0.0604607,0.07,1,3693013,3692549,464
281757561,49.9118,57.7799,470,32408,0.0661843,0.03,1,3693062,3692592,470
281760481,36.7647,51.9119,450,32473,0.0564737,0.03,1,3693090,3692640,450
281763401,38.7059,36.3648,464,32538,0.0405895,0,1,3693130,3692666,464
281766321,38.8824,39.1459,462,32603,0.0462358,0.13,1,3693169,3692707,462
281769241,34.1529,39.0584,454,32668,0.0484943,0.01,1,3693200,3692746,454
281772161,31.0612,34.2233,452,32733,0.0253977,0.05,1,3693229,3692777,452
281775081,13.6245,32.2893,423,32798,0.0281591,0.05,1,3693231,3692808,423
281778001,26.4498,32.1157,426,32862,0.0412636,0.01,1,3693266,3692840,426
281780921,38.7799,42.2463,424,32926,0.0345055,0.11,1,3693313,3692889,424
281783841,64.712,66.6985,423,32990,0.0558022,0.05,1,3693395,3692972,423
281786761,51.0848,51.2794,424,33054,0.0523209,0.07,1,3693437,3693013,424
281789681,50.4339,49.9118,425,33118,0.0629283,0.05,1,3693487,3693062,425
281792601,36.3736,36.7647,424,33182,0.0671713,0.03,1,3693514,3693090,424
281795521,37.3494,38.7059,422,33246,0.0568685,0.05,1,3693552,3693130,422
281798441,40.1398,38.8824,425,33310,0.0407474,0.05,1,3693594,3693169,425
281801361,34.0559,34.1529,424,33373,0.070299,0.01,1,3693624,3693200,424
281804281,30.4224,31.0612,423,33436,0.0341196,0.03,1,3693652,3693229,423
281807201,13.3689,13.6245,423,33499,0.0196478,0.05,1,3693654,3693231,423
281810121,25.7476,26.4498,422,33562,0.0378591,0.03,1,3693688,3693266,422
281813041,38.499,38.7799,422,33625,0.0331437,0.07,1,3693735,3693313,422
281815961,65.1996,64.712,423,33688,0.0792575,0.05,1,3693818,3693395,423
281818881,50.6798,51.0848,422,33751,0.097703,0.07,1,3693859,3693437,422
281821801,50.8719,50.4339,423,33814,0.0690812,0.07,1,3693910,3693487,423
281824721,37.7488,36.3736,425,33877,0.0696325,0.05,1,3693939,3693514,425
281827641,36.0995,37.3494,422,33939,0.081853,0.03,1,3693974,3693552,422
281830561,40.8398,40.1398,424,34001,0.0747412,0.09,1,3694018,3693594,424
281833481,34.3359,34.0559,424,34063,0.0718965,0.01,1,3694048,3693624,424
281865601,34.3883,40.8145,454,34740,0.207361,0.07,1,3694472,3694018,454
281868521,29.9553,34.3258,451,34801,0.208944,0.13,1,3694499,3694048,451
281871441,13.1821,29.3303,427,34862,0.209578,0.13,1,3694501,3694074,427
281874361,26.8728,12.9321,461,34923,0.245831,0.13,1,3694537,3694076,461
281877281,35.9491,25.5729,469,34984,0.260332,0.09,1,3694579,3694110,469
281880201,68.3797,37.8291,513,35044,0.290133,0.13,1,3694669,3694156,513
281906481,28.6581,13.1821,470,35584,0.400779,0.27,1,3694971,3694501,470
281909401,36.6632,26.8728,476,35643,0.418312,0.27,1,3695013,3694537,476
281912321,15.8653,35.9491,436,35702,0.425325,0.31,1,3695015,3694579,436
281915241,61.5461,68.3797,438,35761,0.44013,0.33,1,3695107,3694669,438
281918161,49.8184,52.5519,438,35820,0.446052,0.33,1,3695149,3694711,438
282008681,14.0421,31.1097,457,37606,0.904767,0.73,2,3696277,3695820,457
282011601,30.8168,13.6439,497,37662,0.931907,0.71,2,3696319,3695822,497
282148841,30.2247,21.7451,531,40215,0.923046,1,2,3698114,3697583,531
282151761,32.4899,41.698,510,40268,0.921219,1,2,3698148,3697638,510
282166361,33.2261,23.8337,516,40528,0.425065,1,1,3698305,3697789,516
282172201,50.9162,55.8934,519,40632,0.21561,1,1,3698414,3697895,519
282207241,40.5095,33.2261,485,41251,0.0993024,0.29,1,3698790,3698305,485
282210161,48.0038,46.2905,483,41302,0.093721,0.13,1,3698843,3698360,483
282216001,34.3206,57.5665,445,41404,0.203395,0.15,1,3698921,3698476,445
282218921,29.9282,35.0266,452,41455,0.219358,0.07,1,3698948,3698496,452
282221841,33.5713,29.6106,462,41506,0.213743,0.13,1,3698984,3698522,462
282224761,14.6285,34.0443,427,41557,0.211497,0.13,1,3698986,3698559,427
282227681,19.6514,26.2177,429,41608,0.222599,0.17,1,3699009,3698580,429
282230601,25.2606,27.8871,429,41659,0.23904,0.15,1,3699038,3698609,429
282233521,25.1042,26.7548,428,41710,0.245616,0.13,1,3699063,3698635,428
282236441,29.8417,29.9019,429,41761,0.236246,0.15,1,3699096,3698667,429
282239361,22.7367,23.9608,427,41812,0.256499,0.15,1,3699114,3698687,427
282242281,22.8947,22.1843,429,41862,0.276599,0.09,1,3699137,3698708,429
282245201,27.7579,29.2737,426,41912,0.27264,0.09,1,3699168,3698742,426
282248121,40.5031,40.5095,427,41962,0.295056,0.09,1,3699217,3698790,427
282251041,49.2013,48.0038,429,42012,0.292022,0.21,1,3699272,3698843,429
282289001,41.1908,40.5031,435,42662,0.427172,0.29,1,3699652,3699217,435
282332801,51.9033,41.171,499,43397,0.767483,0.47,2,3700151,3699652,499
282335721,59.1613,50.0684,507,43446,0.792993,0.55,2,3700215,3699708,507
282338641,36.2645,56.6274,467,43495,0.791197,0.55,2,3700236,3699769,467
282341561,31.9058,34.6509,476,43544,0.778479,0.57,2,3700265,3699789,476
282344481,35.5623,30.6604,486,43592,0.797392,0.59,2,3700303,3699817,486
282364921,23.574,22.722,480,43928,0.905401,0.71,2,3700466,3699986,480
282367841,27.4296,23.4888,486,43976,0.90816,0.71,2,3700496,3700010,486
282376601,60.4355,51.9033,525,44120,0.903162,0.81,2,3700676,3700151,525
282379521,36.1742,59.1613,481,44168,0.919265,0.79,2,3700696,3700215,481
282382441,32.4697,36.2645,490,44216,0.937706,0.77,2,3700726,3700236,490
282626261,38.8842,12.3599,488,22626,0.780566,0.49,2,3703843,3703355,488
282635021,84.1126,71.759,539,22906,0.911796,0.65,2,3704130,3703591,539
282637941,79.845,80.3036,530,22999,0.934719,0.73,2,3704207,3703677,530
282640861,47.538,77.1214,481,23091,0.943887,0.69,2,3704233,3703752,481
282643781,32.8152,46.4486,478,23183,0.935555,0.77,2,3704256,3703778,478
282833581,35.3796,27.0204,513,28517,0.94792,1,2,3708046,3707533,513
282836501,40.5518,40.8082,507,28591,0.793168,1,2,3708090,3707583,507
282854021,59.7159,87.4089,511,29032,0.401228,0.97,1,3708459,3707948,511
282856941,31.6863,61.3636,480,29105,0.406491,0.97,1,3708472,3707992,480
282862781,39.7498,35.3782,503,29251,0.404639,0.69,1,3708549,3708046,503
282871541,70.632,34.0882,547,29467,0.402937,0.53,1,3708704,3708157,547
282874461,64.2528,75.4353,504,29539,0.419175,0.43,1,3708764,3708260,504
282932861,65.5987,65.9362,447,30940,0.758268,0.63,2,3709657,3709210,447
282941621,30.8863,30.5239,451,31144,0.900289,0.59,2,3709809,3709358,451
282944541,32.7545,32.6096,451,31212,0.906116,0.59,2,3709843,3709392,451
282947461,14.3018,14.2438,451,31280,0.932446,0.59,2,3709845,3709394,451
282950381,33.9207,5.69753,498,31348,0.942979,0.65,2,3709892,3709394,498
283119741,264.739,240.764,532,15469,0.405999,0.59,1,3712679,3712147,532
283156241,66.4804,76.27,448,17167,0.75762,0.53,2,3713694,3713246,448
283159161,58.9922,62.908,448,17291,0.777048,0.55,2,3713748,3713300,448
283162081,39.1969,41.3632,447,17414,0.784819,0.65,2,3713774,3713327,447
283170841,82.2366,73.1832,521,17777,0.936068,0.81,2,3714153,3713632,521
283252601,144.339,44.792,683,20860,0.296531,1,1,3716386,3715703,683
283261361,64.2937,89.3627,477,21164,0.072018,0.95,1,3716532,3716055,477
283264281,37.1175,52.5451,468,21264,0.0708072,0.83,1,3716551,3716083,468
283267201,44.247,54.618,461,21364,0.0463229,0.65,1,3716600,3716139,461
283270121,36.2988,42.8472,457,21463,0.0485291,0,1,3716631,3716174,457
283273041,120.72,144.339,422,21562,0.0374117,0.09,1,3716808,3716386,422
283275961,75.8878,85.3356,422,21660,0.0449647,0.11,1,3716854,3716432,422
283278881,45.9551,49.7342,422,21758,0.0479859,0.03,1,3716880,3716458,422
283281801,63.382,64.2937,423,21855,0.0971943,0.07,1,3716955,3716532,423
283284721,36.7528,37.1175,423,21952,0.0688777,0.03,1,3716974,3716551,423
283287641,43.5011,44.247,422,22049,0.0935511,0.05,1,3717022,3716600,422
283290561,36.0005,36.2988,422,22145,0.0914204,0.03,1,3717053,3716631,422
283293481,120.6,120.72,422,22241,0.0905682,0.05,1,3717230,3716808,422
283296401,77.0401,75.8878,424,22336,0.0422273,0.05,1,3717278,3716854,424
283299321,46.416,45.9551,424,22431,0.0468909,0.13,1,3717304,3716880,424
283302241,63.5664,63.382,424,22526,0.0487564,0.13,1,3717379,3716955,424
283305161,38.0266,25.3528,445,22620,0.0495025,0.05,1,3717400,3716955,445
283308081,42.8106,21.5411,472,22714,0.085801,0.11,1,3717446,3716974,472
283316841,75.6999,119.627,469,22993,0.238051,0.01,1,3717699,3717230,469
283319761,46.48,76.6507,448,23085,0.281221,0.05,1,3717726,3717278,448
283322681,64.792,46.2603,499,23177,0.250488,0.05,1,3717803,3717304,499
283325601,39.1168,63.5041,446,23268,0.262195,0.05,1,3717825,3717379,446
283328521,43.8467,38.0016,472,23359,0.278878,0.11,1,3717872,3717400,472
283331441,35.5387,42.8007,456,23450,0.297551,0.11,1,3717902,3717446,456
283392761,40.0299,39.146,451,25279,0.767947,0.59,2,3719148,3718697,451
283395681,44.812,45.6584,449,25363,0.757179,0.59,2,3719196,3718747,449
283398601,19.1248,19.4634,449,25447,0.776872,0.59,2,3719198,3718749,449
283401521,26.8499,7.78534,481,25530,0.760749,0.61,2,3719230,3718749,481
283508101,71.0351,52.1877,517,28438,0.91,1,2,3721370,3720853,517
283528541,35.5286,32.795,519,28954,0.904093,1,2,3721642,3721123,519
283548981,37.1919,44.7591,501,29462,0.903418,0.99,2,3722036,3721535,501
283551901,38.2768,38.3036,506,29534,0.931367,0.93,2,3722075,3721569,506
283554821,32.1107,39.3215,494,29606,0.918547,0.87,2,3722103,3721609,494
283557741,110.044,35.5286,623,29677,0.925419,0.87,2,3722265,3721642,623
283686221,37.6959,34.7399,524,32667,0.93736,1,2,3724318,3723794,524
283706661,97.1728,99.0571,487,33117,0.200217,1,1,3724639,3724152,487
283709581,65.2691,69.6228,481,33181,0.0860868,0.96,1,3724683,3724202,481
283712501,48.3077,54.8491,473,33245,0.0404347,0.98,1,3724720,3724247,473
283715421,38.5231,44.7397,467,33309,0.0341739,0.91,1,3724752,3724285,467
283718341,32.8092,37.6959,463,33372,0.0316696,0.81,1,3724781,3724318,463
283721261,26.9237,30.6783,460,33435,0.0426678,0.79,1,3724804,3724344,460
283724181,29.9695,31.4713,460,33498,0.0350671,0.63,1,3724836,3724376,460
283727101,30.5878,34.1885,455,33561,0.0440269,0.55,1,3724867,3724412,455
283730021,26.6351,31.0754,450,33624,0.0476107,0.49,1,3724891,3724441,450
283732941,16.654,23.8302,441,33687,0.0370443,0.25,1,3724901,3724460,441
283735861,25.8616,32.9321,434,33750,0.0568177,0.09,1,3724933,3724499,434
283738781,87.7446,97.1728,423,33813,0.0647271,0.01,1,3725062,3724639,423
283741701,61.4979,65.2691,423,33876,0.0258908,0.01,1,3725106,3724683,423
283744621,46.1991,48.3077,422,33938,0.0403563,0.03,1,3725142,3724720,422
283747541,37.6797,38.5231,422,34000,0.0341425,0.03,1,3725174,3724752,422
283750461,33.0719,32.8092,423,34062,0.043657,0.05,1,3725204,3724781,423
283753381,26.4287,26.9237,422,34124,0.0354628,0.03,1,3725226,3724804,422
283756301,29.7715,29.9695,422,34186,0.0441851,0.05,1,3725258,3724836,422
283759221,31.1086,30.5878,423,34248,0.0836741,0.05,1,3725290,3724867,423
283762141,26.2434,12.2351,446,34310,0.0754696,0.05,1,3725313,3724867,446
283770901,87.7196,24.687,551,34495,0.0713101,0.07,1,3725484,3724933,551
283773821,60.8878,87.2748,465,34556,0.034524,0,1,3725527,3725062,465
283776741,45.9551,61.3099,457,34617,0.0558096,0.05,1,3725563,3725106,457
283779661,37.5821,46.124,453,34678,0.0283238,0.03,1,3725595,3725142,453
283782581,33.0328,37.6496,451,34739,0.0293295,0.05,1,3725625,3725174,451
283785501,26.4131,33.0598,443,34800,0.0177318,0.03,1,3725647,3725204,443
283788421,30.9653,26.4239,455,34861,0.0370927,0.05,1,3725681,3725226,455
283791341,32.7861,29.7696,457,34922,0.0448371,0.11,1,3725715,3725258,457
283794261,28.1144,31.1078,450,34983,0.0599348,0.07,1,3725740,3725290,450
283797181,17.8458,26.2431,438,35043,0.0899739,0.13,1,3725751,3725313,438
283803021,84.9353,25.7989,552,35163,0.0515958,0.03,1,3725907,3725355,552
283805941,58.5741,87.7196,464,35223,0.0506383,0.01,1,3725948,3725484,464
283808861,45.6297,60.8878,458,35283,0.0382553,0.07,1,3725985,3725527,458
283811781,37.4519,45.9551,454,35343,0.0153021,0.01,1,3726017,3725563,454
283814701,32.9807,37.5821,452,35403,0.0241209,0.03,1,3726047,3725595,452
283817621,26.3923,33.0328,444,35463,0.0276483,0.01,1,3726069,3725625,444
283820541,31.5569,26.4131,457,35523,0.0290593,0.05,1,3726104,3725647,457
283823461,33.6228,30.9653,458,35583,0.0536237,0.05,1,3726139,3725681,458
283826381,28.4491,32.7861,449,35642,0.0634495,0.07,1,3726164,3725715,449
283829301,12.5796,28.1144,426,35701,0.0673798,0.11,1,3726166,3725740,426
283832221,12.2319,17.8458,427,35760,0.0689519,0.13,1,3726178,3725751,427
283846821,36.7617,37.4519,422,36055,0.0969269,0.03,1,3726439,3726017,422
283849741,33.3047,32.9807,423,36114,0.0687707,0.03,1,3726470,3726047,423
283852661,25.9219,26.3923,422,36173,0.0455083,0.03,1,3726491,3726069,422
283855581,31.9688,31.5569,423,36231,0.0482033,0.07,1,3726527,3726104,423
283858501,34.9875,33.6228,425,36289,0.0492813,0.07,1,3726564,3726139,425
283861421,28.995,28.4491,425,36347,0.0857125,0.07,1,3726589,3726164,425
283864341,12.798,12.5796,425,36405,0.076285,0.07,1,3726591,3726166,425
283867261,12.3192,12.2319,425,36463,0.096514,0.13,1,3726603,3726178,425
283876021,56.2284,56.5108,428,36637,0.200817,0.05,1,3726798,3726370,428
283878941,42.8914,45.4043,424,36695,0.206327,0.09,1,3726832,3726408,424
283881861,35.7565,36.7617,424,36753,0.220531,0.05,1,3726863,3726439,424
283884781,31.7026,33.3047,422,36810,0.214212,0.03,1,3726892,3726470,422
283890621,32.3124,31.9688,423,36924,0.090674,0.05,1,3726950,3726527,423
283893541,36.325,34.9875,425,36981,0.0782696,0.11,1,3726989,3726564,425
283896461,29.53,28.995,425,37038,0.0853078,0.07,1,3727014,3726589,425
283899381,13.012,12.798,425,37095,0.0881231,0.11,1,3727016,3726591,425
283902301,13.0048,12.3192,426,37152,0.0772493,0.11,1,3727029,3726603,426
283908141,84.7608,22.9711,551,37266,0.21036,0.21,1,3727189,3726638,551
283911061,56.7043,82.3884,467,37323,0.282144,0.21,1,3727227,3726760,467
283928581,34.9839,32.3076,461,37661,0.400237,0.07,1,3727411,3726950,461
283931501,29.5936,36.323,448,37717,0.406095,0.09,1,3727437,3726989,448
283934421,13.0374,29.5292,425,37773,0.408438,0.09,1,3727439,3727014,425
283940261,30.286,13.0047,466,37885,0.41695,0.15,1,3727495,3727029,466
284019101,38.2151,37.823,447,39363,0.755771,0.51,2,3728518,3728071,447
284022021,41.086,40.3292,448,39417,0.764308,0.55,2,3728561,3728113,448
284024941,38.0344,36.5317,450,39471,0.767723,0.67,2,3728597,3728147,450
284054141,95.0612,92.5377,458,40002,0.904515,0.77,2,3728974,3728516,458
284057061,39.2245,38.2151,458,40055,0.931806,0.77,2,3728976,3728518,458
284194301,29.5609,30.9505,497,42461,0.927533,1,2,3730634,3730137,497
284197221,24.4244,32.7802,484,42511,0.911013,1,2,3730655,3730171,484
284211821,75.4296,81.2397,479,42759,0.768929,1,2,3730877,3730398,479
284238101,19.9324,28.3556,491,43200,0.753224,0.9,2,3731125,3730634,491
284241021,29.573,23.9422,506,43249,0.775289,1,2,3731161,3730655,506
284246861,25.4917,29.5108,490,43347,0.768446,0.94,2,3731210,3730720,490
284249781,21.5967,27.4043,483,43396,0.793379,0.84,2,3731229,3730746,483
284276061,24.4074,24.0775,481,43831,0.929699,0.75,2,3731566,3731085,481
284278981,20.563,22.831,477,43879,0.94188,0.77,2,3731584,3731107,477
284293581,72.2125,21.5967,567,44119,0.938992,0.87,2,3731796,3731229,567
284296501,50.485,70.4387,500,44167,0.933597,0.81,2,3731832,3731332,500
284299421,40.594,50.3755,497,44215,0.931439,0.85,2,3731866,3731369,497
284302341,33.6376,40.5502,492,44263,0.918576,0.87,2,3731895,3731403,492
284305261,23.055,31.8201,482,44311,0.91343,0.89,2,3731911,3731429,482
284308181,34.422,21.728,509,44359,0.935372,0.87,2,3731953,3731444,509
284503821,349.837,365.187,520,21900,0.418,1,1,3734103,3733583,520
284512581,86.4216,99.98,491,22189,0.062512,0.61,1,3734311,3733820,491
284515501,81.3686,96.992,474,22285,0.0670048,0.35,1,3734389,3733915,474
284527181,42.4654,25.1534,468,22663,0.0897953,0.01,1,3734571,3734103,468
284530101,80.5862,35.2614,532,22757,0.0659181,0.07,1,3734677,3734145,532
284533021,65.8345,80.1045,478,22850,0.0683673,0.03,1,3734733,3734255,478
284535941,73.1338,65.6418,500,22943,0.0573469,0.07,1,3734811,3734311,500
284538861,66.4535,73.0567,484,23035,0.0649388,0.15,1,3734873,3734389,484
284541781,65.5814,62.8227,493,23127,0.0799755,0.17,1,3734938,3734445,493
284544701,34.6326,62.3291,445,23219,0.0859902,0.15,1,3734952,3734507,445
284553461,64.5205,80.5011,480,23492,0.206863,0.07,1,3735157,3734677,480
284556381,72.0082,65.8004,501,23582,0.256745,0.05,1,3735234,3734733,501
284559301,66.6033,73.1202,486,23672,0.276698,0.07,1,3735297,3734811,486
284573901,73.7294,80.3011,433,24117,0.286734,0.25,1,3735536,3735103,433
284576821,63.0918,64.5204,435,24205,0.288694,0.29,1,3735592,3735157,435
284600181,63.8826,63.0918,436,24897,0.433471,0.31,1,3736028,3735592,436
284638141,43.9026,35.9595,493,25982,0.780479,0.59,2,3736746,3736253,493
284641061,18.761,41.3838,450,26064,0.798192,0.59,2,3736748,3736298,450
284795821,37.066,42.1046,492,30069,0.0801898,1,1,3739609,3739117,492
284798741,39.4264,36.0418,501,30139,0.0320759,1,1,3739650,3739149,501
284801661,56.5706,63.0167,488,30209,0.0188304,1,1,3739718,3739230,488
284804581,53.2282,59.4067,482,30279,0.0375321,0.94,1,3739769,3739287,482
284807501,38.6913,50.7627,466,30349,0.0570129,0.77,1,3739798,3739332,466
284810421,46.0765,54.5051,460,30419,0.0528051,0.59,1,3739849,3739389,460
284813341,39.4306,48.202,451,30489,0.0271221,0.47,1,3739884,3739433,451
284816261,31.3722,40.2808,442,30558,0.0288488,0.15,1,3739910,3739468,442
284819181,45.5489,59.9123,424,30627,0.0295395,0.05,1,3739965,3739541,424
284822101,39.8196,46.1649,423,30696,0.0418158,0.03,1,3740001,3739578,423
284825021,33.9278,37.066,422,30765,0.0347263,0,1,3740031,3739609,422
284827941,38.1711,39.4264,422,30834,0.0138905,0.01,1,3740072,3739650,422
284830861,56.6685,56.5706,423,30903,0.0235562,0.05,1,3740141,3739718,423
284833781,54.4674,53.2282,425,30971,0.0154225,0.07,1,3740194,3739769,425
284836701,37.387,38.6913,422,31039,0.036169,0.05,1,3740220,3739798,422
284839621,45.5548,46.0765,422,31107,0.0564676,0.01,1,3740271,3739849,422
284842541,39.8219,39.4306,423,31175,0.064587,0.03,1,3740307,3739884,423
284845461,30.9288,31.3722,422,31243,0.0798348,0.03,1,3740332,3739910,422
284857141,38.3758,29.5551,463,31513,0.0615158,0,1,3740494,3740031,463
284860061,56.1503,36.4221,490,31580,0.0306063,0.03,1,3740562,3740072,490
284862981,54.2601,55.9688,474,31647,0.0302425,0.01,1,3740615,3740141,474
284865901,37.304,54.1875,447,31714,0.030097,0.05,1,3740641,3740194,447
284868821,46.1216,37.275,473,31781,0.0540388,0.07,1,3740693,3740220,473
284871741,40.0486,45.51,458,31848,0.0396155,0.07,1,3740729,3740271,458
284874661,30.4195,39.804,446,31914,0.0458462,0.09,1,3740753,3740307,446
284877581,47.5678,30.9216,480,31980,0.0723385,0.13,1,3740812,3740332,480
284880501,42.4271,45.3686,464,32046,0.0949354,0.13,1,3740851,3740387,464
284889261,54.5553,38.3756,489,32244,0.0941559,0.01,1,3740983,3740494,489
284892181,53.6221,56.1502,474,32310,0.0436623,0.03,1,3741036,3740562,474
284895101,37.0489,54.2601,447,32375,0.0234649,0.03,1,3741062,3740615,447
284898021,47.8195,37.304,476,32440,0.051386,0.07,1,3741117,3740641,476
284900941,40.1278,46.1216,459,32505,0.0505544,0.03,1,3741152,3740693,459
284903861,30.4511,40.0486,447,32570,0.0742218,0.05,1,3741176,3740729,447
284906781,48.7805,30.4195,484,32635,0.0836887,0.09,1,3741237,3740753,484
284909701,43.5122,47.5678,465,32700,0.0874755,0.11,1,3741277,3740812,465
284912621,36.6049,42.4271,458,32765,0.0769902,0.13,1,3741309,3740851,458
284915541,15.8419,34.9708,430,32830,0.0727961,0.19,1,3741311,3740881,430
284918461,27.9368,34.3883,432,32894,0.0831184,0.05,1,3741347,3740915,432
284927221,35.028,37.0489,422,33086,0.0780396,0.07,1,3741484,3741062,422
284930141,48.8112,47.8195,425,33150,0.0732158,0.05,1,3741542,3741117,425
284933061,41.1245,40.1278,426,33214,0.0472863,0.09,1,3741578,3741152,426
284935981,30.8498,30.4511,426,33278,0.0729145,0.09,1,3741602,3741176,426
284956421,48.198,50.0699,423,33720,0.239358,0.05,1,3741882,3741459,423
284959341,33.6792,35.028,422,33783,0.269743,0.07,1,3741906,3741484,422
284962261,48.8717,48.8112,423,33846,0.233897,0.03,1,3741965,3741542,423
284965181,41.7487,41.1245,424,33908,0.207559,0.09,1,3742002,3741578,424
284968101,31.0995,30.8498,424,33970,0.221024,0.13,1,3742026,3741602,424
284971021,50.2398,48.9399,426,34032,0.214409,0.11,1,3742089,3741663,426
284973941,45.2959,44.176,427,34094,0.223764,0.17,1,3742131,3741704,427
284976861,36.7184,35.6704,428,34156,0.239506,0.13,1,3742162,3741734,428
284979781,15.8873,15.4682,428,34218,0.245802,0.13,1,3742164,3741736,428
284982701,29.1549,6.18726,466,34280,0.248321,0.19,1,3742202,3741736,466
284985621,49.462,25.2749,491,34342,0.285328,0.21,1,3742265,3741774,491
285003141,50.7984,31.0843,494,34709,0.412957,0.21,1,3742520,3742026,494
285058621,30.4166,34.8103,454,35848,0.757374,0.69,2,3743231,3742777,454
285061541,47.5666,48.1241,456,35907,0.76495,0.71,2,3743290,3742834,456
285067381,31.3707,31.8199,456,36025,0.754792,0.65,2,3743353,3742897,456
285070301,52.1483,52.3279,456,36084,0.763917,0.67,2,3743419,3742963,456
285073221,47.2593,47.9312,455,36143,0.779567,0.65,2,3743463,3743008,455
285076141,38.1037,37.7725,456,36201,0.773827,0.69,2,3743495,3743039,456
285079061,16.4415,16.309,456,36259,0.771531,0.71,2,3743497,3743041,456
285081981,31.1766,30.5236,457,36317,0.794612,0.69,2,3743538,3743081,457
285090741,41.1873,40.0415,458,36491,0.906455,0.77,2,3743665,3743207,458
285093661,30.8749,30.4166,458,36549,0.944582,0.77,2,3743689,3743231,458
285225061,33.0656,28.1757,495,39065,0.942525,1,2,3745438,3744943,495
285239661,28.7008,30.66,493,39335,0.448285,1,1,3745627,3745134,493
285245501,33.5121,35.1456,486,39443,0.255326,1,1,3745698,3745212,486
285248421,32.6049,29.6582,492,39497,0.20413,0.93,1,3745730,3745238,492
285254261,44.9368,46.0253,484,39603,0.0794608,1,1,3745828,3745344,484
285257181,32.9747,39.4101,474,39656,0.0977843,0.94,1,3745853,3745379,474
285260101,26.3899,30.1641,472,39709,0.0451137,0.93,1,3745875,3745403,472
285263021,26.756,33.0656,464,39762,0.0360455,0.71,1,3745902,3745438,464
285265941,44.9024,51.6262,457,39815,0.0564182,0.67,1,3745959,3745502,457
285268861,32.361,37.4505,453,39868,0.0405673,0.55,1,3745983,3745530,453
285271781,32.1444,38.3802,446,39921,0.0222269,0.43,1,3746015,3745569,446
285274701,30.2578,35.7521,441,39974,0.0388908,0.41,1,3746044,3745603,441
285277621,24.7031,28.7008,438,40027,0.0575563,0.29,1,3746065,3745627,438
285280541,30.8812,34.2803,435,40080,0.0530225,0.29,1,3746100,3745665,435
285283461,30.3525,13.7121,465,40133,0.051209,0.19,1,3746130,3745665,465
285286381,30.141,25.2849,462,40186,0.0744836,0.17,1,3746160,3745698,462
285289301,39.6564,29.3139,476,40239,0.0837934,0.07,1,3746206,3745730,476
285312661,29.8103,32.1422,450,40655,0.2286,0.05,1,3746465,3746015,450
285315581,25.7241,30.2569,444,40707,0.24144,0.07,1,3746488,3746044,444
285318501,31.2896,24.7028,458,40759,0.234576,0.05,1,3746523,3746065,458
285321421,31.1159,30.8811,454,40811,0.23183,0.05,1,3746554,3746100,454
285324341,31.0463,30.3524,455,40863,0.242732,0.09,1,3746585,3746130,455
285327261,40.0185,30.141,471,40915,0.295093,0.09,1,3746631,3746160,471
285347701,34.097,31.8142,465,41274,0.40245,0.15,1,3746869,3746404,465
285350621,30.4388,32.5257,460,41325,0.44298,0.27,1,3746897,3746437,460
285359381,31.1321,31.2896,462,41478,0.444271,0.23,1,3746985,3746523,462
285426541,31.377,31.0025,448,42635,0.754212,0.55,2,3747722,3747274,448
285429461,34.7508,35.201,447,42684,0.751685,0.57,2,3747759,3747312,447
285438221,30.4001,30.0929,449,42831,0.760188,0.59,2,3747847,3747398,449
285441141,31.36,31.2371,449,42880,0.754075,0.63,2,3747879,3747430,449
285444061,34.144,32.2949,452,42929,0.75163,0.59,2,3747915,3747463,452
285446981,14.8576,14.1179,452,42978,0.750652,0.73,2,3747917,3747465,452
285449901,37.743,35.0472,456,43027,0.750261,0.73,2,3747970,3747514,456
285452821,43.2972,14.0189,503,43076,0.774104,0.75,2,3748017,3747514,503
285455741,31.7189,33.8075,480,43125,0.783642,0.75,2,3748041,3747561,480
285458661,27.0876,27.923,480,43174,0.787457,0.73,2,3748065,3747585,480
285473261,32.8636,34.7163,488,43419,0.904368,0.73,2,3748247,3747759,488
285476181,27.5454,32.4865,481,43468,0.907747,0.75,2,3748271,3747790,481
285479101,30.8182,27.9946,489,43517,0.945099,0.77,2,3748304,3747815,489
285665981,34.6932,35.6943,521,46516,0.938768,1,2,3750396,3749875,521
285791541,26.7581,30.4457,487,48427,0.946,0.99,2,3751702,3751215,487
285794461,34.7032,30.1783,497,48471,0.9124,1,2,3751742,3751245,497
285803221,28.981,31.6914,489,48600,0.773354,1,2,3751840,3751351,489
285820741,29.3365,33.5196,498,48858,0.404922,1,1,3752034,3751536,498
285852861,31.4927,28.9789,490,49331,0.409955,0.71,1,3752330,3751840,490
285855781,27.5971,34.3916,477,49374,0.433982,0.65,1,3752355,3751878,477
285928781,26.7109,26.5278,451,50429,0.75775,0.59,2,3753003,3752552,451
285931701,34.6844,33.4111,453,50471,0.7651,0.63,2,3753043,3752590,453
285934621,25.8737,25.3644,453,50513,0.75604,0.65,2,3753063,3752610,453
285937541,33.1495,32.3458,454,50555,0.752416,0.69,2,3753101,3752647,454
285940461,36.0598,34.5383,456,50597,0.762966,0.67,2,3753139,3752683,456
285943381,31.2239,31.2153,455,50639,0.779187,0.65,2,3753167,3752712,455
285975501,15.2544,15.7773,457,51093,0.908794,0.77,2,3753426,3752969,457
285978421,28.3017,26.7109,460,51134,0.909518,0.77,2,3753463,3753003,460
286165301,30.3455,30.5729,497,53705,0.78952,1,2,3755278,3754781,497
286171141,26.2153,19.5317,507,53783,0.751523,1,2,3755325,3754818,507
286235381,288.983,339.927,440,24820,0.266775,0.21,1,3755869,3755429,440
286258741,24.0824,24.5588,438,25495,0.086021,0.07,1,3756285,3755847,438
286267501,58.0853,63.8038,477,25744,0.265905,0.13,1,3756499,3756022,477
286270421,64.0341,55.5215,495,25826,0.268362,0.13,1,3756567,3756072,495
286293781,65.1837,58.0741,504,26476,0.441414,0.27,1,3757003,3756499,504
286346341,64.5219,64.3513,453,27881,0.755639,0.67,2,3757901,3757448,453
286360941,68.9378,67.6977,456,28259,0.926679,0.69,2,3758151,3757695,456
286369701,58.244,23.0046,514,28484,0.948027,0.69,2,3758288,3757774,514
286506941,42.1934,48.1268,514,31789,0.754933,1,2,3760629,3760115,514
286515701,31.8604,43.8321,502,31988,0.439276,1,1,3760752,3760250,502
286518621,31.9442,34.9328,505,32054,0.40971,1,1,3760784,3760279,505
286530301,54.285,37.8975,537,32318,0.282985,0.86,1,3761015,3760478,537
286533221,43.914,55.959,506,32383,0.275194,0.89,1,3761052,3760546,506
286536141,38.5656,49.9836,495,32448,0.272078,0.67,1,3761087,3760592,495
286539061,37.0262,42.1934,494,32513,0.270831,0.51,1,3761123,3760629,494
286556581,47.5269,52.0311,437,32902,0.430001,0.29,1,3761358,3760921,437
286559501,34.0108,38.2124,433,32966,0.418,0.27,1,3761383,3760950,433
286562421,55.0043,54.285,437,33030,0.4252,0.27,1,3761452,3761015,437
286565341,43.0017,43.914,435,33094,0.44008,0.27,1,3761487,3761052,435
286612061,31.7077,31.4963,445,34102,0.765569,0.51,2,3762107,3761662,445
286614981,13.8831,13.7985,445,34164,0.780228,0.53,2,3762109,3761664,445
286617901,64.3532,63.7194,446,34226,0.786091,0.53,2,3762207,3761761,446
286620821,50.9413,25.4878,488,34288,0.752436,0.57,2,3762249,3761761,488
286626661,55.9106,28.078,518,34412,0.75759,0.59,2,3762343,3761825,518
286629581,45.1642,52.0312,488,34473,0.789036,0.67,2,3762381,3761893,488
286664621,40.8565,45.1642,498,35201,0.929456,0.81,2,3762879,3762381,498
286798941,37.5673,23.0767,542,37864,0.904,1,2,3764720,3764178,542
286804781,35.0508,35.4923,520,37976,0.77944,1,2,3764787,3764267,520
286816461,41.6301,39.0254,518,38198,0.421282,1,1,3764953,3764435,518
286828141,36.9313,49.2391,501,38418,0.269841,1,1,3765116,3764615,501
286831061,34.5725,38.2956,503,38473,0.245936,1,1,3765149,3764646,503
286857341,35.0339,37.052,438,38965,0.241786,0.37,1,3765425,3764987,438
286860261,39.8135,41.8208,436,39019,0.270715,0.31,1,3765468,3765032,436
286863181,47.1254,50.3283,432,39073,0.282286,0.23,1,3765520,3765088,432
286866101,35.6502,36.9313,432,39127,0.286914,0.23,1,3765548,3765116,432
286871941,31.744,34.229,427,39235,0.270306,0.11,1,3765610,3765183,427
286874861,30.6976,31.6916,427,39289,0.258123,0.11,1,3765640,3765213,427
286877781,13.479,13.8766,427,39343,0.253249,0.17,1,3765642,3765215,427
286880701,23.9916,24.1507,427,39397,0.2993,0.15,1,3765673,3765246,427
286898221,39.566,39.8135,432,39717,0.4288,0.29,1,3765900,3765468,432
286982901,35.4394,37.1039,486,41231,0.752152,0.61,2,3766913,3766427,486
286985821,32.1758,35.8416,481,41282,0.774861,0.61,2,3766943,3766462,481
286988741,29.6703,32.3366,479,41333,0.783944,0.61,2,3766971,3766492,479
286991661,13.0681,29.7346,453,41384,0.787578,0.61,2,3766973,3766520,453
286994581,24.4272,13.0939,483,41435,0.789031,0.61,2,3767005,3766522,483
286997501,27.7709,24.4375,481,41486,0.789612,0.55,2,3767035,3766554,481
287009181,34.1813,37.3168,453,41690,0.903366,0.63,2,3767163,3766710,453
287210661,32.4242,30.9536,516,45048,0.904,1,2,3769538,3769022,516
287213581,24.9697,31.5814,504,45095,0.9436,1,2,3769558,3769054,504
287219421,34.5951,26.413,520,45189,0.929776,1,2,3769627,3769107,520
287236941,35.328,36.1846,488,45469,0.911045,1,2,3769815,3769327,488
287242781,34.4525,38.0695,478,45561,0.912567,1,2,3769884,3769406,478
287248621,34.0724,34.6511,481,45653,0.944011,0.95,2,3769952,3769471,481
287515801,320.08,372.306,468,21900,0.424005,0.71,1,3772773,3772305,468
287521641,104.853,119.569,461,22817,0.0978408,0.21,1,3772899,3772438,461
287527481,76.1764,86.211,444,23003,0.0564545,0.03,1,3773034,3772590,444
287530401,64.6706,59.0844,460,23095,0.0225818,0.05,1,3773091,3772631,460
287533321,58.2682,78.2338,423,23187,0.0390327,0.03,1,3773145,3772722,423
287536241,40.7073,43.2935,432,23278,0.0156131,0.05,1,3773174,3772742,432
287539161,66.0829,35.9174,484,23369,0.0242452,0.05,1,3773257,3772773,484
287542081,66.0332,50.967,489,23460,0.0396981,0.03,1,3773323,3772834,489
287545001,64.2133,59.3868,487,23550,0.0698792,0.17,1,3773386,3772899,487
287547921,67.0853,59.7547,496,23640,0.0279517,0,1,3773455,3772959,496
287550841,61.6341,68.9019,479,23730,0.0111807,0,1,3773513,3773034,479
287553761,56.4536,61.7608,475,23819,0.0344723,0.05,1,3773566,3773091,475
287556681,39.9815,57.1043,450,23908,0.0197889,0,1,3773595,3773145,450
287559601,17.1926,40.2417,423,23997,0.0259156,0.03,1,3773597,3773174,423
287562521,57.877,65.8967,425,24085,0.0403662,0.05,1,3773682,3773257,425
287565441,62.1508,65.9587,424,24173,0.0701465,0.09,1,3773747,3773323,424
287574201,60.8577,61.6294,423,24435,0.0580094,0.05,1,3773936,3773513,423
287577121,56.7431,56.4517,424,24522,0.0292037,0.01,1,3773990,3773566,424
287580041,39.4972,39.9807,423,24608,0.0116815,0.03,1,3774018,3773595,423
287582961,16.9989,17.1923,423,24694,0.0106726,0.05,1,3774020,3773597,423
287585881,58.3996,57.8769,424,24780,0.058269,0.09,1,3774106,3773682,424
287588801,63.5598,62.1508,426,24866,0.0893076,0.17,1,3774173,3773747,426
287600481,55.7039,56.7431,422,25205,0.0511983,0,1,3774412,3773990,422
287603401,39.0816,39.4972,422,25289,0.0204793,0.01,1,3774440,3774018,422
287606321,16.8326,16.9989,422,25373,0.0141917,0.09,1,3774442,3774020,422
287609241,60.7331,58.3996,426,25457,0.0236767,0.09,1,3774532,3774106,426
287612161,64.4932,23.3598,493,25540,0.0274707,0.11,1,3774599,3774106,493
287615081,66.5973,49.5439,494,25623,0.0529883,0.13,1,3774667,3774173,494
287623841,54.0382,57.3628,475,25870,0.210031,0.01,1,3774833,3774358,475
287626761,38.4153,55.3451,449,25952,0.210012,0,1,3774861,3774412,449
287629681,16.5661,38.938,423,26034,0.210005,0.01,1,3774863,3774440,423
287641361,70.0481,66.5936,496,26358,0.219792,0.19,1,3775163,3774667,496
287644281,56.2192,66.2374,477,26438,0.273917,0.21,1,3775210,3774733,477
287728961,37.5436,54.3482,478,28669,0.797375,0.71,2,3776628,3776150,478
287740641,72.2459,68.1449,530,28963,0.902125,0.67,2,3776870,3776340,530
287743561,30.0984,72.258,457,29036,0.94285,0.71,2,3776872,3776415,457
287851601,57.6384,55.4497,541,31620,0.9196,1,2,3778691,3778150,541
287854521,73.4554,64.7799,554,31687,0.79384,1,2,3778775,3778221,554
287880801,55.0936,49.5959,529,32283,0.752658,0.87,2,3779157,3778628,529
287901241,32.1564,38.2191,483,32739,0.904653,0.69,2,3779466,3778983,483
287904161,14.0626,32.0876,457,32804,0.919861,0.73,2,3779468,3779011,457
287907081,21.225,27.8351,458,32868,0.925944,0.69,2,3779494,3779036,458
287910001,46.89,47.734,461,32932,0.940378,0.79,2,3779558,3779097,461
288058921,39.7764,45.2449,482,36061,0.78568,1,2,3781766,3781284,482
288064761,35.8842,37.3592,481,36179,0.424509,1,1,3781841,3781360,481
288067681,37.7537,34.1437,488,36237,0.223804,1,1,3781880,3781392,488
288073521,21.7606,25.863,482,36353,0.0538086,1,1,3781926,3781444,482
288076441,32.1042,31.3452,486,36411,0.0395234,1,1,3781965,3781479,486
288079361,32.0417,33.5381,483,36469,0.0578094,1,1,3781997,3781514,483
288082281,65.6167,65.0152,485,36527,0.0411237,1,1,3782085,3781600,485
288085201,41.8467,47.0061,476,36585,0.0164495,0.83,1,3782111,3781635,476
288088121,44.9387,50.6024,470,36643,0.0065798,0.8,1,3782158,3781688,470
288091041,38.9755,45.441,463,36701,0.0326319,0.75,1,3782193,3781730,463
288093961,32.3902,39.7764,455,36759,0.0310528,0.57,1,3782221,3781766,455
288096881,30.9561,41.7106,442,36816,0.0304211,0.27,1,3782251,3781809,442
288099801,27.3824,35.8842,435,36873,0.0661684,0.09,1,3782276,3781841,435
288102721,28.953,37.7537,426,36930,0.0804674,0.05,1,3782306,3781880,426
288105641,28.9812,34.9015,422,36987,0.0501869,0.01,1,3782335,3781913,422
288108561,19.9925,21.7606,423,37044,0.0260748,0.03,1,3782349,3781926,423
288111481,31.397,32.1042,423,37101,0.0164299,0.07,1,3782388,3781965,423
288114401,32.3588,32.0417,424,37158,0.024572,0.07,1,3782421,3781997,424
288117321,63.9435,12.8167,509,37215,0.0398288,0.03,1,3782506,3781997,509
288120241,41.1774,57.9267,447,37272,0.0459315,0,1,3782532,3782085,447
288123161,44.671,38.7707,468,37329,0.0363726,0,1,3782579,3782111,468
288126081,38.8684,43.7083,456,37386,0.032549,0.05,1,3782614,3782158,456
288129001,32.3474,38.4833,449,37443,0.0130196,0.03,1,3782642,3782193,449
288131921,30.9389,32.1933,451,37499,0.0472078,0.03,1,3782672,3782221,451
288134841,27.9756,30.8773,447,37555,0.0488831,0.09,1,3782698,3782251,447
288143601,19.6464,28.9761,435,37723,0.0993685,0.01,1,3782770,3782335,435
288146521,32.4586,19.9905,462,37779,0.0457474,0.01,1,3782811,3782349,462
288149441,32.7834,31.3962,456,37835,0.036299,0.03,1,3782844,3782388,456
288152361,62.9134,32.3585,506,37891,0.0325196,0.05,1,3782927,3782421,506
288155281,40.7653,63.9434,447,37947,0.0430078,0.05,1,3782953,3782506,447
288158201,45.1061,41.1774,469,38003,0.0352031,0.03,1,3783001,3782532,469
288161121,38.4425,44.6709,456,38059,0.0440813,0.03,1,3783035,3782579,456
288164041,33.977,38.8684,452,38115,0.0236325,0,1,3783066,3782614,452
288166961,30.3908,32.3474,452,38170,0.051453,0.07,1,3783094,3782642,452
288169881,31.3563,30.9389,454,38225,0.0385812,0.05,1,3783126,3782672,454
288172801,32.3425,27.9756,461,38280,0.0814325,0.19,1,3783159,3782698,461
288175721,25.537,29.7902,451,38335,0.086573,0.15,1,3783180,3782729,451
288178641,17.4148,28.1161,436,38390,0.0886292,0.07,1,3783192,3782756,436
288181561,31.5659,19.6464,463,38445,0.0354517,0.01,1,3783233,3782770,463
288184481,33.6264,32.4586,457,38500,0.0141807,0.03,1,3783268,3782811,457
288187401,62.0505,32.7834,505,38555,0.0236723,0.03,1,3783349,3782844,505
288190321,39.8202,62.9134,447,38610,0.0274689,0.05,1,3783374,3782927,447
288193241,17.1281,40.7653,423,38665,0.0289876,0.03,1,3783376,3782953,423
288196161,35.6512,45.1061,423,38720,0.053595,0.05,1,3783424,3783001,423
288199081,35.2605,38.4425,424,38775,0.051438,0.01,1,3783459,3783035,424
288202001,32.7042,33.977,424,38829,0.0205752,0.07,1,3783490,3783066,424
288204921,30.4817,30.3908,425,38883,0.0502301,0.03,1,3783519,3783094,425
288207841,31.9927,31.3563,426,38937,0.074092,0.11,1,3783552,3783126,426
288210761,33.1971,32.3425,427,38991,0.0716368,0.09,1,3783586,3783159,427
288219521,29.7246,31.5659,423,39153,0.0753848,0,1,3783656,3783233,423
288222441,32.2898,33.6264,422,39207,0.0481539,0.03,1,3783690,3783268,422
288225361,62.1159,62.0505,423,39261,0.0252616,0.03,1,3783772,3783349,423
288228281,39.8464,39.8202,423,39315,0.0401046,0.03,1,3783797,3783374,423
288231201,17.1385,17.1281,423,39369,0.0460418,0.07,1,3783799,3783376,423
288234121,35.6554,35.6512,423,39423,0.0244167,0.05,1,3783847,3783424,423
288237041,35.2622,35.2605,423,39477,0.0397667,0,1,3783882,3783459,423
288239961,32.1049,32.7042,422,39530,0.0159067,0.07,1,3783912,3783490,422
288242881,31.4419,30.4817,424,39583,0.0723627,0.09,1,3783943,3783519,424
288245801,33.5768,31.9927,426,39636,0.0829451,0.07,1,3783978,3783552,426
288248721,33.2307,33.1971,425,39689,0.075178,0.15,1,3784011,3783586,425
288260401,31.1675,32.2898,422,39901,0.0565966,0.01,1,3784112,3783690,422
288263321,61.667,62.1159,422,39954,0.0286386,0.05,1,3784194,3783772,422
288266241,39.6668,39.8464,422,40007,0.0174554,0.05,1,3784219,3783797,422
288269161,17.0667,17.1385,422,40060,0.0369822,0.05,1,3784221,3783799,422
288272081,35.0267,6.85542,469,40113,0.0327929,0.01,1,3784268,3783799,469
288275001,35.0107,31.5422,456,40166,0.0551171,0.05,1,3784303,3783847,456
288277921,32.6043,33.6169,452,40219,0.0520469,0,1,3784334,3783882,452
288280841,32.8417,31.4467,455,40271,0.0628187,0.11,1,3784367,3783912,455
288301281,60.7376,31.1664,503,40635,0.0946656,0.01,1,3784615,3784112,503
288304201,39.295,61.6666,446,40687,0.0678662,0.01,1,3784640,3784194,446
288307121,16.918,39.6666,423,40739,0.0691465,0.05,1,3784642,3784219,423
288310041,36.1672,17.0667,470,40791,0.0336586,0.03,1,3784691,3784221,470
288312961,36.0669,35.0267,459,40843,0.0434634,0.07,1,3784727,3784268,459
288315881,32.4268,35.0107,454,40895,0.0593854,0.05,1,3784757,3784303,454
288318801,33.9707,32.6043,458,40947,0.0657542,0.07,1,3784792,3784334,458
288330481,18.524,27.6859,439,41152,0.209283,0.13,1,3784897,3784458,439
288333401,29.0096,18.2743,463,41203,0.209713,0.19,1,3784933,3784470,463
288336321,27.8038,27.1097,457,41254,0.233885,0.21,1,3784960,3784503,457
288339241,57.3215,28.8439,504,41305,0.207554,0.03,1,3785037,3784533,504
288380121,55.8833,57.3215,431,42015,0.222542,0.19,1,3785468,3785037,431
288383041,38.5533,39.1286,431,42065,0.251017,0.19,1,3785495,3785064,431
288385961,16.6213,16.8514,431,42115,0.262407,0.17,1,3785497,3785066,431
288388881,33.0485,34.9406,428,42165,0.266963,0.11,1,3785541,3785113,428
288391801,34.8194,36.1762,427,42215,0.268785,0.11,1,3785577,3785150,427
288394721,15.1278,15.6705,427,42265,0.245514,0.13,1,3785579,3785152,427
288397641,24.6511,24.2682,428,42315,0.260206,0.11,1,3785610,3785182,428
288412241,20.543,19.676,430,42565,0.288792,0.23,1,3785761,3785331,430
288426841,16.6936,16.6213,433,42812,0.401386,0.27,1,3785930,3785497,433
288438521,26.453,24.6511,436,43008,0.416403,0.27,1,3786046,3785610,436
288441441,32.1812,9.86044,472,43057,0.436561,0.35,1,3786082,3785610,472
288444361,35.6725,25.5442,474,43106,0.444625,0.33,1,3786120,3785646,474
288491081,30.6322,35.269,471,43883,0.754556,0.47,2,3786626,3786155,471
288494001,21.8529,29.7076,461,43931,0.763823,0.47,2,3786642,3786181,461
288496921,30.9412,20.883,483,43979,0.791529,0.55,2,3786679,3786196,483
288505681,41.2202,59.2485,479,44123,0.914418,0.65,2,3786820,3786341,479
288508601,17.6881,39.2994,455,44171,0.923767,0.65,2,3786822,3786367,455
288511521,34.0752,16.9198,498,44219,0.939507,0.67,2,3786867,3786369,498
288514441,35.2301,33.1679,490,44267,0.945803,0.67,2,3786903,3786413,490
288517361,15.292,34.8672,456,44315,0.948321,0.67,2,3786905,3786449,456
288520281,28.9168,15.1469,492,44363,0.925328,0.67,2,3786943,3786451,492
288523201,34.3667,28.2587,493,44411,0.928131,0.71,2,3786981,3786488,493
288526121,36.5467,33.5035,494,44458,0.929253,0.71,2,3787019,3786525,494
288529041,15.8187,36.2014,458,44505,0.929701,0.75,2,3787021,3786563,458
288531961,28.5275,36.0806,459,44552,0.91788,0.77,2,3787058,3786599,459
288534881,28.211,30.6322,460,44599,0.913152,0.77,2,3787086,3786626,460
288537801,21.4844,21.8529,461,44646,0.923261,0.81,2,3787103,3786642,461
288718841,19.8498,24.3108,519,47487,0.782197,1,2,3789069,3788550,519
288733441,32.9757,32.9225,499,47707,0.0684705,1,1,3789262,3788763,499
288736361,26.9903,29.369,495,47751,0.0453882,1,1,3789285,3788790,495
288739281,28.7961,29.7476,495,47795,0.0481553,1,1,3789315,3788820,495
288742201,28.9184,28.099,497,47839,0.0732621,1,1,3789344,3788847,497
288745121,28.9674,27.4396,499,47883,0.0713048,1,1,3789373,3788874,499
288748041,24.187,28.3758,491,47927,0.0345219,0.98,1,3789394,3788903,491
288750961,21.0748,30.5503,478,47971,0.0678088,1,1,3789413,3788935,478
288753881,28.2299,27.8201,485,48015,0.0571235,1,1,3789446,3788961,485
288756801,26.292,31.5281,476,48059,0.0288494,0.97,1,3789471,3788995,476
288759721,22.5168,28.8112,469,48103,0.0415398,0.73,1,3789491,3789022,469
288762641,24.6067,33.1245,459,48147,0.0466159,0.75,1,3789517,3789058,459
288765561,14.6427,19.8498,456,48191,0.0486464,0.53,1,3789525,3789069,456
288768481,19.0571,24.7399,450,48235,0.0194585,0.45,1,3789547,3789097,450
288771401,30.4228,40.496,437,48279,0.0497834,0.19,1,3789585,3789148,437
288774321,39.7691,48.5984,429,48323,0.0979134,0.07,1,3789631,3789202,429
288780161,31.0831,32.9757,424,48411,0.0696661,0.03,1,3789686,3789262,424
288783081,25.0332,26.9903,422,48455,0.0278665,0.05,1,3789707,3789285,422
288786001,28.6133,28.7961,423,48498,0.0291466,0.09,1,3789738,3789315,423
288788921,28.2453,28.9184,422,48541,0.0416586,0.07,1,3789766,3789344,422
288791841,30.4981,28.9674,425,48584,0.0466635,0.01,1,3789798,3789373,425
288794761,25.3993,24.187,426,48627,0.0246654,0.09,1,3789820,3789394,426
288797681,20.9597,21.0748,425,48670,0.0278662,0.05,1,3789838,3789413,425
288800601,27.5839,28.2299,424,48713,0.0651465,0.01,1,3789870,3789446,424
288803521,26.0336,26.292,424,48756,0.0680586,0.05,1,3789895,3789471,424
288806441,21.2134,22.5168,422,48799,0.0692234,0.05,1,3789913,3789491,422
288809361,25.2854,24.6067,424,48842,0.0936894,0.05,1,3789941,3789517,424
288815201,18.6857,8.73707,444,48928,0.0593903,0,1,3789969,3789525,444
288818121,32.6743,16.6948,464,48971,0.0417561,0.07,1,3790011,3789547,464
288821041,38.8697,29.4779,469,49014,0.0707024,0.13,1,3790054,3789585,469
288823961,31.1479,39.3912,449,49057,0.082281,0.15,1,3790080,3789631,449
288826881,28.6592,29.5565,453,49100,0.0749124,0.03,1,3790107,3789654,453
288829801,24.0637,31.0226,442,49143,0.059965,0,1,3790128,3789686,442
288832721,28.2255,25.009,452,49186,0.053986,0.03,1,3790159,3789707,452
288835641,30.4902,28.6036,453,49229,0.0395944,0.05,1,3790191,3789738,453
288838561,28.9961,28.2414,453,49272,0.0338378,0.05,1,3790219,3789766,453
288841481,25.3984,30.4966,444,49315,0.0435351,0.01,1,3790242,3789798,444
288844401,20.9594,25.3986,440,49358,0.035414,0.03,1,3790260,3789820,440
288847321,29.3837,20.9595,457,49401,0.0321656,0.09,1,3790295,3789838,457
288850241,26.1535,27.5838,449,49444,0.0428662,0.07,1,3790319,3789870,449
288853161,20.6614,26.0335,441,49487,0.0711465,0.07,1,3790336,3789895,441
288856081,25.6646,21.2134,452,49530,0.0704586,0.11,1,3790365,3789913,452
288859001,13.8658,25.2854,430,49573,0.0701834,0.11,1,3790371,3789941,430
288861921,17.5463,13.7141,444,49615,0.0820734,0.03,1,3790391,3789947,444
288876521,23.3272,28.6592,444,49825,0.200895,0.05,1,3790551,3790107,444
288885281,28.2529,30.4902,449,49951,0.0922973,0.03,1,3790640,3790191,449
288888201,25.7012,28.9961,445,49993,0.0789189,0.05,1,3790664,3790219,445
288891121,21.6805,25.3984,441,50035,0.0615676,0.03,1,3790683,3790242,441
288894041,29.6722,20.9594,458,50077,0.042627,0.03,1,3790718,3790260,458
288896961,26.2689,29.3837,447,50119,0.0350508,0.05,1,3790742,3790295,447
288899881,20.7076,26.1535,440,50161,0.0440203,0.09,1,3790759,3790319,440
288902801,26.283,20.6614,453,50203,0.0476081,0.07,1,3790789,3790336,453
288905721,14.1132,25.6646,430,50245,0.0490432,0.07,1,3790795,3790365,430
288908641,18.2453,13.8658,445,50287,0.0616173,0.09,1,3790816,3790371,445
288911561,8.49811,17.5463,427,50329,0.0666469,0.19,1,3790818,3790391,427
288914481,30.9992,32.2185,431,50371,0.0806588,0.19,1,3790864,3790433,431
288952441,26.4804,26.283,424,50914,0.23599,0.05,1,3791213,3790789,424
288955361,14.1922,14.1132,424,50955,0.232396,0.07,1,3791219,3790795,424
288958281,19.4769,18.2453,426,50996,0.242958,0.07,1,3791242,3790816,426
288961201,8.99075,8.49811,426,51037,0.247183,0.09,1,3791244,3790818,426
288964121,31.7963,30.9992,427,51078,0.260873,0.15,1,3791291,3790864,427
288984561,24.8805,24.9783,427,51365,0.423967,0.13,1,3791491,3791064,427
288987481,24.9522,23.7913,429,51406,0.427587,0.17,1,3791516,3791087,429
288990401,22.5809,21.5165,430,51447,0.429035,0.21,1,3791537,3791107,430
289013761,32.517,31.7963,435,51775,0.44587,0.27,1,3791726,3791291,435
289016681,43.6068,12.7185,486,51816,0.424348,0.43,1,3791777,3791291,486
289019601,33.0427,32.6874,466,51857,0.415739,0.39,1,3791803,3791337,466
289022521,28.8171,29.875,464,51898,0.436296,0.39,1,3791829,3791365,464
289083841,25.8281,30.0443,469,52741,0.754794,0.51,2,3792378,3791909,469
289086761,26.5313,25.8177,473,52781,0.775918,0.51,2,3792405,3791932,473
289089681,22.6125,25.9271,467,52821,0.760367,0.51,2,3792425,3791958,467
289092601,30.645,22.9708,482,52861,0.778147,0.53,2,3792461,3791979,482
289095521,27.258,30.1883,472,52901,0.797259,0.55,2,3792486,3792014,472
289136401,26.7351,25.8281,460,53457,0.923445,0.79,2,3792838,3792378,460
289139321,26.294,26.5313,459,53496,0.939378,0.75,2,3792864,3792405,459
289142241,22.5176,22.6125,459,53535,0.921751,0.79,2,3792884,3792425,459
289151001,22.7291,21.7032,463,53652,0.940032,0.81,2,3792967,3792504,463
289334961,23.9785,27.1471,502,56072,0.915795,1,2,3794633,3794131,502
289337881,25.7914,24.0588,507,56110,0.924318,1,2,3794660,3794153,507
289406501,313.615,339.978,468,26280,0.799785,0.89,2,3795267,3794799,468
289409421,160.846,163.591,481,26361,0.757914,0.81,2,3795326,3794845,481
289415261,65.6953,68.0546,488,26521,0.782466,0.75,2,3795428,3794940,488
289584621,65.9807,73.7111,471,30809,0.215869,0.82,1,3798395,3797924,471
289587541,46.7923,56.4844,460,30878,0.236347,0.63,1,3798429,3797969,460
289590461,47.5169,58.5938,448,30947,0.268539,0.53,1,3798477,3798029,448
289593381,38.8068,45.0375,445,31015,0.269416,0.43,1,3798510,3798065,445
289596301,36.5227,40.815,442,31083,0.257766,0.27,1,3798545,3798103,442
289599221,42.8091,47.526,437,31151,0.265106,0.29,1,3798592,3798155,437
289602141,39.3236,44.8104,431,31219,0.256043,0.29,1,3798629,3798198,431
289605061,33.7295,35.3242,432,31287,0.252417,0.29,1,3798659,3798227,432
289607981,39.2918,14.1297,475,31355,0.262967,0.11,1,3798702,3798227,475
289610901,36.1167,35.6519,459,31422,0.243187,0.15,1,3798736,3798277,459
289613821,69.6467,34.0607,518,31489,0.295275,0.25,1,3798828,3798310,518
289631341,39.9949,42.7952,469,31890,0.440085,0.25,1,3799061,3798592,469
289634261,33.398,39.3181,461,31956,0.422034,0.25,1,3799090,3798629,461
289637181,40.9592,33.7272,477,32022,0.414814,0.27,1,3799136,3798659,477
289640101,36.7837,39.2909,468,32088,0.411925,0.23,1,3799170,3798702,468
289692661,40.699,40.3927,452,33255,0.760141,0.61,2,3799955,3799503,452
289695581,33.0796,32.9571,452,33319,0.778057,0.61,2,3799983,3799531,452
289698501,41.4318,40.7828,453,33382,0.797223,0.63,2,3800030,3799577,453
289710181,48.5567,47.7,452,33634,0.921897,0.63,2,3800200,3799748,452
289850341,35.3472,43.2861,477,36529,0.935797,1,2,3802196,3801719,477
289867861,38.8969,39.505,487,36875,0.798749,0.98,2,3802445,3801958,487
289891221,48.9026,35.8955,522,37331,0.25641,0.83,1,3802760,3802238,522
289894141,38.761,46.1582,501,37388,0.228564,0.87,1,3802792,3802291,501
289905821,32.3363,38.8616,486,37613,0.204811,0.71,1,3802931,3802445,486
289911661,31.8138,54.4579,468,37725,0.21637,0.53,1,3803012,3802544,468
289914581,29.5255,34.9831,474,37781,0.224548,0.47,1,3803040,3802566,474
289917501,29.8102,33.1933,472,37837,0.227819,0.43,1,3803070,3802598,472
289920421,29.9241,32.4773,470,37893,0.205128,0.35,1,3803100,3802630,470
289923341,34.7696,33.3909,474,37949,0.232051,0.33,1,3803138,3802664,474
289926261,45.1079,36.7564,487,38005,0.29082,0.19,1,3803190,3802703,487
289929181,36.6431,48.9025,461,38061,0.290328,0.21,1,3803221,3802760,461
289943781,49.3976,32.3363,493,38337,0.414554,0.19,1,3803424,3802931,493
289946701,32.959,49.5345,454,38392,0.435822,0.23,1,3803446,3802992,454
289949621,28.7836,31.8138,460,38447,0.444329,0.23,1,3803472,3803012,460
289952541,28.3134,29.5255,460,38502,0.447731,0.23,1,3803500,3803040,460
290040141,41.3309,5.90759,513,40115,0.919059,0.75,2,3804528,3804015,513
290043061,36.9324,35.963,491,40168,0.949624,0.75,2,3804562,3804071,491
290051821,37.9557,43.2696,495,40325,0.939896,0.87,2,3804680,3804185,495
290054741,38.5823,36.5079,502,40377,0.921958,0.89,2,3804719,3804217,502
290057661,53.2329,36.8031,528,40429,0.938783,0.87,2,3804782,3804254,528
290221181,35.8149,50.8665,510,43255,0.93206,1,2,3806721,3806211,510
290232861,29.0449,33.179,505,43451,0.944309,1,2,3806849,3806344,505
290422661,34.4521,29.966,523,46501,0.788752,1,2,3808996,3808473,523
290434341,26.5476,28.8951,508,46681,0.442928,1,1,3809115,3808607,508
290440181,27.7676,32.1032,508,46771,0.201668,1,1,3809174,3808666,508
290446021,28.6828,27.2165,514,46861,0.098267,1,1,3809236,3808722,514
290448941,33.0731,30.0866,518,46906,0.0453068,1,1,3809272,3808754,518
290451861,31.8293,34.8346,511,46951,0.0841227,1,1,3809303,3808792,511
290454781,28.9317,34.9339,503,46996,0.0996491,1,1,3809330,3808827,503
290457701,28.3727,31.9735,501,47041,0.0698596,0.83,1,3809358,3808857,501
290460621,31.7491,33.1894,501,47086,0.0699439,0.88,1,3809392,3808891,501
290463541,29.4996,36.0758,491,47131,0.0459775,0.87,1,3809420,3808929,491
290466461,29.1999,33.6303,488,47176,0.060391,0.73,1,3809449,3808961,488
290469381,31.4799,34.4521,486,47221,0.0661564,0.69,1,3809482,3808996,486
290472301,26.992,34.1808,476,47266,0.0564626,0.49,1,3809506,3809030,476
290475221,26.9968,31.6723,473,47311,0.052585,0.43,1,3809533,3809060,473
290478141,20.9987,31.8689,458,47356,0.063034,0.41,1,3809550,3809092,458
290481061,9.59949,26.5476,437,47401,0.0432136,0.27,1,3809552,3809115,437
290483981,20.0398,30.419,431,47445,0.0832854,0.11,1,3809579,3809148,431
290486901,22.4159,27.7676,429,47489,0.0873142,0.05,1,3809603,3809174,429
290489821,28.7664,32.707,426,47533,0.0649257,0.09,1,3809636,3809210,426
290492741,25.3065,28.6828,423,47577,0.0439703,0.01,1,3809659,3809236,423
290495661,34.1226,33.0731,427,47621,0.0595881,0.11,1,3809699,3809272,427
290498581,33.449,31.8293,429,47665,0.0538352,0.11,1,3809732,3809303,429
290501501,27.1796,28.9317,425,47709,0.0395341,0.05,1,3809755,3809330,425
290504421,27.6718,28.3727,425,47753,0.0698136,0.07,1,3809783,3809358,425
290507341,32.0687,31.7491,426,47797,0.0579255,0.03,1,3809818,3809392,426
290510261,27.8275,29.4996,423,47841,0.0771702,0.07,1,3809843,3809420,423
290513181,30.331,29.1999,426,47885,0.0968681,0.07,1,3809875,3809449,426
290527781,9.60339,9.59949,424,48105,0.217117,0.11,1,3809976,3809552,424
290530701,21.2414,20.0398,426,48149,0.212847,0.09,1,3810005,3809579,426
290533621,22.2965,22.4159,425,48193,0.235139,0.05,1,3810028,3809603,425
290536541,26.9186,28.7664,422,48237,0.220055,0.03,1,3810058,3809636,422
290539461,25.7674,25.3065,424,48281,0.202022,0.07,1,3810083,3809659,424
290542381,34.307,34.1226,424,48325,0.206809,0.05,1,3810123,3809699,424
290548221,26.7291,27.1796,422,48413,0.204689,0.09,1,3810177,3809755,422
290554061,31.1567,32.0687,423,48500,0.21635,0.09,1,3810241,3809818,423
290556981,28.6627,27.8275,425,48543,0.22454,0.11,1,3810268,3809843,425
290559901,30.6651,30.331,425,48586,0.227816,0.13,1,3810300,3809875,425
290562821,33.866,30.1324,431,48629,0.265126,0.17,1,3810336,3809905,431
290565741,26.7464,27.053,428,48672,0.256051,0.15,1,3810358,3809930,428
290568661,27.4986,27.0212,429,48715,0.28842,0.23,1,3810386,3809957,429
290571581,22.3994,21.0085,431,48758,0.265368,0.23,1,3810405,3809974,431
290574501,10.1598,9.60339,431,48801,0.280147,0.21,1,3810407,3809976,431
290577421,20.8639,21.2414,430,48844,0.298059,0.21,1,3810435,3810005,430
290580341,22.7456,8.49654,454,48887,0.281224,0.25,1,3810459,3810005,454
290583261,25.8982,17.1986,459,48930,0.274489,0.21,1,3810487,3810028,459
290586181,24.7593,24.8794,453,48973,0.283796,0.19,1,3810511,3810058,453
290603701,28.6616,31.1483,457,49231,0.425619,0.23,1,3810698,3810241,457
290606621,31.8646,28.6593,464,49274,0.428247,0.23,1,3810732,3810268,464
290609541,34.9459,30.6637,469,49317,0.441299,0.29,1,3810769,3810300,469
290647501,33.3236,29.885,474,49869,0.448643,0.41,1,3811113,3810639,474
290650421,30.1294,31.154,470,49911,0.437457,0.45,1,3811141,3810671,470
290653341,31.8518,28.6616,476,49953,0.444983,0.43,1,3811174,3810698,476
290723421,24.2336,22.738,451,50957,0.760419,0.59,2,3811788,3811337,451
290746781,31.2767,31.8604,451,51285,0.911443,0.65,2,3812007,3811556,451
290749701,29.9107,29.5442,452,51326,0.946577,0.67,2,3812036,3811584,452
290752621,32.9643,32.2177,453,51367,0.948631,0.63,2,3812071,3811618,453
291054841,58.4814,65.591,454,27004,0.782631,0.67,2,3815395,3814941,454
291069441,63.5432,62.1798,456,27394,0.916683,0.73,2,3815700,3815244,456
291192081,67.6358,65.5503,488,30471,0.253704,1,1,3817836,3817348,488
291197921,35.9017,40.488,475,30609,0.0681926,1,1,3817906,3817431,475
291200841,35.9607,35.9952,478,30678,0.0332771,0.99,1,3817942,3817464,478
291203761,52.1843,55.1981,473,30747,0.0673108,0.81,1,3818005,3817532,473
291206681,57.4737,64.6792,463,30816,0.0689243,0.75,1,3818066,3817603,463
291230041,34.9792,14.3607,458,31362,0.0481431,0.01,1,3818364,3817906,458
291232961,52.9917,27.3443,487,31429,0.0252572,0.09,1,3818429,3817942,487
291235881,57.7967,48.7377,485,31496,0.0641029,0.07,1,3818490,3818005,485
291256321,32.0993,49.1145,446,31963,0.213431,0.09,1,3818751,3818305,446
291259241,33.8397,33.4458,458,32029,0.211372,0.01,1,3818786,3818328,458
291288441,32.4286,32.0993,464,32684,0.201368,0.21,1,3819215,3818751,464
291291361,51.3714,33.8397,493,32749,0.206547,0.11,1,3819279,3818786,493
291294281,21.7486,53.1359,429,32814,0.232619,0.17,1,3819281,3818852,429
291297201,47.6994,59.6544,430,32878,0.207048,0.15,1,3819346,3818916,430
291305961,29.9088,30.1699,430,33070,0.203091,0.15,1,3819439,3819009,430
291308881,31.1635,31.868,429,33134,0.219236,0.15,1,3819471,3819042,429
291311801,58.6654,58.9472,429,33198,0.285695,0.21,1,3819548,3819119,429
291332241,39.9833,40.6798,429,33641,0.417744,0.19,1,3819811,3819382,429
291335161,34.5933,34.2719,430,33704,0.437098,0.21,1,3819842,3819412,430
291376041,64.187,31.229,530,34572,0.765802,0.63,2,3820434,3819904,530
291396481,43.1295,46.7316,493,34999,0.916467,0.69,2,3820708,3820215,493
291399401,36.4518,41.4926,487,35059,0.948587,0.69,2,3820740,3820253,487
291411081,54.746,64.187,507,35299,0.94814,0.85,2,3820941,3820434,507
291414001,36.2984,52.0748,487,35359,0.937256,0.85,2,3820965,3820478,487
291416921,34.9194,36.4299,495,35419,0.944902,0.83,2,3820999,3820504,495
291542481,27.31,30.1331,503,37899,0.933999,1,2,3822680,3822177,503
291545401,32.524,22.8532,521,37955,0.9016,1,2,3822716,3822195,521
291560001,42.7746,36.0219,528,38232,0.227968,1,1,3822955,3822427,528
291565841,36.2439,39.3635,512,38342,0.0880749,1,1,3823031,3822519,512
291568761,36.6976,35.5454,516,38397,0.06523,1,1,3823068,3822552,516
291571681,31.479,38.2182,504,38452,0.032092,1,1,3823096,3822592,504
291574601,31.1916,32.6873,506,38507,0.0308368,1,1,3823127,3822621,506
291577521,25.0766,35.2749,490,38562,0.0783347,0.89,1,3823148,3822658,490
291589201,34.9812,46.6038,445,38782,0.0843254,0.35,1,3823272,3822827,445
291600881,39.3339,44.1099,424,38998,0.0955187,0.05,1,3823424,3823000,424
291606721,35.4534,36.6976,422,39106,0.076483,0.01,1,3823490,3823068,422
291609641,33.3814,31.479,426,39160,0.0365932,0.03,1,3823522,3823096,426
291612561,31.3525,31.1916,425,39214,0.0806373,0.11,1,3823552,3823127,425
291621321,13.5746,13.1323,428,39376,0.0970808,0.15,1,3823611,3823183,428
291630081,38.4048,38.5925,425,39537,0.214773,0.15,1,3823738,3823313,425
291633001,36.9619,35.837,427,39590,0.223909,0.13,1,3823774,3823347,427
291635921,35.1848,35.3348,426,39643,0.251564,0.07,1,3823808,3823382,426
291638841,37.4739,39.3339,423,39696,0.250625,0.13,1,3823847,3823424,423
291641761,34.7896,33.1336,427,39749,0.23825,0.05,1,3823880,3823453,427
291644681,33.1158,35.4534,422,39802,0.2333,0.01,1,3823912,3823490,422
291653441,27.1514,26.341,426,39961,0.0818912,0.09,1,3824001,3823575,426
291656361,32.4606,30.9364,428,40014,0.0627565,0.09,1,3824037,3823609,428
291659281,14.1842,13.5746,428,40067,0.0791026,0.09,1,3824039,3823611,428
291662201,40.4737,5.42982,486,40120,0.061641,0.21,1,3824097,3823611,486
291665121,32.9895,35.7719,458,40173,0.0666564,0.21,1,3824125,3823667,458
291668041,38.9958,31.7088,472,40226,0.0926626,0.23,1,3824168,3823696,472
291682641,32.1427,34.7762,462,40486,0.216114,0.23,1,3824342,3823880,462
291685561,29.0571,33.1105,457,40538,0.248445,0.11,1,3824369,3823912,457
291688481,31.4228,32.4442,458,40590,0.297378,0.11,1,3824402,3823944,458
291787761,34.6867,34.0427,450,42322,0.769728,0.61,2,3825492,3825042,450
291808201,35.4163,34.1192,453,42672,0.901932,0.69,2,3825740,3825287,453
291814041,33.3866,32.3391,455,42770,0.915909,0.71,2,3825800,3825345,455
291816961,14.5546,14.1356,455,42819,0.924364,0.71,2,3825802,3825347,455
291819881,44.2219,42.8543,457,42868,0.915745,0.71,2,3825866,3825409,457
291822801,38.0887,37.5417,457,42917,0.936298,0.71,2,3825900,3825443,457
291825721,16.4355,16.2167,457,42966,0.944519,0.81,2,3825902,3825445,457
291840321,37.7667,38.304,498,43211,0.941861,0.91,2,3826106,3825608,498
291960041,34.5592,38.1877,487,45169,0.941296,1,2,3827448,3826961,487
291974641,29.9305,30.2557,487,45403,0.789418,1,2,3827603,3827116,487
291998001,28.5697,32.2451,474,45771,0.44643,0.94,1,3827858,3827384,474
292000921,25.8279,27.898,473,45817,0.436572,0.93,1,3827882,3827409,473
292009681,28.581,12.4895,495,45955,0.296021,0.95,1,3827972,3827477,495
292012601,35.4324,21.7958,507,46001,0.292408,0.85,1,3828012,3827505,507
292015521,25.573,33.3183,485,46047,0.266963,0.77,1,3828031,3827546,485
292018441,27.0292,30.1273,485,46093,0.268785,0.77,1,3828059,3827574,485
292021361,31.2117,29.4509,490,46139,0.281514,0.71,1,3828093,3827603,490
292024281,22.6847,34.5804,469,46185,0.298606,0.67,1,3828110,3827641,469
292027201,31.2739,23.4321,490,46231,0.293442,0.65,1,3828147,3827657,490
292035961,36.3215,32.7717,485,46369,0.42318,0.51,1,3828245,3827760,485
292132321,26.912,27.279,453,47844,0.795588,0.63,2,3829197,3828744,453
292155681,28.8152,27.2376,457,48196,0.905412,0.69,2,3829405,3828948,457
292339641,28.6631,28.7747,485,50877,0.939232,1,2,3831264,3830779,485
292342561,21.0652,20.5099,486,50918,0.921693,1,2,3831280,3830794,486
292348401,30.4904,26.2016,496,51000,0.914271,1,2,3831345,3830849,496
292377601,17.1525,20.7146,482,51410,0.428584,0.98,1,3831628,3831146,482
292383441,22.7844,31.3943,474,51492,0.403373,1,1,3831683,3831209,474
292403881,26.0136,28.6385,456,51779,0.40236,0.67,1,3831858,3831402,456
292424321,28.678,33.6329,468,52065,0.402737,0.45,1,3832059,3831591,468
292427241,16.2712,30.8532,447,52105,0.431095,0.41,1,3832067,3831620,447
292430161,31.1085,17.1413,480,52145,0.430438,0.37,1,3832108,3831628,480
292520681,31.8058,30.465,454,53383,0.751364,0.65,2,3832890,3832436,454
292523601,34.9223,33.786,455,53422,0.762545,0.65,2,3832927,3832472,455
292526521,32.5689,31.5144,456,53461,0.779018,0.69,2,3832958,3832502,456
292529441,17.8276,17.4058,456,53500,0.761607,0.73,2,3832966,3832510,456
292538201,19.765,19.546,458,53617,0.782903,0.75,2,3833043,3832585,458
292541121,28.306,27.6184,459,53656,0.775161,0.75,2,3833077,3832618,459
292544041,18.5224,18.2474,459,53695,0.796064,0.73,2,3833089,3832630,459
292573241,33.5036,31.8058,459,54085,0.909865,0.77,2,3833349,3832890,459
292752821,326.225,335.288,495,26280,0.43912,0.85,1,3835392,3834897,495
292803921,67.2704,56.2104,485,26361,0.0657837,0.45,1,3835582,3835097,485
292806841,55.1082,60.8842,468,26441,0.0443135,0.21,1,3835629,3835161,468
292809761,51.4433,56.7537,463,26521,0.0477254,0.03,1,3835678,3835215,463
292812681,60.7773,73.7015,445,26601,0.0370902,0.03,1,3835745,3835300,445
292815601,45.3109,49.8806,446,26681,0.0208361,0.07,1,3835780,3835334,446
292818521,33.1244,41.5522,435,26760,0.0263344,0.07,1,3835805,3835370,435
292821441,36.6497,29.8209,452,26839,0.0525338,0.07,1,3835844,3835392,452
292824361,43.4599,44.3284,446,26918,0.0990135,0.03,1,3835892,3835446,446
292827281,55.784,55.5313,447,26997,0.0936054,0.03,1,3835956,3835509,447
292836041,48.6902,51.242,424,27231,0.222711,0.03,1,3836102,3835678,424
292841881,45.5904,45.2787,424,27387,0.0656337,0.03,1,3836204,3835780,424
292844801,32.0362,33.1115,422,27464,0.0442535,0.07,1,3836227,3835805,422
292847721,36.8145,36.6446,423,27541,0.0477014,0.13,1,3836267,3835844,423
292850641,44.1258,43.4578,424,27618,0.0250806,0.09,1,3836316,3835892,424
292853561,57.8503,55.7831,427,27695,0.0640322,0.17,1,3836383,3835956,427
292856481,54.9401,52.3133,430,27771,0.0556129,0.21,1,3836436,3836006,430
292859401,50.7761,49.7253,430,27847,0.0882452,0.25,1,3836484,3836054,430
292862321,50.9104,48.6901,433,27923,0.0652981,0.05,1,3836535,3836102,433
292865241,52.7642,58.476,422,27999,0.0681192,0.03,1,3836589,3836167,422
292868161,43.3057,45.5904,422,28075,0.0452477,0.03,1,3836626,3836204,422
292871081,31.1223,32.0362,422,28150,0.0360991,0.05,1,3836649,3836227,422
292874001,36.4489,36.8145,422,28225,0.0444396,0.01,1,3836689,3836267,422
292876921,45.7796,44.1258,425,28300,0.0177759,0.09,1,3836741,3836316,425
292879841,59.1118,57.8503,426,28375,0.0611103,0.09,1,3836809,3836383,426
292882761,54.2447,23.1401,477,28450,0.0904441,0.05,1,3836860,3836383,477
292891521,53.0797,48.689,478,28672,0.234508,0.07,1,3837013,3836535,478
292894441,41.6319,51.8756,458,28746,0.243803,0.03,1,3837047,3836589,458
292897361,30.4527,42.9502,444,28820,0.211521,0.03,1,3837070,3836626,444
292914881,51.9599,50.4964,481,29258,0.200018,0.21,1,3837389,3836908,481
292917801,55.584,50.1986,489,29330,0.230007,0.27,1,3837447,3836958,489
292920721,42.0336,53.0794,467,29402,0.254003,0.25,1,3837480,3837013,467
292923641,27.6134,41.6318,451,29474,0.263601,0.19,1,3837498,3837047,451
292926561,35.0454,30.4527,468,29546,0.27944,0.15,1,3837538,3837070,468
292929481,45.2181,36.1811,480,29618,0.297776,0.09,1,3837590,3837110,480
292932401,61.8873,46.8724,499,29689,0.29311,0.17,1,3837663,3837164,499
293008321,44.646,51.6288,489,31489,0.772884,0.67,2,3838812,3838323,489
293011241,28.6584,42.8515,470,31556,0.795153,0.63,2,3838830,3838360,470
293022921,59.1497,63.2282,509,31824,0.902548,0.65,2,3839056,3838547,509
293025841,56.6599,58.8913,508,31890,0.943019,0.73,2,3839111,3838603,508
293145561,68.2952,46.5087,561,34504,0.920464,1,2,3840905,3840344,561
293163081,33.8905,51.7158,500,34870,0.433199,1,1,3841160,3840660,500
293166001,33.9562,37.4863,506,34931,0.44328,1,1,3841194,3840688,506
293192281,52.3898,34.8156,511,35472,0.446048,0.43,1,3841586,3841075,511
293195201,29.3559,51.7262,462,35532,0.448419,0.39,1,3841600,3841138,462
293198121,32.1424,33.8905,474,35591,0.413368,0.45,1,3841634,3841160,474
293247761,65.6994,63.2907,448,36587,0.782092,0.61,2,3842255,3841807,448
293250681,58.0798,55.3163,451,36645,0.786837,0.65,2,3842308,3841857,451
293253601,53.8319,52.1265,452,36703,0.752735,0.63,2,3842359,3841907,452
293256521,37.7328,36.4506,453,36761,0.751094,0.65,2,3842386,3841933,453
293262361,55.3572,54.3121,455,36875,0.752575,0.69,2,3842485,3842030,455
293265281,30.5429,30.7248,454,36932,0.76303,0.65,2,3842499,3842045,454
293268201,32.0172,31.4899,455,36989,0.779212,0.73,2,3842532,3842077,455
293271121,32.0069,31.196,456,37046,0.785685,0.73,2,3842564,3842108,456
293274041,14.0027,13.6784,456,37103,0.788274,0.73,2,3842566,3842110,456
293285721,57.4881,63.7918,511,37331,0.902564,0.79,2,3842766,3842255,511
293449241,46.8818,56.788,512,40377,0.9076,1,2,3844899,3844387,512
293466761,33.7824,32.4174,517,40689,0.427318,1,1,3845089,3844572,517
293472601,38.0452,36.1468,509,40793,0.268771,1,1,3845162,3844653,509
293475521,30.8181,35.4587,500,40845,0.233508,1,1,3845188,3844688,500
293481361,33.3709,33.1534,504,40949,0.0937613,1,1,3845254,3844750,504
293490121,37.4877,46.8818,496,41103,0.0489607,0.75,1,3845395,3844899,496
293493041,29.3951,42.7527,480,41154,0.0735843,0.65,1,3845419,3844939,480
293495961,26.158,34.5011,475,41205,0.0834337,0.57,1,3845443,3844968,475
293498881,26.6632,30.6004,474,41256,0.0993735,0.47,1,3845470,3844996,474
293513481,28.2705,38.0452,453,41511,0.0976992,0.21,1,3845615,3845162,453
293516401,12.5082,30.8181,429,41562,0.0930797,0.11,1,3845617,3845188,429
293525161,54.3205,56.5484,427,41715,0.223637,0.11,1,3845753,3845326,427
293528081,42.1282,44.2193,425,41766,0.275455,0.01,1,3845787,3845362,425
293548521,27.4757,26.6904,429,42117,0.414448,0.09,1,3845977,3845548,429
293551441,36.1903,37.6762,426,42167,0.423779,0.09,1,3846019,3845593,426
293554361,28.8761,28.2705,428,42217,0.403512,0.09,1,3846043,3845615,428
293557281,12.7504,12.5082,428,42267,0.419405,0.13,1,3846045,3845617,428
293560201,23.1002,23.0033,428,42317,0.401762,0.23,1,3846075,3845647,428
293563121,33.2401,30.8013,432,42367,0.430705,0.25,1,3846115,3845683,432
293618601,25.9252,30.3682,470,43304,0.75515,0.53,2,3846754,3846284,470
293621521,29.5701,25.9473,479,43353,0.76406,0.53,2,3846786,3846307,479
293624441,25.628,29.5789,470,43402,0.755624,0.57,2,3846809,3846339,470
293627361,27.0512,25.6316,475,43451,0.75225,0.53,2,3846837,3846362,475
293630281,28.2205,27.0526,476,43500,0.7749,0.55,2,3846866,3846390,476
293633201,36.4882,27.6211,490,43549,0.78396,0.55,2,3846908,3846418,490
293636121,28.9953,36.2484,472,43597,0.787584,0.59,2,3846932,3846460,472
293639041,12.7981,28.8994,450,43645,0.789034,0.55,2,3846934,3846484,450
293641961,23.1192,12.7597,478,43693,0.789613,0.59,2,3846964,3846486,478
293644881,35.0477,23.1039,491,43741,0.789845,0.55,2,3847007,3846516,491
293647801,59.0191,34.4416,524,43789,0.777938,0.63,2,3847082,3846558,524
293677001,29.1749,36.4882,484,44269,0.904153,0.79,2,3847392,3846908,484
293679921,12.8699,28.9953,462,44317,0.907661,0.79,2,3847394,3846932,462
293682841,23.148,12.7981,490,44365,0.909064,0.79,2,3847424,3846934,490
293685761,35.0592,23.1192,503,44413,0.921626,0.79,2,3847467,3846964,503
293688681,58.4237,35.0477,534,44460,0.92665,0.77,2,3847541,3847007,534
293691601,24.5695,59.0191,461,44507,0.92866,0.83,2,3847543,3847082,461
293875561,32.746,32.8259,527,47401,0.939232,1,2,3849579,3849052,527
293878481,16.6984,35.3304,496,47445,0.915693,1,2,3849585,3849089,496
293887241,33.0607,32.3091,517,47577,0.939644,1,2,3849700,3849183,517
293896001,34.2519,28.7798,527,47709,0.798617,1,2,3849803,3849276,527
293933961,30.8944,33.0607,465,48281,0.430316,0.83,1,3850165,3849700,465
293936881,29.7578,31.8243,463,48325,0.406126,0.77,1,3850194,3849731,463
293942721,33.6812,34.2519,462,48413,0.42858,0.83,1,3850265,3849803,462
293945641,24.8725,23.9008,464,48457,0.441432,0.85,1,3850284,3849820,464
293948561,18.949,20.9603,460,48500,0.410573,0.69,1,3850299,3849839,460
293951481,26.1796,29.9841,455,48543,0.410229,0.67,1,3850330,3849875,455
293957321,26.2687,28.9175,451,48629,0.400437,0.63,1,3850386,3849935,451
293960241,26.1075,24.767,455,48672,0.406175,0.55,1,3850412,3849957,455
293963161,33.243,33.9068,453,48715,0.44447,0.55,1,3850450,3849997,453
293966081,30.0972,31.5627,451,48758,0.435788,0.49,1,3850478,3850027,451
293969001,24.0389,27.6251,446,48801,0.432315,0.49,1,3850498,3850052,446
293971921,14.4156,15.85,446,48844,0.430926,0.49,1,3850506,3850060,446
293974841,29.1662,6.34001,485,48887,0.40637,0.51,1,3850545,3850060,485
293980681,30.3466,32.2144,471,48973,0.416619,0.41,1,3850607,3850136,471
293983601,27.1386,30.2858,467,49016,0.448648,0.39,1,3850632,3850165,467
294047841,28.3347,25.3819,480,49953,0.753416,0.59,2,3851249,3850769,480
294050761,28.7339,28.1528,479,49995,0.775367,0.61,2,3851278,3850799,479
294053681,27.0936,28.0611,477,50037,0.796147,0.63,2,3851304,3850827,477
294077041,23.6083,31.0594,453,50373,0.91344,0.61,2,3851503,3851050,453
294079961,26.2433,28.6238,454,50415,0.911376,0.69,2,3851531,3851077,454
294082881,37.4973,37.2495,456,50457,0.92255,0.71,2,3851576,3851120,456
294085801,35.3989,34.6998,457,50499,0.93902,0.69,2,3851610,3851153,457
294334001,97.7538,86.0624,526,24990,0.2548,1,1,3854071,3853545,526
294342761,60.1842,72.396,493,25244,0.0703072,0.75,1,3854251,3853758,493
294345681,74.4737,70.9584,507,25328,0.0461229,0.53,1,3854335,3853828,507
294348601,50.1895,74.5834,464,25412,0.0484491,0.47,1,3854369,3853905,464
294351521,39.2758,52.0333,459,25495,0.0373797,0.45,1,3854401,3853942,459
294354441,48.1103,37.0133,486,25578,0.0449519,0.19,1,3854455,3853969,486
294357361,43.8441,46.0053,475,25661,0.0839808,0.17,1,3854496,3854021,475
294360281,46.9377,48.4021,474,25744,0.0515923,0.05,1,3854545,3854071,474
294363201,67.3751,51.1609,502,25826,0.0506369,0.13,1,3854626,3854124,502
294366121,55.75,66.0643,474,25908,0.0262548,0.03,1,3854674,3854200,474
294369041,71.5,57.0257,505,25990,0.0105019,0.03,1,3854756,3854251,505
294371961,49.6,73.2103,456,26072,0.0102008,0.05,1,3854791,3854335,456
294374881,39.04,49.6841,454,26153,0.0460803,0.03,1,3854823,3854369,454
294377801,48.016,39.0736,476,26234,0.0724321,0.05,1,3854877,3854401,476
294386561,66.601,46.9247,504,26476,0.0802357,0.05,1,3855049,3854545,504
294389481,54.8404,67.3699,470,26556,0.0860943,0.01,1,3855096,3854626,470
294395321,50.6545,71.4992,459,26716,0.0461751,0.01,1,3855215,3854756,459
294398241,39.4618,49.5997,456,26795,0.06047,0.07,1,3855247,3854791,456
294401161,48.7847,39.0399,479,26874,0.090188,0.09,1,3855302,3854823,479
294436201,43.2747,43.1542,428,27805,0.22122,0.09,1,3855826,3855398,428
294439121,61.1099,62.8617,425,27881,0.262488,0.13,1,3855899,3855474,425
294442041,53.844,53.9447,426,27957,0.290995,0.17,1,3855948,3855522,426
294471241,73.9331,52.4544,521,28706,0.40753,0.33,1,3856469,3855948,521
294474161,51.7733,71.3818,474,28780,0.421012,0.35,1,3856506,3856032,474
294477081,39.9093,51.3527,468,28854,0.426405,0.31,1,3856538,3856070,468
294515041,44.7426,37.3062,496,29793,0.767949,0.55,2,3857141,3856645,496
294517961,19.0971,43.7225,450,29864,0.781179,0.61,2,3857143,3856693,450
294532561,41.7933,40.7591,455,30217,0.901615,0.69,2,3857436,3856981,455
294535481,52.1173,51.1036,456,30287,0.930646,0.69,2,3857495,3857039,456
294538401,22.0469,21.6415,456,30357,0.918258,0.77,2,3857497,3857041,456
294541321,42.4188,39.8566,460,30427,0.925303,0.79,2,3857553,3857093,460
294544241,46.3675,44.7426,461,30497,0.940121,0.79,2,3857602,3857141,461
294547161,19.747,19.0971,461,30566,0.922049,0.85,2,3857604,3857143,461
294687321,51.8611,61.0482,478,33728,0.93274,1,2,3859886,3859408,478
294707761,45.7842,43.3876,489,34164,0.0580442,1,1,3860181,3859692,489
294710681,47.7137,53.9551,477,34226,0.0232177,1,1,3860230,3859753,477
294713601,40.6855,21.582,513,34288,0.00928706,1,1,3860266,3859753,513
294716521,35.4742,31.4328,507,34350,0.00371483,1,1,3860298,3859791,507
294719441,46.5897,32.9731,527,34412,0.0314859,0.89,1,3860352,3859825,527
294722361,39.6359,49.7893,501,34473,0.0545944,0.78,1,3860387,3859886,501
294725281,28.4543,45.1157,480,34534,0.0278377,0.61,1,3860408,3859928,480
294728201,28.1817,37.2463,476,34595,0.0291351,0.47,1,3860436,3859960,476
294731121,35.2727,36.4985,480,34656,0.041654,0.23,1,3860476,3859996,480
294734041,30.3091,42.1994,461,34717,0.0226616,0.05,1,3860503,3860042,461
294736961,46.9236,37.8798,484,34778,0.0390646,0.05,1,3860561,3860077,484
294739881,43.3695,52.9519,462,34839,0.0456259,0.03,1,3860602,3860140,462
294742801,47.3478,45.7808,471,34900,0.0182503,0,1,3860652,3860181,471
294745721,39.9391,47.7123,457,34961,0.0253001,0,1,3860687,3860230,457
294748641,35.7756,40.6849,454,35021,0.0101201,0,1,3860720,3860266,454
294751561,47.3103,35.474,477,35081,0.070048,0.05,1,3860775,3860298,477
294769081,46.8498,30.3091,479,35441,0.0954248,0.05,1,3860982,3860503,479
294772001,43.3399,46.9236,462,35501,0.0561699,0.05,1,3861023,3860561,462
294774921,48.536,43.3695,473,35561,0.022468,0,1,3861075,3860602,473
294777841,40.4144,47.3478,458,35620,0.0509872,0.03,1,3861110,3860652,458
294780761,35.3658,39.9391,455,35679,0.0203949,0,1,3861142,3860687,455
294783681,15.3463,35.7756,424,35738,0.038158,0.11,1,3861144,3860720,424
294786601,40.9385,47.3103,427,35797,0.0332632,0.13,1,3861202,3860775,427
294789521,38.5754,39.9241,429,35856,0.0433053,0.17,1,3861239,3860810,429
294792441,28.6302,28.5696,430,35915,0.0233221,0.17,1,3861261,3860831,430
294795361,26.4521,27.0279,429,35974,0.0513288,0.15,1,3861286,3860857,429
294798281,35.1808,34.8111,430,36033,0.0505315,0.17,1,3861327,3860897,430
294801201,29.6723,30.1245,429,36092,0.0502126,0.05,1,3861353,3860924,429
294804121,42.4689,46.8498,422,36151,0.062085,0.03,1,3861404,3860982,422
294807041,42.1876,43.3399,423,36209,0.030834,0,1,3861446,3861023,423
294809961,48.075,48.536,423,36267,0.0123336,0.07,1,3861498,3861075,423
294812881,42.63,40.4144,427,36325,0.00493344,0,1,3861537,3861110,427
294815801,33.852,35.3658,423,36383,0.00797338,0.05,1,3861565,3861142,423
294818721,14.7408,15.3463,423,36441,0.0211894,0.03,1,3861567,3861144,423
294821641,40.6963,40.9385,423,36499,0.0384757,0.05,1,3861625,3861202,423
294824561,37.8785,38.5754,422,36557,0.0933903,0.01,1,3861661,3861239,422
294839161,41.3732,42.4689,422,36846,0.21399,0.01,1,3861826,3861404,422
294845001,47.5397,48.075,422,36960,0.0750384,0,1,3861920,3861498,422
294847921,42.4159,42.63,422,37017,0.0300154,0.01,1,3861959,3861537,422
294850841,33.7664,33.852,422,37074,0.0180061,0.03,1,3861987,3861565,422
294853761,14.7065,14.7408,422,37131,0.0252025,0.05,1,3861989,3861567,422
294856681,41.8826,40.6963,424,37188,0.076081,0.05,1,3862049,3861625,424
294859601,38.953,16.2785,461,37245,0.0964324,0.13,1,3862086,3861625,461
294882961,40.6672,47.5237,460,37696,0.0609056,0,1,3862380,3861920,460
294885881,33.0669,42.4095,449,37752,0.0423622,0.01,1,3862408,3861959,449
294888801,14.4268,33.7638,423,37808,0.0349449,0.03,1,3862410,3861987,423
294891721,43.5707,14.7055,484,37864,0.055978,0.11,1,3862473,3861989,484
294894641,40.8283,41.8822,463,37920,0.0763912,0.11,1,3862512,3862049,463
294897561,29.5313,38.9529,448,37976,0.0965565,0.13,1,3862534,3862086,448
294912161,40.5802,42.5506,467,38253,0.241421,0.15,1,3862724,3862257,467
294915081,40.2321,40.4202,468,38308,0.294568,0.13,1,3862764,3862296,468
294950121,43.2199,40.5802,436,38965,0.427122,0.33,1,3863160,3862724,436
294953041,42.488,40.2321,438,39019,0.416849,0.33,1,3863202,3862764,438
294955961,39.7952,38.8928,438,39073,0.412739,0.31,1,3863240,3862802,438
294958881,31.5181,31.7571,437,39127,0.423096,0.35,1,3863266,3862829,437
294961801,13.8072,13.9029,437,39181,0.427238,0.35,1,3863268,3862831,437
294964721,46.3229,45.1611,439,39235,0.404895,0.39,1,3863336,3862897,439
294967641,43.7292,42.0645,441,39289,0.407958,0.39,1,3863378,3862937,441
294973481,20.6767,20.4103,441,39397,0.400073,0.39,1,3863402,3862961,441
294976401,23.8707,24.9641,439,39451,0.418029,0.37,1,3863428,3862989,439
294979321,38.3483,38.1857,440,39505,0.401212,0.41,1,3863476,3863036,440
294982241,30.9393,30.8743,440,39558,0.406485,0.39,1,3863502,3863062,440
295046481,18.5405,42.3075,453,40715,0.75078,0.59,2,3864271,3863818,453
295049401,21.2162,18.123,474,40767,0.774312,0.67,2,3864294,3863820,474
295052321,24.0865,20.4492,478,40819,0.783725,0.63,2,3864320,3863842,478
295055241,39.0346,23.7797,501,40871,0.79949,0.65,2,3864369,3863868,501
295066921,46.8297,45.244,501,41078,0.928099,0.69,2,3864547,3864046,501
295224601,29.2826,32.2774,502,43765,0.934,1,2,3866360,3865858,502
295233361,56.6661,35.2098,546,43909,0.941776,1,2,3866504,3865958,546
295242121,30.6026,29.5174,528,44053,0.798274,1,2,3866599,3866071,528
295245041,27.8411,34.607,516,44101,0.757309,1,2,3866625,3866109,516
295338481,33.8598,32.0612,451,45607,0.765428,0.53,2,3867601,3867150,451
295382281,35.5708,33.6216,493,46297,0.925488,0.79,2,3868060,3867567,493
295385201,29.8283,33.8486,485,46343,0.916195,0.83,2,3868086,3867601,485
295388121,31.1313,28.5395,492,46388,0.912478,0.83,2,3868118,3867626,492
295391041,34.6525,30.6158,497,46433,0.922991,0.83,2,3868155,3867658,497
295393961,27.061,34.4463,482,46478,0.939196,0.79,2,3868177,3867695,482
295396881,25.2244,25.7785,486,46523,0.921679,0.83,2,3868201,3867715,486
295399801,11.2898,24.7114,464,46568,0.914671,0.83,2,3868203,3867739,464
295402721,27.3159,11.0846,500,46613,0.911869,0.83,2,3868241,3867741,500
295405641,27.1264,27.2338,489,46658,0.934747,0.81,2,3868268,3867779,489
295869921,195.087,218.292,476,24820,0.2452,0.94,1,3873453,3872977,476
295912261,72.1339,59.6467,500,24905,0.059632,0.85,1,3873544,3873044,500
295915181,68.4536,63.4587,500,24990,0.0238528,0.73,1,3873610,3873110,500
295918101,65.1814,74.5835,481,25075,0.0155411,0.41,1,3873673,3873192,481
295921021,65.0726,80.2334,462,25160,0.0482164,0.45,1,3873738,3873276,462
295923941,39.829,52.4934,451,25244,0.0492866,0.39,1,3873761,3873310,451
295926861,25.5316,34.1973,445,25328,0.0617146,0.23,1,3873777,3873332,445
295929781,30.0126,23.2789,462,25412,0.0426859,0.01,1,3873810,3873348,462
295932701,50.4051,45.3116,466,25495,0.0230743,0.01,1,3873874,3873408,466
295935621,74.762,67.9246,474,25578,0.0512297,0.03,1,3873965,3873491,474
295938541,70.1048,58.9699,488,25661,0.0504919,0,1,3874032,3873544,488
295944381,65.9368,63.0752,488,25826,0.0668787,0.07,1,3874161,3873673,488
295947301,39.5747,64.2301,445,25908,0.0447515,0.05,1,3874183,3873738,445
295950221,26.6299,39.492,440,25990,0.0479006,0.07,1,3874201,3873761,440
295953141,29.252,25.3968,455,26072,0.0731602,0.03,1,3874232,3873777,455
295956061,50.7008,29.9587,487,26153,0.0352641,0.01,1,3874297,3873810,487
295958981,77.2803,50.3835,518,26234,0.0561056,0.07,1,3874392,3873874,518
295961901,67.5121,74.7534,488,26315,0.0404423,0.05,1,3874453,3873965,488
295964821,68.4049,70.1014,490,26396,0.0341769,0.17,1,3874522,3874032,490
295967741,65.1619,65.8405,490,26476,0.0436708,0.03,1,3874585,3874095,490
295970661,38.6648,65.9362,445,26556,0.0354683,0.03,1,3874606,3874161,445
295973581,26.2659,39.5745,441,26636,0.0321873,0.05,1,3874624,3874183,441
295976501,30.3064,26.6298,456,26716,0.0308749,0.09,1,3874657,3874201,456
295979421,49.3225,29.2519,487,26795,0.05435,0.01,1,3874719,3874232,487
295982341,76.729,50.7008,517,26874,0.03974,0.07,1,3874814,3874297,517
295985261,31.8916,77.2803,424,26953,0.033896,0.03,1,3874816,3874392,424
295988181,48.7566,67.5121,423,27032,0.0135584,0.03,1,3874876,3874453,423
295991101,61.5027,68.4048,424,27110,0.0354234,0.05,1,3874946,3874522,424
295994021,62.4011,65.1619,424,27188,0.0921693,0.03,1,3875009,3874585,424
296008621,76.3974,76.729,423,27575,0.0952446,0.03,1,3875237,3874814,423
296011541,31.759,31.8916,423,27652,0.0920978,0,1,3875239,3874816,423
296014461,48.1036,48.7566,422,27729,0.0548391,0.05,1,3875298,3874876,422
296017381,61.8414,61.5027,423,27805,0.0639357,0.13,1,3875369,3874946,423
296020301,64.3366,62.4011,426,27881,0.0795743,0.13,1,3875435,3875009,426
296023221,37.7346,36.9604,426,27957,0.0858297,0.11,1,3875455,3875029,426
296026141,26.4939,25.5842,427,28033,0.0643319,0.13,1,3875474,3875047,427
296029061,32.1975,31.2337,428,28109,0.0557327,0.19,1,3875510,3875082,428
296031981,49.479,48.4935,429,28184,0.0642931,0.05,1,3875571,3875142,429
296055341,32.0662,25.755,459,28780,0.214233,0.05,1,3875933,3875474,459
296058261,50.0265,31.902,485,28854,0.235693,0.07,1,3875995,3875510,485
296061181,75.8106,49.3608,517,28927,0.244277,0.13,1,3876088,3875571,517
296064101,31.5242,73.7443,429,29000,0.247711,0.13,1,3876090,3875661,429
296067021,49.8097,30.6977,489,29073,0.285084,0.25,1,3876152,3875663,489
296087461,76.1852,50.0264,526,29579,0.414883,0.25,1,3876521,3875995,526
296090381,31.6741,75.8106,435,29651,0.423953,0.25,1,3876523,3876088,435
296093301,51.6696,31.5242,498,29722,0.427581,0.31,1,3876588,3876090,498
296096221,60.8678,49.8097,503,29793,0.441033,0.31,1,3876655,3876152,503
296099141,25.5471,60.1239,438,29864,0.446413,0.35,1,3876657,3876219,438
296134181,34.1302,33.1275,448,30704,0.766245,0.55,2,3877196,3876748,448
296137101,24.4521,24.651,447,30773,0.768498,0.55,2,3877214,3876767,447
296140021,32.5808,32.6604,447,30842,0.781399,0.61,2,3877252,3876805,447
296142941,53.8323,52.0642,450,30911,0.79856,0.59,2,3877320,3876870,450
296145861,78.5329,77.2257,451,30979,0.793424,0.63,2,3877415,3876964,451
296148781,32.6132,32.0903,451,31047,0.79137,0.63,2,3877417,3876966,451
296160461,57.4077,55.3255,458,31319,0.915219,0.71,2,3877634,3877176,458
296163381,35.5631,22.1302,479,31387,0.924088,0.81,2,3877655,3877176,479
296166301,25.0252,20.8521,477,31454,0.939635,0.77,2,3877673,3877196,477
296306461,42.2492,51.796,509,34534,0.90664,1,2,3879857,3879348,509
296323981,31.5846,35.6751,508,34900,0.447312,1,1,3880118,3879610,508
296326901,24.6339,32.8701,497,34961,0.436925,1,1,3880138,3879641,497
296332741,58.9014,32.0192,547,35081,0.291908,0.94,1,3880250,3879703,547
296335661,42.7606,60.8077,499,35141,0.254763,0.96,1,3880282,3879783,499
296338581,41.1042,44.1231,506,35201,0.215905,0.87,1,3880322,3879816,506
296347341,31.8867,57.3999,471,35381,0.207018,0.51,1,3880455,3879984,471
296359021,24.5715,31.5846,461,35620,0.208292,0.43,1,3880579,3880118,461
296361941,28.4286,24.6339,472,35679,0.209317,0.35,1,3880610,3880138,472
296364861,12.5714,30.2535,440,35738,0.209727,0.23,1,3880612,3880172,440
296367781,47.0286,58.9014,432,35797,0.257891,0.23,1,3880682,3880250,432
296370701,38.6114,42.7606,433,35856,0.289156,0.19,1,3880715,3880282,433
296379461,52.0791,51.2167,432,36033,0.412826,0.23,1,3880868,3880436,432
296382381,31.6317,31.8867,431,36092,0.41113,0.13,1,3880886,3880455,431
296385301,30.6527,32.5547,428,36151,0.410452,0.15,1,3880916,3880488,428
296388221,42.2611,41.8219,430,36209,0.422181,0.19,1,3880966,3880536,430
296440781,39.7138,19.3685,482,37245,0.75444,0.57,2,3881600,3881118,482
296443701,41.6855,26.9474,493,37302,0.751776,0.63,2,3881643,3881150,493
296446621,56.8742,35.379,519,37359,0.75071,0.69,2,3881710,3881191,519
296449541,54.5497,53.7516,506,37416,0.750284,0.69,2,3881763,3881257,506
296452461,32.6199,53.3006,471,37472,0.762114,0.65,2,3881781,3881310,471
296455381,31.0479,32.1203,483,37528,0.766845,0.69,2,3881811,3881328,483
296458301,44.2192,30.8481,506,37584,0.756738,0.65,2,3881864,3881358,506
296461221,32.0877,43.5392,478,37640,0.764695,0.71,2,3881888,3881410,478
296464141,27.2351,31.8157,478,37696,0.779878,0.71,2,3881912,3881434,478
296467061,31.894,27.1263,489,37752,0.785951,0.71,2,3881947,3881458,489
296469981,13.9576,30.6505,458,37808,0.788381,0.75,2,3881949,3881491,458
296472901,51.183,13.4602,532,37864,0.789352,0.73,2,3882025,3881493,532
296487501,32.6496,54.5497,477,38143,0.902544,0.77,2,3882240,3881763,477
296490421,31.0598,32.6199,489,38198,0.907018,0.77,2,3882270,3881781,489
296496261,32.0896,44.2192,483,38308,0.904723,0.77,2,3882347,3881864,483
296499181,28.4358,32.0877,485,38363,0.907889,0.79,2,3882373,3881888,485
296502101,31.7743,27.2351,495,38418,0.933156,0.79,2,3882407,3881912,495
296505021,13.9097,31.894,462,38473,0.943262,0.79,2,3882409,3881947,462
296607221,41.3169,31.0122,527,40351,0.94168,1,2,3883746,3883219,527
296624741,41.3594,42.9857,514,40663,0.40939,1,1,3883957,3883443,514
296627661,35.1438,34.5943,516,40715,0.265756,1,1,3883988,3883472,516
296630581,32.0575,32.4377,515,40767,0.208302,1,1,3884018,3883503,515
296636421,45.9292,44.19,530,40871,0.0993284,1,1,3884110,3883580,530
296639341,43.5717,56.076,508,40923,0.0457314,0.98,1,3884152,3883644,508
296642261,32.4287,39.2304,505,40975,0.0722925,0.94,1,3884177,3883672,505
296651021,28.2114,35.1267,490,41129,0.0874267,0.79,1,3884267,3883777,490
296653941,31.6846,33.8507,491,41180,0.0529707,0.69,1,3884301,3883810,491
296656861,25.8738,35.7403,476,41231,0.0751883,0.63,1,3884323,3883847,476
296662701,35.3398,34.3984,482,41333,0.0852301,0.29,1,3884393,3883911,482
296665621,32.1359,41.3594,466,41384,0.076092,0.17,1,3884423,3883957,466
296668541,26.6544,35.1438,458,41435,0.0484368,0.17,1,3884446,3883988,458
296671461,31.6617,32.0575,463,41486,0.0733747,0.05,1,3884481,3884018,463
296674381,43.2647,36.823,474,41537,0.0713499,0.09,1,3884532,3884058,474
296677301,18.5059,45.9292,424,41588,0.07054,0.01,1,3884534,3884110,424
296680221,32.0024,43.5717,423,41639,0.070216,0.09,1,3884575,3884152,423
296683141,30.2009,32.4287,427,41690,0.0460864,0.15,1,3884604,3884177,427
296686061,33.6804,34.5715,427,41741,0.0244346,0.11,1,3884640,3884213,427
296688981,29.0722,30.0286,426,41792,0.0637738,0.07,1,3884666,3884240,426
296691901,26.0289,28.2114,423,41843,0.0795095,0.03,1,3884690,3884267,423
296694821,30.8115,31.6846,423,41893,0.0738038,0.09,1,3884724,3884301,423
296697741,27.9246,25.8738,427,41943,0.0715215,0.13,1,3884750,3884323,427
296724021,30.8096,30.2009,424,42393,0.0759766,0.01,1,3885028,3884604,424
296726941,34.5238,33.6804,425,42443,0.0843906,0.09,1,3885065,3884640,425
296729861,28.8095,29.0722,424,42493,0.0997563,0.09,1,3885090,3884666,424
296732781,25.9238,26.0289,424,42543,0.0819025,0.07,1,3885114,3884690,424
296735701,30.1695,30.8115,423,42593,0.086761,0.07,1,3885147,3884724,423
296761981,30.6024,7.424,467,43035,0.200523,0.15,1,3885424,3884957,467
296767821,35.1364,29.0278,462,43133,0.215684,0.09,1,3885490,3885028,462
296770741,28.4546,33.8111,449,43182,0.224273,0.11,1,3885514,3885065,449
296773661,25.7818,28.5245,448,43231,0.239709,0.07,1,3885538,3885090,448
296776581,30.7127,25.8098,458,43280,0.245884,0.09,1,3885572,3885114,458
296779501,29.6851,30.1239,454,43329,0.260354,0.15,1,3885601,3885147,454
296782421,29.274,28.8496,455,43378,0.266141,0.15,1,3885630,3885175,455
296785341,36.9096,28.9398,468,43427,0.268457,0.11,1,3885672,3885204,468
296788261,33.3638,36.7759,457,43476,0.269383,0.17,1,3885703,3885246,457
296791181,27.7455,32.1104,452,43525,0.269753,0.17,1,3885727,3885275,452
296794101,31.4982,27.8441,461,43573,0.281901,0.17,1,3885761,3885300,461
296797021,43.7993,31.5377,479,43621,0.26276,0.19,1,3885813,3885334,479
296799941,18.7197,42.0151,432,43669,0.255104,0.19,1,3885815,3885383,432
296802861,32.0879,18.006,471,43717,0.264042,0.21,1,3885856,3885385,471
296843741,33.7109,18.7197,477,44389,0.405189,0.27,1,3886292,3885815,477
296846661,28.4844,32.0879,461,44437,0.420075,0.33,1,3886317,3885856,461
296849581,12.5937,27.2352,439,44484,0.42603,0.35,1,3886319,3885880,439
296905061,32.8706,31.4792,447,45377,0.756945,0.55,2,3886893,3886446,447
296907981,30.5482,29.9917,447,45423,0.776778,0.51,2,3886922,3886475,447
296910901,29.0193,28.7967,447,45469,0.772711,0.55,2,3886950,3886503,447
296913821,38.0077,36.7187,449,45515,0.795084,0.59,2,3886994,3886545,449
296931341,35.3742,35.0694,455,45791,0.924874,0.67,2,3887191,3886736,455
296934261,28.5497,28.4278,455,45837,0.91595,0.71,2,3887215,3886760,455
296937181,12.6199,12.5711,455,45883,0.91238,0.73,2,3887217,3886762,455
296940101,31.448,30.2284,457,45929,0.946952,0.73,2,3887261,3886804,457
297128441,316.37,339.381,473,21900,0.426736,0.55,1,3889679,3889206,473
297134281,196.748,221.553,447,21900,0.200694,0.43,1,3889796,3889349,447
297170781,88.8992,103.021,440,22630,0.0982777,0.37,1,3889813,3889373,440
297173701,72.1597,61.6084,467,22724,0.0813111,0,1,3889874,3889407,467
297176621,82.2639,73.2434,475,22817,0.0505244,0.03,1,3889963,3889488,475
297179541,78.5055,74.8973,475,22910,0.0502098,0.07,1,3890039,3889564,475
297182461,54.8022,71.3589,445,23003,0.0380839,0.13,1,3890078,3889633,445
297185381,29.7209,45.3436,430,23095,0.0452336,0.05,1,3890091,3889661,430
297188301,47.8884,28.9374,472,23187,0.0360934,0.01,1,3890151,3889679,472
297191221,58.7553,60.175,457,23278,0.0564374,0.03,1,3890217,3889760,457
297197061,82.3609,58.948,512,23460,0.04023,0.03,1,3890386,3889874,512
297199981,77.9443,76.9792,498,23550,0.058092,0.05,1,3890461,3889963,498
297202901,54.5777,76.3917,461,23640,0.0292368,0.03,1,3890500,3890039,461
297205821,29.0311,53.9567,434,23730,0.0296947,0.05,1,3890512,3890078,434
297208741,48.8124,29.3827,483,23819,0.0418779,0.03,1,3890574,3890091,483
297211661,60.325,47.7531,491,23908,0.0227512,0.07,1,3890642,3890151,491
297214581,25.33,58.7012,427,23997,0.0151005,0.13,1,3890644,3890217,427
297217501,58.132,70.8805,428,24085,0.0960402,0,1,3890724,3890296,428
297220421,74.8528,82.3522,424,24173,0.0804161,0.07,1,3890810,3890386,424
297223341,74.3411,77.9409,423,24261,0.0981664,0.01,1,3890884,3890461,423
297226261,53.1364,54.5764,423,24348,0.0932666,0.03,1,3890923,3890500,423
297229181,28.4546,29.0305,423,24435,0.0913066,0.05,1,3890935,3890512,423
297232101,50.9818,48.8122,427,24522,0.0905227,0.01,1,3891001,3890574,427
297237941,25.1971,25.33,425,24694,0.0996836,0.15,1,3891069,3890644,425
297249621,51.9858,53.1364,424,25036,0.24884,0.09,1,3891347,3890923,424
297252541,27.9943,28.4546,424,25121,0.273536,0.09,1,3891359,3890935,424
297255461,51.9977,50.9818,426,25205,0.235414,0.13,1,3891427,3891001,426
297258381,60.3991,59.9927,426,25289,0.220166,0.09,1,3891493,3891067,426
297267141,74.0175,23.7115,511,25540,0.226011,0.21,1,3891662,3891151,511
297270061,77.007,58.6846,508,25623,0.228404,0.19,1,3891741,3891233,508
297272981,54.2028,70.2738,469,25706,0.217362,0.29,1,3891780,3891311,469
297275901,28.8811,49.7095,445,25788,0.212945,0.29,1,3891792,3891347,445
297278821,51.1525,27.0838,499,25870,0.223178,0.21,1,3891858,3891359,499
297281741,58.861,51.6335,495,25952,0.263271,0.21,1,3891922,3891427,495
297284661,24.7444,60.2534,431,26034,0.279308,0.17,1,3891924,3891493,431
297287581,60.8978,25.3014,514,26115,0.297723,0.19,1,3892009,3891495,514
297293421,77.7836,74.0082,512,26277,0.432836,0.23,1,3892174,3891662,512
297328461,50.4697,51.6102,448,27228,0.779798,0.59,2,3892738,3892290,448
297331381,63.9879,61.4441,453,27306,0.797919,0.63,2,3892811,3892358,453
297340141,80.1272,79.3644,454,27538,0.941227,0.69,2,3892991,3892537,454
297468621,53.0118,55.2017,499,30737,0.934,1,2,3895190,3894691,499
297471541,44.6047,32.8807,520,30806,0.9496,1,2,3895229,3894709,520
297509501,70.4102,74.3935,533,31687,0.425306,0.61,1,3895896,3895363,533
297541621,59.7891,70.4102,494,32414,0.756609,0.49,2,3896390,3895896,494
297544541,44.9156,58.7641,478,32479,0.764644,0.45,2,3896425,3895947,478
297547461,31.1663,42.7056,468,32544,0.779857,0.53,2,3896447,3895979,468
297550381,29.8665,30.8822,474,32609,0.797943,0.51,2,3896476,3896002,474
297722661,33.6826,39.301,492,36237,0.938973,1,2,3898973,3898481,492
297728501,35.2692,23.5682,513,36353,0.753836,1,2,3899045,3898532,513
297737261,49.3692,59.4444,485,36527,0.410405,1,1,3899172,3898687,485
297751861,28.5951,34.2663,472,36816,0.0496585,0.98,1,3899377,3898905,472
297754781,31.2381,34.7065,470,36873,0.0198634,0.91,1,3899410,3898940,470
297757701,30.4952,33.6826,467,36930,0.00794537,0.79,1,3899440,3898973,467
297760621,32.5981,35.673,464,36987,0.00917815,0.69,1,3899474,3899010,464
297763541,31.6392,35.2692,460,37044,0.0456713,0.71,1,3899505,3899045,460
297766461,27.6557,33.3077,453,37101,0.0962685,0.55,1,3899530,3899077,453
297769381,27.2623,34.9231,444,37158,0.0685074,0.55,1,3899557,3899113,444
297772301,39.7049,13.9692,492,37215,0.069403,0.27,1,3899605,3899113,492
297775221,64.482,40.9877,514,37272,0.0697612,0.05,1,3899686,3899172,514
297778141,49.1928,70.3951,463,37329,0.0579045,0.07,1,3899725,3899262,463
297781061,34.0771,50.958,449,37386,0.0291618,0.15,1,3899749,3899300,449
297783981,26.2308,34.1832,447,37443,0.0416647,0.09,1,3899770,3899323,447
297786901,27.8923,29.2733,450,37499,0.0466659,0.01,1,3899799,3899349,450
297789821,30.3569,28.5093,454,37555,0.0186664,0,1,3899831,3899377,454
297792741,30.1428,31.2037,451,37611,0.0254665,0,1,3899861,3899410,451
297795661,32.4571,30.4815,455,37667,0.0521866,0.01,1,3899895,3899440,455
297798581,32.1828,32.5926,453,37723,0.0508746,0.07,1,3899927,3899474,453
297801501,27.8731,31.637,447,37779,0.0263499,0.13,1,3899952,3899505,447
297804421,27.9493,27.6548,450,37835,0.0525399,0.05,1,3899980,3899530,450
297807341,39.3797,27.2619,470,37891,0.099016,0.07,1,3900027,3899557,470
297845301,65.9038,39.3797,510,38610,0.207396,0.13,1,3900537,3900027,510
297848221,27.5615,65.5519,429,38665,0.220959,0.15,1,3900539,3900110,429
297851141,33.8246,49.0208,429,38720,0.262383,0.17,1,3900577,3900148,429
297854061,27.3298,32.8083,430,38775,0.242953,0.15,1,3900600,3900170,430
297856981,24.1319,26.9233,429,38829,0.235181,0.19,1,3900622,3900193,429
297859901,27.6528,26.9693,432,38883,0.256073,0.17,1,3900652,3900220,432
297862821,29.6611,29.9877,431,38937,0.276429,0.19,1,3900683,3900252,431
297865741,29.8644,29.9951,431,38991,0.296572,0.17,1,3900713,3900282,431
297883261,67.6424,65.9038,433,39315,0.444579,0.23,1,3900970,3900537,433
297962101,29.8896,69.8614,454,40739,0.75084,0.67,2,3901868,3901414,454
297965021,35.9558,29.1446,492,40791,0.762336,0.63,2,3901908,3901416,492
297967941,27.5823,35.6578,474,40843,0.778934,0.63,2,3901930,3901456,474
297970861,24.2329,27.4631,474,40895,0.797574,0.63,2,3901952,3901478,474
297988381,28.7597,30.8448,480,41203,0.912907,0.67,2,3902142,3901662,480
297991301,33.1039,27.9379,490,41254,0.935163,0.67,2,3902178,3901688,490
297994221,45.6415,32.7752,508,41305,0.920065,0.69,2,3902232,3901724,508
298143141,163.897,170.337,506,19818,0.4228,1,1,3904019,3903513,506
298154821,68.7222,76.8502,488,20242,0.0917037,0.63,1,3904376,3903888,488
298157741,41.8889,63.1401,458,20347,0.0546815,0.47,1,3904400,3903942,458
298160661,49.7555,40.856,487,20451,0.0518726,0.25,1,3904455,3903968,487
298163581,68.5022,46.9424,517,20555,0.062749,0.05,1,3904536,3904019,517
298166501,121.001,73.377,582,20658,0.0910996,0.11,1,3904692,3904110,582
298175261,39.5921,65.7281,446,20965,0.0967904,0.03,1,3904822,3904376,446
298178181,17.0368,40.6912,424,21066,0.0927161,0.05,1,3904824,3904400,424
298186941,120.85,120.924,427,21367,0.0724138,0.11,1,3905119,3904692,427
298189861,80.1401,80.1697,427,21466,0.0829655,0.11,1,3905172,3904745,427
298192781,64.4561,64.4679,427,21565,0.0871862,0.09,1,3905226,3904799,427
298213221,64.1291,64.456,424,22244,0.253022,0.11,1,3905650,3905226,424
298216141,39.4516,38.9824,425,22339,0.263209,0.11,1,3905673,3905248,425
298219061,16.9807,16.793,425,22434,0.267283,0.13,1,3905675,3905250,425
298227821,118.807,56.9468,581,22717,0.412386,0.19,1,3905972,3905391,581
298265781,70.9212,43.5957,538,23901,0.753495,0.55,2,3906708,3906170,538
298268701,29.5685,70.8383,451,23990,0.763398,0.69,2,3906710,3906259,451
298294981,110.605,109.027,464,24773,0.910948,0.87,2,3907336,3906872,464
298388421,39.7774,42.3782,485,27377,0.931766,1,2,3909087,3908602,485
298397181,71.4978,70.9202,483,27608,0.773153,1,2,3909350,3908867,483
298403021,37.3596,37.8672,485,27761,0.758505,1,2,3909413,3908928,485
298405941,25.1439,30.1469,477,27837,0.789402,0.99,2,3909430,3908953,477
298408861,19.0575,22.8588,474,27913,0.765761,0.97,2,3909445,3908971,474
298411781,59.223,64.9435,467,27989,0.768304,0.9,2,3909531,3909064,467
298414701,37.4892,39.7774,467,28065,0.757322,0.87,2,3909554,3909087,467
298429301,37.3544,19.3596,489,28440,0.913064,0.79,2,3909872,3909383,489
298432221,23.9418,25.7439,474,28514,0.923226,0.81,2,3909887,3909413,474
298435141,18.5767,20.4975,472,28588,0.93929,0.75,2,3909902,3909430,472
298525661,32.1361,38.9104,480,30799,0.938464,1,2,3911451,3910971,480
298549021,30.3206,11.1006,520,31345,0.405045,1,1,3911870,3911350,520
298560701,59.3026,98.8282,499,31614,0.408817,0.67,1,3912094,3911595,499
298566541,48.1284,76.8925,482,31748,0.405011,0.53,1,3912204,3911722,482
298569461,32.4514,50.557,471,31815,0.408004,0.51,1,3912226,3911755,471
298572381,28.5805,34.6228,473,31881,0.409202,0.55,1,3912252,3911779,473
298575301,30.6322,31.2491,476,31947,0.421681,0.45,1,3912284,3911808,476
298578221,27.2529,32.2996,468,32013,0.414672,0.35,1,3912309,3911841,468
298581141,30.7012,30.3199,472,32079,0.423869,0.37,1,3912342,3911870,472
298584061,26.0805,30.7279,464,32145,0.439548,0.39,1,3912365,3911901,464
298622021,59.862,60.3329,447,32990,0.755872,0.55,2,3912983,3912536,447
298624941,70.1448,70.3331,447,33054,0.788349,0.51,2,3913060,3912613,447
298651221,90.3443,86.6549,458,33625,0.93966,0.79,2,3913399,3912941,458
298814741,35.1588,11.9499,552,36982,0.9244,1,2,3915720,3915168,552
298817661,59.6635,94.18,479,37039,0.79576,1,2,3915796,3915317,479
298835181,35.3184,35.1927,516,37381,0.081655,1,1,3916032,3915516,516
298838101,36.3273,33.2771,521,37438,0.032662,1,1,3916069,3915548,521
298841021,34.3309,35.5108,517,37494,0.0670648,1,1,3916102,3915585,517
298843941,26.3324,34.0043,505,37550,0.0568259,1,1,3916123,3915618,505
298846861,27.333,32.2017,502,37606,0.0407304,0.96,1,3916151,3915649,502
298849781,30.1332,33.8807,499,37662,0.0222921,0.89,1,3916183,3915684,499
298852701,51.6533,35.1523,529,37718,0.0269169,0.71,1,3916249,3915720,529
298855621,39.8613,59.6609,485,37774,0.0527667,0.63,1,3916281,3915796,485
298858541,39.3445,45.4644,488,37830,0.0391067,0.53,1,3916320,3915832,488
298861461,34.9378,45.1857,475,37886,0.0216427,0.41,1,3916352,3915877,475
298864381,36.7751,41.4743,474,37942,0.0386571,0.19,1,3916390,3915916,474
298867301,33.31,45.9897,456,37998,0.0694628,0.11,1,3916421,3915965,456
298870221,33.124,38.7959,455,38054,0.0277851,0.01,1,3916454,3915999,455
298873141,37.2496,35.3184,462,38110,0.0291141,0,1,3916494,3916032,462
298876061,34.6998,36.3273,458,38165,0.0536456,0.09,1,3916527,3916069,458
298878981,24.6799,34.3309,443,38220,0.0754583,0.05,1,3916545,3916102,443
298881901,26.672,26.3324,450,38275,0.0721833,0.03,1,3916573,3916123,450
298884821,29.8688,27.333,454,38330,0.0588733,0.01,1,3916605,3916151,454
298887741,50.9475,30.1332,487,38385,0.0415493,0.03,1,3916670,3916183,487
298890661,41.379,51.6533,456,38440,0.0226197,0.07,1,3916705,3916249,456
298893581,38.7516,39.8613,461,38495,0.0270479,0.03,1,3916742,3916281,461
298896501,34.1006,39.3445,453,38550,0.0408192,0.01,1,3916773,3916320,453
298899421,37.6403,34.9378,461,38605,0.0343277,0.05,1,3916813,3916352,461
298902341,16.2561,36.7751,425,38660,0.0317311,0.09,1,3916815,3916390,425
298905261,24.5024,33.31,424,38715,0.0546924,0,1,3916845,3916421,424
298908181,29.001,33.124,423,38770,0.021877,0.03,1,3916877,3916454,423
298911101,35.6004,37.2496,423,38824,0.0267508,0.07,1,3916917,3916494,423
298914021,36.4402,34.6998,427,38878,0.0407003,0.09,1,3916954,3916527,427
298916941,25.9761,24.6799,428,38932,0.0342801,0.07,1,3916973,3916545,428
298919861,25.3904,26.672,425,38986,0.067712,0.05,1,3916998,3916573,425
298922781,27.5562,29.8688,422,39040,0.0450848,0.03,1,3917027,3916605,422
298925701,50.6225,50.9475,423,39094,0.0480339,0.01,1,3917093,3916670,423
298928621,41.849,41.379,424,39148,0.0252136,0.03,1,3917129,3916705,424
298931541,39.5396,38.7516,425,39202,0.0160854,0.05,1,3917167,3916742,425
298934461,32.6158,34.1006,422,39256,0.0244342,0.03,1,3917195,3916773,422
298937381,37.6463,37.6403,423,39310,0.0517737,0.03,1,3917236,3916813,423
298940301,16.2585,16.2561,423,39364,0.0387095,0.07,1,3917238,3916815,423
298943221,25.7034,24.5024,425,39418,0.0574838,0,1,3917270,3916845,425
298946141,27.6814,29.001,422,39472,0.0769935,0.03,1,3917299,3916877,422
298949061,35.6725,35.6004,423,39526,0.0487974,0.05,1,3917340,3916917,423
298951981,37.069,36.4402,424,39579,0.019519,0.03,1,3917378,3916954,424
298954901,26.2276,25.9761,424,39632,0.0378076,0.09,1,3917397,3916973,424
298957821,25.491,25.3904,424,39685,0.057123,0.03,1,3917422,3916998,424
298960741,26.3964,27.5562,422,39738,0.0528492,0.05,1,3917449,3917027,422
298963661,50.1586,50.6225,422,39791,0.0511397,0.01,1,3917515,3917093,422
298966581,41.6634,41.849,422,39844,0.0264559,0.01,1,3917551,3917129,422
298969501,39.4654,39.5396,422,39897,0.0285823,0.03,1,3917589,3917167,422
298972421,32.5861,32.6158,422,39950,0.0534329,0.07,1,3917617,3917195,422
298975341,37.6345,37.6463,422,40003,0.0513732,0.03,1,3917658,3917236,422
298978261,16.2538,16.2585,422,40056,0.0505493,0.07,1,3917660,3917238,422
298981181,26.3015,25.7034,423,40109,0.0262197,0.07,1,3917693,3917270,423
298984101,28.5206,10.2814,453,40162,0.0404879,0.09,1,3917723,3917270,453
298987021,34.8082,21.5125,463,40215,0.0341952,0.03,1,3917762,3917299,463
298989941,36.7233,33.205,460,40268,0.0136781,0,1,3917800,3917340,460
298992861,25.4893,36.082,440,40320,0.0354712,0.05,1,3917818,3917378,440
298995781,25.7957,25.8328,447,40372,0.0441885,0.07,1,3917844,3917397,447
298998701,26.5183,25.3331,449,40424,0.0836754,0.05,1,3917871,3917422,449
299001621,49.6073,26.3332,487,40476,0.0874702,0.05,1,3917936,3917449,487
299004541,42.0429,50.1333,458,40528,0.0649881,0.01,1,3917973,3917515,458
299007461,39.6172,41.6533,460,40580,0.0439952,0.03,1,3918011,3917551,460
299010381,32.6469,39.4613,450,40632,0.0475981,0.07,1,3918039,3917589,450
299013301,37.0587,32.5845,462,40684,0.0370392,0.05,1,3918079,3917617,462
299016221,16.0235,37.6338,423,40736,0.0328157,0.05,1,3918081,3917658,423
299019141,26.2094,16.2535,454,40788,0.0311263,0.01,1,3918114,3917660,454
299022061,29.6838,26.3014,453,40840,0.0304505,0.05,1,3918146,3917693,453
299024981,34.6735,28.5206,461,40892,0.0421802,0.03,1,3918184,3917723,461
299027901,36.0694,34.8082,459,40944,0.0708721,0,1,3918221,3917762,459
299030821,26.4278,36.7233,441,40996,0.0583488,0.05,1,3918241,3917800,441
299033741,26.7711,25.4893,450,41047,0.0773395,0.05,1,3918268,3917818,450
299036661,26.9084,25.7957,451,41098,0.0969358,0.11,1,3918295,3917844,451
299042501,42.4654,49.6073,461,41200,0.0599097,0.05,1,3918397,3917936,461
299045421,38.5861,42.0429,460,41251,0.0779639,0.03,1,3918433,3917973,460
299048341,32.8345,39.6172,451,41302,0.0851856,0.05,1,3918462,3918011,451
299051261,36.5338,32.6469,462,41353,0.0760742,0.03,1,3918501,3918039,462
299054181,15.8135,37.0587,424,41404,0.0724297,0.03,1,3918503,3918079,424
299057101,26.1254,16.0235,455,41455,0.0709719,0.03,1,3918536,3918081,455
299060021,29.6502,26.2094,454,41506,0.0463887,0.03,1,3918568,3918114,454
299062941,13.0601,29.6838,424,41557,0.0365555,0.05,1,3918570,3918146,424
299065861,28.624,34.6735,425,41608,0.0566222,0.09,1,3918609,3918184,425
299095061,15.5801,15.8135,425,42112,0.213574,0.07,1,3918928,3918503,425
299097981,26.032,26.1254,425,42162,0.24743,0.03,1,3918961,3918536,425
299100901,28.4128,29.6502,423,42212,0.260972,0.03,1,3918991,3918568,423
299103821,12.5651,13.0601,423,42262,0.266389,0.07,1,3918993,3918570,423
299106741,29.026,28.624,424,42312,0.268555,0.13,1,3919033,3918609,424
299109661,35.6104,34.2496,426,42362,0.281422,0.11,1,3919073,3918647,426
299130101,32.9301,32.8755,431,42711,0.437005,0.19,1,3919319,3918888,431
299133021,35.972,35.9502,431,42760,0.444802,0.23,1,3919357,3918926,431
299220621,29.466,16.0319,490,44216,0.750292,0.61,2,3920292,3919802,490
299223541,29.7864,28.6128,483,44264,0.774117,0.63,2,3920322,3919839,483
299226461,13.1146,30.0451,454,44312,0.783647,0.63,2,3920324,3919870,454
299249821,43.0747,41.9776,459,44691,0.901778,0.73,2,3920598,3920139,459
299252741,41.2299,41.391,458,44738,0.918711,0.71,2,3920638,3920180,458
299255661,34.492,35.1564,457,44785,0.937484,0.75,2,3920668,3920211,457
299407501,30.3806,30.1434,513,47172,0.909078,1,2,3922286,3921773,513
299425021,33.0578,42.1048,490,47441,0.76726,1,2,3922463,3921973,490
299509701,26.2766,25.776,448,48711,0.759778,0.55,2,3923300,3922852,448
299512621,20.1106,21.7104,445,48754,0.765911,0.51,2,3923316,3922871,445
299515541,16.4443,15.8842,447,48797,0.768364,0.57,2,3923330,3922883,447
299535981,27.2974,23.9086,483,49098,0.79654,0.73,2,3923565,3923082,483
299538901,30.7189,26.3635,488,49141,0.792616,0.75,2,3923598,3923110,488
299579781,25.0357,33.3585,480,49740,0.905354,0.81,2,3923997,3923517,480
299582701,27.4143,24.7434,490,49782,0.944141,0.79,2,3924026,3923536,490
299787101,169.379,169.581,503,24178,0.421647,0.89,1,3926061,3925558,503
299804621,38.2267,60.6572,441,24699,0.409176,0.29,1,3926399,3925958,441
299807541,32.0907,36.8629,448,24785,0.43367,0.29,1,3926427,3925979,448
299842581,57.31,56.7371,505,25792,0.766949,0.61,2,3927129,3926624,505
299860101,68.3917,55.8389,532,26281,0.917313,0.71,2,3927474,3926942,532
299863021,62.7567,67.9355,515,26362,0.912925,0.75,2,3927533,3927018,515
299865941,58.7027,60.7742,515,26442,0.93517,0.79,2,3927589,3927074,515
299985661,56.0755,41.4903,543,29547,0.208976,1,1,3929772,3929229,543
299991501,36.3321,43.2384,506,29690,0.0550362,1,1,3929838,3929332,506
299994421,43.9328,38.8954,519,29761,0.0520145,0.97,1,3929887,3929368,519
299997341,60.7731,44.9582,542,29832,0.0388058,0.81,1,3929959,3929417,542
300000261,25.5093,67.7833,461,29903,0.0455223,0.61,1,3929961,3929500,461
300003181,52.2037,74.5133,452,29974,0.0482089,0.57,1,3930031,3929579,452
300006101,48.4815,59.8053,448,30045,0.0192836,0.47,1,3930077,3929629,448
300009021,35.5926,43.7221,442,30115,0.0857134,0.29,1,3930104,3929662,442
300014861,49.9748,56.0755,431,30255,0.0869142,0.09,1,3930203,3929772,431
300026541,60.6122,60.7731,423,30534,0.088001,0.05,1,3930382,3929959,423
300029461,25.4449,25.5093,423,30603,0.0412004,0.05,1,3930384,3929961,423
300032381,51.5779,52.2037,422,30672,0.0344802,0,1,3930453,3930031,422
300035301,48.8312,48.4815,423,30741,0.0557921,0.13,1,3930500,3930077,423
300038221,37.5325,35.5926,426,30810,0.0763168,0.13,1,3930530,3930104,426
300041141,40.213,39.437,426,30879,0.0725267,0.07,1,3930572,3930146,426
300061581,50.2209,10.1779,491,31356,0.0788292,0.03,1,3930875,3930384,491
300064501,48.8883,45.4712,470,31423,0.0615317,0.07,1,3930923,3930453,470
300067421,38.1553,46.3885,454,31490,0.0426127,0.09,1,3930954,3930500,454
300070341,40.4621,36.5554,466,31557,0.0590451,0.07,1,3930996,3930530,466
300073261,50.9849,39.8222,482,31624,0.053618,0.15,1,3931054,3930572,482
300076181,40.1939,49.5289,459,31691,0.0754472,0.19,1,3931087,3930628,459
300090781,49.2545,25.0505,490,32023,0.222369,0.05,1,3931298,3930808,490
300093701,48.5018,50.2202,471,32089,0.238948,0.05,1,3931346,3930875,471
300096621,38.6007,48.8881,455,32155,0.269579,0.03,1,3931378,3930923,455
300114141,60.155,41.351,500,32548,0.437138,0.19,1,3931662,3931162,500
300166701,51.7633,51.2972,447,33698,0.752568,0.59,2,3932366,3931919,447
300169621,42.9053,41.5189,449,33761,0.787027,0.57,2,3932403,3931954,449
300190061,20.9845,20.9264,453,34197,0.904613,0.71,2,3932680,3932227,453
300192981,29.9938,28.7705,455,34259,0.907845,0.71,2,3932716,3932261,455
300210501,64.7533,43.4081,542,34627,0.913067,0.89,2,3933023,3932481,542
300213421,27.1013,64.7632,465,34688,0.923227,0.89,2,3933025,3932560,465
300350661,46.3954,69.8536,505,37446,0.418882,1,1,3934962,3934457,505
300353581,53.3582,45.3415,534,37502,0.281553,1,1,3935020,3934486,534
300359421,39.2573,41.9346,510,37614,0.0894484,1,1,3935085,3934575,510
300362341,40.3029,41.3739,510,37670,0.0417794,1,1,3935126,3934616,510
300365261,32.9212,35.1495,507,37726,0.0227117,1,1,3935154,3934647,507
300368181,31.1685,35.0598,502,37782,0.0510847,0.99,1,3935184,3934682,502
300371101,29.2674,33.2239,498,37838,0.0624339,0.96,1,3935212,3934714,498
300374021,23.107,29.4896,490,37894,0.0429736,0.95,1,3935231,3934741,490
300376941,27.8428,26.1958,497,37950,0.0231894,0.75,1,3935262,3934765,497
300379861,30.3371,32.6783,492,38006,0.0632758,0.67,1,3935294,3934802,492
300385701,40.3739,67.9885,473,38118,0.0953241,0.33,1,3935403,3934930,473
300391541,30.5798,53.3582,449,38228,0.0956519,0.11,1,3935469,3935020,449
300397381,38.9728,39.2573,463,38338,0.0597043,0.01,1,3935548,3935085,463
300400301,33.5891,40.3029,452,38393,0.0538817,0.01,1,3935578,3935126,452
300403221,31.4356,32.9212,454,38448,0.0515527,0.07,1,3935608,3935154,454
300406141,29.3743,31.1685,452,38503,0.0386211,0.07,1,3935636,3935184,452
300409061,22.5497,29.2674,442,38558,0.0334484,0.03,1,3935654,3935212,442
300411981,27.0199,23.107,453,38613,0.0673794,0.01,1,3935684,3935231,453
300414901,12.008,27.8428,424,38668,0.0569517,0.09,1,3935686,3935262,424
300417821,24.6032,30.3371,425,38723,0.0647807,0.13,1,3935719,3935294,425
300461621,39.6641,39.3365,428,39533,0.213383,0.19,1,3936257,3935829,428
300464541,42.8656,42.1346,429,39586,0.283353,0.15,1,3936302,3935873,429
300517101,29.8348,33.9053,464,40534,0.425541,0.33,1,3936896,3936432,464
300520021,26.9339,29.1621,463,40586,0.428216,0.39,1,3936921,3936458,463
300522941,22.7736,26.6649,458,40638,0.429287,0.39,1,3936941,3936483,458
300525861,28.3094,22.6659,470,40690,0.429715,0.35,1,3936973,3936503,470
300528781,12.5238,28.2664,440,40742,0.429886,0.39,1,3936975,3936535,440
300531701,26.6095,12.5066,474,40794,0.441954,0.31,1,3937011,3936537,474
300584261,29.2708,31.43,449,41716,0.757878,0.59,2,3937648,3937199,449
300619301,26.925,26.9428,455,42318,0.901922,0.77,2,3938032,3937577,455
300622221,43.17,40.1771,460,42368,0.942769,0.77,2,3938086,3937626,460
300841221,336.493,348.329,499,18980,0.442,0.03,1,3940713,3940214,499
300863121,358.997,410.532,421,20440,0.2068,0.03,1,3941087,3940666,421
300866041,163.399,174.413,437,21270,0.08272,0.07,1,3941120,3940683,437
300868961,74.3596,87.7651,422,21370,0.099088,0.03,1,3941135,3940713,422
300871881,71.7438,60.906,449,21469,0.0576352,0.03,1,3941205,3940756,449
300874801,60.4975,67.5624,430,21568,0.0410541,0.05,1,3941258,3940828,430
300877721,79.999,59.425,469,21666,0.0824216,0.01,1,3941351,3940882,469
300880641,73.3996,73.57,455,21764,0.0749687,0.05,1,3941420,3940965,455
300883561,82.7598,64.228,486,21861,0.0299875,0,1,3941509,3941023,486
300886481,54.1039,83.8912,424,21958,0.017995,0.11,1,3941544,3941120,424
300889401,31.8416,42.5565,426,22055,0.025198,0.03,1,3941561,3941135,426
300892321,54.1366,59.0226,425,22151,0.0280792,0.03,1,3941630,3941205,425
300895241,51.6547,55.409,422,22247,0.0292317,0.11,1,3941680,3941258,422
300898161,78.2619,77.9636,425,22342,0.0416927,0.07,1,3941776,3941351,425
300901081,72.7047,72.5854,425,22437,0.0166771,0,1,3941845,3941420,425
300904001,81.8819,82.4342,424,22532,0.0366708,0,1,3941933,3941509,424
300906921,51.9528,32.9737,456,22626,0.0326683,0.01,1,3941965,3941509,456
300909841,30.9811,34.1895,438,22720,0.0310673,0.03,1,3941982,3941544,438
300912761,54.3924,23.8758,491,22813,0.0664269,0.03,1,3942052,3941561,491
300915681,51.157,50.9503,471,22906,0.0925708,0.03,1,3942101,3941630,471
300921521,72.6251,77.7521,490,23091,0.0832113,0,1,3942266,3941776,490
300924441,81.85,72.5008,509,23183,0.0392845,0.05,1,3942354,3941845,509
300927361,53.14,81.8003,455,23274,0.0697138,0.03,1,3942388,3941933,455
300930281,31.456,51.9201,440,23365,0.0578855,0.03,1,3942405,3941965,440
300933201,55.7824,30.9681,495,23456,0.0651542,0.09,1,3942477,3941982,495
300936121,51.113,54.3872,473,23546,0.0800617,0.11,1,3942525,3942052,473
300947801,53.1437,81.8499,457,23904,0.0848496,0.09,1,3942811,3942354,457
300950721,22.4575,53.14,425,23993,0.0759398,0.05,1,3942813,3942388,425
300953641,18.583,31.456,424,24081,0.0963759,0.07,1,3942829,3942405,424
300956561,51.2332,55.7824,425,24169,0.0925504,0.09,1,3942902,3942477,425
300979921,51.7587,51.2332,426,24862,0.228058,0.15,1,3943328,3942902,426
300982841,52.5035,49.8933,430,24947,0.289223,0.21,1,3943381,3942951,430
300991601,78.5762,77.4492,431,25201,0.40275,0.17,1,3943632,3943201,431
301003281,54.1492,7.3587,508,25536,0.426326,0.25,1,3943762,3943254,508
301006201,54.0597,47.3435,488,25619,0.440531,0.33,1,3943816,3943328,488
301058761,77.0907,87.7009,460,27068,0.908702,0.85,2,3944829,3944369,460
301163881,76.7251,32.6257,579,29753,0.9448,1,2,3946716,3946137,579
301166801,72.69,73.6503,548,29824,0.75592,1,2,3946786,3946238,548
301184321,35.7461,38.5798,490,30247,0.0735046,1,1,3947031,3946541,490
301187241,34.6984,40.0319,483,30317,0.0354018,0.97,1,3947065,3946582,483
301190161,31.2794,32.8128,484,30387,0.0321607,0.92,1,3947094,3946610,484
301193081,68.9118,76.7251,472,30457,0.0668643,0.63,1,3947188,3946716,472
301196001,59.3647,72.69,455,30526,0.0687457,0.63,1,3947241,3946786,455
301198921,38.7459,47.676,449,30595,0.0574983,0.41,1,3947266,3946817,449
301219361,30.2693,31.2794,422,31076,0.0719379,0.09,1,3947516,3947094,422
301222281,68.5077,68.9118,422,31144,0.0587752,0.07,1,3947610,3947188,422
301225201,60.4031,59.3647,424,31212,0.0415101,0.05,1,3947665,3947241,424
301228121,37.9612,38.7459,422,31280,0.070604,0.05,1,3947688,3947266,422
301231041,50.5845,15.4984,481,31348,0.0582416,0.17,1,3947747,3947266,481
301233961,38.2338,39.1993,456,31415,0.0652966,0.13,1,3947777,3947321,456
301236881,39.2935,33.0797,467,31482,0.0681187,0.17,1,3947817,3947350,467
301239801,36.1174,36.0319,463,31549,0.0932475,0.19,1,3947851,3947388,463
301248561,28.2075,33.578,449,31750,0.0969278,0.03,1,3947937,3947488,449
301251481,67.683,30.2312,515,31817,0.0687711,0.05,1,3948031,3947516,515
301254401,60.6732,68.4925,477,31883,0.0695085,0.03,1,3948087,3947610,477
301257321,37.4693,60.397,444,31949,0.0698034,0.09,1,3948109,3947665,444
301260241,52.1877,37.9588,483,32015,0.0579214,0.05,1,3948171,3947688,483
301263161,38.8751,50.5835,454,32081,0.0651685,0.07,1,3948201,3947747,454
301312801,65.3369,67.6424,427,33184,0.210015,0.15,1,3948882,3948455,427
301315721,60.9348,60.657,429,33248,0.234006,0.15,1,3948940,3948511,429
301318641,38.1739,37.4628,430,33312,0.243602,0.13,1,3948963,3948533,430
301321561,51.2696,52.1851,428,33375,0.283441,0.13,1,3949023,3948595,428
301333241,33.8565,33.1599,431,33627,0.405896,0.13,1,3949134,3948703,431
301336161,32.7426,34.264,428,33690,0.444358,0.15,1,3949166,3948738,428
301339081,31.097,31.1056,429,33753,0.447743,0.15,1,3949196,3948767,429
301403321,31.4084,33.7739,481,35106,0.759301,0.61,2,3950090,3949609,481
301406241,28.1634,31.5095,477,35166,0.765721,0.61,2,3950116,3949639,477
301409161,70.6653,28.2038,550,35226,0.780288,0.67,2,3950215,3949665,550
301420841,41.337,53.9684,486,35466,0.922615,0.67,2,3950395,3949909,486
301423761,17.7348,40.7874,456,35526,0.939046,0.67,2,3950397,3949941,456
301426681,38.2939,17.5149,506,35586,0.945619,0.71,2,3950449,3949943,506
301598961,39.8289,41.2779,481,38934,0.943886,1,2,3952753,3952272,481
301601881,41.1316,38.7112,486,38988,0.929555,1,2,3952795,3952309,486
301604801,31.4526,35.2845,478,39042,0.929822,1,2,3952820,3952342,478
301607721,33.581,32.1138,483,39096,0.905929,0.99,2,3952855,3952372,483
301610641,26.6324,30.2455,476,39150,0.920371,1,2,3952877,3952401,476
301616481,26.8212,24.8793,479,39258,0.942859,1,2,3952932,3952453,479
301756641,44.4394,39.6062,494,41763,0.938464,1,2,3954710,3954216,494
301759561,39.9758,33.8425,501,41814,0.921386,1,2,3954747,3954246,501
301765401,31.5961,32.0548,498,41914,0.779822,1,2,3954807,3954309,498
301768321,32.4384,33.2219,497,41964,0.761929,1,2,3954840,3954343,497
301782921,37.1328,36.8471,497,42214,0.258429,1,1,3955008,3954511,497
301785841,29.2531,31.5388,493,42264,0.265372,0.96,1,3955032,3954539,493
301788761,28.5012,30.6155,491,42314,0.208149,1,1,3955060,3954569,491
301800441,35.9328,39.9758,467,42514,0.0828486,0.76,1,3955214,3954747,467
301803361,28.7731,33.9903,461,42564,0.0631394,0.75,1,3955238,3954777,461
301806281,27.1093,31.5961,457,42614,0.0312558,0.75,1,3955264,3954807,457
301809201,28.8437,32.4384,454,42664,0.0425023,0.67,1,3955294,3954840,454
301812121,30.1375,33.3754,451,42713,0.0470009,0.49,1,3955325,3954874,451
301815041,24.655,28.9502,446,42762,0.0368004,0.37,1,3955346,3954900,446
301817961,24.262,29.5801,440,42811,0.0567201,0.25,1,3955370,3954930,440
301820881,28.3048,35.832,431,42860,0.0526881,0.21,1,3955401,3954970,431
301823801,32.9219,37.1328,429,42909,0.0750752,0.27,1,3955437,3955008,429
301826721,28.7688,29.2531,431,42958,0.0840301,0.17,1,3955463,3955032,431
301829641,25.3075,28.5012,426,43007,0.075612,0.17,1,3955486,3955060,426
301832561,35.923,11.4005,469,43056,0.0962448,0.05,1,3955529,3955060,469
301835481,34.1692,33.3602,454,43105,0.0564979,0.15,1,3955562,3955108,454
301838401,38.2677,31.3441,465,43154,0.0525992,0.13,1,3955603,3955138,465
301841321,34.5071,37.7376,455,43203,0.0750397,0.05,1,3955635,3955180,455
301844241,28.2028,35.4951,445,43252,0.0840159,0.05,1,3955659,3955214,445
301847161,26.8811,28.598,447,43301,0.0876063,0.01,1,3955685,3955238,447
301850081,29.3525,27.0392,452,43350,0.0530425,0.05,1,3955716,3955264,452
301853001,30.941,28.8157,454,43399,0.087217,0.05,1,3955748,3955294,454
301855921,24.9764,30.1263,444,43448,0.0648868,0.03,1,3955769,3955325,444
301858841,23.7906,24.6505,446,43497,0.0679547,0.07,1,3955792,3955346,446
301861761,28.7162,24.2602,454,43546,0.0691819,0.05,1,3955824,3955370,454
301864681,34.2865,28.3041,461,43594,0.0456728,0.09,1,3955862,3955401,461
301867601,29.3146,32.9216,451,43642,0.0362691,0.09,1,3955888,3955437,451
301870521,25.5258,28.7687,448,43690,0.0205076,0.07,1,3955911,3955463,448
301873441,34.2103,25.3075,465,43738,0.0382031,0.11,1,3955951,3955486,465
301876361,33.4841,35.923,455,43786,0.0572812,0.03,1,3955984,3955529,455
301893881,32.0126,29.3525,456,44074,0.227008,0.11,1,3956172,3955716,456
301896801,24.805,30.941,444,44122,0.240803,0.05,1,3956192,3955748,444
301899721,24.322,24.9764,447,44170,0.258321,0.07,1,3956216,3955769,447
301902641,28.9288,23.7906,456,44218,0.277329,0.07,1,3956248,3955792,456
301905561,33.1715,28.7162,460,44266,0.284931,0.03,1,3956284,3955824,460
301908481,28.8686,34.2865,448,44314,0.287973,0.03,1,3956310,3955862,448
301937681,33.6495,32.0126,434,44786,0.40256,0.25,1,3956606,3956172,434
301940601,25.4598,24.805,434,44833,0.407024,0.27,1,3956626,3956192,434
301952281,29.0198,28.8686,436,45021,0.429316,0.31,1,3956746,3956310,436
301955201,26.0079,25.9474,436,45068,0.441726,0.31,1,3956770,3956334,436
302001921,38.5285,37.4032,445,45811,0.761768,0.49,2,3957260,3956815,445
302004841,35.2114,34.1613,446,45857,0.778707,0.53,2,3957293,3956847,446
302013601,34.7255,13.4183,482,45995,0.792637,0.53,2,3957377,3956895,482
302016521,30.6902,25.7673,476,46041,0.755055,0.61,2,3957405,3956929,476
302025281,36.0682,27.8091,492,46179,0.760404,0.67,2,3957500,3957008,492
302028201,27.0273,33.9236,475,46225,0.754161,0.67,2,3957521,3957046,475
302031121,27.0109,25.5695,482,46271,0.775665,0.71,2,3957548,3957066,482
302034041,30.6044,25.8278,489,46317,0.772266,0.75,2,3957581,3957092,489
302036961,34.4417,30.1311,493,46363,0.758906,0.71,2,3957618,3957125,493
302039881,29.9767,34.2524,483,46408,0.765563,0.77,2,3957645,3957162,483
302042801,28.7907,29.301,485,46453,0.756225,0.75,2,3957673,3957188,485
302045721,39.1163,27.3204,505,46498,0.76449,0.77,2,3957719,3957214,505
302048641,36.6465,38.5282,494,46543,0.755796,0.79,2,3957754,3957260,494
302051561,15.8586,35.2113,463,46588,0.752318,0.85,2,3957756,3957293,463
302054481,33.9434,15.2845,507,46633,0.762927,0.83,2,3957802,3957295,507
302057401,33.9774,34.3138,494,46678,0.767171,0.77,2,3957836,3957342,494
302060321,29.191,34.7255,485,46723,0.792868,0.73,2,3957862,3957377,485
302077841,30.148,27.0109,492,46993,0.940229,0.77,2,3958040,3957548,492
302263261,186.057,188.963,508,22724,0.2452,1,1,3960023,3959515,508
302269101,84.609,87.8341,498,22910,0.041632,0.89,1,3960151,3959653,498
302272021,85.4436,90.3336,492,23003,0.0346528,0.75,1,3960237,3959745,492
302274941,67.1774,69.7334,491,23095,0.0318611,0.49,1,3960292,3959801,491
302277861,58.671,84.8934,449,23187,0.0427444,0.41,1,3960345,3959896,449
302280781,28.2684,44.1574,440,23278,0.0470978,0.23,1,3960353,3959913,440
302283701,65.9074,30.8629,509,23369,0.0368391,0.05,1,3960444,3959935,509
302286621,62.9629,65.1452,482,23460,0.0327356,0.01,1,3960505,3960023,482
302289541,65.9852,62.6581,489,23550,0.0310943,0,1,3960573,3960084,489
302292461,77.3941,65.2632,507,23640,0.0424377,0.03,1,3960658,3960151,507
302295381,64.5576,77.7053,477,23730,0.0349751,0.03,1,3960714,3960237,477
302298301,58.2231,64.0821,476,23819,0.05599,0.05,1,3960768,3960292,476
302301221,26.8892,57.4328,429,23908,0.064396,0.05,1,3960774,3960345,429
302304141,11.9557,27.7731,423,23997,0.0677584,0.03,1,3960776,3960353,423
302307061,58.7823,65.7093,422,24085,0.0451034,0.03,1,3960866,3960444,422
302309981,60.1129,62.8837,422,24173,0.0480413,0.03,1,3960927,3960505,422
302312901,64.8452,65.9535,422,24261,0.0372165,0.05,1,3960995,3960573,422
302315821,76.9381,77.3814,422,24348,0.0688866,0.03,1,3961080,3960658,422
302318741,64.9752,64.5526,423,24435,0.0335546,0.07,1,3961137,3960714,423
302321661,59.5901,58.221,425,24522,0.0554219,0.07,1,3961193,3960768,425
302324581,27.436,26.8884,425,24608,0.0401687,0.07,1,3961199,3960774,425
302327501,12.1744,11.9554,425,24694,0.0580675,0.03,1,3961201,3960776,425
302330421,57.0698,58.7821,422,24780,0.041227,0.05,1,3961288,3960866,422
302333341,59.4279,60.1129,422,24866,0.0344908,0.03,1,3961349,3960927,422
302336261,64.5712,64.8451,422,24951,0.0317963,0.09,1,3961417,3960995,422
302339181,77.4285,76.9381,423,25036,0.0307185,0.01,1,3961503,3961080,423
302342101,64.5714,64.9752,422,25121,0.0182874,0.07,1,3961559,3961137,422
302345021,60.0286,59.5901,423,25205,0.013315,0.03,1,3961616,3961193,423
302347941,27.6114,27.436,423,25289,0.035326,0.07,1,3961622,3961199,423
302350861,12.2446,12.1744,423,25373,0.0441304,0.03,1,3961624,3961201,423
302353781,56.4978,57.0698,422,25457,0.0836522,0.03,1,3961710,3961288,422
302356701,59.1991,22.8279,483,25540,0.0634609,0.03,1,3961771,3961288,483
302359621,63.8797,45.7312,489,25623,0.0433843,0.03,1,3961838,3961349,489
302362541,77.1519,59.0925,507,25706,0.0473537,0.03,1,3961924,3961417,507
302365461,64.4607,75.237,477,25788,0.0489415,0.01,1,3961980,3961503,477
302368381,59.9843,63.6948,478,25870,0.0615766,0.01,1,3962037,3961559,478
302371301,27.5937,59.6779,427,25952,0.0666306,0.05,1,3962043,3961616,427
302374221,12.2375,27.4712,423,26034,0.0686523,0.05,1,3962045,3961622,423
302377141,57.095,12.1885,508,26115,0.0934609,0.11,1,3962132,3961624,508
302380061,60.638,56.4754,485,26196,0.0553844,0.05,1,3962195,3961710,485
302382981,63.2552,59.1902,489,26277,0.0281537,0.03,1,3962260,3961771,489
302385901,76.3021,63.8761,507,26358,0.0292615,0.05,1,3962345,3961838,507
302388821,65.3208,77.1504,479,26438,0.0417046,0.05,1,3962403,3961924,479
302391741,60.9283,64.4602,481,26518,0.0826818,0.07,1,3962461,3961980,481
302394661,27.9713,59.9841,430,26598,0.0990727,0.07,1,3962467,3962037,430
302412181,60.3525,76.3021,423,27072,0.0793312,0.05,1,3962768,3962345,423
302415101,59.541,65.3208,424,27150,0.0377325,0.11,1,3962827,3962403,424
302418021,60.4164,60.9283,427,27228,0.057093,0.11,1,3962888,3962461,427
302420941,27.7666,27.9713,427,27306,0.0408372,0.11,1,3962894,3962467,427
302423861,12.3066,12.3885,427,27384,0.0583349,0.11,1,3962896,3962469,427
302426781,60.1226,58.9554,429,27461,0.041334,0.15,1,3962988,3962559,429
302429701,58.8491,58.3822,429,27538,0.0705336,0.15,1,3963046,3962617,429
302432621,62.5396,62.9529,428,27615,0.0702134,0.11,1,3963111,3962683,428
302435541,26.2158,26.3811,428,27692,0.0700854,0.05,1,3963113,3962685,428
302441381,57.3545,59.541,422,27844,0.0844137,0.07,1,3963249,3962827,422
302444301,60.1418,60.4164,423,27920,0.0637655,0.03,1,3963311,3962888,423
302447221,27.6567,27.7666,423,27996,0.0795062,0.07,1,3963317,3962894,423
302450141,12.2627,12.3066,423,28072,0.0858025,0.03,1,3963319,3962896,423
302453061,60.7051,60.1226,424,28147,0.088321,0.09,1,3963412,3962988,424
302467661,56.0789,51.5945,481,28521,0.213842,0.07,1,3963673,3963192,481
302470581,59.0316,54.8378,485,28595,0.259537,0.05,1,3963734,3963249,485
302473501,27.2126,59.1351,429,28669,0.277815,0.09,1,3963740,3963311,429
302476421,12.085,27.254,425,28743,0.285126,0.09,1,3963742,3963317,425
302496861,61.4854,56.0782,496,29255,0.413505,0.29,1,3964169,3963673,496
302499781,28.1941,59.0313,441,29327,0.435402,0.29,1,3964175,3963734,441
302502701,12.4777,27.2125,437,29399,0.444161,0.29,1,3964177,3963740,437
302531901,10.6473,12.4777,444,30111,0.753303,0.49,2,3964621,3964177,444
302534821,62.4589,61.9911,446,30181,0.763321,0.53,2,3964718,3964272,446
302537741,61.5836,61.3964,446,30251,0.779328,0.57,2,3964779,3964333,446
302546501,63.0293,60.8334,453,30461,0.799877,0.67,2,3964940,3964487,453
302569861,70.1163,68.4334,462,31012,0.914814,0.81,2,3965314,3964852,462
302572781,29.2465,28.5734,462,31080,0.935925,0.79,2,3965316,3964854,462
302581541,26.3518,25.9247,463,31284,0.943819,0.83,2,3965466,3965003,463
302698341,56.242,57.5554,492,33883,0.936855,1,2,3967318,3966826,492
302704181,38.6387,42.5689,484,34007,0.787097,1,2,3967401,3966917,484
302715861,35.218,29.7602,493,34255,0.24503,1,1,3967551,3967058,493
302718781,33.2872,11.9041,525,34317,0.0980119,1,1,3967583,3967058,525
302721701,31.3149,27.5616,517,34379,0.0392047,0.95,1,3967613,3967096,517
302724621,59.326,34.4247,556,34441,0.0156819,1,1,3967691,3967135,556
302727541,44.7304,65.3699,505,34502,0.0122728,0.97,1,3967726,3967221,505
302730461,51.4922,47.1479,526,34563,0.0109091,0.91,1,3967782,3967256,526
302733381,52.3969,56.0592,517,34624,0.0583636,0.83,1,3967835,3967318,517
302736301,31.1587,56.0237,478,34685,0.0893455,0.73,1,3967852,3967374,478
302745061,27.6982,37.8575,466,34868,0.0726781,0.31,1,3967948,3967482,466
302750901,28.1917,35.2172,454,34990,0.0968285,0,1,3968005,3967551,454
302753821,28.6767,33.2869,451,35050,0.0387314,0,1,3968034,3967583,451
302756741,60.0707,31.3148,502,35110,0.0154926,0,1,3968115,3967613,502
302759661,43.8283,59.3259,457,35170,0.012197,0.01,1,3968148,3967691,457
302762581,51.1313,44.7304,478,35230,0.0348788,0.01,1,3968204,3967726,478
302765501,54.0525,51.4921,478,35290,0.0679515,0.09,1,3968260,3967782,478
302780101,30.2837,27.6982,456,35589,0.211061,0.13,1,3968404,3967948,456
302783021,27.7135,28.4793,453,35648,0.234424,0.09,1,3968430,3967977,453
302785941,12.2854,28.1917,427,35707,0.25577,0,1,3968432,3968005,427
302788861,19.3142,28.6767,422,35766,0.252308,0,1,3968456,3968034,422
302794701,42.8103,43.8283,424,35884,0.0583693,0.05,1,3968572,3968148,424
302797621,50.7241,51.1313,424,35943,0.0293477,0.09,1,3968628,3968204,424
302800541,56.2896,54.0525,428,36002,0.0177391,0.13,1,3968688,3968260,428
302803461,31.5159,30.021,429,36061,0.0250956,0.17,1,3968703,3968274,429
302806381,42.0063,40.8084,430,36120,0.0280383,0.19,1,3968752,3968322,430
302809301,33.6025,32.5234,431,36179,0.0772153,0.19,1,3968780,3968349,431
302812221,26.641,26.2093,431,36237,0.0728861,0.23,1,3968802,3968371,431
302815141,32.2564,30.2837,434,36295,0.0951544,0.25,1,3968838,3968404,434
302818061,29.7026,27.7135,436,36353,0.0800618,0.27,1,3968866,3968430,436
302820981,13.081,12.2854,436,36411,0.0740247,0.25,1,3968868,3968432,436
302823901,16.0324,19.3142,430,36469,0.0956099,0,1,3968886,3968456,430
302826821,51.413,57.5257,422,36527,0.056244,0.03,1,3968961,3968539,422
302829741,41.5652,42.8103,424,36585,0.0404976,0.01,1,3968996,3968572,424
302832661,49.0261,50.7241,422,36643,0.046199,0.01,1,3969050,3968628,422
302835581,55.6104,56.2896,422,36701,0.0484796,0.03,1,3969110,3968688,422
302838501,31.2442,31.5159,422,36759,0.0373918,0.03,1,3969125,3968703,422
302841421,43.0977,42.0063,424,36816,0.0809567,0.11,1,3969176,3968752,424
302873541,31.125,55.3642,436,37443,0.0632167,0.03,1,3969546,3969110,436
302876461,46.05,31.1457,477,37499,0.0912867,0.11,1,3969602,3969125,477
302879381,35.82,43.0583,455,37555,0.0905147,0.15,1,3969631,3969176,455
302882301,27.528,34.6233,448,37611,0.0902059,0.13,1,3969653,3969205,448
302888141,30.4445,32.0597,455,37723,0.0948329,0.11,1,3969718,3969263,455
302891061,13.3778,29.6239,429,37779,0.0919332,0.15,1,3969720,3969291,429
302905661,53.2759,48.2813,483,38059,0.215069,0.09,1,3969954,3969471,483
302908581,29.7103,55.3125,437,38115,0.224028,0.03,1,3969968,3969531,437
302911501,47.8841,31.125,482,38170,0.251611,0.11,1,3970028,3969546,482
302914421,35.9537,46.05,454,38225,0.286644,0.09,1,3970056,3969602,454
302934861,41.9179,49.0604,467,38610,0.408456,0.21,1,3970276,3969809,467
302937781,17.9672,41.2242,433,38665,0.421382,0.19,1,3970278,3969845,433
302940701,37.1869,47.6897,431,38720,0.438553,0.23,1,3970328,3969897,431
303016621,37.4559,7.34096,498,40113,0.752865,0.57,2,3971219,3970721,498
303019541,52.1824,33.5364,509,40166,0.775146,0.59,2,3971281,3970772,509
303022461,29.2729,50.0146,462,40219,0.784058,0.55,2,3971295,3970833,462
303048741,44.5941,54.9977,493,40687,0.926494,0.73,2,3971624,3971131,493
303051661,19.0376,43.5991,459,40739,0.940598,0.73,2,3971626,3971167,459
303183061,32.2975,24.8962,512,43008,0.926817,1,2,3973242,3972730,512
303185981,24.319,9.95848,531,43057,0.910727,1,2,3973261,3972730,531
303250221,41.8595,44.0706,496,44123,0.760993,0.57,2,3973980,3973484,496
303253141,38.9438,46.4282,485,44171,0.754397,0.61,2,3974017,3973532,485
303256061,41.9775,38.3713,496,44219,0.787759,0.59,2,3974061,3973565,496
303285261,26.661,27.0551,456,44693,0.904866,0.71,2,3974315,3973859,456
303296941,39.8793,38.9438,460,44881,0.915533,0.81,2,3974477,3974017,460
303299861,43.5517,41.9775,462,44928,0.924213,0.87,2,3974523,3974061,462
303511561,120.536,131.725,492,22093,0.274,0.55,1,3976875,3976383,492
303514481,94.4143,108.49,476,22189,0.2116,0.37,1,3976952,3976476,476
303517401,85.7657,88.996,480,22285,0.21064,0.25,1,3977032,3976552,480
303526161,29.969,30.7517,453,22569,0.210521,0.35,1,3977143,3976690,453
303529081,56.9876,25.5007,506,22663,0.210208,0.21,1,3977218,3976712,506
303532001,75.595,55.2003,519,22757,0.258083,0.21,1,3977306,3976787,519
303534921,75.838,74.8801,507,22850,0.277233,0.17,1,3977382,3976875,507
303537841,75.3352,76.152,505,22943,0.248893,0.21,1,3977457,3976952,505
303540761,69.1341,78.4608,490,23035,0.273557,0.19,1,3977522,3977032,490
303549521,56.7926,29.5015,506,23310,0.402708,0.21,1,3977649,3977143,506
303552441,77.917,56.8006,523,23401,0.419083,0.29,1,3977741,3977218,523
303555361,76.7668,75.5202,511,23492,0.449633,0.29,1,3977817,3977306,511
303599161,64.3289,65.0044,451,24812,0.791989,0.65,2,3978636,3978185,451
303610841,53.338,52.2849,456,25152,0.924643,0.71,2,3978904,3978448,456
303739321,38.8188,45.3858,507,28624,0.772931,1,2,3981316,3980809,507
303791881,25.8452,40.0009,448,29927,0.753427,0.57,2,3982182,3981734,448
303794801,31.9381,36.4004,450,29998,0.751371,0.63,2,3982218,3981768,450
303797721,55.3752,56.5601,451,30069,0.750548,0.57,2,3982289,3981838,451
303800641,44.3501,44.8241,451,30139,0.762219,0.67,2,3982326,3981875,451
303803561,61.54,59.9296,454,30209,0.790888,0.75,2,3982399,3981945,454
303812321,46.3226,45.3315,458,30419,0.923017,0.73,2,3982551,3982093,458
303940801,31.0119,29.4128,484,33342,0.927616,1,2,3984552,3984068,484
303943721,35.2047,27.9651,495,33405,0.929046,1,2,3984590,3984095,495
303958321,72.1848,76.0323,478,33720,0.28967,1,1,3984845,3984367,478
303964161,60.8696,56.6852,489,33846,0.0643472,1,1,3984950,3984461,489
303970001,27.3791,34.0296,469,33970,0.0882956,0.9,1,3984992,3984523,469
303972921,28.9517,31.0119,470,34032,0.0653182,0.93,1,3985022,3984552,470
303975841,33.1807,35.2047,468,34094,0.0921273,0.83,1,3985058,3984590,468
303978761,33.0723,36.2819,464,34156,0.0788509,0.77,1,3985091,3984627,464
303981681,28.2289,32.5128,459,34218,0.0735404,0.77,1,3985116,3984657,459
303984601,35.8916,13.0051,500,34280,0.0714161,0.59,1,3985157,3984657,500
303987521,36.5566,37.602,483,34342,0.0585665,0.43,1,3985194,3984711,483
303990441,59.6226,40.8408,515,34404,0.0534266,0.13,1,3985269,3984754,515
303993361,44.8491,70.9363,459,34465,0.0393706,0.05,1,3985304,3984845,459
303996281,61.7396,51.1745,494,34526,0.0337483,0.01,1,3985377,3984883,494
303999201,34.8958,60.6698,444,34587,0.0314993,0.15,1,3985394,3984950,444
304002121,25.3583,36.8679,442,34648,0.0425997,0.07,1,3985413,3984971,442
304005041,28.1433,27.3472,451,34709,0.0590399,0.05,1,3985443,3984992,451
304007961,34.6573,28.9389,460,34770,0.065616,0.11,1,3985482,3985022,460
304010881,33.6629,33.1755,457,34831,0.0562464,0.07,1,3985515,3985058,457
304013801,29.0652,33.0702,450,34892,0.0404986,0.07,1,3985541,3985091,450
304016721,35.6261,28.2281,465,34953,0.0581994,0.07,1,3985581,3985116,465
304019641,36.4504,35.8912,461,35013,0.0652798,0.05,1,3985618,3985157,461
304022561,60.1802,36.5565,500,35073,0.0921119,0.05,1,3985694,3985194,500
304037161,26.8089,25.3583,451,35373,0.098892,0.07,1,3985864,3985413,451
304048841,35.7071,29.0652,464,35612,0.201876,0.07,1,3986005,3985541,464
304051761,36.4828,35.6261,461,35671,0.24275,0.07,1,3986042,3985581,461
304054681,15.7931,36.4504,426,35730,0.2591,0.11,1,3986044,3985618,426
304057601,52.5173,60.1802,427,35789,0.27764,0.13,1,3986121,3985694,427
304060521,42.0069,44.4721,428,35848,0.273056,0.13,1,3986156,3985728,428
304063441,59.4028,60.3888,428,35907,0.271222,0.11,1,3986227,3985799,428
304066361,34.5611,35.5555,427,35966,0.246489,0.11,1,3986245,3985818,427
304069281,24.6244,25.0222,427,36025,0.260596,0.09,1,3986263,3985836,427
304072201,27.8498,26.8089,429,36084,0.266238,0.11,1,3986293,3985864,429
304075121,35.1399,35.9236,427,36143,0.268495,0.17,1,3986333,3985906,427
304078041,35.656,34.1694,430,36201,0.257398,0.17,1,3986369,3985939,430
304095561,41.7528,42.0069,435,36549,0.441043,0.27,1,3986591,3986156,435
304156881,39.8374,41.2528,488,37744,0.752002,0.63,2,3987367,3986879,488
304159801,17.135,39.3011,452,37800,0.762801,0.59,2,3987369,3986917,452
304162721,55.454,16.9205,531,37856,0.76712,0.65,2,3987450,3986919,531
304165641,42.5816,54.7682,485,37912,0.768848,0.61,2,3987484,3986999,485
304168561,59.0326,42.3073,521,37968,0.793539,0.63,2,3987554,3987033,521
304183161,38.729,36.6483,494,38245,0.910919,0.73,2,3987706,3987212,494
304186081,34.0916,37.4593,487,38300,0.946368,0.73,2,3987737,3987250,487
304189001,43.0366,32.9837,506,38355,0.948547,0.73,2,3987786,3987280,506
304335001,32.5018,27.0649,516,41019,0.76039,1,2,3989593,3989077,516
304337921,35.8007,36.026,512,41070,0.766156,1,2,3989631,3989119,512
304437201,30.5614,29.5352,452,42782,0.785694,0.63,2,3990767,3990315,452
304451801,17.9635,19.0724,453,43027,0.903294,0.67,2,3990892,3990439,453
304454721,23.9854,7.62894,481,43076,0.907317,0.69,2,3990920,3990439,481
304457641,31.1942,19.8516,489,43125,0.908927,0.71,2,3990956,3990467,489
304460561,36.4777,28.9406,494,43174,0.933571,0.73,2,3990996,3990502,494
304463481,40.9911,34.3763,500,43223,0.943428,0.69,2,3991040,3990540,500
304466401,36.1964,40.7505,488,43272,0.935371,0.75,2,3991073,3990585,488
304469321,31.2786,35.5002,484,43321,0.932149,0.73,2,3991101,3990617,484
304629921,29.3044,27.3509,523,45921,0.939616,1,2,3992923,3992400,523
304682481,315.244,355.03,471,20440,0.414135,1,1,3993476,3993005,471
304688321,120.639,132.165,481,21370,0.0746617,0.43,1,3993665,3993184,481
304691241,89.0556,101.466,468,21469,0.0718647,0.19,1,3993733,3993265,468
304694161,63.8222,75.9864,456,21568,0.0947459,0.05,1,3993780,3993324,456
304697081,59.1289,62.7946,458,21666,0.0558983,0,1,3993836,3993378,458
304700001,46.4516,59.3178,439,21764,0.0523593,0.07,1,3993874,3993435,439
304702921,32.9806,43.5271,430,21861,0.0269437,0.01,1,3993898,3993468,430
304705841,86.3923,94.2109,424,21958,0.0527775,0.01,1,3994020,3993596,424
304708761,75.3569,79.0843,423,22055,0.051111,0.07,1,3994088,3993665,423
304711681,72.7428,72.4337,426,22151,0.0384444,0.11,1,3994159,3993733,426
304714601,57.8971,57.1735,427,22247,0.0333778,0.03,1,3994207,3993780,427
304717521,53.7588,56.4694,422,22342,0.0433511,0.05,1,3994258,3993836,422
304720441,44.3035,45.3878,422,22437,0.0353404,0.01,1,3994296,3993874,422
304723361,33.3214,32.5551,424,22532,0.0321362,0.01,1,3994322,3993898,424
304726281,85.3286,13.022,544,22626,0.0308545,0.07,1,3994442,3993898,544
304729201,75.5314,78.4088,491,22720,0.0783418,0.05,1,3994511,3994020,491
304740881,44.0872,53.5545,459,23091,0.0537975,0.03,1,3994717,3994258,459
304743801,33.2349,44.2218,447,23183,0.051519,0.03,1,3994743,3994296,447
304746721,87.094,33.2887,544,23274,0.0506076,0.03,1,3994866,3994322,544
304749641,77.4376,85.3155,495,23365,0.074243,0.11,1,3994937,3994442,495
304764241,32.5622,44.0871,448,23815,0.0968851,0.05,1,3995165,3994717,448
304767161,87.4249,33.2348,546,23904,0.068754,0.05,1,3995289,3994743,546
304770081,36.17,87.0939,425,23993,0.0575016,0.09,1,3995291,3994866,425
304773001,57.668,77.4376,426,24081,0.0770006,0.13,1,3995363,3994937,426
304775921,65.0672,71.775,428,24169,0.0968003,0.17,1,3995433,3995005,428
304781761,51.5708,52.764,429,24344,0.206288,0.13,1,3995534,3995105,429
304784681,39.8283,40.9056,428,24431,0.232515,0.07,1,3995566,3995138,428
304787601,29.1313,32.5622,423,24518,0.243006,0.05,1,3995588,3995165,423
304790521,87.2525,87.4249,425,24604,0.247202,0.05,1,3995714,3995289,425
304793441,36.101,36.17,425,24690,0.248881,0.09,1,3995716,3995291,425
304796361,58.2404,57.668,426,24776,0.237552,0.11,1,3995789,3995363,426
304813881,86.4128,87.2525,432,25285,0.406801,0.25,1,3996146,3995714,432
304816801,35.7651,36.101,432,25369,0.420721,0.23,1,3996148,3995716,432
304819721,59.306,58.2404,434,25453,0.438288,0.23,1,3996223,3995789,434
304869361,74.0488,58.9337,536,26832,0.753492,0.71,2,3997200,3996664,536
304872281,62.6195,72.7735,509,26911,0.763397,0.69,2,3997255,3996746,509
304875201,26.2478,61.5094,457,26990,0.767359,0.73,2,3997257,3996800,457
304886881,90.5279,90.8882,458,27302,0.931116,0.73,2,3997497,3997039,458
305006601,54.2227,56.643,485,30317,0.932602,1,2,3999615,3999130,485
305021201,28.5076,33.5608,485,30664,0.79411,1,2,3999791,3999306,485
305024121,46.203,54.8243,474,30733,0.779644,0.97,2,3999849,3999375,474
305059161,55.6136,52.5845,517,31549,0.905686,0.79,2,4000425,3999908,517
305193481,43.0226,54.1871,515,34498,0.780688,1,2,4002500,4001985,515
305205161,31.3606,37.3824,516,34742,0.295842,1,1,4002658,4002142,516
305208081,29.9442,32.353,516,34803,0.232337,1,1,4002687,4002171,516
305213921,38.3911,39.0165,512,34925,0.0695739,1,1,4002764,4002252,512
305216841,44.7564,36.0066,527,34986,0.0578295,0.97,1,4002813,4002286,527
305219761,60.5026,48.6026,541,35046,0.0291318,0.84,1,4002884,4002343,541
305222681,46.401,65.6411,501,35106,0.0176527,0.83,1,4002921,4002420,501
305225601,39.5604,52.0564,493,35166,0.0250611,0.73,1,4002956,4002463,493
305228521,45.8242,43.0226,506,35226,0.0280244,0.49,1,4003006,4002500,506
305231441,36.3297,52.009,478,35286,0.0412098,0.39,1,4003036,4002558,478
305234361,33.1319,43.0036,472,35346,0.0344839,0.29,1,4003067,4002595,472
305237281,25.8527,39.4014,456,35406,0.0197936,0.25,1,4003088,4002632,456
305240201,27.1411,31.3606,458,35466,0.0259174,0.19,1,4003116,4002658,458
305243121,29.4564,29.9442,460,35526,0.088367,0.11,1,4003147,4002687,460
305248961,43.473,38.3911,471,35645,0.0825387,0.05,1,4003235,4002764,471
305251881,18.5892,44.7564,424,35704,0.0750155,0.01,1,4003237,4002813,424
305254801,48.8357,60.5026,422,35763,0.0600062,0.01,1,4003306,4002884,422
305257721,42.3343,46.401,423,35822,0.0660025,0.03,1,4003344,4002921,423
305260641,37.9337,39.5604,423,35881,0.032401,0.03,1,4003379,4002956,423
305263561,44.5735,45.8242,422,35940,0.0789604,0.05,1,4003428,4003006,422
305266481,38.2294,36.3297,426,35999,0.0855842,0.03,1,4003462,4003036,426
305272321,26.0367,25.8527,424,36117,0.0940935,0.03,1,4003512,4003088,424
305275241,27.8147,27.1411,425,36176,0.0556374,0.13,1,4003541,4003116,425
305278161,31.5259,29.4564,428,36234,0.064255,0.11,1,4003575,4003147,428
305281081,34.2103,35.1826,425,36292,0.091702,0.07,1,4003611,4003186,425
305284001,43.0841,43.473,425,36350,0.0546808,0.07,1,4003660,4003235,425
305286921,18.4337,18.5892,425,36408,0.0638723,0.05,1,4003662,4003237,425
305289841,46.9735,48.8357,422,36466,0.0675489,0.07,1,4003728,4003306,422
305292761,43.3894,42.3343,425,36524,0.0570196,0.01,1,4003769,4003344,425
305295681,37.1558,37.9337,423,36582,0.0648078,0.11,1,4003802,4003379,423
305298601,44.8623,44.5735,424,36640,0.0439231,0.09,1,4003852,4003428,424
305301521,38.3449,38.2294,424,36698,0.0715692,0.11,1,4003886,4003462,424
305327801,44.8819,18.7894,466,37212,0.0972759,0.05,1,4004194,4003728,466
305330721,35.9527,32.1158,455,37269,0.0809103,0.07,1,4004224,4003769,455
305333641,44.3811,32.6463,472,37326,0.0503641,0.03,1,4004274,4003802,472
305336561,38.7524,43.0585,457,37383,0.0861457,0.09,1,4004309,4003852,457
305359921,45.4327,18.0104,489,37832,0.201652,0.11,1,4004574,4004085,489
305362841,43.9731,46.2042,467,37888,0.218661,0.09,1,4004617,4004150,467
305365761,36.1892,44.8817,454,37944,0.213464,0.07,1,4004648,4004194,454
305368681,43.2757,35.9527,472,38000,0.235386,0.03,1,4004696,4004224,472
305371601,41.3103,44.3811,462,38056,0.268154,0.11,1,4004736,4004274,462
305374521,35.1241,38.7524,458,38112,0.269262,0.13,1,4004767,4004309,458
305377441,27.8496,34.101,450,38167,0.269705,0.15,1,4004790,4004340,450
305380361,28.5399,26.8404,457,38222,0.269882,0.17,1,4004819,4004362,457
305383281,34.2159,27.5362,467,38277,0.269953,0.19,1,4004857,4004390,467
305386201,35.2864,33.2145,466,38332,0.281981,0.19,1,4004893,4004427,466
305389121,41.1146,34.8858,475,38387,0.286792,0.19,1,4004938,4004463,475
305392041,17.6458,40.9543,432,38442,0.288717,0.19,1,4004940,4004508,432
305394961,46.6583,17.5817,496,38497,0.289487,0.21,1,4005006,4004510,496
305409561,39.2407,41.3103,436,38772,0.415966,0.27,1,4005172,4004736,436
305412481,34.2963,35.1241,436,38826,0.436386,0.27,1,4005203,4004767,436
305415401,27.5185,27.8496,436,38880,0.432555,0.27,1,4005226,4004790,436
305462121,37.1667,35.7692,448,39740,0.75092,0.53,2,4005777,4005329,448
305465041,41.8667,41.3077,448,39793,0.798368,0.57,2,4005822,4005374,448
305467961,17.9467,17.7231,448,39846,0.793347,0.55,2,4005824,4005376,448
305500081,38.7246,35.876,497,40426,0.908684,0.77,2,4006236,4005739,497
305503001,43.0898,37.1504,505,40478,0.945474,0.83,2,4006282,4005777,505
305710321,71.8025,86.7673,460,20137,0.0622708,0.03,1,4008921,4008461,460
305713241,76.121,74.9069,472,20242,0.0249083,0.05,1,4009000,4008528,472
305716161,41.8484,63.5628,435,20347,0.0399633,0,1,4009019,4008584,435
305719081,83.3394,41.6251,519,20451,0.0339853,0.05,1,4009130,4008611,519
305733681,40.1548,73.2029,440,20965,0.082764,0.05,1,4009440,4009000,440
305736601,17.2619,40.6812,423,21066,0.0751056,0.03,1,4009442,4009019,423
305739521,73.5048,82.8725,423,21167,0.0360422,0.15,1,4009553,4009130,423
305742441,89.4019,89.549,429,21267,0.0804169,0.13,1,4009653,4009224,429
305745361,70.5608,71.2196,428,21367,0.0741668,0.17,1,4009711,4009283,428
305748281,67.2243,65.6878,431,21466,0.0836667,0.07,1,4009776,4009345,431
305759961,71.0665,73.504,422,21858,0.0860939,0.11,1,4009975,4009553,422
305771641,69.3025,68.2897,426,22244,0.221036,0.11,1,4010271,4009845,426
305774561,39.721,39.9159,425,22339,0.238414,0.11,1,4010291,4009866,425
305777481,17.0884,17.1664,425,22434,0.269366,0.07,1,4010293,4009868,425
305780401,72.2354,71.0665,427,22529,0.281746,0.07,1,4010402,4009975,427
305783321,90.6941,28.4266,530,22623,0.286699,0.13,1,4010505,4009975,530
305803761,91.9428,72.1655,538,23271,0.439292,0.29,1,4010940,4010402,538
305824201,94.2476,72.357,549,23901,0.752412,0.47,2,4011384,4010835,549
305827121,38.899,91.9428,446,23990,0.774965,0.57,2,4011386,4010940,446
305844641,76.5108,73.619,459,24515,0.929181,0.79,2,4011735,4011276,459
305847561,96.6043,94.2476,461,24601,0.905672,0.79,2,4011845,4011384,461
305853401,56.7367,55.7596,462,24773,0.904508,0.85,2,4011915,4011453,462
305856321,65.2947,63.7038,464,24859,0.943803,0.87,2,4011986,4011522,464
305955601,55.5553,62.0515,481,27608,0.928,1,2,4013940,4013459,481
305958521,49.8221,44.0206,495,27685,0.9052,1,2,4013986,4013491,495
305961441,40.3289,35.6082,499,27761,0.90808,1,2,4014020,4013521,499
305973121,54.0196,57.302,494,28065,0.231807,1,1,4014255,4013761,494
305978961,63.0031,69.8883,478,28215,0.0670891,0.88,1,4014372,4013894,478
305981881,46.2013,55.5553,467,28290,0.0448356,0.89,1,4014407,4013940,467
305984801,43.0805,49.8221,462,28365,0.0239343,0.89,1,4014448,4013986,462
305987721,39.4322,19.9289,499,28440,0.0395737,0.91,1,4014485,4013986,499
305990641,35.5729,28.3715,498,28514,0.0458295,0.85,1,4014518,4014020,498
305993561,46.0292,34.1486,513,28588,0.0483318,0.47,1,4014571,4014058,513
305996481,64.0117,54.4594,521,28662,0.0973327,0.17,1,4014647,4014126,521
305999401,47.8047,75.7838,468,28736,0.0689331,0.15,1,4014684,4014216,468
306002321,41.3219,53.7135,466,28810,0.0695732,0.05,1,4014721,4014255,466
306005241,61.5287,47.8854,497,28883,0.0818293,0.03,1,4014796,4014299,497
306008161,43.8115,62.9542,456,28956,0.0507317,0.03,1,4014828,4014372,456
306011081,42.7246,46.1817,463,29029,0.0382927,0.01,1,4014870,4014407,463
306014001,38.6898,43.0727,458,29102,0.0453171,0.05,1,4014906,4014448,458
306016921,36.4759,39.4291,456,29175,0.0601268,0.05,1,4014941,4014485,456
306040281,39.6345,42.7246,459,29750,0.0705453,0.05,1,4015329,4014870,459
306043201,37.4538,38.6898,459,29821,0.0582181,0.07,1,4015365,4014906,459
306046121,16.1815,36.4759,426,29892,0.0532872,0.15,1,4015367,4014941,426
306049041,40.6726,46.9904,429,29963,0.0993149,0.15,1,4015424,4014995,429
306054881,48.7476,48.5585,431,30104,0.20429,0.19,1,4015540,4015109,431
306057801,38.099,39.2234,429,30174,0.267716,0.21,1,4015571,4015142,429
306060721,62.0396,61.2894,431,30244,0.245086,0.19,1,4015649,4015218,431
306063641,42.8158,43.7157,429,30314,0.212035,0.09,1,4015679,4015250,429
306066561,39.3263,42.0863,425,30384,0.210814,0.03,1,4015716,4015291,425
306069481,37.3305,39.6345,423,30454,0.234326,0.05,1,4015752,4015329,423
306072401,37.1322,37.4538,424,30523,0.20773,0.05,1,4015789,4015365,424
306078241,43.0212,40.6726,428,30661,0.216837,0.21,1,4015852,4015424,428
306081161,65.2085,61.869,432,30730,0.260735,0.23,1,4015932,4015500,432
306095761,39.6687,39.3263,432,31073,0.412043,0.25,1,4016148,4015716,432
306098681,37.4675,37.3305,432,31141,0.434817,0.19,1,4016184,4015752,432
306101601,35.387,37.1322,429,31209,0.419927,0.19,1,4016218,4015789,429
306104521,15.3548,16.0529,429,31277,0.437971,0.19,1,4016220,4015791,429
306107441,43.3419,6.42115,491,31345,0.409188,0.23,1,4016282,4015791,491
306110361,67.1368,39.1685,513,31413,0.409675,0.29,1,4016365,4015852,513
306113281,52.6547,63.6674,476,31480,0.40987,0.33,1,4016408,4015932,476
306116201,41.4619,50.067,469,31547,0.445948,0.31,1,4016442,4015973,469
306157081,38.5191,41.0296,484,32473,0.75428,0.55,2,4017073,4016589,484
306160001,35.8077,38.0118,482,32538,0.775712,0.55,2,4017107,4016625,482
306162921,15.5231,35.6047,450,32603,0.784285,0.55,2,4017109,4016659,450
306165841,43.4092,15.4419,510,32668,0.799714,0.55,2,4017171,4016661,510
306177521,36.3241,42.9041,455,32926,0.933001,0.71,2,4017341,4016886,455
306332281,38.0024,54.823,471,36174,0.934,1,2,4019594,4019123,471
306338121,49.6404,48.8517,487,36290,0.76024,1,2,4019696,4019209,487
306352721,45.5179,39.9188,497,36580,0.270969,1,1,4019898,4019401,497
306355641,39.8072,48.9675,478,36638,0.210388,1,1,4019934,4019456,478
306364401,28.9717,29.0059,486,36811,0.0737048,0.89,1,4020036,4019550,486
306367321,31.9887,38.0024,476,36868,0.0834819,0.87,1,4020070,4019594,476
306370241,34.3955,44.6009,463,36925,0.0633928,0.67,1,4020106,4019643,463
306373161,37.7582,49.6404,450,36982,0.0313571,0.55,1,4020146,4019696,450
306376081,31.9033,40.8562,443,37039,0.0425428,0.49,1,4020174,4019731,443
306379001,32.5613,37.3425,441,37096,0.0590171,0.27,1,4020207,4019766,441
306381921,31.6245,37.737,434,37153,0.0656069,0.27,1,4020238,4019804,434
306384841,40.8498,15.0948,481,37210,0.0322427,0.25,1,4020285,4019804,481
306387761,40.9399,34.2379,475,37267,0.0428971,0.25,1,4020326,4019851,475
306390681,35.576,41.8952,460,37324,0.0711588,0.17,1,4020358,4019898,460
306393601,43.0304,38.3581,472,37381,0.0824635,0.09,1,4020406,4019934,472
306399441,28.9649,34.6973,448,37494,0.0623942,0.05,1,4020459,4020011,448
306402361,31.9859,28.8789,457,37550,0.0909577,0.09,1,4020493,4020036,457
306405281,33.1944,31.9516,457,37606,0.0783831,0.05,1,4020527,4020070,457
306408201,37.8778,34.3806,462,37662,0.0853532,0.01,1,4020568,4020106,462
306411121,32.5511,37.7522,451,37718,0.0761413,0.05,1,4020597,4020146,451
306416961,31.8482,32.5604,453,37830,0.0733826,0.07,1,4020660,4020207,453
306419881,42.1393,31.6241,471,37886,0.071353,0.01,1,4020709,4020238,471
306440321,34.1126,31.9859,460,38275,0.0989919,0.07,1,4020953,4020493,460
306443241,37.6451,33.1944,466,38330,0.0935968,0.09,1,4020993,4020527,466
306466601,41.0048,44.0249,429,38770,0.243339,0.15,1,4021261,4020832,429
306469521,30.8019,32.01,429,38824,0.295336,0.15,1,4021285,4020856,429
306481201,37.9261,37.6451,427,39040,0.404761,0.11,1,4021420,4020993,427
306484121,32.5705,31.858,428,39094,0.419904,0.15,1,4021449,4021021,428
306487041,32.8282,31.9432,429,39148,0.413962,0.17,1,4021482,4021053,429
306489961,31.7313,30.7773,430,39202,0.423585,0.13,1,4021513,4021083,430
306492881,41.4925,42.3109,428,39256,0.403434,0.15,1,4021561,4021133,428
306507481,33.2569,30.8019,438,39526,0.411142,0.35,1,4021723,4021285,438
306565881,31.9734,33.4008,480,40580,0.776242,0.59,2,4022404,4021924,480
306592161,35.2961,34.8365,490,41047,0.905826,0.71,2,4022720,4022230,490
306595081,41.7185,34.3346,502,41098,0.90833,0.71,2,4022766,4022264,502
306612601,18.6985,43.8757,463,41404,0.9058,0.81,2,4022961,4022498,463
306615521,26.6794,18.7503,493,41455,0.92032,0.81,2,4022993,4022500,493
306618441,45.4718,26.7001,519,41506,0.938128,0.83,2,4023051,4022532,519
306621361,19.3887,44.88,464,41557,0.945251,0.91,2,4023053,4022589,464
306776121,47.2459,42.629,521,44168,0.926848,1,2,4024901,4024380,521
306784881,33.1197,31.1923,532,44312,0.922118,1,2,4025003,4024471,532
306838901,109.505,114.05,481,20647,0.276806,0.77,1,4025685,4025204,481
306841821,87.6022,79.8199,497,20750,0.272722,0.65,1,4025758,4025261,497
306844741,94.4409,102.728,478,20852,0.295089,0.45,1,4025857,4025379,478
306856421,58.2273,70.425,434,21256,0.427602,0.21,1,4026050,4025616,434
306859341,63.4909,69.57,432,21356,0.441041,0.27,1,4026117,4025685,432
306903141,74.1081,59.6566,536,22800,0.773671,0.77,2,4027097,4026561,536
306917741,61.4731,42.6483,530,23261,0.903497,0.77,2,4027407,4026877,530
306920661,65.3892,59.6593,527,23352,0.931399,0.75,2,4027475,4026948,527
306923581,75.3557,65.2637,540,23443,0.930559,0.79,2,4027557,4027017,540
307002421,55.9055,69.1801,524,25771,0.764406,1,2,4029208,4028684,524
307017021,40.8963,39.166,515,26179,0.43425,1,1,4029443,4028928,515
307031621,63.1797,42.762,528,26581,0.449224,0.51,1,4029770,4029242,528
307069581,83.7384,82.6654,449,27599,0.792113,0.55,2,4030443,4029994,449
307072501,34.6954,34.2662,449,27676,0.790845,0.61,2,4030445,4029996,449
307104621,44.1747,45.7513,499,28506,0.9081,0.83,2,4031011,4030512,499
307107541,42.8699,39.9005,505,28580,0.93324,0.87,2,4031053,4030548,505
307195141,61.5502,67.9348,492,30725,0.921232,1,2,4032579,4032087,492
307198061,48.0201,50.5739,492,30794,0.938493,1,2,4032618,4032126,492
307200981,39.608,41.8296,490,30863,0.933397,1,2,4032652,4032162,490
307215581,33.5333,41.8466,485,31204,0.249587,1,1,4032921,4032436,485
307224341,50.1701,12.9502,552,31408,0.0819736,0.87,1,4033050,4032498,552
307227261,41.6681,53.7801,507,31475,0.0747894,0.95,1,4033086,4032579,507
307230181,35.2672,44.912,499,31542,0.0839158,0.93,1,4033117,4032618,499
307233101,40.5069,38.3648,509,31609,0.0995663,0.73,1,4033161,4032652,509
307250621,27.4585,36.8082,453,32009,0.202874,0.09,1,4033413,4032960,453
307256461,40.9934,50.1693,460,32141,0.24006,0.07,1,4033510,4033050,460
307259381,35.5973,41.6677,456,32207,0.258024,0.09,1,4033542,4033086,456
307268141,56.2062,83.4027,464,32404,0.404594,0.17,1,4033737,4033273,464
307271061,33.2825,53.1611,449,32469,0.431837,0.19,1,4033755,4033306,449
307273981,27.713,32.6644,454,32534,0.442735,0.21,1,4033779,4033325,454
307361581,89.8201,36.3694,576,34432,0.762413,0.65,2,4035043,4034467,576
307379101,48.3477,26.9896,513,34798,0.912095,0.67,2,4035252,4034739,513
307382021,20.5391,47.3958,454,34859,0.922838,0.67,2,4035254,4034800,454
307490061,34.7078,26.7172,507,37037,0.94744,1,2,4036788,4036281,507
307492981,32.4831,22.0869,519,37094,0.936976,1,2,4036819,4036300,519
307633141,42.8186,41.2772,491,39736,0.780957,1,2,4038676,4038185,491
307636061,38.7274,33.9109,498,39789,0.762383,1,2,4038712,4038214,498
307697381,25.1953,24.6904,474,40890,0.770433,0.55,2,4039443,4038969,474
307700301,31.0781,24.8761,484,40942,0.794173,0.63,2,4039478,4038994,484
307714901,28.1026,36.5168,473,41198,0.903361,0.57,2,4039641,4039168,473
307960181,144.234,143.529,488,20544,0.24808,0.49,1,4042706,4042218,488
307963101,104.494,104.212,488,20647,0.201232,0.25,1,4042784,4042296,488
307974781,43.2446,31.7942,465,21055,0.2476,0.13,1,4042960,4042495,465
307977701,59.8979,46.9177,479,21156,0.26104,0.21,1,4043031,4042552,479
307980621,86.9591,111.167,430,21256,0.290416,0.17,1,4043136,4042706,430
307989381,53.6134,55.1627,430,21554,0.415307,0.19,1,4043320,4042890,430
307992301,35.2454,35.2651,431,21652,0.412123,0.29,1,4043343,4042912,431
308027341,77.0102,77.7091,518,22800,0.75534,0.65,2,4044170,4043652,518
308047781,78.8267,86.0159,531,23443,0.928328,0.77,2,4044630,4044099,531
308138301,60.0256,90.3014,516,26098,0.904,1,2,4046497,4045981,516
308164581,39.2145,60.0256,497,26819,0.270143,0.89,1,4046994,4046497,497
308167501,34.8858,43.2102,497,26898,0.270057,0.81,1,4047026,4046529,497
308170421,15.1543,38.2841,464,26977,0.270023,0.65,1,4047028,4046564,464
308173341,34.8617,49.5136,455,27056,0.246009,0.61,1,4047076,4046621,455
308176261,34.3447,42.6055,451,27134,0.212404,0.49,1,4047110,4046659,451
308182101,93.0951,101.977,436,27290,0.217585,0.27,1,4047295,4046859,436
308185021,76.8381,81.5908,434,27368,0.225034,0.29,1,4047361,4046927,434
308187941,54.7352,56.0363,435,27445,0.240014,0.25,1,4047401,4046966,435
308190861,37.4941,39.2145,433,27522,0.258005,0.27,1,4047427,4046994,433
308193781,34.7976,34.8858,434,27599,0.265202,0.27,1,4047460,4047026,434
308196701,15.1191,15.1543,434,27676,0.268081,0.23,1,4047462,4047028,434
308208381,94.1791,93.0951,433,27981,0.425663,0.23,1,4047728,4047295,433
308217141,37.7795,37.4941,433,28207,0.438362,0.27,1,4047860,4047427,433
308220061,34.9118,34.7976,433,28282,0.445345,0.27,1,4047893,4047460,433
308222981,15.1647,15.1191,433,28357,0.448138,0.27,1,4047895,4047462,433
308225901,34.8659,6.04762,481,28432,0.449255,0.35,1,4047943,4047462,481
308263861,79.4274,96.0954,517,29385,0.772808,0.59,2,4048687,4048170,517
308287221,50.1469,57.6715,456,29957,0.92337,0.75,2,4048951,4048495,456
308290141,97.4588,98.0686,460,30028,0.939348,0.81,2,4049080,4048620,460
308558781,31.2232,33.191,496,35935,0.921693,1,2,4053138,4052642,496
308564621,32.1157,33.6306,497,36053,0.787071,1,2,4053203,4052706,497
308567541,33.2463,32.6522,499,36112,0.752828,1,2,4053237,4052738,499
308579221,44.0847,47.6455,479,36345,0.419832,0.98,1,4053464,4052985,479
308582141,40.4339,40.6582,481,36403,0.401933,0.95,1,4053502,4053021,481
308585061,29.9736,34.8633,473,36461,0.406773,0.97,1,4053525,4053052,473
308587981,24.5894,27.1453,472,36519,0.444709,0.97,1,4053546,4053074,472
308590901,26.6358,30.0581,468,36577,0.411884,0.89,1,4053574,4053106,468
308599661,29.5447,32.1157,460,36751,0.413481,0.73,1,4053663,4053203,460
308623021,24.5169,11.9894,463,37208,0.297255,0.47,1,4053988,4053525,463
308625941,24.8068,17.3958,467,37265,0.256902,0.39,1,4054013,4053546,467
308628861,27.9227,23.7583,469,37322,0.264761,0.37,1,4054043,4053574,469
308631781,27.9691,27.5033,467,37379,0.279904,0.39,1,4054071,4053604,467
308634701,32.1876,28.4013,473,37436,0.297962,0.43,1,4054106,4053633,473
308646381,58.6496,40.9031,507,37660,0.407228,0.33,1,4054311,4053804,507
308649301,40.2598,59.5612,463,37716,0.420891,0.29,1,4054339,4053876,463
308652221,41.9039,41.8245,476,37772,0.438356,0.33,1,4054382,4053906,476
308655141,28.7616,40.7298,456,37828,0.445343,0.35,1,4054402,4053946,456
308658061,22.9046,28.2919,455,37884,0.436137,0.27,1,4054421,4053966,455
308660981,24.7619,24.5168,459,37940,0.432455,0.23,1,4054447,4053988,459
308704781,27.2051,28.5619,446,38768,0.772098,0.53,2,4054952,4054506,446
308707701,35.4821,34.2248,449,38822,0.758839,0.55,2,4054993,4054544,449
308710621,28.5928,28.0899,449,38876,0.753536,0.62,2,4055017,4054568,449
308713541,64.8371,62.236,453,38930,0.763414,0.63,2,4055106,4054653,453
308745661,34.4778,35.4821,457,39524,0.903315,0.75,2,4055450,4054993,457
308748581,28.1911,28.5928,457,39577,0.907326,0.77,2,4055474,4055017,457
308751501,67.0765,64.8371,461,39630,0.94493,0.83,2,4055567,4055106,461
308879981,38.7676,42.7751,493,41910,0.91,1,2,4057178,4056685,493
308882901,39.507,36.3101,501,41960,0.946,1,2,4057218,4056717,501
308885821,33.8028,29.524,506,42010,0.9364,1,2,4057248,4056742,506
308915021,68.1598,66.0476,489,42510,0.419868,1,1,4057599,4057110,489
308917941,41.0639,47.4191,477,42560,0.437947,0.85,1,4057622,4057145,477
308923781,34.4102,39.507,469,42660,0.445672,0.93,1,4057687,4057218,469
308926701,30.5641,33.8028,467,42709,0.448269,0.87,1,4057715,4057248,467
308929621,27.8256,32.7211,461,42758,0.425307,0.83,1,4057741,4057280,461
308932541,22.5303,24.4885,461,42807,0.428123,0.79,1,4057760,4057299,461
309005541,33.6358,34.6181,484,44022,0.753749,0.59,2,4058580,4058096,484
309008461,31.4543,33.6472,481,44070,0.7755,0.63,2,4058610,4058129,481
309221621,37.3835,49.0303,508,47439,0.926775,1,2,4060912,4060404,508
309224541,31.1534,37.0121,506,47483,0.91671,1,2,4060939,4060433,506
309233301,32.2818,29.0808,514,47615,0.921949,1,2,4061034,4060520,514
309242061,28.13,31.8612,488,47747,0.901165,1,2,4061103,4060615,488
309510701,61.1889,68.8618,448,24252,0.750656,0.61,2,4064272,4063824,448
309513621,65.2756,67.1447,450,24339,0.762262,0.59,2,4064340,4063890,450
309516541,44.1102,45.4579,449,24426,0.778905,0.59,2,4064370,4063921,449
309519461,33.2441,32.5832,451,24513,0.785562,0.57,2,4064396,4063945,451
309522381,64.2976,64.0333,451,24599,0.776225,0.67,2,4064481,4064030,451
309525301,61.7191,59.2133,455,24685,0.77249,0.71,2,4064541,4064086,455
309534061,62.054,61.1737,458,24942,0.907919,0.77,2,4064730,4064272,458
309650861,66.4414,67.8422,495,28139,0.9028,1,2,4066988,4066493,495
309656701,73.9906,79.7347,478,28289,0.788848,1,2,4067120,4066642,478
309665461,39.0314,26.655,535,28513,0.402086,1,1,4067244,4066709,535
309677141,58.3016,50.2712,542,28809,0.0700534,0.87,1,4067453,4066911,542
309680061,47.9206,66.3085,506,28882,0.0460214,0.86,1,4067494,4066988,506
309682981,66.5683,52.9234,541,28955,0.0484085,0.73,1,4067573,4067032,541
309685901,56.6273,73.9694,503,29028,0.0493634,0.55,1,4067623,4067120,503
309688821,39.4509,63.1877,475,29101,0.0737454,0.47,1,4067651,4067176,475
309691741,33.7804,45.0751,472,29174,0.0714981,0.31,1,4067681,4067209,472
309694661,29.1121,39.03,463,29247,0.0945993,0.25,1,4067707,4067244,463
309703421,55.9592,46.7539,489,29463,0.0946144,0.03,1,4067876,4067387,489
309706341,45.7837,58.3016,462,29535,0.0678457,0.03,1,4067915,4067453,462
309709261,66.9135,47.9206,502,29607,0.0451383,0.05,1,4067996,4067494,502
309712181,57.3654,66.5683,474,29678,0.0960553,0.05,1,4068047,4067573,474
309729701,43.616,43.8979,429,30103,0.214952,0.07,1,4068241,4067812,429
309732621,54.6464,55.9592,427,30173,0.211981,0.05,1,4068303,4067876,427
309735541,42.8586,45.7837,423,30243,0.222792,0.03,1,4068338,4067915,423
309738461,65.7434,66.9135,423,30313,0.227117,0.13,1,4068419,4067996,423
309741381,60.4974,57.3654,429,30383,0.216847,0.17,1,4068476,4068047,429
309744301,42.1989,40.3462,430,30453,0.212739,0.21,1,4068506,4068076,430
309747221,34.8796,32.9385,432,30522,0.235095,0.17,1,4068536,4068104,432
309750141,15.1518,14.3754,432,30591,0.220038,0.21,1,4068538,4068106,432
309753061,21.6607,21.3502,432,30660,0.250015,0.19,1,4068564,4068132,432
309755981,50.0643,50.5401,431,30729,0.286006,0.23,1,4068633,4068202,431
309823141,46.4113,55.7092,487,32277,0.753597,0.57,2,4069658,4069171,487
309826061,67.1645,44.4837,531,32343,0.787439,0.61,2,4069739,4069208,531
309843581,55.0312,23.2529,530,32733,0.91666,0.69,2,4069968,4069438,530
309846501,23.2125,54.3012,457,32798,0.924664,0.71,2,4069970,4069513,457
309849421,35.085,46.3205,459,32862,0.927866,0.75,2,4070013,4069554,459
309980821,46.6473,32.0812,541,35643,0.91504,1,2,4071973,4071432,541
310001261,38.3288,31.9645,499,36056,0.282017,1,1,4072270,4071771,499
310004181,33.9315,33.7858,495,36115,0.262807,1,1,4072301,4071806,495
310007101,30.9726,41.1143,478,36174,0.255123,0.99,1,4072330,4071852,478
310010021,30.389,35.0457,477,36232,0.288049,1,1,4072360,4071883,477
310012941,33.7556,35.6183,477,36290,0.27722,0.86,1,4072396,4071919,477
310015861,40.5022,46.6473,468,36348,0.248888,0.85,1,4072441,4071973,468
310018781,25.8009,33.0589,460,36406,0.225555,0.85,1,4072457,4071997,460
310021701,30.1204,35.4236,456,36464,0.264222,0.59,1,4072490,4072034,456
310024621,50.4481,54.9694,452,36522,0.291689,0.51,1,4072554,4072102,452
310042141,31.2613,30.9726,436,36868,0.43643,0.31,1,4072766,4072330,436
310045061,31.1045,30.389,437,36925,0.444572,0.27,1,4072797,4072360,437
310047981,31.6418,33.7556,433,36982,0.447829,0.23,1,4072829,4072396,433
310050901,38.4567,40.5022,431,37039,0.449132,0.21,1,4072872,4072441,431
310053821,26.7827,25.8009,434,37096,0.449653,0.29,1,4072891,4072457,434
310056741,30.5131,30.1204,434,37153,0.449861,0.29,1,4072924,4072490,434
310097621,46.2894,51.2051,490,37942,0.779479,0.59,2,4073479,4072989,490
310126821,32.1262,27.6473,490,38495,0.904698,0.73,2,4073824,4073334,490
310129741,56.0505,32.0589,527,38550,0.943879,0.75,2,4073896,4073369,527
310132661,48.8202,54.2236,502,38605,0.941552,0.81,2,4073940,4073438,502
310135581,20.7281,46.2894,463,38660,0.940621,0.83,2,4073942,4073479,463
310138501,32.2912,42.5158,463,38715,0.946248,0.87,2,4073982,4073519,463
310141421,42.3165,46.4063,463,38770,0.948499,0.83,2,4074031,4073568,463
310278661,33.0179,33.2677,513,41251,0.94,1,2,4075721,4075208,513
310281581,57.0071,27.1071,563,41302,0.934,1,2,4075794,4075231,563
310290341,31.7285,37.9269,504,41455,0.758416,1,2,4075893,4075389,504
310299101,28.6946,32.8353,507,41608,0.446219,1,1,4075984,4075477,507
310304941,31.9511,32.4937,506,41710,0.211795,1,1,4076050,4075544,506
310313701,37.2769,45.1116,481,41862,0.0565149,1,1,4076141,4075660,481
310316621,35.3108,36.0446,485,41912,0.0286059,0.9,1,4076175,4075690,485
310319541,26.7243,33.0179,475,41962,0.0294424,0.93,1,4076196,4075721,475
310322461,49.0897,57.0071,466,42012,0.029777,0.84,1,4076260,4075794,466
310325381,38.8359,43.8029,463,42062,0.0179108,0.75,1,4076292,4075829,463
310328301,35.9344,40.3211,459,42112,0.0491643,0.73,1,4076326,4075867,459
310331221,29.9737,31.7285,459,42162,0.0736657,0.53,1,4076352,4075893,459
310334141,26.3895,33.0914,449,42212,0.0594663,0.47,1,4076376,4075927,449
310339981,23.7823,28.6946,439,42312,0.0827146,0.21,1,4076423,4075984,439
310354581,37.5482,37.2769,426,42562,0.065983,0.01,1,4076567,4076141,426
310357501,33.6193,35.3108,423,42612,0.0323932,0.03,1,4076598,4076175,423
310360421,25.4477,26.7243,422,42662,0.0429573,0.03,1,4076618,4076196,422
310363341,48.5791,49.0897,422,42711,0.0471829,0.01,1,4076682,4076260,422
310366261,38.6316,38.8359,422,42760,0.0188732,0.07,1,4076714,4076292,422
310369181,37.0527,35.9344,424,42809,0.0375493,0.09,1,4076750,4076326,424
310372101,31.0211,29.9737,425,42858,0.0450197,0.05,1,4076777,4076352,425
310375021,26.8084,26.3895,425,42907,0.0600079,0.13,1,4076801,4076376,425
310377941,25.1234,24.9558,425,42956,0.0660032,0.07,1,4076825,4076400,425
310380861,23.2493,23.7823,424,43005,0.0804013,0.07,1,4076847,4076423,424
310383781,27.8997,9.51293,455,43054,0.0861605,0.15,1,4076878,4076423,455
310386701,27.3599,21.2052,453,43103,0.0764642,0.13,1,4076905,4076452,453
310389621,24.744,25.2821,448,43152,0.0605857,0.09,1,4076928,4076480,448
310392541,18.2976,24.5128,438,43201,0.0782343,0.13,1,4076942,4076504,438
310427581,27.3327,27.8997,451,43784,0.202654,0.07,1,4077329,4076878,451
310430501,25.3331,27.3599,448,43832,0.219062,0.05,1,4077353,4076905,448
310433421,19.7332,24.744,441,43880,0.225625,0.09,1,4077369,4076928,441
310436341,37.8933,18.2976,477,43928,0.25225,0.19,1,4077419,4076942,477
310439261,32.5573,35.519,459,43976,0.2749,0.21,1,4077448,4076989,459
310442181,24.4229,32.2076,448,44024,0.29596,0.13,1,4077467,4077019,448
310445101,49.3692,24.883,494,44072,0.268384,0.17,1,4077533,4077039,494
310448021,36.5477,48.3532,458,44120,0.257354,0.15,1,4077561,4077103,458
310450941,35.6191,38.5413,461,44168,0.264941,0.07,1,4077596,4077135,461
310453861,32.8476,37.0165,456,44216,0.279977,0.11,1,4077627,4077171,456
310456781,27.5391,32.2066,451,44264,0.285991,0.15,1,4077651,4077200,451
310459701,26.6156,26.6826,454,44312,0.288396,0.17,1,4077677,4077223,454
310471381,12.3262,27.3327,433,44503,0.403431,0.23,1,4077762,4077329,433
310474301,19.3305,25.3331,433,44550,0.407372,0.23,1,4077786,4077353,433
310477221,17.3322,19.7332,433,44597,0.432949,0.27,1,4077802,4077369,433
310480141,38.1329,37.8933,435,44644,0.41918,0.29,1,4077854,4077419,435
310483061,33.2531,32.5573,436,44691,0.413672,0.31,1,4077884,4077448,436
310485981,24.1013,24.4229,435,44738,0.435469,0.25,1,4077902,4077467,435
310488901,48.6405,49.3692,434,44785,0.420188,0.25,1,4077967,4077533,434
310491821,36.2562,36.5477,434,44832,0.426075,0.27,1,4077995,4077561,434
310579421,38.3389,49.3817,481,46224,0.772238,0.63,2,4078891,4078410,481
310599861,30.6249,31.4889,482,46542,0.911408,0.69,2,4079104,4078622,482
310602781,13.45,29.9956,455,46587,0.922563,0.69,2,4079106,4078651,455
310605701,20.98,13.1982,479,46632,0.939025,0.71,2,4079132,4078653,479
310801341,344.703,338.296,527,21900,0.934,1,2,4081218,4080691,527
310804261,166.681,179.119,502,22724,0.7996,1,2,4081266,4080764,502
310810101,90.509,92.499,508,22910,0.760336,0.93,2,4081433,4080925,508
310815941,65.9614,74.7998,492,23095,0.758854,0.87,2,4081562,4081070,492
310818861,68.9846,77.3199,484,23187,0.753541,0.89,2,4081633,4081149,484
310830541,73.5932,78.6498,527,23550,0.927691,0.73,2,4081894,4081367,527
310929821,74.6919,60.88,553,26438,0.93208,1,2,4083926,4083373,553
310953181,31.4443,53.2297,467,27072,0.776182,0.91,2,4084304,4083837,467
310956101,62.3777,74.6919,461,27150,0.772473,0.79,2,4084387,4083926,461
310959021,75.3511,81.4767,459,27228,0.794989,0.55,2,4084471,4084012,459
310961941,48.1404,52.9907,455,27306,0.779996,0.65,2,4084501,4084046,455
310964861,40.8562,42.7963,455,27384,0.797998,0.71,2,4084537,4084082,455
310985301,77.0076,75.3511,460,27920,0.91453,0.77,2,4084931,4084471,460
311087501,36.6625,39.3742,488,30461,0.9376,1,2,4086686,4086198,488
311096261,62.3464,59.5439,498,30668,0.931206,1,2,4086855,4086357,498
311099181,45.9386,47.2176,494,30737,0.942483,1,2,4086890,4086396,494
311105021,34.5902,31.3148,498,30875,0.929597,1,2,4086957,4086459,498
311110861,80.1744,82.8904,480,31012,0.927536,0.99,2,4087106,4086626,480
311113781,50.0698,54.1561,475,31080,0.917014,0.9,2,4087136,4086661,475
311116701,33.2279,36.6625,472,31148,0.912806,1,2,4087158,4086686,472
311119621,43.2912,47.665,467,31216,0.935122,0.98,2,4087208,4086741,467
311125461,63.8066,16.7464,546,31352,0.94042,0.9,2,4087325,4086779,546
311128381,46.5226,52.2986,505,31419,0.934168,0.95,2,4087360,4086855,505
311131301,35.4091,41.9194,498,31486,0.931667,0.97,2,4087388,4086890,498
311134221,36.9636,38.3678,500,31553,0.942667,0.91,2,4087426,4086926,500
311236421,49.3349,55.4726,475,33820,0.933939,1,2,4089037,4088562,475
311239341,43.7339,35.989,492,33883,0.937575,1,2,4089077,4088585,492
311262701,21.0632,19.683,524,34379,0.416208,1,1,4089397,4088873,524
311271461,37.348,48.8277,507,34563,0.270237,0.94,1,4089544,4089037,507
311274381,35.9392,43.5311,502,34624,0.270095,0.99,1,4089579,4089077,502
311277301,35.9757,40.2124,500,34685,0.258038,0.94,1,4089615,4089115,500
311280221,47.9903,39.485,517,34746,0.277215,0.75,1,4089671,4089154,517
311283141,51.5961,53.594,508,34807,0.284886,0.59,1,4089725,4089217,508
311294821,19.7673,33.1576,452,35050,0.408621,0.39,1,4089836,4089384,452
311385341,55.6223,54.8933,462,36873,0.928185,0.85,2,4091074,4090612,462
311525501,31.281,39.4315,499,39530,0.945616,1,2,4092882,4092383,499
311528421,37.1124,44.5726,492,39583,0.912246,1,2,4092923,4092431,492
311531341,53.845,59.829,487,39636,0.790899,1,2,4092988,4092501,487
311548861,34.1813,31.721,496,39954,0.281814,1,1,4093190,4092694,496
311551781,39.4725,46.2884,483,40007,0.226726,0.99,1,4093233,4092750,483
311575141,34.7916,49.6409,479,40427,0.0854381,0.55,1,4093514,4093035,479
311578061,28.3166,40.8563,468,40479,0.0641753,0.39,1,4093538,4093070,468
311580981,22.7267,31.9425,461,40531,0.0436701,0.33,1,4093557,4093096,461
311604341,35.4966,26.2969,467,40947,0.216743,0.13,1,4093820,4093353,467
311607261,42.3987,35.1188,473,40999,0.272697,0.09,1,4093867,4093394,473
311610181,42.7595,43.4475,467,41050,0.295079,0.11,1,4093910,4093443,467
311613101,33.3038,41.979,453,41101,0.292032,0.07,1,4093937,4093484,453
311616021,28.9215,34.7916,449,41152,0.290813,0.05,1,4093963,4093514,449
311618941,23.5686,28.3166,445,41203,0.290325,0.03,1,4093983,4093538,445
311621861,26.8274,22.7267,455,41254,0.25413,0.17,1,4094012,4093557,455
311624781,31.131,25.8907,461,41305,0.263652,0.15,1,4094046,4093585,461
311627701,40.6524,30.1563,475,41356,0.255461,0.19,1,4094093,4093618,475
311630621,39.061,39.0625,468,41407,0.252184,0.17,1,4094131,4093663,468
311633541,33.6244,39.025,459,41458,0.274874,0.15,1,4094161,4093702,459
311636461,27.8498,33.01,454,41509,0.283949,0.19,1,4094185,4093731,454
311639381,12.3399,27.604,432,41560,0.28758,0.21,1,4094187,4093755,432
311651061,44.5767,42.7595,437,41764,0.425202,0.29,1,4094347,4093910,437
311653981,33.4307,33.3038,436,41815,0.440081,0.29,1,4094373,4093937,436
311732821,46.4556,40.9236,497,43155,0.760056,0.59,2,4095238,4094741,497
311735741,35.3822,45.7695,476,43204,0.778023,0.55,2,4095266,4094790,476
311738661,30.9529,35.1078,476,43253,0.797209,0.57,2,4095294,4094818,476
311750341,42.7156,31.2636,501,43449,0.905193,0.67,2,4095428,4094927,501
311753261,42.2862,40.7054,496,43498,0.944077,0.75,2,4095470,4094974,496
311940141,34.3475,31.086,527,46499,0.94,1,2,4097548,4097021,527
311992701,171.494,173.877,488,21270,0.75736,0.89,2,4098155,4097667,488
311995621,116.598,117.551,488,21370,0.788944,0.95,2,4098235,4097747,488
312086141,87.9231,87.4674,490,24257,0.9256,1,2,4100297,4099807,490
312091981,58.3477,59.7148,487,24431,0.782896,1,2,4100411,4099924,487
312100741,45.1103,42.1737,490,24690,0.415145,1,1,4100548,4100058,490
312112421,69.6412,75.3692,466,25032,0.0708677,0.71,1,4100830,4100364,466
312115341,49.4565,58.3477,455,25117,0.0583471,0.69,1,4100866,4100411,455
312118261,35.3826,41.9391,450,25201,0.0653388,0.47,1,4100892,4100442,450
312121181,49.553,58.7756,439,25285,0.0681355,0.31,1,4100951,4100512,439
312124101,37.2212,45.1103,432,25369,0.0932542,0.25,1,4100980,4100548,432
312138701,49.4995,67.5429,459,25784,0.0940269,0.05,1,4101289,4100830,459
312141621,34.1998,48.6172,447,25866,0.0676108,0.07,1,4101313,4100866,447
312144541,50.2799,35.0469,482,25948,0.0810443,0.07,1,4101374,4100892,482
312153301,59.6179,50.867,491,26192,0.225267,0.17,1,4101531,4101040,491
312156221,71.8472,57.5468,509,26273,0.228107,0.09,1,4101611,4101102,509
312159141,68.3389,74.6187,489,26354,0.253243,0.09,1,4101677,4101188,489
312162061,49.5355,68.2475,462,26434,0.275297,0.09,1,4101714,4101252,462
312164981,34.2142,49.499,449,26514,0.284119,0.05,1,4101738,4101289,449
312167901,51.4857,34.1996,488,26594,0.299648,0.09,1,4101801,4101313,488
312185421,52.1789,68.3389,435,27068,0.400923,0.29,1,4102112,4101677,435
312188341,43.6716,49.5355,436,27146,0.430369,0.29,1,4102150,4101714,436
312258421,73.9903,62.077,534,28959,0.901002,0.73,2,4103384,4102850,534
312261341,30.7961,72.2308,457,29032,0.918401,0.73,2,4103386,4102929,457
312264261,53.7185,30.0923,524,29105,0.93736,0.69,2,4103455,4102931,524
312375221,53.7505,79.874,504,31750,0.916,1,2,4105317,4104813,504
312389821,29.3763,20.3107,518,32081,0.787623,1,2,4105494,4104976,518
312398581,65.5041,53.4759,548,32279,0.755768,1,2,4105676,4105128,548
312401501,66.4016,65.1904,542,32345,0.776307,1,2,4105743,4105201,542
312404421,51.7607,69.8761,511,32410,0.772523,0.86,2,4105785,4105274,511
312407341,56.1043,53.7505,527,32475,0.771009,0.87,2,4105844,4105317,527
312410261,41.6417,58.7002,497,32540,0.770404,0.85,2,4105876,4105379,497
312413181,36.4567,43.8801,496,32605,0.782161,0.79,2,4105909,4105413,496
312416101,22.3827,37.352,476,32670,0.774865,0.81,2,4105922,4105446,476
312419021,28.7531,23.9408,494,32735,0.795946,0.77,2,4105955,4105461,494
312430701,64.6049,65.5041,461,32992,0.901128,0.79,2,4106137,4105676,461
312433621,66.042,66.4016,461,33056,0.918451,0.77,2,4106204,4105743,461
312436541,51.6168,51.7607,461,33120,0.949381,0.77,2,4106246,4105785,461
312582541,39.3595,32.2644,497,36176,0.928,1,2,4108355,4107858,497
312588381,26.4575,21.1223,507,36292,0.93448,1,2,4108406,4107899,507
312591301,29.183,31.8489,499,36350,0.775792,1,2,4108437,4107938,499
312600061,51.0677,49.8463,491,36524,0.431971,1,1,4108579,4108088,491
312602981,48.0271,54.1385,480,36582,0.238788,1,1,4108625,4108145,480
312605901,55.2108,49.8554,493,36640,0.0955153,1,1,4108685,4108192,493
312611741,41.3537,43.4969,482,36756,0.0956824,1,1,4108768,4108286,482
312614661,25.5415,32.3987,472,36813,0.044273,0.88,1,4108783,4108311,472
312617581,35.4166,39.3595,470,36870,0.0837092,1,1,4108825,4108355,470
312620501,30.3666,33.1438,468,36927,0.0994837,0.91,1,4108852,4108384,468
312640941,54.4102,43.8348,488,37326,0.084668,0,1,4109113,4108625,488
312643861,46.9641,53.5339,470,37383,0.0638672,0.11,1,4109155,4108685,470
312646781,39.1856,50.2136,456,37440,0.0795469,0.09,1,4109189,4108733,456
312649701,25.2743,41.0854,437,37496,0.0378187,0.01,1,4109205,4108768,437
312652621,35.3097,25.4342,464,37552,0.0331275,0.11,1,4109247,4108783,464
312655541,31.5239,35.3737,451,37608,0.043251,0.11,1,4109276,4108825,451
312658461,24.0096,30.3495,443,37664,0.0953004,0.15,1,4109295,4108852,443
312661381,25.2038,22.9398,451,37720,0.0921202,0.13,1,4109321,4108870,451
312687661,35.7984,25.2743,465,38222,0.0823813,0.03,1,4109670,4109205,465
312690581,33.5194,35.3097,455,38277,0.0989525,0.05,1,4109702,4109247,455
312693501,24.2077,31.5239,444,38332,0.093581,0.13,1,4109720,4109276,444
312696421,25.2831,24.0096,451,38387,0.0914324,0.09,1,4109746,4109295,451
312713941,41.8063,51.189,431,38717,0.222954,0.13,1,4109966,4109535,431
312716861,41.9225,47.4756,428,38772,0.227182,0.17,1,4110008,4109580,428
312719781,35.969,36.9902,430,38826,0.228873,0.11,1,4110040,4109610,430
312722701,21.5876,24.9961,425,38880,0.265549,0.05,1,4110052,4109627,425
312725621,33.835,35.7984,424,38934,0.26822,0.11,1,4110094,4109670,424
312728541,33.334,33.5194,425,38988,0.281288,0.09,1,4110127,4109702,425
312731461,24.7336,24.2077,426,39042,0.274515,0.09,1,4110146,4109720,426
312760661,21.9722,21.5876,434,39581,0.413842,0.27,1,4110486,4110052,434
312763581,34.5889,33.835,435,39634,0.423537,0.29,1,4110529,4110094,435
312766501,33.0356,33.334,434,39687,0.403415,0.27,1,4110561,4110127,434
312775261,29.7863,29.6374,438,39846,0.422059,0.35,1,4110643,4110205,438
312833661,39.1191,42.233,484,40894,0.752349,0.57,2,4111363,4110879,484
312836581,23.4476,37.8932,462,40946,0.75094,0.57,2,4111376,4110914,462
312839501,34.5791,22.3573,492,40998,0.762376,0.57,2,4111418,4110926,492
312842421,33.0316,34.7429,481,41049,0.77895,0.57,2,4111450,4110969,481
312859941,43.5822,47.256,496,41355,0.909567,0.71,2,4111679,4111183,496
312862861,18.6329,42.9024,458,41406,0.921827,0.71,2,4111681,4111223,458
313023461,43.8366,54.1682,509,44122,0.912061,1,2,4113566,4113057,509
313032221,38.8775,34.6188,519,44266,0.778132,1,2,4113677,4113158,519
313061421,32.4977,30.9789,484,44739,0.255196,0.96,1,4113948,4113464,484
313073101,35.1231,38.6939,462,44927,0.095765,0.73,1,4114100,4113638,462
313099381,16.8135,17.1105,436,45350,0.224972,0.33,1,4114326,4113890,436
313102301,13.9254,15.2442,434,45397,0.215989,0.21,1,4114338,4113904,434
313111061,37.0592,39.5196,425,45535,0.225743,0.09,1,4114459,4114034,425
313113981,32.8237,33.8079,425,45581,0.252297,0.09,1,4114489,4114064,425
313116901,34.7295,35.1231,425,45627,0.250919,0.21,1,4114525,4114100,425
313119821,38.4918,35.6493,430,45673,0.214368,0.13,1,4114566,4114136,430
313122741,32.1967,33.4597,426,45719,0.223747,0.19,1,4114594,4114168,426
313125661,33.2787,31.9839,429,45765,0.263499,0.21,1,4114628,4114199,429
313128581,27.1115,27.1936,428,45811,0.2914,0.17,1,4114651,4114223,428
313131501,25.2446,25.2774,428,45857,0.27856,0.17,1,4114675,4114247,428
313143181,16.5487,6.2535,449,46041,0.275883,0.25,1,4114755,4114306,449
313146101,15.0195,14.5014,443,46087,0.260353,0.21,1,4114769,4114326,443
313149021,27.6078,13.0006,467,46133,0.254141,0.17,1,4114805,4114338,467
313151941,41.0431,28.0002,479,46179,0.287657,0.19,1,4114855,4114376,479
313154861,37.4172,40.0001,466,46225,0.265063,0.25,1,4114890,4114424,466
313157781,34.1669,37,463,46271,0.292025,0.27,1,4114922,4114459,463
313186981,15.7314,12.8716,452,46723,0.401476,0.25,1,4115188,4114736,452
313189901,14.6925,16.5487,447,46768,0.40659,0.25,1,4115202,4114755,447
313192821,27.477,15.0195,469,46813,0.408636,0.25,1,4115238,4114769,469
313195741,41.5908,27.6078,484,46858,0.445454,0.31,1,4115289,4114805,484
313233701,13.2687,15.7314,442,47442,0.773252,0.41,2,4115630,4115188,442
313236621,13.7075,14.6925,442,47486,0.783301,0.41,2,4115644,4115202,442
313239541,28.283,27.477,444,47530,0.78732,0.47,2,4115682,4115238,444
313245381,37.6453,37.0363,446,47618,0.799171,0.51,2,4115769,4115323,446
313265821,27.8697,27.7135,457,47926,0.901486,0.73,2,4116007,4115550,457
313480441,318.251,353.411,474,23360,0.418,0.96,1,4118559,4118085,474
313527161,115.36,108.746,492,23451,0.09208,0.53,1,4118736,4118244,492
313530081,90.5441,97.4983,476,23541,0.042832,0.27,1,4118810,4118334,476
313533001,76.4176,88.7993,460,23631,0.0351328,0.11,1,4118877,4118417,460
313535921,60.567,72.1197,449,23721,0.0440531,0.25,1,4118927,4118478,449
313538841,42.8268,42.0479,458,23810,0.0596212,0.15,1,4118958,4118500,458
313541761,22.5307,37.8192,432,23899,0.0778485,0.03,1,4118967,4118535,432
313544681,54.6123,29.5277,484,23988,0.0851394,0.03,1,4119043,4118559,484
313550521,58.298,81.4044,422,24164,0.0820223,0.01,1,4119158,4118736,422
313553441,68.9192,76.9618,424,24252,0.0508089,0.03,1,4119234,4118810,424
313556361,67.1677,70.9847,423,24339,0.0503236,0.05,1,4119300,4118877,423
313559281,58.0671,58.3939,425,24426,0.0861294,0.07,1,4119352,4118927,425
313565121,21.5307,22.183,424,24599,0.206981,0.09,1,4119391,4118967,424
313570961,56.4849,54.1893,428,24771,0.216717,0.07,1,4119525,4119097,428
313573881,56.194,58.2757,423,24857,0.248687,0.03,1,4119581,4119158,423
313594321,57.8781,56.4849,433,25448,0.427844,0.23,1,4119958,4119525,433
313655641,54.6423,62.7932,450,27141,0.755275,0.57,2,4121116,4120666,450
313667321,61.8308,62.1595,451,27452,0.902487,0.63,2,4121306,4120855,451
313670241,59.5323,58.4638,453,27529,0.930995,0.69,2,4121364,4120911,453
313754921,49.6106,76.1038,503,29678,0.934,1,2,4122897,4122394,503
313757841,39.6442,44.2415,513,29749,0.9016,1,2,4122930,4122417,513
313769521,26.6277,34.2814,493,30033,0.783161,1,2,4123075,4122582,493
313787041,36.5543,39.6442,469,30453,0.430391,0.85,1,4123399,4122930,469
313789961,49.4217,56.0577,460,30522,0.430156,0.79,1,4123457,4122997,460
313792881,35.3687,37.4231,461,30591,0.430062,0.79,1,4123483,4123022,461
313845441,34.6327,46.7339,472,31814,0.757373,0.51,2,4124283,4123811,472
313848361,51.0531,34.2936,508,31881,0.764949,0.59,2,4124345,4123837,508
313851281,38.4212,49.7174,478,31947,0.76798,0.55,2,4124375,4123897,478
313860041,48.059,22.9099,518,32145,0.754511,0.65,2,4124490,4123972,518
313862961,51.6236,48.164,507,32211,0.751804,0.69,2,4124544,4124037,507
313865881,59.0494,50.4656,519,32277,0.750722,0.73,2,4124608,4124089,519
313874641,35.6752,47.5818,486,32473,0.760126,0.77,2,4124743,4124257,486
313877561,50.8701,34.6327,521,32538,0.790051,0.77,2,4124804,4124283,521
313892161,42.807,48.059,460,32862,0.902052,0.75,2,4124950,4124490,460
313895081,48.9228,51.6236,459,32926,0.906821,0.75,2,4125003,4124544,459
313898001,57.9691,59.0494,459,32990,0.944728,0.73,2,4125067,4124608,459
314192921,39.6401,42.289,489,38932,0.769501,1,2,4129217,4128728,489
314213361,35.6914,34.8681,487,39310,0.27101,0.95,1,4129457,4128970,487
314216281,29.2765,34.9472,477,39364,0.282404,1,1,4129482,4129005,477
314219201,48.9106,49.3789,480,39418,0.286962,1,1,4129544,4129064,480
314222121,38.1642,40.7516,476,39472,0.276785,0.94,1,4129575,4129099,476
314225041,30.8657,35.5006,470,39526,0.248714,0.79,1,4129601,4129131,470
314227961,34.5463,43.6002,458,39579,0.237486,0.71,1,4129638,4129180,458
314230881,34.2185,39.6401,455,39632,0.220994,0.59,1,4129672,4129217,455
314233801,31.0874,36.256,450,39685,0.226398,0.57,1,4129701,4129251,450
314236721,38.835,42.7024,447,39738,0.264559,0.53,1,4129745,4129298,447
314239641,35.934,39.881,443,39791,0.243824,0.39,1,4129779,4129336,443
314242561,28.1736,31.5524,440,39844,0.271529,0.33,1,4129802,4129362,440
314245481,20.2694,22.821,438,39897,0.270612,0.25,1,4129817,4129379,438
314248401,31.5078,33.7284,436,39950,0.234245,0.25,1,4129856,4129420,436
314251321,34.2031,35.6914,435,40003,0.231698,0.29,1,4129892,4129457,435
314254241,28.0812,29.2765,434,40056,0.266679,0.29,1,4129916,4129482,434
314257161,47.2325,48.9106,432,40109,0.280672,0.29,1,4129976,4129544,432
314260081,36.893,19.5642,462,40162,0.298269,0.27,1,4130006,4129544,462
314263001,30.3572,26.4257,457,40215,0.293307,0.23,1,4130032,4129575,457
314271761,30.5989,33.4672,459,40372,0.408772,0.23,1,4130131,4129672,459
314274681,39.2395,30.7869,475,40424,0.445509,0.29,1,4130176,4129701,475
314359361,30.0206,29.8468,446,41912,0.755462,0.49,2,4131127,4130681,446
314362281,20.4082,20.3387,446,41962,0.752185,0.51,2,4131141,4130695,446
314365201,32.1633,31.5355,447,42012,0.762874,0.53,2,4131181,4130734,447
314368121,36.2653,34.8142,449,42062,0.77915,0.55,2,4131220,4130771,449
314371041,28.9061,28.3257,449,42112,0.78566,0.55,2,4131244,4130795,449
314388561,35.0684,34.178,453,42412,0.910938,0.71,2,4131442,4130989,453
314391481,33.8273,31.0712,457,42462,0.910375,0.73,2,4131475,4131018,457
314394401,41.1309,40.6285,456,42512,0.94615,0.75,2,4131521,4131065,456
314552081,29.8146,29.6816,496,45114,0.936678,1,2,4133322,4132826,496
314563761,29.3521,30.0062,492,45302,0.781275,1,2,4133435,4132943,492
314590041,35.6634,36.3414,476,45718,0.757099,0.99,2,4133740,4133264,476
314598801,15.4345,19.1258,465,45856,0.761494,0.83,2,4133799,4133334,465
314607561,24.1238,13.7521,481,45994,0.784816,0.75,2,4133890,4133409,481
314610481,32.4495,21.1008,493,46040,0.787926,0.67,2,4133928,4133435,493
314622161,36.5043,30.9482,497,46224,0.915995,0.65,2,4134068,4133571,497
314625081,32.0017,37.5793,484,46270,0.936398,0.63,2,4134097,4133613,484
314848461,181.938,178.219,501,22724,0.765994,1,2,4136472,4135971,501
314868901,75.5467,31.7528,541,23369,0.75744,0.71,2,4136928,4136387,541
314880581,63.0188,66.4769,514,23730,0.93883,0.71,2,4137195,4136681,514
314982781,52.8157,48.0208,522,26678,0.94,1,2,4139243,4138721,522
314988621,78.1705,45.0033,573,26836,0.9484,1,2,4139379,4138806,573
314994461,40.7073,55.4405,500,26994,0.755344,1,2,4139450,4138950,500
315000301,65.1932,62.8705,497,27150,0.431655,1,1,4139588,4139091,497
315006141,43.0709,46.5393,484,27306,0.255065,0.9,1,4139670,4139186,484
315011981,40.2513,40.9263,491,27461,0.0480104,0.93,1,4139767,4139276,491
315014901,63.5005,78.1705,467,27538,0.0492041,0.79,1,4139846,4139379,467
315017821,46.4002,55.2682,462,27615,0.0376817,0.69,1,4139881,4139419,462
315020741,31.7601,40.7073,453,27692,0.0210727,0.47,1,4139903,4139450,453
315023661,45.704,56.4829,441,27768,0.0384291,0.33,1,4139958,4139517,441
315026581,58.4816,65.1932,437,27844,0.0453716,0.25,1,4140025,4139588,437
315029501,49.7926,53.6773,435,27920,0.0841487,0.21,1,4140069,4139634,435
315041181,61.9083,63.5005,422,28222,0.0708422,0.03,1,4140268,4139846,422
315044101,45.7633,46.4002,422,28297,0.0583369,0.01,1,4140303,4139881,422
315047021,31.5053,31.7601,422,28372,0.0293348,0.01,1,4140325,4139903,422
315049941,45.0021,12.704,476,28447,0.0297339,0.05,1,4140379,4139903,476
315052861,59.4009,38.0816,490,28521,0.0298936,0.05,1,4140448,4139958,490
315055781,50.7603,55.4326,468,28595,0.0539574,0.11,1,4140493,4140025,468
315058701,42.5041,48.5731,461,28669,0.075583,0.17,1,4140530,4140069,461
315061621,50.0017,39.8292,482,28743,0.0962332,0.11,1,4140585,4140103,482
315067461,61.5203,37.6927,501,28890,0.0717973,0.05,1,4140691,4140190,501
315070381,44.4081,61.8771,456,28963,0.0587189,0.05,1,4140724,4140268,456
315073301,31.5632,45.7508,444,29036,0.0414876,0.01,1,4140747,4140303,444
315076221,45.0253,31.5003,476,29109,0.034595,0.03,1,4140801,4140325,476
315079141,59.4101,45.0001,491,29182,0.031838,0.03,1,4140870,4140379,491
315082061,51.964,59.4001,469,29255,0.0307352,0.07,1,4140917,4140448,469
315084981,43.5856,50.76,462,29327,0.0662941,0.09,1,4140955,4140493,462
315122941,60.904,59.5255,431,30251,0.244412,0.19,1,4141545,4141114,431
315125861,44.1616,43.6102,431,30321,0.259765,0.19,1,4141578,4141147,431
315128781,30.8646,30.6441,431,30391,0.265906,0.15,1,4141600,4141169,431
315131701,44.1459,44.6576,430,30461,0.292362,0.13,1,4141653,4141223,430
315146301,52.4793,50.6499,430,30806,0.413499,0.17,1,4141869,4141439,430
315149221,38.9917,38.26,430,30875,0.4234,0.29,1,4141899,4141469,430
315213461,47.8565,65.1408,487,32349,0.764851,0.65,2,4142910,4142423,487
315216381,32.3426,46.4563,475,32414,0.791941,0.63,2,4142932,4142457,475
315219301,48.337,32.3825,511,32479,0.790776,0.67,2,4142991,4142480,511
315236821,45.0075,54.382,456,32868,0.903617,0.71,2,4143215,4142759,456
315496701,37.547,47.8726,504,38170,0.9448,1,2,4146936,4146432,504
315517141,39.1011,61.0528,501,38555,0.20847,1,1,4147190,4146689,501
315522981,20.1762,37.3685,483,38665,0.0633552,1,1,4147236,4146753,483
315525901,32.6705,36.5474,488,38720,0.0253421,1,1,4147277,4146789,488
315528821,53.2682,61.419,477,38775,0.0161368,0.97,1,4147344,4146867,477
315531741,43.5073,47.3676,476,38829,0.0484547,0.92,1,4147381,4146905,476
315534661,30.6029,37.547,467,38883,0.0493819,0.76,1,4147403,4146936,467
315537581,26.0412,31.8188,462,38937,0.0617528,0.67,1,4147426,4146964,462
315540501,27.8165,33.1275,457,38991,0.0667011,0.61,1,4147455,4146998,457
315543421,26.7266,32.451,451,39045,0.0686804,0.57,1,4147481,4147030,451
315546341,29.8906,34.5804,447,39099,0.0454722,0.43,1,4147513,4147066,447
315549261,26.3563,30.6322,443,39153,0.0481889,0.31,1,4147537,4147094,443
315552181,44.1425,51.2529,434,39207,0.0612755,0.09,1,4147593,4147159,434
315555101,33.257,39.1011,429,39261,0.0545102,0.05,1,4147619,4147190,429
315558021,32.5028,38.4405,423,39315,0.0398041,0.03,1,4147651,4147228,423
315560941,17.8011,20.1762,423,39369,0.0339216,0,1,4147659,4147236,423
315563861,31.1204,32.6705,422,39423,0.0135687,0.01,1,4147699,4147277,422
315566781,53.2482,53.2682,423,39477,0.0714275,0.07,1,4147767,4147344,423
315578461,28.176,27.8165,423,39689,0.0992205,0.07,1,4147878,4147455,423
315581381,26.2704,26.7266,422,39742,0.0936882,0.03,1,4147903,4147481,422
315584301,30.3082,29.8906,423,39795,0.0674753,0.05,1,4147936,4147513,423
315587221,26.5233,26.3563,423,39848,0.0809901,0.07,1,4147960,4147537,423
315590141,45.4093,44.1425,425,39901,0.098396,0.05,1,4148018,4147593,425
315601821,29.9337,7.12045,461,40113,0.0491269,0,1,4148120,4147659,461
315604741,54.5735,26.8482,492,40166,0.0256508,0.11,1,4148191,4147699,492
315607661,44.6294,51.5393,462,40219,0.0282603,0.13,1,4148229,4147767,462
315610581,31.6518,42.8157,448,40271,0.0413041,0.15,1,4148252,4147804,448
315613501,25.8607,30.3263,448,40323,0.0465216,0.15,1,4148274,4147826,448
315616421,28.3443,25.3305,456,40375,0.0486087,0.07,1,4148304,4147848,456
315619341,25.7377,28.1322,450,40427,0.0614435,0.09,1,4148328,4147878,450
315666061,46.0312,25.958,486,41254,0.216872,0.11,1,4148869,4148383,486
315668981,34.0125,45.7832,453,41305,0.236749,0.13,1,4148895,4148442,453
315671901,32.805,33.9133,459,41356,0.256699,0.15,1,4148927,4148468,459
315674821,17.922,32.1653,436,41407,0.26468,0.15,1,4148935,4148499,436
315677741,27.5688,17.6661,462,41458,0.267872,0.19,1,4148969,4148507,462
315689421,27.2258,32.1899,427,41662,0.40761,0.13,1,4149102,4148675,427
315695261,29.0761,29.0304,429,41764,0.400017,0.19,1,4149157,4148728,429
315701101,32.2522,30.4449,432,41865,0.403603,0.21,1,4149218,4148786,432
315704021,27.3009,26.5779,432,41915,0.443441,0.23,1,4149242,4148810,432
315788701,50.1807,28.1549,514,43351,0.792621,0.63,2,4150199,4149685,514
315823741,32.5784,27.3229,493,43931,0.917397,0.71,2,4150564,4150071,493
315826661,30.4314,33.1292,485,43979,0.912959,0.75,2,4150593,4150108,485
316010621,34.8646,40.4161,508,46904,0.912594,1,2,4152628,4152120,508
316022301,42.4653,46.8363,516,47084,0.785266,1,2,4152787,4152271,516
316025221,40.3861,47.5345,507,47129,0.788107,0.94,2,4152826,4152319,507
316028141,23.9545,36.4138,491,47174,0.789243,0.97,2,4152839,4152348,491
316031061,20.3818,22.9655,495,47219,0.777697,1,2,4152857,4152362,495
316033981,27.3527,25.3862,500,47264,0.797079,1,2,4152889,4152389,500
316054421,45.1183,43.6615,473,47575,0.913083,0.86,2,4153072,4152599,473
316057341,35.4473,34.8646,473,47619,0.923233,0.86,2,4153101,4152628,473
316060261,30.3789,33.1458,468,47663,0.915293,0.83,2,4153128,4152660,468
316063181,30.7516,33.6583,465,47707,0.924117,0.83,2,4153159,4152694,465
316066101,39.9006,44.6633,459,47751,0.927647,0.75,2,4153205,4152746,459
316232541,29.2581,20.6264,535,50203,0.946,1,2,4154906,4154371,535
316235461,19.5032,28.0506,515,50245,0.9304,1,2,4154919,4154404,515
316258821,36.7692,44.8636,491,50581,0.905481,1,2,4155152,4154661,491
316267581,31.7532,32.1753,489,50707,0.760431,1,2,4155252,4154763,489
316293861,21.2406,25.0562,475,51078,0.416451,0.94,1,4155480,4155005,475
316302621,36.9274,33.3076,480,51201,0.298573,0.84,1,4155561,4155081,480
316305541,27.371,31.923,470,51242,0.281429,0.91,1,4155582,4155112,470
316308461,30.1484,36.7692,462,51283,0.262572,0.83,1,4155614,4155152,462
316311381,33.0594,35.7077,462,51324,0.279029,0.77,1,4155649,4155187,462
316331821,22.833,24.7735,445,51611,0.417246,0.49,1,4155832,4155387,445
316334741,15.1332,16.5094,444,51652,0.424898,0.49,1,4155842,4155398,444
316337661,25.2533,27.0038,442,51693,0.439959,0.43,1,4155874,4155432,442
316340581,29.9013,30.6015,442,51734,0.445984,0.39,1,4155907,4155465,442
316343501,19.1605,21.2406,439,51775,0.424394,0.39,1,4155919,4155480,439
316346421,11.2642,8.49624,445,51816,0.439757,0.37,1,4155925,4155480,445
316469061,34.3445,33.0851,455,53496,0.905827,0.65,2,4157049,4156594,455
316471981,28.1378,27.034,456,53535,0.908331,0.73,2,4157073,4156617,456
316477821,30.902,30.1254,457,53613,0.924133,0.71,2,4157138,4156681,457
316480741,19.5608,19.2502,457,53652,0.915653,0.71,2,4157150,4156693,457
316483661,27.0243,26.9001,457,53691,0.924261,0.71,2,4157182,4156725,457
316486581,16.2097,15.56,458,53730,0.939705,0.75,2,4157191,4156733,458
316489501,27.4839,26.624,459,53769,0.909882,0.75,2,4157226,4156767,459
316495341,19.9974,19.8598,459,53847,0.917181,0.75,2,4157270,4156811,459
316498261,11.599,11.5439,459,53886,0.900872,0.75,2,4157276,4156817,459
316504101,8.33583,8.32703,459,53964,0.91574,0.85,2,4157300,4156841,459
316507021,35.7343,33.3308,463,54003,0.924296,0.83,2,4157354,4156891,463
316509941,27.4937,25.3323,465,54042,0.939718,0.91,2,4157376,4156911,465
316667621,337.922,348.892,504,26280,0.778,0.94,2,4159261,4158757,504
316730401,41.0581,48.7568,463,26681,0.7718,0.61,2,4159676,4159213,463
316736241,28.0493,26.8811,467,26839,0.796688,0.59,2,4159728,4159261,467
316745001,60.6912,78.0644,451,27075,0.902748,0.61,2,4159914,4159463,451
316747921,65.0765,70.8258,453,27153,0.919099,0.71,2,4159982,4159529,453
316750841,68.0306,67.9303,457,27231,0.92564,0.79,2,4160052,4159595,457
316888081,47.2739,43.1187,490,30671,0.756208,1,2,4162430,4161940,490
316908521,54.9961,61.404,469,31151,0.445358,0.81,1,4162749,4162280,469
316961081,30.8079,22.6317,486,32352,0.759676,0.57,2,4163511,4163025,486
316969841,56.6677,54.0804,509,32547,0.904699,0.61,2,4163699,4163190,509
317139201,49.9296,48.6272,492,36122,0.93832,1,2,4166179,4165687,492
317145041,51.5487,45.3403,493,36239,0.792131,1,2,4166275,4165782,493
317162561,30.0178,30.7512,509,36587,0.213037,1,1,4166477,4165968,509
317168401,40.4428,49.5602,476,36703,0.0712859,0.95,1,4166561,4166085,476
317171321,37.7771,43.8241,472,36761,0.0465144,0.93,1,4166597,4166125,472
317174241,45.1109,49.9296,468,36818,0.0486058,0.85,1,4166647,4166179,468
317177161,41.4443,43.3719,468,36875,0.0494423,0.73,1,4166686,4166218,468
317180081,44.7777,51.5487,458,36932,0.0497769,0.61,1,4166733,4166275,458
317183001,37.7111,47.0195,447,36989,0.0499108,0.53,1,4166766,4166319,447
317185921,33.6844,41.0078,441,37046,0.0619643,0.41,1,4166797,4166356,441
317188841,32.6738,34.4031,443,37103,0.0427857,0.31,1,4166829,4166386,443
317191761,28.0695,32.3612,437,37160,0.0711143,0.31,1,4166854,4166417,437
317194681,28.6278,12.9445,466,37217,0.0584457,0.31,1,4166883,4166417,466
317197601,25.8511,23.7778,459,37274,0.0533783,0.13,1,4166907,4166448,459
317200521,29.5404,26.9111,462,37331,0.0993513,0.13,1,4166939,4166477,462
317203441,38.2162,35.3644,465,37388,0.0697405,0.01,1,4166983,4166518,465
317206361,36.2865,39.9458,457,37445,0.0698962,0.03,1,4167018,4166561,457
317209281,44.5146,37.5783,471,37501,0.0459585,0.05,1,4167068,4166597,471
317212201,41.2058,45.0313,460,37557,0.0243834,0.05,1,4167107,4166647,460
317215121,45.8823,41.4125,470,37613,0.0277534,0.05,1,4167156,4166686,470
317218041,36.9529,44.765,454,37669,0.0651013,0.05,1,4167187,4166733,454
317220961,35.1812,37.706,455,37725,0.0920405,0.07,1,4167221,4166766,455
317244321,44.278,36.2865,472,38172,0.0894805,0.03,1,4167490,4167018,472
317247241,40.5112,44.5146,460,38227,0.0657922,0.01,1,4167528,4167068,460
317250161,46.8045,41.2058,472,38282,0.0683169,0.03,1,4167579,4167107,472
317258921,31.9635,35.1812,455,38447,0.223972,0.15,1,4167676,4167221,455
317261841,27.1854,31.4725,450,38502,0.239589,0.09,1,4167700,4167250,450
317264761,31.8742,27.589,460,38557,0.257836,0.13,1,4167735,4167275,460
317267681,28.3497,30.8356,453,38612,0.277134,0.13,1,4167761,4167308,453
317270601,12.5399,26.7342,431,38667,0.296854,0.19,1,4167763,4167332,431
317288121,48.819,46.8045,427,38993,0.289832,0.15,1,4168006,4167579,427
317291041,41.1276,38.5218,430,39047,0.289933,0.23,1,4168042,4167612,430
317334841,33.8815,33.7004,437,39850,0.401053,0.31,1,4168547,4168110,437
317337761,28.5526,27.8802,438,39903,0.418421,0.33,1,4168572,4168134,438
317343601,30.6084,29.9008,439,40009,0.442547,0.35,1,4168637,4168198,439
317399081,38.0645,39.5841,483,41001,0.754008,0.53,2,4169272,4168789,483
317402001,47.6258,37.4337,501,41052,0.763603,0.55,2,4169326,4168825,501
317404921,40.6503,47.9735,482,41103,0.767441,0.51,2,4169362,4168880,482
317407841,40.8601,40.7894,487,41154,0.768976,0.53,2,4169403,4168916,487
317410761,35.544,39.7158,480,41205,0.793591,0.57,2,4169435,4168955,480
317419521,31.4108,35.1578,479,41358,0.92079,0.61,2,4169530,4169051,479
317422441,13.7643,30.8631,453,41409,0.938316,0.61,2,4169532,4169079,453
317612241,28.468,34.6099,500,44601,0.932828,1,2,4171734,4171234,500
317623921,35.9224,37.5196,488,44789,0.94332,1,2,4171893,4171405,488
317626841,34.769,31.2078,495,44836,0.929328,1,2,4171927,4171432,495
317638521,35.3781,22.4949,506,45024,0.932191,1,2,4172032,4171526,506
317641441,34.5512,31.798,502,45071,0.942876,1,2,4172066,4171564,502
317810801,22.2572,26.6803,484,47709,0.92104,1,2,4173882,4173398,484
317816641,36.4412,27.9088,503,47797,0.782166,1,2,4173962,4173459,503
317837081,35.6612,33.543,507,48105,0.234828,1,1,4174194,4173687,507
317840001,25.6645,35.0172,490,48149,0.243931,1,1,4174213,4173723,490
317842921,29.4658,30.8069,494,48193,0.235572,1,1,4174245,4173751,494
317848761,29.0745,32.7691,490,48281,0.228492,0.99,1,4174306,4173816,490
317851681,24.2298,31.1076,481,48325,0.217397,1,1,4174327,4173846,481
317854601,14.4919,19.6431,477,48369,0.212959,0.87,1,4174335,4173858,477
317875041,28.6564,34.8305,439,48672,0.217282,0.33,1,4174527,4174088,439
317877961,28.2625,33.1322,435,48715,0.224913,0.25,1,4174555,4174120,435
317880881,34.105,36.6529,434,48758,0.263965,0.19,1,4174593,4174159,434
317883801,34.042,35.6612,433,48801,0.279586,0.25,1,4174627,4174194,433
317886721,25.0168,25.6645,433,48844,0.285834,0.25,1,4174646,4174213,433
317889641,27.4067,10.2658,462,48887,0.288334,0.23,1,4174675,4174213,462
317892561,30.7627,23.3063,463,48930,0.289334,0.17,1,4174708,4174245,463
317927601,37.322,28.2624,474,49446,0.440316,0.29,1,4175029,4174555,474
317930521,33.5288,34.105,467,49489,0.422126,0.29,1,4175060,4174593,467
317933441,25.4115,34.042,453,49532,0.414851,0.29,1,4175080,4174627,453
317988921,14.5726,30.7058,449,50331,0.768363,0.55,2,4175592,4175143,449
318044401,22.5404,22.2516,462,51121,0.922928,0.81,2,4176104,4175642,462
318047321,13.8162,13.7006,462,51162,0.915171,0.81,2,4176112,4175650,462
318050241,18.1265,17.4803,463,51203,0.948068,0.87,2,4176133,4175670,463
318053161,29.4506,27.9921,465,51244,0.949227,0.91,2,4176170,4175705,465
318308661,111.247,105.241,478,24905,0.0712,0.51,1,4178734,4178256,478
318311581,88.2988,84.6964,480,24990,0.08248,0.17,1,4178807,4178327,480
318314501,64.1195,82.4786,447,25075,0.086992,0.09,1,4178855,4178408,447
318317421,72.4478,70.7914,462,25160,0.0407968,0.05,1,4178933,4178471,462
318320341,45.7791,60.7166,436,25244,0.0343187,0.03,1,4178961,4178525,436
318323261,31.5116,39.8866,432,25328,0.0557275,0,1,4178983,4178551,432
318326181,33.0047,26.7547,448,25412,0.028291,0,1,4179017,4178569,448
318329101,43.2019,37.1019,454,25495,0.0293164,0.03,1,4179067,4178613,454
318332021,71.2807,55.6407,476,25578,0.0297266,0,1,4179157,4178681,476
318334941,72.3123,54.0563,496,25661,0.0778906,0.09,1,4179230,4178734,496
318337861,58.9249,65.4225,473,25744,0.0971562,0.09,1,4179280,4178807,473
318340781,67.97,54.969,499,25826,0.0568625,0.01,1,4179354,4178855,499
318343701,44.588,68.7876,450,25908,0.040745,0.03,1,4179383,4178933,450
318346621,31.0352,44.315,444,25990,0.034298,0.07,1,4179405,4178961,444
318349541,32.8141,30.926,456,26072,0.0317192,0.01,1,4179439,4178983,456
318352461,43.1256,32.7704,472,26153,0.0906877,0.03,1,4179489,4179017,472
318355381,74.2503,43.1082,517,26234,0.0422751,0.03,1,4179584,4179067,517
318358301,72.9001,71.2433,499,26315,0.08291,0.11,1,4179656,4179157,499
318364141,65.664,58.9189,496,26476,0.0864656,0.03,1,4179776,4179280,496
318367061,43.6656,67.9676,451,26556,0.0525862,0.03,1,4179805,4179354,451
318369981,31.2662,44.587,445,26636,0.0630345,0.03,1,4179828,4179383,445
318372901,32.9065,31.0348,457,26716,0.0672138,0.03,1,4179862,4179405,457
318375821,45.5626,32.8139,477,26795,0.0688855,0.13,1,4179916,4179439,477
318378741,73.425,43.1256,519,26874,0.0455542,0.01,1,4180008,4179489,519
318381661,30.57,74.2502,426,26953,0.0362217,0.11,1,4180010,4179584,426
318384581,56.028,72.9001,427,27032,0.0564887,0.13,1,4180083,4179656,427
318419621,40.7137,40.7618,427,27957,0.224408,0.13,1,4180655,4180228,427
318422541,30.6855,30.1047,428,28033,0.215763,0.17,1,4180679,4180251,428
318425461,33.8742,33.6419,428,28109,0.248305,0.19,1,4180715,4180287,428
318428381,48.3497,45.8568,432,28184,0.261322,0.19,1,4180773,4180341,432
318448821,30.9318,38.5191,455,28706,0.412044,0.21,1,4181110,4180655,455
318451741,34.5727,29.8076,468,28780,0.410818,0.27,1,4181147,4180679,468
318454661,49.8291,33.523,492,28854,0.410327,0.27,1,4181207,4180715,492
318498461,53.5019,65.2661,454,29935,0.783655,0.65,2,4181954,4181500,454
318501381,37.6007,41.7064,455,30006,0.787462,0.67,2,4181981,4181526,455
318518901,61.3131,60.0915,458,30427,0.910266,0.75,2,4182281,4181823,458
318521821,59.3252,57.6366,460,30497,0.946106,0.75,2,4182339,4181879,460
318629861,38.9843,51.0902,482,32966,0.946,1,2,4183992,4183510,482
318632781,76.1937,75.6361,491,33030,0.9304,1,2,4184093,4183602,491
318635701,50.2775,39.2544,509,33094,0.93616,1,2,4184126,4183617,509
318659061,22.458,31.4608,484,33602,0.28002,0.91,1,4184432,4183948,484
318667821,43.7013,50.2775,468,33791,0.0724013,0.87,1,4184594,4184126,468
318670741,43.8805,48.911,464,33854,0.0349605,0.75,1,4184638,4184174,464
318673661,48.7522,54.9644,457,33916,0.0439842,0.57,1,4184690,4184233,457
318676581,35.1009,41.7858,450,33978,0.0235937,0.49,1,4184716,4184266,450
318679501,42.8404,48.5143,445,34040,0.0394375,0.45,1,4184764,4184319,445
318682421,36.9361,40.4057,443,34102,0.045775,0.25,1,4184797,4184354,443
318685341,29.7745,35.3623,436,34164,0.06031,0.31,1,4184822,4184386,436
318688261,29.9098,32.1449,436,34226,0.066124,0.31,1,4184852,4184416,436
318691181,19.1639,12.858,448,34288,0.0684496,0.25,1,4184864,4184416,448
318694101,36.4656,14.7432,480,34350,0.0933798,0.13,1,4184912,4184432,480
318697021,58.3862,38.2973,499,34412,0.0553519,0.05,1,4184985,4184486,499
318699941,41.3545,61.5189,452,34473,0.0641408,0.05,1,4185015,4184563,452
318702861,42.9418,43.2076,465,34534,0.0556563,0.01,1,4185059,4184594,465
318729141,56.0263,36.4654,495,35081,0.240964,0.03,1,4185407,4184912,495
318732061,40.4105,58.3862,452,35141,0.270385,0.07,1,4185437,4184985,452
318734981,41.9642,41.3545,465,35201,0.270154,0.05,1,4185480,4185015,465
318737901,52.7857,42.9418,481,35261,0.210062,0.15,1,4185540,4185059,481
318761261,17.1392,38.0657,435,35738,0.204873,0.27,1,4185774,4185339,435
318764181,47.6557,56.0263,435,35797,0.255949,0.29,1,4185842,4185407,435
318781701,37.2948,37.4343,431,36151,0.425505,0.19,1,4186079,4185648,431
318784621,29.3179,29.3737,431,36209,0.440202,0.19,1,4186103,4185672,431
318854701,30.677,38.4843,473,37584,0.758601,0.57,2,4186994,4186521,473
318857621,34.4708,29.7937,486,37640,0.77744,0.61,2,4187031,4186545,486
318860541,23.3883,32.9175,467,37696,0.796976,0.63,2,4187047,4186580,467
318875141,43.0565,38.9454,501,37976,0.912702,0.69,2,4187254,4186753,501
318878061,52.0226,42.5782,514,38032,0.947081,0.75,2,4187312,4186798,514
319024061,39.1437,40.8464,507,40715,0.902128,1,2,4189138,4188631,507
319026981,35.4575,33.1385,512,40767,0.774851,1,2,4189171,4188659,512
319059101,35.4763,36.1482,508,41333,0.261071,0.93,1,4189567,4189059,508
319062021,33.9905,37.8593,502,41384,0.266428,0.87,1,4189600,4189098,502
319070781,36.7354,35.783,492,41537,0.277931,0.61,1,4189699,4189207,492
319073701,15.8942,40.1132,451,41588,0.261173,0.61,1,4189701,4189250,451
319085381,28.8805,32.0109,440,41792,0.403502,0.29,1,4189838,4189398,440
319088301,30.1522,32.6044,438,41843,0.443401,0.37,1,4189869,4189431,438
319175901,28.2265,34.3927,472,43329,0.773103,0.57,2,4190820,4190348,472
319178821,34.0906,28.7571,485,43378,0.783241,0.57,2,4190858,4190373,485
319181741,35.2362,34.3028,483,43427,0.799296,0.55,2,4190894,4190411,483
319193421,38.0588,32.4622,492,43621,0.920222,0.67,2,4191034,4190542,492
319196341,16.4235,36.9849,454,43669,0.938089,0.67,2,4191036,4190582,454
319418261,35.0633,34.914,508,47198,0.76264,1,2,4193522,4193014,508
319431401,35.0285,29.4042,536,47422,0.267691,1,1,4193693,4193157,536
319483961,165.445,182.065,439,21997,0.0644306,0.01,1,4194233,4193794,439
319486881,100.978,101.026,450,22093,0.0437722,0.01,1,4194291,4193841,450
319489801,70.3911,76.4103,440,22189,0.0235089,0.01,1,4194341,4193901,440
319492721,77.3565,74.9641,448,22285,0.0394036,0.01,1,4194423,4193975,448
319495641,68.7426,62.9857,456,22380,0.0337614,0.05,1,4194486,4194030,456
319498561,61.697,61.1943,453,22475,0.0555046,0.05,1,4194543,4194090,453
319501481,34.2788,41.8777,440,22569,0.0642018,0.09,1,4194559,4194119,440
319504401,70.7115,34.7511,505,22663,0.0316807,0,1,4194654,4194149,505
319507321,63.6846,64.3004,480,22757,0.0306723,0.03,1,4194713,4194233,480
319510241,55.4738,60.5202,472,22850,0.0302689,0.01,1,4194763,4194291,472
319513161,73.7895,54.2081,508,22943,0.0661076,0.05,1,4194849,4194341,508
319524841,68.3786,33.8645,517,23310,0.0611643,0.01,1,4195076,4194559,517
319527761,62.7514,70.5458,481,23401,0.0424657,0.03,1,4195135,4194654,481
319530681,55.1006,63.6183,472,23492,0.0589863,0.03,1,4195185,4194713,472
319533601,75.4402,55.4473,511,23582,0.0415945,0.09,1,4195274,4194763,511
319536521,65.5761,73.7789,484,23672,0.0346378,0.13,1,4195333,4194849,484
319539441,63.4304,64.9116,487,23762,0.0318551,0.13,1,4195395,4194908,487
319542361,37.3722,61.3646,448,23851,0.0907421,0.15,1,4195415,4194967,448
319545281,65.3489,35.9459,513,23940,0.0902968,0.01,1,4195499,4194986,513
319548201,27.3395,68.3783,425,24029,0.0901187,0.03,1,4195501,4195076,425
319554041,49.2543,55.1005,425,24205,0.046819,0.03,1,4195610,4195185,425
319556961,71.9017,75.4402,423,24293,0.0487276,0.03,1,4195697,4195274,423
319559881,64.1607,65.5761,423,24380,0.061491,0.03,1,4195756,4195333,423
319562801,64.6643,63.4304,426,24467,0.0305964,0.13,1,4195821,4195395,426
319565721,37.8657,37.3722,426,24554,0.0542386,0.09,1,4195841,4195415,426
319574481,44.3754,45.1358,423,24812,0.236031,0.01,1,4195981,4195558,423
319577401,48.3502,49.2543,422,24897,0.244413,0.05,1,4196032,4195610,422
319580321,71.5401,71.9017,422,24982,0.247765,0.07,1,4196119,4195697,422
319583241,64.616,64.1607,423,25067,0.249106,0.01,1,4196179,4195756,423
319586161,64.2464,64.6643,422,25152,0.225642,0.07,1,4196243,4195821,422
319592001,68.3594,64.3463,430,25320,0.226903,0.21,1,4196353,4195923,430
319594921,28.5438,26.9385,430,25404,0.240761,0.27,1,4196355,4195925,430
319597841,47.4175,44.3754,434,25487,0.258304,0.27,1,4196415,4195981,434
319600761,48.967,17.7502,484,25570,0.265322,0.25,1,4196465,4195981,484
319679601,62.7175,61.3926,456,27721,0.914128,0.71,2,4197896,4197440,456
319682521,62.887,62.357,456,27797,0.947651,0.75,2,4197959,4197503,456
319778881,39.652,43.7633,485,30209,0.771088,1,2,4199636,4199151,485
319790561,54.5111,56.4355,489,30489,0.26958,1,1,4199855,4199366,489
319796401,38.2418,46.4697,477,30627,0.0827328,0.92,1,4199924,4199447,477
319799321,32.0967,37.1879,474,30696,0.0510931,0.81,1,4199952,4199478,474
319802241,64.4387,73.0751,463,30765,0.0504372,0.81,1,4200038,4199575,463
319805161,38.9755,43.6301,461,30834,0.0261749,0.73,1,4200060,4199599,461
319808081,35.3902,39.652,457,30903,0.01647,0.55,1,4200093,4199636,457
319811001,51.9561,57.8608,450,30971,0.036588,0.47,1,4200156,4199706,450
319813921,33.3824,39.9443,443,31039,0.0686352,0.19,1,4200177,4199734,443
319828521,30.3697,15.2967,449,31379,0.0969428,0.03,1,4200373,4199924,449
319831441,64.9479,22.9187,509,31446,0.0567771,0.05,1,4200461,4199952,509
319834361,37.9791,60.7675,443,31513,0.0527108,0.01,1,4200481,4200038,443
319837281,34.9917,37.507,454,31580,0.0510843,0.01,1,4200514,4200060,454
319840201,52.3967,34.8028,485,31647,0.0264337,0.05,1,4200578,4200093,485
319843121,35.3587,51.7211,446,31714,0.0405735,0.09,1,4200602,4200156,446
319846041,50.1435,33.2884,485,31781,0.0702294,0.15,1,4200662,4200177,485
319851881,37.063,45.8862,458,31914,0.211637,0.19,1,4200738,4200280,458
319854801,34.6252,37.5545,459,31980,0.234655,0.11,1,4200771,4200312,459
319857721,30.6501,35.4218,453,32046,0.255862,0.07,1,4200799,4200346,453
319860641,63.26,30.3687,511,32112,0.240345,0.03,1,4200884,4200373,511
319863561,36.704,64.9475,442,32178,0.234138,0.05,1,4200903,4200461,442
319866481,33.8816,37.979,454,32244,0.231655,0.05,1,4200935,4200481,454
319869401,53.1526,34.9916,487,32310,0.206662,0.01,1,4201001,4200514,487
319872321,35.6611,52.3966,447,32375,0.208665,0.05,1,4201025,4200578,447
319875241,52.0644,35.3587,486,32440,0.209466,0.09,1,4201088,4200602,486
319895681,21.2398,36.704,433,32894,0.211132,0.23,1,4201336,4200903,433
319898601,27.6959,33.8816,433,32958,0.234453,0.19,1,4201368,4200935,433
319901521,49.4784,53.1526,431,33022,0.267781,0.21,1,4201432,4201001,431
319904441,34.7913,35.6611,432,33086,0.269112,0.21,1,4201457,4201025,432
319907361,50.5165,52.0644,430,33150,0.257645,0.11,1,4201518,4201088,430
319910281,50.8066,52.0258,429,33214,0.289058,0.15,1,4201569,4201140,429
319921961,63.5615,62.2487,431,33468,0.42428,0.19,1,4201747,4201316,431
319924881,26.6246,26.0995,431,33531,0.427712,0.23,1,4201749,4201318,431
319968681,35.4755,49.9296,471,34465,0.756244,0.57,2,4202337,4201866,471
319971601,51.9902,34.3718,510,34526,0.788497,0.55,2,4202400,4201890,510
319986201,67.5116,32.4371,543,34831,0.919988,0.67,2,4202645,4202102,543
320132201,33.4907,20.3638,544,37744,0.94,1,2,4204632,4204088,544
320176001,200.959,191.599,509,16916,0.23656,0.13,1,4205278,4204769,509
320181841,127.674,139.856,452,17167,0.0894496,0.05,1,4205469,4205017,452
320184761,99.0694,93.1424,470,17291,0.0537798,0.09,1,4205549,4205079,470
320187681,48.6278,65.4569,438,17414,0.0395119,0.11,1,4205564,4205126,438
320190601,102.851,38.1828,557,17536,0.0818048,0.09,1,4205703,4205146,557
320196441,111.496,69.5892,561,17777,0.0742888,0.05,1,4205892,4205331,561
320199361,91.9985,110.636,502,17896,0.0477155,0.03,1,4205971,4205469,502
320202281,45.7994,92.2543,437,18015,0.0250862,0.03,1,4205986,4205549,437
320205201,19.5198,45.9017,424,18133,0.0280345,0.11,1,4205988,4205564,424
320208121,93.0079,101.761,427,18250,0.0772138,0.13,1,4206130,4205703,427
320213961,108.361,111.322,425,18482,0.0783542,0.03,1,4206317,4205892,425
320216881,89.5445,91.9287,423,18597,0.0613417,0.01,1,4206394,4205971,423
320219801,44.8178,45.7715,423,18711,0.0545367,0.03,1,4206409,4205986,423
320222721,19.1271,19.5086,423,18824,0.0518147,0.11,1,4206411,4205988,423
320225641,94.0508,93.0034,425,18937,0.0987259,0.15,1,4206555,4206130,425
320231481,106.008,108.361,422,19160,0.0721961,0.05,1,4206739,4206317,422
320234401,88.6033,89.5442,422,19271,0.0948785,0.05,1,4206816,4206394,422
320266521,102.368,69.6638,554,20448,0.264671,0.11,1,4207587,4207033,554
320278201,102.062,19.6202,584,20860,0.436616,0.21,1,4207843,4207259,584
320281121,73.2249,99.0481,486,20962,0.444646,0.21,1,4207897,4207411,486
320284041,30.49,71.4192,435,21063,0.447859,0.31,1,4207899,4207464,435
320322001,75.4195,74.6802,453,22336,0.767024,0.67,2,4208795,4208342,453
320324921,31.3678,31.0721,453,22431,0.78081,0.65,2,4208797,4208344,453
320415441,80.489,87.4254,473,25195,0.946,1,2,4210822,4210349,473
320427121,28.0285,14.2765,514,25530,0.235178,1,1,4210992,4210478,514
320432961,59.8046,87.9642,518,25696,0.0628284,1,1,4211155,4210637,518
320435881,43.1218,65.1857,500,25778,0.0671314,1,1,4211187,4210687,500
320438801,77.8487,44.6743,570,25860,0.0568525,0.91,1,4211288,4210718,570
320441721,73.1395,80.2697,536,25942,0.028741,0.55,1,4211358,4210822,536
320444641,43.6558,86.1079,470,26024,0.0414964,0.49,1,4211382,4210912,470
320447561,28.8623,53.6432,457,26105,0.0345986,0.17,1,4211401,4210944,457
320450481,20.5449,37.0573,446,26186,0.0438394,0.17,1,4211416,4210970,446
320453401,78.418,28.0229,541,26267,0.0475358,0.03,1,4211533,4210992,541
320456321,57.7672,82.0092,467,26348,0.0490143,0.03,1,4211577,4211110,467
320459241,41.7069,59.8037,453,26428,0.0376057,0.07,1,4211608,4211155,453
320462161,78.4828,43.1215,524,26508,0.0690423,0.05,1,4211711,4211187,524
320465081,72.7931,77.8486,492,26588,0.0336169,0.01,1,4211780,4211288,492
320468001,43.5172,73.1394,446,26668,0.0434468,0.05,1,4211804,4211358,446
320470921,28.8069,43.6558,441,26747,0.0353787,0.03,1,4211823,4211382,441
320473841,22.3228,28.8623,440,26826,0.0441515,0.05,1,4211841,4211401,440
320476761,78.5291,20.5449,541,26905,0.0356606,0.05,1,4211957,4211416,541
320479681,32.6116,78.418,426,26984,0.0562642,0.05,1,4211959,4211533,426
320482601,37.6447,57.7672,423,27062,0.0405057,0.03,1,4212000,4211577,423
320485521,34.8579,41.7069,425,27140,0.0222023,0.09,1,4212033,4211608,425
320488441,76.3431,78.4828,426,27218,0.0508809,0.01,1,4212137,4211711,426
320491361,70.7373,72.7931,424,27296,0.0743524,0.05,1,4212204,4211780,424
320494281,41.4949,43.5172,422,27374,0.0597409,0.03,1,4212226,4211804,422
320497201,29.198,28.8069,424,27451,0.0418964,0.05,1,4212247,4211823,424
320500121,22.4792,22.3228,424,27528,0.0227586,0.03,1,4212265,4211841,424
320503041,77.9917,78.5291,423,27605,0.0391034,0.07,1,4212380,4211957,423
320505961,32.3967,32.6116,423,27682,0.0456414,0.03,1,4212382,4211959,423
320508881,37.5587,37.6447,423,27759,0.0482565,0.01,1,4212423,4212000,423
320511801,34.2235,34.8579,422,27835,0.0493026,0.07,1,4212455,4212033,422
320514721,76.6894,76.3431,423,27911,0.061721,0.09,1,4212560,4212137,423
320529321,77.8186,77.9917,422,28288,0.09236,0.05,1,4212802,4212380,422
320532241,32.3274,32.3967,422,28363,0.042944,0.05,1,4212804,4212382,422
320535161,37.531,12.9587,463,28438,0.0471776,0.05,1,4212845,4212382,463
320538081,33.6124,29.7835,453,28512,0.036871,0.05,1,4212876,4212423,453
320541001,77.045,31.1134,527,28586,0.0327484,0.07,1,4212982,4212455,527
320543921,74.018,75.4454,494,28660,0.0790994,0.15,1,4213054,4212560,494
320546841,43.4072,70.9781,449,28734,0.0976398,0.11,1,4213077,4212628,449
320581881,74.5539,22.9051,536,29606,0.214165,0.13,1,4213651,4213115,536
320584801,31.0216,73.9621,430,29677,0.223666,0.13,1,4213653,4213223,430
320587721,38.2086,30.7848,471,29748,0.263466,0.19,1,4213696,4213225,471
320590641,32.0835,36.9139,458,29819,0.291387,0.11,1,4213724,4213266,458
320611081,75.6377,74.5539,433,30312,0.400079,0.23,1,4214084,4213651,433
320614001,31.4551,31.0216,433,30382,0.418032,0.29,1,4214086,4213653,433
320616921,40.782,38.2086,437,30452,0.413213,0.31,1,4214133,4213696,437
320619841,33.1128,32.0835,437,30521,0.423285,0.31,1,4214161,4213724,437
320622761,14.4451,14.0334,437,30590,0.439314,0.37,1,4214163,4213726,437
320625681,69.9781,69.2134,438,30659,0.445726,0.39,1,4214270,4213832,438
320628601,77.1912,76.2853,439,30728,0.44829,0.39,1,4214352,4213913,439
320631521,44.0765,43.7141,439,30797,0.425316,0.35,1,4214374,4213935,439
320678241,35.6808,40.8514,478,31880,0.754956,0.57,2,4215052,4214574,478
320681161,15.4723,33.7405,451,31946,0.763982,0.57,2,4215054,4214603,451
320689921,45.0782,76.6314,475,32144,0.918895,0.63,2,4215268,4214793,475
320692841,31.8313,43.8526,476,32210,0.925558,0.67,2,4215291,4214815,476
320695761,24.7325,30.141,475,32276,0.928223,0.67,2,4215311,4214836,475
320859281,37.4759,20.9328,548,35760,0.916,1,2,4217807,4217259,548
320865121,24.3561,43.6692,506,35878,0.79816,1,2,4217852,4217346,506
320882641,57.9674,56.7148,485,36231,0.0616565,1,1,4218150,4217665,485
320885561,51.387,46.6859,492,36289,0.0906626,1,1,4218197,4217705,492
320888481,36.7548,35.4744,491,36347,0.054265,1,1,4218224,4217733,491
320891401,29.1019,35.1897,480,36405,0.051706,0.86,1,4218248,4217768,480
320894321,29.6408,37.4759,471,36463,0.0506824,0.84,1,4218278,4217807,471
320897241,20.8563,29.3904,462,36521,0.062273,0.75,1,4218293,4217831,462
320900161,19.1425,24.3561,459,36579,0.0309092,0.65,1,4218311,4217852,459
320903081,30.457,34.9425,455,36637,0.0183637,0.51,1,4218349,4217894,455
320906001,26.5828,31.977,449,36695,0.0493455,0.45,1,4218373,4217924,449
320908921,25.6331,34.9908,437,36753,0.0377382,0.23,1,4218398,4217961,437
320911841,28.2532,36.7963,429,36810,0.0450953,0.03,1,4218428,4217999,429
320914761,71.9013,78.9185,423,36867,0.0360381,0,1,4218529,4218106,423
320917681,54.5605,57.9674,422,36924,0.0324152,0.11,1,4218572,4218150,422
320920601,50.0242,51.387,422,36981,0.0429661,0.03,1,4218619,4218197,422
320923521,37.4097,36.7548,424,37038,0.0471864,0.05,1,4218648,4218224,424
320926441,29.3639,29.1019,424,37095,0.0368746,0.05,1,4218672,4218248,424
320929361,29.1456,29.6408,423,37152,0.0447498,0.05,1,4218701,4218278,423
320932281,19.4582,11.8563,436,37209,0.0178999,0.07,1,4218714,4218278,436
320935201,19.1833,13.7425,440,37266,0.02516,0.01,1,4218733,4218293,440
320938121,29.8733,16.297,459,37323,0.052064,0.01,1,4218770,4218311,459
320941041,26.9493,29.3188,446,37380,0.0748256,0.07,1,4218795,4218349,446
320943961,25.1797,26.1275,446,37437,0.0839302,0.03,1,4218819,4218373,446
320946881,28.6719,25.451,452,37493,0.0635721,0.05,1,4218850,4218398,452
320949801,71.4688,28.1804,522,37549,0.0554288,0.03,1,4218950,4218428,522
320952721,54.3875,71.8722,464,37605,0.0401715,0.03,1,4218993,4218529,464
320955641,52.955,54.5489,473,37661,0.0700686,0.05,1,4219045,4218572,473
320961481,28.2728,37.4078,445,37773,0.084411,0.03,1,4219093,4218648,445
320964401,28.7091,29.3631,450,37829,0.0877644,0.05,1,4219122,4218672,450
320967321,20.4836,29.1453,436,37885,0.0771058,0,1,4219137,4218701,436
320970241,18.9935,19.4581,441,37941,0.0728423,0.03,1,4219155,4218714,441
320973161,30.9974,19.1832,461,37997,0.0591369,0.07,1,4219194,4218733,461
320976081,27.999,29.8733,450,38053,0.0536548,0.09,1,4219220,4218770,450
320979001,23.1996,26.9493,445,38109,0.0514619,0.09,1,4219240,4218795,445
320981921,30.8798,25.1797,457,38164,0.0625848,0.05,1,4219276,4218819,457
320984841,69.3519,28.6719,521,38219,0.0430339,0.05,1,4219371,4218850,521
320987761,54.1408,71.4688,465,38274,0.0472136,0.03,1,4219415,4218950,465
320990681,54.6563,54.3875,477,38329,0.0488854,0.09,1,4219470,4218993,477
320993601,36.8625,52.955,450,38384,0.0375542,0.13,1,4219495,4219045,450
320996521,27.945,36.182,447,38439,0.0450217,0.07,1,4219517,4219070,447
320999441,29.178,28.2728,454,38494,0.0600087,0.09,1,4219547,4219093,454
321002361,20.0712,28.7091,439,38549,0.0660035,0.07,1,4219561,4219122,439
321005281,17.6285,20.4836,440,38604,0.0684014,0.07,1,4219577,4219137,440
321008201,8.25139,18.9935,424,38659,0.0693606,0.05,1,4219579,4219155,424
321025721,54.4712,54.1408,424,38985,0.0867244,0.05,1,4219839,4219415,424
321028641,54.7885,54.6563,424,39039,0.0526898,0.03,1,4219894,4219470,424
321031561,36.3154,36.8625,423,39093,0.0510759,0.05,1,4219918,4219495,423
321034481,28.3262,27.945,424,39147,0.0624304,0.07,1,4219941,4219517,424
321037401,29.9305,29.178,425,39201,0.0549721,0.07,1,4219972,4219547,425
321040321,20.3722,20.0712,425,39255,0.0519889,0.07,1,4219986,4219561,425
321043241,17.7489,17.6285,425,39309,0.0387955,0.07,1,4220002,4219577,425
321046161,8.29955,8.25139,425,39363,0.0575182,0.13,1,4220004,4219579,425
321049081,27.3198,26.7006,426,39417,0.0530073,0.11,1,4220044,4219618,426
321052001,27.1279,26.2802,427,39471,0.0512029,0.13,1,4220071,4219644,427
321054921,22.8512,23.1121,426,39525,0.0504812,0.11,1,4220091,4219665,426
321057841,31.9405,31.4448,427,39578,0.0501925,0.11,1,4220129,4219702,427
321060761,66.1762,67.1779,425,39631,0.074077,0.07,1,4220218,4219793,425
321063681,52.8705,54.4712,423,39684,0.0956308,0.03,1,4220262,4219839,423
321098721,67.3229,30.8914,512,40319,0.211679,0.09,1,4220641,4220129,512
321101641,53.9292,65.7566,468,40371,0.246672,0.11,1,4220686,4220218,468
321104561,55.1717,52.7026,480,40423,0.272669,0.11,1,4220742,4220262,480
321133761,33.9077,22.5181,470,40943,0.4482,0.21,1,4220982,4220512,470
321192161,30.6107,29.7687,453,41961,0.765796,0.63,2,4221712,4221259,453
321195081,21.8443,21.5075,453,42011,0.780318,0.63,2,4221728,4221275,453
321198001,18.3377,18.203,453,42061,0.762127,0.63,2,4221744,4221291,453
321200921,8.53508,8.4812,453,42111,0.778851,0.61,2,4221746,4221293,453
321203841,26.214,26.7925,452,42161,0.78554,0.61,2,4221784,4221332,452
321206761,27.8856,27.517,453,42211,0.788216,0.63,2,4221813,4221360,453
321209681,12.3542,12.2068,453,42261,0.765286,0.63,2,4221815,4221362,453
321212601,18.1417,18.0827,453,42311,0.768115,0.65,2,4221837,4221384,453
321215521,34.2567,33.6331,454,42361,0.769246,0.75,2,4221882,4221428,454
321218441,71.9027,69.8532,457,42411,0.757698,0.77,2,4221979,4221522,457
321221361,56.9611,55.5413,458,42461,0.765079,0.69,2,4222026,4221568,458
321224281,58.7844,59.4165,456,42511,0.768032,0.69,2,4222086,4221630,456
321227201,40.3138,40.5666,456,42561,0.769213,0.75,2,4222114,4221658,456
321247641,27.8999,27.8856,459,42906,0.907994,0.75,2,4222272,4221813,459
321253481,18.744,18.1417,460,43004,0.928879,0.77,2,4222297,4221837,460
321256401,33.8976,7.25668,504,43053,0.917552,0.77,2,4222341,4221837,504
321259321,69.959,29.9027,553,43102,0.949021,0.75,2,4222435,4221882,553
321424301,197.915,193.196,502,20544,0.2164,0.9,1,4224376,4223874,502
321430141,85.4264,96.9114,478,20750,0.059824,0.57,1,4224528,4224050,478
321433061,73.1706,82.5646,470,20852,0.0539296,0.39,1,4224593,4224123,470
321435981,65.2682,64.8258,477,20954,0.0755718,0.33,1,4224653,4224176,477
321438901,31.5073,55.3303,437,21055,0.0842287,0.19,1,4224662,4224225,437
321441821,28.8029,32.9321,446,21156,0.0876915,0.01,1,4224689,4224243,446
321444741,78.7212,92.9729,425,21256,0.0410766,0.03,1,4224801,4224376,425
321447661,92.0885,99.5891,422,21356,0.0704306,0.03,1,4224902,4224480,422
321450581,65.6354,68.6357,422,21455,0.0461723,0.05,1,4224950,4224528,422
321453501,66.4542,66.4543,424,21554,0.0484689,0.09,1,4225017,4224593,424
321456421,63.1817,62.5817,425,21652,0.0733876,0.09,1,4225078,4224653,425
321459341,31.2727,30.4327,426,21750,0.083355,0.09,1,4225088,4224662,426
321508981,91.9598,75.5248,532,23352,0.25764,0.13,1,4226182,4225650,532
321523581,31.4111,32.4966,456,23802,0.403467,0.09,1,4226400,4225944,456
321526501,79.7644,30.9986,538,23891,0.443387,0.23,1,4226512,4225974,538
321552781,98.6055,95.5058,449,24677,0.760027,0.55,2,4227067,4226618,449
321555701,40.6422,39.4023,449,24763,0.790011,0.57,2,4227069,4226620,449
321570301,34.3867,32.7843,455,25188,0.903779,0.71,2,4227298,4226843,455
321584901,61.5204,34.1028,534,25606,0.946215,0.87,2,4227649,4227115,534
321587821,64.8082,55.6411,531,25689,0.924486,0.89,2,4227716,4227185,531
321590741,33.1233,61.8564,477,25771,0.915794,0.91,2,4227728,4227251,477
321593661,34.8493,31.3426,502,25853,0.924318,0.91,2,4227764,4227262,502
321596581,85.9397,34.137,586,25935,0.927727,1,2,4227884,4227298,586
321684181,52.6054,59.0429,487,28282,0.293612,1,1,4229564,4229077,487
321687101,41.4421,44.0171,487,28357,0.243445,1,1,4229598,4229111,487
321692941,25.8307,29.2427,500,28506,0.0521511,1,1,4229648,4229148,500
321695861,30.1323,24.8971,511,28580,0.0628605,1,1,4229681,4229170,511
321698781,81.0529,30.9588,591,28654,0.0431442,0.93,1,4229796,4229205,591
321701701,90.6212,86.7835,564,28728,0.0352577,0.59,1,4229893,4229329,564
321704621,53.0485,104.313,476,28802,0.0801031,0.53,1,4229921,4229445,476
321707541,33.8194,60.9254,465,28876,0.0980412,0.39,1,4229942,4229477,465
321722141,29.5658,25.8296,455,29241,0.0939799,0.07,1,4230103,4229648,455
321725061,80.8263,30.1319,537,29313,0.079592,0.03,1,4230218,4229681,537
321727981,91.7305,81.0527,521,29385,0.0738368,0.03,1,4230317,4229796,521
321730901,53.4922,90.6211,452,29457,0.0715347,0.11,1,4230345,4229893,452
321733821,35.7969,53.0484,448,29529,0.0466139,0.11,1,4230369,4229921,448
321736741,40.7188,33.8194,471,29601,0.0366456,0.15,1,4230413,4229942,471
321739661,38.4875,41.7277,461,29673,0.0566582,0.13,1,4230450,4229989,461
321742581,31.595,37.0911,454,29744,0.0766633,0.13,1,4230477,4230023,454
321745501,24.038,31.0364,446,29815,0.0966653,0.13,1,4230496,4230050,446
321774701,25.0345,24.038,427,30518,0.229051,0.11,1,4230923,4230496,427
321777621,11.2138,10.8152,427,30587,0.21762,0.17,1,4230925,4230498,427
321780541,23.0855,22.3261,428,30656,0.225048,0.11,1,4230956,4230528,428
321783461,76.4342,77.9304,425,30725,0.276019,0.11,1,4231068,4230643,425
321792221,34.7478,34.4115,428,30932,0.422545,0.17,1,4231220,4230792,428
321800981,33.6399,32.5863,432,31136,0.440083,0.25,1,4231335,4230903,432
321803901,26.0559,25.0345,433,31204,0.446033,0.21,1,4231356,4230923,433
321806821,11.6224,11.2138,433,31272,0.448413,0.23,1,4231358,4230925,433
321809741,23.249,23.0855,433,31340,0.413365,0.23,1,4231389,4230956,433
321827261,41.3207,41.3573,483,31743,0.42893,0.45,1,4231749,4231266,483
321888581,41.8938,43.346,455,33114,0.901891,0.67,2,4232648,4232193,455
321891501,33.5575,34.1384,455,33178,0.906756,0.69,2,4232676,4232221,455
322119261,34.4293,40.5167,506,37828,0.413498,0.93,1,4235953,4235447,506
322128021,37.9155,34.1291,509,37996,0.290224,1,1,4236043,4235534,509
322130941,30.7662,34.6516,500,38052,0.21809,1,1,4236069,4235569,500
322136781,31.3226,27.2643,503,38163,0.0840943,0.94,1,4236125,4235622,503
322139701,52.129,33.7057,531,38218,0.0516377,0.84,1,4236191,4235660,531
322142621,42.4516,55.4823,497,38273,0.0386551,0.79,1,4236227,4235730,497
322145541,61.3806,44.3929,534,38328,0.045462,0.61,1,4236301,4235767,534
322148461,43.1523,66.9572,483,38383,0.0601848,0.63,1,4236332,4235849,483
322151381,38.8609,47.1829,485,38438,0.0420739,0.41,1,4236368,4235883,485
322154301,28.1444,44.0731,464,38493,0.0468296,0.35,1,4236389,4235925,464
322157221,18.4577,34.4293,448,38548,0.0247318,0.31,1,4236401,4235953,448
322160141,27.7831,20.9717,470,38603,0.0878927,0.35,1,4236435,4235965,470
322203941,29.1021,27.1253,429,39416,0.216262,0.19,1,4236903,4236474,429
322206861,26.6408,25.2501,430,39470,0.248505,0.21,1,4236928,4236498,430
322209781,21.4563,19.7,432,39524,0.237402,0.19,1,4236946,4236514,432
322212701,27.7825,28.88,429,39577,0.232961,0.13,1,4236978,4236549,429
322215621,48.913,51.152,426,39630,0.255184,0.15,1,4237041,4236615,426
322218541,41.1652,41.4608,427,39683,0.240074,0.07,1,4237077,4236650,427
322221461,61.4661,60.9843,428,39736,0.282029,0.17,1,4237152,4236724,428
322265261,40.3535,43.1578,475,40526,0.410792,0.33,1,4237658,4237183,475
322268181,26.9414,40.0631,455,40578,0.422317,0.33,1,4237676,4237221,455
322271101,20.3766,26.8253,453,40630,0.426927,0.37,1,4237692,4237239,453
322274021,30.9506,20.3301,475,40682,0.440771,0.37,1,4237730,4237255,475
322276941,13.5802,30.332,440,40734,0.446308,0.37,1,4237732,4237292,440
322279861,29.4321,13.3328,478,40786,0.436523,0.33,1,4237772,4237294,478
322282781,26.1728,29.9331,461,40838,0.444609,0.31,1,4237796,4237335,461
322358701,29.4543,29.9502,451,42160,0.904471,0.61,2,4238665,4238214,451
322364541,12.1527,11.992,452,42260,0.904315,0.63,2,4238693,4238241,452
322367461,16.8611,16.1968,453,42310,0.919726,0.63,2,4238713,4238260,453
322577701,27.4452,17.3607,540,45762,0.906179,1,2,4241173,4240633,540
322640481,74.0148,70.2949,464,21666,0.0852061,0.03,1,4242059,4241595,464
322643401,38.6059,53.918,436,21764,0.0400824,0.05,1,4242074,4241638,436
322646321,34.0424,40.7672,435,21861,0.022033,0.07,1,4242105,4241670,435
322649241,76.0169,85.9069,423,21958,0.0508132,0.13,1,4242209,4241786,423
322655081,60.6427,62.1051,425,22151,0.22053,0.11,1,4242339,4241914,425
322658001,68.0571,67.442,427,22247,0.262212,0.07,1,4242412,4241985,427
322660921,69.2228,71.3768,423,22342,0.278885,0.01,1,4242482,4242059,423
322663841,36.0891,37.5507,422,22437,0.285554,0.01,1,4242496,4242074,422
322678441,70.4371,59.3247,508,22906,0.435932,0.29,1,4242847,4242339,508
322681361,70.1748,67.5299,505,22999,0.432373,0.29,1,4242917,4242412,505
322684281,36.4699,69.0119,449,23091,0.430949,0.29,1,4242931,4242482,449
322725161,69.1814,69.6699,449,24344,0.755929,0.57,2,4243808,4243359,449
322728081,37.2726,36.868,450,24431,0.764372,0.57,2,4243824,4243374,450
322733921,78.3236,77.0589,452,24604,0.771499,0.61,2,4243965,4243513,452
322745601,71.7539,70.9535,457,24947,0.929782,0.77,2,4244197,4243740,457
322909121,48.934,36.2361,535,29323,0.940068,1,2,4247261,4246726,535
322914961,59.3094,44.0778,539,29467,0.785211,1,2,4247372,4246833,539
322926641,50.3583,52.7956,522,29753,0.210709,1,1,4247601,4247079,522
322932481,19.5773,44.0873,474,29895,0.0757135,1,1,4247646,4247172,474
322935401,25.2309,36.8349,471,29966,0.0362854,0.91,1,4247675,4247204,471
322938321,41.2924,48.934,466,30037,0.0325142,0.77,1,4247727,4247261,466
322941241,39.3169,44.7736,462,30107,0.0670057,0.75,1,4247765,4247303,462
322944161,55.9268,59.3094,460,30177,0.0688023,0.57,1,4247832,4247372,460
322947081,63.7707,71.7238,449,30247,0.0695209,0.47,1,4247901,4247452,449
322950001,44.7083,54.4895,438,30317,0.0698084,0.29,1,4247933,4247495,438
322952921,51.4833,58.3958,433,30387,0.0939234,0.09,1,4247989,4247556,433
322958761,42.5573,45.9433,425,30526,0.0930277,0.05,1,4248069,4247644,425
322961681,18.2229,19.5773,425,30595,0.0792111,0.01,1,4248071,4247646,425
322985041,43.1742,43.3933,427,31144,0.21101,0.07,1,4248454,4248027,427
322987961,40.6697,42.5573,424,31212,0.210404,0.07,1,4248493,4248069,424
322990881,17.4679,18.2229,424,31280,0.210162,0.07,1,4248495,4248071,424
323005481,64.8061,56.4618,496,31616,0.208331,0.17,1,4248753,4248257,496
323008401,45.1224,63.9847,459,31683,0.221332,0.13,1,4248785,4248326,459
323014241,43.9396,53.9176,466,31817,0.214213,0.23,1,4248884,4248418,466
323017161,40.3758,43.167,468,31883,0.235685,0.21,1,4248922,4248454,468
323020081,17.3503,40.6668,431,31949,0.244274,0.21,1,4248924,4248493,431
323023001,23.7401,17.4667,457,32015,0.24771,0.17,1,4248952,4248495,457
323025921,41.8961,24.9867,481,32081,0.249084,0.17,1,4249006,4248525,481
323028841,39.5584,40.5947,468,32147,0.285634,0.19,1,4249044,4248576,468
323034681,66.4494,57.0151,502,32279,0.411701,0.23,1,4249185,4248683,502
323096001,54.2379,53.9135,452,33627,0.767496,0.69,2,4250003,4249551,452
323104761,58.0232,56.8505,455,33816,0.90664,0.67,2,4250182,4249727,455
323107681,47.2093,46.7402,455,33879,0.932656,0.67,2,4250222,4249767,455
323244921,45.4081,41.969,492,36698,0.934,1,2,4252168,4251676,492
323265361,34.1301,35.358,490,37098,0.230084,1,1,4252409,4251919,490
323271201,35.3408,20.7773,508,37212,0.0548134,1,1,4252490,4251982,508
323274121,45.3363,26.9109,529,37269,0.0279253,1,1,4252542,4252013,529
323277041,55.9345,51.5644,524,37326,0.0411701,0.95,1,4252605,4252081,524
323279961,41.5738,47.0257,512,37383,0.0464681,0.91,1,4252637,4252125,512
323282881,33.4295,44.6103,497,37440,0.0605872,0.84,1,4252665,4252168,497
323285801,30.7718,37.6441,493,37496,0.0542349,0.79,1,4252694,4252201,493
323288721,22.5087,34.8576,477,37552,0.063694,0.67,1,4252711,4252234,477
323291641,28.2035,28.3431,485,37608,0.0434776,0.51,1,4252743,4252258,485
323294561,31.0814,37.1372,475,37664,0.047391,0.41,1,4252776,4252301,475
323297481,31.6326,37.0549,470,37720,0.0729564,0.31,1,4252808,4252338,470
323300401,27.653,38.822,455,37776,0.0831826,0.13,1,4252833,4252378,455
323303321,40.4612,34.1288,473,37832,0.087273,0.05,1,4252882,4252409,473
323306241,34.1845,44.8515,451,37888,0.0409092,0.01,1,4252912,4252461,451
323309161,44.2738,35.3406,473,37944,0.0583637,0.01,1,4252963,4252490,473
323312081,56.1095,45.3362,485,38000,0.0893455,0.05,1,4253027,4252542,485
323338361,39.3955,27.653,471,38497,0.21212,0.09,1,4253304,4252833,471
323350041,46.7525,56.1095,425,38717,0.0520383,0.15,1,4253452,4253027,425
323352961,40.301,42.8438,427,38772,0.0988153,0.17,1,4253488,4253061,427
323355881,34.1204,32.7375,431,38826,0.0935261,0.15,1,4253518,4253087,431
323376321,40.7913,39.3955,433,39204,0.215204,0.17,1,4253737,4253304,433
323379241,35.5165,36.7582,430,39258,0.200082,0.13,1,4253769,4253339,430
323382161,38.8066,41.7033,426,39312,0.206033,0.09,1,4253810,4253384,426
323385081,16.7226,17.8813,426,39366,0.232413,0.01,1,4253812,4253386,426
323388001,43.8891,46.7525,422,39420,0.230965,0.13,1,4253874,4253452,422
323390921,41.5556,40.301,426,39474,0.254386,0.09,1,4253914,4253488,426
323402601,29.379,28.5357,428,39687,0.40304,0.17,1,4254024,4253596,428
323405521,31.5516,30.6143,429,39740,0.431216,0.17,1,4254057,4253628,429
323408441,35.4206,34.4457,430,39793,0.442486,0.21,1,4254095,4253665,430
323431801,35.2167,39.9502,465,40217,0.441827,0.37,1,4254379,4253914,465
323434721,36.2867,32.7801,474,40270,0.422731,0.37,1,4254416,4253942,474
323437641,22.3147,34.112,452,40322,0.415092,0.37,1,4254429,4253977,452
323440561,31.1259,20.8448,477,40374,0.436037,0.43,1,4254466,4253989,477
323443481,31.6503,29.3379,474,40426,0.444415,0.45,1,4254498,4254024,474
323504801,43.078,44.1439,488,41508,0.771862,0.51,2,4255239,4254751,488
323507721,18.4312,42.8576,448,41559,0.782745,0.53,2,4255241,4254793,448
323510641,24.7725,33.943,449,41610,0.799098,0.65,2,4255270,4254821,449
323528161,29.9911,28.7142,455,41914,0.928262,0.67,2,4255460,4255005,455
323531081,43.7964,42.0857,457,41964,0.941305,0.71,2,4255513,4255056,457
323534001,37.9186,37.2343,457,42014,0.946522,0.71,2,4255547,4255090,457
323796801,34.8942,33.2314,518,46317,0.946,1,2,4258529,4258011,518
323808481,35.3717,31.8347,522,46498,0.797738,1,2,4258672,4258150,522
323811401,35.7487,40.9339,511,46543,0.757095,1,2,4258708,4258197,511
323831841,33.5241,41.5547,515,46858,0.420696,1,1,4258901,4258386,515
323834761,34.4096,41.2219,509,46903,0.426278,1,1,4258936,4258427,509
323837681,31.7639,38.0888,503,46948,0.404511,1,1,4258966,4258463,503
323852281,32.0254,38.9292,489,47173,0.299678,0.77,1,4259128,4258639,489
323855201,34.4102,35.3717,492,47218,0.281871,0.73,1,4259164,4258672,492
323858121,31.7641,35.7487,486,47263,0.250749,0.59,1,4259194,4258708,486
323861041,18.7056,33.4995,464,47308,0.274299,0.63,1,4259204,4258740,464
323863961,13.4822,22.3998,459,47353,0.25972,0.59,1,4259214,4258755,459
323866881,6.5929,16.1599,449,47398,0.253888,0.63,1,4259216,4258767,449
323869801,26.6372,28.064,453,47442,0.251555,0.53,1,4259256,4258803,453
323872721,26.2549,31.0256,446,47486,0.286622,0.45,1,4259282,4258836,446
323875641,25.5019,29.8102,442,47530,0.288649,0.37,1,4259307,4258865,442
323878561,33.0008,33.5241,444,47574,0.26546,0.43,1,4259345,4258901,444
323881481,35.4003,34.4096,446,47618,0.292184,0.39,1,4259382,4258936,446
323904841,32.0659,31.7641,436,47970,0.413065,0.29,1,4259630,4259194,436
323907761,17.6264,18.7056,434,48014,0.423226,0.25,1,4259638,4259204,434
323910681,13.0505,13.4822,434,48058,0.42729,0.25,1,4259648,4259214,434
323913601,6.42022,6.5929,434,48102,0.428916,0.25,1,4259650,4259216,434
324036241,36.395,36.6035,483,49909,0.758234,0.55,2,4260874,4260391,483
324039161,31.358,35.6414,476,49951,0.789293,0.55,2,4260902,4260426,476
324065441,11.9936,25.7099,457,50329,0.905253,0.71,2,4261093,4260636,457
324233341,434.442,466.113,447,21900,0.4012,0.57,1,4263042,4262595,447
324236261,200.177,200.245,468,24178,0.23848,0.35,1,4263086,4262618,468
324253781,39.2147,37.9741,449,24699,0.209844,0.11,1,4263441,4262992,449
324256701,31.2859,45.1897,425,24785,0.269938,0.13,1,4263467,4263042,425
324259621,40.7144,44.4759,428,24871,0.293975,0.15,1,4263514,4263086,428
324271301,66.5143,66.3562,432,25210,0.445622,0.17,1,4263812,4263380,432
324280061,32.1209,31.0308,435,25461,0.43964,0.31,1,4263902,4263467,435
324282981,41.0484,12.4123,482,25544,0.421856,0.31,1,4263949,4263467,482
324285901,66.2193,33.1649,518,25627,0.426742,0.39,1,4264032,4263514,518
324288821,82.8877,61.266,532,25710,0.440697,0.37,1,4264126,4263594,532
324291741,69.7551,81.5064,498,25792,0.434279,0.39,1,4264187,4263689,498
324294661,69.302,66.8026,510,25874,0.431711,0.49,1,4264256,4263746,510
324297581,42.1208,66.321,468,25956,0.442685,0.47,1,4264280,4263812,468
324300501,38.4483,40.9284,480,26038,0.447074,0.45,1,4264316,4263836,480
324338461,80.5749,83.6355,451,27076,0.794463,0.59,2,4265020,4264569,451
324350141,39.7379,38.6403,455,27388,0.91693,0.67,2,4265214,4264759,455
324496141,33.2946,38.0727,488,31016,0.9268,1,2,4267727,4267239,488
324504901,75.0189,79.2847,485,31220,0.252995,1,1,4267938,4267453,485
324510741,44.163,21.0855,533,31356,0.0428792,1,1,4268021,4267488,533
324513661,35.6652,38.4342,513,31423,0.0171517,1,1,4268051,4267538,513
324516581,41.2661,37.5737,521,31490,0.0488607,1,1,4268096,4267575,521
324519501,38.7064,40.8295,515,31557,0.0495443,1,1,4268133,4267618,515
324522421,34.6826,41.5318,505,31624,0.0858177,0.97,1,4268165,4267660,505
324539941,41.9312,59.4042,455,32023,0.0456904,0,1,4268442,4267987,455
324542861,36.5725,44.1617,454,32089,0.0362762,0,1,4268475,4268021,454
324545781,41.029,35.6647,468,32155,0.0925105,0.07,1,4268519,4268051,468
324548701,39.2116,41.2659,461,32221,0.0910042,0.05,1,4268557,4268096,461
324551621,37.2846,38.7063,460,32287,0.0664017,0.11,1,4268593,4268133,460
324554541,26.9139,34.6825,448,32353,0.0565607,0.17,1,4268613,4268165,448
324557461,41.3655,26.473,478,32418,0.0526243,0.09,1,4268664,4268186,478
324560381,47.1462,41.1892,478,32483,0.0510497,0.13,1,4268715,4268237,478
324563301,63.2585,47.6757,500,32548,0.0864199,0.17,1,4268789,4268289,500
324569141,40.3614,53.8281,456,32678,0.0870272,0,1,4268864,4268408,456
324572061,37.1445,41.9312,457,32743,0.0528109,0.03,1,4268899,4268442,457
324574981,16.0578,36.5725,426,32808,0.0391243,0.13,1,4268901,4268475,426
324577901,35.2231,41.029,430,32872,0.0456497,0.09,1,4268949,4268519,430
324580821,33.2893,39.2116,424,32936,0.0482599,0.05,1,4268981,4268557,424
324583741,34.9157,37.2846,424,33000,0.049304,0.05,1,4269017,4268593,424
324586661,25.9663,26.9139,424,33064,0.0497216,0.05,1,4269037,4268613,424
324589581,40.9865,41.3655,424,33128,0.0498886,0.05,1,4269088,4268664,424
324592501,46.9946,47.1462,424,33192,0.0739554,0.11,1,4269139,4268715,424
324601261,37.1597,40.3614,423,33383,0.207533,0.03,1,4269287,4268864,423
324610021,34.4182,35.2231,422,33572,0.0855221,0.05,1,4269371,4268949,422
324624621,48.3208,46.9946,426,33887,0.209781,0.15,1,4269565,4269139,426
324627541,67.3283,64.9978,429,33949,0.233913,0.21,1,4269645,4269216,429
324630461,55.7313,52.3991,433,34011,0.219565,0.23,1,4269693,4269260,433
324633381,38.4925,37.1597,433,34073,0.201826,0.09,1,4269720,4269287,433
324653821,42.3189,25.4331,481,34505,0.211162,0.19,1,4269942,4269461,481
324656741,49.9276,40.7732,485,34566,0.234465,0.23,1,4269997,4269512,485
324659661,68.571,48.1093,513,34627,0.255786,0.25,1,4270078,4269565,513
324662581,53.8284,67.2437,477,34688,0.276314,0.21,1,4270122,4269645,477
324665501,37.1314,55.6975,455,34749,0.296526,0.19,1,4270148,4269693,455
324680101,38.1831,32.7323,469,35053,0.41431,0.19,1,4270298,4269829,469
324683021,28.4732,36.4929,452,35113,0.423724,0.19,1,4270320,4269868,452
324729741,56.3219,55.0985,449,36064,0.762248,0.55,2,4271007,4270558,449
324732661,38.1288,37.6394,449,36123,0.790899,0.57,2,4271033,4270584,449
324747261,15.28,14.7317,454,36414,0.923564,0.69,2,4271153,4270699,454
324750181,31.312,31.0927,454,36472,0.939426,0.65,2,4271195,4270741,454
324753101,25.7248,25.6371,454,36530,0.93377,0.63,2,4271217,4270763,454
324756021,45.0899,45.6548,453,36588,0.907508,0.65,2,4271275,4270822,453
324758941,52.236,51.2619,455,36646,0.921003,0.77,2,4271332,4270877,455
324779381,37.1536,35.2001,467,37047,0.928303,0.95,2,4271618,4271151,467
324782301,16.0615,15.28,467,37104,0.929321,0.95,2,4271620,4271153,467
324785221,31.6246,31.312,467,37161,0.941728,0.95,2,4271662,4271195,467
324788141,25.8498,12.5248,489,37218,0.946691,0.93,2,4271684,4271195,489
324791061,43.9399,18.2099,523,37275,0.948677,0.89,2,4271740,4271217,523
324913701,44.5311,41.9481,491,39586,0.7732,1,2,4273419,4272928,491
324928301,32.5277,29.3284,508,39851,0.0793992,1,1,4273587,4273079,508
324931221,25.0111,32.1314,494,39904,0.0857597,1,1,4273607,4273113,494
324934141,27.4044,34.4525,487,39957,0.0523039,1,1,4273636,4273149,487
324937061,31.3618,34.181,487,40010,0.0629215,1,1,4273670,4273183,487
324939981,31.1447,29.8724,491,40063,0.0431686,1,1,4273701,4273210,491
324942901,25.0579,11.949,512,40116,0.0172674,1,1,4273722,4273210,512
324945821,52.6232,23.3796,552,40169,0.036907,1,1,4273793,4273241,552
324948741,50.4493,60.9518,515,40222,0.0327628,0.73,1,4273842,4273327,515
324951661,38.1797,59.1807,487,40274,0.0431051,0.73,1,4273872,4273385,487
324954581,32.0719,44.0723,481,40326,0.071242,0.61,1,4273900,4273419,481
324963341,29.0766,35.2686,459,40482,0.0854395,0.09,1,4273979,4273520,459
324966261,29.0306,36.3075,451,40534,0.0641758,0,1,4274008,4273557,451
324969181,24.8123,32.523,443,40586,0.0676703,0.09,1,4274030,4273587,443
324972101,26.1249,25.0092,450,40638,0.0450681,0.03,1,4274057,4273607,450
324975021,33.85,27.4037,460,40690,0.0360272,0.07,1,4274096,4273636,460
324977941,29.14,31.3615,452,40742,0.0564109,0.03,1,4274122,4273670,452
324980861,24.256,31.1446,442,40794,0.0285644,0,1,4274143,4273701,442
324983781,52.9024,25.0578,493,40846,0.0414257,0.05,1,4274215,4273722,493
324986701,51.161,52.6231,472,40898,0.0585703,0.03,1,4274265,4273793,472
324989621,38.4644,50.4493,453,40950,0.0774281,0.05,1,4274295,4273842,453
324992541,33.9858,38.1797,454,41002,0.0729712,0.09,1,4274326,4273872,454
324995461,26.1943,32.0719,447,41053,0.0951885,0.13,1,4274347,4273900,447
325007141,25.9042,29.0306,446,41257,0.0616208,0.07,1,4274454,4274008,446
325010061,25.3617,24.8123,449,41308,0.0786483,0.03,1,4274479,4274030,449
325012981,32.9447,26.1249,460,41359,0.0494593,0.03,1,4274517,4274057,460
325015901,28.7779,33.85,447,41410,0.0257837,0.07,1,4274543,4274096,447
325018821,24.1111,29.14,442,41461,0.0283135,0.01,1,4274564,4274122,442
325021741,54.0445,24.256,495,41512,0.0293254,0.05,1,4274638,4274143,495
325024661,22.8178,52.9024,425,41563,0.0297302,0.07,1,4274640,4274215,425
325027581,38.5271,51.161,424,41614,0.0418921,0.09,1,4274689,4274265,424
325030501,33.4108,38.4644,424,41665,0.0227568,0.07,1,4274719,4274295,424
325033421,34.3643,33.9858,428,41716,0.00910273,0.11,1,4274754,4274326,428
325036341,25.7457,26.1943,427,41767,0.0216411,0.11,1,4274774,4274347,427
325039261,24.6983,24.8777,427,41818,0.0506564,0.11,1,4274798,4274371,427
325042181,29.0793,29.1511,427,41868,0.0982626,0.11,1,4274830,4274403,427
325085981,25.795,24.8317,429,42618,0.206427,0.13,1,4275281,4274852,429
325091821,26.5672,26.6531,428,42717,0.204628,0.17,1,4275334,4274906,428
325123941,33.2234,25.6364,465,43256,0.213569,0.19,1,4275689,4275224,465
325126861,26.4894,31.2546,452,43305,0.271428,0.23,1,4275711,4275259,452
325150221,38.3465,22.3865,477,43694,0.421169,0.17,1,4275966,4275489,477
325153141,33.3386,37.7546,459,43742,0.438468,0.17,1,4275996,4275537,459
325156061,34.9354,33.1018,465,43790,0.445387,0.19,1,4276032,4275567,465
325229061,56.9906,54.9308,452,44978,0.78554,0.61,2,4276807,4276355,452
325252421,35.0359,35.2518,455,45354,0.900719,0.69,2,4277025,4276570,455
325255341,27.2144,27.9007,454,45400,0.906287,0.71,2,4277047,4276593,454
325261181,28.9543,27.3841,458,45492,0.923806,0.75,2,4277106,4276648,458
325290381,19.4169,6.27452,485,45952,0.94676,0.89,2,4277418,4276933,485
325293301,25.1668,15.7098,492,45998,0.924704,0.89,2,4277447,4276955,492
325296221,35.2667,23.0839,506,46044,0.927882,0.91,2,4277489,4276983,506
325299141,27.3067,34.4336,486,46090,0.929153,0.91,2,4277511,4277025,486
325302061,28.9227,26.9734,494,46136,0.941661,0.87,2,4277541,4277047,494
325424701,27.1356,25.1579,491,48017,0.94,1,2,4278868,4278377,491
325427621,25.8543,21.4632,497,48061,0.928,1,2,4278893,4278396,497
325430541,28.3417,19.9853,508,48105,0.9412,1,2,4278923,4278415,508
325500621,55.4383,58.3327,449,23095,0.0714775,0.05,1,4279805,4279356,449
325503541,59.3753,59.3331,451,23187,0.058591,0.05,1,4279867,4279416,451
325506461,30.3501,40.5332,434,23278,0.0654364,0.07,1,4279878,4279444,434
325509381,63.1401,33.6133,490,23369,0.0561746,0.07,1,4279963,4279473,490
325523981,57.8405,52.6671,485,23819,0.087772,0.05,1,4280290,4279805,485
325526901,30.3362,58.2668,435,23908,0.0651088,0.07,1,4280302,4279867,435
325529821,13.3345,29.9067,426,23997,0.0560435,0.05,1,4280304,4279878,426
325532741,55.1338,62.9627,424,24085,0.0764174,0.13,1,4280387,4279963,424
325535661,88.6535,89.3851,428,24173,0.036567,0.15,1,4280498,4280070,428
325538581,69.6614,69.354,429,24261,0.0926268,0.19,1,4280555,4280126,429
325544421,48.8258,50.0966,428,24435,0.0832203,0.05,1,4280655,4280227,428
325564861,65.2206,65.0646,425,25036,0.258619,0.07,1,4281042,4280617,425
325614501,52.7418,67.3003,487,26438,0.765939,0.55,2,4281963,4281476,487
325617421,58.8967,50.3201,511,26518,0.780376,0.57,2,4282026,4281515,511
325620341,30.7587,57.3281,461,26598,0.78615,0.57,2,4282038,4281577,461
325623261,13.5035,30.1312,451,26678,0.78846,0.57,2,4282040,4281589,451
325643701,56.617,58.8967,461,27228,0.911093,0.79,2,4282487,4282026,461
325646621,29.8468,30.7587,461,27306,0.922437,0.79,2,4282499,4282038,461
325649541,13.1387,13.5035,461,27384,0.902975,0.85,2,4282501,4282040,461
325652461,58.0555,56.4014,464,27461,0.90719,0.81,2,4282589,4282125,464
325655381,92.2222,92.1606,463,27538,0.932876,0.85,2,4282704,4282241,463
325757581,37.1691,33.2242,504,30111,0.90208,1,2,4284459,4283955,504
325766341,71.0188,79.5503,474,30321,0.439573,1,1,4284664,4284190,474
325772181,52.763,48.7281,489,30461,0.215532,1,1,4284757,4284268,489
325789701,28.3539,32.8676,462,30875,0.0946729,0.43,1,4284951,4284489,462
325801381,49.7483,52.763,430,31148,0.215208,0.17,1,4285187,4284757,430
325804301,35.4993,37.9052,428,31216,0.236083,0.11,1,4285213,4284785,428
325807221,28.5997,30.7621,426,31284,0.220433,0.11,1,4285237,4284811,426
325810141,46.2399,12.3048,484,31352,0.262173,0.09,1,4285295,4284811,484
325824741,64.0889,65.7526,489,31687,0.440301,0.21,1,4285531,4285042,489
325827661,46.6355,61.101,466,31754,0.44612,0.21,1,4285566,4285100,466
325862701,35.0977,50.4542,469,32544,0.770662,0.47,2,4286088,4285619,469
325865621,28.4391,35.1817,468,32609,0.782265,0.47,2,4286112,4285644,468
325868541,49.7756,28.4727,508,32674,0.798906,0.51,2,4286176,4285668,508
325874381,18.5241,40.4356,452,32804,0.784225,0.61,2,4286217,4285765,452
325877301,20.6096,29.3743,452,32868,0.77569,0.65,2,4286239,4285787,452
325880221,25.6439,27.9497,454,32932,0.796276,0.63,2,4286268,4285814,454
325906501,18.1718,18.5241,460,33505,0.79842,0.77,2,4286677,4286217,460
325924021,54.5037,53.3413,464,33883,0.914285,0.83,2,4286988,4286524,464
326049581,37.7468,49.4105,500,36469,0.9232,1,2,4288741,4288241,500
326052501,45.6987,64.7642,476,36527,0.91528,1,2,4288792,4288316,476
326058341,51.5918,62.3223,477,36643,0.778845,1,2,4288900,4288423,477
326070021,36.2407,37.1827,487,36873,0.441042,1,1,4289053,4288566,487
326072941,33.6963,31.6731,491,36930,0.410417,1,1,4289085,4288594,491
326078781,35.3914,35.6677,484,37044,0.242067,0.98,1,4289153,4288669,484
326096301,45.2035,50.1423,500,37386,0.200612,0.61,1,4289400,4288900,500
326099221,36.0814,50.0569,480,37443,0.218245,0.63,1,4289430,4288950,480
326102141,30.6326,41.0228,472,37499,0.213298,0.53,1,4289457,4288985,472
326105061,32.653,35.0091,475,37555,0.247319,0.35,1,4289491,4289016,475
326107981,28.6612,36.2036,464,37611,0.212928,0.39,1,4289517,4289053,464
326110901,28.2645,33.6815,460,37667,0.223171,0.31,1,4289545,4289085,460
326113821,35.3058,31.4726,470,37723,0.227268,0.17,1,4289585,4289115,470
326116741,27.9223,35.389,455,37779,0.264907,0.17,1,4289608,4289153,455
326119661,28.5689,29.1556,459,37835,0.291963,0.15,1,4289637,4289178,459
326122581,39.0276,30.2622,474,37891,0.290785,0.13,1,4289683,4289209,474
326131341,45.5538,50.0088,472,38059,0.40477,0.23,1,4289830,4289358,472
326134261,36.2215,45.2035,460,38115,0.431908,0.23,1,4289860,4289400,460
326137181,31.2886,36.0814,458,38170,0.442763,0.21,1,4289888,4289430,458
326221861,29.7705,30.281,450,39742,0.772136,0.61,2,4290875,4290425,450
326224781,35.9082,36.1124,450,39795,0.770854,0.61,2,4290915,4290465,450
326227701,28.7633,28.845,450,39848,0.770342,0.59,2,4290939,4290489,450
326230621,31.3053,30.738,451,39901,0.794137,0.65,2,4290972,4290521,451
326239381,20.6755,20.3032,453,40060,0.919865,0.67,2,4291075,4290622,453
326242301,43.6702,8.12129,512,40113,0.913946,0.69,2,4291134,4290622,512
326245221,43.2681,38.6485,496,40166,0.935578,0.69,2,4291177,4290681,496
326411661,25.9481,12.0288,514,43057,0.949283,1,2,4293161,4292647,514
326414581,25.3792,24.0115,507,43106,0.913713,1,2,4293186,4292679,507
326420421,46.4207,41.4018,518,43204,0.929794,1,2,4293277,4292759,518
326423341,34.7683,39.3607,507,43253,0.941918,1,2,4293304,4292797,507
326426261,25.9073,34.9443,495,43302,0.910767,1,2,4293324,4292829,495
326458381,29.2602,25.3792,499,43835,0.929641,0.99,2,4293685,4293186,499
326689061,90.6288,97.1967,502,21469,0.058384,0.77,1,4296406,4295904,502
326691981,77.0515,85.6787,492,21568,0.0413536,0.71,1,4296474,4295982,492
326694901,83.6206,73.2715,515,21666,0.0465414,0.45,1,4296562,4296047,515
326697821,51.4482,80.3086,460,21764,0.0366166,0.35,1,4296592,4296132,460
326700741,36.1793,51.9234,453,21861,0.0206466,0.13,1,4296618,4296165,453
326703661,48.0717,67.5694,431,21958,0.0382586,0.01,1,4296674,4296243,431
326706581,71.4287,84.6278,422,22055,0.0333035,0.01,1,4296761,4296339,422
326709501,69.3715,74.0511,423,22151,0.0313214,0.03,1,4296829,4296406,423
326712421,68.5486,70.4204,423,22247,0.0305286,0.05,1,4296897,4296474,423
326715341,80.2194,80.9682,423,22342,0.0542114,0.03,1,4296985,4296562,423
326724101,48.454,14.302,480,22626,0.21299,0.05,1,4297098,4296618,480
326727021,70.3816,39.3208,509,22720,0.235196,0.03,1,4297183,4296674,509
326732861,68.1411,67.9713,489,22906,0.0448313,0.03,1,4297318,4296829,489
326735781,84.2564,67.9885,516,22999,0.0359325,0.07,1,4297413,4296897,516
326738701,52.3026,79.9954,459,23091,0.032373,0.17,1,4297444,4296985,459
326741621,38.321,49.9982,458,23183,0.0309492,0.23,1,4297473,4297015,458
326744541,50.7284,35.5993,491,23274,0.0783797,0.23,1,4297532,4297041,491
326753301,66.7266,68.3504,491,23546,0.0868563,0,1,4297741,4297250,491
326756221,82.4906,68.1401,516,23636,0.0647425,0.03,1,4297834,4297318,516
326759141,52.7963,84.2561,454,23726,0.055897,0.03,1,4297867,4297413,454
326762061,38.5185,52.3024,452,23815,0.0883588,0.03,1,4297896,4297444,452
326782501,52.4619,52.7963,424,24431,0.0468372,0.11,1,4298291,4297867,424
326785421,38.9848,38.5185,425,24518,0.0967349,0.15,1,4298321,4297896,425
326794181,59.015,58.7932,427,24776,0.210911,0.11,1,4298471,4298044,427
326797101,57.806,57.7173,427,24862,0.234364,0.17,1,4298528,4298101,427
326800021,61.5224,60.8869,428,24947,0.267746,0.07,1,4298592,4298164,428
326802941,77.409,80.1548,423,25032,0.269098,0.01,1,4298680,4298257,423
326805861,51.3636,52.4619,423,25117,0.269639,0.13,1,4298714,4298291,423
326808781,40.3454,38.9848,426,25201,0.269856,0.17,1,4298747,4298321,426
326817541,60.6861,59.015,432,25453,0.436551,0.23,1,4298903,4298471,432
326870101,65.2367,61.5303,518,26911,0.785305,0.65,2,4299925,4299407,518
326893461,63.3772,62.5918,459,27534,0.945961,0.81,2,4300317,4299858,459
327007341,44.3712,48.3577,468,30387,0.914314,0.83,2,4302304,4301836,468
327127061,49.2581,49.2637,486,33120,0.904,1,2,4304200,4303714,486
327129981,59.3033,58.1055,488,33184,0.7876,1,2,4304266,4303778,488
327135821,36.8485,39.4169,484,33312,0.436816,1,1,4304335,4303851,484
327138741,41.7394,34.9667,497,33375,0.276726,1,1,4304380,4303883,497
327144581,33.6783,32.1147,499,33501,0.0574762,1,1,4304446,4303947,499
327147501,35.6713,32.6459,503,33564,0.0409905,1,1,4304483,4303980,503
327150421,38.2685,46.6584,487,33627,0.0343962,1,1,4304523,4304036,487
327153341,36.3074,40.8633,485,33690,0.0317585,1,1,4304558,4304073,485
327159181,40.4892,49.2581,465,33816,0.0950814,0.71,1,4304665,4304200,465
327162101,47.9957,59.3033,452,33879,0.0920325,0.57,1,4304718,4304266,452
327167941,26.8793,36.8485,436,34003,0.0471252,0.17,1,4304771,4304335,436
327170861,37.7517,41.7394,436,34065,0.0728501,0.03,1,4304816,4304380,436
327176701,29.3203,33.6783,425,34189,0.070456,0.03,1,4304871,4304446,425
327179621,32.1281,35.6713,422,34251,0.0461824,0.03,1,4304905,4304483,422
327182541,36.8512,14.2685,462,34313,0.024473,0.03,1,4304945,4304483,462
327185461,35.7405,29.7074,457,34375,0.0157892,0.03,1,4304980,4304523,457
327188381,64.6962,32.883,506,34437,0.0603157,0.15,1,4305064,4304558,506
327191301,40.8785,62.3532,449,34498,0.0661263,0.09,1,4305089,4304640,449
327194221,48.1514,39.9413,477,34559,0.0804505,0.09,1,4305142,4304665,477
327197141,39.6606,47.7765,458,34620,0.0981802,0.11,1,4305176,4304718,458
327214661,36.6695,32.1272,462,34986,0.0839509,0.01,1,4305367,4304905,462
327217581,35.6678,36.8509,457,35046,0.0635804,0.01,1,4305402,4304945,457
327220501,66.4671,35.7404,509,35106,0.0434322,0.09,1,4305489,4304980,509
327223421,40.9868,64.6961,449,35166,0.0473729,0.07,1,4305513,4305064,449
327226341,48.7947,40.8785,478,35226,0.0729491,0.09,1,4305567,4305089,478
327229261,41.7179,48.1514,462,35286,0.0831797,0.11,1,4305604,4305142,462
327232181,26.2872,39.6606,444,35346,0.0872719,0.15,1,4305620,4305176,444
327255541,63.0475,66.4671,423,35822,0.0843036,0.05,1,4305912,4305489,423
327258461,40.819,40.9868,425,35881,0.0517215,0.09,1,4305938,4305513,425
327261381,49.3276,48.7947,426,35940,0.0506886,0.09,1,4305993,4305567,426
327264301,41.931,41.7179,426,35999,0.0622754,0.09,1,4306030,4305604,426
327267221,26.3724,26.2872,426,36058,0.0669102,0.13,1,4306046,4305620,426
327270141,41.749,41.7149,426,36117,0.0807641,0.11,1,4306098,4305672,426
327273061,34.6996,33.4859,428,36176,0.0863056,0.13,1,4306128,4305700,428
327284741,14.5971,14.5468,427,36408,0.202609,0.13,1,4306218,4305791,427
327287661,25.0388,25.6187,426,36466,0.207044,0.05,1,4306250,4305824,426
327290581,60.4155,63.0475,422,36524,0.232818,0.03,1,4306334,4305912,422
327293501,39.7662,40.819,422,36582,0.243127,0.05,1,4306360,4305938,422
327296421,48.9065,49.3276,422,36640,0.247251,0.07,1,4306415,4305993,422
327299341,42.3626,41.931,423,36698,0.2729,0.07,1,4306453,4306030,423
327302261,26.545,26.3724,423,36756,0.25916,0.09,1,4306469,4306046,423
327308101,36.7672,34.6996,427,36870,0.299466,0.15,1,4306555,4306128,427
327322701,26.4098,25.0388,432,37155,0.42154,0.21,1,4306682,4306250,432
327325621,61.5639,10.0155,517,37212,0.426616,0.25,1,4306767,4306250,517
327328541,39.0256,54.4062,457,37269,0.428646,0.25,1,4306791,4306334,457
327401541,17.2538,39.1285,455,38662,0.761607,0.67,2,4307688,4307233,455
327419061,30.4048,30.0614,456,38988,0.785925,0.73,2,4307918,4307462,456
327433661,62.5568,62.8365,458,39258,0.915757,0.77,2,4308119,4307661,458
327594261,38.3229,33.299,493,42114,0.928,1,2,4310080,4309587,493
327603021,34.3247,34.1711,489,42264,0.929392,1,2,4310184,4309695,489
327605941,21.5299,22.6685,487,42314,0.923757,1,2,4310197,4309710,487
327617621,43.1848,39.5467,491,42514,0.77048,1,2,4310354,4309863,491
327678941,37.4525,33.8005,490,43546,0.755607,0.65,2,4311046,4310556,490
327681861,31.181,36.9202,478,43594,0.788243,0.69,2,4311073,4310595,478
327687701,20.109,33.6272,466,43690,0.799319,0.73,2,4311121,4310655,466
327722741,32.7717,37.4525,489,44266,0.917432,0.81,2,4311535,4311046,489
327725661,34.7087,31.181,498,44314,0.900973,0.83,2,4311571,4311073,498
327728581,20.4835,35.2724,471,44362,0.906389,0.79,2,4311582,4311111,471
327731501,35.7934,20.109,507,44410,0.944556,0.83,2,4311628,4311121,507
327943201,88.0184,85.9694,506,22189,0.441616,1,1,4314071,4313565,506
327946121,76.6074,74.5877,508,22285,0.446646,0.93,1,4314140,4313632,508
327949041,67.243,74.8351,494,22380,0.424659,0.89,1,4314201,4313707,494
327951961,58.6972,73.734,474,22475,0.439863,0.81,1,4314254,4313780,474
327954881,43.2789,51.0936,471,22569,0.433945,0.69,1,4314287,4313816,471
327957801,73.1116,36.0374,538,22663,0.443578,0.57,1,4314380,4313842,538
327960721,70.0446,66.615,519,22757,0.447431,0.47,1,4314448,4313929,519
327981161,70.1843,72.9154,511,23401,0.753634,0.45,2,4314891,4314380,511
327987001,71.4695,65.1865,521,23582,0.752981,0.59,2,4315031,4314510,521
328010361,70.3013,71.4695,461,24293,0.912624,0.85,2,4315492,4315031,461
328013281,69.5205,68.1878,464,24380,0.93505,0.87,2,4315561,4315097,464
328220601,52.284,68.5825,486,29927,0.91,1,2,4319452,4318966,486
328299441,57.8775,34.3229,521,31781,0.751125,0.57,2,4320706,4320185,521
328302361,41.151,56.9291,479,31848,0.77445,0.55,2,4320736,4320257,479
328305281,27.8604,41.3717,467,31914,0.79578,0.59,2,4320755,4320288,467
328319881,54.6674,48.1539,511,32244,0.917298,0.65,2,4321021,4320510,511
328322801,44.0669,53.4616,491,32310,0.924919,0.69,2,4321058,4320567,491
328325721,36.8268,42.9846,487,32375,0.927968,0.71,2,4321090,4320603,487
328480481,29.3056,38.5813,513,35671,0.934,1,2,4323399,4322886,513
328489241,35.3556,37.8212,495,35848,0.921376,1,2,4323492,4322997,495
328503841,37.9422,38.8756,488,36143,0.772452,1,2,4323716,4323228,488
328573921,36.1394,35.9757,484,37520,0.768895,0.61,2,4324620,4324136,484
328582681,32.2889,45.6224,474,37688,0.904329,0.65,2,4324759,4324285,474
328585601,23.7156,32.049,469,37744,0.931732,0.61,2,4324777,4324308,469
328588521,23.8862,23.6196,475,37800,0.942693,0.61,2,4324801,4324326,475
328841101,114.779,106.642,536,19314,0.410896,1,1,4328224,4327688,536
328846941,70.8047,89.5427,478,19533,0.280543,0.77,1,4328345,4327867,478
328849861,44.5219,53.8171,475,19642,0.226217,0.79,1,4328372,4327897,475
328852781,79.0087,36.5268,552,19750,0.228487,0.51,1,4328474,4327922,552
328858621,90.2814,87.9243,535,19964,0.217758,0.33,1,4328658,4328123,535
328861541,69.7126,95.7697,490,20070,0.285103,0.27,1,4328714,4328224,490
328899501,73.1698,71.8041,454,21404,0.792398,0.63,2,4329605,4329151,454
328905341,41.4672,41.4886,453,21602,0.783184,0.67,2,4329693,4329240,453
328908261,81.3869,80.1955,455,21700,0.775273,0.67,2,4329801,4329346,455
328911181,33.7547,33.2782,455,21798,0.796109,0.75,2,4329803,4329348,455
328914101,68.7019,67.3113,457,21895,0.792444,0.75,2,4329895,4329438,457
328928701,81.5278,81.3869,460,22375,0.91542,0.81,2,4330261,4329801,460
328931621,33.8111,33.7547,460,22470,0.900168,0.79,2,4330263,4329803,460
328934541,68.1245,68.7019,459,22564,0.930067,0.79,2,4330354,4329895,459
329036741,56.7536,47.7413,538,25648,0.28458,1,1,4332571,4332033,538
329042581,51.2006,74.1186,516,25813,0.0755328,0.93,1,4332691,4332175,516
329045501,51.0802,53.0474,528,25895,0.0302131,1,1,4332742,4332214,528
329048421,79.2321,57.819,565,25977,0.0300852,0.75,1,4332840,4332275,565
329051341,53.2928,91.5276,487,26059,0.0300341,0.53,1,4332876,4332389,487
329054261,41.1171,60.611,480,26140,0.0540136,0.49,1,4332909,4332429,480
329057181,36.2469,46.4444,476,26221,0.0876055,0.39,1,4332942,4332466,476
329060101,46.2987,41.3778,491,26302,0.0530422,0.17,1,4332995,4332504,491
329063021,67.1195,56.7511,505,26383,0.0872169,0.05,1,4333076,4332571,505
329071781,79.1036,51.0801,520,26623,0.0821419,0.03,1,4333262,4332742,520
329074701,53.2415,79.232,458,26703,0.0508567,0.03,1,4333298,4332840,458
329077621,42.2966,53.2928,457,26782,0.0503427,0.07,1,4333333,4332876,457
329080541,37.9186,41.1171,459,26861,0.0501371,0.11,1,4333368,4332909,459
329083461,16.3675,36.2468,428,26940,0.0500548,0.03,1,4333370,4332942,428
329086381,37.147,46.2987,426,27019,0.0620219,0.11,1,4333421,4332995,426
329089301,65.2588,67.1195,429,27097,0.0908088,0.11,1,4333505,4333076,429
329103901,42.0596,42.2966,424,27485,0.0861107,0.05,1,4333757,4333333,424
329109741,16.3295,16.3675,424,27639,0.0821777,0.07,1,4333794,4333370,424
329112661,37.7318,37.147,425,27716,0.0988711,0.11,1,4333846,4333421,425
329127261,50.3774,51.149,425,28096,0.241713,0.07,1,4334146,4333721,425
329130181,42.351,42.0596,426,28171,0.246685,0.11,1,4334183,4333757,426
329133101,37.3404,37.8238,425,28246,0.296674,0.07,1,4334217,4333792,425
329150621,81.1624,47.9099,529,28693,0.448059,0.25,1,4334546,4334017,529
329194421,68.4734,39.0602,536,29780,0.762339,0.57,2,4335244,4334708,536
329197341,28.5894,67.8241,451,29851,0.778936,0.59,2,4335246,4334795,451
329200261,34.2358,49.3296,452,29922,0.797574,0.63,2,4335284,4334832,452
329235301,83.6259,83.4777,462,30760,0.922434,0.85,2,4335909,4335447,462
329340421,34.1591,33.4531,501,33145,0.913696,1,2,4337525,4337024,501
329346261,41.9455,37.7525,497,33273,0.768991,1,2,4337626,4337129,497
329357941,53.341,48.6977,497,33526,0.242742,1,1,4337846,4337349,497
329360861,34.5364,45.2791,476,33589,0.211097,0.94,1,4337868,4337392,476
329378381,36.537,41.9455,453,33965,0.0959027,0.59,1,4338079,4337626,453
329381301,27.2148,33.5782,446,34027,0.0803611,0.45,1,4338100,4337654,446
329384221,39.6859,44.6313,442,34089,0.0741444,0.23,1,4338148,4337706,442
329404661,30.6017,30.071,455,34521,0.201013,0.13,1,4338417,4337962,455
329407581,45.8407,30.0284,481,34582,0.218405,0.09,1,4338473,4337992,481
329410501,35.7363,46.2114,453,34643,0.249362,0.09,1,4338502,4338049,453
329413421,26.2945,36.4845,443,34704,0.285745,0.07,1,4338522,4338079,443
329436781,30.4298,30.0043,462,35188,0.424308,0.21,1,4338848,4338386,462
329439701,46.3719,30.6017,488,35248,0.439723,0.23,1,4338905,4338417,488
329506861,31.6088,30.2385,452,36602,0.760616,0.61,2,4339744,4339292,452
329509781,46.2435,46.8954,450,36660,0.790246,0.63,2,4339800,4339350,450
329512701,38.2974,37.9582,451,36718,0.766099,0.61,2,4339833,4339382,451
329515621,29.719,28.9833,452,36776,0.768439,0.69,2,4339857,4339405,452
329518541,44.8876,43.3933,454,36833,0.793376,0.71,2,4339912,4339458,454
329533141,14.2932,14.2626,455,37118,0.903583,0.71,2,4340099,4339644,455
329536061,27.3173,27.305,455,37175,0.931433,0.71,2,4340135,4339680,455
329538981,30.7269,10.922,488,37232,0.930573,0.73,2,4340168,4339680,488
329541901,32.6908,22.9688,491,37289,0.930229,0.79,2,4340202,4339711,491
329690821,177.092,183.683,491,17641,0.7972,1,2,4342229,4341738,491
329731701,99.667,97.3238,452,19257,0.773574,0.67,2,4343400,4342948,452
329746301,137.134,44.2667,651,19802,0.905185,0.75,2,4343783,4343132,651
329822221,139.013,143.408,485,22420,0.916,1,2,4345697,4345212,485
329833901,44.1907,63.3448,504,22796,0.44369,1,1,4345875,4345371,504
329839741,47.8705,35.9352,535,22982,0.23299,1,1,4345967,4345432,535
329845581,71.7393,138.83,495,23166,0.0792784,0.75,1,4346192,4345697,495
329848501,47.2957,76.5318,491,23258,0.0497114,0.59,1,4346223,4345732,491
329851421,56.7183,53.4127,516,23349,0.0618846,0.47,1,4346286,4345770,516
329854341,37.6873,66.9651,465,23440,0.0907538,0.37,1,4346311,4345846,465
329857261,37.2749,44.186,473,23530,0.0903015,0.25,1,4346348,4345875,473
329860181,41.31,41.6744,477,23620,0.0901206,0.17,1,4346392,4345915,477
329877701,22.7311,37.6873,423,24153,0.223717,0.09,1,4346734,4346311,423
329880621,33.0924,37.2749,426,24241,0.251487,0.09,1,4346774,4346348,426
329883541,40.237,41.31,427,24328,0.262595,0.11,1,4346819,4346392,427
329886461,133.095,133.524,427,24415,0.243038,0.15,1,4347014,4346587,427
329895221,57.2861,56.5695,431,24674,0.222674,0.19,1,4347141,4346710,431
329898141,24.1144,23.8278,431,24760,0.21507,0.25,1,4347143,4346712,431
329901061,23.4458,22.7311,432,24846,0.260028,0.27,1,4347166,4346734,432
329903981,33.9783,33.0924,433,24931,0.290011,0.27,1,4347207,4346774,433
329906901,40.5913,40.237,433,25016,0.290004,0.23,1,4347252,4346819,433
329918581,59.3303,57.2861,432,25353,0.421616,0.21,1,4347573,4347141,432
329921501,24.9321,24.1144,432,25437,0.426646,0.21,1,4347575,4347143,432
329924421,24.9729,9.64577,457,25520,0.440659,0.29,1,4347600,4347143,457
329965301,62.0596,47.4118,521,26658,0.75413,0.59,2,4348465,4347944,521
329968221,26.0238,61.5647,452,26737,0.763652,0.59,2,4348467,4348015,452
329971141,27.2095,25.8259,478,26816,0.767461,0.57,2,4348495,4348017,478
329974061,37.2838,26.5304,495,26895,0.792984,0.61,2,4348539,4348044,495
329982821,133.138,135.306,457,27131,0.902511,0.71,2,4348788,4348331,457
329985741,71.2553,72.1224,457,27209,0.919004,0.75,2,4348818,4348361,457
329988661,50.1021,48.6489,460,27287,0.949602,0.77,2,4348854,4348394,460
330324461,41.4747,41.9605,510,35099,0.94429,1,2,4354307,4353797,510
330333221,62.6544,37.2935,554,35279,0.793155,1,2,4354458,4353904,554
330394541,33.0658,32.1638,449,36517,0.751024,0.53,2,4355222,4354773,449
330397461,31.2263,32.6655,446,36575,0.78641,0.53,2,4355252,4354806,446
330417901,31.5859,29.7576,455,36978,0.921003,0.69,2,4355564,4355109,455
330420821,34.2344,32.903,456,37035,0.938401,0.73,2,4355600,4355144,456
330601861,35.4067,30.2457,519,40420,0.914925,1,2,4357957,4357438,519
330648581,40.9997,45.9851,514,41248,0.946,0.96,2,4358558,4358044,514
330651501,34.9999,41.794,506,41299,0.9484,1,2,4358589,4358083,506
330660261,23.336,23.9868,494,41452,0.916778,1,2,4358658,4358164,494
330663181,32.1344,22.7947,510,41503,0.936711,1,2,4358696,4358186,510
330666101,15.2538,33.1179,474,41554,0.944684,1,2,4358700,4358226,474
330669021,49.3015,54.6472,477,41605,0.935874,1,2,4358772,4358295,477
330806261,28.7483,34.33,509,43925,0.920896,1,2,4360360,4359851,509
330826701,19.0282,28.2138,497,44261,0.773451,1,2,4360583,4360086,497
330829621,25.6113,25.0855,504,44309,0.77138,1,2,4360613,4360109,504
330832541,45.6445,28.6342,532,44357,0.758552,1,2,4360672,4360140,532
330835461,39.8578,47.4537,508,44405,0.777421,1,2,4360708,4360200,508
330858821,34.5715,36.9759,461,44782,0.755424,0.79,2,4360947,4360486,461
330861741,35.4286,35.1904,463,44829,0.78817,0.71,2,4360983,4360520,463
330867581,23.3086,25.0705,460,44923,0.770507,0.79,2,4361028,4360568,460
330870501,18.3234,19.0282,460,44970,0.782203,0.77,2,4361043,4360583,460
330873421,24.1294,25.6113,458,45017,0.786881,0.75,2,4361071,4360613,458
330890941,25.1329,26.326,454,45299,0.909016,0.67,2,4361257,4360803,454
331042781,28.7798,34.0351,491,47658,0.94,1,2,4362913,4362422,491
331174181,29.6053,21.9905,540,49611,0.932339,1,2,4364277,4363737,540
331194621,32.2635,26.2918,535,49905,0.921889,1,2,4364506,4363971,535
331257401,68.9464,80.5463,451,23631,0.0605601,0.01,1,4365205,4364754,451
331260321,69.5785,65.8185,465,23721,0.0242241,0,1,4365275,4364810,465
331263241,62.6314,65.9274,457,23810,0.0156896,0.03,1,4365333,4364876,457
331266161,62.2526,66.571,452,23899,0.0602758,0.03,1,4365395,4364943,452
331269081,42.901,61.4284,424,23988,0.0541103,0.05,1,4365425,4365001,424
331272001,38.1604,30.5714,449,24076,0.0396441,0.03,1,4365460,4365011,449
331274921,49.4642,62.0285,423,24164,0.0458577,0.07,1,4365517,4365094,423
331277841,59.3857,63.2114,425,24252,0.0603431,0.03,1,4365583,4365158,425
331280761,50.7543,53.4846,423,24339,0.0421372,0,1,4365628,4365205,423
331283681,62.3017,63.3938,423,24426,0.0708549,0.01,1,4365698,4365275,423
331286601,60.3207,60.1575,424,24513,0.046342,0.09,1,4365757,4365333,424
331289521,61.3283,61.263,424,24599,0.0725368,0.05,1,4365819,4365395,424
331292441,41.9313,42.5052,423,24685,0.0710147,0.03,1,4365848,4365425,423
331304121,50.7294,50.7441,423,25027,0.205866,0.09,1,4366051,4365628,423
331321641,51.3771,15.109,487,25531,0.208989,0.17,1,4366370,4365883,487
331324561,60.1509,40.2436,496,25614,0.269595,0.23,1,4366436,4365940,496
331327481,49.8603,55.6974,473,25697,0.281838,0.21,1,4366479,4366006,473
331330401,61.9441,49.279,498,25779,0.286735,0.17,1,4366549,4366051,498
331333321,57.7777,62.3116,482,25861,0.264694,0.13,1,4366604,4366122,482
331336241,62.1111,59.1246,490,25943,0.255878,0.11,1,4366669,4366179,490
331339161,43.4444,62.0499,457,26025,0.240351,0.13,1,4366700,4366243,457
331342081,42.5778,42.8199,469,26106,0.21014,0.21,1,4366742,4366273,469
331345001,54.2311,39.928,493,26187,0.210056,0.23,1,4366804,4366311,493
331347921,62.4924,51.3712,502,26268,0.210022,0.31,1,4366872,4366370,502
331350841,51.397,60.1485,480,26349,0.222009,0.29,1,4366916,4366436,480
331353761,61.9588,49.8594,506,26429,0.226804,0.29,1,4366985,4366479,506
331356681,56.5835,61.9438,489,26509,0.240721,0.25,1,4367038,4366549,489
331368361,54.1861,42.5778,493,26827,0.406722,0.21,1,4367235,4366742,493
331371281,62.4745,54.2311,499,26906,0.432689,0.21,1,4367303,4366804,499
331374201,26.1898,62.4924,433,26985,0.443076,0.23,1,4367305,4366872,433
331403401,37.0663,36.8759,444,27760,0.784373,0.51,2,4367793,4367349,444
331406321,58.0265,57.3504,445,27836,0.799749,0.49,2,4367865,4367420,445
331420921,58.4294,55.6615,456,28214,0.923885,0.79,2,4368134,4367678,456
331543561,49.5688,56.3172,472,31208,0.946,1,2,4370219,4369747,472
331552321,49.3004,31.4923,533,31412,0.942544,1,2,4370350,4369817,533
331564001,78.6285,55.7902,562,31680,0.225969,1,1,4370594,4370032,562
331569841,33.5806,42.7664,510,31814,0.0853551,1,1,4370644,4370134,510
331572761,45.8322,30.9066,541,31881,0.076142,0.91,1,4370698,4370157,541
331575681,40.5329,49.5626,516,31947,0.0364568,1,1,4370735,4370219,516
331578601,33.0132,45.6251,501,32013,0.0145827,1,1,4370763,4370262,501
331581521,45.6053,36.25,525,32079,0.0718331,0.91,1,4370817,4370292,525
331584441,38.0421,49.3,500,32145,0.0707332,0.75,1,4370850,4370350,500
331587361,39.2168,44.32,499,32211,0.0702933,0.69,1,4370890,4370391,499
331590281,43.2867,45.928,498,32277,0.0821173,0.37,1,4370936,4370438,498
331593201,65.3147,55.5712,516,32343,0.0508469,0.03,1,4371016,4370500,516
331596121,41.1259,78.6285,447,32408,0.0383388,0.03,1,4371041,4370594,447
331599041,33.2504,46.4514,450,32473,0.0453355,0.07,1,4371069,4370619,450
331601961,43.3001,33.5806,475,32538,0.0601342,0.07,1,4371119,4370644,475
331604881,40.7201,45.8322,460,32603,0.0240537,0.01,1,4371158,4370698,460
331607801,31.888,40.5329,449,32668,0.0276215,0,1,4371184,4370735,449
331610721,46.9552,33.0132,478,32733,0.0650486,0.11,1,4371241,4370763,478
331613641,19.9821,45.6053,426,32798,0.0800194,0.07,1,4371243,4370817,426
331637001,40.1664,40.7201,423,33310,0.0604488,0.03,1,4371581,4371158,423
331639921,31.6665,31.888,423,33373,0.0541795,0.09,1,4371607,4371184,423
331642841,50.4666,46.9552,429,33436,0.0516718,0.09,1,4371670,4371241,429
331645761,21.3866,19.9821,429,33499,0.0506687,0.17,1,4371672,4371243,429
331648681,25.3547,25.9928,427,33562,0.0742675,0.23,1,4371700,4371273,427
331666201,43.8393,43.4159,428,33939,0.212205,0.01,1,4371971,4371543,428
331669121,36.7357,40.1664,422,34001,0.210882,0.05,1,4372003,4371581,422
331689561,67.8502,41.1027,511,34435,0.215003,0.17,1,4372302,4371791,511
331692481,40.3401,65.6411,451,34496,0.236001,0.19,1,4372324,4371873,451
331695401,30.536,38.8564,454,34557,0.2204,0.19,1,4372348,4371894,454
331698321,44.0144,29.9426,483,34618,0.22616,0.23,1,4372401,4371918,483
331701241,36.2058,43.777,461,34679,0.228464,0.21,1,4372432,4371971,461
331704161,28.8823,36.7108,453,34740,0.241386,0.17,1,4372456,4372003,453
331707081,49.3529,30.2843,490,34801,0.234554,0.09,1,4372519,4372029,490
331710001,20.9412,51.1137,427,34862,0.231822,0.09,1,4372521,4372094,427
331712921,26.9765,21.6455,456,34923,0.230729,0.11,1,4372552,4372096,456
331715841,37.7906,26.6582,471,34984,0.230291,0.13,1,4372597,4372126,471
331718761,46.3162,37.0633,479,35044,0.218117,0.19,1,4372649,4372170,479
331721681,70.1265,43.6253,517,35104,0.225247,0.25,1,4372735,4372218,517
331724601,40.0506,67.8501,453,35164,0.228099,0.25,1,4372755,4372302,453
331727521,30.4202,40.34,455,35224,0.229239,0.21,1,4372779,4372324,455
331730441,44.5681,30.536,485,35284,0.265696,0.23,1,4372833,4372348,485
331753801,36.5217,46.3162,432,35761,0.417026,0.23,1,4373081,4372649,432
331794681,39.7819,38.7235,445,36580,0.754635,0.49,2,4373633,4373188,445
331797601,31.5127,30.4894,446,36638,0.775854,0.55,2,4373659,4373213,446
331826801,68.7615,15.1547,546,37210,0.928224,0.75,2,4374070,4373524,546
331981561,29.349,27.1407,502,40109,0.931453,1,2,4376072,4375570,502
331984481,27.9396,10.8563,529,40162,0.942581,1,2,4376099,4375570,529
332035581,117.504,90.9211,512,18597,0.0581621,0.03,1,4376905,4376393,512
332038501,82.4016,114.968,440,18711,0.0232648,0.03,1,4376964,4376524,440
332041421,59.3606,71.7874,441,18824,0.0393059,0.01,1,4377008,4376567,441
332044341,41.7443,49.115,437,18937,0.0457224,0.03,1,4377038,4376601,437
332053101,100.256,101.519,425,19271,0.0593262,0,1,4377330,4376905,425
332056021,73.7023,76.0077,422,19381,0.0417305,0.05,1,4377386,4376964,422
332058941,57.0809,56.8031,424,19490,0.0586922,0.05,1,4377432,4377008,424
332061861,40.2324,40.7212,423,19599,0.0774769,0.05,1,4377461,4377038,423
332064781,80.2929,16.2885,530,19707,0.0849907,0.15,1,4377568,4377038,530
332067701,74.1172,68.9154,496,19815,0.0999963,0.15,1,4377638,4377142,496
332073541,72.2187,98.6265,477,20028,0.0891994,0.03,1,4377807,4377330,477
332076461,58.2875,73.0506,470,20134,0.0416798,0.07,1,4377856,4377386,470
332079381,40.115,56.8202,452,20239,0.0466719,0.09,1,4377884,4377432,452
332091061,70.2045,98.0402,477,20655,0.203515,0.07,1,4378229,4377752,477
332093981,58.0818,72.2161,472,20758,0.231406,0.01,1,4378279,4377807,472
332096901,40.0327,58.2864,451,20860,0.218562,0.05,1,4378307,4377856,451
332105661,57.8821,75.7783,432,21164,0.245108,0.21,1,4378497,4378065,432
332123181,35.1089,35.2052,432,21758,0.42063,0.29,1,4378856,4378424,432
332152381,70.1246,78.639,502,22714,0.755747,0.63,2,4379550,4379048,502
332155301,58.0498,62.6556,500,22807,0.776299,0.61,2,4379600,4379100,500
332169901,96.6597,62.4694,575,23268,0.921226,0.73,2,4379954,4379379,575
332263341,81.8876,102.808,533,26024,0.787216,1,2,4381918,4381385,533
332275021,64.6211,28.6479,577,26348,0.443177,1,1,4382092,4381515,577
332277941,55.2484,82.8592,507,26428,0.411271,0.99,1,4382141,4381634,507
332292541,36.7616,51.955,482,26826,0.415408,0.61,1,4382432,4381950,482
332295461,26.1046,39.382,470,26905,0.448163,0.63,1,4382451,4381981,470
332298381,11.6419,29.5528,449,26984,0.437265,0.31,1,4382453,4382004,449
332301301,52.6567,64.6211,441,27062,0.432906,0.39,1,4382533,4382092,441
332304221,51.6627,55.2484,443,27140,0.431162,0.33,1,4382584,4382141,443
332307141,41.6651,45.4994,439,27218,0.430465,0.37,1,4382619,4382180,439
332336341,95.4763,94.066,445,27987,0.794184,0.51,2,4383193,4382748,445
332359701,44.9708,50.3987,494,28586,0.923028,0.79,2,4383520,4383026,494
332485261,40.4253,52.2612,507,31612,0.916,1,2,4385700,4385193,507
332491101,27.828,25.8818,511,31746,0.77656,1,2,4385750,4385239,511
332496941,59.1725,43.3811,544,31880,0.40385,1,1,4385864,4385320,544
332499861,47.069,65.3524,503,31946,0.26354,1,1,4385903,4385400,503
332505701,70.171,36.7364,566,32078,0.0841664,1,1,4386032,4385466,566
332508621,67.6684,69.8946,540,32144,0.0396665,1,1,4386098,4385558,540
332511541,49.8674,71.1578,506,32210,0.0158666,1,1,4386136,4385630,506
332514461,36.7469,50.0631,498,32276,0.00634665,0.86,1,4386164,4385666,498
332517381,27.2988,40.4253,485,32342,0.0205387,0.85,1,4386185,4385700,485
332520301,20.5195,30.5701,477,32407,0.0262155,0.71,1,4386201,4385724,477
332523221,28.0078,27.828,484,32472,0.0104862,0.59,1,4386234,4385750,484
332526141,47.2031,33.9312,506,32537,0.0221945,0.23,1,4386294,4385788,506
332529061,39.2812,59.1725,464,32602,0.0268778,0.17,1,4386328,4385864,464
332531981,37.9125,47.069,462,32667,0.0167511,0,1,4386365,4385903,462
332534901,69.165,43.4276,511,32732,0.0247004,0.07,1,4386455,4385944,511
332537821,28.866,70.171,425,32797,0.0278802,0.01,1,4386457,4386032,425
332540741,49.9464,67.6684,423,32861,0.0171521,0,1,4386521,4386098,423
332543661,43.3786,49.8674,424,32925,0.0488608,0,1,4386560,4386136,424
332546581,33.5514,36.7469,423,32989,0.0255443,0.03,1,4386587,4386164,423
332549501,26.0206,27.2988,423,33053,0.0162177,0.03,1,4386608,4386185,423
332552421,20.0082,20.5195,423,33117,0.0364871,0,1,4386624,4386201,423
332555341,29.0033,28.0078,425,33181,0.0325948,0.03,1,4386659,4386234,425
332558261,46.4013,47.2031,423,33245,0.0310379,0.03,1,4386717,4386294,423
332561181,38.3605,39.2812,422,33309,0.0664152,0.01,1,4386750,4386328,422
332564101,38.1442,37.9125,423,33372,0.0445661,0.03,1,4386788,4386365,423
332567021,69.2577,69.165,423,33435,0.0178264,0.03,1,4386878,4386455,423
332569941,28.9031,28.866,423,33498,0.0131306,0.01,1,4386880,4386457,423
332572861,51.1612,49.9464,425,33561,0.00525223,0.07,1,4386946,4386521,425
332581621,25.6663,26.0206,422,33750,0.0490561,0.05,1,4387030,4386608,422
332584541,21.0665,20.0082,424,33813,0.0256225,0.03,1,4387048,4386624,424
332587461,28.2266,29.0033,422,33876,0.016249,0.03,1,4387081,4386659,422
332590381,47.2906,46.4013,424,33938,0.0364996,0.09,1,4387141,4386717,424
332593301,39.9163,38.3605,426,34000,0.0565998,0.03,1,4387176,4386750,426
332596221,36.3665,38.1442,422,34062,0.0526399,0,1,4387210,4386788,422
332599141,68.5466,69.2577,422,34124,0.021056,0.01,1,4387300,4386878,422
332602061,28.6186,28.9031,422,34186,0.0144224,0,1,4387302,4386880,422
332604981,52.2475,51.1612,424,34248,0.011769,0,1,4387370,4386946,424
332607901,45.499,20.4645,465,34310,0.0107076,0.17,1,4387411,4386946,465
332610821,31.3996,30.3858,450,34372,0.058283,0.11,1,4387433,4386983,450
332613741,23.3598,27.7543,442,34434,0.0893132,0.01,1,4387451,4387009,442
332616661,20.7439,23.7017,440,34495,0.0657253,0.01,1,4387470,4387030,440
332619581,28.0976,20.2807,455,34556,0.0562901,0.01,1,4387503,4387048,455
332622501,46.639,27.9123,481,34617,0.064516,0.05,1,4387562,4387081,481
332625421,40.8556,47.1649,458,34678,0.0558064,0.07,1,4387599,4387141,458
332628341,35.5422,39.866,455,34739,0.0403226,0.05,1,4387631,4387176,455
332631261,68.2169,36.3464,511,34800,0.016129,0,1,4387721,4387210,511
332634181,28.4868,68.5386,423,34861,0.0124516,0.01,1,4387723,4387300,423
332637101,52.1947,28.6154,489,34922,0.0109806,0.01,1,4387791,4387302,489
332640021,46.6779,52.2462,464,34983,0.0343923,0.01,1,4387834,4387370,464
332642941,33.0712,45.4985,447,35043,0.0317569,0.09,1,4387858,4387411,447
332645861,22.2285,31.3994,440,35103,0.0427028,0.11,1,4387873,4387433,440
332648781,20.2914,23.3598,441,35163,0.0590811,0.05,1,4387892,4387451,441
332651701,27.9166,20.7439,455,35223,0.0416324,0.05,1,4387925,4387470,455
332654621,47.7666,28.0976,483,35283,0.058653,0.07,1,4387986,4387503,483
332657541,39.5066,46.639,458,35343,0.0774612,0.05,1,4388020,4387562,458
332660461,35.0027,40.8556,453,35403,0.0969845,0.03,1,4388052,4387599,453
332663381,68.6011,35.5422,512,35463,0.0567938,0,1,4388143,4387631,512
332666301,28.6404,68.2169,424,35523,0.0227175,0.01,1,4388145,4387721,424
332669221,52.2562,28.4868,490,35583,0.00908701,0.01,1,4388213,4387723,490
332672141,47.3025,52.1947,466,35642,0.0216348,0.05,1,4388257,4387791,466
332675061,20.121,46.6779,425,35701,0.0266539,0.03,1,4388259,4387834,425
332677981,21.2484,33.0712,423,35760,0.0526616,0.05,1,4388281,4387858,423
332680901,18.0994,22.2285,424,35819,0.0510646,0.07,1,4388297,4387873,424
332683821,18.0397,20.2914,423,35878,0.0504258,0.03,1,4388315,4387892,423
332686741,26.4159,27.9166,422,35937,0.0501703,0.07,1,4388347,4387925,422
332689661,48.9664,47.7666,425,35996,0.0500681,0.09,1,4388411,4387986,425
332692581,40.5865,39.5066,426,36055,0.0380273,0.11,1,4388446,4388020,426
332695501,34.2346,35.0027,424,36114,0.0572109,0.03,1,4388476,4388052,424
332698421,67.6938,68.6011,423,36173,0.0408844,0,1,4388566,4388143,423
332701341,28.2775,28.6404,423,36231,0.0343537,0,1,4388568,4388145,423
332704261,52.111,52.2562,423,36289,0.0317415,0.03,1,4388636,4388213,423
332707181,47.2444,47.3025,423,36347,0.0546966,0.03,1,4388680,4388257,423
332710101,20.0978,20.121,423,36405,0.0638786,0.07,1,4388682,4388259,423
332713021,21.2391,21.2484,423,36463,0.0795515,0.05,1,4388704,4388281,423
332715941,18.6956,18.0994,424,36521,0.0858206,0.05,1,4388721,4388297,424
332718861,18.2783,18.0397,424,36579,0.0883282,0.05,1,4388739,4388315,424
332736381,27.5865,28.2775,422,36924,0.216901,0.03,1,4388990,4388568,422
332745141,20.2935,20.0978,423,37095,0.0981217,0.09,1,4389105,4388682,423
332748061,21.9174,21.2391,424,37152,0.0812487,0.09,1,4389128,4388704,424
332750981,19.567,8.49564,442,37209,0.0744995,0.09,1,4389146,4388704,442
332753901,18.6268,13.5983,443,37266,0.0717998,0.09,1,4389164,4388721,443
332756821,25.4507,16.2393,455,37323,0.0707199,0.13,1,4389194,4388739,455
332759741,49.7803,24.4957,491,37380,0.082288,0.13,1,4389260,4388769,491
332788941,18.6815,19.5669,442,37941,0.205358,0.07,1,4389588,4389146,442
332791861,25.4726,18.6268,454,37997,0.244143,0.07,1,4389618,4389164,454
332794781,50.989,25.4507,492,38053,0.235657,0.09,1,4389686,4389194,492
332797701,41.9956,49.7803,462,38109,0.244263,0.13,1,4389722,4389260,462
332800621,38.3982,40.9121,463,38164,0.247705,0.11,1,4389758,4389295,463
332803541,68.7593,38.5648,515,38219,0.297082,0.17,1,4389847,4389332,515
332818141,23.0308,19.6487,455,38494,0.412127,0.19,1,4389983,4389528,455
332821061,20.0123,22.2595,449,38549,0.422851,0.21,1,4390001,4389552,449
332823981,19.4049,19.7038,450,38604,0.42714,0.21,1,4390020,4389570,450
332885301,50.4608,49.6551,448,39737,0.753475,0.57,2,4390798,4390350,448
332914501,39.6404,40.0334,492,40267,0.90557,0.75,2,4391093,4390601,492
332923261,51.833,30.0181,523,40423,0.902996,0.77,2,4391257,4390734,523
332926181,52.5332,50.4073,512,40475,0.943199,0.85,2,4391310,4390798,512
333107221,124.246,111.086,523,19925,0.78616,1,2,4393538,4393015,523
333145181,74.5617,78.7415,454,21267,0.771584,0.67,2,4394448,4393994,454
333153941,82.6999,82.9915,456,21565,0.914101,0.69,2,4394719,4394263,456
333156861,46.28,46.3966,456,21663,0.947641,0.69,2,4394741,4394285,456
333241541,61.5061,48.2732,517,24341,0.9232,1,2,4396670,4396153,517
333247381,36.121,36.7637,510,24515,0.770512,1,2,4396733,4396223,510
333259061,75.1327,84.4132,478,24859,0.221181,0.98,1,4397005,4396527,478
333264901,55.3412,61.5061,463,25029,0.062989,0.77,1,4397133,4396670,463
333267821,38.9365,43.8024,459,25114,0.0791956,0.73,1,4397161,4396702,459
333270741,31.1746,36.121,454,25198,0.0496782,0.49,1,4397187,4396733,454
333273661,43.0698,50.4484,445,25282,0.0618713,0.39,1,4397238,4396793,445
333276581,41.2279,46.5794,441,25366,0.0427485,0.33,1,4397278,4396837,441
333279501,66.2912,73.8317,432,25450,0.0590994,0.33,1,4397361,4396929,432
333282421,70.3165,29.5327,505,25533,0.0416398,0.11,1,4397434,4396929,505
333285341,80.3266,57.4131,516,25616,0.0706559,0.09,1,4397521,4397005,516
333288261,52.5306,78.7652,457,25699,0.0702624,0.01,1,4397555,4397098,457
333291181,38.4123,52.5061,451,25781,0.0821049,0.09,1,4397584,4397133,451
333294101,29.7649,37.8024,447,25863,0.086842,0.03,1,4397608,4397161,447
333297021,43.106,30.721,473,25945,0.0527368,0.07,1,4397660,4397187,473
333299941,41.8424,42.8884,463,26027,0.0510947,0.03,1,4397701,4397238,463
333302861,67.737,41.1554,508,26108,0.0984379,0.07,1,4397786,4397278,508
333314541,38.9245,52.5288,454,26431,0.21492,0.09,1,4398009,4397555,454
333317461,28.1698,38.4115,446,26511,0.211968,0.09,1,4398030,4397584,446
333320381,42.4679,29.7646,474,26591,0.210787,0.03,1,4398082,4397608,474
333323301,42.1872,43.1058,464,26671,0.210315,0.05,1,4398124,4397660,464
333326221,70.8749,41.8423,513,26750,0.210126,0.13,1,4398214,4397701,513
333329141,71.5499,67.7369,500,26829,0.23405,0.15,1,4398286,4397786,500
333332061,82.62,69.6948,519,26908,0.25562,0.19,1,4398376,4397857,519
333334981,34.248,81.2779,432,26987,0.264248,0.21,1,4398378,4397946,432
333337901,34.0992,52.3112,433,27065,0.279699,0.23,1,4398412,4397979,433
333358341,83.6064,82.62,435,27608,0.423083,0.27,1,4398811,4398376,435
333361261,34.6426,34.248,435,27685,0.427233,0.29,1,4398813,4398378,435
333405061,70.7831,41.7829,537,28810,0.76236,0.61,2,4399532,4398995,537
333419661,35.5258,36.5939,486,29175,0.915707,0.67,2,4399780,4399294,486
333422581,28.6103,33.8376,478,29248,0.924283,0.69,2,4399804,4399326,478
333572961,325.112,362.922,473,13140,0.43,0.83,1,4402287,4401814,473
333578801,153.778,182.867,485,14175,0.0772,0.05,1,4402597,4402112,485
333581721,102.911,130.747,458,14325,0.04888,0.09,1,4402666,4402208,458
333584641,53.1645,81.0988,430,14473,0.037552,0.05,1,4402686,4402256,430
333586101,155.066,51.0395,622,14620,0.0330208,0.01,1,4402909,4402287,622
333589021,82.4263,160.816,422,14765,0.0432083,0.01,1,4402943,4402521,422
333591941,79.1705,109.926,423,14909,0.0832833,0.03,1,4403020,4402597,423
333594861,73.6682,85.3705,424,15051,0.0513133,0.03,1,4403090,4402666,424
333597781,42.0673,46.1482,425,15192,0.0265253,0.03,1,4403111,4402686,425
333599241,137.427,18.4593,626,15332,0.0646101,0.03,1,4403312,4402686,626
333610921,42.3021,72.7798,443,15879,0.069286,0.01,1,4403533,4403090,443
333615301,91.0083,137.285,482,16146,0.223486,0.13,1,4403794,4403312,482
333618221,84.4033,87.9139,507,16278,0.275394,0.19,1,4403874,4403367,507
333643041,144.587,136.418,452,17415,0.402263,0.35,1,4404607,4404155,452
333681001,77.8386,64.6895,541,19050,0.938293,0.73,2,4405655,4405114,541
333771521,67.0867,63.4808,495,22337,0.946,1,2,4407967,4407472,495
333786121,126.484,48.1806,657,22808,0.423476,1,1,4408338,4407681,657
333789041,73.9938,132.672,507,22901,0.29539,1,1,4408377,4407870,507
333794881,48.079,66.8276,504,23086,0.0964625,0.83,1,4408471,4407967,504
333797801,32.4316,50.131,487,23178,0.092585,0.85,1,4408493,4408006,487
333800721,56.7726,35.6524,534,23269,0.079034,0.65,1,4408566,4408032,534
333803641,49.7091,62.261,499,23360,0.0976136,0.55,1,4408611,4408112,499
333809481,66.1534,126.482,466,23541,0.211218,0.21,1,4408804,4408338,466
333812401,60.0614,73.9927,483,23631,0.222487,0.13,1,4408860,4408377,483
333815321,44.4246,63.1971,461,23721,0.202995,0.03,1,4408894,4408433,461
333818241,32.1698,48.0788,447,23810,0.219198,0.09,1,4408918,4408471,447
333821161,54.2679,32.4315,494,23899,0.249679,0.07,1,4408987,4408493,494
333824081,22.9072,56.7726,423,23988,0.261872,0.11,1,4408989,4408566,423
333827001,38.5629,49.709,427,24076,0.266749,0.19,1,4409038,4408611,427
333841601,33.1395,32.1698,434,24513,0.425468,0.27,1,4409352,4408918,434
333905841,61.1725,68.4502,513,26349,0.916588,0.71,2,4410642,4410129,513
333908761,49.069,61.5801,497,26429,0.936635,0.75,2,4410683,4410186,497
334002201,124.786,38.0409,666,28882,0.754,1,2,4412455,4411789,666
334016801,26.2484,29.7463,519,29247,0.446508,1,1,4412624,4412105,519
334022641,36.3597,52.2794,503,29391,0.279041,1,1,4412707,4412204,503
334025561,41.5439,41.9118,513,29463,0.213617,1,1,4412752,4412239,513
334034321,50.8028,77.5144,487,29678,0.237591,0.53,1,4412988,4412501,487
334037241,37.1211,55.0057,475,29749,0.269037,0.53,1,4413016,4412541,475
334040161,32.8484,38.8023,477,29820,0.257615,0.47,1,4413046,4412569,477
334043081,14.3394,37.1209,443,29891,0.289046,0.41,1,4413048,4412605,443
334046001,16.5358,26.2484,442,29962,0.277618,0.29,1,4413066,4412624,442
334051841,32.6457,36.3597,436,30103,0.297619,0.17,1,4413143,4412707,436
334124841,41.1994,54.1702,484,31814,0.753498,0.61,2,4414350,4413866,484
334127761,35.0798,41.4681,482,31881,0.787399,0.63,2,4414381,4413899,482
334145281,111.716,38.8521,615,32277,0.929274,0.75,2,4414686,4414071,615
334148201,71.6863,109.741,503,32343,0.92971,0.73,2,4414731,4414228,503
334151121,55.6745,71.4963,502,32408,0.929884,0.73,2,4414776,4414274,502
334253321,36.9864,47.9937,498,34618,0.932848,1,2,4416265,4415767,498
334256241,34.5946,34.7975,505,34679,0.937139,1,2,4416298,4415793,505
334265001,32.5501,34.531,504,34862,0.910777,1,2,4416377,4415873,504
334267921,37.62,36.0124,508,34923,0.922311,1,2,4416418,4415910,508
334279601,50.8639,78.7875,511,35164,0.408235,1,1,4416678,4416167,511
334288361,29.9673,36.9864,503,35344,0.216447,0.94,1,4416768,4416265,503
334297121,33.3339,27.3751,506,35524,0.0798526,0.87,1,4416847,4416341,506
334300041,31.9336,32.5501,501,35584,0.037941,0.93,1,4416878,4416377,501
334302961,25.3734,37.62,481,35643,0.0331764,0.81,1,4416899,4416418,481
334305881,11.3494,28.248,461,35702,0.0312706,0.67,1,4416901,4416440,461
334308801,77.1398,89.8992,451,35761,0.0425082,0.33,1,4417022,4416571,451
334311721,69.8559,82.1597,439,35820,0.0590033,0.35,1,4417087,4416648,439
334314641,45.9424,50.8639,439,35879,0.0656013,0.37,1,4417117,4416678,439
334317561,37.5769,39.5455,439,35938,0.0442405,0.27,1,4417149,4416710,439
334320481,28.8308,34.4182,431,35997,0.0596962,0.15,1,4417172,4416741,431
334323401,25.9323,29.9673,428,36056,0.0658785,0.15,1,4417196,4416768,428
334326321,15.7729,18.5869,426,36115,0.0563514,0.09,1,4417205,4416779,426
334340921,10.9308,11.3494,422,36406,0.095185,0.05,1,4417323,4416901,422
334343841,78.1723,77.1398,424,36464,0.080074,0.07,1,4417446,4417022,424
334346761,69.6689,69.8559,423,36522,0.0980296,0.07,1,4417510,4417087,423
334367201,31.9401,32.0437,427,36925,0.0909447,0.13,1,4417698,4417271,427
334370121,30.776,30.8175,427,36982,0.0903779,0.09,1,4417728,4417301,427
334378881,76.2737,78.1723,423,37153,0.0981842,0.07,1,4417869,4417446,423
334381801,69.5095,31.2689,488,37210,0.0812737,0.11,1,4417934,4417446,488
334384721,46.4038,50.9076,455,37267,0.0865095,0.13,1,4417965,4417510,455
334413921,73.9709,10.6822,542,37830,0.253168,0.07,1,4418291,4417749,542
334416841,69.7884,76.2729,489,37886,0.287267,0.07,1,4418358,4417869,489
334419761,47.7153,69.5091,457,37942,0.288907,0.09,1,4418391,4417934,457
334431441,16.3991,25.4338,438,38165,0.401524,0.15,1,4418484,4418046,438
334434361,24.5596,16.1735,458,38220,0.40661,0.15,1,4418514,4418056,458
334437281,31.4239,24.4694,464,38275,0.408644,0.13,1,4418550,4418086,464
334440201,31.7695,31.9878,459,38330,0.433458,0.17,1,4418582,4418123,459
334443121,24.7078,30.7951,449,38385,0.443383,0.17,1,4418602,4418153,449
334446041,11.0831,24.318,431,38440,0.447353,0.17,1,4418604,4418173,431
334510281,24.8965,24.4107,447,39632,0.795059,0.55,2,4419403,4418956,447
334527801,75.0208,71.4034,457,39950,0.799252,0.73,2,4419696,4419239,457
334551161,33.2845,24.4248,498,40372,0.90064,0.83,2,4419901,4419403,498
334554081,33.7138,31.3699,496,40424,0.918256,0.85,2,4419935,4419439,496
334557001,25.4855,33.548,481,40476,0.925302,0.85,2,4419955,4419474,481
334559921,11.3942,25.4192,463,40528,0.928121,0.85,2,4419957,4419494,463
334562841,80.7577,11.3677,588,40580,0.941248,0.79,2,4420084,4419496,588
334705921,26.037,8.09087,551,43054,0.933539,1,2,4421812,4421261,551
334719061,317.015,359.636,468,18980,0.415416,0.17,1,4422323,4421855,468
334754101,236.006,276.455,429,18980,0.244166,0.11,1,4422505,4422076,429
334759941,85.0409,91.1527,456,19925,0.0762666,0,1,4422630,4422174,456
334762861,79.0164,75.4611,466,20031,0.0725066,0.05,1,4422705,4422239,466
334765781,37.0065,57.7844,429,20137,0.0590027,0.03,1,4422714,4422285,429
334768701,35.2026,37.5138,439,20242,0.0296011,0.01,1,4422748,4422309,439
334771621,54.281,50.4055,447,20347,0.0418404,0.13,1,4422815,4422368,447
334797901,78.4564,81.5574,431,21267,0.201449,0.11,1,4423484,4423053,431
334800821,73.3825,77.023,427,21367,0.23058,0.09,1,4423554,4423127,427
334803741,34.153,36.2092,426,21466,0.266232,0.11,1,4423562,4423136,426
334806661,33.4612,34.8837,425,21565,0.292493,0.13,1,4423595,4423170,425
334830021,56.3371,55.9845,435,22339,0.429758,0.31,1,4424101,4423666,435
334863601,65.0112,75.5625,452,23453,0.774625,0.61,2,4424878,4424426,452
334866521,30.8045,35.025,452,23543,0.77185,0.63,2,4424886,4424434,452
334878201,137.497,130.425,465,23901,0.943951,0.73,2,4425211,4424746,465
334983321,43.1314,58.1018,503,26908,0.9172,1,2,4427256,4426753,503
334989161,26.701,37.7363,488,27065,0.791152,1,2,4427307,4426819,488
335000841,66.4867,69.8028,478,27377,0.230157,1,1,4427608,4427130,478
335012521,30.8861,35.2526,461,27685,0.088788,0.75,1,4427747,4427286,461
335018361,35.7818,42.4804,448,27837,0.0946061,0.53,1,4427808,4427360,448
335032961,45.2656,46.0379,426,28215,0.230918,0.17,1,4428114,4427688,426
335035881,37.9062,38.2152,426,28290,0.266367,0.05,1,4428147,4427721,426
335038801,29.5625,30.8861,424,28365,0.280547,0.05,1,4428171,4427747,424
335041721,22.625,12.3544,442,28440,0.286219,0.11,1,4428189,4427747,442
335056321,45.8374,62.2203,463,28810,0.426205,0.17,1,4428499,4428036,463
335059241,46.535,44.0881,478,28883,0.404482,0.27,1,4428546,4428068,478
335062161,40.214,45.2352,468,28956,0.419793,0.29,1,4428582,4428114,468
335065081,30.4856,37.8941,459,29029,0.425917,0.29,1,4428606,4428147,459
335068001,22.9942,29.5576,453,29102,0.428367,0.29,1,4428624,4428171,453
335070921,37.3977,22.6231,482,29175,0.441347,0.31,1,4428671,4428189,482
335105961,113.605,113.744,451,30034,0.783346,0.59,2,4429325,4428874,451
335108881,64.642,64.6975,451,30104,0.775338,0.59,2,4429357,4428906,451
335120561,32.9748,30.8979,456,30384,0.902521,0.69,2,4429504,4429048,456
335123481,24.5899,23.7591,456,30454,0.919008,0.71,2,4429523,4429067,456
335126401,38.636,37.7037,457,30523,0.925603,0.71,2,4429571,4429114,457
335129321,16.6544,16.2815,457,30592,0.904241,0.77,2,4429573,4429116,457
335132241,31.2618,30.5126,458,30661,0.907697,0.81,2,4429614,4429156,458
335289921,60.3841,60.6951,488,34187,0.9292,1,2,4432191,4431703,488
335292841,45.1536,45.2781,488,34249,0.94168,1,2,4432226,4431738,488
335301601,41.4338,38.6578,517,34435,0.942268,1,2,4432335,4431818,517
335304521,39.3735,40.0631,514,34496,0.934907,1,2,4432373,4431859,514
335307441,36.1494,35.2252,516,34557,0.931963,1,2,4432407,4431891,516
335447601,325.37,355.273,467,16060,0.4228,0.65,1,4434770,4434303,467
335482641,113.104,119.937,463,17042,0.0719392,0.05,1,4435093,4434630,463
335485561,75.2415,101.375,424,17167,0.0287757,0.03,1,4435143,4434719,424
335488481,51.0966,50.75,442,17291,0.0295103,0.05,1,4435178,4434736,442
335491401,64.2386,40.7,481,17414,0.0418041,0.03,1,4435251,4434770,481
335494321,132.495,85.28,544,17536,0.0827216,0.05,1,4435429,4434885,544
335497241,105.198,106.712,510,17657,0.0870887,0.05,1,4435516,4435006,510
335500161,70.8793,94.8848,471,17777,0.0408355,0,1,4435564,4435093,471
335503081,49.9517,67.9539,457,17896,0.0223342,0.03,1,4435600,4435143,457
335506001,63.7807,48.1816,495,18015,0.0149337,0.05,1,4435673,4435178,495
335508921,26.7123,63.0726,424,18133,0.0359735,0.11,1,4435675,4435251,424
335511841,119.285,132.029,427,18250,0.0443894,0.09,1,4435856,4435429,427
335514761,99.314,105.012,426,18366,0.0717558,0.01,1,4435942,4435516,426
335520601,48.2902,49.9219,423,18597,0.0822809,0.01,1,4436023,4435600,423
335523521,64.3161,63.7687,425,18711,0.0509124,0.05,1,4436098,4435673,425
335526441,26.9264,26.7075,425,18824,0.0383649,0.05,1,4436100,4435675,425
335529361,118.771,119.283,424,18937,0.033346,0.09,1,4436280,4435856,424
335538121,45.6173,48.2901,422,19271,0.209734,0.03,1,4436445,4436023,422
335541041,63.2469,64.316,422,19381,0.209894,0.03,1,4436520,4436098,422
335543961,26.4988,26.9264,422,19490,0.209957,0.03,1,4436522,4436100,422
335546881,119.2,118.771,423,19599,0.221983,0.03,1,4436703,4436280,423
335549801,101.08,47.5082,512,19707,0.238793,0.15,1,4436792,4436280,512
335552721,73.4319,70.6033,481,19815,0.245517,0.23,1,4436847,4436366,481
335555641,47.3728,57.6413,462,19922,0.272207,0.23,1,4436877,4436415,462
335564401,119.624,25.769,611,20239,0.422301,0.23,1,4437133,4436522,611
335584841,108.667,119.623,543,20962,0.758689,0.59,2,4437676,4437133,543
335587761,44.6667,103.049,453,21063,0.765476,0.65,2,4437678,4437225,453
335590681,51.4667,75.4196,452,21164,0.78019,0.61,2,4437734,4437282,452
335596521,59.8347,63.6671,452,21364,0.79803,0.61,2,4437838,4437386,452
335599441,25.1339,26.6669,452,21463,0.793212,0.73,2,4437840,4437388,452
335608201,45.6246,44.6667,460,21758,0.915486,0.79,2,4438138,4437678,460
335611121,51.2498,51.4667,459,21855,0.924194,0.83,2,4438193,4437734,459
335698721,38.0203,36.0301,490,24598,0.409168,1,1,4440129,4439639,490
335704561,49.8832,40.0848,510,24770,0.0786669,1,1,4440253,4439743,510
335707481,37.3533,37.6339,503,24856,0.0494667,1,1,4440282,4439779,503
335710401,85.1413,100.854,477,24941,0.0377867,0.77,1,4440399,4439922,477
335713321,83.8565,100.941,459,25026,0.0331147,0.55,1,4440482,4440023,459
335716241,52.7426,64.3766,451,25111,0.0672459,0.53,1,4440514,4440063,451
335719161,38.497,45.5506,447,25195,0.0448983,0.29,1,4440543,4440096,447
335722081,31.5988,38.0203,441,25279,0.0359593,0.03,1,4440570,4440129,441
335725001,52.2395,66.2081,422,25363,0.0203837,0.01,1,4440636,4440214,422
335727921,44.8958,49.8832,423,25447,0.0381535,0.01,1,4440676,4440253,423
335730841,34.1583,19.9533,450,25530,0.0572614,0.03,1,4440703,4440253,450
335733761,83.8633,25.3813,538,25613,0.0409046,0.03,1,4440820,4440282,538
335736681,84.5453,80.3525,506,25696,0.0343618,0.03,1,4440905,4440399,506
335739601,51.8181,81.941,453,25778,0.0197447,0.09,1,4440935,4440482,453
335742521,38.1273,51.9764,450,25860,0.0378979,0.03,1,4440964,4440514,450
335745441,31.4509,38.1906,448,25942,0.0211592,0.03,1,4440991,4440543,448
335748361,52.7804,31.4762,488,26024,0.0504637,0.01,1,4441058,4440570,488
335751281,44.5121,52.1905,461,26105,0.0861855,0.05,1,4441097,4440636,461
335757121,85.0019,34.1505,540,26267,0.0581897,0.03,1,4441243,4440703,540
335760041,84.4008,83.8602,507,26348,0.0412759,0.03,1,4441327,4440820,507
335762961,51.7603,84.5441,452,26428,0.0165103,0.01,1,4441357,4440905,452
335765881,39.9041,51.8176,454,26508,0.0606041,0.05,1,4441389,4440935,454
335768801,30.3616,38.1271,449,26588,0.0542417,0.01,1,4441413,4440964,449
335771721,53.5447,31.4508,491,26668,0.0396967,0.07,1,4441482,4440991,491
335774641,46.0179,52.7803,465,26747,0.0578787,0.11,1,4441523,4441058,465
335777561,31.6071,44.5121,448,26826,0.0891515,0.11,1,4441545,4441097,448
335780481,84.6429,34.0049,541,26905,0.0656606,0.03,1,4441665,4441124,541
335783401,35.0571,85.0019,424,26984,0.0562642,0.03,1,4441667,4441243,424
335786321,63.8229,84.4008,423,27062,0.0525057,0,1,4441750,4441327,423
335789241,44.1291,51.7603,424,27140,0.0270023,0.09,1,4441781,4441357,424
335792161,38.0517,39.9041,426,27218,0.0408009,0.05,1,4441815,4441389,426
335795081,28.4207,30.3616,424,27296,0.0703204,0.03,1,4441837,4441413,424
335798001,52.7683,53.5447,424,27374,0.0461281,0.07,1,4441906,4441482,424
335800921,47.5073,46.0179,427,27451,0.0484513,0.11,1,4441950,4441523,427
335803841,32.2029,31.6071,427,27528,0.0493805,0.05,1,4441972,4441545,427
335806761,83.0812,84.6429,424,27605,0.0617522,0.05,1,4442089,4441665,424
335809681,34.4325,35.0571,424,27682,0.0427009,0.05,1,4442091,4441667,424
335812601,62.373,63.8229,422,27759,0.0350804,0.01,1,4442172,4441750,422
335815521,43.5492,44.1291,422,27835,0.0320321,0.05,1,4442203,4441781,422
335818441,38.4197,38.0517,423,27911,0.0188129,0.09,1,4442238,4441815,423
335821361,29.1679,28.4207,424,27987,0.0375251,0.03,1,4442261,4441837,424
335824281,51.8671,52.7683,422,28063,0.0450101,0.05,1,4442328,4441906,422
335827201,47.1469,47.5073,422,28138,0.072004,0.05,1,4442372,4441950,422
335830121,32.0587,32.2029,422,28213,0.0588016,0.07,1,4442394,4441972,422
335833041,84.2235,83.0812,424,28288,0.0415206,0.03,1,4442513,4442089,424
335835961,34.8894,34.4325,424,28363,0.0346083,0.03,1,4442515,4442091,424
335838881,60.7558,13.773,502,28438,0.0438433,0.03,1,4442593,4442091,502
335841801,43.5023,54.1092,453,28512,0.0715373,0.03,1,4442625,4442172,453
335844721,37.8009,40.2437,456,28586,0.0946149,0.01,1,4442659,4442203,456
335847641,28.9204,37.0975,444,28660,0.067846,0.05,1,4442682,4442238,444
335850561,51.7681,28.639,488,28734,0.0931384,0.05,1,4442749,4442261,488
335865161,62.6507,34.884,503,29100,0.240906,0.05,1,4443018,4442515,503
335868081,44.2603,60.7536,457,29173,0.282362,0.09,1,4443050,4442593,457
335871001,37.5041,43.5014,458,29246,0.298945,0.11,1,4443083,4442625,458
335873921,28.8016,37.8006,447,29318,0.293578,0.05,1,4443106,4442659,447
335888521,35.3292,84.8172,431,29677,0.404123,0.17,1,4443366,4442935,431
335891441,66.9317,35.1269,517,29748,0.443649,0.29,1,4443454,4442937,517
335967361,49.728,49.7444,494,31545,0.765273,0.59,2,4444555,4444061,494
335970281,34.2912,47.4977,472,31612,0.792109,0.57,2,4444579,4444107,472
335979041,69.4906,35.1999,541,31813,0.906295,0.63,2,4444794,4444253,541
336253521,33.1402,36.9123,512,37549,0.938848,1,2,4448759,4448247,512
336440401,30.4809,33.2401,521,40995,0.942185,1,2,4451171,4450650,521
336463761,42.6743,46.6749,517,41403,0.236605,0.99,1,4451485,4450968,517
336469601,33.1079,37.348,505,41505,0.0942568,1,1,4451545,4451040,505
336472521,32.4432,37.1392,500,41556,0.0917027,1,1,4451577,4451077,500
336475441,20.1773,35.2557,478,41607,0.0906811,0.96,1,4451589,4451111,478
336478361,23.6709,32.7023,473,41658,0.0902724,0.92,1,4451615,4451142,473
336484201,28.6273,35.5924,459,41760,0.0996436,0.75,1,4451669,4451210,459
336490041,27.0204,30.4148,454,41861,0.089143,0.57,1,4451734,4451280,454
336492961,32.4081,34.9659,452,41911,0.0776572,0.55,1,4451770,4451318,452
336495881,29.1633,33.7864,446,41961,0.0850629,0.39,1,4451797,4451351,446
336498801,36.8653,44.7145,436,42011,0.0880252,0.25,1,4451839,4451403,436
336507561,29.5994,33.2697,424,42161,0.0745136,0.05,1,4451936,4451512,424
336510481,30.4398,33.1079,422,42211,0.0958054,0.09,1,4451967,4451545,422
336533841,31.0101,32.4081,423,42611,0.200687,0.09,1,4452193,4451770,423
336542601,36.8566,35.7461,428,42759,0.217564,0.11,1,4452302,4451874,428
336545521,35.1427,36.4984,425,42808,0.249026,0.05,1,4452336,4451911,425
336548441,29.6571,29.5994,426,42857,0.27361,0.11,1,4452362,4451936,426
336551361,31.0628,30.4398,427,42906,0.259444,0.13,1,4452394,4451967,427
336554281,32.2251,32.5759,426,42955,0.253778,0.13,1,4452427,4452001,426
336574721,32.2467,26.3937,464,43298,0.405879,0.21,1,4452623,4452159,464
336580561,37.7995,31.583,471,43396,0.416541,0.21,1,4452696,4452225,471
336583481,37.9198,36.6332,469,43445,0.436616,0.23,1,4452734,4452265,469
336601001,25.8785,22.49,464,43735,0.448974,0.33,1,4452907,4452443,464
336653561,39.7069,41.0642,448,44596,0.758476,0.53,2,4453458,4453010,448
336656481,26.6828,27.2257,448,44643,0.777391,0.53,2,4453476,4453028,448
336674001,31.322,30.9471,455,44925,0.91188,0.67,2,4453696,4453241,455
336676921,31.7288,31.5788,455,44972,0.934752,0.69,2,4453728,4453273,455
336679841,34.2915,33.0315,457,45019,0.919901,0.71,2,4453764,4453307,457
336682761,23.3166,22.8126,457,45066,0.93796,0.73,2,4453780,4453323,457
336685681,26.7266,25.925,458,45113,0.933184,0.73,2,4453809,4453351,458
336688601,21.4907,21.17,458,45160,0.907274,0.73,2,4453827,4453369,458
336691521,9.79626,9.66801,458,45207,0.92091,0.75,2,4453829,4453371,458
336694441,27.9185,27.2672,459,45254,0.902364,0.77,2,4453869,4453410,459
336697361,41.1674,39.7069,461,45301,0.918946,0.79,2,4453919,4453458,461
336700281,28.467,26.6828,463,45348,0.949578,0.87,2,4453939,4453476,463
336926581,314.669,342.633,470,21900,0.410128,0.89,1,4456377,4455907,470
336929501,176.268,173.053,494,21997,0.206051,0.61,1,4456461,4455967,494
336938261,72.8891,82.8354,458,22285,0.0955073,0.11,1,4456673,4456215,458
336944101,46.2223,56.3337,439,22475,0.0596812,0.01,1,4456763,4456324,439
336947021,29.8889,36.3335,435,22569,0.0658725,0.03,1,4456782,4456347,435
336949941,72.5556,32.5334,506,22663,0.044349,0.07,1,4456883,4456377,506
336958701,66.3956,63.6661,492,22943,0.228678,0.09,1,4457098,4456606,492
336961621,59.5582,65.6665,480,23035,0.265471,0.11,1,4457153,4456673,480
336964541,43.6233,58.6666,459,23127,0.280189,0.03,1,4457186,4456727,459
336967461,27.6493,45.0666,440,23219,0.274075,0.07,1,4457203,4456763,440
336976221,67.6736,87.1483,482,23492,0.225621,0.19,1,4457462,4456980,482
336979141,69.0694,65.4593,501,23582,0.252248,0.27,1,4457532,4457031,501
336982061,61.2278,66.3837,490,23672,0.274899,0.29,1,4457588,4457098,490
336984981,44.2911,59.5535,468,23762,0.27196,0.29,1,4457621,4457153,468
336987901,27.9164,43.6214,452,23851,0.282784,0.27,1,4457638,4457186,452
336990821,68.7666,27.6486,531,23940,0.287114,0.13,1,4457734,4457203,531
336993741,28.7066,73.4594,429,24029,0.288845,0.19,1,4457736,4457307,429
337052141,63.9895,63.5636,511,25736,0.756337,0.71,2,4458923,4458412,511
337069661,66.5288,77.6813,514,26226,0.941392,0.65,2,4459243,4458729,514
337072581,73.4115,67.6725,531,26307,0.946557,0.73,2,4459321,4458790,531
337180621,44.4245,48.4817,513,29138,0.230866,1,1,4461269,4460756,513
337183541,55.5698,45.7927,532,29211,0.278346,1,1,4461332,4460800,532
337186461,38.4279,53.1171,501,29283,0.273339,1,1,4461359,4460858,501
337189381,65.7712,40.4468,553,29355,0.271335,0.83,1,4461443,4460890,553
337215661,34.6609,38.4279,436,29998,0.441419,0.27,1,4461795,4461359,436
337271141,45.8102,46.294,448,31311,0.766564,0.53,2,4462656,4462208,448
337276981,67.8096,25.407,538,31446,0.77905,0.61,2,4462776,4462238,538
337291581,42.4755,42.5981,498,31781,0.900096,0.75,2,4463002,4462504,498
337300341,46.5184,18.5183,522,31980,0.902646,0.79,2,4463114,4462592,522
337303261,37.2074,45.8073,489,32046,0.931059,0.71,2,4463145,4462656,489
337446341,44.2695,37.4375,541,35133,0.43495,1,1,4465353,4464812,541
337455101,37.1292,40.292,517,35313,0.0765568,0.98,1,4465465,4464948,517
337458021,34.0517,38.9168,511,35373,0.0306227,1,1,4465497,4464986,511
337460941,32.2207,34.1667,511,35433,0.0422491,1,1,4465528,4465017,511
337463861,53.0883,35.2667,542,35493,0.0348996,0.81,1,4465595,4465053,542
337466781,57.2353,61.5067,523,35553,0.0439599,0.63,1,4465655,4465132,523
337469701,41.4941,65.4027,486,35612,0.0475839,0.67,1,4465686,4465200,486
337472621,36.9976,45.9611,487,35671,0.0850336,0.53,1,4465720,4465233,487
337493061,33.3232,34.0517,423,36084,0.0767346,0.05,1,4465920,4465497,423
337495981,31.3293,32.2207,422,36143,0.0366939,0.03,1,4465950,4465528,422
337498901,52.7317,53.0883,422,36201,0.0206775,0.05,1,4466017,4465595,422
337501821,57.0927,57.2353,422,36259,0.050271,0.05,1,4466077,4465655,422
337504741,43.8371,41.4941,426,36317,0.0381084,0.11,1,4466112,4465686,426
337507661,39.1348,36.9976,428,36375,0.0572434,0.13,1,4466148,4465720,428
337510581,16.8539,15.9991,428,36433,0.0648973,0.11,1,4466150,4465722,428
337522261,34.8139,33.52,430,36665,0.206573,0.09,1,4466283,4465853,430
337525181,29.5255,33.808,422,36723,0.220629,0.05,1,4466309,4465887,422
337531021,30.6441,31.3293,422,36838,0.202101,0.01,1,4466372,4465950,422
337536861,56.9831,57.0927,422,36952,0.0623361,0.03,1,4466499,4466077,422
337539781,43.7932,43.8371,422,37009,0.0429344,0.07,1,4466534,4466112,422
337542701,41.5173,39.1348,426,37066,0.0591738,0.07,1,4466574,4466148,426
337545621,17.8069,16.8539,426,37123,0.0656695,0.13,1,4466576,4466150,426
337548541,23.9228,22.3416,428,37180,0.0922678,0.13,1,4466604,4466176,428
337560221,29.7004,33.9559,456,37408,0.216106,0.23,1,4466739,4466283,456
337563141,31.0802,29.1824,462,37464,0.224442,0.17,1,4466771,4466309,462
337566061,29.2321,31.473,457,37520,0.227777,0.21,1,4466799,4466342,457
337568981,48.2928,30.5892,488,37576,0.253111,0.05,1,4466860,4466372,488
337571901,55.3171,52.4357,481,37632,0.227244,0.03,1,4466920,4466439,481
337574821,43.1269,56.9743,456,37688,0.216898,0.03,1,4466955,4466499,456
337598181,31.4642,29.7004,464,38135,0.20006,0.23,1,4467203,4466739,464
337601101,29.3857,31.0802,460,38190,0.206024,0.23,1,4467231,4466771,460
337606941,54.0217,48.2928,491,38300,0.204564,0.21,1,4467351,4466860,491
337609861,41.4087,55.3171,464,38355,0.231826,0.21,1,4467384,4466920,464
337612781,40.5635,43.1269,469,38410,0.24273,0.13,1,4467424,4466955,469
337615701,17.4254,42.4507,429,38465,0.247092,0.13,1,4467426,4466997,429
337618621,24.9702,18.1803,457,38520,0.248837,0.13,1,4467456,4466999,457
337621541,35.1881,24.6721,470,38575,0.273535,0.15,1,4467498,4467028,470
337624461,15.2752,35.0688,430,38630,0.283414,0.17,1,4467500,4467070,430
337636141,31.351,31.4642,432,38849,0.403015,0.21,1,4467635,4467203,432
337639061,29.3404,29.3857,432,38903,0.443206,0.19,1,4467663,4467231,432
337714981,33.6783,31.8635,484,40291,0.761922,0.65,2,4468560,4468076,484
337726661,41.0478,42.3357,495,40499,0.904673,0.65,2,4468756,4468261,495
337729581,17.6191,42.1343,455,40551,0.907869,0.69,2,4468758,4468303,455
337732501,26.8476,18.0537,486,40603,0.921148,0.67,2,4468791,4468305,486
337735421,35.9391,26.4215,496,40655,0.938459,0.67,2,4468833,4468337,496
337919381,35.9391,32.3256,519,43805,0.9076,1,2,4470999,4470480,519
337925221,53.5103,43.8121,536,43901,0.792016,1,2,4471102,4470566,536
337945661,28.83,29.8876,521,44237,0.440714,1,1,4471315,4470794,521
337948581,27.732,32.955,513,44285,0.434286,1,1,4471342,4470829,513
337954421,31.4371,31.6728,508,44381,0.416286,1,1,4471402,4470894,508
337966101,33.0368,37.7756,465,44570,0.440785,0.73,1,4471503,4471038,465
338015741,37.2535,35.0459,447,45369,0.785435,0.55,2,4472032,4471585,447
338309201,106.046,119.994,482,22817,0.083632,0.63,1,4475208,4474726,482
338312121,82.6185,89.3975,480,22910,0.0514528,0.41,1,4475275,4474795,480
338315041,50.4474,69.959,452,23003,0.0205811,0.23,1,4475304,4474852,452
338317961,76.579,63.3836,487,23095,0.0382324,0.03,1,4475398,4474911,487
338320881,66.6316,89.5534,440,23187,0.033293,0.03,1,4475458,4475018,440
338323801,44.0526,56.8214,434,23278,0.0673172,0,1,4475487,4475053,434
338329641,63.2084,57.3314,482,23460,0.0719707,0.03,1,4475631,4475149,482
338332561,64.2834,58.3326,488,23550,0.0707883,0.03,1,4475696,4475208,488
338335481,43.1133,63.533,450,23640,0.0463153,0,1,4475725,4475275,450
338338401,74.8453,42.8132,517,23730,0.0845261,0.05,1,4475821,4475304,517
338341321,65.3381,73.5253,482,23819,0.0998105,0.03,1,4475880,4475398,482
338350081,58.3496,67.8256,424,24085,0.0800679,0.05,1,4475995,4475571,424
338353001,59.3399,63.1302,424,24173,0.0500271,0.07,1,4476055,4475631,424
338355921,62.7359,64.2521,424,24261,0.0500109,0.03,1,4476120,4475696,424
338358841,41.2944,43.1008,422,24348,0.0500043,0.11,1,4476147,4475725,422
338361761,77.1178,74.8403,427,24435,0.0740017,0.11,1,4476248,4475821,427
338364681,66.8471,65.3361,428,24522,0.0716007,0.13,1,4476308,4475880,428
338367601,43.5388,42.9345,428,24608,0.0706403,0.13,1,4476336,4475908,428
338370521,18.6155,18.3738,428,24694,0.0702561,0.05,1,4476338,4475910,428
338379281,60.8074,62.7359,422,24951,0.228896,0.05,1,4476542,4476120,422
338382201,40.523,41.2944,422,25036,0.229559,0.09,1,4476569,4476147,422
338385121,78.0092,77.1177,424,25121,0.217823,0.07,1,4476672,4476248,424
338388041,67.8037,66.8471,425,25205,0.237129,0.07,1,4476733,4476308,425
338390961,43.9215,43.5388,425,25289,0.244852,0.07,1,4476761,4476336,425
338393881,18.7686,18.6155,425,25373,0.271941,0.15,1,4476763,4476338,425
338396801,58.5074,56.0462,429,25457,0.258776,0.15,1,4476848,4476419,429
338399721,62.403,22.4185,494,25540,0.265511,0.25,1,4476913,4476419,494
338402641,62.1612,45.5674,495,25623,0.280204,0.25,1,4476975,4476480,495
338405561,40.4645,55.427,459,25706,0.298082,0.23,1,4477001,4476542,459
338408481,77.3858,38.3708,534,25788,0.293233,0.21,1,4477103,4476569,534
338426001,63.6109,62.3942,498,26277,0.410486,0.29,1,4477411,4476913,498
338428921,41.0444,62.1577,462,26358,0.434194,0.31,1,4477437,4476975,462
338431841,77.0177,40.4631,537,26438,0.443678,0.29,1,4477538,4477001,537
338463961,46.6692,45.8028,450,27306,0.75812,0.57,2,4478084,4477634,450
338466881,19.8677,19.5211,450,27384,0.765248,0.59,2,4478086,4477636,450
338469801,59.5471,58.8085,451,27461,0.780099,0.63,2,4478172,4477721,451
338472721,64.6188,63.1234,453,27538,0.79804,0.65,2,4478240,4477787,453
338481481,27.3436,26.4559,456,27768,0.906195,0.77,2,4478337,4477881,456
338484401,72.7374,71.1824,458,27844,0.944478,0.75,2,4478440,4477982,458
338592441,71.671,71.0634,486,30530,0.9436,1,2,4480340,4479854,486
338598281,40.8674,51.4501,473,30668,0.761776,1,2,4480407,4479934,473
338609961,67.8622,66.6499,488,30944,0.446077,1,1,4480623,4480135,488
338612881,57.1449,60.86,481,31012,0.424431,1,1,4480673,4480192,481
338615801,33.658,36.944,478,31080,0.427772,0.94,1,4480691,4480213,478
338618721,25.4632,32.1776,469,31148,0.417109,0.93,1,4480711,4480242,469
338680041,67.0086,25.8061,544,32544,0.75479,0.55,2,4481697,4481153,544
338682961,42.4034,67.9224,474,32609,0.751916,0.57,2,4481723,4481249,474
338685881,39.1614,41.569,487,32674,0.774766,0.61,2,4481760,4481273,487
338688801,45.6646,38.2276,501,32739,0.795907,0.59,2,4481810,4481309,501
338718001,40.1305,39.1614,462,33379,0.904214,0.81,2,4482222,4481760,462
338875681,43.9663,41.3664,490,36643,0.913302,1,2,4484473,4483983,490
338901961,49.5437,50.9732,467,37158,0.903285,0.93,2,4484831,4484364,467
338907801,32.407,25.5557,498,37272,0.911326,0.97,2,4484891,4484393,498
338910721,41.1628,27.0223,517,37329,0.92253,0.88,2,4484938,4484421,517
338913641,42.8651,42.0089,509,37386,0.939012,0.85,2,4484982,4484473,509
338916561,36.346,44.4036,495,37443,0.921605,0.83,2,4485014,4484519,495
339074241,45.8833,45.3885,515,40375,0.945951,1,2,4487059,4486544,515
339097601,32.9914,30.8754,512,40791,0.949469,1,2,4487352,4486840,512
339269881,32.076,29.5504,538,43739,0.92608,1,2,4489443,4488905,538
339315141,310.43,362.82,449,18980,0.412432,0.41,1,4489939,4489490,449
339318061,167.972,184.128,457,19818,0.230973,0.07,1,4490012,4489555,457
339320981,114.589,125.251,450,19925,0.0983891,0.01,1,4490091,4489641,450
339323901,111.836,100.5,476,20031,0.0453556,0.05,1,4490201,4489725,476
339326821,86.1342,96.0002,452,20137,0.0361423,0.09,1,4490270,4489818,452
339329741,72.8537,75.6001,454,20242,0.0204569,0.13,1,4490334,4489880,454
339332661,41.1415,54.24,434,20347,0.0501828,0.07,1,4490354,4489920,434
339338501,71.9826,57.0384,502,20555,0.0500292,0.01,1,4490514,4490012,502
339341421,94.1931,70.2154,532,20658,0.0620117,0.01,1,4490623,4490091,532
339344341,79.6772,94.0861,492,20761,0.0428047,0.03,1,4490693,4490201,492
339347261,69.6709,79.0345,486,20863,0.0591219,0.01,1,4490756,4490270,486
339350181,39.8684,70.0138,442,20965,0.0416487,0.07,1,4490776,4490334,442
339353101,17.1473,40.0055,424,21066,0.0346595,0.15,1,4490778,4490354,424
339356021,60.8589,67.0022,429,21167,0.0438638,0.01,1,4490868,4490439,429
339358941,65.7436,71.8009,423,21267,0.0955455,0.07,1,4490937,4490514,423
339361861,91.6974,94.1204,423,21367,0.0682182,0.03,1,4491046,4490623,423
339364781,78.679,79.6481,423,21466,0.0332873,0.07,1,4491116,4490693,423
339367701,69.2716,69.6593,423,21565,0.0433149,0.03,1,4491179,4490756,423
339370621,39.7086,39.8637,423,21663,0.047326,0.03,1,4491199,4490776,423
339373541,17.0835,17.1455,423,21761,0.0489304,0.05,1,4491201,4490778,423
339376461,61.4334,60.8582,424,21858,0.0975722,0.13,1,4491292,4490868,424
339382301,89.8693,91.6973,422,22052,0.0936115,0.01,1,4491468,4491046,422
339385221,77.9477,78.6789,422,22148,0.0434446,0.05,1,4491538,4491116,422
339388141,70.1791,69.2716,424,22244,0.0353778,0.05,1,4491603,4491179,424
339391061,40.0716,39.7086,424,22339,0.0321511,0.05,1,4491623,4491199,424
339393981,17.2287,17.0834,424,22434,0.0308605,0.13,1,4491625,4491201,424
339396901,65.0915,61.4334,430,22529,0.0783442,0.13,1,4491722,4491292,430
339423181,87.0327,69.2124,525,23362,0.204911,0.15,1,4492319,4491794,525
339426101,75.6131,85.885,496,23453,0.279964,0.19,1,4492387,4491891,496
339437781,67.3933,17.3859,526,23812,0.403695,0.11,1,4492574,4492048,526
339440701,72.5573,66.9543,502,23901,0.407478,0.15,1,4492650,4492148,502
339443621,30.2229,70.5817,431,23990,0.408991,0.25,1,4492652,4492221,431
339446541,73.2892,87.0327,435,24078,0.445596,0.33,1,4492754,4492319,435
339449461,71.9157,75.6131,438,24166,0.448239,0.37,1,4492825,4492387,438
339484501,69.2171,69.1754,445,25198,0.766543,0.55,2,4493462,4493017,445
339490341,30.7547,30.2681,447,25366,0.795847,0.61,2,4493541,4493094,447
339513701,31.1597,73.7023,462,26027,0.90554,0.79,2,4494001,4493539,462
339516621,80.8639,30.6809,574,26108,0.932216,0.89,2,4494115,4493541,574
339627581,49.2687,60.7375,517,29029,0.260829,1,1,4496198,4495681,517
339633421,38.483,39.598,514,29175,0.0789326,1,1,4496267,4495753,514
339636341,33.9932,36.2392,511,29248,0.073573,1,1,4496298,4495787,511
339639261,71.7973,40.2957,565,29320,0.0954292,1,1,4496395,4495830,565
339648021,49.523,63.3229,497,29536,0.0989875,0.53,1,4496527,4496030,497
339650941,59.4092,58.9292,507,29608,0.045595,0.25,1,4496593,4496086,507
339653861,44.1637,69.1717,465,29679,0.036238,0.17,1,4496627,4496162,465
339656781,33.8655,49.2687,456,29750,0.0564952,0.13,1,4496654,4496198,456
339659701,34.5462,37.7075,461,29821,0.0225981,0.01,1,4496689,4496228,461
339662621,15.0185,38.483,424,29892,0.0270392,0.07,1,4496691,4496267,424
339665541,23.4074,33.9932,422,29963,0.0288157,0.11,1,4496720,4496298,422
339674301,50.9621,51.8076,427,30174,0.0985642,0.09,1,4496906,4496479,427
339677221,47.9848,49.523,425,30244,0.0934257,0.01,1,4496952,4496527,425
339683061,44.9976,44.1637,425,30384,0.0473481,0.07,1,4497052,4496627,425
339685981,34.799,33.8655,426,30454,0.0729392,0,1,4497080,4496654,426
339688901,33.1196,34.5462,423,30523,0.0951757,0.03,1,4497112,4496689,423
339691821,14.4478,15.0185,423,30592,0.0800703,0.03,1,4497114,4496691,423
339694741,23.1791,23.4074,423,30661,0.0740281,0.17,1,4497143,4496720,423
339697661,73.4717,71.763,426,30730,0.0356112,0.11,1,4497250,4496824,426
339700581,46.1887,44.9052,427,30799,0.0682445,0.09,1,4497278,4496851,427
339703501,50.8755,50.9621,426,30868,0.0692978,0.09,1,4497332,4496906,426
339706421,48.5502,47.9848,427,30937,0.0817191,0.11,1,4497379,4496952,427
339723941,22.0728,5.77914,452,31345,0.210853,0.07,1,4497566,4497114,452
339729781,46.7317,72.0847,451,31480,0.0829365,0.09,1,4497701,4497250,451
339732701,51.6927,45.6339,478,31547,0.0871746,0.07,1,4497756,4497278,478
339735621,50.0771,50.6535,473,31614,0.0768698,0.09,1,4497805,4497332,473
339738541,57.8308,48.4614,489,31681,0.0967479,0.15,1,4497868,4497379,489
339753141,22.4216,14.6812,457,32013,0.203867,0.23,1,4497996,4497539,457
339756061,67.1687,22.0725,527,32079,0.231547,0.03,1,4498093,4497566,527
339758981,46.6675,71.829,455,32145,0.242619,0.07,1,4498126,4497671,455
339796941,49.8554,50.6668,441,32990,0.421719,0.41,1,4498672,4498231,441
339799861,58.3422,58.0667,442,33054,0.438688,0.37,1,4498736,4498294,442
339802781,43.7369,44.8267,440,33118,0.445475,0.37,1,4498770,4498330,440
339811541,15.8072,15.8769,440,33310,0.44443,0.35,1,4498838,4498398,440
339814461,23.7229,24.3508,439,33373,0.423772,0.37,1,4498867,4498428,439
339855341,32.8506,31.9023,447,34249,0.750812,0.53,2,4499449,4499002,447
339858261,49.7403,12.7609,508,34311,0.750325,0.55,2,4499510,4499002,508
339864101,60.7584,48.0017,517,34435,0.757252,0.67,2,4499631,4499114,517
339867021,45.3034,57.6007,488,34496,0.776901,0.71,2,4499666,4499178,488
339869941,34.9214,43.4403,482,34557,0.79676,0.69,2,4499694,4499212,482
339884541,30.5861,71.0615,459,34862,0.912584,0.73,2,4499871,4499412,459
339887461,33.2344,29.6246,492,34923,0.947034,0.77,2,4499906,4499414,492
340036381,55.9214,35.5577,555,37886,0.945951,1,2,4502028,4501473,555
340039301,45.1686,56.8231,522,37942,0.92438,1,2,4502066,4501544,522
340042221,38.4674,43.1292,522,37998,0.915752,1,2,4502100,4501578,522
340059741,36.2956,45.9788,522,38330,0.40289,1,1,4502338,4501816,522
340065581,27.0473,39.3966,504,38440,0.288862,1,1,4502395,4501891,504
340068501,30.6189,33.7586,507,38495,0.265545,1,1,4502428,4501921,507
340071421,53.0476,36.3035,537,38550,0.256218,0.91,1,4502496,4501959,537
340074341,40.419,55.9214,500,38605,0.252487,0.91,1,4502528,4502028,500
340077261,17.3676,45.1686,464,38660,0.250995,0.91,1,4502530,4502066,464
340080181,26.147,38.4674,462,38715,0.238398,0.85,1,4502562,4502100,462
340083101,23.6588,31.587,457,38770,0.233359,0.63,1,4502584,4502127,457
340086021,27.4635,34.2348,451,38824,0.207344,0.55,1,4502614,4502163,451
340091861,53.2342,56.5976,446,38932,0.216775,0.45,1,4502717,4502271,446
340094781,41.0937,44.239,443,38986,0.23671,0.35,1,4502750,4502307,443
340097701,33.2375,36.2956,440,39040,0.232684,0.31,1,4502778,4502338,440
340100621,32.495,36.1182,436,39094,0.231074,0.25,1,4502810,4502374,436
340103541,25.598,27.0473,436,39148,0.218429,0.25,1,4502831,4502395,436
340106461,28.8392,30.6189,434,39202,0.261372,0.25,1,4502862,4502428,434
340109381,51.7357,53.0476,433,39256,0.254549,0.25,1,4502929,4502496,433
340126901,32.9894,32.5854,431,39579,0.420841,0.23,1,4503081,4502650,431
340129821,54.5958,53.2342,433,39632,0.438336,0.25,1,4503150,4502717,433
340132741,40.4383,41.0937,431,39685,0.433335,0.23,1,4503181,4502750,431
340188221,42.1802,52.5693,482,40684,0.769653,0.55,2,4503846,4503364,482
340191141,18.0721,42.6277,448,40736,0.781861,0.55,2,4503848,4503400,448
340202821,36.7506,25.4561,493,40944,0.913344,0.61,2,4503974,4503481,493
340407221,335.931,364.356,488,18980,0.442,1,1,4506431,4505943,488
340434961,145.22,146.655,465,19925,0.073168,0,1,4507125,4506660,465
340437881,92.8878,103.062,449,20031,0.0472672,0.11,1,4507183,4506734,449
340440801,79.7551,68.2248,475,20137,0.0729069,0.09,1,4507254,4506779,475
340443721,46.3021,62.0899,441,20242,0.0831627,0.05,1,4507278,4506837,441
340449561,92.9683,46.5344,534,20451,0.074506,0.05,1,4507465,4506931,534
340452481,86.9873,86.4138,504,20555,0.0598024,0.05,1,4507548,4507044,504
340455401,69.5949,83.1655,481,20658,0.029921,0.03,1,4507606,4507125,481
340458321,71.638,68.0662,496,20761,0.0899684,0.09,1,4507679,4507183,496
340464161,60.0621,42.3306,497,20965,0.200395,0.13,1,4507775,4507278,497
340467081,25.2248,61.3322,425,21066,0.230158,0.05,1,4507777,4507352,425
340513801,80.8199,29.2293,513,22623,0.214305,0.19,1,4508829,4508316,513
340516721,65.928,62.6917,484,22717,0.235722,0.11,1,4508885,4508401,484
340519641,71.9712,59.8767,502,22810,0.244289,0.13,1,4508961,4508459,502
340522561,44.3885,68.9507,453,22903,0.271716,0.15,1,4508987,4508534,453
340531321,75.9209,26.4448,534,23180,0.44051,0.23,1,4509173,4508639,534
340554681,85.1789,75.9207,534,23901,0.785423,0.51,2,4509707,4509173,534
340575121,82.3447,79.4473,461,24515,0.914584,0.81,2,4510079,4509618,461
340578041,86.9379,85.1789,462,24601,0.923834,0.81,2,4510169,4509707,462
340580961,35.9751,35.2716,462,24687,0.927534,0.87,2,4510171,4509709,462
340586801,68.996,66.9635,467,24859,0.939205,0.91,2,4510313,4509846,467
340589721,43.1984,42.3854,467,24944,0.945682,0.89,2,4510339,4509872,467
340592641,68.8794,69.1542,466,25029,0.948273,0.89,2,4510425,4509959,466
340598481,83.5007,82.3447,468,25198,0.947324,0.93,2,4510547,4510079,468
340691921,39.0043,55.2603,471,27761,0.905872,1,2,4512320,4511849,471
340709441,46.0729,57.8179,474,28215,0.236128,0.99,1,4512679,4512205,474
340721121,51.1331,28.2017,530,28514,0.0470369,0.83,1,4512850,4512320,530
340724041,55.8532,52.0807,521,28588,0.0488148,0.79,1,4512909,4512388,521
340726961,78.1413,60.4323,548,28662,0.0615259,0.51,1,4513002,4512454,548
340729881,53.4565,86.5729,481,28736,0.0306104,0.35,1,4513039,4512558,481
340732801,35.1826,60.4292,461,28810,0.0422441,0.25,1,4513062,4512601,461
340735721,41.073,41.5717,477,28883,0.0588977,0.17,1,4513107,4512630,477
340738641,34.4292,46.0287,458,28956,0.0415591,0.13,1,4513137,4512679,458
340741561,40.7717,38.8115,469,29029,0.0346236,0.15,1,4513182,4512713,469
340744481,34.3087,41.3246,456,29102,0.0318494,0.09,1,4513212,4512756,456
340747401,49.7235,36.3298,483,29175,0.0547398,0,1,4513272,4512789,483
340750321,55.2894,51.1319,481,29248,0.0878959,0.05,1,4513331,4512850,481
340794121,33.6415,33.5134,430,30314,0.203142,0.19,1,4513989,4513559,430
340797041,41.0566,40.4053,431,30384,0.207257,0.19,1,4514035,4513604,431
340802881,51.8091,52.0649,431,30523,0.204761,0.17,1,4514129,4513698,431
340805801,21.9236,22.0259,431,30592,0.207904,0.15,1,4514131,4513700,431
340808721,42.3695,43.6104,429,30661,0.245162,0.21,1,4514187,4513758,429
340811641,76.3478,76.2442,430,30730,0.224065,0.17,1,4514286,4513856,430
340814561,50.9391,50.8977,430,30799,0.263626,0.21,1,4514320,4513890,430
340817481,34.7756,34.7591,430,30868,0.29145,0.19,1,4514344,4513914,430
340823321,35.2041,33.6415,432,31005,0.295032,0.21,1,4514421,4513989,432
340829161,35.3927,35.0226,431,31141,0.295605,0.21,1,4514497,4514066,431
340840841,76.7989,37.1078,531,31413,0.404096,0.21,1,4514718,4514187,531
340875881,37.2508,51.7195,472,32211,0.779196,0.53,2,4515225,4514753,472
340893401,22.5325,53.5216,450,32603,0.90438,0.59,2,4515447,4514997,450
340896321,47.413,22.6086,512,32668,0.943752,0.59,2,4515511,4514999,512
341068601,49.2083,42.7422,492,36290,0.0834672,1,1,4518094,4517602,492
341071521,31.0833,29.0969,491,36348,0.0513869,1,1,4518113,4517622,491
341074441,31.6333,29.6387,493,36406,0.0385548,1,1,4518145,4517652,493
341077361,28.8533,32.2555,486,36464,0.0454219,0.97,1,4518172,4517686,486
341080281,25.3413,33.9022,474,36522,0.0481688,0.81,1,4518195,4517721,474
341083201,17.3365,26.1609,465,36580,0.0252675,0.82,1,4518207,4517742,465
341086121,26.1346,31.4644,462,36638,0.016107,0.79,1,4518239,4517777,462
341089041,30.8538,34.1857,460,36696,0.0364428,0.69,1,4518273,4517813,460
341091961,24.3415,31.0743,451,36754,0.0445771,0.45,1,4518293,4517842,451
341094881,42.7366,52.6297,439,36811,0.0478308,0.13,1,4518348,4517909,439
341097801,69.8946,84.0519,422,36868,0.0491323,0.07,1,4518436,4518014,422
341100721,48.3579,54.0208,422,36925,0.0256529,0.03,1,4518470,4518048,422
341103641,47.5431,49.2083,423,36982,0.0402612,0.03,1,4518517,4518094,423
341106561,31.0173,31.0833,424,37039,0.0221045,0.03,1,4518537,4518113,424
341109481,31.6069,31.6333,424,37096,0.0148418,0.05,1,4518569,4518145,424
341112401,28.2428,28.8533,423,37153,0.0359367,0.05,1,4518595,4518172,423
341115321,23.8971,11.5413,444,37210,0.0323747,0.05,1,4518616,4518172,444
341118241,16.7588,18.4165,433,37267,0.0549499,0.01,1,4518628,4518195,433
341121161,25.9035,14.5666,453,37324,0.06398,0.01,1,4518660,4518207,453
341124081,30.7614,25.0266,455,37381,0.043592,0.05,1,4518694,4518239,455
341127001,24.3046,30.4107,441,37438,0.0234368,0.05,1,4518714,4518273,441
341129921,43.3218,24.1643,477,37494,0.0153747,0.05,1,4518770,4518293,477
341132841,70.7287,42.6657,511,37550,0.0241499,0.05,1,4518859,4518348,511
341135761,47.4915,69.8663,455,37606,0.06366,0.01,1,4518891,4518436,455
341138681,47.7966,48.3465,469,37662,0.079464,0.05,1,4518939,4518470,469
341141601,30.5186,47.5386,441,37718,0.0617856,0.01,1,4518958,4518517,441
341144521,31.4075,31.0154,453,37774,0.0427142,0.01,1,4518990,4518537,453
341147441,28.163,31.6062,447,37830,0.0350857,0.05,1,4519016,4518569,447
341150361,25.6652,28.2425,445,37886,0.0320343,0.03,1,4519040,4518595,445
341153281,18.6661,23.897,438,37942,0.0308137,0.07,1,4519054,4518616,438
341156201,24.2664,16.7588,454,37998,0.0663255,0.07,1,4519082,4518628,454
341159121,30.1066,25.9035,456,38054,0.0685302,0.03,1,4519116,4518660,456
341162041,24.0426,30.7614,442,38110,0.0274121,0.01,1,4519136,4518694,442
341164961,42.6171,24.3046,477,38165,0.0529648,0.01,1,4519191,4518714,477
341167881,72.2468,43.3218,513,38220,0.0391859,0.03,1,4519283,4518770,513
341170801,46.2987,70.7287,453,38275,0.0456744,0.09,1,4519312,4518859,453
341173721,49.1195,47.4915,472,38330,0.0482697,0.09,1,4519363,4518891,472
341176641,29.2478,47.7966,440,38385,0.0373079,0.05,1,4519379,4518939,440
341179561,31.4991,30.5186,454,38440,0.0329232,0.03,1,4519412,4518958,454
341182481,27.5996,31.4075,447,38495,0.0191693,0.03,1,4519437,4518990,447
341185401,26.0399,28.163,446,38550,0.0256677,0.03,1,4519462,4519016,446
341188321,19.4159,25.6652,437,38605,0.0522671,0.03,1,4519477,4519040,437
341191241,8.96638,18.6661,425,38660,0.0629068,0.09,1,4519479,4519054,425
341194161,19.7866,24.2664,424,38715,0.0671627,0.07,1,4519506,4519082,424
341197081,27.7146,30.1066,423,38770,0.0808651,0,1,4519539,4519116,423
341200001,22.4858,24.0426,422,38824,0.050346,0.07,1,4519558,4519136,422
341202921,43.7943,42.6171,425,38878,0.0621384,0.03,1,4519616,4519191,425
341205841,71.5177,72.2468,423,38932,0.0428554,0.05,1,4519706,4519283,423
341208761,46.6071,46.2987,424,38986,0.0231421,0.05,1,4519736,4519312,424
341211681,48.0428,49.1195,422,39040,0.0152569,0.03,1,4519785,4519363,422
341214601,30.0171,29.2478,424,39094,0.0241027,0.03,1,4519803,4519379,424
341217521,30.6069,31.4991,422,39148,0.0396411,0.01,1,4519834,4519412,422
341220441,27.2427,27.5996,422,39202,0.0458564,0.03,1,4519859,4519437,422
341223361,27.0971,26.0399,424,39256,0.0243426,0.07,1,4519886,4519462,424
341226281,21.0388,19.4159,426,39310,0.027737,0.07,1,4519903,4519477,426
341229201,9.61554,8.96638,426,39364,0.0290948,0.07,1,4519905,4519479,426
341232121,19.4462,19.7866,425,39418,0.0536379,0.09,1,4519931,4519506,425
341235041,26.9785,27.7146,424,39472,0.0994552,0.03,1,4519963,4519539,424
341261321,27.0134,27.0971,422,39950,0.0879883,0.03,1,4520308,4519886,422
341264241,21.6054,21.0388,423,40003,0.0651953,0.03,1,4520326,4519903,423
341267161,9.84215,9.61554,423,40056,0.0560781,0.07,1,4520328,4519905,423
341270081,20.1369,19.4462,424,40109,0.0524312,0.07,1,4520355,4519931,424
341273001,27.8547,7.77849,457,40162,0.0629725,0.13,1,4520388,4519931,457
341275921,23.1419,22.3114,445,40215,0.067189,0.17,1,4520408,4519963,445
341310961,28.8675,20.1368,457,40840,0.217576,0.07,1,4520812,4520355,457
341313881,24.147,27.8547,445,40892,0.24903,0.07,1,4520833,4520388,445
341316801,45.6588,23.1419,485,40944,0.273612,0.13,1,4520893,4520408,485
341325561,46.6502,47.4891,474,41098,0.409431,0.13,1,4521062,4520588,474
341328481,29.4601,47.1956,445,41149,0.421772,0.13,1,4521080,4520635,445
341410241,30.1851,29.9744,446,42562,0.761931,0.51,2,4521969,4521523,446
341413161,31.274,30.5898,447,42612,0.766772,0.55,2,4522001,4521554,447
341416081,27.5096,26.6359,448,42662,0.780709,0.53,2,4522026,4521578,448
341419001,25.4038,25.0544,448,42711,0.786284,0.59,2,4522050,4521602,448
341421921,22.7615,22.0217,449,42760,0.788513,0.55,2,4522071,4521622,449
341424841,10.3046,10.0087,449,42809,0.789405,0.55,2,4522073,4521624,449
341427761,23.3218,23.2035,449,42858,0.765762,0.57,2,4522105,4521656,449
341430681,29.7287,30.2814,448,42907,0.792305,0.57,2,4522139,4521691,448
341445281,50.7591,73.2288,487,43152,0.910427,0.69,2,4522358,4521871,487
341448201,50.9037,48.4915,506,43201,0.946171,0.75,2,4522409,4521903,506
341740201,87.6661,90.6818,502,22189,0.228784,0.95,1,4525880,4525378,502
341751881,37.1979,33.5455,475,22569,0.202321,0.61,1,4526020,4525545,475
341757721,91.6317,69.8073,532,22757,0.223171,0.25,1,4526239,4525707,532
341760641,77.4527,88.5229,499,22850,0.263269,0.15,1,4526307,4525808,499
341763561,66.3811,78.6092,486,22943,0.279307,0.11,1,4526366,4525880,486
341778161,93.6116,90.9864,525,23401,0.423273,0.25,1,4526672,4526147,525
341810281,42.1466,41.7511,450,24380,0.757089,0.59,2,4527277,4526827,450
341813201,24.0586,24.5005,449,24467,0.764835,0.61,2,4527289,4526840,449
341827801,73.2448,72.1664,458,24897,0.78523,0.73,2,4527645,4527187,458
341842401,92.7804,91.4494,459,25320,0.933385,0.75,2,4527927,4527468,459
341950441,64.0773,64.1512,485,28251,0.767632,1,2,4530007,4529522,485
341953361,53.2309,53.2605,485,28326,0.793053,1,2,4530053,4529568,485
341965041,34.5019,30.2595,510,28624,0.754846,1,2,4530187,4529677,510
341967961,82.2008,34.9038,586,28698,0.763938,0.83,2,4530301,4529715,586
341985481,36.5371,44.0852,492,29138,0.903381,0.73,2,4530583,4530091,492
341988401,30.8149,38.6341,484,29211,0.931352,0.73,2,4530610,4530126,484
342102281,34.8117,38.1454,507,31914,0.920197,1,2,4532525,4532018,507
342105201,29.5247,33.8582,502,31980,0.902079,1,2,4532551,4532049,502
342108121,27.4099,32.1433,497,32046,0.930832,0.98,2,4532577,4532080,497
342111041,56.564,24.8573,553,32112,0.948333,0.99,2,4532653,4532100,553
342224921,54.2199,55.2901,531,34587,0.9292,1,2,4534434,4533903,531
342233681,29.3181,36.3466,514,34770,0.756669,1,2,4534530,4534016,514
342245361,37.7777,31.7897,522,35013,0.264603,1,1,4534685,4534163,522
342251201,47.8044,68.6864,512,35133,0.0819364,1,1,4534805,4534293,512
342254121,51.5218,44.8745,537,35193,0.0987746,0.83,1,4534859,4534322,537
342277481,33.5217,37.4444,466,35671,0.210567,0.19,1,4535113,4534647,466
342280401,14.6087,37.7777,430,35730,0.222227,0.09,1,4535115,4534685,430
342283321,53.8435,65.5111,426,35789,0.226891,0.03,1,4535195,4534769,426
342286241,43.1374,47.8044,426,35848,0.204756,0.11,1,4535231,4534805,426
342289161,51.455,51.5218,429,35907,0.231903,0.11,1,4535288,4534859,429
342292081,45.182,45.2087,429,35966,0.230761,0.19,1,4535329,4534900,429
342295001,39.0728,37.8835,431,36025,0.230304,0.11,1,4535364,4534933,431
342297921,32.4291,34.3534,427,36084,0.230122,0.17,1,4535392,4534965,427
342300841,24.9716,23.9414,430,36143,0.242049,0.15,1,4535412,4534982,430
342303761,28.5887,28.7765,429,36201,0.234819,0.23,1,4535443,4535014,429
342306681,34.2355,32.5106,432,36259,0.255928,0.17,1,4535481,4535049,432
342309601,29.8942,29.8042,431,36317,0.276371,0.23,1,4535508,4535077,431
342315441,15.1031,14.6087,433,36433,0.297419,0.23,1,4535548,4535115,433
342324201,51.2466,51.455,432,36607,0.440235,0.23,1,4535720,4535288,432
342391361,43.337,55.5376,482,37912,0.778327,0.49,2,4536549,4536067,482
342394281,55.1348,44.415,508,37968,0.797331,0.55,2,4536612,4536104,508
342408881,28.1473,27.0612,481,38245,0.903394,0.65,2,4536775,4536294,481
342411801,36.4589,27.6245,495,38300,0.919357,0.65,2,4536817,4536322,495
342414721,30.7836,36.2498,480,38355,0.913743,0.67,2,4536844,4536364,480
342417641,38.1134,30.0999,497,38410,0.923497,0.71,2,4536887,4536390,497
342420561,16.4454,36.64,458,38465,0.927399,0.71,2,4536889,4536431,458
342423481,56.9781,15.856,540,38520,0.94096,0.75,2,4536973,4536433,540
342575321,50.4927,30.6766,540,41274,0.928259,1,2,4538870,4538330,540
342584081,40.9835,33.5953,525,41427,0.761889,1,2,4538982,4538457,525
342633721,26.345,24.9189,455,42285,0.766775,0.71,2,4539517,4539062,455
342636641,28.538,27.9676,455,42335,0.79271,0.69,2,4539547,4539092,455
342651241,30.6801,29.455,456,42585,0.907589,0.71,2,4539701,4539245,456
342654161,29.672,29.782,455,42635,0.909036,0.73,2,4539730,4539275,455
342677521,30.1147,28.538,463,43027,0.942386,0.81,2,4540010,4539547,463
342680441,26.4459,11.4152,487,43076,0.922954,0.85,2,4540034,4539547,487
342683361,36.3783,18.9661,506,43125,0.927182,0.89,2,4540077,4539571,506
342686281,31.3513,33.3864,491,43174,0.928873,0.89,2,4540105,4539614,491
342689201,28.7405,30.1546,490,43223,0.941549,0.87,2,4540132,4539642,490
343057121,172.322,171.157,502,22724,0.2308,0.81,1,4544234,4543732,502
343071721,57.8555,66.5306,447,23187,0.217663,0.17,1,4544543,4544096,447
343074641,44.1422,48.2122,446,23278,0.225065,0.17,1,4544578,4544132,446
343077561,65.0569,39.0849,492,23369,0.276026,0.05,1,4544657,4544165,492
343086321,66.5636,65.0454,492,23640,0.407666,0.15,1,4544860,4544368,492
343089241,63.2255,63.2182,491,23730,0.445066,0.19,1,4544921,4544430,491
343133041,68.4812,67.4816,450,25036,0.797713,0.63,2,4545753,4545303,450
343135961,66.3925,65.3926,451,25121,0.781085,0.63,2,4545818,4545367,451
343138881,60.757,59.7571,452,25205,0.798434,0.61,2,4545875,4545423,452
343141801,44.7028,44.3028,452,25289,0.793374,0.61,2,4545909,4545457,452
343162241,61.259,65.5205,517,25870,0.908395,0.81,2,4546335,4545818,517
343241081,43.8006,44.4198,484,27996,0.93304,1,2,4547805,4547321,484
343246921,50.2081,52.4672,484,28147,0.928086,1,2,4547892,4547408,484
343261521,64.0441,43.0537,545,28521,0.921782,0.99,2,4548189,4547644,545
343264441,56.8176,61.0215,524,28595,0.938713,1,2,4548241,4547717,524
343267361,43.127,56.8086,504,28669,0.933485,0.89,2,4548275,4547771,504
343270281,29.2508,43.1234,490,28743,0.931394,0.97,2,4548295,4547805,490
343354961,22.5149,29.6501,485,30806,0.946,1,2,4549734,4549249,485
343401681,61.1547,43.9155,529,31887,0.763819,0.59,2,4550548,4550019,529
343404601,49.0619,67.3662,487,31953,0.791527,0.61,2,4550589,4550102,487
343416281,44.3264,20.2094,510,32217,0.900535,0.61,2,4550715,4550205,510
343419201,75.3306,43.4838,547,32283,0.942214,0.69,2,4550811,4550264,547
343749161,41.2799,35.8838,498,38991,0.430365,1,1,4555507,4555009,498
343755001,39.2448,36.1014,494,39099,0.283658,1,1,4555577,4555083,494
343763761,30.7597,35.1905,487,39261,0.0606341,1,1,4555665,4555178,487
343766681,35.7039,41.0762,481,39315,0.0662537,0.93,1,4555704,4555223,481
343769601,28.6815,36.8305,471,39369,0.0805015,0.99,1,4555728,4555257,471
343772521,32.4726,36.9322,469,39423,0.0742006,0.99,1,4555763,4555294,469
343775441,26.789,30.3729,466,39477,0.0956802,0.72,1,4555786,4555320,466
343778361,37.7156,42.7492,460,39530,0.0682721,0.57,1,4555831,4555371,460
343787121,34.1178,41.2799,433,39689,0.0852494,0.37,1,4555940,4555507,433
343798801,32.2942,33.3992,424,39901,0.0760544,0.03,1,4556060,4555636,424
343801721,29.1177,30.7597,422,39954,0.0604218,0.07,1,4556087,4555665,422
343804641,35.0471,35.7039,422,40007,0.0421687,0.09,1,4556126,4555704,422
343807561,30.2188,28.6815,425,40060,0.0348675,0.09,1,4556153,4555728,425
343810481,33.0875,11.4726,460,40113,0.067947,0.07,1,4556188,4555728,460
343813401,26.435,25.589,447,40166,0.0691788,0.11,1,4556210,4555763,447
343830921,31.2426,29.8189,457,40479,0.202404,0.13,1,4556424,4555967,457
343833841,26.897,32.3276,447,40531,0.206961,0.11,1,4556448,4556001,447
343836761,30.5588,26.731,457,40583,0.232785,0.05,1,4556481,4556024,457
343839681,29.6235,32.2924,450,40635,0.243114,0.05,1,4556510,4556060,450
343842601,34.0494,29.117,460,40687,0.259246,0.03,1,4556547,4556087,460
343845521,29.8198,35.0468,448,40739,0.205698,0.03,1,4556574,4556126,448
343854281,39.1805,26.435,471,40895,0.213085,0.13,1,4556681,4556210,471
343857201,40.2722,36.974,468,40947,0.259234,0.11,1,4556722,4556254,468
343860121,38.9089,38.7896,466,40999,0.289694,0.13,1,4556760,4556294,466
343863041,36.5635,38.9158,462,41050,0.289877,0.19,1,4556795,4556333,462
343865961,31.4254,34.7663,458,41101,0.289951,0.21,1,4556823,4556365,458
343880561,32.5989,29.6235,467,41356,0.41599,0.27,1,4556977,4556510,467
343883481,29.2396,34.0494,457,41407,0.448396,0.17,1,4557004,4556547,457
343886401,33.2958,29.8198,466,41458,0.437358,0.17,1,4557040,4556574,466
343889321,28.3183,34.1279,454,41509,0.420943,0.19,1,4557065,4556611,454
343892241,12.5273,27.4512,433,41560,0.414377,0.23,1,4557067,4556634,433
343895161,33.2109,39.1805,433,41611,0.435751,0.29,1,4557114,4556681,433
343959401,31.6172,31.6249,447,42714,0.760214,0.55,2,4557831,4557384,447
343962321,34.8469,34.85,447,42763,0.754086,0.59,2,4557868,4557421,447
343979841,42.0613,13.729,498,43057,0.758653,0.65,2,4558056,4557558,498
343982761,42.6245,33.6916,494,43106,0.753461,0.71,2,4558099,4557605,494
343985681,37.4498,37.4766,488,43155,0.763384,0.71,2,4558133,4557645,488
343988601,31.7799,35.3907,482,43204,0.767354,0.67,2,4558161,4557679,482
343991521,33.712,30.9563,489,43253,0.780941,0.75,2,4558196,4557707,489
343994441,27.8848,32.1825,480,43302,0.786377,0.75,2,4558220,4557740,480
344011961,27.8229,33.8946,479,43595,0.904747,0.73,2,4558411,4557932,479
344014881,12.3292,27.9579,457,43643,0.919899,0.73,2,4558413,4557956,457
344160881,35.2833,14.244,527,45996,0.922,1,2,4560101,4559574,527
344163801,33.3133,24.2976,528,46042,0.9088,1,2,4560133,4559605,528
344225121,85.7813,97.0751,451,21568,0.0858159,0,1,4560940,4560489,451
344228041,83.5125,72.43,477,21666,0.0523264,0.03,1,4561022,4560545,477
344230961,52.005,80.572,422,21764,0.0869305,0.01,1,4561053,4560631,422
344233881,35.802,41.2288,432,21861,0.0527722,0.09,1,4561078,4560646,432
344236801,63.5208,71.0915,423,21958,0.0631089,0.05,1,4561160,4560737,423
344239721,56.6083,59.0366,424,22055,0.0552436,0.11,1,4561212,4560788,424
344242641,61.0433,59.0146,429,22151,0.0880974,0.07,1,4561276,4560847,429
344245561,76.6173,79.4059,423,22247,0.089239,0.03,1,4561363,4560940,423
344248481,79.8469,80.9623,423,22342,0.0356956,0.11,1,4561445,4561022,423
344251401,50.5388,50.9849,423,22437,0.0322782,0.03,1,4561476,4561053,423
344254321,35.8155,35.394,424,22532,0.0189113,0.03,1,4561502,4561078,424
344257241,62.3262,14.1576,504,22626,0.0615645,0.07,1,4561582,4561078,504
344260161,55.5305,54.863,473,22720,0.0786258,0.05,1,4561633,4561160,473
344263081,62.4122,53.1452,488,22813,0.0854503,0.11,1,4561700,4561212,488
344266001,77.7649,59.6581,512,22906,0.0761801,0.09,1,4561788,4561276,512
344268921,78.506,76.0632,504,22999,0.030472,0,1,4561867,4561363,504
344271841,49.4024,79.6253,452,23091,0.0421888,0.03,1,4561897,4561445,452
344274761,35.361,50.4501,447,23183,0.0468755,0.01,1,4561923,4561476,447
344277681,64.5444,35.78,505,23274,0.0487502,0.09,1,4562007,4561502,505
344280601,56.4178,62.312,476,23365,0.0735001,0.09,1,4562058,4561582,476
344289361,76.9787,77.764,501,23636,0.228144,0,1,4562289,4561788,501
344292281,48.7915,78.5056,452,23726,0.217258,0.05,1,4562319,4561867,452
344306881,60.2519,63.3671,431,24169,0.215489,0.23,1,4562557,4562126,431
344318561,35.1376,35.7166,430,24518,0.400605,0.15,1,4562776,4562346,430
344321481,63.8551,64.6866,429,24604,0.406242,0.15,1,4562859,4562430,429
344324401,26.742,27.0747,429,24690,0.408497,0.17,1,4562861,4562432,429
344327321,43.6968,42.6299,431,24776,0.433399,0.25,1,4562916,4562485,431
344382801,80.9339,82.3784,535,26354,0.78031,0.67,2,4564066,4563531,535
344388641,35.5094,49.4205,481,26514,0.90125,0.69,2,4564121,4563640,481
344391561,67.0038,35.3682,543,26594,0.9185,0.69,2,4564209,4563666,543
344394481,28.0015,66.9473,457,26674,0.9254,0.69,2,4564211,4563754,457
344397401,44.8006,27.9789,511,26753,0.94016,0.73,2,4564267,4563756,511
344508361,85.0541,58.68,570,29611,0.946,1,2,4566335,4565765,570
344566761,76.7103,75.7577,451,31008,0.770609,0.63,2,4567254,4566803,451
344572601,53.4336,52.0812,453,31144,0.796497,0.63,2,4567343,4566890,453
344601801,53.9416,51.0517,515,31817,0.928833,0.79,2,4567803,4567288,515
344604721,40.7767,53.4207,492,31883,0.941533,0.83,2,4567835,4567343,492
344607641,33.1107,39.3683,490,31949,0.922613,0.87,2,4567863,4567373,490
344610561,27.0443,32.5473,485,32015,0.927045,0.87,2,4567886,4567401,485
344613481,55.2177,25.6189,538,32081,0.940818,0.89,2,4567960,4567422,538
344730281,42.9379,51.2105,521,34620,0.778288,1,2,4569753,4569232,521
344741961,36.3744,46.9638,508,34864,0.414436,1,1,4569907,4569399,508
344747801,25.2599,32.1142,500,34986,0.27391,1,1,4569958,4569458,500
344753641,74.8416,32.1383,579,35106,0.0954256,0.97,1,4570097,4569518,579
344765321,32.9479,42.9379,485,35346,0.0923469,0.63,1,4570238,4569753,485
344788681,71.5449,74.8416,426,35822,0.216874,0.11,1,4570523,4570097,426
344791601,46.6179,47.9366,426,35881,0.212749,0.13,1,4570553,4570127,426
344794521,49.8472,49.1747,428,35940,0.2351,0.13,1,4570605,4570177,428
344797441,36.7389,38.8699,424,35999,0.22004,0.07,1,4570633,4570209,424
344800361,33.8955,32.9479,427,36058,0.214016,0.13,1,4570665,4570238,427
344803281,36.3582,36.5792,426,36117,0.247606,0.15,1,4570703,4570277,426
344806201,39.7433,37.4317,430,36176,0.261043,0.15,1,4570745,4570315,430
344826641,48.0562,46.6179,433,36582,0.422039,0.25,1,4570986,4570553,433
344829561,49.8225,49.8472,432,36640,0.438816,0.21,1,4571037,4570605,432
344832481,36.729,36.7389,432,36698,0.445526,0.21,1,4571065,4570633,432
344835401,33.8916,33.8955,432,36756,0.424211,0.27,1,4571097,4570665,432
344908401,42.0517,33.9445,499,38167,0.751504,0.69,2,4572037,4571538,499
344911321,43.8207,39.9778,500,38222,0.762602,0.73,2,4572082,4571582,500
344914241,34.3283,41.7911,485,38277,0.779041,0.73,2,4572110,4571625,485
344917161,32.3313,33.5164,488,38332,0.797616,0.73,2,4572141,4571653,488
344937601,38.303,51.4329,454,38717,0.912239,0.73,2,4572382,4571928,454
344940521,35.7212,38.5732,458,38772,0.910896,0.73,2,4572416,4571958,458
345083601,41.22,66.7696,500,41355,0.94598,1,2,4574214,4573714,500
345089441,37.3152,35.7631,519,41457,0.766957,1,2,4574294,4573775,519
345098201,26.9642,33.1048,517,41610,0.400205,0.95,1,4574379,4573862,517
345101121,28.7857,42.0419,499,41661,0.298082,1,1,4574409,4573910,499
345104041,33.1143,40.2168,496,41712,0.221233,1,1,4574445,4573949,496
345112801,31.7593,32.7179,490,41864,0.0974389,1,1,4574540,4574050,490
345118641,28.3615,31.8749,482,41964,0.0887902,1,1,4574595,4574113,482
345121561,47.9446,53.5499,475,42014,0.0775161,0.91,1,4574656,4574181,475
345124481,35.3778,41.22,469,42064,0.0610064,0.79,1,4574683,4574214,469
345127401,37.5511,45.288,460,42114,0.0304026,0.71,1,4574722,4574262,460
345130321,32.4205,37.3152,457,42164,0.066161,0.57,1,4574751,4574294,457
345133241,31.5682,36.5261,452,42214,0.0684644,0.51,1,4574782,4574330,452
345136161,21.0273,28.4104,443,42264,0.0693858,0.29,1,4574796,4574353,443
345139081,21.0109,26.9642,438,42314,0.0577543,0.23,1,4574817,4574379,438
345142001,22.8044,28.7857,432,42364,0.0651017,0.17,1,4574841,4574409,432
345144921,29.5217,33.1143,430,42414,0.0680407,0.13,1,4574875,4574445,430
345147841,25.6087,31.2457,423,42464,0.0812163,0.07,1,4574898,4574475,423
345150761,30.6435,32.8983,423,42514,0.0984865,0.09,1,4574932,4574509,423
345156601,28.903,28.9037,423,42614,0.0769578,0.07,1,4574990,4574567,423
345203321,51.2661,27.7405,492,43399,0.201871,0.15,1,4575509,4575017,492
345206241,35.5064,49.4962,453,43448,0.218748,0.15,1,4575534,4575081,453
345209161,36.4026,34.1985,466,43497,0.237499,0.13,1,4575571,4575105,466
345212081,33.161,37.0794,458,43546,0.233,0.13,1,4575602,4575144,458
345215001,31.8644,32.8318,459,43594,0.2552,0.19,1,4575633,4575174,459
345217921,21.1458,31.7327,442,43642,0.26408,0.19,1,4575647,4575205,442
345220841,21.0583,21.0931,449,43690,0.279632,0.21,1,4575668,4575219,449
345223761,22.8233,20.4372,453,43738,0.285853,0.17,1,4575692,4575239,453
345226681,30.1293,22.5749,464,43786,0.276341,0.19,1,4575727,4575263,464
345229601,26.4517,29.43,454,43834,0.284536,0.19,1,4575751,4575297,454
345232521,32.7807,26.172,467,43882,0.275815,0.17,1,4575788,4575321,467
345235441,28.7123,33.2688,455,43930,0.272326,0.17,1,4575814,4575359,455
345238361,29.4849,28.9075,459,43978,0.28293,0.15,1,4575844,4575385,459
345241281,26.794,30.163,453,44026,0.287172,0.11,1,4575869,4575416,453
345255881,32.13,33.161,465,44266,0.415597,0.27,1,4576067,4575602,465
345258801,21.252,31.8644,448,44314,0.424239,0.27,1,4576081,4575633,448
345331801,57.8804,56.3283,451,45489,0.750598,0.63,2,4576832,4576381,451
345334721,38.7522,38.1313,451,45535,0.786239,0.59,2,4576858,4576407,451
345346401,21.7761,21.6258,453,45719,0.941488,0.67,2,4576977,4576524,453
345349321,23.7104,23.0503,454,45765,0.946595,0.67,2,4577002,4576548,454
345352241,23.8842,24.2201,453,45811,0.936638,0.63,2,4577026,4576573,453
345355161,29.9537,30.088,453,45857,0.932655,0.63,2,4577060,4576607,453
345358081,13.1815,13.2352,453,45903,0.931062,0.67,2,4577062,4576609,453
345361001,19.6726,19.6941,453,45949,0.930425,0.67,2,4577086,4576633,453
345363921,30.669,7.87763,491,45995,0.93017,0.67,2,4577124,4576633,491
345366841,27.8676,25.3511,480,46041,0.942068,0.71,2,4577150,4576670,480
345369761,30.347,25.7404,486,46087,0.946827,0.67,2,4577182,4576696,486
345372681,28.9388,29.4962,482,46133,0.936731,0.75,2,4577210,4576728,482
345375601,60.7755,27.3985,538,46179,0.920692,0.77,2,4577292,4576754,538
345378521,41.1102,57.7594,488,46225,0.926277,0.81,2,4577320,4576832,488
345547881,21.7826,23.2645,505,48798,0.903811,1,2,4579076,4578571,505
345598981,301.513,329.106,460,21900,0.415524,0.59,1,4579564,4579104,460
345607741,87.5528,91.5508,463,22910,0.0810736,0.23,1,4579813,4579350,463
345610661,74.6211,87.0203,445,23003,0.0744294,0.15,1,4579879,4579434,445
345613581,59.8485,55.8081,460,23095,0.0957718,0.09,1,4579929,4579469,460
345625261,74.0073,75.5935,491,23460,0.217156,0.09,1,4580166,4579675,491
345628181,71.6029,72.2374,491,23550,0.236862,0.05,1,4580236,4579745,491
345631101,69.4412,69.695,491,23640,0.280745,0.07,1,4580304,4579813,491
345645701,77.6858,81.3354,433,24085,0.41196,0.23,1,4580530,4580097,433
345718701,76.1992,78.5121,535,26196,0.923728,0.87,2,4581958,4581423,535
345806301,46.9459,42.0051,527,28521,0.913095,1,2,4583596,4583069,527
345809221,41.5783,42.002,523,28595,0.911238,1,2,4583634,4583111,523
345826741,52.9221,76.5101,515,29036,0.222253,0.97,1,4583988,4583473,515
345832581,45.6675,42.3616,522,29182,0.0775605,0.86,1,4584068,4583546,522
345835501,38.067,46.9446,505,29255,0.0850242,0.91,1,4584101,4583596,505
345838421,38.6268,41.5779,506,29327,0.0340097,0.79,1,4584140,4583634,506
345841341,34.6507,44.8311,491,29399,0.0316039,0.67,1,4584172,4583681,491
345844261,45.0603,41.3325,504,29471,0.0426416,0.59,1,4584224,4583720,504
345847181,65.4241,49.533,528,29543,0.0950566,0.37,1,4584303,4583775,528
345855941,34.5951,52.9221,454,29757,0.223764,0.15,1,4584442,4583988,454
345873461,44.9956,45.0603,424,30181,0.0660257,0.13,1,4584648,4584224,424
345876381,67.1982,65.4241,427,30251,0.0684103,0.23,1,4584730,4584303,427
345879301,79.6793,75.9696,432,30321,0.0573641,0.19,1,4584818,4584386,432
345882221,51.0717,48.9879,433,30391,0.0529456,0.25,1,4584850,4584417,433
345885141,36.0287,34.5951,434,30461,0.0271783,0.13,1,4584876,4584442,434
345888061,37.8115,42.0381,426,30530,0.0408713,0.09,1,4584915,4584489,426
345890981,16.3246,18.0152,426,30599,0.0703485,0.17,1,4584917,4584491,426
345893901,30.5298,28.8061,430,30668,0.0701394,0.15,1,4584957,4584527,430
345896821,32.6119,33.7224,427,30737,0.0940558,0.15,1,4584991,4584564,427
345911421,50.2463,51.0717,422,31080,0.224058,0.01,1,4585272,4584850,422
345914341,35.6985,36.0287,422,31148,0.215623,0.05,1,4585298,4584876,422
345917261,38.8794,37.8115,424,31216,0.236249,0.09,1,4585339,4584915,424
345920181,16.7518,16.3246,424,31284,0.2685,0.09,1,4585341,4584917,424
345923101,30.7007,6.52984,464,31352,0.2694,0.07,1,4585381,4584917,464
345926021,34.4803,26.6119,461,31419,0.23376,0.11,1,4585418,4584957,461
345928941,33.5921,31.0448,460,31486,0.231504,0.19,1,4585451,4584991,460
345931861,41.6368,31.6179,475,31553,0.218602,0.19,1,4585498,4585023,475
345934781,67.0547,40.8472,512,31620,0.213441,0.13,1,4585582,4585070,512
345937701,79.0219,67.9389,513,31687,0.235376,0.21,1,4585669,4585156,513
345940621,52.0088,77.5755,463,31754,0.244151,0.25,1,4585703,4585240,463
345943541,37.0035,50.2302,458,31821,0.27166,0.21,1,4585730,4585272,458
345961061,40.7507,33.592,478,32217,0.426337,0.21,1,4585929,4585451,478
345987341,15.2741,34.1921,442,32804,0.75415,0.41,2,4586293,4585851,442
345990261,25.9096,32.8768,443,32868,0.76366,0.45,2,4586326,4585883,443
345993181,38.5639,40.7507,444,32932,0.779464,0.49,2,4586373,4585929,444
346013621,33.0767,32.4632,459,33379,0.797822,0.73,2,4586713,4586254,459
346022381,27.0529,25.9096,460,33568,0.794341,0.79,2,4586786,4586326,460
346031141,83.3794,83.3302,462,33757,0.938598,0.87,2,4587014,4586552,462
346156701,31.8031,41.5271,496,36353,0.916,1,2,4588738,4588242,496
346162541,51.8885,60.4043,488,36469,0.93856,1,2,4588831,4588343,488
346171301,52.0409,43.8259,496,36643,0.293108,1,1,4589004,4588508,496
346177141,32.4465,32.9321,481,36759,0.0720972,1,1,4589061,4588580,481
346180061,39.3786,38.3729,483,36816,0.0468389,1,1,4589105,4588622,483
346182981,35.5514,31.5491,489,36873,0.0247356,1,1,4589138,4588649,489
346185901,31.0206,27.0197,493,36930,0.0278942,1,1,4589166,4588673,493
346188821,23.2082,30.0079,479,36987,0.0111577,0.86,1,4589184,4588705,479
346191741,27.8833,31.8031,477,37044,0.0104631,1,1,4589215,4588738,477
346194661,26.1533,27.7213,477,37101,0.0581852,0.92,1,4589240,4588763,477
346197581,44.0613,51.8885,465,37158,0.0532741,0.92,1,4589296,4588831,465
346200501,48.8245,20.7554,517,37215,0.0513096,0.59,1,4589348,4588831,517
346203421,45.3298,53.3022,485,37272,0.0265239,0.41,1,4589391,4588906,485
346206341,39.1319,50.1209,472,37329,0.0106095,0.13,1,4589426,4588954,472
346209261,31.8528,50.0483,449,37386,0.0942438,0.03,1,4589453,4589004,449
346212181,30.1411,36.8193,450,37443,0.0556975,0.03,1,4589482,4589032,450
346215101,38.4564,32.1277,465,37499,0.040279,0.03,1,4589526,4589061,465
346218021,35.7826,39.2511,455,37555,0.0341116,0.01,1,4589560,4589105,455
346220941,30.513,35.5004,449,37611,0.0316446,0.03,1,4589587,4589138,449
346223861,23.6052,31.0002,440,37667,0.0126579,0,1,4589606,4589166,440
346226781,27.4421,23.2001,452,37723,0.0230631,0.01,1,4589636,4589184,452
346229701,25.9768,27.88,446,37779,0.0512253,0.09,1,4589661,4589215,446
346232621,44.5907,26.152,478,37835,0.0384901,0.05,1,4589718,4589240,478
346235541,49.0363,44.0608,474,37891,0.069396,0.05,1,4589770,4589296,474
346241381,37.8458,45.3297,456,38003,0.0963034,0,1,4589847,4589391,456
346244301,33.1383,39.1319,451,38059,0.0685213,0.15,1,4589877,4589426,451
346247221,28.8553,31.8528,450,38115,0.0274085,0.03,1,4589903,4589453,450
346250141,37.9421,30.1411,465,38170,0.0109634,0.03,1,4589947,4589482,465
346253061,36.1769,38.4564,456,38225,0.0223854,0.03,1,4589982,4589526,456
346255981,30.0707,35.7826,448,38280,0.0269541,0.03,1,4590008,4589560,448
346258901,23.4283,30.513,440,38335,0.0107817,0,1,4590027,4589587,440
346261821,27.3713,23.6052,451,38390,0.0103127,0.03,1,4590057,4589606,451
346264741,27.7485,27.4421,449,38445,0.0221251,0.07,1,4590085,4589636,449
346267661,45.2994,25.9768,481,38500,0.08685,0.03,1,4590142,4589661,481
346279341,25.5869,37.8458,426,38720,0.253311,0.05,1,4590273,4589847,426
346282261,27.6347,33.1383,425,38775,0.275325,0,1,4590302,4589877,425
346285181,24.8539,28.8553,422,38829,0.28413,0,1,4590325,4589903,422
346288101,37.5416,37.9421,424,38883,0.215652,0.03,1,4590371,4589947,424
346296861,23.4507,23.4283,423,39045,0.0697217,0.01,1,4590450,4590027,423
346299781,26.7803,27.3713,422,39099,0.0338887,0.03,1,4590479,4590057,422
346302701,28.7121,27.7485,424,39153,0.0435555,0.13,1,4590509,4590085,424
346305621,48.6848,45.2994,429,39207,0.0714222,0.17,1,4590571,4590142,429
346308541,51.8739,49.9198,430,39261,0.0945689,0.21,1,4590625,4590195,430
346311461,50.1496,48.1679,432,39315,0.0678276,0.21,1,4590674,4590242,432
346314381,21.2598,20.4672,432,39369,0.081131,0.29,1,4590676,4590244,432
346317301,27.1039,25.5869,434,39423,0.0864524,0.29,1,4590707,4590273,434
346381541,49.461,28.1819,489,40583,0.200217,0.11,1,4591420,4590931,489
346384461,53.9844,49.6727,482,40635,0.206087,0.15,1,4591477,4590995,482
346387381,50.3938,52.8691,475,40687,0.244435,0.13,1,4591525,4591050,475
346390301,21.3575,49.9476,429,40739,0.259774,0.17,1,4591527,4591098,429
346393221,27.143,21.1791,458,40791,0.26591,0.13,1,4591558,4591100,458
346396141,31.2572,26.4716,462,40843,0.292364,0.13,1,4591592,4591130,462
346416581,27.985,24.1315,460,41203,0.405086,0.19,1,4591786,4591326,460
346419501,48.994,27.6526,493,41254,0.408034,0.21,1,4591849,4591356,493
346422421,56.7976,49.461,491,41305,0.433214,0.21,1,4591911,4591420,491
346480821,21.2603,20.5695,450,42315,0.751818,0.61,2,4592505,4592055,450
346483741,34.3041,32.8278,452,42365,0.750727,0.65,2,4592548,4592096,452
346486661,33.5216,31.7311,454,42415,0.762291,0.65,2,4592581,4592127,454
346489581,29.6087,28.2924,455,42465,0.790916,0.69,2,4592608,4592153,455
346507101,52.7333,52.8888,456,42763,0.910115,0.67,2,4592862,4592406,456
346510021,22.2933,22.3555,456,42812,0.922046,0.71,2,4592864,4592408,456
346515861,33.9269,32.3769,458,42910,0.938327,0.73,2,4592935,4592477,458
346518781,14.7708,14.1508,458,42959,0.933331,0.77,2,4592937,4592479,458
346524621,34.4033,8.50412,501,43057,0.940133,0.75,2,4593006,4592505,501
346527541,34.1613,29.2016,492,43106,0.934053,0.77,2,4593040,4592548,492
346530461,31.6645,31.4807,489,43155,0.943621,0.81,2,4593070,4592581,489
346533381,23.4658,28.7923,480,43204,0.935449,0.83,2,4593088,4592608,480
346536301,26.1863,22.3169,490,43253,0.932179,0.85,2,4593116,4592626,490
346712961,342.498,359.041,486,20440,0.442,1,1,4595131,4594645,486
346718801,123.92,129.087,489,21370,0.08872,0.67,1,4595320,4594831,489
346721721,71.7679,84.6346,471,21469,0.053488,0.27,1,4595357,4594886,471
346724641,68.9072,82.4538,457,21568,0.0633952,0.07,1,4595424,4594967,457
346727561,78.5629,68.3815,483,21666,0.0313581,0.01,1,4595509,4595026,483
346730481,39.2251,68.1526,428,21764,0.0425432,0.05,1,4595522,4595094,428
346733401,33.6901,39.261,438,21861,0.0350173,0,1,4595552,4595114,438
346736321,88.476,99.7044,423,21958,0.0140069,0.03,1,4595677,4595254,423
346739241,75.5904,79.4818,424,22055,0.0236028,0.03,1,4595744,4595320,424
346742161,51.8362,53.9927,423,22151,0.0514411,0.07,1,4595780,4595357,423
346745081,62.7345,61.7971,426,22247,0.0505764,0.01,1,4595850,4595424,426
346748001,74.2938,75.7188,423,22342,0.0202306,0.05,1,4595932,4595509,423
346750921,36.9175,38.0875,422,22437,0.0380922,0.03,1,4595944,4595522,422
346753841,32.767,33.235,422,22532,0.0572369,0.03,1,4595974,4595552,422
346756761,88.7068,13.294,548,22626,0.0408948,0,1,4596100,4595552,548
346759681,75.0827,80.3176,489,22720,0.0343579,0.03,1,4596166,4595677,489
346762601,52.2331,72.327,459,22813,0.0317432,0.07,1,4596203,4595744,459
346765521,62.8932,50.5308,493,22906,0.0546973,0.05,1,4596273,4595780,493
346768441,73.1573,62.2123,503,22999,0.0218789,0,1,4596353,4595850,503
346771361,36.4629,74.0849,433,23091,0.0147516,0.05,1,4596365,4595932,433
346774281,33.1852,36.834,452,23183,0.0359006,0.07,1,4596396,4595944,452
346777201,88.8741,32.7336,548,23274,0.0323602,0.03,1,4596522,4595974,548
346780121,75.7496,88.6934,489,23365,0.0789441,0.03,1,4596589,4596100,489
346783041,51.8998,75.0774,459,23456,0.0975776,0.03,1,4596625,4596166,459
346791801,35.7696,73.1569,433,23726,0.068885,0.01,1,4596786,4596353,433
346794721,34.7078,36.4628,455,23815,0.033554,0.05,1,4596820,4596365,455
346797641,88.2831,33.1851,548,23904,0.0314216,0.03,1,4596944,4596396,548
346800561,36.5133,88.874,424,23993,0.0305686,0.11,1,4596946,4596522,424
346803481,56.6053,75.7496,427,24081,0.0662275,0.11,1,4597016,4596589,427
346806401,44.2421,51.8998,427,24169,0.080491,0.19,1,4597052,4596625,427
346809321,63.8968,64.5599,431,24257,0.0981964,0.11,1,4597129,4596698,431
346844361,87.8203,87.503,426,25285,0.219455,0.13,1,4597792,4597366,426
346847281,36.3281,36.2012,426,25369,0.213782,0.15,1,4597794,4597368,426
346853121,44.9325,23.0722,463,25536,0.217805,0.17,1,4597903,4597440,463
346856041,65.973,30.8289,507,25619,0.249122,0.21,1,4597983,4597476,507
346858961,68.3892,59.1316,499,25702,0.237649,0.17,1,4598053,4597554,499
346861881,33.3557,66.8526,437,25784,0.23306,0.13,1,4598063,4597626,437
346864801,33.1423,32.741,460,25866,0.231224,0.19,1,4598096,4597636,460
346917361,92.3059,91.794,454,27302,0.763247,0.65,2,4599115,4598661,454
346920281,38.1224,37.9176,454,27380,0.779299,0.63,2,4599117,4598663,454
346931961,29.6799,29.1371,456,27688,0.90435,0.69,2,4599320,4598864,456
346934881,53.872,53.6548,456,27764,0.93174,0.73,2,4599390,4598934,456
347042921,58.3253,52.6913,498,30457,0.909999,1,2,4601303,4600805,498
347048761,35.732,26.7906,521,30595,0.7588,1,2,4601368,4600847,521
347051681,30.4928,26.9162,521,30664,0.75352,1,2,4601395,4600874,521
347057521,42.5589,46.5466,493,30802,0.448163,1,1,4601510,4601017,493
347063361,49.4094,43.2075,496,30940,0.204906,1,1,4601611,4601115,496
347066281,59.3638,71.283,472,31008,0.207962,1,1,4601677,4601205,472
347101321,50.2842,43.5104,480,31817,0.21579,0.21,1,4602190,4601710,480
347104241,38.1137,49.2042,457,31883,0.248316,0.13,1,4602220,4601763,457
347107161,33.2455,37.6817,457,31949,0.261326,0.19,1,4602250,4601793,457
347110081,25.8982,32.4727,449,32015,0.254531,0.13,1,4602271,4601822,449
347113001,58.3593,26.7891,506,32081,0.299812,0.15,1,4602351,4601845,506
347124681,54.5484,45.441,490,32345,0.429547,0.17,1,4602530,4602040,490
347183081,40.553,39.3483,450,33627,0.783457,0.55,2,4603312,4602862,450
347186001,47.4212,46.9393,450,33690,0.787383,0.69,2,4603364,4602914,450
347200601,34.1624,34,455,34003,0.904463,0.71,2,4603587,4603132,455
347203521,25.665,25.6,455,34065,0.931785,0.69,2,4603607,4603152,455
347206441,62.466,60.64,458,34127,0.906714,0.71,2,4603694,4603236,458
347212281,24.2746,23.3824,459,34251,0.904674,0.77,2,4603719,4603260,459
347215201,40.9098,9.35296,511,34313,0.90787,0.81,2,4603771,4603260,511
347221041,58.8656,45.1765,526,34437,0.916859,0.85,2,4603890,4603364,526
347223961,45.1462,57.0706,497,34498,0.924744,0.81,2,4603926,4603429,497
347226881,55.8585,44.4282,524,34559,0.939897,0.89,2,4603989,4603465,524
