#Ack,ack_ewma(ms),send_ewma(ms),rtt_ratio,cwnd (Bytes),Last Router Ocupation Ack Arriaval(Packets),Last Router Ocupation Packet Sent(Packets),Network Situation,AckArrival(ms),TSInsideAck(ms),RTTAck(ms)
55481,4.52631,3.39078,432,42340,0.065912,0.16,1,51704,51272,432
58401,3.01052,2.55631,432,43800,0.0803648,0.16,1,51706,51274,432
64241,2.16168,1.60901,434,46720,0.207258,0.08,1,51710,51276,434
73001,44.9703,116.695,423,51100,0.0915045,0,1,51895,51472,423
87601,6.35778,5.2308,427,58400,0.0858778,0.06,1,52122,51695,427
110961,2.18991,1.8052,438,70080,0.241977,0.22,1,52148,51710,438
113881,2.07596,0.722081,440,71540,0.252791,0.19,1,52150,51710,440
116801,2.03039,1.48883,440,73000,0.269116,0.1,1,52152,51712,440
122641,40.6449,43.6782,424,75920,0.0430586,0.06,1,52317,51893,424
125561,17.4579,18.6713,424,77380,0.0172234,0.18,1,52319,51895,424
128481,137.183,138.269,423,78840,0.0788894,0.18,1,52536,52113,423
131401,56.6733,55.3074,426,80300,0.0675558,0.14,1,52539,52113,426
134321,25.0693,23.323,428,81760,0.0270223,0.1,1,52543,52115,428
151841,2.10064,2.87262,430,90520,0.234017,0.23,1,52556,52126,430
154761,2.64025,5.34905,426,91980,0.285607,0.23,1,52559,52133,426
181041,3.81491,1.86492,438,105120,0.449654,0.3,1,52586,52148,438
192721,89.6465,0.719742,588,110960,0.232695,0,1,52740,52152,588
195641,37.0586,98.0879,427,112420,0.093078,0,1,52742,52315,427
198561,16.0234,40.4352,427,113880,0.0372312,0,1,52744,52317,427
201481,7.60937,16.1741,429,115340,0.0148925,0,1,52746,52317,429
204401,4.24375,7.66962,429,116800,0.00595699,0.12,1,52748,52319,429
207321,132.498,133.268,430,118260,0.0023828,0.12,1,52966,52536,430
210241,54.199,53.3071,432,119720,0.000953119,0.06,1,52968,52536,432
213161,22.8796,23.1229,431,121180,0.0483812,0,1,52970,52539,431
216081,10.3518,11.6491,429,122640,0.0433525,0,1,52972,52543,429
230681,2.16232,1.62649,437,129940,0.0943703,0.18,1,52987,52550,437
245281,2.00166,0.719375,441,137240,0.0860608,0.32,1,52997,52556,441
248201,2.00066,2.08775,440,138700,0.0764243,0.34,1,52999,52559,440
259881,2.00002,5.41025,436,144540,0.223668,0.37,1,53007,52571,436
262801,6.80001,2.1641,446,146000,0.203467,0.39,1,53017,52571,446
271561,2.3072,0.810502,448,150380,0.0874219,0.37,1,53023,52575,448
274481,2.12288,1.5242,448,151840,0.0469688,0.33,1,53025,52577,448
277401,2.04915,1.80968,448,153300,0.0787875,0.33,1,53027,52579,448
280321,2.01966,0.723872,450,154760,0.067515,0.29,1,53029,52579,450
289081,2.00126,1.43833,449,159140,0.236881,0.56,1,53035,52586,449
292001,2.0005,1.77533,449,160600,0.244752,0.58,1,53037,52588,449
294921,2.0002,1.91013,449,162060,0.223901,0.58,1,53039,52590,449
303681,72.2,89.4023,422,166440,0.0584897,0,1,53162,52740,422
306601,30.08,35.7609,424,167900,0.0233959,0,1,53164,52740,424
309521,13.232,15.5044,424,169360,0.00935834,0,1,53166,52742,424
312441,6.4928,7.40174,424,170820,0.00374334,0,1,53168,52744,424
315361,7.99712,2.9607,433,172280,0.00149733,0,1,53177,52744,433
318281,4.39885,2.38428,433,173740,0.000598934,0,1,53179,52746,433
321201,2.95954,2.15371,433,175200,0.000239574,0,1,53181,52748,433
322661,121.784,0.861485,634,176660,0.0600958,0,1,53382,52748,634
325581,54.1135,131.145,425,178120,0.0600383,0,1,53391,52966,425
328501,22.8454,52.4578,427,179580,0.0360153,0,1,53393,52966,427
331421,10.3382,22.1831,427,181040,0.0624061,0.08,1,53395,52968,427
334341,5.33527,10.0733,427,182500,0.0489625,0.08,1,53397,52970,427
336341,2.73411,4.0293,428,183960,0.031585,0.12,1,53398,52970,428
339261,2.29364,4.01172,426,185420,0.012634,0.14,1,53400,52974,426
342181,5.11746,4.60469,428,186880,0.0950536,0.14,1,53407,52979,428
347781,3.69879,1.93675,432,189800,0.0836086,0.14,1,53413,52981,432
350701,2.67952,5.5747,426,191260,0.0454434,0.14,1,53415,52989,426
353621,2.27181,2.22988,428,192720,0.0181774,0.14,1,53417,52989,428
371101,2.00111,0.681134,433,201480,0.0707669,0.08,1,53429,52996,433
392921,7.18206,5.31685,428,213160,0.233745,0.04,1,53452,53024,428
395841,4.07282,2.12674,430,214620,0.231498,0.04,1,53454,53024,430
398761,2.82913,0.850696,432,216080,0.206599,0.04,1,53456,53024,432
415381,1.98804,0.349084,434,224840,0.236302,0.21,1,53467,53033,434
418301,1.99521,3.73963,430,226300,0.232521,0.21,1,53469,53039,430
421221,1.99809,1.49585,432,227760,0.207008,0.21,1,53471,53039,432
431601,1.36155,0.806294,430,233600,0.217507,0,1,53477,53047,430
434521,70.1446,74.7225,422,235060,0.087003,0,1,53593,53171,422
437441,29.2578,29.889,424,236520,0.0348012,0,1,53595,53171,424
440361,12.9031,11.9556,426,237980,0.0139205,0,1,53597,53171,426
443041,6.36126,4.78224,428,239440,0.00556819,0,1,53599,53171,428
445961,7.9445,7.3129,428,240900,0.00222728,0,1,53608,53180,428
448881,4.3778,2.92516,430,242360,0.00089091,0,1,53610,53180,430
450741,2.35112,1.17006,431,243820,0.000356364,0.08,1,53611,53180,431
451361,120.94,3.46803,626,245280,0.0841426,0.08,1,53811,53185,626
461561,8.68808,15.6408,424,251120,0.07905,0.15,1,53831,53407,424
464481,5.87523,6.25631,428,252580,0.04362,0.15,1,53835,53407,428
467401,3.55009,2.50252,430,254040,0.077448,0.15,1,53837,53407,430
470081,2.62004,1.00101,432,255500,0.0669792,0.22,1,53839,53407,432
473001,4.04801,7.6004,425,256960,0.0807917,0.22,1,53844,53419,425
475921,2.81921,3.04016,427,258420,0.0563167,0.22,1,53846,53419,427
478841,2.32768,1.21606,429,259880,0.0225267,0.22,1,53848,53419,429
481761,2.13107,0.486426,431,261340,0.00901067,0.22,1,53850,53419,431
484641,2.05243,0.19457,433,262800,0.00360427,0.09,1,53852,53419,433
487561,2.02097,4.87783,427,264260,0.0614417,0.09,1,53854,53427,427
499001,2.00054,4.32487,428,270100,0.0918609,0.16,1,53862,53434,428
509401,1.76001,4.31072,428,275940,0.0998876,0.17,1,53869,53441,428
512321,1.90401,1.72429,430,277400,0.0639551,0.17,1,53871,53441,430
515241,1.9616,0.689715,432,278860,0.025582,0.17,1,53873,53441,432
517921,1.98464,0.275886,434,280320,0.0102328,0.19,1,53875,53441,434
540841,2.00269,0.168526,433,292000,0.0882214,0.29,1,53899,53466,433
542881,1.40108,0.0674105,434,293460,0.0592886,0.13,1,53900,53466,434
545801,1.76043,4.82696,428,294920,0.0237154,0.13,1,53902,53474,428
548721,1.90417,1.93079,430,296380,0.0694862,0.13,1,53904,53474,430
551641,1.96167,0.772314,432,297840,0.0637945,0.13,1,53906,53474,432
554321,1.98467,0.308926,434,299300,0.0375178,0.16,1,53908,53474,434
560161,1.99755,2.20943,429,302220,0.200403,0.16,1,53912,53483,429
562641,1.39902,0.883771,430,303680,0.200161,0,1,53913,53483,430
565561,67.1596,71.7535,422,305140,0.0800644,0,1,54024,53602,422
568481,28.0638,28.7014,424,306600,0.0320258,0,1,54026,53602,424
571401,12.4255,11.4806,426,308060,0.0128103,0,1,54028,53602,426
574081,6.17021,4.59222,428,309520,0.00512412,0.11,1,54030,53602,428
577001,12.6681,14.4369,424,310980,0.0380496,0.11,1,54047,53623,424
579921,6.26723,5.77476,426,312440,0.0272199,0.11,1,54049,53623,426
582821,116.507,2.3099,616,313900,0.0108879,0.08,1,54239,53623,616
584481,47.2028,115.524,426,315360,0.00435518,0.1,1,54240,53814,426
586561,21.8811,52.2096,421,316820,0.0857421,0.04,1,54245,53824,421
602581,4.77788,0.647002,432,325580,0.0698245,0.04,1,54274,53842,432
604661,2.51115,2.6588,429,327040,0.0279298,0.11,1,54275,53846,429
607581,2.20446,5.26352,424,328500,0.0771719,0.11,1,54277,53853,424
610501,2.08178,2.10541,426,329960,0.0728688,0.11,1,54279,53853,426
613421,2.03271,0.842163,428,331420,0.0411475,0.11,1,54281,53853,428
615681,1.41309,0.336865,429,332880,0.016459,0.14,1,54282,53853,429
618601,4.16523,7.93475,422,334340,0.0665836,0.14,1,54288,53866,422
621521,2.86609,3.1739,424,335800,0.0626334,0.14,1,54290,53866,424
638161,1.90755,2.173,426,344560,0.0844485,0,1,54301,53875,426
641081,1.96302,0.8692,428,346020,0.0457794,0,1,54303,53875,428
644001,1.98521,0.34768,430,347480,0.0183118,0,1,54305,53875,430
645841,1.39408,0.139072,431,348940,0.00732471,0.23,1,54306,53875,431
653341,3.92922,8.8649,423,353320,0.0532688,0.07,1,54322,53899,423
656261,2.77169,3.54596,425,354780,0.0213075,0.07,1,54324,53899,425
673101,1.76316,3.61452,430,363540,0.0857039,0.08,1,54335,53905,430
695141,63.7937,0.171329,537,375220,0.0720442,0,1,54453,53916,537
698061,26.7175,69.6685,423,376680,0.0288177,0,1,54455,54032,423
700981,11.887,27.8674,425,378140,0.0115271,0,1,54457,54032,425
703901,5.9548,11.147,427,379600,0.00461083,0,1,54459,54032,427
706581,11.9819,4.45879,443,381060,0.0738443,0.12,1,54475,54032,443
709501,5.99277,14.3835,424,382520,0.0775377,0.12,1,54477,54053,424
714701,49.6788,121.701,425,385440,0.089206,0.16,1,54677,54252,425
717601,21.0715,48.6805,427,386900,0.0596824,0.17,1,54679,54252,427
732181,3.27817,4.31353,426,394200,0.0738495,0.02,1,54707,54281,426
735101,2.51127,1.72541,428,395660,0.0655398,0.02,1,54709,54281,428
738021,2.20451,0.690164,430,397120,0.0382159,0.02,1,54711,54281,430
740941,2.0818,0.276066,432,398580,0.0152864,0.02,1,54713,54281,432
742981,3.83272,0.110426,437,400040,0.0421145,0.14,1,54718,54281,437
745901,2.73309,9.64417,423,401500,0.0288458,0.14,1,54720,54297,423
748821,2.29324,3.85767,425,402960,0.0715383,0.14,1,54722,54297,425
751741,2.11729,1.54307,427,404420,0.0646153,0.14,1,54724,54297,427
754661,2.04692,0.617227,429,405880,0.0378461,0.14,1,54726,54297,429
757581,2.01877,0.246891,431,407340,0.0151385,0.14,1,54728,54297,431
760501,2.00751,0.0987563,433,408800,0.0780554,0.14,1,54730,54297,433
762741,1.403,0.0395025,434,410260,0.0912222,0.08,1,54731,54297,434
765441,1.7612,1.8158,433,411720,0.0724889,0.19,1,54733,54300,433
768361,2.50448,9.12632,422,413180,0.0289955,0.19,1,54736,54314,422
771281,2.20179,3.65053,424,414640,0.0115982,0.19,1,54738,54314,424
774201,2.08072,1.46021,426,416100,0.00463929,0.19,1,54740,54314,426
778961,1.41291,0.233634,429,419020,0.207142,0.18,1,54743,54314,429
784801,3.10607,2.67738,427,421940,0.0931428,0.18,1,54752,54325,427
787281,1.84243,1.07095,428,423400,0.0612571,0.08,1,54753,54325,428
800801,1.45983,0.149207,432,430700,0.204378,0.15,1,54766,54334,432
803721,1.78393,4.25968,427,432160,0.201751,0.15,1,54768,54341,427
806641,1.91357,1.70387,429,433620,0.2247,0.15,1,54770,54341,429
809561,1.96543,0.681549,431,435080,0.20988,0.15,1,54772,54341,431
819521,1.36071,0.593448,431,440920,0.0823649,0.23,1,54778,54347,431
822441,1.74429,3.83738,427,442380,0.044946,0.23,1,54780,54353,427
824101,63.0977,1.53495,531,443840,0.0179784,0,1,54884,54353,531
827021,26.4391,66.614,423,445300,0.00719135,0,1,54886,54463,423
829941,11.7756,26.6456,425,446760,0.00287654,0,1,54888,54463,425
832861,5.91025,10.6582,427,448220,0.00115062,0,1,54890,54463,427
835541,7.7641,4.26329,436,449680,0.000460247,0.08,1,54899,54463,436
837201,4.30564,10.1053,424,451140,0.000184099,0,1,54901,54477,424
840121,7.72226,8.24213,427,452600,7.36395e-05,0,1,54911,54484,427
840321,123.089,3.29685,627,454060,2.94558e-05,0.18,1,55111,54484,627
843241,49.8356,121.919,427,454060,1.17823e-05,0.18,1,55112,54685,427
853841,3.24859,6.00112,424,459900,0.0996483,0.07,1,55121,54697,424
856761,5.49944,7.80045,422,461360,0.201859,0.07,1,55128,54706,422
859681,3.39977,3.12018,424,462820,0.218744,0.07,1,55130,54706,424
861541,6.75991,1.24807,433,464280,0.207497,0.06,1,55139,54706,433
875901,3.24874,7.9971,423,471580,0.0643328,0.1,1,55154,54731,423
878821,2.4995,3.19884,425,473040,0.0257331,0.1,1,55156,54731,425
881741,2.1998,1.27954,427,474500,0.0102932,0.1,1,55158,54731,427
884661,2.07992,0.511814,429,475960,0.0041173,0.1,1,55160,54731,429
887581,2.03197,0.204726,431,477420,0.0856469,0.1,1,55162,54731,431
890501,2.01279,0.0818903,433,478880,0.0942588,0.1,1,55164,54731,433
892741,1.40511,0.0327561,434,480340,0.0857035,0.24,1,55165,54731,434
895661,1.76205,7.2131,424,481800,0.0582814,0.24,1,55167,54743,424
898581,1.90482,2.88524,426,483260,0.0953126,0.24,1,55169,54743,426
901501,1.96193,1.1541,428,484720,0.086125,0.24,1,55171,54743,428
904421,1.98477,0.461638,430,486180,0.05845,0.24,1,55173,54743,430
907341,1.99391,0.184655,432,487640,0.02338,0.24,1,55175,54743,432
909381,1.39756,0.0738621,433,489100,0.009352,0.08,1,55176,54743,433
912081,1.75903,4.82955,427,490560,0.0037408,0.22,1,55178,54751,427
952641,2.50405,3.1573,429,512460,0.0657891,0,1,55220,54791,429
955561,57.4016,61.8629,422,513920,0.0263157,0,1,55314,54892,422
958481,24.1606,24.7452,424,515380,0.0105263,0,1,55316,54892,424
961401,10.8643,9.89807,426,516840,0.0042105,0,1,55318,54892,426
963041,4.9457,3.95923,427,518300,0.0016842,0.06,1,55319,54892,427
965961,7.97828,10.5837,422,519760,0.000673681,0.06,1,55329,54907,422
968241,3.79131,4.23348,423,521220,0.000269472,0.02,1,55330,54907,423
970321,10.5165,9.49339,425,522680,0.000107789,0.18,1,55345,54920,425
973241,124.807,121.397,430,524140,4.31156e-05,0.18,1,55546,55116,430
976161,51.1226,48.5589,432,525600,1.72462e-05,0.18,1,55548,55116,432
984061,5.86385,9.70777,430,529980,0.225361,0.29,1,55557,55127,430
986341,2.94554,3.88311,431,531440,0.240144,0.17,1,55558,55127,431
989261,2.37822,5.15324,427,532900,0.222058,0.17,1,55560,55133,427
994461,4.46051,11.6245,423,535820,0.227529,0.1,1,55574,55151,423
997381,2.98421,4.64981,425,537280,0.217012,0.1,1,55576,55151,425
1000301,2.39368,1.85992,427,538740,0.254805,0.1,1,55578,55151,427
1001941,1.55747,0.743969,428,540200,0.251922,0,1,55579,55151,428
1004861,1.82299,3.89759,424,541660,0.226769,0,1,55581,55157,424
1018601,2.63179,1.38391,426,548960,0.0841333,0.08,1,55597,55171,426
1021521,2.25271,0.553564,428,550420,0.0456533,0.08,1,55599,55171,428
1024441,2.10109,0.221426,430,551880,0.0182613,0.08,1,55601,55171,430
1027361,2.04043,0.0885703,432,553340,0.0673045,0.08,1,55603,55171,432
1029601,1.41617,0.0354281,433,554800,0.0749218,0,1,55604,55171,433
1032521,1.76647,3.61417,429,556260,0.0539687,0,1,55606,55177,429
1035441,1.90659,1.44567,431,557720,0.0215875,0,1,55608,55177,431
1038361,1.96264,0.578267,433,559180,0.056635,0,1,55610,55177,433
1040001,1.38505,0.231307,434,560640,0.058654,0.22,1,55611,55177,434
1042921,1.75402,4.29252,429,562100,0.0354616,0.22,1,55613,55184,429
1044581,4.30161,1.71701,435,563560,0.0621846,0.23,1,55619,55184,435
1047501,2.92064,4.8868,430,565020,0.0488739,0.23,1,55621,55191,430
1049781,3.56826,1.95472,434,566480,0.0195495,0.18,1,55625,55191,434
1052701,2.6273,6.78189,426,567940,0.00781982,0.18,1,55627,55201,426
1055621,2.25092,2.71276,428,569400,0.00312793,0.18,1,55629,55201,428
1058541,2.10037,1.0851,430,570860,0.0852512,0.18,1,55631,55201,430
1063101,2.97606,9.17362,423,573780,0.0928402,0.12,1,55639,55216,423
1085141,55.3046,2.64601,516,585460,0.0498775,0,1,55743,55227,516
1088061,23.3219,58.0584,423,586920,0.019951,0,1,55745,55322,423
1090981,10.5287,23.2234,425,588380,0.00798039,0,1,55747,55322,425
1093901,5.4115,9.28934,427,589840,0.00319216,0,1,55749,55322,427
1095541,7.5646,3.71574,436,591300,0.00127686,0.06,1,55758,55322,436
1098461,4.22584,10.4863,423,592760,0.000510745,0.06,1,55760,55337,423
1100741,9.49034,4.19452,436,594220,0.0362043,0.14,1,55773,55337,436
1101361,123.796,10.6778,621,595680,0.0144817,0.22,1,55973,55352,621
1104281,54.9185,124.271,430,597140,0.0657927,0.22,1,55982,55552,430
1107201,23.1674,49.7084,432,598600,0.0623171,0.22,1,55984,55552,432
1109681,9.86695,19.8834,433,600060,0.0489268,0.28,1,55985,55552,433
1112601,6.94678,13.9534,428,601520,0.0195707,0.28,1,55990,55562,428
1128841,2.55786,1.88115,426,610280,0.0667426,0.21,1,56007,55581,426
1153581,2.24211,4.45793,423,623420,0.068695,0.06,1,56028,55605,423
1162101,5.6155,0.285307,435,627800,0.0778365,0.08,1,56040,55605,435
1167941,2.57848,3.40565,425,630720,0.0916538,0.08,1,56044,55619,425
1170861,2.23139,1.36226,427,632180,0.0606615,0.08,1,56046,55619,427
1173121,1.49256,0.544904,428,633640,0.0362646,0.16,1,56047,55619,428
1176041,4.79702,6.81796,424,635100,0.0385058,0.16,1,56054,55630,424
1178961,3.11881,2.72718,426,636560,0.0634023,0.16,1,56056,55630,426
1181881,2.44752,1.09087,428,638020,0.0493609,0.16,1,56058,55630,428
1184801,2.17901,0.436349,430,639480,0.0197444,0.16,1,56060,55630,430
1186641,1.4716,0.17454,431,640940,0.0438977,0.08,1,56061,55630,431
1189561,3.58864,5.46982,427,642400,0.0175591,0.08,1,56066,55639,427
1192261,4.43546,2.18793,432,643860,0.0310236,0.16,1,56071,55639,432
1195181,2.97418,7.47517,423,645320,0.0124095,0.16,1,56073,55650,423
1198101,2.38967,2.99007,425,646780,0.00496378,0.16,1,56075,55650,425
1201021,2.15587,1.19603,427,648240,0.00198551,0.16,1,56077,55650,427
1203941,2.06235,0.478411,429,649700,0.000794205,0.16,1,56079,55650,429
1216601,52.6502,55.2529,422,657000,0.0429969,0,1,56175,55753,422
1219521,22.2601,22.1012,424,658460,0.0171988,0,1,56177,55753,424
1222441,10.104,8.84046,426,659920,0.00687951,0,1,56179,55753,426
1224081,4.64161,3.53619,427,661380,0.0027518,0,1,56180,55753,427
1227001,4.25665,6.81447,422,662840,0.00110072,0,1,56184,55762,422
1229281,2.30266,2.72579,423,664300,0.000440288,0.09,1,56185,55762,423
1231361,11.1211,12.4903,421,665760,0.0601761,0.06,1,56202,55781,421
1234281,131.048,126.796,429,667220,0.0960705,0.06,1,56413,55984,429
1235941,56.0194,50.7184,435,668680,0.0804282,0.15,1,56419,55984,435
1238861,23.6077,28.0874,424,670140,0.0561713,0.15,1,56421,55997,424
1241781,10.6431,11.235,426,671600,0.0224685,0.15,1,56423,55997,426
1244701,5.45724,4.49398,428,673060,0.0089874,0.15,1,56425,55997,428
1247621,3.3829,1.79759,430,674520,0.00359496,0.15,1,56427,55997,430
1250541,2.55316,0.719037,432,675980,0.097438,0.15,1,56429,55997,432
1269661,1.97234,0.938906,428,686200,0.0660587,0.15,1,56446,56018,428
1286501,1.90389,1.77601,426,694960,0.0852843,0.12,1,56457,56031,426
1288981,4.36155,0.710402,432,696420,0.214114,0.13,1,56463,56031,432
1291901,2.94462,6.88416,423,697880,0.241645,0.13,1,56465,56042,423
1294181,1.77785,2.75366,424,699340,0.240658,0.06,1,56466,56042,424
1297101,1.91114,2.90147,423,700800,0.216263,0.06,1,56468,56045,423
1301881,2.34578,3.46423,422,703720,0.239802,0,1,56472,56050,422
1304161,1.53831,1.38569,423,705180,0.245921,0.08,1,56473,56050,423
1306241,3.61533,4.15428,422,706640,0.224368,0.06,1,56478,56056,422
1315001,3.25538,1.60987,426,711020,0.0755596,0.06,1,56496,56070,426
1317921,2.50215,0.643949,428,712480,0.0302238,0.06,1,56498,56070,428
1319761,1.60086,0.25758,429,713940,0.0720895,0.17,1,56499,56070,429
1322681,5.44034,9.10303,422,715400,0.0288358,0.17,1,56507,56085,422
1325601,3.37614,3.64121,424,716860,0.0115343,0.17,1,56509,56085,424
1328521,2.55046,1.45648,426,718320,0.00461373,0.17,1,56511,56085,426
1331441,2.22018,0.582594,428,719780,0.00184549,0.17,1,56513,56085,428
1334361,2.08807,0.233038,430,721240,0.000738197,0.17,1,56515,56085,430
1337281,2.03523,0.093215,432,722700,0.0362953,0.17,1,56517,56085,432
1346181,44.2265,2.54639,501,728540,0.0587212,0,1,56599,56098,501
1349101,18.8906,49.0186,423,730000,0.0234885,0,1,56601,56178,423
1351381,12.9562,19.6074,432,731460,0.00939538,0.06,1,56610,56178,432
1354301,6.3825,14.443,423,732920,0.00375815,0.06,1,56612,56189,423
1357221,3.753,5.77719,425,734380,0.00150326,0.06,1,56614,56189,425
1360141,2.7012,2.31087,427,735840,0.000601304,0.06,1,56616,56189,427
1361781,12.4805,0.92435,446,737300,0.0482405,0.12,1,56635,56189,446
1362401,124.992,15.3697,621,738760,0.0312962,0,1,56835,56214,621
1365321,60.1969,132.748,427,740220,0.0245185,0,1,56852,56425,427
1368241,25.2787,53.0992,429,741680,0.0698074,0,1,56854,56425,429
1371161,11.3115,21.2397,431,743140,0.069923,0,1,56856,56425,431
1372801,5.1246,8.49586,432,744600,0.0579692,0.23,1,56857,56425,432
1375721,3.24984,10.5983,422,746060,0.0231877,0.23,1,56859,56437,422
1378641,2.49994,4.23934,424,747520,0.0452751,0.23,1,56861,56437,424
1381561,2.19997,1.69574,426,748980,0.07211,0.23,1,56863,56437,426
1383201,1.47999,0.678294,427,750440,0.088844,0.17,1,56864,56437,427
1386121,6.592,9.27132,422,751900,0.0355376,0.17,1,56874,56452,422
1414841,1.96208,0.672972,434,766500,0.0994607,0.02,1,56893,56459,434
1417521,1.98483,0.269189,436,767960,0.0637843,0.24,1,56895,56459,436
1420441,1.99393,4.30768,431,769420,0.0255137,0.24,1,56897,56466,431
1422721,1.39757,1.72307,432,770880,0.0102055,0.26,1,56898,56466,432
1425641,1.75903,6.68923,424,772340,0.00408219,0.26,1,56900,56476,424
1428561,1.90361,2.67569,426,773800,0.00163288,0.26,1,56902,56476,426
1441661,6.94301,16.1074,425,781100,0.0748583,0,1,56932,56507,425
1444581,3.9772,6.44296,427,782560,0.0899433,0,1,56934,56507,427
1447501,2.79088,2.57718,429,784020,0.0719773,0,1,56936,56507,429
1450421,2.31635,1.03087,431,785480,0.0407909,0,1,56938,56507,431
1452261,1.52654,0.412349,432,786940,0.0163164,0,1,56939,56507,432
1455181,1.81062,4.96494,426,788400,0.00652655,0,1,56941,56515,426
1458101,1.92425,1.98598,428,789860,0.00261062,0,1,56943,56515,428
1461021,1.9697,0.79439,430,791320,0.0250442,0,1,56945,56515,430
1463701,4.38788,0.317756,436,792780,0.0460177,0.12,1,56951,56515,436
1466621,2.95515,9.1271,423,794240,0.0304071,0.12,1,56953,56530,423
1469541,2.38206,3.65084,425,795700,0.0121628,0.12,1,56955,56530,425
1472461,2.15282,1.46034,427,797160,0.00486513,0.12,1,56957,56530,427
1474101,1.46113,0.584134,428,798620,0.00194605,0.08,1,56958,56530,428
1476181,45.5845,1.43365,501,800080,0.000778421,0,1,57033,56532,501
1479101,19.4338,48.5735,423,801540,0.000311368,0,1,57035,56612,423
1482001,8.97351,19.4294,425,803000,0.000124547,0.08,1,57037,56612,425
1484921,8.3894,14.3718,422,804460,4.98189e-05,0.08,1,57045,56623,422
1487841,4.55576,5.7487,424,805920,1.99276e-05,0.08,1,57047,56623,424
1490321,2.4223,2.29948,425,807380,7.97103e-06,0.16,1,57048,56623,425
1492401,12.9689,14.1198,423,808840,3.18841e-06,0.14,1,57068,56645,423
1494901,131.188,125.648,433,810300,1.27536e-06,0.11,1,57278,56845,433
1505741,5.4992,4.57979,427,816140,0.209328,0.1,1,57291,56864,427
1508661,3.39968,1.83191,429,817600,0.209731,0.1,1,57293,56864,429
1515701,3.88958,3.11724,433,821980,0.0957428,0.21,1,57302,56869,433
1517781,2.15583,4.8469,428,823440,0.0562971,0.2,1,57303,56875,428
1520701,2.06233,4.33876,426,824900,0.0225188,0.2,1,57305,56879,426
1522561,1.42493,1.7355,427,826360,0.00900754,0.08,1,57306,56879,427
1553761,1.98506,0.231354,435,842420,0.0911746,0.27,1,57334,56899,435
1556681,1.99402,7.29254,425,843880,0.0604698,0.27,1,57336,56911,425
1559601,1.99761,2.91702,427,845340,0.0241879,0.27,1,57338,56911,427
1562521,1.99904,1.16681,429,846800,0.00967517,0.27,1,57340,56911,429
1565441,1.99962,0.466723,431,848260,0.00387007,0.27,1,57342,56911,431
1572481,3.70398,5.30987,423,852640,0.213608,0.02,1,57356,56933,423
1583521,4.02122,3.44793,424,858480,0.0859644,0.06,1,57375,56951,424
1586441,2.80849,1.37917,426,859940,0.0763857,0.06,1,57377,56951,426
1589361,2.3234,0.551669,428,861400,0.0425543,0.06,1,57379,56951,428
1591201,1.52936,0.220668,429,862860,0.0170217,0,1,57380,56951,429
1594121,1.81174,3.08827,426,864320,0.0308087,0,1,57382,56956,426
1597041,1.9247,1.23531,428,865780,0.0123235,0,1,57384,56956,428
1599961,1.96988,0.494123,430,867240,0.00492939,0,1,57386,56956,430
1602021,1.38795,0.197649,431,868700,0.00197176,0.17,1,57387,56956,431
1604721,1.75518,3.67906,427,870160,0.000788702,0,1,57389,56962,427
1607641,44.5021,48.2716,422,871620,0.000315481,0,1,57462,57040,422
1610561,19.0008,19.3086,424,873080,0.000126192,0,1,57464,57040,424
1613041,8.20033,7.72346,425,874540,5.04769e-05,0,1,57465,57040,425
1615961,6.88013,8.48938,422,876000,2.01908e-05,0,1,57471,57049,422
1618881,3.95205,3.39575,424,877460,8.07631e-06,0,1,57473,57049,424
1621361,2.18082,1.3583,425,878920,3.23052e-06,0.08,1,57474,57049,425
1623441,17.6723,19.7433,421,880380,0.0600013,0.22,1,57502,57081,421
1637201,5.61648,3.91161,428,887680,0.0676032,0.09,1,57728,57300,428
1640121,3.44659,1.56464,430,889140,0.0750413,0.09,1,57730,57300,430
1643041,2.57864,0.625858,432,890600,0.0540165,0.09,1,57732,57300,432
1645701,2.23145,0.250343,434,892060,0.0216066,0.03,1,57734,57300,434
1647781,4.49258,1.90014,437,893520,0.0206426,0.22,1,57740,57303,437
1650701,2.99703,6.16005,430,894980,0.00825706,0.22,1,57742,57312,430
1653601,2.39881,2.46402,432,896440,0.00330282,0.2,1,57744,57312,432
1656521,2.15953,5.18561,427,897900,0.00132113,0.2,1,57746,57319,427
1658801,1.46381,2.07424,428,899360,0.000528452,0.11,1,57747,57319,428
1661721,4.78552,8.6297,422,900820,0.0602114,0.11,1,57754,57332,422
1664641,3.11421,3.45188,424,902280,0.0600846,0.11,1,57756,57332,424
1667561,2.44568,1.38075,426,903740,0.0360338,0.11,1,57758,57332,426
1684401,1.90583,0.965656,433,912500,0.0867972,0.04,1,57769,57336,433
1686261,1.36233,0.386262,434,913960,0.0587189,0.22,1,57770,57336,434
1689181,1.74493,5.5545,427,915420,0.0834875,0.22,1,57772,57345,427
1692101,1.89797,2.2218,429,916880,0.069395,0.22,1,57774,57345,429
1695021,1.95919,0.888721,431,918340,0.039758,0.22,1,57776,57345,431
1697941,1.98368,0.355488,433,919800,0.0999032,0.22,1,57778,57345,433
1699781,4.39347,0.142195,439,921260,0.0519613,0.18,1,57784,57345,439
1702701,2.95739,9.05688,426,922720,0.0207845,0.18,1,57786,57360,426
1704981,1.78296,3.62275,427,924180,0.0083138,0.12,1,57787,57360,427
1707061,1.31318,3.2491,425,925640,0.00332552,0.17,1,57788,57363,425
1711641,7.65011,9.03986,422,928560,0.0965321,0.02,1,57801,57379,422
1714561,4.26004,3.61594,424,930020,0.0626128,0.02,1,57803,57379,424
1717041,2.30402,1.44638,425,931480,0.0370451,0,1,57804,57379,425
1719961,8.72161,10.1786,422,932940,0.0928181,0,1,57817,57395,422
1722881,4.68864,4.07142,424,934400,0.0851272,0,1,57819,57395,424
1725801,3.07546,1.62857,426,935860,0.0580509,0,1,57821,57395,426
1728721,2.43018,0.651427,428,937320,0.0232204,0,1,57823,57395,428
1731641,2.17207,0.260571,430,938780,0.00928814,0,1,57825,57395,430
1734561,2.06883,0.104228,432,940240,0.00371526,0,1,57827,57395,432
1737221,38.0275,0.0416913,494,941700,0.0014861,0,1,57889,57395,494
1740141,16.411,43.8167,423,943160,0.000594441,0,1,57891,57468,423
1743061,7.7644,17.5267,425,944620,0.000237776,0,1,57893,57468,425
1745541,6.10576,7.01067,430,946080,9.51105e-05,0,1,57898,57468,430
1748461,3.6423,8.20427,423,947540,3.80442e-05,0,1,57900,57477,423
1751381,2.65692,3.28171,425,949000,1.52177e-05,0,1,57902,57477,425
1753861,20.8628,1.31268,458,950460,6.08707e-06,0,1,57935,57477,458
1774901,2.35692,1.06629,429,960680,0.0855073,0.04,1,58168,57739,429
1777781,2.74277,0.426516,432,962140,0.0342029,0,1,58171,57739,432
1780701,3.49711,5.57061,427,963600,0.0136812,0,1,58175,57748,427
1783621,2.59884,2.22824,429,965060,0.00547246,0,1,58177,57748,429
1786541,2.23954,0.891297,431,966520,0.00218899,0,1,58179,57748,431
1789461,2.09581,0.356519,433,967980,0.000875594,0,1,58181,57748,433
1799621,1.96405,1.16113,428,973820,0.0803744,0.1,1,58188,57760,428
1802541,1.98562,4.66445,423,975280,0.0441498,0.1,1,58190,57767,423
1805461,1.99425,1.86578,425,976740,0.0536599,0.1,1,58192,57767,425
1831041,3.34695,3.86752,424,989880,0.0843298,0.1,1,58218,57794,424
1833961,2.53878,1.54701,426,991340,0.0457319,0.1,1,58220,57794,426
1836881,2.21551,0.618804,428,992800,0.0182928,0.1,1,58222,57794,428
1839761,2.0862,0.247521,430,994260,0.0913171,0.23,1,58224,57794,430
1851001,12.6774,14.8671,422,1000100,0.0786577,0,1,58252,57830,422
1853921,6.27096,5.94685,424,1001560,0.0434631,0,1,58254,57830,424
1856841,3.70838,2.37874,426,1003020,0.0173852,0,1,58256,57830,426
1859761,2.68335,0.951497,428,1004480,0.00695409,0,1,58258,57830,428
1862681,2.27334,0.380599,430,1005940,0.00278164,0,1,58260,57830,430
1864721,1.50934,0.152239,431,1007400,0.00111265,0,1,58261,57830,431
1867641,37.2037,42.0609,422,1008860,0.000445062,0,1,58322,57900,422
1870561,16.0815,16.8244,424,1010320,0.000178025,0,1,58324,57900,424
1873481,7.6326,6.72974,426,1011780,7.12099e-05,0,1,58326,57900,426
1876161,4.25304,2.6919,428,1013240,2.8484e-05,0,1,58328,57900,428
1879081,2.90122,5.87676,422,1014700,1.13936e-05,0,1,58330,57908,422
1882001,2.36049,2.3507,424,1016160,4.55743e-06,0,1,58332,57908,424
1883861,21.9442,0.940281,459,1017620,1.82297e-06,0,1,58367,57908,459
1884481,128.778,23.1761,621,1019080,0.0540007,0.07,1,58567,57946,621
1886981,58.1111,125.67,438,1019080,0.0816003,0.13,1,58578,58140,438
1889901,24.4444,57.4682,428,1020540,0.0686401,0.13,1,58580,58152,428
1892181,16.9778,22.9873,440,1022000,0.027456,0,1,58592,58152,440
1900941,2.95858,3.29518,427,1026380,0.210797,0,1,58598,58171,427
1912581,2.31254,2.72436,427,1032220,0.0837324,0.18,1,58609,58182,427
1915501,2.12502,1.08974,429,1033680,0.045493,0.18,1,58611,58182,429
1918421,2.05001,0.435897,431,1035140,0.0181972,0.18,1,58613,58182,431
1921301,2.02,0.174359,433,1036600,0.0672789,0.12,1,58615,58182,433
1924221,2.008,1.86974,432,1038060,0.0629115,0.12,1,58617,58185,432
1926501,1.4032,0.747897,433,1039520,0.0491646,0.23,1,58618,58185,433
1929421,1.76128,5.09916,427,1040980,0.0196658,0.23,1,58620,58193,427
1932341,1.90451,2.03966,429,1042440,0.00786634,0.23,1,58622,58193,429
1935261,1.9618,0.815865,431,1043900,0.00314654,0.23,1,58624,58193,431
1943781,1.99756,2.45222,427,1048280,0.219081,0.09,1,58630,58203,427
1946261,3.19902,0.980886,431,1049740,0.207633,0.15,1,58634,58203,431
1955021,2.07674,1.02278,427,1054120,0.204808,0.15,1,58640,58213,427
1960621,3.21228,6.16364,426,1057040,0.0759694,0.14,1,58649,58223,426
1969141,3.87759,0.394473,435,1061420,0.097502,0.17,1,58658,58223,435
1972061,2.75103,7.95779,424,1062880,0.0510008,0.17,1,58660,58236,424
1974981,2.30041,3.18312,426,1064340,0.0204003,0.17,1,58662,58236,426
1977901,2.12017,1.27325,428,1065800,0.0921601,0.17,1,58664,58236,428
1980581,14.0481,0.509298,450,1067260,0.0608641,0,1,58686,58236,450
1983501,6.81923,17.6037,423,1068720,0.0243456,0,1,58688,58265,423
1986421,3.92769,7.04149,425,1070180,0.00973825,0,1,58690,58265,425
1989341,2.77108,2.8166,427,1071640,0.0038953,0,1,58692,58265,427
1992261,2.30843,1.12664,429,1073100,0.00155812,0,1,58694,58265,429
1995181,2.12337,0.450655,431,1074560,0.000623248,0,1,58696,58265,431
1997221,32.6493,0.180262,484,1076020,0.000249299,0,1,58749,58265,484
2000141,14.2597,37.8721,423,1077480,9.97196e-05,0,1,58751,58328,423
2003061,6.9039,15.1488,425,1078940,3.98878e-05,0,1,58753,58328,425
2005541,3.36156,6.05954,426,1080400,1.59551e-05,0,1,58754,58328,426
2008461,2.54462,4.22381,425,1081860,6.38205e-06,0,1,58756,58331,425
2010741,2.81785,1.68953,428,1083320,2.55282e-06,0.1,1,58759,58331,428
2012401,1.72714,4.87581,422,1084780,1.02113e-06,0,1,58760,58338,422
2014481,24.6909,26.5503,421,1086240,0.0360004,0.1,1,58800,58379,421
2016981,139.476,129.42,439,1087700,0.0144002,0,1,59016,58577,439
2019901,56.9905,57.768,431,1089160,0.00576006,0,1,59018,58587,431
2022181,23.3962,23.1072,432,1090620,0.00230403,0.22,1,59019,58587,432
2025101,10.5585,14.0429,426,1092080,0.00092161,0.22,1,59021,58595,426
2035701,5.2959,1.2235,432,1097920,0.0683756,0.1,1,59036,58604,432
2038621,3.31836,7.0894,423,1099380,0.0633502,0.1,1,59038,58615,423
2041541,2.52734,2.83576,425,1100840,0.0373401,0.1,1,59040,58615,425
2053181,3.4535,2.4726,432,1106680,0.0405079,0.02,1,59051,58619,432
2056101,2.5814,0.989038,434,1108140,0.0162032,0.02,1,59053,58619,434
2058581,1.63256,0.395615,435,1109600,0.00648126,0.14,1,59054,58619,435
2061501,1.85302,5.55825,428,1111060,0.0745925,0.14,1,59056,58628,428
2064421,1.94121,2.2233,430,1112520,0.077837,0.14,1,59058,58628,430
2067341,1.97648,0.889319,432,1113980,0.0551348,0.14,1,59060,58628,432
2070021,1.99059,0.355728,434,1115440,0.0700539,0.24,1,59062,58628,434
2072941,1.99624,7.34229,424,1116900,0.0520216,0.24,1,59064,58640,424
2075861,1.99849,2.93692,426,1118360,0.0208086,0.24,1,59066,58640,426
2078781,1.9994,1.17477,428,1119820,0.00832345,0.24,1,59068,58640,428
2081701,1.99976,0.469907,430,1121280,0.00332938,0.24,1,59070,58640,430
2087501,2.47996,7.87519,423,1124200,0.203333,0.16,1,59076,58653,423
2104341,3.39397,0.896257,433,1132960,0.0606562,0.15,1,59095,58662,433
2107261,2.55759,4.5585,428,1134420,0.0242625,0.15,1,59097,58669,428
2112461,5.44921,14.5294,423,1137340,0.209082,0,1,59115,58692,423
2123281,2.4723,2.29195,424,1143180,0.0577685,0,1,59124,58700,424
2125761,1.58892,0.916781,425,1144640,0.0231074,0,1,59125,58700,425
2128681,34.8356,36.3667,422,1146100,0.00924296,0,1,59182,58760,422
2131601,15.1342,14.5467,424,1147560,0.00369718,0,1,59184,58760,424
2134521,7.25369,5.81867,426,1149020,0.00147887,0,1,59186,58760,426
2137441,4.10148,2.32747,428,1150480,0.000591549,0,1,59188,58760,428
2140361,2.84059,0.930988,430,1151940,0.00023662,0,1,59190,58760,430
2142821,2.33624,0.372395,432,1153400,9.46479e-05,0.2,1,59192,58760,432
2144901,23.1345,6.74896,458,1154860,0.0360379,0,1,59229,58771,458
2145521,129.254,24.8996,621,1156320,0.0384151,0,1,59429,58808,621
2148441,61.9015,136.56,427,1156320,0.0153661,0,1,59446,59019,427
2150721,25.3606,54.6239,428,1157780,0.0181464,0.13,1,59447,59019,428
2153641,13.7442,29.0496,422,1159240,0.0432586,0.13,1,59453,59031,422
2156561,6.6977,11.6198,424,1160700,0.0293034,0.13,1,59455,59031,424
2159481,3.87908,4.64793,426,1162160,0.0117214,0.13,1,59457,59031,426
2162401,2.75163,1.85917,428,1163620,0.0286885,0.13,1,59459,59031,428
2164241,1.70065,0.743669,429,1165080,0.0234754,0.14,1,59460,59031,429
2180481,1.92735,1.76292,424,1173840,0.0673614,0,1,59475,59051,424
2182341,5.57094,0.705167,432,1175300,0.0269446,0.08,1,59483,59051,432
2185261,3.42838,6.88207,423,1176760,0.0107778,0.08,1,59485,59062,423
2188181,2.57135,2.75283,425,1178220,0.00431113,0.08,1,59487,59062,425
2191101,2.22854,1.10113,427,1179680,0.00172445,0.08,1,59489,59062,427
2198981,3.21463,0.0704723,435,1184060,0.0869904,0.27,1,59497,59062,435
2201901,2.48585,7.22819,425,1185520,0.0467961,0.27,1,59499,59074,425
2204821,2.19434,2.89128,427,1186980,0.0187185,0.27,1,59501,59074,427
2207741,2.07774,1.15651,429,1188440,0.00748738,0.27,1,59503,59074,429
2210661,2.03109,0.462604,431,1189900,0.00299495,0.27,1,59505,59074,431
2213541,3.81244,0.185042,436,1191360,0.085198,0.14,1,59510,59074,436
2216461,2.72498,9.07402,423,1192820,0.0940792,0.14,1,59512,59089,423
2231021,3.20742,3.69292,432,1200120,0.0829666,0.02,1,59527,59095,432
2232881,1.88297,1.47717,433,1201580,0.0571866,0,1,59528,59095,433
2234961,1.95319,1.79087,433,1203040,0.0228746,0.25,1,59530,59097,433
2237881,3.18128,3.71635,432,1204500,0.0871499,0.25,1,59534,59102,432
2249941,4.4889,0.729255,433,1211800,0.0785756,0.12,1,59553,59120,433
2252861,2.99556,7.4917,423,1213260,0.0434302,0.12,1,59555,59132,423
2255781,2.39822,2.99668,425,1214720,0.0173721,0.12,1,59557,59132,425
2258261,30.9593,1.19867,475,1216180,0.0309488,0,1,59607,59132,475
2261181,13.5837,32.8795,423,1217640,0.0123795,0,1,59609,59186,423
2263461,6.03349,13.1518,424,1219100,0.00495181,0,1,59610,59186,424
2265121,3.01339,6.46071,423,1220560,0.00198073,0.07,1,59611,59188,423
2268041,7.20536,9.18429,422,1222020,0.00079229,0.07,1,59621,59199,422
2270961,4.08214,3.67371,424,1223480,0.000316916,0.07,1,59623,59199,424
2273441,2.23286,1.46949,425,1224940,0.000126766,0,1,59624,59199,425
2275521,21.2931,23.3878,421,1226400,5.07066e-05,0,1,59658,59237,421
2278021,139.917,129.955,439,1227860,0.0420203,0.02,1,59877,59438,439
2280941,58.3669,62.182,426,1229320,0.0888081,0.02,1,59881,59455,426
2283841,25.1468,24.8728,429,1230780,0.0715232,0,1,59884,59455,429
2286761,11.2587,11.1491,429,1232240,0.0706093,0,1,59886,59457,429
2288421,5.10348,4.45965,430,1233700,0.0522437,0.17,1,59887,59457,430
2291341,3.24139,7.18386,423,1235160,0.0208975,0.17,1,59889,59466,423
2294261,2.49656,2.87354,425,1236620,0.00835899,0.17,1,59891,59466,425
2296741,6.39862,1.14942,434,1238080,0.0153436,0.06,1,59900,59466,434
2299661,3.75945,8.25977,423,1239540,0.0301374,0.06,1,59902,59479,423
2302581,2.70378,3.30391,425,1241000,0.012055,0.06,1,59904,59479,425
2305501,2.28151,1.32156,427,1242460,0.076822,0.06,1,59906,59479,427
2308421,2.1126,0.528625,429,1243920,0.0787288,0.06,1,59908,59479,429
2310881,1.44504,0.21145,430,1245380,0.0674915,0.1,1,59909,59479,430
2313801,5.37802,9.68458,422,1246840,0.0269966,0.1,1,59917,59495,422
2316721,3.35121,3.87383,424,1248300,0.0947987,0.1,1,59919,59495,424
2319641,2.54048,1.54953,426,1249760,0.0979195,0.1,1,59921,59495,426
2322561,2.21619,0.619813,428,1251220,0.0751678,0.1,1,59923,59495,428
2325481,2.08648,0.247925,430,1252680,0.0420671,0.1,1,59925,59495,430
2327521,1.43459,0.0991701,431,1254140,0.0168268,0,1,59926,59495,431
2330441,1.77384,4.83967,425,1255600,0.00673074,0,1,59928,59503,425
2333361,1.90953,1.93587,427,1257060,0.0626923,0,1,59930,59503,427
2335841,1.36381,0.774347,428,1258520,0.0730769,0.1,1,59931,59503,428
2338761,3.54553,5.70974,424,1259980,0.0292308,0.1,1,59936,59512,424
2341681,2.61821,2.2839,426,1261440,0.0116923,0.1,1,59938,59512,426
2344161,1.64728,0.913558,427,1262900,0.00467692,0.09,1,59939,59512,427
2347081,3.05891,5.76542,422,1264360,0.0978708,0.09,1,59943,59521,422
2352921,2.16943,0.922468,426,1267280,0.0924593,0.09,1,59947,59521,426
2358521,5.02711,4.3476,428,1270200,0.0867935,0.04,1,59956,59528,428
2361441,3.21084,1.73904,430,1271660,0.0467174,0.04,1,59958,59528,430
2363301,3.68434,0.695615,434,1273120,0.018687,0.16,1,59962,59528,434
2366221,2.67373,5.67825,427,1274580,0.00747478,0.16,1,59964,59537,427
2371001,6.0678,9.90852,422,1277500,0.214796,0.08,1,59974,59552,422
2373921,3.62712,3.96341,424,1278960,0.217918,0.08,1,59976,59552,424
2376841,2.65085,1.58536,426,1280420,0.291167,0.08,1,59978,59552,426
2381401,3.66414,6.25366,422,1283340,0.249387,0.14,1,59984,59562,422
2389721,33.0665,34.6002,422,1287720,0.0649208,0,1,60041,59619,422
2392641,14.4266,13.8401,424,1289180,0.0259683,0,1,60043,59619,424
2395561,6.97064,5.53604,426,1290640,0.0103873,0,1,60045,59619,426
2397621,3.38826,2.21441,427,1292100,0.00415493,0,1,60046,59619,427
2400541,2.5553,3.88577,424,1293560,0.00166197,0,1,60048,59624,424
2402821,1.62212,1.55431,425,1295020,0.000664788,0,1,60049,59624,425
2404481,1.24885,2.42172,423,1296480,0.000265915,0.14,1,60050,59627,423
2406561,22.0995,23.7687,421,1297940,0.000106366,0.09,1,60086,59665,421
2409481,141.44,141.507,422,1299400,0.0720426,0.09,1,60307,59885,422
2412401,57.7759,56.603,424,1300860,0.076817,0.09,1,60309,59885,424
2414881,23.7104,22.6412,425,1302320,0.0667268,0,1,60310,59885,425
2423641,3.77346,2.31304,426,1306700,0.0964305,0,1,60320,59894,426
2425281,2.10939,0.925214,427,1308160,0.0745722,0.08,1,60321,59894,427
2434041,2.679,1.40321,426,1312540,0.200373,0.08,1,60334,59908,426
2435681,1.6716,0.561285,427,1314000,0.200149,0.14,1,60335,59908,427
2441521,2.90746,2.72981,424,1316920,0.0584238,0.14,1,60343,59919,424
2444001,1.76298,1.09192,425,1318380,0.0233695,0.1,1,60344,59919,425
2446921,4.90519,6.43677,422,1319840,0.00934781,0.1,1,60351,59929,422
2449841,3.16208,2.57471,424,1321300,0.0757391,0.1,1,60353,59929,424
2452761,2.46483,1.02988,426,1322760,0.0782956,0.1,1,60355,59929,426
2455681,2.18593,0.411953,428,1324220,0.0553183,0.1,1,60357,59929,428
2458601,2.07437,0.164781,430,1325680,0.0221273,0.1,1,60359,59929,430
2460641,1.42975,0.0659125,431,1327140,0.00885092,0,1,60360,59929,431
2463561,1.7719,5.42637,424,1328600,0.00354037,0,1,60362,59938,424
2466481,1.90876,2.17055,426,1330060,0.00141615,0,1,60364,59938,426
2468961,1.3635,0.868218,427,1331520,0.000566459,0.11,1,60365,59938,427
2486481,2.05269,0.10186,432,1340280,0.0922948,0.11,1,60386,59954,432
2488101,6.82108,0.0407441,442,1341740,0.0489179,0.2,1,60396,59954,442
2491021,3.92843,7.8163,431,1343200,0.0195672,0.2,1,60398,59967,431
2493941,2.77137,3.12652,433,1344660,0.00782687,0.2,1,60400,59967,433
2496861,2.30855,1.25061,435,1346120,0.0631307,0.2,1,60402,59967,435
2499121,1.52342,0.500243,436,1347580,0.0732523,0.26,1,60403,59967,436
2520761,36.5443,38.6839,422,1359260,0.0581096,0,1,60475,60053,422
2523681,15.8177,15.4735,424,1360720,0.0232438,0,1,60477,60053,424
2526601,7.52709,6.18942,426,1362180,0.00929753,0,1,60479,60053,426
2529521,4.21084,2.47577,428,1363640,0.00371901,0,1,60481,60053,428
2532441,2.88433,0.990307,430,1365100,0.0014876,0,1,60483,60053,430
2535361,2.35373,0.396123,432,1366560,0.000595042,0,1,60485,60053,432
2536981,17.1415,0.158449,459,1368020,0.000238017,0.15,1,60512,60053,459
2537601,126.857,22.8634,621,1369480,9.52067e-05,0.12,1,60712,60091,621
2540521,68.7426,145.345,424,1370940,0.0780381,0.12,1,60742,60318,424
2543441,29.2971,58.1381,427,1372400,0.0792152,0.12,1,60745,60318,427
2546361,12.9188,23.2553,429,1373860,0.0556861,0.12,1,60747,60318,429
2548001,5.76753,9.3021,430,1375320,0.0342744,0.02,1,60748,60318,430
2550921,3.50701,6.72084,427,1376780,0.0497098,0.02,1,60750,60323,427
2553841,2.6028,2.68834,429,1378240,0.0318839,0.02,1,60752,60323,429
2556321,1.64112,1.07533,430,1379700,0.0127536,0.06,1,60753,60323,430
2559241,6.65645,11.2301,422,1381160,0.00510143,0.06,1,60763,60341,422
2569641,6.07921,8.68749,422,1387000,0.0492826,0.08,1,60777,60355,422
2572561,3.63168,3.475,424,1388460,0.019713,0.08,1,60779,60355,424
2575481,2.65267,1.39,426,1389920,0.00788521,0.08,1,60781,60355,426
2578401,2.26107,0.555999,428,1391380,0.00315409,0.08,1,60783,60355,428
2580241,1.50443,0.2224,429,1392840,0.00126163,0,1,60784,60355,429
2583161,2.40177,6.08896,422,1394300,0.0605047,0,1,60787,60365,422
2586081,2.16071,2.43558,424,1395760,0.0602019,0,1,60789,60365,424
2589001,2.06428,0.974233,426,1397220,0.0360807,0,1,60791,60365,426
2591921,2.02571,0.389693,428,1398680,0.0384323,0,1,60793,60365,428
2594841,2.01029,0.155877,430,1400140,0.0153729,0,1,60795,60365,430
2596881,1.40411,0.0623509,431,1401600,0.00614917,0.08,1,60796,60365,431
2599801,1.76165,3.62494,427,1403060,0.0504597,0.08,1,60798,60371,427
2601461,3.10466,1.44998,431,1404520,0.0201839,0.17,1,60802,60371,431
2604381,2.44186,6.57999,423,1405980,0.00807355,0.17,1,60804,60381,423
2607301,2.17675,2.632,425,1407440,0.00322942,0.17,1,60806,60381,425
2609781,4.4707,1.0528,431,1408900,0.0972918,0.13,1,60812,60381,431
2615621,2.39531,2.56845,425,1411820,0.0923667,0.13,1,60816,60391,425
2626421,1.67892,1.02575,429,1417660,0.0766686,0.17,1,60830,60401,429
2629341,1.87157,4.0103,425,1419120,0.0726674,0.17,1,60832,60407,425
2632241,1.94863,1.60412,427,1420580,0.041067,0.11,1,60834,60407,427
2657641,6.95555,6.05314,426,1433720,0.0652993,0,1,60908,60482,426
2660321,3.98222,2.42126,428,1435180,0.0261197,0.1,1,60910,60482,428
2663241,5.79289,8.7685,422,1436640,0.0104479,0.1,1,60917,60495,422
2665521,2.91716,3.5074,423,1438100,0.00417915,0,1,60918,60495,423
2667601,16.7669,15.203,426,1439560,0.00167166,0.02,1,60944,60518,426
2699221,1.52641,0.555653,428,1457080,0.096966,0,1,61202,60774,428
2702141,1.81056,4.42226,423,1458540,0.0627864,0,1,61204,60781,423
2704421,2.52423,1.7689,426,1460000,0.0251146,0.12,1,61207,60781,426
2707341,2.20969,3.70756,423,1461460,0.0100458,0.12,1,61209,60786,423
2710261,2.08388,1.48302,425,1462920,0.00401833,0.12,1,61211,60786,425
2712741,5.63355,0.59321,433,1464380,0.0976073,0.08,1,61219,60786,433
2718581,2.58137,2.97491,425,1467300,0.0924172,0.08,1,61223,60798,425
2727341,2.03721,0.190394,431,1471680,0.0803147,0.08,1,61229,60798,431
2729381,1.41488,0.0761578,432,1473140,0.0561259,0,1,61230,60798,432
2732301,1.76595,5.43046,425,1474600,0.0224504,0,1,61232,60807,425
2735221,1.90638,2.17219,427,1476060,0.00898014,0,1,61234,60807,427
2738141,1.96255,0.868874,429,1477520,0.00359206,0,1,61236,60807,429
2739781,3.18502,0.34755,433,1478980,0.0614368,0.08,1,61240,60807,433
2742701,2.47401,5.53902,426,1480440,0.0605747,0.08,1,61242,60816,426
2744981,1.5896,2.21561,427,1481900,0.0482299,0.21,1,61243,60816,427
2746641,1.23584,3.28624,424,1483360,0.031292,0.09,1,61244,60820,424
2749561,9.49434,6.7145,430,1484820,0.0485168,0.09,1,61259,60829,430
2751841,4.39773,2.6858,431,1486280,0.0434067,0.18,1,61260,60829,431
2754761,2.95909,6.47432,424,1487740,0.0893627,0.18,1,61262,60838,424
2757681,2.38364,2.58973,426,1489200,0.0837451,0.18,1,61264,60838,426
2760601,2.15345,1.03589,428,1490660,0.057498,0.18,1,61266,60838,428
2768481,1.40982,1.7463,426,1495040,0.0891199,0.07,1,61271,60845,426
2794281,2.66642,5.09645,423,1508180,0.0671962,0,1,61346,60923,423
2796561,1.66657,2.03858,424,1509640,0.0388785,0,1,61347,60923,424
2798641,17.4666,19.4154,421,1511100,0.0155514,0.13,1,61375,60954,421
2815281,2.87033,1.49265,431,1519860,0.0973923,0.22,1,61615,61184,431
2822361,7.3597,7.63153,422,1524240,0.211193,0,1,61629,61207,422
2825281,4.14388,3.05261,424,1525700,0.204477,0,1,61631,61207,424
2838801,1.92595,1.71126,426,1533000,0.0732394,0,1,61640,61214,426
2841281,1.37038,0.684503,427,1534460,0.0472958,0.1,1,61641,61214,427
2844201,5.34815,8.0738,422,1535920,0.0909183,0.1,1,61649,61227,422
2847121,3.33926,3.22952,424,1537380,0.0843673,0.1,1,61651,61227,424
2850041,2.5357,1.29181,426,1538840,0.0577469,0.1,1,61653,61227,426
2851681,1.61428,0.516723,427,1540300,0.0350988,0.14,1,61654,61227,427
2854601,3.64571,6.20669,422,1541760,0.0140395,0.14,1,61659,61237,422
2857521,2.65829,2.48268,424,1543220,0.0056158,0.14,1,61661,61237,424
2860441,2.26331,0.99307,426,1544680,0.0742463,0.14,1,61663,61237,426
2863361,2.10533,0.397228,428,1546140,0.0776985,0.14,1,61665,61237,428
2866281,2.04213,0.158891,430,1547600,0.0550794,0.14,1,61667,61237,430
2868321,1.41685,0.0635565,431,1549060,0.0340318,0.16,1,61668,61237,431
2871241,3.56674,8.42542,422,1550520,0.0736127,0.16,1,61673,61251,422
2874161,2.6267,3.37017,424,1551980,0.0654451,0.16,1,61675,61251,424
2877081,2.25068,1.34807,426,1553440,0.038178,0.16,1,61677,61251,426
2879141,9.30027,0.539227,440,1554900,0.0992712,0.1,1,61691,61251,440
2882061,4.92011,11.6157,423,1556360,0.0997085,0.1,1,61693,61270,423
2893741,2.07475,0.297362,431,1562200,0.0647605,0.1,1,61701,61270,431
2895781,3.2299,0.118945,435,1563660,0.0259042,0,1,61705,61270,435
2898701,2.49196,4.84758,429,1565120,0.0463617,0,1,61707,61278,429
2900981,7.59678,1.93903,440,1566580,0.0365447,0.21,1,61718,61278,440
2903061,4.83871,6.77561,433,1568040,0.0686179,0.2,1,61721,61288,433
2905981,3.13549,6.31024,429,1569500,0.0934471,0.2,1,61723,61294,429
2913881,24.6327,30.4039,422,1573880,0.225101,0.08,1,61766,61344,422
2922201,5.60849,7.34585,422,1578260,0.254166,0,1,61775,61353,422
2925121,3.4434,2.93834,424,1579720,0.233667,0,1,61777,61353,424
2927601,1.97736,1.17534,425,1581180,0.207467,0,1,61778,61353,425
2962781,2.10592,0.920114,427,1600160,0.064907,0.11,1,62064,61637,427
2971301,2.58278,3.41889,425,1604540,0.077594,0.08,1,62076,61651,425
2974221,2.23311,1.36755,427,1606000,0.0430376,0.08,1,62078,61651,427
2975861,2.69324,0.547022,430,1607460,0.017215,0,1,62081,61651,430
2978781,2.2773,5.61881,423,1608920,0.054886,0,1,62083,61660,423
2981701,2.11092,2.24752,425,1610380,0.0459544,0,1,62085,61660,425
2984621,2.04437,0.899009,427,1611840,0.0183818,0,1,62087,61660,427
2986261,1.41775,0.359604,428,1613300,0.0073527,0.04,1,62088,61660,428
2989181,1.7671,4.34384,423,1614760,0.00294108,0.04,1,62090,61667,423
2992101,1.90684,1.73754,425,1616220,0.00117643,0.04,1,62092,61667,425
2994161,1.36274,0.695015,426,1617680,0.000470573,0.12,1,62093,61667,426
2997081,4.74509,6.87801,422,1619140,0.0841882,0.12,1,62100,61678,422
3000001,3.09804,2.7512,424,1620600,0.0936753,0.12,1,62102,61678,424
3002921,2.43922,1.10048,426,1622060,0.0734701,0.12,1,62104,61678,426
3013521,4.79524,5.06817,424,1627900,0.0923128,0.08,1,62123,61699,424
3016441,3.1181,2.02727,426,1629360,0.0909251,0.08,1,62125,61699,426
3018081,1.84724,0.810907,427,1630820,0.0723701,0.14,1,62126,61699,427
3021001,9.1389,8.72436,427,1632280,0.046948,0.14,1,62140,61713,427
3023921,4.85556,3.48975,429,1633740,0.0907792,0.14,1,62142,61713,429
3029521,2.45689,0.558359,433,1636660,0.202925,0.22,1,62146,61713,433
3038281,3.46924,1.47573,436,1641040,0.208347,0.22,1,62164,61728,436
3054701,2.21146,7.65724,423,1649800,0.264688,0.24,1,62204,61781,423
3057621,2.08458,3.0629,425,1651260,0.267875,0.24,1,62206,61781,425
3063641,71.0534,147.916,423,1655640,0.053624,0.23,1,62470,62047,423
3066561,29.6214,59.1664,425,1657100,0.0214496,0.23,1,62472,62047,425
3078001,3.66711,4.63466,424,1662940,0.0721651,0.12,1,62484,62060,424
3080921,2.66684,1.85386,426,1664400,0.028866,0.12,1,62486,62060,426
3083841,2.26674,0.741545,428,1665860,0.0955464,0.12,1,62488,62060,428
3097341,3.95345,8.82999,423,1673160,0.084172,0.04,1,62508,62085,423
3100261,2.78138,3.532,425,1674620,0.0456688,0.04,1,62510,62085,425
3103181,2.31255,1.4128,427,1676080,0.0782675,0.04,1,62512,62085,427
3106101,2.12502,0.56512,429,1677540,0.067307,0.04,1,62514,62085,429
3109021,2.05001,0.226048,431,1679000,0.0389228,0.04,1,62516,62085,431
3111061,1.42,0.0904191,432,1680460,0.0155691,0,1,62517,62085,432
3113981,1.768,5.43617,425,1681920,0.00622765,0,1,62519,62094,425
3116901,1.9072,2.17447,427,1683380,0.00249106,0,1,62521,62094,427
3119821,1.96288,0.869787,429,1684840,0.000996424,0,1,62523,62094,429
3122741,1.98515,0.347915,431,1686300,0.000398569,0,1,62525,62094,431
3133521,1.36122,1.06491,426,1692140,0.0923622,0.08,1,62531,62105,426
3136441,4.14449,5.22596,424,1693600,0.0369449,0.08,1,62537,62113,424
3138721,2.2578,2.09038,425,1695060,0.014778,0.11,1,62538,62113,425
3141641,6.30312,7.43615,423,1696520,0.0659112,0.11,1,62547,62124,423
3143921,3.12125,2.97446,424,1697980,0.0743645,0.06,1,62548,62124,424
3146841,9.6485,6.58978,429,1699440,0.233746,0.06,1,62562,62133,429
3149121,4.4594,2.63591,430,1700900,0.285498,0.21,1,62563,62133,430
3157241,8.1814,8.4247,430,1705280,0.414032,0.2,1,62586,62156,430
3196141,61.1552,73.6943,427,1727180,0.211528,0.1,1,62908,62481,427
3201981,11.4648,11.7911,431,1730100,0.0770445,0.1,1,62912,62481,431
3204661,5.78593,4.71644,433,1731560,0.0308178,0.21,1,62914,62481,433
3207581,3.51437,8.48658,424,1733020,0.0123271,0.21,1,62916,62492,424
3219021,2.03877,5.61726,423,1738860,0.0806676,0.04,1,62924,62501,423
3221941,2.01551,2.2469,425,1740320,0.044267,0.04,1,62926,62501,425
3237941,3.84922,0.224243,434,1749080,0.0743932,0.14,1,62949,62515,434
3240861,2.73969,7.8897,423,1750540,0.0297573,0.14,1,62951,62528,423
3243781,2.29587,3.15588,425,1752000,0.0119029,0.14,1,62953,62528,425
3246701,2.11835,1.26235,427,1753460,0.0767612,0.14,1,62955,62528,427
3249621,2.04734,0.504941,429,1754920,0.0787045,0.14,1,62957,62528,429
3252541,2.01894,0.201976,431,1756380,0.0554818,0.14,1,62959,62528,431
3255461,2.00757,0.0807905,433,1757840,0.0221927,0.14,1,62961,62528,433
3257701,1.40303,0.0323162,434,1759300,0.00887708,0,1,62962,62528,434
3260621,1.76121,6.01293,426,1760760,0.0635508,0,1,62964,62538,426
3263541,1.90448,2.40517,428,1762220,0.0614203,0,1,62966,62538,428
3266461,1.96179,0.962068,430,1763680,0.0365681,0,1,62968,62538,430
3268101,10.3847,0.384827,446,1765140,0.0146273,0.26,1,62984,62538,446
3271021,5.35389,7.95393,435,1766600,0.0058509,0.26,1,62986,62551,435
3273941,3.34155,3.18157,437,1768060,0.0863404,0.26,1,62988,62551,437
3276421,15.1366,1.27263,460,1769520,0.280536,0.37,1,63011,62551,460
3281621,11.9019,5.00362,457,1772440,0.272886,0.51,1,63028,62571,457
3297861,3.21944,2.50728,453,1781200,0.409951,0.56,1,63056,62603,453
3300341,10.8878,1.00291,469,1782660,0.28998,0.71,1,63072,62603,469
3317001,2.3052,1.44334,451,1791420,0.279129,0.72,1,63103,62652,451
3319681,2.12208,0.577336,453,1792880,0.231652,0.54,1,63105,62652,453
3321761,5.04883,13.4309,438,1794340,0.248661,0.14,1,63112,62674,438
3327601,57.2078,61.1889,424,1797260,0.0493857,0.14,1,63344,62920,424
3336361,5.5333,3.91609,430,1801640,0.0766007,0.14,1,63350,62920,430
3339281,3.41332,1.56644,432,1803100,0.0726403,0.14,1,63352,62920,432
3341521,1.96533,0.626575,433,1804560,0.0590561,0.02,1,63353,62920,433
3344441,1.98613,3.85063,429,1806020,0.0356224,0.02,1,63355,62926,429
3347361,1.99445,1.54025,431,1807480,0.038249,0.02,1,63357,62926,431
3349841,1.39778,0.616101,432,1808940,0.0272996,0.2,1,63358,62926,432
3352761,1.75911,5.04644,426,1810400,0.0109198,0.2,1,63360,62934,426
3354421,3.10365,2.01858,430,1811860,0.00436793,0.13,1,63364,62934,430
3364821,3.22825,0.397275,431,1817700,0.0564638,0,1,63374,62943,431
3367741,2.4913,6.15891,423,1819160,0.0225855,0,1,63376,62953,423
3370661,2.19652,2.46356,425,1820620,0.0930342,0,1,63378,62953,425
3378981,2.01258,1.59767,425,1825000,0.0887542,0.04,1,63384,62959,425
3381461,1.40503,0.639067,426,1826460,0.0595017,0,1,63385,62959,426
3384381,1.76201,2.05563,425,1827920,0.0238007,0,1,63387,62962,425
3386241,1.3048,0.822251,426,1829380,0.0935203,0.04,1,63388,62962,426
3395001,2.81951,1.49262,426,1833760,0.0981453,0.04,1,63403,62977,426
3396641,1.7278,0.59705,427,1835220,0.0752581,0.31,1,63404,62977,427
3413081,14.9837,15.1906,434,1843980,0.214041,0.39,1,63473,63039,434
3415361,6.59346,6.07624,435,1845440,0.223616,0.34,1,63474,63039,435
3417441,3.83738,4.2305,434,1846900,0.203447,0.38,1,63476,63042,434
3420361,5.73495,3.4922,438,1848360,0.255379,0.38,1,63483,63045,438
3424101,7.99759,5.95875,445,1851280,0.264061,0.3,1,63499,63054,445
3427021,4.39904,10.7835,433,1852740,0.237624,0.3,1,63501,63068,433
3428881,2.35961,4.3134,434,1854200,0.21505,0.42,1,63502,63068,434
3431801,7.54385,8.32536,434,1855660,0.21802,0.42,1,63513,63079,434
3434081,3.61754,3.33014,435,1857120,0.285208,0.25,1,63514,63079,435
3437001,14.047,15.7321,432,1858580,0.240083,0.25,1,63535,63103,432
3442841,3.92752,2.51713,436,1861500,0.295213,0.25,1,63539,63103,436
3447401,3.2684,5.20274,433,1864420,0.278834,0.28,1,63544,63111,433
3455721,56.6133,136.933,422,1868800,0.0945941,0.14,1,63767,63345,422
3458001,23.2453,54.7733,423,1870260,0.0618377,0.02,1,63768,63345,423
3460921,14.6981,27.9093,422,1871720,0.0247351,0.02,1,63777,63355,422
3463841,7.07925,11.1637,424,1873180,0.00989402,0.02,1,63779,63355,424
3466761,4.0317,4.46549,426,1874640,0.0879576,0.02,1,63781,63355,426
3469681,2.81268,1.7862,428,1876100,0.095183,0.02,1,63783,63355,428
3472561,2.32507,0.714478,430,1877560,0.0740732,0.18,1,63785,63355,430
3475481,2.73003,6.88579,422,1879020,0.0296293,0.18,1,63788,63366,422
3478401,2.29201,2.75432,424,1880480,0.0598517,0.18,1,63790,63366,424
3481321,2.1168,1.10173,426,1881940,0.0479407,0.18,1,63792,63366,426
3484241,2.04672,0.440691,428,1883400,0.0191763,0.18,1,63794,63366,428
3486501,1.41869,0.176276,429,1884860,0.00767051,0.14,1,63795,63366,429
3488161,1.16748,1.27051,428,1886320,0.0030682,0.15,1,63796,63368,428
3491081,2.26699,5.9082,422,1887780,0.00122728,0.15,1,63799,63377,422
3494001,2.1068,2.36328,424,1889240,0.000490912,0.15,1,63801,63377,424
3520201,4.72417,5.67408,422,1903840,0.0901989,0.06,1,63826,63404,422
3527681,9.73435,6.96314,429,1908220,0.0580927,0.1,1,63844,63415,429
3530601,16.4937,15.9853,428,1909680,0.0352371,0.1,1,63865,63437,428
3533521,7.7975,6.3941,430,1911140,0.0260948,0.1,1,63867,63437,430
3536001,3.719,2.55764,431,1912600,0.0464379,0.06,1,63868,63437,431
3538921,16.4876,16.0231,431,1914060,0.0425752,0.06,1,63893,63462,431
3541201,7.19504,6.40922,432,1915520,0.0290301,0.13,1,63894,63462,432
3544121,13.678,12.7637,433,1916980,0.011612,0.13,1,63912,63479,433
3547041,6.67121,5.10548,435,1918440,0.0406448,0.13,1,63914,63479,435
3549941,6.86848,2.04219,442,1919900,0.0642579,0.35,1,63921,63479,442
3552021,8.14739,6.81688,441,1921360,0.0497032,0.2,1,63930,63489,441
3554941,4.45896,10.5268,430,1922820,0.0198813,0.2,1,63932,63502,430
3557841,2.98358,4.2107,432,1924280,0.0919525,0.22,1,63934,63502,432
3559921,5.39343,8.28428,428,1925740,0.060781,0.19,1,63941,63513,428
3573881,3.97395,2.12771,438,1933040,0.203998,0.32,1,63979,63541,438
3575521,2.18958,0.851084,439,1934500,0.231599,0.35,1,63980,63541,439
3577601,2.07583,3.34043,436,1935960,0.21264,0.3,1,63982,63546,436
3580521,8.03033,9.73617,434,1937420,0.229056,0.3,1,63994,63560,434
3582801,3.81213,3.89447,435,1938880,0.223622,0.08,1,63995,63560,435
3591121,21.604,23.1452,425,1943260,0.0971118,0.04,1,64204,63779,425
3594041,14.6416,17.0581,422,1944720,0.0748447,0.04,1,64214,63792,422
3596961,7.05664,6.82324,424,1946180,0.0419379,0.04,1,64216,63792,424
3599881,4.02265,2.7293,426,1947640,0.0167752,0.04,1,64218,63792,426
3602801,2.80906,1.09172,428,1949100,0.00671006,0.04,1,64220,63792,428
3605721,2.32362,0.436687,430,1950560,0.00268402,0.04,1,64222,63792,430
3608641,2.12945,0.174675,432,1952020,0.00107361,0.04,1,64224,63792,432
3610261,1.45178,0.0698699,433,1953480,0.0604294,0.24,1,64225,63792,433
3613181,1.78071,6.02795,425,1954940,0.0601718,0.24,1,64227,63802,425
3616101,1.91228,2.41118,427,1956400,0.0360687,0.24,1,64229,63802,427
3619021,1.96491,0.964472,429,1957860,0.0144275,0.24,1,64231,63802,429
3621941,1.98597,0.385789,431,1959320,0.00577099,0.24,1,64233,63802,431
3624401,1.39439,0.154315,432,1960780,0.0023084,0.1,1,64234,63802,432
3627321,1.75775,4.86173,426,1962240,0.000923359,0.1,1,64236,63810,426
3630241,1.9031,1.94469,428,1963700,0.000369343,0.1,1,64238,63810,428
3636061,1.9845,4.51115,425,1966620,0.211259,0.16,1,64242,63817,425
3638981,1.9938,1.80446,427,1968080,0.204504,0.16,1,64244,63817,427
3649781,3.79984,1.72619,431,1973920,0.222099,0.13,1,64255,63824,431
3652701,2.71994,6.69048,423,1975380,0.24484,0.13,1,64257,63834,423
3655621,2.28797,2.67619,425,1976840,0.229936,0.13,1,64259,63834,425
3658101,6.31519,1.07048,434,1978300,0.223974,0.08,1,64268,63834,434
3671421,9.34211,20.9553,425,1985600,0.0663447,0.15,1,64329,63904,425
3680561,3.81516,6.58446,427,1991440,0.0836344,0.02,1,64352,63925,427
3682641,2.12606,6.23378,422,1992900,0.0634538,0.13,1,64353,63931,422
3685561,6.25043,6.09351,425,1994360,0.0253815,0.13,1,64362,63937,425
3688481,3.70017,2.4374,427,1995820,0.0101526,0.13,1,64364,63937,427
3692421,12.832,5.78998,442,1998740,0.0496244,0.07,1,64388,63946,442
3695341,6.33281,9.51599,432,2000200,0.0198498,0.07,1,64390,63958,432
3697621,13.3331,3.8064,450,2001660,0.0619399,0.22,1,64408,63958,450
3708021,2.29013,0.980644,435,2007500,0.0823217,0.26,1,64416,63981,435
3715301,120.747,5.82276,627,2011880,0.0993486,0.06,1,64635,64008,627
3718221,49.4986,125.929,423,2013340,0.0517394,0.06,1,64637,64214,423
3721141,20.9994,50.3716,425,2014800,0.0206958,0.06,1,64639,64214,425
3723621,14.9998,20.1487,436,2016260,0.0442783,0.02,1,64650,64214,436
3726541,7.19991,17.0595,423,2017720,0.0297113,0.02,1,64652,64229,423
3729461,4.07996,6.82378,425,2019180,0.0118845,0.02,1,64654,64229,425
3732381,2.83199,2.72951,427,2020640,0.00475381,0.02,1,64656,64229,427
3735301,2.33279,1.09181,429,2022100,0.00190152,0.02,1,64658,64229,429
3738221,2.13312,0.436722,431,2023560,0.00076061,0.02,1,64660,64229,431
3741141,2.05325,0.174689,433,2025020,0.000304244,0.02,1,64662,64229,433
3744001,2.0213,0.0698755,435,2026480,0.0241217,0.2,1,64664,64229,435
3746921,2.00852,9.02795,422,2027940,0.00964868,0.2,1,64666,64244,422
3749841,2.00341,3.61118,424,2029400,0.00385947,0.2,1,64668,64244,424
3752761,2.00136,1.44447,426,2030860,0.00154379,0.2,1,64670,64244,426
3755681,2.00055,0.577789,428,2032320,0.000617515,0.2,1,64672,64244,428
3772721,1.904,1.92237,431,2041080,0.0841331,0.04,1,64683,64252,431
3784981,1.30302,1.12368,432,2048380,0.0956711,0.31,1,64691,64259,432
3786641,1.12121,2.24947,430,2049840,0.0742684,0.23,1,64692,64262,430
3799121,18.4224,18.0902,428,2057140,0.0934869,0.1,1,64757,64329,428
3802041,8.56894,10.2361,425,2058600,0.0493948,0.1,1,64759,64334,425
3806621,4.73103,7.63777,426,2061520,0.215503,0.15,1,64770,64344,426
3823881,15.5929,14.4718,425,2071740,0.0832514,0.16,1,64820,64395,425
3826161,6.83716,5.78874,426,2073200,0.0573006,0.11,1,64821,64395,426
3834921,4.03758,2.57848,427,2077580,0.204547,0.11,1,64845,64418,427
3845301,116.172,7.26601,612,2083420,0.0589004,0,1,65060,64448,612
3850501,25.6675,47.0026,434,2086340,0.0622241,0.02,1,65073,64639,434
3853421,11.467,26.601,423,2087800,0.0248896,0.02,1,65075,64652,423
3855701,9.98681,10.6404,432,2089260,0.0639559,0.06,1,65084,64652,432
3858621,5.19472,10.8562,423,2090720,0.0615823,0.06,1,65086,64663,423
3861541,3.27789,4.34247,425,2092180,0.0366329,0.06,1,65088,64663,425
3864461,2.51116,1.73699,427,2093640,0.0506532,0.06,1,65090,64663,427
3867381,2.20446,0.694794,429,2095100,0.0322613,0.06,1,65092,64663,429
3870301,2.08178,0.277918,431,2096560,0.0129045,0.06,1,65094,64663,431
3871921,1.43271,0.111167,432,2098020,0.0051618,0.24,1,65095,64663,432
3874841,1.77309,6.04447,424,2099480,0.00206472,0.24,1,65097,64673,424
3877761,1.90923,2.41779,426,2100940,0.000825888,0.24,1,65099,64673,426
3880681,1.96369,0.967115,428,2102400,0.0483304,0.24,1,65101,64673,428
3883601,1.98548,0.386846,430,2103860,0.0433321,0.24,1,65103,64673,430
3886481,1.99419,0.154738,432,2105320,0.0173329,0.21,1,65105,64673,432
3889401,1.99768,7.2619,422,2106780,0.00693314,0.21,1,65107,64685,422
3892321,1.99907,2.90476,424,2108240,0.00277326,0.21,1,65109,64685,424
3895241,1.99963,1.1619,426,2109700,0.0011093,0.21,1,65111,64685,426
3898161,1.99985,0.464761,428,2111160,0.000443721,0.21,1,65113,64685,428
3928081,4.08784,3.28597,427,2127220,0.225831,0.24,1,65161,64734,427
3959281,14.2339,10.5633,432,2144740,0.0958805,0.26,1,65275,64843,432
3962201,6.89358,9.62532,425,2146200,0.0623522,0.26,1,65277,64852,425
3970101,10.1132,0.61602,444,2150580,0.209671,0.06,1,65296,64852,444
3978221,49.5592,120.351,427,2154960,0.0832589,0.04,1,65498,65071,427
3980501,21.0237,48.1406,429,2156420,0.0573036,0.12,1,65500,65071,429
3983421,9.60948,24.0562,423,2157880,0.0229214,0.12,1,65502,65079,423
3985701,8.64379,9.62249,431,2159340,0.0211686,0.06,1,65510,65079,431
3988621,4.65752,9.849,423,2160800,0.00846743,0.06,1,65512,65089,423
3991541,3.06301,3.9396,425,2162260,0.00338697,0.06,1,65514,65089,425
3994021,7.2252,1.57584,435,2163720,0.0493548,0.04,1,65524,65089,435
3996941,4.09008,9.03034,423,2165180,0.0437419,0.04,1,65526,65103,423
3999861,2.83603,3.61213,425,2166640,0.0174968,0.04,1,65528,65103,425
4002781,2.33441,1.44485,427,2168100,0.00699871,0.04,1,65530,65103,427
4005701,2.13377,0.577941,429,2169560,0.00279948,0.04,1,65532,65103,429
4008621,2.05351,0.231177,431,2171020,0.00111979,0.04,1,65534,65103,431
4011281,2.0214,0.0924706,433,2172480,0.0484479,0,1,65536,65103,433
4014201,2.00856,4.23699,428,2173940,0.0433792,0,1,65538,65110,428
4017121,2.00342,1.6948,430,2175400,0.0533517,0,1,65540,65110,430
4020041,2.00137,0.677918,432,2176860,0.0333407,0,1,65542,65110,432
4022721,2.00055,0.271167,434,2178320,0.0133363,0.16,1,65544,65110,434
4025641,2.00022,4.90847,428,2179780,0.00533451,0.16,1,65546,65118,428
4028561,2.00009,1.96339,430,2181240,0.0021338,0.16,1,65548,65118,430
4031481,2.00004,0.785355,432,2182700,0.0968535,0.16,1,65550,65118,432
4037081,2.00001,6.12566,426,2185620,0.0922966,0.12,1,65554,65128,426
4040001,2,2.45026,428,2187080,0.0609186,0.12,1,65556,65128,428
4050601,1.76,4.26273,428,2192920,0.0788395,0.14,1,65563,65135,428
4060581,26.4307,3.56513,466,2198760,0.0684503,0.14,1,65637,65171,466
4065781,7.1089,9.45042,435,2201680,0.099752,0.21,1,65643,65208,435
4067441,3.44356,9.18017,427,2203140,0.0759008,0.17,1,65644,65217,427
4070361,3.77742,6.67207,426,2204600,0.0303603,0.17,1,65648,65222,426
4085961,20.3235,20.6395,429,2213360,0.0706344,0,1,65699,65270,429
4088241,8.7294,8.2558,430,2214820,0.0282538,0.17,1,65700,65270,430
4091161,10.0918,11.1023,428,2216280,0.0713015,0.17,1,65711,65283,428
4094081,5.2367,4.44093,430,2217740,0.0645206,0.17,1,65713,65283,430
4097001,3.29468,1.77637,432,2219200,0.0378082,0.17,1,65715,65283,432
4106761,121.803,128.181,422,2225040,0.0777679,0.02,1,65932,65510,422
4109681,49.9211,51.2726,424,2226500,0.0311072,0.02,1,65934,65510,424
4112601,21.1684,20.509,426,2227960,0.0724429,0.02,1,65936,65510,426
4114241,9.06737,8.20361,427,2229420,0.0769771,0.08,1,65937,65510,427
4117161,9.02695,11.6814,422,2230880,0.0307909,0.08,1,65946,65524,422
4120081,4.81078,4.67258,424,2232340,0.0723163,0.08,1,65948,65524,424
4125481,2.20972,3.14761,423,2235260,0.0967706,0,1,65951,65528,423
4127761,1.48389,1.25904,424,2236720,0.0807082,0.04,1,65952,65528,424
4130681,5.39356,6.50362,422,2238180,0.0322833,0.04,1,65960,65538,422
4133601,3.35742,2.60145,424,2239640,0.0129133,0.04,1,65962,65538,424
4136521,2.54297,1.04058,426,2241100,0.00516533,0.04,1,65964,65538,426
4139441,2.21719,0.416231,428,2242560,0.0980661,0.04,1,65966,65538,428
4145241,2.03475,4.8666,424,2245480,0.0924906,0,1,65970,65546,424
4148161,2.0139,1.94664,426,2246940,0.0609962,0,1,65972,65546,426
4151081,2.00556,0.778655,428,2248400,0.0363985,0,1,65974,65546,428
4153761,2.00222,0.311462,430,2249860,0.0145594,0.12,1,65976,65546,430
4156681,4.40089,8.52459,422,2251320,0.0418238,0.12,1,65982,65560,422
4159601,2.96036,3.40983,424,2252780,0.0947295,0.12,1,65984,65560,424
4162521,2.38414,1.36393,426,2254240,0.0858918,0.12,1,65986,65560,426
4165441,2.15366,0.545573,428,2255700,0.0583567,0.12,1,65988,65560,428
4168361,2.06146,0.218229,430,2257160,0.0233427,0.12,1,65990,65560,430
4171281,2.02459,0.0872917,432,2258620,0.0453371,0.12,1,65992,65560,432
4173521,1.40983,0.0349167,433,2260080,0.0421348,0.26,1,65993,65560,433
4176441,1.76393,6.61397,424,2261540,0.0168539,0.26,1,65995,65571,424
4179361,1.90557,2.64559,426,2263000,0.00674157,0.26,1,65997,65571,426
4182261,18.1622,1.05823,455,2264460,0.0566966,0.23,1,66026,65571,455
4185181,8.46489,18.4233,427,2265920,0.0586786,0.23,1,66028,65601,427
4188101,4.58596,7.36932,429,2267380,0.0354715,0.23,1,66030,65601,429
4217001,19.3318,20.2131,425,2283440,0.0921595,0.12,1,66135,65710,425
4219281,8.33274,8.08526,426,2284900,0.0728638,0.1,1,66136,65710,426
4222201,8.1331,8.6341,425,2286360,0.0531455,0.1,1,66144,65719,425
4229681,1.79252,0.552583,430,2290740,0.0888413,0.2,1,66149,65719,430
4232601,15.117,15.221,429,2292200,0.0715365,0.2,1,66173,65744,429
4237801,113.659,118.235,422,2295120,0.0834458,0.08,1,66359,65937,422
4240721,46.6635,47.2941,424,2296580,0.0453783,0.08,1,66361,65937,424
4243201,19.2654,18.9177,425,2298040,0.0181513,0,1,66362,65937,425
4245281,10.1062,10.5671,424,2299500,0.00726053,0.05,1,66366,65942,424
4248201,10.0425,11.4268,422,2300960,0.00290421,0.05,1,66376,65954,422
4251121,5.21698,4.57073,424,2302420,0.00116169,0.05,1,66378,65954,424
4254041,3.28679,1.82829,426,2303880,0.000464674,0.05,1,66380,65954,426
4256961,2.51472,0.731317,428,2305340,0.0841859,0.05,1,66382,65954,428
4263801,4.09694,5.5668,422,2309720,0.0649079,0.12,1,66390,65968,422
4266721,2.83878,2.22672,424,2311180,0.0259632,0.12,1,66392,65968,424
4269641,2.33551,0.890689,426,2312640,0.0103853,0.12,1,66394,65968,426
4280021,1.97019,0.502802,428,2318480,0.0806179,0.1,1,66401,65973,428
4282941,1.98808,4.40112,423,2319940,0.0742471,0.1,1,66403,65980,423
4284801,1.39523,1.76045,424,2321400,0.0536989,0,1,66404,65980,424
4287721,5.35809,6.70418,422,2322860,0.0994795,0,1,66412,65990,422
4290641,3.34324,2.68167,424,2324320,0.0937918,0,1,66414,65990,424
4293561,2.53729,1.07267,426,2325780,0.0675167,0,1,66416,65990,426
4296241,2.21492,0.429067,428,2327240,0.0390067,0,1,66418,65990,428
4299161,2.08597,4.97163,422,2328700,0.0156027,0,1,66420,65998,422
4302081,2.03439,1.98865,424,2330160,0.00624107,0,1,66422,65998,424
4305001,2.01375,0.79546,426,2331620,0.0384964,0,1,66424,65998,426
4307921,2.0055,0.318184,428,2333080,0.0273986,0,1,66426,65998,428
4309761,1.4022,0.127274,429,2334540,0.0109594,0.08,1,66427,65998,429
4312681,18.5609,22.2509,422,2336000,0.00438377,0.08,1,66457,66035,422
4329341,3.79583,4.69914,431,2344760,0.0664116,0.11,1,66514,66083,431
4331601,2.11833,1.87966,432,2346220,0.0385646,0.13,1,66515,66083,432
4334521,3.24733,5.55186,428,2347680,0.0154258,0.13,1,66519,66091,428
4344501,6.57753,1.58213,437,2353520,0.223355,0.17,1,66543,66106,437
4349501,8.97241,20.2931,427,2356440,0.251737,0.14,1,66573,66146,427
4352401,4.78896,8.11726,429,2357900,0.250695,0.06,1,66575,66146,429
4355321,3.11558,5.6469,427,2359360,0.226278,0.06,1,66577,66150,427
4363641,16.8314,20.7614,423,2363740,0.0634418,0.1,1,66607,66184,423
4365921,7.33256,8.30456,424,2365200,0.0253767,0.08,1,66608,66184,424
4368841,113.933,115.522,422,2366660,0.0101507,0.08,1,66793,66371,422
4371761,46.7732,46.2087,424,2368120,0.0640603,0.08,1,66795,66371,424
4374681,19.9093,18.4835,426,2369580,0.0616241,0.08,1,66797,66371,426
4376321,8.56371,7.3934,427,2371040,0.0486496,0.1,1,66798,66371,427
4379241,8.22549,10.7574,422,2372500,0.0314599,0.1,1,66806,66384,422
4382161,4.49019,4.30294,424,2373960,0.0125839,0.1,1,66808,66384,424
4385081,2.99608,1.72118,426,2375420,0.00503358,0.1,1,66810,66384,426
4388001,2.39843,0.688471,428,2376880,0.00201343,0.1,1,66812,66384,428
4389841,1.55937,0.275388,429,2378340,0.000805372,0,1,66813,66384,429
4392761,1.82375,4.91016,423,2379800,0.0243222,0,1,66815,66392,423
4395461,3.1295,1.96406,427,2381260,0.0697289,0.12,1,66819,66392,427
4398381,2.4518,4.38562,423,2382720,0.0638915,0.12,1,66821,66398,423
4401301,2.18072,1.75425,425,2384180,0.0375566,0.12,1,66823,66398,425
4414401,2.86585,3.08996,424,2391480,0.0800454,0.13,1,66836,66412,424
4417301,2.94634,1.23599,427,2392940,0.0320181,0.02,1,66839,66412,427
4420221,2.37854,4.09439,423,2394400,0.0128073,0.02,1,66841,66418,423
4423141,2.15141,1.63776,425,2395860,0.0051229,0.02,1,66843,66418,425
4425621,2.06057,0.655103,427,2397320,0.00204916,0.06,1,66845,66418,427
4428541,2.02423,3.86204,423,2398780,0.0968197,0.06,1,66847,66424,423
4436861,1.76155,2.04717,425,2403160,0.0777165,0,1,66852,66427,425
4438721,1.30462,0.818868,426,2404620,0.0550866,0.13,1,66853,66427,426
4440801,4.12185,6.92755,421,2406080,0.0220346,0.21,1,66859,66438,421
4443721,17.8487,18.371,422,2407540,0.00881385,0.21,1,66886,66464,422
4446641,8.3395,7.34841,424,2409000,0.00352554,0.21,1,66888,66464,424
4449121,3.9358,2.93936,425,2410460,0.00141022,0,1,66889,66464,425
4452041,35.1743,32.9757,428,2411920,0.0485641,0,1,66945,66517,428
4454961,15.2697,13.1903,430,2413380,0.0434256,0,1,66947,66517,430
4462641,2.24926,0.844179,435,2417760,0.0882192,0.27,1,66952,66517,435
4467641,7.31988,6.61507,431,2420680,0.0405151,0.21,1,66966,66535,431
4470561,4.12795,2.64603,433,2422140,0.064206,0.21,1,66968,66535,433
4473041,2.25118,1.05841,434,2423600,0.0616824,0.31,1,66969,66535,434
4483241,4.51203,5.6335,428,2429440,0.238555,0.16,1,67007,66579,428
4485521,2.40481,2.2534,429,2430900,0.269422,0.22,1,67008,66579,429
4488441,2.76192,6.90136,422,2432360,0.245769,0.22,1,67011,66589,422
4491361,2.30477,2.76054,424,2433820,0.206308,0.22,1,67013,66589,424
4496141,8.52876,16.0417,429,2436740,0.0594092,0.18,1,67044,66615,429
4498421,113.212,6.41667,612,2438200,0.0477637,0.02,1,67227,66615,612
4501341,46.4846,117.167,423,2439660,0.0191055,0.02,1,67229,66806,423
4504261,19.7938,46.8667,425,2441120,0.0316422,0.02,1,67231,66806,425
4507181,9.11754,18.7467,427,2442580,0.0126569,0.02,1,67233,66806,427
4508821,4.84701,7.49867,429,2444040,0.00506275,0.05,1,67235,66806,429
4511741,3.13881,7.79947,423,2445500,0.0020251,0.05,1,67237,66814,423
4514661,2.45552,3.11979,425,2446960,0.00081004,0.05,1,67239,66814,425
4517581,2.18221,1.24791,427,2448420,0.000324016,0.05,1,67241,66814,427
4520501,2.07288,0.499166,429,2449880,0.0241296,0.05,1,67243,66814,429
4522341,1.42915,0.199666,430,2451340,0.0216518,0.02,1,67244,66814,430
4525261,1.77166,5.47987,423,2452800,0.0806607,0.02,1,67246,66823,423
4528181,1.90866,2.19195,425,2454260,0.0802643,0.02,1,67248,66823,425
4530661,6.16347,0.876779,434,2455720,0.0321057,0.06,1,67257,66823,434
4533581,3.66539,8.15071,423,2457180,0.0128423,0.06,1,67259,66836,423
4544601,4.80263,8.00866,422,2463020,0.0569688,0.12,1,67271,66849,422
4547521,3.12105,3.20346,424,2464480,0.0227875,0.12,1,67273,66849,424
4550441,2.44842,1.28139,426,2465940,0.009115,0.12,1,67275,66849,426
4560821,2.01148,0.0328035,434,2471780,0.0985853,0,1,67283,66849,434
4563741,2.00459,6.01312,426,2473240,0.0694341,0,1,67285,66859,426
4566661,2.00184,2.40525,428,2474700,0.0277737,0,1,67287,66859,428
4569581,2.00073,0.962099,430,2476160,0.0471095,0,1,67289,66859,430
4571221,2.00029,0.38484,432,2477620,0.0308438,0.1,1,67291,66859,432
4573301,15.8001,4.95394,449,2479080,0.0483375,0,1,67316,66867,449
4576221,7.52005,16.3816,427,2480540,0.049335,0,1,67318,66891,427
4579141,4.20802,6.55263,429,2482000,0.031734,0,1,67320,66891,429
4600141,2.1059,5.17724,423,2493680,0.0871181,0,1,67395,66972,423
4603061,2.04236,2.07089,425,2495140,0.0888473,0,1,67397,66972,425
4605541,7.41694,0.828358,436,2496600,0.0355389,0.04,1,67408,66972,436
4607621,19.1668,5.13134,455,2498060,0.0862156,0.27,1,67435,66980,455
4631341,43.8302,112.938,423,2511200,0.0973211,0,1,67657,67234,423
4634261,18.7321,45.175,425,2512660,0.0629284,0,1,67659,67234,425
4637181,8.69283,18.07,427,2514120,0.0251714,0,1,67661,67234,427
4638821,4.07713,7.228,428,2515580,0.0460685,0,1,67662,67234,428
4641741,2.83085,5.8912,425,2517040,0.0304274,0,1,67664,67239,425
4644021,4.73234,2.35648,431,2518500,0.012171,0.13,1,67670,67239,431
4646941,3.09294,6.94259,423,2519960,0.0648684,0.13,1,67672,67249,423
4649861,2.43717,2.77704,425,2521420,0.0619474,0.13,1,67674,67249,425
4652781,2.17487,1.11081,427,2522880,0.0787789,0.13,1,67676,67249,427
4655701,2.06995,0.444326,429,2524340,0.0555116,0.13,1,67678,67249,429
4658621,2.02798,0.17773,431,2525800,0.0222046,0.13,1,67680,67249,431
4660661,5.01119,0.0710921,438,2527260,0.0808819,0.1,1,67687,67249,438
4663581,3.20448,10.2284,423,2528720,0.0803527,0.1,1,67689,67266,423
4672341,2.07709,0.65462,429,2533100,0.0795426,0.1,1,67695,67266,429
4674181,1.43083,0.261848,430,2534560,0.055817,0,1,67696,67266,430
4676261,1.77233,3.70474,426,2536020,0.0463268,0.18,1,67698,67272,426
4679181,1.90893,4.4819,423,2537480,0.0185307,0.18,1,67700,67277,423
4681041,1.36357,1.79276,424,2538940,0.00741229,0.07,1,67701,67277,424
4683961,3.54543,4.9171,422,2540400,0.00296492,0.07,1,67706,67284,422
4686881,2.61817,1.96684,424,2541860,0.00118597,0.07,1,67708,67284,424
4704761,12.1296,11.7507,425,2552080,0.0854081,0.02,1,67745,67320,425
4707041,5.45184,4.7003,426,2553540,0.0461633,0.1,1,67746,67320,426
4709961,3.98073,5.48012,423,2555000,0.0184653,0.1,1,67749,67326,423
4711621,35.1923,2.19205,479,2556460,0.0793861,0.1,1,67805,67326,479
4714541,15.2769,31.4768,430,2557920,0.0797544,0.1,1,67807,67377,430
4734081,2.04879,0.18674,433,2568140,0.0685817,0.1,1,67832,67399,433
4736161,11.0195,10.8747,432,2569600,0.0754327,0.19,1,67849,67417,432
4744921,4.30525,3.47998,427,2573980,0.223228,0.19,1,67873,67446,427
4746561,2.3221,1.39199,428,2575440,0.227291,0.15,1,67874,67446,428
4756141,7.27865,17.6996,423,2581280,0.0979787,0.06,1,67909,67486,423
4758421,106.711,7.07985,596,2582740,0.0391915,0,1,68082,67486,596
4761341,43.8846,107.832,423,2584200,0.0156766,0,1,68084,67661,423
4764261,18.7538,43.1328,425,2585660,0.00627063,0,1,68086,67661,425
4766741,12.9015,17.2531,434,2587120,0.0385083,0.06,1,68095,67661,434
4769661,6.36061,14.7012,423,2588580,0.0274033,0.06,1,68097,67674,423
4772581,3.74424,5.8805,425,2590040,0.0709613,0.06,1,68099,67674,425
4775501,2.6977,2.3522,427,2591500,0.0643845,0.06,1,68101,67674,427
4777761,1.67908,0.940879,428,2592960,0.0917538,0.02,1,68102,67674,428
4780681,1.87163,3.37635,425,2594420,0.0727015,0.02,1,68104,67679,425
4783601,1.94865,1.35054,427,2595880,0.0410806,0.02,1,68106,67679,427
4786081,1.37946,0.540216,428,2597340,0.0164322,0.12,1,68107,67679,428
4789001,1.75178,5.01609,422,2598800,0.0065729,0.12,1,68109,67687,422
4790661,6.70071,2.00643,432,2600260,0.00262916,0.04,1,68119,67687,432
4793581,3.88029,7.40257,423,2601720,0.00105166,0.04,1,68121,67698,423
4804801,1.44814,0.189506,430,2607560,0.0923789,0,1,68128,67698,430
4807721,1.77925,4.2758,425,2609020,0.0609516,0,1,68130,67705,425
4810641,1.9117,1.71032,427,2610480,0.0243806,0,1,68132,67705,427
4813541,4.96468,0.684128,434,2611940,0.0697522,0.11,1,68139,67705,434
4816461,3.18587,8.07365,423,2613400,0.0639009,0.11,1,68141,67718,423
4822301,2.18974,1.29178,427,2616320,0.0894241,0.11,1,68145,67718,427
4825221,2.0759,0.516714,429,2617780,0.0597697,0.11,1,68147,67718,429
4827681,1.43036,0.206685,430,2619240,0.0359079,0,1,68148,67718,430
4830601,3.57214,4.88267,427,2620700,0.0383631,0,1,68153,67726,427
4834341,13.2915,8.58123,440,2623620,0.0445381,0.06,1,68179,67739,440
4837261,6.51662,11.2325,429,2625080,0.0178152,0.06,1,68181,67752,429
4840161,3.80665,4.493,431,2626540,0.0071261,0.18,1,68183,67752,431
4843081,35.1227,38.3972,426,2628000,0.0748504,0.18,1,68239,67813,426
4845361,14.6491,15.3589,427,2629460,0.0899402,0.18,1,68240,67813,427
4851201,5.46385,5.57742,424,2632380,0.20759,0.18,1,68250,67826,424
4853681,2.78554,2.23097,425,2633840,0.221036,0,1,68251,67826,425
4859521,3.08569,2.51695,424,2636760,0.0953658,0,1,68259,67835,424
4862441,2.43427,1.00678,426,2638220,0.0501463,0,1,68261,67835,426
4865121,2.17371,0.402713,428,2639680,0.0560585,0.17,1,68263,67835,428
4867201,13.4695,11.5611,430,2641140,0.0224234,0.28,1,68284,67854,430
4870121,16.1878,17.8244,426,2642600,0.0209694,0.28,1,68302,67876,426
4873041,8.27512,7.12977,429,2644060,0.00838775,0.28,1,68305,67876,429
4875961,4.51005,2.85191,431,2645520,0.0873551,0.28,1,68307,67876,431
4888421,100.775,6.4036,593,2652820,0.0522737,0.18,1,68509,67916,593
4891341,41.5101,105.761,423,2654280,0.0209095,0.18,1,68511,68088,423
4894261,17.804,42.3046,425,2655740,0.00836379,0.18,1,68513,68088,425
4896741,10.1216,16.9218,430,2657200,0.00334552,0.02,1,68518,68088,430
4898821,5.84864,12.1687,424,2658660,0.00133821,0.08,1,68521,68097,424
4901741,3.53946,6.66749,423,2660120,0.0965353,0.08,1,68523,68100,423
4915281,2.2692,0.490675,428,2667420,0.0932349,0.08,1,68539,68111,428
4920661,4.44307,0.078508,436,2670340,0.0533176,0.12,1,68547,68111,436
4923581,2.97723,9.0314,423,2671800,0.021327,0.12,1,68549,68126,423
4926501,2.39089,3.61256,425,2673260,0.00853081,0.12,1,68551,68126,425
4929421,2.15636,1.44502,427,2674720,0.00341232,0.12,1,68553,68126,427
4931061,1.46254,0.57801,428,2676180,0.00136493,0,1,68554,68126,428
4933981,1.78502,3.8312,424,2677640,0.000545972,0,1,68556,68132,424
4936901,1.91401,1.53248,426,2679100,0.0962184,0,1,68558,68132,426
4939381,2.5656,0.612993,429,2680560,0.0984874,0.08,1,68561,68132,429
4942301,2.22624,5.0452,423,2682020,0.0753949,0.08,1,68563,68140,423
4944161,1.4905,2.01808,424,2683480,0.054158,0,1,68564,68140,424
4962881,3.93145,6.02542,423,2693700,0.089949,0.02,1,68588,68165,423
4965801,18.3726,18.0102,425,2695160,0.0599796,0.02,1,68616,68191,425
4968721,8.54903,7.20407,427,2696620,0.0659918,0.02,1,68618,68191,427
4971201,4.01961,2.88163,428,2698080,0.0623967,0.17,1,68619,68191,428
4974121,36.4078,38.9527,423,2699540,0.0249587,0.17,1,68677,68254,423
4979961,7.50526,6.23242,427,2702460,0.215193,0.17,1,68681,68254,427
4982881,4.2021,2.49297,429,2703920,0.206077,0.17,1,68683,68254,429
4987641,3.31234,7.59888,422,2706840,0.226172,0.18,1,68688,68266,422
4990561,2.52493,3.03955,424,2708300,0.216469,0.18,1,68690,68266,424
5003441,7.98137,6.27112,429,2715600,0.0766358,0.22,1,68736,68307,429
5006361,6.19255,9.70845,422,2717060,0.0666543,0.22,1,68741,68319,422
5019881,100.793,104.475,425,2724360,0.0593193,0,1,68944,68519,425
5022801,42.7173,41.7902,429,2725820,0.0237277,0,1,68948,68519,429
5025721,18.2869,16.7161,431,2727280,0.00949109,0,1,68950,68519,431
5027361,7.91477,6.68643,432,2728740,0.00379644,0.26,1,68951,68519,432
5030281,4.36591,9.27457,423,2730200,0.00151857,0.26,1,68953,68530,423
5033201,2.94636,3.70983,425,2731660,0.00060743,0.26,1,68955,68530,425
5036101,2.37855,1.48393,427,2733120,0.000242972,0.18,1,68957,68530,427
5038181,7.55142,2.99357,434,2734580,0.0720972,0.02,1,68968,68534,434
5041101,4.22057,8.99743,423,2736040,0.0768389,0.02,1,68970,68547,423
5044021,2.88823,3.59897,425,2737500,0.0847355,0.02,1,68972,68547,425
5046941,2.35529,1.43959,427,2738960,0.0578942,0.02,1,68974,68547,427
5052121,4.81685,8.03033,422,2741880,0.0404631,0.12,1,68982,68560,422
5055041,3.12674,3.21213,424,2743340,0.0761852,0.12,1,68984,68560,424
5057961,2.4507,1.28485,426,2744800,0.0664741,0.12,1,68986,68560,426
5060881,2.18028,0.513941,428,2746260,0.0385896,0.12,1,68988,68560,428
5063801,2.07211,0.205577,430,2747720,0.0154359,0.12,1,68990,68560,430
5066721,2.02884,0.0822306,432,2749180,0.0301743,0.12,1,68992,68560,432
5069381,2.01154,0.0328922,434,2750640,0.0120697,0,1,68994,68560,434
5072301,2.00462,3.61316,430,2752100,0.00482789,0,1,68996,68566,430
5075201,2.00185,1.44526,432,2753560,0.00193116,0.16,1,68998,68566,432
5078121,2.00074,5.97811,425,2755020,0.0487725,0.16,1,69000,68575,425
5080401,1.4003,2.39124,426,2756480,0.055509,0.17,1,69001,68575,426
5083321,1.76012,3.3565,424,2757940,0.0342036,0.17,1,69003,68579,424
5086241,1.90405,1.3426,426,2759400,0.0136814,0.17,1,69005,68579,426
5088101,1.36162,0.537039,427,2760860,0.00547257,0.08,1,69006,68579,427
5089761,1.14465,3.21482,423,2762320,0.086189,0.15,1,69007,68584,423
5092681,2.85786,4.28593,422,2763780,0.0704756,0.15,1,69011,68589,422
5095381,22.1431,1.71437,457,2765240,0.0701903,0,1,69046,68589,457
5098301,10.0573,22.2857,423,2766700,0.0400761,0,1,69048,68625,423
5101221,5.2229,8.9143,425,2768160,0.0160304,0,1,69050,68625,425
5109541,7.96627,16.1705,426,2772540,0.0931859,0.21,1,69116,68690,426
5112461,4.38651,6.46821,428,2774000,0.0612744,0.21,1,69118,68690,428
5125541,4.98604,0.450234,438,2781300,0.0838979,0.21,1,69132,68694,438
5132201,17.6951,21.1008,422,2785680,0.223289,0.04,1,69169,68747,422
5135121,8.27804,8.44033,424,2787140,0.239316,0.04,1,69171,68747,424
5138041,4.51122,3.37613,426,2788600,0.221726,0.04,1,69173,68747,426
5139681,2.40449,1.35045,427,2790060,0.202691,0.25,1,69174,68747,427
5150921,97.5064,102.294,425,2795900,0.0543409,0,1,69378,68953,425
5153841,40.2025,40.9175,427,2797360,0.0217363,0,1,69380,68953,427
5156761,17.281,16.367,429,2798820,0.00869454,0,1,69382,68953,429
5158401,7.51241,6.5468,430,2800280,0.00347782,0.21,1,69383,68953,430
5161321,5.40496,9.21872,423,2801740,0.00139113,0.21,1,69387,68964,423
5164241,3.36198,3.68749,425,2803200,0.00055645,0.21,1,69389,68964,425
5169641,3.77792,5.99,422,2806120,0.091289,0.07,1,69395,68973,422
5172561,2.71117,2.396,424,2807580,0.0605156,0.07,1,69397,68973,424
5175041,1.68447,0.9584,425,2809040,0.0542062,0.02,1,69398,68973,425
5177961,3.07379,4.58336,422,2810500,0.0936825,0.02,1,69402,68980,422
5188561,1.86909,0.885334,425,2816340,0.0960943,0,1,69413,68988,425
5191481,3.74764,5.15413,422,2817800,0.0624377,0,1,69418,68996,422
5194401,2.69905,2.06165,424,2819260,0.0249751,0,1,69420,68996,424
5197321,2.27962,0.824661,426,2820720,0.00999003,0,1,69422,68996,426
5200001,2.11185,0.329865,428,2822180,0.00399601,0.14,1,69424,68996,428
5202921,3.84474,6.73195,422,2823640,0.0135984,0.14,1,69429,69007,422
5205841,2.7379,2.69278,424,2825100,0.00543936,0.14,1,69431,69007,424
5208761,2.29516,1.07711,426,2826560,0.0261757,0.14,1,69433,69007,426
5211681,2.11806,0.430844,428,2828020,0.0104703,0.14,1,69435,69007,428
5214601,2.04723,0.172338,430,2829480,0.00418812,0.14,1,69437,69007,430
5217521,2.01889,0.0689351,432,2830940,0.00167525,0.14,1,69439,69007,432
5220181,2.00756,0.027574,434,2832400,0.0606701,0,1,69441,69007,434
5222881,2.00302,5.41103,427,2833860,0.060268,0.19,1,69443,69016,427
5231641,5.07219,4.09031,426,2838240,0.0792172,0.19,1,69481,69055,426
5236621,17.3716,40.8544,425,2841160,0.0894747,0.16,1,69547,69122,425
5245381,2.98378,2.61468,431,2845540,0.0801264,0.16,1,69553,69122,431
5248301,2.39351,1.04587,433,2847000,0.0440506,0.16,1,69555,69122,433
5256181,2.02518,3.42694,425,2851380,0.0762592,0.2,1,69561,69136,425
5258241,1.41007,1.37077,426,2852840,0.0545037,0.12,1,69562,69136,426
5260321,18.564,13.7483,434,2854300,0.0638015,0.19,1,69592,69158,434
5263241,15.2256,15.0993,431,2855760,0.0675206,0.19,1,69605,69174,431
5266161,7.29024,6.03973,433,2857220,0.0990082,0.19,1,69607,69174,433
5281961,95.173,99.0372,423,2865980,0.063155,0,1,69811,69388,423
5284881,39.2692,39.6149,425,2867440,0.025262,0,1,69813,69388,425
5287801,16.9077,15.846,427,2868900,0.0101048,0,1,69815,69388,427
5290721,7.96307,6.33838,429,2870360,0.00404192,0,1,69817,69388,429
5292981,3.78523,2.53535,430,2871820,0.0856168,0.14,1,69818,69388,430
5295901,2.71409,3.41414,428,2873280,0.0942467,0.14,1,69820,69392,428
5297761,1.68564,1.36566,429,2874740,0.0856987,0.19,1,69821,69392,429
5300681,1.87425,4.74626,424,2876200,0.0582795,0.19,1,69823,69399,424
5303601,1.9497,1.8985,426,2877660,0.0233118,0.19,1,69825,69399,426
5306081,1.37988,0.759402,427,2879120,0.00932471,0.17,1,69826,69399,427
5309001,1.75195,3.30376,424,2880580,0.0517299,0.17,1,69828,69404,424
5311281,1.30078,1.3215,425,2882040,0.056692,0.13,1,69829,69404,425
5314201,4.72031,6.5286,422,2883500,0.0466768,0.13,1,69836,69414,422
5317121,3.08812,2.61144,424,2884960,0.0186707,0.13,1,69838,69414,424
5319601,1.83525,1.04458,425,2886420,0.00746828,0,1,69839,69414,425
5333121,1.96663,0.982216,425,2893720,0.0945405,0.06,1,69855,69430,425
5336041,6.78665,8.19289,422,2895180,0.0858162,0.06,1,69865,69443,422
5338961,3.91466,3.27715,424,2896640,0.0583265,0.06,1,69867,69443,424
5341881,2.76586,1.31086,426,2898100,0.0233306,0.06,1,69869,69443,426
5344801,2.30635,0.524345,428,2899560,0.00933223,0.06,1,69871,69443,428
5347721,2.12254,0.209738,430,2901020,0.0397329,0.06,1,69873,69443,430
5350641,2.04902,0.0838951,432,2902480,0.0278932,0.06,1,69875,69443,432
5352261,1.41961,0.0335581,433,2903940,0.0111573,0,1,69876,69443,433
5353921,1.16784,3.01342,429,2905400,0.0044629,0,1,69877,69448,429
5356841,20.8671,25.2054,423,2906860,0.0917852,0,1,69911,69488,423
5359761,9.54685,10.0821,425,2908320,0.0967141,0,1,69913,69488,425
5362241,4.41874,4.03286,426,2909780,0.0866856,0.04,1,69914,69488,426
5365161,38.9675,41.2131,422,2911240,0.0646743,0.04,1,69976,69554,422
5368081,16.787,16.4853,424,2912700,0.0258697,0.04,1,69978,69554,424
5371001,7.9148,6.5941,426,2914160,0.0103479,0.04,1,69980,69554,426
5373921,4.36592,2.63764,428,2915620,0.00413915,0.04,1,69982,69554,428
5375761,2.34637,1.05506,429,2917080,0.00165566,0.12,1,69983,69554,429
5378681,2.13855,2.82202,427,2918540,0.000662264,0.12,1,69985,69558,427
5380961,1.45542,1.12881,428,2920000,0.000264906,0.19,1,69986,69558,428
5383881,3.58217,6.45152,423,2921460,0.096106,0.19,1,69991,69568,423
5394281,15.0245,15.1652,425,2927300,0.0838683,0.22,1,70036,69611,425
5397201,7.2098,6.06606,427,2928760,0.0695473,0.22,1,70038,69611,427
5404681,27.2934,29.7882,425,2933140,0.054371,0.06,1,70085,69660,425
5413001,92.1788,95.5065,422,2937520,0.0793197,0,1,70238,69816,422
5415921,38.0715,38.2026,424,2938980,0.0317279,0,1,70240,69816,424
5418401,15.8286,15.281,425,2940440,0.0126912,0.12,1,70241,69816,425
5421321,7.53144,7.91241,424,2941900,0.00507646,0.12,1,70243,69819,424
5423601,3.61258,3.16496,425,2943360,0.00203058,0.11,1,70244,69819,425
5426521,6.24503,7.86599,422,2944820,0.0128122,0.11,1,70252,69830,422
5429441,3.69801,3.14639,424,2946280,0.00512489,0.11,1,70254,69830,424
5432361,2.6792,1.25856,426,2947740,0.00204996,0.11,1,70256,69830,426
5435281,2.27168,0.503423,428,2949200,0.09682,0.11,1,70258,69830,428
5446701,2.00696,6.01289,426,2955040,0.0838866,0.24,1,70266,69840,426
5449621,2.00278,2.40515,428,2956500,0.0875546,0.24,1,70268,69840,428
5452101,5.00111,0.962062,435,2957960,0.0830218,0.1,1,70275,69840,435
5455021,3.20045,8.78483,423,2959420,0.0572087,0.1,1,70277,69854,423
5457921,2.48018,3.51393,425,2960880,0.0828835,0,1,70279,69854,425
5460841,3.39207,5.60557,422,2962340,0.0451534,0,1,70283,69861,422
5463761,2.55683,2.24223,424,2963800,0.0180614,0,1,70285,69861,424
5465621,5.82273,0.896891,432,2965260,0.0792245,0.08,1,70293,69861,432
5468541,3.52909,6.95876,423,2966720,0.0796898,0.08,1,70295,69872,423
5471461,2.61164,2.7835,425,2968180,0.0558759,0.08,1,70297,69872,425
5474381,2.24465,1.1134,427,2969640,0.0643504,0.08,1,70299,69872,427
5477061,2.09786,0.44536,429,2971100,0.0497401,0,1,70301,69872,429
5479981,2.03914,2.57814,427,2972560,0.0198961,0,1,70303,69876,427
5482261,3.21566,1.03126,431,2974020,0.00795842,0.1,1,70307,69876,431
5484961,2.48626,5.8125,424,2975480,0.00318337,0,1,70309,69885,424
5496201,39.6397,42.2544,423,2981320,0.0430895,0.22,1,70410,69987,423
5499121,17.0559,16.9018,425,2982780,0.0292358,0.22,1,70412,69987,425
5502041,8.02234,6.7607,427,2984240,0.0116943,0.22,1,70414,69987,427
5504961,4.40894,2.70428,429,2985700,0.00467773,0.22,1,70416,69987,429
5507881,2.96357,1.08171,431,2987160,0.00187109,0.22,1,70418,69987,431
5510801,2.38543,0.432685,433,2988620,0.000748436,0.22,1,70420,69987,433
5513461,3.35417,0.173074,437,2990080,0.000299374,0.12,1,70424,69987,437
5515541,3.74167,3.66923,435,2991540,0.0841198,0.2,1,70428,69993,435
5518461,3.89667,8.66769,427,2993000,0.207648,0.2,1,70432,70005,427
5520321,2.15867,3.46708,428,2994460,0.245059,0.13,1,70433,70005,428
5528241,5.75415,4.97389,428,2998840,0.447444,0.14,1,70469,70041,428
5538641,12.5697,12.1273,424,3004680,0.258319,0.18,1,70524,70100,424
5541121,5.62788,4.85093,425,3006140,0.217327,0.13,1,70525,70100,425
5544041,88.0512,89.5404,422,3007600,0.086931,0.13,1,70668,70246,422
5546961,36.4205,35.8161,424,3009060,0.0347724,0.13,1,70670,70246,424
5549881,15.7682,14.3265,426,3010520,0.013909,0.13,1,70672,70246,426
5552801,7.50727,5.73058,428,3011980,0.00556358,0.13,1,70674,70246,428
5554641,3.60291,2.29223,429,3013440,0.00222543,0,1,70675,70246,429
5557561,4.44116,6.91689,424,3014900,0.0368902,0,1,70680,70256,424
5559841,2.37647,2.76676,425,3016360,0.0387561,0.15,1,70681,70256,425
5562761,2.75059,4.7067,422,3017820,0.0155024,0.15,1,70684,70262,422
5565681,2.30023,1.88268,424,3019280,0.00620097,0.15,1,70686,70262,424
5568601,2.12009,0.753072,426,3020740,0.00248039,0.15,1,70688,70262,426
5578981,6.16467,0.595279,434,3026580,0.0684155,0.06,1,70702,70268,434
5581901,3.66587,8.03811,423,3028040,0.0273662,0.06,1,70704,70281,423
5595621,2.61706,1.76231,427,3035340,0.0522162,0.1,1,70715,70288,427
5597701,7.04682,4.30492,431,3036800,0.0568865,0.02,1,70725,70294,431
5600621,4.01873,7.72197,423,3038260,0.0347546,0.02,1,70727,70304,423
5603541,2.80749,3.08879,425,3039720,0.0139018,0.02,1,70729,70304,425
5606461,2.323,1.23551,427,3041180,0.00556073,0.02,1,70731,70304,427
5609381,2.1292,0.494206,429,3042640,0.00222429,0.02,1,70733,70304,429
5612261,3.85168,0.197682,434,3044100,0.0128897,0.18,1,70738,70304,434
5615181,2.74067,6.67907,425,3045560,0.00515589,0.18,1,70740,70315,425
5617461,22.6963,2.67163,461,3047020,0.00206235,0,1,70776,70315,461
5620381,10.2785,24.4687,424,3048480,0.0968249,0,1,70778,70354,424
5625781,41.7246,3.91498,492,3051400,0.044292,0,1,70846,70354,492
5628701,17.8898,41.766,427,3052860,0.0177168,0,1,70848,70421,427
5631621,8.35593,16.7064,429,3054320,0.00708672,0,1,70850,70421,429
5634541,4.54237,6.68256,431,3055780,0.00283469,0,1,70852,70421,431
5637461,3.01695,2.67302,433,3057240,0.00113387,0,1,70854,70421,433
5640381,2.40678,1.06921,435,3058700,0.00045355,0,1,70856,70421,435
5645341,5.18508,7.37107,440,3061620,0.230473,0.27,1,70873,70433,440
5648261,3.27403,2.94843,442,3063080,0.272189,0.27,1,70875,70433,442
5650741,3.70961,1.17937,446,3064540,0.276876,0.48,1,70879,70433,446
5652821,15.2838,3.47175,464,3066000,0.27275,0.43,1,70902,70438,464
5654901,11.5135,18.7887,444,3067460,0.2651,0.38,1,70911,70467,444
5657821,5.80541,11.7155,439,3068920,0.23204,0.38,1,70913,70474,439
5670501,5.49497,10.632,434,3076220,0.227602,0.19,1,70959,70525,434
5672161,3.99799,9.65279,428,3077680,0.229041,0.1,1,70962,70534,428
5675081,84.3992,90.2611,422,3079140,0.0916163,0.1,1,71100,70678,422
5678001,34.9597,36.1044,424,3080600,0.0366465,0.1,1,71102,70678,424
5680921,15.1839,14.4418,426,3082060,0.0146586,0.1,1,71104,70678,426
5683841,7.27355,5.77671,428,3083520,0.0778634,0.1,1,71106,70678,428
5685681,3.50942,2.31068,429,3084980,0.0911454,0,1,71107,70678,429
5688601,2.60377,3.92427,426,3086440,0.0724581,0,1,71109,70683,426
5690881,1.64151,1.56971,427,3087900,0.0529833,0.22,1,71110,70683,427
5693801,4.2566,7.22788,422,3089360,0.0211933,0.22,1,71116,70694,422
5696721,2.90264,2.89115,424,3090820,0.00847732,0.22,1,71118,70694,424
5699641,2.36106,1.15646,426,3092280,0.00339093,0.22,1,71120,70694,426
5702561,2.14442,0.462584,428,3093740,0.00135637,0.22,1,71122,70694,428
5713361,3.1077,3.85184,424,3099580,0.0987707,0.12,1,71134,70710,424
5723761,3.37236,3.21861,424,3105420,0.0944965,0.1,1,71147,70723,424
5732081,2.71183,2.12599,424,3109800,0.0655678,0,1,71155,70731,424
5734561,1.68473,0.850396,425,3111260,0.0382271,0.06,1,71156,70731,425
5737481,6.67389,8.14016,422,3112720,0.0152908,0.06,1,71166,70744,422
5740401,3.86956,3.25606,424,3114180,0.00611634,0.06,1,71168,70744,424
5743321,2.74782,1.30243,426,3115640,0.0864465,0.06,1,71170,70744,426
5746001,2.29913,0.52097,428,3117100,0.0945786,0.02,1,71172,70744,428
5754321,5.16314,4.16134,429,3121480,0.091493,0.18,1,71216,70787,429
5757241,41.0653,44.2645,423,3122940,0.0365972,0.18,1,71281,70858,423
5760161,17.6261,17.7058,425,3124400,0.0146389,0.18,1,71283,70858,425
5763081,8.25044,7.08233,427,3125860,0.0658555,0.18,1,71285,70858,427
5766001,4.50018,2.83293,429,3127320,0.0623422,0.18,1,71287,70858,429
5768921,3.00007,1.13317,431,3128780,0.0369369,0.18,1,71289,70858,431
5770961,1.80003,0.453269,432,3130240,0.0447748,0.28,1,71290,70858,432
5773881,12.12,12.7813,430,3131700,0.20991,0.28,1,71309,70879,430
5776801,6.048,5.11252,432,3133160,0.287964,0.28,1,71311,70879,432
5781361,7.80768,8.018,432,3136080,0.212874,0.3,1,71323,70891,432
5783441,9.72307,14.0072,425,3137540,0.23515,0.09,1,71334,70909,425
5786361,13.4892,12.2029,430,3139000,0.22606,0.09,1,71350,70920,430
5796761,23.0541,24.9124,431,3144840,0.203835,0.25,1,71392,70961,431
5799681,10.4216,9.96496,433,3146300,0.207534,0.25,1,71394,70961,433
5804661,83.8675,4.59439,568,3149220,0.0572054,0,1,71534,70966,568
5807581,34.747,90.0378,423,3150680,0.0228822,0,1,71536,71113,423
5810501,15.0988,36.0151,425,3152140,0.00915287,0,1,71538,71113,425
5813421,7.23952,14.406,427,3153600,0.00366115,0,1,71540,71113,427
5816341,4.09581,5.76242,429,3155060,0.0254645,0,1,71542,71113,429
5819261,2.83832,2.30497,431,3156520,0.0101858,0,1,71544,71113,431
5821921,2.33533,0.921986,433,3157980,0.00407431,0,1,71546,71113,433
5824001,1.53413,3.36879,429,3159440,0.00162973,0.19,1,71547,71118,429
5826921,4.21365,7.34752,425,3160900,0.00065189,0.19,1,71553,71128,425
5829841,2.88546,2.93901,427,3162360,0.000260756,0.19,1,71555,71128,427
5832761,2.35418,1.1756,429,3163820,0.000104302,0.19,1,71557,71128,429
5835681,2.14167,0.470241,431,3165280,4.1721e-05,0.19,1,71559,71128,431
5852721,2.38458,2.78017,424,3174040,0.236049,0.17,1,71572,71148,424
5861461,2.60061,2.81793,425,3178420,0.202547,0.08,1,71584,71159,425
5864381,2.24025,1.12717,427,3179880,0.207019,0.08,1,71586,71159,427
5872901,2.68738,3.67214,425,3184260,0.0689292,0.06,1,71599,71174,425
5875821,2.27495,1.46886,427,3185720,0.0275717,0.06,1,71601,71174,427
5878501,30.91,0.587542,477,3187180,0.0110287,0,1,71651,71174,477
5881421,13.564,30.235,429,3188640,0.00441147,0,1,71653,71224,429
5884341,6.6256,12.094,431,3190100,0.00176459,0,1,71655,71224,431
5886821,36.8502,4.8376,488,3191560,0.0607058,0.1,1,71712,71224,488
5889741,15.9401,42.135,423,3193020,0.0602823,0.1,1,71714,71291,423
5892661,7.57604,16.854,425,3194480,0.0841129,0.1,1,71716,71291,425
5895581,4.23041,6.74161,427,3195940,0.0696452,0.1,1,71718,71291,427
5898501,2.89217,2.69664,429,3197400,0.0398581,0.1,1,71720,71291,429
5901421,2.35687,1.07866,431,3198860,0.0279432,0.1,1,71722,71291,431
5903461,15.3427,0.431463,455,3200320,0.251177,0.29,1,71746,71291,455
5911781,8.85394,2.42761,446,3204700,0.272635,0.24,1,71762,71316,446
5915941,11.6166,12.9884,439,3207620,0.252422,0.1,1,71785,71346,439
5926341,17.9662,10.8781,455,3213460,0.287262,0.1,1,71827,71372,455
5929261,8.38647,20.5512,430,3214920,0.240905,0.1,1,71829,71399,430
5931541,6.95459,8.2205,436,3216380,0.288362,0.19,1,71835,71399,436
5933201,3.38184,8.6882,428,3217840,0.295345,0,1,71836,71408,428
5936121,82.3527,88.0753,422,3219300,0.250138,0,1,71971,71549,422
5939041,34.1411,35.2301,424,3220760,0.202055,0,1,71973,71549,424
5947801,4.05703,2.25473,430,3225140,0.0710115,0,1,71979,71549,430
5950721,2.82281,0.901891,432,3226600,0.0284046,0,1,71981,71549,432
5953641,2.32912,0.360756,434,3228060,0.0113618,0,1,71983,71549,434
5956501,5.13165,0.144302,441,3229520,0.00454474,0.26,1,71990,71549,441
5959421,3.25266,7.25772,431,3230980,0.0978179,0.26,1,71992,71561,431
5965261,2.20043,1.16124,435,3233900,0.0924509,0.26,1,71996,71561,435
5967941,2.08017,0.464494,437,3235360,0.0609803,0.28,1,71998,71561,437
5970861,2.03207,6.7858,428,3236820,0.0243921,0.28,1,72000,71572,428
5973781,2.01283,2.71432,430,3238280,0.0337569,0.28,1,72002,71572,430
5976701,2.00513,1.08573,432,3239740,0.0135027,0.28,1,72004,71572,432
5979621,2.00205,0.434291,434,3241200,0.0054011,0.28,1,72006,71572,434
5981461,1.40082,0.173716,435,3242660,0.0621604,0.1,1,72007,71572,435
5984381,1.76033,6.06949,427,3244120,0.0608642,0.1,1,72009,71582,427
5986241,1.30413,2.42779,428,3245580,0.0483457,0.13,1,72010,71582,428
5997481,1.93419,2.36135,424,3251420,0.0946456,0.06,1,72022,71598,424
6005181,2.71579,4.95113,425,3255800,0.0862173,0.09,1,72031,71606,425
6007461,32.2863,1.98045,477,3257260,0.0344869,0,1,72083,71606,477
6010381,14.1145,32.5922,426,3258720,0.0137948,0,1,72085,71659,426
6013301,6.84581,13.0369,428,3260180,0.00551791,0,1,72087,71659,428
6015361,3.33832,5.21475,429,3261640,0.00220716,0,1,72088,71659,429
6018281,37.3353,41.0859,424,3263100,0.0608829,0,1,72148,71724,424
6021201,16.1341,16.4344,426,3264560,0.0603531,0,1,72150,71724,426
6024121,7.65365,6.57374,428,3266020,0.0361413,0,1,72152,71724,428
6027041,4.26146,2.6295,430,3267480,0.0144565,0,1,72154,71724,430
6029961,2.90458,1.0518,432,3268940,0.0477826,0,1,72156,71724,432
6032001,1.76183,0.420719,433,3270400,0.079113,0.27,1,72157,71724,433
6044481,4.4638,8.08655,431,3277700,0.296701,0.34,1,72207,71776,431
6054881,12.6759,11.0598,438,3283540,0.407292,0.32,1,72248,71810,438
6065701,79.6685,1.96313,563,3289380,0.290123,0.02,1,72401,71838,563
6085461,6.32725,2.7522,432,3299600,0.294061,0,1,72422,71990,432
6088381,3.7309,7.10088,424,3301060,0.261624,0,1,72424,72000,424
6091301,2.69236,2.84035,426,3302520,0.21865,0,1,72426,72000,426
6100021,2.04431,0.181782,432,3306900,0.0967936,0.02,1,72432,72000,432
6107721,1.76284,6.29963,424,3311280,0.0810748,0.25,1,72437,72013,424
6113561,1.96205,1.00794,428,3314200,0.092172,0.25,1,72441,72013,428
6137461,29.9744,3.44958,468,3327340,0.0672827,0,1,72511,72043,468
6140381,13.1897,29.5798,423,3328800,0.0269131,0,1,72513,72090,423
6143301,6.4759,11.8319,425,3330260,0.0107652,0,1,72515,72090,425
6146221,3.79036,4.73277,427,3331720,0.00430609,0,1,72517,72090,427
6147861,41.1161,1.89311,493,3333180,0.0857224,0.03,1,72583,72090,493
6156621,4.50343,6.84116,429,3337560,0.0976462,0.03,1,72589,72160,429
6159541,3.00137,2.73646,431,3339020,0.0990585,0.03,1,72591,72160,431
6185301,17.6018,2.40692,463,3353620,0.273266,0.41,1,72696,72233,463
6187381,13.0407,14.7628,450,3355080,0.271306,0.33,1,72706,72256,450
6267461,31.6246,5.20311,474,3398880,0.290773,0,1,72943,72469,474
6270381,13.8499,32.0812,426,3400340,0.218309,0,1,72945,72519,426
6280781,16.4634,42.8213,423,3406180,0.264261,0.08,1,73012,72589,423
6283701,7.78534,17.1285,425,3407640,0.267704,0.08,1,73014,72589,425
6289101,4.36565,8.14056,426,3410560,0.296033,0.01,1,73024,72598,426
6292021,2.94626,3.25622,428,3412020,0.268413,0.01,1,73026,72598,428
6294501,32.9785,1.30249,481,3413480,0.239365,0.38,1,73079,72598,481
6297421,14.3914,27.521,438,3414940,0.203746,0.38,1,73081,72643,438
6312821,3.27956,5.15273,437,3423700,0.240879,0.31,1,73107,72670,437
6315301,21.1118,2.06109,470,3425160,0.210351,0.37,1,73140,72670,470
6350661,4.38184,0.404864,457,3444140,0.0682876,0.66,1,73310,72853,457
6358981,1.55244,1.08191,451,3448520,0.0898104,0.56,1,73315,72864,451
6361901,1.82098,3.43276,448,3449980,0.0599242,0.56,1,73317,72869,448
6364821,1.92839,1.37311,450,3451440,0.0239697,0.56,1,73319,72869,450
6367301,1.37136,0.549242,451,3452900,0.00958787,0.64,1,73320,72869,451
6370221,1.74854,6.8197,442,3454360,0.00383515,0.64,1,73322,72880,442
6383521,1.39743,0.0698337,451,3461660,0.211268,0.6,1,73331,72880,451
6386441,4.75897,8.42793,444,3463120,0.222507,0.6,1,73338,72894,444
6389361,3.10359,3.37117,446,3464580,0.203003,0.6,1,73340,72894,446
6396001,3.63063,6.21576,444,3468960,0.0825922,0.14,1,73348,72904,444
6431361,5.64417,5.29417,429,3487940,0.092202,0.22,1,73513,73084,429
6462361,15.1065,16.6677,423,3506920,0.252333,0.13,1,73723,73300,423
6465281,7.24259,6.66706,425,3508380,0.262933,0.13,1,73725,73300,425
6468201,4.09704,2.66682,427,3509840,0.243173,0.13,1,73727,73300,427
6476721,2.85421,3.05068,424,3514220,0.293963,0.14,1,73736,73312,424
6479641,2.34168,1.22027,426,3515680,0.261585,0.14,1,73738,73312,426
6481281,1.53667,0.488108,427,3517140,0.230634,0,1,73739,73312,427
6484201,4.81467,4.99524,426,3518600,0.266254,0,1,73746,73320,426
6487121,3.12587,1.9981,428,3520060,0.262501,0,1,73748,73320,428
6490041,2.45035,0.799239,430,3521520,0.231001,0,1,73750,73320,430
6492961,2.18014,0.319696,432,3522980,0.2844,0,1,73752,73320,432
6495841,2.07206,0.127878,434,3524440,0.27576,0.19,1,73754,73320,434
6498761,2.02882,3.65115,430,3525900,0.248304,0.19,1,73756,73326,430
6501681,2.01153,1.46046,432,3527360,0.213322,0.19,1,73758,73326,432
6504161,1.40461,0.584184,433,3528820,0.205329,0.23,1,73759,73326,433
6507081,1.76184,7.43367,423,3530280,0.250131,0.23,1,73761,73338,423
6510001,1.90474,2.97347,425,3531740,0.244053,0.23,1,73763,73338,425
6512921,1.9619,1.18939,427,3533200,0.217621,0.23,1,73765,73338,427
6517481,4.7539,7.3903,423,3536120,0.204019,0.25,1,73773,73350,423
6531421,9.7082,24.6757,424,3543420,0.246035,0.08,1,73815,73391,424
6534341,5.08328,9.87027,426,3544880,0.248414,0.08,1,73817,73391,426
6537261,3.23331,3.94811,428,3546340,0.243366,0.08,1,73819,73391,428
6538901,39.0933,1.57924,491,3547800,0.235346,0.16,1,73882,73391,491
6541821,16.8373,42.6317,423,3549260,0.232138,0.16,1,73884,73461,423
6544741,7.93493,17.0527,425,3550720,0.206855,0.16,1,73886,73461,425
6547221,6.77397,6.82107,431,3552180,0.226742,0.07,1,73892,73461,431
6550141,3.90959,6.32843,427,3553640,0.204697,0.07,1,73894,73467,427
6553061,2.76384,2.53137,429,3555100,0.207879,0.07,1,73896,73467,429
6555541,30.5055,1.01255,478,3556560,0.0831515,0.17,1,73945,73467,478
6564301,3.82435,5.4408,428,3560940,0.207642,0.17,1,73951,73523,428
6565941,8.12974,2.17632,439,3562400,0.0830567,0.05,1,73962,73523,439
6593401,15.8279,18.6145,430,3578460,0.20746,0.32,1,74164,73734,430
6596321,7.53118,7.4458,432,3579920,0.202984,0.32,1,74166,73734,432
6599241,4.21247,2.97832,434,3581380,0.219194,0.32,1,74168,73734,434
6601921,2.88499,1.19133,436,3582840,0.201677,0.24,1,74170,73734,436
6623161,2.42682,1.14046,432,3594520,0.212652,0.21,1,74189,73757,432
6645601,1.40028,0.0806194,434,3606200,0.0873756,0.22,1,74204,73770,434
6659961,18.9398,23.6159,427,3613500,0.234424,0.16,1,74250,73823,427
6662881,8.77591,9.44635,429,3614960,0.23177,0.16,1,74252,73823,429
6665801,4.71036,3.77854,431,3616420,0.200708,0.16,1,74254,73823,431
6685541,25.8101,1.42497,468,3628100,0.214832,0.17,1,74375,73907,468
6688461,11.5241,28.77,423,3629560,0.205933,0.17,1,74377,73954,423
6694301,3.52385,4.6032,427,3632480,0.233349,0.17,1,74381,73954,427
6703221,4.97181,3.90984,434,3638320,0.0654937,0.07,1,74411,73977,434
6711141,4.7822,8.17023,431,3642700,0.0973116,0.25,1,74444,74013,431
6715701,22.8452,1.30724,469,3645620,0.20157,0.12,1,74482,74013,469
6720701,30.5352,76.2892,426,3648540,0.0778512,0.22,1,74591,74165,426
6723601,13.4141,30.5157,428,3650000,0.0311405,0.17,1,74593,74165,428
6726521,7.76564,15.8063,426,3651460,0.0844562,0.17,1,74597,74171,426
6729441,4.90625,6.32251,429,3652920,0.0697825,0.17,1,74600,74171,429
6739421,1.7384,3.28186,428,3658760,0.0985544,0.11,1,74606,74178,428
6742341,1.89536,1.31274,430,3660220,0.0634218,0.11,1,74608,74178,430
6744821,1.35814,0.525097,431,3661680,0.0373687,0.22,1,74609,74178,431
6746901,4.74326,3.81004,432,3663140,0.0869475,0.17,1,74616,74184,432
6751901,2.67892,7.92961,423,3666060,0.213112,0.21,1,74621,74198,423
6754821,2.27157,3.17184,425,3667520,0.223245,0.21,1,74623,74198,425
6757741,2.10863,1.26874,427,3668980,0.215298,0.21,1,74625,74198,427
6763581,2.01738,0.202998,431,3671900,0.243248,0.21,1,74629,74198,431
6765201,1.40695,0.0811991,432,3673360,0.271299,0.07,1,74630,74198,432
6768121,1.76278,3.63248,428,3674820,0.25852,0.07,1,74632,74204,428
6771041,1.90511,1.45299,430,3676280,0.223408,0.07,1,74634,74204,430
6780181,6.91757,5.0772,436,3682120,0.200839,0.19,1,74652,74216,436
6796841,4.47774,3.15424,431,3690880,0.0902889,0.13,1,74689,74258,431
6801401,39.9564,43.1047,426,3693800,0.228046,0.26,1,74755,74329,426
6804321,17.1826,17.2419,428,3695260,0.265218,0.26,1,74757,74329,428
6807241,8.07303,6.89675,430,3696720,0.256087,0.26,1,74759,74329,430
6808881,3.82921,2.7587,431,3698180,0.240435,0.22,1,74760,74329,431
6811801,4.53168,8.30348,424,3699640,0.276174,0.22,1,74765,74341,424
6814081,2.41267,3.32139,425,3701100,0.27847,0.18,1,74766,74341,425
6819281,10.346,9.41142,428,3704020,0.0445551,0.19,1,74806,74378,428
6829481,11.3097,13.2297,422,3709860,0.211477,0.12,1,74836,74414,422
6835301,23.8895,2.11676,460,3712780,0.0914363,0.15,1,74874,74414,460
6847781,71.8721,24.8732,531,3720080,0.215218,0.17,1,75023,74492,531
6850701,29.9489,75.9493,423,3721540,0.212087,0.17,1,75025,74602,423
6876901,5.36785,2.45097,439,3736140,0.211045,0.13,1,75052,74613,439
6878981,2.74714,4.58039,434,3737600,0.204418,0.29,1,75053,74619,434
6893581,2.00765,0.215863,433,3744900,0.0850372,0.29,1,75063,74630,433
6906641,1.38472,0.42461,430,3752200,0.202269,0.14,1,75071,74641,430
6914561,4.02462,3.48317,426,3756580,0.0407852,0.09,1,75085,74659,426
6922041,21.6896,25.4229,422,3760960,0.22773,0.13,1,75123,74701,422
6924961,9.87583,10.1692,424,3762420,0.223092,0.13,1,75125,74701,424
6935361,16.7456,14.9003,431,3768260,0.0520792,0.19,1,75193,74762,431
6938281,7.89825,5.96013,433,3769720,0.0208317,0.19,1,75195,74762,433
6945121,4.08149,3.74145,433,3774100,0.0930132,0.29,1,75209,74776,433
6948041,17.8326,21.8966,426,3775560,0.0492053,0.29,1,75236,74810,426
6950321,7.73304,8.75863,427,3777020,0.0196821,0.2,1,75237,74810,427
6953241,9.69322,6.50345,433,3778480,0.0558728,0.2,1,75248,74815,433
6955521,4.47729,2.60138,434,3779940,0.0583491,0.3,1,75249,74815,434
6957601,5.39091,5.84055,432,3781400,0.0953397,0.14,1,75255,74823,432
6975701,23.372,5.65612,463,3793080,0.0839144,0.15,1,75354,74891,463
6977781,69.9488,23.8624,528,3794540,0.0335658,0.27,1,75455,74927,528
6980701,29.1795,72.545,425,3796000,0.0854263,0.27,1,75457,75032,425
6983621,12.8718,29.018,427,3797460,0.0821705,0.27,1,75459,75032,427
6989461,3.73949,4.64288,431,3800380,0.215947,0.27,1,75463,75032,431
7008361,6.76937,7.42476,427,3810600,0.26313,0.15,1,75486,75059,427
7011281,3.90775,2.9699,429,3812060,0.273252,0.15,1,75488,75059,429
7014201,2.7631,1.18796,431,3813520,0.253301,0.15,1,75490,75059,431
7015841,1.70524,0.475185,432,3814980,0.22732,0.08,1,75491,75059,432
7026881,2.13645,3.24736,424,3820820,0.202907,0.21,1,75499,75075,424
7029801,2.05458,1.29895,426,3822280,0.201163,0.21,1,75501,75075,426
7035641,2.00873,0.207831,430,3825200,0.234986,0.21,1,75505,75075,430
7038561,2.00349,0.0831325,432,3826660,0.231994,0.21,1,75507,75075,432
7049981,2.30729,1.53813,432,3832500,0.0671871,0.25,1,75523,75091,432
7054541,9.96917,23.0461,431,3835420,0.26395,0.12,1,75560,75129,431
7057461,5.18767,9.21844,433,3836880,0.27958,0.12,1,75562,75129,433
7062021,36.71,1.47495,494,3839800,0.222333,0.24,1,75623,75129,494
7064941,15.884,42.59,426,3841260,0.268933,0.24,1,75625,75199,426
7067861,7.5536,17.036,428,3842720,0.263573,0.24,1,75627,75199,428
7070781,4.22144,6.8144,430,3844180,0.231429,0.24,1,75629,75199,430
7075341,2.59543,8.2903,423,3847100,0.208629,0.2,1,75634,75211,423
7077621,23.2382,3.31612,460,3848560,0.215451,0.08,1,75671,75211,460
7091561,12.2015,11.6663,433,3855860,0.068811,0.31,1,75707,75274,433
7093841,5.48059,4.66651,434,3857320,0.0275244,0.14,1,75708,75274,434
7099681,12.3969,12.7466,429,3860240,0.234804,0.14,1,75753,75324,429
7102601,6.15876,5.09866,431,3861700,0.219922,0.14,1,75755,75324,431
7104241,3.0635,2.03946,432,3863160,0.201969,0.19,1,75756,75324,432
7114441,15.5824,16.6698,427,3869000,0.0725624,0.21,1,75895,75468,427
7117361,7.43297,6.66792,429,3870460,0.029025,0.21,1,75897,75468,429
7127761,3.12308,1.8507,432,3876300,0.054215,0.19,1,75907,75475,432
7137941,5.62875,2.20738,437,3882140,0.22046,0.17,1,75921,75484,437
7140861,3.4515,6.28295,430,3883600,0.220184,0.17,1,75923,75493,430
7146701,2.23224,1.00527,434,3886520,0.228429,0.17,1,75927,75493,434
7148341,1.4929,0.402109,435,3887980,0.223372,0.2,1,75928,75493,435
7151261,1.79716,4.96084,429,3889440,0.233349,0.2,1,75930,75501,429
7154181,1.91886,1.98434,431,3890900,0.213339,0.2,1,75932,75501,431
7157101,1.96755,0.793735,433,3892360,0.217336,0.2,1,75934,75501,433
7173101,3.44601,4.43365,427,3901120,0.0834348,0.04,1,75950,75523,427
7176021,3.7784,1.77346,431,3902580,0.0333739,0.04,1,75954,75523,431
7183081,22.6338,23.7535,427,3906960,0.226776,0.35,1,75996,75569,427
7186001,10.2535,9.5014,429,3908420,0.24071,0.35,1,75998,75569,429
7188921,5.30141,3.80056,431,3909880,0.216284,0.35,1,76000,75569,431
7193481,35.8882,39.6081,425,3912800,0.227805,0.23,1,76059,75634,425
7196401,15.5553,15.8432,427,3914260,0.211122,0.23,1,76061,75634,427
7202241,4.16885,2.53492,431,3917180,0.27378,0.23,1,76065,75634,431
7204501,8.26754,1.01397,442,3918640,0.259512,0.17,1,76076,75634,442
7206161,3.90702,9.40559,428,3920100,0.241805,0.2,1,76077,75649,428
7209081,23.7628,25.3622,429,3921560,0.240722,0.2,1,76114,75685,429
7211361,10.1051,10.1449,430,3923020,0.228289,0.2,1,76115,75685,430
7217201,4.25682,4.98318,424,3925940,0.210526,0.2,1,76123,75699,424
7219681,2.30273,1.99327,425,3927400,0.22221,0.04,1,76124,75699,425
7233001,14.2153,12.7683,429,3934700,0.0834722,0.17,1,76198,75769,429
7235281,6.2861,5.1073,430,3936160,0.0573889,0.23,1,76199,75769,430
7240281,60.4058,64.2972,425,3939080,0.0871822,0,1,76322,75897,425
7243201,26.5623,25.7189,429,3940540,0.0468729,0,1,76326,75897,429
7246101,13.6249,10.2875,434,3942000,0.0187492,0.06,1,76331,75897,434
7249021,6.64997,8.91502,428,3943460,0.00749966,0.06,1,76333,75905,428
7264001,2.60465,2.00452,431,3952220,0.202533,0.26,1,76346,75915,431
7266481,1.64186,0.801806,432,3953680,0.201013,0.24,1,76347,75915,432
7278161,2.22123,0.596526,431,3959520,0.0805059,0.24,1,76361,75930,431
7280421,3.88849,0.23861,436,3960980,0.0562024,0.14,1,76366,75930,436
7292101,2.04835,0.582108,429,3966820,0.202415,0.14,1,76374,75945,429
7295021,2.01934,0.232843,431,3968280,0.206966,0.14,1,76376,75945,431
7305381,3.2005,0.581961,435,3974120,0.0579063,0.24,1,76386,75951,435
7307041,1.8802,3.23278,431,3975580,0.0231625,0.26,1,76387,75956,431
7309961,5.55208,8.49311,427,3977040,0.069265,0.26,1,76395,75968,427
7321421,3.28133,3.57742,431,3982880,0.0821252,0.29,1,76434,76003,431
7341581,8.55037,20.1184,431,3994560,0.0857225,0.16,1,76549,76118,431
7346781,4.72806,12.2189,427,3997480,0.240516,0.19,1,76560,76133,427
7349701,3.09122,4.88758,429,3998940,0.246206,0.19,1,76562,76133,429
7357381,19.5178,4.8728,456,4003320,0.207517,0.1,1,76608,76152,456
7360301,9.00714,22.3491,424,4004780,0.209007,0.1,1,76610,76186,424
7365501,6.72114,14.3759,425,4007700,0.0766411,0.17,1,76629,76204,425
7367781,27.8885,5.75034,467,4009160,0.0306564,0.11,1,76671,76204,467
7379841,3.21262,5.55584,430,4016460,0.200685,0.22,1,76765,76335,430
7388601,2.17361,1.41157,426,4020840,0.231724,0.22,1,76772,76346,426
7391281,2.06944,0.564629,428,4022300,0.23669,0.06,1,76774,76346,428
7402961,2.38578,0.590454,431,4028140,0.207083,0.06,1,76792,76361,431
7405841,2.15431,0.236182,433,4029600,0.238833,0.06,1,76794,76361,433
7408761,2.06172,2.49447,431,4031060,0.227533,0.06,1,76796,76365,431
7416261,2.09995,3.27965,425,4035440,0.239922,0.17,1,76803,76378,425
7419181,2.03998,1.31186,427,4036900,0.257969,0.17,1,76805,76378,427
7422101,2.01599,0.524743,429,4038360,0.235188,0.17,1,76807,76378,429
7425021,2.0064,0.209897,431,4039820,0.202075,0.17,1,76809,76378,431
7454521,43.3013,41.4223,430,4055880,0.0594732,0.19,1,76937,76507,430
7456801,17.9205,16.5689,431,4057340,0.0237893,0.2,1,76938,76507,431
7462641,6.22728,4.33103,432,4060260,0.0902063,0.2,1,76946,76514,432
7467201,2.07637,5.49296,427,4063180,0.094833,0.28,1,76949,76522,427
7470121,23.0305,21.9972,431,4064640,0.0499332,0.28,1,76986,76555,431
7472401,9.81222,8.79887,432,4066100,0.0199733,0.16,1,76987,76555,432
7498401,35.7291,32.9379,431,4080700,0.043415,0.18,1,77114,76683,431
7518181,2.59086,2.97536,430,4090920,0.0832202,0.26,1,77207,76777,430
7521101,2.23635,1.19014,432,4092380,0.0992881,0.26,1,77209,76777,432
7529621,2.87913,3.67617,432,4096760,0.0891544,0.22,1,77224,76792,432
7532101,1.75165,1.47047,433,4098220,0.0656618,0.26,1,77225,76792,433
7533761,1.30066,1.78819,432,4099680,0.0382647,0.29,1,77226,76794,432
7536681,1.72026,5.51527,426,4101140,0.0153059,0.29,1,77228,76802,426
7539601,1.88811,2.20611,428,4102600,0.0301224,0.29,1,77230,76802,428
7542521,1.95524,0.882444,430,4104060,0.0120489,0.29,1,77232,76802,430
7544161,1.3821,0.352978,431,4105520,0.00481958,0.17,1,77233,76802,431
7547081,3.55284,8.54119,422,4106980,0.0739278,0.17,1,77238,76816,422
7552921,2.24845,1.36659,426,4109900,0.214628,0.17,1,77242,76816,426
7574121,20.124,20.9097,430,4121580,0.207378,0.19,1,77294,76864,430
7576401,8.6496,8.36388,431,4123040,0.226951,0.23,1,77295,76864,431
7579321,4.65984,6.34555,428,4124500,0.21078,0.23,1,77297,76869,428
7582241,3.06394,2.53822,430,4125960,0.246312,0.23,1,77299,76869,430
7584101,44.4256,1.01529,502,4127420,0.0985249,0.08,1,77371,76869,502
7587021,18.9702,46.6061,427,4128880,0.0394099,0.08,1,77373,76946,427
7589921,8.78809,18.6424,429,4130340,0.015764,0.02,1,77375,76946,429
7595761,4.04609,4.90279,429,4133260,0.205322,0.02,1,77383,76954,429
7598241,2.21844,1.96112,430,4134720,0.208129,0.22,1,77384,76954,430
7601161,24.8874,26.5844,427,4136180,0.203252,0.22,1,77424,76997,427
7606361,9.62198,7.85351,431,4139100,0.20172,0.19,1,77434,77003,431
7614681,5.84781,9.50262,427,4143480,0.25723,0.28,1,77445,77018,427
7616961,2.93912,3.80105,428,4144940,0.282892,0.11,1,77446,77018,428
7619881,22.1756,24.9204,424,4146400,0.269157,0.11,1,77481,77057,424
7622161,9.47026,9.96817,425,4147860,0.287663,0.11,1,77482,77057,425
7625081,10.3881,10.5873,425,4149320,0.217065,0.11,1,77493,77068,425
7641101,6.77637,9.19888,426,4158080,0.0562235,0.08,1,77632,77206,426
7644021,3.91055,3.67955,428,4159540,0.0224894,0.08,1,77634,77206,428
7646081,2.16422,1.47182,429,4161000,0.00899576,0.2,1,77635,77206,429
7667721,1.84047,6.6742,426,4172680,0.0649297,0.29,1,77665,77239,426
7670641,1.93619,2.66968,428,4174140,0.0259719,0.29,1,77667,77239,428
7678741,1.39592,0.17086,433,4178520,0.0964622,0.1,1,77672,77239,433
7681661,1.75837,6.06834,425,4179980,0.0625849,0.1,1,77674,77249,425
7696221,4.15753,7.86214,431,4187280,0.0951817,0.18,1,77693,77262,431
7699141,2.86301,3.14486,433,4188740,0.0620727,0.18,1,77695,77262,433
7712441,9.03028,11.0818,432,4196040,0.0907796,0.22,1,77744,77312,432
7714101,40.8121,4.43272,494,4197500,0.0363118,0.29,1,77806,77312,494
7717021,17.5248,42.5731,428,4198960,0.0145247,0.29,1,77808,77380,428
7719941,8.20994,17.0292,430,4200420,0.00580989,0.29,1,77810,77380,430
7722421,8.08397,6.81169,438,4201880,0.074324,0.2,1,77818,77380,438
7730741,22.2614,1.87595,465,4206260,0.0916367,0.24,1,77860,77395,465
7733661,10.1045,23.5504,429,4207720,0.0366547,0.24,1,77862,77433,429
7735941,8.84182,9.42015,437,4209180,0.0746619,0.15,1,77870,77433,437
7738861,4.73673,6.16806,435,4210640,0.0658647,0.15,1,77872,77437,435
7741141,9.09469,2.46722,447,4212100,0.0743459,0.26,1,77884,77437,447
7744061,4.83788,9.38689,435,4213560,0.0537384,0.26,1,77886,77451,435
7760481,36.6689,39.481,430,4223780,0.221037,0.12,1,77990,77560,430
7763401,54.8676,56.5924,429,4225240,0.238415,0.12,1,78057,77628,429
7765681,22.547,22.637,430,4226700,0.233366,0.16,1,78058,77628,430
7768601,13.2188,14.4548,428,4228160,0.255346,0.16,1,78065,77637,428
7771521,6.48752,5.78191,430,4229620,0.246139,0.16,1,78067,77637,430
7774441,3.79501,2.31276,432,4231080,0.218455,0.16,1,78069,77637,432
7785241,8.40595,12.3232,422,4236920,0.202776,0.04,1,78087,77665,422
7788161,4.56238,4.92928,424,4238380,0.201111,0.04,1,78089,77665,424
7798761,2.4256,6.12619,422,4244220,0.0792124,0.21,1,78097,77675,422
7810441,2.0109,0.15683,430,4250060,0.0861238,0.21,1,78105,77675,430
7812481,1.40436,0.0627322,431,4251520,0.0584495,0.22,1,78106,77675,431
7823721,9.54475,11.224,422,4257360,0.200168,0.08,1,78126,77704,422
7859081,5.42872,8.58782,423,4276340,0.200385,0.27,1,78260,77837,423
7869481,9.31658,8.37985,430,4282180,0.0697378,0.08,1,78310,77880,430
7871141,9.12663,3.35194,439,4283640,0.0638951,0.22,1,78319,77880,439
7879461,17.4561,1.36652,458,4288020,0.0559293,0.24,1,78350,77892,458
7898821,9.89302,22.1779,428,4298240,0.233966,0.22,1,78496,78068,428
7901741,5.15721,8.87114,430,4299700,0.231587,0.22,1,78498,78068,430
7908161,1.98606,1.76775,434,4304080,0.0721815,0.22,1,78507,78073,434
7913361,2.71777,3.64284,427,4307000,0.214349,0.05,1,78514,78087,427
7916281,4.08711,7.45714,422,4308460,0.21174,0.05,1,78519,78097,422
7919201,2.83484,2.98285,424,4309920,0.252696,0.05,1,78521,78097,424
7922121,2.33394,1.19314,426,4311380,0.245078,0.05,1,78523,78097,426
7925041,2.13357,0.477257,428,4312840,0.212031,0.05,1,78525,78097,428
7932721,2.63255,1.95054,428,4317220,0.24709,0.06,1,78533,78105,428
7935641,2.25302,0.780218,430,4318680,0.242836,0.06,1,78535,78105,430
7938321,2.10121,0.312087,432,4320140,0.271134,0.26,1,78537,78105,432
7941241,2.04048,6.12483,424,4321600,0.246454,0.26,1,78539,78115,424
7944161,2.01619,2.44993,426,4323060,0.212582,0.26,1,78541,78115,426
7947081,2.00648,0.979973,428,4324520,0.217033,0.26,1,78543,78115,428
7951841,1.40104,0.156796,431,4327440,0.257925,0.27,1,78546,78115,431
7954761,8.96042,12.6627,424,4328900,0.25317,0.27,1,78560,78136,424
7957681,4.78417,5.06509,426,4330360,0.227268,0.27,1,78562,78136,426
7966201,24.3782,24.9242,428,4334740,0.212065,0.15,1,78605,78177,428
7969121,10.9513,9.96967,430,4336200,0.210826,0.15,1,78607,78177,430
7971601,4.98051,3.98787,431,4337660,0.26433,0.24,1,78608,78177,431
7973681,7.3922,8.19515,429,4339120,0.249732,0.13,1,78617,78188,429
7976601,38.3569,39.8781,427,4340580,0.201893,0.13,1,78676,78249,427
7989281,6.59725,5.66435,428,4347880,0.210253,0.14,1,78695,78267,428
7992201,22.4389,23.2657,426,4349340,0.228101,0.14,1,78728,78302,426
7995121,10.1756,9.3063,428,4350800,0.21124,0.14,1,78730,78302,428
8018401,4.71582,3.48741,427,4363940,0.0787385,0.23,1,78794,78367,427
8028821,9.99912,16.2845,432,4369780,0.204576,0.19,1,78932,78500,432
8039201,2.10878,2.33688,431,4375620,0.214565,0.17,1,78939,78508,431
8042121,5.04351,6.33475,429,4377080,0.229826,0.17,1,78946,78517,429
8044401,2.6174,2.5339,430,4378540,0.22393,0.3,1,78947,78517,430
8046481,1.64696,2.81356,428,4380000,0.209572,0.19,1,78948,78520,428
8049401,6.05878,4.12542,432,4381460,0.209829,0.19,1,78957,78525,432
8057101,2.73976,6.26403,430,4385840,0.215989,0.24,1,78965,78535,430
8060021,2.2959,2.50561,432,4387300,0.224396,0.24,1,78967,78535,432
8062941,2.11836,1.00224,434,4388760,0.203758,0.24,1,78969,78535,434
8073341,1.96463,0.889657,432,4394600,0.240368,0.2,1,78976,78544,432
8076261,1.98585,0.355863,434,4396060,0.246147,0.2,1,78978,78544,434
8079141,1.99434,0.142345,436,4397520,0.284459,0.26,1,78980,78544,436
8082061,1.99774,2.45694,434,4398980,0.275784,0.26,1,78982,78548,434
8087261,5.83964,14.7931,427,4401900,0.203725,0.17,1,78999,78572,427
8104101,4.63653,4.38059,433,4410660,0.20969,0.16,1,79050,78617,433
8106181,35.4546,4.15224,485,4412120,0.239876,0.09,1,79106,78621,485
8109101,15.3818,38.8609,425,4413580,0.22195,0.09,1,79108,78683,425
8114501,7.1411,6.21774,434,4416500,0.286312,0.1,1,79117,78683,434
8117421,4.05644,7.8871,427,4417960,0.294525,0.1,1,79119,78692,427
8119701,3.42258,3.15484,430,4419420,0.25581,0.13,1,79122,78692,430
8133641,8.3088,7.36902,428,4428180,0.0894369,0.13,1,79183,78755,428
8135921,3.92352,2.94761,429,4429640,0.0597748,0.18,1,79184,78755,429
8138841,2.76941,5.97904,423,4431100,0.0239099,0.18,1,79186,78763,423
8148621,3.6133,10.7611,425,4436940,0.0887401,0.21,1,79225,78800,425
8150901,54.2453,4.30443,513,4438400,0.035496,0.26,1,79313,78800,513
8164021,3.44891,6.05752,428,4445700,0.226347,0.28,1,79372,78944,428
8166941,2.57956,2.42301,430,4447160,0.222539,0.28,1,79374,78944,430
8171701,2.09273,0.387681,434,4450080,0.252806,0.29,1,79378,78944,434
8174621,3.23709,6.15507,428,4451540,0.221122,0.29,1,79382,78954,428
8186261,3.11647,1.11757,437,4457380,0.207357,0.19,1,79401,78964,437
8193961,1.83145,4.75152,430,4461760,0.210311,0.29,1,79406,78976,430
8223281,2.446,1.98861,432,4477820,0.0975296,0.23,1,79439,79007,432
8234721,3.50902,1.74051,435,4483660,0.0815048,0.36,1,79486,79051,435
8248041,3.03497,4.79478,431,4490960,0.223238,0.23,1,79553,79122,431
8249701,4.81399,1.91791,437,4492420,0.221295,0.27,1,79559,79122,437
8251781,19.3256,6.76717,456,4493880,0.208518,0.22,1,79588,79132,456
8254701,8.93024,21.9069,426,4495340,0.245407,0.22,1,79590,79164,426
8259901,5.74884,10.7051,426,4498260,0.213265,0.11,1,79602,79176,426
8264681,10.6398,8.91282,432,4501180,0.221322,0.22,1,79620,79188,432
8267601,5.45593,3.56513,434,4502640,0.208529,0.22,1,79622,79188,434
8282981,48.0385,58.2597,469,4511400,0.0936746,0.24,1,79795,79326,469
8291101,5.61846,14.2646,427,4515780,0.245515,0.29,1,79805,79378,427
8294021,3.44738,5.70585,429,4517240,0.236206,0.29,1,79807,79378,429
8296941,2.57895,2.28234,431,4518700,0.208482,0.29,1,79809,79378,431
8301701,4.49263,0.365174,439,4521620,0.268557,0.28,1,79817,79378,439
8304621,2.99705,6.74607,430,4523080,0.263423,0.28,1,79819,79389,430
8307541,2.39882,2.69843,432,4524540,0.231369,0.28,1,79821,79389,432
8320861,2.16536,1.08363,431,4531840,0.0685132,0.23,1,79837,79406,431
8323541,2.06615,0.433453,433,4533300,0.0634053,0.11,1,79839,79406,433
8342061,1.72171,4.60191,427,4543520,0.209195,0.23,1,79851,79424,427
8343921,1.28868,1.84077,428,4544980,0.221678,0.13,1,79852,79424,428
8349121,3.44619,3.41452,427,4547900,0.0402685,0.25,1,79864,79437,427
8354321,3.31139,1.26632,431,4550820,0.205643,0.1,1,79871,79440,431
8357241,27.7246,26.9065,431,4552280,0.244257,0.1,1,79915,79484,431
8359521,11.6898,10.7626,432,4553740,0.241703,0.21,1,79916,79484,432
8367221,36.9161,1.93681,483,4558120,0.274189,0.28,1,79980,79497,483
8370141,15.9665,36.1747,426,4559580,0.223676,0.28,1,79982,79556,426
8380321,6.91754,6.92607,431,4565420,0.202286,0.25,1,79997,79566,431
8386161,9.02681,9.74817,425,4568340,0.220766,0.25,1,80027,79602,425
8389061,12.6107,3.89927,440,4569800,0.226306,0.15,1,80042,79602,440
8391981,6.24429,9.95971,428,4571260,0.204523,0.15,1,80044,79616,428
8394261,8.49772,3.98388,438,4572720,0.243809,0.25,1,80054,79616,438
8397181,4.59909,10.5936,425,4574180,0.235524,0.25,1,80056,79631,425
8399461,19.8396,4.23742,455,4575640,0.220209,0.13,1,80086,79631,455
8402381,9.13585,18.495,429,4577100,0.232084,0.13,1,80088,79659,429
8405301,4.85434,7.39799,431,4578560,0.212833,0.13,1,80090,79659,431
8417361,22.2315,20.5814,431,4585860,0.0537506,0.25,1,80237,79806,431
8436081,2.72012,3.30732,426,4596080,0.07234,0.22,1,80255,79829,426
8462721,2.06899,0.624577,428,4610680,0.202908,0.17,1,80283,79855,428
8474401,2.00177,0.0159892,436,4616520,0.0701864,0.17,1,80291,79855,436
8476421,7.40071,0.00639567,447,4617980,0.0400746,0.27,1,80302,79855,447
8485181,2.34565,2.20841,430,4622360,0.0947248,0.27,1,80308,79878,430
8492661,6.15012,10.9413,434,4626740,0.0795024,0.29,1,80357,79923,434
8495581,3.66005,4.37654,436,4628200,0.241801,0.29,1,80359,79923,436
8500141,15.2256,37.9002,432,4631120,0.249888,0.13,1,80417,79985,432
8503061,7.29024,15.1601,434,4632580,0.255955,0.13,1,80419,79985,434
8505541,4.7161,6.06404,437,4634040,0.288382,0.27,1,80422,79985,437
8508461,3.08644,6.62562,432,4635500,0.265353,0.27,1,80424,79992,432
8510741,7.23458,2.65025,442,4636960,0.208141,0.24,1,80434,79992,442
8518021,14.335,8.23362,450,4641340,0.432601,0.3,1,80481,80031,450
8533841,9.09116,8.51129,428,4650100,0.430429,0.11,1,80525,80097,428
8546941,20.7926,52.8872,425,4657400,0.282683,0.24,1,80670,80245,425
8549861,9.51704,21.1549,427,4658860,0.239073,0.24,1,80672,80245,427
8552781,5.00682,8.46194,429,4660320,0.293629,0.24,1,80674,80245,429
8562741,1.72657,0.696626,433,4666160,0.277853,0.04,1,80683,80250,433
8564821,3.09063,3.27865,432,4667620,0.219141,0.2,1,80687,80255,432
8567741,2.43625,6.71146,425,4669080,0.213656,0.2,1,80689,80264,425
8576061,3.70792,4.62953,431,4673460,0.293994,0.14,1,80702,80271,431
8578341,2.68317,1.85181,433,4674920,0.261598,0.22,1,80704,80271,433
8581261,2.27327,7.94073,423,4676380,0.290639,0.22,1,80706,80283,423
8584181,2.10931,3.17629,425,4677840,0.272256,0.22,1,80708,80283,425
8594781,1.7628,5.48131,423,4683680,0.285658,0.02,1,80715,80292,423
8597701,1.90512,2.19253,425,4685140,0.252263,0.02,1,80717,80292,425
8600621,1.96205,0.87701,427,4686600,0.214905,0.02,1,80719,80292,427
8606421,14.5939,0.140322,452,4689520,0.238385,0,1,80744,80292,452
8615181,2.80601,2.31298,434,4693900,0.0886966,0,1,80750,80316,434
8619741,10.289,26.1701,429,4696820,0.228991,0.35,1,80788,80359,429
8622661,5.31558,10.468,431,4698280,0.253597,0.35,1,80790,80359,431
8625141,5.72623,4.18721,437,4699740,0.239439,0.26,1,80796,80359,437
8630141,15.5562,38.23,430,4702660,0.22911,0.25,1,80854,80424,430
8633061,7.42248,15.292,432,4704120,0.247644,0.25,1,80856,80424,432
8635981,4.16899,6.11679,434,4705580,0.225058,0.25,1,80858,80424,434
8637621,13.0676,2.44672,453,4707040,0.282023,0.17,1,80877,80424,453
8646561,8.02893,8.03064,441,4712880,0.282596,0.57,1,80909,80468,441
8649481,15.2116,15.8123,440,4714340,0.239038,0.57,1,80929,80489,440
8660501,17.8182,4.24479,462,4720180,0.435479,0.46,1,80967,80505,462
8663421,8.32729,17.8979,437,4721640,0.438192,0.46,1,80969,80532,437
8666341,4.53091,7.15917,439,4723100,0.415277,0.46,1,80971,80532,439
8674021,48.602,60.4582,477,4727480,0.418978,0.34,1,81109,80632,477
8676941,20.6408,52.3833,432,4728940,0.437591,0.34,1,81111,80679,432
8679861,9.45632,20.9533,434,4730400,0.421036,0.34,1,81113,80679,434
8690461,3.39088,4.7364,437,4736240,0.254523,0.2,1,81123,80686,437
8701681,1.43561,0.889252,436,4742080,0.416724,0.4,1,81130,80694,436
8729801,1.99576,0.217493,437,4756680,0.295543,0.36,1,81160,80723,437
8741221,3.53589,8.40557,426,4762520,0.275838,0.24,1,81184,80758,426
8744141,2.61436,3.36223,428,4763980,0.236335,0.24,1,81186,80758,428
8749741,10.2583,20.938,432,4766900,0.293414,0.31,1,81224,80792,432
8757221,38.5285,6.74003,489,4771280,0.234058,0.3,1,81290,80801,489
8760141,16.6114,38.696,431,4772740,0.297623,0.3,1,81292,80861,431
8767621,14.9351,2.47654,457,4777120,0.414328,0.47,1,81318,80861,457
8780521,13.9741,12.2193,439,4784420,0.400435,0.31,1,81372,80933,439
8790501,14.6281,2.04081,457,4790260,0.423339,0.3,1,81408,80951,457
8804641,29.2437,48.2758,431,4799020,0.444736,0.28,1,81542,81111,431
8813401,4.7996,3.85765,440,4803400,0.437903,0.28,1,81559,81119,440
8821921,2.89917,3.36689,436,4807780,0.414186,0.41,1,81568,81132,436
8838561,3.58768,4.33379,436,4816540,0.427737,0.32,1,81586,81150,436
8857481,1.80868,5.52998,435,4826760,0.425871,0.34,1,81602,81167,435
8865801,10.1478,14.7539,430,4831140,0.431416,0.29,1,81621,81191,430
8874321,2.52146,0.944251,436,4835520,0.297611,0.25,1,81627,81191,436
8880161,10.4834,10.9511,430,4838440,0.434018,0.25,1,81666,81236,430
8883081,5.39337,4.38043,432,4839900,0.449607,0.25,1,81668,81236,432
8885761,3.35735,1.75217,434,4841360,0.431843,0.38,1,81670,81236,434
8888681,39.7429,40.3009,432,4842820,0.430737,0.38,1,81734,81302,432
8891601,17.0972,16.1203,434,4844280,0.406295,0.38,1,81736,81302,434
9032401,7.9705,7.40208,449,4921660,0.94431,0.58,2,82221,81772,449
9038241,12.0753,11.7443,447,4924580,0.93349,0.58,2,82263,81816,447
9040101,9.63011,4.69773,455,4926040,0.907396,0.51,2,82271,81816,455
9043021,5.05204,7.27909,448,4927500,0.914958,0.51,2,82273,81825,448
9045301,8.02082,2.91164,458,4928960,0.935983,0.63,2,82283,81825,458
9073601,7.65015,5.34788,451,4945020,0.937555,0.53,2,82464,82013,451
9076521,4.26006,2.13915,453,4946480,0.903022,0.53,2,82466,82013,453
9082121,4.16161,5.74226,451,4949400,0.914883,0.63,2,82473,82022,451
9111701,2.01051,0.0951042,454,4965460,0.937366,0.58,2,82499,82045,454
9116441,1.76168,3.61522,451,4968380,0.940779,0.55,2,82502,82051,451
9118721,1.30467,1.44609,452,4969840,0.922311,0.61,2,82503,82051,452
9135601,2.31203,0.635683,451,4978600,0.927824,0.58,2,82531,82080,451
9137861,25.5248,0.254273,492,4980060,0.923129,0.65,2,82572,82080,492
9164901,23.5394,9.06505,496,4994660,0.91586,0.84,2,82726,82230,496
9420321,15.6088,20.3831,489,5136280,0.944451,1,2,83657,83168,489
9426981,9.06296,30.0805,466,5140660,0.948445,1,2,83687,83221,466
9436961,7.12961,9.07886,472,5146500,0.752344,1,2,83720,83248,472
9452981,44.503,7.08286,554,5156720,0.271413,1,1,83841,83287,554
9457981,18.6405,52.8533,460,5159640,0.075826,1,1,83877,83417,460
9460261,14.0562,21.1413,471,5161100,0.0303304,1,1,83888,83417,471
9463181,10.4225,15.6565,467,5162560,0.0121322,1,1,83896,83429,467
9465461,6.56899,6.26261,471,5164020,0.0108529,1,1,83900,83429,471
9468381,5.0276,6.70504,468,5165480,0.00434115,1,1,83904,83436,468
9471281,3.81104,2.68202,471,5166940,0.00173646,1,1,83907,83436,471
9474201,3.92442,4.67281,469,5168400,0.000694583,1,1,83911,83442,469
9476901,4.56977,1.86912,474,5169860,0.0242778,1,1,83916,83442,474
9478561,3.02791,2.54765,473,5171320,0.00971113,1,1,83918,83445,473
9481481,7.21116,4.01906,478,5172780,0.0518845,1,1,83928,83450,478
9483141,5.28446,1.60762,482,5174240,0.0807538,1,1,83932,83450,482
9484801,3.31379,4.24305,478,5175700,0.0983015,1,1,83934,83456,478
9486881,3.72551,4.69722,477,5177160,0.0813206,1,1,83938,83461,477
9489801,4.49021,6.07889,475,5178620,0.0685282,1,1,83943,83468,475
9492721,4.19608,2.43156,479,5180080,0.0514113,1,1,83947,83468,479
9494581,5.27843,0.972622,485,5181540,0.0325645,1,1,83953,83468,485
9497501,3.31137,5.78905,478,5183000,0.0190258,1,1,83955,83477,478
9499781,6.72455,2.31562,487,5184460,0.00761032,1,1,83964,83477,487
9509141,7.50175,2.71848,483,5190300,0.797667,1,2,83982,83499,483
9512061,4.2007,9.48739,471,5191760,0.793067,1,2,83984,83513,471
9514981,2.88028,3.79496,473,5193220,0.779227,1,2,83986,83513,473
9549281,29.0101,29.8487,464,5213660,0.419229,0.97,1,84120,83656,464
9552201,15.204,16.1395,463,5215120,0.251692,0.97,1,84126,83663,463
9557821,10.5926,24.1823,458,5218040,0.0486707,0.92,1,84157,83699,458
9560721,5.43706,9.67293,460,5219500,0.0254683,0.79,1,84159,83699,460
9562801,6.37482,12.8692,452,5220960,0.0101873,0.71,1,84166,83714,452
9568001,4.25997,5.41907,450,5223880,0.79603,0.61,2,84178,83728,450
9582981,41.8055,12.0591,499,5234100,0.251287,0.19,1,84282,83783,499
9605861,2.99436,1.43904,428,5247240,0.923905,0,2,84344,83916,428
9611061,6.3591,1.43025,434,5250160,0.795825,0.13,2,84355,83921,434
9626041,30.7267,5.96554,464,5258920,0.426725,0.01,1,84422,83958,464
9628321,12.8907,2.38622,465,5260380,0.40469,0.83,1,84423,83958,465
9630401,6.95626,6.95449,458,5261840,0.407876,0.9,1,84426,83968,458
9633321,3.98251,3.98179,458,5263300,0.40915,0.9,1,84428,83970,458
9637681,1.4772,1.83709,458,5266220,0.405064,0.71,1,84430,83972,458
9646441,2.15854,1.74957,449,5270600,0.277204,0.71,1,84438,83989,449
9648081,1.46342,0.699829,450,5272060,0.248882,0.64,1,84439,83989,450
9651001,1.78537,6.87993,441,5273520,0.213553,0.64,1,84441,84000,441
9653921,1.91415,2.75197,443,5274980,0.289421,0.64,1,84443,84000,443
9661601,1.29851,1.85613,440,5279360,0.297643,0.44,1,84447,84007,440
9664521,4.1194,5.54245,438,5280820,0.221057,0.44,1,84453,84015,438
9666801,2.24776,2.21698,439,5282280,0.268423,0.1,1,84454,84015,439
9670961,19.0796,15.3547,459,5285200,0.0849477,0.79,1,84529,84070,459
9673881,11.2319,13.3419,453,5286660,0.0399791,0.79,1,84535,84082,453
9676801,5.69274,5.33675,455,5288120,0.0159916,0.79,1,84537,84082,455
9679701,12.4771,2.1347,472,5289580,0.0183966,0.15,1,84554,84082,472
9682401,6.19084,30.2539,425,5291040,0.00735866,0,1,84556,84131,425
9685321,46.8763,33.1016,464,5292500,0.00894346,0,1,84630,84166,464
9688241,19.9505,13.2406,466,5293960,0.00957739,0,1,84632,84166,466
9691161,9.18021,5.29625,468,5295420,0.00983095,0,1,84634,84166,468
9693221,6.67208,2.1185,473,5296880,0.00393238,0.96,1,84639,84166,473
9695301,5.66883,7.4474,467,5298340,0.00157295,0.79,1,84644,84177,467
9698221,3.46753,11.379,455,5299800,0.0246292,0.79,1,84646,84191,455
9701121,2.58701,4.55158,457,5301260,0.00985167,0.67,1,84648,84191,457
9704041,4.03481,7.82063,452,5302720,0.00394067,0.67,1,84653,84201,452
9706741,5.81392,3.12825,459,5304180,0.0735763,0.63,1,84660,84201,459
9709441,3.52557,9.0513,448,5305640,0.0774305,0.54,1,84662,84214,448
9711521,4.41023,10.2205,442,5307100,0.0549722,0,1,84667,84225,442
9713601,52.1641,43.6882,460,5308560,0.0519889,1,1,84751,84291,460
9716521,31.6656,27.6753,461,5310020,0.0387956,1,1,84769,84308,461
9718801,14.4663,11.0701,464,5311480,0.0635182,1,1,84772,84308,464
9720881,11.7865,11.628,462,5312940,0.0254073,1,1,84782,84320,462
9723801,14.9146,14.8512,462,5314400,0.0581629,1,1,84799,84337,462
9726081,6.56584,5.94049,463,5315860,0.0832652,0.86,1,84800,84337,463
9729001,3.82634,9.57619,453,5317320,0.0933061,0.86,1,84802,84349,453
9731921,2.73053,3.83048,455,5318780,0.0913224,0.86,1,84804,84349,455
9734841,2.29221,1.53219,457,5320240,0.090529,0.86,1,84806,84349,457
9737761,2.11689,0.612876,459,5321700,0.0902116,0.86,1,84808,84349,459
9739601,1.44675,0.245151,460,5323160,0.0780846,0.7,1,84809,84349,460
9741681,1.1787,4.89806,453,5324620,0.0612339,0.52,1,84810,84357,453
9744601,1.67148,5.55922,449,5326080,0.0304935,0.52,1,84812,84363,449
9746881,1.26859,2.22369,450,5327540,0.0481974,0.48,1,84813,84363,450
9748961,1.10744,5.08948,444,5329000,0.043279,0.44,1,84814,84370,444
9751881,4.04297,9.23579,438,5330460,0.0173116,0.44,1,84820,84382,438
9754161,2.21719,3.69432,439,5331920,0.00692463,0.39,1,84821,84382,439
9760001,11.3947,12.3511,433,5334840,0.261508,0.39,1,84864,84431,433
9762921,5.7579,4.94044,435,5336300,0.290603,0.39,1,84866,84431,435
9770801,1.64051,2.71619,436,5340680,0.296759,0.34,1,84871,84435,436
9773721,1.8562,5.88648,430,5342140,0.268703,0.34,1,84873,84443,430
9776641,1.94248,2.35459,432,5343600,0.233481,0.34,1,84875,84443,432
9787041,1.90253,2.46028,429,5349440,0.0953051,0.17,1,84882,84453,429
9792641,1.9844,0.393644,433,5352360,0.209649,0.18,1,84886,84453,433
9800761,43.159,47.4972,422,5356740,0.0690975,0,1,84960,84538,422
9803681,18.4636,18.9989,424,5358200,0.027639,0,1,84962,84538,424
9806601,8.58544,7.59955,426,5359660,0.0110556,0,1,84964,84538,426
9808661,12.4342,3.03982,441,5361120,0.00442224,0,1,84979,84538,441
9811581,6.17367,13.2159,423,5362580,0.0017689,0,1,84981,84558,423
9813441,3.06947,5.28637,424,5364040,0.000707558,0.01,1,84982,84558,424
9816361,45.6278,47.7146,422,5365500,0.00628302,0.01,1,85056,84634,422
9818641,18.8511,19.0858,423,5366960,0.0205132,0,1,85057,84634,423
9821561,15.3404,16.0343,422,5368420,0.0442053,0,1,85070,84648,422
9824481,7.33618,6.41373,424,5369880,0.0416821,0,1,85072,84648,424
9827401,4.13447,2.56549,426,5371340,0.0166728,0,1,85074,84648,426
9829041,2.25379,1.0262,427,5372800,0.00666914,0,1,85075,84648,427
9831961,2.10152,4.61048,422,5374260,0.00266765,0,1,85077,84655,422
9834241,1.44061,1.84419,423,5375720,0.00106706,0.04,1,85078,84655,423
9837161,7.17624,7.93768,422,5377180,0.000426825,0.04,1,85089,84667,422
9840081,4.0705,3.17507,424,5378640,0.00017073,0.04,1,85091,84667,424
9841941,2.2282,1.27003,425,5380100,6.82919e-05,0.02,1,85092,84667,425
9844021,55.4913,1.10801,515,5381560,0.0180273,0.07,1,85183,84668,515
9846101,31.7965,55.6432,439,5383020,0.0432109,0.09,1,85199,84760,439
9849021,13.9186,32.4573,424,5384480,0.0532844,0.09,1,85201,84777,424
9851301,11.5674,12.9829,434,5385940,0.0213137,0.1,1,85211,84777,434
9853381,11.827,11.1932,436,5387400,0.0445255,0.1,1,85223,84787,436
9856301,5.93079,13.4773,423,5388860,0.0478102,0.1,1,85225,84802,423
9858581,7.77232,5.39091,432,5390320,0.0491241,0.06,1,85234,84802,432
9861501,4.30893,8.75636,423,5391780,0.0256496,0.06,1,85236,84813,423
9864421,2.92357,3.50254,425,5393240,0.0102599,0.06,1,85238,84813,425
9867341,2.36943,1.40102,427,5394700,0.0401039,0.06,1,85240,84813,427
9870261,2.14777,0.560407,429,5396160,0.0280416,0.06,1,85242,84813,429
9873181,2.05911,0.224163,431,5397620,0.0112166,0.06,1,85244,84813,431
9874801,1.42364,0.0896651,432,5399080,0.00448665,0.24,1,85245,84813,432
9877721,5.36946,6.63587,429,5400540,0.00179466,0.24,1,85253,84824,429
9880641,3.34778,2.65435,431,5402000,0.000717864,0.24,1,85255,84824,431
9883561,2.53911,1.06174,433,5403460,0.000287146,0.24,1,85257,84824,433
9885201,1.61565,0.424695,434,5404920,0.0181149,0.25,1,85258,84824,434
9893961,5.5274,4.73118,428,5409300,0.216439,0.25,1,85301,84873,428
9896881,3.41096,1.89247,430,5410760,0.224576,0.25,1,85303,84873,430
9899801,2.56438,0.756989,432,5412220,0.22783,0.25,1,85305,84873,432
9901841,1.62575,0.302795,433,5413680,0.241132,0.11,1,85306,84873,433
9904761,1.8503,4.32112,428,5415140,0.222453,0.11,1,85308,84880,428
9923921,1.98439,0.46788,429,5425360,0.0853122,0.25,1,85321,84892,429
9926841,1.99376,0.187152,431,5426820,0.0461249,0.25,1,85323,84892,431
9931801,43.159,48.6299,422,5429740,0.06018,0,1,85395,84973,422
9934721,18.4636,19.452,424,5431200,0.024072,0,1,85397,84973,424
9937201,7.98544,7.78079,425,5432660,0.0096288,0.02,1,85398,84973,425
9940121,10.3942,12.1123,422,5434120,0.00385152,0.02,1,85410,84988,422
9943041,5.35767,4.84493,424,5435580,0.0615406,0.02,1,85412,84988,424
9945941,42.9431,1.93797,492,5437040,0.0426162,0.05,1,85480,84988,492
9948861,18.3772,43.3752,423,5438500,0.0350465,0.05,1,85482,85059,423
9951141,15.1509,17.3501,436,5439960,0.0140186,0,1,85495,85059,436
9954061,7.26036,15.94,423,5441420,0.0416074,0,1,85497,85074,423
9956341,9.50414,6.37601,434,5442880,0.016643,0.02,1,85508,85074,434
9959261,5.00166,10.3504,423,5444340,0.00665719,0.02,1,85510,85087,423
9962181,3.20066,4.14016,425,5445800,0.00266288,0.02,1,85512,85087,425
9965101,2.48027,1.65606,427,5447260,0.00106515,0.02,1,85514,85087,427
9966741,1.59211,0.662426,428,5448720,0.00042606,0,1,85515,85087,428
9969661,1.83684,4.46497,423,5450180,0.0361704,0,1,85517,85094,423
9972561,1.93474,1.78599,425,5451640,0.0264682,0.03,1,85519,85094,425
9974641,55.9739,57.1144,423,5453100,0.0165873,0.01,1,85611,85188,423
9977561,34.9896,36.0458,422,5454560,0.0126349,0.01,1,85632,85210,422
9979841,14.5958,14.4183,423,5456020,0.017054,0.05,1,85633,85210,423
9981921,11.2383,10.5673,424,5457480,0.0128216,0.12,1,85642,85218,424
9984841,9.89533,10.8269,422,5458940,0.0471286,0.12,1,85651,85229,422
9987121,4.55813,4.33077,423,5460400,0.0728514,0.01,1,85652,85229,423
9989201,4.82325,5.93231,421,5461860,0.0711406,0,1,85657,85236,421
9992121,12.7293,11.9729,423,5463320,0.0284562,0,1,85675,85252,423
9995041,6.29172,4.78917,425,5464780,0.0113825,0,1,85677,85252,425
9997961,3.71669,1.91567,427,5466240,0.022553,0,1,85679,85252,427
10000881,2.68668,0.766267,429,5467700,0.0270212,0,1,85681,85252,429
10003801,2.27467,0.306507,431,5469160,0.0288085,0,1,85683,85252,431
10005841,1.50987,0.122603,432,5470620,0.0175234,0.05,1,85684,85252,432
10008761,3.00395,5.44904,427,5472080,0.00700936,0.05,1,85688,85261,427
10011681,2.40158,2.17962,429,5473540,0.00280374,0.05,1,85690,85261,429
10014601,2.16063,0.871846,431,5475000,0.0011215,0.05,1,85692,85261,431
10016241,1.46425,0.348739,432,5476460,0.000448599,0.25,1,85693,85261,432
10024561,4.72571,3.95832,431,5480840,0.227309,0.22,1,85733,85302,431
10027481,3.09028,8.18333,422,5482300,0.240923,0.22,1,85735,85313,422
10030401,2.43611,3.27333,424,5483760,0.246369,0.22,1,85737,85313,424
10033321,2.17445,1.30933,426,5485220,0.248548,0.22,1,85739,85313,426
10036241,2.06978,0.523733,428,5486680,0.225419,0.22,1,85741,85313,428
10047041,1.90579,1.93341,427,5492520,0.0950987,0.06,1,85748,85321,427
10057441,2.86159,2.2095,429,5498360,0.0732825,0.1,1,85759,85330,429
10062841,38.4979,42.9535,422,5501280,0.0717252,0,1,85823,85401,422
10065761,16.5991,17.1814,424,5502740,0.0286901,0,1,85825,85401,424
10068241,7.23966,6.87256,425,5504200,0.011476,0,1,85826,85401,425
10071161,12.4959,14.149,422,5505660,0.0645904,0,1,85842,85420,422
10073441,5.59834,5.65961,423,5507120,0.0738362,0,1,85843,85420,423
10076361,40.6393,41.2638,422,5508580,0.0355345,0,1,85907,85485,422
10079281,17.4557,16.5055,424,5510040,0.0142138,0,1,85909,85485,424
10081141,17.7823,6.60221,442,5511500,0.00568551,0,1,85927,85485,442
10084061,8.31292,15.2409,423,5512960,0.0382742,0,1,85929,85506,423
10086341,9.92517,6.09635,434,5514420,0.0273097,0.02,1,85940,85506,434
10089261,5.17007,10.2385,423,5515880,0.0109239,0.02,1,85942,85519,423
10092181,3.26803,4.09542,425,5517340,0.00436955,0.02,1,85944,85519,425
10095101,2.50721,1.63817,427,5518800,0.00174782,0.02,1,85946,85519,427
10098021,2.20288,0.655267,429,5520260,0.000699128,0.02,1,85948,85519,429
10100481,1.48115,0.262107,430,5521720,0.0242797,0.14,1,85949,85519,430
10103401,4.19246,8.50484,422,5523180,0.00971186,0.14,1,85955,85533,422
10105061,54.477,3.40194,510,5524640,0.00988474,0.03,1,86043,85533,510
10107141,30.1908,54.7608,435,5526100,0.0219539,0.03,1,86057,85622,435
10110061,13.8763,29.7043,425,5527560,0.0327816,0.03,1,86060,85635,425
10112341,12.1505,11.8817,436,5529020,0.0191126,0.13,1,86071,85635,436
10114421,10.8602,11.9527,434,5530480,0.0676451,0.04,1,86081,85647,434
10117341,5.54408,12.5811,423,5531940,0.063058,0.04,1,86083,85660,423
10120241,3.41763,5.03243,425,5533400,0.0372232,0,1,86085,85660,425
10123161,15.7671,18.213,422,5534860,0.0148893,0,1,86109,85687,422
10126081,7.50682,7.28519,424,5536320,0.00595571,0,1,86111,85687,424
10129001,4.20273,2.91408,426,5537780,0.00238228,0,1,86113,85687,426
10131921,2.88109,1.16563,428,5539240,0.000952914,0,1,86115,85687,428
10134841,2.35244,0.466252,430,5540700,0.000381166,0,1,86117,85687,430
10136881,1.54097,0.186501,431,5542160,0.0181525,0.02,1,86118,85687,431
10139801,4.21639,5.4746,428,5543620,0.00726099,0.02,1,86124,85696,428
10142721,2.88656,2.18984,430,5545080,0.00290439,0.02,1,86126,85696,430
10145641,2.35462,0.875936,432,5546540,0.00116176,0.02,1,86128,85696,432
10147281,1.54185,0.350374,433,5548000,0.000464703,0.25,1,86129,85696,433
10156041,5.04268,4.15042,428,5552380,0.21531,0.25,1,86167,85739,428
10158961,3.21707,1.66017,430,5553840,0.224124,0.25,1,86169,85739,430
10160801,1.88683,0.664068,431,5555300,0.23965,0.24,1,86170,85739,431
10163721,1.95473,6.26563,423,5556760,0.24586,0.24,1,86172,85749,423
10166641,1.98189,2.50625,425,5558220,0.224344,0.24,1,86174,85749,425
10177441,1.39954,0.06416,432,5564060,0.0883512,0.2,1,86181,85749,432
10180361,1.75981,1.22566,432,5565520,0.0533405,0.2,1,86183,85751,432
10198261,7.29312,16.6757,425,5575740,0.0706063,0,1,86256,85831,425
10200741,11.9172,6.67027,440,5577200,0.0342425,0,1,86271,85831,440
10203661,5.9669,14.0681,423,5578660,0.013697,0,1,86273,85850,423
10205941,41.9868,5.62724,489,5580120,0.0054788,0,1,86339,85850,489
10208861,17.9947,43.0509,423,5581580,0.00219152,0,1,86341,85918,423
10211141,12.5979,17.2204,432,5583040,0.000876608,0.06,1,86350,85918,432
10213221,10.4392,13.4881,430,5584500,0.000350643,0,1,86359,85929,430
10214881,4.77566,10.7953,422,5585960,0.000140257,0,1,86360,85938,422
10217801,11.5103,13.9181,422,5587420,5.61029e-05,0,1,86376,85954,422
10220721,5.80411,5.56724,424,5588880,0.0120224,0,1,86378,85954,424
10223641,3.52164,2.2269,426,5590340,0.00480898,0,1,86380,85954,426
10226561,2.60866,0.890758,428,5591800,0.00192359,0,1,86382,85954,428
10229481,2.24346,0.356303,430,5593260,0.000769436,0,1,86384,85954,430
10231521,1.49739,0.142521,431,5594720,0.000307774,0.2,1,86385,85954,431
10233601,1.79895,7.25701,421,5596180,0.00012311,0.01,1,86387,85966,421
10235681,51.1196,52.7028,422,5597640,0.0300492,0.03,1,86471,86049,422
10238601,34.2478,33.6811,424,5599100,0.0120197,0.03,1,86494,86070,424
10240881,14.2991,13.4724,425,5600560,0.0228079,0.03,1,86495,86070,425
10242961,8.71965,10.789,421,5602020,0.0151232,0,1,86500,86079,421
10245881,8.88786,9.11559,422,5603480,0.0300493,0,1,86509,86087,422
10248801,4.75514,3.64624,424,5604940,0.0120197,0,1,86511,86087,424
10251281,2.50206,1.45849,425,5606400,0.00480788,0,1,86512,86087,425
10254201,20.2008,20.9834,423,5607860,0.00192315,0,1,86544,86121,423
10257121,9.28033,8.39336,425,5609320,0.000769261,0,1,86546,86121,425
10260041,4.91213,3.35734,427,5610780,0.000307704,0,1,86548,86121,427
10262961,3.16485,1.34294,429,5612240,0.000123082,0,1,86550,86121,429
10265881,2.46594,0.537175,431,5613700,4.92327e-05,0,1,86552,86121,431
10267921,1.58638,0.21487,432,5615160,0.0180197,0,1,86553,86121,432
10270841,3.03455,3.68595,430,5616620,0.00720788,0,1,86557,86127,430
10273121,1.81382,1.47438,431,5618080,0.00288315,0.22,1,86558,86127,431
10276041,4.32553,4.18975,431,5619540,0.00115326,0.22,1,86564,86133,431
10281241,20.7321,26.4704,422,5622460,0.202985,0.17,1,86598,86176,422
10284161,9.49283,10.5881,424,5623920,0.231194,0.17,1,86600,86176,424
10287081,4.99713,4.23526,426,5625380,0.242478,0.17,1,86602,86176,426
10290001,3.19885,1.6941,428,5626840,0.246991,0.17,1,86604,86176,428
10292921,2.47954,0.677641,430,5628300,0.224796,0.17,1,86606,86176,430
10301421,2.99069,7.24337,428,5632680,0.048707,0.22,1,86616,86188,428
10317641,5.70006,6.38967,434,5641440,0.0743518,0.28,1,86635,86201,434
10322421,30.792,1.02235,485,5644360,0.0610963,0,1,86686,86201,485
10325341,13.5168,38.8089,423,5645820,0.0244385,0,1,86688,86265,423
10328261,6.60672,15.5236,425,5647280,0.0097754,0,1,86690,86265,425
10330741,11.6427,6.20943,440,5648740,0.0279102,0,1,86705,86265,440
10333661,5.85708,12.6838,425,5650200,0.0111641,0,1,86707,86282,425
10335941,35.9428,5.07351,481,5651660,0.00446563,0,1,86763,86282,481
10338861,15.5771,38.0294,423,5653120,0.00178625,0,1,86765,86342,423
10341141,12.8309,15.2118,434,5654580,0.0007145,0.02,1,86776,86342,434
10343221,11.7323,13.8847,432,5656040,0.0002858,0.02,1,86787,86355,432
10345921,5.89294,12.1539,423,5657500,0.00011432,0.02,1,86789,86366,423
10348001,8.35717,12.0616,421,5658960,4.5728e-05,0,1,86799,86378,421
10350921,8.74287,9.62462,422,5660420,1.82912e-05,0,1,86808,86386,422
10353841,4.69715,3.84985,424,5661880,7.31648e-06,0,1,86810,86386,424
10356761,3.07886,1.53994,426,5663340,2.92659e-06,0,1,86812,86386,426
10359681,2.43154,0.615976,428,5664800,0.0360012,0,1,86814,86386,428
10362561,2.17262,0.24639,430,5666260,0.0264005,0,1,86816,86386,430
10364641,1.46905,4.89856,423,5667720,0.0105602,0.01,1,86817,86394,423
10366721,49.1876,51.7594,421,5669180,0.0702241,0.03,1,86898,86477,421
10369641,32.275,32.7038,422,5670640,0.0340896,0.03,1,86919,86497,422
10371921,13.51,13.0815,423,5672100,0.0316359,0,1,86920,86497,423
10374001,7.80401,8.8326,421,5673560,0.0186543,0.02,1,86924,86503,421
10376921,11.5216,10.133,424,5675020,0.0314617,0.02,1,86938,86514,424
10379841,5.80864,4.05322,426,5676480,0.0125847,0.02,1,86940,86514,426
10382321,2.92346,1.62129,427,5677940,0.00503388,0.01,1,86941,86514,427
10385241,22.1694,24.6485,422,5679400,0.00801355,0.01,1,86976,86554,422
10388161,10.0678,9.85941,424,5680860,0.00320542,0.01,1,86978,86554,424
10391081,5.2271,3.94376,426,5682320,0.00128217,0.01,1,86980,86554,426
10394001,3.29084,1.5775,428,5683780,0.000512867,0.01,1,86982,86554,428
10396921,2.51634,0.631002,430,5685240,0.000205147,0.01,1,86984,86554,430
10398961,1.60653,0.252401,431,5686700,8.20587e-05,0.18,1,86985,86554,431
10401881,7.84261,9.10096,428,5688160,3.28235e-05,0.18,1,86997,86569,428
10404801,4.33705,3.64038,430,5689620,0.00601313,0.18,1,86999,86569,430
10407721,2.93482,1.45615,432,5691080,0.00840525,0.18,1,87001,86569,432
10409361,1.77393,0.582461,433,5692540,0.0213621,0.19,1,87002,86569,433
10418121,4.38553,3.68528,426,5696920,0.216647,0.19,1,87033,86607,426
10421041,2.95421,1.47411,428,5698380,0.224659,0.19,1,87035,86607,428
10423921,2.38168,0.589644,430,5699840,0.227864,0.01,1,87037,86607,430
10432041,3.36843,6.90174,422,5704220,0.0527433,0.17,1,87048,86626,422
10467401,35.5143,37.1406,422,5723200,0.0568664,0,1,87192,86770,422
10469681,14.8057,14.8563,423,5724660,0.0227466,0.06,1,87193,86770,423
10471761,11.3223,12.5425,421,5726120,0.00909862,0,1,87202,86781,421
10474681,17.7289,17.617,422,5727580,0.00363945,0,1,87224,86802,422
10477601,8.29157,7.0468,424,5729040,0.00145578,0,1,87226,86802,424
10480501,5.71663,2.81872,428,5730500,0.000582312,0,1,87230,86802,428
10482581,5.88665,5.32749,427,5731960,0.000232925,0.04,1,87236,86809,427
10485501,3.55466,5.731,423,5733420,9.31698e-05,0.04,1,87238,86815,423
10488421,2.62186,2.2924,425,5734880,3.72679e-05,0.04,1,87240,86815,425
10490481,1.64875,0.916959,426,5736340,1.49072e-05,0,1,87241,86815,426
10493401,5.4595,5.16678,426,5737800,0.024006,0,1,87249,86823,426
10495681,2.7838,2.06671,427,5739260,0.0216024,0.03,1,87250,86823,427
10503601,12.8502,12.0843,424,5743640,0.0952225,0.03,1,87349,86925,424
10506501,20.1401,4.83371,449,5745100,0.038089,0,1,87374,86925,449
10509421,9.25603,18.1335,424,5746560,0.0332356,0,1,87376,86952,424
10512341,4.90241,7.25339,426,5748020,0.0312942,0,1,87378,86952,426
10514821,15.761,2.90136,449,5749480,0.0605177,0,1,87401,86952,449
10517741,7.50439,17.9605,423,5750940,0.0482071,0,1,87403,86980,423
10520021,11.4018,7.18422,437,5752400,0.0192828,0,1,87417,86980,437
10522941,5.7607,12.4737,423,5753860,0.0257131,0,1,87419,86996,423
10525861,3.50428,4.98947,425,5755320,0.0282853,0,1,87421,86996,425
10528781,2.60171,1.99579,427,5756780,0.0293141,0,1,87423,86996,427
10531461,5.24069,0.798316,434,5758240,0.0117256,0.14,1,87430,86996,434
10534381,3.89627,6.31933,427,5759700,0.00469026,0.14,1,87433,87006,427
10537301,2.75851,2.52773,429,5761160,0.0858761,0.14,1,87435,87006,429
10556421,5.72412,0.495661,437,5771380,0.0780854,0.16,1,87475,87038,437
10559341,3.48965,9.79826,423,5772840,0.0312342,0.16,1,87477,87054,423
10562261,2.59586,3.91931,425,5774300,0.0124937,0.16,1,87479,87054,425
10587841,12.1283,12.8709,426,5788900,0.0852246,0,1,87550,87124,426
10590321,5.4513,5.14838,427,5790360,0.0880898,0.07,1,87551,87124,427
10593241,12.9805,15.2594,423,5791820,0.0412359,0.07,1,87569,87146,423
10595521,5.79221,6.10374,424,5793280,0.0344944,0,1,87570,87146,424
10598441,34.7169,36.0415,422,5794740,0.0137977,0,1,87624,87202,422
10600721,14.4868,14.4166,423,5796200,0.0055191,0,1,87625,87202,423
10602801,8.7947,9.96664,421,5797660,0.00220764,0,1,87630,87209,421
10605721,19.7179,19.5867,422,5799120,0.000883056,0,1,87657,87235,422
10608641,9.08715,7.83466,424,5800580,0.000353222,0,1,87659,87235,424
10611121,4.23486,3.13386,425,5802040,0.000141289,0,1,87660,87235,425
10614041,5.89394,6.65355,423,5803500,5.65156e-05,0,1,87667,87244,423
10616961,3.55758,2.66142,425,5804960,2.26062e-05,0,1,87669,87244,425
10619881,2.62303,1.06457,427,5806420,9.04249e-06,0,1,87671,87244,427
10621521,1.64921,0.425827,428,5807880,3.61699e-06,0.03,1,87672,87244,428
10624441,5.45969,5.57033,427,5809340,0.0720014,0.03,1,87680,87253,427
10626721,2.78387,2.22813,428,5810800,0.0888006,0.17,1,87681,87253,428
10636921,23.4425,24.1914,422,5816640,0.0492173,0,1,87810,87388,422
10639841,10.577,9.67658,424,5818100,0.0196869,0,1,87812,87388,424
10642761,5.43079,3.87063,426,5819560,0.00787477,0,1,87814,87388,426
10644821,14.7723,1.54825,447,5821020,0.00314991,0,1,87835,87388,447
10647741,7.10893,15.6193,424,5822480,0.00125996,0,1,87837,87413,424
10650021,7.64357,6.24772,432,5823940,0.018504,0.12,1,87845,87413,432
10652941,4.25743,9.09909,423,5825400,0.00740159,0.12,1,87847,87424,423
10655861,2.90297,3.63964,425,5826860,0.00296064,0.12,1,87849,87424,425
10658781,2.36119,1.45585,427,5828320,0.00718425,0.12,1,87851,87424,427
10660421,5.14448,0.582342,434,5829780,0.0028737,0.14,1,87858,87424,434
10663341,3.25779,6.23294,426,5831240,0.00114948,0.14,1,87860,87434,426
10665201,1.90312,2.49317,427,5832700,0.000459792,0.14,1,87861,87434,427
10668121,6.76125,7.59727,426,5834160,0.0961839,0.14,1,87871,87445,426
10686841,4.28208,8.5599,423,5844380,0.0914179,0.21,1,87906,87483,423
10689761,2.91283,3.42396,425,5845840,0.0425671,0.21,1,87908,87483,425
10692681,2.36513,1.36958,427,5847300,0.0170269,0.21,1,87910,87483,427
10695361,2.14605,0.547834,429,5848760,0.0788107,0.16,1,87912,87483,429
10708881,1.90838,1.16529,430,5856060,0.0990246,0.16,1,87930,87500,430
10711801,5.56335,5.26612,430,5857520,0.0996098,0.16,1,87938,87508,430
10722821,11.504,5.12681,441,5863360,0.06327,0.15,1,88001,87560,441
10728021,33.5206,4.90029,478,5866280,0.0485232,0,1,88055,87577,478
10730941,14.6083,36.1601,423,5867740,0.0194093,0,1,88057,87634,423
10733841,7.0433,14.464,425,5869200,0.00776371,0,1,88059,87634,425
10736761,21.4173,26.1856,422,5870660,0.00310548,0,1,88090,87668,422
10739681,9.76693,10.4742,424,5872120,0.00124219,0,1,88092,87668,424
10742601,5.10677,4.1897,426,5873580,0.000496877,0,1,88094,87668,426
10744241,2.64271,1.67588,427,5875040,0.000198751,0.1,1,88095,87668,427
10747161,5.85708,8.47035,422,5876500,7.95004e-05,0.1,1,88103,87681,422
10750081,3.54283,3.38814,424,5877960,3.18001e-05,0.1,1,88105,87681,424
10753001,2.61713,1.35526,426,5879420,1.27201e-05,0.1,1,88107,87681,426
10754641,1.64685,0.542102,427,5880880,0.0180051,0.18,1,88108,87681,427
10757561,11.4587,9.21684,430,5882340,0.025202,0.18,1,88126,87696,430
10761301,27.9934,46.4747,440,5885260,0.0928323,0,1,88211,87771,440
10764221,12.9974,29.3899,425,5886720,0.0731329,0,1,88214,87789,425
10766501,18.9989,11.756,448,5888180,0.0652532,0,1,88237,87789,448
10769421,8.79958,20.9024,423,5889640,0.0381013,0,1,88239,87816,423
10772341,4.71983,8.36095,425,5891100,0.0212405,0,1,88241,87816,425
10774821,12.0879,3.34438,442,5892560,0.0084962,0,1,88258,87816,442
10776901,9.63517,13.9378,429,5894020,0.0813985,0.03,1,88266,87837,429
10781481,10.1816,11.35,424,5896940,0.0466238,0.02,1,88281,87857,424
10784401,5.27265,4.54002,426,5898400,0.0186495,0.02,1,88283,87857,426
10787321,3.30906,1.81601,428,5899860,0.0074598,0.02,1,88285,87857,428
10788961,1.92362,0.726402,429,5901320,0.0209839,0,1,88286,87857,429
10791041,1.36945,1.49056,428,5902780,0.0323936,0.16,1,88287,87859,428
10793961,6.54778,7.79622,426,5904240,0.0129574,0.16,1,88297,87871,426
10796241,3.21911,3.11849,427,5905700,0.00518297,0.16,1,88298,87871,427
10799161,7.88765,7.2474,428,5907160,0.0800732,0.16,1,88309,87881,428
10814961,3.97157,2.72153,429,5915920,0.0994461,0.13,1,88333,87904,429
10817881,2.78863,5.28861,424,5917380,0.0757784,0.13,1,88335,87911,424
10820801,2.31545,2.11544,426,5918840,0.0423114,0.13,1,88337,87911,426
10823281,1.52618,0.846178,427,5920300,0.0169245,0.08,1,88338,87911,427
10826201,6.61047,5.73847,428,5921760,0.0667698,0.08,1,88348,87920,428
10827861,3.24419,2.29539,429,5923220,0.0747079,0.1,1,88349,87920,429
10829941,3.09768,3.31816,428,5924680,0.0658832,0.09,1,88352,87924,428
10832861,2.43907,4.92726,424,5926140,0.0683533,0.09,1,88354,87930,424
10835781,2.17563,1.9709,426,5927600,0.0693413,0.09,1,88356,87930,426
10838261,5.07025,0.788362,433,5929060,0.0997365,0.11,1,88363,87930,433
10852821,9.01155,1.8664,438,5937820,0.0862959,0.16,1,88429,87991,438
10859481,27.4087,32.9515,422,5942200,0.0492029,0,1,88485,88063,422
10862401,12.1635,13.1806,424,5943660,0.0196812,0,1,88487,88063,424
10864881,5.4654,5.27223,425,5945120,0.00787247,0.01,1,88488,88063,425
10867801,21.9862,23.1089,423,5946580,0.00314899,0.01,1,88521,88098,423
10870721,9.99446,9.24356,425,5948040,0.00125959,0.01,1,88523,88098,425
10873641,5.19779,3.69742,427,5949500,0.000503838,0.01,1,88525,88098,427
10875281,2.67911,1.47897,428,5950960,0.000201535,0,1,88526,88098,428
10877361,4.07165,4.79159,426,5952420,0.00608061,0.06,1,88531,88105,426
10880281,9.42866,10.3166,425,5953880,0.0204322,0.06,1,88544,88119,425
10892761,32.0377,34.7136,422,5961180,0.0727372,0.03,1,88648,88226,422
10895041,13.4151,13.8855,423,5962640,0.0650949,0,1,88649,88226,423
10897961,21.566,21.1542,424,5964100,0.026038,0,1,88676,88252,424
10900881,9.82641,8.46167,426,5965560,0.0104152,0,1,88678,88252,426
10903361,4.53056,3.38467,427,5967020,0.00416607,0,1,88679,88252,427
10905441,6.01223,6.75387,425,5968480,0.00166643,0.14,1,88686,88261,425
10907521,3.60489,6.30155,421,5969940,0.00666657,0.02,1,88688,88267,421
10909601,7.44196,7.92062,422,5971400,0.0626666,0,1,88698,88276,422
10911681,6.57678,7.36825,421,5972860,0.0490667,0,1,88704,88283,421
10914601,11.6307,10.1473,424,5974320,0.0436267,0,1,88719,88295,424
10917521,5.85228,4.05892,426,5975780,0.0174507,0,1,88721,88295,426
10920441,3.54091,1.62357,428,5977240,0.0129803,0,1,88723,88295,428
10922081,2.01637,0.649427,429,5978700,0.0231921,0.03,1,88724,88295,429
10925001,2.00655,2.65977,427,5980160,0.0272768,0.03,1,88726,88299,427
10927281,1.40262,1.06391,428,5981620,0.0169107,0.18,1,88727,88299,428
10930201,10.161,11.2256,426,5983080,0.0907643,0.18,1,88743,88317,426
10948921,5.73994,7.42422,425,5993300,0.0922308,0.14,1,88771,88346,425
10951841,3.49597,2.96969,427,5994760,0.0428923,0.14,1,88773,88346,427
10954321,1.99839,1.18787,428,5996220,0.0171569,0.08,1,88774,88346,428
10957241,4.39936,4.67515,427,5997680,0.0248628,0.08,1,88780,88353,427
10960161,2.95974,1.87006,429,5999140,0.0939451,0.08,1,88782,88353,429
10962021,2.3839,0.748024,431,6000600,0.097578,0.18,1,88784,88353,431
10964941,2.75356,3.29921,429,6002060,0.0990312,0.18,1,88787,88358,429
10966801,1.70142,1.31968,430,6003520,0.0876125,0.2,1,88788,88358,430
10977421,10.3972,24.6098,426,6009360,0.235619,0.19,1,88845,88419,426
10980341,5.35886,9.84391,428,6010820,0.244248,0.19,1,88847,88419,428
10982821,14.1435,3.93756,448,6012280,0.241699,0.13,1,88867,88419,448
10984901,9.25742,14.775,432,6013740,0.23468,0.14,1,88873,88441,432
10987601,4.90297,12.51,423,6015200,0.231872,0,1,88875,88452,423
10990521,25.9612,29.604,422,6016660,0.0927487,0,1,88915,88493,422
10993441,11.5845,11.8416,424,6018120,0.0370995,0,1,88917,88493,424
10995921,5.23379,4.73664,425,6019580,0.0148398,0,1,88918,88493,425
10998841,26.6935,27.0947,424,6021040,0.00593592,0,1,88959,88535,424
11001761,11.8774,10.8379,426,6022500,0.0203744,0,1,88961,88535,426
11004681,5.95096,4.33514,428,6023960,0.0261497,0,1,88963,88535,428
11007601,3.58038,1.73406,430,6025420,0.0104599,0,1,88965,88535,430
11009861,5.63215,0.693623,437,6026880,0.00418396,0.2,1,88972,88535,437
11011941,8.25286,6.87745,436,6028340,0.0196736,0.12,1,88982,88546,436
11025261,12.7354,31.0794,423,6035640,0.0816382,0.01,1,89080,88657,423
11027541,19.4942,12.4318,447,6037100,0.0326553,0,1,89104,88657,447
11030461,8.99766,19.9727,424,6038560,0.0130621,0,1,89106,88682,424
11033381,4.79906,7.98908,426,6040020,0.0232248,0,1,89108,88682,426
11035861,5.51963,3.19563,432,6041480,0.0152899,0.16,1,89114,88682,432
11038561,3.40785,7.87825,423,6042940,0.00611598,0.03,1,89116,88693,423
11041481,9.76314,12.1513,422,6044400,0.0624464,0.03,1,89130,88708,422
11044181,14.7053,4.86052,440,6045860,0.0429786,0.01,1,89148,88708,440
11047101,7.0821,13.3442,423,6047320,0.0171914,0.01,1,89150,88727,423
11050021,4.03284,5.33768,425,6048780,0.0128766,0.01,1,89152,88727,425
11052941,2.81314,2.13507,427,6050240,0.00515063,0.01,1,89154,88727,427
11055201,1.72525,0.854029,428,6051700,0.00206025,0,1,89155,88727,428
11058121,5.4901,3.94161,430,6053160,0.0008241,0,1,89163,88733,430
11082881,3.27858,3.50062,424,6066300,0.0835067,0.1,1,89208,88784,424
11093481,2.99273,2.48962,429,6072140,0.0722658,0.08,1,89217,88788,429
11095761,1.79709,0.995846,430,6073600,0.0469063,0.2,1,89218,88788,430
11104501,19.8316,5.90069,454,6079440,0.210289,0.27,1,89278,88824,454
11107421,9.13264,17.9603,430,6080900,0.216116,0.27,1,89280,88850,430
11110341,4.85306,7.18411,432,6082360,0.212446,0.27,1,89282,88850,432
11112821,15.1412,2.87364,454,6083820,0.204978,0.26,1,89304,88850,454
11114901,7.25649,14.3495,434,6085280,0.201991,0.25,1,89306,88872,434
11120101,22.641,3.73591,465,6088200,0.0779186,0,1,89343,88878,465
11123021,10.2564,27.8944,423,6089660,0.0311674,0,1,89345,88922,423
11125941,5.30257,11.1577,425,6091120,0.012467,0,1,89347,88922,425
11128421,30.321,4.4631,472,6092580,0.00498679,0,1,89394,88922,472
11131341,13.3284,31.7852,424,6094040,0.00199472,0,1,89396,88972,424
11134261,6.53136,12.7141,426,6095500,0.000797886,0,1,89398,88972,426
11137181,3.81255,5.08564,428,6096960,0.00631915,0,1,89400,88972,428
11139861,8.72502,2.03426,440,6098420,0.00252766,0.2,1,89412,88972,440
11157541,23.3858,10.3897,455,6108640,0.0747332,0,1,89536,89081,455
11160461,10.5543,24.5559,423,6110100,0.0298933,0,1,89538,89115,423
11163381,5.42172,9.82235,425,6111560,0.0119573,0,1,89540,89115,425
11166301,3.36869,3.92894,427,6113020,0.0227829,0,1,89542,89115,427
11167941,6.14748,1.57158,435,6114480,0.00911317,0.12,1,89550,89115,435
11169601,3.05899,9.02863,422,6115940,0.00364527,0.09,1,89551,89129,422
11171681,4.8236,6.61145,423,6117400,0.0194581,0,1,89557,89134,423
11174601,15.7294,16.4446,423,6118860,0.00778324,0,1,89580,89157,423
11177521,7.49178,6.57783,425,6120320,0.0031133,0,1,89582,89157,425
11180441,4.19671,2.63113,427,6121780,0.00124532,0,1,89584,89157,427
11183361,2.87868,1.05245,429,6123240,0.000498127,0,1,89586,89157,429
11186241,2.35147,0.420981,431,6124700,0.000199251,0.03,1,89588,89157,431
11188321,6.34059,5.56839,431,6126160,0.0600797,0.23,1,89597,89166,431
11190401,7.93624,8.22736,430,6127620,0.0420319,0.26,1,89606,89176,430
11212261,2.61454,3.37803,425,6139300,0.0809749,0.12,1,89637,89212,425
11215181,2.24582,1.35121,427,6140760,0.06839,0.12,1,89639,89212,427
11217861,3.29833,0.540485,431,6142220,0.087356,0.07,1,89643,89212,431
11220781,2.51933,2.61619,429,6143680,0.0709424,0.07,1,89645,89216,429
11235961,20.9571,23.2917,427,6152440,0.211053,0.23,1,89714,89287,427
11238881,9.58285,9.31667,429,6153900,0.216421,0.23,1,89716,89287,429
11241361,4.43314,3.72667,430,6155360,0.230568,0.15,1,89717,89287,430
11244281,15.5733,20.0907,422,6156820,0.236227,0.15,1,89740,89318,422
11247201,7.4293,8.03627,424,6158280,0.238491,0.15,1,89742,89318,424
11250101,23.3717,3.21451,458,6159740,0.0953964,0,1,89776,89318,458
11253021,10.5487,23.4858,423,6161200,0.0381585,0,1,89778,89355,423
11255941,5.41948,9.39432,425,6162660,0.0152634,0,1,89780,89355,425
11258421,29.7678,3.75773,471,6164120,0.0121054,0.01,1,89826,89355,471
11261341,13.7071,30.9031,425,6165580,0.00484215,0.01,1,89829,89404,425
11264261,6.68285,12.3612,427,6167040,0.00193686,0.01,1,89831,89404,427
11267181,3.87314,4.94449,429,6168500,0.000774743,0.01,1,89833,89404,429
11268821,5.74926,1.9778,436,6169960,0.0063099,0.02,1,89840,89404,436
11270481,2.8997,6.19112,428,6171420,0.00252396,0.18,1,89841,89413,428
11273401,4.75988,7.27645,426,6172880,0.0190096,0.18,1,89847,89421,426
11275681,2.50395,2.91058,427,6174340,0.0376038,0.18,1,89848,89421,427
11285261,8.6753,21.4249,423,6180180,0.203667,0.17,1,89929,89506,423
11287541,28.6701,8.56996,465,6181640,0.0814667,0,1,89971,89506,465
11290461,12.668,29.228,424,6183100,0.0325867,0,1,89973,89549,424
11293381,6.26722,11.6912,426,6184560,0.0130347,0,1,89975,89549,426
11296301,3.70689,4.67648,428,6186020,0.0232139,0,1,89977,89549,428
11297941,6.28276,1.87059,436,6187480,0.00928555,0.12,1,89985,89549,436
11300861,4.3131,8.54824,426,6188940,0.00371422,0.12,1,89988,89562,426
11302721,2.32524,3.41929,427,6190400,0.00148569,0,1,89989,89562,427
11305641,12.3301,15.7677,422,6191860,0.0125943,0,1,90008,89586,422
11308561,6.13204,6.30709,424,6193320,0.00503771,0,1,90010,89586,424
11311041,3.05282,2.52283,425,6194780,0.0200151,0.1,1,90011,89586,425
11313961,7.22113,7.60913,424,6196240,0.00800603,0.1,1,90021,89597,424
11316881,4.08845,3.04365,426,6197700,0.00320241,0.1,1,90023,89597,426
11318741,7.63538,1.21746,436,6199160,0.049281,0.14,1,90033,89597,436
11321441,4.25415,6.48698,428,6200620,0.0557124,0.16,1,90035,89607,428
11323521,4.70166,6.19479,427,6202080,0.094285,0.14,1,90040,89613,427
11326441,6.68066,7.87792,426,6203540,0.055714,0.14,1,90048,89622,426
11328721,3.27227,3.15117,427,6205000,0.0282856,0.16,1,90049,89622,427
11331641,4.90891,7.26047,423,6206460,0.0833142,0.16,1,90055,89632,423
11339341,3.62617,7.06467,424,6210840,0.0936521,0.1,1,90067,89643,424
11342261,2.65047,2.82587,426,6212300,0.0614608,0.1,1,90069,89643,426
11345181,2.26019,1.13035,428,6213760,0.0245843,0.1,1,90071,89643,428
11346821,6.30407,0.452139,437,6215220,0.0338337,0.16,1,90080,89643,437
11349741,3.72163,6.78086,428,6216680,0.0135335,0.16,1,90082,89654,428
11351601,2.08865,2.71234,429,6218140,0.0054134,0.14,1,90083,89654,429
11354521,4.43546,5.28494,428,6219600,0.0501654,0.14,1,90089,89661,428
11356801,2.37418,2.11397,429,6221060,0.0800661,0.21,1,90090,89661,429
11359721,8.14967,8.04559,429,6222520,0.0560265,0.21,1,90102,89673,429
11362001,3.85987,3.21824,430,6223980,0.0584106,0.19,1,90103,89673,430
11364081,20.1439,19.2873,431,6225440,0.0773642,0.22,1,90134,89703,431
11366161,14.6576,15.5149,429,6226900,0.0729457,0.18,1,90145,89716,429
11369081,13.063,12.806,430,6228360,0.0891783,0.18,1,90157,89727,430
11373861,7.97008,2.04895,441,6231280,0.0730685,0.24,1,90168,89727,441
11376781,4.38803,12.2196,424,6232740,0.0352274,0.24,1,90170,89746,424
11379061,25.1552,4.88783,463,6234200,0.014091,0,1,90209,89746,463
11381981,11.2621,27.1551,423,6235660,0.00563638,0,1,90211,89788,423
11384901,5.70483,10.8621,425,6237120,0.00225455,0,1,90213,89788,425
11386961,2.88193,4.34482,426,6238580,0.000901821,0.01,1,90214,89788,426
11389881,31.1528,32.9379,424,6240040,0.000360729,0.01,1,90264,89840,424
11392801,13.6611,13.1752,426,6241500,0.000144291,0.01,1,90266,89840,426
11395721,6.66444,5.27007,428,6242960,0.0180577,0.01,1,90268,89840,428
11397361,3.26578,2.10803,429,6244420,0.0132231,0.18,1,90269,89840,429
11400281,6.10631,7.44321,426,6245880,0.00528923,0.18,1,90277,89851,426
11403201,3.64252,2.97728,428,6247340,0.00211569,0.18,1,90279,89851,428
11406121,2.65701,1.19091,430,6248800,0.0188463,0.18,1,90281,89851,430
11408181,8.2628,0.476365,442,6250260,0.0555385,0.2,1,90293,89851,442
11410261,44.1051,7.99055,497,6251720,0.0882154,0.11,1,90361,89864,497
11419001,28.6947,33.6074,424,6256100,0.0426058,0,1,90407,89983,424
11421921,12.6779,13.443,426,6257560,0.0170423,0,1,90409,89983,426
11424841,6.27116,5.37718,428,6259020,0.00681693,0,1,90411,89983,428
11426481,3.10846,2.15087,429,6260480,0.0207268,0.02,1,90412,89983,429
11429401,3.64338,5.06035,426,6261940,0.00829071,0.02,1,90416,89990,426
11432321,2.65735,2.02414,428,6263400,0.0213163,0.02,1,90418,89990,428
11447281,3.18157,5.23837,426,6272160,0.095736,0.08,1,90455,90029,426
11482641,2.83126,2.58533,427,6291140,0.0918504,0.14,1,90514,90087,427
11485561,5.9325,7.03413,425,6292600,0.0967402,0.14,1,90522,90097,425
11487841,2.973,2.81365,426,6294060,0.0866961,0.12,1,90523,90097,426
11490761,8.3892,8.92546,425,6295520,0.0706784,0.12,1,90535,90110,425
11493041,3.95568,3.57018,426,6296980,0.0762714,0.13,1,90536,90110,426
11510521,25.7644,26.4004,422,6307200,0.0654388,0,1,90635,90213,422
11512801,10.9058,10.5602,423,6308660,0.0261755,0.03,1,90636,90213,423
11515721,13.3623,13.8241,422,6310120,0.0284702,0.03,1,90651,90229,422
11518001,5.94492,5.52963,423,6311580,0.0173881,0.05,1,90652,90229,423
11520921,27.578,27.4119,423,6313040,0.0369552,0.05,1,90694,90271,423
11523841,12.2312,10.9647,425,6314500,0.0207821,0.05,1,90696,90271,425
11526761,6.09247,4.3859,427,6315960,0.00831284,0.05,1,90698,90271,427
11528401,3.03699,1.75436,428,6317420,0.00332513,0,1,90699,90271,428
11530481,4.2148,5.50174,425,6318880,0.00733005,0.13,1,90704,90279,425
11545461,15.4214,17.604,437,6327640,0.0908863,0.05,1,90802,90365,437
11547121,6.76857,16.6416,422,6329100,0.0663545,0,1,90803,90381,422
11550041,32.1074,30.6566,431,6330560,0.0445418,0,1,90852,90421,431
11552961,14.043,12.2627,433,6332020,0.0478167,0,1,90854,90421,433
11555881,6.81719,4.90506,435,6333480,0.0611267,0,1,90856,90421,435
11558801,3.92688,1.96202,437,6334940,0.0784507,0,1,90858,90421,437
11561721,2.77075,0.78481,439,6336400,0.0973803,0,1,90860,90421,439
11567101,5.48332,19.3256,425,6339320,0.200381,0.11,1,90878,90453,425
11570021,3.39333,7.73023,427,6340780,0.212152,0.11,1,90880,90453,427
11572941,2.55733,3.09209,429,6342240,0.216861,0.11,1,90882,90453,429
11586441,5.02587,9.94846,422,6349540,0.227149,0.22,1,90909,90487,422
11589361,3.21035,3.97939,424,6351000,0.246859,0.22,1,90911,90487,424
11592281,2.48414,1.59175,426,6352460,0.230744,0.22,1,90913,90487,426
11594961,2.19366,0.636702,428,6353920,0.224298,0.03,1,90915,90487,428
11611201,4.14735,3.6771,424,6362680,0.236754,0.1,1,90946,90522,424
11613681,2.25894,1.47084,425,6364140,0.244702,0.1,1,90947,90522,425
11618881,3.84143,2.87533,427,6367060,0.219152,0.1,1,90960,90533,427
11626161,17.3339,17.632,427,6371440,0.213946,0.15,1,91000,90573,427
11628241,12.3335,11.2528,429,6372900,0.211578,0.16,1,91009,90580,429
11631161,9.73342,9.90112,428,6374360,0.228631,0.16,1,91017,90589,428
11633441,4.49337,3.96045,429,6375820,0.223453,0.16,1,91018,90589,429
11636361,4.19735,5.78418,426,6377280,0.239381,0.16,1,91022,90596,426
11638641,2.27894,2.31367,427,6378740,0.233752,0,1,91023,90596,427
11641561,27.3116,30.3255,422,6380200,0.093501,0,1,91067,90645,422
11643841,11.5246,12.1302,423,6381660,0.0374004,0.08,1,91068,90645,423
11646761,12.4099,12.0521,424,6383120,0.0209602,0.08,1,91081,90657,424
11649041,5.56394,4.82083,425,6384580,0.00838406,0.03,1,91082,90657,425
11651961,28.0256,28.9283,423,6386040,0.0213536,0.03,1,91125,90702,423
11654881,12.4102,11.5713,425,6387500,0.00854145,0.03,1,91127,90702,425
11657801,6.16409,4.62853,427,6388960,0.00341658,0.03,1,91129,90702,427
11659441,3.06564,1.85141,428,6390420,0.00136663,0.14,1,91130,90702,428
11662361,8.42625,9.14057,426,6391880,0.000546653,0.14,1,91142,90716,426
11665061,9.9705,3.65623,437,6393340,0.0842187,0.12,1,91153,90716,437
11684001,15.2071,15.7348,426,6403560,0.0913998,0.01,1,91291,90865,426
11686921,7.28283,6.29391,428,6405020,0.0545599,0.01,1,91293,90865,428
11689841,4.11313,2.51757,430,6406480,0.039824,0.01,1,91295,90865,430
11692721,2.84525,1.00703,432,6407940,0.0339296,0.24,1,91297,90865,432
11695641,9.5381,12.4028,426,6409400,0.0855718,0.24,1,91311,90885,426
11718941,3.0367,8.74098,428,6422540,0.0914202,0.26,1,91347,90919,428
11721861,2.41468,3.49639,430,6424000,0.0785681,0.26,1,91349,90919,430
11727461,4.46635,0.559423,438,6426920,0.0893709,0.13,1,91357,90919,438
11730381,2.98654,5.02377,432,6428380,0.0657484,0.13,1,91359,90927,432
11732661,4.79462,2.00951,438,6429840,0.0982993,0.18,1,91365,90927,438
11735581,3.71785,5.6038,433,6431300,0.0993197,0.18,1,91368,90935,433
11771141,24.4782,3.58052,462,6451740,0.0715865,0.01,1,91496,91034,462
11774061,10.9913,26.0322,423,6453200,0.0286346,0.01,1,91498,91075,423
11776341,12.7965,10.4129,437,6454660,0.0174538,0.03,1,91512,91075,437
11779261,6.31861,13.7652,423,6456120,0.0549815,0.03,1,91514,91091,423
11781541,27.7274,5.50606,465,6457580,0.0399926,0.02,1,91556,91091,465
11784461,12.891,28.0024,425,6459040,0.015997,0.02,1,91559,91134,425
11787381,6.35639,11.201,427,6460500,0.00639882,0.02,1,91561,91134,427
11790301,3.74256,4.48039,429,6461960,0.00255953,0.02,1,91563,91134,429
11791941,6.29702,1.79215,437,6463420,0.00102381,0.18,1,91571,91134,437
11822101,7.57712,2.18716,437,6480940,0.0661579,0,1,91734,91297,437
11823761,3.63085,6.27486,429,6482400,0.0264632,0.12,1,91735,91306,429
11825841,5.05234,6.70995,428,6483860,0.0165853,0.18,1,91741,91313,428
11854341,4.4955,0.475657,433,6498460,0.0950453,0.05,1,91784,91351,433
11857261,2.9982,4.99026,427,6499920,0.0560181,0.05,1,91786,91359,427
11889281,9.77715,19.7714,430,6518900,0.201615,0.16,1,91878,91448,430
11892201,7.51086,16.3086,422,6520360,0.206646,0.16,1,91884,91462,422
11895121,4.20434,6.52343,424,6521820,0.208658,0.16,1,91886,91462,424
11902601,22.9011,25.0175,423,6526200,0.0716741,0.01,1,91926,91503,423
11904881,9.76043,10.007,424,6527660,0.0286696,0,1,91927,91503,424
11907801,12.9042,14.2028,422,6529120,0.0474679,0,1,91942,91520,422
11910081,5.76167,5.68112,423,6530580,0.0429871,0.03,1,91943,91520,423
11913001,32.3047,31.6724,424,6532040,0.0171949,0.03,1,91993,91569,424
11915921,14.1219,12.669,426,6533500,0.00687794,0.03,1,91995,91569,426
11918841,6.84875,5.06759,428,6534960,0.0207512,0.03,1,91997,91569,428
11920481,3.3395,2.02704,429,6536420,0.0143005,0.14,1,91998,91569,429
11923401,8.5358,8.61081,428,6537880,0.0237202,0.14,1,92010,91582,428
11926101,10.0143,3.44433,439,6539340,0.0694881,0.15,1,92021,91582,439
11928181,7.00573,6.77773,435,6540800,0.0697952,0.16,1,92026,91591,435
11930261,38.2023,6.31109,488,6542260,0.0819181,0.21,1,92085,91597,488
11933181,16.4809,39.1244,429,6543720,0.0867672,0.21,1,92087,91658,429
11935461,11.9924,15.6498,438,6545180,0.0887069,0.1,1,92096,91658,438
11938381,5.99695,16.4599,423,6546640,0.0654828,0.1,1,92098,91675,423
11943581,16.4395,37.4336,425,6549560,0.201277,0,1,92158,91733,425
11946501,7.7758,14.9734,427,6551020,0.206511,0,1,92160,91733,427
11949421,4.31032,5.98937,429,6552480,0.208604,0,1,92162,91733,429
11952721,1.52965,2.1583,429,6555400,0.204977,0.19,1,92164,91735,429
11955641,5.41186,7.46332,426,6556860,0.201991,0.19,1,92172,91746,426
11982681,6.90313,7.97159,427,6571460,0.0819924,0.14,1,92218,91791,427
12037381,15.6329,8.30988,445,6602120,0.0468989,0,1,92375,91930,445
12040301,7.45317,17.724,423,6603580,0.0187595,0,1,92377,91954,423
12042581,26.3813,7.08958,462,6605040,0.00750382,0,1,92416,91954,462
12044661,19.5525,27.4358,436,6606500,0.00300153,0.03,1,92431,91995,436
12047581,9.021,19.9743,423,6607960,0.00720061,0.03,1,92433,92010,423
12050501,4.8084,7.98973,425,6609420,0.00888024,0.03,1,92435,92010,425
12052981,7.32336,3.19589,434,6610880,0.0035521,0.1,1,92444,92010,434
12055061,5.92934,7.87836,428,6612340,0.00742084,0.1,1,92449,92021,428
12056721,2.97174,5.55134,425,6613800,0.0209683,0.12,1,92450,92025,425
12058801,8.9887,9.42054,426,6615260,0.0803873,0.09,1,92463,92037,426
12072121,38.83,36.9787,427,6622560,0.43819,0.23,1,92588,92161,427
12177581,10.7299,24.1559,424,6682420,0.0666187,0,1,92868,92444,424
12180501,5.49197,9.66235,426,6683880,0.0326475,0,1,92870,92444,426
12182981,5.19679,3.86494,431,6685340,0.031059,0.03,1,92875,92444,431
12185681,3.27872,5.14598,427,6686800,0.0124236,0.14,1,92877,92450,427
12187761,5.51149,5.65839,428,6688260,0.0889694,0.18,1,92884,92456,428
12189841,8.80459,9.46336,427,6689720,0.0535878,0.15,1,92895,92468,427
12203161,50.7513,39.4799,448,6697020,0.283173,0.61,1,93044,92596,448
12226061,2.24607,0.963601,451,6708700,0.288349,0.5,1,93068,92617,451
12228741,8.09843,0.385441,463,6710160,0.22334,0.63,1,93080,92617,463
12230821,3.83937,9.15418,449,6711620,0.275336,0.62,1,93081,92632,449
12238521,6.67772,6.36987,449,6716000,0.271542,0.5,1,93094,92645,449
12240181,4.47109,2.54795,452,6717460,0.246617,0.6,1,93097,92645,452
12243101,2.98844,4.61918,448,6718920,0.236647,0.6,1,93099,92651,448
12262021,7.90293,1.24981,463,6729140,0.226879,0.65,1,93139,92676,463
12264941,4.96117,8.89992,452,6730600,0.276752,0.65,1,93142,92690,452
12267221,4.98447,3.55997,457,6732060,0.278701,0.58,1,93147,92690,457
12269301,9.79379,5.02399,464,6733520,0.26748,0.59,1,93160,92696,464
12272221,5.11751,11.0096,451,6734980,0.262992,0.59,1,93162,92711,451
12274501,6.24701,4.40384,458,6736440,0.297197,0.61,1,93169,92711,458
12284901,11.7375,3.39594,470,6742280,0.294792,0.7,1,93220,92750,470
12286981,10.095,9.15838,466,6743740,0.213917,0.77,1,93229,92763,466
12289901,5.238,10.8634,456,6745200,0.271567,0.77,1,93231,92775,456
12292181,5.0952,4.34534,461,6746660,0.264627,0.74,1,93236,92775,461
12295101,3.23808,8.33814,452,6748120,0.279851,0.74,1,93238,92786,452
12302581,8.82324,7.97364,450,6752500,0.28119,0.26,1,93267,92817,450
12310501,5.17269,10.3503,427,6756880,0.270716,0.03,1,93300,92873,427
12323801,38.02,38.1652,427,6764180,0.22266,0.13,1,93387,92960,427
12326081,15.808,15.2661,428,6765640,0.227064,0.21,1,93388,92960,428
12334201,55.7317,51.257,436,6770020,0.221412,0.39,1,93484,93048,436
12337121,23.4927,20.5028,438,6771480,0.256565,0.39,1,93486,93048,438
12339601,9.99707,8.20112,439,6772940,0.258626,0.38,1,93487,93048,439
12342521,8.79883,9.88045,436,6774400,0.23545,0.38,1,93495,93059,436
12344801,4.11953,3.95218,437,6775860,0.21418,0.35,1,93496,93059,437
12359161,10.4524,11.6094,433,6783160,0.229012,0.34,1,93522,93089,433
12362081,5.38097,4.64377,435,6784620,0.259605,0.34,1,93524,93089,435
12365001,3.35239,1.85751,437,6786080,0.271842,0.34,1,93526,93089,437
12366641,1.94096,0.743003,438,6787540,0.288737,0.23,1,93527,93089,438
12368721,4.97638,5.0972,437,6789000,0.265495,0.34,1,93534,93097,437
12371641,5.59055,6.83888,435,6790460,0.208198,0.34,1,93540,93105,435
12379121,6.1898,7.03769,436,6794840,0.233645,0.33,1,93552,93116,436
12382041,7.27592,10.6151,431,6796300,0.291458,0.33,1,93560,93129,431
12384961,4.11037,4.24603,433,6797760,0.290583,0.33,1,93562,93129,433
12387881,2.84415,1.69841,435,6799220,0.284233,0.33,1,93564,93129,435
12389941,7.73766,0.679365,446,6800680,0.251693,0.31,1,93575,93129,446
12392641,4.29506,8.07175,435,6802140,0.238677,0.31,1,93577,93142,435
12395561,7.71803,9.2287,435,6803600,0.251471,0.31,1,93587,93152,435
12397841,3.68721,3.69148,436,6805060,0.244588,0.35,1,93588,93152,436
12400761,8.67488,9.27659,435,6806520,0.271835,0.35,1,93600,93165,435
12403041,4.06995,3.71064,436,6807980,0.294734,0.35,1,93601,93165,436
12405121,10.028,8.68425,438,6809440,0.243894,0.31,1,93615,93177,438
12408041,16.0112,20.8737,429,6810900,0.277557,0.31,1,93635,93206,429
12410961,8.80448,8.34948,433,6812360,0.267023,0.31,1,93639,93206,433
12413441,4.72179,3.33979,435,6813820,0.262809,0.17,1,93641,93206,435
12415521,14.4887,13.3359,436,6815280,0.255124,0.28,1,93662,93226,436
12420721,4.35819,3.81375,436,6818200,0.22082,0.32,1,93669,93233,436
12423641,4.14328,5.1255,434,6819660,0.220328,0.32,1,93673,93239,434
12425921,2.25731,2.0502,435,6821120,0.208131,0.35,1,93674,93239,435
12428841,12.3029,12.8201,434,6822580,0.233252,0.35,1,93693,93259,434
12431121,5.52117,5.12803,435,6824040,0.255301,0.34,1,93694,93259,435
12433201,10.6085,9.25121,437,6825500,0.21612,0.15,1,93708,93271,437
12436121,21.0434,26.5005,427,6826960,0.230448,0.15,1,93736,93309,427
12439041,9.61735,10.6002,429,6828420,0.236179,0.15,1,93738,93309,429
12441521,4.44694,4.24008,430,6829880,0.250472,0.13,1,93739,93309,430
12444441,5.37878,7.09603,427,6831340,0.250189,0.13,1,93745,93318,427
12447361,3.35151,2.83841,429,6832800,0.226075,0.13,1,93747,93318,429
12449841,1.9406,1.13536,430,6834260,0.20443,0.21,1,93748,93318,430
12451921,21.1762,19.0541,433,6835720,0.231772,0.07,1,93782,93349,433
12454841,31.8705,35.8217,425,6837180,0.218709,0.07,1,93821,93396,425
12468161,25.7299,25.0868,429,6844480,0.222003,0.19,1,93928,93499,429
12471081,11.4919,10.0347,431,6845940,0.232801,0.19,1,93930,93499,431
12474001,5.79678,4.01389,433,6847400,0.23712,0.19,1,93932,93499,433
12475841,2.91871,1.60556,434,6848860,0.250848,0.11,1,93933,93499,434
12478761,2.36748,5.44222,428,6850320,0.250339,0.11,1,93935,93507,428
12481681,2.14699,2.17689,430,6851780,0.226136,0.11,1,93937,93507,430
12490201,14.6094,15.7393,431,6856160,0.205993,0.27,1,93964,93533,431
12493121,7.04376,6.29573,433,6857620,0.226397,0.27,1,93966,93533,433
12496041,4.0175,2.51829,435,6859080,0.240559,0.27,1,93968,93533,435
12497681,2.207,1.00732,436,6860540,0.234224,0.17,1,93969,93533,436
12499761,2.6828,3.40293,434,6862000,0.219689,0.3,1,93972,93538,434
12515161,7.89297,9.00895,432,6870760,0.227865,0.27,1,94005,93573,432
12518081,4.35719,3.60358,434,6872220,0.229146,0.27,1,94007,93573,434
12519941,7.14288,1.44143,443,6873680,0.217658,0.33,1,94016,93573,443
12522861,4.05715,7.17657,434,6875140,0.207063,0.33,1,94018,93584,434
12533261,6.53106,12.6637,435,6880980,0.228693,0.3,1,94044,93609,435
12535541,8.61242,5.06549,445,6882440,0.235477,0.3,1,94054,93609,445
12537621,10.645,8.6262,446,6883900,0.250191,0.26,1,94066,93620,446
12540541,5.45799,16.0505,427,6885360,0.256076,0.26,1,94068,93641,427
12542821,9.9832,6.42019,440,6886820,0.276431,0.11,1,94081,93641,440
12544481,4.59328,7.96808,432,6888280,0.272572,0.25,1,94082,93650,432
12547401,13.2373,15.7872,430,6889740,0.211029,0.25,1,94101,93671,430
12550321,6.49492,6.31489,432,6891200,0.216412,0.25,1,94103,93671,432
12553221,6.19797,2.52596,438,6892660,0.212565,0.2,1,94109,93671,438
12556141,3.67919,5.21038,433,6894120,0.253026,0.2,1,94111,93678,433
12558421,12.8717,2.08415,452,6895580,0.29321,0.3,1,94130,93678,452
12590261,6.19034,13.4088,427,6913100,0.260309,0.14,1,94259,93832,427
12593181,3.67614,5.36351,429,6914560,0.218124,0.14,1,94261,93832,429
12594821,59.6705,2.1454,526,6916020,0.207249,0.27,1,94358,93832,526
12597741,25.0682,62.0582,426,6917480,0.2029,0.27,1,94360,93934,426
12600661,11.2273,24.8233,428,6918940,0.23716,0.27,1,94362,93934,428
12603581,5.69091,9.9293,430,6920400,0.250864,0.27,1,94364,93934,430
12606501,3.47636,3.97172,432,6921860,0.256346,0.27,1,94366,93934,432
12608341,3.19055,1.58869,435,6923320,0.246538,0.26,1,94369,93934,435
12611261,2.47622,6.63548,427,6924780,0.218615,0.26,1,94371,93944,427
12619781,17.0305,0.42467,458,6929160,0.217751,0.13,1,94402,93944,458
12622701,8.01219,20.5699,426,6930620,0.249101,0.13,1,94404,93978,426
12625621,4.40488,8.22795,428,6932080,0.26164,0.13,1,94406,93978,428
12628541,2.96195,3.29118,430,6933540,0.266656,0.13,1,94408,93978,430
12630801,1.78478,1.31647,431,6935000,0.256662,0.22,1,94409,93978,431
12636641,3.88556,2.85064,432,6937920,0.206666,0.22,1,94421,93989,432
12639121,2.15423,1.14025,433,6939380,0.214666,0.18,1,94422,93989,433
12641201,3.86169,2.8561,434,6940840,0.259867,0.23,1,94427,93993,434
12644121,7.54468,9.54244,430,6942300,0.211947,0.23,1,94437,94007,430
12646821,9.01787,3.81698,440,6943760,0.246779,0.21,1,94447,94007,440
12648481,4.20715,6.92679,432,6945220,0.248711,0.18,1,94448,94016,432
12651401,4.08286,5.77072,431,6946680,0.261485,0.18,1,94452,94021,431
12653681,2.23314,2.30829,432,6948140,0.254594,0.27,1,94453,94021,432
12656601,6.89326,6.92331,432,6949600,0.233838,0.27,1,94463,94031,432
12658881,3.3573,2.76933,433,6951060,0.213535,0.27,1,94464,94031,433
12661801,13.9429,14.3077,432,6952520,0.241414,0.27,1,94485,94053,432
12664081,6.17717,5.72309,433,6953980,0.264566,0.23,1,94486,94053,433
12666161,6.67087,6.48924,433,6955440,0.261826,0.29,1,94493,94060,433
12669081,8.66835,8.59569,433,6956900,0.27273,0.29,1,94503,94070,433
12671361,4.06734,3.43828,434,6958360,0.265092,0.3,1,94504,94070,434
12676981,13.6108,5.59012,446,6961280,0.241615,0.24,1,94537,94091,446
12679061,6.04431,8.83605,436,6962740,0.264646,0.24,1,94538,94102,436
12680721,3.01772,4.73442,435,6964200,0.261858,0.34,1,94539,94104,435
12688421,11.2331,1.455,451,6968580,0.227719,0.34,1,94567,94116,451
12691341,5.69325,10.782,436,6970040,0.253088,0.34,1,94569,94133,436
12693621,16.0773,4.3128,459,6971500,0.257235,0.36,1,94592,94133,459
12695701,20.2309,15.5251,459,6972960,0.258894,0.23,1,94615,94156,459
12698621,9.29237,26.01,428,6974420,0.259558,0.23,1,94617,94189,428
12701541,4.91695,10.404,430,6975880,0.259823,0.23,1,94619,94189,430
12704461,3.16678,4.16161,432,6977340,0.259929,0.23,1,94621,94189,432
12707381,2.46671,1.66464,434,6978800,0.259972,0.23,1,94623,94189,434
12710301,2.18668,0.665857,436,6980260,0.259989,0.23,1,94625,94189,436
12712341,26.0747,0.266343,478,6981720,0.265995,0.39,1,94667,94189,478
12714421,26.0299,23.5065,465,6983180,0.262398,0.22,1,94693,94228,465
12717341,11.6119,34.0026,426,6984640,0.236959,0.22,1,94695,94269,426
12720261,5.84478,13.601,428,6986100,0.202784,0.22,1,94697,94269,428
12724821,57.8152,2.17617,524,6989020,0.276045,0.24,1,94793,94269,524
12727741,24.3261,60.8705,426,6990480,0.290418,0.24,1,94795,94369,426
12730661,10.9304,24.3482,428,6991940,0.296167,0.24,1,94797,94369,428
12744181,2.18745,2.40933,430,6999240,0.286924,0.09,1,94808,94378,430
12747101,2.07498,0.96373,432,7000700,0.24677,0.09,1,94810,94378,432
12767681,3.99928,3.82082,432,7012380,0.29372,0.29,1,94859,94427,432
12770161,2.19971,1.52833,433,7013840,0.297488,0.2,1,94860,94427,433
12774321,5.03195,6.24453,432,7016760,0.275598,0.27,1,94872,94440,432
12822161,6.92768,6.72242,433,7044500,0.412716,0.27,1,95012,94579,433
12824241,17.7711,17.089,434,7045960,0.441087,0.26,1,95037,94603,434
12827161,14.3084,18.8356,426,7047420,0.428435,0.26,1,95049,94623,426
12830081,6.92337,7.53423,428,7048880,0.417374,0.26,1,95051,94623,428
12833001,3.96935,3.01369,430,7050340,0.41295,0.26,1,95053,94623,430
12834641,2.18774,1.20548,431,7051800,0.42318,0.22,1,95054,94623,431
12842341,27.764,1.32515,477,7056180,0.409883,0.27,1,95113,94636,477
12850261,5.1849,9.25281,435,7060560,0.296233,0.12,1,95135,94700,435
12853181,3.27396,3.70112,437,7062020,0.256493,0.12,1,95137,94700,437
12863581,5.64221,9.98275,436,7067860,0.400982,0.37,1,95239,94803,436
12866501,3.45689,3.9931,438,7069320,0.418393,0.37,1,95241,94803,438
12868341,1.98275,1.59724,439,7070780,0.407357,0.22,1,95242,94803,439
12881661,7.18382,18.7239,432,7078080,0.408082,0.35,1,95276,94844,432
12884581,4.07353,7.48955,434,7079540,0.415233,0.35,1,95278,94844,434
12887501,2.82941,2.99582,436,7081000,0.418093,0.35,1,95280,94844,436
12892061,4.65271,7.07933,438,7083920,0.298495,0.36,1,95293,94855,438
12894341,3.66108,2.83173,441,7085380,0.269398,0.32,1,95296,94855,441
12910561,3.2692,3.56475,438,7094140,0.405945,0.37,1,95324,94886,438
12918681,5.20123,5.17214,437,7098520,0.4251,0.34,1,95343,94906,437
12920961,2.68049,2.06886,438,7099980,0.42804,0.36,1,95344,94906,438
12923881,17.2722,17.6275,437,7101440,0.447216,0.36,1,95371,94934,437
12929701,9.24355,2.82041,449,7104360,0.409955,0.4,1,95383,94934,449
12977341,8.66709,19.3286,436,7132100,0.289263,0.23,1,95573,95137,436
12980261,4.66683,7.73142,438,7133560,0.295705,0.23,1,95575,95137,438
12982741,4.86673,3.09257,443,7135020,0.268282,0.38,1,95580,95137,443
13007281,1.46725,0.342909,439,7148160,0.298481,0.37,1,95693,95254,439
13013121,8.39476,7.73487,438,7151080,0.400557,0.37,1,95724,95286,438
13016041,4.5579,3.09395,440,7152540,0.412223,0.37,1,95726,95286,440
13017681,2.42316,1.23758,441,7154000,0.404889,0.4,1,95727,95286,441
13052001,2.05203,0.924231,442,7172980,0.400899,0.42,1,95795,95353,442
13054921,15.2208,17.1697,438,7174440,0.40036,0.42,1,95819,95381,438
13057201,6.68832,6.86788,439,7175900,0.412144,0.33,1,95820,95381,439
13060121,6.27533,6.34715,439,7177360,0.416858,0.33,1,95826,95387,439
13063041,3.71013,2.53886,441,7178820,0.418743,0.33,1,95828,95387,441
13064901,11.0841,1.01554,457,7180280,0.401497,0.29,1,95844,95387,457
13066981,9.83362,12.4062,446,7181740,0.400599,0.38,1,95853,95407,446
13069901,5.73345,10.9625,439,7183200,0.41224,0.38,1,95856,95417,439
13074881,3.31735,6.554,438,7186120,0.409158,0.38,1,95863,95425,438
13076961,11.5269,12.2216,439,7187580,0.403663,0.41,1,95880,95441,439
13079881,15.4108,16.8886,437,7189040,0.407465,0.41,1,95898,95461,437
13082801,7.36431,6.75546,439,7190500,0.408986,0.41,1,95900,95461,439
13084661,23.9457,2.70218,474,7191960,0.409594,0.35,1,95935,95461,474
13087581,10.7783,25.0809,436,7193420,0.409838,0.35,1,95937,95501,436
13090481,5.51132,10.0323,438,7194880,0.409935,0.32,1,95939,95501,438
13113361,2.39632,1.44812,432,7208020,0.28754,0.34,1,96016,95584,432
13119201,26.5434,24.2317,438,7210940,0.400006,0.34,1,96122,95684,438
13130441,2.58991,1.38833,437,7216780,0.426256,0.31,1,96129,95692,437
13132081,1.63596,0.555332,438,7218240,0.428502,0.4,1,96130,95692,438
13139781,15.9447,0.995541,464,7222620,0.438544,0.4,1,96166,95702,464
13148541,2.89246,2.84771,441,7227000,0.437987,0.4,1,96172,95731,441
13177021,5.59978,13.5565,436,7243060,0.430675,0.4,1,96236,95800,436
13179941,3.43991,5.4226,438,7244520,0.44227,0.4,1,96238,95800,438
13182861,2.57596,2.16904,440,7245980,0.446908,0.4,1,96240,95800,440
13184501,14.8304,0.867616,463,7247440,0.436763,0.44,1,96263,95800,463
13187421,7.13215,16.547,438,7248900,0.432705,0.44,1,96265,95827,438
13190321,4.05286,6.61882,440,7250360,0.425082,0.38,1,96267,95827,440
13193241,4.02114,4.44753,441,7251820,0.422033,0.38,1,96271,95830,441
13196981,7.48338,13.9116,443,7254740,0.299125,0.42,1,96295,95852,443
13200721,2.51734,6.18586,438,7257660,0.29626,0.4,1,96299,95861,438
13210921,10.8164,11.6976,440,7263500,0.402768,0.48,1,96342,95902,440
13213201,4.92658,4.67902,441,7264960,0.431107,0.39,1,96343,95902,441
13227361,3.47765,3.12375,438,7272260,0.426882,0.42,1,96394,95956,438
13234001,31.8546,32.5999,439,7276640,0.42884,0.41,1,96449,96010,439
13236921,13.9418,19.04,431,7278100,0.429536,0.41,1,96451,96020,431
13239841,6.77673,7.61599,433,7279560,0.405814,0.41,1,96453,96020,433
13242761,3.91069,3.04639,435,7281020,0.414326,0.41,1,96455,96020,435
13244401,2.16428,1.21856,436,7282480,0.40573,0.43,1,96456,96020,436
13247321,64.4657,66.4874,432,7283940,0.402292,0.43,1,96562,96130,432
13250241,26.9863,26.595,434,7285400,0.400917,0.43,1,96564,96130,434
13256081,5.9978,4.25519,438,7288320,0.427747,0.43,1,96568,96130,438
13259001,3.59912,1.70208,440,7289780,0.417099,0.43,1,96570,96130,440
13261041,2.03965,0.680831,441,7291240,0.400839,0.24,1,96571,96130,441
13271241,16.6602,20.643,435,7297080,0.400645,0.39,1,96612,96177,435
13274161,7.86409,8.25721,437,7298540,0.412258,0.39,1,96614,96177,437
13277081,4.34563,3.30288,439,7300000,0.416903,0.39,1,96616,96177,439
13278721,2.33825,1.32115,440,7301460,0.430761,0.42,1,96617,96177,440
13289761,5.17666,4.57462,440,7307300,0.429924,0.39,1,96646,96206,440
13295161,5.86827,6.13194,440,7310220,0.439588,0.36,1,96655,96215,440
13297441,2.94731,2.45278,441,7311680,0.421835,0.45,1,96656,96215,441
13302641,3.47157,2.79244,442,7314600,0.407094,0.48,1,96667,96225,442
13310561,3.72618,3.29872,440,7318980,0.447974,0.45,1,96684,96244,440
13331761,4.28034,4.92366,440,7330660,0.422043,0.38,1,96742,96302,440
13362961,1.84725,0.891631,443,7348180,0.446427,0.34,1,96844,96401,443
13512741,13.1901,26.7305,454,7429940,0.434868,0.54,1,97467,97013,454
14163161,13.9979,12.7271,452,7799320,0.762574,0.64,2,99736,99284,452
14164801,6.19915,5.09083,453,7800780,0.755029,0.7,2,99737,99284,453
14180201,16.8258,17.2423,453,7809540,0.7686,0.65,2,99787,99334,453
14182481,7.33031,6.89692,454,7811000,0.77544,0.65,2,99788,99334,454
14185401,10.1321,12.9588,449,7812460,0.760176,0.65,2,99800,99351,449
14211401,15.0705,16.9894,452,7827060,0.778096,0.71,2,99855,99403,452
14213681,6.62818,6.79575,453,7828520,0.785239,0.62,2,99856,99403,453
14216601,7.45127,7.5183,453,7829980,0.794095,0.62,2,99864,99411,453
14218881,3.58051,3.00732,454,7831440,0.785638,0.72,2,99865,99411,454
14220961,6.8322,7.20293,453,7832900,0.758255,0.71,2,99874,99421,453
14223041,5.73288,5.28117,454,7834360,0.795302,0.67,2,99879,99425,454
14225961,8.29315,11.1125,449,7835820,0.786121,0.67,2,99889,99440,449
14228661,8.71726,4.44499,458,7837280,0.764448,0.61,2,99898,99440,458
14231581,5.8869,8.378,451,7838740,0.761779,0.61,2,99902,99451,451
14239061,6.42476,3.65619,459,7843120,0.756994,0.7,2,99923,99464,459
14241981,4.3699,5.06248,456,7844580,0.776798,0.7,2,99926,99470,456
14244261,6.54796,2.02499,464,7846040,0.778719,0.71,2,99934,99470,464
14252161,4.21107,6.5136,455,7850420,0.794078,0.67,2,99960,99505,455
14254241,7.08443,8.00544,455,7851880,0.791631,0.69,2,99969,99514,455
14259861,26.0935,4.64087,491,7854800,0.793861,0.64,2,100019,99528,491
14262781,11.6374,24.6563,455,7856260,0.785544,0.64,2,100021,99566,455
14265681,5.85496,9.86254,457,7857720,0.782218,0.67,2,100023,99566,457
14268601,7.14198,9.34502,456,7859180,0.750887,0.67,2,100031,99575,456
14272961,6.78272,8.0952,455,7862100,0.758542,0.64,2,100041,99586,455
14275041,11.1131,11.6381,455,7863560,0.765417,0.73,2,100055,99600,455
14291281,32.6736,31.543,456,7872320,0.750583,0.77,2,100196,99740,456
14294201,14.2694,12.6172,458,7873780,0.768233,0.77,2,100198,99740,458
14295841,6.30778,5.04687,459,7875240,0.763293,0.64,2,100199,99740,459
14298761,3.72311,5.61875,455,7876700,0.761317,0.64,2,100201,99746,455
14326841,5.16359,5.11955,456,7892760,0.756179,0.74,2,100279,99823,456
14329121,2.66544,2.04782,457,7894220,0.776472,0.72,2,100280,99823,457
14344721,6.27261,5.52954,458,7902980,0.77152,0.76,2,100319,99861,458
14360741,6.2294,3.95366,462,7911740,0.776006,0.67,2,100363,99901,462
14374261,6.49592,1.68429,467,7920500,0.776459,0.79,2,100395,99928,467
14382181,4.68774,8.21979,460,7924880,0.779053,0.85,2,100426,99966,460
14388821,21.612,16.6061,483,7929260,0.939779,0.77,2,100480,99997,483
14409841,4.60353,4.57733,454,7940940,0.92364,0.69,2,100518,100064,454
14414401,1.81657,0.732373,457,7943860,0.906182,0.68,2,100521,100064,457
14416481,2.52663,5.69295,451,7945320,0.914473,0.74,2,100524,100073,451
14502181,10.1303,3.26351,470,7993500,0.944128,0.78,2,100857,100387,470
14720181,2.55655,3.12227,481,8114680,0.94,1,2,101706,101225,481
14960401,5.73439,3.35603,486,8253380,0.9472,1,2,102623,102137,486
14963321,20.2938,30.7424,467,8254840,0.94288,1,2,102653,102186,467
14969161,6.847,4.91879,476,8257760,0.948861,1,2,102662,102186,476
14970801,5.7388,1.96751,481,8259220,0.925544,1,2,102667,102186,481
14973721,5.89552,4.98701,480,8260680,0.916218,1,2,102673,102193,480
14976641,6.55821,1.9948,487,8262140,0.948487,1,2,102680,102193,487
14979541,5.62328,0.797921,492,8263600,0.943395,1,2,102685,102193,492
14982461,5.24931,6.91917,486,8265060,0.911358,1,2,102690,102204,486
14984321,5.09973,2.76767,491,8266520,0.928543,1,2,102695,102204,491
14990161,5.37596,3.08283,490,8269440,0.917767,1,2,102705,102215,490
14993061,5.75038,1.23313,496,8270900,0.901107,1,2,102711,102215,496
14995761,5.90015,2.89325,498,8272360,0.900443,1,2,102717,102219,498
15006161,4.48544,4.61967,500,8278200,0.913691,1,2,102735,102235,500
15009081,28.7942,36.0479,488,8279660,0.917476,1,2,102780,102292,488
15012001,14.5177,14.4191,493,8281120,0.906991,1,2,102785,102292,493
15014921,7.00707,5.76766,495,8282580,0.914796,1,2,102787,102292,495
15017841,4.00283,2.30706,497,8284040,0.905918,1,2,102789,102292,497
15036321,6.42862,7.9343,494,8295720,0.790488,1,2,102843,102349,494
15038401,4.97145,7.97372,490,8297180,0.754195,1,2,102847,102357,490
15055461,5.11035,2.28865,498,8307400,0.773964,1,2,102940,102442,498
15057541,5.64414,6.91546,494,8308860,0.753586,1,2,102946,102452,494
15072521,48.2334,59.9963,470,8319080,0.403274,1,1,103056,102586,470
15078341,12.0373,9.5994,482,8322000,0.281724,1,1,103068,102586,482
15080421,8.41494,9.83976,478,8323460,0.24469,1,1,103074,102596,478
15084161,4.82639,10.0944,475,8326380,0.0859503,0.98,1,103087,102612,475
15089161,9.17222,12.0551,471,8329300,0.0701521,1,1,103104,102633,471
15091441,4.26889,4.82204,472,8330760,0.0340608,0.92,1,103105,102633,472
15155721,7.28314,7.92822,461,8367260,0.402746,0.82,1,103271,102810,461
15202721,43.8159,50.4653,431,8396460,0.281103,0.2,1,103494,103063,431
15205641,22.3264,28.5861,425,8397920,0.232441,0.2,1,103502,103077,425
15213961,11.4609,14.4295,423,8402300,0.203036,0.09,1,103521,103098,423
15216881,5.78435,5.7718,425,8403760,0.213214,0.09,1,103523,103098,425
15234341,4.6252,7.05701,456,8413980,0.077705,0.67,1,103598,103142,456
15237261,3.05008,6.4228,452,8415440,0.061082,0.67,1,103600,103148,452
15239541,6.02003,2.56912,460,8416900,0.0964328,0.66,1,103608,103148,460
15242461,4.20801,10.0276,448,8418360,0.0685731,0.66,1,103611,103163,448
15244741,7.0832,4.01106,457,8419820,0.0994292,0.58,1,103620,103163,457
15247661,4.03328,8.80442,447,8421280,0.0877717,0.58,1,103622,103175,447
15249941,5.21331,3.52177,453,8422740,0.0651087,0.58,1,103628,103175,453
15252861,3.28533,8.00871,444,8424200,0.0320435,0.58,1,103630,103186,444
15255761,2.51413,3.20348,446,8425660,0.0128174,0.48,1,103632,103186,446
15258681,4.60565,4.28139,447,8427120,0.047127,0.48,1,103638,103191,447
15261381,13.2423,1.71256,466,8428580,0.0728508,0.66,1,103657,103191,466
15264301,6.4969,11.485,450,8430040,0.0831403,0.66,1,103659,103209,450
15267221,3.79876,4.59401,452,8431500,0.0872561,0.66,1,103661,103209,452
15283221,7.62855,0.817537,457,8440260,0.0526851,0.35,1,103718,103261,457
15303401,48.0826,48.933,447,8451940,0.222195,0.55,1,103836,103389,447
15306321,20.4331,19.5732,449,8453400,0.268878,0.55,1,103838,103389,449
15308801,8.77322,7.82927,450,8454860,0.275551,0.63,1,103839,103389,450
15311721,8.30929,9.13171,448,8456320,0.25422,0.63,1,103847,103399,448
15314421,5.72372,3.65268,452,8457780,0.215688,0.55,1,103851,103399,452
15317341,3.48949,5.06107,448,8459240,0.200275,0.55,1,103853,103405,448
15323161,5.23832,7.40977,446,8462160,0.221644,0.6,1,103862,103416,446
15326081,3.29533,2.96391,448,8463620,0.208658,0.6,1,103864,103416,448
15327941,5.51813,1.18556,455,8465080,0.293463,0.5,1,103871,103416,455
15331681,8.9229,10.1497,447,8468000,0.291754,0.21,1,103885,103438,447
15378281,4.72322,6.25487,423,8492820,0.290411,0.01,1,104053,103630,423
15380561,2.48929,2.50195,424,8494280,0.266164,0.1,1,104054,103630,424
15383481,5.79572,7.00078,422,8495740,0.298466,0.1,1,104062,103640,422
15386401,3.51829,2.80031,424,8497200,0.287386,0.1,1,104064,103640,424
15388881,2.00731,1.12012,425,8498660,0.270955,0.13,1,104065,103640,425
15391801,15.2029,15.4481,424,8500120,0.288382,0.13,1,104089,103665,424
15394721,7.28117,6.17922,426,8501580,0.295353,0.13,1,104091,103665,426
15397641,4.11247,2.47169,428,8503040,0.274141,0.13,1,104093,103665,428
15399701,26.245,0.988675,469,8504500,0.259656,0.1,1,104134,103665,469
15402621,11.698,28.5955,424,8505960,0.229863,0.1,1,104136,103712,424
15408461,3.55168,4.57527,428,8508880,0.209578,0.1,1,104140,103712,428
15411381,2.62067,1.83011,430,8510340,0.215831,0.1,1,104142,103712,430
15413221,1.64827,0.732044,431,8511800,0.206332,0.03,1,104143,103712,431
15415301,9.65931,4.49282,439,8513260,0.082533,0.11,1,104158,103719,439
15420501,5.62549,3.59885,435,8516180,0.206405,0.14,1,104166,103731,435
15422581,8.2502,6.83954,436,8517640,0.214562,0.1,1,104176,103740,436
15432981,52.68,9.71269,507,8523480,0.208629,0.27,1,104276,103769,507
15435901,22.872,50.0851,433,8524940,0.215452,0.27,1,104279,103846,433
15438821,10.3488,20.034,435,8526400,0.218181,0.27,1,104281,103846,435
15441301,6.53952,8.01361,439,8527860,0.225272,0.32,1,104285,103846,439
15457741,5.26474,8.97426,438,8536620,0.23565,0.34,1,104313,103875,438
15460641,3.3059,3.58971,440,8538080,0.24426,0.36,1,104315,103875,440
15462721,13.9224,14.6359,439,8539540,0.241704,0.42,1,104336,103897,439
15465641,27.1689,31.0544,433,8541000,0.252682,0.42,1,104372,103939,433
15468561,12.0676,12.4217,435,8542460,0.257073,0.42,1,104374,103939,435
15471481,6.02703,4.9687,437,8543920,0.258829,0.42,1,104376,103939,437
15473121,3.01081,1.98748,438,8545380,0.247532,0.32,1,104377,103939,438
15476041,12.0043,14.595,433,8546840,0.243013,0.32,1,104395,103962,433
15478961,6.00173,5.838,435,8548300,0.241205,0.32,1,104397,103962,435
15481881,3.60069,2.3352,437,8549760,0.270482,0.32,1,104399,103962,437
15483521,2.04028,0.934079,438,8551220,0.264193,0.39,1,104400,103962,438
15486441,37.4161,37.5736,437,8552680,0.255677,0.39,1,104461,104024,437
15489361,16.1664,15.0295,439,8554140,0.264271,0.39,1,104463,104024,439
15491841,7.06658,6.01178,440,8555600,0.279708,0.4,1,104464,104024,440
15493921,7.02663,9.00471,436,8557060,0.249883,0.36,1,104471,104035,436
15496841,7.61065,12.0019,430,8558520,0.255953,0.36,1,104479,104049,430
15499761,4.24426,4.80075,432,8559980,0.258381,0.36,1,104481,104049,432
15502681,2.8977,1.9203,434,8561440,0.265353,0.36,1,104483,104049,434
15505601,2.35908,0.768121,436,8562900,0.268141,0.36,1,104485,104049,436
15507861,3.94363,0.307248,441,8564360,0.251256,0.2,1,104490,104049,441
15510781,2.77745,4.3229,436,8565820,0.250503,0.2,1,104492,104056,436
15513061,7.11098,1.72916,446,8567280,0.262201,0.27,1,104502,104056,446
15515981,4.64439,10.2917,433,8568740,0.26088,0.27,1,104505,104072,433
15518901,3.05776,4.11667,435,8570200,0.260352,0.27,1,104507,104072,435
15521381,14.4231,1.64667,457,8571660,0.284141,0.21,1,104529,104072,457
15532621,10.2764,29.3558,423,8577500,0.272666,0.14,1,104571,104148,423
15535541,5.31057,11.7423,425,8578960,0.259066,0.14,1,104573,104148,425
15538461,3.32423,4.69692,427,8580420,0.253627,0.14,1,104575,104148,427
15541381,2.52969,1.87877,429,8581880,0.227451,0.14,1,104577,104148,429
15543841,1.61188,0.751507,430,8583340,0.22898,0.14,1,104578,104148,430
15551121,7.68716,8.5921,429,8587720,0.208815,0.22,1,104603,104174,429
15554041,7.27486,8.83684,427,8589180,0.275526,0.22,1,104610,104183,427
15556961,4.10995,3.53474,429,8590640,0.27821,0.22,1,104612,104183,429
15559441,2.24398,1.41389,430,8592100,0.291284,0.17,1,104613,104183,430
15561521,8.69759,9.56556,428,8593560,0.248514,0.25,1,104626,104198,428
15572761,8.75706,11.8705,427,8599400,0.291818,0.2,1,104723,104296,427
15575681,4.70282,4.74819,429,8600860,0.254727,0.2,1,104725,104296,429
15578601,3.08113,1.89928,431,8602320,0.239891,0.2,1,104727,104296,431
15580241,1.83245,0.75971,432,8603780,0.287956,0.17,1,104728,104296,432
15583161,3.13298,2.70388,432,8605240,0.283183,0.17,1,104732,104300,432
15598141,12.3325,28.7583,429,8614000,0.299511,0.22,1,104812,104383,429
15625801,6.67577,9.33102,433,8630060,0.278989,0.28,1,104913,104480,433
15628501,6.27031,3.73241,439,8631520,0.291596,0.27,1,104919,104480,439
15631421,3.70812,8.09296,430,8632980,0.296638,0.27,1,104921,104491,430
15634341,2.68325,3.23718,432,8634440,0.298655,0.27,1,104923,104491,432
15637261,2.2733,1.29487,434,8635900,0.275462,0.27,1,104925,104491,434
15674881,2.14715,0.619986,432,8656340,0.26008,0.19,1,105015,104583,432
15677801,10.4589,8.04799,435,8657800,0.278032,0.19,1,105031,104596,435
15680081,4.78354,3.2192,436,8659260,0.273213,0.39,1,105032,104596,436
15682161,7.31342,7.88768,434,8660720,0.277285,0.3,1,105041,104607,434
15685081,4.12537,6.75507,430,8662180,0.254914,0.3,1,105043,104613,430
15687361,2.25015,2.70203,431,8663640,0.233966,0.24,1,105044,104613,431
15690281,7.50006,5.88081,434,8665100,0.213586,0.24,1,105055,104621,434
15691941,3.60002,2.35232,435,8666560,0.217434,0.22,1,105056,104621,435
15756001,6.43532,8.33267,438,8703060,0.263138,0.28,1,105353,104915,438
15758921,4.97413,8.73307,433,8704520,0.285255,0.28,1,105357,104924,433
15761841,3.18965,3.49323,435,8705980,0.294102,0.28,1,105359,104924,435
15764761,2.47586,1.39729,437,8707440,0.273641,0.28,1,105361,104924,437
15766821,6.39034,0.558916,446,8708900,0.229456,0.33,1,105370,104924,446
15771821,3.42245,9.32943,431,8711820,0.262313,0.31,1,105377,104946,431
15774741,2.56898,3.73177,433,8713280,0.296925,0.31,1,105379,104946,433
15777661,2.22759,1.49271,435,8714740,0.28677,0.31,1,105381,104946,435
15780581,2.09104,0.597083,437,8716200,0.288708,0.31,1,105383,104946,437
15807381,12.2402,0.200111,453,8730800,0.252815,0.31,1,105469,105016,453
15810301,6.69606,13.28,434,8732260,0.221126,0.31,1,105472,105038,434
15814661,6.11137,5.12481,438,8735180,0.24658,0.23,1,105481,105043,438
15817581,3.64455,7.44992,431,8736640,0.248632,0.23,1,105483,105052,431
15819861,5.05782,2.97997,437,8738100,0.267453,0.28,1,105489,105052,437
15822561,3.22313,5.39199,432,8739560,0.274981,0.4,1,105491,105059,432
15825481,60.0893,59.1568,435,8741020,0.229992,0.4,1,105589,105154,435
15835041,5.19108,6.55441,436,8746860,0.291152,0.36,1,105602,105166,436
15837961,3.27643,4.42177,435,8748320,0.278461,0.36,1,105604,105169,435
15860641,11.4449,11.0373,434,8761460,0.411627,0.32,1,105690,105256,434
15863561,5.77797,4.41493,436,8762920,0.410651,0.32,1,105692,105256,436
15951321,4.58296,9.03446,429,8811100,0.264236,0.31,1,105929,105500,429
15953601,2.43318,3.61378,430,8812560,0.297694,0.36,1,105930,105500,430
15956521,60.9733,58.4455,435,8814020,0.251078,0.36,1,106030,105595,435
15959441,25.5893,23.3782,437,8815480,0.250431,0.36,1,106032,105595,437
15999161,13.4465,16.1378,434,8838840,0.406481,0.38,1,106156,105722,434
16002081,6.57861,6.45513,436,8840300,0.414592,0.38,1,106158,105722,436
16005001,3.83145,2.58205,438,8841760,0.417837,0.38,1,106160,105722,438
16006641,2.13258,1.03282,439,8843220,0.407135,0.37,1,106161,105722,439
16009561,39.853,40.0131,438,8844680,0.408854,0.37,1,106226,105788,438
16012481,17.1412,16.0053,440,8846140,0.409542,0.37,1,106228,105788,440
16015381,10.4565,6.4021,446,8847600,0.409817,0.31,1,106234,105788,446
16028701,2.57619,5.8678,436,8854900,0.295912,0.3,1,106250,105814,436
16030561,1.63048,2.34712,437,8856360,0.280365,0.35,1,106251,105814,437
16040961,2.90734,3.92889,439,8862200,0.403609,0.39,1,106266,105827,439
16043881,25.1629,26.7716,437,8863660,0.419444,0.39,1,106306,105869,437
16046801,11.8652,10.7086,440,8865120,0.437778,0.39,1,106309,105869,440
16049281,5.34607,4.28345,441,8866580,0.433111,0.4,1,106310,105869,441
16051361,6.33843,8.91338,436,8868040,0.419244,0.36,1,106317,105881,436
16073221,3.50109,5.66998,435,8879720,0.429906,0.41,1,106354,105919,435
16157881,2.74552,1.24909,441,8926440,0.418159,0.38,1,106694,106253,441
16168261,4.65909,1.71198,447,8932280,0.448081,0.37,1,106707,106260,447
16192181,5.68078,0.543959,448,8945420,0.44648,0.48,1,106775,106327,448
16209441,3.80219,5.21396,442,8955640,0.444573,0.41,1,106812,106370,442
16220481,25.7773,24.8727,441,8961480,0.447269,0.52,1,106925,106484,441
16245021,5.73299,8.93087,447,8974620,0.440005,0.52,1,106980,106533,447
16281621,5.33127,2.71682,453,8995060,0.446243,0.54,1,107138,106685,453
16284541,3.33251,8.88673,442,8996520,0.412497,0.54,1,107140,106698,442
16301801,7.11266,6.5884,449,9005280,0.434458,0.47,1,107168,106719,449
16319901,4.13439,8.69342,445,9015500,0.423166,0.55,1,107224,106779,445
16322821,2.85376,3.47737,447,9016960,0.433267,0.55,1,107226,106779,447
16325741,2.3415,1.39095,449,9018420,0.437307,0.55,1,107228,106779,449
16327381,12.3366,0.556379,468,9019880,0.426923,0.57,1,107247,106779,468
16333221,3.65386,6.32902,446,9022800,0.441508,0.57,1,107251,106805,446
16336141,2.66154,2.53161,448,9024260,0.434603,0.57,1,107253,106805,448
16345481,12.4905,12.4008,448,9030100,0.448502,0.52,1,107287,106839,448
16347141,55.3962,4.96032,532,9031560,0.431401,0.54,1,107371,106839,532
16350061,23.3585,58.3841,440,9033020,0.40056,0.54,1,107373,106933,440
16363581,3.77871,5.39785,447,9040320,0.417075,0.41,1,107388,106941,447
16631701,4.89816,9.75699,451,9192160,0.760884,0.67,2,108331,107880,451
16634621,3.15926,3.9028,453,9193620,0.766354,0.67,2,108333,107880,453
16637541,2.46371,1.56112,455,9195080,0.762541,0.67,2,108335,107880,455
16641461,27.7542,7.44978,494,9198000,0.762807,0.6,2,108386,107892,494
16644381,12.3017,31.7799,448,9199460,0.791123,0.6,2,108388,107940,448
16649781,11.4483,5.08479,465,9202380,0.79498,0.62,2,108405,107940,465
16676621,3.73361,8.73511,449,9216980,0.766617,0.64,2,108501,108052,449
16679541,2.69344,3.49404,451,9218440,0.750647,0.64,2,108503,108052,451
16682461,2.27738,1.39762,453,9219900,0.762259,0.64,2,108505,108052,453
16684721,1.51095,0.559047,454,9221360,0.754903,0.69,2,108506,108052,454
16692841,15.0967,13.7878,455,9225740,0.783434,0.67,2,108540,108085,455
16694501,22.2387,5.51511,482,9227200,0.775374,0.74,2,108567,108085,482
16697421,10.0955,22.006,451,9228660,0.772149,0.74,2,108569,108118,451
16700341,5.23819,8.80242,453,9230120,0.77086,0.74,2,108571,108118,453
16703261,3.29528,3.52097,455,9231580,0.770344,0.74,2,108573,108118,455
16704901,3.11811,1.40839,458,9233040,0.782138,0.66,2,108576,108118,458
16707821,2.44724,9.56335,445,9234500,0.756855,0.66,2,108578,108133,445
16828881,8.88096,9.41092,453,9303120,0.752398,0.77,2,109030,108577,453
16834721,3.10095,1.50575,457,9306040,0.757584,0.77,2,109034,108577,457
16836981,1.84038,0.602299,458,9307500,0.753033,0.64,2,109035,108577,458
16839901,1.93615,5.04092,452,9308960,0.751213,0.64,2,109037,108585,452
16869221,53.1145,18.364,531,9326480,0.752878,0.78,2,109194,108663,531
16872141,22.4458,55.9456,452,9327940,0.763151,0.78,2,109196,108744,452
16875061,10.1783,22.3782,454,9329400,0.79726,0.78,2,109198,108744,454
16877981,5.27133,8.9513,456,9330860,0.780904,0.78,2,109200,108744,456
16897921,3.00803,5.38279,454,9342540,0.77236,0.71,2,109257,108803,454
16910401,9.49832,10.3137,452,9349840,0.793842,0.72,2,109324,108872,452
16923721,25.9155,28.3911,450,9357140,0.905652,0.7,2,109401,108951,450
16926641,11.5662,11.3564,452,9358600,0.914261,0.7,2,109403,108951,452
16929121,5.22648,4.54257,453,9360060,0.905704,0.7,2,109404,108951,453
16953461,12.1169,3.83749,473,9373200,0.900092,0.73,2,109469,108996,473
16980301,5.84271,9.78661,455,9387800,0.761957,0.71,2,109517,109062,455
16986121,10.4148,14.1659,451,9390720,0.753113,0.77,2,109534,109083,451
16995681,5.57542,7.56265,452,9396560,0.795008,0.61,2,109547,109095,452
17008161,14.2997,9.3568,462,9403860,0.774586,0.88,2,109671,109209,462
17044361,22.5778,24.3058,459,9424300,0.905497,0.9,2,109821,109362,459
17051841,2.71698,1.55557,464,9428680,0.902992,0.9,2,109826,109362,464
17107381,12.815,0.0325446,482,9457880,0.776776,0.82,2,109982,109500,482
17113221,3.73041,6.72521,458,9460800,0.785484,0.82,2,109986,109528,458
17115701,7.49216,2.69008,468,9462260,0.770194,0.74,2,109996,109528,468
17117781,7.19687,5.27603,468,9463720,0.770077,0.83,2,110003,109535,468
17130261,43.5972,28.3183,514,9471020,0.76569,0.81,2,110112,109598,514
17150241,7.74751,7.81848,462,9481240,0.91726,0.9,2,110174,109712,462
17152721,3.699,3.12739,463,9482700,0.912904,0.83,2,110175,109712,463
17154801,5.6796,5.45096,463,9484160,0.905162,0.85,2,110182,109719,463
17161461,7.25149,2.65286,471,9488540,0.90321,0.88,2,110202,109731,471
17163541,29.9006,5.86114,508,9490000,0.937284,0.82,2,110247,109739,508
17192461,4.91433,10.2758,463,9506060,0.931285,0.88,2,110349,109886,463
17194741,5.56573,4.11033,469,9507520,0.924514,0.86,2,110355,109886,469
17205361,4.43368,4.01242,464,9513360,0.942916,0.92,2,110373,109909,464
17212841,4.45976,3.6168,465,9517740,0.930347,0.93,2,110385,109920,465
17236341,13.4095,0.625117,483,9530880,0.924382,0.81,2,110446,109963,483
17242181,3.82552,6.82002,459,9533800,0.936301,0.81,2,110450,109991,459
17373641,7.05366,2.64329,478,9606800,0.937216,0.92,2,110933,110455,478
17375281,7.02146,1.05732,485,9608260,0.944886,1,2,110940,110455,485
17600761,5.87212,10.8793,479,9735280,0.9292,1,2,111833,111354,479
17603681,5.94885,4.35173,485,9736740,0.92968,1,2,111839,111354,485
17611381,9.64473,5.31851,496,9741120,0.94342,1,2,111871,111375,496
17781121,26.7792,26.2894,453,63152,0.0467872,0.53,1,112891,112438,453
17784041,11.9117,10.5158,455,63185,0.0367149,0.53,1,112893,112438,455
17786961,5.96467,4.20631,457,63218,0.0326859,0.53,1,112895,112438,457
17789881,3.58587,1.68252,459,63251,0.0310744,0.53,1,112897,112438,459
17792801,2.63435,0.673009,461,63284,0.0304298,0.53,1,112899,112438,461
17795721,2.25374,0.269204,463,63317,0.0301719,0.53,1,112901,112438,463
17798641,2.1015,0.107681,465,63350,0.0300688,0.53,1,112903,112438,465
17801561,2.0406,0.0430726,467,63383,0.0300275,0.53,1,112905,112438,467
17804481,2.01624,0.017229,469,63416,0.030011,0.53,1,112907,112438,469
17807401,5.0065,0.00689161,476,63449,0.0420044,0.53,1,112914,112438,476
17810321,5.6026,0.00275664,482,63482,0.0228018,0.53,1,112920,112438,482
17813241,4.64104,0.00110266,486,63515,0.0271207,0.53,1,112924,112438,486
17816161,4.25642,0.000441063,490,63548,0.0108483,0.53,1,112928,112438,490
17819081,2.90257,0.000176425,492,63581,0.0343393,0.53,1,112930,112438,492
17822001,2.36103,7.05701e-05,494,63614,0.0437357,0.53,1,112932,112438,494
17824921,2.14441,2.8228e-05,496,63647,0.0474943,0.53,1,112934,112438,496
17827841,3.25776,1.12912e-05,500,63680,0.0489977,0.53,1,112938,112438,500
17830761,2.50311,4.51648e-06,502,63713,0.0495991,0.53,1,112940,112438,502
17835141,147.641,267.6,422,63779,0.0583359,0.09,1,113306,112884,422
17870181,5.00249,5.00448,423,64175,0.202238,0.01,1,113337,112914,423
17876021,4.8804,4.64072,424,64241,0.203958,0,1,113348,112924,424
17884781,2.37635,2.36101,424,64340,0.208173,0.05,1,113356,112932,424
17896461,224.202,121.601,595,64472,0.0764652,0,1,113736,113141,595
17916901,2.36897,2.60883,432,64700,0.217567,0.2,1,113752,113320,432
17919821,2.14759,2.24353,432,64732,0.225027,0.2,1,113754,113322,432
17922741,2.05904,2.09741,432,64764,0.222011,0.19,1,113756,113324,432
17925661,2.02361,2.03897,432,64796,0.220804,0.19,1,113758,113326,432
17928581,2.00945,2.01559,432,64828,0.220322,0.19,1,113760,113328,432
17931501,5.00378,2.00623,437,64860,0.226129,0.21,1,113767,113330,437
17934421,5.60151,5.00249,436,64892,0.204451,0.19,1,113773,113337,436
17975301,4.32141,4.30606,432,65340,0.209309,0.2,1,114180,113748,432
17981141,2.37142,2.36897,432,65404,0.20869,0.23,1,114184,113752,432
17984061,2.14857,2.14759,432,65436,0.215476,0.22,1,114186,113754,432
17986981,2.05943,2.05904,432,65468,0.21219,0.22,1,114188,113756,432
17989901,2.02377,2.02361,432,65500,0.216876,0.22,1,114190,113758,432
17992821,2.00951,2.00945,432,65532,0.21875,0.23,1,114192,113760,432
17995741,4.4038,5.00378,431,65564,0.2135,0.19,1,114198,113767,431
17998661,5.36152,5.60151,431,65596,0.2114,0.19,1,114204,113773,431
18001581,3.34461,3.4406,431,65628,0.23456,0.19,1,114206,113775,431
18004501,3.73784,3.77624,431,65660,0.219824,0.19,1,114210,113779,431
18007421,3.89514,3.9105,431,65692,0.21393,0.19,1,114214,113783,431
18010341,2.75805,2.7642,431,65724,0.211572,0.19,1,114216,113785,431
18013261,2.30322,2.30568,431,65756,0.210629,0.19,1,114218,113787,431
18016181,2.12129,2.12227,431,65788,0.210251,0.19,1,114220,113789,431
18019101,3.24852,3.24891,431,65820,0.210101,0.19,1,114224,113793,431
18022021,2.49941,2.49956,431,65852,0.22204,0.1,1,114226,113795,431
18105241,3.73481,4.37814,429,66775,0.210251,0.14,1,115041,114612,429
18108161,2.69392,2.95126,429,66806,0.2101,0.1,1,115043,114614,429
18111081,2.27757,2.3805,429,66837,0.20404,0.16,1,115045,114616,429
18116921,2.04441,2.06088,429,66899,0.221046,0.17,1,115049,114620,429
18119841,2.01776,2.02435,429,66930,0.232419,0.17,1,115051,114622,429
18122761,2.00711,2.00974,429,66961,0.224967,0.15,1,115053,114624,429
18125681,4.40284,4.4039,429,66992,0.221987,0.19,1,115059,114630,429
18128601,5.36114,5.36156,429,67023,0.238795,0.19,1,115065,114636,429
18131521,3.34445,3.34462,429,67054,0.221518,0.19,1,115067,114638,429
18134441,3.73778,3.73785,429,67085,0.238607,0.15,1,115071,114642,429
18137361,3.89511,3.89514,429,67116,0.221443,0.15,1,115075,114646,429
18140281,2.75805,2.75806,429,67147,0.214577,0.19,1,115077,114648,429
18143201,2.30322,2.30322,429,67178,0.235831,0.15,1,115079,114650,429
18146121,2.12129,2.12129,429,67209,0.220332,0.15,1,115081,114652,429
18149041,3.24851,3.24852,429,67240,0.214133,0.15,1,115085,114656,429
18151961,2.49941,2.49941,429,67271,0.211653,0.19,1,115087,114658,429
18154881,217,121.6,588,67302,0.0846613,0.14,1,115447,114859,588
18160721,40,63.016,433,67364,0.216346,0.08,1,115463,115030,433
18163641,17.8,27.6064,432,67395,0.206538,0.16,1,115466,115034,432
18166561,9.51999,12.8426,433,67426,0.268615,0.16,1,115470,115037,433
18169481,5.008,6.33702,433,67457,0.269446,0.25,1,115472,115039,433
18172401,3.2032,3.73481,433,67488,0.269778,0.21,1,115474,115041,433
18175321,2.48128,2.69392,433,67519,0.239911,0.2,1,115476,115043,433
18178241,2.19251,2.27757,433,67550,0.281965,0.16,1,115478,115045,433
18181161,2.077,2.11103,433,67581,0.274786,0.25,1,115480,115047,433
18184081,2.0308,2.04441,433,67612,0.271914,0.24,1,115482,115049,433
18187001,2.01232,2.01776,433,67643,0.264766,0.22,1,115484,115051,433
18189921,4.40493,2.00711,437,67674,0.291906,0.22,1,115490,115053,437
18222041,216.995,217,433,68015,0.238005,0.22,1,115880,115447,433
18224961,95.198,93.9999,435,68046,0.251202,0.25,1,115894,115459,435
18227881,39.2792,40,433,68077,0.274481,0.2,1,115896,115463,433
18230801,16.9117,17.8,432,68108,0.283792,0.31,1,115898,115466,432
18233721,10.9647,9.51999,435,68139,0.275517,0.27,1,115905,115470,435
18236641,5.58587,5.008,435,68170,0.272207,0.27,1,115907,115472,435
18239561,3.43435,3.2032,435,68201,0.270883,0.22,1,115909,115474,435
18245401,2.2295,2.19251,435,68263,0.296541,0.27,1,115913,115478,435
18248321,3.2918,2.077,437,68294,0.262617,0.27,1,115917,115480,437
18251241,2.51672,2.0308,437,68325,0.249047,0.26,1,115919,115482,437
18254161,2.20669,2.01232,437,68356,0.285619,0.31,1,115921,115484,437
18309641,3.64538,2.57374,436,68940,0.277344,0.29,1,116347,115911,436
18357821,142.876,216.363,437,69450,0.255407,0.36,1,116753,116316,437
18363661,28.5002,38.458,437,69510,0.430865,0.32,1,116766,116329,437
18366581,12.6001,16.5832,437,69540,0.442346,0.35,1,116768,116331,437
18369501,7.44004,10.8333,434,69570,0.440938,0.35,1,116772,116338,434
18378261,4.43616,3.64533,437,69660,0.42734,0.36,1,116784,116347,437
18381181,2.97446,2.65813,437,69690,0.416936,0.31,1,116786,116349,437
18398701,3.73199,3.45498,438,69870,0.441065,0.37,1,116810,116372,438
18424981,215.387,121.691,595,70140,0.440231,0.2,1,117191,116596,595
18427901,91.5549,142.876,447,70170,0.428092,0.4,1,117200,116753,447
18430821,38.422,60.7506,444,70200,0.429237,0.49,1,117203,116759,444
18433741,17.1688,28.5002,440,70230,0.435695,0.45,1,117206,116766,440
18442501,4.6508,5.97601,445,70320,0.434444,0.39,1,117222,116777,445
18445421,3.06032,3.59041,445,70350,0.425778,0.45,1,117224,116779,445
18451261,3.96965,2.97446,445,70410,0.411324,0.51,1,117231,116786,445
18454181,2.78786,2.38979,445,70440,0.41653,0.5,1,117233,116788,445
18457101,2.31514,2.15591,445,70470,0.418612,0.46,1,117235,116790,445
18460021,4.52606,2.06237,449,70500,0.431445,0.48,1,117241,116792,449
18462941,7.81042,6.82495,449,70530,0.436578,0.47,1,117251,116802,449
18495061,214.185,215.387,443,70860,0.44663,0.42,1,117634,117191,443
18657121,3.52488,3.39901,454,72491,0.761422,0.66,2,118567,118113,454
18660041,2.60995,2.5596,454,72520,0.772569,0.71,2,118569,118115,454
18662961,2.24398,4.02384,451,72549,0.753028,0.71,2,118571,118120,451
18671721,8.49561,5.72953,457,72636,0.764834,0.66,2,118589,118132,457
18674641,8.79825,10.6918,452,72665,0.779933,0.66,2,118598,118146,452
18677561,4.7193,5.47672,452,72694,0.779973,0.67,2,118600,118148,452
18680481,6.68772,5.19069,455,72723,0.755989,0.62,2,118608,118153,455
18683401,5.07509,4.47628,455,72752,0.764396,0.62,2,118612,118157,455
18689241,2.49201,2.3962,455,72810,0.753503,0.67,2,118616,118161,455
18700921,4.4126,4.41014,455,72926,0.760698,0.68,2,118628,118173,455
18703841,2.96504,2.96406,455,72955,0.772279,0.67,2,118630,118175,455
18721361,5.25989,7.0762,459,73129,0.765008,0.7,2,119015,118556,459
18724281,6.30396,4.03048,464,73158,0.780003,0.76,2,119022,118558,464
18727201,3.72158,5.81219,459,73187,0.786001,0.78,2,119024,118565,459
18730121,2.68863,3.52488,459,73216,0.7824,0.78,2,119026,118567,459
18756401,3.12238,5.07509,457,73477,0.901837,0.73,2,119069,118612,457
18819181,5.20127,8.34219,465,74094,0.907201,0.82,2,119519,119054,465
18822101,4.48051,4.53687,467,74122,0.92088,0.79,2,119523,119056,467
18836701,2.63212,3.97958,462,74262,0.912166,0.85,2,119538,119076,462
18839621,4.05285,2.79183,465,74290,0.904866,0.85,2,119543,119078,465
18846921,121.915,3.01068,664,74374,0.925271,0.86,2,119752,119088,664
18849841,145.966,121.804,625,74402,0.922109,0.88,2,119914,119289,625
18858601,16.4938,26.2275,473,74486,0.924695,0.9,2,119933,119460,473
18924301,64.5472,145.966,475,75130,0.907494,0.88,2,120389,119914,475
18930141,13.4475,26.2346,473,75186,0.934799,0.95,2,120396,119923,473
18933061,10.179,16.4938,471,75214,0.90192,1,2,120404,119933,471
18935981,5.27161,7.79753,471,75242,0.936768,1,2,120406,119935,471
18941821,3.12346,3.52761,471,75298,0.920283,1,2,120411,119940,471
19003141,19.389,27.6189,471,75886,0.933976,0.96,2,120863,120392,471
19156441,10.5768,9.4883,490,77326,0.946,0.98,2,121841,121351,490
19220681,128.079,137.905,472,77920,0.41728,1,1,122281,121809,472
19223601,61.4316,64.7618,473,77947,0.286912,1,1,122298,121825,473
19226521,25.7727,27.1047,473,77974,0.210765,1,1,122300,121827,473
19229441,15.1091,14.4419,475,78001,0.204306,0.91,1,122308,121833,475
19258641,4.81824,4.05519,481,78271,0.0679448,1,1,122360,121879,481
19261561,4.3273,3.42208,482,78298,0.0991779,1,1,122364,121882,482
19264481,4.13092,3.76883,482,78325,0.0996712,1,1,122368,121886,482
19267401,4.05237,5.10753,480,78352,0.0998685,1,1,122372,121892,480
19270321,5.82095,4.44301,483,78379,0.0879474,1,1,122379,121896,483
19273241,6.52838,4.17721,486,78406,0.035179,1,1,122386,121900,486
19276161,7.41135,5.87088,487,78433,0.0860716,1,1,122394,121907,487
19287841,11.4745,11.0895,487,78541,0.215227,1,1,122434,121947,487
19290761,10.5898,12.2358,484,78568,0.236091,0.98,1,122444,121960,484
19299521,55.3017,128.079,447,78649,0.0763098,0.2,1,122728,122281,447
19311201,7.73252,10.8436,434,78757,0.0872495,0.16,1,122750,122316,434
19314121,6.69301,9.13745,432,78784,0.0948998,0.14,1,122756,122324,432
19317041,3.8772,6.65498,429,78811,0.0679599,0.14,1,122758,122329,429
19352081,9.04666,6.52838,435,79129,0.0820593,0.12,1,122821,122386,435
19357921,9.72747,7.16454,438,79181,0.20993,0.15,1,122839,122401,438
19360841,12.291,9.46582,441,79207,0.227972,0.16,1,122853,122412,441
19366681,11.0866,11.4745,442,79259,0.288475,0.25,1,122876,122434,442
19492241,6.21517,7.53699,444,80377,0.763114,0.64,2,123659,123215,444
19495161,4.88607,4.2148,446,80403,0.755246,0.6,2,123663,123217,446
19533121,54.7346,52.9169,456,80741,0.916959,0.76,2,124055,123599,456
19536041,24.2938,25.3668,453,80767,0.924784,0.68,2,124059,123606,453
19538961,16.3175,13.7467,458,80793,0.909913,0.6,2,124070,123612,458
19550641,4.60333,5.25752,455,80897,0.927662,0.74,2,124089,123634,455
19553561,7.24133,5.70301,458,80923,0.947065,0.69,2,124098,123640,458
19559401,2.83861,2.59248,458,80975,0.93393,0.69,2,124102,123644,458
19562321,2.33545,2.23699,458,81001,0.919572,0.69,2,124104,123646,458
19576921,7.59544,4.85171,462,81131,0.921532,0.69,2,124125,123663,462
19579841,4.23817,4.94068,459,81157,0.908613,0.69,2,124127,123668,459
19606121,87.7756,14.4777,598,81391,0.788978,0.85,2,124367,123769,598
19617801,17.7367,24.2938,477,81495,0.77615,0.9,2,124536,124059,477
19702481,5.28376,9.49466,465,82239,0.759967,0.69,2,125005,124540,465
19705401,4.5135,4.99786,467,82264,0.783987,0.88,2,125009,124542,467
19708321,3.0054,4.99915,464,82289,0.793595,0.88,2,125011,124547,464
19752121,9.91396,10.601,460,82664,0.779612,0.89,2,125083,124623,460
19757961,11.0662,11.8962,460,82714,0.797938,0.83,2,125112,124652,460
19766721,95.7722,90.4494,465,82789,0.928988,0.87,2,125293,124828,465
20003241,11.1983,16.7753,483,84814,0.9304,0.93,2,126518,126035,483
20006161,11.6793,11.5101,487,84839,0.93616,1,2,126530,126043,487
20085001,15.8924,17.4959,468,85505,0.94,0.9,2,126979,126511,468
20204721,8.63365,3.99392,490,86489,0.91791,1,2,127863,127373,490
20207641,7.05346,2.79757,494,86513,0.937164,1,2,127869,127375,494
20210561,4.62138,3.51903,493,86537,0.914866,1,2,127872,127379,493
20225161,4.93084,3.05619,493,86657,0.948575,1,2,127895,127402,493
20228081,3.77234,3.62248,492,86681,0.93143,1,2,127898,127406,492
20231001,3.90893,2.64899,494,86705,0.918572,1,2,127902,127408,494
20233921,3.96357,4.6596,492,86729,0.949429,1,2,127906,127414,492
20260201,13.3339,12.1477,489,86945,0.945827,1,2,127957,127468,489
20263121,11.9336,12.0591,488,86969,0.948331,1,2,127968,127480,488
20268961,130.069,100.929,623,87017,0.256133,1,1,128274,127651,623
20274801,27.4111,56.9487,479,87065,0.0613813,1,1,128291,127812,479
20277721,18.1644,26.3795,485,87089,0.0425525,0.94,1,128303,127818,485
20280641,12.0658,17.7518,481,87113,0.035021,0.98,1,128311,127830,481
20283561,9.02631,11.9007,480,87137,0.0320084,1,1,128318,127838,480
20286481,7.21052,8.96029,479,87161,0.0308034,0.99,1,128324,127845,479
20289401,7.68421,9.58411,477,87185,0.0303213,0.87,1,128332,127855,477
20292321,7.27368,8.63365,476,87209,0.0301285,0.95,1,128339,127863,476
20295241,4.10947,7.05346,472,87233,0.0120514,0.9,1,128341,127869,472
20298161,2.84379,4.62138,471,87257,0.0228206,0.99,1,128343,127872,471
20336121,2.243,3.16923,471,87569,0.0856175,1,1,128393,127922,471
20339041,3.8972,2.46769,474,87593,0.094247,1,1,128398,127924,474
20362401,17.2814,27.4111,434,87785,0.436472,0.03,1,128725,128291,434
20365321,11.7125,18.1644,430,87809,0.420589,0.03,1,128733,128303,430
20368241,8.88502,12.0658,429,87833,0.402236,0.03,1,128740,128311,429
20382841,4.19594,4.10947,430,87953,0.277517,0.03,1,128771,128341,430
20385761,4.07838,2.84379,432,87977,0.237007,0.16,1,128775,128343,432
20388681,2.83135,5.33752,427,88001,0.220803,0.18,1,128777,128350,427
20397441,6.25321,6.4136,430,88073,0.220051,0.11,1,128793,128363,430
20403281,4.72051,3.78618,431,88121,0.222408,0.17,1,128801,128370,431
20412041,5.17411,3.24232,431,88193,0.259514,0.15,1,128812,128381,431
20414961,3.26965,4.29693,428,88217,0.283806,0.13,1,128814,128386,428
20417881,2.50786,3.51877,427,88241,0.293522,0.09,1,128816,128389,427
20420801,2.20314,2.60751,427,88265,0.279409,0.07,1,128818,128391,427
20423721,5.08126,2.243,432,88289,0.231764,0.1,1,128825,128393,432
20426641,3.2325,3.8972,429,88313,0.260705,0.12,1,128827,128398,429
20429561,4.893,6.35888,427,88337,0.224282,0.11,1,128833,128406,427
20432481,10.3572,12.1436,425,88361,0.281713,0.1,1,128847,128422,425
20435401,10.7429,10.2574,427,88385,0.232685,0.7,1,128858,128431,427
20438321,97.2972,83.303,450,88409,0.225074,0.59,1,129013,128563,450
20490881,3.92827,4.72051,429,88840,0.0709983,0.18,1,129230,128801,429
20525921,96.4614,97.2972,430,89116,0.267671,0.18,1,129443,129013,430
20537601,16.7158,16.814,428,89208,0.402612,0.17,1,129595,129167,428
20540521,11.4863,11.5256,428,89231,0.407045,0.17,1,129603,129175,428
20543441,8.19453,8.21024,428,89254,0.408818,0.17,1,129609,129181,428
20581401,5.97412,6.37131,428,89553,0.214418,0.16,1,129666,129238,428
20584321,3.58965,3.74852,428,89576,0.289767,0.16,1,129668,129240,428
20590161,4.05434,2.27976,431,89622,0.271963,0.16,1,129675,129244,431
20601841,2.70539,3.39916,426,89714,0.288482,0.14,1,129688,129262,426
20607681,6.43286,1.98387,436,89760,0.293357,0.2,1,129704,129268,436
20610601,12.7731,6.19355,444,89783,0.261343,0.17,1,129721,129277,444
20616441,117.364,96.271,565,89829,0.259015,0.4,1,130008,129443,565
20671921,5.3589,5.97412,438,90266,0.280446,0.34,1,130104,129666,438
20689441,2.98912,3.76348,438,90404,0.281822,0.27,1,130124,129686,438
20692361,6.59565,2.70539,445,90427,0.280729,0.33,1,130133,129688,445
20800401,13.8459,24.3615,453,91278,0.755675,0.64,2,130912,130459,453
20803321,12.7384,16.9446,453,91301,0.77627,0.64,2,130924,130471,453
20806241,9.89535,11.5778,453,91324,0.790508,0.63,2,130932,130479,453
20809161,7.55814,8.23113,453,91347,0.784203,0.63,2,130938,130485,453
20812081,6.62326,6.89245,453,91370,0.793681,0.65,2,130944,130491,453
20815001,5.6493,5.75698,453,91393,0.785473,0.61,2,130949,130496,453
20817921,4.65972,4.70279,453,91416,0.776189,0.61,2,130953,130500,453
20820841,4.26389,4.28112,453,91439,0.772476,0.63,2,130957,130504,453
20829601,2.62489,2.62599,453,91508,0.756718,0.63,2,130965,130512,453
20835441,3.29998,3.30016,453,91554,0.758275,0.63,2,130971,130518,453
20867561,3.71028,5.37222,450,91807,0.761951,0.68,2,131012,130562,450
20873401,7.43365,7.69956,450,91853,0.761512,0.59,2,131027,130577,450
20876321,10.7735,9.07982,453,91876,0.754605,0.66,2,131040,130587,453
20882161,129.404,127.093,457,91922,0.927137,0.78,2,131353,130896,457
21282601,18.5812,27.094,457,45492,0.0896209,0.62,1,133773,133316,457
21285521,33.8325,26.4376,475,45538,0.0418483,0.45,1,133817,133342,475
21288441,29.733,35.175,461,45584,0.0587393,0.65,1,133844,133383,461
21291361,17.8932,21.87,458,45630,0.0414957,0.67,1,133854,133396,458
21294281,8.35728,11.748,455,45676,0.0585983,0.67,1,133856,133401,455
21297201,5.74291,7.0992,455,45722,0.0654393,0.69,1,133860,133405,455
21300121,11.8972,4.03968,469,45768,0.0441757,0.65,1,133876,133407,469
21303041,5.95887,11.2159,455,45814,0.0356703,0.65,1,133878,133423,455
21305961,3.58355,4.48635,457,45860,0.0322681,0.65,1,133880,133423,457
21308881,2.63342,1.79454,459,45906,0.0309072,0.65,1,133882,133423,459
21311801,2.25337,0.717816,461,45952,0.0303629,0.65,1,133884,133423,461
21313261,121.501,0.287126,662,45998,0.0421452,0.09,1,134085,133423,662
21316181,69.0005,163.315,424,46044,0.0588581,0.07,1,134119,133695,424
21319101,49.8002,86.9259,425,46090,0.0775432,0.11,1,134156,133731,425
21322021,36.7201,50.3704,427,46136,0.0850173,0.11,1,134184,133757,427
21324941,19.488,24.9481,427,46182,0.0880069,0.07,1,134192,133765,427
21330781,28.4381,32.3117,422,46274,0.0944811,0.07,1,134239,133817,422
21333701,28.1752,29.1247,423,46320,0.0677924,0.03,1,134267,133844,423
21336621,17.2701,17.6499,423,46366,0.045117,0.07,1,134277,133854,423
21339541,8.10804,8.25995,423,46411,0.0600468,0.07,1,134279,133856,423
21342461,5.64321,5.70398,423,46456,0.0660187,0.03,1,134283,133860,423
21345381,11.8573,11.8816,423,46501,0.0684075,0.03,1,134299,133876,423
21348301,5.94291,5.95264,423,46546,0.045363,0.03,1,134301,133878,423
21351221,3.57717,3.58105,423,46591,0.0361452,0.03,1,134303,133880,423
21354141,2.63087,2.63242,423,46636,0.0324581,0.03,1,134305,133882,423
21357061,2.25235,2.25297,423,46681,0.0549832,0.05,1,134307,133884,423
21359981,143.101,121.501,459,46726,0.0279933,0.07,1,134544,134085,459
21362901,79.4404,69.0005,462,46771,0.0291973,0.09,1,134581,134119,462
21365821,48.5762,49.8002,453,46816,0.0416789,0.09,1,134609,134156,453
21368741,24.8305,36.7201,434,46861,0.0586716,0.09,1,134618,134184,434
21371661,14.7322,19.488,434,46906,0.0414686,0.11,1,134626,134192,434
21374581,26.2929,12.5952,460,46951,0.0345875,0.09,1,134660,134200,460
21377501,27.9172,28.4381,450,46996,0.031835,0.05,1,134689,134239,450
21380421,17.1669,28.1752,432,47041,0.030734,0.03,1,134699,134267,432
21383341,8.06674,17.2701,424,47086,0.0302936,0.07,1,134701,134277,424
21386261,5.6267,8.10804,426,47131,0.0301174,0.07,1,134705,134279,426
21389181,11.8507,5.64321,438,47176,0.054047,0.07,1,134721,134283,438
21392101,5.94027,11.8573,424,47221,0.0636188,0.03,1,134723,134299,424
21395021,3.57611,5.94291,424,47266,0.0674475,0.03,1,134725,134301,424
21397941,2.63044,3.57717,424,47311,0.068979,0.03,1,134727,134303,424
21400861,2.25218,2.63087,424,47356,0.0695916,0.07,1,134729,134305,424
21403781,2.10087,2.25235,424,47401,0.0698366,0.01,1,134731,134307,424
21406701,141.84,143.101,422,47445,0.0939347,0.03,1,134966,134544,422
21430061,8.12081,8.06674,423,47797,0.0944361,0.03,1,135124,134701,423
21456341,80.7375,79.5361,427,48193,0.223762,0.17,1,135431,135004,427
21459261,50.295,49.2145,428,48237,0.215505,0.17,1,135461,135033,428
21462181,24.918,24.4858,428,48281,0.212202,0.13,1,135469,135041,428
21465101,14.7672,14.5943,428,48325,0.210881,0.17,1,135477,135049,428
21468021,25.7069,25.6377,428,48369,0.234352,0.09,1,135510,135082,428
21470941,27.0828,28.2551,426,48413,0.243741,0.09,1,135538,135112,426
21473861,17.4331,17.302,427,48457,0.259496,0.09,1,135549,135122,427
21476781,8.17324,8.12081,427,48500,0.265799,0.13,1,135551,135124,427
21479701,5.6693,6.24833,426,48543,0.268319,0.11,1,135555,135129,426
21482621,13.0677,12.6993,427,48586,0.293328,0.15,1,135573,135146,427
21485541,6.42709,6.27973,427,48629,0.279331,0.15,1,135575,135148,427
21488461,3.77083,3.71189,427,48672,0.273732,0.15,1,135577,135150,427
21491381,2.70833,2.68476,427,48715,0.271493,0.11,1,135579,135152,427
21494301,2.28333,2.2739,427,48758,0.294597,0.11,1,135581,135154,427
21497221,2.11333,2.10956,427,48801,0.279839,0.23,1,135583,135156,427
21500141,144.245,141.844,431,48844,0.249936,0.23,1,135822,135391,431
21503061,81.6981,56.7375,471,48887,0.237974,0.25,1,135862,135391,471
21505981,50.6793,46.695,461,48930,0.24519,0.21,1,135892,135431,461
21508901,25.0717,36.678,439,48973,0.248076,0.21,1,135900,135461,439
21511821,15.4287,19.4712,440,49016,0.26123,0.21,1,135909,135469,440
21514741,26.5715,12.5885,466,49059,0.254492,0.25,1,135943,135477,466
21517661,27.4286,24.8354,461,49102,0.275797,0.25,1,135971,135510,461
21520581,16.9714,26.7342,443,49145,0.284319,0.27,1,135981,135538,443
21523501,7.98857,17.2937,434,49188,0.287728,0.27,1,135983,135549,434
21529341,13.8782,5.64699,452,49274,0.282436,0.31,1,136007,135555,452
21532261,6.75127,13.0588,436,49317,0.274975,0.27,1,136009,135573,436
21535181,3.90051,6.42352,436,49360,0.27199,0.27,1,136011,135575,436
21538101,2.7602,3.76941,436,49403,0.270796,0.27,1,136013,135577,436
21541021,2.30408,2.70776,436,49446,0.270318,0.31,1,136015,135579,436
21543941,2.12163,2.28311,436,49489,0.270127,0.27,1,136017,135581,436
21595041,144.846,121.449,474,50247,0.400322,0.33,1,136692,136218,474
21597961,81.9385,70.7795,477,50289,0.430129,0.35,1,136732,136255,477
21600881,33.9754,52.9118,438,50331,0.442052,0.37,1,136734,136296,438
21742501,121.445,2.113,656,52343,0.754005,0.65,2,137991,137335,656
21745421,80.3782,153.245,455,52383,0.775602,0.67,2,138044,137589,455
21748341,56.1513,85.2981,455,52423,0.760241,0.71,2,138084,137629,455
21751261,23.6605,35.3192,455,52463,0.790096,0.67,2,138086,137631,455
21754181,29.2642,33.3277,456,52503,0.790039,0.67,2,138119,137663,456
21757101,16.5057,18.1311,456,52543,0.790015,0.69,2,138127,137671,456
21760021,11.4023,12.0524,456,52583,0.790006,0.71,2,138135,137679,456
21762941,27.9609,27.621,457,52623,0.766002,0.71,2,138174,137717,457
21765861,27.9844,27.8484,457,52663,0.780401,0.73,2,138202,137745,457
21768781,18.3937,17.7394,458,52703,0.79816,0.75,2,138214,137756,458
21777541,13.1292,13.0873,458,52823,0.785242,0.73,2,138238,137780,458
21780461,6.45168,6.43493,458,52863,0.776097,0.73,2,138240,137782,458
21783381,3.78067,3.77397,458,52903,0.796439,0.73,2,138242,137784,458
21792141,2.11396,2.11353,458,53023,0.785132,0.77,2,138248,137790,458
21815501,26.0748,27.9609,459,53342,0.905925,0.79,2,138633,138174,459
21835941,3.78373,3.78067,460,53615,0.903708,0.81,2,138702,138242,460
21838861,2.71349,2.71227,460,53654,0.907483,0.81,2,138704,138244,460
22062241,119.219,151.354,480,56593,0.916,1,2,140864,140384,480
22097281,16.0038,14.8768,490,57037,0.94234,1,2,141083,140593,490
22106041,12.0402,15.8081,486,57148,0.91543,1,2,141122,140636,486
22108961,17.4161,15.9232,491,57185,0.924172,1,2,141143,140652,491
22111881,16.5664,12.3693,497,57222,0.915669,1,2,141159,140662,497
22114801,12.6266,11.5477,496,57259,0.924268,0.86,2,141169,140673,496
22123561,34.5041,37.0751,476,57370,0.259553,1,1,141394,140918,476
22126481,30.0016,31.03,476,57407,0.217821,1,1,141421,140945,476
22129401,22.8007,23.812,475,57444,0.201128,0.99,1,141439,140964,475
22138161,15.2592,14.124,477,57555,0.286712,1,1,141483,141006,477
22144001,14.0815,16.0598,474,57629,0.299074,1,1,141509,141035,474
22146921,12.2326,6.42393,485,57665,0.26963,0.95,1,141520,141035,485
22158601,11.9292,15.7549,476,57809,0.215655,0.95,1,141575,141099,476
22167361,16.7475,17.4003,483,57917,0.0462019,0.91,1,141626,141143,483
22170281,11.499,16.5601,475,57953,0.0364808,0.93,1,141634,141159,475
22173201,91.5996,12.624,610,57989,0.296592,0.25,1,141779,141169,610
22179041,30.9759,65.2598,446,58061,0.425455,0.21,1,141826,141380,446
22222841,15.216,17.8687,437,58601,0.434147,0.01,1,142047,141610,437
22243281,18.533,22.5961,461,58853,0.424776,0.51,1,142329,141868,461
22266641,9.43458,12.4647,447,59141,0.772765,0.55,2,142422,141975,447
22269561,16.9738,18.1859,447,59177,0.759106,0.51,2,142444,141997,447
22272481,10.3895,10.8743,447,59213,0.753642,0.51,2,142450,142003,447
22275401,10.1558,10.3497,447,59248,0.751457,0.49,2,142460,142013,447
22278321,12.4623,15.5399,442,59283,0.774583,0.39,2,142474,142032,442
22281241,12.1849,15.216,439,59318,0.783833,0.35,2,142486,142047,439
22284161,9.67397,12.0864,437,59353,0.787533,0.37,2,142494,142057,437
22290001,62.0278,61.6938,440,59423,0.902405,0.37,2,142695,142255,440
22292921,33.2111,33.0775,440,59458,0.918962,0.39,2,142709,142269,440
22295841,25.8845,25.831,440,59493,0.937585,0.39,2,142730,142290,440
22460821,368.349,396.127,472,27740,0.406,1,1,144057,143585,472
22466661,94.6958,103.34,474,28618,0.08536,0.41,1,144170,143696,474
22469581,58.2783,80.3361,443,28692,0.034144,0.13,1,144204,143761,443
22472501,34.7113,47.7345,436,28766,0.0316576,0.03,1,144223,143787,436
22475421,33.6845,38.8938,436,28840,0.018663,0,1,144256,143820,436
22478341,42.8738,45.5575,435,28913,0.229465,0.01,1,144305,143870,435
22484181,31.6998,42.8092,425,29059,0.0835144,0.01,1,144377,143952,425
22487101,16.8799,20.1237,427,29132,0.0334058,0.01,1,144384,143957,427
22490021,116.552,68.0495,510,29205,0.0133623,0.01,1,144567,144057,510
22492941,61.0208,80.6198,445,29277,0.0473449,0.03,1,144591,144146,445
22495861,44.8083,46.6479,455,29349,0.018938,0,1,144625,144170,455
22498781,29.3233,39.0592,440,29421,0.0375752,0.03,1,144644,144204,440
22501701,31.5293,27.0237,454,29493,0.0330301,0.01,1,144677,144223,454
22504621,50.4117,30.6095,484,29565,0.031212,0.37,1,144740,144256,484
22507541,42.9647,41.6438,473,29637,0.0424848,0.07,1,144778,144305,473
22510461,29.1859,47.2575,442,29708,0.0349939,0.05,1,144798,144356,442
22513381,16.4744,31.503,429,29779,0.0139976,0,1,144806,144377,429
22516301,7.78974,16.8012,424,29850,0.011599,0,1,144808,144384,424
22519221,112.316,116.52,423,29921,0.0226396,0.07,1,144990,144567,423
22522141,59.9264,61.0082,424,29992,0.0270558,0,1,145015,144591,424
22525061,43.7705,44.8033,423,30063,0.0108223,0.05,1,145048,144625,423
22527981,28.3082,29.3213,422,30133,0.0343289,0.03,1,145066,144644,422
22530901,31.1233,31.5285,422,30203,0.0317316,0.03,1,145099,144677,422
22533821,50.8493,50.4114,423,30273,0.0186926,0.05,1,145163,144740,423
22536741,43.1397,42.9646,423,30343,0.0374771,0.03,1,145201,144778,423
22539661,28.6559,29.1858,422,30413,0.0209908,0,1,145220,144798,422
22542581,16.8624,16.4743,423,30483,0.0263963,0.01,1,145229,144806,423
22545501,7.94494,7.78973,423,30552,0.0285585,0.03,1,145231,144808,423
22548421,111.778,112.316,422,30621,0.0174234,0.03,1,145412,144990,422
22551341,59.7112,59.9264,422,30690,0.0249694,0,1,145437,145015,422
22554261,43.6845,43.7705,422,30759,0.00998775,0.05,1,145470,145048,422
22557181,28.2738,28.3082,422,30828,0.0219951,0.03,1,145488,145066,422
22560101,31.7095,31.1233,423,30897,0.038798,0.01,1,145522,145099,423
22563021,50.4838,50.8493,422,30965,0.0455192,0.05,1,145585,145163,422
22565941,42.9935,43.1397,422,31033,0.0602077,0.01,1,145623,145201,422
22568861,28.5974,28.6559,422,31101,0.0420831,0.03,1,145642,145220,422
22571781,16.839,16.8624,422,31169,0.0348332,0.03,1,145651,145229,422
22574701,7.93558,7.94494,422,31237,0.0319333,0.01,1,145653,145231,422
22577621,111.774,111.778,422,31305,0.0187733,0.01,1,145834,145412,422
22580541,59.1097,44.7112,446,31373,0.0255093,0.03,1,145858,145412,446
22583461,43.4439,32.8845,454,31440,0.0162037,0,1,145891,145437,454
22586381,29.3775,32.9538,441,31507,0.00648149,0.03,1,145911,145470,441
22589301,30.951,23.9815,455,31574,0.0205926,0.05,1,145943,145488,455
22592221,50.1804,29.9926,484,31641,0.026237,0.05,1,146006,145522,484
22595141,44.0722,49.797,461,31708,0.0644948,0.07,1,146046,145585,461
22598061,27.8289,42.7188,440,31775,0.0437979,0.03,1,146063,145623,440
22600981,16.5315,28.4875,430,31842,0.0355192,0.03,1,146072,145642,430
22603901,7.81262,16.795,423,31908,0.0322077,0.03,1,146074,145651,423
22606821,111.725,7.918,602,31974,0.0548831,0.01,1,146255,145653,602
22609741,59.69,111.767,446,32040,0.0279532,0.03,1,146280,145834,446
22612661,43.076,59.1069,454,32106,0.0411813,0.01,1,146312,145858,454
22615581,30.4304,43.4428,443,32172,0.0224725,0,1,146334,145891,443
22618501,30.1722,29.3771,453,32238,0.014989,0.03,1,146364,145911,453
22621421,51.0689,30.9508,486,32304,0.0119956,0.03,1,146429,145943,486
22624341,44.4275,50.1803,463,32369,0.0587982,0.09,1,146469,146006,463
22627261,26.771,44.0721,438,32434,0.0655193,0.03,1,146484,146046,438
22630181,16.1084,27.8289,430,32499,0.0802077,0.03,1,146493,146063,430
22633101,7.64336,16.5315,423,32564,0.0860831,0.03,1,146495,146072,423
22636021,112.257,7.81262,603,32629,0.0404332,0.07,1,146677,146074,603
22638941,59.9029,111.725,447,32694,0.0161733,0.01,1,146702,146255,447
22641861,42.5612,59.69,453,32759,0.0244693,0.05,1,146733,146280,453
22644781,18.2245,43.076,423,32824,0.0277877,0.01,1,146735,146312,423
22647701,21.0898,30.4304,424,32888,0.0171151,0.01,1,146758,146334,424
22650621,25.2359,30.1722,422,32952,0.024846,0.01,1,146786,146364,422
22653541,50.2944,51.0689,424,33016,0.0159384,0.09,1,146853,146429,424
22656461,45.3177,44.4275,426,33080,0.0483754,0.07,1,146895,146469,426
22659381,26.5271,26.771,425,33144,0.0613502,0.09,1,146909,146484,425
22662301,14.2108,16.1084,422,33208,0.0905401,0.09,1,146915,146493,422
22665221,6.88434,7.64336,422,33272,0.078216,0.01,1,146917,146495,422
22668141,112.554,112.257,423,33336,0.0372864,0,1,147100,146677,423
22671061,60.0215,59.9029,423,33399,0.0209146,0.03,1,147125,146702,423
22673981,42.0086,42.5612,422,33462,0.0383658,0.03,1,147155,146733,422
22676901,18.0034,18.2245,422,33525,0.0453463,0.01,1,147157,146735,422
22679821,21.0014,21.0898,422,33588,0.0481385,0.03,1,147180,146758,422
22682741,25.2006,25.2359,422,33651,0.0252554,0.01,1,147208,146786,422
22685661,50.2802,50.2944,422,33714,0.0161022,0.07,1,147275,146853,422
22688581,47.1121,45.3177,425,33777,0.0604409,0.07,1,147320,146895,425
22691501,27.2448,26.5271,425,33840,0.0901764,0.11,1,147334,146909,425
22697341,6.99917,6.88434,425,33964,0.0828282,0.01,1,147342,146917,425
22700261,110.8,112.554,422,34026,0.0331313,0.01,1,147522,147100,422
22703181,59.9199,60.0215,423,34088,0.0312525,0.05,1,147548,147125,423
22706101,41.3679,42.0086,422,34150,0.066501,0.05,1,147577,147155,422
22709021,17.7472,18.0034,422,34212,0.0806004,0.05,1,147579,147157,422
22711941,20.2989,7.20137,444,34274,0.0622402,0.05,1,147601,147157,444
22714861,24.9195,16.6805,449,34336,0.0428961,0.01,1,147629,147180,449
22717781,50.1678,23.4722,488,34398,0.0351584,0.01,1,147696,147208,488
22720701,48.8671,49.5889,469,34459,0.0560634,0.09,1,147744,147275,469
22723621,27.9469,46.8356,438,34520,0.0404253,0.11,1,147758,147320,438
22726541,14.7787,27.1342,430,34581,0.0341701,0.11,1,147764,147334,430
22729461,7.1115,14.4537,426,34642,0.0316681,0.07,1,147766,147340,426
22732381,109.045,6.98148,601,34703,0.0186672,0,1,147943,147342,601
22735301,59.2178,110.793,447,34764,0.00746689,0.03,1,147969,147522,447
22738221,42.2871,59.917,452,34825,0.0329868,0.09,1,148000,147548,452
22741141,18.1149,41.3668,425,34886,0.0431947,0.09,1,148002,147577,425
22744061,19.2459,17.7467,443,34947,0.0592779,0.05,1,148022,147579,443
22746981,24.4984,20.2987,449,35007,0.0297112,0.03,1,148050,147601,449
22749901,50.5994,24.9195,489,35067,0.0298845,0.03,1,148118,147629,489
22752821,49.0397,50.1678,470,35127,0.0299538,0.07,1,148166,147696,470
22755741,28.0159,48.8671,436,35187,0.0299815,0.03,1,148180,147744,436
22758661,14.8064,27.9468,428,35247,0.0299926,0.03,1,148186,147758,428
22761581,7.12254,14.7787,424,35307,0.029997,0.03,1,148188,147764,424
22764501,108.449,7.11149,598,35367,0.0299988,0.01,1,148364,147766,598
22767421,59.5796,109.045,448,35427,0.0119995,0,1,148391,147943,448
22770341,43.6318,59.2178,455,35487,0.0227998,0.05,1,148424,147969,455
22773261,18.6527,42.2871,426,35547,0.0271199,0.05,1,148426,148000,426
22776181,20.0611,18.1149,445,35606,0.016848,0.07,1,148447,148002,445
22779101,22.4244,19.2459,449,35665,0.0127392,0.01,1,148471,148022,449
22782021,10.1698,24.4984,423,35724,0.0110957,0.03,1,148473,148050,423
22784941,44.8679,50.5994,423,35783,0.0104383,0.03,1,148541,148118,423
22787861,46.7472,49.0397,423,35842,0.0101753,0.03,1,148589,148166,423
22790781,27.6989,28.0159,424,35901,0.0220701,0.03,1,148604,148180,424
22793701,14.6795,14.8064,424,35960,0.0268281,0.03,1,148610,148186,424
22796621,7.07182,7.12254,424,36019,0.0287312,0.03,1,148612,148188,424
22799541,107.229,108.449,422,36078,0.0294925,0,1,148786,148364,422
22802461,59.6915,59.5796,423,36137,0.017797,0.03,1,148814,148391,423
22805381,43.6766,43.6318,423,36195,0.0071188,0.03,1,148847,148424,423
22808301,18.6706,18.6527,423,36253,0.0328475,0.01,1,148849,148426,423
22811221,20.0683,20.0611,423,36311,0.031139,0.01,1,148870,148447,423
22814141,21.8273,22.4244,422,36369,0.0544556,0.01,1,148893,148471,422
22817061,9.93092,10.1698,422,36427,0.0397822,0.01,1,148895,148473,422
22819981,44.7724,44.8679,422,36485,0.0339129,0.01,1,148963,148541,422
22822901,46.7089,46.7472,422,36543,0.0435652,0.03,1,149011,148589,422
22825821,28.2836,27.6989,423,36601,0.0474261,0.03,1,149027,148604,423
22828741,14.9134,14.6795,423,36659,0.0249704,0.03,1,149033,148610,423
22831661,7.16537,7.07182,423,36717,0.0159882,0.03,1,149035,148612,423
22834581,106.666,107.229,422,36775,0.0123953,0.01,1,149208,148786,422
22837501,59.4665,59.6915,422,36832,0.0349581,0,1,149236,148814,422
22840421,43.5866,43.6766,422,36889,0.0319832,0.05,1,149269,148847,422
22843341,18.6346,18.6706,422,36946,0.0307933,0.03,1,149271,148849,422
22846261,20.0539,20.0683,422,37003,0.0303173,0.07,1,149292,148870,422
22849181,21.8215,21.8273,422,37060,0.0541269,0.03,1,149315,148893,422
22852101,9.92862,9.93092,422,37117,0.0636508,0.03,1,149317,148895,422
22855021,45.3714,44.7724,423,37174,0.0554603,0.03,1,149386,148963,423
22857941,45.7486,17.9089,469,37231,0.0401841,0.05,1,149432,148963,469
22860861,27.8994,35.9636,437,37288,0.0340736,0.05,1,149448,149011,437
22863781,15.3598,23.9854,428,37345,0.0196295,0.01,1,149455,149027,428
22866701,7.34391,13.1942,424,37402,0.0138518,0.01,1,149457,149033,424
22869621,106.138,6.47767,594,37458,0.0235407,0.01,1,149629,149035,594
22872541,59.255,106.391,449,37514,0.0274163,0.05,1,149657,149208,449
22875461,43.502,59.3564,454,37570,0.0409665,0.03,1,149690,149236,454
22878381,18.6008,43.5426,423,37626,0.0463866,0.03,1,149692,149269,423
22881301,20.0403,18.617,442,37682,0.0605546,0.03,1,149713,149271,442
22884221,21.8161,20.0468,444,37738,0.0302219,0.07,1,149736,149292,444
22887141,9.92645,21.8187,423,37794,0.0180887,0.07,1,149738,149315,423
22890061,45.3706,9.92749,490,37850,0.0372355,0.05,1,149807,149317,490
22892981,46.3482,45.371,468,37906,0.0328942,0.03,1,149854,149386,468
22895901,28.1393,45.7484,438,37962,0.0431577,0.03,1,149870,149432,438
22898821,15.4557,27.8994,429,38018,0.0592631,0.01,1,149877,149448,429
22901741,7.38229,15.3597,424,38074,0.0657052,0.01,1,149879,149455,424
22904661,105.553,7.3439,593,38129,0.0442821,0.03,1,150050,149457,593
22907581,59.0212,106.138,449,38184,0.0237128,0.03,1,150078,149629,449
22910501,44.6085,59.255,456,38239,0.0274851,0.05,1,150113,149657,456
22913421,19.0434,43.502,425,38294,0.0289941,0.05,1,150115,149690,425
22916341,19.6174,18.6008,443,38349,0.0295976,0.07,1,150135,149692,443
22919261,21.6469,20.0403,445,38404,0.017839,0.01,1,150158,149713,445
22922181,9.85878,21.8161,424,38459,0.0131356,0.01,1,150160,149736,424
22925101,45.9435,9.92645,492,38514,0.0352542,0.05,1,150230,149738,492
22928021,45.9774,45.3706,469,38569,0.0441017,0.03,1,150276,149807,469
22930941,19.591,46.3482,424,38624,0.0476407,0.05,1,150278,149854,424
22933861,17.4364,28.1393,424,38679,0.0490563,0.07,1,150294,149870,424
22936781,10.5746,15.4557,423,38734,0.0736225,0.07,1,150300,149877,423
22939701,5.42982,7.38229,423,38789,0.083449,0.03,1,150302,149879,423
22980581,108.372,104.772,430,39544,0.283276,0.19,1,150903,150473,430
22989341,18.8878,19.1374,428,39703,0.40189,0.13,1,150966,150538,428
22992261,19.5551,19.655,428,39756,0.406756,0.17,1,150986,150558,428
22995181,21.0221,22.262,426,39809,0.408702,0.17,1,151008,150582,426
22998101,9.60882,10.1048,426,39862,0.409481,0.11,1,151010,150584,426
23001021,46.4435,46.0419,427,39915,0.421792,0.17,1,151081,150654,427
23003941,47.3774,46.0168,429,39968,0.438717,0.13,1,151129,150700,429
23006861,20.151,19.6067,429,40021,0.445487,0.19,1,151131,150702,429
23217101,24.419,17.8552,516,43656,0.284168,1,1,153580,153064,516
23222941,44.827,97.2968,485,43752,0.0658669,1,1,153713,153228,485
23225861,41.3308,50.3187,505,43800,0.0323468,1,1,153752,153247,505
23228781,39.3323,32.7275,522,43848,0.0669387,1,1,153790,153268,522
23240461,23.1205,17.9114,504,44040,0.0540336,1,1,153863,153359,504
23243381,39.8482,23.9646,527,44088,0.0396135,0.93,1,153914,153387,527
23246301,27.3393,47.3858,483,44136,0.0218454,0.79,1,153933,153450,483
23249221,24.1357,34.5543,479,44184,0.00873815,0.61,1,153955,153476,479
23252141,22.2543,35.4217,464,44232,0.0214953,0.45,1,153976,153512,464
23255061,17.9017,27.3687,457,44280,0.0265981,0.29,1,153991,153534,457
23257981,17.9607,23.5475,454,44328,0.0406392,0.21,1,154009,153555,454
23260901,67.7843,24.419,530,44376,0.0342557,0.01,1,154110,153580,530
23263821,42.7137,74.5676,448,44424,0.0137023,0.03,1,154136,153688,448
23266741,18.2855,44.827,425,44471,0.0114809,0.01,1,154138,153713,425
23269661,28.9142,41.3308,422,44518,0.0465924,0.09,1,154174,153752,422
23272581,42.1657,39.3323,435,44565,0.0486369,0.25,1,154225,153790,435
23275501,23.4663,24.1329,432,44612,0.0374548,0.17,1,154236,153804,432
23278421,15.9865,19.2532,427,44659,0.0329819,0.11,1,154247,153820,427
23281341,14.1946,17.3013,424,44706,0.0671928,0,1,154260,153836,424
23284261,21.2778,23.1205,423,44753,0.0688771,0.03,1,154286,153863,423
23287181,39.1111,39.8482,423,44800,0.0455508,0.01,1,154337,153914,423
23290101,27.0445,27.3393,423,44847,0.0242203,0,1,154356,153933,423
23293021,24.0178,24.1357,423,44894,0.0276881,0.03,1,154378,153955,423
23295941,21.6071,22.2543,422,44941,0.0170753,0.03,1,154398,153976,422
23298861,18.2428,17.9017,423,44988,0.0368301,0.05,1,154414,153991,423
23301781,18.0971,17.9607,423,45035,0.020732,0.03,1,154432,154009,423
23304701,67.8389,67.7843,423,45082,0.0262928,0,1,154533,154110,423
23307621,42.7355,42.7137,423,45129,0.0285171,0.01,1,154559,154136,423
23310541,18.2942,18.2855,423,45176,0.0114069,0.07,1,154561,154138,423
23313461,28.3177,28.9142,422,45223,0.0345627,0.05,1,154596,154174,422
23316381,41.9271,42.1657,422,45270,0.0198251,0.03,1,154647,154225,422
23319301,23.3708,23.4663,422,45317,0.02593,0.03,1,154658,154236,422
23322221,17.7483,15.9865,425,45364,0.016372,0.09,1,154672,154247,425
23325141,13.0993,14.1946,422,45410,0.0125488,0.07,1,154682,154260,422
23328061,21.4397,21.2778,423,45456,0.0350195,0.03,1,154709,154286,423
23330981,38.5759,39.1111,422,45502,0.0440078,0.01,1,154759,154337,422
23333901,26.8304,27.0445,422,45548,0.0476031,0.03,1,154778,154356,422
23336821,23.9321,24.0178,422,45594,0.0370413,0.01,1,154800,154378,422
23339741,21.5729,21.6071,422,45640,0.0328165,0.05,1,154820,154398,422
23342661,18.2291,18.2428,422,45686,0.0191266,0.01,1,154836,154414,422
23345581,18.0917,18.0971,422,45732,0.00765064,0.03,1,154854,154432,422
23348501,67.8367,67.8389,422,45778,0.0210603,0.03,1,154955,154533,422
23351421,42.7347,42.7355,422,45824,0.0384241,0,1,154981,154559,422
23354341,18.2939,18.2942,422,45870,0.0453696,0.05,1,154983,154561,422
23357261,28.3175,28.3177,422,45916,0.0241479,0.05,1,155018,154596,422
23360181,41.327,11.3271,472,45962,0.0156591,0.01,1,155068,154596,472
23363101,23.1308,35.1308,432,46008,0.0362637,0.03,1,155079,154647,432
23366021,17.6523,20.6523,435,46054,0.0325055,0.01,1,155093,154658,435
23368941,13.6609,16.6609,432,46100,0.0550022,0.01,1,155104,154672,432
23371861,21.0644,12.6644,448,46146,0.0640009,0.05,1,155130,154682,448
23374781,38.4258,21.2657,471,46192,0.0556003,0.05,1,155180,154709,471
23377701,26.7703,38.5063,440,46238,0.0762401,0.05,1,155199,154759,440
23380621,23.9081,26.8025,443,46284,0.0604961,0.03,1,155221,154778,443
23383541,21.5632,23.921,441,46330,0.0541984,0.03,1,155241,154800,441
23386461,18.2253,21.5684,437,46376,0.0396794,0.01,1,155257,154820,437
23389381,18.0901,18.2274,439,46421,0.0218717,0,1,155275,154836,439
23392301,67.836,18.0909,522,46466,0.0147487,0.03,1,155376,154854,522
23395221,42.7344,67.8364,447,46511,0.0238995,0.05,1,155402,154955,447
23398141,18.2938,42.7346,423,46556,0.0275598,0.05,1,155404,154981,423
23401061,28.3175,18.2938,456,46601,0.0410239,0.01,1,155439,154983,456
23403981,41.927,28.3175,472,46646,0.0464096,0.01,1,155490,155018,472
23406901,22.7708,41.327,432,46691,0.0365638,0.05,1,155500,155068,432
23409821,18.7083,23.1308,437,46736,0.0446255,0.03,1,155516,155079,437
23412741,14.6833,17.6523,435,46781,0.0478502,0.07,1,155528,155093,435
23415661,22.0733,13.6609,451,46826,0.0611401,0.07,1,155555,155104,451
23418581,37.6293,21.0644,473,46871,0.054456,0.05,1,155603,155130,473
23421501,27.6517,38.4258,444,46916,0.0517824,0.09,1,155624,155180,444
23424421,23.0607,26.7703,445,46961,0.074713,0.05,1,155644,155199,445
23427341,20.0243,23.9081,441,47006,0.0838852,0.05,1,155662,155221,441
23430261,18.2097,21.5632,438,47051,0.0755541,0.03,1,155679,155241,438
23433181,17.4839,18.2253,439,47096,0.0722216,0.01,1,155696,155257,439
23436101,67.5936,18.0901,522,47141,0.0468887,0.01,1,155797,155275,522
23439021,42.6374,67.836,447,47186,0.0187555,0.03,1,155823,155376,447
23441941,18.255,42.7344,423,47231,0.0135022,0.03,1,155825,155402,423
23444861,30.102,18.2938,459,47276,0.0114009,0.05,1,155863,155404,459
23447781,41.4408,28.3175,473,47321,0.0105603,0.05,1,155912,155439,473
23450701,21.9763,41.927,431,47366,0.0222241,0.03,1,155921,155490,431
23453621,9.99053,22.7708,423,47411,0.0268897,0.05,1,155923,155500,423
23456541,14.1962,18.7083,424,47455,0.0167559,0.05,1,155940,155516,424
23459461,12.8785,14.6833,424,47499,0.0127023,0.07,1,155952,155528,424
23462381,21.9514,22.0733,425,47543,0.0350809,0.05,1,155980,155555,425
23465301,37.5806,37.6293,425,47587,0.0680324,0.05,1,156028,155603,425
23468221,27.6322,27.6517,425,47631,0.069213,0.09,1,156049,155624,425
23471141,23.6529,23.0607,426,47675,0.0576852,0.09,1,156070,155644,426
23474061,20.2612,20.0243,426,47719,0.0410741,0.07,1,156088,155662,426
23476981,17.7045,18.2097,425,47763,0.0584296,0.07,1,156104,155679,425
23479901,16.0818,17.4839,423,47807,0.0533719,0.03,1,156119,155696,423
23482821,67.0327,67.5936,423,47851,0.0393487,0,1,156220,155797,423
23485741,41.8131,42.6374,422,47895,0.0337395,0.01,1,156245,155823,422
23488661,17.9252,18.255,422,47939,0.0314958,0.01,1,156247,155825,422
23491581,30.5701,30.102,423,47983,0.0185983,0.01,1,156286,155863,423
23494501,41.028,41.4408,422,48027,0.0134393,0.03,1,156334,155912,422
23497421,22.4112,21.9763,423,48071,0.0113757,0.03,1,156344,155921,423
23500341,10.1645,9.99053,423,48115,0.0105503,0.01,1,156346,155923,423
23503261,13.6658,14.1962,422,48159,0.0462201,0.01,1,156362,155940,422
23506181,12.6663,12.8785,422,48203,0.072488,0.05,1,156374,155952,422
23509101,23.6665,21.9514,425,48247,0.0709952,0.09,1,156405,155980,425
23512021,37.6666,37.5806,424,48291,0.0463981,0.07,1,156452,156028,424
23514941,27.0666,27.6322,423,48335,0.0725592,0.05,1,156472,156049,423
23517861,23.4267,23.6529,423,48379,0.0710237,0.03,1,156493,156070,423
23520781,20.1707,20.2612,423,48423,0.0944095,0.07,1,156511,156088,423
23523701,17.6683,17.7045,423,48467,0.0797638,0.05,1,156527,156104,423
23529541,66.7869,67.0327,422,48553,0.0715622,0.03,1,156642,156220,422
23532461,41.7148,41.8131,422,48596,0.0346249,0.03,1,156667,156245,422
23535381,17.8859,17.9252,422,48639,0.01985,0.01,1,156669,156247,422
23538301,30.5544,30.5701,422,48682,0.00793998,0.01,1,156708,156286,422
23541221,41.0217,41.028,422,48725,0.021176,0.01,1,156756,156334,422
23544141,22.4087,22.4112,422,48768,0.0084704,0.01,1,156766,156344,422
23547061,10.1635,10.1645,422,48811,0.00938816,0.07,1,156768,156346,422
23549981,14.2654,13.6658,423,48854,0.0457553,0.07,1,156785,156362,423
23552901,12.9062,5.46632,435,48897,0.0363021,0.09,1,156797,156362,435
23555821,23.1625,9.38653,453,48940,0.0565208,0.07,1,156827,156374,453
23558741,38.065,22.3546,470,48983,0.0766083,0.03,1,156875,156405,470
23576261,63.6359,15.4619,522,49241,0.210901,0.03,1,157063,156541,522
23585021,30.3527,17.8856,460,49370,0.0751777,0,1,157129,156669,460
23587941,40.9411,30.5542,469,49413,0.0480711,0.03,1,157177,156708,469
23590861,22.3764,41.0217,431,49456,0.0252284,0,1,157187,156756,431
23593781,10.1506,22.4087,423,49499,0.0160914,0.01,1,157189,156766,423
23596701,14.8602,10.1635,439,49542,0.0244365,0.07,1,157207,156768,439
23599621,13.1441,14.2654,434,49585,0.0277746,0.03,1,157219,156785,434
23602541,24.4576,12.9062,454,49627,0.0411098,0.07,1,157251,156797,454
23605461,40.3831,23.1625,475,49669,0.0464439,0.09,1,157302,156827,475
23608381,28.1532,38.065,447,49711,0.0605776,0.13,1,157322,156875,447
23611301,24.4613,27.226,449,49753,0.066231,0.13,1,157344,156895,449
23614221,21.1845,24.0904,446,49795,0.0564924,0.13,1,157363,156917,446
23617141,20.4738,20.4362,448,49837,0.052597,0.15,1,157383,156935,448
23620061,17.7895,18.9745,446,49879,0.0510388,0.21,1,157399,156953,446
23622981,64.7158,16.5898,527,49921,0.0984155,0.23,1,157495,156968,527
23634661,39.7399,30.3527,469,50089,0.0571914,0.03,1,157598,157129,469
23637581,21.896,40.9411,431,50131,0.0408766,0.01,1,157608,157177,431
23640501,9.95839,22.3764,423,50173,0.0343506,0.01,1,157610,157187,423
23643421,15.3834,10.1506,440,50215,0.0317403,0.03,1,157629,157189,440
23646341,13.9533,14.8602,435,50257,0.0186961,0.03,1,157642,157207,435
23649261,24.7813,13.1441,455,50299,0.0254784,0.05,1,157674,157219,455
23652181,11.1125,24.4576,425,50341,0.0281914,0.05,1,157676,157251,425
23655101,35.045,40.3831,425,50383,0.0652765,0.07,1,157727,157302,425
23658021,26.018,28.1532,425,50425,0.0681106,0.07,1,157747,157322,425
23660941,23.6072,24.4613,425,50467,0.0692443,0.05,1,157769,157344,425
23663861,20.2429,21.1845,424,50509,0.0696977,0.05,1,157787,157363,424
23666781,20.0972,20.4738,424,50551,0.0818791,0.05,1,157807,157383,424
23669701,18.8389,17.7895,426,50593,0.0867516,0.13,1,157825,157399,426
23672621,66.3355,64.7158,428,50635,0.0767007,0.13,1,157923,157495,428
23675541,37.3342,36.6863,428,50677,0.0966803,0.13,1,157941,157513,428
23681381,27.4535,27.3498,428,50761,0.0958688,0.01,1,157978,157550,428
23684301,36.7814,39.7399,423,50802,0.0563475,0.03,1,158021,157598,423
23687221,20.1126,21.896,422,50843,0.028539,0.03,1,158030,157608,422
23690141,9.24502,9.95839,422,50884,0.0294156,0.03,1,158032,157610,422
23693061,15.698,15.3834,423,50925,0.0297662,0.01,1,158052,157629,423
23695981,14.0792,13.9533,423,50966,0.0299065,0.03,1,158065,157642,423
23698901,24.8317,24.7813,423,51007,0.0299626,0.03,1,158097,157674,423
23701821,11.1327,11.1125,423,51048,0.029985,0.09,1,158099,157676,423
23704741,36.2531,35.045,425,51089,0.041994,0.07,1,158152,157727,425
23707661,26.5012,26.018,425,51130,0.0587976,0.07,1,158172,157747,425
23710581,23.8005,23.6072,425,51171,0.065519,0.07,1,158194,157769,425
23713501,20.3202,20.2429,425,51212,0.0682076,0.09,1,158212,157787,425
23716421,20.7281,20.0972,426,51253,0.081283,0.09,1,158233,157807,426
23719341,17.8912,18.8389,424,51294,0.0985132,0.07,1,158249,157825,424
23739781,9.01553,9.24502,422,51581,0.0969229,0.03,1,158454,158032,422
23742701,15.6062,15.698,422,51622,0.0807692,0.03,1,158474,158052,422
23745621,14.0425,14.0792,422,51663,0.0623077,0.03,1,158487,158065,422
23748541,25.417,24.8317,423,51704,0.0789231,0.03,1,158520,158097,423
23751461,11.3668,11.1327,423,51745,0.0855692,0.05,1,158522,158099,423
23757301,26.2987,14.5012,442,51827,0.0820911,0.07,1,158594,158152,442
23760221,23.7195,17.8005,444,51868,0.0748364,0.07,1,158616,158172,444
23763141,20.2878,20.3202,440,51909,0.0839346,0.07,1,158634,158194,440
23766061,21.9151,18.9281,445,51950,0.0995738,0.09,1,158657,158212,445
23777741,16.4874,37.387,429,52111,0.203333,0.17,1,158795,158366,429
23780661,26.995,16.1548,461,52151,0.207333,0.17,1,158829,158368,461
23783581,33.598,26.8619,465,52191,0.208933,0.11,1,158867,158402,465
23789421,8.73568,19.5379,426,52271,0.217029,0.09,1,158878,158452,426
23792341,14.2943,9.01516,442,52311,0.224812,0.07,1,158896,158454,442
23795261,12.9177,15.6061,434,52351,0.227925,0.05,1,158908,158474,434
23798181,26.1671,14.0424,456,52391,0.25317,0.09,1,158943,158487,456
23801101,11.6668,25.417,425,52431,0.263268,0.09,1,158945,158520,425
23804021,36.4667,11.3668,476,52471,0.255307,0.11,1,158998,158522,476
23806941,26.5867,35.7467,444,52511,0.252123,0.07,1,159018,158574,444
23809861,24.4347,26.2987,447,52551,0.262849,0.07,1,159041,158594,447
23812781,20.5739,23.7195,443,52591,0.27914,0.09,1,159059,158616,443
23815701,22.6295,20.2878,449,52631,0.285656,0.11,1,159083,158634,449
23818621,19.2518,21.9151,443,52671,0.276262,0.11,1,159100,158657,443
23859501,24.9698,26.5867,457,53231,0.41752,0.27,1,159475,159018,457
23862421,11.1879,24.4347,436,53271,0.425008,0.29,1,159477,159041,436
23865341,15.2752,20.5739,436,53311,0.428003,0.29,1,159495,159059,436
23868261,20.5101,22.6295,436,53350,0.441201,0.27,1,159519,159083,436
23871181,17.804,19.2518,435,53389,0.446481,0.37,1,159535,159100,435
23874101,73.7216,71.3007,440,53428,0.424592,0.37,1,159646,159206,440
23877021,40.2886,39.3203,440,53467,0.439837,0.37,1,159664,159224,440
23879941,17.3155,16.9281,440,53506,0.445935,0.37,1,159666,159226,440
23885781,33.7305,33.6685,440,53584,0.44215,0.37,1,159738,159298,440
23888701,19.4922,19.4674,440,53623,0.43486,0.37,1,159748,159308,440
23891621,8.99688,8.98696,440,53662,0.431944,0.37,1,159750,159310,440
23900381,27.6238,27.3832,441,53779,0.438764,0.37,1,159818,159377,441
23903301,12.2495,12.1533,441,53818,0.433506,0.39,1,159820,159379,441
23906221,36.0998,36.0613,441,53857,0.431402,0.41,1,159872,159431,441
23909141,27.0399,26.4245,442,53896,0.418561,0.43,1,159893,159451,442
23912061,25.816,24.9698,443,53935,0.413424,0.43,1,159918,159475,443
23914981,11.5264,11.1879,443,53974,0.43537,0.43,1,159920,159477,443
23917901,15.4106,15.2752,443,54013,0.444148,0.45,1,159938,159495,443
23920821,21.1642,20.5101,444,54052,0.447659,0.45,1,159963,159519,444
23923741,18.0657,17.804,444,54091,0.449064,0.41,1,159979,159535,444
23982141,42.336,72.0345,465,54866,0.779823,0.51,2,160553,160088,465
23993821,19.5446,33.9273,456,55018,0.904363,0.51,2,160637,160181,456
23996741,9.01784,19.5709,448,55056,0.907745,0.55,2,160639,160191,448
23999661,14.4071,9.02836,464,55094,0.909098,0.55,2,160657,160193,464
24002581,12.9629,14.4113,458,55132,0.909639,0.55,2,160669,160211,458
24005501,27.3851,12.9645,483,55170,0.933856,0.55,2,160706,160223,483
24008421,12.1541,26.7858,449,55208,0.943542,0.55,2,160708,160259,449
24166101,14.9007,16.7956,483,57230,0.931477,1,2,162116,161633,483
24174861,34.3616,36.0429,481,57341,0.775535,1,2,162191,161710,481
24186541,15.6061,14.6075,486,57489,0.445278,1,1,162270,161784,486
24189461,15.2424,16.043,484,57526,0.424111,1,1,162285,161801,484
24195301,17.6788,19.4869,483,57600,0.265858,1,1,162323,161840,483
24201141,43.5086,30.4779,498,57673,0.0545372,1,1,162452,161954,498
24204061,30.0034,27.1912,494,57709,0.0398149,1,1,162473,161979,494
24206981,19.2014,23.4765,485,57745,0.045926,0.98,1,162485,162000,485
24209901,28.0806,17.1906,506,57781,0.0183704,1,1,162519,162013,506
24212821,22.0322,29.0762,487,57817,0.0253482,1,1,162537,162050,487
24215741,22.6129,21.2305,494,57853,0.0161393,1,1,162560,162066,494
24218661,14.4452,21.6922,481,57889,0.0364557,0.94,1,162569,162088,481
24221581,13.5781,17.6769,479,57925,0.0565823,0.91,1,162582,162103,479
24224501,13.2312,14.8708,479,57961,0.0526329,0.87,1,162595,162116,479
24227421,10.6925,13.7483,475,57997,0.0630532,0.86,1,162604,162129,475
24230341,26.477,13.8993,498,58033,0.0552213,0.71,1,162641,162143,498
24233261,20.1908,34.3597,466,58069,0.0400885,0.61,1,162657,162191,466
24236181,26.6763,26.3439,476,58105,0.0580354,0.45,1,162688,162212,476
24247861,15.3613,15.2424,453,58249,0.0892777,0.25,1,162738,162285,453
24250781,13.9445,18.697,445,58285,0.0897111,0.23,1,162751,162306,445
24253701,62.5778,17.6788,523,58321,0.0538844,0.05,1,162846,162323,523
24256621,41.8311,68.2715,449,58357,0.0215538,0,1,162874,162425,449
24259541,29.9324,43.5086,444,58393,0.0746215,0.03,1,162896,162452,444
24265381,27.5892,19.2014,455,58465,0.0539394,0,1,162940,162485,455
24268301,23.0357,28.0806,441,58501,0.0275758,0.03,1,162960,162519,441
24271221,22.4143,22.0322,445,58537,0.0410303,0.01,1,162982,162537,445
24274141,14.9657,22.6129,432,58573,0.0344121,0.05,1,162992,162560,432
24277061,13.1863,14.4452,435,58609,0.0317649,0.07,1,163004,162569,435
24279981,13.6745,13.5781,436,58645,0.0307059,0.05,1,163018,162582,436
24282901,10.2698,13.2312,431,58681,0.0542824,0.07,1,163026,162595,431
24285821,25.7079,10.6925,458,58717,0.063713,0.05,1,163062,162604,458
24288741,21.0832,26.477,439,58753,0.0254852,0.03,1,163080,162641,439
24291661,28.8333,20.1908,457,58789,0.0281941,0.07,1,163114,162657,457
24294581,18.7333,26.6763,438,58825,0.0292776,0.13,1,163126,162688,438
24297501,13.4933,17.2705,437,58861,0.041711,0.15,1,163136,162699,437
24300421,10.1973,13.5082,434,58897,0.0466844,0.11,1,163144,162710,434
24303341,16.0789,11.4033,444,58933,0.0606738,0.07,1,163164,162720,444
24306261,13.0316,15.3613,437,58969,0.0782695,0.09,1,163175,162738,437
24309181,61.0126,13.9445,517,59005,0.0493078,0.03,1,163268,162751,517
24312101,41.8051,62.5778,451,59041,0.0377231,0,1,163297,162846,451
24315021,32.922,41.8311,450,59077,0.0330892,0.11,1,163324,162874,450
24317941,14.3688,29.9324,430,59113,0.0312357,0.15,1,163326,162896,430
24320861,9.34752,17.973,426,59149,0.0304943,0.01,1,163332,162906,426
24323781,21.739,27.5892,422,59185,0.0181977,0.01,1,163362,162940,422
24326701,21.2956,23.0357,423,59221,0.0252791,0.05,1,163383,162960,423
24329621,21.7182,22.4143,423,59256,0.0161116,0.03,1,163405,162982,423
24332541,14.6873,14.9657,423,59291,0.0124447,0.03,1,163415,162992,423
24335461,13.0749,13.1863,423,59326,0.0109779,0.03,1,163427,163004,423
24338381,14.83,13.6745,425,59361,0.0103911,0.07,1,163443,163018,425
24341301,10.732,10.2698,425,59396,0.00415646,0.07,1,163451,163026,425
24344221,24.6928,25.7079,423,59431,0.0316626,0,1,163485,163062,423
24347141,21.2771,21.0832,424,59466,0.042665,0.03,1,163504,163080,424
24350061,28.3108,28.8333,423,59501,0.035066,0.03,1,163537,163114,423
24352981,19.1243,18.7333,424,59536,0.0560264,0.05,1,163550,163126,424
24355901,13.6497,13.4933,424,59571,0.0404106,0.05,1,163560,163136,424
24358821,10.2599,10.1973,424,59606,0.0581642,0.07,1,163568,163144,424
24361741,16.704,16.0789,425,59641,0.0652657,0.09,1,163589,163164,425
24364661,13.8816,13.0316,426,59676,0.0681063,0.03,1,163601,163175,426
24367581,59.5526,61.0126,423,59711,0.0572425,0.03,1,163691,163268,423
24370501,40.6211,41.8051,422,59746,0.028897,0.03,1,163719,163297,422
24373421,33.6484,32.922,424,59781,0.0295588,0.03,1,163748,163324,424
24376341,14.6594,14.3688,424,59816,0.0298235,0.03,1,163750,163326,424
24379261,9.46375,9.34752,424,59851,0.0299294,0.01,1,163756,163332,424
24382181,20.5855,21.739,422,59886,0.0179718,0.03,1,163784,163362,422
24385101,20.8342,21.2956,422,59921,0.0131887,0.01,1,163805,163383,422
24388021,21.5337,21.7182,422,59956,0.0112755,0.01,1,163827,163405,422
24390941,14.6135,14.6873,422,59991,0.00451019,0.01,1,163837,163415,422
24393861,13.0454,13.0749,422,60026,0.0318041,0.01,1,163849,163427,422
24396781,14.8182,14.83,422,60061,0.0427216,0,1,163865,163443,422
24399701,10.7273,10.732,422,60096,0.0170886,0.05,1,163873,163451,422
24402621,24.6909,24.6928,422,60131,0.0248355,0.05,1,163907,163485,422
24405541,22.4764,21.2771,424,60166,0.0519342,0.03,1,163928,163504,424
24408461,28.7905,28.3108,424,60201,0.0747737,0.07,1,163961,163537,424
24411381,18.7162,19.1243,423,60236,0.0839095,0.03,1,163973,163550,423
24414301,13.4865,13.6497,423,60271,0.0875638,0.07,1,163983,163560,423
24425981,58.5885,59.5526,422,60411,0.0737136,0.01,1,164113,163691,422
24428901,40.2354,40.6211,422,60446,0.0294854,0.03,1,164141,163719,422
24431821,34.0942,33.6484,423,60481,0.0177942,0.03,1,164171,163748,423
24434741,14.8377,14.6594,423,60516,0.0131177,0.03,1,164173,163750,423
24437661,9.53506,9.46375,423,60551,0.0112471,0.03,1,164179,163756,423
24440581,19.414,3.7855,449,60586,0.0344988,0.01,1,164205,163756,449
24443501,20.3656,18.3142,442,60621,0.0317995,0.01,1,164226,163784,442
24446421,21.3462,19.9257,443,60656,0.0307198,0.01,1,164248,163805,443
24449341,14.5385,21.1703,431,60691,0.0302879,0,1,164258,163827,431
24452261,13.0154,14.4681,433,60726,0.0301152,0.05,1,164270,163837,433
24455181,14.8062,12.9872,437,60761,0.0300461,0.05,1,164286,163849,437
24458101,10.7225,14.7949,429,60796,0.0120184,0,1,164294,163865,429
24461021,25.889,10.718,457,60831,0.0228074,0.03,1,164330,163873,457
24463941,23.5556,24.6872,445,60866,0.063123,0.07,1,164352,163907,445
24466861,29.8222,22.4749,458,60901,0.0792492,0.09,1,164386,163928,458
24469781,19.1289,28.79,437,60936,0.0856997,0.09,1,164398,163961,437
24472701,13.6516,18.716,435,60970,0.0882799,0.09,1,164408,163973,435
24475621,10.8606,13.4864,434,61004,0.0773119,0.13,1,164417,163983,434
24490221,33.4539,40.2354,451,61174,0.0671565,0.01,1,164592,164141,451
24493141,14.5816,34.0942,423,61208,0.0448626,0.01,1,164594,164171,423
24496061,9.43263,14.8377,427,61242,0.035945,0.01,1,164600,164173,427
24498981,19.3731,9.53506,447,61276,0.020378,0.05,1,164626,164179,447
24501901,20.3492,19.414,442,61310,0.0081512,0.03,1,164647,164205,442
24504821,21.9397,20.3656,444,61344,0.0212605,0.03,1,164670,164226,444
24507741,14.7759,21.3462,432,61378,0.0265042,0.03,1,164680,164248,432
24510661,13.1103,14.5385,434,61412,0.0286017,0.03,1,164692,164258,434
24513581,14.2441,13.0154,437,61446,0.0174407,0.03,1,164707,164270,437
24516501,11.0977,14.8062,430,61480,0.0249763,0,1,164716,164286,430
24519421,27.2391,10.7225,460,61514,0.0279905,0.03,1,164754,164294,460
24522341,24.6956,25.889,447,61548,0.0291962,0.09,1,164777,164330,447
24525261,30.2783,23.5556,459,61582,0.0536785,0.09,1,164811,164352,459
24528181,19.3113,29.8222,437,61616,0.0634714,0.09,1,164823,164386,437
24531101,13.7245,19.1289,435,61650,0.0673886,0.09,1,164833,164398,435
24534021,11.4898,13.6516,435,61684,0.0689554,0.07,1,164843,164408,435
24536941,19.5959,10.8606,451,61718,0.0575822,0.13,1,164868,164417,451
24539861,15.0384,17.5442,441,61752,0.0410329,0.17,1,164880,164439,441
24542781,57.0154,14.2177,514,61786,0.0944131,0.19,1,164965,164451,514
24557381,18.6136,9.43263,447,61956,0.0984548,0.01,1,165047,164600,447
24560301,20.6454,19.3731,443,61990,0.0573819,0,1,165069,164626,443
24563221,9.45818,20.3492,424,62024,0.0409528,0.03,1,165071,164647,424
24566141,16.9833,21.9397,423,62058,0.0343811,0.03,1,165093,164670,423
24569061,12.7933,14.7759,423,62092,0.0437524,0.03,1,165103,164680,423
24571981,12.3173,13.1103,423,62126,0.047501,0.01,1,165115,164692,423
24574901,13.3269,14.2441,422,62160,0.0850004,0.03,1,165129,164707,422
24577821,11.3308,11.0977,423,62194,0.0760002,0.03,1,165139,164716,423
24580741,27.9323,27.2391,424,62228,0.0604001,0.03,1,165178,164754,424
24583661,24.9729,24.6956,424,62262,0.05416,0.07,1,165201,164777,424
24586581,30.9892,30.2783,425,62296,0.027664,0.07,1,165236,164811,425
24589501,19.5957,19.3113,425,62330,0.0410656,0.07,1,165248,164823,425
24592421,13.8383,13.7245,425,62364,0.0224262,0.07,1,165258,164833,425
24595341,11.5353,11.4898,425,62398,0.0149705,0.05,1,165268,164843,425
24598261,18.4141,19.5959,423,62432,0.0239882,0.03,1,165291,164868,423
24601181,14.5656,15.0384,423,62466,0.0395953,0.13,1,165303,164880,423
24604101,59.8263,57.0154,428,62500,0.0698381,0.15,1,165393,164965,428
24607021,35.9305,35.4061,427,62534,0.0819352,0.11,1,165413,164986,427
24609941,31.1722,30.9625,427,62568,0.0867741,0.11,1,165441,165014,427
24612861,13.6689,13.585,427,62602,0.0887096,0.11,1,165443,165016,427
24615781,9.06755,9.03399,427,62636,0.0894838,0.09,1,165449,165022,427
24618701,15.627,18.6136,422,62670,0.0897935,0.03,1,165469,165047,422
24621621,20.0508,20.6454,423,62704,0.0659174,0.03,1,165492,165069,423
24624541,9.22032,9.45818,423,62737,0.032367,0.03,1,165494,165071,423
24627461,17.4881,16.9833,424,62770,0.0309468,0.05,1,165517,165093,424
24630381,12.9953,12.7933,424,62803,0.0303787,0.05,1,165527,165103,424
24633301,12.9981,12.3173,425,62836,0.0541515,0.11,1,165540,165115,425
24636221,13.5992,13.3269,425,62869,0.0636606,0.07,1,165554,165129,425
24639141,10.2397,11.3308,423,62902,0.0434642,0.05,1,165562,165139,423
24642061,26.8959,27.9323,422,62935,0.0593857,0.05,1,165600,165178,422
24644981,24.5584,24.9729,422,62968,0.0777543,0.01,1,165623,165201,422
24647901,30.8233,30.9892,422,63001,0.0731017,0.05,1,165658,165236,422
24650821,19.5293,19.5957,422,63034,0.0592407,0.01,1,165670,165248,422
24653741,13.8117,13.8383,422,63067,0.0536963,0.01,1,165680,165258,422
24656661,11.5247,11.5353,422,63100,0.0634785,0.03,1,165690,165268,422
24659581,18.4099,18.4141,422,63133,0.0793914,0.05,1,165713,165291,422
24662501,14.564,14.5656,422,63166,0.0857566,0.09,1,165725,165303,422
24709221,31.0578,24.5154,458,63694,0.200539,0.07,1,166081,165623,458
24712141,19.6231,30.8061,435,63727,0.206216,0.05,1,166093,165658,435
24715061,14.4492,19.5225,434,63760,0.220486,0.05,1,166104,165670,434
24717981,11.7797,13.809,434,63793,0.226194,0.07,1,166114,165680,434
24720901,17.9119,11.5236,446,63826,0.228478,0.09,1,166136,165690,446
24723821,14.3648,18.4094,435,63859,0.229391,0.09,1,166148,165713,435
24726741,63.3459,14.5638,519,63892,0.229756,0.13,1,166244,165725,519
24729661,37.3384,61.0255,447,63925,0.241903,0.13,1,166264,165817,447
24732581,31.7353,36.4102,455,63958,0.258761,0.13,1,166292,165837,455
24735501,13.8941,31.3641,429,63991,0.265504,0.13,1,166294,165865,429
24738421,9.75765,13.7456,434,64024,0.256202,0.13,1,166301,165867,434
24741341,17.7031,9.09825,451,64057,0.288481,0.19,1,166324,165873,451
24782221,18.0258,11.7797,454,64519,0.403365,0.23,1,166568,166114,454
24785141,14.4103,17.9119,444,64552,0.407346,0.23,1,166580,166136,444
24790981,38.1857,63.3459,454,64618,0.404775,0.25,1,166698,166244,454
24793901,32.0743,37.3384,462,64650,0.40791,0.27,1,166726,166264,462
24796821,14.0297,31.7353,436,64682,0.409164,0.27,1,166728,166292,436
24799741,10.4119,13.8941,442,64714,0.409666,0.25,1,166736,166294,442
24802661,18.5648,9.75765,459,64746,0.409866,0.31,1,166760,166301,459
24805581,18.8259,17.7031,455,64778,0.433946,0.31,1,166779,166324,455
24808501,8.73036,17.8812,439,64810,0.443579,0.31,1,166781,166342,439
24811421,17.8921,8.35249,461,64842,0.435431,0.33,1,166805,166344,461
24814341,13.1569,17.741,447,64874,0.432173,0.33,1,166815,166368,447
24817261,12.4627,13.0964,449,64906,0.430869,0.35,1,166827,166378,449
24820181,6.1851,13.0386,438,64938,0.430348,0.33,1,166829,166391,438
24826021,9.14962,10.2462,438,65002,0.439656,0.35,1,166851,166413,438
24863981,10.4358,10.4119,442,65418,0.445968,0.41,1,167178,166736,442
24977861,14.8936,18.0333,460,66665,0.753943,0.59,2,167913,167453,460
24980781,64.1574,14.4133,545,66696,0.775577,0.61,2,168010,167465,545
24983701,38.863,63.3653,471,66727,0.784231,0.57,2,168032,167561,471
24986621,32.9452,38.5461,478,66758,0.775692,0.63,2,168061,167583,478
24989541,14.3781,32.2185,452,66789,0.772277,0.63,2,168063,167611,452
24992461,10.5512,14.0874,458,66820,0.770911,0.59,2,168071,167613,458
24995381,21.0205,10.435,478,66851,0.794364,0.63,2,168099,167621,478
25007061,15.0581,17.9695,466,66975,0.7976,0.65,2,168158,167692,466
25027501,32.7751,26.189,493,67192,0.916557,0.73,2,168300,167807,493
25030421,20.3101,32.0756,469,67223,0.924623,0.73,2,168312,167843,469
25033341,15.324,20.0302,469,67254,0.927849,0.73,2,168324,167855,469
25036261,12.1296,15.2121,467,67285,0.92914,0.73,2,168334,167867,467
25039181,20.4518,12.0848,483,67316,0.929656,0.73,2,168360,167877,483
25042101,15.3807,19.2339,471,67347,0.929862,0.77,2,168372,167901,471
25071301,16.2881,18.1453,476,67657,0.938403,0.79,2,168621,168145,476
25074221,15.5152,15.0581,478,67688,0.933361,0.87,2,168636,168158,478
25077141,7.40609,13.8232,467,67719,0.931345,0.87,2,168638,168171,467
25410021,317.872,326.495,495,33580,0.418,0.13,1,171142,170647,495
25450901,343.749,387.398,428,33580,0.2692,0.01,1,171503,171075,428
25456741,70.8398,79.7437,426,33706,0.085072,0.05,1,171554,171128,426
25459661,33.1359,37.8975,424,33769,0.0400288,0.03,1,171562,171138,424
25462581,37.2544,17.559,460,33832,0.0340115,0.09,1,171602,171142,460
25465501,34.1017,34.6236,446,33895,0.0316046,0.05,1,171634,171188,446
25468421,44.2407,45.6494,444,33957,0.0666418,0.05,1,171685,171241,444
25471341,54.2963,57.2598,440,34019,0.0686567,0.07,1,171746,171306,440
25474261,57.7185,46.9039,460,34081,0.0934627,0.11,1,171806,171346,460
25483021,31.294,30.8178,451,34267,0.251502,0.17,1,171915,171464,451
25485941,43.7176,35.7271,464,34329,0.274601,0.05,1,171967,171503,464
25497621,30.9176,29.369,454,34574,0.407782,0.03,1,172056,171602,454
25500541,45.967,30.9476,478,34635,0.421113,0.09,1,172112,171634,478
25503461,53.7868,42.979,486,34696,0.426445,0.07,1,172171,171685,486
25518061,44.8461,31.2811,488,35001,0.773797,0.29,2,172403,171915,488
25520981,25.1385,43.7124,448,35061,0.795519,0.33,2,172415,171967,448
25523901,14.2554,24.085,444,35121,0.792208,0.33,2,172422,171978,444
25526821,32.1022,13.234,482,35181,0.778883,0.41,2,172466,171984,482
25529741,30.8409,29.2936,472,35241,0.773553,0.43,2,172496,172024,472
25538501,59.3818,53.7868,506,35421,0.919507,0.49,2,172677,172171,506
25620261,52.6546,46.1706,492,37054,0.0909088,1,1,173833,173341,492
25623181,37.8618,29.2683,502,37111,0.0363635,1,1,173861,173359,502
25626101,29.5447,25.5073,503,37168,0.0445454,1,1,173885,173382,503
25629021,27.4179,10.2029,529,37225,0.0238182,1,1,173911,173382,529
25631941,20.5672,11.2812,533,37282,0.0635273,1,1,173927,173394,533
25634861,15.4269,14.7125,528,37339,0.0554109,1,1,173939,173411,528
25637781,29.5707,20.285,543,37396,0.0521644,1,1,173978,173435,543
25640701,38.8283,43.514,529,37453,0.212866,1,1,174023,173494,529
25658221,40.4838,52.653,456,37789,0.0945621,0,1,174289,173833,456
25661141,29.3935,37.8612,450,37845,0.0678248,0.05,1,174311,173861,450
25664061,26.7574,29.5445,451,37901,0.0451299,0.01,1,174336,173885,451
25666981,18.503,27.4178,438,37957,0.024052,0.09,1,174349,173911,438
25669901,14.0012,20.5671,433,38013,0.0636208,0.05,1,174360,173927,433
25672821,30.2005,15.4268,462,38069,0.0434483,0.05,1,174401,173939,462
25675741,59.4802,29.5707,502,38124,0.0473793,0.32,1,174480,173978,502
25678661,68.1921,38.8283,531,38179,0.0969517,0.71,1,174554,174023,531
25693261,35.3706,48.7096,456,38454,0.0595816,0.03,1,174710,174254,456
25696181,29.7482,40.4838,447,38509,0.0418326,0.05,1,174736,174289,447
25699101,25.0993,29.3935,447,38564,0.0347331,0.03,1,174758,174311,447
25702021,18.4397,26.7574,436,38619,0.0138932,0.01,1,174772,174336,436
25704941,8.57589,18.503,425,38674,0.0115573,0.09,1,174774,174349,425
25707861,10.0304,14.0012,425,38729,0.0346229,0.03,1,174785,174360,425
25710781,26.8121,30.2005,422,38784,0.0318492,0.05,1,174823,174401,422
25713701,58.7249,59.4802,423,38838,0.0307397,0.13,1,174903,174480,423
25716621,70.8899,68.1921,428,38892,0.0662959,0.13,1,174982,174554,428
25731221,32.7342,35.3706,422,39162,0.0617829,0.03,1,175132,174710,422
25734141,29.2937,29.7482,423,39216,0.0307131,0.03,1,175159,174736,423
25737061,24.9175,25.0993,423,39270,0.0542853,0,1,175181,174758,423
25739981,18.367,18.4397,423,39324,0.0397141,0.01,1,175195,174772,423
25742901,8.5468,8.57589,423,39378,0.0158856,0.05,1,175197,174774,423
25745821,10.6187,10.0304,424,39432,0.0483543,0.03,1,175209,174785,424
25748741,25.8475,26.8121,422,39486,0.0373417,0.03,1,175245,174823,422
25751661,58.339,58.7249,422,39539,0.0449367,0.09,1,175325,174903,422
25754581,73.1356,70.8899,426,39592,0.0239747,0.15,1,175408,174982,426
25757501,43.0542,41.556,427,39645,0.0395899,0.15,1,175431,175004,427
25760421,38.8217,38.2224,427,39698,0.0458359,0.09,1,175467,175040,427
25763341,28.7287,29.089,426,39751,0.0723344,0.11,1,175489,175063,426
25766261,33.6915,33.8356,426,39804,0.0949338,0.03,1,175526,175100,426
25769181,30.2766,32.7342,422,39857,0.0559735,0.01,1,175554,175132,422
25772101,28.9106,29.2937,423,39910,0.0403894,0.07,1,175582,175159,423
25775021,24.7643,24.9175,423,39963,0.0581558,0.03,1,175604,175181,423
25777941,17.7057,18.367,422,40016,0.0532623,0,1,175617,175195,422
25780861,8.28228,8.5468,422,40069,0.0513049,0,1,175619,175197,422
25783781,10.5129,3.41872,434,40122,0.026522,0.07,1,175631,175197,434
25786701,25.2052,8.56749,457,40175,0.0106088,0.03,1,175666,175209,457
25789621,58.0821,25.027,501,40228,0.0222435,0.05,1,175746,175245,501
25792541,73.0328,58.0108,504,40280,0.0508974,0.01,1,175829,175325,504
25795461,44.2131,73.0043,446,40332,0.086359,0.05,1,175854,175408,446
25827581,59.1224,25.2052,503,40904,0.0735789,0.03,1,176169,175666,503
25830501,74.649,58.0821,508,40956,0.0594316,0.07,1,176254,175746,508
25833421,46.0596,73.0328,452,41008,0.0657726,0.11,1,176281,175829,452
25836341,41.8238,44.2131,466,41059,0.0923091,0.17,1,176320,175854,466
25883061,35.4908,35.3718,427,41874,0.200675,0.11,1,176808,176381,427
25885981,29.1963,28.5487,428,41924,0.20627,0.15,1,176833,176405,428
25888901,27.8785,27.0195,429,41974,0.220508,0.13,1,176860,176431,429
25891821,24.3514,24.6078,428,42024,0.226203,0.13,1,176882,176454,428
25894741,16.9406,17.0431,428,42074,0.228481,0.13,1,176894,176466,428
25897661,7.97623,8.01725,428,42124,0.205393,0.13,1,176896,176468,428
25900581,10.3905,10.4069,428,42174,0.220157,0.13,1,176908,176480,428
25903501,23.3562,23.3628,428,42224,0.238063,0.13,1,176940,176512,428
25906421,10.5425,10.5451,428,42274,0.245225,0.13,1,176942,176514,428
25909341,50.417,51.618,426,42324,0.23609,0.15,1,177019,176593,426
25912261,71.1668,71.0472,427,42374,0.244436,0.15,1,177104,176677,427
25915181,47.0667,46.4189,428,42424,0.283774,0.13,1,177135,176707,428
25918101,43.4267,42.5676,429,42474,0.29951,0.17,1,177176,176747,429
25921021,31.7707,30.227,431,42524,0.293804,0.23,1,177200,176769,431
25929781,28.3373,27.8785,431,42674,0.284963,0.23,1,177291,176860,431
25935621,17.014,16.9406,431,42772,0.298794,0.19,1,177325,176894,431
25961901,32.1245,41.4907,459,43213,0.417562,0.29,1,177635,177176,459
26055341,29.7637,29.3015,453,44748,0.770473,0.63,2,178625,178172,453
26058261,26.3055,26.1206,453,44795,0.770189,0.63,2,178649,178196,453
26061181,17.7222,17.6482,453,44842,0.794076,0.63,2,178661,178208,453
26064101,8.28887,8.2593,453,44889,0.77963,0.63,2,178663,178210,453
26067021,10.5155,10.5037,453,44936,0.797852,0.65,2,178675,178222,453
26075781,51.913,51.3122,454,45077,0.797222,0.67,2,178791,178337,454
26093301,37.1235,37.5229,456,45359,0.940976,0.75,2,179027,178571,456
26096221,29.8494,29.4092,457,45405,0.94639,0.79,2,179052,178595,457
26099141,31.7398,29.7637,460,45451,0.936556,0.77,2,179085,178625,460
26102061,27.0959,26.3055,460,45497,0.932622,0.81,2,179109,178649,460
26104981,18.0384,17.7222,460,45543,0.907049,0.77,2,179121,178661,460
26107901,8.41534,8.28887,460,45589,0.92082,0.81,2,179123,178663,460
26110821,11.1661,10.5155,461,45635,0.914328,0.81,2,179136,178675,461
26116661,11.1466,11.2825,460,45727,0.901092,0.79,2,179172,178712,460
26119581,53.0586,51.913,462,45773,0.918437,0.83,2,179253,178791,462
26122501,74.0235,72.9652,463,45819,0.937375,0.87,2,179341,178878,463
26125421,48.8094,48.3861,463,45865,0.94495,0.87,2,179373,178910,463
26128341,20.7238,20.5544,463,45911,0.94798,0.87,2,179375,178912,463
26131261,38.2895,8.22177,513,45957,0.949192,0.89,2,179425,178912,513
26303541,59.9126,70.3902,478,48591,0.92008,1,2,181235,180757,478
26321061,25.6028,30.2551,488,48849,0.272843,1,1,181411,180923,488
26326901,24.8565,14.4408,524,48935,0.0904549,1,1,181463,180939,524
26329821,24.3426,28.5763,510,48978,0.042182,1,1,181487,180977,510
26332741,26.537,27.6305,511,49021,0.0588728,1,1,181515,181004,511
26335661,26.2148,26.0522,512,49064,0.0655491,1,1,181541,181029,512
26338581,24.2859,26.6209,508,49107,0.0682196,1,1,181564,181056,508
26341501,26.5144,27.4484,508,49150,0.0692879,0.95,1,181592,181084,508
26344421,20.8057,25.9793,500,49193,0.0817151,1,1,181609,181109,500
26350261,52.2889,22.2767,549,49279,0.0742744,0.87,1,181699,181150,549
26353181,45.5156,59.9107,505,49322,0.0597098,0.79,1,181740,181235,505
26356101,30.2062,50.9643,480,49365,0.0538839,0.63,1,181760,181280,480
26359021,21.6825,35.9857,470,49408,0.0635536,0.51,1,181776,181306,470
26361941,22.473,28.7943,469,49451,0.0434214,0.41,1,181799,181330,469
26364861,20.9892,29.5177,459,49494,0.0593686,0.29,1,181819,181360,459
26367781,19.1957,28.0071,450,49537,0.0417474,0.21,1,181837,181387,450
26370701,22.0783,25.6028,450,49580,0.058699,0.07,1,181861,181411,450
26379461,26.373,24.3426,451,49706,0.0822367,0.07,1,181938,181487,451
26382381,26.7492,26.537,450,49748,0.0748947,0.07,1,181965,181515,450
26385301,24.4997,26.2148,447,49790,0.0839579,0.07,1,181988,181541,447
26394061,15.824,20.8057,439,49916,0.209133,0.13,1,182048,181609,439
26396981,50.7296,16.7223,499,49958,0.221653,0.05,1,182122,181623,499
26399901,44.8918,52.2889,464,50000,0.274661,0.05,1,182163,181699,464
26402821,30.5567,45.5156,444,50042,0.259865,0.05,1,182184,181740,444
26405741,21.2227,30.2062,439,50084,0.265946,0.07,1,182199,181760,439
26408661,22.8891,21.6825,447,50126,0.268378,0.03,1,182223,181776,447
26411581,20.5556,22.473,443,50168,0.281351,0.07,1,182242,181799,443
26414501,19.0223,20.9892,441,50210,0.274541,0.03,1,182260,181819,441
26417421,20.8089,19.1957,445,50252,0.283816,0.07,1,182282,181837,445
26420341,24.5236,22.0783,448,50294,0.299526,0.13,1,182309,181861,448
26432021,25.7846,26.7492,425,50462,0.430692,0.09,1,182390,181965,425
26449541,46.2338,44.8918,435,50714,0.792614,0.25,2,182598,182163,435
26452461,30.4935,30.5567,434,50756,0.791046,0.27,2,182618,182184,434
26469981,24.8758,24.5236,437,51002,0.930825,0.31,2,182746,182309,437
26560501,23.0975,22.6138,515,52267,0.934,1,2,183635,183120,515
26615981,314.736,333.498,486,23360,0.44344,1,1,184169,183683,486
26618901,139.694,153.199,476,24178,0.219376,0.73,1,184192,183716,476
26624741,66.1511,84.7519,460,24353,0.0483002,0.21,1,184301,183841,460
26630581,88.1042,111.72,452,24527,0.443328,0.03,1,184483,184031,452
26636421,42.2967,62.1552,433,24699,0.285732,0.01,1,184566,184133,433
26639341,31.3187,38.6621,434,24785,0.240293,0.07,1,184590,184156,434
26642261,26.9275,37.0648,422,24871,0.258117,0.03,1,184614,184192,422
26645181,48.571,50.8259,425,24956,0.217247,0.01,1,184677,184252,425
26651021,86.2514,72.6922,447,25126,0.0767595,0.53,1,184836,184389,447
26653941,92.1005,85.4769,449,25210,0.0607038,0.27,1,184932,184483,449
26656861,64.4402,70.1907,435,25294,0.0302815,0.25,1,184978,184543,435
26659781,38.9761,41.8763,434,25378,0.0421126,0.21,1,185000,184566,434
26662701,31.1904,31.1505,436,25461,0.034845,0.21,1,185026,184590,436
26665621,25.0762,12.4602,457,25544,0.043938,0.27,1,185047,184590,457
26668541,44.8305,19.3841,491,25627,0.0355752,0.19,1,185105,184614,491
26671461,42.5322,45.5536,469,25710,0.0682301,0.05,1,185146,184677,469
26674381,83.6129,46.4215,533,25792,0.069292,0.05,1,185257,184724,533
26677301,91.0452,85.7686,517,25874,0.0697168,0.05,1,185353,184836,517
26700661,91.9253,83.6126,521,26522,0.232895,0.07,1,185778,185257,521
26703581,65.5701,91.045,473,26602,0.267158,0.13,1,185826,185353,473
26706501,39.428,64.018,449,26682,0.280863,0.15,1,185848,185399,449
26709421,31.3712,39.4072,452,26761,0.298345,0.11,1,185874,185422,452
26802861,90.2592,41.7522,573,29186,0.758319,0.61,2,187459,186886,573
26817461,26.0523,32.3437,477,29547,0.923154,0.73,2,187687,187210,477
26820381,11.6209,24.9375,459,29619,0.939262,0.73,2,187689,187230,459
26823301,43.0484,11.175,521,29690,0.945705,0.73,2,187753,187232,521
26829141,91.1277,41.148,582,29832,0.942113,0.77,2,187918,187336,582
26832061,37.6511,90.2592,461,29903,0.934845,0.83,2,187920,187459,461
26925501,66.0402,68.6297,537,32089,0.225624,1,1,189502,188965,537
26928421,42.6161,62.2519,506,32155,0.204249,1,1,189529,189023,506
26948861,37.5561,85.0034,461,32613,0.204648,0.41,1,189793,189332,461
26951781,65.4225,46.0013,525,32678,0.207859,0.27,1,189877,189352,525
26954701,58.569,70.6005,492,32743,0.233144,0.13,1,189931,189439,492
26957621,24.6276,66.0402,431,32808,0.243258,0.19,1,189933,189502,431
26960541,24.251,42.6161,428,32872,0.271303,0.13,1,189957,189529,428
26978061,70.5718,69.8903,432,33256,0.419078,0.21,1,190209,189777,432
26980981,38.4287,37.5561,433,33320,0.449631,0.21,1,190226,189793,433
27010181,72.4765,70.5718,444,33949,0.755657,0.47,2,190653,190209,444
27013101,38.5906,38.4287,443,34011,0.764263,0.51,2,190669,190226,443
27018941,60.7745,59.6686,446,34135,0.766682,0.53,2,190811,190365,446
27021861,25.5098,25.0674,446,34197,0.780673,0.53,2,190813,190367,446
27024781,27.6039,26.227,448,34259,0.774269,0.53,2,190842,190394,448
27030621,30.4566,19.7963,481,34383,0.785083,0.59,2,190901,190420,481
27042301,73.2021,40.03,551,34627,0.917938,0.77,2,191110,190559,551
27045221,38.8808,72.412,473,34688,0.937175,0.77,2,191126,190653,473
27170781,233.194,191.163,580,16192,0.226,0.67,1,193025,192445,580
27173701,157.477,188.065,501,16323,0.0904,0.45,1,193132,192631,501
27176621,112.191,138.826,477,16453,0.05416,0.21,1,193214,192737,477
27179541,73.0764,105.93,440,16582,0.051664,0.21,1,193261,192821,440
27182461,37.6306,53.7722,435,16710,0.0506656,0.15,1,193275,192840,435
27185381,118.252,32.3089,589,16837,0.0502662,0.05,1,193447,192858,589
27188301,112.101,113.124,530,16963,0.0261065,0,1,193555,193025,530
27191221,93.4404,109.449,504,17088,0.0284426,0.03,1,193636,193132,504
27194141,64.9761,92.9798,468,17212,0.053377,0.05,1,193682,193214,468
27197061,34.3905,65.3919,435,17335,0.0393508,0.05,1,193696,193261,435
27199981,117.556,34.5568,594,17457,0.0457403,0.05,1,193869,193275,594
27202901,111.822,117.023,530,17579,0.0482961,0.01,1,193977,193447,530
27205821,94.529,111.609,505,17700,0.0613185,0.03,1,194060,193555,505
27208741,64.2116,93.2436,468,17820,0.0785274,0.07,1,194104,193636,468
27211661,34.0846,64.8975,436,17939,0.0854109,0.03,1,194118,193682,436
27214581,118.034,34.359,596,18057,0.0881644,0.05,1,194292,193696,596
27217501,48.4135,117.544,425,18175,0.0892657,0.05,1,194294,193869,425
27229181,31.2682,34.0843,424,18638,0.0854692,0.09,1,194542,194118,424
27240861,84.1909,84.4262,425,19089,0.219772,0.11,1,194911,194486,425
27243781,60.0763,60.1705,425,19200,0.249909,0.07,1,194955,194530,425
27246701,31.2305,31.2682,425,19311,0.237964,0.11,1,194967,194542,425
27249621,118.692,118.107,426,19421,0.281185,0.11,1,195144,194718,426
27252541,48.6769,48.4429,426,19530,0.298474,0.17,1,195146,194720,426
27267141,121.21,28.0442,613,20067,0.415117,0.31,1,195580,194967,613
27270061,49.6839,117.418,438,20173,0.436047,0.31,1,195582,195144,438
27305101,122.066,124.427,455,21402,0.759389,0.71,2,196479,196024,455
27310941,89.0105,88.1884,457,21600,0.794702,0.71,2,196596,196139,457
27319701,44.9127,43.6601,459,21893,0.914621,0.75,2,196739,196280,459
27322621,25.1651,24.664,459,21990,0.911848,0.77,2,196751,196292,459
27325541,121.666,122.066,458,22086,0.934739,0.73,2,196937,196479,458
27328461,49.8664,50.0262,458,22182,0.943896,0.83,2,196939,196481,458
27401461,47.0743,48.4523,479,24460,0.916,1,2,198588,198109,479
27418981,74.1675,78.9645,477,24975,0.0855881,1,1,198947,198470,477
27421901,84.867,92.1858,468,25060,0.0642352,0.86,1,199039,198571,468
27424821,44.1468,47.0743,468,25145,0.0256941,0.79,1,199056,198588,468
27427741,41.6587,48.8297,458,25229,0.0642776,0.79,1,199096,198638,458
27430661,29.2635,32.7319,457,25313,0.0557111,0.67,1,199117,198660,457
27433581,23.1054,27.4928,452,25397,0.0282844,0.07,1,199136,198684,452
27436501,83.6422,102.797,423,25480,0.0293138,0.07,1,199260,198837,423
27439421,46.6569,41.1188,445,25563,0.0297255,0.01,1,199282,198837,445
27442341,72.6627,30.2475,512,25646,0.0178902,0.05,1,199372,198860,512
27445261,81.8651,64.299,513,25729,0.0611561,0.05,1,199460,198947,513
27448181,42.946,80.9196,438,25811,0.0784624,0,1,199477,199039,438
27451101,41.7784,42.5678,462,25893,0.037385,0.09,1,199518,199056,462
27454021,29.3114,41.0271,443,25975,0.014954,0.05,1,199539,199096,443
27456941,22.5245,29.0109,440,26057,0.0359816,0.01,1,199557,199117,440
27465701,72.4336,46.6407,512,26300,0.0565428,0.01,1,199794,199282,512
27468621,84.1734,72.6563,514,26381,0.0286171,0.09,1,199886,199372,514
27471541,42.6694,81.8625,441,26461,0.0294468,0.09,1,199901,199460,441
27474461,41.0677,42.945,464,26541,0.0297787,0.01,1,199941,199477,464
27477381,29.0271,41.778,444,26621,0.0299115,0,1,199962,199518,444
27480301,23.0108,29.3112,442,26701,0.0419646,0.05,1,199981,199539,442
27483221,89.0043,22.5245,557,26780,0.0707858,0.19,1,200114,199557,557
27486141,45.2017,85.2098,446,26859,0.0823143,0.15,1,200130,199684,446
27489061,19.2807,46.0839,428,26938,0.0869257,0,1,200132,199704,428
27491981,58.7123,72.4336,423,27017,0.0767703,0.01,1,200217,199794,423
27494901,78.6849,84.1734,423,27095,0.0607081,0.03,1,200309,199886,423
27497821,40.474,42.6694,423,27173,0.0782833,0.03,1,200324,199901,423
27503661,28.6758,29.0271,423,27329,0.0977253,0.05,1,200385,199962,423
27509501,90.7481,89.0043,426,27483,0.288036,0.09,1,200540,200114,426
27527021,42.2655,40.1896,427,27942,0.401782,0.09,1,200791,200364,427
27529941,28.9062,28.6758,426,28018,0.430713,0.11,1,200811,200385,426
27532861,22.3625,22.8703,425,28094,0.418285,0.41,1,200829,200404,425
27562061,102.045,22.0121,596,28839,0.774251,0.49,2,201425,200829,596
27570821,60.1469,20.9448,531,29058,0.917152,0.57,2,201529,200998,531
27661341,48.8459,42.0849,500,31236,0.9436,1,2,203089,202589,500
27675941,80.7331,24.5068,620,31573,0.223867,1,1,203310,202690,620
27681781,44.5973,62.1211,511,31707,0.0610188,1,1,203394,202883,511
27684701,35.2389,44.6484,507,31774,0.0544075,1,1,203423,202916,507
27687621,77.6956,44.2594,569,31841,0.039763,0.99,1,203529,202960,569
27690541,44.8782,77.1038,493,31907,0.0819052,0.91,1,203552,203059,493
27693461,29.9513,48.8415,483,31973,0.0987621,0.78,1,203572,203089,483
27696381,23.9805,35.1366,477,32039,0.0575048,0.61,1,203592,203115,477
27699301,23.9922,31.4546,472,32105,0.0650019,0.55,1,203616,203144,472
27702221,19.1969,27.5819,463,32171,0.0920008,0.45,1,203632,203169,463
27705141,67.0788,24.8327,539,32237,0.0548003,0.03,1,203731,203192,539
27710981,42.4126,63.4932,453,32368,0.0915681,0.03,1,203815,203362,453
27713901,35.565,44.5973,452,32433,0.0426272,0.05,1,203846,203394,452
27716821,78.426,35.2389,530,32498,0.0350509,0.03,1,203953,203423,530
27719741,46.3704,77.6956,449,32563,0.0320204,0.11,1,203978,203529,449
27722661,29.3482,44.8782,444,32628,0.0668081,0.11,1,203996,203552,444
27725581,23.1393,29.9513,443,32693,0.0807233,0.03,1,204015,203572,443
27737261,63.506,67.0788,422,32951,0.0750745,0.27,1,204153,203731,422
27740181,58.4024,58.0315,425,33015,0.0480298,0.03,1,204208,203783,425
27743101,40.761,42.4126,422,33079,0.0372119,0.01,1,204237,203815,422
27746021,35.5044,35.565,423,33143,0.0208848,0.03,1,204269,203846,423
27748941,78.4018,78.426,423,33207,0.0383539,0.03,1,204376,203953,423
27751861,48.1607,46.3704,426,33271,0.0333416,0.09,1,204404,203978,426
27754781,28.8643,29.3482,424,33335,0.0553366,0.09,1,204420,203996,424
27757701,24.7457,23.1393,427,33398,0.0521346,0.17,1,204442,204015,427
27760621,24.8983,23.6557,428,33461,0.0988539,0.13,1,204467,204039,428
27772301,56.9942,58.4024,422,33713,0.0596027,0.03,1,204630,204208,422
27775221,40.1977,40.761,422,33776,0.0418411,0.01,1,204659,204237,422
27778141,35.2791,35.5044,422,33839,0.0227364,0.05,1,204691,204269,422
27781061,78.9116,78.4018,423,33901,0.0270946,0.03,1,204799,204376,423
27783981,47.7647,48.1607,422,33963,0.0408378,0.07,1,204826,204404,422
27786901,29.9059,28.8643,424,34025,0.0463351,0.05,1,204844,204420,424
27789821,25.1623,24.7457,424,34087,0.0245341,0.13,1,204866,204442,424
27792741,26.2649,24.8983,426,34149,0.0278136,0.13,1,204893,204467,426
27795661,11.706,11.1593,426,34211,0.0291254,0.13,1,204895,204469,426
27798581,13.0824,4.46373,440,34273,0.0536502,0.13,1,204909,204469,440
27801501,57.433,10.7855,512,34335,0.0874601,0.09,1,204996,204484,512
27804421,56.5732,58.9142,477,34397,0.064984,0.03,1,205052,204575,477
27807341,39.4293,56.5657,450,34458,0.0679936,0.03,1,205080,204630,450
27810261,34.9717,40.0263,453,34519,0.0451974,0.01,1,205112,204659,453
27813181,79.3887,35.2105,530,34580,0.072079,0.03,1,205221,204691,530
27816101,47.3555,78.8842,448,34641,0.0828316,0.05,1,205247,204799,448
27819021,29.7422,47.7537,439,34702,0.0991326,0.05,1,205265,204826,439
27842381,34.1207,39.4293,453,35186,0.0508171,0.03,1,205533,205080,453
27845301,81.4483,34.9717,534,35246,0.0383268,0.09,1,205646,205112,534
27848221,48.7793,79.3887,452,35306,0.0213307,0.09,1,205673,205221,452
27851141,30.3117,47.3555,444,35366,0.0385323,0.11,1,205691,205247,444
27854061,26.5247,29.7422,450,35426,0.0214129,0.15,1,205715,205265,450
27856981,29.2099,25.0969,459,35486,0.0385652,0.17,1,205746,205287,459
27859901,12.8839,28.0387,431,35546,0.0454261,0.17,1,205748,205317,431
27862821,14.7536,12.4155,445,35605,0.0481704,0.19,1,205764,205319,445
27865741,59.3014,13.9662,519,35664,0.0852682,0.21,1,205853,205334,519
27877421,30.8029,34.1207,423,35900,0.0695269,0.03,1,205956,205533,423
27880341,80.1212,81.4483,423,35959,0.0458107,0.01,1,206069,205646,423
27883261,48.8485,48.7793,424,36018,0.0843243,0.05,1,206097,205673,424
27886181,30.3394,30.3117,424,36077,0.0997297,0.01,1,206115,205691,424
27909541,27.6624,27.5073,428,36542,0.200137,0.01,1,206351,205923,428
27915381,79.306,80.1212,423,36658,0.0980219,0.11,1,206492,206069,423
27918301,49.7224,48.8485,425,36716,0.0692088,0.11,1,206522,206097,425
27921221,31.289,30.3394,426,36774,0.0696835,0.13,1,206541,206115,426
27924141,26.3156,25.9358,426,36831,0.0578734,0.13,1,206564,206138,426
27927061,29.7262,29.5743,426,36888,0.0531494,0.13,1,206596,206170,426
27929981,13.0905,13.0297,426,36945,0.0512597,0.11,1,206598,206172,426
27932901,15.4362,14.8119,427,37002,0.0625039,0.19,1,206615,206188,427
27970861,65.9253,15.43,522,37737,0.236906,0.17,1,207137,206615,522
27973781,27.5701,63.172,429,37793,0.256762,0.17,1,207139,206710,429
27976701,40.428,26.4688,476,37849,0.264705,0.13,1,207188,206712,476
27979621,28.1712,39.3875,448,37905,0.279882,0.15,1,207208,206760,448
27982541,25.0685,27.755,451,37961,0.285953,0.15,1,207231,206780,451
27997141,30.4957,25.9565,462,38238,0.291322,0.19,1,207449,206987,462
28000061,13.3983,29.5826,432,38293,0.278529,0.19,1,207451,207019,432
28002981,16.1593,13.033,448,38348,0.273411,0.19,1,207469,207021,448
28005901,67.6637,14.8132,534,38403,0.283365,0.27,1,207571,207037,534
28008821,28.2655,65.9253,436,38458,0.299346,0.27,1,207573,207137,436
28026341,48.4802,49.371,438,38788,0.425037,0.31,1,207810,207372,438
28029261,31.3921,32.3484,437,38842,0.428015,0.33,1,207830,207393,437
28099341,75.3266,8.0345,563,40126,0.797184,0.65,2,208671,208108,563
28119781,70.5752,17.3004,560,40492,0.909262,0.73,2,208910,208350,560
28122701,29.4301,69.9202,457,40544,0.933705,0.69,2,208912,208455,457
28125621,45.372,29.1681,511,40596,0.943482,0.73,2,208968,208457,511
28128541,30.1488,44.0672,477,40648,0.947393,0.75,2,208988,208511,477
28131461,13.2595,30.2269,458,40700,0.948957,0.75,2,208990,208532,458
28134381,22.1038,13.2908,484,40752,0.949583,0.75,2,209018,208534,484
28385501,68.664,71.9601,482,21367,0.928,1,2,213050,212568,482
28397181,48.3706,49.1222,480,21761,0.0787168,1,1,213290,212810,480
28400101,49.9482,40.6489,496,21858,0.0314867,1,1,213341,212845,496
28403021,105.779,117.66,470,21955,0.0425947,0.88,1,213484,213014,470
28405941,60.3117,68.6638,464,22052,0.0350379,0.45,1,213514,213050,464
28408861,64.3247,79.6655,444,22148,0.0320151,0.33,1,213581,213137,444
28411781,42.5299,54.0662,435,22244,0.0188061,0,1,213609,213174,435
28414701,60.2119,71.4265,424,22339,0.0135224,0.01,1,213681,213257,424
28417621,43.2848,48.3706,423,22434,0.023409,0,1,213713,213290,423
28420541,49.1139,49.9482,425,22529,0.0273636,0,1,213766,213341,425
28423461,103.646,19.9793,565,22623,0.0289454,0.05,1,213906,213341,565
28426381,58.8582,93.7917,451,22717,0.0415782,0.03,1,213935,213484,451
28429301,64.3433,55.5167,489,22810,0.0346313,0.03,1,214003,213514,489
28432221,41.9373,62.4067,449,22903,0.0318525,0.01,1,214030,213581,449
28435141,59.9749,41.7627,493,22996,0.012741,0.01,1,214102,213609,493
28438061,43.19,59.9051,453,23088,0.0350964,0.03,1,214134,213681,453
28440981,49.076,43.162,474,23180,0.0320386,0.03,1,214187,213713,474
28443901,105.43,49.0648,564,23271,0.0188154,0.03,1,214330,213766,564
28446821,57.7722,103.626,450,23362,0.0375262,0.05,1,214356,213906,450
28449741,64.5089,58.8504,490,23453,0.0450105,0.03,1,214425,213935,490
28452661,41.4035,64.3401,448,23543,0.0360042,0.03,1,214451,214003,448
28455581,60.3614,41.9361,494,23633,0.0144017,0,1,214524,214030,494
28458501,42.7446,59.9744,453,23723,0.0717607,0.05,1,214555,214102,453
28461421,48.8978,43.1898,474,23812,0.0467043,0.03,1,214608,214134,474
28464341,105.959,49.0759,565,23901,0.0186817,0.01,1,214752,214187,565
28467261,43.5836,105.43,424,23990,0.0254727,0.05,1,214754,214330,424
28470181,31.8335,57.7721,422,24078,0.0521891,0.05,1,214778,214356,422
28473101,55.9334,64.5089,425,24166,0.0508756,0.03,1,214850,214425,425
28476021,36.7734,41.4035,423,24254,0.0863502,0,1,214874,214451,423
28478941,59.1093,60.3614,424,24341,0.0405401,0.11,1,214948,214524,424
28481861,44.0437,42.7446,427,24428,0.022216,0.03,1,214982,214555,427
28484781,47.0175,48.8978,423,24515,0.0148864,0,1,215031,214608,423
28487701,105.207,105.959,423,24601,0.0239546,0.03,1,215175,214752,423
28490621,43.2828,43.5836,423,24687,0.00958183,0.07,1,215177,214754,423
28493541,31.7131,31.8335,423,24773,0.00983273,0.05,1,215201,214778,423
28496461,57.0852,55.9334,425,24859,0.0219331,0.11,1,215275,214850,425
28499381,37.2341,36.7734,425,24944,0.0267732,0.01,1,215299,214874,425
28502301,57.4936,59.1093,422,25029,0.0107093,0.01,1,215370,214948,422
28505221,43.9975,44.0437,423,25114,0.0222837,0.01,1,215405,214982,423
28508141,46.399,47.0175,422,25198,0.0389135,0.03,1,215453,215031,422
28511061,104.96,105.207,422,25282,0.0575654,0,1,215597,215175,422
28513981,43.1838,43.2828,422,25366,0.0650262,0.01,1,215599,215177,422
28516901,31.6735,31.7131,422,25450,0.0440105,0.01,1,215623,215201,422
28519821,57.0694,12.6852,496,25533,0.0356042,0.03,1,215697,215201,496
28522741,37.2278,49.4741,446,25616,0.0322417,0.03,1,215721,215275,446
28525661,56.8911,34.1896,492,25699,0.0188967,0,1,215791,215299,492
28528581,43.7564,56.2759,456,25781,0.0255587,0.03,1,215826,215370,456
28531501,46.3026,43.5103,469,25863,0.0522235,0.05,1,215874,215405,469
28534421,105.521,46.2041,566,25945,0.0748894,0.07,1,216019,215453,566
28537341,43.4084,104.882,424,26027,0.0839558,0.07,1,216021,215597,424
28543181,55.7853,31.6611,495,26189,0.0986329,0.03,1,216118,215623,495
28546101,37.3141,57.0644,446,26270,0.0694532,0.03,1,216143,215697,446
28549021,56.3257,37.2258,491,26351,0.0457813,0.01,1,216212,215721,491
28551941,44.1303,56.8903,457,26431,0.0363125,0.03,1,216248,215791,457
28554861,47.6521,43.7561,472,26511,0.080525,0.07,1,216298,215826,472
28578221,41.1406,44.1303,424,27143,0.200985,0.11,1,216672,216248,424
28584061,107.502,106.661,428,27299,0.263758,0.13,1,216872,216444,428
28586981,44.201,43.8643,428,27377,0.267503,0.17,1,216874,216446,428
28589901,36.2804,34.9457,430,27454,0.281001,0.15,1,216905,216475,430
28592821,55.3122,54.1783,431,27531,0.2984,0.19,1,216973,216542,431
28610341,109.547,107.502,435,27989,0.406959,0.27,1,217307,216872,435
28613261,45.0189,44.201,435,28065,0.420783,0.29,1,217309,216874,435
28633701,48.8839,39.6518,492,28588,0.44775,0.39,1,217595,217103,492
28668741,39.4357,45.5014,480,29464,0.788109,0.49,2,218229,217749,480
28843941,65.1851,60.2234,504,33499,0.413036,1,1,221085,220581,504
28852701,33.4998,41.7023,488,33688,0.0828343,1,1,221170,220682,488
28855621,30.1999,37.6809,481,33751,0.0331337,0.98,1,221198,220717,481
28858541,34.88,33.0724,489,33814,0.0312535,0.95,1,221236,220747,489
28861461,35.552,31.2289,495,33877,0.0785014,1,1,221272,220777,495
28864381,31.0208,32.2916,490,33939,0.0494006,0.83,1,221300,220810,490
28867301,30.4083,43.5166,469,34001,0.0377602,0.77,1,221330,220861,469
28870221,29.5633,35.4067,468,34063,0.0331041,0.45,1,221359,220891,468
28873141,90.4253,108.963,441,34125,0.0432416,0.29,1,221490,221049,441
28876061,52.3701,65.1851,432,34187,0.0352967,0.25,1,221517,221085,432
28878981,34.1481,42.874,426,34249,0.0921187,0.25,1,221539,221113,426
28881901,26.2592,17.1496,447,34311,0.0428475,0.11,1,221560,221113,447
28884821,30.9037,19.4598,460,34373,0.023139,0.01,1,221594,221134,460
28887741,28.5615,29.3839,451,34435,0.00925559,0,1,221621,221170,451
28890661,33.6246,28.5536,460,34496,0.0337022,0.03,1,221658,221198,460
28893581,38.0498,34.2214,463,34557,0.0914809,0.11,1,221699,221236,463
28896501,30.8199,35.2886,453,34618,0.0425924,0.03,1,221725,221272,453
28899421,27.928,30.9154,451,34679,0.0350369,0.03,1,221751,221300,451
28902341,28.5712,30.3662,450,34740,0.0200148,0.03,1,221780,221330,450
28905261,90.0285,29.5465,552,34801,0.0260059,0.05,1,221911,221359,552
28908181,54.0114,90.4186,451,34862,0.0404024,0.03,1,221941,221490,451
28911101,34.2046,52.3674,445,34923,0.0221609,0.13,1,221962,221517,445
28914021,26.2818,34.147,444,34984,0.0268644,0.01,1,221983,221539,444
28916941,30.9127,26.2588,457,35044,0.0167458,0.01,1,222017,221560,457
28919861,27.9651,30.9035,449,35104,0.0066983,0,1,222043,221594,449
28922781,33.386,28.5614,459,35164,0.0206793,0.05,1,222080,221621,459
28925701,38.5544,33.6246,464,35224,0.0502717,0.13,1,222122,221658,464
28928621,30.4218,38.0498,448,35284,0.0261087,0.01,1,222147,221699,448
28931541,28.9687,30.8199,450,35344,0.0284435,0.03,1,222175,221725,450
28934461,27.7875,27.928,451,35404,0.0413774,0.01,1,222202,221751,451
28937381,89.715,28.5712,553,35464,0.034551,0.03,1,222333,221780,553
28940301,53.286,90.0285,451,35524,0.0318204,0.05,1,222362,221911,451
28943221,35.1144,54.0114,444,35584,0.0547282,0.01,1,222385,221941,444
28946141,26.0458,34.2046,443,35643,0.0518913,0.03,1,222405,221962,443
28949061,11.6183,26.2818,424,35702,0.0507565,0.01,1,222407,221983,424
28951981,24.4473,30.9127,423,35761,0.0863026,0,1,222440,222017,423
28954901,25.3789,27.9651,423,35820,0.034521,0.03,1,222466,222043,423
28957821,31.7516,33.386,422,35879,0.0318084,0.07,1,222502,222080,422
28960741,39.7006,38.5544,425,35938,0.0547234,0.01,1,222547,222122,425
28963661,29.6803,30.4218,423,35997,0.0518893,0.03,1,222570,222147,423
28966581,28.6721,28.9687,423,36056,0.0267557,0.05,1,222598,222175,423
28969501,28.2688,27.7875,424,36115,0.0167023,0.03,1,222626,222202,424
28972421,89.9075,89.715,424,36174,0.0126809,0.03,1,222757,222333,424
28975341,52.763,53.286,423,36232,0.0350724,0.07,1,222785,222362,423
28978261,36.7052,35.1144,426,36290,0.0560289,0.05,1,222811,222385,426
28981181,26.0821,26.0458,425,36348,0.0764116,0.05,1,222830,222405,425
28984101,11.6328,11.6183,425,36406,0.0845646,0.11,1,222832,222407,425
28992861,31.0325,31.7516,422,36580,0.0862921,0.07,1,222924,222502,422
28995781,40.013,39.7006,423,36638,0.0405169,0.05,1,222970,222547,423
28998701,29.2052,29.6803,422,36696,0.0582067,0.01,1,222992,222570,422
29001621,28.4821,28.6721,422,36754,0.0532827,0.01,1,223020,222598,422
29004541,28.1928,28.2688,422,36811,0.0633131,0.01,1,223048,222626,422
29007461,89.8771,89.9075,422,36868,0.0313252,0.05,1,223179,222757,422
29010381,53.3509,52.763,423,36925,0.0305301,0.07,1,223208,222785,423
29013301,38.1403,36.7052,425,36982,0.054212,0.09,1,223236,222811,425
29016221,26.0561,26.0821,424,37039,0.0636848,0.09,1,223254,222830,424
29019141,11.6225,11.6328,424,37096,0.0674739,0.13,1,223256,222832,424
29024981,22.4996,9.78125,447,37210,0.0959958,0.11,1,223312,222865,447
29030821,39.1199,28.685,467,37324,0.0693593,0.01,1,223391,222924,467
29033741,30.048,39.074,445,37381,0.0817437,0.07,1,223415,222970,445
29039581,26.7677,28.3318,449,37494,0.086279,0.07,1,223469,223020,449
29054181,11.8863,26.0546,425,37774,0.0948003,0.07,1,223679,223254,425
29057101,27.5545,11.6218,461,37830,0.0679201,0.13,1,223717,223256,461
29060021,23.6218,26.2487,446,37886,0.045168,0.09,1,223738,223292,446
29062941,29.2487,22.4995,459,37942,0.0720672,0.15,1,223771,223312,459
29065861,37.4995,28.7998,469,37998,0.0948269,0.03,1,223814,223345,469
29080461,53.761,89.3071,456,38275,0.239253,0.15,1,224056,223600,456
29083381,38.3044,53.7228,454,38330,0.257701,0.11,1,224084,223630,454
29086301,26.1218,38.2891,444,38385,0.27708,0.09,1,224102,223658,444
29089221,11.6487,26.7157,427,38440,0.284832,0.09,1,224104,223677,427
29092141,26.2595,11.8863,461,38495,0.287933,0.05,1,224140,223679,461
29106741,27.8228,30.5998,427,38770,0.403374,0.13,1,224267,223840,427
29109661,29.7291,29.6399,429,38824,0.41935,0.15,1,224298,223869,429
29112581,26.2917,26.256,429,38878,0.42574,0.23,1,224322,223893,429
29115501,93.9167,90.9024,434,38932,0.440296,0.27,1,224461,224027,434
29121341,39.0267,38.3044,435,39040,0.441247,0.29,1,224519,224084,435
29182661,29.2159,13.0364,476,40162,0.758764,0.63,2,225159,224683,476
29185581,30.2864,20.8146,481,40215,0.789506,0.61,2,225190,224709,481
29229381,97.8231,26.5145,606,40996,0.948919,0.85,2,225820,225214,606
29372461,31.2147,21.8754,531,43446,0.91,1,2,227457,226926,531
29375381,28.0859,25.5502,529,43495,0.928,1,2,227483,226954,529
29420641,322.634,360.02,465,18980,0.4012,0.69,1,228002,227537,465
29435241,57.7473,70.782,447,20242,0.0793243,0.07,1,228374,227927,447
29438161,41.0989,54.1128,434,20347,0.0857297,0.05,1,228404,227970,434
29441081,71.6396,40.8451,494,20451,0.0762919,0,1,228496,228002,494
29461521,60.4043,71.1779,424,21167,0.212136,0.17,1,228920,228496,424
29464441,115.962,116.671,430,21267,0.282855,0.15,1,229073,228643,430
29473201,54.3896,53.931,430,21565,0.408103,0.19,1,229227,228797,430
29476121,41.5558,40.7724,431,21663,0.433241,0.19,1,229260,228829,431
29479041,17.8223,17.509,431,21761,0.443296,0.23,1,229262,228831,431
29481961,60.5289,60.4036,431,21858,0.435319,0.33,1,229351,228920,431
29528681,83.6681,118.939,510,23362,0.794102,0.63,2,230462,229952,510
29540361,18.8843,43.096,458,23723,0.903577,0.71,2,230607,230149,458
29543281,62.7537,18.4384,548,23812,0.931431,0.69,2,230699,230151,548
29595841,61.7041,50.6897,502,25366,0.9184,1,2,231836,231334,502
29601681,49.5927,24.4304,532,25533,0.938944,1,2,231934,231402,532
29610441,39.4859,43.0355,506,25781,0.936092,1,2,232058,231552,506
29622121,45.022,61.6441,512,26108,0.786924,1,2,232348,231836,512
29633801,42.111,40.2133,514,26431,0.917217,0.9,2,232533,232019,514
29636721,48.0444,39.4853,527,26511,0.936887,1,2,232585,232058,527
29727241,52.4166,44.7477,529,28883,0.901648,1,2,234302,233773,529
29733081,37.4267,41.5996,502,29029,0.798264,1,2,234369,233867,502
29736001,26.3707,32.8399,494,29102,0.781305,1,2,234388,233894,494
29738921,31.5483,22.7359,513,29175,0.750522,1,2,234423,233910,513
29747681,66.8911,120.759,504,29392,0.425553,1,1,234681,234177,504
29756441,36.513,52.4166,492,29608,0.282355,0.85,1,234794,234302,492
29759361,33.8052,39.5666,493,29679,0.262942,0.75,1,234826,234333,493
29762281,23.1221,37.4267,473,29750,0.243177,0.77,1,234842,234369,473
29838201,45.583,60.8974,481,31547,0.769805,0.59,2,236050,235569,481
29841121,48.2332,44.159,498,31614,0.793922,0.59,2,236100,235602,498
29861561,116.972,40.6093,620,32079,0.945862,0.71,2,236445,235825,620
29955001,121.647,124.839,486,34125,0.9412,1,2,237884,237398,486
29987121,118.808,32.5998,650,34801,0.935473,0.91,2,238353,237703,650
30175461,69.7643,81.7954,448,17896,0.77238,0.61,2,241351,240903,448
30185681,65.986,135.812,459,18366,0.784269,0.73,2,241668,241209,459
30188601,65.9944,56.1249,522,18482,0.787708,0.77,2,241734,241212,522
30197361,46.9436,66.592,490,18824,0.900253,0.75,2,241906,241416,490
30264521,60.3026,62.5836,490,21364,0.922,1,2,243704,243214,490
30279121,42.773,44.6415,485,21855,0.0870765,1,1,244068,243583,485
30282041,49.5092,50.2566,485,21952,0.0348306,0.87,1,244122,243637,485
30284961,51.0037,60.3026,470,22049,0.0439322,0.77,1,244174,243704,470
30287881,55.8015,67.3211,457,22145,0.0595729,0.57,1,244233,243776,457
30290801,40.3206,50.3284,448,22241,0.0298292,0.07,1,244263,243815,448
30293721,119.928,138.331,424,22336,0.0419317,0.03,1,244436,244012,424
30296641,68.9713,76.9325,423,22431,0.0947727,0.05,1,244471,244048,423
30299561,39.5885,42.773,423,22526,0.0679091,0.05,1,244491,244068,423
30302481,47.6354,17.1092,476,22620,0.0451636,0,1,244544,244068,476
30305401,50.8542,39.2437,475,22714,0.0360654,0.05,1,244597,244122,475
30308321,55.7417,46.8975,482,22807,0.0444262,0.07,1,244656,244174,482
30311241,39.0967,54.159,451,22900,0.0597705,0.01,1,244684,244233,451
30314161,119.439,39.6636,594,22993,0.0539082,0.05,1,244857,244263,594
30317081,68.7755,119.665,456,23085,0.0635633,0.13,1,244892,244436,456
30320001,40.7102,68.8662,443,23177,0.0434253,0.05,1,244914,244471,443
30322921,48.0841,39.5465,476,23268,0.0593701,0.03,1,244967,244491,476
30325841,51.0336,47.6186,476,23359,0.029748,0.03,1,245020,244544,476
30328761,55.8135,50.8474,482,23450,0.0538992,0.05,1,245079,244597,482
30331681,39.7254,55.739,452,23540,0.0515597,0.07,1,245108,244656,452
30334601,118.49,39.0956,595,23630,0.0266239,0.05,1,245279,244684,595
30337521,68.3961,119.438,457,23720,0.0286495,0.07,1,245314,244857,457
30340441,40.5584,68.7753,444,23809,0.0294598,0.03,1,245336,244892,444
30343361,48.0234,40.7101,475,23898,0.0537839,0.07,1,245389,244914,475
30346281,51.0093,48.084,475,23987,0.0515136,0.01,1,245442,244967,475
30349201,21.6037,51.0336,424,24075,0.0506054,0.07,1,245444,245020,424
30352121,44.6415,55.8134,425,24163,0.0622422,0.05,1,245504,245079,425
30355041,35.2566,39.7254,425,24251,0.0548969,0.01,1,245533,245108,425
30357961,114.903,118.49,422,24338,0.0639587,0.03,1,245701,245279,422
30360881,67.5611,68.3961,423,24425,0.0435835,0.03,1,245737,245314,423
30363801,40.8244,40.5584,424,24512,0.0474334,0.07,1,245760,245336,424
30366721,48.7298,48.0234,425,24598,0.0849734,0.05,1,245814,245389,425
30384241,66.7199,67.5611,423,25111,0.228504,0.05,1,246160,245737,423
30387161,41.688,40.8244,425,25195,0.229401,0.11,1,246185,245760,425
30390081,50.2752,48.7298,427,25279,0.265761,0.13,1,246241,245814,427
30393001,49.5101,49.4919,426,25363,0.268304,0.13,1,246290,245864,426
30395921,21.004,20.9968,426,25447,0.269322,0.13,1,246292,245866,426
30398841,46.2016,8.3987,489,25530,0.293729,0.15,1,246355,245866,489
30416361,50.4001,50.2236,484,26024,0.404962,0.27,1,246725,246241,484
30419281,21.36,49.4894,437,26105,0.407985,0.27,1,246727,246290,437
30422201,46.944,20.9958,499,26186,0.421194,0.31,1,246791,246292,499
30425121,37.9776,46.1983,468,26267,0.438478,0.33,1,246823,246355,468
30460161,43.0468,43.6386,450,27218,0.76756,0.55,2,247508,247058,450
30463081,52.0187,52.8554,449,27296,0.793024,0.55,2,247566,247117,449
30474761,38.4453,38.8267,449,27605,0.904317,0.55,2,247715,247266,449
30477681,16.5781,16.7307,449,27682,0.907727,0.69,2,247717,247268,449
30609081,44.7219,53.0685,477,30935,0.902677,1,2,250067,249590,477
30693761,33.0185,39.7446,449,32861,0.756156,0.55,2,251356,250907,449
30708361,94.492,93.5865,453,33181,0.943484,0.65,2,251642,251189,453
30816401,36.7252,35.9056,516,35463,0.913982,1,2,253202,252686,516
30822241,26.396,30.9449,507,35583,0.934637,1,2,253250,252743,507
30828081,30.1434,25.8312,519,35701,0.935542,1,2,253313,252794,519
30833921,35.9029,43.493,498,35819,0.786887,1,2,253378,252880,498
30848521,38.76,39.3129,483,36114,0.772727,0.86,2,253650,253167,483
30854361,21.8016,28.4901,466,36231,0.760836,0.97,2,253691,253225,466
30857281,24.9206,26.396,468,36289,0.778334,1,2,253718,253250,468
30863121,25.8273,30.1434,460,36405,0.773733,0.83,2,253773,253313,460
30866041,24.1309,25.2573,461,36463,0.795493,0.73,2,253796,253335,461
30877721,59.029,59.2498,456,36695,0.928765,0.77,2,254029,253573,456
31058761,47.0969,59.8964,488,40108,0.76216,1,2,256363,255875,488
31067521,39.2302,42.8334,516,40267,0.274618,1,1,256504,255988,516
31073361,34.1168,35.4133,519,40371,0.0643389,1,1,256572,256053,519
31076281,32.2467,33.9653,517,40423,0.0257356,1,1,256603,256086,517
31079201,28.4987,32.1861,512,40475,0.0402942,1,1,256629,256117,512
31082121,26.3995,27.2745,513,40527,0.0221177,1,1,256654,256141,513
31085041,20.1598,25.3098,505,40579,0.0148471,1,1,256670,256165,505
31087961,26.0639,27.5239,506,40631,0.0479388,1,1,256700,256194,506
31090881,33.8256,32.0096,510,40683,0.0371755,0.96,1,256739,256229,510
31093801,34.5302,38.6038,502,40735,0.0208702,0.8,1,256774,256272,502
31096721,43.2121,38.2415,513,40787,0.0263481,0.69,1,256823,256310,513
31099641,50.2848,47.0966,515,40839,0.0405392,0.49,1,256878,256363,515
31102561,35.1139,58.4386,474,40891,0.0162157,0.37,1,256903,256429,474
31105481,28.4456,48.5755,456,40943,0.0364863,0.15,1,256927,256471,456
31108401,33.5782,39.2302,460,40995,0.0445945,0.01,1,256964,256504,460
31111321,30.8313,37.2921,453,41046,0.0178378,0.03,1,256993,256540,453
31114241,31.5325,34.1168,453,41097,0.00713512,0,1,257025,256572,453
31117161,27.613,32.2467,447,41148,0.068854,0.05,1,257050,256603,447
31120081,26.0452,28.4987,446,41199,0.0695416,0.01,1,257075,256629,446
31123001,20.0181,26.3995,437,41250,0.0458166,0.01,1,257091,256654,437
31125921,26.6072,20.1598,452,41301,0.0483267,0.07,1,257122,256670,452
31128841,33.4429,26.0639,460,41352,0.0493307,0.03,1,257160,256700,460
31131761,34.9772,33.8256,457,41403,0.0617323,0.01,1,257196,256739,457
31134681,42.7909,34.5302,470,41454,0.0426929,0.03,1,257244,256774,470
31137601,50.7163,43.2121,477,41505,0.0590772,0.05,1,257300,256823,477
31140521,21.4865,50.2848,424,41556,0.0656309,0,1,257302,256878,424
31143441,22.9946,35.1139,423,41607,0.0922524,0.05,1,257326,256903,423
31149281,31.9991,33.5782,423,41709,0.0831604,0,1,257387,256964,423
31152201,30.7997,30.8313,424,41760,0.0392641,0,1,257417,256993,424
31155121,30.9199,31.5325,423,41811,0.0157057,0.11,1,257448,257025,423
31158041,29.1679,27.613,426,41861,0.0242823,0.07,1,257476,257050,426
31160961,24.8672,26.0452,423,41911,0.0517129,0.03,1,257498,257075,423
31163881,19.5469,20.0181,423,41961,0.0386852,0.05,1,257514,257091,423
31166801,27.0187,26.6072,424,42011,0.0454741,0.05,1,257546,257122,424
31169721,33.0075,33.4429,423,42061,0.0361896,0.07,1,257583,257160,423
31172641,34.203,34.9772,422,42111,0.0324759,0.03,1,257618,257196,422
31175561,43.0812,42.7909,423,42161,0.0309903,0.07,1,257667,257244,423
31178481,52.0325,50.7163,425,42211,0.0123961,0.07,1,257725,257300,425
31181401,22.013,21.4865,425,42261,0.0109585,0.11,1,257727,257302,425
31184321,23.8052,22.9946,426,42311,0.0343834,0.11,1,257752,257326,426
31187241,21.5221,22.9978,423,42361,0.0437534,0.07,1,257772,257349,423
31190161,33.2088,31.9991,426,42411,0.0955013,0.01,1,257813,257387,426
31193081,28.8835,30.7997,422,42461,0.0442005,0,1,257839,257417,422
31196001,30.1534,30.9199,422,42511,0.0236802,0.03,1,257870,257448,422
31198921,28.8614,29.1679,422,42561,0.0274721,0.07,1,257898,257476,422
31201841,25.3445,24.8672,423,42611,0.0109888,0.03,1,257921,257498,423
31204761,19.7378,19.5469,423,42661,0.0103955,0.05,1,257937,257514,423
31207681,26.4951,27.0187,422,42710,0.0101582,0.03,1,257968,257546,422
31210601,32.7981,33.0075,422,42759,0.0220633,0.03,1,258005,257583,422
31213521,34.1192,34.203,422,42808,0.0268253,0.03,1,258040,257618,422
31216441,43.0477,43.0812,422,42857,0.0647301,0,1,258089,257667,422
31219361,52.0191,52.0325,422,42906,0.043892,0.01,1,258147,257725,422
31222281,22.0076,22.013,422,42955,0.0355568,0.05,1,258149,257727,422
31225201,23.8031,23.8052,422,43004,0.0322227,0.05,1,258174,257752,422
31228121,22.1212,9.52208,443,43053,0.0188891,0.05,1,258195,257752,443
31231041,35.8485,15.8088,468,43102,0.0735556,0.13,1,258240,257772,468
31239801,28.4543,29.7878,449,43249,0.0783876,0.03,1,258319,257870,449
31242721,25.1817,28.7151,444,43298,0.037355,0,1,258342,257898,444
31245641,19.6727,25.286,437,43347,0.044942,0.01,1,258358,257921,437
31248561,26.4691,19.7144,452,43396,0.0359768,0.01,1,258389,257937,452
31251481,32.7876,26.4858,458,43445,0.0143907,0.03,1,258426,257968,458
31254401,34.1151,32.7943,456,43494,0.0357563,0.03,1,258461,258005,456
31257321,44.846,34.1177,473,43543,0.0323025,0.09,1,258513,258040,473
31260241,50.9384,43.0471,479,43591,0.066921,0.03,1,258568,258089,479
31263161,21.5754,52.0188,423,43639,0.0807684,0.03,1,258570,258147,423
31266081,24.2301,22.0075,447,43687,0.0383074,0.03,1,258596,258149,447
31269001,23.4921,23.803,445,43735,0.0213229,0.01,1,258619,258174,445
31271921,38.1968,22.1212,472,43783,0.0265292,0.11,1,258667,258195,472
31274841,27.2787,35.8485,447,43831,0.0646117,0.13,1,258687,258240,447
31277761,25.9115,26.3394,452,43879,0.0678447,0.13,1,258712,258260,452
31280681,27.7646,29.1358,450,43927,0.0691379,0.05,1,258741,258291,450
31283601,25.5058,28.4543,446,43975,0.0456551,0.01,1,258765,258319,446
31286521,18.6023,25.1817,437,44023,0.0362621,0.05,1,258779,258342,437
31289441,26.6409,19.6727,453,44071,0.0445048,0.03,1,258811,258358,453
31292361,32.2564,26.4691,458,44119,0.0358019,0,1,258847,258389,458
31295281,33.9025,32.7876,456,44167,0.0203208,0.05,1,258882,258426,456
31298201,45.361,34.1151,474,44215,0.0261283,0.03,1,258935,258461,474
31301121,51.7444,44.846,478,44263,0.0404513,0.09,1,258991,258513,478
31304041,21.8978,50.9384,425,44311,0.0461805,0.09,1,258993,258568,425
31306961,23.7591,21.5754,448,44359,0.0364722,0.01,1,259018,258570,448
31309881,24.5036,24.2301,447,44407,0.0205889,0.01,1,259043,258596,447
31312801,38.6015,23.4921,472,44455,0.0622356,0.03,1,259091,258619,472
31315721,16.6406,38.1968,426,44502,0.0788942,0.09,1,259093,258667,426
31318641,18.6562,27.2787,426,44549,0.0855577,0.07,1,259113,258687,426
31336161,31.9359,32.2564,423,44831,0.0806583,0.01,1,259270,258847,423
31339081,33.7744,33.9025,423,44878,0.0502633,0.03,1,259305,258882,423
31342001,45.3097,45.361,423,44925,0.0501053,0.05,1,259358,258935,423
31344921,52.3239,51.7444,424,44972,0.0500421,0.05,1,259415,258991,424
31347841,22.1296,21.8978,424,45019,0.0500169,0.03,1,259417,258993,424
31350761,23.2518,23.7591,423,45066,0.0860067,0.01,1,259441,259018,423
31356601,40.3203,38.6015,426,45160,0.0989611,0.09,1,259517,259091,426
31417921,17.1982,23.4286,440,46131,0.200033,0.19,1,260056,259616,440
31420841,26.6793,16.5715,461,46177,0.206013,0.15,1,260089,259628,461
31423761,29.2717,25.8286,460,46223,0.232405,0.13,1,260120,259660,460
31426681,32.7087,29.5314,463,46269,0.266962,0.19,1,260155,259692,463
31455881,28.8463,21.9721,462,46721,0.402589,0.19,1,260451,259989,462
31458801,25.9385,27.9888,454,46766,0.419035,0.19,1,260475,260021,454
31461721,18.1754,24.9955,444,46811,0.437614,0.21,1,260488,260044,444
31464641,27.6702,17.1982,466,46856,0.433046,0.21,1,260522,260056,466
31543481,23.7301,23.49,448,48056,0.756419,0.53,2,261306,260858,448
31549321,25.8768,24.6384,450,48144,0.758227,0.61,2,261344,260894,450
31555161,17.1003,16.9021,450,48232,0.794516,0.61,2,261380,260930,450
31575601,24.9159,24.8291,455,48538,0.912541,0.71,2,261634,261179,455
31581441,42.1465,41.5327,456,48624,0.905607,0.73,2,261712,261256,456
31584361,18.0586,17.8131,456,48667,0.908243,0.75,2,261714,261258,456
31587281,21.6234,20.3252,458,48710,0.945297,0.77,2,261738,261280,458
31590201,24.8494,23.7301,459,48753,0.948119,0.73,2,261765,261306,459
31593121,11.1398,10.692,459,48796,0.949248,0.77,2,261767,261308,459
31598961,25.0624,10.3507,484,48882,0.94268,0.83,2,261828,261344,484
31873441,84.069,63.3414,576,25861,0.946816,1,2,265583,265007,576
31876361,71.4276,87.1366,536,25943,0.906726,1,2,265646,265110,536
31949361,78.9998,78.5927,451,27912,0.773755,0.67,2,266960,266509,451
31975641,80.2457,62.5598,547,28587,0.913758,0.81,2,267419,266872,547
32092441,61.1417,51.4723,540,31412,0.249812,1,1,269388,268848,540
32095361,50.2567,69.1889,502,31479,0.0999247,1,1,269431,268929,502
32098281,50.7027,47.4756,520,31546,0.0939699,0.98,1,269482,268962,520
32101201,34.6811,38.7902,511,31613,0.0675879,1,1,269506,268995,511
32104121,52.8724,33.5161,546,31680,0.0450352,1,1,269571,269025,546
32107041,39.749,57.2064,504,31747,0.0720141,0.83,1,269602,269098,504
32109961,32.0996,45.0826,494,31814,0.0348056,0.75,1,269629,269135,494
32112881,48.2398,37.833,520,31881,0.0559223,0.61,1,269688,269168,520
32115801,37.2959,55.3332,483,31947,0.0763689,0.53,1,269718,269235,483
32118721,34.1184,46.1333,475,32013,0.0845476,0.37,1,269750,269275,475
32124561,47.8189,61.1413,468,32145,0.0843276,0,1,269856,269388,468
32127481,49.7276,50.2565,476,32211,0.075731,0.09,1,269907,269431,476
32130401,33.091,50.7026,447,32277,0.0602924,0.05,1,269929,269482,447
32133321,52.2364,34.681,488,32343,0.054117,0.03,1,269994,269506,488
32136241,39.4946,52.8724,454,32408,0.0876468,0.09,1,270025,269571,454
32139161,31.3978,39.749,449,32473,0.0890587,0.01,1,270051,269602,449
32171281,30.8884,31.3978,426,33182,0.203356,0.11,1,270477,270051,426
32174201,48.3553,47.9591,427,33246,0.219342,0.13,1,270537,270110,427
32177121,39.7421,38.9837,428,33310,0.261737,0.13,1,270571,270143,428
32180041,35.0969,34.7935,428,33373,0.290695,0.17,1,270603,270175,428
32182961,53.0387,51.7174,430,33436,0.266278,0.17,1,270668,270238,430
32185881,22.4155,21.887,430,33499,0.280511,0.21,1,270670,270240,430
32188801,34.1662,32.7548,432,33562,0.262204,0.19,1,270712,270280,432
32200481,43.3019,41.2209,432,33814,0.406312,0.21,1,270885,270453,432
32203401,31.7207,30.8884,432,33877,0.444525,0.23,1,270909,270477,432
32261801,53.7744,31.7157,513,35104,0.755805,0.49,2,271733,271220,513
32264721,46.7097,52.2863,489,35164,0.764322,0.53,2,271775,271286,489
32267641,34.8839,45.5145,475,35224,0.767729,0.59,2,271802,271327,475
32270561,51.1536,33.2058,512,35284,0.781092,0.61,2,271864,271352,512
32273481,40.8614,49.8823,485,35344,0.786437,0.61,2,271898,271413,485
32276401,37.9446,40.3529,487,35404,0.788575,0.65,2,271934,271447,487
32293921,22.8431,32.4359,460,35761,0.900724,0.77,2,272125,271665,460
32296841,49.9372,53.7744,460,35820,0.93029,0.77,2,272193,271733,460
32454521,48.9267,47.1067,491,38878,0.9028,1,2,274315,273824,491
32477881,27.2238,34.6218,485,39310,0.29815,1,1,274607,274122,485
32480801,31.2895,35.4487,483,39364,0.25726,1,1,274641,274158,483
32486641,33.0863,41.7918,475,39472,0.0675616,0.97,1,274701,274226,475
32489561,28.8345,35.3167,470,39526,0.0330246,0.85,1,274727,274257,470
32492481,41.5338,48.9267,462,39579,0.0312099,0.79,1,274777,274315,462
32495401,37.0135,40.5707,461,39632,0.0124839,0.61,1,274811,274350,461
32498321,39.4054,48.0283,449,39685,0.0229936,0.59,1,274852,274403,449
32501241,37.3622,42.0113,447,39738,0.00919743,0.51,1,274888,274441,447
32504161,34.7449,37.8045,445,39791,0.033679,0.41,1,274921,274476,445
32507081,30.0979,33.1218,442,39844,0.0434716,0.33,1,274948,274506,442
32510001,40.2392,42.6487,440,39897,0.0353886,0.31,1,274995,274555,440
32512921,32.2957,35.0595,437,39950,0.0681555,0.27,1,275022,274585,437
32515841,23.7183,27.2238,433,40003,0.0692622,0.23,1,275040,274607,433
32518761,26.2873,31.2895,427,40056,0.0697049,0.11,1,275068,274641,427
32521681,23.7149,25.7158,427,40109,0.0578819,0.11,1,275090,274663,427
32524601,28.686,10.2863,459,40162,0.0531528,0,1,275122,274663,459
32527521,27.6744,26.9145,448,40215,0.0272611,0.01,1,275149,274701,448
32530441,40.4698,26.3658,471,40268,0.0289044,0.03,1,275198,274727,471
32533361,36.5879,40.5463,455,40320,0.0415618,0,1,275232,274777,455
32536281,39.8352,36.6185,463,40372,0.0466247,0.03,1,275274,274811,463
32539201,36.9341,39.2474,457,40424,0.0486499,0,1,275309,274852,457
32542121,36.3736,37.299,457,40476,0.03746,0.05,1,275345,274888,457
32545041,29.5495,34.7196,449,40528,0.080984,0.05,1,275370,274921,449
32547961,40.0198,30.0878,469,40580,0.0503936,0.03,1,275417,274948,469
32550881,33.4079,40.2351,451,40632,0.0381574,0.09,1,275446,274995,451
32553801,22.9632,32.2941,440,40684,0.033263,0.07,1,275462,275022,440
32556721,27.1853,23.7176,452,40736,0.0553052,0.07,1,275492,275040,452
32559641,23.4741,26.287,445,40788,0.0521221,0.05,1,275513,275068,445
32562561,27.3896,23.7148,453,40840,0.0628488,0.05,1,275543,275090,453
32565481,27.7559,28.6859,449,40892,0.0551395,0.01,1,275571,275122,449
32568401,41.1023,27.6744,472,40944,0.0280558,0.03,1,275621,275149,472
32571321,35.6409,40.4697,455,40996,0.0292223,0.05,1,275653,275198,455
32574241,40.6564,36.5879,465,41047,0.0536889,0.05,1,275697,275232,465
32577161,36.6626,39.8352,457,41098,0.0994756,0.05,1,275731,275274,457
32580081,37.465,36.9341,460,41149,0.0577902,0.03,1,275769,275309,460
32583001,31.186,36.3736,451,41200,0.0651161,0.11,1,275796,275345,451
32585921,38.2744,29.5494,469,41251,0.0560464,0.03,1,275839,275370,469
32588841,32.7098,40.0198,451,41302,0.0764186,0.03,1,275868,275417,451
32591761,22.6839,33.4079,438,41353,0.0965674,0.03,1,275884,275446,438
32609281,37.7823,41.1023,422,41659,0.0794631,0.03,1,276043,275621,422
32612201,34.9129,35.6409,423,41710,0.0617852,0.07,1,276076,275653,423
32615121,41.5652,40.6564,425,41761,0.0427141,0.13,1,276122,275697,425
32618041,37.6261,36.6626,426,41812,0.0350856,0.03,1,276157,275731,426
32620961,36.0504,37.465,423,41862,0.0560343,0.07,1,276192,275769,423
32623881,31.8202,31.186,425,41912,0.0524137,0.05,1,276221,275796,425
32626801,37.9281,38.2744,424,41962,0.0389655,0.09,1,276263,275839,424
32629721,33.7712,32.7098,426,42012,0.0455862,0.11,1,276294,275868,426
32632641,23.7085,22.6839,427,42062,0.0482345,0.13,1,276311,275884,427
32635561,29.2834,28.2736,428,42112,0.0852938,0.13,1,276344,275916,428
32638481,24.3134,23.3094,429,42162,0.0881175,0.13,1,276365,275936,429
32656001,41.6701,41.5652,423,42462,0.0768864,0.03,1,276545,276122,423
32658921,37.668,37.6261,423,42512,0.0607545,0.07,1,276580,276157,423
32696881,39.0432,31.8301,469,43152,0.21403,0.03,1,276967,276498,469
32699801,37.2173,40.932,458,43201,0.223612,0.05,1,277003,276545,458
32702721,37.0869,37.3728,460,43250,0.275445,0.13,1,277040,276580,460
32705641,31.6348,35.9491,453,43299,0.296178,0.13,1,277068,276615,453
32723161,28.142,24.5142,459,43592,0.409515,0.15,1,277249,276790,459
32726081,12.4568,28.4057,430,43640,0.421806,0.19,1,277251,276821,430
32729001,19.9827,12.5623,453,43688,0.414722,0.15,1,277276,276823,453
32731921,34.9931,19.4249,474,43736,0.423889,0.21,1,277321,276847,474
32807841,29.665,29.1284,450,44973,0.7587,0.55,2,278141,277691,450
32810761,13.066,12.8514,450,45020,0.76548,0.57,2,278143,277693,450
32813681,19.6264,19.5405,450,45067,0.792192,0.59,2,278167,277717,450
32851641,30.3676,29.665,458,45672,0.902254,0.77,2,278599,278141,458
32854561,13.347,13.066,458,45718,0.930901,0.81,2,278601,278143,458
32857481,20.9388,19.6264,460,45764,0.918361,0.81,2,278627,278167,460
32860401,36.5755,36.0506,460,45810,0.949344,0.83,2,278674,278214,460
32863321,38.6302,36.6202,463,45856,0.949738,0.83,2,278714,278251,463
32866241,16.6521,15.8481,463,45902,0.949895,0.79,2,278716,278253,463
33026841,34.092,33.7686,496,48365,0.930445,1,2,280467,279971,496
33032681,28.0147,26.043,501,48453,0.790871,1,2,280522,280021,501
33035601,29.2059,24.2172,508,48496,0.766348,1,2,280552,280044,508
33070641,26.9989,31.7916,494,49012,0.427952,0.99,1,280895,280401,494
33076481,29.6398,33.8866,490,49098,0.439272,0.85,1,280957,280467,490
33079401,25.6559,30.9547,484,49141,0.421709,0.73,1,280980,280496,484
33082321,27.0624,27.9819,486,49184,0.438684,0.75,1,281008,280522,486
33085241,28.2249,29.1927,485,49227,0.433473,0.67,1,281037,280552,485
33088161,24.49,30.8771,475,49270,0.407389,0.65,1,281059,280584,475
33091081,20.596,25.5508,471,49313,0.432956,0.67,1,281077,280606,471
33146561,27.1082,28.1354,471,50118,0.768318,0.53,2,281611,281140,471
33149481,30.0433,25.6541,479,50160,0.781327,0.51,2,281643,281164,479
33152401,38.4173,30.0617,490,50202,0.774531,0.55,2,281687,281197,490
33155321,27.3669,35.4247,471,50244,0.771812,0.61,2,281707,281236,471
33158241,25.3468,26.1699,475,50286,0.794725,0.65,2,281731,281256,475
33199121,31.2931,30.0433,462,50872,0.927583,0.77,2,282105,281643,462
33202041,37.7172,38.4173,460,50913,0.917033,0.77,2,282147,281687,460
33204961,27.6869,27.3669,461,50954,0.924813,0.81,2,282168,281707,461
33207881,26.0748,25.3468,462,50995,0.927925,0.81,2,282193,281731,462
33213721,26.852,25.5355,464,51077,0.927268,0.85,2,282232,281768,464
33216641,25.1408,24.6142,464,51118,0.940907,0.85,2,282256,281792,464
33410821,190.144,208.033,472,24820,0.2668,0.47,1,284449,283977,472
33463381,58.6764,64.6809,449,25412,0.206821,0.09,1,284969,284520,449
33466301,61.2706,53.4724,466,25495,0.208728,0.15,1,285032,284566,466
33469221,93.5082,64.5889,509,25578,0.281491,0.13,1,285147,284638,509
33480901,49.8994,33.1223,489,25908,0.402966,0.19,1,285279,284790,489
33483821,54.1598,47.4489,489,25990,0.431186,0.17,1,285336,284847,489
33545141,41.0951,40.6823,454,27652,0.757838,0.69,2,286486,286032,454
33548061,29.0381,28.2729,455,27729,0.789135,0.69,2,286507,286052,455
33550981,17.6152,17.9092,454,27805,0.777654,0.69,2,286517,286063,454
33562661,61.3533,60.8617,455,28109,0.942516,0.69,2,286750,286295,455
33710121,129.181,132.248,484,15525,0.922,1,2,290355,289871,484
33755381,119.176,71.0887,548,17584,0.924747,0.73,2,291721,291173,548
33838601,78.0628,140.363,511,20800,0.4492,1,1,293992,293481,511
33841521,87.0251,78.9451,566,20902,0.25768,1,1,294085,293519,566
33850281,50.0656,61.3565,488,21205,0.0517715,1,1,294205,293717,488
33853201,35.0262,43.1426,482,21305,0.0627086,0.43,1,294230,293748,482
33856121,115.41,142.657,442,21405,0.0550834,0.31,1,294399,293957,442
33859041,64.7642,78.0628,438,21504,0.0220334,0.13,1,294430,293992,438
33861961,78.1057,87.0251,432,21603,0.0868134,0.13,1,294517,294085,432
33888241,37.6655,36.2569,429,22471,0.218646,0.13,1,295003,294574,429
33891161,48.0662,46.9028,430,22565,0.237459,0.13,1,295058,294628,430
33894081,34.8265,18.7611,456,22659,0.244983,0.13,1,295084,294628,456
33905761,49.962,80.1891,458,23031,0.428432,0.17,1,295403,294945,458
33908681,38.5848,48.8756,461,23123,0.441373,0.25,1,295434,294973,461
33940801,111.88,116.781,453,24113,0.784793,0.65,2,296141,295688,453
33943721,64.5519,65.9126,454,24201,0.787917,0.67,2,296174,295720,454
33946641,84.0208,83.965,455,24289,0.789167,0.67,2,296271,295816,455
33949561,50.4083,50.386,455,24376,0.789667,0.63,2,296299,295844,455
33952481,40.5633,40.5544,455,24463,0.789867,0.69,2,296333,295878,455
33967081,65.4074,64.5519,461,24893,0.934824,0.79,2,296635,296174,461
33970001,84.3629,84.0208,461,24978,0.91993,0.79,2,296732,296271,461
33972921,50.5452,50.4083,461,25063,0.913972,0.79,2,296760,296299,461
33975841,40.6181,40.5633,461,25148,0.923589,0.85,2,296794,296333,461
34069281,55.5714,64.0029,481,27717,0.787216,1,2,298644,298163,481
34086801,102.049,113.429,467,28172,0.417958,0.95,1,298976,298509,467
34104321,34.1324,32.9566,487,28620,0.405121,0.55,1,299207,298720,487
34107241,37.653,38.3826,485,28694,0.420048,0.51,1,299247,298762,485
34148121,55.1257,48.5751,509,29710,0.77221,0.59,2,299998,299489,509
34171481,62.508,62.5355,457,30275,0.905841,0.77,2,300354,299897,457
34174401,52.6032,50.8142,460,30345,0.920336,0.79,2,300400,299940,460
34180241,46.5765,44.8503,463,30485,0.945254,0.83,2,300499,300036,463
34183161,19.8306,19.1401,463,30554,0.930101,0.83,2,300501,300038,463
34186081,27.1322,26.856,463,30623,0.930041,0.87,2,300533,300070,463
34297041,46.3624,50.4736,495,33146,0.91,1,2,302358,301863,495
34320401,73.8982,91.4131,482,33653,0.40921,1,1,302706,302224,482
34326241,53.9437,58.9061,479,33779,0.280274,0.85,1,302799,302320,479
34329161,38.3775,46.3624,469,33842,0.262109,0.8,1,302827,302358,469
34332081,33.351,38.345,466,33904,0.218844,0.81,1,302857,302391,466
34335001,25.9404,29.738,463,33966,0.225538,0.69,1,302878,302415,463
34337921,36.1762,39.4952,460,34028,0.216215,0.63,1,302921,302461,460
34340841,34.2705,37.3981,457,34090,0.212486,0.55,1,302954,302497,457
34355441,47.7,70.4553,472,34400,0.227574,0.27,1,303178,302706,472
34358361,50.28,50.9821,486,34461,0.27703,0.25,1,303230,302744,486
34378801,33.2749,32.9059,461,34888,0.421316,0.15,1,303447,302986,461
34381721,34.91,33.5624,463,34949,0.438526,0.17,1,303483,303020,463
34443041,34.5712,34.2659,450,36197,0.757981,0.57,2,304304,303854,450
34445961,34.2285,34.1064,450,36255,0.789192,0.59,2,304338,303888,450
34448881,35.8914,35.2426,451,36313,0.789677,0.59,2,304375,303924,451
34451801,73.1566,72.897,451,36371,0.777871,0.59,2,304473,304022,451
34454721,30.4626,30.3588,451,36429,0.797148,0.65,2,304475,304024,451
34475161,36.2002,35.4281,459,36834,0.900791,0.77,2,304729,304270,459
34486841,72.1491,73.1566,460,37062,0.908708,0.81,2,304933,304473,460
34492681,36.6239,36.785,460,37176,0.904993,0.81,2,304976,304516,460
34768621,237.254,239.792,448,19092,0.09304,0.01,1,308888,308440,448
34771541,137.502,127.117,467,19203,0.037216,0,1,308959,308492,467
34774461,88.6007,93.4467,452,19314,0.0688864,0.01,1,309015,308563,452
34777381,70.8403,81.7787,437,19424,0.0815546,0.09,1,309074,308637,437
34783221,86.4544,77.6446,457,19642,0.0550487,0.01,1,309222,308765,457
34786141,88.5818,52.0578,512,19750,0.0400195,0.03,1,309312,308800,512
34789061,77.4327,73.6231,494,19857,0.0340078,0,1,309382,308888,494
34791981,65.7731,72.0493,481,19964,0.0316031,0.09,1,309440,308959,481
34794901,63.5092,62.4197,487,20070,0.0906413,0.09,1,309502,309015,487
34800741,80.2415,46.9472,532,20281,0.0469026,0.01,1,309644,309112,532
34803661,86.6966,84.7789,513,20386,0.024761,0.03,1,309735,309222,513
34806581,76.0786,87.9115,492,20490,0.0399044,0.03,1,309804,309312,492
34809501,65.8315,77.1646,481,20594,0.0459618,0.03,1,309863,309382,481
34812421,66.5326,65.6658,490,20697,0.0363847,0.13,1,309930,309440,490
34815341,50.613,63.4663,468,20799,0.0445539,0.11,1,309970,309502,468
34818261,77.2452,50.5865,521,20901,0.0478216,0.01,1,310065,309544,521
34821181,85.4981,80.2346,512,21002,0.0371286,0.01,1,310156,309644,512
34824101,35.3992,86.6938,423,21103,0.0328514,0.05,1,310158,309735,423
34827021,56.7597,76.0775,425,21204,0.0311406,0.05,1,310229,309804,425
34829941,56.9039,65.831,423,21304,0.0304562,0.03,1,310286,309863,423
34832861,62.9616,66.5324,423,21404,0.0541825,0.05,1,310353,309930,423
34835781,49.7846,50.613,424,21503,0.027673,0.05,1,310394,309970,424
34838701,75.7138,77.2452,422,21602,0.0530692,0.03,1,310487,310065,422
34841621,85.4855,85.4981,423,21700,0.0632277,0.03,1,310579,310156,423
34844541,35.3942,35.3992,423,21798,0.0672911,0.03,1,310581,310158,423
34847461,56.1577,56.7597,422,21895,0.0449164,0.03,1,310651,310229,422
34850381,56.6631,56.9039,422,21992,0.0359666,0.07,1,310708,310286,422
34853301,63.4652,62.9615,423,22088,0.0563866,0.01,1,310776,310353,423
34856221,49.3861,49.7846,422,22184,0.0765546,0.07,1,310816,310394,422
34864981,35.3207,35.3942,423,22470,0.2293,0.03,1,311004,310581,423
34867901,55.5283,56.1577,422,22564,0.22972,0.03,1,311073,310651,422
34882501,88.8713,75.8919,524,23030,0.217959,0.25,1,311435,310911,524
34885421,36.7485,84.9567,435,23122,0.237183,0.25,1,311437,311002,435
34888341,54.2994,35.1827,499,23214,0.244873,0.23,1,311503,311004,499
34891261,53.5198,55.4731,483,23305,0.235949,0.09,1,311556,311073,483
34894181,62.2079,56.3892,494,23396,0.25638,0.11,1,311624,311130,494
34897101,51.2832,63.3557,470,23487,0.240552,0.15,1,311668,311198,470
34900021,82.9133,49.9423,533,23577,0.258221,0.19,1,311772,311239,533
34911701,53.041,54.2993,485,23935,0.42205,0.23,1,311988,311503,485
34914621,22.4164,53.5197,434,24024,0.43882,0.27,1,311990,311556,434
34920461,46.5466,51.2832,435,24200,0.441011,0.27,1,312103,311668,435
34955501,59.7002,57.2652,448,25231,0.78233,0.59,2,312827,312379,448
34958421,56.2801,54.7061,449,25315,0.798932,0.59,2,312881,312432,449
34970101,83.0456,34.4053,557,25648,0.918677,0.67,2,313103,312546,557
34973021,95.0182,76.7621,555,25731,0.949471,0.69,2,313206,312651,555
35081061,60.6823,41.5736,547,28619,0.7804,1,2,315200,314653,547
35092741,49.3567,50.8787,519,28914,0.419674,1,1,315381,314862,519
35098581,64.4171,36.9406,564,29060,0.260348,1,1,315495,314931,564
35116101,47.0802,39.2291,501,29494,0.0974062,0.45,1,315776,315275,501
35121941,37.0528,49.3567,470,29638,0.215985,0.33,1,315851,315381,470
35124861,58.0211,39.5427,509,29709,0.260394,0.19,1,315923,315414,509
35127781,69.4085,64.4171,505,29780,0.290158,0.11,1,316000,315495,505
35136541,44.5941,52.0027,429,29993,0.28473,0.15,1,316083,315654,429
35142381,34.6151,35.2004,430,30134,0.286757,0.07,1,316151,315721,430
35162821,24.9845,25.9854,435,30622,0.403716,0.27,1,316461,316026,435
35165741,45.3938,44.5941,437,30691,0.443486,0.33,1,316520,316083,437
35212461,64.5245,40.4988,528,31776,0.776582,0.69,2,317252,316724,528
35215381,72.6098,60.5995,532,31843,0.796633,0.65,2,317330,316798,532
35238741,43.6577,48.5282,497,32370,0.913287,0.73,2,317631,317134,497
35358461,37.1568,37.4627,515,34948,0.9364,1,2,319428,318913,515
35367221,30.29,36.4296,515,35128,0.76145,1,2,319520,319005,515
35375981,51.3306,72.6995,508,35308,0.252013,1,1,319718,319210,508
35381821,38.9329,43.3119,513,35428,0.065522,1,1,319792,319279,513
35384741,31.7732,38.3248,505,35488,0.0682088,1,1,319819,319314,505
35387661,38.5093,35.7299,514,35548,0.0332835,0.96,1,319862,319348,514
35390581,34.6037,41.892,500,35607,0.0433134,0.91,1,319894,319394,500
35393501,34.2415,37.1568,500,35666,0.0473254,0.87,1,319928,319428,500
35396421,14.8966,37.0627,465,35725,0.0489301,0.85,1,319930,319465,465
35399341,16.7586,29.2251,459,35784,0.0495721,0.69,1,319948,319489,459
35402261,22.3035,30.29,454,35843,0.0498288,0.43,1,319974,319520,454
35405181,58.1214,70.316,439,35902,0.0739315,0.25,1,320056,319617,439
35408101,52.6486,62.3264,431,35961,0.0835726,0.17,1,320105,319674,431
35411021,45.6594,51.3306,428,36020,0.051429,0.03,1,320146,319718,428
35413941,40.4638,43.3322,427,36079,0.0625716,0.03,1,320183,319756,427
35440221,59.0863,58.1214,425,36602,0.221927,0.09,1,320481,320056,425
35443141,53.0345,52.6486,425,36660,0.238771,0.03,1,320530,320105,425
35446061,44.6138,45.6594,423,36718,0.269508,0.07,1,320569,320146,423
35448981,39.4455,40.4638,422,36776,0.281803,0.13,1,320605,320183,422
35451901,40.9782,37.7855,428,36833,0.298721,0.17,1,320647,320219,428
35489861,35.5988,40.9388,466,37571,0.407899,0.33,1,321113,320647,466
35533661,33.6288,35.3358,478,38405,0.769152,0.51,2,321662,321184,478
35536581,14.6515,33.3343,448,38460,0.781661,0.51,2,321664,321216,448
35539501,17.2606,14.5337,465,38515,0.798664,0.51,2,321683,321218,465
35571621,35.1375,33.6288,461,39114,0.927641,0.79,2,322123,321662,461
35574541,15.255,14.6515,461,39168,0.941056,0.81,2,322125,321664,461
35577461,18.102,17.2606,462,39222,0.922422,0.81,2,322145,321683,462
35583301,10.3363,10.2017,462,39330,0.938388,0.81,2,322173,321711,462
35586221,56.9345,56.8807,462,39384,0.945355,0.83,2,322261,321799,462
35743901,32.4491,34.8212,503,42180,0.916912,1,2,324215,323712,503
35755581,30.7299,28.525,490,42380,0.406273,1,1,324355,323865,490
35758501,32.092,36.01,482,42430,0.264509,1,1,324388,323906,482
35764341,35.4947,35.6416,484,42530,0.0771215,1,1,324459,323975,484
35767261,48.3979,43.0566,493,42580,0.0608486,1,1,324516,324023,493
35770181,37.9592,35.8227,493,42630,0.0303394,1,1,324547,324054,493
35773101,24.7837,34.7291,475,42680,0.0301358,0.93,1,324563,324088,475
35776021,27.9135,31.8916,475,42729,0.0300543,1,1,324593,324118,475
35778941,27.3654,29.5567,474,42778,0.0300217,0.99,1,324620,324146,474
35781861,29.5462,34.6227,467,42827,0.0180087,0.87,1,324651,324184,467
35784781,28.0185,32.4491,463,42876,0.0132035,0.75,1,324678,324215,463
35787701,32.8074,38.7796,456,42925,0.0232814,0.65,1,324714,324258,456
35790621,30.523,35.3119,452,42974,0.0153126,0.39,1,324743,324291,452
35793541,28.4092,36.3247,442,43023,0.024125,0.39,1,324770,324328,442
35796461,23.3637,14.5299,462,43072,0.02765,0.33,1,324790,324328,462
35799381,23.7455,22.012,459,43121,0.02906,0.17,1,324814,324355,459
35802301,26.8982,28.6048,455,43170,0.029624,0.07,1,324843,324388,455
35805221,33.5593,31.8419,459,43219,0.0178496,0.03,1,324881,324422,459
35808141,47.0237,34.9368,478,43268,0.0731398,0.05,1,324937,324459,478
35811061,37.4095,48.1747,452,43317,0.0472559,0.01,1,324968,324516,452
35813981,25.1638,37.8699,438,43366,0.0249024,0.03,1,324985,324547,438
35816901,27.4655,24.748,451,43415,0.039961,0.03,1,325014,324563,451
35819821,27.1862,27.8992,448,43464,0.0459844,0.03,1,325041,324593,448
35822741,29.4745,27.3597,452,43513,0.0723938,0.01,1,325072,324620,452
35825661,27.9898,29.5439,448,43561,0.0949575,0.01,1,325099,324651,448
35828581,32.7959,28.0175,457,43609,0.037983,0.03,1,325135,324678,457
35831501,30.5184,32.807,450,43657,0.0691932,0.01,1,325164,324714,450
35834421,28.4073,30.5228,448,43705,0.0336773,0.03,1,325191,324743,448
35837341,23.9629,28.4091,442,43753,0.0314709,0.03,1,325212,324770,442
35840261,23.3852,23.3636,445,43801,0.0425884,0.03,1,325235,324790,445
35843181,26.7541,23.7455,450,43849,0.0590353,0.03,1,325264,324814,450
35846101,33.5016,26.8982,459,43897,0.0416141,0.01,1,325302,324843,459
35849021,48.2007,33.5593,479,43945,0.0466457,0.11,1,325360,324881,479
35851941,36.6803,47.0237,452,43993,0.0486583,0.03,1,325389,324937,452
35854861,24.8721,37.4095,438,44041,0.0254633,0.01,1,325406,324968,438
35857781,29.7488,25.1638,454,44089,0.0401853,0.05,1,325439,324985,454
35860701,25.6995,27.4655,448,44137,0.0340741,0.05,1,325462,325014,448
35863621,31.2798,27.1862,456,44185,0.0316297,0.09,1,325497,325041,456
35866541,26.3119,29.4745,448,44233,0.0306519,0.11,1,325520,325072,448
35869461,34.5248,27.9898,461,44281,0.0422607,0,1,325560,325099,461
35872381,28.8099,32.7959,450,44329,0.0469043,0.09,1,325585,325135,450
35875301,27.724,30.5184,448,44377,0.0367617,0.01,1,325612,325164,448
35878221,24.2896,28.4073,443,44425,0.0447047,0.03,1,325634,325191,443
35881141,10.9158,23.9629,424,44472,0.0478819,0.05,1,325636,325212,424
35884061,18.1663,23.3852,424,44519,0.0731528,0.07,1,325659,325235,424
35886981,24.6665,26.7541,424,44566,0.0832611,0.03,1,325688,325264,424
35889901,32.0666,33.5016,423,44613,0.0393044,0.05,1,325725,325302,423
35892821,49.4266,48.2007,426,44660,0.0217218,0.05,1,325786,325360,426
35895741,34.7707,36.6803,422,44707,0.0386887,0.01,1,325811,325389,422
35898661,24.1083,24.8721,422,44754,0.0214755,0.05,1,325828,325406,422
35901581,30.6433,29.7488,424,44801,0.0145902,0.03,1,325863,325439,424
35904501,24.8573,25.6995,422,44848,0.0238361,0.03,1,325884,325462,422
35907421,31.5429,31.2798,423,44895,0.0155344,0.03,1,325920,325497,423
35910341,26.4172,26.3119,423,44942,0.0242138,0.05,1,325943,325520,423
35913261,35.1669,34.5248,424,44989,0.0156855,0.05,1,325984,325560,424
35916181,30.2667,28.8099,426,45036,0.0122742,0.03,1,326011,325585,426
35919101,26.5067,27.724,423,45083,0.0589097,0.05,1,326035,325612,423
35922021,23.8027,24.2896,423,45130,0.0655639,0.05,1,326057,325634,423
35924941,10.7211,10.9158,423,45177,0.0682255,0.09,1,326059,325636,423
35927861,18.6884,18.1663,424,45224,0.0692902,0.09,1,326083,325659,424
35930781,25.4754,24.6665,425,45271,0.0697161,0.01,1,326113,325688,425
35933701,30.5901,32.0666,422,45318,0.0578864,0.01,1,326147,325725,422
35936621,48.8361,49.4266,422,45365,0.0531546,0.05,1,326208,325786,422
35939541,34.5344,34.7707,422,45411,0.0392618,0.01,1,326233,325811,422
35942461,24.0138,24.1083,422,45457,0.0217047,0.01,1,326250,325828,422
35945381,30.6055,30.6433,422,45503,0.0386819,0.03,1,326285,325863,422
35948301,24.8422,24.8573,422,45549,0.0334728,0.01,1,326306,325884,422
35951221,31.5369,31.5429,422,45595,0.0313891,0.03,1,326342,325920,422
35954141,27.0148,26.4172,423,45641,0.0545556,0.01,1,326366,325943,423
35957061,34.8059,35.1669,422,45687,0.0518223,0.01,1,326406,325984,422
35959981,30.7224,30.2667,423,45733,0.0507289,0.09,1,326434,326011,423
35962901,27.2889,26.5067,424,45779,0.0382916,0.07,1,326459,326035,424
35965821,23.5156,23.8027,423,45825,0.0153166,0.07,1,326480,326057,423
35968741,10.6062,10.7211,423,45871,0.0361267,0.07,1,326482,326059,423
35971661,19.2425,18.6884,424,45917,0.0444507,0.07,1,326507,326083,424
35974581,25.697,7.47537,454,45963,0.0357803,0.07,1,326537,326083,454
35977501,28.8788,20.9901,455,46009,0.0203121,0.05,1,326568,326113,455
35980421,48.1515,28.7961,482,46055,0.0261248,0.05,1,326629,326147,482
35983341,34.8606,48.1184,447,46101,0.0284499,0.03,1,326655,326208,447
35986261,23.5442,34.2474,438,46147,0.01738,0.01,1,326671,326233,438
35989181,30.4177,23.8989,456,46193,0.012952,0.05,1,326706,326250,456
35992101,24.7671,30.5596,442,46239,0.0351808,0.03,1,326727,326285,442
35995021,32.1068,24.8238,458,46285,0.0320723,0.03,1,326764,326306,458
35997941,27.2427,31.5295,446,46331,0.0548289,0.07,1,326788,326342,446
36000861,34.2971,27.0118,461,46377,0.0399316,0.05,1,326827,326366,461
36003781,30.5188,34.8047,449,46422,0.0339726,0.05,1,326855,326406,449
36006701,27.2075,30.7219,446,46467,0.043589,0.03,1,326880,326434,446
36009621,23.483,27.2888,442,46512,0.0234356,0,1,326901,326459,442
36012541,10.5932,23.5155,423,46557,0.0273742,0.05,1,326903,326480,423
36015461,19.2373,10.6062,446,46602,0.0529497,0.05,1,326928,326482,446
36018381,26.2949,19.2425,452,46647,0.0871799,0.03,1,326959,326507,452
36024221,48.4872,28.8788,484,46737,0.0463488,0.03,1,327052,326568,484
36027141,34.3949,48.1515,448,46782,0.0365395,0.03,1,327077,326629,448
36030061,22.7579,34.8606,437,46827,0.0326158,0.01,1,327092,326655,437
36032981,30.7032,23.5442,457,46872,0.0190463,0.01,1,327128,326671,457
36035901,24.2813,30.4177,442,46917,0.0256185,0.05,1,327148,326706,442
36038821,33.7125,24.7671,461,46962,0.0282474,0.03,1,327188,326727,461
36041741,28.485,32.1068,449,47007,0.017299,0.07,1,327213,326764,449
36044661,32.994,27.2427,461,47052,0.0489196,0.03,1,327249,326788,461
36047581,29.9976,34.2971,450,47097,0.0855678,0.03,1,327277,326827,450
36050501,26.999,30.5188,447,47142,0.0882271,0.05,1,327302,326855,447
36053421,23.9996,27.2075,444,47187,0.0892908,0.01,1,327324,326880,444
36056341,10.7998,23.483,425,47232,0.0657163,0.03,1,327326,326901,425
36059261,19.9199,10.5932,449,47277,0.0682865,0.07,1,327352,326903,449
36062181,27.768,19.2373,457,47322,0.0933146,0.11,1,327385,326928,457
36073861,31.5317,34.3949,424,47500,0.0957489,0.03,1,327501,327077,424
36076781,21.6127,22.7579,424,47544,0.0922995,0.01,1,327516,327092,424
36079701,29.6451,30.7032,423,47588,0.0549198,0.03,1,327551,327128,423
36082621,23.258,24.2813,422,47632,0.0399679,0.03,1,327570,327148,422
36085541,33.9032,33.7125,423,47676,0.0579872,0.01,1,327611,327188,423
36088461,29.7613,28.485,425,47720,0.0771949,0.07,1,327638,327213,425
36091381,34.1045,32.994,426,47764,0.0968779,0.11,1,327675,327249,426
36187741,33.4794,35.6541,458,49199,0.208453,0.15,1,328560,328102,458
36190661,27.7918,32.2616,452,49242,0.221381,0.17,1,328584,328132,452
36193581,23.1167,27.9046,447,49285,0.226552,0.13,1,328604,328157,447
36196501,10.4467,23.1619,429,49328,0.228621,0.17,1,328606,328177,429
36199421,20.3787,10.4647,454,49371,0.241448,0.15,1,328633,328179,454
36202341,28.5515,19.7859,462,49414,0.246579,0.19,1,328667,328205,462
36205261,32.4206,28.3144,463,49457,0.260632,0.15,1,328702,328239,463
36208181,14.1682,32.3257,430,49500,0.266253,0.19,1,328704,328274,430
36211101,38.6673,14.1303,483,49543,0.292501,0.21,1,328759,328276,483
36222781,22.9355,26.1953,450,49712,0.415728,0.15,1,328849,328399,450
36225701,33.1742,22.4781,470,49754,0.448291,0.19,1,328889,328419,470
36295781,21.4179,20.0017,449,50762,0.771651,0.57,2,329515,329066,449
36298701,30.1672,28.4007,451,50803,0.794661,0.59,2,329551,329100,451
36307461,41.2667,40.5536,452,50926,0.797018,0.63,2,329648,329196,452
36313301,22.6827,21.4886,455,51008,0.795923,0.67,2,329691,329236,455
36339581,26.9463,25.8619,458,51377,0.901402,0.77,2,329943,329485,458
36342501,11.9785,11.5448,458,51418,0.906561,0.79,2,329945,329487,458
36345421,22.1914,21.4179,459,51459,0.908624,0.81,2,329974,329515,459
36351261,34.5106,33.6669,462,51541,0.91698,0.81,2,330049,329587,462
36354181,15.0042,14.6667,462,51582,0.948792,0.79,2,330051,329589,462
36357101,40.8017,41.2667,461,51623,0.937517,0.81,2,330109,329648,461
36362941,22.9683,22.6827,461,51705,0.928803,0.83,2,330152,329691,461
36365861,10.3873,10.2731,461,51746,0.941521,0.81,2,330154,329693,461
36368781,25.7549,25.7092,461,51787,0.922608,0.81,2,330190,329729,461
36371701,22.902,10.2837,482,51828,0.915043,0.87,2,330211,329729,482
36374621,33.7608,16.1135,503,51869,0.936017,0.89,2,330252,329749,503
36377541,30.3043,30.4454,491,51910,0.944407,0.85,2,330280,329789,491
36567341,33.6184,28.497,507,54482,0.922,1,2,332096,331589,507
36638881,302.509,347.901,445,24820,0.293545,0.41,1,332721,332276,445
36641801,154.603,169.761,450,25633,0.207418,0.25,1,332777,332327,450
36653481,60.9434,78.3619,443,25962,0.0943499,0.01,1,333004,332561,443
36656401,52.5774,52.3447,455,26044,0.07974,0.03,1,333051,332596,455
36659321,55.231,74.3379,423,26125,0.085896,0.05,1,333108,332685,423
36662241,35.8924,41.1352,427,26206,0.0883584,0.07,1,333131,332704,427
36685601,35.5295,54.779,446,26846,0.204534,0.09,1,333554,333108,446
36688521,15.4118,35.7116,425,26925,0.207813,0.11,1,333556,333131,425
36691441,51.1647,57.4846,428,27004,0.281125,0.13,1,333631,333203,428
36694361,52.8659,55.3939,428,27082,0.29845,0.15,1,333685,333257,428
36700201,64.9785,67.303,426,27238,0.284152,0.11,1,333802,333376,426
36703121,57.1914,57.5212,427,27316,0.275661,0.17,1,333854,333427,427
36706041,55.2766,51.8085,433,27394,0.284264,0.23,1,333908,333475,433
36744001,53.618,53.5575,436,28382,0.40894,0.33,1,334503,334067,436
36790721,37.1495,57.2945,475,29553,0.909622,0.63,2,335313,334838,475
36945481,51.3028,52.0974,482,33134,0.433584,1,1,337768,337286,482
36957161,37.971,45.3113,462,33389,0.2787,0.87,1,337940,337478,462
36960081,34.3884,40.3245,457,33452,0.23748,0.75,1,337972,337515,457
36963001,34.1554,31.7298,465,33515,0.220992,0.69,1,338006,337541,465
36965921,51.4621,52.8919,461,33578,0.202397,0.67,1,338069,337608,461
36968841,37.9849,40.3568,458,33641,0.218959,0.59,1,338098,337640,458
36971761,32.5939,37.1427,452,33704,0.237583,0.51,1,338127,337675,452
36974681,28.0376,32.2571,448,33767,0.233033,0.35,1,338152,337704,448
36977601,47.215,51.3028,444,33830,0.219213,0.35,1,338212,337768,444
36980521,60.286,64.9211,439,33893,0.225685,0.31,1,338281,337842,439
36983441,40.3144,44.5685,435,33955,0.288274,0.31,1,338308,337873,435
36986361,31.7258,33.4274,435,34017,0.28931,0.25,1,338334,337899,435
36989281,36.0903,37.971,433,34079,0.289724,0.21,1,338373,337940,433
36992201,33.6361,34.3884,433,34141,0.28989,0.21,1,338405,337972,433
36995121,33.2544,34.1554,432,34203,0.265956,0.19,1,338438,338006,432
37015561,42.2992,59.9698,462,34633,0.415356,0.33,1,338743,338281,462
37018481,31.3197,40.1879,459,34694,0.424142,0.29,1,338767,338308,459
37021401,35.9279,31.6752,472,34755,0.439657,0.29,1,338806,338334,472
37024321,34.1711,36.0701,466,34816,0.445863,0.29,1,338839,338373,466
37056441,35.0722,35.9279,477,35479,0.766516,0.45,2,339283,338806,477
37059361,33.2289,34.1711,476,35539,0.780607,0.47,2,339315,338839,476
37082721,45.3177,43.253,457,36011,0.939061,0.73,2,339642,339185,457
37088561,37.4908,36.6805,459,36129,0.94105,0.79,2,339708,339249,459
37269601,34.35,39.3131,489,39590,0.9316,1,2,342103,341614,489
37304641,40.2572,43.299,509,40226,0.796209,0.99,2,342545,342036,509
37333841,31.7617,30.3586,494,40746,0.90173,0.85,2,342879,342385,494
37336761,37.9047,33.1434,501,40798,0.942692,0.81,2,342921,342420,501
37520721,83.0203,86.8466,499,20031,0.061936,0.47,1,345265,344766,499
37523641,75.8081,84.5386,487,20137,0.0667744,0.29,1,345336,344849,487
37535321,74.3487,67.6698,495,20555,0.0742374,0.05,1,345626,345131,495
37538241,66.9395,70.8679,484,20658,0.059695,0.03,1,345688,345204,484
37547001,52.4521,84.4315,458,20965,0.20854,0.15,1,345889,345431,458
37549921,22.1808,51.7726,430,21066,0.245416,0.09,1,345891,345461,430
37552841,60.4723,75.909,424,21167,0.272166,0.05,1,345977,345553,424
37555761,67.3889,74.1636,423,21267,0.210867,0.05,1,346049,345626,423
37558681,65.9556,66.8654,426,21367,0.210347,0.17,1,346114,345688,426
37564521,90.2329,87.6185,433,21565,0.217255,0.23,1,346293,345860,433
37567441,54.6932,52.4474,435,21663,0.248902,0.27,1,346324,345889,435
37570361,23.0773,22.179,435,21761,0.261561,0.29,1,346326,345891,435
37602481,72.1068,60.4948,514,22810,0.428183,0.37,1,347059,346545,514
37625841,93.1018,72.103,549,23543,0.784045,0.53,2,347608,347059,549
37637521,68.921,64.1642,522,23901,0.915224,0.67,2,347810,347288,522
37640441,28.7684,66.4657,456,23990,0.936089,0.73,2,347812,347356,456
37643361,53.5074,67.3863,458,24078,0.944436,0.73,2,347882,347424,458
37646281,68.2029,73.7545,458,24166,0.935774,0.83,2,347960,347502,458
37774761,39.3183,43.9305,472,27761,0.0832627,0.99,1,350505,350033,472
37777681,29.5273,29.5722,475,27837,0.0633051,0.83,1,350528,350053,475
37780601,39.4109,45.4289,465,27913,0.025322,0.79,1,350574,350109,465
37783521,61.3644,70.9716,453,27989,0.0281288,0.65,1,350650,350197,453
37786441,43.7457,50.5886,448,28065,0.0292515,0.63,1,350682,350234,448
37789361,35.4983,39.4354,446,28140,0.0297006,0.53,1,350712,350266,446
37792281,54.3993,55.9742,446,28215,0.0658802,0.19,1,350779,350333,446
37795201,77.5597,88.9897,428,28290,0.0683521,0.09,1,350872,350444,428
37798121,46.6239,54.7959,422,28365,0.0933408,0.09,1,350898,350476,422
37801041,35.4496,21.9183,450,28440,0.0673363,0.01,1,350926,350476,450
37803961,29.1798,26.1673,446,28514,0.0689345,0.05,1,350951,350505,446
37806881,38.0719,24.2669,467,28588,0.0335738,0,1,350995,350528,467
37809801,60.8288,37.3068,497,28662,0.0194295,0.03,1,351071,350574,497
37812721,44.7315,60.5227,455,28736,0.0377718,0.03,1,351105,350650,455
37815641,34.6926,43.4091,451,28810,0.0331087,0.03,1,351133,350682,451
37818561,54.677,35.3636,489,28883,0.0552435,0.09,1,351201,350712,489
37836081,60.7354,38.0714,498,29320,0.0798967,0.01,1,351493,350995,498
37839001,44.6942,60.8286,456,29392,0.0379587,0.05,1,351527,351071,456
37841921,34.6777,44.7314,450,29464,0.0571835,0.03,1,351555,351105,450
37844841,57.0711,34.6926,494,29536,0.0408734,0.07,1,351627,351133,494
37868201,44.4587,44.6942,425,30104,0.0587285,0.07,1,351952,351527,425
37871121,34.5835,34.6777,425,30174,0.0654914,0.03,1,351980,351555,425
37874041,55.8334,57.0711,423,30244,0.0681966,0.15,1,352050,351627,423
37879881,49.7333,48.4914,429,30384,0.228111,0.15,1,352181,351752,429
37882801,33.6933,33.1965,429,30454,0.253245,0.15,1,352204,351775,429
37885721,26.6773,26.4786,429,30523,0.275298,0.15,1,352226,351797,429
37897401,43.0237,44.4587,423,30799,0.2926,0.07,1,352375,351952,423
37900321,34.6095,34.5835,424,30868,0.29104,0.07,1,352404,351980,424
37903241,55.2438,55.8334,423,30937,0.266416,0.23,1,352473,352050,423
37906161,90.4975,85.3334,432,31005,0.280566,0.27,1,352587,352155,432
37909081,52.999,49.7333,434,31073,0.262227,0.27,1,352615,352181,434
37912001,35.5996,33.6933,435,31141,0.254891,0.29,1,352639,352204,435
37914921,28.0398,26.6773,436,31209,0.263956,0.33,1,352662,352226,436
37917841,12.4159,11.8709,436,31277,0.267583,0.33,1,352664,352228,436
37920761,31.9664,4.74837,481,31345,0.281033,0.33,1,352709,352228,481
37923681,52.3866,28.2994,503,31413,0.298413,0.33,1,352775,352272,503
37947041,12.5739,28.038,434,31947,0.411099,0.27,1,353096,352662,434
37949961,33.8296,12.4152,480,32013,0.42244,0.29,1,353144,352664,480
37996681,91.5942,90.3445,450,33054,0.791152,0.59,2,353907,353457,450
38154361,38.3082,31.3408,505,36348,0.9496,1,2,356119,355614,505
38163121,74.1877,80.7258,484,36522,0.948534,1,2,356276,355792,484
38171881,34.46,35.3345,486,36696,0.763186,1,2,356374,355888,486
38174801,25.784,31.5338,477,36754,0.779274,1,2,356394,355917,477
38177721,34.9136,29.4135,490,36811,0.76171,1,2,356435,355945,490
38180641,42.7654,49.5654,475,36868,0.754684,1,2,356483,356008,475
38183561,35.7062,41.4262,470,36925,0.775874,0.99,2,356514,356044,470
38186481,41.2825,38.7705,478,36982,0.760349,0.92,2,356559,356081,478
38201081,47.2419,68.1951,498,37267,0.765428,0.83,2,356774,356276,498
38204001,35.0968,49.478,488,37324,0.780171,0.77,2,356801,356313,488
38206921,32.6387,37.1912,490,37381,0.798068,0.73,2,356832,356342,490
38209841,25.0555,34.0765,478,37438,0.781227,0.79,2,356852,356374,478
38212761,33.4222,25.6306,497,37494,0.774491,0.75,2,356891,356394,497
38236121,49.6259,70.1047,493,37942,0.901541,0.79,2,357235,356742,493
38239041,35.4504,47.2419,487,37998,0.918616,0.79,2,357261,356774,487
38241961,32.1801,35.0968,490,38054,0.925447,0.81,2,357291,356801,490
38244881,24.8721,32.6387,479,38110,0.928179,0.77,2,357311,356832,479
38379201,30.2581,33.1649,518,40580,0.9232,1,2,359027,358509,518
38460961,48.1963,46.9784,447,42012,0.783101,0.59,2,360004,359557,447
38469721,39.3966,38.8146,450,42162,0.919158,0.55,2,360137,359687,450
38472641,36.7586,35.9258,451,42212,0.925663,0.55,2,360172,359721,451
38475561,15.9034,15.5703,451,42262,0.928265,0.61,2,360174,359723,451
38478481,12.3614,11.6281,452,42312,0.941306,0.57,2,360184,359732,452
38498921,27.5137,25.9906,459,42662,0.927482,0.81,2,360400,359941,459
38501841,51.2055,48.1963,463,42711,0.904993,0.89,2,360467,360004,463
38542721,49.1124,27.5015,530,43397,0.936822,0.89,2,360930,360400,530
38698941,162.485,169.878,491,20544,0.238,0.79,1,362753,362262,491
38704781,106.878,105.9,506,20750,0.0752799,0.71,1,362937,362431,506
38707701,96.7511,102.96,495,20852,0.060112,0.53,1,363027,362532,495
38710621,77.1004,87.3841,482,20954,0.0420448,0.33,1,363091,362609,482
38713541,41.6402,68.5536,444,21055,0.0348179,0.17,1,363109,362665,444
38716461,29.2561,38.8215,446,21156,0.0319272,0.03,1,363130,362684,446
38719381,39.3024,56.9286,423,21256,0.0187709,0.03,1,363176,362753,423
38722301,64.321,71.9714,422,21356,0.0255083,0.05,1,363257,362835,422
38725221,86.9284,89.9886,422,21455,0.0402033,0.05,1,363359,362937,422
38728141,89.9714,89.9954,424,21554,0.0940813,0.03,1,363451,363027,424
38742741,62.9997,64.2518,422,22042,0.0800002,0.05,1,363679,363257,422
38745661,86.9999,86.9007,423,22138,0.0500001,0.13,1,363782,363359,423
38748581,93,89.9603,428,22234,0.062,0.13,1,363879,363451,428
38751501,76.2,74.9841,428,22329,0.0668,0.15,1,363944,363516,428
38754421,39.48,38.9936,428,22424,0.08072,0.13,1,363959,363531,428
38757341,31.392,29.9975,430,22519,0.098288,0.13,1,363985,363555,430
38763181,58.9027,31.7996,500,22707,0.0937261,0.03,1,364100,363600,500
38766101,85.3611,60.1198,524,22800,0.0434904,0.03,1,364203,363679,524
38769021,92.9444,85.8479,519,22893,0.0233962,0.07,1,364301,363782,519
38771941,77.3778,92.5392,489,22986,0.0273585,0.07,1,364368,363879,489
38774861,40.5511,76.0157,440,23078,0.0289434,0.09,1,364384,363944,440
38777781,33.0204,39.4063,453,23170,0.0295774,0.11,1,364412,363959,453
38780701,39.0082,31.3625,470,23261,0.0778309,0.15,1,364455,363985,470
38786541,83.5213,58.898,524,23443,0.066453,0.01,1,364624,364100,524
38789461,92.8085,85.3592,520,23533,0.0565812,0.01,1,364723,364203,520
38792381,77.3234,92.9437,489,23623,0.0646325,0.03,1,364790,364301,489
38795301,40.5294,77.3775,438,23713,0.067853,0.03,1,364806,364368,438
38798221,33.6117,40.551,451,23802,0.0931412,0.03,1,364835,364384,451
38812821,86.6923,92.8085,424,24244,0.0600034,0.07,1,365147,364723,424
38815741,75.4769,77.3234,425,24331,0.0780013,0.07,1,365215,364790,425
38818661,39.7908,40.5294,425,24418,0.0972005,0.11,1,365231,364806,425
38833261,65.146,66.7309,426,24849,0.246899,0.01,1,365473,365047,426
38836181,83.6584,86.6923,422,24934,0.28476,0.09,1,365569,365147,422
38839101,76.0634,75.4769,425,25019,0.287904,0.11,1,365640,365215,425
38842021,40.0253,39.7908,425,25104,0.265162,0.15,1,365656,365231,425
38844941,35.8101,34.5163,427,25188,0.292065,0.15,1,365689,365262,427
38853701,26.2438,24.865,433,25440,0.407732,0.19,1,365814,365381,433
38856621,66.8975,9.94602,527,25523,0.445093,0.29,1,365908,365381,527
38871221,44.3622,35.6574,485,25935,0.428945,0.39,1,366174,365689,485
38874141,65.7449,42.4629,518,26017,0.441578,0.39,1,366254,365736,518
38877061,27.4979,62.5852,444,26098,0.446631,0.43,1,366256,365812,444
38912101,55.7486,75.0559,451,27056,0.75653,0.59,2,366968,366517,451
38915021,31.8994,39.6223,451,27134,0.776612,0.57,2,366984,366533,451
38917941,33.1598,36.8489,450,27212,0.784645,0.59,2,367018,366568,450
38920861,42.0639,42.9396,451,27290,0.787858,0.63,2,367066,366615,451
38932541,87.3328,86.6785,457,27599,0.940185,0.71,2,367354,366897,457
39040581,74.5704,86.0103,473,30308,0.922,1,2,369233,368760,473
39063941,43.4013,45.3149,488,30863,0.296433,1,1,369565,369077,488
39066861,54.5605,61.926,477,30932,0.268573,0.87,1,369627,369150,477
39069781,66.2242,74.5704,468,31000,0.233429,0.81,1,369701,369233,468
39081461,30.1017,32.6146,455,31272,0.21924,0.47,1,369846,369391,455
39084381,28.8407,34.6458,447,31340,0.213696,0.47,1,369874,369427,447
39087301,31.9363,13.8583,481,31408,0.211478,0.41,1,369908,369427,481
39090221,46.9745,28.9433,499,31475,0.210591,0.35,1,369965,369466,499
39093141,37.9898,48.1773,470,31542,0.210237,0.23,1,369997,369527,470
39096061,51.7959,42.0709,493,31609,0.210095,0.25,1,370058,369565,493
39107741,37.2444,45.6018,459,31877,0.217778,0.17,1,370249,369790,459
39110661,31.6978,36.2407,457,31943,0.237111,0.25,1,370277,369820,457
39113581,29.4791,30.0963,459,32009,0.280845,0.21,1,370305,369846,459
39116501,30.9916,28.8385,463,32075,0.298338,0.21,1,370337,369874,463
39134021,47.7234,53.5273,474,32469,0.423758,0.21,1,370650,370176,474
39183661,40.369,40.9507,444,33559,0.760431,0.49,2,371278,370834,444
39186581,35.9476,35.5803,445,33622,0.778172,0.55,2,371311,370866,445
39195341,57.1646,55.2691,451,33811,0.901083,0.63,2,371500,371049,451
39198261,52.2659,50.3077,453,33874,0.906433,0.65,2,371549,371096,453
39201181,38.9063,38.7231,452,33936,0.920573,0.67,2,371579,371127,452
39204101,32.9625,32.2892,453,33998,0.938229,0.71,2,371608,371155,453
39341341,33.9327,37.3515,487,36809,0.931696,1,2,373554,373067,487
39350101,33.4437,33.9265,491,36980,0.793309,1,2,373654,373163,491
39353021,33.7775,32.7706,493,37037,0.767323,1,2,373688,373195,493
39358861,39.7244,46.1633,482,37151,0.783972,1,2,373765,373283,482
39379301,29.2534,33.8193,499,37548,0.438583,0.83,1,374053,373554,499
39385141,29.4005,34.0911,493,37660,0.404973,0.75,1,374114,373621,493
39399741,42.3279,53.0896,493,37940,0.405763,0.57,1,374320,373827,493
39402661,52.3312,49.4358,505,37996,0.432305,0.51,1,374379,373874,505
39405581,37.1325,55.7743,472,38052,0.430922,0.51,1,374406,373934,472
39408501,35.253,39.7097,477,38108,0.442369,0.53,1,374440,373963,477
39411421,31.5012,35.0839,474,38163,0.434948,0.45,1,374469,373995,474
39469821,55.1214,53.8763,450,39254,0.797877,0.57,2,375175,374725,450
39481501,34.7855,34.1536,451,39470,0.918266,0.61,2,375302,374851,451
39484421,34.3142,33.4615,452,39524,0.925306,0.63,2,375336,374884,452
39687361,31.8024,20.1557,563,43101,0.9076,1,2,377852,377289,563
39741381,114.637,117.401,460,19925,0.0556346,0.07,1,378649,378189,460
39744301,81.2546,86.5603,453,20031,0.0762538,0.03,1,378708,378255,453
39747221,47.5018,67.6241,423,20137,0.0305015,0.01,1,378733,378310,423
39750141,42.4007,40.2496,440,20242,0.0422006,0.01,1,378772,378332,440
39753061,60.7603,55.6999,447,20347,0.0588802,0.03,1,378845,378398,447
39755981,96.3041,61.8799,501,20451,0.0775521,0.09,1,378965,378464,501
39758901,103.322,70.352,533,20555,0.0490208,0.01,1,379073,378540,533
39761821,77.3287,93.5408,484,20658,0.0496083,0.09,1,379133,378649,484
39764741,43.5315,72.8163,446,20761,0.0498433,0,1,379154,378708,446
39767661,42.0126,44.1265,462,20863,0.0379373,0.05,1,379195,378733,462
39770581,61.205,41.0506,497,20965,0.0331749,0.07,1,379269,378772,497
39773501,25.682,60.2202,426,21066,0.03127,0.09,1,379271,378845,426
39776421,82.8728,96.0881,427,21167,0.042508,0.03,1,379392,378965,427
39779341,94.9491,103.235,422,21267,0.0230032,0.05,1,379495,379073,422
39782261,75.7797,77.2941,425,21367,0.0392013,0.05,1,379558,379133,425
39785181,41.1119,43.5176,422,21466,0.0456805,0.03,1,379576,379154,422
39788101,41.6447,42.0071,423,21565,0.0602722,0.03,1,379618,379195,423
39791021,61.0579,61.2028,423,21663,0.0901089,0.03,1,379692,379269,423
39799781,93.9797,94.949,422,21955,0.048727,0.05,1,379917,379495,422
39802701,76.5919,75.7796,424,22052,0.0194908,0.05,1,379982,379558,424
39805621,40.2368,41.1118,422,22148,0.0377963,0.07,1,379998,379576,422
39808541,42.4947,41.6447,424,22244,0.0451185,0.11,1,380042,379618,424
39811461,61.9979,61.0579,425,22339,0.0600474,0.11,1,380117,379692,425
39814381,25.9992,25.6232,425,22434,0.090019,0.11,1,380119,379694,425
39828981,42.2989,37.0323,465,22903,0.0780962,0.05,1,380463,379998,465
39831901,63.7196,41.2129,499,22996,0.0492385,0.07,1,380541,380042,499
39834821,26.6878,61.4852,426,23088,0.0496954,0.11,1,380543,380117,426
39837741,87.4751,25.7941,552,23180,0.0858782,0.19,1,380671,380119,552
39843581,74.596,90.8871,491,23362,0.218941,0.11,1,380829,380338,491
39846501,39.4384,75.3548,442,23453,0.261576,0.11,1,380845,380403,442
39849421,40.3754,39.7419,467,23543,0.29063,0.05,1,380886,380419,467
39861101,93.2608,87.475,522,23901,0.403392,0.13,1,381193,380671,522
39864021,38.5043,91.99,429,23990,0.419357,0.29,1,381195,380766,429
39866941,57.4017,74.596,436,24078,0.449743,0.29,1,381265,380829,436
39907821,97.9206,95.1641,454,25282,0.767186,0.69,2,382090,381636,454
39910741,40.3682,39.2657,454,25366,0.780874,0.65,2,382092,381638,454
39913661,58.1473,57.7063,454,25450,0.79835,0.65,2,382162,381708,454
39934101,41.5081,97.7788,462,26027,0.903261,0.79,2,382552,382090,462
39937021,59.2032,40.3115,531,26108,0.943305,0.81,2,382623,382092,531
40036301,62.6803,97.8355,522,28736,0.413142,1,1,384501,383979,522
40042141,38.2288,55.6137,509,28883,0.290503,1,1,384575,384066,509
40045061,30.2915,37.2455,509,28956,0.266201,1,1,384600,384091,509
40056741,75.4827,32.5039,578,29248,0.215855,0.73,1,384807,384229,578
40059661,88.3931,88.0016,550,29320,0.236342,0.39,1,384904,384354,550
40062581,55.7572,101.201,474,29392,0.268537,0.31,1,384938,384464,474
40065501,46.3029,62.6802,477,29464,0.257415,0.31,1,384978,384501,477
40074261,33.1074,30.2915,470,29679,0.424235,0.15,1,385070,384600,470
40088861,86.7179,88.3931,435,30034,0.441403,0.29,1,385339,384904,435
40132661,34.6888,34.7472,449,31073,0.753038,0.59,2,385961,385512,449
40135581,36.0755,35.4989,450,31141,0.787215,0.59,2,385998,385548,450
40176461,92.797,72.8925,567,32079,0.92736,0.83,2,386704,386137,567
40313701,28.0383,34.7951,508,35044,0.91672,1,2,388740,388232,508
40322461,37.2184,36.0189,519,35224,0.78947,1,2,388848,388329,519
40325381,34.0874,43.2076,503,35284,0.777788,1,2,388880,388377,503
40351661,26.5722,31.6153,464,35820,0.434188,0.83,1,389238,388774,464
40380861,13.5161,13.8262,445,36406,0.766563,0.47,2,389628,389183,445
40383781,18.6064,19.9305,443,36464,0.780625,0.41,2,389650,389207,443
40386701,26.0426,26.5722,443,36522,0.79825,0.49,2,389681,389238,443
40389621,32.617,31.0289,446,36580,0.7693,0.51,2,389718,389272,446
40392541,34.6468,33.4115,447,36638,0.76972,0.55,2,389754,389307,447
40395461,32.4587,31.9646,447,36696,0.793888,0.51,2,389785,389338,447
40439261,82.7806,50.7477,565,37550,0.901566,0.81,2,390447,389882,565
40442181,60.7123,82.0991,508,37606,0.918626,0.83,2,390493,389985,508
40445101,39.8849,60.4396,488,37662,0.925451,0.79,2,390519,390031,488
40448021,32.154,40.9759,487,37718,0.94018,0.85,2,390546,390059,487
40450941,14.0616,31.9903,463,37774,0.946072,0.85,2,390548,390085,463
40453861,19.4246,13.9961,484,37830,0.948429,0.83,2,390571,390087,484
40611541,32.2686,32.4637,510,40736,0.928,1,2,392622,392112,510
40623221,30.2645,32.0791,506,40944,0.917757,1,2,392732,392226,506
40672861,48.3584,50.2729,452,41812,0.791947,0.61,2,393377,392925,452
40702061,21.3623,20.1886,456,42312,0.901938,0.71,2,393624,393168,456
40704981,26.5449,25.4755,457,42362,0.942775,0.73,2,393654,393197,457
40900621,33.0885,23.5281,507,45580,0.920848,1,2,395958,395451,507
40926901,33.5339,18.4196,512,45994,0.941169,1,2,396229,395717,512
40929821,35.0136,28.9678,512,46040,0.946468,1,2,396265,395753,512
40944421,31.7688,31.608,507,46270,0.794828,0.87,2,396431,395924,507
40961941,27.2177,24.2308,500,46542,0.76309,1,2,396581,396081,500
40967781,44.5548,34.8369,522,46632,0.795294,0.95,2,396672,396150,522
40985301,27.4905,34.3049,485,46902,0.915079,0.85,2,396856,396371,485
40988221,30.7962,29.9219,491,46947,0.924032,0.75,2,396889,396398,491
40991141,23.7185,31.7688,477,46992,0.939613,0.71,2,396908,396431,477
40994061,23.2874,23.5075,482,47037,0.933845,0.75,2,396931,396449,482
40996981,26.715,25.003,485,47082,0.943538,0.73,2,396960,396475,485
41218901,344.816,375.501,503,23360,0.753992,0.91,2,399309,398806,503
41245181,44.0464,52.7066,451,24164,0.795341,0.59,2,399811,399360,451
41253941,82.451,80.9652,455,24426,0.781702,0.69,2,400015,399560,455
41256861,74.9804,73.7861,456,24513,0.798681,0.71,2,400085,399629,456
41277301,80.1802,82.4461,459,25112,0.941093,0.81,2,400474,400015,459
41367821,56.0026,53.9321,495,27606,0.92704,1,2,402239,401744,495
41370741,42.801,36.5728,504,27683,0.910816,1,2,402273,401769,504
41385341,58.8687,60.915,478,28064,0.0630483,0.99,1,402580,402102,478
41388261,49.9475,44.766,488,28139,0.0432193,1,1,402624,402136,488
41391181,38.579,39.5064,483,28214,0.0352877,0.88,1,402655,402172,483
41394101,49.6316,56.0026,473,28289,0.0321151,0.9,1,402712,402239,473
41397021,38.4526,42.801,470,28364,0.066846,0.9,1,402743,402273,470
41399941,27.3811,17.1204,490,28439,0.0447384,0.81,1,402763,402273,490
41402861,53.5524,24.8482,531,28513,0.0598954,0.45,1,402834,402303,531
41405781,48.421,63.3393,487,28587,0.0779581,0.25,1,402879,402392,487
41408701,63.1684,59.5357,503,28661,0.0971833,0,1,402952,402449,503
41411621,55.2674,73.0143,471,28735,0.0448733,0,1,403002,402531,471
41414541,51.5069,58.6057,471,28809,0.0239493,0.03,1,403051,402580,471
41417461,39.2028,49.8423,458,28882,0.0395797,0.03,1,403082,402624,458
41420381,46.2811,38.5369,478,28955,0.0218319,0.03,1,403133,402655,478
41423301,39.5124,49.6148,456,29028,0.0267328,0.09,1,403168,402712,456
41426221,27.205,38.4459,444,29101,0.0766931,0.03,1,403187,402743,444
41434981,61.9331,48.4205,497,29319,0.200988,0.11,1,403376,402879,497
41437901,54.1732,63.1682,473,29391,0.242395,0.01,1,403425,402952,473
41455421,55.3203,27.205,499,29820,0.0979893,0.13,1,403686,403187,499
41458341,23.3281,54.082,429,29891,0.0931957,0.19,1,403688,403259,429
41470021,45.0308,50.4693,426,30173,0.0846098,0.09,1,403899,403473,426
41472941,37.2123,39.3877,426,30243,0.0758439,0.11,1,403931,403505,426
41475861,44.2849,45.7551,425,30313,0.0723376,0.11,1,403980,403555,425
41490461,39.2509,38.7313,427,30660,0.213352,0.15,1,404164,403737,427
41493381,58.9004,58.6925,427,30729,0.223341,0.09,1,404236,403809,427
41496301,52.3601,54.077,424,30798,0.275336,0.07,1,404284,403860,424
41499221,44.9441,45.0308,425,30867,0.296135,0.07,1,404324,403899,425
41516741,23.7221,23.1273,430,31276,0.417563,0.15,1,404544,404114,430
41519661,40.0889,9.25092,481,31344,0.449025,0.25,1,404595,404114,481
41563461,45.4876,38.1495,498,32343,0.77398,0.57,2,405291,404793,498
41566381,43.3951,44.6598,491,32408,0.795592,0.57,2,405333,404842,491
41583901,25.4499,60.4861,454,32798,0.904509,0.67,2,405566,405112,454
41586821,42.58,55.9944,455,32862,0.919803,0.69,2,405620,405165,455
41589741,44.032,48.7978,456,32926,0.913921,0.75,2,405665,405209,456
41607261,25.2863,24.9053,464,33310,0.929439,0.89,2,405900,405436,464
41738661,42.7932,41.9194,492,36056,0.928,1,2,407832,407340,492
41753261,34.1332,39.891,488,36348,0.442472,1,1,408041,407553,488
41762021,34.7525,34.545,494,36522,0.286318,1,1,408150,407656,494
41764941,31.901,39.018,482,36580,0.252527,1,1,408180,407698,482
41767861,30.7604,34.2072,481,36638,0.227011,1,1,408210,407729,481
41770781,48.9042,54.4829,474,36696,0.228804,0.88,1,408271,407797,474
41773701,37.5617,42.7932,469,36754,0.217522,0.81,1,408301,407832,469
41776621,33.0247,40.5173,460,36811,0.213009,0.67,1,408331,407871,460
41788301,30.279,34.1332,443,37039,0.094109,0.35,1,408484,408041,443
41797061,32.4179,13.7525,466,37210,0.096983,0.25,1,408581,408115,466
41799981,29.7671,26.501,459,37267,0.0927932,0.23,1,408609,408150,459
41805821,49.2827,29.4402,490,37381,0.0472469,0.23,1,408700,408210,490
41808741,38.9131,48.3761,461,37438,0.0608988,0.21,1,408732,408271,461
41811661,32.9652,37.3504,460,37494,0.0663595,0.21,1,408761,408301,460
41832101,32.0667,30.0443,459,37886,0.204246,0.09,1,409006,408547,459
41835021,30.8267,32.4177,455,37942,0.207698,0.09,1,409036,408581,455
41837941,28.5307,29.7671,454,37998,0.233079,0.11,1,409063,408609,454
41840861,46.2123,28.7068,484,38054,0.255232,0.01,1,409121,408637,484
41843781,40.0849,49.2827,457,38110,0.276093,0.07,1,409157,408700,457
41846701,34.034,38.9131,455,38165,0.284437,0.07,1,409187,408732,455
41870061,30.8596,32.0667,461,38605,0.401798,0.21,1,409467,409006,461
41872981,13.5438,30.8267,433,38660,0.406719,0.25,1,409469,409036,433
41875901,22.8175,28.5307,435,38715,0.420688,0.27,1,409498,409063,435
41878821,45.127,46.2123,437,38770,0.438275,0.29,1,409558,409121,437
41884661,33.6203,34.034,436,38878,0.440924,0.35,1,409623,409187,436
41887581,50.0481,48.4136,439,38932,0.44637,0.33,1,409684,409245,439
41943061,34.9481,33.6856,450,39950,0.781258,0.57,2,410329,409879,450
41945981,31.9793,31.4742,450,40003,0.774503,0.57,2,410359,409909,450
41948901,13.9917,13.7897,450,40056,0.771801,0.59,2,410361,409911,450
41951821,23.5967,22.9159,451,40109,0.782721,0.59,2,410391,409940,451
41969341,34.2145,41.2318,483,40424,0.92801,0.73,2,410645,410162,483
42112421,31.6879,36.8633,492,42907,0.924452,1,2,412363,411871,492
42115341,30.6752,31.5453,494,42956,0.903781,1,2,412393,411899,494
42129941,35.26,47.9285,501,43201,0.786999,1,2,412564,412063,501
42132861,38.104,38.3714,509,43250,0.776799,0.98,2,412604,412095,509
42135781,30.2416,33.9486,503,43299,0.78472,0.99,2,412629,412126,503
42141621,35.9187,36.2718,507,43397,0.777155,1,2,412700,412193,507
42144541,34.1675,33.1087,509,43446,0.772862,0.94,2,412733,412224,509
42167901,37.8954,32.8752,502,43832,0.772802,0.79,2,412992,412490,502
42170821,33.7582,37.1501,493,43880,0.795121,0.77,2,413023,412530,493
42182501,34.6706,31.2966,498,44072,0.908883,0.81,2,413159,412661,498
42185421,33.0682,35.9187,491,44120,0.909553,0.77,2,413191,412700,491
42202941,29.1874,27.7406,488,44408,0.914464,0.75,2,413373,412885,488
42205861,33.8749,29.0962,495,44456,0.923786,0.75,2,413410,412915,495
42208781,14.75,33.2385,461,44503,0.927514,0.79,2,413412,412951,461
42211701,31.1,37.8954,462,44550,0.941006,0.81,2,413454,412992,462
42451141,118.761,125.165,475,22093,0.0716381,0.21,1,416149,415674,475
42454061,77.5045,92.0658,455,22189,0.0586553,0.03,1,416199,415744,455
42456981,66.4018,77.6263,446,22285,0.0534621,0.03,1,416258,415812,446
42459901,66.7607,64.0505,458,22380,0.0393848,0,1,416325,415867,458
42462821,50.7043,71.2202,422,22475,0.0157539,0.01,1,416365,415943,422
42465741,34.0817,33.8881,436,22569,0.0243016,0.01,1,416388,415952,436
42468661,76.6327,30.9552,512,22663,0.0277206,0.03,1,416493,415981,512
42471581,78.0531,65.7821,502,22757,0.0410883,0.01,1,416572,416070,502
42474501,61.2212,73.7128,473,22850,0.0704353,0.05,1,416622,416149,473
42477421,59.8885,59.4851,482,22943,0.0461741,0.05,1,416681,416199,482
42480341,64.1554,59.1941,490,23035,0.0184696,0.03,1,416748,416258,490
42483261,49.0622,63.8776,462,23127,0.0253879,0,1,416787,416325,462
42486181,32.8249,49.551,444,23219,0.0161551,0.03,1,416809,416365,444
42489101,78.5299,33.6204,530,23310,0.0484621,0.03,1,416918,416388,530
42492021,78.212,76.4482,503,23401,0.0373848,0.05,1,416996,416493,503
42494941,61.8848,77.9793,475,23492,0.0449539,0.09,1,417047,416572,475
42497861,58.3539,61.1917,481,23582,0.0359816,0.03,1,417103,416622,481
42500781,64.1416,59.8767,490,23672,0.0203926,0,1,417171,416681,490
42503701,49.0566,64.1507,462,23762,0.0141571,0.03,1,417210,416748,462
42506621,31.6226,49.0603,443,23851,0.0236628,0.01,1,417230,416787,443
42509541,78.6491,32.8241,531,23940,0.0514651,0.07,1,417340,416809,531
42512461,32.6596,78.5296,424,24029,0.0625861,0.03,1,417342,416918,424
42515381,59.2638,78.2119,423,24117,0.0910344,0.05,1,417419,416996,423
42524141,63.3849,64.1416,424,24380,0.0775862,0.01,1,417595,417171,424
42527061,48.154,49.0566,423,24467,0.0730345,0.03,1,417633,417210,423
42529981,30.6616,31.6226,422,24554,0.0592138,0.07,1,417652,417230,422
42532901,80.0646,78.6491,425,24640,0.0296855,0.07,1,417765,417340,425
42535821,33.2259,32.6596,425,24726,0.0178742,0.11,1,417767,417342,425
42538741,59.4903,59.2638,425,24812,0.0611497,0.11,1,417844,417419,425
42556261,79.0449,80.0646,422,25320,0.093622,0.01,1,418187,417765,422
42559181,32.818,33.2259,422,25404,0.0914488,0.09,1,418189,417767,422
42579621,76.6514,30.7467,534,25982,0.20565,0.05,1,418610,418076,534
42582541,31.8606,78.8987,425,26064,0.22026,0.09,1,418612,418187,425
42585461,62.5442,32.7595,506,26145,0.250104,0.13,1,418695,418189,506
42588381,59.2177,60.5038,484,26226,0.262042,0.15,1,418752,418268,484
42591301,57.8871,57.2015,486,26307,0.290817,0.17,1,418809,418323,486
42600061,31.6648,47.8209,450,26548,0.296772,0.17,1,418933,418483,450
42608821,63.9705,31.8605,517,26787,0.424833,0.27,1,419129,418612,517
42611741,60.9882,62.5442,493,26866,0.439933,0.27,1,419188,418695,493
42614661,25.5953,59.2177,438,26945,0.445973,0.31,1,419190,418752,438
42655541,85.2219,80.6832,453,28025,0.786386,0.59,2,419937,419484,453
42667221,26.1145,25.8543,453,28326,0.914803,0.65,2,420087,419634,453
42670141,45.2458,44.5417,454,28401,0.935921,0.65,2,420145,419691,454
42673061,56.4983,17.8167,518,28476,0.944369,0.67,2,420209,419691,518
42798621,49.6416,86.2358,504,31513,0.79048,1,2,422337,421833,504
42813221,46.476,40.9016,524,31848,0.280149,1,1,422580,422056,524
42816141,35.9904,49.9606,497,31914,0.22606,1,1,422609,422112,497
42845341,34.0451,46.476,458,32570,0.212863,0.19,1,423038,422580,458
42848261,28.6181,35.9904,454,32635,0.259145,0.13,1,423063,422609,454
42851181,26.4472,30.5962,452,32700,0.241658,0.15,1,423088,422636,452
42854101,73.5789,27.2385,532,32765,0.258663,0.09,1,423193,422661,532
42857021,30.6316,73.8954,429,32830,0.265465,0.17,1,423195,422766,429
42859941,28.4526,45.1582,430,32894,0.280186,0.17,1,423222,422792,430
42862861,28.181,36.0633,428,32958,0.286074,0.11,1,423250,422822,428
42865781,59.2724,61.8253,429,33022,0.28843,0.15,1,423330,422901,429
42880381,28.7004,28.6181,434,33342,0.41223,0.23,1,423497,423063,434
42883301,25.8802,26.4472,433,33405,0.422892,0.27,1,423521,423088,433
42924181,29.1011,12.4083,473,34280,0.773324,0.57,2,424103,423630,473
42927101,28.4404,20.5633,475,34342,0.79533,0.57,2,424131,423656,475
42950461,81.2404,26.0742,571,34831,0.937101,0.79,2,424533,423962,571
42953381,33.6962,77.6297,461,34892,0.93284,0.75,2,424535,424074,461
42956301,30.2785,32.2519,487,34953,0.931136,0.79,2,424563,424076,487
43096461,34.2753,32.9505,527,37744,0.9052,1,2,426528,426001,527
43102301,34.044,31.5521,532,37856,0.782032,1,2,426593,426061,532
43125661,47.5964,86.6766,494,38300,0.439297,0.95,1,426932,426438,494
43128581,37.0386,51.4706,496,38355,0.433719,0.95,1,426962,426466,496
43131501,31.0154,39.1883,492,38410,0.431488,0.87,1,426989,426497,492
43134421,28.6062,34.2753,488,38465,0.406595,0.83,1,427016,426528,488
43157781,32.0052,32.7274,448,38903,0.408964,0.45,1,427241,426793,448
43160701,78.8021,81.491,444,38957,0.433585,0.43,1,427351,426907,444
43163621,46.5208,47.5964,444,39011,0.431434,0.43,1,427376,426932,444
43166541,37.2083,37.0386,445,39065,0.430574,0.43,1,427407,426962,445
43222021,20.5332,20.3796,448,40080,0.771551,0.53,2,427991,427543,448
43224941,27.4133,8.15184,480,40133,0.75862,0.59,2,428023,427543,480
43227861,34.3653,22.4607,487,40186,0.789448,0.61,2,428062,427575,487
43259981,20.7787,12.3327,484,40759,0.901115,0.79,2,428449,427965,484
43262901,28.1115,20.5331,491,40811,0.906446,0.75,2,428482,427991,491
43265821,35.8446,27.4132,500,40863,0.932578,0.81,2,428523,428023,500
43438101,42.4388,31.5472,558,43805,0.931619,1,2,430600,430042,558
43455621,29.7672,36.7208,509,44093,0.279465,1,1,430812,430303,509
43458541,25.7069,33.2883,501,44141,0.201786,1,1,430835,430334,501
43464381,32.6731,36.5261,502,44237,0.0622857,1,1,430909,430407,502
43467301,21.4692,31.4105,488,44285,0.0309143,0.97,1,430923,430435,488
43470221,25.3877,22.7642,499,44333,0.0543657,1,1,430951,430452,499
43473141,29.9551,27.1057,502,44381,0.0277463,0.98,1,430984,430482,502
43476061,32.382,31.2423,502,44429,0.0110985,0.95,1,431018,430516,502
43478981,14.1528,34.0969,468,44476,0.0104394,0.91,1,431020,430552,468
43481901,33.8611,42.4388,467,44523,0.0101758,0.81,1,431067,430600,467
43484821,33.3445,38.5755,464,44570,0.0220703,0.65,1,431100,430636,464
43487741,36.7378,46.0302,452,44617,0.0268281,0.47,1,431139,430687,452
43490661,31.4951,37.6121,448,44664,0.0527313,0.39,1,431167,430719,448
43493581,29.398,36.0448,441,44711,0.0990925,0.33,1,431195,430754,441
43514021,26.3547,25.3877,425,45040,0.0630228,0.01,1,431376,430951,425
43516941,29.1419,29.9551,423,45087,0.0552091,0,1,431407,430984,423
43519861,32.0568,32.382,423,45134,0.0400836,0.01,1,431441,431018,423
43522781,14.0227,14.1528,423,45181,0.0340335,0.01,1,431443,431020,423
43528621,33.0836,33.3445,422,45275,0.0834453,0.03,1,431522,431100,422
43531541,36.6335,36.7378,422,45322,0.0633781,0.07,1,431561,431139,422
43534461,32.0534,31.4951,423,45369,0.0793513,0.13,1,431590,431167,423
43537381,30.2214,29.398,424,45415,0.0977405,0.11,1,431619,431195,424
43540301,29.4885,26.1592,429,45461,0.0930962,0.17,1,431648,431219,429
43543221,23.7954,24.2637,426,45507,0.0912385,0.11,1,431668,431242,426
43546141,20.3182,21.1055,425,45553,0.0664954,0.19,1,431686,431261,425
43549061,35.1273,33.0422,429,45599,0.0685982,0.11,1,431731,431302,429
43551981,30.8509,31.2169,427,45645,0.0934393,0.15,1,431759,431332,427
43554901,19.5404,20.8867,425,45691,0.0793757,0.01,1,431771,431346,425
43557821,24.0161,26.3547,422,45737,0.0617503,0.05,1,431798,431376,422
43560741,28.2065,29.1419,422,45783,0.0427001,0.03,1,431829,431407,422
43563661,32.2826,32.0568,423,45829,0.04708,0.03,1,431864,431441,423
43566581,14.113,14.0227,423,45875,0.048832,0.15,1,431866,431443,423
43569501,34.4452,33.2091,425,45921,0.0615328,0.15,1,431914,431489,425
43572421,32.3781,13.2836,456,45967,0.0786131,0.07,1,431945,431489,456
43578261,32.3005,33.4454,452,46059,0.0977781,0.09,1,432013,431561,452
43595781,31.0827,35.1142,452,46335,0.205101,0.11,1,432183,431731,452
43598701,20.8331,30.8457,438,46381,0.208041,0.07,1,432197,431759,438
43624981,32.8249,32.3005,458,46786,0.214537,0.15,1,432471,432013,458
43627901,30.53,30.9202,457,46831,0.259815,0.17,1,432500,432043,457
43630821,24.812,29.1681,450,46876,0.265926,0.17,1,432521,432071,450
43654181,13.5219,31.5973,428,47236,0.400325,0.11,1,432713,432285,428
43665861,16.455,36.4057,432,47415,0.404376,0.21,1,432840,432408,432
43668781,25.182,32.5623,433,47459,0.419751,0.23,1,432871,432438,433
43683381,36.7455,36.1299,439,47679,0.420429,0.35,1,433025,432586,439
43686301,31.4982,31.252,439,47723,0.438172,0.35,1,433053,432614,439
43756381,39.8825,38.8132,449,48772,0.77233,0.55,2,433729,433280,449
43759301,17.153,16.7253,449,48815,0.758932,0.59,2,433731,433282,449
43762221,25.4612,24.6901,450,48858,0.765573,0.59,2,433762,433312,450
43770981,28.7975,27.2602,479,48987,0.756277,0.67,2,433853,433374,479
43773901,24.719,24.7041,478,49030,0.788511,0.73,2,433875,433397,478
43806021,17.6713,39.8825,460,49503,0.903334,0.75,2,434189,433729,460
43811861,29.4674,25.4612,490,49589,0.928133,0.73,2,434252,433762,490
43814781,29.787,29.9845,487,49631,0.941253,0.73,2,434282,433795,487
44067361,165.577,169.009,497,24178,0.2548,1,1,436822,436325,497
44073201,82.6523,88.1215,505,24353,0.043168,1,1,436969,436464,505
44076121,75.6609,79.0486,503,24440,0.0472672,0.67,1,437040,436537,503
44079041,66.2644,79.0194,484,24527,0.0369069,0.55,1,437100,436616,484
44081961,69.1057,65.2078,499,24613,0.0207628,0.25,1,437171,436672,499
44084881,37.2423,71.6831,439,24699,0.0503051,0.15,1,437187,436748,439
44087801,22.6969,37.6732,437,24785,0.074122,0.09,1,437200,436763,437
44090721,35.4788,50.4693,422,24871,0.0956488,0.01,1,437244,436822,422
44093641,68.1915,73.5877,423,24956,0.0922595,0,1,437334,436911,423
44096561,64.4766,64.2351,427,25041,0.0549038,0.05,1,437396,436969,427
44099481,66.5906,68.294,424,25126,0.0879615,0.03,1,437464,437040,424
44114081,36.0665,9.00333,469,25544,0.0970255,0.11,1,437669,437200,469
44117001,68.4266,30.0013,515,25627,0.0928102,0.09,1,437759,437244,515
44119921,62.1706,66.0005,483,25710,0.0911241,0.03,1,437817,437334,483
44122841,67.4683,63.6002,492,25792,0.0904496,0.11,1,437888,437396,492
44143281,59.9177,68.4252,481,26362,0.251371,0.09,1,438240,437759,481
44146201,67.7671,62.1701,496,26442,0.274549,0.09,1,438313,437817,496
44154961,37.6011,68.2749,445,26682,0.414291,0.17,1,438466,438021,445
44157881,22.2404,36.91,441,26761,0.423716,0.17,1,438478,438037,441
44204601,74.1781,72.3443,449,28000,0.753871,0.55,2,439342,438893,449
44207521,39.8712,38.5377,450,28076,0.775548,0.57,2,439359,438909,450
44210441,23.1485,22.6151,450,28151,0.760219,0.59,2,439371,438921,450
44213361,38.0594,38.446,449,28226,0.766088,0.55,2,439419,438970,449
44216281,16.4238,16.5784,449,28301,0.768435,0.59,2,439421,438972,449
44222121,60.1078,24.7325,508,28451,0.79615,0.59,2,439572,439064,508
44233801,40.5964,73.2284,475,28747,0.901901,0.79,2,439817,439342,475
44236721,23.4385,39.4913,470,28821,0.906761,0.75,2,439829,439359,470
44239641,38.7754,22.9965,507,28894,0.920704,0.77,2,439878,439371,507
44242561,16.7102,37.9986,461,28967,0.926282,0.77,2,439880,439419,461
44245481,62.4841,16.3994,552,29040,0.928513,0.83,2,439973,439421,552
44357901,352.905,367.356,481,13140,0.418,0.93,1,441893,441412,481
44372501,132.519,69.8817,575,14620,0.0722963,0.05,1,442468,441893,575
44375421,132.207,118.553,556,14765,0.0709185,0.07,1,442600,442044,556
44390021,125.22,131.048,426,15471,0.207059,0.13,1,443026,442600,426
44392941,97.4879,98.6193,428,15608,0.268824,0.19,1,443105,442677,428
44395861,66.5952,65.2477,431,15744,0.281529,0.19,1,443151,442720,431
44407541,100.782,97.4831,438,16278,0.404599,0.29,1,443543,443105,438
44410461,66.7127,66.5933,436,16408,0.40784,0.33,1,443587,443151,436
44413381,27.8851,27.8373,436,16537,0.433136,0.37,1,443589,443153,436
44436741,102.405,129.344,531,17537,0.75671,0.63,2,444433,443902,531
44439661,68.5618,100.337,496,17658,0.788684,0.61,2,444479,443983,496
44448421,137.06,118.022,603,18016,0.942556,0.79,2,444811,444208,603
44530181,35.9159,44.7562,508,21064,0.93688,1,2,446856,446348,508
44541861,74.1434,75.1858,483,21464,0.912704,1,2,447216,446733,483
44547701,53.023,53.7897,482,21661,0.903233,0.91,2,447314,446832,482
44550621,35.6092,35.9159,482,21759,0.943293,1,2,447338,446856,482
44556461,92.4575,95.1465,477,21953,0.929727,0.83,2,447503,447026,477
44646981,114.918,109.228,501,24771,0.934,1,2,449582,449081,501
44652821,45.7469,49.6364,493,24942,0.77224,1,2,449651,449158,493
44667421,63.718,54.7953,499,25364,0.0557253,0.89,1,449926,449427,499
44670341,96.8872,114.918,463,25448,0.0282901,0.89,1,450045,449582,463
44673261,58.5549,45.9672,496,25531,0.0173161,0.77,1,450078,449582,496
44676181,39.622,41.7869,484,25614,0.0369264,0.73,1,450105,449621,484
44679101,47.6488,34.7148,507,25697,0.0207706,0.51,1,450158,449651,507
44682021,34.6595,49.8859,473,25779,0.0263082,0.41,1,450184,449711,473
44684941,33.6638,40.9544,471,25861,0.0285233,0.19,1,450217,449746,471
44687861,51.2655,42.7817,490,25943,0.0114093,0,1,450280,449790,490
44690781,61.9062,58.5127,490,26025,0.00456373,0.01,1,450349,449859,490
44693701,94.9625,63.6051,540,26106,0.00782549,0.01,1,450466,449926,540
44696621,57.785,96.842,454,26187,0.0451302,0.01,1,450499,450045,454
44699541,39.314,58.5368,448,26268,0.0600521,0.05,1,450526,450078,448
44702461,47.5256,39.6147,474,26349,0.0780208,0.01,1,450579,450105,474
44705381,35.2102,47.6459,448,26429,0.0612083,0.03,1,450606,450158,448
44708301,33.2841,34.6584,454,26509,0.0664833,0.03,1,450638,450184,454
44711221,51.7136,33.6633,485,26589,0.0445933,0,1,450702,450217,485
44714141,63.2855,51.2653,493,26669,0.0238373,0,1,450773,450280,493
44717061,93.7142,61.9061,538,26748,0.0635349,0.01,1,450887,450349,538
44719981,57.2857,94.9625,454,26827,0.055414,0.07,1,450920,450466,454
44722901,40.9143,57.785,451,26906,0.0401656,0.07,1,450950,450499,451
44725821,17.5657,39.314,426,26985,0.0340662,0.09,1,450952,450526,426
44728741,40.6263,47.5256,429,27063,0.0316265,0.05,1,451008,450579,429
44731661,28.2505,35.2102,422,27141,0.0426506,0.07,1,451028,450606,422
44734581,32.9002,33.2841,426,27219,0.0470602,0.03,1,451064,450638,426
44737501,49.1601,51.7136,422,27297,0.0368241,0.01,1,451124,450702,422
44740421,63.464,63.2855,424,27375,0.0207296,0.09,1,451197,450773,424
44743341,93.7856,93.7142,424,27452,0.0262919,0.05,1,451311,450887,424
44746261,56.1142,57.2857,422,27529,0.0165167,0.03,1,451342,450920,422
44749181,41.0457,40.9143,423,27606,0.0366067,0.03,1,451373,450950,423
44752101,17.6183,17.5657,423,27683,0.0206427,0.03,1,451375,450952,423
44755021,41.2473,40.6263,424,27760,0.0262571,0.05,1,451432,451008,424
44757941,27.2989,28.2505,422,27836,0.0405028,0.05,1,451450,451028,422
44760861,33.7196,32.9002,424,27912,0.0222011,0.03,1,451488,451064,424
44763781,48.2878,49.1601,422,27988,0.0268805,0.01,1,451546,451124,422
44766701,63.1151,63.464,422,28064,0.0167522,0.03,1,451619,451197,422
44769621,94.2461,93.7856,423,28139,0.0367009,0.01,1,451734,451311,423
44772541,55.6984,56.1142,422,28214,0.0326803,0.05,1,451764,451342,422
44775461,40.8794,41.0457,422,28289,0.0670721,0.01,1,451795,451373,422
44778381,17.5517,17.6183,422,28364,0.0568289,0.01,1,451797,451375,422
44781301,40.6207,7.04731,478,28439,0.0287315,0.03,1,451853,451375,478
44784221,27.0483,37.0189,439,28513,0.0294926,0.05,1,451871,451432,439
44787141,33.6193,25.6076,459,28587,0.029797,0.01,1,451909,451450,459
44790061,48.2477,33.043,479,28661,0.0419188,0.03,1,451967,451488,479
44792981,63.0991,48.0172,494,28735,0.0347675,0.01,1,452040,451546,494
44795901,95.4396,63.0069,538,28809,0.079907,0.05,1,452157,451619,538
44798821,56.1759,94.2028,453,28882,0.0979628,0.03,1,452187,451734,453
44801741,41.0703,55.6811,454,28955,0.0691851,0.09,1,452218,451764,454
44804661,17.6281,40.8724,425,29028,0.057674,0.05,1,452220,451795,425
44807581,40.0513,17.549,478,29101,0.0650696,0.01,1,452275,451797,478
44810501,26.8205,40.6196,440,29174,0.0440279,0.03,1,452293,451853,440
44813421,33.5282,27.0478,460,29247,0.0476111,0.03,1,452331,451871,460
44816341,47.6113,33.6191,479,29319,0.0610445,0.05,1,452388,451909,479
44819261,63.4445,48.2477,495,29391,0.0304178,0.03,1,452462,451967,495
44822181,97.9778,63.0991,543,29463,0.0661671,0.11,1,452583,452040,543
44842621,27.5186,33.5282,424,29962,0.20583,0.07,1,452755,452331,424
44845541,46.4074,47.6113,426,30033,0.244332,0.01,1,452814,452388,426
44860141,17.4768,17.0706,430,30383,0.0861468,0.17,1,453073,452643,430
44863061,39.3907,39.2282,430,30453,0.0884587,0.17,1,453127,452697,430
44880581,99.3088,99.8252,426,30867,0.224056,0.11,1,453436,453010,426
44883501,58.9235,59.7301,425,30936,0.239622,0.11,1,453468,453043,425
44886421,40.3694,40.692,425,31004,0.293849,0.07,1,453496,453071,425
44889341,17.3478,17.4768,425,31072,0.29154,0.09,1,453498,453073,425
44903941,46.8624,25.93,487,31412,0.413337,0.15,1,453675,453188,487
44906861,55.945,45.772,490,31479,0.435335,0.21,1,453737,453247,490
44912701,60.7912,99.1235,466,31613,0.428454,0.25,1,453902,453436,466
44915621,41.7165,58.8494,463,31680,0.405381,0.33,1,453931,453468,463
44921461,41.9546,17.3359,493,31814,0.440461,0.35,1,453991,453498,493
44930221,31.5811,12.3895,483,32013,0.444109,0.41,1,454058,453575,483
44933141,48.0324,30.1558,500,32079,0.447644,0.43,1,454117,453617,500
44968181,47.1937,57.013,447,32862,0.761278,0.55,2,454627,454180,447
44971101,98.0775,100.805,449,32926,0.766511,0.53,2,454759,454310,449
44974021,58.431,60.1221,448,32990,0.792605,0.53,2,454791,454343,448
44994461,49.9539,48.2103,458,33436,0.901152,0.73,2,455018,454560,458
44997381,21.1816,20.4841,458,33499,0.906461,0.79,2,455020,454562,458
45134621,104.414,98.6554,502,36348,0.9388,1,2,457137,456635,502
45146301,30.5898,26.6984,511,36580,0.760593,1,2,457249,456738,511
45155061,29.7737,33.2927,492,36754,0.755958,1,2,457343,456851,492
45169661,92.8671,104.414,469,37039,0.764288,0.85,2,457606,457137,469
45172581,56.9468,63.9654,465,37096,0.791715,0.87,2,457639,457174,465
45178421,22.4315,16.4745,475,37210,0.787874,0.81,2,457675,457200,475
45225141,31.0372,30.1156,495,38110,0.910931,0.79,2,458264,457769,495
45228061,32.2149,31.2462,496,38165,0.910372,0.89,2,458297,457801,496
45230981,32.086,32.2985,495,38220,0.910149,0.85,2,458329,457834,495
45233901,29.0344,32.1194,490,38275,0.93406,0.83,2,458356,457866,490
45236821,33.2138,29.0478,499,38330,0.943624,0.83,2,458392,457893,499
45365301,36.2524,29.7927,526,40684,0.931611,1,2,460117,459591,526
45578461,88.5684,100.612,496,20137,0.427178,0.79,1,463075,462579,496
45581381,84.0274,95.4449,485,20242,0.440871,0.69,1,463156,462671,485
45584301,75.6109,69.978,502,20347,0.446348,0.51,1,463226,462724,502
45607661,52.5976,71.7039,444,21167,0.751829,0.47,2,463740,463296,444
45610581,59.439,66.4816,445,21267,0.774732,0.49,2,463804,463359,445
45613501,65.7756,67.9926,446,21367,0.771893,0.61,2,463874,463428,446
45616421,84.5102,82.9971,450,21466,0.782757,0.65,2,463971,463521,450
45619341,84.2041,81.1988,454,21565,0.763103,0.71,2,464055,463601,454
45622261,77.4816,74.4795,457,21663,0.767241,0.71,2,464128,463671,457
45625181,32.1927,30.9918,457,21761,0.768896,0.79,2,464130,463673,457
45628101,54.2771,52.5967,459,21858,0.769559,0.79,2,464199,463740,459
45782861,47.3068,58.428,515,26511,0.290435,1,1,467535,467020,515
45788701,44.2891,57.2285,515,26671,0.0764696,1,1,467634,467119,515
45791621,37.5156,45.6914,510,26750,0.0605878,1,1,467667,467157,510
45794541,65.4063,36.2766,564,26829,0.0422351,0.92,1,467751,467187,564
45797461,80.7625,69.1106,564,26908,0.0348941,0.71,1,467842,467278,564
45800381,33.505,93.0442,457,26987,0.0319576,0.55,1,467844,467387,457
45803301,39.202,68.4177,448,27065,0.018783,0.35,1,467887,467439,448
45806221,42.0808,62.7671,433,27143,0.0375132,0.17,1,467931,467498,433
45809141,34.8323,47.3068,426,27221,0.0450053,0.05,1,467961,467535,426
45812061,51.1329,56.7227,425,27299,0.0360021,0.03,1,468023,467598,425
45814981,41.4532,44.2891,424,27377,0.0444008,0.05,1,468058,467634,424
45817901,35.7813,37.5156,423,27454,0.0237603,0.03,1,468090,467667,423
45820821,64.7125,65.4063,423,27531,0.0395041,0.03,1,468174,467751,423
45823741,80.485,80.7625,423,27608,0.0578017,0.03,1,468265,467842,423
45826661,33.394,33.505,423,27685,0.0411207,0.01,1,468267,467844,423
45829581,39.1576,39.202,423,27761,0.0464483,0.05,1,468310,467887,423
45832501,43.263,42.0808,425,27837,0.0725793,0.05,1,468356,467931,425
45835421,33.5052,34.8323,422,27913,0.0710317,0.03,1,468383,467961,422
45838341,51.2021,51.1329,423,27989,0.0584127,0.05,1,468446,468023,423
45841261,40.8808,41.4532,422,28065,0.0413651,0.01,1,468480,468058,422
45844181,35.5523,35.7813,422,28140,0.034546,0.05,1,468512,468090,422
45847101,64.6209,64.7125,422,28215,0.0558184,0.07,1,468596,468174,422
45850021,80.4484,80.485,422,28290,0.0403274,0.03,1,468687,468265,422
45852941,33.3793,33.394,422,28365,0.0341309,0.03,1,468689,468267,422
45855861,38.5517,13.3576,464,28440,0.0316524,0.05,1,468731,468267,464
45858781,45.4207,31.143,471,28514,0.042661,0.09,1,468781,468310,471
45861701,32.5683,40.0572,449,28588,0.0470644,0.07,1,468805,468356,449
45864621,51.4273,32.2229,486,28662,0.0248258,0.05,1,468869,468383,486
45867541,39.7709,50.6892,455,28736,0.0519303,0.03,1,468901,468446,455
45870461,35.7084,40.6757,454,28810,0.0507721,0.03,1,468934,468480,454
45873381,64.0834,35.4703,505,28883,0.0623089,0.07,1,469017,468512,505
45876301,80.2333,64.5881,512,28956,0.0309235,0.03,1,469108,468596,512
45879221,33.2933,80.4352,423,29029,0.0183694,0.03,1,469110,468687,423
45882141,39.1173,33.3741,464,29102,0.0253478,0.03,1,469153,468689,464
45885061,46.2469,38.5496,473,29175,0.0281391,0.05,1,469204,468731,473
45887981,34.0988,45.4199,449,29248,0.0532556,0.05,1,469230,468781,449
45890901,49.6395,32.5679,485,29320,0.0393023,0.01,1,469290,468805,485
45893821,40.8558,51.4272,456,29392,0.0337209,0.07,1,469325,468869,456
45896741,35.5423,39.7709,456,29464,0.0434884,0.05,1,469357,468901,456
45899661,64.6169,35.7083,507,29536,0.0953953,0.07,1,469441,468934,507
45911341,46.3854,39.1173,473,29821,0.0641221,0.03,1,469626,469153,473
45914261,19.7542,46.2469,424,29892,0.0436489,0.07,1,469628,469204,424
45917181,24.1017,34.0988,425,29963,0.0234595,0.03,1,469655,469230,425
45920101,44.4407,49.6395,423,30034,0.0273838,0.03,1,469713,469290,423
45923021,39.9763,40.8558,425,30104,0.0529535,0.05,1,469750,469325,425
45925941,34.5905,35.5423,424,30174,0.0271814,0.13,1,469781,469357,424
45928861,66.6362,64.6169,428,30244,0.0648726,0.15,1,469869,469441,428
45931781,79.4545,78.6468,428,30314,0.079949,0.17,1,469957,469529,428
45934701,32.9818,32.6587,428,30384,0.0859796,0.09,1,469959,469531,428
45940541,44.1571,46.3854,423,30523,0.0989567,0.03,1,470049,469626,423
45943461,18.8628,19.7542,423,30592,0.0695827,0.01,1,470051,469628,423
45946381,23.1451,24.1017,422,30661,0.0698331,0.03,1,470077,469655,422
45958061,67.6101,66.6362,424,30937,0.0836277,0.09,1,470293,469869,424
45966821,39.655,38.3927,426,31141,0.216792,0.09,1,470427,470001,426
45969741,43.462,44.1571,424,31209,0.224717,0.05,1,470473,470049,424
45972661,18.5848,18.8628,424,31277,0.251887,0.05,1,470475,470051,424
45975581,23.0339,7.54513,450,31345,0.238755,0.07,1,470501,470051,450
45978501,45.8136,18.6181,485,31413,0.245502,0.15,1,470562,470077,485
45981421,39.9254,42.8472,462,31480,0.248201,0.13,1,470598,470136,462
45984341,33.9702,39.3389,455,31547,0.26128,0.09,1,470628,470173,455
45987261,68.1881,33.7356,516,31614,0.290512,0.07,1,470719,470203,516
45998941,44.8304,39.6476,478,31881,0.405309,0.23,1,470905,470427,478
46001861,19.1322,43.4591,434,31947,0.420124,0.27,1,470907,470473,434
46004781,23.2529,18.5836,458,32013,0.426049,0.23,1,470933,470475,458
46007701,46.5011,23.0334,494,32079,0.44042,0.25,1,470995,470501,494
46051501,86.055,84.2112,451,33054,0.751124,0.59,2,471700,471249,451
46057341,43.6488,41.5538,454,33182,0.75738,0.69,2,471751,471297,454
46060261,48.6595,46.6215,456,33246,0.776952,0.69,2,471803,471347,456
46063181,20.6638,19.8486,456,33310,0.760781,0.69,2,471805,471349,456
46066101,23.8655,23.5394,456,33373,0.754312,0.73,2,471831,471375,456
46069021,48.5462,47.2158,458,33436,0.799725,0.73,2,471896,471438,458
46083621,86.9902,86.055,458,33751,0.90457,0.73,2,472158,471700,458
46086541,35.9961,35.622,458,33814,0.931828,0.77,2,472160,471702,458
46092381,49.3194,48.6595,459,33939,0.939893,0.75,2,472262,471803,459
46209181,31.2513,27.2763,513,36348,0.9328,1,2,473879,473366,513
46229621,26.7198,32.9465,482,36754,0.257619,1,1,474196,473714,482
46232541,32.8879,35.3786,482,36811,0.253048,1,1,474233,473751,482
46235461,29.9552,34.5514,476,36868,0.239219,1,1,474261,473785,476
46238381,31.1821,31.8206,478,36925,0.221688,0.92,1,474293,473815,478
46241301,29.2728,33.1282,472,36982,0.202675,0.92,1,474321,473849,472
46252981,72.5478,18.9441,555,37210,0.0609165,0.55,1,474522,473967,555
46255901,46.4191,72.3776,476,37267,0.0543666,0.37,1,474551,474075,476
46258821,32.9676,49.9511,465,37324,0.0517466,0.27,1,474575,474110,465
46261741,32.3871,39.1804,465,37381,0.0626987,0.31,1,474607,474142,465
46264661,24.9548,36.0722,451,37438,0.0670795,0.21,1,474627,474176,451
46267581,32.7819,26.4289,469,37494,0.0568318,0.25,1,474665,474196,469
46270501,28.7128,32.7715,458,37550,0.0527327,0.23,1,474691,474233,458
46273421,31.2851,29.9086,463,37606,0.0510931,0.21,1,474724,474261,463
46276341,28.114,31.1634,457,37662,0.0864372,0.19,1,474750,474293,457
46288021,71.3085,43.369,515,37886,0.214805,0.03,1,474945,474430,515
46290941,45.9234,72.5476,452,37942,0.223922,0.05,1,474974,474522,452
46293861,32.7694,46.419,447,37998,0.215569,0.05,1,474998,474551,447
46296781,31.7077,32.9676,454,38054,0.236228,0.07,1,475029,474575,454
46299701,24.6831,32.387,442,38110,0.256491,0.07,1,475049,474607,442
46302621,33.2732,24.9548,461,38165,0.240596,0.05,1,475088,474627,461
46305541,28.9093,32.7819,449,38220,0.234239,0.05,1,475114,474665,449
46308461,30.1637,28.7128,454,38275,0.267695,0.05,1,475145,474691,454
46311381,29.4655,31.2851,450,38330,0.281078,0.11,1,475174,474724,450
46334741,27.8154,31.7077,435,38770,0.410194,0.27,1,475464,475029,435
46337661,23.1262,24.6831,435,38824,0.446077,0.23,1,475484,475049,435
46340581,31.4505,33.2732,433,38878,0.424431,0.23,1,475521,475088,433
46343501,28.1802,28.9093,433,38932,0.439772,0.29,1,475547,475114,433
46396061,43.4064,42.2924,446,39897,0.791775,0.53,2,476166,475720,446
46431101,24.9399,34.2669,475,40528,0.785678,0.73,2,476567,476092,475
46442781,20.8081,48.4644,463,40736,0.901057,0.85,2,476757,476294,463
46445701,25.1232,20.5858,489,40788,0.906423,0.83,2,476785,476296,489
46448621,31.6493,24.4343,498,40840,0.920569,0.85,2,476821,476323,498
46451541,25.2597,30.7737,484,40892,0.926228,0.85,2,476842,476358,484
46454461,31.7039,24.9095,499,40944,0.940491,0.87,2,476878,476379,499
46457381,28.2816,32.1638,488,40996,0.946196,0.83,2,476904,476416,488
46460301,34.1126,28.4655,500,41047,0.948479,0.83,2,476942,476442,500
46617981,149.236,163.036,492,19818,0.2476,1,1,478878,478386,492
46623821,144.718,80.2058,605,20031,0.069616,0.91,1,479116,478511,605
46626741,103.487,141.882,498,20137,0.0458464,0.61,1,479192,478694,498
46629661,79.7948,98.7529,492,20242,0.0363386,0.35,1,479256,478764,492
46632581,43.3179,80.3012,443,20347,0.0445354,0.19,1,479275,478832,443
46635501,32.9272,45.3205,447,20451,0.0598142,0.07,1,479301,478854,447
46638421,48.5709,32.5282,482,20555,0.0779257,0.05,1,479360,478878,482
46641341,125.628,49.6113,598,20658,0.0611703,0.03,1,479537,478939,598
46644261,96.4513,126.045,498,20761,0.0904681,0.03,1,479614,479116,498
46647181,78.1805,96.0178,488,20863,0.0901872,0.03,1,479680,479192,488
46650101,40.8722,76.8071,440,20965,0.0900749,0.05,1,479696,479256,440
46653021,17.5489,42.1228,423,21066,0.09003,0.07,1,479698,479275,423
46658861,46.2478,48.3797,426,21267,0.0852048,0.05,1,479786,479360,426
46661781,123.499,125.552,424,21367,0.0340819,0.11,1,479961,479537,424
46664701,98.5997,96.4207,429,21466,0.0556328,0.09,1,480043,479614,429
46667621,77.2399,78.1683,426,21565,0.0642531,0.09,1,480106,479680,426
46670541,41.0959,40.8673,427,21663,0.0797012,0.09,1,480123,479696,427
46673461,17.6384,17.5469,427,21761,0.0858805,0.17,1,480125,479698,427
46676381,23.2554,22.6188,428,21858,0.0763522,0.05,1,480152,479724,428
46679301,42.9021,46.2475,422,21955,0.0605409,0,1,480208,479786,422
46682221,122.161,123.499,422,22052,0.0422163,0.07,1,480383,479961,422
46685141,98.6643,98.5996,423,22148,0.0468865,0.07,1,480466,480043,423
46688061,78.4657,77.2398,425,22244,0.0727546,0.09,1,480531,480106,425
46690981,42.1863,41.0959,426,22339,0.0591018,0.09,1,480549,480123,426
46693901,18.0745,17.6384,426,22434,0.0536407,0.07,1,480551,480125,426
46696821,22.8298,23.2553,425,22529,0.0634563,0.07,1,480577,480152,425
46699741,40.3319,9.30214,477,22623,0.0913825,0.05,1,480629,480152,477
46702661,121.133,37.3209,596,22717,0.066553,0.03,1,480804,480208,596
46705581,98.2531,119.928,504,22810,0.0806212,0.05,1,480887,480383,504
46723101,118.879,40.3228,597,23362,0.0736339,0.05,1,481226,480629,597
46726021,99.1515,121.129,508,23453,0.0474536,0.09,1,481312,480804,508
46728941,82.8606,98.2516,497,23543,0.0489814,0.17,1,481384,480887,497
46731861,43.9442,79.5007,448,23633,0.0735926,0.17,1,481402,480954,448
46734781,18.7777,43.2003,431,23723,0.083437,0.17,1,481404,480973,431
46737701,23.1111,18.4801,455,23812,0.0873748,0.17,1,481430,480975,455
46761061,23.0681,23.1111,426,24515,0.212928,0.13,1,481856,481430,426
46763981,44.6272,43.4444,428,24601,0.259171,0.13,1,481915,481487,428
46766901,19.0509,18.5778,428,24687,0.253668,0.11,1,481917,481489,428
46769821,101.82,103.431,425,24773,0.263467,0.17,1,482074,481649,425
46772741,95.3281,92.9724,430,24859,0.267387,0.19,1,482165,481735,430
46775661,82.5313,82.189,429,24944,0.244955,0.19,1,482239,481810,429
46778581,43.8125,43.6756,429,25029,0.235982,0.19,1,482257,481828,429
46781501,18.725,18.6702,429,25114,0.232393,0.23,1,482259,481830,429
46784421,24.89,23.0681,432,25198,0.254957,0.29,1,482288,481856,432
46787341,46.556,44.6272,434,25282,0.287983,0.25,1,482349,481915,434
46799021,82.2446,70.8913,506,25616,0.433276,0.23,1,482671,482165,506
46842821,96.4735,104.005,543,26829,0.766087,0.59,2,483488,482945,543
46851581,25.3263,45.1043,456,27065,0.93679,0.69,2,483590,483134,456
46860341,49.0929,49.3987,457,27299,0.931875,0.67,2,483690,483233,457
46863261,20.8372,20.9595,457,27377,0.91875,0.77,2,483692,483235,457
46962541,15.1817,23.9013,506,29892,0.9376,1,2,485543,485037,506
46971301,34.2836,27.9057,519,30104,0.918006,1,2,485647,485128,519
46977141,83.6054,90.8649,480,30244,0.776881,1,2,485836,485356,480
47018021,22.5193,24.0379,452,31209,0.752442,0.63,2,486463,486011,452
47020941,13.8077,13.8152,453,31277,0.762977,0.63,2,486471,486018,453
47023861,25.9231,5.52606,487,31345,0.767191,0.67,2,486505,486018,487
47026781,30.7692,20.8104,490,31413,0.780876,0.69,2,486539,486049,490
47029701,30.3077,30.5242,483,31480,0.78635,0.69,2,486569,486086,483
47035541,78.4092,63.6839,540,31614,0.902216,0.71,2,486742,486202,540
47365501,227.056,202.049,557,16916,0.2836,0.69,1,491648,491091,557
47368421,131.022,165.42,483,17042,0.20344,0.31,1,491715,491232,483
47371341,98.0089,121.968,466,17167,0.207376,0.13,1,491791,491325,466
47380101,123.177,50.5019,579,17536,0.0975121,0.17,1,492075,491496,579
47394701,22.7826,54.4807,427,18133,0.203395,0.09,1,492335,491908,427
47397621,109.313,121.992,427,18250,0.243358,0.13,1,492502,492075,427
47400541,83.9252,89.5969,426,18366,0.295343,0.15,1,492569,492143,426
47415141,110.011,109.308,433,18937,0.406311,0.33,1,492935,492502,433
47450181,114.473,22.617,623,20239,0.770712,0.67,2,493830,493207,623
47453101,89.5893,111.647,525,20344,0.782285,0.65,2,493903,493378,525
47517341,71.1413,70.3426,483,22526,0.934,1,2,495415,494932,483
47531941,86.0782,112.253,536,22993,0.796524,1,2,495785,495249,536
47596181,102.548,99.6838,456,24941,0.776734,0.75,2,497077,496621,456
47599101,80.0193,77.0735,459,25026,0.784694,0.75,2,497142,496683,459
47610781,58.0693,58.0659,456,25363,0.905448,0.67,2,497357,496901,456
47613701,24.4277,24.4264,456,25447,0.908179,0.67,2,497359,496903,456
47616621,19.3711,9.77054,472,25530,0.921272,0.71,2,497375,496903,472
47619541,104.948,13.5082,618,25613,0.938509,0.83,2,497537,496919,618
47622461,81.5794,100.203,526,25696,0.945404,0.79,2,497603,497077,526
47718821,77.6351,88.9944,483,28288,0.903268,1,2,499444,498961,483
47724661,42.6616,23.3591,517,28438,0.769723,0.99,2,499516,498999,517
47727581,37.4646,33.3436,511,28512,0.757889,1,2,499550,499039,511
47756781,59.3959,37.4632,531,29246,0.756042,0.63,2,500081,499550,531
47768461,34.5733,45.6855,479,29534,0.929867,0.63,2,500257,499778,479
47882341,60.3194,57.8027,531,32210,0.91024,1,2,502139,501608,531
47885261,43.3277,49.5211,519,32276,0.922096,1,2,502171,501652,519
47896941,37.6804,41.7845,516,32537,0.285638,1,1,502382,501866,516
47908621,19.3582,46.9961,480,32797,0.0763843,1,1,502504,502024,480
47911541,33.5433,45.7984,478,32861,0.0965537,0.86,1,502547,502069,478
47914461,51.2173,60.3194,471,32925,0.0926215,0.93,1,502610,502139,471
47917381,37.2869,43.3277,467,32989,0.0550486,0.53,1,502638,502171,467
47920301,60.5148,76.1311,445,33053,0.0400194,0.43,1,502714,502269,445
47923221,44.6059,53.2524,441,33117,0.0580078,0.31,1,502748,502307,441
47926141,43.6424,47.701,440,33181,0.0772031,0.21,1,502791,502351,440
47929061,28.2569,37.6804,427,33245,0.0728812,0.13,1,502809,502382,427
47931981,30.5028,35.4722,425,33309,0.0591525,0.13,1,502841,502416,425
47937821,44.3604,45.3955,424,33435,0.0946644,0.05,1,502926,502502,424
47940741,18.9442,19.3582,424,33498,0.0918658,0.11,1,502928,502504,424
47943661,33.3777,33.5433,424,33561,0.0787463,0.09,1,502971,502547,424
47969941,46.3363,44.3604,426,34124,0.241311,0.09,1,503352,502926,426
47972861,19.7345,18.9442,426,34186,0.246524,0.07,1,503354,502928,426
47975781,31.8938,33.3777,423,34248,0.27261,0.07,1,503394,502971,423
47978701,53.5575,13.3511,491,34310,0.247044,0.19,1,503462,502971,491
47981621,38.223,43.1404,456,34372,0.236818,0.19,1,503490,503034,456
47984541,59.6892,32.8562,504,34434,0.244727,0.11,1,503564,503060,504
47987461,43.0757,59.9425,458,34495,0.259891,0.15,1,503596,503138,458
48010821,52.8003,31.893,500,34983,0.427336,0.23,1,503894,503394,500
48051701,56.4339,60.168,448,35819,0.797498,0.55,2,504445,503997,448
48054621,42.9736,43.8672,449,35878,0.792999,0.59,2,504479,504030,449
48057541,49.5894,48.7469,451,35937,0.7672,0.59,2,504533,504082,451
48060461,29.4358,29.0988,451,35996,0.76888,0.61,2,504549,504098,451
48063381,31.5743,30.8395,452,36055,0.757552,0.63,2,504582,504130,452
48086741,58.3454,56.4339,461,36521,0.787464,0.79,2,504906,504445,461
48104261,49.8284,50.7719,457,36867,0.927047,0.75,2,505135,504678,457
48107181,21.1313,21.5088,457,36924,0.916819,0.69,2,505137,504680,457
48110101,36.0525,36.8035,456,36981,0.948727,0.75,2,505183,504727,456
48232741,40.6256,49.4251,482,39309,0.914856,1,2,506832,506350,482
48241501,38.36,29.5872,508,39471,0.795591,1,2,506942,506434,508
48259021,46.6013,51.4985,479,39790,0.274319,1,1,507157,506678,479
48261941,36.6405,40.3994,476,39843,0.247727,0.99,1,507187,506711,476
48282381,27.5805,29.024,476,40214,0.0730875,0.71,1,507418,506942,476
48285301,24.2322,27.2096,472,40267,0.083235,0.61,1,507440,506968,472
48288221,31.8929,24.6838,486,40319,0.099294,0.47,1,507477,506991,486
48291141,30.1572,35.6735,472,40371,0.0457176,0.43,1,507506,507034,472
48294061,29.4629,32.2694,471,40423,0.072287,0.25,1,507535,507064,471
48305741,46.2247,27.2501,487,40631,0.205611,0.19,1,507695,507208,487
48308661,34.6899,47.5,453,40683,0.220244,0.11,1,507722,507269,453
48311581,29.4759,35.8,451,40735,0.250098,0.09,1,507748,507297,451
48314501,33.9904,29.32,463,40787,0.262039,0.15,1,507785,507322,463
48317421,33.9962,35.128,458,40839,0.278816,0.09,1,507819,507361,458
48320341,27.9985,34.4512,448,40891,0.297526,0.05,1,507843,507395,448
48346621,34.9436,46.2247,459,41352,0.401721,0.23,1,508154,507695,459
48349541,30.7774,34.6899,460,41403,0.418688,0.27,1,508182,507722,460
48352461,34.511,29.4759,471,41454,0.425475,0.27,1,508219,507748,471
48428381,36.1434,36.1378,446,42759,0.779695,0.51,2,509043,508597,446
48466341,50.8723,24.8759,521,43396,0.922009,0.77,2,509472,508951,521
48676581,124.139,112.3,507,21270,0.27208,0.79,1,511951,511444,507
48679501,88.0557,94.7202,488,21370,0.270832,0.61,1,512015,511527,488
48682421,77.2223,87.0881,476,21469,0.258333,0.49,1,512085,511609,476
48685341,78.8889,72.6352,493,21568,0.265333,0.35,1,512165,511672,493
48688261,50.7556,71.0541,455,21666,0.244133,0.37,1,512197,511742,455
48691181,38.9022,50.6216,449,21764,0.259653,0.31,1,512228,511779,449
48694101,56.3609,54.4487,460,21861,0.253861,0.21,1,512296,511836,460
48746661,78.326,68.1834,526,23546,0.75453,0.51,2,513480,512954,526
48761261,32.5761,77.8438,451,23993,0.90595,0.67,2,513713,513262,451
48898501,47.0158,44.8742,489,27840,0.277283,1,1,516439,515950,489
48904341,48.0825,50.2599,483,27992,0.0443653,1,1,516542,516059,483
48907261,50.433,43.5039,496,28068,0.0357461,1,1,516594,516098,496
48910181,48.9732,55.2016,481,28143,0.0322984,0.97,1,516642,516161,481
48913101,49.5893,58.6806,470,28218,0.0189194,0.81,1,516692,516222,470
48916021,56.4357,64.8723,462,28293,0.0375677,0.49,1,516753,516291,462
48918941,51.3743,64.3489,446,28368,0.0330271,0.49,1,516801,516355,446
48921861,38.5497,25.7396,476,28443,0.0312108,0.35,1,516831,516355,476
48924781,34.0199,33.0958,469,28517,0.0424843,0.15,1,516862,516393,469
48927701,47.808,40.8383,480,28591,0.0349937,0,1,516919,516439,480
48930621,47.3232,51.7353,468,28665,0.0139975,0,1,516966,516498,468
48936461,48.3717,50.0377,470,28813,0.0658396,0.03,1,517064,516594,470
48939381,48.7487,48.8151,471,28886,0.0443358,0.01,1,517113,516642,471
48942301,56.0995,49.526,482,28959,0.0477343,0.05,1,517174,516692,482
48945221,51.2398,56.4104,469,29032,0.0250937,0.03,1,517222,516753,469
48948141,39.6959,51.3642,453,29105,0.0400375,0.03,1,517254,516801,453
48951061,35.6784,38.5457,456,29178,0.082015,0.05,1,517287,516831,456
48953981,46.0713,34.0183,478,29251,0.086806,0.03,1,517340,516862,478
48956901,46.6285,47.8073,468,29323,0.0407224,0,1,517387,516919,468
48959821,52.8514,47.3229,478,29395,0.058289,0.19,1,517444,516966,478
48962741,46.3406,48.9292,470,29467,0.0413156,0.03,1,517486,517016,470
48965661,47.3362,48.3717,470,29539,0.0465262,0.03,1,517534,517064,470
48968581,56.7345,48.7487,484,29611,0.0486105,0.05,1,517597,517113,484
48971501,50.2938,56.0995,469,29682,0.0374442,0.01,1,517643,517174,469
48974421,41.7175,51.2398,457,29753,0.0449777,0.05,1,517679,517222,457
48977341,37.687,39.6959,460,29824,0.0719911,0.11,1,517714,517254,460
48980261,16.2748,35.6784,429,29895,0.0827964,0.09,1,517716,517287,429
48983181,36.5099,46.0713,426,29966,0.0991186,0.01,1,517766,517340,426
48986101,41.004,46.6285,423,30037,0.0396474,0.07,1,517810,517387,423
48989021,52.4016,52.8514,426,30107,0.045859,0.03,1,517870,517444,426
48991941,44.3606,46.3406,423,30177,0.0243436,0.05,1,517909,517486,423
48994861,46.5443,47.3362,423,30247,0.0277374,0.05,1,517957,517534,423
48997781,58.2177,56.7345,426,30317,0.017095,0.03,1,518023,517597,426
49000701,48.4871,50.2938,422,30387,0.024838,0.05,1,518065,517643,422
49003621,42.1948,41.7175,424,30457,0.0399352,0.09,1,518103,517679,424
49006541,39.0779,37.687,426,30526,0.0699741,0.09,1,518140,517714,426
49009461,16.8312,16.2748,426,30595,0.0579896,0.11,1,518142,517716,426
49015301,38.333,41.004,422,30733,0.0824783,0.05,1,518232,517810,422
49018221,53.1332,52.4016,425,30802,0.0629913,0.01,1,518295,517870,425
49021141,42.8533,44.3606,422,30871,0.0431965,0.03,1,518331,517909,422
49024061,45.9413,46.5443,422,30940,0.0352786,0.01,1,518379,517957,422
49026981,58.5765,58.2177,423,31008,0.0321114,0.03,1,518446,518023,423
49029901,48.0306,48.4871,422,31076,0.0428446,0.05,1,518487,518065,422
49032821,42.0122,42.1948,422,31144,0.0471378,0.09,1,518525,518103,422
49035741,40.2049,39.0779,424,31212,0.0488551,0.05,1,518564,518140,424
49038661,17.282,16.8312,424,31280,0.0495421,0.05,1,518566,518142,424
49041581,38.1128,6.73247,476,31348,0.0378168,0.13,1,518618,518142,476
49044501,36.8451,33.293,461,31415,0.0691267,0.07,1,518654,518193,461
49047421,52.538,36.7172,485,31482,0.0336507,0.05,1,518717,518232,485
49050341,42.0152,52.4869,457,31549,0.0194603,0.03,1,518752,518295,457
49053261,45.6061,42.5948,469,31616,0.0497841,0.03,1,518800,518331,469
49056181,59.0424,45.8379,489,31683,0.0379136,0.03,1,518868,518379,489
49059101,48.217,58.5352,463,31750,0.0691655,0.05,1,518909,518446,463
49062021,41.4868,48.0141,459,31817,0.0696662,0.05,1,518946,518487,459
49064941,40.5947,42.0056,461,31883,0.0458665,0.05,1,518986,518525,461
49067861,17.4379,40.2023,424,31949,0.0603466,0.05,1,518988,518564,424
49070781,38.1752,17.2809,474,32015,0.0661386,0.03,1,519040,518566,474
49073701,38.6701,38.1124,461,32081,0.0684555,0.09,1,519079,518618,461
49085381,58.9356,45.6061,489,32345,0.0522005,0.03,1,519289,518800,489
49088301,50.5742,59.0424,466,32410,0.0628802,0.09,1,519334,518868,466
49091221,41.8297,48.217,461,32475,0.0791521,0.07,1,519370,518909,461
49094141,40.7319,41.4868,464,32540,0.0856608,0.03,1,519410,518946,464
49097061,17.4927,40.5947,426,32605,0.0882643,0.07,1,519412,518986,426
49108741,43.403,50.868,430,32864,0.233092,0.17,1,519568,519138,430
49111661,38.3612,41.3472,430,32928,0.291237,0.09,1,519603,519173,430
49114581,40.5445,45.3389,424,32992,0.290495,0.01,1,519645,519221,424
49117501,55.8178,58.9356,422,33056,0.290198,0.07,1,519711,519289,422
49143781,40.3257,38.3612,436,33627,0.426497,0.29,1,520039,519603,436
49213861,57.1534,42.0866,514,35106,0.750027,0.57,2,521038,520524,514
49216781,54.6614,57.0346,500,35166,0.762011,0.57,2,521091,520591,500
49219701,44.0645,53.4138,486,35226,0.766804,0.57,2,521128,520642,486
49234301,18.7584,43.3879,454,35526,0.900393,0.63,2,521277,520823,454
49237221,44.7034,18.5552,514,35586,0.930157,0.63,2,521339,520825,514
49240141,43.6813,44.0221,496,35645,0.942063,0.63,2,521382,520886,496
49243061,18.6725,42.2088,457,35704,0.946825,0.73,2,521384,520927,457
49368621,35.4486,29.6809,518,38167,0.933939,1,2,523118,522600,518
49389061,39.0325,28.2675,522,38552,0.931123,0.99,2,523387,522865,522
49397821,32.6901,45.0091,481,38717,0.777912,1,2,523499,523018,481
49429941,54.9687,58.813,462,39312,0.440094,0.81,1,523921,523459,462
49432861,23.1875,24.7252,462,39366,0.446038,0.75,1,523923,523461,462
49502941,39.3842,25.8273,498,40634,0.759972,0.61,2,524750,524252,498
49505861,53.5537,39.7309,512,40686,0.777989,0.61,2,524813,524301,512
49508781,22.6215,53.6924,451,40738,0.797196,0.61,2,524815,524364,451
49526301,38.8761,38.5257,492,41049,0.903951,0.67,2,525027,524535,492
49529221,43.1504,37.6103,501,41100,0.90758,0.73,2,525073,524572,501
49532141,34.0602,41.4441,485,41151,0.921032,0.73,2,525101,524616,485
49535061,37.0241,33.3776,496,41202,0.938413,0.75,2,525140,524644,496
49622661,39.2303,39.8833,481,42713,0.916,1,2,526159,525678,481
49710261,43.7622,46.6006,513,44170,0.91,1,2,527208,526695,513
49716101,35.3219,38.6561,507,44266,0.9388,1,2,527275,526768,507
49730701,28.6116,32.1094,520,44504,0.411959,1,1,527440,526920,520
49777421,298.245,352.444,432,20440,0.218784,0.03,1,527918,527486,432
49783261,133.639,118.431,482,20647,0.0650054,0.11,1,528108,527626,482
49786181,90.0557,99.5724,456,20750,0.0440021,0.09,1,528169,527713,456
49789101,66.0223,72.829,451,20852,0.0476009,0,1,528219,527768,451
49792021,76.2089,62.7316,478,20954,0.0250403,0.07,1,528302,527824,478
49794941,38.2836,56.8926,438,21055,0.0160161,0.05,1,528315,527877,438
49797861,32.7134,37.7571,442,21156,0.0484065,0.05,1,528344,527902,442
49800781,57.4854,71.5028,422,21256,0.0493626,0.03,1,528418,527996,422
49803701,90.7941,95.8011,423,21356,0.025745,0.03,1,528531,528108,423
49806621,72.9177,74.9205,423,21455,0.088298,0.05,1,528592,528169,423
49847501,74.0437,85.8526,489,22800,0.22489,0.11,1,529442,528953,489
49850421,61.4175,73.341,477,22893,0.275956,0.11,1,529495,529018,477
49862101,59.4651,32.6503,503,23261,0.412904,0.11,1,529698,529195,503
49908821,93.9008,92.6776,452,24677,0.754314,0.59,2,530706,530254,452
49911741,38.7603,38.271,452,24763,0.763726,0.61,2,530708,530256,452
49923421,38.2979,37.3253,456,25104,0.909423,0.71,2,530934,530478,456
49926341,35.1191,34.1301,457,25188,0.909769,0.75,2,530967,530510,457
49935101,39.5436,38.7603,460,25440,0.928225,0.77,2,531168,530708,460
49938021,58.4175,15.5041,531,25523,0.94129,0.83,2,531239,530708,531
50019781,60.9867,65.3963,478,27753,0.90664,1,2,532825,532347,478
50022701,42.9947,42.3585,482,27829,0.944656,1,2,532856,532374,482
50025621,39.9979,33.1434,493,27905,0.911862,1,2,532894,532401,493
50028541,45.9992,54.0574,475,27981,0.934745,1,2,532944,532469,475
50031461,90.9997,92.4229,478,28057,0.907898,1,2,533065,532587,478
50048981,40.269,51.0347,497,28506,0.785495,0.97,2,533322,532825,497
50051901,40.1076,39.0139,506,28580,0.764198,0.89,2,533362,532856,506
50054821,44.243,38.4056,515,28654,0.767679,0.95,2,533409,532894,515
50066501,45.1582,53.2792,501,28949,0.905205,0.83,2,533648,533147,501
50069421,41.4633,45.3117,500,29022,0.944082,0.79,2,533687,533187,500
50072341,53.7853,43.9247,519,29095,0.941633,0.81,2,533749,533230,519
50197901,35.3887,37.5947,514,32075,0.434206,1,1,535798,535284,514
50203741,51.1422,73.2152,506,32207,0.087473,1,1,535920,535414,506
50206661,50.4569,49.0861,523,32273,0.0529892,0.97,1,535970,535447,523
50209581,45.9828,46.6344,521,32339,0.0871957,1,1,536013,535492,521
50212501,40.5931,51.6538,503,32404,0.0648783,0.93,1,536050,535547,503
50215421,57.6372,39.8615,540,32469,0.0679513,0.81,1,536119,535579,540
50218341,39.8549,65.7446,485,32534,0.0451805,0.61,1,536147,535662,485
50221261,28.542,46.6978,472,32599,0.0600722,0.51,1,536168,535696,472
50224181,32.4168,36.6791,477,32664,0.0540289,0.49,1,536203,535726,477
50227101,29.7667,37.4717,467,32729,0.0756116,0.37,1,536231,535764,467
50230021,13.1067,35.3887,435,32794,0.0842446,0,1,536233,535798,435
50235861,46.8571,51.1422,426,32922,0.0506791,0.03,1,536346,535920,426
50238781,46.3428,50.4569,422,32986,0.0502717,0.11,1,536392,535970,422
50241701,46.1371,45.9828,425,33050,0.0381087,0.05,1,536438,536013,425
50244621,38.8549,40.5931,422,33114,0.0452435,0.07,1,536472,536050,422
50247541,58.1419,57.6372,424,33178,0.0840974,0.03,1,536543,536119,424
50253381,29.5827,28.542,425,33306,0.0866556,0.05,1,536593,536168,425
50265061,42.6229,43.6427,424,33559,0.209146,0.01,1,536721,536297,424
50267981,45.8492,46.8571,423,33622,0.221659,0.05,1,536769,536346,423
50276741,38.3343,38.8549,422,33811,0.0974661,0.11,1,536894,536472,422
50279661,60.9337,58.1419,427,33874,0.0809865,0.13,1,536970,536543,427
50282581,39.9735,39.4568,426,33936,0.0623946,0.07,1,536996,536570,426
50285501,29.1894,29.5827,425,33998,0.0909578,0.17,1,537018,536593,425
50288421,33.8758,32.2331,428,34060,0.0663831,0.15,1,537055,536627,428
50291341,30.9503,30.8932,427,34122,0.0445533,0.15,1,537084,536657,427
50294261,13.5801,13.5573,427,34184,0.0358213,0.25,1,537086,536659,427
50297181,45.632,42.6229,432,34246,0.0803285,0.25,1,537153,536721,432
50311781,60.4058,37.6797,499,34554,0.231731,0.07,1,537393,536894,499
50314701,40.3623,60.6719,450,34615,0.266693,0.05,1,537420,536970,450
50317621,29.3449,39.8687,446,34676,0.292677,0.11,1,537442,536996,446
50329301,48.5016,13.5774,494,34920,0.261557,0.11,1,537580,537086,494
50332221,47.0007,45.631,473,34981,0.266623,0.13,1,537626,537153,473
50335141,43.4003,45.8524,468,35041,0.280649,0.13,1,537667,537199,468
50338061,46.1601,42.341,476,35101,0.28626,0.17,1,537715,537239,476
50343901,62.7056,37.0146,510,35221,0.282202,0.27,1,537827,537317,510
50346821,41.8822,60.4058,462,35281,0.274881,0.29,1,537855,537393,462
50349741,30.5529,40.3623,458,35341,0.295952,0.31,1,537878,537420,458
50413981,64.2104,61.741,448,36635,0.773685,0.57,2,538710,538262,448
50416901,42.4842,41.4964,448,36693,0.783474,0.53,2,538738,538290,448
50419821,31.9937,31.5986,448,36751,0.79939,0.57,2,538763,538315,448
50422741,35.5975,34.8394,449,36809,0.781756,0.59,2,538801,538352,449
50425661,31.039,30.7358,449,36866,0.798702,0.59,2,538829,538380,449
50443181,42.9554,13.2652,505,37208,0.90052,0.73,2,539052,538547,505
50446101,36.3822,34.1061,489,37265,0.906208,0.77,2,539084,538595,489
50449021,66.1529,32.8424,543,37322,0.920483,0.79,2,539170,538627,543
50451941,43.2611,62.937,488,37379,0.938193,0.79,2,539198,538710,488
50612541,32.8648,31.0991,520,40370,0.216683,1,1,541242,540722,520
50615461,41.3459,29.8396,538,40422,0.0926733,1,1,541289,540751,538
50618381,38.7384,45.5359,519,40474,0.0370693,1,1,541326,540807,519
50621301,35.2953,44.6143,508,40526,0.0148277,1,1,541359,540851,508
50624221,30.3181,38.2457,501,40578,0.0479311,1,1,541386,540885,501
50627141,34.9273,32.0983,511,40630,0.0491724,0.99,1,541424,540913,511
50630061,31.9709,35.0393,504,40682,0.025669,1,1,541454,540950,504
50632981,29.5884,35.0157,497,40734,0.0402676,0.97,1,541482,540985,497
50635901,50.8353,32.0063,532,40786,0.046107,0.69,1,541547,541015,532
50638821,35.9341,57.2025,484,40838,0.0364428,0.61,1,541573,541089,484
50641741,28.1737,43.281,473,40890,0.0805771,0.49,1,541596,541123,473
50644661,20.2695,33.5124,461,40942,0.0622308,0.39,1,541611,541150,461
50647581,26.1078,28.405,466,40994,0.0548923,0.27,1,541641,541175,466
50650501,26.6431,31.162,460,41045,0.0639569,0.13,1,541668,541208,460
50653421,38.2572,32.8648,472,41096,0.0555828,0.01,1,541714,541242,472
50656341,37.5029,41.3459,462,41147,0.0222331,0,1,541751,541289,462
50659261,34.2012,38.7384,457,41198,0.0148932,0,1,541783,541326,457
50662181,29.2805,35.2953,450,41249,0.0359573,0.07,1,541809,541359,450
50665101,33.9122,30.3181,460,41300,0.0563829,0.05,1,541846,541386,460
50668021,32.1649,34.9273,453,41351,0.0225532,0.01,1,541877,541424,453
50670941,29.6659,31.9709,451,41402,0.0270213,0.05,1,541905,541454,451
50673861,50.2664,29.5884,487,41453,0.0768085,0.05,1,541969,541482,487
50676781,36.3066,50.8353,449,41504,0.0967234,0.03,1,541996,541547,449
50697221,36.4023,37.5029,422,41860,0.0685984,0.01,1,542173,541751,422
50700141,34.3609,34.2012,423,41910,0.0454394,0.05,1,542206,541783,423
50703061,29.3444,29.2805,423,41960,0.0481757,0.07,1,542232,541809,423
50705981,35.1377,33.9122,425,42010,0.0492703,0,1,542271,541846,425
50708901,31.4551,32.1649,423,42060,0.0197081,0.03,1,542300,541877,423
50711821,29.382,29.6659,423,42110,0.0378832,0.11,1,542328,541905,423
50714741,53.7528,50.2664,429,42160,0.0691533,0.11,1,542398,541969,429
50717661,36.5011,36.3066,427,42210,0.0936613,0.11,1,542423,541996,427
50735181,35.4466,37.0058,425,42510,0.226972,0.03,1,542562,542137,425
50749781,31.3931,31.4551,422,42758,0.0817642,0.05,1,542722,542300,422
50752701,29.3572,29.382,422,42807,0.0627057,0.09,1,542750,542328,422
50755621,56.1429,53.7528,426,42856,0.0550823,0.11,1,542824,542398,426
50758541,38.6572,36.5011,428,42905,0.0640329,0.15,1,542851,542423,428
50761461,16.6629,15.8004,428,42954,0.0676132,0.17,1,542853,542425,428
50764381,21.6651,21.3202,428,43003,0.0930453,0.17,1,542878,542450,428
50776061,36.3914,26.2978,472,43199,0.202494,0.25,1,542993,542521,472
50778981,31.3566,35.1191,459,43248,0.218998,0.15,1,543021,542562,459
50781901,31.7426,33.8476,458,43297,0.225599,0.09,1,543053,542595,458
50784821,28.2971,33.3391,451,43346,0.24024,0.13,1,543079,542628,451
50787741,34.7188,28.9356,464,43395,0.258096,0.13,1,543118,542654,464
50790661,30.0875,34.9743,452,43444,0.253238,0.05,1,543145,542693,452
50793581,28.835,31.3897,451,43493,0.251295,0.05,1,543173,542722,451
50796501,55.934,29.3559,497,43542,0.250518,0.05,1,543247,542750,497
50799421,38.5736,56.1424,450,43590,0.262207,0.07,1,543274,542824,450
50802341,16.6294,38.6569,425,43638,0.242883,0.07,1,543276,542851,425
50811101,26.5283,15.866,460,43782,0.215465,0.17,1,543350,542890,460
50814021,28.6113,24.9464,459,43830,0.248186,0.17,1,543380,542921,459
50816941,38.4445,27.9786,474,43878,0.237274,0.23,1,543425,542951,474
50819861,32.1778,36.3914,460,43926,0.23291,0.23,1,543453,542993,460
50822781,32.6711,31.3566,465,43974,0.243164,0.23,1,543486,543021,465
50825701,28.6684,31.7426,459,44022,0.223266,0.25,1,543512,543053,459
50828621,35.4674,28.2971,473,44070,0.215306,0.27,1,543552,543079,473
50831541,29.787,34.7188,460,44118,0.224122,0.25,1,543578,543118,460
50834461,28.7148,30.0875,461,44166,0.239649,0.25,1,543606,543145,461
50837381,55.8859,28.835,507,44214,0.26986,0.25,1,543680,543173,507
50840301,37.9544,55.934,459,44262,0.293944,0.27,1,543706,543247,459
50860741,35.1703,38.4445,433,44595,0.416506,0.23,1,543858,543425,433
50863661,30.8681,32.1778,433,44642,0.424602,0.25,1,543886,543453,433
50866581,31.5472,32.6711,432,44689,0.427841,0.21,1,543918,543486,432
50869501,28.2189,28.6684,432,44736,0.441136,0.21,1,543944,543512,432
50933741,22.6311,22.4423,445,45762,0.796103,0.51,2,544617,544172,445
50951261,31.6306,29.2563,479,46038,0.902218,0.65,2,544778,544299,479
50954181,32.4522,28.5025,484,46084,0.942887,0.63,2,544811,544327,484
51196541,58.6614,41.1352,515,23460,0.428146,0.59,1,547684,547169,515
51228661,77.0763,74.9094,451,24435,0.763776,0.57,2,548364,547913,451
51231581,69.2305,68.9637,450,24522,0.79151,0.55,2,548428,547978,450
51246181,59.9505,57.2272,455,24951,0.917907,0.71,2,548641,548186,455
51360061,45.688,37.1883,499,28072,0.0887392,1,1,550879,550380,499
51362981,39.8752,33.4753,504,28147,0.0654957,1,1,550915,550411,504
51365901,42.9501,51.1901,486,28222,0.0801983,1,1,550960,550474,486
51368821,51.38,58.2761,480,28297,0.0380793,1,1,551017,550537,480
51371741,34.952,35.3104,484,28372,0.0332317,1,1,551041,550557,484
51374661,56.5808,14.1242,555,28447,0.0192927,0.77,1,551112,550557,555
51377581,68.8323,59.6497,542,28521,0.0257171,0.43,1,551189,550647,542
51380501,53.3329,86.8599,480,28595,0.0402868,0.21,1,551232,550752,480
51383421,37.5332,62.9439,460,28669,0.0701147,0.05,1,551259,550799,460
51386341,39.6133,46.1776,466,28743,0.0460459,0.03,1,551300,550834,466
51389261,37.4453,45.471,457,28817,0.0364184,0.05,1,551336,550879,457
51392181,42.5781,39.7884,467,28890,0.0445673,0.09,1,551382,550915,467
51395101,52.4312,42.9154,481,28963,0.0238269,0.01,1,551441,550960,481
51398021,34.7725,51.3661,447,29036,0.0515308,0.03,1,551464,551017,447
51400941,55.309,34.9465,492,29109,0.0266123,0.01,1,551533,551041,492
51403861,68.3236,56.5786,498,29182,0.0286449,0.03,1,551610,551112,498
51406781,54.3294,68.8314,466,29255,0.041458,0.05,1,551655,551189,466
51409701,40.3318,53.3326,454,29327,0.0825832,0.09,1,551686,551232,454
51412621,37.1327,37.533,462,29399,0.0990333,0.03,1,551721,551259,462
51415541,37.6531,39.6132,459,29471,0.0456133,0.03,1,551759,551300,459
51418461,41.4612,37.4453,467,29543,0.0362453,0.05,1,551803,551336,467
51421381,51.9845,42.5781,480,29615,0.0204981,0.01,1,551862,551382,480
51424301,35.1938,52.4312,445,29686,0.0261993,0.07,1,551886,551441,445
51427221,55.4775,34.7725,491,29757,0.0284797,0.01,1,551955,551464,491
51430141,69.591,55.309,501,29828,0.0413919,0.03,1,552034,551533,501
51433061,29.0364,68.3236,426,29899,0.0465567,0.05,1,552036,551610,426
51435981,37.4146,54.3294,424,29970,0.0846227,0.11,1,552079,551655,424
51447661,40.4138,41.4612,423,30251,0.0856383,0.01,1,552226,551803,423
51450581,50.9655,51.9845,422,30321,0.0402553,0.03,1,552284,551862,422
51453501,35.3862,35.1938,423,30391,0.0221021,0.03,1,552309,551886,423
51456421,55.5545,55.4775,423,30461,0.0268409,0.05,1,552378,551955,423
51459341,70.2218,69.591,424,30530,0.0407363,0.05,1,552458,552034,424
51462261,29.2887,29.0364,424,30599,0.0462945,0.11,1,552460,552036,424
51465181,39.3155,37.4146,427,30668,0.0485178,0.13,1,552506,552079,427
51468101,36.7262,35.9658,427,30737,0.0854071,0.13,1,552541,552114,427
51471021,34.4905,33.5863,428,30806,0.0881629,0.15,1,552574,552146,428
51476861,37.3185,40.4138,422,30944,0.0873061,0.01,1,552648,552226,422
51479781,49.7274,50.9655,422,31012,0.0529224,0.01,1,552706,552284,422
51482701,34.891,35.3862,422,31080,0.027169,0.03,1,552731,552309,422
51485621,55.9564,55.5545,423,31148,0.0288676,0.05,1,552801,552378,423
51488541,70.9826,70.2218,424,31216,0.053547,0.05,1,552882,552458,424
51491461,29.593,29.2887,424,31284,0.0634188,0.05,1,552884,552460,424
51494381,38.8372,11.7155,469,31352,0.0673675,0.05,1,552929,552460,469
51497301,37.1349,32.2862,459,31419,0.080947,0.11,1,552965,552506,459
51500221,34.654,33.9145,457,31486,0.0983788,0.09,1,552998,552541,457
51508981,47.7939,37.1385,479,31687,0.0766162,0.03,1,553127,552648,479
51511901,34.1175,49.6554,446,31754,0.0606465,0.01,1,553152,552706,446
51514821,56.247,34.8622,492,31821,0.0422586,0.03,1,553223,552731,492
51517741,72.8988,55.9449,506,31887,0.0469034,0.07,1,553307,552801,506
51520661,30.3595,70.9779,427,31953,0.0487614,0.07,1,553309,552882,427
51523581,38.5438,29.5912,469,32019,0.0375046,0.07,1,553353,552884,469
51526501,37.6175,38.8365,461,32085,0.0570018,0.09,1,553390,552929,461
51529421,35.447,37.1346,459,32151,0.0768007,0.11,1,553424,552965,459
51532341,37.5788,34.6538,465,32217,0.0967203,0.17,1,553463,552998,465
51541101,33.053,47.7938,449,32414,0.22675,0.05,1,553576,553127,449
51544021,54.6212,34.1175,493,32479,0.2167,0.03,1,553645,553152,493
51546941,71.6485,56.247,505,32544,0.21268,0.05,1,553728,553223,505
51549861,29.8594,72.8988,423,32609,0.211072,0.05,1,553730,553307,423
51552781,39.5438,30.3595,467,32674,0.210429,0.03,1,553776,553309,467
51555701,38.6175,38.5438,461,32739,0.234172,0.07,1,553814,553353,461
51558621,16.647,37.6175,426,32804,0.243669,0.09,1,553816,553390,426
51561541,27.0588,35.447,426,32868,0.259467,0.11,1,553850,553424,426
51567381,39.0094,37.8315,432,32996,0.294715,0.21,1,553933,553501,432
51579061,71.621,71.6485,432,33252,0.413673,0.21,1,554160,553728,432
51581981,29.8484,29.8594,432,33316,0.423469,0.21,1,554162,553730,432
51584901,39.5394,39.5438,432,33379,0.439388,0.25,1,554208,553776,432
51640381,59.7786,32.8144,523,34563,0.757488,0.57,2,554969,554446,523
51643301,75.5114,56.9258,536,34624,0.764995,0.63,2,555055,554519,536
51646221,31.4046,73.1703,454,34685,0.767998,0.63,2,555057,554603,454
51649141,41.3618,30.4681,500,34746,0.769199,0.65,2,555105,554605,500
51652061,41.7447,40.3872,495,34807,0.78168,0.63,2,555147,554652,495
51654981,17.8979,41.9549,454,34868,0.786672,0.63,2,555149,554695,454
51657901,27.5592,17.982,486,34929,0.788669,0.67,2,555183,554697,486
51660821,36.2237,27.5928,494,34990,0.777467,0.67,2,555225,554731,494
51663741,41.4895,35.0371,499,35050,0.796987,0.69,2,555270,554771,499
51806821,31.0696,30.7892,513,37891,0.9292,1,2,557208,556695,513
51809741,38.8279,40.5157,510,37947,0.79768,1,2,557252,556742,510
51818501,50.653,79.417,504,38115,0.407932,1,1,557444,556940,504
51821421,37.0612,49.7668,502,38170,0.289173,1,1,557472,556970,502
51827261,35.3298,38.2027,503,38280,0.0786676,1,1,557542,557039,503
51830181,33.3319,35.0811,502,38335,0.037467,1,1,557574,557072,502
51833101,27.1328,32.0324,495,38390,0.0209868,1,1,557597,557102,495
51836021,22.2531,27.213,490,38445,0.0143947,0.95,1,557616,557126,490
51838941,23.3012,21.6852,496,38500,0.0117579,1,1,557640,557144,496
51841861,27.9205,26.6741,497,38555,0.0227032,0.89,1,557671,557174,497
51844781,33.3682,31.0696,500,38610,0.0270813,0.71,1,557708,557208,500
51847701,14.5473,38.8279,458,38665,0.0288325,0.63,1,557710,557252,458
51850621,38.2189,50.3311,454,38720,0.017533,0.41,1,557764,557310,454
51853541,72.2876,83.1325,444,38775,0.0130132,0.33,1,557859,557415,444
51856461,43.315,50.653,439,38829,0.0592053,0.21,1,557883,557444,439
51859381,29.326,37.0612,431,38883,0.0776821,0.01,1,557903,557472,431
51862301,27.3304,35.8245,422,38937,0.0370728,0.05,1,557929,557507,422
51865221,33.1322,35.3298,424,38991,0.0328291,0.01,1,557966,557542,424
51868141,31.8529,33.3319,423,39045,0.0131317,0.01,1,557997,557574,423
51871061,25.9411,27.1328,422,39099,0.0472527,0.01,1,558019,557597,422
51873981,21.7765,22.2531,422,39153,0.0249011,0.01,1,558038,557616,422
51876901,23.7106,23.3012,423,39207,0.0399604,0.03,1,558063,557640,423
51879821,28.0842,27.9205,423,39261,0.0459842,0.03,1,558094,557671,423
51882741,32.8337,33.3682,422,39315,0.0243937,0.03,1,558130,557708,422
51885661,14.3335,14.5473,422,39369,0.0277575,0.01,1,558132,557710,422
51888581,38.1334,38.2189,422,39423,0.077103,0.01,1,558186,557764,422
51891501,72.8534,72.2876,423,39477,0.0488412,0.09,1,558282,557859,423
51897341,29.7765,29.326,426,39583,0.0738146,0.01,1,558329,557903,426
51903181,32.2442,33.1322,422,39689,0.0730103,0,1,558388,557966,422
51906101,32.0977,31.8529,423,39742,0.0352041,0.07,1,558420,557997,423
51909021,25.4391,25.9411,422,39795,0.0320817,0.01,1,558441,558019,422
51911941,21.5756,21.7765,422,39848,0.0128327,0.05,1,558460,558038,422
51914861,24.2303,23.7106,423,39901,0.0231331,0.05,1,558486,558063,423
51917781,27.6921,28.0842,422,39954,0.0272532,0.01,1,558516,558094,422
51920701,32.6768,32.8337,422,40007,0.0109013,0.03,1,558552,558130,422
51923621,14.2707,14.3335,422,40060,0.0103605,0.03,1,558554,558132,422
51926541,38.1083,5.73339,476,40113,0.0341442,0.11,1,558608,558132,476
51929461,72.2433,34.6934,517,40166,0.0436577,0.03,1,558703,558186,517
51932381,47.4973,71.4773,452,40219,0.0594631,0.15,1,558734,558282,452
51935301,30.3989,45.3909,443,40271,0.0657852,0.05,1,558753,558310,443
51938221,25.9596,29.5564,447,40323,0.0803141,0.13,1,558776,558329,447
51941141,30.1838,25.0225,458,40375,0.0981256,0.05,1,558809,558351,458
51944061,31.2735,32.209,453,40427,0.0812503,0.01,1,558841,558388,453
51946981,25.1094,32.0836,442,40479,0.0625001,0.03,1,558862,558420,442
51949901,21.4438,25.4334,440,40531,0.025,0,1,558881,558441,440
51952821,24.1775,21.5734,447,40583,0.04,0.03,1,558907,558460,447
51955741,27.671,24.2294,451,40635,0.016,0.03,1,558937,558486,451
51958661,32.6684,27.6917,457,40687,0.0124,0,1,558973,558516,457
51961581,14.2674,32.6767,423,40739,0.01096,0.01,1,558975,558552,423
51964501,39.3069,14.2707,477,40791,0.034384,0.05,1,559031,558554,477
51967421,72.1228,38.1083,517,40843,0.0677536,0.05,1,559125,558608,517
51970341,49.2491,72.2433,456,40895,0.0571014,0.07,1,559159,558703,456
51973261,30.4996,47.4973,443,40947,0.0528406,0.07,1,559177,558734,443
51976181,27.1999,30.3989,449,40999,0.0751362,0.09,1,559202,558753,449
51982021,28.832,30.1838,453,41101,0.200422,0.07,1,559262,558809,453
51984941,25.3328,31.2735,444,41152,0.206169,0.05,1,559285,558841,444
51993701,27.3493,24.1775,451,41305,0.0667148,0,1,559358,558907,451
51996621,32.5397,27.671,457,41356,0.0446859,0.01,1,559394,558937,457
51999541,14.2159,32.6684,423,41407,0.0358744,0.01,1,559396,558973,423
52002461,40.4864,14.2674,479,41458,0.0323497,0.05,1,559454,558975,479
52005381,71.3945,39.3069,515,41509,0.0549399,0.09,1,559546,559031,515
52008301,29.7578,72.1228,423,41560,0.063976,0.05,1,559548,559125,423
52011221,32.9031,49.2491,424,41611,0.0675904,0.05,1,559583,559159,424
52043341,40.203,40.4864,423,42165,0.0481929,0.07,1,559877,559454,423
52046261,72.4812,71.3945,425,42215,0.0492772,0.07,1,559971,559546,425
52049181,30.1925,29.7578,425,42265,0.0257109,0.07,1,559973,559548,425
52052101,33.077,32.9031,425,42315,0.0522843,0.13,1,560008,559583,425
52055021,25.2308,23.9612,427,42365,0.0749137,0.13,1,560028,559601,427
52057941,26.8923,26.9845,426,42415,0.0599655,0.11,1,560056,559630,426
52060861,33.5569,32.3938,428,42465,0.0779862,0.13,1,560094,559666,428
52063781,30.8228,30.3575,428,42515,0.0731945,0.15,1,560123,559695,428
52066701,26.1291,25.343,429,42565,0.0952778,0.19,1,560146,559717,429
52107581,26.9505,30.3147,448,43253,0.247856,0.11,1,560571,560123,448
52110501,20.3802,25.9259,441,43302,0.249142,0.11,1,560587,560146,441
52113421,23.7521,20.5704,450,43351,0.285657,0.15,1,560613,560163,450
52145541,34.232,33.4407,464,43883,0.410081,0.19,1,560981,560517,464
52148461,27.4928,31.3763,457,43931,0.434033,0.29,1,561004,560547,457
52151381,20.5971,26.9505,449,43979,0.443613,0.25,1,561020,560571,449
52198101,28.6401,26.2388,448,44740,0.76895,0.53,2,561498,561050,448
52201021,25.856,24.8955,448,44787,0.78158,0.53,2,561522,561074,448
52203941,30.1424,29.1582,449,44834,0.798632,0.53,2,561555,561106,449
52209781,40.1028,38.7453,451,44928,0.784181,0.65,2,561615,561164,451
52215621,30.4164,29.4792,454,45022,0.798669,0.63,2,561712,561258,454
52218541,37.3666,36.3917,455,45069,0.793468,0.67,2,561754,561299,455
52221461,25.7466,25.3567,455,45116,0.791387,0.69,2,561772,561317,455
52241901,28.5164,28.6401,459,45444,0.794917,0.79,2,561957,561498,459
52244821,27.0065,25.856,461,45490,0.779967,0.81,2,561983,561522,461
52247741,30.0026,30.1424,460,45536,0.785987,0.81,2,562015,561555,460
52250661,13.201,13.257,460,45582,0.788395,0.77,2,562017,561557,460
52259421,30.9409,30.4164,461,45720,0.928137,0.79,2,562173,561712,461
52262341,37.5763,37.3666,461,45766,0.941255,0.79,2,562215,561754,461
52265261,26.4305,25.7466,462,45812,0.934502,0.81,2,562234,561772,462
52268181,28.5722,28.2987,462,45858,0.907801,0.81,2,562264,561802,462
52274021,29.0516,29.6078,461,45950,0.916848,0.83,2,562306,561845,461
52276941,33.2206,11.8431,497,45996,0.912739,0.81,2,562342,561845,497
52279861,28.8882,26.3372,487,46042,0.911096,0.85,2,562368,561881,487
52282781,21.1553,26.1349,477,46088,0.922438,0.83,2,562384,561907,477
52285701,27.6621,20.654,492,46134,0.938975,0.77,2,562416,561924,492
52463821,323.039,339.662,476,21900,0.406,1,1,564321,563845,476
52469661,142.766,114.106,542,22093,0.09736,0.73,1,564519,563977,542
52472581,88.3065,113.442,481,22189,0.056944,0.55,1,564571,564090,481
52475501,74.9226,92.777,468,22285,0.0527776,0.31,1,564637,564169,468
52478421,57.569,73.1108,454,22380,0.063111,0.13,1,564683,564229,454
52481341,44.0276,59.8443,438,22475,0.0552444,0.01,1,564718,564280,438
52484261,24.211,36.5377,428,22569,0.0640978,0.01,1,564729,564301,428
52487181,64.8844,26.6151,500,22663,0.0436391,0.01,1,564821,564321,500
52490101,98.5538,56.846,544,22757,0.0474556,0.05,1,564942,564398,544
52498861,55.1954,67.3341,470,23035,0.201037,0.07,1,565107,564637,470
52501781,42.4782,54.5337,458,23127,0.218415,0.05,1,565141,564683,458
52504701,22.9913,42.8135,433,23219,0.225366,0.07,1,565151,564718,433
52510541,98.9586,64.6902,544,23401,0.0612585,0.05,1,565365,564821,544
52513461,74.3834,98.4761,481,23492,0.0425034,0.15,1,565423,564942,481
52516381,71.1534,71.1904,497,23582,0.0350014,0.19,1,565492,564995,497
52519301,56.6613,67.4762,479,23672,0.0800005,0.23,1,565539,565060,479
52522221,43.0645,55.1905,466,23762,0.0980002,0.23,1,565573,565107,466
52528061,58.4903,22.9905,514,23940,0.04808,0.03,1,565665,565151,514
52530981,24.5961,64.3962,424,24029,0.025232,0.03,1,565667,565243,424
52533901,82.4385,98.9585,423,24117,0.0400928,0.03,1,565788,565365,423
52536821,67.7754,74.3834,423,24205,0.0580371,0.03,1,565846,565423,423
52539741,69.7102,71.1534,425,24293,0.0292148,0.11,1,565917,565492,425
52542661,57.2841,56.6613,427,24380,0.0656859,0.11,1,565966,565539,427
52557261,81.4608,82.4385,422,24812,0.235191,0.07,1,566210,565788,422
52560181,67.9843,67.7754,423,24897,0.268076,0.01,1,566269,565846,423
52563101,69.1937,69.7102,422,24982,0.257231,0.09,1,566339,565917,422
52566021,60.6775,57.2841,428,25067,0.276892,0.19,1,566394,565966,428
52568941,45.271,43.3136,429,25152,0.296757,0.15,1,566429,566000,429
52589381,61.973,61.3735,490,25736,0.424256,0.29,1,566829,566339,490
52641941,46.183,49.0746,456,27180,0.753709,0.69,2,567768,567312,456
52656541,73.1276,72.274,458,27567,0.938371,0.73,2,568054,567596,458
52764581,77.2059,73.8335,492,30279,0.223206,1,1,569959,569467,492
52770421,40.913,46.7334,485,30419,0.042913,0.99,1,570027,569542,485
52773341,50.5652,56.4933,479,30489,0.0351652,1,1,570084,569605,479
52776261,42.4261,36.9973,492,30558,0.0680661,1,1,570121,569629,492
52779181,33.7704,32.7989,490,30627,0.0332264,1,1,570149,569659,490
52782101,21.9082,29.9196,476,30696,0.0132906,0.99,1,570163,569687,476
52785021,38.1633,41.9678,475,30765,0.0353162,0.95,1,570212,569737,475
52787941,26.0653,31.7871,468,30834,0.0321265,0.21,1,570230,569762,468
52790861,66.2261,89.5149,433,30903,0.0548506,0.03,1,570323,569890,433
52793781,62.4904,77.2059,424,30971,0.0519402,0.03,1,570383,569959,424
52796701,45.3962,51.2824,424,31039,0.0207761,0,1,570417,569993,424
52799621,37.9585,40.913,423,31107,0.0263104,0.03,1,570450,570027,423
52802541,48.7834,50.5652,422,31175,0.0165242,0.09,1,570506,570084,422
52805461,44.1134,42.4261,426,31243,0.0246097,0.01,1,570547,570121,426
52808381,32.0453,33.7704,422,31311,0.00984387,0.01,1,570571,570149,422
52811301,20.6181,13.5082,435,31379,0.0339375,0,1,570584,570149,435
52814221,37.6473,13.8033,470,31446,0.043575,0.05,1,570633,570163,470
52817141,27.0589,34.9213,441,31513,0.07143,0.03,1,570653,570212,441
52822981,62.4094,65.7074,482,31647,0.0894288,0.05,1,570805,570323,482
52825901,45.3638,62.283,456,31714,0.0417715,0,1,570839,570383,456
52828821,37.3455,45.3132,454,31781,0.0167086,0.03,1,570871,570417,454
52831741,48.5382,37.9253,477,31848,0.0246834,0.01,1,570927,570450,477
52834661,44.6153,48.7701,463,31914,0.0398734,0.03,1,570969,570506,463
52837581,33.4461,44.108,448,31980,0.0219494,0,1,570995,570547,448
52840501,19.3784,32.0432,434,32046,0.0387797,0.05,1,571005,570571,434
52843421,37.7514,20.6173,471,32112,0.0575119,0.05,1,571055,570584,471
52846341,28.9006,37.6469,445,32178,0.0770048,0.09,1,571078,570633,445
52849261,68.5602,27.0588,520,32244,0.0488019,0.15,1,571173,570653,520
52852181,62.2241,66.0235,486,32310,0.0375208,0.07,1,571231,570745,486
52855101,42.8896,62.4094,456,32375,0.0450083,0.01,1,571261,570805,456
52858021,35.7559,45.3638,453,32440,0.0180033,0,1,571292,570839,453
52860941,48.5023,37.3455,478,32505,0.0252013,0.03,1,571349,570871,478
52863861,45.2009,48.5382,465,32570,0.0400805,0.05,1,571392,570927,465
52866781,33.6804,44.6153,449,32635,0.0580322,0.01,1,571418,570969,449
52869701,18.2721,33.4461,431,32700,0.0652129,0.05,1,571426,570995,431
52872621,38.5089,19.3784,473,32765,0.0320852,0.07,1,571478,571005,473
52875541,16.6035,37.7514,425,32830,0.0188341,0.09,1,571480,571055,425
52878461,21.0414,28.9006,426,32894,0.0375336,0.03,1,571504,571078,426
52890141,34.8395,35.7559,422,33150,0.0784809,0.03,1,571714,571292,422
52893061,48.7358,48.5023,423,33214,0.0313923,0.05,1,571772,571349,423
52895981,46.4943,45.2009,425,33278,0.0545569,0.07,1,571817,571392,425
52898901,34.1977,33.6804,425,33342,0.0638228,0.07,1,571843,571418,425
52901821,18.4791,18.2721,425,33405,0.0675291,0.01,1,571851,571426,425
52904741,36.7916,38.5089,422,33468,0.0570116,0.01,1,571900,571478,422
52907661,15.9167,16.6035,422,33531,0.0528047,0.05,1,571902,571480,422
52910581,20.7667,21.0414,422,33594,0.0631219,0.15,1,571926,571504,422
52913501,66.5067,63.6166,427,33657,0.0792487,0.11,1,572023,571596,427
52916421,61.4027,60.2466,427,33720,0.0616995,0.13,1,572081,571654,427
52919341,41.9611,42.0986,426,33783,0.0786798,0.05,1,572110,571684,426
52922261,32.9844,34.8395,423,33846,0.0974719,0,1,572137,571714,423
52925181,47.9938,48.7358,423,33908,0.0569888,0.07,1,572195,571772,423
52928101,46.1975,46.4943,423,33970,0.0647955,0.07,1,572240,571817,423
52931021,34.079,34.1977,423,34032,0.0679182,0.07,1,572266,571843,423
52933941,18.4316,18.4791,423,34094,0.0691673,0.05,1,572274,571851,423
52936861,37.3726,36.7916,424,34156,0.0816669,0.05,1,572324,571900,424
52939781,16.1491,15.9167,424,34218,0.0866668,0.05,1,572326,571902,424
52942701,20.8596,6.36666,448,34280,0.0646667,0.07,1,572350,571902,448
52945621,65.9439,16.9467,520,34342,0.0678667,0.09,1,572446,571926,520
52948541,61.1775,64.9787,481,34404,0.0931467,0.05,1,572504,572023,481
52957301,46.1314,32.8866,479,34587,0.215481,0.03,1,572616,572137,479
52966061,19.0084,34.0727,431,34770,0.0860308,0.07,1,572697,572266,431
52980661,62.8634,65.9438,485,35073,0.20299,0.11,1,572931,572446,485
52983581,45.5454,61.1775,461,35133,0.255196,0.17,1,572965,572504,461
52986501,35.0182,43.071,458,35193,0.252078,0.23,1,572993,572535,458
52989421,45.2073,32.8284,484,35253,0.250831,0.23,1,573045,572561,484
52992341,43.2829,46.1314,471,35313,0.262333,0.09,1,573087,572616,471
52995261,32.9132,46.0525,451,35373,0.266933,0.09,1,573113,572662,451
52998181,19.1653,34.021,435,35433,0.268773,0.07,1,573123,572688,435
53001101,38.2661,19.0084,477,35493,0.257509,0.13,1,573174,572697,477
53004021,16.5064,37.6034,429,35553,0.253004,0.13,1,573176,572747,429
53006941,22.2026,16.2413,453,35612,0.275201,0.17,1,573202,572749,453
53021541,32.9614,35.0182,434,35907,0.407679,0.25,1,573427,572993,434
53024461,44.3846,45.2073,434,35966,0.421072,0.27,1,573479,573045,434
53027381,43.5538,43.2829,435,36025,0.438429,0.27,1,573522,573087,435
53100381,35.9157,43.6391,480,37464,0.790008,0.67,2,574446,573966,480
53114981,70.9902,25.2369,555,37744,0.912362,0.65,2,574643,574088,555
53258061,30.1773,35.3832,503,40395,0.770328,1,2,576431,575928,503
53263901,68.1884,25.5813,576,40499,0.446052,1,1,576551,575975,576
53266821,47.0753,66.0325,516,40551,0.280421,1,1,576584,576068,516
53269741,44.0301,44.413,528,40603,0.202168,1,1,576626,576098,528
53290181,27.2257,32.7704,489,40967,0.0707488,0.85,1,576827,576338,489
53331061,25.6164,27.2257,426,41682,0.232079,0.13,1,577253,576827,426
53333981,32.4466,32.4903,427,41733,0.266832,0.13,1,577290,576863,427
53336901,26.1786,25.5961,428,41784,0.256733,0.15,1,577312,576884,428
53339821,23.6714,22.8384,429,41835,0.264693,0.11,1,577334,576905,429
53342741,55.0686,55.9354,427,41885,0.291877,0.17,1,577410,576983,427
53366101,12.8803,12.3525,431,42285,0.412634,0.19,1,577629,577198,431
53369021,20.7521,20.541,431,42335,0.411054,0.27,1,577655,577224,431
53374861,33.5603,32.4466,434,42435,0.441369,0.25,1,577724,577290,434
53377781,27.2241,26.1786,435,42485,0.446547,0.27,1,577747,577312,435
53380701,24.6897,23.6714,436,42535,0.436619,0.31,1,577770,577334,436
53383621,56.0759,55.0686,437,42585,0.420648,0.35,1,577847,577410,437
53386541,42.8303,42.4274,437,42635,0.414259,0.37,1,577881,577444,437
53389461,42.3321,41.571,438,42684,0.411704,0.33,1,577923,577485,438
53392381,40.3329,40.0284,438,42733,0.446681,0.31,1,577962,577524,438
53459541,26.4376,33.2347,466,43853,0.755174,0.47,2,578632,578166,466
53462461,23.775,26.4939,466,43901,0.776069,0.47,2,578654,578188,466
53474141,42.119,42.971,491,44093,0.917035,0.59,2,578856,578365,491
53477061,31.2476,41.7884,474,44141,0.924814,0.59,2,578880,578406,474
53479981,30.499,31.1154,480,44189,0.927926,0.61,2,578910,578430,480
53482901,25.9996,29.8461,474,44237,0.94117,0.61,2,578933,578459,474
53677081,330.799,339.284,517,20440,0.934,1,2,581090,580573,517
53735481,67.4234,67.6866,448,22342,0.773806,0.59,2,582417,581969,448
53738401,47.9693,46.2746,451,22437,0.771522,0.55,2,582452,582001,451
53741321,50.3877,50.9099,449,22532,0.782609,0.55,2,582504,582055,449
53855201,86.0894,49.5175,586,25948,0.7588,1,2,584996,584410,586
53869801,69.0636,54.2373,550,26354,0.0629317,1,1,585261,584711,550
53872721,49.8255,70.8949,505,26434,0.0671727,1,1,585298,584793,505
53875641,52.9302,50.558,523,26514,0.0328691,0.92,1,585353,584830,523
53878561,75.1721,56.2232,553,26594,0.0191476,0.63,1,585443,584890,553
53881481,52.2688,86.0893,484,26674,0.0496591,0.51,1,585480,584996,484
53884401,38.3075,60.2357,470,26753,0.0498636,0.47,1,585509,585039,470
53887321,51.323,44.4943,496,26832,0.0499454,0.23,1,585569,585073,496
53890241,40.9292,57.3977,464,26911,0.0619782,0.03,1,585603,585139,464
53893161,17.5717,45.1591,429,26990,0.0667913,0,1,585605,585176,429
53896081,53.8287,69.0636,422,27068,0.0687165,0.07,1,585683,585261,422
53899001,43.7315,49.8255,422,27146,0.0454866,0.01,1,585720,585298,422
53901921,51.0926,52.9302,423,27224,0.0181946,0.01,1,585776,585353,423
53904841,75.637,75.1721,425,27302,0.0252779,0.07,1,585868,585443,425
53907761,51.8548,52.2688,424,27380,0.0281111,0.05,1,585904,585480,424
53910681,39.3419,38.3075,426,27457,0.0412445,0.05,1,585935,585509,426
53913601,51.1368,51.323,425,27534,0.0464978,0.07,1,585994,585569,425
53916521,40.8547,40.9292,425,27611,0.0485991,0.07,1,586028,585603,425
53919441,17.5419,17.5717,425,27688,0.0494396,0.07,1,586030,585605,425
53922361,52.0168,53.8287,422,27764,0.0617759,0.03,1,586105,585683,422
53925281,43.0067,43.7315,422,27840,0.0427103,0,1,586142,585720,422
53928201,50.8027,51.0926,422,27916,0.0170841,0.03,1,586198,585776,422
53931121,76.1211,75.637,423,27992,0.0128337,0.03,1,586291,585868,423
53934041,52.0484,51.8548,423,28068,0.0351335,0.05,1,586327,585904,423
53954481,50.7045,41.3227,477,28591,0.0478099,0,1,586619,586142,477
53957401,76.6818,50.1291,515,28665,0.025124,0.01,1,586713,586198,515
53960321,53.4727,75.8516,460,28739,0.0520496,0.05,1,586751,586291,460
53963241,41.1891,51.9407,457,28813,0.0628198,0.15,1,586784,586327,457
53986601,54.5495,76.6817,463,29395,0.204702,0.07,1,587176,586713,463
53989521,42.2198,53.4727,459,29467,0.207881,0.07,1,587210,586751,459
53992441,52.8879,41.1891,486,29539,0.245152,0.13,1,587270,586784,486
53995361,41.5552,51.8756,461,29611,0.296061,0.13,1,587304,586843,461
54007041,17.9406,41.5856,430,29895,0.400171,0.15,1,587418,586988,430
54009961,38.3762,48.4342,429,29966,0.430068,0.17,1,587470,587041,429
54012881,72.9505,76.3737,430,30037,0.442027,0.23,1,587566,587136,430
54015801,53.7802,54.5495,431,30107,0.434811,0.21,1,587607,587176,431
54021641,54.4448,52.8879,435,30247,0.41637,0.33,1,587705,587270,435
54024561,43.9779,41.5552,438,30317,0.448548,0.33,1,587742,587304,438
54059601,54.453,53.7165,444,31144,0.753477,0.49,2,588265,587821,444
54068361,40.205,7.56585,500,31348,0.755503,0.57,2,588361,587861,500
54071281,73.082,34.8263,542,31415,0.788201,0.55,2,588456,587914,542
54074201,53.8328,70.3305,489,31482,0.78928,0.55,2,588497,588008,489
54091721,45.4956,54.4455,497,31883,0.905589,0.73,2,588762,588265,497
54094641,19.3983,45.7782,459,31949,0.908235,0.73,2,588764,588305,459
54097561,41.3593,19.5113,513,32015,0.909294,0.77,2,588820,588307,513
54100481,74.7437,40.2045,556,32081,0.933718,0.81,2,588917,588361,556
54228961,44.8465,70.7775,500,34864,0.774525,1,2,590852,590352,500
54246481,34.2973,42.177,502,35226,0.222596,1,1,591077,590575,502
54252321,37.0476,56.0683,497,35346,0.0776153,1,1,591174,590677,497
54255241,37.019,39.2273,506,35406,0.0370461,1,1,591211,590705,506
54258161,53.2076,37.2909,534,35466,0.0448184,0.79,1,591275,590741,534
54261081,39.883,61.1164,488,35526,0.0959274,0.71,1,591306,590818,488
54264001,39.9532,44.8465,494,35586,0.0803709,0.59,1,591346,590852,494
54266921,28.5813,44.9386,470,35645,0.0981484,0.49,1,591367,590897,470
54287361,36.4488,37.0476,425,36058,0.0903275,0.01,1,591599,591174,425
54290281,35.5795,37.019,423,36117,0.078131,0.05,1,591634,591211,423
54293201,53.8318,53.2076,425,36176,0.0492524,0.13,1,591700,591275,425
54296121,41.3327,39.883,427,36234,0.073701,0.07,1,591733,591306,427
54299041,40.5331,39.9532,427,36292,0.0834804,0.11,1,591773,591346,427
54325321,32.8483,35.5795,422,36813,0.23881,0.03,1,592056,591634,422
54328241,53.3393,53.8318,423,36870,0.293524,0.09,1,592123,591700,423
54345761,41.2754,8.75605,481,37212,0.400783,0.13,1,592305,591824,481
54348681,33.9102,35.9024,456,37269,0.406313,0.15,1,592334,591878,456
54351601,30.3641,31.161,456,37326,0.408525,0.17,1,592362,591906,456
54354521,51.1456,28.6644,494,37383,0.44541,0.17,1,592427,591933,494
54424601,23.3006,30.3084,449,38717,0.776502,0.55,2,593252,592803,449
54453801,44.3382,42.6963,458,39258,0.917509,0.73,2,593651,593193,458
54456721,34.5353,33.8785,458,39312,0.901003,0.73,2,593679,593221,458
54459641,15.0141,14.7514,458,39366,0.918401,0.81,2,593681,593223,458
54462561,24.6056,23.3006,460,39420,0.925361,0.83,2,593712,593252,460
54704921,34.2035,26.2754,530,43642,0.909493,1,2,596678,596148,530
54719521,53.3298,33.9075,544,43882,0.787384,1,2,596863,596319,544
54722441,41.7319,55.563,508,43930,0.752953,1,2,596897,596389,508
54754561,27.3412,25.1526,492,44457,0.442859,0.81,1,597219,596727,492
54757481,12.1365,31.061,459,44504,0.435144,0.85,1,597221,596762,459
54760401,26.4546,32.8244,461,44551,0.432057,0.75,1,597257,596796,461
54766241,38.0727,41.7319,453,44645,0.439929,0.69,1,597350,596897,453
54769161,32.0291,32.8928,454,44692,0.409972,0.59,1,597378,596924,454
54772081,28.4116,31.1571,450,44739,0.433989,0.57,1,597404,596954,450
54777921,28.4259,30.0651,448,44833,0.428238,0.47,1,597460,597012,448
54780841,30.5703,31.8261,447,44880,0.441295,0.47,1,597492,597045,447
54842161,26.9295,26.9501,445,45857,0.788911,0.51,2,598108,597663,445
54877201,35.037,35.493,487,46408,0.91383,0.71,2,598490,598003,487
54880121,28.4148,33.3972,479,46453,0.911532,0.75,2,598514,598035,479
54883041,24.5659,26.5589,479,46498,0.910613,0.73,2,598536,598057,479
54894721,50.4097,25.1887,527,46678,0.914528,0.83,2,598671,598144,527
54897641,39.9639,49.0755,495,46723,0.947811,0.85,2,598704,598209,495
55194021,65.8398,46.6347,555,25623,0.922,1,2,602890,602335,555
55196941,73.7359,67.2539,553,25706,0.7948,1,2,602969,602416,553
55211541,44.8258,55.9568,520,26115,0.0648651,1,1,603249,602729,520
55214461,38.3303,46.9827,513,26196,0.0439461,1,1,603283,602770,513
55217381,59.7321,41.5931,549,26277,0.0235784,0.87,1,603357,602808,549
55220301,61.0928,65.8372,529,26358,0.0274314,0.71,1,603419,602890,529
55223221,71.8371,73.7349,529,26438,0.0409725,0.39,1,603498,602969,529
55226141,47.9349,84.694,469,26518,0.034389,0.19,1,603530,603061,469
55229061,40.7739,60.2776,461,26598,0.0437556,0.09,1,603566,603105,461
55231981,60.1096,46.911,496,26678,0.0235022,0.07,1,603639,603143,496
55234901,43.2438,62.5644,455,26757,0.0514009,0.03,1,603671,603216,455
55237821,37.0975,44.8258,455,26836,0.0385604,0.03,1,603704,603249,455
55240741,59.239,38.3303,495,26915,0.0574241,0.01,1,603778,603283,495
55243661,24.8956,59.7321,423,26994,0.0649697,0.03,1,603780,603357,423
55246581,46.5582,61.0928,422,27072,0.0679879,0.05,1,603841,603419,422
55249501,66.6233,71.8371,423,27150,0.0451951,0.03,1,603921,603498,423
55252421,46.4493,47.9349,424,27228,0.0840781,0.05,1,603954,603530,424
55255341,40.1797,40.7739,424,27306,0.0876312,0.01,1,603990,603566,424
55258261,59.2719,60.1096,423,27384,0.0530525,0.07,1,604062,603639,423
55261181,42.3088,43.2438,422,27461,0.051221,0.03,1,604093,603671,422
55264101,37.3235,37.0975,423,27538,0.0384884,0.07,1,604127,603704,423
55267021,59.3294,59.239,423,27615,0.0693954,0.07,1,604201,603778,423
55269941,24.9318,24.8956,423,27692,0.0817581,0.07,1,604203,603780,423
55278701,48.1556,46.4493,425,27920,0.0659525,0.09,1,604379,603954,425
55281621,40.2623,40.1797,424,27996,0.032381,0.03,1,604414,603990,424
55284541,58.1049,59.2719,422,28072,0.0309524,0.05,1,604484,604062,422
55287461,43.042,42.3088,424,28147,0.054381,0.03,1,604517,604093,424
55290381,37.0168,37.3235,423,28222,0.0637524,0.09,1,604550,604127,423
55293301,59.8067,59.3294,424,28297,0.031501,0.09,1,604625,604201,424
55296221,25.1227,24.9318,424,28372,0.0186004,0.09,1,604627,604203,424
55299141,47.8491,9.9727,487,28447,0.0734402,0.17,1,604690,604203,487
55313741,44.0884,57.9517,456,28817,0.0648512,0.07,1,604940,604484,456
55316661,36.8353,42.9807,455,28890,0.0559405,0.07,1,604972,604517,455
55319581,59.1341,36.9923,496,28963,0.0523762,0.01,1,605046,604550,496
55322501,24.8537,59.7969,423,29036,0.0509505,0.01,1,605048,604625,423
55325421,51.3415,25.1188,490,29109,0.0383802,0.11,1,605117,604627,490
55328341,66.7366,47.8475,504,29182,0.0573521,0.17,1,605194,604690,504
55331261,49.4946,64.139,467,29255,0.0769408,0.17,1,605232,604765,467
55334181,40.1979,47.2556,465,29327,0.0847763,0.21,1,605266,604801,465
55337101,53.8791,39.3022,494,29399,0.0759105,0.07,1,605329,604835,494
55340021,41.3517,57.7209,457,29471,0.0843642,0.03,1,605362,604905,457
55342941,36.3407,44.0884,455,29543,0.0757457,0.05,1,605395,604940,455
55345861,58.9363,36.8353,497,29615,0.0722983,0.05,1,605469,604972,497
55348781,24.7745,59.1341,425,29686,0.0709193,0.05,1,605471,605046,425
55351701,50.7098,24.8537,491,29757,0.0823677,0.03,1,605539,605048,491
55354621,67.6839,51.3415,501,29828,0.0869471,0.07,1,605618,605117,501
55357541,28.2736,66.7366,426,29899,0.0887788,0.09,1,605620,605194,426
55366301,50.8175,53.8791,425,30111,0.201762,0.09,1,605754,605329,425
55369221,40.727,41.3517,426,30181,0.218705,0.07,1,605788,605362,426
55372141,35.4908,36.3407,425,30251,0.237482,0.07,1,605820,605395,425
55375061,58.5963,58.9363,425,30321,0.292993,0.07,1,605894,605469,425
55389661,34.7443,34.1094,427,30668,0.428808,0.19,1,606085,605658,427
55430541,37.1772,40.86,480,31620,0.761265,0.57,2,606699,606219,480
55433461,63.4709,36.144,528,31687,0.766506,0.57,2,606780,606252,528
55436381,26.5883,61.8576,451,31754,0.768602,0.57,2,606782,606331,451
55439301,53.2353,25.943,520,31821,0.781441,0.61,2,606853,606333,520
55480181,39.1655,36.6471,504,32739,0.905096,0.85,2,607485,606981,504
55486021,47.5465,56.8635,465,32868,0.928415,0.87,2,607555,607090,465
55591141,55.2619,32.1656,551,35110,0.904,1,2,609116,608565,551
55611581,31.7463,38.3926,508,35530,0.439318,1,1,609415,608907,508
55617421,41.4394,40.3428,514,35648,0.263491,1,1,609496,608982,514
55620341,34.5758,37.1371,509,35707,0.267396,1,1,609526,609017,509
55623261,29.4303,31.6549,507,35766,0.292959,0.84,1,609552,609045,507
55626181,35.7721,55.2619,476,35825,0.231183,0.86,1,609592,609116,476
55629101,29.9088,40.7048,471,35884,0.206473,0.87,1,609618,609147,471
55632021,36.5635,46.8819,461,35943,0.208589,0.61,1,609659,609198,461
55640781,32.9161,35.6644,446,36120,0.22719,0.41,1,609796,609350,446
55643701,31.7664,35.8658,441,36179,0.240876,0.41,1,609827,609386,441
55646621,31.3066,31.7463,443,36237,0.28235,0.33,1,609858,609415,443
55661221,35.2924,35.7721,431,36527,0.410363,0.19,1,610023,609592,431
55719621,32.3958,32.4857,480,37667,0.760334,0.61,2,610772,610292,480
55722541,37.5583,31.5943,490,37723,0.778134,0.63,2,610813,610323,490
55725461,33.0233,36.6377,480,37779,0.785253,0.61,2,610843,610363,480
55728381,31.8093,32.0551,482,37835,0.788101,0.59,2,610874,610392,482
55766341,37.8594,31.8093,503,38555,0.909263,0.83,2,611377,610874,503
55769261,29.5438,37.3237,486,38610,0.921705,0.83,2,611401,610915,486
55772181,13.0175,29.3295,464,38665,0.926682,0.81,2,611403,610939,464
55924021,25.664,33.0897,498,41407,0.94063,1,2,613316,612818,498
55926941,27.0656,31.8359,495,41458,0.928252,1,2,613344,612849,495
55929861,64.8262,28.3344,559,41509,0.923301,1,2,613434,612875,559
55938621,35.3729,39.1094,483,41662,0.935091,1,2,613517,613034,483
56067101,32.4426,25.8242,520,43835,0.94,1,2,615010,614490,520
56070021,33.977,18.7297,541,43883,0.916,1,2,615045,614504,541
56255441,341.729,360.651,499,20440,0.766,1,2,617104,616605,499
56261281,145.517,129.344,528,21370,0.44536,1,1,617289,616761,528
56267121,87.1227,93.4151,497,21568,0.245258,0.83,1,617435,616938,497
56275881,36.9678,46.9706,463,21861,0.0879365,0.57,1,617552,617089,463
56278801,45.9871,61.3882,444,21958,0.0651746,0.31,1,617604,617160,444
56281721,91.5949,101.955,437,22055,0.0680698,0.25,1,617726,617289,437
56284641,75.6379,80.3821,436,22151,0.0812279,0.19,1,617791,617355,436
56293401,45.3528,46.3045,427,22437,0.203679,0.07,1,617949,617522,427
56296321,34.9411,36.5218,425,22532,0.219471,0.07,1,617977,617552,425
56299241,43.9765,14.6087,475,22626,0.225789,0.05,1,618027,617552,475
56302161,92.5906,37.0435,548,22720,0.264315,0.07,1,618152,617604,548
56305081,76.6362,88.0174,492,22813,0.267726,0.09,1,618218,617726,492
56308001,75.6545,74.207,502,22906,0.28109,0.23,1,618293,617791,502
56310921,60.8618,72.8828,481,22999,0.298436,0.21,1,618344,617863,481
56325521,76.6427,92.5847,500,23456,0.437216,0.27,1,618652,618152,500
56348881,74.7389,76.6427,445,24169,0.784841,0.51,2,619097,618652,445
56363481,45.7164,45.421,452,24604,0.924923,0.61,2,619349,618897,452
56366401,19.4865,19.3684,452,24690,0.915969,0.79,2,619351,618899,452
56369321,90.5946,86.3474,459,24776,0.900388,0.83,2,619489,619030,459
56372241,77.6378,74.7389,461,24862,0.918155,0.89,2,619558,619097,461
56375161,81.4551,77.2956,466,24947,0.913262,0.89,2,619642,619176,466
56378081,64.9821,63.3182,466,25032,0.923305,0.89,2,619696,619230,466
56494881,63.5952,60.0075,491,28218,0.0913189,1,1,621926,621435,491
56497801,75.8381,82.203,478,28293,0.0545276,1,1,622010,621532,478
56500721,48.9352,52.0812,477,28368,0.063811,1,1,622041,621564,477
56503641,38.1741,20.8325,508,28443,0.0795244,0.92,1,622072,621564,508
56506561,34.4696,31.133,502,28517,0.0498098,0.83,1,622104,621602,502
56509481,33.5879,34.6532,498,28591,0.0619239,0.65,1,622137,621639,498
56512401,35.6351,42.0613,488,28665,0.0547696,0.49,1,622174,621686,488
56515321,34.0541,45.6245,473,28739,0.0879078,0.37,1,622207,621734,473
56518241,65.2216,38.6498,525,28813,0.0651631,0,1,622293,621768,525
56521161,58.4886,77.8599,475,28886,0.0440653,0.03,1,622347,621872,475
56524081,73.7955,63.544,505,28959,0.0356261,0.03,1,622431,621926,505
56527001,48.1182,75.8176,452,29032,0.0442504,0.07,1,622462,622010,452
56529921,39.6473,48.927,455,29105,0.0357002,0.09,1,622496,622041,455
56532841,33.8589,38.1708,454,29178,0.0562801,0.03,1,622526,622072,454
56547441,58.3989,65.2216,476,29539,0.0732771,0.03,1,622769,622293,476
56550361,73.1596,58.4886,505,29611,0.0473108,0.03,1,622852,622347,505
56553281,47.8638,73.7955,452,29682,0.0369243,0.05,1,622883,622431,452
56556201,40.7455,48.1182,457,29753,0.0447697,0.03,1,622919,622462,457
56559121,34.8982,39.6473,454,29824,0.0959079,0.07,1,622950,622496,454
56573721,61.1945,63.4972,425,30177,0.296691,0.03,1,623139,622714,425
56576641,56.2778,58.3989,423,30247,0.256676,0.03,1,623192,622769,423
56585401,41.5698,40.7455,424,30457,0.0872273,0.13,1,623343,622919,424
56588321,37.6279,34.8982,428,30526,0.0768909,0.13,1,623378,622950,428
56591241,16.2512,15.1593,428,30595,0.0487564,0.13,1,623380,622952,428
56594161,28.1005,27.6637,428,30664,0.0495025,0.17,1,623416,622988,428
56597081,32.8402,31.4655,430,30733,0.025801,0.21,1,623452,623022,430
56600001,37.7361,35.9862,432,30802,0.0403204,0.37,1,623493,623061,432
56602921,65.4944,61.1945,438,30871,0.0701282,0.23,1,623577,623139,438
56617521,36.2175,37.6279,423,31212,0.0720941,0.03,1,623801,623378,423
56620441,15.687,16.2512,423,31280,0.0588376,0.03,1,623803,623380,423
56623361,27.8748,6.50046,459,31348,0.0775351,0.05,1,623839,623380,459
56626281,31.5499,24.2002,457,31415,0.085014,0.01,1,623873,623416,457
56629201,37.22,31.2801,462,31482,0.0880056,0.05,1,623914,623452,462
56632121,67.688,37.112,509,31549,0.0892022,0.09,1,624002,623493,509
56640881,43.956,69.3592,452,31750,0.241149,0.13,1,624156,623704,452
56643801,39.1824,43.3437,462,31817,0.23446,0.09,1,624192,623730,462
56646721,34.873,39.5375,457,31883,0.231784,0.05,1,624224,623767,457
56649641,15.1492,36.215,425,31949,0.230714,0.05,1,624226,623801,425
56652561,28.8597,15.686,461,32015,0.254285,0.09,1,624264,623803,461
56655481,32.5439,27.8744,460,32081,0.287714,0.09,1,624299,623839,460
56667161,71.7771,56.4752,510,32345,0.408886,0.23,1,624561,624051,510
56670081,44.9108,69.3901,459,32410,0.433554,0.27,1,624588,624129,459
56673001,39.5643,43.956,468,32475,0.443422,0.23,1,624624,624156,468
56675921,35.0257,39.1824,464,32540,0.447369,0.23,1,624656,624192,464
56678841,15.2103,34.873,434,32605,0.448947,0.23,1,624658,624224,434
56702201,45.9311,44.9108,444,33120,0.764359,0.45,2,625032,624588,444
56705121,39.9724,39.5643,444,33184,0.779744,0.45,2,625068,624624,444
56746001,30.4351,30.8062,462,34065,0.907345,0.83,2,625606,625144,462
56751841,15.1896,15.489,461,34189,0.916775,0.85,2,625646,625185,461
56754761,32.4758,31.9956,462,34251,0.91271,0.85,2,625690,625228,462
56757681,68.1903,12.7982,554,34313,0.923084,0.85,2,625782,625228,554
56760601,64.4761,59.7193,525,34375,0.915234,0.87,2,625844,625319,525
56894921,39.0426,40.3541,482,37098,0.75688,1,2,627712,627230,482
56906601,37.8635,44.8523,518,37326,0.267584,1,1,627913,627395,518
56912441,32.6982,35.1364,514,37440,0.0920135,1,1,627976,627462,514
56915361,32.8793,35.0545,512,37496,0.0548054,1,1,628009,627497,512
56918281,28.7517,33.2218,506,37552,0.0399222,1,1,628035,627529,506
56921201,28.9007,30.6887,506,37608,0.0219689,1,1,628064,627558,506
56924121,19.9603,30.2755,490,37664,0.0387875,0.98,1,628078,627588,490
56927041,40.9841,26.5102,521,37720,0.057515,0.77,1,628133,627612,521
56929961,33.1936,52.6041,479,37776,0.041006,0.69,1,628161,627682,479
56932881,41.4775,39.0416,496,37832,0.0584024,0.57,1,628208,627712,496
56935801,60.391,45.6167,519,37888,0.029361,0.37,1,628281,627762,519
56938721,45.1564,68.6467,470,37944,0.0657444,0.27,1,628316,627846,470
56941641,31.8626,49.6587,456,38000,0.0562977,0.21,1,628339,627883,456
56944561,28.345,37.8635,452,38056,0.0525191,0.03,1,628365,627913,452
56947481,32.938,33.7454,457,38112,0.0750076,0.07,1,628401,627944,457
56953321,27.4701,32.8793,447,38222,0.0612012,0.03,1,628456,628009,447
56956241,28.988,28.7517,451,38277,0.0544805,0.01,1,628486,628035,451
56959161,21.1952,28.9007,438,38332,0.0877922,0.05,1,628502,628064,438
56962081,40.8781,19.9603,478,38387,0.0651169,0.07,1,628556,628078,478
56965001,31.9512,40.9841,449,38442,0.0800468,0.03,1,628582,628133,449
56967921,42.7805,33.1936,471,38497,0.0740187,0.07,1,628632,628161,471
56970841,60.3122,41.4775,496,38552,0.0956075,0.01,1,628704,628208,496
56973761,45.1249,60.391,458,38607,0.092243,0.09,1,628739,628281,458
56976681,19.25,45.1564,425,38662,0.0908972,0.05,1,628741,628316,425
56985441,32.96,32.938,426,38826,0.0914974,0.13,1,628827,628401,426
56988361,32.384,31.1752,428,38880,0.090599,0.03,1,628859,628431,428
56994201,29.5414,28.988,425,38988,0.0708958,0.11,1,628911,628486,425
56997121,21.4166,21.1952,425,39042,0.0703583,0.05,1,628927,628502,425
57000041,40.3666,40.8781,424,39096,0.0581433,0.09,1,628980,628556,424
57002961,31.7467,31.9512,424,39150,0.0772573,0.07,1,629006,628582,424
57005881,43.2987,42.7805,425,39204,0.0729029,0.11,1,629057,628632,425
57008801,61.7195,60.3122,427,39258,0.0831612,0.09,1,629131,628704,427
57011721,45.6878,45.1249,427,39312,0.0992645,0.09,1,629166,628739,427
57046761,62.5968,61.7195,426,39952,0.0848038,0.11,1,629557,629131,426
57049681,46.6387,45.6878,427,40005,0.0999215,0.11,1,629593,629166,427
57073041,21.5288,27.8919,443,40426,0.204407,0.11,1,629776,629333,443
57075961,40.4115,21.3568,479,40478,0.243763,0.13,1,629829,629350,479
57078881,31.7646,40.9427,451,40530,0.259505,0.09,1,629855,629404,451
57081801,45.1058,31.9771,479,40582,0.289802,0.11,1,629909,629430,479
57084721,61.8423,43.9908,500,40634,0.289921,0.07,1,629982,629482,500
57119761,45.0598,31.7646,488,41253,0.409667,0.31,1,630343,629855,488
57122681,62.4239,45.1058,508,41304,0.433867,0.29,1,630417,629909,508
57163561,63.6294,62.4239,444,42014,0.781562,0.53,2,630861,630417,444
57198601,35.6552,33.9337,457,42614,0.915719,0.77,2,631188,630731,457
57204441,65.8248,63.6294,462,42713,0.901315,0.85,2,631323,630861,462
57236561,44.8278,21.4331,523,43252,0.901809,0.91,2,631622,631099,523
57239481,36.5311,43.9732,495,43301,0.930724,0.93,2,631653,631158,495
57410301,295.686,348.025,441,20440,0.222594,0.05,1,633974,633533,441
57452641,135.15,124.684,461,21270,0.060815,0.07,1,634217,633756,461
57455561,70.2599,81.6736,435,21370,0.066326,0.05,1,634244,633809,435
57458481,70.704,68.0694,447,21469,0.0445304,0.03,1,634315,633868,447
57461401,60.0816,60.8278,444,21568,0.0478122,0.05,1,634368,633924,444
57464321,33.6326,38.1311,437,21666,0.0731249,0.01,1,634384,633947,437
57467241,51.8531,31.4524,474,21764,0.0592499,0.09,1,634448,633974,474
57470161,86.1412,58.181,507,21861,0.0897,0.03,1,634557,634050,507
57473081,84.8565,123.472,424,21958,0.07788,0.07,1,634641,634217,424
57476001,49.5426,65.589,423,22055,0.097152,0.03,1,634667,634244,423
57478921,62.417,68.8356,423,22151,0.0568608,0.05,1,634738,634315,423
57481841,58.5668,59.3342,426,22247,0.0527443,0.09,1,634794,634368,426
57484761,31.8267,33.3337,424,22342,0.0270977,0.05,1,634808,634384,424
57487681,51.1307,51.7335,424,22437,0.0408391,0.11,1,634872,634448,424
57490601,87.6523,86.0934,427,22532,0.0583356,0.11,1,634984,634557,427
57493521,83.6609,34.4374,508,22626,0.0413343,0.07,1,635065,634557,508
57496441,49.0644,64.1749,450,22720,0.0465337,0.11,1,635091,634641,450
57499361,61.0257,41.27,493,22813,0.0726135,0.03,1,635160,634667,493
57502281,57.4103,59.108,477,22906,0.0350454,0.05,1,635215,634738,477
57505201,31.3641,57.2432,435,22999,0.0320182,0.01,1,635229,634794,435
57508121,52.7456,31.2973,488,23091,0.0548073,0.05,1,635296,634808,488
57511041,87.0983,50.9189,534,23183,0.0759229,0.07,1,635406,634872,534
57513961,83.4393,87.5676,503,23274,0.0483692,0.03,1,635487,634984,503
57516881,49.5757,83.627,449,23365,0.0853477,0.05,1,635514,635065,449
57543161,56.6578,62.4303,430,24169,0.229306,0.15,1,636015,635585,430
57546081,53.2631,56.1721,429,24257,0.253722,0.15,1,636066,635637,429
57549001,29.7052,30.8688,429,24344,0.263489,0.17,1,636080,635651,429
57551921,52.6821,52.5475,430,24431,0.255396,0.15,1,636148,635718,430
57560681,35.0037,34.611,431,24690,0.402025,0.23,1,636344,635913,431
57563601,31.4015,30.6444,432,24776,0.43081,0.25,1,636373,635941,432
57607401,37.2175,88.128,458,26030,0.758711,0.75,2,637243,636785,458
57610321,32.887,36.4512,486,26111,0.765485,0.73,2,637273,636787,486
57613241,60.5548,33.1805,534,26192,0.792194,0.67,2,637352,636818,534
57624921,93.931,54.2734,575,26514,0.934152,0.71,2,637609,637034,575
57715441,53.4916,27.0444,571,28886,0.943403,1,2,639252,638681,571
57730041,75.8847,31.8158,588,29251,0.795161,1,2,639497,638909,588
57732961,93.3539,85.3263,572,29323,0.756065,1,2,639602,639030,572
57759241,68.9368,75.8847,460,29966,0.789456,0.73,2,639957,639497,460
57770921,48.4736,49.2946,459,30247,0.924002,0.75,2,640177,639718,459
57773841,38.5894,38.9179,459,30317,0.939601,0.73,2,640209,639750,459
57776761,32.2358,32.9671,458,30387,0.94584,0.75,2,640237,639779,458
57896481,40.3387,34.4487,507,33120,0.92296,1,2,642159,641652,507
57911081,79.8099,86.0433,485,33438,0.229781,1,1,642412,641927,485
57914001,53.5239,53.0173,490,33501,0.0979123,1,1,642448,641958,490
57925681,43.7158,49.8468,474,33753,0.0616906,0.89,1,642599,642125,474
57928601,34.2863,40.3387,468,33816,0.0546762,0.81,1,642627,642159,468
57931521,25.1145,31.1355,462,33879,0.0398705,0.67,1,642646,642184,462
57934441,24.4458,31.6542,454,33941,0.0219482,0.61,1,642670,642216,454
57937361,26.5783,33.0617,448,34003,0.0267793,0.39,1,642698,642250,448
57940281,43.6313,51.0247,440,34065,0.0527117,0.05,1,642753,642313,440
57943201,67.2525,79.8099,424,34127,0.0750847,0.01,1,642836,642412,424
57946121,47.901,53.5239,423,34189,0.0480339,0.11,1,642871,642448,423
57949041,41.9604,41.8096,427,34251,0.0612135,0.11,1,642909,642482,427
57951961,38.9842,16.7238,464,34313,0.0424854,0.11,1,642946,642482,464
57954881,32.9937,27.6895,458,34375,0.0589942,0.11,1,642975,642517,458
57957801,40.7975,30.2758,472,34437,0.0775977,0.03,1,643021,642549,472
57960721,32.519,42.1103,449,34498,0.0730391,0.05,1,643048,642599,449
57963641,24.4076,33.6441,440,34559,0.0952156,0.03,1,643067,642627,440
57966561,24.163,24.8577,445,34620,0.0560862,0.01,1,643091,642646,445
57969481,26.4652,24.3431,449,34681,0.0224345,0.03,1,643119,642670,449
57972401,44.7861,26.5372,478,34742,0.0509738,0.07,1,643176,642698,478
57975321,67.7144,43.6149,506,34803,0.0383895,0.09,1,643259,642753,506
57978241,46.8858,67.246,456,34864,0.0333558,0.03,1,643292,642836,456
57981161,42.1543,47.8984,460,34925,0.0313423,0.07,1,643331,642871,460
57984081,38.4617,41.9594,458,34986,0.0665369,0.03,1,643367,642909,458
57987001,34.5847,38.9837,453,35046,0.0446148,0.07,1,643399,642946,453
57989921,41.4339,32.9935,470,35106,0.0478459,0.09,1,643445,642975,470
57992841,34.5735,40.7974,454,35166,0.0491384,0.07,1,643475,643021,454
57995761,23.4294,32.519,443,35226,0.0496553,0.11,1,643491,643048,443
57998681,21.9718,24.4076,445,35286,0.0618621,0.03,1,643512,643067,445
58001601,26.1887,24.163,450,35346,0.0307449,0,1,643541,643091,450
58004521,44.6755,26.4652,479,35406,0.0422979,0.07,1,643598,643119,479
58007441,67.6702,44.7861,505,35466,0.0469192,0.03,1,643681,643176,505
58010361,46.2681,67.7144,454,35526,0.0607677,0.03,1,643713,643259,454
58013281,42.5072,46.8858,461,35586,0.0543071,0.03,1,643753,643292,461
58016201,39.2029,42.1543,459,35645,0.0397228,0.09,1,643790,643331,459
58019121,16.8812,38.4617,425,35704,0.0338891,0.03,1,643792,643367,425
58022041,25.3525,34.5847,424,35763,0.0435557,0.05,1,643823,643399,424
58024961,37.741,41.4339,424,35822,0.0954223,0.05,1,643869,643445,424
58042481,68.4567,67.6702,425,36176,0.23676,0.07,1,644106,643681,425
58045401,45.3827,46.2681,423,36234,0.268704,0.05,1,644136,643713,423
58048321,42.7531,42.5072,424,36292,0.221482,0.03,1,644177,643753,424
58060001,39.1489,37.741,426,36524,0.236118,0.17,1,644295,643869,426
58062921,34.8596,33.0964,428,36582,0.220447,0.13,1,644327,643899,428
58065841,23.5438,22.8386,428,36640,0.226179,0.17,1,644343,643915,428
58068761,21.4175,21.1354,428,36698,0.240472,0.15,1,644363,643935,428
58071681,25.367,25.8542,427,36756,0.270189,0.21,1,644391,643964,427
58074601,47.9468,45.1417,432,36813,0.282075,0.27,1,644454,644022,432
58097961,34.7875,32.9396,464,37269,0.295859,0.21,1,644759,644295,464
58103801,21.646,22.5503,453,37383,0.283737,0.25,1,644796,644343,453
58106721,25.4584,21.0201,461,37440,0.287495,0.29,1,644824,644363,461
58115481,47.2293,71.3533,467,37608,0.41512,0.31,1,645008,644541,467
58118401,41.0917,47.1413,473,37664,0.436048,0.33,1,645045,644572,473
58121321,36.8367,41.0565,470,37720,0.420419,0.35,1,645079,644609,470
58124241,15.9347,36.8226,438,37776,0.414168,0.31,1,645081,644643,438
58127161,25.5739,15.929,468,37832,0.435667,0.33,1,645113,644645,468
58203081,42.2276,41.7042,454,39258,0.917929,0.65,2,646062,645608,454
58206001,34.891,34.6817,454,39312,0.925172,0.65,2,646092,645638,454
58208921,15.1564,15.0727,454,39366,0.928069,0.67,2,646094,645640,454
58372441,27.5638,14.2337,511,42264,0.933931,1,2,648085,647574,511
58375361,29.0255,21.8935,514,42314,0.937572,1,2,648115,647601,514
58387041,44.8263,50.1157,484,42514,0.916082,1,2,648324,647840,484
58389961,43.1305,43.4463,487,42564,0.924433,0.93,2,648366,647879,487
58416241,28.2466,29.0255,482,43007,0.930233,0.94,2,648597,648115,482
58419161,28.0986,11.6102,510,43056,0.906093,1,2,648625,648115,510
58436681,29.9465,35.1809,491,43350,0.916754,0.81,2,648887,648396,491
58439601,25.1786,31.4723,484,43399,0.924702,0.83,2,648909,648425,484
58442521,26.8714,24.5889,492,43448,0.939881,0.89,2,648937,648445,492
58611881,34.0052,36.253,511,46179,0.92157,1,2,650845,650334,511
58614801,29.8021,31.9012,509,46225,0.938628,1,2,650872,650363,509
58632321,20.5864,24.2522,507,46498,0.797889,1,2,651018,650511,507
58641081,37.1495,43.7441,506,46633,0.758345,0.93,2,651146,650640,506
58644001,29.2598,39.0977,494,46678,0.753338,1,2,651170,650676,494
58649841,36.6016,34.4556,508,46768,0.755334,1,2,651246,650738,508
58670281,26.2941,28.7873,486,47083,0.783554,0.83,2,651437,650951,486
58673201,26.1176,25.9149,488,47128,0.787422,0.79,2,651463,650975,488
58679041,38.2588,20.5864,512,47218,0.794387,0.83,2,651530,651018,512
58681961,38.7035,39.4346,499,47263,0.779755,0.79,2,651569,651070,499
58684881,35.8814,40.3738,492,47308,0.797902,0.73,2,651603,651111,492
58702401,31.9585,31.6563,457,47574,0.902974,0.71,2,651767,651310,457
58705321,30.1834,28.8625,459,47618,0.93119,0.77,2,651796,651337,459
58708241,26.4734,25.345,460,47662,0.942476,0.73,2,651820,651360,460
58711161,22.5893,23.338,458,47706,0.94699,0.75,2,651840,651382,458
58871761,37.2688,39.8264,511,50077,0.9412,1,2,653491,652980,511
58898041,28.9896,28.7649,496,50455,0.289208,1,1,653732,653236,496
58906801,31.1593,28.841,496,50581,0.0681893,1,1,653813,653317,496
58909721,31.0637,28.9364,498,50623,0.0932757,1,1,653844,653346,498
58915561,19.6102,27.4298,479,50707,0.0929241,0.98,1,653881,653402,479
58918481,41.4441,45.1719,478,50749,0.0371696,0.91,1,653937,653459,478
58921401,30.3776,37.2688,469,50791,0.0208679,0.84,1,653960,653491,469
58924321,28.9511,33.5075,466,50832,0.0383471,0.81,1,653988,653522,466
58927241,23.5804,29.603,459,50873,0.0333389,0.61,1,654008,653549,459
58930161,25.0322,32.8412,450,50914,0.0193355,0.59,1,654034,653584,450
58933081,29.8129,34.7365,447,50955,0.0377342,0.59,1,654067,653620,447
58936001,25.1251,27.0946,447,50996,0.0450937,0.57,1,654089,653642,447
58938921,12.4501,13.8378,446,51037,0.0720375,0.41,1,654093,653647,446
58959361,29.9816,31.0637,422,51324,0.059585,0.15,1,654266,653844,422
58962281,26.3926,25.0255,425,51365,0.029834,0.07,1,654290,653865,425
58965201,18.3571,19.6102,422,51406,0.0119336,0,1,654303,653881,422
58968121,40.9428,41.4441,422,51447,0.00477344,0.01,1,654359,653937,422
58971041,30.7771,30.3776,423,51488,0.0319094,0.05,1,654383,653960,423
58973961,28.5109,28.9511,422,51529,0.0547637,0.03,1,654410,653988,422
58976881,23.4043,23.5804,422,51570,0.0399055,0.01,1,654430,654008,422
58979801,24.9617,25.0322,422,51611,0.0579622,0.05,1,654456,654034,422
58982721,30.3847,29.8129,423,51652,0.0651849,0.05,1,654490,654067,423
58985641,27.7539,25.1251,427,51693,0.0800739,0.09,1,654516,654089,427
58988561,13.5016,12.4501,427,51734,0.0860296,0.13,1,654520,654093,427
58991481,14.4006,14.58,426,51775,0.0884118,0.13,1,654535,654109,426
58994401,23.7602,5.83201,456,51816,0.0893647,0.13,1,654565,654109,456
59009001,27.9307,28.3644,452,52021,0.0726367,0,1,654687,654235,452
59011921,25.5723,29.9457,445,52061,0.0470547,0.01,1,654711,654266,445
59014841,18.6289,26.3783,435,52101,0.0368219,0,1,654725,654290,435
59017761,40.4516,18.3513,477,52141,0.0567288,0,1,654780,654303,477
59020681,30.5806,40.9405,445,52181,0.0526915,0.05,1,654804,654359,445
59023601,29.0323,30.7762,449,52221,0.0510766,0.07,1,654832,654383,449
59026521,24.2129,28.5105,443,52261,0.0504306,0.03,1,654853,654410,443
59029441,25.8852,23.4042,450,52301,0.0621723,0.07,1,654880,654430,450
59032361,29.5541,24.9617,456,52341,0.0788689,0.07,1,654912,654456,456
59035281,29.8216,30.3847,452,52381,0.0855476,0.09,1,654942,654490,452
59038201,14.3286,27.7539,430,52421,0.064219,0.09,1,654946,654516,430
59041121,14.1315,13.5015,440,52461,0.0796876,0.09,1,654960,654520,440
59052801,14.6658,25.0416,433,52621,0.20244,0.09,1,655049,654616,433
59058641,25.1465,26.3267,450,52701,0.20399,0.05,1,655108,654658,450
59076161,23.7708,29.0323,444,52941,0.214057,0.05,1,655276,654832,444
59079081,26.9083,24.2129,452,52981,0.247623,0.07,1,655305,654853,452
59082001,29.9633,25.8852,457,53021,0.237049,0.09,1,655337,654880,457
59084921,29.9853,29.5541,455,53061,0.24482,0.09,1,655367,654912,455
59087841,14.3941,29.8216,429,53101,0.247928,0.05,1,655371,654942,429
59090761,14.7577,14.3286,440,53141,0.273171,0.09,1,655386,654946,440
59093681,25.1031,14.1315,458,53181,0.283268,0.15,1,655418,654960,458
59096601,27.4412,23.6526,457,53221,0.287307,0.19,1,655447,654990,457
59099521,12.1765,25.661,432,53261,0.288923,0.21,1,655449,655017,432
59122881,30.9085,30.0678,432,53574,0.407589,0.19,1,655659,655227,432
59125801,30.3634,29.4271,433,53613,0.421036,0.23,1,655689,655256,433
59128721,24.7454,23.7708,434,53652,0.438414,0.27,1,655710,655276,434
59230921,30.805,32.2159,481,55008,0.758482,0.61,2,656583,656102,481
59233841,25.522,30.8863,473,55046,0.765393,0.61,2,656605,656132,473
59236761,27.0088,25.5545,479,55084,0.768157,0.57,2,656633,656154,479
59239681,32.4035,28.2218,485,55122,0.769263,0.61,2,656669,656184,485
59242601,30.9614,31.0887,482,55160,0.793705,0.67,2,656699,656217,482
59251361,26.4855,17.2297,484,55274,0.796957,0.61,2,656754,656270,484
59271801,25.4362,25.7406,481,55540,0.914156,0.71,2,656912,656431,481
59274721,17.3745,24.6962,469,55578,0.923663,0.73,2,656924,656455,469
59441161,334.545,349.642,501,26280,0.76312,0.98,2,658835,658334,501
59520001,58.4628,68.5134,451,27784,0.767027,0.57,2,659488,659037,451
59522921,60.5851,64.0054,452,27860,0.792811,0.63,2,659550,659098,452
59537521,34.637,33.7207,456,28238,0.911469,0.65,2,659767,659311,456
59540441,43.8548,42.8883,457,28313,0.934588,0.73,2,659817,659360,457
59703961,37.8313,37.9848,517,32233,0.916,1,2,662594,662077,517
59706881,40.3325,36.7939,523,32299,0.9184,1,2,662636,662113,523
59709801,37.133,44.7176,508,32364,0.90136,1,2,662671,662163,508
59721481,42.8498,56.6808,508,32624,0.414035,1,1,662900,662392,508
59730241,37.4224,54.1956,497,32819,0.236978,1,1,663022,662525,497
59733161,31.769,42.0782,491,32883,0.208791,0.86,1,663050,662559,491
59747761,57.8562,66.0613,448,33203,0.0580964,0.39,1,663263,662815,448
59750681,49.5425,57.6245,440,33267,0.0892386,0.35,1,663307,662867,440
59765281,28.6372,31.769,429,33583,0.211931,0.19,1,663479,663050,429
59768201,25.2549,26.5076,429,33646,0.234773,0.15,1,663502,663073,429
59771121,30.502,31.003,429,33709,0.279909,0.13,1,663536,663107,429
59774041,29.6008,31.6012,426,33772,0.285964,0.07,1,663565,663139,426
59788641,40.0836,40.2068,427,34083,0.4104,0.15,1,663807,663380,427
59791561,42.4334,42.4827,427,34145,0.42216,0.21,1,663851,663424,427
59797401,29.8293,14.2372,456,34269,0.438346,0.23,1,663911,663455,456
59800321,26.9317,20.0949,457,34331,0.421338,0.25,1,663936,663479,457
59812001,58.5199,46.4216,502,34576,0.447442,0.39,1,664125,663623,502
59814921,52.2079,56.9687,486,34637,0.436977,0.37,1,664173,663687,486
59817841,41.2832,50.9875,473,34698,0.444791,0.39,1,664207,663734,473
59820761,40.5133,40.195,480,34759,0.447916,0.43,1,664247,663767,480
59873321,28.2906,30.3576,448,35838,0.755613,0.53,2,664893,664445,448
59876241,46.1162,46.943,448,35897,0.788245,0.55,2,664951,664503,448
59896681,31.7972,30.5387,458,36307,0.913522,0.71,2,665256,664798,458
60136121,294.354,346.094,432,17520,0.203243,0,1,668358,667926,432
60141961,124.617,136.975,445,18482,0.0625188,0,1,668555,668110,445
60144881,94.8467,92.59,457,18597,0.0250075,0.05,1,668630,668173,457
60147801,76.9387,77.236,455,18711,0.040003,0.03,1,668695,668240,455
60150721,61.9755,81.8944,422,18824,0.0340012,0.01,1,668747,668325,422
60153641,46.9902,42.9578,442,18937,0.0196005,0.05,1,668784,668342,442
60156561,85.3961,94.5831,424,19049,0.0258402,0.03,1,668895,668471,424
60159481,83.9584,88.2332,423,19160,0.0283361,0,1,668978,668555,423
60162401,78.5834,80.2933,423,19271,0.0173344,0.05,1,669053,668630,423
60165321,70.4333,71.1173,423,19381,0.0369338,0.03,1,669118,668695,423
60168241,58.7733,59.6469,422,19490,0.0327735,0.01,1,669169,668747,422
60171161,46.9093,46.0588,424,19599,0.0431094,0.01,1,669208,668784,424
60174081,83.5637,18.4235,532,19707,0.0472438,0.03,1,669316,668784,532
60177001,83.2255,73.9694,504,19815,0.0608975,0.03,1,669399,668895,504
60179921,78.2902,79.3878,496,19922,0.030359,0.01,1,669474,668978,496
60182841,71.5161,76.7551,488,20028,0.0421436,0.05,1,669541,669053,488
60185761,58.0064,69.702,472,20134,0.0468574,0.03,1,669590,669118,472
60188681,47.8026,58.4808,462,20239,0.036743,0.05,1,669631,669169,462
60191601,82.721,46.7923,529,20344,0.0446972,0.05,1,669737,669208,529
60194521,84.0884,83.5169,506,20448,0.0478789,0.07,1,669822,669316,506
60197441,77.4354,83.2068,496,20552,0.0371515,0.01,1,669895,669399,496
60200361,72.3741,78.2827,490,20655,0.0568606,0.05,1,669964,669474,490
60203281,57.1497,71.5131,470,20758,0.0407442,0.05,1,670011,669541,470
60206201,49.2599,58.0052,465,20860,0.0342977,0.03,1,670055,669590,465
60209121,82.7039,47.8021,529,20962,0.0437191,0.05,1,670160,669631,529
60212041,34.2816,82.7208,425,21063,0.0474876,0.05,1,670162,669737,425
60214961,65.3126,84.0883,426,21164,0.0489951,0.03,1,670248,669822,426
60217881,67.5251,77.4353,422,21264,0.037598,0.07,1,670317,669895,422
60220801,70.21,72.3741,425,21364,0.0450392,0.03,1,670389,669964,425
60223721,54.484,57.1497,422,21463,0.0360157,0.03,1,670433,670011,422
60226641,48.1936,49.2599,422,21562,0.0324063,0.05,1,670477,670055,422
60229561,83.4774,82.7039,424,21660,0.0429625,0.05,1,670584,670160,424
60232481,34.591,34.2816,424,21758,0.047185,0.05,1,670586,670162,424
60235401,64.2364,65.3126,422,21855,0.060874,0.03,1,670670,670248,422
60241241,70.0378,70.21,422,22049,0.0757398,0.03,1,670811,670389,422
60244161,54.4151,54.484,422,22145,0.0482959,0.03,1,670855,670433,422
60247081,48.1661,48.1936,422,22241,0.0373184,0.05,1,670899,670477,422
60250001,84.0664,83.4774,423,22336,0.0329273,0.05,1,671007,670584,423
60252921,34.8266,34.591,423,22431,0.0311709,0.07,1,671009,670586,423
60255841,64.9306,64.2364,424,22526,0.0424684,0.07,1,671094,670670,424
60267521,48.611,51.9485,466,22900,0.0997272,0.03,1,671321,670855,466
60270441,84.2444,47.1794,530,22993,0.0938909,0.03,1,671429,670899,530
60273361,34.8978,83.6718,424,23085,0.0915563,0.03,1,671431,671007,424
60282121,69.7695,66.147,498,23359,0.26146,0.13,1,671659,671161,498
60323001,71.7072,72.1604,437,24598,0.405799,0.31,1,672458,672021,437
60355121,38.9755,12.1733,488,25530,0.762018,0.49,2,673022,672534,488
60369721,74.2337,65.7915,530,25942,0.911768,0.69,2,673352,672822,530
60483601,44.3687,33.631,538,28954,0.946,1,2,675450,674912,538
60495281,48.627,38.445,547,29246,0.75617,1,2,675642,675095,547
60559521,83.1556,82.3732,448,30797,0.778079,0.55,2,676710,676262,448
60574121,49.969,48.5056,452,31139,0.916272,0.61,2,676910,676458,452
60577041,37.3876,36.2022,453,31207,0.912509,0.61,2,676939,676486,453
60579961,16.155,15.6809,453,31275,0.911003,0.71,2,676941,676488,453
60582881,41.862,40.4724,455,31343,0.922401,0.71,2,677000,676545,455
60585801,56.3448,16.1889,521,31411,0.914961,0.77,2,677066,676545,521
60588721,85.5379,43.6756,564,31478,0.935984,0.81,2,677171,676607,564
60591641,54.6152,79.2702,495,31545,0.944394,0.85,2,677205,676710,495
60696761,47.2108,51.9897,493,33876,0.93304,1,2,678823,678330,493
60699681,36.8843,36.9959,496,33938,0.907216,1,2,678853,678357,496
60705521,28.2215,37.3593,488,34062,0.931155,1,2,678910,678422,488
60708441,45.4886,50.3437,486,34124,0.918462,1,2,678967,678481,486
60711361,37.3954,44.1375,478,34186,0.937385,1,2,678999,678521,478
60834001,36.7189,38.5716,480,36695,0.433695,1,1,680765,680285,480
60836921,38.0876,36.4286,484,36753,0.431478,0.98,1,680804,680320,484
60904081,33.5929,34.237,481,38053,0.755091,0.55,2,681652,681171,481
60907001,38.0372,34.6948,487,38109,0.788036,0.51,2,681693,681206,487
60921601,56.3047,73.2999,496,38384,0.771778,0.67,2,681936,681440,496
60924521,29.1219,54.52,465,38439,0.770711,0.67,2,681947,681482,465
60927441,30.8488,27.808,487,38494,0.782285,0.71,2,681979,681492,487
60930361,30.3395,29.7232,486,38549,0.798914,0.71,2,682009,681523,486
60944961,39.7043,38.0372,464,38823,0.903006,0.83,2,682157,681693,464
60950801,35.5127,34.8859,464,38931,0.928081,0.87,2,682220,681756,464
61139141,332.446,352.603,503,18980,0.442,0.98,1,684605,684102,503
61144981,140.551,161.657,484,19203,0.08392,0.33,1,684798,684314,484
61147901,93.4205,103.063,482,19314,0.039568,0.03,1,684860,684378,482
61150821,69.7682,92.225,451,19424,0.0218272,0.03,1,684914,684463,451
61153741,66.9073,83.69,438,19533,0.00873088,0.01,1,684979,684541,438
61156661,49.5629,52.676,444,19642,0.0214924,0.07,1,685017,684573,444
61159581,72.6252,40.2704,500,19750,0.0265969,0.03,1,685105,684605,500
61162501,98.0501,63.5082,536,19857,0.0106388,0.01,1,685220,684684,536
61165421,77.02,93.8033,485,19964,0.0102555,0.01,1,685283,684798,485
61168341,63.208,74.7213,477,20070,0.0101022,0.01,1,685337,684860,477
61171261,63.6832,62.2885,487,20176,0.00404088,0,1,685401,684914,487
61174181,48.2733,63.9154,460,20281,0.00761635,0.03,1,685439,684979,460
61177101,72.7093,48.3662,511,20386,0.0330465,0.03,1,685528,685017,511
61180021,96.8837,72.1465,536,20490,0.0132186,0,1,685641,685105,536
61182941,77.7535,97.8586,486,20594,0.0232874,0.01,1,685706,685220,486
61185861,62.3014,76.9434,475,20697,0.027315,0.01,1,685758,685283,475
61188781,63.9206,63.1774,486,20799,0.010926,0,1,685823,685337,486
61191701,48.9682,63.6709,461,20901,0.0223704,0.01,1,685862,685401,461
61194621,72.9873,48.2684,512,21002,0.0389482,0.05,1,685951,685439,512
61197541,30.3949,72.7074,425,21103,0.0455793,0,1,685953,685528,425
61200461,78.758,96.8829,423,21204,0.0242317,0.03,1,686064,685641,423
61203381,70.5032,77.7532,423,21304,0.0156927,0.03,1,686129,685706,423
61206301,58.8013,62.3013,422,21404,0.0602771,0,1,686180,685758,422
61209221,63.1205,63.9205,423,21503,0.0421108,0.03,1,686246,685823,423
61212141,48.6482,48.9682,423,21602,0.0168443,0.05,1,686285,685862,423
61215061,74.0593,72.9873,425,21700,0.0367377,0.05,1,686376,685951,425
61217981,30.8237,30.3949,425,21798,0.0446951,0.01,1,686378,685953,425
61220901,77.1295,78.758,422,21895,0.023878,0.01,1,686486,686064,422
61223821,69.8518,70.5032,422,21992,0.0155512,0.09,1,686551,686129,422
61226741,59.7407,58.8013,424,22088,0.0362205,0.03,1,686604,686180,424
61229661,62.2963,63.1205,422,22184,0.0324882,0,1,686668,686246,422
61232581,48.3185,48.6482,422,22280,0.0129953,0.05,1,686707,686285,422
61235501,73.9274,74.0593,422,22375,0.0231981,0.05,1,686798,686376,422
61238421,30.771,30.8237,422,22470,0.0512792,0.01,1,686800,686378,422
61241341,77.1084,77.1295,422,22564,0.0265117,0.01,1,686908,686486,422
61244261,69.2434,30.8518,486,22658,0.0166047,0.01,1,686972,686486,486
61247181,61.2973,51.3407,477,22752,0.0486419,0.05,1,687028,686551,477
61250101,61.1189,52.3363,485,22845,0.0374567,0.03,1,687089,686604,485
61253021,47.8476,59.3345,460,22938,0.0209827,0,1,687128,686668,460
61255941,74.339,47.1338,513,23030,0.0503931,0.03,1,687220,686707,513
61258861,30.9356,73.4535,424,23122,0.0621572,0.07,1,687222,686798,424
61264701,69.0297,77.0326,485,23305,0.0711452,0.01,1,687393,686908,485
61267621,61.8119,69.213,478,23396,0.0584581,0.07,1,687450,686972,478
61270541,60.7247,61.2852,482,23487,0.0413832,0.03,1,687510,687028,482
61273461,47.6899,61.1141,460,23577,0.0345533,0.01,1,687549,687089,460
61276381,76.676,47.8456,517,23667,0.0438213,0.07,1,687645,687128,517
61279301,31.8704,74.3383,427,23757,0.0235285,0.07,1,687647,687220,427
61282221,77.5482,30.9353,533,23846,0.0874114,0.13,1,687755,687222,533
61296821,44.3051,47.6899,422,24288,0.0520343,0.05,1,687971,687549,422
61299741,76.5221,76.676,424,24375,0.0508137,0.01,1,688069,687645,424
61302661,31.8088,31.8704,424,24462,0.0503255,0.13,1,688071,687647,424
61314341,45.5935,45.9071,429,24807,0.205144,0.09,1,688303,687874,429
61317261,50.6374,53.7628,424,24892,0.220058,0.01,1,688357,687933,424
61320181,41.855,44.3051,422,24977,0.214023,0.05,1,688393,687971,422
61355221,70.7193,82.2706,490,25977,0.207108,0.17,1,689103,688613,490
61358141,29.4877,70.7082,429,26059,0.220843,0.17,1,689105,688676,429
61361061,46.5951,29.4833,485,26140,0.250337,0.19,1,689163,688678,485
61363981,51.038,45.9933,482,26221,0.274135,0.15,1,689217,688735,482
61366901,40.2152,50.7973,461,26302,0.283654,0.11,1,689250,688789,461
61378581,72.0647,83.798,494,26623,0.408014,0.23,1,689535,689041,494
61381501,30.0259,70.7192,434,26703,0.421205,0.23,1,689537,689103,434
61384421,48.6104,29.4877,493,26782,0.426482,0.27,1,689598,689105,493
61413621,52.6459,51.8441,446,27562,0.755354,0.49,2,690098,689652,446
61416541,22.2584,21.9377,446,27639,0.788142,0.49,2,690100,689654,446
61434061,31.4002,30.5368,456,28096,0.924285,0.77,2,690436,689980,456
61448661,73.0377,11.7213,562,28471,0.942844,0.85,2,690696,690134,562
61451581,30.4151,65.2885,463,28545,0.935138,0.81,2,690698,690235,463
61559621,66.8504,66.9293,488,31170,0.9292,1,2,692598,692110,488
61562541,47.7402,44.7717,493,31238,0.94168,1,2,692633,692140,493
61574221,47.8829,63.1094,510,31508,0.424379,1,1,692836,692326,510
61580061,43.1813,48.8575,510,31642,0.217901,1,1,692921,692411,510
61588821,63.4836,32.0949,558,31843,0.0732256,0.89,1,693066,692508,558
61591741,45.7934,66.838,502,31909,0.0352903,0.95,1,693100,692598,502
61594661,36.9174,47.7352,498,31975,0.0201161,0.83,1,693131,692633,498
61597581,47.7669,41.2941,516,32041,0.0380464,0.65,1,693186,692670,516
61600501,52.7068,55.5176,507,32107,0.0692186,0.55,1,693242,692735,507
61618021,63.5371,32.709,507,32500,0.0947379,0.05,1,693489,692982,507
61623861,37.2859,45.7934,454,32630,0.0835581,0.01,1,693554,693100,454
61626781,49.1144,36.9174,480,32695,0.0514232,0.05,1,693611,693131,480
61629701,53.2458,47.7669,481,32760,0.0865693,0.09,1,693667,693186,481
61644301,31.8576,29.6069,433,33081,0.201056,0.19,1,693806,693373,433
61647221,27.143,29.8428,427,33145,0.242422,0.05,1,693830,693403,427
61650141,61.8572,63.5371,426,33209,0.246969,0.11,1,693915,693489,426
61653061,43.9429,45.2148,425,33273,0.260788,0.07,1,693947,693522,425
61655981,37.9772,37.2859,427,33337,0.242315,0.03,1,693981,693554,427
61658901,46.9909,49.1144,423,33400,0.234926,0.11,1,694034,693611,423
61661821,55.3963,53.2458,428,33463,0.26797,0.11,1,694095,693667,428
61664741,23.3585,22.4983,428,33526,0.281188,0.15,1,694097,693669,428
61667661,27.9434,26.3993,430,33589,0.286475,0.17,1,694128,693698,430
61670581,33.9774,33.3597,430,33652,0.27659,0.21,1,694166,693736,430
61676421,33.0364,31.8576,433,33778,0.297454,0.27,1,694239,693806,433
61679341,27.6146,27.143,433,33841,0.292982,0.25,1,694263,693830,433
61693941,55.5951,55.3963,434,34151,0.415541,0.29,1,694529,694095,434
61696861,23.438,23.3585,434,34213,0.448216,0.29,1,694531,694097,434
61699781,27.3752,9.34341,464,34275,0.437287,0.29,1,694561,694097,464
61755261,50.8708,38.2627,506,35428,0.784833,0.53,2,695358,694852,506
61758181,58.1483,50.1051,511,35488,0.775933,0.59,2,695421,694910,511
61761101,24.4593,56.642,452,35548,0.772373,0.59,2,695423,694971,452
61764021,29.5837,23.8568,483,35607,0.794949,0.63,2,695456,694973,483
61781541,66.2153,65.4818,457,35961,0.933632,0.71,2,695691,695234,457
61977181,50.6507,49.3203,489,39704,0.0821981,1,1,698311,697822,489
61980101,41.2603,38.9281,492,39757,0.0328792,1,1,698346,697854,492
61983021,35.1041,37.7713,486,39810,0.0431517,0.98,1,698377,697891,486
61985941,23.6416,28.3085,480,39863,0.0352607,1,1,698393,697913,480
61988861,26.2567,29.9234,477,39916,0.0801043,1,1,698421,697944,477
61991781,31.5027,33.5694,476,39969,0.0380417,0.97,1,698456,697980,476
61994701,27.0011,33.8277,466,40022,0.0932167,0.79,1,698480,698014,466
61997621,28.2004,34.5311,460,40075,0.0792867,0.79,1,698509,698049,460
62000541,24.4802,13.8124,482,40128,0.0317147,0.79,1,698531,698049,482
62003461,24.7921,18.725,485,40181,0.0906859,0.67,1,698556,698071,485
62006381,32.7168,30.29,485,40234,0.0902743,0.41,1,698594,698109,485
62009301,36.4867,39.716,478,40286,0.0421097,0.21,1,698633,698155,478
62012221,44.5947,45.2864,479,40338,0.0828439,0.09,1,698683,698204,479
62015141,47.2379,52.9146,470,40390,0.0391376,0.01,1,698732,698262,470
62018061,39.8952,50.5658,456,40442,0.021655,0,1,698767,698311,456
62020981,34.5581,41.2263,452,40494,0.038662,0.05,1,698798,698346,452
62023901,23.4232,35.0905,437,40546,0.0694648,0.03,1,698814,698377,437
62026821,26.1693,23.6362,449,40598,0.0577859,0.11,1,698842,698393,449
62029741,32.0677,26.2545,457,40650,0.0411144,0.01,1,698878,698421,457
62032661,29.6271,31.5018,450,40702,0.0464457,0.13,1,698906,698456,450
62035581,26.2508,27.0007,450,40754,0.0725783,0.07,1,698930,698480,450
62038501,25.5003,28.2003,446,40806,0.0470313,0,1,698955,698509,446
62041421,26.4001,24.4801,451,40858,0.0488125,0.13,1,698982,698531,451
62044341,32.7601,24.792,463,40910,0.073525,0.09,1,699019,698556,463
62047261,34.704,32.7168,461,40962,0.08341,0.01,1,699055,698594,461
62050181,44.4816,36.4867,473,41014,0.075364,0.11,1,699106,698633,473
62053101,45.9926,44.5947,470,41065,0.0841456,0.01,1,699153,698683,470
62056021,39.3971,47.2379,456,41116,0.0516582,0.01,1,699188,698732,456
62058941,34.3588,39.8951,452,41167,0.0386633,0.05,1,699219,698767,452
62061861,24.5435,34.5581,439,41218,0.0214653,0.09,1,699237,698798,439
62064781,26.0174,23.4232,450,41269,0.0145861,0.05,1,699264,698814,450
62067701,32.007,26.1693,458,41320,0.0478345,0.03,1,699300,698842,458
62070621,29.6028,32.0677,450,41371,0.0251338,0.05,1,699328,698878,450
62073541,26.8411,29.6271,447,41422,0.0280535,0.09,1,699353,698906,447
62076461,26.3364,26.2508,449,41473,0.0292214,0.03,1,699379,698930,449
62079381,26.1346,25.5003,450,41524,0.0416886,0.05,1,699405,698955,450
62082301,11.6538,26.4001,425,41575,0.0466754,0.09,1,699407,698982,425
62099821,34.365,34.3588,423,41880,0.0599704,0.01,1,699642,699219,423
62102741,24.546,24.5435,423,41930,0.0419882,0.01,1,699660,699237,423
62105661,26.6184,26.0174,424,41980,0.0467953,0.07,1,699688,699264,424
62108581,31.6474,32.007,423,42030,0.0367181,0.01,1,699723,699300,423
62111501,29.4589,29.6028,423,42080,0.0566872,0.03,1,699751,699328,423
62114421,26.7836,26.8411,423,42130,0.0286749,0.03,1,699776,699353,423
62117341,26.3134,26.3364,423,42180,0.01747,0.05,1,699802,699379,423
62120261,26.7254,26.1346,424,42230,0.060988,0.05,1,699829,699405,424
62123181,11.8901,11.6538,424,42280,0.0783952,0.15,1,699831,699407,424
62126101,29.3561,27.4615,427,42330,0.0853581,0.11,1,699872,699445,427
62129021,32.1424,31.3846,427,42380,0.0761432,0.17,1,699906,699479,427
62131941,48.257,44.9538,432,42430,0.0604573,0.19,1,699965,699533,432
62134861,42.1028,43.7815,427,42480,0.0541829,0.11,1,700003,699576,427
62137781,34.2411,37.9126,422,42530,0.0396732,0.01,1,700032,699610,422
62140701,32.8964,34.365,422,42580,0.0458693,0.03,1,700064,699642,422
62143621,23.9586,24.546,422,42630,0.0603477,0.05,1,700082,699660,422
62146541,26.3834,26.6184,422,42680,0.0661391,0.03,1,700110,699688,422
62149461,32.7534,31.6474,424,42729,0.0444556,0.07,1,700147,699723,424
62152381,29.3013,29.4589,423,42778,0.0597823,0.01,1,700174,699751,423
62155301,26.1205,26.7836,422,42827,0.0779129,0.01,1,700198,699776,422
62158221,26.6482,26.3134,423,42876,0.0491652,0.09,1,700225,699802,423
62161141,27.4593,26.7254,424,42925,0.0616661,0.09,1,700253,699829,424
62164061,12.1837,11.8901,424,42974,0.0426664,0.09,1,700255,699831,424
62166981,29.4735,29.3561,424,43023,0.0470666,0.09,1,700296,699872,424
62169901,32.1894,11.7424,458,43072,0.0728266,0.07,1,700330,699872,458
62190341,32.1845,26.3546,458,43415,0.20944,0.03,1,700568,700110,458
62193261,30.2738,32.7418,450,43464,0.209776,0.07,1,700597,700147,450
62196181,26.5095,29.2967,447,43513,0.20991,0.09,1,700621,700174,447
62199101,26.2038,26.1187,449,43561,0.221964,0.03,1,700647,700198,449
62202021,27.2815,26.6475,450,43609,0.226786,0.07,1,700675,700225,450
62204941,12.1126,27.459,424,43657,0.228714,0.03,1,700677,700253,424
62207861,30.645,12.1836,465,43705,0.253486,0.05,1,700720,700255,465
62210781,33.258,29.4734,459,43753,0.287394,0.09,1,700755,700296,459
62231221,32.4844,26.4612,466,44089,0.401115,0.23,1,700998,700532,466
62234141,30.9938,32.1845,460,44137,0.418446,0.21,1,701028,700568,460
62237061,27.3975,30.2738,456,44185,0.449378,0.21,1,701053,700597,456
62251661,34.5439,30.645,471,44425,0.440989,0.31,1,701191,700720,471
62254581,15.0176,33.258,438,44472,0.434396,0.37,1,701193,700755,438
62310061,33.0873,33.0484,449,45365,0.750343,0.55,2,701803,701354,449
62312981,25.8349,25.2194,450,45411,0.750137,0.61,2,701824,701374,450
62315901,28.334,28.0878,450,45457,0.750055,0.63,2,701854,701404,450
62330501,27.6885,27.5823,453,45687,0.752055,0.67,2,702005,701552,453
62345101,43.9511,43.7388,457,45917,0.784178,0.71,2,702156,701699,457
62348021,42.7804,17.4955,499,45963,0.787671,0.71,2,702198,701699,499
62365541,32.4591,35.2261,486,46239,0.9162,0.69,2,702380,701894,486
62368461,29.7836,32.0904,484,46285,0.92448,0.73,2,702408,701924,484
62526141,34.941,35.6512,488,48683,0.9076,1,2,704056,703568,488
62531981,36.3106,34.1442,490,48769,0.758416,1,2,704130,703640,490
62549501,28.9361,30.4282,511,49027,0.438369,1,1,704292,703781,511
62564101,25.5385,25.5596,502,49242,0.284665,1,1,704429,703927,502
62567021,25.2154,28.8238,496,49285,0.251866,1,1,704454,703958,496
62569941,29.8862,27.1295,503,49328,0.250746,0.99,1,704487,703984,503
62572861,31.1545,31.8518,500,49371,0.238299,0.85,1,704519,704019,500
62575781,34.0618,34.9407,499,49414,0.245319,0.83,1,704555,704056,499
62578701,31.0247,36.7763,490,49457,0.248128,0.69,1,704584,704094,490
62581621,28.0099,36.3105,480,49500,0.273251,0.57,1,704610,704130,480
62584541,25.004,30.7242,476,49543,0.2953,0.55,1,704633,704157,476
62590381,18.6406,29.8759,457,49628,0.295648,0.51,1,704673,704216,457
62593301,27.2563,20.3503,476,49670,0.280259,0.45,1,704706,704230,476
62596221,27.1025,27.3401,471,49712,0.298104,0.41,1,704733,704262,471
62625421,32.6737,34.0618,464,50132,0.426993,0.25,1,705019,704555,464
62628341,29.2695,31.0247,462,50174,0.404797,0.29,1,705046,704584,462
62631261,25.5078,28.0099,459,50216,0.419919,0.31,1,705069,704610,459
62634181,25.2031,25.004,461,50258,0.437968,0.31,1,705094,704633,461
62704261,23.3814,22.9202,448,51254,0.759717,0.57,2,705697,705249,448
62707181,24.9526,23.5681,450,51295,0.789887,0.59,2,705723,705273,450
62710101,26.781,25.6272,451,51336,0.777955,0.59,2,705751,705300,451
62713021,26.9124,25.8509,452,51377,0.785182,0.63,2,705778,705326,452
62715941,31.765,30.7404,453,51418,0.764073,0.67,2,705813,705360,453
62718861,34.306,32.6961,455,51459,0.755629,0.69,2,705849,705394,455
62721781,34.1224,34.0785,454,51500,0.752252,0.69,2,705883,705429,454
62742221,23.3422,23.273,457,51787,0.753987,0.73,2,706044,705587,457
62745141,26.1369,9.30919,485,51828,0.763595,0.75,2,706072,705587,485
62748061,27.2547,21.1237,484,51869,0.767438,0.73,2,706100,705616,484
62750981,33.7019,24.6495,495,51910,0.780975,0.75,2,706138,705643,495
62753901,24.2808,32.0598,476,51951,0.78639,0.77,2,706156,705680,476
62771421,33.5501,34.3023,490,52192,0.915657,0.75,2,706339,705849,490
62774341,32.62,34.1209,488,52232,0.924263,0.71,2,706371,705883,488
62777261,29.848,32.8484,484,52272,0.927705,0.73,2,706399,705915,484
62780181,26.9392,30.5393,480,52312,0.929082,0.73,2,706424,705944,480
62961221,327.505,354.903,489,23360,0.934,1,2,708526,708037,489
62962681,216.202,229.561,485,23360,0.7996,0.95,2,708668,708183,485
63101381,62.0663,60.9648,452,27702,0.917512,0.61,2,710461,710009,452
63104301,30.8265,30.3859,452,27778,0.949005,0.67,2,710471,710019,452
63256141,61.1762,50.6915,539,31496,0.292918,1,1,713140,712601,539
63261981,43.1482,51.9106,509,31630,0.0552669,1,1,713228,712719,509
63264901,50.8593,47.1643,521,31697,0.0281068,1,1,713284,712763,521
63267821,41.9437,44.6657,514,31764,0.0292427,0.94,1,713320,712806,514
63270741,38.3775,36.4663,519,31831,0.0416971,1,1,713356,712837,519
63273661,36.351,42.1865,508,31897,0.0346788,0.96,1,713391,712883,508
63276581,36.7404,40.8746,505,31963,0.0138715,0.85,1,713428,712923,505
63279501,34.4962,42.7498,494,32029,0.0355486,0.79,1,713461,712967,494
63282421,46.7985,41.0999,509,32095,0.0562194,0.49,1,713516,713007,509
63285341,48.1194,58.44,488,32161,0.0524878,0.07,1,713565,713077,488
63288261,49.8478,61.176,476,32227,0.0389951,0.01,1,713616,713140,476
63291181,40.3391,56.8704,456,32293,0.045598,0.01,1,713650,713194,456
63294101,49.7356,43.1482,478,32359,0.0362392,0.01,1,713706,713228,478
63297021,40.8943,50.8593,457,32424,0.0204957,0.03,1,713741,713284,457
63299941,37.9577,41.9437,457,32489,0.0381983,0.05,1,713777,713320,457
63302861,36.1831,38.3775,456,32554,0.0212793,0.03,1,713812,713356,456
63305781,37.2732,36.351,459,32619,0.00851172,0,1,713850,713391,459
63308701,34.7093,36.7404,455,32684,0.0334047,0.05,1,713883,713428,455
63311621,47.4837,34.4962,478,32749,0.0313619,0.07,1,713939,713461,478
63314541,20.1935,46.7985,425,32814,0.0305448,0.05,1,713941,713516,425
63317461,37.4774,48.1194,425,32878,0.0422179,0.03,1,713990,713565,425
63320381,43.791,49.8478,422,32942,0.0348872,0.05,1,714038,713616,422
63323301,37.9164,40.3391,422,33006,0.0199549,0.03,1,714072,713650,422
63326221,49.3666,49.7356,423,33070,0.0619819,0.01,1,714129,713706,423
63329141,40.1466,40.8943,422,33134,0.0427928,0.05,1,714163,713741,422
63332061,37.6586,37.9577,422,33198,0.0351171,0.01,1,714199,713777,422
63334981,39.0635,36.1831,427,33262,0.0320468,0,1,714239,713812,427
63337901,36.0254,37.2732,423,33326,0.0308187,0.05,1,714273,713850,423
63340821,34.2102,34.7093,423,33389,0.0423275,0.03,1,714306,713883,423
63343741,48.4841,47.4837,425,33452,0.034931,0.03,1,714364,713939,425
63346661,20.5936,20.1935,425,33515,0.0319724,0.05,1,714366,713941,425
63349581,37.0375,37.4774,424,33578,0.066789,0.03,1,714414,713990,424
63352501,42.415,43.791,422,33641,0.0447156,0.01,1,714460,714038,422
63355421,38.566,37.9164,424,33704,0.0238862,0.09,1,714496,714072,424
63358341,49.0264,49.3666,423,33767,0.0275545,0.03,1,714552,714129,423
63361261,39.4106,40.1466,422,33830,0.0290218,0.03,1,714585,714163,422
63364181,37.3642,37.6586,422,33893,0.0296087,0.03,1,714621,714199,422
63367101,39.5457,39.0635,423,33955,0.0118435,0.03,1,714662,714239,423
63370021,35.6183,36.0254,422,34017,0.0107374,0.05,1,714695,714273,422
63372941,34.6473,34.2102,423,34079,0.046295,0.03,1,714729,714306,423
63375861,48.6589,48.4841,423,34141,0.060518,0.03,1,714787,714364,423
63378781,20.6636,20.5936,423,34203,0.0422072,0.09,1,714789,714366,423
63381701,39.4654,37.0375,427,34265,0.0468829,0.09,1,714841,714414,427
63384621,39.7862,14.815,467,34327,0.0367531,0.03,1,714881,714414,467
63387541,38.1145,33.526,458,34389,0.0147013,0.01,1,714918,714460,458
63390461,48.2458,35.0104,477,34450,0.0118805,0.03,1,714973,714496,477
63393381,39.0983,47.6042,454,34511,0.0227522,0.03,1,715006,714552,454
63396301,37.2393,38.8417,457,34572,0.0151009,0.03,1,715042,714585,457
63399221,39.4957,37.1367,462,34633,0.0120404,0,1,715083,714621,462
63402141,35.5983,39.4547,454,34694,0.0108161,0.01,1,715116,714662,454
63405061,36.4393,35.5819,458,34755,0.0343265,0.07,1,715153,714695,458
63407981,48.1757,34.6327,480,34816,0.0677306,0.07,1,715209,714729,480
63410901,20.4703,48.6531,424,34877,0.0810922,0.03,1,715211,714787,424
63413821,38.7881,20.6612,473,34938,0.0744369,0.05,1,715262,714789,473
63416741,40.1152,39.4645,462,34999,0.0477748,0.03,1,715303,714841,462
63419661,38.2461,39.7858,459,35059,0.0371099,0,1,715340,714881,459
63422581,48.2984,38.1143,477,35119,0.020844,0.01,1,715395,714918,477
63425501,39.7194,48.2457,456,35179,0.0503376,0.03,1,715429,714973,456
63428421,36.2878,39.0983,457,35239,0.074135,0.01,1,715463,715006,457
63431341,39.7151,37.2393,463,35299,0.035654,0.01,1,715505,715042,463
63434261,35.686,39.4957,455,35359,0.0202616,0.01,1,715538,715083,455
63437181,37.0744,35.5983,460,35419,0.0381046,0.05,1,715576,715116,460
63440101,49.6298,36.4393,481,35479,0.0332419,0.09,1,715634,715153,481
63443021,21.0519,48.1757,427,35539,0.0312967,0.09,1,715636,715209,427
63445941,38.4208,20.4703,475,35598,0.0425187,0.07,1,715686,715211,475
63448861,38.1683,38.7881,462,35657,0.0470075,0.03,1,715724,715262,462
63451781,16.4673,40.1152,423,35716,0.024803,0.03,1,715726,715303,423
63454701,28.1869,38.2461,422,35775,0.0159212,0.01,1,715762,715340,422
63457621,45.4748,48.2984,424,35834,0.00636848,0.07,1,715819,715395,424
63460541,40.9899,39.7194,428,35893,0.0325474,0.09,1,715857,715429,428
63463461,34.396,36.2878,424,35952,0.079019,0.01,1,715887,715463,424
63472221,37.4573,37.0744,424,36129,0.0897772,0.03,1,716000,715576,424
63475141,49.1829,49.6298,423,36187,0.0659109,0.03,1,716057,715634,423
63478061,20.8732,21.0519,423,36245,0.0563644,0.05,1,716059,715636,423
63480981,38.9493,38.4208,424,36303,0.0885457,0.05,1,716110,715686,424
63489741,28.0288,28.1869,422,36477,0.0486269,0,1,716184,715762,422
63492661,45.4115,45.4748,422,36535,0.0854508,0.05,1,716241,715819,422
63501421,40.7303,38.3584,428,36709,0.0964288,0.11,1,716356,715928,428
63510181,50.0547,49.1829,425,36881,0.0990514,0.05,1,716482,716057,425
63513101,21.2219,20.8732,425,36938,0.0936206,0.11,1,716484,716059,425
63524781,26.1225,28.0288,422,37166,0.0744447,0.01,1,716606,716184,422
63527701,45.849,11.2115,481,37223,0.0717779,0.11,1,716665,716184,481
63530621,42.9396,38.6846,465,37280,0.0587111,0.11,1,716706,716241,465
63533541,35.1758,38.8738,456,37337,0.0654845,0.11,1,716736,716280,456
63536461,41.0703,34.7495,469,37394,0.0801938,0.09,1,716781,716312,469
63539381,33.2281,40.2998,453,37451,0.0980775,0.13,1,716809,716356,453
63556901,16.008,36.5137,429,37787,0.203183,0.13,1,717000,716571,429
63559821,22.6032,15.8055,454,37843,0.243273,0.03,1,717027,716573,454
63562741,46.2413,26.1222,483,37899,0.211309,0.07,1,717089,716606,483
63568581,35.5986,42.9396,454,38011,0.205409,0.07,1,717160,716706,454
63571501,41.8394,35.1758,470,38067,0.208164,0.09,1,717206,716736,470
63577341,38.2543,33.2281,467,38177,0.228906,0.15,1,717276,716809,467
63580261,51.3017,36.0913,489,38232,0.277562,0.17,1,717336,716847,489
63583181,21.7207,50.4365,431,38287,0.297025,0.17,1,717338,716907,431
63615301,40.6285,38.2543,437,38890,0.410173,0.31,1,717713,717276,437
63618221,52.2514,51.3017,437,38944,0.446069,0.31,1,717773,717336,437
63662021,45.0955,43.0402,448,39749,0.75589,0.55,2,718280,717832,448
63664941,39.0382,37.6161,449,39802,0.776356,0.55,2,718315,717866,449
63667861,16.8153,16.2464,449,39855,0.760542,0.59,2,718317,717868,449
63670781,25.3261,23.8986,451,39908,0.766217,0.67,2,718348,717897,451
63682461,26.1411,7.3318,485,40120,0.797647,0.71,2,718485,718000,485
63702901,39.9087,45.0775,493,40486,0.917334,0.79,2,718773,718280,493
63705821,17.1635,39.031,460,40538,0.924934,0.75,2,718775,718315,460
63708741,24.8654,16.8124,488,40590,0.927973,0.77,2,718805,718317,488
63863501,39.5009,42.4635,507,43260,0.75592,1,2,720664,720157,507
63872261,34.4721,28.8297,516,43407,0.405259,1,1,720765,720249,516
63878101,35.1555,39.2927,507,43505,0.0948414,1,1,720848,720341,507
63881021,34.4622,32.5171,513,43553,0.0439366,1,1,720882,720369,513
63883941,31.7849,30.4068,514,43601,0.0175746,1,1,720912,720398,514
63886861,25.914,30.1627,506,43649,0.0250298,1,1,720934,720428,506
63889781,25.9656,28.8651,504,43697,0.0400119,1,1,720960,720456,504
63892701,21.7862,25.946,499,43745,0.0460048,1,1,720979,720480,499
63895621,35.7145,25.3784,519,43793,0.0244019,1,1,721024,720505,519
63898541,28.0858,38.9514,494,43841,0.0277608,0.97,1,721047,720553,494
63901461,32.8343,32.3805,502,43889,0.0111043,0.77,1,721083,720581,502
63904381,34.1337,38.7522,494,43937,0.0224417,0.69,1,721118,720624,494
63907301,29.2535,39.5009,480,43985,0.0509767,0.63,1,721144,720664,480
63910221,27.3014,33.2004,477,44033,0.0263907,0.41,1,721170,720693,477
63913141,27.7206,36.6801,466,44081,0.0525563,0.33,1,721198,720732,466
63916061,40.4882,34.4721,482,44129,0.0390225,0.05,1,721247,720765,482
63918981,29.3953,47.3888,448,44177,0.081609,0.03,1,721269,720821,448
63921901,32.1581,35.1555,455,44225,0.0866436,0.01,1,721303,720848,455
63924821,31.4632,34.4622,452,44273,0.0406574,0,1,721334,720882,452
63927741,25.1853,31.7849,443,44321,0.034263,0.03,1,721355,720912,443
63930661,25.6741,25.914,447,44369,0.0137052,0.05,1,721381,720934,447
63933581,22.2696,25.9656,441,44417,0.0114821,0.05,1,721401,720960,441
63936501,36.5079,21.7862,468,44464,0.00459283,0.01,1,721447,720979,468
63939421,15.8031,35.7145,425,44511,0.0318371,0.03,1,721449,721024,425
63942341,19.5213,28.0858,424,44558,0.0667349,0,1,721471,721047,424
63945261,28.8085,32.8343,423,44605,0.0446939,0.03,1,721506,721083,423
63948181,33.1234,34.1337,424,44652,0.0238776,0.07,1,721542,721118,424
63951101,28.8494,29.2535,424,44699,0.027551,0.01,1,721568,721144,424
63954021,25.9397,27.3014,422,44746,0.0290204,0.07,1,721592,721170,422
63956941,29.5759,27.7206,426,44793,0.0536082,0.03,1,721624,721198,426
63959861,40.0304,40.4882,424,44840,0.0634433,0.11,1,721671,721247,424
63962781,28.6121,29.3953,423,44887,0.0553773,0.09,1,721692,721269,423
63965701,31.2449,32.1581,422,44934,0.0641509,0.01,1,721725,721303,422
63968621,31.0979,31.4632,422,44981,0.0556604,0.03,1,721756,721334,422
63971541,25.0392,25.1853,422,45028,0.0282641,0,1,721777,721355,422
63974461,25.6157,25.6741,422,45075,0.0293057,0.01,1,721803,721381,422
63977381,22.8463,22.2696,423,45122,0.0297223,0,1,721824,721401,423
63980301,36.7385,36.5079,423,45169,0.0178889,0.05,1,721870,721447,423
63983221,15.8954,15.8031,423,45216,0.0131556,0.09,1,721872,721449,423
63986141,20.1582,19.5213,424,45263,0.0472622,0.03,1,721895,721471,424
63989061,27.8633,28.8085,422,45310,0.0369049,0.01,1,721928,721506,422
63991981,33.3453,33.1234,423,45357,0.044762,0.03,1,721965,721542,423
63994901,28.9381,28.8494,423,45403,0.0479048,0.03,1,721991,721568,423
63997821,25.3752,25.9397,422,45449,0.0491619,0.07,1,722014,721592,422
64000741,29.9501,29.5759,423,45495,0.0736648,0.07,1,722047,721624,423
64003661,40.18,40.0304,423,45541,0.0834659,0.05,1,722094,721671,423
64006581,28.072,28.6121,422,45587,0.0993864,0.07,1,722114,721692,422
64012421,31.0115,31.0979,422,45679,0.0939018,0.01,1,722178,721756,422
64015341,25.0046,25.0392,422,45725,0.0375607,0.03,1,722199,721777,422
64018261,25.6018,25.6157,422,45771,0.0210243,0.03,1,722225,721803,422
64021181,22.8407,22.8463,422,45817,0.0264097,0.01,1,722246,721824,422
64024101,36.7363,36.7385,422,45863,0.0105639,0.01,1,722292,721870,422
64027021,15.8945,15.8954,422,45909,0.0342256,0.01,1,722294,721872,422
64029941,20.7578,6.35816,446,45955,0.0316902,0.07,1,722318,721872,446
64032861,26.9031,16.3433,454,46001,0.0426761,0.03,1,722349,721895,454
64035781,32.9612,26.3373,458,46047,0.0350704,0.05,1,722386,721928,458
64038701,28.7845,32.7349,447,46093,0.0320282,0.05,1,722412,721965,447
64041621,25.3138,28.694,444,46139,0.0428113,0.05,1,722435,721991,444
64044541,31.7255,25.2776,457,46185,0.0471245,0.09,1,722471,722014,457
64047461,41.4902,29.911,472,46231,0.0848498,0.09,1,722519,722047,472
64062061,25.2658,25.0042,447,46459,0.0842257,0.01,1,722646,722199,447
64064981,22.7063,25.6017,442,46504,0.0336903,0.03,1,722667,722225,442
64067901,36.6825,22.8407,467,46549,0.0314761,0,1,722713,722246,467
64070821,15.873,36.7363,423,46594,0.0305904,0.05,1,722715,722292,423
64073741,22.5492,15.8945,448,46639,0.0302362,0.03,1,722742,722294,448
64076661,25.8197,20.7578,452,46684,0.0420945,0.05,1,722770,722318,452
64079581,33.1279,26.9031,459,46729,0.0468378,0.03,1,722808,722349,459
64082501,29.4511,32.9612,449,46774,0.0607351,0.03,1,722835,722386,449
64085421,24.3805,28.7845,444,46819,0.078294,0.05,1,722856,722412,444
64088341,33.7522,25.3138,461,46864,0.0733176,0.05,1,722896,722435,461
64091261,42.9009,31.7255,474,46909,0.071327,0.11,1,722945,722471,474
64094181,30.9603,41.4902,449,46954,0.0945308,0.13,1,722968,722519,449
64111701,37.3721,22.7063,469,47224,0.0722547,0.03,1,723136,722667,469
64114621,16.1488,36.6825,425,47269,0.0349019,0.03,1,723138,722713,425
64117541,22.0595,15.873,449,47314,0.0439608,0.03,1,723164,722715,449
64120461,26.2238,22.5492,451,47359,0.0355843,0.05,1,723193,722742,451
64123381,11.6895,25.8197,425,47404,0.0322337,0.05,1,723195,722770,425
64126301,26.8758,33.1279,424,47448,0.0188935,0.07,1,723232,722808,424
64129221,27.5503,29.4511,425,47492,0.0135574,0.09,1,723260,722835,425
64132141,24.2201,24.3805,426,47536,0.035423,0.07,1,723282,722856,426
64135061,33.0881,33.7522,425,47580,0.0201692,0.07,1,723321,722896,425
64137981,43.2352,42.9009,426,47624,0.0260677,0.11,1,723371,722945,426
64140901,32.2941,30.9603,428,47668,0.0524271,0.13,1,723396,722968,428
64143821,32.7176,32.1841,428,47712,0.0389708,0.13,1,723429,723001,428
64146741,28.6871,28.4737,428,47756,0.0695883,0.13,1,723455,723027,428
64178861,24.1059,24.2201,422,48240,0.236461,0.01,1,723704,723282,422
64181781,33.6424,33.0881,423,48284,0.232584,0.03,1,723744,723321,423
64184701,43.4569,43.2352,423,48328,0.231034,0.07,1,723794,723371,423
64187621,32.9828,32.2941,424,48372,0.242414,0.03,1,723820,723396,424
64190541,32.3931,32.7176,423,48416,0.258965,0.09,1,723852,723429,423
64193461,29.7572,28.6871,425,48460,0.253586,0.13,1,723880,723455,425
64240181,31.2731,32.3288,462,49148,0.429591,0.25,1,724314,723852,462
64313181,28.1801,12.1602,486,50208,0.785964,0.55,2,724971,724485,486
64319021,26.4688,27.8656,474,50292,0.794154,0.57,2,725025,724551,474
64362821,29.4772,28.1801,462,50918,0.901322,0.81,2,725433,724971,462
64368661,27.2763,26.4688,463,51000,0.903812,0.83,2,725488,725025,463
64371581,12.1105,11.7875,463,51041,0.907525,0.85,2,725490,725027,463
64374501,28.8442,28.115,464,51082,0.92101,0.83,2,725530,725066,464
64568681,352.349,385.356,442,23360,0.238,0.13,1,727805,727363,442
64597881,123.456,117.817,450,24905,0.06808,0.03,1,727972,727522,450
64600801,92.5823,83.7268,461,24990,0.045232,0,1,728044,727583,461
64603721,74.2329,73.6907,456,25075,0.0360928,0.03,1,728106,727650,456
64606641,72.2932,78.0763,446,25160,0.0324371,0.07,1,728177,727731,446
64609561,58.9173,59.4305,449,25244,0.0429748,0.03,1,728227,727778,449
64612481,42.1669,39.9722,453,25328,0.0591899,0.13,1,728258,727805,453
64621241,68.4347,30.5422,496,25578,0.0760282,0.03,1,728393,727897,496
64624161,70.5739,57.2169,493,25661,0.0484113,0.03,1,728465,727972,493
64627081,66.6295,66.0868,485,25744,0.0253645,0.03,1,728529,728044,485
64630001,70.4518,63.6347,496,25826,0.0641458,0.03,1,728602,728106,496
64632921,56.3807,68.0539,472,25908,0.0796583,0.05,1,728649,728177,472
64635841,42.9523,57.2216,456,25990,0.0858633,0.07,1,728683,728227,456
64638761,34.5809,41.4886,454,26072,0.0883453,0.19,1,728712,728258,454
64641681,17.4324,32.1954,434,26153,0.0893381,0.15,1,728718,728284,434
64647521,68.6692,68.3913,493,26315,0.0514941,0.03,1,728886,728393,493
64650441,66.4677,70.5565,486,26396,0.0265976,0.01,1,728951,728465,486
64653361,72.1871,66.6226,498,26476,0.0286391,0.09,1,729027,728529,498
64656281,57.0748,70.449,472,26556,0.0294556,0.09,1,729074,728602,472
64659201,43.8299,56.3796,460,26636,0.0177822,0.09,1,729109,728649,460
64662121,34.332,42.9518,454,26716,0.0371129,0.09,1,729137,728683,454
64665041,17.3328,34.5807,431,26795,0.0568452,0.09,1,729143,728712,431
64676721,59.1957,66.4677,423,27110,0.0708152,0.03,1,729374,728951,423
64679641,69.2783,72.1871,423,27188,0.0583261,0.03,1,729450,729027,423
64682561,55.9113,57.0748,423,27266,0.0653304,0.01,1,729497,729074,423
64685481,43.3645,43.8299,423,27344,0.0801322,0.05,1,729532,729109,423
64688401,35.3458,34.332,425,27421,0.0860529,0.07,1,729562,729137,425
64691321,17.7383,17.3328,425,27498,0.0884211,0.15,1,729568,729143,425
64705921,68.5452,69.2783,422,27881,0.058035,0.07,1,729872,729450,422
64708841,56.8181,55.9113,424,27957,0.065214,0.09,1,729921,729497,424
64714681,36.6909,35.3458,426,28109,0.0956342,0.09,1,729988,729562,426
64723441,29.4202,28.5181,430,28334,0.226681,0.19,1,730102,729672,430
64726361,47.1681,47.4073,429,28409,0.264672,0.19,1,730161,729732,429
64740961,37.0475,42.999,457,28780,0.402061,0.09,1,730413,729956,457
64743881,19.619,36.3996,433,28854,0.406824,0.11,1,730421,729988,433
64746801,75.0476,18.7598,538,28927,0.42073,0.25,1,730533,729995,538
64749721,31.219,70.5039,435,29000,0.426292,0.25,1,730535,730100,435
64752641,49.6876,29.4016,495,29073,0.440517,0.29,1,730597,730102,495
64819801,52.8359,53.0874,448,30704,0.768059,0.57,2,731682,731234,448
64822721,42.7344,42.8349,448,30773,0.781224,0.59,2,731718,731270,448
64825641,36.8937,36.334,449,30842,0.786489,0.59,2,731751,731302,449
64828561,19.5575,19.3336,449,30911,0.788596,0.67,2,731759,731310,449
64837321,53.6677,51.2773,458,31115,0.94951,0.75,2,731945,731487,458
64962881,59.1792,51.6931,496,33916,0.93712,1,2,733921,733425,496
64965801,47.0717,45.2773,494,33978,0.920848,1,2,733960,733466,494
64980401,26.3953,14.4144,511,34288,0.401119,1,1,734148,733637,511
64986241,41.7832,25.2263,539,34412,0.247779,1,1,734231,733692,539
64992081,47.3653,45.3162,529,34534,0.0564446,1,1,734327,733798,529
64995001,56.1461,54.7265,530,34595,0.0285779,0.9,1,734389,733859,530
64997921,42.8585,59.0906,502,34656,0.0654311,0.91,1,734423,733921,502
65000841,35.1434,47.0362,493,34717,0.0321725,0.81,1,734453,733960,493
65003761,51.8574,38.6145,523,34778,0.018869,0.57,1,734516,733993,523
65006681,39.3429,58.0458,483,34839,0.0375476,0.51,1,734547,734064,483
65009601,29.5372,44.2183,471,34900,0.045019,0.41,1,734570,734099,471
65012521,23.2149,34.4873,462,34961,0.0360076,0.35,1,734589,734127,462
65015441,23.0859,26.3949,464,35021,0.0804031,0.29,1,734612,734148,464
65021281,42.4538,41.7832,472,35141,0.0500645,0.07,1,734703,734231,472
65024201,48.7815,44.9133,478,35201,0.0500258,0,1,734756,734278,478
65027121,53.1126,47.3653,485,35261,0.0380103,0.01,1,734812,734327,485
65030041,42.245,56.1461,458,35321,0.0452041,0.09,1,734847,734389,458
65032961,33.698,42.8584,452,35381,0.0240816,0.01,1,734875,734423,452
65035881,50.6792,35.1434,484,35441,0.0276327,0.01,1,734937,734453,484
65038801,41.8717,51.8574,457,35501,0.0410531,0.05,1,734973,734516,457
65041721,28.7487,39.3429,446,35561,0.0344212,0.05,1,734993,734547,446
65044641,23.4995,29.5372,443,35620,0.0197685,0.03,1,735013,734570,443
65047561,24.9998,23.2149,450,35679,0.0859074,0.11,1,735039,734589,450
65050481,11.1999,23.0859,429,35738,0.088363,0.13,1,735041,734612,429
65056321,36.232,42.4538,423,35856,0.0945381,0.05,1,735126,734703,423
65059241,46.8928,48.7815,424,35915,0.0678152,0.03,1,735180,734756,424
65062161,51.7571,53.1126,423,35974,0.0571261,0.05,1,735235,734812,423
65065081,42.3028,42.245,424,36033,0.0408504,0.01,1,735271,734847,424
65068001,33.1211,33.698,423,36092,0.0703402,0.03,1,735298,734875,423
65070921,50.4485,50.6792,423,36151,0.0581361,0.05,1,735360,734937,423
65073841,41.7794,41.8717,423,36209,0.0532544,0.03,1,735396,734973,423
65076761,28.1118,28.7487,422,36267,0.0393018,0.01,1,735415,734993,422
65079681,25.0447,23.4995,425,36325,0.0157207,0.13,1,735438,735013,425
65082601,26.2179,24.9998,426,36383,0.0482883,0.09,1,735465,735039,426
65085521,11.6872,11.1999,426,36441,0.0613153,0.11,1,735467,735041,426
65105961,50.4829,50.4485,423,36846,0.0848788,0.05,1,735783,735360,423
65108881,41.1932,41.7794,422,36903,0.0639515,0.03,1,735818,735396,422
65111801,27.8773,28.1118,422,36960,0.0675806,0,1,735837,735415,422
65114721,24.9509,25.0447,422,37017,0.0570322,0.07,1,735860,735438,422
65117641,26.7804,26.2179,423,37074,0.0288129,0.07,1,735888,735465,423
65120561,11.9121,11.6872,423,37131,0.0415252,0.13,1,735890,735467,423
65123481,33.5649,31.6749,426,37188,0.0586101,0.13,1,735938,735512,426
65126401,36.8259,12.6699,465,37245,0.077444,0.17,1,735977,735512,465
65138081,33.6211,42.0316,453,37472,0.229263,0.11,1,736147,735694,453
65141001,49.4485,33.0126,486,37528,0.265705,0.07,1,736207,735721,486
65164361,47.6481,36.8258,479,37976,0.403763,0.15,1,736456,735977,479
65167281,53.8592,45.3303,486,38032,0.419505,0.17,1,736514,736028,486
65170201,43.7437,51.1321,468,38088,0.413802,0.23,1,736551,736083,468
65176041,51.159,33.6211,495,38198,0.405808,0.29,1,736642,736147,495
65178961,42.0636,49.4485,471,38253,0.408323,0.33,1,736678,736207,471
65181881,27.6254,40.1794,455,38308,0.409329,0.33,1,736696,736241,455
65184801,23.0502,26.8718,457,38363,0.409732,0.33,1,736716,736259,457
65202321,41.5737,47.6481,444,38693,0.425313,0.43,1,736900,736456,444
65205241,50.8295,53.8592,443,38748,0.440125,0.41,1,736957,736514,443
65208161,41.9318,43.7437,442,38803,0.43405,0.39,1,736993,736551,442
65211081,34.1727,34.8975,442,38857,0.44362,0.41,1,737022,736580,442
65254881,44.4167,41.9476,448,39664,0.760238,0.53,2,737568,737120,448
65257801,28.5667,27.5791,448,39717,0.790095,0.57,2,737586,737138,448
65260721,24.0267,23.0316,449,39770,0.790038,0.59,2,737607,737158,449
65263641,26.4107,26.0126,449,39823,0.790015,0.59,2,737635,737186,449
65269481,34.7057,34.642,449,39929,0.799602,0.63,2,737687,737238,449
65272401,41.4823,39.6568,452,39982,0.793841,0.59,2,737733,737281,452
65275321,17.7929,17.0627,452,40035,0.791536,0.67,2,737735,737283,452
65289921,54.499,32.233,523,40299,0.934995,0.77,2,737987,737464,523
65465121,28.7082,28.0556,524,43329,0.932925,1,2,740063,739539,524
65468041,21.6833,31.0222,508,43378,0.94917,1,2,740080,739572,508
65470961,26.6733,27.4089,513,43427,0.919668,1,2,740110,739597,513
65584841,21.4973,20.8778,448,45283,0.760856,0.59,2,741337,740889,448
65587761,26.5989,26.9511,447,45330,0.766343,0.57,2,741367,740920,447
65593601,28.6158,29.1522,448,45423,0.783815,0.55,2,741434,740986,448
65596521,16.2463,17.0609,447,45469,0.775526,0.57,2,741442,740995,447
65599441,26.2985,24.8243,450,45515,0.79621,0.57,2,741475,741025,450
65625721,32.6127,31.2431,458,45929,0.937143,0.77,2,741780,741322,458
65628641,21.4451,12.4973,472,45975,0.932857,0.77,2,741794,741322,472
65631561,26.578,13.9989,487,46021,0.943143,0.77,2,741824,741337,487
65634481,37.6312,23.5996,502,46067,0.935257,0.73,2,741869,741367,502
65637401,29.4525,35.8398,482,46113,0.944103,0.81,2,741893,741411,482
65640321,16.581,28.1359,467,46159,0.947641,0.77,2,741901,741434,467
65881221,89.3903,89.3631,479,22817,0.077584,0.15,1,744647,744168,479
65884141,60.9561,81.9453,444,22910,0.0970336,0.01,1,744689,744245,444
65887061,69.3824,58.5781,476,23003,0.0568134,0.03,1,744764,744288,476
65889981,46.353,63.6312,440,23095,0.0407254,0.11,1,744795,744355,440
65892901,29.9412,39.8525,435,23187,0.0822902,0.11,1,744814,744379,435
65895821,55.1765,40.541,466,23278,0.0869161,0.01,1,744886,744420,466
65907501,65.8909,52.2922,498,23640,0.087809,0.03,1,745187,744689,498
65910421,44.9564,65.9169,454,23730,0.0351236,0.03,1,745218,744764,454
65913341,29.9825,44.9668,443,23819,0.0320494,0.11,1,745238,744795,443
65916261,55.793,29.3867,497,23908,0.0548198,0.09,1,745311,744814,497
65919181,23.5172,54.9547,427,23997,0.0639279,0.11,1,745313,744886,427
65922101,79.0069,91.5819,427,24085,0.0675712,0.11,1,745429,745002,427
65925021,73.6028,78.0328,428,24173,0.0810285,0.17,1,745499,745071,428
65962981,55.8837,56.3492,426,25289,0.261147,0.13,1,746162,745736,426
65965901,23.5535,23.7397,426,25373,0.266459,0.11,1,746164,745738,426
65977581,62.3358,52.6205,492,25706,0.441749,0.19,1,746467,745975,492
66018461,79.3401,81.7583,522,26836,0.757357,0.55,2,747240,746718,522
66021381,64.736,77.1033,503,26915,0.788943,0.57,2,747295,746792,503
66038901,24.0259,24.1253,454,27384,0.906797,0.75,2,747495,747041,454
66044741,81.7241,79.3401,461,27538,0.904688,0.81,2,747701,747240,461
66053501,51.8863,51.6378,462,27768,0.91494,0.85,2,747827,747365,462
66056421,38.7545,38.6551,462,27844,0.911976,0.85,2,747857,747395,462
66059341,28.7018,28.662,462,27920,0.91079,0.89,2,747879,747417,462
66184901,61.5998,66.6311,477,31012,0.0989243,1,1,750127,749650,477
66190741,38.656,43.061,471,31148,0.0602279,0.95,1,750190,749719,471
66193661,32.8624,37.6244,466,31216,0.0420912,0.83,1,750219,749753,466
66196581,26.945,31.8498,461,31284,0.0168365,0.83,1,750242,749781,461
66199501,26.978,12.7399,488,31352,0.0247346,0.75,1,750269,749781,488
66202421,31.7912,22.496,494,31419,0.0398938,0.67,1,750304,749810,494
66205341,35.5165,32.9984,492,31486,0.0699575,0.45,1,750342,749850,492
66214101,58.6731,80.3039,472,31687,0.0983173,0.05,1,750550,750078,472
66219941,38.3077,39.6086,460,31821,0.0481308,0.03,1,750612,750152,460
66222861,32.1231,38.6434,450,31887,0.0612523,0.03,1,750640,750190,450
66225781,26.6492,32.8574,444,31953,0.0245009,0,1,750663,750219,444
66228701,28.0597,26.943,450,32019,0.0398004,0.03,1,750692,750242,450
66231621,32.2239,26.9772,458,32085,0.0459201,0.05,1,750727,750269,458
66234541,36.2896,31.7909,462,32151,0.0843681,0.09,1,750766,750304,462
66243301,57.5225,71.6826,475,32349,0.20532,0.09,1,750975,750500,475
66246221,35.009,58.673,445,32414,0.220128,0.11,1,750995,750550,445
66249141,37.4036,37.2692,461,32479,0.202051,0.01,1,751034,750573,461
66252061,31.7614,38.3077,450,32544,0.20682,0.07,1,751062,750612,450
66275421,58.3365,57.5225,433,33060,0.27601,0.23,1,751408,750975,433
66278341,35.9346,35.009,434,33124,0.296404,0.19,1,751429,750995,434
66284181,32.3895,31.7614,433,33252,0.283825,0.17,1,751495,751062,433
66287101,23.7558,26.5046,428,33316,0.27553,0.13,1,751513,751085,428
66290021,27.5023,28.6018,428,33379,0.296212,0.13,1,751543,751115,428
66292941,33.8009,34.2407,428,33442,0.280485,0.13,1,751581,751153,428
66295861,14.7204,14.8963,428,33505,0.274194,0.13,1,751583,751155,428
66298781,29.2881,28.7585,429,33568,0.295678,0.15,1,751622,751193,429
66301701,65.1153,66.1034,427,33631,0.292271,0.23,1,751711,751284,427
66310461,36.7114,35.9346,435,33820,0.427425,0.31,1,751864,751429,435
66368861,79.4736,65.1155,535,35050,0.796395,0.63,2,752681,752146,535
66389301,33.9217,27.8442,494,35470,0.902404,0.71,2,752917,752423,494
66392221,14.7687,33.9377,458,35530,0.906962,0.71,2,752919,752461,458
66398061,68.123,28.71,551,35648,0.916714,0.77,2,753052,752501,551
66400981,28.4492,66.684,461,35707,0.924686,0.83,2,753054,752593,461
66529461,31.9941,24.7806,519,38225,0.934,1,2,754808,754289,519
66532381,31.3976,32.1123,513,38280,0.9376,1,2,754839,754326,513
66535301,31.159,28.4449,518,38335,0.90904,1,2,754870,754352,518
66544061,53.9542,43.0045,538,38500,0.435219,1,1,755037,754499,538
66549901,36.1127,53.8007,496,38610,0.234035,1,1,755111,754615,496
66558661,31.6872,37.9072,476,38775,0.0483382,1,1,755195,754719,476
66561581,32.4749,31.9629,481,38829,0.0613353,1,1,755228,754747,481
66564501,23.19,28.9852,471,38883,0.0425341,0.89,1,755245,754774,471
66567421,27.276,31.9941,467,38937,0.0470136,0.94,1,755275,754808,467
66570341,27.1104,31.3976,463,38991,0.0488055,0.89,1,755302,754839,463
66573261,25.8442,31.159,457,39045,0.0615222,0.59,1,755327,754870,457
66576181,51.1377,57.4636,450,39099,0.0426089,0.51,1,755395,754945,450
66579101,34.2551,40.3854,444,39153,0.0350435,0.33,1,755418,754974,444
66582021,46.102,53.9542,435,39207,0.0560174,0.21,1,755472,755037,435
66584941,43.6408,49.7817,430,39261,0.022407,0.19,1,755514,755084,430
66587861,32.4563,36.1127,428,39315,0.0509628,0.11,1,755539,755111,428
66590781,25.5825,27.0451,428,39369,0.0743851,0.07,1,755560,755132,428
66593701,24.033,28.218,422,39423,0.059754,0.01,1,755583,755161,422
66596621,30.0132,31.6872,422,39477,0.0659016,0.07,1,755617,755195,422
66599541,33.6053,32.4749,425,39530,0.0443606,0.03,1,755653,755228,425
66602461,22.4421,23.19,423,39583,0.0357443,0.05,1,755668,755245,423
66605381,26.3768,27.276,422,39636,0.0682977,0.05,1,755697,755275,422
66608301,26.7507,27.1104,422,39689,0.0573191,0.07,1,755724,755302,422
66617061,35.144,34.2551,424,39848,0.202148,0.07,1,755842,755418,424
66640421,23.9684,32.6229,439,40271,0.0720839,0.03,1,756092,755653,439
66643341,27.5874,22.0492,454,40323,0.0588335,0.09,1,756122,755668,454
66646261,25.4349,26.2197,449,40375,0.0655334,0.05,1,756146,755697,449
66649181,31.174,26.6879,457,40427,0.0802134,0.13,1,756181,755724,457
66669621,22.7212,25.0148,449,40791,0.217152,0.17,1,756433,755984,449
66672541,29.4885,22.0059,463,40843,0.224861,0.15,1,756467,756004,463
66675461,29.1954,29.8024,457,40895,0.251944,0.07,1,756496,756039,457
66678381,23.0782,32.9209,441,40947,0.250778,0.05,1,756515,756074,441
66681301,27.2313,23.9684,453,40999,0.250311,0.05,1,756545,756092,453
66684221,27.0925,27.5874,450,41050,0.274124,0.07,1,756572,756122,450
66687141,31.237,25.4349,460,41101,0.29565,0.09,1,756606,756146,460
66704661,26.177,31.7573,452,41407,0.417983,0.21,1,756843,756391,452
66707581,23.6708,25.3029,453,41458,0.449193,0.23,1,756865,756412,453
66783501,35.068,33.8253,451,42763,0.751272,0.61,2,757715,757264,451
66786421,27.8272,26.7301,452,42812,0.774509,0.57,2,757738,757286,452
66789341,24.3309,25.0921,450,42861,0.759803,0.61,2,757760,757310,450
66792261,30.1324,30.4368,450,42910,0.753921,0.57,2,757794,757344,450
66795181,13.2529,13.3747,450,42959,0.751569,0.61,2,757796,757346,450
66798101,23.3012,23.3499,450,43008,0.798627,0.61,2,757826,757376,450
66801021,20.1205,9.33996,468,43057,0.793451,0.59,2,757844,757376,468
66818541,51.2984,39.3802,511,43351,0.901612,0.71,2,758100,757589,511
66821461,47.5194,48.1521,502,43400,0.906645,0.75,2,758145,757643,502
66824381,36.4077,45.6608,487,43449,0.932658,0.77,2,758174,757687,487
66827301,27.7631,35.0643,481,43498,0.943063,0.79,2,758196,757715,481
67024401,332.878,339.811,495,20440,0.799312,0.99,2,760360,759865,495
67033161,87.8562,96.5799,492,21469,0.769476,0.69,2,760619,760127,492
67036081,85.5425,90.832,489,21568,0.75779,0.77,2,760703,760214,489
67039001,74.417,62.7328,512,21666,0.765116,0.63,2,760770,760258,512
67041921,44.7668,68.2931,465,21764,0.792046,0.71,2,760795,760330,465
67056521,78.6735,78.4804,461,22247,0.925995,0.77,2,761164,760703,461
67138281,57.9973,64.4506,479,24776,0.933336,1,2,762910,762431,479
67149961,54.4863,49.6451,492,25117,0.404485,1,1,763184,762692,492
67158721,45.4151,42.9933,493,25369,0.0722071,0.89,1,763335,762842,493
67161641,49.366,57.9973,477,25453,0.0468828,0.89,1,763387,762910,477
67164561,57.5464,23.1989,540,25536,0.0487531,0.83,1,763450,762910,540
67167481,66.8186,56.6796,534,25619,0.0495013,0.57,1,763523,762989,534
67173321,45.491,67.9887,477,25784,0.0979202,0.31,1,763617,763140,477
67182081,42.6314,69.8953,451,26030,0.0876269,0.03,1,763757,763306,451
67185001,48.2526,45.3581,474,26111,0.0650508,0.03,1,763809,763335,474
67187921,57.701,49.3432,486,26192,0.0440203,0.05,1,763873,763387,486
67190841,66.8804,57.5373,496,26273,0.0716081,0.05,1,763946,763450,496
67214201,68.002,57.701,498,26911,0.201043,0.09,1,764371,763873,498
67217121,28.4008,66.8804,427,26990,0.206417,0.13,1,764373,763946,427
67220041,51.5603,66.3522,428,27068,0.208567,0.15,1,764440,764012,428
67222961,39.2241,44.5409,429,27146,0.233427,0.11,1,764471,764042,429
67225881,36.6897,39.4163,428,27224,0.243371,0.15,1,764506,764078,428
67228801,60.2759,60.7665,429,27302,0.271348,0.15,1,764582,764153,429
67240481,68.0327,68.002,432,27611,0.406739,0.21,1,764803,764371,432
67243401,28.4131,28.4008,432,27688,0.444695,0.21,1,764805,764373,432
67298881,52.4949,29.1251,516,29105,0.765279,0.55,2,765764,765248,516
67301801,41.398,52.4501,482,29178,0.792112,0.57,2,765798,765316,482
67313481,52.751,39.5795,514,29467,0.909958,0.65,2,766003,765489,514
67316401,63.1004,51.8318,524,29539,0.933983,0.63,2,766073,765549,524
67415681,45.7205,52.2504,510,31883,0.91,1,2,767687,767177,510
67424441,48.4061,30.464,543,32081,0.92872,1,2,767809,767266,543
67430281,43.025,37.9942,525,32213,0.910595,1,2,767887,767362,525
67436121,66.284,67.5191,542,32345,0.912495,1,2,768037,767495,542
67441961,46.7254,42.0031,522,32475,0.924799,1,2,768111,767589,522
67444881,45.6902,49.8012,512,32540,0.92792,0.85,2,768156,767644,512
67599641,60.347,72.244,488,35822,0.768707,1,2,770418,769930,488
67669721,57.9562,13.5247,523,37212,0.759486,0.61,2,771325,770802,523
67672641,43.5825,48.6099,485,37269,0.765794,0.61,2,771359,770874,485
67675561,49.233,39.2439,505,37326,0.792318,0.69,2,771412,770907,505
67684321,40.0389,35.2716,497,37496,0.798788,0.71,2,771524,771027,497
67687241,35.2156,38.7086,488,37552,0.793515,0.69,2,771556,771068,488
67690161,23.6862,35.2835,471,37608,0.791406,0.69,2,771572,771101,471
67693081,32.8745,23.7134,494,37664,0.790562,0.75,2,771611,771117,494
67696001,27.5498,32.2854,480,37720,0.790225,0.75,2,771635,771155,480
67698921,34.4199,27.3141,495,37776,0.77809,0.73,2,771674,771179,495
67701841,35.368,33.7257,493,37832,0.797236,0.75,2,771710,771217,493
67704761,58.5472,33.8903,533,37888,0.792894,0.77,2,771784,771251,533
67719361,39.3778,35.5973,503,38167,0.916577,0.79,2,771984,771481,503
67722281,34.9511,40.0389,492,38222,0.924631,0.79,2,772016,771524,492
67725201,23.5804,35.2156,476,38277,0.927852,0.79,2,772032,771556,476
67853681,57.2373,39.1357,546,40634,0.90808,1,2,773676,773130,546
67862441,40.4072,39.1287,512,40790,0.771637,1,2,773788,773276,512
67885801,29.1433,29.5836,511,41202,0.288307,0.98,1,774044,773533,511
67891641,50.7429,35.0934,539,41304,0.270529,0.85,1,774143,773604,539
67894561,39.4972,57.2373,499,41355,0.258212,0.87,1,774175,773676,499
67897481,35.5989,43.2949,498,41406,0.289285,0.85,1,774208,773710,498
67917921,33.8791,34.6147,447,41763,0.409706,0.41,1,774407,773960,447
67920841,27.3516,30.6459,442,41814,0.433882,0.27,1,774430,773988,442
67923761,21.7407,27.8584,434,41864,0.431553,0.25,1,774448,774014,434
67926681,27.2963,29.1433,435,41914,0.442621,0.31,1,774479,774044,435
67929601,33.7185,33.8573,436,41964,0.435048,0.25,1,774517,774081,436
67961721,27.4446,27.3516,442,42514,0.754692,0.43,2,774872,774430,442
67964641,21.1778,21.7407,441,42564,0.763877,0.45,2,774889,774448,441
67967561,29.4711,27.2963,445,42614,0.779551,0.43,2,774924,774479,445
67970481,33.9885,33.7185,444,42664,0.79782,0.51,2,774961,774517,444
67973401,50.1954,49.4874,445,42713,0.793128,0.51,2,775022,774577,445
67976321,41.6782,39.595,448,42762,0.791251,0.59,2,775058,774610,448
67979241,38.8713,37.438,449,42811,0.754501,0.57,2,775095,774646,449
67982161,37.1485,35.9752,450,42860,0.7638,0.59,2,775131,774681,450
68020121,37.8747,41.6742,494,43497,0.910593,0.73,2,775552,775058,494
68023041,37.9499,38.8697,495,43546,0.946237,0.77,2,775590,775095,495
68025961,36.1799,37.1479,494,43594,0.924495,0.85,2,775625,775131,494
68028881,15.672,34.6591,463,43642,0.915798,0.85,2,775627,775164,463
68031801,26.0688,15.0637,494,43690,0.936319,0.87,2,775660,775166,494
68037641,33.931,30.4902,498,43786,0.940611,0.85,2,775730,775232,498
68040561,38.1724,32.5961,505,43834,0.946244,0.85,2,775771,775266,505
68043481,28.469,38.2384,485,43882,0.948498,0.85,2,775793,775308,485
68230361,125.845,133.494,494,21370,0.22696,0.69,1,777987,777493,494
68244961,27.3718,38.1187,445,21861,0.205374,0.13,1,778226,777781,445
68247881,78.7487,93.2475,428,21958,0.268149,0.17,1,778339,777911,428
68250801,78.2995,82.899,430,22055,0.29326,0.11,1,778417,777987,430
68259561,70.7232,70.8255,429,22342,0.445729,0.23,1,778617,778188,429
68294601,64.2021,80.2766,503,23456,0.781646,0.61,2,779356,778853,503
68303361,43.2289,73.6097,474,23726,0.901305,0.63,2,779534,779060,474
68306281,31.0916,42.6439,475,23815,0.906522,0.65,2,779557,779082,475
68309201,85.6366,29.6576,576,23904,0.920609,0.73,2,779679,779103,576
68312121,35.4547,83.263,459,23993,0.926244,0.77,2,779681,779222,459
68315041,64.5819,82.5052,461,24081,0.940497,0.81,2,779765,779304,461
68399721,33.4299,44.7312,503,26514,0.90904,1,2,781443,780940,503
68420161,50.8706,70.937,472,27068,0.294971,0.95,1,781856,781384,472
68423081,39.5482,50.5748,467,27146,0.291988,0.87,1,781888,781421,467
68426001,29.0193,33.4299,467,27224,0.278795,0.75,1,781910,781443,467
68428921,69.2077,79.972,452,27302,0.297518,0.65,1,782006,781554,452
68437681,42.4933,47.4782,441,27534,0.287121,0.31,1,782134,781693,441
68455201,70.9961,69.2077,437,27992,0.421547,0.33,1,782443,782006,437
68496081,37.3604,70.1795,465,29032,0.776444,0.65,2,783123,782658,465
68507761,74.4636,29.4062,557,29323,0.903029,0.65,2,783340,782783,557
68510681,51.3854,74.1625,489,29395,0.931212,0.65,2,783376,782887,489
68677121,54.5517,48.3144,493,33248,0.0903328,1,1,786100,785607,493
68680041,42.8207,40.9257,492,33312,0.0541331,1,1,786135,785643,492
68682961,30.9283,34.9703,484,33375,0.0276532,1,1,786158,785674,484
68685881,41.7713,34.3881,499,33438,0.0770613,1,1,786207,785708,499
68688801,31.1085,36.5552,485,33501,0.0368245,1,1,786231,785746,485
68691721,22.6434,28.4221,479,33564,0.0447298,1,1,786248,785769,479
68694641,35.4574,41.9688,472,33627,0.0598919,0.93,1,786292,785820,472
68697561,32.1829,38.9875,465,33690,0.0779568,0.47,1,786322,785857,465
68700481,53.0732,65.995,448,33753,0.0611827,0.31,1,786389,785941,448
68703401,43.4293,58.198,432,33816,0.0544731,0,1,786426,785994,432
68706321,41.9717,53.8792,422,33879,0.0277892,0.03,1,786467,786045,422
68709241,49.7887,54.5517,422,33941,0.0411157,0.03,1,786522,786100,422
68712161,40.9155,42.8207,422,34003,0.0224463,0.01,1,786557,786135,422
68715081,30.1662,30.9283,422,34065,0.0509785,0.11,1,786580,786158,422
68718001,42.0665,41.7713,423,34127,0.0503914,0.01,1,786630,786207,423
68720921,30.6266,31.1085,422,34189,0.0201566,0.05,1,786653,786231,422
68723841,22.4506,22.6434,422,34251,0.0620626,0.05,1,786670,786248,422
68726761,35.3803,9.05736,466,34313,0.054825,0.07,1,786714,786248,466
68729681,32.1521,30.0229,452,34375,0.05193,0.09,1,786744,786292,452
68732601,53.6608,30.0092,490,34437,0.086772,0.05,1,786812,786322,490
68741361,48.9863,41.8326,476,34620,0.0739534,0.05,1,786943,786467,476
68744281,40.5945,49.733,456,34681,0.0475814,0.01,1,786978,786522,456
68747201,30.0378,40.8932,444,34742,0.0190325,0.07,1,787001,786557,444
68750121,43.8151,30.1573,474,34803,0.037613,0.05,1,787054,786580,474
68753041,30.126,42.0629,445,34864,0.0330452,0,1,787075,786630,445
68755961,21.6504,30.6252,438,34925,0.0312181,0.09,1,787091,786653,438
68758881,37.4602,22.4501,469,34986,0.0304872,0.05,1,787139,786670,469
68761801,31.7841,35.38,453,35046,0.0421949,0.05,1,787167,786714,453
68764721,55.3136,32.152,494,35106,0.046878,0.11,1,787238,786744,494
68767641,44.3255,53.6608,463,35166,0.0607512,0.15,1,787275,786812,463
68770561,42.3302,43.6643,467,35226,0.0903005,0.15,1,787316,786849,467
68773481,45.7321,41.4657,475,35286,0.0421202,0.03,1,787364,786889,475
68776401,39.2928,48.9863,456,35346,0.0228481,0.03,1,787399,786943,456
68779321,29.5171,40.5945,444,35406,0.00913923,0,1,787422,786978,444
68782241,46.0069,30.0378,478,35466,0.0336557,0.05,1,787479,787001,478
68785161,29.2027,43.8151,443,35526,0.0434623,0.03,1,787497,787054,443
68788081,21.2811,30.126,438,35586,0.0473849,0.03,1,787513,787075,438
68791001,37.3124,21.6504,470,35645,0.036954,0.03,1,787561,787091,470
68793921,16.125,37.4602,424,35704,0.0327816,0.05,1,787563,787139,424
68796841,24.45,31.7841,426,35763,0.0551126,0.05,1,787593,787167,426
68799761,51.18,55.3136,424,35822,0.0880451,0.07,1,787662,787238,424
68802681,43.872,44.3255,426,35881,0.089218,0.11,1,787701,787275,426
68805601,42.7488,42.3302,427,35940,0.0776872,0.01,1,787743,787316,427
68808521,42.8995,45.7321,422,35999,0.0970749,0.01,1,787786,787364,422
68811441,38.1598,39.2928,422,36058,0.0448299,0,1,787821,787399,422
68814361,29.0639,29.5171,422,36117,0.035932,0.05,1,787844,787422,422
68817281,47.0256,46.0069,424,36176,0.0323728,0.05,1,787903,787479,424
68820201,29.6102,29.2027,424,36234,0.0189491,0.05,1,787921,787497,424
68823121,22.0441,21.2811,425,36292,0.0255796,0.03,1,787938,787513,425
68826041,36.4176,37.3124,423,36350,0.0402319,0.03,1,787984,787561,423
68828961,15.7671,16.125,423,36408,0.0220927,0.07,1,787986,787563,423
68831881,24.9068,24.45,424,36466,0.0268371,0.11,1,788017,787593,424
68834801,51.9627,51.18,425,36524,0.0527348,0.09,1,788087,787662,425
68837721,43.5851,43.872,424,36582,0.0630939,0.07,1,788125,787701,424
68852321,46.6118,47.0256,422,36870,0.0715229,0.01,1,788325,787903,422
68855241,29.4447,29.6102,422,36927,0.0346092,0.03,1,788343,787921,422
68858161,21.9779,22.0441,422,36984,0.0318437,0.05,1,788360,787938,422
68861081,36.3912,36.4176,422,37041,0.0427375,0.01,1,788406,787984,422
68864001,15.7565,15.7671,422,37098,0.047095,0.03,1,788408,787986,422
68866921,24.9026,24.9068,422,37155,0.060838,0.03,1,788439,788017,422
68869841,53.161,9.96273,494,37212,0.0783352,0.07,1,788511,788017,494
68872761,44.0644,45.9851,462,37269,0.0973341,0.07,1,788549,788087,462
68887361,45.2112,27.9682,480,37552,0.0995215,0.05,1,788746,788266,480
68890281,28.8845,46.5873,439,37608,0.0698086,0.01,1,788764,788325,439
68893201,21.7538,29.4349,438,37664,0.0579234,0.03,1,788781,788343,438
68896121,36.3015,21.974,467,37720,0.0291694,0.05,1,788827,788360,467
68899041,15.7206,36.3896,423,37776,0.0296678,0.05,1,788829,788406,423
68901961,25.4882,15.7558,453,37832,0.0538671,0.07,1,788861,788408,453
68904881,55.1953,24.9023,497,37888,0.0515468,0.09,1,788936,788439,497
68907801,45.4781,53.1609,464,37944,0.0866187,0.11,1,788975,788511,464
68925321,28.0871,45.2112,442,38277,0.212025,0.05,1,789188,788746,442
68928241,20.8349,28.8845,440,38332,0.22281,0.05,1,789204,788764,440
68942841,47.2053,55.1953,465,38607,0.228141,0.11,1,789401,788936,465
68945761,20.0821,45.4781,428,38662,0.241256,0.15,1,789403,788975,428
68948681,36.2329,45.7912,429,38717,0.234503,0.13,1,789450,789021,429
68951601,43.2931,47.7165,428,38772,0.255801,0.13,1,789498,789070,428
68954521,35.9173,36.4866,430,38826,0.24032,0.21,1,789529,789099,430
68957441,24.5669,24.7946,430,38880,0.270128,0.19,1,789546,789116,430
68960361,42.8268,41.7179,432,38934,0.282051,0.23,1,789601,789169,432
68963281,29.1307,28.0871,433,38988,0.262821,0.23,1,789621,789188,433
68966201,21.2523,20.8349,433,39042,0.291128,0.17,1,789637,789204,433
68972041,14.6804,15.3336,430,39150,0.299781,0.17,1,789681,789251,430
68977881,56.1089,55.0134,432,39258,0.293965,0.25,1,789791,789359,432
68980801,48.8435,47.2053,434,39312,0.255586,0.25,1,789835,789401,434
68983721,20.7374,20.0821,434,39366,0.288234,0.23,1,789837,789403,434
68989561,43.158,43.2931,433,39474,0.299318,0.23,1,789931,789498,433
69001241,29.8232,29.1307,435,39687,0.424063,0.31,1,790056,789621,435
69004161,22.1293,21.2523,436,39740,0.427625,0.33,1,790073,789637,436
69065481,44.588,35.822,496,40842,0.779013,0.55,2,790814,790318,496
69068401,37.6352,43.1288,481,40894,0.797605,0.57,2,790847,790366,481
69083001,38.8411,22.0244,501,41151,0.901361,0.63,2,791014,790513,501
69085921,16.7364,37.0097,456,41202,0.930544,0.63,2,791016,790560,456
69088841,27.0946,16.0039,488,41253,0.942218,0.67,2,791050,790562,488
69275721,30.2665,29.0925,516,44410,0.92872,1,2,793263,792747,516
69284481,20.6811,31.3099,508,44551,0.939758,1,2,793342,792834,508
69287401,21.4724,32.324,497,44598,0.939903,1,2,793364,792867,497
69293241,28.7556,32.5318,487,44692,0.926785,1,2,793423,792936,487
69375001,16.8569,8.09889,478,45995,0.904418,0.89,2,794292,793814,478
69383761,33.0948,27.8303,497,46133,0.901003,0.83,2,794387,793890,497
69386681,45.6379,33.9321,513,46179,0.906401,0.81,2,794441,793928,513
69389601,40.4552,44.7729,498,46225,0.92056,0.83,2,794478,793980,498
69392521,29.3821,38.9091,485,46271,0.926224,0.83,2,794500,794015,485
69395441,40.5528,29.3637,510,46317,0.94049,0.85,2,794548,794038,510
69398361,32.4211,41.1455,488,46363,0.946196,0.85,2,794575,794087,488
69614441,113.734,112.097,510,22817,0.064,0.93,1,796936,796426,510
69617361,79.6936,89.2386,493,22910,0.0436,0.55,1,796993,796500,493
69620281,79.8774,91.4955,480,23003,0.07144,0.35,1,797073,796593,480
69623201,57.751,75.5982,458,23095,0.028576,0.01,1,797116,796658,458
69626121,61.5004,81.8393,436,23187,0.0174304,0,1,797180,796744,436
69629041,43.8002,50.7357,438,23278,0.0729722,0,1,797212,796774,438
69631961,54.7201,40.0943,467,23369,0.0351889,0,1,797274,796807,467
69634881,71.688,43.6377,504,23460,0.0140755,0,1,797357,796853,504
69637801,62.8752,67.2551,478,23550,0.0116302,0.03,1,797414,796936,478
69640721,74.3501,61.102,503,23640,0.0226521,0.09,1,797496,796993,503
69643641,54.94,72.4408,465,23730,0.0270608,0,1,797538,797073,465
69646561,60.376,54.7763,486,23819,0.0408243,0.01,1,797602,797116,486
69649481,45.7504,60.3105,458,23908,0.0223297,0.11,1,797638,797180,458
69652401,19.5002,43.3242,428,23997,0.0269319,0.01,1,797640,797212,428
69655321,41.4001,54.5297,422,24085,0.0167728,0,1,797696,797274,422
69658241,66.96,71.6119,423,24173,0.0067091,0.01,1,797780,797357,423
69661161,60.984,62.8447,423,24261,0.0206836,0.03,1,797837,797414,423
69664081,74.7936,74.3379,425,24348,0.0142735,0.03,1,797921,797496,425
69667001,55.1174,54.9352,425,24435,0.0477094,0.05,1,797963,797538,425
69669921,59.847,60.3741,424,24522,0.0610838,0.01,1,798026,797602,424
69672841,45.5388,45.7496,424,24608,0.0424335,0.03,1,798062,797638,424
69675761,19.4155,19.4998,424,24694,0.0349734,0.01,1,798064,797640,424
69678681,40.1662,41.3999,422,24780,0.0439894,0,1,798118,797696,422
69681601,66.4665,66.96,422,24866,0.0175957,0.03,1,798202,797780,422
69684521,61.3866,60.984,423,24951,0.0130383,0.01,1,798260,797837,423
69687441,74.9546,74.7936,423,25036,0.0472153,0.07,1,798344,797921,423
69690361,55.1819,55.1174,423,25121,0.0728861,0.07,1,798386,797963,423
69696201,44.5891,45.5388,422,25289,0.0488618,0.03,1,798484,798062,422
69699121,19.0356,19.4155,422,25373,0.0255447,0.05,1,798486,798064,422
69702041,40.0143,40.1662,422,25457,0.0402179,0.05,1,798540,798118,422
69704961,65.8057,16.0665,505,25540,0.0160872,0,1,798623,798118,505
69707881,61.1223,56.8266,479,25623,0.0124349,0.01,1,798681,798202,479
69710801,76.6489,57.5306,508,25706,0.0229739,0.07,1,798768,798260,508
69713721,56.4596,73.4123,467,25788,0.0511896,0.09,1,798811,798344,467
69716641,60.9838,54.5649,489,25870,0.0624758,0.13,1,798875,798386,489
69719561,42.3935,60.226,455,25952,0.0669903,0.01,1,798905,798450,455
69722481,18.1574,44.4904,423,26034,0.0687961,0.01,1,798907,798484,423
69725401,40.263,18.9962,476,26115,0.0815184,0.05,1,798962,798486,476
69728321,65.3052,39.9985,504,26196,0.0386074,0,1,799044,798540,504
69731241,61.5221,65.7994,480,26277,0.033443,0.01,1,799103,798623,480
69734161,76.8088,61.1198,509,26358,0.0313772,0.03,1,799190,798681,509
69737081,57.7235,76.6479,467,26438,0.0545509,0.07,1,799235,798768,467
69740001,61.4894,56.4592,488,26518,0.0998203,0.07,1,799299,798811,488
69766281,61.2954,61.4894,428,27228,0.220306,0.13,1,799727,799299,428
69769201,41.3182,41.3958,428,27306,0.214122,0.13,1,799755,799327,428
69772121,17.7273,17.7583,428,27384,0.211649,0.21,1,799757,799329,428
69775041,44.2909,41.9033,432,27461,0.24666,0.21,1,799819,799387,432
69777961,65.7164,64.1613,433,27538,0.248664,0.19,1,799899,799466,433
69780881,59.8865,61.6645,429,27615,0.237466,0.19,1,799955,799526,429
69783801,25.1546,25.8658,429,27692,0.232986,0.13,1,799957,799528,429
69786721,60.4618,61.3463,428,27768,0.255194,0.19,1,800041,799613,428
69789641,52.9847,52.7385,429,27844,0.288078,0.25,1,800089,799660,429
69801321,45.0124,44.2909,433,28147,0.402271,0.25,1,800252,799819,433
69804241,66.005,65.7164,433,28222,0.430908,0.23,1,800332,799899,433
69807161,60.002,59.8865,433,28297,0.430363,0.23,1,800388,799955,433
69810081,25.2008,25.1546,433,28372,0.430145,0.23,1,800390,799957,433
69856801,67.7105,45.9182,527,29543,0.789811,0.53,2,801220,800693,527
69865561,64.9815,25.4988,539,29757,0.919588,0.61,2,801371,800832,539
69868481,57.1926,62.9995,503,29828,0.925835,0.65,2,801423,800920,503
69871401,24.077,55.1998,455,29899,0.928334,0.67,2,801425,800970,455
69874321,53.4308,65.8799,455,29970,0.941334,0.69,2,801498,801043,455
69877241,39.9723,44.352,456,30041,0.934533,0.69,2,801529,801073,456
69880161,17.1889,18.9408,456,30111,0.931813,0.71,2,801531,801075,456
69883081,45.2756,44.7763,458,30181,0.942725,0.85,2,801595,801137,458
69999881,28.2615,30.0513,507,32868,0.939386,1,2,803476,802969,507
70005721,55.1618,66.8482,485,32996,0.909902,1,2,803576,803091,485
70023241,44.6601,46.3354,486,33379,0.419332,1,1,803874,803388,486
70037841,50.1469,55.1618,464,33694,0.247856,0.83,1,804040,803576,464
70040761,59.0588,63.4647,460,33757,0.213142,0.81,1,804105,803645,460
70061201,27.9447,30.5456,437,34193,0.211016,0.31,1,804368,803931,437
70064121,21.9779,25.4182,433,34255,0.222406,0.31,1,804386,803953,433
70069961,47.7965,14.2669,500,34379,0.202385,0.21,1,804470,803970,500
70072881,56.9186,47.7068,493,34441,0.230954,0.19,1,804533,804040,493
70075801,42.5674,58.0827,461,34502,0.254382,0.19,1,804566,804105,461
70078721,51.827,43.0331,486,34563,0.263753,0.17,1,804624,804138,486
70081641,41.1308,51.4132,463,34624,0.279501,0.17,1,804658,804195,463
70084561,39.2523,40.9653,467,34685,0.2858,0.11,1,804696,804229,467
70102081,48.5657,18.9909,499,35050,0.403547,0.21,1,804902,804403,499
70105001,58.4263,47.7964,497,35110,0.419419,0.25,1,804967,804470,497
70107921,43.1705,56.9185,467,35170,0.425768,0.27,1,805000,804533,467
70110841,52.0682,42.5674,492,35230,0.440307,0.27,1,805058,804566,492
70148801,43.9955,41.8273,448,36002,0.757282,0.53,2,805541,805093,448
70180921,55.4801,52.9888,460,36643,0.916571,0.77,2,805963,805503,460
70183841,44.992,43.9955,460,36701,0.948628,0.83,2,806001,805541,460
70324001,36.7648,30.4077,498,39369,0.939631,1,2,807823,807325,498
70326921,47.7059,49.9631,490,39423,0.915853,1,2,807878,807388,490
70353201,25.5798,30.3253,488,39901,0.438209,1,1,808177,807689,488
70359041,35.4128,42.4121,474,40007,0.428913,0.9,1,808264,807790,474
70361961,32.1651,36.7648,471,40060,0.417565,0.9,1,808294,807823,471
70376561,37.5985,55.3605,483,40323,0.411172,0.59,1,808500,808017,483
70379481,25.8394,40.1442,471,40375,0.422469,0.51,1,808518,808047,471
70382401,20.5358,31.0577,463,40427,0.414987,0.53,1,808535,808072,463
70385321,26.2143,25.0231,472,40479,0.411995,0.39,1,808565,808093,472
70388241,30.2857,25.6092,479,40531,0.410798,0.35,1,808598,808119,479
70443721,39.779,39.9533,485,41509,0.752964,0.53,2,809263,808778,485
70446641,17.1116,38.1813,450,41560,0.799185,0.57,2,809265,808815,450
70455401,36.9031,38.6116,450,41713,0.794428,0.57,2,809392,808942,450
70475841,34.9955,33.9218,456,42065,0.92767,0.71,2,809601,809145,456
70478761,34.3982,33.3687,457,42115,0.941068,0.75,2,809635,809178,457
70481681,43.1593,40.9475,460,42165,0.946427,0.77,2,809684,809224,460
70484601,41.2637,39.779,461,42215,0.948571,0.83,2,809724,809263,461
70487521,17.7055,17.1116,461,42265,0.925428,0.83,2,809726,809265,461
70490441,23.8822,23.6446,461,42315,0.940171,0.79,2,809754,809293,461
70693381,84.8262,68.0393,527,20954,0.94888,0.87,2,812375,811848,527
70696301,50.7305,70.4157,483,21055,0.937552,0.96,2,812403,811920,483
70795581,64.9515,84.8833,484,24244,0.433014,1,1,814677,814193,484
70798501,84.1806,94.5533,480,24331,0.299206,1,1,814774,814294,480
70801421,52.8722,54.6213,484,24418,0.221682,1,1,814806,814322,484
70818941,56.1713,64.9515,436,24934,0.222697,0.21,1,815113,814677,436
70821861,74.6685,84.1806,426,25019,0.251079,0.17,1,815200,814774,426
70824781,50.8674,52.8722,429,25104,0.298431,0.15,1,815235,814806,429
70842301,58.4145,23.7713,502,25606,0.412304,0.25,1,815546,815044,502
70845221,76.1658,50.9085,521,25689,0.434922,0.27,1,815634,815113,521
70886101,38.7611,56.7009,474,26819,0.772135,0.57,2,816363,815889,474
70906541,95.6064,93.7568,459,27368,0.919166,0.77,2,816762,816303,459
70909461,59.2425,57.9027,460,27445,0.949666,0.79,2,816797,816337,460
71023341,55.708,62.6245,474,30308,0.9412,1,2,818790,818316,474
71029181,55.9533,51.2999,489,30448,0.761392,1,2,818893,818404,489
71043781,78.1899,85.5631,484,30794,0.415825,1,1,819137,818653,484
71061301,38.8998,43.9813,450,31204,0.41032,0.63,1,819379,818929,450
71067141,32.384,33.437,449,31340,0.412451,0.61,1,819446,818997,449
71070061,29.7536,13.3748,477,31408,0.42298,0.49,1,819474,818997,477
71072981,71.9014,23.9499,546,31475,0.415192,0.33,1,819574,819028,546
71075901,46.1606,74.98,466,31542,0.424077,0.33,1,819603,819137,466
71078821,40.0642,47.992,472,31609,0.439631,0.33,1,819639,819167,472
71081741,49.0257,40.1968,492,31676,0.445852,0.35,1,819694,819202,492
71125541,33.1122,39.2183,477,32664,0.783395,0.57,2,820335,819858,477
71128461,31.8449,32.4873,480,32729,0.787358,0.57,2,820366,819886,480
71131381,13.9379,30.9949,452,32794,0.788943,0.67,2,820368,819916,452
71148901,50.8839,50.8777,455,33178,0.910345,0.73,2,820686,820231,455
71151821,43.7536,41.9511,458,33242,0.922138,0.77,2,820725,820267,458
71385421,59.4646,37.0351,525,37996,0.785594,0.65,2,823982,823457,525
71525581,34.4483,32.3358,511,40578,0.91,1,2,825711,825200,511
71531421,35.1517,41.1737,504,40682,0.7924,1,2,825782,825278,504
71534341,26.6607,34.4695,495,40734,0.76696,1,2,825803,825308,495
71546021,36.2553,29.4904,514,40942,0.424898,1,1,825964,825450,514
71563541,32.6783,36.6208,501,41249,0.0752898,0.85,1,826179,825678,501
71566461,31.6713,34.4483,499,41300,0.0481159,0.77,1,826210,825711,499
71569381,33.6685,35.3793,498,41351,0.0252464,0.77,1,826245,825747,498
71572301,25.4674,35.1517,483,41402,0.0280985,0.75,1,826265,825782,483
71575221,41.987,26.6607,515,41453,0.0532394,0.61,1,826318,825803,515
71578141,34.1948,47.8643,482,41504,0.0992958,0.49,1,826347,825865,482
71610261,33.2792,33.6685,423,42060,0.0832574,0.03,1,826668,826245,423
71613181,25.9117,25.4674,424,42110,0.087303,0.07,1,826689,826265,424
71616101,42.7647,41.987,425,42160,0.0649212,0.13,1,826743,826318,425
71619021,36.3059,34.1948,428,42210,0.0679685,0.13,1,826775,826347,428
71621941,15.7223,14.8779,428,42260,0.0691874,0.15,1,826777,826349,428
71627781,29.5156,28.1805,430,42360,0.09627,0.21,1,826834,826404,430
71642381,33.7342,34.3628,427,42610,0.213117,0.13,1,827000,826573,427
71645301,32.0937,31.7451,428,42660,0.235247,0.13,1,827031,826603,428
71648221,30.2375,30.698,427,42709,0.280099,0.05,1,827060,826633,427
71651141,30.095,33.2792,422,42758,0.27404,0.09,1,827090,826668,422
71654061,25.838,25.9117,424,42807,0.283616,0.05,1,827113,826689,424
71683261,35.3128,40.7232,461,43297,0.417934,0.23,1,827432,826971,461
71686181,33.9251,33.6893,465,43346,0.449174,0.25,1,827465,827000,465
71689101,30.97,32.0757,463,43395,0.42567,0.31,1,827494,827031,463
71692021,30.388,30.2303,464,43444,0.416268,0.27,1,827524,827060,464
71694941,26.5552,30.0921,458,43493,0.412507,0.29,1,827548,827090,458
71697861,44.2221,25.8368,491,43542,0.435003,0.35,1,827604,827113,491
71700781,37.4888,43.3347,469,43590,0.444001,0.33,1,827637,827168,469
71703701,16.1955,36.5339,439,43638,0.4476,0.37,1,827639,827200,439
71706621,19.6782,15.8136,459,43686,0.44904,0.35,1,827661,827202,459
71767941,36.3212,36.2672,451,44689,0.781532,0.59,2,828325,827874,451
71770861,34.3285,34.3069,451,44736,0.762613,0.61,2,828358,827907,451
71773781,31.1314,30.5228,452,44783,0.767045,0.63,2,828387,827935,452
71776701,31.6526,30.2091,454,44830,0.768818,0.63,2,828419,827965,454
71782541,44.4244,45.0335,452,44924,0.796211,0.63,2,828499,828047,452
71797141,35.3413,34.9328,455,45159,0.907894,0.67,2,828635,828180,455
71802981,16.9346,16.2693,456,45253,0.916863,0.75,2,828655,828199,456
71805901,34.3738,33.5077,457,45300,0.936745,0.75,2,828701,828244,457
71808821,44.9495,42.8031,460,45347,0.932698,0.81,2,828753,828293,460
72033661,322.153,348.63,465,21900,0.44248,0.61,1,831148,830683,465
72036581,175.061,181.452,472,21997,0.218992,0.33,1,831225,830753,472
72045341,77.1559,86.1329,448,22285,0.0432955,0.03,1,831429,830981,448
72048261,55.4624,58.4532,449,22380,0.0593182,0.05,1,831470,831021,449
72051181,51.5849,67.7813,424,22475,0.0297273,0,1,831519,831095,424
72054101,39.834,38.5125,437,22569,0.0298909,0.09,1,831551,831114,437
72057021,75.9336,35.805,503,22663,0.0299564,0.07,1,831651,831148,503
72059941,72.3734,60.522,496,22757,0.0539825,0.13,1,831721,831225,496
72062861,63.7494,64.4088,487,22850,0.075593,0.07,1,831779,831292,487
72065781,68.6997,63.5635,496,22943,0.0602372,0,1,831851,831355,496
72068701,52.0799,69.8254,463,23035,0.0420949,0.07,1,831892,831429,463
72071621,50.232,52.5302,471,23127,0.022838,0.01,1,831941,831470,471
72074541,39.2928,50.4121,454,23219,0.0151352,0.03,1,831973,831519,454
72077461,76.3171,39.3648,523,23310,0.0360541,0.03,1,832074,831551,523
72080381,73.1268,75.7459,494,23401,0.0804216,0.07,1,832145,831651,494
72083301,65.8507,72.2984,485,23492,0.0981687,0.09,1,832206,831721,485
72092061,50.1024,52.0751,471,23762,0.0972428,0.01,1,832363,831892,471
72094981,39.241,50.23,454,23851,0.0568971,0.01,1,832395,831941,454
72097901,76.8964,39.292,524,23940,0.0407588,0.05,1,832497,831973,524
72100821,31.9586,76.3168,425,24029,0.0343035,0.11,1,832499,832074,425
72103741,56.5834,73.1267,427,24117,0.0677214,0.11,1,832572,832145,427
72106661,59.2334,65.8507,427,24205,0.0930886,0.11,1,832633,832206,427
72115421,47.8789,50.1024,424,24467,0.201558,0.03,1,832787,832363,424
72118341,37.7516,39.241,423,24554,0.254623,0.03,1,832818,832395,423
72121261,76.3006,76.8964,423,24640,0.287849,0.03,1,832920,832497,423
72138781,50.5962,47.8789,433,25152,0.428661,0.29,1,833220,832787,433
72141701,39.4385,37.7516,434,25236,0.441465,0.31,1,833252,832818,434
72176741,63.8867,59.6691,514,26226,0.751897,0.59,2,833949,833435,514
72179661,68.1547,61.6677,522,26307,0.774759,0.63,2,834020,833498,522
72182581,53.0619,66.6671,495,26388,0.795904,0.63,2,834063,833568,495
72191341,79.74,40.0747,561,26628,0.782218,0.67,2,834256,833695,561
72194261,33.096,80.2299,456,26708,0.774887,0.67,2,834258,833802,456
72197181,61.8384,33.292,535,26787,0.795955,0.71,2,834339,833804,535
72211781,51.0265,53.6247,461,27180,0.944007,0.79,2,834578,834117,461
72313981,54.4585,40.3838,542,29785,0.774955,1,2,836426,835884,542
72340261,36.5802,38.6462,460,30419,0.752661,0.75,2,836821,836361,460
72343181,53.0321,54.4585,459,30489,0.763064,0.71,2,836885,836426,459
72346101,41.6128,43.3834,457,30558,0.791226,0.59,2,836919,836462,457
72349021,31.6451,35.3534,452,30627,0.79049,0.63,2,836944,836492,452
72357781,44.8653,45.7266,453,30834,0.927311,0.67,2,837091,836638,453
72360701,45.5461,44.6906,455,30903,0.940925,0.71,2,837137,836682,455
72495021,49.1541,47.9262,498,33908,0.91,1,2,839266,838768,498
72506701,44.3623,53.7005,479,34156,0.794512,1,2,839424,838945,479
72509621,37.5449,37.6802,485,34218,0.767805,1,2,839457,838972,485
72608901,35.5016,35.3242,453,36259,0.794568,0.63,2,840809,840356,453
72611821,23.8007,23.7297,453,36317,0.791827,0.65,2,840825,840372,453
72623501,45.1773,45.3771,453,36549,0.930111,0.65,2,840996,840543,453
72626421,40.8709,41.5508,452,36607,0.948044,0.65,2,841034,840582,452
72746141,32.704,34.7164,488,38903,0.94,1,2,842617,842129,488
72754901,32.0931,26.7018,493,39065,0.94216,1,2,842724,842231,493
72763661,59.366,55.5169,492,39227,0.912298,1,2,842871,842379,492
72769501,37.6986,37.5627,493,39335,0.785568,1,2,842939,842446,493
72778261,34.5247,37.9,490,39497,0.415316,1,1,843041,842551,490
72784101,36.964,32.704,498,39603,0.283651,1,1,843115,842617,498
72787021,35.1856,40.0816,487,39656,0.21546,1,1,843149,842662,487
72792861,26.8697,32.0931,473,39762,0.0980736,1,1,843197,842724,473
72795781,29.3479,32.0372,472,39815,0.0452295,1,1,843228,842756,472
72798701,36.3392,37.4149,472,39868,0.0480918,0.86,1,843269,842797,472
72801621,52.9357,59.366,462,39921,0.0492367,0.89,1,843333,842871,462
72804541,42.7743,44.7464,463,39974,0.0976947,0.71,1,843369,842906,463
72833741,28.4249,26.836,452,40499,0.0829621,0.01,1,843649,843197,452
72836661,37.17,29.3344,464,40551,0.0751848,0.05,1,843692,843228,464
72839581,52.668,36.3338,486,40603,0.0360739,0.05,1,843755,843269,486
72842501,45.6672,52.9335,463,40655,0.0684296,0.13,1,843796,843333,463
72845421,32.0669,42.7734,450,40707,0.0693718,0.19,1,843819,843369,450
72848341,29.0268,30.3094,455,40759,0.0937487,0.13,1,843846,843391,455
72865861,22.6115,31.2644,444,41070,0.2295,0.13,1,844021,843577,444
72868781,22.2446,20.9058,452,41121,0.2178,0.13,1,844043,843591,452
72877541,51.3677,37.17,485,41274,0.0775392,0.01,1,844177,843692,485
72880461,46.9471,52.668,466,41325,0.0490157,0.09,1,844221,843755,466
72883381,31.9788,45.6672,447,41376,0.0496063,0.07,1,844243,843796,447
72886301,30.7915,32.0669,454,41427,0.0378425,0.11,1,844273,843819,454
72889221,31.5166,29.0268,459,41478,0.033137,0.13,1,844305,843846,459
72892141,30.6066,30.8107,457,41529,0.0552548,0.13,1,844335,843878,457
72895061,13.4427,30.3243,429,41580,0.0641019,0.15,1,844337,843908,429
72897981,22.7771,28.9297,430,41631,0.0796408,0.21,1,844366,843936,430
72900901,34.3108,35.5719,432,41682,0.0378563,0.21,1,844408,843976,432
72903821,31.1243,31.0288,433,41733,0.0331425,0.25,1,844437,844004,433
72906741,22.0497,22.6115,432,41784,0.055257,0.21,1,844453,844021,432
72909661,22.0199,22.2446,432,41835,0.0761028,0.15,1,844475,844043,432
72912581,23.208,26.2978,427,41885,0.0604411,0.13,1,844499,844072,427
72915501,36.8832,36.9191,429,41935,0.0541764,0.03,1,844545,844116,429
72918421,47.7533,51.3677,423,41985,0.0756706,0.03,1,844600,844177,423
72921341,46.1013,46.9471,424,42035,0.0962682,0.05,1,844645,844221,424
72933021,31.329,30.6066,425,42235,0.209104,0.07,1,844760,844335,425
72938861,22.2926,22.7771,424,42335,0.229057,0.01,1,844790,844366,424
72941781,32.9171,34.3108,422,42385,0.253623,0.03,1,844830,844408,422
72944701,31.1668,31.1243,423,42435,0.275449,0.07,1,844860,844437,423
72947621,22.0667,22.0497,423,42485,0.27218,0.09,1,844876,844453,423
72950541,22.6267,22.0199,424,42535,0.294872,0.05,1,844899,844475,424
72965141,32.4819,31.6405,427,42782,0.417307,0.13,1,845094,844667,427
72968061,30.9928,30.0562,428,42831,0.448923,0.21,1,845124,844696,428
73038141,37.6463,24.0105,499,43997,0.77222,0.67,2,845858,845359,499
73041061,50.4585,36.6042,513,44045,0.770888,0.69,2,845917,845404,513
73043981,50.1834,49.4417,505,44093,0.770355,0.65,2,845967,845462,505
73046901,33.2734,49.7767,477,44141,0.770142,0.65,2,845989,845512,477
73058581,15.8278,35.4359,457,44333,0.791508,0.67,2,846097,845640,457
73061501,24.3311,15.3744,485,44381,0.790603,0.67,2,846127,845642,485
73090701,33.2486,33.2734,460,44852,0.900744,0.83,2,846449,845989,460
73096541,36.6398,35.9237,463,44946,0.903719,0.81,2,846521,846058,463
73099461,35.0559,36.5695,460,44993,0.907488,0.77,2,846555,846095,460
73102381,15.2224,15.8278,460,45040,0.932995,0.79,2,846557,846097,460
73105301,25.2889,24.3311,462,45087,0.943198,0.83,2,846589,846127,462
73257141,18.7773,27.7493,504,47459,0.916,1,2,848204,847700,504
73262981,31.3244,43.3199,487,47547,0.79096,1,2,848268,847781,487
73295101,24.0378,30.8949,475,48031,0.416779,1,1,848612,848137,475
73298021,26.4151,30.358,473,48075,0.424711,0.8,1,848640,848167,473
73341821,24.3136,24.0378,441,48729,0.764076,0.43,2,849053,848612,441
73344741,28.9254,26.4151,445,48772,0.76763,0.53,2,849085,848640,445
73347661,21.7702,21.366,444,48815,0.781052,0.47,2,849102,848658,444
73350581,14.7081,15.1464,443,48858,0.786421,0.47,2,849112,848669,443
73353501,22.6832,6.05857,471,48901,0.788568,0.47,2,849140,848669,471
73356421,28.8733,18.6234,477,48944,0.789427,0.47,2,849173,848696,477
73394381,22.7339,28.9254,477,49503,0.794096,0.79,2,849562,849085,477
73397301,15.0936,21.7702,470,49546,0.791638,0.79,2,849572,849102,470
73400221,23.4374,14.7081,489,49589,0.778655,0.79,2,849601,849112,489
73403141,30.375,22.6832,496,49631,0.773462,0.79,2,849636,849140,496
73423581,31.2935,29.4392,498,49925,0.925416,0.89,2,849868,849370,498
73426501,28.1174,31.5757,491,49967,0.940166,0.85,2,849894,849403,491
73429421,24.447,28.2303,487,50009,0.946067,0.83,2,849916,849429,487
73607541,341.481,363.468,494,23360,0.442,0.79,1,852101,851607,494
73616301,189.992,220.387,458,23360,0.2068,0.51,1,852190,851732,458
73657181,73.9588,71.7419,465,24178,0.051088,0.07,1,852307,851842,465
73660101,58.9835,67.0968,450,24266,0.0204352,0.01,1,852356,851906,450
73663021,72.7934,67.6387,464,24353,0.0261741,0.03,1,852438,851974,464
73665941,53.7174,66.0555,440,24440,0.0284696,0,1,852479,852039,440
73668861,42.4869,46.8222,441,24527,0.0413879,0.07,1,852514,852073,441
73671781,46.9948,35.5289,463,24613,0.0585551,0.03,1,852564,852101,463
73674701,47.5979,55.0116,443,24699,0.0654221,0.07,1,852612,852169,443
73677621,63.4392,60.4046,453,24785,0.0681688,0.01,1,852686,852233,453
73680541,52.3757,68.5618,424,24871,0.0272675,0,1,852731,852307,424
73683461,49.1503,56.8247,422,24956,0.028907,0.03,1,852778,852356,422
73686381,70.0601,71.9299,424,25041,0.0115628,0.03,1,852862,852438,424
73689301,52.024,53.372,423,25126,0.0346251,0.05,1,852902,852479,423
73692221,43.6096,42.3488,426,25210,0.01985,0.07,1,852940,852514,426
73695141,48.0438,46.9395,427,25294,0.01394,0.07,1,852991,852564,427
73698061,47.4175,47.5758,426,25378,0.071576,0.07,1,853038,852612,426
73700981,62.767,63.4303,425,25461,0.0826304,0.07,1,853111,852686,425
73706821,48.0827,37.1489,468,25627,0.0672209,0.03,1,853199,852731,468
73709741,69.6331,43.0595,505,25710,0.0268883,0,1,853283,852778,505
73712661,51.8532,67.6238,461,25792,0.0287553,0.05,1,853323,852862,461
73715581,44.1413,51.0495,460,25874,0.0295021,0.01,1,853362,852902,460
73718501,48.8565,43.2198,474,25956,0.0298009,0.01,1,853414,852940,474
73721421,49.5426,47.8879,473,26038,0.0299203,0.11,1,853464,852991,473
73724341,63.617,47.3552,499,26119,0.0539681,0.09,1,853537,853038,499
73727261,50.0468,62.7421,467,26200,0.0755873,0.15,1,853578,853111,467
73733101,69.0875,48.0787,506,26362,0.048094,0,1,853705,853199,506
73736021,51.635,69.6315,462,26442,0.0252376,0.03,1,853745,853283,462
73738941,44.054,51.8526,461,26522,0.028095,0.03,1,853784,853323,461
73741861,48.2216,44.141,473,26602,0.077238,0.03,1,853835,853362,473
73744781,49.8886,48.8564,472,26682,0.0488952,0.03,1,853886,853414,472
73747701,64.9555,49.5426,497,26761,0.0615581,0.07,1,853961,853464,497
73750621,51.7822,63.617,467,26840,0.0906232,0.09,1,854004,853537,467
73753541,21.9129,50.0468,428,26919,0.0782493,0.15,1,854006,853578,428
73759381,62.6661,69.0875,423,27076,0.0737199,0.01,1,854128,853705,423
73762301,49.6664,51.635,424,27154,0.047488,0.03,1,854169,853745,424
73765221,42.6666,44.054,423,27232,0.0489952,0.11,1,854207,853784,423
73768141,48.8666,48.2216,425,27310,0.0375981,0.03,1,854260,853835,425
73771061,48.9467,49.8886,423,27388,0.0450392,0.07,1,854309,853886,423
73788581,48.8084,49.6664,423,27848,0.0950997,0.05,1,854592,854169,423
73791501,41.7233,42.6666,422,27924,0.0680399,0.03,1,854629,854207,422
73794421,49.0893,48.8666,423,28000,0.0692159,0.05,1,854683,854260,423
73803181,54.8617,52.9515,430,28226,0.25907,0.17,1,854861,854431,430
73806101,23.1447,22.3806,430,28301,0.265628,0.19,1,854863,854433,430
73809021,33.2579,33.5522,429,28376,0.292251,0.19,1,854903,854474,429
73829461,56.9661,69.5718,479,28894,0.285794,0.31,1,855295,854816,479
73832381,23.9865,54.8287,436,28967,0.276318,0.27,1,855297,854861,436
73835301,33.5946,23.1315,474,29040,0.284527,0.31,1,855337,854863,474
73846981,49.148,40.8642,493,29331,0.411876,0.35,1,855546,855053,493
73849901,50.8592,49.3457,490,29403,0.42275,0.33,1,855598,855108,490
73890781,36.0968,33.6156,450,30395,0.772634,0.63,2,856222,855772,450
73893701,65.4387,63.2462,452,30465,0.783054,0.65,2,856307,855855,452
73896621,49.5755,47.4985,454,30534,0.799221,0.65,2,856346,855892,454
73914141,59.0538,57.6052,457,30948,0.933911,0.71,2,856633,856176,457
73917061,24.8215,24.2421,457,31016,0.931564,0.81,2,856635,856178,457
74071821,49.569,69.1637,515,34444,0.441816,1,1,859070,858555,515
74074741,42.6276,48.0655,519,34505,0.266726,1,1,859108,858589,519
74080581,41.9804,52.5705,522,34627,0.0558762,1,1,859205,858683,522
74083501,37.1922,45.0282,516,34688,0.0283505,1,1,859239,858723,516
74086421,33.4769,35.4113,518,34749,0.0413402,1,1,859270,858752,518
74089341,33.7907,34.5645,518,34810,0.0585361,0.97,1,859304,858786,518
74092261,33.9163,36.0258,515,34871,0.0534144,1,1,859338,858823,515
74095181,27.3665,35.4103,503,34932,0.0633658,1,1,859361,858858,503
74098101,33.1466,32.7641,509,34993,0.0553463,0.75,1,859398,858889,509
74101021,61.8586,44.3057,538,35053,0.0881385,0.45,1,859479,858941,538
74103941,41.5435,75.9223,469,35113,0.0892554,0.33,1,859507,859038,469
74106861,35.2174,49.5689,468,35173,0.0897022,0.15,1,859538,859070,468
74109781,48.287,42.6276,487,35233,0.0658809,0.03,1,859595,859108,487
74112701,39.7148,55.451,457,35293,0.0323523,0.01,1,859629,859172,457
74115621,34.4859,41.9804,455,35353,0.0189409,0.01,1,859660,859205,455
74118541,33.5944,37.1922,454,35413,0.0255764,0.05,1,859693,859239,454
74121461,33.2377,33.4769,456,35473,0.0522306,0.07,1,859726,859270,456
74124381,33.6951,33.7907,456,35533,0.0388922,0.05,1,859760,859304,456
74127301,26.678,33.9163,444,35592,0.0575569,0.07,1,859782,859338,444
74130221,34.0712,27.3665,460,35651,0.0770228,0.05,1,859821,859361,460
74133141,14.8285,33.1466,425,35710,0.0848091,0.11,1,859823,859398,425
74150661,34.4172,34.4859,425,36064,0.0827058,0.03,1,860085,859660,425
74153581,32.9669,33.5944,424,36123,0.0510823,0.07,1,860117,859693,424
74156501,32.3868,33.2377,423,36182,0.0744329,0.03,1,860149,859726,423
74174021,39.8367,40.1726,426,36530,0.225626,0.15,1,860360,859934,426
74176941,35.7347,35.269,427,36588,0.240251,0.13,1,860393,859966,427
74179861,46.6939,47.1076,426,36646,0.2581,0.13,1,860447,860021,426
74182781,37.8776,38.043,426,36704,0.27724,0.05,1,860479,860053,426
74188621,31.9804,32.9669,422,36819,0.266358,0.09,1,860539,860117,422
74191541,33.1922,32.3868,424,36876,0.232543,0.15,1,860573,860149,424
74194461,36.6769,34.5547,427,36933,0.267017,0.15,1,860612,860185,427
74197381,28.4707,27.6219,427,36990,0.268807,0.19,1,860635,860208,427
74200301,35.9883,34.4488,429,37047,0.281523,0.15,1,860676,860247,429
74203221,15.5953,14.9795,429,37104,0.262609,0.21,1,860678,860249,429
74206141,56.6381,54.5918,432,37161,0.267044,0.21,1,860762,860330,432
74209061,41.8553,21.8367,464,37218,0.268817,0.25,1,860794,860330,464
74211981,36.5421,26.7347,467,37275,0.257527,0.25,1,860827,860360,467
74226581,32.4948,31.8462,465,37558,0.29777,0.21,1,861004,860539,465
74229501,37.5979,33.1385,472,37614,0.257108,0.29,1,861045,860573,472
74232421,28.2392,36.6554,455,37670,0.240843,0.27,1,861067,860612,455
74235341,36.4957,28.4622,474,37726,0.246337,0.29,1,861109,860635,474
74238261,15.7983,35.9849,435,37782,0.248535,0.25,1,861111,860676,435
74241181,57.3193,15.5939,518,37838,0.297414,0.27,1,861196,860678,518
74252861,38.4562,47.0168,469,38062,0.427086,0.31,1,861350,860881,469
74308341,37.7368,36.7687,449,39102,0.758271,0.55,2,861991,861542,449
74311261,16.2947,15.9075,449,39156,0.777308,0.61,2,861993,861544,449
74328781,36.0147,35.4331,452,39480,0.931302,0.65,2,862246,861794,452
74486461,30.1975,26.3872,499,42268,0.919599,0.95,2,864171,863672,499
74492301,32.7916,27.862,505,42368,0.779536,1,2,864235,863730,505
74512741,40.4379,42.5403,479,42717,0.294259,1,1,864491,864012,479
74515661,35.9752,39.2161,475,42766,0.291704,0.95,1,864524,864049,475
74518581,31.1901,27.0864,484,42815,0.218681,0.97,1,864552,864068,484
74521501,34.676,37.2346,477,42864,0.213473,0.81,1,864589,864112,477
74568221,25.5961,27.0701,453,43646,0.225604,0.17,1,865064,864611,453
74571141,26.4384,25.828,455,43694,0.204241,0.19,1,865091,864636,455
74574061,29.1754,25.9312,460,43742,0.207697,0.13,1,865122,864662,460
74576981,23.6701,30.1725,447,43790,0.221079,0.11,1,865142,864695,447
74579901,31.0681,24.669,462,43838,0.262431,0.15,1,865178,864716,462
74582821,27.4272,30.2676,453,43886,0.266973,0.13,1,865203,864750,453
74585741,28.3709,27.107,457,43934,0.292789,0.17,1,865232,864775,457
74597421,33.0495,37.6491,459,44126,0.414007,0.19,1,865383,864924,459
74600341,28.8198,33.6597,454,44174,0.435603,0.11,1,865409,864955,454
74670421,27.1019,26.8562,448,45307,0.77261,0.55,2,866089,865641,448
74673341,28.8408,28.1425,449,45354,0.795044,0.59,2,866119,865670,449
74699621,30.1785,27.7646,456,45768,0.914161,0.69,2,866426,865970,456
74702541,30.0714,29.1059,456,45814,0.911664,0.69,2,866456,866000,456
74705461,25.2286,24.8423,456,45860,0.910666,0.73,2,866478,866022,456
74708381,11.2914,11.1369,456,45906,0.934266,0.73,2,866480,866024,456
74711301,28.5166,4.45477,496,45952,0.931707,0.77,2,866520,866024,496
74714221,27.6066,24.5819,485,45998,0.918683,0.79,2,866547,866062,485
74717141,29.6427,26.0328,489,46044,0.925473,0.81,2,866578,866089,489
74720061,28.6571,28.4131,487,46090,0.928189,0.81,2,866606,866119,487
74722981,52.8628,28.1652,528,46136,0.917276,0.83,2,866675,866147,528
74725901,40.9451,52.0661,493,46182,0.93691,0.79,2,866708,866215,493
74728821,35.5781,40.0264,493,46228,0.932764,0.85,2,866740,866247,493
74731741,31.0312,34.0106,491,46274,0.943106,0.89,2,866768,866277,491
74734661,37.0125,30.4042,504,46320,0.935242,0.91,2,866809,866305,504
74737581,29.805,36.1617,489,46366,0.920097,0.89,2,866834,866345,489
74740501,26.322,28.8647,489,46411,0.914039,0.89,2,866858,866369,489
74743421,30.9288,25.9459,499,46456,0.911616,0.93,2,866892,866393,499
74746341,30.3715,30.1783,496,46501,0.922646,0.91,2,866922,866426,496
74749261,25.3486,30.0713,488,46546,0.927058,0.91,2,866944,866456,488
74752181,11.3394,25.2285,468,46591,0.928823,0.95,2,866946,866478,468
74755101,27.9358,11.2914,505,46636,0.941529,0.93,2,866985,866480,505
74895261,29.3834,28.5098,504,48758,0.944002,1,2,868481,867977,504
74898181,29.7534,28.8039,505,48801,0.911601,1,2,868511,868006,505
74901101,31.1013,28.9216,508,48844,0.91064,1,2,868543,868035,508
74906941,26.8162,18.4275,543,48930,0.792502,1,2,868601,868058,543
74909861,26.9265,36.771,521,48973,0.755001,0.97,2,868628,868107,521
74959501,25.6259,26.9265,482,49701,0.760076,0.67,2,869110,868628,482
74962421,27.0504,29.3706,479,49743,0.75403,0.61,2,869138,868659,479
74965341,30.0202,30.3482,480,49785,0.751612,0.63,2,869170,868690,480
74968261,36.6081,29.5393,492,49827,0.786645,0.53,2,869211,868719,492
74985781,28.0545,23.4148,481,50079,0.90481,0.63,2,869372,868891,481
74994541,30.3075,26.3145,485,50205,0.902948,0.63,2,869459,868974,485
74997461,34.323,30.3258,489,50247,0.943179,0.67,2,869496,869007,489
75000381,25.7292,32.5303,475,50289,0.935272,0.67,2,869516,869041,475
75003301,11.4917,24.4121,458,50331,0.932109,0.75,2,869518,869060,458
75017901,38.2911,36.6081,462,50541,0.942924,0.81,2,869673,869211,462
75342021,321.179,364.692,469,24820,0.40792,0.81,1,873207,872738,469
75347861,199.872,222.077,461,24820,0.205168,0.65,1,873326,872865,461
75393121,67.6195,62.4123,469,25633,0.0844269,0.13,1,873407,872938,469
75396041,54.6478,66.3649,446,25716,0.0637707,0,1,873453,873007,446
75398961,55.4591,56.546,452,25798,0.0675083,0.03,1,873509,873057,452
75401881,57.5836,62.8184,444,25880,0.0690033,0.01,1,873568,873124,444
75404801,35.6335,50.9274,422,25962,0.0276013,0.05,1,873589,873167,422
75407721,29.2534,29.3709,432,26044,0.0170405,0.03,1,873614,873182,432
75410641,53.1014,26.7484,476,26125,0.0248162,0.03,1,873683,873207,476
75413561,61.4405,59.2994,462,26206,0.0159265,0.09,1,873750,873288,462
75416481,73.1762,68.1197,469,26287,0.0843706,0.05,1,873831,873362,469
75419401,55.0705,54.2479,467,26368,0.0997482,0.05,1,873874,873407,467
75422321,55.6282,49.2992,477,26448,0.0578993,0.07,1,873930,873453,477
75425241,58.2513,53.3197,481,26528,0.0531597,0.07,1,873990,873509,481
75428161,35.9005,56.7279,443,26608,0.0272639,0,1,874011,873568,443
75431081,28.7602,35.2911,446,26688,0.0289056,0.01,1,874035,873589,446
75434001,53.5041,29.1165,491,26767,0.0175622,0.03,1,874105,873614,491
75436921,62.2016,53.0466,490,26846,0.0250249,0.01,1,874173,873683,490
75439841,26.0807,61.4186,425,26925,0.01001,0.13,1,874175,873750,425
75442761,60.8323,73.1675,428,27004,0.082004,0.11,1,874259,873831,428
75448601,51.1332,55.6268,422,27160,0.0983206,0.05,1,874352,873930,422
75451521,57.6533,58.2507,424,27238,0.0693282,0.01,1,874414,873990,424
75454441,34.4613,35.9003,422,27316,0.0337313,0.03,1,874433,874011,422
75457361,28.1845,28.7601,422,27394,0.0314925,0.01,1,874457,874035,422
75460281,53.8738,53.504,423,27471,0.030597,0.03,1,874528,874105,423
75463201,62.3495,62.2016,423,27548,0.0302388,0,1,874596,874173,423
75466121,26.1398,26.0806,423,27625,0.0300955,0.13,1,874598,874175,423
75469041,64.4559,60.8323,429,27702,0.0420382,0.23,1,874688,874259,429
75471961,50.9824,48.3329,431,27778,0.0828153,0.05,1,874730,874299,431
75477801,55.9172,57.6533,422,27930,0.0720504,0.01,1,874836,874414,422
75480721,33.7669,34.4613,422,28006,0.0348202,0.03,1,874855,874433,422
75483641,27.9067,28.1845,422,28082,0.0319281,0.03,1,874879,874457,422
75486561,53.7627,53.8738,422,28157,0.0427712,0.03,1,874950,874528,422
75489481,62.9051,62.3495,423,28232,0.0591085,0.03,1,875019,874596,423
75492401,26.362,26.1398,423,28307,0.0416434,0.05,1,875021,874598,423
75495321,64.5448,64.4559,423,28382,0.0706574,0.05,1,875111,874688,423
75498241,52.8179,25.7824,468,28457,0.0822629,0.11,1,875156,874688,468
75501161,48.1272,35.5129,471,28531,0.0869052,0.17,1,875201,874730,471
75512841,53.5089,27.5107,492,28827,0.0712968,0.05,1,875371,874879,492
75515761,64.0035,53.6043,492,28900,0.0345187,0.07,1,875442,874950,492
75518681,26.8014,62.8417,425,28973,0.0198075,0.03,1,875444,875019,425
75521601,66.5206,26.3367,516,29046,0.049923,0.09,1,875537,875021,516
75524521,53.6082,64.5347,471,29119,0.0739692,0.09,1,875582,875111,471
75527441,48.4433,52.8139,471,29192,0.0715877,0.09,1,875627,875156,471
75550801,54.4322,66.5206,470,29767,0.215774,0.09,1,876007,875537,470
75553721,49.3729,53.6082,471,29838,0.23631,0.07,1,876053,875582,471
75556641,20.9492,48.4433,428,29909,0.244524,0.15,1,876055,875627,428
75571241,63.1656,63.7533,430,30261,0.406827,0.17,1,876295,875865,430
75574161,26.4662,26.7013,430,30331,0.420731,0.21,1,876297,875867,430
75577081,68.1865,67.0805,432,30401,0.414292,0.23,1,876393,875961,432
75580001,55.4746,54.4322,433,30471,0.435717,0.25,1,876440,876007,433
75632561,28.0943,63.9496,454,31697,0.761501,0.63,2,877190,876736,454
75635481,68.8377,26.7798,548,31764,0.7666,0.65,2,877286,876738,548
75638401,56.9351,67.7119,502,31831,0.79264,0.65,2,877335,876833,502
75658841,68.4722,55.5896,534,32293,0.904589,0.77,2,877647,877113,534
75661761,28.5889,67.2358,461,32359,0.919836,0.77,2,877649,877188,461
75664681,69.0356,28.0943,555,32424,0.937934,0.77,2,877745,877190,555
75778561,33.9283,34.437,503,34877,0.909615,1,2,879399,878896,503
75796081,48.1413,64.6945,517,35239,0.2465,1,1,879692,879175,517
75801921,36.0226,55.9511,508,35359,0.06464,0.99,1,879780,879272,508
75810681,32.5454,33.8209,511,35539,0.067737,0.85,1,879876,879365,511
75813601,26.2182,33.9283,499,35598,0.0330948,0.8,1,879898,879399,499
75816521,27.8873,32.1713,497,35657,0.0552379,0.87,1,879927,879430,497
75819441,12.3549,33.2685,465,35716,0.0400952,0.59,1,879929,879464,465
75822361,42.142,60.7074,448,35775,0.0820381,0.49,1,879991,879543,448
75825281,36.0568,45.883,444,35834,0.0628152,0.17,1,880023,879579,444
75834041,54.5076,60.0565,422,36011,0.21354,0.03,1,880182,879760,422
75839881,36.3212,35.409,425,36129,0.0593664,0.13,1,880240,879815,425
75842801,29.5285,30.3636,423,36187,0.0417466,0.03,1,880265,879842,423
75845721,32.2114,32.5454,423,36245,0.0466986,0.01,1,880299,879876,423
75848641,26.6846,26.2182,424,36303,0.0726794,0.07,1,880322,879898,424
75851561,27.4738,27.8873,423,36361,0.0950718,0.03,1,880350,879927,423
75854481,12.1895,12.3549,423,36419,0.0800287,0.11,1,880352,879929,423
75874921,34.8311,36.3212,422,36824,0.225887,0.03,1,880662,880240,422
75877841,28.9325,29.5285,422,36881,0.228355,0.05,1,880687,880265,422
75880761,33.173,32.2114,424,36938,0.217342,0.09,1,880723,880299,424
75883681,27.0692,26.6846,424,36995,0.224937,0.11,1,880746,880322,424
75886601,28.2277,27.4738,425,37052,0.239975,0.07,1,880775,880350,425
75889521,12.4911,12.1895,425,37109,0.26999,0.13,1,880777,880352,425
75892441,43.9964,43.2758,426,37166,0.293996,0.13,1,880842,880416,426
75895361,36.7986,17.3103,458,37223,0.291598,0.15,1,880874,880416,458
75898281,53.1194,26.1241,490,37280,0.290639,0.17,1,880938,880448,490
75901201,45.8478,48.2497,468,37337,0.290256,0.21,1,880979,880511,468
75915801,33.6596,28.8899,467,37619,0.297798,0.21,1,881154,880687,467
75918721,27.8638,33.156,455,37675,0.293119,0.23,1,881178,880723,455
75930401,37.6973,43.996,467,37899,0.408256,0.29,1,881309,880842,467
75933321,54.0789,36.7984,500,37955,0.409302,0.29,1,881374,880874,500
75936241,45.6316,53.1194,476,38011,0.445721,0.29,1,881414,880938,476
75991721,28.4917,27.6291,449,39052,0.759444,0.51,2,882062,881613,449
75994641,29.3967,30.2516,447,39106,0.765778,0.51,2,882092,881645,447
76000481,48.3835,47.9203,448,39214,0.783724,0.55,2,882166,881718,448
76003401,39.7534,38.9681,449,39268,0.78749,0.61,2,882200,881751,449
76020921,38.0527,36.0582,458,39590,0.904372,0.73,2,882434,881976,458
76023841,29.6211,28.8233,458,39643,0.919749,0.75,2,882458,882000,458
76026761,34.6484,33.7293,459,39696,0.949899,0.77,2,882496,882037,459
76029681,28.2594,28.4917,458,39749,0.93796,0.77,2,882520,882062,458
76032601,29.3037,29.3967,458,39802,0.945184,0.73,2,882550,882092,458
76196121,32.0766,40.5468,501,42672,0.945639,1,2,884544,884043,501
76204881,35.5329,37.659,489,42819,0.928121,1,2,884661,884172,489
76339201,34.4776,40.652,485,45028,0.939232,1,2,886207,885722,485
76350881,30.1578,24.8871,506,45216,0.930044,1,2,886345,885839,506
76412201,304.213,354.449,441,20440,0.234476,0.29,1,886989,886548,441
76418041,111.914,119.952,465,21370,0.0447162,0.11,1,887149,886684,465
76420961,82.5656,93.5807,452,21469,0.0238865,0.03,1,887212,886760,452
76423881,60.0263,71.6323,440,21568,0.0515546,0.09,1,887257,886817,440
76426801,73.8105,61.6529,468,21666,0.0386218,0.03,1,887340,886872,468
76429721,44.5242,66.6612,423,21764,0.0694487,0.05,1,887365,886942,423
76432641,46.0097,39.8645,448,21861,0.0457795,0.03,1,887412,886964,448
76435561,73.0039,85.5458,423,21958,0.0603118,0,1,887503,887080,423
76438481,70.6015,75.6183,423,22055,0.0781247,0.01,1,887572,887149,423
76441401,66.0406,68.0473,423,22151,0.0852499,0.07,1,887635,887212,423
76444321,53.4162,54.2189,423,22247,0.0761,0.03,1,887680,887257,423
76447241,71.1665,71.4876,423,22342,0.08444,0.09,1,887763,887340,423
76456001,72.8587,18.2552,515,22626,0.213004,0.07,1,887927,887412,515
76476441,74.8547,44.1012,524,23274,0.239412,0.23,1,888359,887835,524
76479361,69.5419,72.8405,498,23365,0.269765,0.19,1,888425,887927,498
76482281,65.0167,69.9362,492,23456,0.293906,0.17,1,888487,887995,492
76493961,47.3172,47.8416,476,23815,0.416724,0.21,1,888696,888220,476
76529001,58.9569,59.0081,447,24862,0.760682,0.59,2,889372,888925,447
76540681,48.5493,48.6898,452,25201,0.916546,0.67,2,889592,889140,452
76648721,39.1402,44.0249,484,28143,0.948093,1,2,891675,891191,484
76677921,43.5058,39.0378,512,28886,0.0521026,0.77,1,892187,891675,512
76680841,52.2023,51.0151,511,28959,0.074841,0.59,1,892245,891734,511
76683761,44.2809,58.206,487,29032,0.0959364,0.49,1,892284,891797,487
76701281,33.4659,56.6613,444,29467,0.205078,0.11,1,892561,892117,444
76704201,42.7864,35.2645,472,29539,0.220031,0.01,1,892610,892138,472
76707121,53.1145,43.5058,483,29611,0.262013,0.09,1,892670,892187,483
76710041,45.2458,52.2023,465,29682,0.278805,0.11,1,892710,892245,465
76712961,36.6983,44.2809,457,29753,0.297522,0.11,1,892741,892284,457
76727561,54.9979,55.1648,433,30107,0.409943,0.21,1,892975,892542,433
76730481,33.3991,33.4659,433,30177,0.433977,0.23,1,892994,892561,433
76733401,43.3597,42.7864,434,30247,0.443591,0.29,1,893044,892610,434
76785961,58.5583,76.7091,493,31482,0.757454,0.59,2,893868,893375,493
76788881,34.2233,56.4836,468,31549,0.776982,0.63,2,893886,893418,468
76791801,46.0893,33.3935,504,31616,0.760793,0.61,2,893940,893436,504
76794721,58.6357,44.5574,519,31683,0.754317,0.71,2,894007,893488,519
76797641,47.4543,55.623,496,31750,0.763727,0.71,2,894047,893551,496
76800561,38.1817,46.2492,488,31817,0.791491,0.71,2,894079,893591,488
76815161,60.0185,80.3955,504,32147,0.942386,0.77,2,894328,893824,504
76931961,38.9439,45.5308,510,34681,0.915996,1,2,896057,895547,510
76937801,69.591,26.7249,588,34803,0.757359,1,2,896183,895595,588
76946561,31.8858,38.3104,509,34986,0.446631,1,1,896282,895773,509
76955321,38.0887,50.3079,506,35166,0.280824,1,1,896395,895889,506
76958241,41.6355,44.1231,510,35226,0.27433,1,1,896439,895929,510
76961161,51.4542,38.6493,533,35286,0.223732,1,1,896497,895964,533
76964081,34.3817,53.8597,492,35346,0.203493,0.86,1,896520,896028,492
76978681,29.249,39.2146,471,35645,0.201831,0.41,1,896726,896255,471
76981601,12.8996,31.8858,446,35704,0.206732,0.49,1,896728,896282,446
76987441,36.6239,44.2217,436,35822,0.216677,0.21,1,896797,896361,436
76990361,35.0496,38.0887,436,35881,0.224671,0.27,1,896831,896395,436
76993281,38.0198,41.6355,432,35940,0.215868,0.19,1,896871,896439,432
76996201,49.4079,51.4542,431,35999,0.260347,0.19,1,896928,896497,431
76999121,32.3632,34.3817,429,36058,0.290139,0.17,1,896949,896520,429
77010801,35.8493,35.6226,431,36292,0.411828,0.21,1,897132,896701,431
77016641,13.1759,12.8996,432,36408,0.417492,0.19,1,897160,896728,432
77019561,14.8704,16.5598,429,36466,0.400997,0.23,1,897176,896747,429
77022481,35.9481,36.6239,429,36524,0.442399,0.23,1,897226,896797,429
77101321,53.0706,38.562,514,38056,0.79695,0.63,2,898261,897747,514
77118841,32.175,37.4995,481,38387,0.90918,0.67,2,898504,898023,481
77121761,14.07,31.1998,456,38442,0.921672,0.67,2,898506,898050,456
77124681,15.228,13.6799,470,38497,0.926669,0.67,2,898522,898052,470
77276521,33.7789,34.8959,512,41253,0.911248,1,2,900474,899962,512
77279441,33.3116,30.7583,517,41304,0.910499,1,2,900507,899990,517
77288201,34.4359,29.0885,529,41457,0.760752,1,2,900611,900082,529
77291121,28.1744,30.8354,521,41508,0.766301,1,2,900635,900114,521
77294041,13.6697,33.9342,489,41559,0.75652,1,2,900639,900150,489
77296961,28.8679,30.3737,500,41610,0.788608,1,2,900678,900178,500
77302801,64.4989,74.9398,483,41712,0.751377,1,2,900797,900314,483
77305721,45.5995,49.1759,484,41763,0.762551,0.92,2,900830,900346,484
77317401,31.5609,33.7789,465,41964,0.767985,0.91,2,900939,900474,465
77320321,32.4244,33.3116,465,42014,0.781194,0.83,2,900972,900507,465
77343681,62.1338,64.4989,455,42414,0.905267,0.77,2,901252,900797,455
77346601,44.0535,45.5995,454,42464,0.920107,0.71,2,901284,900830,454
77548081,31.8665,32.9921,501,45765,0.946,1,2,903571,903070,501
77551001,33.7466,27.5968,512,45811,0.9004,1,2,903606,903094,512
77583121,25.1607,23.5634,508,46317,0.286474,1,1,903935,903427,508
77586041,35.2643,34.0254,509,46363,0.28859,1,1,903977,903468,509
77588961,35.7057,36.4101,507,46408,0.229436,1,1,904013,903506,507
77591881,29.2823,36.1641,496,46453,0.217774,0.91,1,904038,903542,496
77594801,30.3129,31.8656,498,46498,0.22511,0.87,1,904069,903571,498
77597721,33.1252,33.7462,498,46543,0.252044,0.77,1,904104,903606,498
77600641,31.2501,35.0985,492,46588,0.238818,0.67,1,904134,903642,492
77603561,31.7,35.6394,488,46633,0.233527,0.63,1,904166,903678,488
77606481,30.08,35.8558,481,46678,0.243411,0.61,1,904195,903714,481
77609401,21.632,33.5423,465,46723,0.259364,0.59,1,904211,903746,465
77612321,24.2528,24.8169,472,46768,0.241746,0.47,1,904237,903765,472
77615241,27.7011,26.7268,474,46813,0.258698,0.41,1,904267,903793,474
77618161,29.0804,31.0907,470,46858,0.241479,0.35,1,904297,903827,470
77626921,24.4691,20.9018,462,46993,0.296975,0.27,1,904369,903907,462
77644441,31.1318,33.1252,462,47263,0.439785,0.23,1,904566,904104,462
77743721,30.468,29.8737,451,48755,0.772503,0.61,2,905523,905072,451
77746641,13.3872,13.1495,451,48798,0.783001,0.61,2,905525,905074,451
77749561,13.7549,14.2598,450,48841,0.7872,0.61,2,905539,905089,450
77752481,21.702,5.70391,477,48884,0.78888,0.59,2,905566,905089,477
77775841,30.8659,36.5849,481,49228,0.900406,0.73,2,905814,905333,481
77778761,30.9464,30.2339,486,49271,0.918163,0.73,2,905845,905359,486
77781681,38.1786,30.0936,499,49314,0.913265,0.73,2,905888,905389,499
77784601,32.6714,38.4374,484,49357,0.923306,0.75,2,905917,905433,484
77787521,34.0686,32.175,491,49400,0.939322,0.75,2,905952,905461,491
77968561,171.564,202.541,460,23360,0.4348,0.89,1,908175,907715,460
78009441,79.4103,65.6465,502,24178,0.089968,0.78,1,908300,907798,502
78012361,79.1641,65.2586,516,24266,0.0359872,0.77,1,908379,907863,516
78015281,67.6656,81.9034,483,24353,0.0323949,0.49,1,908439,907956,483
78018201,64.8663,80.7614,466,24440,0.018958,0.51,1,908502,908036,466
78021121,48.1465,55.7045,464,24527,0.00758318,0.53,1,908539,908075,464
78024041,28.8586,39.0818,452,24613,0.0330333,0.37,1,908555,908103,452
78026961,30.7434,36.0327,450,24699,0.0432133,0.27,1,908587,908137,450
78029881,56.6974,37.2131,486,24785,0.0472853,0.03,1,908661,908175,486
78032801,61.6789,89.8852,426,24871,0.0189141,0,1,908726,908300,426
78035721,70.2716,83.3541,423,24956,0.0255657,0.03,1,908802,908379,423
78038641,64.1086,69.3416,423,25041,0.0522263,0.01,1,908862,908439,423
78041561,63.4435,65.5367,423,25126,0.0388905,0,1,908925,908502,423
78044481,47.5774,48.4147,423,25210,0.0695562,0.05,1,908962,908539,423
78047401,29.231,28.9659,424,25294,0.0578225,0.05,1,908979,908555,424
78050321,32.0924,30.7863,426,25378,0.077129,0.05,1,909013,908587,426
78053241,56.037,56.7145,424,25461,0.0728516,0.05,1,909085,908661,424
78056161,59.6148,22.6858,486,25544,0.0591406,0,1,909147,908661,486
78059081,70.0459,48.0743,498,25627,0.0536563,0.03,1,909224,908726,498
78062001,63.4184,64.8297,481,25710,0.0274625,0.07,1,909283,908802,481
78064921,63.1673,61.9319,484,25792,0.040985,0.03,1,909346,908862,484
78067841,49.2669,62.5728,461,25874,0.034394,0.09,1,909386,908925,461
78070761,28.7068,47.2291,439,25956,0.0137576,0.05,1,909401,908962,439
78073681,32.4827,29.0916,457,26038,0.047503,0.09,1,909436,908979,457
78076601,55.5931,32.0367,494,26119,0.0970012,0.07,1,909507,909013,494
78085361,62.286,70.0423,480,26362,0.0702881,0.01,1,909704,909224,480
78088281,63.3144,63.4169,485,26442,0.0461152,0.05,1,909768,909283,485
78091201,48.7258,63.1668,461,26522,0.0364461,0.03,1,909807,909346,461
78094121,29.6903,49.2667,438,26602,0.0325784,0,1,909824,909386,438
78097041,33.4761,28.7067,459,26682,0.0670314,0.07,1,909860,909401,459
78108721,55.169,70.2149,427,26998,0.214596,0.05,1,910074,909647,427
78111641,54.4676,62.286,424,27076,0.247838,0.03,1,910128,909704,424
78114561,59.587,63.3144,423,27154,0.237135,0.03,1,910191,909768,423
78117481,47.2348,48.7258,423,27232,0.220854,0.03,1,910230,909807,423
78120401,29.0939,29.6903,423,27310,0.202342,0.09,1,910247,909824,423
78123321,35.0376,33.4761,426,27388,0.230937,0.15,1,910286,909860,426
78126241,62.015,58.3904,431,27465,0.230375,0.17,1,910366,909935,431
78129161,61.406,60.5562,430,27542,0.24215,0.17,1,910427,909997,430
78132081,25.7624,25.4225,430,27619,0.24686,0.25,1,910429,909999,430
78135001,56.505,55.169,432,27696,0.272744,0.27,1,910506,910074,432
78158361,26.1157,25.7624,434,28301,0.405483,0.29,1,910863,910429,434
78161281,57.8463,56.505,436,28376,0.444193,0.29,1,910942,910506,436
78164201,56.7385,22.602,492,28451,0.423677,0.35,1,910998,910506,492
78167121,60.4954,42.6408,499,28525,0.415471,0.37,1,911061,910562,499
78170041,47.5982,54.2563,476,28599,0.424188,0.39,1,911100,910624,476
78172961,28.6393,44.5025,454,28673,0.439675,0.39,1,911116,910662,454
78175881,36.6557,27.401,480,28747,0.42187,0.41,1,911158,910678,480
78178801,62.6623,34.9604,520,28821,0.414748,0.37,1,911238,910718,520
78181721,62.2649,62.5842,501,28894,0.423899,0.41,1,911300,910799,501
78184641,26.106,62.2337,441,28967,0.42756,0.41,1,911302,910861,441
78208001,62.3441,62.6622,504,29547,0.770073,0.43,2,911742,911238,504
78210921,26.1376,62.2649,444,29619,0.782029,0.43,2,911744,911300,444
78222601,26.0803,60.5428,453,29903,0.903268,0.69,2,911955,911502,453
78225521,36.8321,48.8171,456,29974,0.919307,0.69,2,911999,911543,456
78228441,24.3329,29.1268,456,30045,0.925723,0.71,2,912015,911559,456
78362761,48.991,52.2889,486,33128,0.91216,1,2,914193,913707,486
78377361,35.2527,30.6766,494,33446,0.0753597,1,1,914428,913934,494
78380281,31.5011,27.8706,497,33509,0.0301439,1,1,914457,913960,497
78383201,34.2004,29.1482,503,33572,0.0300576,1,1,914493,913990,503
78386121,35.2802,36.8593,497,33635,0.030023,0.96,1,914529,914032,497
78389041,56.7121,60.9437,491,33698,0.0120092,1,1,914600,914109,491
78391961,38.2848,42.9775,486,33761,0.0348037,0.86,1,914626,914140,486
78394881,36.3139,48.991,468,33824,0.0319215,0.77,1,914661,914193,468
78397801,43.3256,54.9964,457,33887,0.0307686,0.33,1,914709,914252,457
78400721,46.1302,65.1986,433,33949,0.0303074,0.17,1,914757,914324,433
78403641,34.6521,47.0794,425,34011,0.030123,0.03,1,914784,914359,425
78406561,35.4608,41.6318,423,34073,0.0780492,0.03,1,914820,914397,423
78409481,32.7843,35.2527,423,34135,0.0612197,0,1,914851,914428,423
78412401,29.9137,31.5011,422,34197,0.0424879,0.03,1,914879,914457,422
78415321,33.5655,34.2004,422,34259,0.0589952,0.03,1,914915,914493,422
78418241,34.4262,13.6802,457,34321,0.0535981,0.03,1,914950,914493,457
78421161,57.5705,27.0721,494,34383,0.0214392,0,1,915023,914529,494
78424081,38.0282,53.4288,448,34444,0.0385757,0.05,1,915048,914600,448
78427001,36.2113,36.9715,457,34505,0.0334303,0.03,1,915083,914626,457
78429921,42.6845,35.7886,469,34566,0.0793721,0.03,1,915130,914661,469
78432841,45.8738,43.1154,469,34627,0.0737488,0.03,1,915178,914709,469
78435761,35.1495,46.0462,449,34688,0.0474995,0.03,1,915206,914757,449
78438681,35.0598,34.6185,457,34749,0.0369998,0.11,1,915241,914784,457
78441601,32.6239,35.4474,452,34810,0.0327999,0.05,1,915272,914820,452
78444521,29.8496,32.779,449,34871,0.01312,0.03,1,915300,914851,449
78447441,33.5398,29.9116,457,34932,0.00524799,0.07,1,915336,914879,457
78450361,34.4159,33.5646,456,34993,0.0200992,0.05,1,915371,914915,456
78453281,58.1664,34.4259,495,35053,0.00803968,0,1,915445,914950,495
78456201,39.4665,57.5703,449,35113,0.0332159,0.05,1,915472,915023,449
78459121,34.9866,38.0281,456,35173,0.0792864,0.03,1,915504,915048,456
78462041,47.5946,36.2113,477,35233,0.0497145,0.11,1,915560,915083,477
78464961,43.0379,42.6845,470,35293,0.0738858,0.07,1,915600,915130,470
78467881,34.0151,45.8738,450,35353,0.0835543,0.03,1,915628,915178,450
78470801,35.2061,35.1495,458,35413,0.0394217,0.03,1,915664,915206,458
78473721,31.4824,35.0598,452,35473,0.0157687,0.03,1,915693,915241,452
78476641,29.993,32.6239,450,35533,0.00630748,0,1,915722,915272,450
78479561,32.9972,29.8496,457,35592,0.00852299,0,1,915757,915300,457
78482481,35.3989,33.5398,458,35651,0.0034092,0.03,1,915794,915336,458
78485401,15.3595,34.4159,425,35710,0.00736368,0,1,915796,915371,425
78488321,49.3438,58.1664,423,35769,0.00294547,0.05,1,915868,915445,423
78491241,37.7375,39.4665,426,35828,0.00717819,0.11,1,915898,915472,426
78494161,34.895,34.9866,427,35887,0.00887128,0.03,1,915931,915504,427
78497081,45.158,47.5946,423,35946,0.00954851,0.09,1,915983,915560,423
78500001,43.8632,43.0379,426,36005,0.0458194,0.09,1,916026,915600,426
78502921,33.1453,34.0151,424,36064,0.0843278,0.01,1,916052,915628,424
78511681,29.4573,29.993,422,36240,0.063237,0.01,1,916144,915722,422
78514601,32.7829,32.9972,422,36298,0.0312948,0,1,916179,915757,422
78517521,35.9132,35.3989,423,36356,0.0305179,0.01,1,916217,915794,423
78520441,15.5653,15.3595,423,36414,0.0302072,0,1,916219,915796,423
78523361,48.8261,49.3438,422,36472,0.0120829,0.01,1,916290,915868,422
78526281,37.5304,37.7375,422,36530,0.0228331,0.01,1,916320,915898,422
78529201,34.8122,34.895,422,36588,0.0511333,0.01,1,916353,915931,422
78532121,45.1249,45.158,422,36646,0.0384533,0.07,1,916405,915983,422
78535041,46.8499,43.8632,427,36704,0.0813813,0.11,1,916453,916026,427
78537961,35.54,33.1453,429,36762,0.0985525,0.19,1,916481,916052,429
78546721,26.5626,29.4573,422,36933,0.0939074,0.01,1,916566,916144,422
78549641,31.625,32.7829,422,36990,0.0675629,0.03,1,916601,916179,422
78552561,35.45,35.9132,422,37047,0.0330252,0.03,1,916639,916217,422
78555481,15.38,15.5653,422,37104,0.0192101,0,1,916641,916219,422
78558401,48.752,48.8261,422,37161,0.025684,0,1,916712,916290,422
78561321,37.5008,19.5304,452,37218,0.0282736,0.03,1,916742,916290,452
78564241,34.8003,25.8122,455,37275,0.0293094,0.07,1,916775,916320,455
78567161,45.1201,30.1249,474,37332,0.0417238,0.03,1,916827,916353,474
78570081,49.2481,43.2499,474,37389,0.0226895,0.11,1,916879,916405,474
78573001,36.4992,46.1,454,37446,0.0270758,0.11,1,916907,916453,454
78575921,37.3997,35.24,464,37502,0.0288303,0.15,1,916945,916481,464
78578841,26.9599,36.896,446,37558,0.0415321,0.13,1,916965,916519,446
78581761,23.9839,27.3584,447,37614,0.0586129,0.07,1,916987,916540,447
78584681,30.5936,26.5434,456,37670,0.0414451,0.05,1,917022,916566,456
78587601,35.0374,31.6173,459,37726,0.0585781,0.01,1,917060,916601,459
78590521,15.215,35.4469,423,37782,0.0654312,0.01,1,917062,916639,423
78593441,48.686,15.3788,492,37838,0.0261725,0.03,1,917133,916641,492
78596361,38.0744,48.7515,452,37894,0.028469,0.03,1,917164,916712,452
78599281,35.0298,37.5006,455,37950,0.0413876,0.03,1,917197,916742,455
78602201,45.8119,34.8002,475,38006,0.034555,0.05,1,917250,916775,475
78605121,48.9248,45.1201,474,38062,0.055822,0.01,1,917301,916827,474
78608041,36.3699,49.248,450,38118,0.0403288,0.03,1,917329,916879,450
78610961,37.348,36.4992,460,38173,0.0941315,0.03,1,917367,916907,460
78622641,35.0505,30.5936,460,38393,0.0758018,0.07,1,917482,917022,460
78625561,15.2202,35.0374,424,38448,0.0483207,0.07,1,917484,917060,424
78628481,48.6881,15.215,493,38503,0.0193283,0,1,917555,917062,493
78631401,38.0752,48.686,453,38558,0.0257313,0.03,1,917586,917133,453
78634321,35.6301,38.0744,456,38613,0.0402925,0.05,1,917620,917164,456
78637241,15.452,35.0298,425,38668,0.046117,0.03,1,917622,917197,425
78640161,36.7808,45.8119,423,38723,0.0604468,0.07,1,917673,917250,423
78643081,45.3123,48.9248,423,38778,0.0541787,0.03,1,917724,917301,423
78646001,35.5249,36.3699,424,38832,0.0396715,0.13,1,917753,917329,424
78648921,39.41,37.348,428,38886,0.0458686,0.13,1,917795,917367,428
78651841,28.364,27.5392,428,38940,0.0603474,0.15,1,917816,917388,428
78654761,25.7456,24.8157,429,38994,0.078139,0.15,1,917840,917411,429
78657681,30.0982,29.1263,430,39048,0.0972556,0.03,1,917873,917443,430
78660601,31.2393,35.0505,423,39102,0.0809022,0.03,1,917905,917482,423
78666441,47.4783,48.6881,422,39210,0.0621444,0.03,1,917977,917555,422
78669361,38.1913,38.0752,423,39264,0.0248577,0.05,1,918009,917586,423
78672281,36.2765,35.6301,424,39318,0.0639431,0.05,1,918044,917620,424
78675201,15.7106,15.452,424,39372,0.0555772,0.07,1,918046,917622,424
78678121,37.4842,36.7808,425,39426,0.0762309,0.05,1,918098,917673,425
78681041,43.7937,45.3123,422,39480,0.0964924,0.03,1,918146,917724,422
78695641,29.8724,30.0982,425,39745,0.216038,0.07,1,918298,917873,425
78698561,31.749,31.2393,426,39798,0.212415,0.13,1,918331,917905,426
78701481,13.8996,13.6957,426,39851,0.222966,0.03,1,918333,917907,426
78707321,37.8639,38.1913,423,39957,0.0968746,0.09,1,918432,918009,423
78710241,36.7456,36.2765,424,40010,0.0807498,0.05,1,918468,918044,424
78713161,15.8982,15.7106,424,40063,0.0502999,0.05,1,918470,918046,424
78716081,38.1593,6.28424,477,40116,0.03812,0.09,1,918523,918046,477
78719001,44.6637,33.7137,474,40169,0.033248,0.11,1,918572,918098,474
78721921,35.8655,42.2855,456,40222,0.0312992,0.11,1,918602,918146,456
78724841,40.7462,34.9142,470,40274,0.0425197,0.15,1,918646,918176,470
78727761,31.2985,39.7657,452,40326,0.0350079,0.15,1,918671,918219,452
78730681,27.5194,29.1063,455,40378,0.0320031,0.23,1,918696,918241,455
78733601,30.2078,26.6425,462,40430,0.0428013,0.23,1,918728,918266,462
78736521,31.8831,29.857,463,40482,0.0591205,0.21,1,918761,918298,463
78739441,13.9532,31.7428,432,40534,0.0656482,0.23,1,918763,918331,432
78756961,44.6056,38.1593,471,40846,0.229308,0.03,1,918994,918523,471
78759881,35.8422,44.6637,452,40898,0.253723,0.03,1,919024,918572,452
78762801,40.1369,35.8655,465,40950,0.275489,0.05,1,919067,918602,465
78765721,31.0548,40.7462,446,41002,0.284196,0.03,1,919092,918646,446
78768641,28.6219,31.2985,448,41053,0.275678,0.03,1,919119,918671,448
78771561,30.6488,27.5194,455,41104,0.296271,0.05,1,919151,918696,455
78794921,45.7882,38.0139,482,41512,0.425847,0.25,1,919427,918945,482
78797841,19.5153,44.6056,435,41563,0.440339,0.27,1,919429,918994,435
78856241,33.7434,33.7443,448,42568,0.797447,0.57,2,920072,919624,448
78897121,34.9173,32.9504,494,43256,0.795419,0.83,2,920532,920038,494
78900041,15.1669,33.5802,462,43305,0.780168,0.83,2,920534,920072,462
78902961,45.0668,14.6321,525,43354,0.786067,0.85,2,920599,920074,525
78917561,49.2948,45.0817,515,43598,0.920443,0.89,2,920791,920276,515
78920481,20.9179,49.2327,465,43646,0.938177,0.89,2,920793,920328,465
79075241,34.9239,23.9112,536,46136,0.9268,1,2,922501,921965,536
79078161,36.1696,43.7645,516,46182,0.94672,1,2,922538,922022,516
79081081,35.4678,38.5058,516,46228,0.900688,1,2,922573,922057,516
79086921,28.4749,28.2409,513,46320,0.91571,1,2,922629,922116,513
79171601,32.5087,32.9033,449,47621,0.757091,0.53,2,923490,923041,449
79174521,27.4035,28.7613,447,47665,0.764837,0.45,2,923514,923067,447
79183281,40.3458,39.5687,447,47797,0.751429,0.55,2,923643,923196,447
79186201,37.1383,35.6275,449,47841,0.774572,0.55,2,923678,923229,449
79189121,34.6553,32.251,452,47885,0.795829,0.61,2,923711,923259,452
79232921,38.3697,37.1383,461,48543,0.906098,0.81,2,924139,923678,461
79235841,35.7479,34.6553,462,48586,0.932439,0.81,2,924173,923711,462
79406661,332.035,343.922,503,23360,0.934,1,2,925869,925366,503
79412501,129.686,128.228,523,23541,0.79144,1,2,926038,925515,523
79432941,52.839,64.1437,467,24164,0.750761,0.73,2,926405,925938,467
79438781,58.8542,63.063,457,24339,0.769322,0.69,2,926543,926086,457
79441701,62.5417,64.8252,456,24426,0.781729,0.71,2,926608,926152,456
79450461,46.8427,46.2928,458,24685,0.903711,0.73,2,926773,926315,458
79453381,33.1371,32.9171,458,24771,0.931484,0.77,2,926797,926339,458
79564341,50.0545,50.9,492,27836,0.916,1,2,928979,928487,492
79584781,52.4997,55.5906,485,28364,0.067639,1,1,929375,928890,485
79587701,40.1999,22.2362,517,28439,0.0330556,1,1,929407,928890,517
79590621,44.28,29.2945,530,28513,0.0312222,0.86,1,929454,928924,530
79593541,68.712,44.7178,560,28587,0.0304889,1,1,929539,928979,560
79596461,53.2848,71.8871,513,28661,0.0421956,0.71,1,929582,929069,513
79599381,38.7139,62.3548,486,28735,0.0708782,0.59,1,929611,929125,486
79602301,34.0856,44.7419,484,28809,0.0463513,0.49,1,929642,929158,484
79605221,37.6342,44.2968,480,28882,0.0845405,0.19,1,929682,929202,480
79608141,58.8537,48.3187,502,28955,0.0338162,0.03,1,929755,929253,502
79611061,51.7415,66.7275,470,29028,0.0315265,0.01,1,929802,929332,470
79613981,38.6966,52.491,457,29101,0.0306106,0.01,1,929832,929375,457
79616901,41.8786,40.1964,469,29174,0.0302442,0.03,1,929876,929407,469
79619821,68.3515,44.2786,508,29247,0.0300977,0.03,1,929962,929454,508
79622741,52.5406,68.7114,465,29319,0.0420391,0.05,1,930004,929539,465
79625661,40.2162,53.2846,454,29391,0.0828156,0.09,1,930036,929582,454
79628581,32.8865,38.7138,453,29463,0.0871263,0.03,1,930064,929611,453
79631501,37.7546,34.0855,463,29535,0.0888505,0.11,1,930105,929642,463
79634421,58.9018,37.6342,496,29607,0.0355402,0,1,930178,929682,496
79637341,51.1607,58.8537,469,29678,0.0322161,0.03,1,930224,929755,469
79640261,38.4643,51.7415,452,29749,0.0308864,0.03,1,930254,929802,452
79643181,42.9857,38.6966,468,29820,0.0183546,0.03,1,930300,929832,468
79646101,18.3943,41.8786,426,29891,0.0133418,0.03,1,930302,929876,426
79649021,57.1577,68.3515,423,29962,0.0593367,0.05,1,930385,929962,423
79651941,48.6631,52.5406,424,30033,0.0657347,0.11,1,930428,930004,424
79654861,39.2652,40.2162,425,30103,0.0682939,0.09,1,930461,930036,425
79657781,31.9061,32.8865,424,30173,0.0933176,0.09,1,930488,930064,424
79666541,51.074,51.1607,423,30383,0.0772523,0.03,1,930647,930224,423
79669461,38.4296,38.4643,423,30453,0.0609009,0.01,1,930677,930254,423
79672381,42.9718,42.9857,423,30522,0.0543604,0.01,1,930723,930300,423
79675301,18.3887,18.3943,423,30591,0.0277441,0.09,1,930725,930302,423
79678221,57.7555,57.1577,424,30660,0.0170977,0.07,1,930809,930385,424
79681141,48.9022,48.6631,424,30729,0.0248391,0.07,1,930852,930428,424
79684061,39.9609,39.2652,425,30798,0.0639356,0.11,1,930886,930461,425
79686981,32.7844,31.9061,426,30867,0.0795742,0.13,1,930914,930488,426
79689901,40.1137,37.9624,429,30936,0.0858297,0.17,1,930959,930530,429
79701581,42.4125,42.9718,422,31208,0.0977652,0.01,1,931145,930723,422
79707421,57.066,7.35549,505,31344,0.0648424,0.01,1,931230,930725,505
79710341,49.2264,53.3422,465,31412,0.055937,0.03,1,931274,930809,465
79713261,40.6906,47.1369,457,31479,0.0763748,0.09,1,931309,930852,457
79716181,33.0762,39.2548,451,31546,0.0965499,0.09,1,931337,930886,451
79736621,55.2396,18.1638,505,32013,0.0944121,0.03,1,931652,931147,505
79757061,34.9158,48.7969,453,32473,0.227621,0.13,1,931950,931497,453
79759981,42.1663,35.1187,474,32538,0.241048,0.13,1,931997,931523,474
79762901,18.0665,42.2475,429,32603,0.258419,0.13,1,931999,931570,429
79765821,53.4266,18.099,504,32668,0.265368,0.07,1,932076,931572,504
79768741,49.5706,55.2396,471,32733,0.268147,0.11,1,932123,931652,471
79771661,21.0283,49.0958,428,32798,0.269259,0.13,1,932125,931697,428
79774581,31.2113,42.4383,428,32862,0.281704,0.13,1,932163,931735,428
79780421,41.1138,42.3101,429,32990,0.298273,0.19,1,932240,931811,429
79789181,36.1113,34.9158,434,33182,0.416289,0.25,1,932384,931950,434
79792101,43.2445,42.1663,435,33246,0.448516,0.27,1,932432,931997,435
79838821,31.3195,31.8223,446,34249,0.754893,0.53,2,933045,932599,446
79847581,63.2525,38.1566,524,34435,0.796393,0.55,2,933200,932676,524
79879701,66.5093,41.131,541,35104,0.927578,0.83,2,933663,933122,541
80034461,56.4107,41.2856,534,38165,0.9412,1,2,935790,935256,534
80037381,45.3643,53.1142,511,38220,0.91648,1,2,935828,935317,511
80043221,36.2983,42.3383,515,38330,0.901437,1,2,935907,935392,515
80054901,35.5228,27.0711,522,38550,0.783445,1,2,936038,935516,522
80057821,35.8091,40.2284,509,38605,0.763378,1,2,936074,935565,509
80069501,31.4303,39.0266,472,38824,0.761575,0.91,2,936194,935722,472
80072421,53.3721,56.4107,472,38878,0.77863,0.9,2,936262,935790,472
80089941,26.5639,30.3071,460,39202,0.929668,0.75,2,936459,935999,460
80092861,33.4256,35.5228,459,39256,0.917867,0.75,2,936497,936038,459
80095781,33.7702,35.8091,457,39310,0.913147,0.83,2,936531,936074,457
80098701,25.5081,25.7237,458,39364,0.947259,0.71,2,936551,936093,458
80113301,43.4871,42.3488,461,39632,0.941735,0.87,2,936758,936297,461
80230101,37.1541,39.0006,483,41710,0.928833,1,2,938180,937697,483
80238861,37.6579,35.208,488,41862,0.768645,1,2,938306,937818,488
80306021,28.5559,28.9154,449,43005,0.753502,0.59,2,939032,938583,449
80308941,31.8224,11.5662,483,43054,0.775401,0.63,2,939066,938583,483
80311861,30.7289,24.4265,480,43103,0.78416,0.59,2,939096,938616,480
80323541,36.7579,34.0813,490,43299,0.920987,0.69,2,939255,938765,490
80527941,38.1357,35.0513,509,46587,0.945385,0.97,2,941518,941009,509
80533781,35.5017,27.3282,520,46677,0.913262,1,2,941582,941062,520
80542541,25.7921,32.925,504,46812,0.771489,1,2,941665,941161,504
80560061,41.6011,31.1874,528,47082,0.266644,0.96,1,941876,941348,528
80562981,23.2404,40.675,492,47127,0.244657,1,1,941887,941395,492
80565901,26.6962,28.87,500,47172,0.247863,1,1,941916,941416,500
80568821,30.4785,25.348,510,47217,0.225145,1,1,941949,941439,510
80571741,34.3914,32.3392,510,47262,0.204058,0.91,1,941986,941476,510
80574661,28.1566,38.1357,492,47307,0.243623,1,1,942010,941518,492
80577581,31.6626,30.2543,501,47352,0.271449,0.87,1,942044,941543,501
80580501,13.865,35.5017,464,47397,0.28258,0.89,1,942046,941582,464
80586341,27.8984,31.4803,462,47485,0.298413,0.73,1,942105,941643,462
80589261,21.3594,25.7921,457,47529,0.257365,0.63,1,942122,941665,457
80595101,32.2175,36.1667,448,47617,0.294378,0.43,1,942188,941740,448
80627221,14.414,13.865,436,48101,0.410669,0.33,1,942482,942046,436
80630141,20.7656,21.746,434,48145,0.410268,0.29,1,942507,942073,434
80633061,27.5062,27.8984,434,48189,0.434107,0.23,1,942539,942105,434
80635981,20.6025,21.3594,433,48233,0.443643,0.33,1,942555,942122,433
80638901,28.041,26.5437,436,48277,0.435457,0.29,1,942588,942152,436
80703141,22.7196,37.7161,457,49227,0.77261,0.53,2,943201,942744,457
80706061,28.2878,22.2864,477,49270,0.783044,0.51,2,943233,942756,477
80708981,31.7151,27.5146,480,49313,0.787218,0.57,2,943267,942787,480
80711901,37.8861,30.2058,490,49356,0.776887,0.57,2,943309,942819,490
80714821,30.1544,36.0823,475,49399,0.796755,0.65,2,943334,942859,475
80717741,34.2618,28.8329,488,49442,0.792702,0.63,2,943371,942883,488
80720661,14.9047,34.3332,452,49485,0.791081,0.59,2,943373,942921,452
80744021,32.0329,24.994,493,49824,0.917649,0.71,2,943603,943110,493
80746941,40.4131,30.9976,504,49866,0.92506,0.77,2,943649,943145,504
80749861,23.3653,38.799,472,49908,0.928024,0.79,2,943661,943189,472
80752781,28.5461,22.7196,492,49950,0.92921,0.79,2,943693,943201,492
80755701,30.6184,28.2878,492,49992,0.929684,0.79,2,943725,943233,492
80758621,39.2474,31.7151,503,50034,0.929874,0.77,2,943770,943267,503
80761541,30.699,37.8861,486,50076,0.929949,0.81,2,943795,943309,486
80764461,33.8796,30.1544,497,50118,0.94198,0.79,2,943831,943334,497
80941121,341.739,353.309,507,23360,0.418,0.93,1,945944,945437,507
80984921,193.696,220.524,470,23360,0.2092,0.83,1,946039,945569,470
80990761,66.9913,77.0438,470,24266,0.080272,0.11,1,946138,945668,470
80993681,59.1965,81.2175,440,24353,0.0501088,0.03,1,946192,945752,440
80996601,63.2786,63.087,455,24440,0.0500435,0.07,1,946258,945803,455
80999521,63.1114,72.6348,439,24527,0.0260174,0.07,1,946321,945882,439
81002441,44.4446,48.8539,438,24613,0.040407,0.03,1,946353,945915,438
81005361,44.1778,36.9416,453,24699,0.0221628,0.03,1,946397,945944,453
81008281,57.2711,45.9766,467,24785,0.0508651,0.07,1,946463,945996,467
81011201,60.7085,83.1907,422,24871,0.050346,0.05,1,946526,946104,422
81014121,45.8834,53.6763,424,24956,0.0381384,0.03,1,946562,946138,424
81017041,51.3534,53.8705,425,25041,0.0212554,0.05,1,946617,946192,425
81019961,59.5413,61.1482,424,25126,0.0145021,0.01,1,946682,946258,424
81022881,62.2165,62.2593,425,25210,0.0238009,0.05,1,946746,946321,425
81025801,43.4866,44.1037,424,25294,0.0635203,0.01,1,946777,946353,424
81028721,44.3946,44.0415,425,25378,0.0314081,0.07,1,946822,946397,425
81031641,57.3579,57.2166,425,25461,0.0905633,0.07,1,946888,946463,425
81046241,62.6984,58.6611,486,25874,0.0605722,0.03,1,947168,946682,486
81049161,44.2794,61.8644,454,25956,0.0782289,0.09,1,947200,946746,454
81052081,44.1117,43.3458,467,26038,0.0492915,0.01,1,947244,946777,467
81055001,59.0447,44.3383,491,26119,0.0857166,0.13,1,947313,946822,491
81066681,56.5579,50.6135,489,26442,0.201826,0.07,1,947527,947038,489
81081281,61.3798,59.0447,488,26840,0.222185,0.13,1,947801,947313,488
81084201,25.7519,60.2179,429,26919,0.250874,0.19,1,947803,947374,429
81087121,34.9008,47.4871,431,26998,0.25035,0.21,1,947844,947413,431
81090041,46.9603,51.3949,432,27076,0.25014,0.21,1,947899,947467,432
81092961,54.7841,56.5579,432,27154,0.274056,0.09,1,947959,947527,432
81095881,55.5136,61.0232,424,27232,0.283622,0.09,1,948015,947591,424
81098801,43.8055,44.8093,426,27310,0.287449,0.13,1,948051,947625,426
81101721,43.9222,43.1237,428,27388,0.28898,0.17,1,948095,947667,428
81104641,61.9689,60.4495,430,27465,0.289592,0.27,1,948169,947739,430
81128001,42.914,43.9222,434,28076,0.400306,0.29,1,948529,948095,434
81130921,62.7656,61.9689,436,28151,0.442123,0.37,1,948605,948169,436
81171801,55.9975,47.0462,509,29186,0.792634,0.57,2,949280,948771,509
81186401,69.7875,64.6626,526,29547,0.916901,0.67,2,949573,949047,526
81189321,29.115,68.465,457,29619,0.91276,0.67,2,949575,949118,457
81192241,39.246,28.586,501,29690,0.923104,0.75,2,949621,949120,501
81341161,45.4917,41.9295,488,33128,0.75928,1,2,952029,951541,488
81349921,51.5835,48.4995,490,33320,0.285474,1,1,952173,951683,490
81361601,32.6933,20.3312,520,33572,0.0722521,1,1,952315,951795,520
81370361,45.0764,55.2292,466,33761,0.0725441,0.67,1,952456,951990,466
81373281,34.2305,45.4917,454,33824,0.0590177,0.53,1,952483,952029,454
81379121,35.3569,41.9587,440,33949,0.0586428,0.13,1,952555,952115,440
81408321,36.8186,33.7284,461,34566,0.217011,0.13,1,952944,952483,461
81411241,34.5275,35.6914,457,34627,0.248804,0.03,1,952977,952520,457
81414161,45.011,35.2765,474,34688,0.273522,0.13,1,953029,952555,474
81417081,42.0044,43.5106,465,34749,0.283409,0.17,1,953069,952604,465
81431681,57.2506,28.0398,504,35053,0.422643,0.13,1,953271,952767,504
81434601,46.3002,57.4159,466,35113,0.403057,0.21,1,953310,952844,466
81437521,34.1201,43.3664,458,35173,0.431223,0.21,1,953336,952878,458
81501761,52.5791,51.6732,453,36472,0.773806,0.63,2,954168,953715,453
81504681,43.8316,43.4693,453,36530,0.795522,0.65,2,954206,953753,453
81530961,32.4375,33.1192,457,37047,0.93368,0.75,2,954545,954088,457
81539721,44.268,21.0316,497,37218,0.938876,0.81,2,954665,954168,497
81542641,33.3072,31.2127,485,37275,0.93355,0.81,2,954691,954206,485
81676961,37.306,36.2996,493,39798,0.9352,1,2,956461,955968,493
81688641,42.6718,40.2461,491,40010,0.784981,1,2,956626,956135,491
81729521,32.5336,42.6715,483,40742,0.407791,0.65,1,957109,956626,483
81732441,30.4134,37.4686,478,40794,0.409116,0.61,1,957138,956660,478
81735361,28.3654,32.9874,475,40846,0.433647,0.57,1,957165,956690,475
81738281,29.3462,28.195,480,40898,0.431459,0.51,1,957195,956715,480
81808361,33.609,33.1013,454,42118,0.755503,0.67,2,958005,957551,454
81811281,33.2436,31.2405,457,42168,0.764201,0.73,2,958038,957581,457
81814201,31.2974,29.8962,458,42218,0.779681,0.73,2,958068,957610,458
81817121,13.719,13.1585,458,42268,0.761872,0.73,2,958070,957612,458
81820041,22.2876,22.0634,458,42318,0.790749,0.75,2,958098,957640,458
81843401,46.0849,45.8064,457,42717,0.910212,0.75,2,958396,957939,457
81846321,41.834,40.5226,459,42766,0.946085,0.77,2,958435,957976,459
81849241,34.1336,33.609,459,42815,0.948434,0.77,2,958464,958005,459
81992321,30.6414,28.7969,506,45166,0.933508,1,2,960080,959574,506
81993781,27.2565,26.5188,506,45213,0.901403,1,2,960105,959599,506
82046341,118.096,124.961,461,20647,0.0857698,0.03,1,960762,960301,461
82049261,88.0386,94.9845,454,20750,0.0763079,0.07,1,960830,960376,454
82052181,83.2154,85.9938,454,20852,0.0605232,0.01,1,960910,960456,454
82055101,69.2862,71.5975,452,20954,0.0422093,0.05,1,960970,960518,452
82058021,40.3145,58.039,424,21055,0.0948837,0.05,1,960991,960567,424
82069701,70.9489,71.6042,424,21455,0.071021,0.05,1,961254,960830,424
82072621,76.3795,76.6417,424,21554,0.0704084,0.03,1,961334,960910,424
82075541,66.5518,66.6567,424,21652,0.0461634,0.13,1,961394,960970,424
82078461,40.4207,39.2627,426,21750,0.0364653,0.13,1,961417,960991,426
82081381,31.1683,31.9051,424,21848,0.0565861,0.15,1,961442,961018,424
82084301,64.0673,63.762,425,21945,0.0766345,0.13,1,961528,961103,425
82093061,76.4123,76.3688,423,22234,0.0589046,0.03,1,961757,961334,423
82095981,65.9649,66.5475,422,22329,0.0415618,0.03,1,961816,961394,422
82098901,40.786,40.419,423,22424,0.0226247,0.07,1,961840,961417,423
82101821,32.5144,31.1676,425,22519,0.0270499,0.07,1,961867,961442,425
82104741,64.6058,12.467,511,22613,0.05282,0.09,1,961953,961442,511
82116421,64.7451,75.9336,480,22986,0.0983602,0.03,1,962237,961757,480
82119341,40.298,65.7734,445,23078,0.0933441,0.01,1,962261,961816,445
82122261,33.5192,40.7094,450,23170,0.0673376,0.03,1,962290,961840,450
82125181,65.6077,32.4837,510,23261,0.056935,0.07,1,962377,961867,510
82128101,79.0431,64.5935,512,23352,0.064774,0.17,1,962465,961953,512
82131021,70.0172,75.6374,493,23443,0.0919096,0.13,1,962529,962036,493
82139781,39.5691,64.7448,449,23713,0.215402,0.09,1,962686,962237,449
82142701,32.0276,40.2979,452,23802,0.236161,0.05,1,962713,962261,452
82145621,65.0111,33.5192,510,23891,0.280464,0.05,1,962800,962290,510
82157301,70.0739,74.8069,431,24244,0.43462,0.23,1,963038,962607,431
82160221,62.2296,62.9228,433,24331,0.431848,0.23,1,963095,962662,433
82163141,39.2918,39.5691,433,24418,0.430739,0.25,1,963119,962686,433
82204021,72.8893,45.0786,535,25606,0.758978,0.61,2,963933,963398,535
82206941,63.9557,68.4314,509,25689,0.789591,0.65,2,963991,963482,509
82233221,41.6172,63.9549,487,26421,0.908028,0.81,2,964478,963991,487
82236141,34.0469,41.1819,490,26501,0.933211,0.83,2,964507,964017,490
82326661,42.4805,51.0893,520,28876,0.781986,1,2,966201,965681,520
82335421,42.1267,48.3177,510,29095,0.429007,1,1,966367,965857,510
82341261,35.3003,31.7308,517,29241,0.264241,1,1,966432,965915,517
82344181,60.3201,31.8923,562,29313,0.207696,0.94,1,966509,965947,562
82352941,37.0525,52.2011,491,29529,0.0989726,0.73,1,966656,966165,491
82367541,14.0114,34.2507,438,29886,0.0858103,0.21,1,966834,966396,438
82385061,69.9863,68.821,429,30308,0.208758,0.15,1,967175,966746,429
82387981,41.1945,41.9284,427,30378,0.221503,0.09,1,967197,966770,427
82390901,36.8778,36.5714,428,30448,0.238601,0.11,1,967231,966803,428
82393821,30.3511,32.0285,425,30518,0.221441,0.07,1,967257,966832,425
82396741,13.3404,14.0114,425,30587,0.214576,0.15,1,967259,966834,425
82399661,28.1362,26.0046,429,30656,0.24783,0.13,1,967297,966868,429
82402581,52.6545,52.4018,428,30725,0.273132,0.17,1,967366,966938,428
82428861,28.7742,28.1362,433,31340,0.415644,0.27,1,967730,967297,433
82431781,54.1097,11.2545,504,31408,0.424258,0.29,1,967801,967297,504
82475581,42.8133,69.5836,472,32404,0.764661,0.55,2,968513,968041,472
82478501,39.9253,42.2334,486,32469,0.779864,0.59,2,968551,968065,486
82498941,43.0728,46.4583,456,32922,0.925168,0.71,2,968821,968365,456
82501861,35.8291,36.5833,457,32986,0.916067,0.75,2,968852,968395,457
82677061,35.8743,37.9043,477,36635,0.422763,1,1,971403,970926,477
82679981,30.5497,28.9617,481,36693,0.427105,0.98,1,971430,970949,481
82691661,35.9325,36.8998,475,36923,0.271142,0.78,1,971562,971087,475
82694581,46.173,54.9599,461,36980,0.270457,0.77,1,971615,971154,461
82697501,37.6692,42.384,459,37037,0.246183,0.67,1,971647,971188,459
82700421,27.6677,33.1536,453,37094,0.224473,0.57,1,971668,971215,453
82703341,35.0671,39.6614,449,37151,0.263789,0.57,1,971708,971259,449
82706261,63.2268,15.8646,531,37208,0.279516,0.47,1,971790,971259,531
82744221,42.2113,63.2267,465,37940,0.428847,0.35,1,972255,971790,465
82796781,29.9779,28.4412,451,38930,0.760317,0.61,2,972845,972394,451
82820141,19.0647,18.8415,456,39362,0.905084,0.71,2,973157,972701,456
82823061,23.8259,23.1366,457,39416,0.920034,0.73,2,973184,972727,457
83027461,162.354,176.439,486,19092,0.410224,1,1,975745,975259,486
83030381,122.542,113.776,510,19203,0.25409,0.91,1,975841,975331,510
83036221,93.2867,120.324,483,19424,0.0706543,0.41,1,976031,975548,483
83042061,48.6459,63.1719,454,19642,0.0845047,0.39,1,976128,975674,454
83044981,48.8583,41.4687,476,19750,0.0878019,0.27,1,976177,975701,476
83059581,47.3809,75.0589,453,20281,0.224992,0.07,1,976552,976099,453
83062501,48.9524,47.4236,474,20386,0.251997,0.09,1,976602,976128,474
83065421,74.181,48.3694,516,20490,0.274799,0.13,1,976693,976177,516
83071261,84.349,94.4991,506,20697,0.424368,0.15,1,976881,976375,506
83109221,97.1297,96.6099,449,21992,0.751948,0.59,2,977697,977248,449
83112141,86.8519,85.444,451,22088,0.798779,0.63,2,977777,977326,451
83132581,90.0179,81.6919,542,22752,0.916587,0.83,2,978239,977697,542
83135501,84.0072,80.6767,542,22845,0.924635,0.83,2,978319,977777,542
83138421,50.4029,80.2707,490,22938,0.927854,0.85,2,978347,977857,490
83231861,41.2124,46.2847,511,25731,0.422321,1,1,980301,979790,511
83234781,43.4849,41.3139,518,25813,0.294928,1,1,980346,979828,518
83240621,93.7176,53.5302,594,25977,0.0651885,0.81,1,980523,979929,594
83243541,51.887,101.812,484,26059,0.0680754,0.77,1,980547,980063,484
83246461,53.1548,56.9248,511,26140,0.0332302,0.61,1,980601,980090,511
83249381,68.6619,58.1699,531,26221,0.0672921,0.45,1,980680,980149,531
83284421,34.8134,38.9784,426,27175,0.203131,0.17,1,981203,980777,426
83290261,89.6901,90.5965,428,27331,0.228101,0.13,1,981375,980947,428
83293181,51.4761,51.8386,428,27408,0.25324,0.15,1,981401,980973,428
83296101,51.1904,51.9354,427,27485,0.263296,0.13,1,981452,981025,427
83307781,30.5329,30.0335,430,27792,0.404228,0.21,1,981595,981165,430
83310701,35.0132,34.8134,430,27868,0.431691,0.19,1,981633,981203,430
83313621,45.2053,45.7254,429,27944,0.442677,0.25,1,981685,981256,429
83366181,46.4281,36.0196,504,29278,0.770648,0.63,2,982578,982074,504
83383701,29.4302,30.4728,486,29709,0.90264,0.71,2,982905,982419,486
83386621,33.3721,30.1891,492,29780,0.907056,0.69,2,982941,982449,492
83395381,44.4478,46.4281,461,29993,0.929972,0.83,2,983039,982578,461
83488821,56.4907,93.7064,503,32173,0.934,1,2,984614,984111,503
83509261,22.5818,24.5434,501,32630,0.403183,1,1,984885,984384,501
83526781,65.1029,77.3185,449,33017,0.0494345,0.49,1,985208,984759,449
83529701,39.2412,44.7274,448,33081,0.0377738,0.45,1,985230,984782,448
83532621,28.2965,34.091,442,33145,0.0211095,0.43,1,985251,984809,442
83535541,31.1186,34.6364,440,33209,0.0504438,0.45,1,985284,984844,440
83538461,25.0474,26.4546,440,33273,0.0501775,0.37,1,985305,984865,440
83541381,22.019,22.5818,440,33337,0.086071,0.31,1,985325,984885,440
83553061,30.1461,31.8933,426,33589,0.225547,0.11,1,985507,985081,426
83555981,37.8584,39.7573,424,33652,0.240219,0.01,1,985550,985126,424
83558901,63.1434,65.1029,422,33715,0.258088,0.03,1,985630,985208,422
83561821,38.4573,39.2412,422,33778,0.253235,0.01,1,985652,985230,422
83564741,27.9829,28.2965,422,33841,0.251294,0.07,1,985673,985251,422
83567661,31.5932,31.1186,423,33903,0.226518,0.05,1,985707,985284,423
83570581,26.4373,25.0474,425,33965,0.252607,0.11,1,985730,985305,425
83573501,21.9749,22.019,424,34027,0.251043,0.11,1,985749,985325,424
83576421,29.19,27.4076,427,34089,0.250417,0.17,1,985783,985356,427
83579341,85.476,84.163,428,34151,0.250167,0.17,1,985906,985478,428
83582261,35.3904,34.8652,428,34213,0.250067,0.17,1,985908,985480,428
83585181,33.9562,13.9461,461,34275,0.250027,0.27,1,985941,985480,461
83588101,38.7825,21.7784,476,34337,0.262011,0.25,1,985983,985507,476
83591021,63.513,34.5114,513,34399,0.290804,0.27,1,986063,985550,513
83623141,65.5105,38.7823,517,35068,0.420729,0.31,1,986500,985983,517
83626061,40.0042,63.5129,460,35128,0.426291,0.37,1,986523,986063,460
83628981,26.8017,39.2052,455,35188,0.440517,0.33,1,986541,986086,455
83684461,35.0199,35.3808,449,36312,0.797585,0.61,2,987262,986813,449
83696141,37.6933,37.1073,454,36544,0.927858,0.65,2,987420,986966,454
83862581,55.7367,54.4809,493,39704,0.7516,1,2,989638,989145,493
83877181,35.0856,36.3246,494,39969,0.291213,1,1,989813,989319,494
83880101,33.8342,31.9298,498,40022,0.266485,1,1,989846,989348,498
83883021,30.9337,33.7719,492,40075,0.256594,1,1,989875,989383,492
83885941,30.9735,13.5088,523,40128,0.204638,1,1,989906,989383,523
83891781,15.1558,23.1614,493,40234,0.240342,1,1,989929,989436,493
83909301,32.753,37.8246,475,40546,0.217424,0.25,1,990181,989706,475
83912221,32.9012,38.5298,469,40598,0.23697,0.31,1,990214,989745,469
83915141,31.1605,35.2119,466,40650,0.268788,0.27,1,990244,989778,466
83918061,31.0642,35.0848,462,40702,0.245515,0.25,1,990275,989813,462
83920981,30.4257,33.8339,459,40754,0.296206,0.25,1,990305,989846,459
83944341,32.7777,35.956,462,41167,0.403736,0.21,1,990580,990118,462
83947261,33.5111,32.3824,466,41218,0.419494,0.23,1,990614,990148,466
83950181,35.0044,32.753,469,41269,0.425798,0.25,1,990650,990181,469
83953101,31.4018,32.9012,465,41320,0.416319,0.29,1,990679,990214,465
83956021,30.5607,31.1605,465,41371,0.412528,0.23,1,990709,990244,465
83958941,30.8243,31.0642,465,41422,0.435011,0.33,1,990740,990275,465
83961861,31.5297,30.4257,467,41473,0.420004,0.31,1,990772,990305,467
83964781,18.6119,30.7703,446,41524,0.426002,0.33,1,990782,990336,446
83967701,8.64475,18.9081,437,41575,0.428401,0.31,1,990784,990347,437
83970621,10.6579,14.7632,437,41626,0.42936,0.31,1,990796,990359,437
84002741,31.405,31.5297,443,42180,0.767845,0.43,2,991215,990772,443
84005661,18.562,18.6119,443,42230,0.781138,0.43,2,991225,990782,443
84008581,8.6248,8.64475,443,42280,0.786455,0.43,2,991227,990784,443
84011501,10.6499,10.6579,443,42330,0.788582,0.49,2,991239,990796,443
84029021,35.2293,33.8034,453,42630,0.914138,0.65,2,991508,991055,453
84031941,38.0917,36.3214,455,42680,0.923655,0.71,2,991548,991093,455
84034861,32.0367,31.3285,455,42729,0.927462,0.73,2,991576,991121,455
84037781,31.4147,30.5314,456,42778,0.916985,0.75,2,991607,991151,456
84040701,34.1659,32.0126,459,42827,0.936794,0.79,2,991643,991184,459
84043621,33.4663,31.405,461,42876,0.920718,0.79,2,991676,991215,461
84046541,19.3865,18.562,461,42925,0.914287,0.79,2,991686,991225,461
84049461,8.95462,8.6248,461,42974,0.935715,0.79,2,991688,991227,461
84052381,10.7818,10.6499,461,43023,0.944286,0.79,2,991700,991239,461
84055301,19.9127,4.25997,487,43072,0.935714,0.83,2,991726,991239,487
84269921,320.113,355.524,463,20440,0.4036,0.67,1,994187,993724,463
84275761,113.498,123.964,464,21370,0.096976,0.13,1,994349,993885,464
84281601,75.2797,81.3942,450,21568,0.0839162,0.03,1,994482,994032,450
84284521,81.1119,68.5577,475,21666,0.0395665,0,1,994567,994092,475
84287441,36.6448,60.4231,427,21764,0.0458266,0.03,1,994574,994147,427
84290361,35.6579,40.9692,434,21861,0.0603306,0.01,1,994609,994175,434
84293281,73.6632,81.7877,424,21958,0.0901323,0.05,1,994708,994284,424
84296201,69.6653,71.7151,426,22055,0.0660529,0.11,1,994775,994349,426
84299121,65.6661,66.486,426,22151,0.0924212,0.07,1,994838,994412,426
84302041,65.8664,68.5944,422,22247,0.0789685,0.01,1,994904,994482,422
84304961,77.9466,78.4378,423,22342,0.0315874,0.05,1,994990,994567,423
84307881,35.9786,35.5751,424,22437,0.018635,0.07,1,994998,994574,424
84310801,35.9915,35.23,425,22532,0.073454,0.07,1,995034,994609,425
84313721,73.7966,14.092,524,22626,0.0713816,0.11,1,995133,994609,524
84325401,76.2412,65.3144,507,22999,0.0552994,0,1,995411,994904,507
84328321,35.8965,77.7257,430,23091,0.0281197,0.01,1,995420,994990,430
84331241,37.1586,35.8903,460,23183,0.0172479,0.11,1,995458,994998,460
84334161,74.2634,35.9561,523,23274,0.0248992,0.07,1,995557,995034,523
84337081,70.5054,73.7824,492,23365,0.0639597,0.13,1,995625,995133,492
84363361,62.1779,67.8021,428,24169,0.217814,0.17,1,996119,995691,428
84366281,65.6712,66.7209,430,24257,0.237126,0.17,1,996187,995757,430
84369201,71.2685,72.2883,429,24344,0.23285,0.15,1,996262,995833,429
84372121,33.3074,33.7153,429,24431,0.24314,0.15,1,996270,995841,429
84375041,37.323,36.8861,430,24518,0.247256,0.19,1,996310,995880,430
84377961,74.9292,74.1545,431,24604,0.248902,0.19,1,996410,995979,431
84380881,31.1717,30.8618,431,24690,0.249561,0.21,1,996412,995981,431
84383801,55.0687,54.9447,431,24776,0.237824,0.23,1,996483,996052,431
84398401,38.4013,37.323,434,25201,0.411059,0.25,1,996744,996310,434
84436361,69.7077,65.4096,523,26273,0.751332,0.67,2,997511,996988,523
84439281,74.6831,68.7638,530,26354,0.786533,0.67,2,997589,997059,530
84450961,31.8351,76.2084,458,26674,0.914039,0.71,2,997745,997287,458
84561921,54.7347,46.6733,541,29539,0.7636,1,2,999768,999227,541
84567761,47.9975,79.2277,494,29682,0.401776,1,1,999885,999391,494
84570681,55.199,46.6911,529,29753,0.28671,1,1,999945,999416,529
84573601,40.6796,51.6764,505,29824,0.252684,1,1,999976,999471,505
84585281,38.2414,46.5917,473,30107,0.0752527,0.79,1,1000131,999658,473
84588201,39.8966,49.8367,462,30177,0.0481011,0.69,1,1000172,999710,462
84591121,47.1586,54.7347,456,30247,0.0492404,0.39,1,1000224,999768,456
84594041,59.6635,73.4939,438,30317,0.0496962,0.31,1,1000292,999854,438
84596961,40.6654,47.9975,435,30387,0.0378785,0.21,1,1000320,999885,435
84599881,52.2662,55.199,435,30457,0.0331514,0.23,1,1000380,999945,435
84602801,39.5065,40.6796,435,30526,0.0432606,0.11,1,1000411,999976,435
84605721,35.0026,37.2718,432,30595,0.0353042,0.21,1,1000443,1000011,432
84608641,20.001,24.5087,426,30664,0.0321217,0.11,1,1000453,1000027,426
84611561,53.6004,56.6035,424,30733,0.0788487,0.03,1,1000529,1000105,424
84629081,51.8441,52.2662,422,31144,0.0784574,0.05,1,1000802,1000380,422
84632001,39.9376,39.5065,423,31212,0.0733829,0.03,1,1000834,1000411,423
84649521,48.9794,38.9984,480,31616,0.208292,0.09,1,1001075,1000595,480
84652441,59.1918,48.5994,491,31683,0.221317,0.11,1,1001141,1000650,491
84655361,38.0767,58.4397,450,31750,0.226527,0.13,1,1001165,1000715,450
84658281,50.0307,39.5759,481,31817,0.228611,0.05,1,1001223,1000742,481
84661201,40.4123,51.8304,455,31883,0.229444,0.07,1,1001257,1000802,455
84678721,50.6166,39.9484,487,32279,0.238645,0.23,1,1001507,1001020,487
84681641,59.8466,48.9794,498,32345,0.257458,0.23,1,1001573,1001075,498
84684561,38.3387,59.1917,456,32410,0.264983,0.23,1,1001597,1001141,456
84699161,56.2531,21.586,508,32735,0.408054,0.15,1,1001813,1001305,508
84702081,23.7012,56.6344,430,32800,0.433222,0.17,1,1001815,1001385,430
84748801,39.0444,38.9201,449,33816,0.784623,0.59,2,1002482,1002033,449
84751721,51.6177,51.5681,449,33879,0.787849,0.59,2,1002542,1002093,449
84769241,24.9234,24.4201,454,34251,0.901397,0.65,2,1002738,1002284,454
84772161,35.7693,9.76805,497,34313,0.906559,0.71,2,1002781,1002284,497
84775081,53.9077,29.7072,520,34375,0.944624,0.73,2,1002847,1002327,520
84897721,56.2979,60.4009,486,36870,0.928,1,2,1004611,1004125,486
84906481,29.8351,29.8097,495,37041,0.923392,1,2,1004693,1004198,495
84915241,52.4294,16.2118,549,37212,0.778377,1,2,1004824,1004275,549
84929841,34.0361,43.3631,503,37496,0.440422,1,1,1005015,1004512,503
84950281,49.0091,33.5732,526,37888,0.286272,0.75,1,1005285,1004759,526
84953201,31.6036,52.4293,481,37944,0.276509,0.67,1,1005305,1004824,481
84956121,39.0415,38.9717,495,38000,0.284604,0.55,1,1005349,1004854,495
84959041,45.6166,43.1887,499,38056,0.287841,0.49,1,1005399,1004900,499
84976561,28.1532,30.0423,463,38387,0.423692,0.35,1,1005604,1005141,463
84979481,24.4613,27.0169,460,38442,0.439477,0.29,1,1005626,1005166,460
84982401,29.5845,25.8068,468,38497,0.433791,0.31,1,1005659,1005191,468
84985321,47.8338,29.5227,496,38552,0.443516,0.27,1,1005719,1005223,496
85043721,56.1313,54.1212,455,39634,0.777238,0.71,2,1006421,1005966,455
85072921,45.1578,29.3259,510,40164,0.949724,0.77,2,1006744,1006234,510
85221841,38.926,41.0141,490,42762,0.922,1,2,1008570,1008080,490
85248121,34.0914,38.223,518,43203,0.24123,1,1,1008869,1008351,518
85253961,34.3746,35.1557,519,43301,0.0637968,1,1,1008940,1008421,519
85256881,30.5499,36.2623,510,43350,0.0555187,1,1,1008968,1008458,510
85259801,31.4199,32.5049,512,43399,0.0522075,1,1,1009000,1008488,512
85262721,38.368,38.802,512,43448,0.038883,0.87,1,1009043,1008531,512
85265641,32.7472,38.9208,502,43497,0.0335532,0.87,1,1009072,1008570,502
85268561,25.0989,36.5683,487,43546,0.0434213,0.89,1,1009092,1008605,487
85271481,25.6396,28.4273,490,43594,0.0353685,0.75,1,1009118,1008628,490
85274401,30.0558,32.3709,488,43642,0.0441474,0.63,1,1009151,1008663,488
85277321,27.6223,35.1484,477,43690,0.035659,0.51,1,1009177,1008700,477
85280241,31.4489,33.2593,479,43738,0.0442636,0.51,1,1009211,1008732,479
85283161,31.1796,34.3037,475,43786,0.0597054,0.39,1,1009242,1008767,475
85286081,25.0718,35.3215,460,43834,0.0418822,0.23,1,1009263,1008803,460
85289001,29.2287,32.7286,461,43882,0.0467529,0.19,1,1009295,1008834,461
85291921,34.4915,34.0914,464,43930,0.0367011,0.03,1,1009333,1008869,464
85294841,31.7966,36.4366,456,43978,0.0326805,0.03,1,1009363,1008907,456
85297761,28.3186,34.3746,449,44026,0.0550722,0.05,1,1009389,1008940,449
85300681,30.5275,30.5499,453,44074,0.0400289,0.05,1,1009421,1008968,453
85303601,38.011,31.4199,464,44122,0.0820116,0.03,1,1009464,1009000,464
85306521,32.6044,38.368,450,44170,0.0748046,0.03,1,1009493,1009043,450
85309441,26.2418,32.7472,443,44218,0.0599218,0.05,1,1009515,1009072,443
85312361,24.8967,25.0989,447,44266,0.0419687,0.03,1,1009539,1009092,447
85315281,30.3587,25.6396,455,44314,0.0347875,0.05,1,1009573,1009118,455
85318201,27.7435,30.0558,448,44362,0.055915,0.03,1,1009599,1009151,448
85321121,32.0974,27.6223,457,44410,0.052366,0.05,1,1009634,1009177,457
85324041,31.439,31.4489,454,44457,0.0749464,0.07,1,1009665,1009211,454
85329881,16.9102,25.0718,423,44551,0.0971914,0.05,1,1009686,1009263,423
85332801,27.7641,29.2287,426,44598,0.0928766,0.03,1,1009721,1009295,426
85335721,33.3056,34.4915,425,44645,0.0911506,0.03,1,1009758,1009333,425
85341561,28.0089,28.3186,423,44739,0.0997841,0.03,1,1009812,1009389,423
85344481,30.4036,30.5275,423,44786,0.0699136,0.11,1,1009844,1009421,423
85347401,40.3614,38.011,427,44833,0.0459655,0.07,1,1009891,1009464,427
85350321,31.7446,32.6044,424,44880,0.0843862,0.05,1,1009917,1009493,424
85353241,25.8978,26.2418,424,44927,0.0997545,0.03,1,1009939,1009515,424
85356161,24.1591,24.8967,423,44974,0.0939018,0.03,1,1009962,1009539,423
85359081,31.2637,30.3587,425,45021,0.0795607,0.07,1,1009998,1009573,425
85362001,26.9055,27.7435,423,45068,0.0498243,0.05,1,1010022,1009599,423
85364921,34.1622,32.0974,427,45115,0.0379297,0.09,1,1010061,1009634,427
85367841,31.6649,31.439,426,45162,0.0331719,0.13,1,1010091,1009665,426
85370761,13.8659,13.7756,426,45209,0.0552688,0.09,1,1010093,1009667,426
85373681,15.7464,16.9102,424,45256,0.0521075,0.09,1,1010110,1009686,424
85376601,29.0986,27.7641,427,45303,0.086843,0.09,1,1010148,1009721,427
85379521,32.6394,33.3056,425,45350,0.0887372,0.13,1,1010183,1009758,425
85382441,28.6558,29.5223,424,45397,0.0774949,0.09,1,1010209,1009785,424
85385361,27.6623,28.0089,424,45443,0.084998,0.05,1,1010236,1009812,424
85388281,29.0649,30.4036,422,45489,0.0999992,0.03,1,1010266,1009844,422
85391201,41.026,40.3614,424,45535,0.0939997,0.11,1,1010315,1009891,424
85408721,34.3966,34.1622,423,45811,0.0950353,0.03,1,1010484,1010061,423
85411641,31.7587,31.6649,423,45857,0.0800141,0.07,1,1010514,1010091,423
85414561,13.9035,13.8659,423,45903,0.0500056,0.05,1,1010516,1010093,423
85417481,16.3614,15.7464,424,45949,0.0500023,0.05,1,1010534,1010110,424
85420401,29.3446,6.29855,462,45995,0.0740009,0.11,1,1010572,1010110,462
85423321,32.1378,25.3194,458,46041,0.0836004,0.09,1,1010606,1010148,458
85426241,29.0551,31.1278,450,46087,0.0874401,0.07,1,1010633,1010183,450
85429161,29.0221,28.0511,453,46133,0.0769761,0.09,1,1010662,1010209,453
85449601,25.3669,30.4781,451,46453,0.217318,0.19,1,1010872,1010421,451
85452521,30.5468,25.9912,462,46498,0.224927,0.03,1,1010906,1010444,462
85455441,30.2187,34.3965,452,46543,0.227971,0.07,1,1010936,1010484,452
85458361,13.2875,31.7586,424,46588,0.229188,0.03,1,1010938,1010514,424
85461281,16.715,13.9034,441,46633,0.217675,0.05,1,1010957,1010516,441
85464201,30.686,16.3614,463,46678,0.22507,0.09,1,1010997,1010534,463
85467121,32.6744,29.3446,459,46723,0.240028,0.09,1,1011031,1010572,459
85470041,29.2698,32.1378,452,46768,0.234011,0.09,1,1011058,1010606,452
85472961,30.3079,29.0551,456,46813,0.219604,0.07,1,1011089,1010633,456
85475881,31.9232,29.0221,460,46858,0.237842,0.15,1,1011122,1010662,460
85478801,40.9693,30.8088,475,46903,0.257137,0.17,1,1011169,1010694,475
85481721,33.7877,39.9235,458,46948,0.276855,0.17,1,1011198,1010740,458
85484641,29.1151,32.7694,456,46993,0.272742,0.17,1,1011224,1010768,456
85487561,24.846,28.1078,453,47038,0.295097,0.19,1,1011246,1010793,453
85505081,16.7265,13.2875,451,47308,0.401366,0.21,1,1011389,1010938,451
85508001,30.6906,16.715,472,47353,0.406546,0.23,1,1011429,1010957,472
85510921,13.4762,30.686,434,47398,0.408618,0.25,1,1011431,1010997,434
85513841,25.7905,32.6744,434,47442,0.433447,0.23,1,1011465,1011031,434
85516761,25.9162,29.2698,433,47486,0.443379,0.21,1,1011491,1011058,433
85583921,32.9906,32.7843,450,48497,0.775288,0.57,2,1012171,1011721,450
85586841,28.1962,27.5137,451,48540,0.796115,0.59,2,1012196,1011745,451
85589761,31.6785,31.4055,451,48583,0.780446,0.61,2,1012230,1011779,451
85618961,42.5156,31.508,503,49013,0.903237,0.69,2,1012505,1012002,503
85621881,35.0062,41.4032,485,49056,0.919295,0.69,2,1012535,1012050,485
85630641,34.5444,28.4498,495,49185,0.939875,0.81,2,1012630,1012135,495
85633561,28.8178,32.9799,484,49228,0.92195,0.81,2,1012655,1012171,484
85636481,31.9271,28.192,493,49271,0.92678,0.77,2,1012689,1012196,493
85804381,316.742,340.369,472,23360,0.442,0.71,1,1014754,1014282,472
85810221,189.097,208.148,456,23360,0.2308,0.63,1,1014858,1014402,456
85852561,64.0955,58.7436,464,24178,0.074128,0.31,1,1014933,1014469,464
85855481,61.6382,63.0974,458,24266,0.0476512,0.09,1,1014993,1014535,458
85858401,70.8553,69.039,462,24353,0.0490605,0.03,1,1015070,1014608,462
85861321,60.7421,76.8156,434,24440,0.0496242,0,1,1015124,1014690,434
85864241,40.4968,46.3262,435,24527,0.0258497,0.07,1,1015151,1014716,435
85867161,31.1987,31.1305,439,24613,0.0523399,0.09,1,1015176,1014737,439
85875921,49.3967,66.3844,424,24871,0.21527,0.03,1,1015357,1014933,424
85878841,54.5587,62.5537,422,24956,0.224108,0.05,1,1015415,1014993,422
85922641,51.9989,55.997,477,26200,0.208681,0.17,1,1016218,1015741,477
85925561,54.9996,51.1988,486,26281,0.257473,0.19,1,1016275,1015789,486
85928481,68.7998,54.0795,508,26362,0.288989,0.21,1,1016353,1015845,508
85943081,58.0789,64.7432,483,26761,0.440268,0.17,1,1016601,1016118,483
85981041,65.352,65.3604,449,27772,0.774661,0.57,2,1017240,1016791,449
85983961,58.5408,59.1442,448,27848,0.795864,0.55,2,1017294,1016846,448
85986881,39.0163,38.6577,449,27924,0.780346,0.57,2,1017320,1016871,449
85989801,33.6065,32.8631,450,28000,0.798138,0.69,2,1017350,1016900,450
85995641,62.257,60.9381,455,28151,0.923302,0.75,2,1017503,1017048,455
85998561,56.1028,54.3752,457,28226,0.939321,0.75,2,1017555,1017098,457
86001481,23.6411,22.9501,457,28301,0.945728,0.71,2,1017557,1017100,457
86004401,47.2565,46.38,458,28376,0.948291,0.71,2,1017620,1017162,458
86121201,68.3043,64.9562,491,31220,0.78616,1,2,1019674,1019183,491
86124121,45.9217,42.1825,495,31288,0.764464,1,2,1019705,1019210,495
86141641,43.0003,56.9414,507,31691,0.403334,1,1,1019964,1019457,507
86156241,29.6781,45.9191,478,32023,0.415519,0.67,1,1020183,1019705,478
86159161,23.8712,33.3676,473,32089,0.412208,0.69,1,1020203,1019730,473
86162081,50.9485,25.9471,521,32155,0.434883,0.67,1,1020272,1019751,521
86165001,46.7794,52.3788,495,32221,0.431953,0.51,1,1020316,1019821,495
86223401,11.6563,11.3351,455,33509,0.904939,0.75,2,1021103,1020648,455
86226321,46.6625,45.334,457,33572,0.919976,0.69,2,1021173,1020716,457
86229241,43.865,43.9336,456,33635,0.93799,0.67,2,1021215,1020759,456
86384001,39.6809,39.3799,486,36819,0.945263,1,2,1023470,1022984,486
86410281,53.2824,29.7494,546,37332,0.777427,1,2,1023800,1023254,546
86489121,57.7404,58.9081,448,38832,0.756124,0.51,2,1024815,1024367,448
86492041,37.4962,38.5632,447,38886,0.75245,0.49,2,1024839,1024392,447
86494961,33.5985,32.8253,449,38940,0.76298,0.53,2,1024870,1024421,449
86497881,26.6394,28.1301,446,38994,0.791192,0.57,2,1024892,1024446,446
86509561,34.5028,32.7313,456,39210,0.933934,0.69,2,1025043,1024587,456
86515401,28.0804,27.797,456,39318,0.940229,0.69,2,1025095,1024639,456
86705201,36.8032,40.2041,493,42668,0.9424,1,2,1027442,1026949,493
86711041,39.8485,34.0326,500,42766,0.910384,1,2,1027516,1027016,500
86731481,27.4382,30.2646,512,43109,0.416453,1,1,1027739,1027227,512
86737321,34.9901,38.6823,506,43207,0.267033,1,1,1027814,1027308,506
86743161,33.0784,31.0292,508,43305,0.0775252,0.96,1,1027876,1027368,508
86746081,35.4314,33.4117,510,43354,0.0610101,0.92,1,1027913,1027403,510
86749001,30.9725,36.7647,499,43403,0.042404,0.99,1,1027941,1027442,499
86751921,33.989,32.1059,506,43452,0.0229616,0.87,1,1027977,1027471,506
86754841,34.5956,39.8423,496,43501,0.0271846,0.81,1,1028012,1027516,496
86757761,29.4382,38.7369,484,43550,0.0408739,0.77,1,1028038,1027554,484
86760681,28.5753,32.2948,484,43598,0.0223495,0.55,1,1028066,1027582,484
86763601,30.0301,32.1179,483,43646,0.0629398,0.53,1,1028097,1027614,483
86766521,28.812,33.8472,476,43694,0.0551759,0.49,1,1028125,1027649,476
86769441,31.9248,32.7389,478,43742,0.0280704,0.41,1,1028159,1027681,478
86772361,23.5699,34.0955,461,43790,0.0292281,0.39,1,1028177,1027716,461
86775281,30.428,27.4382,473,43838,0.0296913,0.31,1,1028212,1027739,473
86778201,27.7712,34.9753,459,43886,0.0418765,0.21,1,1028238,1027779,459
86781121,26.7085,34.9901,450,43934,0.0347506,0.07,1,1028264,1027814,450
86784041,30.4834,30.196,456,43982,0.0319002,0.03,1,1028297,1027841,456
86786961,34.3934,33.0784,458,44030,0.0187601,0.05,1,1028334,1027876,458
86789881,31.7573,35.4314,451,44078,0.00750404,0.03,1,1028364,1027913,451
86792801,33.1029,30.9725,457,44126,0.00900162,0.01,1,1028398,1027941,457
86795721,35.4412,33.989,458,44174,0.00360065,0.03,1,1028435,1027977,458
86798641,28.5765,34.5956,447,44222,0.0434403,0.05,1,1028459,1028012,447
86801561,29.4306,29.4382,451,44270,0.0713761,0.01,1,1028489,1028038,451
86804481,30.3722,28.5753,454,44318,0.0945504,0.09,1,1028520,1028066,454
86807401,27.7489,30.0301,449,44366,0.0918202,0.05,1,1028546,1028097,449
86810321,31.4996,28.812,455,44414,0.0787281,0.01,1,1028580,1028125,455
86813241,23.9998,31.9248,440,44461,0.0734912,0.03,1,1028599,1028159,440
86827841,29.2685,30.4834,423,44696,0.0886213,0.01,1,1028720,1028297,423
86830761,33.3074,34.3934,422,44743,0.0654485,0,1,1028756,1028334,422
86833681,32.523,31.7573,424,44790,0.0561794,0.01,1,1028788,1028364,424
86836601,32.8092,33.1029,423,44837,0.0404718,0,1,1028821,1028398,423
86839521,36.5237,35.4412,425,44884,0.0341887,0.07,1,1028860,1028435,425
86842441,27.8095,28.5765,423,44931,0.0556755,0.09,1,1028882,1028459,423
86845361,31.5238,29.4306,427,44978,0.0642702,0.11,1,1028916,1028489,427
86848281,30.6095,30.3722,426,45025,0.0677081,0.09,1,1028946,1028520,426
86859961,10.7484,10.7999,426,45213,0.201365,0.13,1,1029027,1028601,426
86862881,25.2994,25.32,426,45260,0.266546,0.13,1,1029062,1028636,426
86865801,26.9197,26.928,426,45307,0.268618,0.11,1,1029090,1028664,426
86877481,31.0443,32.523,422,45492,0.263629,0.03,1,1029210,1028788,422
86880401,32.2177,32.8092,422,45538,0.255451,0.03,1,1029243,1028821,422
86883321,36.2871,36.5237,422,45584,0.204181,0.07,1,1029282,1028860,422
86897921,33.6433,31.1775,431,45814,0.218004,0.21,1,1029437,1029006,431
86900841,25.4573,23.871,432,45860,0.249202,0.21,1,1029457,1029025,432
86903761,11.3829,10.7484,432,45906,0.261681,0.21,1,1029459,1029027,432
86906681,26.7532,4.29936,469,45952,0.254672,0.31,1,1029496,1029027,469
86909601,27.5013,22.7197,462,45998,0.263869,0.27,1,1029524,1029062,462
86912521,25.4005,25.8879,458,46044,0.291548,0.33,1,1029548,1029090,458
86953401,28.5536,26.7532,463,46681,0.401401,0.27,1,1029959,1029496,463
86982601,30.7417,33.3143,467,47131,0.401368,0.37,1,1030268,1029801,467
86985521,37.4967,30.1257,481,47176,0.430547,0.37,1,1030310,1029829,481
86988441,27.5987,37.2503,460,47221,0.430219,0.39,1,1030331,1029871,460
86991361,12.2395,26.9001,442,47266,0.430088,0.39,1,1030333,1029891,442
87043921,28.3046,27.6383,446,48061,0.760047,0.49,2,1030844,1030398,446
87046841,12.5218,12.2553,446,48105,0.790019,0.53,2,1030846,1030400,446
87061441,30.4585,29.7453,451,48325,0.922211,0.63,2,1031000,1030549,451
87064361,36.7834,35.2981,453,48369,0.902885,0.67,2,1031041,1030588,453
87067281,28.5134,27.3193,454,48413,0.907154,0.69,2,1031064,1030610,454
87070201,33.0053,32.5277,454,48457,0.920861,0.69,2,1031100,1030646,454
87076041,32.6409,31.9644,455,48543,0.938138,0.71,2,1031166,1030711,455
87078961,38.8563,38.5858,455,48586,0.921255,0.71,2,1031209,1030754,455
87081881,28.7425,28.6343,455,48629,0.926502,0.71,2,1031231,1030776,455
87084801,12.697,12.6537,455,48672,0.928601,0.77,2,1031233,1030778,455
87312561,329.632,364.11,472,23360,0.418,0.83,1,1033950,1033478,472
87333001,105.661,118.138,455,24090,0.08008,0.33,1,1034112,1033657,455
87362201,116.064,131.855,437,23360,0.074032,0.31,1,1034235,1033798,437
87365121,76.4258,58.142,478,24178,0.0356128,0,1,1034285,1033807,478
87368041,50.9703,67.0568,439,24266,0.0442451,0,1,1034319,1033880,439
87370961,40.1881,44.8227,442,24353,0.023698,0.11,1,1034352,1033910,442
87373881,28.0752,31.7291,439,24440,0.0274792,0.05,1,1034372,1033933,439
87376801,67.6301,57.6916,458,24527,0.0109917,0.03,1,1034466,1034008,458
87379721,67.252,62.0767,460,24613,0.0223967,0.07,1,1034533,1034073,460
87382641,59.3008,66.2307,445,24699,0.0509587,0.03,1,1034587,1034142,445
87385561,65.7203,60.0923,459,24785,0.0383835,0.01,1,1034657,1034198,459
87391401,43.1553,50.8948,423,24956,0.0841414,0.01,1,1034742,1034319,423
87394321,36.4621,40.1579,422,25041,0.0396565,0.03,1,1034774,1034352,422
87397241,27.1848,28.0632,423,25126,0.0578626,0,1,1034795,1034372,423
87400161,68.4739,67.6253,425,25210,0.041145,0.03,1,1034891,1034466,425
87403081,65.7896,67.2501,422,25294,0.058458,0.07,1,1034955,1034533,422
87406001,58.7158,59.3,422,25378,0.0533832,0.03,1,1035009,1034587,422
87408921,68.4863,65.72,427,25461,0.0393533,0.03,1,1035084,1034657,427
87411841,57.3945,26.288,477,25544,0.0337413,0.15,1,1035134,1034657,477
87414761,41.5578,41.1152,457,25627,0.0434965,0.07,1,1035165,1034708,457
87417681,35.2231,36.8461,454,25710,0.0593986,0.01,1,1035196,1034742,454
87420601,26.6892,33.9384,443,25792,0.0777594,0.07,1,1035217,1034774,443
87423521,68.2757,26.1754,518,25874,0.0731038,0.03,1,1035313,1034795,518
87426441,65.7103,68.0702,486,25956,0.0952415,0.07,1,1035377,1034891,486
87429361,58.6841,65.6281,476,26038,0.0920966,0.05,1,1035431,1034955,476
87432281,67.8736,58.6512,496,26119,0.0908386,0.03,1,1035505,1035009,496
87435201,58.3495,68.4605,473,26200,0.0663355,0.03,1,1035557,1035084,473
87438121,41.9398,57.3842,454,26281,0.0565342,0.05,1,1035588,1035134,454
87441041,35.9759,41.5537,455,26362,0.0766137,0.07,1,1035620,1035165,455
87443961,28.1904,35.2215,447,26442,0.0846455,0.09,1,1035643,1035196,447
87446881,68.2761,26.6886,521,26522,0.0638582,0.07,1,1035738,1035217,521
87449801,66.3105,68.2754,490,26602,0.0435433,0.11,1,1035803,1035313,490
87452721,58.9242,65.7102,480,26682,0.0234173,0.09,1,1035857,1035377,480
87455641,66.1697,58.6841,497,26761,0.0513669,0.09,1,1035928,1035431,497
87458561,56.4679,67.8736,473,26840,0.0625468,0.05,1,1035978,1035505,473
87461481,23.7871,58.3495,423,26919,0.0670187,0.05,1,1035980,1035557,423
87464401,28.7149,41.9398,424,26998,0.0928075,0.09,1,1036012,1035588,424
87479001,58.3068,58.9242,423,27388,0.200582,0.07,1,1036280,1035857,423
87481921,67.1227,66.1697,425,27465,0.218233,0.07,1,1036353,1035928,425
87484841,56.8491,56.4679,425,27542,0.273293,0.07,1,1036403,1035978,425
87487761,23.9396,23.7871,425,27619,0.295317,0.11,1,1036405,1035980,425
87502361,65.6663,64.7671,430,28000,0.43465,0.21,1,1036656,1036226,430
87549081,27.6042,34.4351,473,29186,0.784285,0.61,2,1037383,1036910,473
87587041,62.9685,62.8467,465,30115,0.910811,0.85,2,1038077,1037612,465
87589961,71.9874,73.7387,462,30185,0.922324,0.81,2,1038155,1037693,462
87680481,69.4094,79.3985,524,32287,0.921614,0.97,2,1039626,1039102,524
87689241,32.9782,31.7935,513,32483,0.782103,1,2,1039708,1039195,513
87727201,26.3442,28.3165,452,33320,0.751794,0.59,2,1040220,1039768,452
87730121,37.5377,38.9266,451,33383,0.750718,0.65,2,1040265,1039814,451
87733041,68.4151,68.3706,452,33446,0.786287,0.57,2,1040354,1039902,452
87744721,63.8586,61.9567,455,33698,0.948353,0.71,2,1040546,1040091,455
87887801,37.6442,36.3313,490,36646,0.903549,1,2,1042561,1042071,490
87902401,53.8575,59.6482,480,36933,0.94698,1,2,1042770,1042290,480
88068841,40.0071,33.6828,498,40063,0.9184,1,2,1044964,1044466,498
88077601,28.0005,29.8757,532,40222,0.798698,1,2,1045052,1044520,532
88080521,21.4002,34.7503,511,40274,0.781479,1,2,1045069,1044558,511
88095121,36.4966,42.7437,506,40534,0.426418,1,1,1045274,1044768,506
88106801,36.4591,52.0174,498,40742,0.296756,0.88,1,1045430,1044932,498
88109721,32.5836,40.007,496,40794,0.280703,0.77,1,1045460,1044964,496
88112641,29.8335,37.0028,489,40846,0.250281,0.85,1,1045488,1044999,489
88115561,27.5334,31.0011,488,40898,0.262112,0.77,1,1045514,1045026,488
88118481,18.2134,28.0004,474,40950,0.254845,0.77,1,1045526,1045052,474
88121401,27.0853,21.4002,490,41002,0.251938,0.65,1,1045559,1045069,490
88124321,34.8341,31.9601,491,41053,0.226775,0.53,1,1045599,1045108,491
88127241,42.7337,37.384,498,41104,0.20471,0.43,1,1045647,1045149,498
88130161,38.0935,47.3536,479,41155,0.231884,0.47,1,1045682,1045203,479
88133081,36.2374,41.7414,476,41206,0.242754,0.39,1,1045717,1045241,476
88136001,33.095,36.4966,474,41257,0.235101,0.35,1,1045748,1045274,474
88138921,31.238,36.7986,467,41308,0.280041,0.25,1,1045778,1045311,467
88141841,48.4952,32.1195,498,41359,0.250016,0.31,1,1045838,1045340,498
88144761,35.5981,50.6478,462,41410,0.226006,0.29,1,1045865,1045403,462
88147681,31.6392,36.4591,464,41461,0.204403,0.27,1,1045894,1045430,464
88150601,28.8557,32.5836,461,41512,0.219761,0.23,1,1045921,1045460,461
88153521,12.7423,29.8335,435,41563,0.225904,0.27,1,1045923,1045488,435
88156441,20.0969,27.5334,434,41614,0.240362,0.25,1,1045948,1045514,434
88159361,15.2388,18.2134,434,41665,0.246145,0.25,1,1045960,1045526,434
88162281,25.8955,27.0853,434,41716,0.236458,0.21,1,1045993,1045559,434
88165201,33.1582,34.8341,432,41767,0.256583,0.19,1,1046031,1045599,432
88168121,42.6633,42.7337,433,41818,0.264633,0.25,1,1046080,1045647,433
88182721,46.2058,48.4952,431,42068,0.447987,0.21,1,1046269,1045838,431
88223601,47.8379,46.2058,444,42766,0.781012,0.47,2,1046713,1046269,444
88244041,27.0371,10.3336,483,43109,0.902012,0.55,2,1046875,1046392,483
88252801,41.3304,42.0853,491,43256,0.908049,0.67,2,1047004,1046513,491
88255721,41.1321,40.2341,493,43305,0.90922,0.69,2,1047045,1046552,493
88258641,36.8529,38.2937,490,43354,0.921688,0.75,2,1047079,1046589,490
88261561,35.7411,35.7175,491,43403,0.914675,0.75,2,1047114,1046623,491
88264481,49.0965,34.087,516,43452,0.93587,0.81,2,1047172,1046656,516
88267401,38.8386,47.8348,491,43501,0.932348,0.83,2,1047204,1046713,491
88468881,180.943,185.342,513,21270,0.2884,1,1,1049461,1048948,513
88474721,89.0709,96.9748,501,21469,0.092944,0.91,1,1049635,1049134,501
88477641,65.0284,74.1899,491,21568,0.0671776,0.71,1,1049684,1049193,491
88480561,75.8114,72.276,503,21666,0.080871,0.49,1,1049767,1049264,503
88483481,39.3245,67.9104,453,21764,0.0743484,0.39,1,1049782,1049329,453
88495161,67.5827,72.3417,422,22151,0.0875833,0.05,1,1050057,1049635,422
88498081,58.8331,58.3367,426,22247,0.0890333,0.09,1,1050110,1049684,426
88501001,72.1332,73.1347,424,22342,0.0896133,0.07,1,1050191,1049767,424
88521441,72.7397,58.2645,505,22999,0.223607,0.09,1,1050615,1050110,505
88524361,42.2959,71.9058,446,23091,0.263443,0.13,1,1050637,1050191,446
88527281,36.1184,40.1623,459,23183,0.279377,0.17,1,1050669,1050210,459
88533121,94.5789,55.506,548,23365,0.4011,0.13,1,1050859,1050311,548
88536041,67.2316,94.8024,476,23456,0.41844,0.15,1,1050908,1050432,476
88591521,44.6924,43.9841,454,25117,0.760324,0.63,2,1051976,1051522,454
88594441,37.077,37.3936,453,25201,0.77813,0.65,2,1052008,1051555,453
88597361,61.0308,59.9575,455,25285,0.785252,0.69,2,1052085,1051630,455
88600281,25.6123,25.183,455,25369,0.788101,0.73,2,1052087,1051632,455
88609041,61.5912,43.2277,517,25619,0.916118,0.71,2,1052320,1051803,517
88731681,62.3947,76.4442,533,28886,0.284698,1,1,1054647,1054114,533
88737521,45.3832,50.5111,521,29032,0.0803517,1,1,1054739,1054218,521
88740441,38.5533,46.0044,512,29105,0.0501407,1,1,1054773,1054261,512
88743361,40.0213,42.4018,513,29178,0.0500563,0.96,1,1054814,1054301,513
88746281,44.2085,40.3607,521,29251,0.0740225,1,1,1054861,1054340,521
88749201,40.4834,48.5443,505,29323,0.095609,0.76,1,1054899,1054394,505
88760881,55.1708,62.3947,479,29611,0.0755516,0.07,1,1055126,1054647,479
88763801,42.4683,57.9579,458,29682,0.0482206,0.03,1,1055160,1054702,458
88766721,37.3873,45.3832,455,29753,0.0492883,0.03,1,1055194,1054739,455
88769641,40.1549,38.5533,463,29824,0.0377153,0.05,1,1055236,1054773,463
88772561,17.262,40.0213,424,29895,0.0330861,0.09,1,1055238,1054814,424
88775481,36.9048,44.2085,427,29966,0.0552345,0.11,1,1055288,1054861,427
88778401,36.9619,40.4834,426,30037,0.0640938,0.11,1,1055325,1054899,426
88781321,39.9848,40.7934,427,30107,0.0796375,0.13,1,1055367,1054940,427
88793001,40.7244,42.4683,423,30387,0.203975,0.05,1,1055583,1055160,423
88801761,17.4864,17.262,425,30595,0.0939344,0.07,1,1055663,1055238,425
88819281,52.8764,52.311,431,31008,0.201134,0.21,1,1055981,1055550,431
88822201,40.3506,40.7244,430,31076,0.254454,0.13,1,1056013,1055583,430
88825121,35.9402,37.2898,428,31144,0.263781,0.11,1,1056046,1055618,428
88828041,38.3761,40.7159,425,31212,0.291513,0.07,1,1056086,1055661,425
88833881,37.8202,6.99454,477,31348,0.283042,0.11,1,1056140,1055663,477
88836801,35.5281,32.7978,461,31415,0.251217,0.11,1,1056174,1055713,461
88839721,43.0112,34.1191,474,31482,0.274487,0.21,1,1056222,1055748,474
88857241,38.8089,35.9334,474,31883,0.415961,0.31,1,1056520,1056046,474
88860161,16.7236,38.3733,436,31949,0.424385,0.31,1,1056522,1056086,436
88863081,36.6894,16.5493,484,32015,0.439754,0.27,1,1056572,1056088,484
88866001,35.0758,37.8197,466,32081,0.445902,0.23,1,1056606,1056140,466
88906881,55.6061,53.5808,456,32992,0.751529,0.67,2,1057248,1056792,456
88909801,58.2424,58.0323,455,33056,0.774611,0.69,2,1057308,1056853,455
88912721,45.497,43.0129,459,33120,0.783845,0.75,2,1057345,1056886,459
88915641,38.5988,38.8052,457,33184,0.787538,0.71,2,1057379,1056922,457
88939001,57.2798,55.6061,460,33690,0.911301,0.79,2,1057708,1057248,460
89052881,35.3188,30.5111,501,36058,0.946,1,2,1059345,1058844,501
89055801,30.9275,33.2044,494,36117,0.9364,1,2,1059373,1058879,494
89058721,31.571,33.6818,492,36176,0.92056,1,2,1059405,1058913,492
89064561,32.2914,34.7891,495,36292,0.91409,1,2,1059469,1058974,495
89073321,40.1786,34.0745,498,36466,0.434582,1,1,1059629,1059131,498
89082081,47.1394,44.4928,487,36640,0.270453,1,1,1059761,1059274,487
89085001,37.4558,41.7971,478,36698,0.210181,0.91,1,1059792,1059314,478
89131721,30.9169,29.9577,456,37608,0.233595,0.13,1,1060330,1059874,456
89134641,27.3667,29.9831,451,37664,0.255438,0.15,1,1060355,1059904,451
89137561,59.5467,27.5932,506,37720,0.288175,0.11,1,1060436,1059930,506
89152161,44.8878,38.8266,476,38000,0.400785,0.15,1,1060620,1060144,476
89155081,36.5551,43.1306,461,38056,0.430314,0.15,1,1060651,1060190,461
89225161,16.4641,16.5993,445,39366,0.753534,0.47,2,1061455,1061010,445
89228081,38.9857,39.0397,445,39420,0.787414,0.49,2,1061509,1061064,445
89231001,35.9943,35.4159,446,39474,0.776965,0.51,2,1061543,1061097,446
89233921,27.5977,26.7664,447,39528,0.784786,0.59,2,1061565,1061118,447
89251441,43.0287,41.2549,457,39846,0.911703,0.75,2,1061804,1061347,457
89257281,36.2846,35.4008,458,39952,0.929472,0.73,2,1061871,1061413,458
89260201,38.5138,38.1603,458,40005,0.941789,0.77,2,1061911,1061453,458
89263121,16.6055,16.4641,458,40058,0.946716,0.77,2,1061913,1061455,458
89266041,39.6422,6.58565,513,40111,0.936686,0.81,2,1061968,1061455,513
89268961,36.2569,35.0343,493,40164,0.932674,0.77,2,1062002,1061509,493
89271881,28.9028,34.4137,483,40217,0.90707,0.79,2,1062026,1061543,483
89274801,27.1611,26.9655,487,40270,0.908828,0.83,2,1062052,1061565,487
89277721,33.0644,26.9862,497,40322,0.921531,0.83,2,1062089,1061592,497
89406201,70.1967,69.2681,486,42564,0.945995,1,2,1063685,1063199,486
89409121,52.0787,42.7072,501,42614,0.936398,1,2,1063725,1063224,501
89412041,41.2315,36.8829,502,42664,0.944559,1,2,1063759,1063257,502
89414961,32.0926,38.7532,488,42713,0.929824,0.92,2,1063785,1063297,488
89417881,33.237,35.3013,489,42762,0.929929,1,2,1063819,1063330,489
89426641,35.0792,34.7313,488,42909,0.940556,1,2,1063917,1063429,488
89432481,27.0927,23.677,487,43007,0.929289,1,2,1063960,1063473,487
89441241,20.2859,27.6753,494,43154,0.941475,1,2,1064025,1063531,494
89444161,27.9144,26.0701,502,43203,0.94659,1,2,1064058,1063556,502
89447081,66.9658,29.6281,563,43252,0.948636,0.91,2,1064151,1063588,563
89664621,198.994,197.729,507,21270,0.238,0.93,1,1066677,1066170,507
89670461,83.079,91.9967,484,21469,0.05008,0.57,1,1066799,1066315,484
89673381,80.6316,85.9987,481,21568,0.038032,0.41,1,1066878,1066397,481
89676301,65.8526,71.5995,475,21666,0.0332128,0.19,1,1066934,1066459,475
89679221,47.9411,66.4398,448,21764,0.0552851,0.17,1,1066970,1066522,448
89682141,32.3764,46.9759,436,21861,0.0881141,0.07,1,1066992,1066556,436
89685061,77.7506,91.3904,423,21958,0.0412456,0.05,1,1067100,1066677,423
89687981,68.3002,73.1561,424,22055,0.0704983,0,1,1067162,1066738,424
89690901,63.3201,65.8625,423,22151,0.0461993,0.03,1,1067222,1066799,423
89693821,72.728,73.745,423,22247,0.0844797,0.03,1,1067301,1066878,423
89696741,63.8912,63.098,425,22342,0.0877919,0.07,1,1067359,1066934,425
89708421,68.49,69.9097,485,22720,0.0719915,0.09,1,1067585,1067100,485
89711341,62.196,65.1639,481,22813,0.0467966,0.03,1,1067643,1067162,481
89714261,74.0784,62.0656,503,22906,0.0727186,0.11,1,1067725,1067222,503
89717181,65.0314,72.2262,483,22999,0.0710875,0.09,1,1067784,1067301,483
89720101,48.2125,63.6905,462,23091,0.082435,0.11,1,1067821,1067359,462
89723021,33.085,47.0762,449,23183,0.098974,0.17,1,1067844,1067395,449
89734701,75.7558,62.194,507,23546,0.202934,0.09,1,1068150,1067643,507
89737621,65.1023,74.0776,483,23636,0.243174,0.07,1,1068208,1067725,483
89740541,48.8409,65.031,462,23726,0.259269,0.09,1,1068246,1067784,462
89743461,33.9364,48.2124,449,23815,0.277708,0.11,1,1068270,1067821,449
89752221,51.0359,66.9736,432,24081,0.404893,0.21,1,1068440,1068008,432
89755141,54.0144,60.3894,432,24169,0.419957,0.21,1,1068496,1068064,432
89804781,76.0197,43.6457,536,25619,0.761191,0.57,2,1069476,1068940,536
89807701,68.8079,70.8583,511,25702,0.766476,0.59,2,1069540,1069029,511
89831061,68.7976,76.0165,523,26354,0.928116,0.77,2,1069999,1069476,523
89927421,43.1016,45.9445,519,28886,0.250521,1,1,1071731,1071212,519
89933261,51.4163,81.9911,500,29032,0.0700833,1,1,1071870,1071370,500
89936181,34.9665,50.7964,494,29105,0.0460333,0.94,1,1071894,1071400,494
89939101,40.3866,35.3186,513,29178,0.0484133,0.84,1,1071938,1071425,513
89942021,33.5546,42.3274,495,29251,0.0733653,0.77,1,1071967,1071472,495
89944941,62.0219,38.531,540,29323,0.0713461,0.51,1,1072048,1071508,540
89947861,42.2087,74.2124,471,29395,0.0825385,0.35,1,1072077,1071606,471
89962461,35.0911,51.4163,448,29753,0.0956644,0.03,1,1072318,1071870,448
89977061,41.9686,42.2087,429,30107,0.204048,0.17,1,1072506,1072077,429
89979981,49.1874,48.6835,430,30177,0.219619,0.17,1,1072560,1072130,430
89982901,35.875,35.6734,430,30247,0.213848,0.13,1,1072587,1072157,430
89985821,77.95,79.0694,428,30317,0.283539,0.13,1,1072693,1072265,428
89994581,40.7728,39.8364,428,30526,0.298227,0.13,1,1072789,1072361,428
89997501,17.5091,17.1346,428,30595,0.293291,0.13,1,1072791,1072363,428
90000421,26.8036,26.0538,429,30664,0.291316,0.19,1,1072824,1072395,429
90003341,60.5215,58.4215,432,30733,0.266527,0.23,1,1072907,1072475,432
90006261,42.2086,41.9686,431,30802,0.280611,0.23,1,1072937,1072506,431
90009181,49.2834,49.1874,431,30871,0.298244,0.21,1,1072991,1072560,431
90017941,46.6421,45.58,436,31076,0.417248,0.31,1,1073153,1072717,436
90020861,34.2569,34.432,435,31144,0.436899,0.29,1,1073179,1072744,435
90023781,40.1027,40.7728,434,31212,0.44476,0.29,1,1073223,1072789,434
90029621,26.0964,7.00365,466,31348,0.441962,0.29,1,1073257,1072791,466
90076341,47.9012,84.1741,473,32410,0.765815,0.57,2,1074043,1073570,473
90219421,60.9405,28.0095,561,35466,0.946,1,2,1076131,1075570,561
90222341,41.1762,62.8038,503,35526,0.9364,1,2,1076159,1075656,503
90280741,36.2931,34.6732,455,36698,0.753762,0.59,2,1076926,1076471,455
90283661,30.7173,30.0693,455,36756,0.763505,0.69,2,1076953,1076498,455
90286581,29.6869,30.6277,453,36813,0.791402,0.75,2,1076982,1076529,453
90298261,33.1264,32.5217,457,37041,0.917428,0.77,2,1077136,1076679,457
90307021,68.0001,8.70539,556,37212,0.931115,0.71,2,1077280,1076724,556
90453021,61.6414,65.0206,501,39952,0.934,1,2,1079203,1078702,501
90455941,45.0566,52.4082,491,40005,0.9256,1,2,1079237,1078746,491
90461781,31.569,14.6253,526,40111,0.917296,1,2,1079298,1078772,526
90464701,31.2276,22.0501,530,40164,0.912918,1,2,1079329,1078799,530
90467621,34.091,23.2201,542,40217,0.905167,1,2,1079365,1078823,542
90479301,35.1015,46.3912,507,40426,0.942372,1,2,1079512,1079005,507
90508501,29.6805,34.091,497,40946,0.282219,1,1,1079862,1079365,497
90511421,39.4722,29.8364,516,40998,0.238888,1,1,1079908,1079392,516
90514341,38.5889,40.1346,507,41049,0.233555,0.97,1,1079946,1079439,507
90517261,34.0356,41.2538,496,41100,0.219422,0.92,1,1079977,1079481,496
90520181,28.6142,35.1015,490,41151,0.213769,0.87,1,1080002,1079512,490
90523101,23.4457,29.0406,485,41202,0.223508,0.83,1,1080022,1079537,485
90528941,56.4313,31.5265,531,41304,0.202561,0.59,1,1080129,1079598,531
90531861,36.9725,60.6106,475,41355,0.255024,0.51,1,1080153,1079678,475
90537701,27.7556,36.4577,468,41457,0.294004,0.43,1,1080208,1079740,468
90540621,27.3022,31.3831,467,41508,0.291602,0.35,1,1080235,1079768,467
90543541,12.1209,31.7532,437,41559,0.290641,0.29,1,1080237,1079800,437
90555221,37.6735,38.5889,433,41763,0.428448,0.21,1,1080379,1079946,433
90619461,26.6711,26.3969,448,42860,0.771081,0.57,2,1081090,1080642,448
90628221,24.3629,24.9454,447,43007,0.756629,0.51,2,1081155,1080708,447
90631141,27.7452,9.97816,477,43056,0.776652,0.57,2,1081185,1080708,477
90634061,37.4981,21.9913,491,43105,0.796661,0.57,2,1081229,1080738,491
90636981,40.1992,35.1965,489,43154,0.792664,0.57,2,1081271,1080782,489
90677861,41.6306,37.4981,505,43834,0.90429,0.79,2,1081734,1081229,505
90680781,35.8522,40.1992,495,43882,0.931716,0.85,2,1081766,1081271,495
90683701,30.5409,35.2797,490,43930,0.930686,0.85,2,1081793,1081303,490
90686621,26.0164,30.3119,486,43978,0.918275,0.87,2,1081816,1081330,486
90689541,29.6065,25.3248,496,44026,0.92531,0.85,2,1081848,1081352,496
90692461,61.6426,29.9299,546,44074,0.940124,0.85,2,1081931,1081385,546
90853061,26.3213,27.8027,508,46633,0.949622,1,2,1083657,1083149,508
90858901,30.2514,29.2884,516,46723,0.94034,1,2,1083722,1083206,516
90864741,22.3602,28.6861,501,46813,0.941254,1,2,1083765,1083264,501
90867661,46.7441,24.0745,543,46858,0.946502,1,2,1083828,1083285,543
90879341,36.803,31.1011,511,47038,0.949238,0.97,2,1083955,1083444,511
90882261,32.1212,34.6404,503,47083,0.931695,1,2,1083984,1083481,503
91048701,341.51,358.863,499,21900,0.418,0.95,1,1086152,1085653,499
91053081,212.204,237.145,469,21900,0.2092,0.87,1,1086278,1085809,469
91093961,69.3527,62.3032,485,22724,0.085072,0.49,1,1086352,1085867,485
91096881,63.7411,74.1213,463,22817,0.0640288,0.27,1,1086412,1085949,463
91105641,38.4954,48.8318,438,23095,0.0777778,0.03,1,1086559,1086121,438
91108561,50.1982,38.1327,465,23187,0.0611111,0.03,1,1086617,1086152,465
91111481,71.6793,58.4531,479,23278,0.0304445,0.09,1,1086703,1086224,479
91114401,72.4717,70.7812,473,23369,0.0661778,0.05,1,1086776,1086303,473
91117321,64.3887,57.7125,483,23460,0.0684711,0.05,1,1086835,1086352,483
91126081,36.8089,47.4936,455,23730,0.200462,0.05,1,1086982,1086527,455
91129001,49.5236,38.1974,481,23819,0.254185,0.05,1,1087040,1086559,481
91131921,70.8094,50.079,508,23908,0.227674,0.01,1,1087125,1086617,508
91134841,29.5238,71.6316,424,23997,0.21707,0.09,1,1087127,1086703,424
91137761,55.6095,72.4526,424,24085,0.224828,0.07,1,1087200,1086776,424
91140681,58.2438,64.3811,425,24173,0.227931,0.13,1,1087260,1086835,425
91143601,78.4975,78.5524,429,24261,0.241172,0.19,1,1087352,1086923,429
91146521,51.799,50.021,432,24348,0.222469,0.23,1,1087386,1086954,432
91152361,49.9278,49.5234,434,24522,0.238395,0.21,1,1087474,1087040,434
91155281,68.5711,70.8093,430,24608,0.257358,0.21,1,1087555,1087125,430
91158201,28.6285,29.5237,430,24694,0.240943,0.23,1,1087557,1087127,430
91161121,55.8514,55.6095,431,24780,0.270377,0.23,1,1087631,1087200,431
91175721,50.8567,49.9278,433,25205,0.441805,0.27,1,1087907,1087474,433
91213681,81.3775,59.6755,545,26277,0.758438,0.63,2,1088673,1088128,545
91216601,54.151,79.6702,488,26358,0.777375,0.67,2,1088709,1088221,488
91219521,43.2604,52.2681,490,26438,0.79695,0.69,2,1088745,1088255,490
91225361,72.8017,53.3629,541,26598,0.927912,0.73,2,1088892,1088351,541
91324641,28.3062,34.6995,505,29182,0.9328,1,2,1090627,1090122,505
91345081,56.3912,78.5349,504,29686,0.437409,1,1,1091049,1090545,504
91353841,28.617,28.3062,504,29899,0.405514,1,1,1091131,1090627,504
91362601,39.6555,49.9076,457,30111,0.426993,0.69,1,1091261,1090804,457
91365521,57.2622,61.363,457,30181,0.428797,0.65,1,1091330,1090873,457
91429761,70.419,46.4862,534,31687,0.770383,0.67,2,1092343,1091809,534
91450201,40.7946,61.428,483,32151,0.913587,0.73,2,1092604,1092121,483
91453121,57.1178,40.1712,525,32217,0.923435,0.73,2,1092672,1092147,525
91657521,37.1817,48.4581,496,36527,0.915616,1,2,1095682,1095186,496
91660441,44.8727,40.3833,511,36585,0.948246,1,2,1095732,1095221,511
91683801,44.9648,45.8393,491,37044,0.270629,1,1,1096066,1095575,491
91686721,37.7859,41.1357,486,37101,0.258252,1,1,1096099,1095613,486
91689641,25.3144,34.4543,473,37158,0.241301,1,1,1096116,1095643,473
91724681,23.9332,37.785,447,37835,0.21751,0.23,1,1096546,1096099,447
91727601,31.1733,25.314,466,37891,0.261004,0.17,1,1096582,1096116,466
91730521,40.0693,32.3256,475,37947,0.254402,0.19,1,1096628,1096153,475
91733441,39.4277,41.1302,467,38003,0.299761,0.15,1,1096667,1096200,467
91736361,36.7711,40.4521,462,38059,0.281904,0.15,1,1096702,1096240,462
91748041,33.6725,36.4116,461,38280,0.405377,0.21,1,1096837,1096376,461
91750961,43.469,33.7646,479,38335,0.420151,0.15,1,1096887,1096408,479
91829801,42.815,43.8858,449,39795,0.770257,0.61,2,1097823,1097374,449
91832721,40.526,39.1543,452,39848,0.794103,0.65,2,1097862,1097410,452
91835641,25.8104,25.2617,452,39901,0.779641,0.61,2,1097878,1097426,452
91859001,39.7474,28.5664,499,40323,0.925389,0.63,2,1098151,1097652,499
92048801,32.5601,31.089,516,43595,0.94,1,2,1100434,1099918,516
92054641,30.6496,30.6542,509,43691,0.9268,1,2,1100492,1099983,509
92060481,34.3039,37.5447,503,43787,0.756688,1,2,1100562,1100059,503
92078001,34.6725,37.2948,508,44075,0.265051,1,1,1100777,1100269,508
92080921,37.869,35.3179,514,44123,0.20802,1,1,1100817,1100303,514
92089681,29.4716,34.9003,503,44267,0.216593,0.9,1,1100906,1100403,503
92092601,24.3886,32.5601,493,44315,0.236637,0.86,1,1100927,1100434,493
92095521,26.5555,28.6241,495,44363,0.256655,0.95,1,1100955,1100460,495
92098441,28.0222,30.6496,492,44411,0.264662,0.81,1,1100984,1100492,492
92101361,29.2089,33.2598,487,44458,0.267865,0.69,1,1101014,1100527,487
92104281,12.8835,34.3039,454,44505,0.293146,0.69,1,1101016,1100562,454
92107201,20.1534,29.9216,452,44552,0.291258,0.55,1,1101041,1100589,452
92124721,37.7222,37.869,432,44834,0.290769,0.13,1,1101249,1100817,432
92139321,28.0957,26.5555,436,45069,0.284651,0.27,1,1101391,1100955,436
92156841,31.4641,32.0245,436,45351,0.417055,0.35,1,1101546,1101110,436
92159761,37.7856,37.4098,437,45398,0.424822,0.29,1,1101588,1101151,437
92162681,27.1143,28.7639,434,45444,0.403929,0.33,1,1101608,1101174,434
92165601,32.4457,31.3056,437,45490,0.431572,0.27,1,1101644,1101207,437
92241521,35.2632,18.518,493,46679,0.768911,0.61,2,1102406,1101913,493
92264881,32.2573,35.4051,486,47039,0.903035,0.71,2,1102677,1102191,486
92267801,24.9029,32.1621,476,47084,0.907214,0.71,2,1102697,1102221,476
92270721,29.1612,24.8648,488,47129,0.920886,0.73,2,1102729,1102241,488
92273641,32.0645,28.5459,491,47174,0.938354,0.75,2,1102763,1102272,491
92469281,26.3056,22.0983,520,50077,0.94168,1,2,1104761,1104241,520
92532061,74.0329,87.5911,446,23541,0.0531692,0.01,1,1105500,1105054,446
92534981,77.0132,70.4364,466,23631,0.0512677,0.03,1,1105579,1105113,466
92537901,57.8053,68.9746,443,23721,0.0505071,0,1,1105624,1105181,443
92540821,55.5221,55.1898,451,23810,0.0262028,0.01,1,1105678,1105227,451
92543741,31.8088,40.6759,436,23899,0.0404811,0.05,1,1105694,1105258,436
92546661,29.5235,36.0704,431,23988,0.0221925,0.01,1,1105722,1105291,431
92549581,64.6094,55.8281,450,24076,0.050877,0.09,1,1105810,1105360,450
92555421,56.1775,60.8925,423,24252,0.0621403,0.05,1,1105923,1105500,423
92558341,69.871,71.757,423,24339,0.0308561,0.05,1,1106002,1105579,423
92561261,54.9484,55.7028,423,24426,0.0423424,0.01,1,1106047,1105624,423
92564181,53.7794,54.6811,422,24513,0.022937,0.05,1,1106100,1105678,422
92567101,32.3117,31.4724,424,24599,0.0271748,0.01,1,1106118,1105694,424
92570021,28.5247,29.389,422,24685,0.0528699,0.07,1,1106144,1105722,422
92572941,64.8099,64.5556,423,24771,0.039148,0.15,1,1106233,1105810,423
92575861,64.324,62.4222,426,24857,0.0936592,0.03,1,1106297,1105871,426
92581701,69.2118,69.8676,422,25027,0.0473855,0.05,1,1106424,1106002,422
92584621,54.6847,54.947,422,25112,0.0249542,0.01,1,1106469,1106047,422
92587541,53.6739,53.7788,422,25196,0.00998167,0.03,1,1106522,1106100,422
92590461,32.2696,32.3115,422,25280,0.0219927,0.07,1,1106540,1106118,422
92593381,29.7078,28.5246,424,25364,0.0267971,0.03,1,1106568,1106144,424
92596301,64.0831,64.8098,422,25448,0.0167188,0.03,1,1106655,1106233,422
92599221,67.0333,25.9239,491,25531,0.0486875,0.13,1,1106724,1106233,491
92602141,53.8133,48.7696,472,25614,0.097475,0.11,1,1106769,1106297,472
92605061,67.7253,48.3078,501,25697,0.04499,0.01,1,1106846,1106345,501
92607981,54.0901,66.7231,467,25779,0.035996,0.01,1,1106891,1106424,467
92610901,52.8361,53.6893,474,25861,0.0143984,0,1,1106943,1106469,474
92613821,31.9344,53.2757,439,25943,0.0117594,0.03,1,1106961,1106522,439
92616741,30.1738,32.1103,450,26025,0.0227037,0.03,1,1106990,1106540,450
92619661,63.6695,29.6441,508,26106,0.0510815,0.01,1,1107076,1106568,508
92622581,68.6678,64.0576,493,26187,0.0624326,0.07,1,1107148,1106655,493
92625501,56.2671,67.0231,472,26268,0.066973,0.13,1,1107196,1106724,472
92628421,66.3068,53.8092,500,26349,0.0447892,0.01,1,1107269,1106769,500
92631341,52.9227,67.7237,467,26429,0.0479157,0.03,1,1107313,1106846,467
92634261,52.3691,54.0895,474,26509,0.0191663,0,1,1107365,1106891,474
92637181,32.3476,52.8358,441,26589,0.0256665,0.01,1,1107384,1106943,441
92640101,29.7391,31.9343,451,26669,0.0402666,0.03,1,1107412,1106961,451
92643021,63.4956,30.1737,508,26748,0.0461066,0.07,1,1107498,1106990,508
92645941,69.7982,63.6695,496,26827,0.0724427,0.07,1,1107572,1107076,496
92648861,56.7193,68.6678,472,26906,0.0589771,0.07,1,1107620,1107148,472
92651781,23.8877,56.2671,426,26985,0.0535908,0.03,1,1107622,1107196,426
92654701,52.1551,66.3068,424,27063,0.0994363,0.05,1,1107693,1107269,424
92663461,32.1619,32.3476,424,27297,0.0771639,0.05,1,1107808,1107384,424
92666381,29.6648,29.7391,424,27375,0.0848656,0.05,1,1107836,1107412,424
92669301,63.4659,63.4956,424,27452,0.0759462,0.09,1,1107922,1107498,424
92672221,70.9864,69.7982,426,27529,0.0963785,0.05,1,1107998,1107572,426
92675141,55.9945,56.7193,424,27606,0.0925514,0.05,1,1108044,1107620,424
92678061,23.5978,23.8877,424,27683,0.0910206,0.13,1,1108046,1107622,424
92686821,48.2623,48.9048,425,27912,0.207665,0.05,1,1108212,1107787,425
92689741,31.3049,32.1619,424,27988,0.221066,0.09,1,1108232,1107808,424
92692661,29.322,29.6648,424,28064,0.214426,0.07,1,1108260,1107836,424
92695581,62.7288,63.4659,423,28139,0.235771,0.11,1,1108345,1107922,423
92698501,71.8915,70.9864,425,28214,0.244308,0.09,1,1108423,1107998,425
92701421,56.9566,55.9945,426,28289,0.271723,0.09,1,1108470,1108044,426
92713101,48.8149,46.3903,478,28587,0.410588,0.23,1,1108642,1108164,478
92716021,32.126,47.3561,451,28661,0.434235,0.23,1,1108663,1108212,451
92718941,29.6504,30.9424,459,28735,0.431694,0.21,1,1108691,1108232,459
92721861,62.8602,29.177,516,28809,0.442678,0.25,1,1108776,1108260,516
92724781,71.9441,62.6708,509,28882,0.447071,0.25,1,1108854,1108345,509
92771501,28.296,32.2803,453,30033,0.751204,0.61,2,1109557,1109104,453
92794861,22.5469,22.3498,456,30591,0.904166,0.75,2,1109940,1109484,456
92797781,43.2187,40.7399,460,30660,0.931666,0.77,2,1109997,1109537,460
92902901,59.5941,61.1481,483,33054,0.91,1,2,1111693,1111210,483
92905821,35.2376,34.0592,486,33118,0.91,1,2,1111712,1111226,486
92914581,46.0792,35.8278,505,33310,0.43912,1,1,1111879,1111374,505
92920421,28.9727,31.8924,495,33436,0.265859,1,1,1111930,1111435,495
92923341,30.7891,28.957,500,33499,0.232344,1,1,1111962,1111462,500
92935021,50.8906,59.5941,466,33751,0.091436,0.91,1,1112159,1111693,466
92937941,29.9562,35.2376,463,33814,0.0425744,0.73,1,1112175,1111712,463
92940861,42.5825,49.4951,455,33877,0.0470298,0.47,1,1112226,1111771,455
92943781,55.433,64.198,445,33939,0.0488119,0.33,1,1112290,1111845,445
92946701,38.3732,46.0792,438,34001,0.0615248,0.29,1,1112317,1111879,438
92949621,26.7493,33.4317,432,34063,0.0666099,0.21,1,1112336,1111904,432
92952541,25.6997,28.9727,431,34125,0.092644,0.21,1,1112361,1111930,431
92964221,55.9827,32.4265,492,34373,0.259892,0.11,1,1112535,1112043,492
92967141,49.9931,54.9706,468,34435,0.289957,0.07,1,1112581,1112113,468
92978821,38.1918,55.3496,449,34679,0.296143,0.07,1,1112739,1112290,449
92981741,27.2767,38.3399,442,34740,0.292457,0.07,1,1112759,1112317,442
92984661,26.5107,26.7359,449,34801,0.290983,0.11,1,1112785,1112336,449
93013861,27.14,38.1918,455,35404,0.405567,0.29,1,1113194,1112739,455
93016781,26.456,27.2767,461,35464,0.408227,0.29,1,1113220,1112759,461
93019701,33.3824,26.5107,473,35524,0.433291,0.33,1,1113258,1112785,473
93022621,33.153,32.2043,470,35584,0.431316,0.33,1,1113291,1112821,470
93083941,27.2682,27.433,449,36811,0.754737,0.57,2,1114085,1113636,449
93086861,26.5073,27.1732,448,36868,0.775895,0.59,2,1114111,1113663,448
93089781,34.6029,34.2693,449,36925,0.796358,0.57,2,1114151,1113702,449
93104381,51.8843,20.7317,505,37210,0.902251,0.77,2,1114362,1113857,505
93107301,30.3537,37.0927,473,37267,0.9189,0.73,2,1114378,1113905,473
93294181,33.0379,43.4517,494,40736,0.7749,0.85,2,1116799,1116305,494
93300021,33.2461,33.9523,495,40840,0.797184,0.79,2,1116863,1116368,495
93305861,37.9594,43.7124,491,40944,0.793549,0.59,2,1116945,1116454,491
93308781,35.5837,38.4849,490,40996,0.76742,0.59,2,1116979,1116489,490
93311701,27.4335,36.394,477,41047,0.780968,0.67,2,1117001,1116524,477
93314621,24.7734,28.3576,477,41098,0.786387,0.61,2,1117024,1116547,477
93346741,32.5605,37.9594,458,41659,0.917717,0.75,2,1117403,1116945,458
93349661,34.0242,35.5837,459,41710,0.913087,0.79,2,1117438,1116979,459
93352581,26.8097,27.4335,459,41761,0.923235,0.79,2,1117460,1117001,459
93358421,26.4895,25.5094,462,41862,0.943318,0.81,2,1117512,1117050,462
93539461,40.5584,40.2031,484,44879,0.941196,0.97,2,1119633,1119149,484
93545301,32.6493,33.5525,483,44973,0.911391,1,2,1119697,1119214,483
93562821,25.5622,28.6748,472,45255,0.949429,1,2,1119866,1119394,472
93568661,16.45,17.188,471,45349,0.930709,1,2,1119904,1119433,471
93571581,23.98,24.8752,470,45396,0.930283,0.95,2,1119933,1119463,470
93580341,47.3027,45.896,474,45534,0.926658,0.91,2,1120070,1119596,474
93796421,23.299,27.1502,482,48840,0.945683,0.97,2,1122351,1121869,482
93965781,29.0037,28.505,488,51282,0.922,1,2,1124031,1123543,488
93977461,35.7585,27.2833,504,51446,0.912323,1,2,1124176,1123672,504
93980381,34.7034,28.3133,509,51487,0.934929,1,2,1124210,1123701,509
93994981,32.1496,33.3034,511,51692,0.761993,1,2,1124350,1123839,511
94059221,29.3106,22.0918,491,52580,0.753739,0.75,2,1124904,1124413,491
94062141,25.5242,29.8367,479,52620,0.751496,0.69,2,1124927,1124448,479
94065061,31.2097,27.5347,488,52660,0.786598,0.73,2,1124962,1124474,488
94070901,35.5936,33.8056,493,52740,0.787056,0.71,2,1125034,1124541,493
94073821,30.4374,34.5222,485,52780,0.764822,0.73,2,1125061,1124576,485
94076741,31.375,30.6089,489,52820,0.755929,0.71,2,1125093,1124604,489
94079661,33.55,32.0436,491,52860,0.752372,0.71,2,1125128,1124637,491
94082581,30.82,34.4174,484,52900,0.786949,0.69,2,1125157,1124673,484
94097181,19.6366,29.9886,467,53100,0.900599,0.69,2,1125270,1124803,467
94103021,12.9818,18.4782,466,53180,0.903696,0.75,2,1125299,1124833,466
94105941,21.9927,12.1913,486,53220,0.919478,0.73,2,1125327,1124841,486
94108861,9.9971,22.2765,459,53260,0.925791,0.77,2,1125329,1124870,459
94111781,24.9988,29.3106,460,53300,0.916317,0.75,2,1125364,1124904,460
94114701,24.3995,25.5242,461,53339,0.936527,0.81,2,1125388,1124927,461
94117621,31.3598,31.2097,462,53378,0.908611,0.83,2,1125424,1124962,462
94120541,32.9439,33.4839,461,53417,0.933444,0.77,2,1125458,1124997,461
94126381,29.511,30.4374,459,53495,0.940151,0.75,2,1125520,1125061,459
94329321,81.1024,84.3007,500,25716,0.41032,0.89,1,1127536,1127036,500
94349761,83.3979,40.0024,535,26287,0.434955,0.41,1,1127928,1127393,535
94381881,58.3646,59.4179,446,27160,0.784169,0.55,2,1128479,1128033,446
94396481,44.1769,43.7422,454,27548,0.785774,0.65,2,1128712,1128258,454
94399401,18.8707,18.6969,454,27625,0.776309,0.75,2,1128714,1128260,454
94408161,60.2957,58.3646,462,27854,0.900004,0.85,2,1128941,1128479,462
94416921,41.7309,42.8553,461,28082,0.91272,0.79,2,1129094,1128633,461
94419841,33.4924,33.9421,461,28157,0.935088,0.77,2,1129122,1128661,461
94551241,41.9734,20.5528,518,31362,0.416862,1,1,1131402,1130884,518
94554161,42.5894,29.2211,526,31429,0.412745,1,1,1131445,1130919,526
94557081,36.8357,41.6885,509,31496,0.411098,1,1,1131478,1130969,509
94562921,39.8537,37.5102,513,31630,0.285376,0.94,1,1131555,1131042,513
94565841,34.5415,42.6041,498,31697,0.27615,0.95,1,1131586,1131088,498
94586281,32.9618,42.5889,466,32161,0.437866,0.41,1,1131911,1131445,466
94589201,34.7847,36.8355,469,32227,0.445146,0.29,1,1131947,1131478,469
94592121,39.1139,35.1342,477,32293,0.448059,0.25,1,1131989,1131512,477
94595041,35.4456,39.8537,467,32359,0.437223,0.27,1,1132022,1131555,467
94630081,55.7741,53.1782,448,33134,0.762139,0.55,2,1132535,1132087,448
94633001,49.9096,48.2713,449,33198,0.766855,0.59,2,1132581,1132132,449
94635921,63.1638,61.3085,451,33262,0.768742,0.59,2,1132653,1132202,451
94644681,38.6265,37.3077,453,33452,0.79248,0.63,2,1132774,1132321,453
94665121,50.8102,49.9096,460,33893,0.901478,0.77,2,1133041,1132581,460
94668041,62.3241,63.1638,458,33955,0.942591,0.73,2,1133111,1132653,458
94799441,43.5108,54.2718,482,36651,0.946,1,2,1134943,1134461,482
94805281,53.8817,68.0835,475,36767,0.75736,1,2,1135074,1134599,475
94816961,34.2066,39.9749,485,36995,0.414476,1,1,1135219,1134734,485
94831561,41.5266,26.337,523,37280,0.231831,1,1,1135373,1134850,523
94834481,40.0106,39.9348,513,37337,0.206733,0.91,1,1135412,1134899,513
94846161,40.2931,44.2799,489,37563,0.200988,0.55,1,1135601,1135112,489
94852001,32.0069,36.0048,475,37675,0.210958,0.37,1,1135661,1135186,475
94854921,26.6028,34.2019,465,37731,0.234383,0.37,1,1135684,1135219,465
94857841,21.4411,29.8808,456,37787,0.219753,0.31,1,1135702,1135246,456
94860761,27.1764,23.3523,468,37843,0.225901,0.35,1,1135733,1135265,468
94863681,23.4706,28.5409,457,37899,0.228361,0.31,1,1135754,1135297,457
94866601,39.3882,25.8164,483,37955,0.217344,0.17,1,1135804,1135321,483
94869521,38.5553,41.5265,469,38011,0.236938,0.19,1,1135842,1135373,469
94872441,64.6221,40.0106,512,38067,0.280775,0.19,1,1135924,1135412,512
94907481,30.2165,38.5553,434,38727,0.431296,0.31,1,1136276,1135842,434
94954201,35.7868,35.0539,448,39590,0.757488,0.61,2,1136871,1136423,448
94957121,44.9147,43.4215,450,39643,0.776995,0.63,2,1136922,1136472,450
94960041,34.1659,32.9686,451,39696,0.796798,0.61,2,1136949,1136498,451
94962961,34.6664,33.5874,452,39749,0.792719,0.61,2,1136984,1136532,452
94965881,27.0665,26.635,452,39802,0.779088,0.63,2,1137006,1136554,452
94968801,22.8266,22.054,453,39855,0.773635,0.63,2,1137026,1136573,453
94971721,28.3306,29.2216,451,39908,0.771454,0.59,2,1137058,1136607,451
94989241,48.3908,64.5551,492,40226,0.935003,0.75,2,1137300,1136808,492
94992161,36.1563,46.822,485,40278,0.932001,0.77,2,1137328,1136843,485
94995081,45.6625,35.5288,509,40330,0.942801,0.79,2,1137380,1136871,509
94998001,35.065,44.8115,486,40382,0.94712,0.81,2,1137408,1136922,486
95144001,72.4499,73.1748,496,42917,0.934,1,2,1139183,1138687,496
95167361,32.5859,32.0528,517,43309,0.447537,1,1,1139426,1138909,517
95176121,20.9015,29.7474,495,43456,0.246322,1,1,1139499,1139004,495
95184881,67.4337,29.6238,570,43601,0.0702446,0.89,1,1139652,1139082,570
95187801,45.5735,72.4495,500,43649,0.0700978,0.83,1,1139683,1139183,500
95196561,25.5727,26.5008,482,43793,0.0853663,0.61,1,1139748,1139266,482
95199481,29.4291,29.2003,483,43841,0.0881465,0.47,1,1139780,1139297,483
95219921,24.078,20.9015,455,44177,0.212826,0.13,1,1139954,1139499,455
95222841,25.8312,26.9606,451,44225,0.22313,0.05,1,1139981,1139530,451
95225761,66.7325,27.5842,517,44273,0.227252,0.05,1,1140075,1139558,517
95246201,27.4915,29.1716,427,44605,0.203829,0.15,1,1140236,1139809,427
95252041,29.4786,28.5475,429,44699,0.264213,0.19,1,1140291,1139862,429
95254961,29.7915,28.219,431,44746,0.291685,0.19,1,1140321,1139890,431
95257881,25.1166,24.4876,431,44793,0.278674,0.19,1,1140343,1139912,431
95260801,18.4466,18.195,431,44840,0.29747,0.23,1,1140357,1139926,431
95272481,43.9794,45.893,429,45028,0.412975,0.15,1,1140536,1140107,429
95275401,32.5918,32.1572,431,45075,0.43519,0.19,1,1140561,1140130,431
95278321,22.0367,21.2629,432,45122,0.432076,0.17,1,1140576,1140144,432
95281241,24.4147,25.3052,430,45169,0.44283,0.17,1,1140602,1140172,430
95284161,10.9659,11.3221,430,45216,0.447132,0.21,1,1140604,1140174,430
95348401,18.6485,25.3954,460,46231,0.757403,0.55,2,1141238,1140778,460
95351321,24.2594,18.5581,474,46277,0.764961,0.47,2,1141266,1140792,474
95354241,26.5038,25.4233,472,46323,0.779985,0.51,2,1141294,1140822,472
95357161,72.4015,26.9693,547,46369,0.785994,0.61,2,1141397,1140850,547
95400961,72.6659,26.5038,563,47044,0.910955,0.79,2,1141857,1141294,563
95403881,48.2664,72.4015,492,47089,0.946382,0.81,2,1141889,1141397,492
95406801,36.1065,47.5606,489,47134,0.948553,0.83,2,1141917,1141428,489
95409721,25.8426,35.2242,481,47179,0.937421,0.81,2,1141936,1141455,481
95412641,25.937,25.4897,488,47224,0.932968,0.85,2,1141962,1141474,488
95415561,11.5748,26.3959,463,47269,0.943187,0.85,2,1141964,1141501,463
95418481,24.4299,11.7584,494,47314,0.947275,0.83,2,1141997,1141503,494
95421401,29.572,23.9033,495,47359,0.93691,0.85,2,1142030,1141535,495
95424321,13.0288,28.7613,465,47404,0.932764,0.87,2,1142032,1141567,465
95614121,200.782,222.984,465,21900,0.238672,0.72,1,1144118,1143653,465
95619961,104.005,85.1175,509,22817,0.0993875,0.27,1,1144263,1143754,509
95622881,68.6021,91.047,459,22910,0.093755,0.07,1,1144308,1143849,459
95625801,59.8408,68.2188,460,23003,0.055502,0.07,1,1144362,1143902,460
95628721,46.7363,59.0875,445,23095,0.0522008,0.11,1,1144400,1143955,445
95631641,33.0945,44.635,434,23187,0.0628803,0.01,1,1144424,1143990,434
95634561,47.4378,48.454,440,23278,0.0251521,0.09,1,1144481,1144041,440
95637481,79.5751,65.5816,464,23369,0.0880609,0.03,1,1144582,1144118,464
95649161,47.3731,56.3797,462,23730,0.0892784,0.05,1,1144824,1144362,462
95652081,33.9492,45.3519,449,23819,0.0897113,0.07,1,1144849,1144400,449
95655001,47.1797,32.5407,481,23908,0.0778845,0,1,1144905,1144424,481
95657921,20.0719,47.2163,426,23997,0.0731538,0.13,1,1144907,1144481,426
95666681,63.0126,64.3178,429,24261,0.213722,0.11,1,1145160,1144731,429
95669601,54.605,56.9271,426,24348,0.259489,0.07,1,1145209,1144783,426
95672521,45.842,47.3709,425,24435,0.277795,0.09,1,1145249,1144824,425
95678361,46.5747,47.1793,425,24608,0.285647,0.07,1,1145330,1144905,425
95681281,19.8299,20.0717,425,24694,0.276259,0.19,1,1145332,1144907,425
95687121,93.0528,91.5315,430,24866,0.403001,0.25,1,1145546,1145116,430
95690041,64.8211,63.0126,432,24951,0.407201,0.29,1,1145592,1145160,432
95739681,60.7272,64.8063,504,26358,0.795277,0.55,2,1146537,1146033,504
95742601,50.0909,59.5225,491,26438,0.780111,0.61,2,1146580,1146089,491
95745521,35.6364,47.809,477,26518,0.774044,0.59,2,1146606,1146129,477
95748441,49.0545,35.3236,508,26598,0.783618,0.61,2,1146664,1146156,508
95751361,20.8218,48.3294,453,26678,0.787447,0.61,2,1146666,1146213,453
95757201,99.5715,73.6127,569,26836,0.907192,0.75,2,1146893,1146324,569
95760121,66.8286,96.0451,503,26915,0.932877,0.77,2,1146938,1146435,503
95763041,27.9314,64.818,461,26994,0.943151,0.83,2,1146940,1146479,461
95859401,71.705,32.2088,575,29471,0.927386,1,2,1148668,1148093,575
95862321,106.082,66.8835,614,29543,0.916954,1,2,1148797,1148183,614
95868161,40.7331,64.8214,498,29686,0.781513,1,2,1148854,1148356,498
95885681,31.257,33.7624,493,30111,0.215063,0.88,1,1149064,1148571,493
95891521,92.7211,106.082,463,30251,0.0716102,0.77,1,1149260,1148797,463
95894441,55.0884,59.8328,464,30321,0.0346441,0.75,1,1149290,1148826,464
95897361,35.2354,40.7331,458,30391,0.0438576,0.65,1,1149312,1148854,458
95900281,23.6942,30.6932,450,30461,0.035543,0.53,1,1149328,1148878,450
95903201,43.6777,49.4773,445,30530,0.0802172,0.37,1,1149385,1148940,445
95906121,34.8711,41.3909,438,30599,0.0740869,0.27,1,1149414,1148976,438
95911961,29.6994,30.1425,436,30737,0.0946539,0.15,1,1149468,1149032,436
95920721,90.4848,92.7211,422,30944,0.0850179,0.01,1,1149682,1149260,422
95923641,54.7939,55.0884,423,31012,0.0880071,0.05,1,1149713,1149290,423
95929481,23.407,23.6942,422,31148,0.0584811,0.11,1,1149750,1149328,422
95932401,45.9628,43.6777,426,31216,0.0533925,0.07,1,1149811,1149385,426
95935321,35.1851,34.8711,425,31284,0.075357,0.07,1,1149839,1149414,425
95938241,29.074,13.9484,450,31352,0.0481428,0.17,1,1149864,1149414,450
95941161,29.6296,19.3794,457,31419,0.0492571,0.07,1,1149894,1149437,457
95944081,26.2518,26.3517,450,31486,0.0617028,0.11,1,1149918,1149468,450
95947001,55.5007,24.9407,501,31553,0.0906811,0.11,1,1149993,1149492,501
95949921,88.2003,56.1763,534,31620,0.0782725,0.07,1,1150103,1149569,534
95952841,55.0801,90.2705,454,31687,0.061309,0.09,1,1150136,1149682,454
95955761,34.032,54.7082,443,31754,0.0785236,0.11,1,1150156,1149713,443
95958681,22.6128,34.4833,437,31821,0.0974094,0.03,1,1150171,1149734,437
95961601,46.8451,23.3933,484,31887,0.0809638,0.05,1,1150234,1149750,484
95964521,35.5381,45.9573,451,31953,0.0863855,0.09,1,1150262,1149811,451
95996641,30.7352,35.5381,453,32674,0.200573,0.15,1,1150715,1150262,453
95999561,30.2941,29.2152,458,32739,0.230229,0.15,1,1150745,1150287,458
96002481,13.3176,29.6861,430,32804,0.242092,0.15,1,1150747,1150317,430
96005401,19.7271,26.8744,429,32868,0.270837,0.19,1,1150771,1150342,429
96008321,57.0908,57.5498,433,32932,0.258335,0.19,1,1150853,1150420,433
96031681,31.3972,30.2941,434,33442,0.417694,0.25,1,1151179,1150745,434
96034601,13.7589,13.3176,434,33505,0.449078,0.29,1,1151181,1150747,434
96090081,39.0434,46.2098,483,34685,0.755516,0.63,2,1152010,1151527,483
96093001,33.6173,37.0839,482,34746,0.776206,0.65,2,1152040,1151558,482
96095921,33.2469,33.4336,484,34807,0.772483,0.61,2,1152073,1151589,484
96098841,14.4988,33.1734,453,34868,0.770993,0.65,2,1152075,1151622,453
96101761,21.3995,14.4694,477,34929,0.770397,0.63,2,1152101,1151624,477
96107601,91.1439,58.1151,565,35050,0.902064,0.73,2,1152297,1151732,565
96110521,58.0576,88.046,493,35110,0.930825,0.73,2,1152333,1151840,493
96113441,37.023,56.8184,480,35170,0.94233,0.73,2,1152356,1151876,480
96116361,23.2092,35.9274,472,35230,0.946932,0.75,2,1152370,1151898,472
96119281,47.6837,22.7709,522,35290,0.948773,0.73,2,1152434,1151912,522
96122201,40.0735,48.1084,492,35350,0.949509,0.77,2,1152469,1151977,492
96125121,34.6294,39.0434,490,35410,0.949804,0.79,2,1152500,1152010,490
96128041,33.0518,33.6173,492,35470,0.949921,0.77,2,1152532,1152040,492
96253601,39.3412,52.4009,516,37947,0.946,1,2,1154283,1153767,516
96341201,28.3263,29.147,445,39583,0.750375,0.51,2,1155304,1154859,445
96344121,27.5305,26.6588,447,39636,0.78615,0.53,2,1155331,1154884,447
96347041,29.6122,29.2635,447,39689,0.78846,0.57,2,1155362,1154915,447
96382081,28.8073,28.1036,486,40323,0.900741,0.81,2,1155790,1155304,486
96385001,31.3229,27.4415,492,40375,0.930296,0.79,2,1155823,1155331,492
96516401,65.2481,72.607,480,42665,0.9052,1,2,1157477,1156997,480
96519321,61.4992,59.0428,489,42714,0.78808,1,2,1157536,1157047,489
96522241,41.3997,39.8171,490,42763,0.789232,1,2,1157564,1157074,490
96525161,29.1599,26.1268,494,42812,0.789693,1,2,1157585,1157091,494
96528081,27.864,26.6507,494,42861,0.789877,1,2,1157612,1157118,494
96531001,31.5456,29.8603,496,42910,0.789951,1,2,1157646,1157150,496
96536841,17.8873,21.5776,481,43008,0.758792,1,2,1157677,1157196,481
96563121,40.6895,61.4907,485,43449,0.429469,0.79,1,1158021,1157536,485
96624441,17.4775,15.1075,466,44458,0.755725,0.57,2,1158613,1158147,466
96627361,8.19099,17.443,449,44505,0.76429,0.53,2,1158615,1158166,449
96630281,22.4764,26.7772,448,44552,0.767716,0.59,2,1158647,1158199,448
96636121,39.3562,41.1244,448,44646,0.796035,0.57,2,1158724,1158276,448
96641961,61.617,59.6199,453,44740,0.795766,0.65,2,1158836,1158383,453
96644881,54.0468,52.648,454,44787,0.792306,0.61,2,1158885,1158431,454
96671161,8.32386,8.19099,460,45210,0.914307,0.77,2,1159075,1158615,460
96674081,22.5295,22.4764,460,45257,0.947723,0.83,2,1159107,1158647,460
96914981,21.0062,26.8512,428,22475,0.0873961,0.13,1,1161960,1161532,428
96923741,88.3204,84.3025,497,22757,0.233353,0.11,1,1162251,1161754,497
96926661,62.9282,76.321,472,22850,0.255341,0.09,1,1162297,1161825,472
96938341,48.9198,20.4434,492,23219,0.415065,0.11,1,1162452,1161960,492
96973381,58.3926,61.7371,449,24293,0.773797,0.55,2,1163242,1162793,449
96976301,35.357,36.6949,449,24380,0.759519,0.57,2,1163262,1162813,449
96979221,20.1428,21.2779,448,24467,0.753808,0.59,2,1163272,1162824,448
96985061,118.903,116.084,456,24640,0.769809,0.69,2,1163511,1163055,456
96987981,48.7611,47.6338,456,24726,0.781924,0.75,2,1163513,1163057,456
96990901,65.1045,63.4535,458,24812,0.78677,0.77,2,1163589,1163131,458
97008421,119.257,118.903,459,25320,0.931483,0.79,2,1163970,1163511,459
97148581,35.7833,43.2797,505,29065,0.909999,1,2,1166555,1166050,505
97160261,116.913,37.5544,642,29355,0.774928,1,2,1166827,1166185,642
97189461,108.804,116.913,455,30069,0.791956,0.69,2,1167282,1166827,455
97227421,54.7987,55.2754,460,30971,0.933538,0.79,2,1167871,1167411,460
97230341,48.9195,49.7102,459,31039,0.943415,0.81,2,1167916,1167457,459
97344221,43.2803,38.824,504,33594,0.92632,1,2,1169717,1169213,504
97364661,27.1083,29.9504,479,34032,0.434829,1,1,1169954,1169475,479
97367581,33.0433,26.3802,492,34094,0.443932,0.97,1,1169991,1169499,492
97370501,88.8173,101.752,466,34156,0.423573,0.93,1,1170117,1169651,466
97373421,54.1269,61.7008,462,34218,0.439429,0.93,1,1170148,1169686,462
97376341,39.0508,24.6803,491,34280,0.433772,0.91,1,1170177,1169686,491
97379261,24.6203,28.4721,475,34342,0.407509,0.75,1,1170192,1169717,475
97382181,36.2481,23.3889,499,34404,0.421003,0.59,1,1170236,1169737,499
97385101,33.0992,34.5555,488,34465,0.438401,0.57,1,1170267,1169779,488
97463941,29.143,28.5184,459,36084,0.904658,0.75,2,1171302,1170843,459
97472701,56.6332,55.3932,464,36259,0.902938,0.85,2,1171508,1171044,464
97478541,25.1413,24.7029,465,36375,0.91607,0.87,2,1171551,1171086,465
97481461,11.2565,11.0812,465,36433,0.924428,0.87,2,1171553,1171088,465
97484381,31.5026,31.4325,465,36491,0.939771,0.89,2,1171598,1171133,465
97827481,68.8438,85.9959,502,20070,0.771947,0.57,2,1176430,1175928,502
97842081,88.3491,92.5923,543,20594,0.900158,0.75,2,1176832,1176289,543
97845001,70.7396,88.0369,517,20697,0.906063,0.79,2,1176891,1176374,517
97847921,67.2959,68.8148,526,20799,0.944425,0.83,2,1176956,1176430,526
97932601,57.9136,65.1109,518,23577,0.91,1,2,1178897,1178379,518
97941361,67.5465,63.0631,538,23846,0.20152,1,1,1179127,1178589,538
97947201,40.6874,56.6501,497,24024,0.0886432,1,1,1179202,1178705,497
97950121,59.475,78.46,476,24112,0.0894573,1,1,1179274,1178798,476
97953041,44.19,54.784,471,24200,0.0777829,0.85,1,1179308,1178837,471
97955961,47.676,57.9136,461,24288,0.0491132,0.33,1,1179358,1178897,461
97958881,74.8704,95.1654,434,24375,0.0616453,0.19,1,1179451,1179017,434
97961801,49.7482,60.8662,429,24462,0.0426581,0.11,1,1179484,1179055,429
97964721,60.0993,67.5465,424,24549,0.0590632,0.11,1,1179551,1179127,424
97967641,51.6397,52.2186,428,24635,0.0536253,0.05,1,1179597,1179169,428
97970561,39.2559,40.6874,426,24721,0.0874501,0.09,1,1179628,1179202,426
97973481,56.5024,59.475,422,24807,0.08898,0.07,1,1179696,1179274,422
97993921,40.7803,39.2559,425,25399,0.0992212,0.09,1,1180053,1179628,425
98005601,76.0008,41.7762,521,25731,0.20822,0.09,1,1180301,1179780,521
98008521,49.6003,74.3105,457,25813,0.233288,0.11,1,1180333,1179876,457
98011441,61.2401,48.3242,495,25895,0.231315,0.15,1,1180402,1179907,495
98014361,49.096,59.5297,469,25977,0.254526,0.15,1,1180443,1179974,469
98017281,40.6384,50.8119,459,26059,0.26381,0.07,1,1180478,1180019,459
98020201,58.2554,40.7247,495,26140,0.267524,0.15,1,1180548,1180053,495
98023121,44.3021,56.4899,463,26221,0.26901,0.17,1,1180583,1180120,463
98026041,50.1209,42.996,483,26302,0.269604,0.19,1,1180637,1180154,483
98028961,77.6483,48.9984,526,26383,0.281842,0.23,1,1180733,1180207,526
98031881,50.8593,75.9994,465,26463,0.286737,0.25,1,1180766,1180301,465
98034801,61.1437,49.5997,501,26543,0.288695,0.23,1,1180834,1180333,501
98052321,39.9342,50.1209,436,27019,0.401616,0.29,1,1181073,1180637,436
98087361,61.4663,60.3478,448,27944,0.751557,0.55,2,1181718,1181270,448
98090281,53.9865,52.3391,450,28020,0.774623,0.61,2,1181767,1181317,450
98101961,18.9789,18.8407,451,28321,0.916038,0.61,2,1181911,1181460,451
98104881,41.7915,40.5363,453,28396,0.936415,0.61,2,1181968,1181515,453
98245041,40.2235,42.1269,522,31776,0.93352,1,2,1184379,1183857,522
98253801,51.7263,54.2001,520,31975,0.415185,1,1,1184540,1184020,520
98259641,36.1162,38.312,517,32107,0.22363,1,1,1184608,1184091,517
98265481,51.9786,45.7299,537,32239,0.0705807,1,1,1184715,1184178,537
98268401,59.1914,55.492,539,32305,0.0702323,0.97,1,1184779,1184240,539
98271321,43.4766,62.3968,505,32370,0.0820929,0.96,1,1184812,1184307,505
98274241,37.1906,46.5587,502,32435,0.0508372,0.91,1,1184845,1184343,502
98277161,44.8763,40.2235,516,32500,0.0503349,0.59,1,1184895,1184379,516
98280081,37.7505,56.2894,482,32565,0.0621339,0.47,1,1184928,1184446,482
98283001,43.3002,45.3158,491,32630,0.0428536,0.31,1,1184975,1184484,491
98285921,35.3201,51.7263,465,32695,0.0831414,0.23,1,1185005,1184540,465
98288841,33.928,42.2905,462,32760,0.0632566,0.17,1,1185038,1184576,462
98291761,14.7712,36.1162,432,32825,0.0913026,0.07,1,1185040,1184608,432
98329721,45.8448,44.8434,428,33652,0.275026,0.11,1,1185567,1185139,428
98332641,56.1379,56.3374,427,33715,0.296011,0.13,1,1185630,1185203,427
98350161,39.0195,36.939,429,34089,0.401719,0.17,1,1185861,1185432,429
98353081,36.0078,34.5756,430,34151,0.418687,0.21,1,1185895,1185465,430
98356001,15.6031,15.0302,430,34213,0.425475,0.21,1,1185897,1185467,430
98358921,33.8412,6.0121,476,34275,0.44019,0.19,1,1185943,1185467,476
98408561,38.5322,47.0256,484,35308,0.766081,0.67,2,1186670,1186186,484
98411481,44.8129,36.8102,503,35368,0.768432,0.71,2,1186719,1186216,503
98414401,41.9252,42.9241,496,35428,0.793373,0.71,2,1186759,1186263,496
98417321,38.3701,41.1696,492,35488,0.779349,0.75,2,1186795,1186303,492
98420241,16.548,36.8679,460,35548,0.77374,0.75,2,1186797,1186337,460
98423161,34.2192,15.9471,504,35607,0.771496,0.73,2,1186843,1186339,504
98426081,50.2877,34.5789,518,35666,0.758598,0.69,2,1186904,1186386,518
98429001,21.3151,51.6315,457,35725,0.753439,0.75,2,1186906,1186449,457
98431921,46.926,57.8526,459,35784,0.751376,0.73,2,1186970,1186511,459
98434841,37.9704,42.941,458,35843,0.79855,0.73,2,1187002,1186544,458
98464041,21.2923,21.3151,460,36428,0.903124,0.75,2,1187366,1186906,460
98466961,46.3169,46.926,459,36486,0.94325,0.83,2,1187429,1186970,459
98575001,34.8676,36.4667,511,38570,0.9472,1,2,1188875,1188364,511
98583761,45.1675,57.9179,479,38735,0.930621,1,2,1188990,1188511,479
98601281,23.9237,30.7675,482,39060,0.205863,1,1,1189200,1188718,482
98610041,34.0031,39.1691,483,39222,0.0510952,0.92,1,1189326,1188843,483
98612961,36.4012,34.8676,489,39276,0.0264381,1,1,1189364,1188875,489
98615881,29.5605,32.5471,483,39330,0.0165752,1,1,1189389,1188906,483
98618801,22.0242,30.4188,471,39384,0.0486301,0.89,1,1189406,1188935,471
98621721,35.8097,45.1675,461,39438,0.061452,0.75,1,1189451,1188990,461
98624641,37.1239,40.267,462,39492,0.0665808,0.57,1,1189489,1189027,462
98627561,34.6495,40.7068,454,39545,0.0566323,0.57,1,1189522,1189068,454
98630481,36.0598,45.6827,442,39598,0.0766529,0.45,1,1189559,1189117,442
98636321,27.8496,34.3092,432,39704,0.0854645,0.13,1,1189615,1189183,432
98639241,15.9398,23.9237,423,39757,0.0641858,0.07,1,1189623,1189200,423
98642161,42.9759,46.7695,422,39810,0.0676743,0.13,1,1189684,1189262,422
98645081,38.1904,38.5078,424,39863,0.0690697,0,1,1189719,1189295,424
98648001,33.2761,34.0031,423,39916,0.0336279,0.01,1,1189749,1189326,423
98650921,36.7105,36.4012,424,39969,0.0314512,0.01,1,1189788,1189364,424
98653841,29.0842,29.5605,423,40022,0.0125805,0.07,1,1189812,1189389,423
98656761,22.4337,22.0242,424,40075,0.0350322,0.07,1,1189830,1189406,424
98659681,34.7735,8.80968,467,40128,0.0680129,0.07,1,1189873,1189406,467
98677201,17.41,27.7954,434,40442,0.20213,0.05,1,1190049,1189615,434
98680121,41.164,15.9182,483,40494,0.230852,0.07,1,1190106,1189623,483
98683041,36.8656,42.9673,456,40546,0.206341,0.07,1,1190140,1189684,456
98691801,28.6394,36.7099,445,40702,0.0705658,0,1,1190233,1189788,445
98694721,22.2558,29.084,439,40754,0.0462263,0.05,1,1190251,1189812,439
98697641,37.1023,22.4336,468,40806,0.0364905,0.09,1,1190298,1189830,468
98700561,41.8409,34.7734,470,40858,0.0565962,0.13,1,1190343,1189873,470
98703481,33.5364,37.9094,458,40910,0.0886385,0.13,1,1190371,1189913,458
98732681,21.7421,28.6394,440,41422,0.0942493,0.03,1,1190673,1190233,440
98735601,36.8968,22.2558,469,41473,0.0556997,0.03,1,1190720,1190251,469
98738521,43.5587,37.1023,470,41524,0.0642799,0.07,1,1190768,1190298,470
98741441,18.6235,41.8409,427,41575,0.067712,0.11,1,1190770,1190343,427
98744361,24.2494,33.5364,427,41626,0.0930848,0.13,1,1190798,1190371,427
98747281,35.4998,38.6145,428,41677,0.0912339,0.15,1,1190841,1190413,428
98761881,34.6451,34.9881,428,41930,0.216598,0.13,1,1190998,1190570,428
98764801,29.458,29.5952,428,41980,0.248639,0.13,1,1191024,1190596,428
98767721,34.5832,34.6381,428,42030,0.297456,0.13,1,1191062,1190634,428
98788161,36.1347,35.4998,426,42380,0.419499,0.15,1,1191267,1190841,426
98802761,35.7374,34.6451,432,42630,0.439838,0.27,1,1191430,1190998,432
98805681,31.695,29.458,435,42680,0.445935,0.33,1,1191459,1191024,435
98808601,36.078,34.5832,436,42729,0.436374,0.35,1,1191498,1191062,436
98811521,25.8312,24.6333,437,42778,0.44455,0.31,1,1191517,1191080,437
98872841,38.545,38.841,484,43801,0.762752,0.51,2,1192194,1191710,484
98875761,27.418,37.1364,468,43849,0.755101,0.53,2,1192214,1191746,468
98878681,20.5672,27.4546,463,43897,0.75204,0.53,2,1192230,1191767,463
98881601,43.6269,20.5818,506,43945,0.762816,0.57,2,1192289,1191783,506
98884521,36.6508,42.4327,481,43993,0.791126,0.57,2,1192321,1191840,481
98925401,43.6591,43.6269,460,44660,0.903325,0.81,2,1192749,1192289,460
98928321,37.8636,36.6508,462,44707,0.93133,0.85,2,1192783,1192321,462
99103521,35.4288,32.0685,526,47456,0.90904,1,2,1194687,1194161,526
99157541,114.299,116.316,448,21997,0.0862585,0,1,1195350,1194902,448
99160461,87.7198,84.3266,455,22093,0.0345034,0,1,1195420,1194965,455
99163381,72.8879,79.3306,442,22189,0.0438014,0.05,1,1195483,1195041,442
99166301,63.9552,59.9322,453,22285,0.0235205,0.03,1,1195541,1195088,453
99169221,45.3821,61.7729,423,22380,0.0514082,0.01,1,1195574,1195151,423
99172141,37.3528,34.9092,438,22475,0.0505633,0.03,1,1195606,1195168,438
99175061,55.7411,32.5637,475,22569,0.0862253,0.03,1,1195674,1195199,475
99177981,80.4965,59.2255,495,22663,0.0524901,0.03,1,1195771,1195276,495
99180901,74.7986,68.0902,492,22757,0.020996,0,1,1195842,1195350,492
99183821,67.1194,69.2361,484,22850,0.0263984,0.05,1,1195904,1195420,484
99186741,61.6478,65.4944,479,22943,0.0165594,0.01,1,1195962,1195483,479
99189661,45.0591,60.9978,455,23035,0.0246237,0.07,1,1195996,1195541,455
99192581,39.0236,44.1991,457,23127,0.0398495,0.05,1,1196031,1195574,457
99195501,57.0095,36.8796,494,23219,0.0339398,0.11,1,1196100,1195606,494
99198421,78.0038,55.5519,518,23310,0.0435759,0.03,1,1196192,1195674,518
99201341,73.8015,80.4207,492,23401,0.0174304,0,1,1196263,1195771,492
99204261,67.3206,74.7683,484,23492,0.0129721,0.03,1,1196326,1195842,484
99207181,61.7282,67.1073,480,23582,0.0231889,0.01,1,1196384,1195904,480
99210101,45.0913,61.6429,456,23672,0.0272755,0.03,1,1196418,1195962,456
99213021,39.6365,45.0572,458,23762,0.0169102,0.05,1,1196454,1195996,458
99215941,56.6546,39.0229,491,23851,0.0247641,0.03,1,1196522,1196031,491
99218861,78.4618,57.0091,515,23940,0.0519056,0.05,1,1196615,1196100,515
99221781,32.5847,78.0037,425,24029,0.0627623,0,1,1196617,1196192,425
99224701,53.8339,73.8015,422,24117,0.0251049,0.01,1,1196685,1196263,422
99227621,59.9336,67.3206,423,24205,0.010042,0.03,1,1196749,1196326,423
99230541,58.7734,61.7282,423,24293,0.0220168,0.03,1,1196807,1196384,423
99233461,43.9094,45.0913,423,24380,0.00880671,0.01,1,1196841,1196418,423
99236381,39.1637,39.6365,423,24467,0.0215227,0.03,1,1196877,1196454,423
99239301,56.4655,56.6546,423,24554,0.0266091,0.07,1,1196945,1196522,423
99242221,80.1862,78.4618,426,24640,0.0886436,0.07,1,1197041,1196615,426
99248061,51.7098,53.8339,422,24812,0.045383,0,1,1197107,1196685,422
99250981,60.2839,59.9336,424,24897,0.0181532,0.03,1,1197173,1196749,424
99253901,58.3136,58.7734,423,24982,0.0612613,0,1,1197230,1196807,423
99256821,43.1254,43.9094,422,25067,0.0545045,0.03,1,1197263,1196841,422
99259741,38.8502,39.1637,422,25152,0.0398018,0.03,1,1197299,1196877,422
99262661,56.9401,56.4655,423,25236,0.0699207,0.13,1,1197368,1196945,423
99265581,82.176,80.1862,426,25320,0.0459683,0.13,1,1197467,1197041,426
99268501,34.0704,33.2745,426,25404,0.0363873,0,1,1197469,1197043,426
99271421,49.6282,51.7098,422,25487,0.0445549,0,1,1197529,1197107,422
99274341,58.8513,20.6839,487,25570,0.023822,0,1,1197594,1197107,487
99277261,58.9405,47.8736,480,25653,0.0275288,0.09,1,1197653,1197173,480
99280181,42.1762,53.3494,454,25736,0.0410115,0.05,1,1197684,1197230,454
99283101,38.4705,41.1398,457,25818,0.0464046,0.03,1,1197720,1197263,457
99286021,57.9882,38.0559,492,25900,0.0605618,0.09,1,1197791,1197299,492
99288941,81.9953,56.6224,521,25982,0.0662247,0.03,1,1197889,1197368,521
99291861,33.9981,82.0489,424,26064,0.0684899,0.03,1,1197891,1197467,424
99294781,48.9992,34.0196,481,26145,0.045396,0.05,1,1197950,1197469,481
99297701,58.5997,49.6078,486,26226,0.0601584,0.01,1,1198015,1197529,486
99300621,60.0399,58.8431,482,26307,0.0660634,0.03,1,1198076,1197594,482
99303541,43.216,58.9373,455,26388,0.0924253,0.05,1,1198108,1197653,455
99306461,38.2864,42.1749,459,26468,0.0909701,0.05,1,1198143,1197684,459
99326901,47.1733,60.0399,427,27024,0.224969,0.11,1,1198503,1198076,427
99329821,38.0693,43.216,427,27102,0.263988,0.09,1,1198535,1198108,427
99338581,84.4204,82.2058,431,27336,0.411695,0.19,1,1198744,1198313,431
99341501,34.9682,34.0823,431,27413,0.422678,0.21,1,1198746,1198315,431
99396981,51.4369,35.7288,510,28846,0.76198,0.63,2,1199699,1199189,510
99399901,58.9748,50.2915,514,28919,0.790792,0.63,2,1199763,1199249,514
99405741,51.916,24.6066,520,29065,0.782927,0.65,2,1199835,1199315,520
99408661,42.9664,50.0427,490,29138,0.763171,0.67,2,1199872,1199382,490
99423261,52.1398,37.0923,520,29499,0.92378,0.77,2,1200158,1199638,520
99537141,56.9895,88.0793,516,32178,0.9352,1,2,1202026,1201510,516
99551741,34.6319,38.8623,515,32505,0.919032,1,2,1202237,1201722,515
99557581,34.1011,33.338,518,32635,0.750645,1,2,1202302,1201784,518
99618901,28.483,28.5359,451,33970,0.797629,0.67,2,1203176,1202725,451
99630581,40.1372,40.1577,455,34218,0.928243,0.71,2,1203387,1202932,455
99633501,35.2549,16.0631,487,34280,0.917297,0.71,2,1203419,1202932,487
99636421,34.5019,26.2252,488,34342,0.936919,0.71,2,1203453,1202965,488
99791181,31.4492,30.0437,512,37464,0.908848,1,2,1205578,1205066,512
99814541,31.6895,32.9602,507,37912,0.403375,1,1,1205927,1205420,507
99826221,27.4032,27.623,501,38135,0.26631,0.85,1,1206045,1205544,501
99829141,50.5613,31.4492,533,38190,0.292524,0.89,1,1206111,1205578,533
99834981,48.7698,86.0319,482,38300,0.432004,0.57,1,1206237,1205755,482
99837901,36.3079,53.6127,478,38355,0.430802,0.59,1,1206265,1205787,478
99840821,27.1232,38.2451,471,38410,0.442321,0.53,1,1206286,1205815,471
99843741,25.2493,27.898,474,38465,0.422928,0.49,1,1206310,1205836,474
99846661,25.6997,28.5592,471,38520,0.439171,0.51,1,1206336,1205865,471
99849581,29.4799,28.2237,475,38575,0.445669,0.33,1,1206368,1205893,475
99852501,12.992,31.6895,443,38630,0.448267,0.31,1,1206370,1205927,443
99896301,28.9025,28.4787,447,39443,0.790894,0.55,2,1206885,1206438,447
99910901,51.726,49.7959,455,39709,0.920492,0.71,2,1207133,1206678,455
99913821,39.8904,39.1184,455,39762,0.914197,0.73,2,1207165,1206710,455
99916741,28.5562,27.6473,456,39815,0.935679,0.73,2,1207186,1206730,456
99919661,24.6225,24.2589,456,39868,0.920272,0.73,2,1207208,1206752,456
99922581,26.649,26.5036,456,39921,0.914109,0.73,2,1207236,1206780,456
99925501,28.6596,28.6014,456,39974,0.923643,0.69,2,1207266,1206810,456
99931341,35.0655,33.2562,459,40080,0.938583,0.75,2,1207318,1206859,459
100100701,34.6194,24.4176,520,43027,0.78856,1,2,1209375,1208855,520
100129901,27.2158,22.1095,507,43517,0.436659,1,1,1209717,1209210,507
100132821,29.4863,30.4438,502,43565,0.432664,0.95,1,1209748,1209246,502
100135741,26.1945,33.1775,491,43613,0.419065,0.98,1,1209772,1209281,491
100138661,26.0778,28.871,491,43661,0.437626,0.81,1,1209798,1209307,491
100141581,29.0311,29.5484,492,43709,0.44505,0.73,1,1209829,1209337,492
100144501,34.4124,34.6194,492,43757,0.43602,0.67,1,1209867,1209375,492
100147421,52.765,35.4477,521,43805,0.444408,0.57,1,1209932,1209411,521
100150341,42.106,56.7791,485,43853,0.423763,0.53,1,1209967,1209482,485
100153261,38.4424,43.1116,487,43901,0.403505,0.57,1,1210003,1209516,487
100159101,31.7108,32.6979,477,43997,0.404161,0.53,1,1210060,1209583,477
100162021,36.0843,34.6791,480,44045,0.431664,0.47,1,1210099,1209619,480
100164941,20.4337,34.8717,455,44093,0.418666,0.53,1,1210109,1209654,455
100167861,15.9735,22.3487,454,44141,0.425466,0.45,1,1210122,1209668,454
100205821,36.0696,36.0843,442,44758,0.755697,0.41,2,1210541,1210099,442
100208741,20.4279,20.4337,442,44805,0.752279,0.43,2,1210551,1210109,442
100211661,17.1711,15.9735,444,44852,0.762911,0.53,2,1210566,1210122,444
100214581,29.0685,27.3894,446,44899,0.791165,0.49,2,1210603,1210157,446
100223341,27.4924,26.4249,447,45040,0.784795,0.51,2,1210687,1210240,447
100226261,28.997,28.57,447,45087,0.787918,0.57,2,1210717,1210270,447
100229181,34.9988,34.228,448,45134,0.777167,0.57,2,1210756,1210308,448
100232101,15.1995,14.8912,448,45181,0.772867,0.61,2,1210758,1210310,448
100235021,46.2798,44.9565,450,45228,0.783147,0.59,2,1210825,1210375,450
100249621,37.8889,36.0696,459,45461,0.909143,0.75,2,1211000,1210541,459
100252541,21.1556,20.4279,459,45507,0.933657,0.77,2,1211010,1210551,459
100255461,16.8622,17.1711,458,45553,0.943463,0.81,2,1211024,1210566,458
100418981,41.5032,41.8552,488,48075,0.9196,1,2,1212795,1212307,488
100430661,34.6673,38.5883,484,48251,0.755014,1,2,1212907,1212423,484
100442341,29.4139,27.2871,500,48427,0.400304,1,1,1213021,1212521,500
100451101,25.6185,32.2984,486,48557,0.249059,1,1,1213104,1212618,486
100454021,33.6474,35.7193,487,48600,0.213624,1,1,1213143,1212656,487
100471541,26.8556,29.9205,461,48858,0.097426,0.83,1,1213311,1212850,461
100474461,16.7422,11.9682,471,48901,0.0689704,0.85,1,1213321,1212850,471
100477381,30.6969,11.9873,499,48944,0.0815882,0.69,1,1213361,1212862,499
100509501,25.8089,23.9833,455,49417,0.213937,0.11,1,1213647,1213192,455
100515341,28.9694,33.5973,451,49503,0.20583,0.11,1,1213710,1213259,451
100518261,25.9878,29.6389,448,49546,0.220332,0.09,1,1213734,1213286,448
100521181,16.3951,26.8556,433,49589,0.226133,0.05,1,1213744,1213311,433
100524101,32.358,16.7422,466,49631,0.216453,0.09,1,1213787,1213321,466
100527021,28.5432,30.6969,452,49673,0.248581,0.13,1,1213813,1213361,452
100529941,23.4173,28.4788,445,49715,0.273432,0.11,1,1213833,1213388,445
100532861,26.1669,23.9915,452,49757,0.259373,0.11,1,1213861,1213409,452
100535781,23.0668,23.9966,449,49799,0.241749,0.21,1,1213882,1213433,449
100538701,33.2267,22.7986,467,49841,0.2347,0.19,1,1213922,1213455,467
100541621,25.2907,31.3195,450,49883,0.24388,0.21,1,1213942,1213492,450
100544541,22.7163,23.9278,452,49925,0.259552,0.13,1,1213963,1213511,452
100547461,33.6865,23.9711,469,49967,0.277821,0.21,1,1214004,1213535,469
100550381,31.4746,32.3884,461,50009,0.297128,0.19,1,1214034,1213573,461
100556221,26.9959,21.0222,461,50093,0.295941,0.23,1,1214079,1213618,461
100576661,21.9552,28.5432,436,50387,0.4125,0.29,1,1214249,1213813,436
100579581,20.7821,23.4173,436,50429,0.423,0.25,1,1214269,1213833,436
100582501,23.9128,26.1669,434,50471,0.4272,0.23,1,1214295,1213861,434
100585421,21.5651,23.0668,433,50513,0.42888,0.23,1,1214315,1213882,433
100649661,34.1354,32.5776,450,51421,0.752744,0.61,2,1214921,1214471,450
100652581,22.0542,21.4311,450,51462,0.787097,0.59,2,1214935,1214485,450
100684701,22.026,21.7797,474,51913,0.909378,0.71,2,1215210,1214736,474
100687621,35.2104,20.7119,498,51954,0.921751,0.73,2,1215254,1214756,498
100690541,27.2842,34.0848,477,51995,0.926701,0.71,2,1215276,1214799,477
100947501,141.736,154.693,473,25633,0.2404,0.9,1,1217687,1217214,473
100953341,83.0377,88.1108,495,25798,0.063664,0.73,1,1217847,1217352,495
100956261,71.6151,74.8443,493,25880,0.0554656,0.51,1,1217911,1217418,493
100959181,61.046,71.3377,478,25962,0.0641862,0.49,1,1217965,1217487,478
100962101,43.6184,51.9351,471,26044,0.0676745,0.15,1,1217997,1217526,471
100967941,31.5789,39.2696,440,26206,0.0840279,0.11,1,1218077,1217637,440
100973781,70.8126,27.2831,520,26368,0.0866445,0.03,1,1218207,1217687,520
100976701,64.9251,70.3133,482,26448,0.0646578,0.03,1,1218268,1217786,482
100979621,64.97,64.7253,486,26528,0.0678631,0.05,1,1218333,1217847,486
100982541,60.188,64.2901,479,26608,0.0811452,0.07,1,1218390,1217911,479
101000061,66.1219,70.7826,423,27082,0.2234,0.05,1,1218630,1218207,423
101002981,62.4488,64.9131,422,27160,0.22736,0.07,1,1218690,1218268,422
101005901,66.3795,64.9652,426,27238,0.216944,0.09,1,1218759,1218333,426
101008821,60.7518,60.1861,426,27316,0.200778,0.13,1,1218816,1218390,426
101014661,56.5203,55.9498,428,27471,0.203724,0.13,1,1218915,1218487,428
101017581,31.0081,30.7799,428,27548,0.21949,0.13,1,1218929,1218501,428
101020501,13.6032,13.512,428,27625,0.225796,0.17,1,1218931,1218503,428
101023421,25.8413,25.8048,428,27702,0.240318,0.27,1,1218965,1218537,428
101026341,69.1365,66.1219,433,27778,0.294127,0.23,1,1219063,1218630,433
101032181,66.9818,66.3795,432,27930,0.40346,0.19,1,1219191,1218759,432
101093501,60.1124,45.9107,516,29481,0.768442,0.57,2,1220242,1219726,516
101096421,32.445,58.5643,463,29553,0.781377,0.57,2,1220256,1219793,463
101099341,14.178,31.8257,451,29625,0.786551,0.57,2,1220258,1219807,451
101105181,73.9085,27.1721,554,29767,0.794248,0.61,2,1220399,1219845,554
101113941,53.8581,68.507,455,29980,0.906432,0.71,2,1220535,1220080,455
101116861,59.3433,62.2028,460,30051,0.932573,0.77,2,1220598,1220138,460
101257021,60.3853,62.424,483,33262,0.914139,1,2,1222822,1222339,483
101259941,41.5541,46.5696,476,33326,0.923656,0.95,2,1222851,1222375,476
101262861,43.6216,47.4278,473,33389,0.939462,0.99,2,1222896,1222423,473
101417621,37.9843,40.2137,485,36593,0.7732,1,2,1225120,1224635,485
101432221,38.2043,39.695,486,36881,0.264958,1,1,1225334,1224848,486
101440981,35.3251,37.3885,485,37052,0.0858373,1,1,1225447,1224962,485
101443901,28.53,34.7554,476,37109,0.0523349,0.8,1,1225471,1224995,476
101446821,33.012,40.9022,467,37166,0.050934,0.8,1,1225507,1225040,467
101449741,34.2048,16.3609,502,37223,0.0263736,0.81,1,1225542,1225040,502
101452661,31.6819,34.1443,486,37280,0.0405494,0.73,1,1225572,1225086,486
101455581,35.4728,34.0577,490,37337,0.0462198,0.65,1,1225610,1225120,490
101458501,38.1891,38.2231,489,37394,0.0484879,0.49,1,1225650,1225161,489
101461421,42.8756,41.6892,491,37451,0.0613952,0.39,1,1225696,1225205,491
101464341,40.5503,47.2757,479,37507,0.0785581,0.27,1,1225735,1225256,479
101467261,34.8201,45.9103,465,37563,0.0494232,0.21,1,1225766,1225301,465
101470181,34.928,38.1641,467,37619,0.0857693,0.13,1,1225801,1225334,467
101476021,32.1085,40.3063,453,37731,0.0941231,0.05,1,1225868,1225415,453
101484781,34.9109,33.0116,458,37899,0.0849839,0.01,1,1225965,1225507,458
101490621,37.1458,31.6819,463,38011,0.0867974,0.05,1,1226035,1225572,463
101499381,41.1613,42.8756,464,38177,0.203555,0.09,1,1226160,1225696,464
101502301,34.4645,40.5503,455,38232,0.219422,0.03,1,1226190,1225735,455
101505221,35.9858,34.8201,461,38287,0.213769,0.11,1,1226227,1225766,461
101508141,37.1943,34.928,464,38342,0.235508,0.11,1,1226265,1225801,464
101511061,31.6777,36.7712,454,38397,0.244203,0.09,1,1226293,1225839,454
101513981,28.8711,32.1085,452,38452,0.259681,0.11,1,1226320,1225868,452
101516901,31.9484,28.4434,460,38507,0.265872,0.11,1,1226354,1225894,460
101519821,33.7794,31.7774,461,38562,0.256349,0.07,1,1226389,1225928,461
101522741,31.5117,34.9109,454,38617,0.27654,0.13,1,1226419,1225965,454
101525661,13.8047,31.3644,427,38672,0.284616,0.07,1,1226421,1225994,427
101549021,31.9571,31.6777,434,39106,0.408176,0.27,1,1226727,1226293,434
101566541,29.6828,28.9219,437,39430,0.407354,0.33,1,1226897,1226460,437
101619101,38.3777,35.4582,490,40382,0.75078,0.61,2,1227553,1227063,490
101622021,38.7511,36.9833,491,40434,0.762312,0.63,2,1227592,1227101,491
101624941,33.5004,37.5933,483,40486,0.766925,0.67,2,1227622,1227139,483
101627861,30.2002,32.4373,482,40538,0.78077,0.67,2,1227650,1227168,482
101630781,33.0801,29.7749,489,40590,0.798308,0.73,2,1227685,1227196,489
101654141,38.8454,44.1108,489,41006,0.914748,0.71,2,1227970,1227481,489
101811821,30.7092,31.4791,515,43697,0.780449,1,2,1229808,1229293,515
101884821,31.3671,30.5567,450,44887,0.759446,0.59,2,1230602,1230152,450
101887741,29.9468,29.0227,451,44934,0.789778,0.57,2,1230631,1230180,451
101893581,27.1115,27.2036,450,45028,0.782764,0.53,2,1230685,1230235,450
101896501,27.6446,27.6815,450,45075,0.775106,0.57,2,1230713,1230263,450
101899421,27.8578,27.8726,450,45122,0.772042,0.55,2,1230741,1230291,450
101902341,26.7431,27.349,449,45169,0.770817,0.55,2,1230767,1230318,449
101905261,11.8973,12.1396,449,45216,0.770327,0.59,2,1230769,1230320,449
101908181,28.7589,27.6558,451,45263,0.782131,0.59,2,1230809,1230358,451
101922781,32.3297,31.7942,457,45495,0.916236,0.75,2,1230987,1230530,457
101925701,41.1319,40.9177,457,45541,0.912494,0.77,2,1231034,1230577,457
101928621,33.8528,31.3671,461,45587,0.922998,0.81,2,1231063,1230602,461
101931541,30.3411,29.9468,460,45633,0.939199,0.81,2,1231091,1230631,460
101937381,27.1746,27.1115,460,45725,0.941072,0.77,2,1231145,1230685,460
101960741,39.2854,44.9446,499,46093,0.942734,0.87,2,1231391,1230892,499
102137401,333.746,339.126,509,21900,0.406,1,1,1233295,1232786,509
102146161,81.1677,90.1041,502,22189,0.084784,0.78,1,1233507,1233005,502
102149081,69.0671,88.8416,475,22285,0.0519136,0.59,1,1233568,1233093,475
102152001,60.0268,63.1367,483,22380,0.0867654,0.15,1,1233622,1233139,483
102154921,57.6107,83.4547,442,22475,0.0767062,0.05,1,1233678,1233236,442
102157841,36.2443,52.5819,432,22569,0.0966825,0.01,1,1233700,1233268,432
102160761,68.4977,37.2327,495,22663,0.056673,0,1,1233790,1233295,495
102163681,77.7991,58.6931,506,22757,0.0226692,0.07,1,1233874,1233368,506
102166601,64.1196,74.4772,476,22850,0.0390677,0.07,1,1233929,1233453,476
102169521,62.2479,62.1909,483,22943,0.0816271,0.03,1,1233990,1233507,483
102181201,67.5167,35.7585,512,23310,0.0634817,0.03,1,1234212,1233700,512
102184121,76.8067,68.3034,505,23401,0.0313927,0,1,1234295,1233790,505
102187041,66.7227,77.7214,481,23492,0.0305571,0.05,1,1234355,1233874,481
102189961,63.2891,64.0885,487,23582,0.0302228,0.11,1,1234416,1233929,487
102192881,61.3156,62.2354,486,23672,0.0660891,0.13,1,1234476,1233990,486
102201641,64.0202,33.7911,512,23940,0.0539097,0.01,1,1234634,1234122,512
102204561,26.8081,67.5164,424,24029,0.0515639,0.01,1,1234636,1234212,424
102207481,59.3232,76.8066,422,24117,0.0386255,0.03,1,1234717,1234295,422
102210401,60.9293,66.7226,424,24205,0.0454502,0.03,1,1234779,1234355,424
102213321,60.3717,63.2891,423,24293,0.0721801,0.09,1,1234839,1234416,423
102225001,60.6527,64.0202,422,24640,0.0618958,0.05,1,1235056,1234634,422
102227921,25.4611,26.8081,422,24726,0.0307583,0.03,1,1235058,1234636,422
102230841,58.7844,59.3232,422,24812,0.0183033,0.05,1,1235139,1234717,422
102233761,60.7138,60.9293,422,24897,0.0493213,0.09,1,1235201,1234779,422
102236681,61.4855,60.3717,424,24982,0.0857285,0.17,1,1235263,1234839,424
102245441,35.3751,34.6318,428,25236,0.275967,0.01,1,1235406,1234978,428
102248361,57.35,60.6527,422,25320,0.272387,0.01,1,1235478,1235056,422
102251281,24.14,25.4611,422,25404,0.246955,0.01,1,1235480,1235058,422
102257121,60.5024,23.5138,484,25570,0.0839127,0.07,1,1235623,1235139,484
102260041,63.801,46.6055,488,25653,0.0875651,0.11,1,1235689,1235201,488
102262961,65.7204,55.8422,493,25736,0.089026,0.13,1,1235756,1235263,493
102268801,37.3953,60.5348,453,25900,0.200244,0.33,1,1235841,1235388,453
102271721,56.3581,35.0139,504,25982,0.218098,0.27,1,1235910,1235406,504
102274641,23.7432,57.2056,434,26064,0.225239,0.23,1,1235912,1235478,434
102277561,53.2973,24.0822,505,26145,0.240096,0.11,1,1235985,1235480,505
102280481,57.3189,58.2329,484,26226,0.222038,0.03,1,1236045,1235561,484
102283401,64.3276,60.4932,491,26307,0.226815,0.09,1,1236114,1235623,491
102286321,67.131,63.7973,494,26388,0.240726,0.09,1,1236183,1235689,494
102289241,69.4524,65.7189,498,26468,0.24629,0.25,1,1236254,1235756,498
102292161,38.581,66.4876,449,26548,0.260516,0.21,1,1236272,1235823,449
102295081,57.4324,37.395,501,26628,0.290206,0.23,1,1236342,1235841,501
102312601,62.3634,67.131,434,27102,0.416402,0.25,1,1236617,1236183,434
102315521,68.1453,69.4524,435,27180,0.436561,0.27,1,1236689,1236254,435
102318441,38.0581,38.581,435,27258,0.420624,0.31,1,1236707,1236272,435
102353481,55.3285,54.3237,447,28176,0.766114,0.53,2,1237303,1236856,447
102365161,63.2356,20.8883,516,28476,0.799565,0.55,2,1237504,1236988,516
102376841,27.2412,60.7507,457,28772,0.901029,0.69,2,1237683,1237226,457
102379761,58.8965,25.5003,535,28846,0.942411,0.83,2,1237763,1237228,535
102514081,41.0881,50.84,503,32046,0.922,1,2,1239995,1239492,503
102517001,49.4352,39.536,526,32112,0.7708,1,2,1240050,1239524,526
102525761,46.2199,55.4023,522,32310,0.445571,1,1,1240191,1239669,522
102531601,46.6352,45.1044,518,32440,0.204491,1,1,1240281,1239763,518
102534521,58.8541,44.4417,541,32505,0.0877965,1,1,1240348,1239807,541
102537441,47.5416,57.3767,515,32570,0.0411186,1,1,1240388,1239873,515
102540361,41.8167,50.5507,507,32635,0.0344474,1,1,1240426,1239919,507
102543281,34.7267,41.2203,502,32700,0.019779,0.87,1,1240456,1239954,502
102546201,40.8907,41.0881,506,32765,0.0139116,0.67,1,1240501,1239995,506
102549121,17.5563,49.4352,453,32830,0.0115646,0.69,1,1240503,1240050,453
102552041,25.6225,38.3741,453,32894,0.0106259,0.45,1,1240534,1240081,453
102554961,49.849,58.5496,447,32958,0.0702503,0.37,1,1240600,1240153,447
102557881,37.9396,46.2199,439,33022,0.0821001,0.23,1,1240630,1240191,439
102560801,34.9758,43.0879,431,33086,0.0988401,0.13,1,1240663,1240232,431
102566641,56.2361,58.8541,424,33214,0.0602144,0.01,1,1240772,1240348,424
102569561,45.2945,47.5416,422,33278,0.0660858,0.03,1,1240810,1240388,422
102572481,41.5178,41.8167,423,33342,0.0324343,0.01,1,1240849,1240426,423
102575401,34.6071,34.7267,423,33405,0.0429737,0.01,1,1240879,1240456,423
102578321,41.4428,40.8907,424,33468,0.0231895,0.01,1,1240925,1240501,424
102581241,17.7771,17.5563,424,33531,0.0152758,0.01,1,1240927,1240503,424
102584161,24.5109,25.6225,422,33594,0.0361103,0.11,1,1240956,1240534,422
102587081,51.8043,49.849,426,33657,0.0684441,0.09,1,1241026,1240600,426
102590001,38.1217,37.9396,425,33720,0.0813776,0.11,1,1241055,1240630,425
102592921,36.2487,34.9758,427,33783,0.0745511,0.11,1,1241090,1240663,427
102604601,41.968,41.5178,424,34032,0.0849005,0.05,1,1241273,1240849,424
102607521,34.7872,34.6071,424,34094,0.0519602,0.01,1,1241303,1240879,424
102610441,40.3149,41.4428,422,34156,0.0747841,0.01,1,1241347,1240925,422
102613361,17.3259,17.7771,422,34218,0.0839136,0.01,1,1241349,1240927,422
102616281,23.7304,7.11085,450,34280,0.0755654,0.05,1,1241377,1240927,450
102619201,52.6922,20.2443,493,34342,0.0842262,0.09,1,1241449,1240956,493
102622121,39.6769,50.0977,454,34404,0.0996905,0.09,1,1241480,1241026,454
102665921,45.6154,54.6433,467,35313,0.235938,0.17,1,1242087,1241620,467
102668841,39.8462,44.6573,465,35373,0.280375,0.15,1,1242123,1241658,465
102692201,31.9597,36.6157,430,35848,0.407363,0.19,1,1242370,1241940,430
102695121,38.5839,39.8463,431,35907,0.444945,0.19,1,1242413,1241982,431
102741841,35.6999,34.9525,448,36838,0.768544,0.53,2,1243039,1242591,448
102773961,47.2733,47.1615,502,37464,0.91662,0.77,2,1243469,1242967,502
102776881,37.5093,44.0646,491,37520,0.936648,0.79,2,1243500,1243009,491
102779801,41.4037,35.6258,505,37576,0.920659,0.85,2,1243544,1243039,505
102782721,17.7615,40.6503,463,37632,0.914264,0.85,2,1243546,1243083,463
102788561,54.6818,24.9841,536,37744,0.917882,0.81,2,1243651,1243115,536
102791481,23.0727,54.9936,463,37800,0.925153,0.85,2,1243653,1243190,463
102794401,29.6291,23.1974,495,37856,0.928061,0.83,2,1243687,1243192,495
102797321,36.4516,30.279,501,37912,0.917225,0.81,2,1243728,1243227,501
102800241,40.9807,36.1116,505,37968,0.93689,0.83,2,1243772,1243267,505
102922881,46.5816,48.7371,520,40239,0.9316,1,2,1245364,1244844,520
102928721,47.1731,38.6379,521,40343,0.786256,1,2,1245450,1244929,521
102949161,25.5588,31.355,505,40707,0.297218,1,1,1245672,1245167,505
102957921,50.9798,39.1347,540,40863,0.075902,0.99,1,1245799,1245259,540
102960841,37.1919,53.4539,505,40915,0.0723608,0.89,1,1245827,1245322,505
102963761,32.2768,46.5816,492,40967,0.0469443,0.83,1,1245856,1245364,492
102966681,44.1107,38.4326,511,41019,0.0187777,0.73,1,1245908,1245397,511
102969601,36.2443,47.173,489,41070,0.00751109,0.69,1,1245939,1245450,489
102972521,31.2977,38.6692,484,41121,0.0330044,0.61,1,1245967,1245483,484
102975441,36.5191,34.6677,492,41172,0.0552018,0.59,1,1246007,1245515,492
102978361,32.6076,40.2671,478,41223,0.0640807,0.51,1,1246037,1245559,478
102981281,28.0431,37.1068,468,41274,0.0796323,0.39,1,1246062,1245594,468
102984201,25.6172,32.2427,463,41325,0.0858529,0.31,1,1246086,1245623,463
102987121,21.6469,27.8971,457,41376,0.0763412,0.25,1,1246105,1245648,457
102990041,22.4588,25.5588,456,41427,0.0605365,0.13,1,1246128,1245672,456
102992961,28.1835,27.6235,459,41478,0.0542146,0.11,1,1246160,1245701,459
102995881,48.4734,31.4494,487,41529,0.0756858,0.03,1,1246222,1245735,487
102998801,20.5894,50.9798,425,41580,0.0602743,0.07,1,1246224,1245799,425
103001721,23.8357,37.1919,423,41631,0.0901097,0.03,1,1246250,1245827,423
103007561,41.6137,44.1107,423,41733,0.0828176,0,1,1246331,1245908,423
103010481,37.0455,36.2443,426,41784,0.039127,0.05,1,1246365,1245939,426
103013401,29.2182,31.2977,422,41835,0.0576508,0.07,1,1246389,1245967,422
103016321,36.8873,36.5191,424,41885,0.0770603,0.07,1,1246431,1246007,424
103019241,31.5549,32.6076,422,41935,0.0968241,0.09,1,1246459,1246037,422
103030921,22.0334,22.4588,424,42135,0.202879,0.05,1,1246552,1246128,424
103033841,29.2134,28.1835,426,42185,0.219151,0.09,1,1246586,1246160,426
103036761,49.4853,48.4734,427,42235,0.225661,0.05,1,1246649,1246222,427
103039681,20.9941,20.5894,427,42285,0.228264,0.11,1,1246651,1246224,427
103042601,25.1977,23.8357,429,42335,0.229306,0.11,1,1246679,1246250,429
103045521,25.6791,27.5343,425,42385,0.253722,0.07,1,1246705,1246280,425
103086401,27.2053,10.0791,462,43076,0.287532,0.27,1,1247141,1246679,462
103089321,40.8821,19.6316,486,43125,0.289013,0.35,1,1247191,1246705,486
103101001,33.1874,39.1522,465,43321,0.410263,0.31,1,1247323,1246858,465
103103921,31.875,33.0609,467,43370,0.410105,0.37,1,1247354,1246887,467
103106841,26.55,31.2243,460,43419,0.410042,0.37,1,1247377,1246917,460
103109761,22.62,25.6897,458,43468,0.410017,0.33,1,1247397,1246939,458
103112681,22.248,22.8759,459,43517,0.410007,0.35,1,1247419,1246960,459
103115601,29.2992,22.9504,470,43565,0.434003,0.31,1,1247453,1246983,470
103182761,40.0258,40.9525,451,44664,0.776221,0.61,2,1248186,1247735,451
103185681,34.6103,34.381,452,44711,0.760489,0.63,2,1248217,1247765,452
103188601,33.0441,32.3524,453,44758,0.766195,0.63,2,1248249,1247796,453
103209041,27.2584,26.0127,457,45087,0.915086,0.69,2,1248449,1247992,457
103211961,27.7033,27.8051,456,45134,0.936034,0.69,2,1248477,1248021,456
103214881,12.2813,12.322,456,45181,0.944414,0.71,2,1248479,1248023,456
103395921,26.7051,24.412,509,47987,0.94,1,2,1250458,1249949,509
103410521,29.6821,30.2308,498,48207,0.909386,1,2,1250606,1250108,498
103416361,30.3091,33.7569,490,48295,0.799502,1,2,1250669,1250179,490
103419281,28.9237,28.5028,493,48339,0.769801,1,2,1250697,1250204,493
103454321,24.8474,26.2052,472,48858,0.413035,1,1,1251046,1250574,472
103506881,29.0874,27.3389,468,49631,0.441398,0.33,1,1251543,1251075,468
103568201,32.9499,31.863,451,50513,0.763498,0.61,2,1252102,1251651,451
103571121,29.9799,30.1452,450,50555,0.791399,0.57,2,1252130,1251680,450
103603241,30.9045,30.542,454,51011,0.903099,0.65,2,1252441,1251987,454
103609081,18.6247,17.9667,455,51093,0.904096,0.75,2,1252465,1252010,455
103810561,29.9618,26.8656,502,53861,0.912638,1,2,1254410,1253908,502
103813481,22.1847,24.5463,496,53900,0.929055,1,2,1254427,1253931,496
103816401,26.8739,22.4185,505,53939,0.929622,1,2,1254457,1253952,505
103819321,32.3496,27.5674,510,53978,0.917849,1,2,1254493,1253983,510
103833921,29.1399,32.9261,502,54173,0.793076,0.99,2,1254640,1254138,502
103836841,27.856,31.1705,499,54212,0.77923,1,2,1254667,1254168,499
103839761,24.9424,22.6682,505,54251,0.785692,1,2,1254690,1254185,505
103848521,19.6683,31.3308,493,54368,0.750844,1,2,1254762,1254269,493
103851441,13.2673,25.1323,481,54407,0.750338,1,2,1254771,1254290,481
103854361,16.7069,22.6529,479,54446,0.750135,0.99,2,1254790,1254311,479
103947801,28.1192,24.1302,478,55668,0.759004,0.53,2,1255628,1255150,478
103950721,27.4477,27.6521,475,55706,0.789602,0.55,2,1255655,1255180,475
103994521,29.5015,30.2376,459,56272,0.90149,0.75,2,1256010,1255551,459
103997441,26.2006,26.495,459,56309,0.906596,0.75,2,1256034,1255575,459
104000361,24.2802,23.798,460,56346,0.920639,0.77,2,1256057,1255597,460
104160961,19.1099,30.1731,505,58361,0.941968,1,2,1257430,1256925,505
104169721,25.583,24.6111,515,58469,0.948046,1,2,1257512,1256997,515
104172641,25.8332,31.4444,505,58505,0.925218,1,2,1257538,1257033,505
104175561,27.1333,26.3778,510,58541,0.928087,1,2,1257566,1257056,510
104213521,25.3394,24.1869,494,59009,0.932141,1,2,1257883,1257389,494
104219361,25.1743,19.1099,496,59081,0.915943,0.96,2,1257926,1257430,496
104222281,11.2697,25.644,468,59117,0.924377,0.99,2,1257928,1257460,468
104225201,20.1079,26.4576,467,59153,0.927751,0.93,2,1257954,1257487,467
104228121,24.2432,25.583,469,59189,0.9171,0.91,2,1257981,1257512,469
104231041,24.6973,25.8332,468,59225,0.92484,0.93,2,1258006,1257538,468
104233961,23.6789,27.1333,463,59260,0.939936,0.83,2,1258029,1257566,463
104463181,153.946,170.403,503,28544,0.934,1,2,1259970,1259467,503
104562461,76.2419,72.8593,496,30965,0.946,1,2,1261722,1261226,496
104842781,36.749,35.9356,498,36946,0.90136,1,2,1265905,1265407,498
104848621,36.1198,31.7897,502,37060,0.791018,1,2,1265974,1265472,502
104866141,49.9163,45.4676,527,37402,0.0772253,1,1,1266225,1265698,527
104869061,50.5665,52.387,521,37458,0.0728901,1,1,1266276,1265755,521
104871981,37.0266,46.7548,506,37514,0.059156,0.96,1,1266304,1265798,506
104874901,33.4106,39.1019,503,37570,0.0776624,0.98,1,1266335,1265832,503
104877821,32.5643,37.8408,498,37626,0.061065,0.85,1,1266367,1265869,498
104880741,31.6257,36.7363,493,37682,0.066426,0.77,1,1266398,1265905,493
104883661,33.6503,33.2945,497,37738,0.0565704,0.77,1,1266433,1265936,497
104886581,33.2601,36.1178,492,37794,0.0286282,0.67,1,1266466,1265974,492
104889501,28.304,35.4471,482,37850,0.0114513,0.53,1,1266491,1266009,482
104892421,33.5216,33.9788,486,37906,0.0345805,0.37,1,1266528,1266042,486
104895341,32.6086,41.1915,472,37962,0.0798322,0.27,1,1266560,1266088,472
104901181,47.6974,43.7906,479,38074,0.0499731,0,1,1266650,1266171,479
104904101,47.279,49.9163,472,38129,0.0379893,0.07,1,1266697,1266225,472
104907021,36.3116,50.5665,450,38184,0.0571957,0.05,1,1266726,1266276,450
104909941,34.9246,37.0266,456,38239,0.0288783,0.09,1,1266760,1266304,456
104912861,31.9699,33.4106,455,38294,0.0535513,0.05,1,1266790,1266335,455
104915781,32.5879,32.5643,456,38349,0.0514205,0.07,1,1266823,1266367,456
104918701,33.4352,31.6257,459,38404,0.0625682,0.05,1,1266857,1266398,459
104921621,32.5741,33.6503,456,38459,0.0790273,0.01,1,1266889,1266433,456
104924541,27.4296,33.2601,447,38514,0.0856109,0,1,1266913,1266466,447
104927461,34.3719,28.304,461,38569,0.0522444,0.05,1,1266952,1266491,461
104930381,14.9487,33.5216,426,38624,0.0628977,0.11,1,1266954,1266528,426
104942061,45.0803,47.279,422,38843,0.0586822,0.07,1,1267119,1266697,422
104944981,39.0321,36.3116,428,38897,0.0414729,0.01,1,1267154,1266726,428
104947901,32.4128,34.9246,422,38951,0.0465891,0.07,1,1267182,1266760,422
104950821,33.3651,31.9699,426,39005,0.0366357,0.05,1,1267216,1266790,426
104953741,30.7461,32.5879,422,39059,0.0206543,0.07,1,1267245,1266823,422
104956661,34.4984,33.4352,425,39113,0.0142617,0.09,1,1267282,1266857,425
104959581,33.5994,32.5741,426,39167,0.0597047,0.09,1,1267315,1266889,426
104962501,26.6397,27.4296,424,39221,0.0778819,0.03,1,1267337,1266913,424
104965421,33.4559,34.3719,423,39275,0.0851528,0.07,1,1267375,1266952,423
104968341,14.5824,14.9487,423,39329,0.0640611,0.13,1,1267377,1266954,423
104971261,29.2329,26.3795,428,39383,0.0796244,0.13,1,1267416,1266988,428
105015061,43.3444,23.8773,479,40180,0.21502,0.23,1,1267927,1267448,479
105017981,43.7378,38.9509,474,40233,0.224008,0.19,1,1267971,1267497,474
105020901,36.6951,41.9804,462,40285,0.239603,0.17,1,1268003,1267541,462
105023821,31.478,37.7921,455,40337,0.257841,0.17,1,1268031,1267576,455
105026741,32.9912,31.9169,461,40389,0.265137,0.11,1,1268065,1267604,461
105029661,31.1965,33.7667,456,40441,0.268055,0.11,1,1268095,1267639,456
105032581,33.4786,30.3067,463,40493,0.257222,0.09,1,1268130,1267667,463
105035501,34.9914,34.9227,461,40545,0.276889,0.17,1,1268166,1267705,461
105038421,28.3966,34.3691,451,40597,0.296755,0.15,1,1268190,1267739,451
105047181,31.7454,14.6316,472,40753,0.297152,0.21,1,1268273,1267801,472
105050101,32.4982,31.6526,462,40805,0.280861,0.19,1,1268306,1267844,462
105053021,44.7993,31.8611,483,40857,0.274344,0.23,1,1268359,1267876,483
105055941,44.3197,43.3444,476,40909,0.295738,0.23,1,1268403,1267927,476
105079301,34.4567,28.3966,474,41319,0.424296,0.31,1,1268664,1268190,474
105082221,14.9827,34.1586,438,41370,0.439718,0.31,1,1268666,1268228,438
105149381,30.9187,30.0931,450,42529,0.764372,0.59,2,1269416,1268966,450
105152301,35.1675,34.2373,451,42579,0.791749,0.61,2,1269454,1269003,451
105166901,33.1009,32.668,451,42826,0.908117,0.61,2,1269605,1269154,451
105394661,35.2447,38.4379,508,46511,0.949575,1,2,1272190,1271682,508
105619501,73.1057,78.7826,491,23003,0.912418,0.83,2,1274729,1274238,491
105622421,67.0423,71.113,488,23095,0.922967,0.81,2,1274792,1274304,488
105625341,54.4169,63.2452,476,23187,0.927187,0.79,2,1274838,1274362,476
105724621,61.0611,31.0946,568,26115,0.279172,0.97,1,1276901,1276333,568
105730461,78.1698,76.2551,550,26277,0.0818674,1,1,1277051,1276501,550
105733381,52.8679,76.7021,509,26358,0.050747,1,1,1277087,1276578,509
105736301,63.7472,54.6808,540,26438,0.0622988,0.8,1,1277158,1276618,540
105739221,45.2989,68.0723,496,26518,0.0669195,0.79,1,1277191,1276695,496
105742141,48.7195,51.8289,506,26598,0.0927678,0.57,1,1277242,1276736,506
105745061,36.8878,56.1316,476,26678,0.0911071,0.39,1,1277271,1276795,476
105747981,48.9551,41.6526,501,26757,0.0904429,0.13,1,1277328,1276827,501
105750901,52.582,61.0611,482,26836,0.0661771,0.03,1,1277383,1276901,482
105753821,75.6328,60.4244,513,26915,0.0564709,0.05,1,1277474,1276961,513
105756741,31.4531,78.1698,425,26994,0.0525883,0.03,1,1277476,1277051,425
105759661,32.9813,52.8679,423,27072,0.0390353,0.07,1,1277510,1277087,423
105762581,55.1925,63.7472,422,27150,0.0696141,0.07,1,1277580,1277158,422
105777181,51.8465,52.582,425,27538,0.221926,0.05,1,1277808,1277383,425
105780101,74.1386,75.6328,423,27615,0.21477,0.05,1,1277897,1277474,423
105783021,30.8554,31.4531,423,27692,0.211908,0.03,1,1277899,1277476,423
105785941,32.1422,32.9813,422,27768,0.210763,0.09,1,1277932,1277510,422
105791781,44.5027,44.877,424,27920,0.241322,0.19,1,1278042,1277618,424
105794701,50.2011,47.3508,429,27996,0.246529,0.17,1,1278096,1277667,429
105797621,39.2804,37.5403,430,28072,0.260612,0.19,1,1278128,1277698,430
105800541,49.9122,48.6161,431,28147,0.278245,0.25,1,1278185,1277754,431
105803461,52.9649,51.8465,432,28222,0.297298,0.21,1,1278240,1277808,432
105844341,45.1324,57.8079,474,29255,0.410704,0.33,1,1278911,1278437,474
105882301,52.2203,51.8245,449,30181,0.787486,0.55,2,1279509,1279060,449
105899821,25.0276,24.9799,452,30599,0.927385,0.67,2,1279769,1279317,452
106034141,43.2805,48.2658,480,33631,0.913539,1,2,1281878,1281398,480
106042901,57.49,52.841,495,33820,0.796466,1,2,1282079,1281584,495
106045821,45.196,40.9364,499,33883,0.768587,1,2,1282116,1281617,499
106139261,58.8615,61.1713,453,35825,0.773146,0.63,2,1283390,1282937,453
106148021,43.3911,43.707,455,36002,0.926681,0.67,2,1283517,1283062,455
106323221,41.4057,33.3493,505,39369,0.945693,1,2,1285830,1285325,505
106326141,39.9623,41.5397,497,39423,0.924277,1,2,1285869,1285372,497
106419581,33.7664,40.0107,479,41101,0.75803,0.63,2,1287012,1286533,479
106422501,23.7065,33.4043,467,41152,0.777212,0.63,2,1287029,1286562,467
106425421,31.6826,22.3617,489,41203,0.784885,0.59,2,1287066,1286577,489
106428341,28.273,31.7447,477,41254,0.787954,0.59,2,1287092,1286615,477
106454621,39.568,39.2897,459,41713,0.937213,0.75,2,1287400,1286941,459
106591861,29.4131,30.9398,505,44027,0.946,1,2,1288986,1288481,505
106762681,325.406,364.603,471,20440,0.418,0.73,1,1290896,1290425,471
106774361,84.4536,89.5562,458,21568,0.0507328,0.09,1,1291189,1290731,458
106777281,81.7814,72.4225,477,21666,0.0502931,0.03,1,1291269,1290792,477
106780201,42.9126,63.169,437,21764,0.0381172,0.05,1,1291286,1290849,437
106783121,36.365,43.8676,438,21861,0.0332469,0.03,1,1291318,1290880,438
106786041,59.546,70.947,424,21958,0.0312988,0.13,1,1291393,1290969,424
106794801,76.3389,77.8606,424,22247,0.0687231,0.05,1,1291613,1291189,424
106797721,77.9356,79.1442,423,22342,0.0694892,0.03,1,1291692,1291269,423
106800641,41.3742,41.8577,423,22437,0.0277957,0.03,1,1291709,1291286,423
106803561,35.7497,35.9431,423,22532,0.0171183,0.03,1,1291741,1291318,423
106806481,58.0999,14.3772,496,22626,0.0248473,0.03,1,1291814,1291318,496
106809401,70.64,50.7509,500,22720,0.0399389,0.17,1,1291893,1291393,500
106812321,68.456,64.1004,494,22813,0.0579756,0.21,1,1291960,1291466,494
106815241,72.3824,63.4401,506,22906,0.0291902,0,1,1292035,1291529,506
106818161,76.953,75.7761,502,22999,0.0656761,0.07,1,1292115,1291613,502
106821081,39.7812,77.7104,438,23091,0.0922704,0,1,1292130,1291692,438
106824001,35.1125,41.2842,453,23183,0.0909082,0.01,1,1292162,1291709,453
106826921,58.445,35.7137,495,23274,0.0663633,0.03,1,1292236,1291741,495
106829841,71.378,58.0855,502,23365,0.0685453,0.05,1,1292316,1291814,502
106832761,69.3512,70.6342,491,23456,0.0934181,0.07,1,1292384,1291893,491
106838601,79.6162,72.3815,507,23636,0.0713469,0.09,1,1292542,1292035,507
106841521,40.2465,76.9526,441,23726,0.0705388,0.11,1,1292556,1292115,441
106844441,34.6986,39.781,457,23815,0.0822155,0.09,1,1292587,1292130,457
106847361,57.0794,35.1124,497,23904,0.0868862,0.05,1,1292659,1292162,497
106850281,24.0318,58.445,425,23993,0.0887545,0.07,1,1292661,1292236,425
106856121,64.6851,69.3512,427,24169,0.200201,0.11,1,1292811,1292384,427
106859041,69.674,71.5405,427,24257,0.25408,0.05,1,1292884,1292457,427
106861961,77.6696,79.6162,425,24344,0.263632,0.07,1,1292967,1292542,425
106864881,39.4678,40.2465,425,24431,0.267453,0.09,1,1292981,1292556,425
106882401,71.885,69.674,434,24947,0.436899,0.27,1,1293318,1292884,434
106917441,59.0652,35.7438,523,25948,0.753932,0.59,2,1293972,1293449,523
106920361,24.8261,58.0975,452,26030,0.787573,0.63,2,1293974,1293522,452
106923281,60.9304,24.439,535,26111,0.789029,0.59,2,1294059,1293524,535
106926201,70.5722,60.1756,528,26192,0.777612,0.61,2,1294136,1293608,528
106929121,76.8289,69.6702,533,26273,0.773045,0.69,2,1294217,1293684,533
106952481,76.568,70.5722,540,26911,0.941683,0.77,2,1294676,1294136,540
107037161,51.7074,48.1181,528,29105,0.9472,1,2,1296183,1295655,528
107045921,60.6453,33.8956,559,29323,0.761181,1,2,1296325,1295766,559
107054681,67.1693,51.6333,559,29539,0.414236,1,1,1296493,1295934,559
107075121,52.2153,60.6453,451,30037,0.417543,0.67,1,1296776,1296325,451
107078041,40.6861,47.0581,446,30107,0.425017,0.53,1,1296809,1296363,446
107118921,46.7438,46.6512,445,31076,0.769247,0.47,2,1297484,1297039,445
107145201,74.2104,64.0533,536,31683,0.900437,0.77,2,1297913,1297377,536
107148121,48.2841,71.8213,490,31750,0.942175,0.79,2,1297944,1297454,490
107151041,47.5137,46.7285,507,31817,0.94687,0.85,2,1297991,1297484,507
107153961,38.2055,46.2914,493,31883,0.948748,0.83,2,1298023,1297530,493
107156881,16.4822,37.1166,464,31949,0.949499,0.83,2,1298025,1297561,464
107159801,24.5929,16.0466,492,32015,0.9498,0.83,2,1298055,1297563,492
107288281,32.4576,27.3116,532,34803,0.78472,1,2,1300040,1299508,532
107297041,30.4213,35.2759,517,34986,0.433502,1,1,1300132,1299615,517
107302881,72.9074,60.4842,560,35106,0.0753603,1,1,1300288,1299728,560
107305801,53.163,78.1937,510,35166,0.0601441,1,1,1300328,1299818,510
107308721,55.4652,49.8775,536,35226,0.0300577,1,1,1300385,1299849,536
107311641,39.5861,57.751,502,35286,0.0180231,1,1,1300414,1299912,502
107314561,31.4344,42.9004,495,35346,0.0132092,0.92,1,1300440,1299945,495
107317481,26.3738,36.3602,486,35406,0.0112837,0.81,1,1300463,1299977,486
107320401,26.7495,33.1441,482,35466,0.0105135,0.73,1,1300490,1300008,482
107323321,26.8998,32.4576,477,35526,0.00420539,0.63,1,1300517,1300040,477
107326241,23.9599,33.3831,465,35586,0.00168216,0.47,1,1300539,1300074,465
107329161,26.984,29.5532,467,35645,0.0306729,0.35,1,1300568,1300101,467
107332081,11.9936,30.4213,438,35704,0.0302691,0,1,1300570,1300132,438
107335001,39.5974,54.7685,425,35763,0.0301077,0.01,1,1300628,1300203,425
107337921,67.439,72.9074,426,35822,0.0300431,0.05,1,1300714,1300288,426
107340841,49.1756,53.163,423,35881,0.0540172,0.01,1,1300751,1300328,423
107343761,53.8702,55.4652,423,35940,0.0216069,0.01,1,1300808,1300385,423
107346681,38.9481,39.5861,423,35999,0.0746428,0.01,1,1300837,1300414,423
107349601,31.1792,31.4344,423,36058,0.0838571,0.01,1,1300863,1300440,423
107352521,25.6717,26.3738,422,36117,0.0635428,0.01,1,1300885,1300463,422
107355441,27.0687,26.7495,423,36176,0.0254171,0,1,1300913,1300490,423
107358361,26.4275,26.8998,422,36234,0.0401669,0,1,1300939,1300517,422
107361281,24.371,23.9599,423,36292,0.0460667,0.05,1,1300962,1300539,423
107364201,27.1484,26.984,423,36350,0.0484267,0.03,1,1300991,1300568,423
107367121,12.0594,11.9936,423,36408,0.0493707,0.03,1,1300993,1300570,423
107370041,39.6237,39.5974,423,36466,0.0377483,0.03,1,1301051,1300628,423
107372961,66.8495,67.439,422,36524,0.0210993,0.07,1,1301136,1300714,422
107375881,48.9398,49.1756,422,36582,0.0744397,0,1,1301173,1300751,422
107378801,53.7759,53.8702,422,36640,0.0597759,0.11,1,1301230,1300808,422
107381721,40.7104,38.9481,425,36698,0.0299104,0.09,1,1301262,1300837,425
107384641,30.0841,31.1792,422,36756,0.0419641,0.05,1,1301285,1300863,422
107387561,26.4337,25.6717,424,36813,0.0347857,0,1,1301309,1300885,424
107390481,26.1735,27.0687,422,36870,0.0319143,0.05,1,1301335,1300913,422
107393401,26.0694,26.4275,422,36927,0.0427657,0.05,1,1301361,1300939,422
107396321,24.8278,24.371,423,36984,0.0471063,0.05,1,1301385,1300962,423
107399241,26.7311,27.1484,422,37041,0.0248425,0.05,1,1301413,1300991,422
107402161,11.8924,12.0594,422,37098,0.015937,0.03,1,1301415,1300993,422
107405081,40.757,39.6237,424,37155,0.0363748,0.03,1,1301475,1301051,424
107408001,65.5028,15.8495,506,37212,0.0325499,0.01,1,1301557,1301051,506
107410921,49.0011,57.3398,459,37269,0.04302,0.11,1,1301595,1301136,459
107413841,53.2004,45.1359,478,37326,0.047208,0.05,1,1301651,1301173,478
107416761,40.4802,52.2544,453,37383,0.0488832,0.01,1,1301683,1301230,453
107419681,29.9921,40.1017,444,37440,0.0615533,0.05,1,1301706,1301262,444
107422601,26.3968,29.8407,445,37496,0.0786213,0.03,1,1301730,1301285,445
107425521,26.1587,26.3363,447,37552,0.0614485,0.03,1,1301756,1301309,447
107428441,26.0635,26.1345,447,37608,0.0425794,0.05,1,1301782,1301335,447
107431361,24.8254,26.0538,445,37664,0.0470318,0.05,1,1301806,1301361,445
107434281,26.7302,24.8215,449,37720,0.0488127,0.01,1,1301834,1301385,449
107437201,11.8921,26.7286,423,37776,0.0495251,0.01,1,1301836,1301413,423
107440121,40.7568,11.8914,481,37832,0.03781,0.05,1,1301896,1301415,481
107443041,65.5027,40.7566,503,37888,0.021124,0.03,1,1301978,1301475,503
107445961,50.2011,65.5026,461,37944,0.0504496,0.05,1,1302018,1301557,461
107448881,53.6804,49.0011,479,38000,0.0381798,0.05,1,1302074,1301595,479
107451801,40.6722,53.2004,455,38056,0.0572719,0.05,1,1302106,1301651,455
107454721,30.6689,40.4802,447,38112,0.0649088,0.07,1,1302130,1301683,447
107457641,26.0675,29.9921,447,38167,0.0559635,0.09,1,1302153,1301706,447
107460561,24.827,26.3968,447,38222,0.0643854,0.05,1,1302177,1301730,447
107463481,26.7308,26.1587,449,38277,0.0437542,0.03,1,1302205,1301756,449
107466401,25.0923,26.0635,447,38332,0.0475017,0.05,1,1302229,1301782,447
107469321,26.8369,24.8254,451,38387,0.0490007,0.05,1,1302257,1301806,451
107472241,11.9348,26.7302,425,38442,0.0496003,0.05,1,1302259,1301834,425
107475161,40.1739,11.8921,482,38497,0.0498401,0.03,1,1302318,1301836,482
107478081,64.6696,40.7568,503,38552,0.049936,0.01,1,1302399,1301896,503
107481001,52.2678,65.5027,465,38607,0.0379744,0.07,1,1302443,1301978,465
107483921,22.1071,50.2011,427,38662,0.0331898,0.03,1,1302445,1302018,427
107486841,40.6429,53.6804,424,38717,0.0312759,0.07,1,1302498,1302074,424
107489761,36.0571,40.6722,425,38772,0.0425104,0.07,1,1302531,1302106,425
107492681,28.8229,30.6689,425,38826,0.0470041,0.05,1,1302555,1302130,425
107495601,24.7291,26.0675,424,38880,0.0488017,0.07,1,1302577,1302153,424
107498521,24.8917,24.827,425,38934,0.0375207,0.03,1,1302602,1302177,425
107501441,26.1567,26.7308,424,38988,0.0450083,0.05,1,1302629,1302205,424
107504361,24.8627,25.0923,424,39042,0.0480033,0.05,1,1302653,1302229,424
107513121,40.1592,40.1739,424,39204,0.0954722,0.05,1,1302742,1302318,424
107516041,64.6637,64.6696,424,39258,0.0921889,0.03,1,1302823,1302399,424
107518961,52.2655,52.2678,424,39312,0.0668756,0.03,1,1302867,1302443,424
107521881,22.1062,22.1071,424,39366,0.0327502,0.03,1,1302869,1302445,424
107524801,39.4425,40.6429,422,39420,0.0191001,0.05,1,1302920,1302498,422
107527721,36.777,36.0571,424,39474,0.02564,0.05,1,1302955,1302531,424
107530641,29.1108,28.8229,424,39528,0.052256,0.05,1,1302979,1302555,424
107533561,24.8443,24.7291,424,39581,0.0509024,0.03,1,1303001,1302577,424
107536481,24.3377,24.8917,423,39634,0.086361,0.05,1,1303025,1302602,423
107539401,26.5351,26.1567,424,39687,0.0765444,0.05,1,1303053,1302629,424
107542321,25.614,24.8627,425,39740,0.0846178,0.15,1,1303078,1302653,425
107545241,28.2456,26.7451,427,39793,0.0998471,0.15,1,1303108,1302681,427
107548161,12.4982,11.898,427,39846,0.0819388,0.07,1,1303110,1302683,427
107556921,50.6719,52.2655,422,40005,0.0952441,0.01,1,1303289,1302867,422
107559841,21.4688,22.1062,422,40058,0.0920976,0.01,1,1303291,1302869,422
107562761,38.5875,8.84247,472,40111,0.0548391,0.01,1,1303341,1302869,472
107565681,37.035,34.137,457,40164,0.0759356,0.03,1,1303377,1302920,457
107568601,29.814,34.6548,447,40217,0.0963743,0.07,1,1303402,1302955,447
107580281,26.8704,26.4808,451,40426,0.0976512,0.09,1,1303504,1303053,451
107597801,21.2182,50.6717,425,40738,0.200907,0.09,1,1303714,1303289,425
107600721,39.0873,21.4687,474,40790,0.230363,0.03,1,1303765,1303291,474
107603641,37.8349,38.5875,461,40842,0.266145,0.09,1,1303802,1303341,461
107641601,39.2392,39.0873,472,41508,0.403763,0.29,1,1304237,1303765,472
107644521,16.8957,37.8349,437,41559,0.407505,0.33,1,1304239,1303802,437
107647441,23.5583,31.334,438,41610,0.445002,0.33,1,1304267,1303829,438
107653281,24.0493,24.6934,439,41712,0.442,0.35,1,1304314,1303875,439
107714601,52.989,51.1871,450,42762,0.771439,0.57,2,1305033,1304583,450
107717521,22.3956,21.6748,450,42811,0.782576,0.57,2,1305035,1304585,450
107720441,41.3582,42.2699,448,42860,0.79903,0.57,2,1305089,1304641,448
107723361,41.7433,40.308,451,42909,0.781612,0.57,2,1305131,1304680,451
107726281,17.8973,17.3232,451,42958,0.774645,0.65,2,1305133,1304682,451
107746721,12.7158,27.6761,457,43301,0.902746,0.69,2,1305299,1304842,457
107752561,68.8745,40.9082,543,43399,0.904039,0.77,2,1305447,1304904,543
107755481,53.9498,67.9633,501,43448,0.919616,0.79,2,1305491,1304990,501
107758401,22.7799,52.9853,460,43497,0.925846,0.79,2,1305493,1305033,460
107901481,23.6289,23.5797,501,45811,0.92824,1,2,1307109,1306608,501
107956961,140.496,125.84,493,21270,0.439683,0.53,1,1307854,1307361,493
107959881,107.198,96.5362,501,21370,0.445873,0.47,1,1307939,1307438,501
107997841,90.3601,23.9813,559,22626,0.758028,0.59,2,1308747,1308188,559
108000761,90.144,74.9925,540,22720,0.777211,0.63,2,1308837,1308297,540
108018281,92.3979,60.8411,569,23274,0.940539,0.77,2,1309206,1308637,569
108108801,88.288,73.8893,567,25948,0.922,1,2,1311099,1310532,567
108126321,46.8646,43.3734,517,26434,0.268304,1,1,1311398,1310881,517
108132161,84.4183,60.2197,572,26594,0.0897287,0.87,1,1311564,1310992,572
108135081,55.3673,88.2879,501,26674,0.0778915,0.75,1,1311600,1311099,501
108138001,54.5469,58.7152,516,26753,0.0851566,0.65,1,1311654,1311138,516
108178881,34.4768,34.989,427,27840,0.204245,0.19,1,1312252,1311825,427
108181801,48.5907,48.7956,427,27916,0.231698,0.11,1,1312310,1311883,427
108184721,81.8363,82.5182,426,27992,0.266679,0.09,1,1312414,1311988,426
108187641,54.3345,55.8073,424,28068,0.292672,0.13,1,1312450,1312026,424
108199321,23.8934,23.4799,429,28368,0.420244,0.19,1,1312613,1312184,429
108202241,26.3573,9.39195,457,28443,0.414098,0.21,1,1312641,1312184,457
108205161,34.5429,20.5568,469,28517,0.423639,0.21,1,1312681,1312212,469
108208081,49.8172,32.2227,489,28591,0.439456,0.25,1,1312741,1312252,489
108248961,61.6348,49.5777,519,29611,0.756263,0.65,2,1313505,1312986,519
108251881,25.8539,59.4311,455,29682,0.776505,0.65,2,1313507,1313052,455
108286921,35.4867,35.4566,462,30526,0.904979,0.81,2,1314038,1313576,462
108289841,15.3947,15.3826,462,30595,0.907991,0.83,2,1314040,1313578,462
108292761,42.7579,42.1531,463,30664,0.945197,0.87,2,1314101,1313638,463
108397881,61.3345,60.9879,490,33056,0.79144,1,2,1315858,1315368,490
108409561,34.0038,30.7357,498,33312,0.418037,1,1,1315989,1315491,498
108412481,34.6015,29.6943,504,33375,0.281215,1,1,1316024,1315520,504
108421241,38.5025,41.4764,478,33564,0.0724777,0.94,1,1316168,1315690,478
108424161,43.601,49.5906,470,33627,0.0469911,0.83,1,1316215,1315745,470
108427081,38.4404,43.8362,465,33690,0.0367964,0.73,1,1316250,1315785,465
108430001,53.1762,61.3345,455,33753,0.0327186,0.69,1,1316313,1315858,455
108432921,39.8705,44.9338,452,33816,0.0310874,0.63,1,1316344,1315892,452
108435841,32.7482,37.7735,447,33879,0.066435,0.47,1,1316372,1315925,447
108438761,26.2993,32.5094,440,33941,0.092574,0.33,1,1316394,1315954,440
108441681,29.7197,34.0038,437,34003,0.0910296,0.19,1,1316426,1315989,437
108467961,35.1092,39.2791,453,34559,0.0952783,0.09,1,1316797,1316344,453
108470881,25.4437,32.5116,444,34620,0.0801113,0.11,1,1316816,1316372,444
108473801,31.1775,26.2047,457,34681,0.0860445,0.09,1,1316851,1316394,457
108476721,29.871,29.6819,454,34742,0.0764178,0.13,1,1316880,1316426,454
108479641,55.7484,29.8727,497,34803,0.0845671,0.19,1,1316953,1316456,497
108482561,42.0994,53.3491,461,34864,0.0878269,0.21,1,1316986,1316525,461
108488401,40.8159,37.6959,471,34986,0.0824523,0.15,1,1317062,1316591,471
108491321,37.9264,42.0783,462,35046,0.0629809,0.13,1,1317098,1316636,462
108494241,52.3705,37.8313,489,35106,0.0431924,0.11,1,1317160,1316671,489
108497161,37.1482,52.9325,453,35166,0.0472769,0.09,1,1317187,1316734,453
108500081,35.8593,39.773,457,35226,0.0489108,0.09,1,1317222,1316765,457
108503001,25.1437,35.1092,443,35286,0.0495643,0.07,1,1317240,1316797,443
108505921,31.6575,25.4437,460,35346,0.0738257,0.09,1,1317276,1316816,460
108520521,39.7802,36.0397,468,35645,0.213732,0.07,1,1317486,1317018,468
108523441,17.1121,40.8159,426,35704,0.223493,0.05,1,1317488,1317062,426
108526361,27.2448,37.9264,424,35763,0.275397,0.03,1,1317522,1317098,424
108529281,47.4979,52.3705,423,35822,0.272159,0.05,1,1317583,1317160,423
108532201,34.5992,37.1482,422,35881,0.270864,0.05,1,1317609,1317187,422
108535121,36.0397,35.8593,424,35940,0.246345,0.05,1,1317646,1317222,424
108538041,25.8159,25.1437,425,35999,0.248538,0.09,1,1317665,1317240,425
108540961,34.3263,31.6575,429,36058,0.237415,0.15,1,1317705,1317276,429
108543881,31.7305,30.663,429,36117,0.268966,0.23,1,1317735,1317306,429
108546801,57.6922,56.0652,431,36176,0.269586,0.19,1,1317810,1317379,431
108549721,42.2769,41.6261,431,36234,0.281835,0.19,1,1317842,1317411,431
108552641,37.3108,36.4504,432,36292,0.286734,0.23,1,1317876,1317444,432
108564321,48.0384,47.4979,435,36524,0.413564,0.27,1,1318018,1317583,435
108567241,34.2153,34.5992,434,36582,0.423426,0.23,1,1318043,1317609,434
108576001,34.2058,34.3263,433,36756,0.438219,0.29,1,1318138,1317705,433
108611041,34.6347,25.0752,482,37440,0.769169,0.43,2,1318580,1318098,482
108640241,37.0781,35.2921,494,38000,0.797376,0.73,2,1318979,1318485,494
108643161,25.6313,35.7169,476,38056,0.792951,0.75,2,1318997,1318521,476
108666521,30.3337,19.2393,499,38497,0.912698,0.79,2,1319312,1318813,499
108669441,50.5335,31.0957,524,38552,0.923079,0.81,2,1319376,1318852,524
108672361,35.8134,50.2383,487,38607,0.927232,0.81,2,1319402,1318915,487
108675281,15.5254,35.6953,463,38662,0.928893,0.79,2,1319404,1318941,463
108678201,27.8101,37.0781,461,38717,0.941557,0.79,2,1319440,1318979,461
108803761,45.0891,33.0389,539,40998,0.918986,1,2,1321018,1320479,539
108812521,39.6777,45.0745,510,41151,0.433455,1,1,1321153,1320643,510
108815441,32.6711,40.8298,500,41202,0.299382,1,1,1321181,1320681,500
108818361,29.8684,29.5319,506,41253,0.221753,1,1,1321209,1320703,506
108824201,34.0589,44.2051,498,41355,0.0654804,1,1,1321283,1320785,498
108827121,38.8236,36.282,509,41406,0.0561922,1,1,1321325,1320816,509
108830041,34.1294,35.5128,505,41457,0.0284769,0.96,1,1321356,1320851,505
108832961,28.6518,31.6051,501,41508,0.0293907,1,1,1321381,1320880,501
108835881,21.0607,30.6421,487,41559,0.0177563,1,1,1321397,1320910,487
108838801,14.4243,26.0568,474,41610,0.00710252,0.94,1,1321407,1320933,474
108841721,19.5697,27.2227,469,41661,0.020841,0.89,1,1321430,1320961,469
108844641,38.4279,45.0891,463,41712,0.0383364,0.59,1,1321481,1321018,463
108847561,46.5712,55.2356,453,41763,0.0693346,0.45,1,1321533,1321080,453
108850481,36.6285,43.6943,447,41814,0.0577338,0.35,1,1321563,1321116,447
108853401,33.2514,39.6777,441,41864,0.0410935,0.21,1,1321594,1321153,441
108856321,25.9006,32.6711,434,41914,0.0344374,0.17,1,1321615,1321181,434
108859241,24.1602,29.8684,429,41964,0.019775,0.05,1,1321638,1321209,429
108862161,31.2641,37.1474,423,42014,0.03791,0.03,1,1321674,1321251,423
108865081,31.7056,34.0589,423,42064,0.033164,0.05,1,1321706,1321283,423
108868001,38.4823,38.8236,424,42114,0.0312656,0.01,1,1321749,1321325,424
108870921,33.3929,34.1294,423,42164,0.0305062,0.03,1,1321779,1321356,423
108873841,28.9572,28.6518,424,42214,0.0782025,0.01,1,1321805,1321381,424
108879681,14.5931,14.4243,423,42314,0.0953124,0.03,1,1321830,1321407,423
108882601,19.0373,19.5697,422,42364,0.044125,0.05,1,1321852,1321430,422
108885521,38.2149,38.4279,422,42414,0.05965,0.09,1,1321903,1321481,422
108888441,47.086,46.5712,423,42464,0.05386,0.05,1,1321956,1321533,423
108891361,36.8344,36.6285,423,42514,0.051544,0.03,1,1321986,1321563,423
108894281,32.7338,33.2514,422,42564,0.0506176,0.03,1,1322016,1321594,422
108897201,26.2935,25.9006,423,42614,0.074247,0.01,1,1322038,1321615,423
108900121,23.7174,24.1602,422,42664,0.0596988,0.05,1,1322060,1321638,422
108903041,31.087,31.2641,422,42713,0.0658795,0.03,1,1322096,1321674,422
108905961,32.8348,31.7056,424,42762,0.0323518,0.03,1,1322130,1321706,424
108908881,38.9339,38.4823,424,42811,0.0129407,0.03,1,1322173,1321749,424
108911801,32.3736,33.3929,422,42860,0.0231763,0.11,1,1322201,1321779,422
108914721,32.1494,28.9572,428,42909,0.0392705,0.17,1,1322233,1321805,428
108917641,18.8598,19.9829,424,42958,0.0217082,0.07,1,1322243,1321819,424
108920561,13.5439,14.5931,423,43007,0.0146833,0.07,1,1322253,1321830,423
108923481,17.4176,5.83726,443,43056,0.0238733,0.01,1,1322273,1321830,443
108926401,37.567,15.5349,472,43105,0.0515493,0.07,1,1322324,1321852,472
108929321,46.8268,36.814,474,43154,0.0626197,0.05,1,1322377,1321903,474
108932241,37.9307,46.5256,453,43203,0.0790479,0.05,1,1322409,1321956,453
108935161,31.9723,36.6102,451,43252,0.0976192,0.05,1,1322437,1321986,451
108938081,27.1889,32.6441,445,43301,0.0810477,0.09,1,1322461,1322016,445
108941001,22.8756,26.2576,443,43350,0.0744191,0.05,1,1322481,1322038,443
108943921,31.3502,23.7031,458,43399,0.0717676,0.07,1,1322518,1322060,458
108946841,32.9401,31.0812,456,43448,0.0707071,0.01,1,1322552,1322096,456
108949761,38.376,32.8325,464,43497,0.0342828,0,1,1322594,1322130,464
108952681,32.7504,38.933,450,43546,0.0317131,0.03,1,1322623,1322173,450
108955601,31.7002,32.3732,453,43594,0.0306853,0.05,1,1322654,1322201,453
108958521,18.6801,32.1493,431,43642,0.0302741,0.01,1,1322664,1322233,431
108961441,13.472,18.8597,431,43690,0.0301096,0.01,1,1322674,1322243,431
108964361,17.3888,13.5439,441,43738,0.0180439,0.03,1,1322694,1322253,441
108967281,38.7555,17.4176,474,43786,0.0132175,0.07,1,1322747,1322273,474
108970201,47.9022,37.567,477,43834,0.059287,0.07,1,1322801,1322324,477
108973121,38.9609,46.8268,457,43882,0.0777148,0.09,1,1322834,1322377,457
108976041,31.7844,37.9307,452,43930,0.0730859,0.11,1,1322861,1322409,452
108978961,27.1137,31.9723,448,43978,0.0712344,0.07,1,1322885,1322437,448
108981881,21.6455,27.1889,442,44026,0.0704938,0.07,1,1322903,1322461,442
108984801,30.8582,22.8756,459,44074,0.0821975,0.07,1,1322940,1322481,459
108987721,32.7433,31.3502,456,44122,0.074879,0.07,1,1322974,1322518,456
108990641,38.2973,32.9401,464,44170,0.0719516,0.01,1,1323016,1322552,464
108993561,32.7189,38.376,451,44218,0.0347806,0.03,1,1323045,1322594,451
108996481,31.6876,32.7504,453,44266,0.0439123,0.03,1,1323076,1322623,453
108999401,18.675,31.7002,432,44314,0.0475649,0.03,1,1323086,1322654,432
109002321,14.07,18.6801,433,44362,0.061026,0.03,1,1323097,1322664,433
109005241,16.428,13.472,441,44410,0.0424104,0.01,1,1323115,1322674,441
109008161,38.9712,17.3888,475,44457,0.0229642,0.01,1,1323169,1322694,475
109011081,16.7885,38.7555,424,44504,0.0391857,0.09,1,1323171,1322747,424
109014001,40.3154,47.9022,426,44551,0.0456743,0.09,1,1323227,1322801,426
109016921,35.9262,38.9609,426,44598,0.0482697,0.07,1,1323260,1322834,426
109019841,29.9705,31.7844,425,44645,0.0493079,0.07,1,1323286,1322861,425
109022761,26.3882,27.1137,425,44692,0.0497232,0.07,1,1323310,1322885,425
109025681,21.3553,21.6455,425,44739,0.0978893,0.09,1,1323328,1322903,425
109031521,32.3368,32.7433,425,44833,0.0960623,0.07,1,1323399,1322974,425
109040281,32.4296,31.6876,424,44974,0.067828,0.05,1,1323500,1323076,424
109043201,18.9718,18.675,424,45021,0.0451312,0.07,1,1323510,1323086,424
109046121,13.5887,14.07,423,45068,0.0480525,0.03,1,1323520,1323097,423
109049041,15.6355,16.428,422,45115,0.061221,0.01,1,1323537,1323115,422
109051961,39.2542,38.9712,423,45162,0.0304884,0.05,1,1323592,1323169,423
109054881,16.9017,16.7885,423,45209,0.0181954,0.05,1,1323594,1323171,423
109057801,39.7607,40.3154,422,45256,0.0372781,0.05,1,1323649,1323227,422
109078241,37.9909,36.9347,428,45581,0.200238,0.13,1,1323867,1323439,428
109081161,29.5964,31.5739,424,45627,0.230095,0.03,1,1323891,1323467,424
109084081,31.0385,32.4296,423,45673,0.206038,0.03,1,1323923,1323500,423
109092841,15.0425,15.6355,423,45811,0.215026,0.01,1,1323960,1323537,423
109095761,39.017,39.2542,423,45857,0.200011,0.01,1,1324015,1323592,423
109101601,40.9227,39.7607,425,45949,0.227602,0.05,1,1324074,1323649,425
109104521,37.9691,15.9043,461,45995,0.241041,0.15,1,1324110,1323649,461
109107441,30.7876,27.3617,452,46041,0.258416,0.11,1,1324136,1323684,452
109110361,28.5151,26.5447,453,46087,0.253367,0.13,1,1324163,1323710,453
109113281,24.606,25.6179,450,46133,0.263347,0.19,1,1324185,1323735,450
109116201,32.6424,22.2471,468,46179,0.279339,0.19,1,1324223,1323755,468
109119121,32.257,31.6989,462,46225,0.297735,0.19,1,1324255,1323793,462
109139561,39.0276,15.0421,485,46543,0.41243,0.19,1,1324445,1323960,485
109142481,16.811,39.0168,432,46588,0.422972,0.19,1,1324447,1324015,432
109145401,42.7244,16.8067,490,46633,0.415189,0.25,1,1324507,1324017,490
109148321,38.6898,40.9227,469,46678,0.412075,0.25,1,1324543,1324074,469
109151241,31.6759,37.9691,460,46723,0.42283,0.27,1,1324570,1324110,460
109154161,28.2704,30.7876,460,46768,0.439132,0.25,1,1324596,1324136,460
109157081,25.1081,28.5151,456,46813,0.433653,0.27,1,1324619,1324163,456
109160001,34.0433,24.606,474,46858,0.443461,0.29,1,1324659,1324185,474
109162921,32.8173,32.6424,468,46903,0.423384,0.31,1,1324691,1324223,468
109165841,40.1269,32.257,481,46948,0.415354,0.35,1,1324736,1324255,481
109168761,30.4508,38.7028,462,46993,0.424141,0.35,1,1324760,1324298,462
109171681,30.7803,29.8811,469,47038,0.439657,0.37,1,1324791,1324322,469
109174601,20.1121,29.9524,452,47083,0.433863,0.37,1,1324804,1324352,452
109177521,14.0448,19.181,450,47128,0.443545,0.39,1,1324814,1324364,450
109180441,15.2179,13.6724,456,47173,0.447418,0.39,1,1324830,1324374,456
109253441,32.9631,32.3418,449,48278,0.766139,0.55,2,1325550,1325101,449
109256361,32.3852,32.1367,449,48322,0.780456,0.61,2,1325582,1325133,449
109268041,19.9523,20.4307,451,48497,0.910428,0.59,2,1325699,1325248,451
109273881,16.9924,15.8689,453,48583,0.929268,0.67,2,1325728,1325275,453
109276801,42.1969,41.7476,453,48626,0.941707,0.67,2,1325787,1325334,453
109621361,106.327,106.567,487,24990,0.423088,0.61,1,1329269,1328782,487
109624281,74.9309,81.6269,476,25075,0.415235,0.55,1,1329323,1328847,476
109653481,64.291,71.7716,504,25908,0.780285,0.55,2,1329909,1329405,504
109671001,60.5216,63.6409,514,26396,0.936184,0.73,2,1330224,1329710,514
109776121,54.4572,47.7086,528,29146,0.920848,1,2,1332117,1331589,528
109784881,53.6213,65.8614,519,29363,0.413894,1,1,1332307,1331788,519
109790721,42.1794,38.7378,519,29507,0.249823,1,1,1332384,1331865,519
109837441,38.3938,39.3546,427,30635,0.217482,0.15,1,1333060,1332633,427
109840361,64.5575,63.7418,429,30704,0.260993,0.17,1,1333142,1332713,429
109843281,45.023,45.2967,428,30773,0.290397,0.19,1,1333174,1332746,428
109849121,37.3237,37.0075,428,30911,0.294864,0.19,1,1333241,1332813,428
109860801,50.6835,49.461,430,31183,0.4275,0.21,1,1333438,1333008,430
109916281,38.3778,38.5947,487,32448,0.768181,0.57,2,1334266,1333779,487
109925041,40.5682,22.8221,504,32643,0.768444,0.63,2,1334387,1333883,504
109927961,70.8273,40.3288,543,32708,0.769377,0.69,2,1334478,1333935,543
109930881,29.5309,68.9315,457,32773,0.769751,0.71,2,1334480,1334023,457
109933801,31.0124,46.7726,457,32838,0.7939,0.71,2,1334512,1334055,457
109936721,29.2049,35.509,457,32902,0.79156,0.73,2,1334540,1334083,457
110182001,35.3833,44.8878,508,37920,0.9172,1,2,1338017,1337509,508
110184921,32.7533,35.3551,510,37976,0.92488,1,2,1338048,1337538,510
110202441,48.0458,53.5775,510,38308,0.242423,1,1,1338315,1337805,510
110205361,39.6183,39.431,514,38363,0.246969,1,1,1338349,1337835,514
110208281,35.6473,37.9724,510,38418,0.236788,1,1,1338382,1337872,510
110211201,29.8589,34.989,503,38473,0.220715,1,1,1338408,1337905,503
110225801,39.8443,43.1013,465,38748,0.215505,0.65,1,1338563,1338098,465
110228721,28.5377,37.0405,453,38803,0.236202,0.55,1,1338584,1338131,453
110231641,28.2151,32.2162,452,38857,0.232481,0.35,1,1338612,1338160,452
110234561,43.686,54.2865,437,38911,0.278992,0.33,1,1338666,1338229,437
110237481,37.8744,42.1146,437,38965,0.273597,0.15,1,1338700,1338263,437
110240401,43.9498,48.0458,433,39019,0.247439,0.25,1,1338748,1338315,433
110243321,36.1799,39.6183,430,39073,0.224976,0.23,1,1338779,1338349,430
110246241,34.272,35.6473,430,39127,0.23999,0.21,1,1338812,1338382,430
110249161,27.5088,29.8589,427,39181,0.269996,0.13,1,1338835,1338408,427
110252081,42.8035,42.5436,429,39235,0.293998,0.17,1,1338888,1338459,429
110263761,41.4878,39.8443,433,39451,0.405878,0.25,1,1338996,1338563,433
110266681,27.9951,28.5377,431,39505,0.420351,0.23,1,1339015,1338584,431
110269601,29.198,28.2151,433,39558,0.426141,0.31,1,1339045,1338612,433
110345521,30.7972,29.4303,485,40923,0.794593,0.67,2,1339942,1339457,485
110348441,45.9189,29.7721,511,40975,0.791837,0.65,2,1339998,1339487,511
110374721,23.4002,14.8282,485,41435,0.936857,0.69,2,1340287,1339802,485
110377641,45.9601,23.3313,517,41486,0.932743,0.75,2,1340348,1339831,517
110380561,32.184,44.7325,481,41537,0.919097,0.75,2,1340371,1339890,481
110383481,14.0736,30.493,462,41588,0.913639,0.83,2,1340373,1339911,462
110386401,23.6294,30.7972,461,41639,0.947456,0.79,2,1340403,1339942,461
110523641,33.4161,37.1203,507,43957,0.774516,1,2,1342026,1341519,507
110547001,30.2676,31.9481,504,44341,0.449049,1,1,1342299,1341795,504
110552841,26.2028,30.7917,495,44437,0.447448,1,1,1342352,1341857,495
110555761,11.6811,27.3167,472,44484,0.436979,0.96,1,1342354,1341882,472
110558681,22.0725,27.1267,474,44531,0.432792,0.83,1,1342383,1341909,474
110561601,26.229,34.8507,463,44578,0.419117,0.81,1,1342412,1341949,463
110564521,37.4916,44.5403,457,44625,0.449647,0.73,1,1342457,1342000,457
110646281,23.385,23.313,448,45929,0.776022,0.53,2,1343276,1342828,448
110684241,28.3712,29.7658,483,46523,0.905504,0.73,2,1343701,1343218,483
110690081,26.0194,11.9625,493,46613,0.916481,0.81,2,1343738,1343245,493
110693001,25.4078,23.385,487,46658,0.924592,0.85,2,1343763,1343276,487
110836081,33.6779,32.5159,485,48822,0.946,1,2,1345274,1344789,485
110859441,26.0211,30.5975,508,49166,0.921581,1,2,1345522,1345014,508
110862361,26.6084,29.039,507,49209,0.902632,1,2,1345549,1345042,507
110871121,19.1509,25.9785,499,49338,0.914809,1,2,1345622,1345123,499
110879881,30.3617,27.4866,508,49467,0.927588,1,2,1345708,1345200,508
110885721,32.0979,33.6779,504,49553,0.915214,1,2,1345778,1345274,504
110888641,30.8391,32.0711,503,49596,0.948086,1,2,1345808,1345305,503
111106181,167.495,180.034,494,24178,0.916,1,2,1348007,1347513,494
111112021,76.7192,76.5654,506,24353,0.75256,0.97,2,1348134,1347628,506
111147061,45.4541,46.6059,454,25378,0.764845,0.65,2,1348850,1348396,454
111149981,33.7816,35.4424,452,25461,0.779938,0.65,2,1348876,1348424,452
111152901,45.3127,14.1769,505,25544,0.797975,0.69,2,1348929,1348424,505
111260941,45.9354,19.9561,540,28451,0.916,1,2,1350962,1350422,540
111266781,73.9497,52.513,558,28599,0.91816,1,2,1351094,1350536,558
111272621,62.1119,90.7221,522,28747,0.750506,1,2,1351248,1350726,522
111284301,36.0781,38.8265,510,29040,0.760189,1,2,1351383,1350873,510
111298901,59.2213,99.7797,495,29403,0.772722,0.69,2,1351706,1351211,495
111301821,39.8885,62.1119,485,29475,0.783089,0.69,2,1351733,1351248,485
111304741,36.9554,42.8447,490,29547,0.775236,0.73,2,1351768,1351278,490
111310581,36.6329,34.6952,490,29690,0.797238,0.79,2,1351836,1351346,490
111325181,94.7268,97.0532,461,30045,0.93946,0.79,2,1352133,1351672,461
111474101,92.1925,92.5786,492,33446,0.201401,1,1,1354498,1354006,492
111477021,57.277,56.8314,493,33509,0.0865604,1,1,1354532,1354039,493
111479941,40.3108,41.3326,491,33572,0.0526242,1,1,1354561,1354070,491
111482861,35.9243,35.133,493,33635,0.0210497,1,1,1354594,1354101,493
111485781,28.7697,32.0532,487,33698,0.0144199,1,1,1354618,1354131,487
111488701,24.7079,34.4213,473,33761,0.0237679,0.79,1,1354640,1354167,473
111491621,27.8832,37.7685,463,33824,0.00950718,0.87,1,1354670,1354207,463
111494541,35.1533,39.7074,462,33887,0.00380287,0.77,1,1354710,1354248,462
111497461,32.6613,39.883,453,33949,0.0315211,0.67,1,1354741,1354288,453
111500381,34.0645,36.9532,453,34011,0.0186085,0.33,1,1354776,1354323,453
111503301,35.2258,45.9813,437,34073,0.0254434,0.01,1,1354812,1354375,437
111506221,81.8903,92.1925,427,34135,0.0281774,0.01,1,1354925,1354498,427
111509141,53.1561,57.277,427,34197,0.0772709,0.03,1,1354959,1354532,427
111512061,35.6625,40.3108,422,34259,0.0729084,0.03,1,1354983,1354561,422
111514981,33.465,16.1243,454,34321,0.0351634,0,1,1355015,1354561,454
111517901,28.986,26.2497,447,34383,0.0200653,0.01,1,1355041,1354594,447
111520821,23.5944,24.8999,443,34444,0.0500261,0.03,1,1355061,1354618,443
111523741,27.4378,23.16,451,34505,0.0260105,0,1,1355091,1354640,451
111526661,34.9751,27.264,461,34566,0.0104042,0,1,1355131,1354670,461
111529581,33.19,34.9056,453,34627,0.0221617,0.05,1,1355163,1354710,453
111532501,34.276,32.5622,457,34688,0.0388647,0.01,1,1355198,1354741,457
111535421,34.7104,34.0249,457,34749,0.0455459,0.03,1,1355233,1354776,457
111538341,82.2842,35.21,535,34810,0.0362183,0.03,1,1355347,1354812,535
111541261,54.5137,81.884,458,34871,0.0324873,0.11,1,1355383,1354925,458
111544181,34.4055,53.1536,445,34932,0.0429949,0.07,1,1355404,1354959,445
111547101,32.9622,35.6614,453,34993,0.035198,0.01,1,1355436,1354983,453
111550021,29.3849,33.4646,448,35053,0.0200792,0.01,1,1355463,1355015,448
111552941,23.1539,28.9858,441,35113,0.0140317,0.07,1,1355482,1355041,441
111555861,27.8616,23.5943,452,35173,0.0356127,0.01,1,1355513,1355061,452
111558781,34.5446,27.4377,461,35233,0.0202451,0,1,1355552,1355091,461
111561701,33.6179,34.9751,454,35293,0.026098,0.03,1,1355585,1355131,454
111564621,34.4471,33.19,457,35353,0.0404392,0.05,1,1355620,1355163,457
111567541,35.3789,34.276,458,35413,0.0581757,0.05,1,1355656,1355198,458
111570461,81.9515,34.7104,536,35473,0.0412703,0.03,1,1355769,1355233,536
111573381,54.3806,82.2842,458,35533,0.0345081,0.03,1,1355805,1355347,458
111576301,33.7522,54.5137,442,35592,0.0318032,0.05,1,1355825,1355383,442
111579221,32.7009,34.4055,453,35651,0.0427213,0.03,1,1355857,1355404,453
111582141,14.2804,32.9622,423,35710,0.0230885,0.01,1,1355859,1355436,423
111585061,21.9121,29.3849,423,35769,0.0632354,0.01,1,1355886,1355463,423
111587981,19.5649,23.1539,422,35828,0.0312942,0.05,1,1355904,1355482,422
111590901,27.6259,27.8616,424,35887,0.0425177,0.01,1,1355937,1355513,424
111593821,33.2504,34.5446,422,35946,0.0470071,0.03,1,1355974,1355552,422
111596741,33.7002,33.6179,423,36005,0.0608028,0.05,1,1356008,1355585,423
111599661,35.0801,34.4471,424,36064,0.0423211,0.07,1,1356044,1355620,424
111602581,36.232,35.3789,425,36123,0.0469285,0.03,1,1356081,1355656,425
111605501,81.0928,81.9515,423,36182,0.0607714,0.03,1,1356192,1355769,423
111608421,54.0371,54.3806,423,36240,0.0303086,0.03,1,1356228,1355805,423
111611341,33.6148,33.7522,423,36298,0.0181234,0.05,1,1356248,1355825,423
111614261,32.6459,32.7009,423,36356,0.0252494,0.01,1,1356280,1355857,423
111617181,14.2584,14.2804,423,36414,0.0280997,0.09,1,1356282,1355859,423
111620101,21.3034,21.9121,422,36472,0.0652399,0.01,1,1356308,1355886,422
111623021,19.3213,19.5649,422,36530,0.080096,0.05,1,1356326,1355904,422
111625941,27.5285,27.6259,422,36588,0.0620384,0.05,1,1356359,1355937,422
111628861,33.2114,33.2504,422,36646,0.0548153,0.07,1,1356396,1355974,422
111631781,34.2846,33.7002,423,36704,0.0399261,0.03,1,1356431,1356008,423
111634701,35.3138,35.0801,423,36762,0.0339705,0.05,1,1356467,1356044,423
111637621,35.7255,36.232,422,36819,0.0435882,0.07,1,1356503,1356081,422
111640541,81.4902,81.0928,423,36876,0.0714353,0.01,1,1356615,1356192,423
111643461,53.5961,54.0371,422,36933,0.0465741,0.01,1,1356650,1356228,422
111646381,33.4384,33.6148,422,36990,0.0606296,0.03,1,1356670,1356248,422
111649301,33.1754,32.6459,423,37047,0.0542519,0.03,1,1356703,1356280,423
111652221,14.4701,14.2584,423,37104,0.0517007,0.09,1,1356705,1356282,423
111655141,21.3881,21.3034,423,37161,0.0386803,0.09,1,1356731,1356308,423
111658061,19.3552,8.52134,441,37218,0.0334721,0.09,1,1356749,1356308,441
111660981,26.3421,14.2085,454,37275,0.0193888,0.05,1,1356780,1356326,454
111663901,32.7368,25.4834,458,37332,0.0377555,0.05,1,1356817,1356359,458
111666821,34.0947,32.3934,456,37389,0.0211022,0.03,1,1356852,1356396,456
111669741,35.8379,33.9573,458,37446,0.0384409,0.03,1,1356889,1356431,458
111672661,37.1352,35.1829,460,37502,0.0213764,0.05,1,1356927,1356467,460
111675581,82.6541,35.6732,537,37558,0.0865505,0.09,1,1357040,1356503,537
111684341,32.3619,33.4351,454,37726,0.0964992,0.05,1,1357124,1356670,454
111687261,14.1447,33.174,423,37782,0.0925997,0.05,1,1357126,1356703,423
111690181,21.8579,14.4696,448,37838,0.0790399,0.03,1,1357153,1356705,448
111693101,19.5432,21.3878,440,37894,0.0856159,0.03,1,1357171,1356731,440
111696021,26.4173,19.3551,453,37950,0.0762464,0.01,1,1357202,1356749,453
111698941,32.1669,26.3421,458,38006,0.0604986,0.05,1,1357238,1356780,458
111701861,34.4668,32.7368,457,38062,0.0421994,0.01,1,1357274,1356817,457
111704781,36.5867,34.0947,460,38118,0.0588798,0.05,1,1357312,1356852,460
111707701,36.8347,35.8379,460,38173,0.0775519,0.01,1,1357349,1356889,460
111739821,30.6434,34.4668,423,38778,0.207166,0.07,1,1357697,1357274,423
111745661,36.1029,36.8347,424,38886,0.228747,0.13,1,1357773,1357349,424
111769021,25.9526,25.8027,429,39318,0.407732,0.15,1,1358055,1357626,429
111774861,26.8324,25.6084,431,39426,0.428837,0.23,1,1358094,1357663,431
111777781,31.133,30.6434,431,39480,0.441535,0.19,1,1358128,1357697,431
111780701,36.4532,36.2573,431,39533,0.434614,0.25,1,1358168,1357737,431
111783621,36.7813,36.1029,432,39586,0.443846,0.39,1,1358205,1357773,432
111856621,37.2001,31.7771,487,40898,0.76958,0.53,2,1359057,1358570,487
111859541,38.28,36.7109,486,40950,0.781832,0.55,2,1359096,1358610,486
111862461,95.112,37.4843,581,41002,0.786733,0.57,2,1359229,1358648,581
111871221,33.0632,34.775,482,41155,0.915551,0.63,2,1359312,1358830,482
111874141,14.4253,31.91,454,41206,0.93622,0.63,2,1359314,1358860,454
111877061,22.5701,13.964,480,41257,0.944488,0.63,2,1359342,1358862,480
111879981,21.028,22.3856,472,41308,0.947795,0.65,2,1359362,1358890,472
111882901,30.6112,20.3542,490,41359,0.949118,0.71,2,1359399,1358909,490
111885821,13.4445,27.9417,459,41410,0.949647,0.73,2,1359401,1358942,459
112043501,22.3312,23.9912,511,44078,0.9448,1,2,1361285,1360774,511
112046421,27.5325,23.9965,518,44126,0.94792,1,2,1361316,1360798,518
112063941,27.4937,25.4271,522,44414,0.773198,1,2,1361483,1360961,522
112098981,19.0365,22.7141,462,44978,0.754728,0.79,2,1361856,1361394,462
112113581,34.8721,37.999,451,45213,0.792365,0.59,2,1362035,1361584,451
112151541,27.2338,27.4503,457,45814,0.921535,0.75,2,1362401,1361944,457
112369081,362.103,413.396,426,20440,0.214,0.01,1,1365157,1364731,426
112395361,156.937,147.023,455,22724,0.06424,0.09,1,1365421,1364966,455
112398281,102.375,90.6094,468,22817,0.055696,0.11,1,1365487,1365019,468
112401201,58.3498,73.4437,435,22910,0.0882784,0.05,1,1365516,1365081,435
112404121,62.9399,51.5775,464,23003,0.0773114,0.09,1,1365582,1365118,464
112407041,33.576,44.031,439,23095,0.0729245,0.07,1,1365596,1365157,439
112409961,27.8304,34.4124,435,23187,0.0951698,0.03,1,1365620,1365185,435
112412881,56.1322,32.365,479,23278,0.0380679,0.05,1,1365695,1365216,479
112415801,111.853,76.546,522,23369,0.0332272,0.03,1,1365844,1365322,522
112418721,84.3411,90.0184,489,23460,0.0552909,0.05,1,1365910,1365421,489
112439161,98.619,111.743,424,24085,0.0875646,0.07,1,1366268,1365844,424
112459601,21.9504,23.0474,426,24694,0.200789,0.07,1,1366545,1366119,426
112462521,96.9802,98.6189,424,24780,0.218316,0.15,1,1366692,1366268,424
112465441,80.7921,79.6476,427,24866,0.213326,0.13,1,1366762,1366335,427
112468361,52.7168,51.659,428,24951,0.247331,0.19,1,1366796,1366368,428
112471281,63.0867,62.0636,429,25036,0.272932,0.15,1,1366866,1366437,429
112491721,53.1787,57.5168,466,25623,0.414022,0.27,1,1367228,1366762,466
112494641,65.0715,43.4067,505,25706,0.423609,0.29,1,1367301,1366796,505
112497561,34.4286,59.3627,449,25788,0.427443,0.33,1,1367315,1366866,449
112500481,29.9714,32.1451,462,25870,0.416977,0.33,1,1367342,1366880,462
112503401,53.9886,27.858,507,25952,0.412791,0.35,1,1367412,1366905,507
112506321,22.7954,53.7432,438,26034,0.411116,0.35,1,1367414,1366976,438
112535521,85.2327,98.5181,521,26836,0.766141,0.55,2,1368084,1367563,521
112538441,54.4931,83.2073,482,26915,0.780456,0.55,2,1368118,1367636,482
112541361,22.9972,53.6829,450,26994,0.786182,0.63,2,1368120,1367670,450
112547201,31.1596,34.5093,455,27150,0.918989,0.67,2,1368212,1367757,455
112550121,28.0638,29.4037,455,27228,0.937596,0.71,2,1368238,1367783,455
112553041,54.4255,53.7615,457,27306,0.933038,0.71,2,1368310,1367853,457
112555961,22.9702,22.7046,457,27384,0.931215,0.75,2,1368312,1367855,457
112666921,105.193,102.171,492,30181,0.922,1,2,1370378,1369886,492
112684441,33.1269,30.4045,498,30599,0.26299,1,1,1370630,1370132,498
112690281,21.9803,35.7047,481,30737,0.0912784,1,1,1370674,1370193,481
112693201,28.5921,33.4819,482,30806,0.0905114,0.87,1,1370707,1370225,482
112696121,94.2369,105.193,467,30875,0.0542045,0.81,1,1370845,1370378,467
112699041,68.8947,78.6771,458,30944,0.0516818,0.63,1,1370897,1370439,458
112701961,49.1579,57.2708,451,31012,0.0206727,0.55,1,1370933,1370482,451
112704881,37.6632,42.1083,449,31080,0.0262691,0.39,1,1370963,1370514,449
112707801,40.8653,48.0433,440,31148,0.0285076,0.25,1,1371006,1370566,440
112710721,33.1461,40.8173,432,31216,0.0534031,0.21,1,1371034,1370602,432
112713641,26.4584,33.1269,426,31284,0.0393612,0.21,1,1371056,1370630,426
112716561,24.3834,13.2508,449,31352,0.0577445,0.13,1,1371079,1370630,449
112719481,19.3534,21.5003,438,31419,0.0530978,0.03,1,1371095,1370657,438
112722401,28.1413,18.8001,455,31486,0.0512391,0.09,1,1371129,1370674,455
112725321,93.4565,27.3201,559,31553,0.0624956,0.03,1,1371266,1370707,559
112728241,69.7826,93.728,475,31620,0.0789983,0.05,1,1371320,1370845,475
112731161,48.313,68.6912,457,31687,0.0375993,0,1,1371354,1370897,457
112734081,39.1252,49.0765,454,31754,0.0690397,0.03,1,1371387,1370933,454
112751601,27.7674,19.353,457,32151,0.0745004,0.05,1,1371552,1371095,457
112754521,93.9069,28.1412,561,32217,0.0478001,0.07,1,1371690,1371129,561
112786641,91.408,93.9069,424,32932,0.0716141,0.15,1,1372114,1371690,424
112789561,72.5632,70.5628,429,32996,0.0706456,0.15,1,1372174,1371745,429
112792481,47.0253,47.4251,427,33060,0.0702583,0.13,1,1372204,1371777,427
112795401,42.8101,42.37,428,33124,0.0701033,0.11,1,1372244,1371816,428
112798321,40.524,40.948,427,33188,0.0820413,0.11,1,1372283,1371856,427
112830441,42.4934,40.524,427,33883,0.240941,0.17,1,1372710,1372283,427
112833361,35.5973,34.2096,428,33945,0.270377,0.17,1,1372741,1372313,428
112836281,26.2389,25.6838,428,34007,0.282151,0.15,1,1372761,1372333,428
112839201,24.2956,23.4735,429,34069,0.29886,0.19,1,1372784,1372355,429
112845041,8.92729,8.79577,429,34193,0.284218,0.17,1,1372802,1372373,429
112847961,23.3709,22.1183,431,34255,0.299687,0.17,1,1372835,1372404,431
112865481,37.3412,42.3575,466,34624,0.403719,0.29,1,1373176,1372710,466
112868401,26.9365,35.543,455,34685,0.407488,0.29,1,1373196,1372741,455
112871321,23.9746,26.2172,457,34746,0.420995,0.31,1,1373218,1372761,457
112874241,19.1898,24.2869,450,34807,0.438398,0.31,1,1373234,1372784,450
112877161,8.87594,19.3148,436,34868,0.445359,0.27,1,1373236,1372800,436
112920961,52.546,71.6081,450,35766,0.772437,0.57,2,1373913,1373463,450
112923881,40.8184,47.8432,451,35825,0.794975,0.59,2,1373946,1373495,451
112950161,91.7824,89.1624,458,36353,0.922235,0.73,2,1374306,1373848,458
112953081,37.913,36.865,458,36411,0.926894,0.81,2,1374308,1373850,458
112956001,54.7652,52.546,461,36469,0.940758,0.81,2,1374374,1373913,461
112958921,42.3061,40.8184,462,36527,0.946303,0.83,2,1374408,1373946,462
113099081,45.3136,45.6932,496,39207,0.9232,1,2,1376282,1375786,496
113102001,39.1254,39.8773,495,39261,0.93928,1,2,1376317,1375822,495
113104921,35.4502,36.3509,494,39315,0.945712,1,2,1376350,1375856,494
113131201,71.0592,76.9601,483,39795,0.235273,0.93,1,1376689,1376206,483
113137041,41.0095,45.3136,472,39901,0.0652438,0.95,1,1376754,1376282,472
113139961,34.4038,39.1254,467,39954,0.0680975,0.95,1,1376784,1376317,467
113142881,32.9615,35.4502,466,40007,0.045239,0.85,1,1376816,1376350,466
113145801,29.3846,32.1801,463,40060,0.0360956,0.85,1,1376843,1376380,463
113148721,27.9538,12.872,490,40113,0.0324382,0.79,1,1376870,1376380,490
113151641,30.3815,24.3488,490,40166,0.0429753,0.67,1,1376902,1376412,490
113154561,28.3526,29.5395,484,40219,0.0351901,0.59,1,1376929,1376445,484
113157481,26.341,34.0158,472,40271,0.032076,0.47,1,1376954,1376482,472
113160401,22.5364,31.0063,463,40323,0.0308304,0.51,1,1376974,1376511,463
113163321,27.6146,25.6025,472,40375,0.0663322,0.49,1,1377005,1376533,472
113183761,28.995,32.9612,448,40739,0.0953088,0.03,1,1377264,1376816,448
113186681,28.398,29.3845,449,40791,0.0801235,0.03,1,1377292,1376843,449
113189601,31.1592,27.9538,455,40843,0.0620494,0.05,1,1377325,1376870,455
113192521,28.6637,30.3815,450,40895,0.0788198,0.03,1,1377352,1376902,450
113195441,25.2655,28.3526,446,40947,0.0975279,0.03,1,1377375,1376929,446
113198361,23.9062,26.341,444,40999,0.0690112,0.03,1,1377398,1376954,444
113201281,29.9625,22.5364,458,41050,0.0576045,0.09,1,1377432,1376974,458
113204201,19.185,27.6146,439,41101,0.0530418,0.13,1,1377444,1377005,439
113207121,68.874,19.4458,527,41152,0.0872167,0.21,1,1377546,1377019,527
113233401,21.9587,28.6637,426,41611,0.20263,0.11,1,1377778,1377352,426
113236321,21.9835,25.2655,425,41662,0.243052,0.05,1,1377800,1377375,425
113239241,21.9934,23.9062,424,41713,0.271221,0.05,1,1377822,1377398,424
113271361,13.3978,12.8967,431,42265,0.402953,0.23,1,1378181,1377750,431
113274281,23.3591,21.9587,433,42315,0.407181,0.27,1,1378211,1377778,433
113277201,23.1437,21.9835,434,42365,0.408872,0.29,1,1378234,1377800,434
113283041,30.823,29.1974,437,42465,0.41702,0.35,1,1378293,1377856,437
113285961,19.5292,18.8789,437,42515,0.424808,0.33,1,1378305,1377868,437
113288881,71.4117,70.5516,438,42565,0.439923,0.35,1,1378411,1377973,438
113291801,42.9647,43.2206,437,42615,0.433969,0.35,1,1378435,1377998,437
113347281,28.4463,29.3272,472,43547,0.752793,0.49,2,1379029,1378557,472
113350201,31.7785,29.1309,477,43595,0.763117,0.47,2,1379063,1378586,477
113353121,13.9114,31.4524,446,43643,0.767247,0.47,2,1379065,1378619,446
113356041,24.1646,13.7809,475,43691,0.768899,0.49,2,1379096,1378621,475
113358961,23.4658,23.5124,468,43739,0.75756,0.51,2,1379119,1378651,468
113361881,24.3863,22.605,471,43787,0.777024,0.51,2,1379144,1378673,471
113364801,31.3545,23.442,483,43835,0.79681,0.53,2,1379180,1378697,483
113385241,29.3321,33.7891,483,44171,0.900668,0.73,2,1379458,1378975,483
113388161,29.7328,29.1156,487,44219,0.918267,0.77,2,1379488,1379001,487
113391081,32.2931,28.4463,493,44267,0.925307,0.77,2,1379522,1379029,493
113394001,14.1173,31.7785,461,44315,0.928123,0.77,2,1379524,1379063,461
113396921,24.2469,13.9114,490,44363,0.941249,0.77,2,1379555,1379065,490
113399841,22.8988,24.1646,481,44411,0.9465,0.75,2,1379577,1379096,481
113402761,25.3595,23.4658,485,44458,0.9366,0.79,2,1379604,1379119,485
113405681,11.3438,24.3863,462,44505,0.93264,0.81,2,1379606,1379144,462
113586721,315.028,358.097,470,21900,0.442,0.91,1,1382053,1381583,470
113627601,180.611,203.839,460,21900,0.2188,0.63,1,1382144,1381684,460
113633441,86.8578,88.1742,479,22093,0.060208,0.37,1,1382297,1381818,479
113636361,68.9431,83.2697,456,22189,0.0420832,0.23,1,1382354,1381898,456
113639281,67.7772,68.1079,465,22285,0.0468333,0.07,1,1382421,1381956,465
113642201,43.3109,53.0431,449,22380,0.0607333,0.09,1,1382448,1381999,449
113645121,28.1244,36.2173,442,22475,0.0662933,0.07,1,1382466,1382024,442
113648041,54.4497,31.8869,485,22569,0.0325173,0.07,1,1382538,1382053,485
113650961,94.3799,67.3548,515,22663,0.0910069,0.03,1,1382659,1382144,515
113656801,64.9008,68.7368,481,22850,0.0997611,0.03,1,1382778,1382297,481
113674321,73.9126,94.3057,485,23401,0.212187,0.13,1,1383144,1382659,485
113677241,64.965,73.7223,484,23492,0.222875,0.09,1,1383203,1382719,484
113680161,66.786,64.8889,493,23582,0.25115,0.13,1,1383271,1382778,493
113683081,44.7144,65.5556,457,23672,0.27446,0.17,1,1383301,1382844,457
113686001,28.6858,43.0222,447,23762,0.283784,0.17,1,1383319,1382872,447
113688921,54.0743,28.0089,500,23851,0.287514,0.19,1,1383390,1382890,500
113697681,51.9408,73.9126,433,24117,0.400721,0.23,1,1383577,1383144,433
113700601,56.1763,64.965,433,24205,0.418288,0.27,1,1383636,1383203,433
113703521,64.4705,66.786,435,24293,0.449315,0.29,1,1383706,1383271,435
113753161,46.4068,61.9455,481,25736,0.750406,0.61,2,1384632,1384151,481
113756081,29.3627,43.9782,467,25818,0.786162,0.59,2,1384650,1384183,467
113764841,41.6712,100.039,453,26064,0.900154,0.65,2,1384856,1384403,453
113767761,54.4685,41.2154,514,26145,0.942062,0.65,2,1384919,1384405,514
113869961,49.1973,61.6073,513,28846,0.946,1,2,1386833,1386320,513
113872881,42.4789,45.0429,517,28919,0.9064,1,2,1386871,1386354,517
113878721,54.0766,41.0469,534,29065,0.755824,1,2,1386978,1386444,534
113893321,57.7477,95.2328,501,29427,0.226476,1,1,1387257,1386756,501
113896241,50.0991,58.4931,512,29499,0.20459,0.91,1,1387302,1386790,512
113916681,31.522,39.1729,442,29998,0.213208,0.23,1,1387537,1387095,442
113919601,84.0088,91.8692,434,30069,0.295283,0.15,1,1387656,1387222,434
113937121,37.3709,37.6569,430,30489,0.426365,0.17,1,1387891,1387461,430
113940041,16.1484,16.2628,430,30558,0.440546,0.15,1,1387893,1387463,430
113942961,34.0593,32.3051,433,30627,0.422218,0.25,1,1387939,1387506,433
113945881,32.2237,31.522,433,30696,0.414887,0.35,1,1387970,1387537,433
113948801,86.6895,84.0088,437,30765,0.411955,0.35,1,1388093,1387656,437
113951721,55.0758,54.0035,437,30834,0.434782,0.33,1,1388127,1387690,437
113954641,48.4303,46.8014,439,30903,0.431913,0.39,1,1388171,1387732,439
113992601,45.4745,43.4251,491,31781,0.754485,0.53,2,1388745,1388254,491
113995521,38.5898,44.9701,479,31848,0.763794,0.51,2,1388779,1388300,479
113998441,16.6359,37.788,448,31914,0.767518,0.51,2,1388781,1388333,448
114001361,33.0544,16.3152,490,31980,0.793007,0.55,2,1388825,1388335,490
114018881,45.9017,44.2159,503,32375,0.904364,0.75,2,1389157,1388654,503
114021801,46.5607,44.6864,505,32440,0.943745,0.77,2,1389204,1388699,505
114033481,33.928,33.0544,495,32700,0.938416,0.83,2,1389320,1388825,495
114167801,56.563,90.5749,507,35553,0.9016,1,2,1391381,1390874,507
114173641,36.8901,44.132,507,35671,0.774256,1,2,1391452,1390945,507
114188241,28.7995,40.0135,480,35966,0.406376,1,1,1391613,1391133,480
114191161,45.7198,41.8054,494,36025,0.264551,1,1,1391670,1391176,494
114199921,58.0541,76.9075,466,36201,0.0685312,0.84,1,1391804,1391338,466
114202841,47.8216,56.563,464,36259,0.0454125,0.75,1,1391845,1391381,464
114205761,40.1286,47.2252,458,36317,0.048165,0.75,1,1391880,1391422,458
114208681,31.6515,36.8901,454,36375,0.037266,0.65,1,1391906,1391452,454
114211601,31.2606,36.356,449,36433,0.0329064,0.61,1,1391937,1391488,449
114214521,29.3042,33.7424,445,36491,0.0191626,0.49,1,1391965,1391520,445
114217441,30.9217,34.497,442,36549,0.025665,0.45,1,1391997,1391555,442
114220361,29.1687,32.9988,438,36607,0.016266,0.35,1,1392025,1391587,438
114223281,24.8675,28.7995,434,36665,0.0485064,0.17,1,1392047,1391613,434
114226201,41.747,45.7198,430,36723,0.0374026,0.15,1,1392100,1391670,430
114229121,31.6988,38.0879,422,36781,0.080961,0.13,1,1392125,1391703,422
114232041,31.8795,29.6352,430,36838,0.0743844,0.01,1,1392157,1391727,430
114234961,54.7518,58.0541,423,36895,0.0957538,0.03,1,1392227,1391804,423
114237881,45.9007,47.8216,422,36952,0.0563015,0.05,1,1392267,1391845,422
114240801,39.9603,40.1286,423,37009,0.0885206,0.03,1,1392303,1391880,423
114246641,31.5936,31.2606,423,37123,0.0705633,0.01,1,1392360,1391937,423
114249561,28.8375,29.3042,422,37180,0.0702253,0.01,1,1392387,1391965,422
114252481,30.135,11.7217,453,37237,0.0580901,0.03,1,1392418,1391965,453
114255401,29.454,23.8887,450,37294,0.0892361,0.01,1,1392447,1391997,450
114258321,24.9816,26.3555,444,37351,0.0896944,0.07,1,1392469,1392025,444
114290441,30.5072,30.1349,453,37968,0.209538,0.11,1,1392871,1392418,453
114296281,44.8411,24.9816,483,38080,0.277126,0.11,1,1392952,1392469,483
114299201,33.5365,43.5926,453,38135,0.28485,0.13,1,1392978,1392525,453
114302121,31.4146,33.0371,457,38190,0.28794,0.13,1,1393008,1392551,457
114328401,25.5876,30.5072,433,38685,0.400809,0.19,1,1393304,1392871,433
114331321,24.6351,26.6029,433,38740,0.430324,0.33,1,1393328,1392895,433
114416001,31.8829,34.2875,479,40291,0.784049,0.61,2,1394342,1393863,479
114427681,32.0834,40.6218,478,40499,0.904088,0.63,2,1394521,1394043,478
114430601,34.4334,31.8487,488,40551,0.907635,0.65,2,1394557,1394069,488
114433521,30.5733,33.7395,481,40603,0.909054,0.69,2,1394585,1394104,481
114445201,24.8019,26.2989,479,40811,0.903448,0.69,2,1394678,1394199,479
114448121,48.3208,24.9196,519,40863,0.931379,0.71,2,1394742,1394223,519
114559081,22.4027,17.3233,504,42782,0.946,1,2,1396076,1395572,504
114567841,42.6178,49.5167,491,42929,0.928144,1,2,1396184,1395693,491
114570761,33.2471,33.6067,495,42978,0.917258,1,2,1396211,1395716,495
114594121,34.7624,42.4757,505,43370,0.259493,1,1,1396505,1396000,505
114602881,20.4888,22.3984,494,43517,0.0734876,1,1,1396570,1396076,494
114605801,26.7955,23.3594,501,43565,0.047395,0.99,1,1396601,1396100,501
114608721,40.1182,28.5438,518,43613,0.036958,0.89,1,1396650,1396132,518
114611641,31.6473,42.6175,492,43661,0.0447832,0.91,1,1396676,1396184,492
114614561,29.4589,33.247,493,43709,0.0719133,0.83,1,1396704,1396211,493
114617481,29.7836,32.4988,491,43757,0.0587653,0.77,1,1396734,1396243,491
114620401,31.7134,32.1995,492,43805,0.0775061,0.67,1,1396767,1396275,492
114623321,29.4854,40.4798,474,43853,0.0850025,0.57,1,1396795,1396321,474
114632081,32.5591,35.0147,467,43997,0.24808,0.27,1,1396900,1396433,467
114635001,32.8236,37.4059,461,44045,0.249232,0.23,1,1396933,1396472,461
114637921,30.5295,34.7624,457,44093,0.273693,0.13,1,1396962,1396505,457
114640841,19.4118,31.3049,440,44141,0.283477,0.11,1,1396974,1396534,440
114643761,17.9647,22.722,440,44189,0.275391,0.03,1,1396991,1396551,440
114646681,26.3859,20.4888,453,44237,0.272156,0.03,1,1397023,1396570,453
114649601,39.3544,26.7955,470,44285,0.258863,0.03,1,1397071,1396601,470
114652521,33.1417,40.1182,450,44333,0.217545,0.05,1,1397100,1396650,450
114655441,31.2567,31.6473,454,44381,0.201018,0.09,1,1397130,1396676,454
114658361,28.7027,29.4589,453,44429,0.230407,0.05,1,1397157,1396704,453
114661281,12.6811,29.7836,425,44476,0.242163,0.09,1,1397159,1396734,425
114664201,26.6724,31.7134,428,44523,0.258865,0.09,1,1397195,1396767,428
114667121,27.469,29.4854,428,44570,0.277546,0.19,1,1397223,1396795,428
114678801,34.3752,32.8236,436,44758,0.410161,0.29,1,1397369,1396933,436
114681721,31.1501,30.5295,436,44805,0.410064,0.29,1,1397398,1396962,436
114684641,19.66,19.4118,436,44852,0.434026,0.27,1,1397410,1396974,436
114687561,17.464,17.9647,435,44899,0.41961,0.27,1,1397426,1396991,435
114690481,26.1856,26.3859,435,44946,0.437844,0.25,1,1397458,1397023,435
114693401,37.4742,39.3544,432,44993,0.445138,0.19,1,1397503,1397071,432
114696321,31.7897,33.1417,431,45040,0.424055,0.19,1,1397531,1397100,431
114699241,30.7159,31.2567,431,45087,0.415622,0.25,1,1397561,1397130,431
114702161,30.2864,28.7027,434,45134,0.448249,0.25,1,1397591,1397157,434
114719681,34.3056,33.438,440,45415,0.443261,0.43,1,1397774,1397334,440
114722601,35.3222,34.3752,441,45461,0.423305,0.41,1,1397810,1397369,441
114804361,33.5834,41.2478,477,46741,0.763095,0.61,2,1398631,1398154,477
114818961,17.9273,20.5113,471,46966,0.902198,0.69,2,1398767,1398296,471
114821881,26.3709,17.8045,487,47011,0.930879,0.69,2,1398799,1398312,487
115070081,40.0564,35.2152,513,50681,0.91432,1,2,1401379,1400866,513
115073001,33.4225,36.2861,505,50723,0.905728,1,2,1401408,1400903,505
115169361,33.2056,21.9753,489,52075,0.778393,0.61,2,1402291,1401802,489
115181041,34.7237,31.1866,487,52235,0.797959,0.65,2,1402416,1401929,487
115183961,27.6895,34.6746,473,52275,0.781184,0.63,2,1402439,1401966,473
115186881,25.4758,25.8699,477,52315,0.774473,0.67,2,1402463,1401986,477
115189801,31.1903,25.3479,487,52355,0.795789,0.67,2,1402498,1402011,487
115192721,31.0761,29.9392,485,52395,0.792316,0.67,2,1402529,1402044,485
115195641,27.4305,30.5757,479,52435,0.790926,0.71,2,1402554,1402075,479
115198561,20.5722,27.2303,470,52475,0.79037,0.69,2,1402570,1402100,470
115201481,23.8289,21.0921,479,52515,0.790148,0.65,2,1402596,1402117,479
115204401,26.3315,24.0368,481,52555,0.790059,0.63,2,1402624,1402143,481
115219001,35.4997,21.514,502,52755,0.932599,0.81,2,1402752,1402250,502
115464281,852.111,906.988,429,1460,0.406,0,1,1405532,1405103,429
115465741,714.644,620.195,623,1460,0.2644,0,1,1406155,1405532,623
115483261,191.147,220.887,461,11680,0.926447,0.83,2,1407937,1407476,461
115551881,62.6494,29.0588,544,16715,0.921974,1,2,1410351,1409807,544
115557721,79.8639,138.329,506,16968,0.939516,1,2,1410576,1410070,506
115560641,118.346,75.7318,616,17093,0.933806,1,2,1410720,1410104,616
115563561,71.9382,116.693,513,17217,0.931523,1,2,1410761,1410248,513
115566481,65.3753,76.6771,524,17340,0.924609,0.87,2,1410822,1410298,524
115610281,98.2769,101.898,492,19094,0.9472,1,2,1412156,1411664,492
115624881,51.1692,30.5922,518,19643,0.920259,0.93,2,1412512,1411994,518
115630721,61.7071,90.9348,522,19858,0.938042,1,2,1412678,1412156,522
115636561,127.713,58.4696,656,20071,0.943287,1,2,1412911,1412255,656
115639481,72.0853,135.588,504,20177,0.911315,0.92,2,1412946,1412442,504
115654081,127.953,61.278,638,20698,0.926199,0.99,2,1413377,1412739,638
115753361,35.1533,43.3689,510,23936,0.445006,1,1,1415578,1415068,510
115756281,35.0613,37.7475,511,24025,0.400003,1,1,1415613,1415102,511
115770881,58.512,65.9584,448,24463,0.20536,0.49,1,1415961,1415513,448
115785481,66.5627,68.2498,432,24893,0.235469,0.15,1,1416225,1415793,432
115788401,42.2251,44.6999,429,24978,0.256188,0.17,1,1416251,1415822,429
115791321,69.69,71.28,428,25063,0.276475,0.23,1,1416339,1415911,428
115794241,58.476,58.512,429,25148,0.28459,0.19,1,1416390,1415961,429
115797161,46.7904,45.6048,431,25232,0.287836,0.17,1,1416429,1415998,431
115808841,68.4026,32.9627,488,25566,0.297433,0.27,1,1416657,1416169,488
115823441,32.2134,46.2841,456,25978,0.429775,0.31,1,1416885,1416429,456
115846801,33.5555,47.5332,466,26624,0.763901,0.45,2,1417329,1416863,466
115849721,32.0222,32.2133,475,26704,0.79156,0.49,2,1417360,1416885,475
115852641,84.2089,30.8853,564,26783,0.790624,0.53,2,1417479,1416915,564
115864321,68.8853,73.1795,456,27098,0.903392,0.71,2,1417668,1417212,456
115867241,59.3541,60.4718,457,27176,0.931357,0.75,2,1417721,1417264,457
115870161,50.1417,49.3887,459,27254,0.918543,0.79,2,1417765,1417306,459
115873081,35.0567,33.5555,461,27332,0.913417,0.81,2,1417790,1417329,461
115876001,33.2227,32.0222,462,27409,0.935367,0.79,2,1417822,1417360,462
115881841,74.0756,72.0836,465,27563,0.945259,0.83,2,1418008,1417543,465
115884761,30.8302,30.0334,465,27640,0.936104,0.89,2,1418010,1417545,465
115989881,71.0235,71.4328,484,30275,0.44008,1,1,1419898,1419414,484
115992801,48.8094,42.9731,494,30345,0.278032,1,1,1419932,1419438,494
115998641,63.3695,63.1557,500,30485,0.0696851,1,1,1420048,1419548,500
116001561,43.9478,42.0623,503,30554,0.057874,1,1,1420079,1419576,503
116004481,34.9791,44.4249,486,30623,0.0291496,1,1,1420108,1419622,486
116007401,29.5916,35.17,483,30692,0.0656599,1,1,1420134,1419651,483
116010321,31.6367,33.868,483,30761,0.0682639,0.93,1,1420167,1419684,483
116013241,29.4547,38.1472,470,30830,0.0573056,0.57,1,1420195,1419725,470
116016161,63.9819,80.0589,449,30899,0.0649222,0.25,1,1420282,1419833,449
116019081,55.5927,71.0235,434,30967,0.0919689,0.17,1,1420332,1419898,434
116022001,37.2371,48.8094,425,31035,0.0907876,0.03,1,1420357,1419932,425
116024921,38.8948,42.9238,426,31103,0.036315,0.03,1,1420397,1419971,426
116027841,59.3579,63.3695,422,31171,0.020526,0.05,1,1420470,1420048,422
116030761,42.3432,43.9478,422,31239,0.0382104,0.01,1,1420501,1420079,422
116033681,36.1373,34.9791,425,31307,0.0152842,0.01,1,1420533,1420108,425
116036601,28.8549,13.9916,449,31375,0.0121137,0.09,1,1420557,1420108,449
116039521,30.142,21.1967,454,31442,0.0348455,0.07,1,1420588,1420134,454
116042441,30.0568,28.2787,451,31509,0.0319382,0.05,1,1420618,1420167,451
116045361,64.2227,28.1115,510,31576,0.0547753,0.07,1,1420705,1420195,510
116051201,39.0756,55.3778,451,31710,0.079564,0.09,1,1420783,1420332,451
116054121,36.6303,37.1511,461,31777,0.0738256,0,1,1420818,1420357,461
116057041,58.4521,38.8605,494,31844,0.0595302,0.01,1,1420891,1420397,494
116059961,41.9808,59.3442,452,31910,0.0418121,0.05,1,1420922,1420470,452
116062881,36.5923,42.3377,454,31976,0.0227248,0,1,1420955,1420501,454
116065801,29.0369,36.1351,446,32042,0.0150899,0.01,1,1420979,1420533,446
116068721,30.8148,28.854,454,32108,0.036036,0.05,1,1421011,1420557,454
116071641,30.3259,30.1416,453,32174,0.0444144,0.03,1,1421041,1420588,453
116074561,66.1304,30.0566,513,32240,0.0717658,0.07,1,1421131,1420618,513
116077481,57.0521,64.2227,477,32306,0.0707063,0.17,1,1421182,1420705,477
116080401,38.4209,55.6891,453,32371,0.0822825,0.05,1,1421208,1420755,453
116083321,35.7683,39.0756,459,32436,0.086913,0.07,1,1421242,1420783,459
116086241,56.9073,36.6302,495,32501,0.0407652,0.05,1,1421313,1420818,495
116089161,41.9629,58.4521,454,32566,0.0343061,0.03,1,1421345,1420891,454
116092081,36.5852,41.9808,456,32631,0.0557224,0.01,1,1421378,1420922,456
116095001,28.4341,36.5923,446,32696,0.064289,0.01,1,1421401,1420955,446
116097921,31.1736,29.0369,455,32761,0.0557156,0.05,1,1421434,1420979,455
116100841,13.6695,30.8148,425,32826,0.0522862,0.05,1,1421436,1421011,425
116103761,22.8678,30.3259,424,32890,0.0869145,0.09,1,1421465,1421041,424
116115441,35.6542,35.7683,426,33146,0.210593,0.01,1,1421668,1421242,426
116127121,28.8535,28.4341,425,33401,0.0826232,0.05,1,1421826,1421401,425
116130041,30.7414,31.1736,424,33464,0.0870493,0.05,1,1421858,1421434,424
116132961,13.4966,13.6695,424,33527,0.0888197,0.11,1,1421860,1421436,424
116144641,38.6975,38.1355,429,33779,0.200178,0.23,1,1422063,1421634,429
116147561,37.079,35.6542,431,33842,0.242071,0.13,1,1422099,1421668,431
116150481,50.8316,54.4617,424,33904,0.258828,0.09,1,1422159,1421735,424
116153401,40.1326,41.5847,424,33966,0.277531,0.09,1,1422192,1421768,424
116156321,37.0531,37.6339,424,34028,0.249013,0.07,1,1422227,1421803,424
116159241,28.6212,28.8535,424,34090,0.273605,0.09,1,1422250,1421826,424
116162161,30.6485,30.7414,424,34152,0.271442,0.09,1,1422282,1421858,424
116165081,13.4594,13.4966,424,34214,0.270577,0.09,1,1422284,1421860,424
116168001,23.3838,5.39863,454,34276,0.270231,0.11,1,1422314,1421860,454
116170921,68.1535,20.1595,522,34338,0.294092,0.13,1,1422412,1421890,522
116179681,39.5218,38.4902,470,34522,0.409302,0.27,1,1422533,1422063,470
116182601,51.8087,36.9961,494,34583,0.433721,0.27,1,1422593,1422099,494
116185521,39.9235,50.7984,466,34644,0.443488,0.29,1,1422625,1422159,466
116188441,36.3694,40.1194,467,34705,0.447395,0.23,1,1422659,1422192,467
116243921,35.6063,42.4,450,35844,0.77778,0.55,2,1423384,1422934,450
116246841,39.4425,42.16,450,35903,0.773112,0.57,2,1423426,1422976,450
116249761,51.777,52.864,450,35962,0.783245,0.57,2,1423486,1423036,450
116252681,39.9108,40.3456,450,36021,0.787298,0.57,2,1423518,1423068,450
116278961,36.8226,35.6063,460,36545,0.9089,0.77,2,1423844,1423384,460
116281881,38.729,39.4425,458,36603,0.92156,0.79,2,1423884,1423426,458
116416201,39.9874,40.4525,489,39169,0.904048,1,2,1425668,1425179,489
116422041,36.158,33.7124,492,39277,0.774648,1,2,1425741,1425249,492
116442481,33.9487,34.2584,484,39652,0.423885,0.97,1,1425990,1425506,484
116445401,24.9795,32.3034,472,39705,0.427554,1,1,1426009,1425537,472
116448321,28.5918,30.9213,473,39758,0.417022,0.93,1,1426040,1425567,473
116457081,38.2619,39.395,462,39917,0.259249,0.75,1,1426169,1425707,462
116460001,33.3047,36.158,458,39970,0.2177,0.69,1,1426199,1425741,458
116468761,42.5475,11.4821,506,40129,0.0943328,0.67,1,1426305,1425799,506
116474601,34.5276,32.3171,484,40235,0.0930932,0.57,1,1426368,1425884,484
116477521,33.011,36.3269,477,40287,0.0552373,0.49,1,1426400,1425923,477
116480441,32.4044,34.9307,475,40339,0.0760949,0.35,1,1426432,1425957,475
116483361,23.1618,33.7723,459,40391,0.096438,0.43,1,1426449,1425990,459
116506721,41.0867,25.3686,479,40807,0.203346,0.05,1,1426730,1426251,479
116509641,33.8347,42.5475,454,40859,0.219338,0.15,1,1426759,1426305,454
116512561,33.3339,33.819,459,40911,0.261735,0.07,1,1426792,1426333,459
116515481,34.3336,34.5276,459,40963,0.266694,0.03,1,1426827,1426368,459
116518401,31.7334,33.011,457,41015,0.268678,0.09,1,1426857,1426400,457
116527161,47.0549,27.8647,486,41168,0.299195,0.13,1,1426966,1426480,486
116530081,32.022,45.3459,451,41219,0.293678,0.19,1,1426988,1426537,451
116533001,35.6088,31.9384,466,41270,0.291471,0.15,1,1427026,1426560,466
116535921,32.2435,35.5753,458,41321,0.290588,0.11,1,1427056,1426598,458
116538841,31.4974,32.2301,459,41372,0.278235,0.17,1,1427087,1426628,459
116541761,24.599,30.2921,450,41423,0.273294,0.17,1,1427107,1426657,450
116553441,26.8329,33.3339,436,41627,0.423012,0.27,1,1427228,1426792,436
116556361,31.1332,34.3336,435,41678,0.415205,0.27,1,1427262,1426827,435
116559281,31.0533,31.7334,436,41729,0.436082,0.35,1,1427293,1426857,436
116562201,24.4213,24.0934,437,41780,0.444433,0.31,1,1427313,1426876,437
116611841,33.4079,31.803,448,42631,0.787513,0.59,2,1427872,1427424,448
116655641,38.0632,33.3411,500,43367,0.917725,0.81,2,1428372,1427872,500
116658561,33.8253,36.7365,492,43416,0.92509,0.83,2,1428403,1427911,492
116661481,31.5301,32.6946,492,43465,0.928036,0.87,2,1428433,1427941,492
116664401,24.612,31.0778,482,43514,0.929214,0.87,2,1428453,1427971,482
116667321,49.4448,24.4311,528,43562,0.929686,0.81,2,1428519,1427991,528
116673161,15.5912,35.589,464,43658,0.93955,0.85,2,1428548,1428084,464
116836681,33.9392,35.8539,508,46286,0.923965,1,2,1430377,1429869,508
116857121,29.9574,22.6531,523,46603,0.248544,1,1,1430606,1430083,523
116860041,23.383,26.4612,513,46648,0.225417,1,1,1430625,1430112,513
116865881,27.7413,30.6338,506,46738,0.0756668,1,1,1430680,1430174,506
116868801,30.8965,32.6535,505,46783,0.0482667,1,1,1430713,1430208,505
116871721,30.3586,34.0614,500,46828,0.0193067,0.98,1,1430743,1430243,500
116874641,30.7434,33.4246,498,46873,0.0257227,0.93,1,1430774,1430276,498
116877561,32.0974,34.3698,496,46918,0.0162891,0.99,1,1430807,1430311,496
116880481,32.039,32.3479,497,46963,0.00651563,0.89,1,1430839,1430342,497
116883401,43.4156,33.9392,513,47008,0.0566062,0.73,1,1430890,1430377,513
116886321,32.3662,47.7757,481,47053,0.0406425,0.71,1,1430915,1430434,481
116889241,31.5465,35.3103,485,47098,0.058257,0.61,1,1430946,1430461,485
116892161,27.0186,37.5241,470,47143,0.0533028,0.41,1,1430970,1430500,470
116895081,19.2074,31.2096,457,47188,0.0273211,0.41,1,1430984,1430527,457
116898001,23.883,24.4839,464,47233,0.0289284,0.31,1,1431011,1430547,464
116900921,26.9532,25.3935,467,47278,0.0295714,0.17,1,1431040,1430573,467
116903841,19.7813,29.9574,449,47323,0.0658286,0.21,1,1431055,1430606,449
116906761,18.7125,23.383,448,47368,0.0443314,0.09,1,1431073,1430625,448
116909681,8.685,24.3532,425,47413,0.0357326,0.03,1,1431075,1430650,425
116912601,20.874,27.7413,424,47457,0.068293,0.03,1,1431104,1430680,424
116915521,28.1496,30.8965,424,47501,0.0693172,0,1,1431137,1430713,424
116918441,28.0598,30.3586,422,47545,0.0457269,0.03,1,1431165,1430743,422
116921361,29.8239,30.7434,422,47589,0.0482908,0.01,1,1431196,1430774,422
116924281,32.3296,32.0974,423,47633,0.0373163,0,1,1431230,1430807,423
116927201,31.5318,32.039,422,47677,0.0149265,0.09,1,1431261,1430839,422
116930121,44.4127,43.4156,424,47721,0.0359706,0.03,1,1431314,1430890,424
116933041,31.5651,32.3662,422,47765,0.0323882,0.07,1,1431337,1430915,422
116935961,31.826,31.5465,423,47809,0.0429553,0.05,1,1431369,1430946,423
116938881,26.5304,27.0186,422,47853,0.0711821,0.01,1,1431392,1430970,422
116971001,32.0836,32.3296,422,48337,0.0615947,0,1,1431652,1431230,422
116973921,31.4334,31.5318,422,48381,0.0426379,0.05,1,1431683,1431261,422
116976841,44.3734,44.4127,422,48425,0.0590552,0.03,1,1431736,1431314,422
116979761,32.7493,31.5651,424,48469,0.0776221,0.05,1,1431761,1431337,424
116982681,32.2997,31.826,424,48512,0.0610488,0.09,1,1431793,1431369,424
116985601,28.5199,26.5304,427,48555,0.0784195,0.15,1,1431819,1431392,427
117023561,46.0134,31.3158,477,49114,0.0888674,0.07,1,1432160,1431683,477
117026481,32.8054,44.3263,448,49157,0.0655469,0.09,1,1432184,1431736,448
117029401,32.3221,32.7305,455,49200,0.0682188,0.05,1,1432216,1431761,455
117032321,30.3289,32.2922,452,49243,0.0572875,0.09,1,1432245,1431793,452
117035241,22.3315,28.5169,443,49286,0.064915,0.17,1,1432262,1431819,443
117038161,24.5326,21.0068,453,49329,0.079966,0.15,1,1432288,1431835,453
117041081,27.213,24.6027,455,49372,0.0739864,0.15,1,1432317,1431862,455
117044001,20.4852,27.2411,442,49415,0.0715946,0.13,1,1432333,1431891,442
117046921,18.9941,21.0964,443,49458,0.0946378,0.09,1,1432351,1431908,443
117067361,29.0776,31.0837,456,49755,0.210529,0.13,1,1432529,1432073,456
117070281,44.031,31.0335,479,49797,0.234212,0.05,1,1432583,1432104,479
117073201,32.0124,46.0134,447,49839,0.243685,0.05,1,1432607,1432160,447
117076121,32.605,32.8054,456,49881,0.247474,0.07,1,1432640,1432184,456
117079041,29.842,32.3221,452,49923,0.24899,0.05,1,1432668,1432216,452
117081961,22.7368,30.3289,441,49965,0.249596,0.07,1,1432686,1432245,441
117084881,25.2947,22.3315,451,50007,0.237838,0.09,1,1432713,1432262,451
117087801,26.9179,24.5326,453,50049,0.233135,0.07,1,1432741,1432288,453
117090721,21.5672,27.213,442,50091,0.243254,0.07,1,1432759,1432317,442
117093641,21.2269,20.4852,447,50133,0.259302,0.11,1,1432780,1432333,447
117096561,9.69074,18.9941,431,50175,0.265721,0.11,1,1432782,1432351,431
117119921,44.4882,44.031,434,50511,0.436199,0.25,1,1433017,1432583,434
117122841,32.7953,32.0124,435,50553,0.44448,0.25,1,1433042,1432607,435
117178321,30.4855,29.7272,445,51337,0.766443,0.51,2,1433547,1433102,445
117181241,22.9942,22.6909,445,51378,0.780577,0.47,2,1433565,1433120,445
117184161,24.7977,24.6764,445,51419,0.762231,0.47,2,1433591,1433146,445
117187081,26.7191,26.6705,445,51460,0.778892,0.47,2,1433619,1433174,445
117190001,22.0876,22.0682,445,51501,0.773557,0.47,2,1433638,1433193,445
117192921,23.2351,23.2273,445,51542,0.771423,0.47,2,1433662,1433217,445
117195841,10.494,10.4909,445,51583,0.770569,0.53,2,1433664,1433219,445
117201681,32.279,30.7185,450,51665,0.784491,0.57,2,1433733,1433283,450
117204601,29.1116,28.4874,450,51706,0.787796,0.61,2,1433760,1433310,450
117207521,12.8446,12.595,450,51747,0.789119,0.67,2,1433762,1433312,450
117254241,29.574,32.279,487,52393,0.913968,0.79,2,1434220,1433733,487
117257161,13.0296,29.1116,462,52433,0.923587,0.79,2,1434222,1433760,462
117260081,23.8118,12.8446,491,52473,0.915435,0.83,2,1434253,1433762,491
117263001,31.1247,23.7379,496,52513,0.936174,0.83,2,1434289,1433793,496
117493681,185.892,220.1,462,24820,0.4132,1,1,1436538,1436076,462
117502441,66.8571,82.4864,484,25798,0.0641248,0.63,1,1436740,1436256,484
117505361,65.7428,74.3946,480,25880,0.0436499,0.51,1,1436805,1436325,480
117508281,54.4971,69.9578,460,25962,0.03546,0.55,1,1436852,1436392,460
117511201,42.1989,48.3831,460,26044,0.032184,0.53,1,1436886,1436426,460
117514121,43.8795,37.9533,474,26125,0.0308736,0.35,1,1436931,1436457,474
117517041,31.9518,42.1813,453,26206,0.0303494,0.21,1,1436955,1436502,453
117522881,69.9123,63.389,496,26368,0.0636559,0.07,1,1437114,1436618,496
117525801,56.7649,68.5556,472,26448,0.0674624,0.03,1,1437162,1436690,472
117528721,61.706,57.4222,487,26528,0.0329849,0.03,1,1437227,1436740,487
117531641,52.8824,61.9689,469,26608,0.043194,0.03,1,1437274,1436805,469
117534561,41.553,52.9876,456,26688,0.0472776,0.03,1,1437308,1436852,456
117537481,43.6212,41.595,467,26767,0.072911,0.03,1,1437353,1436886,467
117540401,31.2485,43.638,445,26846,0.0711644,0.03,1,1437376,1436931,445
117543321,13.6994,31.8552,423,26925,0.0704658,0.17,1,1437378,1436955,423
117546241,60.6798,63.7421,430,27004,0.0701863,0.03,1,1437470,1437040,430
117555001,59.9715,61.7035,423,27238,0.0901719,0.05,1,1437650,1437227,423
117581281,59.1767,59.9715,425,27930,0.224846,0.11,1,1438075,1437650,425
117584201,53.6707,52.7886,427,28006,0.215939,0.15,1,1438125,1437698,427
117587121,42.4683,42.1154,427,28082,0.236375,0.11,1,1438160,1437733,427
117590041,44.5873,44.4462,427,28157,0.25655,0.15,1,1438206,1437779,427
117592961,31.0349,30.9785,427,28232,0.28862,0.15,1,1438228,1437801,427
117604641,55.0153,52.3018,477,28531,0.403053,0.19,1,1438443,1437966,477
117607561,59.8061,49.1207,493,28605,0.407221,0.25,1,1438506,1438013,493
117610481,53.9224,56.8483,481,28679,0.432888,0.21,1,1438556,1438075,481
117613401,42.569,52.7393,466,28753,0.431155,0.25,1,1438591,1438125,466
117616321,46.4276,42.0957,480,28827,0.430462,0.27,1,1438640,1438160,480
117619241,31.771,44.4383,456,28900,0.430185,0.31,1,1438662,1438206,456
117622161,13.9084,30.9753,436,28973,0.430074,0.31,1,1438664,1438228,436
117654281,72.3426,64.9634,522,29767,0.760631,0.53,2,1439285,1438763,522
117657201,57.737,70.9853,495,29838,0.790252,0.55,2,1439333,1438838,495
117680561,67.7397,66.8564,459,30401,0.907081,0.81,2,1439668,1439209,459
117683481,74.4959,72.3426,462,30471,0.932832,0.81,2,1439747,1439285,462
117806121,67.1942,67.1279,485,33262,0.91816,1,2,1441702,1441217,485
117811961,40.8711,39.1805,495,33389,0.796106,1,2,1441775,1441280,495
117823641,27.5327,33.7438,490,33641,0.43198,1,1,1441915,1441425,490
117832401,53.6981,61.4636,480,33830,0.260687,1,1,1442054,1441574,480
117835321,48.4792,56.9854,471,33893,0.218275,0.87,1,1442099,1441628,471
117867441,44.3567,53.2399,469,34572,0.205608,0.19,1,1442523,1442054,469
117870361,59.7427,48.296,494,34633,0.220243,0.11,1,1442593,1442099,494
117873281,46.0971,61.3184,461,34694,0.250097,0.09,1,1442630,1442169,461
117876201,36.4388,46.1274,455,34755,0.262039,0.11,1,1442660,1442205,455
117879121,40.3755,35.8509,469,34816,0.254816,0.15,1,1442703,1442234,469
117896641,50.3521,34.9793,491,35179,0.40433,0.23,1,1442914,1442423,491
117899561,44.1408,49.3917,472,35239,0.419732,0.21,1,1442954,1442482,472
117902481,60.2563,44.3567,502,35299,0.449893,0.23,1,1443025,1442523,502
117966721,51.7593,51.303,456,36593,0.768712,0.73,2,1443813,1443357,456
117969641,44.7037,44.5212,456,36651,0.769485,0.71,2,1443853,1443397,456
117972561,62.8815,62.2085,457,36709,0.781794,0.69,2,1443928,1443471,457
117975481,49.1526,49.4834,456,36767,0.798718,0.71,2,1443968,1443512,456
117998841,36.7205,9.99815,500,37223,0.901123,0.75,2,1444207,1443707,500
118001761,53.0882,30.3993,520,37280,0.930449,0.79,2,1444271,1443751,520
118004681,45.8353,49.3597,499,37337,0.94218,0.77,2,1444312,1443813,499
118139001,27.5105,26.1565,494,39855,0.440051,1,1,1446073,1445579,494
118141921,31.4042,26.6626,501,39908,0.42202,1,1,1446107,1445606,501
118150681,35.4659,37.6344,488,40067,0.0786093,1,1,1446217,1445729,488
118153601,32.1863,15.0538,518,40120,0.0374437,1,1,1446247,1445729,518
118156521,40.4745,27.0215,529,40173,0.0329775,0.97,1,1446293,1445764,529
118159441,44.3898,42.6086,523,40226,0.055191,1,1,1446340,1445817,523
118162361,36.9559,51.2434,498,40278,0.0520764,0.95,1,1446372,1445874,498
118165281,35.7824,38.4974,503,40330,0.0508306,0.72,1,1446407,1445904,503
118168201,33.5129,39.3989,495,40382,0.0503322,0.67,1,1446439,1445944,495
118171121,29.6052,42.7596,477,40434,0.0381329,0.61,1,1446466,1445989,477
118174041,26.8421,36.9038,469,40486,0.0332532,0.47,1,1446491,1446022,469
118176961,24.5368,29.7615,467,40538,0.0433013,0.37,1,1446514,1446047,467
118179881,27.8147,27.5046,471,40590,0.0473205,0.41,1,1446544,1446073,471
118182801,27.9259,31.4018,465,40642,0.0489282,0.35,1,1446572,1446107,465
118185721,33.9704,31.1607,472,40694,0.0495713,0,1,1446610,1446138,472
118188641,31.5881,40.6643,455,40746,0.0618285,0.03,1,1446640,1446185,455
118191561,29.4353,35.4657,451,40798,0.0787314,0.01,1,1446668,1446217,451
118194481,39.3741,32.1863,467,40850,0.0734926,0.03,1,1446714,1446247,467
118197401,45.7496,40.4745,471,40902,0.071397,0.07,1,1446764,1446293,471
118290841,28.6786,28.6162,429,42522,0.239078,0.19,1,1447744,1447315,429
118293761,27.0715,27.0465,429,42572,0.257631,0.13,1,1447770,1447341,429
118296681,25.2286,25.8186,428,42622,0.277052,0.17,1,1447794,1447366,428
118308361,31.9707,32.3458,428,42819,0.406885,0.17,1,1447922,1447494,428
118311281,31.3883,31.5383,428,42868,0.408754,0.11,1,1447953,1447525,428
118314201,36.5553,37.2153,427,42917,0.421502,0.11,1,1447993,1447566,427
118317121,15.8221,16.0861,427,42966,0.426601,0.17,1,1447995,1447568,427
118320041,38.7288,37.6345,429,43015,0.44064,0.17,1,1448049,1447620,429
118322961,32.2915,15.0538,457,43064,0.434256,0.17,1,1448077,1447620,457
118325881,38.1166,22.8215,471,43113,0.443702,0.17,1,1448119,1447648,471
118390121,32.5921,36.5825,476,44177,0.768503,0.49,2,1448807,1448331,476
118393041,32.2368,33.233,477,44225,0.793401,0.49,2,1448839,1448362,477
118413481,26.6562,34.6349,452,44558,0.923943,0.65,2,1449047,1448595,452
118416401,28.0625,29.454,455,44605,0.927577,0.67,2,1449076,1448621,455
118419321,26.825,27.3816,455,44652,0.941031,0.67,2,1449102,1448647,455
118422241,27.53,27.7526,455,44699,0.934412,0.69,2,1449130,1448675,455
118436841,33.5123,32.2368,463,44934,0.941143,0.83,2,1449302,1448839,463
118439761,39.2049,38.6947,463,44981,0.946457,0.83,2,1449345,1448882,463
118442681,16.882,16.6779,463,45028,0.948583,0.85,2,1449347,1448884,463
118445601,39.7528,39.0712,464,45075,0.937433,0.87,2,1449402,1448938,464
118448521,34.5011,33.6285,465,45122,0.932973,0.89,2,1449433,1448968,465
118451441,40.8004,39.8514,466,45169,0.943189,0.89,2,1449478,1449012,466
118454361,17.5202,17.1406,466,45216,0.947276,0.95,2,1449480,1449014,466
118457281,27.4081,26.6562,467,45263,0.93691,0.93,2,1449514,1449047,467
118620801,35.1337,29.8274,501,47800,0.906082,1,2,1451278,1450777,501
118638321,34.8274,28.1325,512,48064,0.265171,1,1,1451481,1450969,512
118641241,29.5309,21.453,521,48108,0.208068,1,1,1451507,1450986,521
118650001,37.29,34.445,498,48240,0.0579564,1,1,1451593,1451095,498
118652921,27.516,31.178,490,48284,0.0771826,1,1,1451614,1451124,490
118655841,23.0064,27.4712,485,48328,0.036873,0.93,1,1451634,1451149,485
118658761,29.0026,29.5885,487,48372,0.0567492,1,1,1451667,1451180,487
118661681,20.601,26.8354,477,48416,0.0766997,0.97,1,1451682,1451205,477
118664601,24.4404,32.3342,468,48460,0.0726799,0.86,1,1451709,1451241,468
118667521,28.3762,35.1337,462,48503,0.0470719,0.61,1,1451740,1451278,462
118670441,26.9505,34.4535,454,48546,0.0488288,0.55,1,1451766,1451312,454
118673361,30.5802,35.3814,451,48589,0.0495315,0.51,1,1451799,1451348,451
118676281,33.2321,37.5526,447,48632,0.0978126,0.43,1,1451834,1451387,447
118705481,29.3852,22.6867,455,49062,0.0514682,0.07,1,1452089,1451634,455
118708401,20.1541,28.8747,436,49105,0.0505873,0.09,1,1452103,1451667,436
118711321,24.2616,20.5499,448,49148,0.0622349,0.07,1,1452130,1451682,448
118714241,28.9047,24.42,453,49191,0.030894,0.03,1,1452162,1451709,453
118717161,26.5619,28.368,447,49234,0.0423576,0.05,1,1452187,1451740,447
118720081,31.0247,26.9472,455,49277,0.058943,0.05,1,1452221,1451766,455
118723001,35.2099,30.5789,460,49320,0.0655772,0.13,1,1452259,1451799,460
118725921,24.884,33.2316,443,49363,0.0802309,0.13,1,1452277,1451834,443
118746361,23.4145,35.394,443,49662,0.200475,0.09,1,1452458,1452015,443
118775561,30.9856,24.884,460,50082,0.208337,0.13,1,1452737,1452277,460
118778481,33.3942,29.7536,462,50124,0.245335,0.17,1,1452772,1452310,462
118781401,26.5577,31.7014,451,50166,0.260134,0.17,1,1452794,1452343,451
118784321,16.6231,25.8806,439,50208,0.266054,0.17,1,1452804,1452365,439
118787241,21.0492,16.3522,453,50250,0.268421,0.19,1,1452828,1452375,453
118790161,34.8197,20.3409,474,50292,0.281369,0.19,1,1452872,1452398,474
118793081,15.1279,34.5364,432,50334,0.286547,0.21,1,1452874,1452442,432
118798921,18.2605,21.9658,431,50418,0.299048,0.17,1,1452910,1452479,431
118801841,25.3042,28.5863,428,50460,0.293619,0.15,1,1452940,1452512,428
118816441,29.9154,30.3993,430,50670,0.402127,0.19,1,1453073,1452643,430
118819361,37.1662,36.1597,432,50712,0.406851,0.17,1,1453115,1452683,432
118825201,32.7066,30.9856,434,50795,0.416696,0.27,1,1453171,1452737,434
118828121,34.6826,33.3942,435,50836,0.400678,0.27,1,1453207,1452772,435
118831041,27.0731,26.5577,435,50877,0.418271,0.27,1,1453229,1452794,435
118833961,16.8292,16.6231,435,50918,0.401309,0.27,1,1453239,1452804,435
118839801,35.4527,34.8197,436,51000,0.439809,0.29,1,1453308,1452872,436
118845641,15.7524,15.6512,436,51082,0.44117,0.29,1,1453326,1452890,436
118889441,36.2751,35.4527,443,51697,0.762726,0.47,2,1453751,1453308,443
118892361,15.71,15.3811,443,51738,0.76709,0.43,2,1453753,1453310,443
118895281,15.884,15.7524,443,51779,0.780836,0.43,2,1453769,1453326,443
118898201,18.3536,6.30097,463,51820,0.786334,0.49,2,1453789,1453326,463
118901121,25.3414,14.5204,473,51861,0.788534,0.49,2,1453819,1453346,473
118904041,20.9366,23.8082,461,51902,0.789414,0.45,2,1453837,1453376,461
118906961,25.7746,20.3233,472,51943,0.777765,0.47,2,1453866,1453394,472
118909881,32.5099,24.9293,481,51984,0.773106,0.51,2,1453903,1453422,481
118912801,29.2039,30.9717,473,52025,0.783242,0.55,2,1453930,1453457,473
118915721,30.8816,27.9887,479,52065,0.763297,0.57,2,1453962,1453483,479
118918641,36.3526,30.3955,487,52105,0.779319,0.57,2,1454002,1453515,487
118921561,26.5411,36.1582,467,52145,0.785728,0.57,2,1454022,1453555,467
118924481,35.8164,26.4633,489,52185,0.764291,0.59,2,1454064,1453575,489
118927401,35.3266,33.9853,485,52225,0.767716,0.61,2,1454099,1453614,485
118930321,27.9306,33.9941,474,52265,0.793087,0.67,2,1454122,1453648,474
118947841,18.541,15.884,480,52505,0.902732,0.79,2,1454249,1453769,480
118950761,25.4164,18.3536,490,52545,0.907093,0.79,2,1454279,1453789,490
118953681,20.9666,25.3414,478,52585,0.920837,0.79,2,1454297,1453819,478
118956601,25.1866,20.9366,488,52625,0.938335,0.77,2,1454325,1453837,488
118959521,32.2747,25.7746,496,52665,0.933334,0.77,2,1454362,1453866,496
118962441,28.5099,32.5099,485,52705,0.943334,0.79,2,1454388,1453903,485
119257361,35.7206,63.69,463,26608,0.753467,0.53,2,1457641,1457178,463
119260281,25.6882,35.076,466,26688,0.787387,0.55,2,1457660,1457194,466
119280721,67.5533,65.3005,460,27238,0.92828,0.79,2,1458085,1457625,460
119412121,69.9768,56.7701,503,30540,0.79864,1,2,1460384,1459881,503
119423801,41.089,36.3013,506,30816,0.219117,1,1,1460546,1460040,506
119426721,35.0356,40.9205,493,30885,0.0936469,1,1,1460577,1460084,493
119429641,51.2142,64.9682,474,30954,0.0554587,1,1,1460639,1460165,474
119432561,42.6857,46.3873,477,31022,0.0521835,0.99,1,1460676,1460199,477
119435481,41.0743,35.3549,489,31090,0.0628734,0.99,1,1460716,1460227,489
119438401,53.0297,63.942,467,31158,0.0671494,0.67,1,1460777,1460310,467
119441321,57.8119,69.9768,454,31226,0.0448597,0.53,1,1460838,1460384,454
119444241,43.5248,51.3907,449,31294,0.0239439,0.53,1,1460872,1460423,449
119447161,33.0099,20.5563,475,31362,0.0155776,0.47,1,1460898,1460423,475
119450081,38.404,29.2225,482,31429,0.024231,0.23,1,1460940,1460458,482
119453001,33.3616,42.289,461,31496,0.0276924,0.13,1,1460970,1460509,461
119455921,31.9446,39.1156,455,31563,0.017077,0.01,1,1461001,1460546,455
119458841,49.3779,34.2462,485,31630,0.0368308,0.03,1,1461062,1460577,485
119461761,43.7511,50.8985,463,31697,0.0327323,0.05,1,1461102,1460639,463
119464681,39.1005,42.5594,462,31764,0.0790929,0.07,1,1461138,1460676,462
119467601,52.2402,41.0238,483,31831,0.0736372,0.07,1,1461199,1460716,483
119470521,56.8961,53.0095,482,31897,0.0354549,0.03,1,1461259,1460777,482
119473441,43.7584,57.8038,456,31963,0.0441819,0.01,1,1461294,1460838,456
119476361,33.7034,43.5215,449,32029,0.0356728,0.01,1,1461321,1460872,449
119479281,38.6813,33.0086,465,32095,0.0202691,0.03,1,1461363,1460898,465
119482201,33.4725,38.4034,453,32161,0.0261076,0.03,1,1461393,1460940,453
119485121,31.389,33.3614,453,32227,0.0404431,0.01,1,1461423,1460970,453
119488041,48.5556,31.9446,482,32293,0.0341772,0.05,1,1461483,1461001,482
119490961,44.6222,49.3778,463,32359,0.0196709,0.03,1,1461525,1461062,463
119493881,43.6489,43.7511,466,32424,0.0738684,0.11,1,1461568,1461102,466
119499721,55.1038,52.2402,481,32554,0.0826189,0.01,1,1461680,1461199,481
119502641,44.2415,56.8961,458,32619,0.0750476,0.05,1,1461717,1461259,458
119505561,33.2966,43.7584,449,32684,0.072019,0.03,1,1461743,1461294,449
119508481,39.1186,33.7034,465,32749,0.0468076,0.01,1,1461786,1461321,465
119511401,16.8475,38.6813,425,32814,0.036723,0.03,1,1461788,1461363,425
119514321,25.339,33.4725,426,32878,0.0446892,0.05,1,1461819,1461393,426
119517241,27.5356,31.389,425,32942,0.0598757,0.03,1,1461848,1461423,425
119520161,45.2142,48.5556,422,33006,0.0419503,0.01,1,1461905,1461483,422
119523081,43.8857,44.6222,423,33070,0.0347801,0.11,1,1461948,1461525,423
119526001,45.7543,43.6489,427,33134,0.019912,0.17,1,1461995,1461568,427
119528921,51.9017,49.2596,430,33198,0.0499648,0.05,1,1462051,1461621,430
119531841,52.5607,55.1038,424,33262,0.0859859,0.07,1,1462104,1461680,424
119537681,33.1297,33.2966,425,33389,0.0941577,0.03,1,1462168,1461743,425
119543521,16.3408,16.8475,423,33515,0.0834652,0.05,1,1462211,1461788,423
119546441,25.7363,25.339,424,33578,0.0753861,0.07,1,1462243,1461819,424
119552281,43.3578,45.2142,422,33704,0.0660618,0.03,1,1462327,1461905,422
119555201,43.1431,43.8857,422,33767,0.0324247,0.01,1,1462370,1461948,422
119558121,45.4572,45.7543,422,33830,0.0189699,0.07,1,1462417,1461995,422
119561041,53.5829,51.9017,425,33893,0.061588,0.11,1,1462476,1462051,425
119572721,37.5349,37.8519,425,34141,0.205145,0.07,1,1462634,1462209,425
119575641,16.214,16.3408,425,34203,0.220058,0.07,1,1462636,1462211,425
119578561,25.6856,25.7363,425,34265,0.202023,0.07,1,1462668,1462243,425
119590241,45.2544,42.1548,469,34511,0.0895078,0.01,1,1462839,1462370,469
119593161,55.3017,45.0619,484,34572,0.0658031,0.09,1,1462901,1462417,484
119596081,56.3207,53.4248,482,34633,0.0683213,0.17,1,1462958,1462476,482
119616521,39.4064,29.474,476,35059,0.212332,0.19,1,1463176,1462700,476
119619441,38.5626,40.5896,466,35119,0.234933,0.07,1,1463214,1462748,466
119622361,43.625,42.6358,469,35179,0.255973,0.07,1,1463261,1462792,469
119631121,47.24,56.3207,466,35359,0.415982,0.13,1,1463424,1462958,466
119634041,35.096,45.9283,454,35419,0.436393,0.15,1,1463451,1462997,454
119701201,49.3347,48.8789,450,36767,0.768978,0.61,2,1464317,1463867,450
119704121,38.3339,36.9515,452,36824,0.793591,0.59,2,1464348,1463896,452
119745001,18.279,41.7013,464,37619,0.916765,0.87,2,1464856,1464392,464
119747921,27.1116,17.8805,495,37675,0.924706,0.85,2,1464889,1464394,495
119750841,30.0446,26.3522,495,37731,0.927882,0.87,2,1464921,1464426,495
119753761,13.2179,30.3409,464,37787,0.929153,0.83,2,1464923,1464459,464
119879321,31.9886,11.2737,526,40120,0.761053,1,2,1466560,1466034,526
119888081,49.9513,55.6095,514,40278,0.426707,1,1,1466723,1466209,514
119891001,42.7805,43.2438,517,40330,0.272683,1,1,1466761,1466244,517
119893921,39.9122,44.8975,509,40382,0.235073,1,1,1466799,1466290,509
119896841,36.3649,37.759,510,40434,0.232029,1,1,1466833,1466323,510
119899761,27.746,33.7036,501,40486,0.206812,0.94,1,1466855,1466354,501
119920201,52.6118,31.9885,526,40850,0.0992492,0.65,1,1467086,1466560,526
119923121,37.8447,57.1954,480,40902,0.0816997,0.49,1,1467114,1466634,480
119926041,42.1379,43.8782,490,40954,0.0866799,0.33,1,1467159,1466669,490
119937721,27.3587,36.3649,452,41159,0.207131,0.19,1,1467285,1466833,452
119940641,22.3435,27.746,449,41210,0.220852,0.11,1,1467304,1466855,449
119943561,23.3374,23.0984,453,41261,0.226341,0.15,1,1467328,1466875,453
119946481,29.735,24.8394,461,41312,0.264536,0.19,1,1467362,1466901,461
119949401,28.694,30.3357,455,41363,0.231815,0.15,1,1467390,1466935,455
119952321,28.8776,28.9343,456,41414,0.254726,0.09,1,1467419,1466963,456
119955241,24.151,29.5737,447,41465,0.26389,0.11,1,1467440,1466993,447
119958161,52.2604,25.0295,496,41516,0.291556,0.09,1,1467511,1467015,496
119978601,29.5226,27.3587,434,41872,0.404046,0.23,1,1467719,1467285,434
119981521,22.609,22.3435,433,41922,0.431618,0.23,1,1467737,1467304,433
119987361,29.6574,29.735,434,42022,0.427859,0.21,1,1467796,1467362,434
119990281,29.863,28.694,436,42072,0.417144,0.27,1,1467826,1467390,436
119993201,28.7452,28.8776,435,42122,0.412857,0.27,1,1467854,1467419,435
119996121,25.8981,24.151,438,42172,0.411143,0.31,1,1467878,1467440,438
119999041,52.3592,52.2604,437,42222,0.434457,0.31,1,1467948,1467511,437
120045761,25.912,25.0575,445,43015,0.770323,0.47,2,1468422,1467977,445
120048681,39.1648,10.023,493,43064,0.770129,0.53,2,1468470,1467977,493
120051601,37.2659,32.8092,481,43113,0.770052,0.49,2,1468506,1468025,481
120054521,39.5064,34.7237,486,43162,0.770021,0.53,2,1468547,1468061,486
120057441,36.2025,38.4895,479,43211,0.782008,0.53,2,1468581,1468102,479
120060361,30.081,35.1958,472,43260,0.762803,0.51,2,1468607,1468135,472
120063281,24.6324,29.6783,467,43309,0.767121,0.55,2,1468628,1468161,467
120066201,26.053,23.2713,475,43358,0.780849,0.61,2,1468655,1468180,475
120104161,25.1236,30.081,480,43985,0.905861,0.77,2,1469087,1468607,480
120107081,26.8494,24.6324,487,44033,0.932344,0.79,2,1469115,1468628,487
120110001,30.5398,26.053,493,44081,0.942938,0.83,2,1469148,1468655,493
120112921,30.8159,30.2212,491,44129,0.935175,0.81,2,1469179,1468688,491
120330461,327.057,361.521,489,21900,0.442,0.85,1,1471598,1471109,489
120333381,165.623,175.808,495,21997,0.2308,0.67,1,1471656,1471161,495
120353821,52.5459,29.6782,482,22663,0.215265,0.09,1,1472080,1471598,482
120356741,87.6184,46.6713,535,22757,0.224106,0.09,1,1472191,1471656,535
120359661,70.4474,83.4685,486,22850,0.275642,0.15,1,1472250,1471764,486
120368421,54.3086,54.11,481,23127,0.401401,0.13,1,1472417,1471936,481
120371341,40.9235,53.444,460,23219,0.43056,0.23,1,1472449,1471989,460
120374261,54.1694,39.3776,493,23310,0.442224,0.23,1,1472512,1472019,493
120418061,54.9677,54.7534,450,24640,0.751644,0.57,2,1473405,1472955,450
120420981,23.1871,23.1014,450,24726,0.750658,0.59,2,1473407,1472957,450
120423901,75.2748,75.8406,449,24812,0.774263,0.63,2,1473517,1473068,449
120435581,56.7094,55.5479,456,25152,0.914301,0.69,2,1473765,1473309,456
120438501,41.8838,41.4192,456,25236,0.94772,0.79,2,1473797,1473341,456
120631221,61.195,71.9496,474,30279,0.922,1,2,1477380,1476906,474
120634141,53.878,44.9798,496,30349,0.9268,1,2,1477429,1476933,496
120645821,38.2481,35.7979,498,30627,0.781694,1,2,1477605,1477107,498
120715901,61.4096,32.1639,527,32244,0.778316,0.63,2,1478693,1478166,527
120753861,49.0488,48.7055,464,33086,0.918254,0.83,2,1479256,1478792,464
120870661,40.5538,46.7808,515,35553,0.948371,1,2,1480971,1480456,515
120873581,34.8215,33.7123,521,35612,0.949348,1,2,1481002,1480481,521
120876501,43.9286,32.6849,539,35671,0.937739,1,2,1481052,1480513,539
120879421,36.1714,44.874,517,35730,0.945096,1,2,1481083,1480566,517
120882341,33.0686,49.7496,495,35789,0.942038,0.97,2,1481114,1480619,495
120894021,45.0882,47.008,494,36025,0.922724,1,2,1481302,1480808,494
120896941,38.4353,37.4032,497,36084,0.92709,1,2,1481336,1480839,497
120917381,31.8034,33.0686,473,36491,0.774098,0.87,2,1481587,1481114,473
120981621,41.9691,30.2291,498,37744,0.757984,0.61,2,1482438,1481940,498
120984541,34.7876,40.2916,481,37800,0.777193,0.61,2,1482468,1481987,481
120987461,31.9151,34.1166,481,37856,0.796877,0.67,2,1482498,1482017,481
121013741,32.6234,36.5568,487,38355,0.902896,0.75,2,1482848,1482361,487
121034181,40.5807,43.8506,464,38740,0.925591,0.83,2,1483090,1482626,464
121037101,48.6323,49.9402,464,38795,0.940236,0.85,2,1483144,1482680,464
121040021,38.0529,37.9761,465,38849,0.934095,0.87,2,1483175,1482710,465
121042941,26.0212,25.9904,465,38903,0.931638,0.87,2,1483193,1482728,465
121177261,43.3181,34.0305,525,41325,0.909059,1,2,1484899,1484374,525
121206461,33.8098,34.989,478,41835,0.785589,1,2,1485218,1484740,478
121209381,36.3239,41.5956,470,41885,0.752236,1,2,1485256,1484786,470
121215221,33.4118,33.2953,471,41985,0.752758,0.85,2,1485320,1484849,471
121218141,40.9647,43.3181,467,42035,0.787103,0.86,2,1485366,1484899,467
121238581,24.297,27.2774,461,42385,0.901512,0.81,2,1485564,1485103,461
121399181,25.4608,34.5674,488,45040,0.933921,0.99,2,1487430,1486942,488
121917481,46.2802,57.8538,475,24440,0.756074,0.77,2,1493060,1492585,475
121920401,37.1121,44.1415,471,24527,0.752429,0.75,2,1493091,1492620,471
121923321,41.8448,33.2566,490,24613,0.762972,0.73,2,1493136,1492646,490
121926241,43.1379,43.9026,483,24699,0.779189,0.65,2,1493180,1492697,483
121929161,64.0552,64.9611,482,24785,0.761675,0.65,2,1493258,1492776,482
121935001,82.2488,87.9138,456,24956,0.907868,0.77,2,1493429,1492973,456
122057641,58.854,58.9305,482,28301,0.94,1,2,1495774,1495292,482
122072241,49.9985,44.2287,520,28673,0.787389,1,2,1496003,1495483,520
122075161,34.3994,40.4915,506,28747,0.788956,1,2,1496027,1495521,506
122078081,61.7598,32.3966,559,28821,0.777582,1,2,1496107,1495548,559
122083921,56.9216,85.5835,510,28967,0.936813,0.9,2,1496243,1495733,510
122227001,58.3724,64.1927,532,32353,0.41752,1,1,1498628,1498096,532
122229921,48.549,65.8771,507,32418,0.233008,1,1,1498670,1498163,507
122232841,59.0196,49.7508,534,32483,0.0992032,1,1,1498736,1498202,534
122235761,35.6078,49.9003,504,32548,0.0576813,1,1,1498756,1498252,504
122238681,36.4431,37.9601,511,32613,0.0650725,1,1,1498793,1498282,511
122241601,41.5773,38.5841,517,32678,0.032029,1,1,1498838,1498321,517
122244521,29.2309,36.4336,503,32743,0.0308116,1,1,1498859,1498356,503
122247441,28.4924,33.1734,500,32808,0.0543246,1,1,1498887,1498387,500
122250361,13.1969,33.0694,470,32872,0.0637299,0.67,1,1498890,1498420,470
122253281,46.0788,67.8278,447,32936,0.0554919,0.53,1,1498958,1498511,447
122256201,54.4315,64.9311,444,33000,0.0521968,0.27,1,1499018,1498574,444
122259121,45.7726,58.3724,430,33064,0.0748787,0.11,1,1499058,1498628,430
122262041,38.709,48.549,422,33128,0.0959515,0.01,1,1499092,1498670,422
122264961,55.0836,59.0196,422,33192,0.0563806,0.03,1,1499158,1498736,422
122267881,34.6334,35.6078,423,33256,0.0405522,0.07,1,1499179,1498756,423
122270801,36.0534,36.4431,423,33320,0.0462209,0.01,1,1499216,1498793,423
122273721,42.0214,41.5773,424,33383,0.0244884,0.03,1,1499262,1498838,424
122276641,29.4085,29.2309,424,33446,0.0277953,0.07,1,1499283,1498859,424
122279561,28.5634,28.4924,424,33509,0.0531181,0.07,1,1499311,1498887,424
122282481,13.2254,13.1969,424,33572,0.0512473,0.05,1,1499314,1498890,424
122285401,45.4901,46.0788,423,33635,0.0384989,0.05,1,1499381,1498958,423
122288321,55.9961,54.4315,426,33698,0.0813996,0.09,1,1499444,1499018,426
122300001,34.3471,34.6334,422,33949,0.0683718,0.05,1,1499601,1499179,422
122302921,35.9388,36.0534,422,34011,0.0573487,0.01,1,1499638,1499216,422
122305841,41.9755,42.0214,422,34073,0.0289395,0.03,1,1499684,1499262,422
122308761,29.9902,29.4085,423,34135,0.0415758,0.07,1,1499706,1499283,423
122311681,29.3961,28.5634,424,34197,0.0586303,0.05,1,1499735,1499311,424
122314601,14.1584,13.2254,425,34259,0.0654521,0.05,1,1499739,1499314,425
122317521,44.0634,5.29015,489,34321,0.0561808,0.03,1,1499803,1499314,489
122320441,57.8253,42.3161,489,34383,0.0644723,0.11,1,1499870,1499381,489
122378841,14.2151,29.5911,430,35592,0.203189,0.11,1,1500587,1500157,430
122381761,45.286,14.2364,492,35651,0.219276,0.13,1,1500653,1500161,492
122384681,19.3144,44.6946,429,35710,0.22571,0.13,1,1500655,1500226,429
122387601,47.9258,58.6778,428,35769,0.264284,0.13,1,1500722,1500294,428
122390521,46.7703,50.4711,429,35828,0.291714,0.15,1,1500768,1500339,429
122434321,32.4329,31.5053,439,36704,0.40586,0.33,1,1501318,1500879,439
122437241,35.7732,36.0021,438,36762,0.420344,0.35,1,1501356,1500918,438
122440161,40.7093,41.4008,437,36819,0.438138,0.33,1,1501400,1500963,437
122443081,28.8837,28.5603,438,36876,0.433255,0.33,1,1501421,1500983,438
122492721,49.6374,19.5542,517,37838,0.796167,0.61,2,1502041,1501524,517
122504401,34.5635,55.5038,471,38062,0.914862,0.61,2,1502209,1501738,471
122507321,37.8254,34.2015,491,38118,0.911945,0.65,2,1502249,1501758,491
122510241,42.7302,36.4806,499,38173,0.934778,0.67,2,1502295,1501796,499
122513161,31.4921,41.5922,478,38228,0.943911,0.69,2,1502319,1501841,478
122708801,34.5774,35.9686,496,41767,0.7564,1,2,1504764,1504268,496
122723401,31.4974,34.5434,491,42018,0.0967471,1,1,1504937,1504446,491
122726321,34.799,37.8173,488,42068,0.0686989,1,1,1504974,1504486,488
122729241,35.5196,41.5269,480,42118,0.0334795,1,1,1505010,1504530,480
122732161,41.8078,34.6108,496,42168,0.0433918,1,1,1505056,1504560,496
122735081,38.3231,35.4443,496,42218,0.0473567,1,1,1505092,1504596,496
122738001,25.5293,35.1777,478,42268,0.0489427,1,1,1505109,1504631,478
122740921,29.4117,33.2711,478,42318,0.0255771,1,1,1505141,1504663,478
122743841,24.9647,30.1084,472,42368,0.0762308,0.81,1,1505163,1504691,472
122746761,26.7859,35.4434,461,42418,0.0364923,0.67,1,1505191,1504730,461
122749681,27.5143,34.5774,455,42468,0.0445969,0.61,1,1505219,1504764,455
122752601,23.0057,29.4309,449,42518,0.0598388,0.33,1,1505239,1504790,449
122755521,29.6023,38.7724,438,42568,0.0419355,0.21,1,1505273,1504835,438
122758441,29.2409,37.109,431,42618,0.0827742,0.07,1,1505302,1504871,431
122761361,32.0964,38.2436,426,42668,0.0751097,0.05,1,1505336,1504910,426
122764281,26.6385,31.4974,422,42717,0.0840439,0.05,1,1505359,1504937,422
122767201,33.4554,34.799,423,42766,0.0636175,0.01,1,1505397,1504974,423
122770121,34.3822,35.5196,422,42815,0.031447,0.05,1,1505432,1505010,422
122773041,41.3529,41.8078,422,42864,0.0305788,0.05,1,1505478,1505056,422
122775961,38.7411,38.3231,423,42913,0.0542315,0.05,1,1505515,1505092,423
122778881,25.0965,25.5293,422,42962,0.0216926,0.01,1,1505531,1505109,422
122781801,29.2386,29.4117,422,43011,0.0746771,0.01,1,1505563,1505141,422
122784721,24.2954,11.7647,443,43060,0.0598708,0.11,1,1505584,1505141,443
122787641,26.5182,17.9059,449,43109,0.0779483,0.01,1,1505612,1505163,449
122790561,28.0073,23.9623,450,43158,0.0611793,0.05,1,1505641,1505191,450
122793481,25.0029,26.3849,445,43207,0.0664717,0.07,1,1505664,1505219,445
122796401,29.2012,22.554,457,43256,0.0685887,0.03,1,1505696,1505239,457
122799321,29.6805,29.4216,453,43305,0.0814355,0.11,1,1505726,1505273,453
122802241,32.2722,29.1686,458,43354,0.0985742,0.07,1,1505760,1505302,458
122811001,34.1054,33.4508,456,43501,0.0732687,0.01,1,1505853,1505397,456
122813921,41.2422,34.3803,467,43550,0.0353075,0.03,1,1505899,1505432,467
122816841,38.6969,41.3521,458,43598,0.056123,0.07,1,1505936,1505478,458
122819761,25.6787,38.7409,438,43646,0.0404492,0,1,1505953,1505515,438
122822681,30.6715,25.0963,456,43694,0.0461797,0.11,1,1505987,1505531,456
122825601,24.2686,29.2385,444,43742,0.0484719,0.05,1,1506007,1505563,444
122828521,26.5074,24.2954,451,43790,0.0733887,0.09,1,1506035,1505584,451
122831441,28.603,26.5182,453,43838,0.0833555,0.05,1,1506065,1505612,453
122834361,25.8412,28.0073,448,43886,0.0873422,0.07,1,1506089,1505641,448
122837281,28.9365,25.0029,456,43934,0.0769369,0.07,1,1506120,1505664,456
122840201,30.1746,29.2012,455,43982,0.0847748,0.09,1,1506151,1505696,455
122843121,33.0698,29.6805,460,44030,0.0759099,0.11,1,1506186,1505726,460
122846041,24.0279,32.2722,444,44078,0.084364,0.11,1,1506204,1505760,444
122848961,31.2112,24.9089,460,44126,0.0877456,0.11,1,1506240,1505780,460
122851881,32.8845,32.7636,456,44174,0.0650982,0.05,1,1506274,1505818,456
122854801,40.7538,34.1054,467,44222,0.0440393,0.01,1,1506320,1505853,467
122857721,39.1015,41.2422,459,44270,0.0356157,0.07,1,1506358,1505899,459
122860641,25.8406,38.6969,439,44318,0.0322463,0.03,1,1506375,1505936,439
122863561,31.3362,25.6787,457,44366,0.0428985,0.05,1,1506410,1505953,457
122866481,24.5345,30.6715,443,44414,0.0471594,0.05,1,1506430,1505987,443
122869401,27.8138,24.2686,453,44461,0.0608638,0.09,1,1506460,1506007,453
122872321,12.3255,26.5074,427,44508,0.0663455,0.09,1,1506462,1506035,427
122875241,22.3302,28.603,426,44555,0.0565382,0.09,1,1506491,1506065,426
122878161,23.3321,25.8412,426,44602,0.0766153,0.07,1,1506515,1506089,426
122881081,27.9328,28.9365,426,44649,0.0966461,0.09,1,1506546,1506120,426
122892761,31.1855,31.2112,426,44837,0.226874,0.05,1,1506666,1506240,426
122895681,30.4742,32.8845,422,44884,0.25275,0.03,1,1506696,1506274,422
122898601,40.3897,40.7538,423,44931,0.2031,0.03,1,1506743,1506320,423
122901521,39.5559,39.1015,424,44978,0.0992399,0.03,1,1506782,1506358,424
122904441,25.4223,25.8406,423,45025,0.057696,0.05,1,1506798,1506375,423
122907361,31.7689,31.3362,424,45072,0.0290784,0.05,1,1506834,1506410,424
122910281,24.7076,24.5345,424,45119,0.0176314,0.07,1,1506854,1506430,424
122913201,28.483,27.8138,425,45166,0.0130525,0.07,1,1506885,1506460,425
122916121,12.5932,12.3255,425,45213,0.035221,0.05,1,1506887,1506462,425
122919041,22.4373,22.3302,425,45260,0.0440884,0.09,1,1506916,1506491,425
122921961,23.9749,23.3321,426,45307,0.0476354,0.11,1,1506941,1506515,426
122924881,28.79,27.9328,427,45354,0.0490541,0.15,1,1506973,1506546,427
122927801,31.316,29.7731,429,45400,0.0616217,0.19,1,1507006,1506577,429
122930721,35.3264,32.9093,432,45446,0.0546487,0.21,1,1507044,1506612,432
122933641,25.5306,23.9637,433,45492,0.0998595,0.25,1,1507063,1506630,433
122945321,36.3464,39.5559,423,45676,0.214572,0.03,1,1507205,1506782,423
122948241,23.5386,25.4223,422,45722,0.235829,0.01,1,1507220,1506798,422
122951161,31.0154,31.7689,422,45768,0.220332,0.01,1,1507256,1506834,422
122954081,24.4062,24.7076,422,45814,0.214133,0.01,1,1507276,1506854,422
122957001,28.3625,28.483,422,45860,0.211653,0.05,1,1507307,1506885,422
122959921,12.545,12.5932,422,45906,0.210661,0.05,1,1507309,1506887,422
122971601,32.4764,28.3064,456,46090,0.226721,0.07,1,1507429,1506973,456
122974521,36.3905,31.1226,462,46136,0.216688,0.05,1,1507468,1507006,462
122977441,27.7562,35.249,446,46182,0.224675,0.13,1,1507490,1507044,446
122980361,33.9025,25.4996,465,46228,0.25187,0.19,1,1507528,1507063,465
122983281,30.361,32.3998,456,46274,0.262748,0.17,1,1507556,1507100,456
123012481,30.246,23.7272,463,46726,0.418105,0.21,1,1507825,1507362,463
123015401,33.0984,28.6909,466,46771,0.449242,0.25,1,1507860,1507394,466
123079641,40.2703,39.9925,447,47753,0.770349,0.51,2,1508523,1508076,447
123082561,24.5081,24.397,447,47797,0.78214,0.55,2,1508537,1508090,447
123085481,31.4032,30.1588,449,47841,0.762856,0.55,2,1508573,1508124,449
123100081,23.1081,23.0954,449,48061,0.773824,0.55,2,1508678,1508229,449
123103001,10.4433,10.4382,449,48105,0.78353,0.63,2,1508680,1508231,449
123105921,28.1773,26.9753,451,48149,0.799412,0.63,2,1508720,1508269,451
123108841,34.6709,32.3901,454,48193,0.781765,0.71,2,1508759,1508305,454
123120521,31.886,31.1892,456,48369,0.761277,0.73,2,1508892,1508436,456
123123441,42.7544,40.6757,459,48413,0.754511,0.81,2,1508942,1508483,459
123126361,42.3018,40.2703,461,48457,0.787804,0.79,2,1508984,1508523,461
123140961,12.3698,12.4258,459,48672,0.900224,0.75,2,1509085,1508626,459
123143881,21.7479,21.7703,459,48715,0.93009,0.79,2,1509113,1508654,459
123146801,23.0992,23.1081,459,48758,0.942036,0.79,2,1509137,1508678,459
123149721,10.4397,10.4433,459,48801,0.922814,0.81,2,1509139,1508680,459
123152641,28.7759,28.1773,460,48844,0.939126,0.81,2,1509180,1508720,460
123155561,33.1103,11.2709,496,48887,0.94565,0.77,2,1509216,1508720,496
123349741,179.2,170.477,508,23451,0.7516,0.84,2,1511235,1510727,508
123352661,108.28,101.791,513,23541,0.76264,0.85,2,1511296,1510783,513
123355581,105.712,109.116,503,23631,0.755056,0.83,2,1511400,1510897,503
123358501,77.6848,83.8466,495,23721,0.788022,0.75,2,1511459,1510964,495
123361421,52.0739,65.3386,477,23810,0.789209,0.77,2,1511494,1511017,477
123373101,64.9859,71.9063,459,24164,0.927452,0.77,2,1511694,1511235,459
123498661,40.5091,39.7003,488,27683,0.0512111,1,1,1514150,1513662,488
123501581,74.4037,75.2801,486,27760,0.0744844,0.81,1,1514247,1513761,486
123504501,63.9615,75.112,468,27836,0.0477938,0.83,1,1514304,1513836,468
123507421,42.9846,50.4448,463,27912,0.0191175,0.67,1,1514333,1513870,463
123510341,54.9938,63.3779,454,27988,0.049647,0.57,1,1514396,1513942,454
123513261,36.3975,43.9512,447,28064,0.0498588,0.47,1,1514420,1513973,447
123516181,30.159,38.5805,438,28139,0.0619435,0.15,1,1514446,1514008,438
123519101,43.2636,51.4322,430,28214,0.0667774,0.01,1,1514498,1514068,430
123522021,41.9054,48.7729,424,28289,0.026711,0,1,1514539,1514115,424
123524941,37.1622,40.5091,423,28364,0.0106844,0,1,1514573,1514150,423
123527861,71.8649,16.2037,518,28439,0.0582738,0.09,1,1514668,1514150,518
123530781,62.9459,64.6815,478,28513,0.0533095,0.03,1,1514725,1514247,478
123533701,43.1784,60.0726,451,28587,0.0213238,0,1,1514755,1514304,451
123536621,55.0714,41.429,485,28661,0.0625295,0.07,1,1514818,1514333,485
123539541,35.8285,54.3716,445,28735,0.0430118,0.05,1,1514841,1514396,445
123542461,29.9314,36.1486,447,28809,0.0952047,0.07,1,1514867,1514420,447
123545381,43.7726,30.0595,474,28882,0.0680819,0.07,1,1514920,1514446,474
123548301,41.509,43.2238,462,28955,0.0692328,0,1,1514960,1514498,462
123551221,37.0036,41.8895,455,29028,0.0276931,0,1,1514994,1514539,455
123554141,74.2014,37.1558,520,29101,0.0650772,0.09,1,1515093,1514573,520
123557061,61.4806,71.8623,478,29174,0.0440309,0.05,1,1515146,1514668,478
123559981,43.1922,62.9449,452,29247,0.0236124,0,1,1515177,1514725,452
123562901,56.8769,43.178,488,29319,0.0394449,0.09,1,1515243,1514755,488
123565821,36.5508,55.0712,448,29391,0.021778,0.03,1,1515266,1514818,448
123568741,31.4203,35.8285,453,29463,0.0267112,0.13,1,1515294,1514841,453
123571661,42.5681,29.9314,477,29535,0.0526845,0.05,1,1515344,1514867,477
123574581,39.8272,43.7726,462,29607,0.0630738,0.07,1,1515382,1514920,462
123577501,35.7309,41.509,455,29678,0.0252295,0,1,1515415,1514960,455
123580421,76.0924,37.0036,524,29749,0.0400918,0.09,1,1515518,1514994,524
123583341,60.4369,74.2014,475,29820,0.0340367,0.03,1,1515568,1515093,475
123586261,25.3748,61.4806,424,29891,0.0316147,0.01,1,1515570,1515146,424
123589181,28.1499,43.1922,423,29962,0.0666459,0.05,1,1515600,1515177,423
123592101,51.46,56.8769,424,30033,0.0566583,0.01,1,1515667,1515243,424
123595021,33.784,36.5508,423,30103,0.0406633,0.03,1,1515689,1515266,423
123597941,30.3136,31.4203,423,30173,0.0462653,0.07,1,1515717,1515294,423
123600861,43.3254,42.5681,425,30243,0.0245061,0.07,1,1515769,1515344,425
123603781,38.9302,39.8272,423,30313,0.0638025,0,1,1515805,1515382,423
123606701,34.7721,35.7309,422,30383,0.031521,0.05,1,1515837,1515415,422
123609621,76.9088,76.0924,424,30453,0.0426084,0.03,1,1515942,1515518,424
123612541,60.1635,60.4369,423,30522,0.0230434,0.03,1,1515991,1515568,423
123615461,25.2654,25.3748,423,30591,0.0152173,0.09,1,1515993,1515570,423
123618381,28.7062,28.1499,424,30660,0.0120869,0.05,1,1516024,1515600,424
123621301,50.4825,51.46,422,30729,0.0348348,0.03,1,1516089,1515667,422
123624221,33.393,33.784,422,30798,0.0199339,0.05,1,1516111,1515689,422
123627141,30.1572,30.3136,422,30867,0.0379736,0.01,1,1516139,1515717,422
123630061,43.2629,43.3254,422,30936,0.0331894,0.09,1,1516191,1515769,422
123632981,41.3052,38.9302,426,31004,0.0552758,0.01,1,1516231,1515805,426
123635901,33.3221,34.7721,422,31072,0.0641103,0.05,1,1516259,1515837,422
123638821,76.3288,76.9088,422,31140,0.0556441,0.01,1,1516364,1515942,422
123641741,59.9315,60.1635,422,31208,0.0282576,0.01,1,1516413,1515991,422
123644661,25.1726,25.2654,422,31276,0.0413031,0.01,1,1516415,1515993,422
123647581,28.669,10.1062,453,31344,0.0465212,0.01,1,1516446,1515993,453
123650501,49.8676,22.6425,486,31412,0.0366085,0.05,1,1516510,1516024,486
123653421,33.147,48.057,443,31479,0.0326434,0.01,1,1516532,1516089,443
123656341,30.0588,32.4228,449,31546,0.0430574,0.05,1,1516560,1516111,449
123659261,43.8235,29.7691,474,31613,0.0472229,0.03,1,1516613,1516139,474
123662181,42.7294,43.1076,464,31680,0.0488892,0.07,1,1516655,1516191,464
123665101,33.2918,41.2431,451,31747,0.0375557,0.07,1,1516682,1516231,451
123668021,75.1167,33.2972,526,31814,0.0930223,0.05,1,1516785,1516259,526
123682621,32.406,49.8674,443,32145,0.216309,0.03,1,1516953,1516510,443
123685541,31.5624,33.1469,452,32211,0.224524,0.05,1,1516984,1516532,452
123688461,43.825,30.0588,476,32277,0.25181,0.05,1,1517036,1516560,476
123691381,42.73,43.8235,465,32343,0.262724,0.05,1,1517078,1516613,465
123694301,32.692,42.7294,449,32408,0.27909,0.03,1,1517104,1516655,449
123697221,77.8768,33.2918,530,32473,0.273636,0.13,1,1517212,1516682,530
123700141,61.7507,75.1167,478,32538,0.283454,0.13,1,1517263,1516785,478
123703061,25.9003,60.0467,430,32603,0.287382,0.15,1,1517265,1516835,430
123726421,32.7103,32.692,436,33118,0.428142,0.27,1,1517540,1517104,436
123784821,44.1513,24.3415,503,34373,0.75625,0.59,2,1518362,1517859,503
123787741,44.0605,41.5366,494,34435,0.7765,0.59,2,1518406,1517912,494
123790661,33.2242,43.0146,476,34496,0.7966,0.63,2,1518432,1517956,476
123793581,82.2897,32.8059,565,34557,0.79264,0.69,2,1518547,1517982,565
123814021,30.84,20.945,494,34984,0.93671,0.75,2,1518767,1518273,494
123936661,42.9777,66.4053,502,37438,0.929786,1,2,1520522,1520020,502
123954181,27.3206,28.5158,503,37774,0.414986,1,1,1520714,1520211,503
123960021,31.2513,30.6025,508,37886,0.204398,0.96,1,1520778,1520270,508
123968781,58.0881,81.1106,516,38054,0.0414015,0.96,1,1520961,1520445,516
123971701,40.0352,59.4442,499,38110,0.0345606,0.9,1,1520989,1520490,499
123974621,29.2141,42.9777,489,38165,0.0138242,0.85,1,1521011,1520522,489
123977541,36.2856,34.5911,501,38220,0.0355297,0.77,1,1521052,1520551,501
123980461,28.3143,40.8364,479,38275,0.0202119,0.67,1,1521075,1520596,479
123983381,26.3257,33.1346,476,38330,0.0380847,0.55,1,1521100,1520624,476
123986301,27.3303,34.2538,469,38385,0.0572339,0.49,1,1521128,1520659,469
123989221,25.9321,32.3015,463,38440,0.0288936,0.33,1,1521153,1520690,463
123992141,22.9728,27.3206,460,38495,0.0295574,0.25,1,1521174,1520714,460
123995061,28.3891,30.1282,460,38550,0.041823,0.13,1,1521206,1520746,460
123997981,22.7557,31.2513,447,38605,0.0467292,0.07,1,1521225,1520778,447
124000901,10.3023,26.3005,426,38660,0.0246917,0.09,1,1521227,1520801,426
124003821,71.9209,80.7202,422,38715,0.0158767,0,1,1521340,1520918,422
124006741,54.5684,58.0881,422,38770,0.00635067,0.03,1,1521383,1520961,422
124009661,39.2273,40.0352,423,38824,0.0565403,0,1,1521412,1520989,423
124012581,28.8909,29.2141,423,38878,0.0526161,0.05,1,1521434,1521011,423
124015501,35.5564,36.2856,422,38932,0.0210464,0.01,1,1521474,1521052,422
124018421,28.6225,28.3143,423,38986,0.0504186,0.05,1,1521498,1521075,423
124021341,26.449,26.3257,423,39040,0.0741674,0.07,1,1521523,1521100,423
124024261,27.9796,27.3303,424,39094,0.047667,0.01,1,1521552,1521128,424
124027181,24.9918,25.9321,422,39148,0.0490668,0.03,1,1521575,1521153,422
124030101,23.1967,22.9728,423,39202,0.0496267,0.05,1,1521597,1521174,423
124033021,29.0787,28.3891,424,39256,0.0738507,0.05,1,1521630,1521206,424
124035941,22.4315,22.7557,423,39310,0.0835403,0.01,1,1521648,1521225,423
124038861,10.1726,10.3023,423,39364,0.0874161,0.01,1,1521650,1521227,423
124041781,71.269,71.9209,422,39418,0.0409664,0,1,1521762,1521340,422
124044701,54.3076,54.5684,422,39472,0.0163866,0.09,1,1521805,1521383,422
124047621,41.523,39.2273,426,39526,0.0365546,0.05,1,1521838,1521412,426
124050541,27.4092,28.8909,422,39579,0.0566219,0,1,1521856,1521434,422
124053461,36.7637,35.5564,425,39632,0.0406487,0.07,1,1521899,1521474,425
124056381,27.3055,28.6225,422,39685,0.0342595,0.09,1,1521920,1521498,422
124059301,27.1222,26.449,424,39738,0.0137038,0.03,1,1521947,1521523,424
124062221,27.0489,27.9796,422,39791,0.0354815,0.05,1,1521974,1521552,422
124065141,25.8196,24.9918,424,39844,0.0561926,0.05,1,1521999,1521575,424
124068061,22.9278,23.1967,423,39897,0.052477,0.09,1,1522020,1521597,423
124070981,30.7711,29.0787,426,39950,0.0749908,0.09,1,1522056,1521630,426
124073901,21.9085,22.4315,424,40003,0.0959963,0.09,1,1522072,1521648,424
124082661,53.1941,28.5076,464,40162,0.0469438,0,1,1522226,1521762,464
124085581,41.6777,37.203,455,40215,0.0487775,0.05,1,1522260,1521805,455
124088501,26.8711,34.6812,439,40268,0.025511,0.07,1,1522277,1521838,439
124091421,36.5484,24.6725,464,40320,0.0282044,0.03,1,1522320,1521856,464
124094341,27.2194,35.669,442,40372,0.0172818,0.03,1,1522341,1521899,442
124097261,27.6877,26.8676,449,40424,0.0069127,0,1,1522369,1521920,449
124100181,26.6751,26.947,448,40476,0.0327651,0.05,1,1522395,1521947,448
124103101,26.27,26.9788,447,40528,0.043106,0.07,1,1522421,1521974,447
124106021,24.308,25.7915,445,40580,0.0352424,0.05,1,1522444,1521999,445
124108941,32.5232,22.9166,462,40632,0.068097,0.09,1,1522482,1522020,462
124111861,22.6093,30.7666,442,40684,0.0932388,0.11,1,1522498,1522056,442
124120621,51.919,69.9851,464,40840,0.0873273,0,1,1522648,1522184,464
124123541,41.1676,53.194,456,40892,0.0409309,0.05,1,1522682,1522226,456
124126461,26.067,41.6776,438,40944,0.0463724,0.01,1,1522698,1522260,438
124129381,36.8268,26.871,465,40996,0.0485489,0.03,1,1522742,1522277,465
124132301,26.7307,36.5484,442,41047,0.0374196,0.01,1,1522762,1522320,442
124135221,28.0923,27.2194,450,41098,0.0329678,0,1,1522791,1522341,450
124138141,27.4369,27.6877,449,41149,0.0431871,0.05,1,1522818,1522369,449
124141061,26.5748,26.6751,449,41200,0.0592749,0.05,1,1522844,1522395,449
124143981,23.8299,26.27,445,41251,0.0657099,0.03,1,1522866,1522421,445
124146901,34.132,24.308,463,41302,0.068284,0.09,1,1522907,1522444,463
124149821,23.8528,32.5232,442,41353,0.0573136,0.11,1,1522924,1522482,442
124152741,10.7411,22.6093,428,41404,0.0529254,0.11,1,1522926,1522498,428
124155661,70.2964,10.2437,536,41455,0.0751702,0.17,1,1523036,1522500,536
124196541,72.0084,70.2964,427,42162,0.224567,0.13,1,1523463,1523036,427
124199461,49.2034,47.9186,428,42212,0.239827,0.13,1,1523497,1523069,428
124202381,20.8813,20.3674,428,42262,0.245931,0.17,1,1523499,1523071,428
124205301,28.7525,29.147,427,42312,0.260372,0.17,1,1523533,1523106,427
124208221,21.701,21.2588,428,42362,0.290149,0.15,1,1523550,1523122,428
124252021,34.4114,14.8004,479,43103,0.417367,0.33,1,1524029,1523550,479
124254941,25.7646,31.1202,457,43152,0.448947,0.33,1,1524049,1523592,457
124330861,24.6077,30.2028,471,44408,0.752787,0.59,2,1524879,1524408,471
124333781,38.0431,24.6811,497,44456,0.787115,0.65,2,1524926,1524429,497
124362981,76.5962,77.7371,456,44926,0.928018,0.69,2,1525241,1524785,456
124593661,167.563,170.928,478,21997,0.2068,0.73,1,1527967,1527489,478
124605341,69.8096,79.7502,476,22380,0.204638,0.25,1,1528195,1527719,476
124611181,64.3295,77.08,458,22569,0.252342,0.07,1,1528325,1527867,458
124614101,65.3318,69.232,460,22663,0.274937,0.09,1,1528391,1527931,460
124617021,46.5327,49.2928,458,22757,0.295975,0.11,1,1528425,1527967,458
124634541,67.0131,63.8451,501,23310,0.437469,0.29,1,1528826,1528325,501
124660821,33.1465,47.8051,447,24117,0.780241,0.49,2,1529308,1528861,447
124663741,34.8586,41.322,446,24205,0.786097,0.57,2,1529344,1528898,446
124669581,71.8174,70.0915,453,24380,0.798975,0.63,2,1529518,1529065,453
124690021,77.8661,77.5434,461,24982,0.925408,0.79,2,1529911,1529450,461
124798061,72.2313,76.7558,478,27949,0.79,1,2,1532031,1531553,478
124809741,26.2619,36.0881,482,28251,0.292816,1,1,1532192,1531710,482
124812661,29.1048,33.0353,482,28326,0.207126,1,1,1532223,1531741,482
124818501,71.8568,21.8456,564,28476,0.0631402,0.95,1,1532374,1531810,564
124830181,43.9259,77.2536,469,28772,0.0954564,0.43,1,1532582,1532113,469
124844781,70.2533,50.6333,508,29138,0.0733903,0.03,1,1532796,1532288,508
124847701,53.9013,71.8533,465,29211,0.0593561,0.15,1,1532839,1532374,465
124859381,33.7511,43.9258,452,29499,0.223808,0.13,1,1533034,1532582,452
124862301,20.7004,33.7703,437,29571,0.239523,0.09,1,1533046,1532609,437
124865221,26.8802,20.7081,456,29643,0.257809,0.11,1,1533077,1532621,456
124868141,47.9521,25.0833,490,29714,0.265124,0.11,1,1533139,1532649,490
124871061,67.1808,46.6333,509,29785,0.292049,0.05,1,1533219,1532710,509
124891501,20.841,20.7004,434,30279,0.402004,0.27,1,1533480,1533046,434
124894421,28.1364,26.8802,436,30349,0.418802,0.27,1,1533513,1533077,436
124897341,49.0546,47.9521,437,30419,0.425521,0.31,1,1533576,1533139,437
124964501,38.7174,28.8418,494,31980,0.763813,0.61,2,1534597,1534103,494
124967421,59.287,37.9367,523,32046,0.791525,0.61,2,1534670,1534147,523
124976181,36.5784,48.2199,482,32244,0.910578,0.69,2,1534812,1534330,482
124979101,21.8313,34.888,468,32310,0.922231,0.71,2,1534824,1534356,468
124982021,29.7325,21.1552,491,32375,0.938892,0.71,2,1534859,1534368,491
124984941,50.293,29.4621,520,32440,0.945557,0.69,2,1534923,1534403,520
125136781,33.5782,31.7737,513,35671,0.791426,1,2,1537204,1536691,513
125151381,61.3048,69.3196,476,35966,0.780895,1,2,1537393,1536917,476
125157221,34.5288,38.0911,477,36084,0.786143,0.99,2,1537454,1536977,477
125163061,43.6846,46.5346,469,36201,0.909383,0.82,2,1537562,1537093,469
125165981,48.0738,51.6138,465,36259,0.921753,0.79,2,1537613,1537148,465
125168901,31.2295,34.4455,462,36317,0.938701,0.77,2,1537633,1537171,462
125171821,31.6918,33.5782,461,36375,0.945481,0.69,2,1537665,1537204,461
125174741,32.4767,35.0313,458,36433,0.936192,0.73,2,1537698,1537240,458
125177661,17.7907,20.0125,456,36491,0.932477,0.71,2,1537706,1537250,456
125405421,34.7751,33.8991,509,40759,0.94944,1,2,1540713,1540204,509
125417101,41.671,30.935,527,40967,0.908946,1,2,1540848,1540321,527
125420021,39.4684,39.974,519,41019,0.921578,1,2,1540886,1540367,519
125574781,38.0836,27.6131,527,43661,0.94388,1,2,1542725,1542198,527
125589381,39.0386,44.653,513,43901,0.769592,1,2,1542886,1542373,513
125609821,34.3642,34.4309,505,44237,0.429407,0.99,1,1543124,1542619,505
125621501,26.9917,32.6334,489,44429,0.407521,0.95,1,1543243,1542754,489
125627341,12.5987,19.7413,463,44523,0.428803,0.79,1,1543258,1542795,463
125630261,34.4395,39.0965,460,44570,0.405521,0.73,1,1543307,1542847,460
125633181,34.1758,39.0386,455,44617,0.432209,0.57,1,1543341,1542886,455
125636101,41.2703,45.0154,452,44664,0.442883,0.59,1,1543387,1542935,452
125682821,45.1893,41.7081,450,45415,0.770324,0.61,2,1543879,1543429,450
125685741,28.2757,26.8833,450,45461,0.79413,0.59,2,1543896,1543446,450
125732461,30.1887,28.2003,490,46197,0.902934,0.83,2,1544386,1543896,490
125735381,24.0755,29.2801,480,46243,0.907174,0.81,2,1544406,1543926,480
125738301,32.4302,24.3121,497,46289,0.92087,0.83,2,1544444,1543947,497
125741221,36.3721,31.9248,499,46335,0.926348,0.85,2,1544483,1543984,499
125744141,31.9488,34.9699,491,46381,0.916539,0.87,2,1544512,1544021,491
125747061,33.1795,31.388,496,46426,0.924616,0.85,2,1544546,1544050,496
125749981,33.6718,33.5552,495,46471,0.927846,0.85,2,1544580,1544085,495
125951461,30.9241,24.6306,525,49503,0.916,1,2,1546690,1546165,525
125954381,30.3696,35.6522,512,49546,0.9124,1,2,1546720,1546208,512
125968981,24.5491,29.0163,511,49757,0.916629,1,2,1546840,1546329,511
125971901,31.4196,33.8065,510,49799,0.948652,1,2,1546876,1546366,510
125974821,31.1678,30.3226,513,49841,0.925461,1,2,1546907,1546394,513
125977741,32.2671,34.329,509,49883,0.904184,1,2,1546940,1546431,509
125980661,29.1069,33.5316,503,49925,0.919674,1,2,1546967,1546464,503
125983581,32.0427,32.0126,506,49967,0.90187,1,2,1547001,1546495,506
125998181,33.5585,32.3102,504,50177,0.792547,0.86,2,1547164,1546660,504
126004021,30.8094,30.3696,505,50261,0.795208,0.99,2,1547225,1546720,505
126015701,11.5407,16.3727,467,50429,0.788309,0.89,2,1547277,1546810,467
126030301,27.8219,29.1069,464,50639,0.928472,0.89,2,1547431,1546967,464
126234701,183.536,223.646,460,24820,0.25672,1,1,1549914,1549454,460
126277041,59.6057,64.8234,477,24820,0.0782752,1,1,1550010,1549533,477
126279961,60.4423,46.9294,503,24905,0.0613101,0.77,1,1550071,1549568,503
126282881,60.7769,67.3717,483,24990,0.078524,0.45,1,1550132,1549649,483
126285801,59.7108,77.9487,457,25075,0.0614096,0.41,1,1550191,1549734,457
126288721,29.8843,46.7795,441,25160,0.0665638,0.35,1,1550201,1549760,441
126291641,28.7537,26.5118,456,25244,0.0806255,0.25,1,1550229,1549773,456
126294561,30.1015,33.4047,449,25328,0.0742502,0.07,1,1550260,1549811,449
126297481,44.4406,48.1619,445,25412,0.0357001,0.09,1,1550314,1549869,445
126300401,77.7762,46.2648,500,25495,0.01428,0.05,1,1550414,1549914,500
126303321,78.5105,76.1059,483,25578,0.035712,0.05,1,1550493,1550010,483
126306241,69.2042,67.0424,485,25661,0.0202848,0.09,1,1550556,1550071,485
126309161,63.0817,63.4169,483,25744,0.0381139,0.05,1,1550615,1550132,483
126312081,31.2327,60.7668,434,25826,0.0692456,0.07,1,1550625,1550191,434
126323761,78.118,44.4676,523,26153,0.0612447,0,1,1550837,1550314,523
126326681,78.6472,77.7871,502,26234,0.0664979,0.05,1,1550916,1550414,502
126329601,68.6589,78.5148,485,26315,0.0565992,0.01,1,1550978,1550493,485
126332521,64.6635,69.2059,484,26396,0.0406397,0.05,1,1551040,1550556,484
126335441,31.8654,63.0824,435,26476,0.0462559,0.09,1,1551050,1550615,435
126338361,32.5462,31.2329,458,26556,0.0725023,0.13,1,1551083,1550625,458
126367561,31.2376,29.8185,429,27344,0.242372,0.17,1,1551540,1551111,429
126370481,43.095,41.9274,430,27421,0.258949,0.11,1,1551591,1551161,430
126373401,71.838,75.571,423,27498,0.241579,0.11,1,1551682,1551259,423
126376321,79.7352,78.8284,427,27575,0.234632,0.11,1,1551767,1551340,427
126379241,33.0941,32.7314,427,27652,0.231853,0.17,1,1551769,1551342,427
126382161,49.8376,49.0925,428,27729,0.290741,0.17,1,1551830,1551402,428
126396761,44.1107,43.095,434,28109,0.407857,0.23,1,1552025,1551591,434
126399681,71.6443,71.838,433,28184,0.445143,0.23,1,1552115,1551682,433
126458081,33.8119,81.5445,452,29651,0.761316,0.59,2,1553098,1552646,452
126461001,52.5247,33.8178,515,29722,0.766526,0.61,2,1553163,1552648,515
126481441,78.5033,74.8241,460,30217,0.934458,0.77,2,1553470,1553010,460
126574881,54.0964,86.8157,496,32383,0.933816,1,2,1554994,1554498,496
126580721,50.2954,48.2105,525,32513,0.77941,1,2,1555097,1554572,525
126650801,30.1168,29.2617,457,34040,0.929971,0.75,2,1556062,1555605,457
126662481,27.6462,11.1843,485,34288,0.939023,0.75,2,1556157,1555672,485
126665401,74.0585,21.2737,562,34350,0.933609,0.75,2,1556262,1555700,562
126808481,42.4856,18.5654,529,37245,0.9196,1,2,1558306,1557777,529
126811401,34.9943,31.4261,519,37302,0.93784,1,2,1558336,1557817,519
126828921,33.1585,31.5674,525,37640,0.22694,1,1,1558564,1558039,525
126834761,48.6254,32.6508,547,37752,0.0495103,1,1,1558653,1558106,547
126837681,42.2501,54.4603,516,37808,0.0618041,1,1,1558691,1558175,516
126840601,44.5001,48.7841,517,37864,0.0307217,0.99,1,1558737,1558220,517
126843521,37.6,47.7136,503,37920,0.0302887,0.87,1,1558770,1558267,503
126846441,33.64,42.4855,495,37976,0.0181155,0.95,1,1558801,1558306,495
126849361,39.256,34.9942,508,38032,0.0132462,0.81,1,1558844,1558336,508
126852281,39.1024,42.1977,500,38088,0.0232985,0.61,1,1558883,1558383,500
126855201,28.841,46.8791,472,38143,0.00931939,0.53,1,1558905,1558433,472
126858121,27.7364,37.3516,468,38198,0.0217278,0.35,1,1558932,1558464,468
126861041,29.0946,34.7407,465,38253,0.0266911,0.27,1,1558962,1558497,465
126863961,29.6378,34.8963,460,38308,0.0646764,0.15,1,1558992,1558532,460
126866881,27.4551,33.1585,454,38363,0.0558706,0.03,1,1559018,1558564,454
126869801,44.5821,30.0634,482,38418,0.0283482,0.01,1,1559074,1558592,482
126872721,40.6328,48.6254,459,38473,0.0653393,0.07,1,1559112,1558653,459
126878561,38.1813,44.5001,456,38583,0.0476543,0.03,1,1559193,1558737,456
126881481,16.4725,37.6,425,38638,0.0190617,0.01,1,1559195,1558770,425
126884401,25.189,33.64,425,38693,0.0736247,0.01,1,1559226,1558801,425
126887321,34.0756,39.256,422,38748,0.0714499,0.03,1,1559266,1558844,422
126890241,38.8302,39.1024,425,38803,0.0345799,0,1,1559308,1558883,425
126893161,26.9321,28.841,422,38857,0.031832,0.03,1,1559327,1558905,422
126896081,26.9728,27.7364,422,38911,0.0787328,0.03,1,1559354,1558932,422
126899001,29.9891,29.0946,424,38965,0.0854931,0.09,1,1559386,1558962,424
126910681,39.9309,40.6328,422,39181,0.0629086,0.13,1,1559534,1559112,422
126913601,45.3724,44.4531,424,39235,0.0431634,0.01,1,1559583,1559159,424
126916521,37.9489,38.1813,423,39289,0.0232654,0,1,1559616,1559193,423
126919441,16.3796,16.4725,423,39343,0.0273062,0.11,1,1559618,1559195,423
126922361,27.5518,25.189,427,39397,0.0289225,0.07,1,1559653,1559226,427
126925281,32.0207,34.0756,422,39451,0.065569,0.01,1,1559688,1559266,422
126928201,38.0083,38.8302,422,39505,0.0802276,0.03,1,1559730,1559308,422
126931121,29.0033,26.9321,426,39558,0.062091,0.11,1,1559753,1559327,426
126934041,27.2013,26.9728,425,39611,0.0308364,0.09,1,1559779,1559354,425
126936961,31.2805,29.9891,427,39664,0.0663346,0.15,1,1559813,1559386,427
126939881,30.5122,28.7957,429,39717,0.0685338,0.11,1,1559843,1559414,429
126942801,28.4049,28.3183,428,39770,0.0934135,0.11,1,1559870,1559442,428
126951561,44.8979,45.3724,423,39929,0.0897385,0.01,1,1560006,1559583,423
126954481,37.1592,37.9489,422,39982,0.0778954,0.03,1,1560038,1559616,422
126957401,16.0637,16.3796,422,40035,0.0731582,0.03,1,1560040,1559618,422
126960321,28.0255,27.5518,423,40088,0.0592633,0.03,1,1560076,1559653,423
126963241,33.4102,11.0207,460,40141,0.0537053,0.09,1,1560113,1559653,460
126966161,37.3641,25.4083,465,40194,0.0634821,0.09,1,1560153,1559688,465
126969081,27.5456,35.3633,444,40247,0.0793929,0.05,1,1560174,1559730,444
126972001,27.2183,27.9453,448,40299,0.0857571,0.01,1,1560201,1559753,448
126974921,31.8873,26.7781,457,40351,0.0883029,0.09,1,1560236,1559779,457
126977841,31.3549,31.1113,454,40403,0.0893211,0.07,1,1560267,1559813,454
126980761,29.942,30.4445,453,40455,0.0777285,0.11,1,1560296,1559843,453
126983681,43.1768,28.3778,478,40507,0.0970914,0.11,1,1560348,1559870,478
127004121,37.9308,33.4101,464,40871,0.200353,0.07,1,1560577,1560113,464
127007041,28.3723,37.3641,446,40923,0.218141,0.09,1,1560599,1560153,446
127009961,27.5489,27.5456,452,40975,0.213257,0.09,1,1560626,1560174,452
127015801,31.0478,31.8873,456,41078,0.229721,0.09,1,1560692,1560236,456
127018721,29.2191,31.3549,453,41129,0.241888,0.07,1,1560720,1560267,453
127021641,44.0877,29.942,478,41180,0.270755,0.11,1,1560774,1560296,478
127024561,39.2351,43.1768,462,41231,0.294302,0.11,1,1560810,1560348,462
127053761,31.6096,32.6196,433,41741,0.402894,0.25,1,1561095,1560662,433
127059601,29.8975,29.2191,435,41843,0.416063,0.29,1,1561155,1560720,435
127109241,46.7899,44.8734,450,42692,0.791534,0.61,2,1561745,1561295,450
127115081,16.3664,16.0597,450,42790,0.799845,0.61,2,1561779,1561329,450
127120921,35.3786,34.4896,452,42888,0.796375,0.65,2,1561857,1561405,452
127164721,41.3096,35.3785,505,43621,0.917792,0.87,2,1562362,1561857,505
127167641,17.7238,39.9514,464,43669,0.937117,0.83,2,1562364,1561900,464
127358901,201.147,180.091,534,21270,0.228093,0.65,1,1564580,1564046,534
127367661,74.4814,85.0618,457,21568,0.0969179,0.09,1,1564765,1564308,457
127373501,47.077,68.9299,436,21764,0.0959069,0.03,1,1564871,1564435,436
127376421,29.6308,38.972,435,21861,0.0923627,0.07,1,1564889,1564454,435
127379341,81.4523,91.1888,425,21958,0.0549451,0.07,1,1565005,1564580,425
127382261,74.5809,77.2755,427,22055,0.063978,0.09,1,1565075,1564648,427
127393941,44.9077,45.9511,426,22437,0.240726,0.09,1,1565297,1564871,426
127396861,28.7631,29.1804,426,22532,0.25829,0.09,1,1565315,1564889,426
127399781,79.3052,11.6722,539,22626,0.229316,0.03,1,1565428,1564889,539
127402701,75.5221,74.2689,496,22720,0.253726,0.07,1,1565501,1565005,496
127405621,55.4088,71.7075,468,22813,0.263491,0.17,1,1565543,1565075,468
127417301,29.1817,44.8341,450,23183,0.400105,0.27,1,1565747,1565297,450
127420221,78.8727,28.7336,544,23274,0.430042,0.21,1,1565859,1565315,544
127464021,81.7569,79.9536,454,24604,0.75362,0.65,2,1566756,1566302,454
127466941,33.9028,33.1814,454,24690,0.787448,0.69,2,1566758,1566304,454
127478621,76.3815,74.827,458,25032,0.939983,0.73,2,1567049,1566591,458
127569141,51.6992,55.1212,484,27534,0.93112,1,2,1568775,1568291,484
127583741,33.419,32.374,487,27916,0.254728,1,1,1569018,1568531,487
127589581,52.507,54.6198,479,28068,0.0827565,1,1,1569159,1568680,479
127592501,40.8028,45.2479,473,28143,0.0631026,0.89,1,1569192,1568719,473
127595421,46.9211,51.6992,468,28218,0.067241,0.61,1,1569243,1568775,468
127598341,62.5685,74.6797,451,28293,0.0568964,0.51,1,1569316,1568865,451
127601261,40.6274,49.6719,444,28368,0.0647586,0.51,1,1569342,1568898,444
127604181,45.651,19.8687,493,28443,0.0439034,0.39,1,1569391,1568898,493
127607101,39.2604,40.9475,473,28517,0.0835614,0.27,1,1569426,1568953,473
127610021,27.7042,39.779,454,28591,0.0514245,0.19,1,1569446,1568992,454
127612941,70.4817,31.5116,527,28665,0.0265698,0,1,1569545,1569018,527
127615861,49.7927,75.0046,459,28739,0.0286279,0.07,1,1569581,1569122,459
127618781,40.3171,52.2019,456,28813,0.0414512,0.05,1,1569615,1569159,456
127621701,46.1268,40.6807,473,28886,0.0465805,0.07,1,1569665,1569192,473
127624621,61.6507,46.8723,494,28959,0.0486322,0.05,1,1569737,1569243,494
127627541,42.0603,62.5489,450,29032,0.0374529,0.07,1,1569766,1569316,450
127630461,45.6241,40.6196,472,29105,0.0329811,0.03,1,1569814,1569342,472
127633381,41.0496,45.6478,461,29178,0.0431925,0.11,1,1569852,1569391,461
127636301,27.2199,39.2591,444,29251,0.071277,0.03,1,1569870,1569426,444
127642141,50.1952,70.4815,459,29395,0.0726043,0.03,1,1570004,1569545,459
127645061,40.4781,49.7926,457,29467,0.0710417,0.05,1,1570038,1569581,457
127647981,46.7912,40.317,474,29539,0.0704167,0.05,1,1570089,1569615,474
127685941,46.923,45.9306,430,30457,0.264221,0.17,1,1570667,1570237,430
127703461,40.0036,39.6779,429,30871,0.416657,0.13,1,1570892,1570463,429
127706381,47.2014,47.6712,428,30940,0.424663,0.19,1,1570944,1570516,428
127761861,41.0133,48.5195,480,32213,0.762616,0.47,2,1571778,1571298,480
127764781,49.4053,41.0078,499,32279,0.767046,0.51,2,1571833,1571334,499
127767701,64.1621,48.2031,520,32345,0.792819,0.51,2,1571907,1571387,520
127785221,70.9369,18.3334,556,32735,0.901049,0.69,2,1572162,1571606,556
127788141,29.5747,67.3334,458,32800,0.90642,0.77,2,1572164,1571706,458
127791061,34.6299,48.5333,460,32864,0.932568,0.79,2,1572202,1571742,460
127902021,49.5496,46.405,526,35226,0.9172,1,2,1573872,1573346,526
127913701,67.4701,22.9944,571,35466,0.774728,1,2,1574051,1573480,571
127919541,36.9552,40.6391,511,35586,0.763557,1,2,1574112,1573601,511
127922461,29.1821,38.4556,498,35645,0.767423,1,2,1574136,1573638,498
127960421,18.6279,17.0728,459,36408,0.755821,0.69,2,1574604,1574145,459
127986701,41.5985,42.0611,454,36927,0.90595,0.71,2,1574991,1574537,454
127989621,36.4394,35.4244,456,36984,0.90838,0.71,2,1575024,1574568,456
127992541,30.7758,28.5698,459,37041,0.909352,0.79,2,1575051,1574592,459
127995461,19.5103,18.6279,459,37098,0.909741,0.73,2,1575063,1574604,459
127998381,30.0041,29.6512,459,37155,0.909896,0.73,2,1575100,1574641,459
128010061,38.2177,42.7111,497,37383,0.900589,0.85,2,1575290,1574793,497
128012981,32.0871,37.4844,491,37440,0.906236,0.89,2,1575318,1574827,491
128015901,27.2348,31.7938,487,37496,0.908494,0.89,2,1575342,1574855,487
128018821,61.8939,25.9175,550,37552,0.921398,0.91,2,1575427,1574877,550
128021741,41.5576,61.967,492,37608,0.938559,0.91,2,1575455,1574963,492
128129781,57.5086,65.9476,477,39634,0.938738,1,2,1576857,1576380,477
128132701,46.4034,43.779,487,39687,0.909495,0.99,2,1576896,1576409,487
128144381,22.1591,25.5527,491,39899,0.752547,1,2,1577012,1576521,491
128147301,49.0637,56.4211,481,39952,0.787019,1,2,1577079,1576598,481
128150221,35.8255,41.7684,476,40005,0.752808,0.99,2,1577106,1576630,476
128191101,31.0317,35.8251,483,40738,0.7518,0.71,2,1577589,1577106,483
128205701,52.945,24.434,524,40998,0.903234,0.63,2,1577773,1577249,524
128214461,32.8125,44.5478,478,41151,0.914847,0.67,2,1577883,1577405,478
128217381,25.125,32.2191,474,41202,0.923939,0.65,2,1577903,1577429,474
128220301,20.85,25.4876,471,41253,0.927576,0.65,2,1577921,1577450,471
128383821,33.7311,23.3919,536,44026,0.787581,1,2,1579870,1579334,536
128404261,33.0481,33.1124,515,44362,0.443339,1,1,1580110,1579595,515
128407181,31.8192,33.6449,512,44410,0.423336,0.95,1,1580141,1579629,512
128410101,30.7277,32.058,511,44457,0.427334,0.97,1,1580171,1579660,511
128486021,28.4032,27.7039,450,45673,0.750684,0.59,2,1580936,1580486,450
128488941,32.9613,32.0815,451,45719,0.774274,0.59,2,1580972,1580521,451
128491861,31.1845,32.0326,449,45765,0.783709,0.65,2,1581002,1580553,449
128494781,32.2738,30.813,452,45811,0.763484,0.65,2,1581035,1580583,452
128497701,31.5095,29.7252,454,45857,0.779394,0.65,2,1581066,1580612,454
128509381,30.1682,16.8026,490,46041,0.785024,0.71,2,1581174,1580684,490
128512301,26.4673,27.121,480,46087,0.77601,0.71,2,1581198,1580718,480
128515221,29.7869,25.2484,488,46133,0.772404,0.73,2,1581230,1580742,488
128518141,34.7148,29.8994,493,46179,0.770962,0.67,2,1581268,1580775,493
128521061,30.0859,35.3597,481,46225,0.758385,0.67,2,1581295,1580814,481
128523981,37.8344,29.7439,498,46271,0.777354,0.73,2,1581338,1580840,498
128526901,32.5337,36.4976,486,46317,0.796942,0.73,2,1581367,1580881,486
128553181,29.4169,22.9206,494,46723,0.916103,0.77,2,1581633,1581139,494
128556101,26.1668,30.1682,483,46768,0.948441,0.77,2,1581657,1581174,483
128710861,23.3572,31.7002,508,49099,0.949791,1,2,1583262,1582754,508
128713781,31.5429,33.0801,511,49142,0.913916,1,2,1583299,1582788,511
128722541,29.7867,32.9811,505,49271,0.770571,1,2,1583391,1582886,505
128807221,22.656,22.4533,454,50497,0.914059,0.61,2,1584180,1583726,454
128810141,28.8624,29.9813,452,50539,0.923624,0.63,2,1584213,1583761,452
128813061,33.145,31.7925,455,50581,0.93945,0.71,2,1584249,1583794,455
129067101,82.6051,69.7243,508,24905,0.403216,1,1,1586883,1586375,508
129070021,74.442,64.4897,516,24990,0.251286,1,1,1586952,1586436,516
129075861,64.1107,76.1984,486,25160,0.0630058,0.95,1,1587081,1586595,486
129078781,43.6443,53.2793,478,25244,0.0672023,0.87,1,1587111,1586633,478
129081701,30.6577,40.5117,468,25328,0.0448809,0.79,1,1587133,1586665,468
129084621,33.8631,32.4047,477,25412,0.0479524,0.69,1,1587169,1586692,477
129087541,42.9452,34.5619,490,25495,0.0491809,0.57,1,1587218,1586728,490
129090461,75.9781,65.4248,502,25578,0.0856724,0.25,1,1587316,1586814,502
129099221,63.1346,69.3712,481,25826,0.098363,0.01,1,1587503,1587022,481
129105061,30.2615,43.2594,443,25990,0.0721381,0.03,1,1587554,1587111,443
129107981,34.3046,30.5038,458,26072,0.0348552,0.05,1,1587591,1587133,458
129110901,44.3218,33.8015,473,26153,0.0199421,0.05,1,1587642,1587169,473
129113821,76.5287,42.9206,522,26234,0.0379768,0.11,1,1587740,1587218,522
129116741,66.6115,75.9682,484,26315,0.0451907,0.13,1,1587800,1587316,484
129119661,68.0446,64.5873,496,26396,0.0720763,0.11,1,1587869,1587373,496
129122581,62.0178,67.8349,484,26476,0.0708305,0.09,1,1587927,1587443,484
129125501,41.6071,63.134,452,26556,0.0703322,0.11,1,1587955,1587503,452
129128421,28.6429,42.6536,443,26636,0.0821329,0.05,1,1587975,1587532,443
129131341,33.6571,30.2614,458,26716,0.0868532,0.01,1,1588012,1587554,458
129134261,44.6629,34.3046,473,26795,0.0647413,0.01,1,1588064,1587591,473
129137181,77.2651,44.3218,521,26874,0.0558965,0.05,1,1588163,1587642,521
129140101,32.1061,76.5287,425,26953,0.0523586,0.05,1,1588165,1587740,425
129143021,48.2424,66.6115,424,27032,0.0389434,0.09,1,1588224,1587800,424
129157621,32.1414,33.6571,424,27421,0.235685,0.05,1,1588436,1588012,424
129160541,43.4565,44.6629,423,27498,0.244274,0.05,1,1588487,1588064,423
129163461,77.3826,77.2651,424,27575,0.22371,0.05,1,1588587,1588163,424
129169301,47.6612,48.2424,423,27729,0.202594,0.19,1,1588647,1588224,423
129172221,65.2645,61.897,429,27805,0.231037,0.17,1,1588724,1588295,429
129175141,61.5058,58.9588,431,27881,0.278415,0.19,1,1588783,1588352,431
129195581,48.6657,47.6612,432,28409,0.413074,0.21,1,1589079,1588647,432
129198501,66.8663,19.0645,511,28484,0.42323,0.25,1,1589158,1588647,511
129201421,63.3465,53.8258,495,28558,0.427292,0.31,1,1589219,1588724,495
129204341,42.1386,56.9303,464,28632,0.440917,0.35,1,1589247,1588783,464
129259821,38.2768,43.1784,452,30006,0.768947,0.61,2,1590143,1589691,452
129271501,79.8007,78.2462,456,30287,0.900725,0.67,2,1590360,1589904,456
129274421,33.1203,32.4985,456,30357,0.91829,0.69,2,1590362,1589906,456
129446701,30.1399,36.2857,497,34226,0.435681,1,1,1593087,1592590,497
129449621,36.056,14.5143,537,34288,0.252272,1,1,1593127,1592590,537
129455461,42.969,27.0423,556,34412,0.0703636,1,1,1593210,1592654,556
129458381,37.5876,52.8169,520,34473,0.0281454,1,1,1593244,1592724,520
129461301,57.035,53.5268,536,34534,0.0292582,0.96,1,1593314,1592778,536
129464221,52.214,53.8107,531,34595,0.0117033,1,1,1593363,1592832,531
129467141,44.2856,59.3243,507,34656,0.0346813,0.97,1,1593402,1592895,507
129470061,45.9142,45.9297,517,34717,0.0558725,0.7,1,1593449,1592932,517
129472981,39.9657,56.1719,490,34778,0.064349,0.51,1,1593485,1592995,490
129475901,26.1863,45.8688,468,34839,0.0557396,0.47,1,1593502,1593034,468
129487581,41.3888,35.4222,473,35081,0.0464989,0.03,1,1593635,1593162,473
129490501,35.1555,42.9689,456,35141,0.0185996,0,1,1593666,1593210,456
129493421,56.0622,37.5876,492,35201,0.0494398,0.03,1,1593736,1593244,492
129496341,52.4249,57.035,472,35261,0.0377759,0,1,1593786,1593314,472
129499261,44.97,52.214,463,35321,0.0571104,0.05,1,1593826,1593363,463
129502181,47.388,44.2856,473,35381,0.0888442,0.07,1,1593875,1593402,473
129528461,54.7679,56.0622,424,35915,0.0621252,0.03,1,1594160,1593736,424
129531381,51.9072,52.4249,424,35974,0.0428501,0.07,1,1594210,1593786,424
129534301,45.3629,44.97,425,36033,0.03514,0.11,1,1594251,1593826,425
129537221,48.7451,47.388,427,36092,0.056056,0.13,1,1594302,1593875,427
129563501,52.4028,54.7679,422,36615,0.202268,0.03,1,1594582,1594160,422
129578101,27.6528,26.5192,428,36903,0.203489,0.15,1,1594781,1594353,428
129586861,29.4658,29.2972,429,37074,0.202863,0.15,1,1594867,1594438,429
129589781,12.9863,12.9189,429,37131,0.207145,0.17,1,1594869,1594440,429
129592701,36.3945,35.7676,430,37188,0.208858,0.17,1,1594921,1594491,430
129595621,27.1578,14.307,451,37245,0.209543,0.21,1,1594942,1594491,451
129598541,52.2631,18.9228,498,37302,0.209817,0.21,1,1595011,1594513,498
129601461,49.7052,48.9691,477,37359,0.221927,0.11,1,1595059,1594582,477
129604381,46.2821,50.1876,470,37416,0.262771,0.17,1,1595103,1594633,470
129607301,48.5128,45.2751,478,37472,0.255108,0.15,1,1595153,1594675,478
129610221,42.8051,48.11,467,37528,0.240043,0.17,1,1595192,1594725,467
129613141,28.5221,42.044,448,37584,0.258017,0.23,1,1595211,1594763,448
129616061,27.0088,27.6176,456,37640,0.277207,0.19,1,1595237,1594781,456
129642341,48.8493,46.2821,483,38143,0.414493,0.25,1,1595586,1595103,483
129645261,42.3397,48.5128,471,38198,0.447797,0.23,1,1595624,1595153,471
129691981,31.0075,30.6457,449,39073,0.768943,0.55,2,1596154,1595705,449
129721181,43.8025,43.1168,456,39611,0.934981,0.67,2,1596525,1596069,456
129727021,32.6884,31.0187,458,39717,0.928397,0.79,2,1596581,1596123,458
129729941,32.8754,31.0075,460,39770,0.929359,0.83,2,1596614,1596154,460
129732861,33.5501,31.003,463,39823,0.941744,0.83,2,1596648,1596185,463
129735781,14.6201,13.6012,463,39876,0.946697,0.85,2,1596650,1596187,463
129943101,20.3873,31.4133,480,43476,0.275492,0.94,1,1599141,1598661,480
129946021,30.3549,22.7653,500,43525,0.260197,0.85,1,1599178,1598678,500
129951861,46.1368,47.8025,503,43621,0.280431,0.63,1,1599278,1598775,503
129954781,38.8547,49.121,487,43669,0.274173,0.63,1,1599312,1598825,487
129957701,33.5419,40.6484,482,43717,0.259669,0.55,1,1599342,1598860,482
129960621,21.8168,34.8594,465,43765,0.229868,0.61,1,1599356,1598891,465
129963541,26.1267,24.7437,476,43813,0.241947,0.51,1,1599385,1598909,476
129966461,27.8507,30.2975,471,43861,0.246779,0.49,1,1599414,1598943,471
129969381,28.5403,32.519,466,43909,0.236712,0.43,1,1599443,1598977,466
129972301,34.8161,31.0076,475,43957,0.256685,0.33,1,1599482,1599007,475
129975221,25.3264,34.003,458,44005,0.252674,0.35,1,1599501,1599043,458
129978141,29.9306,26.8012,469,44053,0.28707,0.29,1,1599534,1599065,469
129995661,38.8542,46.1368,468,44341,0.41652,0.27,1,1599746,1599278,468
129998581,32.9417,38.8547,463,44389,0.412608,0.25,1,1599775,1599312,463
130001501,20.3767,33.5419,445,44437,0.411043,0.21,1,1599787,1599342,445
130004421,9.35067,21.8168,433,44484,0.410417,0.25,1,1599789,1599356,433
130068661,28.0571,27.925,447,45515,0.759156,0.51,2,1600444,1599997,447
130071581,19.6228,19.57,447,45561,0.765662,0.51,2,1600458,1600011,447
130074501,30.6491,31.828,445,45607,0.768265,0.57,2,1600496,1600051,445
130077421,48.2597,46.3312,449,45653,0.793306,0.63,2,1600556,1600107,449
130115381,19.8782,28.0017,473,46251,0.903399,0.77,2,1600917,1600444,473
130118301,30.7513,19.6007,497,46297,0.907359,0.77,2,1600955,1600458,497
130121221,48.3005,30.6403,519,46343,0.932944,0.81,2,1601015,1600496,519
130124141,51.1202,48.2561,512,46388,0.943178,0.87,2,1601068,1600556,512
130294961,342.489,344.409,515,21900,0.766,0.95,2,1603237,1602722,515
130334381,213.796,239.764,473,21900,0.4444,1,1,1603365,1602892,473
130340221,118.807,121.762,508,22817,0.091504,0.91,1,1603557,1603049,508
130343141,75.1229,90.1049,485,22910,0.0666016,0.67,1,1603603,1603118,485
130346061,60.0492,76.2419,468,23003,0.0566406,0.63,1,1603653,1603185,468
130348981,38.4197,44.8968,468,23095,0.0526563,0.61,1,1603677,1603209,468
130351901,30.3679,34.7587,465,23187,0.0270625,0.49,1,1603702,1603237,465
130354821,48.1471,43.3035,476,23278,0.016825,0.23,1,1603762,1603286,476
130357741,84.6589,64.7214,506,23369,0.04873,0.01,1,1603871,1603365,506
130360661,99.2635,76.8886,530,23460,0.049492,0.03,1,1603980,1603450,530
130363581,67.3054,94.9554,469,23550,0.0257968,0.05,1,1604026,1603557,469
130366501,56.3222,65.5822,472,23640,0.0523187,0.05,1,1604075,1603603,472
130369421,36.3289,56.2329,445,23730,0.0389275,0.05,1,1604098,1603653,445
130372341,29.5315,36.8931,446,23819,0.069571,0.01,1,1604123,1603677,446
130375261,49.0126,29.7573,483,23908,0.0578284,0.01,1,1604185,1603702,483
130378181,20.805,47.9029,425,23997,0.0531314,0.07,1,1604187,1603762,425
130381101,71.922,84.5612,422,24085,0.0632525,0.05,1,1604293,1603871,422
130384021,94.1688,99.2245,422,24173,0.055301,0.01,1,1604402,1603980,422
130386941,66.4675,67.2898,424,24261,0.0281204,0.07,1,1604450,1604026,424
130389861,55.387,56.3159,423,24348,0.0172482,0.03,1,1604498,1604075,423
130392781,38.3548,36.3264,427,24435,0.0248993,0.09,1,1604525,1604098,427
130395701,29.7419,29.5305,426,24522,0.0399597,0.05,1,1604549,1604123,426
130398621,48.4968,49.0122,425,24608,0.0459839,0.05,1,1604610,1604185,425
130401541,20.5987,20.8049,425,24694,0.0483936,0.07,1,1604612,1604187,425
130404461,70.6395,71.922,423,24780,0.0613574,0.05,1,1604716,1604293,423
130407381,93.0558,94.1688,422,24866,0.042543,0.01,1,1604824,1604402,422
130410301,66.0223,66.4675,422,24951,0.0350172,0.01,1,1604872,1604450,422
130413221,55.8089,55.387,423,25036,0.0320069,0.03,1,1604921,1604498,423
130416141,37.9236,38.3548,422,25121,0.0668027,0.05,1,1604947,1604525,422
130419061,30.1694,29.7419,423,25205,0.0687211,0.05,1,1604972,1604549,423
130421981,48.0678,48.4968,422,25289,0.0814884,0.05,1,1605032,1604610,422
130430741,91.3483,28.2558,529,25540,0.0664153,0.03,1,1605245,1604716,529
130433661,65.3393,76.1023,469,25623,0.0805661,0.03,1,1605293,1604824,469
130436581,56.1357,59.2409,471,25706,0.0502264,0.03,1,1605343,1604872,471
130439501,38.6543,53.0964,449,25788,0.0860906,0.09,1,1605370,1604921,449
130451181,75.1352,20.3577,537,26115,0.206828,0.17,1,1605571,1605034,537
130468701,51.8194,29.8614,492,26598,0.202069,0.15,1,1605886,1605394,492
130471621,21.9278,50.3446,430,26678,0.206828,0.15,1,1605888,1605458,430
130474541,78.3711,21.3378,544,26757,0.244731,0.25,1,1606004,1605460,544
130477461,87.1484,75.1351,526,26836,0.295892,0.19,1,1606097,1605571,526
130486221,40.1615,55.9286,431,27072,0.430537,0.19,1,1606197,1605766,431
130489141,34.0646,40.3715,431,27150,0.442215,0.19,1,1606227,1605796,431
130553381,81.1106,22.11,570,28817,0.795093,0.61,2,1607337,1606767,570
130559221,68.1777,89.0976,508,28963,0.932415,0.77,2,1607489,1606981,508
130562141,29.0711,66.239,460,29036,0.942966,0.73,2,1607492,1607032,460
130649741,41.1688,38.4927,491,31148,0.94,1,2,1608980,1608489,491
130684781,28.9918,32.6641,499,31953,0.241038,1,1,1609506,1609007,499
130690621,32.5987,28.1463,508,32085,0.0505661,1,1,1609570,1609062,508
130693541,29.2395,32.2585,500,32151,0.0382264,0.94,1,1609597,1609097,500
130696461,75.2958,27.9034,581,32217,0.0332906,0.77,1,1609703,1609122,581
130699381,87.1183,83.7614,555,32283,0.0193162,0.59,1,1609798,1609243,555
130702301,52.2473,97.1045,478,32349,0.0497265,0.49,1,1609827,1609349,478
130705221,37.0989,56.2418,476,32414,0.0378906,0.39,1,1609854,1609378,476
130713981,24.2623,30.4795,454,32609,0.097225,0.19,1,1609932,1609478,454
130719821,30.282,28.9967,456,32739,0.064756,0,1,1609991,1609535,456
130722741,13.3128,32.5987,423,32804,0.0439024,0.03,1,1609993,1609570,423
130725661,20.9251,29.2395,422,32868,0.047561,0.03,1,1610019,1609597,422
130728581,73.77,75.2958,425,32932,0.0610244,0.01,1,1610128,1609703,425
130731501,85.908,87.1183,424,32996,0.0424098,0.07,1,1610222,1609798,424
130734421,52.3632,52.2473,425,33060,0.0589639,0.03,1,1610252,1609827,425
130737341,35.9453,37.0989,423,33124,0.0535856,0.15,1,1610277,1609854,423
130740261,39.5781,37.6396,427,33188,0.0214342,0.11,1,1610319,1609892,427
130743181,26.0312,24.6558,428,33252,0.0385737,0.09,1,1610336,1609908,428
130746101,23.6125,24.2623,426,33316,0.0214295,0.13,1,1610358,1609932,426
130749021,24.445,24.7049,426,33379,0.0385718,0.03,1,1610383,1609957,426
130751941,29.578,30.282,425,33442,0.0334287,0.03,1,1610416,1609991,425
130754861,13.0312,13.3128,425,33505,0.0313715,0.05,1,1610418,1609993,425
130757781,19.0125,20.9251,422,33568,0.0545486,0.07,1,1610441,1610019,422
130760701,73.605,73.77,423,33631,0.0638194,0.03,1,1610551,1610128,423
130763621,85.842,85.908,423,33694,0.0675278,0.07,1,1610645,1610222,423
130781141,25.2118,24.445,424,34069,0.0998382,0.03,1,1610807,1610383,424
130798661,53.8855,84.0168,456,34441,0.216319,0.15,1,1611101,1610645,456
130801581,35.9542,51.6067,450,34502,0.236527,0.15,1,1611125,1610675,450
130804501,39.5817,35.0427,468,34563,0.256611,0.09,1,1611167,1610699,468
130807421,25.4327,39.8171,441,34624,0.264644,0.13,1,1611183,1610742,441
130810341,23.3731,25.5268,447,34685,0.267858,0.11,1,1611205,1610758,447
130813261,26.7492,24.0107,453,34746,0.257143,0.09,1,1611234,1610781,453
130827861,89.721,72.7844,528,35050,0.410374,0.23,1,1611501,1610973,528
130830781,55.6884,86.7138,465,35110,0.42215,0.23,1,1611534,1611069,465
130900861,50.6657,50.9719,455,36527,0.772837,0.67,2,1612435,1611980,455
130930061,32.0145,31.6605,457,37101,0.925335,0.75,2,1612753,1612296,457
130932981,77.0058,75.6642,459,37158,0.940134,0.75,2,1612860,1612401,459
130935901,52.4023,30.2657,495,37215,0.922054,0.79,2,1612896,1612401,495
130938821,37.1609,32.5063,488,37272,0.926821,0.83,2,1612923,1612435,488
131081901,48.6364,49.5797,488,39954,0.269487,1,1,1614805,1614317,488
131090661,32.2487,14.9331,513,40113,0.0446072,1,1,1614900,1614387,513
131093581,24.8995,25.7732,500,40166,0.0238429,1,1,1614920,1614420,500
131096501,25.5598,23.5093,504,40219,0.0275371,1,1,1614946,1614442,504
131099421,28.2239,29.8037,500,40271,0.0890149,1,1,1614976,1614476,500
131102341,26.8896,29.9215,496,40323,0.0896059,0.97,1,1615002,1614506,496
131105261,24.5558,28.1686,492,40375,0.0538424,0.79,1,1615025,1614533,492
131108181,27.8223,27.4674,495,40427,0.075537,0.87,1,1615055,1614560,495
131111101,42.3289,31.387,513,40479,0.0602148,0.57,1,1615107,1614594,513
131114021,39.1316,48.5548,490,40531,0.0660859,0.41,1,1615144,1614654,490
131116941,49.2526,45.2219,503,40583,0.0444344,0.25,1,1615200,1614697,503
131119861,39.5011,57.0888,471,40635,0.0597737,0.21,1,1615233,1614762,471
131122781,33.2004,48.6355,457,40687,0.0419095,0.11,1,1615262,1614805,457
131125701,33.0802,38.0542,459,40739,0.0707638,0.07,1,1615295,1614836,459
131128621,30.0321,35.6217,453,40791,0.0283055,0,1,1615323,1614870,453
131131541,22.8128,32.2487,441,40843,0.0293222,0.01,1,1615341,1614900,441
131134461,26.5251,24.8995,450,40895,0.0297289,0.03,1,1615370,1614920,450
131137381,28.6101,25.5598,454,40947,0.0658915,0.13,1,1615400,1614946,454
131140301,25.244,28.2239,447,40999,0.0443566,0.09,1,1615423,1614976,447
131143221,25.0976,26.8896,446,41050,0.0597427,0.03,1,1615448,1615002,446
131146141,28.039,24.5558,453,41101,0.0898971,0.09,1,1615478,1615025,453
131151981,38.5662,42.3289,459,41203,0.0827835,0.07,1,1615566,1615107,459
131163661,34.4481,33.2004,458,41407,0.214519,0.09,1,1615720,1615262,458
131184101,25.7941,25.0976,425,41764,0.0833957,0.11,1,1615873,1615448,425
131187021,28.3176,28.039,425,41815,0.0753583,0.11,1,1615903,1615478,425
131189941,43.7271,42.4156,427,41865,0.0841433,0.07,1,1615957,1615530,427
131198701,41.6785,39.0506,431,42015,0.0641852,0.21,1,1616086,1615655,431
131201621,35.2714,33.6202,432,42065,0.0676741,0.23,1,1616117,1615685,432
131204541,35.7086,34.4481,433,42115,0.0810696,0.19,1,1616153,1615720,433
131236661,49.1813,50.1963,425,42665,0.203598,0.03,1,1616475,1616050,425
131239581,40.6725,41.6785,424,42714,0.231439,0.07,1,1616510,1616086,424
131242501,36.069,35.2714,426,42763,0.242576,0.09,1,1616543,1616117,426
131245421,36.0276,35.7086,426,42812,0.27103,0.15,1,1616579,1616153,426
131248341,28.211,27.4834,427,42861,0.246412,0.15,1,1616602,1616175,427
131251261,19.6844,19.3934,427,42910,0.260565,0.11,1,1616616,1616189,427
131254181,9.07377,8.95735,427,42959,0.242226,0.15,1,1616618,1616191,427
131257101,20.4295,20.3829,427,43008,0.27089,0.15,1,1616646,1616219,427
131260021,27.3718,8.15318,459,43057,0.270356,0.19,1,1616678,1616219,459
131262941,24.1487,21.8613,450,43106,0.270142,0.17,1,1616700,1616250,450
131265861,25.8595,21.3445,456,43155,0.282057,0.17,1,1616727,1616271,456
131268781,28.3438,24.7378,459,43204,0.298823,0.17,1,1616757,1616298,459
131280461,40.652,49.1613,466,43400,0.41205,0.25,1,1616941,1616475,466
131283381,36.0608,40.6645,464,43449,0.44682,0.25,1,1616974,1616510,464
131335941,9.33731,19.6359,448,44315,0.753654,0.49,2,1617496,1617048,448
131338861,22.9349,9.05436,478,44363,0.763461,0.51,2,1617528,1617050,478
131341781,28.374,21.6217,480,44411,0.791385,0.55,2,1617560,1617080,480
131365141,43.3029,41.8468,454,44787,0.922596,0.65,2,1617838,1617384,454
131368061,39.5212,37.7387,456,44834,0.915038,0.73,2,1617875,1617419,456
131370981,39.8085,37.8955,458,44881,0.912015,0.75,2,1617915,1617457,458
131373901,29.7234,28.3582,459,44928,0.934806,0.73,2,1617938,1617479,459
131376821,21.4894,20.3433,460,44975,0.919922,0.77,2,1617954,1617494,460
131379741,9.79574,9.33731,460,45022,0.937969,0.77,2,1617956,1617496,460
131382661,23.7183,22.9349,461,45069,0.933188,0.81,2,1617989,1617528,461
131385581,29.8873,28.374,463,45116,0.919275,0.83,2,1618023,1617560,463
131388501,25.1549,24.5496,463,45163,0.93771,0.83,2,1618045,1617582,463
131391421,11.262,11.0198,463,45210,0.945084,0.83,2,1618047,1617584,463
131394341,21.3048,21.2079,463,45257,0.924034,0.81,2,1618075,1617612,463
131397261,26.5219,27.0832,462,45304,0.939614,0.85,2,1618105,1617643,462
131554941,27.742,24.5652,497,47751,0.916,1,2,1619867,1619370,497
131566621,27.1294,22.5889,513,47927,0.944858,1,2,1619976,1619463,513
131578301,28.0401,21.6743,516,48103,0.778796,1,2,1620084,1619568,516
131601661,25.2147,27.742,483,48455,0.44213,0.87,1,1620350,1619867,483
131604581,19.6859,21.8968,481,48498,0.446852,1,1,1620366,1619885,481
131619181,20.7513,24.5007,463,48713,0.42735,0.79,1,1620484,1620021,463
131622101,29.3005,32.6003,460,48756,0.41694,0.75,1,1620519,1620059,460
131625021,23.7202,28.0401,455,48799,0.436776,0.73,1,1620539,1620084,455
131706781,23.9869,24.0167,476,49993,0.761837,0.65,2,1621340,1620864,476
131709701,19.1948,23.4067,469,50035,0.778735,0.65,2,1621356,1620887,469
131712621,22.0779,18.9627,477,50077,0.797494,0.67,2,1621380,1620903,477
131733061,28.3268,36.9358,458,50371,0.923305,0.73,2,1621565,1621107,458
131735981,44.9307,48.3743,458,50413,0.915322,0.69,2,1621621,1621163,458
131738901,38.3723,39.7497,458,50455,0.924129,0.73,2,1621655,1621197,458
131931621,31.0816,31.8114,522,53141,0.93928,1,2,1623494,1622972,522
131940381,31.0292,31.5559,517,53261,0.946914,1,2,1623579,1623062,517
131952061,32.0087,29.3294,511,53418,0.758401,1,2,1623685,1623174,511
131972501,26.1205,30.4363,476,53691,0.751386,0.95,2,1623851,1623375,476
132027981,28.0332,28.4482,455,54432,0.753994,0.63,2,1624336,1623881,455
132030901,26.2133,29.9793,449,54471,0.763597,0.63,2,1624361,1623912,449
132033821,25.4853,26.3917,450,54510,0.779439,0.63,2,1624386,1623936,450
132036741,30.5941,29.1567,453,54549,0.797776,0.67,2,1624420,1623967,453
132063021,22.6606,29.0282,470,54894,0.901,0.63,2,1624645,1624175,470
132065941,11.4643,22.4113,456,54932,0.9064,0.65,2,1624649,1624193,456
132068861,18.9857,11.9645,475,54970,0.90856,0.67,2,1624673,1624198,475
132071781,28.5943,18.5858,487,55008,0.921424,0.69,2,1624708,1624221,487
132074701,28.2377,26.6343,483,55046,0.93857,0.69,2,1624736,1624253,483
132077621,28.0951,27.4537,483,55084,0.933428,0.71,2,1624764,1624281,483
132080541,29.238,26.5815,487,55122,0.943371,0.79,2,1624794,1624307,487
132083461,26.0952,28.0326,482,55160,0.947348,0.77,2,1624818,1624336,482
132279101,11.7847,8.73212,511,57663,0.9052,1,2,1626536,1626025,511
132356481,104.514,103.902,477,27166,0.0856778,0.09,1,1627275,1626798,477
132371081,59.0225,47.7516,463,27554,0.0637093,0.03,1,1627522,1627059,463
132374001,30.809,44.3007,433,27631,0.0674837,0.09,1,1627534,1627101,433
132376921,24.3236,30.3203,432,27708,0.0929935,0.05,1,1627554,1627122,432
132391521,51.8193,51.995,427,28088,0.240424,0.09,1,1627849,1627422,427
132394441,36.3277,36.998,426,28163,0.25817,0.03,1,1627875,1627449,426
132397361,57.7311,58.5992,425,28238,0.241268,0.07,1,1627947,1627522,425
132400281,30.2924,30.6397,425,28313,0.210507,0.11,1,1627959,1627534,425
132403201,24.717,24.2559,426,28388,0.210203,0.11,1,1627980,1627554,426
132406121,60.2868,9.70235,510,28463,0.234081,0.15,1,1628064,1627554,510
132409041,61.3147,54.2809,488,28537,0.255632,0.17,1,1628126,1627638,488
132411961,52.1259,57.7124,474,28611,0.288253,0.19,1,1628172,1627698,474
132420721,36.7441,51.6696,458,28833,0.403648,0.27,1,1628307,1627849,458
132423641,56.6976,36.2678,502,28906,0.419459,0.23,1,1628377,1627875,502
132426561,29.879,57.7071,442,28979,0.425784,0.19,1,1628389,1627947,442
132429481,23.9516,30.2829,450,29052,0.428313,0.21,1,1628409,1627959,450
132479121,57.7156,57.4158,452,30267,0.750857,0.61,2,1629271,1628819,452
132482041,30.8862,30.1663,453,30337,0.762343,0.63,2,1629284,1628831,453
132484961,24.3545,24.0665,453,30407,0.790937,0.61,2,1629304,1628851,453
132502481,53.0768,51.7224,455,30822,0.910952,0.71,2,1629625,1629170,455
132505401,40.4307,39.289,456,30891,0.922381,0.79,2,1629657,1629201,456
132622201,33.3072,34.8741,494,33520,0.9148,1,2,1631500,1631006,494
132712721,35.9022,45.4488,484,35423,0.910836,0.65,2,1632801,1632317,484
132715641,35.3609,36.1795,489,35483,0.910334,0.67,2,1632836,1632347,489
132718561,32.7444,33.6718,488,35543,0.910134,0.73,2,1632867,1632379,488
132721481,26.2977,32.0687,479,35602,0.910053,0.73,2,1632889,1632410,479
132724401,32.1191,26.0275,493,35661,0.922021,0.71,2,1632925,1632432,493
132727321,14.0476,31.411,460,35720,0.926809,0.87,2,1632927,1632467,460
132730241,56.6191,61.7644,463,35779,0.940723,0.83,2,1633012,1632549,463
132736081,24.419,25.2423,463,35897,0.941316,0.85,2,1633055,1632592,463
132890841,43.376,40.9329,497,38893,0.920615,1,2,1635198,1634701,497
132893761,32.3504,37.9731,486,38947,0.902246,0.99,2,1635223,1634737,486
132902521,31.5424,31.5183,493,39109,0.753024,1,2,1635323,1634830,493
132914201,36.2555,34.6229,489,39325,0.449693,1,1,1635465,1634976,489
132917121,23.5022,28.2491,480,39379,0.401877,1,1,1635480,1635000,480
132920041,31.6009,30.4997,485,39433,0.262751,1,1,1635517,1635032,485
132922961,54.0404,56.5999,480,39487,0.2071,0.92,1,1635586,1635106,480
132943401,17.8103,21.617,453,39858,0.203687,0.57,1,1635791,1635338,453
132958001,29.4451,9.40088,472,40123,0.203964,0.17,1,1635952,1635480,472
132960921,48.378,25.9604,496,40176,0.255586,0.17,1,1636013,1635517,496
132963841,48.1512,51.7841,475,40229,0.288234,0.19,1,1636061,1635586,475
132975521,30.3207,32.6025,457,40437,0.405251,0.13,1,1636181,1635724,457
132978441,29.5283,31.041,456,40489,0.4321,0.23,1,1636210,1635754,456
132984281,38.5645,17.8066,482,40593,0.439936,0.19,1,1636273,1635791,482
132987201,32.2258,38.3226,458,40645,0.433974,0.15,1,1636301,1635843,458
132990121,32.0903,33.329,460,40697,0.44359,0.15,1,1636333,1635873,460
132993041,18.8361,32.5316,438,40749,0.447436,0.17,1,1636343,1635905,438
133054361,32.6407,31.6091,451,41825,0.777368,0.59,2,1637074,1636623,451
133089401,31.907,30.7541,457,42425,0.909479,0.75,2,1637462,1637005,457
133092321,37.3628,35.1017,460,42475,0.921791,0.81,2,1637503,1637043,460
133095241,34.7451,32.6407,462,42525,0.914717,0.83,2,1637536,1637074,462
133098161,33.098,31.0563,464,42575,0.935887,0.87,2,1637568,1637104,464
133101081,19.2392,19.0225,463,42625,0.932355,0.83,2,1637578,1637115,463
133226641,32.8156,26.934,497,44702,0.914315,1,2,1639026,1638529,497
133241241,33.5616,32.4656,493,44937,0.783862,0.97,2,1639187,1638694,493
133244161,47.6247,45.9862,495,44984,0.751545,1,2,1639244,1638749,495
133323001,28.0388,25.8461,478,46234,0.789371,0.57,2,1640030,1639552,478
133325921,32.8155,28.3385,484,46280,0.789748,0.63,2,1640066,1639582,484
133355121,41.4837,27.5668,504,46732,0.925975,0.65,2,1640376,1639872,504
133358041,36.3935,39.8267,489,46777,0.92839,0.69,2,1640409,1639920,489
133565361,74.2611,73.2873,512,23003,0.416176,1,1,1642735,1642223,512
133568281,68.7044,74.3149,502,23095,0.41247,0.79,1,1642800,1642298,502
133577041,62.1411,39.1242,516,23369,0.403918,0.59,1,1642959,1642443,516
133617921,41.2032,40.2773,453,24608,0.751957,0.63,2,1643774,1643321,453
133623761,53.8725,54.3244,452,24780,0.769513,0.63,2,1643854,1643402,452
133632521,67.7918,65.9248,456,25036,0.939889,0.71,2,1644078,1643622,456
133728881,49.1383,47.7207,489,27692,0.91528,1,2,1645938,1645449,489
133734721,53.4621,56.4753,480,27844,0.750045,1,2,1646044,1645564,480
133743481,37.7176,36.5904,496,28072,0.436083,1,1,1646192,1645696,496
133749321,53.4348,65.6145,473,28222,0.262973,0.93,1,1646304,1645831,473
133752241,61.5739,68.8458,469,28297,0.219189,0.89,1,1646371,1645902,469
133766841,43.8046,68.0979,477,28669,0.21378,0.43,1,1646602,1646125,477
133772681,44.8087,37.4157,488,28817,0.229805,0.23,1,1646680,1646192,488
133775601,50.3235,47.9663,487,28890,0.253922,0.23,1,1646734,1646247,487
133778521,57.9294,53.3865,493,28963,0.251569,0.19,1,1646797,1646304,493
133781441,42.9718,61.5546,459,29036,0.250628,0.15,1,1646830,1646371,459
133784361,42.9887,44.4218,469,29109,0.274251,0.13,1,1646873,1646404,469
133787281,51.9955,43.5687,484,29182,0.2957,0.19,1,1646931,1646447,484
133801881,52.4214,44.8087,488,29543,0.409252,0.27,1,1647168,1646680,488
133804801,58.1686,50.3235,496,29615,0.433701,0.25,1,1647230,1646734,496
133807721,43.0674,57.9294,466,29686,0.43148,0.25,1,1647263,1646797,466
133810641,43.027,42.9718,476,29757,0.430592,0.29,1,1647306,1646830,476
133813561,53.8108,42.9887,494,29828,0.442237,0.31,1,1647367,1646873,494
133816481,22.7243,51.9955,438,29899,0.446895,0.35,1,1647369,1646931,438
133866121,43.6577,42.9466,449,31080,0.773092,0.57,2,1648155,1647706,449
133869041,43.8631,42.9786,450,31148,0.783237,0.61,2,1648199,1647749,450
133886561,44.5716,28.8117,508,31553,0.938623,0.71,2,1648450,1647942,508
133889481,58.0286,43.9247,521,31620,0.945449,0.73,2,1648517,1647996,521
134015041,36.089,28.7095,535,34379,0.903411,1,2,1650421,1649886,535
134017961,55.8356,48.0838,543,34441,0.907364,1,2,1650490,1649947,543
134020881,45.7342,59.4335,515,34502,0.920946,1,2,1650529,1650014,515
134023801,38.0937,52.5734,500,34563,0.926378,1,2,1650562,1650062,500
134026721,60.8375,42.0294,541,34624,0.940551,1,2,1650638,1650097,541
134029641,33.935,60.6117,484,34685,0.946221,1,2,1650654,1650170,484
134032561,43.574,30.8447,523,34746,0.948488,0.99,2,1650704,1650181,523
134096801,36.2494,36.3225,478,36061,0.946,1,2,1651602,1651124,478
134216521,38.9575,51.6977,514,38390,0.9208,1,2,1653274,1652760,514
134222361,32.7532,36.2316,517,38500,0.902128,1,2,1653338,1652821,517
134228201,34.0405,34.3571,515,38610,0.79354,1,2,1653404,1652889,515
134231121,32.8162,26.3428,526,38665,0.779416,1,2,1653436,1652910,526
134234041,26.9265,33.3371,511,38720,0.761766,1,2,1653459,1652948,511
134236961,40.1706,60.7349,481,38775,0.778707,1,2,1653508,1653027,481
134239881,38.8682,47.6939,480,38829,0.785483,1,2,1653546,1653066,480
134272001,25.1606,26.9265,457,39423,0.755359,0.79,2,1653916,1653459,457
134274921,39.4643,40.1706,457,39477,0.788144,0.79,2,1653965,1653508,457
134277841,38.5857,38.8682,457,39530,0.789258,0.67,2,1654003,1653546,457
134289521,52.2566,51.227,454,39742,0.933789,0.67,2,1654170,1653716,454
134292441,34.1026,33.0908,455,39795,0.943516,0.67,2,1654192,1653737,455
134499761,32.814,38.5826,515,43400,0.939232,1,2,1656705,1656190,515
134502681,35.9256,37.033,517,43449,0.933693,1,2,1656743,1656226,517
134508521,31.4281,37.1253,512,43547,0.902991,1,2,1656808,1656296,512
134540641,32.692,41.5351,498,44075,0.422106,0.9,1,1657176,1656678,498
134561081,25.4973,30.3794,476,44411,0.426922,0.61,1,1657380,1656904,476
134566921,9.35957,23.3407,451,44505,0.439108,0.55,1,1657399,1656948,451
134569841,17.5438,23.7363,450,44552,0.445643,0.55,1,1657422,1656972,450
134572761,46.6175,49.0945,450,44599,0.448257,0.51,1,1657488,1657038,450
134639921,28.3802,29.5003,445,45674,0.754014,0.47,2,1658186,1657741,445
134642841,29.3521,29.8001,445,45720,0.763606,0.51,2,1658216,1657771,445
134645761,27.3408,27.5201,445,45766,0.779442,0.49,2,1658242,1657797,445
134660361,45.1302,7.26292,511,45996,0.797994,0.55,2,1658377,1657866,511
134663281,38.4521,41.3052,481,46042,0.769198,0.55,2,1658411,1657930,481
134666201,33.9808,35.1221,481,46088,0.793679,0.61,2,1658442,1657961,481
134677881,34.1195,32.3967,488,46272,0.915566,0.71,2,1658583,1658095,488
134680801,34.0478,33.3587,488,46318,0.900226,0.71,2,1658617,1658129,488
134683721,29.8191,31.9435,484,46364,0.906091,0.79,2,1658644,1658160,484
134686641,31.1276,28.3774,490,46409,0.932436,0.77,2,1658676,1658186,490
134689561,28.0511,29.351,486,46454,0.942975,0.79,2,1658702,1658216,486
134692481,28.6204,27.3404,489,46499,0.94719,0.83,2,1658731,1658242,489
134695401,21.0482,28.3362,476,46544,0.948876,0.81,2,1658747,1658271,476
134698321,9.61927,21.5345,461,46589,0.94955,0.81,2,1658749,1658288,461
134701241,18.2477,9.81378,483,46634,0.94982,0.81,2,1658773,1658290,483
134704161,44.4991,18.3255,521,46679,0.949928,0.79,2,1658835,1658314,521
134955281,180.963,184.604,507,23451,0.21879,0.93,1,1661519,1661012,507
134961121,82.3541,88.4566,496,23631,0.0722064,0.83,1,1661656,1661160,496
134964041,73.1416,72.5826,501,23721,0.0468826,0.57,1,1661723,1661222,501
134966961,60.4567,80.0331,468,23810,0.048753,0.41,1,1661775,1661307,468
134969881,53.5827,60.2132,470,23899,0.0495012,0.25,1,1661824,1661354,470
134972801,40.0331,55.2853,449,23988,0.0498005,0.21,1,1661855,1661406,449
134975721,31.0132,40.7141,443,24076,0.0859202,0.03,1,1661880,1661437,443
134981561,67.1221,74.1943,423,24252,0.0581472,0.05,1,1662022,1661599,423
134984481,61.0488,63.8777,423,24339,0.0412589,0.03,1,1662079,1661656,423
134987401,65.2195,65.7511,424,24426,0.0345036,0.05,1,1662147,1661723,424
134996161,39.526,39.5601,424,24685,0.0989282,0.11,1,1662279,1661855,424
134999081,32.6104,30.824,427,24771,0.0935713,0.11,1,1662307,1661880,427
135004921,64.7377,67.0918,422,24942,0.0761714,0.03,1,1662444,1662022,422
135010761,65.918,65.2147,425,25112,0.0613874,0.17,1,1662572,1662147,425
135013681,59.3672,57.2859,428,25196,0.066555,0.11,1,1662627,1662199,428
135016601,51.3469,52.3144,425,25280,0.068622,0.09,1,1662673,1662248,425
135022441,31.4955,32.6103,424,25448,0.0961795,0.09,1,1662731,1662307,424
135034121,63.5567,60.0428,490,25779,0.227438,0.03,1,1662993,1662503,490
135037041,60.2227,65.4171,479,25861,0.240975,0.07,1,1663051,1662572,479
135039961,51.6891,59.1669,470,25943,0.27039,0.07,1,1663097,1662627,470
135042881,40.4756,51.2667,457,26025,0.282156,0.13,1,1663130,1662673,457
135045801,31.7903,39.7067,451,26106,0.286862,0.09,1,1663156,1662705,451
135063321,53.6909,60.2225,482,26589,0.402234,0.29,1,1663533,1663051,482
135075001,66.0593,55.3161,510,26906,0.409513,0.33,1,1663737,1663227,510
135077921,27.6237,65.9264,439,26985,0.421805,0.35,1,1663739,1663300,439
135104201,28.2433,27.6237,443,27683,0.758361,0.51,2,1664182,1663739,443
135107121,47.2973,45.8495,445,27760,0.777344,0.53,2,1664242,1663797,445
135110041,61.5189,59.1398,448,27836,0.784938,0.59,2,1664313,1663865,448
135112961,61.2076,59.6559,449,27912,0.799975,0.63,2,1664374,1663925,449
135127561,69.5624,67.6083,458,28289,0.908336,0.77,2,1664638,1664180,458
135130481,29.025,28.2433,458,28364,0.933334,0.77,2,1664640,1664182,458
135253121,36.8238,18.5683,530,31344,0.9256,1,2,1666768,1666238,530
135261881,38.3807,40.5004,513,31546,0.753078,1,2,1666883,1666370,513
135267721,86.9009,53.2801,575,31680,0.445693,1,1,1667038,1666463,575
135279401,43.3511,59.1416,507,31947,0.27901,0.99,1,1667206,1666699,507
135282321,32.9404,47.0566,494,32013,0.273604,0.88,1,1667232,1666738,494
135288161,34.1905,38.1291,496,32145,0.205777,0.83,1,1667303,1666807,496
135294001,29.3505,38.3807,479,32277,0.223724,0.53,1,1667362,1666883,479
135302761,39.8704,56.3604,470,32473,0.202238,0.31,1,1667544,1667074,470
135305681,52.5482,42.9441,497,32538,0.218895,0.31,1,1667605,1667108,497
135308601,42.6193,54.3777,471,32603,0.225558,0.25,1,1667641,1667170,471
135311521,30.2477,43.3511,457,32668,0.240223,0.27,1,1667663,1667206,457
135314441,33.0991,32.9404,466,32733,0.258089,0.15,1,1667698,1667232,466
135317361,14.4396,35.9762,430,32798,0.265236,0.21,1,1667700,1667270,430
135393281,84.9469,24.87,572,34435,0.777738,0.61,2,1668802,1668230,572
135402041,56.2926,42.1277,516,34618,0.920255,0.67,2,1668938,1668422,516
135545121,45.9043,50.5106,513,37494,0.91,1,2,1670913,1670400,513
135550961,32.3047,30.4017,518,37606,0.7684,1,2,1670972,1670454,518
135553881,23.7219,19.3607,524,37662,0.78136,1,2,1670990,1670466,524
135556801,26.8887,33.5443,510,37718,0.762544,1,2,1671019,1670509,510
135574321,59.2717,39.2541,546,38054,0.433282,1,1,1671295,1670749,546
135577241,48.9087,61.9017,511,38110,0.407313,1,1,1671337,1670826,511
135615201,46.2314,48.9087,441,38824,0.403469,0.37,1,1671778,1671337,441
135618121,41.2925,43.5635,439,38878,0.443387,0.35,1,1671816,1671377,439
135673601,24.1243,23.928,448,39897,0.757767,0.59,2,1672414,1671966,448
135696961,36.6423,42.4039,485,40320,0.915143,0.67,2,1672746,1672261,485
135699881,27.8569,36.7616,474,40372,0.936057,0.63,2,1672768,1672294,474
135842961,29.7491,26.5017,503,42858,0.928,1,2,1674476,1673973,503
135845881,47.2996,56.8007,485,42907,0.9292,1,2,1674535,1674050,485
135854641,26.7872,10.6432,526,43054,0.777789,1,2,1674622,1674096,526
135911581,306.717,354.582,438,18980,0.223206,0.23,1,1675236,1674798,438
135917421,124.075,116.973,477,19925,0.077713,0.03,1,1675430,1674953,477
135920341,92.2299,97.1893,464,20031,0.0310852,0.03,1,1675501,1675037,464
135923261,71.692,83.8757,447,20137,0.0544341,0.03,1,1675559,1675112,447
135926181,61.6768,63.5503,452,20242,0.0517736,0.01,1,1675614,1675162,452
135929101,42.0707,50.0201,440,20347,0.0387095,0.03,1,1675643,1675203,440
135946621,41.1829,58.9436,452,20965,0.0849323,0.03,1,1676066,1675614,452
135949541,17.6732,40.9775,425,21066,0.0759729,0.19,1,1676068,1675643,425
135952461,89.2693,94.991,431,21167,0.0963892,0.19,1,1676205,1675774,431
135964141,56.6261,59.4462,424,21565,0.229556,0.07,1,1676461,1676037,424
135967061,40.6504,41.1785,425,21663,0.241822,0.07,1,1676491,1676066,425
135969981,17.4602,17.6714,425,21761,0.246729,0.11,1,1676493,1676068,425
135978741,76.1175,74.163,432,22052,0.448511,0.21,1,1676786,1676354,432
136025461,58.5326,65.3051,502,23543,0.755843,0.55,2,1677789,1677287,502
136028381,41.413,58.522,478,23633,0.776337,0.55,2,1677819,1677341,478
136031301,17.7652,41.4088,450,23723,0.784535,0.55,2,1677821,1677371,450
136042981,60.354,79.3289,458,24078,0.927716,0.77,2,1678137,1677679,458
136045901,58.9416,65.3315,460,24166,0.947086,0.77,2,1678195,1677735,460
136136421,68.3654,54.5923,545,26750,0.933951,1,2,1680045,1679500,545
136145181,40.2314,56.4859,506,26987,0.915853,1,2,1680174,1679668,506
136148101,32.2926,40.5944,503,27065,0.912341,1,2,1680201,1679698,503
136153941,64.4468,73.3351,479,27221,0.937975,1,2,1680310,1679831,479
136329141,63.2124,44.9028,560,31547,0.909816,1,2,1683391,1682831,560
136332061,47.485,65.3611,518,31614,0.777926,1,2,1683428,1682910,518
136334981,74.194,59.7445,554,31681,0.43717,1,1,1683520,1682966,554
136337901,50.0776,64.6978,520,31748,0.228868,1,1,1683554,1683034,520
136340821,42.831,55.8791,508,31815,0.0915473,1,1,1683592,1683084,508
136343741,41.7324,43.3516,514,31881,0.0906189,0.97,1,1683633,1683119,514
136346661,37.093,34.1407,520,31947,0.0662476,1,1,1683667,1683147,520
136349581,32.8372,38.8563,508,32013,0.044499,1,1,1683697,1683189,508
136352501,46.1349,35.9425,529,32079,0.0177996,1,1,1683752,1683223,529
136355421,38.8539,45.577,511,32145,0.0611198,1,1,1683786,1683275,511
136358341,53.9416,41.0308,537,32211,0.0424479,0.85,1,1683850,1683313,537
136361261,39.5766,63.2123,489,32277,0.0589792,0.69,1,1683880,1683391,489
136364181,60.8307,47.4849,527,32343,0.0655917,0.21,1,1683955,1683428,527
136367101,37.5323,74.194,457,32408,0.0922367,0.09,1,1683977,1683520,457
136370021,37.2129,50.0776,460,32473,0.0788947,0,1,1684014,1683554,460
136372941,39.4852,42.831,463,32538,0.0495579,0.09,1,1684055,1683592,463
136375861,36.1941,41.7324,456,32603,0.0378231,0.05,1,1684089,1683633,456
136378781,32.4776,37.093,452,32668,0.0451293,0.03,1,1684119,1683667,452
136381701,47.1911,32.8372,479,32733,0.0180517,0,1,1684176,1683697,479
136384621,20.0764,46.1349,426,32798,0.0132207,0.09,1,1684178,1683752,426
136387541,29.0306,38.8539,427,32862,0.0352883,0.03,1,1684213,1683786,427
136390461,48.8122,53.9416,425,32926,0.0561153,0.07,1,1684275,1683850,425
136393381,37.5249,39.5766,425,32990,0.0524461,0.07,1,1684305,1683880,425
136407981,34.9462,36.1941,422,33310,0.069513,0.05,1,1684511,1684089,422
136410901,32.5785,32.4776,423,33373,0.0458052,0,1,1684542,1684119,423
136413821,47.2314,47.1911,423,33436,0.0243221,0.01,1,1684599,1684176,423
136416741,20.0926,20.0764,423,33499,0.0277288,0.05,1,1684601,1684178,423
136419661,29.637,29.0306,424,33562,0.0530915,0.07,1,1684637,1684213,424
136422581,48.4548,48.8122,423,33625,0.0992366,0.05,1,1684698,1684275,423
136437181,35.4114,36.3654,426,33939,0.219541,0.03,1,1684903,1684477,426
136440101,32.1646,34.9462,422,34001,0.213816,0.03,1,1684933,1684511,422
136460541,64.1434,34.5368,508,34435,0.222012,0.17,1,1685236,1684728,508
136463461,40.6574,62.4147,452,34496,0.238805,0.15,1,1685261,1684809,452
136466381,39.6629,39.3659,467,34557,0.257522,0.19,1,1685300,1684833,467
136469301,36.2652,37.3464,465,34618,0.241009,0.25,1,1685334,1684869,465
136472221,31.3061,35.3385,459,34679,0.234403,0.21,1,1685362,1684903,459
136475141,29.9224,32.1354,458,34740,0.243761,0.17,1,1685391,1684933,458
136478061,44.969,31.4542,482,34801,0.247505,0.13,1,1685446,1684964,482
136480981,19.1876,46.7817,427,34862,0.249002,0.13,1,1685448,1685021,427
136483901,33.475,19.9127,468,34923,0.273601,0.17,1,1685491,1685023,468
136501421,36.1413,39.6629,466,35284,0.405125,0.23,1,1685766,1685300,466
136504341,31.2565,36.2652,460,35344,0.43205,0.23,1,1685794,1685334,460
136565661,40.6205,40.038,449,36580,0.756693,0.57,2,1686584,1686135,449
136568581,40.2482,39.4152,450,36638,0.764677,0.61,2,1686624,1686174,450
136571501,38.2993,36.7661,452,36696,0.791871,0.61,2,1686661,1686209,452
136591941,23.115,22.6959,454,37096,0.901331,0.69,2,1686894,1686440,454
136594861,29.646,28.8784,455,37153,0.930532,0.69,2,1686928,1686473,455
136597781,65.2584,11.5513,544,37210,0.942213,0.77,2,1687017,1686473,544
136764221,31.71,29.2223,538,40320,0.9376,1,2,1689171,1688633,538
136767141,34.284,44.6889,519,40372,0.90904,1,2,1689207,1688688,519
136790501,38.9397,40.0561,509,40788,0.783756,1,2,1689518,1689009,509
136793421,38.9759,39.4224,509,40840,0.775502,1,2,1689557,1689048,509
136796341,32.9903,37.969,501,40892,0.796201,1,2,1689586,1689085,501
136822621,44.9061,61.3072,494,41353,0.925782,0.67,2,1689903,1689409,494
136825541,40.7625,43.1229,501,41404,0.916313,0.75,2,1689941,1689440,501
136828461,39.705,41.8492,499,41455,0.924525,0.81,2,1689980,1689481,499
137000741,33.6979,35.3462,505,44360,0.90808,1,2,1691982,1691477,505
137015341,29.1729,29.1965,507,44597,0.412662,1,1,1692131,1691624,507
137021181,26.5077,22.1914,516,44691,0.271226,1,1,1692183,1691667,516
137029941,37.4805,41.7163,484,44832,0.0761584,1,1,1692288,1691804,484
137032861,37.1922,38.8865,484,44879,0.0484634,1,1,1692325,1691841,484
137035781,36.4769,40.1546,479,44926,0.0373854,0.98,1,1692361,1691882,479
137038701,30.1908,35.8618,472,44973,0.0209541,0.95,1,1692387,1691915,472
137041621,31.8763,34.7447,471,45020,0.0383817,0.87,1,1692420,1691949,471
137044541,26.5505,33.6979,461,45067,0.0333527,0.77,1,1692443,1691982,461
137047461,30.4202,33.8792,460,45114,0.0433411,0.69,1,1692476,1692016,460
137050381,28.3681,33.9517,453,45161,0.0473364,0.59,1,1692503,1692050,453
137053301,26.3472,28.5807,453,45208,0.0849346,0.51,1,1692528,1692075,453
137056221,21.3389,26.4323,446,45255,0.0999738,0.31,1,1692546,1692100,446
137062061,22.2542,27.2692,436,45349,0.0771958,0.21,1,1692593,1692157,436
137064981,23.3017,26.5077,434,45396,0.0968783,0.15,1,1692617,1692183,434
137079581,37.7756,36.4769,426,45626,0.0629504,0.01,1,1692787,1692361,426
137082501,28.9102,30.1908,423,45672,0.0551802,0.05,1,1692810,1692387,423
137085421,31.3641,31.8763,423,45718,0.0760721,0.03,1,1692843,1692420,423
137088341,25.7456,26.5505,422,45764,0.0724288,0.05,1,1692865,1692443,422
137091261,30.0983,30.4202,422,45810,0.0709715,0.05,1,1692898,1692476,422
137094181,29.4393,28.3681,424,45856,0.0823886,0.11,1,1692927,1692503,424
137097101,27.3757,26.3472,425,45902,0.0989555,0.11,1,1692953,1692528,425
137100021,22.3503,21.3389,426,45948,0.0695822,0.11,1,1692972,1692546,426
137102941,23.3401,8.53556,450,45994,0.0578329,0.13,1,1692996,1692546,450
137120461,36.408,34.2949,464,46270,0.221788,0.17,1,1693175,1692711,464
137123381,34.3632,35.9179,460,46316,0.214715,0,1,1693208,1692748,460
137152581,26.5226,21.936,456,46767,0.22883,0.15,1,1693473,1693017,456
137155501,25.009,24.3744,454,46812,0.253532,0.17,1,1693497,1693043,454
137158421,31.0036,24.7498,464,46857,0.275413,0.17,1,1693532,1693068,464
137161341,32.8014,30.2999,464,46902,0.284165,0.19,1,1693566,1693102,464
137164261,38.9206,32.52,473,46947,0.263666,0.25,1,1693609,1693136,473
137167181,33.5682,36.408,464,46992,0.279466,0.21,1,1693639,1693175,464
137170101,30.2273,34.3632,459,47037,0.297787,0.17,1,1693667,1693208,459
137196381,17.6698,22.8065,432,47441,0.412041,0.25,1,1693876,1693444,432
137199301,26.2679,26.5226,435,47485,0.410816,0.27,1,1693908,1693473,435
137208061,33.3371,32.8014,437,47617,0.415332,0.25,1,1694003,1693566,437
137210981,38.5349,38.9206,436,47661,0.424133,0.29,1,1694045,1693609,436
137286901,11.5205,11.4746,447,48797,0.757662,0.55,2,1694742,1694295,447
137316101,25.3993,31.022,474,49227,0.912863,0.71,2,1695053,1694579,474
137319021,31.7597,24.4088,490,49270,0.935145,0.67,2,1695089,1694599,490
137539481,342.966,334.464,525,23360,0.934,1,2,1697269,1696744,525
137606641,43.5342,57.6478,484,26038,0.773791,0.63,2,1698591,1698107,484
137700081,81.919,32.7865,589,28525,0.90997,1,2,1700339,1699750,589
137714681,56.0158,42.5623,537,28894,0.780534,1,2,1700593,1700056,537
137717601,38.6063,51.2249,507,28967,0.798214,1,2,1700620,1700113,507
137720521,38.2425,42.09,509,29040,0.757285,1,2,1700658,1700149,509
137743881,33.3986,56.0158,478,29619,0.772296,0.81,2,1701071,1700593,478
137746801,36.7594,38.6063,490,29690,0.794918,0.73,2,1701110,1700620,490
137764321,45.5031,45.9782,459,30115,0.902455,0.77,2,1701413,1700954,459
137767241,40.4012,39.9913,460,30185,0.930982,0.75,2,1701450,1700990,460
137770161,53.3605,51.9965,462,30255,0.918393,0.79,2,1701512,1701050,462
137773081,34.5442,33.3986,463,30325,0.913357,0.81,2,1701534,1701071,463
137776001,37.2177,36.7594,463,30395,0.935343,0.89,2,1701573,1701110,463
137892801,42.0537,43.1177,483,33064,0.94,1,2,1703438,1702955,483
137895721,33.6215,34.0471,483,33128,0.946,1,2,1703466,1702983,483
137901561,86.9794,84.6475,484,33256,0.78136,1,2,1703626,1703142,484
137916161,34.8564,34.5897,488,33572,0.0758731,1,1,1703799,1703311,488
137919081,39.7426,37.8359,491,33635,0.0723493,1,1,1703842,1703351,491
137922001,36.297,42.1343,480,33698,0.0709397,0.9,1,1703876,1703396,480
137924921,40.3188,42.0537,481,33761,0.0343759,0.95,1,1703919,1703438,481
137927841,36.5275,33.6215,487,33824,0.0317504,1,1,1703953,1703466,487
137930761,31.411,37.4486,475,33887,0.0187001,0.65,1,1703981,1703506,475
137933681,68.9644,86.9794,449,33949,0.0254801,0.55,1,1704075,1703626,449
137936601,43.1858,53.3918,444,34011,0.040192,0.41,1,1704101,1703657,444
137939521,28.6743,38.7567,434,34073,0.0460768,0.23,1,1704120,1703686,434
137942441,35.4697,43.1027,428,34135,0.0484307,0.09,1,1704160,1703732,428
137945361,31.5879,37.6411,423,34197,0.0493723,0,1,1704189,1703766,423
137948281,32.4352,34.8564,423,34259,0.0197489,0,1,1704222,1703799,423
137951201,38.1741,13.9426,465,34321,0.0378996,0.07,1,1704264,1703799,465
137954121,37.4696,31.377,459,34383,0.0331598,0.07,1,1704301,1703842,459
137957041,38.3879,32.9508,464,34444,0.0552639,0.01,1,1704340,1703876,464
137959961,38.7551,38.9803,460,34505,0.0641056,0.03,1,1704379,1703919,460
137962881,30.5021,35.9921,451,34566,0.0316422,0.01,1,1704404,1703953,451
137965801,67.4008,31.1969,515,34627,0.0546569,0.03,1,1704496,1703981,515
137968721,43.1603,68.8787,448,34688,0.0878628,0.05,1,1704523,1704075,448
137971641,29.2641,43.1515,442,34749,0.0531451,0.05,1,1704543,1704101,442
137974561,36.3057,28.6606,464,34810,0.063258,0.05,1,1704584,1704120,464
137977481,30.1223,35.4642,450,34871,0.0673032,0.05,1,1704610,1704160,450
137980401,31.8489,31.5857,454,34932,0.0269213,0,1,1704643,1704189,454
137983321,37.9396,32.4343,463,34993,0.0527685,0.05,1,1704685,1704222,463
137986241,39.1758,38.1737,461,35053,0.0511074,0.03,1,1704725,1704264,461
137989161,37.8703,37.4695,461,35113,0.050443,0.07,1,1704762,1704301,461
137992081,39.7481,38.3878,463,35173,0.0621772,0.07,1,1704803,1704340,463
137997921,68.2797,30.502,516,35293,0.0999483,0.07,1,1704920,1704404,516
138015441,37.7972,31.8489,464,35651,0.086842,0.07,1,1705107,1704643,464
138018361,16.3189,37.9396,424,35710,0.0767368,0.05,1,1705109,1704685,424
138021281,30.5276,39.1758,424,35769,0.0726947,0.05,1,1705149,1704725,424
138024201,34.411,37.8703,424,35828,0.0590779,0.07,1,1705186,1704762,424
138027121,40.1644,39.7481,427,35887,0.0656312,0.15,1,1705230,1704803,427
138030041,29.8658,29.6993,427,35946,0.0682525,0.09,1,1705253,1704826,427
138032961,67.7463,68.2797,426,36005,0.057301,0.11,1,1705346,1704920,426
138035881,44.4985,43.5119,428,36064,0.0649204,0.13,1,1705375,1704947,428
138038801,28.5994,28.2048,428,36123,0.0679682,0.15,1,1705393,1704965,428
138041721,37.8398,37.0819,429,36182,0.0811873,0.15,1,1705437,1705008,429
138044641,29.5359,29.2328,429,36240,0.0984749,0.09,1,1705461,1705032,429
138050481,37.2457,37.7972,425,36356,0.088956,0.07,1,1705532,1705107,425
138053401,16.0983,16.3189,425,36414,0.0535824,0.07,1,1705534,1705109,425
138056321,30.4393,30.5276,425,36472,0.063433,0.05,1,1705574,1705149,425
138059241,33.7757,34.411,424,36530,0.0793732,0.07,1,1705610,1705186,424
138068001,67.3456,67.7463,424,36704,0.21268,0.07,1,1705770,1705346,424
138070921,44.9383,44.4985,425,36762,0.223072,0.07,1,1705800,1705375,425
138073841,28.7753,28.5994,425,36819,0.251229,0.09,1,1705818,1705393,425
138076761,39.1101,37.8398,427,36876,0.286492,0.11,1,1705864,1705437,427
138079681,30.044,29.5359,427,36933,0.288597,0.13,1,1705888,1705461,427
138117641,31.0264,30.0321,466,37670,0.416155,0.33,1,1706354,1705888,466
138120561,35.8106,29.4128,476,37726,0.424462,0.39,1,1706393,1705917,476
138123481,15.5242,34.5651,440,37782,0.427785,0.39,1,1706395,1705955,440
138126401,30.2097,15.0261,478,37838,0.429114,0.35,1,1706435,1705957,478
138129321,33.6839,31.2104,472,37894,0.441646,0.31,1,1706471,1705999,472
138132241,41.0735,34.0842,482,37950,0.446658,0.33,1,1706517,1706035,482
138173121,22.7876,30.8294,448,38723,0.759122,0.59,2,1706989,1706541,448
138176041,70.9151,72.3318,451,38778,0.753649,0.63,2,1707092,1706641,451
138178961,47.566,46.9327,453,38832,0.79946,0.63,2,1707124,1706671,453
138184801,40.8506,40.5092,454,38940,0.789114,0.65,2,1707192,1706738,454
138187721,31.9402,31.8037,454,38994,0.777645,0.67,2,1707218,1706764,454
138190641,32.5761,31.9215,455,39048,0.785058,0.71,2,1707251,1706796,455
138196481,16.4922,15.6674,458,39156,0.782009,0.73,2,1707295,1706837,458
138199401,30.5969,30.267,458,39210,0.774804,0.73,2,1707335,1706877,458
138202321,34.4387,34.3068,458,39264,0.783921,0.71,2,1707372,1706914,458
138216921,48.7827,47.566,461,39533,0.911723,0.83,2,1707585,1707124,461
138219841,32.1131,31.6264,461,39586,0.946689,0.77,2,1707606,1707145,461
138380441,34.412,38.1087,489,42418,0.784836,1,2,1709571,1709082,489
138395041,38.0074,35.1518,494,42668,0.434747,1,1,1709753,1709259,494
138397961,34.403,31.4607,497,42717,0.407899,1,1,1709785,1709288,497
138409641,42.6023,49.343,471,42913,0.248474,0.82,1,1709913,1709442,471
138412561,33.8409,38.9372,467,42962,0.24939,0.87,1,1709941,1709474,467
138415481,30.9364,36.5749,461,43011,0.213756,0.87,1,1709970,1709509,461
138424241,29.3879,30.9008,485,43158,0.21168,0.69,1,1710056,1709571,485
138430081,33.5021,35.3041,483,43256,0.241469,0.47,1,1710122,1709639,483
138435921,34.0403,37.9287,477,43354,0.236635,0.39,1,1710192,1709715,477
138438841,31.6161,37.9715,469,43403,0.232654,0.39,1,1710222,1709753,469
138441761,25.8465,34.3886,459,43452,0.243062,0.33,1,1710244,1709785,459
138444681,24.7386,28.1554,459,43501,0.259225,0.31,1,1710268,1709809,459
138447601,24.2954,26.2622,458,43550,0.26569,0.29,1,1710292,1709834,458
138450521,40.9182,25.5049,485,43598,0.256276,0.21,1,1710344,1709859,485
138453441,33.7673,42.6019,460,43646,0.26451,0.25,1,1710373,1709913,460
138456361,29.1069,33.8408,458,43694,0.267804,0.19,1,1710399,1709941,458
138459281,23.6428,30.9363,449,43742,0.281122,0.15,1,1710419,1709970,449
138476801,35.67,35.6008,467,44030,0.405371,0.27,1,1710626,1710159,467
138479721,31.068,34.0403,462,44078,0.420148,0.23,1,1710654,1710192,462
138482641,28.0272,31.6161,458,44126,0.438059,0.25,1,1710680,1710222,458
138485561,24.4109,25.8465,458,44174,0.445224,0.27,1,1710702,1710244,458
138555641,26.095,26.7929,448,45307,0.755954,0.57,2,1711405,1710957,448
138558561,32.038,32.3172,448,45354,0.776382,0.57,2,1711441,1710993,448
138561481,37.4152,36.9269,449,45400,0.784553,0.59,2,1711482,1711033,449
138564401,36.5661,36.3707,449,45446,0.787821,0.57,2,1711518,1711069,449
138576081,25.5841,24.4607,453,45630,0.907928,0.63,2,1711624,1711171,453
138579001,40.2336,39.7843,453,45676,0.945171,0.65,2,1711674,1711221,453
138581921,34.6935,33.9137,454,45722,0.936068,0.67,2,1711705,1711251,454
138590681,38.6284,37.2345,456,45860,0.927028,0.69,2,1711803,1711347,456
138593601,16.6514,16.0938,456,45906,0.916811,0.69,2,1711805,1711349,456
138596521,24.0605,6.43752,485,45952,0.924725,0.77,2,1711834,1711349,485
138599441,26.4242,19.375,485,45998,0.92789,0.77,2,1711862,1711377,485
138844721,121.675,118.806,497,22817,0.430439,0.61,1,1714555,1714058,497
138847641,74.4699,88.9223,471,22910,0.418175,0.43,1,1714598,1714127,471
138850561,74.188,80.5689,470,23003,0.43727,0.39,1,1714672,1714202,470
138853481,59.6752,68.8276,459,23095,0.444908,0.37,1,1714722,1714263,459
138888521,79.6735,81.4412,452,24173,0.767317,0.63,2,1715448,1714996,452
138891441,58.2694,58.3765,453,24261,0.792927,0.61,2,1715492,1715039,453
138897281,58.7631,58.4202,453,24435,0.900868,0.65,2,1715620,1715167,453
138900201,69.1052,68.3681,454,24522,0.942347,0.65,2,1715696,1715242,454
139005321,50.6792,51.799,484,27461,0.91912,1,2,1717706,1717222,484
139031601,42.2019,50.6792,462,28147,0.277286,0.73,1,1718168,1717706,462
139037441,55.5923,61.2687,450,28297,0.237566,0.49,1,1718307,1717857,450
139040361,49.2369,55.1075,444,28372,0.221026,0.49,1,1718352,1717908,444
139043281,43.0948,22.043,483,28447,0.202411,0.55,1,1718391,1717908,483
139052041,45.2621,53.5388,478,28669,0.217674,0.35,1,1718536,1718058,478
139054961,27.1048,45.4155,453,28743,0.21307,0.29,1,1718551,1718098,453
139057881,39.6419,30.1662,481,28817,0.223228,0.25,1,1718599,1718118,481
139060801,71.6568,42.0665,524,28890,0.287291,0.13,1,1718692,1718168,524
139063721,56.8627,74.4266,475,28963,0.252916,0.27,1,1718739,1718264,475
139066641,48.5451,55.5706,475,29036,0.239167,0.21,1,1718782,1718307,475
139069561,43.418,49.2283,470,29109,0.233667,0.19,1,1718822,1718352,470
139072481,45.5672,43.0913,478,29182,0.291467,0.17,1,1718869,1718391,478
139078321,45.8108,51.6546,473,29327,0.415035,0.23,1,1718968,1718495,473
139081241,26.7243,45.2618,446,29399,0.436014,0.21,1,1718982,1718536,446
139125041,46.6217,44.1927,450,30461,0.777162,0.57,2,1719707,1719257,450
139130881,20.4195,20.0308,450,30599,0.797546,0.61,2,1719758,1719308,450
139139641,26.5308,25.714,453,30806,0.910963,0.67,2,1719879,1719426,453
139142561,41.8123,40.2856,455,30875,0.910385,0.69,2,1719931,1719476,455
139157161,49.1501,48.0487,461,31216,0.928186,0.79,2,1720217,1719756,461
139160081,20.86,20.4195,461,31284,0.929274,0.79,2,1720219,1719758,461
139165921,45.4576,41.6671,508,31419,0.944284,0.91,2,1720330,1719822,508
139168841,26.583,41.8668,480,31486,0.935714,0.93,2,1720344,1719864,480
139171761,41.2332,25.7467,516,31553,0.944285,0.91,2,1720395,1719879,516
139268121,69.707,73.2092,482,33694,0.934,1,2,1721930,1721448,482
139282721,35.7557,31.9813,491,34007,0.222041,1,1,1722147,1721656,491
139285641,50.9023,45.7925,497,34069,0.0948164,1,1,1722208,1721711,497
139288561,40.7609,41.117,493,34131,0.0559265,1,1,1722242,1721749,493
139291481,28.3044,35.0468,482,34193,0.0523706,1,1,1722262,1721780,482
139294401,28.7217,28.4187,487,34255,0.0749483,1,1,1722291,1721804,487
139297321,24.6887,11.3675,509,34317,0.0359793,1,1,1722313,1721804,509
139300241,58.4755,21.947,561,34379,0.0203917,0.89,1,1722394,1721833,561
139303161,47.3902,66.9788,504,34441,0.0141567,0.73,1,1722434,1721930,504
139306081,45.9561,51.9915,507,34502,0.0116627,0.61,1,1722479,1721972,507
139309001,42.9824,54.9966,491,34563,0.0586651,0.49,1,1722520,1722029,491
139311921,33.393,50.7986,470,34624,0.077466,0.17,1,1722547,1722077,470
139314841,26.5572,44.3195,452,34685,0.0969864,0.15,1,1722569,1722117,452
139317761,47.2229,35.7278,483,34746,0.0447946,0.01,1,1722630,1722147,483
139320681,38.6892,50.8911,455,34807,0.0359178,0.03,1,1722663,1722208,455
139323601,28.6757,40.7564,443,34868,0.0323671,0.05,1,1722685,1722242,443
139326521,27.6703,28.3026,450,34929,0.0309469,0.09,1,1722712,1722262,450
139329441,24.2681,28.721,443,34990,0.0423787,0.01,1,1722734,1722291,443
139332361,58.9072,24.6884,503,35050,0.0229515,0.01,1,1722816,1722313,503
139335281,47.5629,58.4754,462,35110,0.0091806,0.01,1,1722856,1722394,462
139338201,46.6252,47.3901,468,35170,0.0216722,0.01,1,1722902,1722434,468
139341121,43.2501,45.9561,464,35230,0.0626689,0.09,1,1722943,1722479,464
139344041,34.7,42.9824,452,35290,0.0910676,0.09,1,1722972,1722520,452
139349881,45.512,26.5572,484,35410,0.0829708,0.01,1,1723053,1722569,484
139352801,38.0048,47.2229,456,35470,0.0751883,0.03,1,1723086,1722630,456
139355721,29.6019,38.6892,447,35530,0.0300753,0.03,1,1723110,1722663,447
139358641,27.4408,28.6757,451,35589,0.0300301,0.03,1,1723136,1722685,451
139361561,22.3763,27.6703,443,35648,0.0300121,0.05,1,1723155,1722712,443
139364481,10.1505,24.2681,423,35707,0.0300048,0.01,1,1723157,1722734,423
139367401,53.2602,58.9072,423,35766,0.0420019,0,1,1723239,1722816,423
139370321,45.9041,47.5629,424,35825,0.0168008,0.03,1,1723280,1722856,424
139373241,45.3616,46.6252,423,35884,0.0247203,0.09,1,1723325,1722902,423
139376161,44.5447,43.2501,426,35943,0.0398881,0.11,1,1723369,1722943,426
139379081,35.8179,34.7,427,36002,0.0219552,0.11,1,1723399,1722972,427
139382001,27.5271,28.28,425,36061,0.0507821,0.07,1,1723421,1722996,425
139384921,44.6109,45.512,424,36120,0.0983128,0.07,1,1723477,1723053,424
139387841,37.6443,38.0048,424,36179,0.0573251,0,1,1723510,1723086,424
139390761,28.8577,29.6019,423,36237,0.0529301,0.03,1,1723533,1723110,423
139393681,27.7431,27.4408,424,36295,0.039172,0.03,1,1723560,1723136,424
139396601,21.8972,22.3763,423,36353,0.0576688,0.03,1,1723578,1723155,423
139399521,9.95889,10.1505,423,36411,0.0410675,0.05,1,1723580,1723157,423
139402441,52.5836,53.2602,422,36469,0.094427,0,1,1723661,1723239,422
139405361,46.8334,45.9041,424,36527,0.0797708,0.03,1,1723704,1723280,424
139408281,44.5334,45.3616,422,36585,0.0979083,0.05,1,1723747,1723325,422
139411201,44.2133,44.5447,422,36643,0.0811633,0.01,1,1723791,1723369,422
139414121,35.6853,35.8179,422,36701,0.0504653,0.07,1,1723821,1723399,422
139417041,28.6741,27.5271,424,36759,0.0381861,0.13,1,1723845,1723421,424
139419961,46.2697,44.6109,426,36816,0.0692745,0.03,1,1723903,1723477,426
139422881,36.5079,37.6443,423,36873,0.0817098,0.05,1,1723933,1723510,423
139425801,27.8031,28.8577,422,36930,0.0986839,0.03,1,1723955,1723533,422
139457921,36.8585,46.1404,453,37555,0.222702,0.09,1,1724356,1723903,453
139460841,28.5434,36.4562,446,37611,0.227081,0.11,1,1724379,1723933,446
139463761,29.4174,27.7825,454,37667,0.204832,0.11,1,1724409,1723955,454
139475441,46.9195,55.4984,468,37891,0.20958,0.15,1,1724556,1724088,468
139478361,45.1678,46.1994,472,37947,0.233832,0.17,1,1724600,1724128,472
139481281,43.2671,44.2797,471,38003,0.267533,0.17,1,1724642,1724171,471
139498801,28.2476,28.5434,460,38335,0.405699,0.19,1,1724839,1724379,460
139501721,20.899,29.4174,446,38390,0.40828,0.19,1,1724855,1724409,446
139504641,9.55962,21.3669,432,38445,0.409312,0.19,1,1724857,1724425,432
139507561,56.6239,9.74678,518,38500,0.445725,0.17,1,1724945,1724427,518
139565961,48.893,48.0736,449,39583,0.783499,0.61,2,1725645,1725196,449
139568881,41.1572,40.2295,450,39636,0.787399,0.61,2,1725681,1725231,450
139571801,29.6629,29.2918,450,39689,0.78896,0.61,2,1725703,1725253,450
139574721,28.6652,28.5167,450,39742,0.765584,0.57,2,1725731,1725281,450
139577641,21.6661,21.0067,451,39795,0.768234,0.61,2,1725748,1725297,451
139580561,9.86642,9.60267,451,39848,0.769293,0.69,2,1725750,1725299,451
139603921,50.2354,26.9474,523,40271,0.90359,0.81,2,1726105,1725582,523
139606841,40.4942,48.579,494,40323,0.919436,0.79,2,1726139,1725645,494
139609761,29.3977,41.0316,480,40375,0.925774,0.79,2,1726161,1725681,480
139612681,28.5591,29.6126,486,40427,0.94031,0.75,2,1726189,1725703,486
139615601,22.2236,28.6451,476,40479,0.946124,0.77,2,1726207,1725731,476
139618521,10.0894,21.658,461,40531,0.94845,0.77,2,1726209,1725748,461
139752841,28.5405,29.9819,484,42861,0.922,1,2,1727886,1727402,484
139761601,33.6506,30.2628,497,43008,0.935008,1,2,1727994,1727497,497
139767441,36.1041,33.0421,521,43106,0.796401,1,2,1728065,1727544,521
139770361,34.8416,34.2168,520,43155,0.76256,1,2,1728099,1727579,520
139773281,27.7367,29.2867,517,43204,0.755024,1,2,1728122,1727605,517
139821461,320.638,363.126,449,18980,0.414804,0.43,1,1728667,1728218,449
139833141,75.0819,87.3968,463,20137,0.413675,0.23,1,1728985,1728522,463
139841901,108.029,49.7534,554,20451,0.444795,0.29,1,1729221,1728667,554
139885701,75.6557,75.8581,449,21955,0.766675,0.61,2,1730176,1729727,449
139888621,83.6623,81.9432,452,22052,0.79267,0.59,2,1730265,1729813,452
139900301,19.8538,19.8481,451,22434,0.90546,0.71,2,1730415,1729964,451
139976221,67.3458,62.6792,502,24773,0.90904,1,2,1732180,1731678,502
139993741,75.1558,82.6612,467,25282,0.939587,1,2,1732537,1732070,467
140087181,33.4917,34.3732,501,27837,0.9016,1,2,1734280,1733779,501
140095941,54.0795,51.5679,491,28065,0.922182,1,2,1734491,1734000,491
140107621,42.4628,44.3233,484,28365,0.777736,1,2,1734702,1734218,484
140116381,72.1736,29.2367,577,28588,0.775295,0.88,2,1734857,1734280,577
140119301,64.8694,72.2947,536,28662,0.772118,1,2,1734917,1734381,536
140122221,51.7478,68.5179,513,28736,0.782847,0.9,2,1734960,1734447,513
140142661,69.222,30.4329,557,29248,0.900859,0.73,2,1735314,1734757,557
140145581,64.8888,72.1732,519,29320,0.942344,0.77,2,1735376,1734857,519
140322241,223.614,206.803,524,14746,0.2116,0.39,1,1738322,1737798,524
140328081,128.538,154.648,464,15033,0.050656,0.05,1,1738536,1738072,464
140331001,65.8153,94.8594,433,15174,0.0742624,0.01,1,1738560,1738127,433
140333921,41.3261,51.7437,435,15314,0.029705,0.05,1,1738585,1738150,435
140342681,110.501,112.584,424,15726,0.211421,0.09,1,1738960,1738536,424
140345601,57.4003,59.4334,422,15861,0.210568,0,1,1738982,1738560,422
140371881,111.799,104.586,539,17031,0.214726,0.11,1,1739818,1739279,539
140374801,57.9196,109.634,448,17156,0.223891,0.15,1,1739840,1739392,448
140377721,37.5678,57.0538,450,17280,0.263556,0.17,1,1739864,1739414,450
140383561,107.291,113.649,531,17525,0.439369,0.21,1,1740133,1739602,531
140404001,104.215,113.116,448,18355,0.766369,0.51,2,1740698,1740250,448
140418601,84.3443,82.0364,457,18926,0.909508,0.83,2,1741036,1740579,457
140421521,108.738,104.215,463,19038,0.921803,0.83,2,1741161,1740698,463
140424441,56.6951,54.8858,463,19149,0.926721,0.83,2,1741183,1740720,463
140427361,39.478,38.7543,463,19260,0.916689,0.89,2,1741211,1740748,463
140520801,41.8531,38.1454,485,22518,0.297608,1,1,1743603,1743118,485
140523721,36.5412,15.2582,518,22612,0.257043,1,1,1743636,1743118,518
140541241,38.9734,61.039,463,23169,0.209713,0.25,1,1744037,1743574,463
140544161,34.7894,41.8156,466,23261,0.233885,0.23,1,1744069,1743603,466
140547081,85.3157,36.5262,552,23352,0.243554,0.11,1,1744188,1743636,552
140550001,62.3263,90.2105,473,23443,0.295422,0.15,1,1744235,1743762,473
140558761,54.0049,94.3335,457,23713,0.417547,0.19,1,1744438,1743981,457
140561681,39.602,53.9334,460,23802,0.449019,0.23,1,1744468,1744008,460
140593801,37.5117,36.5185,449,24763,0.759667,0.59,2,1745076,1744627,449
140596721,44.4047,42.8074,451,24849,0.789867,0.65,2,1745125,1744674,451
140608401,40.3672,39.3711,456,25188,0.901357,0.73,2,1745367,1744911,456
140628841,54.942,94.1043,492,25771,0.905958,0.89,2,1745801,1745309,492
140631761,39.9768,53.8417,495,25853,0.932383,0.91,2,1745831,1745336,495
140634681,37.5907,40.1367,500,25935,0.942953,0.89,2,1745867,1745367,500
140637601,91.8363,38.2547,591,26017,0.947181,0.85,2,1745995,1745404,591
140722281,60.338,53.6195,499,28282,0.91,1,2,1747566,1747067,499
140736881,37.3801,40.679,513,28654,0.269123,1,1,1747805,1747292,513
140742721,44.2608,80.0686,504,28802,0.0502597,1,1,1747936,1747432,504
140745641,37.5043,50.0275,507,28876,0.0201039,1,1,1747969,1747462,507
140748561,55.8017,36.811,547,28949,0.0140416,0.85,1,1748037,1747490,547
140751481,40.9207,60.3244,502,29022,0.0476166,0.83,1,1748068,1747566,502
140754401,57.7683,47.5298,532,29095,0.0610467,0.49,1,1748137,1747605,532
140757321,42.3073,68.8119,481,29168,0.0784187,0.39,1,1748169,1747688,481
140760241,42.1229,49.1248,487,29241,0.0613675,0.27,1,1748211,1747724,487
140763161,36.0492,51.4499,466,29313,0.030547,0.21,1,1748243,1747777,466
140766081,71.4197,37.38,533,29385,0.0902188,0.03,1,1748338,1747805,533
140769001,41.1679,82.152,442,29457,0.0540875,0,1,1748359,1747917,442
140771921,35.6671,44.2608,455,29529,0.027635,0,1,1748391,1747936,455
140774841,55.0669,37.5043,490,29601,0.029054,0.01,1,1748459,1747969,490
140777761,40.6267,55.8017,453,29673,0.0416216,0.07,1,1748490,1748037,453
140780681,57.6507,40.9207,491,29744,0.0466486,0.07,1,1748559,1748068,491
140795281,70.8374,71.4197,426,30098,0.0865417,0.03,1,1748764,1748338,426
140827401,39.4782,39.135,427,30863,0.211132,0.17,1,1749209,1748782,427
140833241,54.6765,54.3816,428,31000,0.217381,0.11,1,1749310,1748882,428
140836161,40.4706,40.9526,427,31068,0.212952,0.11,1,1749341,1748914,427
140839081,57.5882,57.7811,427,31136,0.259181,0.09,1,1749410,1748983,427
140842001,46.4353,46.5124,427,31204,0.277672,0.15,1,1749449,1749022,427
140844921,19.7741,19.805,427,31272,0.285069,0.13,1,1749451,1749024,427
140879961,32.6455,31.3077,469,32075,0.425757,0.33,1,1749959,1749490,469
140917921,37.1526,39.7833,446,32922,0.76155,0.51,2,1750522,1750076,446
140920841,35.861,36.3133,447,32986,0.77862,0.53,2,1750557,1750110,447
140923761,56.9444,55.3253,450,33050,0.797448,0.59,2,1750628,1750178,450
140938361,36.0206,33.3966,457,33370,0.904335,0.73,2,1750825,1750368,457
141104801,42.4225,30.1909,518,36809,0.918198,1,2,1753241,1752723,518
141116481,51.7404,48.5281,496,37037,0.760546,1,2,1753413,1752917,496
141119401,38.0962,36.8112,496,37094,0.766218,1,2,1753442,1752946,496
141136921,42.8002,44.1564,516,37436,0.444736,0.95,1,1753667,1753151,516
141139841,37.5201,48.8626,498,37492,0.411895,0.89,1,1753701,1753203,498
141142761,33.008,42.345,490,37548,0.410758,0.75,1,1753731,1753241,490
141154441,39.3362,51.7384,489,37772,0.293187,0.77,1,1753902,1753413,489
141174881,37.4918,42.8002,476,38163,0.401637,0.39,1,1754143,1753667,476
141177801,31.7967,37.5201,470,38218,0.406655,0.41,1,1754171,1753701,470
141180721,27.7187,33.008,465,38273,0.420662,0.33,1,1754196,1753731,465
141183641,43.4875,30.0032,491,38328,0.438265,0.35,1,1754250,1753759,491
141244961,38.6014,38.9191,451,39470,0.751647,0.59,2,1754957,1754506,451
141247881,42.4405,41.9676,452,39524,0.750659,0.67,2,1755002,1754550,452
141253721,33.4305,33.1148,453,39630,0.769305,0.67,2,1755068,1754615,453
141256641,27.7722,27.6459,453,39683,0.757722,0.63,2,1755092,1754639,453
141259561,44.1089,44.0584,453,39736,0.765089,0.67,2,1755147,1754694,453
141262481,53.6435,53.6233,453,39789,0.780036,0.63,2,1755207,1754754,453
141280001,41.441,39.5034,457,40107,0.935683,0.75,2,1755376,1754919,457
141437681,25.4211,31.195,489,42856,0.414395,1,1,1757290,1756801,489
141440601,40.1684,38.278,496,42905,0.267758,1,1,1757340,1756844,496
141455201,23.5444,26.6969,504,43150,0.0644218,1,1,1757467,1756963,504
141458121,35.8178,29.8788,516,43199,0.0797687,1,1,1757511,1756995,516
141461041,52.7271,37.7515,537,43248,0.0739075,0.83,1,1757575,1757038,537
141463961,36.6908,60.1006,488,43297,0.059563,0.75,1,1757601,1757113,488
141466881,29.6763,42.0402,483,43346,0.0778252,0.63,1,1757626,1757143,483
141469801,26.8705,35.4161,477,43395,0.0851301,0.53,1,1757651,1757174,477
141472721,29.9482,31.5664,480,43444,0.088052,0.53,1,1757683,1757203,480
141478561,17.2717,32.0506,454,43542,0.0992883,0.37,1,1757723,1757269,454
141496081,25.336,21.3611,451,43830,0.213989,0.03,1,1757893,1757442,451
141499001,35.3344,23.5444,468,43878,0.223596,0.09,1,1757935,1757467,468
141501921,53.1338,35.8178,489,43926,0.215438,0.07,1,1758000,1757511,489
141504841,35.0535,52.7271,448,43974,0.224175,0.05,1,1758023,1757575,448
141507761,30.8214,36.6908,450,44022,0.22767,0.09,1,1758051,1757601,450
141510681,27.3286,29.6763,450,44070,0.253068,0.09,1,1758076,1757626,450
141513601,31.3314,26.8705,459,44118,0.287227,0.09,1,1758110,1757651,459
141528201,30.5522,34.5635,457,44358,0.437063,0.15,1,1758260,1757803,457
141531121,22.4209,30.6254,446,44406,0.444825,0.17,1,1758277,1757831,446
141534041,19.1684,21.8502,447,44454,0.43593,0.21,1,1758294,1757847,447
141536961,8.86734,18.3401,433,44501,0.432372,0.23,1,1758296,1757863,433
141539881,21.5469,25.336,433,44548,0.442949,0.23,1,1758326,1757893,433
141563241,17.8682,17.253,439,44924,0.427904,0.37,1,1758588,1758149,439
141566161,36.5473,35.7012,440,44971,0.441162,0.41,1,1758637,1758197,440
141569081,38.0189,35.8805,443,45018,0.446465,0.47,1,1758676,1758233,443
141618721,23.667,22.643,446,45808,0.772175,0.53,2,1759167,1758721,446
141621641,19.6668,18.6572,447,45854,0.77087,0.53,2,1759184,1758737,447
141624561,9.06672,8.66288,447,45900,0.770348,0.55,2,1759186,1758739,447
141627481,22.8267,22.6652,447,45946,0.794139,0.55,2,1759218,1758771,447
141630401,35.5307,9.06606,491,45992,0.791656,0.61,2,1759262,1758771,491
141662521,23.9781,33.6669,475,46495,0.903722,0.79,2,1759625,1759150,475
141665441,20.3912,23.6668,476,46540,0.907489,0.77,2,1759643,1759167,476
141668361,9.3565,19.6667,461,46585,0.908996,0.77,2,1759645,1759184,461
141671281,22.9426,9.06668,491,46630,0.921598,0.81,2,1759677,1759186,491
141843561,33.1728,38.3956,510,49225,0.925135,1,2,1761512,1761002,510
141846481,31.2691,34.5582,508,49268,0.904054,1,2,1761542,1761034,508
141855241,30.8732,25.9717,520,49397,0.945859,1,2,1761629,1761109,520
141861081,24.0197,28.3955,506,49483,0.949338,0.98,2,1761674,1761168,506
141866921,30.0032,37.5433,497,49569,0.928294,1,2,1761735,1761238,497
142144321,114.767,117.754,451,24905,0.088432,0.03,1,1764551,1764100,451
142147241,80.1067,81.9014,450,24990,0.0353728,0.07,1,1764608,1764158,450
142150161,67.4427,68.7606,449,25075,0.0141491,0.07,1,1764667,1764218,449
142153081,63.5771,62.9042,451,25160,0.0356596,0.01,1,1764728,1764277,451
142156001,57.8308,62.3617,443,25244,0.0682639,0.03,1,1764782,1764339,443
142158921,31.5323,37.5447,436,25328,0.0333055,0.05,1,1764796,1764360,436
142161841,25.8129,29.4179,434,25412,0.0913222,0.05,1,1764818,1764384,434
142170601,62.012,61.1147,478,25661,0.0660846,0,1,1765029,1764551,478
142173521,60.2048,58.6459,480,25744,0.0264338,0,1,1765088,1764608,480
142176441,61.8819,58.8584,484,25826,0.0285735,0.05,1,1765151,1764667,484
142179361,55.9528,60.1433,475,25908,0.0414294,0.09,1,1765203,1764728,475
142182281,33.1811,56.4573,439,25990,0.0345718,0.01,1,1765221,1764782,439
142185201,27.6724,30.9829,449,26072,0.0558287,0.13,1,1765245,1764796,449
142188121,53.669,25.5932,498,26153,0.0763315,0.19,1,1765316,1764818,498
142191041,73.0676,52.2373,514,26234,0.0965326,0.15,1,1765402,1764888,514
142196881,59.2108,61.998,481,26396,0.0418452,0,1,1765510,1765029,481
142199801,61.4843,60.1992,485,26476,0.0347381,0.03,1,1765573,1765088,485
142202721,56.3937,61.8797,475,26556,0.0318952,0.05,1,1765626,1765151,475
142205641,33.9575,55.9519,442,26636,0.0427581,0.03,1,1765645,1765203,442
142208561,27.983,33.1807,448,26716,0.0591032,0.07,1,1765669,1765221,448
142211481,54.3932,27.6723,496,26795,0.0896413,0.09,1,1765741,1765245,496
142223161,50.3237,59.2108,423,27110,0.0710788,0.03,1,1765933,1765510,423
142226081,57.9295,61.4843,423,27188,0.0464315,0.03,1,1765996,1765573,423
142229001,54.9718,56.3937,423,27266,0.0485726,0.05,1,1766049,1765626,423
142231921,34.5887,33.9575,425,27344,0.037429,0.07,1,1766070,1765645,425
142234841,28.2355,27.983,425,27421,0.0449716,0.11,1,1766094,1765669,425
142237761,55.6942,54.3932,427,27498,0.0959886,0.11,1,1766168,1765741,427
142243601,31.2311,31.0229,427,27652,0.225358,0.15,1,1766258,1765831,427
142246521,38.8924,38.8092,427,27729,0.216143,0.03,1,1766302,1765875,427
142249441,47.357,50.3237,422,27805,0.248457,0.03,1,1766355,1765933,422
142258201,34.3988,34.5887,422,28033,0.0751813,0.05,1,1766492,1766070,422
142261121,28.1595,28.2355,422,28109,0.0360725,0.13,1,1766516,1766094,422
142264041,58.0638,55.6942,426,28184,0.068429,0.25,1,1766594,1766168,426
142275721,46.448,15.557,483,28484,0.2202,0.27,1,1766785,1766302,483
142278641,53.3792,38.0228,488,28558,0.25008,0.13,1,1766843,1766355,488
142281561,51.3517,53.0091,475,28632,0.286032,0.07,1,1766893,1766418,475
142304921,54.9773,46.4456,492,29219,0.412443,0.27,1,1767277,1766785,492
142307841,53.1909,53.3782,486,29291,0.446977,0.31,1,1767329,1766843,486
142363321,44.376,43.8536,447,30635,0.766822,0.57,2,1768167,1767720,447
142366241,51.3504,49.9414,449,30704,0.792729,0.59,2,1768223,1767774,449
142369161,32.5402,31.9766,449,30773,0.779091,0.59,2,1768243,1767794,449
142372081,28.0161,27.1906,450,30842,0.797637,0.59,2,1768268,1767818,450
142386681,51.4213,49.3498,457,31183,0.936152,0.75,2,1768562,1768105,457
142550201,37.1,43.2631,506,34778,0.439949,1,1,1771059,1770553,506
142567721,41.0359,67.6907,497,35141,0.0672913,0.81,1,1771320,1770823,497
142570641,31.4143,45.0763,492,35201,0.0809165,0.83,1,1771345,1770853,492
142573561,42.5657,36.0305,512,35261,0.0863666,0.67,1,1771395,1770883,512
142579401,37.1705,45.1249,485,35381,0.0462187,0.49,1,1771469,1770984,485
142582321,31.0682,43.25,470,35441,0.0604875,0.37,1,1771496,1771026,470
142585241,46.0273,37.1,493,35501,0.054195,0.27,1,1771552,1771059,493
142588161,38.8109,51.44,466,35561,0.087678,0.09,1,1771586,1771120,466
142591081,32.9244,42.776,458,35620,0.0770712,0.07,1,1771615,1771157,458
142594001,21.5697,36.3104,440,35679,0.0728285,0.11,1,1771629,1771189,440
142596921,9.8279,24.7242,425,35738,0.0951314,0.13,1,1771631,1771206,425
142611521,41.9547,40.4263,427,36033,0.213413,0.01,1,1771861,1771434,427
142617361,32.9928,31.0682,428,36151,0.217746,0.05,1,1771924,1771496,428
142620281,44.3971,46.0273,424,36209,0.261098,0.11,1,1771976,1771552,424
142637801,39.4487,38.2925,430,36557,0.412796,0.21,1,1772175,1771745,430
142640721,30.7795,29.717,431,36615,0.435118,0.19,1,1772200,1771769,431
142643641,42.3118,41.8868,431,36673,0.420047,0.23,1,1772250,1771819,431
142646561,42.1247,41.9547,431,36731,0.438019,0.19,1,1772292,1771861,431
142649481,36.6499,35.9819,432,36789,0.433208,0.23,1,1772325,1771893,432
142652401,32.66,32.9928,431,36846,0.431283,0.29,1,1772355,1771924,431
142655321,46.064,44.3971,434,36903,0.430513,0.33,1,1772410,1771976,434
142702041,11.3547,24.1364,448,37808,0.761611,0.51,2,1772943,1772495,448
142704961,61.5419,10.8546,541,37864,0.754644,0.57,2,1773038,1772497,541
142707881,42.6168,58.9418,480,37920,0.787858,0.61,2,1773068,1772588,480
142719561,36.611,42.1265,486,38143,0.904569,0.67,2,1773219,1772733,486
142722481,32.6444,36.0506,484,38198,0.907828,0.67,2,1773249,1772765,484
142748761,23.5818,32.0467,465,38693,0.928097,0.91,2,1773558,1773093,465
142751681,40.6327,42.8187,467,38748,0.929239,0.91,2,1773610,1773143,467
142897681,30.5329,35.7434,499,41384,0.922,1,2,1775437,1774938,499
142903521,29.2453,24.1989,510,41486,0.94312,1,2,1775492,1774982,510
142915201,32.1695,36.9987,514,41690,0.413568,1,1,1775660,1775146,514
142918121,26.0678,42.3995,490,41741,0.267427,1,1,1775682,1775192,490
142926881,28.7883,34.1296,488,41893,0.0754353,1,1,1775786,1775298,488
142929801,34.9153,30.4518,499,41943,0.0481741,1,1,1775825,1775326,499
142932721,34.3661,44.5807,479,41993,0.0252697,1,1,1775859,1775380,479
142935641,34.7465,35.8323,484,42043,0.0281079,0.87,1,1775894,1775410,484
142938561,26.4986,30.5329,478,42093,0.0532431,0.99,1,1775915,1775437,478
142941481,20.7994,26.6132,471,42143,0.0512973,0.93,1,1775932,1775461,471
142944401,21.5198,29.2453,462,42193,0.0505189,0.61,1,1775954,1775492,462
142947321,44.0079,54.8981,449,42243,0.0382076,0.55,1,1776013,1775564,449
142950241,29.0032,37.5592,442,42293,0.057283,0.43,1,1776032,1775590,442
142961921,32.5473,37.4271,423,42493,0.239402,0.09,1,1776150,1775727,423
142967761,27.7676,28.7883,422,42593,0.0923044,0.03,1,1776208,1775786,422
142970681,36.307,34.9153,425,42643,0.0549217,0.01,1,1776250,1775825,425
142973601,34.3228,34.3661,424,42692,0.0759687,0.03,1,1776283,1775859,424
142976521,33.5291,34.7465,422,42741,0.0483875,0.07,1,1776316,1775894,422
142979441,26.0116,26.4986,422,42790,0.019355,0.05,1,1776337,1775915,422
142982361,20.6047,20.7994,422,42839,0.025742,0.05,1,1776354,1775932,422
142985281,21.4419,21.5198,422,42888,0.0162968,0.03,1,1776376,1775954,422
142988201,43.9767,44.0079,422,42937,0.0725187,0.07,1,1776435,1776013,422
142991121,30.7907,29.0032,425,42986,0.0830075,0.07,1,1776457,1776032,425
143011561,34.5346,27.6963,463,43329,0.0889809,0.03,1,1776671,1776208,463
143014481,33.6138,36.2785,454,43378,0.0415924,0.09,1,1776704,1776250,454
143017401,33.2455,34.3114,454,43427,0.0706369,0.03,1,1776737,1776283,454
143020321,25.8982,33.5246,442,43476,0.0342548,0,1,1776758,1776316,442
143023241,21.7593,26.0098,440,43525,0.0197019,0.03,1,1776777,1776337,440
143026161,21.3037,20.6039,444,43573,0.0258808,0.01,1,1776798,1776354,444
143029081,44.5215,21.4416,482,43621,0.0763523,0.11,1,1776858,1776376,482
143032001,31.0086,43.9766,445,43669,0.0725409,0.09,1,1776880,1776435,445
143034921,38.2034,30.7907,466,43717,0.0590164,0.13,1,1776923,1776457,466
143037841,30.8814,36.9163,451,43765,0.0656065,0.11,1,1776949,1776498,451
143040761,21.9525,29.7665,442,43813,0.0802426,0.11,1,1776965,1776523,442
143043681,36.981,21.5066,473,43861,0.098097,0.15,1,1777012,1776539,473
143052441,32.3188,23.3364,464,44005,0.0559582,0.05,1,1777093,1776629,464
143055361,33.3275,34.5346,456,44053,0.0523833,0.01,1,1777127,1776671,456
143058281,31.931,33.6138,454,44101,0.0629533,0.09,1,1777158,1776704,454
143061201,25.9724,33.2455,443,44149,0.0311813,0.01,1,1777180,1776737,443
143064121,22.389,25.8982,442,44197,0.0304725,0.01,1,1777200,1776758,442
143067041,20.9556,21.7593,443,44245,0.030189,0.03,1,1777220,1776777,443
143069961,45.5822,21.3037,484,44293,0.0300756,0.11,1,1777282,1776798,484
143072881,31.4329,44.5215,446,44341,0.0420302,0.07,1,1777304,1776858,446
143075801,37.7732,31.0086,466,44389,0.0708121,0.05,1,1777346,1776880,466
143078721,31.3093,38.2034,450,44437,0.0823248,0.07,1,1777373,1776923,450
143081641,13.7237,30.8814,426,44484,0.0869299,0.09,1,1777375,1776949,426
143131281,34.4803,34.4758,426,45283,0.21621,0.13,1,1777865,1777439,426
143134201,30.5921,30.5903,426,45330,0.260484,0.15,1,1777893,1777467,426
143137121,21.2368,20.6361,427,45377,0.266194,0.09,1,1777908,1777481,427
143151721,21.852,22.2299,426,45607,0.296822,0.09,1,1778049,1777623,426
143178001,31.8804,30.7121,461,46021,0.439412,0.29,1,1778326,1777865,461
143180921,22.9521,29.0848,450,46067,0.445765,0.27,1,1778343,1777893,450
143253921,35.6291,39.4378,481,47198,0.761251,0.59,2,1779115,1778634,481
143274361,28.9165,32.1714,455,47510,0.763179,0.69,2,1779281,1778826,455
143300641,35.0834,35.6291,458,47906,0.913962,0.73,2,1779573,1779115,458
143303561,15.2333,15.4516,458,47950,0.923585,0.75,2,1779575,1779117,458
143306481,19.2933,18.7807,459,47994,0.927434,0.71,2,1779597,1779138,459
143309401,40.1173,41.1123,457,48038,0.928974,0.71,2,1779651,1779194,457
143526941,315.504,354.072,470,23360,0.442,0.84,1,1781841,1781371,470
143529861,177.202,178.829,493,23451,0.2068,0.73,1,1781926,1781433,493
143535701,66.6323,85.2526,463,23631,0.082288,0.25,1,1782024,1781561,463
143538621,62.0529,68.301,465,23721,0.0629152,0.11,1,1782083,1781618,465
143541541,62.0212,70.5204,455,23810,0.0431661,0.09,1,1782145,1781690,455
143544461,58.4085,65.4082,449,23899,0.0472664,0.01,1,1782201,1781752,449
143547381,44.9634,61.5633,426,23988,0.0369066,0.01,1,1782237,1781811,426
143550301,33.5854,34.2253,436,24076,0.0687626,0.05,1,1782263,1781827,436
143556141,60.5737,63.436,423,24252,0.084202,0.07,1,1782406,1781983,423
143559061,49.4295,49.9744,424,24339,0.0756808,0.05,1,1782448,1782024,424
143561981,54.5718,55.3898,423,24426,0.0602723,0.03,1,1782506,1782083,423
143564901,59.6287,59.3559,424,24513,0.0541089,0.05,1,1782569,1782145,424
143567821,56.2515,57.3424,422,24599,0.0636436,0.03,1,1782623,1782201,422
143570741,44.7006,44.5369,423,24685,0.0434574,0.09,1,1782660,1782237,423
143573661,33.4802,33.4148,423,24771,0.047383,0.13,1,1782686,1782263,423
143576581,64.9921,64.3659,424,24857,0.0369532,0.07,1,1782772,1782348,424
143579501,60.1968,60.5464,423,24942,0.0447813,0.07,1,1782829,1782406,423
143582421,49.2787,49.4185,423,25027,0.0239125,0.05,1,1782871,1782448,423
143585341,53.9115,54.5674,422,25112,0.015565,0.05,1,1782928,1782506,422
143588261,59.3646,59.627,422,25196,0.006226,0.07,1,1782991,1782569,422
143591181,56.1458,56.2508,422,25280,0.0324904,0.03,1,1783045,1782623,422
143594101,44.6583,44.7003,422,25364,0.0309962,0.05,1,1783082,1782660,422
143597021,33.4633,33.4801,422,25448,0.0423985,0.05,1,1783108,1782686,422
143599941,64.9853,13.392,508,25531,0.0949594,0.03,1,1783194,1782686,508
143632061,54.3123,49.0368,486,26429,0.212406,0.15,1,1783778,1783292,486
143634981,59.5249,53.8147,492,26509,0.210962,0.15,1,1783841,1783349,492
143637901,53.81,59.3259,479,26589,0.222385,0.09,1,1783891,1783412,479
143640821,46.124,56.1304,466,26669,0.238954,0.15,1,1783932,1783466,466
143643741,34.0496,44.6521,455,26748,0.245582,0.11,1,1783958,1783503,455
143646661,68.8198,35.2609,518,26827,0.284233,0.17,1,1784050,1783532,518
143655421,36.2525,50.2807,432,27063,0.443231,0.23,1,1784153,1783721,432
143658341,48.101,54.3123,431,27141,0.447292,0.21,1,1784209,1783778,431
143710901,49.6018,31.9829,507,28513,0.76105,0.61,2,1785104,1784597,507
143713821,59.4407,46.3932,517,28587,0.77842,0.67,2,1785170,1784653,517
143716741,54.9763,57.5573,504,28661,0.797368,0.65,2,1785222,1784718,504
143728421,67.9546,71.5439,518,28955,0.927085,0.71,2,1785452,1784934,518
143731341,28.3818,67.0175,456,29028,0.940834,0.71,2,1785454,1784998,456
143842301,56.3315,69.6949,525,31680,0.9388,1,2,1787336,1786811,525
143851061,42.3652,43.1965,520,31881,0.767363,1,2,1787460,1786940,520
143924061,16.2643,16.164,450,33499,0.756944,0.65,2,1788489,1788039,450
143935741,49.8036,49.0474,455,33751,0.90445,0.71,2,1788706,1788251,455
143938661,38.5214,37.019,457,33814,0.90778,0.73,2,1788737,1788280,457
143941581,44.8086,44.8076,456,33877,0.921112,0.73,2,1788786,1788330,456
143944501,38.3234,38.323,456,33939,0.926445,0.71,2,1788820,1788364,456
143947421,43.5294,44.1292,455,34001,0.928578,0.67,2,1788867,1788412,455
143950341,41.4117,41.6517,455,34063,0.941431,0.77,2,1788907,1788452,455
143953261,39.9647,37.6607,459,34125,0.934572,0.77,2,1788946,1788487,459
143956181,17.1859,16.2643,459,34187,0.931829,0.83,2,1788948,1788489,459
144105101,42.0255,18.0775,531,37210,0.7636,1,2,1791097,1790566,531
144125541,41.0614,45.9233,509,37606,0.21984,1,1,1791369,1790860,509
144131381,31.2898,30.9877,503,37718,0.0483743,1,1,1791424,1790921,503
144134301,36.5159,33.3951,508,37774,0.0373497,0.95,1,1791464,1790956,508
144137221,50.6064,39.158,525,37830,0.0209399,0.81,1,1791524,1790999,525
144140141,38.8425,54.0632,492,37886,0.026376,0.69,1,1791555,1791063,492
144143061,35.937,42.0253,492,37942,0.0165504,0.69,1,1791589,1791097,492
144145981,41.3748,39.0101,500,37998,0.0366202,0.65,1,1791634,1791134,500
144148901,34.5499,43.804,483,38054,0.0446481,0.67,1,1791664,1791181,483
144151821,28.82,35.5216,478,38110,0.0718592,0.57,1,1791689,1791211,478
144154741,33.128,32.2086,484,38165,0.0827437,0.37,1,1791725,1791241,484
144157661,36.0512,39.8835,477,38220,0.0510975,0.33,1,1791763,1791286,477
144160581,33.0205,41.1534,466,38275,0.038439,0.11,1,1791794,1791328,466
144163501,24.6082,41.0614,444,38330,0.0333756,0.03,1,1791813,1791369,444
144166421,29.6433,30.2245,454,38385,0.0433502,0.01,1,1791846,1791392,454
144169341,35.8573,31.2898,462,38440,0.0473401,0.03,1,1791886,1791424,462
144172261,50.3429,36.5159,482,38495,0.024936,0.01,1,1791946,1791464,482
144175181,39.3372,50.6064,454,38550,0.0159744,0.03,1,1791978,1791524,454
144178101,36.1349,38.8425,457,38605,0.0243898,0.01,1,1792012,1791555,457
144181021,15.6539,35.937,425,38660,0.0277559,0.05,1,1792014,1791589,425
144183941,33.8616,41.3748,426,38715,0.0411024,0.05,1,1792060,1791634,426
144186861,30.9446,34.5499,425,38770,0.0224409,0.09,1,1792089,1791664,425
144189781,27.3779,28.82,425,38824,0.0869764,0.09,1,1792114,1791689,425
144192701,32.5511,33.128,425,38878,0.0767905,0.03,1,1792150,1791725,425
144195621,35.8205,36.0512,425,38932,0.0727162,0.03,1,1792188,1791763,425
144198541,31.1282,33.0205,422,38986,0.0710865,0.03,1,1792216,1791794,422
144201461,25.6513,24.6082,425,39040,0.0704346,0.05,1,1792238,1791813,425
144204381,28.2605,29.6433,422,39094,0.0821738,0.05,1,1792268,1791846,422
144207301,36.5042,35.8573,424,39148,0.0628695,0.01,1,1792310,1791886,424
144210221,50.0017,50.3429,423,39202,0.0311478,0.01,1,1792369,1791946,423
144213141,39.2007,39.3372,423,39256,0.0304591,0.03,1,1792401,1791978,423
144216061,36.6803,36.1349,424,39310,0.0421836,0.03,1,1792436,1792012,424
144218981,15.8721,15.6539,424,39364,0.0468735,0.05,1,1792438,1792014,424
144221901,32.7488,33.8616,422,39418,0.0367494,0.01,1,1792482,1792060,422
144224821,30.4995,30.9446,422,39472,0.0206998,0.13,1,1792511,1792089,422
144227741,28.3998,27.3779,424,39526,0.0262799,0.07,1,1792538,1792114,424
144230661,33.5599,32.5511,425,39579,0.076512,0.07,1,1792575,1792150,425
144248181,50.4791,50.0017,423,39897,0.0646353,0.03,1,1792792,1792369,423
144251101,39.3916,39.2007,423,39950,0.0318541,0.05,1,1792824,1792401,423
144254021,36.7567,36.6803,423,40003,0.0427416,0.05,1,1792859,1792436,423
144256941,15.9027,15.8721,423,40056,0.0590967,0.03,1,1792861,1792438,423
144277381,25.6074,29.8884,449,40424,0.201077,0.13,1,1793088,1792639,449
144280301,28.843,25.1554,458,40476,0.218431,0.17,1,1793119,1792661,458
144283221,34.9372,27.4621,468,40528,0.213372,0.09,1,1793158,1792690,468
144286141,46.9749,36.1849,481,40580,0.235349,0.03,1,1793213,1792732,481
144291981,37.396,39.3896,458,40684,0.204456,0.05,1,1793282,1792824,458
144294901,16.1584,36.7558,425,40736,0.207782,0.07,1,1793284,1792859,425
144303661,28.5861,29.6644,453,40892,0.203138,0.09,1,1793385,1792932,453
144309501,41.0538,34.8663,472,40996,0.216102,0.17,1,1793471,1792999,472
144312421,32.0215,38.5465,457,41047,0.224441,0.21,1,1793497,1793040,457
144315341,26.0086,31.0186,453,41098,0.251776,0.21,1,1793519,1793066,453
144318261,29.6034,25.6074,463,41149,0.286711,0.23,1,1793551,1793088,463
144338701,29.2628,34.6634,456,41506,0.414382,0.19,1,1793787,1793331,456
144341621,12.9051,29.4653,432,41557,0.423753,0.21,1,1793789,1793357,432
144370821,39.394,37.9818,440,42062,0.445125,0.37,1,1794153,1793713,440
144373741,16.9576,16.3927,440,42112,0.43605,0.41,1,1794155,1793715,440
144420461,31.0293,30.4332,444,42907,0.754478,0.49,2,1794674,1794230,444
144423381,13.6117,13.3733,444,42956,0.763791,0.45,2,1794676,1794232,444
144429221,33.3779,9.33972,484,43054,0.771407,0.51,2,1794746,1794262,484
144432141,43.9511,27.7359,495,43103,0.782563,0.57,2,1794797,1794302,495
144449661,37.8673,45.5554,485,43397,0.901276,0.67,2,1795009,1794524,485
144452581,39.7469,36.8222,495,43446,0.91851,0.71,2,1795050,1794555,495
144455501,17.0988,39.3289,456,43495,0.925404,0.71,2,1795052,1794596,456
144656981,33.2956,28.9604,517,46722,0.768961,1,2,1797288,1796771,517
144662821,39.7673,33.0737,533,46812,0.441034,1,1,1797367,1796834,533
144665741,36.3069,40.8295,521,46857,0.218414,1,1,1797401,1796880,521
144668661,34.9228,39.1318,517,46902,0.0933654,1,1,1797435,1796918,517
144671581,31.9691,36.0527,513,46947,0.0553462,1,1,1797465,1796952,513
144674501,31.3876,30.0211,518,46992,0.0401385,1,1,1797496,1796978,518
144677421,33.5551,33.0084,518,47037,0.0580554,1,1,1797531,1797013,518
144680341,26.622,33.6034,506,47082,0.0772222,1,1,1797553,1797047,506
144683261,26.2488,29.6413,505,47127,0.0488889,0.98,1,1797579,1797074,505
144686181,25.4995,28.6565,502,47172,0.0375555,0.94,1,1797604,1797102,502
144689101,28.7998,28.8626,504,47217,0.0570222,0.97,1,1797635,1797131,504
144692021,28.3199,32.545,497,47262,0.0408089,0.95,1,1797663,1797166,497
144694941,27.528,31.618,493,47307,0.0223236,0.86,1,1797690,1797197,493
144697861,22.4112,28.8472,485,47352,0.0149294,0.83,1,1797709,1797224,485
144700781,10.1645,27.7389,460,47397,0.00597177,0.71,1,1797711,1797251,460
144703701,23.8658,33.2956,456,47441,0.0443887,0.45,1,1797744,1797288,456
144706621,26.3463,34.9182,448,47485,0.0717555,0.35,1,1797772,1797324,448
144709541,29.1385,39.7673,436,47529,0.0707022,0.07,1,1797803,1797367,436
144712461,26.0554,36.3069,426,47573,0.0702809,0.01,1,1797827,1797401,426
144715381,30.8222,34.9228,426,47617,0.0461124,0.03,1,1797861,1797435,426
144718301,27.9289,31.9691,422,47661,0.0244449,0.03,1,1797887,1797465,422
144721221,29.7715,31.3876,422,47705,0.027778,0.07,1,1797918,1797496,422
144724141,37.1086,33.5551,429,47749,0.0531112,0.09,1,1797960,1797531,429
144727061,27.4434,26.622,428,47793,0.0272445,0.03,1,1797981,1797553,428
144729981,23.5774,26.2488,423,47837,0.0408978,0.03,1,1798002,1797579,423
144732901,24.431,25.4995,423,47881,0.0583591,0.07,1,1798027,1797604,423
144735821,27.7724,28.7998,422,47925,0.0293436,0.03,1,1798057,1797635,422
144738741,27.909,28.3199,422,47969,0.0297375,0.01,1,1798085,1797663,422
144741661,27.3636,27.528,422,48013,0.029895,0.01,1,1798112,1797690,422
144744581,23.5454,22.4112,424,48057,0.089958,0,1,1798133,1797709,424
144747501,10.6182,10.1645,424,48101,0.0899832,0.07,1,1798135,1797711,424
144750421,23.4473,23.8658,423,48145,0.0779933,0.09,1,1798167,1797744,423
144753341,26.1789,26.3463,423,48189,0.0971973,0.07,1,1798195,1797772,423
144767941,29.357,29.7715,422,48409,0.0551681,0.07,1,1798340,1797918,422
144770861,37.5428,37.1086,423,48453,0.0520672,0.01,1,1798383,1797960,423
144773781,27.6171,27.4434,423,48496,0.0388269,0.05,1,1798404,1797981,423
144776701,23.0468,23.5774,422,48539,0.0455308,0.07,1,1798424,1798002,422
144779621,24.2187,24.431,422,48582,0.0482123,0.01,1,1798449,1798027,422
144782541,27.6875,27.7724,422,48625,0.0732849,0.03,1,1798479,1798057,422
144785461,27.875,27.909,422,48668,0.047314,0.03,1,1798507,1798085,422
144788381,28.55,27.3636,424,48711,0.0189256,0.13,1,1798536,1798112,424
144791301,24.02,23.5454,424,48754,0.0255702,0.09,1,1798557,1798133,424
144794221,10.808,10.6182,424,48797,0.0522281,0.07,1,1798559,1798135,424
144797141,24.7232,23.4473,426,48840,0.0628912,0.07,1,1798593,1798167,426
144800061,26.6893,9.37891,454,48883,0.0551565,0.11,1,1798621,1798167,454
144802981,28.6757,20.5516,456,48926,0.0520626,0.13,1,1798651,1798195,456
144805901,28.2703,26.8206,453,48969,0.074825,0.09,1,1798679,1798226,453
144808821,30.5081,26.9283,458,49012,0.08393,0.17,1,1798711,1798253,458
144811741,25.4032,29.3713,449,49055,0.087572,0.11,1,1798733,1798284,449
144814661,26.9613,26.7485,452,49098,0.0770288,0.01,1,1798761,1798309,452
144817581,36.5845,29.2994,464,49141,0.0488115,0.05,1,1798804,1798340,464
144820501,27.2338,37.5198,442,49184,0.0495246,0.03,1,1798825,1798383,442
144823421,22.8935,27.6079,441,49227,0.0378098,0.05,1,1798845,1798404,441
144826341,24.7574,23.0432,447,49270,0.0571239,0.05,1,1798871,1798424,447
144829261,27.303,24.2173,451,49313,0.0528496,0.09,1,1798900,1798449,451
144832181,27.7212,27.6869,449,49356,0.0751398,0.03,1,1798928,1798479,449
144835101,28.4885,27.8748,450,49399,0.0360559,0,1,1798957,1798507,450
144838021,24.5954,28.5499,443,49442,0.0444224,0.03,1,1798979,1798536,443
144840941,11.0382,24.02,424,49485,0.0477689,0.07,1,1798981,1798557,424
144843861,25.4153,10.808,457,49528,0.0731076,0.07,1,1799016,1798559,457
144846781,26.9661,24.7232,451,49571,0.095243,0.05,1,1799044,1798593,451
144864301,36.2794,26.9613,465,49824,0.0878288,0.03,1,1799226,1798761,465
144867221,26.5118,36.5845,442,49866,0.0531315,0.05,1,1799246,1798804,442
144870141,22.6047,27.2338,441,49908,0.0272526,0.03,1,1799266,1798825,441
144873061,27.6419,22.8935,452,49950,0.040901,0.07,1,1799297,1798845,452
144875981,27.8568,24.7574,454,49992,0.0703604,0.05,1,1799325,1798871,454
144878901,25.5427,27.303,449,50034,0.0941442,0.09,1,1799349,1798900,449
144881821,28.2171,27.7212,451,50076,0.0796577,0.01,1,1799379,1798928,451
144884741,25.6868,28.4885,446,50118,0.0618631,0.05,1,1799403,1798957,446
144887661,11.4747,24.5954,426,50160,0.0307452,0.05,1,1799405,1798979,426
144890581,26.1899,11.0382,460,50202,0.0542981,0.09,1,1799441,1798981,460
144893501,27.876,25.4153,454,50244,0.0517192,0.11,1,1799470,1799016,454
144896421,29.7504,26.9661,457,50286,0.0626877,0.13,1,1799501,1799044,457
144899341,13.1002,28.7864,429,50328,0.0670751,0.15,1,1799503,1799074,429
144902261,22.6401,28.9146,429,50370,0.08083,0.19,1,1799532,1799103,429
144905181,30.056,31.3658,431,50412,0.074332,0.19,1,1799567,1799136,431
144908101,25.8224,25.7463,432,50454,0.0957328,0.17,1,1799590,1799158,432
144922701,28.9031,27.6419,425,50664,0.0786539,0.09,1,1799722,1799297,425
144925621,29.5613,27.8568,427,50706,0.0494616,0.11,1,1799752,1799325,427
144928541,25.0245,25.5427,425,50748,0.0497846,0.07,1,1799774,1799349,425
144931461,26.8098,28.2171,423,50790,0.0379138,0.05,1,1799802,1799379,423
144934381,24.5239,25.6868,422,50831,0.0451655,0.01,1,1799825,1799403,422
144937301,11.0096,11.4747,422,50872,0.0480662,0.07,1,1799827,1799405,422
144940221,27.8038,26.1899,425,50913,0.0372265,0.05,1,1799866,1799441,425
144943141,27.9215,27.876,424,50954,0.0688906,0.07,1,1799894,1799470,424
144946061,30.3686,29.7504,425,50995,0.0935562,0.07,1,1799926,1799501,425
144966501,24.7132,24.6446,427,51282,0.200394,0.13,1,1800096,1799669,427
144969421,19.4853,21.2579,424,51323,0.206157,0.05,1,1800112,1799688,424
144972341,26.9941,28.9031,422,51364,0.220463,0.03,1,1800144,1799722,422
144975261,28.7976,29.5613,422,51405,0.226185,0.05,1,1800174,1799752,422
144978181,24.7191,25.0245,422,51446,0.228474,0.03,1,1800196,1799774,422
144981101,27.2876,26.8098,423,51487,0.21739,0.05,1,1800225,1799802,423
144984021,24.115,24.5239,422,51528,0.224956,0.05,1,1800247,1799825,422
144986941,10.846,11.0096,422,51569,0.251982,0.03,1,1800249,1799827,422
144989861,27.7384,27.8038,422,51610,0.226793,0.09,1,1800288,1799866,422
144992781,29.0954,27.9215,424,51651,0.228717,0.11,1,1800318,1799894,424
144995701,31.4381,30.3686,425,51692,0.241487,0.11,1,1800351,1799926,425
144998621,13.7753,13.3474,425,51733,0.246595,0.13,1,1800353,1799928,425
145004461,30.644,9.33559,461,51815,0.297455,0.17,1,1800419,1799958,461
145007381,26.6576,24.1342,451,51856,0.292982,0.15,1,1800443,1799992,451
145036581,11.1131,24.1145,434,52260,0.404788,0.27,1,1800681,1800247,434
145042421,29.8581,27.7383,462,52340,0.428366,0.23,1,1800750,1800288,462
145130021,26.5082,25.9975,453,53534,0.763051,0.63,2,1801519,1801066,453
145132941,28.6033,28.399,453,53573,0.79122,0.63,2,1801549,1801096,453
145141701,29.2146,27.4015,456,53690,0.786238,0.67,2,1801616,1801160,456
145144621,31.4858,30.7606,456,53729,0.776495,0.71,2,1801649,1801193,456
145147541,34.1943,33.3042,457,53768,0.784598,0.71,2,1801685,1801228,457
145150461,14.8777,14.5217,457,53807,0.787839,0.65,2,1801687,1801230,457
145153381,27.5511,29.2087,454,53846,0.765136,0.67,2,1801723,1801269,454
145156301,32.6204,32.0835,456,53885,0.768054,0.69,2,1801759,1801303,456
145159221,27.4482,27.2334,456,53924,0.781222,0.69,2,1801783,1801327,456
145162141,12.1793,12.0934,456,53963,0.798489,0.69,2,1801785,1801329,456
145167981,32.4287,32.4149,456,54041,0.796158,0.69,2,1801849,1801393,456
145185501,29.8907,28.6033,462,54275,0.906612,0.85,2,1802011,1801549,462
145188421,26.3563,25.8413,462,54314,0.920645,0.85,2,1802035,1801573,462
145414721,58.8698,58.3807,492,26760,0.776859,0.67,2,1804271,1803779,492
145420561,43.7392,46.4209,473,26918,0.797497,0.63,2,1804357,1803884,473
145429321,68.1993,71.0829,456,27153,0.92104,0.69,2,1804520,1804064,456
145478961,36.795,14.9037,515,28450,0.94,1,2,1805368,1804853,515
145627881,35.1014,41.9395,481,32022,0.761564,0.57,2,1807862,1807381,481
145630801,38.0405,35.9758,489,32088,0.778625,0.59,2,1807902,1807413,489
145642481,41.697,46.5786,494,32352,0.914413,0.71,2,1808094,1807600,494
145645401,52.0788,41.4314,515,32417,0.947765,0.75,2,1808153,1807638,515
145759281,36.6035,39.5161,508,34870,0.930677,1,2,1809830,1809322,508
145773881,59.4235,38.4917,548,35172,0.901149,0.97,2,1810061,1809513,548
145776801,42.9694,57.3967,510,35232,0.94246,0.99,2,1810093,1809583,510
145779721,54.9878,45.1587,536,35292,0.928984,1,2,1810156,1809620,536
145937401,35.4864,31.4248,538,38392,0.946,1,2,1812308,1811770,538
145952001,33.6763,36.4111,523,38667,0.910647,1,2,1812470,1811947,523
145957841,34.0682,43.7458,492,38777,0.775703,1,2,1812540,1812048,492
145966601,44.4204,39.9757,496,38939,0.223165,1,1,1812692,1812196,496
145972441,38.9073,37.7161,489,39047,0.0489064,0.91,1,1812763,1812274,489
145975361,38.9629,35.4864,494,39101,0.0195626,1,1,1812802,1812308,494
145978281,33.5852,29.7946,498,39155,0.00782502,1,1,1812832,1812334,498
145981201,29.0341,29.3178,495,39209,0.05713,1,1,1812858,1812363,495
145984121,26.6136,35.7271,480,39263,0.076852,0.93,1,1812883,1812403,480
145987041,25.0455,34.6909,470,39317,0.0607408,0.88,1,1812907,1812437,470
145989961,24.4182,33.6763,461,39371,0.0422963,0.8,1,1812931,1812470,461
145992881,28.3673,35.6705,455,39425,0.0349185,0.73,1,1812962,1812507,455
145995801,28.7469,34.0682,451,39479,0.0199674,0.37,1,1812991,1812540,451
145998721,46.8988,55.6273,440,39532,0.049987,0.25,1,1813050,1812610,440
146001641,36.1595,45.0509,431,39585,0.0379948,0.13,1,1813079,1812648,431
146004561,36.0638,44.4204,423,39638,0.0451979,0.03,1,1813115,1812692,423
146007481,31.8255,35.7681,422,39691,0.0480792,0.01,1,1813144,1812722,422
146010401,37.9302,38.9073,423,39744,0.0492317,0,1,1813186,1812763,423
146013321,38.5721,38.9629,423,39797,0.0196927,0,1,1813225,1812802,423
146016241,32.8288,33.5852,422,39850,0.0138771,0.09,1,1813254,1812832,422
146019161,29.3315,29.0341,423,39903,0.0115508,0.09,1,1813281,1812858,423
146022081,28.5326,26.6136,426,39956,0.0586203,0.05,1,1813309,1812883,426
146030841,28.7061,9.76727,454,40115,0.0836717,0.03,1,1813385,1812931,454
146033761,28.2824,22.5069,451,40168,0.0514687,0.01,1,1813413,1812962,451
146036681,46.113,26.4028,480,40221,0.0265875,0.07,1,1813471,1812991,480
146039601,36.4452,45.9611,451,40273,0.064635,0.03,1,1813501,1813050,451
146042521,37.3781,35.7844,460,40325,0.043854,0.05,1,1813539,1813079,460
146045441,30.5512,35.9138,450,40377,0.0715416,0.05,1,1813565,1813115,450
146048361,37.4205,31.7655,463,40429,0.0826166,0.05,1,1813607,1813144,463
146051281,38.3682,37.9062,460,40481,0.0330467,0,1,1813646,1813186,460
146054201,32.7473,38.5625,450,40533,0.0312187,0.01,1,1813675,1813225,450
146057121,29.2989,32.825,448,40585,0.0304875,0.01,1,1813702,1813254,448
146060041,29.7196,29.33,451,40637,0.054195,0.09,1,1813732,1813281,451
146062961,26.2878,28.532,447,40689,0.075678,0.17,1,1813756,1813309,447
146065881,21.3151,23.4128,445,40741,0.0842712,0.09,1,1813774,1813329,445
146068801,29.5261,23.7651,456,40793,0.0637085,0.07,1,1813809,1813353,456
146071721,27.4104,28.706,450,40845,0.0674834,0.03,1,1813835,1813385,450
146074641,47.5642,28.2824,483,40897,0.0449934,0.01,1,1813896,1813413,483
146077561,36.4257,46.113,454,40949,0.0599973,0.09,1,1813925,1813471,454
146086321,38.3792,30.5512,467,41103,0.0535198,0.09,1,1814032,1813565,467
146089241,36.9517,37.4205,461,41154,0.0394079,0,1,1814068,1813607,461
146092161,31.5807,38.3682,450,41205,0.0157632,0.03,1,1814096,1813646,450
146095081,29.4323,32.7473,449,41256,0.0243053,0.03,1,1814124,1813675,449
146098001,30.9729,29.2989,454,41307,0.0277221,0.07,1,1814156,1813702,454
146100921,27.3892,29.7196,449,41358,0.0170888,0.09,1,1814181,1813732,449
146103841,21.1557,26.2878,442,41409,0.0128355,0.09,1,1814198,1813756,442
146106761,28.8623,21.3151,458,41460,0.0231342,0.05,1,1814232,1813774,458
146109681,27.7449,29.5261,450,41511,0.0392537,0.07,1,1814259,1813809,450
146112601,12.298,27.4104,426,41562,0.0457015,0.03,1,1814261,1813835,426
146115521,39.7192,47.5642,423,41613,0.0602806,0.07,1,1814319,1813896,423
146130121,35.7136,36.9517,423,41867,0.0482621,0,1,1814491,1814068,423
146133041,31.0854,31.5807,423,41917,0.0373048,0.03,1,1814519,1814096,423
146135961,29.2342,29.4323,423,41967,0.0209219,0.03,1,1814547,1814124,423
146138881,30.8937,30.9729,423,42017,0.0383688,0.01,1,1814579,1814156,423
146141801,27.3575,27.3892,423,42067,0.0453475,0.01,1,1814604,1814181,423
146144721,21.143,21.1557,423,42117,0.060139,0.03,1,1814621,1814198,423
146147641,28.8572,28.8623,423,42167,0.0420556,0.05,1,1814655,1814232,423
146150561,28.3429,27.7449,424,42217,0.0708222,0.05,1,1814683,1814259,424
146153481,12.5372,12.298,424,42267,0.0583289,0.07,1,1814685,1814261,424
146171001,34.0313,35.7136,422,42567,0.0837416,0.03,1,1814913,1814491,422
146173921,30.4125,31.0854,422,42617,0.0514966,0.01,1,1814941,1814519,422
146176841,28.965,29.2342,422,42667,0.0205987,0.05,1,1814969,1814547,422
146179761,31.986,30.8937,424,42716,0.0262395,0.05,1,1815003,1814579,424
146182681,27.7944,27.3575,424,42765,0.0764958,0.07,1,1815028,1814604,424
146185601,20.7178,21.143,423,42814,0.0965983,0.03,1,1815044,1814621,423
146188521,29.2871,28.8572,424,42863,0.0926393,0.09,1,1815079,1814655,424
146203121,40.9108,27.8744,469,43108,0.0901614,0.15,1,1815247,1814778,469
146206041,31.9643,36.3498,453,43157,0.0900646,0.19,1,1815273,1814820,453
146211881,29.4743,31.976,456,43255,0.0996103,0.01,1,1815334,1814878,456
146214801,28.5897,33.7904,449,43304,0.0818441,0.03,1,1815362,1814913,449
146217721,28.2359,30.3162,449,43353,0.0387377,0,1,1815390,1814941,449
146220641,32.2944,28.9265,456,43402,0.0214951,0.03,1,1815425,1814969,456
146223561,29.1177,31.9706,449,43451,0.026598,0.11,1,1815452,1815003,449
146226481,21.2471,27.7882,440,43500,0.0406392,0.11,1,1815468,1815028,440
146229401,30.0988,20.7153,460,43549,0.0582557,0.09,1,1815504,1815044,460
146232321,28.8395,29.2861,453,43597,0.0653023,0.13,1,1815532,1815079,453
146235241,12.7358,28.5144,427,43645,0.0681209,0.09,1,1815534,1815107,427
146252761,28.7091,33.1857,453,43933,0.265947,0.09,1,1815760,1815307,453
146261521,31.9334,28.2359,457,44077,0.237101,0.01,1,1815847,1815390,457
146270281,30.7717,21.2471,460,44221,0.205974,0.07,1,1815928,1815468,460
146276121,13.0835,28.8395,427,44317,0.216556,0.07,1,1815959,1815532,427
146279041,43.6334,12.7358,489,44365,0.200622,0.17,1,1816023,1815534,489
146290721,25.4194,33.182,432,44554,0.214272,0.21,1,1816132,1815700,432
146293641,32.3678,34.2728,434,44601,0.247709,0.31,1,1816169,1815735,434
146296561,29.7471,28.7091,437,44648,0.261084,0.33,1,1816197,1815760,437
146308241,28.3903,29.5734,431,44836,0.294636,0.21,1,1816306,1815875,431
146325761,38.6131,39.0534,431,45118,0.408932,0.19,1,1816490,1816059,431
146328681,39.4452,39.6213,431,45165,0.433573,0.19,1,1816530,1816099,431
146331601,16.9781,17.0485,431,45212,0.443429,0.23,1,1816532,1816101,431
146334521,25.3912,25.4194,431,45259,0.435372,0.27,1,1816563,1816132,431
146337441,33.5565,32.3678,433,45306,0.444149,0.27,1,1816602,1816169,433
146419201,17.6195,40.4932,451,46591,0.761778,0.57,2,1817423,1816972,451
146422121,26.2478,17.3973,481,46636,0.778711,0.57,2,1817455,1816974,481
146425041,36.2991,26.1589,492,46681,0.785485,0.57,2,1817498,1817006,492
146436721,30.3005,25.2457,486,46861,0.9119,0.67,2,1817613,1817127,486
146439641,28.9202,29.2983,482,46906,0.92276,0.69,2,1817641,1817159,482
146442561,22.3681,29.1193,471,46951,0.927104,0.67,2,1817659,1817188,471
146445481,33.5472,21.8477,495,46996,0.940842,0.69,2,1817700,1817205,495
146448401,31.4189,32.7391,485,47041,0.946337,0.69,2,1817730,1817245,485
146620681,33.0037,23.0834,525,49617,0.938848,1,2,1819500,1818975,525
146623601,29.4015,26.6333,523,49659,0.933539,1,2,1819527,1819004,523
146638201,24.8761,30.4954,514,49869,0.926119,1,2,1819662,1819148,514
146641121,28.5504,27.7982,519,49911,0.904448,1,2,1819693,1819174,519
146646961,45.7281,39.2477,523,49995,0.765112,1,2,1819785,1819262,523
146649881,32.0912,41.4991,503,50037,0.780045,1,2,1819808,1819305,503
146652801,30.2365,31.5996,507,50079,0.762018,1,2,1819837,1819330,507
146664481,27.2845,26.273,505,50247,0.75626,1,2,1819942,1819437,505
146667401,27.1138,25.5092,507,50289,0.788504,0.9,2,1819969,1819462,507
146699521,31.7313,32.0912,462,50751,0.912215,0.75,2,1820270,1819808,462
146702441,28.2925,30.2365,459,50793,0.946886,0.83,2,1820296,1819837,459
146906841,37.1577,30.9466,518,53615,0.922791,1,2,1822262,1821744,518
146909761,28.6631,29.7786,512,53654,0.915116,1,2,1822285,1821773,512
147006121,88.5116,39.2886,568,25990,0.774625,0.61,2,1823627,1823059,568
147017801,69.3027,66.0746,524,26315,0.914982,0.67,2,1823839,1823315,524
147020721,43.9211,67.8298,482,26396,0.923993,0.69,2,1823866,1823384,482
147125841,32.9819,47.1755,506,29146,0.94312,1,2,1825765,1825259,506
147131681,40.0771,57.1081,500,29291,0.754499,1,2,1825856,1825356,500
147137521,70.4923,78.7373,528,29435,0.42672,1,1,1826021,1825493,528
147146281,47.2315,73.9672,504,29651,0.0841901,0.97,1,1826172,1825668,504
147149201,39.8926,49.3869,506,29722,0.063676,1,1,1826207,1825701,506
147152121,30.357,41.9547,493,29793,0.0794704,0.91,1,1826231,1825738,493
147155041,13.3428,32.9819,468,29864,0.0857882,0.79,1,1826233,1825765,468
147157961,34.1371,46.1928,461,29935,0.0883153,0.69,1,1826281,1825820,461
147172561,67.418,73.0788,423,30287,0.218354,0.03,1,1826565,1826142,423
147175481,44.3672,47.2315,422,30357,0.213342,0.05,1,1826594,1826172,422
147193001,63.2841,63.7819,425,30773,0.207283,0.15,1,1826820,1826395,425
147195921,63.1136,62.1128,427,30842,0.232913,0.19,1,1826883,1826456,427
147198841,40.2455,38.0451,430,30911,0.231165,0.25,1,1826908,1826478,430
147201761,69.4982,67.418,432,30979,0.278466,0.21,1,1826997,1826565,432
147204681,43.9993,44.3672,430,31047,0.285386,0.15,1,1827024,1826594,430
147219281,34.5603,13.6102,462,31387,0.298362,0.21,1,1827167,1826705,462
147230961,71.0559,39.7228,523,31655,0.447654,0.31,1,1827431,1826908,523
147286441,63.5729,64.6701,455,32902,0.775861,0.67,2,1828209,1827754,455
147289361,41.0292,41.468,455,32966,0.796344,0.63,2,1828235,1827780,455
147295201,47.3647,47.0749,455,33094,0.795815,0.65,2,1828360,1827905,455
147315641,60.6324,59.9322,457,33539,0.922013,0.81,2,1828600,1828143,457
147420761,31.9747,41.6117,501,35738,0.928,1,2,1830135,1829634,501
147423681,57.1899,72.4447,482,35797,0.9172,1,2,1830209,1829727,482
147426601,50.4759,52.9779,488,35856,0.78088,1,2,1830255,1829767,488
147438281,33.5386,27.977,504,36092,0.278951,1,1,1830392,1829888,504
147441201,32.6154,31.5908,502,36151,0.20158,1,1,1830424,1829922,502
147444121,30.4462,33.6363,496,36209,0.0986321,1,1,1830453,1829957,496
147447041,35.5785,45.8545,481,36267,0.0394528,1,1,1830492,1830011,481
147449961,55.6314,57.3418,485,36325,0.0337811,1,1,1830561,1830076,485
147452881,38.4526,43.9367,477,36383,0.0555125,0.88,1,1830588,1830111,477
147455801,27.981,31.9747,474,36441,0.028205,0.91,1,1830609,1830135,474
147458721,48.9924,57.1899,463,36499,0.017282,0.69,1,1830672,1830209,463
147461641,43.597,50.4759,457,36557,0.0369128,0.55,1,1830712,1830255,457
147464561,35.4388,44.7904,446,36615,0.0327651,0.39,1,1830742,1830296,446
147467481,30.9755,37.1162,442,36673,0.031106,0.31,1,1830770,1830328,442
147470401,26.7902,32.8465,436,36731,0.0184424,0.21,1,1830794,1830358,436
147473321,29.3161,33.5386,433,36789,0.049377,0.15,1,1830825,1830392,433
147476241,28.5264,32.6154,429,36846,0.0617508,0.03,1,1830853,1830424,429
147479161,24.6106,30.4462,422,36903,0.0307003,0,1,1830875,1830453,422
147482081,33.8442,35.5785,423,36960,0.0122801,0.03,1,1830915,1830492,423
147485001,54.9377,55.6314,423,37017,0.00491205,0.07,1,1830984,1830561,423
147487921,37.5751,38.4526,422,37074,0.0199648,0.01,1,1831010,1830588,422
147490841,27.63,27.981,422,37131,0.0499859,0.01,1,1831031,1830609,422
147493761,48.852,48.9924,422,37188,0.0499944,0.01,1,1831094,1830672,422
147496681,43.5408,19.597,462,37245,0.0259977,0.05,1,1831134,1830672,462
147499601,34.8163,31.8388,451,37302,0.0403991,0.03,1,1831163,1830712,451
147502521,31.3265,30.7355,450,37359,0.0341596,0.03,1,1831192,1830742,450
147505441,26.3306,29.0942,445,37416,0.0436639,0.01,1,1831215,1830770,445
147508361,29.7322,26.0377,453,37472,0.0714655,0.07,1,1831247,1830794,453
147517121,33.2709,24.5624,461,37640,0.0710538,0,1,1831336,1830875,461
147520041,54.7083,33.825,490,37696,0.0284215,0,1,1831405,1830915,490
147522961,37.4833,54.93,447,37752,0.0413686,0.03,1,1831431,1830984,447
147525881,27.5933,37.572,442,37808,0.0465474,0.07,1,1831452,1831010,442
147528801,49.4373,27.6288,485,37864,0.048619,0.05,1,1831516,1831031,485
147531721,44.9749,48.8515,464,37920,0.0254476,0.01,1,1831558,1831094,464
147534641,34.79,43.5406,452,37976,0.052179,0.05,1,1831586,1831134,452
147537561,30.716,34.8162,451,38032,0.0388716,0.03,1,1831614,1831163,451
147540481,25.4864,31.3265,444,38088,0.0335486,0.05,1,1831636,1831192,444
147543401,31.7946,26.3306,457,38143,0.0314195,0.09,1,1831672,1831215,457
147546321,31.3178,29.7322,456,38198,0.0125678,0.13,1,1831703,1831247,456
147549241,26.3271,28.6929,451,38253,0.0590271,0.15,1,1831726,1831275,451
147552161,29.1309,24.6772,460,38308,0.0656108,0.03,1,1831757,1831297,460
147555081,53.0523,33.2709,490,38363,0.0322443,0,1,1831826,1831336,490
147558001,38.6209,54.7083,450,38418,0.0188977,0.05,1,1831855,1831405,450
147560921,26.2484,37.4833,442,38473,0.0255591,0.05,1,1831873,1831431,442
147563841,50.0994,27.5933,487,38528,0.0522236,0.05,1,1831939,1831452,487
147566761,45.2397,49.4373,465,38583,0.0268895,0.01,1,1831981,1831516,465
147569681,19.2959,44.9749,425,38638,0.0287558,0.07,1,1831983,1831558,425
147572601,24.5184,34.79,425,38693,0.0535023,0.03,1,1832011,1831586,425
147575521,25.4073,30.716,423,38748,0.0394009,0.03,1,1832037,1831614,423
147578441,22.7629,25.4864,422,38803,0.0337604,0.03,1,1832058,1831636,422
147581361,31.3052,31.7946,423,38857,0.0195041,0,1,1832095,1831672,423
147584281,32.3221,31.3178,425,38911,0.0138017,0.09,1,1832128,1831703,425
147587201,27.3288,26.3271,426,38965,0.0115207,0.07,1,1832152,1831726,426
147590121,28.3315,29.1309,424,39019,0.0586083,0.01,1,1832181,1831757,424
147593041,51.5326,53.0523,422,39073,0.0234433,0.01,1,1832248,1831826,422
147595961,38.613,38.6209,423,39127,0.0273773,0.03,1,1832278,1831855,423
147598881,26.8452,26.2484,424,39181,0.0409509,0.07,1,1832297,1831873,424
147601801,50.9381,50.0994,425,39235,0.0583804,0.01,1,1832364,1831939,425
147604721,44.3752,45.2397,423,39289,0.0653521,0.03,1,1832404,1831981,423
147607641,18.9501,19.2959,423,39343,0.0681409,0.07,1,1832406,1831983,423
147610561,24.38,24.5184,423,39397,0.0692563,0.03,1,1832434,1832011,423
147613481,24.752,25.4073,422,39451,0.0937025,0.03,1,1832459,1832037,422
147622241,32.2801,32.3221,422,39611,0.071997,0.01,1,1832550,1832128,422
147625161,27.3121,27.3288,422,39664,0.0347988,0.09,1,1832574,1832152,422
147628081,29.5248,28.3315,424,39717,0.0559195,0,1,1832605,1832181,424
147631001,50.8099,51.5326,422,39770,0.0283678,0.03,1,1832670,1832248,422
147633921,38.324,38.613,422,39823,0.0293471,0.05,1,1832700,1832278,422
147636841,27.9296,26.8452,424,39876,0.0297388,0.07,1,1832721,1832297,424
147639761,50.7718,50.9381,423,39929,0.0178955,0.07,1,1832787,1832364,423
147642681,45.5087,44.3752,425,39982,0.0731582,0.07,1,1832829,1832404,425
147645601,19.4035,18.9501,425,40035,0.0952633,0.07,1,1832831,1832406,425
147651441,26.0246,9.75201,452,40141,0.0956421,0.11,1,1832886,1832434,452
147668961,50.3261,29.4649,486,40455,0.241142,0.01,1,1833091,1832605,486
147680641,46.7923,50.7703,466,40663,0.226541,0.11,1,1833253,1832787,466
147683561,19.9169,45.5081,426,40715,0.240617,0.11,1,1833255,1832829,426
147686481,25.9668,19.4032,454,40767,0.246247,0.11,1,1833285,1832831,454
147689401,27.1867,24.5613,454,40819,0.260499,0.09,1,1833313,1832859,454
147692321,22.8747,26.0245,447,40871,0.278199,0.13,1,1833333,1832886,447
147695241,30.1499,22.4098,462,40923,0.28528,0.15,1,1833368,1832906,462
147704001,30.5616,26.5382,462,41078,0.296418,0.17,1,1833457,1832995,462
147750721,36.6246,36.5699,438,41893,0.413618,0.31,1,1833988,1833550,438
147753641,27.8498,28.4279,437,41943,0.447447,0.35,1,1834010,1833573,437
147823721,27.1066,29.24,475,43133,0.77316,0.61,2,1834752,1834277,475
147826641,31.8427,26.096,486,43182,0.795264,0.67,2,1834787,1834301,486
147841241,47.6061,53.3687,497,43427,0.908537,0.69,2,1835020,1834523,497
147844161,20.2424,47.7475,455,43476,0.921415,0.69,2,1835022,1834567,455
148051481,125.548,142.371,499,21370,0.434136,1,1,1837439,1836940,499
148054401,88.6193,95.3484,499,21469,0.431654,0.91,1,1837503,1837004,499
148057321,72.0477,82.5394,486,21568,0.442662,0.79,1,1837564,1837078,486
148060241,79.2191,64.8157,517,21666,0.435065,0.55,1,1837648,1837131,517
148063161,52.0876,78.1263,464,21764,0.420026,0.57,1,1837682,1837218,464
148066081,34.0351,46.2505,461,21861,0.43801,0.39,1,1837704,1837243,461
148112801,74.6352,76.1852,524,23365,0.788535,0.67,2,1838776,1838252,524
148121561,79.8727,64.8759,544,23636,0.908946,0.71,2,1838995,1838451,544
148206241,44.9732,52.5099,511,26111,0.934,1,2,1840667,1840156,511
148212081,71.6357,51.2416,553,26273,0.93544,1,2,1840802,1840249,553
148226681,52.1675,75.5823,506,26674,0.294804,1,1,1841099,1840593,506
148229601,47.267,49.4329,518,26753,0.243922,0.89,1,1841143,1840625,518
148247121,37.6889,43.2967,444,27224,0.20906,0.25,1,1841413,1840969,444
148250041,65.4756,71.9187,437,27302,0.221624,0.25,1,1841497,1841060,437
148252961,48.3902,52.1675,435,27380,0.23865,0.21,1,1841534,1841099,435
148255881,43.3561,47.267,431,27457,0.26946,0.15,1,1841574,1841143,431
148258801,40.1424,42.3068,430,27534,0.269784,0.17,1,1841612,1841182,430
148261721,64.657,66.7227,428,27611,0.269914,0.17,1,1841693,1841265,428
148264641,27.0628,27.8891,428,27688,0.269965,0.15,1,1841695,1841267,428
148273401,37.996,37.6889,431,27916,0.297358,0.23,1,1841844,1841413,431
148285081,41.2351,40.1424,436,28218,0.40366,0.27,1,1842048,1841612,436
148325961,37.3104,44.3605,480,29251,0.75424,0.55,2,1842725,1842245,480
148346401,64.9115,27.9744,543,29753,0.913587,0.73,2,1843117,1842574,543
148349321,46.3646,62.1898,492,29824,0.911435,0.75,2,1843151,1842659,492
148352241,19.7458,45.2759,460,29895,0.910574,0.77,2,1843153,1842693,460
148355161,27.6983,37.3104,461,29966,0.92223,0.85,2,1843186,1842725,461
148463201,54.4462,38.1709,537,32475,0.9016,1,2,1844988,1844451,537
148469041,46.1514,45.7073,513,32605,0.795856,1,2,1845075,1844562,513
148509921,31.8662,34.5137,453,33501,0.417101,0.63,1,1845637,1845184,453
148512841,37.3465,39.6055,451,33564,0.43684,0.59,1,1845678,1845227,451
148515761,40.7386,39.8422,454,33627,0.432736,0.61,1,1845721,1845267,454
148518681,34.8954,38.1369,448,33690,0.443094,0.55,1,1845752,1845304,448
148577081,38.7298,30.9078,493,34925,0.78346,0.67,2,1846571,1846078,493
148588761,38.9787,55.3576,482,35166,0.911849,0.69,2,1846745,1846263,482
148591681,47.3915,38.3431,508,35226,0.922739,0.69,2,1846798,1846290,508
148740601,39.9031,44.2245,516,38167,0.789232,1,2,1848825,1848309,516
148752281,34.2039,40.8473,506,38387,0.419516,1,1,1848971,1848465,506
148763961,29.0996,36.0665,500,38607,0.0689636,1,1,1849109,1848609,500
148766881,21.2398,33.0266,485,38662,0.0275854,0.98,1,1849125,1848640,485
148769801,34.8959,45.6106,475,38717,0.0290342,1,1,1849169,1848694,475
148772721,36.7584,38.6443,479,38772,0.0116137,0.8,1,1849207,1848728,479
148775641,45.9034,56.2577,463,38826,0.00464547,0.73,1,1849259,1848796,463
148778561,32.1613,39.9031,457,38880,0.00785819,0.63,1,1849282,1848825,457
148781481,32.0645,37.5612,453,38934,0.0331433,0.57,1,1849314,1848861,453
148784401,35.6258,42.0245,446,38988,0.0552573,0.41,1,1849352,1848906,446
148787321,32.8503,36.0098,445,39042,0.0401029,0.37,1,1849383,1848938,445
148790241,31.1401,34.2039,442,39096,0.0700412,0.31,1,1849413,1848971,442
148793161,35.2561,43.6816,430,39150,0.0940165,0.07,1,1849451,1849021,430
148796081,26.7024,34.8726,422,39204,0.0676066,0.09,1,1849472,1849050,422
148799001,30.481,33.7491,422,39258,0.0330426,0.03,1,1849505,1849083,422
148801921,27.7924,29.0996,422,39312,0.0192171,0,1,1849531,1849109,422
148804841,20.717,21.2398,422,39366,0.00768682,0.03,1,1849547,1849125,422
148807761,34.6868,34.8959,422,39420,0.00907473,0,1,1849591,1849169,422
148810681,37.2747,36.7584,423,39474,0.0216299,0,1,1849630,1849207,423
148813601,45.5099,45.9034,422,39528,0.00865196,0.01,1,1849681,1849259,422
148816521,32.004,32.1613,422,39581,0.00946078,0.05,1,1849704,1849282,422
148819441,32.6016,32.0645,423,39634,0.0217843,0.07,1,1849737,1849314,423
148822361,35.2406,35.6258,422,39687,0.0147137,0.03,1,1849774,1849352,422
148825281,33.2963,32.8503,423,39740,0.0118855,0.09,1,1849806,1849383,423
148828201,32.5185,31.1401,425,39793,0.0227542,0.11,1,1849838,1849413,425
148831121,34.6074,35.2561,423,39846,0.0871017,0.05,1,1849874,1849451,423
148836961,30.1372,30.481,422,39952,0.0991363,0.01,1,1849927,1849505,422
148839881,28.2549,27.7924,423,40005,0.0396545,0,1,1849954,1849531,423
148842801,21.5019,20.717,424,40058,0.0218618,0,1,1849971,1849547,424
148845721,33.2008,8.28678,465,40111,0.0387447,0.01,1,1850012,1849547,465
148848641,36.6803,29.7147,460,40164,0.0214979,0.03,1,1850051,1849591,460
148851561,45.2721,35.2859,472,40217,0.0265992,0,1,1850102,1849630,472
148854481,31.9088,44.7144,444,40270,0.0406397,0.01,1,1850125,1849681,444
148857401,32.5635,31.6857,454,40322,0.0342559,0.03,1,1850158,1849704,454
148860321,35.2254,32.4743,458,40374,0.0317023,0.01,1,1850195,1849737,458
148863241,33.8902,35.1897,454,40426,0.0186809,0.01,1,1850228,1849774,454
148866161,32.1561,33.2759,453,40478,0.0494724,0.03,1,1850259,1849806,453
148869081,36.8624,32.5104,461,40530,0.049789,0.13,1,1850299,1849838,461
148872001,26.745,34.6041,445,40582,0.0619156,0.13,1,1850319,1849874,445
148874921,29.898,25.8417,457,40634,0.0667662,0.09,1,1850351,1849894,457
148877841,26.3592,30.1367,448,40686,0.0447065,0,1,1850375,1849927,448
148880761,21.3437,28.2547,439,40738,0.0238826,0.01,1,1850393,1849954,439
148883681,32.5375,21.5019,462,40790,0.039553,0.05,1,1850433,1849971,462
148886601,37.015,33.2007,461,40842,0.0458212,0.01,1,1850473,1850012,461
148889521,45.406,36.6803,473,40894,0.0483285,0.03,1,1850524,1850051,473
148892441,31.9624,45.2721,445,40946,0.0493314,0.05,1,1850547,1850102,445
148895361,32.585,31.9088,455,40998,0.0377326,0.03,1,1850580,1850125,455
148898281,34.634,32.5635,458,41049,0.045093,0.03,1,1850616,1850158,458
148901201,34.8536,35.2254,456,41100,0.0360372,0.01,1,1850651,1850195,456
148904121,33.1414,33.8902,455,41151,0.0564149,0.07,1,1850683,1850228,455
148907041,36.6566,32.1561,463,41202,0.052566,0.05,1,1850722,1850259,463
148909961,27.2626,36.8624,444,41253,0.0630264,0.07,1,1850743,1850299,444
148912881,30.1051,26.745,456,41304,0.0792105,0.07,1,1850775,1850319,456
148915801,25.842,29.898,447,41355,0.0976842,0.03,1,1850798,1850351,447
148918721,21.1368,26.3592,441,41406,0.0810737,0.01,1,1850816,1850375,441
148924561,36.5019,32.5375,461,41508,0.0621718,0.05,1,1850894,1850433,461
148927481,15.8008,37.015,423,41559,0.0548687,0.05,1,1850896,1850473,423
148930401,36.3203,45.406,422,41610,0.0279475,0.05,1,1850946,1850524,422
148933321,28.9281,31.9624,423,41661,0.029179,0.03,1,1850970,1850547,423
148936241,31.3712,32.585,423,41712,0.0416716,0.05,1,1851003,1850580,423
148939161,34.1485,34.634,423,41763,0.0466686,0.03,1,1851039,1850616,423
148942081,34.0594,34.8536,422,41814,0.0366675,0.07,1,1851073,1850651,422
148945001,34.6238,33.1414,425,41864,0.056667,0.05,1,1851108,1850683,425
148947921,36.6495,36.6566,424,41914,0.0526668,0.07,1,1851146,1850722,424
148950841,27.8598,27.2626,425,41964,0.0630667,0.09,1,1851168,1850743,425
148980041,33.7005,34.1485,422,42464,0.0921362,0.03,1,1851461,1851039,422
148982961,33.8802,34.0594,422,42514,0.0668545,0.07,1,1851495,1851073,422
148985881,35.1521,34.6238,423,42564,0.0327418,0.05,1,1851531,1851108,423
148988801,38.0608,36.6495,425,42614,0.0430967,0.07,1,1851571,1851146,425
148991721,28.4243,27.8598,425,42664,0.0712387,0.15,1,1851593,1851168,425
148994641,32.3697,30.9439,427,42713,0.0464955,0.11,1,1851628,1851201,427
148997561,27.3479,26.7776,427,42762,0.0365982,0.11,1,1851652,1851225,427
149000481,20.5392,20.311,427,42811,0.0566393,0.15,1,1851668,1851241,427
149006321,36.0463,35.4098,428,42909,0.0942623,0.17,1,1851746,1851318,428
149023841,32.6147,32.3586,455,43203,0.221292,0.05,1,1851916,1851461,455
149026761,34.6459,33.3434,457,43252,0.214517,0.01,1,1851952,1851495,457
149029681,39.0583,34.9374,463,43301,0.211807,0.05,1,1851994,1851531,463
149032601,28.8233,37.9749,445,43350,0.210723,0.09,1,1852016,1851571,445
149035521,31.9293,28.39,457,43399,0.222289,0.03,1,1852050,1851593,457
149038441,27.1717,32.356,446,43448,0.250916,0.03,1,1852074,1851628,446
149041361,20.4687,27.3424,438,43497,0.262366,0.07,1,1852090,1851652,438
149044281,33.3875,20.537,464,43546,0.266946,0.13,1,1852132,1851668,464
149047201,37.355,31.6148,465,43594,0.268779,0.09,1,1852172,1851707,465
149050121,16.142,36.0459,428,43642,0.293511,0.15,1,1852174,1851746,428
149073481,28.7473,39.0583,453,44026,0.404403,0.21,1,1852447,1851994,453
149076401,32.4989,28.8233,466,44074,0.407761,0.23,1,1852482,1852016,466
149079321,28.5996,31.9293,458,44122,0.445105,0.27,1,1852508,1852050,458
149164001,32.5333,32.2261,448,45489,0.75165,0.55,2,1853372,1852924,448
149166921,31.0133,30.2904,449,45535,0.77466,0.55,2,1853402,1852953,449
149199041,33.8238,25.7681,491,46041,0.901222,0.73,2,1853729,1853238,491
149201961,38.7295,30.7072,499,46087,0.906489,0.71,2,1853771,1853272,499
149204881,29.2918,38.0829,479,46133,0.920595,0.73,2,1853794,1853315,479
149426801,326.382,345.61,486,21900,0.79,0.95,2,1856158,1855672,486
149464761,71.4396,62.7082,530,23819,0.796022,0.63,2,1857015,1856485,530
149476441,65.5633,69.1605,459,24173,0.90113,0.71,2,1857207,1856748,459
149479361,60.4253,62.4642,458,24261,0.918452,0.75,2,1857264,1856806,458
149564041,40.2201,50.7975,503,26678,0.914416,1,2,1858956,1858453,503
149578641,58.5063,71.8491,484,27072,0.78202,0.99,2,1859234,1858750,484
149599081,51.7468,54.4141,461,27615,0.755011,0.79,2,1859597,1859136,461
149602001,35.6987,36.7656,461,27692,0.776005,0.75,2,1859622,1859161,461
149616601,36.2283,35.669,458,28072,0.928922,0.71,2,1859878,1859420,458
149750921,40.2748,18.3078,523,31352,0.925264,1,2,1862198,1861675,523
149756761,51.324,41.9292,531,31486,0.780442,1,2,1862295,1861764,531
149818081,38.8832,46.7228,451,32868,0.765715,0.61,2,1863202,1862751,451
149821001,23.9533,26.4891,452,32932,0.780286,0.59,2,1863216,1862764,452
149823921,36.5813,39.3956,449,32996,0.774114,0.57,2,1863261,1862812,449
149829761,51.813,52.7433,450,33124,0.763458,0.59,2,1863394,1862944,450
149832681,39.9252,39.6973,451,33188,0.755383,0.65,2,1863426,1862975,451
149856041,36.0773,36.5813,458,33694,0.914201,0.69,2,1863719,1863261,458
150019561,37.4699,27.0849,528,37044,0.92032,1,2,1866129,1865601,528
150022481,28.788,33.634,513,37101,0.902128,1,2,1866152,1865639,513
150042921,46.7668,47.9095,525,37499,0.402487,1,1,1866437,1865912,525
150045841,42.1067,53.9638,506,37555,0.406995,1,1,1866476,1865970,506
150063361,33.4324,28.9149,502,37891,0.274835,0.83,1,1866683,1866181,502
150092561,26.9475,36.0068,456,38445,0.436918,0.33,1,1867051,1866595,456
150159721,43.1545,42.4019,447,39689,0.754961,0.53,2,1867847,1867400,447
150162641,43.0618,42.1607,448,39742,0.799984,0.55,2,1867890,1867442,448
150183081,17.8061,6.82195,470,40113,0.901048,0.65,2,1868079,1867609,470
150390401,28.4932,22.0576,550,43691,0.90328,1,2,1870636,1870086,550
150393321,26.9973,32.823,536,43739,0.787312,1,2,1870662,1870126,536
150405001,29.8031,35.3955,530,43931,0.432811,1,1,1870783,1870253,530
150410841,35.0085,36.8633,517,44027,0.23845,1,1,1870855,1870338,517
150419601,36.5845,38.2872,511,44171,0.0908608,1,1,1870966,1870455,511
150422521,42.8338,37.5149,521,44219,0.0663443,1,1,1871013,1870492,521
150425441,35.7335,43.206,505,44267,0.0805377,0.98,1,1871044,1870539,505
150428361,35.2934,40.0824,502,44315,0.0982151,0.93,1,1871079,1870577,502
150431281,26.1174,38.233,485,44363,0.093286,0.87,1,1871099,1870614,485
150469241,35.0749,35.7335,426,44975,0.224833,0.11,1,1871470,1871044,426
150472161,35.03,35.2934,426,45022,0.203933,0.09,1,1871505,1871079,426
150475081,26.612,26.1174,427,45069,0.243573,0.11,1,1871526,1871099,427
150478001,23.8448,23.0469,428,45116,0.235429,0.13,1,1871548,1871120,428
150480921,29.9379,29.6188,428,45163,0.256172,0.13,1,1871582,1871154,428
150483841,13.1752,13.0475,428,45210,0.288469,0.17,1,1871584,1871156,428
150486761,19.0701,19.019,428,45257,0.289387,0.15,1,1871607,1871179,428
150489681,14.228,14.2076,428,45304,0.289755,0.17,1,1871618,1871190,428
150513041,35.2373,35.0749,430,45674,0.440455,0.19,1,1871900,1871470,430
150588961,32.9087,30.6995,485,46859,0.758415,0.63,2,1872638,1872153,485
150591881,35.9635,32.0798,490,46904,0.765366,0.63,2,1872676,1872186,490
150594801,37.7854,35.6319,491,46949,0.780146,0.65,2,1872715,1872224,491
150597721,48.1142,36.4528,509,46994,0.774059,0.69,2,1872770,1872261,509
150600641,37.2457,45.1811,488,47039,0.783623,0.71,2,1872800,1872312,488
150603561,37.0983,37.2724,493,47084,0.799449,0.73,2,1872837,1872344,493
150624001,7.59786,15.3692,460,47399,0.901458,0.73,2,1872960,1872500,460
150626921,24.6391,28.9477,458,47443,0.918583,0.73,2,1872996,1872538,458
150629841,32.0557,33.1791,459,47487,0.949433,0.75,2,1873033,1872574,459
150644441,48.358,48.1142,461,47707,0.942909,0.79,2,1873231,1872770,461
150647361,37.3432,37.2457,461,47751,0.947164,0.81,2,1873261,1872800,461
150835701,359.223,406.91,431,21900,0.2524,0.15,1,1875398,1874967,431
150841541,83.0357,87.4256,443,22817,0.096784,0.05,1,1875458,1875015,443
150847381,87.2057,86.9481,456,23003,0.0718854,0,1,1875622,1875166,456
150850301,65.4823,71.9792,445,23095,0.0707542,0.03,1,1875673,1875228,445
150853221,69.9929,72.5917,445,23187,0.0703017,0.07,1,1875746,1875301,445
150856141,55.5972,47.6367,460,23278,0.0821207,0.11,1,1875792,1875332,460
150859061,57.6389,58.6547,453,23369,0.0988483,0.11,1,1875851,1875398,453
150867821,79.8409,54.7779,519,23640,0.0920063,0.05,1,1876045,1875526,519
150870741,63.1364,79.5112,475,23730,0.0548025,0.07,1,1876097,1875622,475
150873661,69.6545,62.4045,498,23819,0.039921,0.07,1,1876171,1875673,498
150876581,55.4618,68.7618,471,23908,0.0699684,0.09,1,1876217,1875746,471
150879501,23.3847,55.1047,427,23997,0.0819874,0.11,1,1876219,1875792,427
150894101,60.9249,63.1313,423,24435,0.200472,0.03,1,1876520,1876097,423
150897021,69.97,69.6525,425,24522,0.230189,0.09,1,1876596,1876171,425
150899941,56.188,55.461,426,24608,0.254075,0.09,1,1876643,1876217,426
150902861,23.6752,23.3844,426,24694,0.26363,0.15,1,1876645,1876219,426
150905781,45.4701,44.7538,427,24780,0.279452,0.17,1,1876705,1876278,427
150914541,78.0061,77.3122,430,25036,0.435725,0.21,1,1876900,1876470,430
150917461,61.2024,60.9249,430,25121,0.44429,0.25,1,1876950,1876520,430
150920381,71.281,69.97,432,25205,0.447716,0.27,1,1877028,1876596,432
150967101,71.2957,62.7983,527,26518,0.784808,0.59,2,1877921,1877394,527
150970021,59.1183,71.3193,501,26598,0.787923,0.57,2,1877972,1877471,501
150972941,24.8473,57.9277,454,26678,0.789169,0.61,2,1877974,1877520,454
150984621,25.2889,59.4957,456,26994,0.904219,0.73,2,1878154,1877698,456
150987541,67.1156,79.5983,458,27072,0.931688,0.77,2,1878249,1877791,458
151124781,46.1776,54.822,481,30530,0.0619452,1,1,1880674,1880193,481
151127701,43.071,42.3288,488,30599,0.0427781,1,1,1880715,1880227,488
151130621,47.2284,52.3315,479,30668,0.0831112,1,1,1880765,1880286,479
151133541,39.2914,45.5326,472,30737,0.0512445,0.96,1,1880799,1880327,472
151136461,34.3165,39.813,467,30806,0.0264978,0.73,1,1880830,1880363,467
151139381,44.9266,56.1252,452,30875,0.0165991,0.49,1,1880882,1880430,452
151142301,35.3706,45.2501,443,30944,0.0246396,0.19,1,1880911,1880468,443
151145221,48.9483,61.9,428,31012,0.0278559,0.09,1,1880969,1880541,428
151148141,37.5793,46.36,422,31080,0.0531423,0.05,1,1880999,1880577,422
151151061,47.4317,50.944,422,31148,0.0512569,0.03,1,1881053,1880631,422
151153981,47.1727,46.1776,426,31216,0.0385028,0.03,1,1881100,1880674,426
151156901,41.6691,43.071,423,31284,0.0214011,0.03,1,1881138,1880715,423
151159821,47.2676,17.2284,474,31352,0.0265604,0.11,1,1881189,1880715,474
151162741,38.1071,36.8914,456,31419,0.0406242,0.03,1,1881221,1880765,456
151165661,33.2428,35.1565,452,31486,0.0582497,0.01,1,1881251,1880799,452
151171501,36.3989,44.265,452,31620,0.0753199,0.03,1,1881334,1880882,452
151174421,48.7595,35.106,480,31687,0.072128,0.03,1,1881391,1880911,480
151177341,38.7038,48.8424,454,31754,0.0468512,0.07,1,1881423,1880969,454
151180261,46.0815,37.537,475,31821,0.0487405,0.05,1,1881474,1880999,475
151183181,46.6326,47.4148,468,31887,0.0494962,0.03,1,1881521,1881053,468
151186101,41.453,47.1659,459,31953,0.0377985,0.01,1,1881559,1881100,459
151189021,48.9812,41.6664,475,32019,0.0331194,0.03,1,1881613,1881138,475
151191941,38.7925,47.2665,456,32085,0.0192478,0.05,1,1881645,1881189,456
151194861,31.717,38.1066,451,32151,0.0616991,0.07,1,1881672,1881221,451
151197781,45.6868,33.2426,476,32217,0.0546796,0.15,1,1881727,1881251,476
151200701,36.2747,44.4971,454,32283,0.0518719,0.05,1,1881757,1881303,454
151203621,49.3099,36.3988,481,32349,0.0867487,0.07,1,1881815,1881334,481
151209461,45.0896,38.7038,472,32479,0.0942798,0.05,1,1881895,1881423,472
151212381,46.2358,46.0815,468,32544,0.0557119,0.05,1,1881942,1881474,468
151215301,42.4943,46.6326,461,32609,0.0282848,0.03,1,1881982,1881521,461
151218221,48.7977,41.453,476,32674,0.0293139,0.03,1,1882035,1881559,476
151221141,38.7191,48.9812,454,32739,0.0177256,0.01,1,1882067,1881613,454
151224061,16.6876,38.7925,424,32804,0.0370902,0.09,1,1882069,1881645,424
151226981,21.6751,31.717,422,32868,0.0568361,0.05,1,1882094,1881672,422
151229901,42.87,45.6868,424,32932,0.0527344,0.05,1,1882151,1881727,424
151232821,35.148,36.2747,424,32996,0.0630938,0.11,1,1882181,1881757,424
151235741,50.6592,49.3099,427,33060,0.0792375,0.11,1,1882242,1881815,427
151238661,38.2637,37.724,427,33124,0.097695,0.09,1,1882272,1881845,427
151244501,45.0022,46.2358,423,33252,0.0888312,0.01,1,1882365,1881942,423
151247421,41.4009,42.4943,422,33316,0.0655325,0.03,1,1882404,1881982,422
151250341,48.9604,48.7977,423,33379,0.056213,0.01,1,1882458,1882035,423
151253261,38.1841,38.7191,422,33442,0.0644852,0.05,1,1882489,1882067,422
151256181,16.4737,16.6876,422,33505,0.0677941,0.07,1,1882491,1882069,422
151259101,22.1895,21.6751,423,33568,0.0691176,0.05,1,1882517,1882094,423
151262021,43.0758,42.87,423,33631,0.0456471,0.07,1,1882574,1882151,423
151264941,35.8303,35.148,424,33694,0.0602588,0.09,1,1882605,1882181,424
151267861,50.9321,50.6592,424,33757,0.0901035,0.11,1,1882666,1882242,424
151308741,45.4402,44.2528,472,34624,0.215892,0.17,1,1883217,1882745,472
151311661,37.9761,44.7011,460,34685,0.248357,0.15,1,1883250,1882790,460
151314581,50.5904,39.4804,483,34746,0.249343,0.13,1,1883309,1882826,483
151317501,38.2362,49.3922,457,34807,0.261737,0.17,1,1883339,1882882,457
151320421,16.4945,37.7569,429,34868,0.266695,0.17,1,1883341,1882912,429
151323341,23.3978,16.3027,455,34929,0.268678,0.13,1,1883369,1882914,455
151340861,45.9804,44.6004,478,35290,0.40244,0.23,1,1883649,1883171,478
151343781,39.3922,45.4402,467,35350,0.418976,0.27,1,1883684,1883217,467
151346701,50.5569,37.9761,492,35410,0.44959,0.25,1,1883742,1883250,492
151408021,46.5494,45.8926,447,36643,0.753417,0.51,2,1884491,1884044,447
151410941,46.8198,46.5571,447,36701,0.787367,0.57,2,1884538,1884091,447
151428461,45.8415,44.7159,452,37044,0.923694,0.65,2,1884760,1884308,452
151434301,27.0146,26.8345,452,37158,0.938591,0.65,2,1884794,1884342,452
151437221,54.6059,10.7338,525,37215,0.945436,0.73,2,1884867,1884342,525
151440141,39.8423,44.4935,488,37272,0.948175,0.75,2,1884897,1884409,488
151443061,47.7369,35.7974,511,37329,0.94927,0.77,2,1884950,1884439,511
151615341,36.979,39.6979,520,40531,0.229979,1,1,1887188,1886668,520
151621181,34.5966,34.9117,516,40635,0.0763966,1,1,1887255,1886739,516
151624101,40.2387,39.1647,518,40687,0.0605586,1,1,1887299,1886781,518
151627021,31.6955,36.6659,509,40739,0.0662235,1,1,1887325,1886816,509
151629941,32.4782,31.4663,514,40791,0.0444894,1,1,1887358,1886844,514
151632861,30.9913,33.5865,509,40843,0.0597958,0.96,1,1887388,1886879,509
151662061,40.0807,34.5966,468,41356,0.0741123,0.05,1,1887723,1887255,468
151664981,31.0323,40.2387,449,41407,0.0476449,0.07,1,1887748,1887299,449
151667901,31.6129,31.6955,455,41458,0.049058,0.03,1,1887780,1887325,455
151670821,33.0452,32.4782,456,41509,0.0496232,0.07,1,1887814,1887358,456
151673741,14.4181,30.9913,428,41560,0.0738493,0.13,1,1887816,1887388,428
151676661,20.1672,26.7965,428,41611,0.0595397,0.11,1,1887840,1887412,428
151679581,33.2669,35.9186,428,41662,0.0658159,0.11,1,1887882,1887454,428
151685421,28.3627,28.427,428,41764,0.0957305,0.13,1,1887948,1887520,428
151708781,31.7589,31.6129,424,42165,0.0762833,0.05,1,1888204,1887780,424
151711701,32.5036,33.0452,423,42215,0.0965133,0.09,1,1888237,1887814,423
151726301,29.274,28.3627,427,42465,0.21239,0.15,1,1888375,1887948,427
151729221,29.7096,29.3451,427,42515,0.246956,0.13,1,1888405,1887978,427
151732141,31.0838,31.538,426,42565,0.260782,0.15,1,1888437,1888011,426
151735061,33.4335,33.0152,427,42615,0.290313,0.15,1,1888472,1888045,427
151737981,29.5734,28.2061,429,42665,0.278125,0.17,1,1888499,1888070,429
151743821,37.3717,37.993,427,42763,0.2977,0.09,1,1888572,1888145,427
151775941,34.4695,30.9531,469,43302,0.41287,0.31,1,1888906,1888437,469
151778861,29.9878,33.3812,461,43351,0.447148,0.27,1,1888933,1888472,461
151857701,32.1415,33.1784,452,44646,0.757555,0.61,2,1889764,1889312,452
151866461,32.9211,31.8354,455,44787,0.796084,0.65,2,1889865,1889410,455
151898581,28.6873,27.8538,459,45304,0.923901,0.77,2,1890188,1889729,459
152059181,32.5319,27.5589,511,47795,0.922,1,2,1891944,1891433,511
152102981,36.927,36.3297,485,48455,0.924687,0.87,2,1892399,1891914,485
152126341,30.6015,31.9336,472,48799,0.944475,1,2,1892623,1892151,472
152129261,26.6406,28.9735,469,48842,0.93579,1,2,1892647,1892178,469
152132181,30.4562,11.5894,502,48885,0.908316,1,2,1892680,1892178,502
152135101,33.1825,23.2358,506,48928,0.909326,1,2,1892715,1892209,506
152138021,28.273,31.4943,494,48971,0.909731,1,2,1892740,1892246,494
152140941,22.7092,24.5977,493,49014,0.909892,0.97,2,1892759,1892266,493
152143861,27.6837,23.0391,502,49057,0.909957,0.94,2,1892790,1892288,502
152149701,35.3894,35.2463,504,49143,0.917193,0.89,2,1892865,1892361,504
152152621,30.9558,36.8985,494,49186,0.936877,1,2,1892893,1892399,494
152355561,79.6378,74.3892,523,24440,0.920541,1,2,1895085,1894562,523
152460681,65.7634,62.618,488,27388,0.91024,1,2,1897173,1896685,488
152478201,51.4819,66.8037,475,27848,0.230471,0.94,1,1897459,1896984,475
152486961,58.0868,65.7634,469,28076,0.0567501,0.75,1,1897642,1897173,469
152492801,36.1739,43.7621,450,28226,0.07508,0.59,1,1897712,1897262,450
152495721,28.8696,31.9049,450,28301,0.084032,0.43,1,1897736,1897286,450
152498641,37.3478,45.7619,438,28376,0.0516128,0.43,1,1897779,1897341,438
152501561,53.3391,18.3048,502,28451,0.0746451,0.19,1,1897843,1897341,502
152513241,55.8791,59.0142,478,28747,0.0607109,0.01,1,1898063,1897585,478
152516161,49.9516,57.8057,467,28821,0.0542844,0.15,1,1898109,1897642,467
152519081,34.3807,48.3223,449,28894,0.0517137,0.05,1,1898133,1897684,449
152522001,30.5523,36.1289,449,28967,0.0506855,0.09,1,1898161,1897712,449
152524921,36.2209,28.8516,465,29040,0.0502742,0.03,1,1898201,1897736,465
152527841,55.2884,37.3406,490,29113,0.0981097,0.09,1,1898269,1897779,490
152536601,57.8265,57.4938,486,29331,0.216279,0.07,1,1898434,1897948,486
152539521,53.7306,60.1975,475,29403,0.248512,0.03,1,1898485,1898010,475
152542441,49.6922,55.879,469,29475,0.249405,0.05,1,1898532,1898063,469
152545361,34.2769,49.9516,447,29547,0.261762,0.05,1,1898556,1898109,447
152548281,30.5108,34.3806,451,29619,0.266705,0.05,1,1898584,1898133,451
152551201,36.8043,30.5523,464,29690,0.292682,0.05,1,1898625,1898161,464
152554121,57.3217,36.2209,495,29761,0.291073,0.13,1,1898696,1898201,495
152562881,47.9726,57.5661,432,29974,0.407669,0.25,1,1898808,1898376,432
152624201,57.7375,43.13,512,31423,0.781391,0.57,2,1899761,1899249,512
152638801,38.0677,32.5661,495,31758,0.788702,0.69,2,1899964,1899469,495
152641721,59.6271,37.0265,529,31825,0.789481,0.71,2,1900038,1899509,529
152656321,55.8327,57.7372,515,32155,0.92835,0.83,2,1900276,1899761,515
152755601,38.1024,14.1074,530,34321,0.786256,1,2,1901756,1901226,530
152805241,35.9994,55.3463,471,35353,0.753889,0.55,2,1902455,1901984,471
152808161,37.7998,37.1385,485,35413,0.763556,0.49,2,1902494,1902009,485
152811081,63.7199,38.8554,526,35473,0.791422,0.51,2,1902575,1902049,526
152828601,27.0218,30.7259,453,35828,0.904119,0.67,2,1902735,1902282,453
152831521,31.2087,31.4904,455,35887,0.931648,0.73,2,1902769,1902314,455
153014021,214.818,208.202,523,17641,0.4348,1,1,1905350,1904827,523
153016941,145.327,142.081,524,17761,0.26392,1,1,1905449,1904925,524
153019861,109.131,104.832,529,17881,0.207568,0.89,1,1905534,1905005,529
153031541,88.2002,109.129,436,18351,0.230962,0.15,1,1905786,1905350,436
153034461,89.2801,103.051,427,18467,0.230385,0.17,1,1905876,1905449,427
153037381,88.512,92.2206,430,18582,0.242154,0.17,1,1905964,1905534,430
153040301,75.0048,76.4882,430,18696,0.282862,0.17,1,1906030,1905600,430
153049061,89.1123,87.7673,433,19035,0.412903,0.23,1,1906219,1905786,433
153051981,88.4449,89.1069,431,19146,0.447161,0.25,1,1906307,1905876,431
153078261,55.2703,75.2431,488,20122,0.796696,0.57,2,1906953,1906465,488
153095781,57.6248,78.1734,502,20746,0.914209,0.83,2,1907415,1906913,502
153098701,41.0499,55.2694,492,20848,0.923684,0.83,2,1907445,1906953,492
153174621,61.2048,56.5371,540,23349,0.933616,1,2,1909240,1908700,540
153180461,45.9128,56.8059,514,23530,0.757779,1,2,1909341,1908827,514
153253461,86.9456,33.3957,570,25686,0.773804,0.63,2,1910807,1910237,570
153262221,47.4205,59.3293,495,25932,0.911363,0.75,2,1910991,1910496,495
153265141,55.5682,47.1317,517,26014,0.922545,0.75,2,1911052,1910535,517
153268061,23.4273,54.8527,459,26095,0.927018,0.75,2,1911054,1910595,459
153367341,48.3979,49.0176,525,28725,0.921386,1,2,1912950,1912425,525
153373181,43.5037,43.4828,515,28873,0.779822,1,2,1913036,1912521,515
153384861,90.6337,66.7292,584,29165,0.756619,1,2,1913292,1912708,584
153405301,36.1214,35.4015,492,29670,0.904784,0.71,2,1913558,1913066,492
153408221,61.8486,36.9606,533,29741,0.907913,0.75,2,1913637,1913104,533
153419901,38.5481,46.5414,465,30025,0.938459,0.85,2,1913832,1913367,465
153554221,36.8143,36.1442,493,33112,0.9076,1,2,1915937,1915444,493
153565901,37.6048,46.5445,478,33368,0.400371,1,1,1916177,1915699,478
153571741,30.8568,36.4871,477,33494,0.283659,1,1,1916246,1915769,477
153574661,24.3427,28.9948,473,33557,0.227464,1,1,1916266,1915793,473
153603861,30.1747,30.8568,434,34182,0.219259,0.19,1,1916680,1916246,434
153606781,21.6699,24.3427,430,34244,0.249704,0.19,1,1916696,1916266,430
153609701,26.068,9.73708,459,34306,0.225881,0.17,1,1916725,1916266,459
153612621,29.0272,22.4948,459,34368,0.240353,0.17,1,1916756,1916297,459
153615541,35.0109,28.1979,466,34430,0.258141,0.11,1,1916795,1916329,466
153633061,37.8343,34.8326,469,34796,0.412024,0.17,1,1917084,1916615,469
153638901,21.6535,30.1732,448,34918,0.417524,0.27,1,1917128,1916680,448
153641821,27.2614,21.6693,463,34979,0.42501,0.21,1,1917159,1916696,463
153644741,29.5046,26.0677,465,35039,0.416004,0.25,1,1917190,1916725,465
153647661,35.8018,29.0271,474,35099,0.448402,0.27,1,1917230,1916756,474
153691461,83.0178,81.8753,447,35992,0.773408,0.53,2,1917870,1917423,447
153723581,46.7952,44.0446,456,36633,0.91454,0.83,2,1918217,1917761,456
153735261,41.0476,40.0891,463,36864,0.949812,0.85,2,1918438,1917975,463
153887101,37.4808,31.2888,505,39734,0.9424,1,2,1920435,1919930,505
153895861,29.9748,34.4985,498,39893,0.786314,1,2,1920522,1920024,498
153913381,42.3568,66.5506,513,40211,0.259669,1,1,1920750,1920237,513
153927981,31.1912,37.3986,494,40472,0.082195,0.85,1,1920929,1920435,494
153930901,22.6765,36.5594,475,40524,0.074878,0.81,1,1920946,1920471,475
153933821,27.6706,25.4238,488,40576,0.0959512,0.75,1,1920977,1920489,488
153936741,32.0682,29.9695,490,40628,0.0923805,0.61,1,1921012,1920522,490
153951341,36.5991,62.392,456,40888,0.208661,0.21,1,1921177,1920721,456
153957181,40.0559,34.3427,473,40992,0.207386,0.13,1,1921252,1920779,473
153960101,43.6223,40.7371,474,41044,0.208954,0.09,1,1921298,1920824,474
153963021,33.6489,45.6948,452,41095,0.233582,0.09,1,1921325,1920873,452
153965941,30.8596,34.4779,454,41146,0.231433,0.07,1,1921354,1920900,454
153968861,21.9438,31.1912,441,41197,0.254573,0.07,1,1921370,1920929,441
153971781,27.3775,22.6765,455,41248,0.251829,0.11,1,1921401,1920946,455
153974701,33.751,27.6706,462,41299,0.274732,0.09,1,1921439,1920977,462
153977621,27.9004,32.0682,451,41350,0.283893,0.17,1,1921463,1921012,451
153980541,24.9602,26.0273,452,41401,0.275557,0.21,1,1921486,1921034,452
153983461,20.7841,23.6109,448,41452,0.284223,0.19,1,1921504,1921056,448
153986381,56.3136,20.2444,510,41503,0.299689,0.17,1,1921584,1921074,510
154000981,45.5402,43.6223,434,41758,0.44343,0.25,1,1921732,1921298,434
154071061,24.212,23.8319,452,42953,0.757191,0.65,2,1922475,1922023,452
154085661,37.9011,48.99,483,43198,0.784998,0.69,2,1922661,1922178,483
154088581,33.7604,36.996,485,43247,0.775999,0.73,2,1922692,1922207,485
154091501,23.1042,32.7984,471,43296,0.7844,0.69,2,1922708,1922237,471
154094421,27.2417,22.7194,485,43345,0.78776,0.73,2,1922738,1922253,485
154097341,34.8967,27.0877,495,43394,0.789104,0.67,2,1922778,1922283,495
154109021,59.9238,20.8246,539,43589,0.917465,0.77,2,1922930,1922391,539
154314881,176.267,181.364,491,21270,0.262,0.77,1,1925233,1924742,491
154329481,47.3944,67.1516,446,21764,0.202968,0.23,1,1925559,1925113,446
154332401,36.3578,43.6606,447,21861,0.207187,0.11,1,1925588,1925141,447
154335321,58.3431,72.6643,428,21958,0.280875,0.13,1,1925661,1925233,428
154402481,81.6492,91.9509,456,24081,0.902782,0.69,2,1927112,1926656,456
154405401,62.6597,66.7803,456,24169,0.943113,0.77,2,1927162,1926706,456
154682801,36.6286,23.8834,524,31415,0.757648,1,2,1932220,1931696,524
154700321,47.5195,49.4343,518,31817,0.259467,1,1,1932524,1932006,518
154709081,30.6652,49.6758,484,32015,0.0840459,0.79,1,1932640,1932156,484
154712001,33.8661,36.0703,493,32081,0.0516184,0.69,1,1932676,1932183,493
154714921,32.7464,36.6281,488,32147,0.0386473,0.69,1,1932708,1932220,488
154717841,48.4986,34.4513,514,32213,0.0334589,0.63,1,1932767,1932253,514
154720761,45.7994,50.9805,496,32279,0.0313836,0.57,1,1932811,1932315,496
154723681,59.1198,47.9922,518,32345,0.0545534,0.41,1,1932879,1932361,518
154726601,43.4479,65.9969,473,32410,0.0758214,0.33,1,1932912,1932439,473
154729521,43.1792,49.7988,477,32475,0.0603285,0.17,1,1932955,1932478,477
154732441,43.0717,47.5195,474,32540,0.0661314,0.09,1,1932998,1932524,474
154735361,44.8287,48.4078,471,32605,0.0324526,0.07,1,1933044,1932573,471
154738281,28.7315,48.1631,441,32670,0.042981,0.07,1,1933062,1932621,441
154741201,33.0926,30.6652,458,32735,0.0471924,0.03,1,1933098,1932640,458
154744121,14.437,33.8661,424,32800,0.048877,0.03,1,1933100,1932676,424
154747041,24.3748,32.7464,423,32864,0.0495508,0.03,1,1933131,1932708,423
154749961,45.1499,48.4986,423,32928,0.0618203,0.03,1,1933190,1932767,423
154755801,60.144,59.1198,425,33056,0.0998913,0.09,1,1933304,1932879,425
154758721,44.4576,43.4479,426,33120,0.0579565,0.05,1,1933338,1932912,426
154767481,44.3413,44.8287,424,33312,0.0653892,0.05,1,1933468,1933044,424
154770401,28.5365,28.7315,424,33375,0.0441557,0.05,1,1933486,1933062,424
154773321,33.0146,33.0926,424,33438,0.0836623,0.05,1,1933522,1933098,424
154776241,14.4058,14.437,424,33501,0.0994649,0.05,1,1933524,1933100,424
154779161,23.1623,24.3748,422,33564,0.069786,0.07,1,1933553,1933131,422
154782081,45.2649,45.1499,423,33627,0.0339144,0.15,1,1933613,1933190,423
154785001,45.106,43.86,425,33690,0.0435658,0.09,1,1933658,1933233,425
154787921,60.0424,60.144,424,33753,0.0354263,0.03,1,1933728,1933304,424
154790841,43.817,44.4576,423,33816,0.0681705,0.13,1,1933761,1933338,423
154793761,43.9268,42.383,426,33879,0.0812682,0.13,1,1933805,1933379,426
154796681,43.9707,43.3532,426,33941,0.0985073,0.03,1,1933849,1933423,426
154799601,42.1883,44.3413,422,34003,0.0934029,0.03,1,1933890,1933468,422
154802521,28.8753,28.5365,424,34065,0.0913612,0.11,1,1933910,1933486,424
154805441,33.7501,33.0146,425,34127,0.0785445,0.11,1,1933947,1933522,425
154808361,14.7,14.4058,425,34189,0.0974178,0.05,1,1933949,1933524,425
154814201,43.992,9.26493,481,34313,0.0839868,0.01,1,1934034,1933553,481
154817121,44.5968,39.706,466,34375,0.0635947,0.05,1,1934079,1933613,466
154820041,60.4387,42.8824,492,34437,0.0914379,0.03,1,1934150,1933658,492
154831721,40.7536,43.9138,464,34681,0.212821,0.09,1,1934313,1933849,464
154834641,28.3015,42.1655,443,34742,0.223128,0.09,1,1934333,1933890,443
154837561,34.1206,28.8662,461,34803,0.239251,0.07,1,1934371,1933910,461
154840481,14.8482,33.7465,426,34864,0.245701,0.11,1,1934373,1933947,426
154843401,21.5393,14.6986,450,34925,0.26028,0.11,1,1934399,1933949,450
154846321,44.0157,21.4794,483,34986,0.266112,0.07,1,1934458,1933975,483
154849241,44.0063,43.9918,468,35046,0.280445,0.05,1,1934502,1934034,468
154852161,62.6025,44.5967,498,35106,0.286178,0.11,1,1934577,1934079,498
154855081,47.841,60.4387,465,35166,0.288471,0.15,1,1934615,1934150,465
154928081,47.5352,46.2727,447,36640,0.760498,0.61,2,1935545,1935098,447
154931001,49.6141,47.3091,450,36698,0.778199,0.63,2,1935596,1935146,450
154960201,48.9608,52.4179,498,37269,0.902463,0.75,2,1935956,1935458,498
154963121,47.7843,44.9672,505,37326,0.906985,0.77,2,1936003,1935498,505
154966041,50.9137,46.1869,511,37383,0.908794,0.79,2,1936056,1935545,511
154968961,45.5655,49.0747,502,37440,0.933518,0.83,2,1936098,1935596,502
154971881,30.2262,43.6299,482,37496,0.943407,0.85,2,1936118,1935636,482
154974801,36.0905,30.052,501,37552,0.947363,0.83,2,1936158,1935657,501
154977721,15.6362,35.4208,464,37608,0.948945,0.83,2,1936160,1935696,464
155114961,37.0603,22.6412,541,40164,0.939232,1,2,1937970,1937429,541
155120801,32.9296,41.6626,510,40270,0.787477,1,2,1938036,1937526,510
155132481,29.9694,20.7322,531,40478,0.437711,1,1,1938157,1937626,531
155144161,57.58,47.4171,539,40686,0.0609814,0.98,1,1938345,1937806,539
155147081,41.632,55.5669,509,40738,0.0543926,1,1,1938376,1937867,509
155150001,34.0528,42.6267,504,40790,0.075757,1,1,1938405,1937901,504
155152921,32.2211,35.6507,504,40842,0.0483028,0.9,1,1938436,1937932,504
155155841,28.4884,37.0603,492,40894,0.0613211,0.83,1,1938462,1937970,492
155158761,29.3954,35.8241,487,40946,0.0425284,0.73,1,1938492,1938005,487
155161681,29.7582,32.9296,486,40998,0.0470114,0.63,1,1938522,1938036,486
155164601,25.1033,34.7719,472,41049,0.0488046,0.51,1,1938544,1938072,472
155167521,27.4413,28.3087,477,41100,0.0375218,0.51,1,1938573,1938096,477
155170441,27.1765,29.9235,473,41151,0.0690087,0.37,1,1938600,1938127,473
155173361,31.8706,29.9694,478,41202,0.0696035,0.29,1,1938635,1938157,478
155176281,26.5482,37.1878,459,41253,0.0938414,0.09,1,1938658,1938199,459
155179201,36.4193,35.8751,467,41304,0.0555366,0.05,1,1938701,1938234,467
155182121,54.7677,38.95,493,41355,0.0642146,0.03,1,1938768,1938275,493
155185041,39.9071,57.58,453,41406,0.0556858,0.05,1,1938798,1938345,453
155187961,33.3628,41.632,451,41457,0.0402743,0.09,1,1938827,1938376,451
155190881,31.9451,34.0528,453,41508,0.0221097,0.03,1,1938858,1938405,453
155193801,13.9781,32.2211,424,41559,0.0148439,0.07,1,1938860,1938436,424
155196721,19.9912,28.4884,422,41610,0.0479376,0.03,1,1938884,1938462,422
155199641,26.5965,29.3954,423,41661,0.025175,0.05,1,1938915,1938492,423
155202561,28.6386,29.7582,423,41712,0.04007,0.05,1,1938945,1938522,423
155205481,24.0554,25.1033,422,41763,0.046028,0.03,1,1938966,1938544,422
155208401,29.4222,27.4413,426,41814,0.0484112,0.09,1,1938999,1938573,426
155211321,27.3689,27.1765,425,41864,0.0613645,0.07,1,1939025,1938600,425
155214241,31.9475,31.8706,425,41914,0.0425458,0.11,1,1939060,1938635,425
155217161,27.779,26.5482,427,41964,0.0470183,0.03,1,1939085,1938658,427
155220081,34.5116,36.4193,423,42014,0.0728073,0.07,1,1939124,1938701,423
155223001,54.0046,54.7677,423,42064,0.0351229,0.05,1,1939191,1938768,423
155225921,39.0019,39.9071,422,42114,0.0320492,0.03,1,1939220,1938798,422
155228841,33.6007,33.3628,423,42164,0.0668197,0.01,1,1939250,1938827,423
155231761,33.2403,31.9451,425,42214,0.0447279,0.01,1,1939283,1938858,425
155234681,14.4961,13.9781,425,42264,0.0358911,0.07,1,1939285,1938860,425
155237601,18.9984,19.9912,423,42314,0.0563565,0.01,1,1939307,1938884,423
155240521,25.5994,26.5965,422,42364,0.0765426,0.05,1,1939337,1938915,422
155243441,28.2398,28.6386,422,42414,0.072617,0.05,1,1939367,1938945,422
155246361,25.6959,24.0554,425,42464,0.0590468,0.05,1,1939391,1938966,425
155249281,28.2784,29.4222,422,42514,0.0296187,0.07,1,1939421,1938999,422
155252201,29.9113,27.3689,427,42564,0.0538475,0.03,1,1939452,1939025,427
155255121,31.1645,31.9475,424,42614,0.063539,0.05,1,1939484,1939060,424
155258041,27.4658,27.779,424,42664,0.0794156,0.09,1,1939509,1939085,424
155260961,35.5863,34.5116,426,42713,0.0857662,0.01,1,1939550,1939124,426
155263881,52.6345,54.0046,423,42762,0.0763065,0.03,1,1939614,1939191,423
155266801,37.8538,39.0019,422,42811,0.0725226,0.09,1,1939642,1939220,422
155272641,32.3366,33.2403,422,42909,0.0848036,0.03,1,1939705,1939283,422
155275561,14.1346,14.4961,422,42958,0.0759214,0.07,1,1939707,1939285,422
155278481,19.4539,18.9984,423,43007,0.0363686,0.07,1,1939730,1939307,423
155281401,24.5815,7.59938,451,43056,0.0325474,0.09,1,1939758,1939307,451
155284321,29.0326,21.0398,453,43105,0.055019,0.07,1,1939790,1939337,453
155287241,24.813,26.4159,445,43154,0.0640076,0.05,1,1939812,1939367,445
155290161,28.5252,24.9664,452,43203,0.079603,0.01,1,1939843,1939391,452
155293081,30.0101,27.9865,453,43252,0.0618412,0.07,1,1939874,1939421,453
155296001,31.204,29.7946,454,43301,0.0667365,0.07,1,1939906,1939452,454
155298921,28.0816,31.1178,448,43350,0.0926946,0.09,1,1939932,1939484,448
155313521,31.2303,34.341,453,43594,0.21692,0.07,1,1940127,1939674,453
155316441,13.6921,32.3364,424,43642,0.224768,0.07,1,1940129,1939705,424
155319361,18.6768,14.1346,444,43690,0.239907,0.01,1,1940151,1939707,444
155322281,24.8707,19.4538,450,43738,0.245963,0.03,1,1940180,1939730,450
155325201,30.3483,24.5815,456,43786,0.260385,0.07,1,1940214,1939758,456
155328121,25.3393,29.0326,446,43834,0.278154,0.07,1,1940236,1939790,446
155331041,28.1357,24.813,454,43882,0.285262,0.09,1,1940266,1939812,454
155333961,29.8543,28.5252,454,43930,0.288105,0.05,1,1940297,1939843,454
155369001,13.6261,30.3483,436,44504,0.401572,0.29,1,1940650,1940214,436
155371921,18.6505,25.3393,436,44551,0.430629,0.29,1,1940672,1940236,436
155374841,26.0602,28.1357,437,44598,0.430252,0.29,1,1940703,1940266,437
155377761,28.4241,29.8543,436,44645,0.406101,0.33,1,1940733,1940297,436
155383601,29.3879,29.1367,438,44739,0.404576,0.33,1,1940796,1940358,438
155386521,37.5551,37.4547,438,44786,0.43183,0.35,1,1940839,1940401,438
155444921,14.763,14.5753,449,45719,0.754735,0.59,2,1941451,1941002,449
155450761,24.4421,24.412,449,45811,0.757958,0.61,2,1941501,1941052,449
155453681,33.1768,32.5648,450,45857,0.765183,0.61,2,1941540,1941090,450
155456601,14.4707,14.2259,450,45903,0.768073,0.57,2,1941542,1941092,450
155459521,19.5883,18.8904,451,45949,0.781229,0.57,2,1941565,1941114,451
155462441,25.8353,7.55615,481,45995,0.774492,0.61,2,1941595,1941114,481
155465361,28.9341,21.0225,482,46041,0.795797,0.67,2,1941626,1941144,482
155482881,40.6002,37.9034,498,46317,0.90239,0.73,2,1941876,1941378,498
155485801,34.2401,39.7614,487,46363,0.906956,0.73,2,1941906,1941419,487
155488721,14.896,33.9045,459,46408,0.908782,0.77,2,1941908,1941449,459
155491641,19.1584,14.7618,479,46453,0.909513,0.73,2,1941930,1941451,479
155494561,25.0634,19.1047,486,46498,0.945805,0.77,2,1941959,1941473,486
155691661,205.942,222.063,472,21900,0.2548,0.99,1,1944115,1943643,472
155697501,99.9107,107.05,483,22817,0.046768,0.69,1,1944292,1943809,483
155700421,74.1643,78.22,481,22910,0.0487072,0.41,1,1944349,1943868,481
155703341,53.0657,73.288,450,23003,0.0494829,0.19,1,1944388,1943938,450
155706261,38.6263,49.1152,446,23095,0.0617932,0.27,1,1944417,1943971,446
155709181,44.2505,28.6461,479,23187,0.0547173,0.25,1,1944465,1943986,479
155712101,45.9002,45.6584,469,23278,0.0758869,0.05,1,1944512,1944043,469
155715021,98.1601,61.4634,530,23369,0.0483548,0,1,1944645,1944115,530
155717941,80.664,89.9853,490,23460,0.0373419,0.01,1,1944714,1944224,490
155720861,68.2656,76.7941,482,23550,0.0569368,0.05,1,1944774,1944292,482
155723781,50.7062,64.9177,464,23640,0.0767747,0.05,1,1944813,1944349,464
155726701,37.0825,49.3671,453,23730,0.0847099,0.07,1,1944841,1944388,453
155729621,44.233,37.1468,473,23819,0.099884,0.05,1,1944890,1944417,473
155741301,76.0892,80.6262,424,24173,0.071341,0.07,1,1945138,1944714,424
155744221,67.0357,68.2505,425,24261,0.0945364,0.09,1,1945199,1944774,425
155764661,73.6819,76.0891,423,24866,0.276691,0.11,1,1945561,1945138,423
155776341,46.1615,45.4503,427,25205,0.414363,0.15,1,1945745,1945318,427
155779261,46.0646,45.7801,427,25289,0.435745,0.15,1,1945791,1945364,427
155782181,19.6258,19.512,427,25373,0.420298,0.23,1,1945793,1945366,427
155834741,78.1529,91.9381,518,26836,0.764849,0.59,2,1946892,1946374,518
155837661,72.0612,77.5752,518,26915,0.791939,0.59,2,1946960,1946442,518
155980741,35.168,35.6603,507,30530,0.94,1,2,1949448,1948941,507
155989501,31.0028,38.5223,513,30737,0.9232,1,2,1949542,1949029,513
156001181,92.6609,85.6246,495,31012,0.254754,1,1,1949840,1949345,495
156007021,39.7857,44.4199,483,31148,0.0779606,0.9,1,1949902,1949419,483
156009941,31.5143,35.168,480,31216,0.0491842,0.99,1,1949928,1949448,480
156012861,32.4057,30.2672,486,31284,0.0376737,0.99,1,1949961,1949475,486
156018701,23.6649,28.2428,494,31419,0.0720278,0.88,1,1950008,1949514,494
156021621,25.666,28.0971,493,31486,0.0708111,0.8,1,1950035,1949542,493
156024541,43.8664,28.0388,521,31553,0.0583244,0.65,1,1950091,1949570,521
156042061,32.2494,31.5095,455,31953,0.0692072,0.03,1,1950383,1949928,455
156044981,32.0998,32.4038,454,32019,0.0576829,0.15,1,1950415,1949961,454
156047901,22.4399,29.1615,443,32085,0.0650732,0.05,1,1950431,1949988,443
156050821,25.776,23.6646,451,32151,0.0800293,0.07,1,1950459,1950008,451
156091701,78.7512,78.0897,430,33060,0.207771,0.15,1,1951119,1950689,430
156094621,53.1005,53.4359,429,33124,0.245109,0.17,1,1951155,1950726,429
156097541,38.0402,38.7743,428,33188,0.284043,0.13,1,1951183,1950755,428
156112141,10.7287,10.2178,431,33505,0.427565,0.21,1,1951288,1950857,431
156115061,21.0915,21.4871,430,33568,0.441026,0.17,1,1951316,1950886,430
156117981,42.0366,42.1949,430,33631,0.44641,0.17,1,1951372,1950942,430
156167621,32.2817,28.713,482,34685,0.772788,0.57,2,1952122,1951640,482
156179301,22.6664,11.3623,480,34929,0.785815,0.67,2,1952210,1951730,480
156214341,44.5792,22.6664,519,35648,0.925701,0.81,2,1952729,1952210,519
156217261,19.0317,43.8666,463,35707,0.940281,0.89,2,1952731,1952268,463
156345741,33.9212,34.2979,513,38225,0.789896,1,2,1954541,1954028,513
156348661,29.1685,28.7192,514,38280,0.753959,1,2,1954567,1954053,514
156360341,57.1707,33.7544,552,38500,0.438869,1,1,1954737,1954185,552
156395381,32.0454,36.4268,446,39153,0.415796,0.39,1,1955112,1954666,446
156398301,51.8182,57.1707,440,39207,0.436318,0.35,1,1955177,1954737,440
156439181,64.8313,62.7273,447,39954,0.756504,0.57,2,1955694,1955247,447
156442101,52.3325,50.8909,448,40007,0.752601,0.57,2,1955738,1955290,448
156445021,26.333,25.1564,449,40060,0.763041,0.57,2,1955747,1955298,449
156447941,23.1332,10.0625,470,40113,0.779216,0.61,2,1955768,1955298,470
156450861,22.4533,15.425,473,40166,0.785686,0.61,2,1955790,1955317,473
156474221,53.9806,33.1914,524,40583,0.915153,0.75,2,1956078,1955554,524
156477141,65.9922,54.0766,530,40635,0.936061,0.77,2,1956152,1955622,530
156650881,193.946,206.847,475,17520,0.214,0.05,1,1958366,1957891,475
156674241,154.391,141.576,468,19818,0.07624,0.03,1,1958787,1958319,468
156677161,86.3565,84.8302,462,19925,0.084496,0.07,1,1958828,1958366,462
156680081,124.543,90.9321,517,20031,0.0397984,0.05,1,1958978,1958461,517
156683001,82.817,108.973,451,20137,0.0579194,0.07,1,1959033,1958582,451
156685921,64.9268,84.3891,436,20242,0.0411677,0.05,1,1959086,1958650,436
156688841,36.7707,52.3557,423,20347,0.0704671,0.05,1,1959104,1958681,423
156691761,78.3083,47.3423,485,20451,0.0821868,0.05,1,1959210,1958725,485
156694681,57.1233,56.1369,466,20555,0.0868747,0.09,1,1959253,1958787,466
156718041,110.992,110.385,429,21367,0.24144,0.15,1,1959828,1959399,429
156720961,78.5968,78.354,429,21466,0.282576,0.13,1,1959885,1959456,429
156723881,62.6387,63.1416,428,21565,0.28703,0.13,1,1959937,1959509,428
156726801,35.8555,36.0566,428,21663,0.288812,0.13,1,1959955,1959527,428
156729721,15.5422,15.6227,428,21761,0.289525,0.19,1,1959957,1959529,428
156735561,54.0867,53.9796,430,21955,0.409924,0.29,1,1960109,1959679,430
156779361,119.132,55.6499,613,23362,0.750233,0.67,2,1961163,1960550,613
156782281,82.4527,117.66,512,23453,0.786093,0.61,2,1961221,1960709,512
156791041,15.981,37.1462,453,23723,0.90207,0.61,2,1961295,1960842,453
156793961,76.5924,16.0585,568,23812,0.906828,0.67,2,1961412,1960844,568
156796881,57.037,74.8234,498,23901,0.908731,0.67,2,1961456,1960958,498
156799801,24.0148,56.3294,456,23990,0.909492,0.81,2,1961458,1961002,456
156954561,58.0691,58.222,495,28290,0.928,1,2,1964610,1964115,495
156957481,43.6276,43.6888,495,28365,0.9052,1,2,1964644,1964149,495
156977921,88.1291,71.8245,573,28883,0.0944253,0.95,1,1965043,1964470,573
156980841,52.0516,91.1298,497,28956,0.0557701,0.9,1,1965071,1964574,497
156983761,40.0207,58.0519,493,29029,0.022308,0.89,1,1965103,1964610,493
156986681,31.6083,43.6208,485,29102,0.0509232,0.83,1,1965129,1964644,485
156989601,27.6433,34.2483,482,29175,0.0383693,0.65,1,1965154,1964672,482
156992521,32.6573,31.6993,488,29248,0.0453477,0.63,1,1965190,1964702,488
156995441,52.6629,35.4797,516,29320,0.0481391,0.43,1,1965256,1964740,516
157004201,84.4424,68.8227,524,29536,0.0534809,0.03,1,1965466,1964942,524
157007121,49.977,88.1291,450,29608,0.0873924,0.03,1,1965493,1965043,450
157010041,39.1908,52.0516,454,29679,0.0349569,0,1,1965525,1965071,454
157012961,31.2763,40.0207,448,29750,0.0199828,0.07,1,1965551,1965103,448
157015881,27.5105,31.6083,447,29821,0.0259931,0.03,1,1965576,1965129,447
157018801,12.2042,27.6433,424,29892,0.0103972,0.05,1,1965578,1965154,424
157021721,27.0817,32.6573,425,29963,0.0821589,0.05,1,1965615,1965190,425
157024641,50.4327,52.6629,425,30034,0.0628636,0.15,1,1965681,1965256,425
157027561,47.1731,46.2652,428,30104,0.0551454,0.15,1,1965726,1965298,428
157030481,57.2692,58.1061,426,30174,0.0760582,0,1,1965790,1965364,426
157033401,84.1077,84.4424,426,30244,0.0364233,0.11,1,1965892,1965466,426
157036321,49.2431,49.977,425,30314,0.0205693,0,1,1965918,1965493,425
157039241,37.0972,39.1908,422,30384,0.0382277,0.01,1,1965947,1965525,422
157042161,31.0389,31.2763,423,30454,0.0332911,0.03,1,1965974,1965551,423
157045081,27.4156,27.5105,423,30523,0.0193164,0,1,1965999,1965576,423
157048001,12.1662,12.2042,423,30592,0.0257266,0.13,1,1966001,1965578,423
157050921,29.4665,27.0817,427,30661,0.0522906,0.05,1,1966042,1965615,427
157053841,48.3866,50.4327,422,30730,0.0749163,0.05,1,1966103,1965681,422
157056761,47.5546,47.1731,424,30799,0.0839665,0.09,1,1966150,1965726,424
157062601,82.2487,84.1077,422,30937,0.216235,0.01,1,1966314,1965892,422
157065521,48.4995,49.2431,422,31005,0.248494,0.05,1,1966340,1965918,422
157068441,36.7998,37.0972,422,31073,0.261398,0.03,1,1966369,1965947,422
157071361,30.9199,31.0389,422,31141,0.254559,0.01,1,1966396,1965974,422
157074281,27.368,27.4156,422,31209,0.215824,0.03,1,1966421,1965999,422
157077201,12.1472,12.1662,422,31277,0.200329,0.03,1,1966423,1966001,422
157100561,30.4687,36.7878,458,31815,0.208013,0.25,1,1966827,1966369,458
157103481,24.1875,30.9151,451,31881,0.221205,0.19,1,1966847,1966396,451
157106401,10.875,27.3661,428,31947,0.226482,0.19,1,1966849,1966421,428
157109321,30.75,12.1464,470,32013,0.252593,0.13,1,1966893,1966423,470
157112241,50.1,30.6586,490,32079,0.251037,0.15,1,1966956,1966466,490
157115161,50.64,49.4634,479,32145,0.274415,0.19,1,1967007,1966528,479
157118081,61.056,48.5854,499,32211,0.283766,0.21,1,1967075,1966576,499
157138521,32.0452,10.875,478,32668,0.412099,0.27,1,1967327,1966849,478
157191081,38.8706,37.7436,453,33814,0.900842,0.67,2,1968123,1967670,453
157194001,33.5482,33.0974,453,33877,0.918337,0.65,2,1968153,1967700,453
157196921,25.4193,25.839,452,33939,0.925335,0.65,2,1968173,1967721,452
157199841,11.3677,11.5356,452,34001,0.928134,0.67,2,1968175,1967723,452
157334161,29.942,30.9888,499,36754,0.939539,1,2,1970136,1969637,499
157337081,28.7768,29.7955,498,36811,0.909816,1,2,1970164,1969666,498
157342921,33.5243,35.3673,491,36925,0.77077,1,2,1970235,1969744,491
157363361,31.9095,26.6197,510,37324,0.428911,1,1,1970542,1970032,510
157366281,36.7638,36.4479,507,37381,0.429564,1,1,1970582,1970075,507
157369201,26.7055,36.1792,491,37438,0.441826,0.9,1,1970602,1970111,491
157445121,25.7126,25.7718,452,38878,0.772942,0.65,2,1971523,1971071,452
157448041,34.285,33.1087,454,38932,0.795177,0.63,2,1971563,1971109,454
157465561,45.3482,44.7927,457,39256,0.903789,0.71,2,1971834,1971377,457
157468481,31.3393,31.1171,457,39310,0.919516,0.71,2,1971856,1971399,457
157471401,13.7357,13.6468,457,39364,0.901806,0.75,2,1971858,1971401,457
157474321,25.2943,25.2587,457,39418,0.906722,0.75,2,1971891,1971434,457
157477241,34.7177,34.7035,457,39472,0.944689,0.75,2,1971932,1971475,457
157480161,30.6871,28.2814,461,39526,0.935876,0.79,2,1971960,1971499,461
157620321,48.903,46.8193,489,42012,0.922,1,2,1973728,1973239,489
157623241,39.9612,37.3277,492,42062,0.9448,1,2,1973762,1973270,492
157626161,36.3845,31.1311,499,42112,0.93592,1,2,1973796,1973297,499
157629081,34.3538,31.6524,500,42162,0.920368,1,2,1973829,1973329,500
157632001,31.1415,30.661,499,42212,0.902147,1,2,1973858,1973359,499
157646601,21.0626,32.7754,509,42462,0.795372,1,2,1973995,1973486,509
157655361,25.156,33.3936,488,42612,0.773064,1,2,1974084,1973596,488
157658281,63.4624,72.7575,478,42662,0.795226,0.87,2,1974173,1973695,478
157693321,33.6519,27.7319,496,43250,0.931569,0.75,2,1974524,1974028,496
158014521,173.353,180.078,485,21997,0.216398,0.71,1,1978137,1977652,485
158034961,67.7729,36.0058,494,22663,0.213718,0.05,1,1978562,1978068,494
158037881,81.7091,55.8023,516,22757,0.247487,0.15,1,1978653,1978137,516
158040801,56.0837,75.1209,467,22850,0.260995,0.15,1,1978692,1978225,467
158043721,68.0335,53.4484,504,22943,0.266398,0.11,1,1978768,1978264,504
158046641,64.4134,66.9794,490,23035,0.268559,0.21,1,1978830,1978340,490
158049561,50.3654,62.1917,472,23127,0.281424,0.17,1,1978871,1978399,472
158064161,68.286,56.0528,510,23582,0.414463,0.27,1,1979202,1978692,510
158067081,64.5144,68.0211,496,23672,0.423785,0.27,1,1979264,1978768,496
158070001,51.0058,64.4085,476,23762,0.439514,0.29,1,1979306,1978830,476
158110881,68.4036,66.6234,454,24982,0.782336,0.67,2,1980099,1979645,454
158113801,64.5614,64.4494,453,25067,0.798935,0.63,2,1980161,1979708,453
158242281,46.5128,31.1387,532,28550,0.792112,1,2,1982577,1982045,532
158256881,55.1934,70.0629,515,28919,0.0686392,1,1,1982877,1982362,515
158259801,40.6774,50.2251,509,28992,0.0274557,0.98,1,1982908,1982399,509
158262721,49.2709,40.4901,530,29065,0.0409823,0.98,1,1982963,1982433,530
158265641,35.9084,52.196,497,29138,0.0223929,0.77,1,1982990,1982493,497
158268561,39.5634,41.2784,505,29211,0.0389572,0.75,1,1983032,1982527,505
158271481,41.0253,46.5114,497,29283,0.0575829,0.65,1,1983074,1982577,497
158274401,56.0101,46.8045,516,29355,0.0650332,0.31,1,1983140,1982624,516
158277321,53.0041,68.5218,484,29427,0.0560133,0.19,1,1983191,1982707,484
158280241,54.8016,62.2087,482,29499,0.0524053,0.01,1,1983247,1982765,482
158283161,54.3206,61.4835,475,29571,0.0389621,0.03,1,1983301,1982826,475
158286081,39.7283,55.1934,454,29643,0.0335848,0,1,1983331,1982877,454
158289001,48.8913,40.6774,478,29714,0.0794339,0.05,1,1983386,1982908,478
158291921,35.7565,49.2709,450,29785,0.0497736,0.01,1,1983413,1982963,450
158294841,15.5026,35.9084,425,29856,0.0199094,0.05,1,1983415,1982990,425
158297761,30.201,39.5634,423,29927,0.0619638,0.07,1,1983455,1983032,423
158300681,37.2804,41.0253,423,29998,0.0667855,0.07,1,1983497,1983074,423
158309441,54.4179,54.8016,423,30209,0.0851543,0.03,1,1983670,1983247,423
158312361,54.1672,54.3206,423,30279,0.0520617,0.03,1,1983724,1983301,423
158315281,39.6669,39.7283,423,30349,0.0208247,0.11,1,1983754,1983331,423
158318201,50.0667,48.8913,425,30419,0.0263299,0.03,1,1983811,1983386,425
158321121,35.6267,35.7565,424,30489,0.0165319,0,1,1983837,1983413,424
158324041,15.4507,15.5026,424,30558,0.0246128,0.09,1,1983839,1983415,424
158326961,30.1803,30.201,424,30627,0.0518451,0.07,1,1983879,1983455,424
158329881,37.8721,37.2804,425,30696,0.062738,0.13,1,1983922,1983497,425
158353241,15.4081,15.4507,422,31243,0.094568,0.07,1,1984261,1983839,422
158379521,34.8104,49.7711,449,31848,0.201893,0.09,1,1984682,1984233,449
158382441,15.1242,35.5084,425,31914,0.206757,0.09,1,1984684,1984259,425
158385361,32.4497,15.4034,467,31980,0.244703,0.15,1,1984728,1984261,467
158388281,40.5799,30.7613,472,32046,0.283881,0.13,1,1984774,1984302,472
158397041,53.1411,53.3287,480,32244,0.415368,0.15,1,1984948,1984468,480
158399961,53.6564,52.5315,482,32310,0.448147,0.15,1,1985002,1984520,482
158461281,49.9341,49.2422,453,33657,0.768185,0.65,2,1985845,1985392,453
158464201,53.5736,52.6969,454,33720,0.781274,0.69,2,1985901,1985447,454
158487561,26.1276,25.5882,455,34218,0.901057,0.69,2,1986190,1985735,455
158490481,45.251,10.2353,513,34280,0.906423,0.73,2,1986248,1985735,513
158493401,51.7004,37.6941,513,34342,0.908569,0.81,2,1986304,1985791,513
158496321,54.8802,47.4776,516,34404,0.933428,0.79,2,1986361,1985845,516
158610201,29.3444,24.9668,491,36723,0.945539,1,2,1987933,1987442,491
158616041,41.4151,47.4347,481,36838,0.946886,1,2,1988014,1987533,481
158621881,42.8664,41.0695,482,36952,0.795902,1,2,1988114,1987632,482
158624801,37.5466,36.8278,482,37009,0.792361,1,2,1988148,1987666,482
158645241,24.8027,35.7812,495,37408,0.429161,0.91,1,1988404,1987909,495
158668601,43.481,40.3264,497,37856,0.401607,0.49,1,1988737,1988240,497
158671521,37.7924,46.7306,480,37912,0.418643,0.43,1,1988771,1988291,480
158674441,27.117,40.2922,464,37968,0.449457,0.51,1,1988791,1988327,464
158721161,26.2357,26.9595,448,38849,0.773441,0.55,2,1989321,1988873,448
158724081,35.0943,34.1838,450,38903,0.771376,0.55,2,1989362,1988912,450
158727001,50.0377,50.2735,449,38957,0.770551,0.57,2,1989422,1988973,449
158741601,44.4881,43.6927,455,39227,0.768988,0.71,2,1989633,1989178,455
158779561,46.7129,44.4881,461,39921,0.948785,0.85,2,1990094,1989633,461
158959141,335.474,345.089,504,18980,0.766,1,2,1992282,1991778,504
158991261,71.247,75.71,514,20176,0.753259,0.55,2,1993152,1992638,514
158994181,43.4988,69.884,473,20281,0.763304,0.57,2,1993177,1992704,473
159002941,100.728,100.161,555,20594,0.916452,0.69,2,1993478,1992923,555
159005861,79.2912,99.4642,521,20697,0.912581,0.71,2,1993543,1993022,521
159008781,73.1165,77.5857,527,20799,0.947032,0.79,2,1993612,1993085,527
159099301,37.1174,59.8291,494,23757,0.0786054,1,1,1995622,1995128,494
159102221,94.047,35.9316,606,23846,0.0614422,1,1,1995754,1995148,606
159105141,86.2188,91.1727,559,23935,0.0545769,0.76,1,1995835,1995276,559
159108061,35.6875,93.4691,466,24024,0.0518307,0.85,1,1995837,1995371,466
159110981,34.075,62.5876,457,24112,0.0387323,0.31,1,1995870,1995413,457
159113901,56.23,80.8351,435,24200,0.0454929,0.23,1,1995941,1995506,435
159116821,41.092,52.734,432,24288,0.0241972,0.07,1,1995972,1995540,432
159119741,47.0368,55.2936,426,24375,0.0516789,0.01,1,1996023,1995597,426
159122661,33.2147,37.1174,425,24462,0.0386715,0.05,1,1996047,1995622,425
159125581,91.2859,94.047,423,24549,0.0214686,0.05,1,1996177,1995754,423
159128501,84.5144,86.2188,422,24635,0.0505874,0.05,1,1996257,1995835,422
159131421,35.0057,35.6875,422,24721,0.038235,0.03,1,1996259,1995837,422
159134341,34.4023,34.075,423,24807,0.057294,0.05,1,1996293,1995870,423
159137261,56.3609,56.23,423,24892,0.0409176,0.01,1,1996364,1995941,423
159140181,40.5444,41.092,422,24977,0.022367,0.07,1,1996394,1995972,422
159143101,48.6177,47.0368,425,25062,0.0509468,0.03,1,1996448,1996023,425
159146021,32.0471,33.2147,422,25147,0.0743787,0.01,1,1996469,1996047,422
159148941,90.8188,91.2859,422,25231,0.0597515,0.07,1,1996599,1996177,422
159151861,84.3275,84.5144,422,25315,0.0659006,0.03,1,1996679,1996257,422
159154781,34.931,35.0057,422,25399,0.0683602,0.07,1,1996681,1996259,422
159157701,34.3724,34.4023,422,25482,0.0453441,0.07,1,1996715,1996293,422
159160621,55.749,13.7609,492,25565,0.0721376,0.03,1,1996785,1996293,492
159163541,40.2996,48.1044,451,25648,0.0588551,0.01,1,1996815,1996364,451
159166461,49.1198,37.2417,476,25731,0.053542,0.07,1,1996870,1996394,476
159169381,31.6479,47.2967,442,25813,0.0274168,0.09,1,1996890,1996448,442
159172301,90.6592,31.5187,551,25895,0.0169667,0.05,1,1997020,1996469,551
159175221,86.0637,90.6075,504,25977,0.0487867,0.07,1,1997103,1996599,504
159178141,35.6255,84.243,426,26059,0.0615147,0.07,1,1997105,1996679,426
159181061,32.8502,34.8972,455,26140,0.0666059,0.03,1,1997136,1996681,455
159183981,56.3401,34.3589,493,26221,0.0926424,0.09,1,1997208,1996715,493
159195661,90.2519,31.6476,551,26543,0.0491716,0.01,1,1997441,1996890,551
159198581,88.3008,90.659,508,26623,0.0736687,0.07,1,1997528,1997020,508
159201501,36.5203,86.0636,427,26703,0.0834675,0.07,1,1997530,1997103,427
159204421,33.2081,35.6254,456,26782,0.087387,0.07,1,1997561,1997105,456
159207341,57.0833,32.8502,498,26861,0.0769548,0.11,1,1997634,1997136,498
159210261,24.0333,56.3401,428,26940,0.0847819,0.15,1,1997636,1997208,428
159213181,25.2133,39.936,425,27019,0.0999128,0.09,1,1997662,1997237,425
159224861,88.2887,88.3008,424,27331,0.0775818,0.09,1,1997952,1997528,424
159227781,36.5155,36.5203,424,27408,0.0370327,0.09,1,1997954,1997530,424
159230701,34.4062,33.2081,426,27485,0.0568131,0.07,1,1997987,1997561,426
159233621,57.5625,57.0833,426,27562,0.0887252,0.09,1,1998060,1997634,426
159236541,24.225,24.0333,426,27639,0.0774901,0.11,1,1998062,1997636,426
159239461,25.89,25.2133,427,27716,0.096996,0.11,1,1998089,1997662,427
159251141,86.026,88.2887,422,28020,0.203555,0.01,1,1998374,1997952,422
159256981,34.6442,34.4062,423,28171,0.204169,0.11,1,1998410,1997987,423
159259901,59.4577,57.5625,426,28246,0.231668,0.07,1,1998486,1998060,426
159262821,24.9831,24.225,426,28321,0.242667,0.11,1,1998488,1998062,426
159265741,25.5932,25.89,425,28396,0.259067,0.11,1,1998514,1998089,425
159294941,48.7696,25.5892,498,29133,0.426638,0.35,1,1999012,1998514,498
159332901,88.2292,86.7373,454,30064,0.775616,0.65,2,1999695,1999241,454
159335821,36.4917,35.8949,454,30134,0.772246,0.69,2,1999697,1999243,454
159338741,38.5967,36.558,457,30204,0.770899,0.71,2,1999737,1999280,457
159341661,63.4387,62.6232,457,30274,0.758359,0.71,2,1999817,1999360,457
159344581,26.5755,26.2493,457,30344,0.777344,0.71,2,1999819,1999362,457
159347501,26.2302,26.0997,457,30414,0.784938,0.69,2,1999845,1999388,457
159350421,50.0921,50.6399,456,30484,0.799975,0.69,2,1999911,1999455,456
159362101,90.6152,88.2292,460,30760,0.915343,0.77,2,2000155,1999695,460
159365021,37.4461,36.4917,460,30829,0.924137,0.77,2,2000157,1999697,460
159367941,37.7784,38.5967,458,30898,0.927655,0.75,2,2000195,1999737,458
159478901,60.6303,70.1198,482,33400,0.94,1,2,2001943,2001461,482
159481821,77.6521,85.0479,476,33463,0.754,1,2,2002032,2001556,476
159490581,39.6737,32.7791,507,33652,0.411856,1,1,2002152,2001645,507
159496421,32.6278,34.6447,494,33778,0.254297,1,1,2002221,2001727,494
159505181,37.4162,34.6893,496,33965,0.088515,1,1,2002331,2001835,496
159508101,29.9665,30.0757,494,34027,0.065406,0.9,1,2002356,2001862,494
159511021,46.1866,60.6303,470,34089,0.0561624,0.63,1,2002413,2001943,470
159513941,64.0746,77.6521,457,34151,0.088465,0.55,1,2002489,2002032,457
159546061,65.6919,46.1771,502,34826,0.262739,0.11,1,2002915,2002413,502
159569421,38.7904,31.2762,471,35308,0.437715,0.19,1,2003186,2002715,471
159575261,47.1265,27.3242,490,35428,0.428834,0.21,1,2003268,2002778,490
159578181,68.6506,45.7297,515,35488,0.405534,0.31,1,2003351,2002836,515
159589861,14.5351,32.6923,439,35725,0.405662,0.33,1,2003455,2003016,439
159592781,29.214,35.8769,440,35784,0.444265,0.35,1,2003494,2003054,440
159645341,46.7379,45.4324,450,36833,0.756538,0.67,2,2004160,2003710,450
159665781,28.1686,11.9542,482,37232,0.901975,0.67,2,2004419,2003937,482
159668701,32.2674,20.9817,490,37289,0.91879,0.69,2,2004454,2003964,490
159671621,31.507,29.3927,486,37346,0.913516,0.75,2,2004485,2003999,486
159674541,42.6028,29.7571,506,37403,0.923406,0.71,2,2004535,2004029,506
159677461,31.4411,41.9028,480,37459,0.927363,0.75,2,2004559,2004079,480
159680381,49.1764,31.1611,517,37515,0.904945,0.77,2,2004620,2004103,517
159808861,25.605,28.068,498,39916,0.928,1,2,2006310,2005812,498
159811781,24.642,29.2272,492,39969,0.9412,1,2,2006334,2005842,492
159814701,24.8568,25.4909,494,40022,0.93448,1,2,2006359,2005865,494
159817621,29.7427,28.7963,496,40075,0.919792,1,2,2006392,2005896,496
159820541,24.4971,11.5185,517,40128,0.901917,1,2,2006413,2005896,517
159829301,45.4398,32.0332,531,40286,0.774603,1,2,2006525,2005994,531
159873101,54.381,69.7759,499,41065,0.783145,0.63,2,2007110,2006611,499
159913981,56.4384,54.381,464,41779,0.941805,0.89,2,2007574,2007110,464
160103781,30.7967,29.1433,504,44942,0.421122,1,1,2009743,2009239,504
160115461,33.486,22.8933,508,45130,0.234797,1,1,2009858,2009350,508
160124221,46.3031,51.9132,480,45271,0.047427,1,1,2009964,2009484,480
160127141,36.5212,42.3653,474,45318,0.0489708,1,1,2009994,2009520,474
160130061,36.2085,40.3461,471,45365,0.0615883,0.78,1,2010030,2009559,471
160132981,33.6834,41.3384,461,45411,0.0786353,0.81,1,2010062,2009601,461
160135901,34.4734,39.9354,457,45457,0.0374541,0.53,1,2010097,2009640,457
160138821,26.9893,31.5742,453,45503,0.0689817,0.59,1,2010119,2009666,453
160159261,28.7591,33.486,426,45825,0.221799,0.05,1,2010284,2009858,426
160162181,24.1036,28.3944,422,45871,0.22672,0.09,1,2010305,2009883,422
160165101,21.6415,22.7578,423,45917,0.204688,0.09,1,2010325,2009902,423
160168021,44.6566,9.1031,483,45963,0.207875,0.01,1,2010385,2009902,483
160188461,19.5757,20.9734,443,46285,0.0951298,0.15,1,2010579,2010136,443
160191381,25.8303,18.5893,456,46331,0.0920519,0.13,1,2010609,2010153,456
160194301,28.3321,24.8357,457,46377,0.0908208,0.17,1,2010639,2010182,457
160208901,22.1292,24.1036,451,46602,0.217708,0.19,1,2010756,2010305,451
160211821,43.6517,21.6414,489,46647,0.213083,0.21,1,2010814,2010325,489
160214741,35.4607,44.6566,459,46692,0.211233,0.13,1,2010844,2010385,459
160217661,38.7843,37.0626,468,46737,0.234493,0.19,1,2010885,2010417,468
160220581,33.5137,37.6251,460,46782,0.255797,0.19,1,2010915,2010455,460
160223501,31.4055,33.05,460,46827,0.264319,0.11,1,2010945,2010485,460
160226421,26.3622,33.62,449,46872,0.279728,0.11,1,2010968,2010519,449
160229341,21.3449,27.848,443,46917,0.285891,0.09,1,2010986,2010543,443
160232261,19.338,21.9392,443,46962,0.288356,0.09,1,2011004,2010561,443
160264381,31.3357,38.7843,434,47456,0.400632,0.27,1,2011319,2010885,434
160276061,21.4326,21.3449,436,47632,0.414272,0.29,1,2011422,2010986,436
160278981,19.373,19.338,436,47676,0.423709,0.35,1,2011440,2011004,436
160281901,27.5492,25.7352,439,47720,0.439484,0.35,1,2011473,2011034,439
160284821,29.0197,28.2941,439,47764,0.445793,0.39,1,2011503,2011064,439
160287741,28.4079,28.1176,439,47808,0.448317,0.33,1,2011531,2011092,439
160343221,25.4298,24.7141,446,48640,0.755127,0.51,2,2012052,2011606,446
160346141,23.9719,23.0856,447,48683,0.776051,0.55,2,2012075,2011628,447
160372421,20.1759,21.7478,469,49070,0.904173,0.65,2,2012332,2011863,469
160375341,29.6704,19.4991,487,49113,0.907669,0.61,2,2012368,2011881,487
160378261,31.0681,29.3996,483,49156,0.909068,0.65,2,2012400,2011917,483
160384101,23.3309,28.7039,473,49242,0.905051,0.69,2,2012448,2011975,473
160387021,33.9324,21.6816,497,49285,0.93202,0.77,2,2012489,2011992,497
160389941,26.7729,32.0726,480,49328,0.918808,0.77,2,2012511,2012031,480
160392861,24.5092,25.4291,482,49371,0.937523,0.79,2,2012534,2012052,482
160600181,36.3768,38.7647,508,52312,0.916,1,2,2014611,2014103,508
160603101,33.1507,28.7059,517,52352,0.9304,1,2,2014642,2014125,517
160606021,33.6603,24.6824,529,52392,0.94216,1,2,2014676,2014147,529
160680481,94.1092,88.1617,455,24266,0.0470879,0.05,1,2015562,2015107,455
160683401,66.4437,83.2647,423,24353,0.0368352,0.01,1,2015610,2015187,423
160686321,39.7775,43.5059,428,24440,0.0147341,0.03,1,2015632,2015204,428
160689241,46.511,29.4023,459,24527,0.0238936,0.03,1,2015683,2015224,459
160692161,43.2044,38.1609,456,24613,0.0275574,0.07,1,2015724,2015268,456
160695081,55.0818,56.6644,450,24699,0.041023,0.05,1,2015787,2015337,450
160698001,58.6327,58.0658,452,24785,0.0464092,0.05,1,2015848,2015396,452
160700921,67.8531,85.6263,422,24871,0.0725637,0.01,1,2015922,2015500,422
160703841,64.3412,71.4505,422,24956,0.0350255,0.03,1,2015984,2015562,422
160706761,55.1365,57.3802,423,25041,0.0440102,0,1,2016033,2015610,423
160709681,35.2546,36.1521,423,25126,0.0356041,0.03,1,2016055,2015632,423
160712601,45.3018,45.0608,424,25210,0.0562416,0.03,1,2016107,2015683,424
160715521,42.1207,42.6243,423,25294,0.0524967,0.05,1,2016147,2015724,423
160718441,55.2483,54.8497,424,25378,0.0509987,0.05,1,2016211,2015787,424
160721361,57.4993,58.5399,422,25461,0.0623995,0.05,1,2016270,2015848,422
160724281,67.9997,23.416,497,25544,0.0669598,0.09,1,2016345,2015848,497
160727201,63.1999,53.7664,483,25627,0.0567839,0.01,1,2016405,2015922,483
160730121,54.68,58.7066,470,25710,0.0767136,0.05,1,2016454,2015984,470
160733041,35.072,52.8826,443,25792,0.0966854,0.03,1,2016476,2016033,443
160735961,45.8288,34.353,474,25874,0.0926742,0.07,1,2016529,2016055,474
160738881,42.9315,44.9412,463,25956,0.0910697,0.05,1,2016570,2016107,463
160756401,34.8839,54.6785,446,26442,0.204893,0.11,1,2016900,2016454,446
160759321,46.3536,35.0714,478,26522,0.219957,0.09,1,2016954,2016476,478
160762241,43.1414,45.8286,466,26602,0.225983,0.09,1,2016995,2016529,466
160765161,55.0566,42.9314,488,26682,0.216393,0.13,1,2017058,2016570,488
160768081,59.2226,54.9726,487,26761,0.212557,0.11,1,2017120,2016633,487
160771001,69.2891,58.589,502,26840,0.211023,0.13,1,2017196,2016694,502
160773921,28.9156,68.4356,429,26919,0.210409,0.19,1,2017198,2016769,429
160776841,48.7662,62.7742,432,26998,0.246164,0.17,1,2017260,2016828,432
160779761,49.5065,55.7097,431,27076,0.284465,0.23,1,2017310,2016879,431
160782681,33.6026,34.8839,433,27154,0.299786,0.23,1,2017333,2016900,433
160797281,69.4199,69.2891,433,27542,0.414113,0.21,1,2017629,2017196,433
160800201,28.968,28.9156,433,27619,0.423645,0.27,1,2017631,2017198,433
160849841,73.5488,59.5698,536,28894,0.927388,0.69,2,2018529,2017993,536
160852761,30.6195,71.2279,459,28967,0.940955,0.69,2,2018531,2018072,459
160855681,50.0478,29.6912,520,29040,0.934382,0.79,2,2018594,2018074,520
160858601,52.4191,49.0765,512,29113,0.931753,0.69,2,2018648,2018136,512
160861521,35.3676,53.8306,479,29186,0.930701,0.69,2,2018672,2018193,479
160864441,53.1471,35.9322,520,29259,0.942281,0.77,2,2018737,2018217,520
160972481,40.9066,42.1703,518,31825,0.90472,1,2,2020536,2020018,518
160978321,30.3051,32.4272,504,31957,0.784355,1,2,2020596,2020092,504
160990001,59.115,63.5661,523,32221,0.417279,1,1,2020802,2020279,523
160992921,68.646,54.2265,550,32287,0.292912,1,1,2020877,2020327,550
160995841,58.6584,73.2906,516,32353,0.219165,0.97,1,2020929,2020413,516
161007521,26.8841,36.7626,480,32613,0.0794826,0.75,1,2021050,2020570,480
161010441,29.3536,30.3051,485,32678,0.073793,0.65,1,2021081,2020596,485
161013361,30.3414,31.922,483,32743,0.0835172,0.59,1,2021112,2020629,483
161016281,13.3366,31.9688,453,32808,0.0874069,0.39,1,2021114,2020661,453
161019201,45.5346,63.7875,435,32872,0.0889628,0.37,1,2021181,2020746,435
161045481,31.6169,30.3414,426,33446,0.209413,0.09,1,2021538,2021112,426
161048401,13.8468,13.3366,426,33509,0.245765,0.09,1,2021540,2021114,426
161051321,45.7387,45.5346,426,33572,0.224306,0.11,1,2021607,2021181,426
161054241,56.0955,54.2139,429,33635,0.299722,0.15,1,2021670,2021241,429
161063001,42.5661,42.6857,428,33824,0.427902,0.19,1,2021821,2021393,428
161065921,35.6264,34.4743,430,33887,0.429161,0.15,1,2021852,2021422,430
161121401,66.8532,58.4219,519,35053,0.750443,0.57,2,2022625,2022106,519
161124321,58.5413,64.7688,503,35113,0.750177,0.59,2,2022678,2022175,503
161127241,45.0165,57.1075,487,35173,0.750071,0.63,2,2022714,2022227,487
161130161,37.8066,43.843,485,35233,0.786028,0.63,2,2022747,2022262,485
161133081,33.1226,36.7372,483,35293,0.776411,0.65,2,2022777,2022294,483
161136001,25.2491,32.6949,473,35353,0.772565,0.65,2,2022797,2022324,473
161138921,29.8996,25.078,486,35413,0.759026,0.67,2,2022830,2022344,486
161141841,35.9598,29.2312,494,35473,0.75361,0.67,2,2022870,2022376,494
161144761,15.5839,36.8925,454,35533,0.751444,0.63,2,2022872,2022418,454
161150601,58.4134,46.5828,519,35651,0.752631,0.67,2,2023006,2022487,519
161153521,24.5654,57.6331,456,35710,0.763052,0.81,2,2023008,2022552,456
161156441,56.0261,66.8532,460,35769,0.791221,0.75,2,2023085,2022625,460
161168121,32.9031,33.1226,460,36005,0.904751,0.77,2,2023237,2022777,460
161171041,25.1612,25.2491,460,36064,0.919901,0.75,2,2023257,2022797,460
161173961,29.2645,29.8996,459,36123,0.92596,0.75,2,2023289,2022830,459
161176881,35.7058,35.9598,459,36182,0.916384,0.75,2,2023329,2022870,459
161179801,15.4823,15.5839,459,36240,0.936554,0.71,2,2023331,2022872,459
161182721,46.3929,47.0336,458,36298,0.932621,0.77,2,2023398,2022940,458
161287841,33.5477,30.4418,517,38338,0.9232,1,2,2024807,2024290,517
161290761,56.0191,39.7767,542,38393,0.92128,1,2,2024878,2024336,542
161293681,39.8076,61.5107,495,38448,0.926512,1,2,2024907,2024412,495
161299521,47.5292,56.4017,513,38558,0.766242,1,2,2025014,2024501,513
161311201,27.6455,35.8599,494,38778,0.411056,1,1,2025142,2024648,494
161328721,44.7788,56.0191,467,39102,0.200932,0.93,1,2025345,2024878,467
161352081,32.2876,31.4582,444,39533,0.209639,0.31,1,2025620,2025176,444
161355001,24.915,26.9833,440,39586,0.221856,0.29,1,2025640,2025200,440
161357921,25.566,28.7933,436,39639,0.226742,0.35,1,2025666,2025230,436
161360841,30.6264,30.1173,439,39692,0.276697,0.29,1,2025700,2025261,439
161363761,29.0506,29.4469,438,39745,0.284679,0.13,1,2025728,2025290,438
161369601,32.4881,35.3115,428,39851,0.298749,0.11,1,2025802,2025374,428
161390041,33.2895,20.6476,469,40222,0.444767,0.23,1,2026051,2025582,469
161480561,29.3439,29.8084,451,41818,0.760539,0.63,2,2027059,2026608,451
161483481,41.7376,40.7234,453,41868,0.766215,0.63,2,2027109,2026656,453
161486401,33.495,33.0893,453,41918,0.792486,0.63,2,2027137,2026684,453
161489321,53.598,53.4357,453,41968,0.766994,0.65,2,2027204,2026751,453
161492241,40.6392,41.1743,452,42018,0.792798,0.59,2,2027236,2026784,452
161495161,43.2557,44.0697,451,42068,0.791119,0.59,2,2027281,2026830,451
161515601,28.3517,27.3992,456,42418,0.938781,0.77,2,2027453,2026997,456
161673281,29.3926,29.0057,497,45025,0.9436,1,2,2029298,2028801,497
161696641,28.2522,37.57,490,45400,0.782667,1,2,2029521,2029031,490
161702481,37.6404,43.8112,481,45492,0.757627,1,2,2029617,2029136,481
161708321,38.3025,37.0098,483,45584,0.75842,1,2,2029690,2029207,483
161711241,26.721,35.2039,468,45630,0.753368,0.94,2,2029709,2029241,468
161714161,26.8884,31.4816,466,45676,0.787347,0.93,2,2029736,2029270,466
161731681,24.9206,8.9909,489,45952,0.902125,0.91,2,2029893,2029404,489
161734601,29.1682,16.7964,499,45998,0.90685,0.85,2,2029925,2029426,499
161737521,31.4673,28.9185,495,46044,0.92074,0.81,2,2029958,2029463,495
161959441,26.3154,31.4598,509,49403,0.916,1,2,2032312,2031803,509
161965281,34.3305,27.2336,530,49489,0.90376,1,2,2032382,2031852,530
161966741,29.9322,30.6934,524,49532,0.907504,1,2,2032409,2031885,524
162020761,172.309,172.311,490,22724,0.439201,0.63,1,2032981,2032491,490
162023681,119.324,123.524,483,22817,0.40968,0.57,1,2033065,2032582,483
162029521,69.6118,70.5239,476,23003,0.400349,0.55,1,2033181,2032705,476
162032441,56.0447,64.2096,463,23095,0.41814,0.41,1,2033228,2032765,463
162058721,40.1458,72.3005,461,23908,0.756639,0.45,2,2033774,2033313,461
162061641,17.2583,39.7202,445,23997,0.764656,0.55,2,2033776,2033331,445
162067481,78.1213,78.3552,453,24173,0.940745,0.65,2,2033958,2033505,453
162198881,37.4522,43.7617,496,27844,0.444227,1,1,2036516,2036020,496
162201801,61.7809,65.5047,494,27920,0.219691,1,1,2036594,2036100,494
162207641,36.2849,39.1607,486,28072,0.0819505,1,1,2036659,2036173,486
162210561,54.114,51.0643,493,28147,0.0387802,0.97,1,2036725,2036232,493
162213481,63.6456,70.2257,480,28222,0.0335121,0.77,1,2036795,2036315,480
162216401,65.0582,82.6903,455,28297,0.0314048,0.67,1,2036861,2036406,455
162219321,47.0233,57.0761,450,28372,0.0425619,0.67,1,2036896,2036446,450
162222241,36.2093,22.8304,479,28447,0.0470248,0.53,1,2036925,2036446,479
162225161,28.8837,31.9322,465,28521,0.0368099,0.33,1,2036949,2036484,465
162228081,51.1535,31.9729,499,28595,0.056724,0.07,1,2037015,2036516,499
162231001,41.4614,59.5892,456,28669,0.0406896,0.07,1,2037050,2036594,456
162233921,35.1846,44.8357,452,28743,0.0582758,0.05,1,2037081,2036629,452
162236841,53.6738,35.9343,488,28817,0.0533103,0.01,1,2037147,2036659,488
162239761,63.4695,53.9737,492,28890,0.0393241,0.03,1,2037217,2036725,492
162242681,64.9878,63.5895,488,28963,0.0337297,0.03,1,2037283,2036795,488
162245601,46.9951,65.0358,457,29036,0.0434919,0.05,1,2037318,2036861,457
162248521,35.598,47.0143,450,29109,0.0713967,0.05,1,2037346,2036896,450
162251441,30.4392,36.2057,448,29182,0.0825587,0.03,1,2037373,2036925,448
162254361,49.9757,28.8823,487,29255,0.0630235,0.07,1,2037436,2036949,487
162257281,40.9903,51.1529,456,29327,0.0672094,0.03,1,2037471,2037015,456
162260201,35.5961,41.4612,453,29399,0.0568838,0.07,1,2037503,2037050,453
162263121,55.6384,35.1845,491,29471,0.0527535,0.05,1,2037572,2037081,491
162266041,61.8554,53.6738,491,29543,0.0391014,0.03,1,2037638,2037147,491
162268961,66.1422,63.4695,490,29615,0.0456406,0.03,1,2037707,2037217,490
162271881,46.8569,64.9878,458,29686,0.0362562,0.05,1,2037741,2037283,458
162274801,36.1427,46.9951,452,29757,0.0565025,0.09,1,2037770,2037318,452
162277721,31.2571,35.598,452,29828,0.076601,0.09,1,2037798,2037346,452
162280641,13.7028,30.4392,427,29899,0.0846404,0.05,1,2037800,2037373,427
162286481,36.7525,40.9903,422,30041,0.0987425,0.05,1,2037893,2037471,422
162289401,33.901,35.5961,422,30111,0.081497,0.05,1,2037925,2037503,422
162292321,56.7604,55.6384,425,30181,0.0745988,0.03,1,2037997,2037572,425
162295241,61.1042,61.8554,423,30251,0.0358395,0.05,1,2038061,2037638,423
162298161,65.2417,66.1422,422,30321,0.0563358,0.03,1,2038129,2037707,422
162301081,47.0967,46.8569,423,30391,0.0525343,0.07,1,2038164,2037741,423
162304001,38.0387,36.1427,426,30461,0.0390137,0.09,1,2038196,2037770,426
162306921,32.0155,31.2571,426,30530,0.0336055,0.09,1,2038224,2037798,426
162309841,14.0062,13.7028,426,30599,0.0314422,0.13,1,2038226,2037800,426
162312761,41.0025,40.8811,426,30668,0.0785769,0.09,1,2038285,2037859,426
162321521,57.2242,56.7604,424,30875,0.0763089,0.01,1,2038421,2037997,424
162324441,60.0897,61.1042,422,30944,0.0725236,0.07,1,2038483,2038061,422
162327361,65.4359,65.2417,423,31012,0.0350094,0.05,1,2038552,2038129,423
162330281,46.5743,47.0967,422,31080,0.0200038,0.03,1,2038586,2038164,422
162333201,38.4297,38.0387,423,31148,0.0140015,0.03,1,2038619,2038196,423
162336121,32.7719,32.0155,424,31216,0.0476006,0.03,1,2038648,2038224,424
162339041,14.3088,14.0062,424,31284,0.0610402,0.03,1,2038650,2038226,424
162341961,42.9235,5.60247,486,31352,0.0424161,0.11,1,2038712,2038226,486
162344881,35.1694,37.641,457,31419,0.0589664,0.13,1,2038742,2038285,457
162347801,33.8678,33.0564,460,31486,0.0775866,0.17,1,2038775,2038315,460
162350721,53.7471,33.0226,494,31553,0.0610346,0.03,1,2038842,2038348,494
162353641,59.2988,57.009,484,31620,0.0424138,0.07,1,2038905,2038421,484
162356561,64.5195,60.0036,490,31687,0.0349655,0.01,1,2038973,2038483,490
162359481,46.2078,65.4014,455,31754,0.0439862,0.01,1,2039007,2038552,455
162362401,38.8831,46.5606,455,31821,0.0715945,0.01,1,2039041,2038586,455
162365321,34.1533,38.4242,453,31887,0.0706378,0.07,1,2039072,2038619,453
162368241,14.8613,32.7697,426,31953,0.0702551,0.07,1,2039074,2038648,426
162371161,43.1445,14.3079,486,32019,0.0821021,0.03,1,2039136,2038650,486
162374081,35.8578,42.9232,455,32085,0.0988408,0.07,1,2039167,2038712,455
162377001,34.7431,35.1693,459,32151,0.0935363,0.09,1,2039201,2038742,459
162385761,64.9356,59.2988,491,32349,0.205906,0.03,1,2039396,2038905,491
162388681,46.9742,64.5195,458,32414,0.256363,0.05,1,2039431,2038973,458
162391601,38.5897,46.2078,457,32479,0.288545,0.09,1,2039464,2039007,457
162414961,58.4251,58.8389,431,32996,0.416062,0.23,1,2039758,2039327,431
162490881,35.7666,40.0453,484,34624,0.761051,0.65,2,2040830,2040346,484
162493801,15.5066,35.8181,453,34685,0.766421,0.65,2,2040832,2040379,453
162514241,69.8975,61.3832,530,35110,0.937128,0.73,2,2041182,2040652,530
162660241,44.0463,46.8326,525,38003,0.210409,1,1,2043169,2042644,525
162666081,27.8074,33.8932,515,38115,0.0900654,1,1,2043221,2042706,515
162669001,40.523,29.7573,537,38170,0.0780262,1,1,2043270,2042733,537
162671921,33.6092,50.9029,501,38225,0.0612105,0.97,1,2043299,2042798,501
162674841,32.0437,40.7612,498,38280,0.0424842,0.79,1,2043330,2042832,498
162677761,25.4175,37.3045,484,38335,0.0349937,0.89,1,2043351,2042867,484
162680681,26.367,28.7218,488,38390,0.0559975,0.77,1,2043378,2042890,488
162683601,26.1468,32.4887,479,38445,0.076399,0.69,1,2043404,2042925,479
162686521,50.6587,30.9955,516,38500,0.0485596,0.43,1,2043471,2042955,516
162689441,40.0635,58.5982,472,38555,0.0734238,0.41,1,2043504,2043032,472
162715721,27.2495,25.4175,426,39045,0.0993861,0.07,1,2043777,2043351,426
162730321,51.6832,49.0254,430,39315,0.0825889,0.13,1,2043989,2043559,430
162733241,21.8733,20.8102,430,39369,0.0510356,0.19,1,2043991,2043561,430
162736161,27.9493,29.3241,427,39423,0.0744142,0.17,1,2044023,2043596,427
162739081,26.7797,27.9296,426,39477,0.0837657,0.13,1,2044049,2043623,426
162742001,23.9119,24.3719,426,39530,0.0995063,0.11,1,2044071,2043645,426
162750761,29.8024,30.6238,426,39689,0.213008,0.07,1,2044178,2043752,426
162753681,26.3209,27.2495,425,39742,0.211203,0.12,1,2044202,2043777,425
162756601,27.9284,26.4998,428,39795,0.210481,0.17,1,2044231,2043803,428
162771201,21.0335,21.8733,423,40060,0.204475,0.03,1,2044414,2043991,423
162777041,26.6454,22.6997,449,40166,0.204316,0.09,1,2044472,2044023,449
162782881,43.8633,23.072,482,40271,0.228291,0.19,1,2044553,2044071,482
162785801,33.7453,40.4288,457,40323,0.265316,0.21,1,2044580,2044123,457
162788721,30.8981,32.3715,459,40375,0.292126,0.23,1,2044609,2044150,459
162803321,41.8978,48.1472,466,40635,0.427801,0.17,1,2044786,2044320,466
162861721,42.4578,45.3819,449,41662,0.750863,0.55,2,2045436,2044987,449
162864641,34.3831,34.9527,450,41713,0.750345,0.61,2,2045465,2045015,450
162867561,33.5532,31.9811,453,41764,0.750138,0.65,2,2045498,2045045,453
162870481,27.8213,27.7924,452,41815,0.750055,0.63,2,2045522,2045070,452
162873401,29.1285,28.517,453,41865,0.750022,0.63,2,2045552,2045099,453
162876321,27.8514,27.6068,453,41915,0.774009,0.63,2,2045579,2045126,453
162879241,50.7406,49.4427,455,41965,0.795604,0.69,2,2045645,2045190,455
162882161,44.2962,43.1771,456,42015,0.792241,0.69,2,2045685,2045229,456
162908441,33.7964,33.5532,459,42465,0.912672,0.75,2,2045957,2045498,459
162911361,27.9186,27.8213,459,42515,0.929069,0.75,2,2045981,2045522,459
163069041,28.8776,30.5272,504,45116,0.908289,1,2,2047803,2047299,504
163080721,29.9665,26.1351,510,45304,0.937652,1,2,2047918,2047408,510
163150801,52.4686,33.1117,493,21861,0.765746,0.59,2,2048927,2048434,493
163162481,62.0392,60.9245,457,22247,0.909283,0.71,2,2049233,2048776,457
163165401,62.0157,61.5698,457,22342,0.933713,0.75,2,2049295,2048838,457
163171241,52.6425,52.0912,459,22532,0.940194,0.79,2,2049386,2048927,459
163258841,50.1478,49.3112,485,25201,0.9484,1,2,2051290,2050805,485
163264681,62.9836,62.9698,486,25369,0.791344,1,2,2051471,2050985,486
163267601,49.7935,51.5879,483,25453,0.754538,1,2,2051512,2051029,483
163299721,47.92,57.5237,491,26354,0.794717,0.59,2,2052106,2051615,491
163302641,55.168,50.0095,506,26434,0.791887,0.65,2,2052166,2051660,506
163305561,46.0672,53.0038,491,26514,0.790755,0.65,2,2052206,2051715,491
163308481,109.027,45.2015,602,26594,0.778302,0.69,2,2052357,2051755,602
163311401,61.6108,106.281,485,26674,0.773321,0.69,2,2052387,2051902,485
163328921,50.498,55.168,461,27146,0.908776,0.79,2,2052627,2052166,461
163448641,44.3303,42.7001,490,30177,0.916737,1,2,2054799,2054309,490
163451561,44.7321,45.8801,487,30247,0.912695,1,2,2054844,2054357,487
163460321,41.8629,40.8323,482,30457,0.902972,1,2,2054954,2054472,482
163469081,39.3032,38.6613,479,30664,0.91675,0.95,2,2055064,2054585,479
163483681,37.1743,38.8929,464,31008,0.912431,0.87,2,2055343,2054879,464
163492441,37.8512,37.1451,465,31212,0.925516,0.83,2,2055453,2054988,465
163495361,34.3405,35.2581,463,31280,0.916206,0.83,2,2055485,2055022,463
163498281,40.1362,14.1032,507,31348,0.900482,0.97,2,2055529,2055022,507
163501201,98.8545,30.8413,603,31415,0.930193,0.87,2,2055667,2055064,603
163609241,32.0671,26.573,503,33816,0.944368,1,2,2057286,2056783,503
163612161,32.6268,37.0292,492,33879,0.923747,1,2,2057319,2056827,492
163623841,91.1376,95.7239,482,34127,0.7988,1,2,2057565,2057083,482
163626761,55.6551,63.4896,472,34189,0.79352,0.95,2,2057597,2057125,472
163629681,40.862,43.9958,472,34251,0.791408,0.95,2,2057628,2057156,472
163647201,40.8391,32.3565,511,34620,0.75505,0.83,2,2057830,2057319,511
163655961,92.9737,34.3268,589,34803,0.767603,0.79,2,2058025,2057436,589
163670561,31.3073,30.7777,488,35106,0.900708,0.67,2,2058178,2057690,488
163673481,31.7229,32.1111,487,35166,0.942283,0.77,2,2058210,2057723,487
163676401,30.0892,30.2444,487,35226,0.946913,0.73,2,2058239,2057752,487
163679321,40.8357,30.0978,505,35286,0.948765,0.77,2,2058287,2057782,505
163682241,34.3343,40.8391,487,35346,0.949506,0.73,2,2058317,2057830,487
163685161,32.9337,34.3356,489,35406,0.949802,0.73,2,2058349,2057860,489
163813641,21.8425,30.8711,508,37944,0.9316,1,2,2060134,2059626,508
163910001,41.4402,51.5172,480,39740,0.78568,1,2,2061439,2060959,480
163912921,45.9761,41.0069,495,39793,0.752272,1,2,2061488,2060993,495
163933361,24.3196,22.7394,516,40164,0.408536,1,1,2061694,2061178,516
163945041,50.1346,57.0925,516,40374,0.299563,0.81,1,2061870,2061354,516
163947961,36.2538,54.037,491,40426,0.293825,0.73,1,2061897,2061406,491
163950881,43.3015,41.4148,506,40478,0.21953,0.73,1,2061945,2061439,506
163971321,24.4983,23.2989,468,40842,0.087886,0.35,1,2062137,2061669,468
163983001,49.064,51.8365,485,41049,0.235386,0.29,1,2062306,2061821,485
163985921,34.0256,50.1346,460,41100,0.232154,0.29,1,2062330,2061870,460
163988841,40.0102,36.2538,477,41151,0.254862,0.17,1,2062374,2061897,477
163991761,38.8041,43.3015,467,41202,0.299945,0.17,1,2062412,2061945,467
164015121,20.5231,22.9993,433,41610,0.401651,0.19,1,2062592,2062159,433
164020961,51.1637,52.1599,432,41712,0.439864,0.27,1,2062691,2062259,432
164085201,27.2311,26.4768,452,42811,0.76062,0.65,2,2063412,2062960,452
164088121,21.6925,21.3907,452,42860,0.754248,0.61,2,2063430,2062978,452
164091041,24.277,24.1563,452,42909,0.775699,0.61,2,2063456,2063004,452
164093961,10.9108,10.8625,452,42958,0.78428,0.63,2,2063458,2063006,452
164096881,19.9643,20.545,451,43007,0.775712,0.63,2,2063484,2063033,451
164099801,27.1857,8.218,483,43056,0.772285,0.61,2,2063516,2063033,483
164102721,52.8743,22.4872,521,43105,0.782914,0.55,2,2063586,2063065,521
164126081,28.0534,33.5746,481,43497,0.916042,0.77,2,2063870,2063389,481
164129001,22.0214,27.2298,476,43546,0.912417,0.75,2,2063888,2063412,476
164131921,24.4085,21.6919,484,43594,0.910967,0.79,2,2063914,2063430,484
164134841,10.9634,24.2768,460,43642,0.910387,0.79,2,2063916,2063456,460
164137761,20.5854,10.9107,485,43690,0.922155,0.77,2,2063943,2063458,485
164140681,27.4341,19.9643,491,43738,0.926862,0.77,2,2063975,2063484,491
164359681,316.839,359.406,474,20440,0.758798,0.93,2,2066456,2065982,474
164371361,80.3271,83.0392,497,21568,0.769809,0.57,2,2066780,2066283,497
164374281,78.3308,83.0157,491,21666,0.769924,0.61,2,2066857,2066366,491
164377201,43.3323,66.2063,456,21764,0.769969,0.61,2,2066877,2066421,456
164380121,32.9329,35.4825,467,21861,0.769988,0.61,2,2066903,2066436,467
164383041,62.9732,71.193,455,21958,0.793995,0.71,2,2066986,2066531,455
164385961,94.1893,95.0772,459,22055,0.755598,0.77,2,2067101,2066642,459
164403481,62.7418,13.0084,543,22626,0.916364,0.81,2,2067446,2066903,543
164499841,77.4733,28.2467,573,25536,0.0676392,1,1,2069559,2068986,573
164502761,69.3893,68.2987,542,25619,0.0570557,0.95,1,2069623,2069081,542
164505681,65.5557,71.1195,532,25702,0.0528223,0.95,1,2069686,2069154,532
164508601,43.0223,68.0478,494,25784,0.0511289,0.75,1,2069714,2069220,494
164511521,37.0089,48.8191,491,25866,0.0384516,0.67,1,2069747,2069256,491
164514441,44.2036,39.9276,506,25948,0.0453806,0.39,1,2069796,2069290,506
164517361,34.4814,57.9711,464,26030,0.0241522,0.29,1,2069824,2069360,464
164520281,57.5926,45.3884,500,26111,0.0276609,0,1,2069897,2069397,500
164523201,72.837,63.1554,508,26192,0.0290644,0.01,1,2069980,2069472,508
164526121,67.5348,77.4621,485,26273,0.0176257,0.05,1,2070044,2069559,485
164529041,65.4139,69.3849,485,26354,0.0130503,0.05,1,2070108,2069623,485
164531961,42.9656,65.5539,450,26434,0.0232201,0.05,1,2070136,2069686,450
164534881,36.9862,43.0216,455,26514,0.027288,0.03,1,2070169,2069714,455
164537801,43.5945,37.0086,470,26594,0.0769152,0.05,1,2070217,2069747,470
164540721,35.4378,44.2035,451,26674,0.0727661,0.01,1,2070247,2069796,451
164543641,58.5751,34.4814,497,26753,0.0831064,0.03,1,2070321,2069824,497
164546561,72.63,57.5926,506,26832,0.0512426,0.03,1,2070403,2069897,506
164549481,67.452,72.837,487,26911,0.038497,0.01,1,2070467,2069980,487
164552401,28.1808,67.5348,425,26990,0.0333988,0.01,1,2070469,2070044,425
164555321,50.8723,65.4139,427,27068,0.0313595,0.03,1,2070535,2070108,427
164558241,34.7489,42.9656,423,27146,0.0185438,0.03,1,2070559,2070136,423
164561161,33.0996,36.9862,422,27224,0.0254175,0.11,1,2070591,2070169,422
164564081,45.0398,43.5945,427,27302,0.016167,0.07,1,2070644,2070217,427
164567001,34.8159,35.4378,425,27380,0.0124668,0.09,1,2070672,2070247,425
164569921,58.9264,58.5751,426,27457,0.0349867,0.03,1,2070747,2070321,426
164572841,70.9705,72.63,423,27534,0.0559947,0.03,1,2070826,2070403,423
164575761,66.7882,67.452,423,27611,0.0403979,0.03,1,2070890,2070467,423
164578681,27.9153,28.1808,423,27688,0.0161591,0.03,1,2070892,2070469,423
164581601,50.1661,50.8723,422,27764,0.0244637,0.01,1,2070957,2070535,422
164584521,34.4664,34.7489,422,27840,0.0397855,0.03,1,2070981,2070559,422
164587441,32.9866,33.0996,422,27916,0.0339142,0.01,1,2071013,2070591,422
164590361,44.9946,45.0398,422,27992,0.0435657,0.01,1,2071066,2070644,422
164593281,34.7979,34.8159,422,28068,0.0594263,0.05,1,2071094,2070672,422
164596201,60.1191,58.9264,424,28143,0.0657705,0.07,1,2071171,2070747,424
164613721,32.514,31.7866,453,28591,0.0979302,0.03,1,2071434,2070981,453
164631241,28.0534,66.1281,429,29032,0.200018,0.17,1,2071741,2071312,429
164637081,34.0085,49.4605,450,29178,0.203603,0.13,1,2071828,2071378,450
164640001,31.6034,34.7842,455,29251,0.219441,0.07,1,2071858,2071403,455
164642921,46.2414,32.5137,480,29323,0.237776,0.11,1,2071914,2071434,480
164645841,35.8965,45.4055,455,29395,0.269111,0.13,1,2071943,2071488,455
164654601,69.0174,71.834,495,29611,0.424503,0.21,1,2072170,2071675,495
164721761,37.1034,36.6091,446,31212,0.793726,0.49,2,2073155,2072709,446
164724681,16.0414,15.8436,446,31280,0.79149,0.49,2,2073157,2072711,446
164748041,53.0012,29.3806,522,31817,0.923221,0.77,2,2073584,2073062,522
164844401,35.9421,36.129,488,33941,0.92197,1,2,2075052,2074564,488
164853161,30.2363,38.8163,485,34127,0.938606,0.97,2,2075148,2074663,485
164864841,58.158,38.9569,549,34375,0.771148,1,2,2075328,2074779,549
164896961,52.3303,32.8948,527,35046,0.762814,0.75,2,2075780,2075253,527
164899881,74.9321,58.1579,542,35106,0.791126,0.59,2,2075870,2075328,542
164914481,34.5151,35.4599,486,35406,0.934069,0.69,2,2076041,2075555,486
165078001,67.7411,72.6786,532,38607,0.792388,1,2,2078279,2077747,532
165092601,27.4921,31.805,490,38880,0.400648,1,1,2078417,2077927,490
165098441,30.4387,33.0488,488,38988,0.214104,1,1,2078479,2077991,488
165104281,36.7902,34.4478,489,39096,0.0882566,1,1,2078549,2078060,489
165113041,58.8746,71.8527,458,39258,0.0505284,0.73,1,2078672,2078214,458
165115961,58.9498,67.7411,452,39312,0.0502114,0.59,1,2078731,2078279,452
165118881,37.9799,42.0964,451,39366,0.0620845,0.53,1,2078755,2078304,451
165121801,34.992,38.4386,448,39420,0.0428338,0.47,1,2078788,2078340,448
165124721,30.7968,34.5754,444,39474,0.0351335,0.45,1,2078816,2078372,444
165127641,20.1187,22.2302,443,39528,0.0200534,0.35,1,2078829,2078386,443
165130561,25.4475,27.4921,441,39581,0.0620214,0.25,1,2078858,2078417,441
165133481,24.579,29.5968,434,39634,0.0788085,0.15,1,2078882,2078448,434
165136401,25.4316,30.4387,429,39687,0.0855234,0.15,1,2078908,2078479,429
165142241,34.6691,36.7902,425,39793,0.0940837,0.13,1,2078974,2078549,425
165145161,25.2676,26.7161,424,39846,0.0556335,0.11,1,2078993,2078569,424
165148081,21.507,22.6864,423,39899,0.0522534,0.01,1,2079012,2078589,423
165151001,57.8028,58.8746,422,39952,0.0989014,0.05,1,2079094,2078672,422
165153921,59.7211,58.9498,424,40005,0.0935605,0.07,1,2079155,2078731,424
165156841,37.6885,37.9799,423,40058,0.0794242,0.07,1,2079178,2078755,423
165159761,33.6754,15.192,454,40111,0.0737697,0.03,1,2079209,2078755,454
165162681,30.2702,25.8768,449,40164,0.0715079,0.03,1,2079237,2078788,449
165165601,19.9081,27.1507,434,40217,0.0346031,0.01,1,2079250,2078816,434
165168521,25.3632,18.6603,450,40270,0.0318413,0.09,1,2079279,2078829,450
165171441,26.9453,24.8641,449,40322,0.0427365,0.09,1,2079307,2078858,449
165174361,25.7781,24.3456,450,40374,0.0350946,0.09,1,2079332,2078882,450
165177281,25.3112,25.3383,449,40426,0.0920378,0.11,1,2079357,2078908,449
165188961,58.8672,21.5047,507,40634,0.232036,0.13,1,2079519,2079012,507
165191881,58.9469,57.8019,484,40686,0.278814,0.09,1,2079578,2079094,484
165194801,37.3787,59.7207,446,40738,0.285526,0.07,1,2079601,2079155,446
165200641,30.3406,33.6753,450,40842,0.270084,0.07,1,2079659,2079209,450
165203561,20.5362,30.2701,436,40894,0.270034,0.01,1,2079673,2079237,436
165206481,25.0145,19.9081,451,40946,0.246013,0.03,1,2079701,2079250,451
165209401,27.4058,25.3632,451,40998,0.236405,0.05,1,2079730,2079279,451
165212321,26.5623,26.9453,449,41049,0.232562,0.03,1,2079756,2079307,449
165215241,28.0249,25.7781,453,41100,0.279025,0.13,1,2079785,2079332,453
165224001,24.2816,25.1698,452,41253,0.297938,0.19,1,2079867,2079415,452
165247361,21.7613,25.0145,433,41661,0.413229,0.23,1,2080134,2079701,433
165250281,26.1045,27.4058,433,41712,0.447292,0.23,1,2080163,2079730,433
165323281,13.5873,13.2161,447,42958,0.759218,0.55,2,2080982,2080535,447
165326201,12.6349,12.4864,447,43007,0.765687,0.55,2,2080994,2080547,447
165329121,22.454,4.99458,476,43056,0.768275,0.59,2,2081023,2080547,476
165332041,28.1816,18.7978,480,43105,0.76931,0.57,2,2081055,2080575,480
165334961,26.8726,26.1191,475,43154,0.769724,0.61,2,2081081,2080606,475
165337881,30.5491,26.0477,482,43203,0.78189,0.57,2,2081114,2080632,482
165340801,35.0196,30.8191,486,43252,0.762756,0.57,2,2081152,2080666,486
165343721,26.0078,35.7276,467,43301,0.755102,0.57,2,2081172,2080705,467
165346641,24.8031,26.291,471,43350,0.776041,0.59,2,2081196,2080725,471
165352481,63.6085,63.1266,513,43448,0.900567,0.69,2,2081350,2080837,513
165355401,39.8434,61.2506,477,43497,0.930227,0.67,2,2081374,2080897,477
165602141,139.731,112.601,539,21270,0.09256,0.82,1,2084265,2083726,539
165605061,92.4925,111.04,490,21370,0.055024,0.61,1,2084326,2083836,490
165607981,80.197,93.0161,481,21469,0.0640096,0.41,1,2084398,2083917,481
165610901,77.6788,79.2064,487,21568,0.0556038,0.25,1,2084474,2083987,487
165613821,47.8715,74.2826,444,21666,0.0762415,0.15,1,2084502,2084058,444
165619661,37.4194,40.2052,441,21861,0.0481986,0.03,1,2084563,2084122,441
165622581,89.3678,101.882,422,21958,0.0372795,0.03,1,2084687,2084265,422
165625501,72.3471,77.3528,422,22055,0.0569118,0.07,1,2084748,2084326,422
165628421,72.1388,74.1411,422,22151,0.0527647,0.05,1,2084820,2084398,422
165631341,76.2555,75.2565,425,22247,0.0751059,0.09,1,2084899,2084474,425
165643021,87.0177,14.9058,545,22626,0.0645627,0.03,1,2085108,2084563,545
165648861,71.0428,68.7449,493,22813,0.09553,0.05,1,2085241,2084748,493
165651781,78.2171,70.698,504,22906,0.056212,0.09,1,2085324,2084820,504
165654701,49.2869,75.6792,455,22999,0.0524848,0.15,1,2085354,2084899,455
165657621,35.3147,47.6717,452,23091,0.0509939,0.13,1,2085380,2084928,452
165660541,32.1259,32.2687,460,23183,0.0863976,0.11,1,2085410,2084950,460
165663461,84.2504,34.5075,543,23274,0.064559,0.03,1,2085529,2084986,543
165666381,75.1001,87.003,490,23365,0.0438236,0.13,1,2085598,2085108,490
165669301,70.8401,72.6012,495,23456,0.0475294,0.09,1,2085666,2085171,495
165672221,76.336,71.0405,505,23546,0.0610118,0.03,1,2085746,2085241,505
165675141,49.1344,78.2162,453,23636,0.0544047,0.05,1,2085777,2085324,453
165678061,37.0538,49.2865,452,23726,0.0277619,0.05,1,2085806,2085354,452
165680981,32.8215,35.3146,456,23815,0.0291048,0.11,1,2085836,2085380,456
165683901,82.1286,32.1258,541,23904,0.0176419,0.05,1,2085951,2085410,541
165686821,34.0514,84.2503,424,23993,0.0130568,0.03,1,2085953,2085529,424
165689741,54.4206,75.1001,423,24081,0.0712227,0.05,1,2086021,2085598,423
165718941,75.6085,73.5073,430,24947,0.221904,0.23,1,2086601,2086171,430
165721861,48.8434,47.4029,431,25032,0.250762,0.17,1,2086632,2086201,431
165724781,35.1374,35.1612,430,25117,0.262305,0.21,1,2086658,2086228,430
165727701,34.4549,33.2645,432,25201,0.266922,0.13,1,2086692,2086260,432
165730621,77.382,81.7058,424,25285,0.292769,0.13,1,2086798,2086374,424
165794861,33.4768,52.1676,455,27068,0.750172,0.67,2,2087966,2087511,455
165797781,28.9907,36.4671,455,27146,0.762069,0.69,2,2087992,2087537,455
165800701,33.1963,36.7868,454,27224,0.790828,0.67,2,2088028,2087574,454
165815301,84.8583,82.4797,459,27611,0.905439,0.73,2,2088390,2087931,459
165818221,35.1433,34.1919,459,27688,0.908176,0.77,2,2088392,2087933,459
165821141,33.8573,33.4768,459,27764,0.94527,0.77,2,2088425,2087966,459
165955461,57.1726,58.4565,479,31076,0.941057,1,2,2090819,2090340,479
166060581,31.4515,32.137,499,33438,0.906832,1,2,2092425,2091926,499
166069341,32.8049,31.4088,517,33627,0.934037,1,2,2092526,2092009,517
166072261,58.722,81.5635,478,33690,0.901615,1,2,2092602,2092124,478
166075181,91.2888,96.2254,485,33753,0.762646,1,2,2092715,2092230,485
166118981,35.126,37.1232,486,34681,0.756795,0.63,2,2093299,2092813,486
166121901,29.0504,36.4493,475,34742,0.764718,0.63,2,2093324,2092849,475
166124821,29.6202,30.1797,479,34803,0.791887,0.61,2,2093354,2092875,479
166133581,28.0557,31.8115,477,34986,0.795881,0.57,2,2093448,2092971,477
166136501,56.8223,27.1246,529,35046,0.780352,0.63,2,2093524,2092995,529
166139421,86.3289,57.0498,558,35106,0.786141,0.73,2,2093630,2093072,558
166142341,52.5316,83.4199,487,35166,0.788456,0.71,2,2093660,2093173,487
166145261,39.6126,51.968,487,35226,0.777382,0.73,2,2093691,2093204,487
166148181,34.445,38.7872,488,35286,0.784953,0.75,2,2093722,2093234,488
166171541,49.3528,56.8223,460,35763,0.909717,0.79,2,2093984,2093524,460
166302941,36.3866,40.505,515,38332,0.9472,1,2,2095793,2095278,515
166305861,34.9547,34.802,518,38387,0.90088,1,2,2095827,2095309,518
166332141,32.3905,34.9163,487,38880,0.260548,1,1,2096171,2095684,487
166335061,32.7562,33.1665,488,38934,0.206219,0.93,1,2096204,2095716,488
166343821,28.6404,34.9547,472,39096,0.070558,0.99,1,2096299,2095827,472
166346741,23.4562,28.9819,467,39150,0.0822232,0.81,1,2096319,2095852,467
166349661,26.7825,31.3927,463,39204,0.0748893,0.61,1,2096348,2095885,463
166352581,68.913,79.1571,449,39258,0.0839557,0.53,1,2096445,2095996,449
166355501,49.1652,53.2628,449,39312,0.0635823,0.47,1,2096481,2096032,449
166358421,35.8661,40.5051,444,39366,0.0674329,0.43,1,2096508,2096064,444
166361341,16.7464,21.6021,439,39420,0.0689732,0.29,1,2096512,2096073,439
166364261,21.0986,25.4408,435,39474,0.0815893,0.27,1,2096536,2096101,435
166367181,29.4394,32.9763,432,39528,0.0986357,0.23,1,2096571,2096139,432
166381781,27.8343,28.6404,422,39793,0.056066,0.09,1,2096721,2096299,422
166384701,24.9337,23.4562,425,39846,0.0284264,0.07,1,2096744,2096319,425
166387621,25.5735,26.7825,422,39899,0.0653706,0.09,1,2096770,2096348,422
166390541,69.6294,68.913,424,39952,0.0801482,0.05,1,2096869,2096445,424
166393461,50.0518,49.1652,425,40005,0.0860593,0.07,1,2096906,2096481,425
166460621,24.3115,25.9782,453,41202,0.200357,0.15,1,2097595,2097142,453
166463541,24.1246,25.3913,452,41253,0.206143,0.15,1,2097619,2097167,452
166466461,70.8498,24.5565,530,41304,0.232457,0.17,1,2097721,2097191,530
166469381,52.3399,70.4226,469,41355,0.242983,0.17,1,2097761,2097292,469
166472301,36.536,52.169,455,41406,0.247193,0.15,1,2097787,2097332,455
166475221,17.0144,37.0676,432,41457,0.248877,0.15,1,2097791,2097359,432
166478141,21.2058,17.227,452,41508,0.273551,0.15,1,2097815,2097363,452
166481061,9.6823,21.2908,430,41559,0.28342,0.21,1,2097817,2097387,430
166489821,29.3717,30.3546,429,41712,0.404779,0.17,1,2097914,2097485,429
166565741,29.9572,28.1241,454,43007,0.750592,0.63,2,2098749,2098295,454
166568661,29.9829,11.2496,484,43056,0.750237,0.67,2,2098779,2098295,484
166571581,31.1932,22.4998,486,43105,0.774095,0.67,2,2098811,2098325,486
166574501,37.6773,28.1999,496,43154,0.783638,0.71,2,2098853,2098357,496
166589101,74.6169,24.5384,564,43399,0.921013,0.75,2,2099062,2098498,564
166609541,30.8229,29.9571,488,43738,0.944287,0.75,2,2099237,2098749,488
166612461,32.7291,29.9829,492,43786,0.935715,0.79,2,2099271,2098779,492
166621221,27.9187,32.4709,487,43930,0.943806,0.85,2,2099369,2098882,487
166624141,25.5675,27.3884,487,43978,0.947522,0.85,2,2099393,2098906,487
166627061,25.227,25.3553,488,44026,0.937009,0.85,2,2099418,2098930,488
166781821,313.901,332.61,478,20440,0.418,1,1,2101164,2100686,478
166787661,100.624,106.018,486,21370,0.09208,0.67,1,2101293,2100807,486
166802261,30.2624,36.236,435,21861,0.0724725,0.03,1,2101587,2101152,435
166805181,57.105,66.6944,423,21958,0.070989,0.03,1,2101662,2101239,423
166808101,55.242,59.0778,423,22055,0.0343956,0.11,1,2101716,2101293,423
166811021,80.2968,80.6311,425,22151,0.0677582,0.15,1,2101813,2101388,425
166816861,76.8075,76.981,426,22342,0.242441,0.09,1,2101973,2101547,426
166819781,39.123,41.5924,422,22437,0.258977,0.05,1,2101987,2101565,422
166822701,30.0492,29.837,424,22532,0.265591,0.05,1,2102011,2101587,424
166825621,56.4197,11.9348,498,22626,0.220236,0.07,1,2102085,2101587,498
166828541,53.7679,49.7739,475,22720,0.202094,0.01,1,2102137,2101662,475
166831461,82.1071,52.3096,522,22813,0.206838,0.09,1,2102238,2101716,522
166851901,84.1396,53.7631,533,23456,0.246479,0.21,1,2102670,2102137,533
166854821,87.6559,82.1052,522,23546,0.296592,0.19,1,2102760,2102238,522
166872341,40.3411,52.8491,431,24081,0.412542,0.29,1,2102996,2102565,431
166875261,82.1364,84.1396,436,24169,0.435017,0.33,1,2103106,2102670,436
166904461,83.5128,82.0218,446,25032,0.789084,0.53,2,2103722,2103276,446
166919061,42.1371,41.1378,451,25453,0.948352,0.63,2,2103890,2103439,451
166921981,83.4548,16.4551,562,25536,0.937341,0.63,2,2104001,2103439,562
167047541,75.2436,30.8398,591,28886,0.9076,1,2,2106382,2105791,591
167062141,42.2406,48.5424,513,29251,0.295499,1,1,2106635,2106122,513
167065061,36.6962,41.0169,510,29323,0.232199,1,1,2106668,2106158,510
167070901,39.1114,49.5227,507,29467,0.0743519,0.99,1,2106757,2106250,507
167073821,68.4446,39.6091,562,29539,0.0357408,0.85,1,2106845,2106283,562
167076741,71.7778,75.2436,537,29611,0.0322963,0.63,1,2106919,2106382,537
167079661,47.3111,82.8975,480,29682,0.0189185,0.57,1,2106950,2106470,480
167082581,38.1245,54.759,476,29753,0.0255674,0.39,1,2106982,2106506,476
167085501,43.4498,43.5036,487,29824,0.040227,0.23,1,2107029,2106542,487
167088421,18.5799,51.6014,432,29895,0.0220908,0.27,1,2107031,2106599,432
167091341,26.032,42.2406,427,29966,0.0748363,0.19,1,2107062,2106635,427
167094261,29.6128,36.6962,426,30037,0.0839345,0.03,1,2107094,2106668,426
167097181,44.8451,48.2785,425,30107,0.0635738,0.05,1,2107149,2106724,425
167100101,37.738,39.1114,425,30177,0.0434295,0.01,1,2107182,2106757,425
167103021,66.0952,68.4446,422,30247,0.0473718,0.03,1,2107267,2106845,422
167105941,71.4381,71.7778,423,30317,0.0609487,0.01,1,2107342,2106919,423
167108861,47.1752,47.3111,423,30387,0.0903795,0.03,1,2107373,2106950,423
167111781,38.0701,38.1245,423,30457,0.0541518,0.05,1,2107405,2106982,423
167114701,43.428,43.4498,423,30526,0.0516607,0.01,1,2107452,2107029,423
167117621,18.5712,18.5799,423,30595,0.0506643,0.11,1,2107454,2107031,423
167120541,27.2285,26.032,425,30664,0.0382657,0.09,1,2107487,2107062,425
167123461,28.8914,29.6128,423,30733,0.0693063,0.05,1,2107517,2107094,423
167126381,45.1566,44.8451,424,30802,0.0817225,0.03,1,2107573,2107149,424
167129301,37.2626,37.738,423,30871,0.050689,0.05,1,2107605,2107182,423
167132221,65.305,66.0952,422,30940,0.0742756,0.07,1,2107689,2107267,422
167135141,72.922,71.4381,425,31008,0.0837102,0.11,1,2107767,2107342,425
167138061,48.9688,47.1752,427,31076,0.0754841,0.03,1,2107800,2107373,427
167140981,36.3875,38.0701,423,31144,0.0841936,0.05,1,2107828,2107405,423
167143901,42.155,43.428,422,31212,0.0996775,0.05,1,2107874,2107452,422
167149741,28.8248,7.42849,458,31348,0.0963484,0.03,1,2107912,2107454,458
167158501,35.8528,44.4434,454,31549,0.202246,0.03,1,2108027,2107573,454
167161421,65.3411,36.9774,507,31616,0.206899,0.09,1,2108112,2107605,507
167173101,42.9479,36.3802,472,31883,0.201665,0.11,1,2108300,2107828,472
167176021,18.3792,42.1521,428,31949,0.206666,0.11,1,2108302,2107874,428
167178941,29.5517,18.0608,463,32015,0.220666,0.09,1,2108339,2107876,463
167181861,28.6207,28.8243,455,32081,0.226267,0.13,1,2108367,2107912,455
167184781,48.6483,28.3297,489,32147,0.288507,0.19,1,2108429,2107940,489
167193541,71.7535,65.3411,507,32345,0.403664,0.17,1,2108619,2108112,507
167196461,49.1014,72.9364,463,32410,0.431466,0.19,1,2108653,2108190,463
167254861,66.8725,65.8331,452,33690,0.778572,0.61,2,2109436,2108984,452
167272381,31.2264,31.0186,457,34065,0.910533,0.71,2,2109676,2109219,457
167275301,29.2906,29.2075,457,34127,0.910213,0.75,2,2109704,2109247,457
167278221,12.9162,12.883,457,34189,0.934085,0.73,2,2109706,2109249,457
167281141,46.5665,45.9532,458,34251,0.931634,0.73,2,2109775,2109317,458
167284061,36.6266,18.3813,488,34313,0.906654,0.73,2,2109805,2109317,488
167386261,32.056,16.9818,520,36408,0.946,1,2,2111264,2110744,520
167424221,41.7458,54.2224,478,37155,0.946696,1,2,2111811,2111333,478
167435901,45.3679,38.9721,525,37383,0.757915,1,2,2112011,2111486,525
167456341,32.0836,31.4081,513,37776,0.432178,1,1,2112237,2111724,513
167529341,28.8007,29.2025,448,39150,0.773128,0.57,2,2113124,2112676,448
167532261,38.5203,37.481,450,39204,0.783251,0.61,2,2113169,2112719,450
167558541,28.4747,27.7603,457,39687,0.92482,0.75,2,2113493,2113036,457
167561461,32.9899,31.5041,459,39740,0.915928,0.75,2,2113529,2113070,459
167564381,27.596,27.0017,459,39793,0.936371,0.79,2,2113553,2113094,459
167567301,29.0384,28.8007,459,39846,0.920548,0.79,2,2113583,2113124,459
167730821,49.1641,54.4374,490,42713,0.914186,1,2,2115610,2115120,490
167757101,32.4202,32.4864,506,43154,0.765467,1,2,2115903,2115397,506
167760021,28.5681,32.7946,499,43203,0.756187,0.96,2,2115929,2115430,499
167765861,27.6109,29.2471,495,43301,0.75819,0.95,2,2115983,2115488,495
167768781,29.0444,29.6989,495,43350,0.777276,0.99,2,2116013,2115518,495
167771701,48.2177,29.8795,526,43399,0.77291,0.87,2,2116074,2115548,526
167777541,39.7548,42.4607,501,43497,0.760866,0.85,2,2116149,2115648,501
167786301,31.2003,33.9415,487,43642,0.770855,0.67,2,2116236,2115749,487
167789221,25.0801,33.9766,474,43690,0.794342,0.71,2,2116257,2115783,474
167792141,31.032,26.1906,488,43738,0.755737,0.69,2,2116292,2115804,488
167806741,27.6374,27.0272,487,43978,0.928504,0.77,2,2116442,2115955,487
167967341,37.2968,24.0134,525,46543,0.914848,0.98,2,2118231,2117706,525
167976101,27.539,28.5849,515,46678,0.78407,1,2,2118319,2117804,515
167979021,30.2156,24.0339,526,46723,0.751628,1,2,2118351,2117825,526
168041801,70.8162,72.733,450,22285,0.0872841,0,1,2119149,2118699,450
168044721,58.9265,63.8932,443,22380,0.0529136,0.03,1,2119200,2118757,443
168047641,61.3706,57.9573,452,22475,0.0271655,0.03,1,2119263,2118811,452
168050561,37.7482,41.7829,443,22569,0.0408662,0.07,1,2119285,2118842,443
168053481,70.8993,36.5132,503,22663,0.0463465,0.07,1,2119378,2118875,503
168056401,76.9597,63.2053,503,22757,0.0725386,0.13,1,2119459,2118956,503
168065161,56.8374,63.9011,475,23035,0.0711225,0.03,1,2119624,2119149,475
168068081,59.335,56.1605,485,23127,0.058449,0.01,1,2119685,2119200,485
168071001,38.134,60.2642,446,23219,0.0293796,0.05,1,2119709,2119263,446
168073921,70.4536,37.3057,516,23310,0.0897518,0.05,1,2119801,2119285,516
168079761,60.2326,76.8889,474,23492,0.22676,0.13,1,2119933,2119459,474
168082681,63.693,58.9556,493,23582,0.240704,0.15,1,2119999,2119506,493
168085601,53.6772,62.5822,475,23672,0.234282,0.03,1,2120046,2119571,475
168100201,64.9426,78.5813,433,24117,0.247842,0.27,1,2120318,2119885,433
168103121,56.577,60.2325,436,24205,0.261137,0.25,1,2120369,2119933,436
168106041,61.0308,63.693,434,24293,0.290455,0.23,1,2120433,2119999,434
168108961,52.0123,53.6772,433,24380,0.278182,0.17,1,2120479,2120046,433
168111881,54.4049,58.0709,428,24467,0.285273,0.13,1,2120535,2120107,428
168126481,56.7747,56.577,433,24897,0.406169,0.31,1,2120802,2120369,433
168173201,58.9692,67.1614,504,26226,0.790822,0.57,2,2121695,2121191,504
168181961,58.23,54.8423,514,26468,0.903333,0.71,2,2121876,2121362,514
168184881,38.892,56.7369,482,26548,0.907333,0.71,2,2121902,2121420,482
168187801,76.1568,38.2948,557,26628,0.932933,0.67,2,2122003,2121446,557
168190721,31.6627,76.5179,457,26708,0.943173,0.67,2,2122005,2121548,457
168427241,37.8325,51.6926,500,32505,0.403577,1,1,2126078,2125578,500
168433081,41.5732,38.0308,521,32635,0.284172,1,1,2126169,2125648,521
168436001,37.6293,46.4123,504,32700,0.287669,1,1,2126204,2125700,504
168441841,25.5807,59.506,472,32830,0.294427,0.99,1,2126281,2125809,472
168459361,35.3243,37.8325,443,33214,0.403648,0.29,1,2126521,2126078,443
168462281,42.3297,46.933,437,33278,0.407459,0.25,1,2126568,2126131,437
168465201,40.9319,41.5732,439,33342,0.420984,0.29,1,2126608,2126169,439
168468121,35.5728,37.6293,436,33405,0.438393,0.31,1,2126640,2126204,436
168473961,26.3316,25.5807,439,33531,0.440943,0.35,1,2126720,2126281,439
168526521,43.2307,36.3624,500,34648,0.772994,0.67,2,2127462,2126962,500
168529441,41.2923,42.745,493,34709,0.783198,0.67,2,2127502,2127009,493
168532361,37.5169,41.698,487,34770,0.775279,0.67,2,2127537,2127050,487
168546961,41.8312,56.7147,487,35073,0.913555,0.69,2,2127760,2127273,487
168549881,39.5325,41.8859,493,35133,0.935422,0.69,2,2127798,2127305,493
168692961,29.0239,35.8712,508,37968,0.91,1,2,2129740,2129232,508
168695881,32.6096,31.1485,515,38024,0.922,1,2,2129775,2129260,515
168701721,51.1775,37.3838,534,38135,0.78232,1,2,2129872,2129338,534
168710481,44.0034,66.7126,508,38300,0.211108,1,1,2130018,2129510,508
168713401,38.0013,45.285,511,38355,0.0844434,1,1,2130052,2129541,511
168716321,42.8005,36.114,527,38410,0.0397773,1,1,2130098,2129571,527
168719241,35.1202,43.2456,509,38465,0.0339109,1,1,2130128,2129619,509
168722161,30.8481,36.4982,505,38520,0.0915644,1,1,2130156,2129651,505
168730921,21.7503,29.0239,472,38685,0.0507401,0.93,1,2130212,2129740,472
168733841,27.3001,32.6096,468,38740,0.050296,0.87,1,2130243,2129775,468
168736761,27.12,33.4438,461,38795,0.0621184,0.71,1,2130270,2129809,461
168739681,43.248,51.1775,452,38849,0.0668474,0.49,1,2130324,2129872,452
168742601,35.8992,43.271,445,38903,0.0327389,0.25,1,2130355,2129910,445
168745521,55.1597,63.5084,436,38957,0.0790956,0.09,1,2130423,2129987,436
168757201,33.3609,35.1202,422,39173,0.0538168,0.13,1,2130550,2130128,422
168760121,33.1444,30.8481,427,39227,0.0395267,0.13,1,2130583,2130156,427
168763041,25.8577,27.9392,422,39281,0.0578107,0.11,1,2130604,2130182,422
168765961,11.5431,12.3757,422,39335,0.0651243,0.01,1,2130606,2130184,422
168768881,21.4172,21.7503,422,39389,0.0320497,0.05,1,2130634,2130212,422
168771801,27.1669,27.3001,422,39443,0.0548199,0.07,1,2130665,2130243,422
168774721,27.6668,27.12,423,39497,0.075928,0.07,1,2130693,2130270,423
168777641,42.8667,43.248,422,39550,0.0723712,0.01,1,2130746,2130324,422
168780561,36.9467,35.8992,424,39603,0.0709485,0.11,1,2130779,2130355,424
168798081,32.4717,33.1444,422,39921,0.0942381,0.07,1,2131005,2130583,422
168801001,26.1887,25.8577,423,39974,0.0436952,0.07,1,2131027,2130604,423
168803921,11.6755,11.5431,423,40027,0.0474781,0.01,1,2131029,2130606,423
168806841,20.8702,21.4172,422,40080,0.0489912,0.01,1,2131056,2130634,422
168809761,26.9481,8.5669,453,40133,0.0735965,0.07,1,2131087,2130634,453
168827281,35.7145,37.0588,461,40447,0.227927,0.13,1,2131334,2130873,461
168830201,37.0858,35.2235,465,40499,0.229171,0.21,1,2131372,2130907,465
168833121,29.2343,35.6894,453,40551,0.241668,0.15,1,2131396,2130943,453
168836041,29.6937,31.6758,454,40603,0.246667,0.05,1,2131426,2130972,454
168838961,25.0775,32.4703,443,40655,0.248667,0.01,1,2131448,2131005,443
168841881,11.231,26.1881,423,40707,0.249467,0.05,1,2131450,2131027,423
168844801,20.6924,11.6752,448,40759,0.237787,0.05,1,2131477,2131029,448
168853561,43.5643,28.1792,480,40915,0.215138,0.15,1,2131596,2131116,480
168856481,37.2257,42.4717,461,40967,0.236055,0.15,1,2131629,2131168,461
168859401,61.0903,36.7887,505,41019,0.256422,0.19,1,2131706,2131201,505
168862321,40.0361,59.7155,456,41070,0.288569,0.21,1,2131732,2131276,456
168865241,37.6144,38.2862,468,41121,0.265428,0.25,1,2131768,2131300,468
168868161,36.6458,35.7145,470,41172,0.256171,0.23,1,2131804,2131334,470
168871081,29.6583,37.0858,457,41223,0.264468,0.25,1,2131829,2131372,457
168874001,29.8633,29.2343,463,41274,0.267787,0.25,1,2131859,2131396,463
168876921,25.1453,29.6937,455,41325,0.293115,0.25,1,2131881,2131426,455
168885681,28.5613,20.6924,465,41478,0.296919,0.17,1,2131942,2131477,465
168906121,36.9854,37.6144,434,41835,0.410318,0.25,1,2132202,2131768,434
168909041,36.3942,36.6458,434,41885,0.434127,0.27,1,2132238,2131804,434
168911961,30.1577,29.6583,435,41935,0.443651,0.27,1,2132264,2131829,435
168914881,30.6631,29.8633,436,41985,0.44746,0.31,1,2132295,2131859,436
168976201,37.4231,37.2797,450,43027,0.764972,0.59,2,2132917,2132467,450
168979121,35.9692,14.9119,485,43076,0.791989,0.63,2,2132952,2132467,485
168990801,38.5192,36.4297,492,43272,0.903427,0.73,2,2133135,2132643,492
168993721,31.0077,36.7719,481,43321,0.931371,0.73,2,2133161,2132680,481
168999561,28.9612,33.1235,481,43419,0.939819,0.71,2,2133222,2132741,481
169002481,12.7845,28.2494,458,43468,0.933928,0.75,2,2133224,2132766,458
169005401,19.5138,12.4998,480,43517,0.943571,0.71,2,2133248,2132768,480
169008321,30.0055,19.3999,493,43565,0.947428,0.71,2,2133285,2132792,493
169011241,33.0022,29.36,492,43613,0.936971,0.73,2,2133320,2132828,492
169014161,14.4009,32.144,460,43661,0.932789,0.73,2,2133322,2132862,460
169017081,38.7604,14.0576,513,43709,0.943115,0.79,2,2133377,2132864,513
169020001,37.1041,37.423,496,43757,0.947246,0.81,2,2133413,2132917,496
169180601,26.0658,18.1125,529,46335,0.914493,1,2,2135213,2134684,529
169195201,29.2868,31.4671,516,46561,0.4033,1,1,2135352,2134836,516
169198121,39.9147,34.7868,526,46606,0.26332,1,1,2135399,2134873,526
169209801,28.4154,32.0281,502,46786,0.062085,1,1,2135533,2135031,502
169212721,38.3662,29.6113,519,46831,0.042834,0.98,1,2135578,2135059,519
169215641,26.7465,39.4445,492,46876,0.0471336,1,1,2135597,2135105,492
169218561,25.6986,30.7778,492,46921,0.0488534,1,1,2135622,2135130,492
169221481,30.0794,27.9111,499,46966,0.0495414,0.97,1,2135655,2135156,499
169224401,20.4318,32.1644,478,47011,0.0378165,0.87,1,2135669,2135191,478
169227321,18.3727,26.0658,473,47056,0.0451266,0.75,1,2135686,2135213,473
169230241,21.7491,21.8263,478,47101,0.0360506,0.69,1,2135710,2135232,478
169233161,24.8996,26.7305,475,47146,0.0804203,0.57,1,2135737,2135262,475
169236081,25.5599,29.2922,470,47191,0.0741681,0.43,1,2135763,2135293,470
169239001,23.4239,29.7169,462,47236,0.0956673,0.33,1,2135785,2135323,462
169247761,29.0991,51.3659,439,47371,0.0898827,0.11,1,2135897,2135458,439
169253601,24.9359,30.5385,426,47459,0.0875812,0.03,1,2135932,2135506,426
169256521,24.3743,28.4154,423,47503,0.0890325,0.03,1,2135956,2135533,423
169259441,37.3497,38.3662,424,47547,0.053613,0.05,1,2136002,2135578,424
169262361,25.1399,26.7465,422,47591,0.0754452,0.05,1,2136019,2135597,422
169265281,25.056,25.6986,422,47635,0.0601781,0.05,1,2136044,2135622,422
169268201,30.4224,30.0794,423,47679,0.0660712,0.03,1,2136078,2135655,423
169271121,20.569,20.4318,423,47723,0.0804285,0.05,1,2136092,2135669,423
169274041,18.4276,18.3727,423,47767,0.0501714,0.03,1,2136109,2135686,423
169276961,24.171,21.7491,427,47811,0.0260686,0.11,1,2136137,2135710,427
169279881,23.4684,24.8996,423,47855,0.0284274,0.07,1,2136160,2135737,423
169282801,27.3874,25.5599,427,47899,0.041371,0.11,1,2136190,2135763,427
169285721,24.1549,23.4239,427,47943,0.0585484,0.11,1,2136212,2135785,427
169288641,33.662,33.3696,427,47987,0.0534194,0.13,1,2136252,2135825,427
169291561,45.8648,45.7478,427,48031,0.0873677,0.07,1,2136306,2135879,427
169306161,36.3583,37.3497,422,48251,0.0935634,0.09,1,2136424,2136002,422
169309081,24.7433,25.1399,422,48295,0.0914254,0.05,1,2136441,2136019,422
169312001,24.8973,25.056,422,48339,0.0905702,0.07,1,2136466,2136044,422
169352881,33.751,16.3183,469,48944,0.211807,0.07,1,2136847,2136378,469
169355801,24.9004,34.1273,442,48987,0.210723,0.09,1,2136866,2136424,442
169358721,24.9602,23.8509,450,49030,0.234289,0.09,1,2136891,2136441,450
169361641,32.1841,24.5404,462,49073,0.243716,0.11,1,2136928,2136466,462
169364561,20.0736,31.4161,438,49116,0.259486,0.15,1,2136940,2136502,438
169367481,17.6295,19.7665,442,49159,0.277795,0.13,1,2136956,2136514,442
169370401,24.4518,18.1066,454,49202,0.297118,0.13,1,2136985,2136531,454
169414201,18.0191,20.0736,451,49841,0.401192,0.29,1,2137391,2136940,451
169417121,25.2076,17.6295,465,49883,0.406477,0.31,1,2137421,2136956,465
169420041,25.0831,24.4518,461,49925,0.432591,0.33,1,2137446,2136985,461
169422961,28.6332,24.1807,468,49967,0.431036,0.31,1,2137477,2137009,468
169495961,36.1805,34.9664,449,51011,0.769035,0.55,2,2138165,2137716,449
169498881,15.6722,15.1866,449,51052,0.793614,0.57,2,2138167,2137718,449
169531001,51.4015,50.4414,455,51503,0.924765,0.73,2,2138502,2138047,455
169551441,17.3634,17.0689,460,51790,0.946559,0.81,2,2138645,2138185,460
169554361,23.7453,6.82755,488,51831,0.948623,0.81,2,2138673,2138185,488
169782121,49.9167,59.8135,470,25244,0.785632,0.65,2,2141093,2140623,470
169785041,40.9667,44.9254,470,25328,0.764253,0.67,2,2141128,2140658,470
169787961,25.9867,34.1702,459,25412,0.779701,0.67,2,2141144,2140685,459
169790881,39.1947,34.6681,472,25495,0.77388,0.61,2,2141192,2140720,472
169793801,102.078,43.2672,567,25578,0.795552,0.69,2,2141336,2140769,567
169817161,102.7,39.1054,605,26234,0.910203,0.81,2,2141797,2141192,605
169925201,48.2228,65.2872,518,29073,0.418192,1,1,2143795,2143277,518
169928121,40.8891,43.5149,525,29146,0.257277,1,1,2143831,2143306,525
169933961,48.6623,41.1624,534,29291,0.0927643,1,1,2143924,2143390,534
169936881,45.8649,55.465,513,29363,0.0431057,1,1,2143968,2143455,513
169939801,47.146,43.786,525,29435,0.0232423,1,1,2144016,2143491,525
169942721,39.8584,47.5144,510,29507,0.00929691,0.98,1,2144051,2143541,510
169945641,82.5434,37.6058,590,29579,0.0217188,0.71,1,2144162,2143572,590
169948561,57.6173,96.6423,495,29651,0.0266875,0.47,1,2144203,2143708,495
169951481,38.6469,71.0569,467,29722,0.052675,0.29,1,2144229,2143762,467
169954401,32.2588,48.2228,462,29793,0.03907,0.15,1,2144257,2143795,462
169957321,14.1035,40.8891,428,29864,0.021628,0.09,1,2144259,2143831,428
169960241,26.0414,39.1556,424,29935,0.0626512,0.05,1,2144293,2143869,424
169963161,42.8166,48.6623,423,30006,0.0430605,0.01,1,2144347,2143924,423
169966081,44.7266,45.8649,425,30077,0.0352242,0.01,1,2144393,2143968,425
169969001,45.4906,47.146,423,30147,0.0200897,0,1,2144439,2144016,423
169971921,40.3963,39.8584,425,30217,0.0260359,0.03,1,2144476,2144051,425
169974841,81.5585,82.5434,423,30287,0.0284143,0.03,1,2144585,2144162,423
169977761,57.2234,57.6173,423,30357,0.0533657,0.07,1,2144626,2144203,423
169980681,39.0894,38.6469,424,30427,0.0633463,0.03,1,2144653,2144229,424
169986521,13.9343,14.1035,423,30566,0.0953354,0.09,1,2144682,2144259,423
169989441,25.9737,26.0414,423,30635,0.0801342,0.03,1,2144716,2144293,423
169992361,42.1895,42.8166,422,30704,0.0500537,0.03,1,2144769,2144347,422
169995281,44.4758,44.7266,422,30773,0.0380215,0.01,1,2144815,2144393,422
169998201,45.3903,45.4906,422,30842,0.0152086,0.03,1,2144861,2144439,422
170001121,41.5561,40.3963,424,30911,0.0240834,0.03,1,2144900,2144476,424
170004041,80.8225,81.5585,422,30979,0.0396334,0.07,1,2145007,2144585,422
170006961,57.529,57.2234,423,31047,0.0338533,0.07,1,2145049,2144626,423
170009881,41.6116,39.0894,427,31115,0.0315413,0.13,1,2145080,2144653,427
170012801,31.0446,31.8357,424,31183,0.0306165,0.09,1,2145104,2144680,424
170015721,13.6179,13.9343,424,31251,0.0302466,0.07,1,2145106,2144682,424
170018641,25.2471,25.9737,423,31319,0.0420986,0.07,1,2145139,2144716,423
170021561,40.6989,10.3895,474,31387,0.0348395,0.03,1,2145190,2144716,474
170024481,44.4795,35.9558,468,31454,0.0439358,0.03,1,2145237,2144769,468
170027401,44.7918,41.9823,467,31521,0.0175743,0,1,2145282,2144815,467
170030321,41.3167,44.3929,460,31588,0.0250297,0.03,1,2145321,2144861,460
170033241,80.7267,41.1572,528,31655,0.0160119,0.05,1,2145428,2144900,528
170036161,57.4907,80.6629,463,31722,0.0364048,0.03,1,2145470,2145007,463
170039081,42.1963,57.4651,453,31789,0.0445619,0.03,1,2145502,2145049,453
170042001,31.2785,41.5861,446,31856,0.0478248,0.03,1,2145526,2145080,446
170044921,13.7114,31.0344,424,31922,0.0491299,0.03,1,2145528,2145104,424
170047841,25.8846,13.6138,456,31988,0.061652,0.05,1,2145562,2145106,456
170050761,39.7538,25.2455,472,32054,0.0666608,0.03,1,2145611,2145139,472
170053681,45.3015,40.6982,470,32120,0.0446643,0.05,1,2145660,2145190,470
170056601,43.9206,44.4793,466,32186,0.0598657,0,1,2145703,2145237,466
170059521,41.5682,44.7917,461,32252,0.0419463,0.03,1,2145743,2145282,461
170062441,80.8273,41.3167,529,32318,0.0167785,0.01,1,2145850,2145321,529
170065361,56.9309,80.7267,463,32383,0.0367114,0.05,1,2145891,2145428,463
170068281,43.1724,57.4907,455,32448,0.0206846,0.05,1,2145925,2145470,455
170071201,32.2689,42.1963,448,32513,0.0502738,0.05,1,2145950,2145502,448
170074121,14.1076,31.2785,426,32578,0.0621095,0.05,1,2145952,2145526,426
170077041,26.043,13.7114,458,32643,0.0668438,0.07,1,2145986,2145528,458
170079961,38.0172,25.8846,470,32708,0.0447375,0.07,1,2146032,2145562,470
170082881,16.4069,39.7538,423,32773,0.035895,0.03,1,2146034,2145611,423
170085801,35.9628,45.3015,423,32838,0.044358,0.07,1,2146083,2145660,423
170088721,40.1851,43.9206,423,32902,0.0357432,0.03,1,2146126,2145703,423
170091641,40.074,41.5682,423,32966,0.0202973,0,1,2146166,2145743,423
170094561,81.4296,80.8273,425,33030,0.0261189,0.05,1,2146275,2145850,425
170097481,56.5718,56.9309,424,33094,0.0284476,0.01,1,2146315,2145891,424
170100401,42.4287,43.1724,423,33158,0.041379,0.07,1,2146348,2145925,423
170103321,33.1715,32.2689,425,33222,0.0825516,0.07,1,2146375,2145950,425
170106241,14.4686,14.1076,425,33286,0.0990206,0.07,1,2146377,2145952,425
170117921,35.684,35.9628,422,33539,0.0991589,0.03,1,2146505,2146083,422
170120841,40.6736,40.1851,423,33602,0.0696636,0.01,1,2146549,2146126,423
170144201,36.4505,36.275,427,34102,0.221375,0.15,1,2146881,2146454,427
170147121,15.7802,15.71,427,34164,0.23855,0.07,1,2146883,2146456,427
170150041,33.3121,35.684,423,34226,0.20942,0.07,1,2146928,2146505,423
170158801,81.788,36.2438,536,34412,0.203243,0.15,1,2147124,2146588,536
170161721,56.7152,80.4975,466,34473,0.219297,0.11,1,2147164,2146698,466
170164641,43.0861,56.199,460,34534,0.237719,0.11,1,2147198,2146738,460
170167561,34.6344,42.8796,455,34595,0.257088,0.17,1,2147227,2146772,455
170170481,15.0538,33.9518,429,34656,0.264835,0.17,1,2147229,2146800,429
170173401,28.8215,14.7807,465,34717,0.279934,0.19,1,2147267,2146802,465
170176321,38.5286,28.1123,473,34778,0.261974,0.25,1,2147312,2146839,473
170179241,16.6114,36.4449,433,34839,0.254789,0.25,1,2147314,2146881,433
170182161,33.0446,15.778,475,34900,0.251916,0.19,1,2147358,2146883,475
170185081,39.6178,33.3112,474,34961,0.274766,0.19,1,2147402,2146928,474
170188001,40.4471,40.9245,469,35021,0.271907,0.19,1,2147443,2146974,469
170196761,44.1806,56.7152,467,35201,0.429962,0.25,1,2147631,2147164,467
170199681,35.6722,43.0861,463,35261,0.441985,0.27,1,2147661,2147198,463
170202601,15.4689,34.6344,436,35321,0.446794,0.27,1,2147663,2147227,436
170205521,29.5876,15.0538,473,35381,0.436718,0.29,1,2147702,2147229,473
170258081,17.5139,17.2641,446,36441,0.758223,0.57,2,2148325,2147879,446
170290201,43.3386,40.7848,460,37074,0.944921,0.77,2,2148783,2148323,460
170293121,18.5355,17.5139,460,37131,0.947968,0.87,2,2148785,2148325,460
170418681,29.1365,26.2134,490,39505,0.934,1,2,2150485,2149995,490
170430361,30.4675,31.1367,486,39717,0.93831,1,2,2150599,2150113,486
170444961,52.1501,50.6449,495,39982,0.270815,1,1,2150867,2150372,495
170453721,25.7056,12.8413,523,40141,0.0694121,1,1,2150950,2150427,523
170456641,19.2822,23.1365,508,40194,0.0457649,0.89,1,2150965,2150457,508
170459561,21.5129,26.0546,503,40247,0.0363059,1,1,2150988,2150485,503
170462481,24.2052,30.8218,495,40299,0.0445224,1,1,2151014,2150519,495
170465401,21.6821,27.9287,489,40351,0.059809,1,1,2151034,2150545,489
170468321,26.6728,21.9715,501,40403,0.0659236,0.9,1,2151064,2150563,501
170471241,33.4691,30.3886,503,40455,0.0923694,0.79,1,2151102,2150599,503
170474161,37.3877,37.9554,500,40507,0.0909478,0.63,1,2151142,2150642,500
170477081,35.3551,44.5822,485,40559,0.0663791,0.53,1,2151176,2150691,485
170480001,68.742,39.4329,540,40611,0.0445516,0.35,1,2151267,2150727,540
170482921,44.8968,79.3731,463,40663,0.0598207,0.15,1,2151296,2150833,463
170485841,36.5587,52.1493,460,40715,0.0779283,0.13,1,2151327,2150867,460
170488761,30.2235,40.6597,453,40767,0.0851713,0.09,1,2151353,2150900,453
170491681,23.4894,34.2639,442,40819,0.0520685,0.03,1,2151372,2150930,442
170494601,17.7958,25.7056,436,40871,0.0748274,0.03,1,2151386,2150950,436
170497521,20.9183,19.2822,444,40923,0.071931,0.03,1,2151409,2150965,444
170500441,26.3673,21.5129,451,40975,0.0827724,0.05,1,2151439,2150988,451
170517961,70.3575,35.3551,518,41282,0.203535,0.03,1,2151694,2151176,518
170520881,42.543,68.742,451,41333,0.207414,0.07,1,2151718,2151267,451
170523801,36.2172,44.8968,454,41384,0.208966,0.09,1,2151750,2151296,454
170526721,30.0869,36.5587,449,41435,0.209586,0.09,1,2151776,2151327,449
170529641,24.6348,30.2235,444,41486,0.245834,0.03,1,2151797,2151353,444
170532561,18.2539,23.4894,439,41537,0.272334,0.09,1,2151811,2151372,439
170535481,8.50156,17.7958,427,41588,0.282934,0.07,1,2151813,2151386,427
170538401,16.0006,20.9183,425,41639,0.299173,0.09,1,2151834,2151409,425
170547161,27.04,26.7788,428,41792,0.407227,0.15,1,2151916,2151488,428
170550081,35.416,34.7115,429,41843,0.420891,0.19,1,2151957,2151528,429
170555921,34.5866,33.3938,432,41943,0.402143,0.21,1,2152031,2151599,432
170567601,30.7174,30.0869,433,42143,0.404423,0.27,1,2152209,2151776,433
170570521,26.687,24.6348,436,42193,0.407769,0.29,1,2152233,2151797,436
170573441,19.0748,18.2539,436,42243,0.433108,0.29,1,2152247,2151811,436
170576361,8.82991,8.50156,436,42293,0.443243,0.31,1,2152249,2151813,436
170634761,39.8554,35.3238,491,43280,0.772926,0.61,2,2152889,2152398,491
170637681,34.5421,39.3295,480,43329,0.77117,0.55,2,2152920,2152440,480
170649361,33.4715,36.2772,484,43525,0.91307,0.67,2,2153106,2152622,484
170652281,27.7886,31.9109,479,43573,0.911228,0.73,2,2153130,2152651,479
170655201,19.5154,27.1644,469,43621,0.910491,0.69,2,2153144,2152675,469
170658121,9.00617,19.2657,457,43669,0.910196,0.69,2,2153146,2152689,457
170661041,18.0025,8.9063,479,43717,0.910079,0.67,2,2153170,2152691,479
170666881,26.6404,27.225,481,43813,0.900413,0.69,2,2153230,2152749,481
170675641,40.993,36.6384,502,43957,0.914666,0.79,2,2153349,2152847,502
170678561,35.5972,39.8554,492,44005,0.923867,0.77,2,2153381,2152889,492
170897561,322.399,356.996,469,21900,0.429386,0.85,1,2155747,2155278,469
170900481,224.959,227.398,488,21997,0.201754,0.67,1,2155907,2155419,488
170906321,87.8335,92.3037,477,22189,0.0910807,0.49,1,2156039,2155562,477
170909241,53.1334,63.3215,463,22285,0.0544323,0.27,1,2156069,2155606,463
170912161,48.2534,54.7286,459,22380,0.0217729,0.19,1,2156114,2155655,459
170915081,25.9013,47.6914,427,22475,0.0387092,0.13,1,2156125,2155698,427
170918001,29.5605,31.0766,439,22569,0.0334837,0.05,1,2156157,2155718,439
170920921,115.624,29.8306,583,22663,0.0553935,0.05,1,2156330,2155747,583
170923841,92.4497,107.932,500,22757,0.0401574,0.07,1,2156407,2155907,500
170926761,69.3799,88.7729,478,22850,0.046063,0.07,1,2156461,2155983,478
170929681,45.7519,69.1092,452,22943,0.0364252,0.03,1,2156491,2156039,452
170932601,45.3008,45.6437,467,23035,0.0685701,0,1,2156536,2156069,467
170935521,25.9203,45.2575,435,23127,0.069428,0.05,1,2156549,2156114,435
170938441,28.3681,24.703,454,23219,0.0697712,0.03,1,2156579,2156125,454
170941361,116.347,29.0812,597,23310,0.0939085,0.07,1,2156754,2156157,597
170950121,45.7022,69.3492,453,23582,0.22945,0.03,1,2156914,2156461,453
170953041,45.2809,45.7397,468,23672,0.28978,0.09,1,2156959,2156491,468
170976401,45.4735,45.2809,438,24380,0.400399,0.33,1,2157397,2156959,438
170979321,26.5894,26.5124,438,24467,0.40616,0.33,1,2157411,2156973,438
170982241,29.2358,28.6049,439,24554,0.420464,0.33,1,2157442,2157003,439
171017281,63.0117,27.1772,507,25570,0.760753,0.59,2,2158209,2157702,507
171020201,45.0047,44.4709,484,25653,0.754301,0.59,2,2158242,2157758,484
171023121,45.6019,38.1884,496,25736,0.763721,0.61,2,2158288,2157792,496
171026041,26.6408,43.4753,463,25818,0.767488,0.61,2,2158302,2157839,463
171028961,28.6563,25.7901,479,25900,0.780995,0.59,2,2158332,2157853,479
171034801,51.625,120.766,459,26064,0.922959,0.77,2,2158525,2158066,459
171157441,28.6644,33.6608,518,29283,0.922,1,2,2160758,2160240,518
171160361,106.866,32.6643,645,29355,0.7828,1,2,2160917,2160272,645
171239201,35.3558,34.456,456,31243,0.909544,0.69,2,2162112,2161656,456
171247961,94.4948,12.7652,604,31446,0.946451,0.85,2,2162286,2161682,604
171446521,35.6541,38.7739,525,35730,0.908416,1,2,2165321,2164796,525
171494701,137.893,152.187,461,16453,0.0881854,0.09,1,2166184,2165723,461
171497621,88.1571,98.075,454,16582,0.0772742,0.09,1,2166239,2165785,454
171500541,46.0628,57.83,441,16710,0.0729097,0.05,1,2166257,2165816,441
171509301,123.092,82.9011,572,17088,0.241546,0.07,1,2166610,2166038,572
171512221,81.0368,120.76,479,17212,0.282618,0.07,1,2166663,2166184,479
171520981,90.6744,88.7287,519,17579,0.403288,0.21,1,2166895,2166376,519
171523901,126.27,88.2915,581,17700,0.419315,0.29,1,2167045,2166464,581
171526821,83.5079,122.917,490,17820,0.425726,0.31,1,2167100,2166610,490
171529741,44.8032,80.9666,456,17939,0.44029,0.35,1,2167119,2166663,456
171553101,39.204,38.6085,447,18865,0.760948,0.59,2,2167694,2167247,447
171558941,120.513,117.657,454,19089,0.785352,0.69,2,2167942,2167488,454
171564781,45.562,44.0252,457,19311,0.798856,0.77,2,2168020,2167563,457
171573541,72.276,73.2816,456,19639,0.902887,0.69,2,2168246,2167790,456
171637781,45.9794,50.575,485,21893,0.934,1,2,2169896,2169411,485
171652381,106.095,117.121,475,22373,0.271289,1,1,2170304,2169829,475
171661141,25.5821,18.3918,483,22656,0.0665625,0.83,1,2170379,2169896,483
171664061,92.4328,19.3567,600,22750,0.068625,0.49,1,2170516,2169916,600
171666981,52.5731,98.9427,474,22843,0.06945,0.41,1,2170542,2170068,474
171672821,96.9717,68.0308,555,23028,0.077112,0.21,1,2170728,2170173,555
171675741,57.9887,105.812,456,23120,0.0728448,0.15,1,2170760,2170304,456
171678661,38.1955,61.5249,449,23212,0.0711379,0.07,1,2170785,2170336,449
171699101,39.7745,57.9885,452,23844,0.204108,0.07,1,2171212,2170760,452
171702021,24.3098,38.1954,441,23933,0.231643,0.13,1,2171226,2170785,441
171704941,10.9239,24.8782,427,24022,0.254657,0.17,1,2171228,2170801,427
171731221,90.9577,89.5696,437,24805,0.411398,0.35,1,2171807,2171370,437
171734141,51.9831,51.4278,437,24890,0.434559,0.39,1,2171833,2171396,437
171737061,63.3932,61.9711,439,24975,0.443824,0.35,1,2171904,2171465,439
171763341,96.6915,54.6613,561,25729,0.775746,0.53,2,2172465,2171904,561
171769181,43.5506,55.7858,479,25893,0.797319,0.57,2,2172531,2172052,479
171772101,28.2203,41.5143,465,25975,0.792928,0.55,2,2172549,2172084,465
171775021,12.4881,26.8057,450,26057,0.791171,0.55,2,2172551,2172101,450
171935621,79.1105,85.2712,477,30202,0.932986,1,2,2175555,2175078,477
171941461,36.5377,37.5234,480,30342,0.788878,1,2,2175617,2175137,480
171956061,35.7885,39.8518,467,30689,0.440145,0.97,1,2175850,2175383,467
171958981,36.5154,36.9407,469,30758,0.410058,0.97,1,2175887,2175418,469
171982341,38.9831,41.4714,443,31304,0.407011,0.45,1,2176261,2175818,443
171985261,32.3932,16.5885,471,31372,0.408804,0.41,1,2176289,2175818,471
172037821,44.0233,66.6499,477,32563,0.77082,0.59,2,2177113,2176636,477
172040741,39.2093,42.86,486,32628,0.794328,0.55,2,2177149,2176663,486
172055341,72.8978,74.8706,456,32951,0.927824,0.69,2,2177357,2176901,456
172058261,49.5591,50.3482,456,33015,0.941129,0.69,2,2177391,2176935,456
172061181,35.4237,35.7393,456,33079,0.946452,0.71,2,2177417,2176961,456
172064101,36.9695,35.8957,458,33143,0.948581,0.77,2,2177455,2176997,458
172198421,69.7555,69.3758,498,35959,0.938512,1,2,2179459,2178961,498
172207181,31.4404,34.7281,489,36136,0.941585,1,2,2179548,2179059,489
172230541,26.2643,31.8888,474,36600,0.770704,0.91,2,2179838,2179364,474
172233461,65.7057,69.7555,471,36658,0.782282,0.97,2,2179930,2179459,471
172236381,46.6823,46.5022,474,36716,0.786913,0.96,2,2179964,2179490,474
172239301,34.2729,36.6009,470,36774,0.788765,0.93,2,2179990,2179520,470
172253901,50.0473,52.2609,463,37059,0.916554,0.83,2,2180187,2179724,463
172256821,38.6189,39.5043,463,37116,0.912622,0.79,2,2180218,2179755,463
172396981,40.9881,29.3886,513,39755,0.783942,1,2,2182060,2181547,513
172399901,35.5952,47.7555,485,39808,0.787577,1,2,2182092,2181607,485
172414501,25.6807,27.9469,480,40073,0.917386,0.99,2,2182240,2181760,480
172578021,41.9991,48.5329,496,42923,0.934,1,2,2184267,2183771,496
172586781,27.2399,13.9541,524,43070,0.905776,1,2,2184360,2183836,524
172592621,37.8384,32.9527,531,43168,0.784524,1,2,2184441,2183910,531
172613061,22.4365,23.6053,503,43511,0.448346,1,1,2184649,2184146,503
172615981,31.1746,32.2421,502,43559,0.401338,1,1,2184686,2184184,502
172618901,46.6698,34.4969,523,43607,0.262535,0.89,1,2184743,2184220,523
172621821,34.2679,41.9987,502,43655,0.231014,1,1,2184769,2184267,502
172624741,38.3072,38.9995,506,43703,0.206406,1,1,2184810,2184304,506
172633501,33.7957,36.096,493,43847,0.21745,0.75,1,2184895,2184402,493
172636421,35.1183,37.8384,490,43895,0.23698,0.69,1,2184931,2184441,490
172639341,28.4473,36.1354,479,43943,0.268792,0.63,1,2184955,2184476,479
172645181,34.4316,35.3017,485,44039,0.296207,0.53,1,2185027,2184542,485
172668541,22.2927,38.3072,444,44423,0.411943,0.19,1,2185254,2184810,444
172671461,29.9171,23.7229,465,44470,0.410777,0.15,1,2185289,2184824,465
172674381,13.1668,30.4891,432,44517,0.410311,0.25,1,2185291,2184859,432
172677301,28.0667,33.7957,434,44564,0.410124,0.25,1,2185329,2184895,434
172683141,29.3307,28.4473,437,44658,0.40042,0.33,1,2185392,2184955,437
172759061,30.2648,29.693,451,45869,0.753866,0.63,2,2186182,2185731,451
172761981,13.3059,13.0772,451,45915,0.763546,0.63,2,2186184,2185733,451
172764901,28.1224,5.23089,489,45961,0.779418,0.65,2,2186222,2185733,489
172767821,31.6489,24.8924,485,46007,0.785767,0.63,2,2186256,2185771,485
172770741,30.0596,30.9569,479,46053,0.776307,0.59,2,2186285,2185806,479
172773661,36.0238,29.1828,491,46099,0.772523,0.63,2,2186325,2185834,491
172788261,35.285,20.1497,497,46329,0.913219,0.73,2,2186471,2185974,497
172791181,42.914,33.2599,503,46375,0.935288,0.69,2,2186519,2186016,503
172794101,38.1656,40.904,492,46420,0.932115,0.75,2,2186554,2186062,492
172797021,36.8662,36.7616,494,46465,0.930846,0.73,2,2186590,2186096,494
172799941,23.1465,36.9046,471,46510,0.930338,0.73,2,2186604,2186133,471
172802861,31.4586,23.1619,494,46555,0.918135,0.77,2,2186641,2186147,494
172805781,13.7834,30.2647,461,46600,0.913254,0.77,2,2186643,2186182,461
172808701,28.9134,13.3059,498,46645,0.923302,0.79,2,2186682,2186184,498
172811621,31.9654,28.1224,494,46690,0.927321,0.79,2,2186716,2186222,494
172972221,28.0784,24.985,522,49111,0.927839,1,2,2188381,2187859,522
172975141,31.0314,32.794,517,49154,0.929135,1,2,2188414,2187897,517
172983901,32.394,34.1388,509,49283,0.780665,1,2,2188532,2188023,509
172986821,36.3576,26.8555,526,49326,0.750266,1,2,2188571,2188045,526
173007261,34.0005,32.373,507,49626,0.448636,0.99,1,2188746,2188239,507
173010181,26.2002,29.7492,500,49668,0.437455,1,1,2188767,2188267,500
173021861,29.0051,28.0784,498,49836,0.439215,0.93,1,2188879,2188381,498
173024781,44.602,31.0314,520,49878,0.421686,0.85,1,2188934,2188414,520
173030621,30.1763,37.485,488,49962,0.41427,0.75,1,2188991,2188503,488
173036461,29.5482,36.3576,484,50046,0.417883,0.67,1,2189055,2188571,484
173039381,23.2193,33.143,472,50088,0.425153,0.71,1,2189074,2188602,472
173042301,14.6877,26.4572,459,50130,0.416061,0.59,1,2189083,2188624,459
173045221,15.4751,16.5829,465,50172,0.424425,0.59,1,2189099,2188634,465
173048141,18.19,15.6332,470,50214,0.41577,0.53,1,2189119,2188649,470
173051061,27.676,21.2533,479,50256,0.424308,0.47,1,2189153,2188674,479
173056901,13.5482,34.0005,442,50340,0.402689,0.43,1,2189188,2188746,442
173059821,16.2193,26.2002,439,50382,0.407076,0.49,1,2189206,2188767,439
173062741,22.0877,26.0801,439,50424,0.40883,0.45,1,2189232,2188793,439
173065661,32.8351,32.032,443,50466,0.445532,0.45,1,2189272,2188829,443
173138661,25.6796,23.7098,452,51498,0.760612,0.63,2,2189969,2189517,452
173141581,15.0719,14.8839,451,51539,0.766245,0.61,2,2189977,2189526,451
173144501,16.2287,14.9536,453,51580,0.756498,0.65,2,2189994,2189541,453
173147421,18.4915,18.5814,452,51621,0.788599,0.61,2,2190014,2189562,452
173153261,30.3186,30.333,452,51703,0.782576,0.61,2,2190080,2189628,452
173156181,13.3275,13.3332,452,51744,0.79903,0.61,2,2190082,2189630,452
173159101,17.331,17.3333,452,51785,0.781612,0.61,2,2190102,2189650,452
173162021,21.3324,6.93331,476,51826,0.774645,0.63,2,2190126,2189650,476
173164941,33.133,17.1733,493,51867,0.759858,0.67,2,2190167,2189674,493
173167861,23.4532,31.4693,469,51908,0.765943,0.63,2,2190184,2189715,469
173170781,30.3813,22.7877,487,51949,0.756377,0.65,2,2190219,2189732,487
173185381,32.0593,37.4909,484,52151,0.901841,0.77,2,2190404,2189920,484
173188301,26.0237,31.1964,479,52191,0.930737,0.77,2,2190426,2189947,479
173191221,15.2095,25.6786,465,52231,0.942295,0.77,2,2190434,2189969,465
173369341,66.189,83.0768,492,25075,0.768304,1,2,2192327,2191835,492
173401461,32.6537,50.9417,474,25990,0.772734,0.59,2,2192924,2192450,474
173404381,32.8615,36.5767,480,26072,0.795094,0.61,2,2192957,2192477,480
173430661,38.3518,32.8613,501,26795,0.9251,0.83,2,2193458,2192957,501
173515341,70.3686,96.5595,516,29000,0.928,1,2,2195055,2194539,516
173524101,61.4316,39.2038,546,29219,0.929392,1,2,2195201,2194655,546
173532861,40.2676,37.525,523,29435,0.787881,1,2,2195323,2194800,523
173535781,35.307,39.01,515,29507,0.753152,1,2,2195355,2194840,515
173538701,75.9228,34.804,586,29579,0.787261,1,2,2195458,2194872,586
173541621,74.1691,88.9216,534,29651,0.764904,0.88,2,2195531,2194997,534
173544541,46.4677,70.3686,504,29722,0.791962,1,2,2195559,2195055,504
173547461,40.1871,50.9475,502,29793,0.766785,1,2,2195595,2195093,502
173562061,38.1443,40.2676,460,30147,0.91798,0.73,2,2195783,2195323,460
173564981,34.4577,35.307,460,30217,0.913192,0.81,2,2195815,2195355,460
173684701,33.4122,34.6695,490,32966,0.928,1,2,2197716,2197226,490
173696381,45.5674,42.4315,490,33222,0.419229,1,1,2197971,2197481,490
173702221,34.4108,36.789,487,33350,0.236277,1,1,2198039,2197552,487
173708061,34.4257,31.5662,496,33476,0.0606043,1,1,2198110,2197614,496
173710981,30.5703,34.8265,487,33539,0.0422417,1,1,2198138,2197651,487
173713901,24.2281,32.5306,476,33602,0.0828967,0.88,1,2198158,2197682,476
173716821,27.6912,33.4122,472,33665,0.0751587,0.78,1,2198188,2197716,472
173719741,69.2765,79.3649,459,33728,0.0600635,0.57,1,2198285,2197826,459
173722661,56.5106,66.546,449,33791,0.0420254,0.47,1,2198333,2197884,449
173725581,47.2042,55.4184,442,33854,0.0828102,0.33,1,2198374,2197932,442
173731421,35.3927,41.0269,430,33978,0.20405,0.19,1,2198439,2198009,430
173734341,30.3571,34.4108,427,34040,0.21962,0.07,1,2198466,2198039,427
173740181,32.2171,34.4257,422,34164,0.201939,0.03,1,2198532,2198110,422
173748941,26.6859,16.8912,452,34350,0.0990841,0.07,1,2198610,2198158,452
173754781,57.3097,68.1026,471,34473,0.0962535,0.03,1,2198756,2198285,471
173757701,49.9239,56.041,468,34534,0.0805014,0.11,1,2198801,2198333,468
173760621,37.3696,47.0164,456,34595,0.0742006,0.17,1,2198830,2198374,456
173763541,38.9478,37.4066,465,34656,0.0836802,0.25,1,2198870,2198405,465
173766461,31.1791,35.3626,457,34717,0.0874721,0.23,1,2198896,2198439,457
173786901,56.9471,68.2743,475,35141,0.21777,0.09,1,2199181,2198706,475
173789821,49.7788,57.3097,470,35201,0.213108,0.07,1,2199226,2198756,470
173792741,36.7115,49.9239,453,35261,0.211243,0.07,1,2199254,2198801,453
173795661,39.2846,37.3696,465,35321,0.210497,0.09,1,2199295,2198830,465
173798581,31.3138,38.9478,451,35381,0.222199,0.09,1,2199321,2198870,451
173801501,33.5255,31.1791,460,35441,0.23888,0.13,1,2199356,2198896,460
173804421,30.2102,32.2717,455,35501,0.269552,0.13,1,2199384,2198929,455
173807341,28.8841,29.7087,455,35561,0.281821,0.13,1,2199412,2198957,455
173810261,25.3536,28.6835,450,35620,0.274728,0.13,1,2199435,2198985,450
173830701,39.2984,39.2846,433,36033,0.407285,0.23,1,2199728,2199295,433
173833621,31.9194,31.3138,434,36092,0.432914,0.25,1,2199755,2199321,434
173877421,29.4871,29.4028,444,36960,0.791536,0.45,2,2200292,2199848,444
173889101,66.8365,64.4343,448,37188,0.797527,0.53,2,2200451,2200003,448
173892021,57.3346,25.7737,499,37245,0.793011,0.57,2,2200502,2200003,499
173909541,33.457,34.1362,489,37584,0.901511,0.75,2,2200723,2200234,489
173912461,31.3828,31.6545,489,37640,0.906604,0.83,2,2200753,2200264,489
173915381,26.9531,29.4618,485,37696,0.908642,0.81,2,2200777,2200292,485
173918301,28.7812,26.1847,491,37752,0.909457,0.81,2,2200807,2200316,491
173921221,12.7125,28.4739,463,37808,0.909783,0.81,2,2200809,2200346,463
173924141,66.285,12.5896,563,37864,0.933913,0.79,2,2200911,2200348,563
174084741,32.1612,32.7486,513,40819,0.4033,1,1,2202965,2202452,513
174096421,32.8921,30.5648,511,41027,0.28762,0.97,1,2203091,2202580,511
174099341,32.9569,32.6259,510,41078,0.253048,0.99,1,2203124,2202614,510
174102261,32.9827,37.0504,503,41129,0.203219,1,1,2203157,2202654,503
174116861,40.843,62.2687,476,41384,0.0920234,0.41,1,2203347,2202871,476
174163581,28.6113,28.1349,427,42193,0.216612,0.11,1,2203828,2203401,427
174166501,25.8445,26.854,425,42243,0.212645,0.11,1,2203852,2203427,425
174169421,11.5378,11.9416,425,42293,0.235058,0.17,1,2203854,2203429,425
174172341,28.6151,27.5766,427,42343,0.268023,0.15,1,2203894,2203467,427
174175261,23.446,23.0307,427,42393,0.281209,0.15,1,2203914,2203487,427
174195701,53.2822,54.0516,427,42741,0.434992,0.19,1,2204167,2203740,427
174265781,35.1769,33.1745,483,43909,0.796214,0.55,2,2204905,2204422,483
174268701,24.8708,33.6698,467,43957,0.792486,0.57,2,2204923,2204456,467
174271621,27.9483,24.2679,479,44005,0.790994,0.57,2,2204953,2204474,479
174274541,34.5793,27.7072,488,44053,0.790398,0.63,2,2204992,2204504,488
174315421,28.5578,27.9483,462,44719,0.901867,0.79,2,2205415,2204953,462
174318341,34.2231,34.5793,461,44766,0.930747,0.83,2,2205453,2204992,461
174321261,56.2893,54.6317,464,44813,0.942299,0.83,2,2205524,2205060,464
174324181,45.3157,45.2527,463,44860,0.94692,0.83,2,2205562,2205099,463
174332941,26.6602,26.3202,465,45001,0.927723,0.87,2,2205646,2205181,465
174335861,11.8641,11.7281,465,45048,0.941089,0.87,2,2205648,2205183,465
174476021,21.0568,22.2544,506,47243,0.756714,1,2,2207173,2206667,506
174496461,31.1811,31.7793,487,47554,0.417594,0.99,1,2207344,2206857,487
174499381,70.6724,67.9117,492,47598,0.257038,1,1,2207441,2206949,492
174505221,27.8676,39.7859,472,47686,0.203126,0.99,1,2207489,2207017,472
174540261,21.4819,26.9528,438,48214,0.202029,0.39,1,2207748,2207310,438
174543181,28.3928,31.1811,437,48258,0.242812,0.15,1,2207781,2207344,437
174546101,66.5571,70.6724,432,48302,0.295125,0.15,1,2207873,2207441,432
174554861,27.2037,27.347,431,48434,0.405048,0.17,1,2207947,2207516,431
174557781,24.6815,26.5388,428,48478,0.408019,0.17,1,2207970,2207542,428
174560701,23.6726,23.8155,429,48521,0.433208,0.13,1,2207993,2207564,429
174563621,27.469,28.1262,428,48564,0.431283,0.13,1,2208023,2207595,428
174645381,27.6,50.2894,461,49764,0.756322,0.57,2,2208807,2208346,461
174648301,27.84,27.3158,477,49806,0.776529,0.55,2,2208835,2208358,477
174651221,27.336,28.3263,475,49848,0.784612,0.59,2,2208862,2208387,475
174654141,24.1344,26.3305,472,49890,0.787845,0.59,2,2208884,2208412,472
174657061,28.8538,23.7322,482,49932,0.789138,0.61,2,2208916,2208434,482
174680421,22.7654,19.3164,477,50268,0.916104,0.65,2,2209078,2208601,477
174683341,29.5062,22.1266,487,50310,0.924441,0.65,2,2209112,2208625,487
174686261,13.0025,29.2506,455,50352,0.927777,0.71,2,2209114,2208659,455
174689181,65.801,70.5003,458,50394,0.941111,0.77,2,2209215,2208757,458
174692101,50.3204,51.0001,460,50436,0.934444,0.77,2,2209255,2208795,460
174695021,27.9282,27.6,461,50478,0.943778,0.79,2,2209268,2208807,461
174697941,27.9713,27.84,461,50520,0.947511,0.79,2,2209296,2208835,461
174700861,27.3885,27.336,461,50562,0.949004,0.79,2,2209323,2208862,461
174718381,17.2278,16.8379,465,50813,0.943109,0.89,2,2209447,2208982,465
174724221,26.1565,24.5341,467,50895,0.929697,0.91,2,2209504,2209037,467
174925701,161.453,167.99,484,24905,0.273232,0.75,1,2211489,2211005,484
174946141,28.3913,40.6841,435,25495,0.252227,0.15,1,2211842,2211407,435
174949061,55.7565,33.6736,480,25578,0.286891,0.13,1,2211916,2211436,480
174954901,65.801,61.9078,492,25744,0.419103,0.09,1,2212054,2211562,492
174957821,53.3204,64.9631,470,25826,0.425641,0.11,1,2212099,2211629,470
174960741,60.3282,51.7852,492,25908,0.440256,0.17,1,2212164,2211672,492
175001621,58.8535,70.6104,450,27032,0.770451,0.59,2,2212881,2212431,450
175010381,61.0546,61.6151,452,27266,0.921229,0.67,2,2213060,2212608,452
175013301,66.4218,64.846,455,27344,0.926492,0.69,2,2213130,2212675,455
175016221,41.5687,40.3384,456,27421,0.916597,0.71,2,2213155,2212699,456
175019141,30.4275,29.3354,457,27498,0.924639,0.75,2,2213178,2212721,457
175022061,58.971,57.3341,459,27575,0.915855,0.75,2,2213256,2212797,459
175024981,24.7884,24.1337,459,27652,0.936342,0.79,2,2213258,2212799,459
175130101,49.4399,55.6372,480,30287,0.77537,1,2,2215147,2214667,480
175159301,45.4743,49.4399,458,30979,0.403269,0.61,1,2215605,2215147,458
175162221,38.5897,41.976,455,31047,0.419308,0.57,1,2215639,2215184,455
175208941,65.9859,46.6241,525,32120,0.76996,0.59,2,2216383,2215858,525
175211861,42.5944,63.6496,477,32186,0.793984,0.63,2,2216410,2215933,477
175223541,47.1512,39.1174,506,32448,0.90655,0.69,2,2216585,2216079,506
175404581,38.4267,38.9912,492,36267,0.75064,1,2,2219242,2218750,492
175410421,44.0683,46.6786,486,36383,0.279702,1,1,2219325,2218839,486
175416261,33.4509,35.1886,482,36499,0.0567524,1,1,2219390,2218908,482
175419181,30.7804,28.4754,487,36557,0.0227009,1,1,2219419,2218932,487
175422101,35.1121,40.7902,476,36615,0.00908038,1,1,2219457,2218981,476
175425021,44.6449,38.5161,490,36673,0.00363215,1,1,2219508,2219018,490
175427941,53.8579,58.6064,478,36731,0.0674529,1,1,2219568,2219090,478
175430861,41.3432,45.0426,475,36789,0.0809812,0.99,1,2219601,2219126,475
175433781,30.3373,35.417,469,36846,0.0503925,0.79,1,2219624,2219155,469
175436701,37.3349,46.5668,457,36903,0.038157,0.67,1,2219666,2219209,457
175439621,32.934,38.4267,454,36960,0.0452628,0.39,1,2219696,2219242,454
175442541,23.9736,35.1707,439,37017,0.0361051,0.11,1,2219714,2219275,439
175445461,31.1894,44.0683,425,37074,0.032442,0.05,1,2219750,2219325,425
175448381,31.6758,38.6273,422,37131,0.0549768,0,1,2219782,2219360,422
175451301,32.4703,33.4509,425,37188,0.0219907,0,1,2219815,2219390,425
175454221,28.5881,13.3804,451,37245,0.00879629,0,1,2219841,2219390,451
175457141,36.0352,22.7521,463,37302,0.00351852,0,1,2219882,2219419,463
175460061,42.6141,31.9009,472,37359,0.0314074,0,1,2219929,2219457,472
175462981,54.8456,43.3603,484,37416,0.018563,0.11,1,2219992,2219508,484
175465901,40.5383,53.3441,455,37472,0.0734252,0.09,1,2220023,2219568,455
175471741,38.1661,30.2551,465,37584,0.087348,0.03,1,2220089,2219624,465
175477581,23.6266,32.9208,439,37696,0.0871757,0.03,1,2220135,2219696,439
175486341,32.7601,31.6749,455,37864,0.0643792,0,1,2220237,2219782,455
175489261,28.104,32.47,447,37920,0.0317517,0,1,2220262,2219815,447
175492181,37.0416,28.588,464,37976,0.0127007,0,1,2220305,2219841,464
175495101,41.8166,36.0352,468,38032,0.0110803,0.05,1,2220350,2219882,468
175498021,56.3267,42.6141,487,38088,0.00443211,0.01,1,2220416,2219929,487
175500941,44.1307,54.8456,460,38143,0.00777284,0.11,1,2220452,2219992,460
175503861,29.0523,40.5383,448,38198,0.0211091,0.19,1,2220471,2220023,448
175506781,38.0209,29.4153,470,38253,0.0144437,0.05,1,2220515,2220045,470
175509701,30.8084,38.1661,452,38308,0.0357775,0.13,1,2220541,2220089,452
175512621,23.7233,32.0664,443,38363,0.056311,0.07,1,2220560,2220117,443
175515541,32.8893,23.6266,464,38418,0.0645244,0.15,1,2220599,2220135,464
175518461,29.9557,32.2506,454,38473,0.0678098,0.11,1,2220627,2220173,454
175521381,31.1823,30.9003,456,38528,0.0571239,0.03,1,2220659,2220203,456
175524301,26.8729,32.7601,446,38583,0.0408496,0.01,1,2220683,2220237,446
175527221,11.9492,28.104,423,38638,0.0343398,0,1,2220685,2220262,423
175530141,30.5797,37.0416,423,38693,0.0197359,0.01,1,2220728,2220305,423
175533061,38.6319,41.8166,422,38748,0.0138944,0,1,2220772,2220350,422
175535981,55.0527,56.3267,422,38803,0.0355578,0.01,1,2220838,2220416,422
175538901,44.8211,44.1307,424,38857,0.0202231,0.03,1,2220876,2220452,424
175541821,29.9284,29.0523,425,38911,0.0260892,0.01,1,2220896,2220471,425
175544741,37.7714,38.0209,424,38965,0.0284357,0.05,1,2220939,2220515,424
175547661,31.9086,30.8084,426,39019,0.0653743,0.07,1,2220967,2220541,426
175550581,23.5634,23.7233,425,39073,0.0921497,0.07,1,2220985,2220560,425
175562261,26.7488,26.8729,423,39289,0.215527,0.03,1,2221106,2220683,423
175565181,11.8995,11.9492,423,39343,0.224211,0.01,1,2221108,2220685,423
175571021,38.3839,38.6319,422,39451,0.0490737,0.05,1,2221194,2220772,422
175573941,54.9536,55.0527,422,39505,0.0496295,0.01,1,2221260,2220838,422
175576861,45.3814,44.8211,423,39558,0.0498518,0.03,1,2221299,2220876,423
175579781,30.1526,29.9284,423,39611,0.0619407,0.03,1,2221319,2220896,423
175582701,37.861,37.7714,423,39664,0.0787763,0.09,1,2221362,2220939,423
175585621,33.1444,31.9086,425,39717,0.0855105,0.11,1,2221392,2220967,425
175588541,24.0578,23.5634,425,39770,0.0882042,0.17,1,2221410,2220985,425
175591461,36.0231,32.8254,430,39823,0.0892817,0.19,1,2221454,2221024,430
175594381,31.8092,29.9301,431,39876,0.0777127,0.21,1,2221483,2221052,431
175597301,31.3237,29.3721,433,39929,0.0850851,0.23,1,2221514,2221081,433
175611901,54.0001,31.1936,487,40194,0.0607849,0.05,1,2221681,2221194,487
175614821,46.2,52.0774,462,40247,0.0423139,0.05,1,2221722,2221260,462
175617741,31.08,44.231,444,40299,0.0349256,0.07,1,2221743,2221299,444
175620661,38.832,29.6924,468,40351,0.0439702,0.09,1,2221787,2221319,468
175623581,32.3328,37.677,453,40403,0.0475881,0.09,1,2221815,2221362,453
175626501,23.7331,33.0708,441,40455,0.0610352,0.09,1,2221833,2221392,441
175649861,53.4312,36.0002,488,40871,0.0891471,0.03,1,2222103,2221615,488
175652781,46.5725,54.0001,464,40923,0.0776588,0.03,1,2222145,2221681,464
175655701,30.629,46.2,443,40975,0.0490635,0.03,1,2222165,2221722,443
175658621,39.2516,31.08,467,41027,0.0376254,0.05,1,2222210,2221743,467
175661541,32.5006,38.832,451,41078,0.0450502,0.05,1,2222238,2221787,451
175664461,25.0003,32.3328,443,41129,0.0240201,0.07,1,2222258,2221815,443
175667381,37.6001,23.7331,471,41180,0.039608,0.13,1,2222304,2221833,471
175670301,32.44,35.8932,456,41231,0.0458432,0.13,1,2222333,2221877,456
175673221,32.776,31.1573,461,41282,0.0843373,0.11,1,2222366,2221905,461
175676141,26.9104,32.8629,450,41333,0.0637349,0.15,1,2222389,2221939,450
175679061,11.9642,26.3452,430,41384,0.055494,0.15,1,2222391,2221961,430
175681981,26.3857,11.7381,464,41435,0.0881976,0.17,1,2222427,2221963,464
175687821,50.4217,33.0781,489,41537,0.0945116,0.03,1,2222525,2222036,489
175690741,21.3687,53.4312,424,41588,0.0918046,0.07,1,2222527,2222103,424
175714101,32.6402,32.776,425,41993,0.216172,0.05,1,2222791,2222366,425
175717021,26.2561,26.9104,424,42043,0.224469,0.05,1,2222813,2222389,424
175719941,11.7024,11.9642,424,42093,0.263788,0.11,1,2222815,2222391,424
175728701,49.949,50.4217,426,42243,0.404962,0.09,1,2222951,2222525,426
175731621,21.1796,21.3687,426,42293,0.419985,0.11,1,2222953,2222527,426
175734541,33.6718,33.1475,427,42343,0.437994,0.11,1,2222995,2222568,427
175737461,25.4687,25.259,427,42393,0.445198,0.13,1,2223015,2222588,427
175825061,33.283,40.337,479,43861,0.759564,0.61,2,2223987,2223508,479
175827981,25.9132,32.9348,472,43909,0.753826,0.63,2,2224008,2223536,472
175830901,37.9653,25.1739,498,43957,0.75153,0.61,2,2224054,2223556,498
175833821,34.3861,38.2696,483,44005,0.762612,0.59,2,2224086,2223603,483
175836741,33.5544,35.1078,483,44053,0.779045,0.61,2,2224119,2223636,483
175839661,27.8218,33.2431,475,44101,0.797618,0.61,2,2224143,2223668,475
175845501,33.1315,12.2789,498,44197,0.796019,0.61,2,2224192,2223694,498
175848421,37.2526,31.9116,493,44245,0.792408,0.69,2,2224232,2223739,493
175871781,24.5393,25.9132,459,44625,0.929796,0.75,2,2224467,2224008,459
175874701,38.0157,37.9653,460,44672,0.941918,0.77,2,2224514,2224054,460
175877621,34.4063,34.3861,460,44719,0.946767,0.79,2,2224546,2224086,460
175880541,34.1625,33.5544,461,44766,0.948707,0.81,2,2224580,2224119,461
176035301,31.4132,40.3915,493,47198,0.902416,1,2,2226262,2225769,493
176038221,35.3653,27.5566,512,47243,0.762966,1,2,2226300,2225788,512
176046981,30.0074,26.4116,521,47378,0.42971,1,1,2226391,2225870,521
176105381,129.826,110.275,484,22093,0.0905366,0.09,1,2227068,2226584,484
176108301,83.7303,93.9098,454,22189,0.0662146,0.07,1,2227121,2226667,454
176111221,65.2921,68.1639,456,22285,0.0444859,0.07,1,2227174,2226718,456
176114141,60.9169,61.4656,457,22380,0.0597943,0.03,1,2227232,2226775,457
176117061,50.7667,71.3862,423,22475,0.0779177,0.03,1,2227276,2226853,423
176119981,38.3067,35.7545,441,22569,0.0851671,0.05,1,2227306,2226865,441
176125821,90.7291,48.5607,537,22757,0.0628267,0.07,1,2227492,2226955,537
176128741,67.4916,87.2243,476,22850,0.0671307,0.05,1,2227544,2227068,476
176131661,59.3967,66.6897,477,22943,0.0568523,0.03,1,2227598,2227121,477
176134581,59.7587,58.4759,484,23035,0.0767409,0.07,1,2227658,2227174,484
176166701,25.8212,60.1523,431,24029,0.212228,0.19,1,2228237,2227806,431
176169621,75.1285,88.8609,431,24117,0.246891,0.17,1,2228345,2227914,431
176172541,61.8514,67.9444,430,24205,0.284756,0.19,1,2228398,2227968,430
176181301,51.7425,50.9564,431,24467,0.407264,0.19,1,2228559,2228128,431
176184221,38.697,38.3826,431,24554,0.420906,0.19,1,2228589,2228158,431
176230941,40.3785,52.8645,486,25900,0.774895,0.71,2,2229488,2229002,486
176236781,27.5806,64.4983,459,26064,0.797183,0.71,2,2229573,2229114,459
176245541,59.9412,66.9599,511,26307,0.9023,0.71,2,2229801,2229290,511
176338981,53.6763,62.4733,516,28772,0.9412,1,2,2231492,2230976,516
176344821,65.4682,78.1557,535,28919,0.949792,1,2,2231642,2231107,535
176347741,48.3873,69.6623,508,28992,0.937917,1,2,2231679,2231171,508
176353581,48.662,34.666,537,29138,0.772867,1,2,2231764,2231227,537
176356501,50.0648,48.6664,530,29211,0.771147,1,2,2231815,2231285,530
176362341,39.2104,45.2266,513,29355,0.755783,1,2,2231897,2231384,513
176403221,45.8563,46.0758,450,30349,0.779611,0.51,2,2232596,2232146,450
176417821,48.5041,46.1217,453,30696,0.918591,0.63,2,2232778,2232325,453
176552141,67.1128,71.5072,485,33720,0.94888,1,2,2234941,2234456,485
176555061,44.8451,48.4029,482,33783,0.949552,1,2,2234971,2234489,482
176563821,33.7821,32.9298,491,33970,0.786771,1,2,2235080,2234589,491
176566741,26.7128,31.1719,483,34032,0.764708,1,2,2235102,2234619,483
176572581,34.9941,36.9075,481,34156,0.795553,1,2,2235185,2234704,481
176581341,63.5596,41.8421,545,34342,0.769715,0.99,2,2235340,2234795,545
176584261,65.0238,64.1368,532,34404,0.781886,0.93,2,2235406,2234874,532
176587181,44.0095,65.8547,495,34465,0.786754,0.95,2,2235436,2234941,495
176598861,26.7682,33.7499,483,34709,0.798173,0.75,2,2235563,2235080,483
176613461,62.2421,43.3987,536,35013,0.939709,0.73,2,2235799,2235263,536
176736101,29.7891,40.931,502,37464,0.915078,1,2,2237478,2236976,502
176739021,35.3156,32.5724,514,37520,0.918031,1,2,2237517,2237003,514
176741941,32.7262,31.029,515,37576,0.937213,1,2,2237548,2237033,515
176747781,44.1162,34.7246,523,37688,0.760754,1,2,2237632,2237109,523
176776981,29.2555,35.3156,493,38245,0.42606,0.95,1,2238010,2237517,493
176779901,30.3022,32.7262,493,38300,0.428424,0.87,1,2238041,2237548,493
176791581,50.3453,44.7386,509,38520,0.297576,0.61,1,2238244,2237735,509
176806181,26.2954,28.8664,447,38795,0.425783,0.49,1,2238368,2237921,447
176844141,26.9149,26.2954,442,39497,0.754398,0.47,2,2238810,2238368,442
176847061,28.166,26.1182,445,39550,0.775759,0.47,2,2238839,2238394,445
176849981,30.4664,29.6473,445,39603,0.760304,0.49,2,2238871,2238426,445
176852901,28.9866,28.0589,446,39656,0.766121,0.55,2,2238899,2238453,446
176876261,26.9064,25.7181,455,40080,0.904284,0.71,2,2239209,2238754,455
176905461,52.0842,43.026,520,40603,0.905133,0.85,2,2239597,2239077,520
176908381,46.0337,51.4104,505,40655,0.932053,0.87,2,2239639,2239134,505
176911301,19.6135,45.1642,466,40707,0.942821,0.87,2,2239641,2239175,466
177066061,52.2375,35.9376,540,43370,0.9172,1,2,2241494,2240954,540
177068981,48.495,60.575,509,43419,0.76888,1,2,2241540,2241031,509
177080661,28.7935,31.3251,519,43613,0.280275,1,1,2241665,2241146,519
177083581,31.3174,32.33,519,43661,0.23811,1,1,2241698,2241179,519
177101101,29.0684,29.4602,507,43949,0.0598598,1,1,2241856,2241349,507
177104021,40.4274,33.9841,518,43997,0.0419439,0.93,1,2241904,2241386,518
177106941,50.3709,43.5936,525,44045,0.0467776,0.89,1,2241961,2241436,525
177109861,39.9484,52.2375,500,44093,0.060711,0.67,1,2241994,2241494,500
177112781,28.5794,48.495,475,44141,0.0422844,0.53,1,2242015,2241540,475
177115701,30.0317,37.398,476,44189,0.0589138,0.39,1,2242046,2241570,476
177118621,30.6127,35.9592,472,44237,0.0895655,0.27,1,2242077,2241605,472
177147821,40.1413,40.4274,423,44711,0.0724853,0.05,1,2242327,2241904,423
177150741,49.6565,50.3709,422,44758,0.0589941,0.07,1,2242383,2241961,422
177153661,41.4626,39.9484,425,44805,0.0415976,0.03,1,2242419,2241994,425
177156581,27.985,28.5794,423,44852,0.0226391,0.07,1,2242438,2242015,423
177159501,30.994,30.0317,425,44899,0.0630556,0.11,1,2242471,2242046,425
177162421,32.1976,30.6127,427,44946,0.0912222,0.11,1,2242504,2242077,427
177191621,39.7557,40.1413,425,45415,0.200325,0.05,1,2242752,2242327,425
177194541,48.3023,49.6565,423,45461,0.21813,0.03,1,2242806,2242383,423
177197461,40.9209,41.4626,423,45507,0.237252,0.01,1,2242842,2242419,423
177200381,27.1684,27.985,422,45553,0.244901,0.09,1,2242860,2242438,422
177203301,31.8673,30.994,424,45599,0.25996,0.11,1,2242895,2242471,424
177206221,33.1469,32.1976,425,45645,0.265984,0.13,1,2242929,2242504,425
177209141,27.0588,26.079,426,45691,0.268394,0.13,1,2242952,2242526,426
177212061,30.6235,30.2316,426,45737,0.257357,0.13,1,2242985,2242559,426
177214981,29.6494,28.2926,428,45783,0.228943,0.15,1,2243014,2242586,428
177217901,28.0598,27.5171,428,45829,0.241577,0.15,1,2243041,2242613,428
177220821,12.4239,12.2068,428,45875,0.246631,0.11,1,2243043,2242615,428
177223741,14.5696,15.0827,427,45921,0.248652,0.11,1,2243059,2242632,427
177226661,21.4278,6.03309,453,45967,0.261461,0.19,1,2243085,2242632,453
177229581,19.9711,16.8132,448,46013,0.266584,0.19,1,2243104,2242656,448
177232501,24.7885,17.5253,458,46059,0.268634,0.19,1,2243132,2242674,458
177235421,40.5154,23.8101,481,46105,0.293454,0.21,1,2243183,2242702,481
177238341,49.2062,39.524,486,46151,0.291381,0.23,1,2243238,2242752,486
177276301,24.8906,19.9711,462,46741,0.426267,0.27,1,2243566,2243104,462
177340541,33.8092,34.1322,448,47723,0.754322,0.53,2,2244247,2243799,448
177343461,26.7237,26.8529,448,47767,0.751729,0.53,2,2244269,2243821,448
177346381,31.6895,31.1412,449,47811,0.774691,0.59,2,2244304,2243855,449
177378501,41.5172,41.5193,456,48295,0.912197,0.71,2,2244614,2244158,456
177381421,27.4069,26.8077,457,48339,0.946879,0.75,2,2244632,2244175,457
177568301,31.586,34.6266,491,51052,0.934,1,2,2246501,2246010,491
177571221,31.8344,32.4506,492,51093,0.9256,1,2,2246533,2246041,492
177585821,33.1551,31.9691,498,51298,0.921238,1,2,2246692,2246194,498
177626701,28.9575,27.2935,498,51872,0.442605,1,1,2247068,2246570,498
177743501,28.916,28.3177,455,53471,0.75764,0.63,2,2248111,2247656,455
177749341,25.5066,25.2908,454,53549,0.770422,0.63,2,2248159,2247705,454
177752261,27.0026,27.5163,453,53588,0.794169,0.63,2,2248187,2247734,453
177775621,31.6117,31.253,455,53900,0.913892,0.67,2,2248388,2247933,455
177778541,29.4447,29.3012,455,53939,0.923557,0.67,2,2248416,2247961,455
177781461,12.9779,12.9205,455,53978,0.927423,0.67,2,2248418,2247963,455
178004841,160.78,175.748,471,26361,0.201712,0.9,1,2250489,2250018,471
178007761,104.512,86.4994,511,26441,0.0986848,0.73,1,2250556,2250045,511
178010681,70.0049,83.1997,477,26521,0.0814739,0.65,1,2250603,2250126,477
178013601,65.2019,66.8799,483,26601,0.0745896,0.39,1,2250665,2250182,483
178016521,57.2808,66.952,468,26681,0.0718358,0.37,1,2250717,2250249,468
178019441,49.3123,59.1808,458,26760,0.0707343,0.07,1,2250761,2250303,458
178025281,38.73,37.9089,441,26918,0.0605175,0.05,1,2250837,2250396,441
178028201,24.492,32.5636,427,26997,0.042207,0.07,1,2250852,2250425,427
178031121,45.1968,51.4254,422,27075,0.0348828,0.03,1,2250911,2250489,422
178034041,58.8787,60.7702,423,27153,0.0919531,0.07,1,2250979,2250556,423
178054481,24.4,24.4203,424,27695,0.0947525,0.03,1,2251276,2250852,424
178057401,45.76,45.1681,425,27771,0.067901,0.13,1,2251336,2250911,425
178060321,58.504,58.8673,424,27847,0.0331604,0.11,1,2251403,2250979,424
178063241,50.4016,51.1469,423,27923,0.0672642,0.13,1,2251448,2251025,423
178066161,62.1606,60.0588,427,27999,0.0929057,0.13,1,2251518,2251091,427
178080761,23.2061,24.4,424,28375,0.203271,0.09,1,2251700,2251276,424
178086601,57.473,39.904,489,28524,0.204123,0.01,1,2251825,2251336,489
178089521,50.5892,56.1616,468,28598,0.219649,0.09,1,2251871,2251403,468
178092441,63.4357,49.4646,495,28672,0.29786,0.11,1,2251943,2251448,495
178095361,56.5743,61.7859,477,28746,0.281144,0.15,1,2251995,2251518,477
178112881,58.9415,44.6809,498,29185,0.407195,0.21,1,2252257,2251759,498
178150841,55.2935,56.2843,447,30114,0.751383,0.51,2,2252876,2252429,447
178153761,51.5174,51.3137,448,30184,0.774553,0.55,2,2252925,2252477,448
178182961,53.3361,51.5174,461,30878,0.906559,0.87,2,2253386,2252925,461
178185881,50.1344,47.607,464,30947,0.908623,0.87,2,2253434,2252970,464
178188801,39.2538,38.8428,463,31015,0.933449,0.85,2,2253466,2253003,463
178191721,24.1015,24.5371,462,31083,0.94338,0.85,2,2253480,2253018,462
178194641,46.8406,47.0148,462,31151,0.935352,0.83,2,2253542,2253080,462
178197561,61.3362,62.0059,461,31219,0.932141,0.79,2,2253613,2253152,461
178200481,25.7345,26.0024,461,31287,0.930856,0.79,2,2253615,2253154,461
178323121,45.3408,42.9519,493,34010,0.91,1,2,2255558,2255065,493
178326041,35.5363,33.3808,495,34072,0.934,1,2,2255587,2255092,495
178495401,38.3306,46.8441,512,37501,0.0648341,0.94,1,2257996,2257484,512
178498321,50.7322,39.1376,537,37557,0.0319337,1,1,2258055,2257518,537
178501241,46.0929,54.0551,516,37613,0.0127735,1,1,2258098,2257582,516
178504161,35.2372,48.622,499,37669,0.0351094,0.96,1,2258126,2257627,499
178507081,38.0949,35.6488,512,37725,0.0440437,0.95,1,2258166,2257654,512
178510001,36.8379,39.4595,506,37781,0.0236175,0.84,1,2258202,2257696,506
178512921,29.7352,40.3838,490,37837,0.015447,0.79,1,2258227,2257737,490
178515841,31.6941,37.7535,487,37893,0.0601788,0.67,1,2258260,2257773,487
178518761,27.0776,38.5014,472,37949,0.0420715,0.51,1,2258284,2257812,472
178521681,20.4311,31.6006,461,38005,0.0828286,0.47,1,2258300,2257839,461
178530441,35.8196,46.3264,455,38172,0.071781,0.01,1,2258418,2257963,455
178533361,50.3278,38.3306,482,38227,0.0287124,0.01,1,2258478,2257996,482
178536281,44.7311,50.7322,464,38282,0.017485,0,1,2258519,2258055,464
178539201,34.6925,46.0929,449,38337,0.024994,0.05,1,2258547,2258098,449
178542121,39.077,35.2372,463,38392,0.0279976,0.05,1,2258589,2258126,463
178545041,36.6308,38.0949,458,38447,0.089199,0.01,1,2258624,2258166,458
178571321,50.816,50.3278,424,38939,0.0971931,0.01,1,2258902,2258478,424
178574241,44.3264,44.7311,423,38993,0.0568772,0.03,1,2258942,2258519,423
178577161,36.3306,34.6925,426,39047,0.0527509,0.03,1,2258973,2258547,426
178580081,40.9322,39.077,428,39101,0.0271004,0.13,1,2259017,2258589,428
178583001,37.9729,36.6308,429,39155,0.0408401,0.13,1,2259053,2258624,429
178585921,30.1892,29.6523,429,39209,0.0343361,0.15,1,2259078,2258649,429
178588841,32.4757,32.2609,429,39263,0.0437344,0.11,1,2259112,2258683,429
178591761,27.3903,27.3044,429,39317,0.0714938,0.15,1,2259136,2258707,429
178594681,12.1561,12.1217,429,39371,0.0585975,0.17,1,2259138,2258709,429
178597601,16.8624,16.2487,430,39425,0.077439,0.17,1,2259158,2258728,430
178615121,36.848,36.3306,424,39744,0.0717239,0.01,1,2259397,2258973,424
178618041,39.9392,40.9322,422,39797,0.0346896,0.05,1,2259439,2259017,422
178620961,37.5757,37.9729,422,39850,0.0678758,0.03,1,2259475,2259053,422
178623881,30.6303,30.1892,423,39903,0.0811503,0.05,1,2259501,2259078,423
178650161,41.0298,46.4754,463,40377,0.205335,0.09,1,2259787,2259324,463
178667681,29.8478,33.2518,454,40689,0.239591,0.21,1,2259990,2259536,454
178670601,13.1391,28.3007,431,40741,0.257836,0.21,1,2259992,2259561,431
178673521,17.2556,12.5203,449,40793,0.265135,0.17,1,2260012,2259563,449
178676441,32.1023,17.0081,471,40845,0.280054,0.15,1,2260054,2259583,471
178679361,36.2409,32.6032,467,40897,0.298022,0.17,1,2260093,2259626,467
178708561,14.0468,29.8478,436,41409,0.40507,0.27,1,2260426,2259990,436
178711481,17.6187,13.1391,454,41460,0.408028,0.27,1,2260446,2259992,454
178793241,18.2692,18.9086,453,42863,0.771985,0.65,2,2261343,2260890,453
178796161,34.9077,35.7634,452,42912,0.794794,0.65,2,2261389,2260937,452
178816601,41.053,33.1029,501,43255,0.904512,0.69,2,2261638,2261137,501
178819521,38.0212,40.8411,491,43304,0.919805,0.73,2,2261674,2261183,491
178822441,33.2085,37.9365,485,43353,0.937922,0.69,2,2261704,2261219,485
178825361,40.2834,33.1746,500,43402,0.933169,0.73,2,2261749,2261249,500
178828281,33.5134,39.0698,486,43451,0.919267,0.75,2,2261778,2261292,486
178831201,14.6053,32.4279,460,43500,0.913707,0.75,2,2261780,2261320,460
178834121,19.6421,14.1712,481,43549,0.935483,0.79,2,2261803,2261322,481
178837041,36.0569,18.2685,507,43597,0.944193,0.81,2,2261850,2261343,507
178839961,15.6227,34.9074,463,43645,0.947677,0.81,2,2261852,2261389,463
178977201,50.9868,51.4528,492,45860,0.928718,1,2,2263440,2262948,492
178980121,41.3947,40.9811,493,45906,0.917487,1,2,2263475,2262982,493
178983041,36.9579,34.9924,496,45952,0.900995,1,2,2263509,2263013,496
178988881,29.6733,22.3988,528,46044,0.754959,1,2,2263569,2263041,528
179042901,171.147,179.586,466,21270,0.258317,0.31,1,2264174,2263708,466
179045821,95.4588,109.034,449,21370,0.205327,0.29,1,2264219,2263770,449
179051661,108.513,102.525,468,21568,0.271652,0.25,1,2264408,2263940,468
179060421,36.7529,44.2656,445,21861,0.401146,0.17,1,2264528,2264083,445
179063341,60.3011,72.3063,430,21958,0.442458,0.17,1,2264604,2264174,430
179066261,51.1205,55.9225,430,22055,0.446983,0.17,1,2264649,2264219,430
179069181,54.0482,55.969,430,22151,0.448793,0.33,1,2264705,2264275,430
179072101,107.419,102.188,440,22247,0.437517,0.41,1,2264848,2264408,440
179107141,51.8178,60.3354,491,23365,0.761218,0.49,2,2265537,2265046,491
179110061,54.3271,51.7341,501,23456,0.778487,0.49,2,2265593,2265092,501
179121741,38.0916,48.4028,488,23815,0.932841,0.75,2,2265873,2265385,488
179288181,52.6102,24.5353,534,28443,0.904,1,2,2269163,2268629,534
179302781,41.5154,46.6183,517,28813,0.0537626,1,1,2269385,2268868,517
179305701,39.4061,40.2473,519,28886,0.021505,1,1,2269423,2268904,519
179308621,95.5625,43.0989,607,28959,0.050602,1,1,2269556,2268949,607
179311541,61.625,97.0396,513,29032,0.0262408,1,1,2269595,2269082,513
179314461,44.45,58.0158,514,29105,0.0284963,0.84,1,2269628,2269114,514
179317381,34.58,52.6063,493,29178,0.0293985,0.81,1,2269656,2269163,493
179320301,25.832,44.4425,474,29251,0.0537594,0.51,1,2269676,2269202,474
179323221,39.1328,38.177,488,29323,0.0515038,0.13,1,2269724,2269236,488
179326141,43.2531,55.4708,467,29395,0.0266015,0,1,2269770,2269303,467
179329061,38.9012,49.7883,457,29467,0.0106406,0,1,2269806,2269349,457
179331981,38.3605,41.5153,459,29539,0.0342562,0,1,2269844,2269385,459
179334901,96.3442,39.4061,556,29611,0.0317025,0.07,1,2269979,2269423,556
179337821,61.9377,95.5625,462,29682,0.012681,0.01,1,2270018,2269556,462
179340741,43.3751,61.625,454,29753,0.0710724,0.03,1,2270049,2269595,454
179343661,35.35,44.45,451,29824,0.034429,0.03,1,2270079,2269628,451
179346581,15.34,34.58,425,29895,0.0437716,0.07,1,2270081,2269656,425
179349501,18.136,25.832,425,29966,0.0715086,0.05,1,2270101,2269676,425
179352421,35.4544,39.1328,424,30037,0.0586035,0.01,1,2270148,2269724,424
179355341,41.7818,43.2531,424,30107,0.0234414,0,1,2270194,2269770,424
179358261,37.1127,38.9012,422,30177,0.00937655,0.05,1,2270228,2269806,422
179361181,38.2451,38.3605,423,30247,0.0337506,0.03,1,2270267,2269844,423
179364101,97.498,96.3442,425,30317,0.0435002,0,1,2270404,2269979,425
179367021,61.1992,61.9377,423,30387,0.0234001,0.11,1,2270441,2270018,423
179369941,44.2797,43.3751,425,30457,0.02736,0.01,1,2270474,2270049,425
179372861,35.1119,35.35,424,30526,0.016944,0.05,1,2270503,2270079,424
179375781,15.2447,15.34,424,30595,0.0367776,0.09,1,2270505,2270081,424
179378701,21.0979,18.136,429,30664,0.044711,0.05,1,2270530,2270101,429
179381621,34.8392,35.4544,426,30733,0.0478844,0,1,2270574,2270148,426
179384541,39.1357,41.7818,422,30802,0.0191538,0,1,2270616,2270194,422
179387461,36.0543,37.1127,422,30871,0.00766151,0.05,1,2270650,2270228,422
179390381,37.8217,38.2451,422,30940,0.0090646,0.05,1,2270689,2270267,422
179393301,97.3287,97.498,422,31008,0.0336258,0.01,1,2270826,2270404,422
179396221,61.1315,61.1992,422,31076,0.0434503,0.03,1,2270863,2270441,422
179399141,44.8526,44.2797,423,31144,0.0593801,0.01,1,2270897,2270474,423
179402061,34.741,35.1119,422,31212,0.0417521,0.05,1,2270925,2270503,422
179404981,15.0964,15.2447,422,31280,0.0347008,0.05,1,2270927,2270505,422
179407901,20.4386,6.0979,446,31348,0.0318803,0.05,1,2270951,2270505,446
179410821,34.5754,17.4392,465,31415,0.0547521,0.05,1,2270995,2270530,465
179413741,39.0302,33.3757,463,31482,0.0639009,0,1,2271037,2270574,463
179416661,36.0121,38.5503,455,31549,0.0255603,0,1,2271071,2270616,455
179419581,38.4048,35.8201,461,31616,0.0162241,0.01,1,2271111,2270650,461
179422501,98.1619,37.728,560,31683,0.0244897,0.05,1,2271249,2270689,560
179425421,60.8648,97.2912,459,31750,0.0157959,0.05,1,2271285,2270826,459
179428341,44.7459,61.1165,456,31817,0.0243183,0.07,1,2271319,2270863,456
179431261,34.6984,44.8466,450,31883,0.0277273,0.03,1,2271347,2270897,450
179434181,15.0793,34.7386,424,31949,0.0290909,0.03,1,2271349,2270925,424
179437101,21.0317,15.0955,447,32015,0.0416364,0.03,1,2271374,2270927,447
179440021,36.6127,20.4382,470,32081,0.0586546,0.07,1,2271421,2270951,470
179442941,36.8451,34.5753,463,32147,0.0894618,0.07,1,2271458,2270995,463
179445861,35.138,39.0301,455,32213,0.0357847,0,1,2271492,2271037,455
179448781,39.2552,36.012,463,32279,0.0443139,0.01,1,2271534,2271071,463
179451701,97.9021,38.4048,560,32345,0.0597256,0.03,1,2271671,2271111,560
179454621,60.1608,98.1619,457,32410,0.0538902,0.01,1,2271706,2271249,457
179457541,45.0643,60.8648,456,32475,0.0515561,0.03,1,2271741,2271285,456
179460461,34.8257,44.7459,450,32540,0.0746224,0.03,1,2271769,2271319,450
179463381,15.1303,34.6984,424,32605,0.083849,0.03,1,2271771,2271347,424
179466301,21.6521,15.0793,448,32670,0.0875396,0.05,1,2271797,2271349,448
179477981,30.9095,35.138,422,32928,0.053025,0.05,1,2271914,2271492,422
179480901,38.7638,39.2552,424,32992,0.07521,0.07,1,2271958,2271534,424
179483821,98.3055,97.9021,425,33056,0.072084,0.05,1,2272096,2271671,425
179492581,35.9556,34.8257,426,33248,0.0854934,0.09,1,2272195,2271769,426
179498421,21.8329,21.6521,426,33375,0.0820789,0.11,1,2272223,2271797,426
179501341,38.1332,37.4608,427,33438,0.0868316,0.11,1,2272272,2271845,427
179510101,27.9525,30.9095,422,33627,0.0624372,0.09,1,2272336,2271914,422
179513021,38.781,38.7638,424,33690,0.0669749,0.07,1,2272382,2271958,424
179515941,98.3124,98.3055,424,33753,0.05679,0.13,1,2272520,2272096,424
179548061,99.3356,36.2484,562,34437,0.0890447,0.05,1,2272944,2272382,562
179565581,39.3389,21.6997,478,34803,0.200788,0.19,1,2273126,2272648,478
179568501,16.9356,38.6799,430,34864,0.206315,0.19,1,2273128,2272698,430
179571421,26.5742,16.672,461,34925,0.220526,0.19,1,2273161,2272700,461
179574341,25.0297,25.8688,453,34986,0.20221,0.19,1,2273185,2272732,453
179577261,36.4119,25.3475,472,35046,0.206884,0.07,1,2273229,2272757,472
179580181,97.9648,38.339,564,35106,0.208754,0.07,1,2273368,2272804,564
179586021,47.5944,62.5342,465,35226,0.212201,0.17,1,2273447,2272982,465
179588941,37.0377,46.6137,459,35286,0.24688,0.19,1,2273477,2273018,459
179591861,16.0151,36.0455,432,35346,0.260752,0.19,1,2273479,2273047,432
179594781,22.006,15.6182,456,35406,0.278301,0.19,1,2273505,2273049,456
179597701,40.0024,21.8473,482,35466,0.28532,0.21,1,2273557,2273075,482
179600621,17.201,39.3389,433,35526,0.288128,0.21,1,2273559,2273126,433
179618141,62.6085,64.9859,430,35881,0.40159,0.23,1,2273841,2273411,430
179626901,16.6309,16.0151,435,36058,0.405622,0.29,1,2273914,2273479,435
179629821,22.8524,22.006,436,36117,0.432249,0.29,1,2273941,2273505,436
179696981,17.3768,38.3329,449,37440,0.767107,0.53,2,2274802,2274353,449
179717421,33.8738,11.1657,497,37832,0.900502,0.57,2,2274995,2274498,497
179720341,96.3495,33.2663,587,37888,0.906201,0.61,2,2275133,2274546,587
179723261,65.5398,94.9065,496,37944,0.90848,0.65,2,2275178,2274682,496
179726181,53.8159,63.7626,499,38000,0.945392,0.71,2,2275224,2274725,499
179981681,78.5807,98.3984,476,19424,0.41724,0.31,1,2278594,2278118,476
179984601,62.6323,86.7593,449,19533,0.448896,0.29,1,2278646,2278197,449
180005041,42.444,59.696,473,20281,0.754347,0.49,2,2279119,2278646,473
180007961,72.7776,41.8784,536,20386,0.775739,0.57,2,2279212,2278676,536
180010881,107.111,68.9514,579,20490,0.796296,0.71,2,2279342,2278763,579
180019641,62.1991,73.2449,512,20799,0.926723,0.73,2,2279548,2279036,512
180022561,42.8796,61.098,489,20901,0.940689,0.77,2,2279578,2279089,489
180092641,81.7898,34.2347,594,23214,0.93208,1,2,2281219,2280625,594
180101401,59.7625,72.991,522,23487,0.944053,1,2,2281433,2280911,522
180110161,45.1768,70.9354,507,23757,0.776339,1,2,2281590,2281083,507
180139361,86.6376,92.7883,444,24635,0.448509,0.49,1,2282239,2281795,444
180168561,49.7442,49.262,447,25482,0.768584,0.55,2,2282748,2282301,447
180171481,44.4977,19.7048,488,25565,0.769433,0.55,2,2282789,2282301,488
180186081,90.6784,73.0754,554,25977,0.911383,0.67,2,2283141,2282587,554
180191921,52.5485,38.8121,517,26140,0.917421,0.83,2,2283208,2282691,517
180194841,45.0194,49.7248,500,26221,0.936969,0.77,2,2283248,2282748,500
180308721,51.7849,58.4225,513,29206,0.79048,1,2,2285334,2284821,513
180317481,57.9622,91.339,499,29422,0.238031,1,1,2285541,2285042,499
180323321,40.354,48.3342,509,29566,0.0512849,1,1,2285627,2285118,509
180326241,38.3416,41.5337,509,29638,0.062514,1,1,2285664,2285155,509
180329161,31.5366,40.0135,497,29709,0.0430056,0.83,1,2285691,2285194,497
180332081,42.0147,33.4054,517,29780,0.0352022,0.87,1,2285740,2285223,517
180335001,18.0059,46.9622,463,29851,0.0200809,0.73,1,2285742,2285279,463
180337921,36.6023,51.7849,457,29922,0.0860324,0.49,1,2285791,2285334,457
180355441,38.9633,38.3416,426,30344,0.0851607,0.03,1,2286090,2285664,426
180358361,29.3853,31.5366,422,30414,0.0760643,0.03,1,2286113,2285691,422
180361281,42.3541,42.0147,424,30484,0.0484257,0.01,1,2286164,2285740,424
180364201,18.1416,18.0059,424,30553,0.0373703,0.13,1,2286166,2285742,424
180367121,37.8567,36.6023,426,30622,0.0689481,0.13,1,2286217,2285791,426
180375881,53.4468,51.9266,432,30829,0.239853,0.17,1,2286402,2285970,432
180378801,50.1787,50.7706,430,30898,0.269941,0.11,1,2286450,2286020,430
180381721,34.4715,38.9082,423,30966,0.257976,0.05,1,2286474,2286051,423
180384641,37.7886,38.9633,424,31034,0.277191,0.07,1,2286514,2286090,424
180390481,41.6862,42.3541,422,31170,0.26155,0.03,1,2286586,2286164,422
180393401,17.8745,18.1416,422,31238,0.24262,0.09,1,2286588,2286166,422
180396321,40.1498,37.8567,426,31306,0.223048,0.09,1,2286643,2286217,426
180399241,40.6599,15.1427,467,31374,0.251219,0.19,1,2286684,2286217,467
180402161,85.864,29.4571,544,31441,0.274488,0.23,1,2286800,2286256,544
180405081,54.7456,78.9828,466,31508,0.295795,0.27,1,2286834,2286368,466
180419681,38.9068,27.6782,481,31843,0.403685,0.23,1,2287016,2286535,481
180422601,16.7627,41.6713,432,31909,0.407474,0.23,1,2287018,2286586,432
180437201,52.5934,54.7454,487,32239,0.401008,0.35,1,2287321,2286834,487
180440121,35.4374,51.2982,462,32305,0.418403,0.35,1,2287345,2286883,462
180443041,40.5749,34.9193,482,32370,0.437361,0.39,1,2287389,2286907,482
180445961,29.43,39.1677,462,32435,0.444945,0.41,1,2287411,2286949,462
180501441,47.0732,45.6911,454,33652,0.906897,0.69,2,2288218,2287764,454
180507281,41.0117,39.7106,457,33778,0.904703,0.73,2,2288290,2287833,457
180510201,29.6047,29.6842,456,33841,0.931881,0.73,2,2288312,2287856,456
180513121,40.6419,40.6737,456,33903,0.942753,0.73,2,2288360,2287904,456
180516041,17.4567,17.4695,456,33965,0.947101,0.67,2,2288362,2287906,456
180518961,39.3827,39.9878,455,34027,0.94884,0.69,2,2288416,2287961,455
180656201,32.6488,32.7972,513,36833,0.9172,1,2,2290390,2289877,513
180664961,39.0975,40.979,495,37004,0.778461,1,2,2290561,2290066,495
180685401,36.3088,47.0328,507,37403,0.235774,1,1,2290796,2290289,507
180688321,39.1235,41.6131,510,37459,0.20831,0.98,1,2290837,2290327,510
180714601,23.1102,35.9496,454,37963,0.0629363,0.31,1,2291150,2290696,454
180717521,35.0441,25.1798,479,38019,0.0671745,0.29,1,2291193,2290714,479
180720441,33.8176,38.2719,465,38075,0.0808698,0.19,1,2291226,2290761,465
180723361,36.9271,36.3088,469,38130,0.0863479,0.19,1,2291265,2290796,469
180735041,32.0013,41.0959,453,38350,0.209811,0.13,1,2291440,2290987,453
180737961,28.4005,32.6384,452,38405,0.245924,0.11,1,2291466,2291014,452
180740881,25.1602,28.0553,450,38460,0.23637,0.13,1,2291489,2291039,450
180743801,32.8641,26.2221,463,38515,0.232548,0.11,1,2291527,2291064,463
180746721,31.1456,32.6889,456,38570,0.231019,0.11,1,2291557,2291101,456
180749641,13.6583,32.2755,426,38625,0.230408,0.03,1,2291559,2291133,426
180752561,15.6633,23.1102,426,38680,0.254163,0.07,1,2291576,2291150,426
180755481,31.4653,35.0441,425,38735,0.263665,0.09,1,2291618,2291193,425
180758401,32.9861,33.8176,426,38790,0.291466,0.09,1,2291652,2291226,426
180767161,78.4311,75.5083,433,38952,0.409134,0.19,1,2291829,2291396,433
180770081,42.1724,41.0033,433,39006,0.409654,0.23,1,2291847,2291414,433
180773001,32.469,32.0013,433,39060,0.409861,0.27,1,2291873,2291440,433
180775921,29.7876,28.4005,435,39114,0.409945,0.23,1,2291901,2291466,435
180781761,31.886,32.8641,433,39222,0.417191,0.23,1,2291960,2291527,433
180784681,30.7544,31.1456,433,39276,0.448876,0.23,1,2291990,2291557,433
180787601,13.5018,13.6583,433,39330,0.437551,0.27,1,2291992,2291559,433
180840161,32.4994,38.1581,474,40286,0.755334,0.55,2,2292605,2292131,474
180875201,40.5019,35.1211,500,40910,0.905478,0.75,2,2293035,2292535,500
180881041,85.0803,32.4994,579,41014,0.935676,0.83,2,2293184,2292605,579
181044561,73.4723,26.4595,597,43801,0.921616,1,2,2295083,2294486,597
181047481,47.3889,85.5838,502,43849,0.914646,1,2,2295113,2294611,502
181053321,32.0622,38.4134,507,43945,0.795543,1,2,2295176,2294669,507
181056241,27.8249,30.3654,507,43993,0.768217,1,2,2295201,2294694,507
181088361,65.3402,73.4723,465,44519,0.257337,0.91,1,2295548,2295083,465
181091281,42.9361,47.3889,463,44566,0.204935,0.83,1,2295576,2295113,463
181102961,25.7808,28.53,454,44754,0.227534,0.63,1,2295684,2295230,454
181108801,25.3649,25.9248,452,44848,0.215205,0.59,1,2295738,2295286,452
181111721,16.146,18.7699,448,44895,0.224082,0.65,1,2295748,2295300,448
181114641,20.8584,20.708,450,44942,0.203633,0.53,1,2295772,2295322,450
181120481,27.2173,29.3533,444,45036,0.228181,0.45,1,2295831,2295387,444
181123401,25.8869,27.9413,442,45083,0.229272,0.33,1,2295856,2295414,442
181132161,60.0248,65.3402,430,45224,0.275073,0.17,1,2295978,2295548,430
181149681,27.8249,28.9123,430,45503,0.405957,0.23,1,2296145,2295715,430
181152601,26.73,25.3649,433,45549,0.444383,0.23,1,2296171,2295738,433
181155521,15.492,16.146,431,45595,0.435753,0.19,1,2296179,2295748,431
181161361,28.1587,27.5434,431,45687,0.44052,0.25,1,2296235,2295804,431
181164281,28.0635,27.2173,432,45733,0.434208,0.23,1,2296263,2295831,432
181167201,25.6254,25.8869,431,45779,0.443683,0.15,1,2296287,2295856,431
181243121,15.9209,27.2831,460,46962,0.752822,0.63,2,2297073,2296613,460
181246041,20.1684,15.7132,475,47007,0.751129,0.63,2,2297096,2296621,475
181248961,28.4673,19.4853,487,47052,0.774452,0.65,2,2297130,2296643,487
181251881,28.1869,28.1941,481,47097,0.783781,0.65,2,2297158,2296677,481
181254801,26.8748,28.0776,479,47142,0.799512,0.61,2,2297184,2296705,479
181286921,29.6376,27.8022,460,47632,0.933894,0.77,2,2297525,2297065,460
181292761,21.062,20.1684,461,47720,0.940223,0.79,2,2297557,2297096,461
181450441,39.8902,20.5185,555,50048,0.936529,1,2,2299184,2298629,555
181453361,35.1561,63.4074,495,50090,0.920612,1,2,2299216,2298721,495
181459201,28.065,38.8252,499,50174,0.914098,1,2,2299284,2298785,499
181479641,29.5423,28.6301,482,50468,0.787624,0.98,2,2299448,2298966,482
181485481,26.0868,29.1808,473,50552,0.75842,1,2,2299501,2299028,473
181488401,18.8347,21.2723,471,50594,0.765368,1,2,2299515,2299044,471
181491321,23.7339,25.9089,469,50636,0.792147,0.99,2,2299542,2299073,469
181497161,28.1574,29.2254,466,50720,0.795143,0.9,2,2299603,2299137,466
181500081,39.463,39.8902,466,50762,0.768057,0.91,2,2299650,2299184,466
181503001,34.3852,35.1561,465,50803,0.769223,0.87,2,2299681,2299216,465
181529281,28.0587,29.5423,456,51172,0.778859,0.71,2,2299904,2299448,456
181546801,27.5834,28.1574,459,51418,0.915711,0.75,2,2300062,2299603,459
181549721,38.6334,39.463,458,51459,0.936284,0.77,2,2300108,2299650,458
181552641,34.0533,34.3852,458,51500,0.944514,0.73,2,2300139,2299681,458
181555561,42.4213,43.7541,456,51541,0.947805,0.75,2,2300187,2299731,456
181825661,366.679,428.7,421,24820,0.2476,0.07,1,2302968,2302547,421
181831501,77.2687,90.3121,426,25716,0.093616,0.05,1,2303020,2302594,426
181834421,56.1075,54.1248,438,25798,0.0434464,0.05,1,2303062,2302624,438
181837341,74.643,52.2499,474,25880,0.0713786,0.11,1,2303149,2302675,474
181840261,52.6572,58.7,449,25962,0.0945514,0.17,1,2303187,2302738,449
181866541,55.8296,49.6081,485,26688,0.0971174,0.15,1,2303672,2303187,485
181878221,61.53,72.7468,428,27004,0.20039,0.13,1,2303856,2303428,428
181881141,33.612,37.4987,429,27082,0.218156,0.15,1,2303871,2303442,429
181884061,37.4448,40.1995,427,27160,0.225262,0.13,1,2303911,2303484,427
181886981,68.9779,70.6798,426,27238,0.252105,0.09,1,2304001,2303575,426
181889901,50.3912,51.0719,426,27316,0.286842,0.09,1,2304039,2303613,426
181898661,49.809,47.8126,430,27548,0.415078,0.13,1,2304195,2303765,430
181901581,21.1236,20.325,430,27625,0.424031,0.25,1,2304197,2303767,430
181904501,63.0494,61.53,432,27702,0.439612,0.23,1,2304288,2303856,432
181965821,73.997,38.7901,551,29265,0.797852,0.63,2,2305339,2304788,551
181983341,66.6168,22.131,554,29696,0.912179,0.75,2,2305645,2305091,554
181986261,35.0467,66.4524,472,29767,0.922871,0.75,2,2305659,2305187,472
182076781,38.0413,45.461,504,31897,0.90952,1,2,2307132,2306628,504
182079701,27.2165,34.3844,497,31963,0.909808,1,2,2307152,2306655,497
182097221,39.9618,46.552,504,32359,0.441611,1,1,2307459,2306955,504
182132261,56.9569,60.3847,439,33134,0.428579,0.37,1,2307972,2307533,439
182184821,41.1145,40.8712,451,34265,0.769841,0.63,2,2308665,2308214,451
182187741,51.8458,16.3485,510,34327,0.769936,0.61,2,2308724,2308214,510
182190661,39.9383,41.9394,483,34389,0.781975,0.61,2,2308756,2308273,483
182193581,41.1753,35.9758,493,34450,0.78679,0.65,2,2308798,2308305,493
182208181,50.622,24.2436,522,34755,0.903458,0.69,2,2309022,2308500,522
182211101,46.0488,49.8974,498,34816,0.931383,0.75,2,2309065,2308567,498
182214021,19.6195,43.959,460,34877,0.942553,0.75,2,2309067,2308607,460
182216941,42.6478,18.7836,516,34938,0.947021,0.79,2,2309125,2308609,516
182339581,46.2633,44.4452,514,37394,0.75496,1,2,2310841,2310327,514
182354181,36.1713,30.2516,526,37675,0.410825,1,1,2311036,2310510,526
182357101,48.0685,40.3006,535,37731,0.29033,1,1,2311092,2310557,535
182360021,35.4274,53.3203,500,37787,0.290132,1,1,2311119,2310619,500
182362941,32.771,36.9281,505,37843,0.230053,1,1,2311150,2310645,505
182365861,31.7084,33.9712,504,37899,0.206021,1,1,2311181,2310677,504
182374621,40.2853,36.1582,508,38067,0.0988653,0.69,1,2311296,2310788,508
182377541,26.3141,46.2633,472,38122,0.0935461,0.69,1,2311313,2310841,472
182380461,36.3257,30.5053,495,38177,0.0794185,0.59,1,2311356,2310861,495
182383381,51.1303,39.8021,510,38232,0.0857674,0.49,1,2311417,2310907,510
182386301,37.2521,54.3208,474,38287,0.076307,0.47,1,2311445,2310971,474
182389221,34.1008,40.9283,474,38342,0.0725228,0.35,1,2311477,2311003,474
182392141,42.4403,36.1713,489,38397,0.0470091,0.21,1,2311525,2311036,489
182395061,30.7761,48.0685,456,38452,0.0368036,0.29,1,2311548,2311092,456
182397981,29.1105,35.4274,457,38507,0.0687215,0.19,1,2311576,2311119,457
182430101,41.2814,42.4403,423,39106,0.212341,0.03,1,2311948,2311525,423
182433021,30.9126,30.7761,424,39160,0.246937,0.09,1,2311972,2311548,424
182435941,30.965,29.1105,427,39214,0.284775,0.15,1,2312003,2311576,427
182468061,42.369,41.2814,433,39802,0.297934,0.27,1,2312381,2311948,433
182476821,33.9356,32.786,436,39961,0.402348,0.33,1,2312473,2312037,436
182479741,36.3742,35.9144,436,40014,0.406939,0.33,1,2312511,2312075,436
182482661,15.7497,15.5658,436,40067,0.444776,0.33,1,2312513,2312077,436
182485581,23.0999,6.2263,464,40120,0.44791,0.31,1,2312541,2312077,464
182529381,26.4037,35.0399,464,40902,0.773297,0.47,2,2313048,2312584,464
182532301,35.7615,26.016,486,40954,0.783319,0.45,2,2313090,2312604,486
182535221,49.7046,36.2064,502,41006,0.787328,0.45,2,2313149,2312647,502
182570261,18.4375,26.4037,461,41618,0.912652,0.79,2,2313509,2313048,461
182573181,33.175,35.7615,462,41669,0.911061,0.79,2,2313552,2313090,462
182576101,49.27,49.7046,463,41720,0.910424,0.85,2,2313612,2313149,463
182579021,40.108,39.6818,464,41771,0.91017,0.87,2,2313646,2313182,464
182581941,35.8432,35.0727,465,41822,0.922068,0.89,2,2313679,2313214,465
182584861,43.1373,42.2291,466,41872,0.938827,0.87,2,2313727,2313261,466
182587781,32.8549,33.0916,465,41922,0.945531,0.85,2,2313753,2313288,465
182590701,37.142,36.6367,466,41972,0.948212,0.85,2,2313793,2313327,466
182736701,31.6183,26.4677,530,44417,0.926694,1,2,2315479,2314949,530
182739621,34.2473,23.1871,545,44464,0.934678,1,2,2315515,2314970,545
182742541,32.8989,33.8748,536,44511,0.907871,1,2,2315547,2315011,536
182751301,30.3775,36.272,494,44652,0.938184,1,2,2315624,2315130,494
182859341,39.4396,29.2404,492,46369,0.75837,0.55,2,2316776,2316284,492
182862261,33.7758,39.2962,476,46414,0.777348,0.51,2,2316806,2316330,476
182865181,25.5103,33.7185,466,46459,0.796939,0.53,2,2316826,2316360,466
182879781,16.4238,24.5334,464,46684,0.902237,0.67,2,2316958,2316494,464
183127981,30.4221,16.7661,560,50376,0.934,1,2,2319581,2319021,560
183145501,186.123,222.617,437,23360,0.250096,0.21,1,2320214,2319777,437
183187841,73.2197,62.3787,460,23451,0.0964153,0.05,1,2320308,2319848,460
183190761,75.4879,64.5515,471,23541,0.0805661,0.03,1,2320385,2319914,471
183193681,69.7951,67.8206,467,23631,0.0742265,0.15,1,2320451,2319984,467
183196601,44.1181,67.3282,427,23721,0.0956906,0.11,1,2320478,2320051,427
183205361,54.6876,51.229,450,23988,0.215164,0.11,1,2320608,2320158,450
183208281,61.475,54.0916,460,24076,0.260066,0.05,1,2320674,2320214,460
183217041,69.4304,70.5659,426,24339,0.229524,0.11,1,2320877,2320451,426
183219961,45.1722,44.4263,428,24426,0.22981,0.19,1,2320906,2320478,428
183222881,34.2689,32.1705,431,24513,0.265924,0.17,1,2320933,2320502,431
183234561,59.0149,58.1932,436,24857,0.414568,0.33,1,2321166,2320730,436
183237481,70.406,70.0773,436,24942,0.411827,0.17,1,2321244,2320808,436
183240401,65.9624,69.4309,430,25027,0.422731,0.23,1,2321307,2320877,430
183243321,46.185,45.1724,434,25112,0.427092,0.29,1,2321340,2320906,434
183298801,60.5791,41.123,524,26669,0.77179,0.61,2,2322380,2321856,524
183307561,72.4211,62.1039,533,26906,0.914115,0.69,2,2322590,2322057,533
183310481,30.1684,71.6416,457,26985,0.923646,0.71,2,2322592,2322135,457
183313401,50.4674,67.0566,457,27063,0.927458,0.69,2,2322656,2322199,457
183322161,41.6299,41.9476,458,27297,0.938477,0.81,2,2322765,2322307,458
183421441,39.4631,39.2503,532,29820,0.9376,1,2,2324617,2324085,532
183430201,29.5016,36.784,501,30033,0.763926,1,2,2324688,2324187,501
183436041,68.0803,71.2854,485,30173,0.428228,1,1,2324814,2324329,485
183438961,90.8321,80.7142,504,30243,0.261291,1,1,2324920,2324416,504
183500281,54.4531,81.126,465,31680,0.223119,0.17,1,2325808,2325343,465
183503201,66.1812,53.4504,504,31747,0.251248,0.19,1,2325882,2325378,504
183506121,47.4725,69.3802,459,31814,0.262499,0.09,1,2325917,2325458,459
183509041,33.389,46.9521,451,31881,0.267,0.13,1,2325941,2325490,451
183511961,20.5556,33.1808,439,31947,0.2688,0.13,1,2325953,2325514,439
183514881,16.6222,20.4723,441,32013,0.26952,0.13,1,2325967,2325526,441
183517801,24.6489,16.5889,457,32079,0.269808,0.13,1,2325997,2325540,457
183520721,26.0596,24.6356,454,32145,0.269923,0.13,1,2326024,2325570,454
183523641,54.8238,25.4542,502,32211,0.293969,0.15,1,2326098,2325596,502
183526561,85.5295,54.5817,534,32277,0.279588,0.21,1,2326204,2325670,534
183529481,55.2118,83.6327,466,32343,0.273835,0.25,1,2326239,2325773,466
183544081,16.6761,20.5556,448,32668,0.415153,0.27,1,2326401,2325953,448
183547001,24.6704,16.6222,464,32733,0.424061,0.27,1,2326431,2325967,464
183549921,11.0682,24.6489,436,32798,0.427624,0.27,1,2326433,2325997,436
183599561,52.4719,50.05,452,33877,0.772594,0.69,2,2327243,2326791,452
183622921,84.7773,48.4979,561,34373,0.929092,0.71,2,2327541,2326980,561
183777681,36.2689,35.623,512,37494,0.9196,1,2,2329715,2329203,512
183783521,27.643,18.2997,525,37606,0.772336,1,2,2329767,2329242,525
183801041,66.8096,39.5747,554,37942,0.0952678,1,1,2330036,2329482,554
183803961,48.9238,65.6299,508,37998,0.0681071,1,1,2330073,2329565,508
183806881,43.5695,48.452,511,38054,0.0572428,1,1,2330113,2329602,511
183809801,37.2278,42.1808,506,38110,0.0408971,0.99,1,2330146,2329640,506
183812721,34.6911,42.6723,496,38165,0.0223589,0.87,1,2330179,2329683,496
183815641,25.8764,36.2689,484,38220,0.0389435,0.73,1,2330199,2329715,484
183818561,21.7506,30.1076,477,38275,0.0575774,0.75,1,2330218,2329741,477
183821481,14.7002,27.643,461,38330,0.041031,0.63,1,2330228,2329767,461
183824401,26.2801,17.6572,484,38385,0.0224124,0.51,1,2330262,2329778,484
183827321,28.512,31.0629,474,38440,0.026965,0.45,1,2330292,2329818,474
183836081,64.1288,39.524,510,38605,0.0701258,0.05,1,2330461,2329951,510
183839001,26.8515,66.8096,427,38660,0.0460503,0.05,1,2330463,2330036,427
183841921,31.1406,48.9238,424,38715,0.0724201,0.05,1,2330497,2330073,424
183844841,35.8562,43.5695,423,38770,0.0709681,0.03,1,2330536,2330113,423
183847761,33.5425,37.2278,422,38824,0.0463872,0.01,1,2330568,2330146,422
183850681,35.017,34.6911,425,38878,0.0485549,0.05,1,2330604,2330179,425
183853601,26.0068,25.8764,425,38932,0.049422,0.07,1,2330624,2330199,425
183856521,20.6027,21.7506,423,38986,0.0377688,0.03,1,2330641,2330218,423
183859441,14.8411,14.7002,424,39040,0.0571075,0.01,1,2330652,2330228,424
183862361,25.7364,26.2801,423,39094,0.076843,0.03,1,2330685,2330262,423
183865281,27.6946,28.512,422,39148,0.0847372,0.15,1,2330714,2330292,422
183891561,25.8861,26.0068,422,39632,0.0949099,0.03,1,2331046,2330624,422
183906161,51.8545,50.0778,429,39897,0.231036,0.17,1,2331208,2330779,429
183909081,37.5418,37.4311,428,39950,0.230414,0.15,1,2331236,2330808,428
183912001,59.4167,59.9725,427,40003,0.278166,0.15,1,2331310,2330883,427
183914921,24.9667,25.189,427,40056,0.297266,0.07,1,2331312,2330885,427
183944121,53.6163,29.1238,499,40580,0.421476,0.27,1,2331640,2331141,499
183947041,38.2465,51.8495,460,40632,0.43859,0.23,1,2331668,2331208,460
183949961,62.6986,37.5398,511,40684,0.445436,0.31,1,2331747,2331236,511
183952881,26.2794,59.4159,439,40736,0.448174,0.31,1,2331749,2331310,439
184028801,62.9547,62.6118,447,42062,0.778415,0.49,2,2332637,2332190,447
184031721,26.3819,26.2447,447,42112,0.797366,0.59,2,2332639,2332192,447
184058001,26.3793,26.3543,452,42562,0.902942,0.67,2,2332876,2332424,452
184063841,57.5007,55.2167,457,42662,0.916071,0.75,2,2332987,2332530,457
184066761,39.8003,38.8867,457,42711,0.936428,0.81,2,2333015,2332558,457
184494541,70.3414,64.7783,497,24380,0.922,1,2,2338745,2338248,497
184503301,68.3179,63.3058,493,24640,0.760048,1,2,2338908,2338415,493
184550021,57.718,38.8208,517,25982,0.761085,0.55,2,2339806,2339289,517
184552941,42.2872,56.9283,480,26064,0.766434,0.59,2,2339838,2339358,480
184555861,69.7149,41.9713,536,26145,0.768574,0.61,2,2339926,2339390,536
184558781,81.286,67.7885,540,26226,0.769429,0.61,2,2340015,2339475,540
184579221,70.3994,42.2872,548,26787,0.916404,0.77,2,2340386,2339838,548
184582141,80.9598,69.7149,548,26866,0.912561,0.77,2,2340474,2339926,548
184585061,33.5839,81.2859,461,26945,0.911025,0.85,2,2340476,2340015,461
184587981,36.8336,54.1144,464,27024,0.92241,0.87,2,2340515,2340051,464
184687261,92.2097,66.0365,581,29571,0.934,1,2,2342370,2341789,581
184698941,41.7302,48.3609,518,29856,0.42399,1,1,2342529,2342011,518
184704781,29.9568,37.3777,511,29998,0.205838,1,1,2342590,2342079,511
184707701,33.5827,55.1511,480,30069,0.0823354,1,1,2342626,2342146,480
184710621,35.0331,43.0604,481,30139,0.0629342,1,1,2342662,2342181,481
184713541,65.0132,64.0242,488,30209,0.0431737,0.89,1,2342747,2342259,488
184716461,80.6053,92.2097,468,30279,0.0472695,0.75,1,2342838,2342370,468
184719381,49.6421,60.2839,458,30349,0.0489078,0.63,1,2342867,2342409,458
184722301,36.6568,43.3135,454,30419,0.0495631,0.47,1,2342895,2342441,454
184725221,38.6627,47.3254,444,30489,0.0618252,0.33,1,2342935,2342491,444
184736901,30.4378,33.5827,423,30765,0.0930227,0.05,1,2343049,2342626,423
184739821,34.9751,35.0331,425,30834,0.0552091,0.03,1,2343087,2342662,425
184742741,64.39,65.0132,424,30903,0.0760836,0.05,1,2343171,2342747,424
184745661,79.756,80.6053,423,30971,0.0604335,0.05,1,2343261,2342838,423
184748581,49.3024,49.6421,423,31039,0.0661734,0.05,1,2343290,2342867,423
184751501,36.521,36.6568,423,31107,0.0684694,0.07,1,2343318,2342895,423
184754421,39.8084,38.6627,425,31175,0.0813877,0.15,1,2343360,2342935,425
184757341,35.1234,33.4651,427,31243,0.0745551,0.13,1,2343392,2342965,427
184760261,32.0493,31.986,426,31311,0.095822,0.13,1,2343422,2342996,426
184763181,24.2197,12.7944,445,31379,0.0923288,0.13,1,2343441,2342996,445
184769021,34.8352,27.3671,461,31513,0.0831726,0.03,1,2343510,2343049,461
184771941,65.5341,33.7468,509,31580,0.063269,0.09,1,2343596,2343087,509
184774861,77.8136,63.8987,511,31647,0.0793076,0.05,1,2343682,2343171,511
184777781,50.3254,79.5595,453,31714,0.085723,0.07,1,2343714,2343261,453
184780701,35.7302,49.2238,450,31781,0.0882892,0.07,1,2343740,2343290,450
184783621,40.6921,36.4895,466,31848,0.0653157,0.09,1,2343784,2343318,466
184786541,35.4768,39.7958,456,31914,0.0561263,0.07,1,2343816,2343360,456
184789461,33.3907,35.1183,456,31980,0.0644505,0.11,1,2343848,2343392,456
184792381,24.1563,32.0473,444,32046,0.0917802,0.09,1,2343866,2343422,444
184806981,50.5034,77.8136,457,32375,0.212649,0.09,1,2344139,2343682,457
184809901,35.8013,50.3254,451,32440,0.223059,0.09,1,2344165,2343714,451
184812821,39.5205,35.7302,467,32505,0.227224,0.05,1,2344207,2343740,467
184815741,35.6082,40.6921,456,32570,0.22889,0.05,1,2344240,2343784,456
184818661,34.6433,35.4768,458,32635,0.253556,0.07,1,2344274,2343816,458
184821581,25.2573,33.3907,445,32700,0.251422,0.11,1,2344293,2343848,445
184824501,28.1029,24.1563,457,32765,0.262569,0.13,1,2344323,2343866,457
184827421,12.4412,27.6625,429,32830,0.267028,0.13,1,2344325,2343896,429
184850781,33.9357,34.6433,433,33342,0.414244,0.25,1,2344707,2344274,433
184853701,25.5743,25.2573,434,33405,0.423698,0.27,1,2344727,2344293,434
184900421,82.7196,64.5348,541,34404,0.769521,0.65,2,2345430,2344889,541
184932541,86.9262,67.2989,555,35073,0.931339,0.83,2,2345892,2345337,555
185090221,32.4237,33.6607,516,38190,0.94,1,2,2348021,2347505,516
185113581,38.2648,60.1608,499,38630,0.0919974,1,1,2348354,2347855,499
185116501,33.3059,43.8643,496,38685,0.0427989,1,1,2348384,2347888,496
185119421,33.7224,36.7457,498,38740,0.0351196,1,1,2348418,2347920,498
185125261,24.8356,34.5593,473,38849,0.0716191,0.9,1,2348463,2347990,473
185128181,25.5342,32.4237,468,38903,0.0586477,0.87,1,2348489,2348021,468
185131101,27.6137,35.1695,460,38957,0.0414591,0.75,1,2348518,2348058,460
185134021,27.8455,32.6678,457,39011,0.0165836,0.67,1,2348546,2348089,457
185136941,18.9382,26.2671,448,39065,0.0246335,0.59,1,2348559,2348111,448
185139861,27.9753,30.9068,448,39119,0.0638534,0.51,1,2348593,2348145,448
185142781,32.1901,35.7627,444,39173,0.0435413,0.27,1,2348628,2348184,444
185145701,50.076,59.9051,430,39227,0.0594165,0.05,1,2348690,2348260,430
185148621,63.2304,70.162,425,39281,0.0657666,0.03,1,2348762,2348337,425
185151541,35.4922,38.2648,425,39335,0.0803066,0.01,1,2348779,2348354,425
185154461,33.9969,33.3059,428,39389,0.0381227,0.03,1,2348812,2348384,428
185157381,33.3987,33.7224,427,39443,0.0452491,0.15,1,2348845,2348418,427
185160301,25.3595,26.0889,426,39497,0.0480996,0.05,1,2348865,2348439,426
185163221,22.7438,24.8356,423,39550,0.0492399,0.05,1,2348886,2348463,423
185166141,24.0975,25.5342,422,39603,0.0976959,0.03,1,2348911,2348489,422
185169061,27.039,27.6137,422,39656,0.0810784,0,1,2348940,2348518,422
185171981,27.6156,27.8455,422,39709,0.0984313,0.03,1,2348968,2348546,422
185177821,29.7385,27.9753,425,39815,0.060149,0.03,1,2349018,2348593,425
185180741,31.0954,32.1901,422,39868,0.0660596,0.07,1,2349050,2348628,422
185183661,51.4382,50.076,425,39921,0.0684238,0.07,1,2349115,2348690,425
185186581,62.5753,63.2304,423,39974,0.0453695,0.09,1,2349185,2348762,423
185189501,35.8301,35.4922,424,40027,0.0481478,0.01,1,2349203,2348779,424
185192421,32.932,33.9969,422,40080,0.0732591,0.01,1,2349234,2348812,422
185195341,33.5728,13.5987,456,40133,0.0593036,0.05,1,2349268,2348812,456
185198261,24.8291,25.2395,442,40186,0.0897215,0.05,1,2349287,2348845,442
185221621,51.3211,31.0901,487,40603,0.212605,0.07,1,2349537,2349050,487
185224541,61.9284,51.436,491,40655,0.247042,0.03,1,2349606,2349115,491
185227461,35.5714,62.5744,439,40707,0.248817,0.05,1,2349624,2349185,439
185230381,34.0285,35.8298,454,40759,0.237527,0.09,1,2349657,2349203,454
185233301,34.6114,32.9319,458,40811,0.245011,0.05,1,2349692,2349234,458
185236221,26.4446,33.5728,445,40863,0.260004,0.11,1,2349713,2349268,445
185239141,23.1778,24.8291,447,40915,0.290002,0.11,1,2349734,2349287,447
185256661,31.3487,27.5068,463,41223,0.410649,0.19,1,2349902,2349439,463
185341341,55.2597,54.9421,451,42684,0.797173,0.61,2,2350866,2350415,451
185350101,35.5526,35.4363,452,42831,0.785179,0.69,2,2350991,2350539,452
185353021,37.021,35.1745,455,42880,0.788072,0.73,2,2351029,2350574,455
185355941,28.6084,27.2698,456,42929,0.777229,0.73,2,2351052,2350596,456
185358861,12.6434,12.1079,456,42978,0.796891,0.69,2,2351054,2350598,456
185361781,18.2573,18.0432,456,43027,0.792757,0.69,2,2351076,2350620,456
185382221,56.2329,33.1048,530,43370,0.916877,0.83,2,2351326,2350796,530
185385141,64.4932,55.2419,530,43419,0.936751,0.81,2,2351396,2350866,530
185538441,316.136,336.398,486,20440,0.934,1,2,2353081,2352595,486
185544281,157.982,135.064,541,20647,0.79864,0.94,2,2353308,2352767,541
185573481,72.7965,74.7457,450,21652,0.750803,0.57,2,2353974,2353524,450
185576401,35.7186,37.0983,449,21750,0.750321,0.57,2,2353985,2353536,449
185579321,20.2874,20.2393,450,21848,0.762129,0.53,2,2353995,2353545,450
185591001,81.8266,78.4797,458,22234,0.920422,0.77,2,2354363,2353905,458
185593921,74.1306,72.7919,458,22329,0.914169,0.75,2,2354432,2353974,458
185596841,37.4522,35.7168,460,22424,0.923668,0.77,2,2354445,2353985,460
185599761,20.9809,20.2867,460,22519,0.915467,0.77,2,2354455,2353995,460
185602681,56.9924,8.11468,541,22613,0.924187,0.83,2,2354536,2353995,541
185690281,41.9001,43.6461,486,25272,0.91768,1,2,2356447,2355961,486
185699041,51.2816,23.2414,528,25523,0.279772,1,1,2356657,2356129,528
185704881,62.2051,71.5186,532,25689,0.0579634,1,1,2356804,2356272,532
185707801,49.482,65.2074,512,25771,0.0411854,0.93,1,2356845,2356333,512
185710721,35.3928,49.483,499,25853,0.0344741,0.86,1,2356871,2356372,499
185713641,38.7571,38.3932,509,25935,0.0197897,0.93,1,2356912,2356403,509
185716561,80.3029,41.7573,573,26017,0.0139159,0.49,1,2357020,2356447,573
185719481,50.7211,94.7029,474,26098,0.0235663,0.35,1,2357051,2356577,474
185722401,41.2885,57.6812,476,26179,0.0154265,0.15,1,2357086,2356610,476
185725321,68.7154,51.2725,516,26260,0.0361706,0.03,1,2357173,2356657,516
185728241,59.2862,77.509,474,26341,0.0204682,0.01,1,2357226,2356752,474
185731161,48.3145,62.2036,463,26421,0.0381873,0.03,1,2357267,2356804,463
185734081,34.9258,49.4814,448,26501,0.0692749,0.03,1,2357293,2356845,448
185737001,38.5703,35.3926,463,26581,0.06971,0.01,1,2357334,2356871,463
185739921,80.2281,38.757,530,26661,0.033884,0.01,1,2357442,2356912,530
185742841,51.2912,80.3028,454,26740,0.0675536,0.03,1,2357474,2357020,454
185745761,40.9165,50.7211,457,26819,0.0690214,0.01,1,2357508,2357051,457
185748681,67.9666,41.2884,508,26898,0.0456086,0.05,1,2357594,2357086,508
185751601,28.3866,68.7154,423,26977,0.0362434,0.01,1,2357596,2357173,423
185754521,43.7547,59.2862,424,27056,0.0144974,0.05,1,2357650,2357226,424
185757441,43.3019,48.3145,426,27134,0.0117989,0.09,1,2357693,2357267,426
185760361,30.5207,34.9258,422,27212,0.0107196,0.07,1,2357715,2357293,422
185763281,37.4083,38.5703,423,27290,0.0342878,0.01,1,2357757,2357334,423
185766201,80.3633,80.2281,424,27368,0.0557151,0.09,1,2357866,2357442,424
185769121,51.3453,51.2912,424,27445,0.0642861,0.07,1,2357898,2357474,424
185772041,40.9381,40.9165,424,27522,0.0677144,0.03,1,2357932,2357508,424
185774961,67.3753,67.9666,423,27599,0.0810858,0.03,1,2358017,2357594,423
185777881,28.1501,28.3866,423,27676,0.0864343,0,1,2358019,2357596,423
185783721,43.024,43.3019,422,27829,0.0750295,0.01,1,2358115,2357693,422
185786641,30.4096,30.5207,422,27905,0.0600118,0.05,1,2358137,2357715,422
185789561,37.3638,37.4083,422,27981,0.0420047,0.07,1,2358179,2357757,422
185792481,81.5455,80.3633,424,28057,0.0348019,0.07,1,2358290,2357866,424
185795401,52.4182,51.3453,425,28132,0.0679208,0.07,1,2358323,2357898,425
185798321,40.1673,40.9381,423,28207,0.0571683,0.09,1,2358355,2357932,423
185818761,81.6688,36.9315,533,28728,0.210634,0.03,1,2358712,2358179,533
185827521,71.9708,40.1396,516,28949,0.239321,0.19,1,2358871,2358355,516
185830441,29.9883,68.8558,430,29022,0.257728,0.19,1,2358873,2358443,430
185833361,43.7953,28.7423,481,29095,0.253091,0.21,1,2358926,2358445,481
185836281,40.9181,41.4969,470,29168,0.239237,0.15,1,2358965,2358495,470
185839201,28.3673,41.1988,449,29241,0.269695,0.17,1,2358985,2358536,449
185842121,38.9469,29.6795,473,29313,0.281878,0.19,1,2359031,2358558,473
185865481,17.7735,40.9181,436,29886,0.403159,0.29,1,2359401,2358965,436
185868401,19.1094,28.3673,436,29957,0.443264,0.29,1,2359421,2358985,436
185920961,43.1092,42.708,450,31204,0.784129,0.57,2,2360291,2359841,450
185923881,18.4437,18.2832,450,31272,0.799652,0.63,2,2360293,2359843,450
185926801,20.5775,19.9133,451,31340,0.781861,0.63,2,2360315,2359864,451
185935561,54.741,79.9945,489,31542,0.915239,0.67,2,2360513,2360024,489
185938481,41.6964,52.9978,487,31609,0.948096,0.69,2,2360546,2360059,487
186064041,37.2914,40.9517,512,34370,0.9376,1,2,2362459,2361947,512
186069881,51.4466,69.1923,508,34493,0.918016,1,2,2362575,2362067,508
186075721,38.4715,52.8308,499,34615,0.930483,1,2,2362650,2362151,499
186099081,55.184,37.2911,542,35101,0.263072,1,1,2363001,2362459,542
186102001,49.6736,55.1164,521,35161,0.279229,0.88,1,2363047,2362526,521
186104921,39.0694,51.4466,504,35221,0.249692,0.99,1,2363079,2362575,504
186107841,35.4278,45.1786,496,35281,0.273877,0.91,1,2363112,2362616,496
186110761,36.3711,38.4715,499,35341,0.271551,0.75,1,2363149,2362650,499
186113681,24.7484,41.7886,472,35401,0.28262,0.65,1,2363166,2362694,472
186116601,30.8994,28.7154,487,35461,0.299048,0.69,1,2363201,2362714,487
186119521,33.9598,33.6862,486,35521,0.257619,0.55,1,2363237,2362751,486
186122441,47.7839,36.8745,504,35581,0.265048,0.45,1,2363294,2362790,504
186137041,46.936,49.6736,434,35876,0.420535,0.23,1,2363481,2363047,434
186139961,38.5744,39.0694,435,35935,0.438214,0.29,1,2363514,2363079,435
186142881,34.6298,35.4278,434,35994,0.445286,0.27,1,2363546,2363112,434
186145801,35.4519,36.3711,433,36053,0.448114,0.29,1,2363582,2363149,433
186148721,26.1808,24.7484,436,36112,0.425246,0.31,1,2363602,2363166,436
186215881,35.9252,34.52,484,37436,0.770332,0.55,2,2364472,2363988,484
186218801,26.3701,35.408,468,37492,0.782133,0.59,2,2364492,2364024,468
186221721,31.548,26.1632,483,37548,0.786853,0.55,2,2364527,2364044,483
186245081,41.4582,47.5815,491,37996,0.909909,0.67,2,2364859,2364368,491
186248001,38.7833,40.0326,493,38052,0.945963,0.79,2,2364896,2364403,493
186391081,39.7313,47.5352,512,40682,0.948928,1,2,2366718,2366206,512
186396921,31.077,29.6856,511,40786,0.949829,1,2,2366773,2366262,511
186399841,31.0308,32.2743,508,40838,0.925931,1,2,2366804,2366296,508
186423201,31.4654,38.8016,503,41249,0.75046,1,2,2367100,2366597,503
186443641,19.6738,28.0123,465,41606,0.750994,0.81,2,2367295,2366830,465
186446561,23.4695,28.0049,463,41657,0.786397,0.61,2,2367321,2366858,463
186452401,44.5551,47.6808,456,41759,0.794224,0.67,2,2367407,2366951,456
186455321,39.422,41.2723,455,41810,0.791689,0.73,2,2367443,2366988,455
186458241,43.3688,45.9089,452,41860,0.778676,0.73,2,2367489,2367037,452
186461161,43.7475,41.1636,458,41910,0.77347,0.77,2,2367533,2367075,458
186464081,33.099,31.4654,459,41960,0.795388,0.69,2,2367559,2367100,459
186490361,27.4929,27.3878,460,42410,0.900493,0.79,2,2367811,2367351,460
186493281,43.9971,44.5551,459,42460,0.906197,0.79,2,2367866,2367407,459
186496201,39.1989,39.422,459,42510,0.932479,0.77,2,2367902,2367443,459
186499121,45.0795,43.3688,462,42560,0.918992,0.77,2,2367951,2367489,462
186502041,43.2318,43.7475,460,42610,0.925597,0.81,2,2367993,2367533,460
186504961,34.0927,33.099,462,42660,0.928239,0.85,2,2368021,2367559,462
186513721,29.4939,29.7183,462,42807,0.943327,0.83,2,2368130,2367668,462
186650961,27.0316,19.9653,515,45065,0.936926,1,2,2369689,2369174,515
186656801,29.2851,31.1545,504,45159,0.931108,1,2,2369739,2369235,504
186665561,32.2342,35.9059,500,45300,0.795191,0.99,2,2369834,2369334,500
186718121,33.6676,36.239,490,46130,0.753456,0.65,2,2370398,2369908,490
186721041,45.867,37.2956,506,46176,0.799383,0.57,2,2370452,2369946,506
186744401,25.4419,18.1812,481,46540,0.901611,0.59,2,2370655,2370174,481
186747321,31.1767,25.8725,485,46585,0.930645,0.69,2,2370690,2370205,485
186750241,26.2707,28.349,478,46630,0.930258,0.67,2,2370713,2370235,478
186753161,30.9083,25.1396,489,46675,0.930103,0.71,2,2370747,2370258,489
187218901,189.972,217.986,471,24820,0.2404,1,1,2375925,2375454,471
187258321,101.789,112.994,471,24820,0.09616,1,1,2375968,2375497,471
187261241,80.9155,64.3977,506,24905,0.056464,0.77,1,2376035,2375529,506
187264161,63.5662,65.3591,492,24990,0.0525856,0.53,1,2376087,2375595,492
187267081,59.6265,75.9436,466,25075,0.0630342,0.29,1,2376144,2375678,466
187270001,65.2506,80.1775,452,25160,0.0672137,0.23,1,2376213,2375761,452
187272921,39.3002,50.671,443,25244,0.0448855,0.17,1,2376235,2375792,443
187275841,31.9201,35.8684,444,25328,0.0839542,0.31,1,2376262,2375818,444
187284601,86.8349,64.9356,491,25578,0.0862531,0.03,1,2376459,2375968,491
187313801,61.3694,64.7301,485,26396,0.226754,0.19,1,2376994,2376509,485
187316721,67.7478,59.492,501,26476,0.276702,0.17,1,2377066,2376565,501
187322561,35.0796,39.3987,461,26636,0.297472,0.17,1,2377119,2376658,461
187325481,26.0319,34.3595,450,26716,0.292989,0.19,1,2377139,2376689,450
187343001,66.0792,67.7478,437,27188,0.410961,0.33,1,2377503,2377066,437
187345921,39.6317,39.6991,438,27266,0.446384,0.29,1,2377525,2377087,438
187401401,35.244,38.4744,480,28706,0.756881,0.59,2,2378448,2377968,480
187404321,26.0976,34.5897,468,28780,0.788753,0.59,2,2378468,2378000,468
187413081,37.2382,88.0137,454,29000,0.9056,0.65,2,2378654,2378200,454
187416001,47.8953,36.4055,507,29073,0.90824,0.67,2,2378709,2378202,507
187418921,59.9581,46.9622,521,29146,0.933296,0.73,2,2378777,2378256,521
187509441,42.5243,44.3859,488,31319,0.946,1,2,2380291,2379803,488
187579521,26.7805,28.372,453,32902,0.779732,0.65,2,2381291,2380838,453
187582441,37.7122,37.7488,454,32966,0.785893,0.69,2,2381336,2380882,454
187594121,55.6806,56.3248,456,33222,0.939079,0.73,2,2381592,2381136,456
187722601,41.8937,43.6038,488,35915,0.9448,1,2,2383422,2382934,488
187748881,22.6206,34.3391,482,36441,0.255454,1,1,2383735,2383253,482
187769321,31.101,34.4181,445,36846,0.0858413,0.39,1,2384039,2383594,445
187783921,20.2298,22.6206,429,37131,0.228965,0.05,1,2384164,2383735,429
187786841,54.8919,58.8482,424,37188,0.229586,0.05,1,2384242,2383818,424
187789761,48.9568,23.5393,469,37245,0.265834,0.11,1,2384287,2383818,469
187792681,33.9827,34.6157,451,37302,0.280334,0.15,1,2384311,2383860,451
187795601,43.5931,30.0463,474,37359,0.286134,0.15,1,2384361,2383887,474
187798521,40.8372,40.8185,465,37416,0.276453,0.11,1,2384400,2383935,465
187827721,34.7028,48.9565,459,37976,0.411752,0.29,1,2384746,2384287,459
187830641,43.8811,33.9826,485,38032,0.422701,0.29,1,2384796,2384311,485
187833561,40.9524,43.593,474,38088,0.41508,0.27,1,2384835,2384361,474
187839401,31.8724,40.3349,463,38198,0.442013,0.39,1,2384903,2384440,463
187842321,30.149,31.134,467,38253,0.446805,0.35,1,2384932,2384465,467
187845241,26.4596,29.2536,463,38308,0.448722,0.35,1,2384956,2384493,463
187886121,31.0203,29.7838,446,39073,0.769056,0.51,2,2385434,2384988,446
187906561,39.9086,39.4673,452,39451,0.903366,0.63,2,2385691,2385239,452
187909481,41.7634,40.3869,454,39505,0.919347,0.65,2,2385734,2385280,454
187912401,41.9054,41.3548,454,39558,0.901739,0.67,2,2385776,2385322,454
187915321,31.7622,30.9419,455,39611,0.906695,0.71,2,2385801,2385346,455
187918241,32.5049,30.3768,458,39664,0.908678,0.77,2,2385834,2385376,458
187921161,27.4019,26.5507,458,39717,0.909471,0.79,2,2385858,2385400,458
187924081,33.1608,31.0203,461,39770,0.945789,0.85,2,2385895,2385434,461
187927001,33.0643,31.6081,462,39823,0.936315,0.87,2,2385928,2385466,462
187929921,22.2257,21.0432,463,39876,0.920526,0.85,2,2385943,2385480,463
188093441,45.8037,54.3354,495,42741,0.928,1,2,2388003,2387508,495
188096361,38.1215,42.1342,494,42790,0.9412,1,2,2388036,2387542,494
188105121,31.9838,34.7606,500,42937,0.924957,1,2,2388133,2387633,500
188110961,34.0374,14.6817,530,43035,0.799593,1,2,2388201,2387671,530
188131401,49.4792,36.487,540,43378,0.227109,1,1,2388435,2387895,540
188137241,36.4767,45.7979,503,43476,0.0903374,0.95,1,2388506,2388003,503
188140161,34.3907,38.1192,503,43525,0.0661349,0.87,1,2388539,2388036,503
188143081,30.5563,35.6477,497,43573,0.044454,0.88,1,2388567,2388070,497
188146001,32.0225,33.4591,498,43621,0.0477816,0.95,1,2388600,2388102,498
188148921,29.609,31.9836,495,43669,0.0251126,0.79,1,2388628,2388133,495
188151841,28.6436,32.5935,490,43717,0.0400451,0.77,1,2388656,2388166,490
188154761,27.6574,34.0374,482,43765,0.034018,0.63,1,2388683,2388201,482
188157681,26.663,32.215,477,43813,0.0556072,0.51,1,2388709,2388232,477
188160601,17.2652,31.486,457,43861,0.0642429,0.53,1,2388720,2388263,457
188163521,23.1061,21.5944,469,43909,0.0556972,0.39,1,2388747,2388278,469
188166441,26.6424,27.2378,467,43957,0.0402789,0.35,1,2388776,2388309,467
188169361,30.457,29.4951,469,44005,0.0461115,0.31,1,2388809,2388340,469
188172281,44.5828,32.198,489,44053,0.0844446,0.15,1,2388863,2388374,489
188178121,33.2932,43.1917,453,44149,0.0987111,0.07,1,2388927,2388474,453
188181041,33.1173,36.4767,454,44197,0.0574845,0.05,1,2388960,2388506,454
188183961,30.0469,34.3907,449,44245,0.0409938,0.03,1,2388988,2388539,449
188186881,32.4188,30.5563,455,44293,0.0163975,0.05,1,2389022,2388567,455
188189801,30.3675,32.0225,451,44341,0.060559,0.01,1,2389051,2388600,451
188207321,20.9984,23.1061,422,44625,0.201704,0.03,1,2389169,2388747,422
188219001,37.8864,38.2331,426,44813,0.2143,0.09,1,2389323,2388897,426
188221921,33.1545,33.2932,426,44860,0.23572,0.03,1,2389353,2388927,426
188224841,31.8618,33.1173,424,44907,0.232288,0.03,1,2389384,2388960,424
188227761,28.9447,30.0469,423,44954,0.206915,0,1,2389411,2388988,423
188248201,14.8557,14.9961,428,45283,0.20225,0.23,1,2389572,2389144,428
188251121,22.7423,20.9984,431,45330,0.2069,0.19,1,2389600,2389169,431
188254041,27.0969,27.5994,429,45377,0.20876,0.19,1,2389630,2389201,429
188256961,33.0388,32.0397,431,45423,0.233504,0.19,1,2389667,2389236,431
188259881,44.4155,45.2159,429,45469,0.243402,0.23,1,2389719,2389290,429
188262801,39.3662,37.8864,432,45515,0.271361,0.25,1,2389755,2389323,432
188265721,33.7465,33.1545,432,45561,0.294544,0.23,1,2389785,2389353,432
188292001,15.6807,8.25565,442,45975,0.405938,0.21,1,2390003,2389561,442
188294921,23.0723,9.90226,459,46021,0.420375,0.21,1,2390031,2389572,459
188297841,27.8289,20.7609,462,46067,0.42615,0.21,1,2390062,2389600,462
188382521,23.4525,16.5877,479,47378,0.773674,0.61,2,2390924,2390445,479
188385441,10.581,23.4351,453,47422,0.78347,0.63,2,2390926,2390473,453
188388361,24.6324,29.774,453,47466,0.787388,0.65,2,2390960,2390507,453
188405881,31.4336,30.3291,456,47730,0.914209,0.71,2,2391185,2390729,456
188408801,32.3734,31.3316,457,47774,0.935684,0.71,2,2391218,2390761,457
188632181,85.4684,90.9945,497,23631,0.445168,0.69,1,2393592,2393095,497
188635101,74.9874,77.1978,497,23721,0.412067,0.69,1,2393660,2393163,497
188640941,58.918,61.0716,479,23899,0.412731,0.55,1,2393773,2393294,479
188643861,45.1672,54.4287,465,23988,0.435092,0.55,1,2393809,2393344,465
188646781,31.2669,38.5715,459,24076,0.444037,0.47,1,2393831,2393372,459
188667221,46.3312,44.7259,444,24685,0.756739,0.45,2,2394253,2393809,444
188670141,31.7325,31.0903,444,24771,0.788695,0.51,2,2394275,2393831,444
188675981,64.9572,62.0945,451,24942,0.782591,0.63,2,2394415,2393964,451
188678901,68.5829,66.2378,453,25027,0.775036,0.69,2,2394486,2394033,453
188681821,68.8332,67.2951,454,25112,0.796015,0.71,2,2394555,2394101,454
188690581,48.0133,46.3309,460,25364,0.799025,0.81,2,2394713,2394253,460
188693501,32.4053,31.7324,460,25448,0.79361,0.81,2,2394735,2394275,460
188708101,65.0608,68.3457,523,25861,0.909403,0.83,2,2395078,2394555,523
188816141,50.3824,66.0226,513,28735,0.763635,1,2,2397093,2396580,513
188839501,58.6135,47.1395,537,29319,0.442252,0.75,1,2397510,2396973,537
188842421,43.8454,67.4558,490,29391,0.434901,0.71,1,2397544,2397054,490
188845341,50.5382,50.3823,506,29463,0.43196,0.59,1,2397599,2397093,506
188874541,49.3747,50.5382,444,30173,0.783649,0.51,2,2398043,2397599,444
188889141,63.2205,60.9389,454,30522,0.916789,0.65,2,2398304,2397850,454
188892061,26.4882,25.5756,454,30591,0.924716,0.69,2,2398306,2397852,454
188894981,32.1953,31.2302,455,30660,0.939886,0.73,2,2398342,2397887,455
189055581,34.426,30.8532,492,34249,0.421552,1,1,2400869,2400377,492
189058501,30.5704,12.3413,520,34311,0.414621,1,1,2400897,2400377,520
189064341,47.2513,36.7746,529,34435,0.283539,1,1,2400994,2400465,529
189067261,42.9005,50.1098,510,34496,0.215416,1,1,2401034,2400524,510
189081861,37.6307,38.7691,490,34801,0.0941259,0.47,1,2401246,2400756,490
189102301,42.7908,42.9005,472,35224,0.207104,0.15,1,2401506,2401034,472
189105221,53.7163,44.7602,487,35284,0.208842,0.09,1,2401567,2401080,487
189108141,45.4865,55.1041,465,35344,0.209537,0.11,1,2401607,2401142,465
189111061,31.9946,45.4416,449,35404,0.233815,0.09,1,2401630,2401181,449
189113981,38.5978,32.5767,468,35464,0.267526,0.09,1,2401673,2401205,468
189116901,36.4391,37.6307,462,35524,0.28101,0.17,1,2401708,2401246,462
189131501,40.6336,43.9425,430,35820,0.435694,0.17,1,2401856,2401426,430
189134421,38.4534,37.977,433,35879,0.444277,0.23,1,2401893,2401460,433
189178221,47.7591,45.565,451,36754,0.786273,0.61,2,2402490,2402039,451
189233701,35.7937,12.6483,514,37830,0.900609,0.85,2,2403170,2402656,514
189236621,43.1175,35.6593,511,37886,0.918244,0.87,2,2403218,2402707,511
189239541,40.647,41.8637,504,37942,0.925297,0.89,2,2403257,2402753,504
189242461,43.8588,40.1455,511,37998,0.940119,0.89,2,2403303,2402792,511
189385541,30.5356,25.9383,537,40632,0.916,1,2,2405145,2404608,537
189391381,32.6057,34.8701,520,40736,0.90376,1,2,2405205,2404685,520
189394301,48.4423,45.1481,527,40788,0.799504,1,2,2405264,2404737,527
189411821,36.9361,34.4903,513,41098,0.420297,1,1,2405469,2404956,513
189420581,39.1559,40.8474,508,41251,0.426019,1,1,2405592,2405084,508
189435181,34.3024,48.4423,482,41506,0.429786,0.67,1,2405746,2405264,482
189438101,14.921,37.9769,453,41557,0.441915,0.61,1,2405748,2405295,453
189484821,25.2417,25.3074,445,42362,0.767241,0.57,2,2406251,2405806,445
189487741,33.4967,32.9229,446,42412,0.780896,0.57,2,2406290,2405844,446
189490661,34.3987,32.9692,448,42462,0.774358,0.55,2,2406325,2405877,448
189493581,34.7595,32.9877,450,42512,0.795743,0.63,2,2406360,2405910,450
189511101,32.9062,30.6992,459,42809,0.916786,0.73,2,2406568,2406109,459
189741781,315.712,347.266,468,20440,0.408419,0.71,1,2409163,2408695,468
189753461,83.4806,71.9092,484,21568,0.0507275,0.03,1,2409439,2408955,484
189756381,78.9923,79.7637,475,21666,0.026291,0.01,1,2409515,2409040,475
189759301,53.1969,85.3055,422,21764,0.0405164,0,1,2409551,2409129,422
189762221,42.2788,43.1222,442,21861,0.0582066,0.03,1,2409586,2409144,442
189765141,60.1115,71.2489,424,21958,0.0772826,0.07,1,2409658,2409234,424
189773901,74.3831,77.2319,422,22247,0.0738261,0.01,1,2409861,2409439,422
189776821,75.3533,76.4928,422,22342,0.0355304,0.05,1,2409937,2409515,422
189779741,53.5413,52.1971,425,22437,0.0442122,0.07,1,2409976,2409551,425
189782661,41.2165,41.8788,423,22532,0.0956849,0.07,1,2410009,2409586,423
189785581,59.6866,16.7515,495,22626,0.092274,0.09,1,2410081,2409586,495
189788501,64.6746,49.9006,491,22720,0.0789096,0.13,1,2410149,2409658,491
189791421,58.2699,59.5602,479,22813,0.0855638,0.21,1,2410203,2409724,479
189794341,70.7079,53.8241,508,22906,0.0882255,0.01,1,2410282,2409774,508
189797261,73.8832,73.7296,497,22999,0.0532902,0.01,1,2410358,2409861,497
189800181,54.7533,75.0919,463,23091,0.0633161,0.05,1,2410400,2409937,463
189803101,42.3013,53.4367,458,23183,0.0433264,0.13,1,2410434,2409976,458
189806021,60.1205,41.1747,497,23274,0.0473306,0.09,1,2410506,2410009,497
189820621,54.0608,73.8827,464,23726,0.0802319,0.07,1,2410822,2410358,464
189823541,42.6243,54.7531,457,23815,0.0500927,0.03,1,2410857,2410400,457
189826461,60.8497,42.3012,496,23904,0.0860371,0.05,1,2410930,2410434,496
189841061,66.9562,72.1519,424,24344,0.236283,0.05,1,2411204,2410780,424
189843981,51.9825,54.0608,424,24431,0.208513,0.03,1,2411246,2410822,424
189846901,41.193,42.6243,423,24518,0.233405,0.11,1,2411280,2410857,423
189849821,62.6772,60.8497,427,24604,0.231362,0.11,1,2411357,2410930,427
189852741,26.2709,25.5399,427,24690,0.230545,0.13,1,2411359,2410932,427
189855661,52.5084,52.816,426,24776,0.266218,0.17,1,2411429,2411003,426
189864421,67.4885,66.9562,431,25032,0.426718,0.19,1,2411635,2411204,431
189867341,52.1954,51.9825,431,25117,0.440687,0.25,1,2411677,2411246,431
189914061,53.3435,69.8311,492,26434,0.767289,0.59,2,2412570,2412078,492
189940341,47.6567,53.3435,462,27146,0.949492,0.83,2,2413032,2412570,462
190086341,36.8017,38.4273,448,30802,0.764163,0.53,2,2415535,2415087,448
190089261,36.3207,34.5709,452,30871,0.779665,0.63,2,2415571,2415119,452
190092181,57.1283,55.8284,453,30940,0.797866,0.57,2,2415642,2415189,453
190098021,42.9805,42.5325,451,31076,0.923259,0.63,2,2415747,2415296,451
190103861,51.6369,48.5652,456,31212,0.938521,0.71,2,2415842,2415386,456
190106781,32.6548,32.0261,455,31280,0.933409,0.71,2,2415862,2415407,455
190109701,34.0619,12.8104,490,31348,0.919363,0.69,2,2415897,2415407,490
190112621,55.6248,27.3242,523,31415,0.913745,0.75,2,2415967,2415444,523
190115541,37.8499,49.9297,484,31482,0.947498,0.79,2,2415993,2415509,484
190238181,46.719,41.5811,499,34189,0.91,1,2,2417924,2417425,499
190252781,41.6864,69.9,509,34498,0.44824,1,1,2418132,2417623,509
190258621,49.6298,40.704,538,34620,0.221718,1,1,2418227,2417689,538
190264461,35.4208,41.0726,510,34742,0.0942749,1,1,2418292,2417782,510
190267381,52.5683,36.2291,541,34803,0.05571,1,1,2418356,2417815,541
190270301,41.4273,55.2916,507,34864,0.040284,0.85,1,2418390,2417883,507
190273221,35.1709,46.7166,497,34925,0.0461136,0.76,1,2418421,2417924,497
190276141,29.6684,39.6867,488,34986,0.0364454,0.67,1,2418447,2417959,488
190279061,27.4673,34.4747,483,35046,0.0565782,0.67,1,2418473,2417990,483
190281981,54.1869,31.7899,525,35106,0.0526313,0.43,1,2418545,2418020,525
190287821,33.3899,41.6864,465,35226,0.074421,0.25,1,2418597,2418132,465
190290741,45.756,40.0746,480,35286,0.0477684,0.15,1,2418651,2418171,480
190293661,38.7024,49.6298,458,35346,0.0611074,0.07,1,2418685,2418227,458
190296581,32.281,39.0519,454,35406,0.0664429,0.07,1,2418713,2418259,454
190299501,52.5124,35.4208,487,35466,0.0325772,0.03,1,2418779,2418292,487
190302421,41.405,52.5683,457,35526,0.0670309,0.03,1,2418813,2418356,457
190305341,35.762,41.4273,455,35586,0.0448123,0.05,1,2418845,2418390,455
190308261,28.7048,35.1709,448,35645,0.0599249,0.03,1,2418869,2418421,448
190311181,12.6819,29.6684,424,35704,0.06597,0.07,1,2418871,2418447,424
190314101,21.2728,27.4673,425,35763,0.056388,0.05,1,2418898,2418473,425
190317021,52.9091,54.1869,427,35822,0.0645552,0.15,1,2418972,2418545,427
190319941,30.7636,32.4748,425,35881,0.0678221,0.05,1,2418988,2418563,425
190322861,32.1055,33.3899,424,35940,0.0811288,0.03,1,2419021,2418597,424
190325781,44.0422,45.756,422,35999,0.0864515,0.07,1,2419073,2418651,422
190328701,38.6169,38.7024,423,36058,0.0525806,0.07,1,2419108,2418685,423
190331621,34.6467,32.281,427,36117,0.0630322,0.01,1,2419140,2418713,427
190334541,51.6587,52.5124,424,36176,0.0432129,0.09,1,2419203,2418779,424
190337461,41.0635,41.405,424,36234,0.0832852,0.03,1,2419237,2418813,424
190340381,36.2254,35.762,425,36292,0.0873141,0.07,1,2419270,2418845,425
190360821,43.9181,44.0422,424,36698,0.201758,0.03,1,2419497,2419073,424
190363741,37.3673,38.6169,422,36756,0.218703,0.07,1,2419530,2419108,422
190372501,42.2795,41.0635,425,36927,0.225917,0.09,1,2419662,2419237,425
190375421,37.9118,36.2254,427,36984,0.240367,0.11,1,2419697,2419270,427
190378341,29.5647,28.8902,427,37041,0.258147,0.11,1,2419721,2419294,427
190381261,13.0259,12.7561,427,37098,0.265259,0.13,1,2419723,2419296,427
190384181,20.8104,21.3024,426,37155,0.268103,0.13,1,2419749,2419323,426
190387101,52.1241,8.52097,499,37212,0.269241,0.13,1,2419822,2419323,499
190390021,32.2497,46.6084,446,37269,0.269697,0.13,1,2419841,2419395,446
190392941,33.2999,29.4434,462,37326,0.269879,0.23,1,2419875,2419413,462
190395861,45.1199,30.9773,483,37383,0.281951,0.21,1,2419928,2419445,483
190398781,37.248,43.5909,463,37440,0.286781,0.23,1,2419960,2419497,463
190401701,34.0992,37.2364,462,37496,0.288712,0.17,1,2419992,2419530,462
190416301,13.313,29.5634,434,37776,0.403536,0.27,1,2420155,2419721,434
190419221,20.9252,13.0254,458,37832,0.419414,0.27,1,2420181,2419723,458
190460101,34.2818,53.9701,465,38607,0.760454,0.49,2,2420722,2420257,465
190463021,14.9127,33.588,447,38662,0.766182,0.51,2,2420724,2420277,447
190465941,26.3651,32.6352,449,38717,0.780473,0.57,2,2420758,2420309,449
190468861,44.146,45.4541,451,38772,0.774189,0.61,2,2420814,2420363,451
190471781,37.4584,37.3816,452,38826,0.783676,0.61,2,2420847,2420395,452
190474701,34.1834,34.1527,452,38880,0.78747,0.63,2,2420879,2420427,452
190477621,55.6733,54.4611,454,38934,0.788988,0.65,2,2420949,2420495,454
190486381,31.6911,31.1335,456,39096,0.784655,0.69,2,2421050,2420594,456
190489301,13.8764,13.6534,456,39150,0.775862,0.73,2,2421052,2420596,456
190492221,23.5506,22.2614,458,39204,0.784345,0.77,2,2421082,2420624,458
190506821,44.3484,44.146,460,39474,0.905718,0.79,2,2421274,2420814,460
190509741,38.1393,37.4584,461,39528,0.944287,0.79,2,2421308,2420847,461
190658661,34.8579,20.9918,527,42164,0.919312,1,2,2423149,2422622,527
190667421,36.5029,32.4715,514,42314,0.760836,1,2,2423254,2422740,514
190682021,32.6519,31.6679,494,42564,0.242309,1,1,2423430,2422936,494
190690781,44.2337,45.1547,495,42713,0.0536678,1,1,2423542,2423047,495
190693701,33.8935,40.8619,484,42762,0.0274671,1,1,2423569,2423085,484
190696621,23.7574,33.1448,473,42811,0.0889868,0.87,1,2423586,2423113,473
190699541,29.303,34.8579,470,42860,0.0535947,1,1,2423619,2423149,470
190702461,26.7212,27.1432,473,42909,0.0394379,0.8,1,2423644,2423171,473
190705381,32.2885,40.2573,460,42958,0.0337752,0.69,1,2423680,2423220,460
190708301,29.1154,36.5029,453,43007,0.0435101,0.69,1,2423707,2423254,453
190711221,21.8462,14.6012,470,43056,0.071404,0.69,1,2423724,2423254,470
190714141,33.3385,16.6405,493,43105,0.0705616,0.55,1,2423765,2423272,493
190719981,38.3342,35.4225,482,43203,0.0964899,0.29,1,2423838,2423356,482
190722901,26.7337,43.569,452,43252,0.0925959,0.15,1,2423857,2423405,452
190725821,28.6935,32.4276,457,43301,0.0790384,0.11,1,2423887,2423430,457
190728741,25.8774,33.371,447,43350,0.0976154,0.09,1,2423911,2423464,447
190731661,42.151,26.5484,478,43399,0.0690461,0.01,1,2423964,2423486,478
190734581,34.8604,44.2194,452,43448,0.0696185,0.01,1,2423994,2423542,452
190737501,21.7442,33.8877,438,43497,0.0938474,0.13,1,2424007,2423569,438
190740421,28.4977,23.7551,454,43546,0.067539,0.03,1,2424040,2423586,454
190743341,27.5991,29.302,448,43594,0.0450156,0.03,1,2424067,2423619,448
190746261,31.4396,26.7208,457,43642,0.0480062,0.03,1,2424101,2423644,457
190749181,29.3759,32.2883,449,43690,0.0612025,0.05,1,2424129,2423680,449
190763781,26.023,38.3342,442,43930,0.225219,0.09,1,2424280,2423838,442
190766701,29.0092,26.7337,454,43978,0.264087,0.07,1,2424311,2423857,454
190769621,26.0037,28.6935,448,44026,0.279635,0.11,1,2424335,2423887,448
190792981,24.5715,29.3759,447,44410,0.412904,0.15,1,2424576,2424129,447
190795901,35.6286,23.1503,471,44457,0.435162,0.17,1,2424619,2424148,471
190798821,15.4514,33.8601,432,44504,0.444065,0.21,1,2424621,2424189,432
190801741,24.7806,32.1441,432,44551,0.435626,0.19,1,2424652,2424220,432
190804661,35.7122,38.0576,433,44598,0.44425,0.25,1,2424695,2424262,433
190828021,27.6747,26.9293,439,44974,0.43833,0.37,1,2424930,2424491,439
190830941,31.4699,30.5717,440,45021,0.433332,0.41,1,2424964,2424524,440
190833861,33.5879,31.4287,443,45068,0.431333,0.43,1,2424999,2424556,443
190909781,24.1762,33.9256,466,46271,0.752214,0.61,2,2425764,2425298,466
190912701,28.8705,22.5702,483,46317,0.762886,0.65,2,2425796,2425313,483
190915621,27.7482,28.2281,478,46363,0.791154,0.67,2,2425823,2425345,478
190918541,32.0993,26.8912,487,46408,0.790462,0.67,2,2425858,2425371,487
190938981,27.0221,36.1268,475,46723,0.94189,0.67,2,2426058,2425583,475
191120021,31.5782,36.8298,507,49443,0.945631,1,2,2427955,2427448,507
191184261,105.71,103.402,452,22724,0.0742701,0.15,1,2428695,2428243,452
191187181,71.0839,67.7609,456,22817,0.035708,0.05,1,2428743,2428287,456
191190101,72.8336,70.9044,457,22910,0.0202832,0.09,1,2428817,2428360,457
191193021,66.3334,65.5617,457,23003,0.0141133,0.09,1,2428879,2428422,457
191195941,57.1334,75.4247,426,23095,0.0476453,0.07,1,2428930,2428504,426
191198861,43.8533,43.3699,439,23187,0.0850581,0.07,1,2428965,2428526,439
191204701,76.2565,62.9792,482,23369,0.0628093,0.03,1,2429117,2428635,482
191207621,59.9026,61.1917,471,23460,0.0431237,0.01,1,2429166,2428695,471
191210541,68.361,53.2767,497,23550,0.0352495,0.01,1,2429240,2428743,497
191213461,64.5444,65.7107,485,23640,0.0200998,0.01,1,2429302,2428817,485
191216381,55.8178,63.4843,473,23730,0.0260399,0.07,1,2429352,2428879,473
191219301,45.7271,55.9937,461,23819,0.040416,0.11,1,2429391,2428930,461
191222221,55.4908,43.3975,488,23908,0.0581664,0.13,1,2429453,2428965,488
191225141,23.3963,53.959,429,23997,0.0652666,0.03,1,2429455,2429026,429
191233901,66.4174,68.3494,424,24261,0.0576971,0.01,1,2429664,2429240,424
191236821,62.5669,64.5397,422,24348,0.0650788,0.03,1,2429724,2429302,422
191239741,56.2268,55.8159,424,24435,0.0440315,0.05,1,2429776,2429352,424
191242661,45.8907,45.7264,424,24522,0.0356126,0.07,1,2429815,2429391,424
191254341,53.106,53.5434,426,24866,0.204,0.01,1,2430015,2429589,426
191257261,63.8424,66.4174,422,24951,0.2196,0.07,1,2430086,2429664,422
191260181,62.137,62.5669,423,25036,0.23784,0.03,1,2430147,2429724,423
191263101,56.0548,56.2268,423,25121,0.245136,0.03,1,2430199,2429776,423
191266021,45.8219,45.8907,423,25205,0.272054,0.17,1,2430238,2429815,423
191298141,65.7002,25.2703,530,26115,0.427744,0.37,1,2430840,2430310,530
191301061,54.4801,64.1081,487,26196,0.429098,0.39,1,2430887,2430400,487
191344861,26.896,26.9999,450,27384,0.755621,0.59,2,2431639,2431189,450
191353621,67.1213,65.592,454,27615,0.91548,0.63,2,2431856,2431402,454
191356541,28.0485,27.4368,454,27692,0.936192,0.73,2,2431858,2431404,454
191490861,75.6816,76.8241,478,31012,0.934,1,2,2434252,2433774,478
191496701,50.3891,37.3719,512,31148,0.79144,1,2,2434350,2433838,512
191514221,51.5773,38.7326,541,31553,0.0725268,1,1,2434591,2434050,541
191517141,45.8309,56.893,514,31620,0.0590107,1,1,2434633,2434119,514
191520061,71.7324,44.9572,566,31687,0.0416043,0.89,1,2434722,2434156,566
191522981,56.2929,75.5829,516,31754,0.0226417,0.85,1,2434768,2434252,516
191525901,44.1172,64.4332,495,31821,0.0270567,0.73,1,2434804,2434309,495
191528821,35.0469,50.3733,483,31887,0.0408227,0.63,1,2434833,2434350,483
191531741,30.2187,41.7493,474,31953,0.0463291,0.49,1,2434860,2434386,474
191534661,28.2875,38.2997,465,32019,0.0365316,0.37,1,2434887,2434422,465
191537581,28.715,34.5199,462,32085,0.0686127,0.23,1,2434916,2434454,462
191540501,32.486,36.608,459,32151,0.0694451,0.09,1,2434951,2434492,459
191543421,49.5944,37.4432,482,32217,0.027778,0,1,2435012,2434530,482
191546341,46.2378,51.5773,465,32283,0.0171112,0.05,1,2435056,2434591,465
191549261,71.2951,45.8309,511,32349,0.0368445,0.03,1,2435144,2434633,511
191552181,55.518,71.7324,467,32414,0.0147378,0.01,1,2435189,2434722,467
191555101,46.2072,56.2929,461,32479,0.0238951,0.03,1,2435229,2434768,461
191558021,35.8829,44.1172,454,32544,0.0515581,0.05,1,2435258,2434804,454
191560941,28.1532,35.0469,448,32609,0.0746232,0.05,1,2435281,2434833,448
191563861,28.0613,30.2187,449,32674,0.0838493,0.03,1,2435309,2434860,449
191566781,29.8245,28.2875,453,32739,0.0875397,0.09,1,2435340,2434887,453
191569701,13.1298,28.715,426,32804,0.0890159,0.07,1,2435342,2434916,426
191572621,23.8519,32.486,422,32868,0.0896064,0,1,2435373,2434951,422
191575541,46.7408,49.5944,423,32932,0.0358425,0.01,1,2435435,2435012,423
191578461,45.0963,46.2378,423,32996,0.032337,0.05,1,2435479,2435056,423
191581381,71.4385,71.2951,424,33060,0.0129348,0,1,2435568,2435144,424
191584301,55.5754,55.518,424,33124,0.0111739,0.03,1,2435613,2435189,424
191587221,46.8302,46.2072,425,33188,0.00446957,0.07,1,2435654,2435229,425
191590141,36.1321,35.8829,425,33252,0.0797878,0.09,1,2435683,2435258,425
191610581,44.416,45.0963,423,33694,0.0555861,0,1,2435902,2435479,423
191613501,70.5664,71.4385,422,33757,0.0222344,0.01,1,2435990,2435568,422
191616421,55.2266,55.5754,422,33820,0.00889377,0,1,2436035,2435613,422
191619341,47.8906,46.8302,424,33883,0.00955751,0.13,1,2436078,2435654,424
191622261,38.3563,36.1321,427,33945,0.033823,0.15,1,2436110,2435683,427
191625181,30.3425,28.8528,428,34007,0.0675292,0.13,1,2436135,2435707,428
191628101,26.537,25.9411,428,34069,0.0690117,0.15,1,2436159,2435731,428
191631021,32.8148,31.3765,430,34131,0.0816047,0.21,1,2436196,2435766,430
191633941,14.3259,13.7506,430,34193,0.0626419,0.17,1,2436198,2435768,430
191636861,24.3304,24.1002,430,34255,0.0910567,0.17,1,2436229,2435799,430
191639781,40.9321,9.64009,482,34317,0.0904227,0.09,1,2436281,2435799,482
191642701,41.5729,39.256,465,34379,0.0421691,0.01,1,2436323,2435858,465
191645621,69.4291,42.1024,509,34441,0.0168676,0,1,2436411,2435902,509
191648541,54.7717,69.641,466,34502,0.0127471,0,1,2436456,2435990,466
191651461,47.7087,54.8564,464,34563,0.0110988,0.01,1,2436499,2436035,464
191654381,39.4835,47.7426,455,34624,0.0224395,0.05,1,2436533,2436078,455
191657301,31.3934,38.297,449,34685,0.0149758,0.09,1,2436559,2436110,449
191660221,26.9574,30.3188,448,34746,0.0359903,0.07,1,2436583,2436135,448
191663141,32.3829,26.5275,460,34807,0.0803961,0.09,1,2436619,2436159,460
191666061,14.1532,32.811,425,34868,0.0981585,0.05,1,2436621,2436196,425
191674821,39.7378,40.9319,464,35050,0.273882,0.01,1,2436745,2436281,464
191677741,68.6951,41.5728,510,35110,0.211553,0,1,2436833,2436323,510
191683581,47.9512,54.7716,465,35230,0.0734484,0.01,1,2436921,2436456,465
191686501,39.5805,47.7087,456,35290,0.0473794,0.03,1,2436955,2436499,456
191689421,32.0322,39.4835,449,35350,0.0369518,0.01,1,2436982,2436533,449
191692341,27.8129,31.3934,448,35410,0.0567807,0.05,1,2437007,2436559,448
191695261,35.1252,26.9574,464,35470,0.0647123,0.11,1,2437047,2436583,464
191698181,15.2501,32.3829,430,35530,0.0678849,0.11,1,2437049,2436619,430
191701101,25.9,14.1532,461,35589,0.045154,0.15,1,2437082,2436621,461
191704021,45.76,24.8613,488,35648,0.0480616,0.23,1,2437141,2436653,488
191706941,19.504,42.3445,436,35707,0.0492246,0.33,1,2437143,2436707,436
191709861,30.6016,39.7378,436,35766,0.0496899,0.17,1,2437181,2436745,436
191712781,60.8406,68.6951,429,35825,0.0978759,0.09,1,2437262,2436833,429
191718621,44.8945,47.9512,423,35943,0.0696601,0.03,1,2437344,2436921,423
191721541,38.3578,39.5805,423,36002,0.0338641,0.03,1,2437378,2436955,423
191724461,32.1431,32.0322,424,36061,0.0315456,0.07,1,2437406,2436982,424
191727381,28.4572,27.8129,425,36120,0.0186182,0.07,1,2437432,2437007,425
191730301,34.1829,35.1252,423,36179,0.0254473,0.07,1,2437470,2437047,423
191733221,14.8732,15.2501,423,36237,0.0521789,0.03,1,2437472,2437049,423
191736141,26.9493,25.9,425,36295,0.0628716,0.05,1,2437507,2437082,425
191750741,48.6676,47.7363,427,36585,0.234663,0.03,1,2437728,2437301,427
191753661,42.2671,44.8945,422,36643,0.267865,0.01,1,2437766,2437344,422
191756581,37.3068,38.3578,422,36701,0.257146,0.03,1,2437800,2437378,422
191759501,31.7227,32.1431,422,36759,0.252858,0.01,1,2437828,2437406,422
191762421,28.2891,28.4572,422,36816,0.227143,0.03,1,2437854,2437432,422
191765341,34.7156,34.1829,423,36873,0.204857,0.07,1,2437893,2437470,423
191768261,15.0863,14.8732,423,36930,0.219943,0.07,1,2437895,2437472,423
191771181,28.8345,26.9493,426,36987,0.201977,0.17,1,2437933,2437507,426
191774101,48.7338,45.5797,430,37044,0.242791,0.17,1,2437995,2437565,430
191777021,20.6935,19.4319,430,37101,0.259116,0.23,1,2437997,2437567,430
191779941,32.2774,31.1728,431,37158,0.289647,0.23,1,2438037,2437606,431
191782861,60.911,12.4691,511,37215,0.277859,0.17,1,2438117,2437606,511
191814981,33.7768,20.6927,474,37835,0.416702,0.31,1,2438471,2437997,474
191873381,33.8902,34.0943,455,38937,0.761822,0.67,2,2439216,2438761,455
191876301,14.7561,14.8377,455,38991,0.790729,0.67,2,2439218,2438763,455
191879221,27.5024,27.5351,455,39045,0.778291,0.69,2,2439254,2438799,455
191882141,53.001,52.414,456,39099,0.773317,0.69,2,2439324,2438868,456
191885061,22.4004,22.1656,456,39153,0.771327,0.73,2,2439326,2438870,456
191893821,54.9296,55.2026,456,39315,0.934245,0.69,2,2439503,2439047,456
191896741,23.1718,23.281,456,39369,0.931698,0.73,2,2439505,2439049,456
191899661,33.8687,32.7124,458,39423,0.930679,0.77,2,2439546,2439088,458
191902581,36.9475,35.285,460,39477,0.930272,0.75,2,2439585,2439125,460
192042741,28.6183,34.7579,492,41965,0.934,1,2,2441269,2440777,492
192045661,58.8473,62.5032,490,42015,0.9376,1,2,2441348,2440858,490
192051501,39.6556,36.5205,492,42115,0.770416,1,2,2441432,2440940,492
192066101,34.4256,30.7733,501,42365,0.227124,1,1,2441586,2441085,501
192071941,25.1881,30.9637,488,42465,0.0807399,1,1,2441635,2441147,488
192074861,30.4752,29.7855,493,42515,0.074296,1,1,2441669,2441176,493
192077781,33.7901,34.1142,492,42565,0.0717184,1,1,2441705,2441213,492
192080701,29.716,31.0457,490,42615,0.0466873,0.89,1,2441732,2441242,490
192083621,26.8864,28.6183,488,42665,0.0366749,0.94,1,2441757,2441269,488
192086541,46.1546,58.8473,468,42714,0.05667,0.81,1,2441816,2441348,468
192089461,47.2618,57.1389,460,42763,0.028668,0.71,1,2441864,2441404,460
192092381,31.5047,39.6556,453,42812,0.0534672,0.57,1,2441885,2441432,453
192095301,31.8019,38.0622,448,42861,0.0513869,0.45,1,2441917,2441469,448
192098221,26.5208,32.0249,443,42910,0.0865548,0.45,1,2441940,2441497,443
192101141,17.8083,22.41,439,42959,0.0886219,0.25,1,2441952,2441513,439
192106981,29.1293,12.2256,466,43057,0.0873795,0.15,1,2442015,2441549,466
192109901,25.4517,27.0902,452,43106,0.0769518,0.11,1,2442038,2441586,452
192112821,20.9807,27.0361,443,43155,0.0727807,0.03,1,2442056,2441613,443
192115741,29.9923,24.0144,457,43204,0.0471123,0.07,1,2442092,2441635,457
192118661,32.9969,30.0058,458,43253,0.0368449,0.07,1,2442127,2441669,458
192121581,29.3988,33.6023,449,43302,0.044738,0.03,1,2442154,2441705,449
192124501,27.3595,29.6409,448,43351,0.0358952,0.03,1,2442180,2441732,448
192127421,45.7438,26.8564,481,43400,0.0683581,0.07,1,2442238,2441757,481
192130341,47.0975,46.1425,470,43449,0.0573432,0.01,1,2442286,2441816,470
192133261,31.439,47.257,443,43498,0.0529373,0.07,1,2442307,2441864,443
192136181,31.7756,31.5028,454,43547,0.0631749,0.05,1,2442339,2441885,454
192139101,28.3102,31.8011,448,43595,0.07927,0.11,1,2442365,2441917,448
192142021,18.5241,26.5204,437,43643,0.085708,0.09,1,2442377,2441940,437
192165381,27.3774,29.3988,448,44027,0.0851846,0.03,1,2442602,2442154,448
192203341,33.2639,33.8589,431,44646,0.202348,0.11,1,2442982,2442551,431
192206261,25.3055,27.9435,427,44693,0.242939,0.05,1,2443002,2442575,427
192209181,25.1222,27.3774,425,44740,0.247176,0.13,1,2443027,2442602,425
192212101,48.4489,47.551,428,44787,0.23687,0.15,1,2443091,2442663,428
192215021,46.9796,45.4204,430,44834,0.232748,0.19,1,2443137,2442707,430
192217941,33.1918,31.9682,431,44881,0.255099,0.19,1,2443161,2442730,431
192220861,31.2767,31.9873,429,44928,0.24004,0.15,1,2443191,2442762,429
192223781,29.9107,29.5949,430,44975,0.246016,0.17,1,2443220,2442790,430
192226701,19.7643,19.038,431,45022,0.236406,0.15,1,2443233,2442802,431
192229621,28.3057,29.2152,429,45069,0.256563,0.15,1,2443267,2442838,429
192232541,28.1223,28.4861,429,45116,0.264625,0.15,1,2443295,2442866,429
192235461,26.8489,26.9944,429,45163,0.27985,0.15,1,2443321,2442892,429
192238381,11.9396,11.9978,429,45210,0.28594,0.17,1,2443323,2442894,429
192241301,16.1758,14.3991,432,45257,0.252376,0.21,1,2443342,2442910,432
192244221,26.8703,26.1596,432,45304,0.29895,0.21,1,2443376,2442944,432
192273421,28.8209,28.3057,433,45766,0.407157,0.27,1,2443700,2443267,433
192276341,28.3283,28.1223,433,45812,0.432863,0.29,1,2443728,2443295,433
192279261,27.5313,26.8489,434,45858,0.431145,0.29,1,2443755,2443321,434
192285101,15.685,16.1758,433,45950,0.439783,0.23,1,2443775,2443342,433
192337661,25.975,34.7896,464,46769,0.782864,0.47,2,2444315,2443851,464
192340581,24.79,25.9158,468,46814,0.799145,0.47,2,2444339,2443871,468
192358101,19.2935,29.4914,461,47084,0.908889,0.57,2,2444551,2444090,461
192361021,31.7174,18.9965,489,47129,0.945556,0.61,2,2444591,2444102,489
192375621,33.0128,15.8598,497,47354,0.948438,0.69,2,2444714,2444217,497
192378541,14.4051,30.3439,459,47399,0.937375,0.79,2,2444716,2444257,459
192603381,31.5487,34.3622,496,50707,0.79576,1,2,2447048,2446552,496
192667621,295.627,355.069,422,23360,0.222853,0.05,1,2447645,2447223,422
192673461,109.58,107.571,464,23541,0.0488564,0,1,2447810,2447346,464
192676381,67.2321,82.6284,437,23631,0.0195426,0.01,1,2447849,2447412,437
192679301,58.6928,53.4514,456,23721,0.037817,0.03,1,2447902,2447446,456
192682221,54.0771,57.3805,447,23810,0.0451268,0.05,1,2447953,2447506,447
192685141,61.8309,55.9522,459,23899,0.0240507,0.01,1,2448020,2447561,459
192688061,34.3323,45.7809,436,23988,0.0276203,0.03,1,2448036,2447600,436
192690981,32.3329,34.5124,440,24076,0.0410481,0.03,1,2448067,2447627,440
192693901,75.3332,85.8049,424,24164,0.0344192,0.01,1,2448171,2447747,424
192696821,67.3333,72.122,423,24252,0.0317677,0,1,2448233,2447810,423
192699741,50.3333,52.2488,423,24339,0.0127071,0.05,1,2448272,2447849,423
192702661,51.3333,52.6995,422,24426,0.0230828,0.05,1,2448324,2447902,422
192705581,51.1333,51.6798,422,24513,0.0152331,0.01,1,2448375,2447953,422
192708501,61.2533,60.8719,423,24599,0.0240933,0.03,1,2448443,2448020,423
192711421,34.1013,33.9488,423,24685,0.0156373,0.05,1,2448459,2448036,423
192714341,31.6405,32.1795,422,24771,0.0122549,0.03,1,2448489,2448067,422
192717261,75.0562,75.2718,422,24857,0.010902,0.03,1,2448593,2448171,422
192720181,67.2225,67.3087,422,24942,0.0103608,0,1,2448655,2448233,422
192723101,50.289,50.3235,422,25027,0.0341443,0.03,1,2448694,2448272,422
192726021,51.3156,51.3294,422,25112,0.0316577,0.01,1,2448746,2448324,422
192728941,51.1262,51.1318,422,25196,0.0546631,0.03,1,2448797,2448375,422
192731861,61.2505,61.2527,422,25280,0.0398652,0.01,1,2448865,2448443,422
192734781,34.1002,34.1011,422,25364,0.0459461,0.01,1,2448881,2448459,422
192737701,32.2401,31.6404,423,25448,0.0603784,0.01,1,2448912,2448489,423
192740621,74.096,12.6562,525,25531,0.0301514,0.01,1,2449014,2448489,525
192743541,66.8384,67.4625,483,25614,0.0420605,0.01,1,2449076,2448593,483
192746461,50.1354,64.185,460,25697,0.0348242,0.05,1,2449115,2448655,460
192749381,51.2541,49.074,473,25779,0.0139297,0.03,1,2449167,2448694,473
192752301,51.1017,50.8296,472,25861,0.0115719,0.07,1,2449218,2448746,472
192755221,61.2407,50.9318,489,25943,0.0226288,0.03,1,2449286,2448797,489
192758141,34.0963,61.1727,437,26025,0.0270515,0.05,1,2449302,2448865,437
192761061,32.8385,34.0691,453,26106,0.0288206,0.07,1,2449334,2448881,453
192763981,74.3354,32.2276,524,26187,0.0175282,0.01,1,2449436,2448912,524
192766901,66.9342,74.0911,484,26268,0.0130113,0.05,1,2449498,2449014,484
192769821,50.1737,66.8364,461,26349,0.0232045,0.03,1,2449537,2449076,461
192772741,50.6695,50.1346,473,26429,0.00928181,0,1,2449588,2449115,473
192775661,50.8678,51.2538,472,26509,0.0217127,0.01,1,2449639,2449167,472
192778581,61.1471,51.1015,489,26589,0.0386851,0.03,1,2449707,2449218,489
192781501,34.0588,61.2406,437,26669,0.033474,0.03,1,2449723,2449286,437
192784421,33.4235,34.0962,454,26748,0.0553896,0.03,1,2449756,2449302,454
192787341,73.9694,32.8385,523,26827,0.0401558,0.01,1,2449857,2449334,523
192790261,68.5878,74.3354,486,26906,0.0220623,0.01,1,2449922,2449436,486
192793181,28.6351,66.9342,426,26985,0.0148249,0.03,1,2449924,2449498,426
192796101,32.454,50.1737,422,27063,0.02393,0,1,2449959,2449537,422
192799021,43.5816,50.6695,422,27141,0.027572,0.03,1,2450010,2449588,422
192801941,48.6326,50.8678,423,27219,0.0290288,0.05,1,2450062,2449639,423
192804861,59.6531,61.1471,422,27297,0.0296115,0.03,1,2450129,2449707,422
192807781,34.0612,34.0588,423,27375,0.0118446,0.07,1,2450146,2449723,423
192810701,34.6245,33.4235,425,27452,0.0467378,0.03,1,2450181,2449756,425
192813621,73.2498,73.9694,423,27529,0.0366951,0.01,1,2450280,2449857,423
192816541,68.8999,68.5878,424,27606,0.0206781,0.01,1,2450346,2449922,424
192819461,28.76,28.6351,424,27683,0.0382712,0.03,1,2450348,2449924,424
192822381,31.304,32.454,422,27760,0.0213085,0.03,1,2450381,2449959,422
192825301,43.1216,43.5816,422,27836,0.0265234,0.03,1,2450432,2450010,422
192828221,49.0486,48.6326,423,27912,0.0106094,0.03,1,2450485,2450062,423
192831141,59.2195,59.6531,422,27988,0.0222437,0,1,2450551,2450129,422
192834061,33.8878,34.0612,422,28064,0.0148975,0.07,1,2450568,2450146,422
192836981,35.1551,34.6245,423,28139,0.011959,0.03,1,2450604,2450181,423
192839901,72.862,73.2498,422,28214,0.0227836,0.01,1,2450702,2450280,422
192842821,68.7448,68.8999,422,28289,0.0271134,0.05,1,2450768,2450346,422
192845741,28.6979,28.76,422,28364,0.0408454,0.05,1,2450770,2450348,422
192848661,30.6792,11.504,454,28439,0.0343382,0.01,1,2450802,2450348,454
192851581,44.0717,24.4016,474,28513,0.0317353,0.03,1,2450855,2450381,474
192854501,48.2287,40.3606,474,28587,0.0126941,0,1,2450906,2450432,474
192857421,58.8915,47.9443,487,28661,0.0470776,0.03,1,2450972,2450485,487
192860341,34.3566,58.7777,439,28735,0.0608311,0.01,1,2450990,2450551,439
192863261,35.3426,33.7111,458,28809,0.0663324,0.01,1,2451026,2450568,458
192866181,72.3371,35.0844,519,28882,0.044533,0.03,1,2451123,2450604,519
192869101,68.5348,72.8338,487,28955,0.0598132,0.03,1,2451189,2450702,487
192872021,28.6139,68.7335,423,29028,0.0659253,0.05,1,2451191,2450768,423
192874941,31.2456,28.6934,454,29101,0.0563701,0.03,1,2451224,2450770,454
192877861,44.2982,30.6774,475,29174,0.028548,0.03,1,2451277,2450802,475
192880781,47.7193,44.0709,472,29247,0.0114192,0,1,2451327,2450855,472
192883701,59.2877,48.2284,488,29319,0.0225677,0.07,1,2451394,2450906,488
192886621,35.7151,58.8914,442,29391,0.0390271,0.07,1,2451414,2450972,442
192889541,37.086,34.3565,462,29463,0.0816108,0.07,1,2451452,2450990,462
192892461,70.6344,35.3426,519,29535,0.0506443,0.03,1,2451545,2451026,519
192895381,69.0538,72.337,490,29607,0.0382577,0.07,1,2451613,2451123,490
192898301,28.8215,68.5348,426,29678,0.0333031,0.07,1,2451615,2451189,426
192901221,29.5286,28.6139,454,29749,0.0553212,0.05,1,2451645,2451191,454
192904141,44.2114,31.2456,475,29820,0.0401285,0.01,1,2451699,2451224,475
192907061,18.8846,44.2982,424,29891,0.0160514,0,1,2451701,2451277,424
192909981,36.3538,47.7193,422,29962,0.00642056,0.03,1,2451749,2451327,422
192912901,55.9415,59.2877,424,30033,0.0445682,0.05,1,2451818,2451394,424
192915821,34.9766,35.7151,425,30103,0.0838273,0.11,1,2451839,2451414,425
192918741,37.9906,37.086,427,30173,0.0875309,0.03,1,2451879,2451452,427
192921661,69.1963,70.6344,424,30243,0.0770124,0.03,1,2451969,2451545,424
192924581,68.4785,69.0538,424,30313,0.0488049,0.03,1,2452037,2451613,424
192927501,28.5914,28.8215,424,30383,0.037522,0.07,1,2452039,2451615,424
192930421,30.0366,29.5286,425,30453,0.0570088,0.03,1,2452070,2451645,425
192933341,42.6146,44.2114,422,30522,0.0408035,0,1,2452121,2451699,422
192936261,18.2458,18.8846,422,30591,0.0163214,0,1,2452123,2451701,422
192939181,36.6983,36.3538,423,30660,0.00652856,0.07,1,2452172,2451749,423
192942101,57.2793,55.9415,425,30729,0.0206114,0.11,1,2452243,2451818,425
192945021,35.5117,34.9766,425,30798,0.0622446,0.09,1,2452264,2451839,425
192947941,38.8047,37.9906,426,30867,0.0668978,0.07,1,2452305,2451879,426
192950861,67.7219,69.1963,423,30936,0.0687591,0.03,1,2452392,2451969,423
192953781,67.2887,68.4785,422,31004,0.0575037,0.03,1,2452459,2452037,422
192956701,28.1155,28.5914,422,31072,0.0530015,0.07,1,2452461,2452039,422
192959621,30.4462,30.0366,423,31140,0.0752006,0.03,1,2452493,2452070,423
192962541,42.1785,42.6146,422,31208,0.0960802,0,1,2452543,2452121,422
192965461,18.0714,18.2458,422,31276,0.0804321,0,1,2452545,2452123,422
192968381,36.0286,7.29834,470,31344,0.0621728,0,1,2452593,2452123,470
192971301,58.8114,32.3193,495,31412,0.0788691,0.03,1,2452667,2452172,495
192974221,35.5246,55.5277,444,31479,0.0615477,0.09,1,2452687,2452243,444
192977141,38.2098,34.8111,463,31546,0.0546191,0.07,1,2452727,2452264,463
192980061,68.0839,38.5244,510,31613,0.0638476,0.07,1,2452815,2452305,510
192982981,66.8336,67.6098,489,31680,0.0795391,0.05,1,2452881,2452392,489
192985901,27.9334,67.2439,424,31747,0.0858156,0.05,1,2452883,2452459,424
192988821,30.9734,28.0976,455,31814,0.0763262,0.09,1,2452916,2452461,455
192991741,41.7893,30.439,472,31881,0.0845305,0.11,1,2452965,2452493,472
192994661,17.9157,42.1756,424,31947,0.0878122,0.07,1,2452967,2452543,424
193000501,59.7465,36.0281,497,32079,0.0704499,0.09,1,2453090,2452593,497
193003421,35.8986,58.8112,443,32145,0.07018,0.05,1,2453110,2452667,443
193006341,38.3594,35.5245,463,32211,0.082072,0.05,1,2453150,2452687,463
193018021,30.6268,27.9334,457,32473,0.216421,0.07,1,2453340,2452883,457
193020941,42.8507,30.9734,475,32538,0.248568,0.09,1,2453391,2452916,475
193023861,18.3403,41.7893,428,32603,0.261427,0.09,1,2453393,2452965,428
193026781,36.1361,17.9157,474,32668,0.266571,0.11,1,2453441,2452967,474
193029701,57.6544,35.3663,499,32733,0.292628,0.05,1,2453513,2453014,499
193044301,70.1251,68.4175,432,33054,0.418398,0.21,1,2453738,2453306,432
193047221,29.25,28.567,432,33118,0.437359,0.23,1,2453740,2453308,432
193055981,18.48,18.3403,433,33310,0.427111,0.27,1,2453826,2453393,433
193058901,37.392,36.1361,435,33373,0.416844,0.31,1,2453876,2453441,435
193117301,44.1254,31.0928,499,34618,0.767047,0.57,2,2454715,2454216,499
193120221,18.8501,42.4371,451,34679,0.780819,0.57,2,2454717,2454266,451
193123141,39.3401,18.1748,502,34740,0.786328,0.65,2,2454770,2454268,502
193143581,29.9277,71.4589,458,35164,0.901257,0.71,2,2455085,2454627,458
193146501,33.5711,29.7836,492,35224,0.930503,0.75,2,2455121,2454629,492
193312941,332.624,360.963,481,16060,0.418,1,1,2457399,2456918,481
193318781,125.1,139.354,496,17042,0.09208,0.63,1,2457613,2457117,496
193321701,108.84,127.742,474,17167,0.042832,0.53,1,2457711,2457237,474
193324621,88.536,90.0966,484,17291,0.0231328,0.25,1,2457786,2457302,484
193327541,49.8144,75.6387,442,17414,0.0152531,0.03,1,2457810,2457368,442
193330461,120.126,48.8555,578,17536,0.0121012,0.03,1,2457977,2457399,578
193333381,82.2503,113.742,478,17657,0.0228405,0.03,1,2458034,2457556,478
193336301,93.5001,79.6969,522,17777,0.0151362,0.01,1,2458135,2457613,522
193339221,81.2,90.6788,497,17896,0.0360545,0.01,1,2458208,2457711,497
193342141,47.48,81.2715,447,18015,0.0204218,0.01,1,2458233,2457786,447
193345061,20.192,46.9086,425,18133,0.0141687,0.01,1,2458235,2457810,425
193347981,106.477,118.963,422,18250,0.0236675,0.03,1,2458399,2457977,422
193350901,76.7907,81.7854,422,18366,0.039467,0.01,1,2458456,2458034,422
193353821,91.9163,93.3142,423,18482,0.0337868,0.05,1,2458558,2458135,423
193356741,80.5665,81.1257,423,18597,0.0435147,0.01,1,2458631,2458208,423
193359661,47.2266,47.4503,423,18711,0.0474059,0.01,1,2458656,2458233,423
193362581,20.0906,20.1801,423,18824,0.0249624,0.03,1,2458658,2458235,423
193365501,105.836,106.472,422,18937,0.0279849,0.05,1,2458821,2458399,422
193368421,76.5345,76.7888,422,19049,0.029194,0.03,1,2458878,2458456,422
193371341,91.8138,91.9155,422,19160,0.0536776,0.05,1,2458980,2458558,422
193385941,75.9335,42.3345,478,19707,0.0757657,0.03,1,2459299,2458821,478
193388861,92.7734,51.1338,525,19815,0.0603063,0.07,1,2459403,2458878,525
193391781,82.7094,81.6535,499,19922,0.0901225,0.15,1,2459479,2458980,499
193409301,84.6588,92.7318,502,20552,0.0783346,0.11,1,2459905,2459403,502
193412221,49.4635,82.6927,452,20655,0.0613338,0.11,1,2459931,2459479,452
193415141,20.9854,48.6771,428,20758,0.0545335,0.11,1,2459933,2459505,428
193429741,75.2072,84.6588,424,21264,0.20693,0.05,1,2460329,2459905,424
193432661,46.2829,49.4635,425,21364,0.220772,0.05,1,2460356,2459931,425
193435581,19.7132,20.9854,425,21463,0.226309,0.17,1,2460358,2459933,425
193438501,106.885,105.594,428,21562,0.252524,0.15,1,2460523,2460095,428
193441421,76.3541,75.2377,429,21660,0.275009,0.15,1,2460579,2460150,429
193444341,31.7416,31.2951,429,21758,0.296004,0.19,1,2460581,2460152,429
193450181,75.7587,75.2072,431,21952,0.415761,0.23,1,2460760,2460329,431
193453101,47.1035,46.2829,432,22049,0.448304,0.23,1,2460788,2460356,432
193488141,79.1288,32.205,558,23177,0.788021,0.69,2,2461576,2461018,558
193502741,80.5584,112.136,515,23630,0.911458,0.73,2,2461922,2461407,515
193505661,33.4234,79.0545,460,23720,0.922583,0.73,2,2461924,2461464,460
193508581,81.7694,32.8218,572,23809,0.927033,0.83,2,2462038,2461466,572
193511501,81.9077,79.1287,544,23898,0.940813,0.83,2,2462120,2461576,544
193599101,42.7348,72.7394,493,26428,0.94504,1,2,2463826,2463333,493
193616621,77.7607,32.1056,590,26905,0.416289,0.94,1,2464224,2463634,590
193625381,30.7287,42.7348,466,27140,0.404642,0.73,1,2464292,2463826,466
193628301,61.4915,71.6939,457,27218,0.407857,0.53,1,2464374,2463917,457
193677941,32.6789,28.3759,478,28512,0.773569,0.61,2,2465183,2464705,478
193680861,62.8716,28.7504,532,28586,0.795428,0.59,2,2465266,2464734,532
193695461,77.1644,31.8659,563,28954,0.900859,0.73,2,2465568,2465005,563
193698381,32.0658,76.3464,459,29027,0.918343,0.77,2,2465570,2465111,459
193701301,37.4263,31.7385,498,29100,0.913337,0.75,2,2465611,2465113,498
193704221,34.7705,36.6954,491,29173,0.923335,0.79,2,2465644,2465153,491
193841461,49.9821,66.8153,521,32407,0.424432,1,1,2467974,2467453,521
193847301,39.4371,42.2504,516,32537,0.210709,1,1,2468048,2467532,516
193853141,36.0699,34.4801,517,32667,0.0877135,1,1,2468118,2467601,517
193856061,74.428,36.592,579,32732,0.0530854,1,1,2468218,2467639,579
193858981,38.7712,77.0368,490,32797,0.0392342,0.95,1,2468233,2467743,490
193861901,29.3085,53.6147,475,32861,0.0456937,0.8,1,2468256,2467781,475
193864821,27.3234,44.8459,462,32925,0.0482775,0.78,1,2468282,2467820,462
193867741,22.9294,31.1384,460,32989,0.025311,0.45,1,2468302,2467842,460
193870661,53.5717,69.4553,439,33053,0.0401244,0.31,1,2468376,2467937,439
193873581,40.6287,49.9821,434,33117,0.0340498,0.27,1,2468408,2467974,434
193876501,36.6515,41.5929,432,33181,0.0316199,0.13,1,2468442,2468010,432
193879421,36.2606,39.4371,430,33245,0.042648,0.15,1,2468478,2468048,430
193882341,33.1042,36.1749,427,33309,0.0590592,0.03,1,2468509,2468082,427
193885261,32.4417,36.0699,423,33372,0.0536237,0.03,1,2468541,2468118,423
193888181,73.5767,74.428,424,33435,0.0214495,0.03,1,2468642,2468218,424
193891101,38.4307,38.7712,424,33498,0.0625798,0.05,1,2468657,2468233,424
193894021,29.1723,29.3085,424,33561,0.0670319,0.05,1,2468680,2468256,424
193896941,27.2689,27.3234,424,33624,0.0808128,0.01,1,2468706,2468282,424
193899861,21.7076,22.9294,422,33687,0.0863251,0.05,1,2468724,2468302,422
193902781,53.683,53.5717,423,33750,0.08853,0.03,1,2468799,2468376,423
193905701,40.6732,40.6287,423,33813,0.053412,0.03,1,2468831,2468408,423
193908621,36.0693,36.6515,422,33876,0.0753648,0.05,1,2468864,2468442,422
193911541,36.6277,36.2606,423,33938,0.0721459,0.07,1,2468901,2468478,423
193914461,33.2511,33.1042,423,34000,0.0348584,0.05,1,2468932,2468509,423
193917381,31.9004,32.4417,422,34062,0.0559434,0,1,2468963,2468541,422
193920301,73.3602,73.5767,422,34124,0.0403773,0.09,1,2469064,2468642,422
193923221,39.5441,38.4307,424,34186,0.0341509,0.07,1,2469081,2468657,424
193926141,29.0176,29.1723,423,34248,0.0796604,0.07,1,2469103,2468680,423
193929061,28.4071,11.6689,451,34310,0.0738641,0.09,1,2469131,2468680,451
193931981,20.3628,20.2676,440,34372,0.0595457,0.09,1,2469146,2468706,440
193934901,53.7451,18.907,498,34434,0.0898183,0.09,1,2469222,2468724,498
193940741,35.2392,40.2251,454,34556,0.0995709,0.09,1,2469285,2468831,454
193967021,54.3091,20.3627,502,35103,0.200565,0.11,1,2469648,2469146,502
193969941,40.9236,53.7451,458,35163,0.230226,0.13,1,2469680,2469222,458
193972861,35.5695,40.098,459,35223,0.25409,0.09,1,2469712,2469253,459
193975781,37.6278,35.2392,466,35283,0.251636,0.15,1,2469751,2469285,466
193978701,34.2511,36.8957,460,35343,0.262654,0.17,1,2469783,2469323,460
193981621,34.7004,32.7583,465,35403,0.267062,0.23,1,2469818,2469353,465
194031261,13.1026,13.0254,439,36405,0.410471,0.35,1,2470426,2469987,439
194034181,15.4411,14.8102,440,36463,0.410188,0.39,1,2470443,2470003,440
194037101,52.9764,52.1241,441,36521,0.434075,0.35,1,2470521,2470080,441
194040021,40.3906,41.2496,439,36579,0.41963,0.33,1,2470553,2470114,439
194089661,74.3055,36.3529,545,37549,0.781007,0.61,2,2471238,2470693,545
194107181,55.226,14.9467,532,37885,0.911803,0.65,2,2471415,2470883,532
194110101,41.2904,53.3787,485,37941,0.922721,0.65,2,2471447,2470962,485
194113021,38.1162,40.5515,489,37997,0.939088,0.67,2,2471483,2470994,489
194307201,324.189,360.752,482,18980,0.418,0.92,1,2474339,2473857,482
194348081,91.056,106.488,439,19314,0.0829408,0.03,1,2474711,2474272,439
194351001,52.0224,61.7952,433,19424,0.0511763,0.01,1,2474737,2474304,433
194353921,34.609,39.7181,431,19533,0.0384705,0.01,1,2474760,2474329,431
194356841,67.2436,53.6872,457,19642,0.0333882,0.05,1,2474849,2474392,457
194359761,107.897,71.8749,508,19750,0.0433553,0.07,1,2474984,2474476,508
194362681,76.159,80.35,477,19857,0.0713421,0.09,1,2475039,2474562,477
194365601,88.0636,65.74,517,19964,0.0345368,0.07,1,2475135,2474618,517
194368521,49.0254,82.096,447,20070,0.0138147,0.03,1,2475158,2474711,447
194371441,35.8102,48.4384,448,20176,0.00552589,0.03,1,2475185,2474737,448
194374361,65.9241,33.1754,511,20281,0.0322104,0.03,1,2475271,2474760,511
194377281,108.57,66.6701,559,20386,0.0668841,0.05,1,2475408,2474849,559
194383121,87.3311,76.0672,518,20594,0.0527015,0.01,1,2475557,2475039,518
194386041,48.1325,88.0269,444,20697,0.0210806,0,1,2475579,2475135,444
194388961,36.053,49.0108,449,20799,0.0384322,0,1,2475607,2475158,449
194391881,66.0212,35.8043,508,20901,0.0213729,0.05,1,2475693,2475185,508
194394801,110.408,65.9217,562,21002,0.0625492,0.09,1,2475833,2475271,562
194397721,45.3634,108.569,427,21103,0.0790197,0.15,1,2475835,2475408,427
194400641,51.7454,75.8275,429,21204,0.0976079,0.01,1,2475891,2475462,429
194403561,74.0981,87.331,423,21304,0.0570431,0,1,2475980,2475557,423
194406481,42.8393,48.1324,423,21404,0.0408173,0.05,1,2476002,2475579,423
194409401,33.9357,36.053,423,21503,0.0343269,0.01,1,2476030,2475607,423
194412321,65.1743,66.0212,423,21602,0.0317308,0.09,1,2476116,2475693,423
194415241,113.07,110.408,428,21700,0.0666923,0.09,1,2476261,2475833,428
194418161,46.4279,45.3634,428,21798,0.0806769,0.11,1,2476263,2475835,428
194421081,51.5712,51.7454,427,21895,0.0862708,0.03,1,2476318,2475891,427
194424001,71.0285,74.0981,422,21992,0.0405083,0.03,1,2476402,2475980,422
194426921,41.6114,42.8393,422,22088,0.0342033,0.03,1,2476424,2476002,422
194429841,33.4446,33.9357,422,22184,0.0316813,0.03,1,2476452,2476030,422
194432761,64.9778,65.1743,422,22280,0.0306725,0.09,1,2476538,2476116,422
194435681,114.191,113.07,424,22375,0.066269,0.09,1,2476685,2476261,424
194438601,46.8765,46.4279,424,22470,0.0805076,0.09,1,2476687,2476263,424
194450281,33.024,36.6606,449,22845,0.077469,0.03,1,2476873,2476424,449
194453201,64.8096,31.4642,507,22938,0.0729876,0.03,1,2476959,2476452,507
194464881,72.3727,51.6999,512,23305,0.20054,0.23,1,2477254,2476742,512
194467801,39.7491,69.88,448,23396,0.242216,0.17,1,2477272,2476824,448
194470721,29.0996,40.552,449,23487,0.270887,0.01,1,2477294,2476845,449
194485321,75.4199,54.9317,517,23935,0.41399,0.25,1,2477687,2477170,517
194488241,31.368,72.3727,435,24024,0.435596,0.27,1,2477689,2477254,435
194497001,63.7116,63.8399,440,24288,0.443798,0.35,1,2477821,2477381,440
194499921,117.285,117.936,439,24375,0.423519,0.35,1,2477974,2477535,439
194502841,48.1138,48.3744,439,24462,0.415408,0.37,1,2477976,2477537,439
194505761,57.0455,56.5497,440,24549,0.436163,0.45,1,2478039,2477599,440
194508681,78.0182,75.4199,444,24635,0.432465,0.45,1,2478131,2477687,444
194511601,32.4073,31.368,444,24721,0.430986,0.47,1,2478133,2477689,444
194514521,23.7629,23.9472,443,24807,0.442394,0.47,1,2478151,2477708,443
194517441,23.3052,22.7789,444,24892,0.446958,0.43,1,2478174,2477730,444
194546641,119.382,61.0408,602,25731,0.782669,0.61,2,2478866,2478264,602
194549561,48.9529,116.216,451,25813,0.799068,0.61,2,2478868,2478417,451
194558321,33.901,77.7098,458,26059,0.92882,0.71,2,2479031,2478573,458
194699941,385.526,429.818,475,11680,0.79,1,2,2481698,2481223,475
194708701,99.2657,135.772,476,12917,0.07672,0.69,1,2482076,2481600,476
194711621,85.3063,75.9089,516,13082,0.030688,0.01,1,2482152,2481636,516
194714541,160.723,212.764,423,13244,0.0902752,0.03,1,2482363,2481940,423
194717461,115.289,135.505,424,13404,0.0781101,0.03,1,2482448,2482024,424
194720381,76.1156,85.4022,422,13563,0.061244,0,1,2482498,2482076,422
194723301,76.6462,79.7609,423,13720,0.0424976,0,1,2482575,2482152,423
194724761,151.259,31.9043,624,13875,0.058999,0.13,1,2482776,2482152,624
194730601,75.9214,106.745,422,14179,0.0706398,0.05,1,2482870,2482448,422
194733521,61.5685,72.6979,424,14329,0.0702559,0.03,1,2482922,2482498,424
194736441,69.6274,75.2792,422,14477,0.0341024,0.07,1,2482997,2482575,422
194739361,158.051,150.712,438,14624,0.0436409,0.13,1,2483214,2482776,438
194742281,109.42,68.0847,502,14769,0.0594564,0.05,1,2483291,2482789,502
194745201,76.1682,75.8339,475,14913,0.0297826,0.07,1,2483345,2482870,475
194748121,74.2673,61.5335,496,15055,0.029913,0.01,1,2483418,2482922,496
194751041,30.9069,69.6134,423,15196,0.0299652,0.05,1,2483420,2482997,423
194753961,143.763,158.045,425,15336,0.0899861,0.07,1,2483639,2483214,425
194762721,72.8728,74.2669,423,15747,0.0573591,0.03,1,2483841,2483418,423
194765641,30.3491,30.9068,423,15882,0.0289436,0.13,1,2483843,2483420,423
194768561,146.54,143.763,428,16016,0.0415775,0.15,1,2484067,2483639,428
194771481,104.216,103.705,427,16149,0.094631,0.13,1,2484143,2483716,427
194777321,69.9545,72.8728,422,16410,0.083541,0.01,1,2484263,2483841,422
194780241,29.1818,30.3491,422,16539,0.0754164,0.05,1,2484265,2483843,422
194791921,68.0575,58.8185,489,17045,0.265979,0.07,1,2484684,2484195,489
194794841,28.423,64.3274,423,17170,0.292391,0.07,1,2484686,2484263,423
194802141,76.1951,104.749,430,17539,0.439433,0.23,1,2484998,2484568,430
194848861,156.354,156.164,456,19384,0.768043,0.73,2,2486266,2485810,456
194851781,63.7417,63.6655,456,19493,0.793217,0.73,2,2486268,2485812,456
194857621,64.4387,30.5865,513,19710,0.903315,0.75,2,2486410,2485897,513
194860541,65.3755,46.4346,522,19818,0.931326,0.67,2,2486476,2485954,522
194863461,27.3502,59.3738,456,19925,0.94253,0.71,2,2486478,2486022,456
194929161,76.7969,71.0682,493,22244,0.934,1,2,2488191,2487698,493
194935001,55.3675,45.4509,502,22434,0.90544,1,2,2488303,2487801,502
194943761,48.0875,37.6609,523,22717,0.927948,1,2,2488434,2487911,523
194946681,140.435,42.6643,679,22810,0.761179,1,2,2488636,2487957,679
194955441,58.9798,70.5785,523,23088,0.437275,0.86,1,2488781,2488258,523
194964201,45.9187,45.197,518,23362,0.296066,0.89,1,2488902,2488384,518
194967121,128.167,48.0788,651,23453,0.232426,0.65,1,2489085,2488434,651
194970041,70.467,140.432,481,23543,0.242971,0.51,1,2489117,2488636,481
194972961,58.7868,78.3726,495,23633,0.223188,0.49,1,2489168,2488673,495
194975881,54.7147,61.949,496,23723,0.239275,0.37,1,2489220,2488724,496
194978801,33.2859,58.9796,458,23812,0.25771,0.33,1,2489239,2488781,458
194981721,43.9144,37.9918,485,23901,0.265084,0.31,1,2489290,2488805,485
194984641,18.7657,45.7967,436,23990,0.280034,0.27,1,2489292,2488856,436
194987561,32.7063,45.9187,432,24078,0.286013,0.19,1,2489334,2488902,432
194993401,69.913,70.467,434,24254,0.442962,0.21,1,2489551,2489117,434
194996321,58.5652,58.7868,434,24341,0.447185,0.25,1,2489602,2489168,434
194999241,54.6261,54.7147,434,24428,0.436874,0.27,1,2489654,2489220,434
195002161,33.8504,33.2859,435,24515,0.43275,0.27,1,2489674,2489239,435
195005081,44.7402,43.9144,436,24601,0.4431,0.29,1,2489726,2489290,436
195008001,19.0961,18.7657,436,24687,0.44724,0.29,1,2489728,2489292,436
195010921,33.4384,32.7063,437,24773,0.436896,0.43,1,2489771,2489334,437
195013841,126.175,122.283,443,24859,0.420758,0.49,1,2489959,2489516,443
195016761,72.6701,69.913,445,24944,0.438303,0.45,1,2489996,2489551,445
195045961,55.6496,57.784,497,25781,0.764256,0.55,2,2490543,2490046,497
195048881,35.4598,53.7136,468,25863,0.779702,0.53,2,2490565,2490097,468
195060561,129.058,33.8615,641,26189,0.922312,0.67,2,2490855,2490214,641
195238681,27.5166,31.2148,506,30730,0.941939,1,2,2493982,2493476,506
195247441,100.305,102.75,489,30937,0.900284,1,2,2494200,2493711,489
195250361,76.722,80.0999,485,31005,0.786114,1,2,2494261,2493776,485
195253281,51.0888,53.64,483,31073,0.764445,0.97,2,2494295,2493812,483
195279561,68.9416,100.055,514,31681,0.434645,0.71,1,2494714,2494200,514
195282481,46.7766,76.6219,485,31748,0.407858,0.75,1,2494746,2494261,485
195285401,39.7107,51.0488,486,31815,0.421143,0.65,1,2494781,2494295,486
195288321,41.6843,42.6195,492,31881,0.438457,0.49,1,2494824,2494332,492
195291241,40.0737,45.2478,484,31947,0.445383,0.43,1,2494863,2494379,484
195370081,97.5698,95.2988,454,33688,0.76792,0.71,2,2496008,2495554,454
195387601,27.2405,26.7354,458,34063,0.909645,0.73,2,2496231,2495773,458
195390521,22.8962,22.6942,458,34125,0.921858,0.73,2,2496251,2495793,458
195393441,10.3585,10.2777,458,34187,0.926743,0.75,2,2496253,2495795,458
195396361,25.7434,26.3111,457,34249,0.904697,0.75,2,2496289,2495832,457
195402201,98.7989,24.6098,600,34373,0.940352,0.79,2,2496466,2495866,600
195629961,50.8494,41.8783,504,38878,0.945558,1,2,2499630,2499126,504
195635801,35.4959,27.9405,516,38986,0.776489,1,2,2499699,2499183,516
195662081,33.4798,38.8085,480,39472,0.216915,0.96,1,2500008,2499528,480
195665001,36.1919,43.1234,472,39526,0.200766,0.93,1,2500046,2499574,472
195667921,43.8768,50.8494,465,39579,0.218306,0.83,1,2500095,2499630,465
195673761,27.4203,35.4959,451,39685,0.225729,0.61,1,2500150,2499699,451
195676681,18.7681,21.3984,452,39738,0.240292,0.55,1,2500163,2499711,452
195679601,33.3072,39.1593,444,39791,0.234117,0.39,1,2500206,2499762,444
195682521,33.1229,37.8637,440,39844,0.219647,0.45,1,2500239,2499799,440
195685441,25.2492,28.9455,437,39897,0.213859,0.35,1,2500259,2499822,437
195688361,38.8997,36.1782,444,39950,0.223543,0.33,1,2500307,2499863,444
195691281,34.7599,37.8713,437,40003,0.251417,0.31,1,2500339,2499902,437
195694201,37.9039,39.7485,436,40056,0.262567,0.11,1,2500379,2499943,436
195700041,30.5446,14.2798,460,40162,0.288011,0.23,1,2500436,2499976,460
195705881,43.7671,32.7648,477,40268,0.282482,0.23,1,2500523,2500046,477
195708801,39.1069,42.5059,464,40320,0.286993,0.17,1,2500559,2500095,464
195729241,36.3126,38.8974,466,40684,0.419497,0.27,1,2500773,2500307,466
195790561,31.6713,30.7008,456,41761,0.770138,0.69,2,2501476,2501020,456
195793481,18.6685,18.2803,456,41812,0.770055,0.71,2,2501486,2501030,456
195796401,35.6674,34.9121,457,41862,0.782022,0.71,2,2501533,2501076,457
195825601,43.2984,42.6957,457,42362,0.929252,0.75,2,2501867,2501410,457
195834361,18.9951,18.6685,460,42512,0.943392,0.79,2,2501946,2501486,460
195837281,36.398,35.6674,461,42562,0.947357,0.85,2,2501994,2501533,461
195977441,34.0003,36.8725,484,44879,0.94,1,2,2503597,2503113,484
195992041,33.0707,33.3747,495,45114,0.79697,1,2,2503771,2503276,495
196012481,30.4509,31.3801,498,45442,0.410846,1,1,2503986,2503488,498
196032921,27.2125,31.6768,463,45764,0.273683,0.77,1,2504200,2503737,463
196035841,29.485,33.0707,460,45810,0.295473,0.69,1,2504231,2503771,460
196038761,27.994,33.0283,454,45856,0.292189,0.57,1,2504258,2503804,454
196076721,27.1676,27.5289,460,46452,0.401056,0.25,1,2504633,2504173,460
196079641,30.067,27.2116,465,46497,0.430423,0.31,1,2504665,2504200,465
196152641,32.9045,32.0416,451,47617,0.762171,0.57,2,2505378,2504927,451
196155561,38.9618,37.4167,453,47661,0.790868,0.65,2,2505421,2504968,453
196167241,27.551,28.1211,454,47837,0.903878,0.61,2,2505529,2505075,454
196170161,31.4204,31.6484,454,47881,0.931551,0.65,2,2505563,2505109,454
196173081,28.1682,28.2594,454,47925,0.942621,0.65,2,2505589,2505135,454
196184761,15.4283,14.9506,456,48101,0.943379,0.69,2,2505699,2505243,456
196187681,16.3713,15.5803,457,48145,0.947352,0.71,2,2505716,2505259,457
196397921,28.1492,34.9173,498,51200,0.927721,1,2,2507845,2507347,498
196412521,32.8601,30.0638,504,51405,0.412921,1,1,2508003,2507499,504
196418361,36.2176,32.8902,507,51487,0.208867,1,1,2508069,2507562,507
196432961,20.0605,21.9435,490,51692,0.0683884,1,1,2508203,2507713,490
196435881,9.22419,13.5774,484,51733,0.0693554,1,1,2508205,2507721,484
196438801,19.2897,28.831,471,51774,0.0337421,1,1,2508231,2507760,471
196441721,23.9159,11.5324,498,51815,0.0194969,0.96,1,2508258,2507760,498
196444641,22.7663,22.013,491,51856,0.0257987,0.99,1,2508280,2507789,491
196447561,22.9065,25.6052,486,51897,0.0403195,0.89,1,2508303,2507817,486
196450481,27.1626,27.0421,488,51938,0.0221278,0.83,1,2508333,2507845,488
196453401,29.465,31.2168,485,51979,0.0268511,0.63,1,2508364,2507879,485
196456321,21.386,32.8867,467,52020,0.0407404,0.63,1,2508380,2507913,467
196459241,28.3544,24.5547,481,52060,0.0702962,0.45,1,2508413,2507932,481
196462161,28.1418,32.6219,471,52100,0.0701185,0.33,1,2508441,2507970,471
196465081,22.6567,32.8488,457,52140,0.0460474,0.27,1,2508460,2508003,457
196468001,30.6627,27.5395,469,52180,0.072419,0.13,1,2508496,2508027,469
196470921,30.8651,36.2158,458,52220,0.0709676,0.11,1,2508527,2508069,458
196473841,25.546,35.4863,445,52260,0.094387,0.15,1,2508549,2508104,445
196476761,33.0184,26.1945,463,52300,0.0797548,0.15,1,2508587,2508124,463
196479681,27.0074,33.8778,447,52340,0.0859019,0.11,1,2508610,2508163,447
196482601,19.8029,29.1511,436,52380,0.0763608,0.03,1,2508625,2508189,436
196485521,9.12118,20.0604,424,52420,0.0725443,0.07,1,2508627,2508203,424
196517641,32.1417,22.6567,461,52860,0.229383,0.09,1,2508921,2508460,461
196520561,30.8567,30.6627,455,52900,0.265753,0.07,1,2508951,2508496,455
196523481,25.5427,30.8651,446,52940,0.280301,0.11,1,2508973,2508527,446
196526401,33.6171,25.546,463,52980,0.274121,0.07,1,2509012,2508549,463
196529321,27.2468,33.0184,448,53020,0.283648,0.09,1,2509035,2508587,448
196532241,19.2987,27.0074,439,53060,0.287459,0.07,1,2509049,2508610,439
196535161,8.91949,19.8029,426,53100,0.288984,0.07,1,2509051,2508625,426
196541001,22.0671,19.8485,450,53180,0.282637,0.13,1,2509104,2508654,450
196543921,24.4268,22.9394,451,53220,0.287055,0.13,1,2509130,2508679,451
196546841,10.9707,23.5758,429,53260,0.288822,0.21,1,2509132,2508703,429
196570201,33.7775,32.1417,435,53573,0.401676,0.29,1,2509356,2508921,435
196672401,24.6324,30.1522,472,54931,0.752996,0.63,2,2510207,2509735,472
196675321,38.0529,24.0609,499,54969,0.751199,0.67,2,2510254,2509755,499
196678241,36.8212,36.6243,490,55007,0.750479,0.75,2,2510290,2509800,490
196681161,29.1285,35.0497,480,55045,0.750192,0.73,2,2510314,2509834,480
196698681,21.9278,21.7731,478,55273,0.773878,0.71,2,2510446,2509968,478
196719121,30.7448,21.5058,493,55539,0.909991,0.73,2,2510613,2510120,493
196722041,30.2979,30.2023,487,55577,0.921997,0.73,2,2510643,2510156,487
196730801,36.7871,38.0529,494,55691,0.942928,0.75,2,2510748,2510254,494
196952721,179.927,202.777,450,26280,0.2668,0.63,1,2512958,2512508,450
196955641,83.9707,90.1106,455,27088,0.22072,0.55,1,2512978,2512523,455
196970241,61.2957,69.8555,460,27477,0.225239,0.09,1,2513223,2512763,460
196981921,28.6172,41.6667,430,27784,0.420246,0.17,1,2513408,2512978,430
197054921,77.793,67.4532,535,29631,0.783215,0.55,2,2514710,2514175,535
197072441,61.3405,60.1638,453,30057,0.909604,0.65,2,2514876,2514423,453
197259321,271.995,226.716,566,14746,0.28744,0.41,1,2518038,2517472,566
197265161,106.519,122.434,462,15033,0.0807904,0.25,1,2518182,2517720,462
197268081,49.8077,67.5738,443,15174,0.0503162,0.19,1,2518194,2517751,443
197271001,42.7231,45.6295,450,15314,0.0381265,0.13,1,2518232,2517782,450
197279761,86.5663,90.4963,423,15726,0.20524,0.03,1,2518605,2518182,423
197282681,41.8265,43.3985,423,15861,0.244096,0.03,1,2518617,2518194,423
197285601,39.5306,40.1594,423,15995,0.283638,0.15,1,2518655,2518232,423
197288521,158.612,155.264,429,16128,0.407455,0.21,1,2518893,2518464,429
197310421,79.0583,87.4593,449,17156,0.750565,0.55,2,2519487,2519038,449
197313341,38.8233,42.1837,449,17280,0.750226,0.61,2,2519499,2519050,449
197316261,41.9293,41.4735,452,17403,0.77409,0.69,2,2519543,2519091,452
197339621,103.637,106.189,465,18355,0.94727,0.91,2,2520325,2519860,465
197437441,57.3102,58.2387,447,21944,0.755779,0.51,2,2522748,2522301,447
197449121,145.616,142.472,453,22328,0.91546,0.67,2,2523071,2522618,453
197549861,44.8548,43.9837,483,25440,0.915616,1,2,2525159,2524676,483
197552781,35.9419,17.5935,513,25523,0.930246,1,2,2525189,2524676,513
197555701,34.7768,23.2374,520,25606,0.906099,1,2,2525223,2524703,520
197567381,52.4327,81.0861,512,25935,0.20046,1,1,2525537,2525025,512
197608261,24.9773,31.2915,428,27056,0.200764,0.13,1,2526144,2525716,428
197611181,114.391,115.717,430,27134,0.266306,0.15,1,2526318,2525888,430
197631621,13.2443,12.9433,431,27676,0.429286,0.21,1,2526542,2526111,431
197634541,24.4977,24.9773,430,27753,0.441714,0.31,1,2526574,2526144,430
197669581,45.7354,76.0111,474,28654,0.758917,0.63,2,2527277,2526803,474
197672501,57.2942,44.8044,515,28728,0.777567,0.65,2,2527342,2526827,515
197675421,45.1177,56.3218,488,28802,0.773027,0.63,2,2527379,2526891,488
197678341,33.0471,44.1287,477,28876,0.771211,0.65,2,2527404,2526927,477
197681261,32.4188,31.4515,486,28949,0.794484,0.67,2,2527436,2526950,486
197695861,46.6107,78.3384,483,29313,0.902001,0.77,2,2527736,2527253,483
197698781,58.2443,45.7354,525,29385,0.9188,0.79,2,2527802,2527277,525
197701701,44.8977,57.2941,496,29457,0.93752,0.77,2,2527838,2527342,496
197704621,34.1591,45.1177,486,29529,0.933008,0.77,2,2527865,2527379,486
197707541,32.8636,33.0471,493,29601,0.943203,0.81,2,2527897,2527404,493
197710461,14.3455,32.4188,463,29673,0.947281,0.81,2,2527899,2527436,463
197803901,112.218,24.4165,660,31877,0.91,1,2,2529548,2528888,660
197809741,46.1549,65.5866,510,32009,0.7756,1,2,2529616,2529106,510
197830181,32.0398,32.3623,505,32469,0.445876,1,1,2529859,2529354,505
197833101,104.616,28.5449,632,32534,0.400351,0.85,1,2530012,2529380,632
197844781,13.4878,35.8619,455,32794,0.429145,0.67,1,2530100,2529645,455
197847701,29.3951,39.5448,453,32858,0.441658,0.53,1,2530140,2529687,453
197888581,32.8204,32.4093,447,33748,0.776666,0.53,2,2530689,2530242,447
197891501,31.1282,30.3637,448,33811,0.796666,0.47,2,2530719,2530271,448
197906101,32.7946,31.9592,452,34122,0.941383,0.65,2,2530993,2530541,452
197909021,14.3178,13.9837,452,34184,0.934553,0.63,2,2530995,2530543,452
197920701,35.2337,32.6524,492,34432,0.938373,0.81,2,2531150,2530658,492
197923621,32.0935,31.661,491,34493,0.945349,0.81,2,2531180,2530689,491
197926541,27.2374,30.6644,485,34554,0.94814,0.81,2,2531204,2530719,485
198066701,90.5243,28.6193,638,37379,0.9172,1,2,2533276,2532638,638
198072541,45.5639,68.2991,505,37492,0.769552,1,2,2533347,2532842,505
198180581,50.3572,48.9294,453,39524,0.795875,0.63,2,2534667,2534214,453
198195181,32.3358,32.758,451,39789,0.912191,0.63,2,2534825,2534374,451
198198101,29.7343,29.9032,451,39842,0.922877,0.59,2,2534853,2534402,451
198201021,26.8937,26.9613,451,39895,0.915151,0.65,2,2534878,2534427,451
198203941,31.1575,29.3845,454,39948,0.94806,0.69,2,2534912,2534458,454
198402501,29.8318,34.1589,521,43395,0.908906,1,2,2537343,2536822,521
198411261,32.1012,30.5542,516,43542,0.77745,1,2,2537425,2536909,516
198463821,24.6699,40.1185,468,44406,0.76205,0.65,2,2538045,2537577,468
198466741,22.468,25.6474,473,44454,0.77882,0.61,2,2538066,2537593,473
198469661,10.1872,24.659,451,44501,0.785528,0.61,2,2538068,2537617,451
198481341,32.8912,32.4265,454,44689,0.902494,0.65,2,2538200,2537746,454
198484261,33.5565,33.3706,454,44736,0.918997,0.63,2,2538234,2537780,454
198487181,29.0226,29.5482,453,44783,0.925599,0.63,2,2538260,2537807,453
198490101,19.409,17.8193,456,44830,0.91624,0.69,2,2538273,2537817,456
198493021,23.9636,23.3277,456,44877,0.900496,0.69,2,2538300,2537844,456
198513461,10.7475,10.1872,461,45206,0.905877,0.81,2,2538529,2538068,461
198516381,23.499,22.6749,462,45253,0.932351,0.83,2,2538561,2538099,462
198665301,31.3084,31.9034,487,47571,0.938158,1,2,2540162,2539675,487
198723701,38.9721,41.8271,458,48451,0.757354,0.63,2,2540758,2540300,458
198729541,36.8355,39.8123,452,48537,0.770377,0.57,2,2540833,2540381,452
198732461,31.5342,31.5249,454,48580,0.782151,0.57,2,2540861,2540407,454
198749981,20.5756,21.9666,448,48838,0.917394,0.57,2,2540980,2540532,448
198752901,29.8303,8.78665,484,48881,0.936958,0.61,2,2541016,2540532,484
198755821,36.5321,23.3147,492,48924,0.944783,0.67,2,2541057,2540565,492
198764581,28.8821,28.8521,482,49053,0.944386,0.73,2,2541140,2540658,482
198936861,23.7548,19.2016,503,51526,0.9316,1,2,2542857,2542354,503
198942701,19.5208,26.5923,499,51608,0.903856,1,2,2542900,2542401,499
198948541,30.7233,35.3348,489,51690,0.789017,1,2,2542964,2542475,489
198951461,30.2893,26.1339,499,51731,0.777607,1,2,2542994,2542495,499
199018621,32.7687,29.1927,478,52658,0.447028,0.53,1,2543609,2543131,478
199071181,31.1658,32.7687,443,53376,0.769082,0.47,2,2544052,2543609,443
199074101,33.4663,32.3075,446,53415,0.793633,0.53,2,2544087,2543641,446
199079941,28.6346,29.1692,446,53493,0.783381,0.49,2,2544148,2543702,446
199082861,29.4538,29.6677,446,53532,0.799352,0.51,2,2544178,2543732,446
199085781,22.5815,22.0671,447,53571,0.781741,0.49,2,2544196,2543749,447
199088701,19.8326,20.2268,446,53610,0.774696,0.55,2,2544214,2543768,446
199094541,18.7732,18.1163,449,53688,0.773151,0.55,2,2544258,2543809,449
199097461,24.9093,24.6465,449,53727,0.77126,0.57,2,2544287,2543838,449
199100381,30.3637,29.6586,450,53766,0.794504,0.63,2,2544321,2543871,450
199103301,30.1455,29.2634,451,53805,0.779802,0.61,2,2544351,2543900,451
199106221,26.4582,25.5054,452,53844,0.773921,0.67,2,2544375,2543923,452
199109141,23.1833,21.6022,454,53883,0.783568,0.65,2,2544396,2543942,454
199112061,22.4733,20.0409,457,53922,0.787427,0.69,2,2544418,2543961,457
199114981,10.1893,9.21634,457,53961,0.788971,0.75,2,2544420,2543963,457
199138341,22.5816,22.5815,460,54273,0.906438,0.77,2,2544656,2544196,460
199141261,19.8326,19.8326,460,54312,0.920575,0.73,2,2544674,2544214,460
199144181,25.3331,25.933,459,54351,0.91423,0.79,2,2544703,2544244,459
199147101,18.5332,18.7732,459,54390,0.947692,0.77,2,2544717,2544258,459
199152941,30.5653,30.3637,460,54468,0.942431,0.77,2,2544781,2544321,460
199290181,29.5657,33.4765,494,56255,0.920781,0.99,2,2546009,2545515,494
199296021,26.5705,28.7562,489,56329,0.791725,1,2,2546061,2545572,489
199301861,22.9713,24.881,487,56403,0.771076,1,2,2546106,2545619,487
199331061,24.2318,25.8398,474,56773,0.427092,0.93,1,2546348,2545874,474
199333981,19.8927,23.5359,469,56810,0.428837,0.97,1,2546365,2545896,469
199336901,19.9571,23.2144,466,56847,0.405535,1,1,2546385,2545919,466
199339821,32.5828,30.2857,472,56884,0.432214,0.93,1,2546426,2545954,472
199342741,24.4331,25.9143,468,56921,0.430886,0.9,1,2546445,2545977,468
199406981,23.0221,24.2437,465,57732,0.783561,0.47,2,2546964,2546499,465
199409901,21.2088,22.2975,464,57768,0.799424,0.49,2,2546984,2546520,464
199415741,22.4734,21.9276,467,57840,0.796308,0.53,2,2547029,2546562,467
199491661,23.5771,24.7387,485,58776,0.901712,0.85,2,2547657,2547172,485
199497501,25.0123,21.2382,491,58848,0.903874,0.89,2,2547705,2547214,491
199500421,19.6049,24.0953,481,58884,0.90755,0.89,2,2547721,2547240,481
199503341,19.842,19.2381,485,58920,0.90902,0.87,2,2547741,2547256,485
199506261,35.5368,20.2952,510,58956,0.933608,0.89,2,2547787,2547277,510
199757381,60.4374,57.2985,509,29708,0.78391,0.57,2,2550346,2549837,509
199760301,37.375,57.7194,473,29779,0.775564,0.67,2,2550368,2549895,473
199763221,16.15,36.2878,453,29850,0.796226,0.69,2,2550370,2549917,453
199780741,58.7594,58.2336,459,30273,0.925186,0.75,2,2550685,2550226,459
199783661,58.3038,58.0935,459,30343,0.928074,0.81,2,2550743,2550284,459
199909221,49.7748,49.6606,484,33208,0.9172,1,2,2552751,2552267,484
199917981,37.9616,36.2263,496,33399,0.786621,1,2,2552859,2552363,496
199926741,33.9655,33.2545,488,33588,0.750424,1,2,2552952,2552464,488
199947181,36.8952,39.404,463,34026,0.905932,0.75,2,2553285,2552822,463
199950101,35.1581,37.9616,460,34088,0.920373,0.83,2,2553319,2552859,460
199976381,35.6488,47.5192,491,34642,0.904914,0.91,2,2553711,2553220,491
199979301,37.0595,35.2077,502,34703,0.919966,0.91,2,2553749,2553247,502
199982221,35.8238,36.8831,499,34764,0.937986,0.93,2,2553784,2553285,499
200084421,33.0083,35.3922,483,36832,0.939856,1,2,2555218,2554735,483
200093181,34.0805,35.0011,487,37003,0.782311,1,2,2555320,2554833,487
200139901,36.8666,42.5487,486,37906,0.775807,0.69,2,2555934,2555448,486
200154501,31.3279,33.2351,480,38184,0.914328,0.61,2,2556134,2555654,480
200157421,33.5312,30.694,486,38239,0.935731,0.69,2,2556169,2555683,486
200160341,32.6125,32.0776,485,38294,0.944293,0.65,2,2556201,2555716,485
200163261,32.845,32.031,486,38349,0.935717,0.69,2,2556234,2555748,486
200396861,34.4647,33.882,509,42529,0.9352,1,2,2559156,2558647,509
200402701,35.1544,36.6211,501,42629,0.941632,1,2,2559224,2558723,501
200411461,34.1939,35.8718,495,42777,0.780504,1,2,2559328,2558833,495
200417301,32.951,41.0195,479,42875,0.757281,1,2,2559390,2558911,479
200431901,32.2257,29.2546,504,43120,0.414727,1,1,2559559,2559055,504
200443581,34.0074,32.1841,506,43316,0.290985,0.92,1,2559693,2559187,506
200446501,35.203,35.0736,505,43365,0.242394,0.84,1,2559729,2559224,505
200449421,30.2812,37.4295,493,43414,0.246958,0.79,1,2559756,2559263,493
200452341,31.3125,32.9718,495,43463,0.224783,0.75,1,2559788,2559293,495
200455261,27.525,34.1887,485,43512,0.215913,0.71,1,2559813,2559328,485
200475701,30.4477,32.2257,475,43848,0.21387,0.37,1,2560034,2559559,475
200481541,30.7916,31.7961,469,43944,0.265819,0.31,1,2560094,2559625,469
200490301,30.6027,35.203,460,44088,0.416612,0.25,1,2560189,2559729,460
200493221,29.6411,30.2812,462,44136,0.436645,0.21,1,2560218,2559756,462
200499061,26.9426,27.525,457,44232,0.440663,0.17,1,2560270,2559813,457
200501981,34.777,29.01,467,44280,0.434265,0.17,1,2560310,2559843,467
200580821,30.6597,30.5111,450,45548,0.758341,0.57,2,2561112,2560662,450
200583741,27.2639,26.6044,451,45594,0.765337,0.57,2,2561137,2560686,451
200586661,26.5055,26.8418,450,45640,0.756135,0.59,2,2561163,2560713,450
200592501,35.6809,36.0947,450,45732,0.794182,0.61,2,2561240,2560790,450
200601261,14.2356,14.0221,451,45870,0.784988,0.61,2,2561303,2560852,451
200642141,32.4394,30.4721,493,46511,0.917939,0.81,2,2561760,2561267,493
200645061,14.1758,32.5888,461,46556,0.925176,0.77,2,2561762,2561301,461
200861141,174.504,169.693,502,22724,0.213309,0.69,1,2564092,2563590,502
200881581,76.1934,41.2813,502,23369,0.227944,0.03,1,2564516,2564014,502
200884501,69.4774,63.3125,489,23460,0.241178,0.15,1,2564581,2564092,489
200887421,59.5909,62.525,480,23550,0.258471,0.11,1,2564634,2564154,480
200890341,56.8364,57.41,481,23640,0.277388,0.09,1,2564689,2564208,481
200904941,68.5183,76.0112,434,24085,0.415669,0.25,1,2564950,2564516,434
200907861,67.6073,69.4045,436,24173,0.448268,0.27,1,2565017,2564581,436
200969181,42.4453,66.7355,479,25952,0.917953,0.73,2,2566191,2565712,479
200972101,18.1781,41.0942,457,26034,0.925181,0.73,2,2566193,2565736,457
201065541,53.0878,19.3501,553,28521,0.901696,1,2,2567993,2567440,553
201077221,55.3446,37.873,540,28817,0.780763,1,2,2568209,2567669,540
201094741,56.975,53.0866,542,29255,0.403823,1,1,2568535,2567993,542
201097661,45.59,62.6347,511,29327,0.407529,0.83,1,2568573,2568062,511
201103501,52.4144,40.8615,521,29471,0.436005,0.75,1,2568665,2568144,521
201144381,32.2989,33.0314,447,30461,0.758068,0.59,2,2569299,2568852,447
201147301,53.1196,51.0126,451,30530,0.765227,0.59,2,2569366,2568915,451
201153141,44.9791,44.642,451,30668,0.795636,0.61,2,2569428,2568977,451
201176501,52.1519,53.1196,458,31216,0.901505,0.73,2,2569824,2569366,458
201179421,22.0608,22.4478,458,31284,0.930602,0.73,2,2569826,2569368,458
201182341,46.0243,8.97913,520,31352,0.906241,0.83,2,2569888,2569368,520
201185261,43.0097,39.5917,501,31419,0.920496,0.87,2,2569929,2569428,501
201188181,34.6039,39.2367,491,31486,0.938199,0.85,2,2569958,2569467,491
201191101,54.6416,32.4947,531,31553,0.945279,0.87,2,2570026,2569495,531
201194021,63.2566,54.3979,531,31620,0.948112,0.79,2,2570095,2569564,531
201296221,36.5895,36.1008,496,33883,0.9196,1,2,2571677,2571181,496
201302061,40.5343,34.5761,498,34007,0.767536,1,2,2571766,2571268,498
201316661,33.7799,14.8155,515,34317,0.405712,1,1,2571940,2571425,515
201322501,75.0048,46.5305,564,34441,0.200514,1,1,2572086,2571522,564
201351701,38.5277,33.7795,483,35050,0.200773,0.29,1,2572423,2571940,483
201354621,67.6111,43.5118,520,35110,0.242309,0.11,1,2572510,2571990,520
201357541,47.4444,75.0047,458,35170,0.270924,0.11,1,2572544,2572086,458
201360461,31.5778,49.8019,446,35230,0.294369,0.11,1,2572565,2572119,446
201386741,31.5151,38.5277,432,35766,0.425588,0.27,1,2572855,2572423,432
201389661,66.606,67.6111,435,35825,0.428235,0.29,1,2572945,2572510,435
201450981,34.0453,32.9005,449,37044,0.757506,0.57,2,2573700,2573251,449
201453901,14.8181,14.3602,449,37101,0.789002,0.59,2,2573702,2573253,449
201456821,33.5272,32.1441,451,37158,0.789601,0.59,2,2573748,2573297,451
201480181,38.2106,34.6763,496,37611,0.908656,0.73,2,2574091,2573595,496
201483101,35.6843,37.2705,491,37667,0.945462,0.75,2,2574125,2573634,491
201664141,308.113,346.276,463,17520,0.41128,0.53,1,2576435,2575972,463
201667061,188.045,197.91,472,18366,0.230512,0.35,1,2576543,2576071,472
201672901,98.3672,114.946,465,18597,0.0836819,0.05,1,2576721,2576256,465
201675821,76.5469,95.7783,444,18711,0.0514728,0.07,1,2576783,2576339,444
201678741,57.6188,77.9113,423,18824,0.0265891,0.05,1,2576828,2576405,423
201681661,41.0475,41.9645,435,18937,0.0286356,0.11,1,2576858,2576423,435
201687501,96.4476,99.7143,425,19160,0.214582,0.05,1,2577075,2576650,425
201690421,80.579,82.4857,424,19271,0.271833,0.03,1,2577145,2576721,424
201696261,54.2926,55.0777,422,19490,0.282293,0.03,1,2577250,2576828,422
201699181,39.7171,40.0311,422,19599,0.274917,0.03,1,2577280,2576858,422
201702101,86.6868,16.0124,540,19707,0.271967,0.15,1,2577398,2576858,540
201705021,102.475,73.605,541,19815,0.294787,0.29,1,2577511,2576970,541
201719621,87.6375,39.6145,553,20344,0.410875,0.27,1,2577833,2577280,553
201722541,104.655,86.6458,551,20448,0.43435,0.31,1,2577949,2577398,551
201763421,85.2836,85.2027,452,21855,0.767709,0.65,2,2578845,2578393,452
201769261,69.5654,67.5124,456,22049,0.906433,0.69,2,2578982,2578526,456
201772181,53.0262,52.205,456,22145,0.944573,0.67,2,2579024,2578568,456
201853941,76.3229,71.417,491,24684,0.91,1,2,2580880,2580389,491
201859781,39.0917,38.5467,493,24856,0.79,1,2,2580938,2580445,493
201865621,78.8547,86.9275,477,25026,0.4492,1,1,2581077,2580600,477
201868541,54.9419,49.171,492,25111,0.25768,1,1,2581116,2580624,492
201877301,70.0443,76.3229,467,25363,0.0896915,0.81,1,2581347,2580880,467
201880221,38.2177,43.7292,462,25447,0.0898766,0.81,1,2581364,2580902,462
201883141,35.0871,17.4917,495,25530,0.0659506,0.75,1,2581397,2580902,495
201886061,29.0348,28.5967,484,25613,0.0683803,0.67,1,2581422,2580938,484
201888981,65.6139,29.4387,544,25696,0.0693521,0.27,1,2581512,2580968,544
201891901,41.2456,77.1755,460,25778,0.0697408,0.13,1,2581537,2581077,460
201894821,69.8982,54.2702,510,25860,0.0698963,0.05,1,2581626,2581116,510
201897741,75.3593,74.5081,501,25942,0.0459585,0.11,1,2581705,2581204,501
201900661,69.7437,76.0032,490,26024,0.0243834,0.07,1,2581771,2581281,490
201903581,37.4975,70.0013,440,26105,0.0277534,0.09,1,2581787,2581347,440
201906501,34.199,38.2005,455,26186,0.0771013,0.05,1,2581819,2581364,455
201909421,28.6796,35.0802,447,26267,0.0608405,0.07,1,2581844,2581397,447
201912341,66.6718,29.0321,514,26348,0.0783362,0.07,1,2581936,2581422,514
201918181,69.2275,41.2451,511,26508,0.0977338,0.07,1,2582048,2581537,511
201921101,75.091,69.8981,501,26588,0.0450935,0.03,1,2582127,2581626,501
201924021,69.6364,75.3592,488,26668,0.0360374,0.01,1,2582193,2581705,488
201926941,39.2546,69.7437,441,26747,0.044415,0.03,1,2582212,2581771,441
201929861,34.3018,37.4975,456,26826,0.023766,0.11,1,2582243,2581787,456
201932781,29.3207,34.199,450,26905,0.0395064,0.05,1,2582269,2581819,450
201935701,12.9283,28.6796,427,26984,0.0458026,0.09,1,2582271,2581844,427
201944461,68.1234,69.2275,426,27218,0.0953314,0.01,1,2582474,2582048,426
201947381,72.2494,75.091,422,27296,0.0801325,0.03,1,2582549,2582127,422
201950301,69.0997,69.6364,423,27374,0.086053,0.05,1,2582616,2582193,423
201953221,38.4399,39.2546,422,27451,0.0884212,0.01,1,2582634,2582212,422
201956141,35.176,34.3018,424,27528,0.0653685,0.05,1,2582667,2582243,424
201959061,29.6704,29.3207,424,27605,0.0801474,0.05,1,2582693,2582269,424
201961981,13.0682,12.9283,424,27682,0.086059,0.15,1,2582695,2582271,424
201970741,67.8204,68.1234,426,27911,0.205428,0.07,1,2582900,2582474,426
201973661,70.3281,72.2494,423,27987,0.220171,0.09,1,2582972,2582549,423
201976581,68.9313,69.0997,424,28063,0.298068,0.09,1,2583040,2582616,424
201994101,41.2486,58.4909,455,28512,0.401501,0.19,1,2583244,2582789,455
201997021,69.2994,37.7964,519,28586,0.4306,0.23,1,2583332,2582813,519
202046661,42.3914,64.2814,474,29819,0.754672,0.51,2,2584132,2583658,474
202052501,61.8626,70.765,450,29961,0.793947,0.57,2,2584225,2583775,450
202081701,63.6205,61.8626,461,30659,0.926841,0.83,2,2584686,2584225,461
202213101,33.752,39.319,498,33624,0.9436,1,2,2586778,2586280,498
202216021,35.1008,42.7276,489,33687,0.93544,1,2,2586814,2586325,489
202245221,24.9723,15.752,496,34310,0.431068,0.93,1,2587244,2586748,496
202248141,30.3889,24.3008,500,34372,0.418427,0.93,1,2587278,2586778,500
202251061,30.1556,31.3203,494,34434,0.413371,0.87,1,2587308,2586814,494
202262741,40.5976,49.9778,489,34678,0.295654,0.69,1,2587492,2587003,489
202265661,36.039,42.7911,484,34739,0.280262,0.71,1,2587525,2587041,484
202268581,66.6156,35.7164,540,34800,0.286105,0.51,1,2587612,2587072,540
202271501,43.4462,70.6866,474,34861,0.264442,0.41,1,2587640,2587166,474
202274421,34.1785,48.0746,469,34922,0.243777,0.45,1,2587668,2587199,469
202277341,23.8714,35.4299,459,34983,0.283511,0.41,1,2587685,2587226,459
202297781,34.6111,40.5976,466,35403,0.438423,0.27,1,2587958,2587492,466
202359101,50.243,50.7973,448,36637,0.764138,0.59,2,2588734,2588286,448
202362021,50.0972,49.7189,449,36695,0.755655,0.59,2,2588784,2588335,449
202364941,40.4389,40.2876,449,36753,0.788262,0.59,2,2588818,2588369,449
202367861,35.3756,35.315,449,36810,0.789305,0.63,2,2588850,2588401,449
202376621,35.312,34.3242,454,36981,0.902276,0.69,2,2589003,2588549,454
202379541,26.1248,25.7297,454,37038,0.90691,0.69,2,2589023,2588569,454
202382461,11.6499,11.4919,454,37095,0.932764,0.71,2,2589025,2588571,454
202385381,24.46,23.7967,455,37152,0.931106,0.71,2,2589058,2588603,455
202388301,31.984,9.5187,492,37209,0.906442,0.73,2,2589095,2588603,492
202391221,33.1936,24.8075,491,37266,0.908577,0.73,2,2589129,2588638,491
202394141,51.0774,30.323,520,37323,0.921431,0.79,2,2589192,2588672,520
202397061,51.031,49.3292,509,37380,0.926572,0.75,2,2589243,2588734,509
202642341,38.8517,40.648,491,41861,0.928,1,2,2592400,2591909,491
202651101,36.0145,29.9375,518,42011,0.753712,1,2,2592519,2592001,518
202674461,23.07,35.5579,483,42411,0.285035,1,1,2592739,2592256,483
202677381,46.428,56.8231,474,42461,0.228014,1,1,2592801,2592327,474
202686141,39.7874,44.3407,462,42611,0.0714729,0.77,1,2592910,2592448,462
202689061,36.915,40.5363,459,42661,0.0585892,0.71,1,2592945,2592486,459
202691981,33.366,36.0145,457,42710,0.0294357,0.63,1,2592976,2592519,457
202694901,25.9464,29.4058,453,42759,0.0657743,0.61,1,2592997,2592544,453
202697821,29.5786,32.1623,451,42808,0.0563097,0.55,1,2593029,2592578,451
202700741,31.0314,33.8649,448,42857,0.0645239,0.47,1,2593061,2592613,448
202703661,23.8126,28.546,442,42906,0.0678096,0.41,1,2593080,2592638,442
202706581,15.525,19.2184,439,42955,0.0451238,0.33,1,2593090,2592651,439
202709501,24.81,28.6874,435,43004,0.0480495,0.33,1,2593121,2592686,435
202712421,31.524,11.4749,471,43053,0.0372198,0.31,1,2593157,2592686,471
202715341,22.2096,26.79,450,43102,0.0808879,0.25,1,2593173,2592723,450
202718261,42.4838,20.316,490,43151,0.0983552,0.19,1,2593229,2592739,490
202732861,33.8478,36.8868,454,43396,0.22053,0.01,1,2593399,2592945,454
202735781,27.3391,33.3547,446,43445,0.226212,0.09,1,2593422,2592976,446
202738701,27.7357,25.9419,453,43494,0.228485,0.05,1,2593450,2592997,453
202741621,32.0943,29.5768,456,43543,0.265394,0.07,1,2593485,2593029,456
202744541,23.0377,31.0307,441,43591,0.268158,0.07,1,2593502,2593061,441
202747461,15.2151,23.8123,432,43639,0.269263,0.03,1,2593512,2593080,432
202750381,25.286,15.5249,454,43687,0.269705,0.05,1,2593544,2593090,454
202753301,32.3144,24.81,460,43735,0.233882,0.03,1,2593581,2593121,460
202756221,24.3258,31.524,443,43783,0.243553,0.11,1,2593600,2593157,443
202759141,42.7303,22.2096,482,43831,0.259421,0.11,1,2593655,2593173,482
202762061,39.8921,42.4838,464,43879,0.277768,0.17,1,2593693,2593229,464
202764981,31.5568,37.9935,455,43927,0.297107,0.13,1,2593719,2593264,455
202767901,38.4227,31.9974,470,43975,0.280843,0.17,1,2593762,2593292,470
202770821,36.3691,36.799,465,44023,0.286337,0.19,1,2593797,2593332,465
202788341,15.2836,23.0377,444,44311,0.403549,0.27,1,2593946,2593502,444
202791261,25.3134,15.2151,466,44359,0.40742,0.27,1,2593978,2593512,466
202794181,30.5254,25.286,468,44407,0.408968,0.21,1,2594012,2593544,468
202797101,23.6101,32.3144,450,44455,0.421587,0.25,1,2594031,2593581,450
202800021,10.6441,24.3258,433,44502,0.426635,0.27,1,2594033,2593600,433
202881781,31.1907,30.5687,448,45809,0.770142,0.55,2,2594902,2594454,448
202884701,25.0763,24.2275,449,45855,0.782057,0.59,2,2594923,2594474,449
202887621,11.2305,10.891,449,45901,0.786823,0.61,2,2594925,2594476,449
202893461,39.9569,15.6626,490,45993,0.794292,0.59,2,2595024,2594534,490
202896381,31.5828,30.265,476,46039,0.791717,0.59,2,2595050,2594574,476
202913901,37.7291,29.893,497,46315,0.922241,0.71,2,2595265,2594768,497
202916821,25.2916,36.5572,473,46361,0.926897,0.73,2,2595282,2594809,473
202919741,16.1167,24.2229,467,46406,0.928759,0.73,2,2595292,2594825,467
202922661,26.2467,15.6892,490,46451,0.929504,0.75,2,2595325,2594835,490
202925581,33.2987,25.4757,496,46496,0.941801,0.79,2,2595363,2594867,496
203094941,26.5354,32.5767,507,49054,0.936432,1,2,2597131,2596624,507
203097861,32.8142,28.0307,519,49097,0.908573,1,2,2597168,2596649,519
203109541,27.3312,24.1752,508,49269,0.799659,1,2,2597292,2596784,508
203112461,31.3325,24.6701,517,49312,0.793864,1,2,2597326,2596809,517
203118301,23.8532,26.7472,505,49398,0.752218,0.96,2,2597370,2596865,505
203138741,29.9184,30.0964,501,49697,0.772592,0.94,2,2597576,2597075,501
203141661,26.9673,31.8386,493,49739,0.771037,0.92,2,2597601,2597108,493
203162101,26.11,31.3325,479,50033,0.913627,0.83,2,2597805,2597326,479
203165021,23.644,25.133,480,50075,0.935451,0.71,2,2597827,2597347,480
203167941,23.8576,23.8532,481,50117,0.92018,0.71,2,2597851,2597370,481
203170861,27.543,23.9413,487,50159,0.926072,0.73,2,2597881,2597394,487
203173781,35.0172,28.7765,495,50201,0.916429,0.71,2,2597921,2597426,495
203176701,31.4069,34.3106,486,50243,0.936572,0.71,2,2597950,2597464,486
203179621,23.3628,31.7242,474,50285,0.944629,0.71,2,2597968,2597494,474
203182541,10.5451,23.4897,458,50327,0.947851,0.77,2,2597970,2597512,458
203392781,335.15,347.403,507,23360,0.778,0.97,2,2600048,2599541,507
203427821,62.536,62.7847,453,25126,0.766301,0.67,2,2600746,2600293,453
203445341,66.4908,39.5217,534,25627,0.938738,0.71,2,2601089,2600555,534
203638061,37.2159,34.4729,489,30603,0.287732,1,1,2604562,2604073,489
203640981,41.8864,49.1892,475,30672,0.217093,0.95,1,2604607,2604132,475
203655581,47.3374,51.4346,443,31016,0.247666,0.31,1,2604852,2604409,443
203658501,38.135,43.3738,437,31084,0.213067,0.29,1,2604884,2604447,437
203664341,40.1816,43.5398,431,31220,0.229691,0.27,1,2604960,2604529,431
203667261,34.6726,37.2159,429,31288,0.265876,0.27,1,2604991,2604562,429
203670181,40.8691,14.8864,474,31356,0.244351,0.17,1,2605036,2604562,474
203673101,55.3476,32.9545,494,31423,0.27174,0.17,1,2605101,2604607,494
203676021,40.739,53.9818,457,31490,0.282696,0.13,1,2605132,2604675,457
203687701,37.0861,47.2459,460,31758,0.411253,0.19,1,2605312,2604852,460
203690621,36.4344,38.0984,464,31825,0.434501,0.19,1,2605348,2604884,464
203746101,49.6006,49.6008,452,33064,0.795192,0.59,2,2606175,2605723,452
203778221,51.009,49.6006,461,33761,0.934154,0.81,2,2606636,2606175,461
203781141,39.6036,38.4402,462,33824,0.943662,0.81,2,2606668,2606206,462
203784061,38.6414,38.1761,462,33887,0.947465,0.83,2,2606706,2606244,462
203897941,38.8692,37.7647,484,36240,0.90237,1,2,2608347,2607863,484
203935901,34.3495,37.1477,465,36990,0.753647,0.85,2,2608848,2608383,465
203938821,38.9398,41.2591,463,37047,0.751459,0.85,2,2608890,2608427,463
203941741,31.1759,33.3036,461,37104,0.786583,0.77,2,2608916,2608455,461
203944661,29.2704,33.7215,455,37161,0.776633,0.77,2,2608944,2608489,455
203947581,44.1081,13.4886,509,37218,0.784653,0.81,2,2608998,2608489,509
203950501,38.0433,36.5954,491,37275,0.787861,0.81,2,2609032,2608541,491
203962181,38.9659,35.2568,497,37502,0.903801,0.71,2,2609187,2608690,497
203965101,48.5864,40.5027,508,37558,0.907521,0.75,2,2609242,2608734,508
203968021,36.2345,47.4011,484,37614,0.921008,0.73,2,2609270,2608786,484
203970941,35.4938,36.3604,490,37670,0.914403,0.77,2,2609305,2608815,490
203973861,39.9975,34.3442,500,37726,0.935761,0.75,2,2609348,2608848,500
204111101,36.0024,40.6305,516,40274,0.794071,1,2,2611095,2610579,516
204125701,33.8602,42.3652,511,40534,0.41591,0.98,1,2611293,2610782,511
204175341,33.3446,35.8871,469,41410,0.421981,0.41,1,2611877,2611408,469
204178261,31.3378,31.7548,470,41461,0.438792,0.33,1,2611907,2611437,470
204219141,32.6341,31.3378,445,42168,0.756369,0.47,2,2612352,2611907,445
204222061,22.6536,22.1351,445,42218,0.788547,0.47,2,2612368,2611923,445
204227901,23.3046,22.6216,446,42318,0.782568,0.53,2,2612402,2611956,446
204230821,30.9218,30.6486,446,42368,0.799027,0.55,2,2612438,2611992,446
204248341,33.5443,32.5829,455,42668,0.90574,0.69,2,2612664,2612209,455
204251261,41.0177,40.0332,456,42717,0.932296,0.73,2,2612710,2612254,456
204254181,36.2071,35.2133,457,42766,0.930918,0.75,2,2612743,2612286,457
204257101,36.6828,35.0853,459,42815,0.942367,0.77,2,2612780,2612321,459
204260021,33.8731,32.6341,460,42864,0.946947,0.81,2,2612812,2612352,460
204489241,178.66,183.7,501,21270,0.2452,0.96,1,2615439,2614938,501
204495081,78.2655,87.2319,488,21469,0.069232,0.63,1,2615562,2615074,488
204498001,84.1062,85.2928,492,21568,0.0336928,0.27,1,2615650,2615158,492
204500921,82.8425,84.5171,490,21666,0.0794771,0.09,1,2615732,2615242,490
204503841,52.337,79.4068,446,21764,0.0497908,0.03,1,2615764,2615318,446
204506761,38.3348,53.9627,438,21861,0.0619163,0.09,1,2615793,2615355,438
204509681,57.9339,71.9851,425,21958,0.0427665,0.05,1,2615864,2615439,425
204512601,62.1736,68.994,423,22055,0.0351066,0.03,1,2615929,2615506,423
204515521,58.4694,61.1976,423,22151,0.0320426,0.01,1,2615985,2615562,423
204518441,76.1878,77.279,423,22247,0.0908171,0.11,1,2616073,2615650,423
204530121,58.1584,15.1591,495,22626,0.212613,0.03,1,2616288,2615793,495
204533041,61.0634,48.6637,487,22720,0.211045,0.03,1,2616351,2615864,487
204544721,51.872,81.2378,458,23091,0.208203,0.21,1,2616616,2616158,458
204547641,37.5488,49.8951,457,23183,0.233281,0.19,1,2616644,2616187,457
204550561,60.6195,37.358,504,23274,0.243312,0.23,1,2616720,2616216,504
204553481,61.4478,58.1432,494,23365,0.295325,0.21,1,2616782,2616288,494
204562241,83.3967,77.4492,517,23636,0.422821,0.17,1,2617015,2616498,517
204565161,53.7587,83.1797,464,23726,0.427128,0.23,1,2617049,2616585,464
204611881,53.9579,55.0088,444,25117,0.760742,0.49,2,2617939,2617495,444
204614801,38.9832,38.8035,445,25201,0.778297,0.57,2,2617968,2617523,445
204740361,37.0054,41.0577,506,28591,0.94,1,2,2620347,2619841,506
204743281,56.2021,31.4231,550,28665,0.91,1,2,2620416,2619866,550
204746201,50.0809,61.7692,514,28739,0.91,1,2,2620462,2619948,514
204752041,47.3729,46.8431,518,28886,0.7972,1,2,2620548,2620030,518
204819201,52.2762,51.8068,455,30526,0.764571,0.63,2,2621698,2621243,455
204822121,22.1105,21.9227,455,30595,0.779828,0.69,2,2621700,2621245,455
204825041,20.8442,21.3691,454,30664,0.773931,0.65,2,2621720,2621266,454
204839641,85.3741,83.3155,456,31008,0.933394,0.75,2,2622019,2621563,456
204842561,61.1496,59.7262,457,31076,0.943358,0.73,2,2622064,2621607,457
204845481,43.6599,43.6905,456,31144,0.947343,0.79,2,2622096,2621640,456
204962281,66.7213,83.5141,477,33753,0.9148,1,2,2623910,2623433,477
204968121,50.1554,49.3623,490,33879,0.761968,1,2,2624019,2623529,490
204991481,27.7907,28.7433,497,34375,0.442251,0.92,1,2624290,2623793,497
204997321,66.0065,65.4389,533,34498,0.24716,0.79,1,2624443,2623910,533
205017761,34.1472,28.4782,486,34925,0.225081,0.51,1,2624684,2624198,486
205020681,26.8589,34.1913,470,34986,0.228033,0.41,1,2624706,2624236,470
205023601,25.7436,30.4765,467,35046,0.289213,0.43,1,2624731,2624264,467
205038201,40.0979,50.161,463,35346,0.40331,0.15,1,2624993,2624530,463
205041121,35.2391,41.0644,460,35406,0.431324,0.17,1,2625025,2624565,460
205044041,29.6957,34.4258,456,35466,0.44253,0.15,1,2625051,2624595,456
205046961,26.8783,28.1703,457,35526,0.411012,0.21,1,2625076,2624619,457
205049881,35.3513,26.8681,472,35586,0.422405,0.25,1,2625117,2624645,472
205067401,44.7299,45.1116,439,35940,0.427085,0.41,1,2625346,2624907,439
205073241,41.4768,40.0979,442,36058,0.448734,0.45,1,2625435,2624993,442
205111201,38.5928,36.9907,446,36813,0.768744,0.51,2,2625915,2625469,446
205114121,30.4371,29.1963,447,36870,0.781498,0.55,2,2625940,2625493,447
205143321,42.5098,51.1215,493,37440,0.905884,0.73,2,2626337,2625844,493
205155001,38.9458,26.5663,508,37664,0.900871,0.85,2,2626472,2625964,508
205157921,29.9783,38.2265,486,37720,0.942348,0.83,2,2626496,2626010,486
205301001,28.6101,29.3675,504,40374,0.9304,1,2,2628331,2627827,504
205303921,41.444,32.147,520,40426,0.90616,1,2,2628381,2627861,520
205306841,40.5776,41.0588,513,40478,0.776464,1,2,2628421,2627908,513
205406121,30.9062,30.5063,451,42214,0.761227,0.63,2,2629579,2629128,451
205409041,13.5625,13.4025,451,42264,0.790491,0.63,2,2629581,2629130,451
205423641,37.287,36.9014,452,42514,0.905263,0.63,2,2629739,2629287,452
205426561,35.3148,34.5606,453,42564,0.944105,0.63,2,2629773,2629320,453
205429481,23.7259,23.4242,453,42614,0.935642,0.65,2,2629789,2629336,453
205432401,31.0904,30.3697,454,42664,0.944257,0.71,2,2629825,2629371,454
205683521,23.5155,17.5125,528,46723,0.9376,1,2,2632672,2632144,528
205695201,48.65,38.8483,525,46903,0.907443,1,2,2632802,2632277,525
205709801,33.983,35.194,512,47128,0.443395,1,1,2632990,2632478,512
205715641,25.8373,31.431,503,47218,0.288143,1,1,2633042,2632539,503
205718561,28.3349,30.5724,503,47263,0.241257,1,1,2633072,2632569,503
205721481,29.934,31.429,502,47308,0.222503,1,1,2633103,2632601,502
205741921,42.3655,48.65,459,47618,0.08601,0.79,1,2633261,2632802,459
205744841,41.5462,43.46,460,47662,0.064404,0.57,1,2633302,2632842,460
205747761,37.0185,44.984,448,47706,0.0677616,0.53,1,2633336,2632888,448
205750681,34.6074,38.3936,447,47750,0.0811046,0.43,1,2633369,2632922,447
205753601,33.043,36.9574,443,47794,0.0864419,0.41,1,2633401,2632958,443
205782801,14.4351,15.7846,426,48234,0.215404,0.13,1,2633602,2633176,426
205785721,24.3741,24.9138,426,48278,0.212162,0.05,1,2633633,2633207,426
205788641,40.9496,42.3655,424,48322,0.234865,0.05,1,2633685,2633261,424
205791561,39.7798,41.5462,422,48366,0.267946,0.07,1,2633724,2633302,422
205794481,36.9119,37.0185,423,48410,0.269178,0.09,1,2633759,2633336,423
205814921,27.3108,26.2123,430,48712,0.411612,0.17,1,2633963,2633533,430
205817841,25.3243,23.6849,432,48755,0.422645,0.17,1,2633987,2633555,432
205820761,11.3297,10.674,432,48798,0.403058,0.17,1,2633989,2633557,432
205823681,16.5319,17.4696,430,48841,0.407223,0.17,1,2634009,2633579,430
205826601,10.2128,6.98783,436,48884,0.420889,0.21,1,2634015,2633579,436
205829521,15.4851,6.39513,449,48927,0.414356,0.23,1,2634034,2633585,449
205832441,24.194,12.7581,462,48970,0.423742,0.21,1,2634064,2633602,462
205835361,42.0776,23.7032,485,49013,0.415497,0.25,1,2634118,2633633,485
205838281,40.231,40.6813,472,49056,0.424199,0.29,1,2634157,2633685,472
205841201,37.6924,39.6725,469,49099,0.43968,0.27,1,2634193,2633724,469
205844121,37.277,36.869,471,49142,0.433872,0.33,1,2634230,2633759,471
205847041,37.1108,36.3476,472,49185,0.419549,0.37,1,2634267,2633795,472
205849961,30.4443,34.939,464,49228,0.413819,0.39,1,2634293,2633829,464
205861641,27.525,26.2768,468,49400,0.40069,0.43,1,2634403,2633935,468
205864561,25.41,27.3107,464,49443,0.406276,0.43,1,2634427,2633963,464
205867481,11.364,25.3243,442,49486,0.40851,0.39,1,2634429,2633987,442
205870401,17.7456,11.3297,462,49529,0.433404,0.41,1,2634451,2633989,462
205873321,10.6982,16.5319,448,49572,0.419362,0.43,1,2634457,2634009,448
205876241,15.0793,10.2128,460,49615,0.437745,0.41,1,2634475,2634015,460
205931721,41.4018,41.2927,449,50413,0.75202,0.55,2,2635008,2634559,449
205960921,25.9191,25.5453,455,50832,0.904244,0.67,2,2635323,2634868,455
205963841,11.5676,11.4181,455,50873,0.931698,0.69,2,2635325,2634870,455
205966761,17.8271,18.3672,454,50914,0.918679,0.69,2,2635347,2634893,454
205969681,10.7308,10.9469,454,50955,0.949472,0.67,2,2635353,2634899,454
205975521,7.71693,7.5115,455,51037,0.942715,0.71,2,2635375,2634920,455
205978441,25.2868,24.0046,457,51078,0.947086,0.79,2,2635412,2634955,457
206197441,66.2492,74.0974,494,25160,0.09256,0.77,1,2637723,2637229,494
206200361,57.0997,65.039,486,25244,0.091024,0.67,1,2637774,2637288,486
206203281,76.2399,58.4156,521,25328,0.0664096,0.53,1,2637863,2637342,521
206238321,60.9271,43.0993,500,26315,0.200871,0.17,1,2638459,2637959,500
206241241,63.3709,59.8397,494,26396,0.254348,0.15,1,2638524,2638030,494
206244161,54.1483,62.3359,478,26476,0.299739,0.17,1,2638572,2638094,478
206302561,79.7063,77.6241,450,28033,0.776084,0.61,2,2639606,2639156,450
206317161,54.6012,53.3414,453,28409,0.905864,0.61,2,2639787,2639334,453
206325921,55.9825,51.2939,510,28632,0.903015,0.75,2,2639967,2639457,510
206328841,82.393,51.7175,558,28706,0.931206,0.81,2,2640067,2639509,558
206331761,49.7572,78.887,489,28780,0.918482,0.83,2,2640095,2639606,489
206334681,31.9029,47.1548,483,28854,0.913393,0.87,2,2640115,2639632,483
206337601,46.3612,30.2619,520,28927,0.923357,0.91,2,2640171,2639651,520
206340521,19.7445,45.7048,466,29000,0.927343,0.91,2,2640173,2639707,466
206346361,65.9191,54.5928,538,29146,0.927175,0.89,2,2640325,2639787,538
206457321,53.9325,36.1824,546,31789,0.927514,1,2,2642179,2641633,546
206460241,52.173,55.873,528,31856,0.773006,1,2,2642230,2641702,528
206474841,50.5551,76.4669,513,32186,0.201116,1,1,2642477,2641964,513
206480681,39.7688,40.1947,512,32318,0.215778,0.96,1,2642549,2642037,512
206483601,38.7075,37.0779,515,32383,0.200311,0.99,1,2642587,2642072,515
206504041,60.4641,76.8876,432,32838,0.226041,0.11,1,2642876,2642444,432
206506961,42.7856,50.5551,430,32902,0.228417,0.19,1,2642907,2642477,430
206509881,35.7143,39.422,429,32966,0.265367,0.23,1,2642938,2642509,429
206512801,40.6857,39.7688,433,33030,0.280147,0.19,1,2642982,2642549,433
206527401,30.336,30.5013,431,33350,0.412568,0.19,1,2643173,2642742,431
206530321,38.5344,37.4005,433,33413,0.411027,0.19,1,2643217,2642784,433
206533241,16.6138,16.1602,433,33476,0.410411,0.25,1,2643219,2642786,433
206536161,60.0455,60.4641,432,33539,0.434164,0.23,1,2643308,2642876,432
206588721,38.0557,45.1326,484,34656,0.782831,0.67,2,2644040,2643556,484
206591641,30.8223,37.253,478,34717,0.799132,0.63,2,2644066,2643588,478
206612081,42.9371,44.6737,495,35141,0.916465,0.69,2,2644362,2643867,495
206615001,52.5748,41.8695,514,35201,0.924586,0.71,2,2644421,2643907,514
206758081,37.6613,49.657,509,38032,0.934,1,2,2646346,2645837,509
206766841,37.6663,40.498,510,38198,0.780496,1,2,2646468,2645958,510
206790201,26.4049,33.633,492,38638,0.091215,1,1,2646750,2646258,492
206793121,33.362,47.6532,473,38693,0.036486,0.89,1,2646788,2646315,473
206796041,34.9448,37.6613,478,38748,0.0145944,0.87,1,2646824,2646346,478
206798961,33.1779,36.6645,474,38803,0.0478378,0.83,1,2646856,2646382,474
206801881,39.0712,47.6658,462,38857,0.0851351,0.73,1,2646899,2646437,462
206807721,30.1314,36.6665,448,38965,0.0868216,0.37,1,2646952,2646504,448
206822321,20.8487,24.0308,425,39235,0.228899,0.15,1,2647117,2646692,425
206825241,27.5395,30.0123,423,39289,0.217559,0.05,1,2647149,2646726,423
206828161,25.4158,26.4049,423,39343,0.213024,0,1,2647173,2646750,423
206834001,38.1465,34.9448,428,39451,0.0856838,0.07,1,2647252,2646824,428
206836921,32.6586,33.1779,425,39505,0.0522735,0.11,1,2647281,2646856,425
206839841,40.0634,39.0712,427,39558,0.0269094,0.13,1,2647326,2646899,427
206842761,29.2254,28.8285,427,39611,0.0407638,0.07,1,2647348,2646921,427
206845681,29.0902,30.1314,425,39664,0.0583055,0.11,1,2647377,2646952,425
206848601,46.4361,45.6526,427,39717,0.0413222,0.25,1,2647435,2647008,427
206851521,39.5744,36.261,432,39770,0.0705289,0.17,1,2647470,2647038,432
206889481,40.988,46.3565,460,40455,0.206507,0.09,1,2647895,2647435,460
206892401,43.3952,39.5426,470,40507,0.268603,0.13,1,2647940,2647470,470
206912841,32.7962,35.1231,458,40871,0.284299,0.15,1,2648131,2647673,458
206915761,40.7185,32.0492,474,40923,0.29972,0.17,1,2648177,2647703,474
206918681,30.0874,39.2197,453,40975,0.293888,0.19,1,2648200,2647747,453
206921601,30.035,30.6879,458,41027,0.291555,0.17,1,2648230,2647772,458
206962481,29.2002,30.035,437,41741,0.415484,0.37,1,2648667,2648230,437
207006281,50.2063,47.0801,448,42493,0.779012,0.57,2,2649174,2648726,448
207026721,29.2213,28.7722,455,42839,0.925339,0.71,2,2649392,2648937,455
207029641,34.4885,34.3089,455,42888,0.916136,0.67,2,2649430,2648975,455
207032561,32.9954,32.9236,455,42937,0.936454,0.71,2,2649462,2649007,455
207035481,14.3982,14.3694,455,42986,0.920582,0.71,2,2649464,2649009,455
207038401,33.3593,5.74777,501,43035,0.914233,0.69,2,2649510,2649009,501
207050081,46.7612,49.9855,504,43231,0.91462,0.87,2,2649678,2649174,504
207053001,49.3045,45.1942,513,43280,0.935848,0.87,2,2649729,2649216,513
207250101,84.6618,74.7638,515,21469,0.090832,0.93,1,2652048,2651533,515
207253021,86.0647,94.7055,494,21568,0.0423328,0.81,1,2652135,2651641,494
207255941,87.2259,80.4822,511,21666,0.0169331,0.39,1,2652223,2651712,511
207258861,56.4904,86.1929,457,21764,0.0247732,0.33,1,2652259,2651802,457
207261781,37.5961,55.4772,447,21861,0.0639093,0.11,1,2652284,2651837,447
207264701,39.0385,59.3909,425,21958,0.0675637,0,1,2652324,2651899,425
207267621,66.6154,76.5563,422,22055,0.0270255,0.07,1,2652409,2651987,422
207270541,64.4462,67.2225,424,22151,0.0408102,0.01,1,2652472,2652048,424
207273461,77.3785,79.089,423,22247,0.0343241,0,1,2652558,2652135,423
207276381,83.7514,84.4356,423,22342,0.0317296,0.03,1,2652646,2652223,423
207279301,55.1006,55.3742,423,22437,0.0186919,0.09,1,2652682,2652259,423
207282221,36.4402,37.1497,422,22532,0.0374767,0.09,1,2652706,2652284,422
207285141,38.5761,14.8599,462,22626,0.0569907,0.07,1,2652746,2652284,462
207288061,65.8304,29.944,506,22720,0.0287963,0,1,2652830,2652324,506
207290981,64.1322,62.9776,484,22813,0.0415185,0.05,1,2652893,2652409,484
207293901,77.2529,62.991,507,22906,0.0466074,0.03,1,2652979,2652472,507
207296821,84.9012,76.7964,511,22999,0.048643,0.03,1,2653069,2652558,511
207299741,54.3605,83.5186,457,23091,0.0494572,0.01,1,2653103,2652646,457
207302661,36.7442,55.0074,446,23183,0.0857829,0.05,1,2653128,2652682,446
207308501,64.5591,38.5612,505,23365,0.0941253,0.01,1,2653251,2652746,505
207311421,64.8236,65.8245,486,23456,0.0676501,0.05,1,2653316,2652830,486
207314341,76.9295,64.1298,508,23546,0.03306,0.05,1,2653401,2652893,508
207317261,85.3718,77.2519,513,23636,0.067224,0.05,1,2653492,2652979,513
207331861,53.1376,64.5591,424,24081,0.253312,0.05,1,2653675,2653251,424
207334781,60.255,64.8236,424,24169,0.263325,0.01,1,2653740,2653316,424
207337701,73.902,76.9295,422,24257,0.26733,0.09,1,2653823,2653401,422
207340621,87.7608,85.3718,428,24344,0.232932,0.15,1,2653920,2653492,428
207343541,57.3043,55.7487,429,24431,0.207173,0.15,1,2653957,2653528,429
207358141,61.1062,60.255,435,24862,0.239136,0.27,1,2654175,2653740,435
207361061,74.2425,73.902,435,24947,0.245654,0.21,1,2654258,2653823,435
207363981,84.897,87.7608,430,25032,0.260262,0.19,1,2654350,2653920,430
207366901,56.7588,57.3043,431,25117,0.290105,0.19,1,2654388,2653957,431
207419461,43.3519,40.0751,494,26594,0.776214,0.59,2,2655344,2654850,494
207422381,18.5408,42.43,452,26674,0.796486,0.59,2,2655346,2654894,452
207431141,79.9786,63.8675,542,26911,0.938255,0.69,2,2655590,2655048,542
207547941,39.6282,50.7796,511,29895,0.90208,1,2,2657660,2657149,511
207556701,36.4482,30.2259,512,30107,0.757813,1,2,2657753,2657241,512
207559621,34.9793,48.6904,485,30177,0.765125,1,2,2657787,2657302,485
207571301,61.8123,69.1761,467,30457,0.406515,0.95,1,2658059,2657592,467
207580061,25.868,26.0513,464,30664,0.400177,0.81,1,2658141,2657677,464
207582981,30.7472,32.6205,461,30733,0.406071,0.71,1,2658175,2657714,461
207585901,33.2989,36.4482,457,30802,0.420428,0.77,1,2658210,2657753,457
207588821,32.5196,34.9793,455,30871,0.426171,0.57,1,2658242,2657787,455
207591741,53.8078,57.1917,451,30940,0.440469,0.39,1,2658310,2657859,451
207632621,45.237,60.3575,482,31883,0.758119,0.59,2,2658980,2658498,482
207635541,38.4948,43.343,484,31949,0.777248,0.61,2,2659014,2658530,484
207655981,47.549,80.5785,482,32410,0.916909,0.73,2,2659331,2658849,482
207658901,62.8196,47.2314,530,32475,0.936764,0.75,2,2659404,2658874,530
207661821,46.1278,62.0926,493,32540,0.944705,0.77,2,2659439,2658946,493
207793221,38.0307,44.0558,511,35346,0.92104,1,2,2661370,2660859,511
207801981,36.634,33.9476,522,35526,0.783987,1,2,2661481,2660959,522
207810741,25.7926,32.3166,507,35704,0.772335,1,2,2661561,2661054,507
207880821,27.9415,28.5966,447,37098,0.793089,0.57,2,2662469,2662022,447
207892501,56.7841,40.5577,516,37326,0.910751,0.63,2,2662686,2662170,516
207895421,43.1136,54.6231,486,37383,0.9343,0.65,2,2662720,2662234,486
207898341,32.8455,41.6492,479,37440,0.94372,0.67,2,2662746,2662267,479
207901261,28.7382,31.6597,480,37496,0.947488,0.65,2,2662772,2662292,480
207904181,31.2953,28.8639,486,37552,0.936995,0.67,2,2662805,2662319,486
207907101,33.5181,30.7456,489,37608,0.944798,0.73,2,2662840,2662351,489
207910021,30.2072,32.6982,483,37664,0.947919,0.73,2,2662868,2662385,483
208067701,36.6889,41.3838,509,40582,0.931504,1,2,2664885,2664376,509
208070621,61.4756,35.7535,555,40634,0.918602,1,2,2664963,2664408,555
208079381,40.2704,39.7762,516,40790,0.757911,1,2,2665082,2664566,516
208096901,36.1936,32.7242,511,41100,0.26312,0.96,1,2665260,2664749,511
208102741,32.671,27.5559,512,41202,0.0636993,1,1,2665318,2664806,512
208105661,35.2684,36.2223,507,41253,0.0674797,0.89,1,2665355,2664848,507
208108581,57.9074,36.6889,543,41304,0.0569919,0.91,1,2665428,2664885,543
208111501,42.3629,61.4756,497,41355,0.0407968,0.87,1,2665460,2664963,497
208114421,44.5452,46.1902,507,41406,0.0223187,0.79,1,2665506,2664999,507
208117341,36.4181,46.6761,491,41457,0.0149275,0.71,1,2665537,2665046,491
208120261,30.7672,40.2704,482,41508,0.047971,0.65,1,2665564,2665082,482
208123181,13.5069,35.3082,452,41559,0.0491884,0.69,1,2665566,2665114,452
208126101,19.2028,29.1233,450,41610,0.0976754,0.51,1,2665589,2665139,450
208137781,28.4468,36.1936,424,41814,0.0725325,0.09,1,2665684,2665260,424
208140701,23.3787,27.6774,422,41864,0.059013,0,1,2665704,2665282,422
208143621,32.1515,32.671,424,41914,0.0296052,0.07,1,2665742,2665318,424
208146541,33.8606,35.2684,422,41964,0.0298421,0.05,1,2665777,2665355,422
208149461,57.3442,57.9074,422,42014,0.0299368,0.03,1,2665850,2665428,422
208152381,43.3377,42.3629,424,42064,0.0419747,0.01,1,2665884,2665460,424
208155301,44.3351,44.5452,423,42114,0.0707899,0.01,1,2665929,2665506,423
208158221,36.334,36.4181,423,42164,0.070316,0.07,1,2665960,2665537,423
208161141,33.1336,30.7672,427,42214,0.0701264,0.05,1,2665991,2665564,427
208164061,14.4534,13.5069,427,42264,0.0700506,0.13,1,2665993,2665566,427
208166981,19.5814,19.2028,427,42314,0.0700202,0.13,1,2666016,2665589,427
208169901,17.4326,18.4811,425,42364,0.0820081,0.09,1,2666032,2665607,425
208172821,17.173,18.7924,423,42414,0.0988032,0.11,1,2666049,2665626,423
208175741,23.6692,23.117,425,42464,0.0815213,0.05,1,2666077,2665652,425
208190341,57.8577,57.3442,423,42713,0.075974,0.05,1,2666273,2665850,423
208193261,44.7431,43.3377,425,42762,0.0483896,0.09,1,2666309,2665884,425
208196181,43.0972,44.3351,422,42811,0.0853558,0.07,1,2666351,2665929,422
208199101,35.8389,36.334,422,42860,0.0881423,0.07,1,2666382,2665960,422
208202021,34.1356,33.1336,424,42909,0.0772569,0.07,1,2666415,2665991,424
208204941,14.8542,14.4534,424,42958,0.0729028,0.07,1,2666417,2665993,424
208207861,19.7417,19.5814,424,43007,0.0831611,0.07,1,2666440,2666016,424
208210781,18.0967,7.83255,441,43056,0.0752644,0.09,1,2666457,2666016,441
208213701,16.8387,12.733,441,43105,0.0841058,0.11,1,2666473,2666032,441
208219541,29.8142,22.9173,458,43203,0.0986569,0.17,1,2666535,2666077,458
208222461,22.7257,27.7669,445,43252,0.0934628,0.17,1,2666553,2666108,445
208231221,56.1744,33.6251,495,43399,0.0609416,0.05,1,2666694,2666199,495
208234141,44.0698,57.85,457,43448,0.0783766,0.03,1,2666730,2666273,457
208237061,44.6279,44.74,466,43497,0.0613507,0.11,1,2666775,2666309,466
208239981,35.8512,43.096,454,43546,0.0545403,0.09,1,2666805,2666351,454
208242901,34.7405,35.8384,457,43594,0.0638161,0.07,1,2666839,2666382,457
208245821,15.0962,34.1354,426,43642,0.0675264,0.07,1,2666841,2666415,426
208248741,19.2385,14.8541,446,43690,0.0810106,0.09,1,2666863,2666417,446
208251661,18.4954,19.7417,441,43738,0.0984042,0.07,1,2666881,2666440,441
208260421,29.2157,23.5355,459,43882,0.207178,0.09,1,2666960,2666501,459
208263341,22.4863,29.8142,443,43930,0.220871,0.09,1,2666978,2666535,443
208266261,30.5945,22.7257,461,43978,0.238348,0.11,1,2667014,2666553,461
208269181,32.6378,30.0903,460,44026,0.269339,0.11,1,2667048,2666588,460
208272101,53.8551,32.4361,494,44074,0.245736,0.03,1,2667116,2666622,494
208275021,43.742,56.1744,459,44122,0.248294,0.09,1,2667153,2666694,459
208277941,44.4968,44.0698,468,44170,0.225318,0.05,1,2667198,2666730,468
208280861,35.7987,44.6279,453,44218,0.216127,0.05,1,2667228,2666775,453
208283781,35.3195,35.8512,458,44266,0.236451,0.07,1,2667263,2666805,458
208286701,15.3278,34.7405,426,44314,0.24458,0.07,1,2667265,2666839,426
208289621,19.9311,15.0962,447,44362,0.235832,0.09,1,2667288,2666841,447
208292541,19.3724,19.2385,444,44410,0.220333,0.11,1,2667307,2666863,444
208295461,18.549,18.4954,444,44457,0.214133,0.13,1,2667325,2666881,444
208298381,8.61959,17.5982,429,44504,0.211653,0.21,1,2667327,2666898,429
208301301,23.8478,25.0393,433,44551,0.222661,0.23,1,2667361,2666928,433
208304221,28.7391,29.2157,433,44598,0.215065,0.23,1,2667393,2666960,433
208307141,22.2957,22.4863,433,44645,0.236026,0.25,1,2667411,2666978,433
208310061,31.7183,30.5945,435,44692,0.26841,0.29,1,2667449,2667014,435
208312981,33.6873,32.6378,436,44739,0.269364,0.23,1,2667484,2667048,436
208318821,43.79,43.742,434,44833,0.296298,0.21,1,2667587,2667153,434
208342181,8.49554,8.61959,432,45209,0.410302,0.23,1,2667759,2667327,432
208348021,29.0793,28.7391,432,45303,0.417248,0.25,1,2667825,2667393,432
208350941,23.0317,22.2957,433,45350,0.436899,0.29,1,2667844,2667411,433
208415181,38.1648,36.2018,487,46363,0.750535,0.57,2,2668585,2668098,487
208418101,16.4659,37.2807,451,46408,0.762214,0.61,2,2668587,2668136,451
208421021,21.5864,16.1123,474,46453,0.754886,0.65,2,2668612,2668138,474
208423941,20.6345,20.2449,471,46498,0.763954,0.63,2,2668632,2668161,471
208426861,19.0538,19.498,470,46543,0.767582,0.65,2,2668650,2668180,470
208429781,8.82153,19.1992,453,46588,0.769033,0.65,2,2668652,2668199,453
208432701,22.7286,8.87967,483,46633,0.793613,0.61,2,2668684,2668201,483
208435621,30.0914,22.7519,486,46678,0.791445,0.63,2,2668719,2668233,486
208680901,46.2025,63.6761,454,23095,0.420037,0.31,1,2671540,2671086,454
208718861,70.8982,70.716,452,24261,0.771349,0.61,2,2672336,2671884,452
208721781,70.9593,69.0864,455,24348,0.794539,0.65,2,2672407,2671952,455
208856101,25.9077,31.2778,493,28072,0.796106,1,2,2674918,2674425,493
208861941,79.6252,84.9245,485,28222,0.411777,1,1,2675117,2674632,485
208867781,46.7,50.5479,474,28372,0.223084,1,1,2675200,2674726,474
208873621,47.912,42.8877,514,28521,0.0608935,1,1,2675298,2674784,514
208876541,35.3648,45.9551,493,28595,0.0303574,0.82,1,2675325,2674832,493
208879461,35.1459,36.982,497,28669,0.018143,0.75,1,2675360,2674863,497
208882381,21.2584,36.9928,472,28743,0.0372572,0.79,1,2675372,2674900,472
208885301,75.1034,25.5971,565,28817,0.0449029,0.41,1,2675483,2674918,565
208888221,72.6413,83.4389,514,28890,0.0599612,0.31,1,2675554,2675040,514
208899901,46.1204,49.2768,469,29182,0.070223,0.03,1,2675720,2675251,469
208902821,34.6482,47.9107,449,29255,0.0340892,0.01,1,2675747,2675298,449
208905741,35.4593,35.3643,458,29327,0.0796357,0.01,1,2675783,2675325,458
208908661,20.1837,35.1457,433,29399,0.0858543,0.05,1,2675793,2675360,433
208923261,45.2441,41.5026,473,29757,0.226201,0.09,1,2676099,2675626,473
208926181,43.2976,44.801,468,29828,0.25248,0.05,1,2676141,2675673,468
208929101,18.5191,46.1204,423,29899,0.262992,0.01,1,2676143,2675720,423
208932021,24.2076,34.6482,424,29970,0.255197,0.11,1,2676171,2675747,424
208934941,32.4831,35.4593,426,30041,0.264079,0.09,1,2676209,2675783,426
208937861,17.7932,20.1837,424,30111,0.267632,0.11,1,2676217,2675793,424
208940781,77.3173,76.4735,427,30181,0.293053,0.13,1,2676334,2675907,427
208958301,19.0359,18.5191,435,30599,0.401349,0.25,1,2676578,2676143,435
208961221,24.4144,24.2076,435,30668,0.41854,0.27,1,2676606,2676171,435
209028381,82.4385,18.5081,572,32217,0.754486,0.57,2,2677668,2677096,572
209031301,77.3754,81.2033,523,32283,0.787794,0.59,2,2677742,2677219,523
209048821,26.3873,19.0672,485,32674,0.912168,0.65,2,2677949,2677464,485
209051741,35.7549,26.2269,496,32739,0.946867,0.71,2,2677991,2677495,496
209232781,75.9261,102.262,471,16582,0.0832288,0.59,1,2680909,2680438,471
209235701,48.9705,63.1049,465,16710,0.0632915,0.53,1,2680940,2680475,465
209259061,87.8945,111.614,500,17700,0.228573,0.21,1,2681708,2681208,500
209261981,67.5578,87.2456,483,17820,0.241429,0.17,1,2681762,2681279,483
209264901,43.8231,67.2983,457,17939,0.246572,0.19,1,2681790,2681333,457
209273661,88.4367,114.731,432,18292,0.447541,0.25,1,2682070,2681638,432
209297021,65.743,63.8299,449,19200,0.753969,0.59,2,2682645,2682196,449
209299941,45.4972,43.5319,451,19311,0.775588,0.67,2,2682677,2682226,451
209311621,81.8047,36.5576,530,19747,0.904831,0.75,2,2683046,2682516,530
209314541,68.1219,58.423,516,19854,0.919932,0.77,2,2683105,2682589,516
209390461,45.1637,43.9673,488,22468,0.79912,1,2,2684970,2684482,488
209402141,62.4234,112.841,504,22843,0.411225,0.95,1,2685244,2684740,504
209405061,86.7694,65.5363,573,22936,0.24249,0.79,1,2685347,2684774,573
209410901,43.5231,70.6058,485,23120,0.0663984,0.77,1,2685427,2684942,485
209413821,50.4092,45.0423,512,23212,0.0445594,0.67,1,2685482,2684970,512
209416741,36.9637,52.8169,482,23303,0.0358237,0.69,1,2685510,2685028,482
209419661,99.9855,39.1268,594,23394,0.0923295,0.37,1,2685652,2685058,594
209422581,57.3942,108.051,469,23485,0.0789318,0.35,1,2685681,2685212,469
209428421,60.9031,86.7681,476,23665,0.225029,0.09,1,2685823,2685347,476
209431341,39.9612,65.3072,451,23755,0.264012,0.01,1,2685849,2685398,451
209434261,48.9845,43.5229,477,23844,0.219605,0.03,1,2685904,2685427,477
209437181,36.9938,50.4092,451,23933,0.213842,0.03,1,2685933,2685482,451
209440101,15.9975,36.9637,425,24022,0.211537,0.13,1,2685935,2685510,425
209443021,92.199,99.9855,426,24110,0.258615,0.07,1,2686078,2685652,426
209445941,53.6796,57.3942,425,24198,0.253446,0.21,1,2686106,2685681,425
209448861,80.2718,78.7577,430,24286,0.299378,0.27,1,2686204,2685774,430
209457621,45.6014,48.9845,429,24547,0.40436,0.21,1,2686333,2685904,429
209460541,38.0406,36.9938,433,24633,0.407744,0.21,1,2686366,2685933,433
209463461,16.4162,15.9975,433,24719,0.409098,0.29,1,2686368,2685935,433
209466381,92.9665,92.199,434,24805,0.433639,0.25,1,2686512,2686078,434
209521861,67.2182,84.6035,512,26381,0.796719,0.71,2,2687601,2687089,512
209533541,16.5528,38.1562,459,26701,0.900188,0.73,2,2687715,2687256,459
209624061,59.5474,37.9743,552,29058,0.91312,1,2,2689428,2688876,552
209626981,59.819,64.3897,530,29131,0.935248,1,2,2689488,2688958,530
209629901,46.1276,61.1559,508,29204,0.932099,1,2,2689525,2689017,508
209644501,62.9779,84.0531,522,29564,0.905465,0.92,2,2689805,2689283,522
209647421,39.5912,59.4212,503,29636,0.920186,0.97,2,2689829,2689326,503
209650341,58.4365,42.3685,543,29707,0.914074,0.88,2,2689900,2689357,543
209772981,45.8062,59.9512,507,32563,0.91312,1,2,2691890,2691383,507
209796341,49.7849,51.9723,482,33079,0.0639847,0.97,1,2692231,2691749,482
209799261,51.714,53.7889,480,33143,0.0795939,1,1,2692284,2691804,480
209802181,42.2856,45.5156,476,33207,0.0378375,0.86,1,2692320,2691844,476
209805101,39.1142,45.8062,467,33271,0.057135,0.79,1,2692357,2691890,467
209808021,37.2457,42.9225,462,33335,0.028854,0.79,1,2692393,2691931,462
209810941,34.0983,38.169,459,33398,0.0115416,0.69,1,2692425,2691966,459
209813861,29.2393,33.8676,454,33461,0.0466166,0.53,1,2692451,2691997,454
209816781,27.8957,36.347,443,33524,0.0846467,0.37,1,2692478,2692035,443
209819701,28.5583,33.1388,441,33587,0.0878587,0.23,1,2692507,2692066,441
209834301,42.326,42.2856,424,33901,0.0996357,0.07,1,2692744,2692320,424
209837221,39.1304,39.1142,424,33963,0.0698543,0.01,1,2692781,2692357,424
209840141,36.0522,37.2457,422,34025,0.0939417,0,1,2692815,2692393,422
209843061,33.6209,34.0983,422,34087,0.0555767,0.07,1,2692847,2692425,422
209845981,31.4483,29.2393,426,34149,0.0522307,0.11,1,2692877,2692451,426
209848901,28.1793,27.8957,425,34211,0.0988923,0.11,1,2692903,2692478,425
209851821,28.6717,11.1583,454,34273,0.0695569,0.09,1,2692932,2692478,454
209854741,37.8687,21.8633,469,34335,0.0818228,0.15,1,2692976,2692507,469
209857661,54.1475,35.7453,489,34397,0.0987291,0.13,1,2693041,2692552,489
209878101,31.9889,33.6165,453,34824,0.201995,0.05,1,2693300,2692847,453
209883941,28.3982,28.1786,452,34946,0.215919,0.05,1,2693355,2692903,452
209886861,37.7593,28.6715,467,35006,0.236368,0.09,1,2693399,2692932,467
209889781,56.5037,37.8686,492,35066,0.244547,0.11,1,2693468,2692976,492
209892701,44.2015,54.1474,463,35126,0.235819,0.13,1,2693504,2693041,463
209895621,50.0806,43.259,481,35186,0.268328,0.15,1,2693558,2693077,481
209898541,42.8322,49.1036,466,35246,0.281331,0.15,1,2693596,2693130,466
209916061,29.3251,28.9956,461,35605,0.403241,0.23,1,2693788,2693327,461
209918981,38.13,28.3982,477,35664,0.431296,0.25,1,2693832,2693355,477
209921901,16.452,37.7593,435,35723,0.442519,0.25,1,2693834,2693399,435
209971541,43.4136,41.1374,451,36716,0.786235,0.61,2,2694523,2694072,451
210009501,40.8455,42.7008,498,37457,0.908667,0.85,2,2695021,2694523,498
210012421,33.1382,39.2803,489,37513,0.921467,0.85,2,2695049,2694560,489
210015341,33.6553,32.5121,495,37569,0.938587,0.81,2,2695083,2694588,495
210018261,31.4621,33.4049,491,37625,0.945435,0.87,2,2695113,2694622,491
210164261,37.9488,37.7138,518,40336,0.907139,1,2,2697002,2696484,518
210181781,45.33,40.6772,533,40648,0.406449,1,1,2697221,2696688,533
210187621,44.0928,44.0684,515,40752,0.258232,1,1,2697304,2696789,515
210190541,30.2371,35.6273,506,40804,0.217293,0.97,1,2697325,2696819,506
210196381,38.3179,29.7004,526,40908,0.0815668,1,1,2697400,2696874,526
210199301,38.1272,40.6802,516,40960,0.0986267,0.94,1,2697438,2696922,516
210205141,32.0203,37.9488,496,41063,0.0841803,0.81,1,2697498,2697002,496
210208061,30.2081,37.3795,488,41114,0.0876721,0.83,1,2697527,2697039,488
210210981,29.4833,32.9518,487,41165,0.0650688,0.67,1,2697556,2697069,487
210216821,27.8773,34.3123,476,41267,0.083611,0.51,1,2697612,2697136,476
210219741,41.1509,32.3249,495,41318,0.0994444,0.31,1,2697662,2697167,495
210222661,37.4604,45.33,476,41369,0.0937778,0.33,1,2697697,2697221,476
210237261,31.7919,38.3179,428,41624,0.21768,0.11,1,2697828,2697400,428
210240181,34.9168,38.1272,427,41675,0.213072,0.11,1,2697865,2697438,427
210243101,29.5667,32.0509,425,41726,0.211229,0.07,1,2697891,2697466,425
210246021,31.0267,32.0203,425,41777,0.246492,0.09,1,2697923,2697498,425
210248941,29.2107,30.2081,424,41828,0.236597,0.05,1,2697951,2697527,424
210251861,30.8843,29.4833,427,41878,0.292639,0.13,1,2697983,2697556,427
210260621,40.7366,41.1509,427,42028,0.414489,0.09,1,2698089,2697662,427
210263541,37.8946,37.4604,428,42078,0.435796,0.15,1,2698125,2697697,428
210266461,39.1579,37.1841,431,42128,0.420318,0.19,1,2698165,2697734,431
210269381,27.6631,26.8737,431,42178,0.414127,0.17,1,2698185,2697754,431
210272301,26.6653,26.9495,430,42228,0.447651,0.17,1,2698211,2697781,430
210275221,11.8661,11.9798,430,42278,0.43706,0.25,1,2698213,2697783,430
210278141,33.5464,31.7919,433,42328,0.432824,0.21,1,2698261,2697828,433
210281061,35.0186,34.9168,432,42378,0.41913,0.21,1,2698297,2697865,432
210283981,29.6074,29.5667,432,42428,0.413652,0.27,1,2698323,2697891,432
210286901,31.643,31.0267,433,42478,0.435461,0.23,1,2698356,2697923,433
210345301,39.6765,42.6267,487,43462,0.753606,0.65,2,2699020,2698533,487
210348221,39.2706,38.6507,490,43511,0.787442,0.61,2,2699059,2698569,490
210374501,36.6609,31.5629,496,43943,0.925835,0.73,2,2699326,2698830,496
210377421,35.0644,35.4251,492,43991,0.916334,0.73,2,2699360,2698868,492
210383261,44.1303,31.228,510,44087,0.901414,0.73,2,2699441,2698931,510
210386181,41.0521,43.6912,497,44135,0.918565,0.77,2,2699480,2698983,497
210389101,40.4208,39.6765,500,44183,0.925426,0.81,2,2699520,2699020,500
210392021,28.1683,39.2706,481,44231,0.92817,0.81,2,2699540,2699059,481
210394941,26.8673,27.7082,487,44279,0.929268,0.81,2,2699566,2699079,487
210397861,11.9469,26.6833,463,44327,0.929707,0.81,2,2699568,2699105,463
210552621,30.4374,25.3695,522,46780,0.916,1,2,2701257,2700735,522
210555541,31.375,32.3478,517,46825,0.9004,1,2,2701289,2700772,517
210561381,34.54,42.6156,505,46915,0.921664,1,2,2701358,2700853,505
210567221,36.2464,37.1785,511,47005,0.914266,1,2,2701441,2700930,511
210573061,38.9194,38.1086,515,47095,0.776283,1,2,2701519,2701004,515
210590581,26.6186,24.4591,505,47365,0.431845,1,1,2701690,2701185,505
210593501,23.2474,13.9836,519,47410,0.406738,1,1,2701711,2701192,519
210602261,27.5278,31.375,481,47542,0.294111,0.99,1,2701770,2701289,481
210625621,27.2079,31.7871,447,47894,0.227175,0.55,1,2702029,2701582,447
210628541,28.8831,31.9148,445,47938,0.21687,0.45,1,2702059,2701614,445
210631461,25.9533,28.3659,443,47982,0.212748,0.43,1,2702083,2701640,443
210634381,23.5813,24.5464,443,48026,0.223099,0.41,1,2702105,2701662,443
210637301,24.4325,26.6186,440,48070,0.23924,0.39,1,2702130,2701690,440
210640221,22.373,23.2474,440,48114,0.257696,0.33,1,2702151,2701711,440
210643141,10.1492,12.299,437,48158,0.265078,0.31,1,2702153,2701716,437
210646061,14.8597,16.3196,436,48202,0.280031,0.27,1,2702171,2701735,436
210648981,24.5439,27.5278,432,48246,0.274013,0.31,1,2702202,2701770,432
210651901,30.2175,30.2111,434,48290,0.259605,0.13,1,2702236,2701802,434
210654821,31.887,33.6845,431,48334,0.289842,0.15,1,2702269,2701838,431
210657741,31.9548,35.6738,426,48378,0.289937,0.13,1,2702301,2701875,426
210660661,31.9819,32.8695,427,48422,0.289975,0.15,1,2702333,2701906,427
210675261,28.5592,28.8831,432,48638,0.409213,0.21,1,2702491,2702059,432
210681101,24.1295,23.5813,433,48724,0.441074,0.25,1,2702538,2702105,433
210684021,25.2518,24.4325,434,48767,0.44643,0.27,1,2702564,2702130,434
210794981,23.7161,29.2758,453,50382,0.797947,0.63,2,2703565,2703112,453
210818341,29.6918,29.0971,459,50718,0.948484,0.75,2,2703841,2703382,459
210821261,26.2767,26.0389,459,50760,0.949394,0.75,2,2703865,2703406,459
210824181,24.9107,24.8155,459,50801,0.949758,0.73,2,2703889,2703430,459
210996461,326.217,353.043,492,24820,0.922,1,2,2705964,2705472,492
211044641,73.1019,59.9627,505,24905,0.442768,1,1,2706157,2705652,505
211047561,78.4407,62.3851,523,24990,0.267107,1,1,2706239,2705716,523
211062161,31.9514,23.2343,492,25412,0.090988,0.77,1,2706456,2705964,492
211073841,68.9348,73.1612,498,25744,0.203401,0.03,1,2706737,2706239,498
211076761,65.3739,74.8645,485,25826,0.255361,0.13,1,2706800,2706315,485
211079681,45.3496,67.1458,455,25908,0.228144,0.15,1,2706832,2706377,455
211082601,25.3398,44.8583,437,25990,0.241258,0.11,1,2706844,2706407,437
211085521,32.3359,25.7433,461,26072,0.258503,0.07,1,2706881,2706420,461
211088441,44.1344,31.8973,477,26153,0.253401,0.13,1,2706933,2706456,477
211091361,72.8537,43.9589,517,26234,0.23936,0.13,1,2707025,2706508,517
211094281,74.1415,71.5836,502,26315,0.269744,0.19,1,2707100,2706598,502
211097201,71.0566,71.8334,499,26396,0.269898,0.23,1,2707169,2706670,499
211111801,44.5775,32.3359,485,26795,0.421161,0.25,1,2707366,2706881,485
211114721,72.431,44.1344,524,26874,0.426464,0.23,1,2707457,2706933,524
211117641,30.1724,72.8537,434,26953,0.428586,0.29,1,2707459,2707025,434
211152681,65.4325,64.643,449,27881,0.753588,0.61,2,2708118,2707669,449
211155601,48.373,47.4572,450,27957,0.787435,0.57,2,2708155,2707705,450
211158521,27.1492,26.1829,451,28033,0.788974,0.57,2,2708168,2707717,451
211161441,32.4597,32.6732,450,28109,0.77759,0.65,2,2708204,2707754,450
211164361,48.9839,46.6693,454,28184,0.773036,0.69,2,2708264,2707810,454
211287001,53.2401,64.5961,475,31183,0.9172,1,2,2710408,2709933,475
211289921,50.696,43.2384,495,31251,0.90088,1,2,2710457,2709962,495
211313281,59.1372,49.8974,540,31789,0.403246,0.93,1,2710833,2710293,540
211319121,46.662,53.2236,514,31922,0.296119,0.89,1,2710922,2710408,514
211322041,36.6648,50.6894,495,31988,0.280448,0.77,1,2710952,2710457,495
211324961,35.6659,42.4758,493,32054,0.274179,0.69,1,2710987,2710494,493
211327881,37.0664,37.9903,496,32120,0.295672,0.67,1,2711025,2710529,496
211330801,31.6265,40.9961,481,32186,0.292269,0.49,1,2711053,2710572,481
211333721,30.6506,36.7985,477,32252,0.278907,0.45,1,2711083,2710606,477
211336641,66.8602,34.5194,535,32318,0.249563,0.43,1,2711174,2710639,535
211339561,46.5441,69.6078,475,32383,0.225825,0.45,1,2711207,2710732,475
211342481,55.8176,48.8431,502,32448,0.26433,0.37,1,2711269,2710767,502
211345401,48.7271,59.1372,480,32513,0.291732,0.29,1,2711313,2710833,480
211348321,45.8908,50.6549,479,32578,0.278693,0.27,1,2711357,2710878,479
211351241,35.7563,46.662,464,32643,0.285477,0.27,1,2711386,2710922,464
211354161,35.3025,36.6648,469,32708,0.288191,0.27,1,2711421,2710952,469
211357081,15.321,35.6659,436,32773,0.289276,0.31,1,2711423,2710987,436
211371681,46.1553,46.5441,434,33094,0.424047,0.29,1,2711641,2711207,434
211424241,31.6651,32.5539,448,34226,0.784561,0.57,2,2712351,2711903,448
211427161,27.666,13.0216,473,34288,0.763825,0.57,2,2712376,2711903,473
211430081,30.2664,19.6086,481,34350,0.76753,0.63,2,2712408,2711927,481
211433001,66.1066,26.4434,540,34412,0.793012,0.57,2,2712498,2711958,540
211462201,30.409,27.6657,491,35021,0.905468,0.77,2,2712867,2712376,491
211465121,67.9636,30.2663,552,35081,0.944187,0.81,2,2712960,2712408,552
211576081,52.5225,33.6688,538,37302,0.9388,1,2,2714487,2713949,538
211579001,47.409,52.4675,517,37359,0.90952,1,2,2714531,2714014,517
211605281,43.6196,28.2881,543,37864,0.414301,1,1,2714876,2714333,543
211608201,30.0479,48.5152,502,37920,0.411721,0.97,1,2714897,2714395,502
211611121,45.0191,36.8061,528,37976,0.410688,0.91,1,2714952,2714424,528
211678281,43.6366,43.1605,448,39235,0.761817,0.51,2,2715765,2715317,448
211681201,30.6546,31.0642,447,39289,0.766727,0.51,2,2715787,2715340,447
211684121,13.4619,13.6257,447,39343,0.792691,0.53,2,2715789,2715342,447
211687041,38.3847,37.8503,448,39397,0.791076,0.65,2,2715844,2715396,448
211692881,48.6216,48.176,451,39505,0.758972,0.65,2,2715943,2715492,451
211695801,38.0486,37.2704,452,39558,0.753589,0.61,2,2715974,2715522,452
211698721,39.2194,38.9082,452,39611,0.763436,0.65,2,2716014,2715562,452
211701641,36.0878,34.7633,454,39664,0.767374,0.65,2,2716048,2715594,454
211704561,31.8351,31.3053,454,39717,0.78095,0.69,2,2716077,2715623,454
211707481,29.534,29.3221,454,39770,0.78638,0.65,2,2716105,2715651,454
211710401,29.8136,29.7288,454,39823,0.788552,0.71,2,2716135,2715681,454
211719161,31.9561,30.6546,460,39982,0.935347,0.81,2,2716247,2715787,460
211722081,13.9824,13.4619,460,40035,0.932139,0.79,2,2716249,2715789,460
211812601,30.6224,39.1686,495,41639,0.94,1,2,2717397,2716902,495
211844721,37.5232,35.2249,495,42193,0.944308,1,2,2717775,2717280,495
211856401,36.0822,29.049,503,42393,0.910974,1,2,2717928,2717425,503
211871001,28.3823,30.2504,483,42643,0.795252,0.99,2,2718068,2717585,483
211888521,36.5534,41.4093,468,42937,0.923285,0.95,2,2718287,2717819,468
211891441,39.2214,41.7637,467,42986,0.939314,0.95,2,2718328,2717861,467
212177601,110.414,117.401,495,22093,0.21928,0.95,1,2721596,2721101,495
212200961,67.97,59.7963,503,22850,0.201641,0.15,1,2722099,2721596,503
212203881,81.188,69.5185,517,22943,0.266656,0.11,1,2722189,2721672,517
212218481,59.0304,51.8549,490,23401,0.420667,0.17,1,2722453,2721963,490
212265201,49.6243,48.4084,453,24812,0.75807,0.63,2,2723350,2722897,453
212276881,69.68,67.9497,456,25152,0.902367,0.71,2,2723654,2723198,456
212285641,22.2675,22.0608,457,25404,0.917671,0.77,2,2723739,2723282,457
212288561,50.307,49.6243,458,25487,0.925069,0.77,2,2723808,2723350,458
212291481,69.9228,19.8497,541,25570,0.904027,0.85,2,2723891,2723350,541
212294401,85.5691,55.3399,558,25653,0.943611,0.87,2,2723987,2723429,558
212382001,49.4441,54.5938,481,28025,0.282578,1,1,2725644,2725163,481
212390761,59.1084,66.542,476,28251,0.088405,1,1,2725794,2725318,476
212393681,39.2434,45.2168,471,28326,0.077362,0.69,1,2725820,2725349,471
212396601,61.2973,73.2867,455,28401,0.0489448,0.69,1,2725896,2725441,455
212399521,42.5189,29.3147,485,28476,0.0495779,0.61,1,2725926,2725441,485
212402441,60.2076,32.7259,522,28550,0.0978312,0.37,1,2725998,2725476,522
212428721,62.4226,42.5143,499,29211,0.221712,0.13,1,2726425,2725926,499
212431641,44.169,60.2057,459,29283,0.262685,0.13,1,2726457,2725998,459
212434561,44.0676,42.0823,473,29355,0.291074,0.13,1,2726501,2726028,473
212452081,42.7108,61.6412,459,29785,0.425794,0.19,1,2726779,2726320,459
212455001,18.2843,42.0565,432,29856,0.440318,0.25,1,2726781,2726349,432
212463761,43.8182,44.0676,437,30069,0.4393,0.31,1,2726938,2726501,437
212466681,42.1273,42.227,437,30139,0.42172,0.31,1,2726979,2726542,437
212513401,19.0239,18.8315,446,31243,0.773364,0.57,2,2727671,2727225,446
212516321,56.2095,53.7326,450,31311,0.759345,0.57,2,2727752,2727302,450
212519241,42.2838,21.493,483,31379,0.765738,0.59,2,2727785,2727302,483
212533841,40.9075,60.6646,483,31714,0.91507,0.75,2,2728015,2727532,483
212536761,64.363,39.8658,537,31781,0.936028,0.75,2,2728095,2727558,537
212679841,30.457,36.6419,516,34892,0.765589,1,2,2730239,2729723,516
212691521,44.0901,62.6612,512,35133,0.413535,1,1,2730408,2729896,512
212717801,29.2082,24.7828,482,35671,0.294553,0.53,1,2730742,2730260,482
212720721,12.8833,33.3131,445,35730,0.291821,0.41,1,2730744,2730299,445
212723641,45.3533,57.7252,438,35789,0.242728,0.37,1,2730811,2730373,438
212726561,36.7413,44.0901,434,35848,0.211091,0.33,1,2730842,2730408,434
212741161,40.7634,41.4454,438,36143,0.212526,0.37,1,2731080,2730642,438
212744081,33.1054,33.3782,438,36201,0.223011,0.29,1,2731108,2730670,438
212747001,25.2421,26.5513,436,36259,0.227204,0.29,1,2731128,2730692,436
212749921,19.0969,19.0205,437,36317,0.240882,0.29,1,2731143,2730706,437
212752841,28.0387,29.2082,435,36375,0.222353,0.29,1,2731177,2730742,435
212755761,12.4155,12.8833,435,36433,0.214941,0.21,1,2731179,2730744,435
212758681,42.1662,45.3533,430,36491,0.223976,0.19,1,2731241,2730811,430
212761601,35.4665,36.7413,430,36549,0.287591,0.13,1,2731272,2730842,430
212773281,51.3511,50.9086,430,36781,0.43941,0.23,1,2731476,2731046,430
212843361,51.8634,38.0511,510,38135,0.759956,0.55,2,2732366,2731856,510
212846281,43.5453,52.4204,486,38190,0.777982,0.59,2,2732404,2731918,486
212849201,34.8181,42.5682,479,38245,0.797193,0.57,2,2732433,2731954,479
212857961,28.9884,19.9084,485,38410,0.90134,0.61,2,2732504,2732019,485
212860881,12.7953,28.3633,453,38465,0.918536,0.61,2,2732506,2732053,453
212863801,42.3181,12.5453,513,38520,0.925415,0.61,2,2732568,2732055,513
212866721,37.9273,42.2181,486,38575,0.940166,0.63,2,2732603,2732117,486
212869641,16.3709,37.2873,454,38630,0.946066,0.67,2,2732605,2732151,454
212872561,62.3484,70.1149,455,38685,0.948426,0.67,2,2732698,2732243,455
212881321,53.5263,51.8634,461,38849,0.942699,0.79,2,2732827,2732366,461
213036081,42.3271,53.5659,492,41631,0.94,1,2,2734733,2734241,492
213211281,25.7089,33.1935,505,44570,0.920771,1,2,2736787,2736282,505
213217121,32.9134,28.111,515,44664,0.750923,1,2,2736850,2736335,515
213231721,33.8967,36.0699,504,44899,0.211123,1,1,2737014,2736510,504
213243401,27.839,36.5682,475,45087,0.0525887,1,1,2737140,2736665,475
213246321,32.7356,33.8273,479,45134,0.0210355,1,1,2737176,2736697,479
213249241,32.2942,36.9309,472,45181,0.0144142,0.95,1,2737208,2736736,472
213252161,26.1177,32.7724,464,45228,0.0357657,0.89,1,2737230,2736766,464
213255081,23.0471,25.7089,464,45275,0.0443063,0.79,1,2737251,2736787,464
213258001,26.6188,25.2836,468,45322,0.0717225,0.69,1,2737280,2736812,468
213260921,27.4475,32.9134,458,45369,0.058689,0.61,1,2737308,2736850,458
213263841,22.379,29.9654,449,45415,0.0774756,0.51,1,2737327,2736878,449
213266761,17.9516,23.3861,445,45461,0.0729902,0.43,1,2737342,2736897,445
213269681,32.9806,39.3545,438,45507,0.0951961,0.23,1,2737385,2736947,438
213278441,35.1108,36.3587,430,45645,0.202173,0.11,1,2737482,2737052,430
213293041,32.7519,32.2942,425,45875,0.0810494,0.05,1,2737633,2737208,425
213295961,25.1007,26.1177,423,45921,0.0864198,0.05,1,2737653,2737230,423
213298881,21.4403,10.4471,442,45967,0.0525679,0.05,1,2737672,2737230,442
213301801,28.3761,16.7788,454,46013,0.0990272,0.09,1,2737705,2737251,454
213316401,32.4525,32.9165,456,46243,0.0888828,0.13,1,2737841,2737385,456
213360201,31.0399,33.1312,456,46921,0.201485,0.07,1,2738265,2737809,456
213363121,32.816,32.4525,458,46966,0.230594,0.11,1,2738299,2737841,458
213366041,37.1264,32.181,466,47011,0.266238,0.13,1,2738339,2737873,466
213368961,29.2506,36.2724,451,47056,0.292495,0.13,1,2738363,2737912,451
213404001,32.1537,32.5997,431,47591,0.445643,0.21,1,2738666,2738235,431
213465321,31.7288,32.0352,446,48514,0.766009,0.53,2,2739280,2738834,446
213468241,27.6915,27.2141,447,48557,0.792403,0.57,2,2739305,2738858,447
213471161,33.8766,31.8856,450,48600,0.778961,0.57,2,2739343,2738893,450
213474081,32.7506,31.9543,450,48643,0.797585,0.61,2,2739375,2738925,450
213506201,41.2307,35.1339,498,49116,0.913009,0.71,2,2739678,2739180,498
213512041,33.4769,31.3014,491,49202,0.900882,0.81,2,2739739,2739248,491
213514961,28.3908,31.7206,484,49245,0.918353,0.81,2,2739764,2739280,484
213517881,34.7563,27.6882,498,49288,0.925341,0.77,2,2739803,2739305,498
213520801,33.7025,33.8753,493,49331,0.916136,0.81,2,2739836,2739343,493
213523721,25.481,32.7501,481,49374,0.924455,0.85,2,2739856,2739375,481
213526641,20.9924,25.1,479,49417,0.939782,0.81,2,2739874,2739395,479
213529561,31.197,20.84,499,49460,0.945913,0.81,2,2739912,2739413,499
213532481,13.6788,31.136,463,49503,0.948365,0.81,2,2739914,2739451,463
213739801,111.16,101.306,501,24178,0.41416,1,1,2742093,2741592,501
213763161,56.673,80.3455,438,24871,0.407067,0.31,1,2742531,2742093,438
213766081,58.6692,69.3382,436,24956,0.420827,0.31,1,2742591,2742155,436
213801121,33.7627,58.3602,465,25956,0.772586,0.61,2,2743252,2742787,465
213815721,77.8245,59.9774,544,26362,0.910532,0.71,2,2743577,2743033,544
213821561,61.8919,65.5164,517,26522,0.917285,0.75,2,2743696,2743179,517
213824481,34.3568,60.4066,476,26602,0.948914,0.79,2,2743712,2743236,476
213827401,40.1427,33.7626,504,26682,0.937566,0.83,2,2743756,2743252,504
213830321,60.4571,38.705,536,26761,0.945026,0.83,2,2743830,2743294,536
213920841,56.2022,46.1688,543,29113,0.922,1,2,2745455,2744912,543
213964641,46.1003,45.828,459,30185,0.754831,0.63,2,2746168,2745709,459
213979241,64.4465,65.0715,456,30534,0.902728,0.69,2,2746448,2745992,456
213982161,26.9786,27.2286,456,30603,0.907091,0.73,2,2746450,2745994,456
213985081,34.7914,33.6914,458,30672,0.920837,0.75,2,2746490,2746032,458
213988001,40.9166,39.8766,459,30741,0.914335,0.73,2,2746535,2746076,459
214101881,51.8419,47.1836,490,33320,0.928,1,2,2748384,2747894,490
214104801,42.3368,36.2735,497,33383,0.9052,1,2,2748420,2747923,497
214125241,41.251,42.0297,496,33824,0.0976862,1,1,2748704,2748208,496
214128161,43.5004,51.0119,484,33887,0.0810745,1,1,2748749,2748265,484
214131081,59.4002,66.6047,477,33949,0.0324298,0.88,1,2748819,2748342,477
214134001,44.1601,51.8419,469,34011,0.0909719,0.89,1,2748853,2748384,469
214148601,28.9306,10.7222,486,34321,0.0877252,0.43,1,2748989,2748503,486
214151521,54.7722,29.4889,516,34383,0.0650901,0.25,1,2749061,2748545,516
214163201,59.6934,43.3357,495,34627,0.0745783,0,1,2749244,2748749,495
214166121,43.6773,59.3343,458,34688,0.0478313,0.13,1,2749277,2748819,458
214169041,36.0709,44.1337,455,34749,0.0491325,0.11,1,2749308,2748853,455
214171961,34.8284,35.6535,459,34810,0.085653,0.11,1,2749342,2748883,459
214174881,25.3314,34.6614,444,34871,0.0882612,0.13,1,2749361,2748917,444
214192401,41.8202,37.0835,472,35233,0.205853,0.19,1,2749600,2749128,472
214195321,55.7281,41.2334,493,35293,0.232341,0.01,1,2749665,2749172,493
214201161,36.3965,43.6773,456,35413,0.211175,0.05,1,2749733,2749277,456
214204081,34.3586,36.0709,458,35473,0.22247,0.11,1,2749766,2749308,458
214207001,26.9434,34.8284,446,35533,0.238988,0.09,1,2749788,2749342,446
214209921,21.5774,25.3314,445,35592,0.257595,0.11,1,2749806,2749361,445
214212841,29.6309,21.5325,461,35651,0.265038,0.15,1,2749841,2749380,461
214215761,13.0524,28.413,430,35710,0.268015,0.13,1,2749843,2749413,430
214218681,47.221,54.5652,428,35769,0.293206,0.17,1,2749913,2749485,428
214242041,28.291,26.9434,435,36240,0.427991,0.27,1,2750223,2749788,435
214244961,22.7164,21.5774,436,36298,0.429197,0.27,1,2750242,2749806,436
214247881,29.4866,29.6309,435,36356,0.405679,0.27,1,2750276,2749841,435
214253721,47.1978,47.221,435,36472,0.440509,0.31,1,2750348,2749913,435
214326721,47.8463,48.3703,500,37894,0.781959,0.67,2,2751291,2750791,500
214329641,40.7385,46.9481,490,37950,0.798784,0.67,2,2751327,2750837,490
214341321,38.3581,44.4403,491,38173,0.908593,0.73,2,2751512,2751021,491
214344241,35.7432,38.1761,491,38228,0.921437,0.69,2,2751546,2751055,491
214534041,32.0039,38.6829,495,41665,0.43892,1,1,2753910,2753415,495
214536961,30.2016,34.0731,493,41716,0.253568,1,1,2753939,2753446,493
214542801,32.0722,31.8517,495,41818,0.0405709,1,1,2754006,2753511,495
214545721,34.4289,33.1407,497,41868,0.0342284,1,1,2754042,2753545,497
214548641,35.9716,32.4563,502,41918,0.0196913,1,1,2754079,2753577,502
214551561,34.1886,32.7825,502,41968,0.0258765,1,1,2754112,2753610,502
214554481,30.4754,34.113,495,42018,0.0163506,0.95,1,2754140,2753645,495
214557401,37.9902,50.2452,477,42068,0.0125402,1,1,2754183,2753706,477
214560321,34.9961,41.0981,475,42118,0.0590161,0.97,1,2754216,2753741,475
214563241,28.9984,36.8392,466,42168,0.0536064,0.71,1,2754241,2753775,466
214566161,30.7994,39.9357,456,42218,0.0274426,0.59,1,2754273,2753817,456
214569081,24.3197,32.7743,448,42268,0.028977,0.45,1,2754293,2753845,448
214572001,26.5279,33.5097,442,42318,0.0655908,0.37,1,2754321,2753879,442
214574921,25.0112,32.0039,435,42368,0.0562363,0.13,1,2754345,2753910,435
214577841,23.2045,30.2016,428,42418,0.0644945,0,1,2754367,2753939,428
214580761,29.0818,33.6806,425,42468,0.0257978,0,1,2754400,2753975,425
214583681,29.0327,32.0722,423,42518,0.0283191,0.03,1,2754429,2754006,423
214586601,32.6131,34.4289,422,42568,0.0293276,0.01,1,2754464,2754042,422
214589521,37.6452,35.9716,426,42618,0.0657311,0.03,1,2754505,2754079,426
214592441,34.8581,34.1886,426,42668,0.0682924,0.01,1,2754538,2754112,426
214595361,30.1432,30.4754,425,42717,0.045317,0.01,1,2754565,2754140,425
214598281,36.0573,37.9902,422,42766,0.0481268,0.09,1,2754605,2754183,422
214601201,34.2229,34.9961,422,42815,0.0252507,0.05,1,2754638,2754216,422
214604121,28.6892,28.9984,422,42864,0.0641003,0.01,1,2754663,2754241,422
214607041,30.6757,30.7994,422,42913,0.0436401,0.03,1,2754695,2754273,422
214609961,24.8703,24.3197,423,42962,0.023456,0.09,1,2754716,2754293,423
214612881,27.9481,26.5279,425,43011,0.0273824,0.09,1,2754746,2754321,425
214615801,23.7792,10.6112,446,43060,0.040953,0.05,1,2754767,2754321,446
214618721,23.9117,18.6445,446,43109,0.0463812,0.07,1,2754791,2754345,446
214621641,27.5647,20.6578,454,43158,0.0185525,0,1,2754821,2754367,454
214624561,28.4259,28.0631,450,43207,0.037421,0.03,1,2754850,2754400,450
214627481,32.3703,28.6252,456,43256,0.0929684,0.03,1,2754885,2754429,456
214630401,39.9481,32.4501,466,43305,0.0671874,0.09,1,2754930,2754464,466
214633321,33.3793,37.58,454,43354,0.0568749,0.07,1,2754959,2754505,454
214636241,31.3517,34.832,451,43403,0.05275,0.03,1,2754989,2754538,451
214639161,34.7407,30.1328,461,43452,0.0751,0.05,1,2755026,2754565,461
214642081,35.4963,36.0531,457,43501,0.04804,0.01,1,2755062,2754605,457
214645001,29.1985,34.2212,449,43550,0.049216,0.09,1,2755087,2754638,449
214647921,29.0794,28.6885,453,43598,0.0256864,0.03,1,2755116,2754663,453
214650841,24.2318,30.6754,442,43646,0.0282746,0.01,1,2755137,2754695,442
214653761,27.6927,24.8702,451,43694,0.0293098,0.03,1,2755167,2754716,451
214656681,24.8771,27.9481,444,43742,0.0297239,0.05,1,2755190,2754746,444
214659601,24.3508,23.7792,447,43790,0.0298896,0.05,1,2755214,2754767,447
214662521,27.1403,23.9117,452,43838,0.0539558,0,1,2755243,2754791,452
214665441,27.6561,27.5647,450,43886,0.0395823,0.05,1,2755271,2754821,450
214668361,32.0625,28.4259,456,43934,0.0578329,0.13,1,2755306,2754850,456
214671281,41.025,32.3703,468,43982,0.0411332,0.05,1,2755353,2754885,468
214674201,32.61,39.9481,450,44030,0.0464533,0.05,1,2755380,2754930,450
214677121,32.844,33.3793,454,44078,0.0605813,0.05,1,2755413,2754959,454
214680041,34.7376,31.3517,460,44126,0.0902325,0.09,1,2755449,2754989,460
214715081,41.2668,41.025,424,44696,0.0610459,0.05,1,2755777,2755353,424
214718001,33.3067,32.61,425,44743,0.0424184,0.07,1,2755805,2755380,425
214720921,34.3227,32.844,427,44790,0.0469673,0.11,1,2755840,2755413,427
214723841,35.3291,34.7376,427,44837,0.0367869,0.15,1,2755876,2755449,427
214726761,36.3316,34.895,429,44884,0.0327148,0.15,1,2755913,2755484,429
214729681,29.5327,28.958,429,44931,0.0670859,0.19,1,2755938,2755509,429
214732601,28.6131,28.3832,429,44978,0.0568344,0.11,1,2755966,2755537,429
214735521,25.2452,25.1533,429,45025,0.0647338,0.15,1,2755989,2755560,429
214738441,29.2981,28.0613,431,45072,0.0678935,0.19,1,2756021,2755590,431
214741361,24.9192,24.4245,431,45119,0.0931574,0.17,1,2756043,2755612,431
214744281,24.3677,24.7698,430,45166,0.091263,0.17,1,2756067,2755637,430
214770561,36.7073,36.3316,424,45584,0.0704875,0.09,1,2756337,2755913,424
214773481,30.8829,29.5327,426,45630,0.094195,0.05,1,2756364,2755938,426
214779321,25.5813,25.2452,425,45722,0.0954712,0.07,1,2756414,2755989,425
214817281,31.3199,36.703,451,46320,0.209563,0.11,1,2756788,2756337,451
214820201,28.128,30.8812,450,46366,0.257825,0.11,1,2756814,2756364,450
214823121,26.2512,27.9525,449,46411,0.26513,0.09,1,2756839,2756390,449
214826041,30.9005,25.581,459,46456,0.268052,0.13,1,2756873,2756414,459
214828961,26.7602,29.4324,451,46501,0.269221,0.19,1,2756897,2756446,451
214831881,25.1041,24.973,453,46546,0.293688,0.17,1,2756921,2756468,453
214849401,31.1798,37.3968,454,46816,0.415149,0.15,1,2757080,2756626,454
214852321,32.8719,30.5587,462,46861,0.43606,0.15,1,2757114,2756652,462
214890281,25.7664,30.6235,441,47445,0.757451,0.41,2,2757452,2757011,441
214893201,36.1066,37.4494,442,47489,0.75298,0.43,2,2757495,2757053,442
214896121,31.2426,31.1798,443,47533,0.751192,0.45,2,2757523,2757080,443
214899041,33.4971,32.8719,444,47577,0.774477,0.49,2,2757558,2757114,444
214901961,37.3988,35.9488,446,47621,0.759791,0.51,2,2757598,2757152,446
214925321,11.8713,11.4394,455,47973,0.75589,0.69,2,2757814,2757359,455
214928241,19.7485,18.9757,456,48017,0.776356,0.75,2,2757839,2757383,456
214931161,28.8994,26.7903,459,48061,0.772542,0.75,2,2757874,2757415,459
214939921,35.8816,36.1066,459,48193,0.756723,0.75,2,2757954,2757495,459
214942841,31.1526,31.2426,459,48237,0.788689,0.79,2,2757982,2757523,459
214974961,20.4072,19.7485,459,48715,0.9163,0.77,2,2758298,2757839,459
214977881,28.5629,28.8994,458,48758,0.94852,0.73,2,2758332,2757874,458
214989561,31.864,29.4726,489,48930,0.94353,0.81,2,2758443,2757954,489
214998321,39.4793,36.9742,503,49059,0.944306,0.87,2,2758560,2758057,503
215180821,118.292,106.888,518,23541,0.09784,0.94,1,2760467,2759949,518
215183741,85.1168,93.7551,496,23631,0.081136,0.87,1,2760530,2760034,496
215186661,74.8467,68.7021,512,23721,0.0384544,0.55,1,2760598,2760086,512
215189581,59.9387,84.4808,467,23810,0.0813818,0.29,1,2760648,2760181,467
215192501,61.7755,61.3923,484,23899,0.0865527,0.23,1,2760711,2760227,484
215204181,69.3287,74.1908,422,24252,0.0661997,0.07,1,2760889,2760467,422
215207101,67.3315,67.4763,425,24339,0.0564799,0.01,1,2760955,2760530,425
215218781,37.3349,35.0586,430,24685,0.210006,0.21,1,2761159,2760729,430
215221701,25.734,23.6234,432,24771,0.258002,0.09,1,2761177,2760745,432
215224621,40.2936,44.2494,424,24857,0.289201,0.03,1,2761227,2760803,424
215227541,66.5174,69.2998,422,24942,0.26568,0.05,1,2761311,2760889,422
215230461,68.607,67.3199,426,25027,0.208272,0.15,1,2761381,2760955,426
215236301,58.6171,57.0912,430,25196,0.204924,0.21,1,2761503,2761073,430
215256741,70.4417,67.6188,501,25779,0.225265,0.19,1,2761882,2761381,501
215259661,58.1767,69.6475,480,25861,0.276106,0.21,1,2761932,2761452,480
215280101,74.534,65.1036,509,26429,0.403446,0.27,1,2762317,2761808,509
215291781,27.2089,38.5883,458,26748,0.401576,0.37,1,2762479,2762021,458
215294701,40.8835,26.2353,490,26827,0.41863,0.37,1,2762529,2762039,490
215297621,63.7534,41.0941,518,26906,0.449452,0.37,1,2762608,2762090,518
215315141,39.3205,39.5222,441,27375,0.760873,0.41,2,2762901,2762460,441
215318061,28.3282,27.2089,443,27452,0.766349,0.43,2,2762922,2762479,443
215320981,41.9313,40.8835,444,27529,0.76854,0.47,2,2762973,2762529,444
215323901,64.7725,63.7534,445,27606,0.781416,0.47,2,2763053,2762608,445
215335581,62.143,58.2529,456,27912,0.930036,0.77,2,2763265,2762809,456
215338501,68.0572,65.3012,458,27988,0.930014,0.79,2,2763337,2762879,458
215341421,41.0229,39.3205,459,28064,0.942006,0.77,2,2763360,2762901,459
215344341,28.4091,28.3282,458,28139,0.946802,0.77,2,2763380,2762922,458
215356021,57.8185,10.8436,539,28439,0.943486,0.91,2,2763594,2763055,539
215358941,69.9274,48.1374,544,28513,0.935394,0.87,2,2763672,2763128,544
215469901,62.6213,65.73,490,31208,0.9316,1,2,2765583,2765093,490
215487421,37.7737,41.6224,507,31613,0.273052,1,1,2765817,2765310,507
215493261,49.9638,71.2196,508,31747,0.0508883,1,1,2765946,2765438,508
215496181,40.3855,50.0878,506,31814,0.0203553,0.99,1,2765980,2765474,506
215499101,53.9542,38.0351,539,31881,0.0381421,0.89,1,2766043,2765504,539
215502021,39.5817,62.6141,490,31947,0.0332568,0.81,1,2766073,2765583,490
215504941,38.0327,46.6456,491,32013,0.0313027,0.67,1,2766110,2765619,491
215507861,33.2131,42.6582,481,32079,0.0425211,0.57,1,2766140,2765659,481
215510781,37.8852,37.4633,488,32145,0.0230084,0.43,1,2766181,2765693,488
215513701,32.5541,45.5853,466,32211,0.0272034,0.27,1,2766210,2765744,466
215516621,32.2216,40.4341,461,32277,0.0408813,0.21,1,2766242,2765781,461
215519541,66.8887,37.7737,515,32343,0.0223525,0.03,1,2766332,2765817,515
215522461,48.3555,70.9095,458,32408,0.00894102,0,1,2766368,2765910,458
215525381,39.7422,49.9638,456,32473,0.00357641,0,1,2766402,2765946,456
215528301,53.6969,40.3855,485,32538,0.0194306,0.05,1,2766465,2765980,485
215531221,38.8788,53.9542,451,32603,0.0257722,0.03,1,2766494,2766043,451
215534141,37.7515,39.5817,458,32668,0.0163089,0.03,1,2766531,2766073,458
215537061,34.3006,38.0327,453,32733,0.0245236,0.05,1,2766563,2766110,453
215539981,14.9202,33.2131,425,32798,0.0278094,0.01,1,2766565,2766140,425
215545821,30.7072,32.5541,425,32926,0.0680495,0.05,1,2766635,2766210,425
215548741,30.8829,32.2216,424,32990,0.0572198,0.01,1,2766666,2766242,424
215551661,65.1532,66.8887,422,33054,0.0408879,0,1,2766754,2766332,422
215554581,47.6613,48.3555,422,33118,0.0163552,0,1,2766790,2766368,422
215557501,40.6645,39.7422,424,33182,0.0125421,0.03,1,2766826,2766402,424
215560421,52.8658,53.6969,422,33246,0.0230168,0.03,1,2766887,2766465,422
215563341,38.5463,38.8788,422,33310,0.0272067,0.01,1,2766916,2766494,422
215566261,38.2185,37.7515,423,33373,0.0168827,0.03,1,2766954,2766531,423
215569181,35.6874,34.3006,425,33436,0.0127531,0.03,1,2766988,2766563,425
215572101,15.475,14.9202,425,33499,0.0471012,0.19,1,2766990,2766565,425
215575021,29.59,28.7681,426,33562,0.0848405,0.03,1,2767029,2766603,426
215577941,28.636,30.7072,422,33625,0.0999362,0.05,1,2767057,2766635,422
215583781,63.7418,65.1532,422,33751,0.0699898,0,1,2767176,2766754,422
215586701,47.0967,47.6613,422,33814,0.0279959,0.01,1,2767212,2766790,422
215589621,40.4387,40.6645,422,33877,0.0171984,0.03,1,2767248,2766826,422
215592541,52.7755,52.8658,422,33939,0.0248793,0.03,1,2767309,2766887,422
215595461,39.1102,38.5463,423,34001,0.0159517,0.01,1,2767339,2766916,423
215598381,37.8441,38.2185,422,34063,0.0123807,0.01,1,2767376,2766954,422
215601301,36.7376,35.6874,424,34125,0.0109523,0.07,1,2767412,2766988,424
215604221,15.8951,15.475,424,34187,0.0223809,0.11,1,2767414,2766990,424
215607141,32.158,29.59,428,34249,0.0269524,0.11,1,2767457,2767029,428
215610061,27.8632,11.836,453,34311,0.0407809,0.11,1,2767482,2767029,453
215612981,32.1453,21.5344,460,34373,0.0583124,0.15,1,2767517,2767057,460
215615901,60.8581,29.0138,506,34435,0.041325,0.03,1,2767597,2767091,506
215618821,45.9432,62.6055,457,34496,0.01653,0,1,2767633,2767176,457
215621741,39.9773,46.6422,457,34557,0.036612,0.01,1,2767669,2767212,457
215624661,52.5909,40.2569,482,34618,0.0446448,0.03,1,2767730,2767248,482
215627581,39.0364,52.7028,451,34679,0.0238579,0.01,1,2767760,2767309,451
215630501,37.8145,39.0811,458,34740,0.0275432,0.01,1,2767797,2767339,458
215633421,36.7258,37.8324,457,34801,0.0170173,0.01,1,2767833,2767376,457
215636341,15.8903,36.733,423,34862,0.00680691,0.03,1,2767835,2767412,423
215639261,32.1561,15.8932,464,34923,0.0327228,0.03,1,2767878,2767414,464
215642181,29.0625,32.1573,448,34984,0.0550891,0.05,1,2767905,2767457,448
215645101,33.225,27.8629,459,35044,0.0760356,0.07,1,2767941,2767482,459
215648021,60.69,32.1452,503,35104,0.0844143,0.03,1,2768020,2767517,503
215650941,44.676,60.8581,457,35164,0.0397657,0,1,2768054,2767597,457
215653861,40.6704,45.9432,459,35224,0.0339063,0.05,1,2768092,2767633,459
215656781,52.2682,39.9773,483,35284,0.0435625,0.05,1,2768152,2767669,483
215659701,38.9073,52.5909,452,35344,0.017425,0.01,1,2768182,2767730,452
215662621,37.7629,39.0364,459,35404,0.02497,0.03,1,2768219,2767760,459
215665541,36.1052,37.8145,457,35464,0.027988,0.01,1,2768254,2767797,457
215668461,15.6421,36.7258,423,35524,0.0111952,0,1,2768256,2767833,423
215671381,32.0568,15.8903,464,35584,0.0224781,0.05,1,2768299,2767835,464
215674301,30.8227,32.1561,451,35643,0.0509912,0.07,1,2768329,2767878,451
215677221,13.5291,29.0625,426,35702,0.0623965,0.09,1,2768331,2767905,426
215680141,27.6116,33.225,427,35761,0.0789586,0.09,1,2768368,2767941,427
215691821,52.6573,52.2682,424,35997,0.0873173,0,1,2768576,2768152,424
215694741,38.4629,38.9073,423,36056,0.0409269,0.03,1,2768605,2768182,423
215697661,36.9852,37.7629,422,36115,0.0223708,0.03,1,2768641,2768219,422
215700581,35.7941,36.1052,422,36174,0.0269483,0,1,2768676,2768254,422
215703501,15.5176,15.6421,422,36232,0.0287793,0.03,1,2768678,2768256,422
215706421,32.6071,32.0568,423,36290,0.0175117,0.07,1,2768722,2768299,423
215709341,32.2428,30.8227,425,36348,0.0370047,0.07,1,2768754,2768329,425
215712261,14.0971,13.5291,425,36406,0.0448019,0.09,1,2768756,2768331,425
215715181,28.4389,27.6116,426,36464,0.0479207,0.19,1,2768794,2768368,426
215723941,37.8441,40.1431,424,36638,0.224587,0.07,1,2768939,2768515,424
215726861,51.1376,52.6573,423,36696,0.263835,0.01,1,2768999,2768576,423
215729781,37.8551,38.4629,423,36754,0.255534,0.01,1,2769028,2768605,423
215732701,36.142,36.9852,422,36811,0.216214,0.03,1,2769063,2768641,422
215741461,32.5531,32.6071,422,36982,0.0995177,0.05,1,2769144,2768722,422
215744381,32.2212,32.2428,422,37039,0.0698071,0.05,1,2769176,2768754,422
215747301,14.0885,14.0971,422,37096,0.0579228,0.05,1,2769178,2768756,422
215750221,29.6354,28.4389,424,37153,0.0291691,0.05,1,2769218,2768794,424
215753141,62.2542,11.3755,508,37210,0.0296677,0.17,1,2769302,2768794,508
215756061,45.3017,51.9502,463,37267,0.0298671,0.23,1,2769336,2768873,463
215758981,39.7207,39.3801,468,37324,0.0539468,0.25,1,2769372,2768904,468
215776501,30.3453,15.3715,466,37662,0.211047,0.07,1,2769566,2769100,466
215779421,30.7381,32.5486,453,37718,0.210419,0.05,1,2769597,2769144,453
215782341,13.4952,32.2194,423,37774,0.210167,0.05,1,2769599,2769176,423
215785261,29.9981,14.0878,462,37830,0.210067,0.01,1,2769640,2769178,462
215788181,62.3992,29.6351,506,37886,0.210027,0.03,1,2769724,2769218,506
215791101,45.9597,62.254,457,37942,0.210011,0.03,1,2769759,2769302,457
215802781,34.6518,34.6753,462,38165,0.200592,0.15,1,2769919,2769457,462
215805701,34.2607,34.2701,462,38220,0.218237,0.19,1,2769953,2769491,462
215808621,14.9043,32.908,432,38275,0.225295,0.19,1,2769955,2769523,432
215811541,31.7617,14.3632,473,38330,0.228118,0.23,1,2769998,2769525,473
215814461,30.7047,30.3453,462,38385,0.229247,0.21,1,2770028,2769566,462
215817381,13.4819,30.7381,433,38440,0.229699,0.21,1,2770030,2769597,433
215820301,29.9927,13.4952,472,38495,0.24188,0.21,1,2770071,2769599,472
215823221,62.3971,29.9981,515,38550,0.282752,0.21,1,2770155,2769640,515
215840741,35.0421,34.6518,433,38878,0.412701,0.23,1,2770352,2769919,433
215843661,34.4169,34.2607,433,38932,0.42308,0.23,1,2770386,2769953,433
215849501,31.7867,31.7617,433,39040,0.438493,0.23,1,2770431,2769998,433
215887461,31.9415,31.7867,443,39738,0.757746,0.51,2,2770874,2770431,443
215890381,31.9766,30.7147,445,39791,0.789098,0.51,2,2770906,2770461,445
215896221,31.9963,31.1943,446,39897,0.782656,0.57,2,2770952,2770506,446
215899141,65.5985,64.0777,448,39950,0.763062,0.59,2,2771040,2770592,448
215902061,49.0394,47.8311,449,40003,0.791225,0.59,2,2771078,2770629,449
215904981,20.8158,20.3324,449,40056,0.77849,0.63,2,2771080,2770631,449
215907901,31.7263,30.333,451,40109,0.773396,0.63,2,2771119,2770668,451
215910821,52.8905,12.1332,518,40162,0.795358,0.65,2,2771186,2770668,518
215937101,65.6207,31.9915,547,40632,0.901241,0.75,2,2771499,2770952,547
215940021,49.0483,65.5966,497,40684,0.942496,0.81,2,2771537,2771040,497
216123981,320.933,343.868,485,18980,0.418,1,1,2773707,2773222,485
216129821,134.869,132.899,501,19925,0.08008,0.39,1,2773887,2773386,501
216132741,91.1477,102.96,480,20031,0.074032,0.01,1,2773949,2773469,480
216135661,86.2591,102.984,460,20137,0.0476128,0.01,1,2774032,2773572,460
216138581,72.3036,80.7935,457,20242,0.0190451,0,1,2774095,2773638,457
216141501,40.3215,58.7174,432,20347,0.0496181,0.03,1,2774114,2773682,432
216144421,65.9286,38.487,490,20451,0.0258472,0.03,1,2774197,2773707,490
216147341,94.7714,56.1948,536,20555,0.0523389,0.01,1,2774311,2773775,536
216150261,75.1086,89.6779,486,20658,0.0509356,0.07,1,2774373,2773887,486
216153181,78.6434,73.0712,505,20761,0.0383742,0.03,1,2774454,2773949,505
216156101,69.8574,79.0285,486,20863,0.0213497,0,1,2774518,2774032,486
216159021,40.5429,69.4114,444,20965,0.0145399,0.07,1,2774539,2774095,444
216161941,17.4172,39.1646,427,21066,0.035816,0.01,1,2774541,2774114,427
216164861,54.3669,65.4658,423,21167,0.0203264,0.07,1,2774620,2774197,423
216167781,90.1467,94.5863,423,21267,0.0741306,0.05,1,2774734,2774311,423
216173621,78.1435,78.6138,424,21466,0.0610609,0.01,1,2774878,2774454,424
216176541,69.0574,69.8455,423,21565,0.0424244,0.01,1,2774941,2774518,423
216179461,40.823,40.5382,424,21663,0.0229697,0.05,1,2774963,2774539,424
216182381,17.5292,17.4153,424,21761,0.0151879,0.01,1,2774965,2774541,424
216185301,53.2117,54.3661,422,21858,0.0360752,0.11,1,2775042,2774620,422
216188221,91.4847,90.1464,425,21955,0.0564301,0.13,1,2775159,2774734,425
216194061,76.1975,78.1434,422,22148,0.0726288,0.03,1,2775300,2774878,422
216196981,68.279,69.0574,422,22244,0.0470515,0.01,1,2775363,2774941,422
216199901,41.1116,40.8229,423,22339,0.0368206,0.01,1,2775386,2774963,423
216202821,17.6446,17.5292,423,22434,0.0327282,0.05,1,2775388,2774965,423
216205741,52.6579,53.2117,422,22529,0.0430913,0.05,1,2775464,2775042,422
216208661,93.0631,21.2847,542,22623,0.0352365,0.07,1,2775584,2775042,542
216211581,77.4253,78.7139,492,22717,0.0320946,0.19,1,2775651,2775159,492
216214501,72.9701,69.8855,498,22810,0.0548378,0.03,1,2775721,2775223,498
216217421,66.988,74.1542,484,22903,0.0279351,0.03,1,2775784,2775300,484
216220341,40.5952,67.4617,444,22996,0.0531741,0.03,1,2775807,2775363,444
216223261,17.4381,40.7847,423,23088,0.0632696,0.03,1,2775809,2775386,423
216226181,53.7752,17.5139,499,23180,0.0433078,0.05,1,2775887,2775388,499
216229101,93.5101,52.6055,543,23271,0.0713231,0.03,1,2776007,2775464,543
216232021,77.004,93.0422,489,23362,0.0825293,0.03,1,2776073,2775584,489
216237861,66.9206,72.9668,485,23543,0.0540047,0.01,1,2776206,2775721,485
216240781,41.7683,66.9867,447,23633,0.0396019,0.07,1,2776231,2775784,447
216243701,17.9073,40.5947,426,23723,0.0338407,0.07,1,2776233,2775807,426
216246621,52.7629,17.4379,500,23812,0.0315363,0.03,1,2776309,2775809,500
216249541,94.9052,53.7752,545,23901,0.0186145,0.09,1,2776432,2775887,545
216252461,39.1621,93.5101,427,23990,0.0254458,0.09,1,2776434,2776007,427
216255381,54.6648,77.004,426,24078,0.0881783,0.17,1,2776499,2776073,426
216269981,52.3268,52.7629,423,24515,0.0999269,0.01,1,2776732,2776309,423
216278741,55.9329,54.6648,426,24773,0.200075,0.15,1,2776925,2776499,426
216290421,16.7727,16.817,427,25114,0.429778,0.09,1,2777083,2776656,427
216293341,51.7091,52.3268,426,25198,0.429911,0.13,1,2777158,2776732,426
216305021,74.7974,22.3732,517,25533,0.42971,0.39,1,2777442,2776925,517
216307941,62.3189,55.1493,494,25616,0.441884,0.43,1,2777496,2777002,494
216310861,40.5276,54.4597,466,25699,0.446754,0.41,1,2777522,2777056,466
216313781,17.411,36.7839,443,25781,0.448701,0.45,1,2777524,2777081,443
216348821,60.6878,39.7063,523,26750,0.760345,0.57,2,2778251,2777728,523
216351741,74.6751,59.6825,534,26829,0.754138,0.61,2,2778335,2777801,534
216354661,64.6701,73.073,510,26908,0.799655,0.67,2,2778393,2777883,510
216372181,40.5434,40.7195,459,27377,0.937991,0.77,2,2778636,2778177,459
216375101,61.2174,60.6878,460,27454,0.933196,0.75,2,2778711,2778251,460
216491901,48.8839,44.5358,492,30384,0.40744,1,1,2780792,2780300,492
216494821,40.5536,44.2143,483,30454,0.216976,1,1,2780827,2780344,483
216497741,37.8214,39.2857,483,30523,0.0867904,1,1,2780863,2780380,483
216500661,36.1286,35.5143,485,30592,0.0527162,1,1,2780898,2780413,485
216503581,36.6514,33.4057,490,30661,0.0210865,1,1,2780935,2780445,490
216506501,60.2606,63.1623,483,30730,0.0264346,1,1,2781011,2780528,483
216509421,41.5042,47.4649,475,30799,0.0165738,0.95,1,2781040,2780565,475
216512341,37.6017,44.186,468,30868,0.0126295,0.71,1,2781075,2780607,468
216515261,65.4407,75.2744,456,30937,0.0230518,0.53,1,2781159,2780703,456
216518181,45.3763,57.7098,442,31005,0.0272207,0.25,1,2781191,2780749,442
216521101,37.9505,48.8839,432,31073,0.0168883,0.09,1,2781224,2780792,432
216524021,30.1802,40.5536,422,31141,0.0247553,0,1,2781249,2780827,422
216526941,33.6721,37.8214,422,31209,0.0159021,0.03,1,2781285,2780863,422
216529861,34.4688,36.1286,422,31277,0.0243609,0.03,1,2781320,2780898,422
216532781,35.3875,14.4514,458,31345,0.0517443,0,1,2781356,2780898,458
216535701,59.755,27.9806,497,31413,0.0506977,0.03,1,2781432,2780935,497
216538621,41.302,56.7922,450,31480,0.0382791,0.01,1,2781461,2781011,450
216541541,37.5208,40.1169,456,31547,0.0213116,0.01,1,2781496,2781040,456
216544461,65.4083,37.0468,505,31614,0.0505247,0.03,1,2781580,2781075,505
216547381,45.3633,65.2187,453,31681,0.0262099,0.03,1,2781612,2781159,453
216550301,37.9453,45.2875,454,31748,0.0404839,0.01,1,2781645,2781191,454
216553221,30.7781,37.915,447,31815,0.0341936,0.03,1,2781671,2781224,447
216556141,33.3113,30.166,457,31881,0.0316774,0.01,1,2781706,2781249,457
216559061,34.3245,33.6664,456,31947,0.018671,0.03,1,2781741,2781285,456
216561981,35.9298,34.4666,458,32013,0.0494684,0.07,1,2781778,2781320,458
216564901,59.3719,35.3866,497,32079,0.0377874,0.05,1,2781853,2781356,497
216567821,41.1488,59.7547,450,32145,0.0211149,0.03,1,2781882,2781432,450
216570741,38.0595,41.3019,457,32211,0.014446,0.01,1,2781918,2781461,457
216573661,65.6238,37.5207,506,32277,0.0477784,0.07,1,2782002,2781496,506
216576581,46.0495,65.4083,455,32343,0.0371114,0.01,1,2782035,2781580,455
216579501,37.0198,45.3633,454,32408,0.0208445,0.05,1,2782066,2781612,454
216582421,31.0079,37.9453,448,32473,0.0263378,0.03,1,2782093,2781645,448
216585341,33.4032,30.7781,457,32538,0.0285351,0.03,1,2782128,2781671,457
216588261,34.3613,33.3113,457,32603,0.0174141,0.01,1,2782163,2781706,457
216591181,36.5445,34.3245,460,32668,0.0369656,0.07,1,2782201,2781741,460
216594101,59.0178,35.9298,497,32733,0.0327862,0.03,1,2782275,2781778,497
216597021,24.8071,59.3719,424,32798,0.0311145,0.01,1,2782277,2781853,424
216599941,26.7228,41.1488,423,32862,0.0304458,0.01,1,2782305,2781882,423
216602861,31.6891,38.0595,422,32926,0.0181783,0.07,1,2782340,2781918,422
216605781,64.8757,65.6238,425,32990,0.0372713,0.03,1,2782427,2782002,425
216608701,44.5503,46.0495,423,33054,0.0329085,0.01,1,2782458,2782035,423
216611621,36.4201,37.0198,423,33118,0.0311634,0.03,1,2782489,2782066,423
216614541,31.368,31.0079,424,33182,0.0424654,0.03,1,2782517,2782093,424
216617461,32.9472,33.4032,423,33246,0.0469861,0.01,1,2782551,2782128,423
216620381,33.5789,34.3613,422,33310,0.0487945,0.05,1,2782585,2782163,422
216623301,36.8316,36.5445,423,33373,0.0375178,0.03,1,2782624,2782201,423
216626221,59.1326,59.0178,423,33436,0.0810071,0.03,1,2782698,2782275,423
216629141,24.853,24.8071,423,33499,0.0744028,0.03,1,2782700,2782277,423
216632061,26.1412,26.7228,422,33562,0.0717611,0.01,1,2782727,2782305,422
216634981,31.4565,31.6891,422,33625,0.0467045,0.05,1,2782762,2782340,422
216637901,64.7826,64.8757,422,33688,0.0606818,0.03,1,2782849,2782427,422
216640821,44.513,44.5503,422,33751,0.0422727,0.03,1,2782880,2782458,422
216643741,37.0052,36.4201,423,33814,0.0349091,0.05,1,2782912,2782489,423
216646661,32.2021,31.368,424,33877,0.0319636,0.05,1,2782941,2782517,424
216649581,32.0808,32.9472,422,33939,0.0547855,0.05,1,2782973,2782551,422
216652501,33.2323,33.5789,422,34001,0.0639142,0.03,1,2783007,2782585,422
216655421,37.8929,36.8316,424,34063,0.0555657,0.11,1,2783048,2782624,424
216670021,65.4175,25.1826,510,34373,0.056393,0.07,1,2783272,2782762,510
216672941,43.567,62.273,452,34435,0.0405572,0.03,1,2783301,2782849,452
216675861,37.8268,43.5092,455,34496,0.0342229,0.03,1,2783335,2782880,455
216678781,31.9307,36.6037,451,34557,0.0556892,0.03,1,2783363,2782912,451
216681701,31.3723,32.0415,453,34618,0.0522757,0.07,1,2783394,2782941,453
216684621,32.9489,32.0166,455,34679,0.0269103,0.07,1,2783428,2782973,455
216687541,38.9796,33.2066,464,34740,0.0287641,0.05,1,2783471,2783007,464
216690461,61.7918,37.8827,500,34801,0.0415056,0.15,1,2783548,2783048,500
216693381,25.9167,59.5531,428,34862,0.0466023,0.15,1,2783550,2783122,428
216696301,25.9667,25.0212,452,34923,0.0486409,0.11,1,2783576,2783124,452
216699221,28.9867,25.6085,457,34984,0.0734564,0.13,1,2783607,2783150,457
216702141,64.3947,30.0434,512,35044,0.0473825,0.01,1,2783695,2783183,512
216705061,42.5579,65.4174,451,35104,0.060953,0.03,1,2783723,2783272,451
216719661,39.264,32.9489,466,35404,0.090413,0.03,1,2783894,2783428,466
216722581,61.9056,38.9796,500,35464,0.0781652,0.05,1,2783971,2783471,500
216725501,25.9622,61.7918,425,35524,0.0732661,0.05,1,2783973,2783548,425
216728421,25.9849,25.9167,449,35584,0.0833064,0.05,1,2783999,2783550,449
216731341,28.994,25.9667,454,35643,0.0993226,0.09,1,2784030,2783576,454
216751781,31.0679,32.1599,427,36056,0.0988734,0.07,1,2784277,2783850,427
216754701,36.4272,39.264,423,36115,0.0935494,0.07,1,2784317,2783894,423
216769301,12.9913,12.7976,427,36406,0.207867,0.13,1,2784459,2784032,427
216772221,56.7965,57.319,426,36464,0.233147,0.11,1,2784545,2784119,426
216775141,41.9186,41.5276,427,36522,0.267259,0.13,1,2784577,2784150,427
216778061,38.3674,38.811,426,36580,0.280903,0.11,1,2784613,2784187,426
216795581,26.422,25.9883,426,36925,0.411111,0.17,1,2784824,2784398,426
216798501,29.7688,27.1953,430,36982,0.434444,0.19,1,2784856,2784426,430
216865661,27.2983,63.8835,452,38275,0.76014,0.59,2,2785714,2785262,452
216868581,32.5193,26.7534,486,38330,0.766056,0.59,2,2785750,2785264,486
216871501,32.8077,32.3014,483,38385,0.756422,0.61,2,2785783,2785300,483
216874421,14.3231,33.3205,451,38440,0.752569,0.57,2,2785785,2785334,451
216877341,61.5292,14.5282,542,38495,0.799028,0.63,2,2785878,2785336,542
216891941,27.9344,30.9667,455,38770,0.926259,0.69,2,2786009,2785554,455
216894861,32.1738,32.7867,456,38824,0.904504,0.73,2,2786044,2785588,456
216897781,38.0695,37.1147,458,38878,0.919801,0.77,2,2786086,2785628,458
216900701,66.8278,65.2459,460,38932,0.901921,0.77,2,2786172,2785712,460
216906541,32.7724,32.5193,460,39040,0.903907,0.75,2,2786210,2785750,460
216915301,63.3454,61.5292,463,39202,0.91489,0.83,2,2786341,2785878,463
217070061,49.7554,56.6989,493,41962,0.931114,1,2,2788251,2787758,493
217072981,41.5021,46.6795,489,42012,0.942446,1,2,2788287,2787798,489
217075901,34.6009,36.0718,490,42062,0.922978,1,2,2788317,2787827,490
217078821,36.0403,34.8287,493,42112,0.915191,1,2,2788354,2787861,493
217218981,33.7784,29.1388,514,44456,0.904586,1,2,2789957,2789443,514
217248181,25.346,31.4878,482,44926,0.939609,0.96,2,2790287,2789805,482
217251101,21.5384,24.5951,481,44973,0.945844,1,2,2790306,2789825,481
217429221,33.9656,26.381,505,47749,0.917102,1,2,2792246,2791741,505
217435061,25.2345,31.101,492,47837,0.769536,1,2,2792291,2791799,492
217513901,32.0065,28.4753,479,49012,0.772072,0.51,2,2793067,2792588,479
217516821,29.0026,29.9901,475,49055,0.770829,0.57,2,2793094,2792619,475
217519741,30.201,28.796,478,49098,0.758331,0.55,2,2793125,2792647,478
217522661,30.0804,29.5184,478,49141,0.753333,0.53,2,2793155,2792677,478
217525581,21.6322,30.4074,463,49184,0.751333,0.53,2,2793171,2792708,463
217528501,23.0529,22.9629,469,49227,0.762533,0.53,2,2793195,2792726,469
217531421,26.6211,22.3852,476,49270,0.779013,0.55,2,2793224,2792748,476
217534341,32.8485,26.9541,483,49313,0.797605,0.61,2,2793261,2792778,483
217537261,30.5394,31.1816,478,49356,0.793042,0.57,2,2793290,2792812,478
217543101,31.0463,32.8291,480,49442,0.795287,0.71,2,2793357,2792877,480
217546021,23.8185,29.9316,471,49485,0.780115,0.69,2,2793376,2792905,471
217548941,30.5274,21.5726,490,49528,0.762046,0.67,2,2793411,2792921,490
217551861,29.011,29.6291,483,49571,0.754818,0.75,2,2793439,2792956,483
217554781,22.4044,26.8516,476,49614,0.751927,0.75,2,2793457,2792981,476
217557701,29.3618,21.5406,492,49656,0.786771,0.75,2,2793491,2792999,492
217581061,33.7204,26.6211,498,49992,0.904179,0.81,2,2793722,2793224,498
217583981,30.2882,32.8485,489,50034,0.907672,0.79,2,2793750,2793261,489
217586901,36.1153,30.5394,500,50076,0.909069,0.81,2,2793790,2793290,500
217589821,30.6461,35.6158,488,50118,0.945627,0.79,2,2793817,2793329,488
217824881,74.6247,70.4656,470,24440,0.0751899,0.01,1,2796209,2795739,470
217827801,61.6499,73.1862,448,24527,0.048076,0.01,1,2796262,2795814,448
217830721,72.66,56.8745,482,24613,0.0732304,0.03,1,2796342,2795860,482
217833641,37.464,57.5498,438,24699,0.0832921,0.09,1,2796356,2795918,438
217836561,28.7856,35.6199,440,24785,0.0513169,0.07,1,2796379,2795939,440
217851161,57.9034,59.0294,423,25210,0.0521927,0.09,1,2796685,2796262,423
217854081,72.9614,71.6118,426,25294,0.0748771,0.09,1,2796768,2796342,426
217857001,37.5845,37.0447,426,25378,0.0719508,0.03,1,2796782,2796356,426
217859921,28.2338,28.6179,425,25461,0.0947803,0.03,1,2796804,2796379,425
217865761,63.1974,48.9789,495,25627,0.0955648,0.19,1,2796948,2796453,495
217868681,48.079,58.5915,468,25710,0.0802259,0.21,1,2796986,2796518,468
217874521,54.8526,64.8146,474,25874,0.0500361,0,1,2797106,2796632,474
217877441,73.5411,57.7259,507,25956,0.0380145,0.09,1,2797192,2796685,507
217880361,37.8164,72.8903,438,26038,0.0332058,0.07,1,2797206,2796768,438
217883281,28.3266,37.5561,446,26119,0.0312823,0.11,1,2797228,2796782,446
217886201,58.1306,28.2225,502,26200,0.0425129,0.11,1,2797306,2796804,502
217889121,63.4523,57.489,492,26281,0.0590052,0.09,1,2797373,2796881,492
217903721,37.3928,73.541,436,26682,0.097977,0.03,1,2797628,2797192,436
217915401,49.5621,63.4523,425,26998,0.232572,0.13,1,2797798,2797373,425
217918321,45.6248,48.7809,429,27076,0.291029,0.19,1,2797841,2797412,429
217938761,25.7101,24.9051,431,27619,0.405034,0.27,1,2798163,2797732,431
217941681,51.0841,49.5621,433,27696,0.408014,0.33,1,2798231,2797798,433
217944601,48.0336,45.6248,436,27772,0.421205,0.35,1,2798277,2797841,436
218005921,72.2689,53.1195,540,29331,0.783954,0.69,2,2799382,2798842,540
218017601,26.3205,63.3615,457,29619,0.901397,0.69,2,2799510,2799053,457
218020521,53.7282,26.5446,527,29690,0.942559,0.69,2,2799582,2799055,527
218023441,50.8913,53.8178,504,29761,0.947024,0.71,2,2799631,2799127,504
218254121,33.2249,34.9391,513,34932,0.795165,1,2,2803253,2802740,513
218257041,34.29,36.1756,511,34993,0.756066,1,2,2803288,2802777,511
218271641,50.1291,47.0898,535,35293,0.260213,1,1,2803507,2802972,535
218283321,30.5777,41.1559,493,35533,0.0852374,0.78,1,2803683,2803190,493
218286241,25.4311,35.0624,484,35592,0.076095,0.75,1,2803705,2803221,484
218289161,31.1724,33.2249,487,35651,0.048438,0.73,1,2803740,2803253,487
218292081,13.669,34.29,454,35710,0.0493752,0.69,1,2803742,2803288,454
218295001,25.2676,35.916,450,35769,0.0497501,0.53,1,2803775,2803325,450
218297921,29.907,37.7664,444,35828,0.0619,0.47,1,2803808,2803364,444
218300841,29.9628,34.3066,442,35887,0.06676,0.31,1,2803838,2803396,442
218303761,44.9851,50.3226,436,35946,0.092704,0.17,1,2803893,2803457,436
218332961,30.0015,29.907,425,36530,0.23269,0.07,1,2804233,2803808,425
218335881,30.0006,29.9628,425,36588,0.231076,0.11,1,2804263,2803838,425
218338801,47.4002,44.9851,429,36646,0.26643,0.15,1,2804322,2803893,429
218379681,64.0159,44.3453,512,37446,0.426657,0.37,1,2804877,2804365,512
218455601,52.1899,51.9398,455,38886,0.903192,0.67,2,2805818,2805363,455
218458521,41.876,41.1759,456,38940,0.919277,0.69,2,2805853,2805397,456
218461441,29.9504,29.6704,456,38994,0.901711,0.69,2,2805875,2805419,456
218464361,23.9802,23.8681,456,39048,0.930684,0.71,2,2805895,2805439,456
218470201,14.3968,14.1389,457,39156,0.939709,0.71,2,2805936,2805479,457
218610361,44.1885,59.1044,476,41665,0.9292,1,2,2807709,2807233,476
218616201,37.3102,34.5367,490,41767,0.939472,1,2,2807781,2807291,490
218619121,35.3241,26.4147,503,41818,0.921789,1,2,2807815,2807312,503
218624961,32.7719,26.0663,510,41918,0.767886,1,2,2807877,2807367,510
218673141,173.745,167.532,487,19092,0.210185,0.53,1,2808477,2807990,487
218687741,37.5526,46.5187,444,19642,0.212018,0.17,1,2808805,2808361,444
218693581,92.8884,66.963,531,19857,0.205523,0.11,1,2809008,2808477,531
218696501,92.9554,89.1852,520,19964,0.244209,0.09,1,2809101,2808581,520
218699421,71.3821,92.6741,482,20070,0.247684,0.17,1,2809158,2808676,482
218714021,94.1428,92.7135,527,20594,0.426904,0.27,1,2809535,2809008,527
218737381,70.7492,71.857,446,21404,0.782129,0.59,2,2810038,2809592,446
218754901,91.8836,89.8731,460,21992,0.938395,0.81,2,2810440,2809980,460
218757821,71.5534,70.7492,460,22088,0.945358,0.87,2,2810498,2810038,460
218760741,71.2214,69.0997,463,22184,0.924143,0.89,2,2810569,2810106,463
218763661,41.0885,39.6399,464,22280,0.939657,0.89,2,2810590,2810126,464
218845421,48.1814,49.7688,495,24807,0.934,1,2,2812418,2811923,495
218848341,49.8726,60.7075,478,24892,0.7516,1,2,2812469,2811991,478
218860021,66.3551,72.2101,482,25231,0.063065,1,1,2812723,2812241,482
218862941,83.5421,88.884,477,25315,0.043226,1,1,2812818,2812341,477
218865861,50.2168,55.9536,471,25399,0.0172904,0.89,1,2812846,2812375,471
218868781,40.4867,48.1814,462,25482,0.0249162,0.89,1,2812880,2812418,462
218871701,41.3947,19.2726,504,25565,0.0279665,0.63,1,2812922,2812418,504
218874621,35.7579,38.309,485,25648,0.0411866,0.51,1,2812954,2812469,485
218877541,59.9032,36.9236,525,25731,0.0704746,0.19,1,2813030,2812505,525
218880461,50.3613,72.3694,473,25813,0.0341899,0,1,2813074,2812601,473
218883381,62.1445,60.1478,491,25895,0.0436759,0.01,1,2813144,2812653,491
218886301,81.8578,66.0591,516,25977,0.0594704,0.03,1,2813239,2812723,516
218889221,49.5431,83.4236,449,26059,0.0297882,0,1,2813267,2812818,449
218892141,40.2172,50.1695,455,26140,0.0299153,0.03,1,2813301,2812846,455
218895061,41.8869,40.4678,464,26221,0.0299661,0.03,1,2813344,2812880,464
218897981,35.3548,41.3871,453,26302,0.0659864,0.05,1,2813375,2812922,453
218900901,61.5419,35.7548,500,26383,0.0563946,0.09,1,2813454,2812954,500
218903821,50.4168,59.9019,467,26463,0.0285578,0.01,1,2813497,2813030,467
218906741,63.3667,50.3608,495,26543,0.0534231,0.05,1,2813569,2813074,495
218909661,79.9467,62.1443,516,26623,0.0273693,0.07,1,2813660,2813144,516
218912581,50.5787,81.8577,452,26703,0.0169477,0.01,1,2813691,2813239,452
218915501,38.8315,49.5431,455,26782,0.0607791,0.03,1,2813722,2813267,455
218918421,41.9326,40.2172,465,26861,0.0423116,0.03,1,2813766,2813301,465
218921341,17.973,41.8869,424,26940,0.0349247,0.09,1,2813768,2813344,424
218924261,24.5892,35.3548,422,27019,0.0199699,0.05,1,2813797,2813375,422
218927181,59.0357,61.5419,425,27097,0.0259879,0.01,1,2813879,2813454,425
218930101,48.2143,50.4168,423,27175,0.0103952,0.07,1,2813920,2813497,423
218933021,63.6857,63.3667,425,27253,0.0101581,0.01,1,2813994,2813569,425
218935941,78.8743,79.9467,423,27331,0.0220632,0.01,1,2814083,2813660,423
218938861,51.9497,50.5787,426,27408,0.0268253,0.09,1,2814117,2813691,426
218941781,36.9799,38.8315,422,27485,0.0527301,0.03,1,2814144,2813722,422
218944701,41.792,41.9326,423,27562,0.027092,0.03,1,2814189,2813766,423
218947621,17.9168,17.973,423,27639,0.0168368,0.01,1,2814191,2813768,423
218950541,23.9667,24.5892,422,27716,0.0247347,0.03,1,2814219,2813797,422
218953461,58.7867,59.0357,422,27792,0.0278939,0,1,2814301,2813879,422
218956381,48.1147,48.2143,422,27868,0.0291576,0.01,1,2814342,2813920,422
218959301,63.6459,63.6857,422,27944,0.041663,0.03,1,2814416,2813994,422
218962221,78.8583,78.8743,422,28020,0.0346652,0.03,1,2814505,2814083,422
218965141,53.7433,51.9497,425,28096,0.0198661,0.07,1,2814542,2814117,425
218968061,36.4973,36.9799,423,28171,0.0619464,0.01,1,2814567,2814144,423
218970981,41.5989,41.792,423,28246,0.0427786,0.01,1,2814612,2814189,423
218973901,17.8396,17.9168,423,28321,0.0351114,0.03,1,2814614,2814191,423
218976821,24.5358,23.9667,424,28396,0.0320446,0.03,1,2814643,2814219,424
218979741,57.2143,9.58668,503,28471,0.0188178,0.03,1,2814722,2814219,503
218982661,47.4857,53.0347,462,28545,0.0375271,0.03,1,2814763,2814301,462
218985581,63.3943,45.8139,495,28619,0.0210109,0.05,1,2814837,2814342,495
218988501,78.7577,62.7255,510,28693,0.0264043,0.03,1,2814926,2814416,510
218991421,54.9031,78.4902,460,28767,0.0405617,0.01,1,2814965,2814505,460
218994341,36.9612,53.5961,448,28841,0.0222247,0.09,1,2814990,2814542,448
218997261,40.5845,36.4384,466,28914,0.0388899,0.03,1,2815033,2814567,466
219000181,17.4338,41.5754,423,28987,0.0455559,0.03,1,2815035,2814612,423
219003101,24.3735,17.8301,450,29060,0.0482224,0.03,1,2815064,2814614,450
219006021,57.1494,24.5321,500,29133,0.037289,0.01,1,2815143,2814643,500
219008941,48.0598,57.2128,463,29206,0.0329156,0.05,1,2815185,2814722,463
219011861,63.6239,47.4851,496,29278,0.0131662,0.01,1,2815259,2814763,496
219014781,78.8496,63.3941,511,29350,0.0472665,0.03,1,2815348,2814837,511
219017701,54.3398,78.7576,460,29422,0.0369066,0.05,1,2815386,2814926,460
219020621,37.3359,54.903,447,29494,0.0447626,0.01,1,2815412,2814965,447
219023541,40.1344,36.9612,464,29566,0.0719051,0.05,1,2815454,2814990,464
219026461,17.2537,40.5845,423,29638,0.082762,0.05,1,2815456,2815033,423
219041061,57.5031,63.6239,422,29993,0.0551259,0.07,1,2815681,2815259,422
219043981,77.0012,78.8496,423,30064,0.0400504,0.03,1,2815771,2815348,423
219046901,54.2005,54.3398,424,30134,0.0580201,0.05,1,2815810,2815386,424
219049821,37.2802,37.3359,424,30204,0.0892081,0.09,1,2815836,2815412,424
219073181,75.918,77.0012,423,30760,0.0818968,0.07,1,2816194,2815771,423
219076101,54.9672,54.2005,425,30829,0.0387587,0.11,1,2816235,2815810,425
219079021,38.1869,37.2802,426,30898,0.0455035,0.11,1,2816262,2815836,426
219081941,42.8748,41.9121,427,30966,0.0242014,0.11,1,2816308,2815881,427
219084861,18.3499,17.9648,427,31034,0.0396806,0.11,1,2816310,2815883,427
219087781,27.74,27.5859,427,31102,0.0698722,0.15,1,2816344,2815917,427
219090701,58.496,57.2344,429,31170,0.0819489,0.15,1,2816423,2815994,429
219099461,50.7357,13.695,490,31374,0.0789247,0.11,1,2816527,2816037,490
219102381,73.0943,45.078,512,31441,0.0495699,0.05,1,2816615,2816103,512
219105301,54.4377,72.6312,463,31508,0.037828,0.01,1,2816657,2816194,463
219108221,37.3751,53.6525,448,31575,0.0331312,0.05,1,2816683,2816235,448
219111141,43.15,37.661,468,31642,0.0552525,0.01,1,2816730,2816262,468
219114061,18.46,42.6644,424,31709,0.076101,0.05,1,2816732,2816308,424
219134501,54.017,73.094,464,32173,0.20849,0.03,1,2817079,2816615,464
219137421,37.2068,54.4376,448,32239,0.221396,0.03,1,2817105,2816657,448
219140341,44.8827,37.375,472,32305,0.262558,0.07,1,2817155,2816683,472
219143261,19.1531,43.15,427,32370,0.279023,0.09,1,2817157,2816730,427
219154941,34.9207,25.0374,469,32630,0.439575,0.15,1,2817319,2816850,469
219222101,51.5309,50.9333,456,34089,0.768725,0.73,2,2818282,2817826,456
219225021,75.8124,75.5733,456,34151,0.76949,0.69,2,2818374,2817918,456
219233781,30.724,30.2287,482,34337,0.761327,0.71,2,2818444,2817962,482
219236701,45.2896,27.6915,511,34399,0.778531,0.71,2,2818499,2817988,511
219239621,19.3158,44.0766,458,34460,0.785412,0.75,2,2818501,2818043,458
219242541,29.3263,18.8306,492,34521,0.788165,0.73,2,2818537,2818045,492
219260061,31.7206,75.8104,460,34887,0.906195,0.73,2,2818834,2818374,460
219262981,37.8883,31.5241,500,34948,0.944478,0.75,2,2818876,2818376,500
219368101,38.4031,30.5706,504,37061,0.780759,1,2,2820363,2819859,504
219375401,30.6338,10.2605,540,37232,0.441889,1,1,2820451,2819911,540
219414821,295.454,347.904,439,16060,0.206755,0.07,1,2820923,2820484,439
219423581,96.885,100.458,454,17167,0.223712,0.05,1,2821238,2820784,454
219426501,83.754,73.7831,473,17291,0.215485,0.03,1,2821313,2820840,473
219429421,41.9016,61.3133,434,17414,0.212194,0.05,1,2821327,2820893,434
219435261,119.144,98.6101,549,17657,0.080751,0.19,1,2821608,2821059,549
219449861,98.5919,109.325,430,18250,0.216779,0.01,1,2821913,2821483,430
219452781,110.237,118.73,423,18366,0.284712,0.15,1,2822031,2821608,423
219470301,113.123,110.235,436,19049,0.40577,0.33,1,2822467,2822031,436
219473221,87.8493,86.694,436,19160,0.444308,0.35,1,2822538,2822102,436
219493661,80.6481,78.2677,518,19922,0.755457,0.49,2,2823056,2822538,518
219519941,104.501,17.4612,624,20860,0.913268,0.89,2,2823696,2823072,624
219522861,118.001,102.384,592,20962,0.935307,0.89,2,2823823,2823231,592
219525781,48.4002,117.154,467,21063,0.944123,0.85,2,2823825,2823358,467
219595861,45.5983,74.4661,498,23359,0.90016,1,2,2825430,2824932,498
219610461,58.7812,61.4739,539,23809,0.0845488,0.96,1,2825802,2825263,539
219613381,64.9125,59.9896,549,23898,0.0518195,1,1,2825871,2825322,549
219616301,43.365,71.9958,498,23987,0.0387278,0.84,1,2825900,2825402,498
219619221,18.546,45.5983,472,24075,0.0334911,0.87,1,2825902,2825430,472
219622141,21.2184,32.6393,471,24163,0.0553965,0.47,1,2825925,2825454,471
219625061,73.2874,93.4557,445,24251,0.0761586,0.17,1,2826033,2825588,445
219627981,95.9149,112.382,431,24338,0.0964634,0.09,1,2826144,2825713,431
219633821,54.1064,58.7812,424,24512,0.0646341,0.03,1,2826226,2825802,424
219636741,61.8426,64.9125,422,24598,0.0558537,0.03,1,2826293,2825871,422
219639661,42.137,43.365,422,24684,0.0403415,0.03,1,2826322,2825900,422
219642581,18.0548,18.546,422,24770,0.0341366,0.07,1,2826324,2825902,422
219645501,21.0219,21.2184,422,24856,0.0436546,0.09,1,2826347,2825925,422
219648421,75.6088,73.2874,426,24941,0.0834619,0.11,1,2826459,2826033,426
219674701,99.5458,73.8755,539,25696,0.259555,0.17,1,2826998,2826459,539
219677621,59.0183,95.5502,461,25778,0.289822,0.21,1,2827030,2826569,461
219680541,50.6073,57.4201,474,25860,0.289929,0.13,1,2827075,2826601,474
219683461,62.2429,51.768,496,25942,0.289972,0.15,1,2827145,2826649,496
219718501,80.5635,21.3595,556,26905,0.418248,0.31,1,2827753,2827197,556
219721421,33.4254,79.3438,440,26984,0.437299,0.35,1,2827755,2827315,440
219753541,56.1585,53.4681,450,27835,0.786242,0.57,2,2828356,2827906,450
219771061,82.8029,81.3519,453,28288,0.91932,0.67,2,2828648,2828195,453
219773981,34.3212,33.7407,453,28363,0.949728,0.67,2,2828650,2828197,453
219911221,47.0432,34.5048,543,31679,0.447282,1,1,2831020,2830477,543
219914141,42.8173,58.8019,508,31746,0.448913,1,1,2831060,2830552,508
219922901,38.1403,63.7153,487,31946,0.44177,0.83,1,2831215,2830728,487
219975461,41.2286,41.5476,449,33117,0.785331,0.55,2,2831954,2831505,449
219981301,59.9966,59.4476,450,33245,0.794053,0.59,2,2832085,2831635,450
219998821,37.6639,35.1969,456,33624,0.910712,0.71,2,2832283,2831827,456
220001741,33.0655,32.6788,455,33687,0.934285,0.79,2,2832313,2831858,455
220171101,35.2892,32.1608,500,37152,0.40014,1,1,2834743,2834243,500
220182781,44.3722,56.1913,510,37380,0.401876,0.8,1,2834909,2834399,510
220185701,47.7489,53.0765,509,37437,0.43075,0.61,1,2834959,2834450,509
220211981,38.4361,30.3156,484,37941,0.439719,0.41,1,2835254,2834770,484
220270381,36.8568,35.1146,448,39039,0.763169,0.51,2,2835977,2835529,448
220273301,31.5427,31.4458,447,39093,0.767268,0.51,2,2836005,2835558,447
220276221,31.8171,31.7783,447,39147,0.768907,0.51,2,2836037,2835590,447
220279141,33.1268,33.1113,447,39201,0.793563,0.51,2,2836071,2835624,447
220299581,37.7264,36.6375,455,39578,0.939519,0.73,2,2836332,2835877,455
220302501,34.8906,33.855,456,39631,0.945808,0.73,2,2836365,2835909,456
220457261,40.2742,37.8243,493,42361,0.948148,1,2,2838259,2837766,493
220463101,39.4439,32.8119,501,42461,0.928104,1,2,2838329,2837828,501
220466021,39.1776,35.3248,503,42511,0.935241,1,2,2838368,2837865,503
220471861,26.5484,30.732,489,42611,0.930839,1,2,2838418,2837929,489
220474781,35.8194,35.6928,492,42661,0.930335,1,2,2838460,2837968,492
220483541,29.1244,32.1883,481,42808,0.929541,1,2,2838546,2838065,481
220486461,35.0498,36.2753,481,42857,0.941817,1,2,2838585,2838104,481
220518581,31.4051,35.772,497,43396,0.911918,0.85,2,2838957,2838460,497
220521501,27.562,33.5088,490,43445,0.910767,0.91,2,2838982,2838492,490
220524421,30.2248,27.8035,498,43494,0.922307,0.95,2,2839014,2838516,498
220527341,34.2899,29.1214,505,43543,0.914923,0.95,2,2839051,2838546,505
220530261,32.916,35.0486,498,43591,0.911969,0.87,2,2839083,2838585,498
220533181,26.3664,34.4194,486,43639,0.922788,0.89,2,2839105,2838619,486
220536101,48.3466,26.9678,527,43687,0.927115,0.81,2,2839168,2838641,527
220539021,34.3386,49.7871,487,43735,0.916846,0.87,2,2839193,2838706,487
220541941,30.5354,33.7148,492,43783,0.936738,0.81,2,2839221,2838729,492
220725901,25.313,23.71,517,46721,0.94,1,2,2841260,2840743,517
220731741,33.3301,30.0736,528,46811,0.7852,1,2,2841328,2840800,528
220743421,34.9332,37.4947,509,46991,0.243253,1,1,2841458,2840949,509
220749261,34.6293,32.0391,514,47081,0.0617205,1,1,2841525,2841011,514
220752181,36.6517,36.8157,512,47126,0.0306882,1,1,2841563,2841051,512
220755101,32.6607,33.9263,510,47171,0.0182753,1,1,2841593,2841083,510
220758021,31.0643,31.5705,510,47216,0.0253101,1,1,2841623,2841113,510
220760941,32.2257,31.2282,512,47261,0.028124,1,1,2841656,2841144,512
220763861,26.6903,32.8913,501,47306,0.0532496,1,1,2841679,2841178,501
220766781,28.0761,29.9565,502,47351,0.0392998,1,1,2841708,2841206,502
220769701,12.4304,31.7826,471,47396,0.0337199,0.9,1,2841710,2841239,471
220772621,14.5722,25.313,466,47440,0.055488,0.87,1,2841726,2841260,466
220775541,23.2289,29.3252,463,47484,0.0221952,0.71,1,2841755,2841292,463
220778461,26.6915,33.3301,456,47528,0.0508781,0.53,1,2841784,2841328,456
220781381,23.8766,31.332,448,47572,0.0263512,0.45,1,2841806,2841358,448
220784301,22.1506,29.3328,441,47616,0.0405405,0.29,1,2841827,2841386,441
220787221,25.0603,33.3331,432,47660,0.0342162,0.15,1,2841854,2841422,432
220790141,26.8241,34.9332,424,47704,0.0556865,0.07,1,2841882,2841458,424
220793061,30.5296,32.5733,426,47748,0.0402746,0.01,1,2841915,2841489,426
220795981,32.6119,34.6293,424,47792,0.0341098,0.01,1,2841949,2841525,424
220798901,35.2447,36.6517,423,47836,0.0136439,0.01,1,2841986,2841563,423
220801821,33.2979,32.6607,425,47880,0.0474576,0.03,1,2842018,2841593,425
220804741,30.1192,31.0643,423,47924,0.024983,0.03,1,2842046,2841623,423
220807661,31.8477,32.2257,423,47968,0.0279932,0.07,1,2842079,2841656,423
220810581,25.9391,26.6903,422,48012,0.0291973,0.03,1,2842101,2841679,422
220813501,28.3756,28.0761,423,48056,0.0656789,0.03,1,2842131,2841708,423
220816421,12.5502,12.4304,423,48100,0.0802716,0.07,1,2842133,2841710,423
220819341,14.0201,14.5722,422,48144,0.0981086,0,1,2842148,2841726,422
220825181,27.2032,26.6915,423,48232,0.0840974,0.01,1,2842207,2841784,423
220828101,23.4813,23.8766,422,48276,0.0756389,0.05,1,2842228,2841806,422
220831021,21.9925,22.1506,422,48320,0.0602556,0.03,1,2842249,2841827,422
220833941,26.197,25.0603,424,48364,0.0661022,0.07,1,2842278,2841854,424
220836861,26.6788,26.8241,423,48408,0.0564409,0.03,1,2842305,2841882,423
220839781,31.0715,30.5296,424,48452,0.0405764,0.03,1,2842339,2841915,424
220842701,32.2286,32.6119,423,48495,0.0222305,0,1,2842372,2841949,423
220845621,35.0914,35.2447,423,48538,0.0148922,0.07,1,2842409,2841986,423
220848541,33.2366,33.2979,423,48581,0.0599569,0.01,1,2842441,2842018,423
220851461,31.2946,30.1192,425,48624,0.0419828,0.03,1,2842471,2842046,425
220854381,30.5179,31.8477,422,48667,0.0347931,0.03,1,2842501,2842079,422
220857301,25.4071,25.9391,422,48710,0.0319172,0.09,1,2842523,2842101,422
220860221,30.5629,28.3756,426,48753,0.0307669,0.09,1,2842557,2842131,426
220863141,13.4251,12.5502,426,48796,0.0303068,0.11,1,2842559,2842133,426
220866061,12.5701,14.0201,423,48839,0.0541227,0.11,1,2842571,2842148,423
220868981,23.028,5.60804,453,48882,0.0396491,0.11,1,2842601,2842148,453
220871901,27.8112,19.6432,455,48925,0.0458596,0.07,1,2842632,2842177,455
220874821,21.9245,25.8573,443,48968,0.0363439,0.07,1,2842650,2842207,443
220877741,21.9698,22.9429,444,49011,0.0565375,0.05,1,2842672,2842228,444
220880661,25.5879,21.7772,451,49054,0.064615,0.07,1,2842700,2842249,451
220883581,25.8352,26.1109,448,49097,0.079846,0.05,1,2842726,2842278,448
220886501,31.3341,26.6443,456,49140,0.0859384,0.03,1,2842761,2842305,456
220889421,31.7336,31.0577,454,49183,0.0523754,0.01,1,2842793,2842339,454
220892341,34.8935,32.2231,458,49226,0.0269501,0.01,1,2842830,2842372,458
220895261,34.9574,35.0892,456,49269,0.0767801,0.09,1,2842865,2842409,456
220898181,30.783,33.2357,452,49312,0.072712,0.03,1,2842893,2842441,452
220901101,29.7132,31.2943,451,49355,0.0830848,0.03,1,2842922,2842471,451
220904021,25.0853,30.5177,443,49398,0.0392339,0.03,1,2842944,2842501,443
220906941,31.0341,25.4071,456,49441,0.0456936,0.03,1,2842979,2842523,456
220909861,13.6136,30.5628,424,49484,0.0482774,0.03,1,2842981,2842557,424
220912781,12.6455,13.4251,434,49527,0.049311,0.07,1,2842993,2842559,434
220915701,23.0582,12.5701,452,49570,0.0617244,0.03,1,2843023,2842571,452
220918621,27.8233,23.028,453,49613,0.0786898,0.05,1,2843054,2842601,453
220921541,22.5293,27.8112,441,49655,0.0614759,0.03,1,2843073,2842632,441
220924461,22.8117,21.9245,446,49697,0.0545904,0.07,1,2843096,2842650,446
220927381,25.9247,21.9698,452,49739,0.0758361,0.07,1,2843124,2842672,452
220930301,26.5699,25.5879,451,49781,0.0963345,0.09,1,2843151,2842700,451
220939061,33.9085,31.7336,458,49907,0.0630454,0.01,1,2843251,2842793,458
220941981,36.3634,34.8935,459,49949,0.0672182,0.11,1,2843289,2842830,459
220944901,31.3454,34.9574,452,49991,0.0688873,0.07,1,2843317,2842865,452
220947821,29.3381,30.783,452,50033,0.0695549,0.09,1,2843345,2842893,452
220950741,23.7353,29.7132,443,50075,0.081822,0.01,1,2843365,2842922,443
220953661,31.6941,25.0853,458,50117,0.0507288,0.05,1,2843402,2842944,458
220956581,13.8776,31.0341,425,50159,0.0382915,0.05,1,2843404,2842979,425
220959501,13.3511,13.6136,436,50201,0.0453166,0.05,1,2843417,2842981,436
220962421,23.3404,12.6455,454,50243,0.0481266,0.07,1,2843447,2842993,454
220965341,27.3362,23.0582,454,50285,0.0612507,0.09,1,2843477,2843023,454
220968261,12.1345,27.8233,425,50327,0.0665003,0.05,1,2843479,2843054,425
220971181,16.2538,22.5293,425,50369,0.0806001,0.05,1,2843498,2843073,425
220974101,19.7015,22.8117,424,50411,0.08624,0.09,1,2843520,2843096,424
220988701,30.0817,33.9085,422,50621,0.241776,0.07,1,2843673,2843251,422
220991621,36.6327,36.3634,425,50663,0.21071,0.07,1,2843714,2843289,425
220994541,31.4531,31.3454,425,50705,0.234284,0.07,1,2843742,2843317,425
220997461,29.9812,29.3381,426,50747,0.231714,0.09,1,2843771,2843345,426
221000381,21.5925,23.7353,422,50789,0.254685,0.03,1,2843787,2843365,422
221003301,31.437,31.6941,423,50830,0.239874,0.03,1,2843825,2843402,423
221006221,13.7748,13.8776,423,50871,0.23395,0.05,1,2843827,2843404,423
221009141,13.9099,13.3511,424,50912,0.20758,0.05,1,2843841,2843417,424
221012061,24.164,23.3404,425,50953,0.233032,0.07,1,2843872,2843447,425
221014981,27.6656,27.3362,425,50994,0.243213,0.07,1,2843902,2843477,425
221017901,12.2662,12.1345,425,51035,0.247285,0.09,1,2843904,2843479,425
221020821,16.9065,16.2538,426,51076,0.260914,0.09,1,2843924,2843498,426
221023741,19.9626,19.7015,426,51117,0.278366,0.13,1,2843946,2843520,426
221026661,27.185,25.8806,428,51158,0.285346,0.19,1,2843978,2843550,428
221032501,31.7096,31.2609,429,51240,0.298855,0.23,1,2844041,2843612,429
221041261,35.8454,36.6327,431,51363,0.402407,0.25,1,2844145,2843714,431
221047101,30.6953,29.9812,433,51445,0.415985,0.27,1,2844204,2843771,433
221050021,21.8781,21.5925,433,51486,0.424394,0.23,1,2844220,2843787,433
221052941,30.3512,31.437,431,51527,0.427758,0.23,1,2844256,2843825,431
221055861,13.3405,13.7748,431,51568,0.429103,0.19,1,2844258,2843827,431
221058781,14.3362,13.9099,432,51609,0.441641,0.25,1,2844273,2843841,432
221064621,29.5338,27.6656,435,51691,0.429463,0.25,1,2844337,2843902,435
221067541,13.0135,12.2662,435,51732,0.417785,0.27,1,2844339,2843904,435
221070461,17.2054,16.9065,435,51773,0.437114,0.27,1,2844359,2843924,435
221073381,20.0822,6.7626,457,51814,0.432846,0.29,1,2844381,2843924,457
221076301,27.8329,15.905,468,51855,0.443138,0.29,1,2844414,2843946,468
221079221,27.9331,25.562,464,51896,0.423255,0.33,1,2844442,2843978,464
221082141,31.5733,27.6248,469,51937,0.415302,0.29,1,2844476,2844007,469
221085061,35.4293,31.4499,473,51978,0.400121,0.33,1,2844514,2844041,473
221087981,32.7717,34.18,468,52019,0.418048,0.39,1,2844545,2844077,468
221090901,37.1087,31.072,479,52059,0.425219,0.43,1,2844585,2844106,479
221093821,32.2435,35.8288,469,52099,0.428088,0.39,1,2844614,2844145,469
221096741,30.8974,31.7315,470,52139,0.441235,0.43,1,2844644,2844174,470
221099661,22.559,30.6926,457,52179,0.434494,0.43,1,2844661,2844204,457
221102581,31.2236,21.877,478,52219,0.443798,0.43,1,2844698,2844220,478
221105501,13.6894,30.3508,444,52259,0.447519,0.43,1,2844700,2844256,444
221108421,15.0758,13.3403,458,52299,0.449008,0.45,1,2844716,2844258,458
221184341,30.3202,31.4897,451,53338,0.755208,0.57,2,2845368,2844917,451
221187261,34.3281,34.7959,451,53377,0.776083,0.61,2,2845405,2844954,451
221190181,32.9312,32.5183,452,53416,0.784433,0.59,2,2845437,2844985,452
221193101,38.3725,38.8073,451,53455,0.799773,0.61,2,2845479,2845028,451
221201861,24.1998,23.4117,455,53572,0.926946,0.67,2,2845560,2845105,455
221445681,77.1793,75.2757,497,27082,0.94,1,2,2848364,2847867,497
221454441,53.6115,51.1616,489,27316,0.92296,1,2,2848541,2848052,489
221463201,31.9911,34.4263,495,27548,0.926669,1,2,2848681,2848186,495
221466121,18.7965,23.3705,489,27625,0.916668,1,2,2848691,2848202,489
221580001,66.9474,73.6028,494,30471,0.91384,1,2,2850759,2850265,494
221597521,48.5927,51.0684,478,30885,0.249735,1,1,2851052,2850574,478
221603361,33.8148,32.1709,482,31022,0.0987577,0.97,1,2851114,2850632,482
221606281,36.9259,36.8684,481,31090,0.0815031,0.87,1,2851153,2850672,481
221609201,58.5704,66.9474,467,31158,0.0746012,0.83,1,2851226,2850759,467
221612121,42.6281,48.9789,462,31226,0.0358405,0.63,1,2851258,2850796,462
221615041,27.8513,34.5916,455,31294,0.0323362,0.63,1,2851276,2850821,455
221617961,48.9405,13.8366,518,31362,0.0429345,0.59,1,2851339,2850821,518
221620881,44.7762,49.3347,487,31429,0.0711738,0.41,1,2851381,2850894,487
221623801,53.3105,49.1339,497,31496,0.0704695,0.23,1,2851440,2850943,497
221632561,34.8999,37.8246,457,31697,0.09499,0.07,1,2851540,2851083,457
221647161,49.8271,27.8491,486,32029,0.0951967,0.05,1,2851762,2851276,486
221650081,46.3309,48.9396,467,32095,0.0920787,0.09,1,2851806,2851339,467
221667601,58.2736,35.5599,500,32489,0.207363,0.15,1,2852076,2851576,500
221670521,41.3094,57.424,458,32554,0.244945,0.11,1,2852106,2851648,458
221673441,26.1238,42.1696,442,32619,0.259978,0.09,1,2852122,2851680,442
221676361,49.4495,27.0678,490,32684,0.265991,0.09,1,2852187,2851697,490
221679281,46.7798,49.8271,470,32749,0.256396,0.09,1,2852232,2851762,470
221682201,19.9119,46.3309,428,32814,0.252559,0.15,1,2852234,2851806,428
221685121,44.5648,54.5323,429,32878,0.263023,0.15,1,2852295,2851866,429
221688041,41.8259,45.8129,429,32942,0.279209,0.15,1,2852335,2851906,429
221690961,29.9304,31.5252,429,33006,0.261684,0.15,1,2852357,2851928,429
221693881,33.5721,34.2101,429,33070,0.278674,0.19,1,2852393,2851964,429
221696801,39.2289,37.684,432,33134,0.273469,0.23,1,2852436,2852004,432
221699721,60.0915,58.2736,434,33198,0.259388,0.27,1,2852510,2852076,434
221702641,42.6366,41.3094,435,33262,0.253755,0.27,1,2852541,2852106,435
221705561,26.6546,26.1238,435,33326,0.275502,0.27,1,2852557,2852122,435
221708481,49.6619,49.4495,435,33389,0.284201,0.25,1,2852622,2852187,435
221714321,20.1859,19.9119,436,33515,0.298672,0.27,1,2852670,2852234,436
221728921,38.5779,39.2289,433,33830,0.414274,0.25,1,2852869,2852436,433
221731841,60.4312,60.0915,434,33893,0.42371,0.25,1,2852944,2852510,434
221734761,42.7725,42.6366,434,33955,0.427484,0.29,1,2852975,2852541,434
221737681,26.709,26.6546,434,34017,0.428994,0.29,1,2852991,2852557,434
221772721,51.8772,26.6657,511,34755,0.761172,0.55,2,2853502,2852991,511
221775641,50.7509,49.6663,496,34816,0.790469,0.57,2,2853552,2853056,496
221790241,35.8784,29.418,488,35119,0.902248,0.55,2,2853715,2853227,488
221793161,41.9514,34.5672,496,35179,0.930899,0.61,2,2853761,2853265,496
221796081,64.1805,40.8269,530,35239,0.94236,0.65,2,2853840,2853310,530
221956681,38.762,44.6877,509,38397,0.795203,1,2,2856019,2855510,509
221959601,34.7048,34.6751,513,38452,0.756081,1,2,2856051,2855538,513
221962521,31.2819,34.27,508,38507,0.764433,1,2,2856080,2855572,508
221988801,35.7498,37.5122,466,38998,0.428555,0.83,1,2856398,2855932,466
222003401,21.3306,22.7128,458,39268,0.412628,0.75,1,2856555,2856097,458
222006321,22.3322,24.6851,455,39322,0.435051,0.61,1,2856578,2856123,455
222012161,44.7332,47.7496,450,39430,0.411608,0.47,1,2856664,2856214,450
222015081,38.2933,40.0998,449,39484,0.434643,0.41,1,2856698,2856249,449
222018001,33.3173,35.8399,446,39537,0.431857,0.47,1,2856728,2856282,446
222067641,46.212,34.5396,498,40434,0.793033,0.53,2,2857337,2856839,498
222079321,23.2774,30.577,467,40642,0.901726,0.63,2,2857447,2856980,467
222082241,22.511,21.8308,473,40694,0.93069,0.61,2,2857469,2856996,473
222085161,25.8044,21.9323,479,40746,0.942276,0.65,2,2857497,2857018,479
222286641,34.2934,34.5858,509,44177,0.926055,1,2,2859917,2859408,509
222289561,35.3173,28.2343,521,44225,0.904422,1,2,2859953,2859432,521
222301241,36.5057,35.0572,518,44417,0.409313,1,1,2860096,2859578,518
222304161,36.2023,37.4229,515,44464,0.253725,1,1,2860132,2859617,515
222310001,21.8724,24.7077,510,44558,0.060996,0.99,1,2860175,2859665,510
222312921,26.7489,32.6831,502,44605,0.0303984,1,1,2860205,2859703,502
222315841,32.2996,35.2732,501,44652,0.0121594,1,1,2860241,2859740,501
222318761,27.3198,38.7093,484,44699,0.0228637,0.95,1,2860265,2859781,484
222321681,36.7279,34.0837,496,44746,0.0091455,1,1,2860308,2859812,496
222324601,36.8912,35.8335,496,44793,0.0576582,1,1,2860345,2859849,496
222327521,28.5565,34.7334,485,44840,0.0890633,0.88,1,2860368,2859883,485
222330441,23.4226,34.2934,471,44887,0.0536253,0.89,1,2860388,2859917,471
222333361,27.969,35.3173,466,44934,0.0214501,0.8,1,2860419,2859953,466
222336281,29.1876,37.5269,457,44981,0.01458,0.59,1,2860449,2859992,457
222339201,26.675,35.4108,448,45028,0.023832,0.47,1,2860474,2860026,448
222342121,25.07,32.7643,441,45075,0.0275328,0.31,1,2860498,2860057,441
222345041,29.228,36.5057,434,45122,0.0170131,0.15,1,2860530,2860096,434
222347961,27.8912,36.2023,425,45169,0.0248052,0.01,1,2860557,2860132,425
222350881,26.1565,30.6809,423,45216,0.0279221,0.03,1,2860582,2860159,423
222353801,19.4626,21.8724,422,45263,0.0111688,0.01,1,2860597,2860175,422
222356721,25.785,26.7489,422,45310,0.0464675,0,1,2860627,2860205,422
222359641,31.914,32.2996,422,45357,0.018587,0.03,1,2860663,2860241,422
222362561,27.1656,27.3198,422,45403,0.0254348,0,1,2860687,2860265,422
222365481,36.6662,36.7279,422,45449,0.0101739,0.09,1,2860730,2860308,422
222368401,37.4665,36.8912,423,45495,0.0340696,0.11,1,2860768,2860345,423
222371321,29.3866,28.5565,424,45541,0.0136278,0.03,1,2860792,2860368,424
222374241,22.5546,23.4226,422,45587,0.0354511,0,1,2860810,2860388,422
222377161,27.6219,27.969,422,45633,0.0321805,0.01,1,2860841,2860419,422
222380081,29.0487,29.1876,422,45679,0.0428722,0.03,1,2860871,2860449,422
222383001,26.6195,26.675,422,45725,0.0231489,0.03,1,2860896,2860474,422
222385921,25.0478,25.07,422,45771,0.0272595,0.01,1,2860920,2860498,422
222388841,29.8191,29.228,423,45817,0.0289038,0.03,1,2860953,2860530,423
222391761,28.1276,27.8912,423,45863,0.0415615,0.03,1,2860980,2860557,423
222394681,25.6511,26.1565,422,45909,0.0226246,0.03,1,2861004,2860582,422
222397601,18.6604,10.4626,436,45955,0.00904984,0,1,2861018,2860582,436
222400521,25.4642,13.185,451,46001,0.00361994,0.07,1,2861048,2860597,451
222403441,31.7857,23.274,457,46047,0.00144797,0,1,2861084,2860627,457
222406361,27.1143,30.9096,445,46093,0.00057919,0.03,1,2861108,2860663,445
222409281,36.6457,26.7638,464,46139,0.00623168,0,1,2861151,2860687,464
222412201,37.4583,36.5055,459,46185,0.0324927,0.05,1,2861189,2860730,459
222415121,29.3833,37.4022,445,46231,0.0309971,0,1,2861213,2860768,445
222418041,22.5533,29.3609,439,46277,0.0303988,0.05,1,2861231,2860792,439
222420961,27.6213,22.5444,452,46323,0.0541595,0.03,1,2861262,2860810,452
222423881,29.0485,27.6177,451,46369,0.0396638,0.05,1,2861292,2860841,451
222426801,27.2194,29.0471,447,46414,0.0458655,0.01,1,2861318,2860871,447
222429721,24.6878,26.6188,445,46459,0.0603462,0.03,1,2861341,2860896,445
222432641,29.6751,25.0475,454,46504,0.0661385,0.03,1,2861374,2860920,454
222435561,29.27,29.819,450,46549,0.0444554,0.05,1,2861403,2860953,450
222438481,25.508,28.1276,446,46594,0.0357822,0.01,1,2861426,2860980,446
222441401,18.6032,25.651,436,46639,0.0323129,0,1,2861440,2861004,436
222444321,24.8413,18.6604,451,46684,0.0129251,0,1,2861469,2861018,451
222447241,31.5365,25.4642,457,46729,0.0231701,0,1,2861505,2861048,457
222450161,27.0146,31.7857,445,46774,0.015268,0,1,2861529,2861084,445
222453081,36.6058,27.1143,464,46819,0.0361072,0.01,1,2861572,2861108,464
222456001,37.4423,36.6457,459,46864,0.0444429,0.05,1,2861610,2861151,459
222458921,29.3769,37.4583,445,46909,0.0177772,0.03,1,2861634,2861189,445
222461841,23.1508,29.3833,440,46954,0.0251109,0.03,1,2861653,2861213,440
222464761,29.0603,22.5533,455,46999,0.0400443,0.07,1,2861686,2861231,455
222467681,27.8241,27.6213,451,47044,0.0340177,0.03,1,2861713,2861262,451
222470601,27.9297,29.0485,449,47089,0.0316071,0.05,1,2861741,2861292,449
222473521,25.5719,27.2194,447,47134,0.0306428,0.07,1,2861765,2861318,447
222476441,28.8287,24.6878,455,47179,0.0302571,0.07,1,2861796,2861341,455
222479361,28.9315,29.6751,451,47224,0.0421029,0.03,1,2861825,2861374,451
222482281,26.5726,29.27,447,47269,0.0708411,0.03,1,2861850,2861403,447
222485201,17.829,25.508,436,47314,0.0823365,0.03,1,2861862,2861426,436
222488121,24.5316,18.6032,451,47359,0.0329346,0,1,2861891,2861440,451
222491041,11.0126,24.8413,424,47404,0.0191738,0.03,1,2861893,2861469,424
222493961,24.8051,31.5365,422,47448,0.0136695,0.01,1,2861927,2861505,422
222496881,24.322,27.0146,422,47492,0.0114678,0.05,1,2861951,2861529,422
222499801,35.5288,36.6058,422,47536,0.0465871,0.05,1,2861994,2861572,422
222502721,38.2115,37.4423,424,47580,0.0246348,0,1,2862034,2861610,424
222505641,29.0846,29.3769,423,47624,0.0278539,0.03,1,2862057,2861634,423
222508561,23.0338,23.1508,423,47668,0.0411416,0.05,1,2862076,2861653,423
222511481,29.6135,29.0603,424,47712,0.0464566,0.03,1,2862110,2861686,424
222514401,26.8454,27.8241,422,47756,0.0605827,0.03,1,2862135,2861713,422
222517321,28.1382,27.9297,423,47800,0.0302331,0.03,1,2862164,2861741,423
222520241,26.2553,25.5719,424,47844,0.0300932,0.03,1,2862189,2861765,424
222523161,28.5021,28.8287,423,47888,0.0180373,0.05,1,2862219,2861796,423
222526081,29.4008,28.9315,424,47932,0.0492149,0.09,1,2862249,2861825,424
222529001,27.9603,26.5726,426,47976,0.061686,0.09,1,2862276,2861850,426
222531921,15.9841,17.829,422,48020,0.0666744,0,1,2862284,2861862,422
222534841,23.7937,24.5316,422,48064,0.0566698,0.01,1,2862313,2861891,422
222537761,10.7175,11.0126,422,48108,0.0286679,0.01,1,2862315,2861893,422
222540681,24.687,24.8051,422,48152,0.0174672,0.01,1,2862349,2861927,422
222543601,24.2748,24.322,422,48196,0.0609869,0.07,1,2862373,2861951,422
222546521,35.5099,35.5288,422,48240,0.0423947,0.01,1,2862416,2861994,422
222549441,38.204,38.2115,422,48284,0.0469579,0.03,1,2862456,2862034,422
222552361,29.0816,29.0846,422,48328,0.0247832,0.05,1,2862479,2862057,422
222555281,23.6326,23.0338,423,48372,0.0159133,0.05,1,2862499,2862076,423
222558201,30.4531,29.6135,424,48416,0.0363653,0.07,1,2862534,2862110,424
222561121,26.5812,26.8454,423,48460,0.0565461,0.01,1,2862558,2862135,423
222564041,27.4325,28.1382,422,48503,0.0526184,0.03,1,2862586,2862164,422
222566961,25.973,26.2553,422,48546,0.0390474,0.01,1,2862611,2862189,422
222569881,28.3892,28.5021,422,48589,0.057619,0.07,1,2862641,2862219,422
222572801,30.5557,29.4008,424,48632,0.0410476,0.07,1,2862673,2862249,424
222575721,27.8223,27.9603,423,48675,0.034419,0.07,1,2862699,2862276,423
222578641,16.5289,15.9841,424,48718,0.0437676,0.05,1,2862708,2862284,424
222581561,22.8116,23.7937,422,48761,0.017507,0.01,1,2862735,2862313,422
222584481,10.3246,10.7175,422,48804,0.0130028,0.01,1,2862737,2862315,422
222587401,25.1298,24.687,423,48847,0.0232011,0.01,1,2862772,2862349,423
222590321,25.0519,9.87479,448,48890,0.0272805,0.09,1,2862797,2862349,448
222593241,34.0208,18.3499,464,48933,0.0169122,0.03,1,2862837,2862373,464
222596161,38.2083,33.14,462,48976,0.0367649,0.05,1,2862878,2862416,462
222599081,28.4833,37.256,444,49019,0.0447059,0.01,1,2862900,2862456,444
222602001,23.9933,28.7024,442,49062,0.0358824,0.01,1,2862921,2862479,442
222604921,29.9973,23.481,456,49105,0.032353,0.05,1,2862955,2862499,456
222607841,26.9989,30.3924,446,49148,0.0309412,0.07,1,2862980,2862534,446
222610761,26.9996,26.557,449,49191,0.0303765,0.05,1,2863007,2862558,449
222613681,26.3998,27.4228,447,49234,0.0301506,0.03,1,2863033,2862586,447
222616601,28.5599,25.9691,452,49277,0.0420602,0.07,1,2863063,2862611,452
222619521,30.024,28.3876,453,49320,0.0348241,0.03,1,2863094,2862641,453
222622441,28.2096,30.5551,448,49363,0.0439296,0.03,1,2863121,2862673,448
222625361,17.2838,27.822,432,49406,0.0475719,0.05,1,2863131,2862699,432
222628281,21.9135,16.5288,448,49449,0.0370287,0,1,2863156,2862708,448
222631201,9.96541,22.8115,423,49492,0.0328115,0.01,1,2863158,2862735,423
222634121,24.9862,10.3246,456,49535,0.0551246,0.03,1,2863193,2862737,456
222637041,25.5945,25.1298,447,49578,0.0760498,0.03,1,2863219,2862772,447
222639961,33.6378,25.0519,461,49620,0.0484199,0.01,1,2863258,2862797,461
222642881,39.2551,34.0208,464,49662,0.049368,0.05,1,2863301,2862837,464
222645801,28.902,38.2083,445,49704,0.0497472,0.05,1,2863323,2862878,445
222648721,23.5608,28.4833,443,49746,0.0618989,0.03,1,2863343,2862900,443
222651641,30.4243,23.9933,457,49788,0.0667596,0.03,1,2863378,2862921,457
222654561,26.5697,29.9973,447,49830,0.0687038,0.03,1,2863402,2862955,447
222657481,26.8279,26.9989,449,49872,0.0814815,0.03,1,2863429,2862980,449
222660401,26.9312,26.9996,449,49914,0.0865926,0.03,1,2863456,2863007,449
222663321,28.7725,26.3998,453,49956,0.088637,0.05,1,2863486,2863033,453
222666241,29.509,28.5599,453,49998,0.0894548,0.03,1,2863516,2863063,453
222669161,28.6036,30.024,450,50040,0.0897819,0.05,1,2863544,2863094,450
222672081,17.4414,28.2096,433,50082,0.0899128,0.05,1,2863554,2863121,433
222680841,25.5963,9.96541,459,50208,0.0967144,0.07,1,2863617,2863158,459
222686681,33.4954,25.5945,462,50292,0.0958743,0.03,1,2863681,2863219,462
222689601,14.5982,33.6378,425,50334,0.0923497,0.05,1,2863683,2863258,425
222704201,26.3978,26.5697,425,50544,0.0945553,0.09,1,2863827,2863402,425
222718801,28.6172,28.6036,426,50754,0.201906,0.09,1,2863970,2863544,426
222724641,21.3788,21.9766,425,50836,0.211105,0.11,1,2864004,2863579,425
222730481,26.1006,25.5963,426,50918,0.205377,0.11,1,2864043,2863617,426
222733401,26.0402,25.2385,427,50959,0.208151,0.09,1,2864069,2863642,427
222736321,33.2161,33.4954,426,51000,0.24526,0.09,1,2864107,2863681,426
222739241,14.4864,14.5982,426,51041,0.272104,0.11,1,2864109,2863683,426
222742161,31.5946,31.0393,427,51082,0.294842,0.15,1,2864152,2863725,427
222759681,28.7875,27.1436,430,51328,0.414248,0.17,1,2864312,2863882,430
222762601,29.515,28.8575,430,51369,0.423699,0.21,1,2864342,2863912,430
222765521,29.806,29.543,430,51410,0.43948,0.21,1,2864372,2863942,430
222768441,28.7224,28.6172,430,51451,0.421792,0.17,1,2864400,2863970,430
222771361,17.489,17.4469,430,51492,0.414717,0.23,1,2864410,2863980,430
222774281,21.9956,21.3788,431,51533,0.423887,0.19,1,2864435,2864004,431
222777201,9.99823,9.7515,431,51574,0.427555,0.21,1,2864437,2864006,431
222785961,36.1359,33.2161,435,51697,0.431284,0.29,1,2864542,2864107,435
222788881,15.6544,14.4864,435,51738,0.418513,0.31,1,2864544,2864109,435
222791801,33.2617,31.5946,437,51779,0.437405,0.31,1,2864589,2864152,437
222794721,26.5047,12.6378,459,51820,0.420962,0.35,1,2864611,2864152,459
222797641,23.2019,18.8551,457,51861,0.426385,0.31,1,2864632,2864175,457
222800561,29.6808,19.5421,471,51902,0.416554,0.37,1,2864666,2864195,471
222803481,26.2723,28.2168,461,51943,0.424622,0.37,1,2864690,2864229,461
222853121,26.6797,29.6808,466,52625,0.766292,0.43,2,2865132,2864666,466
222856041,32.8719,26.2723,479,52665,0.780517,0.49,2,2865169,2864690,479
222858961,30.5488,30.9089,474,52705,0.774207,0.49,2,2865198,2864724,474
222861881,30.2195,29.1636,476,52745,0.783683,0.51,2,2865228,2864752,476
222864801,30.0878,29.6654,476,52785,0.799473,0.49,2,2865258,2864782,476
222885241,34.9695,25.8808,488,53065,0.798155,0.53,2,2865429,2864941,488
222888161,15.1878,34.3523,450,53105,0.793262,0.53,2,2865431,2864981,450
222891081,36.0751,14.9409,498,53145,0.791305,0.57,2,2865481,2864983,498
222908601,32.5007,32.8719,461,53383,0.927877,0.77,2,2865630,2865169,461
222911521,29.8003,30.5488,460,53422,0.917151,0.79,2,2865658,2865198,460
222914441,30.5201,30.2195,461,53461,0.90086,0.81,2,2865689,2865228,461
222917361,30.808,30.0878,462,53500,0.942344,0.83,2,2865720,2865258,462
223187461,128.231,131.044,456,26361,0.243376,0.39,1,2868443,2867987,456
223207901,58.533,62.6106,454,26918,0.219641,0.21,1,2868783,2868329,454
223210821,60.0132,63.4442,451,26997,0.225856,0.19,1,2868844,2868393,451
223213741,42.0053,55.3777,431,27075,0.228343,0.17,1,2868874,2868443,431
223216661,21.6021,27.5511,430,27153,0.253337,0.13,1,2868882,2868452,430
223219581,32.6408,35.0204,430,27231,0.299335,0.21,1,2868922,2868492,430
223228341,55.513,54.5853,430,27464,0.432677,0.17,1,2869096,2868666,430
223275061,60.3871,32.1385,525,28672,0.761907,0.61,2,2869883,2869358,525
223277981,46.9548,58.4554,487,28746,0.778763,0.55,2,2869921,2869434,487
223286741,63.3891,60.0451,519,28966,0.905441,0.73,2,2870121,2869602,519
223289661,61.3556,61.2181,517,29039,0.908176,0.77,2,2870181,2869664,517
223292581,43.7423,60.4872,489,29112,0.909271,0.75,2,2870213,2869724,489
223295501,22.2969,42.7949,466,29185,0.909708,0.75,2,2870221,2869755,466
223298421,34.1188,21.918,500,29258,0.933883,0.75,2,2870263,2869763,500
223310101,65.587,63.1819,529,29546,0.944739,0.95,2,2870524,2869995,529
223397701,77.8302,64.8714,557,31623,0.9028,1,2,2871966,2871409,557
223400621,53.3321,69.7486,521,31690,0.93112,1,2,2872003,2871482,521
223412301,33.0021,34.248,507,31956,0.790637,1,2,2872174,2871667,507
223426901,75.4435,61.0755,559,32286,0.446691,0.87,1,2872436,2871877,559
223429821,51.7774,77.8302,506,32352,0.412677,0.95,1,2872472,2871966,506
223435661,43.0844,67.5328,492,32482,0.285628,0.81,1,2872572,2872080,492
223438581,34.0338,48.0131,485,32547,0.288251,0.81,1,2872600,2872115,485
223508661,26.6111,24.9764,450,34072,0.771535,0.63,2,2873536,2873086,450
223529101,66.2474,48.8423,528,34504,0.924313,0.75,2,2873880,2873352,528
223675101,32.5183,38.7092,504,37445,0.946,1,2,2875880,2875376,504
223678021,31.6073,28.6837,513,37501,0.9484,1,2,2875911,2875398,513
223704301,41.2481,61.8482,495,38005,0.209384,1,1,2876280,2875785,495
223710141,32.5197,39.2957,497,38117,0.0635015,0.91,1,2876349,2875852,497
223713061,32.2079,32.5183,501,38172,0.0314006,0.95,1,2876381,2875880,501
223715981,28.4832,31.6073,496,38227,0.0305602,0.85,1,2876407,2875911,496
223718901,31.7933,30.0429,501,38282,0.0182241,0.89,1,2876441,2875940,501
223721821,26.5173,31.8172,491,38337,0.0252896,0.85,1,2876464,2875973,491
223724741,29.2069,28.9269,495,38392,0.0161159,0.81,1,2876495,2876000,495
223727661,47.6828,33.1707,519,38447,0.0244463,0.63,1,2876555,2876036,519
223730581,40.0731,54.0683,486,38502,0.0277785,0.61,1,2876590,2876104,486
223733501,34.0292,42.6273,481,38557,0.0891114,0.51,1,2876620,2876139,481
223751021,30.9563,32.2079,423,38885,0.0404584,0.03,1,2876804,2876381,423
223753941,27.9825,28.4832,423,38939,0.0461834,0.01,1,2876830,2876407,423
223756861,31.593,31.7933,423,38993,0.0604734,0.03,1,2876864,2876441,423
223759781,26.4372,26.5173,423,39047,0.0541893,0.01,1,2876887,2876464,423
223762701,29.1749,29.2069,423,39101,0.0636757,0.03,1,2876918,2876495,423
223765621,47.67,47.6828,423,39155,0.0674703,0.03,1,2876978,2876555,423
223768541,41.268,40.0731,425,39209,0.0929881,0.13,1,2877015,2876590,425
223780221,23.4677,22.8179,428,39425,0.208445,0.15,1,2877134,2876706,428
223783141,33.3871,33.7271,427,39479,0.221378,0.07,1,2877174,2876747,427
223786061,25.3548,27.8909,423,39532,0.214551,0,1,2877194,2876771,423
223803581,48.1382,47.67,423,39850,0.0863553,0.11,1,2877401,2876978,423
223806501,43.2553,41.268,426,39903,0.0885421,0.11,1,2877441,2877015,426
223821101,33.3364,18.3871,470,40168,0.200654,0.23,1,2877604,2877134,470
223824021,25.9345,31.3548,451,40221,0.218262,0.21,1,2877625,2877174,451
223826941,27.1738,24.5419,459,40273,0.225305,0.17,1,2877653,2877194,459
223829861,25.8695,29.0168,452,40325,0.216122,0.15,1,2877678,2877226,452
223832781,32.5478,27.2067,463,40377,0.200449,0.17,1,2877715,2877252,463
223838621,28.0076,25.5931,456,40481,0.203672,0.13,1,2877765,2877309,456
223847381,39.9045,43.254,463,40637,0.089115,0.17,1,2877904,2877441,463
223850301,54.3618,37.7016,493,40689,0.077646,0.19,1,2877968,2877475,493
223853221,22.9447,52.8806,432,40741,0.0730584,0.19,1,2877970,2877538,432
223856141,23.5779,22.3523,454,40793,0.0832234,0.19,1,2877994,2877540,454
223859061,34.0312,23.3409,471,40845,0.0992893,0.21,1,2878035,2877564,471
223879501,43.1929,28.0076,484,41205,0.208953,0.13,1,2878249,2877765,484
223882421,44.2772,45.4031,472,41256,0.209581,0.09,1,2878294,2877822,472
223885341,39.3109,45.7612,462,41307,0.221832,0.07,1,2878330,2877868,462
223888261,52.9243,39.9045,488,41358,0.214733,0.07,1,2878392,2877904,488
223891181,22.3697,54.3618,426,41409,0.211893,0.07,1,2878394,2877968,426
223894101,23.9479,22.9447,449,41460,0.210757,0.09,1,2878419,2877970,449
223897021,35.3792,23.5779,468,41511,0.246303,0.11,1,2878462,2877994,468
223899941,15.3517,34.0312,429,41562,0.260521,0.15,1,2878464,2878035,429
223923301,44.1484,44.2772,432,41967,0.425589,0.23,1,2878726,2878294,432
223926221,38.6593,39.3109,431,42017,0.404235,0.21,1,2878761,2878330,431
223929141,53.8637,52.9243,433,42067,0.443694,0.21,1,2878825,2878392,433
223970021,56.8122,53.8637,446,42765,0.776034,0.47,2,2879271,2878825,446
223972941,23.9249,22.7455,446,42814,0.796414,0.53,2,2879273,2878827,446
223993381,31.9022,22.5664,489,43157,0.914418,0.65,2,2879467,2878978,489
223996301,24.7609,30.6266,473,43206,0.923767,0.69,2,2879487,2879014,473
223999221,29.7044,24.2506,486,43255,0.915507,0.69,2,2879520,2879034,486
224002141,47.2817,28.9002,513,43304,0.900203,0.71,2,2879579,2879066,513
224007981,39.3651,45.304,491,43402,0.915632,0.73,2,2879659,2879168,491
224010901,59.546,38.5216,530,43451,0.912253,0.81,2,2879732,2879202,530
224013821,25.0184,56.8086,463,43500,0.910901,0.81,2,2879734,2879271,463
224016741,25.0074,23.9235,486,43549,0.92236,0.81,2,2879759,2879273,486
224019661,39.4029,23.9694,511,43597,0.926944,0.89,2,2879808,2879297,511
224022581,16.9612,38.3878,465,43645,0.928778,0.89,2,2879810,2879345,465
224025501,25.9845,16.5551,495,43693,0.905511,0.91,2,2879842,2879347,495
224034261,32.527,25.7555,503,43837,0.929873,0.93,2,2879934,2879431,503
224037181,25.0108,31.9022,487,43885,0.941949,0.93,2,2879954,2879467,487
224040101,29.2043,24.7609,499,43933,0.94678,0.91,2,2879986,2879487,499
224218221,91.9038,90.0646,501,21568,0.0702496,0.88,1,2882197,2881696,501
224221141,70.3615,68.4258,503,21666,0.0700998,0.47,1,2882253,2881750,503
224224061,41.9446,73.5703,449,21764,0.0820399,0.29,1,2882276,2881827,449
224226981,27.5778,45.0281,441,21861,0.038816,0.27,1,2882294,2881853,441
224229901,35.6311,49.8113,429,21958,0.0815264,0.03,1,2882335,2881906,429
224232821,80.2525,88.9245,424,22055,0.0386106,0.05,1,2882445,2882021,424
224235741,89.101,93.7698,422,22151,0.0454442,0.05,1,2882540,2882118,422
224238661,84.2404,84.9079,424,22247,0.0601777,0.07,1,2882621,2882197,424
224241581,67.8962,67.5632,425,22342,0.0540711,0.09,1,2882678,2882253,425
224244501,40.3585,40.8253,424,22437,0.0276284,0.01,1,2882700,2882276,424
224247421,26.3434,27.1301,423,22532,0.0290514,0.01,1,2882717,2882294,423
224250341,36.3374,10.852,466,22626,0.0416205,0.11,1,2882760,2882294,466
224253261,78.1349,28.9408,531,22720,0.0586482,0.01,1,2882866,2882335,531
224256181,88.254,77.5763,516,22813,0.0414593,0.05,1,2882961,2882445,516
224259101,84.5016,88.0305,503,22906,0.0465837,0.07,1,2883043,2882540,503
224262021,67.4006,83.8122,478,22999,0.0486335,0.05,1,2883099,2882621,478
224264941,40.1603,67.7249,443,23091,0.0614534,0.01,1,2883121,2882678,443
224267861,26.2641,40.29,438,23183,0.0785814,0.03,1,2883138,2882700,438
224270781,37.5056,26.316,466,23274,0.0734325,0.05,1,2883183,2882717,466
224276621,86.8809,78.1306,516,23456,0.0633492,0.03,1,2883382,2882866,516
224279541,85.1524,88.2522,505,23546,0.0433397,0.05,1,2883466,2882961,505
224282461,67.6609,84.5009,479,23636,0.0473359,0.05,1,2883522,2883043,479
224285381,40.8644,67.4004,446,23726,0.0729343,0.07,1,2883545,2883099,446
224288301,25.9457,40.1601,440,23815,0.0831737,0.09,1,2883561,2883121,440
224299981,78.9426,86.8809,422,24169,0.0954892,0.03,1,2883804,2883382,422
224302901,82.577,85.1524,423,24257,0.0801957,0.05,1,2883889,2883466,423
224305821,67.8308,67.6609,425,24344,0.0620783,0.09,1,2883947,2883522,425
224308741,41.5323,40.8644,426,24431,0.0548313,0.09,1,2883971,2883545,426
224311661,26.2129,25.9457,426,24518,0.0519325,0.15,1,2883987,2883561,426
224314581,39.8852,37.9783,429,24604,0.098773,0.15,1,2884036,2883607,429
224323341,76.5447,78.9426,423,24862,0.226401,0.07,1,2884227,2883804,423
224326261,81.6179,82.577,423,24947,0.276561,0.05,1,2884312,2883889,423
224329181,66.8471,67.8308,422,25032,0.260624,0.05,1,2884369,2883947,422
224332101,42.3389,41.5323,424,25117,0.25425,0.05,1,2884395,2883971,424
224335021,27.1355,26.2129,425,25201,0.2637,0.13,1,2884412,2883987,425
224337941,41.4542,39.8852,427,25285,0.25548,0.13,1,2884463,2884036,427
224340861,17.7817,17.1541,427,25369,0.252192,0.19,1,2884465,2884038,427
224343781,74.3127,72.8616,429,25453,0.250877,0.19,1,2884577,2884148,429
224346701,79.5251,29.1446,512,25536,0.274351,0.27,1,2884660,2884148,512
224358381,26.8422,41.2197,449,25866,0.416991,0.27,1,2884844,2884395,449
224361301,41.3369,26.6879,483,25948,0.424797,0.25,1,2884895,2884412,483
224364221,17.7348,41.2752,434,26030,0.427919,0.25,1,2884897,2884463,434
224402181,48.0289,67.7212,456,27068,0.753211,0.67,2,2885697,2885241,456
224405101,36.0116,44.4885,455,27146,0.787285,0.67,2,2885725,2885270,455
224408021,24.0046,27.3954,455,27224,0.776914,0.65,2,2885741,2885286,455
224419701,88.2865,87.4517,458,27534,0.946529,0.73,2,2886010,2885552,458
224546721,251.773,201.9,584,13302,0.2236,0.69,1,2888365,2887781,584
224552561,100.164,149.064,449,13620,0.089776,0.17,1,2888553,2888104,449
224555481,57.4655,79.4256,445,13776,0.0899104,0.19,1,2888582,2888137,445
224558401,145.986,47.3702,624,13930,0.0539642,0.03,1,2888787,2888163,624
224561321,147.194,140.148,570,14083,0.0755857,0.05,1,2888935,2888365,570
224564241,85.2778,144.259,467,14234,0.0962343,0.07,1,2888979,2888512,467
224583221,139.476,141.131,429,15248,0.249963,0.17,1,2889638,2889209,429
224586141,56.9903,57.0525,430,15387,0.273985,0.21,1,2889640,2889210,430
224589061,113.396,113.421,430,15525,0.295594,0.19,1,2889791,2889361,430
224597821,142.257,139.475,435,15932,0.402678,0.29,1,2890073,2889638,435
224600741,58.1029,56.99,435,16065,0.431071,0.31,1,2890075,2889640,435
224603661,114.441,113.396,436,16197,0.430429,0.31,1,2890227,2889791,436
224625561,140.577,47.0855,644,17217,0.761422,0.55,2,2890949,2890305,644
224714621,140.853,144.243,489,20698,0.934,1,2,2893323,2892834,489
224720461,52.0564,54.9989,509,20902,0.76504,1,2,2893416,2892907,509
224723381,55.0226,36.9995,541,21003,0.768016,1,2,2893473,2892932,541
224735061,129.977,140.853,467,21405,0.407549,0.79,1,2893790,2893323,467
224737981,90.9906,100.141,459,21504,0.42102,0.71,1,2893855,2893396,459
224784701,56.0118,46.1978,506,23031,0.783132,0.57,2,2894821,2894315,506
224787621,39.2047,53.2791,476,23123,0.787253,0.61,2,2894849,2894373,476
224799301,94.0276,124.426,527,23488,0.936906,0.73,2,2895200,2894673,527
224986181,50.6434,40.5837,503,28694,0.75073,0.57,2,2898707,2898204,503
224989101,27.4574,49.2335,460,28768,0.774292,0.55,2,2898719,2898259,460
225006621,30.1509,30.0507,485,29207,0.912082,0.69,2,2899058,2898573,485
225009541,40.2603,30.0203,502,29279,0.934833,0.69,2,2899105,2898603,502
225062101,32.1611,13.4942,524,30554,0.936678,1,2,2900019,2899495,524
225079621,102.298,99.2294,491,30967,0.945357,1,2,2900381,2899890,491
225088381,34.843,36.9027,490,31171,0.915143,0.9,2,2900480,2899990,490
225097141,31.102,11.6258,533,31375,0.761049,1,2,2900579,2900046,533
225138021,95.1805,84.3825,548,32306,0.751797,0.47,2,2901296,2900748,548
225164301,11.5851,16.6279,452,32890,0.914524,0.71,2,2901520,2901068,452
225167221,81.434,80.4512,457,32954,0.92381,0.81,2,2901648,2901191,457
225170141,99.7736,95.1805,464,33018,0.939524,0.85,2,2901760,2901296,464
225327821,36.0044,24.4195,523,36313,0.9376,1,2,2903989,2903466,523
225342421,49.3872,49.6123,489,36603,0.42074,1,1,2904230,2903741,489
225348261,36.102,33.618,492,36719,0.202918,1,1,2904298,2903806,492
225362861,31.129,36.0044,466,37005,0.0793291,0.87,1,2904455,2903989,466
225365781,31.0516,33.0018,466,37062,0.0857316,0.79,1,2904486,2904020,466
225368701,26.2206,28.8007,463,37119,0.0882927,0.59,1,2904509,2904046,463
225371621,50.0883,55.9203,455,37176,0.0773171,0.59,1,2904575,2904120,455
225374541,54.2353,22.3681,512,37233,0.0369268,0.47,1,2904632,2904120,512
225377461,44.4941,51.5472,479,37290,0.0567707,0.33,1,2904670,2904191,479
225380381,36.9976,44.0189,472,37347,0.0887083,0.29,1,2904702,2904230,472
225383301,29.7991,38.6076,462,37404,0.0774833,0.11,1,2904727,2904265,462
225386221,35.9196,35.243,469,37460,0.0969933,0.17,1,2904767,2904298,469
225392061,25.1871,35.8789,445,37572,0.0839189,0.13,1,2904818,2904373,445
225394981,26.8749,25.7516,454,37628,0.0755676,0.11,1,2904846,2904392,454
225397901,29.3499,28.3006,455,37684,0.072227,0.05,1,2904877,2904422,455
225400821,30.94,31.1202,454,37740,0.0828908,0.09,1,2904909,2904455,454
225403741,26.176,31.0481,446,37796,0.0751563,0.09,1,2904932,2904486,446
225406661,48.8704,26.2192,487,37852,0.0480625,0.07,1,2904996,2904509,487
225409581,54.9482,50.0877,480,37908,0.037225,0.01,1,2905055,2904575,480
225412501,45.9793,54.2351,463,37964,0.08089,0.07,1,2905095,2904632,463
225424181,32.1899,35.9196,455,38186,0.200263,0.11,1,2905222,2904767,455
225427101,23.6759,32.9678,442,38241,0.218105,0.07,1,2905240,2904798,442
225430021,28.6704,25.1871,454,38296,0.237242,0.07,1,2905272,2904818,454
225447541,22.5273,54.9482,424,38626,0.296911,0.11,1,2905479,2905055,424
225459221,37.3495,36.9747,431,38845,0.412673,0.23,1,2905624,2905193,431
225462141,33.5398,32.1899,433,38899,0.411069,0.23,1,2905655,2905222,433
225465061,24.8159,23.6759,434,38953,0.422428,0.25,1,2905674,2905240,434
225467981,29.7264,28.6704,435,39007,0.438971,0.35,1,2905707,2905272,435
225573101,38.3673,30.121,498,40911,0.76184,0.67,2,2906966,2906468,498
225584781,33.0126,31.2175,489,41117,0.926943,0.67,2,2907088,2906599,489
225781881,170.97,181.192,481,19818,0.296548,0.65,1,2909464,2908983,481
225784801,109.788,110.877,486,19925,0.220619,0.41,1,2909533,2909047,486
225787721,126.715,106.151,521,20031,0.250248,0.27,1,2909671,2909150,521
225811081,70.321,72.9294,504,20863,0.405676,0.37,1,2910224,2909720,504
225814001,41.3284,69.3718,459,20965,0.40827,0.33,1,2910246,2909787,459
225816921,17.7314,40.9487,439,21066,0.421308,0.35,1,2910248,2909809,439
225819841,56.8925,65.5795,440,21167,0.438523,0.39,1,2910331,2909891,440
225822761,65.957,68.8318,441,21267,0.433409,0.39,1,2910403,2909962,441
225825681,113.383,113.933,442,21367,0.419364,0.41,1,2910548,2910106,442
225857801,18.5858,17.9554,448,22434,0.910587,0.57,2,2911139,2910691,448
225860721,56.6343,56.3822,448,22529,0.922235,0.57,2,2911221,2910773,448
225863641,69.4537,22.5529,526,22623,0.902894,0.61,2,2911299,2910773,526
225980441,84.8689,52.0383,584,26108,0.922,1,2,2913830,2913246,584
226053441,48.385,47.2229,449,28065,0.784273,0.69,2,2915091,2914642,449
226059281,52.5016,50.9957,453,28215,0.918684,0.65,2,2915225,2914772,453
226246161,41.3353,30.1773,533,32668,0.933998,0.97,2,2918372,2917839,533
226275361,32.6613,34.3383,485,33310,0.284769,0.89,1,2918811,2918326,485
226278281,40.0645,41.3353,484,33373,0.239907,1,1,2918856,2918372,484
226281201,34.6258,38.7341,478,33436,0.269963,0.97,1,2918887,2918409,478
226289961,43.6401,44.863,468,33625,0.0847176,0.83,1,2918993,2918525,468
226292881,36.056,40.1452,462,33688,0.063887,0.61,1,2919024,2918562,462
226295801,57.6224,66.4581,450,33751,0.0555548,0.45,1,2919096,2918646,450
226298721,47.049,56.5832,440,33814,0.0642219,0.41,1,2919136,2918696,440
226301641,50.6196,55.6333,438,33877,0.0916888,0.35,1,2919189,2918751,438
226310401,35.8557,40.0645,426,34063,0.0747481,0.29,1,2919282,2918856,426
226313321,34.1423,34.6258,428,34125,0.0598992,0.09,1,2919315,2918887,428
226316241,29.2569,31.2503,425,34187,0.0539597,0.07,1,2919341,2918916,425
226319161,23.1028,25.1001,423,34249,0.0635839,0.07,1,2919360,2918937,423
226322081,42.8411,10.0401,479,34311,0.0554335,0.07,1,2919416,2918937,479
226333761,50.7239,46.6634,477,34557,0.240699,0.11,1,2919613,2919136,477
226336681,39.4896,50.4654,456,34618,0.27028,0.13,1,2919645,2919189,456
226339601,27.7958,38.7861,445,34679,0.282112,0.11,1,2919665,2919220,445
226395081,53.1679,58.105,438,35820,0.427582,0.31,1,2920386,2919948,438
226441801,29.7825,29.3931,446,36754,0.753544,0.55,2,2920986,2920540,446
226444721,36.513,35.7572,447,36811,0.751418,0.53,2,2921027,2920580,447
226447641,35.0052,35.3029,446,36868,0.786567,0.55,2,2921061,2920615,446
226465161,57.9156,11.4553,526,37210,0.94094,0.65,2,2921283,2920757,526
226727961,35.3827,41.1646,493,42012,0.221464,1,1,2924616,2924123,493
226733801,47.1812,53.1463,487,42112,0.0606342,0.95,1,2924711,2924224,487
226736721,42.8725,42.2585,492,42162,0.0542537,1,1,2924751,2924259,492
226739641,35.749,39.1034,486,42212,0.0277015,1,1,2924782,2924296,486
226742561,32.2996,31.8414,489,42262,0.0170806,1,1,2924812,2924323,489
226745481,35.7198,33.7365,492,42312,0.0728322,1,1,2924850,2924358,492
226748401,25.0879,34.4946,475,42362,0.0951329,0.95,1,2924868,2924393,475
226751321,23.2352,29.3978,471,42412,0.0920532,0.81,1,2924890,2924419,471
226754241,24.8941,32.1591,463,42462,0.0668213,0.77,1,2924916,2924453,463
226757161,23.7576,30.2637,457,42512,0.0687285,0.57,1,2924939,2924482,457
226777601,40.58,42.8725,423,42858,0.059143,0.01,1,2925174,2924751,423
226780521,34.232,35.749,422,42907,0.0236572,0.01,1,2925204,2924782,422
226783441,32.2928,32.2996,423,42956,0.0274629,0.11,1,2925235,2924812,423
226786361,39.3171,35.7198,429,43005,0.0769852,0.11,1,2925279,2924850,429
226789281,24.1268,14.2879,443,43054,0.0727941,0.11,1,2925293,2924850,443
226792201,22.2507,16.5152,446,43103,0.0591176,0.09,1,2925314,2924868,446
226815561,45.3632,33.1196,479,43495,0.085547,0.07,1,2925560,2925081,479
226818481,40.3453,47.4478,459,43544,0.0402188,0.03,1,2925597,2925138,459
226821401,34.1381,40.5791,453,43592,0.0160875,0,1,2925627,2925174,453
226824321,31.0552,34.2317,452,43640,0.00643501,0.03,1,2925656,2925204,452
226827241,40.6221,32.2927,468,43688,0.056574,0.11,1,2925703,2925235,468
226830161,24.6488,39.3171,438,43736,0.0766296,0.07,1,2925717,2925279,438
226862281,33.6857,40.3453,453,44264,0.0683957,0,1,2926050,2925597,453
226865201,29.6743,34.1381,450,44312,0.0333583,0,1,2926077,2925627,450
226868121,42.4697,31.0552,472,44360,0.0313433,0.09,1,2926128,2925656,472
226871041,25.9879,40.6221,440,44408,0.0305373,0.09,1,2926143,2925703,440
226873961,22.3952,24.6488,446,44456,0.0542149,0.13,1,2926163,2925717,446
226876881,10.1581,22.4595,427,44503,0.063686,0.15,1,2926165,2925738,427
226879801,20.8632,24.5838,429,44550,0.0794744,0.15,1,2926193,2925764,429
226894401,32.1855,32.2236,429,44785,0.205361,0.15,1,2926332,2925903,429
226897321,32.0742,32.0894,429,44832,0.208144,0.15,1,2926364,2925935,429
226900241,41.0297,41.0358,429,44879,0.209258,0.11,1,2926411,2925982,429
226903161,38.0119,39.2143,427,44926,0.221703,0.03,1,2926447,2926020,427
226906081,30.8047,33.6857,423,44973,0.250681,0.01,1,2926473,2926050,423
226909001,28.5219,29.6743,423,45020,0.262272,0.03,1,2926500,2926077,423
226911921,42.6088,42.4697,424,45067,0.230909,0.03,1,2926552,2926128,424
226914841,26.6435,25.9879,425,45114,0.242364,0.07,1,2926568,2926143,425
226917761,22.6574,22.3952,425,45161,0.234945,0.07,1,2926588,2926163,425
226920681,10.263,10.1581,425,45208,0.255978,0.09,1,2926590,2926165,425
226923601,22.1052,20.8632,427,45255,0.240391,0.17,1,2926620,2926193,427
226926521,27.4421,25.7453,429,45302,0.246156,0.19,1,2926651,2926222,429
226929441,20.5768,19.8981,429,45349,0.224463,0.19,1,2926667,2926238,429
226932361,27.4307,27.1592,429,45396,0.251785,0.21,1,2926699,2926270,429
226935281,27.1723,26.4637,430,45442,0.250714,0.21,1,2926726,2926296,430
226938201,32.4689,32.1855,430,45488,0.286286,0.21,1,2926762,2926332,430
226979081,27.9589,26.5819,460,46132,0.415143,0.25,1,2927159,2926699,460
227046241,27.6384,42.6492,466,47172,0.751048,0.57,2,2927889,2927423,466
227049161,24.2554,26.6597,472,47217,0.750419,0.61,2,2927911,2927439,472
227052081,10.9021,23.2639,453,47262,0.750168,0.61,2,2927913,2927460,453
227055001,21.1609,10.5055,479,47307,0.750067,0.61,2,2927941,2927462,479
227057921,27.0643,21.0022,482,47352,0.762027,0.61,2,2927972,2927490,482
227063761,14.4103,21.3604,452,47441,0.783124,0.61,2,2927990,2927538,452
227066681,26.1641,28.9441,452,47485,0.78725,0.67,2,2928024,2927572,452
227078361,43.985,44.253,457,47661,0.915306,0.73,2,2928183,2927726,457
227081281,40.994,40.5012,458,47705,0.924122,0.71,2,2928222,2927764,458
227084201,33.1976,33.6005,457,47749,0.915649,0.71,2,2928250,2927793,457
227087121,30.079,30.2402,457,47793,0.93626,0.73,2,2928278,2927821,457
227238961,28.6176,26.3485,519,50034,0.946,1,2,2929832,2929313,519
227303201,78.4338,67.2096,485,23451,0.294803,0.55,1,2930620,2930135,485
227306121,83.5735,77.8838,487,23541,0.279921,0.47,1,2930707,2930220,487
227309041,68.8294,74.3535,474,23631,0.285968,0.29,1,2930766,2930292,474
227311961,43.7318,59.7414,451,23721,0.276387,0.31,1,2930793,2930342,451
227326561,62.8392,89.1967,433,24164,0.408363,0.27,1,2931053,2930620,433
227358681,44.5389,43.6222,449,25112,0.757244,0.55,2,2931679,2931230,449
227361601,29.8156,29.4489,449,25196,0.752898,0.59,2,2931699,2931250,449
227364521,22.7262,22.5795,449,25280,0.775159,0.61,2,2931717,2931268,449
227367441,58.2905,57.6318,450,25364,0.760064,0.65,2,2931799,2931349,450
227370361,78.5162,77.0527,452,25448,0.790025,0.65,2,2931891,2931439,452
227379121,71.001,75.9714,517,25697,0.909042,0.73,2,2932108,2931591,517
227382041,45.8004,66.3885,486,25779,0.921617,0.79,2,2932137,2931651,486
227384961,30.3202,43.3554,478,25861,0.926647,0.75,2,2932157,2931679,478
227387881,22.9281,29.3422,476,25943,0.928659,0.79,2,2932175,2931699,476
227390801,58.3712,22.5369,540,26025,0.941463,0.75,2,2932257,2931717,540
227393721,79.1485,58.2147,551,26106,0.946585,0.81,2,2932350,2931799,551
227478401,49.5996,51.3746,489,28364,0.946,1,2,2933978,2933489,489
227481321,46.8399,20.5498,534,28439,0.9244,1,2,2934023,2933489,534
227484241,40.9359,38.8199,520,28513,0.90376,1,2,2934060,2933540,520
227487161,31.9744,34.728,514,28587,0.919504,1,2,2934086,2933572,514
227507601,43.9171,49.5916,510,29101,0.448068,0.91,1,2934488,2933978,510
227510521,37.9668,46.8366,499,29174,0.437227,0.89,1,2934522,2934023,499
227530961,48.1902,86.9818,469,29678,0.404813,0.45,1,2934892,2934423,469
227574761,23.5335,23.6333,445,30729,0.756868,0.61,2,2935459,2935014,445
227577681,35.8134,32.8533,450,30798,0.788747,0.65,2,2935503,2935053,450
227589361,50.7936,49.129,458,31072,0.916592,0.73,2,2935792,2935334,458
227592281,43.1174,43.6516,456,31140,0.948637,0.75,2,2935830,2935374,456
227595201,38.847,38.4606,457,31208,0.937455,0.75,2,2935866,2935409,457
227598121,16.7388,16.5843,457,31276,0.932982,0.75,2,2935868,2935411,457
227601041,19.8955,6.6337,479,31344,0.943193,0.73,2,2935890,2935411,479
227752881,34.8189,38.0295,509,34679,0.949571,1,2,2938282,2937773,509
227767481,33.4161,30.3654,514,34984,0.446572,1,1,2938453,2937939,514
227779161,48.3851,58.795,509,35224,0.0747442,1,1,2938688,2938179,509
227782081,37.954,45.118,504,35284,0.0718977,0.97,1,2938719,2938215,504
227785001,29.5816,39.0472,493,35344,0.0347591,0.93,1,2938743,2938250,493
227787921,26.8326,34.8189,486,35404,0.0139036,0.85,1,2938768,2938282,486
227790841,31.1331,30.1276,493,35464,0.0235615,0.63,1,2938802,2938309,493
227793761,31.0532,37.251,482,35524,0.0394246,0.55,1,2938833,2938351,482
227796681,29.2213,37.1004,473,35584,0.0817698,0.47,1,2938861,2938388,473
227799601,28.4885,34.0402,469,35643,0.0507079,0.39,1,2938889,2938420,469
227802521,12.5954,33.4161,438,35702,0.0382832,0.23,1,2938891,2938453,438
227805441,47.6382,57.7664,435,35761,0.0573133,0.03,1,2938962,2938527,435
227808361,55.6553,66.9066,423,35820,0.0769253,0.09,1,2939023,2938600,423
227811281,48.6621,51.9626,425,35879,0.0487701,0.05,1,2939067,2938642,425
227814201,45.8648,48.3851,423,35938,0.025508,0.07,1,2939111,2938688,423
227817121,36.9459,37.954,423,35997,0.0762032,0.01,1,2939142,2938719,423
227822961,27.6313,26.8326,424,36115,0.0853925,0.03,1,2939192,2938768,424
227825881,30.2525,31.1331,422,36174,0.076157,0.05,1,2939224,2938802,422
227828801,32.501,31.0532,425,36232,0.0604628,0.11,1,2939258,2938833,425
227831721,28.0004,29.2213,422,36290,0.0661851,0.03,1,2939283,2938861,422
227834641,29.2002,28.4885,424,36348,0.0444741,0.03,1,2939313,2938889,424
227837561,12.8801,12.5954,424,36406,0.0357896,0.07,1,2939315,2938891,424
227840481,47.152,47.6382,423,36464,0.0203158,0.09,1,2939385,2938962,423
227843401,57.2608,55.6553,426,36522,0.0261263,0.03,1,2939449,2939023,426
227846321,46.9043,48.6621,422,36580,0.0524505,0.01,1,2939489,2939067,422
227849241,46.3617,45.8648,424,36638,0.0509802,0.11,1,2939535,2939111,424
227852161,38.9447,36.9459,427,36696,0.0263921,0.13,1,2939569,2939142,427
227855081,27.5779,28.5784,424,36754,0.0165568,0.07,1,2939589,2939165,424
227858001,26.6312,27.6313,423,36811,0.0366227,0.07,1,2939615,2939192,423
227860921,29.8525,30.2525,423,36868,0.0926491,0.05,1,2939647,2939224,423
227875521,46.0209,47.152,422,37153,0.220338,0.01,1,2939807,2939385,422
227878441,56.8084,18.8608,486,37210,0.238135,0.03,1,2939871,2939385,486
227881361,46.7233,45.9443,462,37267,0.293254,0.07,1,2939911,2939449,462
227884281,45.6893,42.3777,467,37324,0.279302,0.05,1,2939956,2939489,467
227887201,38.6757,44.5511,455,37381,0.297721,0.01,1,2939990,2939535,455
227893041,27.0681,27.2882,449,37494,0.284035,0.05,1,2940038,2939589,449
227895961,31.2272,26.5153,457,37550,0.275614,0.13,1,2940072,2939615,457
227898881,34.6909,29.8061,462,37606,0.284246,0.13,1,2940109,2939647,462
227901801,28.2764,32.9224,451,37662,0.299698,0.13,1,2940133,2939682,451
227939761,30.6479,28.2764,468,38385,0.416235,0.31,1,2940601,2940133,468
227942681,13.4592,30.5105,438,38440,0.424494,0.31,1,2940603,2940165,438
227945601,49.1837,13.4042,509,38495,0.439798,0.33,1,2940676,2940167,509
227948521,61.0735,48.5617,506,38550,0.445919,0.39,1,2940745,2940239,506
227977721,31.7474,30.6479,443,39094,0.753009,0.43,2,2941044,2940601,443
227980641,13.899,13.4592,443,39148,0.763204,0.45,2,2941046,2940603,443
228015681,32.8067,31.7474,459,39791,0.925054,0.77,2,2941503,2941044,459
228018601,14.3227,13.899,459,39844,0.940021,0.73,2,2941505,2941046,459
228179201,32.3318,41.5115,489,42662,0.919312,1,2,2943491,2943002,489
228187961,47.3812,38.5607,500,42809,0.946836,1,2,2943642,2943142,500
228202561,34.8311,11.5597,536,43054,0.922444,1,2,2943803,2943267,536
228228841,48.0019,43.4485,522,43495,0.902537,0.92,2,2944114,2943592,522
228231761,39.6008,47.3794,506,43544,0.919015,0.98,2,2944148,2943642,506
228234681,32.6403,41.1518,497,43592,0.925606,0.94,2,2944176,2943679,497
228237601,27.4561,33.8607,492,43640,0.904242,1,2,2944200,2943708,492
228240521,30.7824,27.9443,501,43688,0.943697,0.99,2,2944233,2943732,501
228243441,34.513,31.5777,504,43736,0.947479,0.88,2,2944270,2943766,504
228246361,27.6052,34.8311,490,43784,0.912991,0.99,2,2944293,2943803,490
228374841,30.1253,24.0679,495,45856,0.916585,1,2,2945728,2945233,495
228377761,24.6501,21.0272,497,45902,0.942634,1,2,2945749,2945252,497
228380681,25.46,20.4109,503,45948,0.941054,1,2,2945775,2945272,503
228383601,29.384,8.16435,535,45994,0.922422,1,2,2945807,2945272,535
228401121,45.714,41.805,524,46270,0.435769,1,1,2946009,2945485,524
228406961,36.2342,41.0088,509,46362,0.258123,0.96,1,2946089,2945580,509
228409881,31.8937,33.2035,510,46407,0.265249,1,1,2946118,2945608,510
228412801,28.3575,30.0814,508,46452,0.2201,1,1,2946144,2945636,508
228415721,28.743,27.0326,512,46497,0.20204,0.83,1,2946173,2945661,512
228433241,22.3928,18.3536,484,46767,0.259622,0.77,1,2946302,2945818,484
228436161,24.5571,24.1414,482,46812,0.253849,0.67,1,2946328,2945846,482
228439081,27.8228,27.6566,482,46857,0.27554,0.57,1,2946358,2945876,482
228442001,37.5291,31.4626,492,46902,0.260216,0.47,1,2946402,2945910,492
228444921,41.4117,43.7851,484,46947,0.278086,0.37,1,2946446,2945962,484
228447841,44.7647,45.714,484,46992,0.249235,0.21,1,2946493,2946009,484
228450761,34.1059,50.0856,458,47037,0.237694,0.23,1,2946520,2946062,458
228453681,35.2423,36.2342,467,47082,0.257078,0.27,1,2946556,2946089,467
228456601,27.2969,31.8937,460,47127,0.264831,0.19,1,2946578,2946118,460
228459521,25.3188,28.3575,458,47172,0.291932,0.19,1,2946602,2946144,458
228479961,21.9588,22.3928,436,47485,0.405221,0.25,1,2946738,2946302,436
228482881,23.1835,24.5571,434,47529,0.444088,0.29,1,2946762,2946328,434
228579241,28.6632,23.2382,486,48969,0.769985,0.67,2,2947691,2947205,486
228599681,28.6755,30.2559,481,49270,0.913152,0.69,2,2947946,2947465,481
228611361,31.6173,21.6258,494,49442,0.902593,0.71,2,2948052,2947558,494
228614281,13.8469,31.4503,458,49485,0.907037,0.71,2,2948054,2947596,458
228617201,9.13877,13.7801,462,49528,0.920815,0.71,2,2948060,2947598,462
228620121,22.2555,9.11205,487,49571,0.914326,0.71,2,2948091,2947604,487
228623041,24.5022,21.6448,483,49614,0.91173,0.71,2,2948117,2947634,483
228847881,61.0681,60.6399,468,24785,0.401464,0.29,1,2950665,2950197,468
228880001,58.0925,60.0645,499,25710,0.758717,0.57,2,2951305,2950806,499
228882921,54.437,54.0258,501,25792,0.765487,0.61,2,2951357,2950856,501
228885841,46.9748,52.8103,491,25874,0.780195,0.63,2,2951399,2950908,491
228888761,41.5899,44.5241,490,25956,0.786078,0.67,2,2951437,2950947,490
228897521,73.1738,63.5455,536,26200,0.932309,0.73,2,2951645,2951109,536
228999721,87.0427,75.9068,566,28894,0.925696,1,2,2953564,2952998,566
229005561,40.8068,47.6651,521,29040,0.785311,1,2,2953625,2953104,521
229026001,84.0617,78.1068,556,29547,0.406859,0.88,1,2954027,2953471,556
229037681,35.8528,42.7227,489,29832,0.422208,0.61,1,2954158,2953669,489
229040601,15.5411,38.0891,456,29903,0.438883,0.55,1,2954160,2953704,456
229043521,40.4164,53.0356,450,29974,0.433553,0.53,1,2954217,2953767,450
229046441,35.3666,42.2143,447,30045,0.431421,0.53,1,2954249,2953802,447
229113601,86.0609,71.9869,550,31624,0.90085,0.77,2,2955374,2954824,550
229116521,46.4244,82.1948,481,31691,0.94234,0.85,2,2955394,2954913,481
229396841,37.8783,37.3087,520,37558,0.797104,1,2,2959475,2958955,520
229408521,36.0481,40.0463,522,37782,0.449766,1,1,2959613,2959091,522
229414361,44.4077,66.1674,509,37894,0.0851625,1,1,2959720,2959211,509
229417281,38.7631,46.267,511,37950,0.040065,1,1,2959755,2959244,511
229420201,43.1052,44.3068,514,38006,0.022026,1,1,2959801,2959287,514
229423121,39.4421,41.1227,512,38062,0.0508104,0.96,1,2959838,2959326,512
229426041,35.5768,36.8491,511,38118,0.0743242,0.99,1,2959871,2959360,511
229446481,48.0346,36.0481,495,38503,0.096523,0.03,1,2960108,2959613,495
229449401,40.2138,57.0192,459,38558,0.0566092,0.01,1,2960143,2959684,459
229452321,36.4855,44.4077,457,38613,0.0286437,0.01,1,2960177,2959720,457
229455241,15.7942,38.7631,424,38668,0.0414575,0.01,1,2960179,2959755,424
229458161,33.3177,43.1052,423,38723,0.082583,0.07,1,2960224,2959801,423
229461081,35.5271,39.4421,423,38778,0.0750332,0.09,1,2960261,2959838,423
229464001,37.0108,35.5768,428,38832,0.0720133,0.15,1,2960299,2959871,428
229478601,30.3809,30.9662,427,39102,0.0614574,0.13,1,2960447,2960020,427
229481521,29.5524,28.5865,429,39156,0.066583,0.07,1,2960476,2960047,429
229484441,44.8209,48.0346,423,39210,0.0806332,0.03,1,2960531,2960108,423
229490281,36.9314,36.4855,424,39318,0.0741013,0.05,1,2960601,2960177,424
229493201,15.9725,15.7942,424,39372,0.0356405,0.11,1,2960603,2960179,424
229499041,34.7156,35.5271,422,39480,0.0957025,0.07,1,2960683,2960261,422
229507801,31.1178,32.2017,424,39639,0.212765,0.11,1,2960786,2960362,424
229510721,28.0471,27.8807,425,39692,0.223106,0.11,1,2960812,2960387,425
229513641,28.0188,27.9523,425,39745,0.227242,0.03,1,2960840,2960415,425
229516561,30.4075,30.3809,425,39798,0.240897,0.07,1,2960872,2960447,425
229519481,29.563,29.5524,425,39851,0.234359,0.09,1,2960901,2960476,425
229522401,46.6252,44.8209,428,39904,0.267744,0.13,1,2960959,2960531,428
229560361,49.9688,29.5605,495,40586,0.412826,0.29,1,2961396,2960901,495
229563281,39.7875,46.6242,470,40638,0.42313,0.35,1,2961429,2960959,470
229566201,35.115,37.8497,470,40690,0.439252,0.37,1,2961461,2960991,470
229569121,15.246,34.9399,439,40742,0.445701,0.37,1,2961463,2961024,439
229630441,29.2193,28.1236,450,41818,0.76067,0.57,2,2962159,2961709,450
229633361,32.0877,31.6495,450,41868,0.754268,0.57,2,2962193,2961743,450
229636281,30.8351,30.6598,450,41918,0.751707,0.59,2,2962223,2961773,450
229639201,52.534,51.8639,451,41968,0.750683,0.59,2,2962290,2961839,451
229642121,40.2136,39.9456,451,42018,0.750273,0.59,2,2962322,2961871,451
229645041,35.8854,35.7782,451,42068,0.762109,0.59,2,2962355,2961904,451
229650881,37.4217,36.2045,453,42168,0.771137,0.67,2,2962409,2961956,453
229653801,36.5687,36.0818,453,42218,0.794455,0.63,2,2962445,2961992,453
229668401,29.066,28.0482,458,42468,0.929169,0.79,2,2962587,2962129,458
229831921,37.8738,37.2979,491,45166,0.928586,1,2,2964465,2963974,491
229840681,28.0079,31.6911,501,45307,0.783509,1,2,2964553,2964052,501
229852361,44.8866,42.8305,494,45492,0.216906,1,1,2964702,2964208,494
229855281,39.5546,36.9322,497,45538,0.0927623,1,1,2964738,2964241,497
229858201,33.2219,34.5729,493,45584,0.0551049,1,1,2964767,2964274,493
229861121,22.8887,29.4292,483,45630,0.076042,0.96,1,2964783,2964300,483
229864041,25.9555,31.5717,478,45676,0.0364168,1,1,2964811,2964333,478
229866961,27.1822,30.0287,477,45722,0.0145667,1,1,2964839,2964362,477
229869881,21.0729,28.2115,467,45768,0.0238267,0.93,1,2964856,2964389,467
229872801,27.6292,31.6846,465,45814,0.0395307,0.91,1,2964888,2964423,465
229875721,36.2517,37.8738,465,45860,0.0218123,0.83,1,2964930,2964465,465
229878641,30.1007,32.5495,462,45906,0.0627249,0.83,1,2964956,2964494,462
229881561,30.6403,13.0198,493,45952,0.03109,0.81,1,2964987,2964494,493
229884481,23.6561,26.2079,477,45998,0.054436,0.75,1,2965006,2964529,477
229887401,20.8624,24.8832,472,46044,0.0277744,0.57,1,2965025,2964553,472
229890321,23.945,27.3533,469,46090,0.0171098,0.41,1,2965051,2964582,469
229893241,28.778,29.5413,470,46136,0.0068439,0.29,1,2965083,2964613,470
229896161,35.5112,34.0165,473,46182,0.0327376,0.11,1,2965123,2964650,473
229899081,35.8045,44.8066,457,46228,0.031095,0.01,1,2965159,2964702,457
229902001,33.5218,39.5226,453,46274,0.066438,0.03,1,2965191,2964738,453
229904921,21.2087,33.2091,437,46320,0.0565752,0.09,1,2965204,2964767,437
229907841,25.2835,22.8836,449,46366,0.0526301,0.01,1,2965232,2964783,449
229910761,27.5134,25.9534,450,46411,0.021052,0,1,2965261,2964811,450
229913681,20.6054,27.1814,438,46456,0.0264208,0.03,1,2965277,2964839,438
229916601,27.4421,21.0726,453,46501,0.0285683,0.05,1,2965309,2964856,453
229919521,36.1769,27.629,463,46546,0.0294273,0.01,1,2965351,2964888,463
229922441,31.8707,36.2516,450,46591,0.0537709,0.09,1,2965380,2964930,450
229925361,29.5483,30.1006,452,46636,0.0635084,0.01,1,2965408,2964956,452
229928281,23.8193,30.6403,441,46681,0.0434033,0.07,1,2965428,2964987,441
229931201,21.5277,23.6561,442,46726,0.0473613,0.01,1,2965448,2965006,442
229934121,24.2111,20.8624,449,46771,0.0369445,0.01,1,2965474,2965025,449
229937041,27.6844,23.945,453,46816,0.0147778,0,1,2965504,2965051,453
229939961,36.2738,28.778,463,46861,0.0239111,0.05,1,2965546,2965083,463
229942881,34.9095,35.5112,457,46906,0.0395644,0.03,1,2965580,2965123,457
229945801,33.1638,35.8045,453,46951,0.0578258,0.09,1,2965612,2965159,453
229948721,23.4655,33.5218,438,46996,0.0651303,0.05,1,2965629,2965191,438
229951641,23.7862,21.2087,449,47041,0.0800521,0.05,1,2965653,2965204,449
229954561,27.5145,25.2835,451,47086,0.0320208,0,1,2965683,2965232,451
229957481,20.0058,27.5134,437,47131,0.0428083,0.03,1,2965698,2965261,437
229960401,27.8023,20.6054,454,47176,0.0351233,0.03,1,2965731,2965277,454
229963321,36.3209,27.4421,464,47221,0.0320493,0.03,1,2965773,2965309,464
229966241,33.7284,36.1769,454,47266,0.0548197,0.07,1,2965805,2965351,454
229969161,29.6913,31.8707,452,47311,0.0399279,0.07,1,2965832,2965380,452
229972081,22.6765,29.5483,442,47356,0.0339712,0.03,1,2965850,2965408,442
229975001,10.2706,23.8193,424,47401,0.0315885,0.05,1,2965852,2965428,424
229977921,15.5082,21.5277,423,47445,0.0426354,0.03,1,2965871,2965448,423
229980841,21.8033,24.2111,423,47489,0.0590542,0,1,2965897,2965474,423
229983761,26.7213,27.6844,423,47533,0.0536217,0.03,1,2965927,2965504,423
229986681,35.8885,36.2738,423,47577,0.0634487,0.05,1,2965969,2965546,423
229989601,35.3554,34.9095,424,47621,0.0793795,0.07,1,2966004,2965580,424
229992521,34.5422,33.1638,426,47665,0.0497518,0.07,1,2966038,2965612,426
229995441,23.4169,23.4655,425,47709,0.0259007,0.09,1,2966054,2965629,425
229998361,23.1667,23.7862,424,47753,0.0403603,0,1,2966077,2965653,424
230001281,26.6667,27.5145,423,47797,0.0341441,0.05,1,2966106,2965683,423
230004201,19.0667,20.0058,422,47841,0.0196576,0.03,1,2966120,2965698,422
230007121,28.0267,27.8023,423,47885,0.0498631,0.03,1,2966154,2965731,423
230010041,36.4107,36.3209,423,47929,0.0199452,0.07,1,2966196,2965773,423
230012961,33.7643,33.7284,423,47973,0.0379781,0.03,1,2966228,2965805,423
230015881,29.7057,29.6913,423,48017,0.0571912,0.03,1,2966255,2965832,423
230018801,22.6823,22.6765,423,48061,0.0408765,0.03,1,2966273,2965850,423
230021721,10.2729,10.2706,423,48105,0.0583506,0.05,1,2966275,2965852,423
230024641,14.9092,15.5082,422,48149,0.0533402,0.07,1,2966293,2965871,422
230027561,22.7637,21.8033,424,48193,0.0873361,0.05,1,2966321,2965897,424
230050921,18.89,19.0667,422,48543,0.0668432,0.07,1,2966542,2966120,422
230053841,28.556,28.0267,423,48586,0.0687373,0,1,2966577,2966154,423
230056761,36.0224,36.4107,422,48629,0.0274949,0.05,1,2966618,2966196,422
230059681,33.609,33.7643,422,48672,0.010998,0.07,1,2966650,2966228,422
230062601,30.2436,29.7057,423,48715,0.0223992,0.03,1,2966678,2966255,423
230065521,22.8974,22.6823,423,48758,0.0269597,0.07,1,2966696,2966273,423
230068441,10.359,10.2729,423,48801,0.0287839,0.05,1,2966698,2966275,423
230071361,15.5436,14.9092,424,48844,0.0415135,0.05,1,2966717,2966293,424
230074281,24.8174,5.96367,455,48887,0.0346054,0.11,1,2966748,2966293,455
230077201,26.727,19.1855,455,48930,0.0318422,0.13,1,2966776,2966321,455
230080121,34.6908,24.4742,467,48973,0.0667369,0.11,1,2966816,2966349,467
230083041,37.8763,35.5897,464,49016,0.0806947,0.11,1,2966856,2966392,464
230085961,33.7505,36.4359,458,49059,0.0742779,0.15,1,2966887,2966429,458
230088881,23.1002,33.1743,443,49102,0.0717112,0.17,1,2966903,2966460,443
230091801,23.6401,22.8697,451,49145,0.0706845,0.13,1,2966927,2966476,451
230094721,23.256,23.5479,450,49188,0.0822738,0.11,1,2966950,2966500,450
230097641,18.3024,26.2192,437,49231,0.0989095,0.03,1,2966965,2966528,437
230106401,33.2354,36.022,453,49360,0.0843302,0,1,2967071,2966618,453
230109321,30.6941,33.6088,450,49403,0.0637321,0.03,1,2967100,2966650,450
230112241,23.0777,30.2435,440,49446,0.0674928,0.03,1,2967118,2966678,440
230115161,10.4311,22.8974,424,49489,0.0689971,0.03,1,2967120,2966696,424
230118081,16.1724,10.359,442,49532,0.0815989,0.05,1,2967140,2966698,442
230121001,24.469,15.5436,453,49575,0.0986395,0.03,1,2967170,2966717,453
230123921,27.1876,24.8174,451,49617,0.0934558,0.03,1,2967199,2966748,451
230126841,36.675,26.727,466,49659,0.0913823,0.09,1,2967242,2966776,466
230156041,29.6065,33.2354,452,50079,0.205324,0.05,1,2967523,2967071,452
230158961,23.8426,30.6941,443,50121,0.24413,0.07,1,2967543,2967100,443
230161881,10.737,23.0777,427,50163,0.259652,0.07,1,2967545,2967118,427
230164801,16.2948,10.4311,445,50205,0.241861,0.09,1,2967565,2967120,445
230167721,25.1179,16.1724,456,50247,0.222744,0.11,1,2967596,2967140,456
230170641,26.8472,24.469,454,50289,0.215098,0.09,1,2967624,2967170,454
230173561,11.9389,27.1876,427,50331,0.212039,0.09,1,2967626,2967199,427
230176481,31.1755,36.675,428,50373,0.234816,0.13,1,2967670,2967242,428
230179401,36.4702,38.07,429,50415,0.291926,0.15,1,2967710,2967281,429
230185241,22.6352,22.8912,429,50499,0.299908,0.17,1,2967756,2967327,429
230205681,29.8892,29.6065,432,50793,0.410091,0.27,1,2967955,2967523,432
230208601,24.5557,23.8426,433,50834,0.410036,0.27,1,2967976,2967543,433
230211521,11.0223,10.737,433,50875,0.434014,0.23,1,2967978,2967545,433
230214441,16.4089,16.2948,433,50916,0.431606,0.21,1,2967998,2967565,433
230217361,24.5636,25.1179,432,50957,0.430642,0.21,1,2968028,2967596,432
230290361,25.1568,24.8317,473,51982,0.7612,0.61,2,2968692,2968219,473
230293281,20.8627,24.3327,467,52023,0.77848,0.61,2,2968710,2968243,467
230296201,29.3451,20.5331,484,52063,0.773392,0.63,2,2968745,2968261,484
230299121,35.738,28.6132,490,52103,0.771357,0.61,2,2968785,2968295,490
230302041,34.6952,34.2453,486,52143,0.770543,0.67,2,2968819,2968333,486
230304961,31.8781,34.0981,482,52183,0.770217,0.65,2,2968849,2968367,482
230307881,25.9512,31.0392,475,52223,0.770087,0.65,2,2968871,2968396,475
230310801,11.5805,25.6157,455,52263,0.770035,0.65,2,2968873,2968418,455
230313721,17.8322,11.4463,475,52303,0.794014,0.67,2,2968895,2968420,475
230340001,25.4826,26.892,483,52663,0.902052,0.77,2,2969151,2968668,483
230342921,21.593,25.1568,478,52703,0.918821,0.79,2,2969170,2968692,478
230345841,29.0372,20.8627,494,52743,0.949528,0.77,2,2969204,2968710,494
230564841,258.771,294.619,449,24820,0.204396,0.49,1,2971359,2970910,449
230570681,84.9634,96.219,456,25716,0.0723034,0.27,1,2971473,2971017,456
230573601,61.5853,60.0876,466,25798,0.0589213,0.17,1,2971519,2971053,466
230576521,43.2341,57.035,442,25880,0.0775685,0.13,1,2971550,2971108,442
230605721,57.9919,27.1973,503,26688,0.253837,0.13,1,2972073,2971570,503
230608641,60.3968,56.4789,489,26767,0.287535,0.09,1,2972135,2971646,489
230626161,40.1586,39.9462,432,27238,0.439408,0.21,1,2972407,2971975,432
230629081,28.6634,27.9785,433,27316,0.445763,0.29,1,2972428,2971995,433
230669961,68.6772,66.2369,450,28382,0.755697,0.59,2,2973169,2972719,450
230672881,58.0709,26.4947,501,28457,0.752279,0.61,2,2973220,2972719,501
230690401,55.8998,62.2937,507,28900,0.760573,0.77,2,2973525,2973018,507
230693321,23.5599,54.9175,459,28973,0.766229,0.73,2,2973527,2973068,459
230696241,68.824,23.167,556,29046,0.792492,0.77,2,2973626,2973070,556
230707921,29.6499,41.2107,478,29337,0.917552,0.71,2,2973780,2973302,478
230807201,40.5277,52.2011,503,31697,0.94,1,2,2975440,2974937,503
230821801,31.1129,37.436,500,32029,0.446838,1,1,2975674,2975174,500
230827641,45.4181,25.5498,539,32161,0.295894,1,1,2975757,2975218,539
230848081,32.6319,43.7058,477,32619,0.0847716,0.45,1,2976091,2975614,477
230856841,11.0164,28.0452,439,32814,0.0863054,0.25,1,2976139,2975700,439
230874361,62.7456,62.9496,427,33198,0.24021,0.11,1,2976466,2976039,427
230877281,38.2982,39.5798,425,33262,0.234084,0.07,1,2976488,2976063,425
230880201,32.1193,32.6319,425,33326,0.231634,0.13,1,2976516,2976091,425
230883121,27.2477,26.8528,426,33389,0.242653,0.11,1,2976540,2976114,426
230886041,24.0991,24.5411,425,33452,0.247061,0.07,1,2976562,2976137,425
230888961,10.8396,11.0164,425,33515,0.248825,0.15,1,2976564,2976139,425
230891881,35.5359,34.4066,427,33578,0.24953,0.19,1,2976616,2976189,427
230964881,41.8342,45.1684,487,35119,0.768417,0.53,2,2977661,2977174,487
230970721,68.0135,48.627,528,35239,0.796147,0.59,2,2977795,2977267,528
230973641,41.6054,65.6508,475,35299,0.792459,0.65,2,2977819,2977344,475
230976561,37.6422,40.6603,486,35359,0.790983,0.67,2,2977854,2977368,486
230997001,29.6938,44.5856,459,35775,0.911681,0.81,2,2978080,2977621,459
231017441,26.6211,25.2227,464,36187,0.94945,0.83,2,2978365,2977901,464
231020361,11.8485,11.2891,464,36245,0.94378,0.87,2,2978367,2977903,464
231119641,33.5943,33.4215,508,38177,0.937293,1,2,2979761,2979253,508
231122561,29.0377,30.1686,506,38232,0.944917,1,2,2979787,2979281,506
231125481,26.6151,28.2674,504,38287,0.923967,1,2,2979812,2979308,504
231131321,58.3784,30.9228,564,38397,0.797035,1,2,2979925,2979361,564
231151761,38.6241,43.4645,483,38782,0.415894,0.99,1,2980181,2979698,483
231154681,32.8496,35.9858,481,38836,0.412358,0.9,1,2980210,2979729,481
231160521,23.6159,29.0377,471,38944,0.400777,0.91,1,2980258,2979787,471
231163441,23.2464,26.6151,469,38998,0.406311,0.83,1,2980281,2979812,469
231169281,53.8794,58.3784,460,39106,0.41661,0.63,1,2980385,2979925,460
231172201,41.3518,44.3514,458,39160,0.424644,0.55,1,2980418,2979960,458
231175121,28.5407,34.5405,450,39214,0.403858,0.53,1,2980438,2979988,450
231178041,27.0163,31.8162,446,39268,0.407543,0.45,1,2980464,2980018,446
231180961,36.0065,36.1265,449,39322,0.409017,0.49,1,2980506,2980057,449
231183881,31.8026,33.6506,446,39376,0.421607,0.43,1,2980535,2980089,446
231230601,32.6146,34.0754,476,40226,0.757844,0.55,2,2981098,2980622,476
231233521,29.8459,31.0301,475,40278,0.753137,0.55,2,2981126,2980651,475
231236441,23.9383,28.6121,468,40330,0.751255,0.59,2,2981146,2980678,468
231239361,23.9753,23.4448,472,40382,0.750502,0.55,2,2981170,2980698,472
231242281,29.9901,23.7779,482,40434,0.762201,0.57,2,2981204,2980722,482
231245201,58.1961,29.3112,526,40486,0.77888,0.67,2,2981281,2980755,526
231265641,38.0459,48.5915,489,40850,0.907484,0.75,2,2981527,2981038,489
231268561,32.0184,38.0366,486,40902,0.932993,0.77,2,2981555,2981069,486
231440841,34.7673,16.6672,543,43841,0.9484,1,2,2983594,2983051,543
231443761,25.9069,15.0669,549,43889,0.90136,1,2,2983614,2983065,549
231449601,32.1051,52.9307,509,43985,0.771818,1,2,2983678,2983169,509
231467121,39.499,50.6986,511,44273,0.225062,1,1,2983908,2983397,511
231475881,27.2239,36.9887,497,44417,0.210484,1,1,2983995,2983498,497
231481721,19.2358,32.9182,481,44511,0.229277,0.93,1,2984039,2983558,481
231484641,23.2943,34.7673,471,44558,0.205711,0.87,1,2984065,2983594,471
231487561,17.7177,25.9069,465,44605,0.208284,0.79,1,2984079,2983614,465
231490481,22.0871,27.7628,461,44652,0.209314,0.73,1,2984104,2983643,461
231496321,30.7739,35.042,453,44746,0.20509,0.63,1,2984168,2983715,453
231499241,27.3096,32.6168,447,44793,0.220036,0.51,1,2984193,2983746,447
231502161,30.7238,34.0467,445,44840,0.214014,0.45,1,2984226,2983781,445
231505081,30.8895,34.6187,441,44887,0.223606,0.23,1,2984257,2983816,441
231508001,45.3558,49.2475,437,44934,0.275442,0.15,1,2984312,2983875,437
231543041,26.8301,27.3096,429,45495,0.409331,0.21,1,2984622,2984193,429
231545961,32.332,30.7238,432,45541,0.421732,0.23,1,2984658,2984226,432
231624801,27.0789,21.9612,479,46774,0.756948,0.55,2,2985451,2984972,479
231627721,31.8316,27.3845,483,46819,0.788779,0.53,2,2985486,2985003,483
231656921,21.8425,32.738,470,47269,0.913585,0.69,2,2985813,2985343,470
231659841,23.737,20.8952,482,47314,0.911434,0.71,2,2985838,2985356,482
231662761,17.8948,23.3581,471,47359,0.910574,0.73,2,2985852,2985381,471
231665681,8.35792,17.7432,459,47404,0.910229,0.75,2,2985854,2985395,459
231668601,19.5432,22.6973,460,47448,0.934092,0.77,2,2985881,2985421,460
231861321,322.718,347.425,492,21900,0.79,1,2,2987884,2987392,492
231890521,71.4144,88.3033,507,23550,0.421633,0.41,1,2988573,2988066,507
231934321,87.7809,86.1542,453,24866,0.778488,0.63,2,2989408,2988955,453
231946001,66.5672,64.6295,457,25205,0.920841,0.75,2,2989661,2989204,457
231948921,36.2269,35.4518,457,25289,0.938337,0.71,2,2989677,2989220,457
231951841,15.6907,15.3807,457,25373,0.921335,0.69,2,2989679,2989222,457
231954761,50.0763,49.9523,457,25457,0.926534,0.69,2,2989752,2989295,457
232048201,43.5633,35.7047,506,27996,0.946557,1,2,2991598,2991092,506
232165001,31.4032,28.2337,494,30875,0.928048,1,2,2993583,2993089,494
232167921,74.3613,76.6935,488,30944,0.773219,1,2,2993686,2993198,488
232176681,40.4711,40.5244,495,31148,0.441886,1,1,2993836,2993341,495
232191281,30.4365,37.8761,495,31486,0.272605,0.95,1,2994017,2993522,495
232194201,29.5746,34.9504,491,31553,0.271042,0.91,1,2994046,2993555,491
232214641,45.6445,37.1928,487,32019,0.213255,0.35,1,2994397,2993910,487
232217561,34.4578,45.4771,463,32085,0.223302,0.33,1,2994424,2993961,463
232220481,28.1831,35.5909,458,32151,0.239321,0.23,1,2994448,2993990,458
232223401,29.8732,30.4363,462,32217,0.233728,0.27,1,2994479,2994017,462
232226321,66.5493,29.5745,524,32283,0.267491,0.15,1,2994570,2994046,524
232235081,35.8672,47.3008,453,32479,0.417679,0.11,1,2994699,2994246,453
232238001,37.7469,36.3203,463,32544,0.425072,0.11,1,2994738,2994275,463
232273041,36.7477,35.4987,445,33316,0.448498,0.45,1,2995217,2994772,445
232311001,38.5363,36.3596,447,34131,0.771575,0.55,2,2995749,2995302,447
232313921,16.6145,15.7438,447,34193,0.78263,0.55,2,2995751,2995304,447
232316841,19.8458,19.4975,447,34255,0.787052,0.55,2,2995773,2995326,447
232319761,27.1383,7.79902,479,34317,0.788821,0.53,2,2995805,2995326,479
232343121,41.0366,48.3332,492,34807,0.902088,0.79,2,2996209,2995717,492
232346041,17.6146,38.5333,462,34868,0.906835,0.79,2,2996211,2995749,462
232348961,20.2459,16.6133,482,34929,0.920734,0.79,2,2996233,2995751,482
232635121,48.4736,42.9507,529,40427,0.934,1,2,3000133,2999604,529
232638041,35.5894,41.7803,515,40479,0.9316,1,2,3000160,2999645,515
232640961,37.0358,41.9121,511,40531,0.93064,1,2,3000198,2999687,511
232646801,32.9257,34.4259,514,40635,0.781302,1,2,3000270,2999756,514
232658481,37.5581,32.4221,528,40843,0.410769,1,1,3000421,2999893,528
232667241,35.8597,36.275,530,40999,0.257409,1,1,3000519,2999989,530
232670161,36.5439,45.71,515,41050,0.204964,1,1,3000556,3000041,515
232678921,32.5308,35.5894,505,41203,0.0824777,0.93,1,3000665,3000160,505
232681841,35.2123,37.0358,504,41254,0.0749911,0.76,1,3000702,3000198,504
232684761,27.8849,41.8143,482,41305,0.0599964,0.75,1,3000725,3000243,482
232687681,29.754,32.9257,486,41356,0.0419986,0.57,1,3000756,3000270,486
232690601,32.3016,35.9703,482,41407,0.0587994,0.53,1,3000790,3000308,482
232693521,35.1206,35.9881,483,41458,0.0895198,0.45,1,3000827,3000344,483
232696441,34.4483,38.3952,477,41509,0.0538079,0.35,1,3000861,3000384,477
232699361,14.9793,37.5581,442,41560,0.0395232,0.27,1,3000863,3000421,442
232702281,25.1917,36.6232,438,41611,0.0578093,0.33,1,3000895,3000457,438
232705201,20.2767,26.6493,435,41662,0.0651237,0.21,1,3000912,3000477,435
232711041,34.2043,36.5439,428,41764,0.0956198,0.11,1,3000984,3000556,428
232713961,43.6817,45.8176,426,41815,0.0562479,0.07,1,3001034,3000608,426
232716881,31.8727,33.327,425,41865,0.0524992,0.07,1,3001058,3000633,425
232719801,32.5491,32.5308,426,41915,0.0629997,0.07,1,3001091,3000665,426
232722721,34.6196,35.2123,425,41965,0.0671999,0.05,1,3001127,3000702,425
232725641,27.0479,27.8849,424,42015,0.0688799,0.03,1,3001149,3000725,424
232728561,30.6191,29.754,426,42065,0.069552,0.07,1,3001182,3000756,426
232731481,32.6477,32.3016,426,42115,0.0698208,0.11,1,3001216,3000790,426
232734401,35.8591,35.1206,427,42165,0.0939283,0.03,1,3001254,3000827,427
232740241,14.1374,14.9793,423,42265,0.0834285,0.07,1,3001286,3000863,423
232763601,33.6088,34.6196,423,42665,0.211597,0.07,1,3001550,3001127,423
232766521,27.2435,27.0479,424,42714,0.222639,0.07,1,3001573,3001149,424
232769441,30.0974,30.6191,423,42763,0.251055,0.07,1,3001605,3001182,423
232772361,32.439,32.6477,423,42812,0.262422,0.11,1,3001639,3001216,423
232778201,31.5902,32.3436,423,42910,0.295188,0.07,1,3001707,3001284,423
232798641,32.7308,42.4876,452,43253,0.411301,0.19,1,3001910,3001458,452
232801561,35.2923,31.395,465,43302,0.42252,0.15,1,3001947,3001482,465
232845361,35.8228,35.2923,479,44027,0.754529,0.47,2,3002426,3001947,479
232848281,28.7291,34.5169,469,44075,0.763812,0.49,2,3002450,3001981,469
232851201,30.6916,28.2068,477,44123,0.779525,0.49,2,3002482,3002005,477
232854121,34.4767,30.4827,482,44171,0.77381,0.49,2,3002519,3002037,482
232857041,39.5907,33.1931,490,44219,0.759524,0.53,2,3002562,3002072,490
232859961,33.2363,38.4772,477,44267,0.77781,0.57,2,3002591,3002114,477
232862881,14.4945,32.1909,451,44315,0.797124,0.57,2,3002593,3002142,451
232874561,12.9759,27.9729,454,44505,0.795558,0.71,2,3002688,3002234,454
232877481,32.1903,36.3892,457,44552,0.780223,0.71,2,3002733,3002276,457
232880401,41.6761,43.3557,457,44599,0.774089,0.71,2,3002781,3002324,457
232883321,33.4705,34.1423,457,44646,0.771636,0.75,2,3002809,3002352,457
232886241,37.9882,37.0569,459,44693,0.782654,0.77,2,3002850,3002391,459
232924201,41.353,41.6761,460,45304,0.914672,0.77,2,3003241,3002781,460
232927121,33.9412,33.4705,461,45351,0.923869,0.79,2,3003270,3002809,461
232930041,38.1765,37.9882,461,45398,0.915548,0.83,2,3003311,3002850,461
232932961,36.8706,36.7953,461,45444,0.924219,0.85,2,3003347,3002886,461
232935881,29.7482,29.1181,462,45490,0.927688,0.83,2,3003372,3002910,462
232938801,31.0993,31.4472,461,45536,0.941075,0.83,2,3003404,3002943,461
233090641,35.0955,26.3747,509,47883,0.794159,1,2,3005038,3004529,509
233105241,26.9485,31.4931,494,48103,0.407655,1,1,3005177,3004683,494
233111081,26.3918,27.4789,491,48191,0.296825,1,1,3005230,3004739,491
233114001,29.7567,31.3916,489,48235,0.23273,1,1,3005262,3004773,489
233122761,37.5444,40.5771,475,48367,0.0746547,0.96,1,3005352,3004877,475
233125681,33.0178,37.2308,470,48411,0.0718619,0.94,1,3005382,3004912,470
233128601,31.2071,33.4923,469,48455,0.0587448,0.8,1,3005412,3004943,469
233131521,25.6828,29.5969,464,48498,0.0414979,0.81,1,3005434,3004970,464
233134441,24.0731,29.2388,458,48541,0.0585992,0.77,1,3005457,3004999,458
233137361,30.0293,35.0955,453,48584,0.0654397,0.67,1,3005491,3005038,453
233140281,25.8117,30.2382,449,48627,0.0681759,0.63,1,3005514,3005065,449
233143201,22.9247,24.6953,449,48670,0.0932703,0.49,1,3005535,3005086,449
233181161,24.7625,25.6722,446,49229,0.0848736,0.07,1,3005880,3005434,446
233184081,30.305,24.0689,457,49272,0.0879494,0.07,1,3005914,3005457,457
233204521,26.2771,23.5837,456,49573,0.215464,0.17,1,3006093,3005637,456
233207441,26.1108,25.6335,455,49615,0.236186,0.19,1,3006119,3005664,455
233210361,21.2443,25.2534,448,49657,0.256474,0.21,1,3006137,3005689,448
233213281,22.2977,20.3014,454,49699,0.25259,0.17,1,3006160,3005706,454
233216201,34.1191,22.5205,472,49741,0.287036,0.19,1,3006202,3005730,472
233230801,29.5084,24.7625,459,49951,0.403768,0.09,1,3006339,3005880,459
233233721,26.8034,30.305,450,49993,0.443507,0.11,1,3006364,3005914,450
233236641,25.7213,26.522,451,50035,0.447403,0.15,1,3006389,3005938,451
233370961,30.8922,31.0382,479,51939,0.752461,0.57,2,3007594,3007115,479
233373881,24.3569,31.6153,467,51980,0.762984,0.57,2,3007614,3007147,467
233376801,28.3428,24.6461,478,52021,0.791194,0.59,2,3007645,3007167,478
233397241,26.0216,22.5597,480,52301,0.915664,0.69,2,3007842,3007362,480
233400161,29.6086,25.2239,485,52341,0.948266,0.71,2,3007874,3007389,485
233569521,19.6622,21.2231,492,54627,0.91887,1,2,3009435,3008943,492
233572441,16.2649,21.6892,484,54666,0.901548,0.94,2,3009449,3008965,484
233575361,30.5059,23.0757,500,54704,0.906619,0.94,2,3009489,3008989,500
233587041,24.5074,31.1427,512,54856,0.765817,0.96,2,3009589,3009077,512
233619161,28.2437,29.1384,496,55274,0.768374,0.95,2,3009888,3009392,496
233622081,18.4975,29.6554,478,55312,0.781349,0.89,2,3009900,3009422,478
233625001,17.599,19.6621,482,55350,0.78654,0.89,2,3009917,3009435,482
233645441,25.7359,26.0029,480,55616,0.908726,0.67,2,3010096,3009616,480
233648361,33.6944,29.0012,488,55654,0.90949,0.65,2,3010135,3009647,488
233651281,27.8777,32.0005,478,55692,0.933796,0.69,2,3010159,3009681,478
233972481,250.939,276.561,454,27740,0.2452,0.63,1,3013084,3012630,454
233978321,83.8303,88.8898,468,27892,0.056032,0.39,1,3013182,3012714,468
233981241,53.3321,66.7559,449,27968,0.0764128,0.19,1,3013215,3012766,449
233984161,53.1328,60.3024,446,28044,0.0725651,0.13,1,3013268,3012822,446
233987081,39.8531,43.9209,444,28120,0.083026,0.15,1,3013299,3012855,444
233990001,23.7413,30.7684,435,28195,0.0992104,0.13,1,3013312,3012877,435
233995841,53.1186,56.5229,448,28345,0.237874,0.03,1,3013450,3013002,448
233998761,39.8474,39.4092,451,28420,0.257149,0.09,1,3013481,3013030,451
234001681,57.339,48.1637,466,28495,0.28886,0.07,1,3013550,3013084,466
234004601,56.5356,44.4655,480,28569,0.277544,0,1,3013606,3013126,480
234007521,43.0142,51.3862,458,28643,0.285018,0.09,1,3013640,3013182,458
234010441,48.4057,40.3545,477,28717,0.288007,0.07,1,3013692,3013215,477
234013361,38.5623,47.9418,456,28791,0.289203,0.09,1,3013724,3013268,456
234016281,23.2249,37.7767,438,28865,0.277681,0.11,1,3013737,3013299,438
234022121,54.356,64.9643,477,29011,0.434429,0.27,1,3013882,3013405,477
234071761,23.7881,23.8518,453,30228,0.756632,0.75,2,3014626,3014173,453
234083441,61.209,61.5178,457,30508,0.781946,0.69,2,3014892,3014435,457
234086361,25.6836,25.8071,457,30577,0.798778,0.75,2,3014894,3014437,457
234089281,42.6734,42.7228,457,30646,0.793511,0.75,2,3014948,3014491,457
234109721,43.5599,43.5224,457,31126,0.943604,0.81,2,3015276,3014819,457
234200241,47.6339,45.8495,487,33169,0.93208,1,2,3016701,3016214,487
234203161,64.6536,65.7398,484,33233,0.774832,1,2,3016777,3016293,484
234214841,30.0327,27.5309,494,33487,0.25374,1,1,3016904,3016410,494
234220681,30.4852,36.325,480,33613,0.0801983,1,1,3016966,3016486,480
234223601,27.7941,29.53,481,33676,0.0500793,0.98,1,3016992,3016511,481
234226521,66.9176,71.212,475,33739,0.0500317,1,1,3017085,3016610,475
234229441,54.9671,59.0848,471,33802,0.0500127,0.89,1,3017132,3016661,471
234232361,42.9868,47.6339,466,33865,0.0500051,0.67,1,3017167,3016701,466
234235281,55.5947,64.6536,454,33927,0.062002,0.51,1,3017231,3016777,454
234238201,42.0379,49.2614,448,33989,0.0788008,0.37,1,3017264,3016816,448
234241121,30.6152,37.7046,441,34051,0.0975203,0.27,1,3017287,3016846,441
234255721,25.9052,22.9941,447,34361,0.0712034,0.03,1,3017413,3016966,447
234258641,66.1621,24.7976,514,34423,0.0704814,0.05,1,3017506,3016992,514
234261561,54.6648,65.7191,468,34484,0.0461925,0.05,1,3017553,3017085,468
234264481,42.8659,54.4876,456,34545,0.048477,0.05,1,3017588,3017132,456
234267401,56.1464,42.795,486,34606,0.0853908,0.07,1,3017653,3017167,486
234273241,31.4234,42.0072,448,34728,0.0940625,0.11,1,3017712,3017264,448
234276161,29.9694,30.6029,454,34789,0.091625,0.13,1,3017741,3017287,454
234290761,65.8518,25.9051,516,35092,0.0816838,0.07,1,3017929,3017413,516
234293681,53.3407,66.162,468,35152,0.0626735,0.03,1,3017974,3017506,468
234296601,42.3363,54.6648,456,35212,0.0430694,0.05,1,3018009,3017553,456
234299521,57.7345,42.8659,489,35272,0.0472278,0.11,1,3018077,3017588,489
234302441,45.8938,56.1464,462,35332,0.0728911,0.11,1,3018115,3017653,462
234305361,31.5575,44.0585,448,35392,0.0951564,0.09,1,3018137,3017689,448
234308281,30.623,31.4234,455,35452,0.0920626,0.09,1,3018167,3017712,455
234311201,26.6492,29.9694,450,35512,0.090825,0.11,1,3018191,3017741,450
234314121,26.8597,24.5877,456,35572,0.07833,0.19,1,3018218,3017762,456
234317041,25.7439,25.4351,455,35631,0.061332,0.21,1,3018243,3017788,455
234319961,22.2975,24.574,451,35690,0.0665328,0.19,1,3018263,3017812,451
234322881,10.119,23.6296,430,35749,0.0686131,0.01,1,3018265,3017835,430
234325801,56.8476,65.8518,424,35808,0.0574453,0.05,1,3018353,3017929,424
234328721,49.139,53.3407,423,35867,0.0409781,0.03,1,3018397,3017974,423
234331641,40.0556,42.3363,422,35926,0.0463912,0.05,1,3018431,3018009,422
234334561,59.2222,57.7345,426,35985,0.0245565,0.09,1,3018503,3018077,426
234337481,47.0889,45.8938,427,36044,0.0278226,0.11,1,3018542,3018115,427
234340401,32.0356,31.5575,427,36103,0.077129,0.09,1,3018564,3018137,427
234343321,30.2142,30.623,426,36162,0.0968516,0.09,1,3018593,3018167,426
234346241,26.4857,26.6492,426,36220,0.0807407,0.07,1,3018617,3018191,426
234372521,48.1617,47.0889,424,36742,0.097818,0.11,1,3018966,3018542,424
234375441,33.0647,32.0356,425,36800,0.0931272,0.11,1,3018989,3018564,425
234384201,27.1001,26.1943,427,36971,0.0969201,0.13,1,3019070,3018643,427
234387121,26.4401,25.4777,428,37028,0.0927681,0.17,1,3019096,3018668,428
234398801,48.7153,53.2122,473,37256,0.213047,0.17,1,3019249,3018776,473
234401721,38.6861,47.6849,461,37313,0.235219,0.19,1,3019281,3018820,461
234404641,55.0744,38.874,494,37370,0.256087,0.11,1,3019347,3018853,494
234407561,46.6298,58.7496,463,37427,0.264435,0.07,1,3019388,3018925,463
234410481,33.6519,48.0998,447,37483,0.255774,0.09,1,3019413,3018966,447
234413401,31.4608,33.0399,454,37539,0.25231,0.11,1,3019443,3018989,454
234416321,28.1843,30.616,451,37595,0.298924,0.11,1,3019469,3019018,451
234430921,58.9168,10.4703,518,37875,0.408402,0.23,1,3019637,3019119,518
234433841,49.9667,55.7881,476,37931,0.433361,0.23,1,3019681,3019205,476
234503921,62.1255,61.5021,454,39245,0.779061,0.65,2,3020534,3020080,454
234506841,51.2502,51.0009,454,39299,0.797625,0.65,2,3020578,3020124,454
234536041,26.4653,25.2846,457,39833,0.905742,0.69,2,3020893,3020436,457
234538961,11.7861,11.3139,457,39886,0.908297,0.83,2,3020895,3020438,457
234541881,64.7144,62.1255,461,39939,0.945319,0.81,2,3020995,3020534,461
234696641,22.7457,27.8264,501,42652,0.901446,1,2,3022843,3022342,501
234699561,46.8983,61.5306,480,42701,0.906579,1,2,3022906,3022426,480
234717081,38.7111,38.782,486,42995,0.793538,1,2,3023136,3022650,486
234720001,34.0845,15.5128,517,43044,0.791415,1,2,3023167,3022650,517
234722921,27.4338,27.2051,505,43093,0.778566,1,2,3023190,3022685,505
234725841,17.5735,28.282,487,43142,0.797426,0.99,2,3023201,3022714,487
234728761,25.6294,18.5128,506,43191,0.792971,1,2,3023232,3022726,506
234755041,40.9119,31.9442,506,43630,0.915044,0.81,2,3023559,3023053,506
234757961,36.7648,39.7777,495,43678,0.948017,0.77,2,3023593,3023098,495
234822201,21.2568,21.6906,477,44728,0.927877,1,2,3024248,3023771,477
234828041,40.8411,41.8705,476,44822,0.94646,1,2,3024350,3023874,476
234898121,31.3613,20.1371,525,45938,0.946,1,2,3025156,3024631,525
234953601,166.033,170.724,506,21270,0.416618,0.87,1,3025797,3025291,506
234956521,130.613,130.089,510,21370,0.220647,1,1,3025904,3025394,510
234968201,49.9277,84.9831,454,21764,0.0996806,0.45,1,3026168,3025714,454
234971121,27.1711,46.5932,445,21861,0.0938722,0.29,1,3026180,3025735,445
234985721,84.4088,84.4982,427,22342,0.255563,0.09,1,3026570,3026143,427
234988641,48.1635,48.7993,426,22437,0.288225,0.09,1,3026594,3026168,426
235006161,88.1137,75.6,526,22999,0.445021,0.31,1,3027006,3026480,526
235047041,77.1202,79.3138,448,24257,0.779848,0.57,2,3027799,3027351,448
235049961,92.0481,91.7255,450,24344,0.785939,0.61,2,3027901,3027451,450
235067481,68.6142,66.8006,458,24862,0.90018,0.81,2,3028173,3027715,458
235070401,79.0457,77.1202,460,24947,0.918072,0.79,2,3028259,3027799,460
235172601,73.8866,74.6557,487,27764,0.922,1,2,3030270,3029783,487
235175521,54.1546,46.6623,500,27840,0.9448,1,2,3030311,3029811,500
235181361,37.5847,44.666,491,27992,0.934768,1,2,3030382,3029891,491
235187201,60.1336,64.5066,491,28143,0.786763,1,2,3030498,3030007,491
235198881,67.7506,21.6866,564,28443,0.279485,0.87,1,3030747,3030183,564
235201801,47.5002,60.8746,511,28517,0.237794,0.96,1,3030781,3030270,511
235204721,41.8001,48.9498,508,28591,0.209118,0.99,1,3030819,3030311,508
235207641,35.92,42.3799,502,28665,0.209647,0.91,1,3030851,3030349,502
235210561,34.768,36.752,503,28739,0.221859,0.83,1,3030885,3030382,503
235216401,54.7629,60.0003,511,28886,0.209497,0.51,1,3031009,3030498,511
235219321,50.1052,64.8001,490,28959,0.233799,0.41,1,3031056,3030566,490
235222241,51.8421,55.9201,493,29032,0.25552,0.31,1,3031109,3030616,493
235225161,61.5368,55.368,506,29105,0.264208,0.21,1,3031177,3030671,506
235228081,46.8147,67.7472,467,29178,0.231683,0.21,1,3031214,3030747,467
235231001,40.9259,47.4989,470,29251,0.254673,0.19,1,3031251,3030781,470
235233921,34.9704,41.7996,463,29323,0.239869,0.21,1,3031282,3030819,463
235236841,34.3881,35.9198,465,29395,0.269948,0.23,1,3031316,3030851,465
235239761,55.1553,34.7679,500,29467,0.257979,0.15,1,3031385,3030885,500
235242681,54.4621,55.9072,484,29539,0.277192,0.23,1,3031439,3030955,484
235245601,50.5848,54.7629,478,29611,0.284877,0.25,1,3031487,3031009,478
235248521,53.8339,50.1051,487,29682,0.299951,0.27,1,3031543,3031056,487
235263121,29.2917,34.9704,433,30037,0.417263,0.29,1,3031715,3031282,433
235266041,32.7167,34.3881,434,30107,0.436905,0.25,1,3031750,3031316,434
235327361,56.8924,33.0155,526,31549,0.924596,0.69,2,3032721,3032195,526
235330281,61.757,55.2062,521,31616,0.939838,0.77,2,3032786,3032265,521
235485041,236.265,200.014,551,15469,0.410751,0.51,1,3035255,3034704,551
235490881,105.002,121.522,470,15742,0.28772,0.29,1,3035430,3034960,470
235493801,75.0009,93.0089,451,15877,0.289088,0.35,1,3035485,3035034,451
235496721,46.2004,54.0035,450,16011,0.289635,0.31,1,3035512,3035062,450
235528841,126.321,45.4515,628,17414,0.794556,0.57,2,3036580,3035952,628
235534681,94.9714,115.632,533,17657,0.901129,0.75,2,3036773,3036240,533
235604761,68.9588,87.3058,534,20344,0.946,1,2,3038655,3038121,534
235613521,130.341,46.9396,659,20655,0.798544,1,2,3038940,3038281,659
235622281,79.7898,85.3961,539,20962,0.201107,0.91,1,3039136,3038597,539
235628121,47.6864,65.3834,478,21164,0.0741771,1,1,3039196,3038718,478
235631041,40.0745,48.3534,476,21264,0.0716708,0.67,1,3039231,3038755,476
235633961,110.23,130.341,448,21364,0.0706683,0.55,1,3039388,3038940,448
235636881,62.0919,71.9365,445,21463,0.0942673,0.23,1,3039418,3038973,445
235651481,39.2307,40.0745,424,21952,0.201615,0.07,1,3039655,3039231,424
235654401,110.492,110.23,425,22049,0.278646,0.11,1,3039813,3039388,425
235674841,114.756,28.2923,595,22714,0.411818,0.33,1,3040250,3039655,595
235677761,63.9024,106.117,467,22807,0.434727,0.35,1,3040280,3039813,467
235718641,49.8317,117.881,453,24075,0.757437,0.63,2,3041146,3040693,453
235721561,37.9327,65.1524,453,24163,0.776975,0.67,2,3041176,3040723,453
235730321,29.8357,31.0498,457,24425,0.912526,0.69,2,3041331,3040874,457
235733241,45.5343,46.6199,456,24512,0.923011,0.69,2,3041387,3040931,456
235736161,41.0137,41.448,456,24598,0.927204,0.77,2,3041425,3040969,456
235841281,39.6232,40.7653,483,27528,0.759946,1,2,3043546,3043063,483
235850041,62.5359,63.737,478,27759,0.752077,1,2,3043712,3043234,478
235858801,30.7863,31.4872,473,27987,0.767413,0.77,2,3043805,3043332,473
235861721,99.9145,110.395,456,28063,0.756965,0.87,2,3043951,3043495,456
235864641,54.9658,58.5579,457,28138,0.788786,0.69,2,3043976,3043519,457
235867561,38.1863,39.6232,457,28213,0.777514,0.69,2,3044003,3043546,457
235882161,38.3917,41.6377,490,28586,0.929879,0.73,2,3044236,3043746,490
235885081,30.3567,36.4551,482,28660,0.929951,0.79,2,3044261,3043779,482
235888001,100.943,30.182,604,28734,0.941981,0.75,2,3044409,3043805,604
235890921,56.5771,99.6728,485,28808,0.934792,0.81,2,3044436,3043951,485
235893841,37.0308,54.8691,484,28881,0.943917,0.77,2,3044460,3043976,484
236025241,45.0116,45.3008,515,32012,0.79288,1,2,3046670,3046155,515
236045681,63.5241,37.764,554,32472,0.275929,0.95,1,3047019,3046465,554
236048601,43.4096,67.3056,497,32537,0.236372,0.95,1,3047049,3046552,497
236074881,32.1627,31.3103,438,33117,0.227376,0.25,1,3047372,3046934,438
236077801,60.8651,63.5241,433,33181,0.21695,0.21,1,3047452,3047019,433
236080721,42.346,43.4096,433,33245,0.26078,0.17,1,3047482,3047049,433
236083641,36.1384,37.7639,431,33309,0.254312,0.17,1,3047514,3047083,431
236086561,38.4554,39.7055,430,33372,0.299725,0.15,1,3047554,3047124,430
236089481,38.7821,38.6822,431,33435,0.28189,0.17,1,3047593,3047162,431
236092401,16.7129,16.6729,431,33498,0.274756,0.17,1,3047595,3047164,431
236101161,31.9576,32.2671,430,33687,0.402784,0.19,1,3047721,3047291,430
236104081,50.5831,48.9068,433,33750,0.419114,0.25,1,3047784,3047351,433
236107001,31.0332,32.1627,430,33813,0.437646,0.21,1,3047802,3047372,430
236171241,32.1279,51.5948,468,35163,0.754866,0.57,2,3048694,3048226,468
236174161,62.6512,32.0379,532,35223,0.787946,0.59,2,3048777,3048245,532
236182921,41.2337,35.1224,495,35403,0.798509,0.59,2,3048885,3048390,495
236200441,26.672,34.2993,457,35760,0.903311,0.77,2,3049067,3048610,457
236203361,52.0688,53.3197,460,35819,0.919324,0.77,2,3049136,3048676,460
236206281,31.6275,32.1279,460,35878,0.94373,0.81,2,3049154,3048694,460
236530401,37.1533,40.4375,496,41911,0.928541,0.96,2,3053393,3052897,496
236533321,28.6613,31.175,494,41961,0.905416,1,2,3053416,3052922,494
236547921,33.1418,37.1861,484,42211,0.798113,1,2,3053574,3053090,484
236565441,53.4524,56.708,470,42511,0.941755,0.93,2,3053794,3053324,470
236766921,32.4694,32.8677,513,45809,0.949312,1,2,3056087,3055574,513
236769841,20.7877,32.3471,494,45855,0.925725,1,2,3056100,3055606,494
236772761,23.9151,25.5388,499,45901,0.94629,1,2,3056126,3055627,499
236778601,31.4264,7.20621,556,45993,0.905006,1,2,3056196,3055640,556
236781521,32.3706,33.4825,538,46039,0.944003,1,2,3056229,3055691,538
236784441,36.3482,45.793,523,46085,0.935601,1,2,3056268,3055745,523
236787361,36.1393,40.5172,522,46131,0.90224,1,2,3056304,3055782,522
236816561,19.1399,20.7877,496,46586,0.281669,0.96,1,3056596,3056100,496
236819481,32.2559,23.9151,511,46631,0.214668,0.99,1,3056637,3056126,511
236828241,35.5684,32.3706,505,46766,0.0830987,0.93,1,3056734,3056229,505
236831161,34.6274,36.3482,500,46811,0.0392395,0.88,1,3056768,3056268,500
236834081,31.8509,36.1393,494,46856,0.0576958,0.81,1,3056798,3056304,494
236837001,32.5404,33.0557,496,46901,0.0650783,0.79,1,3056831,3056335,496
236839921,32.2162,33.6223,494,46946,0.0680313,0.65,1,3056863,3056369,494
236842841,32.0865,36.2489,488,46991,0.0452125,0.57,1,3056895,3056407,488
236845761,25.4346,37.2996,471,47036,0.060085,0.49,1,3056916,3056445,471
236854521,26.4678,32.4352,464,47171,0.0967254,0.33,1,3057000,3056536,464
236857441,17.1871,30.3741,446,47216,0.0806902,0.29,1,3057011,3056565,446
236860361,17.0749,19.3496,451,47261,0.0982761,0.25,1,3057028,3056577,451
236869121,12.0848,30.3024,427,47396,0.20477,0.07,1,3057093,3056666,427
236872041,19.2339,28.921,423,47440,0.207908,0.07,1,3057117,3056694,423
236889561,31.3473,32.0865,424,47704,0.227978,0.07,1,3057319,3056895,424
236892481,26.3389,25.4346,426,47748,0.253191,0.13,1,3057342,3056916,426
236895401,28.5356,28.1738,426,47792,0.263276,0.11,1,3057372,3056946,426
236898321,29.4142,28.6695,427,47836,0.267311,0.09,1,3057402,3056975,427
236901241,24.9657,26.4678,424,47880,0.292924,0.07,1,3057424,3057000,424
236904161,18.9863,17.1871,428,47924,0.29117,0.11,1,3057439,3057011,428
236907081,17.7945,17.0749,428,47968,0.278468,0.13,1,3057456,3057028,428
236910001,31.1178,29.0299,431,48012,0.249387,0.25,1,3057496,3057065,431
236912921,28.6471,27.212,432,48056,0.249755,0.21,1,3057523,3057091,432
236915841,12.6588,12.0848,432,48100,0.249902,0.21,1,3057525,3057093,432
236918761,18.2635,19.2339,430,48144,0.225961,0.15,1,3057547,3057117,430
236921681,31.9054,32.2936,430,48188,0.252384,0.13,1,3057588,3057158,430
236924601,31.9622,33.3174,428,48232,0.274954,0.17,1,3057620,3057192,428
236927521,31.3849,31.927,428,48276,0.295981,0.13,1,3057651,3057223,428
236947961,25.0419,24.9657,435,48581,0.417923,0.29,1,3057859,3057424,435
236950881,18.4168,18.9863,434,48624,0.401169,0.27,1,3057873,3057439,434
236953801,16.9667,17.7945,433,48667,0.418468,0.23,1,3057889,3057456,433
236956721,30.7867,31.1178,433,48710,0.401387,0.25,1,3057929,3057496,433
236959641,27.9147,28.6471,432,48753,0.406555,0.25,1,3057955,3057523,432
236962561,12.3659,12.6588,432,48796,0.432622,0.21,1,3057957,3057525,432
236965481,18.1463,18.2635,432,48839,0.431049,0.21,1,3057979,3057547,432
237050161,31.9976,17.0224,489,50075,0.760385,0.51,2,3058818,3058329,489
237053081,28.399,31.409,474,50117,0.766154,0.53,2,3058844,3058370,474
237056001,12.5596,28.7636,449,50159,0.768462,0.53,2,3058846,3058397,449
237058921,18.2238,12.7054,469,50201,0.769385,0.53,2,3058868,3058399,469
237082281,30.0586,28.6917,456,50537,0.927688,0.73,2,3059119,3058663,456
237317341,335.488,350.319,488,24820,0.43,0.81,1,3061708,3061220,488
237349461,98.4152,111.892,431,24820,0.0724,0.05,1,3062064,3061633,431
237372821,143.166,153.357,423,24820,0.04696,0.03,1,3062237,3061814,423
237375741,94.4664,81.1428,452,24905,0.036784,0.03,1,3062299,3061847,452
237378661,58.7866,71.4571,422,24990,0.0327136,0.03,1,3062334,3061912,422
237381581,63.7146,36.9828,475,25075,0.0910854,0.05,1,3062401,3061926,475
237384501,59.0859,62.7931,451,25160,0.0904342,0.05,1,3062457,3062006,451
237387421,45.8343,59.9173,430,25244,0.0661737,0.01,1,3062494,3062064,430
237390341,32.7337,38.3669,430,25328,0.0684695,0.05,1,3062518,3062088,430
237393261,32.2935,32.7468,433,25412,0.0453878,0.03,1,3062550,3062117,433
237396181,53.7174,42.4987,452,25495,0.0241551,0.03,1,3062618,3062166,452
237399101,83.287,59.5995,484,25578,0.063662,0.03,1,3062721,3062237,484
237402021,53.7148,61.0398,456,25661,0.0794648,0.03,1,3062755,3062299,456
237404941,64.0859,45.4159,492,25744,0.0737859,0.13,1,3062826,3062334,492
237407861,58.0344,58.3664,479,25826,0.0835144,0.09,1,3062880,3062401,479
237410781,46.0137,56.9465,461,25908,0.0874057,0.05,1,3062918,3062457,461
237416621,31.2422,32.3914,453,26072,0.0751849,0.03,1,3062971,3062518,453
237419541,53.8969,32.1566,490,26153,0.036074,0.01,1,3063040,3062550,490
237431221,59.6902,64.0824,480,26476,0.0463795,0.09,1,3063306,3062826,480
237434141,47.2761,58.033,465,26556,0.0365518,0.09,1,3063345,3062880,465
237437061,32.7104,46.0132,450,26636,0.0206207,0.13,1,3063368,3062918,450
237439981,28.6842,31.6053,454,26716,0.0502483,0.05,1,3063394,3062940,454
237442901,52.2737,31.2421,491,26795,0.0620993,0.01,1,3063462,3062971,491
237445821,89.3095,53.8968,536,26874,0.0548397,0.19,1,3063576,3063040,536
237448741,36.9238,85.1587,432,26953,0.0519359,0.21,1,3063578,3063146,432
237451661,32.7695,52.0635,432,27032,0.0987744,0.05,1,3063608,3063176,432
237454581,52.7078,65.2254,424,27110,0.0935097,0.01,1,3063674,3063250,424
237457501,53.4831,59.6902,422,27188,0.0914039,0.03,1,3063728,3063306,422
237472101,88.7381,89.3095,424,27575,0.0619248,0.05,1,3064000,3063576,424
237475021,36.6952,36.9238,424,27652,0.0247699,0.13,1,3064002,3063578,424
237477941,33.8781,32.7695,426,27729,0.027908,0.09,1,3064034,3063608,426
237480861,53.1512,52.7078,426,27805,0.0771632,0.09,1,3064100,3063674,426
237492541,29.2727,28.8629,427,28109,0.212071,0.09,1,3064246,3063819,427
237495461,50.7091,52.3452,424,28184,0.210829,0.03,1,3064311,3063887,424
237498381,87.4836,88.7381,423,28259,0.210331,0,1,3064423,3064000,423
237501301,36.1935,36.6952,423,28334,0.210133,0.03,1,3064425,3064002,423
237504221,33.0774,33.8781,422,28409,0.222053,0.03,1,3064456,3064034,422
237507141,54.031,13.5512,490,28484,0.262821,0.11,1,3064524,3064034,490
237521741,51.081,29.0645,495,28854,0.428423,0.21,1,3064741,3064246,495
237559701,59.5017,32.5972,527,29793,0.760223,0.65,2,3065413,3064886,527
237562621,25.0007,56.8389,456,29864,0.790089,0.73,2,3065415,3064959,456
237568461,44.5601,49.7742,457,30006,0.794814,0.71,2,3065521,3065064,457
237588901,60.2023,59.5017,460,30497,0.900138,0.81,2,3065873,3065413,460
237591821,25.2809,25.0007,460,30566,0.906055,0.81,2,3065875,3065415,460
237594741,48.5124,48.4003,460,30635,0.908422,0.79,2,3065939,3065479,460
237597661,45.2049,44.5601,461,30704,0.921369,0.83,2,3065982,3065521,461
237600581,32.482,32.224,461,30773,0.926548,0.83,2,3066006,3065545,461
237603501,29.7928,29.6896,461,30842,0.928619,0.85,2,3066034,3065573,461
237702781,55.1526,56.2002,482,33094,0.934,1,2,3067679,3067197,482
237726141,36.2959,27.7599,508,33602,0.0993565,1,1,3067988,3067480,508
237729061,30.7184,38.7039,489,33665,0.0937426,1,1,3068015,3067526,489
237731981,72.8873,86.8816,471,33728,0.067497,0.89,1,3068116,3067645,471
237734901,47.7549,55.1526,468,33791,0.0449988,0.85,1,3068147,3067679,468
237737821,38.902,45.4611,462,33854,0.0479995,0.79,1,3068180,3067718,462
237740741,32.3608,38.5844,456,33916,0.0371998,0.59,1,3068208,3067752,456
237743661,40.5443,44.8338,453,33978,0.0328799,0.59,1,3068254,3067801,453
237746581,37.8177,41.9335,449,34040,0.043152,0.45,1,3068290,3067841,449
237749501,33.1271,38.3734,443,34102,0.0712608,0.25,1,3068320,3067877,443
237752421,27.0508,36.3494,431,34164,0.0825043,0.05,1,3068343,3067912,431
237755341,31.8203,39.7397,424,34226,0.0750017,0.05,1,3068378,3067954,424
237761181,28.6113,26.7584,449,34350,0.0996003,0.09,1,3068437,3067988,449
237764101,71.4445,26.9033,522,34412,0.0818401,0.05,1,3068537,3068015,522
237767021,47.7778,71.3613,453,34473,0.038736,0.03,1,3068569,3068116,453
237769941,38.3111,47.1445,454,34534,0.0454944,0.05,1,3068601,3068147,454
237772861,32.1244,38.6578,449,34595,0.0481978,0.03,1,3068629,3068180,449
237775781,40.4498,32.2631,467,34656,0.0252791,0.03,1,3068675,3068208,467
237778701,37.7799,40.5052,457,34717,0.0401116,0.05,1,3068711,3068254,457
237781621,36.112,37.8021,456,34778,0.0580447,0.09,1,3068746,3068290,456
237784541,27.0448,33.1208,447,34839,0.0532179,0.09,1,3068767,3068320,447
237787461,30.6179,27.0483,457,34900,0.0632871,0.07,1,3068800,3068343,457
237790381,35.6472,31.8193,461,34961,0.0433149,0.19,1,3068839,3068378,461
237793301,28.6589,32.5277,452,35021,0.0473259,0.07,1,3068863,3068411,452
237796221,70.8635,28.6111,525,35081,0.0609304,0.07,1,3068962,3068437,525
237799141,46.3454,71.4444,455,35141,0.0303722,0.01,1,3068992,3068537,455
237802061,37.1382,47.7778,454,35201,0.0181489,0.05,1,3069023,3068569,454
237804981,32.2553,38.3111,451,35261,0.0252595,0.05,1,3069052,3068601,451
237807901,41.1021,32.1244,470,35321,0.0401038,0.01,1,3069099,3068629,470
237810821,36.2408,40.4498,457,35381,0.0340415,0.05,1,3069132,3068675,457
237813741,37.2963,37.7799,459,35441,0.0436166,0.07,1,3069170,3068711,459
237816661,28.1185,36.112,446,35501,0.0474466,0.05,1,3069192,3068746,446
237819581,30.4474,27.0448,457,35561,0.0609787,0.07,1,3069224,3068767,457
237822501,34.379,30.6179,461,35620,0.0783915,0.03,1,3069261,3068800,461
237825421,29.3516,35.6472,448,35679,0.0613566,0.05,1,3069287,3068839,448
237828341,12.9406,28.6589,426,35738,0.0545426,0.07,1,3069289,3068863,426
237845861,35.7704,36.2408,423,36092,0.0854042,0.05,1,3069555,3069132,423
237848781,37.7082,37.2963,424,36151,0.0641617,0.05,1,3069594,3069170,424
237851701,28.2833,28.1185,424,36209,0.0916647,0.07,1,3069616,3069192,424
237854621,31.1133,30.4474,425,36267,0.0786659,0.09,1,3069649,3069224,425
237872141,35.6304,35.4122,428,36615,0.246426,0.17,1,3069874,3069446,428
237875061,31.6521,31.5649,428,36673,0.26057,0.07,1,3069903,3069475,428
237877981,39.6609,41.426,425,36731,0.278228,0.07,1,3069948,3069523,425
237880901,35.0643,35.7704,425,36789,0.285291,0.05,1,3069980,3069555,425
237883821,36.8257,37.7082,424,36846,0.288117,0.11,1,3070018,3069594,424
237886741,29.1303,28.2833,426,36903,0.277247,0.07,1,3070042,3069616,426
237889661,30.8521,31.1133,425,36960,0.272899,0.17,1,3070074,3069649,425
237892581,36.9408,35.2453,428,37017,0.283159,0.17,1,3070115,3069687,428
237898421,12.8705,12.5993,428,37131,0.298506,0.17,1,3070141,3069713,428
237910101,32.9119,29.1561,463,37359,0.436618,0.27,1,3070337,3069874,463
237971421,71.9727,13.143,562,38528,0.759117,0.63,2,3071138,3070576,562
237980181,27.2623,38.7612,454,38693,0.765943,0.61,2,3071203,3070749,454
237983101,28.9049,34.7045,452,38748,0.792377,0.63,2,3071233,3070781,452
237994781,29.3288,29.3044,455,38965,0.917165,0.67,2,3071376,3070921,455
237997701,33.3315,32.1218,457,39019,0.912866,0.73,2,3071412,3070955,457
238000621,41.5326,40.4487,458,39073,0.923146,0.75,2,3071459,3071001,458
238003541,31.613,30.5795,459,39127,0.939259,0.75,2,3071484,3071025,459
238006461,13.8452,13.4318,459,39181,0.945703,0.77,2,3071486,3071027,459
238009381,72.7381,71.9727,460,39235,0.924281,0.71,2,3071598,3071138,460
238012301,46.4952,47.3891,458,39289,0.927713,0.73,2,3071627,3071169,458
238015221,19.7981,20.1556,458,39343,0.929085,0.79,2,3071629,3071171,458
238018141,27.7192,27.2623,459,39397,0.929634,0.81,2,3071662,3071203,459
238178741,21.1794,29.194,500,42243,0.286619,1,1,3073646,3073146,500
238181661,18.6718,30.2776,486,42293,0.216648,1,1,3073663,3073177,486
238187501,30.8275,40.1244,476,42393,0.0862636,0.95,1,3073728,3073252,476
238190421,32.731,37.0498,475,42443,0.0645054,0.99,1,3073762,3073287,475
238193341,35.2924,34.0199,480,42493,0.0678022,0.99,1,3073799,3073319,480
238196261,33.917,40.608,468,42543,0.0811209,0.8,1,3073832,3073364,468
238199181,34.5668,37.2432,468,42593,0.0744483,0.89,1,3073867,3073399,468
238202101,24.6267,28.0973,464,42643,0.0597793,0.75,1,3073885,3073421,464
238205021,45.8507,53.2389,454,42692,0.0659117,0.69,1,3073945,3073491,454
238207941,38.1403,41.6956,453,42741,0.0563647,0.43,1,3073978,3073525,453
238210861,37.4561,43.6782,445,42790,0.0645459,0.43,1,3074015,3073570,445
238213781,32.3824,37.8713,440,42839,0.0558183,0.25,1,3074044,3073604,440
238216701,25.553,31.9485,433,42888,0.0763273,0.25,1,3074065,3073632,433
238219621,17.4212,21.1794,431,42937,0.0965309,0.17,1,3074077,3073646,431
238242981,24.759,34.5209,441,43329,0.203563,0.05,1,3074308,3073867,441
238245901,45.3036,24.6084,482,43378,0.219425,0.07,1,3074367,3073885,482
238248821,37.3214,45.8433,454,43427,0.23777,0.05,1,3074399,3073945,454
238251741,37.1286,38.1373,458,43476,0.233108,0.07,1,3074436,3073978,458
238254661,33.4514,37.4549,452,43525,0.231243,0.05,1,3074467,3074015,452
238257581,26.5806,32.382,445,43573,0.266497,0.09,1,3074489,3074044,445
238260501,19.0322,25.5528,438,43621,0.256599,0.11,1,3074503,3074065,438
238263421,16.0129,17.4211,440,43669,0.25264,0.15,1,3074517,3074077,440
238266341,25.0052,15.3684,457,43717,0.251056,0.17,1,3074548,3074091,457
238269261,31.0021,24.1474,462,43765,0.262422,0.15,1,3074583,3074121,462
238272181,32.8008,30.059,462,43813,0.290969,0.23,1,3074617,3074155,462
238275101,35.9203,30.0236,470,43861,0.278388,0.15,1,3074655,3074185,470
238278021,32.9681,36.6094,460,43909,0.285355,0.17,1,3074686,3074226,460
238280941,32.9873,33.2438,462,43957,0.276142,0.21,1,3074719,3074257,462
238283861,25.1949,31.8975,451,44005,0.284457,0.21,1,3074739,3074288,451
238286781,46.078,24.759,491,44053,0.287783,0.23,1,3074799,3074308,491
238301381,19.2571,26.5806,447,44293,0.404371,0.25,1,3074936,3074489,447
238304301,16.1028,19.0322,447,44341,0.407748,0.25,1,3074950,3074503,447
238307221,25.0411,16.0129,464,44389,0.409099,0.25,1,3074981,3074517,464
238310141,32.2165,25.0052,470,44437,0.43364,0.27,1,3075018,3074548,470
238313061,14.0866,31.0021,437,44484,0.443456,0.31,1,3075020,3074583,437
238380221,39.4729,38.0512,451,45561,0.766158,0.63,2,3075759,3075308,451
238383141,34.9891,34.4205,451,45607,0.792463,0.61,2,3075791,3075340,451
238386061,28.9957,28.1682,452,45653,0.766985,0.65,2,3075816,3075364,452
238388981,19.9983,19.6673,452,45699,0.792794,0.65,2,3075830,3075378,452
238394821,25.1597,25.1068,452,45791,0.795247,0.69,2,3075875,3075423,452
238397741,33.4639,32.2427,454,45837,0.792099,0.65,2,3075914,3075460,454
238400661,14.5856,14.0971,454,45883,0.79084,0.65,2,3075916,3075462,454
238403581,27.4342,27.2388,454,45929,0.790336,0.65,2,3075952,3075498,454
238421101,42.2291,47.7881,494,46205,0.926721,0.73,2,3076179,3075685,494
238632801,101.079,114.704,447,22630,0.0724,0.41,1,3078502,3078055,447
238635721,84.8317,71.6815,478,22724,0.05896,0.15,1,3078576,3078098,478
238638641,74.7327,87.4726,448,22817,0.041584,0.07,1,3078644,3078196,448
238641561,74.2931,67.989,467,22910,0.0226336,0.03,1,3078718,3078251,467
238644481,46.5172,66.1956,430,23003,0.0150534,0.07,1,3078746,3078316,430
238647401,30.6069,36.0782,434,23095,0.0240214,0,1,3078766,3078332,434
238650321,53.6428,24.6313,486,23187,0.0636085,0.05,1,3078835,3078349,486
238653241,52.0571,62.6525,449,23278,0.0674434,0.01,1,3078886,3078437,449
238656161,89.2228,64.061,498,23369,0.0569774,0.05,1,3079000,3078502,498
238659081,75.2891,70.0244,490,23460,0.0407909,0.03,1,3079066,3078576,490
238662001,74.5157,68.8098,496,23550,0.0223164,0.01,1,3079140,3078644,496
238664921,46.0063,71.9239,449,23640,0.0269266,0.01,1,3079167,3078718,449
238667841,31.0025,45.5696,442,23730,0.0287706,0.03,1,3079188,3078746,442
238670761,55.601,30.2278,494,23819,0.0295082,0.09,1,3079260,3078766,494
238673681,51.0404,53.4911,473,23908,0.0418033,0.07,1,3079308,3078835,473
238676601,21.6162,51.9965,424,23997,0.0467213,0.05,1,3079310,3078886,424
238679521,75.8465,89.1986,422,24085,0.0726885,0.03,1,3079422,3079000,422
238682441,70.5386,75.2794,423,24173,0.0710754,0.01,1,3079489,3079066,423
238685361,72.6154,74.5118,423,24261,0.0344302,0.03,1,3079563,3079140,423
238688281,44.6462,46.0047,422,24348,0.0437721,0.03,1,3079589,3079167,422
238691201,31.0585,31.0019,423,24435,0.0355088,0.03,1,3079611,3079188,423
238694121,55.6234,55.6008,423,24522,0.0202035,0.05,1,3079683,3079260,423
238697041,52.2494,51.0403,425,24608,0.0260814,0.05,1,3079733,3079308,425
238699961,22.0997,21.6161,425,24694,0.0284326,0.09,1,3079735,3079310,425
238702881,75.4399,75.8465,424,24780,0.077373,0.07,1,3079846,3079422,424
238708721,71.7104,72.6154,422,24951,0.0831797,0.05,1,3079985,3079563,422
238711641,44.2842,44.6462,422,25036,0.0392719,0.03,1,3080011,3079589,422
238714561,30.9137,31.0585,422,25121,0.0337087,0.01,1,3080033,3079611,422
238717481,55.5655,55.6234,422,25205,0.0554835,0.03,1,3080105,3079683,422
238720401,52.2262,52.2494,422,25289,0.0521934,0.03,1,3080155,3079733,422
238723321,22.0905,22.0997,422,25373,0.0508774,0.11,1,3080157,3079735,422
238726241,78.4362,75.4399,427,25457,0.0503509,0.11,1,3080273,3079846,427
238729161,72.1745,30.176,495,25540,0.0621404,0.17,1,3080341,3079846,495
238732081,67.8698,51.6704,494,25623,0.0788561,0.05,1,3080406,3079912,494
238735001,43.3479,64.4682,448,25706,0.0735425,0.01,1,3080433,3079985,448
238737921,30.5392,41.3873,444,25788,0.047417,0.03,1,3080455,3080011,444
238740841,55.4157,29.7549,494,25870,0.0489668,0.07,1,3080527,3080033,494
238743761,51.5663,55.102,471,25952,0.0375867,0.05,1,3080576,3080105,471
238746681,21.8265,52.0408,423,26034,0.0330347,0.05,1,3080578,3080155,423
238749601,80.1306,22.0163,540,26115,0.0672139,0.05,1,3080697,3080157,540
238752521,72.8522,78.4065,492,26196,0.0688855,0.07,1,3080765,3080273,492
238755441,67.5409,72.1626,488,26277,0.0935542,0.09,1,3080829,3080341,488
238764201,55.8986,30.5384,495,26518,0.0811075,0.05,1,3080950,3080455,495
238767121,51.1594,55.4154,471,26598,0.062443,0.03,1,3080998,3080527,471
238770041,21.6638,51.5661,424,26678,0.0549772,0.03,1,3081000,3080576,424
238772961,81.8655,21.8265,544,26757,0.0999909,0.09,1,3081122,3080578,544
238787561,23.3138,30.2465,428,27150,0.224464,0.03,1,3081305,3080877,428
238790481,50.7255,55.8986,424,27228,0.263786,0.05,1,3081374,3080950,424
238808001,29.2182,28.7114,431,27692,0.405085,0.19,1,3081688,3081257,431
238810921,28.4873,28.2846,431,27768,0.432034,0.25,1,3081716,3081285,431
238869321,56.2251,25.1624,532,29255,0.785588,0.71,2,3082714,3082182,532
238883921,72.4893,78.1722,527,29615,0.932745,0.75,2,3083041,3082514,527
239024081,108.556,135.001,466,14325,0.0930377,0.13,1,3085474,3085008,466
239027001,59.0224,84.6006,441,14473,0.0552151,0.09,1,3085500,3085059,441
239028461,147.809,48.2402,624,14620,0.088086,0.03,1,3085707,3085083,624
239040141,46.6527,52.1821,423,15192,0.201311,0.03,1,3085923,3085500,423
239041601,139.261,20.8729,624,15332,0.230524,0.11,1,3086124,3085500,624
239044521,78.5044,132.549,455,15471,0.23021,0.19,1,3086162,3085707,455
239047441,88.4018,69.2197,523,15608,0.278084,0.21,1,3086257,3085734,523
239063501,79.6385,88.3768,508,16408,0.412221,0.35,1,3086765,3086257,508
239066421,48.6554,76.7507,467,16537,0.422888,0.37,1,3086793,3086326,467
239088321,81.1987,56.6249,488,17537,0.761267,0.57,2,3087483,3086995,488
239098541,141.034,46.992,653,18016,0.937008,0.79,2,3087889,3087236,653
239229941,59.9691,138.202,455,22901,0.769079,0.69,2,3091152,3090697,455
239232861,34.7876,65.4809,456,22994,0.793632,0.71,2,3091170,3090714,456
239235781,31.9151,44.7924,455,23086,0.779453,0.69,2,3091200,3090745,455
239238701,24.766,30.5169,454,23178,0.797781,0.63,2,3091220,3090766,454
239244541,72.3626,71.1227,457,23360,0.904045,0.69,2,3091370,3090913,457
239247461,46.945,47.0491,456,23451,0.919618,0.77,2,3091400,3090944,456
239250381,145.378,139.42,466,23541,0.943847,0.79,2,3091611,3091145,466
239308781,45.9187,50.4949,482,25280,0.94,1,2,3092695,3092213,482
239319001,140.716,33.4431,681,25614,0.908464,1,2,3093033,3092352,681
239324841,47.4746,72.5509,493,25779,0.775354,1,2,3093083,3092590,493
239327761,36.3898,45.2204,495,25861,0.760142,1,2,3093112,3092617,495
239342361,37.9451,41.2803,490,26268,0.267781,0.85,1,3093316,3092826,490
239351121,43.9245,47.4739,480,26509,0.085538,0.75,1,3093563,3093083,480
239356961,40.1479,31.3558,492,26669,0.0748861,0.55,1,3093632,3093140,492
239359881,33.4592,43.1423,470,26748,0.0959544,0.45,1,3093661,3093191,470
239362801,48.7837,37.6569,495,26827,0.0803818,0.25,1,3093720,3093225,495
239389081,50.0237,48.7837,427,27529,0.22279,0.13,1,3094147,3093720,427
239392001,35.0095,33.3135,429,27606,0.263116,0.15,1,3094172,3093743,429
239394921,15.2038,14.5254,429,27683,0.255246,0.19,1,3094174,3093745,429
239418281,35.8358,35.0095,434,28289,0.408764,0.25,1,3094606,3094172,434
239421201,15.5343,15.2038,434,28364,0.421506,0.25,1,3094608,3094174,434
239424121,117.814,6.08152,620,28439,0.426602,0.33,1,3094794,3094174,620
239459161,32.3704,43.33,470,29319,0.785924,0.51,2,3095324,3094854,470
239470841,37.5487,54.7349,473,29607,0.780872,0.55,2,3095495,3095022,473
239473761,16.2195,36.2939,451,29678,0.762349,0.55,2,3095497,3095046,451
239485441,29.8584,44.9259,462,29962,0.909196,0.81,2,3095762,3095300,462
239494201,34.4549,35.1793,463,30173,0.927229,0.83,2,3095864,3095401,463
239497121,53.382,54.8717,461,30243,0.940891,0.75,2,3095930,3095469,461
239500041,35.7528,37.5487,459,30313,0.946357,0.75,2,3095954,3095495,459
239502961,15.5011,16.2195,459,30383,0.948543,0.85,2,3095956,3095497,459
239596401,64.0192,121.454,503,32538,0.91,1,2,3097607,3097104,503
239605161,29.0332,28.1011,512,32733,0.75736,1,2,3097686,3097174,512
239625601,109.593,113.548,477,33182,0.229406,0.87,1,3098053,3097576,477
239637281,27.372,29.0332,457,33436,0.0970248,0.61,1,3098143,3097686,457
239640201,30.7488,33.8133,453,33499,0.0808099,0.65,1,3098176,3097723,453
239643121,27.8995,30.9253,450,33562,0.086324,0.65,1,3098202,3097752,450
239681081,40.9397,16.4639,479,34373,0.214154,0.13,1,3098701,3098222,479
239684001,34.9759,37.7856,458,34435,0.211661,0.17,1,3098732,3098274,458
239686921,27.1903,33.7142,449,34496,0.222665,0.13,1,3098754,3098305,449
239689841,102.676,26.6857,580,34557,0.251066,0.15,1,3098907,3098327,580
239692761,54.8705,101.274,452,34618,0.286426,0.17,1,3098930,3098478,452
239716121,34.7635,40.9396,462,35104,0.415342,0.21,1,3099163,3098701,462
239719041,27.7054,34.9758,454,35164,0.436137,0.23,1,3099186,3098732,454
239774521,32.2113,31.0479,448,36290,0.77028,0.55,2,3099946,3099498,448
239777441,24.8845,23.8192,449,36348,0.770112,0.55,2,3099966,3099517,449
239780361,11.1538,10.7277,449,36406,0.770045,0.59,2,3099968,3099519,449
239783281,38.6615,37.8911,450,36464,0.794018,0.59,2,3100025,3099575,450
239792041,110.114,106.561,455,36638,0.906417,0.67,2,3100244,3099789,455
239794961,57.2457,55.8244,455,36696,0.908567,0.71,2,3100266,3099811,455
239797881,33.6983,33.1298,455,36754,0.933427,0.67,2,3100284,3099829,455
239800801,24.2793,24.0519,455,36811,0.919371,0.71,2,3100302,3099847,455
239803721,28.9117,28.8208,455,36868,0.937748,0.77,2,3100334,3099879,455
239806641,34.3647,32.5283,458,36925,0.945099,0.79,2,3100372,3099914,458
239812481,25.6584,24.8845,460,37039,0.942016,0.77,2,3100426,3099966,460
239818321,39.9853,38.6615,462,37153,0.946323,0.81,2,3100487,3100025,462
239821241,34.5941,15.4646,493,37210,0.936529,0.85,2,3100518,3100025,493
239824161,28.8377,24.1858,488,37267,0.944612,0.85,2,3100543,3100055,488
239952641,31.1438,34.7456,483,39685,0.79217,1,2,3102279,3101796,483
239955561,34.6575,33.0983,488,39738,0.766868,1,2,3102316,3101828,488
240002281,26.7254,32.5058,474,40580,0.768584,0.67,2,3102856,3102382,474
240005201,20.2902,25.6023,469,40632,0.781433,0.65,2,3102872,3102403,469
240008121,23.1161,19.8409,478,40684,0.774573,0.67,2,3102897,3102419,478
240011041,36.2464,24.1364,496,40736,0.783829,0.61,2,3102942,3102446,496
240022721,17.1135,37.1075,460,40944,0.902162,0.71,2,3103128,3102668,460
240025641,26.0454,17.243,488,40996,0.918865,0.73,2,3103160,3102672,488
240028561,28.4182,25.4972,487,41047,0.925546,0.73,2,3103190,3102703,487
240031481,35.3673,29.3989,495,41098,0.928218,0.75,2,3103230,3102735,495
240034401,33.3469,33.9596,490,41149,0.929287,0.75,2,3103262,3102772,490
240037321,28.9388,32.7838,484,41200,0.929715,0.73,2,3103288,3102804,484
240040241,28.3755,29.3135,485,41251,0.929886,0.79,2,3103316,3102831,485
240043161,20.9502,26.7254,476,41302,0.905954,0.79,2,3103332,3102856,476
240049001,36.712,23.1161,505,41404,0.928553,0.79,2,3103402,3102897,505
240203761,147.295,144.812,520,20031,0.933999,0.99,2,3105484,3104964,520
240238801,68.4336,73.3274,452,21267,0.751303,0.61,2,3106240,3105788,452
240241721,123.973,124.131,455,21367,0.786521,0.67,2,3106401,3105946,455
240259241,68.9308,68.4332,458,21955,0.934241,0.81,2,3106698,3106240,458
240376041,60.1023,47.9308,509,25533,0.949551,1,2,3109304,3108795,509
240396481,111.565,43.2714,627,26108,0.903822,0.99,2,3109747,3109120,627
240399401,57.2258,112.709,489,26189,0.931529,0.92,2,3109768,3109279,489
240501601,66.5565,107.687,510,28883,0.9388,1,2,3111686,3111176,510
240507441,55.769,72.5499,517,29029,0.768208,1,2,3111805,3111288,517
240516201,30.8812,34.1872,517,29248,0.444925,1,1,3111899,3111382,517
240522041,33.621,33.07,517,29392,0.288388,1,1,3111966,3111449,517
240533721,47.9871,70.4226,493,29679,0.0905667,0.69,1,3112252,3111759,493
240539561,32.6379,41.5076,474,29821,0.0852907,0.47,1,3112311,3111837,474
240542481,14.2552,38.203,440,29892,0.0641163,0.39,1,3112313,3111873,440
240560001,66.3612,65.9677,427,30314,0.265301,0.07,1,3112643,3112216,427
240568761,30.9831,32.6379,426,30523,0.400739,0.05,1,3112737,3112311,426
240571681,13.5932,14.2552,426,30592,0.430296,0.13,1,3112739,3112313,426
240574601,25.2373,24.3021,428,30661,0.418118,0.15,1,3112772,3112344,428
240577521,25.6949,25.9208,427,30730,0.437247,0.09,1,3112798,3112371,427
240580441,27.078,27.7683,426,30799,0.444899,0.23,1,3112826,3112400,426
240592121,50.8292,48.1445,442,31073,0.403213,0.41,1,3113121,3112679,442
240597961,31.4127,30.9831,442,31209,0.416114,0.45,1,3113179,3112737,442
240600881,13.7651,13.5932,442,31277,0.400446,0.45,1,3113181,3112739,442
240603801,24.706,5.4373,474,31345,0.406178,0.41,1,3113213,3112739,474
240606721,25.4824,21.9749,467,31413,0.408471,0.45,1,3113239,3112772,467
240609641,26.993,24.39,469,31480,0.409389,0.45,1,3113267,3112798,469
240612561,99.5972,26.556,589,31547,0.445755,0.51,1,3113415,3112826,589
240659281,14.724,32.0442,454,32603,0.901463,0.59,2,3114074,3113620,454
240662201,25.0896,14.0177,484,32668,0.930585,0.63,2,3114106,3113622,484
240665121,25.6358,24.8071,478,32733,0.942234,0.63,2,3114132,3113654,478
240668041,11.4543,25.5228,454,32798,0.946894,0.65,2,3114134,3113680,454
240670961,21.3817,27.0091,454,32862,0.948757,0.71,2,3114162,3113708,454
240824261,63.3924,67.3915,525,17896,0.274706,1,1,3117532,3117007,525
240835941,102.255,117.952,438,18366,0.212712,0.25,1,3117867,3117429,438
240838861,65.5019,75.981,431,18482,0.211085,0.23,1,3117908,3117477,431
240841781,57.4008,63.3924,428,18597,0.246434,0.15,1,3117960,3117532,428
240844701,59.5603,61.357,429,18711,0.284574,0.17,1,3118021,3117592,429
240847621,25.0241,26.3428,428,18824,0.299829,0.19,1,3118023,3117595,428
240853461,103.964,102.255,433,19049,0.428373,0.21,1,3118300,3117867,433
240856381,65.5855,65.5019,432,19160,0.441349,0.27,1,3118340,3117908,432
240888501,106.505,123.538,547,20344,0.759857,0.67,2,3119196,3118649,547
240903101,128.694,27.4039,651,20860,0.929698,0.75,2,3119561,3118910,651
240970261,57.0758,106.221,501,23085,0.9472,1,2,3121106,3120605,501
240973181,44.4303,57.4885,512,23177,0.92488,1,2,3121142,3120630,512
240981941,39.1795,56.7673,498,23450,0.777992,1,2,3121270,3120772,498
240987781,110.309,128.723,562,23630,0.288879,0.93,1,3121552,3120990,562
241011141,99.102,110.309,428,24338,0.211447,0.09,1,3121980,3121552,428
241014061,53.4408,58.5235,427,24425,0.234579,0.19,1,3122003,3121576,427
241016981,42.3763,42.6094,430,24512,0.279832,0.13,1,3122038,3121608,430
241031581,105.523,105.255,430,24941,0.421569,0.23,1,3122315,3121885,430
241081221,103.205,106.269,552,26348,0.752566,0.55,2,3123308,3122756,552
241084141,54.4819,104.907,470,26428,0.787026,0.55,2,3123330,3122860,470
241104581,45.3893,106.512,460,26984,0.91777,0.79,2,3123667,3123207,460
241107501,79.3557,103.205,461,27062,0.949108,0.81,2,3123769,3123308,461
241276861,36.5,27.6303,518,31275,0.945232,1,2,3126700,3126182,518
241294381,67.3186,40.9556,554,31679,0.284167,1,1,3126979,3126425,554
241300221,52.891,74.8329,511,31813,0.0454667,1,1,3127102,3126591,511
241303141,42.1564,56.3332,502,31880,0.0481867,1,1,3127137,3126635,502
241306061,35.4626,41.7333,501,31946,0.0372747,0.91,1,3127168,3126667,501
241308981,27.385,36.4933,490,32012,0.0449099,0.86,1,3127190,3126700,490
241311901,23.554,27.7973,489,32078,0.0239639,0.87,1,3127211,3126722,489
241314821,50.2216,27.3189,530,32144,0.0515856,0.57,1,3127279,3126749,530
241317741,33.8886,57.7276,475,32210,0.0746342,0.51,1,3127302,3126827,475
241320661,30.9555,40.491,475,32276,0.0598537,0.37,1,3127331,3126856,475
241329421,49.5251,79.7274,457,32472,0.0407906,0,1,3127524,3127067,457
241332341,41.4101,52.891,458,32537,0.0463163,0.05,1,3127560,3127102,458
241335261,34.564,42.1564,453,32602,0.0845265,0.03,1,3127590,3127137,453
241338181,28.2256,35.4626,446,32667,0.0758106,0.05,1,3127614,3127168,446
241341101,22.6902,27.385,443,32732,0.0843242,0.01,1,3127633,3127190,443
241344021,10.2761,23.554,424,32797,0.0637297,0.07,1,3127635,3127211,424
241346941,45.5104,50.2216,425,32861,0.0914919,0.09,1,3127704,3127279,425
241349861,32.0042,33.8886,425,32925,0.0905968,0.05,1,3127727,3127302,425
241379061,45.9913,45.5104,425,33561,0.217517,0.09,1,3128129,3127704,425
241381981,31.5965,32.0042,424,33624,0.225007,0.11,1,3128151,3127727,424
241384901,31.2386,30.8017,425,33687,0.216003,0.17,1,3128182,3127757,425
241387821,65.8954,62.7207,430,33750,0.260401,0.19,1,3128271,3127841,430
241417021,30.8374,20.5586,462,34372,0.405304,0.21,1,3128613,3128151,462
241437461,22.7022,28.5092,456,34800,0.427412,0.33,1,3128925,3128469,456
241440381,10.2809,22.2037,440,34861,0.440965,0.33,1,3128927,3128487,440
241487101,65.3634,67.0552,452,35819,0.769605,0.67,2,3129597,3129145,452
241510461,50.8211,51.8211,456,36289,0.948939,0.69,2,3129906,3129450,456
241668141,60.6227,70.4807,483,39309,0.946,1,2,3132028,3131545,483
241671061,44.6491,49.7923,481,39363,0.9484,1,2,3132062,3131581,481
241703181,36.4593,34.5567,486,39949,0.438564,0.91,1,3132436,3131950,486
241706101,51.1837,60.6227,469,40002,0.445426,0.95,1,3132497,3132028,469
241709021,40.2735,44.6491,468,40055,0.43617,0.75,1,3132530,3132062,468
241711941,37.1094,46.6596,455,40108,0.432468,0.75,1,3132565,3132110,455
241717781,33.8975,30.2655,484,40214,0.427995,0.63,1,3132632,3132148,484
241720701,34.559,31.9062,486,40267,0.417198,0.59,1,3132667,3132181,486
241723621,31.8236,33.7625,481,40319,0.448879,0.65,1,3132697,3132216,481
241726541,32.5294,32.105,483,40371,0.425552,0.61,1,3132730,3132247,483
241729461,26.2118,34.442,469,40423,0.440221,0.61,1,3132752,3132283,469
241732381,26.6847,27.5768,473,40475,0.410088,0.53,1,3132779,3132306,473
241735301,27.4739,26.6307,475,40527,0.422035,0.43,1,3132807,3132332,475
241790781,36.0968,37.9911,483,41505,0.773293,0.59,2,3133490,3133007,483
241793701,15.6387,36.1964,450,41556,0.783317,0.59,2,3133492,3133042,450
241796621,24.8555,32.4786,451,41607,0.799327,0.59,2,3133523,3133072,451
241814141,29.8046,28.9835,455,41911,0.901175,0.73,2,3133705,3133250,455
241819981,36.2087,34.1574,460,42011,0.915788,0.75,2,3133782,3133322,460
242006861,36.896,26.716,512,45113,0.91168,1,2,3135968,3135456,512
242015621,34.1133,21.2218,527,45254,0.769948,1,2,3136064,3135537,527
242068181,298.967,352.334,438,20440,0.272717,0.25,1,3136604,3136166,438
242074021,111.675,124.413,446,21370,0.0952347,0.03,1,3136756,3136310,446
242076941,84.2699,86.3654,451,21469,0.0680939,0.05,1,3136822,3136371,451
242079861,85.308,83.1462,456,21568,0.0452375,0.01,1,3136908,3136452,456
242082781,71.9232,72.8585,453,21666,0.036095,0.05,1,3136971,3136518,453
242085701,42.5693,61.5434,422,21764,0.044438,0.01,1,3136994,3136572,422
242088621,37.4277,34.8174,439,21861,0.0237752,0.09,1,3137028,3136589,439
242100301,79.2125,79.1217,425,22247,0.0902246,0.03,1,3137333,3136908,425
242103221,69.485,69.4487,425,22342,0.0660899,0.05,1,3137396,3136971,425
242106141,39.794,41.5795,422,22437,0.0324359,0.01,1,3137416,3136994,422
242109061,36.9176,37.0318,423,22532,0.0789744,0.01,1,3137451,3137028,423
242111981,63.367,14.8127,504,22626,0.0735898,0.19,1,3137532,3137028,504
242114901,70.3468,51.5251,503,22720,0.0834359,0.17,1,3137607,3137104,503
242132421,63.7182,36.8805,505,23274,0.213318,0.07,1,3137956,3137451,505
242135341,71.0873,63.3522,500,23365,0.259327,0.09,1,3138032,3137532,500
242138261,69.8349,70.3409,494,23456,0.277731,0.15,1,3138101,3137607,494
242141181,77.734,67.1364,512,23546,0.297092,0.19,1,3138184,3137672,512
242158701,58.2968,71.0873,437,24081,0.44561,0.29,1,3138469,3138032,437
242190821,70.6254,69.419,447,25032,0.771167,0.57,2,3139133,3138686,447
242193741,42.6501,40.9676,449,25117,0.782467,0.55,2,3139157,3138708,449
242196661,38.6601,37.987,449,25201,0.786987,0.59,2,3139193,3138744,449
242202501,27.7856,27.6779,449,25369,0.799118,0.65,2,3139280,3138831,449
242214181,73.4313,71.7774,525,25702,0.906489,0.81,2,3139592,3139067,525
242217101,43.1725,68.3109,482,25784,0.932596,0.79,2,3139615,3139133,482
242220021,38.869,41.7244,494,25866,0.943038,0.79,2,3139651,3139157,494
242330981,47.2126,43.63,531,28813,0.431771,1,1,3141729,3141198,531
242357261,41.9223,47.5315,484,29467,0.413926,0.39,1,3142166,3141682,484
242360181,66.5689,47.2126,520,29539,0.42357,0.33,1,3142249,3141729,520
242406901,25.2922,25.2446,450,30664,0.756499,0.59,2,3142900,3142450,450
242409821,63.5169,62.2978,452,30733,0.7646,0.59,2,3142989,3142537,452
242412741,42.8068,42.3191,452,30802,0.79184,0.61,2,3143018,3142566,452
242421501,85.2276,84.3804,453,31008,0.907238,0.65,2,3143242,3142789,453
242424421,47.2911,46.3522,454,31076,0.932895,0.73,2,3143264,3142810,454
242541221,65.9899,67.3923,496,33690,0.922,1,2,3145056,3144560,496
242547061,57.4784,53.0228,508,33816,0.76552,1,2,3145199,3144691,508
242576261,79.844,62.612,565,34437,0.791078,0.75,2,3145621,3145056,565
242593781,41.9404,35.384,499,34803,0.908326,0.73,2,3145821,3145322,499
242596701,32.3761,39.3536,483,34864,0.921331,0.77,2,3145847,3145364,483
242599621,33.3505,31.3414,491,34925,0.902532,0.73,2,3145881,3145390,491
242602541,30.1402,32.9366,485,34986,0.919013,0.69,2,3145909,3145424,485
242605461,57.0561,28.7746,534,35046,0.937605,0.75,2,3145984,3145450,534
242608381,81.6224,57.1099,556,35106,0.945042,0.83,2,3146082,3145526,556
242611301,53.649,79.8439,496,35166,0.948017,0.87,2,3146117,3145621,496
242617141,28.0238,33.295,487,35286,0.940083,0.83,2,3146162,3145675,487
242620061,35.2095,28.318,502,35346,0.946033,0.87,2,3146202,3145700,502
242783581,56.3713,31.4708,547,38552,0.427822,1,1,3148433,3147886,547
242789421,35.2994,52.9153,496,38662,0.223252,1,1,3148505,3148009,496
242792341,27.3198,36.7661,492,38717,0.239301,1,1,3148527,3148035,492
242795261,19.3279,33.3065,475,38772,0.20972,0.96,1,3148541,3148066,475
242809861,35.8542,39.7548,455,39042,0.0863107,0.65,1,3148723,3148268,455
242812781,31.7417,36.3019,450,39096,0.0885243,0.61,1,3148752,3148302,450
242815701,31.2967,34.3208,448,39150,0.0654097,0.53,1,3148783,3148335,448
242818621,25.7187,26.9283,448,39204,0.0681639,0.33,1,3148805,3148357,448
242841981,37.0546,36.589,428,39634,0.228619,0.15,1,3149086,3148658,428
242844901,29.8219,29.6356,428,39687,0.253448,0.05,1,3149111,3148683,428
242847821,32.9287,35.8542,423,39740,0.263379,0.09,1,3149146,3148723,423
242850741,29.9715,31.7417,422,39793,0.291352,0.05,1,3149174,3148752,422
242853661,30.5886,31.2967,422,39846,0.278541,0.07,1,3149205,3148783,422
242856581,27.8354,25.7187,426,39899,0.249416,0.19,1,3149231,3148805,426
242859501,50.1342,48.6875,427,39952,0.297767,0.11,1,3149296,3148869,427
242879941,38.4503,39.6649,468,40322,0.404806,0.25,1,3149519,3149051,468
242882861,30.9801,36.8659,459,40374,0.419923,0.27,1,3149545,3149086,459
242885781,33.3921,29.7464,469,40426,0.425969,0.27,1,3149580,3149111,469
242970461,30.425,29.9494,455,41914,0.759852,0.65,2,3150538,3150083,455
242973381,27.77,28.1798,454,41964,0.789941,0.63,2,3150564,3150110,454
242976301,53.708,53.8719,454,42014,0.789976,0.69,2,3150635,3150181,454
242979221,52.0832,50.3488,457,42064,0.789991,0.71,2,3150686,3150229,457
243008421,34.1827,32.5624,458,42564,0.932423,0.79,2,3150967,3150509,458
243217201,106.873,123.88,455,20647,0.0983187,0.03,1,3153439,3152984,455
243220121,100.349,107.152,455,20750,0.0693275,0,1,3153535,3153080,455
243223041,74.9396,83.6608,445,20852,0.045731,0,1,3153593,3153148,445
243225961,63.5759,67.0643,445,20954,0.0182924,0.01,1,3153649,3153204,445
243228881,46.4303,61.0257,423,21055,0.025317,0.01,1,3153684,3153261,423
243231801,32.3721,32.2103,433,21156,0.0101268,0.05,1,3153707,3153274,433
243234721,72.9489,77.6841,425,21256,0.0340507,0.05,1,3153807,3153382,425
243237641,61.5795,65.2736,422,21356,0.0436203,0.05,1,3153861,3153439,422
243240561,84.0318,83.7095,425,21455,0.0474481,0.03,1,3153960,3153535,425
243243481,68.4127,68.2838,425,21554,0.0369792,0,1,3154018,3153593,425
243246401,59.7651,60.9135,423,21652,0.0207917,0.03,1,3154072,3153649,423
243249321,44.306,45.3654,422,21750,0.0263167,0,1,3154106,3153684,422
243252241,32.1224,31.9462,423,21848,0.0105267,0.05,1,3154130,3153707,423
243255161,72.249,72.7785,422,21945,0.0462107,0.05,1,3154229,3153807,422
243258081,62.4996,61.5114,424,22042,0.0484843,0.05,1,3154285,3153861,424
243261001,83.1998,84.0046,422,22138,0.0373937,0.03,1,3154382,3153960,422
243263921,68.6799,68.4018,423,22234,0.0569575,0.01,1,3154441,3154018,423
243266841,59.272,59.7607,422,22329,0.022783,0.03,1,3154494,3154072,422
243269761,44.1088,44.3043,422,22424,0.0271132,0,1,3154528,3154106,422
243272681,32.0435,32.1217,422,22519,0.0288453,0,1,3154552,3154130,422
243275601,71.6174,12.8487,520,22613,0.0295381,0.07,1,3154650,3154130,520
243278521,62.247,64.5395,477,22707,0.0298152,0.05,1,3154706,3154229,477
243281441,83.0988,59.4158,518,22800,0.0179261,0.03,1,3154803,3154285,518
243284361,69.2395,81.9663,481,22893,0.0251704,0.07,1,3154863,3154382,481
243287281,58.8958,68.1865,474,22986,0.0520682,0,1,3154915,3154441,474
243290201,43.9583,59.0746,455,23078,0.0508273,0.03,1,3154949,3154494,455
243293121,31.9833,44.0298,445,23170,0.0383309,0.03,1,3154973,3154528,445
243296041,71.5933,32.0119,519,23261,0.0213324,0.03,1,3155071,3154552,519
243298961,62.8373,71.6048,478,23352,0.0265329,0.03,1,3155128,3154650,478
243301881,82.7349,62.2419,518,23443,0.0166132,0.01,1,3155224,3154706,518
243304801,69.694,83.0968,482,23533,0.0246453,0.03,1,3155285,3154803,482
243307721,59.0776,69.2387,474,23623,0.0278581,0.07,1,3155337,3154863,474
243313561,31.7724,43.9582,445,23802,0.0584573,0.03,1,3155394,3154949,445
243316481,72.109,31.9833,520,23891,0.0293829,0.01,1,3155493,3154973,520
243319401,63.0436,71.5933,479,23980,0.0297532,0.03,1,3155550,3155071,479
243322321,26.4174,62.8373,424,24068,0.0299013,0.01,1,3155552,3155128,424
243325241,68.167,82.7349,424,24156,0.0179605,0.03,1,3155648,3155224,424
243328161,63.2668,69.694,423,24244,0.0251842,0.03,1,3155708,3155285,423
243331081,57.1067,59.0776,424,24331,0.0400737,0.15,1,3155761,3155337,424
243334001,45.6427,43.431,429,24418,0.0340295,0.03,1,3155799,3155370,429
243336921,28.4571,31.7724,422,24505,0.0316118,0.01,1,3155816,3155394,422
243339841,71.3828,72.109,423,24591,0.0546447,0.03,1,3155916,3155493,423
243342761,62.7531,63.0436,423,24677,0.0638579,0.03,1,3155973,3155550,423
243345681,26.3013,26.4174,423,24763,0.0675432,0.01,1,3155975,3155552,423
243348601,67.5205,68.167,422,24849,0.0450173,0.03,1,3156070,3155648,422
243351521,63.6082,63.2668,423,24934,0.0360069,0.05,1,3156131,3155708,423
243354441,56.6433,57.1067,422,25019,0.0564028,0.03,1,3156183,3155761,422
243357361,46.0573,45.6427,423,25104,0.0285611,0.03,1,3156222,3155799,423
243360281,28.0229,28.4571,422,25188,0.0414244,0.07,1,3156238,3155816,422
243363201,71.8092,71.3828,423,25272,0.0465698,0.07,1,3156339,3155916,423
243366121,62.9237,62.7531,423,25356,0.0486279,0.07,1,3156396,3155973,423
243369041,26.3695,26.3013,423,25440,0.0254512,0.07,1,3156398,3155975,423
243371961,66.3478,10.5205,516,25523,0.0281805,0.03,1,3156491,3155975,516
243374881,63.1391,61.2082,482,25606,0.0292722,0.03,1,3156552,3156070,482
243377801,57.0556,61.0833,474,25689,0.0297089,0.07,1,3156605,3156131,474
243380721,46.8223,55.6333,462,25771,0.0658835,0.01,1,3156645,3156183,462
243398241,63.73,66.3437,483,26260,0.0659435,0.03,1,3156974,3156491,483
243401161,57.892,63.1375,476,26341,0.0443774,0.03,1,3157028,3156552,476
243404081,50.1568,57.055,468,26421,0.095751,0.09,1,3157073,3156605,468
243412841,63.594,71.4515,486,26661,0.219008,0.17,1,3157246,3156760,486
243415761,26.6376,62.7806,431,26740,0.237603,0.17,1,3157248,3156817,431
243418681,64.055,26.3122,518,26819,0.257041,0.09,1,3157337,3156819,518
243439121,65.4942,63.594,434,27368,0.203829,0.25,1,3157680,3157246,434
243442041,27.3977,26.6376,434,27445,0.207531,0.27,1,3157682,3157248,434
243444961,64.9591,64.055,435,27522,0.221013,0.13,1,3157772,3157337,435
243447881,56.5836,61.022,427,27599,0.238405,0.15,1,3157823,3157396,427
243450801,23.8335,25.6088,427,27676,0.245362,0.09,1,3157825,3157398,427
243453721,42.5334,43.2435,427,27753,0.272145,0.21,1,3157880,3157453,427
243456641,47.6134,46.0974,430,27829,0.246858,0.17,1,3157931,3157501,430
243459561,27.4453,26.839,430,27905,0.212743,0.21,1,3157945,3157515,430
243462481,74.5781,73.7356,431,27981,0.247097,0.21,1,3158051,3157620,431
243488761,76.9125,26.5301,541,28654,0.422249,0.27,1,3158486,3157945,541
243517961,72.0242,76.9124,511,29385,0.775137,0.53,2,3158997,3158486,511
243520881,30.0097,67.9649,451,29457,0.784055,0.49,2,3158999,3158548,451
243672721,55.2157,63.5611,486,32986,0.93592,1,2,3161452,3160966,486
243707761,46.7425,52.0863,463,33748,0.261998,0.63,1,3161965,3161502,463
243710681,42.097,50.2345,453,33811,0.266799,0.63,1,3162004,3161551,453
243713601,35.4388,41.0938,449,33874,0.25672,0.57,1,3162035,3161586,449
243716521,32.7755,36.2375,447,33936,0.216688,0.47,1,3162066,3161619,447
243719441,29.3102,32.495,444,33998,0.236675,0.47,1,3162093,3161649,444
243722361,28.5241,30.998,442,34060,0.23267,0.31,1,3162121,3161679,442
243725281,68.4096,70.5992,440,34122,0.207068,0.33,1,3162216,3161776,440
243728201,39.9639,41.4397,439,34184,0.232827,0.37,1,3162237,3161798,439
243731121,40.5855,39.9759,441,34246,0.231131,0.37,1,3162278,3161837,441
243734041,28.2342,15.9903,461,34308,0.230452,0.35,1,3162298,3161837,461
243736961,42.4937,20.7961,489,34370,0.254181,0.33,1,3162350,3161861,489
243739881,45.7975,42.5185,480,34432,0.287672,0.21,1,3162398,3161918,480
243745721,34.4476,41.483,462,34554,0.258428,0.25,1,3162466,3162004,462
243748641,32.379,35.1932,462,34615,0.289371,0.19,1,3162497,3162035,462
243757401,67.7843,28.5084,525,34798,0.41044,0.19,1,3162646,3162121,525
243760321,41.5137,68.4033,454,34859,0.422176,0.25,1,3162670,3162216,454
243763241,39.4055,39.9613,471,34920,0.43887,0.23,1,3162708,3162237,471
243845001,43.7053,42.258,454,36577,0.908385,0.71,2,3163775,3163321,454
244028961,40.0344,43.2349,485,40054,0.930246,1,2,3166206,3165721,485
244034801,38.8055,13.6376,535,40160,0.774039,1,2,3166284,3165749,535
244046481,47.467,62.1107,516,40370,0.205815,1,1,3166439,3165923,516
244049401,39.9868,46.4443,515,40422,0.0883262,1,1,3166474,3165959,515
244052321,36.3947,38.3777,516,40474,0.0413305,1,1,3166508,3165992,516
244055241,40.9579,39.9511,519,40526,0.0345322,0.99,1,3166552,3166033,519
244058161,28.3832,37.5804,503,40578,0.0198129,1,1,3166572,3166069,503
244061081,26.3533,33.0322,498,40630,0.0499252,1,1,3166597,3166099,498
244064001,33.9413,25.2129,517,40682,0.0499701,0.96,1,3166636,3166119,517
244066921,35.7765,37.0851,509,40734,0.025988,0.9,1,3166673,3166164,509
244069841,33.5106,40.0341,499,40786,0.0283952,0.83,1,3166705,3166206,499
244072761,31.4042,40.0136,489,40838,0.0173581,0.71,1,3166735,3166246,489
244075681,24.5617,38.8054,471,40890,0.0369432,0.65,1,3166755,3166284,471
244078601,19.4247,29.9222,463,40942,0.0327773,0.49,1,3166771,3166308,463
244081521,40.1699,25.1689,495,40994,0.0191109,0.25,1,3166825,3166330,495
244084441,37.6679,46.6676,470,41045,0.0856444,0.09,1,3166861,3166391,470
244087361,36.0672,47.467,457,41096,0.0402577,0.01,1,3166896,3166439,457
244090281,34.8269,39.9868,456,41147,0.0341031,0.01,1,3166930,3166474,456
244093201,39.7307,36.3947,465,41198,0.0316412,0.03,1,3166973,3166508,465
244096121,27.8923,40.9579,441,41249,0.0426565,0.01,1,3166993,3166552,441
244099041,27.9569,28.3832,449,41300,0.0230626,0.07,1,3167021,3166572,449
244101961,35.1828,26.3533,464,41351,0.063225,0.05,1,3167061,3166597,464
244104881,34.4731,33.9413,459,41402,0.05529,0.01,1,3167095,3166636,459
244107801,33.5892,35.7765,455,41453,0.064116,0.03,1,3167128,3166673,455
244110721,31.4357,33.5106,453,41504,0.0436464,0.01,1,3167158,3166705,453
244113641,13.7743,31.4042,425,41555,0.0354586,0.05,1,3167160,3166735,425
244116561,16.9097,24.5617,424,41606,0.0921834,0.03,1,3167179,3166755,424
244119481,16.3639,19.4247,424,41657,0.0668734,0.01,1,3167195,3166771,424
244122401,38.3456,40.1699,423,41708,0.0807493,0.13,1,3167248,3166825,423
244139921,29.3919,27.9569,425,42010,0.0453087,0.09,1,3167446,3167021,425
244142841,36.9568,35.1828,427,42060,0.0601235,0.05,1,3167488,3167061,427
244145761,33.3827,34.4731,424,42110,0.0540494,0.07,1,3167519,3167095,424
244148681,32.5531,33.5892,423,42160,0.0636198,0.03,1,3167551,3167128,423
244151601,32.2212,31.4357,425,42210,0.0674479,0.03,1,3167583,3167158,425
244154521,14.0885,13.7743,425,42260,0.0689792,0.13,1,3167585,3167160,425
244157441,17.6354,16.9097,426,42310,0.0815917,0.05,1,3167605,3167179,426
244160361,15.4542,16.3639,424,42360,0.0986367,0.09,1,3167619,3167195,424
244166201,42.1927,39.3382,429,42460,0.0889819,0.17,1,3167717,3167288,429
244180801,28.2538,29.3919,422,42709,0.0925048,0.07,1,3167868,3167446,422
244198321,18.1793,17.6354,424,43003,0.205256,0.09,1,3168029,3167605,424
244201241,15.6717,7.05416,438,43052,0.208103,0.11,1,3168043,3167605,438
244204161,38.6687,11.2217,478,43101,0.221241,0.13,1,3168097,3167619,478
244207081,41.2675,36.2887,468,43150,0.250496,0.07,1,3168140,3167672,468
244210001,35.707,41.5155,455,43199,0.238199,0.11,1,3168172,3167717,455
244212921,34.6828,35.2062,458,43248,0.269279,0.11,1,3168206,3167748,458
244215841,38.4731,34.4825,465,43297,0.269712,0.13,1,3168247,3167782,465
244218761,24.3892,37.793,440,43346,0.293885,0.13,1,3168262,3167822,440
244239201,19.0841,13.9481,452,43686,0.409929,0.21,1,3168460,3168008,452
244242121,16.0337,18.1793,445,43734,0.421971,0.21,1,3168474,3168029,445
244245041,39.4135,15.6717,486,43782,0.414789,0.23,1,3168529,3168043,486
244247961,41.5654,38.6687,475,43830,0.435915,0.27,1,3168572,3168097,475
244250881,35.8262,41.2675,464,43878,0.444366,0.23,1,3168604,3168140,464
244329721,39.4464,38.9644,446,45159,0.76907,0.49,2,3169416,3168970,446
244332641,16.9786,16.7858,446,45206,0.781628,0.53,2,3169418,3168972,446
244335561,34.3914,33.1143,448,45253,0.786651,0.53,2,3169464,3169016,448
244347241,27.8612,25.8125,454,45440,0.798938,0.63,2,3169600,3169146,454
244350161,27.9445,27.725,453,45486,0.793575,0.67,2,3169628,3169175,453
244373521,40.7706,39.4464,459,45854,0.924783,0.79,2,3169875,3169416,459
244376441,17.5082,16.9786,459,45900,0.939913,0.79,2,3169877,3169418,459
244653841,65.5539,69.8775,515,23730,0.771357,0.63,2,3173291,3172776,515
244656761,70.0216,65.751,525,23819,0.794543,0.59,2,3173364,3172839,525
244665521,42.6654,51.0081,454,24085,0.911731,0.69,2,3173449,3172995,454
244668441,77.0662,79.2032,456,24173,0.946692,0.73,2,3173549,3173093,456
244671361,71.0265,70.6813,458,24261,0.948677,0.77,2,3173616,3173158,458
244750201,55.3516,71.5989,526,26518,0.947632,1,2,3175232,3174706,526
244753121,48.5407,70.0396,501,26598,0.925053,1,2,3175276,3174775,501
244758961,38.1265,33.6463,522,26757,0.914808,1,2,3175350,3174828,522
244761881,69.2506,35.0585,576,26836,0.947923,0.95,2,3175440,3174864,576
244910801,43.5379,42.8889,487,30599,0.927662,1,2,3178090,3177603,487
245088921,42.6961,58.9979,502,34563,0.9148,1,2,3180850,3180348,502
245091841,60.8784,46.9992,536,34624,0.91192,1,2,3180923,3180387,536
245109361,28.625,29.2544,507,34990,0.911475,1,2,3181096,3180589,507
245112281,52.25,28.5018,547,35050,0.93459,1,2,3181164,3180617,547
245115201,71.9,57.0007,556,35110,0.919836,0.95,2,3181249,3180693,556
245118121,48.56,72.6003,506,35170,0.937934,0.94,2,3181282,3180776,506
245249521,34.5088,27.2187,529,37779,0.938646,1,2,3183051,3182522,529
245252441,31.2035,21.0875,541,37835,0.933459,1,2,3183080,3182539,541
245258281,51.0726,65.414,518,37947,0.762553,1,2,3183191,3182673,518
245284561,31.8742,33.7719,502,38445,0.41649,0.91,1,3183518,3183016,502
245310841,30.5065,34.5847,445,38937,0.296739,0.53,1,3183846,3183401,445
245313761,27.2026,27.0339,448,38991,0.280696,0.51,1,3183871,3183423,448
245316681,25.881,28.2136,444,39045,0.262278,0.41,1,3183896,3183452,444
245319601,28.3524,31.6854,440,39099,0.254911,0.39,1,3183926,3183486,440
245322521,31.141,31.8742,441,39153,0.263965,0.35,1,3183959,3183518,441
245325441,29.2564,30.1497,440,39207,0.231586,0.35,1,3183987,3183547,440
245328361,42.3026,43.8599,438,39261,0.242634,0.31,1,3184038,3183600,438
245331281,46.321,47.5439,437,39315,0.295054,0.31,1,3184087,3183650,437
245345881,46.0138,46.2664,436,39583,0.405962,0.29,1,3184262,3183826,436
245348801,31.0055,30.5065,437,39636,0.444385,0.27,1,3184283,3183846,437
245351721,26.2022,27.2026,435,39689,0.447754,0.25,1,3184306,3183871,435
245354641,23.6809,25.881,432,39742,0.449102,0.25,1,3184328,3183896,432
245418881,43.5824,41.9867,492,40895,0.774781,0.57,2,3185102,3184610,492
245421801,50.433,42.5947,504,40947,0.795912,0.59,2,3185157,3184653,504
245459761,34.6661,43.5824,462,41611,0.937312,0.81,2,3185564,3185102,462
245462681,46.8664,50.433,462,41662,0.932925,0.83,2,3185619,3185157,462
245465601,32.5466,33.3732,463,41713,0.93117,0.87,2,3185642,3185179,463
245468521,27.4186,26.5493,465,41764,0.930468,0.87,2,3185666,3185201,465
245471441,24.1675,23.8197,465,41815,0.930187,0.87,2,3185688,3185223,465
245608681,41.1803,39.2441,520,44123,0.751108,1,2,3187299,3186779,520
245620361,34.3374,34.1486,515,44315,0.269452,1,1,3187445,3186930,515
245626201,27.934,30.4238,512,44411,0.0779124,1,1,3187501,3186989,512
245629121,29.1736,36.7695,501,44458,0.0371649,1,1,3187531,3187030,501
245632041,27.2694,29.7078,502,44505,0.032866,1,1,3187557,3187055,502
245634961,23.5078,32.2831,489,44552,0.0311464,0.92,1,3187578,3187089,489
245637881,20.2031,31.5132,476,44599,0.0424586,1,1,3187596,3187120,476
245640801,25.4812,30.6053,475,44646,0.0469834,1,1,3187625,3187150,475
245643721,29.3925,31.4421,475,44693,0.0727934,1,1,3187657,3187182,475
245646641,29.757,32.3768,472,44740,0.0351173,0.79,1,3187687,3187215,472
245649561,31.1028,36.9507,464,44787,0.0560469,0.67,1,3187719,3187255,464
245652481,31.0411,41.1803,451,44834,0.0404188,0.51,1,3187750,3187299,451
245655401,36.4164,45.2721,443,44881,0.0341675,0.39,1,3187790,3187347,443
245658321,31.3666,36.1088,441,44928,0.043667,0.33,1,3187818,3187377,441
245661241,29.3466,34.8435,435,44975,0.0474668,0.19,1,3187846,3187411,435
245664161,30.9387,34.3374,433,45022,0.0489867,0.07,1,3187878,3187445,433
245667081,24.9755,32.335,423,45069,0.0615947,0.03,1,3187899,3187476,423
245670001,26.7902,27.934,426,45116,0.0546379,0.01,1,3187927,3187501,426
245672921,26.9161,29.1736,423,45163,0.0638551,0.03,1,3187954,3187531,423
245675841,25.7664,27.2694,422,45210,0.0915421,0.03,1,3187979,3187557,422
245678761,23.5066,23.5078,423,45257,0.0786168,0.05,1,3188001,3187578,423
245681681,19.6026,20.2031,422,45304,0.0854467,0.05,1,3188018,3187596,422
245684601,25.8411,25.4812,423,45351,0.0521787,0.09,1,3188048,3187625,423
245687521,29.5364,29.3925,423,45398,0.0748715,0.01,1,3188080,3187657,423
245690441,29.2146,29.757,422,45444,0.0719486,0.07,1,3188109,3187687,422
245693361,31.4858,31.1028,423,45490,0.0587794,0.03,1,3188142,3187719,423
245696281,30.5943,31.0411,422,45536,0.0535118,0.03,1,3188172,3187750,422
245699201,36.2377,36.4164,422,45582,0.0754047,0.05,1,3188212,3187790,422
245702121,32.4951,31.3666,424,45628,0.0601619,0.05,1,3188242,3187818,424
245705041,28.598,29.3466,422,45674,0.0300648,0.05,1,3188268,3187846,422
245707961,31.8392,30.9387,424,45720,0.0660259,0.07,1,3188302,3187878,424
245710881,24.1357,24.9755,422,45766,0.0684104,0.05,1,3188321,3187899,422
245713801,27.0543,26.7902,423,45812,0.0573641,0.07,1,3188350,3187927,423
245716721,27.0217,26.9161,423,45858,0.0649457,0.11,1,3188377,3187954,423
245719641,25.2087,25.7664,422,45904,0.0559783,0.07,1,3188401,3187979,422
245722561,23.8835,23.5066,423,45950,0.0283913,0.07,1,3188424,3188001,423
245725481,20.9534,9.40263,442,45996,0.0173565,0.09,1,3188443,3188001,442
245728401,23.9814,13.9611,451,46042,0.0249426,0.03,1,3188469,3188018,451
245731321,29.9925,23.5844,455,46088,0.027977,0.09,1,3188503,3188048,455
245734241,28.197,28.6338,450,46134,0.0291908,0.07,1,3188530,3188080,450
245737161,32.2788,28.8535,456,46180,0.0416763,0.05,1,3188565,3188109,456
245740081,29.7115,31.3414,451,46226,0.0586705,0.05,1,3188593,3188142,451
245743001,35.8846,30.5366,461,46272,0.0654682,0.09,1,3188633,3188172,461
245745921,32.3538,36.2146,451,46318,0.0561873,0.05,1,3188663,3188212,451
245748841,28.5415,32.4858,447,46364,0.0524749,0.01,1,3188689,3188242,447
245751761,33.0166,28.5943,457,46409,0.06299,0.09,1,3188725,3188268,457
245754681,23.4066,31.8377,440,46454,0.079196,0.07,1,3188742,3188302,440
245757601,26.7627,24.1351,450,46499,0.0616784,0.05,1,3188771,3188321,450
245760521,28.1051,27.054,450,46544,0.0906714,0.07,1,3188800,3188350,450
245763441,24.442,27.0216,445,46589,0.0782685,0.05,1,3188822,3188377,445
245766361,23.5768,25.2086,444,46634,0.0493074,0.01,1,3188845,3188401,444
245769281,21.4307,23.8835,441,46679,0.037723,0.01,1,3188865,3188424,441
245772201,23.5723,20.9534,447,46724,0.0690892,0.03,1,3188890,3188443,447
245775121,30.4289,23.9814,456,46769,0.0576357,0.03,1,3188925,3188469,456
245778041,27.7716,29.9925,448,46814,0.0650543,0.03,1,3188951,3188503,448
245780961,33.3086,28.197,458,46859,0.0560217,0.05,1,3188988,3188530,458
245783881,30.1235,32.2788,451,46904,0.0884087,0.07,1,3189016,3188565,451
245804321,28.6905,26.7627,453,47219,0.0997848,0.11,1,3189224,3188771,453
245807241,22.8762,28.1051,443,47264,0.0939139,0.07,1,3189243,3188800,443
245810161,23.5505,24.442,445,47309,0.0675656,0.03,1,3189267,3188822,445
245813081,21.4202,23.5768,442,47354,0.0570262,0.03,1,3189287,3188845,442
245816001,9.76808,21.4307,424,47399,0.0528105,0.09,1,3189289,3188865,424
245818921,19.5072,23.5723,425,47443,0.0751242,0.05,1,3189315,3188890,425
245827681,33.9125,33.3086,425,47575,0.0952879,0.11,1,3189413,3188988,425
245830601,32.165,30.1235,428,47619,0.0921152,0.11,1,3189444,3189016,428
245865641,21.6312,19.5072,426,48147,0.222399,0.13,1,3189741,3189315,426
245868561,29.0525,28.2029,426,48191,0.262959,0.15,1,3189775,3189349,426
245871481,27.221,26.2812,427,48235,0.291184,0.07,1,3189801,3189374,427
245938641,23.5373,34.7895,452,49229,0.43752,0.31,1,3190458,3190006,452
246037921,25.9934,25.589,456,50665,0.903976,0.69,2,3191384,3190928,456
246040841,28.3974,28.2356,456,50707,0.919591,0.69,2,3191414,3190958,456
246043761,22.7589,22.0942,457,50749,0.949836,0.73,2,3191433,3190976,457
246046681,23.5036,23.8377,456,50791,0.937935,0.69,2,3191457,3191001,456
246049601,21.4014,21.5351,456,50832,0.933174,0.69,2,3191477,3191021,456
246252541,32.2227,26.1153,531,53652,0.944464,1,2,3193462,3192931,531
246264221,309.889,348.246,463,24820,0.443786,0.43,1,3193957,3193494,463
246310941,176.156,205.298,440,24820,0.207514,0.41,1,3194044,3193604,440
246316781,76.0649,75.3278,464,24990,0.0992023,0.03,1,3194146,3193682,464
246319701,77.826,83.5311,454,25075,0.0696809,0.07,1,3194225,3193771,454
246322621,51.5304,62.2124,440,25160,0.0338724,0.05,1,3194259,3193819,440
246325541,58.4122,72.285,424,25244,0.0555489,0.03,1,3194322,3193898,424
246328461,41.3649,46.314,425,25328,0.0642196,0.07,1,3194352,3193927,425
246331381,33.9459,29.3256,436,25412,0.0676878,0.07,1,3194381,3193945,436
246334301,51.3784,41.1302,450,25495,0.0930751,0.05,1,3194444,3193994,450
246337221,56.5514,46.4521,460,25578,0.0792301,0.05,1,3194504,3194044,460
246340141,61.6205,40.7808,488,25661,0.097692,0.09,1,3194569,3194081,488
246348901,56.6717,48.21,485,25908,0.0842523,0.07,1,3194744,3194259,485
246351821,40.6687,57.084,452,25990,0.0997009,0.07,1,3194774,3194322,452
246366421,71.8366,61.6069,504,26396,0.226343,0.15,1,3195073,3194569,504
246369341,49.7346,71.4428,461,26476,0.252537,0.09,1,3195108,3194647,461
246372261,55.8939,50.1771,485,26556,0.287015,0.07,1,3195168,3194683,485
246386861,24.2632,55.9788,432,26953,0.401214,0.21,1,3195360,3194928,432
246389781,50.5053,62.5915,433,27032,0.430486,0.25,1,3195428,3194995,433
246392701,67.6021,71.8366,434,27110,0.430194,0.27,1,3195507,3195073,434
246442341,54.4349,51.9566,453,28409,0.756694,0.63,2,3196325,3195872,453
246445261,69.1739,20.7827,532,28484,0.752678,0.71,2,3196404,3195872,532
246448181,49.2696,55.1131,490,28558,0.751071,0.69,2,3196440,3195950,490
246454021,45.0831,57.2981,488,28706,0.757371,0.67,2,3196541,3196053,488
246456941,37.2333,43.9192,485,28780,0.776949,0.71,2,3196573,3196088,485
246462781,60.9173,54.6671,520,28927,0.907912,0.71,2,3196706,3196186,520
246465701,25.5669,59.6668,459,29000,0.933165,0.75,2,3196708,3196249,459
246637981,72.8177,72.3677,487,33030,0.94,1,2,3199578,3199091,487
246646741,58.3003,58.6795,497,33222,0.76456,1,2,3199728,3199231,497
246664261,25.4747,29.8608,491,33602,0.41055,1,1,3199922,3199431,491
246673021,50.6624,56.1271,467,33791,0.289555,0.77,1,3200090,3199623,467
246675941,38.865,45.2508,460,33854,0.265822,0.73,1,3200121,3199661,460
246678861,53.946,58.3003,457,33916,0.232329,0.71,1,3200185,3199728,457
246681781,43.7784,47.9201,453,33978,0.206932,0.65,1,3200222,3199769,453
246684701,37.9114,43.1681,447,34040,0.208773,0.53,1,3200256,3199809,447
246687621,33.1645,34.6672,448,34102,0.221509,0.57,1,3200286,3199838,448
246699301,31.2042,17.7499,478,34350,0.204919,0.33,1,3200400,3199922,478
246702221,61.6817,32.3,518,34412,0.219967,0.29,1,3200482,3199964,518
246705141,48.6727,63.92,473,34473,0.261987,0.27,1,3200522,3200049,473
246708061,36.8691,50.168,461,34534,0.278795,0.25,1,3200551,3200090,461
246716821,37.5196,43.7468,462,34717,0.429923,0.21,1,3200684,3200222,462
246786901,38.2794,37.2216,454,36151,0.752076,0.65,2,3201616,3201162,454
246789821,32.7117,32.2886,454,36209,0.75083,0.65,2,3201645,3201191,454
246792741,32.2847,32.1155,454,36267,0.750332,0.65,2,3201677,3201223,454
246795661,21.3139,21.2462,454,36325,0.750133,0.65,2,3201691,3201237,454
246798581,31.9256,31.2985,455,36383,0.774053,0.65,2,3201730,3201275,455
246801501,13.9702,13.7194,455,36441,0.783621,0.71,2,3201732,3201277,455
246816101,46.9402,46.496,456,36731,0.908533,0.75,2,3201999,3201543,456
246824861,32.1882,32.7117,457,36903,0.913266,0.75,2,3202102,3201645,457
246827781,33.2753,32.2847,459,36960,0.935306,0.75,2,3202136,3201677,459
246830701,21.7101,21.3139,459,37017,0.944123,0.79,2,3202150,3201691,459
246953341,37.2303,35.1865,491,39343,0.94168,1,2,3203778,3203287,491
246956261,29.2921,27.2746,493,39397,0.922672,1,2,3203802,3203309,493
246962101,45.6067,45.8839,486,39505,0.775227,1,2,3203902,3203416,486
246967941,38.7371,39.1414,486,39611,0.444436,1,1,3203982,3203496,486
246979621,28.5965,28.746,491,39823,0.26237,1,1,3204102,3203611,491
246982541,24.0386,33.0984,476,39876,0.242948,0.98,1,3204123,3203647,476
246991301,33.5785,37.2303,465,40035,0.0897087,0.91,1,3204243,3203778,465
246994221,26.6314,29.2921,463,40088,0.0538835,0.91,1,3204265,3203802,463
246997141,38.8526,11.7168,510,40141,0.0275534,0.79,1,3204312,3203802,510
247000061,42.541,36.4867,502,40194,0.0770214,0.73,1,3204357,3203855,502
247002981,37.4164,42.7947,489,40247,0.0728085,0.41,1,3204391,3203902,489
247005901,35.3666,44.7179,477,40299,0.0831234,0.37,1,3204425,3203948,477
247011741,27.7386,34.5149,464,40403,0.0984997,0.37,1,3204478,3204014,464
247026341,35.7378,42.6136,457,40663,0.205537,0.09,1,3204635,3204178,457
247029261,32.8951,37.4454,454,40715,0.220215,0.07,1,3204666,3204212,454
247032181,25.158,33.5782,443,40767,0.250086,0.03,1,3204686,3204243,443
247035101,38.8632,26.6313,469,40819,0.214034,0.01,1,3204734,3204265,469
247038021,43.7453,38.8525,469,40871,0.223614,0.11,1,3204781,3204312,469
247040941,37.8981,42.541,458,40923,0.251446,0.07,1,3204815,3204357,458
247043861,36.1592,37.4164,459,40975,0.250578,0.09,1,3204850,3204391,459
247046781,33.0637,35.3666,456,41027,0.262231,0.13,1,3204881,3204425,456
247049701,27.6255,30.3466,453,41078,0.290893,0.09,1,3204905,3204452,453
247081821,28.0153,37.8981,435,41639,0.449488,0.25,1,3205250,3204815,435
247084741,31.6061,36.1592,434,41690,0.449795,0.27,1,3205284,3204850,434
247102261,41.8288,41.9152,439,41993,0.440042,0.37,1,3205474,3205035,439
247105181,37.1315,35.9661,441,42043,0.434017,0.37,1,3205508,3205067,441
247108101,34.0526,34.1864,440,42093,0.431607,0.37,1,3205540,3205100,440
247111021,24.421,24.4746,440,42143,0.442643,0.39,1,3205558,3205118,440
247160661,20.5275,19.6109,447,42986,0.76176,0.49,2,3206106,3205659,447
247175261,30.5865,27.1288,484,43231,0.770818,0.69,2,3206269,3205785,484
247178181,28.4346,29.4515,480,43280,0.770327,0.69,2,3206296,3205816,480
247181101,23.3738,27.3806,474,43329,0.794131,0.67,2,3206316,3205842,474
247433681,322.615,359.612,470,20440,0.406,0.88,1,3209148,3208678,470
247448281,82.2972,74.133,474,21666,0.0925254,0.03,1,3209530,3209056,474
247451201,40.7189,61.4532,434,21764,0.0430102,0.03,1,3209543,3209109,434
247454121,33.0875,38.3813,439,21861,0.0472041,0.05,1,3209571,3209132,439
247457041,64.235,75.9525,423,21958,0.0968816,0.05,1,3209656,3209233,423
247459961,68.894,72.381,425,22055,0.0687527,0.13,1,3209728,3209303,425
247480401,67.9915,56.2258,495,22720,0.220324,0.05,1,3210151,3209656,495
247483321,64.3966,65.6903,485,22813,0.23813,0.13,1,3210213,3209728,485
247486241,79.7586,61.0761,517,22906,0.269252,0.11,1,3210303,3209786,517
247489161,78.1035,79.0305,503,22999,0.293701,0.15,1,3210380,3209877,503
247500841,70.5291,64.9656,503,23365,0.424879,0.25,1,3210584,3210081,503
247538801,33.0005,33.0243,447,24518,0.755509,0.57,2,3211307,3210860,447
247550481,60.6432,61.3302,452,24862,0.771453,0.67,2,3211545,3211093,452
247559241,41.2252,40.5011,457,25117,0.901133,0.77,2,3211736,3211279,457
247562161,33.8901,33.0005,458,25201,0.942453,0.73,2,3211765,3211307,458
247565081,69.956,70.8002,456,25285,0.934981,0.73,2,3211859,3211403,456
247678961,56.6854,53.1383,490,28368,0.7636,1,2,3214039,3213549,490
247687721,38.7879,39.7609,512,28591,0.44319,1,1,3214166,3213654,512
247690641,53.9151,32.7043,548,28665,0.231276,1,1,3214230,3213682,548
247693561,46.1661,52.0817,524,28739,0.0985105,1,1,3214271,3213747,524
247696481,53.2664,49.6327,534,28813,0.0934042,1,1,3214329,3213795,534
247699401,41.7066,56.4531,507,28886,0.0673617,1,1,3214363,3213856,507
247702321,74.8826,45.9812,565,28959,0.0269447,0.79,1,3214460,3213895,565
247705241,51.553,80.1925,498,29032,0.0287779,0.69,1,3214496,3213998,498
247708161,48.2212,56.677,503,29105,0.0175111,0.67,1,3214542,3214039,503
247711081,34.8885,55.6708,474,29178,0.0250045,0.45,1,3214568,3214094,474
247714001,32.5554,44.4683,468,29251,0.0400018,0.37,1,3214599,3214131,468
247716921,44.8222,38.7873,486,29323,0.0700007,0.09,1,3214652,3214166,486
247719841,41.9289,53.9149,462,29395,0.0700003,0.01,1,3214692,3214230,462
247722761,52.1715,46.166,480,29467,0.0580001,0.09,1,3214751,3214271,480
247725681,41.2686,53.2664,456,29539,0.0772,0.05,1,3214785,3214329,456
247728601,74.7074,41.7066,519,29611,0.04888,0,1,3214882,3214363,519
247731521,52.083,74.8826,459,29682,0.025552,0.03,1,3214919,3214460,459
247734441,47.8332,51.553,468,29753,0.0402208,0.01,1,3214964,3214496,468
247737361,35.3333,48.2212,449,29824,0.0460883,0.03,1,3214991,3214542,449
247740281,15.3333,34.8885,425,29895,0.0724353,0.05,1,3214993,3214568,425
247743201,24.1333,32.5554,424,29966,0.0829741,0.09,1,3215023,3214599,424
247746121,41.4533,44.8222,424,30037,0.0991897,0.07,1,3215076,3214652,424
247749041,39.3813,41.9289,422,30107,0.0936759,0.05,1,3215114,3214692,422
247757801,73.7044,74.7074,423,30317,0.0448753,0.01,1,3215305,3214882,423
247760721,52.2818,52.083,424,30387,0.0479501,0.05,1,3215343,3214919,424
247763641,47.9127,47.8332,424,30457,0.04918,0.05,1,3215388,3214964,424
247766561,36.5651,35.3333,426,30526,0.061672,0.09,1,3215417,3214991,426
247769481,15.826,15.3333,426,30595,0.0426688,0.09,1,3215419,3214993,426
247772401,23.1304,24.1333,424,30664,0.0950675,0.11,1,3215447,3215023,424
247819121,51.3331,71.7842,466,31750,0.213668,0.19,1,3216193,3215727,466
247822041,47.5332,51.5137,473,31817,0.271467,0.19,1,3216238,3215765,473
247824961,37.6133,47.6055,459,31883,0.282587,0.19,1,3216269,3215810,459
247827881,16.2453,37.6422,430,31949,0.287035,0.19,1,3216271,3215841,430
247830801,23.2981,16.2569,456,32015,0.288814,0.13,1,3216299,3215843,456
247851241,50.0652,51.3331,481,32475,0.414882,0.31,1,3216674,3216193,481
247854161,38.0261,47.5332,466,32540,0.447953,0.29,1,3216704,3216238,466
247903801,52.3351,52.2221,449,33627,0.760113,0.61,2,3217345,3216896,449
247906721,43.734,43.0888,450,33690,0.790045,0.61,2,3217383,3216933,450
247915481,52.047,50.3737,455,33879,0.902803,0.71,2,3217572,3217117,455
247918401,40.6188,39.3495,456,33941,0.919121,0.67,2,3217605,3217149,456
247921321,17.4475,16.9398,456,34003,0.925649,0.73,2,3217607,3217151,456
247924241,23.779,24.7759,454,34065,0.916259,0.69,2,3217635,3217181,454
247927161,44.9116,44.1104,456,34127,0.936504,0.69,2,3217694,3217238,456
247930081,19.1646,18.8441,456,34189,0.944602,0.73,2,3217696,3217240,456
247935921,54.7863,12.1351,527,34313,0.946736,0.79,2,3217805,3217278,527
247938841,45.9145,45.054,500,34375,0.912694,0.81,2,3217845,3217345,500
247941761,77.7658,40.8216,561,34437,0.923078,0.89,2,3217944,3217383,561
247944681,56.3063,75.1286,505,34498,0.939231,0.87,2,3217986,3217481,505
248052721,42.6962,41.031,490,36698,0.90328,1,2,3219510,3219020,490
248061481,34.1966,42.778,485,36870,0.91341,1,2,3219600,3219115,485
248064401,29.8786,35.1112,482,36927,0.917364,1,2,3219627,3219145,482
248084841,60.6616,47.4006,549,37326,0.27346,0.93,1,3219961,3219412,549
248087761,39.8646,59.1602,508,37383,0.211384,0.87,1,3219987,3219479,508
248096521,32.5033,29.9223,508,37552,0.0963286,0.87,1,3220071,3219563,508
248099441,26.2013,34.1689,493,37608,0.0685314,0.92,1,3220093,3219600,493
248102361,29.0805,29.8676,497,37664,0.0814126,0.79,1,3220124,3219627,497
248105281,34.4322,33.547,499,37720,0.062565,0.79,1,3220162,3219663,499
248108201,43.1729,40.4188,503,37776,0.067026,0.61,1,3220211,3219708,503
248131561,31.6704,24.2583,463,38222,0.215058,0.07,1,3220496,3220033,463
248134481,26.4682,32.5033,448,38277,0.212023,0.05,1,3220519,3220071,448
248137401,26.7873,26.2013,453,38332,0.222809,0.09,1,3220546,3220093,453
248140321,33.5149,29.0805,460,38387,0.215124,0.05,1,3220584,3220124,460
248143241,45.206,34.4322,475,38442,0.224049,0.07,1,3220637,3220162,475
248146161,38.4824,43.1729,460,38497,0.23962,0.17,1,3220671,3220211,460
248149081,48.393,35.8692,484,38552,0.233848,0.13,1,3220726,3220242,484
248152001,33.7572,47.3477,453,38607,0.231539,0.19,1,3220750,3220297,453
248154921,14.7029,33.9391,430,38662,0.230616,0.15,1,3220752,3220322,430
248157841,46.6812,54.3756,430,38717,0.254246,0.19,1,3220820,3220390,430
248160761,36.0725,37.3503,433,38772,0.275699,0.21,1,3220849,3220416,433
248163681,28.829,29.9401,432,38826,0.296279,0.19,1,3220873,3220441,432
248178281,33.829,33.5149,432,39096,0.433546,0.23,1,3221016,3220584,432
248230841,14.9974,14.6638,446,40058,0.765777,0.53,2,3221631,3221185,446
248233761,46.799,5.86554,514,40111,0.756311,0.55,2,3221699,3221185,514
248236681,36.7196,43.1462,476,40164,0.752524,0.51,2,3221729,3221253,476
248248361,27.148,33.8885,472,40374,0.756689,0.57,2,3221840,3221368,472
248251281,28.2592,27.3554,478,40426,0.776675,0.59,2,3221869,3221391,478
248254201,37.1037,27.1422,494,40478,0.79667,0.65,2,3221912,3221418,494
248280481,22.2008,32.6878,472,40946,0.905727,0.71,2,3222231,3221759,472
248289241,28.7569,27.148,489,41100,0.913086,0.79,2,3222329,3221840,489
248292161,38.5027,28.2592,505,41151,0.947235,0.81,2,3222374,3221869,505
248295081,48.4011,37.1037,517,41202,0.924894,0.81,2,3222429,3221912,517
248298001,43.3604,48.4415,501,41253,0.915958,0.83,2,3222469,3221968,501
248442541,327.959,352.766,492,18980,0.43,0.17,1,3224245,3223753,492
248464441,369.984,418.907,427,18980,0.226,0.13,1,3224643,3224216,427
248470281,113.077,80.465,498,19925,0.09976,0.05,1,3224743,3224245,498
248473201,113.031,95.786,505,20031,0.057904,0,1,3224856,3224351,505
248476121,75.8124,106.114,443,20137,0.0651616,0.05,1,3224907,3224464,443
248479041,80.725,87.4458,452,20242,0.0680646,0.09,1,3224991,3224539,452
248481961,61.09,65.5783,449,20347,0.0572259,0.09,1,3225039,3224590,449
248490721,94.9658,63.165,535,20658,0.0653424,0.03,1,3225278,3224743,535
248493641,69.7863,93.066,475,20761,0.056137,0.07,1,3225331,3224856,475
248511161,90.4412,94.884,423,21367,0.217653,0.05,1,3225701,3225278,423
248514081,68.5765,69.7536,424,21466,0.237061,0.13,1,3225755,3225331,424
248517001,79.0306,77.1014,428,21565,0.244824,0.15,1,3225841,3225413,428
248519921,63.4122,62.0406,429,21663,0.25993,0.15,1,3225894,3225465,429
248522841,26.5649,26.0162,429,21761,0.241972,0.21,1,3225896,3225467,429
248525761,38.826,38.0065,430,21858,0.270789,0.21,1,3225943,3225513,430
248537441,80.4147,79.0306,434,22244,0.401924,0.27,1,3226275,3225841,434
248540361,63.3659,63.4122,433,22339,0.43077,0.23,1,3226327,3225894,433
248543281,26.5464,26.5649,433,22434,0.418308,0.29,1,3226329,3225896,433
248546201,40.6185,38.826,436,22529,0.449323,0.29,1,3226379,3225943,436
248549121,64.8474,15.5304,517,22623,0.449729,0.33,1,3226460,3225943,517
248578321,84.708,70.7331,540,23543,0.754989,0.61,2,3227166,3226626,540
248581241,66.2832,81.6933,505,23633,0.799996,0.61,2,3227220,3226715,505
248595841,79.4583,92.1748,458,24078,0.939181,0.71,2,3227472,3227014,458
248706801,36.3264,32.3251,522,27221,0.9496,1,2,3229670,3229148,522
248709721,53.5305,76.53,481,27299,0.94984,1,2,3229735,3229254,481
248715561,58.4849,67.4448,474,27454,0.777174,1,2,3229841,3229367,474
248765201,40.0736,47.8665,484,28736,0.782249,0.65,2,3230683,3230199,484
248768121,53.2294,38.9466,513,28810,0.7989,0.57,2,3230745,3230232,513
248782721,41.6196,62.5579,483,29175,0.901182,0.75,2,3231021,3230538,483
248785641,32.2479,40.0231,484,29248,0.930473,0.73,2,3231047,3230563,484
248788561,50.6991,32.2093,520,29320,0.942189,0.75,2,3231110,3230590,520
248791481,40.6797,47.6837,496,29392,0.946876,0.81,2,3231144,3230648,496
248893681,70.3047,55.7957,547,31815,0.9412,1,2,3232894,3232347,547
248896601,49.1219,67.9183,506,31881,0.92248,1,2,3232929,3232423,506
248908281,29.9903,25.5083,525,32145,0.769391,1,2,3233066,3232541,525
248922881,66.4713,49.7617,549,32473,0.228208,0.93,1,3233359,3232810,549
248928721,45.3154,49.1219,507,32603,0.0929133,0.79,1,3233436,3232929,507
248931641,34.9262,47.8487,488,32668,0.0791653,0.79,1,3233464,3232976,488
248957921,42.4505,45.7885,427,33246,0.267411,0.05,1,3233818,3233391,427
248960841,43.3802,45.3154,426,33310,0.268964,0.07,1,3233862,3233436,426
248963761,34.7521,34.9262,427,33373,0.269586,0.15,1,3233891,3233464,427
248966681,35.5008,33.7705,430,33436,0.293834,0.15,1,3233927,3233497,430
248972521,18.7601,19.0833,429,33562,0.283413,0.15,1,3233950,3233521,429
248975441,38.7041,38.8333,429,33625,0.287365,0.17,1,3234002,3233573,429
248978361,35.8816,36.5333,428,33688,0.288946,0.11,1,3234036,3233608,428
248995881,35.5401,34.7521,435,34063,0.404282,0.31,1,3234326,3233891,435
248998801,35.816,35.5008,435,34125,0.431713,0.31,1,3234362,3233927,435
249001721,15.5264,15.4003,435,34187,0.418685,0.27,1,3234364,3233929,435
249060121,35.671,45.9416,481,35404,0.756599,0.65,2,3235217,3234736,481
249063041,37.6684,36.3766,490,35464,0.78864,0.63,2,3235256,3234766,490
249080561,59.5176,62.938,458,35820,0.935097,0.73,2,3235456,3234998,458
249206121,34.3311,36.768,503,38275,0.949696,1,2,3237164,3236661,503
249214881,28.7172,36.8652,497,38440,0.762781,1,2,3237243,3236746,497
249232401,48.0506,49.7469,485,38770,0.295688,0.94,1,3237501,3237016,485
249235321,37.2202,46.2988,471,38824,0.256275,1,1,3237531,3237060,471
249244081,30.5581,34.3311,467,38986,0.0636816,0.85,1,3237631,3237164,467
249247001,23.6232,25.7324,466,39040,0.0434726,0.81,1,3237650,3237184,466
249249921,23.8493,28.293,460,39094,0.0233891,0.71,1,3237674,3237214,460
249252841,26.3397,28.7172,459,39148,0.0633556,0.71,1,3237702,3237243,459
249255761,26.1359,28.2869,457,39202,0.0913422,0.61,1,3237728,3237271,457
249258681,41.0544,47.9148,447,39256,0.0785369,0.53,1,3237779,3237332,447
249287881,23.4944,23.8493,422,39791,0.0973385,0.09,1,3238096,3237674,422
249290801,27.9978,26.3397,425,39844,0.0809354,0.11,1,3238127,3237702,425
249293721,26.1991,26.1359,424,39897,0.0983742,0.07,1,3238152,3237728,424
249311241,34.3263,34.2278,452,40215,0.21053,0.11,1,3238386,3237934,452
249314161,40.1305,30.4911,468,40268,0.258212,0.09,1,3238430,3237962,468
249317081,28.0522,37.9964,445,40320,0.277285,0.11,1,3238450,3238005,445
249320001,29.2209,26.5986,456,40372,0.296914,0.13,1,3238480,3238024,456
249325841,22.3153,22.6158,447,40476,0.295906,0.07,1,3238519,3238072,447
249328761,26.9261,23.4463,453,40528,0.292363,0.07,1,3238549,3238096,453
249331681,26.9705,27.9785,449,40580,0.278945,0.11,1,3238576,3238127,449
249355041,28.6875,40.1305,455,40996,0.405845,0.29,1,3238885,3238430,455
249375481,35.5274,43.7882,466,41353,0.414026,0.33,1,3239097,3238631,466
249381321,51.8844,26.3261,506,41455,0.405844,0.37,1,3239186,3238680,506
249384241,46.5538,50.7304,482,41506,0.420338,0.39,1,3239229,3238747,482
249387161,19.8215,45.4922,442,41557,0.426135,0.39,1,3239231,3238789,442
249390081,27.1286,36.7969,443,41608,0.440454,0.41,1,3239263,3238820,443
249433881,38.3852,37.2514,446,42362,0.770599,0.55,2,3239753,3239307,446
249436801,28.5541,26.9006,448,42412,0.77024,0.53,2,3239775,3239327,448
249439721,29.4216,28.7602,448,42462,0.794096,0.57,2,3239805,3239357,448
249445561,21.7475,21.6416,448,42562,0.783455,0.59,2,3239843,3239395,448
249451401,26.5196,26.2627,449,42662,0.798553,0.65,2,3239900,3239451,449
249463081,54.5877,52.4835,456,42858,0.924715,0.71,2,3240084,3239628,456
249731721,88.9966,73.75,504,21861,0.229676,0.09,1,3243431,3242927,504
249740481,56.8878,61.624,431,22151,0.401339,0.17,1,3243617,3243186,431
249778441,78.7567,79.2205,526,23365,0.795417,0.63,2,3244464,3243938,526
249790121,56.045,31.2456,526,23726,0.908123,0.67,2,3244650,3244124,526
249804721,52.9275,59.7027,464,24169,0.938186,0.87,2,3244975,3244511,464
249807641,51.771,53.2811,466,24257,0.921274,0.89,2,3245026,3244560,466
249810561,31.5084,32.1124,466,24344,0.92651,0.93,2,3245044,3244578,466
249813481,57.6034,56.045,469,24431,0.928604,0.99,2,3245119,3244650,469
249904001,30.2054,40.8277,492,26990,0.933999,1,2,3246917,3246425,492
250023721,81.661,88.318,481,30037,0.230284,1,1,3249124,3248643,481
250026641,53.6644,54.5272,484,30107,0.0921134,1,1,3249159,3248675,484
250029561,58.6658,45.8109,506,30177,0.0668454,1,1,3249221,3248715,506
250032481,38.4663,45.9244,485,30247,0.0327381,1,1,3249246,3248761,485
250035401,36.9865,39.3697,486,30317,0.0310953,0.93,1,3249282,3248796,486
250038321,41.7946,51.1479,472,30387,0.0124381,0.86,1,3249327,3248855,472
250041241,36.5178,43.2592,467,30457,0.0469752,0.81,1,3249360,3248893,467
250044161,35.6071,40.7037,463,30526,0.0367901,0.81,1,3249395,3248932,463
250047081,26.2429,31.8815,457,30595,0.044716,0.41,1,3249415,3248958,457
250050001,39.2971,51.1526,441,30664,0.0238864,0,1,3249463,3249022,441
250052921,66.1189,81.661,423,30733,0.0275546,0,1,3249547,3249124,423
250055841,47.4475,53.6644,423,30802,0.0290218,0.05,1,3249582,3249159,423
250058761,56.779,58.6658,424,30871,0.0656087,0.01,1,3249645,3249221,424
250064601,35.8446,36.9865,422,31008,0.0884974,0,1,3249704,3249282,422
250067521,41.3379,41.7946,422,31076,0.035399,0.07,1,3249749,3249327,422
250070441,36.3351,36.5178,422,31144,0.0321596,0.03,1,3249782,3249360,422
250073361,35.5341,35.6071,422,31212,0.0548638,0.05,1,3249817,3249395,422
250076281,26.8136,26.2429,423,31280,0.0519455,0.05,1,3249838,3249415,423
250079201,38.3254,10.4971,469,31348,0.0747782,0.01,1,3249884,3249415,469
250082121,65.7302,32.9989,505,31415,0.0299113,0.03,1,3249968,3249463,505
250085041,47.2921,63.5995,456,31482,0.0119645,0.03,1,3250003,3249547,456
250087961,59.7168,46.4398,489,31549,0.0107858,0.09,1,3250071,3249582,489
250090881,38.2867,56.3759,450,31616,0.0823143,0.15,1,3250095,3249645,450
250096721,40.3259,35.7801,466,31750,0.0491703,0,1,3250170,3249704,466
250099641,36.5304,41.3121,455,31817,0.0376681,0.03,1,3250204,3249749,455
250102561,35.0121,36.3248,456,31883,0.0570672,0.07,1,3250238,3249782,456
250105481,26.6049,35.5299,442,31949,0.0288269,0.05,1,3250259,3249817,442
250108401,40.6419,26.812,471,32015,0.0295308,0.09,1,3250309,3249838,471
250111321,64.8568,38.3248,506,32081,0.0298123,0,1,3250390,3249884,506
250114241,46.9427,65.7299,457,32147,0.0299249,0,1,3250425,3249968,457
250117161,59.5771,47.292,490,32213,0.04197,0.01,1,3250493,3250003,490
250120081,41.2308,59.7168,451,32279,0.046788,0.13,1,3250522,3250071,451
250131761,34.8091,36.5304,456,32540,0.0950378,0.07,1,3250660,3250204,456
250134681,26.5236,35.0121,443,32605,0.0560151,0.01,1,3250681,3250238,443
250137601,41.2095,26.6049,473,32670,0.040406,0.03,1,3250732,3250259,473
250140521,63.8838,40.6419,502,32735,0.0461624,0.03,1,3250811,3250309,502
250143441,26.7535,64.8568,423,32800,0.024465,0.03,1,3250813,3250390,423
250146361,31.1014,46.9427,422,32864,0.015786,0.05,1,3250847,3250425,422
250149281,53.8406,59.5771,423,32928,0.0243144,0.05,1,3250916,3250493,423
250152201,40.1362,41.2308,425,32992,0.0397258,0.15,1,3250947,3250522,425
250155121,35.8545,33.8923,429,33056,0.0338903,0.13,1,3250980,3250551,429
250158041,37.1418,37.5569,427,33120,0.0555561,0.09,1,3251018,3250591,427
250175561,26.4865,26.7535,423,33501,0.099674,0.01,1,3251236,3250813,423
250178481,30.3946,31.1014,422,33564,0.0578696,0.03,1,3251269,3250847,422
250181401,53.5578,53.8406,422,33627,0.0411478,0.05,1,3251338,3250916,422
250184321,41.2231,40.1362,424,33690,0.0344591,0.03,1,3251371,3250947,424
250187241,36.2893,35.8545,424,33753,0.0437836,0.07,1,3251404,3250980,424
250190161,37.9157,37.1418,425,33816,0.0235135,0.15,1,3251443,3251018,425
250193081,37.3663,35.2567,428,33879,0.0394054,0.13,1,3251480,3251052,428
250196001,35.3465,34.5027,428,33941,0.0337622,0.17,1,3251514,3251086,428
250198921,24.9386,24.6011,428,34003,0.0555049,0.15,1,3251532,3251104,428
250213521,53.5507,12.1578,492,34313,0.0898772,0.03,1,3251761,3251269,492
250216441,40.6203,46.2631,455,34375,0.0899509,0.03,1,3251793,3251338,455
250222281,37.2192,35.1221,460,34498,0.0947921,0.01,1,3251864,3251404,460
250225201,37.0877,37.4488,458,34559,0.0799169,0.05,1,3251901,3251443,458
250239801,26.415,61.2254,429,34864,0.203599,0.17,1,3252087,3251658,429
250242721,27.366,25.6902,455,34925,0.20744,0.15,1,3252115,3251660,455
250260241,37.0926,37.0877,462,35286,0.215081,0.13,1,3252363,3251901,462
250263161,25.6371,35.8351,445,35346,0.236033,0.11,1,3252381,3251936,445
250266081,45.0548,25.734,484,35406,0.292413,0.21,1,3252439,3251955,484
250301121,47.3152,45.0548,438,36117,0.404536,0.33,1,3252877,3252439,438
250304041,65.7261,64.2219,439,36176,0.431815,0.35,1,3252955,3252516,439
250374121,68.341,47.1449,530,37552,0.768082,0.53,2,3253847,3253317,530
250377041,28.5364,68.0579,450,37608,0.781233,0.59,2,3253849,3253399,450
250379961,28.8146,28.4232,477,37664,0.798493,0.61,2,3253878,3253401,477
250400401,40.8952,38.9447,495,38056,0.908649,0.69,2,3254140,3253645,495
250403321,27.1581,39.5779,473,38112,0.93346,0.69,2,3254158,3253685,473
250558081,30.0995,25.7324,516,40946,0.935198,1,2,3256116,3255600,516
250587281,30.1724,31.8228,502,41457,0.447291,1,1,3256494,3255992,502
250598961,21.2348,30.0995,468,41661,0.445419,0.77,1,3256584,3256116,468
250601881,58.8939,69.0398,457,41712,0.436167,0.65,1,3256668,3256211,457
250604801,44.5576,50.4159,454,41763,0.420467,0.61,1,3256703,3256249,454
250607721,33.423,36.9664,452,41814,0.426187,0.59,1,3256729,3256277,452
250610641,37.9692,40.5865,450,41864,0.428475,0.57,1,3256770,3256320,450
250613561,24.1877,28.8346,444,41914,0.44139,0.55,1,3256785,3256341,444
250686561,43.9042,57.867,484,43154,0.759248,0.65,2,3257597,3257113,484
250689481,33.1617,42.9468,477,43203,0.765699,0.63,2,3257623,3257146,477
250724521,60.8402,21.6514,544,43786,0.936166,0.75,2,3258022,3257478,544
251171281,91.0716,87.8261,462,24348,0.922403,0.85,2,3263503,3263041,462
251273481,60.1632,61.1407,488,27228,0.420687,1,1,3265503,3265015,488
251285161,52.9722,63.0004,463,27538,0.40125,0.75,1,3265669,3265206,463
251288081,71.5889,78.0002,459,27615,0.4185,0.61,1,3265753,3265294,459
251291001,41.2355,46.8001,454,27692,0.4494,0.61,1,3265774,3265320,454
251346481,56.6966,43.1227,515,29109,0.759625,0.63,2,3266734,3266219,515
251349401,47.8786,55.0491,494,29182,0.76585,0.63,2,3266776,3266282,494
251352321,59.3515,46.0196,521,29255,0.79234,0.71,2,3266843,3266322,521
251364001,55.7786,31.2741,527,29543,0.945388,0.73,2,3267014,3266487,527
251460361,52.7146,47.7289,534,31821,0.946,1,2,3268619,3268085,534
251472041,35.2087,38.3787,507,32085,0.771818,1,2,3268762,3268255,507
251483721,74.6821,57.5409,555,32349,0.448254,1,1,3268994,3268439,555
251486641,60.4729,78.2164,514,32414,0.413302,1,1,3269045,3268531,514
251512921,45.0157,50.2054,445,32996,0.429115,0.37,1,3269348,3268903,445
251583001,58.3349,69.8762,500,34502,0.767575,0.63,2,3270378,3269878,500
251585921,51.534,57.9505,497,34563,0.78103,0.63,2,3270425,3269928,497
251618041,52.5451,58.3349,508,35230,0.901524,0.79,2,3270886,3270378,508
251731921,39.3475,35.2891,511,37499,0.945816,1,2,3272416,3271905,511
251740681,33.6702,34.8745,507,37667,0.904612,1,2,3272523,3272016,507
251746521,24.1072,25.2599,503,37779,0.928338,1,2,3272568,3272065,503
251749441,30.0429,27.504,508,37835,0.941335,1,2,3272602,3272094,508
251799081,41.4061,46.8587,453,38775,0.775555,0.63,2,3273281,3272828,453
251802001,29.7624,34.3435,449,38829,0.772222,0.57,2,3273303,3272854,449
251828281,42.9087,42.0951,456,39315,0.91328,0.69,2,3273630,3273174,456
251831201,18.3635,18.038,456,39369,0.935312,0.75,2,3273632,3273176,456
251834121,49.9454,48.0152,459,39423,0.944125,0.81,2,3273703,3273244,459
251837041,42.7782,41.4061,460,39477,0.94765,0.77,2,3273741,3273281,460
251848721,41.1943,41.8408,461,39689,0.941108,0.85,2,3273880,3273419,461
251851641,35.0777,34.7363,462,39742,0.946443,0.85,2,3273911,3273449,462
251997641,35.2793,21.7337,517,42315,0.908464,1,2,3275713,3275196,517
252000561,30.9117,29.0935,511,42365,0.909386,1,2,3275741,3275230,511
252003481,23.7647,30.8374,498,42415,0.945754,1,2,3275760,3275262,498
252006401,31.1059,35.135,496,42465,0.936302,1,2,3275796,3275300,496
252023921,54.0852,48.7714,490,42763,0.765912,1,2,3276019,3275529,490
252032681,35.7175,42.7454,471,42910,0.774538,0.95,2,3276118,3275647,471
252044361,22.836,22.4447,484,43106,0.79498,0.97,2,3276225,3275741,484
252061881,40.3807,21.4976,513,43400,0.914079,0.81,2,3276414,3275901,513
252064801,55.7523,42.1991,523,43449,0.923632,0.73,2,3276480,3275957,523
252067721,38.5009,54.0796,488,43498,0.939453,0.67,2,3276507,3276019,488
252283801,86.4796,77.9203,518,21666,0.0913389,0.71,1,3279184,3278666,518
252286721,54.9918,79.1681,472,21764,0.0365355,0.65,1,3279218,3278746,472
252289641,37.5967,52.6673,463,21861,0.0446142,0.53,1,3279244,3278781,463
252292561,24.6387,40.2669,447,21958,0.0838457,0.35,1,3279260,3278813,447
252301321,76.7209,84.8731,425,22247,0.200486,0.05,1,3279526,3279101,425
252304241,79.8883,83.7492,424,22342,0.206194,0,1,3279608,3279184,424
252307161,52.3553,53.8997,424,22437,0.232478,0.05,1,3279642,3279218,424
252310081,37.7421,37.1599,426,22532,0.218991,0.05,1,3279670,3279244,426
252313001,24.0969,14.8639,441,22626,0.201596,0.11,1,3279685,3279244,441
252315921,86.4387,15.5456,553,22720,0.254639,0.17,1,3279813,3279260,553
252318841,69.9755,80.6182,488,22813,0.275855,0.17,1,3279872,3279384,488
252321761,78.3902,68.8473,511,22906,0.272342,0.23,1,3279956,3279445,511
252374321,39.8591,38.9116,454,24518,0.759943,0.63,2,3280994,3280540,454
252377241,25.5436,25.7646,453,24604,0.765977,0.63,2,3281010,3280557,453
252380161,11.4175,11.5058,453,24690,0.768391,0.67,2,3281012,3280559,453
252388921,80.6747,79.0484,458,24947,0.919177,0.75,2,3281298,3280840,458
252391841,85.6699,85.6194,457,25032,0.949671,0.75,2,3281387,3280930,457
252479441,79.356,90.6635,485,27457,0.93399,1,2,3283043,3282558,485
252494041,41.8017,41.7188,491,27840,0.759391,1,2,3283329,3282838,491
252534921,59.4461,71.4288,504,28886,0.774484,0.69,2,3284014,3283510,504
252546601,42.0914,50.7598,491,29178,0.900387,0.69,2,3284241,3283750,491
252549521,32.4366,41.9039,481,29251,0.930155,0.69,2,3284267,3283786,481
252663401,33.166,43.5301,500,31949,0.946,1,2,3286176,3285676,500
252669241,31.4666,22.2048,517,32081,0.94456,1,2,3286234,3285717,517
252672161,32.9866,26.2819,522,32147,0.941824,1,2,3286268,3285746,522
252715961,53.8881,58.7805,451,33120,0.763742,0.67,2,3286991,3286540,451
252718881,38.9552,40.9122,451,33184,0.767497,0.65,2,3287020,3286569,451
252721801,53.3821,52.3649,454,33248,0.780999,0.65,2,3287083,3286629,454
252724721,32.1528,33.5459,451,33312,0.7984,0.61,2,3287101,3286650,451
252733481,12.7618,12.3229,455,33501,0.785258,0.69,2,3287157,3286702,455
252748081,54.556,53.8881,459,33816,0.908166,0.77,2,3287450,3286991,459
252751001,39.8224,38.9552,460,33879,0.921266,0.79,2,3287480,3287020,460
252753921,53.129,53.3821,459,33941,0.938507,0.81,2,3287542,3287083,459
252902841,24.4626,23.0756,493,36984,0.918903,1,2,3289596,3289103,493
252908681,34.634,35.0121,483,37098,0.913825,1,2,3289658,3289175,483
252914521,84.1414,11.8419,600,37212,0.920212,1,2,3289801,3289201,600
252917441,49.8566,81.5368,499,37269,0.902085,1,2,3289828,3289329,499
252920361,43.3426,50.6147,508,37326,0.918834,0.99,2,3289867,3289359,508
252923281,48.5371,43.0459,522,37383,0.913534,1,2,3289919,3289397,522
253034241,40.158,43.9012,485,39474,0.94168,1,2,3291354,3290869,485
253060521,71.3095,76.9237,471,39952,0.402459,1,1,3291687,3291216,471
253066361,36.6095,37.9878,469,40058,0.271993,0.93,1,3291750,3291281,469
253075121,27.831,36.5112,489,40217,0.203408,0.85,1,3291843,3291354,489
253078041,32.1324,30.8045,497,40270,0.207363,0.63,1,3291878,3291381,497
253080961,30.853,38.1218,484,40322,0.220945,0.57,1,3291908,3291424,484
253083881,23.1412,35.0487,469,40374,0.250378,0.57,1,3291926,3291457,469
253086801,24.8565,27.8195,472,40426,0.298151,0.57,1,3291952,3291480,472
253101401,45.6808,71.3086,469,40686,0.404957,0.29,1,3292156,3291687,469
253110161,39.7396,31.4437,475,40842,0.438957,0.19,1,3292253,3291778,475
253116001,31.7983,27.831,465,40946,0.441033,0.21,1,3292308,3291843,465
253180241,47.0641,47.5288,447,42064,0.771697,0.51,2,3293045,3292598,447
253183161,32.0256,32.2115,447,42114,0.782679,0.55,2,3293067,3292620,447
253186081,30.8103,29.6846,449,42164,0.775072,0.63,2,3293097,3292648,449
253189001,44.1241,41.2738,453,42214,0.796029,0.63,2,3293150,3292697,453
253191921,18.8496,17.7095,453,42264,0.780411,0.67,2,3293152,3292699,453
253212361,26.1127,25.1265,456,42614,0.90208,0.73,2,3293353,3292897,456
253215281,20.0451,19.6506,456,42664,0.906832,0.77,2,3293369,3292913,456
253218201,68.018,66.6602,458,42713,0.944733,0.79,2,3293469,3293011,458
253241561,31.8298,24.7264,495,43105,0.948296,0.87,2,3293703,3293208,495
253244481,24.7319,29.0906,483,43154,0.937319,0.89,2,3293723,3293240,483
253247401,27.8928,23.6362,493,43203,0.944927,0.85,2,3293753,3293260,493
253381721,39.4058,35.8684,500,45397,0.929077,1,2,3295292,3294792,500
253384641,34.9623,31.7473,503,45443,0.941631,1,2,3295324,3294821,503
253402161,34.8954,33.0072,490,45719,0.944932,1,2,3295553,3295063,490
253405081,28.3582,31.2029,484,45765,0.935973,0.95,2,3295577,3295093,484
253410921,26.1373,25.7525,486,45857,0.928556,1,2,3295634,3295148,486
253413841,24.8549,18.101,497,45903,0.905422,1,2,3295658,3295161,497
253416761,21.942,13.8404,506,45949,0.944169,1,2,3295678,3295172,506
253425521,35.5323,29.6858,515,46087,0.939547,0.95,2,3295762,3295247,515
253653281,580.781,650.151,470,2920,0.94672,0,2,3299803,3299333,470
253663501,237.881,150.372,685,8760,0.932636,1,2,3300970,3300285,685
253673721,64.6497,156.571,466,12041,0.0834435,0.37,1,3301436,3300970,466
253676641,138.66,191.628,439,12218,0.0993774,0.21,1,3301624,3301185,439
253688321,136.634,137.827,426,12900,0.209472,0.17,1,3302050,3301624,426
253691241,96.0538,95.3309,428,13065,0.233789,0.15,1,3302119,3301691,428
253694161,139.222,138.332,429,13228,0.207516,0.15,1,3302287,3301858,429
253700001,140.355,136.613,435,13548,0.228802,0.25,1,3302485,3302050,435
253702921,96.9422,96.0453,434,13705,0.265521,0.25,1,3302553,3302119,434
253711681,141.324,47.6669,629,14165,0.404593,0.25,1,3302918,3302289,629
253735041,141.515,23.5547,648,15462,0.774168,0.67,2,3303804,3303156,648
253743801,129.561,63.6435,626,15870,0.939227,0.73,2,3304058,3303432,626
253806581,75.6621,73.5227,492,18592,0.9172,1,2,3305989,3305497,492
253809501,45.2648,47.4091,487,18706,0.90088,1,2,3306014,3305527,487
253838701,127.625,61.3508,613,19811,0.792199,0.69,2,3306876,3306263,613
253853301,84.0608,93.9114,532,20341,0.900768,0.75,2,3307176,3306644,532
253917541,119.886,114.031,497,22523,0.94,1,2,3308792,3308295,497
253920461,69.5542,45.6123,533,22617,0.91,1,2,3308828,3308295,533
253926301,34.8887,36.098,518,22804,0.9292,1,2,3308885,3308367,518
253990541,17.9273,17.6636,447,24767,0.761962,0.53,2,3310214,3309767,447
253993461,22.7709,23.2655,446,24853,0.778785,0.61,2,3310240,3309794,446
253996381,75.1084,72.9062,450,24938,0.785514,0.63,2,3310350,3309900,450
253999301,71.4433,69.9625,451,25023,0.776206,0.63,2,3310419,3309968,451
254002221,45.9773,44.785,452,25108,0.784482,0.71,2,3310448,3309996,452
254010981,42.2545,41.8182,458,25360,0.919247,0.77,2,3310670,3310212,458
254013901,18.1018,17.9273,458,25444,0.913699,0.77,2,3310672,3310214,458
254016821,22.8407,7.17092,484,25527,0.911479,0.79,2,3310698,3310214,484
254019741,76.3363,18.4684,570,25610,0.934592,0.79,2,3310810,3310240,570
254183261,34.3784,34.6721,508,29889,0.90328,1,2,3313814,3313306,508
254192021,49.3362,51.779,491,30101,0.42957,1,1,3314023,3313532,491
254197861,39.8138,41.0446,489,30241,0.218731,1,1,3314096,3313607,489
254203701,38.6502,49.2871,471,30381,0.076997,0.98,1,3314178,3313707,471
254206621,37.0601,43.1149,468,30451,0.0487988,0.93,1,3314214,3313746,468
254209541,36.424,39.4459,467,30521,0.0375195,0.87,1,3314250,3313783,467
254212461,28.9696,34.3784,460,30590,0.0330078,0.61,1,3314274,3313814,460
254215381,72.1878,77.3514,455,30659,0.0432031,0.43,1,3314375,3313920,455
254218301,61.2751,72.3405,440,30728,0.0352812,0.35,1,3314429,3313989,440
254221221,43.1101,49.3362,437,30797,0.0561125,0.25,1,3314460,3314023,437
254224141,33.444,39.5345,431,30866,0.052445,0.15,1,3314487,3314056,431
254227061,35.5776,39.8138,428,30935,0.074978,0.05,1,3314524,3314096,428
254229981,39.431,44.1255,423,31003,0.0359912,0.05,1,3314566,3314143,423
254232901,36.7724,38.6502,423,31071,0.0323965,0.03,1,3314601,3314178,423
254235821,35.709,37.0601,422,31139,0.0549586,0.03,1,3314636,3314214,422
254238741,35.8836,36.424,422,31207,0.0399834,0.03,1,3314672,3314250,422
254241661,28.7534,28.9696,422,31275,0.0459934,0.05,1,3314696,3314274,422
254244581,72.1014,72.1878,422,31343,0.0603974,0.05,1,3314797,3314375,422
254247501,62.4406,28.8751,478,31411,0.0541589,0.03,1,3314853,3314375,478
254250421,42.3762,43.9501,453,31478,0.0516636,0.07,1,3314882,3314429,453
254253341,33.7505,36.18,450,31545,0.0626654,0.05,1,3314910,3314460,450
254294221,38.2096,35.592,468,32472,0.210608,0.17,1,3315490,3315022,468
254297141,35.0838,37.0368,463,32537,0.222243,0.17,1,3315523,3315060,463
254300061,27.2335,34.6147,452,32602,0.226897,0.19,1,3315545,3315093,452
254302981,70.8934,28.2459,528,32667,0.216759,0.11,1,3315645,3315117,528
254305901,63.7574,72.4984,485,32732,0.236704,0.15,1,3315704,3315219,485
254308821,26.7029,63.1993,430,32797,0.244681,0.13,1,3315706,3315276,430
254311741,27.4812,43.2797,428,32861,0.283873,0.13,1,3315734,3315306,428
254314661,29.5925,35.3119,429,32925,0.287549,0.19,1,3315765,3315336,429
254338021,64.7371,63.7574,434,33435,0.415597,0.25,1,3316138,3315704,434
254340941,27.0948,26.7029,434,33498,0.400239,0.31,1,3316140,3315706,434
254343861,28.2379,27.4812,435,33561,0.418095,0.29,1,3316169,3315734,435
254346781,30.4952,29.5925,436,33624,0.437238,0.37,1,3316201,3315765,436
254396421,28.9443,36.4282,469,34678,0.784609,0.51,2,3316863,3316394,469
254413941,40.3884,30.5455,500,35043,0.940433,0.69,2,3317142,3316642,500
254416861,41.9554,39.2182,498,35103,0.946173,0.71,2,3317185,3316687,498
254419781,38.3822,40.8873,492,35163,0.948469,0.75,2,3317221,3316729,492
254568701,37.6467,37.7049,521,38109,0.9472,1,2,3319237,3318716,521
254594981,32.8348,33.9487,512,38604,0.427085,1,1,3319602,3319090,512
254597901,20.3339,36.9795,485,38659,0.404834,1,1,3319614,3319129,485
254609581,57.4629,70.2587,455,38877,0.282476,0.67,1,3319784,3319329,455
254612501,71.5852,74.9035,458,38931,0.25099,0.59,1,3319865,3319407,458
254615421,43.0341,46.7614,454,38985,0.214396,0.55,1,3319889,3319435,454
254618341,34.6136,37.3046,452,39039,0.211758,0.59,1,3319918,3319466,452
254624181,25.8182,28.1687,447,39147,0.207881,0.45,1,3319962,3319515,447
254630021,24.2909,26.587,442,39255,0.200061,0.41,1,3320007,3319565,442
254632941,31.3164,32.8348,441,39309,0.230024,0.39,1,3320043,3319602,441
254635861,19.1265,20.3339,440,39363,0.24201,0.33,1,3320054,3319614,440
254638781,24.4506,26.7336,437,39417,0.258804,0.29,1,3320082,3319645,437
254641701,28.3802,29.8934,436,39471,0.289522,0.29,1,3320113,3319677,436
254653381,42.9473,43.0341,431,39684,0.400676,0.21,1,3320320,3319889,431
254726381,71.3738,56.6116,531,40995,0.760541,0.63,2,3321184,3320653,531
254729301,44.7495,70.0446,479,41046,0.766217,0.61,2,3321211,3320732,479
254732221,38.2998,44.8178,485,41097,0.768487,0.61,2,3321245,3320760,485
254735141,27.3199,37.1271,473,41148,0.769395,0.65,2,3321265,3320792,473
254738061,26.528,26.8509,479,41199,0.769758,0.65,2,3321291,3320812,479
254755581,29.6114,26.1648,485,41505,0.900217,0.69,2,3321450,3320965,485
254758501,13.0446,28.4659,457,41556,0.906087,0.71,2,3321452,3320995,457
254761421,24.4178,30.5864,457,41607,0.920435,0.73,2,3321484,3321027,457
254895741,39.9461,44.1211,520,43879,0.916,1,2,3323131,3322611,520
254919101,31.3198,28.9307,520,44263,0.921791,1,2,3323357,3322837,520
254927861,32.8205,28.7076,523,44407,0.944595,1,2,3323444,3322921,523
254933701,45.6913,71.9132,504,44502,0.929935,1,2,3323566,3323062,504
255152701,310.459,339.548,463,21900,0.2068,0.69,1,3326126,3325663,463
255164381,33.3397,37.8188,443,22285,0.0989421,0.03,1,3326263,3325820,443
255167301,79.3359,53.5275,489,22380,0.0575768,0.03,1,3326373,3325884,489
255170221,73.1344,83.811,454,22475,0.0770307,0,1,3326442,3325988,454
255173141,62.8537,76.1244,439,22569,0.0848123,0.01,1,3326498,3326059,439
255178981,66.8166,49.2599,482,22757,0.08677,0.11,1,3326643,3326161,482
255181901,39.3266,54.504,445,22850,0.064708,0.11,1,3326664,3326219,445
255184821,30.1307,35.0016,447,22943,0.0918832,0.09,1,3326688,3326241,447
255187741,75.6523,27.2006,531,23035,0.0427533,0.03,1,3326794,3326263,531
255190661,74.0609,76.8803,494,23127,0.0351013,0.09,1,3326867,3326373,494
255193581,62.0244,72.1521,479,23219,0.0440405,0.09,1,3326921,3326442,479
255196501,76.4097,62.4608,509,23310,0.0836162,0.13,1,3327007,3326498,509
255214021,62.4355,74.0593,477,23851,0.0717953,0.05,1,3327344,3326867,477
255216941,78.3742,62.0237,512,23940,0.0947181,0.11,1,3327433,3326921,512
255246141,50.9872,49.6199,429,24812,0.216408,0.13,1,3327925,3327496,429
255249061,33.5949,33.6479,428,24897,0.236563,0.15,1,3327947,3327519,428
255251981,27.8379,28.4592,427,24982,0.220625,0.17,1,3327971,3327544,427
255254901,73.5352,73.1837,428,25067,0.25025,0.13,1,3328075,3327647,428
255266581,33.8889,32.9679,430,25404,0.416566,0.23,1,3328292,3327862,430
255275341,28.5929,21.3579,456,25653,0.4397,0.21,1,3328403,3327947,456
255313301,35.0026,83.6903,452,26708,0.760643,0.59,2,3329182,3328730,452
255336661,86.0104,84.5064,460,27336,0.927219,0.77,2,3329640,3329180,460
255339581,35.6041,35.0026,460,27413,0.940888,0.83,2,3329642,3329182,460
255342501,55.0417,53.001,463,27490,0.946355,0.81,2,3329710,3329247,463
255345421,36.4167,35.0004,464,27567,0.924542,0.85,2,3329734,3329270,464
255348341,15.7667,15.2002,464,27644,0.915817,0.87,2,3329736,3329272,464
255351261,23.1067,22.2801,465,27721,0.948327,0.87,2,3329764,3329299,465
255459301,27.9985,24.8547,500,30419,0.408004,1,1,3331693,3331193,500
255462221,59.7994,72.3419,477,30489,0.205201,1,1,3331774,3331297,477
255488501,24.5138,27.9985,439,31107,0.202522,0.07,1,3332132,3331693,439
255491421,52.4055,59.7994,429,31175,0.207009,0.07,1,3332203,3331774,429
255494341,44.3622,46.7198,430,31243,0.244804,0.13,1,3332242,3331812,430
255497261,45.9449,49.2879,426,31311,0.271921,0.13,1,3332289,3331863,426
255500181,47.778,19.7152,475,31379,0.294769,0.13,1,3332338,3331863,475
255508941,37.2578,44.0538,459,31580,0.405505,0.17,1,3332488,3332029,459
255511861,28.1031,35.0215,452,31647,0.408202,0.19,1,3332510,3332058,452
255514781,28.0412,28.4086,456,31714,0.409281,0.15,1,3332538,3332082,456
255517701,25.0165,28.1634,451,31781,0.421712,0.23,1,3332561,3332110,451
255520621,53.8066,24.4654,502,31848,0.414685,0.21,1,3332634,3332132,502
255523541,45.5226,52.3862,471,31914,0.411874,0.27,1,3332674,3332203,471
255526461,47.0091,44.3545,480,31980,0.42275,0.29,1,3332722,3332242,480
255529381,51.2036,45.9418,487,32046,0.4391,0.31,1,3332776,3332289,487
255567341,32.196,48.8726,450,32894,0.761314,0.59,2,3333349,3332899,450
255596541,33.5915,32.4901,459,33531,0.900769,0.79,2,3333776,3333317,459
255599461,32.6366,32.196,459,33594,0.906307,0.83,2,3333808,3333349,459
255602381,32.8546,31.4784,461,33657,0.908523,0.83,2,3333841,3333380,461
255605301,26.3419,25.7914,461,33720,0.933409,0.83,2,3333863,3333402,461
255608221,27.3367,27.1165,461,33783,0.931364,0.81,2,3333891,3333430,461
255745461,235.571,202.528,544,16192,0.425046,0.63,1,3336007,3335463,544
255754221,66.3165,85.4898,446,16582,0.426323,0.41,1,3336228,3335782,446
255786341,38.9526,60.721,472,17939,0.767051,0.57,2,3337141,3336669,472
255793641,101.709,53.8541,586,18292,0.938771,0.71,2,3337477,3336891,586
255863721,71.464,133.739,505,21000,0.208301,1,1,3339393,3338888,505
255872481,33.5177,45.0633,469,21302,0.0774113,0.82,1,3339468,3338999,469
255875401,30.8071,36.6253,467,21402,0.0369645,0.47,1,3339497,3339030,467
255878321,117.923,134.65,443,21501,0.0327858,0.17,1,3339673,3339230,443
255898761,117.505,117.923,422,22182,0.0960441,0.15,1,3340095,3339673,422
255919201,114.861,26.5211,599,22843,0.200888,0.05,1,3340518,3339919,599
255925041,69.6178,120.283,461,23028,0.210942,0.15,1,3340679,3340218,461
255927961,29.0471,67.3134,431,23120,0.222377,0.15,1,3340681,3340250,431
255930881,35.0189,28.1253,468,23212,0.202951,0.19,1,3340720,3340252,468
255933801,32.0075,34.0501,460,23303,0.20718,0.19,1,3340750,3340290,460
255936721,27.803,31.6201,455,23394,0.220872,0.19,1,3340775,3340320,455
255939641,114.321,27.648,602,23485,0.226349,0.21,1,3340947,3340345,602
255942561,122.528,114.859,557,23575,0.27654,0.17,1,3341075,3340518,557
255992201,72.5001,70.7205,448,25060,0.783875,0.53,2,3341996,3341548,448
255995121,30.2,29.4882,448,25145,0.79955,0.61,2,3341998,3341550,448
256003881,15.0848,14.8472,450,25397,0.901491,0.63,2,3342075,3341625,450
256006801,21.6339,20.9389,451,25480,0.930596,0.63,2,3342101,3341650,451
256009721,117.254,8.37556,632,25563,0.942239,0.73,2,3342282,3341650,632
256012641,129.101,108.35,594,25646,0.946895,0.79,2,3342419,3341825,594
256120681,43.1839,37.8691,515,28543,0.921816,1,2,3344399,3343884,515
256126521,35.3494,34.4991,512,28691,0.76309,1,2,3344459,3343947,512
256146961,39.7385,52.4541,501,29204,0.40904,0.87,1,3344863,3344362,501
256149881,26.6954,43.1817,482,29276,0.421616,0.79,1,3344881,3344399,482
256152801,32.2782,29.8727,497,29348,0.402646,0.71,1,3344917,3344420,497
256155721,28.5113,35.3491,484,29420,0.419059,0.67,1,3344943,3344459,484
256158641,30.6045,32.7396,485,29492,0.425623,0.69,1,3344975,3344490,485
256196601,77.4143,75.0867,450,30412,0.753596,0.59,2,3345688,3345238,450
256199521,51.3657,49.8347,451,30482,0.787438,0.59,2,3345722,3345271,451
256219961,90.1465,87.8394,457,30964,0.94114,0.71,2,3346001,3345544,457
256360121,39.6585,33.6991,503,34087,0.93904,1,2,3348220,3347717,503
256368881,29.4661,4.41274,568,34273,0.912819,1,2,3348304,3347736,568
256414141,103.191,115.107,454,15742,0.282232,0.19,1,3349172,3348718,454
256417061,63.4765,77.2426,439,15877,0.298893,0.17,1,3349209,3348770,439
256425821,97.9745,104.568,435,16276,0.413929,0.27,1,3349528,3349093,435
256428741,86.5898,89.227,435,16406,0.447572,0.31,1,3349607,3349172,435
256452101,136.913,62.6422,632,17414,0.773805,0.63,2,3350345,3349713,632
256457941,91.1461,99.4228,539,17657,0.902609,0.73,2,3350509,3349970,539
256460861,60.4585,88.3691,498,17777,0.931044,0.73,2,3350549,3350051,498
256463781,66.1834,59.9476,527,17896,0.930417,0.77,2,3350619,3350092,527
256554301,54.234,64.8864,480,21264,0.938065,1,2,3352987,3352507,480
256601021,77.3836,143.053,507,22807,0.9316,1,2,3354187,3353680,507
256609781,54.2725,70.8114,509,23085,0.782742,1,2,3354334,3353825,509
256640441,141.823,145.025,449,24075,0.44671,0.55,1,3355071,3354622,449
256643361,64.5292,65.8102,449,24163,0.412684,0.49,1,3355084,3354635,449
256646281,43.8117,44.9241,448,24251,0.423074,0.55,1,3355114,3354666,448
256649201,32.5247,32.3696,449,24338,0.415229,0.59,1,3355139,3354690,449
256652121,47.2099,47.1479,449,24425,0.436092,0.51,1,3355196,3354747,449
256655041,44.6839,45.8591,447,24512,0.444437,0.51,1,3355239,3354792,447
256690081,65.2073,55.4799,465,25530,0.765364,0.63,2,3355976,3355511,465
256693001,44.0829,29.992,482,25613,0.792146,0.61,2,3356006,3355524,482
256711981,66.7676,141.964,461,26186,0.920006,0.79,2,3356423,3355962,461
256714901,35.107,65.1855,461,26267,0.938002,0.81,2,3356437,3355976,461
256817101,81.289,150.8,500,28954,0.772662,1,2,3358354,3357854,500
256843381,77.5963,143.223,497,29606,0.784944,0.73,2,3358811,3358314,497
256846301,42.4385,81.289,476,29677,0.799977,0.67,2,3358830,3358354,476
256849221,28.9754,46.9156,472,29748,0.781991,0.61,2,3358850,3358378,472
256852141,31.3902,29.5662,487,29819,0.786796,0.61,2,3358883,3358396,487
256855061,13.7561,32.8265,454,29890,0.788719,0.67,2,3358885,3358431,454
256869661,138.453,135.491,461,30242,0.924041,0.83,2,3359233,3358772,461
256872581,79.9811,77.5963,463,30312,0.927616,0.81,2,3359274,3358811,463
256998141,31.3542,39.5276,488,33181,0.90472,1,2,3361228,3360740,488
257009821,30.2843,26.8647,506,33435,0.407593,1,1,3361362,3360856,506
257012741,34.3137,31.7459,508,33498,0.205037,1,1,3361399,3360891,508
257015661,35.3255,32.4984,511,33561,0.0880148,1,1,3361435,3360924,511
257018581,32.7302,30.3993,513,33624,0.0532059,1,1,3361466,3360953,513
257021501,97.6921,114.16,484,33687,0.0512824,0.97,1,3361607,3361123,484
257024421,61.8768,77.4639,469,33750,0.0265129,0.94,1,3361645,3361176,469
257027341,41.5507,51.3856,463,33813,0.0106052,0.87,1,3361673,3361210,463
257030261,27.4203,31.3542,463,33876,0.0462421,0.63,1,3361691,3361228,463
257033181,26.5681,35.9417,450,33938,0.0364968,0.49,1,3361717,3361267,450
257036101,26.2272,34.7767,442,34000,0.0325987,0.43,1,3361743,3361301,442
257039021,26.0909,33.7107,435,34062,0.0310395,0.35,1,3361769,3361334,435
257041941,26.6364,30.2843,434,34124,0.0184158,0.07,1,3361796,3361362,434
257044861,26.8545,34.3137,424,34186,0.0493663,0.01,1,3361823,3361399,424
257047781,32.3418,35.3255,424,34248,0.0197465,0.01,1,3361859,3361435,424
257050701,29.7367,14.1302,452,34310,0.0258986,0.03,1,3361887,3361435,452
257053621,97.6947,24.2521,564,34372,0.0163594,0.05,1,3362030,3361466,564
257056541,60.6779,94.3008,459,34434,0.0125438,0.01,1,3362066,3361607,459
257059461,41.6712,60.5203,450,34495,0.0230175,0,1,3362095,3361645,450
257062381,27.4685,41.0081,440,34556,0.027207,0.07,1,3362113,3361673,440
257065301,25.9874,27.2033,447,34617,0.0648828,0.03,1,3362138,3361691,447
257068221,25.995,26.4813,447,34678,0.0559531,0.03,1,3362164,3361717,447
257074061,27.1992,26.077,449,34800,0.0749525,0.01,1,3362218,3361769,449
257076981,28.2797,26.6308,451,34861,0.095981,0.07,1,3362247,3361796,451
257079901,31.1119,26.8523,457,34922,0.0683924,0,1,3362280,3361823,457
257082821,29.2447,32.3409,449,34983,0.057357,0.03,1,3362308,3361859,449
257085741,98.0979,29.7364,565,35043,0.0529428,0.01,1,3362452,3361887,565
257088661,62.0392,97.6946,460,35103,0.0211771,0.01,1,3362490,3362030,460
257091581,40.4157,60.6778,450,35163,0.0504708,0.03,1,3362516,3362066,450
257094501,29.9663,41.6711,444,35223,0.0741883,0.03,1,3362539,3362095,444
257097421,25.7865,27.4685,449,35283,0.0716753,0.09,1,3362562,3362113,449
257100341,25.3146,25.9874,449,35343,0.0946701,0.05,1,3362587,3362138,449
257106181,26.1303,25.998,450,35463,0.0835472,0.05,1,3362640,3362190,450
257109101,30.2521,27.1992,455,35523,0.0874189,0.11,1,3362673,3362218,455
257112021,28.9009,28.2797,454,35583,0.0889676,0.05,1,3362701,3362247,454
257114941,28.3603,31.1119,449,35642,0.041587,0.05,1,3362729,3362280,449
257117861,12.5441,29.2447,423,35701,0.0346348,0.05,1,3362731,3362308,423
257120781,90.8177,98.0979,422,35760,0.0918539,0,1,3362874,3362452,422
257123701,59.7271,62.0392,423,35819,0.0787416,0.07,1,3362913,3362490,423
257126621,40.6908,40.4157,425,35878,0.0734966,0.09,1,3362941,3362516,425
257129541,30.6763,29.9663,426,35937,0.0953987,0.07,1,3362965,3362539,426
257155821,92.9525,90.8177,426,36463,0.0920348,0.07,1,3363300,3362874,426
257164581,32.301,30.6763,428,36637,0.0848502,0.13,1,3363393,3362965,428
257167501,27.9204,26.6705,429,36695,0.0879401,0.13,1,3363418,3362989,429
257170421,26.1682,25.6682,429,36753,0.077176,0.17,1,3363443,3363014,429
257173341,26.0673,26.4673,428,36810,0.0488704,0.13,1,3363469,3363041,428
257176261,25.4269,24.9869,429,36867,0.0495482,0.19,1,3363494,3363065,429
257179181,31.7708,30.3948,431,36924,0.0618193,0.19,1,3363530,3363099,431
257182101,28.3083,27.7579,431,36981,0.0667277,0.15,1,3363556,3363125,431
257185021,24.5233,26.7032,427,37038,0.0446911,0.15,1,3363578,3363151,427
257187941,11.0093,11.8813,427,37095,0.0598764,0.05,1,3363580,3363153,427
257190861,91.4037,92.9525,425,37152,0.0299506,0.05,1,3363725,3363300,425
257193781,59.3615,37.181,463,37209,0.0539802,0.11,1,3363763,3363300,463
257196701,40.5446,37.0724,454,37266,0.0635921,0.11,1,3363791,3363337,454
257199621,31.8178,32.829,450,37323,0.0674368,0.07,1,3363817,3363367,450
257202541,27.1271,28.7316,448,37380,0.0809747,0.09,1,3363841,3363393,448
257205461,25.2509,26.4926,447,37437,0.0863899,0.07,1,3363865,3363418,447
257217141,28.2848,31.7342,448,37661,0.2173,0.07,1,3363978,3363530,448
257220061,24.5139,28.2937,444,37717,0.23692,0.03,1,3364000,3363556,444
257222981,11.0056,24.5175,424,37773,0.244768,0.07,1,3364002,3363578,424
257243421,28.0347,25.2508,456,38164,0.225389,0.17,1,3364321,3363865,456
257246341,26.8139,25.7003,456,38219,0.240156,0.21,1,3364347,3363891,456
257249261,32.3256,25.2801,467,38274,0.246062,0.21,1,3364383,3363916,467
257252181,29.1302,31.7121,458,38329,0.272425,0.23,1,3364410,3363952,458
257258021,11.6208,24.5139,436,38439,0.296788,0.25,1,3364436,3364000,436
257269701,18.0479,41.1684,432,38659,0.401342,0.19,1,3364647,3364215,432
257374821,90.0863,12.2338,595,40579,0.797196,0.71,2,3365918,3365323,595
257392341,27.1159,24.8022,480,40891,0.93282,0.63,2,3366078,3365598,480
257506221,29.4524,21.5328,509,42857,0.9376,1,2,3367477,3366968,509
257509141,30.3809,23.0131,516,42906,0.93904,1,2,3367508,3366992,516
257560241,141.931,151.328,446,19710,0.415479,0.45,1,3368269,3367823,446
257563161,108.973,86.9313,489,19818,0.412192,0.33,1,3368356,3367867,489
257566081,77.789,85.1725,462,19925,0.422877,0.29,1,3368413,3367951,462
257592361,56.5822,34.6439,514,20863,0.75157,0.53,2,3368981,3368467,514
257595281,67.0329,52.2576,524,20965,0.774628,0.65,2,3369055,3368531,524
257598201,28.0132,63.503,455,21066,0.783851,0.71,2,3369057,3368602,455
257601121,130.605,143.001,458,21167,0.79954,0.71,2,3369256,3368798,458
257706241,120.34,124.274,480,24515,0.91,1,2,3371605,3371125,480
257709161,99.7361,88.1095,502,24601,0.766,1,2,3371691,3371189,502
257720841,35.5196,41.6924,488,24944,0.754826,1,2,3371819,3371331,488
257723761,43.0079,50.877,479,25029,0.75193,1,2,3371867,3371388,479
257726681,50.2031,50.3508,484,25114,0.774772,0.85,2,3371922,3371438,484
257735441,61.053,64.4944,458,25366,0.912385,0.67,2,3372190,3371732,458
257738361,38.2212,41.9978,454,25450,0.910954,0.67,2,3372213,3371759,454
257744201,36.5954,18.7196,498,25616,0.929353,0.79,2,3372277,3371779,498
257747121,44.0382,31.4879,507,25699,0.941741,0.75,2,3372326,3371819,507
257750041,50.6153,41.3951,514,25781,0.946696,0.79,2,3372381,3371867,514
257843481,37.4944,35.7327,508,28290,0.93712,1,2,3374213,3373705,508
257846401,26.3978,35.2931,492,28365,0.932848,1,2,3374232,3373740,492
257849321,31.5591,14.1172,527,28440,0.907139,1,2,3374267,3373740,527
257858081,84.4358,108.112,553,28662,0.446137,1,1,3374524,3373971,553
257861001,60.7743,96.6446,509,28736,0.412455,1,1,3374569,3374060,509
257887281,59.1874,84.4356,487,29392,0.29603,0.39,1,3375011,3374524,487
257910641,82.2055,91.6714,437,29963,0.412583,0.29,1,3375330,3374893,437
257913561,76.0822,80.4685,436,30034,0.447033,0.29,1,3375402,3374966,436
257963201,30.7517,31.3001,443,31209,0.760703,0.45,2,3376085,3375642,443
257966121,13.5007,13.72,443,31277,0.766281,0.45,2,3376087,3375644,443
257969041,85.2003,5.48801,576,31345,0.792513,0.57,2,3376220,3375644,576
257986561,26.6751,33.8371,477,31748,0.913916,0.75,2,3376478,3376001,477
257989481,31.07,24.9349,492,31815,0.935566,0.75,2,3376512,3376020,492
257992401,30.428,30.3739,488,31881,0.944227,0.77,2,3376542,3376054,488
257995321,13.3712,30.7496,459,31947,0.947691,0.77,2,3376544,3376085,459
258135481,34.1253,37.3904,525,34984,0.943504,1,2,3378779,3378254,525
258141321,35.4601,47.3825,509,35104,0.786961,1,2,3378850,3378341,509
258144241,39.984,39.353,518,35164,0.764784,1,2,3378893,3378375,518
258147161,31.5936,34.3412,513,35224,0.755914,1,2,3378919,3378406,513
258173441,22.394,34.6501,463,35761,0.772172,0.72,2,3379277,3378814,463
258176361,28.1576,35.4601,459,35820,0.770869,0.75,2,3379309,3378850,459
258179281,37.063,39.984,459,35879,0.758347,0.75,2,3379352,3378893,459
258182201,26.8252,31.5936,453,35938,0.789339,0.69,2,3379372,3378919,453
258185121,33.5301,34.8374,454,35997,0.777736,0.65,2,3379410,3378956,454
258188041,31.412,33.135,452,36056,0.773094,0.73,2,3379440,3378988,452
258190961,57.5648,55.854,456,36115,0.795238,0.73,2,3379515,3379059,456
258208481,23.1347,22.394,460,36464,0.904492,0.77,2,3379737,3379277,460
258211401,28.4539,28.1576,460,36522,0.943797,0.75,2,3379769,3379309,460
258214321,37.1815,37.063,460,36580,0.947519,0.81,2,3379812,3379352,460
258360321,26.7317,30.4267,499,39364,0.920308,1,2,3381765,3381266,499
258363241,33.4927,18.1707,527,39418,0.902123,1,2,3381803,3381276,527
258369081,31.2788,32.6673,520,39526,0.77434,1,2,3381866,3381346,520
258439161,30.1787,23.0995,486,40788,0.764246,0.67,2,3382717,3382231,486
258442081,33.0715,30.2398,486,40840,0.791699,0.63,2,3382752,3382266,486
258480041,34.1381,30.1787,496,41506,0.915434,0.81,2,3383213,3382717,496
258482961,14.8552,33.0715,463,41557,0.924173,0.83,2,3383215,3382752,463
258485881,21.5421,28.8286,463,41608,0.939669,0.83,2,3383241,3382778,463
258694661,201.389,203.603,490,20544,0.225631,0.67,1,3385780,3385290,490
258706341,70.8628,75.633,464,20954,0.0927042,0.03,1,3386026,3385562,464
258709261,45.1451,64.4532,435,21055,0.0730817,0,1,3386054,3385619,435
258712181,33.658,38.9813,439,21156,0.0352327,0.05,1,3386080,3385641,439
258715101,87.2632,98.9925,423,21256,0.0800931,0.07,1,3386203,3385780,423
258726781,64.7491,68.2414,422,21652,0.0555704,0.06,1,3386448,3386026,422
258729701,43.8997,44.0966,424,21750,0.0582282,0.01,1,3386478,3386054,424
258732621,33.1599,33.2386,424,21848,0.0892913,0.11,1,3386504,3386080,424
258735541,88.8639,87.0955,427,21945,0.209717,0.15,1,3386630,3386203,427
258738461,73.3456,72.6382,427,22042,0.245887,0.11,1,3386693,3386266,427
258741381,55.7382,56.6553,425,22138,0.260355,0.13,1,3386737,3386312,425
258744301,66.0953,65.8621,426,22234,0.266142,0.01,1,3386810,3386384,426
258750141,44.7752,43.8979,425,22424,0.283783,0.11,1,3386903,3386478,425
258753061,34.1101,33.1592,426,22519,0.275513,0.11,1,3386930,3386504,426
258761821,56.423,70.1622,478,22800,0.429233,0.27,1,3387171,3386693,478
258805621,39.2475,58.0162,447,24156,0.781732,0.55,2,3388061,3387614,447
258823141,79.8204,77.2968,460,24677,0.93761,0.75,2,3388475,3388015,460
258928261,53.3904,57.3553,483,27599,0.9196,1,2,3390507,3390024,483
258934101,39.2625,35.5768,489,27753,0.925936,1,2,3390578,3390089,489
258939941,35.682,38.8123,484,27905,0.76375,1,2,3390651,3390167,484
258974981,49.761,81.5363,477,28802,0.774044,0.59,2,3391334,3390857,477
258977901,36.1044,49.4145,476,28876,0.771618,0.61,2,3391361,3390885,476
258980821,52.2418,35.9658,512,28949,0.770647,0.57,2,3391424,3390912,512
259010021,40.634,52.2418,493,29673,0.929857,0.83,2,3391917,3391424,493
259144341,38.8796,47.5527,503,32794,0.7972,1,2,3394056,3393553,503
259158941,36.5728,36.7989,492,33114,0.0592833,1,1,3394304,3393812,492
259161861,36.2291,47.1196,474,33178,0.0417133,1,1,3394340,3393866,474
259164781,37.8917,38.0478,481,33242,0.0706853,1,1,3394379,3393898,481
259167701,31.9567,35.6191,475,33306,0.0582741,0.75,1,3394407,3393932,475
259170621,29.5827,38.2477,463,33370,0.0533096,0.83,1,3394435,3393972,463
259173541,40.0331,44.6991,461,33433,0.0393239,0.77,1,3394482,3394021,461
259176461,34.6132,38.8796,457,33496,0.0697295,0.35,1,3394513,3394056,457
259179381,54.6453,67.7518,438,33559,0.0938918,0.21,1,3394581,3394143,438
259185221,45.1032,53.0803,424,33685,0.0594227,0.07,1,3394659,3394235,424
259188141,40.2413,43.4321,424,33748,0.0777691,0.03,1,3394696,3394272,424
259191061,35.2965,36.5728,424,33811,0.0491076,0.03,1,3394728,3394304,424
259193981,34.5186,36.2291,422,33874,0.0376431,0.09,1,3394762,3394340,422
259196901,38.4074,37.8917,424,33936,0.0150572,0.05,1,3394803,3394379,424
259199821,30.963,31.9567,422,33998,0.0360229,0.05,1,3394829,3394407,422
259202741,30.3852,29.5827,424,34060,0.0804092,0.03,1,3394859,3394435,424
259205661,39.1541,40.0331,422,34122,0.0501637,0.09,1,3394904,3394482,422
259208581,35.4616,34.6132,424,34184,0.0380655,0.11,1,3394937,3394513,424
259211501,56.1847,54.6453,426,34246,0.0452262,0.11,1,3395007,3394581,426
259214421,39.8739,21.8581,455,34308,0.0840905,0.11,1,3395036,3394581,455
259220261,40.3398,39.8573,460,34432,0.0746545,0.09,1,3395119,3394659,460
259223181,34.1359,38.1429,453,34493,0.0598618,0.03,1,3395149,3394696,453
259226101,34.6544,34.4572,456,34554,0.0419447,0.03,1,3395184,3394728,456
259229021,37.8617,34.1829,462,34615,0.0227779,0,1,3395224,3394762,462
259231941,30.7447,38.2731,447,34676,0.0391112,0.05,1,3395250,3394803,447
259234861,32.0979,30.9093,454,34737,0.0336445,0.11,1,3395283,3394829,454
259237781,38.0392,30.3637,466,34798,0.0674578,0.03,1,3395325,3394859,466
259243621,57.4463,35.4582,494,34920,0.0959932,0.05,1,3395431,3394937,494
259258221,33.9646,34.1359,456,35221,0.0943238,0.03,1,3395605,3395149,456
259261141,38.1858,34.6544,462,35281,0.0377295,0.01,1,3395646,3395184,462
259264061,31.4743,37.8617,449,35341,0.0330918,0.05,1,3395673,3395224,449
259266981,31.7897,30.7447,455,35401,0.0312367,0.03,1,3395705,3395250,455
259269901,40.3159,32.0979,468,35461,0.0184947,0.09,1,3395751,3395283,468
259272821,37.1264,38.0392,461,35521,0.0493979,0.13,1,3395786,3395325,461
259275741,56.8505,35.6157,497,35581,0.0857592,0.09,1,3395856,3395359,497
259316621,18.1623,17.9761,427,36403,0.21374,0.13,1,3396317,3395890,427
259319541,32.4649,32.9904,426,36461,0.247496,0.19,1,3396359,3395933,426
259322461,39.386,36.5962,431,36519,0.296998,0.19,1,3396403,3395972,431
259331221,35.7367,36.9982,428,36693,0.299088,0.19,1,3396497,3396069,428
259334141,31.0947,30.9993,429,36751,0.293635,0.15,1,3396525,3396096,429
259354581,33.8479,32.4649,433,37151,0.426332,0.27,1,3396792,3396359,433
259357501,41.1391,12.986,479,37208,0.428533,0.33,1,3396838,3396359,479
259427581,42.2982,34.6613,499,38548,0.753625,0.63,2,3397732,3397233,499
259430501,34.3193,42.0645,481,38603,0.77545,0.63,2,3397761,3397280,481
259433421,14.9277,34.2258,454,38658,0.78418,0.67,2,3397763,3397309,454
259436341,24.5711,31.6903,455,38713,0.799672,0.67,2,3397794,3397339,455
259448021,42.3362,41.6785,457,38930,0.902088,0.69,2,3397943,3397486,457
259450941,38.5345,38.8714,456,38984,0.918835,0.73,2,3397979,3397523,456
259585261,30.9717,35.5046,502,41402,0.93808,1,2,3399667,3399165,502
259596941,29.6361,27.7937,517,41606,0.944415,1,2,3399781,3399264,517
259608621,60.1299,65.7227,483,41810,0.938193,1,2,3399952,3399469,483
259614461,37.9408,37.3956,486,41910,0.936111,0.95,2,3400019,3399533,486
259620301,38.8305,39.8233,480,42010,0.945378,1,2,3400085,3399605,480
259810101,30.9647,28.154,510,45159,0.798034,1,2,3402244,3401734,510
259813021,25.5859,34.6616,493,45206,0.757214,1,2,3402266,3401773,493
259836381,26.8352,30.8245,476,45578,0.414608,1,1,3402531,3402055,476
259848061,27.5142,27.7795,465,45762,0.283782,0.79,1,3402642,3402177,465
259850981,32.6057,33.9118,463,45808,0.287513,0.79,1,3402678,3402215,463
259877261,27.6907,35.5355,466,46222,0.404398,0.43,1,3402945,3402479,466
259880181,25.4763,31.0142,462,46268,0.419759,0.39,1,3402969,3402507,462
259886021,28.9162,24.5223,469,46360,0.401961,0.31,1,3403023,3402554,469
259891861,26.8266,28.2836,460,46450,0.403914,0.25,1,3403075,3402615,460
259976541,29.647,29.0532,450,47747,0.751985,0.59,2,3403914,3403464,450
259982381,28.1435,27.8085,451,47835,0.764718,0.61,2,3403968,3403517,451
259985301,37.6574,35.1234,455,47879,0.779887,0.69,2,3404012,3403557,455
259991141,23.0652,23.4997,453,47967,0.761982,0.63,2,3404059,3403606,453
259994061,28.4261,28.5999,453,48011,0.790793,0.63,2,3404091,3403638,453
260011581,35.1403,33.461,457,48275,0.939137,0.75,2,3404267,3403810,457
260017421,25.0624,24.7938,457,48363,0.941062,0.73,2,3404315,3403858,457
260180941,23.7479,26.5147,491,50746,0.946,1,2,3405952,3405461,491
260198461,34.6292,33.7823,503,50993,0.941171,1,2,3406143,3405640,503
260201381,29.4517,29.7129,502,51034,0.934468,1,2,3406169,3405667,502
260204301,25.5807,30.4852,494,51075,0.931787,1,2,3406192,3405698,494
260207221,25.2323,27.7941,493,51116,0.930715,1,2,3406217,3405724,493
260408701,29.5453,26.5966,503,53883,0.926697,1,2,3408145,3407642,503
260639381,151.602,166.927,437,26361,0.42664,0.27,1,3410439,3410002,437
260642301,81.0407,79.3707,450,26441,0.428656,0.27,1,3410473,3410023,450
260645221,52.8163,52.7483,449,26521,0.429462,0.31,1,3410507,3410058,449
260648141,52.9265,48.6993,456,26601,0.441785,0.31,1,3410560,3410104,456
260691941,46.3102,44.5579,453,27771,0.785659,0.65,2,3411334,3410881,453
260694861,40.7241,38.8232,455,27847,0.788264,0.67,2,3411371,3410916,455
260712381,60.0378,60.6886,456,28300,0.929093,0.77,2,3411690,3411234,456
260826261,67.7631,66.7148,486,31083,0.9208,1,2,3413668,3413182,486
260829181,53.5052,51.8859,488,31151,0.91432,1,2,3413712,3413224,488
260837941,33.2563,14.6967,519,31355,0.786916,1,2,3413812,3413293,519
260858381,52.4731,67.727,508,31824,0.438239,0.91,1,3414176,3413668,508
260861301,40.7892,53.4908,497,31890,0.445295,0.85,1,3414209,3413712,497
260867141,31.0063,39.6385,486,32022,0.442047,0.73,1,3414269,3413783,486
260896341,31.2939,35.5157,472,32677,0.757008,0.43,2,3414713,3414241,472
260899261,30.5175,31.0063,474,32742,0.764803,0.51,2,3414743,3414269,474
260902181,13.407,29.2025,448,32807,0.767921,0.51,2,3414745,3414297,448
260905101,38.9628,45.881,447,32871,0.781168,0.47,2,3414801,3414354,447
260937221,39.0932,38.9628,461,33571,0.935528,0.83,2,3415262,3414801,461
260940141,34.8373,34.7851,461,33634,0.944211,0.81,2,3415294,3414833,461
261086141,51.5779,52.4552,479,36645,0.212898,1,1,3417445,3416966,479
261089061,41.0312,42.5821,477,36703,0.0851591,0.98,1,3417479,3417002,477
261094901,32.845,36.8131,469,36818,0.0940255,0.93,1,3417545,3417076,469
261100741,24.9352,32.7701,454,36932,0.0858441,0.65,1,3417591,3417137,454
261127021,38.1065,40.495,462,37445,0.0944501,0.11,1,3417941,3417479,462
261159141,36.2141,46.9156,457,38061,0.21797,0.07,1,3418326,3417869,457
261162061,37.8856,39.7662,461,38117,0.237188,0.09,1,3418365,3417904,461
261164981,36.7543,38.1065,460,38172,0.256875,0.19,1,3418401,3417941,460
261167901,28.5017,33.2426,453,38227,0.26475,0.19,1,3418424,3417971,453
261170821,24.6007,27.097,452,38282,0.2679,0.19,1,3418446,3417994,452
261173741,29.0403,24.0388,462,38337,0.28116,0.15,1,3418478,3418016,462
261194181,33.1534,45.5352,432,38722,0.412402,0.23,1,3418728,3418296,432
261197101,31.8614,36.2141,433,38777,0.410961,0.25,1,3418759,3418326,433
261200021,37.9446,37.8856,436,38831,0.410384,0.27,1,3418801,3418365,436
261202941,36.1778,36.7543,435,38885,0.422154,0.27,1,3418836,3418401,435
261249661,32.178,30.2034,449,39744,0.761085,0.63,2,3419364,3418915,449
261252581,32.0712,30.0814,451,39797,0.766434,0.63,2,3419396,3418945,451
261255501,27.2285,26.4325,451,39850,0.768574,0.65,2,3419420,3418969,451
261275941,38.8465,30.2835,499,40221,0.901457,0.71,2,3419700,3419201,499
261290541,32.9024,32.1552,490,40481,0.925042,0.77,2,3419854,3419364,490
261293461,28.761,32.0621,484,40533,0.916017,0.77,2,3419880,3419396,484
261296381,39.1044,27.2248,506,40585,0.924407,0.85,2,3419926,3419420,506
261439461,28.4069,10.0352,546,43059,0.909693,1,2,3421678,3421132,546
261489101,309.402,352.458,464,18980,0.4127,0.69,1,3422221,3421757,464
261492021,171.761,176.983,484,19818,0.23108,0.27,1,3422301,3421817,484
261494941,150.304,157.193,476,19925,0.206432,0.05,1,3422437,3421961,476
261503701,62.6595,57.4364,460,20242,0.0744116,0.01,1,3422613,3422153,460
261506621,34.6638,45.7745,438,20347,0.0597647,0.09,1,3422629,3422191,438
261509541,71.4655,36.3098,504,20451,0.0659059,0.11,1,3422725,3422221,504
261515381,82.8345,106.61,491,20658,0.218145,0.15,1,3422928,3422437,491
261518301,64.9338,81.6438,479,20761,0.261258,0.07,1,3422981,3422502,479
261521221,58.9735,65.6575,479,20863,0.206503,0.05,1,3423036,3422557,479
261538741,67.153,64.9052,437,21466,0.222374,0.17,1,3423418,3422981,437
261541661,55.6612,58.9621,430,21565,0.250949,0.17,1,3423466,3423036,430
261544581,31.8645,33.1848,430,21663,0.26238,0.17,1,3423482,3423052,430
261547501,13.9458,14.4739,430,21761,0.290952,0.13,1,3423484,3423054,430
261559181,69.2226,67.1529,434,22148,0.434312,0.27,1,3423852,3423418,434
261600061,70.2907,89.6014,505,23453,0.779182,0.55,2,3424742,3424237,505
261611741,63.5466,14.4186,547,23812,0.933627,0.65,2,3424910,3424363,547
261614661,122.019,62.1674,614,23901,0.919451,0.71,2,3425071,3424457,614
261617581,50.0075,119.067,459,23990,0.91378,0.77,2,3425073,3424614,459
261620501,63.803,90.2268,461,24078,0.935512,0.81,2,3425146,3424685,461
261737301,75.8771,65.6859,501,27377,0.24376,1,1,3427495,3426994,501
261743141,49.1003,45.4297,490,27531,0.0810016,1,1,3427580,3427090,490
261746061,52.6401,55.9719,482,27608,0.0504006,1,1,3427635,3427153,482
261748981,42.6561,44.5888,481,27685,0.0621603,1,1,3427671,3427190,481
261754821,31.305,35.4542,471,27837,0.0831456,0.83,1,3427731,3427260,471
261763581,63.6115,75.8771,427,28065,0.0631613,0.05,1,3427922,3427495,427
261766501,48.8446,53.7508,427,28140,0.0432645,0.05,1,3427961,3427534,427
261769421,44.7378,49.1003,423,28215,0.0353058,0.03,1,3428003,3427580,423
261772341,50.2951,52.6401,422,28290,0.0321223,0.07,1,3428057,3427635,422
261775261,41.7181,42.6561,422,28365,0.0428489,0.07,1,3428093,3427671,422
261778181,37.6872,17.0624,457,28440,0.0471396,0.13,1,3428128,3427671,457
261781101,31.8749,26.025,453,28514,0.0728558,0.07,1,3428156,3427703,453
261784021,33.75,27.21,460,28588,0.0471423,0.19,1,3428191,3427731,460
261786941,71.7,30.684,524,28662,0.0968569,0.09,1,3428288,3427764,524
261792781,48.552,63.3494,462,28810,0.0478971,0.03,1,3428384,3427922,462
261795701,44.6208,48.7398,465,28883,0.0251588,0.03,1,3428426,3427961,465
261798621,49.0483,44.6959,475,28956,0.0400635,0.03,1,3428478,3428003,475
261801541,41.2193,50.2784,457,29029,0.0340254,0.05,1,3428514,3428057,457
261804461,39.8877,41.7113,460,29102,0.0316102,0.05,1,3428553,3428093,460
261807381,32.7551,37.6845,453,29175,0.0426441,0.09,1,3428581,3428128,453
261810301,33.502,31.8738,459,29248,0.0590576,0.03,1,3428615,3428156,459
261830741,40.4564,41.2193,462,29750,0.0742107,0.03,1,3428976,3428514,462
261833661,32.9825,39.8877,451,29821,0.0476843,0.05,1,3429004,3428553,451
261836581,14.393,32.7551,425,29892,0.0370737,0.07,1,3429006,3428581,425
261839501,26.7572,33.502,426,29963,0.0568295,0.15,1,3429041,3428615,426
261842421,71.3029,72.2008,429,30034,0.0527318,0.17,1,3429142,3428713,429
261845341,65.1212,64.8803,430,30104,0.0870927,0.23,1,3429203,3428773,430
261871621,71.8335,71.3029,424,30730,0.22791,0.11,1,3429566,3429142,424
261874541,66.5334,65.1212,426,30799,0.253164,0.11,1,3429629,3429203,426
261877461,47.6134,47.6485,425,30868,0.263266,0.13,1,3429664,3429239,425
261880381,44.8453,43.0594,428,30937,0.291306,0.19,1,3429707,3429279,428
261900821,74.1128,23.2335,535,31413,0.415515,0.25,1,3429999,3429464,535
261903741,66.8451,70.4934,495,31480,0.436206,0.27,1,3430061,3429566,495
261906661,49.538,65.9974,470,31547,0.432482,0.27,1,3430099,3429629,470
261941701,52.6391,45.0152,503,32343,0.766032,0.61,2,3430644,3430141,503
261973821,52.9775,52.6391,461,33054,0.911721,0.83,2,3431105,3430644,461
261979661,39.7964,38.6623,464,33182,0.917475,0.85,2,3431180,3430716,464
261982581,32.7186,32.2649,464,33246,0.94899,0.85,2,3431208,3430744,464
261985501,14.2874,14.106,464,33310,0.937596,0.83,2,3431210,3430746,464
262128581,35.6078,45.5992,486,36290,0.449959,0.98,1,3433325,3432839,486
262131501,40.0431,43.4397,487,36348,0.401984,1,1,3433368,3432881,487
262154861,35.5355,38.1219,453,36811,0.298058,0.45,1,3433641,3433188,453
262175301,40.3327,9.85876,487,37210,0.429215,0.35,1,3433904,3433417,487
262219101,31.7893,32.6132,477,38054,0.757124,0.51,2,3434451,3433974,477
262222021,34.3157,31.6453,482,38110,0.77685,0.53,2,3434487,3434005,482
262242461,25.8671,32.1437,475,38495,0.901544,0.67,2,3434750,3434275,475
262248301,44.2187,42.583,501,38605,0.915847,0.73,2,3434851,3434350,501
262251221,18.8875,43.4332,459,38660,0.924339,0.75,2,3434853,3434394,459
262414741,35.1056,20.8364,539,41608,0.783088,1,2,3436918,3436379,539
262429341,28.6104,35.5394,495,41862,0.238985,1,1,3437078,3436583,495
262435181,34.9377,31.1263,511,41962,0.0454376,1,1,3437152,3436641,511
262438101,27.7751,39.4505,489,42012,0.048175,1,1,3437175,3436686,489
262441021,48.31,54.7802,486,42062,0.04927,1,1,3437237,3436751,486
262443941,37.924,45.3121,478,42112,0.025708,0.97,1,3437268,3436790,478
262446861,31.3696,35.5248,476,42162,0.0762832,0.84,1,3437295,3436819,476
262449781,21.5478,30.4099,464,42212,0.0365133,0.89,1,3437310,3436846,464
262452701,27.8191,33.764,460,42262,0.0446053,0.71,1,3437342,3436882,460
262455621,30.3277,35.1056,456,42312,0.0478421,0.69,1,3437374,3436918,456
262458541,20.5311,24.8422,452,42362,0.0611369,0.47,1,3437388,3436936,452
262461461,32.8124,37.5369,447,42412,0.0664547,0.37,1,3437429,3436982,447
262464381,31.725,37.8148,440,42462,0.0685819,0.27,1,3437460,3437020,440
262467301,28.89,35.5259,433,42512,0.0574328,0.17,1,3437487,3437054,433
262470221,24.156,28.6104,430,42562,0.0769731,0.03,1,3437508,3437078,430
262473141,31.2624,34.8441,427,42612,0.0607892,0,1,3437544,3437117,427
262476061,31.705,34.9377,424,42662,0.0543157,0.05,1,3437576,3437152,424
262478981,25.282,27.7751,422,42711,0.0637263,0.05,1,3437597,3437175,422
262481901,50.3128,48.31,427,42760,0.0434905,0.01,1,3437664,3437237,427
262484821,38.7251,37.924,427,42809,0.0353962,0.11,1,3437695,3437268,427
262487741,29.89,31.3696,424,42858,0.0441585,0.01,1,3437719,3437295,424
262490661,19.756,21.5478,422,42907,0.0596634,0.05,1,3437732,3437310,422
262493581,27.1024,27.8191,422,42956,0.0538654,0.05,1,3437764,3437342,422
262496501,30.041,30.3277,422,43005,0.0755461,0.05,1,3437796,3437374,422
262499421,21.0164,12.1311,437,43054,0.0962185,0.07,1,3437811,3437374,437
262525701,39.5266,50.308,454,43495,0.0722712,0.03,1,3438118,3437664,454
262528621,30.2106,38.7232,447,43544,0.0709085,0.05,1,3438142,3437695,447
262531541,19.2843,29.8893,435,43592,0.0703634,0.07,1,3438154,3437719,435
262534461,28.1137,19.7557,456,43640,0.0461454,0.05,1,3438188,3437732,456
262537381,31.0455,27.1023,457,43688,0.0364581,0.09,1,3438221,3437764,457
262540301,22.6182,30.0409,442,43736,0.0205833,0.11,1,3438238,3437796,442
262543221,33.6473,21.0164,468,43784,0.0742333,0.11,1,3438279,3437811,468
262546141,33.2589,33.0065,460,43832,0.0836933,0.13,1,3438312,3437852,460
262566581,38.5242,50.8165,456,44168,0.0951145,0.05,1,3438542,3438086,456
262569501,29.8097,39.5266,448,44216,0.0560458,0.07,1,3438566,3438118,448
262572421,19.1239,30.2106,436,44264,0.0404183,0.07,1,3438578,3438142,436
262575341,26.8496,19.2843,456,44312,0.0461673,0.03,1,3438610,3438154,456
262578261,30.5398,28.1137,455,44360,0.0364669,0.03,1,3438643,3438188,455
262581181,23.0159,31.0455,440,44408,0.0325868,0.01,1,3438661,3438221,440
262584101,34.4064,22.6182,465,44456,0.0310347,0.11,1,3438703,3438238,465
262587021,14.9625,33.6473,426,44503,0.0424139,0.09,1,3438705,3438279,426
262589941,26.985,33.2589,428,44550,0.0829656,0.13,1,3438740,3438312,428
262592861,25.794,27.7036,429,44597,0.0991862,0.13,1,3438765,3438336,429
262622061,30.1073,30.5398,423,45067,0.204918,0.03,1,3439066,3438643,423
262624981,23.4429,23.0159,424,45114,0.207967,0.03,1,3439085,3438661,424
262627901,34.5772,34.4064,424,45161,0.221187,0.05,1,3439127,3438703,424
262630821,15.0309,14.9625,424,45208,0.226475,0.11,1,3439129,3438705,424
262633741,28.2123,26.985,426,45255,0.25259,0.11,1,3439166,3438740,426
262636661,26.8849,25.794,427,45302,0.287036,0.15,1,3439192,3438765,427
262660021,19.1475,18.6705,429,45672,0.417599,0.21,1,3439430,3439001,429
262662941,28.059,27.2682,430,45718,0.425039,0.21,1,3439464,3439034,430
262665861,31.0236,30.1073,431,45764,0.440016,0.21,1,3439497,3439066,431
262712581,24.2749,31.0229,462,46497,0.750871,0.51,2,3439959,3439497,462
262715501,37.31,23.2092,490,46542,0.762348,0.49,2,3440005,3439515,490
262718421,16.124,36.2837,447,46587,0.766939,0.49,2,3440007,3439560,447
262721341,29.2496,15.7135,483,46632,0.792776,0.51,2,3440045,3439562,483
262741781,37.0861,47.8563,481,46947,0.909236,0.65,2,3440283,3439802,481
262782661,23.8862,24.0384,465,47573,0.910673,0.89,2,3440653,3440188,465
262785581,49.7545,49.2154,466,47617,0.910269,0.93,2,3440720,3440254,466
262791421,32.2007,32.8345,466,47705,0.917243,0.89,2,3440779,3440313,466
262794341,20.0803,20.3338,466,47749,0.924897,0.85,2,3440791,3440325,466
262797261,29.6321,30.9335,464,47793,0.939959,0.83,2,3440827,3440363,464
262800181,32.2528,33.3734,463,47837,0.945984,0.85,2,3440861,3440398,463
262803101,25.5011,25.3494,464,47881,0.936393,0.85,2,3440882,3440418,464
262808941,16.3202,16.2959,464,47969,0.940623,0.81,2,3440930,3440466,464
263010421,321.895,356.008,470,23360,0.441171,0.82,1,3442984,3442514,470
263013341,155.758,173.003,464,23451,0.230468,0.67,1,3443029,3442565,464
263025021,54.8482,72.8001,443,23810,0.211964,0.07,1,3443275,3442832,443
263036701,42.0409,54.5005,426,24164,0.22301,0.11,1,3443455,3443029,426
263039621,75.0164,80.0002,426,24252,0.263204,0.19,1,3443552,3443126,426
263042541,57.6065,56.6001,431,24339,0.291282,0.19,1,3443598,3443167,431
263057141,37.8657,35.9364,432,24771,0.410839,0.27,1,3443841,3443409,432
263112621,60.4339,80.6226,499,26349,0.764139,0.65,2,3444939,3444440,499
263208981,46.6023,39.7221,527,28882,0.94,1,2,3446662,3446135,527
263214821,52.9364,87.3555,493,29028,0.7708,1,2,3446802,3446309,493
263261541,38.2274,39.1383,448,30173,0.761034,0.53,2,3447529,3447081,448
263264461,44.691,45.0553,448,30243,0.790414,0.57,2,3447578,3447130,448
263273221,48.8442,47.8595,454,30453,0.922507,0.67,2,3447757,3447303,454
263454261,53.5095,55.2128,532,34496,0.0963115,1,1,3450575,3450043,532
263457181,54.4038,58.6851,526,34557,0.0565246,1,1,3450630,3450104,526
263460101,43.3615,52.874,513,34618,0.0286098,0.97,1,3450666,3450153,513
263463021,37.7446,44.5496,508,34679,0.0294439,0.94,1,3450700,3450192,508
263465941,36.0978,39.4198,507,34740,0.0177776,0.82,1,3450735,3450228,507
263468861,28.8391,37.9679,494,34801,0.037111,0.76,1,3450759,3450265,494
263471781,37.3357,34.9872,504,34862,0.0328444,0.69,1,3450802,3450298,504
263474701,33.5343,42.1949,488,34923,0.0311378,0.57,1,3450833,3450345,488
263477621,30.2137,40.2779,477,34984,0.0544551,0.39,1,3450861,3450384,477
263480541,30.6855,37.7112,472,35044,0.075782,0.29,1,3450892,3450420,472
263483461,42.8742,36.6845,487,35104,0.0483128,0.03,1,3450943,3450456,487
263486381,50.1497,54.2738,476,35164,0.0493251,0.05,1,3450998,3450522,476
263489301,51.8599,53.5095,476,35224,0.0197301,0.03,1,3451051,3450575,476
263492221,42.3439,54.4038,457,35284,0.073892,0.01,1,3451087,3450630,457
263495141,37.3376,43.3615,455,35344,0.0475568,0.03,1,3451121,3450666,455
263498061,35.935,37.7446,456,35404,0.0490227,0.01,1,3451156,3450700,456
263500981,28.774,36.0978,445,35464,0.0256091,0.05,1,3451180,3450735,445
263503901,38.5096,28.8391,466,35524,0.0522436,0.03,1,3451225,3450759,466
263506821,33.4038,37.3357,453,35584,0.0388975,0.03,1,3451255,3450802,453
263509741,30.7615,33.5343,451,35643,0.033559,0.07,1,3451284,3450833,451
263512661,13.5046,30.2137,425,35702,0.0314236,0.09,1,3451286,3450861,425
263515581,24.0018,30.6855,425,35761,0.0305694,0.03,1,3451317,3450892,425
263518501,39.0007,42.8742,423,35820,0.0422278,0.05,1,3451366,3450943,423
263521421,49.2003,50.1497,424,35879,0.0468911,0,1,3451422,3450998,424
263524341,50.2801,51.8599,422,35938,0.0487564,0.11,1,3451473,3451051,422
263527261,43.512,42.3439,425,35997,0.0255026,0.03,1,3451512,3451087,425
263530181,36.0048,37.3376,422,36056,0.040201,0.05,1,3451543,3451121,422
263533101,35.4019,35.935,422,36115,0.0460804,0.01,1,3451578,3451156,422
263536021,28.5608,28.774,422,36174,0.0184322,0.07,1,3451602,3451180,422
263538941,42.0243,38.5096,428,36232,0.0253729,0.03,1,3451653,3451225,428
263541861,31.8097,33.4038,423,36290,0.0521491,0.03,1,3451678,3451255,423
263544781,30.1239,30.7615,423,36348,0.0268597,0.03,1,3451707,3451284,423
263547701,13.2496,13.5046,423,36406,0.0407439,0.03,1,3451709,3451286,423
263550621,23.2998,24.0018,422,36464,0.0342975,0.05,1,3451739,3451317,422
263553541,38.7199,39.0007,422,36522,0.079719,0.05,1,3451788,3451366,422
263556461,49.088,49.2003,422,36580,0.0498876,0.05,1,3451844,3451422,422
263559381,50.2352,50.2801,422,36638,0.025955,0.01,1,3451895,3451473,422
263562301,45.2941,43.512,425,36696,0.010382,0.05,1,3451937,3451512,425
263565221,34.9176,36.0048,422,36754,0.0461528,0.05,1,3451965,3451543,422
263568141,34.9671,35.4019,422,36811,0.0244611,0,1,3452000,3451578,422
263571061,28.3868,28.5608,422,36868,0.00978445,0.03,1,3452024,3451602,422
263573981,42.5547,42.0243,423,36925,0.0579138,0.07,1,3452076,3451653,423
263576901,32.6219,31.8097,424,36982,0.0891655,0.01,1,3452102,3451678,424
263579821,29.2488,30.1239,422,37039,0.0896662,0.05,1,3452129,3451707,422
263582741,12.8995,13.2496,422,37096,0.0898665,0.03,1,3452131,3451709,422
263585661,23.1598,23.2998,422,37153,0.0659466,0.03,1,3452161,3451739,422
263588581,39.8639,9.31993,473,37210,0.0683786,0.11,1,3452212,3451739,473
263591501,47.7456,33.128,477,37267,0.0333515,0.03,1,3452265,3451788,477
263594421,49.6982,46.8512,472,37324,0.0193406,0.01,1,3452316,3451844,472
263597341,45.0793,49.3405,463,37381,0.0137362,0,1,3452358,3451895,463
263600261,35.4317,44.9362,450,37438,0.0234945,0.07,1,3452387,3451937,450
263603181,34.5727,34.7745,456,37494,0.0273978,0.01,1,3452421,3451965,456
263606101,29.4291,34.9098,447,37550,0.0289591,0,1,3452447,3452000,447
263609021,44.1716,28.3639,477,37606,0.0535837,0.09,1,3452501,3452024,477
263611941,33.8687,42.5456,452,37662,0.0514335,0.11,1,3452528,3452076,452
263614861,29.1475,32.6182,452,37718,0.0505734,0.09,1,3452554,3452102,452
263617781,12.859,29.2473,427,37774,0.0502294,0.09,1,3452556,3452129,427
263620701,20.7436,12.8989,451,37830,0.0740917,0.05,1,3452582,3452131,451
263623621,40.6974,23.1596,475,37886,0.0476367,0.07,1,3452636,3452161,475
263626541,46.879,39.8638,475,37942,0.0190547,0.01,1,3452687,3452212,475
263629461,48.7516,47.7455,472,37998,0.0376219,0.01,1,3452737,3452265,472
263632381,45.3006,49.6982,464,38054,0.0150487,0.01,1,3452780,3452316,464
263635301,36.1203,45.0793,452,38110,0.0120195,0.03,1,3452810,3452358,452
263638221,33.6481,35.4317,455,38165,0.0468078,0.03,1,3452842,3452387,455
263641141,30.2592,34.5727,449,38220,0.0187231,0.03,1,3452870,3452421,449
263644061,45.1037,29.4291,478,38275,0.0254892,0.07,1,3452925,3452447,478
263646981,33.6415,44.1716,450,38330,0.0281957,0.05,1,3452951,3452501,450
263649901,29.6566,33.8687,450,38385,0.0412783,0.05,1,3452978,3452528,450
263652821,13.0626,29.1475,426,38440,0.0225113,0.05,1,3452980,3452554,426
263655741,21.4251,12.859,451,38495,0.0630045,0.09,1,3453007,3452556,451
263661581,47.108,40.6974,475,38605,0.0832807,0,1,3453111,3452636,475
263664501,20.0432,46.879,426,38660,0.0753123,0.05,1,3453113,3452687,426
263667421,35.6173,48.7516,422,38715,0.0841249,0,1,3453159,3452737,422
263670341,40.0469,45.3006,422,38770,0.06365,0.01,1,3453202,3452780,422
263673261,35.2188,36.1203,424,38824,0.05546,0.07,1,3453234,3452810,424
263676181,32.6875,33.6481,423,38878,0.064184,0,1,3453265,3452842,423
263679101,29.875,30.2592,423,38932,0.0436736,0.03,1,3453293,3452870,423
263682021,44.95,45.1037,423,38986,0.0234694,0.03,1,3453348,3452925,423
263684941,33.58,33.6415,423,39040,0.0153878,0.05,1,3453374,3452951,423
263687861,29.632,29.6566,423,39094,0.0241551,0.01,1,3453401,3452978,423
263690781,13.0528,13.0626,423,39148,0.027662,0.09,1,3453403,3452980,423
263693701,23.2211,21.4251,426,39202,0.0530648,0.13,1,3453433,3453007,426
263696621,41.6884,39.77,428,39256,0.0752259,0.07,1,3453487,3453059,428
263699541,46.6754,47.108,426,39310,0.20409,0.07,1,3453537,3453111,426
263702461,19.8702,20.0432,426,39364,0.255636,0.09,1,3453539,3453113,426
263719981,44.389,44.95,422,39685,0.243814,0.01,1,3453770,3453348,422
263722901,33.3556,33.58,422,39738,0.235526,0.03,1,3453796,3453374,422
263725821,29.5422,29.632,422,39791,0.22021,0.03,1,3453823,3453401,422
263728741,13.0169,13.0528,422,39844,0.214084,0.07,1,3453825,3453403,422
263731661,25.0068,23.2211,425,39897,0.211634,0.09,1,3453858,3453433,425
263734581,43.0027,41.6884,426,39950,0.210653,0.29,1,3453913,3453487,426
263737501,53.2011,46.6754,436,40003,0.210261,0.29,1,3453973,3453537,436
263746261,38.7569,14.4592,477,40162,0.208577,0.37,1,3454063,3453586,477
263749181,34.7027,28.5837,471,40215,0.233431,0.39,1,3454095,3453624,471
263752101,33.0811,31.2335,470,40268,0.243372,0.33,1,3454127,3453657,470
263755021,24.0324,32.2934,455,40320,0.271349,0.31,1,3454145,3453690,455
263795901,43.4794,24.0324,492,41047,0.409509,0.33,1,3454637,3454145,492
263798821,32.9918,42.613,463,41098,0.421803,0.33,1,3454663,3454200,463
263854301,54.2134,53.3414,447,42062,0.783785,0.49,2,3455287,3454840,447
263857221,22.8854,22.5365,447,42112,0.799514,0.55,2,3455289,3454842,447
263865981,17.4967,17.0423,450,42262,0.902929,0.59,2,3455384,3454934,450
263868901,26.7987,26.6169,450,42312,0.919172,0.63,2,3455417,3454967,450
264073301,36.5991,33.4816,492,45672,0.930415,1,2,3457759,3457267,492
264087901,30.0993,27.2123,499,45902,0.791764,1,2,3457903,3457404,499
264093741,22.3359,12.754,510,45994,0.783082,1,2,3457949,3457439,510
264096661,28.1344,23.1016,512,46040,0.751233,0.96,2,3457981,3457469,512
264099581,28.6537,30.2406,506,46086,0.798493,1,2,3458010,3457504,506
264108341,46.4018,30.5194,530,46224,0.784784,1,2,3458130,3457600,530
264117101,34.0017,29.9852,505,46362,0.910146,0.91,2,3458223,3457718,505
264120021,29.8007,36.5941,491,46407,0.934058,0.83,2,3458250,3457759,491
264137541,24.3135,28.8397,478,46677,0.912598,0.81,2,3458409,3457931,478
264140461,28.9254,22.3359,492,46722,0.935039,0.73,2,3458441,3457949,492
264143381,28.9702,28.1343,489,46767,0.932016,0.83,2,3458470,3457981,489
264146301,31.9881,28.6537,494,46812,0.930806,0.83,2,3458504,3458010,494
264149221,31.9952,31.2615,493,46857,0.906323,0.85,2,3458536,3458043,493
264347781,37.6945,35.1935,529,49824,0.907312,1,2,3460622,3460093,529
264350701,25.8778,35.6774,511,49866,0.938925,1,2,3460640,3460129,511
264353621,33.1511,34.671,515,49908,0.94557,1,2,3460678,3460163,515
264362381,35.5057,32.7949,521,50034,0.751956,1,2,3460782,3460261,521
264368221,27.4009,31.1672,520,50118,0.755113,1,2,3460838,3460318,520
264447061,33.1657,33.5584,446,51241,0.765915,0.59,2,3461538,3461092,446
264449981,28.2663,29.0234,445,51282,0.792366,0.53,2,3461563,3461118,445
264508381,28.206,27.5476,490,52100,0.908984,0.87,2,3462113,3461623,490
264511301,31.0824,27.819,495,52140,0.909594,0.85,2,3462146,3461651,495
264514221,32.833,30.9276,496,52180,0.933838,0.83,2,3462180,3461684,496
264772641,71.2448,80.5026,478,25716,0.416752,0.63,1,3464708,3464230,478
264778481,50.1592,50.3204,485,25880,0.41348,0.65,1,3464814,3464329,485
264781401,68.0637,62.7282,494,25962,0.411392,0.61,1,3464894,3464400,494
264819361,65.0893,78.4382,446,27004,0.789138,0.49,2,3465554,3465108,446
264833961,37.1283,36.2368,452,27394,0.901044,0.63,2,3465801,3465349,452
264836881,33.4513,31.8947,454,27471,0.918418,0.75,2,3465832,3465378,454
264839801,66.1805,62.5579,459,27548,0.937367,0.75,2,3465920,3465461,459
264962441,42.7894,40.3715,490,30609,0.76984,1,2,3468064,3467574,490
264977041,54.2087,57.4057,485,30954,0.071272,1,1,3468293,3467808,485
264979961,38.4835,40.9623,483,31022,0.0345088,1,1,3468321,3467838,483
264982881,69.3934,68.5849,486,31090,0.0198035,0.94,1,3468411,3467925,486
264985801,45.7574,57.434,466,31158,0.0499214,0.79,1,3468441,3467975,466
264988721,45.9029,55.9736,457,31226,0.0499686,0.71,1,3468487,3468030,457
264991641,36.3612,42.7894,453,31294,0.0739874,0.71,1,3468517,3468064,453
264994561,30.1445,17.1158,479,31362,0.083595,0.53,1,3468543,3468064,479
264997481,45.0578,28.4463,498,31429,0.063438,0.37,1,3468598,3468100,498
265000401,33.0231,49.7785,459,31496,0.0433752,0.19,1,3468623,3468164,459
265003321,29.4092,37.9114,456,31563,0.0353501,0.07,1,3468650,3468194,456
265006241,50.7637,34.3646,489,31630,0.01414,0.01,1,3468715,3468226,489
265009161,36.5055,53.9458,449,31697,0.011656,0.01,1,3468742,3468293,449
265012081,70.4022,38.3783,514,31764,0.0346624,0.01,1,3468835,3468321,514
265015001,46.1609,69.3513,454,31831,0.031865,0.07,1,3468865,3468411,454
265017921,46.0643,45.7405,470,31897,0.042746,0.05,1,3468911,3468441,470
265020841,35.8257,45.8962,453,31963,0.0470984,0.09,1,3468940,3468487,453
265023761,29.3303,36.3585,448,32029,0.0368394,0.09,1,3468965,3468517,448
265026681,44.7321,30.1434,477,32095,0.0567357,0.05,1,3469020,3468543,477
265029601,34.0928,45.0574,449,32161,0.0526943,0.03,1,3469047,3468598,449
265032521,29.2371,33.0229,450,32227,0.0630777,0.03,1,3469073,3468623,450
265035441,50.6949,29.4092,488,32293,0.0432311,0,1,3469138,3468650,488
265038361,35.2779,50.7637,448,32359,0.0352924,0.01,1,3469163,3468715,448
265041281,70.5112,36.5055,515,32424,0.044117,0.05,1,3469257,3468742,515
265044201,46.2045,70.4022,452,32489,0.0356468,0.03,1,3469287,3468835,452
265061721,24.3498,34.0928,425,32878,0.218402,0.07,1,3469472,3469047,425
265064641,25.3399,29.2371,425,32942,0.237361,0.03,1,3469498,3469073,425
265067561,47.936,50.6949,423,33006,0.256944,0.03,1,3469561,3469138,423
265070481,33.5744,35.2779,422,33070,0.240778,0.05,1,3469585,3469163,422
265076321,46.1719,46.2045,423,33198,0.0757244,0.15,1,3469710,3469287,423
265079241,52.0688,47.2818,431,33262,0.0602898,0.19,1,3469766,3469335,431
265082161,38.8275,36.9127,431,33326,0.0781159,0.19,1,3469796,3469365,431
265085081,28.731,27.9651,431,33389,0.0852464,0.17,1,3469818,3469387,431
265088001,43.8924,44.186,430,33452,0.0880985,0.17,1,3469872,3469442,430
265108441,44.0936,46.1719,422,33893,0.0984242,0.05,1,3470132,3469710,422
265137641,61.2041,30.0596,511,34511,0.229811,0.11,1,3470525,3470014,511
265140561,43.0816,64.8238,454,34572,0.229924,0.07,1,3470556,3470102,454
265143481,52.6327,43.9295,483,34633,0.22997,0.13,1,3470615,3470132,483
265149321,30.7412,38.9487,452,34755,0.203595,0.23,1,3470672,3470220,452
265163921,49.6204,27.4392,494,35059,0.233339,0.19,1,3470855,3470361,494
265166841,31.8482,48.7757,451,35119,0.243336,0.21,1,3470875,3470424,451
265169761,62.5393,31.5103,514,35179,0.259334,0.25,1,3470958,3470444,514
265172681,43.6157,61.2041,464,35239,0.289734,0.23,1,3470989,3470525,464
265187281,19.1455,45.2965,432,35539,0.4152,0.19,1,3471159,3470727,432
265190201,28.6582,19.3186,465,35598,0.44808,0.19,1,3471194,3470729,465
265236921,31.9979,29.9608,452,36535,0.76881,0.65,2,3471761,3471309,452
265254441,48.6134,47.2021,456,36881,0.917305,0.73,2,3472056,3471600,456
265400441,47.7395,54.1727,480,39643,0.928,1,2,3473954,3473474,480
265412121,30.2525,27.9932,506,39855,0.754749,1,2,3474077,3473571,506
265423801,43.4609,43.8398,492,40067,0.43505,1,1,3474253,3473761,492
265426721,32.9843,17.5359,518,40120,0.42002,1,1,3474279,3473761,518
265429641,33.5937,22.6144,526,40173,0.282008,1,1,3474313,3473787,526
265438401,45.014,30.1753,536,40330,0.0643685,0.88,1,3474431,3473895,536
265441321,32.4056,47.4701,501,40382,0.0557474,0.83,1,3474455,3473954,501
265444241,27.9622,37.5881,495,40434,0.064299,0.87,1,3474480,3473985,495
265447161,28.5849,33.0352,494,40486,0.0557196,0.79,1,3474509,3474015,494
265450081,26.434,33.6141,485,40538,0.0522878,0.71,1,3474534,3474049,485
265453001,25.5736,30.2456,482,40590,0.0269151,0.67,1,3474559,3474077,482
265455921,26.4294,30.6983,478,40642,0.0167661,0.55,1,3474586,3474108,478
265458841,56.7718,30.8793,524,40694,0.0367064,0.43,1,3474663,3474139,524
265461761,39.5087,62.1517,469,40746,0.0446826,0.39,1,3474691,3474222,469
265464681,29.0035,43.4607,460,40798,0.035873,0.41,1,3474713,3474253,460
265467601,27.8014,32.9843,461,40850,0.0443492,0.19,1,3474740,3474279,461
265470521,30.9206,33.5937,460,40902,0.0837397,0.07,1,3474773,3474313,460
265488041,25.9844,28.5849,447,41210,0.0763577,0.05,1,3474956,3474509,447
265490961,24.7938,26.434,446,41261,0.0845431,0.01,1,3474980,3474534,446
265493881,27.3175,25.5736,450,41312,0.0878172,0.01,1,3475009,3474559,450
265496801,56.527,26.4294,499,41363,0.0411269,0.05,1,3475085,3474586,499
265499721,40.6108,56.7718,452,41414,0.0584508,0.05,1,3475115,3474663,452
265502641,28.2443,39.5087,444,41465,0.0893803,0.03,1,3475135,3474691,444
265517241,42.7087,42.2673,430,41720,0.228579,0.13,1,3475282,3474852,430
265520161,31.4835,32.5069,428,41771,0.253432,0.17,1,3475306,3474878,428
265523081,28.1934,27.4028,430,41822,0.251373,0.09,1,3475332,3474902,430
265526001,26.8774,28.9611,426,41872,0.262549,0.05,1,3475358,3474932,426
265528921,26.3509,25.9844,428,41922,0.29102,0.09,1,3475384,3474956,428
265537681,55.1585,56.527,424,42072,0.250705,0.07,1,3475509,3475085,424
265540601,41.2634,40.6108,426,42122,0.250282,0.11,1,3475541,3475115,426
265543521,29.7054,28.2443,428,42172,0.250113,0.15,1,3475563,3475135,428
265546441,27.4821,27.4977,427,42222,0.250045,0.15,1,3475589,3475162,427
265549361,12.1929,12.1991,427,42272,0.226018,0.15,1,3475591,3475164,427
265552281,29.4771,27.6796,430,42322,0.228407,0.23,1,3475632,3475202,430
265555201,28.5909,27.2719,431,42372,0.289363,0.25,1,3475660,3475229,431
265569801,26.7542,26.3509,435,42622,0.411587,0.33,1,3475819,3475384,435
265572721,24.5017,23.7404,436,42672,0.410635,0.31,1,3475842,3475406,436
265575641,26.6007,26.8962,435,42721,0.422254,0.21,1,3475870,3475435,435
265677841,30.5996,30.9565,481,44417,0.773547,0.63,2,3476994,3476513,481
265695361,28.9484,27.7456,458,44699,0.949769,0.73,2,3477165,3476707,458
265829681,28.2245,31.0248,497,46819,0.928,1,2,3478603,3478106,497
265853041,24.5677,27.3531,506,47179,0.918251,1,2,3478875,3478369,506
265864721,24.2497,23.2698,503,47359,0.900803,1,2,3478997,3478494,503
265867641,27.0999,22.5079,510,47404,0.906321,1,2,3479026,3478516,510
265870561,16.24,26.4032,490,47448,0.944529,1,2,3479035,3478545,490
265873481,21.496,28.5613,485,47492,0.923811,0.88,2,3479060,3478575,485
265876401,22.3984,28.2245,480,47536,0.927525,1,2,3479083,3478603,480
266067661,310.414,345.598,470,23360,0.417616,0.15,1,3481339,3480869,470
266108541,111.187,96.1342,480,23541,0.0476074,0.03,1,3481712,3481232,480
266111461,61.2746,79.2537,440,23631,0.025043,0.07,1,3481740,3481300,440
266114381,31.1098,43.7015,431,23721,0.0640172,0.03,1,3481751,3481320,431
266134821,49.2242,51.034,425,24339,0.0672039,0.09,1,3482165,3481740,425
266137741,25.6897,27.0136,424,24426,0.0448816,0.13,1,3482175,3481751,424
266140661,46.8759,45.0054,428,24513,0.0239526,0.13,1,3482236,3481808,428
266143581,45.7504,43.8022,430,24599,0.0755811,0.13,1,3482281,3481851,430
266146501,60.3001,60.1209,429,24685,0.0842324,0.21,1,3482351,3481922,429
266155261,76.4832,79.5437,424,24942,0.210111,0.03,1,3482560,3482136,424
266158181,47.3933,49.2175,423,25027,0.258044,0.03,1,3482588,3482165,423
266161101,24.9573,25.687,423,25112,0.253218,0.01,1,3482598,3482175,423
266164021,46.5829,46.8748,423,25196,0.227287,0.11,1,3482659,3482236,423
266166941,46.8332,45.7499,425,25280,0.204915,0.09,1,3482706,3482281,425
266175701,69.2373,21.408,507,25531,0.213035,0.21,1,3482907,3482400,507
266178621,78.6949,55.3632,514,25614,0.283214,0.23,1,3482992,3482478,514
266196141,56.6989,60.6807,483,26106,0.402814,0.19,1,3483259,3482776,483
266199061,71.2796,56.0723,511,26187,0.443126,0.23,1,3483340,3482829,511
266234101,19.2921,26.3059,448,27141,0.758578,0.55,2,3483917,3483469,448
266237021,43.1168,45.3224,449,27219,0.765431,0.55,2,3483976,3483527,449
266239941,45.4467,45.7289,450,27297,0.780173,0.59,2,3484023,3483573,450
266242861,62.5787,62.0916,451,27375,0.774069,0.65,2,3484097,3483646,451
266245781,58.6315,57.8366,452,27452,0.771628,0.69,2,3484153,3483701,452
266257461,32.6962,31.7302,459,27760,0.904826,0.77,2,3484365,3483906,459
266260381,20.8785,19.2921,461,27836,0.90793,0.77,2,3484378,3483917,461
266263301,43.1514,43.1168,460,27912,0.933172,0.79,2,3484436,3483976,460
266377181,302.405,223.547,634,13302,0.4132,1,1,3486674,3486040,634
266383021,107.065,145.807,480,13620,0.086512,0.91,1,3486818,3486338,480
266385941,60.8259,74.523,483,13776,0.0646048,0.83,1,3486848,3486365,483
266387401,152.73,51.4092,661,13930,0.0258419,0.09,1,3487062,3486401,661
266390321,82.0921,184.364,423,14083,0.0403368,0.01,1,3487097,3486674,423
266393241,79.6369,119.945,424,14234,0.0341347,0.03,1,3487175,3486751,424
266396161,70.8547,88.1782,422,14383,0.0436539,0.05,1,3487240,3486818,422
266399081,47.5419,53.2713,424,14531,0.0354616,0,1,3487272,3486848,424
266402001,167.817,149.709,458,14677,0.0201846,0.05,1,3487520,3487062,458
266404921,112.727,80.8834,499,14822,0.00807385,0.03,1,3487596,3487097,499
266407841,84.0907,79.1534,486,14965,0.00922954,0.05,1,3487661,3487175,486
266410761,53.4363,70.6613,454,15107,0.0216918,0.03,1,3487694,3487240,454
266413681,22.5745,47.4645,424,15248,0.0266767,0.01,1,3487696,3487272,424
266416601,157.83,167.786,424,15387,0.0526707,0,1,3487944,3487520,424
266419521,108.132,112.714,423,15525,0.0510683,0.01,1,3488019,3487596,423
266422441,81.6528,84.0857,422,15662,0.0384273,0.03,1,3488083,3487661,422
266425361,53.0611,53.4343,423,15798,0.0453709,0.03,1,3488117,3487694,423
266428281,22.4244,22.5737,423,15932,0.0481484,0.07,1,3488119,3487696,423
266431201,157.77,157.829,423,16065,0.0612594,0.05,1,3488367,3487944,423
266434121,107.508,108.132,422,16197,0.0425037,0.03,1,3488441,3488019,422
266437041,81.4032,81.6527,422,16328,0.0350015,0.05,1,3488505,3488083,422
266439961,52.9613,53.0611,422,16458,0.0440006,0.05,1,3488539,3488117,422
266442881,22.3845,22.4244,422,16587,0.0476002,0.05,1,3488541,3488119,422
266453101,68.8194,80.5421,422,17093,0.0739386,0.05,1,3488927,3488505,422
266456021,47.9278,52.6168,422,17217,0.0355754,0.05,1,3488961,3488539,422
266458941,20.3711,22.2467,422,17340,0.0202302,0.15,1,3488963,3488541,422
266461861,162.948,129.499,479,17462,0.0380921,0.21,1,3489221,3488742,479
266464781,102.979,80.5995,494,17584,0.0692368,0.07,1,3489284,3488790,494
266467701,79.5918,76.0398,485,17705,0.0696947,0.05,1,3489348,3488863,485
266470621,52.8367,68.8159,456,17825,0.0338779,0.01,1,3489383,3488927,456
266473541,22.3347,47.9264,424,17944,0.0435512,0.01,1,3489385,3488961,424
266475001,129.534,20.3705,623,18062,0.0474205,0.05,1,3489586,3488963,623
266477921,87.2135,162.948,424,18180,0.0849682,0.05,1,3489645,3489221,424
266491061,128.801,19.8318,624,18757,0.214979,0.05,1,3490009,3489385,624
266493981,87.5202,128.533,483,18870,0.271992,0.11,1,3490069,3489586,483
266505661,20.9605,48.228,431,19315,0.403779,0.17,1,3490237,3489806,431
266507121,128.984,20.4912,630,19425,0.407512,0.25,1,3490438,3489808,630
266510041,91.7937,128.796,496,19534,0.433005,0.31,1,3490505,3490009,496
266512961,37.9175,87.5186,438,19643,0.443202,0.39,1,3490507,3490069,438
266543621,129.237,19.9979,650,20800,0.789839,0.69,2,3491330,3490680,650
266562601,128.967,18.9475,659,21504,0.945881,0.83,2,3491788,3491129,659
266629761,54.9091,81.4896,502,23758,0.933078,1,2,3493333,3492831,502
266635601,50.6655,64.0383,479,23936,0.905293,1,2,3493425,3492946,479
266638521,44.8662,44.8153,488,24025,0.908117,1,2,3493466,3492978,488
266644361,32.6186,21.5705,519,24201,0.789699,1,2,3493521,3493002,519
266658961,45.1833,55.9287,470,24636,0.0857025,0.91,1,3493895,3493425,470
266664801,27.2693,31.3886,463,24808,0.0941124,0.75,1,3493950,3493487,463
266676481,47.4933,52.9171,428,25148,0.218553,0.05,1,3494239,3493811,428
266679401,39.3973,43.9669,424,25232,0.213421,0.07,1,3494273,3493849,424
266682321,42.7589,45.1867,423,25316,0.247369,0.11,1,3494318,3493895,423
266685241,41.1036,39.6747,427,25400,0.260947,0.09,1,3494358,3493931,427
266688161,26.0414,27.2699,424,25483,0.266379,0.09,1,3494374,3493950,424
266691081,27.2166,10.908,452,25566,0.256552,0.11,1,3494402,3493950,452
266696921,83.6747,116.465,486,25732,0.411848,0.19,1,3494644,3494158,486
266699841,49.0699,80.1861,456,25814,0.446739,0.25,1,3494670,3494214,456
266752401,41.0325,41.1683,454,27254,0.77203,0.65,2,3495604,3495150,454
266755321,44.013,44.0673,454,27332,0.782812,0.67,2,3495650,3495196,454
266772841,86.9973,86.953,456,27793,0.943594,0.71,2,3495998,3495542,456
266775761,52.7989,51.5812,458,27869,0.947437,0.81,2,3496028,3495570,458
267035641,54.7591,58.2593,482,33966,0.928,1,2,3500333,3499851,482
267038561,53.1036,49.7037,490,34028,0.7612,1,2,3500385,3499895,490
267047321,31.6466,34.189,489,34214,0.440157,1,1,3500482,3499993,489
267050241,27.6587,13.6756,514,34276,0.290063,1,1,3500507,3499993,514
267053161,33.8635,23.4702,522,34338,0.230025,1,1,3500545,3500023,522
267056081,33.3454,32.7881,516,34400,0.09801,1,1,3500578,3500062,516
267059001,31.9382,34.7152,511,34461,0.069204,1,1,3500609,3500098,511
267061921,44.5753,33.0861,532,34522,0.0456816,1,1,3500662,3500130,532
267064841,79.6301,51.0344,572,34583,0.0242726,1,1,3500765,3500193,572
267067761,49.852,82.8138,498,34644,0.0277091,0.88,1,3500795,3500297,498
267070681,46.9408,54.7255,507,34705,0.0290836,0.65,1,3500840,3500333,507
267073601,39.7763,53.0902,490,34766,0.0416334,0.59,1,3500875,3500385,490
267076521,27.3105,44.0361,471,34827,0.0586534,0.47,1,3500894,3500423,471
267079441,25.9242,35.6144,466,34888,0.0534614,0.37,1,3500919,3500453,466
267082361,21.7697,31.6458,456,34949,0.0753845,0.19,1,3500938,3500482,456
267085281,28.5079,27.6583,464,35009,0.0481538,0.19,1,3500971,3500507,464
267088201,30.0031,33.8633,457,35069,0.0492615,0.01,1,3501002,3500545,457
267091121,28.8013,33.3453,452,35129,0.0497046,0.05,1,3501030,3500578,452
267094041,43.3205,31.9381,474,35189,0.0378818,0.03,1,3501083,3500609,474
267096961,79.7282,44.5753,525,35249,0.0691527,0.01,1,3501187,3500662,525
267099881,50.4913,79.6301,453,35309,0.0936611,0.03,1,3501218,3500765,453
267102801,46.5965,49.852,467,35369,0.0794644,0.03,1,3501262,3500795,467
267105721,40.8386,46.9408,459,35429,0.0737858,0.05,1,3501299,3500840,459
267108641,27.7354,39.7763,443,35489,0.0835143,0.07,1,3501318,3500875,443
267140761,42.5467,40.8386,427,36139,0.0966035,0.09,1,3501726,3501299,427
267167041,74.8626,79.4171,423,36661,0.095559,0.09,1,3502034,3501611,423
267169961,50.945,52.1668,424,36719,0.0562236,0.11,1,3502069,3501645,424
267172881,44.978,44.8667,425,36777,0.0524894,0.09,1,3502110,3501685,425
267175801,43.1912,42.5467,426,36834,0.0629958,0.13,1,3502152,3501726,426
267178721,28.0765,27.8187,426,36891,0.0431983,0.11,1,3502170,3501744,426
267181641,29.2306,27.9275,428,36948,0.0352793,0.19,1,3502200,3501772,428
267184561,24.8922,23.771,429,37005,0.0561117,0.13,1,3502222,3501793,429
267187481,27.9569,28.1084,428,37062,0.0764447,0.13,1,3502252,3501824,428
267190401,12.3828,12.4434,428,37119,0.0845779,0.13,1,3502254,3501826,428
267193321,22.9531,22.9773,428,37176,0.0758312,0.13,1,3502284,3501856,428
267196241,24.7812,9.19094,454,37233,0.0723325,0.17,1,3502310,3501856,454
267207921,44.9384,50.5921,464,37460,0.213484,0.05,1,3502533,3502069,464
267210841,42.5754,44.8368,464,37516,0.259394,0.07,1,3502574,3502110,464
267213761,27.8301,43.1347,440,37572,0.277757,0.03,1,3502592,3502152,440
267237121,75.3869,42.9125,523,38020,0.413295,0.19,1,3502888,3502365,523
267240041,51.1547,72.365,466,38076,0.435318,0.21,1,3502923,3502457,466
267242961,45.6619,49.346,474,38131,0.420127,0.23,1,3502965,3502491,474
267245881,44.6648,44.9384,476,38186,0.414051,0.29,1,3503009,3502533,476
267248801,28.6659,42.5754,453,38241,0.41162,0.29,1,3503027,3502574,453
267251721,28.8664,27.8301,464,38296,0.422648,0.33,1,3503056,3502592,464
267254641,26.5465,28.5321,460,38351,0.427059,0.31,1,3503081,3502621,460
267289681,30.0331,28.8664,444,39007,0.758275,0.43,2,3503500,3503056,444
267301361,27.9272,25.459,449,39223,0.766724,0.57,2,3503596,3503147,449
267353921,51.6056,66.3762,499,40182,0.922117,0.89,2,3504284,3503785,499
267356841,45.8422,46.9505,507,40235,0.938847,0.89,2,3504326,3503819,507
267485321,35.3742,28.2204,499,42481,0.939539,1,2,3505869,3505370,499
267494081,32.0959,24.5101,505,42631,0.91717,1,2,3505954,3505449,505
267501381,32.6301,28.6406,522,42779,0.757819,1,2,3506052,3505530,522
267549561,187.141,198.503,454,19818,0.225651,0.17,1,3506672,3506218,454
267555401,83.3425,79.5204,455,20031,0.0757042,0.05,1,3506797,3506342,455
267558321,59.137,61.8082,448,20137,0.0722817,0.03,1,3506840,3506392,448
267561241,78.2548,60.7233,479,20242,0.0709127,0.09,1,3506931,3506452,479
267564161,37.9019,57.2893,435,20347,0.0823651,0.11,1,3506942,3506507,435
267570001,79.2643,81.8863,485,20555,0.287978,0.09,1,3507157,3506672,485
267578761,76.8569,52.4007,515,20863,0.293711,0.07,1,3507355,3506840,515
267581681,36.7428,75.5603,434,20965,0.267484,0.09,1,3507365,3506931,434
267584601,15.8971,36.8241,425,21066,0.256994,0.27,1,3507367,3506942,425
267587521,105.359,107.73,435,21167,0.252797,0.35,1,3507532,3507097,435
267599201,73.0748,76.8459,434,21565,0.28684,0.25,1,3507789,3507355,434
267602121,35.2299,36.7384,434,21663,0.276736,0.25,1,3507799,3507365,434
267605041,15.292,15.8953,434,21761,0.272694,0.25,1,3507801,3507367,434
267607961,105.117,105.358,434,21858,0.295078,0.37,1,3507966,3507532,434
267613801,71.5387,71.2173,437,22052,0.401212,0.31,1,3508098,3507661,437
267616721,52.6155,53.6869,435,22148,0.442485,0.27,1,3508138,3507703,435
267651761,88.509,104.986,524,23271,0.75042,0.65,2,3508925,3508401,524
267657601,55.6814,74.3978,496,23453,0.908467,0.69,2,3509035,3508539,496
267771481,62.9618,52.1021,543,26750,0.255952,1,1,3511382,3510839,543
267777321,71.0339,41.2163,573,26908,0.0577523,1,1,3511504,3510931,573
267780241,51.2136,75.2865,513,26987,0.0531009,1,1,3511542,3511029,513
267783161,37.2854,48.1146,511,27065,0.0272404,1,1,3511570,3511059,511
267786081,22.7142,41.4458,487,27143,0.0768962,0.83,1,3511583,3511096,487
267789001,51.0857,74.7783,460,27221,0.0607585,0.53,1,3511653,3511193,460
267791921,63.0343,81.5113,445,27299,0.0663034,0.39,1,3511724,3511279,445
267794841,40.8137,52.4045,438,27377,0.0565214,0.09,1,3511750,3511312,438
267797761,50.5255,62.9618,425,27454,0.0766085,0.07,1,3511807,3511382,425
267800681,40.0102,45.5847,424,27531,0.0486434,0,1,3511840,3511416,424
267803601,69.4041,71.0339,425,27608,0.0374574,0.05,1,3511929,3511504,425
267806521,50.5616,51.2136,425,27685,0.0569829,0.01,1,3511967,3511542,425
267809441,37.0247,37.2854,425,27761,0.0887932,0.11,1,3511995,3511570,425
267812361,22.0099,22.7142,424,27837,0.0535173,0.05,1,3512007,3511583,424
267815281,50.2039,51.0857,423,27913,0.0514069,0.07,1,3512076,3511653,423
267818201,63.2816,63.0343,424,27989,0.0625628,0.05,1,3512148,3511724,424
267821121,39.7126,40.8137,422,28065,0.0790251,0.09,1,3512172,3511750,422
267824041,51.2851,50.5255,424,28140,0.06161,0.03,1,3512231,3511807,424
267826961,39.714,40.0102,423,28215,0.054644,0.03,1,3512263,3511840,423
267829881,68.6856,69.4041,422,28290,0.0278576,0.07,1,3512351,3511929,422
267832801,51.4742,50.5616,424,28365,0.041143,0.07,1,3512391,3511967,424
267835721,36.1897,20.2247,450,28440,0.0824572,0.11,1,3512417,3511967,450
267838641,21.6759,24.8899,434,28514,0.0989829,0.03,1,3512429,3511995,434
267856161,68.6366,39.6643,509,28956,0.0814429,0.01,1,3512772,3512263,509
267859081,52.6546,68.6657,463,29029,0.0505771,0.05,1,3512814,3512351,463
267862001,38.4619,51.4663,452,29102,0.0502309,0.11,1,3512843,3512391,452
267864921,21.3847,36.1865,436,29175,0.0500923,0.11,1,3512853,3512417,436
267870761,63.3016,50.6698,497,29320,0.225215,0.11,1,3512996,3512499,497
267873681,39.7206,62.8679,450,29392,0.252086,0.13,1,3513020,3512570,450
267885361,51.6904,68.6366,464,29679,0.285573,0.03,1,3513236,3512772,464
267888281,38.6762,52.6546,452,29750,0.264229,0.05,1,3513266,3512814,452
267891201,22.6705,38.4619,435,29821,0.255692,0.05,1,3513278,3512843,435
267894121,10.2682,21.3847,427,29892,0.252277,0.23,1,3513280,3512853,427
267897041,50.9073,51.7539,433,29963,0.214911,0.27,1,3513358,3512925,433
267899961,64.1629,63.3016,435,30034,0.247964,0.27,1,3513431,3512996,435
267902881,40.0652,39.7206,435,30104,0.249186,0.35,1,3513455,3513020,435
267905801,53.8261,51.2882,439,30174,0.225674,0.33,1,3513518,3513079,439
267908721,41.9304,40.3153,440,30244,0.21627,0.35,1,3513552,3513112,440
267911641,63.5722,64.7261,437,30314,0.260508,0.25,1,3513630,3513193,437
267914561,49.4289,51.6904,434,30384,0.278203,0.25,1,3513670,3513236,434
267917481,37.7715,38.6762,434,30454,0.297281,0.25,1,3513700,3513266,434
267920401,21.1086,22.6705,432,30523,0.280913,0.25,1,3513710,3513278,432
267923321,9.64345,10.2682,432,30592,0.298365,0.19,1,3513712,3513280,432
267935001,52.8597,53.8261,432,30868,0.40215,0.21,1,3513950,3513518,432
267937921,41.5439,41.9304,432,30937,0.41886,0.29,1,3513984,3513552,432
267940841,64.6175,63.5722,434,31005,0.437544,0.29,1,3514064,3513630,434
267943761,50.447,49.4289,435,31073,0.433018,0.31,1,3514105,3513670,435
267949601,21.2715,21.1086,435,31209,0.440083,0.31,1,3514145,3513710,435
267987561,68.6431,51.8832,523,32079,0.758176,0.47,2,3514750,3514227,523
267990481,42.4572,66.9533,471,32145,0.78927,0.51,2,3514775,3514304,471
268145241,66.5565,45.3929,552,35464,0.9232,1,2,3517099,3516547,552
268148161,50.0226,68.5572,507,35524,0.90328,1,2,3517138,3516631,507
268162761,49.1055,64.663,474,35820,0.422002,1,1,3517320,3516846,474
268168601,43.1369,44.4261,485,35938,0.24872,1,1,3517407,3516922,485
268177361,28.3688,32.8913,480,36115,0.0871981,0.88,1,3517490,3517010,480
268180281,58.1475,66.5565,469,36174,0.0528792,0.89,1,3517568,3517099,469
268183201,43.059,50.0226,463,36232,0.0511517,0.75,1,3517601,3517138,463
268186121,28.0236,36.809,453,36290,0.0504607,0.63,1,3517619,3517166,453
268189041,28.0094,34.5236,448,36348,0.0381843,0.59,1,3517647,3517199,448
268191961,31.0038,35.4094,445,36406,0.0452737,0.61,1,3517680,3517235,445
268194881,27.4015,26.7638,449,36464,0.0481095,0.29,1,3517705,3517256,449
268197801,41.5606,49.1055,436,36522,0.0252438,0.33,1,3517756,3517320,436
268200721,45.4242,47.8422,437,36580,0.0640975,0.17,1,3517804,3517367,437
268203641,34.9697,43.1369,425,36638,0.043639,0.03,1,3517832,3517407,425
268206561,33.1879,37.0548,424,36696,0.0474556,0.11,1,3517864,3517440,424
268209481,24.6752,27.4219,422,36754,0.0609822,0.07,1,3517883,3517461,422
268212401,27.2701,28.3688,422,36811,0.0783929,0.03,1,3517912,3517490,422
268215321,57.708,58.1475,422,36868,0.0373572,0.05,1,3517990,3517568,422
268218241,44.0832,43.059,424,36925,0.0569429,0.05,1,3518025,3517601,424
268221161,27.8333,28.0236,423,36982,0.0527771,0.03,1,3518042,3517619,423
268224081,27.3333,28.0094,422,37039,0.0271109,0.05,1,3518069,3517647,422
268227001,31.9333,31.0038,424,37096,0.0168443,0.05,1,3518104,3517680,424
268229921,28.3733,27.4015,425,37153,0.0487377,0.05,1,3518130,3517705,425
268232841,40.7493,10.9606,474,37210,0.0494951,0.01,1,3518179,3517705,474
268235761,45.6997,34.9842,472,37267,0.073798,0.09,1,3518228,3517756,472
268238681,33.8799,42.7937,450,37324,0.0835192,0.03,1,3518254,3517804,450
268241601,32.152,33.9175,453,37381,0.0754077,0.05,1,3518285,3517832,453
268244521,24.2608,32.767,440,37438,0.0601631,0.07,1,3518304,3517864,440
268273721,34.357,45.6997,451,37998,0.213796,0.09,1,3518679,3518228,451
268276641,31.7428,33.8799,455,38054,0.235518,0.07,1,3518709,3518254,455
268279561,24.6971,32.1519,444,38110,0.244207,0.05,1,3518729,3518285,444
268282481,32.0788,24.2608,462,38165,0.271683,0.15,1,3518766,3518304,462
268300001,30.7928,31.0711,458,38495,0.428564,0.17,1,3518983,3518525,458
268302921,42.3171,29.8284,479,38550,0.429426,0.21,1,3519033,3518554,479
268405121,28.4687,44.6891,465,40424,0.78347,0.61,2,3520225,3519760,465
268416801,42.2056,31.6144,500,40632,0.905897,0.63,2,3520371,3519871,500
268419721,50.4822,42.0458,507,40684,0.920359,0.67,2,3520427,3519920,507
268422641,21.3929,48.6183,456,40736,0.926143,0.67,2,3520429,3519973,456
268606601,33.6483,38.096,518,43880,0.9256,1,2,3522614,3522096,518
268612441,34.6637,35.6154,514,43976,0.931696,1,2,3522685,3522171,514
268618281,33.2662,31.1385,516,44072,0.774271,1,2,3522751,3522235,516
268641641,30.139,33.3803,511,44456,0.403003,1,1,3523027,3522516,511
268647481,22.2222,31.6208,486,44550,0.404081,0.9,1,3523065,3522579,486
268685441,29.7893,30.139,443,45161,0.281111,0.39,1,3523470,3523027,443
268688361,19.1157,21.0556,440,45208,0.286445,0.41,1,3523482,3523042,440
268717561,32.9308,31.8946,438,45672,0.436595,0.31,1,3523788,3523350,438
268723401,30.7089,30.1831,438,45764,0.440655,0.33,1,3523846,3523408,438
268778881,21.8452,19.8693,468,46632,0.772738,0.49,2,3524388,3523920,468
268781801,29.1381,21.1477,480,46677,0.795095,0.49,2,3524422,3523942,480
268816841,29.4851,34.2057,484,47217,0.900756,0.75,2,3524809,3524325,484
268819761,20.1941,29.2823,472,47262,0.906302,0.75,2,3524823,3524351,472
268822681,23.0776,20.1129,483,47307,0.920521,0.79,2,3524848,3524365,483
268825601,30.231,21.8452,495,47352,0.938208,0.81,2,3524883,3524388,495
268828521,13.2924,29.1381,463,47397,0.945283,0.85,2,3524885,3524422,463
269046061,323.59,360.364,489,23360,0.442,0.59,1,3527498,3527009,489
269097161,60.3424,73.294,434,23721,0.0465549,0.05,1,3527869,3527435,434
269100081,38.5369,41.9176,437,23810,0.0246219,0,1,3527893,3527456,437
269103001,31.0148,34.767,433,23899,0.0158488,0.03,1,3527919,3527486,433
269105921,52.6059,43.9068,450,23988,0.0363395,0.01,1,3527986,3527536,450
269108841,67.8424,50.5627,473,24076,0.0325358,0.07,1,3528064,3527591,473
269111761,63.7369,86.8251,423,24164,0.0430143,0.13,1,3528125,3527702,423
269114681,63.8948,71.33,426,24252,0.0232057,0.11,1,3528189,3527763,426
269117601,53.1579,56.732,425,24339,0.0872823,0,1,3528235,3527810,425
269120521,54.8632,58.0928,422,24426,0.0349129,0.01,1,3528291,3527869,422
269123441,38.7453,37.6371,426,24513,0.0319652,0.01,1,3528319,3527893,426
269126361,28.6981,30.6548,422,24599,0.0307861,0.05,1,3528341,3527919,422
269129281,51.6792,52.4619,422,24685,0.0303144,0.03,1,3528408,3527986,422
269132201,69.2717,67.7848,425,24771,0.0421258,0.05,1,3528489,3528064,425
269135121,64.3087,63.7139,425,24857,0.0588503,0.01,1,3528550,3528125,425
269138041,62.9235,63.8856,423,24942,0.0895401,0.13,1,3528612,3528189,423
269140961,54.5694,53.1542,426,25027,0.0658161,0,1,3528661,3528235,426
269143881,53.0278,54.8617,422,25112,0.0443264,0.03,1,3528713,3528291,422
269146801,38.6111,38.7447,423,25196,0.0477306,0.03,1,3528742,3528319,423
269149721,28.0444,28.6979,422,25280,0.0730922,0.03,1,3528763,3528341,422
269152641,52.0178,51.6791,423,25364,0.0592369,0.05,1,3528831,3528408,423
269155561,68.8071,69.2717,422,25448,0.0236948,0.05,1,3528911,3528489,422
269158481,65.9228,27.7087,486,25531,0.0634779,0.07,1,3528975,3528489,486
269161401,62.9691,47.6835,486,25614,0.0793912,0.11,1,3529036,3528550,486
269170161,39.838,51.9637,453,25861,0.085961,0.05,1,3529166,3528713,453
269173081,27.9352,38.1855,444,25943,0.0883844,0.09,1,3529186,3528742,444
269176001,52.5741,27.8742,492,26025,0.0653538,0.05,1,3529255,3528763,492
269178921,67.2296,51.9497,501,26106,0.0261415,0,1,3529332,3528831,501
269181841,67.6919,68.7799,489,26187,0.0284566,0.09,1,3529400,3528911,489
269184761,63.6767,65.9119,486,26268,0.0413826,0.09,1,3529461,3528975,486
269187681,55.4707,62.9648,475,26349,0.0705531,0.13,1,3529511,3529036,475
269190601,50.3883,53.9859,474,26429,0.0942212,0.11,1,3529558,3529084,474
269216881,45.3369,50.3883,427,27141,0.253709,0.15,1,3529985,3529558,427
269219801,39.1348,39.9553,429,27219,0.275484,0.17,1,3530020,3529591,429
269231481,66.9778,67.3493,430,27529,0.426524,0.15,1,3530252,3529822,430
269234401,63.3911,64.1397,429,27606,0.42861,0.15,1,3530313,3529884,429
269237321,26.5565,26.8559,429,27683,0.429444,0.23,1,3530315,3529886,429
269304481,54.1635,29.0568,529,29391,0.758324,0.75,2,3531452,3530923,529
269313241,65.2905,70.4756,519,29607,0.901733,0.71,2,3531667,3531148,519
269316161,27.3162,65.9903,458,29678,0.918693,0.71,2,3531669,3531211,458
269319081,45.1265,27.5961,513,29749,0.949477,0.71,2,3531726,3531213,513
269421281,38.6776,24.5251,526,32145,0.784597,1,2,3533318,3532792,526
269427121,84.4284,78.564,553,32277,0.282736,1,1,3533509,3532956,553
269435881,48.3394,41.5801,522,32473,0.0624951,0.98,1,3533633,3533111,522
269438801,38.5358,44.832,507,32538,0.042998,1,1,3533665,3533158,507
269441721,31.0143,39.5328,497,32603,0.0831992,1,1,3533691,3533194,497
269444641,24.4057,33.2131,488,32668,0.0752797,0.97,1,3533711,3533223,488
269447561,21.1623,29.4853,480,32733,0.0601119,0.79,1,3533730,3533250,480
269450481,9.66492,23.1941,463,32798,0.0420447,0.73,1,3533732,3533269,463
269453401,29.066,38.6776,456,32862,0.0588179,0.43,1,3533774,3533318,456
269456321,64.4264,76.0711,443,32926,0.0895272,0.09,1,3533862,3533419,443
269468001,46.3805,48.3394,423,33182,0.0605159,0.03,1,3534056,3533633,423
269470921,38.9522,38.5358,425,33246,0.0542064,0.11,1,3534090,3533665,425
269473841,31.1809,31.0143,425,33310,0.0756825,0.07,1,3534116,3533691,425
269476761,23.2724,24.4057,423,33373,0.060273,0.05,1,3534134,3533711,423
269479681,20.1089,21.1623,422,33436,0.0781092,0.03,1,3534152,3533730,422
269482601,9.24358,9.66492,422,33499,0.0612437,0.07,1,3534154,3533732,422
269485521,28.8974,29.066,422,33562,0.0424975,0.11,1,3534196,3533774,422
269488441,66.759,64.4264,426,33625,0.046999,0.11,1,3534288,3533862,426
269491361,72.3036,69.5706,429,33688,0.0847996,0.15,1,3534364,3533935,429
269555601,75.1696,66.5266,507,35044,0.227463,0.17,1,3535218,3534711,507
269558521,52.2678,74.6106,464,35104,0.240985,0.11,1,3535255,3534791,464
269561441,39.5071,52.0443,458,35164,0.258394,0.13,1,3535286,3534828,458
269564361,44.6029,39.4177,475,35224,0.289358,0.15,1,3535334,3534859,475
269570201,32.2165,36.7868,457,35344,0.294697,0.13,1,3535395,3534938,457
269593561,47.601,52.2678,436,35820,0.42974,0.27,1,3535691,3535255,436
269596481,37.0404,39.5071,435,35879,0.441896,0.31,1,3535721,3535286,435
269643201,27.1928,25.3802,452,36811,0.762609,0.65,2,3536306,3535854,452
269646121,21.6771,20.9521,452,36868,0.755044,0.65,2,3536324,3535872,452
269649041,9.87086,9.58084,452,36925,0.752017,0.63,2,3536326,3535874,452
269651961,26.7483,27.2323,451,36982,0.762807,0.69,2,3536364,3535913,451
269675321,38.557,37.7647,493,37438,0.911145,0.75,2,3536743,3536250,493
269678241,28.0228,36.1059,479,37494,0.910458,0.79,2,3536764,3536285,479
269681161,22.6091,27.0423,477,37550,0.910183,0.75,2,3536783,3536306,477
269684081,10.2436,21.6169,461,37606,0.910073,0.75,2,3536785,3536324,461
269838841,57.2554,30.9721,559,40476,0.235607,1,1,3538830,3538271,559
269853441,28.41,33.7012,491,40736,0.0725982,0.75,1,3539004,3538513,491
269856361,28.764,33.8805,486,40788,0.0710393,0.67,1,3539033,3538547,486
269859281,26.5056,33.3522,478,40840,0.0824157,0.67,1,3539058,3538580,478
269862201,32.2022,29.5409,487,40892,0.0989663,0.61,1,3539094,3538607,487
269906001,23.5043,25.4809,427,41659,0.234864,0.11,1,3539542,3539115,427
269908921,25.6017,26.9924,426,41710,0.243946,0.15,1,3539569,3539143,426
269911841,29.4407,28.1969,429,41761,0.247578,0.19,1,3539601,3539172,429
269914761,22.5763,20.8788,431,41812,0.249031,0.19,1,3539619,3539188,431
269917681,50.4305,50.9515,429,41862,0.273613,0.21,1,3539688,3539259,429
269926441,36.3236,35.4209,432,42012,0.400311,0.19,1,3539807,3539375,432
269932281,27.7718,28.4673,430,42112,0.41085,0.17,1,3539858,3539428,430
269938121,27.3635,26.7548,430,42212,0.405336,0.17,1,3539913,3539483,430
269941041,12.1454,11.9019,430,42262,0.408134,0.19,1,3539915,3539485,430
269943961,27.6582,25.7608,433,42312,0.445254,0.27,1,3539953,3539520,433
269946881,24.2633,23.5043,433,42362,0.448101,0.25,1,3539975,3539542,433
270008201,37.3971,52.3811,473,43397,0.756927,0.51,2,3540694,3540221,473
270011121,29.9589,36.5524,472,43446,0.788771,0.57,2,3540719,3540247,472
270016961,28.9134,28.4084,477,43544,0.794603,0.61,2,3540776,3540299,477
270019881,27.1654,28.1634,475,43592,0.791841,0.61,2,3540802,3540327,475
270022801,12.0661,26.8653,451,43640,0.790737,0.57,2,3540804,3540353,451
270049081,38.3284,52.9928,486,44072,0.903426,0.77,2,3541153,3540667,486
270052001,31.5314,37.3971,486,44120,0.91937,0.81,2,3541180,3540694,486
270054921,29.4125,29.9589,489,44168,0.925748,0.81,2,3541208,3540719,489
270057841,28.565,28.7835,489,44216,0.928299,0.79,2,3541236,3540747,489
270060761,27.026,28.9134,486,44264,0.92932,0.79,2,3541262,3540776,486
270063681,12.0104,27.1654,462,44312,0.929728,0.79,2,3541264,3540802,462
270069521,26.7617,31.2265,485,44408,0.945556,0.85,2,3541333,3540848,485
270072441,26.3047,25.6906,489,44456,0.948223,0.85,2,3541359,3540870,489
270075361,11.7219,25.8762,465,44503,0.949289,0.89,2,3541361,3540896,465
270078281,26.2887,31.3505,466,44550,0.949716,0.87,2,3541397,3540931,466
270247641,25.5337,31.9125,514,47217,0.941694,1,2,3543296,3542782,514
270250561,23.4135,30.165,507,47262,0.940677,1,2,3543318,3542811,507
270256401,24.3862,16.5864,535,47352,0.948508,1,2,3543374,3542839,535
270259321,12.1545,25.2346,508,47397,0.907403,1,2,3543378,3542870,508
270262241,13.2618,29.8938,489,47441,0.944961,1,2,3543392,3542903,489
270265161,35.9047,46.7575,482,47485,0.935985,1,2,3543443,3542961,482
270279761,27.4541,30.0612,474,47705,0.784794,0.96,2,3543629,3543155,474
270300201,31.2954,30.9654,472,48013,0.765248,0.93,2,3543826,3543354,472
270303121,22.1181,24.3862,468,48057,0.780099,0.88,2,3543842,3543374,468
270306041,11.2473,12.1545,468,48101,0.76204,0.97,2,3543846,3543378,468
270308961,14.0989,13.2618,470,48145,0.766816,0.93,2,3543862,3543392,470
270311881,32.6396,35.9047,464,48189,0.792726,0.81,2,3543907,3543443,464
270335241,32.109,30.7251,458,48539,0.91291,0.75,2,3544181,3543723,458
270338161,22.4436,22.49,457,48582,0.923164,0.73,2,3544197,3543740,457
270554241,333.414,350.88,509,23360,0.41704,0.99,1,3546828,3546319,509
270600961,109.986,128.261,464,23360,0.0871264,0.81,1,3546959,3546495,464
270603881,77.5945,71.1043,487,24178,0.0528506,0.65,1,3547015,3546528,487
270606801,73.6378,69.8417,489,24266,0.0391402,0.25,1,3547086,3546597,489
270609721,62.4551,76.5367,463,24353,0.0156561,0.05,1,3547141,3546678,463
270612641,51.382,72.6147,437,24440,0.0122624,0.01,1,3547185,3546748,437
270615561,40.9528,49.4459,437,24527,0.022905,0.03,1,3547219,3546782,437
270618481,34.3811,37.7783,437,24613,0.00916199,0.05,1,3547249,3546812,437
270621401,50.3525,48.1113,443,24699,0.0336648,0.03,1,3547310,3546867,443
270624321,62.741,45.6445,470,24785,0.0434659,0.03,1,3547381,3546911,470
270627241,59.2964,80.6578,423,24871,0.0473864,0.03,1,3547438,3547015,423
270630161,66.3186,74.8631,423,24956,0.0489545,0,1,3547509,3547086,423
270633081,60.1274,62.9452,424,25041,0.0615818,0.01,1,3547565,3547141,424
270636001,49.251,51.5781,422,25126,0.0306327,0.03,1,3547607,3547185,422
270638921,40.1004,41.0312,422,25210,0.0422531,0,1,3547641,3547219,422
270641841,34.0402,34.4125,422,25294,0.0169012,0.05,1,3547671,3547249,422
270644761,50.2161,50.365,422,25378,0.0367605,0.05,1,3547732,3547310,422
270647681,62.6864,62.746,422,25461,0.0687042,0.05,1,3547803,3547381,422
270650601,58.6746,25.0984,478,25544,0.0574817,0.05,1,3547859,3547381,478
270653521,66.0698,44.2394,492,25627,0.0529927,0.05,1,3547930,3547438,492
270656441,60.6279,60.2957,478,25710,0.0631971,0.07,1,3547987,3547509,478
270659361,48.8512,57.7183,463,25792,0.0432788,0.01,1,3548028,3547565,463
270662281,39.9405,48.2873,455,25874,0.0353115,0.05,1,3548062,3547607,455
270665201,33.9762,39.7149,451,25956,0.0141246,0,1,3548092,3547641,451
270668121,51.3905,33.886,484,26038,0.0356498,0.05,1,3548155,3547671,484
270671041,63.1562,50.1544,494,26119,0.0682599,0.09,1,3548226,3547732,494
270673961,58.8625,62.6618,479,26200,0.045304,0.05,1,3548282,3547803,479
270676881,66.145,58.6647,494,26281,0.0841216,0.05,1,3548353,3547859,494
270679801,61.258,66.0659,481,26362,0.0996486,0.07,1,3548411,3547930,481
270688561,33.7285,39.9402,451,26602,0.0632575,0,1,3548513,3548062,451
270691481,53.0914,33.9761,487,26682,0.031303,0.05,1,3548579,3548092,487
270694401,64.4366,51.3904,496,26761,0.0545212,0.09,1,3548651,3548155,496
270697321,58.1746,63.1562,479,26840,0.0398085,0.03,1,3548705,3548226,479
270700241,24.4698,58.8625,425,26919,0.0339234,0.11,1,3548707,3548282,425
270703161,53.5879,66.145,427,26998,0.0435694,0.11,1,3548780,3548353,427
270706081,56.2352,61.258,427,27076,0.0594277,0.13,1,3548838,3548411,427
270709001,44.6941,47.3032,426,27154,0.0777711,0.11,1,3548875,3548449,426
270711921,36.4776,39.3213,423,27232,0.0491084,0.03,1,3548906,3548483,423
270714841,31.9911,33.7285,422,27310,0.0376434,0.01,1,3548935,3548513,422
270717761,52.9964,53.0914,423,27388,0.0690574,0.07,1,3549002,3548579,423
270720681,65.5986,64.4366,425,27465,0.0696229,0.03,1,3549076,3548651,425
270723601,58.0394,58.1746,424,27542,0.0818492,0.03,1,3549129,3548705,424
270726521,24.4158,24.4698,424,27619,0.0867397,0.05,1,3549131,3548707,424
270729441,53.5663,53.5879,424,27696,0.0766959,0.07,1,3549204,3548780,424
270732361,56.8265,56.2352,425,27772,0.0846783,0.09,1,3549263,3548838,425
270735281,44.3306,44.6941,424,27848,0.0758713,0.03,1,3549299,3548875,424
270744041,54.4372,52.9964,425,28076,0.0876558,0.07,1,3549427,3549002,425
270752801,24.412,24.4158,424,28301,0.21321,0.07,1,3549555,3549131,424
270755721,52.9648,53.5663,423,28376,0.235284,0.07,1,3549627,3549204,423
270758641,57.1859,21.4265,483,28451,0.256114,0.09,1,3549687,3549204,483
270761561,45.6744,43.9706,462,28525,0.276445,0.07,1,3549725,3549263,462
270764481,36.2697,39.1882,456,28599,0.284578,0.15,1,3549755,3549299,456
270767401,28.9079,33.6753,450,28673,0.287831,0.11,1,3549779,3549329,450
270776161,60.2421,65.4432,483,28894,0.427621,0.23,1,3549983,3549500,483
270855001,55.6679,56.1621,457,30810,0.770649,0.75,2,3551199,3550742,457
270857921,72.0672,72.2648,457,30879,0.794259,0.69,2,3551282,3550825,457
270866681,56.6683,55.169,457,31084,0.925153,0.75,2,3551417,3550960,457
270960121,70.1371,59.7643,500,33192,0.90232,1,2,3552921,3552421,500
270965961,38.7019,30.9223,503,33320,0.786371,1,2,3552986,3552483,503
270977641,29.9972,38.5772,493,33572,0.442003,1,1,3553105,3552612,493
270986401,40.9438,48.3569,471,33761,0.257488,0.95,1,3553264,3552793,471
270989321,38.5775,43.3428,468,33824,0.276995,0.87,1,3553301,3552833,468
270998081,35.181,38.7019,454,34011,0.418768,0.63,1,3553440,3552986,454
271001001,22.4724,25.0808,452,34073,0.437507,0.53,1,3553454,3553002,452
271003921,31.789,35.2323,448,34135,0.445003,0.47,1,3553492,3553044,448
271044801,56.5979,24.6455,521,34993,0.753801,0.51,2,3554063,3553542,521
271059401,45.4951,68.9049,479,35293,0.917098,0.59,2,3554302,3553823,479
271062321,37.998,43.7619,485,35353,0.924839,0.65,2,3554335,3553850,485
271065241,24.7992,36.1048,470,35413,0.927936,0.67,2,3554351,3553881,470
271068161,32.1197,24.0419,491,35473,0.929174,0.69,2,3554388,3553897,491
271071081,30.8479,31.2168,485,35533,0.92967,0.69,2,3554418,3553933,485
271074001,26.7391,30.4867,479,35592,0.929868,0.71,2,3554442,3553963,479
271076921,59.2957,25.9947,537,35651,0.941947,0.79,2,3554523,3553986,537
271079841,24.9183,56.5979,462,35710,0.946779,0.87,2,3554525,3554063,462
271082761,39.9673,50.8391,465,35769,0.924712,0.89,2,3554575,3554110,465
271240441,37.4822,38.0664,496,38832,0.79048,1,2,3556716,3556220,496
271252121,26.2987,29.5393,493,39048,0.44902,1,1,3556822,3556329,493
271257961,40.8078,44.6863,479,39156,0.212243,1,1,3556925,3556446,479
271263801,30.5292,31.0298,481,39264,0.0591589,1,1,3556983,3556502,481
271266721,30.8117,32.2119,479,39318,0.0236636,1,1,3557014,3556535,479
271269641,27.3247,30.2848,475,39372,0.0394654,0.93,1,3557039,3556564,475
271272561,53.5299,62.5139,462,39426,0.0217862,0.83,1,3557110,3556648,462
271275481,41.8119,47.2056,459,39480,0.0507145,0.73,1,3557144,3556685,459
271278401,34.1248,37.4822,457,39533,0.0382858,0.71,1,3557173,3556716,457
271281321,26.8499,31.7929,451,39586,0.0693143,0.57,1,3557195,3556744,451
271284241,25.14,30.1172,446,39639,0.0337257,0.47,1,3557219,3556773,446
271287161,22.056,25.2469,444,39692,0.0194903,0.39,1,3557239,3556795,444
271290081,22.6224,26.2987,440,39745,0.0377961,0.21,1,3557262,3556822,440
271293001,44.449,52.5195,429,39798,0.0571184,0.15,1,3557321,3556892,429
271298841,29.4318,34.3231,423,39904,0.202339,0.03,1,3557378,3556955,423
271301761,27.9727,30.5292,422,39957,0.218936,0,1,3557405,3556983,422
271307601,26.5556,27.3247,422,40063,0.0794297,0.05,1,3557461,3557039,422
271310521,53.2223,10.9299,493,40116,0.0377719,0.01,1,3557532,3557039,493
271313441,41.0889,46.972,455,40169,0.0571087,0.07,1,3557565,3557110,455
271316361,34.4356,39.1888,451,40222,0.0648435,0.03,1,3557595,3557144,451
271319281,27.5742,33.0755,445,40274,0.0679374,0.09,1,3557618,3557173,445
271322201,24.2297,26.4302,445,40326,0.069175,0.01,1,3557640,3557195,445
271325121,21.6919,24.9721,441,40378,0.08167,0.01,1,3557660,3557219,441
271328041,23.6768,21.9888,446,40430,0.050668,0.05,1,3557685,3557239,446
271330961,46.6707,22.5955,485,40482,0.0622672,0.07,1,3557747,3557262,485
271333881,40.8683,44.4382,463,40534,0.0909069,0.23,1,3557784,3557321,463
271368921,47.7943,23.6768,487,41155,0.212526,0.07,1,3558172,3557685,487
271371841,41.9177,46.6707,463,41206,0.23501,0.11,1,3558210,3557747,463
271374761,31.7671,40.8683,451,41257,0.232004,0.11,1,3558235,3557784,451
271377681,26.5068,30.7473,450,41308,0.218802,0.13,1,3558258,3557808,450
271380601,28.6027,24.8989,459,41359,0.249521,0.17,1,3558288,3557829,459
271383521,24.6411,27.9596,451,41410,0.261808,0.19,1,3558310,3557859,451
271386441,50.6564,24.9838,496,41461,0.266723,0.07,1,3558378,3557882,496
271389361,43.6626,53.1935,463,41512,0.280689,0.13,1,3558417,3557954,463
271392281,18.665,42.8774,429,41563,0.286276,0.17,1,3558419,3557990,429
271409801,48.2681,47.7943,433,41868,0.417392,0.25,1,3558605,3558172,433
271503241,31.9839,25.8846,480,43452,0.755349,0.51,2,3559614,3559134,480
271506161,25.9935,30.7539,468,43501,0.77614,0.55,2,3559636,3559168,468
271509081,55.9974,25.5015,522,43550,0.796456,0.59,2,3559712,3559190,522
271526601,22.4536,23.2812,476,43838,0.922499,0.71,2,3559854,3559378,476
271529521,25.7814,21.3125,484,43886,0.939,0.73,2,3559882,3559398,484
271690121,37.336,36.2081,509,46456,0.943214,1,2,3561709,3561200,509
271885761,22.6211,23.5639,504,49403,0.919228,0.97,2,3563740,3563236,504
271912041,51.2418,30.5513,536,49785,0.762525,1,2,3564001,3563465,536
271914961,42.0967,51.8205,506,49827,0.79101,1,2,3564037,3563531,506
271926641,28.5289,35.4546,493,49995,0.780138,1,2,3564165,3563672,493
271929561,22.8116,30.3818,485,50037,0.786055,0.99,2,3564184,3563699,485
271950001,9.99795,22.1945,466,50331,0.903204,0.89,2,3564326,3563860,466
271952921,11.7992,17.2778,465,50373,0.931282,0.89,2,3564339,3563874,465
271955841,16.7197,19.5111,464,50415,0.942513,0.81,2,3564359,3563895,464
272214261,309.783,347.932,454,23360,0.2236,0.07,1,3567235,3566781,454
272243461,144.965,136.309,460,24905,0.084976,0.05,1,3567538,3567078,460
272246381,88.5861,94.7236,444,24990,0.0519904,0.01,1,3567589,3567145,444
272249301,75.6344,72.6895,453,25075,0.0867962,0.03,1,3567656,3567203,453
272252221,42.8538,48.2758,442,25160,0.0647185,0.07,1,3567677,3567235,442
272255141,51.9415,40.3103,465,25244,0.0798874,0.05,1,3567735,3567270,465
272258061,37.5766,52.1241,433,25328,0.0859549,0.09,1,3567763,3567330,433
272263901,58.9323,43.6199,463,25495,0.0701528,0.03,1,3567871,3567408,463
272266821,76.3729,57.6479,484,25578,0.0580611,0.07,1,3567959,3567475,484
272269741,61.7492,60.8592,473,25661,0.0412244,0.03,1,3568011,3567538,473
272272661,66.0997,54.9437,491,25744,0.0584898,0.11,1,3568080,3567589,491
272275581,39.6399,62.1775,446,25826,0.0653959,0.05,1,3568102,3567656,446
272278501,50.6559,37.471,483,25908,0.0441584,0.09,1,3568160,3567677,483
272281421,37.0624,49.7884,453,25990,0.0356633,0.09,1,3568188,3567735,453
272284341,34.025,36.7154,457,26072,0.0562653,0.11,1,3568220,3567763,457
272287261,58.61,34.4861,499,26153,0.0885061,0.05,1,3568295,3567796,499
272290181,75.044,58.7945,510,26234,0.0894025,0.05,1,3568381,3567871,510
272316461,31.6581,75.044,429,26953,0.202458,0.11,1,3568810,3568381,429
272319381,41.4633,61.2176,425,27032,0.218983,0.11,1,3568858,3568433,425
272322301,60.3853,67.087,427,27110,0.237593,0.11,1,3568931,3568504,427
272325221,37.3541,40.0348,427,27188,0.269037,0.15,1,3568953,3568526,427
272328141,50.3416,49.6139,430,27266,0.269615,0.17,1,3569012,3568582,430
272331061,36.9367,36.6456,430,27344,0.269846,0.15,1,3569040,3568610,430
272333981,35.1747,35.6582,429,27421,0.269938,0.17,1,3569074,3568645,429
272339821,77.5079,76.1453,432,27575,0.27719,0.21,1,3569240,3568808,432
272342741,32.2032,31.6581,432,27652,0.260876,0.23,1,3569242,3568810,432
272345661,43.4813,41.4633,435,27729,0.27835,0.25,1,3569293,3568858,435
272360261,35.084,35.1747,433,28109,0.407174,0.35,1,3569507,3569074,433
272363181,62.6336,60.2699,437,28184,0.432869,0.25,1,3569588,3569151,437
272404061,39.7744,61.6151,474,29219,0.796254,0.61,2,3570276,3569802,474
272415741,66.0534,36.5885,537,29507,0.9164,0.59,2,3570485,3569948,537
272418661,81.6214,65.0354,545,29579,0.94856,0.73,2,3570577,3570032,545
272593861,43.4588,30.5496,513,33602,0.914028,1,2,3573320,3572807,513
272596781,39.5835,46.4198,493,33665,0.911611,1,2,3573357,3572864,493
272608461,57.4277,58.6395,487,33916,0.912633,0.99,2,3573583,3573096,487
272611381,40.9711,45.0558,481,33978,0.935053,0.96,2,3573613,3573132,481
272614301,36.1884,44.4223,470,34040,0.908021,0.96,2,3573646,3573176,470
272617221,33.6754,38.1689,468,34102,0.933209,0.99,2,3573678,3573210,468
272620141,30.2702,33.8676,465,34164,0.931283,0.93,2,3573706,3573241,465
272623061,27.1081,29.147,464,34226,0.942513,0.93,2,3573731,3573267,464
272903381,35.3642,38.4687,493,39717,0.222062,1,1,3577595,3577102,493
272909221,37.9383,33.755,499,39823,0.07753,1,1,3577668,3577169,499
272912141,34.3753,35.702,494,39876,0.049012,1,1,3577700,3577206,494
272915061,41.9501,52.0808,478,39929,0.0976048,1,1,3577747,3577269,478
272917981,37.18,46.6323,469,39982,0.0450419,1,1,3577781,3577312,469
272920901,37.072,39.6529,471,40035,0.0360168,0.99,1,3577818,3577347,471
272923821,30.4288,33.8612,467,40088,0.0144067,0.99,1,3577844,3577377,467
272926741,31.3715,13.5445,499,40141,0.0237627,0.81,1,3577876,3577377,499
272929661,32.3486,28.2178,494,40194,0.0395051,0.79,1,3577909,3577415,494
272932581,27.3394,32.2871,483,40247,0.045802,0.65,1,3577933,3577450,483
272935501,30.1358,31.5148,484,40299,0.0483208,0.37,1,3577965,3577481,484
272938421,30.6543,39.0059,471,40351,0.0733283,0.21,1,3577996,3577525,471
272941341,28.4617,37.2024,462,40403,0.0593313,0.15,1,3578023,3577561,462
272944261,26.3847,35.281,453,40455,0.0657325,0.05,1,3578048,3577595,453
272947181,38.1539,33.3124,467,40507,0.056293,0.05,1,3578094,3577627,467
272950101,35.0616,37.925,459,40559,0.0645172,0.03,1,3578127,3577668,459
272953021,38.6246,34.37,468,40611,0.0558069,0.13,1,3578168,3577700,468
272955941,35.8498,41.948,455,40663,0.0523227,0.01,1,3578202,3577747,455
272958861,36.5399,37.1792,458,40715,0.0269291,0.03,1,3578239,3577781,458
272961781,30.216,37.0717,447,40767,0.0107716,0,1,3578265,3577818,447
272964701,32.4864,30.4287,455,40819,0.0343087,0.03,1,3578299,3577844,455
272967621,32.1946,31.3715,455,40871,0.0557235,0.05,1,3578331,3577876,455
272970541,27.2778,32.3486,446,40923,0.0642894,0.05,1,3578355,3577909,446
272996821,36.2507,35.8498,458,41384,0.0685646,0.01,1,3578660,3578202,458
272999741,30.1003,36.5399,447,41435,0.0334258,0,1,3578686,3578239,447
273002661,34.8401,30.216,459,41486,0.0433703,0.05,1,3578724,3578265,459
273005581,33.736,32.4864,458,41537,0.0713481,0.07,1,3578757,3578299,458
273008501,14.6944,32.1946,428,41588,0.0825393,0.07,1,3578759,3578331,428
273040621,29.2114,30.1003,423,42143,0.0826758,0.05,1,3579109,3578686,423
273043541,35.0846,34.8401,424,42193,0.0330703,0.09,1,3579148,3578724,424
273046461,35.6338,33.736,427,42243,0.0432281,0.09,1,3579184,3578757,427
273049381,15.4535,14.6944,427,42293,0.0472912,0.15,1,3579186,3578759,427
273052301,20.5814,20.2778,427,42343,0.0729165,0.13,1,3579210,3578783,427
273055221,29.8326,29.1111,428,42393,0.0591666,0.11,1,3579246,3578818,428
273058141,32.333,32.6444,427,42443,0.0656666,0.17,1,3579280,3578853,427
273072741,36.2908,35.6786,429,42692,0.234576,0.13,1,3579445,3579016,429
273075661,33.7163,34.0714,428,42741,0.255831,0.13,1,3579477,3579049,428
273078581,31.4865,34.0286,424,42790,0.276332,0.05,1,3579507,3579083,424
273081501,26.9946,29.2114,422,42839,0.284533,0,1,3579531,3579109,422
273084421,34.1978,35.0846,422,42888,0.251813,0.05,1,3579570,3579148,422
273087341,35.2791,35.6338,422,42937,0.250725,0.05,1,3579606,3579184,422
273090261,15.3117,15.4535,422,42986,0.25029,0.05,1,3579608,3579186,422
273093181,21.1247,6.18141,447,43035,0.226116,0.09,1,3579633,3579186,447
273096101,30.6499,16.8726,460,43084,0.204446,0.05,1,3579670,3579210,460
273099021,33.2599,28.349,459,43133,0.219779,0.07,1,3579705,3579246,459
273101941,27.704,31.7396,449,43182,0.213911,0.15,1,3579729,3579280,449
273104861,26.6816,26.4958,452,43231,0.223565,0.15,1,3579755,3579303,452
273107781,40.6726,26.1983,476,43280,0.251426,0.19,1,3579805,3579329,476
273110701,34.8691,39.2793,459,43329,0.27457,0.19,1,3579836,3579377,459
273113621,38.5476,33.7117,470,43378,0.271828,0.27,1,3579877,3579407,470
273116541,34.619,36.2847,464,43427,0.282731,0.27,1,3579909,3579445,464
273119461,33.6476,33.7139,465,43476,0.299093,0.29,1,3579942,3579477,465
273148661,42.193,26.6816,484,43957,0.40266,0.27,1,3580239,3579755,484
273151581,34.8772,40.6726,464,44005,0.419064,0.29,1,3580269,3579805,464
273154501,39.1509,34.8691,475,44053,0.449626,0.27,1,3580311,3579836,475
273201221,38.2849,35.4604,449,44813,0.768018,0.59,2,3580793,3580344,449
273207061,29.0456,27.5137,452,44907,0.760083,0.61,2,3580854,3580402,452
273212901,35.1273,34.8822,452,45001,0.758813,0.61,2,3580927,3580475,452
273215821,15.2509,15.1529,452,45048,0.765525,0.61,2,3580929,3580477,452
273221661,31.0001,29.7845,454,45142,0.759684,0.65,2,3580991,3580537,454
273224581,13.6001,13.1138,454,45189,0.765874,0.69,2,3580993,3580539,454
273227501,28.84,27.4455,456,45236,0.756349,0.71,2,3581032,3580576,456
273230421,27.136,25.9782,457,45283,0.78854,0.71,2,3581058,3580601,457
273253781,33.7509,33.8182,458,45653,0.922959,0.77,2,3581349,3580891,458
273459641,179.994,172.68,508,21997,0.210986,0.72,1,3583570,3583062,508
273465481,80.6391,87.6287,480,22189,0.0637577,0.15,1,3583699,3583219,480
273468401,66.4556,85.4515,453,22285,0.0555031,0,1,3583756,3583303,453
273471321,61.3823,67.1806,456,22380,0.0402012,0,1,3583814,3583358,456
273474241,60.5529,74.8722,436,22475,0.0340805,0.03,1,3583874,3583438,436
273477161,39.8212,45.5489,436,22569,0.0136322,0.09,1,3583900,3583464,436
273480081,71.1285,30.8196,507,22663,0.0114529,0.05,1,3583992,3583485,507
273483001,71.0514,63.3278,493,22757,0.0225812,0.05,1,3584063,3583570,493
273485921,63.8206,67.9311,481,22850,0.0270325,0.03,1,3584122,3583641,481
273488841,59.7282,61.9725,480,22943,0.088813,0.05,1,3584179,3583699,480
273491761,58.0913,58.989,480,23035,0.0535252,0.03,1,3584236,3583756,480
273494681,58.6365,58.3956,481,23127,0.0274101,0.03,1,3584295,3583814,481
273497601,39.0546,59.3582,447,23219,0.010964,0,1,3584321,3583874,447
273500521,72.0218,39.3433,515,23310,0.0223856,0.01,1,3584415,3583900,515
273503441,70.2087,70.9373,492,23401,0.0629542,0.03,1,3584484,3583992,492
273506361,64.6835,70.9749,482,23492,0.0431817,0.03,1,3584545,3584063,482
273509281,62.4734,63.79,484,23582,0.0592727,0.13,1,3584606,3584122,484
273512201,56.1894,59.716,479,23672,0.0417091,0.03,1,3584658,3584179,479
273515121,57.2757,58.0864,480,23762,0.0346836,0.01,1,3584716,3584236,480
273518041,39.7103,58.6346,449,23851,0.0318734,0,1,3584744,3584295,449
273520961,71.6841,39.0538,516,23940,0.0307494,0.03,1,3584837,3584321,516
273523881,29.8736,72.0215,424,24029,0.0302998,0.09,1,3584839,3584415,424
273526801,53.9495,70.2086,425,24117,0.0541199,0.03,1,3584909,3584484,425
273529721,56.9798,64.6834,423,24205,0.075648,0.07,1,3584968,3584545,423
273538481,56.8547,57.2757,423,24467,0.0636415,0.03,1,3585139,3584716,423
273541401,38.9419,39.7103,422,24554,0.0434566,0.03,1,3585166,3584744,422
273544321,71.9768,71.6841,423,24640,0.0473826,0.03,1,3585260,3584837,423
273547241,29.9907,29.8736,423,24726,0.0729531,0.07,1,3585262,3584839,423
273550161,55.1963,53.9495,425,24812,0.0591812,0.09,1,3585334,3584909,425
273556001,62.3514,60.5919,427,24982,0.094669,0.11,1,3585458,3585031,427
273564761,38.7425,38.9419,423,25236,0.0715788,0.05,1,3585589,3585166,423
273596881,53.3235,30.1445,496,26145,0.214005,0.13,1,3586182,3585686,496
273599801,57.9294,54.6578,486,26226,0.235602,0.11,1,3586243,3585757,486
273602721,62.7718,57.8631,492,26307,0.292241,0.11,1,3586309,3585817,492
273626081,24.9403,57.9294,436,26945,0.400102,0.33,1,3586679,3586243,436
273629001,50.7761,62.7718,438,27024,0.418041,0.31,1,3586747,3586309,438
273631921,49.1104,54.5087,437,27102,0.425216,0.31,1,3586795,3586358,437
273661121,53.4351,52.6442,443,27873,0.754606,0.45,2,3587293,3586850,443
273664041,36.974,36.0577,444,27949,0.763842,0.51,2,3587319,3586875,444
273666961,81.3896,79.2231,447,28025,0.767537,0.55,2,3587430,3586983,447
273669881,33.7558,32.8892,447,28101,0.793015,0.65,2,3587432,3586985,447
273678641,26.9284,25.6729,455,28326,0.915473,0.67,2,3587576,3587121,455
273684481,50.9885,20.1877,506,28476,0.901276,0.73,2,3587694,3587188,506
273687401,54.5954,37.4751,514,28550,0.93051,0.79,2,3587751,3587237,514
273690321,38.0382,48.59,485,28624,0.930204,0.77,2,3587778,3587293,485
273693241,81.8153,35.036,570,28698,0.942082,0.77,2,3587889,3587319,570
273696161,33.9261,80.6144,461,28772,0.946833,0.81,2,3587891,3587430,461
273807121,64.6216,28.1977,562,31446,0.9088,1,2,3589781,3589219,562
273821721,41.5856,47.8423,514,31781,0.401149,1,1,3590020,3589506,514
273824641,45.4342,42.5369,523,31848,0.29846,1,1,3590068,3589545,523
273827561,34.3737,47.0148,500,31914,0.269384,1,1,3590095,3589595,500
273830481,38.3495,36.2059,512,31980,0.209754,1,1,3590136,3589624,512
273845081,56.2877,50.8994,519,32310,0.0962183,0.47,1,3590391,3589872,519
273883041,36.7686,36.006,428,33150,0.241602,0.15,1,3590885,3590457,428
273885961,42.3074,41.4024,429,33214,0.234641,0.15,1,3590931,3590502,429
273888881,31.323,31.561,428,33278,0.243856,0.15,1,3590955,3590527,428
273891801,37.1292,36.0244,430,33342,0.271543,0.11,1,3590996,3590566,430
273894721,34.0517,34.8098,428,33405,0.294617,0.17,1,3591028,3590600,428
273906401,38.0621,37.8847,429,33657,0.42087,0.19,1,3591182,3590753,429
273909321,53.6249,53.5539,429,33720,0.426348,0.21,1,3591246,3590817,429
273912241,43.0499,42.4216,430,33783,0.428539,0.27,1,3591282,3590852,430
273915161,38.82,36.7686,433,33846,0.405416,0.23,1,3591318,3590885,433
273918081,43.128,42.3074,433,33908,0.408166,0.25,1,3591364,3590931,433
273970641,39.5589,29.4986,497,35013,0.769397,0.61,2,3592075,3591578,497
273994001,65.8132,36.6429,540,35493,0.923549,0.73,2,3592453,3591913,540
273996921,27.5253,63.8572,460,35553,0.93942,0.73,2,3592455,3591995,460
273999841,30.8101,26.7429,491,35612,0.933768,0.75,2,3592488,3591997,491
274002761,40.524,29.8971,506,35671,0.943507,0.79,2,3592535,3592029,506
274005681,17.4096,39.5589,462,35730,0.947403,0.83,2,3592537,3592075,462
274011521,38.7855,42.0894,463,35848,0.942384,0.85,2,3592636,3592173,463
274140001,40.7569,44.2985,506,38355,0.436858,1,1,3594404,3593898,506
274151681,35.0946,36.5148,513,38575,0.0886076,1,1,3594540,3594027,513
274154601,31.4378,32.6059,512,38630,0.065443,1,1,3594569,3594057,512
274157521,22.7751,34.0424,494,38685,0.0921772,0.95,1,3594586,3594092,494
274160441,24.1101,38.2169,478,38740,0.0668709,0.98,1,3594611,3594133,478
274163361,27.044,36.2868,472,38795,0.0327484,0.95,1,3594640,3594168,472
274166281,31.8176,40.3147,464,38849,0.0430993,0.83,1,3594675,3594211,464
274169201,38.527,44.3259,460,38903,0.0472397,0.55,1,3594718,3594258,460
274172121,53.8108,62.7304,449,38957,0.0368959,0.49,1,3594782,3594333,449
274201321,25.7514,27.044,422,39497,0.205582,0.05,1,3595062,3594640,422
274207161,38.8002,38.527,424,39603,0.204493,0.03,1,3595142,3594718,424
274215921,35.6512,34.8897,428,39762,0.225008,0.13,1,3595273,3594845,428
274218841,28.6605,28.3559,428,39815,0.240003,0.17,1,3595297,3594869,428
274221761,27.6642,26.3424,430,39868,0.258001,0.19,1,3595324,3594894,430
274224681,34.4657,34.5369,429,39921,0.253201,0.19,1,3595363,3594934,429
274227601,35.9863,35.4148,430,39974,0.27528,0.15,1,3595400,3594970,430
274230521,31.1945,30.3659,431,40027,0.296112,0.17,1,3595428,3594997,431
274262641,34.934,27.6611,472,40603,0.40413,0.25,1,3595796,3595324,472
274265561,37.3736,34.4644,472,40655,0.407652,0.29,1,3595835,3595363,472
274268481,32.3494,35.9858,464,40707,0.421061,0.31,1,3595864,3595400,464
274271401,18.9398,31.1943,446,40759,0.426424,0.33,1,3595874,3595428,446
274274321,23.1759,19.0777,461,40811,0.44057,0.29,1,3595900,3595439,461
274277241,27.8704,22.0311,468,40863,0.446228,0.37,1,3595931,3595463,468
274338561,28.6921,28.1865,449,41935,0.761931,0.55,2,3596646,3596197,449
274359001,13.2155,12.7489,456,42285,0.904096,0.71,2,3596832,3596376,456
274364841,38.2345,38.3998,455,42385,0.911455,0.71,2,3596915,3596460,455
274367761,54.2938,53.1599,457,42435,0.922582,0.73,2,3596980,3596523,457
274370681,45.1175,44.064,458,42485,0.939033,0.77,2,3597019,3596561,458
274545881,33.2207,34.5328,490,45369,0.928,1,2,3599002,3598512,490
274578001,30.2555,31.1223,485,45875,0.293475,1,1,3599351,3598866,485
274580921,35.5022,33.4489,489,45921,0.24339,1,1,3599390,3598901,489
274583841,32.2009,13.3796,519,45967,0.259356,1,1,3599420,3598901,519
274595521,30.0419,29.5745,498,46151,0.203103,0.89,1,3599528,3599030,498
274598441,36.6168,32.8298,504,46197,0.207241,0.77,1,3599569,3599065,504
274601361,41.0467,41.9319,500,46243,0.220897,0.61,1,3599613,3599113,500
274604281,31.4187,44.3728,479,46289,0.214359,0.53,1,3599638,3599159,479
274607201,23.9675,36.3491,467,46335,0.211743,0.53,1,3599657,3599190,467
274613041,14.9948,24.4159,451,46426,0.205479,0.41,1,3599687,3599236,451
274618881,29.9992,32.3465,467,46516,0.216477,0.29,1,3599757,3599290,467
274621801,27.5997,32.1386,461,46561,0.236591,0.27,1,3599783,3599322,461
274624721,33.8399,30.2554,470,46606,0.232636,0.21,1,3599821,3599351,470
274627641,31.5359,35.5022,461,46651,0.267055,0.27,1,3599851,3599390,461
274630561,25.2144,32.2009,452,46696,0.268822,0.11,1,3599872,3599420,452
274633481,25.6858,27.2803,454,46741,0.293529,0.19,1,3599898,3599444,454
274671441,31.6186,33.8399,463,47326,0.40753,0.29,1,3600284,3599821,463
274674361,25.8474,31.5359,455,47371,0.433012,0.27,1,3600306,3599851,455
274677281,11.539,25.2144,436,47415,0.443205,0.31,1,3600308,3599872,436
274738601,43.3736,41.9953,450,48339,0.771756,0.61,2,3600934,3600484,450
274741521,31.7494,31.1981,450,48383,0.794702,0.61,2,3600958,3600508,450
274744441,22.2998,22.0792,450,48427,0.779881,0.61,2,3600974,3600524,450
274747361,20.9199,20.8317,450,48471,0.773952,0.61,2,3600994,3600544,450
274750281,16.768,16.7327,450,48514,0.771581,0.59,2,3601008,3600558,450
274753201,30.1072,29.4931,451,48557,0.782632,0.61,2,3601047,3600596,451
274756121,32.4429,31.5972,452,48600,0.763053,0.67,2,3601081,3600629,452
274761961,37.5909,37.2156,453,48686,0.795288,0.65,2,3601150,3600697,453
274764881,33.6363,32.8862,454,48729,0.792115,0.69,2,3601181,3600727,454
274785321,44.9997,37.1048,506,49030,0.923231,0.81,2,3601393,3600887,506
275083161,63.0098,64.8549,447,25041,0.758642,0.51,2,3604651,3604204,447
275097761,35.4251,34.483,452,25461,0.901845,0.59,2,3604910,3604458,452
275106521,65.4832,59.6869,523,25710,0.902758,0.79,2,3605111,3604588,523
275109441,62.7933,61.6748,521,25792,0.931103,0.83,2,3605172,3604651,521
275112361,51.5173,60.0699,506,25874,0.942441,0.87,2,3605216,3604710,506
275275881,58.7651,52.584,497,30115,0.94,1,2,3608231,3607734,497
275278801,42.106,35.4336,504,30185,0.916,1,2,3608262,3607758,504
275281721,40.8424,52.5734,480,30255,0.9004,1,2,3608302,3607822,480
275284641,48.737,43.2294,497,30325,0.75016,1,2,3608356,3607859,497
275293401,65.2312,68.5747,484,30534,0.29161,1,1,3608517,3608033,484
275302161,54.3588,58.4128,480,30741,0.075063,0.9,1,3608652,3608172,480
275305081,51.1435,58.7651,470,30810,0.0360252,0.9,1,3608701,3608231,470
275308001,42.0574,42.106,475,30879,0.0324101,0.89,1,3608737,3608262,475
275310921,35.423,40.8424,466,30948,0.042964,0.65,1,3608768,3608302,466
275313841,38.7692,48.737,453,31016,0.0351856,0.55,1,3608809,3608356,453
275316761,38.3077,44.6948,449,31084,0.0200742,0.37,1,3608847,3608398,449
275319681,33.3231,40.0779,442,31152,0.0140297,0.17,1,3608877,3608435,442
275322601,55.9292,65.2312,431,31220,0.0836119,0.05,1,3608948,3608517,431
275325521,40.3717,46.4925,427,31288,0.0394447,0.05,1,3608978,3608551,427
275328441,36.5487,18.597,461,31356,0.0817779,0.09,1,3609012,3608551,461
275331361,53.0195,30.2388,487,31423,0.0387112,0.05,1,3609076,3608589,487
275334281,48.8078,49.8955,470,31490,0.0334845,0.01,1,3609122,3608652,470
275337201,41.7231,49.3582,458,31557,0.0553938,0.03,1,3609159,3608701,458
275340121,34.6892,41.3433,452,31624,0.0641575,0.05,1,3609189,3608737,452
275343041,38.4757,35.1373,462,31691,0.067663,0.03,1,3609230,3608768,462
275345961,38.1903,38.6549,459,31758,0.0810652,0.01,1,3609268,3608809,459
275348881,33.2761,38.262,451,31825,0.0864261,0.01,1,3609298,3608847,451
275354721,38.9242,55.9219,451,31957,0.207028,0.01,1,3609399,3608948,451
275360561,51.5879,36.5475,486,32089,0.0847245,0.01,1,3609498,3609012,486
275363481,48.8351,53.019,469,32155,0.0518898,0.03,1,3609545,3609076,469
275366401,43.5341,48.8076,463,32221,0.0627559,0.07,1,3609585,3609122,463
275369321,34.2136,41.723,454,32287,0.0791024,0.07,1,3609613,3609159,454
275372241,36.4854,34.6892,462,32353,0.097641,0.07,1,3609651,3609189,462
275375161,39.7942,38.4757,463,32418,0.0570564,0.09,1,3609693,3609230,463
275378081,33.3177,38.1903,454,32483,0.0408226,0.09,1,3609722,3609268,454
275381001,63.1271,33.2761,507,32548,0.034329,0.23,1,3609805,3609298,507
275383921,41.4508,58.3104,459,32613,0.0437316,0.23,1,3609832,3609373,459
275386841,38.1803,38.9242,469,32678,0.0474926,0.19,1,3609868,3609399,469
275389761,46.4721,38.9697,482,32743,0.0489971,0.01,1,3609920,3609438,482
275392681,19.7889,51.5879,424,32808,0.0495988,0.03,1,3609922,3609498,424
275395601,36.1155,48.8351,424,32872,0.0258395,0.07,1,3609969,3609545,424
275398521,39.0462,43.5341,425,32936,0.0403358,0.09,1,3610010,3609585,425
275401441,33.0185,34.2136,426,33000,0.0581343,0.11,1,3610039,3609613,426
275404361,35.4074,36.4854,425,33064,0.0292537,0.03,1,3610076,3609651,425
275407281,38.763,39.7942,424,33128,0.0297015,0.03,1,3610117,3609693,424
275410201,32.3052,33.3177,423,33192,0.0418806,0.03,1,3610145,3609722,423
275413121,62.7221,63.1271,423,33256,0.0467522,0.05,1,3610228,3609805,423
275416041,41.8888,41.4508,424,33320,0.0967009,0.05,1,3610256,3609832,424
275421881,45.3422,46.4721,422,33446,0.206272,0.05,1,3610342,3609920,422
275424801,19.3369,19.7889,422,33509,0.232509,0.01,1,3610344,3609922,422
275427721,36.5348,36.1155,423,33572,0.243004,0.05,1,3610392,3609969,423
275430641,39.8139,39.0462,424,33635,0.247201,0.07,1,3610434,3610010,424
275433561,32.7256,33.0185,423,33698,0.248881,0.01,1,3610462,3610039,423
275436481,34.6902,35.4074,422,33761,0.225552,0.03,1,3610498,3610076,422
275439401,38.4761,38.763,422,33824,0.216221,0.05,1,3610539,3610117,422
275442321,32.1904,32.3052,422,33887,0.212488,0.05,1,3610567,3610145,422
275445241,63.8762,62.7221,424,33949,0.234995,0.13,1,3610652,3610228,424
275448161,43.5505,41.8888,426,34011,0.267998,0.17,1,3610682,3610256,426
275451081,40.8202,38.3555,429,34073,0.293199,0.25,1,3610721,3610292,429
275477361,64.8872,31.966,516,34627,0.411093,0.25,1,3611083,3610567,516
275480281,45.1549,63.7864,463,34688,0.446437,0.29,1,3611115,3610652,463
275553281,51.6197,53.5988,455,36182,0.758682,0.67,2,3612119,3611664,455
275556201,21.8479,22.6395,455,36240,0.789473,0.67,2,3612121,3611666,455
275570801,34.0858,32.9323,456,36530,0.928849,0.69,2,3612282,3611826,456
275573721,37.6343,37.1729,456,36588,0.92954,0.71,2,3612322,3611866,456
275687601,51.8005,63.0551,497,38778,0.946,1,2,3613869,3613372,497
275705121,39.0684,36.2936,496,39102,0.224227,1,1,3614119,3613623,496
275713881,22.0844,29.3948,484,39264,0.0544306,1,1,3614194,3613710,484
275716801,26.8337,29.7579,484,39318,0.0517722,1,1,3614224,3613740,484
275719721,32.3335,33.5032,484,39372,0.0387089,1,1,3614260,3613776,484
275722641,26.1334,29.0013,480,39426,0.0694836,0.91,1,3614282,3613802,480
275725561,44.0534,51.8005,469,39480,0.0577934,0.86,1,3614338,3613869,469
275728481,34.4213,37.5202,469,39533,0.0411174,0.83,1,3614366,3613897,469
275731401,42.5685,48.6081,461,39586,0.0464469,0.55,1,3614414,3613953,461
275734321,40.4274,49.4432,450,39639,0.0365788,0.45,1,3614453,3614003,450
275737241,32.971,40.1773,444,39692,0.0566315,0.25,1,3614481,3614037,444
275740161,34.7884,43.6709,434,39745,0.0766526,0.13,1,3614517,3614083,434
275743081,31.3154,39.0684,427,39798,0.072661,0.13,1,3614546,3614119,427
275757681,31.8355,32.3335,423,40063,0.0998448,0.03,1,3614683,3614260,423
275760601,24.7342,12.9334,443,40116,0.0939379,0.09,1,3614703,3614260,443
275763521,43.4937,18.3734,477,40169,0.0555752,0.05,1,3614759,3614282,477
275766441,34.1975,40.9493,449,40222,0.0402301,0.03,1,3614787,3614338,449
275769361,42.479,33.1797,469,40274,0.070092,0.05,1,3614835,3614366,469
275772281,40.9916,42.0719,461,40326,0.0700368,0.03,1,3614875,3614414,461
275775201,33.1966,40.2288,450,40378,0.0700147,0.07,1,3614903,3614453,450
275778121,36.0787,32.8915,460,40430,0.0700059,0.09,1,3614941,3614481,460
275781041,31.2315,34.7566,452,40482,0.0700024,0.07,1,3614969,3614517,452
275792721,25.8843,18.9714,457,40690,0.201904,0.21,1,3615074,3614617,457
275795641,29.5537,25.5885,459,40742,0.230762,0.05,1,3615106,3614647,459
275798561,25.0215,31.8354,445,40794,0.254305,0.09,1,3615128,3614683,445
275801481,41.8086,24.7342,478,40846,0.263722,0.03,1,3615181,3614703,478
275804401,34.1234,43.4937,451,40898,0.267489,0.03,1,3615210,3614759,451
275807321,42.4494,34.1975,471,40950,0.256995,0.09,1,3615258,3614787,471
275810241,41.5797,42.479,464,41002,0.288798,0.07,1,3615299,3614835,464
275821921,37.7076,31.2315,466,41206,0.285457,0.13,1,3615435,3614969,466
275824841,29.4831,34.6926,453,41257,0.288183,0.17,1,3615459,3615006,453
275830681,27.5173,19.7108,462,41359,0.258509,0.23,1,3615506,3615044,462
275833601,31.4069,25.8843,466,41410,0.241404,0.25,1,3615540,3615074,466
275848201,37.7837,42.4494,434,41665,0.204331,0.31,1,3615692,3615258,434
275854041,33.4054,33.4319,437,41767,0.228293,0.31,1,3615764,3615327,437
275856961,36.1622,36.1728,437,41818,0.253317,0.31,1,3615802,3615365,437
275859881,31.2649,31.2691,437,41868,0.275327,0.27,1,3615830,3615393,437
275862801,36.5059,37.7076,435,41918,0.284131,0.29,1,3615870,3615435,435
275865721,29.6024,29.4831,436,41968,0.275652,0.31,1,3615895,3615459,436
275868641,20.241,20.7932,435,42018,0.260261,0.23,1,3615909,3615474,435
275871561,26.0964,27.5173,433,42068,0.290104,0.23,1,3615939,3615506,433
275880321,41.2222,41.7451,430,42218,0.418887,0.17,1,3616045,3615615,430
275883241,17.6889,17.898,430,42268,0.437555,0.21,1,3616047,3615617,430
275886161,23.8755,23.9592,430,42318,0.445022,0.21,1,3616075,3615645,430
275944561,36.8352,31.628,486,43305,0.750675,0.55,2,3616750,3616264,486
275947481,29.1341,36.6512,470,43354,0.76227,0.53,2,3616774,3616304,470
275950401,20.0536,29.6605,459,43403,0.766908,0.49,2,3616788,3616329,459
275953321,29.6215,20.2642,481,43452,0.768763,0.59,2,3616824,3616343,481
275962081,45.3358,25.5849,508,43598,0.921121,0.63,2,3616939,3616431,508
275965001,19.3343,43.834,454,43646,0.938448,0.67,2,3616941,3616487,454
275967921,24.5337,18.7336,480,43694,0.945379,0.63,2,3616969,3616489,480
276170861,91.9622,83.2159,513,21568,0.212867,1,1,3619427,3618914,513
276176701,55.634,83.6345,473,21764,0.0460587,0.89,1,3619560,3619087,473
276179621,30.6536,44.2538,469,21861,0.0364235,0.65,1,3619574,3619105,469
276182541,41.0614,57.3015,451,21958,0.0565694,0.49,1,3619622,3619171,451
276185461,59.6246,72.1206,441,22055,0.0766278,0.27,1,3619694,3619253,441
276200061,29.3818,30.2067,423,22532,0.201761,0.03,1,3619997,3619574,423
276202981,39.9527,12.0827,470,22626,0.218704,0.07,1,3620044,3619574,470
276205901,61.5811,33.6331,498,22720,0.213482,0.09,1,3620120,3619622,498
276208821,72.6324,56.6532,506,22813,0.259393,0.15,1,3620200,3619694,506
276211741,78.253,70.6613,508,22906,0.289757,0.13,1,3620282,3619774,508
276223421,41.4353,29.3513,479,23274,0.407978,0.23,1,3620476,3619997,479
276226341,61.5741,39.9405,507,23365,0.445191,0.21,1,3620551,3620044,507
276243861,43.088,30.0881,491,23904,0.781342,0.43,2,3620918,3620427,491
276246781,18.4352,41.4353,444,23993,0.798537,0.47,2,3620920,3620476,444
276281821,99.8208,99.0687,465,25032,0.925749,0.89,2,3621748,3621283,465
276389861,45.1087,40.4071,493,27992,0.0582285,1,1,3623772,3623279,493
276392781,37.2435,37.7629,489,28068,0.0892914,1,1,3623804,3623315,489
276395701,32.8974,35.5051,485,28143,0.0357166,1,1,3623834,3623349,485
276398621,57.559,67.0021,471,28218,0.0322866,0.77,1,3623908,3623437,471
276401541,77.6236,90.4008,456,28293,0.0309146,0.61,1,3623999,3623543,456
276404461,50.8494,59.5603,450,28368,0.0303659,0.61,1,3624032,3623582,450
276407381,58.7398,23.8241,514,28443,0.0541463,0.33,1,3624096,3623582,514
276410301,38.4959,57.5297,459,28517,0.0276585,0.21,1,3624121,3623662,459
276413221,27.3984,42.2119,447,28591,0.0890634,0.03,1,3624141,3623694,447
276416141,42.1593,32.4847,473,28665,0.0536254,0,1,3624193,3623720,473
276419061,36.6637,44.1939,454,28739,0.0274501,0.11,1,3624226,3623772,454
276421981,32.0655,36.8776,451,28813,0.0109801,0,1,3624255,3623804,451
276424901,57.2262,32.751,495,28886,0.00439202,0.03,1,3624329,3623834,495
276427821,77.4905,57.5004,512,28959,0.0677568,0.03,1,3624420,3623908,512
276430741,51.3962,77.6002,455,29032,0.0451027,0.03,1,3624454,3623999,455
276442421,40.0613,27.3978,473,29323,0.0830906,0.03,1,3624614,3624141,473
276445341,37.0245,42.1591,456,29395,0.0392362,0.01,1,3624649,3624193,456
276448261,32.2098,36.6636,452,29467,0.0216945,0,1,3624678,3624226,452
276451181,56.0839,32.0655,495,29539,0.0146778,0,1,3624750,3624255,495
276454101,78.8336,57.2262,515,29611,0.0358711,0.11,1,3624844,3624329,515
276457021,51.9334,77.4905,458,29682,0.0683484,0.03,1,3624878,3624420,458
276459941,63.3734,51.3962,495,29753,0.0693394,0.19,1,3624949,3624454,495
276462861,41.5493,58.9585,458,29824,0.0577357,0.19,1,3624976,3624518,458
276465781,17.8197,40.3834,432,29895,0.0530943,0.21,1,3624978,3624546,432
276468701,19.1279,28.1534,432,29966,0.0512377,0.01,1,3624998,3624566,432
276471621,30.4512,40.0613,422,30037,0.0744951,0.01,1,3625036,3624614,422
276474541,33.7805,37.0245,423,30107,0.047798,0.01,1,3625072,3624649,423
276477461,30.9122,32.2098,423,30177,0.0371192,0.01,1,3625101,3624678,423
276480381,55.5649,56.0839,423,30247,0.0208477,0.05,1,3625173,3624750,423
276483301,79.826,78.8336,425,30317,0.0383391,0.09,1,3625269,3624844,425
276486221,52.9304,51.9334,426,30387,0.0453356,0.07,1,3625304,3624878,426
276489141,63.1722,63.3734,425,30457,0.0481343,0.05,1,3625374,3624949,425
276492061,40.8689,41.5493,424,30526,0.0612537,0.05,1,3625400,3624976,424
276494981,17.5475,17.8197,424,30595,0.0665015,0.05,1,3625402,3624978,424
276497901,19.019,19.1279,424,30664,0.0806006,0.09,1,3625422,3624998,424
276503741,33.283,33.7805,422,30802,0.0908961,0.03,1,3625494,3625072,422
276506661,31.3132,30.9122,423,30871,0.0423584,0.01,1,3625524,3625101,423
276509581,55.1253,55.5649,422,30940,0.0229434,0.05,1,3625595,3625173,422
276512501,80.8501,79.826,424,31008,0.00917735,0.05,1,3625693,3625269,424
276515421,53.94,52.9304,425,31076,0.0336709,0.05,1,3625729,3625304,425
276518341,62.976,63.1722,424,31144,0.0434684,0.07,1,3625798,3625374,424
276521261,41.3904,40.8689,425,31212,0.0593873,0.07,1,3625825,3625400,425
276524181,17.7562,17.5475,425,31280,0.0657549,0.07,1,3625827,3625402,425
276527101,19.7025,7.01902,446,31348,0.068302,0.09,1,3625848,3625402,446
276530021,30.681,14.8076,464,31415,0.0693208,0.15,1,3625886,3625422,464
276532941,30.2724,27.523,458,31482,0.0937283,0.07,1,3625916,3625458,458
276535861,29.509,32.6092,451,31549,0.0914913,0.01,1,3625945,3625494,451
276538781,54.4036,31.0437,492,31616,0.0545965,0.01,1,3626016,3625524,492
276541701,81.7614,55.0175,521,31683,0.0398386,0,1,3626116,3625595,521
276544621,53.1046,80.807,457,31750,0.0339354,0.05,1,3626150,3625693,457
276547541,62.6418,53.9228,490,31817,0.0675742,0.05,1,3626219,3625729,490
276565061,27.9825,30.2723,452,32213,0.207984,0.09,1,3626368,3625916,452
276567981,52.593,29.5089,492,32279,0.257194,0.03,1,3626437,3625945,492
276570901,81.6372,54.4036,522,32345,0.204877,0.03,1,3626538,3626016,522
276573821,53.6549,81.7614,457,32410,0.207951,0.03,1,3626573,3626116,457
276579661,44.2248,62.6418,456,32540,0.204872,0.13,1,3626675,3626219,456
276582581,18.8899,41.8567,430,32605,0.231949,0.13,1,3626677,3626247,430
276585501,20.756,17.9427,450,32670,0.24278,0.13,1,3626699,3626249,450
276588421,33.5024,20.9771,469,32735,0.259112,0.17,1,3626741,3626272,469
276591341,14.601,32.3908,431,32800,0.265645,0.19,1,3626743,3626312,431
276594261,25.0404,30.9563,433,32864,0.268258,0.23,1,3626775,3626342,433
276597181,25.6162,27.9825,433,32928,0.269303,0.29,1,3626801,3626368,433
276600101,52.2465,52.593,434,32992,0.281721,0.17,1,3626871,3626437,434
276620541,34.1995,33.5024,435,33438,0.413129,0.27,1,3627176,3626741,435
276623461,14.8798,14.601,435,33501,0.435252,0.27,1,3627178,3626743,435
276626381,23.9519,25.0404,433,33564,0.444101,0.27,1,3627208,3626775,433
276629301,25.1808,25.6162,433,33627,0.44764,0.29,1,3627234,3626801,433
276693541,25.9676,24.8866,474,34986,0.7846,0.53,2,3628125,3627651,474
276696461,54.187,25.5547,521,35046,0.78784,0.57,2,3628198,3627677,521
276702301,54.5099,82.5687,487,35166,0.919254,0.65,2,3628338,3627851,487
276705221,68.004,53.4275,530,35226,0.949702,0.69,2,3628415,3627885,530
276851221,38.6091,43.0487,515,38112,0.934,1,2,3630382,3629867,515
276865821,27.9618,29.3503,517,38387,0.927564,1,2,3630522,3630005,517
276868741,30.9847,30.9401,518,38442,0.905026,1,2,3630555,3630037,518
276912541,54.5798,57.2776,462,39258,0.91024,0.85,2,3631124,3630662,462
276915461,48.8319,49.311,463,39312,0.910096,0.87,2,3631169,3630706,463
276918381,32.1328,32.3244,463,39366,0.934038,0.79,2,3631190,3630727,463
277090661,24.9857,32.3811,491,42414,0.931551,1,2,3633305,3632814,491
277099421,31.7671,33.9444,489,42564,0.753939,1,2,3633398,3632909,489
277111101,40.9028,39.8306,488,42762,0.439157,1,1,3633548,3633060,488
277157821,37.1837,40.959,470,43546,0.227914,0.27,1,3634059,3633589,470
277160741,44.2735,40.3836,479,43594,0.205165,0.07,1,3634108,3633629,479
277163661,32.7094,47.3534,452,43642,0.208066,0.15,1,3634133,3633681,452
277166581,28.6838,35.1414,451,43690,0.221226,0.17,1,3634159,3633708,451
277169501,24.0735,29.0566,447,43738,0.262491,0.11,1,3634180,3633733,447
277172421,18.0294,24.2226,440,43786,0.290996,0.09,1,3634194,3633754,440
277189941,35.0023,30.8651,465,44074,0.417534,0.21,1,3634378,3633913,465
277192861,35.6009,32.746,467,44122,0.437014,0.17,1,3634414,3633947,467
277195781,35.8404,35.8984,465,44170,0.444806,0.21,1,3634450,3633985,465
277198701,38.3361,35.9594,469,44218,0.447922,0.25,1,3634490,3634021,469
277265861,24.0358,23.4806,450,45303,0.754085,0.53,2,3635139,3634689,450
277268781,26.4143,27.3923,448,45350,0.799634,0.53,2,3635167,3634719,448
277312581,28.1277,18.2543,489,46041,0.911993,0.83,2,3635628,3635139,489
277315501,28.0511,24.1017,489,46087,0.910797,0.85,2,3635656,3635167,489
277318421,33.4204,26.4407,498,46133,0.922319,0.83,2,3635693,3635195,498
277321341,36.7682,32.1763,501,46179,0.938928,0.85,2,3635732,3635231,501
277674661,43.4814,60.4796,471,23988,0.418986,0.69,1,3639624,3639153,471
277677581,29.3926,41.5918,462,24076,0.425595,0.53,1,3639644,3639182,462
277709701,67.0137,65.133,449,25027,0.765347,0.57,2,3640311,3639862,449
277744741,44.7187,57.8106,498,26025,0.902323,0.87,2,3640981,3640483,498
277747661,29.8875,44.7242,482,26106,0.906929,0.85,2,3641001,3640519,482
277750581,59.955,29.2897,543,26187,0.932772,0.85,2,3641081,3640538,543
277846941,55.1874,63.9147,519,28735,0.946,1,2,3642905,3642386,519
277867381,69.914,52.6771,547,29247,0.435107,1,1,3643279,3642732,547
277902421,49.2167,59.4262,426,30103,0.244255,0.09,1,3643807,3643381,426
277905341,35.2867,36.9705,430,30173,0.247702,0.17,1,3643833,3643403,430
277908261,44.1147,45.9882,428,30243,0.261081,0.13,1,3643883,3643455,428
277925781,58.4809,57.1043,430,30660,0.410891,0.19,1,3644151,3643721,430
277928701,43.1924,42.0417,431,30729,0.446357,0.29,1,3644184,3643753,431
277931621,51.4769,49.2167,434,30798,0.448543,0.25,1,3644241,3643807,434
277984181,59.7704,16.1316,536,32013,0.798641,0.59,2,3645041,3644505,536
278013381,63.1147,15.9259,552,32668,0.901256,0.85,2,3645504,3644952,552
278016301,46.8459,59.7704,499,32733,0.942502,0.85,2,3645540,3645041,499
278133101,42.0041,53.3234,505,35224,0.79,1,2,3647256,3646751,505
278136021,36.6016,38.1294,510,35284,0.778,1,2,3647289,3646779,510
278150621,34.2657,38.5015,503,35584,0.440802,1,1,3647504,3647001,503
278176901,59.9223,61.7763,451,36115,0.402327,0.51,1,3647856,3647405,451
278182741,37.1876,39.1642,447,36232,0.435172,0.41,1,3647920,3647473,447
278185661,32.275,34.2657,445,36290,0.444069,0.35,1,3647949,3647504,445
278241141,35.2576,36.1947,481,37381,0.753167,0.53,2,3648634,3648153,481
278255741,31.9124,39.1911,481,37662,0.754583,0.69,2,3648845,3648364,481
278258661,27.165,32.4764,477,37718,0.763833,0.69,2,3648869,3648392,477
278261581,15.666,27.3906,461,37774,0.767533,0.67,2,3648877,3648416,461
278282021,62.3629,35.703,536,38165,0.901222,0.73,2,3649206,3648670,536
278284941,42.3452,62.8812,484,38220,0.906489,0.69,2,3649235,3648751,484
278287861,42.1381,41.9525,498,38275,0.944596,0.75,2,3649277,3648779,498
278290781,33.0552,40.781,485,38330,0.947838,0.77,2,3649304,3648819,485
278442621,32.1126,36.2489,515,41098,0.9412,1,2,3651212,3650697,515
278448461,32.738,34.3598,511,41200,0.905392,1,2,3651276,3650765,511
278457221,36.1512,39.615,512,41353,0.785865,1,2,3651387,3650875,512
278538981,34.264,34.2469,446,42760,0.758577,0.57,2,3652293,3651847,446
278541901,34.1056,32.8987,448,42809,0.789431,0.55,2,3652327,3651879,448
278591541,36.5848,30.8967,501,43640,0.901235,0.81,2,3652892,3652391,501
278594461,21.8339,36.3587,473,43688,0.918494,0.81,2,3652904,3652431,473
278597381,32.1336,21.7435,500,43736,0.949398,0.83,2,3652943,3652443,500
278847041,62.6415,63.5276,446,22151,0.765278,0.51,2,3656032,3655586,446
278849961,95.2566,95.011,447,22247,0.780111,0.55,2,3656149,3655702,447
278864561,57.6279,48.9576,512,22720,0.913604,0.77,2,3656422,3655910,512
278867481,63.8512,52.583,525,22813,0.935442,0.79,2,3656490,3655965,525
278870401,96.9405,61.2332,577,22906,0.920177,0.79,2,3656609,3656032,577
278987201,92.9377,68.9043,579,26354,0.7972,1,2,3659065,3658486,579
278995961,45.428,54.0179,514,26594,0.429981,1,1,3659201,3658687,514
278998881,67.3712,42.0071,562,26674,0.261992,1,1,3659283,3658721,562
279007641,55.3598,42.3605,538,26911,0.0616475,0.93,1,3659418,3658880,538
279010561,28.7439,58.3442,480,26990,0.066659,0.69,1,3659429,3658949,480
279013481,69.0976,92.9377,460,27068,0.0446636,0.61,1,3659525,3659065,460
279016401,48.639,61.1751,455,27146,0.0598654,0.41,1,3659560,3659105,455
279019321,52.4556,61.07,449,27224,0.0899462,0.37,1,3659615,3659166,449
279022241,38.9822,45.428,444,27302,0.0539785,0.15,1,3659645,3659201,444
279025161,55.7929,67.3712,429,27380,0.0755914,0.13,1,3659712,3659283,429
279028081,39.1172,46.7485,424,27457,0.0842366,0.11,1,3659740,3659316,424
279033921,53.4187,55.3598,424,27611,0.0914778,0.07,1,3659842,3659418,424
279042681,47.4108,48.639,423,27840,0.212015,0.11,1,3659983,3659560,423
279051441,57.5143,55.7929,426,28068,0.215409,0.09,1,3660138,3659712,426
279054361,37.4057,39.1172,422,28143,0.248164,0.15,1,3660162,3659740,422
279057281,43.1623,39.0469,430,28218,0.249265,0.07,1,3660209,3659779,430
279060201,52.0649,53.4187,425,28293,0.261706,0.11,1,3660267,3659842,425
279063121,29.826,28.5675,428,28368,0.290682,0.11,1,3660282,3659854,428
279066041,69.5304,11.427,524,28443,0.290273,0.19,1,3660378,3659854,524
279089401,30.1935,52.0537,449,29032,0.4025,0.31,1,3660716,3660267,449
279136121,37.3296,38.2483,451,30177,0.770724,0.59,2,3661483,3661032,451
279139041,44.3318,44.0993,452,30247,0.78229,0.57,2,3661532,3661080,452
279141961,54.9327,54.8397,452,30317,0.762916,0.61,2,3661594,3661142,452
279144881,32.1731,31.5359,453,30387,0.779166,0.65,2,3661611,3661158,453
279150721,53.2677,51.8457,457,30526,0.901067,0.71,2,3661756,3661299,457
279156561,42.0028,41.7753,457,30664,0.939771,0.73,2,3661813,3661356,457
279159481,36.0011,35.3101,458,30733,0.945908,0.75,2,3661845,3661387,458
279299641,87.9247,87.6306,499,33879,0.772239,1,2,3664119,3663620,499
279381401,30.1458,26.4024,478,35586,0.770691,0.59,2,3665204,3664726,478
279393081,39.1237,40.6551,457,35822,0.922082,0.69,2,3665326,3664869,457
279396001,43.2495,44.462,456,35881,0.926833,0.71,2,3665372,3664916,456
279623761,39.4893,53.0363,505,40217,0.939232,1,2,3668392,3667887,505
279626681,54.1957,42.2145,534,40270,0.945693,1,2,3668456,3667922,534
279644201,30.4426,34.3533,515,40582,0.275955,1,1,3668659,3668144,515
279652961,29.6683,30.9266,521,40738,0.0745411,0.98,1,3668752,3668231,521
279679241,26.0305,35.0162,461,41202,0.205173,0.27,1,3669060,3668599,461
279690921,26.9656,30.6708,450,41406,0.209204,0.03,1,3669173,3668723,450
279705521,41.4774,43.7867,430,41661,0.204885,0.15,1,3669344,3668914,430
279708441,35.791,37.3147,429,41712,0.243954,0.17,1,3669376,3668947,429
279711361,36.5164,34.7259,433,41763,0.295582,0.19,1,3669413,3668980,433
279737641,34.2319,33.8345,429,42214,0.410274,0.15,1,3669677,3669248,429
279740561,14.8928,14.7338,429,42264,0.422109,0.23,1,3669679,3669250,429
279743481,35.9571,34.6935,431,42314,0.426844,0.21,1,3669729,3669298,431
279836921,30.8834,39.8731,475,43882,0.783875,0.59,2,3670770,3670295,475
279839841,30.3534,30.9492,480,43930,0.79955,0.59,2,3670800,3670320,480
279869041,46.7339,35.2574,506,44410,0.900999,0.63,2,3671123,3670617,506
279871961,40.2936,45.303,490,44457,0.918399,0.71,2,3671159,3670669,490
279874881,17.3174,38.5212,458,44504,0.92536,0.79,2,3671161,3670703,458
280055921,33.516,35.9679,510,47353,0.9364,1,2,3673162,3672652,510
280058841,34.4064,34.7871,511,47398,0.90256,1,2,3673197,3672686,511
280073441,27.6182,19.8529,519,47618,0.772049,1,2,3673333,3672814,519
280178561,27.0631,36.3235,470,49185,0.756881,0.61,2,3674341,3673871,470
280184401,27.3701,25.8518,478,49271,0.758301,0.65,2,3674395,3673917,478
280187321,38.548,26.5407,497,49314,0.76532,0.57,2,3674441,3673944,497
280190241,37.0192,39.4163,485,49357,0.768128,0.67,2,3674477,3673992,485
280201921,26.9157,32.5499,476,49529,0.754208,0.67,2,3674590,3674114,476
280204841,16.7663,26.2199,464,49572,0.787683,0.67,2,3674600,3674136,464
280207761,31.3065,16.488,495,49615,0.789073,0.65,2,3674641,3674146,495
280222361,38.351,19.1442,508,49825,0.924621,0.75,2,3674779,3674271,508
280225281,27.9404,37.6577,479,49867,0.927848,0.77,2,3674800,3674321,479
280228201,26.7762,27.0631,485,49909,0.929139,0.73,2,3674826,3674341,485
280231121,27.5105,26.4252,487,49951,0.929656,0.77,2,3674854,3674367,487
280474941,156.226,169.869,465,24905,0.210961,0.33,1,3677242,3676777,465
280480781,70.8362,84.179,447,25075,0.0685538,0.03,1,3677355,3676908,447
280483701,73.3345,68.4716,464,25160,0.0334215,0,1,3677430,3676966,464
280486621,53.9338,60.3886,450,25244,0.0313686,0.11,1,3677471,3677021,450
280489541,67.7735,58.3555,470,25328,0.0665474,0.03,1,3677548,3677078,470
280492461,46.3094,53.3422,452,25412,0.044619,0.03,1,3677580,3677128,452
280495381,28.1238,38.7369,439,25495,0.0598476,0.01,1,3677596,3677157,439
280498301,53.2495,34.6947,477,25578,0.089939,0.11,1,3677666,3677189,477
280504141,53.1599,54.8712,474,25744,0.0803902,0.03,1,3677777,3677303,474
280507061,66.864,53.1485,498,25826,0.0321561,0.01,1,3677853,3677355,498
280509981,50.1456,66.2594,462,25908,0.0188624,0.03,1,3677892,3677430,462
280512901,68.6582,51.1038,502,25990,0.049545,0.09,1,3677973,3677471,502
280515821,46.0633,66.6415,456,26072,0.061818,0.03,1,3678004,3677548,456
280518741,28.0253,45.8566,440,26153,0.0667272,0.07,1,3678020,3677580,440
280530421,65.2726,53.1483,498,26476,0.0732282,0,1,3678275,3677777,498
280533341,50.1091,66.8593,462,26556,0.0472913,0.01,1,3678315,3677853,462
280536261,69.2436,50.1437,505,26636,0.0489165,0.07,1,3678397,3677892,505
280539181,46.2974,68.6575,455,26716,0.0375666,0.07,1,3678428,3677973,455
280542101,28.719,46.063,441,26795,0.0570266,0.07,1,3678445,3678004,441
280545021,55.8876,28.0252,499,26874,0.0768107,0.15,1,3678519,3678020,499
280547941,23.555,55.0101,428,26953,0.0847243,0.21,1,3678521,3678093,428
280559621,46.8414,50.1091,422,27266,0.0626969,0.05,1,3678737,3678315,422
280562541,69.1366,69.2436,424,27344,0.0790788,0.03,1,3678821,3678397,424
280565461,46.2546,46.2974,424,27421,0.0736315,0.07,1,3678852,3678428,424
280568381,29.3018,28.719,425,27498,0.0954526,0.09,1,3678870,3678445,425
280571301,56.7207,55.8876,426,27575,0.092181,0.09,1,3678945,3678519,426
280582981,55.4329,58.6035,422,27881,0.243272,0.03,1,3679120,3678698,422
280585901,45.5731,46.8414,422,27957,0.247309,0.09,1,3679159,3678737,422
280591741,47.1317,46.2546,425,28109,0.0815694,0.11,1,3679277,3678852,425
280594661,29.6527,29.3018,425,28184,0.0626278,0.09,1,3679295,3678870,425
280612181,43.9933,50.5411,468,28632,0.228412,0.25,1,3679588,3679120,468
280615101,64.3973,43.6165,507,28706,0.217365,0.05,1,3679666,3679159,507
280618021,44.9589,69.0466,453,28780,0.212946,0.05,1,3679698,3679245,453
280620941,28.7836,46.8186,439,28854,0.211178,0.05,1,3679716,3679277,439
280623861,61.3134,29.5275,504,28927,0.234471,0.13,1,3679799,3679295,504
280626781,25.7254,58.011,429,29000,0.243789,0.13,1,3679801,3679372,429
280629701,52.8901,24.4044,498,29073,0.283515,0.15,1,3679872,3679374,498
280638461,45.337,57.4819,468,29291,0.411025,0.25,1,3680021,3679553,468
280699781,63.8261,64.0461,449,30773,0.768268,0.59,2,3680992,3680543,449
280702701,44.7305,44.8185,449,30842,0.793307,0.59,2,3681024,3680575,449
280723141,52.8033,52.4133,454,31319,0.924501,0.69,2,3681332,3680878,454
280726061,44.5213,20.9653,493,31387,0.9398,0.77,2,3681371,3680878,493
280728981,65.8085,29.9861,537,31454,0.94592,0.79,2,3681451,3680914,537
280831181,59.8565,62.1899,484,33728,0.94407,1,2,3683026,3682542,484
280834101,39.5426,39.2759,486,33791,0.947628,1,2,3683052,3682566,486
280837021,39.817,45.7104,476,33854,0.937051,1,2,3683092,3682616,476
280839941,54.3268,51.8842,484,33916,0.908821,0.99,2,3683156,3682672,484
280851621,35.0292,32.269,489,34164,0.77605,1,2,3683306,3682817,489
280854541,51.8117,52.5076,486,34226,0.76042,1,2,3683369,3682883,486
280860381,29.7699,33.0012,500,34350,0.770867,1,2,3683424,3682924,500
280863301,55.7079,27.6005,549,34412,0.770347,0.91,2,3683497,3682948,549
280880821,46.7811,41.9116,513,34778,0.771272,0.85,2,3683740,3683227,513
280883741,34.9124,48.5647,487,34839,0.770509,0.73,2,3683767,3683280,487
280886661,50.565,35.0259,522,34900,0.794204,0.75,2,3683828,3683306,522
280898341,36.5745,55.7079,481,35141,0.910204,0.73,2,3683978,3683497,481
280901261,38.6298,36.6831,497,35201,0.934081,0.75,2,3684018,3683521,497
280904181,51.4519,38.0733,518,35261,0.943633,0.73,2,3684078,3683560,518
280907101,34.9808,51.8293,481,35321,0.947453,0.73,2,3684102,3683621,481
281079381,30.9658,32.3453,506,38693,0.9184,1,2,3686416,3685910,506
281082301,32.7863,47.7381,482,38748,0.91336,1,2,3686450,3685968,482
281085221,46.1145,41.2952,500,38803,0.767344,1,2,3686505,3686005,500
281093981,37.0553,38.1149,494,38965,0.42903,1,1,3686618,3686124,494
281096901,50.2221,56.646,484,39019,0.261612,1,1,3686677,3686193,484
281102741,38.0355,38.3434,484,39127,0.0886579,1,1,3686748,3686264,484
281105661,34.4142,31.5373,489,39181,0.0414632,1,1,3686780,3686291,489
281114421,26.3945,30.9144,473,39343,0.0532936,0.94,1,3686858,3686385,473
281117341,26.7578,30.9658,469,39397,0.0513175,0.91,1,3686885,3686416,469
281120261,29.3031,32.7863,466,39451,0.074527,0.67,1,3686916,3686450,466
281123181,38.7212,46.1145,456,39505,0.0718108,0.57,1,3686961,3686505,456
281126101,35.2885,41.8458,450,39558,0.0707243,0.53,1,3686994,3686544,450
281129021,35.1154,40.1383,446,39611,0.0942897,0.33,1,3687029,3686583,446
281131941,28.4462,37.0553,435,39664,0.0917159,0.15,1,3687053,3686618,435
281134861,41.9785,50.2221,427,39717,0.0906864,0.07,1,3687104,3686677,427
281137781,36.5914,41.0889,425,39770,0.0782745,0.05,1,3687137,3686712,425
281140701,35.0366,38.0355,423,39823,0.0733098,0.01,1,3687171,3686748,423
281143621,32.6146,34.4142,422,39876,0.0593239,0.19,1,3687202,3686780,422
281146541,34.6458,32.9657,426,39929,0.0537296,0.11,1,3687238,3686812,426
281149461,22.2583,23.9863,422,39982,0.0274918,0.01,1,3687252,3686830,422
281152381,25.7033,26.3945,422,40035,0.0109967,0.05,1,3687280,3686858,422
281155301,27.0813,26.7578,423,40088,0.0343987,0.05,1,3687308,3686885,423
281158221,29.4325,10.7031,454,40141,0.0797595,0.09,1,3687339,3686885,454
281161141,37.573,22.8812,466,40194,0.0619038,0.07,1,3687382,3686916,466
281164061,36.0292,36.1525,456,40247,0.0907615,0.07,1,3687417,3686961,456
281166981,34.8117,34.261,457,40299,0.0783046,0.11,1,3687451,3686994,457
281181581,31.905,35.026,452,40559,0.0896306,0.05,1,3687623,3687171,452
281184501,34.362,32.6104,457,40611,0.0538523,0.05,1,3687659,3687202,457
281187421,22.1448,34.6442,435,40663,0.0395409,0.01,1,3687673,3687238,435
281190341,25.6579,22.2577,449,40715,0.0338164,0,1,3687701,3687252,449
281193261,27.0632,25.7031,449,40767,0.0315265,0.05,1,3687729,3687280,449
281196181,32.4253,27.0812,457,40819,0.0306106,0.11,1,3687765,3687308,457
281199101,36.9701,29.4325,466,40871,0.0422442,0.05,1,3687805,3687339,466
281202021,37.588,37.573,461,40923,0.0828977,0.11,1,3687843,3687382,461
281234141,32.5422,27.0632,458,41486,0.0843253,0.03,1,3688187,3687729,458
281237061,37.6169,32.4253,463,41537,0.0637301,0.05,1,3688228,3687765,463
281239981,16.2468,36.9701,425,41588,0.055492,0.11,1,3688230,3687805,425
281242901,30.4987,37.588,427,41639,0.0881968,0.13,1,3688270,3687843,427
281272101,26.4564,27.3556,426,42143,0.23423,0.07,1,3688577,3688151,426
281275021,31.5825,32.5422,425,42193,0.279692,0.05,1,3688612,3688187,425
281280861,15.8532,16.2468,424,42293,0.297951,0.11,1,3688654,3688230,424
281304221,34.1637,33.5057,430,42692,0.404136,0.17,1,3688942,3688512,430
281310061,22.9862,22.6409,431,42790,0.416262,0.27,1,3688979,3688548,431
281383061,32.3523,33.8694,480,44005,0.756797,0.57,2,3689796,3689316,480
281385981,34.5409,30.9478,487,44053,0.776719,0.61,2,3689832,3689345,487
281397661,35.4202,29.6787,492,44245,0.797916,0.65,2,3689945,3689453,492
281421021,40.4971,40.9521,458,44625,0.917028,0.75,2,3690193,3689735,458
281426861,33.7195,32.3523,461,44719,0.901524,0.79,2,3690257,3689796,461
281429781,35.6878,34.5409,462,44766,0.93061,0.83,2,3690294,3689832,462
281432701,23.8751,22.8164,463,44813,0.930244,0.81,2,3690310,3689847,463
281435621,23.9501,24.1265,462,44860,0.942098,0.81,2,3690334,3689872,462
281638561,329.255,343.852,497,21900,0.43,1,1,3692551,3692054,497
281647321,86.5443,93.6945,493,22189,0.0604,0.63,1,3692768,3692275,493
281650241,75.4177,82.4778,486,22285,0.05416,0.45,1,3692836,3692350,486
281653161,63.1671,73.1911,474,22380,0.027664,0.19,1,3692891,3692417,474
281656081,55.8668,79.0764,442,22475,0.0410656,0.07,1,3692942,3692500,442
281659001,35.5467,49.6306,434,22569,0.0824262,0.05,1,3692964,3692530,434
281661921,64.0187,32.4522,496,22663,0.0509705,0.03,1,3693047,3692551,496
281664841,72.4075,56.1809,502,22757,0.0383882,0.05,1,3693125,3692623,502
281667761,67.963,69.8724,488,22850,0.0453553,0.03,1,3693190,3692702,488
281670681,68.5852,67.5489,491,22943,0.0601421,0.05,1,3693259,3692768,491
281673601,60.4341,67.8196,478,23035,0.0540568,0.01,1,3693314,3692836,478
281676521,56.5736,60.1278,477,23127,0.0516227,0.05,1,3693368,3692891,477
281679441,35.8295,54.6511,448,23219,0.0746491,0.11,1,3693390,3692942,448
281682361,62.3318,35.0605,506,23310,0.0358596,0.03,1,3693470,3692964,506
281685281,71.1327,63.8242,500,23401,0.0563439,0.03,1,3693547,3693047,500
281688201,68.0531,72.3297,488,23492,0.0645375,0.05,1,3693613,3693125,488
281691121,68.0212,67.9319,491,23582,0.043815,0.07,1,3693681,3693190,491
281694041,60.2085,68.5727,477,23672,0.023526,0.05,1,3693736,3693259,477
281696961,58.2834,60.4291,479,23762,0.0514104,0.05,1,3693793,3693314,479
281699881,35.3134,56.5716,445,23851,0.0625642,0.09,1,3693813,3693368,445
281702801,61.5253,35.8287,502,23940,0.0430257,0.01,1,3693892,3693390,502
281705721,25.8101,62.3315,424,24029,0.0172103,0.07,1,3693894,3693470,424
281708641,55.9241,71.1326,423,24117,0.0608841,0.07,1,3693970,3693547,423
281711561,63.1696,68.053,425,24205,0.0903536,0.03,1,3694038,3693613,425
281717401,58.9471,60.2085,423,24380,0.0876566,0.07,1,3694159,3693736,423
281737841,66.9034,64.8679,428,24982,0.226422,0.07,1,3694532,3694104,428
281740761,56.7614,58.9471,423,25067,0.264569,0.13,1,3694582,3694159,423
281743681,59.9045,58.9789,426,25152,0.279828,0.11,1,3694644,3694218,426
281746601,37.1618,36.1915,427,25236,0.285931,0.17,1,3694666,3694239,427
281767041,61.0558,54.5573,497,25818,0.428805,0.29,1,3695079,3694582,497
281769961,38.2223,59.0229,458,25900,0.429522,0.29,1,3695102,3694644,458
281772881,60.8889,36.8092,512,25982,0.441809,0.31,1,3695178,3694666,512
281775801,25.5556,60.3237,438,26064,0.446724,0.35,1,3695180,3694742,438
281816681,58.8682,61.7987,450,27180,0.787515,0.57,2,3695972,3695522,450
281834201,29.2493,28.8158,455,27644,0.902832,0.71,2,3696238,3695783,455
281837121,57.2997,55.9263,457,27721,0.919133,0.75,2,3696314,3695857,457
281840041,55.9199,54.1705,459,27797,0.949653,0.83,2,3696369,3695910,459
281942241,48.7674,38.6584,507,30349,0.774448,1,2,3698170,3697663,507
281956841,38.2523,38.9427,487,30696,0.260977,1,1,3698373,3697886,487
281962681,45.4804,41.9908,493,30834,0.0909563,1,1,3698483,3697990,493
281965601,46.3921,55.7963,475,30903,0.0783825,0.79,1,3698530,3698055,475
281994801,46.7941,43.8817,473,31580,0.213797,0.07,1,3698956,3698483,473
281997721,63.1177,45.7527,500,31647,0.235519,0.15,1,3699030,3698530,500
282000641,40.2471,61.5011,453,31714,0.244208,0.15,1,3699055,3698602,453
282003561,32.2988,40.8004,453,31781,0.259683,0.11,1,3699082,3698629,453
282006481,40.5195,32.5202,472,31848,0.265873,0.15,1,3699128,3698656,472
282009401,33.6078,41.2081,454,31914,0.256349,0.11,1,3699157,3698703,454
282012321,35.0431,34.4832,460,31980,0.26454,0.11,1,3699193,3698733,460
282015241,37.4173,35.3933,463,32046,0.279816,0.11,1,3699232,3698769,463
282018161,54.5669,35.1573,494,32112,0.285926,0.19,1,3699298,3698804,494
282024001,48.5707,44.9852,481,32244,0.298948,0.23,1,3699389,3698908,481
282044441,38.1758,35.0431,474,32700,0.409002,0.29,1,3699667,3699193,474
282047361,54.8703,37.4173,501,32765,0.445601,0.29,1,3699733,3699232,501
282079481,57.2953,54.8703,446,33468,0.76578,0.47,2,3700179,3699733,446
282082401,24.1181,23.1481,446,33531,0.780312,0.55,2,3700181,3699735,446
282085321,35.4473,34.4593,447,33594,0.786125,0.59,2,3700224,3699777,447
282111601,58.0247,57.2953,459,34156,0.901787,0.79,2,3700638,3700179,459
282114521,24.4099,24.1181,459,34218,0.906715,0.79,2,3700640,3700181,459
282117441,36.164,9.64725,503,34280,0.908686,0.79,2,3700684,3700181,503
282120361,44.4656,29.6589,510,34342,0.933474,0.83,2,3700734,3700224,510
282254681,34.521,41.1842,493,37066,0.922,1,2,3702651,3702158,493
282257601,31.8084,34.4737,493,37123,0.9448,1,2,3702681,3702188,493
282260521,42.7234,56.9895,471,37180,0.92392,1,2,3702731,3702260,471
282292641,30.1081,34.5174,500,37800,0.444759,0.96,1,3703151,3702651,500
282295561,39.0432,31.807,515,37856,0.435904,0.91,1,3703196,3702681,515
282307241,38.0075,38.2543,494,38080,0.446279,0.67,1,3703349,3702855,494
282348121,28.1171,28.403,445,38849,0.758434,0.51,2,3703816,3703371,445
282371481,47.6664,46.0881,455,39281,0.925277,0.67,2,3704145,3703690,455
282374401,20.2666,19.6352,455,39335,0.916111,0.71,2,3704147,3703692,455
282377321,24.3066,23.4541,456,39389,0.936444,0.73,2,3704174,3703718,456
282539381,330.891,338.902,512,18980,0.916,1,2,3706205,3705693,512
282553981,67.3406,91.6041,481,19533,0.944986,1,2,3706624,3706143,481
282562741,85.3338,72.4867,556,19857,0.942479,1,2,3706853,3706297,556
282603621,95.8279,108.338,481,21304,0.91,1,2,3707932,3707451,481
282606541,88.1311,85.3353,494,21404,0.922,1,2,3708015,3707521,494
282612381,43.741,45.2136,489,21602,0.75352,1,2,3708089,3707600,489
282621141,65.1994,67.0697,490,21895,0.439185,0.85,1,3708307,3707817,490
282626981,77.5119,88.1311,462,22088,0.40987,0.75,1,3708477,3708015,462
282629901,56.2048,59.8525,463,22184,0.433948,0.71,1,3708519,3708056,463
282632821,39.8819,43.741,459,22280,0.431579,0.51,1,3708548,3708089,459
282638661,54.3811,57.9986,448,22470,0.439853,0.39,1,3708685,3708237,448
282641581,59.5524,65.1994,441,22564,0.445941,0.39,1,3708748,3708307,441
282691221,55.2076,75.1936,452,24112,0.922461,0.61,2,3709813,3709361,452
282694141,51.483,58.2774,454,24200,0.902984,0.67,2,3709862,3709408,454
282697061,37.9932,40.111,455,24288,0.919194,0.71,2,3709891,3709436,455
282808021,63.6426,59.4549,488,27408,0.7684,1,2,3712137,3711649,488
282834301,58.2587,63.6426,460,28096,0.291642,0.73,1,3712597,3712137,460
282837221,55.1035,60.8571,454,28171,0.266657,0.65,1,3712650,3712196,454
282840141,46.6414,48.3428,455,28246,0.256663,0.61,1,3712691,3712236,455
282854741,48.7368,56.1069,479,28619,0.413019,0.33,1,3712903,3712424,479
282904381,15.0471,34.2456,448,29851,0.761139,0.55,2,3713675,3713227,448
282907301,48.6189,55.6983,449,29922,0.778455,0.51,2,3713746,3713297,449
282910221,47.0475,51.0793,447,29993,0.797382,0.57,2,3713792,3713345,447
282918981,56.483,55.1331,454,30204,0.902792,0.67,2,3713983,3713529,454
282921901,47.7932,46.6532,455,30274,0.907117,0.67,2,3714025,3713570,455
282924821,38.3173,37.8613,455,30344,0.908847,0.75,2,3714057,3713602,455
282927741,41.1269,38.5445,459,30414,0.933539,0.77,2,3714100,3713641,459
282930661,36.8508,34.6178,461,30484,0.943416,0.77,2,3714134,3713673,461
282933581,15.9403,15.0471,461,30553,0.947366,0.79,2,3714136,3713675,461
283050381,35.1462,36.5995,482,33209,0.946,1,2,3716024,3715542,482
283053301,34.4585,28.4398,493,33273,0.9124,1,2,3716058,3715565,493
283056221,33.5834,41.9759,475,33337,0.93496,1,2,3716091,3715616,475
283064981,50.2213,48.6225,492,33526,0.418637,1,1,3716282,3715790,492
283067901,40.4885,39.249,493,33589,0.293455,1,1,3716316,3715823,493
283073741,49.7982,45.1598,492,33715,0.0961528,1,1,3716411,3715919,492
283076661,38.5193,39.6639,487,33778,0.0384611,1,1,3716442,3715955,487
283079581,34.0077,36.8656,483,33841,0.0153844,0.91,1,3716473,3715990,483
283082501,28.0031,35.1462,473,33903,0.0121538,0.89,1,3716497,3716024,473
283085421,33.4012,34.4585,476,33965,0.0348615,0.95,1,3716534,3716058,476
283088341,31.3605,33.5834,473,34027,0.0439446,0.75,1,3716564,3716091,473
283091261,41.3442,53.6334,454,34089,0.0475778,0.47,1,3716612,3716158,454
283094181,62.1377,76.0533,439,34151,0.0490311,0.29,1,3716688,3716249,439
283097101,42.8551,50.2213,436,34213,0.0376125,0.29,1,3716718,3716282,436
283100021,33.342,20.0885,463,34275,0.069045,0.21,1,3716745,3716282,463
283102941,34.3368,28.4354,464,34337,0.033618,0.13,1,3716780,3716316,464
283105861,45.5347,34.1742,479,34399,0.0434472,0.03,1,3716833,3716354,479
283108781,36.8139,47.8697,453,34460,0.0473789,0,1,3716864,3716411,453
283111701,35.1256,37.7479,456,34521,0.0369516,0,1,3716898,3716442,456
283114621,26.0502,33.6991,445,34582,0.0327806,0.01,1,3716918,3716473,445
283126301,63.5709,41.3363,500,34826,0.0965992,0.05,1,3717112,3716612,500
283129221,42.2284,62.1345,452,34887,0.0926397,0.03,1,3717140,3716688,452
283132141,33.6913,42.8538,450,34948,0.0910559,0.09,1,3717168,3716718,450
283135061,34.4765,33.3415,458,35008,0.0784223,0.01,1,3717203,3716745,458
283137981,44.3906,34.3366,474,35068,0.0853689,0.05,1,3717254,3716780,474
283140901,36.3562,45.5346,452,35128,0.0521476,0.05,1,3717285,3716833,452
283143821,34.9425,36.8139,455,35188,0.050859,0.03,1,3717319,3716864,455
283146741,26.577,35.1255,442,35248,0.0383436,0.03,1,3717340,3716898,442
283149661,36.4308,26.0502,465,35308,0.0813375,0.15,1,3717383,3716918,465
283152581,33.1723,34.4201,456,35368,0.086535,0.15,1,3717414,3716958,456
283161341,42.107,63.5709,453,35548,0.221298,0.09,1,3717565,3717112,453
283164261,33.6428,42.2284,453,35607,0.238519,0.09,1,3717593,3717140,453
283167181,33.8571,33.6913,459,35666,0.245408,0.07,1,3717627,3717168,459
283170101,14.7428,34.4765,426,35725,0.248163,0.09,1,3717629,3717203,426
283173021,35.2971,44.3906,424,35784,0.237265,0.03,1,3717678,3717254,424
283175941,32.1189,36.3562,423,35843,0.244906,0.05,1,3717708,3717285,423
283178861,33.8475,34.9425,424,35902,0.271962,0.03,1,3717743,3717319,424
283181781,25.539,26.577,423,35961,0.294785,0.11,1,3717763,3717340,423
283184701,37.2156,36.4308,425,36020,0.267914,0.09,1,3717808,3717383,425
283187621,34.0862,33.1723,426,36079,0.257166,0.11,1,3717840,3717414,426
283190541,40.6345,39.6689,427,36138,0.276866,0.23,1,3717885,3717458,427
283193461,67.2538,63.2676,433,36196,0.296746,0.25,1,3717970,3717537,433
283202221,34.2082,33.8571,434,36370,0.294272,0.25,1,3718061,3717627,434
283205141,14.8833,14.7428,434,36428,0.291709,0.23,1,3718063,3717629,434
283228501,67.0979,67.2538,435,36890,0.418209,0.33,1,3718405,3717970,435
283231421,44.8392,44.3015,436,36947,0.449284,0.29,1,3718435,3717999,436
283292741,34.5061,36.7767,483,38130,0.750459,0.59,2,3719161,3718678,483
283295661,44.4024,34.5107,501,38185,0.750184,0.59,2,3719212,3718711,501
283298581,69.361,44.4043,536,38240,0.798073,0.63,2,3719298,3718762,536
283307341,38.2791,36.3459,493,38405,0.921077,0.71,2,3719400,3718907,493
283310261,16.5116,36.7383,458,38460,0.938431,0.71,2,3719402,3718944,458
283479621,27.5393,28.7267,522,41524,0.9436,1,2,3721501,3720979,522
283485461,34.7663,32.9163,523,41626,0.910576,1,2,3721575,3721052,523
283514661,28.8822,34.1206,478,42130,0.923887,0.94,2,3721929,3721451,478
283520501,23.2211,27.5393,471,42230,0.926622,0.99,2,3721972,3721501,471
283523421,31.4885,34.4157,469,42280,0.904649,0.87,2,3722009,3721540,469
283529261,27.2382,28.3065,468,42380,0.923544,0.81,2,3722067,3721599,468
283532181,43.2953,45.5226,465,42430,0.915418,0.79,2,3722121,3721656,465
283535101,35.3181,37.409,463,42480,0.912167,0.83,2,3722151,3721688,463
283543861,29.7164,30.2102,463,42630,0.927419,0.85,2,3722278,3721815,463
283546781,22.6865,22.2841,464,42680,0.928968,0.87,2,3722296,3721832,464
283549701,33.0746,33.5136,463,42729,0.941587,0.85,2,3722336,3721873,463
283716141,41.1206,33.897,502,45457,0.916,1,2,3724253,3723751,502
283781841,83.1823,75.9627,466,21469,0.0688302,0.01,1,3725054,3724588,466
283784761,90.2729,92.1851,458,21568,0.0335321,0.03,1,3725149,3724691,458
283787681,86.5092,77.674,474,21666,0.0434128,0,1,3725233,3724759,474
283790601,46.6037,63.4696,440,21764,0.0593651,0.05,1,3725253,3724813,440
283793521,36.6415,46.3878,435,21861,0.0777461,0.07,1,3725283,3724848,435
283802281,66.5211,67.0968,425,22151,0.0882557,0.01,1,3725479,3725054,425
283805201,82.4084,83.8387,423,22247,0.0653023,0.05,1,3725572,3725149,423
283808121,84.5634,83.9355,425,22342,0.0561209,0.07,1,3725658,3725233,425
283811041,44.6253,45.5742,423,22437,0.0404484,0.09,1,3725676,3725253,423
283813961,37.6501,36.2297,426,22532,0.0461793,0.09,1,3725709,3725283,426
283816881,52.2601,14.4919,488,22626,0.0844717,0.13,1,3725771,3725283,488
283822721,62.7216,54.7587,493,22813,0.0627155,0.05,1,3725900,3725407,493
283825641,80.8886,65.1035,514,22906,0.0430862,0.05,1,3725993,3725479,514
283828561,83.9555,81.8414,507,22999,0.0232345,0.05,1,3726079,3725572,507
283831481,44.9822,84.3366,440,23091,0.0152938,0.03,1,3726098,3725658,440
283834401,38.3929,44.5346,456,23183,0.0361175,0.05,1,3726132,3725676,456
283837321,54.9572,37.6138,489,23274,0.092447,0.11,1,3726198,3725709,489
283849001,83.6597,80.8877,508,23636,0.0450866,0.01,1,3726501,3725993,508
283851921,44.8639,83.9551,441,23726,0.0480347,0.01,1,3726520,3726079,441
283854841,38.9456,44.982,457,23815,0.0612139,0.05,1,3726555,3726098,457
283875281,43.5383,44.8639,423,24431,0.0915434,0.07,1,3726943,3726520,423
283878201,39.6153,38.9456,425,24518,0.0666173,0.17,1,3726980,3726555,425
283881121,59.6461,56.3782,430,24604,0.0926469,0.17,1,3727053,3726623,430
283889881,59.0894,58.1602,430,24862,0.224089,0.17,1,3727184,3726754,430
283892801,75.2357,74.8641,430,24947,0.287636,0.09,1,3727270,3726840,430
283904481,61.9692,59.6461,428,25285,0.410227,0.11,1,3727481,3727053,428
283907401,25.9877,25.0584,428,25369,0.422091,0.19,1,3727483,3727055,428
283962881,83.8166,64.0194,542,26911,0.755116,0.59,2,3728605,3728063,542
283968721,61.8906,78.8831,455,27068,0.782019,0.67,2,3728687,3728232,455
283986241,67.1411,64.0414,460,27534,0.934443,0.77,2,3728968,3728508,460
284079681,35.7426,41.4741,506,29895,0.909232,1,2,3730630,3730124,506
284082601,26.297,33.9897,497,29966,0.933693,1,2,3730650,3730153,497
284117641,29.4725,34.6875,468,30802,0.75559,0.87,2,3731200,3730732,468
284132241,56.289,59.2982,452,31144,0.90479,0.71,2,3731500,3731048,452
284135161,41.1156,40.5193,455,31212,0.907916,0.75,2,3731531,3731076,455
284155601,80.3544,57.3128,556,31683,0.940257,0.85,2,3731874,3731318,556
284158521,49.5418,78.7251,492,31750,0.922103,0.89,2,3731903,3731411,492
284161441,57.0167,47.69,527,31817,0.938841,0.93,2,3731965,3731438,527
284284081,51.6693,80.5524,503,34498,0.946,1,2,3733813,3733310,503
284298681,36.579,37.4297,516,34803,0.258356,1,1,3734027,3733511,516
284304521,31.8926,30.1087,524,34925,0.0977369,1,1,3734092,3733568,524
284307441,24.1571,33.6435,507,34986,0.0690948,1,1,3734111,3733604,507
284310361,28.8628,28.4574,514,35046,0.0456379,1,1,3734143,3733629,514
284313281,73.9451,40.183,570,35106,0.0722552,0.95,1,3734247,3733677,570
284316201,48.1781,76.6732,500,35166,0.0589021,0.93,1,3734278,3733778,500
284319121,55.8712,51.6693,526,35226,0.0415608,0.73,1,3734339,3733813,526
284322041,39.7485,60.8677,488,35286,0.0226243,0.59,1,3734368,3733880,488
284324961,30.2994,46.5471,475,35346,0.0390497,0.45,1,3734392,3733917,475
284327881,32.5198,39.6188,474,35406,0.0336199,0.29,1,3734426,3733952,474
284345401,25.123,28.8628,427,35763,0.084059,0.09,1,3734570,3734143,427
284348321,71.2492,73.9451,425,35822,0.0516236,0.05,1,3734672,3734247,425
284351241,45.8997,48.1781,423,35881,0.0866494,0.03,1,3734701,3734278,423
284357081,38.7839,39.7485,422,35999,0.0582639,0.05,1,3734790,3734368,422
284360001,31.1136,30.2994,424,36058,0.0653056,0.03,1,3734816,3734392,424
284362921,32.8454,32.5198,424,36117,0.0561222,0.17,1,3734850,3734426,424
284365841,34.7382,31.0079,430,36176,0.0524489,0.23,1,3734886,3734456,430
284368761,33.6953,32.8032,429,36234,0.0869796,0.21,1,3734919,3734490,429
284371681,26.6781,26.9213,428,36292,0.0767918,0.13,1,3734941,3734513,428
284374601,23.8712,22.7685,430,36350,0.0967167,0.17,1,3734963,3734533,430
284377521,10.7485,10.3074,430,36408,0.0806867,0.03,1,3734965,3734535,430
284380441,22.2994,25.123,425,36466,0.0862747,0.03,1,3734995,3734570,425
284389201,55.0672,54.9599,425,36640,0.261122,0.03,1,3735187,3734762,425
284392121,37.6269,38.7839,423,36698,0.290449,0.07,1,3735213,3734790,423
284395041,30.6507,31.1136,423,36756,0.278179,0.05,1,3735239,3734816,423
284397961,32.0603,32.8454,422,36813,0.261272,0.05,1,3735272,3734850,422
284400881,36.2241,34.7382,425,36870,0.278509,0.11,1,3735311,3734886,425
284403801,34.2896,33.6953,425,36927,0.297403,0.07,1,3735344,3734919,425
284418401,70.9658,8.91976,529,37212,0.290095,0.15,1,3735524,3734995,529
284421321,48.7863,63.5679,463,37269,0.278038,0.23,1,3735558,3735095,463
284424241,57.3145,44.0272,495,37326,0.297215,0.31,1,3735621,3735126,495
284520601,11.768,11.3308,448,39150,0.751053,0.57,2,3736712,3736264,448
284523521,24.5072,23.1323,450,39204,0.774421,0.63,2,3736745,3736295,450
284535201,49.0834,48.837,454,39420,0.924385,0.65,2,3736958,3736504,454
284738141,344.924,348.685,504,18980,0.418,0.29,1,3739677,3739173,504
284768801,175.668,199.43,421,18980,0.09688,0,1,3740035,3739614,421
284771721,87.6672,85.7718,440,19818,0.044752,0.03,1,3740064,3739624,440
284774641,55.4669,55.3087,439,19925,0.0599008,0.05,1,3740098,3739659,439
284777561,102.587,74.3235,486,20031,0.0299603,0.05,1,3740232,3739746,486
284780481,78.2347,93.3294,442,20137,0.0299841,0.05,1,3740294,3739852,442
284783401,72.0939,69.1318,457,20242,0.0419937,0.05,1,3740362,3739905,457
284786321,67.2376,64.2527,460,20347,0.0947975,0.03,1,3740426,3739966,460
284789241,63.495,67.1011,452,20451,0.079919,0.01,1,3740487,3740035,452
284792161,46.398,44.2404,458,20555,0.0499676,0.07,1,3740522,3740064,458
284795081,98.3592,38.0962,557,20658,0.025987,0.01,1,3740655,3740098,557
284798001,76.5437,95.6385,485,20761,0.0283948,0.03,1,3740717,3740232,485
284800921,72.0175,75.4554,492,20863,0.0413579,0.05,1,3740786,3740294,492
284803841,69.007,70.9822,491,20965,0.0825432,0.13,1,3740853,3740362,491
284806761,28.8028,66.7929,429,21066,0.0990173,0.07,1,3740855,3740426,429
284815521,95.9234,98.3307,424,21367,0.0598571,0.03,1,3741079,3740655,424
284818441,74.9694,76.5323,423,21466,0.0779428,0.05,1,3741140,3740717,423
284821361,72.5877,72.0129,425,21565,0.0851771,0.11,1,3741211,3740786,425
284830121,46.5496,44.5208,430,21858,0.0964113,0.13,1,3741340,3740910,430
284835961,92.1679,95.9233,422,22052,0.0514258,0.09,1,3741501,3741079,422
284838881,74.6672,74.9693,424,22148,0.0385703,0.09,1,3741564,3741140,424
284841801,73.6669,72.5877,426,22244,0.0694281,0.11,1,3741637,3741211,426
284844721,70.8667,70.4351,426,22339,0.0937713,0.11,1,3741706,3741280,426
284856401,89.323,27.2479,549,22717,0.217585,0,1,3741922,3741373,549
284859321,74.1292,87.6992,485,22810,0.201034,0.03,1,3741986,3741501,485
284862241,74.0517,72.8797,496,22903,0.218414,0.09,1,3742060,3741564,496
284865161,72.8207,72.9519,495,22996,0.237365,0.11,1,3742132,3741637,495
284868081,30.3283,70.5807,428,23088,0.244946,0.11,1,3742134,3741706,428
284871001,48.1313,29.4323,486,23180,0.247978,0.21,1,3742194,3741708,486
284873921,40.2525,45.9729,464,23271,0.249191,0.17,1,3742229,3741765,464
284882681,75.2002,74.1263,506,23543,0.401148,0.23,1,3742492,3741986,506
284929401,75.4358,75.6265,454,24944,0.759116,0.69,2,3743389,3742935,454
284932321,75.7743,75.8506,454,25029,0.777646,0.65,2,3743465,3743011,454
284935241,31.5097,31.5402,454,25114,0.761059,0.69,2,3743467,3743013,454
284938161,50.4039,49.2161,456,25198,0.790423,0.71,2,3743530,3743074,456
285034521,39.5667,41.1913,490,27837,0.94624,1,2,3745394,3744904,490
285037441,38.0267,38.6765,490,27913,0.918496,1,2,3745431,3744941,490
285043281,34.0443,31.3882,491,28065,0.755359,1,2,3745498,3745007,491
285052041,68.6828,74.1048,483,28290,0.256903,0.94,1,3745752,3745269,483
285057881,43.2693,20.0168,531,28440,0.0879045,1,1,3745834,3745303,531
285060801,37.7077,46.4067,501,28514,0.0411618,0.92,1,3745868,3745367,501
285063721,32.4831,34.7627,503,28588,0.0464647,0.9,1,3745897,3745394,503
285066641,30.3932,36.1051,495,28662,0.0485859,0.81,1,3745926,3745431,495
285069561,28.9573,34.842,489,28736,0.0374344,0.69,1,3745954,3745465,489
285072481,67.3829,33.7368,549,28810,0.0329737,0.41,1,3746047,3745498,549
285075401,70.7532,78.8947,513,28883,0.0671895,0.23,1,3746120,3745607,513
285078321,61.9013,83.1579,483,28956,0.0808758,0.19,1,3746176,3745693,483
285081241,53.5605,68.6632,472,29029,0.0983503,0.07,1,3746224,3745752,472
285098761,66.8173,28.9572,515,29464,0.231611,0.03,1,3746469,3745954,515
285101681,71.1269,67.3829,496,29536,0.206644,0.09,1,3746543,3746047,496
285104601,64.4508,70.7532,483,29608,0.256658,0.09,1,3746603,3746120,483
285125041,27.0315,29.0432,430,30104,0.409244,0.27,1,3746807,3746377,430
285195121,62.1206,68.6008,508,31748,0.752339,0.75,2,3747993,3747485,508
285198041,42.8482,58.6403,486,31815,0.774936,0.75,2,3748023,3747537,486
285200961,37.5393,41.4561,490,31881,0.783974,0.71,2,3748057,3747567,490
285203881,16.2157,36.9824,458,31947,0.78759,0.71,2,3748059,3747601,458
285455001,49.448,13.8254,553,37210,0.94,1,2,3751737,3751184,553
285457921,41.9792,50.5302,515,37267,0.934,1,2,3751774,3751259,515
285460841,65.9917,42.4121,560,37324,0.7756,1,2,3751856,3751296,560
285475441,31.2124,34.3002,503,37606,0.415203,1,1,3752006,3751503,503
285498801,42.9692,65.9917,484,38054,0.401866,0.63,1,3752340,3751856,484
285501721,33.9877,46.7967,478,38110,0.430746,0.51,1,3752368,3751890,478
285504641,28.5951,37.3187,472,38165,0.406299,0.55,1,3752393,3751921,472
285507561,24.638,32.3275,465,38220,0.432519,0.43,1,3752415,3751950,465
285560121,37.9452,35.9777,453,39202,0.758398,0.65,2,3753041,3752588,453
285563041,47.5781,46.1911,454,39256,0.753359,0.63,2,3753095,3752641,454
285565961,38.2312,37.0764,455,39310,0.763344,0.63,2,3753127,3752672,455
285568881,16.4925,16.0306,455,39364,0.767338,0.69,2,3753129,3752674,455
285571801,50.997,51.4122,454,39418,0.780935,0.69,2,3753203,3752749,454
285574721,40.7988,40.9649,454,39472,0.798374,0.67,2,3753237,3752783,454
285592241,36.6433,36.1578,457,39791,0.901675,0.75,2,3753424,3752967,457
285595161,36.8573,34.8631,460,39844,0.93067,0.77,2,3753461,3753001,460
285738241,27.011,25.0234,498,42362,0.928,1,2,3755207,3754709,498
285764521,35.7702,37.0702,487,42809,0.203022,1,1,3755529,3755042,487
285767441,48.5081,45.4281,493,42858,0.231209,1,1,3755586,3755093,493
285776201,24.2245,27.0274,479,43005,0.0985574,1,1,3755659,3755180,479
285779121,18.6898,10.811,494,43054,0.0814229,0.88,1,3755674,3755180,494
285782041,27.2759,20.5244,500,43103,0.0745692,0.81,1,3755707,3755207,500
285784961,27.1104,31.0098,489,43152,0.0478277,0.83,1,3755734,3755245,489
285787881,19.8441,29.2039,476,43201,0.0251311,0.85,1,3755749,3755273,476
285790801,33.7377,20.0816,505,43250,0.0400524,0.65,1,3755792,3755287,505
285793721,29.6951,39.8326,479,43299,0.058021,0.61,1,3755819,3755340,479
285796641,29.278,36.3331,474,43348,0.0292084,0.53,1,3755848,3755374,474
285799561,39.9112,33.1332,490,43397,0.0536834,0.39,1,3755895,3755405,490
285802481,35.1645,45.0533,469,43446,0.0634733,0.21,1,3755927,3755458,469
285805401,33.2658,41.4213,462,43495,0.0433893,0.13,1,3755959,3755497,462
285808321,46.3063,35.7685,485,43544,0.0713557,0.25,1,3756014,3755529,485
285811241,37.7225,48.5074,460,43592,0.0945423,0.11,1,3756046,3755586,460
285849201,46.6399,33.2658,480,44216,0.20332,0.09,1,3756439,3755959,480
285852121,39.0559,46.3063,459,44264,0.243328,0.11,1,3756473,3756014,459
285855041,24.0224,37.7225,441,44312,0.283331,0.13,1,3756487,3756046,441
285857961,25.209,23.489,453,44360,0.299332,0.13,1,3756513,3756060,453
285901761,25.6202,25.209,437,45067,0.422934,0.31,1,3756950,3756513,437
285904681,18.6481,18.4836,437,45114,0.415173,0.33,1,3756964,3756527,437
285907601,25.4592,25.9934,436,45161,0.448069,0.29,1,3756994,3756558,436
285995201,25.6587,19.5314,483,46542,0.759531,0.67,2,3757890,3757407,483
285998121,11.4635,26.4126,454,46587,0.765813,0.67,2,3757892,3757438,454
286001041,21.9854,11.765,481,46632,0.756325,0.63,2,3757921,3757440,481
286003961,17.1942,21.506,467,46677,0.77653,0.65,2,3757935,3757468,467
286006881,33.8777,17.0024,498,46722,0.796612,0.69,2,3757980,3757482,498
286021481,37.0535,37.0794,492,46947,0.925466,0.71,2,3758158,3757666,492
286024401,52.0214,36.4318,518,46992,0.940186,0.73,2,3758220,3757702,518
286027321,45.4086,51.1727,498,47037,0.946075,0.71,2,3758261,3757763,498
286030241,26.5634,45.6691,470,47082,0.94843,0.71,2,3758275,3757805,470
286033161,28.0254,26.6676,485,47127,0.949372,0.75,2,3758304,3757819,485
286249241,101.047,109.634,467,23360,0.29752,0.81,1,3760976,3760509,467
286281361,42.5675,48.9815,455,23360,0.284003,0.53,1,3761056,3760601,455
286287201,52.8908,57.637,462,23541,0.298641,0.39,1,3761206,3760744,462
286301801,61.2712,65.6158,463,23988,0.401487,0.31,1,3761439,3760976,463
286304721,55.1085,62.2463,454,24076,0.418595,0.33,1,3761490,3761036,454
286307641,97.6434,110.099,438,24164,0.437438,0.29,1,3761616,3761178,438
286333921,56.4717,55.8626,445,24942,0.756787,0.51,2,3762089,3761644,445
286336841,41.7887,41.545,445,25027,0.776715,0.47,2,3762121,3761676,445
286339761,26.3155,26.218,445,25112,0.760686,0.53,2,3762137,3761692,445
286342681,45.3262,44.6872,446,25196,0.778274,0.59,2,3762195,3761749,446
286345601,60.7305,58.6749,449,25280,0.76131,0.63,2,3762266,3761817,449
286348521,63.8922,61.87,451,25364,0.754524,0.67,2,3762332,3761881,451
286351441,57.9569,55.948,453,25448,0.79981,0.67,2,3762386,3761933,453
286374801,59.4526,63.8372,514,26106,0.920785,0.83,2,3762846,3762332,514
286477001,50.9077,75.5473,511,28809,0.922,1,2,3764743,3764232,511
286485761,53.0101,67.643,519,29028,0.425488,1,1,3764977,3764458,519
286500361,57.4545,30.9231,553,29391,0.214799,0.95,1,3765169,3764616,553
286512041,48.2564,77.0252,472,29678,0.215979,0.37,1,3765412,3764940,472
286514961,39.7026,53.0101,469,29749,0.248392,0.31,1,3765446,3764977,469
286517881,38.081,41.004,473,29820,0.237357,0.35,1,3765483,3765010,473
286520801,16.4324,38.6016,438,29891,0.232943,0.29,1,3765485,3765047,438
286523721,16.773,26.8406,436,29962,0.267177,0.31,1,3765502,3765066,436
286526641,18.7092,25.1363,432,30033,0.280871,0.15,1,3765522,3765090,432
286529561,53.0837,57.4545,429,30103,0.262348,0.15,1,3765598,3765169,429
286541241,50.0357,48.2564,434,30383,0.408428,0.27,1,3765846,3765412,434
286544161,40.4143,39.7026,434,30453,0.433371,0.23,1,3765880,3765446,434
286550001,16.7863,16.4324,435,30591,0.440139,0.29,1,3765920,3765485,435
286617161,53.3571,19.2276,528,32145,0.758946,0.61,2,3766929,3766401,528
286620081,40.5428,53.891,483,32211,0.777578,0.61,2,3766961,3766478,483
286623001,94.2171,40.7564,581,32277,0.797031,0.59,2,3767091,3766510,581
286628841,51.1947,72.521,488,32408,0.920725,0.63,2,3767186,3766698,488
286792361,66.004,68.924,497,35879,0.921975,1,2,3769599,3769102,497
286818641,25.0788,32.3131,490,36406,0.928334,1,2,3769876,3769386,490
287037641,318.51,349.612,465,17520,0.405889,0.29,1,3772793,3772328,465
287040561,199.404,207.045,473,18366,0.228356,0.07,1,3772913,3772440,473
287046401,80.1446,93.0072,447,18597,0.0617369,0.07,1,3773045,3772598,447
287049321,76.4579,73.8029,460,18711,0.0306948,0.03,1,3773119,3772659,460
287052241,59.9831,81.7211,422,18824,0.0302779,0.01,1,3773168,3772746,422
287055161,52.1933,42.8885,452,18937,0.0541112,0.11,1,3773215,3772763,452
287058081,96.4773,107.155,428,19049,0.0516445,0.03,1,3773341,3772913,428
287061001,88.3909,94.4622,425,19160,0.0866578,0.03,1,3773424,3772999,425
287063921,61.7564,65.3849,423,19271,0.0646631,0.01,1,3773468,3773045,423
287066841,69.7025,70.5539,424,19381,0.0438652,0.03,1,3773543,3773119,424
287069761,56.081,57.6216,422,19490,0.0355461,0.07,1,3773590,3773168,422
287072681,52.4324,51.2486,425,19599,0.0682184,0.07,1,3773640,3773215,425
287084361,69.0655,59.728,496,20028,0.0794584,0.03,1,3773964,3773468,496
287087281,55.8262,68.8912,468,20134,0.0377834,0.03,1,3774011,3773543,468
287090201,53.5305,55.7565,473,20239,0.0451133,0.09,1,3774063,3773590,473
287101881,65.7768,60.1554,496,20655,0.0876029,0.05,1,3774385,3773889,496
287104801,54.5107,69.0621,468,20758,0.0410412,0.01,1,3774432,3773964,468
287107721,54.8043,55.8249,476,20860,0.0344165,0.05,1,3774487,3774011,476
287110641,100.522,53.5299,555,20962,0.0317666,0.17,1,3774618,3774063,555
287113561,41.4087,97.012,431,21063,0.0307066,0.17,1,3774620,3774189,431
287116481,68.7635,91.6048,430,21164,0.0782827,0.19,1,3774707,3774277,430
287125241,50.6249,54.5107,422,21463,0.23277,0.03,1,3774854,3774432,422
287139841,53.521,50.9054,431,21952,0.22976,0.19,1,3775177,3774746,431
287142761,59.2084,57.5622,432,22049,0.277904,0.27,1,3775240,3774808,432
287145681,50.6834,50.6249,431,22145,0.297162,0.15,1,3775285,3774854,431
287157361,74.5311,72.3024,432,22526,0.418247,0.19,1,3775568,3775136,432
287209921,38.751,52.6552,456,24163,0.763305,0.71,2,3776623,3776167,456
287212841,49.1004,54.0621,457,24251,0.791322,0.71,2,3776679,3776222,457
287221601,78.3824,79.9,455,24512,0.919685,0.69,2,3776919,3776464,455
287317961,62.0227,70.9028,479,27218,0.770197,1,2,3778812,3778333,479
287338401,70.1195,80.8916,463,27759,0.794592,0.83,2,3779171,3778708,463
287355921,37.3328,34.7414,455,28213,0.907315,0.75,2,3779449,3778994,455
287358841,48.5331,47.4966,455,28288,0.932926,0.75,2,3779505,3779050,455
287493161,41.8687,46.1979,516,31545,0.758512,1,2,3781788,3781272,516
287499001,50.139,47.1117,527,31679,0.232962,1,1,3781894,3781367,527
287501921,44.0556,48.8447,517,31746,0.0991848,1,1,3781934,3781417,517
287504841,62.6222,42.9379,553,31813,0.0816739,1,1,3782009,3781456,553
287507761,55.0489,65.1751,523,31880,0.0326696,1,1,3782059,3781536,523
287510681,40.6196,56.0701,504,31946,0.0310678,1,1,3782090,3781586,504
287513601,34.8478,43.428,500,32012,0.0124271,0.93,1,3782121,3781621,500
287516521,42.7391,36.5712,516,32078,0.0229709,0.95,1,3782169,3781653,516
287519441,39.8957,46.4285,501,32144,0.0511883,0.85,1,3782207,3781706,501
287522361,33.9583,43.1714,490,32210,0.0504753,0.67,1,3782237,3781747,490
287525281,38.1833,41.8686,490,32276,0.0741901,0.29,1,3782278,3781788,490
287528201,37.4733,50.3474,471,32342,0.0716761,0.07,1,3782315,3781844,471
287531121,38.9893,50.139,461,32407,0.0466704,0.01,1,3782355,3781894,461
287534041,61.1957,44.0556,497,32472,0.0486682,0.07,1,3782431,3781934,497
287536961,54.4783,62.6222,472,32537,0.0194673,0,1,3782481,3782009,472
287539881,40.9913,55.0489,454,32602,0.0257869,0.03,1,3782513,3782059,454
287542801,34.9965,40.6196,454,32667,0.0163148,0,1,3782544,3782090,454
287545721,42.7986,34.8478,471,32732,0.0365259,0.03,1,3782592,3782121,471
287548641,18.3194,42.7391,425,32797,0.0446104,0.07,1,3782594,3782169,425
287551561,28.3278,39.8957,422,32861,0.0238441,0.05,1,3782629,3782207,422
287554481,29.9311,33.9583,423,32925,0.0515377,0.09,1,3782660,3782237,423
287557401,37.7724,38.1833,425,32989,0.0866151,0.07,1,3782703,3782278,425
287563241,37.8436,38.9893,422,33117,0.0942584,0.05,1,3782777,3782355,422
287566161,60.7374,61.1957,422,33181,0.0557034,0,1,3782853,3782431,422
287569081,54.895,54.4783,423,33245,0.0402813,0.03,1,3782904,3782481,423
287572001,41.758,40.9913,424,33309,0.0341125,0.01,1,3782937,3782513,424
287574921,34.7032,34.9965,423,33372,0.013645,0.05,1,3782967,3782544,423
287577841,42.0813,42.7986,422,33435,0.011458,0.05,1,3783014,3782592,422
287580761,18.0325,18.3194,422,33498,0.0105832,0.01,1,3783016,3782594,422
287583681,28.213,28.3278,422,33561,0.0102333,0.07,1,3783051,3782629,422
287586601,31.6852,29.9311,425,33624,0.0220933,0.11,1,3783085,3782660,425
287589521,40.2741,37.7724,428,33687,0.0388373,0.21,1,3783131,3782703,428
287592441,38.9096,36.109,431,33750,0.0815349,0.05,1,3783169,3782738,431
287595361,33.5639,37.8436,422,33813,0.074614,0.03,1,3783199,3782777,422
287598281,60.2255,60.7374,424,33876,0.0478456,0.03,1,3783277,3782853,424
287601201,53.4902,54.895,422,33938,0.0371382,0.03,1,3783326,3782904,422
287604121,41.1961,41.758,422,34000,0.0328553,0,1,3783359,3782937,422
287607041,34.4784,34.7032,422,34062,0.0191421,0.01,1,3783389,3782967,422
287609961,41.9914,42.0813,422,34124,0.0496568,0.01,1,3783436,3783014,422
287612881,17.9965,18.0325,422,34186,0.0378627,0.01,1,3783438,3783016,422
287615801,28.1986,28.213,422,34248,0.0331451,0.01,1,3783473,3783051,422
287618721,32.2794,11.2852,457,34310,0.043258,0.03,1,3783508,3783051,457
287621641,41.1118,24.9141,470,34372,0.0593032,0.05,1,3783555,3783085,470
287624561,39.2447,37.5656,462,34434,0.0777213,0.11,1,3783593,3783131,462
287630401,59.1992,33.1305,499,34556,0.0616354,0.03,1,3783698,3783199,499
287633321,53.0797,60.0522,470,34617,0.0246542,0.03,1,3783747,3783277,470
287636241,41.0319,53.4209,454,34678,0.0158617,0.03,1,3783780,3783326,454
287639161,34.4127,41.1684,451,34739,0.0363447,0.01,1,3783810,3783359,451
287642081,42.5651,34.4673,469,34800,0.0325379,0.07,1,3783858,3783389,469
287645001,18.226,41.9869,424,34861,0.0310151,0.03,1,3783860,3783436,424
287647921,27.6904,17.9948,456,34922,0.0184061,0.03,1,3783894,3783438,456
287650841,33.2762,28.1979,458,34983,0.0493624,0.05,1,3783931,3783473,458
287653761,43.3105,32.2792,473,35043,0.061745,0.07,1,3783981,3783508,473
287656681,40.7242,41.1117,465,35103,0.066698,0.09,1,3784020,3783555,465
287659601,33.0897,39.2447,455,35163,0.0926792,0.13,1,3784048,3783593,455
287662521,56.4359,32.4979,499,35223,0.0430717,0.03,1,3784120,3783621,499
287665441,51.3743,59.1991,470,35283,0.0172287,0,1,3784168,3783698,470
287668361,40.3497,53.0797,454,35343,0.0248915,0.01,1,3784201,3783747,454
287671281,34.1399,41.0319,451,35403,0.0159566,0.05,1,3784231,3783780,451
287674201,43.656,34.4127,471,35463,0.0243826,0.03,1,3784281,3783810,471
287677121,18.6624,42.5651,425,35523,0.0517531,0.03,1,3784283,3783858,425
287680041,27.265,18.226,456,35583,0.0507012,0.01,1,3784316,3783860,456
287682961,34.906,27.6904,462,35642,0.0502805,0.07,1,3784356,3783894,462
287685881,15.1624,33.2762,427,35701,0.0501122,0.07,1,3784358,3783931,427
287691721,38.546,40.7242,427,35819,0.098018,0.11,1,3784447,3784020,427
287700481,50.0349,51.3743,422,35996,0.0828331,0.03,1,3784590,3784168,422
287703401,41.014,40.3497,424,36055,0.0511333,0.01,1,3784625,3784201,424
287706321,33.2056,34.1399,422,36114,0.0744533,0.03,1,3784653,3784231,422
287709241,45.0822,43.656,425,36173,0.0357813,0.07,1,3784706,3784281,425
287712161,19.2329,18.6624,425,36231,0.0203125,0.05,1,3784708,3784283,425
287715081,26.8932,27.265,424,36289,0.062125,0.05,1,3784740,3784316,424
287718001,34.7573,34.906,424,36347,0.09085,0.05,1,3784780,3784356,424
287729681,33.4626,32.2184,428,36579,0.21847,0.15,1,3784903,3784475,428
287732601,52.985,53.0874,427,36637,0.225388,0.05,1,3784969,3784542,427
287735521,46.994,50.0349,422,36695,0.240155,0.03,1,3785012,3784590,422
287738441,40.3976,41.014,423,36753,0.222062,0.09,1,3785048,3784625,423
287741361,32.359,33.2056,422,36810,0.214825,0.01,1,3785075,3784653,422
287770561,46.8564,51.578,474,37380,0.215929,0.25,1,3785443,3784969,474
287773481,39.7426,46.4312,466,37437,0.236371,0.21,1,3785478,3785012,466
287776401,31.497,40.1725,456,37493,0.244549,0.21,1,3785504,3785048,456
287779321,42.5988,32.269,479,37549,0.247819,0.13,1,3785554,3785075,479
287782241,18.2395,45.3076,427,37605,0.249128,0.13,1,3785556,3785129,427
287785161,27.6958,19.323,459,37661,0.249651,0.15,1,3785590,3785131,459
287788081,35.6783,27.5292,467,37717,0.29786,0.15,1,3785631,3785164,467
287799761,36.3902,40.6311,461,37941,0.298457,0.19,1,3785764,3785303,461
287823121,37.7252,27.6958,478,38384,0.409052,0.33,1,3786068,3785590,478
287826041,16.2901,35.6783,439,38439,0.421621,0.33,1,3786070,3785631,439
287828961,38.916,15.4713,491,38494,0.438648,0.31,1,3786124,3785633,491
287878601,49.1317,48.2954,448,39417,0.796284,0.59,2,3786720,3786272,448
287884441,42.6611,39.8873,453,39525,0.911005,0.67,2,3786805,3786352,453
287887361,32.6644,31.5549,453,39578,0.934402,0.65,2,3786831,3786378,453
287890281,43.6658,42.622,454,39631,0.931761,0.65,2,3786882,3786428,454
287893201,18.6663,18.2488,454,39684,0.930704,0.69,2,3786884,3786430,454
287896121,29.6665,28.8995,455,39737,0.942282,0.69,2,3786921,3786466,455
287899041,40.0666,39.1598,456,39790,0.934913,0.69,2,3786968,3786512,456
287901961,17.2266,16.8639,456,39843,0.907965,0.73,2,3786970,3786514,456
287904881,39.8907,39.1456,457,39896,0.921186,0.73,2,3787025,3786568,457
287907801,42.9563,42.0582,458,39949,0.938474,0.75,2,3787070,3786612,458
287910721,39.3825,37.8233,460,40002,0.93339,0.75,2,3787107,3786647,460
287913641,16.953,16.3293,460,40055,0.931356,0.83,2,3787109,3786649,460
287916561,49.9812,49.1317,461,40108,0.942542,0.83,2,3787181,3786720,461
288083001,39.8982,34.4067,494,43004,0.258141,1,1,3789213,3788719,494
288088841,33.0237,22.3051,529,43102,0.0977025,1,1,3789276,3788747,529
288091761,27.6095,34.122,511,43151,0.039081,1,1,3789300,3788789,511
288094681,27.8438,31.6488,509,43200,0.0216324,1,1,3789328,3788819,509
288097601,28.5375,28.8595,511,43249,0.00865296,1,1,3789357,3788846,511
288100521,35.415,34.3438,513,43298,0.00346118,1,1,3789397,3788884,513
288103441,31.566,32.3375,511,43347,0.0673845,1,1,3789426,3788915,511
288106361,25.2264,32.135,500,43396,0.0449538,1,1,3789447,3788947,500
288109281,31.6906,32.654,503,43445,0.0479815,1,1,3789483,3788980,503
288112201,27.0762,32.8616,494,43494,0.0371926,0.78,1,3789507,3789013,494
288115121,30.0305,34.1446,491,43543,0.032877,0.55,1,3789539,3789048,491
288118041,31.8122,40.6579,479,43591,0.0791508,0.45,1,3789572,3789093,479
288120961,32.5249,37.8631,476,43639,0.0736603,0.29,1,3789605,3789129,476
288123881,34.61,42.7453,466,43687,0.0594641,0.17,1,3789641,3789175,466
288129721,30.4976,34.5592,453,43783,0.0587143,0.09,1,3789697,3789244,453
288132641,27.799,33.0237,447,43831,0.0234857,0,1,3789723,3789276,447
288135561,27.3196,27.6095,450,43879,0.0153943,0.01,1,3789750,3789300,450
288138481,27.7278,27.8438,450,43927,0.0601577,0,1,3789778,3789328,450
288141401,37.4911,28.5375,465,43975,0.0300631,0,1,3789822,3789357,465
288144321,31.1965,35.415,452,44023,0.0420252,0.11,1,3789849,3789397,452
288147241,25.6786,31.566,445,44071,0.0588101,0.03,1,3789871,3789426,445
288150161,31.2714,25.2264,459,44119,0.077524,0.05,1,3789906,3789447,459
288153081,26.9086,31.6906,447,44167,0.0490096,0.03,1,3789930,3789483,447
288156001,29.3634,27.0762,454,44215,0.0616038,0.03,1,3789961,3789507,454
288158921,33.3454,30.0305,458,44263,0.0666415,0.11,1,3789997,3789539,458
288161841,33.7381,31.8122,459,44311,0.0446566,0.07,1,3790031,3789572,459
288164761,35.6953,32.5249,463,44359,0.0718626,0.05,1,3790068,3789605,463
288167681,28.6781,34.61,451,44407,0.0827451,0.13,1,3790092,3789641,451
288170601,27.0712,28.244,453,44455,0.087098,0.03,1,3790118,3789665,453
288173521,12.0285,30.4976,423,44502,0.0648392,0,1,3790120,3789697,423
288176441,19.8114,27.799,422,44549,0.0259357,0.01,1,3790145,3789723,422
288179361,25.3246,27.3196,424,44596,0.0283743,0.09,1,3790174,3789750,424
288182281,25.7298,27.7278,422,44643,0.0173497,0.01,1,3790200,3789778,422
288185201,38.4919,37.4911,425,44690,0.0249399,0.05,1,3790247,3789822,425
288188121,32.7968,31.1965,427,44737,0.039976,0.07,1,3790276,3789849,427
288191041,26.3187,25.6786,427,44784,0.0339904,0.09,1,3790298,3789871,427
288193961,28.5275,31.2714,422,44831,0.0555962,0.03,1,3790328,3789906,422
288196881,28.211,26.9086,426,44878,0.0522385,0.07,1,3790356,3789930,426
288199801,28.0844,29.3634,423,44925,0.0748954,0.07,1,3790384,3789961,423
288211481,29.3654,28.6781,426,45113,0.204237,0.09,1,3790518,3790092,426
288214401,26.1461,27.0712,424,45160,0.219695,0.05,1,3790542,3790118,424
288217321,11.6585,12.0285,424,45207,0.225878,0,1,3790544,3790120,424
288229001,38.4057,38.4919,422,45395,0.0811905,0.05,1,3790669,3790247,422
288231921,32.7623,32.7968,422,45441,0.0744762,0.03,1,3790698,3790276,422
288234841,26.9049,26.3187,423,45487,0.0357905,0.07,1,3790721,3790298,423
288237761,29.362,28.5275,424,45533,0.0323162,0.05,1,3790752,3790328,424
288240681,28.5448,28.211,424,45579,0.0309265,0.09,1,3790780,3790356,424
288243601,28.8179,28.0844,425,45625,0.0423706,0.15,1,3790809,3790384,425
288246521,36.1272,32.8338,430,45671,0.0949482,0.21,1,3790850,3790420,430
288284481,28.674,29.3166,450,46269,0.229628,0.03,1,3791202,3790752,450
288287401,29.4696,28.5266,452,46315,0.241851,0.05,1,3791232,3790780,452
288290321,37.5878,28.8107,466,46361,0.25874,0.13,1,3791275,3790809,466
288316601,37.5275,23.3237,474,46766,0.429495,0.15,1,3791519,3791045,474
288319521,33.611,36.3295,460,46811,0.441798,0.19,1,3791550,3791090,460
288325361,31.0578,26.2127,464,46901,0.441488,0.21,1,3791606,3791142,464
288328281,29.8231,29.6851,461,46946,0.446595,0.25,1,3791635,3791174,461
288331201,29.9292,28.674,463,46991,0.448638,0.25,1,3791665,3791202,463
288334121,38.3717,29.4696,477,47036,0.449455,0.27,1,3791709,3791232,477
288337041,39.9487,37.5878,475,47081,0.413782,0.33,1,3791750,3791275,475
288339961,40.5795,36.0351,481,47126,0.411513,0.39,1,3791791,3791310,481
288342881,30.6318,39.0141,464,47171,0.422605,0.37,1,3791815,3791351,464
288410041,37.0556,36.7944,447,48188,0.757898,0.51,2,3792410,3791963,447
288412961,34.0222,33.9178,447,48232,0.765159,0.51,2,3792442,3791995,447
288415881,26.8089,26.7671,447,48276,0.768064,0.57,2,3792464,3792017,447
288421721,30.8094,29.9627,449,48364,0.79609,0.59,2,3792528,3792079,449
288445081,18.3563,18.1719,456,48710,0.903855,0.69,2,3792764,3792308,456
288453841,19.8468,19.139,458,48839,0.902887,0.77,2,3792819,3792361,458
288456761,36.7387,7.6556,506,48882,0.919155,0.77,2,3792867,3792361,506
288459681,33.8955,32.4622,489,48925,0.925662,0.77,2,3792899,3792410,489
288643641,330.465,344.309,481,23360,0.934,1,2,3794783,3794302,481
288672841,221.114,194.65,518,23451,0.77944,0.79,2,3795382,3794864,518
288675761,131.646,137.26,491,23541,0.785776,0.75,2,3795454,3794963,491
288696201,54.8842,64.1462,459,24164,0.906076,0.79,2,3795841,3795382,459
288699121,67.5537,68.8585,463,24252,0.93243,0.81,2,3795917,3795454,463
288702041,79.8215,82.1434,460,24339,0.942972,0.81,2,3796005,3795545,460
288801321,49.6229,53.008,491,27141,0.91,1,2,3797952,3797461,491
288804241,66.6491,71.6032,485,27219,0.754,1,2,3798030,3797545,485
288810081,70.3039,65.4565,498,27375,0.41944,1,1,3798151,3797653,498
288815921,38.3686,39.393,495,27529,0.24591,1,1,3798216,3797721,495
288821761,41.179,46.1429,481,27683,0.0981457,1,1,3798314,3797833,481
288827601,42.9486,49.6229,467,27836,0.228103,0.65,1,3798419,3797952,467
288830521,53.1795,66.6491,449,27912,0.253241,0.57,1,3798479,3798030,449
288833441,41.0718,48.2597,446,27988,0.251297,0.27,1,3798512,3798066,446
288836361,60.8287,70.3039,435,28064,0.262519,0.27,1,3798586,3798151,435
288839281,43.5315,47.9215,434,28139,0.243007,0.19,1,3798618,3798184,434
288842201,37.2126,38.3686,435,28214,0.247203,0.07,1,3798651,3798216,435
288845121,51.485,54.9474,430,28289,0.260881,0.07,1,3798712,3798282,430
288848041,40.394,41.179,431,28364,0.254352,0.07,1,3798745,3798314,431
288850961,61.1576,16.4716,506,28439,0.299741,0.21,1,3798820,3798314,506
288865561,44.0874,60.5757,464,28809,0.418125,0.23,1,3799050,3798586,464
288868481,36.8349,43.4303,464,28882,0.41325,0.25,1,3799082,3798618,464
288871401,51.934,37.1721,493,28955,0.4113,0.27,1,3799144,3798651,493
288874321,41.1736,51.4688,466,29028,0.42252,0.25,1,3799178,3798712,466
288921041,45.0359,45.2038,452,30173,0.768056,0.61,2,3799945,3799493,452
288935641,45.4132,45.0405,452,30522,0.904534,0.59,2,3800186,3799734,452
288938561,19.3653,19.2162,452,30591,0.919813,0.67,2,3800188,3799736,452
288941481,44.9461,43.6865,454,30660,0.949925,0.69,2,3800250,3799796,454
289078721,55.2725,59.2508,483,33751,0.761657,1,2,3802427,3801944,483
289096241,33.3825,36.1421,467,34125,0.437099,0.99,1,3802653,3802186,467
289102081,55.3812,57.3827,468,34249,0.263136,0.82,1,3802758,3802290,468
289105001,41.3525,22.9531,500,34311,0.231254,0.88,1,3802790,3802290,500
289107921,34.541,30.1812,495,34373,0.206502,0.81,1,3802820,3802325,495
289119601,41.497,58.651,480,34618,0.217302,0.53,1,3803008,3802528,480
289122521,29.7988,44.4604,467,34679,0.224921,0.53,1,3803030,3802563,467
289125441,29.9195,31.5842,474,34740,0.227968,0.43,1,3803060,3802586,474
289128361,29.9678,32.4337,471,34801,0.205187,0.41,1,3803090,3802619,471
289131281,33.5871,33.3735,473,34862,0.232075,0.33,1,3803126,3802653,473
289134201,50.6348,34.9494,499,34923,0.29083,0.19,1,3803188,3802689,499
289137121,38.8539,55.3798,461,34984,0.290332,0.21,1,3803219,3802758,461
289148801,55.1627,36.6065,497,35224,0.41356,0.21,1,3803406,3802909,497
289151721,43.6651,54.2426,467,35284,0.435424,0.23,1,3803442,3802975,467
289154641,29.466,41.497,454,35344,0.44417,0.23,1,3803462,3803008,454
289157561,29.7864,29.7988,462,35404,0.447668,0.23,1,3803492,3803030,462
289166321,54.1543,33.5871,500,35584,0.439771,0.33,1,3803626,3803126,500
289172161,16.8247,38.8539,438,35702,0.441163,0.37,1,3803657,3803219,438
289207201,17.1784,16.8247,445,36406,0.769145,0.47,2,3804102,3803657,445
289210121,24.8713,24.7299,445,36464,0.757658,0.47,2,3804132,3803687,445
289236401,55.8324,53.3647,458,36982,0.916684,0.75,2,3804527,3804069,458
289251001,38.316,41.7794,493,37267,0.940193,0.85,2,3804688,3804195,493
289253921,59.7264,34.7118,537,37324,0.946077,0.85,2,3804762,3804225,537
289256841,47.8906,58.2847,503,37381,0.948431,0.89,2,3804802,3804299,503
289621841,126.86,133.038,495,19925,0.09784,0.69,1,3809435,3808940,495
289624761,98.744,95.8151,504,20031,0.057136,0.41,1,3809515,3809011,504
289627681,71.8976,92.926,467,20137,0.0888544,0.15,1,3809569,3809102,467
289630601,79.759,84.5704,473,20242,0.0535418,0.07,1,3809654,3809181,473
289633521,42.7036,70.4282,430,20347,0.0394167,0.09,1,3809672,3809242,430
289636441,75.2814,35.3713,515,20451,0.0457667,0.03,1,3809769,3809254,515
289639361,82.9126,69.3485,511,20555,0.0843067,0.03,1,3809857,3809346,511
289659801,79.5499,82.7253,427,21267,0.223163,0.15,1,3810284,3809857,427
289662721,81.02,81.0901,429,21367,0.263265,0.21,1,3810366,3809937,429
289665641,69.008,67.236,432,21466,0.255306,0.19,1,3810427,3809995,432
289668561,76.2032,76.0944,431,21565,0.288122,0.17,1,3810508,3810077,431
289671481,41.8813,41.8378,431,21663,0.289249,0.17,1,3810527,3810096,431
289674401,17.9525,17.9351,431,21761,0.2897,0.19,1,3810529,3810098,431
289700681,83.0814,26.1524,532,22623,0.4407,0.43,1,3811158,3810626,532
289729881,79.5025,70.5289,532,23543,0.784287,0.61,2,3811837,3811305,532
289741561,83.0353,67.3159,545,23901,0.913118,0.63,2,3812053,3811508,545
289744481,34.4141,82.7264,454,23990,0.935247,0.69,2,3812055,3811601,454
289843761,60.1248,63.8164,538,26829,0.9388,1,2,3814110,3813572,538
289846681,78.0499,66.3265,560,26908,0.78952,1,2,3814200,3813640,560
289867121,56.5209,63.312,468,27454,0.42816,0.91,1,3814520,3814052,468
289919681,55.8761,45.7604,514,28810,0.773961,0.63,2,3815416,3814902,514
289922601,54.7505,55.5042,506,28883,0.795585,0.69,2,3815470,3814964,506
289937201,40.127,29.0352,500,29248,0.940144,0.65,2,3815687,3815187,500
290048161,39.6957,37.3014,516,31881,0.947077,1,2,3817556,3817040,516
290062761,61.7495,51.9474,537,32211,0.412485,0.98,1,3817789,3817252,537
290068601,72.5199,61.1116,551,32343,0.0959976,1,1,3817924,3817373,551
290071521,46.408,71.2446,502,32408,0.068399,1,1,3817953,3817451,502
290074441,38.3632,47.0979,504,32473,0.0573596,0.98,1,3817986,3817482,504
290077361,36.9453,39.2391,506,32538,0.0649439,0.92,1,3818022,3817516,506
290080281,31.5781,39.6957,494,32603,0.0679775,0.77,1,3818050,3817556,494
290086121,38.4125,33.7113,501,32733,0.0720764,0.67,1,3818123,3817622,501
290089041,16.565,44.6845,451,32798,0.0588306,0.55,1,3818125,3817674,451
290100721,66.8129,72.5199,422,33054,0.0859381,0.05,1,3818346,3817924,422
290103641,44.7251,46.408,423,33118,0.0523752,0.05,1,3818376,3817953,423
290106561,38.8901,38.3632,425,33182,0.0509501,0.07,1,3818411,3817986,425
290109481,37.156,36.9453,425,33246,0.05038,0.07,1,3818447,3818022,425
290112401,31.6624,31.5781,425,33310,0.074152,0.13,1,3818475,3818050,425
290115321,31.865,30.0312,428,33373,0.0836608,0.05,1,3818507,3818079,428
290118241,39.146,38.4125,428,33436,0.0994643,0.05,1,3818551,3818123,428
290132841,62.8316,66.8129,422,33751,0.201803,0.03,1,3818768,3818346,422
290135761,43.7326,44.7251,423,33814,0.206721,0.05,1,3818799,3818376,423
290167881,43.0474,61.8814,460,34496,0.207395,0.21,1,3819228,3818768,460
290170801,35.219,43.3526,459,34557,0.220958,0.09,1,3819258,3818799,459
290173721,38.6876,37.741,466,34618,0.214383,0.19,1,3819299,3818833,466
290188321,26.5898,17.2517,460,34923,0.206454,0.13,1,3819440,3818980,460
290191241,52.0359,26.1007,497,34984,0.220582,0.15,1,3819509,3819012,497
290194161,46.0144,51.2403,471,35044,0.274233,0.15,1,3819551,3819080,471
290211681,32.0467,33.475,461,35404,0.404225,0.17,1,3819790,3819329,461
290214601,39.2187,32.59,473,35464,0.43169,0.17,1,3819834,3819361,473
290217521,16.8875,39.436,431,35524,0.442676,0.17,1,3819836,3819405,431
290261321,23.3295,22.3928,449,36406,0.764533,0.59,2,3820393,3819944,449
290264241,36.9318,35.3571,451,36464,0.767813,0.63,2,3820439,3819988,451
290267161,64.5727,62.1428,454,36522,0.793125,0.67,2,3820522,3820068,454
290281761,35.874,34.4629,455,36811,0.902602,0.67,2,3820689,3820234,455
290284681,40.7496,40.1852,455,36868,0.931041,0.71,2,3820733,3820278,455
290430681,34.2985,41.7556,480,39632,0.944797,1,2,3822631,3822151,480
290436521,32.1278,28.0409,496,39738,0.931168,1,2,3822700,3822204,496
290439441,48.2511,52.6164,486,39791,0.798467,0.98,2,3822759,3822273,486
290448201,56.1281,53.7674,500,39950,0.427182,1,1,3822902,3822402,500
290456961,27.8562,34.7851,490,40109,0.0789396,1,1,3822986,3822496,490
290459881,25.5425,13.914,514,40162,0.0615759,1,1,3823010,3822496,514
290462801,29.417,26.5656,511,40215,0.0426303,1,1,3823042,3822531,511
290465721,32.7668,28.0262,517,40268,0.0350521,0.92,1,3823077,3822560,517
290468641,31.1067,33.4105,510,40320,0.0800209,0.94,1,3823107,3822597,510
290471561,32.8427,33.7642,510,40372,0.0620083,1,1,3823141,3822631,510
290483241,32.756,43.2868,482,40580,0.0901474,0.49,1,3823281,3822799,482
290486161,45.5024,38.3147,501,40632,0.090059,0.33,1,3823335,3822834,501
290489081,36.201,56.1259,463,40684,0.0900236,0.25,1,3823365,3822902,463
290497841,23.0529,27.8561,445,40840,0.0746415,0.05,1,3823431,3822986,445
290500761,28.4211,25.5424,453,40892,0.0958566,0.03,1,3823463,3823010,453
290503681,32.3685,29.417,456,40944,0.0683426,0.03,1,3823498,3823042,456
290506601,33.9474,32.7668,456,40996,0.0453371,0.11,1,3823533,3823077,456
290512441,28.3516,32.8427,450,41098,0.0972539,0.15,1,3823591,3823141,450
290524121,46.5274,32.756,482,41302,0.20001,0.09,1,3823763,3823281,482
290527041,36.611,45.5024,458,41353,0.206004,0.09,1,3823793,3823335,458
290529961,26.6444,36.201,448,41404,0.232402,0.13,1,3823813,3823365,448
290532881,22.0578,27.0804,446,41455,0.254961,0.11,1,3823832,3823386,446
290535801,22.0231,24.6322,445,41506,0.239984,0.05,1,3823854,3823409,445
290538721,10.0092,23.0529,425,41557,0.233994,0.11,1,3823856,3823431,425
290541641,21.4037,28.4211,422,41608,0.243597,0.05,1,3823885,3823463,422
290544561,29.5615,32.3685,422,41659,0.211439,0.03,1,3823920,3823498,422
290553321,27.7639,28.3516,426,41812,0.0756921,0.15,1,3824017,3823591,426
290556241,45.9056,43.7406,430,41862,0.0602768,0.21,1,3824075,3823645,430
290559161,39.3622,37.2963,432,41912,0.0661107,0.19,1,3824110,3823678,432
290562081,33.1449,32.3185,432,41962,0.0804443,0.21,1,3824139,3823707,432
290579601,9.97038,10.0092,433,42262,0.201221,0.25,1,3824289,3823856,433
290582521,20.7882,21.4037,432,42312,0.218488,0.19,1,3824317,3823885,432
290585441,28.7153,29.5615,431,42362,0.213395,0.11,1,3824351,3823920,431
290588361,30.6861,34.0246,426,42412,0.247358,0.09,1,3824383,3823957,426
290591281,33.8744,36.4098,424,42462,0.296943,0.05,1,3824419,3823995,424
290600041,39.32,39.3622,423,42612,0.410924,0.09,1,3824533,3824110,423
290687641,50.7002,37.8072,508,44072,0.774546,0.59,2,3825517,3825009,508
290693481,29.832,39.1691,474,44168,0.785127,0.59,2,3825573,3825099,474
290722681,47.1545,47.0664,457,44644,0.936754,0.73,2,3825841,3825384,457
290725601,42.2618,41.6266,458,44691,0.920702,0.73,2,3825880,3825422,458
290728521,39.7047,38.2506,460,44738,0.914281,0.81,2,3825918,3825458,460
290743121,23.9563,22.7731,465,44973,0.917839,0.87,2,3826080,3825615,465
290746041,10.7825,10.3092,465,45020,0.937136,0.89,2,3826082,3825617,465
290886201,27.6186,26.5698,514,47217,0.775912,1,2,3827607,3827093,514
290921241,28.5453,29.6008,468,47749,0.286209,0.95,1,3827968,3827500,468
290924161,27.6181,28.0403,468,47793,0.276484,0.83,1,3827995,3827527,468
290927081,23.6473,25.6161,465,47837,0.260593,0.77,1,3828016,3827551,465
290930001,25.0589,27.0465,463,47881,0.278237,0.75,1,3828042,3827579,463
290932921,25.6236,27.6186,461,47925,0.285295,0.71,1,3828068,3827607,461
290953361,33.1224,35.9731,443,48233,0.444494,0.45,1,3828244,3827801,443
291049721,41.4963,35.2382,499,49656,0.765963,0.63,2,3829186,3828687,499
291073081,31.7524,25.6976,490,49992,0.926918,0.73,2,3829414,3828924,490
291076001,24.1009,30.0791,476,50034,0.928767,0.71,2,3829433,3828957,476
291287701,339.748,351.165,500,23360,0.778,1,2,3831486,3830986,500
291296461,81.9839,92.3626,497,24353,0.411952,0.84,1,3831692,3831195,497
291302301,54.2774,59.298,495,24527,0.400712,0.71,1,3831796,3831301,495
291313981,44.4791,58.3116,446,24871,0.404386,0.43,1,3831987,3831541,446
291316901,74.1916,82.7247,441,24956,0.431754,0.35,1,3832081,3831640,441
291366541,66.4538,75.4224,514,26362,0.75952,0.73,2,3833036,3832522,514
291369461,60.1815,64.3689,513,26442,0.777808,0.75,2,3833092,3832579,513
291372381,53.4726,58.7476,507,26522,0.785123,0.73,2,3833141,3832634,507
291386981,20.1988,46.336,460,26919,0.916228,0.75,2,3833337,3832877,460
291474581,52.3716,60.4216,520,29186,0.904,1,2,3834964,3834444,520
291477501,52.7486,56.5686,519,29259,0.9196,1,2,3835017,3834498,519
291495021,57.735,34.5557,555,29690,0.0675606,1,1,3835331,3834776,555
291497941,57.894,61.8223,533,29761,0.0930242,1,1,3835389,3834856,533
291500861,50.7576,61.9289,517,29832,0.0552097,0.84,1,3835435,3834918,517
291503781,21.503,52.3716,473,29903,0.0520839,0.93,1,3835437,3834964,473
291506701,36.8012,52.7486,467,29974,0.0268335,0.73,1,3835484,3835017,467
291509621,60.9205,74.4995,455,30045,0.0407334,0.53,1,3835561,3835106,455
291512541,40.5682,51.3998,446,30115,0.0462934,0.37,1,3835588,3835142,446
291515461,29.4273,37.3599,440,30185,0.0485173,0.21,1,3835610,3835170,440
291518381,36.3709,47.344,427,30255,0.0614069,0.07,1,3835651,3835224,427
291521301,34.9484,42.3376,422,30325,0.0665628,0,1,3835685,3835263,422
291524221,55.3793,57.735,423,30395,0.0446251,0.11,1,3835754,3835331,423
291527141,57.5517,57.894,424,30465,0.02385,0.03,1,3835813,3835389,424
291530061,50.6207,50.7576,424,30534,0.00954002,0.05,1,3835859,3835435,424
291532981,21.4483,21.503,424,30603,0.033816,0.01,1,3835861,3835437,424
291535901,35.5793,36.8012,422,30672,0.0435264,0.05,1,3835906,3835484,422
291538821,60.4317,60.9205,422,30741,0.0954106,0.05,1,3835983,3835561,422
291553421,55.4243,55.3793,423,31084,0.0849866,0.01,1,3836177,3835754,423
291556341,58.1697,57.5517,424,31152,0.0339946,0,1,3836237,3835813,424
291559261,50.8679,50.6207,424,31220,0.0315979,0.05,1,3836283,3835859,424
291562181,21.5472,21.4483,424,31288,0.0306391,0.05,1,3836285,3835861,424
291565101,33.8189,8.57931,466,31356,0.0662557,0.05,1,3836327,3835861,466
291568021,62.7275,30.4317,503,31423,0.0925023,0.13,1,3836409,3835906,503
291570941,44.291,58.3727,458,31490,0.0910009,0.21,1,3836441,3835983,458
291573861,29.7164,40.7491,449,31557,0.0904004,0.21,1,3836461,3836012,449
291576781,38.2866,28.2996,473,31624,0.0901601,0.17,1,3836505,3836032,473
291579701,36.3146,36.5199,466,31691,0.0540641,0.21,1,3836540,3836074,466
291582621,49.3259,35.0079,490,31758,0.0756256,0.01,1,3836598,3836108,490
291585541,55.7303,55.4032,481,31825,0.0362502,0,1,3836658,3836177,481
291588461,50.4921,58.1613,468,31891,0.0205001,0.03,1,3836705,3836237,468
291591381,21.3969,50.8645,424,31957,0.0262,0.03,1,3836707,3836283,424
291594301,34.3587,21.5458,465,32023,0.05248,0.09,1,3836750,3836285,465
291597221,64.7435,33.8183,508,32089,0.086992,0.11,1,3836835,3836327,508
291611821,47.5791,36.3146,479,32418,0.237444,0.09,1,3837019,3836540,479
291641021,36.3749,36.4478,432,33064,0.202148,0.27,1,3837396,3836964,432
291643941,49.9499,47.5791,436,33128,0.230859,0.15,1,3837455,3837019,436
291646861,52.38,55.6317,429,33192,0.266344,0.09,1,3837509,3837080,429
291649781,47.352,50.4527,426,33256,0.292538,0.09,1,3837553,3837127,426
291658541,67.6625,66.421,429,33446,0.289682,0.15,1,3837690,3837261,429
291676061,51.3624,49.9499,434,33824,0.413885,0.29,1,3837889,3837455,434
291743221,56.67,53.833,509,35233,0.790554,0.65,2,3838840,3838331,509
291757821,29.5569,69.893,456,35533,0.900636,0.67,2,3839030,3838574,456
291760741,31.0228,29.1572,486,35592,0.918254,0.67,2,3839062,3838576,486
291763661,25.6091,30.8629,476,35651,0.925302,0.67,2,3839084,3838608,476
291766581,11.4436,25.5452,456,35710,0.928121,0.71,2,3839086,3838630,456
291895061,69.9546,34.3747,568,38228,0.907804,1,2,3840914,3840346,568
291903821,28.1651,31,508,38393,0.750499,1,2,3840992,3840484,508
291921341,44.3502,63.1633,482,38723,0.437495,0.95,1,3841206,3840724,482
291924261,36.3401,48.6653,474,38778,0.408998,1,1,3841237,3840763,474
291947621,27.2546,30.3064,449,39210,0.404054,0.57,1,3841499,3841050,449
291953461,43.4807,44.689,446,39318,0.428249,0.51,1,3841578,3841132,446
291956381,26.3923,29.8756,441,39372,0.429299,0.39,1,3841593,3841152,441
291959301,44.7569,44.3502,444,39426,0.42972,0.39,1,3841650,3841206,444
292008941,68.9832,27.8991,539,40326,0.773843,0.53,2,3842265,3841726,539
292011861,41.3933,65.7596,471,40378,0.783537,0.57,2,3842288,3841817,471
292014781,32.7573,39.5038,476,40430,0.775415,0.57,2,3842315,3841839,476
292017701,26.9029,31.4015,473,40482,0.760166,0.61,2,3842338,3841865,473
292020621,23.9612,25.7606,473,40534,0.754066,0.65,2,3842360,3841887,473
292029381,46.8695,24.7607,514,40690,0.75554,0.71,2,3842476,3841962,514
292032301,27.1478,45.9043,468,40742,0.776216,0.67,2,3842490,3842022,468
292035221,46.2591,26.7617,513,40794,0.796486,0.67,2,3842549,3842036,513
292052741,32.3222,41.3933,486,41104,0.926393,0.77,2,3842774,3842288,486
292293641,81.4318,90.4268,425,21256,0.274455,0.05,1,3845819,3845394,425
292308241,48.9356,46.6306,432,21750,0.42451,0.19,1,3846119,3845687,432
292343281,71.7306,71.2982,518,22893,0.770771,0.59,2,3846914,3846396,518
292346201,59.8923,70.5193,500,22986,0.782309,0.57,2,3846966,3846466,500
292349121,50.9569,60.0077,492,23078,0.786923,0.53,2,3847011,3846519,492
292352041,29.9828,50.4031,464,23170,0.788769,0.55,2,3847027,3846563,464
292369561,51.1881,59.892,505,23713,0.917479,0.79,2,3847471,3846966,505
292372481,30.0752,50.9568,476,23802,0.924992,0.79,2,3847487,3847011,476
292471761,92.2956,87.1658,558,26661,0.928,1,2,3849609,3849051,558
292474681,58.5182,77.4663,523,26740,0.9172,1,2,3849645,3849122,523
292477601,45.0073,51.3865,525,26819,0.91288,1,2,3849681,3849156,525
292483441,41.8812,66.3018,498,26977,0.790461,1,2,3849773,3849275,498
292486361,35.9525,46.9207,496,27056,0.790184,1,2,3849805,3849309,496
292506801,48.4524,52.2029,466,27599,0.401964,0.75,1,3850204,3849738,466
292509721,38.5809,41.8812,463,27676,0.406785,0.79,1,3850236,3849773,463
292512641,34.0324,35.9525,462,27753,0.432714,0.71,1,3850267,3849805,462
292515561,50.213,55.781,454,27829,0.419086,0.69,1,3850328,3849874,454
292521401,67.3141,69.045,452,27981,0.437854,0.51,1,3850446,3849994,452
292524321,74.3256,79.818,444,28057,0.421141,0.51,1,3850525,3850081,444
292527241,50.1303,52.3272,444,28132,0.402457,0.45,1,3850559,3850115,444
292530161,40.4521,43.1309,441,28207,0.430983,0.35,1,3850593,3850152,441
292585641,48.1812,41.7536,505,29601,0.915968,0.65,2,3851540,3851035,505
292588561,42.6725,47.9014,492,29673,0.936387,0.69,2,3851579,3851087,492
292728721,46.1517,46.7105,492,32922,0.79526,1,2,3853830,3853338,492
292743321,43.2713,48.679,481,33242,0.257811,1,1,3854042,3853561,481
292752081,40.1374,38.9955,480,33433,0.0409799,0.98,1,3854159,3853679,480
292755001,34.0549,37.1982,474,33496,0.082392,0.73,1,3854189,3853715,474
292757921,54.422,62.8793,462,33559,0.0629568,0.77,1,3854257,3853795,462
292760841,40.9688,46.1517,459,33622,0.0551827,0.67,1,3854289,3853830,459
292763761,31.3875,37.6607,452,33685,0.0520731,0.49,1,3854314,3853862,452
292766681,43.755,49.8643,446,33748,0.0628292,0.41,1,3854366,3853920,446
292769601,37.902,40.9457,445,33811,0.0551317,0.23,1,3854400,3853955,445
292772521,33.1608,42.1783,432,33874,0.0520527,0.21,1,3854430,3853998,432
292775441,36.6643,43.2713,427,33936,0.0388211,0.13,1,3854469,3854042,427
292778361,32.6657,37.1085,424,33998,0.0695284,0.05,1,3854499,3854075,424
292781281,38.8663,41.8434,422,34060,0.0338114,0,1,3854542,3854120,422
292784201,41.9465,40.1374,427,34122,0.0315246,0.11,1,3854586,3854159,427
292787121,34.7786,34.0549,427,34184,0.0426098,0.05,1,3854616,3854189,427
292790041,53.5114,54.422,425,34246,0.0350439,0.05,1,3854682,3854257,425
292792961,38.2046,21.7688,453,34308,0.0680176,0.05,1,3854710,3854257,453
292795881,30.2818,27.9075,446,34370,0.057207,0.05,1,3854735,3854289,446
292798801,43.9127,26.163,474,34432,0.0408828,0.07,1,3854788,3854314,474
292801721,37.3651,41.6652,455,34493,0.0583531,0.05,1,3854821,3854366,455
292804641,32.946,37.0661,451,34554,0.0773413,0.05,1,3854851,3854400,451
292807561,36.5784,32.8264,460,34615,0.0849365,0.03,1,3854890,3854430,460
292816321,40.933,38.8449,465,34798,0.0757559,0.03,1,3855007,3854542,465
292819241,35.5732,41.938,453,34859,0.0603024,0.05,1,3855039,3854586,453
292822161,52.6293,34.7752,487,34920,0.090121,0.03,1,3855103,3854616,487
292825081,40.2517,53.5101,453,34981,0.0660484,0.09,1,3855135,3854682,453
292828001,29.3007,38.204,447,35041,0.0804193,0.05,1,3855157,3854710,447
292830921,43.5203,30.2816,475,35101,0.0501677,0.03,1,3855210,3854735,475
292833841,38.4081,43.9126,457,35161,0.0620671,0.07,1,3855245,3854788,457
292836761,33.9632,37.3651,455,35221,0.0788268,0.09,1,3855276,3854821,455
292857201,40.4184,52.6293,456,35640,0.0865234,0.05,1,3855559,3855103,456
292860121,17.3674,40.2517,426,35699,0.0766094,0.09,1,3855561,3855135,426
292863041,20.1469,29.3007,426,35758,0.0966437,0.03,1,3855583,3855157,426
292880561,39.7132,39.4696,429,36112,0.217193,0.15,1,3855822,3855393,429
292883481,36.2853,36.7879,428,36171,0.236877,0.09,1,3855856,3855428,428
292886401,33.7141,35.1151,426,36229,0.280751,0.11,1,3855888,3855462,426
292889321,53.0856,53.0461,427,36287,0.2743,0.07,1,3855954,3855527,427
292892241,40.4343,40.4184,427,36345,0.28372,0.07,1,3855986,3855559,427
292930201,17.693,17.3737,436,37094,0.42965,0.33,1,3856424,3855988,436
292933121,20.2772,20.1495,436,37151,0.44186,0.33,1,3856446,3856010,436
292938961,37.8044,35.6239,472,37265,0.441498,0.35,1,3856536,3856064,472
292941881,34.3217,35.8496,468,37322,0.446599,0.29,1,3856568,3856100,468
292985681,40.9552,37.4115,490,38163,0.766577,0.55,2,3857137,3856647,490
293011961,16.9286,38.6868,455,38658,0.905438,0.67,2,3857434,3856979,455
293014881,25.9714,34.6747,455,38713,0.932175,0.69,2,3857466,3857011,455
293017801,40.3886,41.4699,459,38768,0.94287,0.77,2,3857516,3857057,459
293020721,39.5554,39.388,460,38822,0.935148,0.79,2,3857555,3857095,460
293023641,41.6222,40.9552,461,38876,0.944059,0.83,2,3857598,3857137,461
293026561,40.6489,39.1821,463,38930,0.923624,0.83,2,3857638,3857175,463
293210521,31.2479,28.9029,502,42210,0.946,1,2,3859912,3859410,502
293228041,55.5398,60.6159,482,42510,0.088349,1,1,3860143,3859661,482
293230961,48.0159,45.2463,490,42560,0.0533396,1,1,3860186,3859696,490
293233881,33.6064,34.2985,487,42610,0.0273358,1,1,3860210,3859723,487
293236801,30.2425,31.1194,486,42660,0.0289343,1,1,3860238,3859752,486
293239721,34.897,35.2478,486,42709,0.0175737,1,1,3860276,3859790,486
293242641,30.1588,34.4991,479,42758,0.0250295,1,1,3860303,3859824,479
293245561,23.4635,28.7996,473,42807,0.0160118,1,1,3860322,3859849,473
293248481,23.7854,30.1199,466,42856,0.0244047,0.91,1,3860346,3859880,466
293251401,27.5142,31.2479,464,42905,0.0517619,0.71,1,3860376,3859912,464
293254321,24.8057,32.8992,453,42954,0.0507048,0.55,1,3860399,3859946,453
293257241,23.7223,29.9597,448,43003,0.0502819,0.55,1,3860422,3859974,448
293260161,20.2889,11.9839,466,43052,0.0381128,0.41,1,3860440,3859974,466
293263081,27.3156,20.9935,471,43101,0.0452451,0.27,1,3860472,3860001,471
293266001,26.5262,29.9974,461,43150,0.036098,0.05,1,3860498,3860037,461
293268921,51.4105,34.199,492,43199,0.0324392,0.03,1,3860566,3860074,492
293271841,45.1642,55.0796,464,43248,0.0549757,0.03,1,3860607,3860143,464
293274761,33.0657,47.8318,446,43297,0.0279903,0.01,1,3860632,3860186,446
293277681,31.2263,33.5327,452,43346,0.0411961,0.03,1,3860662,3860210,452
293280601,33.4905,30.2131,459,43395,0.0464784,0.01,1,3860697,3860238,459
293283521,29.5962,34.8852,448,43444,0.0485914,0.03,1,3860724,3860276,448
293286441,23.2385,30.1541,440,43493,0.0374365,0.01,1,3860743,3860303,440
293289361,24.2954,23.4616,446,43542,0.0809746,0.03,1,3860768,3860322,446
293309801,51.3785,26.5262,489,43878,0.0776841,0.03,1,3860987,3860498,489
293312721,45.1514,51.4105,462,43926,0.0370737,0.07,1,3861028,3860566,462
293315641,35.4606,45.1642,450,43974,0.0328295,0.01,1,3861057,3860607,450
293318561,32.1842,33.0657,455,44022,0.0311318,0.05,1,3861087,3860632,455
293321481,31.4737,31.2263,456,44070,0.0784527,0.05,1,3861118,3860662,456
293324401,29.9895,33.4905,450,44118,0.0493811,0.05,1,3861147,3860697,450
293327321,22.1958,29.5962,440,44166,0.0377524,0.03,1,3861164,3860724,440
293330241,27.4783,23.2385,452,44214,0.045101,0.11,1,3861195,3860743,452
293333161,28.9913,24.2954,457,44262,0.0240404,0.13,1,3861225,3860768,457
293336081,25.3965,28.3182,449,44310,0.0276162,0.15,1,3861248,3860799,449
293339001,24.5586,23.9273,452,44358,0.0410465,0.19,1,3861272,3860820,452
293341921,20.0234,23.9709,445,44406,0.0464186,0.13,1,3861289,3860844,445
293344841,27.2094,19.7884,460,44454,0.0485674,0.15,1,3861321,3860861,460
293347761,12.0838,27.1153,430,44501,0.049427,0.15,1,3861323,3860893,430
293350681,20.4335,26.4461,430,44548,0.0497708,0.03,1,3861349,3860919,430
293353601,44.1734,51.3785,422,44595,0.0499083,0.01,1,3861409,3860987,422
293356521,42.2694,45.1514,422,44642,0.0499633,0.03,1,3861450,3861028,422
293359441,34.9077,35.4606,423,44689,0.0259853,0.03,1,3861480,3861057,423
293362361,33.1631,32.1842,425,44736,0.0163941,0.11,1,3861512,3861087,425
293365281,31.8652,31.4737,425,44783,0.0125577,0.03,1,3861543,3861118,425
293368201,29.5461,29.9895,424,44830,0.0350231,0.03,1,3861571,3861147,424
293371121,20.8184,22.1958,422,44877,0.0320092,0.05,1,3861586,3861164,422
293374041,28.1274,27.4783,424,44924,0.0548037,0.01,1,3861619,3861195,424
293376961,29.2509,28.9913,424,44971,0.0999215,0.03,1,3861649,3861225,424
293379881,24.9004,25.3965,423,45018,0.0939686,0.05,1,3861671,3861248,423
293382801,24.9602,24.5586,424,45065,0.0915874,0.05,1,3861696,3861272,424
293397401,42.9775,44.1734,422,45300,0.230426,0.05,1,3861831,3861409,422
293406161,32.9426,33.1631,422,45440,0.0874673,0.01,1,3861934,3861512,422
293409081,31.777,31.8652,422,45486,0.0649869,0.05,1,3861965,3861543,422
293412001,29.5108,29.5461,422,45532,0.0439948,0.03,1,3861993,3861571,422
293414921,20.8043,20.8184,422,45578,0.0475979,0.07,1,3862008,3861586,422
293417841,29.3217,28.1274,424,45624,0.0490392,0.13,1,3862043,3861619,424
293420761,30.9287,29.2509,426,45670,0.0736157,0.09,1,3862075,3861649,426
293432441,29.3566,27.2736,430,45854,0.0978366,0.17,1,3862175,3861745,430
293449961,30.0855,33.5714,453,46130,0.0911995,0.05,1,3862355,3861902,453
293452881,30.6342,32.6285,452,46176,0.0424798,0.05,1,3862386,3861934,452
293455801,29.0537,31.6514,449,46222,0.0169919,0.03,1,3862414,3861965,449
293458721,20.6215,29.4606,436,46268,0.0247968,0.05,1,3862429,3861993,436
293461641,31.0486,20.7842,459,46314,0.0519187,0.05,1,3862467,3862008,459
293464561,32.2194,29.3137,457,46360,0.0747675,0.09,1,3862500,3862043,457
293467481,26.0878,30.9255,447,46405,0.083907,0.13,1,3862522,3862075,447
293470401,24.8351,25.5702,449,46450,0.0995628,0.11,1,3862546,3862097,449
293487921,40.8741,43.7108,466,46720,0.240993,0.15,1,3862728,3862262,466
293490841,31.9496,40.2843,454,46765,0.282397,0.15,1,3862754,3862300,454
293493761,26.5799,31.7137,451,46810,0.298959,0.05,1,3862777,3862326,451
293514201,26.4514,26.0878,452,47125,0.401327,0.11,1,3862974,3862522,452
293528801,47.4001,21.463,493,47350,0.401809,0.23,1,3863122,3862629,493
293531721,20.1601,45.1852,434,47395,0.406724,0.27,1,3863124,3862690,434
293534641,32.064,40.8741,436,47439,0.432689,0.31,1,3863164,3862728,436
293537561,29.6256,31.9496,438,47483,0.419076,0.31,1,3863192,3862754,438
293540481,25.0502,26.5799,437,47527,0.43763,0.33,1,3863214,3862777,437
293543401,29.2201,29.2319,438,47571,0.421052,0.31,1,3863246,3862808,438
293549241,20.5152,20.7571,437,47659,0.438168,0.35,1,3863288,3862851,437
293552161,33.4061,32.3028,439,47703,0.409267,0.37,1,3863330,3862891,439
293555081,34.9624,33.3211,441,47747,0.409707,0.41,1,3863366,3862925,441
293563841,21.1016,21.3806,440,47879,0.413341,0.39,1,3863432,3862992,440
293575521,48.0314,47.4001,442,48055,0.426598,0.41,1,3863564,3863122,442
293651441,29.175,33.8663,476,49182,0.767754,0.61,2,3864282,3863806,476
293654361,26.07,27.9465,476,49225,0.781102,0.65,2,3864306,3863830,476
293657281,21.228,26.1786,469,49268,0.786441,0.65,2,3864324,3863855,469
293674801,32.5557,20.9903,493,49526,0.904271,0.67,2,3864503,3864010,493
293677721,33.4223,32.9961,486,49569,0.919709,0.69,2,3864537,3864051,486
293680641,26.5689,31.7984,477,49612,0.949883,0.69,2,3864559,3864082,477
293854381,342.061,356.902,506,23360,0.79,1,2,3866664,3866158,506
293940521,51.4021,50.2792,451,25378,0.794277,0.59,2,3867630,3867179,451
293943441,50.5609,48.9117,453,25461,0.791711,0.59,2,3867680,3867227,453
293963881,53.7744,36.8848,521,26038,0.900758,0.83,2,3868090,3867569,521
293969721,77.2439,50.5416,555,26200,0.903721,0.85,2,3868235,3867680,555
293972641,77.0976,75.4166,540,26281,0.931489,0.83,2,3868312,3867772,540
293975561,58.439,76.9667,508,26362,0.942595,0.85,2,3868358,3867850,508
294057321,67.9966,40.4556,559,28525,0.934068,1,2,3869875,3869316,559
294066081,52.4238,35.2292,551,28747,0.94658,0.93,2,3870003,3869452,551
294069001,40.1695,56.0917,513,28821,0.948632,1,2,3870035,3869522,513
294247121,52.7127,61.2102,494,33000,0.94,1,2,3873009,3872515,494
294252961,45.874,53.8336,483,33128,0.9076,1,2,3873099,3872616,483
294267561,33.9517,37.4642,482,33446,0.416958,1,1,3873335,3872853,482
294270481,38.1807,32.3857,494,33509,0.232783,1,1,3873376,3872882,494
294276321,32.1489,32.7817,495,33635,0.0744453,0.9,1,3873438,3872943,495
294279241,39.8596,52.7127,474,33698,0.0717781,0.98,1,3873483,3873009,474
294282161,40.5438,48.6851,469,33761,0.0347112,0.87,1,3873524,3873055,469
294285081,39.0175,45.874,463,33824,0.0198845,0.75,1,3873562,3873099,463
294288001,41.407,46.5496,459,33887,0.0139538,0.61,1,3873605,3873146,459
294290921,56.7628,63.6198,451,33949,0.0235815,0.47,1,3873672,3873221,451
294293841,45.5051,55.4479,439,34011,0.0274326,0.49,1,3873710,3873271,439
294296761,39.802,44.3792,438,34073,0.028973,0.35,1,3873746,3873308,438
294299681,29.1208,33.9517,433,34135,0.0415892,0.11,1,3873768,3873335,433
294302601,35.0483,38.1807,431,34197,0.0466357,0.03,1,3873807,3873376,431
294305521,27.2193,33.8723,422,34259,0.0486543,0.03,1,3873829,3873407,422
294308441,28.8877,13.5489,452,34321,0.0374617,0.05,1,3873859,3873407,452
294311361,38.5551,24.0196,466,34383,0.0449847,0.07,1,3873904,3873438,466
294314281,40.022,36.6078,462,34444,0.0359939,0.01,1,3873945,3873483,462
294317201,38.8088,39.2431,459,34505,0.0923975,0.01,1,3873983,3873524,459
294320121,41.3235,38.4973,464,34566,0.066959,0.01,1,3874026,3873562,464
294325961,46.0918,56.6796,460,34688,0.0599134,0.03,1,3874132,3873672,460
294328881,41.2367,45.4718,460,34749,0.0539654,0.03,1,3874170,3873710,460
294331801,29.0947,39.7887,445,34810,0.0515861,0.05,1,3874191,3873746,445
294334721,33.8379,29.1155,460,34871,0.0746345,0.05,1,3874228,3873768,460
294337641,26.7351,35.0462,443,34932,0.0838538,0.05,1,3874250,3873807,443
294340561,29.2941,27.2185,452,34993,0.0515415,0.03,1,3874281,3873829,452
294343481,39.3176,28.8874,468,35053,0.0506166,0.05,1,3874327,3873859,468
294346401,39.727,38.555,463,35113,0.0382466,0.03,1,3874367,3873904,463
294349321,40.4908,40.022,463,35173,0.0452987,0.13,1,3874408,3873945,463
294352241,39.5963,38.8088,464,35233,0.0361195,0.05,1,3874447,3873983,464
294355161,59.6385,41.3235,494,35293,0.0324478,0.13,1,3874520,3874026,494
294358081,44.8554,56.7294,462,35353,0.0549791,0.03,1,3874555,3874093,462
294361001,40.7422,46.0918,461,35413,0.0519916,0.05,1,3874593,3874132,461
294363921,28.8969,41.2367,444,35473,0.0387967,0.05,1,3874614,3874170,444
294366841,34.9587,29.0947,462,35533,0.0335187,0.09,1,3874653,3874191,462
294369761,27.1835,33.8379,447,35592,0.0554075,0.09,1,3874675,3874228,447
294372681,27.6734,26.7351,453,35651,0.064163,0.03,1,3874703,3874250,453
294375601,12.2694,29.2941,424,35710,0.0676652,0.05,1,3874705,3874281,424
294378521,32.5077,39.3176,424,35769,0.0690661,0.03,1,3874751,3874327,424
294381441,35.8031,39.727,422,35828,0.0576264,0.05,1,3874789,3874367,422
294384361,40.1212,40.4908,424,35887,0.0410506,0.03,1,3874832,3874408,424
294387281,38.8485,39.5963,423,35946,0.0344202,0.03,1,3874870,3874447,423
294390201,59.9394,59.6385,424,36005,0.0437681,0.07,1,3874944,3874520,424
294393121,44.3758,44.8554,423,36064,0.0715072,0.05,1,3874978,3874555,423
294398961,28.4601,28.8969,423,36182,0.0966412,0.03,1,3875037,3874614,423
294422321,38.3834,38.8485,422,36646,0.091891,0.05,1,3875292,3874870,422
294425241,60.3533,59.9394,423,36704,0.0787564,0.09,1,3875367,3874944,423
294428161,45.1413,44.3758,424,36762,0.0375026,0.13,1,3875402,3874978,424
294431081,42.6565,41.1503,426,36819,0.045001,0.09,1,3875443,3875017,426
294434001,29.6626,28.4601,427,36876,0.0720004,0.11,1,3875464,3875037,427
294436921,35.865,35.384,427,36933,0.0828002,0.17,1,3875504,3875077,427
294439841,28.746,27.9536,428,36990,0.0871201,0.19,1,3875528,3875100,428
294442761,27.6984,26.7814,429,37047,0.076848,0.19,1,3875555,3875126,429
294445681,12.2794,11.9126,429,37104,0.0727392,0.19,1,3875557,3875128,429
294448601,32.5117,32.365,429,37161,0.0950957,0.19,1,3875603,3875174,429
294471961,36.0037,29.6308,463,37614,0.215332,0.09,1,3875927,3875464,463
294474881,28.8015,35.8523,447,37670,0.224133,0.09,1,3875951,3875504,447
294477801,28.3206,28.7409,451,37726,0.239653,0.07,1,3875979,3875528,451
294480721,12.5282,27.6964,426,37782,0.245861,0.07,1,3875981,3875555,426
294483641,33.8113,12.2785,472,37838,0.224345,0.11,1,3876029,3875557,472
294486561,33.9245,32.5114,460,37894,0.227738,0.13,1,3876063,3875603,460
294489481,39.3698,32.8046,470,37950,0.253095,0.15,1,3876106,3875636,470
294492401,39.7479,38.3218,468,38006,0.287238,0.23,1,3876146,3875678,468
294515761,12.8387,28.3206,435,38448,0.403008,0.25,1,3876414,3875979,435
294518681,32.7355,12.5282,479,38503,0.407203,0.21,1,3876460,3875981,479
294524521,40.6377,33.9245,477,38613,0.404752,0.27,1,3876540,3876063,477
294527441,17.4551,39.3698,436,38668,0.407901,0.31,1,3876542,3876106,436
294530361,31.582,39.7479,437,38723,0.43316,0.31,1,3876583,3876146,437
294582921,37.4774,37.6972,447,39692,0.796864,0.53,2,3877246,3876799,447
294585841,30.5909,30.0789,448,39745,0.792746,0.59,2,3877272,3876824,448
294588761,31.4364,30.0315,450,39798,0.791098,0.59,2,3877304,3876854,450
294591681,13.7746,13.2126,450,39851,0.790439,0.61,2,3877306,3876856,450
294597521,35.0839,34.154,452,39957,0.79967,0.63,2,3877389,3876937,452
294612121,47.5039,54.1577,495,40222,0.900633,0.69,2,3877592,3877097,495
294615041,49.6016,45.6631,506,40274,0.918253,0.73,2,3877643,3877137,506
294617961,31.8406,46.4652,479,40326,0.925301,0.77,2,3877663,3877184,479
294801921,40.8024,45.332,511,43501,0.923728,1,2,3879856,3879345,511
294807761,36.2884,34.0131,516,43598,0.782597,1,2,3879926,3879410,516
294825281,28.4661,31.7834,505,43886,0.421552,1,1,3880132,3879627,505
294836961,21.0903,29.2873,488,44078,0.23548,1,1,3880243,3879755,488
294839881,28.8361,22.5149,504,44126,0.232192,0.97,1,3880277,3879773,504
294842801,37.3345,30.006,512,44174,0.206877,0.89,1,3880320,3879808,512
294854481,29.3862,45.1154,474,44366,0.200416,0.59,1,3880451,3879977,474
294869081,24.4257,28.4661,441,44602,0.211111,0.37,1,3880573,3880132,441
294874921,35.3481,37.3146,437,44696,0.217378,0.27,1,3880641,3880204,437
294877841,25.5392,28.7258,433,44743,0.248951,0.19,1,3880660,3880227,433
294880761,18.6157,21.0903,431,44790,0.27358,0.23,1,3880674,3880243,431
294883681,28.4463,28.8361,432,44837,0.295432,0.19,1,3880709,3880277,432
294898281,29.5252,29.3862,431,45072,0.425454,0.17,1,3880882,3880451,431
294901201,31.0101,32.7545,428,45119,0.440182,0.17,1,3880914,3880486,428
294904121,29.204,29.9018,428,45166,0.446073,0.17,1,3880942,3880514,428
294907041,12.8816,13.1607,428,45213,0.448429,0.19,1,3880944,3880516,428
294971281,29.8176,20.0525,484,46228,0.784721,0.61,2,3881594,3881110,484
294974201,40.127,28.421,497,46274,0.763889,0.63,2,3881641,3881144,497
294977121,33.4508,38.3684,481,46320,0.755555,0.67,2,3881670,3881189,481
294980041,36.1803,32.7474,490,46366,0.752222,0.65,2,3881708,3881218,490
294982961,42.6721,35.2989,500,46411,0.750889,0.65,2,3881755,3881255,500
294985881,30.2689,42.3196,475,46456,0.762356,0.65,2,3881777,3881302,475
294988801,31.3075,30.1278,485,46501,0.766942,0.65,2,3881809,3881324,485
294991721,29.323,31.2511,481,46546,0.768777,0.69,2,3881837,3881356,481
294994641,12.9292,29.3005,455,46591,0.769511,0.65,2,3881839,3881384,455
294997561,28.5717,12.9202,492,46636,0.769804,0.69,2,3881878,3881386,492
295000481,28.2287,27.3681,483,46681,0.769922,0.69,2,3881906,3881423,483
295003401,26.2915,27.7472,480,46726,0.781969,0.71,2,3881931,3881451,480
295006321,39.9166,25.4989,505,46771,0.774787,0.75,2,3881980,3881475,505
295009241,27.9666,38.3996,478,46816,0.771915,0.75,2,3882000,3881522,478
295012161,20.7867,27.3598,474,46861,0.770766,0.75,2,3882016,3881542,474
295029681,30.6936,42.6721,481,47131,0.903332,0.77,2,3882236,3881755,481
295032601,31.4774,30.2689,491,47176,0.907333,0.77,2,3882268,3881777,491
295035521,29.391,31.3075,487,47221,0.908933,0.77,2,3882296,3881809,487
295038441,12.9564,29.323,461,47266,0.909573,0.77,2,3882298,3881837,461
295044281,28.833,28.5717,488,47356,0.917132,0.77,2,3882366,3881878,488
295047201,12.7332,28.2287,462,47401,0.924853,0.79,2,3882368,3881906,462
295050121,19.4933,26.2915,461,47445,0.927941,0.77,2,3882392,3881931,461
295204881,183.286,180.858,513,22724,0.2524,1,1,3884067,3883554,513
295213641,71.6343,76.9749,488,23003,0.0768736,0.75,1,3884283,3883795,488
295216561,48.4537,60.19,472,23095,0.0487494,0.41,1,3884316,3883844,472
295219481,55.9815,75.076,448,23187,0.0374998,0.31,1,3884377,3883929,448
295222401,30.1926,42.0304,441,23278,0.0689999,0.21,1,3884390,3883949,441
295225321,71.477,36.6122,507,23369,0.0336,0.07,1,3884489,3883982,507
295228241,95.7908,65.6449,534,23460,0.03144,0.07,1,3884601,3884067,534
295231161,63.5163,91.6579,467,23550,0.030576,0.15,1,3884643,3884176,467
295234081,62.6065,61.2632,488,23640,0.0542304,0.03,1,3884705,3884217,488
295237001,47.2426,64.1053,459,23730,0.0636922,0.03,1,3884742,3884283,459
295242841,28.6788,54.7768,435,23908,0.0953908,0.09,1,3884812,3884377,435
295245761,12.6715,29.7107,424,23997,0.0921563,0.01,1,3884814,3884390,424
295251601,93.9474,95.7137,425,24173,0.071145,0.03,1,3885026,3884601,425
295254521,63.379,63.4855,426,24261,0.082458,0.07,1,3885069,3884643,426
295257441,62.5516,62.5942,426,24348,0.0869832,0.07,1,3885131,3884705,426
295280801,62.6901,62.5516,426,25036,0.213226,0.11,1,3885557,3885131,426
295283721,47.276,46.6206,427,25121,0.25929,0.15,1,3885594,3885167,427
295286641,54.3104,54.0483,427,25205,0.253716,0.11,1,3885653,3885226,427
295289561,30.1242,30.0193,427,25289,0.251486,0.15,1,3885667,3885240,427
295292481,13.2497,13.2077,427,25373,0.250595,0.13,1,3885669,3885242,427
295295401,66.4999,65.2831,429,25457,0.274238,0.13,1,3885771,3885342,429
295321681,93.2108,66.4742,544,26196,0.402821,0.33,1,3886315,3885771,544
295324601,66.6843,90.7897,486,26277,0.431129,0.35,1,3886364,3885878,486
295359641,53.2244,54.5478,450,27228,0.785923,0.57,2,3886974,3886524,450
295374241,70.6049,67.9544,459,27615,0.923129,0.73,2,3887266,3886807,459
295377161,29.4419,28.3818,459,27692,0.939252,0.77,2,3887268,3886809,459
295488121,41.3723,47.7197,488,30461,0.922,1,2,3889231,3888743,488
295493961,36.8596,33.6752,492,30599,0.76312,1,2,3889303,3888811,492
295511481,66.3484,68.8269,485,31012,0.0491731,1,1,3889645,3889160,485
295514401,40.9393,47.9308,475,31080,0.0616692,0.87,1,3889669,3889194,475
295517321,33.1757,41.3723,466,31148,0.0546677,0.79,1,3889697,3889231,466
295520241,31.8703,38.1489,461,31216,0.0278671,0.71,1,3889728,3889267,461
295523161,30.7481,36.8596,455,31284,0.0291468,0.71,1,3889758,3889303,455
295526081,32.6992,14.7438,489,31352,0.0416587,0.59,1,3889792,3889303,489
295529001,27.4797,32.2975,469,31419,0.0466635,0.39,1,3889816,3889347,469
295531921,29.5919,33.319,466,31486,0.0726654,0.33,1,3889847,3889381,466
295534841,49.0368,35.5276,491,31553,0.0590662,0.01,1,3889909,3889418,491
295537761,82.6147,55.611,527,31620,0.0296265,0.07,1,3890014,3889487,527
295540681,66.6459,84.6444,479,31687,0.0178506,0.01,1,3890070,3889591,479
295543601,39.8584,66.2578,447,31754,0.0491402,0.07,1,3890092,3889645,447
295546521,31.5433,40.9031,449,31821,0.0616561,0.05,1,3890118,3889669,449
295549441,31.2173,33.1612,452,31887,0.0426624,0.01,1,3890149,3889697,452
295552361,30.4869,31.8645,451,31953,0.071065,0.03,1,3890179,3889728,451
295555281,32.5948,30.7458,455,32019,0.070426,0.05,1,3890213,3889758,455
295558201,28.0379,32.6983,446,32085,0.0581704,0.05,1,3890238,3889792,446
295569881,66.6458,82.6147,478,32349,0.0405612,0.01,1,3890492,3890014,478
295572801,39.8583,66.6459,444,32414,0.0342245,0.07,1,3890514,3890070,444
295575721,31.5433,39.8583,448,32479,0.0436898,0.07,1,3890540,3890092,448
295578641,31.8173,31.5433,454,32544,0.0714759,0.03,1,3890572,3890118,454
295581561,30.7269,31.2173,453,32609,0.0945904,0.09,1,3890602,3890149,453
295584481,33.8908,30.4869,459,32674,0.0438361,0.07,1,3890638,3890179,459
295587401,27.3563,32.5948,448,32739,0.0715345,0.05,1,3890661,3890213,448
295590321,12.1425,28.0379,425,32804,0.0826138,0.13,1,3890663,3890238,425
295602001,65.1396,66.6458,423,33060,0.0971069,0.03,1,3890915,3890492,423
295604921,39.2559,39.8583,423,33124,0.0688428,0.05,1,3890937,3890514,423
295607841,31.9023,31.5433,424,33188,0.0455371,0.09,1,3890964,3890540,424
295610761,33.7609,31.8173,427,33252,0.0722148,0.11,1,3890999,3890572,427
295613681,31.5044,30.7269,427,33316,0.0948859,0.01,1,3891029,3890602,427
295637041,38.8633,39.2559,424,33820,0.229379,0.03,1,3891361,3890937,424
295639961,31.7453,31.9023,424,33883,0.253752,0.09,1,3891388,3890964,424
295642881,34.8981,33.7609,426,33945,0.227501,0.11,1,3891425,3890999,426
295645801,33.1592,31.5044,428,34007,0.217,0.13,1,3891457,3891029,428
295651641,27.3855,27.6007,426,34131,0.20152,0.09,1,3891513,3891087,426
295663321,78.6819,39.7354,528,34379,0.215447,0.21,1,3891713,3891185,528
295666241,66.8727,75.2942,488,34441,0.236179,0.21,1,3891772,3891284,488
295669161,39.9491,63.1177,455,34502,0.220472,0.25,1,3891794,3891339,455
295672081,31.5796,38.4471,459,34563,0.214189,0.27,1,3891820,3891361,459
295675001,34.2319,31.5788,468,34624,0.223675,0.21,1,3891856,3891388,468
295677921,31.6927,34.8315,461,34685,0.22747,0.21,1,3891886,3891425,461
295680841,31.8771,33.1326,461,34746,0.252988,0.17,1,3891918,3891457,461
295683761,27.7508,32.453,454,34807,0.275195,0.21,1,3891943,3891489,454
295689601,28.9201,12.1525,470,34929,0.297231,0.21,1,3891985,3891515,470
295698361,66.5549,78.6818,490,35110,0.439743,0.25,1,3892203,3891713,490
295742161,35.7327,34.4515,448,36002,0.769464,0.53,2,3892736,3892288,448
295745081,34.6931,32.9806,450,36061,0.769785,0.61,2,3892770,3892320,450
295748001,34.8772,32.9922,452,36120,0.793914,0.63,2,3892805,3892353,452
295762601,21.2333,20.9586,454,36411,0.901285,0.69,2,3892939,3892485,454
295765521,70.2933,70.1835,454,36469,0.918514,0.73,2,3893042,3892588,454
295926121,33.533,30.6654,500,39530,0.946,1,2,3895151,3894651,500
295929041,35.6132,35.0661,499,39583,0.9364,1,2,3895188,3894689,499
295931961,34.6453,30.8265,505,39636,0.91456,1,2,3895222,3894717,505
295934881,34.2581,24.9306,518,39689,0.935824,1,2,3895256,3894738,518
295943641,34.3045,33.4436,499,39848,0.902533,1,2,3895355,3894856,499
295981601,31.8742,37.7493,494,40531,0.446146,0.91,1,3895817,3895323,494
295984521,52.3497,34.2997,528,40583,0.448458,0.77,1,3895883,3895355,528
295987441,53.3399,58.1199,508,40635,0.437383,0.55,1,3895937,3895429,508
296028321,43.1501,53.3399,480,41356,0.755403,0.47,2,3896417,3895937,480
296031241,24.46,42.336,457,41407,0.764161,0.51,2,3896429,3895972,457
296034161,34.384,23.5344,487,41458,0.779665,0.51,2,3896470,3895983,487
296037081,27.5536,34.0138,469,41509,0.785866,0.51,2,3896493,3896024,469
296040001,12.2214,26.8055,449,41560,0.788346,0.57,2,3896495,3896046,449
296057521,32.907,32.7379,454,41865,0.907417,0.65,2,3896683,3896229,454
296060441,31.1628,31.0952,454,41915,0.920967,0.75,2,3896713,3896259,454
296250241,33.5117,18.8504,537,45069,0.918496,1,2,3898959,3898422,537
296253161,24.2047,27.9402,521,45116,0.937398,1,2,3898977,3898456,521
296307181,138,117.874,484,20544,0.0984454,0.11,1,3899741,3899257,484
296310101,82.8002,95.7495,449,20647,0.0573782,0.07,1,3899787,3899338,449
296313021,79.9201,74.2998,467,20750,0.0409513,0.01,1,3899865,3899398,467
296315941,46.368,57.3199,445,20852,0.0343805,0.03,1,3899889,3899444,445
296318861,25.7472,37.328,433,20954,0.0557522,0.03,1,3899901,3899468,433
296321781,54.0989,35.9312,471,21055,0.0643009,0.03,1,3899974,3899503,471
296324701,83.4396,58.1725,501,21156,0.0917204,0.05,1,3900077,3899576,501
296348061,86.6077,84.95,429,21945,0.232319,0.15,1,3900592,3900163,429
296350981,64.0431,62.78,430,22042,0.242928,0.17,1,3900641,3900211,430
296353901,71.2172,70.712,430,22138,0.283171,0.19,1,3900717,3900287,430
296356821,44.0869,44.4848,429,22234,0.299268,0.15,1,3900743,3900314,429
296365581,86.4136,84.519,431,22519,0.414433,0.19,1,3900935,3900504,431
296409381,91.3671,89.1496,545,23891,0.753842,0.63,2,3901922,3901377,545
296426901,53.6815,53.5445,455,24418,0.902214,0.73,2,3902167,3901712,455
296502821,86.17,95.885,552,26581,0.9148,1,2,3903783,3903231,552
296508661,49.7872,69.5816,509,26740,0.790768,1,2,3903885,3903376,509
296534941,42.5798,49.7872,457,27445,0.0824197,0.63,1,3904342,3903885,457
296537861,40.4319,46.3149,452,27522,0.0749679,0.53,1,3904381,3903929,452
296540781,31.7728,37.726,446,27599,0.0599872,0.37,1,3904407,3903961,446
296543701,25.9091,30.0904,443,27676,0.0779949,0.25,1,3904429,3903986,443
296546621,22.9636,29.4362,435,27753,0.0731979,0.29,1,3904450,3904015,435
296549541,32.5855,38.7745,429,27829,0.0832792,0.01,1,3904489,3904060,429
296555381,79.2537,80.1239,425,27981,0.0721247,0.09,1,3904679,3904254,425
296558301,69.5015,70.4496,424,28057,0.0828499,0.07,1,3904742,3904318,424
296561221,42.2006,42.5798,424,28132,0.0871399,0.07,1,3904766,3904342,424
296567061,32.6721,31.7728,425,28282,0.0991424,0.09,1,3904832,3904407,425
296584581,69.4107,78.8557,488,28728,0.0682454,0.09,1,3905167,3904679,488
296587501,42.1643,69.3423,449,28802,0.0692982,0.09,1,3905191,3904742,449
296590421,39.6657,42.1369,463,28876,0.0697193,0.13,1,3905229,3904766,463
296593341,32.6663,39.6548,453,28949,0.0818877,0.09,1,3905257,3904804,453
296610861,68.4743,79.0266,487,29385,0.212121,0.03,1,3905591,3905104,487
296613781,41.7897,69.4106,448,29457,0.222848,0.07,1,3905615,3905167,448
296616701,39.5159,42.1643,462,29529,0.251139,0.07,1,3905653,3905191,462
296619621,33.2064,39.6657,453,29601,0.274456,0.09,1,3905682,3905229,453
296622541,30.0825,32.6663,453,29673,0.283782,0.15,1,3905710,3905257,453
296625461,22.833,28.0665,446,29744,0.287513,0.15,1,3905728,3905282,446
296637141,73.3909,75.1857,432,30028,0.400624,0.23,1,3905959,3905527,432
296640061,68.3564,68.4743,433,30098,0.44225,0.23,1,3906024,3905591,433
296721821,81.5138,14.5318,583,32009,0.905986,0.87,2,3907239,3906656,583
296724741,80.0055,78.4127,541,32075,0.908394,0.89,2,3907318,3906777,541
296838621,34.7196,32.9661,510,34554,0.945538,0.95,2,3908985,3908475,510
296841541,30.6878,28.1864,513,34615,0.948215,1,2,3909013,3908500,513
296847381,63.9501,22.2698,580,34737,0.925714,1,2,3909127,3908547,580
296859061,30.7491,40.6165,503,34981,0.774274,0.97,2,3909320,3908817,503
296873661,29.1072,34.7196,498,35281,0.754914,0.95,2,3909483,3908985,498
296879501,60.0972,27.8751,552,35401,0.757986,0.89,2,3909591,3909039,552
296899941,29.3899,31.7999,460,35817,0.902711,0.77,2,3909844,3909384,460
296905781,36.0224,36.768,460,35935,0.928034,0.77,2,3909919,3909459,460
297028421,41.9195,55.243,515,38328,0.761631,1,2,3911649,3911134,515
297054701,29.7911,27.7931,489,38822,0.428084,1,1,3911876,3911387,489
297069301,28.5175,30.5678,453,39092,0.403043,0.63,1,3912125,3911672,453
297072221,19.807,22.4271,450,39146,0.407217,0.57,1,3912139,3911689,450
297080981,29.9716,31.0273,449,39308,0.415102,0.51,1,3912231,3911782,449
297083901,13.1887,13.6109,449,39362,0.424041,0.53,1,3912233,3911784,449
297086821,18.4755,20.4444,446,39416,0.427616,0.41,1,3912255,3911809,446
297089741,27.7902,30.9778,442,39470,0.441047,0.41,1,3912289,3911847,442
297092661,26.7161,29.7911,439,39524,0.446419,0.27,1,3912315,3911876,439
297095581,56.8864,58.7164,438,39577,0.436567,0.33,1,3912392,3911954,438
297142301,38.2274,46.9083,477,40422,0.752191,0.53,2,3912988,3912511,477
297145221,29.6909,37.9633,469,40474,0.786876,0.53,2,3913012,3912543,469
297151061,26.2306,19.0341,476,40578,0.7943,0.55,2,3913055,3912579,476
297413861,147.006,159.128,486,20647,0.08296,0.63,1,3916276,3915790,486
297416781,84.0023,97.8513,471,20750,0.039184,0.29,1,3916318,3915847,471
297419701,73.2009,85.9405,459,20852,0.0456736,0.13,1,3916384,3915925,459
297422621,74.8804,72.7762,471,20954,0.0362694,0.07,1,3916460,3915989,471
297425541,44.3521,66.9105,432,21055,0.0205078,0.09,1,3916484,3916052,432
297428461,38.1409,42.9642,439,21156,0.00820311,0.01,1,3916518,3916079,439
297431381,41.6563,53.7857,422,21256,0.0932812,0.01,1,3916562,3916140,422
297434301,99.4625,103.114,424,21356,0.0553125,0.01,1,3916700,3916276,424
297437221,63.785,66.4457,422,21455,0.040125,0.05,1,3916740,3916318,422
297440141,66.314,66.1783,424,21554,0.04605,0.03,1,3916808,3916384,424
297443061,72.7256,72.0713,425,21652,0.02442,0.01,1,3916885,3916460,425
297445981,42.2902,43.2285,423,21750,0.015768,0,1,3916907,3916484,423
297448901,38.5161,37.6914,425,21848,0.0243072,0.15,1,3916943,3916518,425
297451821,41.2064,41.4766,424,21945,0.0517229,0.03,1,3916986,3916562,424
297454741,98.6826,99.3906,423,22042,0.0386892,0.03,1,3917123,3916700,423
297457661,63.473,63.7562,423,22138,0.0214757,0.05,1,3917163,3916740,423
297460581,65.5892,66.3025,422,22234,0.0505903,0.01,1,3917230,3916808,422
297463501,72.4357,72.721,422,22329,0.0622361,0.01,1,3917307,3916885,422
297466421,42.7743,42.2884,423,22424,0.0548944,0.03,1,3917330,3916907,423
297469341,38.1097,38.5154,422,22519,0.0519578,0.03,1,3917365,3916943,422
297472261,42.8439,15.4061,468,22613,0.0507831,0.07,1,3917411,3916943,468
297475181,96.9376,31.9625,558,22707,0.0383132,0.03,1,3917544,3916986,558
297478101,62.775,94.985,461,22800,0.0333253,0.01,1,3917584,3917123,461
297481021,65.31,61.994,488,22893,0.0313301,0.07,1,3917651,3917163,488
297483941,74.124,64.9976,501,22986,0.042532,0.07,1,3917731,3917230,501
297486861,42.2496,72.199,445,23078,0.0350128,0.05,1,3917752,3917307,445
297489781,37.2998,42.6796,456,23170,0.0320051,0.05,1,3917786,3917330,456
297492701,43.7199,38.0718,469,23261,0.0428021,0.05,1,3917834,3917365,469
297495621,97.288,42.8287,556,23352,0.0231208,0.03,1,3917967,3917411,556
297498541,62.9152,96.9315,463,23443,0.0512483,0.03,1,3918007,3917544,463
297501461,64.7661,62.7726,489,23533,0.0384993,0.03,1,3918073,3917584,489
297504381,74.5064,65.309,503,23623,0.0333997,0.05,1,3918154,3917651,503
297507301,41.8026,74.1236,443,23713,0.0433599,0.03,1,3918174,3917731,443
297510221,37.121,42.2494,456,23802,0.083344,0.03,1,3918208,3917752,456
297513141,44.2484,37.2998,471,23891,0.0753376,0.05,1,3918257,3917786,471
297516061,97.4994,43.7199,556,23980,0.060135,0.01,1,3918390,3917834,556
297518981,40.1997,97.288,425,24068,0.030054,0.07,1,3918392,3917967,425
297521901,38.8799,62.9152,423,24156,0.0780216,0.03,1,3918430,3918007,423
297524821,55.152,64.7661,423,24244,0.0852086,0.03,1,3918496,3918073,423
297527741,71.2608,74.5064,424,24331,0.0520835,0.05,1,3918578,3918154,424
297530661,40.5043,41.8026,424,24418,0.0748334,0.11,1,3918598,3918174,424
297551101,70.4944,71.2608,423,25019,0.214493,0.09,1,3919001,3918578,423
297554021,40.7978,40.5043,424,25104,0.235797,0.13,1,3919022,3918598,424
297556941,39.7191,38.4017,426,25188,0.292319,0.15,1,3919061,3918635,426
297571541,54.88,29.776,495,25606,0.437537,0.19,1,3919350,3918855,495
297624101,61.5367,74.5045,453,27056,0.771227,0.63,2,3920333,3919880,453
297638701,43.0161,41.6512,459,27445,0.901513,0.73,2,3920592,3920133,459
297641621,41.2064,41.2605,458,27522,0.942605,0.71,2,3920632,3920174,458
297737981,32.623,41.5194,490,29957,0.934,1,2,3922290,3921800,490
297802221,90.9558,29.8253,570,31475,0.77498,0.55,2,3923378,3922808,570
297816821,52.1032,38.5509,514,31810,0.799024,0.77,2,3923588,3923074,514
297846021,51.423,40.2581,520,32469,0.938869,0.79,2,3924048,3923528,520
297951141,32.7316,32.0349,515,34737,0.9184,1,2,3925573,3925058,515
297983261,29.0097,36.829,495,35401,0.296752,0.88,1,3926038,3925543,495
297986181,27.8039,32.7316,492,35461,0.292701,0.87,1,3926065,3925573,492
298003701,31.3842,37.5368,449,35817,0.427161,0.45,1,3926291,3925842,449
298006621,29.3537,34.8147,444,35876,0.416864,0.29,1,3926319,3925875,444
298012461,40.6966,41.8104,440,35994,0.432698,0.29,1,3926418,3925978,440
298065021,51.1182,49.2622,452,37037,0.751681,0.65,2,3927106,3926654,452
298067941,21.6473,20.9049,452,37094,0.786672,0.59,2,3927108,3926656,452
298070861,37.4589,37.762,451,37151,0.776669,0.59,2,3927156,3926705,451
298073781,31.7836,15.1048,479,37208,0.772668,0.61,2,3927184,3926705,479
298088381,27.4464,40.5592,472,37492,0.916677,0.71,2,3927373,3926901,472
298091301,29.5786,27.0237,485,37548,0.912671,0.69,2,3927404,3926919,485
298094221,31.0314,28.8095,487,37604,0.923068,0.73,2,3927436,3926949,487
298097141,61.6126,30.7238,537,37660,0.915227,0.73,2,3927518,3926981,537
298100061,52.845,60.2895,504,37716,0.924091,0.77,2,3927565,3927061,504
298102981,22.338,51.1158,461,37772,0.939636,0.81,2,3927567,3927106,461
298105901,37.7352,21.6463,507,37828,0.945855,0.77,2,3927615,3927108,507
298108821,31.8941,37.4585,487,37884,0.948342,0.77,2,3927643,3927156,487
298248981,48.7217,62.1127,518,40474,0.91768,1,2,3929467,3928949,518
298254821,36.4755,40.058,512,40578,0.779229,1,2,3929537,3929025,512
298269421,28.4554,31.8473,503,40838,0.400341,1,1,3929689,3929186,503
298275261,31.9129,31.8556,504,40942,0.283655,1,1,3929752,3929248,504
298278181,31.9651,28.9422,509,40994,0.239462,1,1,3929784,3929275,509
298284021,59.8344,34.5108,551,41096,0.0611139,0.96,1,3929895,3929344,551
298286941,44.9338,64.8043,501,41147,0.0424456,0.89,1,3929930,3929429,501
298289861,39.5735,48.7217,499,41198,0.0349782,0.81,1,3929966,3929467,499
298292781,33.8294,41.6887,492,41249,0.0439913,0.73,1,3929996,3929504,492
298295701,27.9318,36.4755,483,41300,0.0355965,0.61,1,3930020,3929537,483
298298621,28.5727,33.7902,480,41351,0.0442386,0.53,1,3930049,3929569,480
298301541,28.8291,32.1161,478,41402,0.0356954,0.59,1,3930078,3929600,478
298304461,27.7316,30.8464,475,41453,0.0802782,0.45,1,3930105,3929630,475
298307381,22.4927,32.1386,461,41504,0.0861113,0.33,1,3930124,3929663,461
298310301,10.1971,28.4554,437,41555,0.0644445,0.29,1,3930126,3929689,437
298313221,19.6788,28.7822,434,41606,0.0797778,0.25,1,3930152,3929718,434
298316141,25.2715,31.9129,429,41657,0.0979111,0.21,1,3930181,3929752,429
298319061,28.1086,31.9651,427,41708,0.0811644,0.07,1,3930211,3929784,427
298327821,43.703,44.9338,422,41860,0.0711945,0.03,1,3930352,3929930,422
298330741,40.2812,39.5735,424,41910,0.0584778,0.05,1,3930390,3929966,424
298333661,33.5125,33.8294,423,41960,0.0773911,0.03,1,3930419,3929996,423
298336581,27.805,27.9318,423,42010,0.0969565,0.05,1,3930443,3930020,423
298339501,28.522,28.5727,423,42060,0.0687826,0.03,1,3930472,3930049,423
298342421,29.4088,28.8291,424,42110,0.081513,0.11,1,3930502,3930078,424
298345341,29.7635,27.7316,427,42160,0.0866052,0.09,1,3930532,3930105,427
298348261,22.1054,22.4927,425,42210,0.0886421,0.05,1,3930549,3930124,425
298351181,10.0422,10.1971,425,42260,0.0894568,0.09,1,3930551,3930126,425
298354101,21.4169,19.6788,428,42310,0.0777827,0.11,1,3930580,3930152,428
298357021,25.3667,25.2715,427,42360,0.0851131,0.07,1,3930608,3930181,427
298374541,33.5593,33.5125,425,42660,0.0913585,0.11,1,3930844,3930419,425
298377461,26.6237,27.805,423,42709,0.0545434,0.05,1,3930866,3930443,423
298380381,27.4495,28.522,422,42758,0.0638174,0.09,1,3930894,3930472,422
298383301,30.1798,29.4088,424,42807,0.0435269,0.09,1,3930926,3930502,424
298386221,30.6719,29.7635,425,42856,0.0474108,0.09,1,3930957,3930532,425
298389141,23.0688,22.1054,426,42905,0.0489643,0.09,1,3930975,3930549,426
298392061,10.4275,10.0422,426,42954,0.0495857,0.07,1,3930977,3930551,426
298394981,20.971,21.4169,425,43003,0.0738343,0.07,1,3931005,3930580,425
298397901,25.7884,8.56675,454,43052,0.0835337,0.09,1,3931034,3930580,454
298400821,29.5154,20.2267,458,43101,0.0754135,0.13,1,3931066,3930608,458
298403741,30.4061,26.6907,458,43150,0.0961654,0.17,1,3931097,3930639,458
298415421,31.8056,40.3457,451,43346,0.214862,0.07,1,3931266,3930815,451
298418341,25.9222,33.5383,444,43395,0.223945,0.03,1,3931288,3930844,444
298421261,27.1689,26.6153,450,43444,0.239578,0.07,1,3931316,3930866,450
298424181,30.0676,27.4461,454,43493,0.245831,0.03,1,3931348,3930894,454
298427101,31.227,30.1784,454,43542,0.272332,0.05,1,3931380,3930926,454
298430021,23.2908,30.6714,441,43590,0.282933,0.05,1,3931398,3930957,441
298432941,10.5163,23.0686,425,43638,0.287173,0.05,1,3931400,3930975,425
298450461,44.3265,55.9625,464,43926,0.429949,0.19,1,3931634,3931170,464
298526381,32.3713,31.1776,449,45159,0.7804,0.53,2,3932379,3931930,449
298529301,14.1485,13.671,449,45206,0.79816,0.55,2,3932381,3931932,449
298532221,24.8594,24.6684,449,45253,0.793264,0.59,2,3932413,3931964,449
298578941,59.451,9.94376,543,45992,0.904667,0.89,2,3932956,3932413,543
298581861,45.3804,50.7775,501,46038,0.931867,0.91,2,3932992,3932491,501
298584781,41.5522,42.511,503,46084,0.930747,0.89,2,3933031,3932528,503
298587701,34.0209,41.0044,492,46130,0.942299,0.87,2,3933060,3932568,492
298796481,316.624,343.497,468,21900,0.442,0.81,1,3935225,3934757,468
298799401,174.049,173.399,487,22724,0.2188,0.49,1,3935304,3934817,487
298811081,60.8653,65.6678,450,23095,0.0547053,0.11,1,3935552,3935102,450
298814001,63.3461,79.0671,427,23187,0.0638821,0.03,1,3935617,3935190,427
298816921,38.5384,38.8268,437,23278,0.0315528,0.07,1,3935639,3935202,437
298819841,68.2154,29.3307,502,23369,0.0906211,0.07,1,3935727,3935225,502
298837361,38.1028,62.1694,444,23908,0.0905977,0.01,1,3936061,3935617,444
298840281,16.4411,38.0677,424,23997,0.0782391,0.13,1,3936063,3935639,424
298849041,57.7642,57.9243,430,24261,0.243807,0.17,1,3936290,3935860,430
298851961,57.9057,57.9697,430,24348,0.295523,0.17,1,3936348,3935918,430
298881161,59.6906,58.7049,439,25205,0.405285,0.39,1,3936903,3936464,439
298884081,37.6763,37.282,439,25289,0.432114,0.39,1,3936926,3936487,439
298887001,16.2705,16.1128,439,25373,0.442846,0.37,1,3936928,3936489,439
298922041,62.9934,61.6613,510,26358,0.763228,0.57,2,3937675,3937165,510
298939561,86.0079,63.6462,555,26836,0.907122,0.69,2,3938019,3937464,555
298942481,65.0032,85.4585,506,26915,0.932849,0.75,2,3938070,3937564,506
298945401,27.2013,62.9834,460,26994,0.943139,0.79,2,3938072,3937612,460
299085561,38.9179,39.0079,492,30530,0.25186,1,1,3940574,3940082,492
299091401,50.1469,58.5613,478,30668,0.0582976,1,1,3940670,3940192,478
299094321,50.0587,45.6245,491,30737,0.041319,0.96,1,3940720,3940229,491
299097241,36.8235,39.2498,484,30806,0.0225276,1,1,3940748,3940264,484
299100161,44.1294,45.6999,483,30875,0.063011,0.69,1,3940797,3940314,483
299103081,65.0518,82.48,455,30944,0.0432044,0.65,1,3940876,3940421,455
299106001,45.2207,54.592,451,31012,0.0232818,0.41,1,3940908,3940457,451
299108921,36.0883,48.2368,437,31080,0.0393127,0.27,1,3940938,3940501,437
299111841,32.4353,40.2947,432,31148,0.0457251,0.17,1,3940968,3940536,432
299114761,31.5741,38.9179,425,31216,0.04829,0,1,3940999,3940574,425
299117681,34.8296,38.3672,424,31284,0.037316,0,1,3941036,3940612,424
299120601,46.9319,15.3469,479,31352,0.0449264,0.03,1,3941091,3940612,479
299123521,48.7727,40.9387,471,31419,0.0959706,0.03,1,3941141,3940670,471
299126441,36.3091,46.3755,449,31486,0.0443882,0.01,1,3941169,3940720,449
299129361,46.3236,35.3502,474,31553,0.0837553,0.09,1,3941222,3940748,474
299132281,63.5295,43.5401,500,31620,0.0875021,0.03,1,3941297,3940797,500
299135201,44.6118,64.816,453,31687,0.0650008,0.01,1,3941329,3940876,453
299138121,35.8447,45.1264,451,31754,0.0680003,0.05,1,3941359,3940908,451
299141041,32.3379,36.0506,451,31821,0.0692001,0.05,1,3941389,3940938,451
299143961,32.1352,32.4202,453,31887,0.0816801,0.05,1,3941421,3940968,453
299146881,34.4541,31.5681,458,31953,0.074672,0.03,1,3941457,3940999,458
299149801,47.3816,34.8272,477,32019,0.0598688,0.05,1,3941513,3941036,477
299152721,50.7527,46.9309,475,32085,0.0419475,0.13,1,3941566,3941091,475
299155641,35.3011,48.7724,450,32151,0.046779,0.01,1,3941591,3941141,450
299158561,48.3204,36.3089,479,32217,0.0607116,0.11,1,3941648,3941169,479
299161481,62.5282,46.3236,498,32283,0.0542846,0.09,1,3941720,3941222,498
299164401,43.6113,63.5294,454,32349,0.0277139,0.05,1,3941751,3941297,454
299167321,35.4445,44.6118,452,32414,0.0290855,0.07,1,3941781,3941329,452
299170241,32.1778,35.8447,452,32479,0.0176342,0.07,1,3941811,3941359,452
299173161,33.8711,32.3379,457,32544,0.0250537,0.09,1,3941846,3941389,457
299176081,33.3484,32.1352,458,32609,0.0400215,0.07,1,3941879,3941421,458
299179001,48.1394,34.4541,480,32674,0.0220086,0.05,1,3941937,3941457,480
299181921,49.8558,47.3816,475,32739,0.0388034,0.03,1,3941988,3941513,475
299184841,21.1423,50.7527,424,32804,0.0455214,0.05,1,3941990,3941566,424
299187761,22.8569,35.3011,423,32868,0.0722085,0.07,1,3942014,3941591,423
299190681,44.5428,48.3204,425,32932,0.0828834,0.05,1,3942073,3941648,425
299193601,60.4171,62.5282,424,32996,0.0751534,0.01,1,3942144,3941720,424
299199441,34.8667,35.4445,423,33124,0.0972245,0.01,1,3942204,3941781,423
299202361,31.9467,32.1778,423,33188,0.0928898,0.03,1,3942234,3941811,423
299205281,33.7787,33.8711,423,33252,0.0671559,0.05,1,3942269,3941846,423
299208201,33.9115,33.3484,424,33316,0.0568624,0.01,1,3942303,3941879,424
299211121,47.7646,48.1394,423,33379,0.0407449,0.05,1,3942360,3941937,423
299214041,50.3058,49.8558,424,33442,0.034298,0.05,1,3942412,3941988,424
299216961,21.3223,21.1423,424,33505,0.0317192,0.09,1,3942414,3941990,424
299219881,22.9289,22.8569,424,33568,0.0306877,0.09,1,3942438,3942014,424
299222801,45.7716,44.5428,426,33631,0.0422751,0.07,1,3942499,3942073,426
299249081,21.1476,21.3223,423,34193,0.0885483,0.03,1,3942837,3942414,423
299284121,23.4686,21.1461,449,34929,0.214271,0.13,1,3943286,3942837,449
299287041,47.7875,22.8584,489,34990,0.271708,0.13,1,3943350,3942861,489
299307481,43.5016,33.8062,479,35410,0.404941,0.21,1,3943635,3943156,479
299313321,21.3602,49.929,433,35530,0.416391,0.19,1,3943692,3943259,433
299316241,24.1441,21.1716,457,35589,0.400556,0.23,1,3943718,3943261,457
299319161,50.4576,23.4686,500,35648,0.418223,0.31,1,3943786,3943286,500
299322081,21.3831,47.7875,438,35707,0.425289,0.35,1,3943788,3943350,438
299325001,53.5532,64.715,437,35766,0.440116,0.31,1,3943863,3943426,437
299368801,34.9959,33.0674,451,36643,0.784339,0.59,2,3944409,3943958,451
299400921,38.9424,27.9098,494,37272,0.937259,0.75,2,3944834,3944340,494
299546921,39.6701,38.7802,485,40007,0.9124,1,2,3946743,3946258,485
299549841,37.468,32.9121,492,40060,0.76696,1,2,3946779,3946287,492
299564441,47.9949,39.025,535,40323,0.254103,1,1,3946958,3946423,535
299570281,33.9592,38.404,512,40427,0.0466565,1,1,3947024,3946512,512
299573201,34.5837,28.5616,525,40479,0.0486626,1,1,3947059,3946534,525
299576121,33.0335,43.2246,504,40531,0.019465,1,1,3947091,3946587,504
299579041,36.0134,34.0899,514,40583,0.025786,1,1,3947129,3946615,514
299581961,40.8054,42.4359,510,40635,0.0523144,0.96,1,3947173,3946663,510
299584881,35.5221,42.1744,500,40687,0.0269258,0.87,1,3947205,3946705,500
299587801,29.2089,39.6698,487,40739,0.0287703,0.67,1,3947230,3946743,487
299590721,31.4835,37.4679,484,40791,0.0415081,0.61,1,3947263,3946779,484
299593641,27.5934,35.9872,474,40843,0.0946033,0.45,1,3947288,3946814,474
299602401,41.438,31.4872,482,40999,0.205015,0.17,1,3947381,3946899,482
299614081,32.4432,34.5837,453,41203,0.0763364,0,1,3947512,3947059,453
299617001,38.1773,33.0335,463,41254,0.0485345,0.03,1,3947554,3947091,463
299619921,41.0709,36.0134,468,41305,0.0614138,0.07,1,3947597,3947129,468
299622841,35.0284,40.8054,455,41356,0.0545655,0.01,1,3947628,3947173,455
299625761,29.0113,35.5221,448,41407,0.0398262,0.03,1,3947653,3947205,448
299628681,30.2045,29.2089,454,41458,0.0459305,0.05,1,3947684,3947230,454
299631601,32.4818,31.4835,455,41509,0.0243722,0.13,1,3947718,3947263,455
299634521,14.1927,27.5934,432,41560,0.0157489,0.21,1,3947720,3947288,432
299637441,12.2771,18.2374,431,41611,0.0362995,0.17,1,3947731,3947300,431
299640361,19.9108,24.0949,428,41662,0.0685198,0.23,1,3947756,3947328,428
299643281,40.3643,41.438,429,41713,0.0814079,0.17,1,3947810,3947381,429
299646201,40.1457,38.1752,433,41764,0.0865632,0.21,1,3947850,3947417,433
299649121,32.2583,33.2701,430,41815,0.0766253,0.11,1,3947877,3947447,430
299657881,38.1125,38.1773,424,41965,0.061784,0.07,1,3947978,3947554,424
299660801,40.445,41.0709,423,42015,0.0667136,0.05,1,3948020,3947597,423
299663721,35.378,35.0284,424,42065,0.0566854,0.03,1,3948052,3947628,424
299666641,28.5512,29.0113,423,42115,0.0766742,0.05,1,3948076,3947653,423
299669561,30.6205,30.2045,424,42165,0.0846697,0.01,1,3948108,3947684,424
299672481,32.0482,32.4818,423,42215,0.0638679,0.01,1,3948141,3947718,423
299675401,14.0193,14.1927,423,42265,0.0555471,0.05,1,3948143,3947720,423
299678321,11.6077,12.2771,422,42315,0.0402189,0.09,1,3948153,3947731,422
299681241,20.8431,19.9108,424,42365,0.0460875,0.09,1,3948180,3947756,424
299684161,40.7372,40.3643,424,42415,0.084435,0.09,1,3948234,3947810,424
299687081,40.2949,40.1457,424,42465,0.099774,0.07,1,3948274,3947850,424
299742561,39.6177,36.1417,469,43400,0.215536,0.15,1,3948869,3948400,469
299745481,33.8471,40.2567,456,43449,0.224214,0.13,1,3948899,3948443,456
299748401,30.3388,34.7027,453,43498,0.227686,0.17,1,3948927,3948474,453
299751321,31.9355,29.4811,460,43547,0.229074,0.17,1,3948960,3948500,460
299754241,31.9742,30.9924,460,43595,0.26563,0.15,1,3948992,3948532,460
299757161,13.9897,31.597,430,43643,0.280252,0.15,1,3948994,3948564,430
299760081,11.5959,13.8388,438,43691,0.286101,0.15,1,3949004,3948566,438
299768841,41.8781,42.5257,471,43835,0.41647,0.21,1,3949131,3948660,471
299771761,33.5513,41.0103,459,43883,0.436588,0.15,1,3949159,3948700,459
299862281,29.967,30.5607,451,45351,0.773446,0.63,2,3950085,3949634,451
299865201,29.9868,30.2243,451,45398,0.783379,0.67,2,3950115,3949664,451
299868121,37.7947,36.6897,453,45444,0.787351,0.65,2,3950158,3949705,453
299885641,14.4342,14.5196,453,45720,0.915238,0.63,2,3950333,3949880,453
299888561,11.7737,11.8078,453,45766,0.900095,0.63,2,3950343,3949890,453
299894401,50.0038,48.2093,456,45858,0.915615,0.69,2,3950440,3949984,456
299897321,21.2015,20.4837,456,45904,0.948246,0.69,2,3950442,3949986,456
300104641,39.3924,39.0451,511,49057,0.949094,0.95,2,3952647,3952136,511
300107561,34.957,34.818,511,49100,0.949638,1,2,3952679,3952168,511
300110481,34.9828,38.5272,505,49143,0.937855,1,2,3952714,3952209,505
300116321,27.6772,27.5244,502,49229,0.928857,1,2,3952767,3952265,502
300119241,24.2709,28.4097,495,49272,0.917543,1,2,3952789,3952294,495
300122161,30.7084,26.3639,505,49315,0.901017,1,2,3952824,3952319,505
300125081,36.2833,33.9456,506,49358,0.924407,1,2,3952864,3952358,506
300128001,25.3133,31.5782,494,49401,0.915763,0.96,2,3952882,3952388,494
300130921,27.5253,24.6313,503,49444,0.948305,0.97,2,3952911,3952408,503
300297361,23.5051,4.84158,561,51816,0.933816,1,2,3954566,3954005,561
300354301,332.201,374.335,469,23360,0.41941,0.96,1,3955120,3954651,469
300360141,107.992,113.654,490,24266,0.0743057,0.67,1,3955272,3954782,490
300363061,77.9969,85.6614,481,24353,0.0837223,0.49,1,3955330,3954849,481
300365981,63.5987,68.4646,478,24440,0.0514889,0.23,1,3955384,3954906,478
300368901,64.4395,73.5858,466,24527,0.0745956,0.25,1,3955449,3954983,466
300371821,49.1758,60.6343,453,24613,0.0838382,0.15,1,3955488,3955035,453
300374741,33.4703,40.4537,449,24699,0.0995353,0.09,1,3955511,3955062,449
300377661,35.5881,41.3815,444,24785,0.0458141,0.03,1,3955548,3955104,444
300380581,71.8353,86.7526,423,24871,0.0603256,0,1,3955644,3955221,423
300383501,60.5341,65.301,425,24956,0.0301303,0.09,1,3955697,3955272,425
300386421,59.0136,60.9204,425,25041,0.0660521,0.03,1,3955755,3955330,425
300389341,54.8055,56.7682,423,25126,0.0564208,0.09,1,3955807,3955384,423
300392261,61.5222,61.7073,424,25210,0.0525683,0.09,1,3955873,3955449,424
300395181,49.2089,48.0829,426,25294,0.0390273,0.11,1,3955914,3955488,426
300398101,34.0835,33.0332,427,25378,0.0336109,0.01,1,3955938,3955511,427
300401021,32.8334,35.4133,422,25461,0.0794444,0.01,1,3955970,3955548,422
300409781,59.5093,57.1064,481,25710,0.223724,0.09,1,3956178,3955697,481
300412701,55.0037,57.6426,475,25792,0.25149,0.05,1,3956230,3955755,475
300415621,60.4015,54.257,487,25874,0.274596,0.05,1,3956294,3955807,487
300421461,34.1442,49.1211,446,26038,0.297135,0.03,1,3956360,3955914,446
300436061,57.3295,59.5084,487,26442,0.410899,0.27,1,3956665,3956178,487
300438981,61.3318,55.0034,499,26522,0.422359,0.29,1,3956729,3956230,499
300471101,34.7905,34.2931,445,27388,0.77836,0.51,2,3957240,3956795,445
300474021,37.3162,35.9172,447,27465,0.785344,0.57,2,3957279,3956832,447
300476941,80.3265,76.7669,452,27542,0.788138,0.57,2,3957388,3956936,452
300479861,33.3306,31.9068,452,27619,0.765255,0.61,2,3957390,3956938,452
300482781,43.3322,42.7627,452,27696,0.756102,0.71,2,3957440,3956988,452
300485701,57.5329,55.5051,455,27772,0.752441,0.71,2,3957507,3957052,455
300488621,56.6132,54.602,457,27848,0.762976,0.71,2,3957563,3957106,457
300491541,62.8453,61.4408,458,27924,0.75519,0.75,2,3957630,3957172,458
300494461,52.7381,50.9763,460,28000,0.764076,0.81,2,3957676,3957216,460
300500301,38.1981,37.3162,461,28151,0.771452,0.79,2,3957740,3957279,461
300503221,78.2792,80.3265,457,28226,0.794581,0.75,2,3957845,3957388,457
300514901,57.4007,47.1332,515,28525,0.907813,0.77,2,3958022,3957507,515
300517821,62.5603,52.4533,525,28599,0.945125,0.75,2,3958088,3957563,525
300614181,70.8907,75.522,492,30948,0.934,1,2,3959743,3959251,492
300620021,37.6225,41.7235,490,31084,0.75304,1,2,3959806,3959316,490
300631701,36.0367,21.3913,513,31356,0.0785098,1,1,3960008,3959495,513
300634621,43.8147,28.9565,528,31423,0.0374039,1,1,3960057,3959529,528
300637541,36.7259,42.7826,508,31490,0.0329616,1,1,3960089,3959581,508
300640461,36.2904,37.513,510,31557,0.0131846,1,1,3960125,3959615,510
300643381,64.9161,35.4052,560,31624,0.0352738,0.89,1,3960209,3959649,560
300646301,41.5665,70.5621,492,31691,0.0201095,0.79,1,3960235,3959743,492
300649221,34.0266,47.4248,489,31758,0.0260438,0.69,1,3960264,3959775,489
300652141,40.6106,37.5699,503,31825,0.0524175,0.63,1,3960309,3959806,503
300655061,55.8443,47.428,515,31891,0.050967,0.19,1,3960375,3959860,515
300657981,39.1377,69.9712,458,31957,0.0863868,0.07,1,3960403,3959945,458
300660901,32.4551,49.5885,450,32023,0.0345547,0,1,3960431,3959981,450
300663821,41.182,36.0354,470,32089,0.0198219,0.01,1,3960478,3960008,470
300666741,35.6728,43.8142,453,32155,0.0139288,0.03,1,3960510,3960057,453
300669661,36.4691,36.7257,458,32221,0.0055715,0,1,3960547,3960089,458
300672581,64.9877,36.2903,506,32287,0.0322286,0.05,1,3960631,3960125,506
300675501,40.9951,64.9161,447,32353,0.0428914,0.01,1,3960656,3960209,447
300678421,34.398,41.5664,451,32418,0.0471566,0.03,1,3960686,3960235,451
300681341,41.9592,34.0266,469,32483,0.0488626,0.07,1,3960733,3960264,469
300684261,55.1837,40.6106,488,32548,0.0855451,0.05,1,3960797,3960309,488
300687181,41.2735,55.8443,454,32613,0.088218,0.11,1,3960829,3960375,454
300690101,31.5094,39.1377,451,32678,0.0892872,0,1,3960854,3960403,451
300693021,39.6038,32.4551,468,32743,0.0657149,0.01,1,3960899,3960431,468
300695941,17.0415,41.182,423,32808,0.032286,0.01,1,3960901,3960478,423
300698861,26.0166,35.6728,423,32872,0.0429144,0,1,3960933,3960510,423
300701781,32.0066,36.4691,422,32936,0.0171658,0.05,1,3960969,3960547,422
300704701,66.2027,64.9877,427,33000,0.0248663,0.05,1,3961058,3960631,427
300707621,38.4811,40.9951,422,33064,0.0399465,0.05,1,3961078,3960656,422
300710541,35.1924,34.398,425,33128,0.0339786,0.05,1,3961111,3960686,425
300713461,41.077,41.9592,423,33192,0.0315914,0.11,1,3961156,3960733,423
300716381,57.8308,55.1837,428,33256,0.0666366,0.09,1,3961225,3960797,428
300719301,41.1323,41.2735,426,33320,0.0806546,0.09,1,3961255,3960829,426
300722221,29.6529,31.5094,423,33383,0.0622618,0.05,1,3961277,3960854,423
300725141,38.8612,39.6038,423,33446,0.0429047,0.01,1,3961322,3960899,423
300728061,16.7445,17.0415,423,33509,0.0351619,0.05,1,3961324,3960901,423
300730981,25.2978,26.0166,422,33572,0.0320648,0,1,3961355,3960933,422
300733901,31.7191,32.0066,422,33635,0.0188259,0.03,1,3961391,3960969,422
300736821,66.6876,66.2027,423,33698,0.0135304,0.05,1,3961481,3961058,423
300739741,38.6751,38.4811,423,33761,0.0234121,0.03,1,3961501,3961078,423
300742661,34.67,35.1924,422,33824,0.0153649,0.03,1,3961533,3961111,422
300745581,40.868,41.077,422,33887,0.0241459,0.09,1,3961578,3961156,422
300748501,58.9472,57.8308,424,33949,0.0516584,0.09,1,3961649,3961225,424
300751421,41.5789,41.1323,424,34011,0.0386634,0.05,1,3961679,3961255,424
300754341,28.6316,29.6529,422,34073,0.0694653,0.03,1,3961699,3961277,422
300757261,38.4526,38.8612,422,34135,0.0457861,0.03,1,3961744,3961322,422
300760181,16.581,16.7445,422,34197,0.0363145,0.03,1,3961746,3961324,422
300763101,25.8324,25.2978,423,34259,0.0325258,0.03,1,3961778,3961355,423
300766021,30.733,10.1191,457,34321,0.0670103,0.01,1,3961812,3961355,457
300768941,66.8932,25.6476,512,34383,0.0568041,0.01,1,3961903,3961391,512
300771861,38.1573,64.2591,441,34444,0.0287216,0.03,1,3961922,3961481,441
300774781,34.4629,37.7036,453,34505,0.0174887,0.01,1,3961954,3961501,453
300777701,41.3852,34.2814,467,34566,0.0369955,0.03,1,3962000,3961533,467
300780621,59.1541,40.7126,493,34627,0.0567982,0.07,1,3962071,3961578,493
300783541,42.8616,58.885,454,34688,0.0647193,0.03,1,3962103,3961649,454
300786461,29.7446,41.554,445,34749,0.0918877,0.09,1,3962124,3961679,445
300789381,36.4979,28.6216,466,34810,0.0667551,0.03,1,3962165,3961699,466
300792301,15.7991,38.4486,423,34871,0.032702,0.03,1,3962167,3961744,423
300795221,26.7197,16.5795,455,34932,0.0310808,0.03,1,3962201,3961746,455
300798141,31.6879,25.8318,458,34993,0.0124323,0.09,1,3962236,3961778,458
300801061,66.0751,30.7327,513,35053,0.0229729,0.05,1,3962325,3961812,513
300803981,37.2301,66.8931,440,35113,0.0271892,0.01,1,3962343,3961903,440
300806901,34.092,38.1572,453,35173,0.0288757,0.01,1,3962375,3961922,453
300809821,42.4368,34.4629,469,35233,0.0415503,0.05,1,3962423,3961954,469
300812741,60.1747,41.3852,495,35293,0.0826201,0.07,1,3962495,3962000,495
300815661,44.4699,59.1541,458,35353,0.099048,0.07,1,3962529,3962071,458
300839021,34.7057,37.2301,423,35828,0.097031,0.03,1,3962766,3962343,423
300841941,32.4823,34.092,422,35887,0.0568124,0.05,1,3962797,3962375,422
300844861,43.5929,42.4368,425,35946,0.064725,0.11,1,3962848,3962423,425
300847781,61.8372,60.1747,427,36005,0.04389,0.11,1,3962922,3962495,427
300850701,45.7349,44.4699,428,36064,0.047556,0.13,1,3962957,3962529,428
300853621,30.8939,30.388,428,36123,0.0610224,0.17,1,3962978,3962550,428
300856541,34.5576,33.7552,429,36182,0.078409,0.17,1,3963015,3962586,429
300859461,15.023,14.7021,429,36240,0.0853636,0.15,1,3963017,3962588,429
300862381,27.0092,26.8808,429,36298,0.0881454,0.13,1,3963052,3962623,429
300865301,30.6037,31.1523,428,36356,0.0772582,0.13,1,3963085,3962657,428
300868221,13.4415,13.6609,428,36414,0.0489033,0.09,1,3963087,3962659,428
300871141,55.7766,58.2644,424,36472,0.0975613,0.09,1,3963171,3962747,424
300879901,43.5537,43.5929,423,36646,0.0871239,0.03,1,3963271,3962848,423
300882821,61.8215,61.8372,423,36704,0.0648496,0.05,1,3963345,3962922,423
300885741,45.1286,45.7349,422,36762,0.0679398,0.07,1,3963379,3962957,422
300888661,31.2514,30.8939,423,36819,0.0691759,0.09,1,3963401,3962978,423
300891581,35.9006,34.5576,425,36876,0.0696704,0.09,1,3963440,3963015,425
300894501,15.5602,15.023,425,36933,0.0818681,0.09,1,3963442,3963017,425
300897421,26.6241,27.0092,424,36990,0.0987473,0.07,1,3963476,3963052,424
300912021,29.3049,20.3243,453,37275,0.200605,0.11,1,3963643,3963190,453
300914941,42.322,25.5297,475,37332,0.242242,0.07,1,3963694,3963219,475
300917861,61.3288,41.4119,497,37389,0.282897,0.05,1,3963768,3963271,497
300920781,45.5315,60.9648,458,37446,0.287159,0.07,1,3963803,3963345,458
300923701,31.4126,44.7859,446,37502,0.288863,0.07,1,3963825,3963379,446
300926621,36.565,31.1144,464,37558,0.289545,0.07,1,3963865,3963401,464
300929541,15.826,35.8457,427,37614,0.289818,0.09,1,3963867,3963440,427
300952901,63.2058,42.3219,510,38062,0.435381,0.31,1,3964204,3963694,510
300990861,62.4163,63.2058,445,38778,0.754384,0.47,2,3964649,3964204,445
300993781,45.9665,45.6823,446,38832,0.787754,0.49,2,3964684,3964238,446
300999621,37.2346,36.5892,447,38940,0.794441,0.51,2,3964747,3964300,447
301002541,16.0939,15.8357,447,38994,0.791776,0.53,2,3964749,3964302,447
301005461,28.6375,28.5343,447,39048,0.77871,0.53,2,3964786,3964339,447
301008381,31.255,30.6137,448,39102,0.797484,0.53,2,3964819,3964371,448
301011301,13.702,13.4455,448,39156,0.780994,0.63,2,3964821,3964373,448
301014221,64.8808,61.7782,453,39210,0.786397,0.63,2,3964920,3964467,453
301020061,31.5009,31.0045,453,39318,0.799024,0.63,2,3964966,3964513,453
301022981,13.8004,13.6018,453,39372,0.793609,0.75,2,3964968,3964515,453
301052181,65.5143,64.8808,461,39904,0.92558,0.83,2,3965381,3964920,461
301055101,37.0057,36.7523,461,39957,0.928232,0.79,2,3965399,3964938,461
301247821,331.175,364.922,470,18980,0.416826,0.88,1,3967756,3967286,470
301250741,178.07,180.169,489,19818,0.208731,0.75,1,3967832,3967343,489
301259501,63.2845,90.8268,442,20137,0.0683188,0,1,3968032,3967590,442
301262421,78.7138,74.7307,467,20242,0.0453275,0.07,1,3968121,3967654,467
301265341,44.0855,59.8923,438,20347,0.072131,0.03,1,3968142,3967704,438
301268261,86.0342,55.1569,500,20451,0.0828524,0.07,1,3968256,3967756,500
301277021,54.7302,77.546,463,20761,0.241703,0.03,1,3968453,3967990,463
301282861,42.2368,75.8874,443,20965,0.0638724,0.09,1,3968564,3968121,443
301285781,18.0947,42.9549,424,21066,0.067549,0.09,1,3968566,3968142,424
301288701,77.4379,85.582,427,21167,0.0450196,0.15,1,3968683,3968256,427
301291621,80.7752,81.6328,431,21267,0.0600078,0.25,1,3968766,3968335,431
301294541,82.7101,81.2531,434,21367,0.0660031,0.27,1,3968850,3968416,434
301297461,53.484,54.7012,431,21466,0.0924013,0.03,1,3968884,3968453,431
301300381,72.3936,77.0805,424,21565,0.0549605,0.03,1,3968969,3968545,424
301303301,39.7574,42.2322,423,21663,0.0519842,0.07,1,3968987,3968564,423
301306221,17.103,18.0929,423,21761,0.0267937,0.03,1,3968989,3968566,423
301309141,76.4412,77.4372,422,21858,0.0167175,0.07,1,3969105,3968683,422
301312061,82.1765,80.7749,425,21955,0.060687,0.07,1,3969191,3968766,425
301347101,16.7959,38.6037,428,23088,0.205236,0.11,1,3969837,3969409,428
301350021,74.5183,16.6415,539,23180,0.220094,0.09,1,3969950,3969411,539
301352941,85.0073,76.2566,515,23271,0.262038,0.13,1,3970042,3969527,515
301364621,39.8082,70.4722,449,23633,0.411108,0.21,1,3970266,3969817,449
301367541,17.1233,38.9889,433,23723,0.422443,0.21,1,3970268,3969835,433
301417181,78.3243,77.6146,449,25198,0.774496,0.57,2,3971278,3970829,449
301431781,75.082,33.3714,546,25616,0.906097,0.75,2,3971595,3971049,546
301434701,41.4328,67.3486,475,25699,0.944439,0.75,2,3971614,3971139,475
301437621,17.7731,37.7394,459,25781,0.935776,0.71,2,3971616,3971157,459
301528141,41.6283,43.4911,484,28215,0.759527,1,2,3973402,3972918,484
301566101,32.1541,39.7895,478,29175,0.760731,0.55,2,3974035,3973557,478
301586541,45.5964,67.0321,488,29679,0.902046,0.77,2,3974430,3973942,488
301589461,40.4386,44.2129,496,29750,0.918819,0.75,2,3974467,3973971,496
301592381,32.3754,39.8851,486,29821,0.937527,0.77,2,3974494,3974008,486
301595301,14.1502,32.1541,461,29892,0.945011,0.87,2,3974496,3974035,461
301700421,66.0901,34.2337,559,32343,0.94,1,2,3976274,3975715,559
301709181,42.9418,43.687,515,32538,0.79768,1,2,3976402,3975887,515
301732541,58.9195,66.0901,480,33054,0.282171,0.97,1,3976754,3976274,480
301735461,43.9678,51.636,472,33118,0.250868,0.81,1,3976788,3976316,472
301738381,39.1871,48.8544,461,33182,0.238347,0.75,1,3976824,3976363,461
301741301,36.6748,42.9418,457,33246,0.245339,0.65,1,3976859,3976402,457
301744221,32.0699,35.7767,455,33310,0.236136,0.55,1,3976888,3976433,455
301764661,55.614,58.9195,433,33751,0.213328,0.23,1,3977187,3976754,433
301767581,42.6456,43.9678,433,33814,0.223331,0.23,1,3977221,3976788,433
301770501,38.6582,39.1871,433,33877,0.227332,0.25,1,3977257,3976824,433
301773421,35.8633,36.6748,432,33939,0.240933,0.23,1,3977291,3976859,432
301776341,30.5453,32.0699,430,34001,0.270373,0.17,1,3977318,3976888,430
301779261,29.6181,31.428,428,34063,0.270149,0.17,1,3977347,3976919,428
301782181,46.0473,47.3712,427,34125,0.28206,0.19,1,3977404,3976977,427
301785101,33.4189,31.5485,431,34187,0.274824,0.15,1,3977429,3976998,431
301788021,44.5676,46.2194,427,34249,0.24793,0.15,1,3977481,3977054,427
301790941,37.027,18.4878,459,34311,0.249172,0.15,1,3977513,3977054,459
301793861,34.6108,25.9951,461,34373,0.297669,0.21,1,3977546,3977085,461
301799701,42.9777,53.8392,464,34496,0.408827,0.23,1,3977651,3977187,464
301802621,38.7911,41.9357,466,34557,0.433531,0.23,1,3977687,3977221,466
301805541,38.3164,38.3743,468,34618,0.431412,0.25,1,3977725,3977257,468
301808461,30.9266,35.7497,460,34679,0.442565,0.29,1,3977751,3977291,460
301811381,30.3706,30.4999,463,34740,0.447026,0.27,1,3977781,3977318,463
301866861,44.41,45.1047,453,35879,0.761033,0.63,2,3978547,3978094,453
301869781,39.364,39.6419,453,35938,0.790413,0.63,2,3978583,3978130,453
301875621,30.7782,31.4227,452,36056,0.799666,0.65,2,3978646,3978194,452
301887301,48.2647,47.1004,455,36290,0.902567,0.69,2,3978817,3978362,455
301890221,39.7059,38.6402,456,36348,0.919027,0.69,2,3978851,3978395,456
301893141,17.0824,16.6561,456,36406,0.925611,0.71,2,3978853,3978397,456
302077101,35.3039,27.9885,511,39897,0.772851,1,2,3981315,3980804,511
302153021,32.9845,35.7751,479,41251,0.756566,0.57,2,3982215,3981736,479
302155941,25.1938,32.3101,469,41302,0.764626,0.55,2,3982235,3981766,469
302158861,46.6775,25.524,509,41353,0.767851,0.59,2,3982296,3981787,509
302161781,40.871,45.6096,487,41404,0.75714,0.59,2,3982333,3981846,487
302167621,20.2194,35.9775,462,41506,0.758342,0.67,2,3982378,3981916,462
302170541,9.28774,19.191,456,41557,0.765337,0.65,2,3982380,3981924,456
302173461,24.7151,29.8764,454,41608,0.792135,0.73,2,3982415,3981961,454
302185141,38.9079,38.3824,458,41812,0.943655,0.71,2,3982565,3982107,458
302383701,341.477,350.055,500,20440,0.43,0.92,1,3984889,3984389,500
302392461,90.5425,97.4035,498,20750,0.08248,0.53,1,3985108,3984610,498
302395381,87.217,104.961,473,20852,0.050992,0.27,1,3985193,3984720,473
302398301,79.8868,85.7846,475,20954,0.0383968,0.13,1,3985268,3984793,475
302401221,49.3547,73.9138,438,21055,0.0693587,0.03,1,3985297,3984859,438
302404141,27.5419,44.5655,426,21156,0.0697435,0.01,1,3985310,3984884,426
302407061,48.2168,55.6262,425,21256,0.0338974,0.05,1,3985372,3984947,425
302409981,74.4867,78.0505,424,21356,0.031559,0.07,1,3985464,3985040,424
302412901,71.1947,72.0202,425,21455,0.0306236,0.03,1,3985533,3985108,425
302415821,78.8779,79.8081,424,21554,0.0662494,0.03,1,3985617,3985193,424
302436261,79.3127,78.8657,424,22234,0.220335,0.13,1,3986041,3985617,424
302439181,78.5251,77.1463,426,22329,0.262134,0.15,1,3986119,3985693,426
302442101,48.81,47.6585,427,22424,0.266854,0.11,1,3986148,3985721,427
302445021,28.524,27.4634,428,22519,0.280741,0.11,1,3986163,3985735,428
302447941,45.6096,10.9854,485,22613,0.262297,0.19,1,3986220,3985735,485
302450861,74.6438,39.7941,520,22707,0.254919,0.15,1,3986314,3985794,520
302453781,71.8575,72.3177,496,22800,0.263967,0.19,1,3986384,3985888,496
302462541,49.2389,78.3563,463,23078,0.422734,0.27,1,3986582,3986119,463
302465461,28.0956,48.7425,448,23170,0.439094,0.29,1,3986596,3986148,448
302468381,45.4382,28.497,490,23261,0.433637,0.25,1,3986653,3986163,490
302503421,82.0112,83.5408,453,24331,0.770076,0.61,2,3987449,3986996,453
302506341,49.6045,50.8163,452,24418,0.78203,0.61,2,3987477,3987025,452
302509261,28.2418,28.7265,452,24505,0.762812,0.63,2,3987491,3987039,452
302512181,46.0967,45.6906,453,24591,0.779125,0.63,2,3987549,3987096,453
302520941,61.2462,58.8202,457,24849,0.924184,0.79,2,3987728,3987271,457
302605621,35.7035,35.5493,499,27212,0.946,1,2,3989404,3988905,499
302608541,38.8814,42.4197,493,27290,0.9244,1,2,3989445,3988952,493
302614381,51.581,40.6272,514,27445,0.799504,1,2,3989583,3989069,514
302617301,44.6324,56.4509,487,27522,0.781802,1,2,3989623,3989136,487
302681541,47.0758,65.8451,484,29168,0.76941,0.59,2,3990757,3990273,484
302684461,32.6303,46.738,473,29241,0.793764,0.65,2,3990780,3990307,473
302696141,46.4545,49.2445,499,29529,0.927952,0.69,2,3990990,3990491,499
302699061,67.1818,44.8978,538,29601,0.929181,0.73,2,3991071,3990533,538
302701981,42.4727,66.5591,483,29673,0.929672,0.73,2,3991097,3990614,483
302830461,36.8624,38.4908,510,32664,0.770512,1,2,3993186,3992676,510
302842141,46.8269,53.8238,486,32922,0.294621,1,1,3993332,3992846,486
302850901,49.4369,50.7487,483,33114,0.0452557,0.93,1,3993491,3993008,483
302853821,56.9748,64.0995,472,33178,0.0481023,1,1,3993553,3993081,472
302856741,42.5899,46.6398,470,33242,0.0372409,0.83,1,3993586,3993116,470
302859661,30.836,39.6559,458,33306,0.0568964,0.69,1,3993609,3993151,458
302862581,29.7344,36.8624,452,33370,0.0287585,0.59,1,3993638,3993186,452
302865501,29.8938,34.5449,449,33433,0.0175034,0.49,1,3993668,3993219,449
302868421,27.5575,32.418,444,33496,0.0250014,0.43,1,3993694,3993250,444
302871341,21.223,25.5672,440,33559,0.0520006,0.17,1,3993711,3993271,440
302874261,38.4892,46.8269,429,33622,0.0748002,0.05,1,3993761,3993332,429
302877181,29.1957,36.7308,422,33685,0.0959201,0.09,1,3993784,3993362,422
302880101,68.6783,71.0923,423,33748,0.056368,0,1,3993879,3993456,423
302883021,49.6713,49.4369,425,33811,0.0225472,0.05,1,3993916,3993491,425
302885941,55.8685,56.9748,423,33874,0.0750189,0.03,1,3993976,3993553,423
302888861,41.5474,42.5899,422,33936,0.0600076,0.07,1,3994008,3993586,422
302891781,30.419,30.836,422,33998,0.054003,0.01,1,3994031,3993609,422
302894701,29.5676,29.7344,422,34060,0.0516012,0.01,1,3994060,3993638,422
302897621,29.827,29.8938,422,34122,0.0506405,0.03,1,3994090,3993668,422
302900541,27.5308,27.5575,422,34184,0.0502562,0.07,1,3994116,3993694,422
302903461,21.8123,21.223,423,34246,0.0261025,0.07,1,3994134,3993711,423
302906381,38.7249,8.4892,473,34308,0.040441,0.09,1,3994184,3993711,473
302909301,29.89,33.3957,447,34370,0.0461764,0.11,1,3994208,3993761,447
302912221,67.156,27.1583,516,34432,0.0364706,0.03,1,3994300,3993784,516
302915141,50.8624,67.8633,461,34493,0.0325882,0,1,3994340,3993879,461
302918061,56.345,49.3453,484,34554,0.0430353,0.11,1,3994400,3993916,484
302920981,40.538,55.7381,454,34615,0.0352141,0.05,1,3994430,3993976,454
302923901,30.6152,41.4953,446,34676,0.0560856,0.05,1,3994454,3994008,446
302926821,29.6461,30.3981,452,34737,0.0884343,0.05,1,3994483,3994031,452
302938501,39.7349,21.8118,473,34981,0.0974479,0.05,1,3994607,3994134,473
302944341,66.1176,29.8899,513,35101,0.0575917,0.03,1,3994721,3994208,513
302947261,51.047,67.156,462,35161,0.0290367,0.03,1,3994762,3994300,462
302950181,57.0188,50.8624,483,35221,0.0416147,0.05,1,3994823,3994340,483
302953101,40.2075,56.345,452,35281,0.0466459,0.03,1,3994852,3994400,452
302956021,32.283,40.538,449,35341,0.0486583,0.07,1,3994879,3994430,449
302958941,30.9132,30.6152,455,35401,0.0614633,0.11,1,3994909,3994454,455
302961861,30.3653,29.6461,456,35461,0.0785853,0.11,1,3994939,3994483,456
302982301,48.6148,51.047,423,35876,0.0607862,0.05,1,3995185,3994762,423
302985221,57.2459,57.0188,425,35935,0.0423145,0.05,1,3995248,3994823,425
302988141,39.6984,40.2075,424,35994,0.0589258,0.05,1,3995276,3994852,424
302991061,32.0794,32.283,424,36053,0.0895703,0.07,1,3995303,3994879,424
302993981,31.4317,30.9132,425,36112,0.0898281,0.09,1,3995334,3994909,425
302996901,31.1727,30.3653,426,36171,0.0899312,0.13,1,3995365,3994939,426
303014421,57.5927,58.5371,427,36519,0.224972,0,1,3995570,3995143,427
303017341,45.2371,48.6148,422,36577,0.227989,0.03,1,3995607,3995185,422
303023181,39.3979,39.6984,423,36693,0.203278,0.11,1,3995699,3995276,423
303026101,33.1592,32.0794,425,36751,0.231311,0.09,1,3995728,3995303,425
303029021,31.2637,31.4317,424,36809,0.242525,0.09,1,3995758,3995334,424
303031941,32.3055,31.1727,426,36866,0.23501,0.13,1,3995791,3995365,426
303034861,28.5222,28.0691,426,36923,0.292004,0.13,1,3995817,3995391,426
303052381,45.2604,52.1971,468,37265,0.409275,0.23,1,3996038,3995570,468
303055301,55.9042,43.0788,494,37322,0.40971,0.17,1,3996101,3995607,494
303058221,39.7617,55.6315,459,37379,0.421884,0.21,1,3996130,3995671,459
303061141,33.3047,39.0526,460,37436,0.438754,0.25,1,3996159,3995699,460
303064061,31.3219,33.021,461,37492,0.445501,0.25,1,3996189,3995728,461
303066981,34.1287,31.2084,467,37548,0.448201,0.23,1,3996225,3995758,467
303069901,29.8515,32.2834,461,37604,0.41328,0.33,1,3996252,3995791,461
303072821,24.5406,28.5133,456,37660,0.423312,0.33,1,3996273,3995817,456
303131221,36.3613,40.2792,451,38768,0.760188,0.61,2,3997023,3996572,451
303134141,33.1445,34.1117,452,38822,0.754075,0.63,2,3997054,3996602,452
303145821,26.7589,25.5693,457,39038,0.768536,0.69,2,3997173,3996716,457
303148741,44.9036,45.0277,456,39092,0.781415,0.69,2,3997230,3996774,456
303151661,19.1614,19.2111,456,39146,0.762566,0.69,2,3997232,3996776,456
303154581,23.8646,23.2844,457,39200,0.767026,0.71,2,3997259,3996802,457
303157501,62.3458,62.1138,457,39254,0.79281,0.71,2,3997347,3996890,457
303169181,36.6073,36.3613,458,39470,0.920824,0.75,2,3997481,3997023,458
303344381,34.6914,38.5199,500,42560,0.939484,1,2,3999621,3999121,500
303350221,23.9106,28.7232,487,42660,0.933917,1,2,3999666,3999179,487
303356061,48.3457,42.1557,492,42758,0.798627,0.98,2,3999772,3999280,492
303358981,48.1383,38.4623,504,42807,0.757451,1,2,3999820,3999316,504
303364821,29.9021,37.354,489,42905,0.779992,0.95,2,3999878,3999389,489
303373581,33.2337,14.5827,518,43052,0.799439,1,2,3999974,3999456,518
303405701,30.6494,40.2544,483,43590,0.903523,0.83,2,4000338,3999855,483
303408621,26.6598,29.9018,484,43638,0.919409,0.87,2,4000362,3999878,484
303411541,38.2639,23.9607,510,43686,0.901764,0.85,2,4000408,3999898,510
303414461,33.3056,36.5843,495,43734,0.918706,0.77,2,4000438,3999943,495
303417381,27.7222,33.2337,488,43782,0.949482,0.89,2,4000462,3999974,488
303627621,73.417,88.7352,441,21370,0.0796,0.21,1,4003026,4002585,441
303630541,85.1668,81.6941,457,21469,0.08584,0.11,1,4003119,4002662,457
303633461,81.4667,83.6776,451,21568,0.076336,0.01,1,4003198,4002747,451
303636381,72.7867,70.6711,456,21666,0.0725344,0.01,1,4003265,4002809,456
303639301,69.3147,74.4684,446,21764,0.0590138,0.05,1,4003332,4002886,446
303642221,76.9259,64.5874,470,21861,0.0296055,0,1,4003414,4002944,470
303645141,43.3703,67.2349,422,21958,0.0538422,0.05,1,4003435,4003013,422
303648061,26.3481,34.694,424,22055,0.0755369,0.09,1,4003450,4003026,424
303650981,67.5393,69.6776,426,22151,0.0482147,0.07,1,4003545,4003119,426
303653901,72.0157,75.271,422,22247,0.0732859,0.07,1,4003620,4003198,422
303656821,69.0063,70.3084,422,22342,0.0593144,0.05,1,4003687,4003265,422
303659741,69.6025,68.3234,425,22437,0.0537257,0.01,1,4003757,4003332,425
303662661,75.841,76.5293,423,22532,0.0274903,0.01,1,4003837,4003414,423
303665581,43.5364,30.6117,445,22626,0.0409961,0.07,1,4003859,4003414,445
303668501,25.8146,24.8447,438,22720,0.0463984,0.09,1,4003873,4003435,438
303671421,66.7258,18.9379,517,22813,0.0965594,0.03,1,4003967,4003450,517
303680181,70.3665,68.532,493,23091,0.0889798,0.05,1,4004180,4003687,493
303683101,74.9466,69.4128,501,23183,0.0775919,0.01,1,4004258,4003757,501
303686021,44.3786,75.7651,445,23274,0.0490368,0.05,1,4004282,4003837,445
303688941,26.1515,43.506,437,23365,0.0496147,0.05,1,4004296,4003859,437
303700621,69.4871,67.9154,497,23726,0.210406,0.07,1,4004605,4004108,497
303703541,72.7948,70.3661,500,23815,0.234162,0.07,1,4004680,4004180,500
303706461,43.5179,74.9465,446,23904,0.243665,0.03,1,4004704,4004258,446
303709381,18.6072,44.3786,424,23993,0.247466,0.05,1,4004706,4004282,424
303712301,17.0429,26.1514,426,24081,0.272986,0.19,1,4004722,4004296,426
303715221,69.2171,69.8606,431,24169,0.259195,0.19,1,4004826,4004395,431
303718141,73.2869,73.5442,431,24257,0.289678,0.19,1,4004902,4004471,431
303729821,43.9433,43.5179,434,24604,0.4122,0.25,1,4005138,4004704,434
303738581,68.5244,69.2171,434,24862,0.427421,0.31,1,4005260,4004826,434
303764861,76.3786,64.1297,524,25619,0.754222,0.55,2,4005784,4005260,524
303767781,68.3514,72.4519,509,25702,0.799689,0.53,2,4005847,4005338,509
303788221,79.4227,69.4435,541,26273,0.907346,0.79,2,4006244,4005703,541
303899181,57.9714,42.5653,549,29178,0.934,1,2,4008287,4007738,549
303910861,31.7001,32.7409,533,29467,0.257526,1,1,4008478,4007945,533
303916701,74.912,64.7585,561,29611,0.0712042,1,1,4008625,4008064,561
303919621,49.1648,76.3034,509,29682,0.0464817,1,1,4008657,4008148,509
303922541,40.0659,50.3214,510,29753,0.0365927,1,1,4008691,4008181,510
303925461,51.4264,42.9285,531,29824,0.0686371,0.89,1,4008750,4008219,531
303928381,21.7705,57.9714,465,29895,0.0574548,0.49,1,4008752,4008287,465
303931301,56.1082,83.1886,444,29966,0.0529819,0.35,1,4008831,4008387,444
303934221,36.2433,51.8754,436,30037,0.0751928,0.23,1,4008854,4008418,436
303937141,32.4973,41.7502,431,30107,0.0600771,0.21,1,4008884,4008453,431
303940061,28.5989,31.7001,432,30177,0.0540308,0.05,1,4008910,4008478,432
303942981,36.6396,43.28,423,30247,0.0396123,0.03,1,4008952,4008529,423
303945901,72.8558,74.912,424,30317,0.0458449,0.03,1,4009049,4008625,424
303948821,48.3423,49.1648,424,30387,0.060338,0.03,1,4009081,4008657,424
303951741,39.7369,40.0659,424,30457,0.0421352,0.09,1,4009115,4008691,424
303954661,51.2948,51.4264,424,30526,0.0828541,0.05,1,4009174,4008750,424
303957581,21.7179,21.7705,424,30595,0.0991416,0.05,1,4009176,4008752,424
303978021,48.8691,48.3423,423,31076,0.0773215,0.03,1,4009504,4009081,423
303980941,39.3477,39.7369,422,31144,0.0609286,0.11,1,4009537,4009115,422
303983861,52.9391,51.2948,425,31212,0.0783714,0.11,1,4009599,4009174,425
303986781,22.3756,21.7179,425,31280,0.0613486,0.11,1,4009601,4009176,425
303989701,56.3503,8.68716,504,31348,0.0785394,0.15,1,4009680,4009176,504
303992621,36.9401,50.2749,450,31415,0.0854158,0.15,1,4009704,4009254,450
303998461,28.3504,31.804,452,31549,0.0940665,0.13,1,4009760,4009308,452
304001381,34.7402,27.1216,467,31616,0.0796266,0.13,1,4009799,4009332,467
304004301,70.2961,36.0486,519,31683,0.0858506,0.11,1,4009893,4009374,519
304007221,47.9184,72.6195,455,31750,0.0883403,0.05,1,4009926,4009471,455
304010141,38.3674,48.8478,454,31817,0.0893361,0.05,1,4009958,4009504,454
304030581,34.0302,28.3504,463,32279,0.216872,0.07,1,4010223,4009760,463
304033501,71.2121,34.7402,520,32345,0.248749,0.09,1,4010319,4009799,520
304036421,47.6848,70.2961,458,32410,0.285499,0.09,1,4010351,4009893,458
304042261,54.9096,38.3674,491,32540,0.27008,0.11,1,4010449,4009958,491
304045181,23.1638,53.7469,429,32605,0.282032,0.11,1,4010451,4010022,429
304048101,59.0655,22.6988,510,32670,0.286813,0.17,1,4010534,4010024,510
304071461,38.9134,38.2739,437,33184,0.413565,0.25,1,4010820,4010383,437
304074381,54.5654,54.9096,436,33248,0.435426,0.29,1,4010885,4010449,436
304077301,23.0261,23.1638,436,33312,0.42017,0.29,1,4010887,4010451,436
304109421,23.6161,23.0261,443,34003,0.757006,0.49,2,4011330,4010887,443
304112341,61.0465,59.0105,446,34065,0.788802,0.59,2,4011416,4010970,446
304132781,53.0201,71.0084,492,34498,0.91422,0.69,2,4011684,4011192,492
304135701,41.008,50.6034,488,34559,0.935688,0.75,2,4011717,4011229,488
304138621,57.2032,39.4413,524,34620,0.932275,0.75,2,4011785,4011261,524
304141541,24.0813,55.9765,459,34681,0.93091,0.77,2,4011787,4011328,459
304144461,63.6325,23.5906,547,34742,0.918364,0.81,2,4011877,4011330,547
304147381,42.853,61.0362,490,34803,0.901346,0.85,2,4011906,4011416,490
304153221,28.3365,17.9258,496,34925,0.903815,0.85,2,4011943,4011447,496
304156141,25.7346,26.9703,487,34986,0.907526,0.85,2,4011967,4011480,487
304299221,32.7508,22.4351,542,37832,0.928739,1,2,4013968,4013426,542
304305061,36.8001,58.6696,507,37944,0.903398,1,2,4014044,4013537,507
304316741,53.5309,45.8203,530,38167,0.203367,1,1,4014245,4013715,530
304328421,25.6776,30.981,497,38387,0.0589182,1,1,4014368,4013871,497
304331341,30.671,29.1924,503,38442,0.0295673,0.93,1,4014402,4013899,503
304334261,30.2684,33.877,496,38497,0.0178269,0.91,1,4014432,4013936,496
304337181,35.5074,32.7508,503,38552,0.0251308,0.97,1,4014471,4013968,503
304340101,34.6029,36.5003,498,38607,0.0280523,0.87,1,4014505,4014007,498
304343021,15.0412,36.8001,463,38662,0.0292209,0.75,1,4014507,4014044,463
304345941,21.0165,33.9201,456,38717,0.0416884,0.49,1,4014532,4014076,456
304348861,39.0066,49.568,447,38772,0.0586754,0.21,1,4014583,4014136,447
304351781,42.0026,52.8272,436,38826,0.0774701,0.09,1,4014627,4014191,436
304354701,45.0011,53.5309,429,38880,0.0489881,0.13,1,4014674,4014245,429
304357621,40.2004,44.2124,428,38934,0.0855952,0.17,1,4014711,4014283,428
304360541,37.6802,40.4849,426,38988,0.0642381,0.11,1,4014747,4014321,426
304363461,28.8721,31.194,424,39042,0.0796952,0.01,1,4014770,4014346,424
304369301,30.4195,30.671,423,39150,0.0499512,0.01,1,4014825,4014402,423
304372221,30.1678,30.2684,423,39204,0.0499805,0.03,1,4014855,4014432,423
304375141,35.4671,35.5074,423,39258,0.0199922,0.03,1,4014894,4014471,423
304378061,34.5869,34.6029,423,39312,0.0259969,0.03,1,4014928,4014505,423
304380981,15.0347,15.0412,423,39366,0.0283988,0.05,1,4014930,4014507,423
304383901,22.2139,21.0165,425,39420,0.0773595,0.07,1,4014957,4014532,425
304413101,35.3951,35.4671,422,39952,0.0776996,0.03,1,4015316,4014894,422
304416021,35.158,34.5869,423,40005,0.0370799,0.03,1,4015351,4014928,423
304418941,15.2632,15.0347,423,40058,0.0328319,0.03,1,4015353,4014930,423
304421861,24.7053,6.0139,454,40111,0.0551328,0.11,1,4015384,4014930,454
304430621,45.4051,43.2969,474,40270,0.201528,0.17,1,4015527,4015053,474
304433541,40.3621,44.3188,466,40322,0.242611,0.19,1,4015564,4015098,466
304436461,35.3448,40.5275,460,40374,0.271045,0.11,1,4015596,4015136,460
304439381,29.1379,36.611,451,40426,0.270418,0.17,1,4015621,4015170,451
304442301,23.6552,29.0444,447,40478,0.246167,0.15,1,4015641,4015194,447
304445221,29.2621,22.4178,462,40530,0.224467,0.17,1,4015674,4015212,462
304448141,27.3048,29.9671,453,40582,0.215787,0.09,1,4015700,4015247,453
304451061,33.1219,29.9868,460,40634,0.224315,0.05,1,4015737,4015277,460
304453981,35.4488,35.3947,458,40686,0.215726,0.01,1,4015774,4015316,458
304459821,26.5518,15.2632,457,40790,0.201316,0.07,1,4015810,4015353,457
304462741,41.2207,24.7053,477,40842,0.206526,0.15,1,4015861,4015384,477
304465661,47.6883,39.2821,480,40894,0.220611,0.19,1,4015913,4015433,480
304468581,47.2753,44.5128,479,40946,0.250244,0.23,1,4015960,4015481,479
304471501,42.3101,45.4051,472,40998,0.274098,0.27,1,4015999,4015527,472
304486101,26.8544,29.2621,457,41253,0.406823,0.21,1,4016131,4015674,457
304489021,33.5418,27.3048,469,41304,0.420729,0.23,1,4016169,4015700,469
304491941,33.8167,33.1219,466,41355,0.426292,0.21,1,4016203,4015737,466
304494861,14.7267,35.4488,431,41406,0.428517,0.17,1,4016205,4015774,431
304497781,27.4907,15.3795,465,41457,0.405407,0.21,1,4016241,4015776,465
304500701,41.5963,26.5518,482,41508,0.408163,0.21,1,4016292,4015810,482
304503621,17.8385,41.2207,433,41559,0.409265,0.23,1,4016294,4015861,433
304506541,38.9354,47.6883,434,41610,0.421706,0.27,1,4016347,4015913,434
304509461,45.5742,47.2753,437,41661,0.402682,0.29,1,4016397,4015960,437
304570781,34.7833,34.162,448,42713,0.773096,0.57,2,4017060,4016612,448
304573701,34.3133,34.0648,448,42762,0.771239,0.57,2,4017094,4016646,448
304576621,14.9253,14.8259,448,42811,0.770495,0.55,2,4017096,4016648,448
304579541,26.3701,26.9304,447,42860,0.770198,0.57,2,4017130,4016683,447
304594141,44.4896,36.1279,496,43105,0.910508,0.65,2,4017334,4016838,496
304597061,37.5958,40.2512,486,43154,0.934203,0.63,2,4017367,4016881,486
304823361,175.892,179.156,506,21270,0.2764,1,1,4019953,4019447,506
304832121,75.0971,77.826,491,21568,0.0712096,0.53,1,4020159,4019668,491
304835041,90.6388,84.5304,503,21666,0.0344838,0.25,1,4020260,4019757,503
304837961,53.0555,84.2122,447,21764,0.0437935,0.17,1,4020288,4019841,447
304840881,43.4222,53.4849,451,21861,0.0595174,0.07,1,4020325,4019874,451
304843801,51.5689,68.7939,429,21958,0.077807,0.07,1,4020382,4019953,429
304846721,61.4276,72.5176,422,22055,0.0731228,0.07,1,4020450,4020028,422
304852561,66.7084,68.2428,423,22247,0.0968996,0.01,1,4020582,4020159,423
304855481,86.6834,87.8971,422,22342,0.0927599,0.05,1,4020682,4020260,422
304858401,53.2733,51.9588,425,22437,0.0791039,0.07,1,4020713,4020288,425
304861321,43.5093,42.9835,425,22532,0.0856416,0.07,1,4020750,4020325,425
304887601,61.3788,50.9865,494,23365,0.288302,0.13,1,4021300,4020806,494
304896361,87.3282,66.8631,527,23636,0.405091,0.17,1,4021532,4021005,527
304899281,52.9313,85.5453,459,23726,0.408037,0.13,1,4021562,4021103,459
304910961,53.1614,61.3788,440,24081,0.426462,0.39,1,4021740,4021300,440
304943081,89.6027,86.7783,452,25032,0.762459,0.61,2,4022426,4021974,452
304948921,46.1364,45.0845,453,25201,0.799994,0.59,2,4022497,4022044,453
304972281,46.1006,52.9976,501,25866,0.901912,0.79,2,4022957,4022456,501
304975201,55.6402,45.799,522,25948,0.918765,0.81,2,4023019,4022497,522
304978121,23.4561,54.9196,463,26030,0.925506,0.81,2,4023021,4022558,463
305086161,42.7703,52.4836,514,28886,0.947478,1,2,4025060,4024546,514
305089081,78.3081,53.9934,561,28959,0.924991,1,2,4025162,4024601,561
305094921,67.9693,52.6789,547,29105,0.794799,1,2,4025276,4024729,547
305097841,49.3877,62.4716,515,29178,0.767919,1,2,4025313,4024798,515
305109521,46.5619,38.5641,525,29467,0.413979,0.96,1,4025491,4024966,525
305118281,48.58,78.3081,498,29682,0.279695,0.87,1,4025660,4025162,498
305121201,61.432,52.9232,532,29753,0.285878,0.73,1,4025730,4025198,532
305124121,44.9728,67.9693,488,29824,0.252351,0.75,1,4025764,4025276,488
305127041,19.1891,49.3877,453,29895,0.27494,0.65,1,4025766,4025313,453
305141641,39.7955,42.6248,438,30247,0.429391,0.29,1,4025969,4025531,438
305144561,72.9182,76.4499,434,30317,0.441757,0.25,1,4026064,4025630,434
305147481,47.1673,48.58,434,30387,0.446703,0.29,1,4026094,4025660,434
305208801,64.4121,48.5893,529,31817,0.785822,0.75,2,4027067,4026538,529
305211721,47.3648,61.4357,495,31883,0.788329,0.73,2,4027103,4026608,495
305214641,20.1459,47.3743,459,31949,0.789331,0.73,2,4027105,4026646,459
305229241,41.9385,43.3462,498,32279,0.916156,0.71,2,4027319,4026821,498
305232161,76.7754,41.9385,557,32345,0.912463,0.77,2,4027419,4026862,557
305235081,49.9102,75.5754,491,32410,0.934985,0.75,2,4027451,4026960,491
305238001,64.9641,50.0302,533,32475,0.943994,0.81,2,4027526,4026993,533
305240921,48.1856,64.4121,496,32540,0.935598,0.79,2,4027563,4027067,496
305243841,20.4742,47.3648,462,32605,0.932239,0.79,2,4027565,4027103,462
305348961,35.5883,31.6368,524,34864,0.789343,1,2,4029132,4028608,524
305351881,29.2353,25.8547,527,34925,0.753737,1,2,4029157,4028630,527
305372321,35.1641,49.1697,497,35346,0.428418,0.98,1,4029491,4028994,497
305395681,69.4919,75.9111,446,35822,0.447731,0.47,1,4029769,4029323,446
305439481,46.8034,46.3995,447,36698,0.765802,0.55,2,4030356,4029909,447
305448241,33.9074,33.4016,449,36870,0.797091,0.59,2,4030447,4029998,449
305494961,10.5058,23.2406,464,37776,0.902873,0.83,2,4030988,4030524,464
305497881,24.6023,10.4963,496,37832,0.907149,0.85,2,4031022,4030526,496
305611761,67.6183,80.838,492,39952,0.93904,1,2,4032578,4032086,492
305620521,33.1036,15.4936,526,40111,0.908019,1,2,4032676,4032150,526
305635121,34.0052,39.1212,517,40374,0.434664,1,1,4032852,4032335,517
305640961,28.0008,33.7394,504,40478,0.291546,1,1,4032907,4032403,504
305649721,64.7201,29.5433,563,40634,0.095219,0.9,1,4033048,4032485,563
305652641,46.288,67.6173,504,40686,0.0800876,0.97,1,4033082,4032578,504
305655561,35.9152,48.6469,497,40738,0.074035,0.97,1,4033111,4032614,497
305658481,31.1661,39.2588,492,40790,0.095614,0.87,1,4033139,4032647,492
305661401,31.0664,33.1035,494,40842,0.0922456,0.79,1,4033170,4032676,494
305678921,22.5,31.0021,455,41151,0.204349,0.23,1,4033336,4032881,455
305690601,45.48,64.7201,458,41355,0.236447,0.07,1,4033506,4033048,458
305693521,36.192,46.288,454,41406,0.256579,0.07,1,4033536,4033082,454
305696441,31.8768,35.9152,454,41457,0.252632,0.11,1,4033565,4033111,454
305699361,30.7507,31.1661,456,41508,0.299053,0.09,1,4033595,4033139,456
305713961,32.6064,31.8753,430,41763,0.400147,0.23,1,4033722,4033292,430
305716881,28.6426,27.7501,431,41814,0.442059,0.21,1,4033748,4033317,431
305719801,23.457,22.5,432,41864,0.434824,0.19,1,4033768,4033336,432
305722721,24.3828,24,432,41914,0.443929,0.17,1,4033793,4033361,432
305725641,25.3531,24,434,41964,0.447572,0.19,1,4033819,4033385,434
305830761,24.3636,26.6911,476,43738,0.766339,0.65,2,4034991,4034515,476
305833681,33.7454,24.4764,493,43786,0.792535,0.63,2,4035031,4034538,493
305854121,48.5125,60.6746,493,44122,0.934194,0.65,2,4035290,4034797,493
305997201,31.9392,34.1189,506,46408,0.949957,1,2,4036846,4036340,506
306000121,31.9757,26.2476,517,46453,0.937983,1,2,4036878,4036361,517
306003041,32.5903,26.099,524,46498,0.945193,1,2,4036911,4036387,524
306005961,27.4361,28.4396,518,46543,0.948077,1,2,4036935,4036417,518
306011801,19.6298,29.3903,502,46633,0.942492,1,2,4036976,4036474,502
306023481,25.9713,26.0148,510,46813,0.940544,0.95,2,4037079,4036569,510
306208901,320.059,345.491,467,21900,0.774337,0.85,2,4039031,4038564,467
306229341,40.6132,36.4896,468,23278,0.766348,0.63,2,4039466,4038998,468
306238101,73.9992,74.1433,520,23550,0.934886,0.65,2,4039720,4039200,520
306357821,56.8382,82.8322,511,26994,0.934,1,2,4042131,4041620,511
306369501,55.2199,56.2933,488,27306,0.442326,1,1,4042330,4041842,488
306375341,61.5152,57.8469,495,27461,0.239972,1,1,4042440,4041945,495
306387021,42.8404,47.9353,463,27768,0.224591,0.63,1,4042636,4042173,463
306389941,44.7362,53.3741,452,27844,0.215837,0.59,1,4042682,4042230,452
306395781,43.5178,55.2199,433,27996,0.201334,0.23,1,4042763,4042330,433
306407461,72.2885,72.0024,428,28297,0.23349,0.19,1,4042992,4042564,428
306410381,50.5154,48.601,431,28372,0.267396,0.19,1,4043028,4042597,431
306413301,43.6062,19.4404,470,28447,0.292958,0.25,1,4043067,4042597,470
306416221,44.4425,31.1762,476,28521,0.291183,0.21,1,4043112,4042636,476
306419141,37.577,40.0705,463,28595,0.290473,0.17,1,4043145,4042682,463
306439581,44.6523,50.5077,473,29109,0.413321,0.31,1,4043501,4043028,473
306442501,44.2609,43.6031,478,29182,0.423328,0.29,1,4043545,4043067,478
306483381,60.4808,58.3059,453,30181,0.785417,0.63,2,4044189,4043736,453
306506741,42.7306,41.2551,459,30737,0.904605,0.77,2,4044536,4044077,459
306509661,38.6922,38.702,458,30806,0.931842,0.81,2,4044572,4044114,458
306512581,61.6769,60.4808,460,30875,0.942737,0.85,2,4044649,4044189,460
306638141,58.4747,45.0663,501,33694,0.773296,1,2,4046615,4046114,501
306649821,38.4186,40.9985,483,33945,0.437732,1,1,4046810,4046327,483
306655661,41.067,41.3598,485,34069,0.292037,1,1,4046888,4046403,485
306661501,22.7707,29.4176,471,34193,0.263926,0.83,1,4046933,4046462,471
306664421,25.3083,30.967,466,34255,0.25557,0.83,1,4046960,4046494,466
306667341,38.3233,12.3868,513,34317,0.252228,0.85,1,4047007,4046494,513
306670261,50.1293,36.7547,518,34379,0.226891,0.71,1,4047065,4046547,518
306673181,62.6517,55.5019,521,34441,0.204757,0.59,1,4047136,4046615,521
306681941,35.1137,44.8561,471,34624,0.202944,0.41,1,4047247,4046776,471
306684861,32.6455,38.3424,468,34685,0.231178,0.35,1,4047278,4046810,468
306687781,38.8582,35.137,478,34746,0.230471,0.23,1,4047321,4046843,478
306690701,34.7433,41.0548,465,34807,0.230188,0.33,1,4047353,4046888,465
306693621,21.6973,34.4219,448,34868,0.242075,0.23,1,4047366,4046918,448
306696541,24.8789,22.7688,460,34929,0.24683,0.25,1,4047393,4046933,460
306699461,38.1516,25.3075,480,34990,0.248732,0.25,1,4047440,4046960,480
306702381,48.8606,38.323,489,35050,0.273493,0.21,1,4047496,4047007,489
306714061,35.5708,39.7843,463,35290,0.423401,0.21,1,4047678,4047215,463
306716981,34.0283,35.1137,464,35350,0.427361,0.25,1,4047711,4047247,464
306787061,34.2456,34.1997,450,36759,0.756388,0.55,2,4048605,4048155,450
306789981,40.0982,40.6799,449,36816,0.776555,0.61,2,4048649,4048200,449
306792901,34.6393,34.2719,450,36873,0.784622,0.61,2,4048680,4048230,450
306798741,25.7023,25.0435,451,36987,0.79874,0.63,2,4048722,4048271,451
306813341,55.8146,52.8078,504,37272,0.904694,0.71,2,4048958,4048454,504
306816261,44.5258,51.1231,491,37329,0.907878,0.69,2,4048995,4048504,491
306819181,38.8103,41.4492,491,37386,0.921151,0.77,2,4049030,4048539,491
306822101,34.7241,36.9797,489,37443,0.93846,0.77,2,4049062,4048573,489
307187101,134.929,145.108,488,19925,0.41224,0.71,1,4053697,4053209,488
307195861,69.7394,65.3029,481,20242,0.292543,0.41,1,4053909,4053428,481
307198781,32.6958,51.9212,446,20347,0.279017,0.39,1,4053917,4053471,446
307201701,83.8783,36.9685,537,20451,0.273607,0.37,1,4054035,4053498,537
307213381,65.6417,65.1656,502,20863,0.407564,0.27,1,4054343,4053841,502
307216301,31.6567,66.8662,443,20965,0.409026,0.27,1,4054352,4053909,443
307219221,13.8627,31.5465,437,21066,0.43361,0.27,1,4054354,4053917,437
307248421,98.9749,95.4231,452,22052,0.770246,0.65,2,4055124,4054672,452
307268861,101.89,77.6149,562,22717,0.932566,0.79,2,4055585,4055023,562
307350621,48.0129,58.8804,478,25198,0.9388,1,2,4057260,4056782,478
307365221,48.2526,46.1463,520,25616,0.421636,1,1,4057592,4057072,520
307368141,45.101,52.6585,506,25699,0.438654,1,1,4057635,4057129,506
307371061,45.0404,41.4634,517,25781,0.445462,0.97,1,4057680,4057163,517
307423621,43.2925,43.7402,454,27221,0.772378,0.65,2,4058620,4058166,454
307432381,72.3947,71.9434,456,27454,0.902632,0.71,2,4058851,4058395,456
307438221,47.1032,46.5509,458,27608,0.940021,0.73,2,4058939,4058481,458
307441141,20.0413,19.8204,458,27685,0.934008,0.75,2,4058941,4058483,458
307543341,52.6219,55.2937,484,30244,0.9268,1,2,4060788,4060304,484
307549181,44.1795,37.527,500,30384,0.922288,1,2,4060874,4060374,500
307552101,37.4718,34.8108,500,30454,0.914915,1,2,4060907,4060407,500
307555021,31.7887,34.3243,494,30523,0.935966,1,2,4060935,4060441,494
307563781,80.4185,79.7168,488,30730,0.927502,1,2,4061114,4060626,488
307695181,50.8216,47.0518,493,33688,0.942736,1,2,4063187,4062694,493
307698101,41.9286,48.8207,479,33751,0.935094,1,2,4063223,4062744,479
307701021,47.3714,43.5283,490,33814,0.920038,1,2,4063274,4062784,490
307776941,32.2241,27.1702,483,35404,0.760096,0.57,2,4064308,4063825,483
307779861,55.4896,32.4681,518,35464,0.766038,0.57,2,4064379,4063861,518
307782781,47.3959,54.3872,491,35524,0.768415,0.59,2,4064421,4063930,491
307785701,38.1583,46.3549,482,35584,0.769366,0.53,2,4064453,4063971,482
307797381,34.6345,39.7259,455,35820,0.795808,0.73,2,4064596,4064141,455
307811981,32.8564,32.2241,460,36115,0.916453,0.77,2,4064768,4064308,460
307814901,55.7426,55.4896,460,36174,0.936581,0.77,2,4064839,4064379,460
307981341,34.1099,37.0141,497,39364,0.911325,1,2,4067050,4066553,497
307984261,35.244,35.8057,498,39418,0.77853,1,2,4067086,4066588,498
307995941,40.8478,59.155,475,39632,0.422698,1,1,4067230,4066755,475
307998861,54.1391,45.862,501,39685,0.295079,1,1,4067293,4066792,501
308001781,39.6557,34.5448,504,39738,0.220032,1,1,4067323,4066819,504
308013461,28.8888,36.9371,468,39950,0.0836328,0.96,1,4067447,4066979,468
308016381,33.1555,38.7749,464,40003,0.0754531,0.87,1,4067483,4067019,464
308019301,29.4622,34.1099,460,40056,0.0481812,0.69,1,4067510,4067050,460
308022221,31.5849,35.244,457,40109,0.0252725,0.69,1,4067543,4067086,457
308025141,34.234,14.0976,493,40162,0.040109,0.67,1,4067579,4067086,493
308028061,27.4936,29.039,477,40215,0.0700436,0.69,1,4067602,4067125,477
308030981,27.7974,28.4156,477,40268,0.0820174,0.47,1,4067630,4067153,477
308033901,32.119,28.7662,483,40320,0.074807,0.33,1,4067665,4067182,483
308057261,29.0087,33.1546,448,40736,0.0450011,0.03,1,4067931,4067483,448
308060181,32.6035,29.4619,456,40788,0.0360005,0.01,1,4067966,4067510,456
308063101,34.6414,31.5847,459,40840,0.0324002,0.05,1,4068002,4067543,459
308066021,28.8566,34.2339,448,40892,0.0909601,0.09,1,4068027,4067579,448
308080621,38.035,37.779,466,41149,0.224448,0.17,1,4068222,4067756,466
308083541,34.414,37.9116,460,41200,0.215779,0.17,1,4068254,4067794,460
308086461,19.7656,34.9646,437,41251,0.212312,0.15,1,4068264,4067827,437
308089381,25.9062,19.3859,458,41302,0.222925,0.09,1,4068294,4067836,458
308092301,29.5625,27.5543,457,41353,0.22717,0.11,1,4068326,4067869,457
308095221,28.625,32.0217,450,41404,0.216868,0,1,4068354,4067904,450
308098141,31.85,29.0087,457,41455,0.212747,0.03,1,4068388,4067931,457
308103981,15.176,34.6414,425,41557,0.21764,0.13,1,4068427,4068002,425
308106901,24.0704,28.8566,430,41608,0.201056,0.13,1,4068457,4068027,430
308109821,25.8282,27.7426,430,41659,0.206422,0.15,1,4068484,4068054,430
308115661,52.6125,51.7188,432,41761,0.204628,0.19,1,4068587,4068155,432
308118581,37.845,38.0875,431,41812,0.255851,0.25,1,4068615,4068184,431
308121501,38.538,38.035,432,41862,0.28834,0.21,1,4068654,4068222,432
308130261,26.5384,25.9062,433,42012,0.296614,0.23,1,4068727,4068294,433
308156541,54.0647,52.6125,433,42462,0.402448,0.29,1,4069020,4068587,433
308214941,31.6143,26.6749,481,43446,0.760333,0.59,2,4069645,4069164,481
308217861,30.6457,30.47,478,43495,0.778133,0.59,2,4069675,4069197,478
308220781,32.6583,28.988,484,43544,0.785253,0.59,2,4069709,4069225,484
308244141,43.1515,41.2057,498,43928,0.935552,0.71,2,4069991,4069493,498
308509861,73.1124,66.0413,522,22906,0.784429,0.57,2,4073499,4072977,522
308527381,71.509,75.1968,524,23456,0.931208,0.73,2,4073881,4073357,524
308632501,41.5021,52.6171,503,26514,0.441213,1,1,4075998,4075495,503
308641261,47.9921,45.4155,529,26753,0.0639976,1,1,4076183,4075654,529
308644181,59.9969,50.5662,543,26832,0.043599,0.93,1,4076251,4075708,543
308647101,58.1987,66.4265,523,26911,0.0474396,0.77,1,4076308,4075785,523
308650021,24.4795,61.9706,466,26990,0.0369758,0.57,1,4076310,4075844,466
308652941,43.9918,70.3882,447,27068,0.0687903,0.41,1,4076367,4075920,447
308655861,42.1967,55.7553,442,27146,0.0695161,0.39,1,4076408,4075966,442
308658781,32.4787,41.5021,436,27224,0.0818065,0.01,1,4076434,4075998,436
308661701,72.9915,83.2009,425,27302,0.0987226,0.07,1,4076534,4076109,425
308664621,43.5966,49.4803,422,27380,0.081489,0.03,1,4076558,4076136,422
308667541,46.2386,47.9921,423,27457,0.0625956,0.03,1,4076606,4076183,423
308670461,58.6955,59.9969,422,27534,0.0430382,0.05,1,4076673,4076251,422
308673381,58.2782,58.1987,423,27611,0.0352153,0.03,1,4076731,4076308,423
308676301,24.5113,24.4795,423,27688,0.0320861,0.09,1,4076733,4076310,423
308679221,44.0045,43.9918,423,27764,0.0548345,0.07,1,4076790,4076367,423
308682141,43.4018,42.1967,425,27840,0.0639338,0.09,1,4076833,4076408,425
308685061,33.5607,32.4787,426,27916,0.0675735,0.11,1,4076860,4076434,426
308687981,72.8243,72.9915,425,27992,0.0930294,0.07,1,4076959,4076534,425
308714261,75.1618,32.6195,525,28665,0.203975,0.11,1,4077385,4076860,525
308717181,44.4647,72.4478,450,28739,0.23159,0.13,1,4077409,4076959,450
308720101,44.7859,41.5791,474,28813,0.266636,0.19,1,4077454,4076980,474
308723021,59.9144,45.4316,496,28886,0.268654,0.19,1,4077524,4077028,496
308725941,55.7657,58.9727,481,28959,0.257462,0.11,1,4077577,4077096,481
308728861,23.5063,57.7891,426,29032,0.252985,0.11,1,4077579,4077153,426
308731781,46.6025,24.3156,486,29105,0.275194,0.15,1,4077641,4077155,486
308743461,46.2746,75.1617,458,29395,0.414517,0.25,1,4077843,4077385,458
308746381,46.1098,44.4647,480,29467,0.411807,0.29,1,4077889,4077409,480
308749301,59.8439,44.7859,504,29539,0.422723,0.27,1,4077958,4077454,504
308807701,61.4093,60.3519,451,30940,0.75798,0.63,2,4078852,4078401,451
308810621,58.1637,56.5407,453,31008,0.789192,0.67,2,4078908,4078455,453
308956621,43.6555,35.3167,499,34251,0.928432,1,2,4081143,4080644,499
308965381,39.106,50.8603,521,34437,0.77054,1,2,4081267,4080746,521
308968301,39.0424,55.7441,501,34498,0.770216,1,2,4081306,4080805,501
308971221,44.417,42.6976,515,34559,0.758086,1,2,4081354,4080839,515
308974141,44.7668,36.2791,528,34620,0.789235,1,2,4081399,4080871,528
308977061,42.5067,51.7116,507,34681,0.789694,1,2,4081440,4080933,507
308979981,35.0027,42.8846,500,34742,0.765878,0.98,2,4081470,4080970,500
308982901,52.4011,33.3539,537,34803,0.756351,1,2,4081534,4080997,537
308985821,39.5604,52.3415,503,34864,0.75254,0.93,2,4081565,4081062,503
308988741,41.0242,43.1366,508,34925,0.775016,0.91,2,4081607,4081099,508
308991661,37.4097,43.6546,499,34986,0.772006,0.87,2,4081642,4081143,499
309000421,38.7782,39.1059,499,35166,0.921328,0.77,2,4081766,4081267,499
309003341,44.3113,39.0424,508,35226,0.914531,0.75,2,4081814,4081306,508
309006261,42.9245,44.4169,502,35286,0.923813,0.81,2,4081856,4081354,502
309146421,48.147,39.3542,535,38056,0.94,1,2,4083764,4083229,535
309152261,37.9435,50.5767,505,38167,0.9364,1,2,4083839,4083334,505
309158101,46.151,52.4923,523,38277,0.799024,1,2,4083949,4083426,523
309161021,37.0604,41.3969,520,38332,0.75761,1,2,4083980,4083460,520
309163941,35.8242,37.5588,520,38387,0.765044,1,2,4084015,4083495,520
309190221,29.8427,37.9435,467,38880,0.783245,0.83,2,4084306,4083839,467
309193141,53.9371,58.3774,465,38934,0.787298,0.75,2,4084376,4083911,465
309198981,36.4699,37.0604,464,39042,0.794368,0.77,2,4084444,4083980,464
309234021,42.5783,43.1748,458,39687,0.914176,0.83,2,4084870,4084412,458
309236941,38.0313,36.4699,461,39740,0.92367,0.81,2,4084905,4084444,461
309385861,27.0175,31.5231,504,42364,0.946,1,2,4086695,4086191,504
309391701,39.1228,42.9637,488,42464,0.92296,1,2,4086783,4086295,488
309394621,36.0491,33.3855,495,42514,0.939184,1,2,4086817,4086322,495
309406301,21.9037,27.8835,483,42713,0.929659,1,2,4086940,4086457,483
309423821,29.8628,33.0437,474,43007,0.919416,1,2,4087146,4086672,474
309426741,23.9451,13.2175,494,43056,0.901766,0.91,2,4087166,4086672,494
309429661,38.378,19.087,519,43105,0.906706,0.99,2,4087214,4086695,519
309432581,37.5512,37.6348,506,43154,0.908683,0.89,2,4087251,4086745,506
309435501,36.0205,37.8539,503,43203,0.909473,0.95,2,4087286,4086783,503
309438421,39.6082,35.5416,511,43252,0.909789,0.99,2,4087328,4086817,511
309441341,36.2433,39.4166,503,43301,0.921916,0.95,2,4087362,4086859,503
309444261,31.2973,35.5667,498,43350,0.926766,0.96,2,4087390,4086892,498
309447181,22.7189,35.2267,480,43399,0.916707,0.91,2,4087407,4086927,480
309450101,41.4876,21.8907,521,43448,0.948683,0.97,2,4087461,4086940,521
309453021,35.795,41.1563,499,43497,0.949473,1,2,4087493,4086994,499
309599021,35.3894,32.952,503,45857,0.901791,1,2,4089134,4088631,503
309607781,29.2889,13.3409,525,45995,0.754915,1,2,4089222,4088697,525
309622381,32.3073,31.3491,516,46225,0.444789,1,1,4089377,4088861,516
309634061,38.3343,37.0809,512,46408,0.272075,0.95,1,4089519,4089007,512
309636981,25.5337,35.8324,494,46453,0.25883,0.96,1,4089536,4089042,494
309639901,28.2135,26.9329,503,46498,0.277532,0.99,1,4089566,4089063,503
309642821,32.8854,29.9732,507,46543,0.237013,0.85,1,4089602,4089095,507
309645741,29.9542,35.3893,496,46588,0.256805,0.85,1,4089630,4089134,496
309648661,24.5817,34.5557,483,46633,0.252722,0.79,1,4089651,4089168,483
309651581,26.0327,28.2223,486,46678,0.275089,0.71,1,4089678,4089192,486
309672021,33.2672,32.7229,474,46993,0.427177,0.33,1,4089884,4089410,474
309736261,30.9965,30.6067,447,47970,0.784059,0.51,2,4090511,4090064,447
309739181,23.1986,24.2427,445,48014,0.787624,0.49,2,4090529,4090084,445
309780061,34.3602,32.4911,460,48626,0.904773,0.81,2,4090941,4090481,460
309782981,32.3441,30.9965,461,48669,0.907909,0.79,2,4090972,4090511,461
309785901,23.7376,23.1986,461,48712,0.909164,0.81,2,4090990,4090529,461
309788821,28.6951,27.8794,462,48755,0.933665,0.81,2,4091022,4090560,462
309791741,12.678,12.3518,462,48798,0.919466,0.81,2,4091024,4090562,462
309794661,21.2712,21.7407,461,48841,0.937786,0.81,2,4091051,4090590,461
310012201,89.9885,97.7792,505,24353,0.091696,1,1,4093379,4092874,505
310015121,65.3954,78.1117,489,24440,0.0666784,0.83,1,4093428,4092939,489
310018041,45.3582,56.4447,479,24527,0.0686714,0.63,1,4093460,4092981,479
310020961,66.7433,57.9779,501,24613,0.0694685,0.43,1,4093541,4093040,501
310023881,31.4973,63.9911,441,24699,0.0937874,0.33,1,4093549,4093108,441
310035561,70.1711,71.8622,428,25041,0.200113,0.05,1,4093807,4093379,428
310038481,55.6685,58.1449,425,25126,0.242045,0.07,1,4093853,4093428,425
310041401,41.4674,42.4579,425,25210,0.234818,0.07,1,4093885,4093460,425
310044321,65.187,65.5832,425,25294,0.255927,0.11,1,4093966,4093541,425
310047241,31.4748,31.0333,426,25378,0.276371,0.13,1,4093975,4093549,426
310050161,23.9899,22.6133,428,25461,0.272548,0.13,1,4093994,4093566,428
310053081,71.396,9.04532,531,25544,0.259019,0.17,1,4094097,4093566,531
310056001,69.3584,64.8181,497,25627,0.277608,0.21,1,4094165,4093668,497
310067681,65.9228,41.3265,515,25956,0.444819,0.27,1,4094400,4093885,515
310111481,57.8192,59.7893,451,27154,0.75701,0.59,2,4095178,4094727,451
310114401,42.9277,44.3157,450,27232,0.752804,0.59,2,4095211,4094761,450
310117321,68.7711,68.7263,451,27310,0.775122,0.59,2,4095297,4094846,451
310123161,24.9234,24.3162,452,27465,0.797219,0.69,2,4095325,4094873,452
310129001,31.1077,30.0506,456,27619,0.932755,0.75,2,4095435,4094979,456
310245801,52.015,55.1194,491,30534,0.933386,1,2,4097534,4097043,491
310254561,64.121,62.3516,495,30741,0.926857,1,2,4097676,4097181,495
310257481,44.2484,41.1407,499,30810,0.928743,1,2,4097707,4097208,499
310275001,46.2904,52.015,471,31220,0.797357,0.97,2,4098005,4097534,471
310277921,35.3162,37.006,472,31288,0.756943,0.97,2,4098033,4097561,472
310289601,35.1473,42.8274,497,31557,0.756034,0.87,2,4098204,4097707,497
310304201,44.4911,70.7115,488,31891,0.91067,0.79,2,4098463,4097975,488
310307121,33.3964,46.2846,484,31957,0.934268,0.73,2,4098489,4098005,484
310426841,60.4986,37.6144,551,34566,0.9352,1,2,4100319,4099768,551
310429761,56.5994,69.0458,515,34627,0.90808,1,2,4100373,4099858,515
310447281,34.5484,35.4693,513,34993,0.231007,1,1,4100594,4100081,513
310456041,33.8911,38.366,509,35173,0.0865445,1,1,4100714,4100205,509
310458961,57.9564,38.7464,544,35233,0.0646178,0.9,1,4100788,4100244,544
310461881,50.7826,60.4986,515,35293,0.0558471,0.89,1,4100834,4100319,515
310464801,35.313,56.5994,486,35353,0.0523388,0.77,1,4100859,4100373,486
310467721,35.7252,41.2398,491,35413,0.0509355,0.63,1,4100895,4100404,491
310470641,40.6901,42.2959,492,35473,0.0623742,0.55,1,4100939,4100447,492
310473561,34.876,43.3184,479,35533,0.0909497,0.41,1,4100970,4100491,479
310476481,29.5504,38.9273,469,35592,0.0783799,0.21,1,4100996,4100527,469
310479401,29.2202,35.3709,465,35651,0.085352,0.17,1,4101025,4100560,465
310482321,12.8881,34.5484,433,35710,0.0881408,0.11,1,4101027,4100594,433
310499841,34.4233,35.313,423,36064,0.0847738,0.05,1,4101282,4100859,423
310502761,35.3693,35.7252,423,36123,0.0759095,0.07,1,4101318,4100895,423
310520281,36.0848,37.5552,427,36472,0.235782,0.17,1,4101508,4101081,427
310523201,31.8339,31.2221,429,36530,0.256313,0.15,1,4101537,4101108,429
310526121,27.7336,30.4888,424,36588,0.252525,0.07,1,4101562,4101138,424
310529041,54.2934,55.3955,424,36646,0.23901,0.11,1,4101634,4101210,424
310531961,51.7174,51.5582,425,36704,0.269604,0.07,1,4101684,4101259,425
310534881,34.4869,34.4233,425,36762,0.269842,0.07,1,4101707,4101282,425
310537801,35.3948,35.3693,425,36819,0.293937,0.13,1,4101743,4101318,425
310540721,42.3579,41.7477,426,36876,0.291575,0.15,1,4101790,4101364,426
310552401,14.438,13.7119,431,37104,0.294648,0.27,1,4101888,4101457,431
310555321,37.5752,36.0848,433,37161,0.291859,0.27,1,4101941,4101508,433
310569921,35.5572,51.1631,457,37446,0.414454,0.27,1,4102141,4101684,457
310572841,37.0229,34.2652,472,37502,0.447782,0.31,1,4102179,4101707,472
310645841,38.1834,38.6898,449,38886,0.76592,0.53,2,4103072,4102623,449
310648761,43.4734,43.6759,449,38940,0.792368,0.59,2,4103119,4102670,449
310669201,29.1639,28.3495,456,39318,0.900237,0.69,2,4103335,4102879,456
310675041,47.1462,47.6159,455,39426,0.903638,0.69,2,4103407,4102952,455
310677961,53.0585,52.6464,456,39480,0.943455,0.71,2,4103464,4103008,456
310850241,31.4164,31.6658,490,42518,0.774183,0.96,2,4105573,4105083,490
310853161,25.7665,32.4663,479,42568,0.759673,1,2,4105595,4105116,479
310864841,30.4004,33.1591,475,42766,0.774728,1,2,4105717,4105242,475
310867761,36.1602,34.8637,479,42815,0.759891,0.95,2,4105757,4105278,479
310870681,24.6641,31.3455,467,42864,0.777956,0.83,2,4105774,4105307,467
310873601,45.8656,50.3382,464,42913,0.797183,0.91,2,4105834,4105370,464
310876521,38.1463,40.5353,463,42962,0.768873,0.85,2,4105867,4105404,463
310879441,33.2585,36.0141,460,43011,0.781549,0.85,2,4105897,4105437,460
310882361,25.9034,14.4056,481,43060,0.79862,0.85,2,4105918,4105437,481
310905721,31.2859,21.9869,496,43452,0.929564,0.81,2,4106177,4105681,496
310908641,33.5144,30.3948,495,43501,0.929826,0.75,2,4106212,4105717,495
311098441,35.2177,36.5917,511,46546,0.91,1,2,4108342,4107831,511
311101361,30.8871,33.2367,508,46591,0.934,1,2,4108370,4107862,508
311104281,29.1548,31.8947,505,46636,0.9316,1,2,4108398,4107893,505
311110121,29.6248,30.3031,510,46726,0.781456,1,2,4108457,4107947,510
311118881,34.056,33.6434,514,46861,0.430413,1,1,4108561,4108047,514
311124721,32.569,28.0629,519,46951,0.218866,1,1,4108623,4108104,519
311130561,33.171,29.4501,524,47041,0.0614186,1,1,4108687,4108163,524
311133481,28.8684,39.38,504,47086,0.0425674,1,1,4108713,4108209,504
311136401,30.7474,33.152,507,47131,0.047027,1,1,4108745,4108238,507
311139321,33.2989,34.8608,506,47176,0.0368108,1,1,4108780,4108274,506
311142241,30.1196,32.5443,503,47221,0.0807243,0.85,1,4108808,4108305,503
311145161,31.2478,35.2177,498,47266,0.0622897,0.95,1,4108840,4108342,498
311148081,25.6991,30.8871,492,47311,0.0669159,0.93,1,4108862,4108370,492
311151001,21.6797,29.1548,483,47356,0.0927664,0.81,1,4108881,4108398,483
311177281,36.2481,33.171,429,47753,0.086214,0.03,1,4109116,4108687,429
311180201,27.0992,28.8684,424,47797,0.0404856,0.05,1,4109137,4108713,424
311183121,29.4397,30.7474,423,47841,0.0581942,0.03,1,4109168,4108745,423
311186041,33.3759,33.2989,424,47885,0.0412777,0.11,1,4109204,4108780,424
311188961,31.3504,30.1196,426,47929,0.0465111,0.05,1,4109234,4108808,426
311191881,31.1401,31.2478,425,47973,0.0606044,0.07,1,4109265,4108840,425
311194801,27.4561,25.6991,428,48017,0.0902418,0.11,1,4109290,4108862,428
311197721,21.7824,21.6797,427,48061,0.0780967,0.11,1,4109308,4108881,427
311200641,9.91297,9.87186,427,48105,0.0732387,0.13,1,4109310,4108883,427
311203561,20.1652,21.3487,425,48149,0.0832955,0.13,1,4109337,4108912,425
311221081,26.3931,27.6202,425,48413,0.212588,0.05,1,4109499,4109074,425
311238601,31.5439,31.1401,423,48672,0.0740592,0.11,1,4109688,4109265,423
311241521,28.8176,27.4561,425,48715,0.0956237,0.07,1,4109715,4109290,425
311247361,10.1308,9.91297,425,48801,0.0836998,0.09,1,4109735,4109310,425
311250281,20.8523,20.1652,426,48844,0.0874799,0.09,1,4109763,4109337,426
311270721,33.6813,26.3436,468,49145,0.21537,0.17,1,4109967,4109499,468
311273641,23.6725,33.9374,446,49188,0.212148,0.15,1,4109984,4109538,446
311276561,31.669,26.175,462,49231,0.234859,0.15,1,4110021,4109559,462
311279481,29.4676,30.87,456,49274,0.255944,0.13,1,4110049,4109593,456
311282401,29.787,32.148,453,49317,0.264377,0.09,1,4110079,4109626,453
311285321,31.7148,30.8592,456,49360,0.267751,0.05,1,4110112,4109656,456
311288241,28.8859,31.5437,451,49403,0.2811,0.11,1,4110139,4109688,451
311329121,30.8043,29.4676,465,49995,0.404805,0.27,1,4110514,4110049,465
311332041,31.5217,29.787,467,50037,0.407922,0.27,1,4110546,4110079,467
311340801,10.8014,22.3544,440,50163,0.415147,0.33,1,4110597,4110157,440
311343721,22.3206,10.1417,468,50205,0.400059,0.35,1,4110627,4110159,468
311346641,29.9282,22.0567,473,50247,0.430024,0.37,1,4110662,4110189,473
311422561,33.2912,32.7832,448,51326,0.757074,0.59,2,4111343,4110895,448
311425481,32.5165,31.1133,450,51367,0.76483,0.55,2,4111375,4110925,450
311428401,31.0066,31.0453,449,51408,0.779932,0.59,2,4111405,4110956,449
311431321,31.6026,31.6181,449,51449,0.785973,0.55,2,4111437,4110988,449
311460521,27.3438,16.858,485,51859,0.904089,0.73,2,4111675,4111190,485
311463441,28.9375,24.7432,485,51900,0.931636,0.75,2,4111705,4111220,485
311656161,28.6159,24.688,510,54512,0.902739,1,2,4113536,4113026,510
311717481,160.447,164.828,476,25633,0.212095,0.75,1,4114121,4113645,476
311737921,34.1061,39.2772,442,26206,0.204056,0.07,1,4114471,4114029,442
311740841,59.8424,34.3109,488,26287,0.219622,0.09,1,4114548,4114060,488
311743761,65.337,50.3244,496,26368,0.249849,0.09,1,4114617,4114121,496
311746681,50.7348,60.3297,470,26448,0.27394,0.19,1,4114658,4114188,470
311749601,62.2939,49.3319,498,26528,0.295576,0.15,1,4114728,4114230,498
311752521,45.9176,60.5328,465,26608,0.26823,0.19,1,4114763,4114298,465
311755441,53.167,45.2131,488,26688,0.257292,0.17,1,4114821,4114333,488
311758361,60.2668,52.2852,496,26767,0.252917,0.21,1,4114886,4114390,496
311761281,33.7067,59.3141,448,26846,0.251167,0.21,1,4114902,4114454,448
311764201,14.6827,33.9256,433,26925,0.250467,0.23,1,4114904,4114471,433
311778801,44.3315,45.9157,434,27316,0.409768,0.25,1,4115197,4114763,434
311781721,53.1326,53.1663,435,27394,0.433907,0.25,1,4115256,4114821,435
311808001,55.4118,53.1326,444,28082,0.795169,0.51,2,4115700,4115256,444
311959841,43.0031,23.6623,550,31764,0.946,1,2,4118234,4117684,550
311974441,36.689,38.4033,511,32095,0.286791,1,1,4118469,4117958,511
311983201,42.9321,63.2978,498,32293,0.0507546,1,1,4118621,4118123,498
311986121,37.5728,44.5191,500,32359,0.0623019,1,1,4118655,4118155,500
311989041,40.8291,37.0076,511,32424,0.0549207,0.91,1,4118698,4118187,511
311991961,57.7317,43.0031,533,32489,0.0759683,0.55,1,4118767,4118234,533
311994881,40.4927,67.6012,478,32554,0.0303873,0.49,1,4118796,4118318,478
311997801,34.7971,48.6405,473,32619,0.0781549,0.39,1,4118827,4118354,473
312000721,37.3188,41.0562,476,32684,0.037262,0.31,1,4118866,4118390,476
312003641,31.7275,45.2225,456,32749,0.0689048,0.23,1,4118894,4118438,456
312006561,13.891,36.689,427,32814,0.0815619,0.05,1,4118896,4118469,427
312009481,33.7564,44.0756,425,32878,0.0746248,0.09,1,4118943,4118518,425
312012401,56.7026,60.8302,425,32942,0.0598499,0.01,1,4119015,4118590,425
312015321,40.681,42.9321,424,33006,0.05394,0.07,1,4119045,4118621,424
312018241,37.8724,37.5728,426,33070,0.063576,0.05,1,4119081,4118655,426
312024081,58.2596,57.7317,425,33198,0.0953722,0,1,4119192,4118767,425
312027001,38.9038,40.4927,422,33262,0.0441489,0.11,1,4119218,4118796,422
312029921,37.1615,34.7971,427,33326,0.0596595,0.01,1,4119254,4118827,427
312032841,35.2646,37.3188,422,33389,0.0298638,0.09,1,4119288,4118866,422
312035761,32.1058,31.7275,424,33452,0.0779455,0.09,1,4119318,4118894,424
312050361,38.4763,37.8724,425,33767,0.215867,0.13,1,4119506,4119081,425
312053281,39.9905,39.149,426,33830,0.236347,0.09,1,4119547,4119121,426
312056201,57.3962,58.2596,424,33893,0.268539,0.01,1,4119616,4119192,424
312059121,37.9585,38.9038,423,33955,0.293415,0.07,1,4119641,4119218,423
312079561,42.3525,48.6107,460,34389,0.415195,0.19,1,4119899,4119439,460
312082481,39.741,37.4443,468,34450,0.448078,0.25,1,4119937,4119469,468
312167161,34.6145,35.4235,451,36187,0.75267,0.59,2,4121080,4120629,451
312170081,15.0458,15.3694,451,36245,0.763068,0.59,2,4121082,4120631,451
312173001,36.6183,36.7478,451,36303,0.755227,0.59,2,4121133,4120682,451
312184681,37.3694,37.9727,450,36535,0.922262,0.63,2,4121286,4120836,450
312187601,40.7478,40.3891,451,36593,0.914905,0.69,2,4121329,4120878,451
312295641,29.5329,35.1956,499,38672,0.9436,1,2,4122762,4122263,499
312298561,49.6132,61.4782,483,38727,0.93544,1,2,4122825,4122342,483
312307321,36.9672,38.0866,489,38890,0.949548,1,2,4122937,4122448,489
312339441,41.5075,42.0453,474,39484,0.439631,0.99,1,4123336,4122862,474
312342361,40.603,41.4181,473,39537,0.421853,0.93,1,4123376,4122903,473
312348201,30.1365,33.3869,466,39643,0.414296,0.83,1,4123434,4122968,466
312351121,23.4546,26.5548,463,39696,0.423719,0.79,1,4123453,4122990,463
312354041,29.7818,31.0219,463,39749,0.415487,0.69,1,4123487,4123024,463
312356961,48.5127,56.8088,450,39802,0.436195,0.55,1,4123548,4123098,450
312418281,41.4743,38.39,489,40902,0.752594,0.53,2,4124263,4123774,489
312421201,33.3897,40.556,475,40954,0.763038,0.53,2,4124291,4123816,475
312424121,31.9559,33.0224,478,41006,0.779215,0.53,2,4124322,4123844,478
312427041,25.3824,30.609,470,41057,0.773686,0.59,2,4124343,4123873,470
312432881,51.7012,31.2974,515,41159,0.76099,0.65,2,4124444,4123929,515
312435801,39.8805,49.719,485,41210,0.766396,0.65,2,4124476,4123991,485
312438721,36.3522,39.0876,487,41261,0.780558,0.67,2,4124510,4124023,487
312441641,28.9409,35.435,478,41312,0.786223,0.65,2,4124534,4124056,478
312444561,25.9763,27.974,479,41363,0.764489,0.69,2,4124558,4124079,479
312459161,33.5444,41.4743,460,41618,0.761841,0.77,2,4124723,4124263,460
312462081,30.8178,33.3897,461,41669,0.754736,0.79,2,4124752,4124291,461
312465001,30.9271,31.9559,461,41720,0.799895,0.77,2,4124783,4124322,461
312479601,37.0415,36.3522,461,41972,0.90246,0.79,2,4124971,4124510,461
312482521,28.0166,28.9409,459,42022,0.906984,0.75,2,4124993,4124534,459
312485441,25.6066,25.9763,459,42072,0.908794,0.73,2,4125017,4124558,459
312488361,28.2427,28.3905,459,42122,0.933517,0.75,2,4125047,4124588,459
312491281,43.6971,43.7562,459,42172,0.931407,0.75,2,4125101,4124642,459
312637281,15.6697,25.5089,505,44605,0.9376,1,2,4126746,4126241,505
312841681,26.7898,33.2399,508,47800,0.927967,1,2,4129011,4128503,508
312862121,31.1965,34.3478,497,48108,0.782778,0.99,2,4129237,4128740,497
312876721,29.3902,33.0397,482,48328,0.417734,1,1,4129369,4128887,482
312888401,20.37,26.7898,477,48503,0.295382,1,1,4129488,4129011,477
312891321,23.148,27.5159,474,48546,0.268153,1,1,4129513,4129039,474
312894241,32.0592,35.0064,472,48589,0.245261,1,1,4129551,4129079,472
312897161,30.8237,33.8025,469,48632,0.200104,0.99,1,4129581,4129112,469
312900081,27.3295,30.321,466,48675,0.230042,0.83,1,4129606,4129140,466
312903001,25.9318,30.7284,460,48718,0.218017,0.79,1,4129631,4129171,460
312908841,26.4691,31.1965,451,48804,0.225683,0.59,1,4129688,4129237,451
312911761,23.1876,25.6786,450,48847,0.228273,0.59,1,4129709,4129259,450
312914681,11.0751,10.2714,453,48890,0.217309,0.59,1,4129712,4129259,453
312917601,26.03,8.30858,482,48933,0.248924,0.55,1,4129748,4129266,482
312920521,30.812,26.7234,477,48976,0.249569,0.43,1,4129782,4129305,477
312923441,26.7248,33.4894,463,49019,0.273828,0.37,1,4129806,4129343,463
312926361,34.0899,28.9957,476,49062,0.223531,0.37,1,4129845,4129369,476
312929281,33.436,37.9983,465,49105,0.227412,0.33,1,4129878,4129413,465
312932201,30.7744,34.9993,461,49148,0.240965,0.37,1,4129907,4129446,461
312935121,19.5098,31.3997,444,49191,0.258386,0.25,1,4129919,4129475,444
312938041,22.2039,20.3599,455,49234,0.241354,0.25,1,4129943,4129488,455
312940961,33.4816,23.144,471,49277,0.270542,0.23,1,4129984,4129513,471
312943881,30.1926,32.0576,461,49320,0.282217,0.17,1,4130012,4129551,461
312946801,27.0771,30.823,456,49363,0.298887,0.25,1,4130037,4129581,456
312958481,22.5812,26.4691,451,49535,0.414931,0.23,1,4130139,4129688,451
312961401,11.4325,23.1876,434,49578,0.423973,0.21,1,4130143,4129709,434
313069441,25.0259,25.0282,445,51123,0.760687,0.49,2,4131131,4130686,445
313072361,32.8104,32.2113,446,51164,0.778275,0.53,2,4131169,4130723,446
313075281,33.5241,33.2845,446,51205,0.79731,0.57,2,4131203,4130757,446
313078201,33.2097,31.9138,448,51246,0.792924,0.53,2,4131236,4130788,448
313081121,20.4839,19.9655,448,51287,0.76717,0.55,2,4131248,4130800,448
313084041,23.1935,22.9862,448,51328,0.780868,0.57,2,4131273,4130825,448
313086961,34.4774,34.3945,448,51369,0.786347,0.55,2,4131315,4130867,448
313101561,28.3735,27.3445,454,51574,0.914705,0.75,2,4131460,4131006,454
313104481,25.1494,22.9378,457,51615,0.935882,0.71,2,4131483,4131026,457
313107401,12.4598,11.5751,457,51656,0.944353,0.73,2,4131487,4131030,457
313317641,346.022,342.871,508,24820,0.7708,1,2,4133524,4133016,508
313323481,102.524,89.6594,525,24990,0.760528,0.98,2,4133626,4133101,525
313326401,78.8094,91.0637,496,25075,0.754211,1,2,4133689,4133193,496
313335161,71.1638,71.6361,503,25328,0.754589,0.69,2,4133894,4133391,503
313338081,43.4655,64.6544,468,25412,0.787836,0.65,2,4133919,4133451,468
313341001,38.3862,46.2618,469,25495,0.789134,0.63,2,4133954,4133485,469
313349761,63.3207,53.8648,521,25744,0.940185,0.75,2,4134147,4133626,521
313463641,51.1857,71.4589,511,28780,0.753257,1,2,4136294,4135783,511
313495761,47.9568,47.4743,506,29579,0.767717,0.69,2,4136845,4136339,506
313498681,52.7827,52.5897,506,29651,0.769087,0.71,2,4136901,4136395,506
313501601,34.9131,49.8359,481,29722,0.793635,0.71,2,4136924,4136443,481
313504521,36.1652,35.5344,492,29793,0.779454,0.67,2,4136961,4136469,492
313507441,15.6661,35.8137,458,29864,0.773782,0.67,2,4136963,4136505,458
313516201,68.2026,68.7001,458,30077,0.904642,0.71,2,4137174,4136716,458
313656361,32.8939,25.5986,506,33286,0.9052,1,2,4139380,4138874,506
313676801,48.1689,47.4186,486,33728,0.253648,1,1,4139689,4139203,486
313682641,42.267,46.587,475,33854,0.0585836,0.83,1,4139788,4139313,475
313685561,35.5068,43.2348,465,33916,0.0294335,0.91,1,4139819,4139354,465
313688481,31.6027,32.8939,468,33978,0.0297734,0.81,1,4139848,4139380,468
313691401,33.6411,37.1576,463,34040,0.0299094,0.67,1,4139883,4139420,463
313694321,26.6564,33.463,454,34102,0.0299637,0.51,1,4139905,4139451,454
313697241,29.2626,33.7852,451,34164,0.0179855,0.41,1,4139936,4139485,451
313700161,35.705,40.5141,446,34226,0.0371942,0.41,1,4139976,4139530,446
313703081,44.882,16.2056,497,34288,0.0208777,0.33,1,4140027,4139530,497
313706001,49.1528,43.0823,488,34350,0.0503511,0.27,1,4140079,4139591,488
313711841,54.4244,46.6132,491,34473,0.0740562,0.05,1,4140180,4139689,491
313714761,39.7698,60.0453,452,34534,0.0596225,0.01,1,4140210,4139758,452
313717681,33.9079,42.0181,452,34595,0.041849,0.01,1,4140240,4139788,452
313720601,30.9632,35.4072,450,34656,0.0587396,0.03,1,4140269,4139819,450
313723521,33.3853,31.5629,456,34717,0.0654958,0.03,1,4140304,4139848,456
313726441,27.1541,33.6252,444,34778,0.0441983,0.03,1,4140327,4139883,444
313729361,28.8616,26.6501,452,34839,0.0476793,0.01,1,4140357,4139905,452
313732281,37.3447,29.26,464,34900,0.0490717,0.05,1,4140400,4139936,464
313735201,46.1379,35.704,476,34961,0.0376287,0.01,1,4140452,4139976,476
313738121,49.6551,44.8816,477,35021,0.0690515,0.07,1,4140504,4140027,477
313741041,44.4621,49.1526,466,35081,0.0696206,0.15,1,4140545,4140079,466
313743961,53.7848,43.0611,487,35141,0.0938482,0.05,1,4140605,4140118,487
313749801,32.9656,39.7698,453,35261,0.0714157,0.03,1,4140663,4140210,453
313752721,31.1862,33.9079,453,35321,0.0585663,0.07,1,4140693,4140240,453
313755641,32.2745,30.9632,457,35381,0.0534265,0.07,1,4140726,4140269,457
313758561,26.7098,33.3853,445,35441,0.0393706,0.03,1,4140749,4140304,445
313761481,28.6839,27.1541,452,35501,0.0337482,0.05,1,4140779,4140327,452
313764401,38.4736,28.8616,467,35561,0.0194993,0.05,1,4140824,4140357,467
313767321,45.3894,37.3447,474,35620,0.0137997,0.03,1,4140874,4140400,474
313770241,49.9558,46.1379,475,35679,0.0235199,0.09,1,4140927,4140452,475
313773161,21.1823,49.6551,425,35738,0.027408,0.07,1,4140929,4140504,425
313776081,33.6729,44.4621,426,35797,0.0649632,0.11,1,4140971,4140545,426
313816961,38.405,37.0677,429,36615,0.209751,0.15,1,4141490,4141061,429
313819881,31.562,30.4271,430,36673,0.2459,0.17,1,4141517,4141087,430
313822801,30.6248,30.1708,430,36731,0.27236,0.17,1,4141547,4141117,430
313825721,32.0499,31.8683,430,36789,0.294944,0.21,1,4141580,4141150,430
313828641,26.02,25.9473,430,36846,0.279978,0.13,1,4141602,4141172,430
313831561,27.208,28.3789,428,36903,0.297991,0.15,1,4141630,4141202,428
313849081,53.3461,13.5125,494,37245,0.418527,0.21,1,4141890,4141396,494
313852001,40.5385,44.405,461,37302,0.449411,0.23,1,4141922,4141461,461
313927921,30.7124,34.3494,452,38748,0.756796,0.63,2,4142846,4142394,452
313933761,33.594,33.3359,454,38857,0.770287,0.63,2,4142913,4142459,454
313939601,28.655,28.2537,454,38965,0.796446,0.67,2,4142965,4142511,454
313942521,42.062,41.3015,455,39019,0.780578,0.65,2,4143016,4142561,455
313960041,23.3912,23.2023,456,39343,0.913414,0.77,2,4143239,4142783,456
313962961,29.1565,27.2809,459,39397,0.947365,0.77,2,4143272,4142813,459
314079761,27.0442,27.3451,508,41486,0.945539,1,2,4144722,4144214,508
314306061,313.111,339.233,475,20440,0.418,0.93,1,4147352,4146877,475
314311901,120.298,125.797,480,20647,0.09208,0.45,1,4147517,4147037,480
314314821,76.9191,88.7189,464,20750,0.054832,0.13,1,4147565,4147101,464
314317741,79.9676,86.4876,461,20852,0.0639328,0,1,4147647,4147186,461
314320661,81.7871,78.995,470,20954,0.0675731,0.01,1,4147730,4147260,470
314323581,48.3148,68.198,435,21055,0.0330292,0.01,1,4147756,4147321,435
314326501,30.7259,41.6792,430,21156,0.0552117,0.03,1,4147775,4147345,430
314332341,75.7161,78.5487,424,21356,0.0916339,0.03,1,4147941,4147517,424
314335261,58.4865,60.2195,423,21455,0.0666535,0.07,1,4147988,4147565,423
314341101,78.8378,79.1151,423,21652,0.0934646,0.01,1,4148153,4147730,423
314344021,48.9351,47.246,426,21750,0.0793858,0.07,1,4148182,4147756,426
314346941,32.1741,30.2984,428,21848,0.0497543,0.17,1,4148203,4147775,428
314349861,59.6696,60.1194,426,21945,0.0619017,0.07,1,4148281,4147855,426
314352781,74.8679,75.6477,425,22042,0.0907607,0.05,1,4148366,4147941,425
314379061,74.3907,56.3116,511,22893,0.238844,0.13,1,4148923,4148412,511
314381981,76.5563,72.9247,505,22986,0.281537,0.09,1,4149001,4148496,505
314384901,47.4225,77.1699,453,23078,0.298615,0.13,1,4149029,4148576,453
314393661,80.051,59.4669,520,23352,0.404311,0.19,1,4149223,4148703,520
314396581,59.6204,77.1867,477,23443,0.443725,0.21,1,4149269,4148792,477
314460821,82.7109,82.62,456,25356,0.916144,0.69,2,4150571,4150115,456
314463741,34.2844,34.248,456,25440,0.936458,0.69,2,4150573,4150117,456
314466661,43.7137,13.6992,506,25523,0.944583,0.75,2,4150623,4150117,506
314565941,43.4176,39.6076,494,28207,0.93304,1,2,4152555,4152061,494
314571781,53.5068,46.0572,497,28357,0.920886,1,2,4152674,4152177,497
314583461,56.8386,34.1071,547,28654,0.791719,1,2,4152854,4152307,547
314592221,41.3417,57.4309,500,28876,0.91347,0.91,2,4153021,4152521,500
314598061,52.5747,58.7489,515,29022,0.917755,0.95,2,4153139,4152624,515
314600981,49.8299,53.4996,513,29095,0.925102,0.81,2,4153187,4152674,513
314603901,31.3319,52.5998,480,29168,0.916041,0.79,2,4153206,4152726,480
314717781,46.6458,46.5469,517,31877,0.915386,1,2,4155136,4154619,517
314723621,37.4633,36.1275,515,32009,0.795662,1,2,4155204,4154689,515
314749901,32.2793,46.6458,490,32599,0.270327,0.83,1,4155626,4155136,490
314752821,33.3117,36.6583,494,32664,0.270131,0.75,1,4155660,4155166,494
314758661,13.2499,34.1853,454,32794,0.296421,0.67,1,4155690,4155236,454
314767421,40.496,45.0279,444,32986,0.409451,0.45,1,4155845,4155401,444
314773261,59.7594,66.3645,433,33114,0.429112,0.29,1,4155956,4155523,433
314837501,61.3978,39.9961,523,34493,0.754832,0.63,2,4156850,4156327,523
314840421,47.3591,59.7985,488,34554,0.799933,0.63,2,4156888,4156400,488
314852101,31.4572,35.462,479,34798,0.914574,0.61,2,4157022,4156543,479
314855021,13.7829,30.9848,453,34859,0.92383,0.65,2,4157024,4156571,453
314857941,50.5132,13.5939,526,34920,0.903532,0.71,2,4157099,4156573,526
314860861,53.8053,48.0376,511,34981,0.919413,0.71,2,4157155,4156644,511
314863781,43.7221,52.215,493,35041,0.925765,0.71,2,4157192,4156699,493
314866701,42.0888,42.486,498,35101,0.916306,0.75,2,4157233,4156735,498
314869621,62.4355,40.9944,534,35161,0.912522,0.77,2,4157309,4156775,534
314872541,50.1742,61.3978,501,35221,0.911009,0.83,2,4157351,4156850,501
314875461,46.4697,47.3591,507,35281,0.946404,0.89,2,4157395,4156888,507
314989341,34.3692,40.2464,507,37548,0.921616,0.95,2,4158926,4158419,507
314992261,28.1477,32.2986,504,37604,0.938646,1,2,4158950,4158446,504
314995181,40.0591,20.7194,539,37660,0.921458,1,2,4158998,4158459,539
315047741,14.5727,35.1104,451,38658,0.756293,0.63,2,4159643,4159192,451
315071101,46.7462,46.3062,453,39092,0.929274,0.65,2,4159969,4159516,453
315074021,37.8985,37.1225,454,39146,0.94171,0.65,2,4160001,4159547,454
315076941,34.3594,33.449,455,39200,0.922684,0.71,2,4160033,4159578,455
315079861,32.3438,29.5796,459,39254,0.927074,0.77,2,4160064,4159605,459
315263821,28.2129,28.6618,504,42510,0.91528,1,2,4162313,4161809,504
315269661,46.2741,42.6259,497,42610,0.764445,1,2,4162409,4161912,497
315284261,30.5775,28.0442,502,42856,0.447498,1,1,4162573,4162071,502
315301781,24.4643,29.4442,489,43150,0.444487,1,1,4162752,4162263,489
315371861,28.2231,22.4353,482,44310,0.772161,0.61,2,4163517,4163035,482
315374781,36.4892,28.7741,491,44358,0.794864,0.53,2,4163559,4163068,491
315386461,17.5613,23.6182,453,44548,0.909261,0.65,2,4163647,4163194,453
315637581,70.0686,79.3635,492,22380,0.058599,0.81,1,4166625,4166133,492
315640501,68.8274,80.3454,479,22475,0.0234396,0.85,1,4166693,4166214,479
315643421,44.931,52.5382,474,22569,0.0153758,0.71,1,4166722,4166248,474
315646341,55.1724,38.4153,507,22663,0.0361503,0.53,1,4166784,4166277,507
315649261,62.269,51.3661,514,22757,0.0804601,0.35,1,4166851,4166337,514
315652181,62.1076,67.3464,498,22850,0.0621841,0.21,1,4166913,4166415,498
315655101,69.243,69.5386,501,22943,0.0308736,0.01,1,4166987,4166486,501
315658021,63.6972,74.0154,484,23035,0.0123494,0.01,1,4167047,4166563,484
315660941,66.2789,66.8062,490,23127,0.00493978,0,1,4167115,4166625,490
315663861,43.9116,67.5225,451,23219,0.0199759,0.01,1,4167144,4166693,451
315666781,55.3646,44.409,485,23310,0.0619904,0.05,1,4167207,4166722,485
315669701,61.7459,54.9636,489,23401,0.0787961,0.11,1,4167273,4166784,489
315681381,67.1967,63.6919,491,23762,0.0547692,0,1,4167538,4167047,491
315684301,43.6787,66.2767,451,23851,0.0759077,0.03,1,4167566,4167115,451
315693061,48.6114,61.7457,426,24117,0.228778,0.13,1,4167699,4167273,426
315695981,61.4446,63.6983,431,24205,0.277511,0.21,1,4167769,4167338,431
315742701,66.7969,20.1375,514,25570,0.429841,0.35,1,4168646,4168132,514
315777741,44.4389,64.6825,477,26548,0.759497,0.53,2,4169312,4168835,477
315780661,59.7756,43.873,517,26628,0.777799,0.51,2,4169382,4168865,517
315783581,25.1102,60.1492,448,26708,0.78512,0.51,2,4169384,4168936,448
315792341,28.9671,67.5215,453,26945,0.929848,0.67,2,4169540,4169087,453
315929581,62.4787,56.9009,494,30419,0.93424,1,2,4172012,4171518,494
315941261,39.0347,43.4999,479,30696,0.910285,1,2,4172175,4171696,479
316049301,61.667,56.0847,494,33150,0.91,1,2,4173919,4173425,494
316052221,47.4668,48.2339,489,33214,0.766,1,2,4173957,4173468,489
316066821,44.9869,42.8837,486,33531,0.255898,1,1,4174184,4173698,486
316069741,44.3947,37.5535,496,33594,0.240359,1,1,4174228,4173732,496
316072661,36.3579,29.4214,503,33657,0.210144,1,1,4174259,4173756,503
316087261,31.3477,36.9867,456,33970,0.202206,0.49,1,4174443,4173987,456
316093101,35.3756,41.9179,440,34094,0.223153,0.23,1,4174523,4174083,440
316096021,46.5503,53.9671,432,34156,0.227261,0.21,1,4174577,4174145,432
316098941,41.4201,44.9869,431,34218,0.288904,0.21,1,4174615,4174184,431
316101861,42.368,17.9947,474,34280,0.277562,0.23,1,4174658,4174184,474
316104781,37.9472,33.5979,465,34342,0.297025,0.19,1,4174693,4174228,465
316131061,44.0787,46.5474,473,34892,0.403812,0.33,1,4175050,4174577,473
316133981,44.0315,41.419,479,34953,0.419525,0.27,1,4175094,4174615,479
316136901,38.6126,42.3676,471,35013,0.44981,0.31,1,4175129,4174658,471
316174861,26.0811,33.445,449,35789,0.75859,0.57,2,4175608,4175159,449
316201141,47.1047,46.0171,455,36317,0.904638,0.69,2,4175993,4175538,455
316212821,29.3339,28.4324,462,36549,0.928487,0.87,2,4176100,4175638,462
316215741,51.3336,49.173,465,36607,0.917395,0.87,2,4176166,4175701,465
316396781,328.023,343.144,478,17520,0.43,0.84,1,4178554,4178076,478
316405541,105.809,112.585,476,17881,0.0892,0,1,4178839,4178363,476
316408461,93.9238,103.834,464,18000,0.05368,0.03,1,4178925,4178461,464
316411381,54.9695,75.7336,436,18118,0.027472,0.05,1,4178954,4178518,436
316414301,35.1878,46.4935,431,18235,0.0409888,0.03,1,4178976,4178545,431
316417221,74.6751,84.5974,422,18351,0.0343955,0.07,1,4179077,4178655,422
316420141,91.07,92.639,426,18467,0.0917582,0.07,1,4179179,4178753,426
316423061,86.828,88.6556,424,18582,0.0907033,0.03,1,4179263,4178839,424
316425981,85.1312,87.0622,422,18696,0.0542813,0.01,1,4179347,4178925,422
316428901,51.4525,52.2249,422,18810,0.0397125,0.05,1,4179376,4178954,422
316431821,34.981,34.09,424,18923,0.021885,0.03,1,4179400,4178976,424
316434741,73.3924,74.236,422,19035,0.086754,0.13,1,4179499,4179077,422
316440581,87.5828,86.7578,426,19257,0.0942806,0.03,1,4179689,4179263,426
316446421,50.6132,51.4412,422,19477,0.0642849,0.01,1,4179798,4179376,422
316449341,34.6453,34.9765,422,19586,0.067714,0.01,1,4179822,4179400,422
316452261,75.0581,13.9906,524,19694,0.0690856,0.13,1,4179924,4179400,524
316455181,93.0232,64.9962,530,19802,0.0696342,0.11,1,4180029,4179499,530
316481461,49.2937,81.7215,454,20746,0.210659,0.13,1,4180646,4180192,454
316484381,35.3175,48.8886,453,20848,0.222264,0.15,1,4180672,4180219,453
316487301,79.527,34.5554,537,20950,0.274905,0.23,1,4180781,4180244,537
316490221,92.4108,76.2222,534,21051,0.295962,0.15,1,4180882,4180348,534
316501901,47.1545,49.2937,433,21451,0.400361,0.23,1,4181079,4180646,433
316507741,81.5847,79.527,437,21648,0.415658,0.31,1,4181218,4180781,437
316539861,77.9061,60.159,532,22703,0.762425,0.65,2,4181943,4181411,532
316542781,47.9624,72.0636,480,22796,0.77897,0.67,2,4181971,4181491,480
316557381,73.1622,39.8752,551,23258,0.940357,0.73,2,4182319,4181768,551
316560301,79.6649,71.7501,542,23349,0.934143,0.79,2,4182403,4181861,542
316642061,90.359,81.9266,582,25768,0.934,1,2,4184114,4183532,582
316656661,40.0558,49.6338,508,26176,0.400447,1,1,4184372,4183864,508
316662501,56.6889,33.7414,547,26338,0.218872,1,1,4184475,4183928,547
316668341,58.7502,90.3586,508,26498,0.0530194,0.87,1,4184622,4184114,508
316671261,54.1001,60.7434,518,26578,0.0272078,0.75,1,4184673,4184155,518
316674181,68.44,61.4974,534,26658,0.0528831,0.47,1,4184751,4184217,534
316677101,43.576,78.599,471,26737,0.0751532,0.39,1,4184778,4184307,471
316680021,33.6304,50.6396,466,26816,0.0840613,0.35,1,4184805,4184339,466
316682941,33.2522,40.0558,466,26895,0.0756245,0.27,1,4184838,4184372,466
316685861,14.5009,35.2223,436,26974,0.0722498,0.15,1,4184840,4184404,436
316688781,43.0003,56.6889,427,27053,0.0828999,0.05,1,4184902,4184475,427
316691701,79.6001,86.8756,424,27131,0.08716,0.01,1,4185006,4184582,424
316694621,55.2401,58.7502,423,27209,0.076864,0.01,1,4185045,4184622,423
316697541,52.696,54.1001,423,27287,0.0487456,0.07,1,4185096,4184673,423
316717981,78.2966,79.6001,424,27826,0.237374,0.07,1,4185430,4185006,424
316720901,53.5186,55.2401,422,27902,0.26895,0.03,1,4185467,4185045,422
316723821,55.0075,52.696,427,27978,0.22158,0.17,1,4185523,4185096,427
316726741,70.603,69.0784,428,28054,0.214632,0.09,1,4185604,4185176,428
316729661,43.8412,44.4314,426,28129,0.211853,0.17,1,4185630,4185204,426
316735501,33.8946,33.509,428,28279,0.200696,0.17,1,4185691,4185263,428
316738421,14.7578,14.6036,428,28354,0.218279,0.17,1,4185693,4185265,428
316741341,46.1031,5.84144,495,28429,0.213311,0.21,1,4185760,4185265,495
316744261,80.8413,40.7366,535,28503,0.259325,0.27,1,4185864,4185329,535
316755941,44.2279,70.5133,456,28799,0.402399,0.21,1,4186060,4185604,456
316758861,33.2912,43.8053,456,28873,0.418959,0.17,1,4186086,4185630,456
316761781,34.3165,33.7221,464,28946,0.449584,0.21,1,4186121,4185657,464
316817261,37.3192,35.8455,453,30305,0.76157,0.61,2,4187018,4186565,453
316820181,16.1277,15.5382,453,30375,0.766628,0.65,2,4187020,4186567,453
316828941,35.0642,34.5944,456,30584,0.911864,0.67,2,4187202,4186746,456
316831861,36.8257,37.2378,455,30653,0.910746,0.71,2,4187240,4186785,455
316834781,47.1303,46.0951,457,30722,0.922298,0.75,2,4187294,4186837,457
316945741,86.507,88.3603,478,33240,0.932464,1,2,4189094,4188616,478
316948661,49.6028,43.1441,490,33304,0.930986,1,2,4189119,4188629,490
316954501,36.6164,36.6631,487,33431,0.769358,1,2,4189183,4188696,487
316969101,36.999,33.1719,490,33746,0.42735,1,1,4189395,4188905,490
316977861,74.8719,86.507,469,33934,0.26375,0.93,1,4189563,4189094,469
316980781,43.1488,49.6028,466,33996,0.2795,0.81,1,4189585,4189119,466
316983701,32.8595,36.0411,465,34058,0.2978,0.71,1,4189611,4189146,465
316989541,33.6975,35.6466,459,34182,0.296048,0.57,1,4189677,4189218,459
317001221,33.7667,29.751,476,34430,0.405835,0.37,1,4189833,4189357,476
317004141,32.1067,34.7004,469,34491,0.420334,0.25,1,4189864,4189395,469
317071301,30.8688,34.1021,450,35874,0.754824,0.57,2,4190757,4190307,450
317077141,71.899,72.4163,450,35992,0.793972,0.59,2,4190889,4190439,450
317088821,35.1382,33.5147,454,36227,0.931318,0.67,2,4191011,4190557,454
317287381,37.0716,25.1917,515,39999,0.284326,1,1,4193679,4193164,515
317296141,35.3726,14.8603,534,40158,0.0407568,1,1,4193785,4193251,534
317299061,26.149,25.1441,522,40211,0.0943027,1,1,4193805,4193283,522
317301981,27.8596,28.6576,520,40264,0.0557211,1,1,4193834,4193314,520
317304901,26.1438,33.6631,508,40316,0.0402884,1,1,4193859,4193351,508
317307821,27.2575,35.0652,500,40368,0.0341154,1,1,4193887,4193387,500
317310741,37.303,34.4261,510,40420,0.0436461,0.94,1,4193931,4193421,510
317313661,32.3212,38.3704,498,40472,0.0354585,0.79,1,4193960,4193462,498
317316581,45.3285,39.9482,511,40524,0.0141834,0.55,1,4194014,4193503,511
317319501,38.5314,54.9793,480,40576,0.0356734,0.35,1,4194048,4193568,480
317322421,30.4126,47.1917,463,40628,0.0562693,0.29,1,4194073,4193610,463
317325341,32.565,38.6767,464,40680,0.0645077,0.23,1,4194107,4193643,464
317328261,31.626,37.0707,459,40732,0.0798031,0.11,1,4194138,4193679,459
317331181,33.0504,35.8283,458,40784,0.0619212,0.05,1,4194172,4193714,458
317334101,34.8202,35.9313,458,40836,0.0427685,0,1,4194208,4193750,458
317337021,25.9281,35.3725,443,40888,0.0231074,0.13,1,4194228,4193785,443
317339941,27.1712,26.149,451,40940,0.027243,0.03,1,4194256,4193805,451
317342861,25.8685,27.8596,447,40992,0.0288972,0.03,1,4194281,4193834,447
317345781,26.5474,26.1438,449,41044,0.0295589,0.03,1,4194308,4193859,449
317348701,37.619,27.2575,466,41095,0.0538236,0.05,1,4194353,4193887,466
317351621,32.4476,37.303,451,41146,0.0515294,0.03,1,4194382,4193931,451
317354541,44.779,32.3212,475,41197,0.0866118,0,1,4194435,4193960,475
317357461,38.9116,45.3285,456,41248,0.0526447,0.05,1,4194470,4194014,456
317360381,31.7646,38.5314,449,41299,0.0510579,0.07,1,4194497,4194048,449
317363301,32.5059,30.4126,457,41350,0.0504231,0.07,1,4194530,4194073,457
317366221,32.2023,32.565,455,41401,0.0621693,0.09,1,4194562,4194107,455
317369141,32.0809,31.626,456,41452,0.0668677,0.05,1,4194594,4194138,456
317372061,34.4324,33.0504,458,41503,0.0327471,0.03,1,4194630,4194172,458
317374981,14.9729,34.8202,424,41554,0.0130988,0.01,1,4194632,4194208,424
317377901,17.3892,25.9281,423,41605,0.0232395,0.03,1,4194651,4194228,423
317380821,23.7557,27.1712,423,41656,0.0392958,0.03,1,4194679,4194256,423
317383741,24.5023,25.8685,423,41707,0.0457183,0.03,1,4194704,4194281,423
317386661,25.4009,26.5474,422,41758,0.0242873,0.07,1,4194730,4194308,422
317389581,38.9604,37.619,425,41809,0.0157149,0.05,1,4194778,4194353,425
317392501,31.1841,32.4476,422,41859,0.036286,0.11,1,4194804,4194382,422
317395421,44.8737,44.779,423,41909,0.0565144,0.03,1,4194858,4194435,423
317398341,38.9495,38.9116,423,41959,0.0886058,0.05,1,4194893,4194470,423
317404181,32.7519,32.5059,424,42059,0.0945769,0.07,1,4194954,4194530,424
317415861,14.4992,14.9729,422,42259,0.0791732,0.03,1,4195054,4194632,422
317418781,17.1997,17.3892,422,42309,0.0496693,0.05,1,4195073,4194651,422
317421701,23.6799,23.7557,422,42359,0.0738677,0.05,1,4195101,4194679,422
317424621,24.472,24.5023,422,42409,0.0295471,0.01,1,4195126,4194704,422
317427541,25.3888,25.4009,422,42459,0.0178188,0.01,1,4195152,4194730,422
317430461,38.9555,38.9604,422,42509,0.0371275,0.05,1,4195200,4194778,422
317433381,31.1822,31.1841,422,42559,0.044851,0.07,1,4195226,4194804,422
317436301,46.6729,44.8737,425,42609,0.0479404,0.11,1,4195283,4194858,425
317439221,40.8692,38.9495,427,42659,0.0491762,0.11,1,4195320,4194893,427
317442141,32.5477,32.3798,426,42708,0.0376705,0.09,1,4195347,4194921,426
317445061,33.4191,32.7519,427,42757,0.0330682,0.13,1,4195381,4194954,427
317447981,37.3676,35.3008,430,42806,0.0672273,0.21,1,4195421,4194991,430
317450901,29.9471,29.1203,430,42855,0.0928909,0.09,1,4195446,4195016,430
317456741,12.7115,14.4992,422,42953,0.0832625,0.03,1,4195476,4195054,422
317459661,16.4846,17.1997,422,43002,0.087305,0.03,1,4195495,4195073,422
317462581,22.7938,6.87988,449,43051,0.088922,0.09,1,4195522,4195073,449
317465501,24.1175,19.552,446,43100,0.0775688,0,1,4195547,4195101,446
317468421,25.247,22.8208,447,43149,0.0610275,0.01,1,4195573,4195126,447
317471341,40.0988,24.7283,471,43198,0.042411,0.05,1,4195623,4195152,471
317474261,30.4395,38.6913,447,43247,0.0469644,0.05,1,4195647,4195200,447
317477181,46.3758,31.0765,478,43296,0.0367858,0.05,1,4195704,4195226,478
317480101,40.7503,46.6306,458,43345,0.0327143,0.05,1,4195741,4195283,458
317483021,33.1001,40.8522,449,43394,0.0430857,0.03,1,4195769,4195320,449
317485941,33.6401,32.5409,456,43443,0.0472343,0.03,1,4195803,4195347,456
317488861,38.056,33.4164,463,43492,0.0608937,0.09,1,4195844,4195381,463
317503461,23.7763,16.4846,452,43733,0.209068,0.09,1,4195947,4195495,452
317506381,24.5105,22.7938,450,43781,0.233627,0.07,1,4195972,4195522,450
317509301,23.0042,24.1175,447,43829,0.267451,0.05,1,4195994,4195547,447
317512221,40.4017,25.247,473,43877,0.28098,0.03,1,4196046,4195573,473
317515141,30.5607,40.0988,447,43925,0.262392,0.05,1,4196070,4195623,447
317518061,46.4243,30.4395,480,43973,0.230957,0.03,1,4196127,4195647,480
317520981,40.7697,46.3758,460,44021,0.206383,0.03,1,4196164,4195704,460
317523901,33.1079,40.7503,451,44069,0.220553,0.05,1,4196192,4195741,451
317526821,32.4432,33.1001,455,44117,0.226221,0.05,1,4196224,4195769,455
317529741,39.3773,33.6401,465,44165,0.204488,0.07,1,4196268,4195803,465
317538501,13.9441,29.129,432,44309,0.241807,0.17,1,4196330,4195898,432
317541421,16.3777,12.8516,448,44357,0.258723,0.19,1,4196348,4195900,448
317544341,25.1511,15.9406,461,44405,0.253489,0.23,1,4196379,4195918,461
317547261,25.6604,23.7763,458,44453,0.251396,0.25,1,4196405,4195947,458
317550181,11.4642,24.5105,435,44500,0.250558,0.29,1,4196407,4195972,435
317553101,18.3857,23.0042,436,44547,0.274223,0.29,1,4196430,4195994,436
317556021,37.3543,40.4017,434,44594,0.259689,0.25,1,4196480,4196046,434
317558941,29.3417,30.5607,434,44641,0.277876,0.21,1,4196504,4196070,434
317579381,34.4276,31.8604,435,44970,0.445998,0.27,1,4196763,4196328,435
317678661,26.6282,25.4579,477,46539,0.77198,0.65,2,4197740,4197263,477
317681581,11.8513,25.7832,453,46584,0.782792,0.65,2,4197742,4197289,453
317693261,47.353,30.7848,512,46764,0.914519,0.71,2,4197903,4197391,512
317696181,42.9412,45.9139,496,46809,0.935808,0.69,2,4197943,4197447,496
317853861,27.7664,36.3391,493,49181,0.93688,1,2,4199558,4199065,493
317862621,28.609,25.5817,510,49310,0.76484,1,2,4199641,4199131,510
317883061,28.3436,30.5325,505,49611,0.21051,1,1,4199837,4199332,505
317888901,31.895,30.6852,510,49695,0.0408815,1,1,4199903,4199393,510
317891821,36.758,33.8741,514,49737,0.0703526,0.95,1,4199943,4199429,514
317894741,30.3032,39.3496,497,49779,0.028141,1,1,4199969,4199472,497
317897661,31.3213,32.5399,501,49821,0.0292564,0.97,1,4200001,4199500,501
317900581,25.1285,33.4159,488,49863,0.0417026,0.91,1,4200022,4199534,488
317903501,25.6514,27.7664,490,49905,0.046681,0.83,1,4200048,4199558,490
317906421,24.0606,27.3066,486,49947,0.0366724,0.83,1,4200071,4199585,486
317909341,25.8242,26.5226,487,49989,0.032669,0.71,1,4200098,4199611,487
317912261,25.3297,28.609,482,50031,0.0310676,0.71,1,4200123,4199641,482
317915181,25.1319,30.0436,476,50073,0.042427,0.57,1,4200148,4199672,476
317918101,20.8528,27.6174,468,50115,0.0349708,0.51,1,4200166,4199698,468
317921021,23.3411,26.047,468,50157,0.0679883,0.39,1,4200191,4199723,468
317923941,23.7364,26.6188,465,50199,0.0811953,0.35,1,4200215,4199750,465
317947301,31.2635,31.3213,423,50535,0.0745445,0.05,1,4200424,4200001,423
317950221,25.7054,25.1285,424,50577,0.0838178,0.05,1,4200446,4200022,424
317953141,24.6822,25.6514,422,50619,0.0395271,0.03,1,4200470,4200048,422
317956061,24.8729,24.0606,424,50661,0.0338109,0.03,1,4200495,4200071,424
317958981,25.5491,25.8242,423,50703,0.0315243,0.03,1,4200521,4200098,423
317961901,25.8197,25.3297,424,50745,0.0306097,0.05,1,4200547,4200123,424
317964821,25.3279,25.1319,424,50787,0.0182439,0.03,1,4200572,4200148,424
317967741,21.5311,20.8528,425,50828,0.0492976,0.09,1,4200591,4200166,425
317970661,24.2125,23.3411,426,50869,0.061719,0.09,1,4200617,4200191,426
317973581,25.285,23.7364,428,50910,0.0546876,0.13,1,4200643,4200215,428
317976501,26.914,26.2946,428,50951,0.075875,0.15,1,4200671,4200243,428
317988181,26.1194,26.8667,428,51115,0.22519,0.09,1,4200755,4200327,428
317991101,32.6478,34.1467,426,51156,0.240076,0.11,1,4200792,4200366,426
317994021,26.2591,28.6587,423,51197,0.24603,0.05,1,4200814,4200391,423
317996941,30.9036,31.2635,424,51238,0.236412,0.09,1,4200848,4200424,424
317999861,24.3615,25.7054,422,51279,0.232565,0.01,1,4200868,4200446,422
318002781,24.7446,24.6822,423,51320,0.243026,0.03,1,4200893,4200470,423
318005701,24.8978,24.8729,423,51361,0.22321,0.03,1,4200918,4200495,423
318008621,24.9591,25.5491,422,51402,0.227284,0.03,1,4200943,4200521,422
318020301,24.3798,24.2125,423,51566,0.207466,0.05,1,4201040,4200617,423
318023221,26.5519,25.285,425,51607,0.208987,0.09,1,4201068,4200643,425
318055341,24.2638,24.6947,456,52057,0.205761,0.21,1,4201349,4200893,456
318058261,24.1055,24.8779,455,52097,0.220305,0.23,1,4201373,4200918,455
318061181,25.2422,24.9512,456,52137,0.226122,0.17,1,4201399,4200943,456
318064101,24.4969,26.1805,453,52177,0.240449,0.17,1,4201423,4200970,453
318067021,22.3988,24.8722,450,52217,0.246179,0.17,1,4201444,4200994,450
318069941,24.5595,21.9489,456,52257,0.248472,0.23,1,4201470,4201014,456
318072861,26.0238,24.3795,457,52297,0.261389,0.21,1,4201497,4201040,457
318075781,27.2095,26.5518,457,52337,0.266555,0.19,1,4201525,4201068,457
318078701,28.2838,28.0207,457,52377,0.268622,0.15,1,4201554,4201097,457
318081621,12.5135,29.8083,428,52417,0.269449,0.15,1,4201556,4201128,428
318084541,21.8054,13.1233,454,52457,0.28178,0.13,1,4201584,4201130,454
318096221,31.619,26.4288,463,52617,0.406622,0.19,1,4201710,4201247,463
318099141,24.6476,30.3715,450,52657,0.420649,0.19,1,4201730,4201280,450
318102061,25.459,24.1486,456,52697,0.438259,0.21,1,4201756,4201300,456
318169221,22.8187,22.3023,449,53609,0.764187,0.55,2,4202326,4201877,449
318172141,24.7275,24.5209,449,53648,0.779675,0.55,2,4202352,4201903,449
318175061,27.291,26.6084,450,53687,0.77387,0.59,2,4202381,4201931,450
318183821,12.7866,12.4069,452,53804,0.785608,0.63,2,4202442,4201990,452
318201341,29.884,29.8563,454,54038,0.906188,0.67,2,4202607,4202153,454
318256821,26.5396,25.2736,491,54776,0.945339,0.99,2,4203098,4202607,491
318478741,171.64,173.478,491,26361,0.200767,0.93,1,4205136,4204645,491
318481661,98.0561,98.1911,492,26441,0.0983069,0.65,1,4205185,4204693,492
318484581,68.0224,78.2764,475,26521,0.0693228,0.39,1,4205233,4204758,475
318487501,51.809,66.1106,458,26601,0.0697291,0.15,1,4205274,4204816,458
318490421,59.7236,68.4442,453,26681,0.0578916,0.03,1,4205339,4204886,453
318493341,50.8894,59.1777,445,26760,0.0531567,0.01,1,4205384,4204939,445
318496261,59.9558,67.4711,438,26839,0.0212627,0.03,1,4205450,4205012,438
318499181,38.3823,43.1884,435,26918,0.0505051,0.01,1,4205474,4205039,435
318502101,24.9529,32.2754,426,26997,0.038202,0.07,1,4205490,4205064,426
318505021,53.7812,56.1101,427,27075,0.0152808,0.03,1,4205563,4205136,427
318507941,48.5125,51.8441,423,27153,0.0241123,0.05,1,4205608,4205185,423
318510861,48.805,49.5376,424,27231,0.0396449,0.07,1,4205657,4205233,424
318513781,45.322,44.415,426,27309,0.069858,0.05,1,4205700,4205274,426
318516701,55.9288,56.766,424,27387,0.0939432,0.05,1,4205763,4205339,424
318519621,50.5715,49.7064,426,27464,0.0555773,0,1,4205810,4205384,426
318522541,58.0286,59.4826,423,27541,0.0222309,0.07,1,4205873,4205450,423
318525461,37.6114,38.193,423,27618,0.0628924,0.03,1,4205897,4205474,423
318528381,25.8446,24.8772,425,27695,0.0551569,0,1,4205915,4205490,425
318531301,52.3378,53.7509,422,27771,0.0400628,0.03,1,4205985,4205563,422
318534221,48.5351,48.5004,423,27847,0.0580251,0.05,1,4206031,4205608,423
318537141,48.2141,48.8001,422,27923,0.04121,0.09,1,4206079,4205657,422
318540061,47.4856,45.3201,426,27999,0.058484,0.11,1,4206126,4205700,426
318542981,57.3942,55.928,427,28075,0.0893936,0.03,1,4206190,4205763,427
318545901,48.7577,50.5712,423,28150,0.0897574,0,1,4206233,4205810,423
318548821,57.3031,58.0285,423,28225,0.041903,0.09,1,4206296,4205873,423
318551741,37.9212,37.6114,424,28300,0.0467612,0.05,1,4206321,4205897,424
318554661,25.3685,25.8446,423,28375,0.0367045,0.05,1,4206338,4205915,423
318557581,50.9474,10.3378,491,28450,0.0566818,0.03,1,4206406,4205915,491
318560501,48.579,46.1351,468,28524,0.0766727,0.07,1,4206453,4205985,468
318563421,47.6316,46.0541,469,28598,0.0966691,0.03,1,4206500,4206031,469
318569261,59.2211,47.0886,490,28746,0.0958671,0.11,1,4206616,4206126,490
318575101,55.5554,48.6942,485,28893,0.0477387,0.01,1,4206718,4206233,485
318578021,36.6221,57.2777,446,28966,0.0370955,0.05,1,4206742,4206296,446
318580941,24.8489,37.9111,438,29039,0.0448382,0.03,1,4206759,4206321,438
318583861,51.3395,25.3644,490,29112,0.0839353,0.07,1,4206828,4206338,490
318598461,49.4521,59.221,468,29474,0.213912,0.11,1,4207084,4206616,468
318621821,46.8287,50.3257,432,30044,0.211107,0.19,1,4207408,4206976,432
318624741,58.3315,59.1303,433,30114,0.234443,0.23,1,4207474,4207041,433
318627661,49.1326,49.4521,433,30184,0.267777,0.15,1,4207517,4207084,433
318648101,38.4507,37.5719,432,30671,0.437947,0.23,1,4207787,4207355,432
318651021,46.5803,46.8287,431,30740,0.445179,0.25,1,4207839,4207408,431
318712341,62.2055,46.9458,525,32154,0.773215,0.63,2,4208807,4208282,525
318735701,41.3969,23.9612,508,32677,0.900863,0.71,2,4209139,4208631,508
318738621,49.5588,40.7845,511,32742,0.918345,0.77,2,4209194,4208683,511
318741541,21.0235,47.5138,461,32807,0.925338,0.79,2,4209196,4208735,461
318744461,52.8094,62.2055,463,32871,0.946135,0.83,2,4209270,4208807,463
318858341,46.641,55.0407,519,35292,0.424202,1,1,4210960,4210441,519
318861261,43.2564,56.2163,503,35352,0.223681,1,1,4211001,4210498,503
318864181,38.3026,39.8865,509,35412,0.0954722,1,1,4211036,4210527,509
318867101,39.921,37.5546,514,35472,0.0561889,1,1,4211077,4210563,514
318870021,35.1684,39.0218,506,35532,0.0524756,1,1,4211109,4210603,506
318872941,51.2674,31.8087,541,35591,0.0269902,1,1,4211171,4210630,541
318875861,42.1069,51.1235,513,35650,0.0287961,1,1,4211207,4210694,513
318878781,25.8428,43.2494,490,35709,0.0535184,0.96,1,4211222,4210732,490
318881701,33.7371,49.0998,476,35768,0.0394074,0.94,1,4211261,4210785,476
318884621,25.4948,37.6399,466,35827,0.0457629,0.82,1,4211281,4210815,466
318887541,28.7979,37.256,460,35886,0.0363052,0.51,1,4211312,4210852,460
318890461,42.1192,55.1024,444,35945,0.0445221,0.27,1,4211363,4210919,444
318893381,33.0477,46.641,430,36004,0.0238088,0.09,1,4211390,4210960,430
318896301,34.2191,43.2564,424,36063,0.0515235,0.01,1,4211425,4211001,424
318899221,34.0876,38.3026,423,36122,0.0386094,0.03,1,4211459,4211036,423
318902141,37.6351,39.921,422,36181,0.0454438,0.05,1,4211499,4211077,422
318905061,34.854,35.1684,423,36239,0.0601775,0.01,1,4211532,4211109,423
318907981,50.5416,51.2674,422,36297,0.024071,0.03,1,4211593,4211171,422
318910901,41.8166,42.1069,422,36355,0.0396284,0.07,1,4211629,4211207,422
318913821,26.3267,25.8428,423,36413,0.0698514,0.03,1,4211645,4211222,423
318916741,34.5307,33.7371,424,36471,0.0459405,0.05,1,4211685,4211261,424
318919661,25.2123,25.4948,423,36529,0.0843762,0.03,1,4211704,4211281,423
318922581,28.6849,28.7979,423,36587,0.0877505,0.05,1,4211735,4211312,423
318925501,41.474,42.1192,422,36645,0.0531002,0.01,1,4211785,4211363,422
318928421,32.7896,33.0477,422,36703,0.0272401,0.07,1,4211812,4211390,422
318931341,35.9158,34.2191,425,36761,0.052896,0.03,1,4211850,4211425,425
318934261,33.5663,34.0876,423,36818,0.0511584,0.05,1,4211882,4211459,423
318937181,36.8265,37.6351,422,36875,0.0264634,0.07,1,4211921,4211499,422
318940101,35.7306,34.854,424,36932,0.0405853,0,1,4211956,4211532,424
318943021,49.6922,50.5416,422,36989,0.0462341,0.05,1,4212015,4211593,422
318945941,41.4769,41.8166,422,37046,0.0484937,0.09,1,4212051,4211629,422
318948861,27.3908,26.3267,424,37103,0.0253975,0.03,1,4212069,4211645,424
318951781,33.7563,34.5307,422,37160,0.028159,0.03,1,4212107,4211685,422
318954701,26.1025,13.8123,443,37217,0.0412636,0.11,1,4212128,4211685,443
318957621,27.241,16.9249,452,37274,0.0465054,0.09,1,4212156,4211704,452
318960541,41.4964,25.37,472,37331,0.0606022,0.03,1,4212207,4211735,472
318963461,32.1986,40.148,448,37388,0.0662409,0.01,1,4212233,4211785,448
318966381,36.2794,32.2592,460,37445,0.0444963,0.07,1,4212272,4211812,460
318969301,33.1118,35.7037,453,37501,0.0357985,0.05,1,4212303,4211850,453
318972221,36.6447,33.4815,460,37557,0.0563194,0.01,1,4212342,4211882,460
318975141,35.6579,36.7926,456,37613,0.0405278,0.05,1,4212377,4211921,456
318978061,49.6632,35.717,480,37669,0.0462111,0.05,1,4212436,4211956,480
318980981,41.4653,49.6868,457,37725,0.0364844,0.05,1,4212472,4212015,457
318983901,27.9861,41.4747,440,37781,0.0205938,0.01,1,4212491,4212051,440
318986821,33.9944,27.3899,460,37837,0.0262375,0.03,1,4212529,4212069,460
318989741,26.7978,33.756,444,37893,0.040495,0.05,1,4212551,4212107,444
318992661,27.5191,26.1024,451,37949,0.058198,0.05,1,4212579,4212128,451
319010181,35.9944,36.6447,457,38282,0.0890211,0.03,1,4212799,4212342,457
319013101,49.1978,35.6579,480,38337,0.0416084,0.05,1,4212857,4212377,480
319016021,41.2791,49.6632,457,38392,0.0226434,0.03,1,4212893,4212436,457
319018941,28.5116,41.4653,441,38447,0.0390574,0.01,1,4212913,4212472,441
319021861,34.8047,27.9861,461,38502,0.0156229,0.03,1,4212952,4212491,461
319024781,27.1219,33.9944,445,38557,0.0242492,0.05,1,4212974,4212529,445
319027701,28.2487,26.7978,452,38612,0.0516997,0.07,1,4213003,4212551,452
319030621,12.4995,27.5191,426,38667,0.0626799,0.13,1,4213005,4212579,426
319033541,37.3998,42.2076,428,38722,0.0790719,0.15,1,4213059,4212631,428
319071501,38.7912,37.3998,427,39425,0.200609,0.13,1,4213486,4213059,427
319074421,29.9165,29.9599,426,39479,0.218244,0.15,1,4213510,4213084,426
319077341,36.5666,35.984,427,39532,0.213297,0.13,1,4213551,4213124,427
319080261,33.8266,32.9936,428,39585,0.211319,0.19,1,4213583,4213155,428
319083181,35.1307,34.1974,429,39638,0.246528,0.15,1,4213619,4213190,429
319086101,32.6523,32.879,428,39691,0.248611,0.17,1,4213650,4213222,428
319089021,47.2609,47.3516,428,39744,0.297444,0.13,1,4213707,4213279,428
319121141,36.8679,33.6273,468,40325,0.405261,0.27,1,4214051,4213583,468
319124061,32.7471,35.0509,462,40377,0.408104,0.25,1,4214081,4213619,462
319126981,49.6989,32.6204,492,40429,0.409242,0.33,1,4214142,4213650,492
319129901,41.4795,47.2481,471,40481,0.421697,0.31,1,4214178,4213707,471
319132821,29.7918,39.8993,458,40533,0.426679,0.33,1,4214200,4213742,458
319135741,35.3167,28.5597,476,40585,0.428671,0.37,1,4214239,4213763,476
319138661,27.3267,34.8239,459,40637,0.429469,0.37,1,4214261,4213802,459
319141581,30.1307,27.1296,469,40689,0.441787,0.37,1,4214293,4213824,469
319144501,13.2523,30.0518,439,40741,0.446715,0.33,1,4214295,4213856,439
319147421,41.3009,13.2207,497,40793,0.436686,0.37,1,4214355,4213858,497
319150341,30.9204,40.0883,463,40845,0.432674,0.37,1,4214379,4213916,463
319208741,44.7377,42.0708,453,41867,0.769152,0.63,2,4215073,4214620,453
319211661,31.0951,30.0283,453,41917,0.781661,0.61,2,4215095,4214642,453
319229181,31.7596,30.7197,454,42217,0.932902,0.65,2,4215275,4214821,454
319232101,13.9038,13.4879,454,42267,0.931161,0.65,2,4215277,4214823,454
319235021,31.9615,31.1952,455,42317,0.930464,0.69,2,4215321,4214866,455
319451101,32.9281,30.6299,518,45860,0.946,1,2,4217821,4217303,518
319456941,30.8285,27.4608,514,45952,0.77176,1,2,4217875,4217361,514
319465701,31.517,35.8375,523,46090,0.441793,1,1,4217972,4217449,523
319468621,34.8068,31.735,531,46136,0.266717,1,1,4218009,4217478,531
319474461,31.4891,37.5976,511,46228,0.0726747,1,1,4218075,4217564,511
319477381,32.3956,33.039,514,46274,0.0350699,1,1,4218108,4217594,514
319480301,32.1583,27.6156,522,46320,0.056028,1,1,4218140,4217618,522
319483221,38.0633,33.8462,526,46366,0.0404112,1,1,4218182,4217656,526
319486141,26.6253,36.9385,506,46411,0.0581645,1,1,4218201,4217695,506
319489061,28.6501,30.3754,510,46456,0.0532658,1,1,4218231,4217721,510
319491981,30.6601,29.5502,513,46501,0.0633063,1,1,4218263,4217750,513
319494901,26.664,35.8201,497,46546,0.0553225,0.91,1,4218287,4217790,497
319497821,15.4656,32.928,474,46591,0.040129,0.81,1,4218295,4217821,474
319500741,24.7862,24.5712,486,46636,0.0460516,0.71,1,4218326,4217840,486
319503661,27.3145,30.8285,480,46681,0.0184206,0.65,1,4218355,4217875,480
319506581,28.9258,32.7314,476,46726,0.0493683,0.55,1,4218385,4217909,476
319509501,25.9703,32.2926,468,46771,0.0377473,0.33,1,4218409,4217941,468
319512421,27.7881,31.517,466,46816,0.0330989,0.15,1,4218438,4217972,466
319515341,30.3153,34.8068,461,46861,0.0192396,0,1,4218470,4218009,461
319518261,27.7261,36.7227,449,46906,0.0136958,0.05,1,4218496,4218047,449
319521181,32.6904,31.4891,457,46951,0.00547833,0.01,1,4218532,4218075,457
319524101,30.4762,32.3956,453,46996,0.0441913,0.07,1,4218561,4218108,453
319527021,39.7905,32.1583,467,47041,0.0716765,0.03,1,4218607,4218140,467
319529941,24.9162,38.0633,440,47086,0.0706706,0.07,1,4218622,4218182,440
319532861,30.3665,26.6253,455,47131,0.0462682,0.05,1,4218656,4218201,455
319535781,30.7466,28.6501,456,47176,0.0365073,0.07,1,4218687,4218231,456
319538701,25.4986,30.6601,446,47221,0.0206029,0.05,1,4218709,4218263,446
319541621,14.9995,26.664,430,47266,0.0262412,0.03,1,4218717,4218287,430
319544541,26.3998,15.4656,456,47311,0.0284965,0.05,1,4218751,4218295,456
319547461,26.1599,24.7862,451,47356,0.0413986,0,1,4218777,4218326,451
319550381,11.664,27.3145,424,47401,0.0465594,0.07,1,4218779,4218355,424
319553301,21.4656,28.9258,422,47445,0.0726238,0.03,1,4218807,4218385,422
319556221,23.5862,25.9703,423,47489,0.0470495,0.03,1,4218832,4218409,423
319559141,27.4345,27.7881,424,47533,0.0848198,0.01,1,4218862,4218438,424
319562061,30.7738,30.3153,425,47577,0.0759279,0.01,1,4218895,4218470,425
319564981,26.1095,27.7261,422,47621,0.0363712,0,1,4218918,4218496,422
319567901,32.6438,32.6904,423,47665,0.0145485,0.07,1,4218955,4218532,423
319570821,29.8575,30.4762,422,47709,0.0238194,0.09,1,4218983,4218561,422
319573741,40.743,39.7905,424,47753,0.0395278,0.07,1,4219031,4218607,424
319576661,27.6972,24.9162,428,47797,0.0578111,0.03,1,4219050,4218622,428
319579581,29.6789,30.3665,425,47841,0.0891244,0.03,1,4219081,4218656,425
319582501,29.8716,30.7466,424,47885,0.0776498,0.01,1,4219111,4218687,424
319585421,24.5486,25.4986,423,47929,0.0850599,0.03,1,4219132,4218709,423
319588341,15.8194,14.9995,425,47973,0.064024,0.03,1,4219142,4218717,425
319591261,25.5278,26.3998,423,48017,0.0676096,0.05,1,4219174,4218751,423
319594181,27.6111,26.1599,426,48061,0.0690438,0.05,1,4219203,4218777,426
319597101,12.2444,11.664,426,48105,0.0696175,0.09,1,4219205,4218779,426
319600021,20.4978,21.4656,424,48149,0.069847,0.03,1,4219231,4218807,424
319602941,23.1991,23.5862,424,48193,0.0699388,0.11,1,4219256,4218832,424
319605861,28.4796,27.4345,426,48237,0.0819755,0.07,1,4219288,4218862,426
319614621,31.8947,32.6438,422,48369,0.0508464,0.03,1,4219377,4218955,422
319617541,30.1579,29.8575,423,48413,0.0503386,0.05,1,4219406,4218983,423
319620461,41.4632,40.743,424,48457,0.0381354,0.07,1,4219455,4219031,424
319623381,28.5853,27.6972,425,48500,0.0332542,0.11,1,4219475,4219050,425
319626301,30.0341,29.6789,425,48543,0.0433017,0.07,1,4219506,4219081,425
319629221,30.0136,29.8716,425,48586,0.0593207,0.09,1,4219536,4219111,425
319632141,24.0055,24.5486,424,48629,0.0777283,0.05,1,4219556,4219132,424
319635061,15.6022,15.8194,424,48672,0.0610913,0.07,1,4219566,4219142,424
319637981,24.2409,25.5278,422,48715,0.0784365,0.07,1,4219596,4219174,422
319643821,12.2785,12.2444,423,48801,0.0977498,0.07,1,4219628,4219205,423
319664261,29.7803,31.7688,451,49102,0.0980951,0.05,1,4219828,4219377,451
319667181,41.3121,30.1075,471,49145,0.057238,0.03,1,4219877,4219406,471
319670101,28.5248,41.443,442,49188,0.0528952,0.03,1,4219897,4219455,442
319673021,30.0099,28.5772,453,49231,0.0511581,0.05,1,4219928,4219475,453
319675941,30.604,30.0309,453,49274,0.0624632,0.07,1,4219959,4219506,453
319678861,24.2416,30.0124,443,49317,0.0429853,0.09,1,4219979,4219536,443
319681781,15.6966,24.0049,433,49360,0.0471941,0.05,1,4219989,4219556,433
319684701,25.4787,15.602,455,49403,0.0488776,0.09,1,4220021,4219566,455
319687621,28.1915,24.2408,455,49446,0.0375511,0.13,1,4220051,4219596,455
319690541,12.4766,27.6963,427,49489,0.0330204,0.09,1,4220053,4219626,427
319693461,21.1906,12.2785,452,49532,0.0312082,0.11,1,4220080,4219628,452
319696381,22.8763,20.5114,450,49575,0.0304833,0.11,1,4220104,4219654,450
319699301,31.3505,22.6046,463,49617,0.0181933,0.13,1,4220141,4219678,463
319702221,32.9402,30.0418,462,49659,0.0492773,0.13,1,4220175,4219713,462
319705141,23.9761,31.8167,447,49701,0.0617109,0.15,1,4220193,4219746,447
319708061,27.5904,24.1267,458,49743,0.0666844,0.09,1,4220223,4219765,458
319710981,27.8362,29.4507,453,49785,0.0806738,0.09,1,4220251,4219798,453
319713901,40.5345,29.7803,472,49827,0.0862695,0.03,1,4220300,4219828,472
319716821,28.2138,41.3121,443,49869,0.0885078,0.05,1,4220320,4219877,443
319746021,31.2735,22.8763,459,50289,0.213871,0.01,1,4220563,4220104,459
319748941,13.7094,31.3505,424,50331,0.235548,0.07,1,4220565,4220141,424
319751861,26.4838,32.9402,425,50373,0.208219,0.07,1,4220600,4220175,425
319754781,21.3935,23.9761,425,50415,0.221288,0.07,1,4220618,4220193,425
319757701,26.5574,27.5904,425,50457,0.238515,0.09,1,4220648,4220223,425
319760621,28.023,27.8362,426,50499,0.245406,0.09,1,4220677,4220251,426
319763541,40.6092,40.5345,426,50541,0.260162,0.09,1,4220726,4220300,426
319766461,28.8437,28.2138,427,50583,0.266065,0.15,1,4220747,4220320,427
319789821,21.1258,20.7093,429,50916,0.410403,0.17,1,4220931,4220502,429
319792741,24.0503,22.6837,431,50957,0.422161,0.25,1,4220957,4220526,431
319874501,26.1647,31.2175,473,52103,0.75586,0.65,2,4221721,4221248,473
319877421,16.4659,25.687,461,52143,0.764344,0.61,2,4221731,4221270,461
319880341,24.5864,16.2748,481,52183,0.767738,0.63,2,4221761,4221280,481
319883261,27.8345,25.1099,480,52223,0.769095,0.63,2,4221791,4221311,480
319886181,12.3338,28.044,452,52263,0.769638,0.63,2,4221793,4221341,452
319889101,23.5335,12.4176,481,52303,0.769855,0.63,2,4221824,4221343,481
319892021,26.2134,22.367,480,52343,0.793942,0.67,2,4221852,4221372,480
319894941,35.0854,25.7468,493,52383,0.791577,0.65,2,4221893,4221400,493
319897861,15.2341,34.2987,455,52423,0.790631,0.65,2,4221895,4221440,455
319900781,27.6937,14.9195,489,52463,0.790252,0.71,2,4221931,4221442,489
319903701,21.8775,26.3678,473,52503,0.766101,0.69,2,4221949,4221476,473
319918301,34.112,31.5737,492,52703,0.761858,0.71,2,4222125,4221633,492
319921221,33.4448,33.0295,491,52743,0.790743,0.75,2,4222158,4221667,491
319941661,27.0551,23.5335,489,53023,0.901014,0.81,2,4222313,4221824,489
319944581,34.822,26.2134,501,53063,0.906406,0.79,2,4222353,4221852,501
319947501,15.1288,35.0854,462,53103,0.908562,0.79,2,4222355,4221893,462
319950421,26.4515,15.2341,494,53143,0.921425,0.79,2,4222389,4221895,494
319953341,21.3806,27.6937,476,53183,0.92657,0.75,2,4222407,4221931,476
320119781,329.273,354.236,478,24820,0.418,0.83,1,4224368,4223890,478
320170881,72.0975,61.5271,481,25633,0.095632,0.53,1,4224562,4224081,481
320173801,67.839,64.8108,479,25716,0.0802528,0.25,1,4224627,4224148,479
320176721,47.5356,66.1243,446,25798,0.0981011,0.23,1,4224661,4224215,446
320182561,37.1257,55.6999,432,25962,0.0600962,0.03,1,4224748,4224316,432
320185481,30.4503,34.28,438,26044,0.0420385,0.03,1,4224774,4224336,438
320188401,53.5801,32.912,475,26125,0.0828154,0.03,1,4224843,4224368,475
320191321,52.032,57.5648,452,26206,0.0871262,0.05,1,4224894,4224442,452
320194241,76.0128,62.6259,478,26287,0.0528505,0.09,1,4224986,4224508,478
320197161,68.2051,57.4504,487,26368,0.0511402,0.07,1,4225049,4224562,487
320200081,48.882,61.9801,458,26448,0.0864561,0.11,1,4225085,4224627,458
320205921,36.8611,55.8768,446,26608,0.207033,0.03,1,4225170,4224724,446
320249721,61.4046,62.3256,428,27778,0.0864531,0.21,1,4225901,4225473,428
320264321,53.0035,52.2421,430,28157,0.230719,0.11,1,4226125,4225695,430
320267241,51.2014,52.6968,427,28232,0.254288,0.15,1,4226175,4225748,427
320270161,21.6806,22.2787,427,28307,0.263715,0.09,1,4226177,4225750,427
320281841,59.9742,43.6647,491,28605,0.404047,0.11,1,4226434,4225943,491
320284761,37.1897,55.8659,449,28679,0.419619,0.17,1,4226456,4226007,449
320287681,34.0759,35.5464,459,28753,0.425848,0.19,1,4226488,4226029,459
320316881,58.1603,34.0758,516,29481,0.76051,0.49,2,4227004,4226488,516
320319801,55.6641,56.2303,499,29553,0.778204,0.55,2,4227058,4226559,499
320322721,23.4656,53.0921,450,29625,0.785282,0.51,2,4227060,4226610,450
320334401,21.4423,50.012,454,29909,0.904503,0.71,2,4227260,4226806,454
320337321,52.3769,62.0048,457,29980,0.931801,0.71,2,4227333,4226876,457
320357761,66.0442,63.5145,467,30471,0.929341,0.91,2,4227683,4227216,467
320360681,51.6177,50.6058,467,30540,0.905736,0.91,2,4227725,4227258,467
320363601,21.8471,21.4423,467,30609,0.920295,0.95,2,4227727,4227260,467
320366521,52.5388,52.3769,467,30678,0.902118,0.97,2,4227800,4227333,467
320375281,60.5785,60.0401,471,30885,0.910936,1,2,4227937,4227466,471
320459961,28.7803,34.2768,496,32814,0.916,1,2,4229257,4228761,496
320465801,52.7249,59.2443,483,32942,0.92776,1,2,4229354,4228871,483
320468721,69.0899,62.6977,498,33006,0.773104,1,2,4229434,4228936,498
320474561,54.1344,58.1516,495,33134,0.446497,1,1,4229528,4229033,495
320477481,46.8538,56.8607,481,33198,0.268599,1,1,4229570,4229089,481
320486241,36.9346,38.1271,482,33389,0.0615903,1,1,4229679,4229197,482
320489161,35.1739,37.4508,479,33452,0.0426361,0.86,1,4229713,4229234,479
320492081,24.2695,28.7803,473,33515,0.0350544,0.98,1,4229730,4229257,473
320495001,25.3078,28.3121,471,33578,0.0140218,0.91,1,4229756,4229285,471
320497921,44.9231,52.7249,460,33641,0.0356087,0.67,1,4229814,4229354,460
320500841,59.9693,69.0899,450,33704,0.0322435,0.57,1,4229884,4229434,450
320503761,43.7877,49.836,446,33767,0.0548974,0.31,1,4229917,4229471,446
320506681,48.1151,54.1344,440,33830,0.099959,0.15,1,4229968,4229528,440
320509601,38.446,46.8538,430,33893,0.0939836,0.15,1,4230000,4229570,430
320521281,34.8338,35.1739,423,34141,0.085398,0.03,1,4230136,4229713,423
320524201,23.5335,24.2695,422,34203,0.0521592,0,1,4230152,4229730,422
320527121,25.0134,25.3078,422,34265,0.0508637,0,1,4230178,4229756,422
320530041,44.8054,10.1231,480,34327,0.0623455,0.05,1,4230236,4229756,480
320532961,59.3221,38.8493,491,34389,0.0549382,0.03,1,4230305,4229814,491
320535881,45.3289,57.5397,457,34450,0.0639753,0.07,1,4230341,4229884,457
320538801,49.3315,42.8159,476,34511,0.0435901,0.13,1,4230393,4229917,476
320541721,37.7326,47.7264,455,34572,0.035436,0.09,1,4230423,4229968,455
320544641,40.293,38.2905,465,34633,0.0681744,0.13,1,4230465,4230000,465
320547561,29.3172,38.7162,448,34694,0.0812698,0.15,1,4230487,4230039,448
320559241,25.3217,23.5319,448,34938,0.0666405,0.05,1,4230600,4230152,448
320562161,46.1287,25.0128,482,34999,0.0806562,0.07,1,4230660,4230178,482
320579681,29.8218,40.293,447,35359,0.213606,0.09,1,4230912,4230465,447
320582601,36.5287,29.3172,466,35419,0.235442,0.15,1,4230953,4230487,466
320585521,33.8115,34.5269,460,35479,0.256177,0.15,1,4230985,4230525,460
320588441,19.5246,33.0108,438,35539,0.264471,0.11,1,4230995,4230557,438
320591361,25.2098,22.8043,451,35598,0.267788,0.03,1,4231024,4230573,451
320594281,46.6839,25.3217,485,35657,0.281115,0.09,1,4231085,4230600,485
320597201,19.8736,46.1287,427,35716,0.286446,0.13,1,4231087,4230660,427
320605961,48.0719,48.2162,431,35893,0.417453,0.17,1,4231246,4230815,431
320608881,38.4288,37.8865,432,35952,0.436981,0.21,1,4231278,4230846,432
320614721,30.1486,29.8218,433,36070,0.440717,0.25,1,4231345,4230912,433
320617641,37.2594,36.5287,434,36129,0.410287,0.27,1,4231387,4230953,434
320620561,34.7038,33.8115,435,36187,0.434115,0.27,1,4231420,4230985,435
320623481,20.4815,19.5246,436,36245,0.431646,0.27,1,4231431,4230995,436
320626401,25.5926,25.2098,436,36303,0.418658,0.29,1,4231460,4231024,436
320629321,46.837,46.6839,436,36361,0.401463,0.29,1,4231521,4231085,436
320646841,42.2061,42.3715,443,36709,0.447129,0.43,1,4231766,4231323,443
320702321,20.5284,45.8818,450,37787,0.75987,0.57,2,4232410,4231960,450
320714001,41.6567,52.0114,489,38011,0.909901,0.71,2,4232619,4232130,489
320716921,43.0627,40.6045,500,38067,0.92196,0.67,2,4232663,4232163,500
320719841,31.6251,43.8418,478,38122,0.938784,0.69,2,4232687,4232209,478
320970961,31.2895,34.0141,510,42622,0.799388,1,2,4235800,4235290,510
321019141,207.086,194.202,498,19818,0.213102,0.21,1,4236441,4235943,498
321033741,44.8367,52.9185,441,20347,0.0907806,0.03,1,4236714,4236273,441
321039581,83.1339,97.027,492,20555,0.214925,0.19,1,4236933,4236441,492
321042501,70.4535,75.4108,493,20658,0.24797,0.15,1,4236995,4236502,493
321045421,58.7814,67.9643,481,20761,0.249188,0.07,1,4237046,4236565,481
321048341,58.9126,60.1857,485,20863,0.249675,0.13,1,4237105,4236620,485
321051261,43.365,61.2743,456,20965,0.27387,0.07,1,4237138,4236682,456
321054181,18.546,43.7097,426,21066,0.283548,0.21,1,4237140,4236714,426
321080461,80.3333,81.5671,436,21955,0.438467,0.35,1,4237803,4237367,436
321109661,59.9135,55.3877,507,22903,0.766572,0.59,2,4238426,4237919,507
321121341,83.7482,106.581,518,23271,0.902776,0.59,2,4238698,4238180,518
321241061,51.1403,45.6114,530,26750,0.9484,1,2,4241146,4240616,530
321261501,86.7158,90.1271,475,27299,0.261925,0.96,1,4241546,4241071,475
321270261,54.1258,57.6561,466,27531,0.0722032,0.79,1,4241674,4241208,466
321273181,41.4503,47.0625,459,27608,0.0588813,0.69,1,4241707,4241248,459
321276101,35.7801,38.025,459,27685,0.0655525,0.67,1,4241739,4241280,459
321279021,31.7121,36.81,452,27761,0.080221,0.65,1,4241768,4241316,452
321281941,28.8848,29.724,454,27837,0.0620884,0.37,1,4241795,4241341,454
321284861,69.7539,80.2896,437,27913,0.0668354,0.11,1,4241892,4241455,437
321293621,45.6963,48.3145,422,28140,0.0582775,0.05,1,4242038,4241616,422
321296541,53.0785,54.1258,422,28215,0.029311,0.05,1,4242096,4241674,422
321299461,41.0314,41.4503,422,28290,0.0657244,0.07,1,4242129,4241707,422
321302381,35.6126,35.7801,422,28365,0.0922898,0.07,1,4242161,4241739,422
321308221,29.458,23.1248,450,28514,0.0999664,0.05,1,4242218,4241768,450
321314061,76.3533,68.38,503,28662,0.261995,0.15,1,4242395,4241892,503
321316981,42.5413,73.552,446,28736,0.290798,0.09,1,4242415,4241969,446
321328661,36.1867,41.0173,456,29029,0.294244,0.11,1,4242585,4242129,456
321340341,80.1264,69.3828,517,29320,0.420285,0.31,1,4242831,4242314,517
321346181,44.0202,42.5413,480,29464,0.438046,0.35,1,4242895,4242415,480
321404581,43.2929,42.7994,448,30868,0.759494,0.55,2,4243786,4243338,448
321407501,54.5172,53.7198,449,30937,0.765797,0.59,2,4243848,4243399,449
321410421,42.8069,41.8879,450,31005,0.768319,0.61,2,4243883,4243433,450
321413341,36.9227,36.5552,450,31073,0.781328,0.59,2,4243916,4243466,450
321419181,31.3476,30.4488,452,31209,0.798212,0.61,2,4243977,4243525,452
321427941,83.5582,65.7407,547,31413,0.933566,0.77,2,4244180,4243633,547
321644021,35.4966,34.4652,495,36056,0.7797,1,2,4247364,4246869,495
321652781,45.4958,50.0138,475,36232,0.414941,0.93,1,4247530,4247055,475
321661541,32.5997,37.4009,473,36406,0.0949562,1,1,4247633,4247160,473
321664461,35.2399,35.9604,475,36464,0.0799825,1,1,4247670,4247195,475
321667381,26.696,30.5841,469,36522,0.085993,0.92,1,4247691,4247222,469
321670301,27.4784,32.6337,463,36580,0.0403972,0.85,1,4247719,4247256,463
321673221,31.3914,35.8535,459,36638,0.0221589,0.83,1,4247753,4247294,459
321676141,32.9565,34.7414,459,36696,0.0268636,0.73,1,4247787,4247328,459
321679061,34.7826,35.4966,459,36754,0.0407454,0.69,1,4247823,4247364,459
321681981,38.513,43.5986,451,36811,0.0702982,0.37,1,4247864,4247413,451
321684901,60.4052,70.2395,438,36868,0.0701193,0.35,1,4247939,4247501,438
321687821,40.9621,45.4958,437,36925,0.0940477,0.25,1,4247967,4247530,437
321728701,35.8773,33.1793,464,37718,0.200115,0.11,1,4248459,4247995,464
321731621,26.3509,36.0717,446,37774,0.206046,0.09,1,4248479,4248033,446
321743301,31.1162,26.3586,462,37998,0.201931,0.09,1,4248602,4248140,462
321754981,61.3918,38.7052,504,38220,0.216417,0.15,1,4248791,4248287,504
321757901,42.5567,61.0821,458,38275,0.224567,0.15,1,4248821,4248363,458
321760821,36.8227,41.2328,463,38330,0.215827,0.21,1,4248854,4248391,463
321763741,36.3291,35.6931,467,38385,0.224331,0.21,1,4248890,4248423,467
321766661,26.5316,35.8773,451,38440,0.239732,0.21,1,4248910,4248459,451
321769581,32.2127,26.3509,467,38495,0.245893,0.19,1,4248946,4248479,467
321772501,27.8851,33.9404,453,38550,0.236357,0.11,1,4248971,4248518,453
321775421,26.754,27.9761,455,38605,0.232543,0.17,1,4248997,4248542,455
321778341,11.9016,26.7905,431,38660,0.231017,0.23,1,4248999,4248568,431
321781261,25.1606,31.1162,431,38715,0.254407,0.17,1,4249033,4248602,431
321857181,28.1346,26.9276,451,40109,0.75651,0.59,2,4249920,4249469,451
321860101,31.6538,10.771,485,40162,0.752604,0.61,2,4249954,4249469,485
321863021,35.4615,24.7084,489,40215,0.763042,0.65,2,4249992,4249503,489
321874701,39.2982,43.2277,489,40424,0.913246,0.67,2,4250187,4249698,489
321877621,39.7193,38.2911,494,40476,0.947298,0.67,2,4250227,4249733,494
322079101,81.1371,92.3842,486,20031,0.060016,0.51,1,4252738,4252252,486
322082021,67.8548,81.9537,470,20137,0.0660064,0.31,1,4252797,4252327,470
322084941,57.7419,63.9815,469,20242,0.0444026,0,1,4252848,4252379,469
322087861,57.8968,63.9926,463,20347,0.023761,0.09,1,4252906,4252443,463
322090781,104.159,62.797,536,20451,0.0755044,0.01,1,4253041,4252505,536
322128741,23.1629,23.8126,429,21761,0.217584,0.07,1,4253761,4253332,429
322131661,87.2652,91.1251,423,21858,0.225034,0.11,1,4253891,4253468,423
322143341,58.514,57.768,430,22244,0.440881,0.23,1,4254136,4253706,430
322146261,55.8056,54.9072,431,22339,0.446352,0.23,1,4254190,4253759,431
322149181,23.5222,23.1629,431,22434,0.448541,0.23,1,4254192,4253761,431
322152101,88.6089,87.2652,433,22529,0.449416,0.23,1,4254324,4253891,433
322155021,80.4436,34.9061,508,22623,0.437767,0.35,1,4254399,4253891,508
322157941,68.7774,55.9624,499,22717,0.445107,0.43,1,4254460,4253961,499
322160861,65.911,56.585,506,22810,0.448043,0.41,1,4254524,4254018,506
322192981,88.3697,24.0419,577,23812,0.754366,0.51,2,4255213,4254636,577
322207581,58.0911,59.6519,455,24254,0.903261,0.71,2,4255478,4255023,455
322365261,65.3473,38.6341,573,28588,0.94,1,2,4258536,4257963,573
322368181,59.1389,67.6537,541,28662,0.946,1,2,4258591,4258050,541
322403221,60.274,44.0222,530,29536,0.284853,0.57,1,4259217,4258687,530
322406141,44.5096,66.2089,483,29608,0.275941,0.59,1,4259251,4258768,483
322409061,38.2038,45.6836,485,29679,0.284376,0.57,1,4259285,4258800,485
322411981,42.8815,42.2734,491,29750,0.239751,0.41,1,4259331,4258840,491
322414901,39.3526,48.7094,475,29821,0.2819,0.49,1,4259368,4258893,475
322417821,16.941,39.8837,443,29892,0.29876,0.33,1,4259370,4258927,443
322420741,51.7764,63.9535,438,29963,0.269504,0.35,1,4259445,4259007,438
322432421,59.2567,60.274,435,30244,0.432227,0.27,1,4259652,4259217,435
322511261,56.096,53.8114,505,32079,0.761895,0.51,2,4260834,4260329,505
322514181,54.8384,56.3246,501,32145,0.790758,0.55,2,4260888,4260387,501
322528781,44.4297,40.2468,500,32473,0.934065,0.71,2,4261116,4260616,500
322616381,47.028,25.1652,547,34373,0.90232,1,2,4262411,4261864,547
322639741,38.0818,58.9626,494,34862,0.266185,1,1,4262752,4262258,494
322648501,44.2212,38.0696,521,35044,0.0671959,0.85,1,4262879,4262358,521
322651421,37.4885,47.0278,501,35104,0.0448783,0.89,1,4262912,4262411,501
322654341,42.5954,39.8111,512,35164,0.0359513,0.77,1,4262958,4262446,512
322657261,44.0382,48.9245,502,35224,0.0323805,0.67,1,4263003,4262501,502
322660181,35.6153,47.7698,485,35284,0.0429522,0.59,1,4263033,4262548,485
322663101,30.4461,42.5079,473,35344,0.0831809,0.57,1,4263060,4262587,473
322680621,14.7117,37.0531,426,35702,0.0981436,0.03,1,4263256,4262830,426
322686461,33.7939,37.4885,424,35820,0.216103,0.03,1,4263336,4262912,424
322689381,41.1175,42.5954,424,35879,0.212441,0.03,1,4263382,4262958,424
322695221,37.2988,35.6153,426,35997,0.265591,0.11,1,4263459,4263033,426
322721501,34.0579,33.7939,430,36522,0.400963,0.21,1,4263766,4263336,430
322733181,31.9231,30.5195,436,36754,0.435689,0.31,1,4263921,4263485,436
322736101,42.7692,41.0078,438,36811,0.420275,0.39,1,4263971,4263533,438
322739021,53.1077,51.8031,439,36868,0.41411,0.39,1,4264031,4263592,439
322741941,33.2431,32.7212,439,36925,0.435644,0.35,1,4264051,4263612,439
322744861,36.0972,35.8885,439,36982,0.444258,0.37,1,4264089,4263650,439
322750701,14.6556,14.8622,438,37096,0.441881,0.35,1,4264123,4263685,438
322753621,35.2622,34.1449,440,37153,0.446753,0.35,1,4264172,4263732,440
322756541,35.7049,13.6579,476,37210,0.400701,0.43,1,4264208,4263732,476
322759461,44.282,25.8632,492,37267,0.41828,0.51,1,4264258,4263766,492
322762381,42.9128,39.1453,486,37324,0.437312,0.49,1,4264300,4263814,486
322809101,56.3126,41.2424,513,38220,0.766107,0.59,2,4264923,4264410,513
322812021,34.525,53.697,471,38275,0.792443,0.61,2,4264943,4264472,471
322838301,36.9015,40.2596,455,38770,0.929761,0.67,2,4265236,4264781,455
323036861,31.1799,21.3407,534,42312,0.9004,1,2,4267729,4267195,534
323039781,31.0719,30.7363,528,42362,0.78616,1,2,4267760,4267232,528
323051461,37.4146,30.4796,513,42562,0.223214,1,1,4267913,4267400,513
323054381,32.9659,37.3919,501,42612,0.0952855,1,1,4267943,4267442,501
323057301,34.7863,36.5567,501,42662,0.0561142,1,1,4267979,4267478,501
323060221,34.9145,32.0227,507,42711,0.0404457,1,1,4268014,4267507,507
323063141,33.1658,46.4091,483,42760,0.0341783,1,1,4268046,4267563,483
323066061,39.6663,38.9636,493,42809,0.0316713,1,1,4268090,4267597,493
323068981,34.4665,37.1855,488,42858,0.0186685,1,1,4268121,4267633,488
323071901,22.7866,32.8742,473,42907,0.00746741,0.96,1,4268136,4267663,473
323074821,28.3146,35.9497,467,42956,0.080987,0.85,1,4268168,4267701,467
323080661,22.4103,12.4719,482,43054,0.0741579,0.71,1,4268211,4267729,482
323086501,30.4657,32.2355,477,43152,0.0730653,0.45,1,4268275,4267798,477
323101101,33.8707,34.7557,456,43397,0.0760602,0.03,1,4268435,4267979,456
323104021,33.9483,34.9023,455,43446,0.0304241,0.03,1,4268469,4268014,455
323112781,23.4127,34.4657,438,43592,0.0861871,0,1,4268559,4268121,438
323115701,30.9651,22.7863,459,43640,0.0644749,0.13,1,4268595,4268136,459
323118621,24.386,28.3145,447,43688,0.0557899,0.13,1,4268615,4268168,447
323121541,22.9544,24.5258,447,43736,0.028316,0.05,1,4268637,4268190,447
323124461,29.5818,22.4103,460,43784,0.0293264,0.13,1,4268671,4268211,460
323127381,29.2327,28.1641,457,43832,0.0297306,0.05,1,4268700,4268243,457
323130301,36.8931,30.4657,467,43880,0.0538922,0.15,1,4268742,4268275,467
323133221,29.7572,34.3863,455,43928,0.0635569,0.17,1,4268767,4268312,455
323144901,33.2434,33.8707,456,44120,0.0550991,0,1,4268891,4268435,456
323147821,45.0974,33.9483,475,44168,0.0400396,0.19,1,4268944,4268469,475
323150741,32.4389,40.5793,454,44216,0.0340158,0.15,1,4268968,4268514,454
323153661,21.3756,33.0317,440,44264,0.0316063,0.05,1,4268982,4268542,440
323156581,30.1502,23.4127,459,44312,0.0306425,0.05,1,4269018,4268559,459
323159501,24.0601,30.9651,443,44360,0.054257,0.05,1,4269038,4268595,443
323162421,22.224,24.386,444,44408,0.0757028,0.01,1,4269059,4268615,444
323165341,29.2896,22.9544,456,44456,0.0722811,0.03,1,4269093,4268637,456
323168261,12.9158,29.5818,424,44503,0.0709125,0.03,1,4269095,4268671,424
323171181,21.9663,29.2327,423,44550,0.082365,0.07,1,4269123,4268700,423
323185781,27.1328,30.6085,423,44785,0.224591,0,1,4269279,4268856,423
323209141,29.7817,29.2896,425,45161,0.215826,0.07,1,4269518,4269093,425
323212061,13.1127,12.9158,425,45208,0.22433,0.09,1,4269520,4269095,425
323214981,22.6451,21.9663,426,45255,0.215732,0.17,1,4269549,4269123,426
323217901,36.658,35.1865,428,45302,0.248293,0.19,1,4269595,4269167,428
323220821,30.2632,29.0746,429,45349,0.237317,0.19,1,4269621,4269192,429
323223741,31.3053,30.8298,429,45396,0.268927,0.19,1,4269653,4269224,429
323226661,32.9221,30.3319,433,45442,0.233571,0.25,1,4269687,4269254,433
323229581,28.1688,27.1328,433,45488,0.207428,0.17,1,4269712,4269279,433
323255861,13.4218,13.1127,431,45902,0.228622,0.21,1,4269951,4269520,431
323258781,23.3687,22.6451,432,45948,0.265449,0.21,1,4269981,4269549,432
323261701,36.9475,9.05803,478,45994,0.26818,0.27,1,4270027,4269549,478
323264621,30.379,31.2232,458,46040,0.281272,0.23,1,4270053,4269595,458
323267541,31.9516,28.0893,465,46086,0.286509,0.29,1,4270086,4269621,465
323270461,30.7806,30.4357,463,46132,0.288603,0.21,1,4270116,4269653,463
323285061,20.911,32.2019,440,46362,0.401461,0.11,1,4270258,4269818,440
323287981,33.5644,21.2808,468,46407,0.418584,0.17,1,4270300,4269832,468
323290901,26.6258,31.9123,451,46452,0.425434,0.21,1,4270322,4269871,451
323293821,23.2503,25.9649,450,46497,0.416173,0.17,1,4270343,4269893,450
323358061,29.2239,32.3418,447,47485,0.754402,0.53,2,4270968,4270521,447
323360981,30.8895,31.5367,448,47529,0.751761,0.55,2,4271000,4270552,448
323372661,34.1508,32.7129,454,47705,0.906045,0.67,2,4271139,4270685,454
323375581,23.2603,22.0852,455,47749,0.932418,0.67,2,4271155,4270700,455
323378501,34.5041,34.0341,455,47793,0.942967,0.67,2,4271197,4270742,455
323381421,27.0016,26.8136,455,47837,0.935187,0.67,2,4271219,4270764,455
323384341,24.6007,25.1255,454,47881,0.944075,0.65,2,4271242,4270788,454
323387261,33.2403,33.4502,454,47925,0.93563,0.65,2,4271281,4270827,454
323390181,14.4961,14.5801,454,47969,0.932252,0.67,2,4271283,4270829,454
323393101,24.9984,24.432,455,48013,0.906901,0.71,2,4271315,4270860,455
323422301,24.0741,23.2603,467,48453,0.94402,0.95,2,4271622,4271155,467
323598961,314.378,333.683,481,23360,0.442,0.67,1,4273729,4273248,481
323636921,224.151,250.473,450,23360,0.2308,0.53,1,4273893,4273443,450
323642761,92.8642,100.796,454,23541,0.059728,0.07,1,4274018,4273564,454
323645681,86.3457,72.7183,482,23631,0.0418912,0.03,1,4274100,4273618,482
323648601,50.1383,72.8873,435,23721,0.0347565,0.01,1,4274126,4273691,435
323651521,31.4553,43.5549,430,23810,0.0199026,0.07,1,4274145,4273715,430
323654441,48.5821,25.822,476,23899,0.037961,0.01,1,4274205,4273729,476
323657361,48.2328,58.3288,444,23988,0.0331844,0.01,1,4274253,4273809,444
323660281,58.8931,58.1315,452,24076,0.0672738,0.07,1,4274319,4273867,452
323666121,64.9829,72.541,423,24252,0.0599638,0.03,1,4274441,4274018,423
323669041,75.1932,78.2164,423,24339,0.0659855,0.03,1,4274523,4274100,423
323671961,45.6773,46.8866,423,24426,0.0563942,0.01,1,4274549,4274126,423
323674881,29.0709,30.1546,422,24513,0.0525577,0.05,1,4274567,4274145,422
323677801,48.8284,48.0618,424,24599,0.0270231,0.03,1,4274629,4274205,424
323680721,47.7313,48.0247,423,24685,0.0528092,0.09,1,4274676,4274253,423
323683641,61.0925,58.8099,427,24771,0.0391237,0.13,1,4274746,4274319,427
323686561,53.237,52.924,426,24857,0.0696495,0.03,1,4274794,4274368,426
323736201,66.5536,54.8797,502,26268,0.260398,0.21,1,4275721,4275219,502
323753721,61.4461,48.0255,500,26748,0.424571,0.19,1,4276024,4275524,500
323800441,51.1739,49.0855,451,27988,0.784263,0.63,2,4276797,4276346,451
323835481,60.7598,63.3149,521,28882,0.932485,0.89,2,4277443,4276922,521
323838401,71.1039,59.526,542,28955,0.942994,0.87,2,4277521,4276979,542
323841321,29.6416,70.6104,466,29028,0.947198,0.91,2,4277523,4277057,466
323914321,53.7358,54.1393,484,30798,0.94,1,2,4278749,4278265,484
323943521,54.4072,36.9598,546,31479,0.261705,0.9,1,4279232,4278686,546
323949361,57.1851,64.8336,528,31613,0.0742729,0.97,1,4279350,4278822,528
323952281,58.8741,62.5334,527,31680,0.0597091,0.85,1,4279410,4278883,527
323955201,42.1496,68.2134,486,31747,0.0658837,0.81,1,4279441,4278955,486
323958121,52.2598,45.2853,515,31814,0.0323535,0.63,1,4279500,4278985,515
323961041,33.5039,58.3141,469,31881,0.0669414,0.47,1,4279521,4279052,469
323963961,26.0016,39.5257,463,31947,0.0567766,0.43,1,4279542,4279079,463
323966881,23.6006,29.6103,462,32013,0.0647106,0.29,1,4279564,4279102,462
323969801,29.2403,28.0441,468,32079,0.0558842,0.37,1,4279597,4279129,468
323981481,59.1454,57.1851,483,32343,0.0773186,0.05,1,4279833,4279350,483
323984401,42.8581,58.8741,455,32408,0.0609275,0.07,1,4279865,4279410,455
323987321,51.3433,42.1496,481,32473,0.078371,0.01,1,4279922,4279441,481
323990241,34.3373,52.2598,445,32538,0.0493484,0.09,1,4279945,4279500,445
323993161,25.7349,33.5039,444,32603,0.0497394,0.05,1,4279965,4279521,444
323996081,22.894,26.0016,444,32668,0.0378957,0.07,1,4279986,4279542,444
323999001,30.7576,23.6006,458,32733,0.0451583,0.05,1,4280022,4279564,458
324001921,13.503,29.2403,427,32798,0.0480633,0.17,1,4280024,4279597,427
324004841,44.4012,48.8961,430,32862,0.0852253,0.21,1,4280089,4279659,430
324016521,42.1239,42.8581,424,33118,0.0869018,0.09,1,4280289,4279865,424
324019441,51.0495,51.3433,424,33182,0.0767607,0.03,1,4280346,4279922,424
324022361,33.6198,34.3373,423,33246,0.0727043,0.05,1,4280368,4279945,423
324025281,26.0479,25.7349,424,33310,0.0830817,0.03,1,4280389,4279965,424
324028201,22.4192,22.894,423,33373,0.0632327,0.05,1,4280409,4279986,423
324031121,31.1677,30.7576,424,33436,0.0432931,0.05,1,4280446,4280022,424
324034041,13.6671,13.503,424,33499,0.0353172,0.11,1,4280448,4280024,424
324036961,46.2668,44.4012,427,33562,0.0321269,0.15,1,4280516,4280089,427
324039881,55.1067,52.5605,430,33625,0.0668508,0.21,1,4280577,4280147,430
324042801,52.0427,51.0242,430,33688,0.0687403,0.07,1,4280627,4280197,430
324045721,53.8171,55.8097,426,33751,0.0814961,0.07,1,4280682,4280256,426
324069081,45.6521,46.2668,423,34249,0.212084,0.03,1,4280939,4280516,423
324072001,54.8609,18.5067,484,34311,0.234834,0.09,1,4281000,4280516,484
324074921,52.5443,44.0027,474,34373,0.267934,0.07,1,4281051,4280577,474
324142081,44.1353,54.6742,448,35761,0.76071,0.57,2,4281934,4281486,448
324145001,54.2541,57.2697,450,35820,0.790284,0.57,2,4281995,4281545,450
324180041,55.0281,54.2541,460,36522,0.909617,0.81,2,4282455,4281995,460
324182961,40.0112,39.7016,460,36580,0.921847,0.81,2,4282485,4282025,460
324185881,54.4045,52.4807,463,36638,0.914739,0.83,2,4282549,4282086,463
324188801,34.9618,34.1923,463,36696,0.935896,0.87,2,4282571,4282108,463
324191721,25.9847,25.6769,463,36754,0.944358,0.83,2,4282591,4282128,463
324194641,22.3939,22.2708,463,36811,0.947743,0.81,2,4282611,4282148,463
324197561,34.1576,34.7083,462,36868,0.937097,0.81,2,4282653,4282191,462
324331881,37.3129,39.9623,489,39418,0.9112,1,2,4284458,4283969,489
324375681,26.9983,23.9701,486,40215,0.0874942,0.77,1,4284974,4284488,486
324393201,39.25,48.6275,465,40528,0.209141,0.11,1,4285168,4284703,465
324396121,36.1,41.651,462,40580,0.233656,0.17,1,4285202,4284740,462
324399041,39.04,35.2604,472,40632,0.219463,0.09,1,4285243,4284771,472
324401961,40.216,42.3042,466,40684,0.237785,0.11,1,4285284,4284818,466
324404881,38.8864,42.1217,462,40736,0.293114,0.17,1,4285322,4284860,462
324419481,26.8366,27.5993,452,40996,0.419977,0.15,1,4285454,4285002,452
324422401,28.7346,26.6397,456,41047,0.413991,0.15,1,4285484,4285028,456
324425321,24.0939,25.6559,452,41098,0.423596,0.17,1,4285505,4285053,452
324472041,40.4921,39.015,446,41912,0.751133,0.47,2,4286045,4285599,446
324474961,36.5968,36.606,445,41962,0.750453,0.49,2,4286079,4285634,445
324477881,39.8387,39.2424,446,42012,0.762181,0.55,2,4286121,4285675,446
324480801,42.3355,41.497,447,42062,0.778873,0.57,2,4286165,4285718,447
324483721,45.1342,42.3988,451,42112,0.785549,0.61,2,4286212,4285761,451
324553801,42.6627,48.1811,500,43299,0.938579,0.87,2,4286966,4286466,500
324714401,32.7179,23.6128,522,45902,0.947536,1,2,4288787,4288265,522
324723161,30.6059,30.3112,531,46040,0.759282,1,2,4288865,4288334,531
324737761,43.3665,42.1059,512,46270,0.445141,1,1,4289045,4288533,512
324746521,40.2635,37.3268,511,46407,0.222169,1,1,4289149,4288638,511
324772801,25.1712,34.4424,480,46812,0.200557,0.67,1,4289382,4288902,480
324778641,27.6674,31.7908,475,46902,0.203689,0.51,1,4289437,4288962,475
324781561,39.867,31.9163,491,46947,0.243476,0.37,1,4289485,4288994,491
324784481,32.7468,43.3665,468,46992,0.21139,0.33,1,4289513,4289045,468
324787401,27.4987,34.1466,464,47037,0.222556,0.25,1,4289537,4289073,464
324790321,37.3995,31.6586,478,47082,0.227022,0.17,1,4289581,4289103,478
324793241,28.1598,40.2635,454,47127,0.276809,0.15,1,4289603,4289149,454
324796161,19.0639,31.7054,441,47172,0.284724,0.19,1,4289616,4289175,441
324799081,27.4256,20.4822,461,47217,0.299889,0.17,1,4289649,4289188,461
324802001,28.9702,28.5929,457,47262,0.293956,0.13,1,4289679,4289222,457
324804921,27.1881,29.4371,453,47307,0.291582,0.13,1,4289705,4289252,453
324807841,16.8752,27.3749,437,47352,0.290633,0.15,1,4289715,4289278,437
324810761,7.95009,17.5499,428,47397,0.290253,0.13,1,4289717,4289289,428
324819521,26.1888,25.1712,433,47529,0.413856,0.19,1,4289815,4289382,433
324822441,24.8755,25.6685,431,47573,0.411542,0.21,1,4289839,4289408,431
324825361,27.9502,27.6674,432,47617,0.446617,0.27,1,4289869,4289437,432
324930481,37.8974,28.618,494,49184,0.771491,0.61,2,4290910,4290416,494
324933401,29.559,38.4472,473,49227,0.782596,0.61,2,4290934,4290461,473
324936321,19.0236,29.7789,461,49270,0.787039,0.61,2,4290946,4290485,461
324948001,17.1238,27.4791,461,49442,0.900708,0.61,2,4291050,4290589,461
324950921,8.04952,16.9917,453,49485,0.906283,0.65,2,4291052,4290599,453
324956761,35.6079,29.5987,493,49571,0.904605,0.67,2,4291138,4290645,493
324962601,25.6173,27.2958,479,49656,0.928337,0.67,2,4291185,4290706,479
325161161,30.9134,24.5867,522,52460,0.91792,1,2,4293147,4292625,522
325164081,23.1653,26.6347,512,52500,0.925168,1,2,4293165,4292653,512
325167001,20.6661,30.4539,498,52540,0.916067,1,2,4293184,4292686,498
325169921,23.2665,24.7815,502,52580,0.900427,1,2,4293209,4292707,502
325172841,27.3066,32.1126,495,52620,0.906171,1,2,4293239,4292744,495
325175761,39.7226,32.045,511,52660,0.920468,0.96,2,4293287,4292776,511
325178681,35.6891,33.818,509,52700,0.902187,1,2,4293320,4292811,509
325222481,19.8723,23.2665,470,53300,0.900469,0.91,2,4293679,4293209,470
325225401,25.3489,27.3066,469,53339,0.930188,0.93,2,4293708,4293239,469
325451701,213.495,240.153,470,26280,0.244,1,1,4296317,4295847,470
325485281,169.159,185.904,448,26280,0.08344,0.27,1,4296557,4296109,448
325508641,102.464,114.562,439,26280,0.051376,0.35,1,4296615,4296176,439
325511561,45.7855,53.6247,434,26361,0.0505504,0.27,1,4296623,4296189,434
325514481,32.7142,35.2499,435,26441,0.0982202,0.21,1,4296647,4296212,435
325517401,67.6857,39.3,484,26521,0.0452881,0.01,1,4296738,4296254,484
325520321,60.6743,68.52,452,26601,0.0481152,0.05,1,4296794,4296342,452
325523241,57.2697,67.608,440,26681,0.0372461,0.03,1,4296849,4296409,440
325526161,70.3079,69.6432,448,26760,0.0568984,0.03,1,4296928,4296480,448
325529081,59.3232,56.0573,453,26839,0.0767594,0.05,1,4296980,4296527,453
325534921,33.1317,35.6092,442,26997,0.212682,0.05,1,4297038,4296596,442
325537841,19.2527,30.4437,425,27075,0.235073,0.13,1,4297048,4296623,425
325540761,20.9011,26.5775,423,27153,0.256029,0.01,1,4297070,4296647,423
325543681,62.9604,65.231,423,27231,0.216412,0.05,1,4297161,4296738,423
325549521,56.5137,56.877,423,27387,0.0814259,0.07,1,4297272,4296849,423
325552441,71.2055,70.1508,425,27464,0.0385703,0.09,1,4297353,4296928,425
325555361,60.8822,59.2603,427,27541,0.0334281,0.21,1,4297407,4296980,427
325558281,44.7529,42.3041,430,27618,0.0193713,0.25,1,4297441,4297011,430
325561201,36.5011,33.1216,434,27695,0.0377485,0.25,1,4297472,4297038,434
325564121,20.0005,19.2487,433,27771,0.0330994,0.27,1,4297481,4297048,433
325567041,21.2002,20.8995,433,27847,0.0672398,0.19,1,4297503,4297070,433
325578721,69.6963,71.2054,422,28150,0.0692573,0.03,1,4297775,4297353,422
325581641,60.2785,60.8822,422,28225,0.0457029,0.01,1,4297829,4297407,422
325584561,45.1114,44.7529,423,28300,0.0362812,0.05,1,4297864,4297441,423
325587481,36.0446,36.5011,422,28375,0.0805125,0.05,1,4297894,4297472,422
325590401,20.4178,14.6005,432,28450,0.074205,0.03,1,4297904,4297472,432
325593321,22.5671,11.2402,447,28524,0.095682,0.09,1,4297928,4297481,447
325607921,58.9754,69.6066,475,28893,0.0979686,0.03,1,4298250,4297775,475
325610841,45.1902,60.2426,457,28966,0.0571874,0.03,1,4298286,4297829,457
325613761,37.2761,45.0971,454,29039,0.076875,0.11,1,4298318,4297864,454
325616681,20.9104,36.0388,434,29112,0.09675,0.07,1,4298328,4297894,434
325625441,58.8423,64.2265,481,29330,0.237792,0.13,1,4298501,4298020,481
325628361,51.1369,57.4906,474,29402,0.245117,0.15,1,4298547,4298073,474
325631281,64.8548,50.5962,502,29474,0.272047,0.09,1,4298621,4298119,502
325634201,57.1419,66.4385,477,29546,0.282819,0.09,1,4298673,4298196,477
325637121,44.4568,58.9754,459,29618,0.287127,0.03,1,4298709,4298250,459
325640041,38.7827,45.1902,458,29689,0.264851,0.09,1,4298744,4298286,458
325642961,21.5131,37.2761,436,29760,0.27994,0.11,1,4298754,4298318,436
325645881,24.2052,20.9104,452,29831,0.297976,0.15,1,4298780,4298328,452
325654641,57.6611,58.8423,433,30044,0.43883,0.25,1,4298934,4298501,433
325718881,70.8314,52.822,532,31556,0.79517,0.69,2,4299960,4299428,532
325745161,55.1114,60.1963,509,32154,0.926951,0.75,2,4300337,4299828,509
325859041,29.6318,28.2789,511,34626,0.918409,1,2,4302033,4301522,511
325861961,28.6527,25.7116,515,34687,0.901363,1,2,4302061,4301546,515
326016721,40.6493,55.8404,508,37781,0.7972,1,2,4304263,4303755,508
326022561,40.4639,40.4945,512,37893,0.433552,1,1,4304343,4303831,512
326025481,35.9856,35.9978,512,37949,0.263421,1,1,4304376,4303864,512
326031321,34.5577,33.8396,515,38061,0.0493473,1,1,4304445,4303930,515
326034241,30.0231,32.7359,510,38117,0.0257389,1,1,4304472,4303962,510
326037161,35.4092,31.0943,519,38172,0.0282956,1,1,4304511,4303992,519
326040081,44.1637,34.0377,533,38227,0.0293182,1,1,4304561,4304028,533
326043001,40.4655,43.6151,521,38282,0.0117273,1,1,4304599,4304078,521
326045921,34.1862,48.646,499,38337,0.00469092,1,1,4304629,4304130,499
326048841,50.2745,38.0584,529,38392,0.0558764,0.83,1,4304690,4304161,529
326051761,35.1098,59.6234,480,38447,0.0883506,0.73,1,4304715,4304235,480
326057601,34.7776,39.6597,482,38557,0.0825361,0.29,1,4304784,4304302,482
326060521,29.511,40.4639,467,38612,0.0870144,0.15,1,4304810,4304343,467
326063441,13.0044,35.9856,436,38667,0.0648058,0.03,1,4304812,4304376,436
326069281,26.5607,34.5577,424,38777,0.0691689,0.01,1,4304869,4304445,424
326072201,25.6243,30.0231,422,38831,0.0696676,0.03,1,4304894,4304472,422
326075121,33.6497,35.4092,422,38885,0.069867,0.03,1,4304933,4304511,422
326078041,44.6599,44.1637,424,38939,0.0339468,0,1,4304985,4304561,424
326080961,42.464,40.4655,427,38993,0.0315787,0,1,4305026,4304599,427
326083881,35.5856,34.1862,428,39047,0.0546315,0.09,1,4305057,4304629,428
326086801,49.6342,50.2745,426,39101,0.0758526,0.11,1,4305116,4304690,426
326089721,34.8537,35.1098,426,39155,0.096341,0.11,1,4305141,4304715,426
326116001,44.3464,44.6599,422,39638,0.0606345,0.03,1,4305407,4304985,422
326118921,42.9386,42.464,423,39691,0.0302538,0.07,1,4305449,4305026,423
326121841,36.9754,35.5856,425,39744,0.0181015,0.09,1,4305482,4305057,425
326124761,50.7902,49.6342,426,39797,0.0612406,0.11,1,4305542,4305116,426
326127681,34.7161,34.8537,425,39850,0.0904962,0.13,1,4305566,4305141,425
326133521,34.2346,34.1366,427,39956,0.0948794,0.17,1,4305636,4305209,427
326148121,21.8162,23.4011,449,40221,0.0941204,0.19,1,4305742,4305293,449
326156881,42.0522,44.2657,463,40377,0.0657837,0.01,1,4305870,4305407,463
326159801,36.6209,42.9063,454,40429,0.0443135,0.01,1,4305903,4305449,454
326162721,51.8484,36.9625,483,40481,0.0357254,0.09,1,4305965,4305482,483
326165641,35.7393,50.785,448,40533,0.0322902,0.11,1,4305990,4305542,448
326168561,36.4957,34.714,461,40585,0.0429161,0.11,1,4306027,4305566,461
326171481,33.7983,36.0856,456,40637,0.0471664,0.09,1,4306059,4305603,456
326174401,32.7193,34.2342,455,40689,0.0608666,0.13,1,4306091,4305636,455
326177321,14.2877,31.6937,427,40741,0.0663466,0.13,1,4306093,4305666,427
326180241,23.1151,13.8775,454,40793,0.0685387,0.11,1,4306122,4305668,454
326191921,41.2477,30.3265,475,41001,0.206667,0.13,1,4306253,4305778,475
326194841,39.8991,42.1306,464,41052,0.232667,0.03,1,4306292,4305828,464
326197761,35.7596,42.0522,455,41103,0.255067,0.03,1,4306325,4305870,455
326200681,51.5039,36.6209,484,41154,0.240027,0.03,1,4306387,4305903,484
326203601,35.6015,51.8484,447,41205,0.258011,0.03,1,4306412,4305965,447
326206521,37.0406,35.7393,460,41256,0.265204,0.05,1,4306450,4305990,460
326209441,34.0162,36.4957,455,41307,0.268082,0.05,1,4306482,4306027,455
326212361,33.4065,33.7983,456,41358,0.293233,0.07,1,4306515,4306059,456
326232801,42.5583,41.2477,434,41715,0.426133,0.25,1,4306687,4306253,434
326235721,40.4233,39.8991,434,41766,0.416453,0.27,1,4306726,4306292,434
326238641,36.5693,35.7596,435,41817,0.436581,0.23,1,4306760,4306325,435
326241561,50.6277,51.5039,433,41867,0.432632,0.27,1,4306820,4306387,433
326323321,52.037,36.37,513,43255,0.759026,0.67,2,4307715,4307202,513
326326241,38.8148,51.148,482,43304,0.789611,0.69,2,4307745,4307263,482
326329161,38.9259,37.8592,492,43353,0.789844,0.71,2,4307784,4307292,492
326332081,35.9704,37.9437,488,43402,0.789938,0.65,2,4307818,4307330,488
326335001,35.3881,36.1775,488,43451,0.789975,0.71,2,4307853,4307365,488
326337921,15.3553,34.871,456,43500,0.78999,0.71,2,4307855,4307399,456
326340841,24.1421,15.1484,484,43549,0.789996,0.69,2,4307885,4307401,484
326343761,26.4568,24.6594,481,43597,0.789998,0.67,2,4307913,4307432,481
326346681,11.7827,26.0637,456,43645,0.789999,0.71,2,4307915,4307459,456
326349601,20.3131,11.6255,480,43693,0.79,0.71,2,4307941,4307461,480
326361281,36.7792,41.7312,490,43885,0.925936,0.71,2,4308109,4307619,490
326532101,93.8471,97.2801,510,21469,0.91,1,2,4310164,4309654,510
326540861,57.6782,71.6259,493,21764,0.75544,1,2,4310370,4309877,493
326572981,70.5319,83.6288,511,22813,0.796773,0.67,2,4311091,4310580,511
326596341,70.0565,70.529,530,23546,0.900584,0.83,2,4311621,4311091,530
326695621,61.2608,91.4854,527,26434,0.944797,1,2,4313680,4313153,527
326718981,70.9399,97.6519,473,27068,0.404718,0.94,1,4314116,4313643,473
326721901,48.776,61.2608,470,27146,0.407887,0.97,1,4314150,4313680,470
326724821,39.3104,45.5043,468,27224,0.433155,0.83,1,4314183,4313715,468
326727741,36.7242,44.0017,460,27302,0.431262,0.77,1,4314218,4313758,460
326739421,66.2825,71.3744,444,27611,0.438288,0.45,1,4314447,4314003,444
326765701,66.0821,66.2825,443,28293,0.763768,0.47,2,4314890,4314447,443
326768621,39.6329,39.713,443,28368,0.767507,0.47,2,4314912,4314469,443
326774461,51.8213,58.5541,487,28517,0.772001,0.61,2,4315043,4314556,487
326803661,44.9173,51.8203,499,29251,0.924453,0.85,2,4315542,4315043,499
327048941,35.0796,36.4789,513,34803,0.9316,1,2,4319444,4318931,513
327054781,41.4927,39.1966,522,34925,0.786256,1,2,4319526,4319004,522
327075221,34.7081,42.9937,504,35346,0.435467,1,1,4319831,4319327,504
327078141,46.8832,39.9975,521,35406,0.432187,0.94,1,4319886,4319365,521
327139461,71.8223,69.9696,449,36640,0.754211,0.57,2,4320677,4320228,449
327142381,38.3289,36.9878,450,36698,0.787684,0.55,2,4320693,4320243,450
327145301,33.3316,33.3951,449,36756,0.777074,0.57,2,4320723,4320274,449
327165741,23.0246,23.099,451,37155,0.924869,0.63,2,4320945,4320494,451
327168661,42.2098,9.23961,506,37212,0.915947,0.65,2,4321000,4320494,506
327171581,37.8839,36.0958,487,37269,0.924379,0.69,2,4321035,4320548,487
327364301,46.1868,61.6237,515,40842,0.918371,1,2,4323576,4323061,515
327370141,39.4299,38.7798,528,40946,0.757739,1,2,4323651,4323123,528
327454821,29.243,30.4372,448,42414,0.769994,0.57,2,4324592,4324144,448
327457741,32.6972,31.9749,450,42464,0.793998,0.55,2,4324627,4324177,450
327460661,22.6789,22.99,449,42514,0.791599,0.63,2,4324643,4324194,449
327469421,40.8114,39.0314,452,42664,0.906262,0.61,2,4324762,4324310,452
327472341,22.3246,21.6125,452,42713,0.908505,0.61,2,4324772,4324320,452
327475261,20.9298,20.645,452,42762,0.921402,0.63,2,4324792,4324340,452
327478181,32.3719,31.658,453,42811,0.938561,0.67,2,4324832,4324379,453
327816901,159.473,165.354,465,21997,0.239885,0.29,1,4328618,4328153,465
327819821,123.189,118.942,476,22093,0.281954,0.27,1,4328717,4328241,476
327831501,54.7968,70.5137,431,22475,0.435618,0.19,1,4328947,4328516,431
327860701,90.4413,59.9506,556,23401,0.785801,0.62,2,4329606,4329050,556
327863621,74.5765,85.7803,517,23492,0.78832,0.63,2,4329670,4329153,517
327866541,71.2306,73.3121,521,23582,0.777328,0.67,2,4329739,4329218,521
327869461,60.2922,69.5248,507,23672,0.784931,0.67,2,4329792,4329285,507
327872381,57.7169,59.6099,510,23762,0.775973,0.73,2,4329848,4329338,510
327875301,41.0868,55.644,487,23851,0.772389,0.73,2,4329878,4329391,487
327878221,62.6347,40.2576,534,23940,0.770956,0.77,2,4329955,4329421,534
327881141,26.2539,61.103,461,24029,0.770382,0.81,2,4329957,4329496,461
327884061,75.9016,90.4412,460,24117,0.794153,0.79,2,4330066,4329606,460
327892821,59.8177,60.2922,461,24380,0.909786,0.77,2,4330253,4329792,461
327895741,56.9271,57.7169,460,24467,0.945914,0.77,2,4330308,4329848,460
327997941,58.5862,47.6142,503,27336,0.91528,1,2,4332309,4331806,503
328018381,47.0348,54.9137,478,27873,0.0459215,1,1,4332683,4332205,478
328021301,40.4139,42.9655,479,27949,0.0843686,0.87,1,4332719,4332240,479
328024221,51.5656,58.5862,469,28025,0.0637474,0.83,1,4332778,4332309,469
328027141,39.2262,45.0345,464,28101,0.043499,0.57,1,4332809,4332345,464
328030061,51.6905,63.6138,448,28176,0.0353996,0.35,1,4332869,4332421,448
328032981,57.8762,68.0455,439,28251,0.0201598,0.31,1,4332931,4332492,439
328035901,42.3505,49.4182,434,28326,0.0500639,0.05,1,4332963,4332529,434
328038821,54.1402,62.9673,424,28401,0.0980256,0.05,1,4333025,4332601,424
328050501,51.1668,37.996,480,28698,0.0661094,0.05,1,4333199,4332719,480
328053421,39.0667,50.5984,452,28772,0.0804438,0.03,1,4333230,4332778,452
328056341,51.6267,38.8394,481,28846,0.0321775,0.03,1,4333290,4332809,481
328059261,60.2507,51.5357,487,28919,0.030871,0.01,1,4333356,4332869,487
328062181,42.7003,57.8143,456,28992,0.0543484,0.07,1,4333387,4332931,456
328065101,55.4801,42.3257,488,29065,0.0637394,0.13,1,4333451,4332963,488
328068021,41.992,54.1303,459,29138,0.0674957,0.15,1,4333484,4333025,459
328070941,44.3968,40.8521,473,29211,0.0929983,0.19,1,4333530,4333057,473
328076781,49.9435,39.4163,483,29355,0.0952797,0.03,1,4333623,4333140,483
328079701,39.1774,51.1665,456,29427,0.0921119,0.09,1,4333655,4333199,456
328082621,49.871,39.0666,482,29499,0.0908448,0,1,4333712,4333230,482
328085541,60.1484,51.6266,489,29571,0.0903379,0.03,1,4333779,4333290,489
328088461,43.2594,60.2507,455,29643,0.0901352,0.07,1,4333811,4333356,455
328111821,48.825,49.871,426,30209,0.229065,0.09,1,4334138,4333712,426
328114741,59.73,60.1484,426,30279,0.289626,0.09,1,4334205,4333779,426
328132261,36.1773,35.7652,428,30696,0.400049,0.17,1,4334421,4333993,428
328181901,43.9469,57.7966,482,31848,0.76916,0.55,2,4335222,4334740,482
328184821,18.7788,43.5186,450,31914,0.781664,0.59,2,4335224,4334774,450
328187741,36.3115,18.6075,496,31980,0.786666,0.57,2,4335272,4334776,496
328228621,29.5867,42.3799,464,32894,0.919856,0.83,2,4335875,4335411,464
328231541,46.6347,52.352,463,32958,0.925942,0.85,2,4335933,4335470,463
328336661,57.942,45.2961,544,35193,0.9172,1,2,4337533,4336989,544
328342501,38.6707,47.0874,508,35313,0.774352,1,2,4337606,4337098,508
328354181,34.086,46.8918,500,35553,0.435455,1,1,4337749,4337249,500
328360021,34.8538,30.4227,515,35671,0.219673,1,1,4337819,4337304,515
328374621,41.443,47.1768,462,35966,0.085971,0.73,1,4338035,4337573,462
328377541,33.3772,38.6707,457,36025,0.0883884,0.63,1,4338063,4337606,457
328380461,29.5509,33.4683,454,36084,0.0773554,0.49,1,4338090,4337636,454
328383381,34.0204,42.7873,442,36143,0.0849421,0.41,1,4338127,4337685,442
328386301,31.6081,35.7149,441,36201,0.0999769,0.41,1,4338157,4337716,441
328395061,33.6549,34.8538,432,36375,0.0968785,0.11,1,4338251,4337819,432
328403821,33.9299,35.5186,426,36549,0.20804,0.11,1,4338363,4337937,426
328406741,51.972,52.6075,426,36607,0.209216,0.07,1,4338427,4338001,426
328409661,41.1888,41.443,426,36665,0.245686,0.09,1,4338461,4338035,426
328412581,32.0755,33.3772,424,36723,0.236275,0.07,1,4338487,4338063,424
328415501,29.6302,29.5509,425,36781,0.29251,0.09,1,4338515,4338090,425
328438861,35.5728,18.3299,456,37237,0.404336,0.23,1,4338793,4338337,456
328441781,53.2291,22.932,495,37294,0.431735,0.21,1,4338858,4338363,495
328444701,42.2916,47.5728,466,37351,0.442694,0.27,1,4338893,4338427,466
328517701,39.5203,42.6636,452,38740,0.776376,0.59,2,4339788,4339336,452
328520621,32.6081,34.4655,451,38795,0.772551,0.61,2,4339816,4339365,451
328523541,31.6433,31.7862,452,38849,0.75902,0.67,2,4339847,4339395,452
328526461,38.4573,36.1145,456,38903,0.777608,0.67,2,4339890,4339434,456
328546901,37.6129,37.0054,457,39281,0.907862,0.69,2,4340140,4339683,457
328549821,16.2452,16.0022,457,39335,0.921145,0.75,2,4340142,4339685,457
328552741,49.0981,47.8009,459,39389,0.938458,0.81,2,4340213,4339754,459
328555661,40.6392,39.5203,460,39443,0.945383,0.77,2,4340248,4339788,460
328701661,41.7581,40.1204,489,42035,0.9172,1,2,4342043,4341554,489
328707501,36.5613,37.1393,493,42135,0.918352,1,2,4342118,4341625,493
328806781,19.7001,29.8969,460,43805,0.773851,0.57,2,4343196,4342736,460
328809701,39.68,18.5588,502,43853,0.771541,0.57,2,4343249,4342747,502
328812621,31.472,38.0235,477,43901,0.782616,0.57,2,4343275,4342798,477
328815541,25.1888,32.0094,470,43949,0.775046,0.59,2,4343296,4342826,470
328818461,34.0755,24.8038,490,43997,0.772019,0.55,2,4343336,4342846,490
328821381,35.8302,33.9215,487,44045,0.782807,0.55,2,4343373,4342886,487
328824301,35.9321,35.1686,487,44093,0.799123,0.63,2,4343409,4342922,487
328853501,36.3039,39.68,460,44570,0.905246,0.79,2,4343709,4343249,460
328856421,30.7215,31.472,461,44617,0.932098,0.77,2,4343736,4343275,461
328859341,24.2886,25.1888,460,44664,0.918839,0.77,2,4343756,4343296,460
328862261,33.7154,34.0755,460,44711,0.949536,0.79,2,4343796,4343336,460
328865181,36.2862,35.8302,461,44758,0.937814,0.81,2,4343834,4343373,461
329040381,311.053,351.075,465,21900,0.4276,0.61,1,4346150,4345685,465
329081261,177.821,204.03,448,21900,0.20104,0.49,1,4346239,4345791,448
329084181,119.129,117.012,469,21997,0.098416,0.25,1,4346319,4345850,469
329087101,78.2514,84.0048,458,22093,0.0933664,0.09,1,4346370,4345912,458
329090021,72.1006,80.4019,448,22189,0.0793466,0.03,1,4346438,4345990,448
329092941,75.0402,61.5608,476,22285,0.0617386,0.03,1,4346515,4346039,476
329095861,45.0161,57.6243,446,22380,0.0546954,0.03,1,4346540,4346094,446
329098781,28.2064,37.4497,439,22475,0.0998782,0.05,1,4346557,4346118,439
329107541,67.8532,74.8288,476,22757,0.229832,0.09,1,4346795,4346319,476
329110461,67.3413,60.5315,492,22850,0.241933,0.07,1,4346862,4346370,492
329113381,71.9365,65.0126,499,22943,0.258773,0.05,1,4346937,4346438,499
329125061,91.7888,54.9011,543,23310,0.238705,0.23,1,4347173,4346630,543
329127981,69.7155,88.5605,487,23401,0.269482,0.25,1,4347228,4346741,487
329130901,68.6862,67.8242,501,23492,0.281793,0.25,1,4347296,4346795,501
329145501,95.7664,56.9716,550,23940,0.416022,0.29,1,4347608,4347058,550
329148421,39.5066,91.7887,437,24029,0.448409,0.29,1,4347610,4347173,437
329195141,41.2823,40.7281,451,25404,0.783518,0.63,2,4348506,4348055,451
329212661,58.3017,27.7783,532,25900,0.929166,0.71,2,4348831,4348299,532
329314861,49.3692,28.43,547,28624,0.924928,1,2,4350736,4350189,547
329522181,53.2795,49.8491,494,33468,0.94,1,2,4354198,4353704,494
329528021,41.8847,36.7759,495,33594,0.9172,1,2,4354268,4353773,495
329530941,53.3539,53.7103,491,33657,0.93688,1,2,4354329,4353838,491
329533861,42.9416,43.6841,490,33720,0.908752,1,2,4354365,4353875,490
329542621,43.1403,39.7318,493,33908,0.7856,1,2,4354500,4354007,493
329598101,38.1447,51.0142,477,35073,0.771332,0.53,2,4355271,4354794,477
329601021,54.2579,39.6057,510,35133,0.770533,0.57,2,4355336,4354826,510
329603941,36.1032,51.8423,474,35193,0.794213,0.59,2,4355360,4354886,474
329618541,47.8523,34.1347,510,35493,0.911637,0.69,2,4355573,4355063,510
329621461,32.3409,46.6539,477,35553,0.934655,0.71,2,4355595,4355118,477
329802501,52.2979,45.2804,505,39065,0.940622,1,2,4358057,4357552,505
329814181,40.526,39.3,494,39281,0.932144,1,2,4358212,4357718,494
329834621,36.2383,36.6116,491,39656,0.927622,1,2,4358452,4357961,491
329840461,44.3181,52.2979,479,39762,0.94642,0.96,2,4358536,4358057,479
329843381,36.3272,43.7191,472,39815,0.948568,1,2,4358567,4358095,472
329846301,39.1309,37.2877,480,39868,0.913427,0.93,2,4358608,4358128,480
329849221,38.4524,41.3151,474,39921,0.947371,0.92,2,4358646,4358172,474
329860901,28.2484,11.8577,506,40133,0.938269,1,2,4358777,4358271,506
329863821,40.0994,26.9431,517,40186,0.933307,0.94,2,4358825,4358308,517
329866741,34.0397,38.3772,501,40239,0.949323,0.96,2,4358855,4358354,501
329869661,32.2159,33.3509,502,40291,0.949729,1,2,4358886,4358384,502
329960181,33.6326,34.1565,482,41885,0.946,1,2,4359983,4359501,482
329980621,44.692,43.7091,491,42235,0.921143,1,2,4360257,4359766,491
329983541,38.8768,35.4836,496,42285,0.914457,1,2,4360292,4359796,496
329992301,33.0641,30.135,501,42435,0.909325,1,2,4360378,4359877,501
330006901,35.5543,39.5812,478,42684,0.766358,0.95,2,4360551,4360073,478
330009821,39.4217,41.0325,478,42733,0.768543,1,2,4360593,4360115,478
330018581,20.979,24.7301,476,42880,0.750707,0.87,2,4360675,4360199,476
330044861,39.6545,33.7727,503,43321,0.769163,0.79,2,4360978,4360475,503
330047781,36.2618,39.3091,494,43370,0.781665,0.73,2,4361012,4360518,494
330050701,38.5047,35.5236,501,43419,0.774666,0.77,2,4361052,4360551,501
330053621,38.2019,39.4095,497,43468,0.783866,0.67,2,4361090,4360593,497
330056541,33.2808,40.3638,486,43517,0.787547,0.73,2,4361120,4360634,486
330071141,22.3555,31.3906,471,43757,0.927485,0.71,2,4361258,4360787,471
330408401,328.314,363.201,468,21900,0.416659,0.75,1,4364932,4364464,468
330414241,109.41,126.992,460,22817,0.0918654,0.47,1,4365079,4364619,460
330417161,65.3641,69.9968,464,22910,0.0667462,0.23,1,4365115,4364651,464
330420081,71.1456,76.5987,458,23003,0.0686985,0.07,1,4365190,4364732,458
330423001,59.6583,71.4395,442,23095,0.0454794,0.03,1,4365242,4364800,442
330425921,59.2633,72.9758,427,23187,0.0241918,0,1,4365301,4364874,427
330428841,45.3053,43.5903,439,23278,0.0396767,0.03,1,4365337,4364898,439
330431761,81.1221,37.8361,510,23369,0.0578707,0.03,1,4365442,4364932,510
330434681,67.2489,67.3345,481,23460,0.0651483,0.03,1,4365500,4365019,481
330437601,51.4995,62.9338,462,23550,0.0440593,0.05,1,4365541,4365079,462
330440521,62.5998,46.7735,496,23640,0.0356237,0.07,1,4365611,4365115,496
330443441,58.6399,63.7094,477,23730,0.0202495,0.03,1,4365667,4365190,477
330446361,56.456,56.6838,480,23819,0.0620998,0.01,1,4365722,4365242,480
330449281,45.3824,58.0735,459,23908,0.0428399,0.05,1,4365760,4365301,459
330452201,19.353,44.8294,425,23997,0.035136,0.07,1,4365762,4365337,425
330484321,52.8968,50.8466,431,24951,0.226216,0.21,1,4366397,4365966,431
330487241,60.7587,60.5386,430,25036,0.264487,0.17,1,4366463,4366033,430
330493081,57.3614,56.6062,430,25205,0.271518,0.09,1,4366576,4366146,430
330496001,42.7446,44.8425,426,25289,0.246607,0.09,1,4366609,4366183,426
330498921,18.2978,19.137,426,25373,0.236643,0.15,1,4366611,4366185,426
330501841,73.9191,71.8548,430,25457,0.232657,0.15,1,4366722,4366292,430
330504761,66.7677,28.7419,492,25540,0.219063,0.23,1,4366784,4366292,492
330507681,54.9071,47.4968,479,25623,0.237625,0.25,1,4366831,4366352,479
330510601,62.1628,45.9987,501,25706,0.23305,0.29,1,4366898,4366397,501
330513521,58.4651,57.9995,491,25788,0.24322,0.33,1,4366954,4366463,491
330516441,56.3861,56.7998,490,25870,0.259288,0.25,1,4367009,4366519,490
330519361,42.3544,56.9199,466,25952,0.277715,0.23,1,4367042,4366576,466
330522281,18.1418,42.568,435,26034,0.285086,0.23,1,4367044,4366609,435
330531041,54.8491,66.7564,478,26277,0.412086,0.25,1,4367262,4366784,478
330533961,62.7396,54.9025,499,26358,0.446834,0.23,1,4367330,4366831,499
330563161,55.1484,59.2959,446,27150,0.780076,0.49,2,4367833,4367387,446
330577761,71.7209,68.485,456,27538,0.913201,0.69,2,4368112,4367656,456
330580681,57.4884,56.194,456,27615,0.93528,0.69,2,4368160,4367704,456
330723761,40.9011,36.1006,497,31148,0.0811876,1,1,4370629,4370132,497
330726681,47.5604,53.4403,484,31216,0.062475,1,1,4370681,4370197,484
330729601,37.6242,41.7761,481,31284,0.04299,1,1,4370712,4370231,481
330732521,27.6497,16.7104,502,31352,0.023196,0.99,1,4370733,4370231,502
330735441,35.6599,23.4842,515,31419,0.0272784,1,1,4370774,4370259,515
330738361,33.4639,38.1937,499,31486,0.0409114,0.96,1,4370806,4370307,499
330741281,59.5856,35.0775,543,31553,0.0343645,0.57,1,4370883,4370340,543
330744201,44.2342,67.431,488,31620,0.0437458,0.47,1,4370917,4370429,488
330747121,50.6937,54.5724,497,31687,0.0354983,0.15,1,4370972,4370475,497
330750041,49.0775,65.029,473,31754,0.0681993,0.05,1,4371020,4370547,473
330752961,38.831,57.2116,453,31821,0.0452797,0.03,1,4371052,4370599,453
330755881,46.7324,40.8846,475,31887,0.0601119,0.05,1,4371104,4370629,475
330758801,36.093,47.5539,452,31953,0.0540448,0.03,1,4371133,4370681,452
330761721,28.2372,37.6215,444,32019,0.0276179,0.01,1,4371156,4370712,444
330764641,36.4949,27.6486,465,32085,0.0290472,0.03,1,4371198,4370733,465
330767561,34.3979,35.6594,457,32151,0.0536189,0.05,1,4371231,4370774,457
330782161,38.0428,49.0775,454,32479,0.201103,0.03,1,4371474,4371020,454
330790921,28.4027,36.093,445,32674,0.0774306,0.01,1,4371578,4371133,445
330793841,35.9611,28.2372,463,32739,0.0369722,0.03,1,4371619,4371156,463
330796761,15.5844,36.4949,423,32804,0.0207889,0.07,1,4371621,4371198,423
330799681,27.8338,34.3979,426,32868,0.0263156,0.21,1,4371657,4371231,426
330814281,35.038,38.0428,426,33188,0.207293,0.11,1,4371900,4371474,426
330817201,47.0152,47.0171,428,33252,0.208917,0.15,1,4371955,4371527,428
330823041,25.7624,28.4027,423,33379,0.205027,0.01,1,4372001,4371578,423
330843481,50.561,50.0949,430,33820,0.240676,0.23,1,4372305,4371875,430
330846401,35.8244,35.038,431,33883,0.23427,0.21,1,4372331,4371900,431
330849321,47.3298,47.0152,431,33945,0.243708,0.19,1,4372386,4371955,431
330852241,34.5319,34.4061,431,34007,0.247483,0.21,1,4372412,4371981,431
330855161,25.2128,25.7624,430,34069,0.248993,0.15,1,4372431,4372001,430
330858081,32.8851,34.905,427,34131,0.261597,0.15,1,4372469,4372042,427
330861001,14.354,15.162,427,34193,0.266639,0.11,1,4372471,4372044,427
330863921,26.1416,27.6648,425,34255,0.268656,0.11,1,4372505,4372080,425
330866841,63.2566,11.0659,513,34317,0.233462,0.15,1,4372593,4372080,513
330869761,46.3027,56.6264,461,34379,0.231385,0.15,1,4372628,4372167,461
330872681,53.9211,41.8505,488,34441,0.218554,0.23,1,4372687,4372199,488
330875601,51.5684,50.3402,482,34502,0.225422,0.27,1,4372737,4372255,482
330878521,35.0274,50.1361,456,34563,0.228169,0.23,1,4372761,4372305,456
330881441,47.6109,35.6544,486,34624,0.253267,0.25,1,4372817,4372331,486
330884361,35.2444,47.2618,458,34685,0.287307,0.25,1,4372844,4372386,458
330901881,46.3056,63.2564,467,35050,0.40434,0.23,1,4373060,4372593,467
330904801,53.3222,46.3025,490,35110,0.443736,0.21,1,4373118,4372628,490
330945681,35.1025,35.1716,446,35943,0.760687,0.57,2,4373639,4373193,446
330974881,50.3343,49.1406,458,36527,0.920655,0.75,2,4374021,4373563,458
331132561,33.5036,34.7792,490,39530,0.9184,1,2,4376110,4375620,490
331135481,32.6015,33.1117,490,39583,0.91336,1,2,4376142,4375652,490
331147161,48.9306,50.8061,494,39795,0.44439,1,1,4376301,4375807,494
331150081,40.5722,38.9224,498,39848,0.291756,1,1,4376336,4375838,498
331155921,31.4516,38.0276,486,39954,0.081481,1,1,4376398,4375912,486
331158841,49.7806,53.611,484,40007,0.0325924,1,1,4376460,4375976,484
331161761,38.5122,38.2444,487,40060,0.043037,1,1,4376491,4376004,487
331164681,31.0049,15.2978,513,40113,0.0172148,1,1,4376517,4376004,513
331167601,34.002,27.7191,513,40166,0.0488859,0.81,1,4376553,4376040,513
331170521,29.8008,35.0876,500,40219,0.0255544,0.94,1,4376580,4376080,500
331173441,30.5203,32.0351,501,40271,0.0282217,0.91,1,4376611,4376110,501
331176361,23.0081,32.014,487,40323,0.0292887,0.82,1,4376629,4376142,487
331179281,26.6033,27.8056,491,40375,0.0297155,0.67,1,4376658,4376167,491
331182201,28.6413,35.7222,480,40427,0.0658862,0.53,1,4376688,4376208,480
331185121,39.6565,35.2889,492,40479,0.0683545,0.33,1,4376735,4376243,492
331188041,32.0626,48.9156,461,40531,0.0573418,0.19,1,4376762,4376301,461
331190961,32.025,40.5662,458,40583,0.0529367,0.07,1,4376794,4376336,458
331193881,28.41,36.6265,450,40635,0.0511747,0.03,1,4376820,4376370,450
331196801,49.164,31.4506,485,40687,0.0204699,0,1,4376883,4376398,485
331199721,37.0656,49.7802,452,40739,0.038188,0.05,1,4376912,4376460,452
331202641,31.0262,38.5121,448,40791,0.0332752,0,1,4376939,4376491,448
331205561,33.4105,31.0048,457,40843,0.0193101,0.07,1,4376974,4376517,457
331208481,29.5642,34.0019,448,40895,0.025724,0.01,1,4377001,4376553,448
331211401,31.0257,29.8008,453,40947,0.0522896,0.03,1,4377033,4376580,453
331214321,23.2103,30.5203,440,40999,0.0629158,0.03,1,4377051,4376611,440
331217241,26.6841,23.0081,451,41050,0.0791663,0.03,1,4377080,4376629,451
331220161,29.2736,26.6033,453,41101,0.0976665,0.09,1,4377111,4376658,453
331234761,48.3334,28.41,484,41356,0.0516689,0,1,4377304,4376820,484
331237681,37.9333,49.164,452,41407,0.0506676,0.05,1,4377335,4376883,452
331240601,30.7733,37.0656,449,41458,0.050267,0.03,1,4377361,4376912,449
331243521,32.7093,31.0262,456,41509,0.0381068,0.01,1,4377395,4376939,456
331246441,14.2837,33.4105,423,41560,0.0332427,0.03,1,4377397,4376974,423
331249361,21.9135,29.5642,423,41611,0.0672971,0.07,1,4377424,4377001,423
331252281,27.9654,31.0257,423,41662,0.0929188,0.07,1,4377456,4377033,423
331255201,23.7862,23.2103,426,41713,0.0671675,0.09,1,4377477,4377051,426
331258121,25.7145,26.6841,424,41764,0.068867,0.11,1,4377504,4377080,424
331261041,31.2858,29.2736,428,41815,0.0575468,0.13,1,4377539,4377111,428
331263961,42.5143,41.7095,428,41865,0.0890187,0.13,1,4377589,4377161,428
331266881,31.4057,31.0838,428,41915,0.0776075,0.13,1,4377613,4377185,428
331275641,45.954,48.3334,424,42065,0.0877669,0.05,1,4377728,4377304,424
331278561,36.9816,37.9333,424,42115,0.0771068,0.05,1,4377759,4377335,424
331281481,30.3926,30.7733,424,42165,0.0728427,0.03,1,4377785,4377361,424
331284401,32.5571,32.7093,424,42215,0.0471371,0.03,1,4377819,4377395,424
331287321,14.2228,14.2837,424,42265,0.0368548,0.09,1,4377821,4377397,424
331290241,22.4891,21.9135,425,42315,0.0327419,0.11,1,4377849,4377424,425
331293161,28.1957,27.9654,425,42365,0.0310968,0.05,1,4377881,4377456,425
331296081,22.0783,23.7862,422,42415,0.0304387,0.07,1,4377899,4377477,422
331299001,25.6313,25.7145,423,42465,0.0541755,0.05,1,4377927,4377504,423
331301921,32.4525,31.2858,425,42515,0.0756702,0.11,1,4377964,4377539,425
331316521,44.9003,45.954,425,42763,0.225597,0.07,1,4378153,4377728,425
331319441,36.5601,36.9816,425,42812,0.228239,0.07,1,4378184,4377759,425
331322361,30.224,30.3926,425,42861,0.205296,0.03,1,4378210,4377785,425
331325281,31.2896,32.5571,423,42910,0.232118,0.03,1,4378242,4377819,423
331328201,13.7158,14.2228,423,42959,0.218847,0.03,1,4378244,4377821,423
331331121,21.6863,22.4891,422,43008,0.237539,0.03,1,4378271,4377849,422
331334041,27.8745,8.99565,454,43057,0.221016,0.03,1,4378303,4377849,454
331336961,21.9498,22.7983,440,43106,0.214406,0.03,1,4378321,4377881,440
331339881,25.5799,19.9193,450,43155,0.211762,0.07,1,4378349,4377899,450
331342801,34.232,24.7677,462,43204,0.222705,0.09,1,4378389,4377927,462
331345721,46.6928,32.1071,480,43253,0.251082,0.19,1,4378444,4377964,480
331348641,33.0771,42.8428,454,43302,0.274433,0.21,1,4378468,4378014,454
331351561,34.8308,32.1371,465,43351,0.295773,0.19,1,4378504,4378039,465
331386601,48.5897,34.232,490,43931,0.443608,0.27,1,4378879,4378389,490
331450841,31.7592,31.3626,452,44975,0.75618,0.61,2,4379563,4379111,452
331453761,13.9037,13.745,452,45022,0.788472,0.63,2,4379565,4379113,452
331482961,28.7551,28.2188,457,45490,0.906005,0.73,2,4379868,4379411,457
331485881,49.302,48.4875,458,45536,0.920402,0.71,2,4379931,4379473,458
331491721,32.1283,31.398,459,45628,0.938064,0.77,2,4379990,4379531,459
331497561,14.2605,13.9037,460,45720,0.94089,0.81,2,4380025,4379565,460
331500481,22.5042,22.3615,460,45766,0.934356,0.81,2,4380053,4379593,460
331503401,29.4017,28.1446,462,45812,0.943742,0.83,2,4380087,4379625,462
331664001,29.7234,32.6135,490,48279,0.907312,1,2,4381781,4381291,490
331693201,28.8892,27.8204,487,48713,0.400194,1,1,4382083,4381596,487
331728241,28.5609,33.355,478,49229,0.425318,0.61,1,4382446,4381968,478
331731161,19.2244,29.542,464,49272,0.404127,0.57,1,4382459,4381995,464
331734081,11.8897,22.0168,454,49315,0.407651,0.53,1,4382466,4382012,454
331737001,19.7559,14.8067,469,49358,0.44506,0.47,1,4382491,4382022,469
331739921,25.3024,22.7227,470,49401,0.424024,0.33,1,4382520,4382050,470
331742841,28.1209,28.8891,467,49444,0.41561,0.29,1,4382550,4382083,467
331745761,23.8484,29.5556,458,49487,0.424244,0.41,1,4382571,4382113,458
331748681,28.7394,23.2223,471,49530,0.427698,0.37,1,4382603,4382132,471
331751601,30.0957,29.6889,468,49573,0.441079,0.41,1,4382634,4382166,468
331757441,25.0953,28.5102,461,49657,0.441373,0.31,1,4382684,4382223,461
331801241,27.9712,30.0957,469,50287,0.761713,0.47,2,4383103,4382634,469
331804161,12.3885,28.2383,444,50329,0.766685,0.43,2,4383105,4382661,444
331807081,18.1554,25.0953,443,50371,0.768674,0.49,2,4383127,4382684,443
331810001,39.0622,40.0381,446,50413,0.78147,0.49,2,4383180,4382734,446
331845041,31.6994,29.3201,459,50914,0.927389,0.77,2,4383504,4383045,459
331847961,32.4797,30.928,460,50955,0.928956,0.77,2,4383537,4383077,460
331850881,28.5919,27.9712,460,50996,0.929582,0.77,2,4383563,4383103,460
331853801,12.6368,12.3885,460,51037,0.929833,0.77,2,4383565,4383105,460
332075721,326.472,332.057,495,24820,0.406,0.63,1,4386036,4385541,495
332122441,101.246,90.6357,463,24905,0.046864,0.07,1,4386384,4385921,463
332125361,51.8985,65.0543,434,24990,0.0187456,0,1,4386403,4385969,434
332128281,39.3594,42.8217,437,25075,0.0134982,0.01,1,4386434,4385997,437
332131201,30.1438,35.1287,431,25160,0.0113993,0.03,1,4386458,4386027,431
332134121,52.2575,45.2515,446,25244,0.0585597,0.03,1,4386525,4386079,446
332137041,68.303,56.5006,461,25328,0.0414239,0.05,1,4386604,4386143,461
332139961,54.9212,54.4002,454,25412,0.0465696,0.05,1,4386650,4386196,454
332142881,56.1685,57.1601,452,25495,0.0606278,0.05,1,4386707,4386255,452
332145801,82.4674,59.464,491,25578,0.0242511,0.01,1,4386807,4386316,491
332148721,44.387,64.5856,442,25661,0.0277005,0,1,4386826,4386384,442
332151641,35.1548,37.2342,452,25744,0.0290802,0.01,1,4386855,4386403,452
332154561,29.6619,33.4937,447,25826,0.0116321,0.01,1,4386881,4386434,447
332157481,52.6648,27.7975,491,25908,0.0226528,0.09,1,4386949,4386458,491
332160401,66.6659,51.319,500,25990,0.0270611,0.03,1,4387025,4386525,500
332163321,54.2664,67.9276,467,26072,0.0408245,0.05,1,4387071,4386604,467
332166241,56.5065,54.771,479,26153,0.0343298,0.07,1,4387129,4386650,479
332169161,82.6026,56.1084,522,26234,0.0317319,0,1,4387229,4386707,522
332172081,44.441,82.4434,441,26315,0.0306928,0.03,1,4387248,4386807,441
332175001,34.5764,44.3773,450,26396,0.0422771,0.03,1,4387276,4386826,450
332177921,30.0306,35.1509,448,26476,0.0169108,0,1,4387303,4386855,448
332180841,54.6122,29.6604,493,26556,0.0127643,0.03,1,4387374,4386881,493
332183761,65.0449,52.6642,497,26636,0.0471057,0.03,1,4387446,4386949,497
332186681,53.618,66.6657,467,26716,0.0368423,0.05,1,4387492,4387025,467
332189601,57.4472,54.2663,481,26795,0.0327369,0.03,1,4387552,4387071,481
332192521,81.7789,56.5065,521,26874,0.0430948,0.03,1,4387650,4387129,521
332195441,33.9115,82.6026,423,26953,0.0232379,0.03,1,4387652,4387229,423
332198361,24.9646,44.441,423,27032,0.0272952,0.05,1,4387671,4387248,423
332201281,26.1858,34.5764,422,27110,0.0289181,0,1,4387698,4387276,422
332204201,27.2743,30.0306,423,27188,0.0295672,0.01,1,4387726,4387303,423
332207121,53.5097,54.6122,423,27266,0.0298269,0.07,1,4387797,4387374,423
332210041,65.2039,65.0449,424,27344,0.0299308,0.03,1,4387870,4387446,424
332212961,53.0816,53.618,423,27421,0.0299723,0.03,1,4387915,4387492,423
332215881,58.4326,57.4472,425,27498,0.0659889,0.05,1,4387977,4387552,425
332218801,80.3731,81.7789,422,27575,0.0323956,0.01,1,4388072,4387650,422
332221721,33.3492,33.9115,422,27652,0.0189582,0.03,1,4388074,4387652,422
332224641,24.7397,24.9646,422,27729,0.0375833,0.03,1,4388093,4387671,422
332227561,26.0959,26.1858,422,27805,0.0450333,0.03,1,4388120,4387698,422
332230481,27.2384,27.2743,422,27881,0.0360133,0.03,1,4388148,4387726,422
332233401,53.4953,53.5097,422,27957,0.0204053,0.03,1,4388219,4387797,422
332236321,65.7981,65.2039,423,28033,0.0621621,0.03,1,4388293,4387870,423
332239241,53.3193,53.0816,423,28109,0.0428649,0.09,1,4388338,4387915,423
332242161,59.1277,58.4326,424,28184,0.0471459,0.01,1,4388401,4387977,424
332245081,79.4511,80.3731,422,28259,0.0728584,0.01,1,4388494,4388072,422
332256761,26.6147,20.1584,449,28558,0.0621052,0.03,1,4388569,4388120,449
332259681,53.2459,24.8633,492,28632,0.0428421,0.01,1,4388640,4388148,492
332262601,66.8984,52.5453,497,28706,0.0831368,0.09,1,4388716,4388219,497
332265521,53.1593,65.4181,467,28780,0.0992547,0.03,1,4388760,4388293,467
332280121,24.6058,24.5883,451,29146,0.204642,0.15,1,4388966,4388515,451
332283041,24.8423,26.0353,449,29219,0.207857,0.01,1,4388991,4388542,449
332288881,69.3748,53.2457,502,29363,0.0920571,0.11,1,4389142,4388640,502
332291801,54.1499,66.8983,470,29435,0.0788228,0.11,1,4389186,4388716,470
332294721,60.06,53.1593,490,29507,0.0735291,0.11,1,4389250,4388760,490
332297641,84.024,59.6637,526,29579,0.0954117,0.19,1,4389350,4388824,526
332321001,53.0964,54.1499,425,30147,0.218182,0.07,1,4389611,4389186,425
332323921,60.2386,60.06,426,30217,0.249273,0.11,1,4389676,4389250,426
332326841,85.2954,84.024,428,30287,0.261709,0.11,1,4389778,4389350,428
332329761,35.3182,34.8096,428,30357,0.278684,0.11,1,4389780,4389352,428
332347281,68.4083,66.741,431,30773,0.42291,0.25,1,4389998,4389567,431
332350201,55.5633,53.0964,434,30842,0.439164,0.27,1,4390045,4389611,434
332353121,60.6253,60.2386,433,30911,0.445666,0.27,1,4390109,4389676,433
332402761,47.3102,19.1629,512,32054,0.773688,0.55,2,4390801,4390289,512
332417361,37.7305,88.7457,459,32383,0.901999,0.77,2,4391118,4390659,459
332420281,27.0922,36.6983,477,32448,0.9068,0.73,2,4391138,4390661,477
332431961,48.5592,19.2755,526,32708,0.91443,0.79,2,4391261,4390735,526
332434881,20.6237,47.3102,462,32773,0.923772,0.83,2,4391263,4390801,462
332569201,119.984,131.098,507,15742,0.773584,0.89,2,4393577,4393070,507
332572121,72.5937,94.4392,478,15877,0.759434,1,2,4393618,4393140,478
332598401,98.2513,133.056,527,17042,0.784925,0.69,2,4394491,4393964,527
332694761,66.0084,118.307,504,20758,0.0697512,0.93,1,4397127,4396623,504
332697681,88.8034,70.7226,569,20860,0.0819005,0.55,1,4397231,4396662,569
332700601,70.9213,103.289,503,20962,0.0627602,0.45,1,4397290,4396787,503
332703521,29.5685,78.5156,443,21063,0.0551041,0.39,1,4397292,4396849,443
332706441,32.2274,56.0062,436,21164,0.0880416,0.21,1,4397326,4396890,436
332709361,41.691,51.8025,435,21264,0.0772167,0.01,1,4397374,4396939,435
332712281,103.076,112.521,426,21364,0.0968867,0.03,1,4397518,4397092,426
332715201,60.4306,66.0084,423,21463,0.0927547,0.09,1,4397550,4397127,423
332718121,87.1722,88.8034,424,21562,0.0671019,0.05,1,4397655,4397231,424
332721041,69.6689,70.9213,423,21660,0.0568407,0.05,1,4397713,4397290,423
332723961,29.0676,29.5685,423,21758,0.0527363,0.11,1,4397715,4397292,423
332726881,32.627,32.2274,424,21855,0.0750945,0.07,1,4397750,4397326,424
332738561,85.7809,87.1722,422,22241,0.21797,0.05,1,4398077,4397655,422
332741481,70.9123,69.6689,425,22336,0.225188,0.05,1,4398138,4397713,425
332744401,29.5649,29.0676,425,22431,0.228075,0.09,1,4398140,4397715,425
332747321,33.426,32.627,426,22526,0.22923,0.09,1,4398176,4397750,426
332750241,43.3704,13.0508,476,22620,0.217692,0.17,1,4398226,4397750,476
332753161,104.948,34.6203,573,22714,0.249077,0.17,1,4398372,4397799,573
332756081,61.7793,100.248,462,22807,0.261631,0.23,1,4398405,4397943,462
332773601,106.845,43.3576,580,23359,0.402918,0.27,1,4398806,4398226,580
332776521,63.7382,104.943,469,23450,0.443167,0.27,1,4398841,4398372,469
332814481,44.0412,44.0245,450,24598,0.779926,0.63,2,4399545,4399095,450
332826161,83.9083,80.6726,457,24941,0.932206,0.75,2,4399852,4399395,457
332925441,51.028,47.4102,502,27682,0.921232,1,2,4401786,4401284,502
332934201,34.7298,33.7063,487,27911,0.902559,1,2,4401894,4401407,487
332954641,36.4364,20.4112,508,28438,0.0424969,1,1,4402294,4401786,508
332957561,37.9746,31.5645,508,28512,0.0469987,0.94,1,4402333,4401825,508
332960481,31.9898,35.4258,498,28586,0.0247995,0.87,1,4402361,4401863,498
332963401,32.5959,32.7703,500,28660,0.0519198,0.87,1,4402394,4401894,500
332966321,86.8384,35.3081,586,28734,0.0507679,0.45,1,4402517,4401931,586
332969241,47.3353,100.523,463,28808,0.0383072,0.37,1,4402538,4402075,463
332972161,36.3341,54.6093,468,28881,0.0453229,0.23,1,4402567,4402099,468
332975081,68.5337,44.6437,520,28954,0.0241291,0,1,4402657,4402137,520
332978001,46.0135,75.4575,455,29027,0.00965166,0.09,1,4402688,4402233,455
332980921,34.6054,50.583,448,29100,0.0458607,0,1,4402715,4402267,448
332983841,37.2422,36.4332,460,29173,0.0483443,0.05,1,4402754,4402294,460
332986761,32.8969,37.9733,451,29246,0.0373377,0.01,1,4402784,4402333,451
332989681,31.7587,31.9893,454,29318,0.0329351,0.07,1,4402815,4402361,454
332992601,86.5035,32.5957,544,29390,0.055174,0.05,1,4402938,4402394,544
332995521,49.0014,86.8383,445,29462,0.0880696,0.03,1,4402962,4402517,445
333001361,69.1602,36.3341,514,29606,0.0404911,0.01,1,4403081,4402567,514
333004281,46.8641,68.5337,456,29677,0.0221965,0,1,4403113,4402657,456
333007201,33.7456,46.0135,450,29748,0.0508786,0.07,1,4403138,4402688,450
333010121,36.2983,34.6054,461,29819,0.0743514,0.05,1,4403176,4402715,461
333013041,15.7193,37.2422,424,29890,0.0837406,0.03,1,4403178,4402754,424
333015961,23.6877,32.8969,423,29961,0.0514962,0.03,1,4403207,4402784,423
333018881,30.4751,31.7587,427,30032,0.0745985,0.07,1,4403242,4402815,427
333021801,85.39,86.5035,426,30102,0.0958394,0.11,1,4403364,4402938,426
333033481,46.274,46.8641,423,30382,0.0721015,0.07,1,4403536,4403113,423
333036401,33.5096,33.7456,423,30452,0.0708406,0.09,1,4403561,4403138,423
333039321,36.8038,36.2983,424,30521,0.0703362,0.09,1,4403600,4403176,424
333042241,15.9215,15.7193,424,30590,0.0701345,0.03,1,4403602,4403178,424
333045161,23.1686,23.6877,423,30659,0.0700538,0.09,1,4403630,4403207,423
333051001,87.347,85.39,427,30797,0.216409,0.17,1,4403791,4403364,427
333053921,50.5388,49.156,428,30866,0.284563,0.17,1,4403817,4403389,428
333065601,33.137,33.5096,423,31139,0.299557,0.07,1,4403984,4403561,423
333097721,39.5282,33.1142,478,31880,0.416316,0.31,1,4404462,4403984,478
333100641,17.0113,37.8457,439,31946,0.424526,0.31,1,4404464,4404025,439
333103561,24.2045,16.3383,466,32012,0.41581,0.37,1,4404493,4404027,466
333106481,32.4818,23.9353,475,32078,0.412324,0.33,1,4404531,4404056,475
333156121,34.2999,33.7448,451,33181,0.763647,0.57,2,4405310,4404859,451
333159041,40.12,40.4979,450,33245,0.767459,0.57,2,4405354,4404904,450
333161961,17.248,17.3992,450,33309,0.768984,0.59,2,4405356,4404906,450
333164881,24.8992,23.7597,452,33372,0.793593,0.61,2,4405386,4404934,452
333176561,51.527,51.3394,455,33624,0.937068,0.69,2,4405593,4405138,455
333343001,49.8781,66.2316,475,37038,0.943293,1,2,4407989,4407514,475
333363441,29.6754,32.6854,517,37437,0.413611,1,1,4408258,4407741,517
333372201,34.4432,32.3079,512,37605,0.297431,1,1,4408351,4407839,512
333375121,48.5773,35.7231,532,37661,0.208972,0.99,1,4408409,4407877,532
333383881,39.2529,53.5503,490,37829,0.0635342,0.65,1,4408535,4408045,490
333386801,35.5012,43.0201,487,37885,0.0434137,0.65,1,4408568,4408081,487
333389721,38.8005,37.008,495,37941,0.0713655,0.57,1,4408609,4408114,495
333392641,35.9202,44.8032,479,37997,0.0945462,0.51,1,4408643,4408164,479
333410161,45.231,34.4432,485,38329,0.201248,0.15,1,4408836,4408351,485
333416001,44.077,45.8309,469,38439,0.223,0.09,1,4408922,4408453,469
333418921,39.2308,47.1324,457,38494,0.2152,0.03,1,4408958,4408501,457
333421841,34.8923,39.2529,455,38549,0.23608,0.03,1,4408990,4408535,455
333424761,40.3569,35.5012,466,38604,0.256432,0.09,1,4409034,4408568,466
333427681,17.3428,38.8005,427,38659,0.264573,0.11,1,4409036,4408609,427
333453961,45.3254,44.077,434,39147,0.443661,0.21,1,4409356,4408922,434
333456881,39.7301,39.2308,434,39201,0.447464,0.25,1,4409392,4408958,434
333529881,47.8143,44.1428,505,40527,0.750959,0.69,2,4410255,4409750,505
333550321,27.228,29.0877,481,40891,0.77383,0.69,2,4410468,4409987,481
333562001,46.633,34.599,511,41097,0.904882,0.71,2,4410618,4410107,511
333564921,45.0532,46.8396,500,41148,0.943953,0.73,2,4410662,4410162,500
333726981,219.06,201.032,535,19818,0.446416,1,1,4412667,4412132,535
333732821,100.93,101.405,518,20031,0.252627,0.91,1,4412826,4412308,518
333744501,100.629,49.2952,564,20451,0.252467,0.29,1,4413100,4412536,564
333747421,88.2514,98.3181,513,20555,0.274987,0.23,1,4413180,4412667,513
333750341,80.9006,88.5272,507,20658,0.295995,0.21,1,4413256,4412749,507
333756181,60.5841,57.8444,492,20863,0.415759,0.19,1,4413360,4412868,492
333759101,43.4336,60.3377,462,20965,0.448304,0.15,1,4413392,4412930,462
333814581,58.8385,73.215,498,22810,0.904164,0.71,2,4414645,4414147,498
333817501,64.3354,54.486,524,22903,0.919666,0.69,2,4414713,4414189,524
333820421,44.9342,62.5944,488,22996,0.925866,0.75,2,4414745,4414257,488
333823341,19.1737,44.2378,458,23088,0.928346,0.75,2,4414747,4414289,458
333916781,91.1628,30.683,613,25863,0.211337,0.95,1,4416815,4416202,613
333922621,54.3061,88.9093,496,26027,0.075814,0.89,1,4416928,4416432,496
333925541,48.1224,57.7637,503,26108,0.0483256,0.61,1,4416972,4416469,503
333928461,37.849,52.5055,485,26189,0.0493302,0.61,1,4417003,4416518,485
333931381,49.9396,39.6022,512,26270,0.0497321,0.55,1,4417061,4416549,512
333934301,40.3758,56.0409,479,26351,0.0378928,0.37,1,4417095,4416616,479
333937221,34.7503,47.0163,469,26431,0.0451571,0.35,1,4417126,4416657,469
333948901,46.48,54.306,465,26750,0.055636,0.03,1,4417393,4416928,465
333951821,37.792,48.1224,453,26829,0.0282544,0.05,1,4417425,4416972,453
333954741,51.7168,37.849,483,26908,0.0533018,0.05,1,4417486,4417003,483
333957661,21.8867,49.9396,427,26987,0.0633207,0.03,1,4417488,4417061,427
333960581,27.9547,40.3758,425,27065,0.0673283,0.05,1,4417520,4417095,425
333963501,30.3819,34.7503,426,27143,0.0809313,0.15,1,4417552,4417126,426
333966421,80.5528,80.5001,429,27221,0.0983725,0.17,1,4417666,4417237,429
333972261,51.8884,53.2,425,27377,0.0961396,0.01,1,4417776,4417351,425
333978101,37.3421,37.792,424,27531,0.0717823,0.07,1,4417849,4417425,424
333981021,52.1369,51.7168,425,27608,0.0707129,0.07,1,4417911,4417486,425
333983941,22.0547,21.8867,425,27685,0.0702852,0.07,1,4417913,4417488,425
333986861,28.6219,27.9547,426,27761,0.0701141,0.09,1,4417946,4417520,426
334001461,44.6758,45.3554,425,28140,0.202443,0.05,1,4418242,4417817,425
334004381,35.2703,37.3421,422,28215,0.254977,0.07,1,4418271,4417849,422
334007301,51.9081,52.1369,423,28290,0.299991,0.07,1,4418334,4417911,423
334021901,79.4359,79.2126,505,28662,0.422045,0.15,1,4418596,4418091,505
334024821,53.3743,77.885,464,28736,0.438818,0.17,1,4418632,4418168,464
334074461,76.217,84.0176,448,29963,0.781984,0.55,2,4419407,4418959,448
334086141,40.5336,38.9188,454,30244,0.781539,0.69,2,4419604,4419150,454
334089061,57.0134,53.9675,458,30314,0.786616,0.69,2,4419672,4419214,458
334091981,24.0054,22.787,458,30384,0.788646,0.73,2,4419674,4419216,458
334109501,53.8483,53.8347,461,30799,0.913946,0.83,2,4419986,4419525,461
334112421,47.3393,47.3339,461,30868,0.935578,0.75,2,4420029,4419568,461
334229221,54.541,49.6243,495,33499,0.9196,1,2,4421885,4421390,495
334232141,42.2164,40.8497,494,33562,0.78184,1,2,4421919,4421425,494
334240901,45.4458,46.8704,491,33751,0.424678,1,1,4422038,4421547,491
334243821,41.5783,34.3482,504,33814,0.259871,1,1,4422077,4421573,504
334255501,56.9316,62.6313,479,34063,0.0482687,0.99,1,4422234,4421755,479
334258421,73.7726,80.8525,471,34125,0.0613075,0.87,1,4422319,4421848,471
334261341,48.1091,54.541,465,34187,0.054523,0.69,1,4422350,4421885,465
334264261,31.2436,42.2164,451,34249,0.0278092,0.69,1,4422370,4421919,451
334267181,27.4974,16.8866,476,34311,0.0291237,0.59,1,4422395,4421919,476
334270101,31.399,24.1546,481,34373,0.0776495,0.45,1,4422429,4421948,481
334273021,38.3596,33.0619,485,34435,0.0970598,0.35,1,4422472,4421987,485
334287621,57.3006,23.7875,502,34740,0.0768435,0.01,1,4422657,4422155,502
334290541,73.9203,56.915,508,34801,0.0847374,0.07,1,4422742,4422234,508
334293461,48.1681,73.766,454,34862,0.087895,0.05,1,4422773,4422319,454
334296381,31.2672,48.1064,443,34923,0.089158,0.01,1,4422793,4422350,443
334299301,28.1069,31.2426,449,34984,0.0656632,0.03,1,4422819,4422370,449
334302221,32.8428,27.497,460,35044,0.0922653,0.11,1,4422855,4422395,460
334343101,35.9184,36.5748,428,35879,0.20084,0.13,1,4423361,4422933,428
334354781,54.2715,54.4083,429,36115,0.202278,0.07,1,4423508,4423079,429
334357701,70.3086,72.1633,426,36174,0.242911,0.11,1,4423589,4423163,426
334360621,50.3234,49.8653,428,36232,0.247164,0.13,1,4423626,4423198,428
334363541,30.9294,30.7461,428,36290,0.284866,0.11,1,4423644,4423216,428
334366461,29.1718,28.4985,429,36348,0.299946,0.11,1,4423672,4423243,429
334372301,27.3475,27.2398,429,36464,0.296391,0.23,1,4423711,4423282,429
334395661,50.5452,50.3234,434,36925,0.416004,0.31,1,4424060,4423626,434
334398581,31.6181,30.9294,435,36982,0.424402,0.31,1,4424079,4423644,435
334404421,12.9789,12.8687,435,37096,0.438704,0.29,1,4424109,4423674,435
334407341,27.9916,27.3475,436,37153,0.433482,0.29,1,4424147,4423711,436
334462821,74.4354,56.6777,536,38220,0.79048,0.63,2,4424915,4424379,536
334480341,41.505,28.0679,503,38550,0.901039,0.65,2,4425092,4424589,503
334483261,38.802,41.2272,490,38605,0.918416,0.67,2,4425129,4424639,490
334486181,16.7208,37.4909,457,38660,0.925366,0.67,2,4425131,4424674,457
334489101,25.8883,34.1963,457,38715,0.940147,0.71,2,4425163,4424706,457
334492021,22.3553,25.6785,457,38770,0.946059,0.71,2,4425183,4424726,457
334690581,225.39,209.197,522,19092,0.256586,0.49,1,4427789,4427267,522
334708101,116.23,30.7874,584,19750,0.260015,0.11,1,4428215,4427631,584
334722701,32.2308,58.9117,443,20281,0.402627,0.19,1,4428473,4428030,443
334725621,119.692,31.3647,608,20386,0.419051,0.31,1,4428651,4428043,608
334751901,67.1387,77.9505,446,21304,0.768661,0.51,2,4429240,4428794,446
334754821,52.6555,56.3802,447,21404,0.793464,0.59,2,4429283,4428836,447
334760661,34.3449,33.9808,451,21602,0.795354,0.69,2,4429367,4428916,451
334769421,67.5501,65.8468,458,21895,0.905543,0.81,2,4429630,4429172,458
334894981,112.298,34.8349,654,25731,0.944079,1,2,4432406,4431752,654
335000101,68.0033,91.0622,537,28545,0.7996,1,2,4434362,4433825,537
335011781,46.1073,50.2736,514,28841,0.40183,1,1,4434554,4434040,514
335014701,52.6429,43.5094,532,28914,0.286732,1,1,4434611,4434079,532
335020541,37.2229,44.0415,508,29060,0.0830771,1,1,4434683,4434175,508
335023461,61.0891,38.0166,551,29133,0.0512308,0.94,1,4434760,4434209,551
335026381,62.2357,65.0066,531,29206,0.0384923,0.69,1,4434823,4434292,531
335029301,44.6943,68.0027,494,29278,0.0453969,0.65,1,4434856,4434362,494
335032221,56.8777,48.8011,523,29350,0.0361588,0.55,1,4434921,4434398,523
335035141,37.1511,66.9204,468,29422,0.0564635,0.49,1,4434945,4434477,468
335038061,42.4604,44.7682,484,29494,0.0525854,0.31,1,4434991,4434507,484
335040981,46.3842,46.1073,486,29566,0.0750342,0.21,1,4435040,4434554,486
335043901,38.9537,52.6429,463,29638,0.0720137,0.13,1,4435074,4434611,463
335046821,34.1815,45.0572,454,29709,0.0588055,0.01,1,4435105,4434651,454
335049741,60.4726,37.2229,500,29780,0.0295222,0.03,1,4435183,4434683,500
335052661,25.389,61.0891,425,29851,0.0418089,0.03,1,4435185,4434760,425
335055581,46.7556,62.2357,423,29922,0.0587236,0.05,1,4435246,4434823,423
335058501,39.1022,44.6943,424,29993,0.0894894,0.03,1,4435280,4434856,424
335061421,53.4409,56.8777,422,30064,0.0537958,0.07,1,4435343,4434921,422
335064341,36.3764,37.1511,423,30134,0.0515183,0.05,1,4435368,4434945,423
335067261,42.1505,42.4604,423,30204,0.0746073,0.09,1,4435414,4434991,423
335076021,32.8656,34.1815,423,30414,0.0995749,0.01,1,4435528,4435105,423
335078941,60.5463,60.4726,424,30484,0.0698299,0.05,1,4435607,4435183,424
335081861,25.4185,25.389,424,30553,0.033932,0.07,1,4435609,4435185,424
335084781,46.1674,46.7556,423,30622,0.0135728,0.11,1,4435669,4435246,423
335087701,41.267,39.1022,427,30691,0.0834291,0.03,1,4435707,4435280,427
335090621,51.3068,53.4409,422,30760,0.0753716,0.05,1,4435765,4435343,422
335093541,35.5227,36.3764,422,30829,0.0361487,0.09,1,4435790,4435368,422
335096461,43.6091,42.1505,425,30898,0.0564595,0.15,1,4435839,4435414,425
335099381,50.4436,48.6602,427,30966,0.0765838,0.11,1,4435894,4435467,427
335102301,38.1775,38.6641,425,31034,0.0606335,0.09,1,4435924,4435499,425
335105221,32.071,32.8656,424,31102,0.0542534,0.05,1,4435952,4435528,424
335108141,59.0284,60.5463,422,31170,0.0277014,0.01,1,4436029,4435607,422
335111061,24.8114,25.4185,422,31238,0.0410805,0,1,4436031,4435609,422
335113981,45.9245,46.1674,422,31306,0.0164322,0,1,4436091,4435669,422
335116901,42.9698,18.467,463,31374,0.0245729,0.13,1,4436132,4435669,463
335119821,50.1879,30.1868,480,31441,0.0398292,0.07,1,4436187,4435707,480
335122741,34.4752,46.8747,446,31508,0.0459317,0.01,1,4436211,4435765,446
335125661,44.9901,33.7499,473,31575,0.0363727,0.07,1,4436263,4435790,473
335128581,50.396,42.9,478,31642,0.0685491,0.09,1,4436317,4435839,478
335140261,23.7541,59.0102,423,31909,0.229227,0.05,1,4436452,4436029,423
335143181,45.5017,24.8041,481,31975,0.217691,0,1,4436512,4436031,481
335157781,51.6224,44.99,479,32305,0.200901,0.09,1,4436742,4436263,479
335160701,39.849,50.396,457,32370,0.23036,0.13,1,4436774,4436317,457
335163621,36.9396,38.1584,462,32435,0.230144,0.13,1,4436809,4436347,462
335166541,59.1758,34.4634,504,32500,0.266058,0.25,1,4436883,4436379,504
335169461,24.8703,56.3853,435,32565,0.280423,0.25,1,4436885,4436450,435
335184061,22.9376,34.6401,431,32889,0.440372,0.19,1,4437065,4436634,431
335227861,40.3813,37.1584,452,33841,0.766105,0.63,2,4437695,4437243,452
335230781,61.1525,60.4634,451,33903,0.780442,0.59,2,4437770,4437319,451
335236621,46.2644,46.1541,451,34027,0.798071,0.65,2,4437832,4437381,451
335259981,41.8193,42.1093,498,34521,0.913515,0.79,2,4438154,4437656,498
335385541,31.5602,38.9457,498,37061,0.916,1,2,4439941,4439443,498
335391381,28.9296,30.2313,493,37175,0.90856,1,2,4439994,4439501,493
335403061,47.9822,63.8699,508,37403,0.295179,1,1,4440172,4439664,508
335408901,37.9172,38.1792,513,37515,0.0688287,1,1,4440241,4439728,513
335411821,64.9669,42.8717,550,37571,0.0455315,1,1,4440324,4439774,550
335414741,41.5867,63.3487,499,37627,0.0362126,1,1,4440350,4439851,499
335417661,39.4347,42.7395,508,37683,0.056485,1,1,4440388,4439880,508
335420581,31.3739,36.8958,501,37739,0.028594,0.86,1,4440414,4439913,501
335423501,22.7496,31.5583,490,37795,0.0294376,1,1,4440431,4439941,490
335426421,24.0998,25.8233,493,37851,0.029775,0.87,1,4440456,4439963,493
335429341,26.4399,28.9293,490,37907,0.02991,0.75,1,4440484,4439994,490
335432261,29.176,31.9717,487,37963,0.053964,0.57,1,4440515,4440028,487
335435181,41.6704,34.3887,501,38019,0.0215856,0.31,1,4440565,4440064,501
335438101,35.8682,50.9555,471,38075,0.0386342,0.19,1,4440597,4440126,471
335441021,30.5473,47.9822,452,38130,0.0574537,0.09,1,4440624,4440172,452
335443941,35.0189,37.7929,459,38185,0.0529815,0,1,4440662,4440203,459
335446861,65.0076,37.9172,506,38240,0.0511926,0.03,1,4440747,4440241,506
335449781,41.603,64.9669,449,38295,0.050477,0.03,1,4440773,4440324,449
335452701,38.2412,41.5867,459,38350,0.0501908,0.07,1,4440809,4440350,459
335455621,31.4965,39.4347,448,38405,0.0500763,0.01,1,4440836,4440388,448
335458541,22.1986,31.3739,438,38460,0.0200305,0.03,1,4440852,4440414,438
335461461,23.8794,22.7496,446,38515,0.0260122,0.03,1,4440877,4440431,446
335464381,28.1518,24.0998,452,38570,0.0164049,0.03,1,4440908,4440456,452
335467301,12.4607,26.4399,426,38625,0.012562,0.07,1,4440910,4440484,426
335470221,21.7843,29.176,423,38680,0.0350248,0,1,4440938,4440515,423
335473141,38.7137,41.6704,423,38735,0.0320099,0.05,1,4440988,4440565,423
335476061,35.2855,35.8682,424,38790,0.042804,0.07,1,4441021,4440597,424
335478981,29.1142,30.5473,422,38844,0.0831216,0.05,1,4441046,4440624,422
335481901,35.6457,35.0189,424,38898,0.0752486,0.05,1,4441086,4440662,424
335484821,64.6583,65.0076,423,38952,0.0840995,0.05,1,4441170,4440747,423
335487741,42.0633,41.603,424,39006,0.0396398,0.05,1,4441197,4440773,424
335490661,37.2253,38.2412,422,39060,0.0218559,0.05,1,4441231,4440809,422
335493581,31.6901,31.4965,423,39114,0.0387424,0,1,4441259,4440836,423
335496501,21.6761,22.1986,422,39168,0.0334969,0.03,1,4441274,4440852,422
335499421,23.6704,23.8794,422,39222,0.0433988,0.01,1,4441299,4440877,422
335502341,28.0682,28.1518,422,39276,0.0233595,0.01,1,4441330,4440908,422
335505261,12.4273,12.4607,422,39330,0.0153438,0.05,1,4441332,4440910,422
335508181,21.7709,21.7843,422,39384,0.0241375,0.03,1,4441360,4440938,422
335511101,38.7084,38.7137,422,39438,0.051655,0.05,1,4441410,4440988,422
335514021,35.8833,35.2855,423,39492,0.038662,0.11,1,4441444,4441021,423
335516941,30.5533,29.1142,425,39545,0.0454648,0.07,1,4441471,4441046,425
335519861,36.8213,35.6457,426,39598,0.0601859,0.09,1,4441512,4441086,426
335522781,63.9285,64.6583,424,39651,0.0420744,0.01,1,4441594,4441170,424
335525701,41.1714,42.0633,423,39704,0.0468297,0.01,1,4441620,4441197,423
335528621,36.8686,37.2253,423,39757,0.0367319,0.05,1,4441654,4441231,423
335531541,30.9474,31.6901,422,39810,0.0686928,0.03,1,4441681,4441259,422
335534461,21.379,21.6761,422,39863,0.0694771,0.05,1,4441696,4441274,422
335537381,23.5516,23.6704,422,39916,0.0577908,0.01,1,4441721,4441299,422
335540301,28.0206,28.0682,422,39969,0.0531163,0.01,1,4441752,4441330,422
335543221,12.4083,12.4273,422,40022,0.0512465,0.03,1,4441754,4441332,422
335546141,22.3633,21.7709,423,40075,0.0264986,0.03,1,4441783,4441360,423
335549061,38.3453,8.70836,472,40128,0.0525994,0.07,1,4441832,4441360,472
335551981,35.1381,33.4833,455,40181,0.0510398,0.03,1,4441865,4441410,455
335554901,30.2553,33.7933,448,40234,0.0384159,0.05,1,4441892,4441444,448
335557821,37.9021,29.7173,464,40286,0.0453664,0.07,1,4441935,4441471,464
335560741,64.3608,36.4869,505,40338,0.0361465,0.03,1,4442017,4441512,505
335563661,40.7443,63.7948,448,40390,0.0444586,0.05,1,4442042,4441594,448
335566581,36.6977,41.1179,456,40442,0.0237834,0.03,1,4442076,4441620,456
335569501,31.4791,36.8472,450,40494,0.0635134,0.09,1,4442104,4441654,450
335572421,20.3916,30.9389,436,40546,0.0914054,0.07,1,4442117,4441681,436
335575341,23.1567,21.3755,446,40598,0.0665621,0.05,1,4442142,4441696,446
335578261,27.8627,23.5502,452,40650,0.0326249,0.05,1,4442173,4441721,452
335581181,12.3451,28.0201,423,40702,0.0310499,0.05,1,4442175,4441752,423
335584101,22.338,12.408,450,40754,0.04242,0.01,1,4442204,4441754,450
335587021,40.1352,22.3632,473,40806,0.022968,0.07,1,4442256,4441783,473
335589941,35.2541,38.3453,456,40858,0.0271872,0.05,1,4442288,4441832,456
335592861,29.7016,35.1381,449,40910,0.0408749,0.03,1,4442314,4441865,449
335595781,37.6807,30.2552,465,40962,0.03435,0.05,1,4442357,4441892,465
335598701,64.2723,37.9021,504,41014,0.06774,0.03,1,4442439,4441935,504
335604541,37.2836,40.7443,457,41116,0.0600384,0.01,1,4442499,4442042,457
335607461,32.9134,36.6977,453,41167,0.0420154,0.09,1,4442529,4442076,453
335610381,20.3654,31.4791,437,41218,0.0468061,0.11,1,4442541,4442104,437
335613301,22.5461,20.3916,448,41269,0.0607225,0.05,1,4442565,4442117,448
335616221,27.0185,23.1567,453,41320,0.078289,0.01,1,4442595,4442142,453
335619141,12.0074,27.8627,424,41371,0.0853156,0.03,1,4442597,4442173,424
335622061,22.803,12.3451,452,41422,0.0881262,0.05,1,4442627,4442175,452
335624981,39.7212,22.338,474,41473,0.0652505,0.01,1,4442678,4442204,474
335627901,35.0885,40.1352,454,41524,0.0801002,0.03,1,4442710,4442256,454
335630821,15.2354,35.2541,424,41575,0.0860401,0.05,1,4442712,4442288,424
335642501,40.6764,40.7089,426,41779,0.210955,0.03,1,4442890,4442464,426
335651261,20.3153,20.3654,424,41930,0.203341,0.07,1,4442965,4442541,424
335654181,23.1261,22.5461,425,41980,0.219336,0.09,1,4442990,4442565,425
335657101,27.8504,27.0185,426,42030,0.249735,0.09,1,4443021,4442595,426
335660021,12.3402,12.0074,426,42080,0.273894,0.09,1,4443023,4442597,426
335686301,33.832,35.4706,429,42530,0.40318,0.19,1,4443351,4442922,429
335689221,33.9328,32.7882,432,42580,0.419272,0.21,1,4443385,4442953,432
335692141,20.7731,20.3153,432,42630,0.437709,0.23,1,4443397,4442965,432
335803101,15.7699,35.224,450,44472,0.75685,0.55,2,4444542,4444092,450
335823541,29.0544,29.5328,452,44801,0.916868,0.61,2,4444797,4444345,452
335826461,12.8218,13.0131,452,44848,0.924747,0.65,2,4444799,4444347,452
336068821,33.9472,36.3526,480,48597,0.937354,0.94,2,4447413,4446933,480
336338921,49.1559,58.2152,471,27375,0.0950482,0.92,1,4451619,4451148,471
336344761,33.0649,39.0744,458,27529,0.0956077,0.67,1,4451673,4451215,458
336350601,44.0504,46.6919,454,27683,0.0644972,0.31,1,4451782,4451328,454
336359361,62.2672,71.7243,424,27912,0.0917278,0.05,1,4451961,4451537,424
336379801,61.8554,17.6202,499,28439,0.224685,0.15,1,4452281,4451782,499
336382721,45.1422,50.8481,460,28513,0.239874,0.13,1,4452315,4451855,460
336385641,61.2569,38.9392,501,28587,0.25795,0.07,1,4452387,4451886,501
336388561,45.5027,60.5757,461,28661,0.26518,0.13,1,4452422,4451961,461
336406081,64.1746,42.1316,508,29101,0.41289,0.25,1,4452714,4452206,508
336409001,46.0698,61.8526,467,29174,0.435156,0.25,1,4452748,4452281,467
336473241,43.8376,42.5852,456,30729,0.902585,0.71,2,4453760,4453304,456
336479081,31.734,30.6936,458,30867,0.916014,0.75,2,4453833,4453375,458
336482001,37.2936,35.6775,460,30936,0.924405,0.89,2,4453874,4453414,460
336484921,64.1174,61.071,464,31004,0.939762,0.87,2,4453956,4453492,464
336487841,45.447,44.8284,463,31072,0.933905,0.89,2,4453989,4453526,463
336613401,74.6015,71.7895,490,33877,0.909975,1,2,4455997,4455507,490
336630921,38.3087,31.8667,502,34249,0.220866,1,1,4456229,4455727,502
336639681,47.5958,30.8395,544,34435,0.0472554,1,1,4456337,4455793,544
336642601,41.2383,55.5358,509,34496,0.0729022,1,1,4456374,4455865,509
336645521,64.4953,45.0143,551,34557,0.0711609,0.85,1,4456454,4455903,551
336648441,44.9981,74.4057,489,34618,0.0584643,0.79,1,4456486,4455997,489
336651361,40.7993,50.1623,493,34679,0.0773857,0.63,1,4456524,4456031,493
336654281,34.9197,46.4649,480,34740,0.0849543,0.57,1,4456555,4456075,480
336660121,41.3472,34.6744,490,34862,0.0987927,0.29,1,4456632,4456142,490
336663041,32.7389,46.2698,463,34923,0.0935171,0.11,1,4456659,4456196,463
336665961,26.8955,38.3079,453,34984,0.0794068,0.17,1,4456682,4456229,453
336671801,43.4233,24.4893,484,35104,0.0499051,0,1,4456758,4456274,484
336674721,40.7693,47.5957,460,35164,0.037962,0.09,1,4456797,4456337,460
336677641,64.3077,41.2383,503,35224,0.0451848,0.07,1,4456877,4456374,503
336680561,44.9231,64.4953,455,35284,0.0600739,0.05,1,4456909,4456454,455
336692241,42.934,31.3679,476,35524,0.221138,0.09,1,4457060,4456584,476
336695161,31.5736,41.3472,452,35584,0.250455,0.09,1,4457084,4456632,452
336698081,28.2294,32.7389,451,35643,0.262182,0.07,1,4457110,4456659,451
336701001,12.4918,26.8955,430,35702,0.266873,0.13,1,4457112,4456682,430
336703921,14.5967,21.5582,428,35761,0.292749,0.01,1,4457128,4456700,428
336712681,63.3822,64.3077,423,35938,0.212896,0.07,1,4457300,4456877,423
336730201,33.0127,31.5736,435,36290,0.227653,0.27,1,4457519,4457084,435
336733121,28.8051,28.2294,435,36348,0.265061,0.27,1,4457545,4457110,435
336736041,12.722,12.4918,435,36406,0.280024,0.31,1,4457547,4457112,435
336738961,14.6888,14.5967,435,36464,0.26201,0.31,1,4457563,4457128,435
336741881,37.6755,37.6387,435,36522,0.254804,0.31,1,4457616,4457181,435
336744801,38.4702,38.4555,435,36580,0.287922,0.15,1,4457655,4457220,435
336747721,58.5881,63.3822,427,36638,0.277169,0.15,1,4457727,4457300,427
336750641,45.6352,47.5529,427,36696,0.284867,0.17,1,4457764,4457337,427
336762321,45.8515,45.0318,432,36925,0.401133,0.25,1,4457926,4457494,432
336765241,34.5406,33.0127,434,36982,0.406453,0.29,1,4457953,4457519,434
336844081,15.7783,13.8421,471,38495,0.764576,0.67,2,4458897,4458426,471
336861601,43.6993,45.1137,457,38824,0.90437,0.69,2,4459147,4458690,457
336867441,35.1919,36.2582,455,38932,0.904299,0.67,2,4459218,4458763,455
336870361,50.6768,49.9033,457,38986,0.94372,0.73,2,4459279,4458822,457
336873281,36.4707,36.1613,457,39040,0.947488,0.73,2,4459306,4458849,457
337013441,37.5266,34.3497,530,41557,0.788598,1,2,4461044,4460514,530
337030961,39.743,33.9943,504,41862,0.277093,1,1,4461256,4460752,504
337033881,31.4972,33.9977,496,41912,0.272837,1,1,4461282,4460786,496
337036801,19.7989,26.1991,487,41962,0.235135,0.95,1,4461294,4460807,487
337039721,23.5195,32.0796,477,42012,0.256054,0.96,1,4461320,4460843,477
337042641,29.8078,29.6319,483,42062,0.252422,1,1,4461354,4460871,483
337045561,29.3231,32.8527,477,42112,0.298969,0.82,1,4461383,4460906,477
337080601,25.5922,23.5195,435,42711,0.412636,0.25,1,4461755,4461320,435
337086441,29.6548,29.3231,435,42809,0.441622,0.31,1,4461818,4461383,435
337162361,26.2387,20.6381,479,44072,0.760506,0.55,2,4462643,4462164,479
337171121,47.7833,30.3368,510,44216,0.770832,0.63,2,4462770,4462260,510
337194481,36.1318,39.0745,458,44597,0.905994,0.73,2,4462995,4462537,458
337197401,36.6527,37.2298,459,44644,0.908398,0.75,2,4463032,4462573,459
337200321,30.2611,30.4919,459,44691,0.909359,0.75,2,4463058,4462599,459
337206161,26.4418,26.2387,460,44785,0.917097,0.71,2,4463103,4462643,460
337209081,32.7767,33.8955,458,44832,0.924839,0.75,2,4463140,4462682,458
337425161,323.756,359.304,478,21900,0.441816,0.76,1,4465500,4465022,478
337431001,128.241,116.889,507,22093,0.0958905,0.59,1,4465664,4465157,507
337445601,33.4962,32.7032,438,22569,0.0609339,0.07,1,4465906,4465468,438
337448521,58.9985,32.2813,482,22663,0.0303736,0.03,1,4465982,4465500,482
337451441,85.9994,49.5125,525,22757,0.0301494,0.03,1,4466086,4465561,525
337454361,77.5998,81.605,494,22850,0.0660598,0.15,1,4466158,4465664,494
337471881,85.1801,58.8075,526,23401,0.0751218,0.03,1,4466508,4465982,526
337474801,80.272,85.923,499,23492,0.0720487,0.09,1,4466585,4466086,499
337477721,68.7088,77.5692,488,23582,0.0948195,0.15,1,4466646,4466158,488
337483561,43.1534,60.5311,462,23762,0.208371,0.21,1,4466735,4466273,462
337486481,31.6614,42.8124,455,23851,0.221348,0.19,1,4466759,4466304,455
337489401,55.8645,32.125,502,23940,0.238539,0.11,1,4466831,4466329,502
337492321,23.5458,58.45,428,24029,0.245416,0.03,1,4466833,4466405,428
337495241,68.2183,85.18,423,24117,0.236166,0.07,1,4466931,4466508,423
337509841,32.1482,31.6614,433,24554,0.217967,0.25,1,4467192,4466759,433
337512761,56.6593,55.8645,434,24640,0.213187,0.25,1,4467265,4466831,434
337515681,23.8637,23.5458,434,24726,0.211275,0.23,1,4467267,4466833,434
337518601,65.3455,68.2183,429,24812,0.22251,0.13,1,4467360,4466931,429
337521521,72.9382,75.2873,427,24897,0.239004,0.13,1,4467438,4467011,427
337524441,67.5753,67.3149,429,24982,0.269602,0.21,1,4467502,4467073,429
337527361,66.6301,65.926,430,25067,0.293841,0.21,1,4467568,4467138,430
337536121,56.2003,56.6593,430,25320,0.401126,0.21,1,4467695,4467265,430
337539041,23.6801,23.8637,430,25404,0.44245,0.23,1,4467697,4467267,430
337541961,65.8721,65.3455,431,25487,0.44698,0.23,1,4467791,4467360,431
337582841,61.7644,33.6455,530,26628,0.798913,0.69,2,4468592,4468062,530
337594521,31.274,75.9333,456,26945,0.904852,0.65,2,4468772,4468316,456
337737601,38.3416,39.9066,484,30558,0.43428,1,1,4471298,4470814,484
337740521,32.7366,33.9626,483,30627,0.431712,0.98,1,4471327,4470844,483
337746361,37.5179,43.594,472,30765,0.415874,0.99,1,4471400,4470928,472
337749281,42.0071,48.0376,466,30834,0.41235,0.83,1,4471445,4470979,466
337752201,50.4029,54.015,464,30903,0.43494,0.63,1,4471501,4471037,464
337784321,81.8021,49.9,544,31647,0.771357,0.57,2,4472045,4471501,544
337816441,52.4772,81.8021,492,32375,0.917339,0.83,2,4472537,4472045,492
337959521,45.9692,41.8237,519,35433,0.934,1,2,4474648,4474129,519
337962441,39.3877,36.5295,521,35493,0.9376,1,2,4474683,4474162,521
337965361,31.3551,41.0118,503,35553,0.92104,1,2,4474709,4474206,503
337968281,41.342,36.2047,518,35612,0.782416,1,2,4474757,4474239,518
337979961,43.2696,57.4324,484,35848,0.236942,1,1,4474918,4474434,484
337985801,41.1231,37.2692,496,35966,0.0727107,1,1,4474996,4474500,496
337988721,47.0493,53.3077,483,36025,0.0470843,1,1,4475047,4474564,483
337991641,37.4197,42.9231,478,36084,0.0188337,0.89,1,4475078,4474600,478
337994561,38.9679,45.9692,470,36143,0.0375335,0.94,1,4475118,4474648,470
337997481,33.5872,39.3877,465,36201,0.0210134,0.91,1,4475148,4474683,465
338000401,27.8349,31.3551,463,36259,0.0264054,0.69,1,4475172,4474709,463
338003321,34.5339,41.342,454,36317,0.0525621,0.63,1,4475211,4474757,454
338006241,34.2136,36.3368,455,36375,0.0390249,0.57,1,4475245,4474790,455
338009161,26.2854,31.9347,447,36433,0.0336099,0.25,1,4475266,4474819,447
338012081,36.9142,48.1739,432,36491,0.031444,0.13,1,4475310,4474878,432
338015001,35.1657,43.2696,426,36549,0.0785776,0.07,1,4475344,4474918,426
338017921,34.4663,38.3078,425,36607,0.085431,0.03,1,4475378,4474953,425
338020841,39.5865,41.1231,425,36665,0.0521724,0.03,1,4475421,4474996,425
338023761,45.8346,47.0493,424,36723,0.062869,0,1,4475471,4475047,424
338026681,36.3338,37.4197,423,36781,0.0431476,0.05,1,4475501,4475078,423
338029601,39.1335,38.9679,424,36838,0.071259,0.01,1,4475542,4475118,424
338032521,32.4534,33.5872,422,36895,0.0945036,0.03,1,4475570,4475148,422
338035441,28.5814,27.8349,424,36952,0.0438014,0.07,1,4475596,4475172,424
338038361,34.2325,34.5339,423,37009,0.0355206,0.03,1,4475634,4475211,423
338041281,34.093,34.2136,423,37066,0.0142082,0.03,1,4475668,4475245,423
338044201,25.6372,26.2854,422,37123,0.0476833,0.03,1,4475688,4475266,422
338047121,36.6549,36.9142,422,37180,0.0250733,0.03,1,4475732,4475310,422
338050041,35.662,14.7657,457,37237,0.0520293,0.11,1,4475767,4475310,457
338052961,34.6648,26.3063,457,37294,0.0868117,0.09,1,4475801,4475344,457
338055881,39.6659,30.9225,466,37351,0.0647247,0.03,1,4475844,4475378,466
338058801,45.2664,38.169,472,37408,0.0918899,0.07,1,4475893,4475421,472
338064641,40.0026,36.107,464,37520,0.0639024,0.09,1,4475965,4475501,464
338067561,32.201,39.0428,450,37576,0.0435609,0.11,1,4475992,4475542,450
338070481,27.8804,32.4171,447,37632,0.0594244,0.01,1,4476017,4475570,447
338073401,34.5522,28.5669,460,37688,0.0537698,0.03,1,4476056,4475596,460
338076321,33.6209,34.2267,455,37744,0.0395079,0,1,4476089,4475634,455
338079241,26.0483,34.0907,442,37800,0.0458032,0.07,1,4476110,4475668,442
338082161,36.2193,25.6363,465,37856,0.0483213,0.01,1,4476153,4475688,465
338085081,38.4877,36.6545,461,37912,0.0493285,0.07,1,4476193,4475732,461
338088001,35.7951,35.6618,460,37968,0.0617314,0.11,1,4476227,4475767,460
338090921,39.518,34.6647,468,38024,0.0666926,0.05,1,4476269,4475801,468
338093841,45.8072,39.6659,475,38080,0.080677,0.11,1,4476319,4475844,475
338096761,36.3229,45.2664,456,38135,0.0862708,0.13,1,4476349,4475893,456
338099681,37.9292,35.5065,466,38190,0.0765083,0.03,1,4476388,4475922,466
338108441,35.1155,27.8804,464,38355,0.238417,0.05,1,4476481,4476017,464
338111361,32.0462,34.5522,455,38410,0.257367,0.03,1,4476511,4476056,455
338114281,26.0185,33.6209,444,38465,0.264947,0.05,1,4476533,4476089,444
338117201,35.6074,26.0483,465,38520,0.243979,0.05,1,4476575,4476110,465
338125961,27.0949,35.7951,425,38685,0.203535,0.07,1,4476652,4476227,425
338128881,36.0379,39.518,425,38740,0.243414,0.09,1,4476694,4476269,425
338131801,45.0152,45.8072,426,38795,0.271366,0.09,1,4476745,4476319,426
338134721,36.0061,36.3229,426,38849,0.282546,0.07,1,4476775,4476349,426
338137641,39.0024,37.9292,428,38903,0.275019,0.17,1,4476816,4476388,428
338140561,33.601,31.9717,430,38957,0.260007,0.23,1,4476846,4476416,430
338143481,31.4404,27.7887,435,39011,0.254003,0.27,1,4476876,4476441,435
338146401,36.5762,35.1155,435,39065,0.275601,0.27,1,4476916,4476481,435
338149321,32.6305,32.0462,435,39119,0.28424,0.27,1,4476946,4476511,435
338152241,26.2522,26.0185,435,39173,0.287696,0.23,1,4476968,4476533,435
338155161,34.5009,35.6074,433,39227,0.289078,0.17,1,4477008,4476575,433
338161001,16.0801,16.7372,431,39335,0.282653,0.21,1,4477049,4476618,431
338163921,27.4321,27.0949,432,39389,0.263061,0.27,1,4477084,4476652,432
338181441,30.2541,31.4404,432,39709,0.401879,0.29,1,4477308,4476876,432
338184361,37.3016,36.5762,434,39762,0.406752,0.29,1,4477350,4476916,434
338187281,32.9206,32.6305,434,39815,0.432701,0.29,1,4477380,4476946,434
338190201,26.9683,26.2522,435,39868,0.43108,0.29,1,4477403,4476968,435
338242761,40.1851,26.7927,492,40811,0.769255,0.49,2,4478010,4477518,492
338245681,49.0741,38.9171,500,40863,0.769702,0.55,2,4478065,4477565,500
338248601,38.8296,46.7668,480,40915,0.781881,0.57,2,4478097,4477617,480
338251521,39.5318,37.3067,489,40967,0.798752,0.57,2,4478137,4477648,489
338257361,31.4051,34.1691,479,41070,0.7962,0.59,2,4478198,4477719,479
338269041,38.5032,26.8619,499,41274,0.910735,0.69,2,4478342,4477843,499
338271961,40.0013,36.5448,497,41325,0.934294,0.73,2,4478383,4477886,497
338438401,33.6083,38.2482,501,44141,0.9268,1,2,4480294,4479793,501
338447161,35.6309,35.2799,513,44285,0.784835,1,2,4480399,4479886,513
338467601,30.1456,40.1864,490,44617,0.446634,1,1,4480617,4480127,490
338470521,28.2582,31.0746,492,44664,0.412654,1,1,4480644,4480152,492
338476361,33.9213,42.0519,475,44758,0.441625,0.94,1,4480708,4480233,475
338569801,32.6174,29.8389,484,46243,0.759257,0.57,2,4481661,4481177,484
338572721,25.047,32.9356,469,46289,0.765703,0.57,2,4481681,4481212,469
338575641,29.8188,26.3742,480,46335,0.768281,0.53,2,4481714,4481234,480
338578561,34.7275,29.7497,486,46381,0.781312,0.59,2,4481752,4481266,486
338581481,37.891,33.4999,490,46426,0.798525,0.63,2,4481792,4481302,490
338625281,38.7515,34.7275,501,47101,0.94164,0.81,2,4482253,4481752,501
338810701,104.474,98.3189,519,22910,0.945232,1,2,4484320,4483801,519
338813621,84.9896,93.3276,501,23003,0.930093,1,2,4484392,4483891,501
338839901,70.5449,59.0227,547,23819,0.927228,0.79,2,4484986,4484439,547
338842821,42.018,73.4091,487,23908,0.928891,0.85,2,4485009,4484522,487
338845741,18.0072,44.3636,464,23997,0.929556,0.87,2,4485011,4484547,464
338959621,72.4275,76.237,481,27228,0.946,1,2,4487355,4486874,481
338962541,45.171,46.6948,481,27306,0.9424,1,2,4487382,4486901,481
338965461,40.2684,35.4779,490,27384,0.94696,1,2,4487419,4486929,490
339079341,38.4679,37.2041,499,30251,0.90112,1,2,4489433,4488934,499
339091021,39.9896,41.3636,501,30530,0.0893567,1,1,4489665,4489164,501
339093941,32.7958,36.3454,496,30599,0.0657427,1,1,4489693,4489197,496
339096861,49.1183,55.3382,488,30668,0.0562971,1,1,4489753,4489265,488
339099781,40.6473,47.9353,480,30737,0.0645188,0.97,1,4489788,4489308,480
339102701,47.4589,49.1741,482,30806,0.0318075,1,1,4489840,4489358,482
339105621,41.1836,43.6696,479,30875,0.030723,0.84,1,4489877,4489398,479
339117301,44.3455,54.9739,424,31148,0.0728345,0.05,1,4490059,4489635,424
339120221,34.5382,39.9896,422,31216,0.0291338,0.05,1,4490087,4489665,422
339123141,31.2153,32.7958,423,31284,0.0116535,0.05,1,4490116,4489693,423
339126061,47.8861,13.1183,482,31352,0.0226614,0.05,1,4490175,4489693,482
339128981,39.5544,41.2473,456,31419,0.0270646,0.07,1,4490209,4489753,456
339131901,47.0218,37.4989,473,31486,0.0408258,0.01,1,4490261,4489788,473
339134821,45.2087,46.1996,465,31553,0.0343303,0.03,1,4490305,4489840,465
339137741,31.8835,40.6798,451,31620,0.0437321,0.17,1,4490328,4489877,451
339140661,46.9534,30.0719,485,31687,0.0354929,0.17,1,4490385,4489900,485
339149421,33.101,44.3326,449,31887,0.0778715,0,1,4490508,4490059,449
339152341,31.2404,34.533,451,31953,0.0311486,0,1,4490538,4490087,451
339155261,47.8962,31.2132,481,32019,0.0304594,0.03,1,4490597,4490116,481
339158181,38.9585,47.8853,455,32085,0.0421838,0.03,1,4490630,4490175,455
339161101,47.9834,39.5541,475,32151,0.0348735,0.05,1,4490684,4490209,475
339164021,45.5934,47.0216,467,32217,0.0439494,0.03,1,4490728,4490261,467
339166941,31.4373,45.2087,445,32283,0.0595798,0.05,1,4490750,4490305,445
339169861,47.3749,31.8835,480,32349,0.0418319,0.03,1,4490808,4490328,480
339172781,61.55,46.9534,494,32414,0.0587328,0.15,1,4490879,4490385,494
339175701,41.42,58.3814,456,32479,0.0774931,0.13,1,4490907,4490451,456
339181541,31.7072,33.101,454,32609,0.0615989,0,1,4490962,4490508,454
339184461,46.8829,31.2404,481,32674,0.0546396,0.03,1,4491019,4490538,481
339187381,37.9532,47.8962,454,32739,0.0398558,0.05,1,4491051,4490597,454
339190301,16.3813,38.9585,423,32804,0.0339423,0.03,1,4491053,4490630,423
339193221,38.3525,47.9834,422,32868,0.0315769,0.05,1,4491106,4490684,422
339196141,42.941,45.5934,424,32932,0.0546308,0.07,1,4491152,4490728,424
339199061,29.7764,31.4373,423,32996,0.0518523,0.03,1,4491173,4490750,423
339201981,47.9106,47.3749,425,33060,0.0987409,0.07,1,4491233,4490808,425
339213661,28.9513,31.7072,423,33316,0.227312,0.05,1,4491385,4490962,423
339219501,37.8722,37.9532,423,33442,0.0879699,0.03,1,4491474,4491051,423
339222421,16.3489,16.3813,423,33505,0.0891879,0.03,1,4491476,4491053,423
339225341,37.7396,38.3525,422,33568,0.0656752,0.07,1,4491528,4491106,422
339228261,43.2958,42.941,423,33631,0.0562701,0.05,1,4491575,4491152,423
339231181,30.5183,29.7764,424,33694,0.028508,0.13,1,4491597,4491173,424
339234101,49.4073,47.9106,426,33757,0.0534032,0.21,1,4491659,4491233,426
339237021,65.3629,62.3642,430,33820,0.0753613,0.17,1,4491735,4491305,430
339239941,44.7452,42.9457,431,33883,0.0961445,0.21,1,4491766,4491335,431
339280821,43.7206,28.2421,480,34746,0.218634,0.15,1,4492295,4491815,480
339283741,35.4882,42.4969,458,34807,0.237454,0.17,1,4492325,4491867,458
339286661,15.3953,35.5987,429,34868,0.256981,0.17,1,4492327,4491898,429
339301261,66.918,50.6513,504,35170,0.41546,0.11,1,4492587,4492083,504
339304181,47.1672,66.4605,461,35230,0.424184,0.15,1,4492621,4492160,461
339307101,32.6669,46.3842,451,35290,0.439674,0.15,1,4492644,4492193,451
339310021,29.2667,31.7537,456,35350,0.433869,0.19,1,4492671,4492215,456
339312941,45.9067,28.3015,487,35410,0.443548,0.25,1,4492728,4492241,487
339371341,67.1995,67.4834,445,36585,0.788559,0.55,2,4493476,4493031,445
339374261,47.8798,46.7934,447,36643,0.777424,0.51,2,4493511,4493064,447
339377181,32.3519,31.9173,447,36701,0.784969,0.53,2,4493533,4493086,447
339380101,31.5408,30.1669,449,36759,0.799988,0.63,2,4493564,4493115,449
339406381,69.0485,42.9595,540,37272,0.914729,0.83,2,4493936,4493396,540
339409301,48.0194,65.1838,494,37329,0.923892,0.77,2,4493970,4493476,494
339412221,33.0078,47.0735,482,37386,0.915557,0.79,2,4493993,4493511,482
339415141,31.2031,32.0294,490,37443,0.912223,0.81,2,4494023,4493533,490
339418061,51.4812,31.4118,524,37499,0.922889,0.85,2,4494088,4493564,524
339420981,40.3925,49.1647,496,37555,0.939156,0.87,2,4494121,4493625,496
339423901,17.357,40.0659,464,37611,0.945662,0.87,2,4494123,4493659,464
339561141,30.1819,24.3491,523,40166,0.946,1,2,4495933,4495410,523
339564061,35.4728,27.7396,532,40219,0.9124,1,2,4495972,4495440,532
339590341,55.817,34.6675,546,40687,0.0771534,1,1,4496306,4495760,546
339593261,44.5268,62.467,502,40739,0.0368614,1,1,4496343,4495841,502
339596181,42.4107,45.3868,509,40791,0.0807445,1,1,4496384,4495875,509
339610781,22.5728,31.4756,471,41050,0.0822828,0.53,1,4496504,4496033,471
339613701,25.2291,30.5903,468,41101,0.0749131,0.41,1,4496531,4496063,468
339616621,31.6917,32.0361,471,41152,0.0479653,0.29,1,4496567,4496096,471
339619541,32.4767,34.4144,468,41203,0.0371861,0.27,1,4496600,4496132,468
339622461,35.1907,34.7658,470,41254,0.0568744,0.11,1,4496637,4496167,470
339625381,27.8763,36.1063,456,41305,0.0767498,0.07,1,4496660,4496204,456
339628301,51.9505,33.0425,493,41356,0.0486999,0.05,1,4496728,4496235,493
339631221,43.5802,55.817,460,41407,0.03748,0.01,1,4496766,4496306,460
339634141,43.2321,44.5268,466,41458,0.092992,0.11,1,4496809,4496343,466
339648741,22.6734,24.9321,425,41713,0.0997458,0.07,1,4496908,4496483,425
339660421,30.9788,32.4767,422,41915,0.0967775,0.07,1,4497022,4496600,422
339663341,37.5915,35.1907,427,41965,0.056711,0.09,1,4497064,4496637,427
339666261,28.2366,27.8763,426,42015,0.0766844,0.03,1,4497086,4496660,426
339669181,50.2946,51.9505,423,42065,0.0606738,0.03,1,4497151,4496728,423
339672101,44.1179,43.5802,425,42115,0.0422695,0.13,1,4497191,4496766,425
339675021,47.0471,43.2321,431,42165,0.0229078,0.11,1,4497240,4496809,431
339677941,29.6189,30.4928,427,42215,0.0391631,0.11,1,4497258,4496831,427
339680861,13.0475,13.3971,427,42265,0.0216652,0.13,1,4497260,4496833,427
339683781,23.219,23.9589,426,42315,0.0626661,0.11,1,4497290,4496864,426
339686701,22.4876,22.1835,427,42365,0.0910664,0.09,1,4497312,4496885,427
339689621,22.195,22.6734,426,42415,0.0784266,0.11,1,4497334,4496908,426
339692541,20.878,21.6694,425,42465,0.0973706,0.15,1,4497354,4496929,425
339712981,44.2046,44.1179,423,42812,0.081051,0.01,1,4497614,4497191,423
339715901,46.4818,47.0471,422,42861,0.0384204,0.05,1,4497662,4497240,422
339718821,29.3927,29.6189,422,42910,0.0453682,0.01,1,4497680,4497258,422
339721741,12.9571,13.0475,422,42959,0.0481473,0.09,1,4497682,4497260,422
339724661,24.3828,23.219,424,43008,0.0852589,0.09,1,4497714,4497290,424
339727581,22.9531,9.28761,446,43057,0.0881036,0.11,1,4497736,4497290,446
339730501,22.3813,16.915,446,43106,0.0892414,0.07,1,4497758,4497312,446
339733421,20.9525,19.966,444,43155,0.0896966,0.11,1,4497778,4497334,444
339739261,31.7924,25.3946,461,43253,0.0947515,0.17,1,4497844,4497383,461
339753861,40.0744,49.0079,462,43498,0.22802,0.01,1,4498035,4497573,462
339756781,44.8297,44.2032,469,43547,0.241208,0.01,1,4498083,4497614,469
339759701,28.7319,46.4813,439,43595,0.246483,0.05,1,4498101,4497662,439
339762621,12.6928,29.3925,423,43643,0.248593,0.05,1,4498103,4497680,423
339765541,26.6771,12.957,457,43691,0.261437,0.11,1,4498139,4497682,457
339783061,30.8224,31.7924,456,43979,0.400613,0.11,1,4498300,4497844,456
339818101,16.3274,21.0993,441,44552,0.41233,0.39,1,4498644,4498203,441
339821021,25.731,27.6397,441,44599,0.410932,0.39,1,4498676,4498235,441
339826861,31.117,30.8224,442,44693,0.429349,0.37,1,4498742,4498300,442
339829781,36.4468,37.5289,440,44740,0.41774,0.37,1,4498782,4498342,440
339832701,27.7787,28.2116,440,44787,0.449096,0.35,1,4498804,4498364,440
339835621,52.5115,53.2846,439,44834,0.425638,0.37,1,4498873,4498434,439
339899861,25.3344,24.43,450,45858,0.75888,0.61,2,4499513,4499063,450
339902781,11.3338,10.972,450,45904,0.765552,0.61,2,4499515,4499065,450
339908621,27.0134,6.55552,484,45996,0.759688,0.63,2,4499569,4499085,484
339911541,31.8054,22.4222,486,46042,0.789875,0.65,2,4499604,4499118,486
339914461,33.1221,29.3689,486,46088,0.78995,0.69,2,4499638,4499152,486
339917381,37.2489,30.9476,494,46134,0.78998,0.69,2,4499678,4499184,494
339931981,31.9865,48.2795,477,46364,0.915203,0.73,2,4499879,4499402,477
339934901,13.9946,31.3118,459,46409,0.924081,0.73,2,4499881,4499422,459
340190401,137.277,114.745,507,22724,0.275295,0.39,1,4502712,4502205,507
340193321,96.3108,101.698,483,22817,0.236118,0.39,1,4502781,4502298,483
340196241,58.9243,79.0792,453,22910,0.220447,0.25,1,4502815,4502362,453
340199161,75.7697,64.0317,486,23003,0.250179,0.23,1,4502902,4502416,486
340202081,36.3079,58.0127,442,23095,0.262072,0.23,1,4502912,4502470,442
340205001,18.7232,31.6051,435,23187,0.278829,0.21,1,4502919,4502484,435
340213761,84.1663,80.7187,502,23460,0.424645,0.21,1,4503214,4502712,502
340216681,52.8665,73.6875,465,23550,0.439858,0.21,1,4503246,4502781,465
340257561,93.265,91.4414,452,24780,0.927532,0.69,2,4504038,4503586,452
340371441,36.8911,32.8917,496,27920,0.900064,1,2,4506206,4505710,496
340386041,50.0674,50.5592,481,28297,0.050439,0.96,1,4506525,4506044,481
340388961,34.4269,39.4237,473,28372,0.0381756,0.96,1,4506549,4506076,473
340391881,52.7708,15.7695,538,28447,0.0332702,1,1,4506614,4506076,538
340394801,34.9083,47.1078,493,28521,0.0193081,0.99,1,4506637,4506144,493
340397721,30.1633,34.4431,494,28595,0.0137232,0.84,1,4506664,4506170,494
340400641,43.2653,35.3772,510,28669,0.0234893,0.59,1,4506716,4506206,510
340403561,34.1061,53.1509,473,28743,0.0273957,0.55,1,4506744,4506271,473
340409401,69.297,90.8241,486,28890,0.0679833,0.01,1,4506914,4506428,486
340412321,48.1188,74.1297,457,28963,0.0451933,0,1,4506948,4506491,457
340415241,32.4475,50.0519,445,29036,0.0360773,0.03,1,4506970,4506525,445
340418161,51.979,34.4207,486,29109,0.0324309,0.03,1,4507035,4506549,486
340421081,35.1916,52.7683,445,29182,0.0129724,0.01,1,4507059,4506614,445
340424001,29.6766,34.9073,448,29255,0.035189,0.01,1,4507085,4506637,448
340426921,43.6707,30.1629,474,29327,0.0560756,0.03,1,4507138,4506664,474
340429841,34.2683,43.2652,450,29399,0.0404302,0.03,1,4507166,4506716,450
340432761,78.5073,34.1061,530,29471,0.0941721,0.19,1,4507274,4506744,530
340441521,31.7605,48.1188,444,29686,0.095067,0.03,1,4507392,4506948,444
340444441,51.7042,32.4475,487,29757,0.0680268,0.03,1,4507457,4506970,487
340447361,34.4817,51.979,445,29828,0.0452107,0,1,4507480,4507035,445
340450281,14.9927,35.1916,423,29899,0.0180843,0.05,1,4507482,4507059,423
340453201,23.3971,29.6766,426,29970,0.0132337,0.07,1,4507511,4507085,426
340456121,40.5588,43.6707,425,30041,0.0232935,0.03,1,4507563,4507138,425
340459041,31.2235,34.2683,422,30111,0.0393174,0.13,1,4507588,4507166,422
340461961,80.2894,78.5073,427,30181,0.093727,0.19,1,4507701,4507274,427
340467801,49.0863,49.4012,426,30321,0.239396,0.09,1,4507798,4507372,426
340470721,30.4345,31.7605,424,30391,0.245759,0.05,1,4507816,4507392,424
340543721,41.8879,24.1243,481,32085,0.213633,0.17,1,4508843,4508362,481
340546641,29.9552,40.8497,451,32151,0.235453,0.17,1,4508865,4508414,451
340549561,82.7821,29.5399,547,32217,0.268181,0.13,1,4508983,4508436,547
340561241,49.8024,31.4282,489,32479,0.440833,0.21,1,4509165,4508676,489
340596281,34.1931,33.121,446,33252,0.779919,0.49,2,4509633,4509187,446
340599201,14.8772,14.4484,446,33316,0.797968,0.49,2,4509635,4509189,446
340602121,23.9509,23.7794,446,33379,0.793187,0.53,2,4509665,4509219,446
340613801,80.9123,80.2312,449,33631,0.905858,0.69,2,4509868,4509419,449
340616721,76.1649,72.2925,455,33694,0.920343,0.69,2,4509941,4509486,455
340619641,55.666,53.517,456,33757,0.902137,0.69,2,4509983,4509527,456
340622561,33.0664,32.2068,456,33820,0.906855,0.77,2,4510001,4509545,456
340625481,55.2266,52.4827,460,33883,0.908742,0.81,2,4510071,4509611,460
340628401,35.8906,34.1931,461,33945,0.933497,0.81,2,4510094,4509633,461
340631321,15.5562,14.8772,461,34007,0.943399,0.79,2,4510096,4509635,461
340634241,24.2225,23.9509,461,34069,0.92336,0.83,2,4510126,4509665,461
340637161,45.689,44.3804,463,34131,0.939344,0.83,2,4510186,4509723,463
340640081,19.4756,18.9521,463,34193,0.921737,0.85,2,4510188,4509725,463
340643001,21.5902,20.7809,464,34255,0.926695,0.85,2,4510211,4509747,464
340648841,76.1744,75.9249,538,34379,0.939071,0.93,2,4510406,4509868,538
340657601,55.7072,32.7472,537,34563,0.932021,0.91,2,4510538,4510001,537
340660521,35.4829,55.0989,489,34624,0.930808,0.95,2,4510560,4510071,489
340663441,15.3931,35.8395,468,34685,0.930323,0.95,2,4510562,4510094,468
340666361,24.1573,15.5358,496,34746,0.942129,0.91,2,4510592,4510096,496
340786081,44.0456,49.7268,484,37158,0.93928,1,2,4512324,4511840,484
340789001,36.8182,19.8907,516,37215,0.933712,1,2,4512356,4511840,516
340791921,31.5273,28.9563,509,37272,0.907485,1,2,4512384,4511875,509
340809441,30.7289,41.5566,507,37611,0.427547,1,1,4512598,4512091,507
340815281,62.3966,26.3291,567,37723,0.204008,0.98,1,4512710,4512143,567
340821121,42.1435,57.6126,504,37835,0.0986412,0.91,1,4512793,4512289,504
340824041,35.4574,44.0451,500,37891,0.0694565,0.93,1,4512824,4512324,500
340826961,27.383,36.818,490,37947,0.0337826,0.89,1,4512846,4512356,490
340829881,41.5532,31.5272,513,38003,0.043513,0.75,1,4512897,4512384,513
340832801,35.2213,43.8109,492,38059,0.0474052,0.69,1,4512928,4512436,492
340835721,29.0885,42.7244,475,38115,0.0669621,0.61,1,4512953,4512478,475
340838641,26.6354,33.8897,472,38170,0.0567848,0.65,1,4512978,4512506,472
340841561,29.8542,28.5559,479,38225,0.0647139,0.47,1,4513010,4512531,479
340844481,26.9417,34.8224,465,38280,0.0558856,0.35,1,4513035,4512570,465
340847401,23.3767,30.7289,458,38335,0.0283542,0.29,1,4513056,4512598,458
340850321,56.7507,28.4916,510,38390,0.0533417,0.11,1,4513135,4512625,510
340853241,52.7003,62.3966,475,38445,0.0513367,0.15,1,4513185,4512710,475
340856161,39.0801,54.3587,456,38500,0.0505347,0.05,1,4513215,4512759,456
340859081,33.632,42.1435,452,38555,0.0382139,0.05,1,4513245,4512793,452
340862001,26.6528,35.4574,443,38610,0.0692855,0.01,1,4513267,4512824,443
340864921,11.8611,27.383,423,38665,0.0817142,0.05,1,4513269,4512846,423
340867841,35.9445,41.5532,424,38720,0.0506857,0.05,1,4513321,4512897,424
340870761,32.3778,35.2213,423,38775,0.0982743,0.08,1,4513351,4512928,423
340894121,38.0616,39.0801,422,39207,0.206679,0.03,1,4513637,4513215,422
340897041,33.2246,33.632,422,39261,0.208671,0.09,1,4513667,4513245,422
340926241,56.8268,56.3848,429,39795,0.202958,0.17,1,4513987,4513558,429
340929161,53.9307,53.1539,430,39848,0.207183,0.23,1,4514039,4513609,430
340935001,32.9889,33.2246,430,39954,0.204749,0.13,1,4514097,4513667,430
340937921,28.1956,28.8898,429,40007,0.2199,0.15,1,4514122,4513693,429
340940841,12.4782,12.7559,429,40060,0.22596,0.15,1,4514124,4513695,429
340943761,36.1913,5.10238,481,40113,0.240384,0.19,1,4514176,4513695,481
340946681,31.2765,33.841,456,40166,0.246154,0.13,1,4514204,4513748,456
340949601,28.1106,30.9364,453,40219,0.248461,0.13,1,4514230,4513777,453
340952521,27.4442,27.9746,454,40271,0.249385,0.15,1,4514257,4513803,454
340955441,32.5777,26.7898,464,40323,0.249754,0.17,1,4514293,4513829,464
340958361,26.2311,31.7159,451,40375,0.249902,0.17,1,4514315,4513864,451
340961281,23.6924,25.8864,451,40427,0.273961,0.21,1,4514337,4513886,451
340964201,56.877,23.5545,508,40479,0.271584,0.21,1,4514416,4513908,508
340967121,53.9508,56.8218,481,40531,0.282634,0.21,1,4514468,4513987,481
340970041,39.5803,53.9287,459,40583,0.299053,0.19,1,4514498,4514039,459
340990481,28.1568,28.1106,461,40947,0.428396,0.25,1,4514691,4514230,461
341040121,25.5543,24.482,448,41815,0.759283,0.53,2,4515220,4514772,448
341060561,38.7849,38.704,450,42165,0.91397,0.63,2,4515498,4515048,450
341285401,341.201,347.917,495,20440,0.442,1,1,4518089,4517594,495
341291241,134.992,139.667,492,20647,0.08872,0.71,1,4518256,4517764,492
341294161,89.9968,98.4667,481,20750,0.077488,0.39,1,4518316,4517835,481
341297081,76.1987,90.9867,462,20852,0.0609952,0.21,1,4518383,4517921,462
341300001,70.6795,69.9947,473,20954,0.0543981,0.05,1,4518450,4517977,473
341302921,49.8718,68.1979,442,21055,0.0397592,0.13,1,4518486,4518044,442
341305841,34.3487,48.8791,430,21156,0.0339037,0,1,4518510,4518080,430
341308761,47.9395,57.9517,423,21256,0.0195615,0.03,1,4518567,4518144,423
341311681,86.3758,90.3807,423,21356,0.0378246,0.07,1,4518679,4518256,423
341314601,70.5503,72.1523,423,21455,0.0571298,0.05,1,4518739,4518316,423
341317521,67.8201,69.0609,422,21554,0.0528519,0.05,1,4518805,4518383,422
341320441,67.3281,67.8244,422,21652,0.0511408,0.03,1,4518872,4518450,422
341323361,48.5312,48.7297,422,21750,0.0384563,0.03,1,4518908,4518486,422
341326281,34.4125,33.8919,423,21848,0.0333825,0.01,1,4518933,4518510,423
341329201,47.365,47.7568,422,21945,0.019353,0.05,1,4518989,4518567,422
341332121,86.146,86.3027,422,22042,0.0257412,0.07,1,4519101,4518679,422
341335041,72.2584,70.5211,425,22138,0.0282965,0.05,1,4519164,4518739,425
341337961,66.7034,67.8084,422,22234,0.0293186,0.05,1,4519227,4518805,422
341340881,68.0813,67.3234,424,22329,0.0177274,0.03,1,4519296,4518872,424
341343801,47.6325,48.5293,422,22424,0.025091,0.03,1,4519330,4518908,422
341346721,35.253,34.4117,424,22519,0.0280364,0.03,1,4519357,4518933,424
341349641,45.9012,13.7647,477,22613,0.0292146,0.01,1,4519410,4518933,477
341352561,86.1605,39.1059,534,22707,0.0656858,0.03,1,4519523,4518989,534
341355481,72.8642,82.8424,486,22800,0.0322743,0.03,1,4519587,4519101,486
341358401,66.9457,70.9369,486,22893,0.0309097,0.03,1,4519650,4519164,486
341361321,66.9783,66.1748,490,22986,0.0303639,0.01,1,4519717,4519227,490
341364241,47.1913,67.8699,455,23078,0.0541456,0.03,1,4519751,4519296,455
341367161,35.0765,47.548,448,23170,0.0636582,0.03,1,4519778,4519330,448
341370081,45.8306,35.2192,474,23261,0.0434633,0.03,1,4519831,4519357,474
341373001,88.5322,45.8877,538,23352,0.0713853,0.09,1,4519948,4519410,538
341393441,90.7279,45.8306,542,23980,0.0834307,0.09,1,4520373,4519831,542
341396361,37.4912,88.5322,427,24068,0.0633723,0.17,1,4520375,4519948,427
341399281,52.1965,72.0129,428,24156,0.0913489,0.15,1,4520437,4520009,428
341419721,36.3853,37.4912,424,24763,0.20727,0.11,1,4520799,4520375,424
341422641,52.3541,52.1965,425,24849,0.232908,0.13,1,4520862,4520437,425
341425561,61.7417,61.0786,426,24934,0.267163,0.17,1,4520930,4520504,426
341437241,44.8622,44.4084,428,25272,0.425159,0.19,1,4521108,4520680,428
341483961,47.4705,33.9374,502,26581,0.769337,0.53,2,4521998,4521496,502
341486881,93.3882,46.5749,571,26661,0.769735,0.59,2,4522122,4521551,571
341489801,38.5553,92.43,450,26740,0.769894,0.55,2,4522124,4521674,450
341492721,55.0221,38.172,514,26819,0.793958,0.59,2,4522190,4521676,514
341504401,43.5622,47.6908,459,27134,0.932277,0.77,2,4522375,4521916,459
341682521,36.1957,61.1782,507,31542,0.93952,1,2,4525457,4524950,507
341688361,48.8713,46.2685,536,31676,0.756323,1,2,4525572,4525036,536
341697121,64.9278,47.0012,550,31877,0.419685,1,1,4525744,4525194,550
341702961,38.1084,52.6402,503,32009,0.24115,1,1,4525813,4525310,503
341720481,40.0915,48.8713,492,32404,0.203661,0.63,1,4526064,4525572,492
341723401,46.0366,46.5485,497,32469,0.207464,0.47,1,4526114,4525617,497
341726321,57.4146,49.8194,510,32534,0.220986,0.33,1,4526179,4525669,510
341729241,43.9659,64.9278,470,32599,0.250394,0.25,1,4526214,4525744,470
341732161,34.3863,48.7711,460,32664,0.238158,0.19,1,4526242,4525782,460
341735081,36.5545,38.1084,467,32729,0.281263,0.17,1,4526280,4525813,467
341738001,15.8218,39.8434,428,32794,0.274505,0.13,1,4526282,4525854,428
341740921,31.5287,41.1374,428,32858,0.295802,0.13,1,4526324,4525896,428
341761361,44.1815,43.9659,433,33306,0.413145,0.23,1,4526647,4526214,433
341764281,35.6726,34.3863,435,33370,0.435258,0.31,1,4526677,4526242,435
341767201,37.069,36.5545,435,33433,0.444103,0.27,1,4526715,4526280,435
341802241,16.1734,16.0276,444,34184,0.753102,0.49,2,4527161,4526717,444
341819761,46.9486,39.1941,502,34554,0.754863,0.63,2,4527437,4526935,502
341822681,61.3794,45.6776,523,34615,0.775945,0.69,2,4527508,4526985,523
341825601,48.5518,59.0711,495,34676,0.796378,0.75,2,4527548,4527053,495
341828521,37.4207,46.4284,487,34737,0.780551,0.73,2,4527578,4527091,487
341831441,37.7683,36.5714,495,34798,0.798221,0.73,2,4527616,4527121,495
341851881,48.0685,40.8715,510,35221,0.943294,0.77,2,4527896,4527386,510
341992041,57.5727,38.8438,548,37996,0.9304,1,2,4529806,4529258,548
342000801,42.2527,52.142,512,38163,0.775466,1,2,4529955,4529443,512
342006641,37.2404,36.0627,516,38273,0.797275,1,2,4530025,4529509,516
342018321,24.459,33.0592,496,38493,0.759466,1,2,4530144,4529648,496
342027081,13.0374,32.9318,473,38658,0.755886,0.9,2,4530205,4529732,473
342030001,45.4149,57.5727,466,38713,0.776354,0.87,2,4530272,4529806,466
342050441,32.9493,32.1185,461,39092,0.905241,0.71,2,4530550,4530089,461
342053361,34.7797,35.6474,459,39146,0.920097,0.79,2,4530586,4530127,459
342067961,44.9597,45.4149,459,39416,0.926001,0.83,2,4530731,4530272,459
342178921,24.0545,28.8005,504,41402,0.928,1,2,4532109,4531605,504
342181841,28.8218,25.3202,513,41453,0.9352,1,2,4532141,4531628,513
342184761,57.1287,32.9281,551,41504,0.91408,1,2,4532217,4531666,551
342202281,36.4892,38.2979,489,41810,0.942707,1,2,4532418,4531929,489
342205201,32.5957,33.9192,488,41860,0.905083,1,2,4532448,4531960,488
342208121,33.4383,37.5677,482,41910,0.932033,1,2,4532482,4532000,482
342222721,30.8906,28.8218,482,42160,0.946763,0.9,2,4532623,4532141,482
342371641,31.9265,34.104,504,44642,0.916,1,2,4534375,4533871,504
342377481,35.9482,33.2966,506,44736,0.92776,1,2,4534442,4533936,506
342397921,37.4588,38.8067,504,45065,0.205163,1,1,4534690,4534186,504
342412521,25.7612,34.8163,491,45300,0.0824817,0.86,1,4534836,4534345,491
342415441,21.7045,31.9265,480,45347,0.0989927,0.88,1,4534855,4534375,480
342441721,33.9774,37.4588,433,45762,0.212366,0.13,1,4535123,4534690,433
342444641,32.791,35.9835,430,45808,0.222946,0.11,1,4535155,4534725,430
342447561,26.3164,29.3934,427,45854,0.227179,0.11,1,4535177,4534750,427
342450481,31.5266,29.7574,432,45900,0.264871,0.09,1,4535212,4534780,432
342453401,34.2106,32.9029,433,45946,0.243949,0.09,1,4535248,4534815,433
342456321,23.2842,13.1612,449,45992,0.211579,0.07,1,4535264,4534815,449
342459241,19.5137,17.8645,445,46038,0.222632,0.11,1,4535281,4534836,445
342462161,19.8055,18.5458,446,46084,0.227053,0.13,1,4535301,4534855,446
342465081,29.5222,19.4183,462,46130,0.216821,0.17,1,4535337,4534875,462
342468001,31.0089,28.1673,460,46176,0.236728,0.19,1,4535369,4534909,460
342470921,30.4035,31.6669,456,46222,0.220691,0.11,1,4535399,4534943,456
342473841,21.7614,29.4668,444,46268,0.226277,0.17,1,4535415,4534971,444
342476761,30.9046,22.5867,463,46314,0.216511,0.17,1,4535452,4534989,463
342479681,32.7618,30.6347,461,46360,0.260604,0.19,1,4535486,4535025,461
342482601,31.7047,30.8539,461,46405,0.266242,0.19,1,4535517,4535056,461
342497201,32.8504,31.5265,466,46630,0.406435,0.23,1,4535678,4535212,466
342500121,23.3402,34.2106,447,46675,0.408574,0.19,1,4535695,4535248,447
342503041,20.1361,23.2842,449,46720,0.44543,0.23,1,4535713,4535264,449
342584801,32.7388,33.677,447,47967,0.796399,0.49,2,4536532,4536085,447
342614001,31.5736,31.0693,453,48407,0.926863,0.63,2,4536788,4536335,453
342616921,34.2294,34.0277,453,48451,0.916745,0.69,2,4536824,4536371,453
342619841,32.2918,31.6111,454,48494,0.924698,0.69,2,4536855,4536401,454
342843221,308.024,332.201,482,23360,0.78477,1,2,4539086,4538604,482
342860741,68.7113,58.7846,504,23899,0.751337,0.69,2,4539509,4539005,504
342863661,44.8845,64.3139,465,23988,0.798535,0.63,2,4539538,4539073,465
342872421,73.8406,74.5081,456,24252,0.900466,0.69,2,4539699,4539243,456
342875341,67.9362,67.6032,457,24339,0.930187,0.73,2,4539763,4539306,457
342887021,45.2032,44.4362,461,24685,0.933173,0.81,2,4539999,4539538,461
342889941,21.0813,19.5745,463,24771,0.931269,0.89,2,4540004,4539541,463
342892861,49.2325,48.0298,464,24857,0.942508,0.93,2,4540072,4539608,464
342895781,75.493,73.8119,466,24942,0.947003,0.95,2,4540165,4539699,466
343076821,40.3,51.3143,515,29749,0.939232,1,2,4543597,4543082,515
343091421,42.8581,45.105,482,30103,0.949218,0.95,2,4543810,4543328,482
343100181,78.9189,85.3747,483,30313,0.43251,1,1,4544014,4543531,483
343106021,40.947,40.3,484,30453,0.233602,1,1,4544081,4543597,484
343114781,26.1886,32.3632,477,30660,0.0972705,0.97,1,4544184,4543707,477
343117701,44.0754,53.1453,466,30729,0.0929082,0.93,1,4544240,4543774,466
343132301,46.3547,51.3676,435,31072,0.202849,0.15,1,4544482,4544047,435
343135221,32.9419,40.947,425,31140,0.23114,0.17,1,4544506,4544081,425
343138141,43.7768,48.1788,423,31208,0.266456,0.15,1,4544557,4544134,423
343141061,37.3107,38.4715,424,31276,0.292582,0.15,1,4544590,4544166,424
343158581,73.919,37.4805,524,31680,0.403452,0.23,1,4544883,4544359,524
343161501,46.3676,70.7922,459,31747,0.431381,0.21,1,4544911,4544452,459
343214061,49.0718,53.2831,449,32926,0.755933,0.57,2,4545647,4545198,449
343216981,36.4287,37.5133,450,32990,0.788373,0.61,2,4545675,4545225,450
343219901,76.9715,75.6053,453,33054,0.789349,0.61,2,4545779,4545326,453
343225741,36.0754,36.4568,452,33182,0.782696,0.63,2,4545836,4545384,452
343231581,40.8121,40.6331,453,33310,0.798431,0.65,2,4545925,4545472,453
343234501,27.7248,27.0532,454,33373,0.781373,0.69,2,4545944,4545490,454
343237421,47.6899,45.6213,457,33436,0.798549,0.69,2,4546005,4545548,457
343365901,32.9042,31.0912,487,36115,0.9088,1,2,4547838,4547351,487
343374661,27.9539,28.7738,484,36290,0.918083,1,2,4547940,4547456,484
343377581,46.5815,38.5095,498,36348,0.949233,1,2,4547999,4547501,498
343380501,34.2326,34.0038,493,36406,0.937693,1,2,4548025,4547532,493
343386341,64.6372,68.0806,480,36522,0.902431,1,2,4548132,4547652,480
343389261,43.2549,47.6322,475,36580,0.930972,1,2,4548161,4547686,475
343392181,44.302,41.2529,483,36638,0.930389,0.95,2,4548206,4547723,483
343511901,36.1842,40.0353,484,38932,0.943293,1,2,4549782,4549298,484
343526501,26.3376,29.6794,485,39202,0.759813,1,2,4549945,4549460,485
343576141,39.8243,38.2198,455,40109,0.761836,0.51,2,4550573,4550118,455
343579061,36.3297,15.2879,489,40162,0.778734,0.63,2,4550607,4550118,489
343590741,32.0244,29.3114,483,40372,0.916336,0.63,2,4550735,4550252,483
343593661,24.2098,31.5245,469,40424,0.912534,0.61,2,4550754,4550285,469
343596581,41.4839,23.4098,504,40476,0.947014,0.69,2,4550807,4550303,504
343987861,91.9912,95.4147,513,21469,0.43096,1,1,4555511,4554998,513
343990781,79.9965,93.9659,492,21568,0.226384,1,1,4555583,4555091,492
343996621,52.0394,77.1945,485,21764,0.0434214,0.92,1,4555712,4555227,485
343999541,45.4158,50.6778,493,21861,0.0713686,0.81,1,4555753,4555260,493
344002461,49.9663,72.4711,459,21958,0.0945474,0.53,1,4555806,4555347,459
344005381,69.1865,86.5885,445,22055,0.079819,0.27,1,4555888,4555443,445
344008301,63.0746,75.4354,436,22151,0.0979276,0.09,1,4555947,4555511,436
344011221,63.0298,73.3742,427,22247,0.081171,0.03,1,4556010,4555583,427
344014141,87.0119,92.9497,424,22342,0.0624684,0,1,4556113,4555689,424
344017061,49.2048,50.9799,425,22437,0.0429874,0.09,1,4556137,4555712,425
344019981,44.2819,44.9919,425,22532,0.0711949,0.09,1,4556178,4555753,425
344022901,48.3128,17.9968,476,22626,0.082478,0.11,1,4556229,4555753,476
344034581,84.8624,62.3279,524,22999,0.249743,0.05,1,4556534,4556010,524
344037501,48.945,86.7312,446,23091,0.213897,0.03,1,4556559,4556113,446
344043341,48.9912,44.237,476,23274,0.213024,0.09,1,4556654,4556178,476
344046261,71.1965,48.2948,511,23365,0.271209,0.13,1,4556740,4556229,511
344049181,66.2786,69.7179,490,23456,0.282484,0.19,1,4556803,4556313,490
344057941,47.1538,84.8619,455,23726,0.422959,0.19,1,4556989,4556534,455
344060861,44.6615,48.9448,473,23815,0.427184,0.17,1,4557032,4556559,473
344063781,50.2646,45.9779,483,23904,0.428873,0.23,1,4557086,4556603,483
344066701,21.3058,48.9912,434,23993,0.429549,0.31,1,4557088,4556654,434
344119261,64.3365,25.5259,517,25536,0.760762,0.67,2,4558141,4557624,517
344122181,64.7346,48.0103,519,25619,0.778305,0.71,2,4558206,4557687,519
344133861,52.3212,44.6883,512,25948,0.936485,0.71,2,4558436,4557924,512
344221461,61.5998,64.8505,484,28293,0.91,1,2,4560103,4559619,484
344227301,70.936,18.0561,576,28443,0.7948,1,2,4560227,4559651,576
344236061,50.8119,38.8116,536,28665,0.449027,1,1,4560355,4559819,536
344244821,49.044,56.3879,522,28886,0.0904177,1,1,4560502,4559980,522
344247741,63.4176,57.9552,536,28959,0.0421671,0.85,1,4560575,4560039,536
344250661,45.767,61.5821,506,29032,0.0168668,0.83,1,4560609,4560103,506
344253581,67.5068,46.8328,551,29105,0.0127467,0.75,1,4560691,4560140,551
344256501,46.2027,70.9331,496,29178,0.0350987,0.71,1,4560723,4560227,496
344259421,34.0811,50.5733,485,29251,0.0320395,0.55,1,4560749,4560264,485
344262341,38.2324,40.0293,493,29323,0.0428158,0.33,1,4560790,4560297,493
344265261,33.893,50.8117,466,29395,0.0831263,0.23,1,4560821,4560355,466
344274021,60.9452,49.044,494,29611,0.0612401,0.01,1,4560996,4560502,494
344276941,45.9781,63.4176,457,29682,0.042496,0,1,4561032,4560575,457
344279861,67.5912,45.767,505,29753,0.0589984,0.01,1,4561114,4560609,505
344282781,46.2365,67.5068,455,29824,0.0415994,0.05,1,4561146,4560691,455
344285701,19.6946,46.2027,425,29895,0.0346397,0.03,1,4561148,4560723,425
344288621,22.2778,34.0811,423,29966,0.0558559,0.05,1,4561172,4560749,423
344291541,35.3111,38.2324,426,30037,0.0283424,0.11,1,4561216,4560790,426
344294461,33.3245,33.893,427,30107,0.0413369,0.17,1,4561248,4560821,427
344297381,52.3298,50.1572,431,30177,0.0825348,0.09,1,4561313,4560882,431
344303221,59.0128,60.9452,423,30317,0.0864056,0.03,1,4561419,4560996,423
344306141,46.4051,45.9781,425,30387,0.0525622,0.07,1,4561457,4561032,425
344309061,67.762,67.5912,425,30457,0.0510249,0.03,1,4561539,4561114,425
344311981,45.1048,46.2365,423,30526,0.05041,0.03,1,4561569,4561146,423
344314901,19.2419,19.6946,423,30595,0.074164,0.07,1,4561571,4561148,423
344323661,34.2555,33.3245,424,30802,0.0976265,0.11,1,4561672,4561248,424
344326581,53.9022,52.3298,426,30871,0.0930506,0.13,1,4561739,4561313,426
344329501,43.1609,42.5319,426,30940,0.0672202,0.07,1,4561775,4561349,426
344332421,57.4644,59.0128,423,31008,0.0328881,0.03,1,4561842,4561419,423
344335341,45.1857,46.4051,422,31076,0.0311552,0.05,1,4561879,4561457,422
344338261,67.2743,67.762,422,31144,0.0424621,0.05,1,4561961,4561539,422
344341181,46.1097,45.1048,424,31212,0.0169848,0.09,1,4561993,4561569,424
344344101,19.6439,19.2419,424,31280,0.0487939,0.09,1,4561995,4561571,424
344347021,22.8576,7.69677,449,31348,0.0735176,0.13,1,4562020,4561571,449
344358701,42.7004,53.6066,459,31616,0.207754,0.05,1,4562198,4561739,459
344361621,56.0801,43.0427,488,31683,0.233102,0.01,1,4562263,4561775,488
344364541,44.6321,57.4171,458,31750,0.231241,0.03,1,4562300,4561842,458
344382061,35.6777,34.9428,462,32147,0.224164,0.13,1,4562525,4562063,462
344384981,55.0711,34.3771,496,32213,0.263666,0.21,1,4562593,4562097,496
344402501,19.6683,47.2211,430,32605,0.409082,0.09,1,4562846,4562416,430
344405421,24.6673,20.0885,456,32670,0.421633,0.17,1,4562874,4562418,456
344408341,38.0669,24.2354,476,32735,0.426653,0.21,1,4562921,4562445,476
344411261,16.4268,36.6942,433,32800,0.428661,0.25,1,4562923,4562490,433
344414181,29.3707,35.6777,436,32864,0.441465,0.29,1,4562961,4562525,436
344487181,60.4452,43.3597,524,34437,0.758857,0.65,2,4564042,4563518,524
344495941,49.3725,65.895,492,34620,0.909447,0.71,2,4564195,4563703,492
344498861,20.949,49.158,456,34681,0.921779,0.71,2,4564197,4563741,456
344501781,25.1796,20.8632,482,34742,0.926711,0.71,2,4564225,4563743,482
344504701,38.8718,25.1453,502,34803,0.940685,0.75,2,4564273,4563771,502
344507621,16.7487,37.6581,458,34864,0.946274,0.75,2,4564275,4563817,458
344650701,33.556,27.4289,528,37720,0.945386,1,2,4566303,4565775,528
344653621,31.4224,34.9716,518,37776,0.924154,1,2,4566333,4565815,518
344659461,46.4276,39.4355,521,37888,0.761065,1,2,4566426,4565905,521
344723701,28.5956,28.529,451,39096,0.773562,0.59,2,4567221,4566770,451
344726621,28.8383,28.2116,452,39150,0.771425,0.61,2,4567250,4566798,452
344761661,28.6144,28.5956,459,39793,0.90179,0.77,2,4567680,4567221,459
344767501,32.7783,31.9353,461,39899,0.903886,0.81,2,4567745,4567284,461
344770421,43.7113,43.3741,461,39952,0.919555,0.83,2,4567796,4567335,461
344773341,35.4845,35.3496,461,40005,0.925822,0.79,2,4567826,4567365,461
344776261,15.3938,15.3399,461,40058,0.928329,0.79,2,4567828,4567367,461
344779181,56.5575,6.13594,545,40111,0.929332,0.89,2,4567912,4567367,545
344782101,40.623,51.6544,493,40164,0.929733,0.87,2,4567942,4567449,493
344931021,42.2073,34.0906,500,42762,0.767026,1,2,4569748,4569248,500
344942701,34.0421,35.5527,492,42958,0.446692,1,1,4569889,4569397,492
344951461,27.3307,29.1554,504,43105,0.231868,0.97,1,4569971,4569467,504
344960221,30.2852,34.8419,499,43252,0.0462796,1,1,4570065,4569566,499
344963141,30.7141,31.3368,501,43301,0.0605118,0.99,1,4570096,4569595,501
344966061,34.4856,30.5347,508,43350,0.0782047,0.99,1,4570133,4569625,508
344974821,31.7271,42.2022,484,43497,0.0858851,0.59,1,4570232,4569748,484
345001101,29.0007,32.2129,451,43930,0.239729,0.01,1,4570487,4570036,451
345004021,31.4003,30.2852,455,43978,0.209892,0.07,1,4570520,4570065,455
345006941,34.1601,30.7141,460,44026,0.221957,0.09,1,4570556,4570096,460
345009861,34.064,34.4856,457,44074,0.226783,0.13,1,4570590,4570133,457
345012781,36.4256,31.7942,465,44122,0.228713,0.11,1,4570628,4570163,465
345015701,32.5702,37.3177,454,44170,0.229485,0.07,1,4570658,4570204,454
345018621,33.4281,31.7271,460,44218,0.229794,0.11,1,4570692,4570232,460
345021541,35.5712,33.0908,463,44266,0.241918,0.11,1,4570729,4570266,463
345024461,32.2285,34.2363,458,44314,0.282767,0.19,1,4570759,4570301,458
345027381,26.0914,31.6945,450,44362,0.299107,0.15,1,4570781,4570331,450
345050741,35.2536,34.1601,434,44739,0.428245,0.23,1,4570990,4570556,434
345053661,33.9015,34.064,433,44786,0.429298,0.23,1,4571023,4570590,433
345056581,36.3606,36.4256,433,44833,0.441719,0.23,1,4571061,4570628,433
345059501,32.5442,32.5702,433,44880,0.446688,0.23,1,4571091,4570658,433
345152941,38.6058,35.8224,493,46363,0.760273,0.69,2,4572064,4571571,493
345155861,35.8423,37.129,489,46408,0.766109,0.71,2,4572098,4571609,489
345158781,28.1369,34.6516,479,46453,0.792444,0.73,2,4572121,4571642,479
345187981,39.8999,34.1014,499,46903,0.915924,0.67,2,4572411,4571912,499
345190901,34.56,38.8406,488,46948,0.92437,0.73,2,4572442,4571954,488
345354421,29.5238,22.8738,529,49400,0.94,1,2,4574140,4573611,529
345425961,96.5678,98.2999,460,22910,0.0742226,0,1,4574984,4574524,460
345428881,72.2271,80.12,448,23003,0.0956891,0.09,1,4575040,4574592,448
345452241,54.4425,65.0136,473,23730,0.228074,0.17,1,4575513,4575040,473
345455161,50.577,52.4054,477,23819,0.241229,0.17,1,4575561,4575084,477
345458081,40.6308,50.9622,461,23908,0.246492,0.13,1,4575595,4575134,461
345461001,17.4523,40.7849,429,23997,0.248597,0.17,1,4575597,4575168,429
345463921,56.1809,64.914,430,24085,0.285439,0.19,1,4575679,4575249,430
345469761,78.2289,79.9862,430,24261,0.28207,0.21,1,4575837,4575407,430
345472681,69.0916,68.5945,432,24348,0.286828,0.25,1,4575900,4575468,432
345484361,17.5415,17.452,434,24694,0.414431,0.31,1,4576031,4575597,434
345522321,58.6545,68.1505,498,25788,0.768963,0.63,2,4576835,4576337,498
345534001,60.2152,17.9879,539,26115,0.901877,0.65,2,4577011,4576472,539
345536921,67.2861,58.7951,525,26196,0.930751,0.65,2,4577083,4576558,525
345539841,81.5144,66.7181,544,26277,0.9423,0.69,2,4577174,4576630,544
345542761,73.4058,80.0872,523,26358,0.93492,0.73,2,4577242,4576719,523
345545681,61.7623,71.6349,511,26438,0.919968,0.81,2,4577296,4576785,511
345548601,55.3049,58.654,512,26518,0.949987,0.83,2,4577347,4576835,512
345656641,39.7673,48.8452,509,29327,0.410153,1,1,4579273,4578764,509
345665401,82.1291,55.3501,566,29543,0.23913,0.94,1,4579466,4578900,566
345674161,35.6163,52.2864,487,29757,0.0467443,0.67,1,4579606,4579119,487
345677081,31.6465,40.1146,484,29828,0.0606977,0.57,1,4579635,4579151,484
345680001,13.8586,37.0458,451,29899,0.0662791,0.51,1,4579637,4579186,451
345682921,33.1434,45.4183,446,29970,0.0445116,0.31,1,4579683,4579237,446
345685841,30.0574,39.7673,438,30041,0.0598047,0.33,1,4579711,4579273,438
345688761,30.0229,36.3069,434,30111,0.0539219,0.33,1,4579741,4579307,434
345691681,43.8092,46.3228,434,30181,0.0515687,0.17,1,4579794,4579360,434
345694601,78.7237,82.1291,430,30251,0.0626275,0.09,1,4579896,4579466,430
345706281,31.6697,31.6465,425,30530,0.200083,0.07,1,4580060,4579635,425
345709201,13.8679,13.8586,425,30599,0.206033,0.03,1,4580062,4579637,425
345712121,31.9472,33.1434,423,30668,0.208413,0.07,1,4580106,4579683,423
345715041,30.7789,30.0574,425,30737,0.233365,0.05,1,4580136,4579711,425
345717961,28.5115,30.0229,422,30806,0.243346,0.05,1,4580163,4579741,422
345720881,45.0046,43.8092,425,30875,0.223338,0.07,1,4580219,4579794,425
345723801,80.4018,78.7237,427,30944,0.275335,0.15,1,4580323,4579896,427
345729641,47.4243,46.4358,430,31080,0.419654,0.21,1,4580434,4580004,430
345732561,34.5697,34.1743,430,31148,0.425861,0.21,1,4580460,4580030,430
345744241,31.629,28.6189,462,31419,0.44007,0.25,1,4580568,4580106,462
345788041,50.8585,89.8641,474,32414,0.770449,0.59,2,4581326,4580852,474
345790961,35.9434,50.3456,476,32479,0.794179,0.59,2,4581352,4580876,476
345831841,34.0003,33.8604,463,33379,0.901329,0.85,2,4581894,4581431,463
345834761,33.4001,32.7442,464,33442,0.942532,0.85,2,4581927,4581463,464
345837681,14.56,14.2977,464,33505,0.935013,0.89,2,4581929,4581465,464
345951561,53.1755,55.5924,482,35884,0.9028,1,2,4583678,4583196,482
345954481,42.2702,39.637,488,35943,0.79912,1,2,4583713,4583225,488
345974921,28.1908,31.1692,494,36353,0.271386,1,1,4583933,4583439,494
345977841,19.0763,23.8677,488,36411,0.246554,1,1,4583946,4583458,488
345983681,77.3322,87.9388,468,36527,0.0934487,0.85,1,4584116,4583648,468
345986601,44.7329,53.1755,461,36585,0.0373795,0.73,1,4584139,4583678,461
345989521,34.6932,42.2702,454,36643,0.0329518,0.65,1,4584167,4583713,454
345992441,34.2773,40.3081,449,36701,0.0191807,0.59,1,4584201,4583752,449
345995361,32.9109,37.7232,445,36759,0.0256723,0.49,1,4584233,4583788,445
345998281,29.3644,31.8893,444,36816,0.0762689,0.47,1,4584260,4583816,444
346004121,28.5783,29.9423,443,36930,0.097403,0.35,1,4584316,4583873,443
346030401,32.7035,33.4504,453,37443,0.0900386,0.03,1,4584654,4584201,453
346033321,31.6814,32.5802,452,37499,0.0660154,0.11,1,4584685,4584233,452
346036241,28.2726,29.2321,451,37555,0.0564062,0.13,1,4584711,4584260,451
346039161,29.309,27.8928,454,37611,0.0885625,0.09,1,4584741,4584287,454
346042081,29.1236,28.5571,454,37667,0.089425,0.13,1,4584770,4584316,454
346045001,26.0494,28.2229,450,37723,0.08977,0.13,1,4584794,4584344,450
346050841,50.1279,16.9957,501,37835,0.0635632,0.23,1,4584879,4584378,501
346053761,74.6512,48.1983,523,37891,0.0794253,0.17,1,4584970,4584447,523
346085881,48.7465,18.8198,493,38500,0.216969,0.03,1,4585301,4584808,493
346088801,76.4986,50.1279,517,38555,0.260788,0.09,1,4585396,4584879,517
346091721,41.9994,74.6512,445,38610,0.242315,0.13,1,4585415,4584970,445
346094641,17.9998,40.6605,429,38665,0.234926,0.17,1,4585417,4584988,429
346097561,24.5999,33.0642,430,38720,0.21997,0.19,1,4585446,4585016,430
346100481,28.44,31.2257,431,38775,0.225988,0.17,1,4585477,4585046,431
346103401,29.376,31.0903,430,38829,0.228395,0.15,1,4585507,4585077,430
346106321,28.5504,31.0361,427,38883,0.205358,0.11,1,4585535,4585108,427
346109241,28.8202,29.2144,428,38937,0.208143,0.13,1,4585564,4585136,428
346115081,30.0512,28.9143,430,39045,0.228903,0.17,1,4585625,4585195,430
346118001,27.6205,27.1657,430,39099,0.241561,0.17,1,4585651,4585221,430
346120921,17.6482,16.8663,431,39153,0.234624,0.25,1,4585662,4585231,431
346123841,50.8593,48.7465,434,39207,0.25585,0.29,1,4585735,4585301,434
346135521,23.958,24.5999,432,39423,0.40519,0.23,1,4585878,4585446,432
346138441,27.5832,28.44,431,39477,0.408076,0.23,1,4585908,4585477,431
346141361,29.0333,29.376,431,39530,0.42123,0.19,1,4585938,4585507,431
346173481,24.7508,7.158,468,40113,0.759735,0.43,2,4586318,4585850,468
346176401,28.5003,19.6632,471,40166,0.777894,0.41,2,4586349,4585878,471
346179321,30.6001,25.8653,473,40219,0.785158,0.43,2,4586381,4585908,473
346223121,29.1641,29.6401,491,40999,0.914482,0.85,2,4586901,4586410,491
346226041,29.6657,28.656,493,41050,0.923793,0.85,2,4586931,4586438,493
346228961,33.4663,29.4624,499,41101,0.927517,0.83,2,4586967,4586468,499
346231881,28.9865,32.785,490,41152,0.929007,0.85,2,4586993,4586503,490
346234801,18.7946,29.314,475,41203,0.941603,0.85,2,4587005,4586530,475
346377881,28.8108,23.409,525,43643,0.945238,1,2,4588749,4588224,525
346392481,315.05,360.625,462,18980,0.421238,0.27,1,4589288,4588826,462
346428981,197.42,233.05,433,18980,0.210495,0.07,1,4589407,4588974,433
346431901,157.568,164.62,445,19818,0.0901981,0.01,1,4589538,4589093,445
346434821,102.627,108.448,440,19925,0.0360792,0.07,1,4589604,4589164,440
346437741,84.2509,66.7792,473,20031,0.0684317,0.05,1,4589676,4589203,473
346440661,40.3003,57.3117,433,20137,0.0933727,0.05,1,4589687,4589254,433
346443581,30.5201,35.5247,436,20242,0.0673491,0.03,1,4589711,4589275,436
346446501,57.8081,55.0099,444,20347,0.0689396,0.07,1,4589787,4589343,444
346449421,126.323,60.4039,552,20451,0.0575759,0.01,1,4589959,4589407,552
346452341,90.1293,102.762,487,20555,0.0230303,0,1,4590025,4589538,487
346455261,81.6517,80.7046,497,20658,0.0512121,0.09,1,4590101,4589604,497
346458181,38.6607,75.4819,435,20761,0.0864849,0.11,1,4590111,4589676,435
346472781,84.0148,90.0395,423,21267,0.0864504,0.07,1,4590448,4590025,423
346475701,81.6059,81.6158,427,21367,0.0765802,0.11,1,4590528,4590101,427
346478621,38.6424,38.6463,427,21466,0.0486321,0.13,1,4590538,4590111,427
346481541,30.4569,29.2585,429,21565,0.0734528,0.17,1,4590563,4590134,429
346484461,60.7828,59.1034,431,21663,0.0833811,0.19,1,4590644,4590213,431
346487381,25.5131,24.8414,431,21761,0.0873524,0.17,1,4590646,4590215,431
346499061,38.0355,38.6423,423,22148,0.0999162,0.09,1,4590961,4590538,423
346525341,62.4276,29.1276,508,22996,0.237262,0.17,1,4591495,4590987,508
346528261,26.171,60.251,429,23088,0.256905,0.17,1,4591497,4591068,429
346537021,80.1549,79.4081,509,23362,0.401642,0.19,1,4591806,4591297,509
346539941,38.062,79.1632,440,23453,0.418657,0.19,1,4591816,4591376,440
346542861,30.2248,37.6653,455,23543,0.413463,0.19,1,4591841,4591386,455
346577901,86.2501,82.705,456,24601,0.792307,0.69,2,4592622,4592166,456
346595421,27.5777,27.5632,456,25114,0.90797,0.75,2,4592833,4592377,456
346598341,121.431,119.625,459,25198,0.933188,0.83,2,4593017,4592558,459
346601261,89.3724,86.2501,463,25282,0.931275,0.83,2,4593085,4592622,463
346604181,36.949,35.7,463,25366,0.90651,0.81,2,4593087,4592624,463
346607101,62.7796,62.88,462,25450,0.932604,0.81,2,4593167,4592705,462
346610021,31.1118,25.152,472,25533,0.943042,0.81,2,4593177,4592705,472
346703461,47.005,49.6717,486,28065,0.21592,1,1,4595013,4594527,486
346706381,53.002,57.6687,480,28140,0.092368,1,1,4595070,4594590,480
346709301,42.2008,39.8675,487,28215,0.0429472,1,1,4595105,4594618,487
346712221,42.6803,35.147,498,28290,0.0231789,1,1,4595148,4594650,498
346715141,31.4721,28.4588,498,28365,0.0152716,1,1,4595172,4594674,498
346718061,28.1889,11.3835,524,28440,0.0121086,1,1,4595198,4594674,524
346720981,28.0755,34.5534,502,28514,0.0228434,1,1,4595226,4594724,502
346723901,98.8302,28.2214,624,28588,0.0391374,0.47,1,4595372,4594748,624
346726821,65.9321,121.689,484,28662,0.081655,0.17,1,4595416,4594932,484
346729741,37.7728,84.0754,444,28736,0.098662,0.11,1,4595435,4594991,444
346732661,49.3091,46.8302,479,28810,0.0814648,0.01,1,4595492,4595013,479
346735581,41.3237,52.9321,458,28883,0.0625859,0.01,1,4595528,4595070,458
346738501,43.5295,42.1728,468,28956,0.0910344,0.01,1,4595573,4595105,468
346741421,31.2118,42.6691,448,29029,0.0784137,0.01,1,4595596,4595148,448
346744341,28.0847,31.4677,450,29102,0.0373655,0.01,1,4595622,4595172,450
346747261,28.0339,28.1871,452,29175,0.0329462,0.03,1,4595650,4595198,452
346750181,98.8136,28.0748,570,29248,0.0431785,0.05,1,4595796,4595226,570
346753101,65.9254,98.8299,468,29320,0.0472714,0.11,1,4595840,4595372,468
346756021,36.5702,65.932,441,29392,0.0609086,0.11,1,4595857,4595416,441
346758941,48.8281,37.7728,479,29464,0.0543634,0.07,1,4595914,4595435,479
346761861,41.1312,49.3091,458,29536,0.0517454,0.05,1,4595950,4595492,458
346764781,45.8525,41.3236,471,29608,0.0386981,0.11,1,4595999,4595528,471
346767701,29.141,43.5295,444,29679,0.0574793,0.07,1,4596017,4595573,444
346770621,28.4564,31.2118,449,29750,0.0409917,0.01,1,4596045,4595596,449
346773541,27.5826,28.0847,450,29821,0.0463967,0.03,1,4596072,4595622,450
346776461,12.233,28.0339,424,29892,0.0485587,0.05,1,4596074,4595650,424
346779381,92.4932,98.8136,424,29963,0.0494235,0.05,1,4596220,4595796,424
346782301,63.3973,65.9254,424,30034,0.0497694,0.07,1,4596264,4595840,424
346785221,36.1589,36.5702,425,30104,0.0499078,0.05,1,4596282,4595857,425
346788141,46.8636,48.8281,422,30174,0.0499631,0.05,1,4596336,4595914,422
346791061,40.9454,41.1312,423,30244,0.0379852,0.03,1,4596373,4595950,423
346793981,45.7782,45.8525,423,30314,0.0571941,0.07,1,4596422,4595999,423
346796901,29.1113,29.141,423,30384,0.0768776,0.03,1,4596440,4596017,423
346799821,28.4445,28.4564,423,30454,0.0487511,0.05,1,4596468,4596045,423
346802741,28.1778,27.5826,424,30523,0.0735004,0.05,1,4596496,4596072,424
346805661,12.4711,12.233,424,30592,0.0834002,0.05,1,4596498,4596074,424
346808581,91.9884,92.4932,423,30661,0.0993601,0.05,1,4596643,4596220,423
346820261,40.3469,40.9454,422,30937,0.0839996,0.07,1,4596795,4596373,422
346823181,46.7388,45.7782,424,31005,0.0515998,0.09,1,4596846,4596422,424
346826101,29.4955,29.1113,424,31073,0.0386399,0.03,1,4596864,4596440,424
346829021,27.9982,28.4445,423,31141,0.033456,0.09,1,4596891,4596468,423
346831941,28.5993,28.1778,424,31209,0.0553824,0.09,1,4596920,4596496,424
346834861,12.6397,12.4711,424,31277,0.040153,0.09,1,4596922,4596498,424
346837781,93.8559,4.98845,572,31345,0.0700612,0.11,1,4597070,4596498,572
346840701,66.3424,88.9954,475,31413,0.0820245,0.19,1,4597118,4596643,475
346843621,37.3369,62.5982,448,31480,0.0868098,0.21,1,4597136,4596688,448
346855301,29.151,46.7081,440,31748,0.0823343,0.03,1,4597286,4596846,440
346858221,27.2604,29.4832,448,31815,0.0869337,0.03,1,4597312,4596864,448
346887421,27.3383,29.151,451,32473,0.217121,0.09,1,4597737,4597286,451
346890341,30.1353,27.2604,457,32538,0.224848,0.11,1,4597769,4597312,457
346893261,13.2541,28.9042,429,32603,0.227939,0.11,1,4597771,4597342,429
346896181,96.5017,12.7617,579,32668,0.229176,0.15,1,4597923,4597344,579
346899101,68.0007,95.7047,477,32733,0.24167,0.17,1,4597972,4597495,477
346902021,28.4003,67.0819,431,32798,0.246668,0.19,1,4597974,4597543,431
346904941,22.1601,37.6327,431,32862,0.248667,0.19,1,4597992,4597561,431
346907861,38.864,45.6531,430,32926,0.249467,0.15,1,4598042,4597612,430
346910781,32.3456,35.6612,429,32990,0.261787,0.19,1,4598070,4597641,429
346928301,96.5541,96.5017,433,33373,0.415744,0.25,1,4598356,4597923,433
346931221,68.6216,68.0007,434,33436,0.448298,0.25,1,4598406,4597972,434
346983781,29.5901,30.5351,480,34557,0.757485,0.67,2,4599060,4598580,480
346986701,31.036,29.0141,484,34618,0.788994,0.67,2,4599092,4598608,484
347004221,38.8965,23.9046,504,34984,0.9221,0.71,2,4599377,4598873,504
347141461,31.216,36.6761,505,37718,0.9148,1,2,4601285,4600780,505
347161901,26.7028,27.6668,536,38110,0.413918,1,1,4601499,4600963,536
347164821,88.6811,28.4667,637,38165,0.219567,1,1,4601629,4600992,637
347208621,43.1976,47.189,427,38986,0.201757,0.11,1,4602129,4601702,427
347211541,34.079,35.6756,427,39040,0.230703,0.15,1,4602157,4601730,427
347214461,27.4316,26.2702,430,39094,0.230281,0.15,1,4602180,4601750,430
347217381,25.9726,26.1081,429,39148,0.266112,0.15,1,4602205,4601776,429
347220301,27.1891,27.2432,429,39202,0.280445,0.17,1,4602233,4601804,429
347223221,26.4756,27.0973,428,39256,0.286178,0.13,1,4602259,4601831,428
347226141,26.7902,28.2389,426,39310,0.276471,0.09,1,4602286,4601860,426
347229061,11.9161,12.4956,426,39364,0.272588,0.15,1,4602288,4601862,426
347231981,22.1664,21.7982,427,39418,0.295035,0.13,1,4602317,4601890,427
347234901,26.2666,26.7193,426,39472,0.292014,0.11,1,4602346,4601920,426
347316661,88.4099,22.1808,580,40944,0.776397,0.59,2,4603381,4602801,580
347340021,26.4018,27.0142,481,41353,0.917075,0.69,2,4603620,4603139,481
347342941,11.7607,26.4057,457,41404,0.92483,0.69,2,4603622,4603165,457
347345861,23.9043,11.7623,487,41455,0.927932,0.69,2,4603654,4603167,487
347348781,28.7617,23.9049,487,41506,0.929173,0.69,2,4603686,4603199,487
347351701,12.7047,27.562,459,41557,0.929669,0.75,2,4603688,4603229,459
347354621,17.0819,23.0248,459,41608,0.929868,0.81,2,4603708,4603249,459
347363381,47.1732,47.0256,463,41761,0.921831,0.83,2,4603921,4603458,463
