#Ack,ack_ewma(ms),send_ewma(ms),rtt_ratio,cwnd (Bytes),Last Router Ocupation Ack Arriaval(Packets),Last Router Ocupation Packet Sent(Packets),Network Situation,AckArrival(ms),TSInsideAck(ms),RTTAck(ms)
119721,83.7012,129.295,473,74460,0.781456,0.97,2,152593,152120,473
455181,2.49631,10.5251,425,16060,0.0847999,0,1,157959,157534,425
482921,4.46988,12.4234,427,30729,0.212807,0.07,1,158808,158381,427
500441,190.1,191.045,430,31140,0.281524,0.19,1,159018,158588,430
799741,7.08835,100.015,427,18175,0.0279655,0.03,1,164001,163574,427
858141,60.4383,178.961,481,20383,0.22419,0.15,1,165517,165036,481
1221681,28.567,31.0557,452,30827,0.0712724,0.57,1,172506,172054,452
1227521,27.3364,29.2426,450,30964,0.0294036,0.47,1,172567,172117,450
1247961,70.1643,139.707,495,31439,0.0976598,0.01,1,172901,172406,495
1250881,28.2082,77.2853,447,31506,0.0570639,0.05,1,172927,172480,447
1259641,22.2668,27.3364,443,31707,0.0350921,0.03,1,173010,172567,443
1283001,35.5987,28.2082,458,32237,0.0735709,0.09,1,173385,172927,458
1288841,24.029,27.3355,445,32368,0.0297713,0.01,1,173433,172988,445
1402721,67.9415,139.979,498,34824,0.436838,0.35,1,175047,174549,498
1732681,22.2995,26.3575,450,41114,0.227181,0.11,1,179241,178791,450
1738521,16.0157,15.5034,442,41216,0.222349,0.13,1,179273,178831,442
1741441,26.4508,16.9252,452,41267,0.23894,0.11,1,179300,178848,452
1878681,28.4402,18.7546,476,43607,0.902072,0.59,2,180715,180239,476
1887441,155.381,28.6638,611,43751,0.909493,0.59,2,180910,180299,611
2021761,31.626,25.7452,475,45915,0.427565,1,1,182427,181952,475
2080161,13.2652,20.3517,434,46825,0.0232824,0.05,1,182976,182542,434
2088921,18.0992,20.8859,439,46960,0.0617301,0.09,1,183034,182595,439
2112281,32.6242,24.533,458,47320,0.237511,0.07,1,183318,182860,458
2299161,35.6221,26.5899,484,50088,0.784132,0.57,2,185080,184596,484
2760521,10.5436,10.3513,444,28334,0.764675,0.49,2,190479,190035,444
2763441,44.2272,44.2176,444,28409,0.76787,0.49,2,190525,190081,444
2938641,21.3171,26.4396,443,32578,0.0229101,0.05,1,193363,192920,443
2944481,17.3433,22.9611,439,32708,0.0216656,0.05,1,193404,192965,439
3026241,33.6824,179.65,447,34473,0.0495077,0.03,1,194551,194104,447
3043761,2.76515,18.2506,423,34839,0.0463154,0.03,1,194674,194251,423
3049601,20.1469,22.9406,441,34961,0.0614105,0.03,1,194718,194277,441
3067121,27.7682,28.0617,449,35321,0.0662938,0.09,1,195057,194608,449
3099241,23.4112,23.3641,424,35974,0.035449,0.07,1,195453,195029,424
3113841,26.7403,24.8379,428,36267,0.0741966,0.13,1,195550,195122,428
3116761,18.437,18.3419,428,36325,0.0596786,0.03,1,195568,195140,428
3122601,3.70359,3.94086,423,36441,0.0299486,0.05,1,195607,195184,423
3134281,24.3611,23.4112,423,36673,0.0914387,0.01,1,195876,195453,423
3145961,2.85348,2.80609,423,36903,0.0847568,0.09,1,195945,195522,423
3151801,18.4846,18.437,424,37017,0.0915611,0.01,1,195992,195568,424
3157641,3.60871,3.70359,422,37131,0.0566498,0.03,1,196029,195607,422
3166401,31.2222,27.0422,453,37302,0.0605056,0.07,1,196274,195821,453
3245241,25.2633,26.1154,428,38803,0.0426193,0.13,1,197182,196754,428
3262761,32.3265,31.3266,431,39127,0.0730328,0.19,1,197309,196878,431
3274441,3.82182,3.79331,424,39343,0.0185256,0.07,1,197514,197090,424
3277361,35.3411,35.3397,424,39397,0.0374103,0.01,1,197551,197127,424
3464241,163.586,164.531,450,42692,0.763509,0.63,2,199662,199212,450
3722661,117.045,96.0289,448,21270,0.0264486,0.03,1,202534,202086,448
3737261,15.061,39.6983,434,21764,0.00860363,0.01,1,202733,202299,434
3766461,44.8205,95.3083,463,22720,0.0232042,0.01,1,203425,202962,463
3783981,98.4574,125.203,519,23274,0.0472022,0.01,1,203805,203286,519
3789821,25.0411,44.8205,446,23456,0.0375524,0.05,1,203871,203425,446
3821941,14.9251,14.9229,423,24431,0.036173,0.03,1,204420,203997,423
3830701,6.82524,6.82524,423,24690,0.0135951,0.07,1,204652,204229,423
3833621,39.2913,39.2913,423,24776,0.035438,0.05,1,204693,204270,423
3836541,22.8646,23.8146,422,24862,0.0321752,0.03,1,204715,204293,422
3848221,126.194,127.096,422,25201,0.0468557,0.01,1,204975,204553,422
3851141,98.4597,98.5048,422,25285,0.0247423,0.01,1,205072,204650,422
3921221,126.277,125.338,423,27224,0.0300762,0.03,1,206241,205818,423
3924141,98.4639,98.4169,423,27302,0.0180305,0.03,1,206338,205915,423
3927061,6.82319,6.82085,423,27380,0.0132122,0.01,1,206340,205917,423
3932901,23.1021,23.0546,424,27534,0.022514,0.03,1,206408,205984,424
3976701,102.173,124.469,522,28665,0.0539786,0.07,1,207185,206663,522
3982541,45.0004,6.81867,472,28813,0.0434366,0.13,1,207234,206762,472
3988381,58.1575,23.1495,485,28959,0.0441499,0.13,1,207316,206831,485
4002981,102.123,124.462,523,29323,0.0524361,0.05,1,207607,207084,523
4005901,7.00615,102.173,424,29395,0.0509744,0.07,1,207609,207185,424
4058461,119.843,117.943,427,30664,0.276219,0.13,1,208356,207929,427
4344621,78.3519,83.3041,423,36813,0.0425509,0.01,1,212463,212040,423
4362141,21.4302,23.24,422,37155,0.00941717,0,1,212670,212248,422
4367981,27.8886,24.7581,450,37269,0.0555068,0.03,1,212724,212274,450
4376741,28.1282,28.7572,451,37440,0.0969124,0.09,1,212805,212354,451
4388421,26.8257,23.4709,449,37664,0.032481,0.03,1,213022,212573,449
4403021,28.8433,25.7715,452,37944,0.063971,0.07,1,213148,212696,452
4414701,71.8014,28.1282,500,38167,0.0667737,0.05,1,213305,212805,500
4423461,29.6775,23.5136,452,38332,0.0304335,0.03,1,213447,212995,452
4438061,29.8314,25.8661,453,38607,0.0709004,0.07,1,213572,213119,453
4525661,30.3173,35.3404,460,40217,0.248621,0.19,1,214520,214060,460
4944681,82.5559,150.148,531,22720,0.915866,0.71,2,219892,219361,531
5035201,45.8017,45.4991,483,25453,0.0721634,1,1,221801,221318,483
5058561,45.6583,42.0334,468,26111,0.0398695,0.01,1,222223,221755,468
5067321,79.7416,72.837,506,26354,0.214472,0.13,1,222413,221907,506
5207481,26.816,29.3533,448,29966,0.0802841,0.55,1,224769,224321,448
5216241,33.0586,30.254,451,30177,0.777218,0.49,2,224931,224480,451
5470281,23.0127,23.2485,436,35763,0.444617,0.35,1,228730,228294,436
5519921,30.4885,31.4313,446,36756,0.755471,0.51,2,229351,228905,446
5525761,86.5262,85.6261,446,36870,0.786875,0.51,2,229480,229034,446
5788561,93.8367,97.5504,455,41712,0.787664,0.71,2,232782,232327,455
6057201,71.0179,73.8169,425,21554,0.22646,0.11,1,236206,235781,425
6115601,79.3423,103.851,524,23443,0.753949,0.61,2,237461,236937,524
6249921,69.6056,72.5418,478,27290,0.442914,1,1,240108,239630,478
6258681,41.9464,43.0631,464,27522,0.408746,0.65,1,240267,239803,464
6322921,43.2649,70.1013,490,29168,0.762093,0.59,2,241357,240867,490
6501041,26.9794,31.6374,434,33306,0.221663,0.23,1,244183,243749,434
6503961,26.049,28.1819,432,33370,0.202665,0.13,1,244209,243777,432
6603241,30.941,29.7681,477,35461,0.776002,0.53,2,245564,245087,477
6790121,33.7035,34.8568,489,39092,0.9412,1,2,248069,247580,489
6793041,28.2852,30.2428,487,39146,0.92848,1,2,248097,247610,487
6831001,22.5877,28.2852,474,39842,0.758152,1,2,248571,248097,474
6892321,33.0288,34.5269,482,40942,0.780778,0.61,2,249297,248815,482
7171181,27.2562,28.2366,438,21156,0.0581808,0.11,1,252765,252327,438
7191621,27.078,27.2562,423,21848,0.0414617,0.05,1,253188,252765,423
7206221,78.1444,77.1944,423,22329,0.0427702,0.07,1,253558,253135,423
7209141,27.6572,28.5597,422,22424,0.0231081,0.03,1,253583,253161,422
7220821,59.7466,92.9609,479,22800,0.0501756,0.09,1,253838,253359,479
7229581,27.6572,78.1444,446,23078,0.0360912,0.01,1,254004,253558,446
7241261,60.7442,92.9325,482,23443,0.0466679,0.07,1,254262,253780,482
8780101,36.3879,41.8438,463,33998,0.0275414,0.81,1,277831,277368,463
8783021,32.2194,36.2922,459,34060,0.0110166,0.73,1,277863,277404,459
8800541,62.4834,43.4225,491,34432,0.043727,0.03,1,278093,277602,491
8815141,33.0248,36.3879,454,34737,0.0186686,0,1,278285,277831,454
8820981,26.8251,24.411,448,34859,0.016187,0.01,1,278335,277887,448
8823901,53.5913,26.8705,476,34920,0.0364748,0.01,1,278390,277914,476
8832661,60.5882,33.669,485,35101,0.0664144,0.05,1,278514,278029,485
8850181,22.5444,33.0248,444,35461,0.0572596,0.03,1,278729,278285,444
8861861,3.31897,29.2796,424,35699,0.0318498,0.13,1,278842,278418,424
8864781,36.2659,33.764,428,35758,0.0547399,0.05,1,278880,278452,428
8888141,28.5323,27.7272,423,36229,0.0232392,0.05,1,279180,278757,423
8891061,55.5766,54.5864,424,36287,0.0392957,0.03,1,279237,278813,424
8902741,60.7132,58.8133,425,36519,0.052414,0.09,1,279365,278940,425
8911501,27.75,26.8924,425,36693,0.0391145,0.07,1,279494,279069,425
8914421,30.8375,30.7946,425,36751,0.0576458,0.07,1,279525,279100,425
8917341,31.9419,31.9397,425,36809,0.0650583,0.05,1,279557,279132,425
8929021,27.4785,27.4788,422,37037,0.0426095,0.07,1,279685,279263,422
8931941,3.27392,3.27394,422,37094,0.0350438,0.05,1,279687,279265,422
8940701,45.8332,58.9907,468,37265,0.0452028,0.11,1,279833,279365,468
8975741,45.9282,61.6632,468,37940,0.06737,0.05,1,280256,279788,468
9545141,77.6869,65.0686,501,21666,0.0955398,0.45,1,287034,286533,501
9550981,26.2242,13.0352,455,21861,0.0788864,0.17,1,287069,286614,455
9577261,89.4537,74.1656,519,22720,0.222234,0.09,1,287666,287147,519
9583101,74.7986,68.3479,502,22906,0.207157,0.17,1,287811,287309,502
9586021,78.7899,72.7674,508,22999,0.208863,0.19,1,287890,287382,508
9597701,90.3564,79.0735,522,23365,0.245971,0.23,1,288098,287576,522
9781661,37.6634,66.5789,510,28517,0.0861971,1,1,291632,291122,510
9784581,32.2832,33.7289,510,28591,0.0524788,1,1,291664,291154,510
9790421,53.0432,68.0093,518,28739,0.0863966,0.85,1,291772,291254,518
9805021,48.8985,36.3596,476,29105,0.0442479,0.11,1,292020,291544,476
9825461,66.3492,53.9026,491,29611,0.214045,0.05,1,292369,291878,491
9863421,32.5623,34.6002,430,30526,0.212381,0.21,1,292905,292475,430
9907221,58.3864,47.4834,495,31549,0.417975,0.31,1,293540,293045,495
9918901,44.1568,27.9919,485,31817,0.412796,0.39,1,293744,293259,485
9930581,58.7189,33.4265,502,32081,0.430712,0.39,1,293875,293373,502
10172941,19.2265,32.3672,475,37155,0.26819,0.99,1,297362,296887,475
10336461,44.4464,49.9706,509,40217,0.927796,0.93,2,299380,298871,509
10339381,34.5223,42.3985,501,40270,0.917118,0.93,2,299414,298913,501
10345221,30.9138,28.321,499,40374,0.915939,0.95,2,299474,298975,499
10613861,28.9103,27.96,449,44927,0.794217,0.49,2,302582,302133,449
10619701,20.5448,20.6374,447,45021,0.790675,0.57,2,302633,302186,447
10643061,35.5483,34.5437,457,45397,0.922737,0.73,2,302834,302377,457
10917541,48.9503,82.9166,502,23492,0.924152,0.71,2,306479,305977,502
11151141,3.63739,37.682,468,29856,0.913552,0.87,2,310880,310412,468
11717621,37.3278,52.1437,508,41376,0.933228,1,2,318844,318336,508
11910341,28.2261,34.3792,487,44617,0.918456,0.89,2,321019,320532,487
12403821,23.9134,25.7168,423,27384,0.025629,0.03,1,327811,327388,423
12412581,50.866,50.8187,424,27615,0.0470003,0.07,1,327947,327523,424
12427181,41.2572,41.2687,422,27996,0.0361645,0.03,1,328210,327788,422
12435941,47.3722,48.3198,422,28222,0.0452745,0.07,1,328318,327896,422
12450541,103,67.8781,526,28595,0.0454012,0.03,1,328593,328067,526
12456381,23.96,41.2572,445,28743,0.0204642,0.01,1,328655,328210,445
12465141,51.7732,47.3722,475,28963,0.0653897,0.01,1,328793,328318,475
12476821,102.909,64.9915,526,29255,0.08409,0.03,1,329014,328488,526
12482661,24.0073,42.2,445,29399,0.0218544,0.01,1,329077,328632,445
12491421,54.6233,47.4649,477,29615,0.0462787,0.09,1,329218,328741,477
12500181,63.2341,47.7244,490,29828,0.0905618,0.11,1,329335,328845,490
12508941,44.6152,43.1455,424,30041,0.043956,0.01,1,329478,329054,424
12520621,54.6729,54.6233,424,30321,0.0686613,0.05,1,329642,329218,424
12529381,66.1316,63.2341,428,30530,0.0790343,0.11,1,329763,329335,428
12649101,69.0297,69.9319,447,33252,0.791231,0.51,2,331503,331056,447
12652021,5.35149,5.3966,447,33316,0.790493,0.59,2,331505,331058,447
12669541,51.5499,50.455,459,33694,0.905191,0.81,2,331777,331318,459
12815541,55.6102,68.6694,474,36701,0.946,1,2,333863,333389,474
12862261,28.9556,53.4468,464,37611,0.0603471,0.29,1,334503,334039,464
12879781,23.0248,38.699,447,37947,0.0516437,0.07,1,334674,334227,447
12888541,35.6374,46.8066,457,38115,0.0865852,0.01,1,334782,334325,457
12894381,46.1641,68.232,468,38225,0.0990536,0.05,1,334897,334429,468
13713441,24.1278,63.4252,458,23988,0.0472308,0.59,1,343981,343523,458
13777681,50.5369,95.9354,481,25861,0.268091,0.25,1,345173,344692,481
14266781,512.386,528.566,498,16060,0.406,1,1,352874,352376,498
14275541,90.7273,126.247,477,16453,0.061264,0.27,1,353219,352742,477
14287221,122.424,128.934,544,16963,0.0697764,0.01,1,353552,353008,544
14290141,91.6212,122.347,512,17088,0.0459105,0.05,1,353642,353130,512
14301821,118.859,149.472,543,17579,0.0477833,0.07,1,353974,353431,543
14333941,9.3671,9.60412,424,18865,0.0385603,0.05,1,354705,354281,424
14339781,92.0309,92.0315,424,19089,0.0673696,0.09,1,354913,354489,424
14351461,9.17734,9.3671,422,19530,0.0355647,0.03,1,355127,354705,422
14360221,40.6588,86.729,461,19854,0.0975561,0.05,1,355374,354913,461
14363141,23.8829,40.4365,446,19961,0.0930225,0.07,1,355397,354951,446
14474101,108.893,123.002,560,23665,0.929329,0.69,2,357966,357406,560
14587981,9.53725,31.9809,483,26938,0.773435,1,2,360132,359649,483
14804061,118.801,33.0489,605,32237,0.927034,1,2,363832,363227,605
14812821,56.7512,31.8339,547,32433,0.79829,1,2,363952,363405,547
14827421,16.8916,31.0871,488,32758,0.791006,0.93,2,364156,363668,488
15009921,82.1508,75.7566,499,16582,0.927999,1,2,367095,366596,499
15039121,68.7854,65.5097,490,17820,0.0765394,0.01,1,367975,367485,490
15053721,65.2349,64.7087,423,18408,0.0729854,0.07,1,368329,367906,423
15056641,70.7117,68.7854,425,18523,0.0951941,0.01,1,368400,367975,425
15059561,32.0356,34.7893,422,18638,0.0800777,0.17,1,368430,368008,422
15109201,71.4956,66.7555,494,20487,0.230947,0.03,1,369669,369175,494
15284401,26.627,44.3077,480,25975,0.045608,0.69,1,373377,372897,480
15404121,68.7414,121.78,518,29131,0.764316,0.67,2,375475,374957,518
15742841,37.0598,57.3059,490,36600,0.75659,1,2,380592,380102,490
16031921,19.6853,30.7672,489,41928,0.0381125,1,1,384206,383717,489
16575041,101.549,81.305,515,22817,0.41896,1,1,389932,389417,515
17249561,41.5576,56.6999,500,38720,0.0849973,1,1,400888,400388,500
17258321,34.4356,31.7252,483,38883,0.0647198,1,1,401002,400519,483
17299201,31.079,31.1718,422,39636,0.0305889,0.03,1,401455,401033,422
17313801,33.7467,32.7969,423,39901,0.0501852,0.01,1,401614,401191,423
17316721,28.2873,29.1898,422,39954,0.0500741,0.05,1,401642,401220,422
17319641,28.0144,28.0595,422,40007,0.0500296,0.07,1,401670,401248,422
17363441,37.5048,28.9507,460,40791,0.0666597,0.03,1,402159,401699,460
17383881,27.4967,17.7454,453,41152,0.04163,0.01,1,402397,401944,453
17389721,32.7487,28.0694,456,41254,0.0486608,0.03,1,402458,402002,456
17421841,17.933,17.9331,423,41815,0.01226,0.05,1,402792,402369,423
17430601,34.5561,32.7487,424,41965,0.0427846,0.01,1,402882,402458,424
17433521,26.4278,28.2374,422,42015,0.0351139,0.03,1,402908,402486,422
17436441,29.8214,28.9619,423,42065,0.0680455,0.03,1,402938,402515,423
17462721,17.933,17.933,422,42515,0.02018,0,1,403214,402792,422
17465641,28.4467,28.4467,422,42565,0.026072,0.05,1,403243,402821,422
17471481,34.5561,34.5561,422,42665,0.0581715,0.03,1,403304,402882,422
17491921,39.1166,39.119,424,43008,0.205878,0.13,1,403504,403080,424
17963501,106.242,85.4361,512,22724,0.22,1,1,408366,407854,512
17969341,65.8631,77.1161,502,22910,0.0964,0.75,1,408512,408010,502
17975181,56.1197,55.4828,478,23095,0.033424,0.33,1,408626,408148,478
17986861,80.4712,82.4899,502,23460,0.0511116,0.03,1,408868,408366,502
17992701,56.6312,65.8037,480,23640,0.0357779,0,1,408992,408512,480
18059861,73.4663,76.2213,507,25623,0.293644,0.27,1,410228,409721,507
18270101,52.8384,47.3094,478,31012,0.21361,1,1,413944,413466,478
18278861,33.0096,40.3833,470,31216,0.043671,0.83,1,414065,413595,470
18281781,25.4005,33.3692,462,31284,0.0354684,0.83,1,414090,413628,462
18287621,36.3535,55.1834,484,31419,0.0788749,0.61,1,414170,413686,484
18290541,29.3677,38.8592,475,31486,0.06155,0.43,1,414199,413724,475
18442381,40.2078,44.1563,490,34807,0.942619,0.63,2,416373,415883,490
18696421,34.0906,35.3225,485,39742,0.287985,1,1,419813,419328,485
18711021,28.0443,33.2758,463,40007,0.080565,0.79,1,419977,419514,463
18719781,34.2961,46.6492,487,40166,0.0831562,0.55,1,420090,419603,487
19397221,96.453,92.4353,511,23451,0.2596,1,1,427399,426888,511
19403061,59.2361,87.5836,503,23631,0.071536,0.93,1,427539,427036,503
19408901,53.0631,69.284,486,23810,0.0486458,0.43,1,427665,427179,486
19411821,53.0032,64.2642,475,23899,0.0374583,0.43,1,427718,427243,475
19414741,10.2502,38.3632,446,23988,0.0329833,0.35,1,427726,427280,446
19470221,73.9803,68.4653,504,25614,0.0714441,0.09,1,428751,428247,504
19730101,21.13,41.7491,495,32145,0.0569805,0.99,1,433151,432656,495
19747621,84.5579,44.3616,514,32538,0.0609956,0,1,433443,432929,514
19756381,39.8464,34.994,465,32733,0.0555037,0.03,1,433553,433088,465
19835221,43.6889,55.6728,479,34435,0.407513,0.33,1,434570,434091,479
20118461,33.4231,40.3729,444,39950,0.294276,0.43,1,438285,437841,444
20211901,53.3977,55.2033,450,41608,0.753995,0.63,2,439372,438922,450
20801741,18.9608,30.0597,442,24076,0.414536,0.33,1,445956,445514,442
20833861,52.3664,52.3972,447,25027,0.775851,0.63,2,446614,446167,447
20836781,71.0183,67.2199,451,25112,0.79634,0.63,2,446686,446235,451
20854301,79.3252,83.6474,535,25614,0.945753,0.73,2,447020,446485,535
20994461,72.1507,40.8216,527,29319,0.434953,0.59,1,449627,449100,527
21236821,32.6707,35.8076,507,34801,0.0555338,0.86,1,453362,452855,507
21245581,31.0168,35.3374,493,34984,0.0537142,0.81,1,453462,452969,493
21277701,31.0166,31.3367,452,35643,0.0150234,0.07,1,453883,453431,452
21280621,3.45083,31.0168,423,35702,0.0120094,0.07,1,453885,453462,423
21321501,83.2289,79.2861,431,36522,0.038661,0.19,1,454427,453996,431
21464581,89.1185,85.3183,452,39256,0.791313,0.63,2,456170,455718,452
22473441,15.7864,23.9562,435,25244,0.210283,0.11,1,466968,466533,435
22479281,55.0445,32.8824,465,25412,0.231645,0.09,1,467043,466578,465
22511401,75.5151,85.4951,503,26315,0.252452,0.13,1,467690,467187,503
23580121,39.8035,40.6751,491,29534,0.0864751,0.51,1,485729,485238,491
23588881,23.5341,35.6586,459,29748,0.0825744,0.25,1,485813,485354,459
23661881,73.4355,57.1881,506,31478,0.287294,0.21,1,486933,486427,506
24152441,29.6929,34.0597,503,41250,0.218066,1,1,493549,493046,503
24523281,87.8119,67.816,510,21370,0.24232,1,1,497678,497168,510
24532041,70.9594,59.9535,507,21666,0.0584685,0.57,1,497911,497404,507
24590441,85.9341,65.6318,518,23546,0.277929,0.13,1,499113,498595,518
24937921,46.6216,38.7487,508,32540,0.202753,0.65,1,505313,504805,508
25057641,83.0117,82.1896,534,35106,0.915585,0.67,2,506945,506411,534
25224081,29.0032,35.4244,511,38387,0.767229,1,2,509159,508648,511
25238681,7.99588,32.1254,487,38662,0.222772,1,1,509359,508872,487
25688361,32.1168,33.7284,511,46317,0.923001,1,2,514415,513904,511
25717561,18.7707,32.2797,496,46768,0.40735,1,1,514705,514209,496
25749681,16.3629,25.3573,467,47263,0.0408925,0.61,1,515034,514567,467
26266521,92.2781,97.3314,511,24905,0.43,0.96,1,519952,519441,511
26272361,54.5232,78.1908,488,25075,0.2404,0.92,1,520050,519562,488
26301561,53.2908,62.5732,481,25908,0.222874,0.13,1,520594,520113,481
26310321,22.1559,26.8833,448,26153,0.210824,0.13,1,520724,520276,448
26316161,43.3754,87.4197,471,26315,0.279732,0.21,1,520857,520386,471
26573121,26.2302,32.8798,454,32643,0.204747,0.13,1,525138,524684,454
26640281,65.0568,60.259,454,34102,0.780329,0.65,2,526086,525632,454
26868041,3.26769,26.6802,436,38638,0.270994,0.23,1,529145,528709,436
26964401,32.2898,36.8477,483,40403,0.779252,0.59,2,530281,529798,483
27002361,33.3871,37.7953,493,41078,0.94095,0.81,2,530742,530249,493
27472481,30.9046,33.5982,480,48650,0.790486,0.9,2,535943,535463,480
27475401,24.3452,27.3299,477,48693,0.766194,1,2,535967,535490,477
27498761,33.2012,36.1714,503,49037,0.773789,0.97,2,536203,535700,503
27676881,38.9736,42.5084,505,51592,0.929016,1,2,537969,537464,505
28222921,15.9825,36.8409,490,35769,0.0473169,0.83,1,546740,546250,490
28839041,30.6452,40.0534,492,46591,0.929964,0.81,2,553801,553309,492
28841961,27.1823,31.4527,488,46636,0.917986,0.79,2,553828,553340,488
28844881,19.4091,28.1726,479,46681,0.901194,0.81,2,553847,553368,479
28850721,22.421,30.3279,484,46771,0.925391,0.83,2,553900,553416,484
29087241,18.2676,22.6061,479,50289,0.260444,0.81,1,556363,555884,479
29256601,34.9247,32.5414,484,52663,0.76332,0.55,2,557847,557363,484
29542761,3.78754,10.3596,425,26206,0.044703,0.07,1,560638,560213,425
29548601,89.452,78.0209,514,26368,0.0899525,0.03,1,560811,560297,514
29554441,59.5511,51.9701,483,26528,0.0827924,0.07,1,560920,560437,483
29566121,3.78719,37.7507,424,26846,0.0588075,0.05,1,561060,560636,424
29569041,2.08936,3.78754,424,26925,0.041523,0.07,1,561062,560638,424
29577801,48.3173,51.0226,425,27160,0.0648175,0.07,1,561285,560860,425
29609921,55.1283,52.2758,427,28006,0.417206,0.19,1,561822,561395,427
29706281,81.8046,81.8046,462,30401,0.934862,0.85,2,563358,562896,462
29849361,37.4095,38.3674,452,33641,0.750719,0.67,2,565615,565163,452
29872721,45.3867,45.2891,454,34141,0.929134,0.71,2,565957,565503,454
30085881,62.5548,58.7899,528,38397,0.946,1,2,568964,568436,528
30088801,24.9777,39.9895,512,38452,0.9244,1,2,568987,568475,512
30153041,19.6494,24.1666,451,39643,0.906632,0.71,2,569759,569308,451
30155961,38.0325,36.3583,453,39696,0.920653,0.69,2,569798,569345,453
30278601,41.8037,39.6145,484,41872,0.92872,1,2,571305,570821,484
30313641,31.123,39.4845,480,42472,0.0495202,0.93,1,571705,571225,480
30322401,29.2401,28.6902,465,42622,0.0283693,0.77,1,571798,571333,465
30864061,508.708,528.46,505,23360,0.406,1,1,577280,576775,505
30872821,45.9201,68.6964,492,23631,0.068944,0.65,1,577455,576963,492
30887421,19.743,32.0794,430,24076,0.0599668,0.01,1,577701,577271,430
30910781,17.8926,19.743,422,24771,0.0221469,0.03,1,578123,577701,422
30916621,80.4622,80.3244,425,24942,0.0599435,0.05,1,578258,577833,425
30919541,46.7731,49.6162,422,25027,0.0299774,0.05,1,578303,577881,422
30922461,49.8387,49.9808,422,25112,0.029991,0.05,1,578353,577931,422
30925381,55.6919,51.899,426,25196,0.0419964,0.01,1,578409,577983,426
30931221,33.7692,34.8522,422,25364,0.0319194,0.03,1,578528,578106,422
30934141,17.8385,17.8926,422,25448,0.0307678,0.03,1,578545,578123,422
30942901,44.9206,80.4197,466,25697,0.0401291,0.01,1,578724,578258,466
30966261,46.823,81.4121,467,26349,0.0589243,0.05,1,579148,578681,467
30980861,16.8676,33.6293,438,26748,0.0277234,0.05,1,579387,578949,438
30986701,81.5047,52.1916,505,26906,0.0584357,0.03,1,579525,579020,505
31004221,33.3018,33.3516,422,27375,0.0553222,0.03,1,579793,579371,422
31007141,16.8651,16.8676,422,27452,0.0401289,0.05,1,579809,579387,422
31012981,82.5497,81.5047,425,27606,0.0676206,0.07,1,579950,579525,425
31573621,37.691,39.2265,422,39685,0.0447796,0,1,588094,587672,422
31576541,36.0846,36.1613,422,39738,0.0179118,0.01,1,588130,587708,422
31579461,41.7042,36.9581,427,39791,0.0611647,0.05,1,588172,587745,427
31582381,29.6352,32.2479,424,39844,0.0544659,0.03,1,588201,587777,424
31585301,28.0818,30.1124,422,39897,0.0397864,0.01,1,588229,587807,422
31588221,18.5041,18.6056,422,39950,0.0219145,0.01,1,588247,587825,422
31591141,31.3252,31.3303,422,40003,0.0627658,0.05,1,588279,587857,422
31594061,23.4163,23.4165,422,40056,0.0551063,0.01,1,588302,587880,422
31596981,23.9708,23.9708,422,40109,0.0760425,0.01,1,588326,587904,422
31646621,65.3006,32.1534,489,40996,0.0954098,0.05,1,588900,588411,489
31661221,27.234,30.6802,451,41251,0.0415178,0.15,1,589076,588625,451
31705021,16.6092,16.5617,424,42012,0.037404,0.03,1,589516,589092,424
31707941,33.1305,33.1281,424,42062,0.0809616,0.07,1,589550,589126,424
31731301,35.6102,34.6148,428,42462,0.227176,0,1,589786,589358,428
31742981,28.1383,28.1841,422,42662,0.20516,0.05,1,589922,589500,422
31763421,34.3431,33.3907,426,43005,0.248151,0.09,1,590078,589652,426
31772181,36.7052,66.1242,465,43152,0.275322,0.25,1,590217,589752,465
33201521,33.2957,37.9933,455,38232,0.0557645,0.03,1,607458,607003,455
33204441,31.1148,34.1997,452,38287,0.0523058,0.03,1,607489,607037,452
33207361,24.3557,30.21,446,38342,0.0209223,0,1,607513,607067,446
33213201,31.2209,36.318,453,38452,0.0405476,0.05,1,607580,607127,453
33224881,3.68465,35.693,424,38672,0.031806,0.09,1,607675,607251,424
33227801,54.3342,54.9847,425,38727,0.0787224,0.05,1,607732,607307,425
33230721,39.7667,42.6492,422,38782,0.037489,0.03,1,607771,607349,422
33233641,37.1383,37.2825,422,38836,0.0329956,0.03,1,607808,607386,422
33274521,40.7955,40.8069,422,39590,0.0355508,0.03,1,608271,607849,422
33280361,30.217,32.022,422,39696,0.0308881,0.03,1,608335,607913,422
33286201,36.3655,36.3226,423,39802,0.0493421,0.03,1,608396,607973,423
33297881,34.7903,34.7904,422,40014,0.0263672,0.01,1,608518,608096,422
33300801,3.63952,3.63952,422,40067,0.0165469,0.01,1,608520,608098,422
33306641,35.2541,57.9591,457,40173,0.0446475,0.05,1,608616,608159,457
33318321,31.1668,34.3398,452,40382,0.038247,0.03,1,608757,608305,452
33321241,23.4083,30.217,445,40434,0.0212988,0.01,1,608780,608335,445
33327081,26.706,36.3655,451,40538,0.0238078,0.11,1,608847,608396,451
33338761,3.54687,34.7903,423,40746,0.0149615,0.01,1,608941,608518,423
33344601,37.1539,59.082,457,40850,0.0731938,0.05,1,609039,608582,457
33353361,32.4804,40.7006,455,41006,0.0466844,0.05,1,609147,608692,455
33356281,32.024,34.335,453,41057,0.0246738,0.03,1,609179,608726,453
33359201,25.3512,31.1668,447,41108,0.0158695,0.01,1,609204,608757,447
33365041,27.5184,40.1204,448,41210,0.0277391,0.03,1,609269,608821,448
33382561,37.3436,59.0773,461,41516,0.0710787,0.09,1,609464,609003,461
33385481,3.76718,37.1539,427,41567,0.0704315,0.15,1,609466,609039,427
33598641,41.7148,41.6197,455,45122,0.918943,0.69,2,611727,611272,455
34178261,32.8463,31.8872,428,25210,0.206748,0.09,1,618043,617615,428
34195781,74.0593,57.0071,497,25710,0.28656,0.19,1,618431,617934,497
34467341,31.587,41.2731,494,32483,0.042779,0.61,1,623054,622560,494
34516981,30.5773,34.3728,422,33572,0.0339057,0.03,1,623636,623214,422
34554941,110.412,41.8764,535,34383,0.0602807,0.01,1,624215,623680,535
34560781,43.691,36.8697,466,34505,0.0588449,0.01,1,624293,623827,466
34587061,110.075,42.2365,536,35053,0.0879422,0.03,1,624637,624101,536
34592901,46.5402,37.8206,469,35173,0.0704707,0.07,1,624718,624249,469
34625021,38.2939,37.8037,423,35828,0.0383355,0.09,1,625094,624671,423
34627941,47.5147,46.5402,424,35887,0.0573342,0.05,1,625142,624718,424
34692181,88.5336,96.1289,425,37161,0.223574,0.15,1,625906,625481,425
34838181,100.9,97.0956,459,39904,0.930434,0.75,2,627685,627226,459
35089301,34.331,39.7176,457,44222,0.0549438,0.05,1,630633,630176,457
35211941,40.8748,56.4985,476,46182,0.448508,0.31,1,631818,631342,476
35553581,17.5867,26.8287,432,23899,0.0315954,0.05,1,635489,635057,432
35611981,63.6308,69.5659,488,25614,0.0480452,0.11,1,636599,636111,488
35626581,36.0668,18.4303,458,26025,0.0441336,0,1,636792,636334,458
35629501,87.3033,36.0715,511,26106,0.0716534,0.03,1,636882,636371,511
36166781,27.775,30.4524,477,38220,0.0350649,0.45,1,645133,644656,477
36674861,33.9572,37.1415,486,46857,0.4111,0.57,1,650734,650248,486
37031101,17.6325,31.865,433,24076,0.0892257,0.03,1,654487,654054,433
37054461,16.9151,17.6325,426,24771,0.0336957,0.05,1,654913,654487,426
37083661,61.4124,80.7923,490,25614,0.0711624,0.19,1,655488,654998,490
37086581,46.7706,62.9396,474,25697,0.070465,0.15,1,655534,655060,474
37092421,43.9119,61.3373,469,25861,0.0604744,0.21,1,655639,655170,469
37101181,16.9369,35.1102,437,26106,0.0300304,0.05,1,655757,655320,437
37112861,59.3344,46.7706,484,26429,0.208561,0.03,1,656018,655534,484
37352301,76.5594,91.8053,546,32343,0.444719,1,1,660000,659454,546
37355221,35.178,72.0403,508,32408,0.219887,1,1,660033,659525,508
37372741,4.18182,53.0431,468,32798,0.0705679,0.99,1,660240,659772,468
37404861,4.18182,4.18182,422,33499,0.0290706,0.03,1,660662,660240,422
37407781,27.7591,27.7591,422,33562,0.0416282,0.05,1,660691,660269,422
37422381,36.4485,39.3906,422,33877,0.0816711,0.01,1,660919,660497,422
37425301,45.5224,44.7195,423,33939,0.0866684,0.05,1,660965,660542,423
37428221,32.6761,33.586,422,34001,0.0766674,0.01,1,660997,660575,422
37436981,4.18171,4.18182,422,34187,0.0349067,0.05,1,661084,660662,422
37448661,65.2471,70.826,486,34435,0.0413576,0.05,1,661281,660795,486
37451581,27.0124,63.3913,448,34496,0.034543,0.09,1,661306,660858,448
37655981,75.9612,73.3248,526,38550,0.932439,0.67,2,663906,663380,526
37801981,23.4933,27.7093,508,41200,0.928278,1,2,665666,665158,508
37851621,21.3372,23.4893,457,42062,0.793719,0.77,2,666284,665827,457
37872061,46.5244,48.3296,457,42412,0.941175,0.73,2,666495,666038,457
38131941,18.3527,27.1067,447,46632,0.0985819,0.13,1,669363,668916,447
38356781,28.1373,29.704,477,49992,0.766327,0.59,2,671501,671024,477
38755361,13.0079,13.0056,425,28184,0.250933,0.23,1,676193,675768,425
38784561,95.6549,13.0079,533,28927,0.442023,0.35,1,676726,676193,533
39018161,32.5926,3.48977,461,34288,0.214506,0.17,1,680304,679843,461
39024001,84.6315,25.2787,512,34412,0.222721,0.15,1,680412,679900,512
39521861,12.3325,12.2853,423,21602,0.0241795,0.05,1,687521,687098,423
39524781,120.317,119.364,424,21700,0.0516718,0.05,1,687647,687223,424
39542301,12.3183,12.3325,422,22280,0.0478065,0.07,1,687943,687521,422
39545221,122.216,120.317,424,22375,0.0491226,0.07,1,688071,687647,424
39831381,68.0482,68.0055,423,30274,0.0433086,0,1,693324,692901,423
39834301,25.2524,26.2003,422,30344,0.0353235,0.05,1,693347,692925,422
39840141,66.2781,68.9405,423,30484,0.0500518,0.03,1,693449,693026,423
40000741,70.8839,69.8863,455,34089,0.902086,0.73,2,695741,695286,455
40003661,77.6442,76.6443,456,34151,0.930835,0.73,2,695819,695363,456
40275221,32.6429,33.8497,451,39492,0.232792,0.45,1,699445,698994,451
40319021,37.0006,37.7294,467,40286,0.402531,0.21,1,699950,699483,467
40324861,43.935,61.6068,475,40390,0.408805,0.27,1,700056,699581,475
41303061,17.368,27.4062,468,55171,0.064602,0.61,1,710077,709609,468
41519141,30.0103,30.2049,483,57926,0.759473,0.71,2,711820,711337,483
41833041,75.4579,47.0559,529,29779,0.912577,0.65,2,715002,714473,529
41976121,27.1307,34.0182,473,33080,0.403987,0.89,1,717259,716786,473
42069561,29.0368,64.8876,483,35067,0.903442,0.71,2,718579,718096,483
42641881,69.6674,145.637,539,28577,0.94,1,2,729201,728662,539
42817081,19.5249,52.3188,499,32726,0.904528,1,2,732112,731613,499
43053601,19.0268,32.4412,497,37602,0.0762369,1,1,735429,734932,497
43234641,64.6431,55.0101,520,40940,0.914341,0.71,2,737571,737051,520
43501821,113.702,76.5951,589,23362,0.9268,1,2,742072,741483,589
43513501,30.459,35.7391,507,23723,0.913502,1,2,742253,741746,507
43519341,65.9111,108.817,535,23901,0.94176,0.97,2,742423,741888,535
43627381,24.2293,34.5887,494,26987,0.293277,1,1,744552,744058,494
43700381,81.2952,66.994,530,28883,0.780258,0.57,2,745832,745302,530
43849301,32.45,28.5726,511,32408,0.0666273,1,1,748257,747746,511
43890181,17.8425,16.8903,424,33310,0.0576813,0.09,1,748761,748337,424
43893101,60.7421,59.7445,425,33373,0.0650725,0.15,1,748824,748399,425
43925221,61.7398,60.7421,426,34063,0.0976718,0.13,1,749250,748824,426
43960261,69.6338,61.7398,495,34801,0.299011,0.17,1,749745,749250,495
43992381,73.6262,62.6756,508,35464,0.444831,0.35,1,750183,749675,508
43998221,21.1791,5.38169,460,35584,0.432373,0.31,1,750207,749747,460
44389501,50.3799,37.0356,489,42809,0.9052,1,2,755210,754721,489
44436221,26.0871,34.819,480,43592,0.017892,0.67,1,755724,755244,480
44786621,41.9227,39.552,496,49055,0.919189,0.69,2,759141,758645,496
44988101,26.5945,20.9445,479,24076,0.405449,0.69,1,761373,760894,479
45046501,84.6709,79.2729,532,25779,0.784499,0.63,2,762550,762018,532
45052341,74.5967,47.7457,527,25943,0.78432,0.61,2,762672,762145,527
45174981,96.9201,51.9613,565,29174,0.92512,1,2,764913,764348,565
45186661,44.674,39.3206,519,29463,0.442771,1,1,765119,764600,519
45212941,31.0943,38.48,442,30103,0.0731486,0.37,1,765516,765074,442
45227541,29.1941,27.4989,424,30453,0.0721826,0.03,1,765709,765285,424
45233381,6.43799,6.48125,423,30591,0.0535492,0.09,1,765805,765382,423
45239221,70.9811,70.8862,425,30729,0.0697679,0.07,1,765912,765487,425
45782341,31.6017,37.2417,425,41608,0.0576072,0.03,1,773163,772738,425
45951701,35.1863,38.6778,486,44456,0.78601,0.61,2,774991,774505,486
45954621,3.65931,35.1839,453,44503,0.776404,0.69,2,774993,774540,453
45975061,39.0922,37.2395,461,44832,0.904356,0.79,2,775221,774760,461
45983821,66.6284,65.6307,463,44973,0.947559,0.83,2,775343,774880,463
45986741,5.23142,5.18153,463,45020,0.937024,0.85,2,775345,774882,463
46156101,24.0711,33.9151,492,47661,0.941635,1,2,777161,776669,492
46159021,17.3536,32.0958,477,47705,0.922654,1,2,777178,776701,477
46167781,40.446,38.9113,478,47837,0.93097,1,2,777297,776819,478
46170701,24.8223,28.5456,474,47881,0.918388,0.88,2,777321,776847,474
46595561,86.8417,65.8294,545,26840,0.931561,0.79,2,782601,782056,545
46683161,46.8926,59.7198,518,29113,0.9016,1,2,784147,783629,518
46706521,42.9105,23.0314,513,29690,0.2024,0.99,1,784567,784054,513
46712361,52.4048,46.8926,514,29832,0.203984,0.69,1,784661,784147,514
48322741,34.8223,40.5299,482,30979,0.0654745,0.94,1,805350,804868,482
48343181,62.9936,56.1687,503,31454,0.0778838,0.09,1,805596,805093,503
48357781,25.8799,22.6411,454,31789,0.0642247,0.13,1,805826,805372,454
48378221,109.172,37.3497,537,32252,0.0952831,0.03,1,806169,805632,537
48384061,24.5454,34.9584,447,32383,0.0572453,0.11,1,806224,805777,447
48512541,24.5953,35.6196,475,35141,0.761601,0.61,2,807982,807507,475
48900901,30.1325,70.6027,484,23349,0.932115,0.73,2,814908,814424,484
49043981,26.3339,25.4317,428,27442,0.237735,0.13,1,817745,817317,428
49052741,3.51829,3.52055,427,27673,0.232415,0.17,1,817800,817373,427
49064421,45.7993,45.5572,433,27978,0.42811,0.25,1,818120,817687,433
49116981,46.8976,61.9951,497,29310,0.760626,0.57,2,819012,818515,497
49137421,82.1842,139.828,535,29812,0.924352,0.71,2,819359,818824,535
49271741,31.7803,31.2443,481,32920,0.920116,1,2,821436,820955,481
49298021,19.5977,20.1058,467,33494,0.772337,0.93,2,821843,821376,467
49452781,100.167,99.0611,481,36691,0.922,1,2,824092,823611,481
49517021,9.49643,22.6747,461,37938,0.760131,0.61,2,824837,824376,461
49537461,26.647,36.0857,483,38326,0.911072,0.77,2,825183,824700,483
49733101,13.0239,14.3444,466,41859,0.768072,0.81,2,827570,827104,466
49931661,32.048,29.5627,493,45158,0.903741,1,2,829840,829347,493
49987141,19.3203,27.6404,474,46037,0.0591763,0.59,1,830419,829945,474
50191541,49.3573,36.1431,504,49138,0.914403,0.71,2,832389,831885,504
50508361,37.0054,35.1562,427,27219,0.041431,0.15,1,836865,836438,427
50563841,74.1384,37.8623,502,28661,0.232367,0.21,1,837791,837289,502
50779921,37.4057,36.8869,490,33688,0.0263074,1,1,841194,840704,490
50879201,32.5387,35.1796,424,35761,0.0135679,0.05,1,842460,842036,424
50885041,41.6913,39.8454,425,35879,0.0273709,0.07,1,842538,842113,425
50887961,15.3846,15.2923,425,35938,0.0169483,0.11,1,842552,842127,425
50890881,75.8192,74.8646,426,35997,0.0247793,0.11,1,842631,842205,426
50893801,22.791,23.6932,425,36056,0.0159117,0.07,1,842651,842226,425
50899641,61.7595,62.6642,425,36174,0.0445459,0.11,1,842734,842309,425
50914241,31.5883,32.5387,422,36464,0.0360433,0.03,1,842882,842460,422
50917161,36.7294,35.8269,423,36522,0.0564173,0.03,1,842919,842496,423
50923001,15.3393,15.3846,422,36638,0.0414268,0.03,1,842974,842552,422
50925921,75.817,75.8192,422,36696,0.0465707,0.01,1,843053,842631,422
51628181,484.103,510.402,484,21900,0.418,0.96,1,850978,850494,484
51639861,69.7229,84.8384,478,22285,0.0227488,0.29,1,851259,850781,478
51698261,64.8882,71.2194,422,24117,0.0206406,0.03,1,852390,851968,422
51727461,74.4498,72.5997,424,24982,0.0570629,0.11,1,852952,852528,424
51838421,76.6752,74.7275,446,28025,0.780705,0.53,2,854907,854461,446
52039901,4.20598,45.1719,424,32830,0.00342071,0,1,858139,857715,424
52112901,54.8701,52.4405,476,34404,0.0413347,0.03,1,859115,858639,476
52118741,49.5372,21.6961,473,34526,0.0246135,0,1,859186,858713,473
52121661,70.8769,50.4848,493,34587,0.0278454,0,1,859258,858765,493
52142101,52.4029,22.058,475,35013,0.0254845,0.03,1,859481,859006,475
52145021,56.7701,52.4029,478,35073,0.0521938,0.05,1,859538,859060,478
52159621,36.847,33.9438,458,35373,0.0344897,0.03,1,859748,859290,458
52171301,19.215,4.16074,444,35612,0.0301149,0.05,1,859848,859404,444
52174221,53.2108,22.058,476,35671,0.042046,0.01,1,859903,859427,476
52182981,21.7664,21.8385,425,35848,0.0197309,0.05,1,859983,859558,425
52203421,4.34397,4.30098,423,36259,0.0188541,0.03,1,860251,859828,423
52206341,19.2172,19.215,423,36317,0.0375416,0.05,1,860271,859848,423
52209261,54.1609,53.2108,424,36375,0.0690167,0.09,1,860327,859903,424
52226781,33.0272,33.932,422,36723,0.0546052,0.07,1,860555,860133,422
52238461,4.2492,4.34397,422,36952,0.0493499,0.05,1,860673,860251,422
52244301,57.0106,54.1609,425,37066,0.052296,0.09,1,860752,860327,425
52352341,60.9055,60.8578,426,39119,0.219194,0.07,1,862029,861603,426
52390301,62.8534,60.9055,432,39815,0.401389,0.25,1,862461,862029,432
52507101,68.601,68.6009,462,41885,0.934567,0.81,2,863815,863353,462
52717341,30.1327,43.5403,449,45369,0.0356671,0.49,1,866172,865723,449
52720261,29.0566,36.377,442,45415,0.0322669,0.31,1,866201,865759,442
52746541,14.3113,14.3113,422,45829,0.0317957,0,1,866452,866030,422
52764061,27.2513,30.1294,450,46105,0.0520874,0.03,1,866622,866172,450
52766981,27.0126,29.0565,448,46151,0.0388349,0.05,1,866649,866201,448
52804941,32.1208,32.5168,455,46741,0.0867743,0.03,1,867018,866563,455
52810781,27.0128,27.2513,450,46831,0.0534839,0.03,1,867072,866622,450
52819541,29.7811,27.5225,451,46966,0.087663,0.03,1,867146,866695,451
52831221,17.5203,24.5066,443,47146,0.0583562,0.05,1,867282,866839,443
52834141,13.226,21.1753,435,47191,0.0533425,0.05,1,867295,866860,435
52880861,13.181,13.226,423,47899,0.0426621,0,1,867718,867295,423
52883781,24.4091,24.4113,423,47943,0.0470648,0.03,1,867743,867320,423
52889621,23.2885,23.2885,423,48031,0.0147304,0.05,1,867795,867372,423
52898381,32.4905,29.6382,427,48163,0.0343027,0.15,1,867870,867443,427
52921741,29.339,28.399,423,48514,0.029672,0.03,1,868112,867689,423
52936341,22.3859,23.2885,422,48729,0.0270398,0.01,1,868217,867795,422
52945101,32.4904,32.4905,422,48858,0.0446905,0.05,1,868292,867870,422
52965541,35.5906,50.6088,456,49159,0.0714961,0.01,1,868504,868048,456
52968461,31.2295,35.7804,452,49202,0.0585984,0.03,1,868535,868083,452
52971381,17.7115,29.339,440,49245,0.0534394,0.05,1,868552,868112,440
52974301,9.43557,16.667,433,49288,0.0393757,0.07,1,868561,868128,433
52980141,29.7111,24.3617,451,49374,0.0459001,0.01,1,868616,868165,451
53161181,30.8459,44.9684,468,51954,0.403506,0.39,1,870220,869752,468
53558301,26.5903,29.7805,459,57197,0.0839006,0.79,1,873737,873278,459
53561221,24.1295,25.239,458,57234,0.0755602,0.73,1,873761,873303,458
53564141,8.80648,10.762,456,57271,0.0482241,0.67,1,873769,873313,456
53610861,36.8054,15.1032,461,57857,0.0609889,0.07,1,874133,873672,461
53680941,36.9767,18.4857,461,58721,0.234131,0.03,1,874670,874209,461
53856141,41.9641,19.4313,497,60835,0.754807,0.69,2,876002,875505,497
54329181,76.1628,53.1824,500,34035,0.784345,1,2,881281,880781,500
54355461,26.1214,29.4377,495,34590,0.44504,0.96,1,881629,881134,495
54387581,23.3142,28.4288,468,35256,0.406769,0.41,1,882071,881603,468
54638701,36.1666,34.6686,506,40083,0.948093,1,2,885389,884883,506
54783241,7.86781,7.68008,455,21758,0.915454,0.73,2,888283,887828,455
54786161,91.5934,90.634,456,21855,0.936182,0.79,2,888379,887923,456
55340961,27.9378,28.031,432,35819,0.422315,0.19,1,897990,897558,432
55408121,28.6559,28.6511,447,37152,0.786196,0.55,2,898851,898404,447
55425641,33.8976,31.9015,483,37493,0.902704,0.61,2,899088,898605,483
55583321,47.6228,53.081,512,40423,0.945732,1,2,901154,900642,512
55586241,31.8311,35.9041,508,40475,0.912293,1,2,901185,900677,508
55595001,17.9234,29.7965,506,40631,0.769507,1,2,901263,900757,506
56081181,90.284,51.5217,554,25619,0.929262,0.89,2,908073,907519,554
56212581,68.8843,29.5875,520,29105,0.782243,0.61,2,910492,909972,520
56872501,21.7702,21.8328,424,42464,0.0563778,0.05,1,919619,919195,424
56878341,17.2019,17.2971,422,42564,0.0486204,0.03,1,919657,919235,422
56881261,39.8101,36.9649,425,42614,0.0854482,0.03,1,919698,919273,425
56895861,27.0774,27.9303,424,42860,0.0670094,0.05,1,919870,919446,424
56898781,31.7539,31.7965,424,42909,0.0688038,0.17,1,919902,919478,424
56901701,35.7877,31.9898,428,42958,0.0815215,0.13,1,919938,919510,428
57431681,449.878,537.546,436,23360,0.250126,0.13,1,925261,924825,436
57446281,40.5232,78.2685,432,23810,0.0403565,0.05,1,925619,925187,432
57452121,26.9388,28.3632,423,23988,0.036457,0.03,1,925652,925229,423
57463801,59.1202,59.2285,423,24339,0.0394773,0.05,1,925933,925510,423
57466721,73.256,69.4614,427,24426,0.0577909,0.03,1,926007,925580,427
57469641,36.9128,40.5231,423,24513,0.0411164,0.05,1,926042,925619,423
57490081,74.2059,73.256,423,25112,0.0851629,0.03,1,926430,926007,423
57498841,28.7349,27.8323,423,25364,0.0503304,0.07,1,926498,926075,423
57510521,61.9631,80.2791,482,25697,0.0552885,0.11,1,926779,926297,482
57554321,74.7565,106.132,504,26906,0.220995,0.17,1,927566,927062,504
57633161,78.9342,112.834,524,28955,0.774491,0.61,2,928888,928364,524
57780621,65.4711,85.0565,502,14325,0.275728,0.71,1,931516,931014,502
57783541,25.1236,60.3028,466,14473,0.224291,0.67,1,931539,931073,466
57789381,128.455,171.911,560,14765,0.243487,0.27,1,931886,931326,560
58637641,47.4524,39.6395,527,38110,0.212707,1,1,948055,947528,527
58649321,34.9519,33.0157,510,38330,0.0944853,0.92,1,948188,947678,510
58815761,72.1327,33.8997,527,41353,0.752274,0.69,2,950139,949612,527
59269821,33.6178,31.8201,425,27290,0.232192,0.11,1,957398,956973,425
59278581,64.5187,62.6137,429,27522,0.24022,0.13,1,957582,957153,429
59287341,76.2337,73.3858,431,27753,0.245534,0.23,1,957719,957288,431
59786661,4.35258,49.1511,425,38658,0.218261,0.05,1,965031,964606,425
59815861,52.5837,50.6356,430,39200,0.27471,0.17,1,965379,964949,430
59970621,56.4316,55.4816,455,41960,0.936151,0.69,2,967151,966696,455
60399861,32.7271,41.095,440,27445,0.064252,0.37,1,974222,973782,440
60467021,35.0525,61.7369,455,29168,0.0975248,0.05,1,975280,974825,455
60487461,18.9041,55.7496,444,29673,0.0423203,0.13,1,975617,975173,444
60595501,33.9145,89.1437,479,32207,0.767641,0.57,2,977230,976751,479
60796981,27.2134,35.5459,477,36461,0.0411007,0.97,1,980128,979651,477
60802821,26.478,32.5789,463,36577,0.0185761,0.67,1,980209,979746,463
60861221,54.4558,43.2164,477,37716,0.0431208,0.09,1,980915,980438,477
60875821,36.3809,26.4282,458,37996,0.0166656,0,1,981088,980630,458
60893341,43.972,27.3327,467,38328,0.0655883,0.01,1,981282,980815,467
60940061,26.3585,26.3585,423,39200,0.0615261,0.07,1,981819,981396,423
60951741,35.3042,35.3039,425,39416,0.0826471,0.07,1,981937,981512,425
61010141,53.5937,43.1216,480,40474,0.236,0.17,1,982612,982132,480
61307981,61.5442,70.6927,481,45486,0.946478,1,2,985962,985481,481
61337181,20.9605,30.9034,481,45946,0.938132,1,2,986230,985749,481
61480261,23.1143,35.0538,494,48143,0.9448,1,2,987753,987259,494
61483181,22.0557,25.5027,491,48187,0.94192,1,2,987775,987284,491
61529901,21.8926,1.15571,491,48881,0.299942,0.94,1,988244,987753,491
62083241,73.2084,58.2113,507,28706,0.438623,0.31,1,994800,994293,507
62325601,19.8474,35.4787,425,15314,0.0596354,0.01,1,998883,998458,425
62360641,111.629,142.552,531,16905,0.0780067,0.07,1,999989,999458,531
62366481,35.9041,110.984,453,17156,0.0496811,0.03,1,1000131,999678,453
62378161,105.564,111.629,531,17646,0.0691918,0.03,1,1000520,999989,531
62381081,37.5782,110.081,455,17766,0.0576767,0.05,1,1000554,1000099,455
62384001,24.6789,35.9041,447,17885,0.0410707,0.05,1,1000578,1000131,447
62465761,116.826,109.707,565,20953,0.774087,0.57,2,1002691,1002126,565
62751921,65.5164,39.247,542,29241,0.762856,0.93,2,1008481,1007939,542
62941721,38.0304,35.9211,492,33622,0.253743,0.93,1,1011472,1010980,492
62959241,35.8169,33.4524,458,33998,0.0252409,0.63,1,1011751,1011293,458
62976761,38.697,36.1965,465,34370,0.0919274,0,1,1011937,1011472,465
62994281,33.1883,35.8169,455,34737,0.0670217,0.05,1,1012206,1011751,455
63000121,30.483,20.7045,452,34859,0.0503235,0.09,1,1012257,1011805,452
63003041,34.7741,27.6352,459,34920,0.0621294,0.15,1,1012292,1011833,459
63008881,36.7569,32.9391,463,35041,0.0927407,0.07,1,1012361,1011898,463
63064361,19.1438,18.0018,428,36171,0.0279502,0.13,1,1013077,1012649,428
63067281,29.4572,29.4001,428,36229,0.0771801,0.13,1,1013107,1012679,428
63070201,38.5229,38.52,428,36287,0.084872,0.15,1,1013146,1012718,428
63099401,19.1907,19.1438,423,36866,0.048601,0.11,1,1013500,1013077,423
63102321,31.3595,29.4572,425,36923,0.0494404,0.09,1,1013532,1013107,425
63108161,32.2834,31.3761,425,37037,0.0499105,0.09,1,1013602,1013177,425
63166561,41.7693,34.5321,472,38163,0.421693,0.21,1,1014335,1013863,472
63280441,42.8685,39.2397,501,40266,0.932828,0.75,2,1015692,1015191,501
63286281,33.2622,19.1931,493,40370,0.925653,0.83,2,1015744,1015251,493
63490681,23.3074,12.0529,452,43878,0.244512,0.13,1,1018124,1017672,452
63493601,27.7654,25.3026,454,43926,0.247805,0.13,1,1018152,1017698,454
63519881,37.4198,25.4896,468,44358,0.430436,0.25,1,1018462,1017994,468
63651281,38.4745,29.3891,495,46450,0.922642,0.71,2,1019813,1019318,495
64020661,30.1211,24.0568,492,27413,0.216234,0.93,1,1025845,1025353,492
64184181,83.2253,83.7026,514,31446,0.41906,0.23,1,1028380,1027866,514
64911261,67.9564,73.8842,489,20750,0.055216,0.55,1,1037920,1037431,489
64972581,75.3007,79.8512,505,22800,0.412735,0.27,1,1039203,1038698,505
65010541,82.1108,101.265,532,23980,0.759059,0.59,2,1040019,1039487,532
65381381,38.7358,39.3696,500,33370,0.44142,1,1,1046585,1046085,500
65390141,35.884,34.1835,494,33559,0.268971,1,1,1046682,1046188,494
65407661,26.1152,28.3148,454,33936,0.0922383,0.47,1,1046947,1046493,454
65445621,35.5426,43.1058,460,34737,0.29927,0.07,1,1047451,1046991,460
65463141,40.5881,69,467,35101,0.411639,0.15,1,1047682,1047215,467
65772661,29.8436,31.0009,457,40994,0.223845,0.11,1,1051627,1051170,457
65778501,30.3321,34.8,458,41096,0.286615,0.13,1,1051694,1051236,458
65915741,66.5362,37.6316,523,43444,0.925453,0.69,2,1053225,1052702,523
66197521,28.2364,30.2311,423,22437,0.244131,0.13,1,1056733,1056310,423
66229641,78.3715,100.625,515,23456,0.422732,0.31,1,1057435,1056920,515
66431121,39.7862,81.7516,498,29032,0.0618013,0.67,1,1061280,1060782,498
66457401,38.8407,73.7239,460,29682,0.0488046,0.07,1,1061702,1061242,460
67631241,39.1761,133.016,475,26064,0.224079,0.31,1,1077575,1077100,475
67885281,35.2387,46.7298,474,32375,0.0879174,0.35,1,1081837,1081363,474
68250281,30.1664,30.1996,427,39709,0.0848515,0.11,1,1086679,1086252,427
68282401,40.3857,30.8088,463,40291,0.221236,0.09,1,1087001,1086538,463
68285321,69.4693,39.5404,494,40343,0.226494,0.01,1,1087072,1086578,494
69354041,523.31,553.839,515,26280,0.91,1,2,1098188,1097673,515
69410981,59.8452,76.521,480,26521,0.755248,0.69,2,1098468,1097988,480
69592021,53.2872,71.0688,471,31083,0.0425059,0.97,1,1101629,1101158,471
69597861,42.6457,48.4852,463,31219,0.024801,0.67,1,1101707,1101244,463
69609541,45.7088,82.2751,470,31489,0.0457069,0.05,1,1101871,1101401,470
69618301,36.899,53.8943,460,31690,0.0257252,0.11,1,1101996,1101536,460
70776081,109.94,82.3361,544,23721,0.94792,0.98,2,1115776,1115232,544
70781921,80.4073,57.8233,524,23899,0.906467,1,2,1115924,1115400,524
70916241,28.5055,32.5242,471,27683,0.0461107,0.89,1,1118466,1117995,471
70954201,78.2892,67.6188,503,28661,0.232716,0.11,1,1119149,1118646,503
71228681,32.3366,42.8337,494,34923,0.0348693,0.91,1,1123377,1122883,494
71231601,31.0668,34.4417,491,34984,0.0319477,0.75,1,1123408,1122917,491
71266641,3.36307,31.0668,423,35702,0.0139594,0.01,1,1123831,1123408,423
71275401,34.5923,32.7409,425,35879,0.0846534,0.05,1,1123918,1123493,425
71287081,52.8254,48.1728,427,36115,0.0955271,0.03,1,1124086,1123659,427
71292921,36.5646,38.5954,422,36232,0.0404843,0.05,1,1124188,1123766,422
71322121,48.078,52.8254,423,36811,0.0848577,0.03,1,1124509,1124086,423
71327961,36.5052,36.5646,422,36925,0.0435772,0.05,1,1124610,1124188,422
71330881,37.9253,37.9282,422,36982,0.0594309,0.01,1,1124648,1124226,422
71389281,53.5061,42.1695,482,38110,0.280083,0.19,1,1125318,1124836,482
71669601,57.6454,52.3388,542,43103,0.42837,1,1,1128671,1128129,542
71675441,30.7816,41.5033,506,43201,0.278539,1,1,1128746,1128240,506
71684201,27.1121,25.2277,502,43348,0.0651065,1,1,1128836,1128334,502
72195201,28.8338,30.847,503,51159,0.928,1,2,1133903,1133400,503
72298861,12.8539,12.5713,428,25378,0.0464635,0.13,1,1135312,1134884,428
72301781,23.4427,23.4286,428,25461,0.0605854,0.13,1,1135336,1134908,428
72307621,63.5661,89.3586,493,25627,0.0804937,0.27,1,1135495,1135002,493
72310541,39.2783,62.4179,470,25710,0.0741975,0.23,1,1135533,1135063,470
72325141,23.4421,12.8539,446,26119,0.0338318,0.07,1,1135758,1135312,446
72328061,95.2221,23.4427,521,26200,0.0915327,0.07,1,1135857,1135336,521
72348501,23.4372,12.8419,446,26761,0.0870365,0.03,1,1136180,1135734,446
72439021,40.3452,63.0523,495,29113,0.763372,0.71,2,1137716,1137221,495
72599621,32.5946,37.6469,475,32872,0.0791558,1,1,1140308,1139833,475
72611301,29.3866,33.3673,450,33128,0.0746504,0.45,1,1140487,1140037,450
72736861,91.3637,90.6236,453,35769,0.771584,0.63,2,1142182,1141729,453
73277061,35.8054,34.8602,447,45400,0.759208,0.57,2,1148698,1148251,447
73279981,50.2403,48.293,449,45446,0.765683,0.57,2,1148749,1148300,449
73783681,21.6658,46.6964,441,24699,0.0554711,0.07,1,1154093,1153652,441
73815801,79.8925,56.1477,504,25627,0.220564,0.07,1,1154696,1154192,504
73839161,82.8896,58.85,514,26281,0.406677,0.25,1,1155129,1154615,514
74040641,26.8864,1.96042,509,31356,0.0903972,1,1,1158591,1158082,509
74218761,81.9897,58.8988,535,35233,0.789355,0.61,2,1161112,1160577,535
74445061,27.4247,40.3133,450,18235,0.0758714,0.05,1,1164326,1163876,450
74462581,24.7642,27.4247,424,18923,0.0331908,0.05,1,1164750,1164326,424
74491781,62.6446,73.9885,484,20016,0.0404937,0.01,1,1165531,1165047,484
74503461,90.9296,126.641,512,20436,0.0712606,0,1,1165817,1165305,512
74734141,30.298,30.2168,485,27442,0.0612195,0.9,1,1170534,1170049,485
74763341,29.1084,30.0149,422,28204,0.0288335,0,1,1170986,1170564,422
74775021,78.4538,85.5788,500,28503,0.0359221,0.05,1,1171227,1170727,500
74780861,60.2836,29.5214,483,28651,0.0177475,0.03,1,1171314,1170831,483
74798381,88.0257,31.5178,512,29092,0.0501175,0.07,1,1171571,1171059,512
74807141,61.2338,27.6727,485,29310,0.0308075,0,1,1171737,1171252,485
74818821,40.3151,27.3034,463,29598,0.0104367,0.05,1,1171870,1171407,463
74824661,89.9708,31.5133,515,29741,0.0316699,0.07,1,1171995,1171480,515
74845101,26.2564,27.3012,422,30235,0.0281972,0.01,1,1172251,1171829,422
74848021,40.2628,40.3151,422,30305,0.0412789,0.05,1,1172292,1171870,422
74856781,78.6009,77.6485,424,30515,0.0499219,0.05,1,1172496,1172072,424
74871381,29.3151,31.1271,422,30860,0.0268344,0.03,1,1172647,1172225,422
74874301,26.1658,26.2564,422,30929,0.0167338,0.05,1,1172673,1172251,422
74877221,40.2583,40.2628,422,30997,0.0366935,0.03,1,1172714,1172292,422
74880141,33.3629,33.3631,422,31065,0.0326774,0.01,1,1172747,1172325,422
74885981,78.6484,78.6009,423,31201,0.0424284,0.07,1,1172919,1172496,423
74888901,5.83242,5.83005,423,31269,0.0229714,0.07,1,1172921,1172498,423
74891821,24.9916,23.0915,425,31337,0.0271885,0.07,1,1172947,1172522,425
74897661,36.115,58.9577,457,31472,0.0871502,0.05,1,1173041,1172584,457
74903501,26.0728,29.3124,447,31606,0.070344,0.01,1,1173094,1172647,447
74941461,89.2554,34.3127,516,32466,0.0726016,0.03,1,1173685,1173169,516
74950221,27.8462,5.83016,454,32661,0.0327265,0.05,1,1173796,1173342,454
74953141,62.1923,26.8915,490,32726,0.0550906,0.19,1,1173860,1173370,490
75040741,85.1555,87.3029,519,34613,0.448014,0.31,1,1175054,1174535,519
75072861,91.9934,88.1105,532,35279,0.790873,0.51,2,1175501,1174969,532
75268501,25.9245,28.1724,491,39090,0.774026,1,2,1178053,1177562,491
75303541,21.4395,24.4893,460,39734,0.410148,0.75,1,1178487,1178027,460
75338581,32.5912,44.7828,469,40368,0.422066,0.39,1,1178906,1178437,469
75659781,25.8429,32.7502,461,45761,0.0427558,0.69,1,1182565,1182104,461
75700661,41.9053,58.161,463,46404,0.0982813,0.03,1,1182962,1182499,463
75931341,42.5662,69.4259,494,49863,0.922363,0.65,2,1185168,1184674,494
76191221,16.5606,16.7217,464,24785,0.916627,0.77,2,1187899,1187435,464
76284661,35.3371,34.8737,500,27388,0.928,1,2,1189797,1189297,500
76340141,29.826,26.011,472,28821,0.0336162,0.43,1,1190744,1190272,472
76354741,73.1886,40.3443,496,29186,0.0604498,0.05,1,1190995,1190499,496
76740181,99.512,92.9595,562,20344,0.28863,1,1,1198604,1198042,562
76938741,30.0539,35.1404,500,26508,0.0538467,1,1,1202838,1202338,500
77551941,25.3285,28.3456,446,39896,0.038621,0.47,1,1211812,1211366,446
77586981,30.6678,80.4113,450,40527,0.0946198,0.01,1,1212208,1211758,450
77589901,26.2334,31.5706,447,40579,0.0678479,0.05,1,1212234,1211787,447
77592821,12.7117,25.3285,434,40631,0.0571392,0.07,1,1212246,1211812,434
77616181,36.3442,26.5891,464,41046,0.210287,0.19,1,1212495,1212031,464
77957821,79.3825,123.411,502,21370,0.29464,1,1,1216372,1215870,502
78217701,39.2381,60.0674,501,28886,0.218465,0.77,1,1221446,1220945,501
78232301,22.4825,32.8337,468,29251,0.205747,0.49,1,1221684,1221216,468
78246901,77.8479,39.2381,508,29611,0.27562,0.19,1,1221954,1221446,508
78334501,82.9399,42.8005,542,31683,0.925286,0.79,2,1223299,1222757,542
78518461,41.4283,31.2799,495,35645,0.758569,0.65,2,1225998,1225503,495
78813381,24.3068,31.1361,451,41202,0.211418,0.15,1,1229769,1229318,451
78822141,37.8795,37.4861,465,41355,0.220171,0.07,1,1229871,1229406,465
78825061,48.444,40.8243,473,41406,0.274068,0.11,1,1229920,1229447,473
79174001,27.2002,18.6595,433,21469,0.049312,0.03,1,1233957,1233524,433
79176921,108.71,51.283,493,21568,0.0617248,0.03,1,1234070,1233577,493
79191521,9.60444,12.5524,426,22055,0.0439377,0,1,1234355,1233929,426
79217801,108.516,24.223,534,22906,0.0560341,0.03,1,1234914,1234380,534
79235321,23.2666,10.3242,445,23456,0.0481892,0.05,1,1235222,1234777,445
79244081,57.561,84.2758,482,23726,0.0522841,0.11,1,1235479,1234997,482
79314161,60.4611,88.9319,494,25784,0.429905,0.31,1,1236766,1236272,494
79541921,20.359,30.3979,452,31549,0.229305,0.15,1,1240676,1240224,452
79559441,37.9053,53.1665,463,31949,0.413265,0.19,1,1240928,1240465,463
79717121,40.8553,56.2524,509,35346,0.91,1,2,1243213,1242704,509
79904001,38.8822,38.3371,484,38988,0.410764,0.95,1,1245816,1245332,484
79918601,32.9096,34.0331,466,39258,0.281157,0.83,1,1245962,1245496,466
79930281,28.1966,32.2417,450,39474,0.278542,0.63,1,1246076,1245626,450
79982841,33.3675,37.7375,464,40426,0.447489,0.27,1,1246724,1246260,464
80263161,38.2182,64.5795,478,45162,0.919551,1,2,1249908,1249430,478
80374121,18.6023,30.0879,472,46903,0.908691,0.67,2,1251076,1250604,472
80930381,4.35572,4.43682,426,30591,0.241424,0.15,1,1258908,1258482,426
80933301,69.5678,67.6718,428,30660,0.29457,0.05,1,1258981,1258553,428
80942061,51.5652,49.6792,424,30867,0.234132,0.15,1,1259086,1258662,424
81053021,75.2824,76.2299,451,33373,0.902752,0.63,2,1260757,1260306,451
81461821,28.1426,35.8547,451,41302,0.0438106,0.01,1,1266186,1265735,451
81517301,3.55541,3.50328,425,42262,0.0384987,0.11,1,1266780,1266355,425
81520221,23.9278,23.9252,425,42312,0.0453995,0.13,1,1266805,1266380,425
81528981,37.49,34.8276,425,42462,0.0549856,0.03,1,1266895,1266470,425
81555261,34.0582,33.1082,423,42907,0.0314436,0.03,1,1267201,1266778,423
81593221,35.1524,57.2871,455,43544,0.0595423,0.01,1,1267588,1267133,455
81599061,3.65038,34.0582,424,43640,0.0347268,0.07,1,1267625,1267201,424
81625341,19.0232,37.5564,447,44072,0.0859936,0.17,1,1267885,1267438,447
81800541,22.1583,43.2136,473,46857,0.764278,0.65,2,1269642,1269169,473
81806381,57.4354,44.663,515,46947,0.781085,0.73,2,1269748,1269233,515
82091081,13.8313,18.4559,433,23899,0.0661849,0.11,1,1272818,1272385,433
82096921,57.1296,52.5336,435,24076,0.0741896,0.03,1,1272899,1272464,435
82111521,51.4334,48.6266,426,24513,0.0164845,0.09,1,1273232,1272806,426
82149481,75.6678,65.6904,500,25614,0.0641067,0.05,1,1273893,1273393,500
82181601,51.8573,64.4092,476,26509,0.0565908,0.17,1,1274505,1274029,476
82184521,13.9929,47.8705,441,26589,0.0406363,0.17,1,1274517,1274076,441
82283801,67.2253,68.6558,516,29174,0.767772,0.57,2,1276193,1275677,516
82310081,70.0279,71.5064,527,29820,0.928203,0.79,2,1276653,1276126,527
82483821,34.9946,53.034,440,15174,0.0587102,0.03,1,1279582,1279142,440
82486741,31.1997,34.0017,438,15314,0.0294841,0.07,1,1279613,1279175,438
82501341,30.2926,31.1997,424,15995,0.0179947,0.03,1,1280037,1279613,424
82507181,112.318,109.566,425,16260,0.0736792,0.03,1,1280310,1279885,425
82510101,87.3159,90.0283,422,16391,0.0714717,0.03,1,1280396,1279974,422
82515941,29.3833,30.2926,422,16650,0.0198355,0.01,1,1280459,1280037,422
82521781,115.166,154.926,535,16905,0.0715737,0.09,1,1280735,1280200,535
82536381,115.403,156.319,539,17525,0.0756033,0.07,1,1281161,1280622,539
83056141,23.825,41.6708,503,32599,0.0650108,1,1,1291496,1290993,503
83447421,21.212,28.1434,488,40370,0.0551625,0.84,1,1296587,1296099,488
83453261,43.563,65.0504,492,40474,0.082026,0.49,1,1296686,1296194,492
83835781,28.0871,36.3979,491,46810,0.0436804,0.79,1,1300854,1300363,491
83838701,25.1544,26.5199,490,46855,0.0234722,0.67,1,1300879,1300389,490
83841621,37.3577,31.726,496,46900,0.0273889,0.71,1,1300917,1300421,496
83879581,27.7476,29.7429,423,47483,0.0211445,0.05,1,1301249,1300826,423
83885421,25.1494,25.1544,423,47571,0.0153831,0.03,1,1301302,1300879,423
83888341,37.3575,37.3577,423,47615,0.0481533,0.05,1,1301340,1300917,423
83894181,19.6634,20.5659,423,47703,0.0449045,0.05,1,1301391,1300968,423
83897101,45.6332,43.7783,425,47747,0.0719618,0.03,1,1301438,1301013,425
83911701,27.9925,27.0475,423,47967,0.0441961,0.11,1,1301569,1301146,423
83917541,20.4,23.1526,422,48055,0.0322714,0.09,1,1301617,1301195,422
83920461,2.92,3.05763,422,48099,0.0309085,0.01,1,1301619,1301197,422
83926301,27.8423,27.7476,424,48187,0.0661454,0.05,1,1301673,1301249,424
83932141,23.2496,25.1494,422,48275,0.0405833,0.07,1,1301724,1301302,422
83943821,45.6785,45.6332,424,48451,0.0542709,0.07,1,1301862,1301438,424
83961341,28.8522,27.9996,423,48709,0.0432207,0.03,1,1302020,1301597,423
83964261,19.4926,20.4,422,48752,0.0352883,0.03,1,1302039,1301617,422
83967181,2.87463,2.92,422,48795,0.0321153,0.03,1,1302041,1301619,422
83975941,27.9494,26.6621,451,48924,0.0877354,0.05,1,1302124,1301673,451
84031421,33.2536,39.0674,457,49738,0.222143,0.09,1,1302642,1302185,457
84034341,20.6627,32.3534,445,49780,0.214857,0.07,1,1302662,1302217,445
84040181,28.9317,44.7784,454,49864,0.244377,0.13,1,1302738,1302284,454
84189101,29.1265,49.5286,482,51977,0.774337,0.65,2,1304068,1303586,482
84646081,67.1081,81.2365,484,31158,0.91,1,2,1310099,1309615,484
84681121,23.2336,34.7054,480,31963,0.0431913,0.69,1,1310612,1310132,480
84730761,22.6321,26.2902,422,33070,0.0310549,0.01,1,1311315,1310893,422
84739521,24.786,26.589,423,33262,0.0420675,0.03,1,1311433,1311010,423
84742441,24.0393,25.0795,422,33326,0.034827,0.11,1,1311457,1311035,422
84745361,51.552,46.854,427,33389,0.0559308,0.03,1,1311510,1311083,427
84748281,39.6276,43.1927,423,33452,0.0523723,0.03,1,1311549,1311126,423
84751201,3.88138,4.05964,423,33515,0.0509489,0.09,1,1311551,1311128,423
84754121,44.8441,43.903,424,33578,0.0623796,0.09,1,1311598,1311174,424
84757041,66.8422,65.8451,425,33641,0.0669518,0.05,1,1311666,1311241,425
84762881,22.4921,22.6321,422,33767,0.0335123,0.03,1,1311737,1311315,422
84771641,23.8834,24.786,422,33955,0.0763048,0.03,1,1311855,1311433,422
84786241,46.7418,44.8441,424,34265,0.210532,0.07,1,1312022,1311598,424
84792081,50.7519,64.7121,472,34389,0.234085,0.07,1,1312138,1311666,472
84797921,34.3269,22.4868,456,34511,0.216254,0.01,1,1312193,1311737,456
84832961,60.3292,34.3269,488,35239,0.251691,0.13,1,1312681,1312193,488
84958521,69.9777,49.5974,525,37731,0.938036,0.77,2,1314294,1313769,525
85124961,31.0453,24.1654,514,40798,0.4465,1,1,1316391,1315877,514
85463681,22.7043,20.7591,495,46414,0.073316,0.91,1,1320199,1319704,495
85466601,35.3352,25.738,505,46459,0.0833264,0.95,1,1320235,1319730,505
85475361,24.7614,19.6136,487,46594,0.0420529,0.77,1,1320304,1319817,487
85723561,43.2064,27.1785,491,50292,0.772969,0.51,2,1322613,1322122,491
86130901,17.1252,17.0304,428,27498,0.229002,0.13,1,1327286,1326858,428
86133821,51.2063,51.2015,428,27575,0.229601,0.13,1,1327339,1326911,428
86145501,68.8518,68.0348,430,27881,0.272806,0.19,1,1327527,1327097,430
86414141,25.5937,32.4895,427,34164,0.0916829,0,1,1331731,1331304,427
86490061,3.16424,25.2016,425,35738,0.0859389,0.05,1,1332719,1332294,425
86516341,61.1416,62.9463,432,36267,0.229732,0.11,1,1333076,1332644,432
86697381,72.5975,70.6994,464,39717,0.916188,0.95,2,1335293,1334829,464
86907621,21.3734,31.8114,459,43378,0.097351,0.35,1,1337785,1337326,459
87144141,23.6189,37.2776,468,47153,0.775857,0.51,2,1340147,1339679,468
87158741,52.8062,47.129,504,47378,0.933471,0.63,2,1340322,1339818,504
87504761,19.6163,8.44746,448,24178,0.0906784,0.29,1,1344034,1343586,448
87513521,77.9262,94.7042,451,24440,0.235963,0.13,1,1344240,1343789,451
87758801,42.2453,48.1382,450,30879,0.0913526,0.51,1,1348619,1348169,450
87761721,31.5623,31.8569,450,30948,0.066541,0.45,1,1348650,1348200,450
87764641,36.7281,36.7428,450,31016,0.0686164,0.45,1,1348687,1348237,450
87767561,22.7364,29.3871,443,31084,0.0574466,0.47,1,1348709,1348266,443
87782161,59.1209,45.6836,489,31423,0.0662042,0.13,1,1348936,1348447,489
87785081,64.706,64.0342,489,31490,0.0924817,0.03,1,1349001,1348512,489
88209941,106.249,104.608,507,17641,0.4444,1,1,1354880,1354373,507
88218701,73.0374,82.8626,493,18000,0.0594016,0.49,1,1355170,1354677,493
88382221,166.127,85.9975,638,23710,0.922,1,2,1359130,1358492,638
88388061,33.5228,30.33,511,23888,0.79672,1,2,1359181,1358670,511
88408501,19.038,24.4564,457,24502,0.780317,0.75,2,1359604,1359147,457
88414341,83.3151,81.4761,458,24674,0.790851,0.75,2,1359723,1359265,458
88428941,151.141,152.761,460,25101,0.924332,0.77,2,1360052,1359592,460
88615821,30.3726,30.6065,429,30025,0.211618,0.15,1,1363372,1362943,429
88618741,45.2186,45.2303,429,30095,0.258647,0.11,1,1363418,1362989,429
88621661,36.4609,40.2615,425,30165,0.253459,0.11,1,1363454,1363029,425
88624581,42.673,41.9131,426,30235,0.263384,0.11,1,1363497,1363071,426
88627501,33.4837,34.3957,425,30305,0.243353,0.11,1,1363530,1363105,425
88636261,128.23,122.578,430,30515,0.249575,0.17,1,1363731,1363301,430
88665461,128.233,128.23,434,31201,0.418975,0.25,1,1364165,1363731,434
89335601,21.9488,61.4912,422,20031,0.0288826,0.01,1,1373079,1372657,422
89344361,90.2385,99.3682,475,20347,0.0731285,0.07,1,1373282,1372807,475
89353121,20.8353,78.0929,440,20658,0.0394802,0,1,1373500,1373060,440
89385241,6.74227,6.64716,425,21761,0.0138157,0.19,1,1374135,1373710,425
89391081,67.2294,68.8441,429,21955,0.205011,0.13,1,1374334,1373905,429
89405681,6.73975,6.74227,422,22434,0.0554465,0.17,1,1374557,1374135,422
89431961,70.6491,134.287,495,23271,0.241614,0.13,1,1375193,1374698,495
89753161,30.0537,32.18,494,31748,0.0949446,0.75,1,1380994,1380500,494
89796961,75.7641,50.2924,508,32733,0.438826,0.19,1,1381676,1381168,508
89893321,81.6595,56.2278,541,34801,0.926629,0.81,2,1383030,1382489,541
90087501,4.03352,36.0253,430,18133,0.0331932,0.01,1,1386072,1385642,430
90105021,3.99054,4.03352,423,18824,0.0209545,0.09,1,1386495,1386072,423
90107941,156.95,154.102,426,18937,0.0623818,0.11,1,1386660,1386234,426
90613101,66.5337,66.635,426,33053,0.0454201,0.01,1,1396229,1395803,426
90621861,35.2771,36.1416,423,33245,0.0415469,0.07,1,1396354,1395931,423
90624781,43.5639,40.7571,426,33309,0.0586188,0.09,1,1396398,1395972,426
90668581,61.9235,60.0258,427,34248,0.29119,0.15,1,1396941,1396514,427
91077381,40.6945,40.6447,426,42011,0.213374,0.09,1,1402092,1401666,426
91094901,43.8579,43.8556,428,42311,0.249143,0.15,1,1402270,1401842,428
91240901,44.2631,44.2584,459,44737,0.917934,0.81,2,1403831,1403372,459
91708101,37.2916,36.6968,443,24076,0.0299519,0,1,1408890,1408447,443
91751901,23.4052,23.6902,422,25364,0.0285289,0.03,1,1409697,1409275,422
91766501,53.8225,49.4002,480,25779,0.225422,0.11,1,1409980,1409500,480
91772341,64.3546,52.0885,491,25943,0.262867,0.03,1,1410097,1409606,491
91795701,64.4048,52.0911,499,26589,0.298143,0.27,1,1410531,1410032,499
92023461,30.8011,33.1476,489,32211,0.0333175,0.77,1,1414295,1413806,489
92026381,52.8401,34.9074,508,32277,0.043327,0.43,1,1414349,1413841,508
92076021,35.4394,34.3947,425,33373,0.0322581,0.07,1,1415037,1414612,425
92078941,49.272,49.2197,425,33436,0.0669032,0.07,1,1415087,1414662,425
92081861,4.3636,4.36099,425,33499,0.0567613,0.09,1,1415089,1414664,425
92084781,23.9682,22.068,427,33562,0.0887045,0.13,1,1415114,1414687,427
92113981,4.4586,4.3636,424,34187,0.0688312,0.11,1,1415513,1415089,424
92122741,54.0698,31.4099,484,34373,0.207685,0.21,1,1415631,1415147,484
92125661,61.6035,51.9205,493,34435,0.245074,0.21,1,1415693,1415200,493
92143181,53.0712,35.439,475,34801,0.242457,0.07,1,1415934,1415459,475
92149021,26.8277,4.4586,451,34923,0.241593,0.13,1,1415964,1415513,451
92154861,59.0146,36.3961,489,35044,0.243855,0.25,1,1416065,1415576,489
92157781,61.8507,54.0698,496,35104,0.271542,0.27,1,1416127,1415631,496
92473141,22.4402,32.898,490,41098,0.0712108,0.79,1,1420131,1419641,490
92481901,18.2214,25.6232,471,41251,0.0695975,0.57,1,1420202,1419731,471
92540301,3.41641,3.36904,423,42262,0.0322967,0.07,1,1420816,1420393,423
92546141,31.9285,29.1259,425,42362,0.0399675,0,1,1420880,1420455,425
92727181,37.478,38.3734,449,45349,0.754923,0.55,2,1422769,1422320,449
92759301,46.3937,45.3487,454,45856,0.943372,0.65,2,1423116,1422662,454
92762221,4.21968,4.16743,454,45902,0.923349,0.69,2,1423118,1422664,454
92765141,42.011,38.2084,458,45948,0.93934,0.69,2,1423162,1422704,458
93480541,37.5404,37.6785,431,27082,0.270001,0.11,1,1430897,1430466,431
93518501,20.5438,21.5601,427,28082,0.205886,0.15,1,1431507,1431080,427
93521421,27.6272,27.678,427,28157,0.208354,0.15,1,1431535,1431108,427
93524341,92.5814,90.6839,429,28232,0.281342,0.15,1,1431631,1431202,429
93606101,104.079,100.281,456,30261,0.932821,0.67,2,1432969,1432513,456
93609021,7.10394,6.91406,456,30331,0.931128,0.81,2,1432971,1432515,456
93611941,102.005,95.3457,463,30401,0.942451,0.85,2,1433078,1432615,463
93772541,25.9105,23.4983,458,34017,0.0928323,0.61,1,1435550,1435092,458
93798821,40.3689,70.3821,471,34572,0.201574,0.11,1,1435907,1435436,471
94601821,28.636,21.41,431,22569,0.0490223,0.11,1,1445439,1445008,431
94625181,85.0817,28.636,511,23310,0.05149,0,1,1445950,1445439,511
94739061,94.5378,28.7947,526,26628,0.288683,0.21,1,1448085,1447559,526
94817901,101.286,29.7092,559,28698,0.938508,0.75,2,1449426,1448867,559
94987261,16.2361,24.826,441,32700,0.0848645,0.09,1,1452126,1451685,441
95215021,38.5605,65.3032,482,37408,0.754951,0.53,2,1455099,1454617,482
95250061,41.5056,68.2091,497,38080,0.928731,0.79,2,1455559,1455062,497
95407741,22.2684,29.4964,496,40967,0.776621,1,2,1457497,1457001,496
95434021,22.1655,28.0988,495,41427,0.0773083,0.97,1,1457823,1457328,495
95445701,22.0594,27.3679,461,41631,0.0390831,0.75,1,1457936,1457475,461
95539141,35.8062,32.2123,465,43223,0.445127,0.21,1,1458953,1458488,465
96232641,30.0853,29.1805,426,25294,0.0611567,0.07,1,1466673,1466247,426
96247241,47.1279,68.5459,467,25710,0.0641878,0.05,1,1466931,1466464,467
96267681,69.3644,79.1791,491,26281,0.222457,0.05,1,1467308,1466817,491
96559681,28.6102,39.9068,474,33383,0.211289,0.89,1,1472142,1471668,474
96866281,35.1854,43.7712,487,39480,0.778922,1,2,1476163,1475676,487
96895481,31.4113,36.4484,482,40010,0.0448873,0.99,1,1476538,1476056,482
96904241,32.9286,37.1329,498,40169,0.0847128,0.73,1,1476626,1476128,498
96915921,22.6406,37.0734,464,40378,0.0620246,0.35,1,1476769,1476305,464
97111561,35.0645,53.3892,485,43742,0.907152,0.65,2,1478922,1478437,485
97539341,33.7788,27.7147,480,23908,0.793249,0.55,2,1483951,1483471,480
97956901,22.305,1.40325,445,34317,0.059943,0.17,1,1491044,1490599,445
97965661,32.5712,84.2676,451,34502,0.0895164,0.05,1,1491191,1490740,451
98102901,33.8536,87.4811,482,37272,0.757535,0.67,2,1492952,1492470,482
98391981,29.4902,31.2805,476,42515,0.0851194,0.98,1,1496602,1496126,476
98394901,18.5745,28.164,466,42565,0.0760477,0.85,1,1496620,1496154,466
98421181,11.5161,12.5709,425,43008,0.0713406,0.09,1,1496886,1496461,425
98467901,36.6537,32.8758,458,43787,0.0953881,0.03,1,1497378,1496920,458
98476661,19.5793,28.5445,445,43931,0.0610648,0.13,1,1497469,1497024,445
98494181,35.4887,48.4825,460,44219,0.206038,0.13,1,1497673,1497213,460
98962841,11.3639,35.9846,441,23541,0.057616,0.21,1,1502644,1502203,441
98968681,28.3859,36.3325,446,23721,0.0632186,0.21,1,1502709,1502263,446
98971601,78.3693,55.9666,470,23810,0.0792874,0.25,1,1502790,1502320,470
99067961,93.2662,80.2718,545,26589,0.754012,0.69,2,1504634,1504089,545
99246081,39.4771,38.6151,445,31072,0.751443,0.51,2,1507697,1507252,445
99263601,74.2759,78.3778,522,31479,0.799143,0.57,2,1507945,1507423,522
99269441,59.1332,74.9134,513,31613,0.786663,0.69,2,1508084,1507571,513
99275281,43.3253,29.5423,500,31747,0.782266,0.79,2,1508157,1507657,500
99292801,73.2785,79.5185,534,32145,0.90869,0.79,2,1508405,1507871,534
99430041,37.0409,54.2219,521,35104,0.429065,1,1,1510489,1509968,521
99447561,33.385,34.9285,515,35464,0.063449,0.93,1,1510706,1510191,515
99482601,28.8275,33.385,424,36174,0.0497553,0.05,1,1511130,1510706,424
99494281,4.25915,4.2593,423,36406,0.0312737,0.15,1,1511256,1510833,423
99497201,57.213,55.313,425,36464,0.0665095,0.15,1,1511316,1510891,425
99993601,513.249,544.908,484,20440,0.42808,0.87,1,1517232,1516748,484
100002361,54.9267,74.5125,466,20750,0.0943571,0.11,1,1517456,1516990,466
100011121,38.1802,53.4991,439,21055,0.0590789,0.03,1,1517626,1517187,439
100014041,28.509,34.025,434,21156,0.0416315,0.01,1,1517654,1517220,434
100066601,77.808,53.1147,507,22893,0.20713,0.21,1,1518812,1518305,507
100087041,81.7105,55.1605,512,23533,0.267384,0.25,1,1519245,1518733,512
100294361,27.1603,43.8271,512,29241,0.224253,1,1,1523071,1522559,512
100306041,24.6662,40.4238,494,29529,0.0536929,0.79,1,1523324,1522830,494
100346921,22.3592,24.1597,424,30518,0.0324738,0.13,1,1523897,1523473,424
100349841,3.01796,3.10799,424,30587,0.0309895,0.03,1,1523899,1523475,424
100367361,67.7716,64.9667,425,31000,0.068477,0.05,1,1524240,1523815,425
100373201,29.9994,29.1849,423,31136,0.0625563,0.03,1,1524298,1523875,423
100376121,22.4,22.3592,423,31204,0.0550225,0.03,1,1524320,1523897,423
100379041,3.02,3.01796,423,31272,0.052009,0.07,1,1524322,1523899,423
100381961,18.201,17.2509,424,31340,0.0628036,0.07,1,1524341,1523917,424
100393641,23.6257,33.6182,446,31609,0.0679918,0.03,1,1524591,1524145,446
100422841,24.5305,35.5133,446,32273,0.0698172,0.09,1,1525014,1524568,446
100732361,55.5516,62.0511,522,38603,0.213591,0.79,1,1529249,1528727,522
101081301,39.3039,57.1339,452,20242,0.0431008,0.13,1,1533492,1533040,452
101084221,23.8152,36.1067,440,20347,0.0352403,0.05,1,1533515,1533075,440
101095901,62.2658,103.514,483,20761,0.0810142,0.03,1,1533875,1533392,483
101098821,40.1633,64.0757,460,20863,0.0624057,0.05,1,1533914,1533454,460
101122181,26.9028,23.8582,431,21663,0.0601986,0.11,1,1534368,1533937,431
101125101,3.24514,3.09291,431,21761,0.0540794,0.05,1,1534370,1533939,431
101151381,69.1204,5.47061,489,22623,0.222228,0.03,1,1534974,1534485,489
101171821,71.2581,109.408,499,23271,0.263494,0.25,1,1535406,1534907,499
101367461,32.6915,100.53,499,28736,0.0755758,0.87,1,1539160,1538661,499
101720781,26.2102,33.1308,468,36580,0.0646244,0.81,1,1544352,1543884,468
101729541,25.164,29.2119,455,36754,0.043736,0.49,1,1544439,1543984,455
101773341,51.7403,63.7604,479,37606,0.29323,0.25,1,1545005,1544526,479
102088701,18.9352,16.8843,437,19642,0.0553481,0.01,1,1549016,1548579,437
102094541,76.8548,97.5122,496,19857,0.0628557,0.03,1,1549208,1548712,496
102100381,68.1646,89.2588,490,20070,0.0280569,0.07,1,1549366,1548876,490
102103301,58.5082,69.0629,480,20176,0.0172228,0.01,1,1549424,1548944,480
102112061,74.9101,112.097,498,20490,0.0363823,0.09,1,1549631,1549133,498
102117901,66.3073,90.2927,489,20697,0.0358212,0.01,1,1549788,1549299,489
102120821,58.4154,68.1646,480,20799,0.0323285,0.01,1,1549846,1549366,480
102123741,21.9208,58.5082,442,20901,0.0309314,0.03,1,1549866,1549424,442
102150021,7.27955,7.3698,423,21798,0.0285907,0.13,1,1550405,1549982,423
102152941,72.564,69.7185,426,21895,0.0294363,0.15,1,1550481,1550055,426
102196741,101.526,73.514,524,23305,0.21913,0.09,1,1551428,1550904,524
102640581,36.7001,50.8015,517,34460,0.00597128,1,1,1559040,1558523,517
104084521,84.9804,65.5148,538,38024,0.903055,0.67,2,1578931,1578393,538
104430541,3.92427,36.9264,430,21066,0.275866,0.21,1,1583579,1583149,430
104439301,102.969,103.821,434,21367,0.422535,0.29,1,1583842,1583408,434
105233541,30.7464,37.4088,432,40109,0.0591304,0.27,1,1596800,1596368,432
105262741,34.4158,41.4102,456,40632,0.0991375,0.11,1,1597140,1596684,456
105286101,17.8899,31.9949,442,41047,0.0516023,0.03,1,1597384,1596942,442
105300701,34.6533,42.315,461,41302,0.0902212,0.13,1,1597567,1597106,461
105335741,28.4452,29.3026,423,41912,0.0345006,0.03,1,1597908,1597485,423
105350341,32.6517,32.6463,431,42162,0.0708461,0.19,1,1598081,1597650,431
105367861,16.7711,17.9182,424,42462,0.0614211,0.03,1,1598231,1597807,424
105388301,27.0289,26.0336,424,42809,0.0744526,0.09,1,1598472,1598048,424
105405821,30.4741,38.0717,454,43103,0.217267,0.09,1,1598638,1598184,454
105464221,38.4484,49.8267,465,44072,0.400367,0.15,1,1599267,1598802,465
105788341,31.3084,37.2749,446,22569,0.0277102,0.19,1,1602882,1602436,446
105794181,82.0158,58.4707,505,22757,0.0536336,0.09,1,1603030,1602525,505
105808781,32.213,56.1671,453,23219,0.0512084,0.03,1,1603305,1602852,453
105890541,60.2734,65.743,481,25653,0.0803154,0,1,1604847,1604366,481
105893461,59.0637,60.2871,480,25736,0.0501262,0.03,1,1604906,1604426,480
105934341,68.5555,76.2583,496,26866,0.237328,0.23,1,1605644,1605148,496
106494981,34.4184,33.3164,493,39173,0.210941,1,1,1613994,1613501,493
107464421,33.1699,28.1062,441,25328,0.0279843,0.13,1,1624408,1623967,441
107470261,48.0579,69.6103,443,25495,0.0392775,0.03,1,1624506,1624063,443
107499461,65.193,88.8529,486,26315,0.278185,0.09,1,1625083,1624597,486
108001701,20.9514,25.9271,482,37696,0.0948476,0.79,1,1632824,1632342,482
108171061,45.3211,32.4227,497,40819,0.770378,0.63,2,1634803,1634306,497
108173981,57.3661,42.4711,512,40871,0.794151,0.71,2,1634861,1634349,512
108384221,30.6714,32.1555,485,44437,0.092326,0.73,1,1637294,1636809,485
108387141,3.43357,30.1078,457,44484,0.0789304,0.65,1,1637296,1636839,457
108553581,32.8516,48.035,478,47108,0.793533,0.49,2,1638994,1638516,478
109232481,19.6255,45.289,458,34502,0.436372,0.35,1,1649222,1648764,458
109323001,72.4995,70.547,462,36353,0.914816,0.77,2,1650448,1649986,462
109544921,29.5679,52.7649,460,40531,0.0485139,0.07,1,1653293,1652833,460
109553681,22.9129,40.2842,443,40687,0.0263849,0.09,1,1653401,1652958,443
109582881,28.5727,40.3571,450,41203,0.0404949,0.05,1,1653714,1653264,450
109600401,28.4411,35.9198,450,41509,0.0113518,0,1,1653922,1653472,450
109603321,3.32206,28.396,424,41560,0.0105407,0.03,1,1653924,1653500,424
109606241,27.7161,28.9698,424,41611,0.0342163,0.03,1,1653953,1653529,424
109615001,29.7693,30.8074,424,41764,0.0542698,0.03,1,1654041,1653617,424
109617921,28.0885,29.0904,423,41815,0.0517079,0.07,1,1654069,1653646,423
109647121,25.8185,27.7161,422,42315,0.0455897,0.03,1,1654375,1653953,422
109655881,28.9141,29.7693,423,42465,0.0669977,0.05,1,1654464,1654041,423
109658801,27.0957,28.0885,422,42515,0.0567991,0.01,1,1654491,1654069,422
109661721,41.2548,41.3044,422,42565,0.0647196,0.05,1,1654533,1654111,422
109667561,44.2306,45.0858,423,42665,0.0763551,0.03,1,1654607,1654184,423
109670481,40.2115,41.2043,422,42714,0.0485421,0.11,1,1654647,1654225,422
109682161,29.3797,29.3865,422,42910,0.0439147,0.01,1,1654768,1654346,422
109685081,3.36899,3.36932,422,42959,0.0175659,0.07,1,1654770,1654348,422
109688001,26.7684,25.8185,423,43008,0.0490264,0.07,1,1654798,1654375,423
109708441,44.2802,29.6127,468,43351,0.0846283,0.09,1,1655030,1654562,468
109717201,28.9283,26.7106,451,43498,0.0392562,0.07,1,1655124,1654673,451
109720121,36.5964,28.8855,459,43547,0.0577025,0.07,1,1655161,1654702,459
109728881,27.7161,3.36899,450,43691,0.047613,0.07,1,1655220,1654770,450
109731801,30.8358,26.7684,453,43739,0.0610452,0.03,1,1655251,1654798,453
109737641,32.6621,27.1894,454,43835,0.0925672,0.03,1,1655310,1654856,454
109769761,29.6092,3.32149,452,44363,0.0452777,0.05,1,1655643,1655191,452
109924521,50.0799,33.4536,499,46814,0.754785,0.57,2,1657200,1656701,499
110215061,27.8566,32.7965,446,23810,0.0538514,0.03,1,1660339,1659893,446
110217981,18.4928,26.3398,438,23899,0.0215406,0,1,1660357,1659919,438
110276381,59.5659,66.6412,484,25614,0.0840128,0.11,1,1661458,1660974,484
110279301,57.1283,60.3321,481,25697,0.0636051,0.01,1,1661515,1661034,481
110288061,17.6439,28.935,439,25943,0.0182307,0.07,1,1661626,1661187,439
110293901,56.4741,64.5298,479,26106,0.0953169,0.07,1,1661750,1661271,479
110311421,16.7363,29.8778,438,26589,0.0427859,0.01,1,1662047,1661609,438
110317261,56.7093,65.4822,482,26748,0.0488457,0.11,1,1662176,1661694,482
110422381,62.5022,71.0443,512,29463,0.784212,0.61,2,1663932,1663420,512
110428221,71.4063,76.2251,525,29607,0.796274,0.71,2,1664083,1663558,525
110585901,34.4247,36.9886,488,33246,0.775181,0.96,2,1666567,1666079,488
110688101,40.4583,49.074,499,35404,0.929492,0.79,2,1668021,1667522,499
110880821,36.5976,35.705,439,39148,0.438819,0.33,1,1670538,1670099,439
110933381,47.659,45.7588,447,40109,0.758379,0.51,2,1671134,1670687,447
111207861,32.8513,41.5067,444,44785,0.220275,0.43,1,1674334,1673890,444
111584541,35.7922,41.5928,445,50496,0.229045,0.41,1,1678101,1677656,445
111984581,48.0483,78.4854,461,25716,0.754768,0.59,2,1682114,1681653,461
112002101,69.2157,86.5644,478,26206,0.937688,0.69,2,1682463,1681985,478
112153941,49.1244,63.0362,469,30121,0.0819074,0.98,1,1685197,1684728,469
112162701,41.4926,49.4198,457,30331,0.0491621,0.59,1,1685337,1684880,457
112218181,47.1258,50.6499,470,31630,0.216775,0.07,1,1686140,1685670,470
112676621,21.652,35.2494,468,40798,0.20353,0.49,1,1692361,1691893,468
112691221,41.3571,46.3039,476,41057,0.272583,0.23,1,1692532,1692056,476
112708741,35.6665,31.1426,465,41363,0.272061,0.21,1,1692736,1692271,465
112810941,53.939,32.3716,502,43113,0.763881,0.55,2,1693814,1693312,502
112851821,53.9912,33.7798,514,43793,0.941977,0.77,2,1694273,1693759,514
113108781,23.4869,25.3352,428,22342,0.43144,0.29,1,1697570,1697142,428
113140901,82.3313,67.6216,532,23365,0.764833,0.57,2,1698320,1697788,532
113281061,34.6529,42.0401,479,27380,0.431135,0.92,1,1701097,1700618,479
113286901,32.6716,39.4351,470,27534,0.295782,0.71,1,1701194,1700724,470
113307341,30.6458,34.6529,438,28068,0.237706,0.27,1,1701535,1701097,438
113383261,47.6629,45.9637,452,29966,0.780131,0.71,2,1702728,1702276,452
113593501,16.9778,35.6118,441,34681,0.260485,0.09,1,1705974,1705533,441
113613941,42.1191,43.4357,468,35106,0.293746,0.15,1,1706254,1705786,468
113721981,52.8442,44.7668,511,37269,0.933821,0.81,2,1707650,1707139,511
113936601,29.3299,32.7618,435,18937,0.0151763,0.11,1,1710612,1710177,435
113962881,84.5893,58.7137,508,19922,0.07257,0.05,1,1711292,1710784,508
113971641,32.1776,54.554,452,20239,0.0706445,0.09,1,1711460,1711008,452
113980401,78.8991,57.7858,508,20552,0.0863612,0.03,1,1711714,1711206,508
113989161,33.0817,54.5515,454,20860,0.0355271,0.09,1,1711883,1711429,454
114044641,74.101,73.2959,501,22714,0.410607,0.19,1,1713075,1712574,501
114047561,56.9051,73.0148,484,22807,0.410243,0.19,1,1713131,1712647,484
114085521,77.1031,77.0662,524,23987,0.784841,0.57,2,1713966,1713442,524
114231521,76.8554,76.1689,491,28063,0.0689394,1,1,1716808,1716317,491
114234441,35.1928,42.7584,483,28138,0.0335758,0.9,1,1716841,1716358,483
114263641,31.2496,35.1928,453,28881,0.0334251,0.05,1,1717294,1716841,453
114275321,38.2883,81.8988,458,29173,0.0750157,0.07,1,1717480,1717022,458
114287001,36.0367,73.8338,457,29462,0.0271204,0.01,1,1717686,1717229,457
114301601,40.9079,81.7657,460,29819,0.0890105,0.07,1,1717904,1717444,460
114316201,35.9888,36.0367,423,30172,0.0396859,0.03,1,1718109,1717686,423
114336641,42.9451,41.0473,428,30659,0.0556701,0.15,1,1718377,1717949,428
114354161,25.1106,24.1606,423,31071,0.033565,0,1,1718633,1718210,423
114365841,43.895,42.9451,423,31343,0.0783793,0.07,1,1718800,1718377,423
114400881,73.7799,50.6448,498,32144,0.0796224,0.07,1,1719349,1718851,498
114707481,29.1568,35.7617,494,38439,0.0243684,0.78,1,1723546,1723052,494
114716241,28.5796,28.3928,478,38604,0.0176396,0.49,1,1723627,1723149,478
114853481,62.5583,31.3662,490,41097,0.214812,0.13,1,1725178,1724688,490
114976121,71.3037,38.9716,520,43200,0.756567,0.61,2,1726506,1725986,520
114981961,26.4458,32.7774,480,43298,0.751051,0.67,2,1726565,1726085,480
114999481,28.4142,53.3831,484,43591,0.79224,0.75,2,1726742,1726258,484
115019921,34.015,71.3037,491,43927,0.948449,0.75,2,1726997,1726506,491
115215561,25.2405,31.0055,490,47036,0.0442779,0.95,1,1729103,1728613,490
115221401,24.1931,29.9075,484,47126,0.0154845,0.71,1,1729155,1728671,484
115285641,3.57511,3.66785,422,48100,0.0135381,0.01,1,1729714,1729292,422
115288561,24.8788,23.9334,423,48144,0.0354152,0.03,1,1729740,1729317,423
115297321,39.7844,35.9866,426,48276,0.0399466,0.13,1,1729846,1729420,426
115390761,41.7699,36.5897,472,49655,0.293899,0.19,1,1730700,1730228,472
115755761,102.421,132.527,475,24820,0.7876,1,2,1734563,1734088,475
116180621,32.3279,42.7004,475,34755,0.280872,0.47,1,1740983,1740508,475
116519341,25.3367,32.0398,446,41210,0.0627963,0.01,1,1745339,1744893,446
116536861,32.0919,33.8005,454,41516,0.0755308,0,1,1745532,1745078,454
116539781,3.5046,32.09,424,41567,0.0722123,0.03,1,1745534,1745110,424
116574821,38.5415,33.8387,428,42172,0.0810937,0.07,1,1745928,1745500,428
116577741,27.5771,32.0919,423,42222,0.0624375,0.07,1,1745955,1745532,423
116580661,3.27885,3.5046,423,42272,0.054975,0.09,1,1745957,1745534,423
116592341,39.6442,40.5941,423,42472,0.0725914,0.07,1,1746106,1745683,423
116606941,35.5887,37.7237,422,42721,0.0571049,0.05,1,1746255,1745833,422
116612781,28.9215,29.8293,422,42819,0.0463368,0.11,1,1746311,1745889,422
116615701,41.3461,38.5415,425,42868,0.0485347,0.05,1,1746353,1745928,425
116618621,24.8673,27.5771,422,42917,0.0254139,0.05,1,1746377,1745955,422
116630301,52.8821,29.5122,477,43113,0.0834506,0.05,1,1746491,1746014,477
116671181,53.9746,31.6429,480,43793,0.226436,0.11,1,1746917,1746437,480
117097501,3.46962,31.2479,427,23997,0.0822659,0.07,1,1751727,1751300,427
117103341,46.2262,45.2981,429,24173,0.235163,0.15,1,1751864,1751435,429
117106261,56.4613,54.5149,431,24261,0.244065,0.03,1,1751921,1751490,431
117117941,34.2912,31.3924,427,24608,0.0570801,0.09,1,1752152,1751725,427
117129621,55.4805,56.4613,432,24951,0.0951093,0.23,1,1752353,1751921,432
117141301,35.2197,34.2912,423,25289,0.0552828,0.07,1,1752575,1752152,423
117144221,3.66099,3.61456,423,25373,0.0281131,0.01,1,1752577,1752154,423
117150061,46.5117,4.75904,466,25540,0.0488981,0.05,1,1752720,1752254,466
117152981,58.3756,41.088,482,25623,0.0855592,0.13,1,1752779,1752297,482
117167581,3.64663,35.2197,423,26034,0.0338329,0.01,1,1752998,1752575,423
117173421,50.3116,94.233,469,26196,0.0666133,0.07,1,1753145,1752676,469
117488781,33.0625,38.7605,465,33820,0.06623,0.73,1,1758337,1757872,465
117497541,22.2413,28.2531,442,34007,0.0567987,0.27,1,1758428,1757986,442
117535501,44.1855,28.6621,468,34807,0.0848156,0.01,1,1758925,1758457,468
117561781,25.0864,26.8252,447,35350,0.065846,0.07,1,1759275,1758828,447
117567621,43.3352,28.7096,470,35470,0.0765354,0.09,1,1759350,1758880,470
117672741,44.3806,31.6138,474,37555,0.282115,0.17,1,1760633,1760159,474
117690261,73.3956,41.9641,506,37891,0.403958,0.29,1,1760862,1760356,506
117970581,14.6196,21.5917,480,42910,0.0783858,0.91,1,1764262,1763782,480
118043581,63.105,27.1454,487,44123,0.09587,0.03,1,1765046,1764559,487
118084461,27.1977,27.1003,425,44787,0.034482,0.13,1,1765406,1764981,425
118131181,69.8074,65.9599,427,45536,0.0497099,0.11,1,1765901,1765474,427
118547281,95.4621,85.6246,512,23451,0.2212,1,1,1770026,1769514,512
118556041,59.1423,54.6737,493,23721,0.0724768,0.61,1,1770204,1769711,493
118667001,88.1982,70.0264,541,26906,0.770396,0.71,2,1772300,1771759,541
118815921,38.3779,53.0585,487,30660,0.4134,1,1,1774850,1774363,487
118836361,33.8411,40.253,450,31140,0.200415,0.53,1,1775198,1774748,450
118883081,44.4921,55.7035,472,32211,0.203691,0.09,1,1775845,1775373,472
119210121,33.0178,32.1328,423,38878,0.0907826,0.03,1,1780271,1779848,423
119218881,28.3901,30.2401,423,39040,0.0449301,0.07,1,1780367,1779944,423
119224721,52.416,48.6206,427,39148,0.0683888,0.13,1,1780462,1780035,427
119429121,58.7699,58.7696,457,42760,0.916956,0.69,2,1782765,1782308,457
119432041,4.83849,4.83848,457,42809,0.912782,0.77,2,1782767,1782310,457
119434961,28.7419,25.8919,460,42858,0.947113,0.81,2,1782797,1782337,460
119671481,18.8236,15.7667,443,46677,0.228472,0.09,1,1785369,1784926,443
119674401,33.2412,18.8383,458,46722,0.253389,0.05,1,1785403,1784945,458
119706521,34.5236,28.2235,463,47217,0.296802,0.15,1,1785741,1785278,463
119826241,34.6883,44.9115,487,49012,0.783534,0.71,2,1786870,1786383,487
119829161,26.4344,32.6456,481,49055,0.775414,0.69,2,1786896,1786415,481
119835001,32.7461,47.8666,486,49141,0.787666,0.71,2,1786976,1786490,486
120259861,25.8661,27.8375,465,28151,0.0669823,0.77,1,1792544,1792079,465
120262781,34.5433,34.6419,465,28226,0.0687929,0.65,1,1792579,1792114,465
120265701,21.6772,32.1321,454,28301,0.0575172,0.49,1,1792600,1792146,454
120274461,78.2756,53.3655,512,28525,0.0600811,0.21,1,1792782,1792270,512
120286141,25.8608,42.3211,446,28821,0.0131061,0.07,1,1792965,1792519,446
120297821,47.4097,55.2339,470,29113,0.0793915,0.09,1,1793127,1792657,470
121334421,91.6118,70.8616,499,21997,0.21959,0.73,1,1806132,1805633,499
121346101,47.9997,64.7415,456,22380,0.0984055,0.09,1,1806395,1805939,456
121378221,81.0122,65.9954,507,23401,0.292355,0.07,1,1807061,1806554,507
121772421,46.311,51.1129,488,33468,0.0601658,1,1,1813984,1813496,488
121775341,38.4156,38.6556,488,33531,0.0420663,1,1,1814022,1813534,488
121778261,32.3208,32.3328,488,33594,0.0348265,1,1,1814054,1813566,488
122347661,54.0913,33.2886,520,44189,0.922,1,2,1821117,1820597,520
122400221,12.6733,26.7683,470,45040,0.099985,0.72,1,1821683,1821213,470
122414821,9.95332,15.8585,439,45275,0.0950174,0.31,1,1821775,1821336,439
122464461,36.5641,31.781,463,46059,0.211362,0.21,1,1822271,1821808,463
122540381,27.6135,19.321,455,47236,0.209107,0.13,1,1823019,1822564,455
122543301,29.8807,27.566,457,47281,0.233643,0.15,1,1823049,1822592,457
122703901,40.18,42.6459,497,49673,0.923684,0.75,2,1824563,1824066,497
122715581,21.0848,41.4106,484,49841,0.914286,0.87,2,1824733,1824249,484
123003201,73.802,48.9959,528,26119,0.929964,0.69,2,1828295,1827767,528
123152121,36.7981,35.1975,515,29974,0.0512827,1,1,1831011,1830496,515
123178401,31.275,32.9623,422,30603,0.034533,0,1,1831396,1830974,422
123193001,73.0804,74.1207,422,30948,0.0555056,0.03,1,1831645,1831223,422
123222201,78.7781,74.608,500,31624,0.057824,0.09,1,1832072,1831572,500
123242641,33.9886,36.707,455,32089,0.0568557,0.03,1,1832310,1831855,455
123245561,27.3494,33.1853,449,32155,0.0407423,0.01,1,1832337,1831888,449
123254321,29.8287,78.7781,454,32353,0.0446075,0.15,1,1832526,1832072,454
123306881,3.3098,3.45004,425,33509,0.041869,0.13,1,1833159,1832734,425
123309801,25.8155,23.9225,427,33572,0.0467476,0,1,1833186,1832759,427
123350681,31.764,84.2682,450,34444,0.0964431,0.01,1,1833795,1833345,450
123382801,32.8281,84.2797,454,35113,0.278544,0.09,1,1834220,1833766,454
123741961,29.58,33.2902,453,41868,0.0613254,0.57,1,1838722,1838269,453
123750721,20.6448,24.9274,436,42018,0.0483248,0.19,1,1838825,1838389,436
123765321,7.22485,5.42545,424,42268,0.0343348,0.05,1,1838956,1838532,424
123774081,34.4123,32.6522,424,42418,0.0686774,0.03,1,1839043,1838619,424
123782841,30.5254,29.58,423,42568,0.0223954,0.05,1,1839145,1838722,423
123788681,55.6513,51.8964,426,42668,0.0959833,0.03,1,1839232,1838806,426
123914241,66.1909,62.4408,431,44743,0.430224,0.19,1,1840516,1840085,431
123917161,18.5095,18.322,431,44790,0.43009,0.21,1,1840532,1840101,431
123998921,32.0088,30.2789,478,46090,0.782569,0.55,2,1841337,1840859,478
124001841,64.3004,31.9139,512,46136,0.799028,0.51,2,1841403,1840891,512
124045641,64.3531,32.0088,527,46816,0.933747,0.81,2,1841864,1841337,527
124051481,42.7209,18.415,505,46906,0.9306,0.85,2,1841924,1841419,505
124054401,43.936,40.8207,507,46951,0.94224,0.89,2,1841968,1841461,507
124334721,13.1338,39.8543,433,23988,0.0536628,0.07,1,1844969,1844536,433
124390201,57.5051,81.7729,496,25614,0.404588,0.41,1,1846005,1845509,496
125254521,52.5701,77.6501,478,20761,0.228573,0.17,1,1858889,1858411,478
125330441,92.3467,129.332,541,23271,0.90266,0.65,2,1860518,1859977,541
125461841,28.4089,35.0654,506,27065,0.796317,1,2,1863141,1862635,506
125502721,24.4689,28.3348,430,28140,0.246928,0.15,1,1863892,1863462,430
125505641,42.0734,42.2667,430,28215,0.284771,0.15,1,1863935,1863505,430
125575721,112.289,112.023,458,29963,0.793441,0.73,2,1865072,1864614,458
125736321,24.9651,29.7315,456,33625,0.0538272,0.69,1,1867586,1867130,456
125742161,23.3374,29.3343,444,33751,0.0458123,0.39,1,1867639,1867195,444
125753841,19.0753,20.5081,425,34001,0.0347248,0.09,1,1867760,1867335,425
125771361,30.6056,23.8108,452,34373,0.077405,0.03,1,1868038,1867586,452
125780121,32.0236,51.5167,452,34557,0.0987939,0.05,1,1868144,1867692,452
125800561,26.865,25.2493,450,34984,0.0966376,0.09,1,1868434,1867984,450
125823921,86.7851,82.6991,513,35464,0.297182,0.15,1,1868782,1868269,513
126159721,81.0302,69.3087,503,19314,0.264189,0.51,1,1873194,1872691,503
126349521,26.6003,44.9741,489,25482,0.212065,1,1,1877444,1876955,489
126463401,60.9382,151.096,511,28545,0.781164,0.71,2,1879461,1878950,511
126588961,28.3399,41.9142,507,31575,0.77896,1,2,1881558,1881051,507
126624001,21.7321,36.567,480,32370,0.42034,0.63,1,1882075,1881595,480
126720361,22.8743,37.5369,485,34460,0.905804,0.87,2,1883434,1882949,485
126872201,38.2674,38.1869,518,37515,0.944414,1,2,1885628,1885110,518
127076601,35.1172,35.397,480,41269,0.771624,0.45,2,1888230,1887750,480
127079521,26.4559,34.0698,472,41320,0.77065,0.47,2,1888256,1887784,472
127082441,10.8228,28.3035,454,41371,0.77026,0.47,2,1888266,1887812,454
127091201,47.4634,37.1723,494,41524,0.782017,0.59,2,1888376,1887882,494
127269321,57.6539,60.956,501,44519,0.90232,1,2,1890419,1889918,501
127564241,38.8141,37.4572,446,22910,0.0674215,0,1,1893633,1893187,446
127599281,2.71336,16.1249,426,23997,0.0455107,0.07,1,1894281,1893855,426
127648921,87.5359,82.7858,428,25457,0.0986593,0.11,1,1895220,1894792,428
127669361,2.72036,16.3599,424,26034,0.0310863,0.07,1,1895550,1895126,424
127675201,70.2118,87.5359,497,26196,0.0541738,0.17,1,1895717,1895220,497
128773121,55.3733,62.2316,454,22189,0.03088,0.03,1,1910383,1909929,454
128784801,25.5519,15.2225,438,22569,0.0239745,0,1,1910588,1910150,438
128790641,60.9589,85.9656,481,22757,0.0722359,0.01,1,1910749,1910268,481
128793561,57.1979,61.2983,478,22850,0.0288944,0,1,1910806,1910328,478
128822761,35.0477,57.713,456,23762,0.0284196,0.11,1,1911410,1910954,456
128825681,23.6024,31.3857,449,23851,0.0113678,0,1,1911433,1910984,449
128887001,91.7732,51.4433,515,25653,0.0280748,0,1,1912589,1912074,515
128942481,37.0624,37.0848,423,27180,0.0258428,0.03,1,1913525,1913102,423
128948321,100.033,100.033,423,27336,0.0533349,0.03,1,1913653,1913230,423
128954161,58.2951,58.2951,423,27490,0.0433336,0.05,1,1913716,1913293,423
128989201,82.8853,79.0805,429,28401,0.213821,0.19,1,1914284,1913855,429
129984921,2.89514,21.9478,423,47415,0.057769,0.03,1,1927161,1926738,423
129999521,31.6203,31.5755,424,47635,0.0640572,0.03,1,1927319,1926895,424
130017041,16.6926,17.6402,423,47899,0.0343289,0.03,1,1927466,1927043,423
130022881,41.0342,38.0916,428,47987,0.0906926,0.11,1,1927531,1927103,428
130034561,34.3373,34.3448,422,48163,0.0870417,0.03,1,1927619,1927197,422
130069601,44.7437,41.0342,426,48686,0.250612,0.15,1,1927957,1927531,426
130506141,287.718,337.453,449,24820,0.2596,0.23,1,1932386,1931937,449
130535341,20.0043,17.2786,433,25633,0.059536,0.09,1,1932507,1932074,433
130549941,62.8512,55.6377,460,26044,0.0688752,0.13,1,1932788,1932328,460
130675501,62.9624,63.2982,510,29337,0.772587,0.53,2,1934905,1934395,510
130795221,79.6967,73.3883,556,32161,0.779263,1,2,1936875,1936319,556
130809821,23.4004,30.885,503,32489,0.44166,1,1,1937075,1936572,503
131078461,22.1684,28.4518,485,38011,0.0456753,0.93,1,1940799,1940314,485
131084301,30.2179,38.2136,488,38122,0.049308,0.65,1,1940864,1940376,488
131250741,47.837,42.8365,498,41159,0.916448,0.59,2,1942831,1942333,498
131490181,39.4087,40.4487,452,45169,0.910797,0.61,2,1945519,1945067,452
131814301,86.9957,85.1002,456,24348,0.945311,0.71,2,1949526,1949070,456
131957381,58.763,66.5677,443,28297,0.447594,0.37,1,1952242,1951799,443
132202661,30.8034,36.424,432,34007,0.0230052,0.01,1,1956166,1955734,432
132214341,30.1442,30.1995,422,34255,0.0208929,0.03,1,1956341,1955919,422
132234781,30.7492,65.0688,450,34685,0.0512257,0.01,1,1956587,1956137,450
132284421,3.77584,35.7072,425,35707,0.0297165,0.07,1,1957223,1956798,425
132304861,60.5259,62.3759,429,36120,0.212864,0.07,1,1957503,1957074,429
132316541,40.2666,37.5167,425,36353,0.0616573,0.03,1,1957646,1957221,425
132319461,3.91333,3.77584,425,36411,0.0306629,0.13,1,1957648,1957223,425
132325301,26.2773,26.1819,427,36527,0.0421061,0.19,1,1957707,1957280,427
132328221,39.3139,36.4591,430,36585,0.0708424,0.19,1,1957747,1957317,430
132377861,42.8768,59.5309,467,37555,0.216633,0.13,1,1958400,1957933,467
132526781,46.0202,62.5093,504,40323,0.94675,0.81,2,1960204,1959700,504
133014421,26.1209,58.6433,501,28810,0.29486,1,1,1968625,1968124,501
133029021,25.6072,38.3993,479,29175,0.0826514,0.57,1,1968903,1968424,479
133049461,58.801,75.3053,480,29679,0.0917835,0.03,1,1969264,1968784,480
133052381,38.09,58.8653,459,29750,0.0667134,0.09,1,1969301,1968842,459
133055301,27.5545,37.1433,450,29821,0.0446854,0.09,1,1969328,1968878,450
133058221,3.27773,25.6072,427,29892,0.0358741,0.13,1,1969330,1968903,427
133125381,58.9384,56.8579,495,31480,0.44575,0.33,1,1970324,1969829,495
133166261,60.3855,67.6616,506,32408,0.784695,0.55,2,1971006,1970500,506
133335621,38.8467,34.183,489,35997,0.753136,1,2,1973445,1972956,489
133373581,25.4439,33.2923,447,36754,0.0757454,0.43,1,1973925,1973478,447
133379421,19.3486,29.1532,431,36868,0.0637193,0.25,1,1973970,1973539,431
133408621,26.4388,33.8774,449,37438,0.0962486,0.09,1,1974349,1973900,449
133464101,36.2621,45.0862,460,38495,0.208337,0.05,1,1974981,1974521,460
133469941,61.3182,66.4702,485,38605,0.226534,0.11,1,1975111,1974626,485
133583821,61.4229,69.5059,508,40684,0.760265,0.57,2,1976440,1975932,508
133807201,59.0748,64.2504,430,21167,0.402835,0.19,1,1979482,1979052,430
133810121,112.204,111.513,431,21267,0.431134,0.25,1,1979597,1979166,431
134020361,62.3304,64.3306,428,27531,0.211001,0.13,1,1983906,1983478,428
134119641,132.344,131.461,458,30034,0.923439,0.79,2,1985532,1985074,458
134291921,24.8181,28.7232,427,33939,0.202086,0.19,1,1988164,1987737,427
134297761,33.0745,31.2793,427,34063,0.225534,0.07,1,1988213,1987786,427
134373681,41.9118,39.2324,491,35643,0.764321,0.59,2,1989276,1988785,491
135045281,101.181,61.8012,553,22720,0.788796,0.61,2,1997873,1997320,553
135065721,101.229,66.6242,563,23365,0.90462,0.79,2,1998333,1997770,563
135173761,32.8142,35.9066,506,26514,0.0662095,1,1,2000532,2000026,506
135188361,73.0967,44.0968,510,26911,0.07695,0.01,1,2000803,2000293,510
135197121,29.0364,29.2845,423,27146,0.0368448,0.07,1,2000922,2000499,423
135229241,58.5922,55.7426,425,27992,0.0902686,0.11,1,2001436,2001011,425
135240921,73.2986,71.2537,431,28293,0.251959,0.23,1,2001659,2001228,431
135243841,5.56493,5.46268,431,28368,0.238784,0.23,1,2001661,2001230,431
135249681,24.9039,83.6137,449,28517,0.265005,0.13,1,2001767,2001318,449
135270121,5.57004,73.2986,434,29032,0.232171,0.23,1,2002093,2001659,434
135275961,24.9989,80.0782,456,29178,0.263947,0.27,1,2002201,2001745,456
135302241,25.0939,81.9785,456,29824,0.425489,0.27,1,2002635,2002179,456
135357721,88.6429,84.8333,458,31144,0.934246,0.77,2,2003514,2003056,458
135550441,16.7352,30.597,446,35346,0.248389,0.17,1,2006368,2005922,446
135565041,33.9855,32.6695,466,35645,0.273676,0.21,1,2006529,2006063,466
135678921,69.027,50.5372,521,37888,0.910228,0.67,2,2007989,2007468,521
135956321,33.5452,33.4881,462,42860,0.902446,0.81,2,2011360,2010898,462
136213281,22.5931,28.6205,432,21861,0.0350022,0.03,1,2014444,2014012,432
136248321,86.837,67.4613,510,22999,0.0655913,0.01,1,2015234,2014724,510
136254161,21.6871,33.8462,443,23183,0.0644946,0.03,1,2015287,2014844,443
136260001,75.3417,59.0796,501,23365,0.0883191,0.13,1,2015428,2014927,501
136484841,105.249,61.0462,581,29539,0.9052,1,2,2019603,2019022,581
136519881,31.9664,37.7881,454,30387,0.756474,0.63,2,2020163,2019709,454
136522801,41.4983,38.9394,457,30457,0.76459,0.67,2,2020205,2019748,457
136943281,27.1906,35.8458,449,39204,0.239773,0.53,1,2026223,2025774,449
137305361,76.4559,107.274,483,20852,0.253994,0.55,1,2030635,2030152,483
137311201,28.5011,67.0532,452,21055,0.212239,0.39,1,2030737,2030285,452
137372521,28.9311,80.77,478,23078,0.758594,0.63,2,2032064,2031586,478
137384201,89.7089,104.983,541,23443,0.937804,0.71,2,2032332,2031791,541
137474721,38.6924,102.375,517,26098,0.9328,1,2,2034172,2033655,517
137489321,31.1338,30.6745,507,26501,0.789753,1,2,2034453,2033946,507
137705401,43.4001,73.4408,513,31877,0.94816,1,2,2038087,2037574,513
137711241,22.5285,29.5386,500,32009,0.925706,1,2,2038141,2037641,500
137772561,20.5371,19.5893,455,33370,0.916678,0.71,2,2039062,2038607,455
137775481,33.3269,31.3795,457,33433,0.948671,0.71,2,2039096,2038639,457
138207641,9.14781,9.10531,454,41759,0.787523,0.65,2,2044751,2044297,454
138216401,24.675,24.58,456,41910,0.901682,0.71,2,2044861,2044405,456
138219321,44.9338,43.979,457,41960,0.930673,0.71,2,2044907,2044450,457
138450001,28.4137,31.3615,455,45762,0.795977,0.63,2,2047538,2047083,455
138485041,33.4557,41.0198,492,46314,0.902276,0.83,2,2047874,2047382,492
138730321,18.8331,34.8021,490,49990,0.0146679,0.91,1,2050441,2049951,490
139442801,64.6882,55.9143,514,28759,0.760612,0.65,2,2057343,2056829,514
140095421,36.9756,41.055,446,22230,0.298381,0.23,1,2068276,2067830,446
140133381,37.5541,47.9399,484,23440,0.779136,0.57,2,2069121,2068637,484
140276461,18.8444,24.2887,477,27519,0.052043,1,1,2071967,2071490,477
140314421,93.9232,74.1633,519,28503,0.0871981,0.09,1,2072621,2072102,519
140320261,59.9423,39.8004,486,28651,0.0871517,0.05,1,2072719,2072233,486
140329021,23.4796,31.7397,446,28873,0.0706177,0.05,1,2072817,2072371,446
140346541,60.8519,39.8462,487,29310,0.225764,0.07,1,2073145,2072658,487
141257581,31.1203,35.6457,480,46674,0.209778,0.47,1,2084904,2084424,480
141622581,58.193,67.6161,490,23899,0.901752,0.81,2,2088717,2088227,490
141710181,93.8013,74.5534,560,26429,0.946,1,2,2090497,2089937,560
141716021,81.0795,60.0839,545,26589,0.94216,1,2,2090622,2090077,545
141800701,39.2251,37.0186,508,28809,0.906228,1,2,2092126,2091618,508
141847421,23.1012,28.9175,454,29962,0.771484,0.67,2,2092873,2092419,454
141999261,48.2521,43.5079,497,33436,0.937824,1,2,2095350,2094853,497
142002181,34.7126,36.3754,495,33499,0.92113,1,2,2095384,2094889,495
142005101,25.4856,33.1688,487,33562,0.902452,0.96,2,2095409,2094922,487
142043061,39.8302,36.1637,503,34373,0.91456,0.79,2,2095950,2095447,503
142203661,31.884,34.9154,502,37606,0.051823,1,1,2098233,2097731,502
142218261,29.6827,28.7225,498,37886,0.00987147,1,1,2098393,2097895,498
142224101,56.4092,32.0393,517,37998,0.0387794,0.69,1,2098477,2097960,517
142238701,29.8603,29.6798,455,38275,0.0349283,0.03,1,2098656,2098201,455
142241621,34.743,31.884,458,38330,0.0559713,0.03,1,2098691,2098233,458
142253301,29.6395,23.6544,452,38550,0.0126649,0.01,1,2098815,2098363,452
142343821,55.1479,34.3405,481,40215,0.0888566,0.09,1,2099841,2099360,481
142381781,58.8553,38.9579,482,40892,0.209542,0.11,1,2100267,2099785,482
143165801,20.2457,32.9332,439,24699,0.0419091,0.03,1,2108559,2108120,439
143218361,92.95,35.2453,518,26200,0.254903,0.13,1,2109536,2109018,518
143679721,27.137,31.3017,456,36819,0.0751065,0.57,1,2116750,2116294,456
143714761,25.3321,29.7392,449,37502,0.0353836,0.07,1,2117172,2116723,449
143743961,45.7301,59.564,467,38062,0.0402327,0.05,1,2117540,2117073,467
143776081,3.55221,33.0443,424,38668,0.034562,0.03,1,2117858,2117434,424
143790681,36.4193,39.217,424,38940,0.0487859,0.03,1,2118058,2117634,424
143808201,51.9316,52.8839,424,39264,0.0525678,0.03,1,2118248,2117824,424
143811121,32.9966,33.0442,424,39318,0.0510271,0.03,1,2118280,2117856,424
143814041,3.54983,3.55221,424,39372,0.0504109,0.05,1,2118282,2117858,424
143857841,44.7539,57.9589,467,40169,0.244144,0.09,1,2118810,2118343,467
144198021,480.191,524.417,470,20440,0.409382,0.79,1,2122683,2122213,470
144206781,58.6964,84.7984,464,20750,0.0638805,0.09,1,2122881,2122417,464
144212621,53.1567,72.887,449,20954,0.0354209,0.05,1,2123047,2122598,449
144215541,34.0078,52.0944,431,21055,0.0321683,0.07,1,2123080,2122649,431
144256421,33.8198,33.9172,422,22424,0.0299048,0.07,1,2123924,2123502,422
144265181,76.3605,62.7731,500,22707,0.0607139,0.09,1,2124097,2123597,500
144285621,79.3055,64.2096,503,23352,0.0813443,0.07,1,2124523,2124020,503
144306061,81.1598,66.1091,505,23980,0.271604,0.09,1,2124948,2124443,505
144478341,83.5123,66.3864,553,28728,0.7876,1,2,2128169,2127616,553
144501701,55.142,21.9214,527,29313,0.289653,0.94,1,2128554,2128027,527
145050661,77.8933,123.531,533,40682,0.916,1,2,2136255,2135722,533
145065261,34.5511,32.8741,525,40942,0.763258,1,2,2136407,2135882,525
145100301,3.02907,26.4435,464,41555,0.420564,0.83,1,2136810,2136346,464
145190821,32.9369,30.4692,482,43101,0.794133,0.63,2,2137794,2137312,482
145211261,76.8471,72.8956,531,43444,0.916216,0.75,2,2138079,2137548,531
145468221,39.9211,38.1639,511,23091,0.90424,1,2,2141729,2141218,511
145617141,39.8165,28.977,508,27380,0.9028,1,2,2144730,2144222,508
145631741,31.1473,27.1233,496,27764,0.215405,1,1,2144996,2144500,496
145815701,63.3697,31.3932,512,32213,0.785947,0.61,2,2147856,2147344,512
146052221,34.0187,30.2706,451,37155,0.751976,0.61,2,2151209,2150758,451
146069741,37.1439,36.9826,491,37496,0.900486,0.73,2,2151444,2150953,491
146303341,22.9955,30.381,471,41763,0.0606703,0.89,1,2154383,2153912,471
146344221,21.2734,22.9955,424,42464,0.0207976,0.03,1,2154807,2154383,424
146355901,40.5156,37.711,425,42664,0.0273644,0.07,1,2154959,2154534,425
146390941,41.0455,41.9135,462,43252,0.0296015,0.03,1,2155312,2154850,462
147513681,63.8995,41.9873,512,29330,0.766323,0.55,2,2166744,2166232,512
147516601,63.995,62.8994,512,29402,0.780529,0.55,2,2166808,2166296,512
147858241,34.183,39.0829,476,36875,0.0851279,0.79,1,2172008,2171532,476
147869921,27.3594,29.2677,461,37103,0.0493633,0.69,1,2172159,2171698,461
147884521,31.0784,36.371,480,37388,0.0631647,0.55,1,2172312,2171832,480
147904961,27.3593,34.1876,448,37781,0.0411719,0.05,1,2172580,2172132,448
147934161,37.7803,51.7991,459,38337,0.0429569,0.03,1,2172941,2172482,459
147937081,36.089,37.74,458,38392,0.0351827,0.07,1,2172977,2172519,458
147940001,25.5545,34.187,449,38447,0.0320731,0.03,1,2173002,2172553,449
147945841,30.3689,35.568,454,38557,0.0591317,0.07,1,2173070,2172616,454
147977961,25.554,25.5545,423,39155,0.0387148,0.05,1,2173425,2173002,423
147980881,39.2777,37.3777,425,39209,0.0574859,0.07,1,2173465,2173040,425
148021761,30.5091,31.4139,422,39956,0.0383643,0.01,1,2173918,2173496,422
148059721,32.2617,40.1817,453,40637,0.225269,0.01,1,2174341,2173888,453
148483121,71.026,84.6789,509,23636,0.403129,0.33,1,2179879,2179370,509
149243781,43.5448,53.9022,442,18824,0.0496339,0.05,1,2191800,2191358,442
149261301,42.5993,43.5448,424,19490,0.0346116,0.03,1,2192224,2191800,424
149275901,72.8837,91.7132,493,20028,0.0632632,0.05,1,2192604,2192111,493
149278821,43.5442,72.9857,463,20134,0.0433053,0.03,1,2192646,2192183,463
149281741,39.2272,42.5993,461,20239,0.0173221,0.03,1,2192685,2192224,461
149296341,43.3471,72.8837,464,20758,0.054043,0.03,1,2193068,2192604,464
149299261,38.2674,43.5442,460,20860,0.0396172,0,1,2193106,2192646,460
149407301,135.946,131.206,461,24338,0.941713,0.79,2,2195451,2194990,461
149509501,46.0772,47.3137,460,27218,0.288083,0.53,1,2197395,2196935,460
149710981,52.2803,88.4182,528,32144,0.946,1,2,2200769,2200241,528
149713901,48.214,60.4709,517,32210,0.9004,1,2,2200817,2200300,517
149731421,30.3231,33.2368,504,32602,0.0737392,1,1,2201079,2200575,504
149748941,25.8597,29.9607,458,32989,0.0133792,0.67,1,2201304,2200846,458
149833621,71.9763,36.4689,495,34800,0.0301143,0.05,1,2202456,2201961,495
150992861,176.926,193.879,640,14013,0.034407,0.09,1,2219176,2218536,640
151001621,176.411,33.45,605,14463,0.033162,0.05,1,2219421,2218816,605
151024981,31.1519,31.2248,422,15599,0.0291411,0.01,1,2220080,2219658,422
151027901,180.158,178.261,424,15735,0.0416565,0.03,1,2220268,2219844,424
151039581,30.1092,31.1519,422,16269,0.0349064,0.05,1,2220502,2220080,422
151042501,180.105,180.158,422,16400,0.0559626,0.05,1,2220690,2220268,422
151045421,10.9053,10.9079,422,16529,0.040385,0.07,1,2220692,2220270,422
151057101,181.006,29.7086,610,17037,0.0852738,0.07,1,2221112,2220502,610
151062941,173.448,10.9043,604,17286,0.0676438,0.15,1,2221296,2220692,604
151077541,175.34,10.9503,607,17891,0.257368,0.07,1,2221721,2221114,607
151147621,190.571,11.2817,657,20549,0.941472,0.75,2,2223522,2222865,657
151559341,53.4636,5.21691,494,32012,0.429318,0.39,1,2231272,2230778,494
151562261,87.2232,51.5608,529,32078,0.429727,0.37,1,2231361,2230832,529
151792941,41.3864,35.8519,491,36924,0.286818,1,1,2234684,2234193,491
151822141,19.4492,34.9832,471,37493,0.0497632,0.67,1,2235002,2234531,471
151845501,15.8226,28.65,440,37941,0.0473836,0.03,1,2235309,2234869,440
151868861,41.3674,29.3004,465,38384,0.0896702,0.05,1,2235605,2235140,465
151883461,2.6935,15.8226,425,38659,0.0416702,0.09,1,2235734,2235309,425
151886381,21.0347,20.7411,426,38714,0.0586681,0,1,2235756,2235330,426
151918501,15.8699,15.87,424,39309,0.0418027,0.03,1,2236156,2235732,424
151933101,22.3847,20.4918,424,39578,0.0625881,0.05,1,2236276,2235852,424
151973981,76.1692,22.3821,502,40319,0.202295,0.13,1,2236778,2236276,502
152011941,79.0195,22.3849,511,40995,0.274635,0.23,1,2237210,2236699,511
152359421,35.873,19.3644,500,46721,0.0845319,0.71,1,2241043,2240543,500
153409161,59.3645,28.383,508,31837,0.792676,0.53,2,2252182,2251674,508
153622321,27.2861,26.3884,423,36365,0.0565224,0.01,1,2255265,2254842,423
153625241,3.2643,3.21942,423,36423,0.040609,0.05,1,2255267,2254844,423
153642761,36.9778,37.9183,425,36771,0.214755,0.15,1,2255499,2255074,425
153645681,72.1489,68.3959,429,36828,0.223902,0.13,1,2255573,2255144,429
153651521,24.5954,27.436,426,36942,0.205024,0.09,1,2255631,2255205,426
153680721,72.2492,36.9778,506,37510,0.228132,0.23,1,2256005,2255499,506
154022361,101.591,81.5735,517,19818,0.9028,0.99,2,2260122,2259605,517
154034041,92.7386,67.9186,507,20242,0.902232,0.85,2,2260477,2259970,507
154042801,135.878,77.1722,600,20555,0.925103,0.95,2,2260722,2260122,600
154133321,100.661,38.8078,582,23543,0.0882515,1,1,2262849,2262267,582
154142081,31.0325,33.1575,501,23812,0.0246081,0.76,1,2262952,2262451,501
154145001,97.5016,34.9079,567,23901,0.0278432,0.47,1,2263053,2262486,567
154220921,60.1858,6.76592,484,26108,0.0268646,0.07,1,2264384,2263900,484
154226761,104.413,54.1669,532,26270,0.0438983,0.07,1,2264546,2264014,532
155085241,29.345,49.3523,470,20347,0.0328618,0.69,1,2276695,2276225,470
155096921,71.2883,128.748,490,20761,0.0822013,0.03,1,2277034,2276544,490
155099841,54.8644,71.9874,475,20863,0.0508805,0.05,1,2277088,2276613,475
155102761,30.2932,54.8994,450,20965,0.0203522,0.01,1,2277117,2276667,450
155161161,51.8303,66.6927,479,22903,0.297062,0.17,1,2278369,2277890,479
155164081,31.0915,50.8346,459,22996,0.292825,0.23,1,2278399,2277940,459
155175761,117.242,100.756,554,23362,0.4478,0.31,1,2278689,2278135,554
155350961,46.7169,53.3253,479,28290,0.0496672,1,1,2282093,2281614,479
155380161,34.6809,46.7169,456,29029,0.0243741,0,1,2282549,2282093,456
155394761,38.0747,59.261,461,29392,0.0974304,0.01,1,2282744,2282283,461
155406441,32.7404,47.619,455,29679,0.0429582,0.01,1,2282970,2282515,455
155412281,29.6269,40.684,451,29821,0.0200733,0.05,1,2283041,2282590,451
155415201,3.38134,27.6842,426,29892,0.0140293,0.15,1,2283043,2282617,426
155418121,32.4691,29.8842,430,29963,0.0476117,0.11,1,2283077,2282647,430
155444401,3.33372,3.38134,422,30592,0.0254201,0.07,1,2283465,2283043,422
155447321,33.4167,32.4691,423,30661,0.088168,0.13,1,2283500,2283077,423
155464841,29.9807,31.7951,422,31073,0.0874427,0.05,1,2283815,2283393,422
155514481,85.2812,33.3858,515,32211,0.233092,0.11,1,2284533,2284018,515
156140821,88.3824,113.08,535,20658,0.750568,0.51,2,2292953,2292418,535
156313101,48.7034,92.4698,524,26027,0.299859,1,1,2296709,2296185,524
156327701,23.7544,39.2727,493,26431,0.0566482,0.81,1,2296976,2296483,493
156333541,69.9794,63.3682,519,26591,0.0726637,0.37,1,2297099,2296580,519
156605101,25.0425,30.1808,462,33182,0.0596831,0.69,1,2301515,2301053,462
156634301,22.2312,25.8508,422,33814,0.0372477,0.05,1,2301912,2301490,422
156640141,28.8406,29.7521,422,33939,0.0527596,0.03,1,2301967,2301545,422
156648901,47.1426,44.3355,426,34125,0.0991366,0.13,1,2302074,2301648,426
156730661,101.516,101.534,431,35820,0.411979,0.19,1,2303174,2302743,431
157742441,475.321,531.715,471,23360,0.442,0.96,1,2314363,2313892,471
157757041,37.5478,62.6251,446,24527,0.0671469,0.17,1,2314701,2314255,446
157765801,10.3146,13.5168,429,24785,0.0606974,0.03,1,2314786,2314357,429
157797921,66.0807,66.6913,488,25710,0.0841231,0.01,1,2315443,2314955,488
157806681,58.1245,39.545,483,25956,0.0641839,0.11,1,2315612,2315129,483
157821281,62.3258,67.6135,489,26362,0.205646,0.05,1,2315866,2315377,489
157926401,68.2756,69.7073,527,29113,0.916372,0.79,2,2317647,2317120,527
158078241,43.493,35.7744,509,32678,0.425231,1,1,2320155,2319646,509
158087001,25.8787,31.5777,465,32872,0.422975,0.89,1,2320238,2319773,465
158160001,34.0753,55.3411,485,34444,0.92921,0.69,2,2321248,2320763,485
158419881,31.4159,32.0861,484,39533,0.0479816,0.99,1,2324816,2324332,484
158434481,21.7066,29.1725,450,39798,0.0202193,0.39,1,2324992,2324542,450
158460761,31.0138,31.412,453,40274,0.0255065,0.05,1,2325269,2324816,453
158466601,37.65,50.0485,458,40378,0.070081,0.01,1,2325357,2324899,458
158469521,36.0825,37.6524,457,40430,0.0340324,0.05,1,2325393,2324936,457
158513321,27.6881,20.8041,453,41206,0.0327542,0.11,1,2325866,2325413,453
158522081,30.8428,27.0942,454,41359,0.0776963,0.07,1,2325950,2325496,454
158551281,22.6659,21.7611,423,41868,0.0403724,0.03,1,2326261,2325838,423
158554201,27.7333,27.6881,423,41918,0.058149,0.05,1,2326289,2325866,423
158565881,44.1521,42.3921,424,42118,0.0912966,0.07,1,2326417,2325993,424
158586321,42.1978,41.35,423,42468,0.0662901,0.05,1,2326627,2326204,423
158592161,22.6205,22.6659,422,42568,0.0454064,0.07,1,2326683,2326261,422
158595081,28.681,27.7333,423,42618,0.0721626,0.07,1,2326712,2326289,423
158606761,40.3595,44.1521,424,42815,0.0765834,0.09,1,2326841,2326417,424
158609681,28.618,28.8076,424,42864,0.0486333,0.09,1,2326869,2326445,424
158615521,3.63405,3.63452,424,42962,0.0329813,0.11,1,2326906,2326482,424
158618441,30.5817,28.6817,426,43011,0.0551925,0.11,1,2326938,2326512,426
158627201,41.1056,45.8886,464,43158,0.0892123,0.03,1,2327049,2326585,464
159044761,131.551,160.315,469,21900,0.2668,0.99,1,2331475,2331006,469
159062281,35.5507,22.8586,458,23187,0.0785053,0.23,1,2331796,2331338,458
159073961,52.4756,78.2938,477,23550,0.20577,0.15,1,2332096,2331619,477
159164481,90.2646,93.3916,551,26196,0.948829,0.85,2,2333839,2333288,551
159228721,34.822,38.4542,485,27920,0.94,1,2,2334990,2334505,485
159278361,27.8658,31.227,469,29182,0.084034,0.39,1,2335881,2335412,469
159406841,80.2162,48.3174,530,32217,0.750661,0.61,2,2337844,2337314,530
159409761,89.5108,77.4659,541,32283,0.786264,0.59,2,2337934,2337393,541
159620001,33.7204,36.2991,488,36701,0.0778508,1,1,2340981,2340493,488
159628761,33.0381,31.3593,473,36873,0.0450625,0.97,1,2341077,2340604,473
159640441,25.1721,28.2672,458,37101,0.0399856,0.49,1,2341201,2340743,458
159669641,36.8475,33.9519,458,37667,0.0534623,0.03,1,2341569,2341111,458
159693001,26.3483,31.9235,450,38115,0.0337015,0.03,1,2341853,2341403,450
159704681,39.7427,33.9495,462,38335,0.0512148,0.07,1,2341994,2341532,462
159733881,34.4291,33.6174,423,38883,0.0297177,0,1,2342310,2341887,423
159736801,31.1715,32.0809,422,38937,0.0118871,0.03,1,2342341,2341919,422
159742641,41.6879,39.7427,425,39045,0.0343019,0.11,1,2342419,2341994,425
159783521,32.4844,31.5344,423,39795,0.0259001,0.09,1,2342873,2342450,423
159786441,33.9242,32.9267,424,39848,0.0283601,0.09,1,2342907,2342483,424
159795201,61.9276,59.0751,428,40007,0.081255,0.17,1,2343026,2342598,428
159798121,4.99638,4.85376,428,40060,0.062502,0.17,1,2343028,2342600,428
159809801,34.9628,19.8598,463,40271,0.0630881,0.17,1,2343160,2342697,463
159879881,40.0551,42.0476,468,41509,0.265183,0.19,1,2343963,2343495,468
160043401,42.2883,44.9146,501,44267,0.938279,0.75,2,2345755,2345254,501
160258021,20.812,30.1463,429,21861,0.0496268,0.11,1,2348220,2347791,429
160260941,86.5406,87.0073,429,21958,0.0618507,0.13,1,2348310,2347881,429
160374821,105.788,105.778,458,25453,0.919892,0.71,2,2350605,2350147,458
160523741,33.586,91.7507,452,29395,0.0471135,0.03,1,2353324,2352872,452
160538341,30.3021,36.0413,452,29753,0.0451704,0.03,1,2353581,2353129,452
160541261,29.0651,30.3021,451,29824,0.0240682,0.05,1,2353610,2353159,451
160614261,88.8032,31.7229,513,31549,0.0731933,0.07,1,2354681,2354168,513
160620101,76.412,29.9568,500,31683,0.0585109,0.05,1,2354784,2354284,500
161285861,17.5988,29.1722,490,44362,0.0350634,0.95,1,2363231,2362741,490
161288781,17.0299,24.2586,483,44410,0.0200253,0.89,1,2363248,2362765,483
161583701,39.6106,32.1151,487,48970,0.771652,0.59,2,2366092,2365605,487
161926801,71.2952,57.0501,529,25874,0.913806,0.77,2,2370104,2369575,529
162017321,40.7086,34.2798,505,28301,0.9112,1,2,2371814,2371309,505
162102001,29.4888,30.3885,451,30395,0.775681,0.57,2,2373204,2372753,451
162104921,33.7744,32.8694,452,30465,0.796272,0.61,2,2373238,2372786,452
162107841,28.2887,28.2435,452,30534,0.780509,0.61,2,2373266,2372814,452
162128281,37.7336,38.7761,459,31016,0.936349,0.77,2,2373634,2373175,459
162294721,25.372,32.4514,447,34688,0.0250661,0.03,1,2376109,2375662,447
162315161,36.1104,54.4481,459,35113,0.0912353,0.13,1,2376399,2375940,459
162326841,25.2701,32.4398,447,35353,0.0740956,0.01,1,2376531,2376084,447
162338521,25.2387,28.9615,447,35592,0.0202808,0.03,1,2376703,2376256,447
162341441,25.0119,26.1481,446,35651,0.0141123,0.07,1,2376728,2376282,446
162437801,64.1334,45.7664,492,37558,0.244571,0.15,1,2377927,2377435,492
162773601,23.5466,35.9465,486,43550,0.0309133,0.71,1,2381924,2381438,486
163267081,46.3031,77.6474,493,23631,0.29272,0.94,1,2386980,2386487,493
163278761,34.1598,61.5091,465,23988,0.269238,0.57,1,2387226,2386761,465
163281681,19.758,27.7755,458,24076,0.257695,0.45,1,2387245,2386787,458
163340081,104.76,43.0019,554,25779,0.757778,0.61,2,2388403,2387849,554
163363441,108.517,43.1991,568,26429,0.917439,0.79,2,2388863,2388295,568
163483161,32.9767,37.9226,510,29535,0.099662,1,1,2390991,2390481,510
164128481,26.5014,31.4778,487,42512,0.0479249,1,1,2399686,2399199,487
164131401,37.4251,33.8739,491,42562,0.04917,1,1,2399724,2399233,491
164137241,32.7261,33.6197,491,42662,0.0210672,1,1,2399784,2399293,491
164753361,37.6362,39.5046,514,52060,0.944752,1,2,2405837,2405323,514
164852641,27.5851,25.7419,452,53417,0.75661,0.59,2,2406719,2406267,452
164858481,29.234,26.4269,454,53495,0.796658,0.61,2,2406782,2406328,454
164881841,36.9571,36.8148,456,53807,0.915166,0.69,2,2406993,2406537,456
165214721,26.6463,18.1393,434,27708,0.0322252,0.03,1,2410153,2409719,434
165267281,26.7272,39.692,450,29052,0.203683,0.11,1,2411000,2410550,450
165273121,63.0518,63.0842,488,29198,0.266589,0.11,1,2411129,2410641,488
165521321,18.6309,33.5684,485,34820,0.0388795,0.83,1,2414916,2414431,485
165931581,101.763,85.5793,486,19092,0.215632,0.55,1,2420051,2419565,486
165934501,76.3381,77.429,484,19203,0.0922528,0.25,1,2420126,2419642,484
165943261,50.0152,67.4502,439,19533,0.0378242,0.05,1,2420357,2419918,439
165952021,78.6686,79.6089,500,19857,0.0732208,0.01,1,2420551,2420051,500
165960781,50.0535,69.3006,471,20176,0.0409261,0.03,1,2420779,2420308,471
165963701,23.4027,50.015,444,20281,0.0343705,0.05,1,2420801,2420357,444
165975381,70.0762,109.383,493,20697,0.203872,0.09,1,2421155,2420662,493
166375421,40.7372,44.489,493,31776,0.0689209,0.57,1,2428734,2428241,493
166387101,25.2257,32.807,453,32041,0.0625804,0.11,1,2428853,2428400,453
166509741,28.6285,39.5299,456,34704,0.401894,0.19,1,2430536,2430080,456
166556461,31.4628,57.3596,475,35666,0.760149,0.49,2,2431210,2430735,475
166804661,21.1191,27.8812,437,18235,0.060148,0.05,1,2434626,2434189,437
166854301,23.4286,87.5749,456,20122,0.404031,0.33,1,2435894,2435438,456
166889341,91.1765,89.5752,457,21352,0.902068,0.69,2,2436772,2436315,457
166898101,97.2914,95.3461,459,21648,0.907092,0.89,2,2436920,2436461,459
167047021,22.6157,34.2699,445,26176,0.0828818,0.07,1,2440117,2439672,445
167412021,40.6215,43.1585,510,34857,0.928,1,2,2446074,2445564,510
167452901,34.6347,30.5491,500,35697,0.750465,0.83,2,2446645,2446145,500
167704021,98.4575,109.729,555,19909,0.940159,0.77,2,2450829,2450274,555
167835421,29.2287,28.5346,452,24241,0.752927,0.61,2,2453798,2453346,452
167838341,90.7614,90.7267,452,24328,0.799171,0.63,2,2453892,2453440,452
167841261,104.288,103.336,453,24415,0.901668,0.61,2,2453997,2453544,453
167975581,27.4317,32.713,453,28129,0.443688,0.71,1,2456579,2456126,453
168051501,50.416,50.6154,458,30025,0.916102,0.73,2,2457807,2457349,458
168325981,33.2733,39.3392,458,36051,0.0525925,0.47,1,2461978,2461520,458
168346421,19.8337,17.0873,425,36459,0.026336,0.07,1,2462248,2461823,425
168355181,32.1054,28.3121,426,36633,0.0369655,0.03,1,2462332,2461906,426
168381461,17.9385,19.8337,422,37149,0.00970142,0.01,1,2462670,2462248,422
168390221,34.9527,34.06,456,37320,0.0978209,0.05,1,2462756,2462300,456
168410661,50.3351,38.7441,473,37714,0.280624,0.05,1,2463040,2462567,473
168416501,17.8908,35.7694,438,37826,0.2429,0,1,2463091,2462653,438
168419421,16.0945,17.9385,437,37882,0.21116,0,1,2463107,2462670,437
168434021,65.2649,32.1974,497,38161,0.212969,0.25,1,2463321,2462824,497
169260381,13.9474,18.8733,432,51484,0.210641,0.17,1,2472139,2471707,432
169272061,24.9246,23.9838,432,51648,0.261568,0.13,1,2472232,2471800,432
169286661,30.8213,27.5912,459,51853,0.297562,0.19,1,2472363,2471904,459
169292501,23.0671,25.1965,452,51935,0.29601,0.21,1,2472410,2471958,452
169450181,28.6548,26.7524,461,54077,0.946578,0.79,2,2473780,2473319,461
169783061,27.258,26.2131,425,27923,0.0737115,0.05,1,2477410,2476985,425
169818101,41.9959,40.0631,466,28820,0.0755784,0.15,1,2477977,2477511,466
169832701,34.0111,34.2336,455,29185,0.0176411,0.03,1,2478227,2477772,455
169841461,43.8183,59.3627,465,29402,0.055129,0.07,1,2478359,2477894,465
169858981,34.0419,34.2216,456,29831,0.0252818,0.01,1,2478649,2478193,456
169861901,3.60209,34.0111,424,29902,0.0161127,0.05,1,2478651,2478227,424
169867741,58.3865,59.365,424,30044,0.032578,0.07,1,2478740,2478316,424
170002061,70.8206,67.0658,450,33127,0.761182,0.55,2,2480752,2480302,450
170034181,73.7277,70.8206,461,33823,0.943921,0.81,2,2481213,2480752,461
170212301,16.6189,29.4995,454,37445,0.0902122,0.37,1,2483637,2483183,454
170218141,43.314,31.3287,479,37557,0.099634,0.27,1,2483712,2483233,479
170387501,68.212,34.187,527,40689,0.936325,0.83,2,2485758,2485231,527
170393341,41.1155,5.16797,503,40793,0.935812,0.81,2,2485803,2485300,503
172012481,53.0696,34.0895,550,44458,0.945974,1,2,2507237,2506687,550
172030001,37.6853,27.2025,513,44740,0.933318,1,2,2507428,2506915,513
172076721,20.991,25.6343,470,45490,0.907827,0.95,2,2507923,2507453,470
172416901,4.72028,4.77507,424,24694,0.230159,0.13,1,2512142,2511718,424
172425661,71.3408,69.4788,429,24951,0.42153,0.23,1,2512388,2511959,429
172501581,79.1382,76.8196,463,27072,0.935713,0.89,2,2513816,2513353,463
172630061,67.4065,72.8026,455,30321,0.404831,0.67,1,2516066,2515611,455
172688461,70.4529,76.1149,524,31687,0.788491,0.69,2,2516963,2516439,524
172694301,52.9961,33.8203,510,31821,0.782559,0.73,2,2517049,2516539,510
172703061,29.9886,28.9151,486,32019,0.754004,0.73,2,2517152,2516666,486
172822781,54.8097,57.6653,522,34624,0.93304,0.99,2,2518989,2518467,522
172825701,37.8905,39.9333,520,34685,0.919216,1,2,2519026,2518506,520
172851981,36.7367,35.8747,516,35230,0.404768,1,1,2519398,2518882,516
173143981,29.2814,34.2259,508,40791,0.0331745,1,1,2523155,2522647,508
173146901,28.0641,29.2613,507,40843,0.0192698,1,1,2523183,2522676,507
173228661,3.24907,3.44345,422,42265,0.010672,0.09,1,2524032,2523610,422
173231581,27.7125,27.7222,422,42315,0.0702688,0.05,1,2524061,2523639,422
173234501,33.6856,33.6861,422,42365,0.0941075,0.03,1,2524095,2523673,422
173237421,21.6343,21.6343,422,42415,0.055643,0.11,1,2524116,2523694,422
173246181,32.6732,30.7732,424,42565,0.0647612,0.03,1,2524211,2523787,424
173263701,28.4384,26.629,424,42861,0.0229193,0,1,2524427,2524003,424
173269541,3.2536,3.24907,424,42959,0.00966709,0.11,1,2524456,2524032,424
173272461,28.6627,27.7125,425,43008,0.0458668,0.11,1,2524486,2524061,425
173298741,52.2052,58.004,473,43449,0.0483453,0.05,1,2524785,2524312,473
173304581,28.393,36.7675,449,43547,0.0425352,0.01,1,2524848,2524399,449
173307501,27.0697,28.4384,448,43595,0.0230141,0,1,2524875,2524427,448
173310421,3.25348,27.0719,423,43643,0.0152056,0.01,1,2524877,2524454,423
173316261,34.7306,28.6627,457,43739,0.0804329,0.07,1,2524943,2524486,457
173348381,27.0245,28.393,448,44267,0.0397961,0.01,1,2525296,2524848,448
173357141,38.6256,29.6127,462,44411,0.061347,0.11,1,2525370,2524908,462
173389261,28.4669,27.4903,424,44928,0.0540865,0.05,1,2525693,2525269,424
173395101,3.15867,3.25123,422,45022,0.0434538,0.05,1,2525720,2525298,422
173398021,33.4079,31.5126,424,45069,0.0473815,0.07,1,2525755,2525331,424
173400941,39.6704,38.6256,425,45116,0.0489526,0.07,1,2525795,2525370,425
173654981,40.3094,66.0371,499,49014,0.921685,0.85,2,2528265,2527766,499
173894421,24.0955,25.5912,435,24785,0.0691512,0.05,1,2530819,2530384,435
173917781,22.9628,24.0955,422,25461,0.0417956,0.05,1,2531241,2530819,422
173923621,60.2399,61.8102,484,25627,0.0654873,0.07,1,2531368,2530884,484
173941141,22.9154,22.2555,444,26119,0.0623092,0.05,1,2531662,2531218,444
173946981,61.3323,64.7981,485,26281,0.0831695,0.07,1,2531793,2531308,485
174408341,103.046,99.528,488,36876,0.944799,0.98,2,2539003,2538515,488
174598141,25.4275,39.57,486,40430,0.0754823,0.83,1,2541434,2540948,486
174618581,22.4426,32.7671,456,40794,0.0687955,0.11,1,2541638,2541182,456
175039061,36.5787,44.5332,489,47665,0.917941,1,2,2546194,2545705,489
175167541,34.9484,32.0256,483,49575,0.784555,0.59,2,2547459,2546976,483
175190901,34.997,33.8953,488,49911,0.938162,0.65,2,2547689,2547201,488
175205501,20.4102,28.1045,477,50121,0.936074,0.71,2,2547831,2547354,477
175208421,15.2705,21.3552,471,50163,0.92043,0.71,2,2547846,2547375,471
175506261,3.21396,3.21407,422,27619,0.0388014,0.03,1,2551896,2551474,422
175512101,89.2605,90.163,422,27772,0.0746082,0.03,1,2552046,2551624,422
175515021,32.963,33.0082,422,27848,0.0718433,0.03,1,2552076,2551654,422
175526701,30.6813,31.5838,422,28151,0.0303032,0.01,1,2552290,2551868,422
175535461,55.2653,56.2107,423,28376,0.0592994,0.01,1,2552378,2551955,423
175558821,3.3067,28.1341,423,28967,0.0353276,0.01,1,2552741,2552318,423
175564661,95.0083,55.2653,520,29113,0.0476524,0.13,1,2552898,2552378,520
175570501,79.325,30.1582,508,29259,0.0256244,0.03,1,2553005,2552497,508
175926741,28.0486,28.2419,460,37047,0.0232066,0.69,1,2558145,2557685,460
175979301,35.8368,64.9044,465,38062,0.0738707,0.17,1,2558773,2558308,465
175982221,26.4918,37.4452,455,38118,0.0715483,0.17,1,2558799,2558344,455
176101941,76.2163,41.2743,525,40326,0.781187,0.61,2,2560224,2559699,525
176107781,28.8805,27.4632,477,40430,0.77659,0.55,2,2560277,2559800,477
176110701,29.944,27.9732,479,40482,0.784636,0.59,2,2560307,2559828,479
176131141,42.711,72.369,494,40846,0.792679,0.71,2,2560530,2560036,494
176169101,44.4686,75.219,501,41512,0.926141,0.79,2,2560990,2560489,501
176294661,32.9306,46.1492,499,43646,0.921616,1,2,2562438,2561939,499
176338461,22.5642,32.9306,495,44366,0.0393398,1,1,2562933,2562438,495
176391021,4.77881,4.77657,423,45213,0.015482,0.03,1,2563447,2563024,423
176393941,34.4389,33.4888,424,45260,0.0481928,0.03,1,2563483,2563059,424
176539941,39.2449,37.2554,438,47533,0.440205,0.33,1,2564881,2564443,438
177102041,63.8462,96.5051,499,24820,0.766,1,2,2570408,2569909,499
177119561,56.7926,75.6107,481,26044,0.276186,0.81,1,2570779,2570298,481
177122481,36.0896,40.8305,477,26125,0.272475,0.75,1,2570814,2570337,477
177323961,93.2895,89.0749,484,31226,0.94,1,2,2574288,2573804,484
177367761,27.7309,72.8412,480,32227,0.0682193,0.59,1,2574957,2574477,480
177388201,20.1109,39.5763,442,32684,0.0475369,0,1,2575236,2574794,442
177554641,56.0084,55.9632,450,36187,0.776126,0.57,2,2577476,2577026,450
177578001,62.4017,58.6491,456,36651,0.90489,0.73,2,2577732,2577276,456
177937161,28.4602,13.1,445,19642,0.0291612,0.01,1,2582479,2582034,445
177943001,89.8937,108.475,509,19857,0.0466658,0.03,1,2582698,2582189,509
177954681,29.4127,37.2035,453,20281,0.0345546,0,1,2582904,2582451,453
177960521,91.701,125.873,513,20490,0.0379287,0.07,1,2583123,2582610,513
177978041,8.09369,124.021,423,21103,0.0321694,0.05,1,2583456,2583033,423
177998481,7.88945,8.09369,422,21798,0.0301591,0.03,1,2583878,2583456,422
178001401,88.7445,88.7547,422,21895,0.0540636,0.11,1,2583971,2583549,422
178016001,115.042,119.789,422,22375,0.270246,0,1,2584298,2583876,422
180525741,27.2575,27.3614,422,39047,0.044546,0.07,1,2616318,2615896,422
180549101,58.4808,54.6333,428,39479,0.077518,0.15,1,2616588,2616160,428
180552021,29.524,30.2817,427,39532,0.0730072,0.13,1,2616616,2616189,427
180554941,55.6262,53.7641,429,39585,0.0832029,0.15,1,2616673,2616244,429
180563701,26.9252,27.2575,422,39744,0.058365,0.03,1,2616740,2616318,422
180566621,36.4963,35.5629,423,39797,0.089346,0.03,1,2616777,2616354,423
180578301,28.4163,28.4164,422,40009,0.0273913,0.03,1,2616917,2616495,422
180625021,63.4208,30.566,489,40845,0.071878,0.15,1,2617440,2616951,489
180826501,70.0712,32.473,532,44269,0.944562,0.83,2,2619646,2619114,532
180832341,28.7702,5.30618,492,44365,0.93233,0.81,2,2619678,2619186,492
180835261,64.1385,29.7153,527,44413,0.942932,0.81,2,2619744,2619217,527
180841101,2.77285,16.5093,464,44507,0.932069,0.87,2,2619761,2619297,464
180998781,33.8268,24.4639,522,46996,0.932843,1,2,2621500,2620978,522
181106821,20.4101,20.408,457,48629,0.918565,0.81,2,2622588,2622131,457
181109741,29.5205,26.6704,460,48672,0.925426,0.79,2,2622618,2622158,460
181454301,67.4414,55.8228,521,26281,0.947889,0.63,2,2626857,2626336,521
181603221,34.1312,38.1379,491,30115,0.400774,1,1,2629508,2629017,491
181620741,29.8832,33.4916,465,30534,0.0145651,0.75,1,2629815,2629350,465
181661621,27.1171,29.3116,448,31490,0.00964723,0,1,2630362,2629914,448
181667461,48.0428,67.8558,468,31624,0.0339436,0.01,1,2630479,2630011,468
181684981,37.6064,32.8393,459,32023,0.0227163,0,1,2630729,2630270,459
181690821,26.124,29.3421,448,32155,0.0108346,0,1,2630783,2630335,448
181696661,48.0403,67.8559,468,32287,0.0389335,0.05,1,2630900,2630432,468
181722941,22.9687,26.124,423,32872,0.0357347,0.03,1,2631206,2630783,423
181734621,48.8575,44.1526,428,33128,0.0514588,0.11,1,2631438,2631010,428
181737541,39.4929,40.2076,427,33192,0.0265835,0.09,1,2631477,2631050,427
181793021,48.9729,67.505,469,34383,0.0625403,0.03,1,2632168,2631699,469
182565361,504.983,543.016,488,21900,0.43,0.13,1,2641460,2640972,488
182596021,270.349,334.951,422,21900,0.238,0.11,1,2641718,2641296,422
182701141,65.9985,66.0558,422,25152,0.0950532,0.05,1,2643765,2643343,422
183226741,63.1481,63.3381,422,19089,0.0329018,0.05,1,2653165,2652743,422
183241341,140.059,141.961,424,19639,0.278612,0.03,1,2653530,2653106,424
183317261,153.386,150.529,456,22278,0.941451,0.69,2,2655314,2654858,456
183594661,36.2046,36.4406,439,29991,0.240792,0.29,1,2660645,2660206,439
183609261,33.7146,34.8501,432,30342,0.227154,0.21,1,2660860,2660428,432
183632621,70.0866,71.8506,433,30896,0.443234,0.21,1,2661214,2660781,433
184196181,35.6887,37.5649,431,42078,0.201147,0.11,1,2668753,2668322,431
184242901,44.2214,41.3667,434,42874,0.400817,0.27,1,2669296,2668862,434
184356781,46.5148,46.5599,460,44752,0.947842,0.77,2,2670465,2670005,460
184564101,24.2352,33.9781,456,47982,0.0252379,0.65,1,2672683,2672227,456
184640021,40.9673,59.4405,463,49111,0.241462,0.03,1,2673394,2672931,463
184642941,31.4984,42.872,452,49154,0.222585,0.03,1,2673425,2672973,452
184648781,25.6812,19.6297,447,49240,0.204814,0,1,2673470,2673023,447
184677981,26.4341,31.6425,456,49668,0.225653,0.19,1,2673695,2673239,456
184686741,41.9648,59.3457,472,49794,0.272442,0.27,1,2673826,2673354,472
184698421,23.9888,25.6812,452,49962,0.272366,0.15,1,2673922,2673470,452
184701341,10.6994,24.0841,438,50004,0.270947,0.15,1,2673932,2673494,438
184707181,27.8617,25.2352,456,50088,0.286951,0.17,1,2673986,2673530,456
184832741,61.3562,26.6788,514,51867,0.775593,0.63,2,2675118,2674604,514
185187521,35.1305,1.88047,457,28457,0.0511462,0.03,1,2679569,2679112,457
185205041,48.8422,66.5047,473,28900,0.0824873,0.09,1,2679888,2679415,473
185210881,37.5996,30.1863,459,29046,0.052798,0.01,1,2679955,2679496,459
185225481,81.8817,40.8211,506,29409,0.0968767,0.03,1,2680199,2679693,506
185237161,37.3692,29.9921,459,29696,0.076256,0.03,1,2680376,2679917,459
185310161,38.8639,53.2087,474,31429,0.422153,0.31,1,2681403,2680929,474
186314641,25.7719,14.7732,435,22475,0.0880118,0.01,1,2694294,2693859,435
186335081,25.8669,40.4378,449,23127,0.0929205,0.11,1,2694718,2694269,449
186440201,73.4502,78.1988,504,26226,0.203,0.13,1,2696701,2696197,504
186463561,77.1553,82.0038,505,26866,0.42257,0.23,1,2697133,2696628,505
186691321,32.2889,61.0319,490,32440,0.0713335,0.73,1,2700919,2700429,490
187383361,74.1508,96.7893,510,20750,0.431824,0.94,1,2709614,2709104,510
187546881,33.6119,51.2596,495,25853,0.0465536,0.83,1,2713087,2712592,495
187552721,98.789,68.2906,549,26017,0.0854486,0.33,1,2713246,2712697,549
187570241,34.5534,45.2383,456,26501,0.071223,0.05,1,2713510,2713054,456
187576081,104.539,56.7806,531,26661,0.209396,0.11,1,2713676,2713145,531
187681201,117.178,64.5079,570,29385,0.914433,0.65,2,2715458,2714888,570
187900201,30.4874,31.5607,537,34370,0.0676734,1,1,2718901,2718364,537
188325061,167.783,119.91,541,19092,0.2308,0.88,1,2724345,2723804,541
188330901,66.777,72.0248,504,19314,0.050128,0.67,1,2724507,2724003,504
188339661,20.4642,29.2975,433,19642,0.0423282,0.07,1,2724608,2724175,433
188351341,36.6818,66.7163,458,20070,0.0558516,0.07,1,2724965,2724507,458
188363021,100.561,151.123,519,20490,0.0628218,0.03,1,2725285,2724766,519
188365941,71.528,99.7062,492,20594,0.0311287,0.03,1,2725355,2724863,492
188701741,31.6065,31.6543,422,30204,0.0188619,0.05,1,2731684,2731262,422
188704661,26.2803,26.2827,422,30274,0.0135448,0.07,1,2731710,2731288,422
188707581,29.814,28.8641,423,30344,0.0354179,0.05,1,2731740,2731317,423
188713421,88.5195,83.7672,428,30484,0.0644669,0.09,1,2731854,2731426,428
188719261,33.5663,39.2544,422,30622,0.0451147,0.05,1,2731891,2731469,422
188728021,44.0794,43.1302,423,30829,0.0640873,0.01,1,2732076,2731653,423
188742621,88.4317,88.5195,423,31170,0.0822275,0.07,1,2732277,2731854,423
188745541,6.32158,6.32598,423,31238,0.074891,0.03,1,2732279,2731856,423
188765981,32.7119,26.2352,458,31709,0.082177,0.09,1,2732590,2732132,458
188795181,33.6194,27.2374,458,32370,0.0893105,0.09,1,2733015,2732557,458
188824381,29.2274,26.3871,427,33017,0.0615923,0.11,1,2733408,2732981,427
188847741,5.05808,5.11983,423,33526,0.0584625,0.05,1,2733723,2733300,423
188856501,32.075,29.2274,425,33715,0.0966216,0.15,1,2733833,2733408,425
188865261,84.8295,85.7269,427,33903,0.245944,0.11,1,2733981,2733554,427
188999581,94.5719,91.6744,457,36660,0.927521,0.71,2,2735761,2735304,457
189436121,31.9844,57.7057,443,20347,0.0421016,0.07,1,2741384,2740941,443
189441961,71.0925,61.5143,494,20555,0.0439363,0.15,1,2741530,2741036,494
189529561,90.0929,108.103,540,23453,0.766854,0.61,2,2743480,2742940,540
189637601,39.3723,59.6235,515,26591,0.762467,1,2,2745618,2745103,515
189655121,27.8443,34.5017,469,27065,0.440889,0.87,1,2745946,2745477,469
189728121,80.8317,97.5833,534,28956,0.792375,0.71,2,2747266,2746732,534
189878501,66.4199,65.711,448,15051,0.758485,0.53,2,2750176,2749728,448
189950041,125.154,133.923,484,18367,0.927816,0.97,2,2752459,2751975,484
189967561,115.943,125.154,464,19050,0.274691,0.67,1,2752923,2752459,464
190142761,45.9645,51.8,456,24857,0.225984,0.65,1,2756919,2756463,456
190160281,34.586,31.7932,439,25364,0.0971387,0.19,1,2757190,2756751,439
190174881,47.0523,89.923,471,25779,0.263315,0.09,1,2757514,2757043,471
190180721,27.5726,40.4098,450,25943,0.25693,0.11,1,2757579,2757129,450
190189481,48.7289,112.879,477,26187,0.407404,0.25,1,2757784,2757307,477
190574921,33.4276,48.3601,468,35284,0.0973879,0.17,1,2764050,2763582,468
191139941,115.129,98.5019,470,20544,0.219883,0.25,1,2770924,2770454,470
191148701,73.4993,70.3741,455,20852,0.0771925,0.03,1,2771142,2770687,455
191151621,47.375,58.6187,443,20954,0.030877,0.05,1,2771188,2770745,443
191207101,58.4481,83.9843,481,22800,0.210049,0.13,1,2772348,2771867,481
191227541,60.4384,85.9621,489,23443,0.423211,0.23,1,2772780,2772291,489
191396901,29.4793,35.0637,488,28207,0.268048,1,1,2776050,2775562,488
191449461,25.4306,33.6129,447,29529,0.030175,0.07,1,2776903,2776456,447
191531221,82.1968,84.6241,504,31475,0.0847131,0.03,1,2778113,2777609,504
191534141,34.5098,83.0812,453,31542,0.0398852,0.05,1,2778145,2777692,453
191537061,26.4255,33.6041,448,31609,0.0339541,0.01,1,2778171,2777723,448
191668461,30.6582,62.1067,455,34493,0.290861,0.15,1,2779965,2779510,455
191691821,33.5995,78.2356,463,34981,0.43421,0.25,1,2780278,2779815,463
192246621,22.4291,30.1833,457,45018,0.042994,0.71,1,2787099,2786642,457
192503581,49.2313,32.5897,510,48967,0.941987,0.85,2,2789610,2789100,510
192672941,29.2394,25.9581,506,51403,0.939232,1,2,2791294,2790788,506
192716741,23.0129,25.3053,497,52018,0.422976,1,1,2791698,2791201,497
192719661,36.3006,29.7653,504,52058,0.43919,1,1,2791735,2791231,504
192725501,18.3783,29.2394,484,52138,0.41947,0.83,1,2791778,2791294,484
193103641,13.639,20.6091,454,26997,0.296287,0.45,1,2795379,2794925,454
193162041,81.931,41.8365,529,28524,0.75162,0.55,2,2796389,2795860,529
193328481,27.6375,34.9125,507,32482,0.292091,0.96,1,2799152,2798645,507
193360601,24.5876,27.6375,432,33191,0.208307,0.17,1,2799584,2799152,432
193363521,51.5794,50.7819,433,33255,0.233323,0.11,1,2799637,2799204,433
193369361,24.7339,24.067,428,33382,0.216132,0.15,1,2799699,2799271,428
193372281,35.4367,34.4533,429,33445,0.260453,0.15,1,2799735,2799306,429
193381041,41.7617,40.7166,432,33634,0.273709,0.21,1,2799856,2799424,432
193383961,69.5381,69.4858,432,33697,0.295484,0.27,1,2799927,2799495,432
194407421,22.8135,48.4749,423,23988,0.235531,0.01,1,2811926,2811503,423
194422021,72.0083,70.2022,426,24426,0.243669,0.19,1,2812212,2811786,426
194442461,72.2596,72.1669,433,25027,0.405162,0.25,1,2812573,2812140,433
194603061,80.9944,73.6708,552,29319,0.7924,1,2,2815565,2815013,552
194623501,59.5857,55.38,530,29820,0.288438,1,1,2815872,2815342,530
194635181,20.4232,23.9997,451,30103,0.270184,0.49,1,2816037,2815586,451
194722781,20.5064,67.2253,466,32145,0.773769,0.55,2,2817359,2816893,466
194965141,17.9404,0.890406,457,37210,0.29189,0.41,1,2820824,2820367,457
194985581,35.4792,83.3925,469,37606,0.404968,0.31,1,2821121,2820652,469
195651341,34.0783,65.0436,446,22093,0.07144,0.21,1,2828938,2828492,446
195654261,27.3539,30.8022,444,22189,0.058576,0.15,1,2828965,2828521,444
195660101,79.2984,79.972,468,22380,0.0633722,0.03,1,2829094,2828626,468
195665941,76.7682,70.5474,466,22569,0.0353395,0.03,1,2829243,2828777,466
195686381,78.5778,72.3649,500,23219,0.0615213,0.03,1,2829666,2829166,500
195689301,88.4789,76.7682,512,23310,0.0786085,0.09,1,2829755,2829243,512
196209061,92.4782,87.4986,549,17167,0.909651,0.75,2,2839161,2838612,549
196276221,94.4638,88.3258,562,19922,0.946,1,2,2841049,2840487,562
196282061,30.6837,39.3608,512,20134,0.78616,1,2,2841139,2840627,512
196320021,24.4651,25.4587,422,21463,0.0290107,0.07,1,2842015,2841593,422
196322941,116.173,115.273,423,21562,0.0896043,0.07,1,2842136,2841713,423
196334621,95.0137,96.0584,422,21952,0.0539899,0.01,1,2842364,2841942,422
196340461,23.56,24.4651,422,22145,0.0266384,0.13,1,2842437,2842015,422
196343381,119.928,116.173,426,22241,0.0526554,0.09,1,2842562,2842136,426
196407621,127.217,123.545,433,24251,0.251951,0.25,1,2843843,2843410,433
196430981,128.214,127.217,436,24941,0.420761,0.33,1,2844279,2843843,436
196638301,23.5397,28.9686,432,30382,0.0754489,0.13,1,2847999,2847567,432
196696701,23.8178,92.6487,445,31746,0.0772073,0.13,1,2848848,2848403,445
197746441,20.6243,72.3413,439,23908,0.0698529,0.03,1,2861845,2861406,439
197804841,66.023,85.5906,489,25623,0.250128,0.03,1,2862887,2862398,489
197819441,2.90251,18.8582,431,26034,0.202884,0.21,1,2863124,2862693,431
197825281,88.3098,37.1921,520,26196,0.254462,0.23,1,2863254,2862734,520
197848641,89.355,37.1951,525,26836,0.427773,0.27,1,2863688,2863163,525
198067641,23.5649,32.6142,503,32217,0.0230471,1,1,2867361,2866858,503
198099761,21.577,23.5649,423,32932,0.0187929,0,1,2867784,2867361,423
198105601,66.6964,65.7989,423,33060,0.0642069,0.01,1,2867914,2867491,423
198108521,38.4848,38.4399,423,33124,0.0436827,0.15,1,2867951,2867528,423
198114361,39.8062,41.4211,427,33252,0.0489892,0.11,1,2868027,2867600,427
198126041,4.75559,4.79883,424,33505,0.0252061,0.03,1,2868153,2867729,424
198137721,68.5939,66.6964,424,33757,0.0445653,0.03,1,2868338,2867914,424
198140641,36.6797,38.4848,422,33820,0.0358261,0.05,1,2868373,2867951,422
198143561,36.034,36.1242,422,33883,0.0203304,0.05,1,2868409,2867987,422
198146481,41.7017,39.8062,424,33945,0.0621322,0.13,1,2868451,2868027,424
198158161,4.79384,4.75559,423,34193,0.0503106,0,1,2868576,2868153,423
198175681,36.034,36.6795,457,34563,0.0656531,0.01,1,2868830,2868373,457
198193201,30.6391,4.79384,453,34929,0.0318971,0.01,1,2869029,2868576,453
198199041,62.7291,19.582,486,35050,0.0423035,0.03,1,2869113,2868627,486
198201961,67.7365,60.8291,491,35110,0.0469214,0.03,1,2869181,2868690,491
198207801,40.7343,36.6796,462,35230,0.0447074,0.09,1,2869256,2868794,462
198231161,2.92421,19.582,424,35707,0.0387599,0.05,1,2869472,2869048,424
198237001,65.8898,67.7365,424,35825,0.0554016,0.03,1,2869605,2869181,424
198239921,34.6445,35.6868,423,35884,0.0521606,0.05,1,2869638,2869215,423
198260361,24.9367,29.6844,423,36295,0.0428535,0.03,1,2869873,2869450,423
198269121,63.7956,63.7962,423,36469,0.0855426,0.07,1,2869962,2869539,423
198342121,69.1672,68.541,502,37891,0.44136,0.27,1,2870891,2870389,502
198622441,30.5729,35.5687,455,19642,0.0549126,0.35,1,2874519,2874064,455
198631201,73.9637,73.3706,496,19964,0.0555944,0.09,1,2874785,2874289,496
198639961,28.7182,60.4577,451,20281,0.036918,0.05,1,2874941,2874490,451
198645801,74.2193,116.479,494,20490,0.0719069,0.03,1,2875134,2874640,494
198651641,69.3455,73.9637,494,20697,0.0703051,0.11,1,2875279,2874785,494
198654561,59.5173,68.2982,485,20799,0.058122,0.07,1,2875338,2874853,485
198733401,76.4024,83.0507,526,23396,0.790888,0.65,2,2877035,2876509,526
198856041,20.9329,41.3034,490,26940,0.762146,0.89,2,2879460,2878970,490
199007881,42.3675,46.7359,497,30760,0.780304,1,2,2882139,2881642,497
199022481,40.2775,35.4749,491,31102,0.424563,0.9,1,2882354,2881863,491
199051681,37.5141,26.5499,479,31776,0.290566,0.39,1,2882792,2882313,479
199072121,64.2234,30.2756,500,32239,0.440281,0.25,1,2883127,2882627,500
199916001,18.657,24.5461,483,47544,0.403189,0.86,1,2893627,2893144,483
199962721,17.7992,18.657,439,48248,0.213909,0.35,1,2894066,2893627,439
200088281,31.9556,29.2113,482,50090,0.772316,0.59,2,2895278,2894796,482
200405101,26.4999,24.266,440,25412,0.090216,0.01,1,2898729,2898289,440
200475181,18.0816,18.0365,423,27344,0.0320694,0.01,1,2899970,2899547,423
200478101,30.3541,30.3518,423,27421,0.0548278,0.03,1,2900001,2899578,423
200483941,99.9209,97.0709,426,27575,0.0843724,0.07,1,2900127,2899701,426
200501461,18.9383,18.0816,423,28033,0.0429753,0.07,1,2900393,2899970,423
200504381,31.3469,30.3541,424,28109,0.0471901,0.09,1,2900425,2900001,424
200510221,101.823,99.9209,426,28259,0.0615504,0.09,1,2900553,2900127,426
201231461,32.848,32.8437,424,42937,0.0546348,0.05,1,2910258,2909834,424
201357021,33.7906,33.7904,445,45001,0.755576,0.47,2,2911559,2911114,445
201714721,48.1797,65.7975,499,25623,0.774625,0.67,2,2916237,2915738,499
201735161,71.687,100.888,528,26196,0.906943,0.77,2,2916649,2916121,528
201849041,34.7658,38.6598,511,29182,0.773845,1,2,2918715,2918204,511
201863641,80.9784,68.8739,550,29543,0.779735,0.95,2,2919022,2918472,550
202009641,58.1824,64.2879,486,32932,0.200629,1,1,2921299,2920813,486
202015481,38.098,40.3457,477,33060,0.0813007,1,1,2921414,2920937,477
202021321,25.6977,34.3009,467,33188,0.0526081,0.85,1,2921497,2921030,467
202027161,24.1942,26.3533,460,33316,0.0384173,0.65,1,2921549,2921089,460
202076801,84.0624,47.5372,507,34379,0.0752162,0.03,1,2922228,2921721,507
202471001,36.316,37.7578,488,41865,0.0650376,1,1,2927234,2926746,488
202485601,29.8203,32.1137,455,42115,0.0443556,0.59,1,2927410,2926955,455
202514801,28.4986,30.3158,423,42615,0.0420728,0.05,1,2927687,2927264,423
202529401,36.6863,35.691,424,42861,0.0573108,0.03,1,2927870,2927446,424
202643281,42.2726,41.2228,429,44740,0.243461,0.19,1,2929000,2928571,429
202649121,46.4657,44.4206,434,44834,0.277754,0.19,1,2929083,2928649,434
202692921,47.3211,46.4657,434,45536,0.410327,0.31,1,2929517,2929083,434
203075441,25.7541,24.7831,429,24173,0.263083,0.09,1,2934122,2933693,429
203087121,76.8216,75.7249,430,24522,0.414399,0.21,1,2934412,2933982,430
203878441,39.5299,46.2447,430,41815,0.0852238,0.13,1,2946196,2945766,430
203895961,21.9463,21.9916,423,42115,0.0618409,0,1,2946391,2945968,423
203910561,38.626,41.3334,424,42365,0.0903452,0.09,1,2946527,2946103,424
203931001,35.6352,38.5281,423,42714,0.0888286,0.07,1,2946753,2946330,423
204120801,43.6144,40.8117,454,45812,0.912328,0.71,2,2948716,2948262,454
204717941,81.8848,61.6395,542,26602,0.926503,0.73,2,2955586,2955044,542
204723781,18.2547,22.1941,477,26761,0.91264,0.79,2,2955624,2955147,477
205004101,4.71241,4.77441,423,33509,0.200461,0.09,1,2960063,2959640,423
205007021,49.6356,46.7887,426,33572,0.218184,0.11,1,2960115,2959689,426
205024541,66.9246,65.9696,432,33949,0.432289,0.25,1,2960354,2959922,432
205580801,112.628,109.733,449,21367,0.781331,0.61,2,2967993,2967544,449
205881561,3.7,35.1472,424,29892,0.0124756,0.03,1,2973830,2973406,424
205899081,38.4238,35.6191,425,30314,0.0329887,0.07,1,2974145,2973720,425
205910761,3.74277,3.7,424,30592,0.0271965,0.05,1,2974254,2973830,424
205913681,30.5871,30.585,424,30661,0.0408786,0.09,1,2974286,2973862,424
205916601,40.4794,38.5792,426,30730,0.0943514,0.07,1,2974327,2973901,426
205977921,44.9639,44.3267,467,32145,0.284041,0.09,1,2975222,2974755,467
206080121,108.835,59.9574,570,34373,0.900691,0.81,2,2976735,2976165,570
206226121,32.0134,39.3885,506,37324,0.75205,1,2,2978742,2978236,506
206229041,52.9007,43.7694,516,37381,0.76282,1,2,2978796,2978280,516
206442201,65.1181,58.1606,534,41302,0.903295,1,2,2981509,2980975,534
206626161,27.2504,19.5613,524,44408,0.788253,1,2,2983643,2983119,524
206694781,26.2085,12.0224,439,21156,0.0590687,0.07,1,2984580,2984141,439
206764861,92.5265,80.5828,525,23443,0.208207,0.13,1,2986090,2985565,525
206972181,33.133,32.5104,510,29168,0.0781397,1,1,2989990,2989480,510
207004301,15.3795,20.6566,423,29957,0.0659566,0.03,1,2990433,2990010,423
207021821,44.7951,43.8451,423,30378,0.0835924,0.03,1,2990775,2990352,423
207036421,41.6189,43.519,422,30725,0.025768,0.03,1,2990900,2990478,422
207039341,75.2309,75.326,422,30794,0.0283072,0.05,1,2990977,2990555,422
207048101,77.9997,78.9022,422,31000,0.0438117,0.11,1,2991154,2990732,422
207270021,86.1776,84.3668,447,35817,0.78069,0.57,2,2994157,2993710,447
207576621,3.36372,31.1764,428,41555,0.420679,0.17,1,2998012,2997584,428
207652541,54.5841,55.4818,450,42856,0.772675,0.59,2,2998875,2998425,450
207925561,20.4121,19.7894,429,22437,0.432203,0.15,1,3002259,3001830,429
207928481,29.5206,27.5895,431,22532,0.442881,0.15,1,3002289,3001858,431
207981041,73.8759,70.2847,450,24169,0.752608,0.61,2,3003438,3002988,450
208194201,3.27732,34.2079,430,29895,0.0774413,0.25,1,3007386,3006956,430
208328521,36.4686,35.4223,449,32992,0.770806,0.55,2,3009348,3008899,449
208357721,86.3166,83.3713,459,33627,0.927206,0.79,2,3009773,3009314,459
208576721,31.4482,38.2731,454,38056,0.0513691,0.01,1,3012844,3012390,454
208751921,39.9473,57.9407,491,41253,0.794669,0.61,2,3014855,3014364,491
209000121,22.5956,26.4033,442,45397,0.426825,0.29,1,3017633,3017191,442
209102321,31.7876,26.7979,486,46993,0.91284,0.69,2,3018731,3018245,486
209696541,27.3106,23.6201,427,26206,0.0394912,0,1,3024706,3024279,427
209705301,51.6074,43.9048,478,26448,0.227887,0.15,1,3024888,3024410,478
209714061,59.7401,60.4065,482,26688,0.286505,0.03,1,3025054,3024572,482
209716981,49.537,56.2203,475,26767,0.252602,0.09,1,3025103,3024628,475
209719901,26.2269,52.211,448,26846,0.251041,0.01,1,3025128,3024680,448
209722821,3.21134,27.3106,424,26925,0.250416,0.21,1,3025130,3024706,424
209752021,91.3534,92.3106,429,27702,0.292798,0.17,1,3025656,3025227,429
210981341,105.256,107.211,555,26628,0.755029,0.57,2,3042768,3042213,555
211124421,34.2991,60.2744,473,30279,0.419279,1,1,3045251,3044778,473
211159461,30.8056,32.9082,428,31107,0.241347,0.09,1,3045762,3045334,428
211162381,20.5403,21.5954,427,31175,0.222539,0.15,1,3045782,3045355,427
211176981,38.1298,95.6692,459,31513,0.240791,0.13,1,3046028,3045569,459
211296701,102.639,99.8316,462,34156,0.943902,0.85,2,3047786,3047324,462
211299621,7.03194,6.89158,462,34218,0.935561,0.85,2,3047788,3047326,462
211617901,43.5147,91.3411,498,40395,0.940427,0.81,2,3051998,3051500,498
211877781,32.6086,33.9022,492,44805,0.068901,1,1,3055046,3054554,492
211892381,21.3508,31.0111,466,45040,0.0483695,0.84,1,3055169,3054703,466
211918661,20.1683,25.1711,424,45461,0.0360766,0.03,1,3055437,3055013,424
211924501,31.9704,30.1304,425,45553,0.0453723,0.11,1,3055501,3055076,425
211927421,15.8485,15.7565,425,45599,0.0361489,0.09,1,3055516,3055091,425
211933261,28.9196,28.0169,425,45691,0.0933838,0.03,1,3055573,3055148,425
211936181,18.546,21.3508,422,45737,0.0793535,0.03,1,3055591,3055169,422
211985821,29.7767,26.5773,451,46516,0.0891074,0.03,1,3056069,3055618,451
211997501,36.4754,47.2255,459,46696,0.204313,0.09,1,3056208,3055749,459
212420901,134.388,103.519,518,24178,0.4012,1,1,3060342,3059824,518
212423821,71.3194,71.676,516,24266,0.29848,0.91,1,3060410,3059894,516
212426741,47.266,69.1338,493,24353,0.233392,0.99,1,3060456,3059963,493
212450101,43.3932,47.2383,429,25041,0.217985,0.15,1,3060885,3060456,429
212453021,62.9697,62.2119,430,25126,0.249194,0.13,1,3060949,3060519,430
212526021,71.6784,65.8883,458,27154,0.92234,0.73,2,3062282,3061824,458
212528941,49.1839,48.8944,458,27232,0.914936,0.81,2,3062330,3061872,458
212546461,78.2533,76.3533,466,27696,0.945819,0.87,2,3062630,3062164,466
212709981,36.547,57.7519,458,31691,0.0562538,0.05,1,3065382,3064924,458
212727501,29.4661,36.3299,454,32089,0.0527136,0.09,1,3065653,3065199,454
212739181,38.3001,46.9409,460,32353,0.0587095,0.05,1,3065806,3065346,460
212756701,29.6062,38.3224,454,32743,0.0318379,0.05,1,3066078,3065624,454
212759621,3.38031,29.4661,427,32808,0.0307352,0.15,1,3066080,3065653,427
212762541,43.869,45.1733,427,32872,0.0422941,0.15,1,3066126,3065699,427
212771301,32.562,38.3001,424,33064,0.0327068,0.01,1,3066230,3065806,424
212788821,29.6061,29.6062,423,33446,0.0145474,0.03,1,3066501,3066078,423
212809261,34.9014,32.1439,425,33887,0.0881499,0.01,1,3066760,3066335,425
212815101,24.3123,24.4479,422,34011,0.072904,0.01,1,3066852,3066430,422
212818021,41.1156,41.1224,422,34073,0.0831616,0.01,1,3066894,3066472,422
212820941,29.6058,29.6061,422,34135,0.0512646,0.05,1,3066923,3066501,422
212823861,3.38029,3.38031,422,34197,0.0385059,0.05,1,3066925,3066503,422
212835541,33.6073,44.0854,460,34444,0.0534497,0.15,1,3067081,3066621,460
212978621,40.697,68.9761,492,37332,0.795527,0.63,2,3068945,3068453,492
213156741,20.5804,32.7868,489,40638,0.0721865,0.87,1,3071192,3070703,489
213698401,80.8809,38.7652,506,23582,0.090341,0.03,1,3077596,3077090,506
213730521,23.512,23.5582,423,24554,0.0224917,0.11,1,3078168,3077745,423
213733441,106.626,102.828,427,24640,0.0389967,0.11,1,3078279,3077852,427
213736361,7.23128,7.0414,427,24726,0.0215987,0.15,1,3078281,3077854,427
213739281,47.8616,47.8521,427,24812,0.0746395,0.17,1,3078331,3077904,427
213753881,23.4955,23.512,422,25236,0.0635003,0.05,1,3078590,3078168,422
213788921,45.3332,49.7639,468,26226,0.200965,0.09,1,3079224,3078756,468
213794761,69.6533,77.2169,499,26388,0.287754,0.15,1,3079377,3078878,499
214078001,31.8812,30.943,444,33278,0.240625,0.41,1,3084034,3083590,444
214159761,45.5161,34.427,495,35013,0.784984,0.57,2,3085118,3084623,495
214171441,90.2465,56.8371,542,35253,0.916016,0.63,2,3085333,3084791,542
214384601,31.048,34.9974,494,39389,0.433541,1,1,3088164,3087670,494
214393361,20.6901,22.4386,480,39550,0.272787,1,1,3088267,3087787,480
214597761,28.8424,43.7574,481,43125,0.916501,0.65,2,3090543,3090062,481
214843041,21.1326,28.0817,450,21861,0.0407653,0.19,1,3093549,3093099,450
214869321,91.488,43.7528,515,22720,0.071956,0.09,1,3094110,3093595,515
214883921,22.9805,23.6503,444,23183,0.0666216,0.07,1,3094395,3093951,444
214895601,76.7582,94.8244,498,23546,0.0732735,0.01,1,3094703,3094205,498
214898521,75.0879,75.9912,498,23636,0.0593094,0.09,1,3094778,3094280,498
215152561,43.458,54.936,461,30457,0.0540605,0.75,1,3099321,3098860,461
215158401,23.4311,28.3998,452,30595,0.0434497,0.59,1,3099375,3098923,452
215196361,35.8986,33.9179,458,31482,0.0749418,0.03,1,3099882,3099424,458
215199281,49.2949,36.8459,471,31549,0.0959767,0.09,1,3099932,3099461,471
215210961,46.4059,35.0797,469,31817,0.069225,0.15,1,3100171,3099702,469
215231401,106.152,49.2949,535,32279,0.226524,0.17,1,3100467,3099932,535
215327761,109.243,56.1312,562,34375,0.767691,0.69,2,3101796,3101234,562
215520481,27.0742,34.0006,497,38222,0.428306,0.99,1,3104421,3103924,497
215558441,23.2147,27.0742,438,38934,0.216998,0.31,1,3104859,3104421,438
215561361,33.4607,33.6537,438,38988,0.260799,0.35,1,3104893,3104455,438
215938041,67.0043,63.302,468,45443,0.932542,0.89,2,3109235,3108767,468
215940961,34.7002,36.4151,466,45489,0.907017,0.85,2,3109268,3108802,466
216269461,34.3777,32.5227,451,25236,0.793707,0.63,2,3113828,3113377,451
216284061,54.7372,83.8452,509,25653,0.921692,0.73,2,3114139,3113630,509
216409621,65.3287,97.0475,521,28992,0.946,1,2,3116511,3115990,521
216415461,33.2708,29.5026,507,29138,0.90616,1,2,3116562,3116055,507
216418381,80.5135,32.8251,557,29211,0.908464,1,2,3116645,3116088,557
216441741,32.3247,19.4164,503,29785,0.76705,0.87,2,3117031,3116528,503
216841781,44.3264,65.4271,509,38300,0.925216,1,2,3122831,3122322,509
216870981,31.9127,33.2885,477,38849,0.425465,1,1,3123171,3122694,477
216888501,30.1961,30.2464,464,39173,0.275402,0.67,1,3123393,3122929,464
216996541,35.1002,36.0486,490,41121,0.926363,0.69,2,3124663,3124173,490
217224301,33.9044,34.9097,458,44946,0.0820419,0.79,1,3127257,3126799,458
217230141,20.4623,26.1173,453,45040,0.0695267,0.63,1,3127306,3126853,453
217235981,20.2862,21.2978,451,45134,0.0603243,0.49,1,3127352,3126901,451
217241821,12.0682,17.8657,443,45228,0.0564519,0.39,1,3127396,3126953,443
217291461,44.4876,31.3802,470,46013,0.401039,0.13,1,3127899,3127429,470
217637481,479.526,520.572,471,23360,0.42616,0.82,1,3131361,3130890,471
217652081,51.1377,84.4812,442,23810,0.252533,0.05,1,3131676,3131234,442
217657921,35.8478,46.9512,438,23988,0.236005,0.05,1,3131763,3131325,438
217698801,53.2802,52.2326,438,25196,0.413179,0.33,1,3132548,3132110,438
217716321,71.9763,52.4419,511,25697,0.444185,0.41,1,3132858,3132347,511
217719241,79.5988,70.0721,520,25779,0.447674,0.39,1,3132938,3132418,520
217906121,60.1586,39.5671,498,30591,0.217917,1,1,3136258,3135760,498
217917801,37.7179,37.3601,489,30867,0.0396107,1,1,3136427,3135938,489
218017081,37.3117,35.3188,427,33118,0.0232625,0.15,1,3137842,3137415,427
218022921,44.0783,42.9808,431,33246,0.040922,0.19,1,3137913,3137482,431
218043361,28.6999,28.662,423,33688,0.0352656,0.03,1,3138146,3137723,423
218049201,38.2143,37.3117,423,33814,0.0572425,0.03,1,3138265,3137842,423
218122201,47.2815,49.7808,472,35344,0.431983,0.13,1,3139237,3138765,472
218555821,19.0851,21.6698,457,19642,0.234659,0.45,1,3144918,3144461,457
218561661,81.6052,84.2242,516,19857,0.242745,0.21,1,3145096,3144580,516
218733941,36.4433,45.79,485,25399,0.0689415,0.91,1,3148946,3148461,485
218751461,52.2291,48.5292,490,25895,0.0767656,0.23,1,3149237,3148747,490
218760221,52.1544,36.4433,474,26140,0.053633,0.05,1,3149420,3148946,474
218786501,58.8,52.1544,483,26861,0.0909355,0.03,1,3149903,3149420,483
218891621,59.8425,57.7936,506,29566,0.768368,0.51,2,3151652,3151146,506
219084341,43.7666,35.7986,494,33965,0.421465,1,1,3154689,3154195,494
219090181,28.4194,21.3695,490,34089,0.289434,1,1,3154734,3154244,490
219122301,23.5501,17.3883,458,34765,0.0637338,0.23,1,3155163,3154705,458
219125221,38.2275,28.4194,468,34826,0.0674935,0.09,1,3155202,3154734,468
219131061,52.7256,52.416,474,34948,0.079199,0.05,1,3155303,3154829,474
219142741,41.9108,38.365,465,35188,0.0538195,0.03,1,3155479,3155014,465
219163181,54.5351,47.5114,477,35607,0.0713858,0.11,1,3155727,3155250,477
219991001,518.106,566.26,490,21900,0.43,1,1,3165054,3164564,490
220002681,56.7638,66.3779,472,23003,0.086128,0.31,1,3165321,3164849,472
220005601,44.6382,63.1689,453,23095,0.0764512,0,1,3165365,3164912,453
220011441,31.9841,39.2029,435,23278,0.0374322,0.05,1,3165466,3165031,435
220017281,95.6975,61.9905,518,23460,0.0983891,0.05,1,3165636,3165118,518
220043561,53.6517,56.0849,428,24261,0.0587311,0.19,1,3166118,3165690,428
220075681,69.7913,68.8295,428,25205,0.235897,0.19,1,3166720,3166292,428
220174961,75.5921,72.6994,460,27920,0.936278,0.87,2,3168501,3168041,460
220335561,33.4618,44.2166,456,31821,0.0410747,0.01,1,3171169,3170713,456
220341401,25.7337,38.823,447,31953,0.019772,0.03,1,3171234,3170787,447
220361841,44.0425,46.7043,466,32414,0.092116,0.03,1,3171560,3171094,466
220364761,30.7021,42.2352,454,32479,0.0908464,0.05,1,3171590,3171136,454
220370601,26.8193,39.6731,450,32609,0.0349354,0.01,1,3171659,3171209,450
220379361,3.39248,28.8968,428,32804,0.0303159,0.13,1,3171756,3171328,428
220423161,39.4823,39.3371,429,33757,0.21545,0.19,1,3172370,3171941,429
220426081,44.7241,44.7169,429,33820,0.26018,0.19,1,3172415,3171986,429
220519521,115.1,116.048,448,35766,0.763762,0.55,2,3173651,3173203,448
220744361,33.0594,37.0938,447,40060,0.0799996,0.53,1,3176575,3176128,447
220779401,33.1239,37.7543,458,40687,0.211898,0.11,1,3176966,3176508,458
220919561,33.4618,58.0193,486,43106,0.792027,0.77,2,3178521,3178035,486
220922481,23.5231,30.451,480,43155,0.790811,0.79,2,3178544,3178064,480
220925401,14.4762,22.4225,472,43204,0.790324,0.79,2,3178558,3178086,472
220928321,8.32381,14.4211,466,43253,0.79013,0.75,2,3178566,3178100,466
220945841,35.7766,31.5319,499,43547,0.902781,0.85,2,3178821,3178322,499
220948761,35.9888,35.7766,499,43595,0.919113,0.87,2,3178857,3178358,499
221113741,81.9876,57.953,516,21469,0.927184,1,2,3180862,3180346,516
221210101,30.4453,34.183,498,24518,0.760336,1,2,3182963,3182465,498
221364861,56.7069,46.3918,540,28739,0.7994,1,2,3185940,3185400,540
221598461,37.3822,29.255,508,34127,0.289465,1,1,3189735,3189227,508
221919661,43.6337,38.4752,514,40374,0.931418,1,2,3193888,3193374,514
222042301,24.875,24.9199,456,42514,0.917297,0.75,2,3195292,3194836,456
222053981,91.8794,87.0839,464,42713,0.940427,0.85,2,3195484,3195020,464
222056901,23.594,23.3542,464,42762,0.934171,0.81,2,3195504,3195040,464
222217501,29.382,30.5059,491,45397,0.945992,1,2,3197280,3196789,491
222252541,27.7641,26.3078,489,45949,0.0440062,1,1,3197673,3197184,489
222267141,60.8694,28.0689,533,46179,0.0574458,0.81,1,3197841,3197308,533
222287581,14.4019,24.0838,445,46498,0.0550733,0.15,1,3198016,3197571,445
222299261,35.4977,27.7641,457,46678,0.0557939,0.07,1,3198130,3197673,457
222305101,28.6837,23.5344,451,46768,0.029327,0,1,3198181,3197730,451
222343061,35.5424,25.9534,458,47353,0.078972,0.07,1,3198552,3198094,458
222348901,22.0339,22.6749,425,47442,0.0594355,0.03,1,3198577,3198152,425
222389781,36.3406,35.5424,425,48058,0.210622,0.07,1,3198977,3198552,425
222404381,69.5141,63.724,430,48278,0.299171,0.17,1,3199123,3198693,430
222855521,72.7857,66.8535,503,26234,0.434434,0.21,1,3204079,3203576,503
223080361,39.7072,33.5019,490,31856,0.405016,0.59,1,3207909,3207419,490
223293521,74.5652,78.9226,491,36383,0.778429,1,2,3210979,3210488,491
223308121,28.2043,45.5434,479,36673,0.294253,0.98,1,3211176,3210697,479
223343161,24.1876,31.9734,458,37359,0.0924129,0.23,1,3211606,3211148,458
223372361,43.0809,42.7203,466,37920,0.0998456,0.03,1,3211979,3211513,466
223398641,63.0005,66.9498,485,38418,0.209291,0.01,1,3212277,3211792,485
223410321,4.25343,43.0809,431,38638,0.0972778,0.19,1,3212410,3211979,431
223550481,63.0482,61.1129,507,41180,0.767097,0.51,2,3214014,3213507,507
223798681,20.4633,38.7182,456,21055,0.07287,0.49,1,3217076,3216620,456
223874601,117.748,72.1081,569,23533,0.765426,0.59,2,3218753,3218184,569
223889201,94.1653,58.3507,551,23980,0.759393,0.71,2,3219015,3218464,551
224014761,30.5025,37.8958,494,27522,0.223389,1,1,3221456,3220962,494
224029361,18.7261,21.7383,459,27905,0.0349755,0.69,1,3221686,3221227,459
224061481,84.5017,54.1361,509,28728,0.0857489,0.09,1,3222251,3221742,509
224537441,30.3803,32.1478,478,38930,0.081479,0.91,1,3229136,3228658,478
224552041,26.6379,30.6192,461,39200,0.00953194,0.69,1,3229303,3228842,461
224671761,50.3786,36.6244,475,41351,0.0521415,0.15,1,3230661,3230186,475
224706801,30.3928,30.4379,423,41960,0.0367829,0.03,1,3230994,3230571,423
224709721,39.5196,38.5719,424,42010,0.0447132,0.07,1,3231034,3230610,424
224712641,51.376,50.3786,425,42060,0.0958853,0.07,1,3231086,3230661,425
224879081,56.2163,56.2138,450,44830,0.761497,0.57,2,3232826,3232376,450
225160861,17.4101,31.3683,428,22569,0.0687643,0,1,3235998,3235570,428
225169621,49.0982,69.5748,471,22850,0.0704009,0.05,1,3236207,3235736,471
225181301,17.4551,63.2025,437,23219,0.0466823,0.09,1,3236420,3235983,437
225195901,67.7719,67.0549,490,23672,0.0589132,0.11,1,3236765,3236275,490
225198821,62.2886,66.0527,486,23762,0.0415653,0.01,1,3236827,3236341,486
225225101,17.3094,17.3644,422,24554,0.0236538,0.03,1,3237264,3236842,422
225228021,95.8655,94.9182,423,24640,0.0514615,0.03,1,3237364,3236941,423
225230941,6.69327,6.64591,423,24726,0.0385846,0.15,1,3237366,3236943,423
225233861,67.7847,63.9823,427,24812,0.0814338,0.19,1,3237437,3237010,427
225572581,78.4545,87.247,454,33278,0.271414,0.71,1,3243187,3242733,454
225575501,38.1227,39.5124,453,33342,0.270566,0.71,1,3243223,3242770,453
225855821,36.9238,38.0244,441,38957,0.0909546,0.31,1,3246974,3246533,441
225861661,30.0648,34.9601,433,39065,0.0757527,0.25,1,3247035,3246602,433
226182861,35.1922,41.6838,493,44617,0.933324,1,2,3250720,3250227,493
226209141,23.6813,33.8,481,45040,0.754284,0.89,2,3251014,3250533,481
226276301,49.29,34.7084,506,46105,0.936259,0.77,2,3251728,3251222,506
226534721,30.2112,34.3318,437,23278,0.0539253,0.03,1,3254653,3254216,437
226558081,3.27449,30.2112,423,23997,0.0312641,0.05,1,3255076,3254653,423
226561001,80.9137,80.3606,425,24085,0.0665057,0.03,1,3255161,3254736,425
226563921,50.5957,52.468,423,24173,0.0446023,0.03,1,3255210,3254787,423
226578521,25.6825,27.4897,423,24608,0.0164215,0.03,1,3255497,3255074,423
226584361,83.7592,80.9137,426,24780,0.0686274,0.03,1,3255587,3255161,426
226598961,74.8874,76.6494,423,25205,0.0677971,0.01,1,3255897,3255474,423
226601881,24.6444,25.6825,422,25289,0.0571189,0.05,1,3255919,3255497,422
226604801,3.13222,3.18412,422,25373,0.0528475,0.09,1,3255921,3255499,422
226607721,85.6566,83.7592,424,25457,0.063139,0.09,1,3256011,3255587,424
227054481,47.2907,48.198,422,36002,0.0518844,0.09,1,3263126,3262704,422
227057401,58.4145,56.5599,424,36061,0.0747538,0.09,1,3263185,3262761,424
227063241,30.641,29.7814,423,36179,0.0611606,0.07,1,3263238,3262815,423
227080761,76.482,73.7267,429,36527,0.0686928,0.15,1,3263426,3262997,429
227086601,47.9762,52.8143,422,36643,0.0481908,0.03,1,3263501,3263079,422
227545041,58.6272,64.2378,429,44787,0.244019,0.19,1,3268838,3268409,429
228013701,74.4615,74.4612,429,24857,0.251071,0.19,1,3274001,3273572,429
228016621,77.8231,76.8731,430,24942,0.298428,0.19,1,3274079,3273649,430
228095461,80.3373,79.5225,452,27141,0.905629,0.67,2,3275536,3275084,452
228261901,41.6353,40.0612,449,31276,0.40081,0.53,1,3278373,3277924,449
228279421,75.728,73.5457,512,31680,0.425199,0.35,1,3278656,3278144,512
228513021,32.7378,35.9852,489,36638,0.0536267,1,1,3282018,3281529,489
228530541,31.1442,34.4347,452,36982,0.047588,0.59,1,3282263,3281811,452
228583101,35.5224,46.448,456,37998,0.0823724,0,1,3282863,3282407,456
228597701,32.8469,31.7445,455,38275,0.0150707,0,1,3283075,3282620,455
228600621,34.8923,32.9372,457,38330,0.0360283,0.07,1,3283110,3282653,457
228635661,32.8966,32.8469,424,38986,0.0274732,0.05,1,3283499,3283075,424
228638581,36.7948,34.8923,426,39040,0.0409893,0.09,1,3283536,3283110,426
228650261,36.9677,36.0152,429,39256,0.0606173,0.19,1,3283640,3283211,429
228653181,43.6484,41.7008,431,39310,0.0662469,0.19,1,3283684,3283253,431
228670701,31.7802,30.9322,424,39632,0.0505888,0.01,1,3283890,3283466,424
228714501,42.4012,31.039,464,40424,0.0632705,0.05,1,3284385,3283921,464
228723261,16.5448,24.0365,444,40580,0.0585293,0.19,1,3284452,3284008,444
228729101,46.4964,37.8701,474,40684,0.0921647,0.13,1,3284537,3284063,474
228743701,60.8058,39.0669,489,40944,0.219699,0.15,1,3284709,3284220,489
229146661,95.1775,62.2941,533,22906,0.410508,0.35,1,3289728,3289195,533
229339381,52.4018,54.0582,486,28368,0.230345,1,1,3293513,3293027,486
229368581,47.7945,52.4018,472,29105,0.0430328,0,1,3293985,3293513,472
229371501,39.4397,47.2701,464,29178,0.0352131,0,1,3294024,3293560,464
229377341,35.3911,44.7682,457,29323,0.0272341,0,1,3294102,3293645,457
229386101,35.9239,52.4812,459,29539,0.072543,0.03,1,3294235,3293776,459
229391941,44.9773,79.7887,468,29682,0.0752069,0.07,1,3294363,3293895,468
229397781,39.2524,47.7945,461,29824,0.0348331,0.03,1,3294446,3293985,461
229400701,3.86262,39.4397,424,29895,0.0199332,0.09,1,3294448,3294024,424
229409461,48.1299,43.5696,427,30107,0.0442357,0.05,1,3294573,3294146,427
229441581,53.8488,50.8565,428,30871,0.229153,0.17,1,3295052,3294624,428
229447421,82.7371,82.6346,430,31008,0.282664,0.21,1,3295176,3294746,430
230105881,7.24883,7.63132,424,21798,0.27861,0.11,1,3304659,3304235,424
230114641,54.5214,53.3245,434,22088,0.424631,0.27,1,3304929,3304495,434
230292761,169.164,144.649,501,27331,0.76561,1,2,3308612,3308111,501
230301521,24.524,35.9376,501,27562,0.430839,1,1,3308707,3308206,501
230564321,17.6456,28.0732,479,33778,0.41281,1,1,3312873,3312394,479
230587681,14.097,2.15848,462,34275,0.0899048,0.57,1,3313228,3312766,462
230613961,105.813,30.0169,538,34826,0.205221,0.13,1,3313608,3313070,538
231987821,115.573,32.2619,548,21002,0.428311,0.17,1,3335695,3335147,548
232145501,65.7301,25.5562,543,25895,0.0874755,1,1,3339053,3338510,543
232294421,132.629,50.5388,585,29780,0.943709,0.65,2,3341598,3341013,585
232452101,32.0727,28.1309,489,33400,0.912112,1,2,3344083,3343594,489
232501741,22.1112,28.0205,484,34460,0.910818,0.81,2,3344785,3344301,484
232869661,4.46619,4.51858,428,24770,0.205647,0.17,1,3352139,3351711,428
232872581,61.9733,60.0759,430,24856,0.280259,0.09,1,3352204,3351774,430
232951421,174.971,169.559,466,27062,0.945908,0.89,2,3353751,3353285,466
233106181,50.7277,62.6515,462,30935,0.0447897,0.83,1,3356392,3355930,462
233176261,86.1796,67.6938,516,32537,0.297441,0.23,1,3357462,3356946,516
233526661,33.8643,62.736,458,18118,0.277416,0.31,1,3362424,3361966,458
233529581,31.1432,38.2868,452,18235,0.272966,0.25,1,3362455,3362003,452
233576301,75.4578,100.249,532,20016,0.914643,0.81,2,3363738,3363206,532
233672661,53.9732,37.7859,522,23258,0.084733,0.91,1,3366027,3365505,522
233681421,37.5389,35.1998,480,23530,0.0282229,0.37,1,3366155,3365675,480
233684341,107.327,37.86,553,23620,0.0532892,0.07,1,3366266,3365713,553
233961741,24.181,34.4691,468,30997,0.0402636,0.92,1,3371149,3370681,468
233999701,92.7039,68.128,516,31874,0.26055,0.15,1,3371768,3371252,516
235560441,30.4537,24.0625,506,37968,0.217556,1,1,3393774,3393268,506
235569201,40.9631,41.233,506,38135,0.218164,0.75,1,3393939,3393433,506
235721041,47.858,43.1161,507,40915,0.935265,0.81,2,3395725,3395218,507
235931281,4.79506,38.3846,473,44476,0.0880915,0.91,1,3398161,3397688,473
236410161,81.0064,80.7449,501,23541,0.20584,0.89,1,3403080,3402579,501
236416001,76.8675,67.9844,498,23721,0.0653344,0.53,1,3403231,3402733,498
236418921,26.6434,65.1492,457,23810,0.0261338,0.49,1,3403255,3402798,457
236483161,70.1509,74.7703,496,25697,0.271997,0.19,1,3404432,3403936,496
236681721,43.2159,39.3503,491,30798,0.0773644,1,1,3407893,3407402,491
236693401,24.9387,35.3287,453,31072,0.0694205,0.49,1,3408084,3407631,453
236708001,21.3819,32.4035,450,31412,0.0650597,0.13,1,3408271,3407821,450
236728441,56.1147,41.1469,478,31881,0.0901304,0.07,1,3408604,3408126,478
236754721,41.0974,25.8911,464,32473,0.0849113,0.09,1,3408971,3408507,464
236877361,66.8423,62.8951,513,35104,0.752626,0.53,2,3410655,3410142,513
237183961,32.4165,34.2872,512,40944,0.274421,1,1,3414684,3414172,512
237204401,30.675,27.5447,491,41302,0.0397224,0.73,1,3414907,3414416,491
237616121,37.7324,31.4206,502,47969,0.913696,1,2,3419300,3418798,502
237692041,35.9503,17.9168,443,22380,0.0326,0.05,1,3420313,3419870,443
237694961,67.3475,27.4958,484,22475,0.09104,0.07,1,3420382,3419898,484
237718321,99.4622,67.3475,526,23219,0.241772,0.19,1,3420908,3420382,526
237954841,32.7609,37.0498,506,29714,0.0177499,1,1,3425365,3424859,506
237963601,26.7846,36.7126,468,29927,0.013136,0.53,1,3425431,3424963,468
238030761,53.22,40.1883,475,31513,0.0476298,0.03,1,3426471,3425996,475
238042441,34.6891,28.9198,456,31781,0.0331393,0.05,1,3426633,3426177,456
238045361,37.8345,34.696,459,31848,0.0552557,0.13,1,3426671,3426212,459
238048281,3.79172,33.0848,428,31914,0.0401023,0.13,1,3426673,3426245,428
238057041,36.5375,102.989,456,32112,0.0728865,0.03,1,3426838,3426382,456
238068721,28.6423,62.643,448,32375,0.0196259,0.05,1,3427019,3426571,448
238077481,3.79408,37.8345,424,32570,0.0125361,0.03,1,3427095,3426671,424
238106681,38.8337,37.8816,424,33214,0.0300273,0.01,1,3427517,3427093,424
238109601,3.84169,3.79408,424,33278,0.0180109,0.05,1,3427519,3427095,424
238112521,25.8421,24.8897,425,33342,0.0372044,0.13,1,3427546,3427121,425
238147561,113.487,108.642,429,34094,0.253547,0.15,1,3428088,3427659,429
238246841,122.227,121.182,452,36143,0.784129,0.59,2,3429422,3428970,452
238565121,32.1007,32.0981,446,42035,0.755089,0.51,2,3433344,3432898,446
238603081,35.1087,34.0137,459,42684,0.92441,0.77,2,3433771,3433312,459
238877561,29.0561,31.9362,459,47101,0.276188,0.23,1,3436780,3436321,459
238880481,20.4528,27.2468,452,47146,0.272475,0.23,1,3436800,3436348,452
238886321,25.5586,36.1681,457,47236,0.275196,0.19,1,3436862,3436405,457
238889241,24.0779,27.4584,454,47281,0.272078,0.21,1,3436886,3436432,454
239000201,28.6144,37.1169,477,48944,0.771417,0.59,2,3437922,3437445,477
239553541,17.0542,6.10467,436,26521,0.0225737,0.03,1,3443430,3442994,436
239562301,71.1049,34.7043,467,26760,0.0372047,0.01,1,3443576,3443109,467
239626541,44.4523,3.60249,465,28450,0.0177036,0.03,1,3444644,3444179,465
239641141,74.8194,32.3899,500,28820,0.0688693,0.11,1,3444847,3444347,500
239714141,4.00386,3.91113,424,30602,0.0487461,0.09,1,3445952,3445528,424
239717061,15.4002,15.3956,424,30671,0.0614984,0.13,1,3445968,3445544,424
239725821,83.3715,78.6168,431,30878,0.202416,0.23,1,3446130,3445699,431
239743341,4.00347,4.00386,422,31287,0.0689833,0.05,1,3446374,3445952,422
239760861,47.8653,43.1186,482,31690,0.0797072,0.31,1,3446653,3446171,482
239792981,75.5434,47.8653,502,32417,0.264063,0.13,1,3447155,3446653,502
240073301,23.2811,34.9139,499,38172,0.0222185,1,1,3450991,3450492,499
240079141,22.6682,33.8123,493,38282,0.021555,0.87,1,3451049,3450556,493
240117101,20.7278,22.6682,422,38993,0.0119823,0.05,1,3451471,3451049,422
240122941,54.2968,53.3517,423,39101,0.0223172,0.05,1,3451549,3451126,423
240157981,20.9436,21.9364,422,39744,0.0162833,0.03,1,3451915,3451493,422
240160901,55.1972,54.2968,423,39797,0.0365133,0.07,1,3451972,3451549,423
240175501,4.53291,4.63005,422,40062,0.0206395,0.01,1,3452120,3451698,422
240181341,42.0963,44.6616,463,40168,0.0405023,0.07,1,3452208,3451745,463
240184261,27.7548,39.2831,451,40221,0.0342009,0.09,1,3452235,3451784,451
240195941,20.896,19.8728,442,40429,0.0234835,0,1,3452336,3451894,442
240198861,56.1448,20.9436,479,40481,0.0393934,0.05,1,3452394,3451915,479
240271861,18.0177,17.1581,426,41766,0.0354341,0.09,1,3453163,3452737,426
240283541,31.6326,30.5925,426,41967,0.0705551,0.11,1,3453314,3452888,426
240292301,4.01533,4.06032,426,42117,0.0532355,0.03,1,3453388,3452962,426
240353621,17.3029,38.1933,442,43157,0.201331,0.13,1,3454011,3453569,442
240362381,47.362,53.2926,473,43304,0.202725,0.15,1,3454135,3453662,473
240718621,108.515,90.0623,505,21997,0.2332,0.73,1,3457937,3457432,505
240724461,44.5888,64.4452,466,22189,0.064912,0.19,1,3458053,3457587,466
240741981,73.1547,83.8252,496,22757,0.0894825,0.09,1,3458433,3457937,496
240744901,43.5577,73.5413,465,22850,0.065793,0.01,1,3458475,3458010,465
240882141,44.8102,74.4494,503,26866,0.941737,0.79,2,3461109,3460606,503
241010621,39.6934,36.3624,480,30139,0.209943,0.93,1,3463387,3462907,480
241016461,27.9342,31.8209,474,30279,0.0899908,0.86,1,3463479,3463005,474
241028141,24.3145,26.5304,453,30558,0.0586078,0.47,1,3463601,3463148,453
241098221,34.6933,83.0094,459,32178,0.248549,0.13,1,3464666,3464207,459
241413581,3.39761,34.9021,441,38630,0.0673629,0.31,1,3468992,3468551,441
241509941,44.8777,79.5532,472,40395,0.26409,0.19,1,3470124,3469652,472
241518701,25.2424,31.7447,453,40551,0.257622,0.15,1,3470205,3469752,453
241542061,33.2585,35.2753,468,40967,0.431136,0.27,1,3470432,3469964,468
241850121,24.3805,28.2207,435,21156,0.01922,0,1,3474122,3473687,435
241896841,76.1057,115.011,496,22707,0.0709732,0.07,1,3475162,3474666,496
241899761,57.0053,74.1506,480,22800,0.0703893,0.11,1,3475218,3474738,480
241917281,78.0887,116.114,500,23352,0.278406,0.07,1,3475588,3475088,500
242139201,24.647,69.8095,479,29457,0.0442888,0.71,1,3479756,3479277,479
242153801,24.6105,34.4002,447,29815,0.0371735,0.09,1,3479953,3479506,447
242156721,3.13053,26.42,423,29886,0.0208694,0.01,1,3479955,3479532,423
242159641,31.5065,31.721,424,29957,0.0263478,0.05,1,3479988,3479564,424
242188841,30.5521,31.5065,422,30656,0.0241268,0.01,1,3480410,3479988,422
242191761,113.628,112.725,423,30725,0.0276507,0.11,1,3480528,3480105,423
242212201,22.848,22.853,422,31204,0.0198486,0.05,1,3480798,3480376,422
242218041,30.5521,30.5521,422,31340,0.0451758,0.01,1,3480832,3480410,422
242238481,38.7282,38.2196,460,31810,0.0664695,0.03,1,3481197,3480737,460
242244321,3.04182,22.848,423,31943,0.0358351,0.05,1,3481221,3480798,423
242250161,112.678,30.5521,538,32075,0.0429336,0.05,1,3481370,3480832,538
242276441,32.4496,3.04182,455,32664,0.0362761,0.03,1,3481676,3481221,455
242390321,76.7428,33.8114,507,35101,0.410239,0.19,1,3483264,3482757,507
242647281,34.3855,29.1799,491,40054,0.281068,1,1,3486588,3486097,491
243280921,7.13213,6.89461,432,24726,0.23074,0.13,1,3494501,3494069,432
243301361,108.445,104.643,432,25320,0.424862,0.25,1,3494931,3494499,432
243374361,115.335,114.288,460,27336,0.930463,0.77,2,3496284,3495824,460
243543721,26.6556,101.036,456,31513,0.218486,0.19,1,3499111,3498655,456
244269341,481.308,549.835,469,20440,0.441995,0.87,1,3508344,3507875,469
244283941,75.669,65.9755,458,20954,0.0661292,0.01,1,3508704,3508246,458
244286861,37.0335,63.1488,430,21055,0.0444517,0.01,1,3508739,3508309,430
244336501,91.0879,88.4232,523,22707,0.447944,0.25,1,3509807,3509284,523
244637261,36.8934,40.9093,470,30863,0.0300719,0.82,1,3515524,3515054,470
244640181,32.2447,40.0455,462,30932,0.0120288,0.81,1,3515556,3515094,462
244663541,104.929,49.4973,537,31475,0.0788161,0.03,1,3515914,3515377,537
244669381,32.1348,36.8887,453,31609,0.0126106,0,1,3515977,3515524,453
244689821,45.7328,38.6545,474,32075,0.0547887,0.13,1,3516233,3515759,474
244692741,100.137,46.5827,530,32141,0.0639155,0.03,1,3516336,3515806,530
244698581,32.0753,34.6965,453,32273,0.0186265,0,1,3516398,3515945,453
244704421,33.2352,34.8567,457,32404,0.0689802,0.03,1,3516469,3516012,457
244707341,27.3118,34.0428,450,32469,0.0455921,0.03,1,3516496,3516046,450
244812461,41.6202,34.3564,475,34737,0.414702,0.27,1,3517892,3517417,475
245425661,17.8471,32.4294,431,20954,0.067193,0.05,1,3525874,3525443,431
245501581,77.0312,58.7607,515,23443,0.425715,0.35,1,3527531,3527016,515
245676781,45.5072,35.5293,491,28357,0.292861,1,1,3530915,3530424,491
245723501,41.3402,30.6529,464,29529,0.0566158,0.07,1,3531678,3531214,464
245814021,51.564,40.4325,485,31676,0.410915,0.29,1,3533010,3532525,485
246117701,24.8727,28.3059,483,37996,0.0477397,0.81,1,3537294,3536811,483
246120621,30.6936,28.9653,485,38052,0.0490959,0.65,1,3537325,3536840,485
246123541,37.6347,33.7483,489,38108,0.0496384,0.43,1,3537363,3536874,489
246176101,35.2229,33.3725,424,39092,0.0363041,0.01,1,3537988,3537564,424
246205301,47.0193,50.8217,424,39630,0.209194,0.05,1,3538290,3537866,424
246219901,33.5777,33.5281,424,39895,0.208283,0.15,1,3538489,3538065,424
246357141,38.1815,35.3291,454,42310,0.776472,0.73,2,3539975,3539521,454
246727981,58.7265,57.6811,454,24934,0.784369,0.65,2,3545825,3545371,454
246964501,33.189,33.1939,443,31068,0.782034,0.51,2,3549998,3549555,443
247113421,35.9226,44.792,512,34370,0.947812,1,2,3552272,3551760,512
247320741,31.4568,21.0973,503,38493,0.218319,0.85,1,3555172,3554669,503
247460901,53.6358,27.7153,506,41045,0.756693,0.63,2,3556762,3556256,506
247722241,3.98218,3.93418,437,21761,0.446279,0.37,1,3560451,3560014,437
247742681,4.08194,3.98218,444,22434,0.75258,0.51,2,3560895,3560451,444
247745601,108.504,105.649,447,22529,0.799032,0.51,2,3561009,3560562,447
247897441,3.51923,39.7552,441,26987,0.032711,0.21,1,3564093,3563652,441
247955841,42.0465,61.7588,467,28514,0.236404,0.11,1,3565048,3564581,467
247961681,76.5801,85.6544,505,28662,0.271825,0.25,1,3565214,3564709,505
247987961,79.525,87.6023,512,29320,0.412017,0.29,1,3565650,3565138,512
248501881,35.5777,33.1872,497,40056,0.292504,1,1,3572961,3572464,497
248531081,31.6272,32.3441,488,40580,0.0930667,0.55,1,3573289,3572801,488
248954481,61.6237,65.618,496,21666,0.761323,0.75,2,3578127,3577631,496
249115081,39.3932,49.9149,485,26514,0.275483,0.49,1,3581502,3581017,485
249129681,86.5905,84.6143,521,26911,0.437557,0.25,1,3581788,3581267,521
249328241,30.179,36.844,502,31817,0.0902091,1,1,3585123,3584621,502
249337001,16.5385,29.6779,480,32015,0.0597734,0.89,1,3585207,3584727,480
249342841,44.4538,32.5167,504,32147,0.0875637,0.55,1,3585287,3584783,504
249351601,90.9514,75.2868,525,32345,0.242964,0.09,1,3585485,3584960,525
249360361,42.265,30.179,464,32540,0.21979,0,1,3585587,3585123,464
249369121,35.9343,16.5385,460,32735,0.213987,0.05,1,3585667,3585207,460
249480081,106.486,72.9747,556,35106,0.756367,0.61,2,3587252,3586696,556
249681561,33.9921,32.9004,501,39042,0.237352,1,1,3589910,3589409,501
249690321,33.1355,32.107,497,39204,0.0394305,1,1,3590009,3589512,497
249929761,83.3587,32.2238,544,43399,0.904312,0.77,2,3592717,3592173,544
250151681,30.7114,20.1705,437,21861,0.031934,0.07,1,3595337,3594900,437
250195481,71.8326,30.6591,498,23274,0.259111,0.05,1,3596258,3595760,498
250432001,31.7092,27.1314,453,29753,0.0443048,0.05,1,3600696,3600243,453
250458281,25.328,26.1838,424,30387,0.0289437,0.05,1,3601088,3600664,424
250461201,31.6664,31.7092,424,30457,0.0535775,0.07,1,3601120,3600696,424
250487481,24.4249,25.328,422,31076,0.0351378,0.07,1,3601510,3601088,422
250490401,32.5712,31.6664,423,31144,0.0440551,0.05,1,3601543,3601120,423
250507921,56.8347,33.8343,483,31549,0.0882873,0.03,1,3601758,3601275,483
250519601,32.5261,24.4249,454,31817,0.0334122,0.05,1,3601964,3601510,454
250531281,66.1282,26.7584,495,32081,0.0865354,0.11,1,3602093,3601598,495
250548801,32.5712,23.522,455,32475,0.0835308,0.03,1,3602386,3601931,455
250560481,67.2207,30.5632,494,32735,0.0904104,0.11,1,3602519,3602025,494
250668521,104.456,54.0687,555,35046,0.772822,0.61,2,3604032,3603477,555
250849561,33.294,41.2343,503,38607,0.274134,1,1,3606458,3605955,503
250852481,24.4647,29.6117,498,38662,0.235654,1,1,3606482,3605984,498
250864161,14.8452,28.1457,480,38880,0.0662727,1,1,3606587,3606107,480
250870001,25.6871,30.1379,482,38988,0.0670036,1,1,3606671,3606189,482
250872921,14.5844,25.2569,471,39042,0.0328015,0.69,1,3606685,3606214,471
250995561,77.3746,26.5892,503,41253,0.0969895,0.01,1,3608098,3607595,503
252017561,82.5623,36.0558,541,32155,0.787794,0.73,2,3620976,3620435,541
252151881,57.8543,29.6663,538,35053,0.772912,1,2,3622961,3622423,538
252219041,3.40225,3.50234,434,36414,0.291308,0.33,1,3623802,3623368,434
252233641,45.917,47.9074,435,36704,0.294756,0.31,1,3623984,3623549,435
252248241,48.0465,49.8991,435,36990,0.423047,0.29,1,3624206,3623771,435
252257001,47.6675,48.6201,433,37161,0.405555,0.23,1,3624286,3623853,433
252578201,20.4612,22.3143,433,42962,0.276487,0.25,1,3628155,3627722,433
252630761,46.6834,39.7173,484,43838,0.439894,0.33,1,3628736,3628252,484
253181181,64.2591,63.0768,485,27768,0.445199,1,1,3636224,3635739,485
253216221,52.1808,51.5994,481,28669,0.2463,0.11,1,3636857,3636376,481
253487781,33.0448,43.4663,473,34868,0.0506892,0.29,1,3641032,3640559,473
253493621,22.5976,38.1087,451,34990,0.0501103,0.17,1,3641088,3640637,451
253499461,31.4065,42.9878,455,35110,0.0740176,0.09,1,3641159,3640704,455
253514061,31.0576,30.3456,455,35410,0.0476731,0.07,1,3641388,3640933,455
253516981,31.9529,31.9173,455,35470,0.0490693,0.05,1,3641420,3640965,455
253519901,34.8476,33.8959,456,35530,0.0496277,0.05,1,3641455,3640999,456
253610421,55.1674,39.2881,488,37329,0.436125,0.29,1,3642542,3642054,488
253890741,36.8052,36.6625,481,42415,0.429749,0.86,1,3646012,3645531,481
253902421,26.4158,32.3348,474,42615,0.26017,1,1,3646140,3645666,474
254235301,28.5121,33.9129,488,47927,0.928,0.91,2,3649690,3649202,488
254385681,5.65033,5.60257,451,24726,0.79002,0.63,2,3652118,3651667,451
254397361,53.554,51.5612,456,25067,0.920368,0.79,2,3652419,3651963,456
254493721,85.6871,92.1657,478,27721,0.934,1,2,3654258,3653780,478
254537521,34.1401,43.9501,469,28846,0.0849044,0.27,1,3655002,3654533,469
254607601,4.79287,4.69856,425,30558,0.0267322,0.11,1,3656065,3655640,425
254610521,46.7896,46.7849,425,30627,0.0406929,0.09,1,3656114,3655689,425
254639721,49.6364,46.7896,425,31311,0.29669,0.05,1,3656539,3656114,425
254692281,56.6731,69.4145,490,32505,0.416093,0.27,1,3657352,3656862,490
254968221,23.8582,56.9872,433,17414,0.0222189,0.07,1,3661401,3660968,433
254974061,67.4621,144.542,484,17657,0.033555,0.03,1,3661623,3661139,484
254982821,22.9533,78.1603,442,18015,0.0273475,0.01,1,3661822,3661380,442
255087941,99.0774,100.02,455,21855,0.928758,0.77,2,3664327,3663872,455
255263141,33.6637,38.4922,432,27062,0.266173,0.21,1,3667896,3667464,432
255268981,61.6442,57.8562,436,27218,0.298188,0.27,1,3667995,3667559,436
255511341,88.8877,99.2897,464,33053,0.76463,0.81,2,3671983,3671519,464
255744941,26.4568,37.304,453,37829,0.0952383,0.13,1,3675206,3674753,453
255923061,35.2159,39.3636,482,41097,0.756845,0.55,2,3677275,3676793,482
256361061,17.609,27.2546,436,22380,0.0276259,0.01,1,3682369,3681933,436
256366901,80.224,66.0456,450,22569,0.0344201,0.01,1,3682480,3682030,450
256390261,93.4064,80.224,519,23310,0.0475875,0.05,1,3682999,3682480,519
256399021,65.2363,51.633,489,23582,0.0378456,0,1,3683197,3682708,489
256635541,94.5714,96.4485,491,29998,0.922,1,2,3687393,3686902,491
256653061,55.4217,48.7324,488,30419,0.752375,1,2,3687707,3687219,488
256679341,23.1837,25.4332,462,31039,0.402089,0.69,1,3688112,3687650,462
256731901,65.0271,30.2442,510,32244,0.759885,0.53,2,3688932,3688422,510
256755261,77.8736,91.621,532,32765,0.917794,0.71,2,3689297,3688765,532
256904181,49.0411,50.5013,483,35907,0.77811,1,2,3691421,3690938,483
256924621,29.1824,30.228,475,36317,0.0743397,1,1,3691709,3691234,475
256933381,25.3188,27.4208,464,36491,0.0424377,0.83,1,3691804,3691340,464
256988861,78.3759,42.8484,510,37576,0.280538,0.25,1,3692510,3692000,510
257289621,31.5153,31.3751,470,42978,0.267237,0.85,1,3696070,3695600,470
257292541,17.7258,27.2188,460,43027,0.256895,0.85,1,3696087,3695627,460
257298381,72.3868,28.568,528,43125,0.272703,0.55,1,3696185,3695657,528
258005021,11.9437,5.80449,432,25412,0.0726331,0.01,1,3703471,3703039,432
258013781,58.6165,70.9158,478,25661,0.0807285,0.09,1,3703717,3703239,478
258066341,57.2083,55.4706,429,27110,0.0286746,0.17,1,3704630,3704201,429
258069261,59.8604,57.8735,431,27188,0.0534698,0.21,1,3704690,3704259,431
258080941,73.6521,72.6996,434,27498,0.0605528,0.07,1,3704831,3704397,434
258136421,102.533,72.7045,535,28927,0.436594,0.23,1,3705789,3705254,535
258352501,49.6883,56.9104,478,33916,0.0802135,1,1,3709184,3708706,478
258355421,24.3344,30.3955,472,33978,0.0500854,0.97,1,3709207,3708735,472
258370021,17.6562,1.66106,472,34288,0.0322025,0.69,1,3709358,3708886,472
258375861,105.067,38.1467,550,34412,0.0735524,0.07,1,3709498,3708948,550
258951101,35.4945,37.6641,475,25447,0.037499,0.95,1,3718992,3718517,475
258956941,43.2662,57.0942,507,25613,0.0503998,0.73,1,3719084,3718577,507
259100021,68.6714,79.5238,518,29390,0.785627,0.63,2,3721566,3721048,518
259281061,59.5351,60.4352,447,33561,0.769856,0.57,2,3724368,3723921,447
259523421,22.4098,30.1543,444,38439,0.0334763,0.05,1,3727695,3727251,444
259532181,25.4771,34.4959,447,38604,0.0398225,0.03,1,3727781,3727334,447
259535101,3.17385,25.4748,424,38659,0.015929,0.05,1,3727783,3727359,424
259540941,59.0029,52.5037,429,38769,0.0757486,0.11,1,3727885,3727456,429
259564301,25.0101,25.8205,424,39201,0.066907,0.07,1,3728145,3727721,424
259567221,35.4505,34.541,425,39255,0.0807628,0.03,1,3728181,3727756,425
259570141,23.6225,25.4771,423,39309,0.0503051,0,1,3728204,3727781,423
259573061,3.08113,3.17385,423,39363,0.050122,0.13,1,3728206,3727783,423
259587661,49.5759,47.6261,429,39631,0.0837741,0.21,1,3728414,3727985,429
259745341,54.4261,55.3666,452,42411,0.908067,0.61,2,3730167,3729715,452
260002301,30.8897,38.5043,452,46586,0.0547621,0,1,3733003,3732551,452
260005221,17.6945,30.4252,439,46631,0.0279048,0.11,1,3733020,3732581,439
260016901,41.5778,33.694,463,46811,0.0695944,0.11,1,3733149,3732686,463
260025661,27.3367,15.7267,449,46946,0.036854,0,1,3733219,3732770,449
260028581,32.7168,25.4863,456,46991,0.0447416,0.03,1,3733252,3732796,456
260031501,44.3858,32.6243,468,47036,0.0478966,0.01,1,3733297,3732829,468
260046101,25.515,28.7948,453,47261,0.0439689,0.05,1,3733425,3732972,453
260157061,43.3822,30.4645,473,48925,0.262192,0.17,1,3734428,3733955,473
260171661,44.5666,34.4339,475,49140,0.29392,0.25,1,3734577,3734102,475
260608201,25.0994,31.1723,444,25244,0.0693341,0.05,1,3739092,3738648,444
260695801,5.97917,6.02442,422,27652,0.0296269,0.05,1,3740568,3740146,422
260698721,81.999,80.1012,424,27729,0.0538508,0.01,1,3740654,3740230,424
260701641,39.2499,41.0551,422,27805,0.0395403,0.01,1,3740691,3740269,422
260704561,67.5125,66.6528,423,27881,0.0458161,0.03,1,3740760,3740337,423
260710401,55.4588,55.4566,423,28033,0.0289306,0.03,1,3740841,3740418,423
260722081,5.97905,5.97917,422,28334,0.0131726,0.07,1,3740990,3740568,422
260725001,82.949,81.999,423,28409,0.035269,0.07,1,3741077,3740654,423
260920641,87.5257,84.6282,459,33030,0.919407,0.75,2,3744032,3743573,459
261414121,24.418,31.3062,433,42493,0.212919,0.19,1,3750530,3750097,433
261478361,34.1147,32.5852,467,43573,0.443709,0.27,1,3751202,3750735,467
262049221,22.9304,32.3969,432,24613,0.0386694,0.03,1,3757378,3756946,432
262055061,65.1798,61.926,444,24785,0.0481871,0.05,1,3757476,3757032,444
262069661,45.3979,40.6073,428,25210,0.012599,0.01,1,3757784,3757356,428
262072581,18.4199,22.9304,423,25294,0.00503961,0.05,1,3757801,3757378,423
262075501,32.271,30.5965,425,25378,0.0200158,0.05,1,3757834,3757409,425
262084261,58.1179,61.9129,480,25627,0.068241,0.09,1,3758021,3757541,480
262095941,18.4194,45.3979,438,25956,0.019171,0,1,3758222,3757784,438
262104701,62.2606,67.1635,484,26200,0.0389069,0.05,1,3758387,3757903,484
262119301,17.5096,45.3888,438,26602,0.037944,0.01,1,3758643,3758205,438
262128061,64.0726,67.211,486,26840,0.0641084,0.03,1,3758811,3758325,486
262142661,46.9967,46.1918,424,27232,0.0232837,0.05,1,3759051,3758627,424
262154341,65.1197,64.0726,426,27542,0.0726441,0.07,1,3759237,3758811,426
262206901,67.2475,68.3418,493,28894,0.259976,0.09,1,3760088,3759595,493
263135461,7.61124,22.7828,479,46681,0.0559629,0.96,1,3772089,3771610,479
263141301,30.419,23.4745,493,46771,0.0725541,0.81,1,3772140,3771647,493
263179261,5.84912,19.2249,430,47356,0.0286521,0.07,1,3772512,3772082,430
263182181,2.19246,7.61124,425,47401,0.0114609,0.09,1,3772514,3772089,425
263185101,19.1096,19.3806,425,47445,0.0705843,0.07,1,3772534,3772109,425
263225981,7.74686,5.84912,425,48061,0.0319392,0,1,3772937,3772512,425
263228901,2.28734,2.19246,425,48105,0.0307757,0.11,1,3772939,3772514,425
263231821,21.9644,19.1096,428,48149,0.0663103,0.15,1,3772962,3772534,428
263272701,9.64427,7.74686,424,48758,0.0252081,0.03,1,3773361,3772937,424
263278541,21.9691,21.9644,424,48844,0.0532333,0.09,1,3773386,3772962,424
263293141,35.5359,25.7676,463,49059,0.0890859,0.19,1,3773530,3773067,463
263348621,41.4339,29.7763,467,49869,0.285308,0.15,1,3774052,3773585,467
263894661,63.1876,64.9423,524,29337,0.900344,0.83,2,3780456,3779932,524
263999781,30.9354,25.8071,504,31831,0.78815,0.98,2,3782177,3781673,504
264026061,28.7885,24.1508,490,32424,0.771243,0.81,2,3782606,3782116,490
264028981,29.9394,29.7075,490,32489,0.782497,0.77,2,3782636,3782146,490
264040661,51.5708,43.5044,512,32749,0.925744,0.71,2,3782803,3782291,512
264195421,24.7471,28.7231,469,36011,0.759181,0.97,2,3785018,3784549,469
264694741,13.1359,9.46681,432,21156,0.0287066,0.11,1,3791432,3791000,432
264744381,58.2078,103.979,487,22800,0.404568,0.29,1,3792554,3792067,487
265080181,38.8365,49.4488,477,31743,0.0744512,0.21,1,3798806,3798329,477
265083101,27.5918,46.1724,458,31810,0.0717805,0.11,1,3798833,3798375,458
265159021,4.45321,4.35598,426,33496,0.0421476,0.07,1,3799843,3799417,426
265176541,26.5004,26.5475,426,33874,0.218774,0.11,1,3800110,3799684,426
265179461,32.675,32.6774,426,33936,0.23751,0.01,1,3800143,3799717,426
265191141,4.40761,4.45321,422,34184,0.0269602,0.05,1,3800265,3799843,422
265199901,41.0714,37.2667,466,34370,0.0566855,0.13,1,3800439,3799973,466
265261221,42.4755,88.563,470,35640,0.287315,0.15,1,3801249,3800779,470
265366341,43.7584,95.2154,499,37716,0.939569,0.75,2,3802593,3802094,499
265617461,18.1816,22.0196,448,42260,0.757922,0.53,2,3805665,3805217,448
265637901,34.0426,33.0922,455,42610,0.927539,0.69,2,3805924,3805469,455
265643741,37.6576,36.7527,455,42709,0.946406,0.69,2,3805993,3805538,455
266785461,30.6792,34.6363,447,33094,0.235105,0.49,1,3820106,3819659,447
266913941,104.796,103.534,462,35797,0.92545,0.81,2,3821866,3821404,462
267521301,39.5654,33.9792,443,21370,0.077488,0.03,1,3829517,3829074,443
267535901,71.7785,44.7892,467,21861,0.0879135,0.07,1,3829888,3829421,467
267559261,15.0886,3.58893,438,22626,0.0565186,0.13,1,3830326,3829888,438
267562181,42.5544,10.6294,471,22720,0.0766074,0.19,1,3830370,3829899,471
267661461,61.9486,79.6633,494,25702,0.401671,0.25,1,3832316,3831822,494
268079021,37.4273,30.5433,467,35586,0.21691,0.15,1,3839090,3838623,467
268172461,43.4546,32.1895,494,37440,0.758237,0.59,2,3840272,3839778,494
268189981,3.52786,30.6096,455,37776,0.753275,0.69,2,3840454,3839999,455
268195821,69.3588,36.2715,526,37888,0.757724,0.67,2,3840565,3840039,526
268446941,32.8918,31.8468,445,42414,0.754997,0.49,2,3843597,3843152,445
268467381,43.7318,42.5963,452,42762,0.756287,0.73,2,3843860,3843408,452
268741861,20.9624,20.8207,428,22342,0.405331,0.21,1,3847360,3846932,428
268744781,40.9481,36.191,433,22437,0.444132,0.23,1,3847402,3846969,433
268788581,91.3973,41.9507,539,23815,0.758236,0.55,2,3848383,3847844,539
268998821,58.7346,16.5444,509,29539,0.757212,0.57,2,3852339,3851830,509
269001741,77.9867,57.8272,528,29611,0.788885,0.57,2,3852418,3851890,528
269717141,78.2917,64.6436,533,20386,0.916826,0.71,2,3862992,3862459,533
269836861,49.0204,50.5088,455,24288,0.205942,0.69,1,3865722,3865267,455
270102581,35.888,41.3132,441,31238,0.099756,0.23,1,3870426,3869985,441
270105501,25.5444,35.3157,431,31306,0.0939024,0.23,1,3870451,3870020,431
270260261,26.613,37.2632,457,34704,0.412969,0.23,1,3872585,3872128,457
270269021,3.4922,30.8488,434,34887,0.41019,0.23,1,3872648,3872214,434
270315741,35.6356,34.6463,451,35843,0.750369,0.59,2,3873321,3872870,451
270321581,63.1691,62.2166,452,35961,0.754859,0.63,2,3873414,3872962,452
270534741,30.4834,34.6876,451,40022,0.0487455,0.53,1,3876176,3875725,451
270543501,32.1779,40.9351,469,40181,0.0619197,0.29,1,3876271,3875802,469
270546421,22.5089,38.1468,453,40234,0.0427679,0.21,1,3876293,3875840,453
270563941,22.0935,24.7729,443,40546,0.0237566,0,1,3876456,3876013,443
270569781,39.6227,71.3594,459,40650,0.0410011,0.01,1,3876567,3876108,459
270578541,35.4257,27.1742,458,40806,0.0398241,0.05,1,3876661,3876203,458
270598981,20.8919,21.4055,445,41167,0.0393043,0.03,1,3876855,3876410,445
270613581,21.8066,34.2811,446,41422,0.0437465,0.11,1,3877047,3876601,446
270619421,35.9645,35.4257,458,41524,0.0921994,0.05,1,3877119,3876661,458
270636941,18.9278,18.8378,424,41830,0.065218,0.03,1,3877258,3876834,424
270666141,21.0876,22.0349,427,42330,0.0917375,0.13,1,3877571,3877144,427
270677821,19.0109,18.9278,424,42530,0.0860125,0.07,1,3877682,3877258,424
270712861,22.3777,29.5027,446,43121,0.0860973,0.09,1,3878048,3877602,446
270771261,37.6721,69.3951,466,44089,0.245335,0.15,1,3878683,3878217,466
270902661,39.6698,70.4425,489,46193,0.755504,0.67,2,3880015,3879526,489
271133341,33.1854,35.2449,465,23278,0.0504936,0.45,1,3882651,3882186,465
271142101,71.6769,69.39,497,23550,0.0961116,0.05,1,3882847,3882350,497
271150861,57.6003,69.152,478,23819,0.0457511,0,1,3883042,3882564,478
271156701,3.564,33.1854,425,23997,0.0421202,0.13,1,3883076,3882651,425
271168381,69.0435,69.1338,426,24348,0.201478,0.07,1,3883342,3882916,426
271258901,72.9842,71.5914,521,26915,0.7807,0.55,2,3885020,3884499,521
271641421,26.6305,36.713,484,35766,0.272788,0.89,1,3891167,3890683,484
271755301,35.661,47.1746,489,38003,0.759525,0.67,2,3892608,3892119,489
271769901,42.4623,51.1515,498,38280,0.911128,0.71,2,3892841,3892343,498
271950941,11.9431,27.3419,488,41560,0.0450827,1,1,3895037,3894549,488
272403541,34.4938,33.878,500,48799,0.919287,1,2,3899811,3899311,500
272635681,5.25189,5.81052,451,27692,0.764356,0.53,2,3903828,3903377,451
272659041,66.2327,67.0378,458,28297,0.947692,0.77,2,3904284,3903826,458
272819641,15.2705,47.2631,458,32151,0.085975,0.41,1,3906941,3906483,458
272828401,51.138,61.6562,477,32349,0.0964624,0.13,1,3907078,3906601,477
272831321,46.2569,52.4828,471,32414,0.068585,0.05,1,3907124,3906653,471
272834241,31.7628,49.1741,453,32479,0.045434,0.03,1,3907155,3906702,453
272924761,52.2853,55.6244,494,34441,0.441904,0.45,1,3908380,3907886,494
273190481,29.5143,33.1675,492,39636,0.0257739,1,1,3911964,3911472,492
273467881,35.4946,61.9894,493,44411,0.915339,0.77,2,3914991,3914498,493
273678121,33.9451,31.1476,457,47707,0.773937,0.69,2,3917191,3916734,457
274215401,63.2197,63.4999,482,30522,0.927126,1,2,3924778,3924296,482
274218321,31.661,35.475,478,30591,0.904851,1,2,3924808,3924330,478
274402281,32.9544,35.739,509,34679,0.91,1,2,3927652,3927143,509
274451921,3.56242,33.2721,423,35702,0.015274,0.01,1,3928350,3927927,423
274457761,34.4464,33.5707,424,35820,0.0684438,0.11,1,3928410,3927986,424
274460681,24.5223,26.3785,422,35879,0.0453775,0.05,1,3928434,3928012,422
274475281,66.7094,63.8619,425,36174,0.0632775,0.03,1,3928666,3928241,425
274481121,39.7343,37.9697,424,36290,0.0617244,0.01,1,3928739,3928315,424
274484041,31.4367,33.2485,422,36348,0.0426898,0.01,1,3928770,3928348,422
274486961,3.47184,3.56242,422,36406,0.0170759,0.05,1,3928772,3928350,422
274492801,33.5912,34.4464,423,36522,0.0567321,0.03,1,3928833,3928410,423
274504481,26.7336,26.7788,422,36754,0.0194043,0.03,1,3928958,3928536,422
274507401,61.1867,61.1889,422,36811,0.0257617,0.09,1,3929021,3928599,422
274510321,71.4593,66.7094,427,36868,0.0403047,0.19,1,3929093,3928666,427
274513241,34.923,34.6855,427,36925,0.0341219,0.01,1,3929126,3928699,427
274519081,31.1998,31.4367,422,37039,0.0258595,0,1,3929192,3928770,422
274545361,72.4071,61.1867,494,37550,0.0314507,0.05,1,3929515,3929021,494
274559961,27.7227,3.45999,450,37830,0.0218453,0.01,1,3929644,3929194,450
274568721,29.5936,20.8244,455,37998,0.0227581,0.03,1,3929734,3929279,455
274580401,72.4069,61.1413,494,38220,0.0261666,0.05,1,3929936,3929442,494
274603761,3.04109,21.8718,425,38660,0.0122967,0.03,1,3930129,3929704,425
274624201,40.8435,35.141,430,39040,0.0999051,0.09,1,3930437,3930007,430
274665081,28.7417,26.7422,429,39791,0.0643203,0.15,1,3930892,3930463,429
274694281,71.6305,64.8875,494,40320,0.0807858,0.05,1,3931205,3930711,494
274700121,41.9791,39.6822,466,40424,0.0381257,0.05,1,3931287,3930821,466
274708881,19.1715,3.33709,445,40580,0.03724,0.07,1,3931339,3930894,445
274723481,43.1376,25.802,471,40840,0.0918213,0.11,1,3931476,3931005,471
274761441,45.9877,26.7522,471,41506,0.282078,0.11,1,3931903,3931432,471
275127901,17.6374,16.6448,429,22247,0.20249,0.13,1,3936389,3935960,429
275130821,50.2819,49.2822,430,22342,0.206996,0.11,1,3936441,3936011,430
275326461,92.4465,95.0971,487,27992,0.781072,1,2,3940415,3939928,487
275341061,20.2433,29.8462,479,28368,0.430389,1,1,3940563,3940084,479
275367341,17.3902,24.8661,460,29032,0.215981,0.41,1,3941003,3940543,460
275376101,105.376,75.5756,544,29251,0.251663,0.27,1,3941215,3940671,544
275909001,33.0633,41.5353,454,25111,0.0677939,0.61,1,3952180,3951726,454
275929441,89.9219,115.24,512,25696,0.0979623,0.07,1,3952572,3952060,512
276735361,18.3682,25.4521,481,42759,0.0822193,0.94,1,3964099,3963618,481
276752881,17.5625,1.61634,465,43053,0.0512494,0.59,1,3964295,3963830,465
276755801,37.9281,19.0808,484,43102,0.0744998,0.47,1,3964334,3963850,484
276779161,35.0729,18.3682,460,43494,0.0682269,0.01,1,3964559,3964099,460
276822961,52.0109,35.0729,476,44215,0.429631,0.15,1,3965035,3964559,476
277196721,77.4947,83.4935,519,23550,0.758476,0.49,2,3969265,3968746,519
277333961,37.4369,31.7764,495,27461,0.292639,1,1,3971952,3971457,495
277369001,24.0751,24.4719,422,28372,0.205217,0.07,1,3972530,3972108,422
277377761,84.249,52.7756,507,28595,0.241854,0.11,1,3972719,3972212,507
277652241,26.0654,36.8747,472,34868,0.0849637,0.49,1,3976943,3976471,472
277777801,40.2332,44.6573,485,37386,0.756974,0.55,2,3978532,3978047,485
278061041,28.458,32.6264,484,42515,0.415497,0.96,1,3982100,3981616,484
278072721,19.8002,32.1874,481,42714,0.211325,1,1,3982226,3981745,481
278282961,36.0915,35.877,493,46134,0.915794,0.73,2,3984413,3983920,493
278563281,3.12792,24.6441,428,23997,0.20586,0.17,1,3987718,3987290,428
278566201,80.9064,80.0822,430,24085,0.244344,0.13,1,3987803,3987373,430
279045081,3.44286,32.917,429,35707,0.0801266,0.03,1,3995606,3995177,429
279161881,24.4458,33.7136,454,38003,0.413147,0.21,1,3997101,3996647,454
279269921,36.0054,34.9628,459,40007,0.910939,0.75,2,3998428,3997969,459
279461181,14.8552,24.9149,434,19642,0.0373301,0.05,1,4000892,4000458,434
279464101,97.6428,32.5957,503,19750,0.044932,0.03,1,4000994,4000491,503
279487461,136.952,78.0321,564,20594,0.215643,0.17,1,4001635,4001071,564
280042261,24.2087,13.1681,486,35068,0.0893977,0.69,1,4011568,4011082,486
280062701,113.944,37.0407,550,35488,0.243922,0.07,1,4011898,4011348,550
280934321,30.5825,34.1185,483,33687,0.0985478,1,1,4026570,4026087,483
281165001,50.4567,41.0348,487,38329,0.410286,0.31,1,4029488,4029001,487
281170841,3.92614,39.5751,439,38439,0.410046,0.33,1,4029530,4029091,439
281223401,45.7808,44.8308,446,39417,0.764851,0.53,2,4030134,4029688,446
281492041,22.119,44.3558,443,44071,0.058772,0.03,1,4033316,4032873,443
281503721,15.8205,31.4075,437,44263,0.0435046,0.03,1,4033426,4032989,437
281509561,38.8946,35.9885,461,44359,0.0489607,0.03,1,4033503,4033042,461
281538761,23.8107,23.906,422,44831,0.0260725,0.03,1,4033762,4033340,422
281544601,29.652,31.4098,423,44925,0.0365716,0.05,1,4033834,4033411,423
281550441,39.6891,36.891,425,45019,0.0406515,0.07,1,4033889,4033464,425
281597161,36.1846,36.1845,423,45763,0.0358236,0.03,1,4034348,4033925,423
281728561,36.7488,36.7511,436,47792,0.437353,0.31,1,4035598,4035162,436
281778201,40.7876,37.9374,446,48538,0.761032,0.53,2,4036082,4035636,446
281792801,54.7284,54.7284,446,48753,0.782523,0.49,2,4036216,4035770,446
282086261,15.6214,31.8974,430,24699,0.0599063,0.03,1,4039331,4038901,430
282124221,46.9071,64.2774,468,25792,0.210126,0.09,1,4040043,4039575,468
282156341,18.3244,45.5273,444,26682,0.0981861,0.11,1,4040607,4040163,444
282252701,54.0273,70.6011,498,29186,0.774612,0.51,2,4042208,4041710,498
282261461,17.444,42.8301,469,29403,0.772215,0.65,2,4042349,4041880,469
282267301,90.5311,58.8171,549,29547,0.794354,0.73,2,4042506,4041957,549
282433741,50.9725,57.8058,482,33383,0.0731367,1,1,4045121,4044639,482
282436661,31.9986,35.1903,479,33446,0.0592547,0.9,1,4045152,4044673,479
282439581,26.2999,33.1095,472,33509,0.0297019,0.95,1,4045178,4044706,472
282763701,29.1737,48.5073,484,39904,0.929175,1,2,4049397,4048913,484
282865901,28.0277,27.07,456,41716,0.771127,0.67,2,4050590,4050134,456
282886341,30.5085,30.3682,457,42068,0.904062,0.71,2,4050854,4050397,457
282900941,40.0384,39.0882,460,42318,0.904352,0.75,2,4050956,4050496,460
283103881,38.0104,35.1492,445,21652,0.777474,0.45,2,4053740,4053295,445
283112641,84.2128,82.2198,448,21945,0.781998,0.55,2,4053894,4053446,448
283138921,91.503,103.886,547,22800,0.927489,0.77,2,4054546,4053999,547
283141841,78.6752,87.8443,538,22893,0.916996,0.77,2,4054624,4054086,538
283220681,78.6211,80.4728,485,25272,0.778449,1,2,4056252,4055767,485
283439681,55.9777,65.497,480,30932,0.75544,1,2,4060190,4059710,480
283477641,25.8727,46.6424,466,31810,0.0599214,0.25,1,4060742,4060276,466
283486401,25.6437,37.2886,447,32009,0.021595,0.01,1,4060841,4060394,447
283495161,42.872,96.5365,462,32207,0.0275421,0,1,4061012,4060550,462
283512681,38.8179,35.4936,460,32599,0.027421,0.03,1,4061238,4060778,460
283521441,3.34173,29.7822,423,32794,0.0137549,0.03,1,4061294,4060871,423
283524361,97.0671,97.4391,424,32858,0.023502,0.03,1,4061396,4060972,424
283553561,3.29422,3.34173,422,33496,0.0127135,0.03,1,4061716,4061294,422
283556481,97.0647,97.0671,422,33559,0.0350854,0.03,1,4061818,4061396,422
283687881,99.9077,98.9601,423,36287,0.0744455,0.05,1,4063507,4063084,423
283696641,57.2001,58.1476,423,36461,0.0395645,0.09,1,4063608,4063185,423
284569721,64.0107,66.4324,477,23541,0.209612,0.35,1,4073324,4072847,477
284581401,29.3173,17.5006,445,23899,0.208358,0.13,1,4073526,4073081,445
284584321,65.1159,30.325,481,23988,0.281343,0.23,1,4073593,4073112,481
284642721,79.2492,64.8446,531,25697,0.790274,0.65,2,4074727,4074196,531
284774121,47.3461,33.2813,525,29174,0.78664,1,2,4077147,4076622,525
284826681,33.6277,32.7728,423,30453,0.0377936,0.03,1,4077986,4077563,423
284829601,40.6314,40.5886,423,30522,0.0451174,0.05,1,4078027,4077604,423
284835441,37.2466,38.1965,422,30660,0.0372188,0.05,1,4078068,4077646,422
284838361,29.4123,29.4598,422,30729,0.0208875,0.05,1,4078097,4077675,422
284841281,48.9706,48.023,423,30798,0.026355,0.09,1,4078147,4077724,423
284852961,45.5517,45.5541,422,31072,0.00825869,0.05,1,4078375,4077953,422
284873401,68.9529,48.9701,493,31546,0.0356737,0.01,1,4078640,4078147,493
284885081,35.5275,45.5517,456,31814,0.0268812,0.05,1,4078831,4078375,456
284902601,69.8577,49.0585,492,32211,0.0594093,0.03,1,4079062,4078570,492
284914281,35.5275,45.5492,457,32473,0.0143369,0.03,1,4079253,4078796,457
284920121,4.07882,41.6764,426,32603,0.0106939,0.05,1,4079299,4078873,426
284996041,45.773,44.8228,426,34249,0.0948543,0.13,1,4080264,4079838,426
285025241,3.55589,31.2179,425,34862,0.0515757,0.09,1,4080639,4080214,425
285036921,70.4673,42.2469,496,35104,0.216696,0.09,1,4080868,4080372,496
285831161,522.172,509.142,520,21900,0.922,1,2,4090135,4089615,520
285842841,91.7905,81.6588,510,22285,0.763715,1,2,4090464,4089954,510
285985921,30.7341,36.2338,509,26548,0.0171789,1,1,4093429,4092920,509
285994681,59.4216,37.7053,533,26787,0.0459795,0.62,1,4093614,4093081,533
286012201,32.63,30.7341,424,27258,0.0273506,0.03,1,4093853,4093429,424
286047241,57.8045,58.517,426,28176,0.0595073,0.09,1,4094463,4094037,426
286114401,4.66258,54.4913,424,29856,0.0417,0.01,1,4095465,4095041,424
286158201,62.421,60.5211,424,30903,0.0984273,0.09,1,4096157,4095733,424
286248721,69.7457,68.0521,427,32958,0.254923,0.11,1,4097433,4097006,427
286251641,39.5873,39.5026,427,33022,0.251969,0.11,1,4097471,4097044,427
286254561,3.87936,3.87513,427,33086,0.250788,0.17,1,4097473,4097046,427
286277921,26.9151,26.9148,435,33594,0.433977,0.23,1,4097796,4097361,435
286324641,57.9597,70.4938,506,34587,0.758403,0.61,2,4098487,4097981,506
286342161,28.8268,6.39638,484,34953,0.754977,0.69,2,4098693,4098209,484
286345081,71.7413,27.8698,529,35013,0.799991,0.73,2,4098767,4098238,529
286368441,93.6848,30.697,554,35493,0.940142,0.73,2,4099119,4098565,554
286488161,31.2894,28.1865,505,37856,0.93616,1,2,4100708,4100203,505
286514441,24.0101,27.8767,498,38355,0.0809106,1,1,4101058,4100560,498
286567001,3.3029,3.25767,424,39335,0.0771212,0.11,1,4101630,4101206,424
286569921,25.8151,24.8629,425,39389,0.0848485,0.13,1,4101657,4101232,425
286584521,71.7001,72.51,427,39656,0.229397,0.09,1,4101863,4101436,427
286590361,24.8793,25.8788,425,39762,0.203503,0.03,1,4101908,4101483,425
286604961,3.21275,3.3029,423,40027,0.0368647,0.09,1,4102053,4101630,423
286607881,26.7606,25.8151,424,40080,0.0567459,0.09,1,4102081,4101657,424
286672121,30.9253,48.5067,460,41223,0.226188,0.19,1,4102845,4102385,460
286794761,33.1626,54.2545,490,43321,0.935238,0.79,2,4104186,4103696,490
286800601,28.1554,30.0606,489,43419,0.914038,0.85,2,4104245,4103756,489
286803521,3.30777,28.103,463,43468,0.911615,0.81,2,4104247,4103784,463
286809361,53.6833,28.6653,516,43565,0.922258,0.79,2,4104332,4103816,516
286818121,29.6372,3.65158,493,43709,0.907905,0.83,2,4104401,4103908,493
286821041,33.7819,29.6326,496,43757,0.909162,0.83,2,4104435,4103939,496
286981641,36.2631,33.752,518,46335,0.930698,1,2,4106244,4105726,518
286987481,25.2657,33.0019,507,46426,0.774112,1,2,4106299,4105792,507
287022521,16.5132,27.2599,485,46966,0.0179541,0.95,1,4106670,4106185,485
287372921,30.1751,32.4991,490,52075,0.926186,0.79,2,4109849,4109359,490
287387521,3.49746,30.992,466,52275,0.912009,0.87,2,4109988,4109522,466
287396281,35.0293,35.5386,500,52395,0.930769,0.87,2,4110088,4109588,500
287704341,34.4158,23.1683,461,26846,0.0781621,0.17,1,4113627,4113166,461
287777341,50.1189,53.3317,471,28753,0.215444,0.05,1,4114841,4114370,471
287888301,52.4995,61.7622,515,31429,0.925413,0.89,2,4116592,4116077,515
287993421,32.0578,28.8514,498,33767,0.9004,1,2,4118201,4117703,498
288393461,19.8277,16.6849,449,41465,0.207348,0.11,1,4123374,4122925,449
288396381,63.6914,22.6842,492,41516,0.232939,0.11,1,4123440,4122948,492
288825621,23.2239,17.6076,442,22380,0.0320788,0.03,1,4128285,4127843,442
288837301,85.6964,67.4356,507,22757,0.0327412,0.05,1,4128584,4128077,507
288843141,46.5267,55.5536,468,22943,0.0280386,0.03,1,4128685,4128217,468
288846061,23.2263,46.4777,444,23035,0.0172154,0.03,1,4128707,4128263,444
288857741,86.5989,98.9288,507,23401,0.0241047,0.05,1,4129006,4128499,507
288863581,46.529,56.5348,468,23582,0.0170568,0.01,1,4129107,4128639,468
288875261,97.9788,78.5756,521,23940,0.0339887,0.01,1,4129342,4128821,521
288886941,45.5652,46.529,422,24293,0.0240541,0.03,1,4129529,4129107,422
288895701,81.4753,78.5756,427,24554,0.0468995,0.01,1,4129670,4129243,427
288901541,6.61619,6.79894,423,24726,0.00990391,0.05,1,4129767,4129344,423
288907381,57.2065,56.3045,423,24897,0.0339846,0.01,1,4129907,4129484,423
288910301,44.6603,45.5652,422,24982,0.0315938,0.01,1,4129951,4129529,422
288913221,24.083,24.1283,422,25067,0.0186375,0.11,1,4129974,4129552,422
288916141,36.3541,33.5064,425,25152,0.073455,0.03,1,4130011,4129586,425
288933661,42.8078,53.4003,465,25653,0.0859655,0.03,1,4130372,4129907,465
288936581,23.9904,44.47,444,25736,0.0403862,0.01,1,4130395,4129951,444
288954101,59.9611,80.1282,480,26226,0.0622294,0.05,1,4130753,4130273,480
288957021,41.9481,58.1564,464,26307,0.0548918,0.11,1,4130794,4130330,464
288959941,23.9474,42.8078,445,26388,0.0219567,0.01,1,4130817,4130372,445
288968701,92.5852,80.8575,520,26628,0.0630852,0.15,1,4131039,4130519,520
289459261,38.4649,49.3498,509,37688,0.0496115,0.98,1,4138521,4138012,509
289462181,31.3732,36.6675,504,37744,0.0378446,0.95,1,4138552,4138048,504
289465101,26.2687,34.1334,496,37800,0.0151378,0.81,1,4138578,4138082,496
290060781,87.3612,76.9829,502,21997,0.213999,0.84,1,4145088,4144586,502
290069541,70.1233,56.2971,490,22285,0.093136,0.33,1,4145311,4144821,490
290084141,103.273,62.6402,528,22757,0.232573,0.09,1,4145616,4145088,528
290104581,107.173,70.4598,542,23401,0.43253,0.25,1,4146053,4145511,542
290116261,66.8226,44.3542,508,23762,0.405969,0.41,1,4146288,4145780,508
290335261,31.7786,35.1125,505,29714,0.293988,1,1,4150414,4149909,505
290370301,4.17119,4.44945,429,30558,0.213296,0.21,1,4150897,4150468,429
290376141,35.9204,35.0186,429,30696,0.272927,0.11,1,4150969,4150540,429
290411181,38.28,44.4643,470,31513,0.439992,0.31,1,4151484,4151014,470
290656461,37.7942,39.8916,469,36723,0.0447234,0.87,1,4155104,4154635,469
290659381,28.4897,32.3946,465,36781,0.0178894,0.91,1,4155132,4154667,465
290665221,28.1437,30.9085,464,36895,0.0160623,0.73,1,4155191,4154727,464
290671061,25.0554,28.2923,453,37009,0.01457,0.65,1,4155242,4154789,453
290688581,71.5431,31.5021,495,37351,0.0319221,0.01,1,4155489,4154994,495
291453621,86.6006,35.0569,529,23369,0.797018,0.63,2,4164308,4163779,529
291821541,28.6901,29.4017,428,32868,0.225127,0.09,1,4170826,4170398,428
291841981,29.1561,30.0109,429,33316,0.239583,0.17,1,4171146,4170717,429
291844901,39.4578,38.5505,430,33379,0.245833,0.19,1,4171186,4170756,430
291970461,56.9201,55.8747,462,36002,0.946967,0.85,2,4172904,4172442,462
292157341,36.9426,35.3421,447,39583,0.766393,0.47,2,4175329,4174882,447
292215741,43.8932,39.9671,505,40635,0.939877,0.89,2,4176015,4175510,505
292218661,59.1947,43.7984,521,40687,0.945951,0.81,2,4176075,4175554,521
292341301,29.5911,22.6875,488,42812,0.927614,1,2,4177533,4177045,488
292376341,50.7721,27.1621,528,43400,0.938305,1,2,4177934,4177406,528
292628921,45.3766,1.58393,471,22626,0.0352373,0.09,1,4181210,4180739,471
292634761,63.7159,79.234,484,22813,0.042838,0.13,1,4181352,4180868,484
292661041,75.8314,85.8358,504,23636,0.0717738,0.17,1,4181943,4181439,504
292912161,36.4335,38.2556,463,30387,0.0545969,0.79,1,4186422,4185959,463
292920921,34.0003,36.1499,451,30595,0.0176542,0.49,1,4186543,4186092,451
292967641,79.8816,57.7291,503,31683,0.0966304,0.09,1,4187231,4186728,503
292973481,52.2122,36.3393,475,31817,0.0694609,0.01,1,4187319,4186844,475
292979321,35.898,34.0058,457,31949,0.0315137,0.05,1,4187388,4186931,457
292982241,30.2949,34.0003,453,32015,0.0306055,0.07,1,4187418,4186965,453
293093201,79.3711,67.3108,510,34437,0.428579,0.31,1,4188948,4188438,510
293370601,31.6388,34.8785,449,39846,0.41476,0.59,1,4192554,4192105,449
293373521,27.2319,29.2939,447,39899,0.411904,0.49,1,4192581,4192134,447
293376441,73.5616,73.6647,447,39952,0.446762,0.37,1,4192657,4192210,447
294386761,83.564,79.8043,461,27344,0.913203,0.81,2,4204062,4203601,461
294512321,28.0969,35.2758,457,30497,0.0593556,0.67,1,4206194,4205737,457
294515241,23.2548,26.4638,454,30566,0.0297422,0.51,1,4206217,4205763,454
294553201,68.6855,61.8384,493,31454,0.0901831,0.07,1,4206811,4206318,493
294588241,23.9241,39.5343,449,32252,0.0889014,0.13,1,4207298,4206849,449
294608681,64.6506,40.0088,491,32708,0.249557,0.13,1,4207592,4207101,491
295194141,3.59199,31.947,426,21066,0.0510274,0.05,1,4215480,4215054,426
295205821,66.8437,64.899,426,21466,0.0553063,0.05,1,4215822,4215396,426
295313861,79.0574,81.8597,457,24859,0.93692,0.77,2,4218036,4217579,457
295474461,26.4414,32.9233,451,29175,0.0821596,0.15,1,4220988,4220537,451
295494901,31.5509,61.0272,456,29679,0.214997,0.11,1,4221353,4220897,456
295795661,31.2108,38.944,449,36290,0.0935934,0.39,1,4225790,4225341,449
295798581,29.1105,32.3472,446,36348,0.0914374,0.37,1,4225819,4225373,446
295839461,22.8704,24.6778,426,37153,0.084187,0.17,1,4226288,4225862,426
295862821,59.8202,78.2555,483,37606,0.203322,0.13,1,4226614,4226131,483
296224901,28.2518,36.1357,482,44024,0.0860083,0.53,1,4230898,4230416,482
296420541,28.7594,40.2398,487,47127,0.915605,0.77,2,4232862,4232375,487
296438061,3.55817,32.1184,465,47397,0.910991,0.89,2,4233016,4232551,465
296756341,60.3656,50.3549,514,26589,0.916662,0.69,2,4237311,4236797,514
296931541,43.1209,43.0703,451,31004,0.908151,0.65,2,4240294,4239843,451
296934461,51.556,48.7035,454,31072,0.945261,0.61,2,4240346,4239892,454
297176821,34.759,33.7616,447,36290,0.756942,0.51,2,4243880,4243433,447
297185581,60.9373,60.9372,447,36464,0.781164,0.53,2,4243962,4243515,447
297641101,34.1618,33.3915,446,44597,0.756063,0.51,2,4249559,4249113,446
297644021,36.8581,35.8696,447,44644,0.764425,0.55,2,4249596,4249149,447
297877621,38.2246,54.033,481,48277,0.917727,1,2,4252085,4251604,481
298009021,23.6342,14.8367,473,50202,0.78595,0.59,2,4253378,4252905,473
298225101,61.6472,34.5682,540,53220,0.916,1,2,4255446,4254906,540
298233861,18.6705,29.2026,512,53339,0.774544,1,2,4255533,4255021,512
298286421,15.572,18.6705,456,54041,0.424826,0.71,1,4255989,4255533,456
298376941,19.4435,28.678,469,55235,0.772573,0.59,2,4256738,4256269,469
298400301,28.3216,34.4311,480,55539,0.778375,0.63,2,4256951,4256471,480
298832461,6.03646,5.98646,449,30853,0.77741,0.67,2,4261589,4261140,449
298975541,50.2615,52.0326,495,34051,0.915996,1,2,4263843,4263348,495
299033941,39.9441,37.9036,474,35272,0.21054,0.17,1,4264649,4264175,474
299039781,45.7474,39.3773,475,35392,0.250886,0.13,1,4264736,4264261,475
299141981,45.7496,40.8947,490,37427,0.783945,0.53,2,4266009,4265519,490
299442741,30.0432,29.0933,451,42848,0.757707,0.59,2,4269685,4269234,451
299466101,38.147,40.9371,489,43240,0.915431,0.69,2,4269956,4269467,489
300158141,34.4331,38.5763,475,28289,0.0906993,0.94,1,4278917,4278442,475
300181501,72.7403,55.2301,503,28882,0.0994459,0.07,1,4279306,4278803,503
300187341,30.2019,34.4331,451,29028,0.0183113,0,1,4279368,4278917,451
300193181,54.273,54.7111,480,29174,0.0329298,0.09,1,4279483,4279003,480
300584461,46.11,10.3106,475,37662,0.0134616,0,1,4285110,4284635,475
300593221,58.8155,39.2125,481,37830,0.0563015,0.01,1,4285229,4284748,481
300599061,35.1545,38.0505,457,37942,0.0222082,0.05,1,4285301,4284844,457
300631181,39.9884,58.8155,461,38550,0.0542887,0.03,1,4285690,4285229,461
300634101,33.3494,38.0908,457,38605,0.0277155,0.01,1,4285723,4285266,457
300745061,38.9909,56.8678,472,40632,0.443333,0.27,1,4286976,4286504,472
301051661,25.2822,27.3348,464,45764,0.270148,0.63,1,4290424,4289960,464
301118821,37.8258,33.6144,467,46812,0.276625,0.11,1,4291090,4290623,467
301537841,18.9276,28.7211,426,24785,0.0994427,0.03,1,4295374,4294948,426
301558281,17.5475,17.5519,426,25378,0.0440645,0.11,1,4295781,4295355,426
301567041,75.7077,71.2973,497,25627,0.0616201,0.11,1,4295946,4295449,497
302510201,36.287,41.4524,468,44978,0.0571814,0.85,1,4308907,4308439,468
302513121,30.3144,31.5226,467,45025,0.0288726,0.83,1,4308937,4308470,467
302516041,27.1657,31.0261,463,45072,0.011549,0.77,1,4308964,4308501,463
302621161,34.9113,31.3188,464,46726,0.0966311,0.17,1,4309982,4309518,464
302773001,36.0759,36.5586,485,49016,0.76672,0.57,2,4311426,4310941,485
302819721,37.031,37.5175,496,49701,0.913645,0.77,2,4311886,4311390,496
302822641,13.2515,36.0759,472,49743,0.911458,0.77,2,4311898,4311426,472
303135081,65.5471,56.7957,520,25874,0.943732,0.71,2,4315625,4315105,520
303257721,37.8985,32.9049,516,29113,0.243909,1,1,4317852,4317336,516
303307361,32.173,30.1352,427,30325,0.0587075,0.05,1,4318642,4318215,427
303354081,34.3075,59.8627,455,31423,0.0936902,0.09,1,4319289,4318834,455
303365761,33.254,55.23,455,31691,0.0758865,0.07,1,4319489,4319034,455
303371601,31.1006,32.9606,455,31825,0.0757418,0.07,1,4319553,4319098,455
303389121,56.6606,51.1154,482,32221,0.208786,0.05,1,4319823,4319341,482
303488401,62.6411,54.2763,509,34383,0.785308,0.59,2,4321204,4320695,509
303494241,33.2641,36.2357,484,34505,0.779649,0.65,2,4321274,4320790,484
303508841,38.2034,60.1155,493,34810,0.926368,0.77,2,4321485,4320992,493
304107441,37.7048,43.852,442,21055,0.0357871,0.09,1,4329148,4328706,442
304157081,73.6651,103.638,494,22707,0.0813123,0.07,1,4330208,4329714,494
304160001,59.7333,73.5819,481,22800,0.0505249,0.09,1,4330267,4329786,481
304165841,39.8593,73.144,465,22986,0.050084,0.15,1,4330381,4329916,465
304168761,32.393,42.6072,456,23078,0.0380336,0.01,1,4330413,4329957,456
304183361,75.9968,59.7333,499,23533,0.223042,0.05,1,4330766,4330267,499
304656401,27.3332,40.9854,496,35221,0.0517355,0.87,1,4338673,4338177,496
304679761,3.44949,32.0101,424,35699,0.0365693,0.05,1,4338919,4338495,424
304682681,31.5225,32.9505,424,35758,0.0806277,0.07,1,4338952,4338528,424
304688521,31.8563,33.6649,424,35876,0.0861004,0.05,1,4339070,4338646,424
304697281,16.8332,19.5433,423,36053,0.0580704,0.07,1,4339145,4338722,423
304700201,25.5417,23.7772,425,36112,0.0772282,0.11,1,4339171,4338746,425
304703121,82.0271,81.9389,425,36171,0.0968913,0.11,1,4339256,4338831,425
304711881,28.1873,30.9897,423,36345,0.052761,0.03,1,4339340,4338917,423
304714801,3.30936,3.44949,423,36403,0.0271044,0.11,1,4339342,4338919,423
304717721,34.3655,31.5225,426,36461,0.0288418,0.03,1,4339378,4338952,426
304726481,26.381,26.2928,425,36635,0.0169659,0.05,1,4339521,4339096,425
304758601,32.6709,81.7859,452,37265,0.0832917,0.01,1,4339916,4339464,452
304884161,90.7633,87.9154,453,39630,0.752169,0.67,2,4341431,4340978,453
305187841,36.8518,34.8904,431,44830,0.206553,0.19,1,4344924,4344493,431
305219961,40.6272,36.8224,431,45347,0.271487,0.19,1,4345220,4344789,431
305365961,43.4119,41.5546,453,47615,0.910681,0.63,2,4346684,4346231,453
305368881,17.3706,17.2777,453,47659,0.910272,0.65,2,4346700,4346247,453
305371801,27.4685,26.5139,454,47703,0.934109,0.71,2,4346728,4346274,454
305663801,27.0193,11.3516,440,23899,0.0606571,0.03,1,4349868,4349428,440
305666721,66.901,30.9676,477,23988,0.0662628,0.09,1,4349937,4349460,477
306168961,26.7423,25.7945,423,36115,0.0273528,0.01,1,4358154,4357731,423
306180641,37.3953,37.3501,423,36348,0.0595962,0.03,1,4358268,4357845,423
306183561,3.76976,3.76751,423,36406,0.0538385,0,1,4358270,4357847,423
306212761,30.4699,25.9051,427,36982,0.0607667,0.05,1,4358657,4358230,427
306218601,3.54368,3.76976,422,37096,0.0517227,0.03,1,4358692,4358270,422
306250721,31.9214,30.4699,454,37718,0.0643834,0.05,1,4359111,4358657,454
306256561,30.5748,3.54368,453,37830,0.0319013,0.03,1,4359145,4358692,453
306262401,58.7389,72.7789,479,37942,0.0351042,0.03,1,4359278,4358799,479
306265321,37.1369,58.7389,457,37998,0.0320417,0.03,1,4359314,4358857,457
306274081,26.8374,42.7455,448,38165,0.0282107,0.05,1,4359421,4358973,448
306350001,25.9366,25.8868,424,39579,0.0278658,0.09,1,4360267,4359843,424
306352921,30.7468,30.7443,424,39632,0.0531463,0.09,1,4360298,4359874,424
306376281,4.91912,4.931,422,40056,0.0230615,0.05,1,4360548,4360126,422
306385041,43.684,37.129,465,40215,0.0396359,0.01,1,4360663,4360198,465
306411321,60.145,67.6496,481,40684,0.0776005,0.01,1,4360967,4360486,481
306414241,4.90725,60.3825,423,40736,0.0490402,0.01,1,4360969,4360546,423
306449281,55.3499,62.8996,483,41353,0.0699462,0.03,1,4361390,4360907,483
306455121,30.6334,4.90725,455,41455,0.0387914,0.03,1,4361424,4360969,455
306601121,48.4138,35.3291,498,43928,0.751148,0.63,2,4362992,4362494,498
306612801,64.9045,62.0457,518,44120,0.753677,0.65,2,4363152,4362634,518
306618641,26.8573,5.04761,483,44216,0.750588,0.67,2,4363182,4362699,483
307377841,41.756,57.2802,510,34953,0.933939,1,2,4374762,4374252,510
307526761,30.817,39.3662,504,37912,0.0198316,0.97,1,4376851,4376347,504
307541361,23.2028,36.9912,476,38190,0.0196911,0.59,1,4376983,4376507,476
307550121,66.3319,71.1335,488,38355,0.0840602,0.05,1,4377133,4376645,488
307553041,29.9166,67.2067,449,38410,0.0636241,0.07,1,4377161,4376712,449
307564721,3.35297,30.817,424,38630,0.0281728,0.05,1,4377275,4376851,424
307588081,68.004,66.3319,425,39065,0.0851885,0.05,1,4377558,4377133,425
307596841,50.1353,49.1898,424,39227,0.0416921,0.03,1,4377669,4377245,424
307599761,28.1568,29.0595,423,39281,0.0346768,0.03,1,4377696,4377273,423
307602681,3.30784,3.35297,423,39335,0.0318707,0,1,4377698,4377275,423
307608521,34.2083,33.3059,423,39443,0.0350993,0.13,1,4377753,4377330,423
307626041,70.8015,68.004,425,39762,0.049217,0.09,1,4377983,4377558,425
307640641,3.40237,3.30784,424,40027,0.0452496,0.05,1,4378122,4377698,424
307655241,22.1249,24.4507,444,40291,0.0592634,0.07,1,4378254,4377810,444
307669841,30.9594,29.1901,455,40551,0.0617877,0.09,1,4378465,4378010,455
307672761,49.048,29.9595,475,40603,0.0787151,0.15,1,4378515,4378040,475
307681521,17.2629,3.40237,439,40759,0.0652778,0.05,1,4378561,4378122,439
307696121,31.6015,22.1249,457,41019,0.0817404,0.13,1,4378711,4378254,457
307701961,67.054,48.0303,496,41121,0.0982785,0.01,1,4378829,4378333,496
308369181,71.0628,60.1727,527,23541,0.92919,0.92,2,4385902,4385375,527
308383781,27.2439,40.8752,485,23988,0.771073,0.99,2,4386194,4385709,485
308669941,36.4199,54.8186,518,31479,0.937955,1,2,4391384,4390866,518
308693301,33.5585,32.2742,504,32013,0.445501,1,1,4391755,4391251,504
308973621,23.2381,9.05689,468,37830,0.0880769,0.43,1,4395652,4395184,468
308976541,71.4619,28.9528,512,37886,0.0892308,0.13,1,4395726,4395214,512
308991141,46.7727,25.2601,470,38165,0.0520145,0.05,1,4395913,4395443,470
309773701,539.075,555.603,514,23360,0.904,1,2,4404605,4404091,514
309808741,68.2752,48.6515,491,23451,0.23464,0.86,1,4404988,4404497,491
309814581,33.0882,39.7841,482,23631,0.0843424,0.84,1,4405054,4404572,482
309922621,84.3878,73.6088,534,26748,0.772345,0.57,2,4407107,4406573,534
310094901,40.6214,35.0626,500,31072,0.430814,1,1,4410094,4409594,500
310103661,18.4683,26.5331,486,31276,0.286532,0.93,1,4410173,4409687,486
310109501,33.1537,43.7663,510,31412,0.287045,1,1,4410243,4409733,510
310392741,22.0918,35.9696,497,37381,0.0743896,0.77,1,4414329,4413832,497
310567941,35.4619,41.341,497,40632,0.916509,0.81,2,4416471,4415974,497
311070181,23.4712,32.2416,470,29102,0.790929,0.55,2,4425001,4424531,470
311073101,22.0736,22.5121,470,29175,0.790372,0.57,2,4425023,4424553,470
311090621,82.3391,30.8299,542,29608,0.936217,0.81,2,4425409,4424867,542
311236621,39.6983,25.4664,512,32990,0.924237,1,2,4427727,4427215,512
311598701,13.6064,1.50726,461,40162,0.0611601,0.53,1,4432517,4432056,461
311601621,26.3303,14.3254,473,40215,0.066464,0.41,1,4432544,4432071,473
311639581,23.5282,13.6064,449,40892,0.0521015,0.07,1,4432966,4432517,449
311642501,36.3264,26.3303,459,40944,0.0868406,0.15,1,4433003,4432544,459
311662941,65.1346,28.8934,490,41302,0.215862,0.05,1,4433260,4432770,490
312007501,67.2674,31.7518,542,46947,0.945999,1,2,4437021,4436479,542
312019181,21.0847,30.6517,517,47127,0.932618,1,2,4437132,4436615,517
312340381,13.2648,0.964337,480,51815,0.914371,0.95,2,4440284,4439804,480
312346221,38.4132,27.1249,508,51897,0.934699,0.99,2,4440351,4439843,508
312628001,21.9177,21.7747,452,27421,0.776982,0.65,2,4443884,4443432,452
312639681,44.9109,43.9606,456,27729,0.782179,0.71,2,4444037,4443581,456
312674721,50.7759,87.2156,506,28632,0.937698,0.77,2,4444688,4444182,506
313028041,30.5913,24.4164,499,36499,0.416176,1,1,4450195,4449696,499
313106881,26.3132,15.0689,448,38032,0.0583371,0.01,1,4451128,4450680,448
313124401,56.8189,33.3371,482,38363,0.0723753,0.15,1,4451389,4450907,482
313136081,41.1197,23.5455,464,38583,0.0547968,0.07,1,4451515,4451051,464
313153601,12.9733,13.9303,423,38911,0.03249,0.05,1,4451658,4451235,423
313156521,60.4987,60.5465,423,38965,0.042996,0.05,1,4451721,4451298,423
313171121,21.5891,24.3936,423,39235,0.0355475,0.05,1,4451896,4451473,423
313182801,25.1852,27.0849,424,39451,0.075454,0.07,1,4451979,4451555,424
313235361,38.0326,59.5485,461,40403,0.23827,0.11,1,4452604,4452143,461
313566781,141.385,118.94,508,20544,0.4012,1,1,4456428,4455920,508
313590141,78.5215,87.2413,425,21356,0.269044,0.11,1,4456938,4456513,425
313607661,110.421,107.431,434,21945,0.445642,0.31,1,4457295,4456861,434
313800381,43.7067,41.3121,427,27599,0.0855645,0.01,1,4461173,4460746,427
313803301,25.9353,27.7156,425,27676,0.0522258,0.09,1,4461198,4460773,425
313817901,75.4385,72.6381,425,28057,0.0769028,0.13,1,4461496,4461071,425
313899661,82.3179,81.3758,437,30098,0.431247,0.33,1,4462787,4462350,437
314188741,3.39581,3.39129,429,36403,0.402477,0.15,1,4466995,4466566,429
314197501,29.4267,25.5839,432,36577,0.426319,0.35,1,4467092,4466660,432
314200421,87.9213,82.9792,437,36635,0.428527,0.33,1,4467183,4466746,437
314499721,486.09,540.288,471,18980,0.442,0.75,1,4470933,4470462,471
314511401,55.7088,114.678,458,19424,0.0749152,0.07,1,4471266,4470808,458
314514321,50.2854,65.5839,445,19533,0.0719661,0.11,1,4471316,4470871,445
314528921,56.6581,107.119,476,20070,0.0729385,0.07,1,4471689,4471213,476
314531841,53.1829,55.706,476,20176,0.0471754,0.07,1,4471742,4471266,476
314534761,19.7591,50.2853,444,20281,0.0368702,0.11,1,4471760,4471316,444
314540601,69.3994,115.076,491,20490,0.0454992,0.01,1,4471947,4471456,491
315331921,32.8919,34.0043,467,39598,0.0431462,0.81,1,4484842,4484375,467
315337761,28.1547,32.1,460,39704,0.0297034,0.63,1,4484901,4484441,460
315346521,24.4779,26.3071,450,39863,0.028061,0.49,1,4485041,4484591,450
315366961,28.7309,27.6954,452,40234,0.0726631,0.01,1,4485230,4484778,452
315372801,31.0893,32.8917,452,40338,0.0968261,0.07,1,4485294,4484842,452
315375721,28.1545,31.0946,449,40390,0.0687304,0.01,1,4485322,4484873,449
315410761,30.3222,32.7865,456,41014,0.243884,0.13,1,4485719,4485263,456
315428281,26.4261,29.7239,453,41320,0.0409983,0.15,1,4485945,4485492,453
315431201,25.0713,25.2362,453,41371,0.0343993,0.15,1,4485970,4485517,453
315437041,35.4977,25.9506,464,41473,0.0427039,0.17,1,4486032,4485568,464
315542161,48.5108,56.3157,480,43268,0.441878,0.25,1,4487143,4486663,480
315583041,48.6084,58.2158,491,43945,0.774248,0.45,2,4487586,4487095,491
315869201,26.2909,28.3354,491,48424,0.0451158,1,1,4490636,4490145,491
315927601,24.7178,22.2903,447,49285,0.0272941,0.07,1,4491157,4490710,447
315950961,32.9088,29.2742,458,49628,0.201216,0.09,1,4491390,4490932,458
315991841,34.5742,44.5792,461,50216,0.266009,0.13,1,4491753,4491292,461
316140761,34.769,49.334,482,52312,0.798394,0.59,2,4493082,4492600,482
316485321,4.25063,26.0568,426,26760,0.0408512,0.07,1,4496710,4496284,426
316488241,47.7125,40.2528,435,26839,0.0943405,0.17,1,4496760,4496325,435
316511601,4.24849,4.25104,423,27464,0.0867219,0.13,1,4497133,4496710,423
316540801,54.358,51.5124,427,28225,0.219472,0.17,1,4497614,4497187,427
316558321,73.9532,53.9839,498,28672,0.240129,0.17,1,4497940,4497442,498
316584601,73.9985,54.0646,508,29330,0.41954,0.25,1,4498373,4497865,508
316593361,58.1635,4.17488,496,29546,0.415891,0.31,1,4498482,4497986,496
316964201,76.0384,39.5246,530,37557,0.932089,0.67,2,4503897,4503367,530
317453301,34.9699,38.1052,474,28138,0.0709087,0.75,1,4513055,4512581,474
317459141,32.6249,36.2903,454,28288,0.0293454,0.59,1,4513113,4512659,454
317473741,38.6438,136.484,461,28660,0.0607517,0.07,1,4513372,4512911,461
317479581,35.8641,72.3987,457,28808,0.0565203,0.07,1,4513479,4513022,457
317616821,37.1067,135.081,483,32078,0.775371,0.63,2,4515563,4515080,483
317800781,33.1263,37.8452,482,35996,0.768604,0.93,2,4518234,4517752,482
318332221,33.6704,43.5769,492,45441,0.78929,1,2,4524803,4524311,492
318358501,30.2431,36.1751,485,45855,0.0314849,0.85,1,4525105,4524620,485
318416901,24.252,29.0862,445,46766,0.031073,0.03,1,4525651,4525206,445
318425661,29.1847,29.8431,453,46901,0.0780687,0.11,1,4525740,4525287,453
318428581,26.1592,29.0422,450,46946,0.0732275,0.05,1,4525766,4525316,450
318449021,14.6313,27.3957,438,47261,0.0680116,0.07,1,4525965,4525527,438
318504501,3.43133,3.3862,425,48100,0.0650517,0.09,1,4526447,4526022,425
318551221,3.43371,3.43133,425,48796,0.217813,0.13,1,4526872,4526447,425
318580421,31.2252,35.5118,455,49226,0.225111,0.13,1,4527164,4526709,455
318723501,40.4066,38.4116,462,51281,0.910459,0.81,2,4528476,4528014,462
318726421,35.2703,35.1706,462,51322,0.910184,0.83,2,4528511,4528049,462
318729341,36.9135,35.9585,463,51363,0.922074,0.83,2,4528548,4528085,463
318741021,33.5769,34.5743,462,51527,0.903109,0.81,2,4528655,4528193,462
318977541,16.7166,17.9723,433,25328,0.0281796,0.05,1,4531111,4530678,433
318983381,62.5993,78.9899,449,25495,0.0369087,0.05,1,4531231,4530782,449
319000901,14.0091,30.3322,437,25990,0.0229128,0.03,1,4531532,4531095,437
319006741,63.6375,54.9858,487,26153,0.060066,0.05,1,4531655,4531168,487
319009661,84.8819,62.5993,510,26234,0.0780264,0.05,1,4531741,4531231,510
319027181,58.6026,14.0091,482,26716,0.0622108,0.01,1,4532014,4531532,482
319135221,65.3971,52.038,508,29507,0.755247,0.47,2,4533802,4533294,508
319301661,29.3909,34.2855,498,33350,0.75112,1,2,4536465,4535967,498
319333781,27.0172,29.3909,452,34040,0.0637595,0.41,1,4536917,4536465,452
319336701,18.4509,28.0695,442,34102,0.0435038,0.29,1,4536935,4536493,442
319360061,53.7596,31.3225,476,34595,0.0871301,0.05,1,4537286,4536810,476
319398021,27.0242,26.438,453,35381,0.0380003,0.09,1,4537764,4537311,453
319403861,25.6701,17.5461,453,35501,0.02648,0.13,1,4537809,4537356,453
319406781,36.4335,25.5773,464,35561,0.028592,0.17,1,4537846,4537382,464
319497301,60.2351,27.4199,489,37359,0.263351,0.17,1,4538990,4538501,489
320174741,113.983,36.714,568,22943,0.796003,0.53,2,4547283,4546715,568
320195181,116.841,37.6681,580,23582,0.940871,0.83,2,4547745,4547165,580
320329501,24.002,24.094,452,27413,0.912372,0.63,2,4550388,4549936,452
320332421,28.7501,27.8047,453,27490,0.922949,0.63,2,4550417,4549964,453
320335341,22.3375,22.2902,453,27567,0.90318,0.67,2,4550439,4549986,453
320341181,122.701,117.001,459,27721,0.913709,0.83,2,4550570,4550111,459
320487181,61.4833,65.3934,456,31311,0.783761,0.75,2,4553063,4552607,456
320726621,2.63574,2.58563,447,36433,0.754017,0.57,2,4556554,4556107,447
320729541,31.4818,29.5793,449,36491,0.775607,0.57,2,4556587,4556138,449
320901821,39.1023,42.9091,481,39762,0.94,1,2,4558904,4558423,481
321244921,28.8891,33.9599,441,27140,0.419214,0.37,1,4565690,4565249,441
321279961,39.882,38.7826,449,28063,0.785747,0.59,2,4566298,4565849,449
321481441,27.7676,30.9501,426,32861,0.0273382,0.07,1,4569554,4569128,426
321563201,32.0853,124.905,458,34617,0.42679,0.25,1,4570688,4570230,458
322059601,30.9291,68.2949,448,20347,0.0131377,0.19,1,4577158,4576710,448
322065441,71.5173,102.818,494,20555,0.022502,0.05,1,4577351,4576857,494
322085881,70.4036,71.5173,422,21267,0.016613,0.03,1,4577773,4577351,422
322103401,113.222,116.072,422,21858,0.0577199,0.01,1,4578127,4577705,422
322106321,70.2611,70.4036,422,21955,0.029088,0.01,1,4578195,4577773,422
322272761,73.7944,70.7893,531,26908,0.91487,0.75,2,4581458,4580927,531
322383721,33.8355,31.6087,506,29750,0.768496,1,2,4583420,4582914,506
322462561,62.1409,44.9148,508,31614,0.788826,0.53,2,4584639,4584131,508
322652361,23.8703,38.375,491,35702,0.234853,1,1,4587445,4586954,491
322687401,17.8325,23.8703,427,36406,0.0298827,0.01,1,4587872,4587445,427
322731201,62.3506,29.5757,485,37267,0.0397587,0.11,1,4588440,4587955,485
322772081,36.4507,28.7675,458,38054,0.0221035,0.01,1,4588925,4588467,458
322789601,36.4955,28.853,461,38385,0.0753257,0.07,1,4589127,4588666,461
323023201,36.6191,35.662,463,42562,0.920184,0.87,2,4591764,4591301,463
323029041,57.8515,58.7042,464,42662,0.935629,0.89,2,4591840,4591376,464
323262641,26.0075,24.2501,450,46452,0.215572,0.07,1,4594397,4593947,450
323265561,31.7004,25.9125,456,46497,0.248229,0.11,1,4594429,4593973,456
323309361,33.6525,26.0075,466,47172,0.44806,0.27,1,4594863,4594397,466
323846641,528.059,521.568,522,24820,0.766,1,2,4600111,4599589,522
323867081,73.4035,88.3883,470,26125,0.755636,0.53,2,4600520,4600050,470
324258361,32.5648,27.2913,456,35359,0.21544,0.09,1,4606822,4606366,456
324261281,32.9782,31.7646,457,35419,0.248176,0.07,1,4606855,4606398,457
324264201,71.9489,32.9382,498,35479,0.28527,0.09,1,4606929,4606431,498
324270041,29.8199,25.4473,455,35598,0.272443,0.11,1,4606983,4606528,455
324369321,73.0414,35.8311,523,37563,0.75354,0.57,2,4608256,4607733,523
324585401,33.6413,32.6996,503,41516,0.0657967,1,1,4610991,4610488,503
324591241,22.9791,28.2492,468,41618,0.0645275,0.9,1,4611017,4610549,468
324681761,41.4469,30.9255,472,43162,0.250509,0.19,1,4611958,4611486,472
325035081,48.7222,33.5496,490,21997,0.42856,0.82,1,4615865,4615375,490
325075961,103.686,57.8766,550,23310,0.750382,0.53,2,4616752,4616202,550
325379641,34.1497,1.84208,525,31379,0.447632,1,1,4622364,4621839,525
325715441,70.5079,4.15548,533,38355,0.942321,0.79,2,4626810,4626277,533
325981161,27.2738,1.53131,478,43076,0.77709,0.67,2,4629949,4629471,478
325987001,36.7382,31.5438,491,43174,0.795134,0.73,2,4630018,4629527,491
326223521,33.4041,17.6176,442,21861,0.045701,0.13,1,4632833,4632391,442
326270241,85.4861,108.927,522,23365,0.424936,0.35,1,4633891,4633369,522
326436681,48.1552,42.1651,495,28068,0.213297,1,1,4637139,4636644,495
326448361,32.0786,38.5168,466,28368,0.0508204,0.93,1,4637339,4636873,466
326506761,30.2523,36.8489,452,29824,0.0381549,0.05,1,4638251,4637799,452
326568081,3.50545,3.46247,423,31280,0.0356047,0.03,1,4639101,4638678,423
326573921,87.0763,30.4087,514,31415,0.0524968,0.13,1,4639224,4638710,514
327432401,12.1743,11.1339,426,22342,0.0210552,0.13,1,4650377,4649951,426
327435321,63.3087,61.3567,428,22437,0.0384221,0.17,1,4650443,4650015,428
327438241,66.8154,64.8178,430,22532,0.0453688,0.17,1,4650510,4650080,430
327873321,94.567,102.647,490,33753,0.794838,1,2,4658194,4657704,490
327920041,28.9152,50.019,474,34742,0.435703,0.51,1,4658836,4658362,474
328045601,46.8996,97.9526,511,37269,0.931441,0.93,2,4660504,4659993,511
328165321,35.9,36.0849,492,39528,0.796048,1,2,4662071,4661579,492
328194521,26.3561,33.5954,471,40058,0.0545465,0.92,1,4662438,4661967,471
328203281,34.7923,33.9192,497,40217,0.057491,0.73,1,4662532,4662035,497
328232481,26.3527,33.1213,447,40738,0.0337506,0.05,1,4662859,4662412,447
328255841,30.3756,35.5594,457,41151,0.0682959,0.19,1,4663109,4662652,457
328270441,28.0554,33.0542,449,41406,0.0315825,0.01,1,4663282,4662833,449
328419361,35.3277,42.404,481,43930,0.788739,0.55,2,4664858,4664377,481
328425201,15.0508,33.926,464,44026,0.784998,0.59,2,4664907,4664443,464
328431041,26.4476,69.1498,478,44122,0.7892,0.67,2,4665007,4664529,478
328708441,19.2963,24.6042,431,22093,0.06472,0.05,1,4668171,4667740,431
328714281,90.7257,93.2565,454,22285,0.0667552,0,1,4668370,4667916,454
328717201,44.4363,55.9628,442,22380,0.0447021,0.03,1,4668412,4667970,442
328737641,44.441,90.7237,465,23035,0.0464017,0.03,1,4668835,4668370,465
328825241,92.1838,95.9838,519,25653,0.424626,0.17,1,4670490,4669971,519
329015041,35.7378,26.2882,506,30558,0.294362,1,1,4673834,4673328,506
329327481,85.5478,116.584,535,17088,0.752517,0.67,2,4679135,4678600,535
329444281,16.3492,20.0045,428,21501,0.225901,0.03,1,4682162,4681734,428
329450121,71.5759,68.8775,428,21698,0.284544,0.13,1,4682338,4681910,428
329467641,101.522,101.517,432,22278,0.438451,0.33,1,4682700,4682268,432
329639921,117.07,121.446,495,27329,0.931926,1,2,4686215,4685720,495
329645761,78.9527,86.1836,495,27483,0.908708,1,2,4686332,4685837,495
329663281,34.3414,42.402,479,27942,0.780879,0.89,2,4686573,4686094,479
329695401,39.5107,106.217,498,28765,0.937239,0.87,2,4687181,4686683,498
329858921,37.5108,48.3981,494,32628,0.934636,0.75,2,4689866,4689372,494
330156761,2.73838,16.8127,424,18133,0.0722748,0.05,1,4694457,4694033,424
330159681,162.587,163.291,424,18250,0.0949099,0.05,1,4694628,4694204,424
330165521,55.2215,57.0757,423,18482,0.0283856,0.09,1,4694775,4694352,423
330177201,163.537,162.587,425,18937,0.0531907,0.03,1,4695053,4694628,425
330431241,5.16063,65.2667,424,26984,0.0317152,0.09,1,4700468,4700044,424
330442921,97.5161,95.7995,424,27296,0.0764119,0.05,1,4700723,4700299,424
330454601,66.063,65.2125,423,27605,0.0312361,0.03,1,4700889,4700466,423
330457521,5.20315,5.16063,423,27682,0.0184945,0.05,1,4700891,4700468,423
330463361,38.3455,37.4429,423,27835,0.0881591,0.07,1,4701014,4700591,423
330483801,5.24137,5.20315,423,28363,0.0772059,0.01,1,4701314,4700891,423
330489641,36.6356,82.663,461,28512,0.0831529,0.09,1,4701439,4700978,461
330597681,97.1814,92.4219,462,31139,0.910515,0.83,2,4703173,4702711,462
331172921,29.5758,27.673,453,42461,0.757135,0.67,2,4710895,4710442,453
331175841,33.7788,33.6837,453,42511,0.788854,0.69,2,4710929,4710476,453
331205041,36.2793,37.2293,456,43004,0.914018,0.69,2,4711212,4710756,456
331764221,61.5371,73.8723,460,24164,0.923689,0.81,2,4717406,4716946,460
331866421,91.7334,98.6974,488,27063,0.934,1,2,4719475,4718987,488
331883941,38.3827,49.0583,476,27529,0.40346,1,1,4719766,4719290,476
331889781,26.8385,29.6676,474,27683,0.279354,0.91,1,4719854,4719380,474
331907301,23.6691,26.6542,444,28139,0.203073,0.41,1,4720171,4719727,444
331939421,55.8738,35.3835,487,28955,0.41225,0.23,1,4720694,4720207,487
332208061,18.6599,35.0534,473,35044,0.0547346,0.67,1,4724875,4724402,473
332710301,75.7803,92.2438,498,20555,0.0610492,0.03,1,4731266,4730768,498
332721981,25.0704,85.1652,445,20965,0.0278189,0.03,1,4731500,4731055,445
332856301,109.408,106.56,458,25198,0.946614,0.81,2,4734236,4733778,458
333183341,25.0097,32.8603,455,33310,0.0671409,0.57,1,4739837,4739382,455
333186261,24.0505,30.143,449,33373,0.0328563,0.35,1,4739861,4739412,449
333265101,63.5746,54.5448,486,35044,0.0613749,0,1,4740919,4740433,486
333273861,32.5051,24.0513,454,35224,0.032008,0.05,1,4741055,4740601,454
333285541,45.936,24.7703,471,35464,0.0735394,0.13,1,4741176,4740705,471
333425701,50.8335,27.6703,499,38220,0.759365,0.53,2,4742923,4742424,499
333443221,87.6493,58.1815,543,38550,0.927416,0.65,2,4743190,4742647,543
333638861,42.792,30.5002,491,42062,0.414122,1,1,4745585,4745094,491
333650541,23.6568,25.397,485,42262,0.202266,1,1,4745697,4745212,485
333656381,22.1941,25.286,477,42362,0.0911625,1,1,4745745,4745268,477
333685581,18.621,19.7245,434,42858,0.0191491,0.25,1,4746071,4745637,434
333703101,32.2554,35.2482,455,43152,0.0209584,0.05,1,4746236,4745781,455
333720621,38.3599,46.1461,459,43446,0.0316986,0.05,1,4746444,4745985,459
333723541,30.418,38.4073,451,43495,0.0186795,0.05,1,4746474,4746023,451
333761501,37.3649,45.1984,459,44120,0.0391565,0.03,1,4746865,4746406,459
333784861,3.6176,35.3949,423,44503,0.0200958,0,1,4747050,4746627,423
333814061,35.0478,35.9455,424,44973,0.0690396,0.05,1,4747374,4746950,424
333816981,18.8524,18.8973,424,45020,0.0576158,0.07,1,4747392,4746968,424
333819901,24.6926,22.7949,426,45067,0.0890463,0.09,1,4747417,4746991,426
333854941,17.0031,16.9557,423,45626,0.0841682,0.09,1,4747761,4747338,423
333881221,33.8465,28.5764,461,46040,0.0939221,0.19,1,4747996,4747535,461
334079781,36.1613,38.27,497,49055,0.903737,0.83,2,4749949,4749452,497
334354261,30.0739,19.9651,437,24785,0.0307055,0.05,1,4752804,4752367,437
334383461,58.3694,63.7252,486,25627,0.256385,0.17,1,4753357,4752871,486
334386381,44.7185,59.2363,471,25710,0.240554,0.13,1,4753401,4752930,471
334392221,55.4493,64.8906,482,25874,0.282089,0.17,1,4753521,4753039,482
334599541,34.657,43.9644,478,31152,0.0497909,1,1,4757105,4756627,478
334605381,30.6291,31.6974,475,31288,0.0139665,0.94,1,4757197,4756722,475
334611221,67.3366,42.8292,535,31423,0.0370346,0.81,1,4757302,4756767,535
334698821,35.6861,36.6337,423,33383,0.0262838,0.07,1,4758501,4758078,423
334701741,72.0843,69.2817,426,33446,0.0525135,0.09,1,4758575,4758149,426
334847741,73.3125,75.2101,452,36472,0.764511,0.65,2,4760466,4760014,452
335034621,36.3572,47.9095,451,40010,0.0176181,0.59,1,4762887,4762436,451
336058081,137.244,157.516,460,24820,0.2116,0.73,1,4773465,4773005,460
336113561,20.6265,33.069,433,25962,0.211531,0.07,1,4773761,4773328,433
336119401,53.6316,37.7977,444,26125,0.251045,0.03,1,4773825,4773381,444
336125241,109.527,72.817,494,26287,0.274167,0.05,1,4774000,4773506,494
336513601,24.5129,61.7437,458,35419,0.248373,0.23,1,4780264,4779806,458
336647921,39.5664,84.5742,492,38067,0.923721,0.73,2,4781964,4781472,492
337004161,19.793,59.612,487,44321,0.0531195,0.92,1,4786277,4785790,487
337015841,3.40457,33.8495,459,44511,0.0473919,0.69,1,4786370,4785911,459
337059641,3.36181,3.40457,424,45216,0.0414937,0.05,1,4786794,4786370,424
337083001,31.8025,31.7144,425,45587,0.203374,0.01,1,4787022,4786597,425
337261121,32.854,32.8516,453,48328,0.766188,0.73,2,4788746,4788293,453
337310761,38.6928,32.8539,496,49062,0.948334,0.85,2,4789242,4788746,496
337515161,10.9605,11.6798,429,23899,0.0380008,0.03,1,4791495,4791066,429
337518081,62.298,20.534,473,23988,0.0452003,0.01,1,4791560,4791087,473
337538521,10.008,10.9605,422,24599,0.0409505,0.05,1,4791917,4791495,422
337547281,78.248,78.2932,422,24857,0.0547008,0.09,1,4792145,4791723,422
337564801,63.1979,63.2004,422,25364,0.0527994,0.03,1,4792405,4791983,422
337640721,75.2627,78.1149,430,27452,0.216819,0.17,1,4793762,4793332,430
338770761,140.866,103.035,532,21997,0.418,0.89,1,4808308,4807776,532
338966401,39.7123,58.615,485,27721,0.416387,1,1,4812238,4811753,485
338975161,36.9956,37.3186,483,27949,0.0722488,1,1,4812385,4811902,483
339156201,38.7229,69.5564,493,32310,0.927641,0.75,2,4815212,4814719,493
339337241,32.0121,35.7297,447,36143,0.0847039,0.27,1,4817792,4817345,447
339448201,34.1758,91.7084,477,38300,0.763222,0.53,2,4819222,4818745,477
339711001,31.9155,32.0222,440,19642,0.0396033,0.03,1,4822636,4822196,440
339722681,74.1971,96.8614,495,20070,0.0467578,0,1,4822960,4822465,495
339728521,30.9655,68.3097,451,20281,0.0422813,0.05,1,4823057,4822606,451
339740201,74.0551,96.942,495,20697,0.0475944,0.07,1,4823382,4822887,495
339746041,33.7676,68.3099,453,20901,0.0424151,0.03,1,4823481,4823028,453
339772321,6.54444,6.63942,423,21798,0.0313549,0.03,1,4824004,4823581,423
339784001,69.4396,67.4922,425,22184,0.0536507,0.03,1,4824299,4823874,425
339792761,6.58743,6.54444,424,22470,0.0353536,0.07,1,4824428,4824004,424
339804441,71.38,77.669,493,22845,0.0466491,0.07,1,4824723,4824230,493
339824881,74.2752,78.5991,496,23487,0.0609408,0.07,1,4825148,4824652,496
339851161,33.2959,32.2138,427,24288,0.0460946,0.03,1,4825605,4825178,427
339886201,87.5103,84.6602,428,25315,0.221207,0.13,1,4826269,4825841,428
339959201,87.5587,86.6083,449,27331,0.787345,0.55,2,4827583,4827134,449
340140241,24.6694,39.1515,447,31776,0.0282312,0.07,1,4830621,4830174,447
340157761,29.0504,67.0589,449,32173,0.0723902,0,1,4830857,4830408,449
340169441,23.6744,37.3886,445,32435,0.0253732,0.03,1,4831042,4830597,445
340175281,26.2317,49.6835,446,32565,0.0412597,0.01,1,4831118,4830672,446
340271641,27.227,50.5387,454,34643,0.278335,0.17,1,4832396,4831942,454
340362161,92.3431,87.5931,454,36486,0.932783,0.69,2,4833590,4833136,454
340365081,38.8172,38.5797,454,36544,0.931113,0.71,2,4833626,4833172,454
340391361,40.2948,39.2495,466,37061,0.94502,0.93,2,4833957,4833491,466
340595761,21.9274,30.2967,459,40858,0.0813846,0.23,1,4836569,4836110,459
340598681,15.3464,25.2648,449,40910,0.0625538,0.19,1,4836584,4836135,449
340610361,34.8314,51.6759,455,41116,0.0788334,0.03,1,4836768,4836313,455
340613281,23.5916,34.8838,444,41167,0.0375334,0.05,1,4836791,4836347,444
340695041,21.8404,19.8934,425,42580,0.0203757,0.09,1,4837639,4837214,425
340697961,26.742,26.6447,425,42630,0.0261503,0.03,1,4837666,4837241,425
340709641,37.7072,34.9027,425,42827,0.0505414,0.05,1,4837804,4837379,425
340730081,52.8953,56.5267,474,43170,0.0804736,0.03,1,4838002,4837528,474
340733001,37.7948,53.1763,458,43219,0.0621894,0.03,1,4838039,4837581,458
340735921,21.8397,37.8088,442,43268,0.0428758,0.01,1,4838060,4837618,442
340794321,21.928,38.6098,446,44233,0.0937126,0.11,1,4838672,4838226,446
340946161,48.9821,47.6941,494,46647,0.795085,0.55,2,4840175,4839681,494
340989961,50.0272,48.6417,510,47322,0.944393,0.81,2,4840636,4840126,510
341225021,38.8193,35.0346,486,24076,0.903005,0.83,2,4843294,4842808,486
341353501,20.1545,32.0624,470,27683,0.0398946,1,1,4845823,4845353,470
341417741,46.0447,44.0041,471,29319,0.0559085,0.01,1,4846870,4846399,471
341429421,77.7428,58.6401,501,29607,0.0562473,0,1,4847070,4846569,501
341435261,23.0419,22.9466,445,29749,0.0461996,0.03,1,4847114,4846669,445
341508261,39.4424,47.7858,463,31479,0.0823282,0.17,1,4848184,4847721,463
341511181,33.3221,36.5893,460,31546,0.0629313,0.15,1,4848217,4847757,460
341517021,71.8083,49.1115,501,31680,0.088069,0.13,1,4848340,4847839,501
342314181,19.3182,32.3618,430,21370,0.084976,0.07,1,4858632,4858202,430
342334621,18.6039,21.2014,423,22055,0.0546085,0.03,1,4859055,4858632,423
342349221,85.8708,88.5782,423,22532,0.056172,0.03,1,4859433,4859010,423
342404701,98.3658,97.5119,426,24257,0.0646264,0.05,1,4860479,4860053,426
342407621,72.3683,74.2256,424,24344,0.0558506,0.03,1,4860550,4860126,424
342410541,63.4684,64.5113,423,24431,0.0523402,0.07,1,4860613,4860190,423
342413461,90.5734,88.7256,425,24518,0.0869361,0.07,1,4860705,4860280,425
342416381,32.0787,31.9863,425,24604,0.0647744,0.07,1,4860734,4860309,425
342436821,93.4142,90.5734,425,25201,0.213261,0.05,1,4861130,4860705,425
342536101,99.3685,99.1833,461,27916,0.914787,0.79,2,4862926,4862465,461
342667501,41.0727,44.0424,460,31144,0.0289128,0.47,1,4865103,4864643,460
342682101,32.0622,37.7673,455,31482,0.0241329,0.03,1,4865343,4864888,455
342685021,13.0031,28.4884,439,31549,0.0156531,0.07,1,4865355,4864916,439
342693781,42.4524,70.0613,462,31750,0.0242818,0.01,1,4865483,4865021,462
342696701,41.0726,42.4531,462,31817,0.0157127,0.03,1,4865524,4865062,462
342731741,43.0472,82.8036,464,32605,0.0596212,0.11,1,4866073,4865609,464
342769701,28.66,28.5126,429,33438,0.0579196,0.17,1,4866587,4866158,429
342772621,3.333,3.32563,429,33501,0.0531678,0.17,1,4866589,4866160,429
342775541,28.6667,27.7163,430,33564,0.0752671,0.21,1,4866619,4866189,430
342778461,12.8333,12.7858,430,33627,0.0721069,0.17,1,4866631,4866201,430
342781381,13.9417,13.9393,430,33690,0.0948427,0.19,1,4866645,4866215,430
342804741,3.3806,3.333,424,34189,0.0157142,0.09,1,4867013,4866589,424
342807661,28.669,28.6667,424,34251,0.0602857,0.09,1,4867043,4866619,424
342828101,45.4762,79.9374,468,34681,0.201116,0.07,1,4867346,4866878,468
343137621,104.619,93.0055,493,18366,0.2236,0.83,1,4871379,4870886,493
343163901,74.3688,74.2617,431,19381,0.0632434,0.17,1,4872084,4871653,431
343193101,126.334,76.5294,554,20448,0.278318,0.15,1,4872785,4872231,554
343359541,63.6529,44.0367,536,25696,0.268515,0.94,1,4876361,4875825,536
343660301,35.7681,38.8612,452,33117,0.227309,0.57,1,4881367,4880915,452
343674901,33.4183,33.9032,430,33435,0.218587,0.17,1,4881534,4881104,430
343704101,43.1332,41.3664,433,34062,0.423989,0.21,1,4881934,4881501,433
343946461,48.1005,50.4762,491,38877,0.938328,1,2,4885202,4884711,491
343969821,29.6202,30.3832,482,39309,0.771286,1,2,4885528,4885046,482
343972741,29.031,29.0692,482,39363,0.758515,0.92,2,4885557,4885075,482
344145021,29.3054,38.7433,505,42411,0.916556,1,2,4887624,4887119,505
344200501,23.6116,35.4719,488,43347,0.204033,0.85,1,4888312,4887824,488
344664781,14.5214,17.5745,435,50495,0.0425698,0.25,1,4893050,4892615,435
344775741,21.2454,25.0058,445,52059,0.201219,0.07,1,4893995,4893550,445
344813701,14.483,21.7602,441,52579,0.060856,0.13,1,4894323,4893882,441
344819541,25.1637,27.3194,453,52659,0.080537,0.15,1,4894377,4893924,453
345056061,40.7367,34.6889,504,55804,0.924132,0.87,2,4896403,4895899,504
345333461,37.5355,29.0197,442,27244,0.0571813,0.07,1,4899085,4898643,442
345336381,9.47678,26.151,424,27322,0.0288725,0.07,1,4899093,4898669,424
345342221,61.7737,52.5529,467,27477,0.0346196,0.03,1,4899196,4898729,467
345362661,9.51692,9.48241,423,28012,0.0262893,0.05,1,4899516,4899093,423
345368501,65.5263,61.7737,426,28163,0.0414063,0.01,1,4899622,4899196,426
345374341,54.6463,56.5844,423,28313,0.036625,0.03,1,4899743,4899320,423
345397701,67.0189,65.5263,490,28906,0.0441025,0.05,1,4900112,4899622,490
345423981,67.0665,67.3787,490,29559,0.0624608,0.05,1,4900535,4900045,490
345745181,53.5555,55.3393,449,16453,0.0164256,0.05,1,4905398,4904949,449
345793361,52.4761,52.4848,422,18523,0.0162107,0.05,1,4906663,4906241,422
345805041,203.488,204.436,422,18977,0.067759,0.03,1,4906979,4906557,422
345807961,61.4744,61.5218,422,19089,0.0451036,0.01,1,4907033,4906611,422
345810881,52.4737,52.4761,422,19200,0.0240414,0.01,1,4907085,4906663,422
345879501,219.638,217.738,427,21698,0.207958,0.11,1,4908687,4908260,427
346089741,150.514,190.19,422,27942,0.0434475,0.01,1,4912804,4912382,422
346092661,40.7757,42.7595,422,28018,0.035379,0,1,4912839,4912417,422
346171501,158.801,157.026,425,29991,0.0872397,0.05,1,4914078,4913653,425
346177341,34.977,35.9701,423,30132,0.0655583,0.01,1,4914141,4913718,423
346183181,22.0799,22.0824,423,30272,0.0236893,0.05,1,4914205,4913782,423
346197781,21.0834,22.0289,423,30620,0.0116762,0.11,1,4914335,4913912,423
346200701,160.654,158.801,425,30689,0.0346705,0.09,1,4914503,4914078,425
346226981,21.0811,21.0834,422,31304,0.0230769,0.01,1,4914757,4914335,422
346241581,22.9328,42.4113,447,31640,0.222793,0.07,1,4915053,4914606,447
346253261,3.62012,34.457,423,31907,0.212631,0.03,1,4915156,4914733,423
346264941,36.0908,36.5802,464,32171,0.222451,0.15,1,4915420,4914956,464
346387581,38.0599,171.152,484,34824,0.94918,0.69,2,4917151,4916667,484
346589061,13.891,37.6411,480,38788,0.0516874,0.93,1,4919820,4919340,480
346834341,44.097,117.862,491,43119,0.791946,0.61,2,4922610,4922119,491
347079621,20.9987,20.8064,428,22437,0.0872585,0.11,1,4925693,4925265,428
347100061,21.0031,77.9731,441,23091,0.203523,0.09,1,4926116,4925675,441
347105901,75.8625,89.3999,501,23274,0.276164,0.15,1,4926287,4925786,501
347488421,37.0452,36.7583,478,33120,0.241345,0.94,1,4933014,4932536,478
347497181,23.3153,36.7363,470,33312,0.0473661,1,1,4933139,4932669,470
347824221,49.8715,38.358,492,39793,0.931059,1,2,4937484,4936992,492
347888461,29.4085,36.3516,490,40946,0.914531,0.79,2,4938251,4937761,490
348113301,26.8026,25.7199,427,21663,0.257458,0.11,1,4941551,4941124,427
348116221,3.24013,3.18599,427,21761,0.252983,0.21,1,4941553,4941126,427
348119141,97.062,92.3093,432,21858,0.263193,0.29,1,4941655,4941223,432
348127901,99.1019,100.047,433,22148,0.428444,0.29,1,4941881,4941448,433
348341061,105.859,107.334,493,28290,0.9316,1,2,4946186,4945693,493
348379021,28.3904,43.6135,478,29248,0.0929188,0.47,1,4946782,4946304,478
348387781,25.4825,39.1336,450,29464,0.0757868,0.03,1,4946908,4946458,450
348396541,36.3098,99.1588,455,29679,0.0838104,0.05,1,4947109,4946654,455
348484141,41.2333,103.569,471,31748,0.446164,0.35,1,4948404,4947933,471
349018501,34.7292,33.7356,425,42212,0.204835,0.01,1,4955539,4955114,425
349047701,53.8863,50.9008,431,42711,0.212332,0.21,1,4955812,4955381,431
349053541,63.4522,59.6923,434,42809,0.255973,0.17,1,4955910,4955476,434
349179101,67.3497,65.4022,449,44879,0.787326,0.53,2,4957233,4956784,449
349450661,38.1651,29.0803,433,21997,0.049504,0.11,1,4960355,4959922,433
349456501,91.5329,62.2502,498,22189,0.0499206,0.03,1,4960494,4959996,498
350300381,25.2955,34.9087,472,41427,0.0265208,0.45,1,4973399,4972927,472
350802621,30.9765,48.5776,476,49417,0.764538,0.53,2,4978640,4978164,476
351151561,16.5249,26.4497,463,26795,0.763296,0.51,2,4982632,4982169,463
351583721,40.5883,42.459,492,36673,0.90957,1,2,4989372,4988880,492
351688841,35.3522,33.4952,451,38693,0.753757,0.59,2,4990701,4990250,451
351697601,50.2594,48.4542,451,38857,0.75792,0.57,2,4990809,4990358,451
351982301,58.3906,59.1955,455,22184,0.915609,0.67,2,4995366,4994911,455
351985221,12.4195,12.4598,455,22280,0.912244,0.75,2,4995376,4994921,455
352113701,33.3021,36.1873,492,26140,0.92045,0.75,2,4998118,4997626,492
352306421,32.0292,34.3447,479,31034,0.234506,0.95,1,5001571,5001092,479
352455341,44.0414,64.6089,489,34337,0.790021,0.59,2,5003685,5003196,489
353071461,27.9759,58.3853,435,21055,0.0177,0.09,1,5011663,5011228,435
353121101,72.9967,92.2319,493,22707,0.0910804,0.07,1,5012708,5012215,493
353608741,29.7743,69.4392,491,34981,0.0142483,0.67,1,5021082,5020591,491
354198581,70.2695,74.2984,516,23362,0.782577,0.47,2,5029382,5028866,516
354338741,29.7492,37.9234,452,27377,0.0760611,0.49,1,5032157,5031705,452
354470141,79.9532,80.9003,459,30661,0.948042,0.77,2,5034250,5033791,459
354651181,17.4573,29.2868,457,34679,0.235546,0.35,1,5037030,5036573,457
354657021,69.0611,35.3182,503,34801,0.252487,0.31,1,5037134,5036631,503
355121301,89.8022,35.3947,570,43397,0.945973,1,2,5042984,5042414,570
355132981,16.6663,25.1956,504,43592,0.755785,1,2,5043107,5042603,504
355293581,88.1875,33.7042,539,46178,0.760672,0.63,2,5044785,5044246,539
355337381,90.0401,34.7495,550,46857,0.944179,0.77,2,5045244,5044694,550
355503821,18.6572,24.0976,516,49356,0.939249,1,2,5046941,5046425,516
356477641,3.9128,3.58502,432,42959,0.0555816,0.21,1,5061180,5060748,432
356480561,22.0456,21.0793,433,43008,0.0762326,0.21,1,5061203,5060770,433
356503921,49.0112,33.3651,471,43400,0.0945411,0.07,1,5061450,5060979,471
356512681,27.1643,28.4305,450,43547,0.0341306,0.11,1,5061561,5061111,450
356547721,51.8457,49.0112,477,44123,0.0924738,0.03,1,5061927,5061450,477
356553561,27.1571,30.285,449,44219,0.0735958,0.03,1,5061983,5061534,449
356679121,55.7455,49.9113,505,46226,0.758253,0.63,2,5063241,5062736,505
356956521,36.2299,44.3987,483,50371,0.275426,1,1,5066007,5065524,483
356965281,33.1239,31.2843,479,50497,0.0797872,0.98,1,5066120,5065641,479
356976961,24.3557,28.2568,460,50665,0.0664106,0.65,1,5066247,5065787,460
357114201,36.0068,37.0361,473,52581,0.41433,0.37,1,5067414,5066941,473
357468981,505.685,516.468,499,26280,0.91,0.98,2,5070583,5070084,499
357556581,47.6109,76.2391,499,28598,0.787296,0.69,2,5072106,5071607,499
357793101,39.658,38.9301,475,34072,0.246263,0.92,1,5075941,5075466,475
357796021,27.6329,32.3465,470,34134,0.224505,0.88,1,5075968,5075498,470
357836901,48.2847,36.6441,476,34992,0.268786,0.15,1,5076511,5076035,476
357854421,52.1486,37.8667,478,35352,0.44806,0.13,1,5076764,5076286,478
357863181,27.1219,26.6237,459,35532,0.419156,0.19,1,5076857,5076398,459
357866101,38.4061,28.8812,469,35591,0.425662,0.27,1,5076896,5076427,469
357959541,54.9987,35.9708,517,37445,0.909651,0.83,2,5078117,5077600,517
358137661,23.407,30.4161,492,40741,0.264815,0.8,1,5080399,5079907,492
358315781,34.3667,41.3335,492,43789,0.901827,0.75,2,5082356,5081864,492
358493901,22.2204,25.6529,492,46636,0.0290334,0.95,1,5084313,5083821,492
358496821,19.161,25.0326,486,46681,0.0176134,0.83,1,5084332,5083846,486
358502661,28.1204,34.4526,486,46771,0.0568181,0.69,1,5084391,5083905,486
358523101,27.3712,31.6935,451,47086,0.0513221,0.03,1,5084610,5084159,451
358526021,23.2186,30.0847,444,47131,0.0265289,0.01,1,5084633,5084189,444
358528941,18.2609,23.3542,439,47176,0.0166115,0.01,1,5084651,5084212,439
358534781,25.5532,34.1634,448,47266,0.0254578,0.03,1,5084713,5084265,448
358543541,2.81044,19.161,423,47401,0.0167493,0.05,1,5084755,5084332,423
358546461,30.5405,30.4081,424,47445,0.0366997,0.07,1,5084787,5084363,424
358575661,17.3104,18.2609,422,47885,0.0345007,0.07,1,5085073,5084651,422
358584421,24.9397,22.1777,426,48017,0.037488,0.01,1,5085161,5084735,426
358587341,14.547,18.2089,422,48061,0.0209952,0.01,1,5085175,5084753,422
358590261,2.62735,2.81044,422,48105,0.0143981,0.05,1,5085177,5084755,422
358596101,25.3716,27.177,422,48193,0.0467037,0.05,1,5085236,5084814,422
358599021,46.8686,46.9589,422,48237,0.0726815,0.03,1,5085284,5084862,422
358601941,27.9934,27.9979,422,48281,0.0470726,0.11,1,5085311,5084889,422
358604861,30.8497,27.9999,425,48325,0.060829,0.15,1,5085342,5084917,425
358607781,38.5925,35.6,428,48369,0.0903316,0.13,1,5085381,5084953,428
358619461,20.2142,23.209,422,48543,0.0698485,0.01,1,5085478,5085056,422
358622381,17.1607,17.3104,422,48586,0.0459394,0.03,1,5085495,5085073,422
358625301,39.808,38.8655,423,48629,0.0603758,0.01,1,5085536,5085113,423
358631141,24.8945,24.9397,422,48715,0.0444601,0.01,1,5085583,5085161,422
358634061,14.5447,14.547,422,48758,0.0357841,0.01,1,5085597,5085175,422
358636981,2.62724,2.62735,422,48801,0.0323136,0.01,1,5085599,5085177,422
358639901,33.3814,32.4314,423,48844,0.0549255,0.01,1,5085634,5085211,423
358701221,38.6897,33.6972,461,49743,0.210635,0.03,1,5086227,5085766,461
359092501,504.323,501.36,508,24820,0.928,0.92,2,5090061,5089553,508
359145061,20.8797,58.956,481,25880,0.794927,0.88,2,5090512,5090031,481
359147981,18.144,23.8478,477,25962,0.779971,0.99,2,5090530,5090053,477
359162581,63.5475,57.0357,527,26368,0.947222,0.81,2,5090877,5090350,527
359606421,52.3091,47.0299,500,36593,0.902463,1,2,5097915,5097415,500
359910101,33.6124,27.7374,497,42172,0.766674,1,2,5101793,5101296,497
360000621,48.901,27.966,499,43697,0.902676,0.59,2,5102803,5102304,499
360359781,103.85,56.3,565,25653,0.909418,0.83,2,5107906,5107341,565
360470741,30.3021,35.7793,509,28624,0.428866,1,1,5109953,5109444,509
360482421,48.0159,76.7264,512,28919,0.438227,0.89,1,5110166,5109654,512
361021161,30.3031,70.1982,423,18118,0.0348805,0,1,5118209,5117786,423
361038681,29.3999,30.303,422,18810,0.0219099,0.01,1,5118631,5118209,422
361047441,52.9733,54.8235,422,19146,0.0246822,0,1,5118837,5118415,422
361050361,112.849,112.941,422,19257,0.0278729,0.01,1,5118953,5118531,422
361940961,503.811,536.119,500,17520,0.916,1,2,5133332,5132832,500
361961401,98.1691,118.121,467,19049,0.7541,0.81,2,5133906,5133439,467
362206681,34.6853,61.2446,457,26826,0.0255012,0.01,1,5139424,5138967,457
362276761,65.4333,73.7556,487,28660,0.0870496,0.07,1,5140573,5140086,487
362571681,34.5467,68.0319,455,35343,0.0600197,0.03,1,5145028,5144573,455
362980481,22.2405,27.3282,453,42906,0.0423336,0.47,1,5150014,5149561,453
362992161,41.5895,36.1871,480,43102,0.0877237,0.21,1,5150146,5149666,480
363000921,31.4383,24.7734,455,43249,0.0264943,0.01,1,5150233,5149778,455
363030121,34.7824,29.7906,457,43735,0.0504153,0.05,1,5150527,5150070,457
363033041,45.4391,33.7895,469,43783,0.0621661,0.11,1,5150573,5150104,469
363050561,34.137,17.7486,456,44071,0.0342252,0.09,1,5150757,5150301,456
363071001,37.585,30.6481,460,44407,0.0453393,0.07,1,5150952,5150492,460
363073921,44.6293,34.7824,470,44455,0.0721357,0.07,1,5150997,5150527,470
363510461,48.5891,69.2201,497,23631,0.21496,0.95,1,5155449,5154952,497
363522141,24.9327,61.1712,453,23988,0.099919,0.45,1,5155703,5155250,453
363525061,11.6966,18.2586,448,24076,0.0939676,0.33,1,5155714,5155266,448
363603901,55.0188,72.4261,499,26349,0.758328,0.57,2,5157191,5156692,499
363609741,74.3325,96.6536,524,26509,0.789733,0.61,2,5157366,5156842,524
363758661,66.9659,81.3149,483,30313,0.784002,1,2,5159969,5159486,483
363773261,63.4467,74.8757,478,30660,0.0991034,1,1,5160217,5159739,478
363779101,48.0386,59.9897,474,30798,0.0554565,0.92,1,5160313,5159839,474
363784941,15.3676,28.3175,468,30936,0.011273,0.67,1,5160368,5159900,468
363805381,48.6616,61.8348,469,31412,0.0186452,0.09,1,5160686,5160217,469
363837501,47.1283,48.6616,469,32145,0.0146741,0.03,1,5161155,5160686,469
363863781,48.4245,60.3273,471,32733,0.0343931,0.01,1,5161530,5161059,471
363869621,42.9661,47.1283,422,32862,0.0235029,0.05,1,5161577,5161155,422
363887141,63.4996,61.6427,425,33246,0.0324771,0.07,1,5161823,5161398,425
363904661,48.6034,48.6983,422,33625,0.0239775,0.01,1,5162048,5161626,422
363907581,11.9302,11.9349,422,33688,0.015591,0,1,5162058,5161636,422
363910501,50.9465,50.9467,422,33751,0.0242364,0.07,1,5162111,5161689,422
363919261,62.552,63.4996,422,33939,0.0363511,0.07,1,5162245,5161823,422
364053581,62.6444,63.5539,428,36696,0.228137,0.13,1,5163941,5163513,428
365595341,3.29918,27.0838,427,41580,0.201245,0.07,1,5185033,5184606,427
365615781,35.6321,33.6414,428,41935,0.296697,0.13,1,5185263,5184835,428
365647901,36.7534,37.6491,432,42485,0.40226,0.25,1,5185590,5185158,432
365650821,42.6877,40.8325,434,42535,0.442904,0.25,1,5185633,5185199,434
365753021,49.7263,42.478,506,44237,0.923491,0.75,2,5186781,5186275,506
366007061,24.7027,37.7188,461,23183,0.448662,0.33,1,5190209,5189748,461
366161821,116.288,115.57,494,27611,0.93304,1,2,5193302,5192808,494
366170581,35.3949,42.0448,487,27840,0.417555,1,1,5193455,5192968,487
366226061,29.0932,28.8777,460,29251,0.283947,0.17,1,5194347,5193887,460
366237741,73.2086,42.0701,498,29539,0.401685,0.15,1,5194517,5194019,498
366240661,104.36,68.6035,534,29611,0.430674,0.23,1,5194623,5194089,534
366921021,31.3352,31.2122,527,43154,0.426444,1,1,5203907,5203380,527
367011541,30.7947,27.9008,430,44645,0.0984264,0.11,1,5204826,5204396,430
367078701,34.0107,32.0206,432,45719,0.40184,0.21,1,5205511,5205079,432
367084541,34.285,32.3801,434,45811,0.415894,0.31,1,5205566,5205132,434
367166301,35.9655,34.3597,482,47083,0.761731,0.53,2,5206398,5205916,482
367579481,4.75402,5.08627,424,27692,0.245581,0.09,1,5212566,5212142,424
367597001,71.1018,70.1492,431,28147,0.4449,0.25,1,5212880,5212449,431
367678761,75.9516,77.7546,458,30181,0.943272,0.77,2,5214233,5213775,458
367833521,53.1191,55.886,449,33694,0.767852,0.59,2,5216636,5216187,449
368081721,3.51472,31.4327,425,38665,0.0692287,0.05,1,5219999,5219574,425
368087561,57.5313,56.6986,425,38775,0.0914766,0.09,1,5220089,5219664,425
369185481,513.678,546.896,504,24820,0.778,0.88,2,5231307,5230803,504
369205921,67.855,90.6718,469,26125,0.76599,0.71,2,5231709,5231240,469
369973881,21.4938,24.4837,450,42372,0.423246,0.45,1,5242771,5242321,450
370052721,33.6897,27.7441,483,43697,0.753825,0.59,2,5243641,5243158,483
370079001,39.7717,35.4822,494,44129,0.901195,0.69,2,5243956,5243462,494
370309681,24.4287,25.3145,478,47756,0.237676,1,1,5246425,5245947,478
370365161,20.6271,22.6321,422,48589,0.0994972,0.09,1,5246932,5246510,422
370441081,34.0367,35.7266,460,49704,0.219544,0.15,1,5247640,5247180,460
370867401,502.232,576.85,487,24820,0.403908,0.93,1,5251999,5251512,487
370917041,63.4729,41.1121,482,25633,0.0942501,0.45,1,5252212,5251730,482
370928721,25.429,34.6975,445,25962,0.0584288,0.05,1,5252370,5251925,445
370943321,38.0335,65.0386,459,26368,0.0745471,0.09,1,5252671,5252212,459
370978361,21.5462,24.3438,426,27316,0.05782,0.01,1,5253218,5252792,426
371019241,100.033,91.4758,435,28382,0.406782,0.25,1,5253920,5253485,435
371346281,37.2269,37.7343,426,35775,0.230332,0.15,1,5258837,5258411,426
371349201,51.2613,48.4367,429,35834,0.242133,0.13,1,5258889,5258460,429
371355041,53.9932,53.0836,429,35952,0.248741,0.17,1,5258997,5258568,429
371360881,28.7775,29.6777,429,36070,0.244999,0.13,1,5259068,5258639,429
371387161,53.9177,53.8631,434,36593,0.44838,0.25,1,5259377,5258943,434
371492281,63.5626,55.2037,517,38617,0.945661,0.73,2,5260725,5260208,517
371629521,27.4007,23.9345,511,41108,0.916,1,2,5262424,5261913,511
371714201,22.2033,22.2412,433,42572,0.403991,0.23,1,5263348,5262915,433
371717121,31.5102,31.5121,433,42622,0.443596,0.23,1,5263380,5262947,433
371722961,37.2713,37.2238,434,42721,0.448975,0.19,1,5263441,5263007,434
371810561,48.3557,53.1661,490,44177,0.769782,0.45,2,5264428,5263938,490
372117161,67.3326,92.6513,514,23035,0.774366,0.59,2,5268338,5267824,514
372248561,32.6385,28.9199,491,26866,0.402608,0.75,1,5271004,5270513,491
372312801,82.4795,30.6142,536,28550,0.764139,0.63,2,5272109,5271573,536
372561001,34.161,2.12691,477,34280,0.0368834,0.27,1,5276111,5275634,477
372616481,67.0884,32.6722,490,35433,0.0613722,0.01,1,5276842,5276352,490
373302681,2.8564,28.5372,466,47415,0.0322766,0.75,1,5284834,5284368,466
373828281,19.6366,32.6373,469,54832,0.758117,0.59,2,5289426,5288957,469
373854561,34.0817,34.6357,493,55174,0.911093,0.77,2,5289667,5289174,493
374298401,29.4428,21.8026,456,32167,0.261574,0.19,1,5295556,5295100,456
374301321,36.6221,27.6901,465,32233,0.26663,0.17,1,5295593,5295128,465
374406441,91.9698,34.1584,555,34515,0.936723,0.79,2,5297139,5296584,555
374602081,2.70444,16.1339,425,18133,0.0313348,0.03,1,5300189,5299764,425
374645881,90.5995,53.6445,518,19815,0.0764905,0.19,1,5301373,5300855,518
374977301,31.877,34.8917,511,29606,0.0539952,1,1,5308075,5307564,511
375006501,30.9266,31.877,423,30312,0.0374445,0,1,5308498,5308075,423
375029861,40.5865,39.6368,423,30866,0.0652141,0.05,1,5308842,5308419,423
375035701,31.8315,30.9266,423,31003,0.0332343,0.01,1,5308921,5308498,423
375067821,31.9915,31.8315,453,31746,0.0959292,0.03,1,5309374,5308921,453
375190461,33.066,52.1631,474,34434,0.772897,0.43,2,5311075,5310601,474
375216741,41.4316,66.7213,497,34983,0.913946,0.75,2,5311447,5310950,497
375243021,4.72197,54.3966,470,35523,0.911357,0.95,2,5311803,5311333,470
375815341,87.9606,84.4504,546,22893,0.926818,0.79,2,5319586,5319040,546
375926301,30.6427,45.0679,512,26179,0.435269,1,1,5321860,5321348,512
376568701,48.2502,56.1436,514,40213,0.927976,1,2,5331525,5331011,514
376580381,13.8278,32.5876,503,40422,0.927212,1,2,5331649,5331146,503
376589141,35.9355,37.6264,514,40578,0.949502,1,2,5331750,5331236,514
376743901,22.7924,28.9695,504,43248,0.929442,0.95,2,5333614,5333110,504
377395061,22.5268,22.5907,423,30391,0.0102199,0.09,1,5342904,5342481,423
377397981,71.4263,66.6795,428,30461,0.0460879,0.09,1,5342978,5342550,428
377675381,82.293,88.7871,484,36469,0.913311,1,2,5346945,5346461,484
377748381,38.6444,70.8876,483,37891,0.435959,0.45,1,5347892,5347409,483
378217041,117.764,118.989,496,25198,0.940812,1,2,5355359,5354863,496
378225801,40.917,52.1556,476,25450,0.791492,1,2,5355519,5355043,476
378408301,225.204,195.614,488,14624,0.938788,0.85,2,5359777,5359289,488
378558681,39.0971,67.6314,476,20863,0.0852242,0.31,1,5364162,5363686,476
378831701,44.1971,158.182,499,28883,0.947609,0.83,2,5369538,5369039,499
378980621,22.9056,53.5655,495,32408,0.43151,0.93,1,5371992,5371497,495
378998141,3.16222,24.4325,464,32798,0.413959,0.79,1,5372158,5371694,464
379071141,41.7292,128.322,494,34373,0.932238,0.77,2,5373261,5372767,494
379252181,31.1331,40.6022,486,37998,0.0595937,0.57,1,5375750,5375264,486
379985101,509.056,551.633,495,21900,0.43,0.55,1,5384138,5383643,495
380015761,294.303,342.982,446,21900,0.202,0.45,1,5384421,5383975,446
380021601,52.5583,76.4775,439,22817,0.05032,0.03,1,5384524,5384085,439
380024521,25.4279,32.3239,433,22910,0.050128,0.05,1,5384548,5384115,433
380044961,26.4068,51.9754,447,23550,0.0881322,0.05,1,5384971,5384524,447
380082921,5.38311,5.42599,424,24694,0.0678266,0.17,1,5385668,5385244,424
380085841,79.1192,75.3213,428,24780,0.0931306,0.15,1,5385751,5385323,428
380334041,94.9758,102.421,479,31216,0.295573,1,1,5390126,5389647,479
380360321,8.95983,28.3264,464,31821,0.0223629,0.59,1,5390473,5390009,464
380366161,53.9824,94.9758,476,31953,0.0287781,0.01,1,5390602,5390126,476
380377841,42.2269,49.3426,463,32217,0.0148487,0.01,1,5390780,5390317,463
380395361,53.8898,72.648,474,32609,0.0389504,0.03,1,5391023,5390549,474
380398281,34.0445,53.9824,454,32674,0.0335802,0.03,1,5391056,5390602,454
380418721,24.5841,27.2442,423,33124,0.0138567,0.05,1,5391310,5390887,423
380424561,71.7865,70.7956,425,33252,0.0466171,0.01,1,5391395,5390970,425
380427481,51.0893,53.8898,422,33316,0.0186468,0.03,1,5391445,5391023,422
380445001,48.6453,48.6501,422,33694,0.0158876,0.05,1,5391673,5391251,422
380465441,57.786,57.7927,422,34131,0.0289263,0.01,1,5391960,5391538,422
380985201,508.611,563.434,470,18980,0.40984,0.81,1,5398244,5397774,470
380993961,62.4168,60.5902,463,20031,0.0912698,0.01,1,5398449,5397986,463
381002721,45.0212,47.1917,461,20347,0.0238413,0.03,1,5398649,5398188,461
381014401,72.3279,62.3602,496,20761,0.0719383,0,1,5398945,5398449,496
381023161,4.10354,45.0212,424,21066,0.0326841,0.17,1,5399073,5398649,424
381029001,74.1578,70.175,434,21267,0.0376294,0.17,1,5399247,5398813,434
381040681,44.0537,44.0708,423,21663,0.0352833,0.03,1,5399494,5399071,423
381043601,4.10269,4.10354,423,21761,0.0201133,0.01,1,5399496,5399073,423
381049441,76.9603,74.1578,425,21955,0.0812181,0.05,1,5399672,5399247,425
381061121,44.0489,44.0537,422,22339,0.0563672,0.01,1,5399916,5399494,422
381064041,4.10245,4.10269,422,22434,0.0285469,0.05,1,5399918,5399496,422
381066961,95.2051,95.2051,422,22529,0.0534188,0.05,1,5400018,5399596,422
381604241,50.2269,56.0179,422,35879,0.0452848,0.03,1,5409032,5408610,422
381621761,24.88,25.8323,422,36232,0.0210578,0.03,1,5409232,5408810,422
381624681,38.294,36.4416,424,36290,0.0384231,0.05,1,5409271,5408847,424
381633441,64.7734,64.7708,425,36464,0.0679791,0.07,1,5409372,5408947,425
381645121,34.8387,34.8481,422,36696,0.0379323,0.07,1,5409539,5409117,422
381650961,33.0996,34.0021,422,36811,0.0180692,0,1,5409607,5409185,422
381653881,22.555,22.6001,422,36868,0.00722766,0.03,1,5409629,5409207,422
381656801,24.8777,24.88,422,36925,0.0208911,0.05,1,5409654,5409232,422
381659721,40.1939,38.294,424,36982,0.0263564,0.07,1,5409695,5409271,424
381668481,67.6213,64.7734,426,37153,0.0739268,0.07,1,5409798,5409372,426
381700601,3.43023,30.5097,425,37774,0.0473465,0.09,1,5410150,5409725,425
381741481,44.2787,66.6715,468,38550,0.0711781,0.13,1,5410688,5410220,468
381747321,4.4332,47.7142,432,38660,0.0629885,0.23,1,5410741,5410309,432
381773601,3.52509,3.47785,424,39148,0.0348799,0.05,1,5410997,5410573,424
381776521,68.5763,68.5739,424,39202,0.0679519,0.09,1,5411069,5410645,424
382671501,135.429,110.782,498,24178,0.2284,0.75,1,5420364,5419866,498
382677341,55.8661,54.807,481,24353,0.097744,0.49,1,5420469,5419988,481
382686101,35.1807,50.5136,447,24613,0.0775356,0.15,1,5420630,5420183,447
382689021,13.159,20.5757,440,24699,0.0730143,0.17,1,5420642,5420202,440
382721141,54.9879,108.375,482,25627,0.445615,0.29,1,5421269,5420787,482
383054021,35.335,42.1795,458,33761,0.0707643,0.53,1,5426904,5426446,458
383071541,34.4339,35.6319,425,34135,0.0576921,0.03,1,5427105,5426680,425
383115341,77.6762,37.0401,503,35053,0.079812,0.05,1,5427717,5427214,503
383465741,129.169,95.0621,584,19815,0.92832,0.83,2,5432755,5432171,584
383576701,29.0505,50.828,477,23540,0.788544,0.55,2,5435348,5434871,477
383582541,32.6101,83.2046,477,23720,0.924167,0.53,2,5435463,5434986,477
383588381,95.129,94.733,545,23898,0.933867,0.65,2,5435659,5435114,545
383591301,70.3064,91.1866,523,23987,0.931547,0.69,2,5435728,5435205,523
383594221,5.41532,68.2093,458,24075,0.930619,0.77,2,5435730,5435272,458
384073101,4.70441,56.0482,424,35701,0.0314947,0.05,1,5443705,5443281,424
384169461,30.2113,88.373,453,37605,0.211549,0.13,1,5444893,5444440,453
384935961,23.5449,35.3133,444,29168,0.0292797,0.09,1,5456272,5455828,444
384941801,70.4064,40.1308,493,29313,0.0586848,0.11,1,5456385,5455892,493
384962241,24.4428,33.8985,445,29815,0.0571927,0.03,1,5456694,5456249,445
384965161,3.12214,23.5449,424,29886,0.0408771,0.05,1,5456696,5456272,424
384973921,63.3654,60.5203,426,30098,0.0954961,0.11,1,5456871,5456445,426
385006041,42.2631,43.0683,425,30863,0.0470676,0.13,1,5457338,5456913,425
385008961,56.2632,55.3534,426,30932,0.072827,0.13,1,5457395,5456969,426
385026481,35.2941,38.1487,425,31340,0.0593364,0.11,1,5457583,5457158,425
385032321,66.1132,69.4454,488,31475,0.0874938,0.07,1,5457719,5457231,488
385035241,43.2057,66.1723,464,31542,0.0769975,0.03,1,5457761,5457297,464
385061521,68.0156,68.2647,492,32141,0.226914,0.11,1,5458145,5457653,492
385064441,41.4008,66.1132,466,32207,0.216766,0.07,1,5458185,5457719,466
385344761,27.903,33.5787,464,37996,0.024282,0.13,1,5462065,5461601,464
385365201,42.0441,43.7824,464,38383,0.0347415,0,1,5462315,5461851,464
385368121,23.0022,42.0891,444,38438,0.0318966,0.01,1,5462337,5461893,444
385376881,27.959,65.18,448,38603,0.0910814,0.05,1,5462461,5462013,448
385385641,24.9457,25.1451,423,38768,0.0507092,0.03,1,5462513,5462090,423
385406081,22.9453,23.0022,423,39146,0.0030491,0.09,1,5462760,5462337,423
385409001,31.5473,30.6001,424,39200,0.0432196,0.01,1,5462792,5462368,424
385435281,24.5021,22.6023,424,39683,0.0364537,0.01,1,5463081,5462657,424
385467401,33.8841,31.6374,460,40266,0.0775697,0.09,1,5463429,5462969,460
385484921,32.4068,22.0383,454,40578,0.032038,0.05,1,5463636,5463182,454
385487841,62.4203,32.4519,485,40630,0.0428152,0.05,1,5463700,5463215,485
385496601,20.1383,3.76606,442,40786,0.0375402,0.03,1,5463759,5463317,442
385499521,25.7069,19.1883,448,40838,0.0450161,0.03,1,5463785,5463337,448
385502441,32.6353,25.6594,455,40890,0.0600064,0.03,1,5463818,5463363,455
385689321,66.5532,36.2143,518,44070,0.76071,0.63,2,5465878,5465360,518
385889341,99.4877,70.8308,520,21370,0.9388,1,2,5468119,5467599,520
385912701,39.0621,41.9935,467,22151,0.918077,0.77,2,5468625,5468158,467
386084981,33.2436,33.2486,433,27224,0.413707,0.21,1,5472174,5471741,433
386087901,51.0622,51.0624,433,27302,0.423483,0.27,1,5472226,5471793,433
386336101,32.9096,33.0685,422,33248,0.0970266,0.05,1,5476283,5475861,422
386344861,28.0695,29.0171,422,33438,0.0390897,0.03,1,5476396,5475974,422
386347781,3.30347,3.35086,422,33501,0.0336359,0.03,1,5476398,5475976,422
386350701,29.6152,28.6675,423,33564,0.0554544,0.01,1,5476429,5476006,423
386362381,34.9482,34.8462,427,33816,0.0750996,0.09,1,5476608,5476181,427
386374061,29.3847,29.3898,422,34065,0.0242905,0.03,1,5476790,5476368,422
386382821,30.5652,29.6152,423,34251,0.0656346,0.07,1,5476852,5476429,423
386391581,72.9092,33.2062,496,34437,0.0702006,0.07,1,5476997,5476501,496
386820821,73.8761,68.5717,524,20070,0.773643,0.65,2,5482838,5482314,524
386832501,102.535,127.936,556,20490,0.943181,0.73,2,5483151,5482595,556
386990181,70.5863,73.4362,454,25482,0.929469,0.69,2,5486560,5486106,454
387200421,44.1404,41.3878,450,30898,0.793429,0.55,2,5490275,5489825,450
387212101,82.361,82.3564,451,31170,0.914792,0.59,2,5490472,5490021,451
387401901,20.476,65.718,447,35308,0.274106,0.17,1,5493280,5492833,447
387480741,69.4453,68.443,449,36890,0.782373,0.53,2,5494311,5493862,449
387734781,3.41374,30.9544,424,41575,0.0217088,0.05,1,5497409,5496985,424
387769821,35.4047,35.497,424,42180,0.219334,0.01,1,5497801,5497377,424
387790261,24.8522,25.7547,422,42530,0.0374257,0.09,1,5498030,5497608,422
387799021,30.8116,28.812,428,42680,0.0640753,0.15,1,5498120,5497692,428
387869101,40.0743,60.6769,461,43849,0.0667137,0.01,1,5498848,5498387,461
387872021,24.8037,41.0338,445,43897,0.0566855,0.03,1,5498872,5498427,445
388304181,36.3656,47.1021,492,50510,0.904432,1,2,5503196,5502704,492
388336301,19.3707,29.2808,486,50967,0.201812,1,1,5503517,5503031,486
388856061,72.8363,57.0687,503,27322,0.940096,1,2,5508250,5507747,503
388879421,31.5041,31.6866,467,27936,0.938841,0.94,2,5508642,5508175,467
388888181,43.7894,42.0296,467,28163,0.940166,0.83,2,5508838,5508371,467
389040021,31.9795,35.8652,464,31837,0.088003,0.25,1,5511373,5510909,464
389054621,78.9304,37.6677,505,32167,0.089346,0.05,1,5511598,5511093,505
389188941,80.9524,38.1523,530,35063,0.793261,0.59,2,5513460,5512930,530
389416701,19.1767,20.1175,454,39487,0.755979,0.63,2,5516406,5515952,454
389445901,28.8548,26.9594,455,40017,0.918457,0.73,2,5516787,5516332,455
389448821,33.7427,32.698,456,40070,0.937383,0.73,2,5516821,5516365,456
389723301,30.7743,31.6266,427,44749,0.217366,0.15,1,5519992,5519565,427
389755421,13.4897,17.2805,426,45266,0.205512,0.09,1,5520275,5519849,426
389758341,30.1245,30.314,426,45313,0.232205,0.15,1,5520306,5519880,426
389764181,47.5278,45.4858,431,45406,0.290353,0.25,1,5520393,5519962,431
389770021,31.9913,33.8387,430,45498,0.285256,0.21,1,5520456,5520026,430
389880981,43.5611,34.2698,496,47227,0.769628,0.65,2,5521586,5521090,496
390137941,9.85846,28.3348,471,51003,0.260358,0.9,1,5524119,5523648,471
390669381,66.8026,40.9152,500,28524,0.407631,0.21,1,5529545,5529045,500
391441721,106.958,93.5103,511,19925,0.44344,1,1,5540245,5539734,511
391453401,35.2451,71.375,486,20347,0.0650641,0.94,1,5540545,5540059,486
391494281,3.66511,3.66014,426,21761,0.0298733,0.07,1,5541396,5540970,426
391526401,77.798,76.5749,502,22810,0.0721898,0.01,1,5542107,5541605,502
391535161,3.75985,36.2996,424,23088,0.0682201,0.03,1,5542242,5541818,424
391543921,75.1075,92.2068,503,23362,0.229246,0.19,1,5542459,5541956,503
391546841,71.2054,73.9603,501,23453,0.217698,0.01,1,5542530,5542029,501
391640281,74.165,74.4503,518,26189,0.782167,0.53,2,5544282,5543764,518
391815481,22.7727,28.0426,470,30661,0.758514,1,2,5547370,5546900,470
391850521,51.1192,35.2948,509,31480,0.793905,0.75,2,5547915,5547406,509
391859281,110.667,85.4379,567,31681,0.90593,0.71,2,5548149,5547582,567
391999441,32.0828,19.4186,530,34740,0.9016,1,2,5550241,5549711,530
392081201,3.1627,3.16747,423,36406,0.0285907,0.09,1,5551243,5550820,423
392084121,35.3081,35.3084,423,36464,0.0654363,0.07,1,5551280,5550857,423
392125001,46.263,109.338,464,37267,0.217607,0.09,1,5551859,5551395,464
392136681,23.245,27.8024,450,37494,0.215475,0.15,1,5551980,5551530,450
392145441,29.8947,29.7907,456,37662,0.22907,0.11,1,5552064,5551608,456
392192161,115.006,38.1581,553,38550,0.43552,0.33,1,5552684,5552131,553
392929461,71.0018,2.16565,545,28443,0.411361,0.91,1,5563470,5562925,545
393370381,105.442,38.75,555,38056,0.753937,0.53,2,5569927,5569372,555
393691581,91.4254,36.9461,503,20451,0.0550326,0.03,1,5574111,5573608,503
393694501,91.9713,77.8473,515,20555,0.064013,0.01,1,5574203,5573688,515
395179321,30.8252,34.3188,480,31815,0.0638498,0.45,1,5598865,5598385,480
395199761,61.3489,51.8416,484,32277,0.21116,0.11,1,5599197,5598713,484
395903481,17.3174,48.6848,432,21055,0.0338763,0.03,1,5608161,5607729,432
395956041,70.5994,82.0874,491,22800,0.076593,0.03,1,5609287,5608796,491
396210081,32.4234,49.4993,481,29815,0.0752026,0.61,1,5614036,5613555,481
396242201,3.66559,3.52117,427,30587,0.0737814,0.09,1,5614465,5614038,427
396291841,26.9156,43.2205,452,31743,0.0919042,0.11,1,5615237,5614785,452
396312281,54.7723,91.2954,475,32207,0.235584,0.05,1,5615539,5615064,475
396326881,35.4098,41.2458,463,32534,0.222473,0.15,1,5615742,5615279,463
396329801,3.67049,34.3623,431,32599,0.214989,0.15,1,5615744,5615313,431
396338561,4.03796,39.909,434,32794,0.217519,0.23,1,5615829,5615395,434
396414481,46.1715,48.1283,496,34432,0.754352,0.65,2,5616950,5616454,496
396417401,33.6586,45.1564,484,34493,0.751741,0.59,2,5616983,5616499,484
396423241,39.5566,46.3304,494,34615,0.771878,0.73,2,5617073,5616579,494
396426161,3.87783,37.4665,459,34676,0.770751,0.73,2,5617075,5616616,459
396432001,45.7047,40.0887,503,34798,0.78692,0.75,2,5617163,5616660,503
396443681,50.4693,57.5803,508,35041,0.903681,0.73,2,5617363,5616855,508
396604281,22.3769,30.2129,501,38218,0.0187217,1,1,5619517,5619016,501
396607201,39.1188,38.5606,502,38273,0.0494887,1,1,5619557,5619055,502
396624721,25.3337,35.0719,465,38603,0.0431358,0.41,1,5619775,5619310,465
396627641,3.16669,29.3036,438,38658,0.0352543,0.27,1,5619777,5619339,438
396715241,22.5426,30.7858,453,40266,0.0608851,0.11,1,5620763,5620310,453
396761961,66.4672,37.2964,492,41096,0.273883,0.01,1,5621317,5620825,492
396767801,36.9787,34.8157,460,41198,0.268221,0.07,1,5621389,5620929,460
396890441,38.938,36.7134,495,43297,0.760549,0.73,2,5622723,5622228,495
397170761,29.1324,34.5511,495,47747,0.0566026,0.97,1,5625790,5625295,495
397176601,21.6853,25.4989,472,47835,0.0510564,0.95,1,5625827,5625355,472
397188281,14.4771,18.5198,457,48011,0.00927504,0.65,1,5625929,5625472,457
397191201,31.1239,31.326,457,48055,0.03371,0.55,1,5625961,5625504,457
397249601,35.8855,31.4157,462,48924,0.0966682,0.15,1,5626514,5626052,462
397281721,12.7151,23.5413,436,49397,0.0822263,0.03,1,5626773,5626337,436
397299241,28.6275,35.8855,456,49654,0.0988386,0.11,1,5626970,5626514,456
397582481,36.7783,36.7309,465,53610,0.947354,0.89,2,5629456,5628991,465
397943101,35.756,34.8011,434,27771,0.409965,0.31,1,5633249,5632815,434
397946021,69.2378,67.2901,436,27847,0.421986,0.35,1,5633320,5632884,436
398205901,73.9507,72.1598,460,33948,0.931465,0.83,2,5637520,5637060,460
398483301,34.3786,32.4761,449,39425,0.789559,0.59,2,5641144,5640695,449
398486221,68.2189,66.2238,451,39479,0.789824,0.65,2,5641214,5640763,451
398819101,41.0019,40.0042,448,45165,0.757007,0.53,2,5645026,5644578,448
399125701,18.6505,27.1712,438,23278,0.0761177,0.03,1,5648425,5647987,438
399128621,96.8825,27.9586,511,23369,0.0964471,0.05,1,5648526,5648015,511
401006181,4.36324,4.40373,424,30566,0.0288487,0.11,1,5673365,5672941,424
401009101,34.4182,31.5702,427,30635,0.0415395,0.05,1,5673401,5672974,427
401047061,56.8548,51.0668,485,31521,0.052183,0.21,1,5673973,5673488,485
401052901,39.5671,37.0827,461,31655,0.0143493,0.07,1,5674043,5673582,461
401055821,77.9784,38.9041,502,31722,0.0357397,0.01,1,5674123,5673621,502
401061661,45.6524,36.2448,470,31856,0.0237184,0.07,1,5674206,5673736,470
401073341,53.2409,36.9183,477,32120,0.0493272,0.01,1,5674338,5673861,477
401076261,58.712,54.0959,481,32186,0.0857309,0.07,1,5674397,5673916,481
401082101,40.3793,31.3427,462,32318,0.0653169,0.01,1,5674465,5674003,462
401096701,37.2546,4.18262,460,32643,0.0303616,0.05,1,5674668,5674208,460
401210581,41.0209,22.3184,471,35081,0.220132,0.19,1,5676172,5675701,471
401213501,68.551,40.0659,500,35141,0.250053,0.17,1,5676242,5675742,500
401236861,71.1652,56.2518,500,35620,0.426005,0.21,1,5676541,5676041,500
401341981,77.9581,57.2089,540,37696,0.94112,0.85,2,5677904,5677364,540
401482141,19.8248,31.5877,512,40299,0.275967,1,1,5679668,5679156,512
401514261,19.1065,24.3252,463,40871,0.0509001,0.43,1,5680050,5679587,463
401517181,32.3053,25.9163,470,40923,0.0623601,0.31,1,5680083,5679613,470
402031101,38.0162,45.747,508,49166,0.252627,1,1,5685587,5685079,508
402534801,83.3695,50.3946,534,26767,0.774021,0.63,2,5690839,5690305,534
403165521,36.8386,30.4356,515,40382,0.265964,1,1,5700251,5699736,515
403215161,34.7996,30.3405,457,41261,0.0410093,0.05,1,5700808,5700351,457
403229761,27.1069,29.1377,449,41516,0.0298055,0,1,5700970,5700521,449
403273561,3.35238,3.25534,425,42272,0.0276528,0.03,1,5701397,5700972,425
403288161,31.2293,25.5316,428,42522,0.0294384,0.23,1,5701562,5701134,428
403291081,33.8615,30.7266,431,42572,0.0417753,0.13,1,5701596,5701165,431
403372841,35.8088,31.2292,458,43937,0.0938721,0.07,1,5702441,5701983,458
403851721,26.9431,26.7852,426,24339,0.0678711,0.11,1,5707624,5707198,426
403854641,60.2472,59.2893,427,24426,0.0931484,0.11,1,5707686,5707259,427
404529161,34.1705,34.3755,422,39685,0.0834598,0.07,1,5718144,5717722,422
404532081,36.8585,36.8688,422,39738,0.0873839,0.05,1,5718181,5717759,422
404543761,26.9681,27.1103,422,39950,0.083117,0.05,1,5718305,5717883,422
404572961,37.9402,36.8585,459,40476,0.0858805,0.05,1,5718640,5718181,459
404578801,30.2099,33.2471,452,40580,0.0677409,0.11,1,5718704,5718252,452
404610921,34.0362,36.8042,459,41149,0.259106,0.05,1,5719061,5718602,459
404616761,31.2451,34.197,454,41251,0.213057,0.07,1,5719128,5718674,454
404768601,32.5701,43.4035,483,43832,0.929064,0.63,2,5720764,5720281,483
405005121,30.2531,33.2364,480,47573,0.777908,0.86,2,5723337,5722857,480
405324861,23.7225,19.5537,439,24613,0.0546929,0.09,1,5726757,5726318,439
405330701,54.8268,73.1039,453,24785,0.0747509,0.03,1,5726884,5726431,453
405348221,20.0155,23.7225,422,25294,0.0424483,0.05,1,5727179,5726757,422
405351141,70.3508,70.5361,422,25378,0.0469793,0.09,1,5727252,5726830,422
405818341,78.8583,77.9084,449,36356,0.764619,0.55,2,5734461,5734012,449
405821261,5.84291,5.79542,449,36414,0.755847,0.65,2,5734463,5734014,449
405835861,47.8891,47.891,455,36704,0.90126,0.73,2,5734688,5734233,455
405850461,60.015,57.165,459,36990,0.925655,0.79,2,5734840,5734381,459
405853381,80.9008,78.8583,461,37047,0.940262,0.75,2,5734922,5734461,461
406270941,3.0362,23.5793,445,21066,0.760382,0.55,2,5740526,5740081,445
406276781,125.835,122.846,452,21267,0.770861,0.65,2,5740743,5740291,452
406402341,30.8604,41.5577,452,25198,0.0148999,0.19,1,5743418,5742966,452
406440301,71.1811,51.9115,501,26270,0.244047,0.21,1,5744181,5743680,501
406463661,74.1807,55.6216,507,26908,0.440171,0.29,1,5744616,5744109,507
407073941,38.7111,29.4789,499,40109,0.423251,1,1,5753651,5753152,499
407123581,23.8041,25.9351,445,40996,0.0720512,0,1,5754184,5753739,445
407129421,39.722,35.3573,461,41098,0.0775282,0.03,1,5754259,5753798,461
407135261,36.3893,26.5934,458,41200,0.0616045,0,1,5754320,5753862,458
407146941,41.9924,42.8873,464,41404,0.0874491,0.05,1,5754481,5754017,464
407149861,28.6996,42.0444,450,41455,0.0769796,0.01,1,5754509,5754059,450
407155701,3.77675,33.6401,430,41557,0.0375167,0.13,1,5754549,5754119,430
407266661,46.5542,38.086,469,43446,0.206588,0.05,1,5755712,5755243,469
407627281,125.978,88.5546,489,21997,0.76792,0.67,2,5759841,5759352,489
407811241,35.249,34.3488,447,27413,0.76214,0.53,2,5763581,5763134,447
407814161,67.3124,65.3674,449,27490,0.790856,0.59,2,5763650,5763201,449
408193761,29.1947,39.9308,447,36143,0.04287,0.35,1,5769603,5769156,447
408208361,28.4814,26.7324,425,36433,0.028231,0.07,1,5769804,5769379,425
408260921,33.8448,30.8953,455,37464,0.0401011,0.03,1,5770418,5769963,455
408269681,66.0031,44.2097,492,37632,0.0426465,0.15,1,5770562,5770070,492
408287201,26.3184,30.471,449,37968,0.0390912,0.03,1,5770746,5770297,449
408295961,34.8398,30.8954,457,38135,0.0493018,0.05,1,5770841,5770384,457
408304721,67.9009,47.0621,491,38300,0.0710753,0.05,1,5770986,5770495,491
408339761,46.9223,47.0171,423,38957,0.0396389,0.09,1,5771340,5770917,423
408342681,69.7961,67.9009,425,39011,0.0458556,0.11,1,5771411,5770986,425
408748561,83.5524,109.405,482,20647,0.26488,0.49,1,5776098,5775616,482
408754401,44.3364,71.191,450,20852,0.257181,0.27,1,5776210,5775760,450
408809881,89.6311,114.048,536,22707,0.751785,0.61,2,5777424,5776888,536
408950041,44.7709,48.4627,499,26819,0.411253,0.67,1,5780313,5779814,499
409177801,31.8193,34.3268,491,32404,0.0306068,0.77,1,5784105,5783614,491
409499001,53.652,47.2459,493,38930,0.931293,1,2,5788359,5787866,493
409510681,32.0454,30.049,489,39146,0.775761,1,2,5788526,5788037,489
409639161,39.624,30.6244,495,41453,0.911493,0.69,2,5790035,5789540,495
409782241,52.0615,32.9798,523,43878,0.923957,1,2,5791679,5791156,523
409811441,23.0176,28.8189,498,44358,0.923466,0.94,2,5792015,5791517,498
410259661,64.4801,70.6948,522,25788,0.925997,0.79,2,5797777,5797255,522
410446541,33.9104,29.7307,493,30599,0.409656,1,1,5801132,5800639,493
410493261,92.3506,62.0148,523,31687,0.411841,0.23,1,5801874,5801351,523
410948781,33.1507,40.7666,513,40791,0.238497,1,1,5808119,5807606,513
410954621,28.4404,36.6769,511,40895,0.0729596,1,1,5808184,5807673,511
410966301,23.6852,31.292,503,41101,0.0374358,1,1,5808308,5807805,503
411461241,121.869,100.252,509,22724,0.791632,1,2,5813605,5813096,509
411464161,90.6434,91.4626,507,22817,0.790653,1,2,5813694,5813187,507
411595561,28.0404,54.2396,497,26678,0.071096,0.99,1,5816362,5815865,497
411604321,58.8346,63.8753,504,26915,0.0921501,0.23,1,5816547,5816043,504
411706521,61.5797,70.6925,509,29543,0.751532,0.55,2,5818239,5817730,509
411712361,5.18895,61.9742,454,29686,0.750245,0.63,2,5818307,5817853,454
411983921,3.98739,41.7004,424,35707,0.0078675,0.01,1,5822402,5821978,424
411989761,58.2925,55.6318,425,35825,0.0216588,0.03,1,5822508,5822083,425
412021881,43.8927,44.8494,422,36469,0.0134614,0.03,1,5822871,5822449,422
412024801,58.2446,58.2925,422,36527,0.0233846,0.05,1,5822930,5822508,422
412056921,43.8927,43.8927,422,37158,0.0140112,0,1,5823293,5822871,422
412062761,45.6147,56.1597,466,37272,0.0226418,0.05,1,5823396,5822930,466
412097801,46.5647,57.2946,467,37947,0.0243446,0.03,1,5823818,5823351,467
412135761,4.23049,46.5647,424,38665,0.0162979,0.07,1,5824242,5823818,424
412205841,49.4574,57.9122,426,39954,0.209058,0.05,1,5825042,5824616,426
412874521,23.2554,25.3412,423,50623,0.205443,0.05,1,5832183,5831760,423
412889121,30.4394,28.6321,426,50832,0.208168,0.07,1,5832330,5831904,426
412894961,25.9161,26.8141,426,50914,0.204907,0.05,1,5832380,5831954,426
412909561,28.5543,27.6044,428,51119,0.257948,0.11,1,5832466,5832038,428
412912481,30.8777,30.8302,428,51160,0.277179,0.11,1,5832497,5832069,428
412915401,33.8439,32.8915,429,51201,0.284872,0.15,1,5832531,5832102,429
413032201,35.8846,33.6906,482,52821,0.786198,0.53,2,5833592,5833110,482
413576781,15.6065,22.3933,477,32088,0.774236,0.77,2,5840580,5840103,477
413582621,88.199,34.256,549,32220,0.785078,0.77,2,5840707,5840158,549
413719861,88.7381,69.3189,556,35172,0.90904,1,2,5842773,5842217,556
413743221,40.4082,29.8034,522,35650,0.410646,1,1,5843051,5842529,522
413763661,28.1178,29.3162,456,36063,0.0754595,0.69,1,5843351,5842895,456
413769501,17.7878,18.8358,453,36181,0.0660735,0.51,1,5843401,5842948,453
413857101,58.9434,19.86,497,37893,0.437444,0.31,1,5844451,5843954,497
414195821,12.4285,19.6704,437,43885,0.20019,0.03,1,5848489,5848052,437
414210421,40.8848,38.6976,465,44125,0.217215,0.15,1,5848670,5848205,465
414350581,43.7906,40.7629,489,46366,0.78146,0.53,2,5850111,5849622,489
414595861,18.3192,28.0469,481,50037,0.775124,0.77,2,5852602,5852121,481
414598781,17.066,18.5023,480,50079,0.77205,0.77,2,5852619,5852139,480
414604621,29.3977,23.7013,486,50163,0.796728,0.75,2,5852667,5852181,486
414616301,2.71101,19.1697,453,50331,0.79286,0.67,2,5852733,5852280,453
414625061,48.0822,43.4316,455,50457,0.794503,0.57,2,5852838,5852383,455
414922901,25.2364,20.3344,445,25160,0.0239047,0.05,1,5855944,5855499,445
414925821,36.4118,35.2167,446,25244,0.0515619,0.07,1,5855981,5855535,446
414931661,50.7735,53.953,455,25412,0.0862499,0.09,1,5856079,5855624,455
414946261,25.1353,29.7288,447,25826,0.02544,0,1,5856366,5855919,447
414952101,47.5153,36.4118,472,25990,0.0532704,0.05,1,5856453,5855981,472
414975461,51.3154,38.3068,474,26636,0.0885619,0.07,1,5856879,5856405,474
415089341,99.947,59.8926,557,29579,0.917991,0.77,2,5858858,5858301,557
415241181,33.7817,41.9662,476,33094,0.774949,1,2,5861254,5860778,476
415322941,17.2804,23.5996,465,34839,0.773659,0.61,2,5862380,5861915,465
415343381,32.8024,84.1458,486,35261,0.935562,0.75,2,5862728,5862242,486
415556541,20.6832,37.693,479,39397,0.0500173,0.92,1,5865543,5865064,479
415603261,20.6722,32.5401,442,40247,0.0321426,0.03,1,5866081,5865639,442
415609101,35.4392,43.8289,456,40351,0.0783428,0.07,1,5866161,5865705,456
415623701,32.7075,29.0448,454,40611,0.0716022,0.09,1,5866305,5865851,454
415676261,35.3937,60.8798,457,41537,0.0740814,0.05,1,5866907,5866450,457
415679181,3.66969,35.344,425,41588,0.0596326,0.09,1,5866909,5866484,425
415687941,41.0428,39.2869,425,41741,0.0707765,0.07,1,5867014,5866589,425
415690861,22.9521,22.8643,425,41792,0.0583106,0.09,1,5867036,5866611,425
415758021,36.2943,35.249,435,42937,0.429451,0.27,1,5867766,5867331,435
415760941,3.71472,3.66245,435,42986,0.41778,0.27,1,5867768,5867333,435
415766781,41.9518,20.9092,479,43084,0.418445,0.35,1,5867834,5867355,479
415836861,64.7318,21.6378,515,44245,0.757894,0.57,2,5868622,5868107,515
416417941,29.3943,17.5394,435,24613,0.0551567,0.03,1,5874808,5874373,435
416423781,53.7485,57.5188,450,24785,0.0652251,0.03,1,5874950,5874500,450
416432541,48.5398,48.6496,423,25041,0.0399344,0.05,1,5875112,5874689,423
416444221,88.7321,86.9697,425,25378,0.0458063,0.09,1,5875323,5874898,425
416625261,94.6208,95.5324,462,30115,0.916604,0.83,2,5878381,5877919,462
416762501,72.9182,88.2775,453,33256,0.0536969,0.63,1,5880561,5880108,453
416765421,31.1959,33.8639,451,33320,0.0394788,0.53,1,5880590,5880139,451
416815061,44.6956,53.3287,475,34383,0.288669,0.17,1,5881238,5880763,475
416847181,45.7431,57.9124,480,35053,0.440305,0.31,1,5881674,5881194,480
417092461,55.646,67.6268,480,39798,0.928,1,2,5884883,5884403,480
417147941,32.9709,44.1173,475,40794,0.0870602,0.33,1,5885536,5885061,475
417174221,31.0428,32.7568,453,41257,0.0414701,0.01,1,5885844,5885391,453
417390301,37.2366,35.3343,459,44884,0.946195,0.73,2,5888134,5887675,459
417856041,9.30601,14.4269,422,24252,0.0573688,0.05,1,5893428,5893006,422
417861881,79.7283,80.5961,423,24426,0.058379,0.05,1,5893548,5893125,423
417870641,61.9618,63.0449,423,24685,0.0423763,0.05,1,5893736,5893313,423
417873561,75.2981,74.4022,424,24771,0.0589505,0.09,1,5893812,5893388,424
417896921,77.1935,75.2981,424,25448,0.208831,0.07,1,5894236,5893812,424
417996201,83.188,83.0407,457,28139,0.917438,0.79,2,5896013,5895556,457
418194761,52.4437,53.1782,452,32862,0.75001,0.65,2,5899196,5898744,452
418197681,95.7222,93.8589,454,32926,0.786004,0.57,2,5899294,5898840,454
418229801,97.7647,95.7222,461,33625,0.94335,0.87,2,5899755,5899294,461
418644441,25.8361,28.3732,461,41608,0.921359,0.75,2,5905234,5904773,461
419047401,117.872,116.92,464,27290,0.938675,0.83,2,5912089,5911625,464
419161281,32.93,39.7474,460,30168,0.428392,0.81,1,5914066,5913606,460
419225521,71.4387,41.5861,528,31676,0.784332,0.73,2,5915076,5914548,528
419389041,38.8051,32.4963,510,35221,0.0475855,1,1,5917508,5916998,510
419391961,31.3903,31.0748,510,35281,0.0190342,1,1,5917539,5917029,510
419394881,33.8695,31.9537,512,35341,0.0256137,1,1,5917573,5917061,512
419400721,74.8497,35.0399,552,35461,0.0508982,0.85,1,5917684,5917132,552
419427001,32.3277,31.3903,425,35994,0.0409446,0.03,1,5917964,5917539,425
419429921,34.8664,33.8695,426,36053,0.0463778,0.07,1,5917999,5917573,426
419432841,34.9933,33.9935,427,36112,0.0605511,0.05,1,5918034,5917607,427
419505841,77.8413,35.0407,503,37548,0.209903,0.13,1,5918961,5918458,503
420390601,18.5262,20.7557,429,24076,0.0896934,0.03,1,5928785,5928356,429
420443161,69.4486,79.8487,495,25614,0.222108,0.09,1,5929790,5929295,495
420676761,25.2572,31.6352,486,31546,0.0426576,0.79,1,5933828,5933342,486
420682601,65.8981,47.0566,522,31680,0.0488252,0.49,1,5933941,5933419,522
421205281,93.1547,92.2909,555,23074,0.908918,0.83,2,5942849,5942294,555
421304561,73.1583,89.3728,546,26014,0.271139,1,1,5944968,5944422,546
421313321,17.6768,24.4974,506,26257,0.0857529,1,1,5945054,5944548,506
421339601,2.648,17.6768,425,26974,0.0704019,0.11,1,5945479,5945054,425
421342521,80.8824,80.6838,426,27053,0.0821607,0,1,5945564,5945138,426
421348361,39.7222,38.9617,423,27209,0.0503457,0.05,1,5945693,5945270,423
421351281,66.5861,66.5481,423,27287,0.0861383,0.07,1,5945761,5945338,423
421362961,13.9651,14.9601,423,27596,0.0400771,0.09,1,5945900,5945477,423
421365881,2.59825,2.648,423,27673,0.0340309,0.09,1,5945902,5945479,423
421377561,72.286,66.5861,428,27978,0.0689832,0.13,1,5946189,5945761,428
421424281,87.6439,79.9298,513,29165,0.276856,0.11,1,5946921,5946408,513
421435961,34.4377,57.0042,460,29454,0.269312,0.15,1,5947130,5946670,460
421456401,32.6288,39.5322,437,29954,0.220655,0.27,1,5947395,5946958,437
421719201,3.153,33.9081,426,35756,0.066442,0.05,1,5951273,5950847,426
421774681,48.1863,43.4363,427,36864,0.0738647,0.17,1,5952010,5951583,427
421800961,95.1698,47.329,519,37377,0.0964073,0.07,1,5952326,5951807,519
421806801,32.6804,27.5258,454,37490,0.0526252,0.05,1,5952382,5951928,454
421812641,34.8517,48.1863,458,37602,0.08642,0.09,1,5952468,5952010,458
422974801,74.9928,84.0473,502,25716,0.262384,0.91,1,5964836,5964334,502
422977721,32.2496,54.5524,479,25798,0.206954,0.91,1,5964866,5964387,479
423079921,33.8944,63.912,491,28531,0.926172,0.81,2,5966646,5966155,491
423223001,33.7793,32.7324,473,31963,0.443831,0.45,1,5969031,5968558,473
423436161,45.9652,71.9868,481,36477,0.928,1,2,5972072,5971591,481
423459521,25.6806,31.0076,477,36938,0.024695,1,1,5972410,5971933,477
423477041,63.2734,37.1649,519,37280,0.0412602,0.45,1,5972630,5972111,519
423497481,36.4339,25.6806,458,37675,0.0239228,0.01,1,5972868,5972410,458
423506241,40.2869,26.874,462,37843,0.0680111,0.07,1,5972957,5972495,462
423512081,65.1757,30.4672,489,37955,0.0768818,0.05,1,5973054,5972565,489
423526681,17.665,30.2594,440,38232,0.0236641,0.07,1,5973226,5972786,440
423544201,29.5261,40.2869,453,38562,0.0303388,0,1,5973410,5972957,453
423634721,35.0889,54.8632,457,40226,0.0502793,0.03,1,5974456,5973999,457
424277121,84.4235,80.3901,505,23003,0.934,1,2,5981596,5981091,505
424318001,36.2025,35.4912,454,24261,0.754707,0.69,2,5982433,5981979,454
424320921,80.6601,78.7246,456,24348,0.799883,0.71,2,5982516,5982060,456
424464001,49.7052,52.99,441,28297,0.418216,0.41,1,5985238,5984797,441
424466921,20.5353,20.6995,441,28372,0.413286,0.41,1,5985257,5984816,441
424472761,76.4788,49.4517,516,28521,0.427326,0.37,1,5985384,5984868,516
424837761,32.0766,29.6741,499,36643,0.0503143,0.97,1,5991023,5990524,499
424855281,13.9815,17.8512,461,36987,0.0225683,0.71,1,5991206,5990745,461
424878641,42.4949,32.9536,464,37443,0.0393925,0.03,1,5991520,5991056,464
424887401,31.6807,25.6114,454,37611,0.0241211,0.03,1,5991614,5991160,454
424913681,42.4946,32.8977,464,38115,0.0710553,0.05,1,5991941,5991477,464
424922441,30.8281,25.6137,455,38280,0.0662275,0,1,5992037,5991582,455
424937041,68.9417,28.9174,499,38555,0.096611,0.15,1,5992217,5991718,499
425377961,29.6105,24.5426,437,20954,0.075394,0.05,1,5997442,5997005,437
425395481,22.0689,22.2172,424,21554,0.0486103,0.09,1,5997836,5997412,424
425398401,31.5034,29.6109,426,21652,0.0614441,0.01,1,5997868,5997442,426
425430521,80.1369,78.1751,508,22707,0.22821,0.13,1,5998645,5998137,508
425448041,84.5017,115.741,512,23261,0.232988,0.21,1,5998996,5998484,512
426643781,33.912,36.4889,497,29750,0.0469233,0.81,1,6027096,6026599,497
427210261,36.2195,124.794,516,41404,0.94336,1,2,6034828,6034312,516
427280341,30.0384,16.5733,464,19642,0.762946,0.53,2,6035873,6035409,464
427283261,83.2019,31.2287,518,19750,0.767178,0.55,2,6035959,6035441,518
427289101,151.971,72.7531,606,19964,0.793549,0.67,2,6036190,6035584,606
427402981,41.4773,71.9188,512,23757,0.773598,0.87,2,6038829,6038317,512
427537301,39.5977,36.2533,479,27562,0.251395,1,1,6041468,6040989,479
427540221,24.7799,25.5627,478,27639,0.202558,1,1,6041492,6041014,478
427598621,82.2372,46.8405,514,29133,0.444401,0.21,1,6042484,6041970,514
427800101,44.3643,33.7684,486,33778,0.29489,1,1,6045619,6045133,486
427808861,27.6862,33.5677,479,33965,0.0709529,1,1,6045779,6045300,479
427811781,10.8843,16.8784,473,34027,0.0463812,0.99,1,6045789,6045316,473
427826381,32.625,30.4914,480,34337,0.0553581,0.49,1,6045984,6045504,480
427870181,75.481,47.5658,504,35248,0.284831,0.13,1,6046602,6046098,504
428442501,34.8021,33.9904,488,45503,0.283774,1,1,6053516,6053028,488
428454181,27.1374,29.4323,467,45687,0.261233,0.79,1,6053622,6053155,467
428462941,25.4135,23.6824,455,45825,0.245439,0.65,1,6053719,6053264,455
428474621,27.2172,28.6003,474,46009,0.285691,0.35,1,6053832,6053358,474
428550541,31.2131,33.2702,475,47187,0.770244,0.49,2,6054600,6054125,475
428553461,16.7607,28.2635,463,47232,0.758098,0.53,2,6054616,6054153,463
428848381,7.15675,9.06425,462,51541,0.0435202,0.69,1,6057525,6057063,462
428877581,39.2673,31.9463,462,51951,0.0645582,0.03,1,6057784,6057322,462
428883421,20.2382,25.6349,443,52032,0.0187293,0.09,1,6057828,6057385,443
428889261,25.9381,26.6641,447,52112,0.0449967,0.01,1,6057879,6057432,447
428895101,30.0848,31.7017,451,52192,0.0755995,0.03,1,6057941,6057490,451
428898021,7.20424,29.1351,428,52232,0.0722398,0.05,1,6057947,6057519,428
428930141,23.9034,39.2673,447,52672,0.222533,0.01,1,6058231,6057784,447
428933061,19.2452,24.7634,442,52712,0.215013,0.01,1,6058250,6057808,442
428973941,2.46198,11.2325,429,53272,0.208187,0.15,1,6058571,6058142,429
428976861,23.8731,23.3616,430,53312,0.221275,0.21,1,6058596,6058166,430
428979781,43.9437,41.0681,433,53351,0.23851,0.25,1,6058641,6058208,433
428982701,24.0472,23.9034,433,53390,0.233404,0.21,1,6058664,6058231,433
429175421,33.7816,28.7326,485,55931,0.915384,0.61,2,6060296,6059811,485
429178341,40.6391,33.7366,492,55969,0.948154,0.61,2,6060337,6059845,492
429464501,35.4012,33.3562,431,27936,0.222298,0.19,1,6063274,6062843,431
429470341,48.2535,46.3484,433,28088,0.243168,0.17,1,6063338,6062905,433
429479101,38.0464,39.0508,428,28313,0.225563,0.17,1,6063471,6063043,428
429482021,73.1523,71.3025,430,28388,0.240225,0.17,1,6063546,6063116,430
430203261,62.1317,67.3412,426,21204,0.0901783,0.07,1,6074141,6073715,426
430214941,31.564,32.467,422,21602,0.0206926,0.03,1,6074377,6073955,422
430217861,115.578,114.673,423,21700,0.026277,0.03,1,6074497,6074074,423
430229541,63.7175,66.6078,422,22088,0.0255847,0.03,1,6074689,6074267,422
430232461,80.1359,80.2804,422,22184,0.0402339,0.01,1,6074770,6074348,422
430235381,31.5568,31.564,422,22280,0.0220935,0.03,1,6074799,6074377,422
430238301,116.528,115.578,423,22375,0.0628374,0.03,1,6074920,6074497,423
430650021,32.8719,35.8572,423,33145,0.0564219,0.01,1,6081923,6081500,423
430655861,26.3022,26.3096,423,33273,0.0174275,0,1,6082038,6081615,423
430661701,42.0558,41.1058,424,33400,0.0279884,0.05,1,6082105,6081681,424
430664621,53.4028,52.4053,425,33463,0.0651954,0.05,1,6082159,6081734,425
430687981,27.2404,26.3022,423,33965,0.031557,0.03,1,6082461,6082038,423
430690901,23.212,24.1151,422,34027,0.0306228,0.03,1,6082484,6082062,422
430696741,54.398,53.4028,424,34151,0.0660997,0.09,1,6082583,6082159,424
430784341,87.8253,85.7734,436,35961,0.402672,0.29,1,6083721,6083285,436
431105541,33.6545,33.8046,434,41930,0.248326,0.21,1,6087684,6087250,434
431108461,23.5327,28.2902,429,41980,0.23733,0.13,1,6087707,6087278,429
431114301,38.4388,38.4507,429,42080,0.240773,0.13,1,6087774,6087345,429
431502661,29.4873,30.3924,422,48292,0.0565471,0.01,1,6091852,6091430,422
431555221,46.2881,32.8243,468,49070,0.0716766,0.01,1,6092353,6091885,468
431561061,34.6957,27.9171,458,49156,0.0582683,0.09,1,6092416,6091958,458
431566901,21.7467,16.7898,448,49242,0.0345229,0.11,1,6092454,6092006,448
431575661,24.2681,29.3143,451,49371,0.0451695,0.13,1,6092525,6092074,451
431584421,24.2114,29.1307,451,49500,0.0309708,0.15,1,6092610,6092159,451
431587341,12.6106,25.2065,438,49543,0.0303883,0.15,1,6092622,6092184,438
431596101,28.2546,33.0442,455,49670,0.0996248,0.17,1,6092700,6092245,455
431753781,31.0425,46.9336,483,51910,0.786701,0.65,2,6094128,6093645,483
431771301,26.3658,32.2689,483,52152,0.78506,0.77,2,6094291,6093808,483
431777141,28.2809,32.6657,486,52232,0.78921,0.79,2,6094353,6093867,486
432063301,16.6557,9.78982,451,25633,0.077776,0.17,1,6097107,6096656,451
432083741,52.6167,54.8038,453,26206,0.0782134,0.05,1,6097488,6097035,453
432110021,4.72084,52.6167,428,26925,0.0468854,0.09,1,6097916,6097488,428
432177181,26.1292,93.124,444,28679,0.0777471,0.03,1,6099044,6098600,444
433216701,514.407,539.949,496,21900,0.429846,1,1,6112081,6111585,496
433225461,74.549,83.4039,493,22189,0.0714302,0.65,1,6112302,6111809,493
433228381,60.7275,83.0202,470,22285,0.0345721,0.43,1,6112362,6111892,470
433231301,52.4364,59.251,464,22380,0.0198288,0.13,1,6112414,6111950,464
433242981,86.2827,60.4389,508,22757,0.0388596,0.13,1,6112651,6112143,508
433263421,90.0349,72.6531,512,23401,0.0502275,0.05,1,6113076,6112564,512
435053381,36.2297,40.2435,487,30879,0.0467012,1,1,6137346,6136859,487
435117621,23.7567,39.048,444,32353,0.0461875,0.03,1,6138254,6137810,444
435126381,55.4046,62.047,479,32548,0.047836,0.13,1,6138420,6137941,479
435132221,40.1335,23.4776,469,32678,0.0376538,0.17,1,6138483,6138014,469
435135141,60.9067,39.1739,491,32743,0.0450615,0.07,1,6138545,6138054,491
435146821,37.2097,38.1338,422,33000,0.0441136,0.05,1,6138653,6138231,422
435155581,64.0917,63.0919,425,33192,0.0549033,0.05,1,6138790,6138365,425
435158501,54.5046,55.4046,424,33256,0.0519613,0.05,1,6138844,6138420,424
435222741,55.4523,64.9965,483,34627,0.297763,0.17,1,6139696,6139213,483
435508901,30.3414,25.4768,440,18235,0.0288198,0.01,1,6143661,6143221,440
435523501,18.7748,17.8273,424,18810,0.0200999,0.03,1,6144054,6143630,424
435549781,97.3536,64.6736,521,19802,0.0275596,0.01,1,6144673,6144152,521
435564381,67.9717,29.4365,491,20332,0.0184358,0.03,1,6144997,6144506,491
435567301,96.4986,66.0718,521,20436,0.0253743,0.03,1,6145095,6144574,521
435570221,120.725,97.3536,544,20540,0.0281497,0.01,1,6145217,6144673,544
435576061,18.6843,88.6884,437,20746,0.010504,0.05,1,6145319,6144882,437
435634461,88.2241,114.017,508,22703,0.0558159,0.03,1,6146570,6146062,508
435637381,21.5112,88.3508,439,22796,0.0403264,0.01,1,6146588,6146149,439
435654901,80.8615,111.482,508,23349,0.227829,0,1,6146991,6146483,508
435657821,22.0931,88.2241,440,23440,0.217132,0.03,1,6147010,6146570,440
435868061,58.2291,109.085,513,29238,0.914396,1,2,6150956,6150443,513
436183421,35.6556,33.0786,501,36227,0.903983,1,2,6155807,6155306,501
436195101,11.4317,17.9456,481,36459,0.900246,1,2,6155970,6155489,481
436244741,33.9881,37.4739,492,37434,0.903665,0.81,2,6156613,6156121,492
436498781,71.8854,68.7057,524,20655,0.911224,0.67,2,6160749,6160225,524
436717781,35.8701,37.6902,464,27296,0.42663,0.77,1,6165402,6164938,464
436951381,39.9328,38.047,490,32925,0.432507,1,1,6169260,6168770,490
437027301,58.2348,42.7381,505,34556,0.756495,0.59,2,6170339,6169834,505
437243381,35.7074,38.7957,492,38823,0.0567835,1,1,6173302,6172810,492
437246301,29.3354,38.0398,483,38877,0.0407134,0.97,1,6173331,6172848,483
437374781,16.2368,20.5429,443,41199,0.0354855,0.11,1,6174752,6174309,443
437380621,33.4806,23.6589,460,41301,0.0476777,0.11,1,6174810,6174350,460
437412741,20.6449,20.7351,423,41861,0.0406617,0.03,1,6175159,6174736,423
437418581,23.6591,23.6118,424,41961,0.0557059,0.05,1,6175200,6174776,424
437421501,34.433,33.4806,425,42011,0.0642824,0.07,1,6175235,6174810,425
437468221,36.1887,35.2361,426,42808,0.241083,0.11,1,6175717,6175291,426
437587941,40.3684,40.3683,454,44784,0.795529,0.65,2,6176991,6176537,454
437590861,21.0184,21.0184,454,44831,0.768212,0.65,2,6177011,6176557,454
437593781,40.0009,40.0009,454,44878,0.769285,0.67,2,6177052,6176598,454
437599621,74.3425,74.295,455,44972,0.789086,0.67,2,6177152,6176697,455
437602541,5.61713,5.61475,455,45019,0.777634,0.67,2,6177154,6176699,455
437605461,31.6309,30.6807,456,45066,0.785054,0.67,2,6177187,6176731,456
437631741,39.3736,40.3684,459,45487,0.906251,0.75,2,6177450,6176991,459
437831761,31.8552,35.4217,438,22569,0.0265281,0.05,1,6179829,6179391,438
437840521,57.3009,63.4336,478,22850,0.0460978,0.01,1,6180033,6179555,478
437884321,56.3027,56.4956,424,24205,0.00920235,0.03,1,6180881,6180457,424
437893081,68.996,68.0484,424,24467,0.016669,0.03,1,6181068,6180644,424
437896001,29.0998,30.0024,423,24554,0.00666758,0.03,1,6181095,6180672,423
437907681,57.2525,56.3027,423,24897,0.0515787,0.03,1,6181304,6180881,423
437913521,49.8756,49.9208,422,25067,0.0382526,0.01,1,6181420,6180998,422
437919361,29.0997,29.0998,422,25236,0.0133204,0.07,1,6181517,6181095,422
437922281,82.205,82.205,422,25320,0.0353282,0.07,1,6181602,6181180,422
437928121,62.0505,62.0505,422,25487,0.0176525,0.05,1,6181669,6181247,422
437989441,66.8046,68.8515,422,27180,0.203289,0.03,1,6182755,6182333,422
438109161,72.5023,71.5499,446,30209,0.751225,0.51,2,6184679,6184233,446
438117921,75.3037,73.4012,449,30419,0.783198,0.61,2,6184823,6184374,449
438331081,23.4041,68.0934,444,35133,0.0723181,0.01,1,6188022,6187578,444
438491681,39.648,70.9102,495,38300,0.915877,0.71,2,6190093,6189598,495
438672721,3.91241,44.0761,465,41580,0.0519297,0.75,1,6192288,6191823,465
438792441,39.3455,64.9073,472,43613,0.448265,0.35,1,6193575,6193103,472
439096121,62.9859,97.5023,495,22093,0.78376,1,2,6196916,6196421,495
439110721,33.7716,37.1767,479,22569,0.442358,0.81,1,6197208,6196729,479
439137001,60.6916,99.5386,494,23401,0.449441,0.27,1,6197805,6197311,494
439303441,39.1334,32.3892,491,28101,0.214503,1,1,6201046,6200555,491
439440681,66.0043,41.9242,500,31446,0.401985,0.25,1,6203152,6202652,500
440045121,29.742,35.0118,434,19642,0.0467396,0.09,1,6211446,6211012,434
440050961,131.412,75.9925,556,19857,0.0470783,0.03,1,6211665,6211109,556
440065561,79.4845,29.742,507,20386,0.0286581,0.09,1,6211953,6211446,507
440068481,133.174,82.2371,558,20490,0.0894632,0.03,1,6212089,6211531,558
440091841,76.0144,74.1087,430,21304,0.0868806,0.15,1,6212590,6212160,430
440094761,38.9507,39.8054,429,21404,0.0767523,0.13,1,6212627,6212198,429
440156081,39.1574,78.0571,481,23396,0.771824,0.49,2,6213931,6213450,481
440299161,23.8424,30.6264,470,27485,0.04786,0.92,1,6216755,6216285,470
440305001,21.3871,26.2016,464,27639,0.0256576,0.83,1,6216824,6216360,464
440345881,71.2616,93.3305,493,28693,0.0934871,0.03,1,6217538,6217045,493
440348801,44.4131,73.0665,464,28767,0.0913948,0.03,1,6217581,6217117,464
440351721,18.3707,43.5533,439,28841,0.0785579,0.07,1,6217598,6217159,439
440375081,43.6048,71.2616,468,29422,0.201341,0.09,1,6218006,6217538,468
440395521,13.609,17.3927,428,29922,0.0544197,0.19,1,6218220,6217792,428
440413041,23.1285,23.3185,428,30344,0.236892,0.11,1,6218522,6218094,428
440448081,83.6604,82.7078,434,31170,0.402762,0.29,1,6219062,6218628,434
440518161,84.3014,106.13,542,32760,0.901125,0.83,2,6220172,6219630,542
440672921,38.8274,32.9523,486,36020,0.442349,1,1,6222343,6221857,486
440690441,26.2515,26.4022,468,36370,0.239256,0.75,1,6222614,6222146,468
440699201,22.3045,26.3563,453,36544,0.207072,0.53,1,6222694,6222241,453
440801401,28.2283,31.615,479,38515,0.763589,0.63,2,6223991,6223512,479
440804321,23.2614,27.2307,475,38570,0.755436,0.63,2,6224014,6223539,475
440807241,3.06307,22.2615,455,38625,0.752174,0.67,2,6224016,6223561,455
440810161,27.7032,27.7131,456,38680,0.77487,0.69,2,6224045,6223589,456
440827681,31.1075,30.9674,457,39006,0.905238,0.73,2,6224333,6223876,457
441083181,28.4948,26.4522,432,21602,0.435077,0.31,1,6228210,6227778,432
441118221,55.2343,71.4341,502,22752,0.752704,0.55,2,6229034,6228532,502
441562061,23.9707,36.9805,470,34089,0.405484,0.71,1,6236924,6236454,470
441632141,36.4997,81.1837,487,35548,0.76605,0.65,2,6237936,6237449,487
441824861,25.8294,23.0321,464,39276,0.763808,0.85,2,6240447,6239983,464
442143141,18.7431,20.6954,422,44754,0.0345893,0.03,1,6244187,6243765,422
442154821,24.8877,26.7355,423,44942,0.0421175,0.05,1,6244311,6243888,423
442166501,32.0755,31.261,423,45130,0.0569982,0.03,1,6244429,6244006,423
442204461,24.1447,24.1922,422,45733,0.0303939,0.05,1,6244785,6244363,422
442207381,33.5072,33.5096,422,45779,0.0541576,0.07,1,6244819,6244397,422
442318341,42.4743,42.5053,438,47500,0.448525,0.35,1,6245879,6245441,438
442899421,61.8044,64.9779,529,29363,0.94,1,2,6253045,6252516,529
442919861,29.9609,36.227,499,29864,0.926721,1,2,6253344,6252845,499
442975341,22.1267,25.1768,424,31183,0.254257,0.11,1,6254206,6253782,424
443001621,44.6318,34.6863,478,31789,0.428894,0.27,1,6254619,6254141,478
443203101,59.3999,60.4378,486,36092,0.9292,1,2,6257518,6257032,486
443206021,49.52,51.4719,484,36151,0.79768,1,2,6257567,6257083,484
443229381,39.0589,47.4084,482,36615,0.421022,0.95,1,6257882,6257400,482
443232301,18.1029,28.9704,471,36673,0.414409,0.9,1,6257899,6257428,471
443322821,41.7916,38.8722,474,38418,0.429604,0.27,1,6259039,6258565,474
443425021,42.9611,60.2659,498,40299,0.939702,0.75,2,6260246,6259748,498
443573941,30.0532,29.142,493,42888,0.274019,1,1,6262052,6261559,493
443623581,20.9199,22.4951,443,43717,0.0632842,0.01,1,6262549,6262106,443
443641101,31.1115,33.2015,454,44005,0.0933926,0.11,1,6262749,6262295,454
443670301,3.51979,32.396,424,44484,0.0268243,0,1,6263006,6262582,424
443673221,35.326,34.8698,426,44531,0.0527297,0.03,1,6263043,6262617,426
443676141,27.4163,30.2435,423,44578,0.0390919,0.07,1,6263070,6262647,423
443687821,40.7453,39.5556,429,44766,0.0691128,0.07,1,6263218,6262789,429
443725781,34.9833,34.126,423,45377,0.0642567,0.05,1,6263564,6263141,423
443731621,40.795,40.7453,424,45469,0.0642811,0.07,1,6263642,6263218,424
443822141,41.1796,42.6447,474,46883,0.440318,0.29,1,6264539,6264065,474
444184221,23.2515,32.9804,467,52162,0.0727819,0.47,1,6268039,6267572,467
444195901,21.2049,27.2306,454,52322,0.0621992,0.27,1,6268138,6267684,454
444254301,29.1393,50.688,454,53122,0.241883,0.11,1,6268651,6268197,454
444268901,26.7969,25.8851,428,53322,0.241757,0.11,1,6268739,6268311,428
444283501,31.016,29.0259,428,53517,0.290716,0.13,1,6268868,6268440,428
444411981,31.1346,49.84,478,55219,0.780918,0.57,2,6269971,6269493,478
444414901,21.5067,30.042,470,55257,0.774367,0.59,2,6269992,6269522,470
444417821,19.1253,20.5021,469,55295,0.759747,0.65,2,6270011,6269542,469
444420741,2.85627,18.1251,453,55333,0.753899,0.61,2,6270013,6269560,453
444429501,22.1971,26.8445,473,55447,0.76225,0.61,2,6270087,6269614,473
444728801,14.2914,18.3211,431,27708,0.082435,0.07,1,6272906,6272475,431
444746321,68.1004,65.1937,431,28163,0.228486,0.11,1,6273232,6272801,431
444857281,69.3354,67.2952,461,30891,0.944519,0.83,2,6275010,6274549,461
445032481,27.5261,39.7212,448,34759,0.0588167,0.01,1,6277642,6277194,448
445038321,18.6888,31.7818,439,34881,0.0562107,0.05,1,6277692,6277253,439
445050001,25.8214,59.3797,449,35123,0.056783,0.09,1,6277888,6277439,449
445166801,35.672,65.4415,469,37454,0.448862,0.33,1,6279326,6278857,469
445409161,62.76,66.245,486,41875,0.916,1,2,6282313,6281827,486
445415001,33.9769,48.7581,479,41975,0.75736,1,2,6282379,6281900,479
445452961,27.1321,33.538,463,42625,0.0347579,0.67,1,6282808,6282345,463
445543481,38.7252,33.6952,464,44132,0.0811596,0.15,1,6283755,6283291,464
446682281,523.578,530.651,513,27740,0.91,0.95,2,6294661,6294148,513
446746521,35.4042,30.4923,484,28044,0.42973,0.83,1,6295070,6294586,484
446769881,59.2094,63.6955,501,28643,0.441245,0.45,1,6295475,6294974,501
447207881,35.8991,39.3169,495,38154,0.0576114,0.79,1,6302010,6301515,495
447210801,26.495,38.0658,483,38209,0.0410445,0.65,1,6302036,6301553,483
447628361,114.35,86.1673,487,20647,0.0636847,0.01,1,6306921,6306434,487
447631281,60.8175,84.1084,461,20750,0.0254739,0.07,1,6306979,6306518,461
447692601,64.4654,111.343,483,22800,0.0754038,0.01,1,6308249,6307766,483
447695521,51.6733,63.5172,473,22893,0.0601615,0.05,1,6308300,6307827,473
447824001,105.241,86.9687,564,26661,0.936742,0.77,2,6310808,6310244,564
447940801,34.1692,55.125,502,29673,0.934,1,2,6312861,6312359,502
447952481,19.5637,33.2044,489,29957,0.78783,1,2,6313009,6312520,489
447981681,16.3756,19.5637,456,30656,0.0838112,0.55,1,6313465,6313009,456
448034241,32.2508,54.9254,456,31877,0.201163,0.09,1,6314276,6313820,456
448349601,28.1716,35.6174,456,38383,0.0972202,0.07,1,6318623,6318167,456
448364201,3.29352,26.7372,428,38658,0.0718147,0.05,1,6318804,6318376,428
448413841,34.7125,32.8102,428,39577,0.209261,0.17,1,6319363,6318935,428
448545241,53.756,53.7536,452,41910,0.796455,0.63,2,6320859,6320407,452
448775921,25.6886,26.5503,445,21848,0.758477,0.59,2,6323928,6323483,445
448790521,55.4067,53.4563,459,22329,0.908967,0.75,2,6324343,6323884,459
448886881,75.6981,82.0664,487,25272,0.916,1,2,6326385,6325898,487
448951121,33.5731,35.8622,430,27056,0.29466,0.09,1,6327581,6327151,430
449021201,59.779,36.4312,511,28876,0.759731,0.67,2,6328775,6328264,511
449041641,85.7165,78.3328,544,29385,0.943739,0.75,2,6329138,6328594,544
449193481,43.2052,37.1528,485,32922,0.290574,0.96,1,6331566,6331081,485
449208081,33.2271,35.2333,454,33242,0.0208507,0.61,1,6331794,6331340,454
449260641,43.8409,37.1863,469,34370,0.099954,0.17,1,6332465,6331996,469
449275241,27.3108,33.2267,448,34676,0.0285467,0.03,1,6332664,6332216,448
449289841,42.7613,56.3664,465,34981,0.0425611,0.05,1,6332846,6332381,465
449643161,531.263,536.412,509,18980,0.766,1,2,6337293,6336784,509
449654841,61.0574,120.499,485,19424,0.448586,0.65,1,6337654,6337169,485
450148321,38.2508,54.3333,480,33081,0.295807,1,1,6347114,6346634,480
450168761,31.1347,38.6094,459,33526,0.0294586,0.69,1,6347380,6346921,459
450192121,25.3849,25.3855,422,34027,0.0273409,0.03,1,6347671,6347249,422
450195041,27.8692,27.8693,422,34089,0.0529364,0.03,1,6347699,6347277,422
450241761,56.688,50.7152,479,35068,0.0591754,0.05,1,6348360,6347881,479
450253441,26.2828,49.7536,449,35308,0.0584909,0.03,1,6348488,6348039,449
450256361,26.0141,29.0877,447,35368,0.0293964,0,1,6348514,6348067,447
450291401,25.8715,26.0141,422,36079,0.0284949,0.05,1,6348936,6348514,422
450294321,30.7436,29.8007,423,36138,0.029398,0,1,6348967,6348544,423
450306001,52.6151,51.7125,424,36370,0.0340166,0.05,1,6349150,6348726,424
450311841,55.3265,54.3743,425,36486,0.0882427,0.13,1,6349210,6348785,425
450326441,25.7695,25.8715,422,36776,0.053838,0.03,1,6349358,6348936,422
450373161,28.202,32.0443,449,37683,0.061915,0.05,1,6349941,6349492,449
450384841,30.3165,55.3337,450,37907,0.069793,0.03,1,6350085,6349635,450
450533761,33.4045,58.1841,485,40650,0.782338,0.67,2,6351842,6351357,485
450539601,29.6285,3.61296,483,40754,0.776774,0.69,2,6351875,6351392,483
450542521,50.8814,28.6806,505,40806,0.79671,0.67,2,6351927,6351422,505
450562961,58.5979,31.9102,517,41167,0.948839,0.75,2,6352203,6351686,517
450714801,30.2946,26.8503,514,43753,0.92608,1,2,6353938,6353424,514
450799481,18.5158,20.499,455,45130,0.901699,0.69,2,6354868,6354413,455
450808241,38.8193,35.9197,460,45271,0.940669,0.77,2,6354948,6354488,460
451075421,35.3648,30.7459,440,22475,0.0329415,0.01,1,6358281,6357841,440
451078341,73.0182,52.8373,461,22569,0.0671766,0.07,1,6358356,6357895,461
451408301,83.7091,57.0639,547,31446,0.910165,0.79,2,6364299,6363752,547
451551381,32.6783,35.914,509,34587,0.75208,1,2,6366470,6365961,509
451571821,21.7943,33.8239,499,35013,0.205717,1,1,6366780,6366281,499
451580581,41.6602,37.3155,505,35193,0.218846,0.77,1,6366897,6366392,505
451592261,65.6696,39.6967,515,35433,0.251122,0.37,1,6367059,6366544,515
452208381,31.5627,29.7006,507,46335,0.229509,1,1,6374350,6373843,507
452234661,28.5776,26.4039,490,46741,0.0560492,0.9,1,6374624,6374134,490
452278461,2.92759,20.5522,423,47415,0.0341103,0.07,1,6375018,6374595,423
452281381,29.5964,28.5776,425,47459,0.0676441,0.05,1,6375049,6374624,425
452310581,48.8432,47.2185,425,47899,0.0990855,0.07,1,6375332,6374907,425
452313501,26.1922,27.0609,424,47943,0.0936342,0.07,1,6375357,6374933,424
452322261,20.4591,20.5519,423,48075,0.0715126,0.03,1,6375439,6375016,423
452325181,2.92296,2.92759,423,48119,0.046605,0.09,1,6375441,6375018,423
452328101,30.5461,29.5964,424,48163,0.048642,0.11,1,6375473,6375049,424
452331021,30.9773,29.9798,425,48207,0.0734568,0.13,1,6375504,6375079,425
452357301,46.8483,48.8432,425,48600,0.0960702,0.09,1,6375757,6375332,425
452850781,71.2184,60.7963,486,25716,0.210314,0.53,1,6380523,6380037,486
453069781,28.3426,32.0829,462,31294,0.052191,0.9,1,6384304,6383842,462
453081461,46.0012,32.1221,489,31563,0.0604241,0.19,1,6384442,6383953,489
453101901,35.6645,28.3426,458,32029,0.0437456,0.07,1,6384762,6384304,458
453107741,29.9192,27.4784,452,32161,0.0393993,0.09,1,6384820,6384368,452
453119421,52.6641,45.43,476,32424,0.0553926,0.01,1,6384998,6384522,476
453134021,26.4427,35.6645,449,32749,0.0417032,0.01,1,6385211,6384762,449
453136941,3.22214,28.3832,423,32814,0.0346813,0.05,1,6385213,6384790,423
453139861,29.6111,29.9192,424,32878,0.0438725,0.01,1,6385244,6384820,424
453145701,34.5115,32.6598,425,33006,0.0490196,0.03,1,6385323,6384898,425
453151541,53.5713,52.6641,425,33134,0.0570431,0.05,1,6385423,6384998,425
453160301,30.1906,32.0905,423,33326,0.0185308,0.07,1,6385573,6385150,423
453163221,36.6595,34.8545,425,33389,0.0614123,0.03,1,6385610,6385185,425
453329661,39.7632,41.6607,448,36824,0.75002,0.57,2,6387786,6387338,448
453355941,66.5683,56.3391,518,37337,0.908484,0.69,2,6388106,6387588,518
453557421,37.7861,34.917,518,41057,0.784685,1,2,6390700,6390182,518
453837741,34.169,34.1124,486,45725,0.283693,1,1,6393866,6393380,486
453866941,21.0135,26.1633,482,46185,0.0355533,0.73,1,6394132,6393650,482
454392541,501.896,540.635,486,24820,0.79,1,2,6399104,6398618,486
454468461,5.55706,53.1931,459,26953,0.773994,0.75,2,6400511,6400052,459
454477221,66.9234,65.9319,461,27188,0.923376,0.79,2,6400721,6400260,461
454859741,26.6926,30.199,460,35974,0.0801917,0.65,1,6406780,6406320,460
454982381,30.6612,80.2283,476,38363,0.782549,0.53,2,6408361,6407885,476
454988221,4.01915,42.4281,449,38473,0.781608,0.51,2,6408406,6407957,449
455011581,57.6591,56.5142,460,38911,0.905478,0.75,2,6408682,6408222,460
455230581,13.5055,18.4699,459,42790,0.0601915,0.69,1,6411349,6410890,459
455470021,65.4628,20.096,499,46658,0.242317,0.13,1,6413716,6413217,499
455484621,31.346,18.8297,455,46883,0.206069,0.07,1,6413884,6413429,455
455639381,31.6643,25.2386,476,49209,0.750333,0.57,2,6415328,6414852,476
455642301,32.9332,28.8119,480,49252,0.786133,0.57,2,6415361,6414881,480
455665661,38.0574,38.1936,494,49596,0.924893,0.71,2,6415602,6415108,494
455922621,36.6287,36.5177,474,24090,0.06904,0.11,1,6418393,6417919,474
455962041,33.5406,33.0303,437,24613,0.0113666,0.03,1,6419016,6418579,437
456000001,64.0388,83.7961,486,25710,0.0637917,0.09,1,6419691,6419205,486
456005841,60.9126,78.252,483,25874,0.0618067,0.03,1,6419830,6419347,483
456023361,67.7938,83.7769,489,26362,0.0693136,0.09,1,6420117,6419628,489
456040881,23.5832,52.7089,448,26840,0.0636573,0.11,1,6420390,6419942,448
456043801,3.07916,23.5354,428,26919,0.0554629,0.05,1,6420392,6419964,428
456081761,63.0069,60.0595,430,27924,0.431213,0.19,1,6421110,6420680,430
456128481,67.0777,84.7038,512,29113,0.76074,0.55,2,6421849,6421337,512
456294921,42.4527,33.572,490,33000,0.439754,1,1,6424534,6424044,490
456321201,29.9601,33.1002,452,33572,0.0340469,0.53,1,6424911,6424459,452
456324121,28.098,32.055,448,33635,0.0196188,0.33,1,6424939,6424491,448
456367921,48.8027,42.2047,473,34566,0.0228057,0.07,1,6425511,6425038,473
456376681,33.3511,40.9313,454,34749,0.0204196,0,1,6425662,6425208,454
456400041,46.9929,45.0548,470,35233,0.0813729,0.01,1,6425932,6425462,470
456408801,33.3532,40.022,455,35413,0.0491279,0.01,1,6426084,6425629,455
456414641,28.2984,33.9676,450,35533,0.0402605,0.03,1,6426146,6425696,450
456449681,26.491,28.2984,422,36240,0.0163876,0.07,1,6426568,6426146,422
456452601,33.6245,30.8649,425,36298,0.024555,0.07,1,6426602,6426177,425
456467201,47.764,45.9068,426,36588,0.0774642,0.15,1,6426737,6426311,426
456470121,48.9382,45.9953,429,36646,0.0849857,0.03,1,6426786,6426357,429
456475961,38.7398,39.9675,422,36762,0.0267977,0.01,1,6426896,6426474,422
456484721,26.4908,26.491,422,36933,0.0177951,0.03,1,6426990,6426568,422
456496401,28.6682,29.6181,422,37161,0.0341996,0.05,1,6427086,6426664,422
456505161,48.9856,47.6937,472,37332,0.0705888,0.09,1,6427209,6426737,472
456508081,71.7993,48.9347,496,37389,0.0942355,0.03,1,6427282,6426786,496
456513921,32.242,38.7398,453,37502,0.0546777,0.03,1,6427349,6426896,453
456519761,26.4906,35.8169,447,37614,0.0387484,0.01,1,6427411,6426964,447
456540201,48.1308,48.7117,473,38006,0.0926524,0.07,1,6427633,6427160,473
457349041,82.9473,57.9999,486,23451,0.425914,0.65,1,6436482,6435996,486
458014801,23.9329,25.8856,429,38932,0.203738,0.13,1,6447040,6446611,429
458017721,30.6466,29.7943,430,38986,0.219495,0.13,1,6447071,6446641,430
458049841,43.651,41.6585,430,39579,0.434021,0.23,1,6447447,6447017,430
458362281,45.93,52.2909,492,44926,0.91406,1,2,6451067,6450575,492
458371041,31.4745,25.3502,487,45067,0.78306,1,2,6451150,6450663,487
458449881,43.7995,41.8427,494,46316,0.786508,0.61,2,6451980,6451486,494
458870361,68.2099,62.8554,499,27920,0.946,1,2,6458284,6457785,499
458908321,40.4947,56.8423,488,28890,0.427816,0.51,1,6458933,6458445,488
459115641,32.045,34.7551,477,33694,0.201854,0.91,1,6462211,6461734,477
459124401,27.4329,30.5041,457,33883,0.0923587,0.61,1,6462322,6461865,457
459168201,49.4186,35.5691,476,34807,0.299534,0.13,1,6462934,6462458,476
460098221,35.7706,19.0313,443,23278,0.0163864,0.05,1,6473845,6473402,443
460101141,82.5385,27.5516,500,23369,0.0365545,0.03,1,6473930,6473430,500
461054521,113.821,97.2588,506,19818,0.786566,0.86,2,6487764,6487258,506
461171321,25.9198,54.2995,480,23723,0.0341655,0.63,1,6490510,6490030,480
461194681,25.9196,25.9198,423,24428,0.0284646,0.07,1,6490933,6490510,423
461197601,65.896,62.096,427,24515,0.0413858,0.01,1,6491001,6490574,427
461247241,98.4348,68.7459,521,25945,0.216053,0.11,1,6491947,6491426,521
461796201,30.3613,35.6961,504,38330,0.0505998,1,1,6500253,6499749,504
461816641,21.0882,30.4221,462,38715,0.0492337,0.81,1,6500474,6500012,462
461889641,3.85716,3.71692,425,40056,0.0322418,0.07,1,6501299,6500874,425
461898401,22.24,21.9075,451,40215,0.0421435,0.15,1,6501372,6500921,451
461901321,24.862,22.9454,453,40268,0.0828574,0.15,1,6501397,6500944,453
461930521,23.9451,3.85716,447,40788,0.0175599,0.03,1,6501746,6501299,447
461933441,25.8973,22.9929,449,40840,0.037024,0.03,1,6501772,6501323,449
461942201,66.8476,24.862,495,40996,0.0866095,0.17,1,6501892,6501397,495
461950961,28.5416,21.7724,455,41149,0.048983,0.01,1,6501974,6501519,455
462006441,4.03801,3.94528,424,42112,0.0450762,0.07,1,6502567,6502143,424
462018121,22.9624,22.9599,426,42312,0.061106,0.07,1,6502647,6502221,426
462021041,29.6481,28.698,427,42362,0.0784424,0.11,1,6502677,6502250,427
462047321,3.94491,4.03801,422,42809,0.0653232,0.03,1,6502989,6502567,422
462056081,3.20199,3.24713,422,42956,0.0173807,0.07,1,6503045,6502623,422
462059001,23.9101,22.9624,423,43005,0.0369523,0.07,1,6503070,6502647,423
462064841,69.0298,28.5574,496,43103,0.0767124,0.15,1,6503173,6502677,496
462146601,73.7893,31.6906,514,44456,0.443795,0.35,1,6504040,6503526,514
462810901,81.9992,62.0304,539,26281,0.949836,0.79,2,6511460,6510921,539
462933541,48.6566,38.7423,520,29475,0.93832,1,2,6513713,6513193,520
462997781,37.2669,37.2619,448,31016,0.773585,0.59,2,6514689,6514241,448
463018221,47.2919,86.0709,499,31490,0.939939,0.71,2,6515037,6514538,499
463135021,23.6951,24.2194,498,34073,0.916181,1,2,6516826,6516328,498
463438701,22.6228,22.6704,425,40010,0.265461,0.11,1,6520811,6520386,425
463441621,3.03114,3.03352,425,40063,0.244184,0.11,1,6520813,6520388,425
463447461,43.1376,27.5576,468,40169,0.26827,0.09,1,6520885,6520417,468
463488341,61.2018,43.1376,498,40898,0.440847,0.35,1,6521383,6520885,498
463829981,29.382,40.4554,477,46546,0.227952,0.45,1,6525175,6524698,477
463835821,26.6735,21.5711,471,46636,0.210472,0.41,1,6525222,6524751,471
463841661,40.3467,30.1214,477,46726,0.226876,0.25,1,6525291,6524814,477
464272361,24.4395,24.4442,423,25210,0.0308335,0.07,1,6529938,6529515,423
464275281,43.972,43.9722,423,25294,0.0903334,0.07,1,6529983,6529560,423
464313241,64.0776,63.8418,488,26362,0.0973631,0.03,1,6530726,6530238,488
464319081,29.1827,32.7446,451,26522,0.0863781,0.05,1,6530786,6530335,451
464432961,42.488,83.1527,495,29475,0.935666,0.71,2,6532706,6532211,495
464581881,34.085,39.6943,485,32936,0.0345703,0.94,1,6535067,6534582,485
464587721,29.2977,30.5942,477,33064,0.0115313,0.95,1,6535169,6534692,477
464649041,68.3918,33.4318,493,34383,0.0556084,0.03,1,6535985,6535492,493
464654881,24.301,30.1036,445,34505,0.0388973,0.03,1,6536037,6535592,445
464660721,28.0858,67.7153,447,34627,0.0650236,0.07,1,6536133,6535686,447
464687001,24.1633,30.0196,445,35173,0.0250197,0.05,1,6536458,6536013,445
464692841,30.9354,67.715,450,35293,0.0940032,0.07,1,6536557,6536107,450
464695761,24.3468,28.0858,448,35353,0.0916013,0.07,1,6536581,6536133,448
464722041,22.3041,24.1633,422,35887,0.0233301,0.15,1,6536880,6536458,422
464724961,74.2652,67.7082,429,35946,0.027332,0.09,1,6536957,6536528,429
464751241,66.6961,67.6443,422,36472,0.0241399,0.01,1,6537254,6536832,422
464757081,22.3017,22.3041,422,36588,0.0170624,0.03,1,6537302,6536880,422
464760001,75.2151,74.2652,423,36646,0.024825,0.09,1,6537380,6536957,423
464783361,3.90677,3.92101,422,37104,0.0244967,0.01,1,6537606,6537184,422
464786281,66.6953,66.6961,422,37161,0.0277987,0.01,1,6537676,6537254,422
464868041,75.2077,75.3551,424,38723,0.0936165,0.07,1,6538649,6538225,424
466205401,81.3955,76.2076,483,27554,0.752422,0.69,2,6552000,6551517,483
466406881,23.5348,52.5592,446,32429,0.0822534,0.11,1,6555337,6554891,446
466503241,25.4658,53.2685,460,34515,0.402713,0.35,1,6556628,6556168,460
466535361,25.5204,53.316,465,35183,0.759381,0.41,2,6557069,6556604,465
466558721,50.3101,55.254,500,35661,0.918447,0.67,2,6557363,6556863,500
466763121,35.6124,35.0938,488,39593,0.232277,0.99,1,6560091,6559603,488
466768961,23.6015,27.4002,484,39699,0.0671644,1,1,6560149,6559665,484
466809841,19.9869,23.6015,441,40437,0.0518412,0.01,1,6560590,6560149,441
466815681,32.065,32.359,454,40541,0.0742946,0.03,1,6560656,6560202,454
466821521,37.6527,49.1484,459,40645,0.0946871,0.01,1,6560744,6560285,459
466827361,31.3966,38.9779,452,40749,0.0403499,0.05,1,6560814,6560362,452
466859481,36.6554,50.0532,458,41315,0.042556,0.11,1,6561165,6560707,458
466865321,32.3441,38.9326,453,41417,0.039209,0.03,1,6561236,6560783,453
466982121,37.6434,49.868,467,43410,0.275706,0.23,1,6562451,6561984,467
467326681,32.1648,34.5816,442,22663,0.0450847,0.09,1,6566562,6566120,442
467332521,82.7779,57.039,509,22850,0.0492135,0.09,1,6566707,6566198,509
467935501,56.3342,56.4743,453,16582,0.0241325,0.03,1,6576672,6576219,453
467944261,115.309,123.868,535,16963,0.0560245,0.03,1,6576941,6576406,535
467947181,99.8154,112.593,522,17088,0.0404098,0.03,1,6577040,6576518,522
467950101,56.2908,100.63,476,17212,0.0161639,0.01,1,6577094,6576618,476
467958861,113.551,140.171,537,17579,0.0411145,0.05,1,6577364,6576827,537
467964701,57.1889,99.8154,477,17820,0.0365783,0,1,6577517,6577040,477
467967621,10.4594,56.2908,431,17939,0.0146313,0.03,1,6577525,6577094,431
468069821,113.026,111.031,454,21698,0.787032,0.65,2,6580078,6579624,454
468081501,150.654,149.657,456,22086,0.9225,0.73,2,6580300,6579844,456
468414381,70.5708,80.2764,442,31168,0.0961871,0.39,1,6586583,6586141,442
471562141,16.382,44.9796,435,24699,0.0250942,0.01,1,6623158,6622723,435
471594261,66.0842,47.5567,491,25627,0.0911387,0.07,1,6623722,6623231,491
471611781,26.4262,17.3296,448,26119,0.0591426,0.07,1,6624029,6623581,448
471614701,50.7213,23.6665,476,26200,0.089657,0.07,1,6624081,6623605,476
471635141,26.4786,15.5246,452,26761,0.0546515,0.07,1,6624454,6624002,452
471638061,53.5739,26.4262,480,26840,0.0878606,0.11,1,6624509,6624029,480
471897941,53.9401,49.9734,489,33128,0.767248,1,2,6628683,6628194,489
471906701,33.1902,37.0942,479,33320,0.297984,1,1,6628861,6628382,479
471915461,25.5164,31.4354,476,33509,0.033711,1,1,6628982,6628506,476
471921301,10.8463,11.8111,475,33635,0.0173938,1,1,6629019,6628544,475
471953421,10.839,1.34629,432,34321,0.0109243,0,1,6629441,6629009,432
471959261,27.7671,43.2284,448,34444,0.0221479,0.03,1,6629512,6629064,448
471965101,48.8994,46.9431,471,34566,0.0671437,0.03,1,6629609,6629138,471
471982621,26.7352,22.6063,448,34932,0.0300062,0.03,1,6629852,6629404,448
471997221,49.0398,46.9884,474,35233,0.0415393,0.07,1,6630034,6629560,474
472000141,74.652,48.8994,501,35293,0.0586157,0.05,1,6630110,6629609,501
472017661,12.7318,26.7352,433,35651,0.0384308,0,1,6630285,6629852,433
472020581,2.53659,10.8368,425,35710,0.0153723,0.03,1,6630287,6629862,425
472041021,40.4169,38.4716,426,36123,0.0194813,0.11,1,6630601,6630175,426
472043941,53.3208,52.2736,427,36182,0.0857925,0.15,1,6630655,6630228,427
472058541,40.9765,40.9768,422,36472,0.0794929,0.05,1,6630752,6630330,422
472076061,39.4691,40.4169,422,36819,0.0769394,0.13,1,6631023,6630601,422
472102341,48.0916,50.6876,470,37332,0.258981,0.05,1,6631301,6630831,470
472479021,3.26965,29.248,428,21066,0.246623,0.17,1,6636258,6635830,428
472481941,130.313,129.712,430,21167,0.296649,0.25,1,6636395,6635965,430
472689261,20.8227,27.4135,422,27377,0.204283,0.05,1,6640601,6640179,422
472695101,50.3546,48.376,426,27531,0.216285,0.11,1,6640710,6640284,426
472706781,26.4691,27.3242,426,27837,0.214673,0.21,1,6640830,6640404,426
472709701,105.823,102.066,430,27913,0.235869,0.21,1,6640940,6640510,430
472791461,114.161,110.571,447,29963,0.78736,0.53,2,6642261,6641814,447
473019221,24.3506,31.0145,445,35044,0.0876556,0.05,1,6645739,6645294,445
473030901,19.0893,21.594,443,35284,0.073716,0.09,1,6645864,6645421,443
473086381,3.35834,3.44847,423,36406,0.0710388,0.01,1,6646562,6646139,423
473103901,38.1118,36.1072,431,36754,0.076467,0.17,1,6646758,6646327,431
473118501,31.0659,29.1668,424,37039,0.0367542,0.09,1,6646984,6646560,424
473121421,3.45329,3.35834,424,37096,0.0207017,0.05,1,6646986,6646562,424
473124341,24.8727,24.8679,424,37153,0.0382807,0.05,1,6647012,6646588,424
473130181,38.2997,43.7622,461,37267,0.0385249,0.07,1,6647095,6646634,461
473133101,25.665,39.2381,447,37324,0.03341,0.07,1,6647120,6646673,447
473136021,22.1832,25.7119,444,37381,0.031364,0.05,1,6647142,6646698,444
473141861,64.703,38.1118,491,37494,0.0638182,0.17,1,6647249,6646758,491
473153541,30.1557,32.3171,452,37718,0.0179057,0.01,1,6647405,6646953,452
473156461,3.40778,31.0659,423,37774,0.0131623,0.01,1,6647407,6646984,423
473165221,39.2972,43.9936,461,37942,0.0692424,0.05,1,6647518,6647057,461
473200261,40.1593,44.9435,463,38605,0.228406,0.07,1,6647942,6647479,463
473541901,30.6396,37.3791,461,44550,0.0259152,0.71,1,6651900,6651439,461
473997421,53.0089,57.7182,479,51405,0.906698,1,2,6656347,6655868,479
474131741,3.1669,27.2378,458,53260,0.90661,0.75,2,6657554,6657096,458
474137581,40.9529,38.2106,460,53339,0.919058,0.77,2,6657618,6657158,460
474146341,25.8974,24.1395,459,53456,0.91442,0.79,2,6657690,6657231,459
474149261,51.6449,49.657,461,53495,0.947768,0.79,2,6657743,6657282,461
474384321,64.9999,62.2352,519,26688,0.948095,0.75,2,6660350,6659831,519
474524481,34.4986,40.5136,470,30261,0.0656926,0.93,1,6662848,6662378,470
474527401,31.1749,35.2757,466,30331,0.026277,0.83,1,6662879,6662413,466
474556601,30.1764,31.1749,422,31022,0.0196108,0.05,1,6663301,6662879,422
474559521,24.3088,24.3587,422,31090,0.0138443,0.09,1,6663325,6662903,422
474562441,33.5154,30.6679,425,31158,0.0475377,0.05,1,6663359,6662934,425
474568281,30.4838,30.6192,422,31294,0.040006,0.03,1,6663429,6663007,422
474579961,101.385,54.5064,525,31563,0.0619362,0.03,1,6663663,6663138,525
474585801,28.326,33.5288,451,31697,0.0123098,0,1,6663722,6663271,451
474588721,24.2163,30.1764,445,31764,0.0109239,0.01,1,6663746,6663301,445
474594561,38.773,33.5154,461,31897,0.0437478,0.01,1,6663820,6663359,461
474609161,97.5023,51.7099,525,32227,0.0707488,0.03,1,6664084,6663559,525
474615001,27.4613,34.5193,450,32359,0.0365198,0,1,6664144,6663694,450
474617921,23.2231,28.326,445,32424,0.0326079,0.01,1,6664167,6663722,445
474632521,53.8507,30.1169,479,32749,0.0607659,0.17,1,6664361,6663882,479
474647121,27.4422,27.4613,423,33070,0.0132846,0.03,1,6664567,6664144,423
474652961,35.4561,36.3112,424,33198,0.0441255,0.01,1,6664628,6664204,424
474658801,32.2461,32.2958,423,33326,0.0418601,0.01,1,6664697,6664274,423
474664641,56.7006,53.8507,426,33452,0.0606976,0.09,1,6664787,6664361,426
474696761,59.5956,56.7006,426,34141,0.234124,0.11,1,6665213,6664787,426
474699681,4.87978,4.73503,426,34203,0.23165,0.13,1,6665215,6664789,426
474702601,48.694,48.6868,426,34265,0.24266,0.13,1,6665266,6664840,426
474737641,93.6818,48.694,527,34999,0.407522,0.29,1,6665793,6665266,527
475352301,25.7352,40.7039,433,21055,0.0322344,0.06,1,6673411,6672978,433
475401941,77.9581,58.9556,501,22707,0.0680923,0.07,1,6674419,6673918,501
475404861,89.3979,77.9978,512,22800,0.0812369,0.01,1,6674509,6673997,512
475413621,28.4376,55.7534,448,23078,0.0380792,0.05,1,6674679,6674231,448
475416541,25.1719,27.4877,447,23170,0.0212317,0.07,1,6674704,6674257,447
475422381,77.9629,58.1612,503,23352,0.0501971,0.07,1,6674843,6674340,503
475545021,92.9256,94.3551,547,26898,0.922692,0.73,2,6677234,6676687,547
475664741,34.0817,22.2534,531,29957,0.417711,1,1,6679306,6678775,531
475696861,19.5536,20.7041,436,30725,0.0584121,0.11,1,6679762,6679326,436
475731901,44.8936,60.7563,470,31542,0.0751339,0.07,1,6680295,6679825,470
476225381,45.9753,63.5086,502,41351,0.948851,0.75,2,6686779,6686277,502
476409341,19.8727,21.061,501,44454,0.0777093,1,1,6688852,6688351,501
476965601,76.6171,68.4898,528,25614,0.791595,0.63,2,6695117,6694589,528
477082401,35.0573,48.8128,519,28735,0.408591,1,1,6697305,6696786,519
477111601,28.1215,35.0573,462,29463,0.0170507,0.17,1,6697767,6697305,462
477117441,91.6978,69.2476,517,29607,0.0207281,0.05,1,6697929,6697412,517
477155401,46.4521,46.4475,424,30522,0.0175637,0.05,1,6698468,6698044,424
477158321,4.22261,4.22237,424,30591,0.0130255,0.13,1,6698470,6698046,424
477161241,31.5611,29.6611,426,30660,0.0352102,0.09,1,6698503,6698077,426
477164161,55.7281,55.6331,426,30729,0.0560841,0.05,1,6698560,6698134,426
477167081,27.4864,29.3817,424,30798,0.0404336,0.09,1,6698586,6698162,424
477193361,55.728,31.3606,479,31412,0.082463,0.07,1,6698982,6698503,479
477219641,33.4632,4.21809,457,32013,0.0793955,0.03,1,6699349,6698892,457
477231321,61.3963,29.9218,492,32277,0.249953,0.15,1,6699531,6699039,492
477234241,84.7698,62.2961,514,32343,0.249981,0.07,1,6699617,6699103,514
477248841,35.3702,4.26333,461,32668,0.238,0.09,1,6699775,6699314,461
477251761,62.5685,33.4632,490,32733,0.2452,0.15,1,6699839,6699349,490
477733561,75.4643,66.2144,507,23898,0.248539,0.17,1,6708798,6708291,507
477937961,29.0009,50.0317,504,29462,0.0280657,1,1,6712580,6712076,504
478297121,31.9878,99.8169,507,37266,0.768227,1,2,6717712,6717205,507
478320481,26.3024,52.9755,499,37717,0.23754,0.99,1,6718022,6717523,499
478323401,26.0151,32.0988,494,37773,0.221016,0.97,1,6718048,6717554,494
478370121,3.27848,27.8098,426,38659,0.217657,0.09,1,6718592,6718166,426
478373041,34.3639,35.5905,426,38714,0.225063,0.11,1,6718628,6718202,426
478402241,60.2,57.3928,432,39255,0.424412,0.21,1,6718996,6718564,432
479533741,3.90576,41.975,423,26925,0.0308313,0.03,1,6731343,6730920,423
479536661,54.3453,56.2487,423,27004,0.0423325,0.11,1,6731400,6730977,423
479545421,73.5107,74.4087,425,27238,0.0634293,0.01,1,6731550,6731125,425
479548341,48.3255,49.3204,424,27316,0.0553717,0.05,1,6731597,6731173,424
479557101,39.1175,40.1152,422,27548,0.0268238,0.03,1,6731763,6731341,422
479568781,48.1109,45.2134,426,27854,0.0807987,0.07,1,6731901,6731475,426
479600901,49.3351,72.6991,475,28679,0.0978787,0.19,1,6732450,6731975,475
479743981,56.0613,77.1726,515,32095,0.922325,0.83,2,6734666,6734151,515
479849101,37.1942,66.6479,509,34389,0.921693,1,2,6736275,6735766,509
479852021,24.6597,38.4824,496,34450,0.902677,1,2,6736299,6735803,496
479884141,22.6076,37.1942,488,35119,0.0632575,0.89,1,6736763,6736275,488
480551361,59.8959,75.5432,526,26189,0.93808,1,2,6746778,6746252,526
480577641,55.999,59.8959,525,26908,0.0269996,0.85,1,6747303,6746778,525
480688601,31.5919,4.83781,455,29750,0.0252049,0.03,1,6749029,6748574,455
480691521,38.6296,30.6419,462,29821,0.040082,0.09,1,6749068,6748606,462
480767441,51.9923,50.799,487,31614,0.414704,0.29,1,6750224,6749737,487
480817081,88.5973,59.0942,536,32733,0.781107,0.55,2,6750957,6750421,536
481006881,32.5553,29.1026,509,36696,0.0852144,1,1,6753668,6753159,509
481024401,21.4203,28.3335,467,37039,0.0717289,0.72,1,6753893,6753426,467
481050681,78.6804,32.7139,505,37550,0.0741905,0.09,1,6754233,6753728,505
481079881,25.3105,30.4381,448,38110,0.0294895,0.05,1,6754538,6754090,448
481085721,83.4258,34.6086,507,38220,0.0611183,0.09,1,6754659,6754152,507
481126601,35.6594,34.5713,427,38986,0.0532889,0.13,1,6755118,6754691,427
481182081,40.121,39.0784,427,40003,0.221432,0.11,1,6755730,6755303,427
481278441,85.9469,85.9475,447,41710,0.782468,0.51,2,6756815,6756368,447
481576281,95.2924,91.5801,458,22329,0.933339,0.79,2,6760880,6760422,458
481716441,34.589,61.9587,457,26501,0.0572444,0.05,1,6763763,6763306,457
481725201,40.4601,67.2559,462,26740,0.0941436,0.07,1,6763925,6763463,462
481733961,4.40356,52.8237,425,26977,0.0792252,0.03,1,6764010,6763585,425
481894561,55.9286,55.8808,449,31000,0.771632,0.55,2,6766615,6766166,449
481915001,78.9741,57.0766,533,31475,0.903139,0.79,2,6766936,6766403,533
482063921,32.9685,35.5203,484,34737,0.766467,0.69,2,6769176,6768692,484
482230361,68.0829,54.5955,545,38052,0.942086,1,2,6771454,6770909,545
482236201,30.1902,31.9615,507,38163,0.783134,1,2,6771516,6771009,507
482563241,64.34,42.5096,543,43926,0.930707,1,2,6775394,6774851,543
482569081,32.8409,32.3588,514,44022,0.764513,1,2,6775455,6774941,514
482609961,29.5746,29.817,463,44689,0.403321,0.71,1,6775885,6775422,463
482744281,33.7951,30.757,489,46810,0.929352,0.69,2,6777261,6776772,489
482986641,26.8394,26.3345,436,23095,0.0304016,0.05,1,6779995,6779559,436
482989561,81.142,66.8667,451,23187,0.0421606,0.01,1,6780079,6779628,451
482992481,43.0071,47.0433,446,23278,0.0228642,0.05,1,6780120,6779674,446
482995401,136.1,50.8022,536,23369,0.0871457,0.13,1,6780261,6779725,536
483007081,27.7444,23.7875,451,23730,0.0285829,0.03,1,6780419,6779968,451
483010001,80.2372,26.8394,507,23819,0.0414332,0.05,1,6780502,6779995,507
483027521,22.8744,22.8883,423,24348,0.0298548,0.03,1,6780814,6780391,423
483033361,79.3822,80.2372,424,24522,0.0491768,0.03,1,6780926,6780502,424
483138481,134.165,133.21,440,27461,0.438443,0.39,1,6782825,6782385,440
483164761,135.113,134.165,443,28147,0.760259,0.49,2,6783268,6782825,443
483561881,28.3661,34.0855,443,36987,0.0491725,0.21,1,6789270,6788827,443
483582321,14.51,26.1917,436,37386,0.0376108,0.03,1,6789544,6789108,436
483588161,30.0088,29.278,452,37499,0.0768177,0.03,1,6789605,6789153,452
483596921,30.2233,35.3223,452,37667,0.0800363,0.07,1,6789694,6789242,452
483614441,21.4931,28.0144,447,38003,0.0745608,0.09,1,6789953,6789506,447
483623201,31.9512,30.1755,454,38170,0.0794119,0.09,1,6790029,6789575,454
483634881,74.7968,30.2233,503,38390,0.217793,0.09,1,6790197,6789694,503
483932721,523.736,535.84,504,17520,0.754,0.59,2,6793780,6793276,504
483953161,431.837,479.942,454,18980,0.4036,0.73,1,6794207,6793753,454
483976521,17.1206,22.8068,444,20555,0.22876,0.15,1,6794672,6794228,444
483982361,85.4003,131.015,510,20761,0.270602,0.15,1,6794892,6794382,510
484043681,95.996,131.868,549,22810,0.912958,0.75,2,6796235,6795686,549
484052441,4.42475,47.4927,467,23088,0.912109,0.89,2,6796383,6795916,467
484286041,87.1831,80.6829,565,29536,0.933971,1,2,6800899,6800334,565
484288961,117.409,85.7341,598,29608,0.937588,1,2,6801018,6800420,598
484436421,34.0222,60.8871,440,14473,0.0564256,0.01,1,6803554,6803114,440
484459781,69.7066,105.046,499,15744,0.251445,0.15,1,6804374,6803875,499
484462701,33.8853,72.7023,460,15879,0.250578,0.17,1,6804406,6803946,460
484472921,68.8183,102.132,501,16408,0.413407,0.25,1,6804807,6804306,501
484475841,33.8409,69.7066,465,16537,0.411363,0.25,1,6804839,6804374,465
484690461,94.9799,102.572,487,24339,0.911022,1,2,6810356,6809869,487
484813101,42.7339,60.4653,480,27760,0.0546315,0.91,1,6812724,6812244,480
484821861,34.7397,36.1788,464,27988,0.0166964,0.73,1,6812852,6812388,464
484842301,43.9364,40.9442,466,28513,0.0655635,0,1,6813190,6812724,466
484851061,36.8869,34.7395,458,28735,0.0123561,0.03,1,6813310,6812852,458
484853981,113.944,36.887,539,28809,0.0829424,0.05,1,6813428,6812889,539
484862741,36.5679,29.3477,459,29028,0.0501883,0.03,1,6813524,6813065,459
484880261,118.694,36.8869,544,29463,0.0662747,0.13,1,6813854,6813310,544
484903621,33.5457,34.6471,423,30033,0.0419176,0.01,1,6814117,6813694,423
484921141,41.3082,41.5407,423,30453,0.0711445,0.07,1,6814411,6813988,423
484929901,42.0189,43.9142,423,30660,0.0753532,0.05,1,6814507,6814084,423
484932821,32.5009,33.5457,422,30729,0.0601413,0.05,1,6814539,6814117,422
484944501,30.3689,31.2714,422,31004,0.0520836,0.11,1,6814763,6814341,422
484950341,40.4984,41.3082,424,31140,0.0551334,0.05,1,6814835,6814411,424
484953261,49.5249,49.5654,424,31208,0.0640534,0.05,1,6814885,6814461,424
485449661,73.7192,80.606,472,18711,0.228352,0.21,1,6821785,6821313,472
485674501,97.8472,82.981,580,26024,0.929124,1,2,6826924,6826344,580
485811741,36.2821,44.2227,512,29606,0.799339,1,2,6829447,6828935,512
486267261,34.7702,35.2846,503,39201,0.760605,1,2,6836032,6835529,503
486308141,22.6835,26.4385,457,39949,0.442691,0.55,1,6836515,6836058,457
486375301,55.9824,34.5586,506,41148,0.773207,0.61,2,6837322,6836816,506
486643941,31.9927,33.2535,473,45625,0.417516,1,1,6840381,6839908,473
486719861,38.7483,33.9203,475,46811,0.430959,0.25,1,6841137,6840662,475
486860021,41.8407,35.2359,500,48925,0.904386,0.75,2,6842491,6841991,500
487125741,30.6085,22.3127,479,52699,0.78085,0.55,2,6845074,6844595,479
487128661,31.9304,30.5656,480,52739,0.79834,0.55,2,6845106,6844626,480
487438181,22.8825,26.2593,467,56811,0.277847,0.88,1,6847864,6847397,467
487441101,11.5941,14.613,464,56848,0.273139,0.91,1,6847875,6847411,464
487560821,29.8412,42.9713,478,58345,0.763057,0.59,2,6848837,6848359,478
487903921,9.71964,6.90328,424,29273,0.0193062,0.01,1,6851885,6851461,424
487906841,3.33598,5.09516,422,29345,0.00772249,0.03,1,6851888,6851466,422
487909761,18.2168,16.4048,424,29417,0.021089,0.03,1,6851907,6851483,424
487921441,59.0139,65.4625,441,29704,0.0497399,0.05,1,6852129,6851688,441
487933121,11.612,39.0231,423,29988,0.0311773,0,1,6852308,6851885,423
487936041,2.4806,4.80115,422,30059,0.0304709,0.03,1,6852310,6851888,422
487941881,38.9087,37.0145,424,30199,0.0420753,0,1,6852369,6851945,424
487953561,64.5628,61.8507,425,30479,0.0667891,0.13,1,6852616,6852191,425
487968161,18.1736,18.174,422,30824,0.0465047,0.05,1,6852751,6852329,422
487976921,61.0896,61.1348,422,31029,0.0550563,0.09,1,6852917,6852495,422
487982761,65.6077,64.5628,425,31165,0.086809,0.13,1,6853041,6852616,425
488073281,68.7114,67.6572,429,33204,0.218666,0.15,1,6854320,6853891,429
488105401,69.6585,68.7114,432,33898,0.411202,0.29,1,6854752,6854320,432
488390101,60.4716,61.3197,428,18597,0.245521,0.11,1,6859438,6859010,428
488404701,168.279,164.431,432,19160,0.404745,0.27,1,6859815,6859383,432
488460181,184.639,181.493,462,21164,0.940692,0.81,2,6861170,6860708,462
488574061,29.2007,32.877,462,24770,0.026385,0.79,1,6863657,6863195,462
488614941,49.3618,132.185,469,25942,0.239965,0.07,1,6864421,6863952,469
488620781,29.1934,52.913,449,26105,0.209994,0.03,1,6864501,6864052,449
488638301,52.2598,132.237,479,26588,0.298946,0.27,1,6864855,6864376,479
489127401,39.6663,108.642,459,17212,0.251102,0.13,1,6872810,6872351,459
489139081,114.897,134.513,542,17700,0.438092,0.27,1,6873208,6872666,542
489276321,24.9792,1.60772,518,22656,0.253706,1,1,6876569,6876051,518
489299681,98.9966,24.9792,535,23394,0.289183,0.15,1,6877104,6876569,535
491591881,31.7959,16.1092,452,23278,0.237576,0.25,1,6911070,6910618,452
491594801,95.6398,35.0055,515,23369,0.28103,0.25,1,6911169,6910654,515
492009441,34.1311,31.3499,501,33883,0.279153,1,1,6918384,6917883,501
492018201,20.4269,26.4828,478,34069,0.0718658,0.98,1,6918471,6917993,478
492243041,43.9491,79.0756,496,38555,0.786782,0.67,2,6921345,6920849,496
492507301,25.6163,55.1442,453,20901,0.228743,0.17,1,6925241,6924788,453
492562781,59.9362,89.6189,506,22752,0.78993,0.59,2,6926485,6925979,506
492700021,28.5947,41.6286,476,26782,0.432024,0.49,1,6929323,6928847,476
492767181,32.139,70.3717,485,28545,0.901727,0.69,2,6930397,6929912,485
492921941,30.9111,28.7432,464,32239,0.222078,0.27,1,6933043,6932579,464
493021221,37.6352,28.8335,487,34399,0.757196,0.59,2,6934405,6933918,487
493053341,38.5852,30.7042,497,35068,0.933591,0.77,2,6934864,6934367,497
493225621,2.92529,23.3056,424,18133,0.220713,0,1,6937681,6937257,424
493284021,109.637,62.8466,539,20344,0.224668,0.13,1,6939146,6938607,539
493286941,155.582,106.692,588,20448,0.275867,0.11,1,6939304,6938716,588
493444621,30.3354,24.4343,498,25447,0.0744083,1,1,6942690,6942192,498
493459221,102.841,40.0761,577,25860,0.0821027,0.49,1,6942983,6942406,577
493467981,30.1445,36.7083,451,26105,0.0422146,0.03,1,6943111,6942660,451
493470901,18.6072,30.3354,439,26186,0.0168858,0.03,1,6943129,6942690,439
493479661,44.7212,96.424,463,26428,0.0502807,0.05,1,6943300,6942837,463
493494261,22.3595,30.1445,443,26826,0.0471229,0,1,6943554,6943111,443
493500101,3.1434,28.4804,423,26984,0.0159397,0.01,1,6943581,6943158,423
493505941,47.4604,44.7212,425,27140,0.0229503,0.15,1,6943725,6943300,425
493508861,107.823,103.886,429,27218,0.0511801,0.21,1,6943836,6943407,429
493520541,22.9702,22.3595,423,27528,0.0314062,0.01,1,6943977,6943554,423
493532221,48.4102,47.4604,423,27835,0.037524,0.07,1,6944148,6943725,423
493535141,107.871,107.823,423,27911,0.0450096,0.09,1,6944259,6943836,423
493675301,126.557,123.706,451,31343,0.752344,0.59,2,6946449,6945998,451
493870941,134.241,135.198,451,16276,0.772076,0.65,2,6949840,6949389,451
493999421,41.3409,40.6356,451,21264,0.756515,0.63,2,6953279,6952828,451
494005261,44.6584,45.4641,453,21463,0.799042,0.69,2,6953476,6953023,453
494326461,77.0852,85.6066,460,30452,0.928861,0.87,2,6959862,6959402,460
494527941,27.0364,8.77863,460,34922,0.401092,0.23,1,6962868,6962408,460
494530861,47.9018,28.9389,479,34983,0.406437,0.23,1,6962917,6962438,479
494787821,48.3139,59.3042,480,39949,0.946793,0.96,2,6966283,6965803,480
494790741,31.8657,35.2652,477,40002,0.936717,0.95,2,6966314,6965837,477
494793661,17.7433,21.7133,473,40055,0.920687,1,2,6966331,6965858,473
495066681,2.83487,20.6038,423,21066,0.017683,0.07,1,6969995,6969572,423
495075441,128.17,124.51,426,21367,0.0368917,0.07,1,6970305,6969879,426
497192441,7.8307,117.847,424,24029,0.0316413,0.09,1,7003776,7003352,424
497215801,7.82831,7.8307,422,24726,0.0266431,0.05,1,7004198,7003776,422
497218721,64.0414,62.1415,424,24812,0.0406572,0.09,1,7004265,7003841,424
497233321,52.3682,53.3228,422,25236,0.0348035,0.03,1,7004496,7004074,422
497236241,118.518,118.566,422,25320,0.0559214,0.03,1,7004618,7004196,422
497849441,16.6601,17.6599,422,39119,0.0428676,0.03,1,7013834,7013412,422
497864041,31.5283,31.5237,424,39389,0.0453766,0.09,1,7013956,7013532,424
497893241,20.609,20.6092,422,39921,0.016709,0,1,7014309,7013887,422
497899081,3.56652,3.56652,422,40027,0.00867345,0.07,1,7014345,7013923,422
497902001,33.4283,31.5283,424,40080,0.0214694,0.07,1,7014380,7013956,424
497942881,35.8714,33.4283,457,40811,0.0338468,0.03,1,7014837,7014380,457
497945801,39.7936,33.9714,463,40863,0.0435387,0.11,1,7014877,7014414,463
498106401,42.5557,34.1134,496,43613,0.761747,0.67,2,7016626,7016130,496
498123921,48.5577,37.2122,505,43901,0.914446,0.69,2,7016870,7016365,505
498353141,31.5818,34.4904,451,21666,0.444355,0.23,1,7019843,7019392,451
498391101,90.1323,54.7345,537,22906,0.752218,0.57,2,7020707,7020170,537
498665581,34.3979,35.6153,493,30387,0.426978,1,1,7025915,7025422,493
498703541,24.0627,27.9105,436,31280,0.425457,0.31,1,7026454,7026018,436
498712301,33.8658,51.2085,468,31482,0.429709,0.31,1,7026557,7026089,468
498945901,24.3574,36.7578,460,36466,0.0933298,0.83,1,7029963,7029503,460
498963421,23.3993,34.9426,431,36813,0.0611637,0.29,1,7030185,7029754,431
499021821,53.3105,58.21,480,37944,0.409512,0.17,1,7030927,7030447,480
499324041,10.2716,29.4794,429,19642,0.0594237,0.05,1,7034751,7034322,429
499335721,61.4604,111.823,482,20070,0.0742412,0.05,1,7035113,7034631,482
499338641,54.373,61.6411,477,20176,0.0476965,0.03,1,7035167,7034690,477
499341561,10.3187,53.4321,432,20281,0.0370786,0.07,1,7035175,7034743,432
499350321,104.599,74.1732,534,20594,0.092373,0.11,1,7035478,7034944,534
499356161,51.5615,61.4604,476,20799,0.0639797,0.03,1,7035589,7035113,476
499359081,10.1781,54.373,430,20901,0.0435919,0.03,1,7035597,7035167,430
499394121,63.4562,60.5065,430,22088,0.258368,0.19,1,7036394,7035964,430
499475881,122.759,120.764,457,24635,0.903027,0.69,2,7038119,7037662,457
499592681,39.4644,47.2833,456,27868,0.445405,0.65,1,7040283,7039827,456
499624801,112.004,53.2713,558,28693,0.792545,0.51,2,7040895,7040337,558
499794161,41.2713,30.1226,522,32695,0.212088,1,1,7043599,7043077,522
499814601,24.5048,27.5641,455,33145,0.0207913,0.47,1,7043885,7043430,455
499875921,36.8909,35.7677,458,34460,0.0261374,0.03,1,7044707,7044249,458
500065721,93.2671,40.2975,548,38240,0.761619,0.65,2,7047142,7046594,548
500267201,29.064,28.2267,490,41880,0.0848963,1,1,7049603,7049113,490
500270121,17.6032,27.0613,480,41930,0.0639585,1,1,7049620,7049140,480
500311001,17.6022,17.6032,422,42630,0.0625788,0.09,1,7050042,7049620,422
500313921,23.6801,22.7302,423,42680,0.0670315,0.05,1,7050066,7049643,423
500363561,28.7501,24.0467,450,43513,0.0990547,0.05,1,7050565,7050115,450
500407361,35.59,28.7501,461,44233,0.296944,0.11,1,7051026,7050565,461
500442401,25.9726,23.9773,435,44801,0.287618,0.27,1,7051373,7050938,435
500451161,34.6426,35.59,435,44942,0.299448,0.27,1,7051461,7051026,435
500468681,63.8006,62.8505,440,45224,0.412953,0.39,1,7051636,7051196,440
500471601,43.09,43.9925,439,45271,0.411181,0.37,1,7051678,7051239,439
500474521,32.5545,33.5496,438,45318,0.410473,0.31,1,7051710,7051272,438
500512481,65.7005,63.8006,441,45917,0.794891,0.43,2,7052077,7051636,441
500832221,20.5549,38.37,426,23988,0.0245921,0.07,1,7055556,7055130,426
500887701,65.7187,58.0238,489,25614,0.08467,0.11,1,7056558,7056069,489
500893541,89.3693,60.2326,513,25779,0.0867472,0.07,1,7056707,7056194,513
500905221,29.4775,19.5527,451,26106,0.0594847,0.05,1,7056851,7056400,451
500913981,58.5807,65.7187,485,26349,0.069807,0.13,1,7057043,7056558,485
500922741,48.1438,49.1185,474,26589,0.0642277,0.09,1,7057228,7056754,474
500934421,69.5661,62.2739,493,26906,0.213948,0.03,1,7057408,7056915,493
501013261,71.6657,65.3618,523,28955,0.762792,0.57,2,7058736,7058213,523
501147581,24.6398,45.308,509,32145,0.402103,1,1,7060923,7060414,509
501208901,4.2475,4.2476,426,33499,0.282495,0.11,1,7061765,7061339,426
501229341,84.9545,84.0876,433,33939,0.414236,0.23,1,7062097,7061664,433
501540321,56.027,57.7936,429,19367,0.257588,0.15,1,7066804,7066375,429
501552001,105.613,118.811,535,19802,0.265362,0.21,1,7067087,7066552,535
501937441,36.0588,38.2865,480,30860,0.245724,1,1,7074746,7074266,480
501943281,22.3676,24.2732,478,30997,0.225316,1,1,7074797,7074319,478
501981241,65.9965,27.8434,499,31874,0.251024,0.17,1,7075368,7074869,499
502270321,23.504,22.5783,454,37882,0.0556779,0.15,1,7079397,7078943,454
502282001,37.2118,63.147,457,38106,0.0632974,0.03,1,7079543,7079086,457
503092301,482.053,517.471,473,23360,0.4252,0.83,1,7088626,7088153,473
503136101,124.803,140.824,458,23360,0.21208,0.59,1,7088732,7088274,458
503150701,26.3656,59.1325,435,23810,0.0376437,0.03,1,7089012,7088577,435
503153621,17.4683,20.0566,434,23899,0.0150575,0.05,1,7089029,7088595,434
503156541,65.4734,30.4528,471,23988,0.036023,0.03,1,7089097,7088626,471
503214941,78.3493,48.6478,504,25697,0.288442,0.13,1,7090200,7089696,504
503431021,42.2115,38.3279,481,31208,0.205779,1,1,7093979,7093498,481
503468981,40.178,24.8055,464,32079,0.0560009,0.01,1,7094507,7094043,464
503474821,56.2454,25.712,479,32211,0.0893601,0.03,1,7094587,7094108,479
503787261,72.185,55.9673,537,38605,0.934,1,2,7098847,7098310,537
503810621,31.544,24.8775,508,39040,0.428303,1,1,7099123,7098615,508
503845661,20.7328,22.8805,438,39685,0.0844239,0.45,1,7099529,7099091,438
503889461,28.2644,29.5366,456,40476,0.417013,0.17,1,7100015,7099559,456
504193141,66.6441,55.8124,490,20852,0.419478,0.51,1,7103679,7103189,490
504248621,81.3959,118.823,547,22707,0.948508,0.95,2,7104914,7104367,547
504342061,32.3831,1.82002,524,25523,0.42515,1,1,7106894,7106370,524
506086761,68.5158,31.0035,539,31557,0.436019,0.87,1,7129734,7129195,539
506113041,15.6644,27.3019,462,32155,0.294431,0.51,1,7130104,7129642,462
506218161,31.9146,67.1667,486,34444,0.916666,0.71,2,7131608,7131122,486
506393361,26.3295,35.8818,482,37950,0.0718156,0.65,1,7134015,7133533,482
506577321,35.6785,47.6151,490,41308,0.927431,0.71,2,7136177,7135687,490
506851801,25.3618,24.2838,449,45860,0.758227,0.57,2,7139275,7138826,449
506869321,44.9341,24.5066,495,46136,0.789881,0.63,2,7139441,7138946,495
507431421,85.0837,32.3986,568,28513,0.916435,1,2,7146888,7146320,568
507483981,79.44,29.8544,532,29820,0.798288,0.65,2,7147801,7147269,532
507635821,36.0859,29.8488,484,33310,0.272589,1,1,7150191,7149707,484
507729261,57.7901,33.8458,492,35284,0.442497,0.25,1,7151444,7150952,492
507971621,60.6807,50.514,495,39950,0.797526,1,2,7154599,7154104,495
507980381,11.9182,25.2644,480,40109,0.766002,1,2,7154674,7154194,480
508024181,36.4506,44.2959,492,40892,0.78031,0.65,2,7155212,7154720,492
508030021,50.5836,49.2257,502,40996,0.79325,0.69,2,7155306,7154804,502
508308881,32.8962,14.227,446,21156,0.0777731,0.11,1,7158703,7158257,446
508355601,55.377,97.9345,485,22707,0.416219,0.25,1,7159716,7159231,485
508527881,33.1439,38.0175,465,27676,0.233641,0.77,1,7163156,7162691,465
508545401,22.4266,25.3079,441,28132,0.064484,0.47,1,7163437,7162996,441
508560001,38.0839,58.0329,466,28506,0.204478,0.23,1,7163683,7163217,466
510017081,515.411,545.88,495,24820,0.91,0.96,2,7181373,7180878,495
510233161,28.1363,63.3531,478,29363,0.0342699,0.57,1,7184679,7184201,478
510253601,3.7389,35.1496,425,29864,0.0298872,0.03,1,7184963,7184538,425
510282801,3.64594,3.7389,423,30566,0.023177,0.07,1,7185386,7184963,423
510285721,61.9323,60.0369,425,30635,0.0392708,0.09,1,7185451,7185026,425
510309081,34.9042,34.9188,422,31183,0.0338929,0.01,1,7185806,7185384,422
510312001,3.64521,3.64594,422,31251,0.0135572,0.05,1,7185808,7185386,422
510314921,63.8323,61.9323,424,31319,0.0354229,0.05,1,7185875,7185451,424
510387921,65.8997,64.8614,428,32966,0.292496,0.21,1,7186919,7186491,428
511388021,65.4341,62.8724,426,24261,0.219371,0.11,1,7199198,7198772,426
511390941,69.7717,68.6936,427,24348,0.261749,0.09,1,7199268,7198841,427
511478541,95.8642,70.4831,549,26836,0.90243,0.65,2,7200899,7200350,549
511592421,51.8821,26.475,533,29757,0.782677,1,2,7202951,7202418,533
511647901,25.0745,25.2193,423,31080,0.0437717,0.03,1,7203783,7203360,423
511656661,30.3129,32.0728,423,31284,0.0520014,0.07,1,7203891,7203468,423
511668341,31.2356,35.7986,454,31553,0.0890272,0.01,1,7204023,7203569,454
511715061,32.2534,36.2098,462,32609,0.410759,0.23,1,7204744,7204282,462
511811421,34.398,39.158,490,34685,0.910618,0.77,2,7206098,7205608,490
511989541,31.3016,38.222,487,38225,0.788798,0.63,2,7208526,7208039,487
512478641,97.3463,84.9696,544,23443,0.792432,0.53,2,7215298,7214754,544
512650921,82.8294,77.1797,448,28282,0.754946,0.53,2,7218641,7218193,448
512653841,28.8415,30.459,446,28357,0.751979,0.53,2,7218667,7218221,446
512659681,38.3096,58.9761,486,28506,0.755117,0.59,2,7218769,7218283,486
512662601,26.6155,37.1488,476,28580,0.752047,0.61,2,7218795,7218319,476
512677201,84.7774,60.5875,542,28949,0.933707,0.79,2,7219099,7218557,542
512805681,29.3162,27.4316,515,32009,0.240756,1,1,7221215,7220700,515
512937081,3.11776,25.2526,428,34859,0.0687702,0.11,1,7222951,7222523,428
512942921,28.2703,33.4081,454,34981,0.0818032,0.11,1,7223014,7222560,454
513056801,30.0228,64.7809,473,37265,0.750683,0.55,2,7224494,7224021,473
513293321,25.843,34.3589,440,41606,0.224036,0.17,1,7227423,7226983,440
513337121,22.3348,25.0422,431,42360,0.223715,0.27,1,7227879,7227448,431
513340041,29.6167,25.9521,435,42410,0.239486,0.29,1,7227909,7227474,435
513398441,73.0641,54.2829,511,43395,0.404777,0.39,1,7228566,7228055,511
513707961,73.2462,82.686,511,22093,0.916,1,2,7231986,7231475,511
513743001,31.5096,79.5461,471,23219,0.262151,0.45,1,7232717,7232246,471
513906521,84.5347,87.873,488,27873,0.934,1,2,7235937,7235449,488
513924041,26.3241,29.4088,488,28326,0.0498231,1,1,7236230,7235742,488
513932801,68.6194,34.3747,543,28550,0.0600687,0.89,1,7236393,7235850,543
513950321,26.3184,32.4816,447,28992,0.0192579,0.03,1,7236651,7236204,447
513962001,34.876,68.6194,456,29283,0.037693,0.11,1,7236849,7236393,456
513985361,3.01278,23.3883,423,29856,0.0297301,0.11,1,7237166,7236743,423
513988281,69.5006,70.5194,423,29927,0.029892,0.01,1,7237239,7236816,423
514023321,80.8763,77.9313,428,30765,0.0548319,0.23,1,7237784,7237356,428
514143041,92.224,90.3216,450,33468,0.783097,0.55,2,7239531,7239081,450
514145961,6.5112,6.41608,450,33531,0.775239,0.61,2,7239533,7239083,450
514148881,30.7256,30.7208,450,33594,0.784096,0.63,2,7239565,7239115,450
514151801,64.2363,61.386,453,33657,0.799638,0.65,2,7239631,7239178,453
514169321,67.6022,67.6016,461,34032,0.942818,0.79,2,7239859,7239398,461
514172241,39.4801,39.4801,461,34094,0.935127,0.77,2,7239897,7239436,461
514411681,33.0788,35.0719,430,38849,0.253405,0.19,1,7243147,7242717,430
514522641,35.5256,44.5617,485,40863,0.798952,0.61,2,7244439,7243954,485
514534321,67.1695,73.0926,520,41070,0.915701,0.69,2,7244654,7244134,520
514546001,22.8872,39.6896,482,41274,0.91245,0.79,2,7244782,7244300,482
514548921,14.4444,22.8845,474,41325,0.91098,0.77,2,7244796,7244322,474
514551841,2.62222,15.3942,461,41376,0.910392,0.77,2,7244798,7244337,461
514557681,46.4616,17.2335,507,41478,0.922063,0.79,2,7244864,7244357,507
514763541,2.74231,15.7064,431,21066,0.206356,0.13,1,7247719,7247288,431
514781061,16.9465,16.8461,432,21663,0.219527,0.21,1,7248149,7247717,432
514786901,49.5374,49.5371,432,21858,0.261924,0.15,1,7248203,7247771,432
514813181,123.486,109.374,561,22717,0.437567,0.37,1,7248879,7248318,561
515189861,16.0831,18.0543,491,32603,0.437212,0.97,1,7255647,7255156,491
515274541,75.8951,35.8668,531,34435,0.771962,0.67,2,7256878,7256347,531
515461421,32.2566,29.5825,505,38165,0.447603,1,1,7259418,7258913,505
515496461,17.9317,18.1327,448,38824,0.0943175,0.39,1,7259833,7259385,448
515525661,3.43937,3.43474,424,39364,0.0850013,0.05,1,7260174,7259750,424
515534421,18.8817,17.9317,425,39526,0.21304,0.07,1,7260258,7259833,425
515578221,69.3975,22.7907,499,40320,0.240913,0.15,1,7260780,7260281,499
516804621,21.6429,20.556,431,27554,0.0353859,0.11,1,7273045,7272614,431
516807541,80.8821,63.7278,449,27631,0.0921544,0.03,1,7273129,7272680,449
516836741,54.5842,57.2441,425,28388,0.0832509,0.15,1,7273610,7273185,425
517073261,68.1329,60.7122,492,33897,0.91,1,2,7277322,7276830,492
517119981,22.3954,51.1013,479,34881,0.0273789,0.67,1,7277964,7277485,479
517125821,19.2935,27.9628,469,35003,0.0223806,0.51,1,7278008,7277539,469
517131661,71.0132,33.5574,517,35123,0.0935809,0.33,1,7278115,7277598,517
517149181,48.7756,28.1788,472,35483,0.0573478,0.01,1,7278365,7277893,472
517155021,25.8194,22.3954,448,35602,0.0295756,0.05,1,7278412,7277964,448
517160861,2.77205,19.2935,423,35720,0.0251321,0.05,1,7278431,7278008,423
517163781,34.3386,33.2647,425,35779,0.0280528,0.13,1,7278467,7278042,425
517166701,72.0169,71.0132,426,35838,0.0772211,0.07,1,7278541,7278115,426
517663101,34.0901,34.1467,424,44749,0.050405,0.05,1,7284374,7283950,424
517668941,26.6377,29.3929,423,44843,0.0380648,0.03,1,7284439,7284016,423
517674781,39.2066,38.2635,424,44937,0.0648904,0.11,1,7284503,7284079,424
517852901,43.0139,42.0616,450,47715,0.750879,0.59,2,7286249,7285799,450
518177021,10.5534,21.121,443,52388,0.269914,0.25,1,7289377,7288934,443
518182861,31.6139,25.2278,464,52468,0.277186,0.27,1,7289434,7288970,464
518363901,32.1511,35.0234,489,54901,0.927354,0.73,2,7291011,7290522,489
518660281,29.509,10.9869,454,27166,0.0863046,0.09,1,7293941,7293487,454
518712841,29.8314,26.6924,454,28537,0.26272,0.05,1,7294789,7294335,454
518715761,53.7416,30.7846,478,28611,0.279088,0.09,1,7294844,7294366,478
518727441,56.3438,59.0255,485,28906,0.400601,0.21,1,7295075,7294590,485
519755281,47.5172,50.7421,431,24169,0.289351,0.19,1,7309349,7308918,431
519775721,81.0949,76.3446,435,24776,0.440215,0.33,1,7309738,7309303,435
520742241,32.327,30.425,426,44880,0.221084,0.09,1,7323364,7322938,426
520753921,35.1749,33.2298,428,45068,0.276716,0.11,1,7323476,7323048,428
520765601,22.9831,23.9285,428,45256,0.27622,0.11,1,7323558,7323130,428
520768521,34.3992,34.4464,428,45303,0.284488,0.19,1,7323593,7323165,428
520917441,39.4105,39.4555,457,47618,0.905088,0.77,2,7325097,7324640,457
521165641,30.3337,33.8135,446,24076,0.0456269,0.19,1,7327831,7327385,446
521226961,63.113,69.3371,488,25861,0.203144,0.07,1,7328991,7328503,488
523151241,540.426,556.381,518,26280,0.43,0.91,1,7351747,7351229,518
523181901,84.9713,139.919,461,27740,0.238,0.05,1,7351808,7351347,461
523218401,83.8599,85.8498,422,27740,0.06088,0.03,1,7352144,7351722,422
524103161,510.722,564.848,482,20440,0.406,1,1,7363941,7363459,482
524114841,66.692,82.3751,467,20852,0.0295456,0.17,1,7364233,7363766,467
524123601,33.3011,21.314,442,21156,0.0198909,0.03,1,7364362,7363920,442
524170321,74.6109,85.5834,495,22707,0.0483032,0.01,1,7365371,7364876,495
524173241,60.7305,74.5792,481,22800,0.0373213,0.01,1,7365431,7364950,481
524211201,76.3305,86.2172,498,23980,0.0587527,0.03,1,7366216,7365718,498
524217041,53.4858,59.828,422,24156,0.0562004,0.03,1,7366274,7365852,422
524222881,76.8462,72.9671,428,24331,0.0581921,0.09,1,7366426,7365998,428
524237481,5.79988,5.71652,425,24763,0.0342823,0.05,1,7366643,7366218,425
524266681,70.9322,50.3645,496,25606,0.0674212,0.03,1,7367192,7366696,496
524269601,82.3966,73.7682,504,25689,0.0809685,0.15,1,7367275,7366771,504
526280021,25.491,28.5393,463,42285,0.0556488,0.77,1,7396174,7395711,463
526282941,20.2746,23.277,460,42335,0.0282595,0.71,1,7396194,7395734,460
526344261,33.7943,29.8763,460,43370,0.252021,0.15,1,7396859,7396399,460
526353021,19.6003,26.2142,449,43517,0.230449,0.25,1,7396940,7396491,449
526364701,19.0889,23.5837,447,43709,0.218011,0.15,1,7397043,7396596,447
526370541,29.1177,31.409,456,43805,0.244882,0.13,1,7397104,7396648,456
526376381,44.2953,48.0535,472,43901,0.289981,0.21,1,7397199,7396727,472
527074261,34.0139,34.6106,449,25328,0.205,0.25,1,7404473,7404024,449
527080101,61.93,59.2715,467,25495,0.2452,0.11,1,7404578,7404111,467
527112221,70.0207,67.5573,507,26396,0.406413,0.35,1,7405212,7404705,507
527345821,47.1825,35.785,492,32186,0.290974,0.43,1,7409138,7408646,492
527848061,29.4369,32.1336,488,41993,0.286873,1,1,7415834,7415346,488
527868501,18.8576,30.2734,471,42343,0.0392544,0.79,1,7416055,7415584,471
527909381,17.8531,1.75759,439,43035,0.0257266,0.05,1,7416476,7416037,439
527912301,27.4927,17.1879,449,43084,0.0402906,0.05,1,7416504,7416055,449
527918141,32.7012,27.023,454,43182,0.0436465,0.03,1,7416564,7416110,454
527953181,27.5852,17.8531,451,43765,0.0235104,0.05,1,7416927,7416476,451
527959021,34.554,27.0246,457,43861,0.0937617,0.05,1,7416988,7416531,457
528099181,37.9619,37.2378,472,46113,0.401283,0.33,1,7418376,7417904,472
528160501,37.9943,37.8862,482,47063,0.783951,0.45,2,7419011,7418529,482
528773701,22.4294,7.53305,451,25716,0.0994996,0.15,1,7425161,7424710,451
528908021,71.9723,32.4931,524,29265,0.796909,0.61,2,7427439,7426915,524
529077381,34.8566,31.1128,473,33198,0.77605,0.95,2,7430189,7429716,473
529319741,23.4502,29.1011,452,38122,0.298464,0.21,1,7433485,7433033,452
529343101,38.9274,36.5483,475,38562,0.417164,0.27,1,7433799,7433324,475
529448221,47.3865,74.6257,508,40486,0.929408,0.85,2,7435047,7434539,508
529608821,37.6562,27.625,506,19642,0.925725,1,2,7437261,7436755,506
529763581,5.76503,5.70827,429,24721,0.0932273,0.17,1,7440778,7440349,429
529798621,35.1809,39.3843,462,25731,0.403772,0.19,1,7441404,7440942,462
530008861,23.1587,32.1432,461,31102,0.0381623,0.69,1,7445086,7444625,461
530023461,63.9951,116.923,489,31441,0.0855908,0.03,1,7445332,7444843,489
530026381,24.0998,66.6461,447,31508,0.0762363,0.07,1,7445354,7444907,447
530038061,24.0633,26.1734,445,31776,0.0332956,0.03,1,7445508,7445063,445
530043901,27.0402,28.7079,448,31909,0.0353273,0.05,1,7445563,7445115,448
530061421,71.0203,36.355,494,32305,0.0419527,0.01,1,7445885,7445391,494
530067261,24.8776,25.2659,446,32435,0.0367124,0.03,1,7445930,7445484,446
530073101,26.1397,27.8032,449,32565,0.081474,0.03,1,7445985,7445536,449
530201581,30.1752,33.504,476,35308,0.754001,0.51,2,7447733,7447257,476
530432261,28.305,30.3183,426,18582,0.0585177,0.07,1,7451297,7450871,426
530438101,73.7908,70.8983,430,18810,0.0993628,0.05,1,7451405,7450975,430
530458541,129.279,125.29,430,19586,0.403186,0.21,1,7451963,7451533,430
530514021,136.226,133.232,461,21550,0.931067,0.85,2,7453316,7452855,461
530864421,33.0868,32.0494,445,31201,0.761778,0.49,2,7459970,7459525,445
530876101,33.1799,36.1226,478,31472,0.782558,0.47,2,7460078,7459600,478
530881941,31.1954,33.0078,478,31606,0.762409,0.59,2,7460144,7459666,478
530893621,35.0374,91.7358,488,31874,0.926766,0.79,2,7460428,7459940,488
531051301,35.3949,102.981,507,35279,0.929483,1,2,7462815,7462308,507
531060061,28.0057,23.4589,506,35459,0.905967,1,2,7462901,7462395,506
531106781,15.7385,18.6477,456,36401,0.7637,0.69,2,7463468,7463012,456
531264461,88.6777,87.0527,485,39414,0.92198,1,2,7465616,7465131,485
531270301,29.0542,31.2351,477,39522,0.902317,1,2,7465672,7465195,477
531273221,38.5027,38.6118,477,39575,0.906927,1,2,7465711,7465234,477
531296581,28.6871,36.0767,477,39999,0.445057,1,1,7465976,7465499,477
531352061,33.4997,39.1963,478,40992,0.759698,0.43,2,7466653,7466175,478
531413381,29.0908,27.1908,465,42059,0.759593,0.85,2,7467334,7466869,465
531743341,5.45996,5.41053,424,24763,0.0626121,0.11,1,7472400,7471976,424
531752101,45.7598,46.7027,426,25019,0.0868072,0.09,1,7472534,7472108,426
531784221,70.3748,78.4419,495,25935,0.232636,0.17,1,7473177,7472682,495
532222221,66.9672,65.7612,488,36171,0.21711,1,1,7480146,7479658,488
532230981,35.175,37.8443,466,36345,0.0258951,0.81,1,7480266,7479800,466
532239741,27.799,29.0937,453,36519,0.0167773,0.51,1,7480341,7479888,453
532242661,29.89,29.9547,453,36577,0.0247109,0.57,1,7480371,7479918,453
532289381,57.5491,30.9286,481,37492,0.0855552,0.05,1,7480934,7480453,481
532312741,30.8421,26.849,454,37940,0.0438944,0.05,1,7481216,7480762,454
532318581,28.6721,22.4396,452,38052,0.0370231,0.07,1,7481267,7480815,452
532321501,32.7836,29.622,455,38108,0.0448092,0.09,1,7481300,7480845,455
532324421,57.6892,29.9811,484,38163,0.0839237,0.09,1,7481359,7480875,484
532476261,67.2865,33.6827,522,40942,0.772673,0.69,2,7483126,7482604,522
533070481,37.8102,32.9417,512,31881,0.0773811,1,1,7493502,7492990,512
533076321,24.9845,25.4474,502,32013,0.049581,1,1,7493551,7493049,502
533079241,81.0492,32.6224,553,32079,0.0978324,0.81,1,7493635,7493082,553
533733321,3.17564,23.6205,426,21066,0.0486571,0.07,1,7502422,7501996,426
533736241,94.2088,95.231,426,21167,0.0854628,0.15,1,7502521,7502095,426
533750841,26.4012,25.5128,424,21663,0.0462543,0.05,1,7502844,7502420,424
533753761,3.22006,3.17564,424,21761,0.0245017,0.11,1,7502846,7502422,424
533756681,95.161,94.2088,425,21858,0.0758007,0.17,1,7502946,7502521,425
533777121,98.9602,95.161,426,22529,0.262759,0.11,1,7503372,7502946,426
534311481,57.0073,58.0516,422,35820,0.236543,0.03,1,7512425,7512003,422
534314401,51.3004,51.3526,422,35879,0.208617,0.09,1,7512476,7512054,422
534329001,32.4027,35.1104,422,36174,0.0644498,0.03,1,7512649,7512227,422
534346521,62.5179,57.0073,432,36522,0.0960931,0.19,1,7512857,7512425,432
534372801,24.3977,25.3904,422,37039,0.0889371,0.05,1,7513196,7512774,422
534378641,15.356,15.3585,422,37153,0.0826299,0.05,1,7513214,7512792,422
534399081,30.1585,36.9645,456,37550,0.211876,0.15,1,7513495,7513039,456
534419521,52.8584,67.2678,478,37942,0.223587,0.13,1,7513762,7513284,478
534784521,29.667,25.4404,470,44360,0.0970536,0.29,1,7518053,7517583,470
534933441,33.8086,30.1235,487,46722,0.761794,0.65,2,7519540,7519053,487
535270701,19.034,18.2741,425,24771,0.255424,0.11,1,7523677,7523252,425
535285301,63.3157,63.1732,428,25196,0.440155,0.17,1,7523979,7523551,428
535358301,66.2321,65.2706,465,27219,0.904547,0.89,2,7525336,7524871,465
535480941,37.5908,45.5108,461,30313,0.0949655,0.61,1,7527447,7526986,461
535483861,23.7295,35.5255,449,30383,0.0919862,0.55,1,7527470,7527021,449
535548101,87.1154,49.4063,523,31881,0.438341,0.35,1,7528466,7527943,523
535778781,29.6824,36.825,477,36754,0.242098,0.98,1,7531762,7531285,477
535799221,24.3307,30.1862,451,37153,0.0231106,0.65,1,7532006,7531555,451
535807981,31.8328,35.3913,473,37324,0.0991591,0.41,1,7532089,7531616,473
535840101,31.5078,22.1165,454,37942,0.0777536,0.07,1,7532482,7532028,454
535843021,31.9754,28.6558,457,37998,0.0851014,0.13,1,7532514,7532057,457
535997781,85.1287,31.5234,539,40840,0.794463,0.61,2,7534350,7533811,539
536216781,14.3943,17.1829,463,44550,0.441098,0.83,1,7536842,7536379,463
536330661,78.0016,18.1346,531,46362,0.783265,0.63,2,7538057,7537526,531
536646021,3.02424,2.9791,447,51036,0.76118,0.53,2,7541173,7540726,447
536651861,25.1826,24.2799,447,51118,0.799789,0.63,2,7541209,7540762,447
536719021,39.5913,31.7347,501,52060,0.905846,0.81,2,7541882,7541381,501
537127821,30.414,27.409,494,30566,0.0942873,1,1,7547582,7547088,494
537317621,61.3436,29.8642,510,34778,0.793864,0.59,2,7550264,7549754,510
537504501,23.0684,27.7264,496,38473,0.0926755,1,1,7552818,7552322,496
537609621,69.7593,28.0355,503,40403,0.420477,0.25,1,7554013,7553510,503
537916221,33.3256,26.6808,489,45561,0.290958,1,1,7557496,7557007,489
537924981,19.2654,22.2713,477,45699,0.200301,0.93,1,7557569,7557092,477
538193621,30.0642,31.1883,479,49764,0.795605,0.57,2,7560146,7559667,479
538219901,38.1897,41.6986,491,50142,0.906117,0.69,2,7560408,7559917,491
538593661,32.1075,37.3612,475,29403,0.057544,0.27,1,7565912,7565437,475
538596581,74.7554,44.6181,507,29475,0.0770176,0.03,1,7565989,7565482,507
538602421,40.7994,41.0565,462,29619,0.0591228,0.05,1,7566065,7565603,462
538617021,34.4323,36.9952,423,29974,0.0586182,0.03,1,7566269,7565846,423
538625781,73.8098,74.7554,424,30185,0.0822316,0.07,1,7566413,7565989,424
538634541,57.9497,57.14,423,30395,0.0422228,0.03,1,7566546,7566123,423
538637461,53.2475,53.207,423,30465,0.0348891,0.05,1,7566599,7566176,423
538669581,58.7098,57.7624,423,31220,0.0857881,0.03,1,7567080,7566657,423
538672501,4.83549,4.78812,423,31288,0.0763152,0.03,1,7567082,7566659,423
538678341,37.6796,30.412,462,31423,0.0878104,0.13,1,7567153,7566691,462
538713381,75.8117,33.234,505,32221,0.225935,0.15,1,7567691,7567186,505
539326581,22.6986,17.1215,501,43886,0.221963,1,1,7575607,7575106,501
539805461,22.5045,11.1137,442,23810,0.0998276,0.11,1,7580655,7580213,442
539898901,26.3067,31.3198,454,26509,0.20489,0.15,1,7582356,7581902,454
539966061,86.9323,87.7753,455,28289,0.91139,0.71,2,7583573,7583118,455
540144181,29.4447,38.8169,451,32538,0.0778896,0.03,1,7586466,7586015,451
540150021,18.5036,28.9295,441,32668,0.0304623,0.03,1,7586512,7586071,441
540231781,70.9284,66.5066,502,34435,0.425532,0.25,1,7587649,7587147,502
540237621,43.6398,36.7413,476,34557,0.405285,0.29,1,7587728,7587252,476
540258061,64.2757,49.5635,501,34984,0.415609,0.37,1,7587947,7587446,501
540260981,71.6138,61.3782,511,35044,0.436243,0.41,1,7588019,7587508,511
540520861,24.6128,31.2954,485,40056,0.0626469,0.81,1,7591445,7590960,485
540567581,21.4017,29.9865,443,40892,0.0309723,0.03,1,7591948,7591505,443
540576341,31.1175,33.3939,454,41047,0.0819022,0.05,1,7592034,7591580,454
540579261,21.5059,31.1197,444,41098,0.0627609,0.05,1,7592055,7591611,444
540789501,51.6686,51.7135,454,44644,0.943701,0.65,2,7594316,7593862,454
541161801,36.1387,35.1549,428,27224,0.227753,0.11,1,7600413,7599985,428
541167641,37.8053,36.9004,428,27380,0.275241,0.21,1,7600485,7600057,428
541182241,93.3864,91.4935,431,27764,0.408274,0.19,1,7600772,7600341,431
541874281,37.3345,39.1894,424,42114,0.205843,0.07,1,7610395,7609971,424
541888881,49.0283,47.1755,428,42364,0.218674,0.19,1,7610520,7610092,428
541894721,22.4476,24.2954,427,42464,0.218588,0.19,1,7610572,7610145,427
541897641,44.8224,43.0148,429,42514,0.225435,0.19,1,7610618,7610189,429
542037801,49.6704,50.4778,459,44833,0.947838,0.75,2,7612133,7611674,459
542043641,15.2767,16.1812,459,44927,0.942454,0.75,2,7612186,7611727,459
542840801,71.234,68.379,461,36895,0.947796,0.79,2,7624346,7623885,461
543267121,3.24247,28.8974,447,44476,0.0425383,0.45,1,7629468,7629021,447
543442321,3.43211,30.6423,447,47236,0.766304,0.47,2,7631214,7630767,447
543451081,21.5749,31.4061,470,47371,0.774083,0.57,2,7631330,7630860,470
543454001,2.97875,20.5703,452,47415,0.759633,0.61,2,7631332,7630880,452
543456921,27.6989,27.6285,453,47459,0.765853,0.63,2,7631361,7630908,453
543459841,33.6849,33.6814,453,47503,0.792341,0.63,2,7631395,7630942,453
543465681,30.1992,31.1492,452,47591,0.773575,0.61,2,7631459,7631007,452
543491961,57.174,60.9716,456,47987,0.914505,0.77,2,7631734,7631278,456
544122681,16.0003,18.5971,434,14965,0.0948974,0.15,1,7641242,7640808,434
544182541,16.261,27.6135,451,17705,0.781479,0.53,2,7642992,7642541,451
544311021,34.8188,47.4542,482,22565,0.929196,1,2,7646333,7645851,482
544424901,34.4209,44.2051,467,25978,0.0532674,0.15,1,7648738,7648271,467
544427821,17.871,39.2603,445,26060,0.0393069,0.07,1,7648755,7648310,445
544436581,43.4861,51.9248,465,26303,0.0545956,0.05,1,7648957,7648492,465
544442421,68.4137,57.2723,491,26464,0.0627353,0,1,7649084,7648593,491
544459941,4.58134,52.7222,424,26941,0.0495914,0.07,1,7649338,7648914,424
544468701,72.2029,68.4137,426,27176,0.0638938,0.05,1,7649510,7649084,426
544471621,44.4601,44.2707,426,27254,0.0315575,0.07,1,7649553,7649127,426
544486221,4.6621,4.58134,424,27640,0.0296319,0.07,1,7649762,7649338,424
544494981,74.0531,72.2029,424,27869,0.0688564,0.01,1,7649934,7649510,424
544497901,42.6527,44.4601,422,27945,0.0575426,0.03,1,7649975,7649553,422
544512501,4.65973,4.6621,422,28322,0.0307428,0.11,1,7650184,7649762,422
544521261,72.8775,54.2456,496,28546,0.0348475,0.05,1,7650355,7649859,496
545116941,81.2248,66.2194,512,19909,0.251682,0.21,1,7659586,7659074,512
545119861,107.611,82.161,538,20016,0.286673,0.19,1,7659695,7659157,538
545280461,32.3994,33.9468,484,25185,0.285957,1,1,7663245,7662761,484
545318421,16.3907,23.7253,443,26257,0.269733,0.15,1,7663902,7663459,443
545330101,45.3036,30.0789,477,26578,0.404777,0.19,1,7664151,7663674,477
545403101,54.4419,118.757,511,28503,0.932534,0.79,2,7665424,7664913,511
545516981,41.6324,36.5927,481,31269,0.275446,0.99,1,7667369,7666888,481
545519901,22.9816,32.2296,471,31337,0.248178,0.99,1,7667391,7666920,471
545668821,50.27,93.4018,494,34613,0.775242,0.65,2,7669523,7669029,494
545928701,32.2242,43.9925,490,39681,0.7588,1,2,7673039,7672549,490
545966661,24.2419,36.4844,486,40368,0.052076,0.65,1,7673493,7673007,486
545992941,21.8858,19.8037,444,40836,0.036967,0.03,1,7673778,7673334,444
545998781,44.6572,39.997,466,40940,0.0431147,0.07,1,7673862,7673396,466
546030901,23.6504,19.7157,446,41503,0.0400082,0,1,7674202,7673756,446
546068861,16.0459,17.0082,423,42159,0.0326682,0.03,1,7674601,7674178,423
546074701,3.08012,3.08252,423,42259,0.0232269,0.03,1,7674627,7674204,423
546083461,31.7185,30.7709,423,42409,0.0367665,0.05,1,7674739,7674316,423
546086381,26.2859,27.1885,422,42459,0.0207066,0.03,1,7674765,7674343,422
546092221,37.4482,36.5005,423,42559,0.0525131,0.07,1,7674830,7674407,423
546098061,29.4011,32.1538,422,42659,0.0504021,0.01,1,7674915,7674493,422
546103901,33.466,34.3754,422,42757,0.0956643,0.05,1,7674972,7674550,422
546112661,23.6022,23.6023,422,42904,0.0682825,0.03,1,7675047,7674625,422
546115581,3.08011,3.08012,422,42953,0.057313,0.03,1,7675049,7674627,422
546136021,53.3149,37.4482,478,43296,0.0852947,0.05,1,7675308,7674830,478
546176901,54.4549,40.2982,481,43973,0.264964,0.11,1,7675735,7675254,481
546718561,28.4313,38.604,426,27844,0.229528,0.01,1,7683087,7682661,426
546721481,84.0716,84.5802,426,27920,0.241811,0.15,1,7683174,7682748,426
547063121,3.43982,32.6989,423,35707,0.0476636,0.05,1,7688315,7687892,423
547066041,36.272,33.9349,427,35766,0.0490654,0.01,1,7688353,7687926,427
547083561,44.9274,44.0221,428,36120,0.0977773,0.15,1,7688622,7688194,428
547226641,48.8388,51.5894,452,38883,0.761351,0.63,2,7690385,7689933,452
547255841,71.4585,70.5039,459,39423,0.947145,0.75,2,7690728,7690269,459
547457321,25.6727,26.6823,453,42959,0.758721,0.63,2,7693145,7692692,453
547489441,26.6665,38.3347,483,43498,0.926505,0.71,2,7693488,7693005,483
547765381,16.1781,32.8245,435,22569,0.0250698,0,1,7696715,7696280,435
547771221,85.5879,63.1621,509,22757,0.0436112,0.01,1,7696882,7696373,509
547777061,72.509,62.2879,495,22943,0.0153778,0.03,1,7697017,7696522,495
547782901,55.7088,49.2232,479,23127,0.0108604,0.03,1,7697122,7696643,479
547791661,83.6925,77.7589,507,23401,0.0911751,0.03,1,7697303,7696796,507
547797501,73.4542,63.1794,495,23582,0.032588,0.01,1,7697439,7696944,495
548139141,29.1597,32.2437,450,32440,0.0210741,0.05,1,7703270,7702820,450
548229661,69.5098,42.0857,495,34404,0.0781399,0.05,1,7704476,7703981,495
548235501,32.1413,34.9702,453,34526,0.0305024,0.01,1,7704541,7704088,453
548261781,65.7573,41.1962,494,35073,0.210817,0.05,1,7704899,7704405,494
548863301,14.5185,31.6516,478,45829,0.0212847,1,1,7712153,7711675,478
548877901,36.1645,35.2485,511,46059,0.0284516,0.93,1,7712307,7711796,511
548883741,32.7229,31.5331,498,46151,0.0249522,0.81,1,7712367,7711869,498
548947981,24.3469,31.0302,445,47146,0.0150387,0.03,1,7712981,7712536,445
548965501,3.00933,20.2435,426,47415,0.0146267,0.01,1,7713117,7712691,426
548974261,34.5709,31.7302,426,47547,0.0698161,0.05,1,7713214,7712788,426
548985941,23.1776,24.9807,423,47723,0.0645233,0.05,1,7713319,7712896,423
548988861,30.6089,29.749,424,47767,0.0678093,0.03,1,7713350,7712926,424
548994701,25.204,24.3469,423,47855,0.0240495,0.03,1,7713404,7712981,423
549012221,2.87158,3.00933,422,48119,0.0205484,0.03,1,7713539,7713117,422
549015141,34.3436,34.3505,422,48163,0.0262194,0.05,1,7713575,7713153,422
549020981,38.3709,34.5709,426,48251,0.0677951,0.09,1,7713640,7713214,426
549050181,20.6039,20.649,422,48686,0.0315448,0.01,1,7713912,7713490,422
549061861,33.3937,34.3436,422,48858,0.0476075,0.03,1,7713997,7713575,422
549190341,42.5087,47.2563,422,50723,0.296762,0.05,1,7715158,7714736,422
549196181,28.6063,29.5206,422,50806,0.243082,0.03,1,7715207,7714785,422
549228301,34.4525,34.3573,432,51257,0.271938,0.23,1,7715489,7715057,432
549406421,40.0479,40.9955,454,53705,0.914185,0.71,2,7717041,7716587,454
549714481,30.9399,29.9422,454,28150,0.788182,0.67,2,7720521,7720067,454
549723241,77.873,76.9205,456,28375,0.903644,0.69,2,7720666,7720210,456
550015241,30.2325,34.3727,455,35052,0.222333,0.03,1,7725306,7724851,455
550035681,44.7493,37.1846,474,35472,0.424381,0.15,1,7725598,7725124,474
550535001,3.26589,31.1777,455,44507,0.0755053,0.49,1,7731711,7731256,455
550771521,43.1389,42.1414,455,48193,0.920094,0.71,2,7734040,7733585,455
550970081,66.4874,65.3636,516,23721,0.943216,1,2,7736222,7735706,516
551072281,39.6752,64.9078,511,26669,0.9196,1,2,7738291,7737780,511
551075201,34.2838,46.9454,499,26748,0.91384,1,2,7738325,7737826,499
551107321,27.8159,35.4257,456,27606,0.267544,0.69,1,7738879,7738423,456
551148201,55.361,83.2084,487,28661,0.419546,0.27,1,7739594,7739107,487
551822721,29.3394,44.1274,486,42412,0.0494952,1,1,7749035,7748549,486
551834401,25.281,33.3589,463,42612,0.0364511,0.77,1,7749183,7748720,463
551846081,21.3128,27.2108,443,42809,0.0357331,0.31,1,7749279,7748836,443
551863601,29.2823,34.2794,450,43103,0.0594456,0.05,1,7749456,7749006,450
551875281,25.281,30.6198,446,43299,0.0319058,0.03,1,7749604,7749158,446
551878201,15.514,25.281,436,43348,0.0307623,0.05,1,7749619,7749183,436
551886961,20.4103,27.2563,442,43495,0.0828488,0.05,1,7749700,7749258,442
551919081,14.5665,25.281,437,44024,0.0440171,0.03,1,7750041,7749604,437
551927841,23.3552,28.2063,447,44168,0.0596971,0.13,1,7750127,7749680,447
551962881,14.6164,14.5665,424,44738,0.0188614,0.03,1,7750465,7750041,424
551971641,25.3455,23.3552,426,44879,0.0340871,0.15,1,7750553,7750127,426
551974561,31.6673,27.7678,430,44926,0.0796349,0.15,1,7750585,7750155,430
552015441,25.393,25.3455,423,45580,0.0466968,0.11,1,7750976,7750553,423
552018361,36.4196,31.6673,428,45626,0.0606787,0.17,1,7751013,7750585,428
552211081,37.7428,36.7453,449,48582,0.763751,0.59,2,7752882,7752433,449
552504541,15.6632,13.7065,429,24942,0.200499,0.17,1,7756442,7756013,429
552507461,38.7832,37.7353,430,25027,0.2182,0.19,1,7756482,7756052,430
552513301,40.852,39.9468,430,25196,0.259312,0.17,1,7756599,7756169,430
552516221,101.793,101.747,430,25280,0.289725,0.17,1,7756704,7756274,430
552954221,3.66045,35.503,423,35702,0.0479465,0.07,1,7763786,7763363,423
552977581,91.5977,91.645,423,36174,0.0973884,0.11,1,7764093,7763670,423
553158621,105.807,102.91,455,39632,0.92866,0.65,2,7766284,7765829,455
553406821,27.9203,64.4776,449,43928,0.0644357,0.03,1,7769219,7768770,449
553415581,21.4474,33.5573,444,44072,0.0466039,0.05,1,7769299,7768855,444
553628741,32.5449,36.2477,450,47441,0.751694,0.57,2,7771400,7770950,450
553666701,41.9795,40.0794,457,48013,0.910618,0.73,2,7771760,7771303,457
553669621,60.999,59.954,458,48057,0.946247,0.73,2,7771822,7771364,458
553675461,32.5475,32.5449,458,48145,0.9422,0.77,2,7771858,7771400,458
554351441,29.1937,31.0233,452,29481,0.0830786,0.03,1,7779676,7779224,452
554360201,28.7839,27.295,452,29696,0.051637,0.09,1,7779767,7779315,452
554366041,72.747,30.7532,500,29838,0.0622619,0,1,7779872,7779372,500
554731041,28.8981,27.3883,498,37675,0.0213587,0.83,1,7785102,7784604,498
554757321,83.4641,38.6547,511,38177,0.0660368,0.01,1,7785444,7784933,511
554763161,25.2412,26.2216,450,38287,0.0405659,0.03,1,7785496,7785046,450
554766081,27.8621,26.9611,451,38342,0.0462264,0,1,7785524,7785073,451
554769001,36.5431,28.8981,459,38397,0.0724905,0.05,1,7785561,7785102,459
555131081,40.5543,40.7739,498,44699,0.928,1,2,7789702,7789204,498
555166121,36.5095,28.1672,492,45263,0.7823,1,2,7790087,7789595,492
555428921,6.84156,24.7761,474,49277,0.44878,0.99,1,7792807,7792333,474
555475641,6.78919,22.8313,448,49956,0.269769,0.43,1,7793249,7792801,448
555484401,30.883,30.7496,467,50082,0.295425,0.27,1,7793351,7792884,467
555893201,26.9866,26.1201,447,26044,0.0305282,0.01,1,7797328,7796881,447
555896121,58.3493,32.656,474,26125,0.0542113,0.05,1,7797388,7796914,474
555922401,63.8576,58.3493,488,26846,0.0863196,0.09,1,7797876,7797388,488
556001241,65.1351,66.7512,499,28900,0.434102,0.31,1,7799167,7798668,499
556004161,5.15675,63.1876,438,28973,0.431641,0.31,1,7799169,7798731,438
556036281,76.0605,74.3578,522,29767,0.77957,0.55,2,7799769,7799247,522
556193961,30.2428,45.1184,482,33389,0.25192,1,1,7802237,7801755,482
556211481,29.1094,34.8238,478,33767,0.064797,0.75,1,7802470,7801992,478
556234841,28.5744,30.3848,422,34265,0.0163912,0,1,7802778,7802356,422
556264041,40.1153,48.7654,461,34877,0.0505098,0.03,1,7803172,7802711,461
556266961,27.6558,39.4883,449,34938,0.0202039,0,1,7803199,7802750,449
556275721,28.3562,69.2314,453,35119,0.046173,0.19,1,7803319,7802866,453
556304921,2.86902,18.4828,424,35716,0.0455148,0.05,1,7803641,7803217,424
556307841,72.3434,73.1241,424,35775,0.0722059,0.05,1,7803717,7803293,424
556348721,44.2157,47.0159,422,36593,0.0662551,0.03,1,7804213,7803791,422
556377921,72.3405,73.2928,424,37166,0.253475,0.05,1,7804565,7804141,424
557943041,85.3414,78.6954,433,32999,0.296187,0.19,1,7822211,7821778,433
559992881,36.9879,36.1425,425,36942,0.0524165,0.05,1,7846223,7845798,425
560112601,76.2914,75.3321,428,39217,0.430481,0.13,1,7847667,7847239,428
560857201,20.5805,20.5808,424,24435,0.223546,0.05,1,7856504,7856080,424
560860121,55.179,55.179,424,24522,0.227418,0.07,1,7856561,7856137,424
560863041,87.3089,86.359,425,24608,0.252967,0.07,1,7856650,7856225,425
560886401,87.3613,87.3089,433,25289,0.44852,0.27,1,7857083,7856650,433
561076201,90.262,92.6794,468,30251,0.759719,0.95,2,7860523,7860055,468
561692321,33.5013,33.8007,455,42515,0.0934679,0.57,1,7868953,7868498,455
561695241,27.3251,33.04,449,42565,0.0793872,0.53,1,7868980,7868531,449
561777001,30.1746,33.3994,465,43931,0.418137,0.33,1,7869841,7869376,465
561788681,33.0994,52.8994,472,44123,0.437088,0.39,1,7869993,7869521,472
562111341,32.6098,36.3543,439,22569,0.0347215,0.03,1,7873589,7873150,439
562114261,90.9305,37.9177,495,22663,0.0558886,0.03,1,7873683,7873188,495
562181421,6.30763,6.31058,423,24726,0.0407021,0.01,1,7874951,7874528,423
562187261,61.8133,61.8133,423,24897,0.0437123,0.07,1,7875093,7874670,423
562257341,62.5247,75.3415,488,26866,0.278411,0.09,1,7876363,7875875,488
562269021,60.2021,58.2192,429,27180,0.277223,0.17,1,7876538,7876109,429
562788781,3.25294,26.1971,425,38630,0.0389187,0.07,1,7884205,7883780,425
562803381,34.7004,36.4036,427,38903,0.0769393,0.09,1,7884388,7883961,427
562826741,3.25316,3.25294,424,39335,0.0522456,0.03,1,7884629,7884205,424
562841341,37.5503,34.7004,425,39603,0.0727174,0.15,1,7884813,7884388,425
562853021,40.0645,39.2995,426,39815,0.210998,0.11,1,7884965,7884539,426
563025301,42.9174,42.9103,454,42831,0.920286,0.71,2,7886867,7886413,454
563031141,48.1298,47.1323,456,42929,0.947646,0.73,2,7886947,7886491,456
563036981,24.9153,24.9128,456,43027,0.942423,0.69,2,7886975,7886519,456
563279341,24.1335,24.579,454,46921,0.209732,0.15,1,7889631,7889177,454
563308541,23.928,20.5767,452,47371,0.204163,0.13,1,7889899,7889447,452
563428261,30.8828,25.8053,477,49159,0.767901,0.55,2,7891021,7890544,477
563858961,56.7437,31.8239,506,29113,0.780089,0.57,2,7896891,7896385,506
564051681,23.6376,30.2759,474,33572,0.037274,0.82,1,7900020,7899546,474
564086721,19.0938,1.18188,441,34321,0.0255911,0.01,1,7900461,7900020,441
564089641,36.1047,18.1091,459,34383,0.0762364,0.03,1,7900498,7900039,459
564098401,38.318,44.3625,459,34566,0.0915191,0.07,1,7900613,7900154,459
564113001,39.2101,47.0484,460,34871,0.225049,0.09,1,7900845,7900385,460
564124681,31.3524,36.1047,455,35113,0.206641,0.09,1,7900953,7900498,455
564145121,41.9701,43.201,472,35533,0.226466,0.23,1,7901278,7900806,472
565029881,509.666,536.32,506,23360,0.406,0.85,1,7911780,7911274,506
565073681,53.9517,37.0133,484,23451,0.09496,0.57,1,7911958,7911474,484
565146681,71.7351,45.7977,502,25614,0.42223,0.25,1,7913305,7912803,502
565581761,38.2854,41.8016,452,35879,0.402626,0.51,1,7920281,7919829,452
565657681,68.2592,72.2168,522,37381,0.909438,0.67,2,7921318,7920796,522
565824121,31.0356,41.1093,499,40476,0.782623,1,2,7923420,7922921,499
565856241,20.5642,30.5657,487,41047,0.0163342,0.87,1,7923818,7923331,487
566162841,29.553,37.2069,488,46132,0.947914,0.79,2,7926981,7926493,488
566710341,24.2043,23.1545,447,31148,0.76477,0.55,2,7935362,7934915,447
566724941,37.3189,60.4205,488,31486,0.791527,0.63,2,7935538,7935050,488
566914741,25.3991,41.5442,483,35589,0.0142527,0.79,1,7938395,7937912,483
566917661,23.12,27.7272,479,35648,0.0117011,0.75,1,7938418,7937939,479
566920581,3.056,26.0864,455,35707,0.00468043,0.51,1,7938420,7937965,455
566999421,57.435,64.7073,478,37272,0.0575569,0.01,1,7939434,7938956,478
567002341,34.2218,57.3854,454,37329,0.0410227,0.01,1,7939467,7939013,454
567011101,26.1055,48.013,446,37499,0.0345455,0.05,1,7939570,7939124,446
567069501,52.0817,68.5973,483,38610,0.0877222,0.13,1,7940286,7939803,483
567075341,25.8752,32.1865,427,38720,0.0776355,0.09,1,7940315,7939888,427
567095781,22.3311,21.2838,426,39099,0.0690794,0.09,1,7940536,7940110,426
567098701,3.01656,2.96419,426,39153,0.0576318,0.07,1,7940538,7940112,426
567104541,74.4875,72.6349,427,39261,0.0992211,0.09,1,7940662,7940235,427
567507501,472.557,512.455,466,20440,0.431338,0.45,1,7945149,7944683,466
567516261,34.9549,55.8338,436,21469,0.0897656,0.03,1,7945383,7944947,436
567545461,34.2444,35.1472,423,22437,0.0294717,0.07,1,7945973,7945550,423
567554221,72.2684,129.261,499,22720,0.0659662,0.25,1,7946209,7945710,499
568050621,31.4227,64.3832,497,35166,0.0203174,0.91,1,7954606,7954109,497
568580601,73.803,111.059,498,20555,0.200834,0.15,1,7961238,7960740,498
568752881,84.9113,135.062,545,25945,0.250768,1,1,7964959,7964414,545
568758721,47.8073,41.5677,527,26108,0.0617229,1,1,7965049,7964522,527
568770401,30.4529,40.0587,500,26431,0.0159321,0.86,1,7965220,7964720,500
568776241,68.1436,121.225,504,26591,0.0661491,0.05,1,7965380,7964876,504
568779161,43.3072,84.9113,463,26671,0.0264597,0.09,1,7965422,7964959,463
568790841,4.76108,59.162,423,26987,0.00826137,0.03,1,7965575,7965152,423
568799601,95.5207,89.8726,429,27221,0.0526087,0.07,1,7965742,7965313,429
568805441,42.0863,43.3072,422,27377,0.0396174,0.01,1,7965844,7965422,422
568808361,51.5043,50.6154,423,27454,0.045847,0.05,1,7965896,7965473,423
568822961,26.6121,29.4144,422,27837,0.0227895,0.07,1,7966065,7965643,422
568825881,98.2306,95.5207,425,27913,0.0631158,0.13,1,7966167,7965742,425
568831721,36.5356,42.0863,422,28065,0.0520985,0.05,1,7966266,7965844,422
568910561,64.5607,65.1414,433,30034,0.0850758,0.25,1,7967514,7967081,433
568933921,3.27808,3.27574,423,30592,0.0792376,0.07,1,7967756,7967333,423
568936841,116.064,113.214,426,30661,0.085695,0.11,1,7967878,7967452,426
569853721,132.398,131.581,463,30452,0.908126,0.85,2,7983393,7982930,463
570055201,25.3538,38.2154,451,34922,0.0616172,0.03,1,7986425,7985974,451
570078561,24.2866,28.7867,447,35403,0.0602019,0.05,1,7986757,7986310,447
570087321,24.4988,32.0756,449,35583,0.0775329,0.07,1,7986849,7986400,449
570128201,3.57885,3.67125,424,36405,0.041497,0.09,1,7987311,7986887,424
570131121,36.2789,36.2836,424,36463,0.0465988,0.05,1,7987349,7986925,424
570177841,45.4582,91.1242,467,37380,0.229219,0.05,1,7987975,7987508,467
570186601,34.4646,24.2459,459,37549,0.21795,0.15,1,7988063,7987604,459
570207041,36.3855,24.7089,466,37941,0.276665,0.13,1,7988264,7987798,466
570548681,37.5388,28.87,475,43975,0.429973,0.39,1,7992342,7991867,475
570906381,96.3033,121.879,544,23401,0.761764,0.61,2,7996885,7996341,544
571185241,45.4774,79.3317,449,13620,0.0492235,0.07,1,8002256,8001807,449
571188161,21.2739,27.7166,444,13776,0.0376894,0.07,1,8002276,8001832,444
571191081,240.464,90.6858,602,13930,0.0570758,0.03,1,8002528,8001926,602
571344381,28.7527,26.3085,483,20595,0.0535646,0.85,1,8006802,8006319,483
571347301,219.938,205.565,498,20698,0.0754259,0.69,1,8007032,8006534,498
571364821,28.4185,28.7527,422,21305,0.0670885,0.09,1,8007224,8006802,422
571376501,69.3163,70.356,426,21701,0.241861,0.11,1,8007582,8007156,426
571453881,225.492,222.624,436,24201,0.400438,0.27,1,8009177,8008741,436
571773621,4.68738,53.0866,430,18136,0.0514788,0.13,1,8016811,8016381,430
571799901,129.749,127.652,433,19163,0.446291,0.27,1,8017583,8017150,433
572051021,42.5206,41.7271,433,27143,0.400388,0.23,1,8023032,8022599,433
572103581,44.8957,132.058,493,28514,0.773498,0.69,2,8023929,8023436,493
572129861,48.7433,137.914,501,29175,0.90928,0.81,2,8024390,8023889,501
572258341,29.6672,44.3927,495,32211,0.0317259,0.79,1,8026516,8026021,495
572821901,35.4369,137.641,498,23799,0.295678,0.93,1,8036073,8035575,498
572830661,6.32906,98.2805,452,24065,0.288443,0.53,1,8036209,8035757,452
572891981,35.9851,145.76,483,25850,0.790489,0.67,2,8037405,8036922,483
573037981,17.4094,29.1869,475,29670,0.0537071,0.59,1,8040024,8039549,475
573040901,13.2205,21.4093,467,29741,0.0274829,0.61,1,8040037,8039570,467
573113901,91.2342,55.1769,528,31472,0.433182,0.29,1,8041201,8040673,528
573347501,31.8639,24.6866,499,36459,0.407339,1,1,8044582,8044083,499
573385461,30.7354,1.5932,464,37206,0.0401058,0.11,1,8045046,8044582,464
573443861,54.2241,23.3702,478,38326,0.0462464,0.01,1,8045773,8045295,478
573449701,39.0856,21.7184,462,38436,0.0373994,0.03,1,8045833,8045371,462
573548981,42.8071,39.2849,464,40264,0.0788811,0.05,1,8046934,8046470,464
573554821,23.382,30.6407,444,40368,0.076221,0.05,1,8046987,8046543,444
573586941,46.3626,39.1428,468,40940,0.0981022,0.09,1,8047359,8046891,468
573592781,22.4409,30.6404,447,41044,0.0912963,0.07,1,8047411,8046964,447
573756301,24.4233,32.5167,474,43829,0.769438,0.59,2,8049157,8048683,474
573794261,33.4192,41.337,490,44453,0.942841,0.75,2,8049591,8049101,490
573986981,13.5691,32.8634,480,47482,0.756707,1,2,8051653,8051173,480
574693621,4.85271,4.8552,423,33499,0.0168495,0.07,1,8061598,8061175,423
574696541,61.9926,60.0928,425,33562,0.0367398,0.15,1,8061663,8061238,425
574708221,21.3216,21.3355,422,33814,0.0325725,0.05,1,8061812,8061390,422
574714061,56.3408,55.3908,423,33939,0.0544116,0.07,1,8061895,8061472,423
574719901,40.1359,41.0835,422,34063,0.0531059,0.01,1,8061958,8061536,422
574728661,63.8925,61.9926,424,34249,0.0770788,0.05,1,8062087,8061663,424
575111181,4.33248,48.6021,424,41557,0.0284137,0.03,1,8066878,8066454,424
575204621,31.6633,64.1747,451,43152,0.0729795,0.01,1,8067866,8067415,451
575213381,23.5022,33.0443,444,43299,0.0245907,0.03,1,8067956,8067512,444
575219221,28.7013,41.0751,450,43397,0.0531345,0.07,1,8068027,8067577,450
575227981,23.8486,20.974,445,43544,0.0329206,0.03,1,8068092,8067647,445
575236741,18.2644,4.28712,440,43688,0.0301869,0.07,1,8068162,8067722,440
575239661,31.3132,17.3144,454,43736,0.0420748,0.01,1,8068194,8067740,454
575242581,64.2657,30.3157,489,43784,0.0468299,0.11,1,8068260,8067771,489
575277621,20.1642,4.28712,442,44360,0.0347424,0.03,1,8068585,8068143,442
575385661,30.4915,36.9112,462,46086,0.41448,0.31,1,8069675,8069213,462
575784241,20.6062,12.3889,435,24076,0.0819406,0.05,1,8073847,8073412,435
575839721,42.9926,61.5626,470,25697,0.417552,0.19,1,8074878,8074408,470
576353641,56.8714,65.3465,524,37494,0.90424,1,2,8082957,8082433,524
576362401,43.529,26.81,515,37662,0.772351,1,2,8083061,8082546,515
576660241,12.9509,12.0434,447,43005,0.766298,0.51,2,8086608,8086161,447
576666081,24.3999,67.4801,471,43103,0.786208,0.59,2,8086703,8086232,471
576706961,24.4951,69.9975,482,43784,0.912171,0.79,2,8087163,8086681,482
577029621,5.72817,5.73055,445,25369,0.799225,0.53,2,8091933,8091488,445
577064661,82.6632,94.2621,545,26354,0.923858,0.81,2,8092704,8092159,545
577169781,48.443,44.2732,526,29105,0.235646,1,1,8094611,8094085,526
577175621,33.0861,34.0732,505,29251,0.0773033,0.97,1,8094678,8094173,505
577312861,51.0102,52.1046,506,32475,0.91004,0.73,2,8096822,8096316,506
577531861,31.2547,32.1054,447,37041,0.784664,0.53,2,8099898,8099451,447
577534781,35.7627,33.9053,449,37098,0.787865,0.59,2,8099934,8099485,449
577709981,50.1295,38.4073,531,40374,0.940948,1,2,8102171,8101640,531
577721661,30.3593,32.3056,500,40582,0.771592,1,2,8102314,8101814,500
577780061,20.0995,20.9448,450,41610,0.423757,0.47,1,8102976,8102526,450
577841381,24.3769,23.3363,450,42664,0.793255,0.59,2,8103659,8103209,450
577870581,49.2271,33.4902,507,43154,0.799656,0.79,2,8103985,8103478,507
577882261,26.2317,31.5387,485,43350,0.783047,0.79,2,8104120,8103635,485
578019501,54.4647,53.6019,490,45581,0.928893,1,2,8105691,8105201,490
578102721,25.5115,53.2284,445,21764,0.0594944,0.05,1,8106754,8106309,445
578126081,20.368,20.2756,425,22532,0.0151356,0.07,1,8107199,8106774,425
578131921,91.7734,64.6507,521,22720,0.0804217,0.15,1,8107363,8106842,521
578359681,29.3722,33.1507,513,29105,0.0548074,1,1,8111714,8111201,513
578365521,29.0959,32.3829,501,29251,0.0507692,1,1,8111774,8111273,501
578391801,3.44817,30.9186,425,29895,0.027526,0.01,1,8112170,8111745,425
578418081,30.2004,30.9634,425,30526,0.0320884,0.03,1,8112593,8112168,425
578421001,3.41002,3.44817,425,30595,0.0308353,0.07,1,8112595,8112170,425
578432681,80.2137,75.4664,427,30871,0.0903094,0.15,1,8112781,8112354,427
578450201,3.45726,3.41002,423,31280,0.0889145,0.03,1,8113018,8112595,423
578488161,27.2749,50.5961,450,32147,0.0924618,0.05,1,8113545,8113095,450
578496921,73.8279,50.6579,498,32345,0.217358,0.09,1,8113754,8113256,498
578625401,82.67,58.352,547,35106,0.903527,0.81,2,8115566,8115019,547
578742201,31.2217,28.2894,515,37440,0.0958448,1,1,8117159,8116644,515
578748041,24.0181,25.2932,507,37552,0.0357352,0.96,1,8117207,8116700,507
578765561,62.4791,41.4687,522,37888,0.0375614,0.61,1,8117445,8116923,522
578783081,25.8201,24.3611,448,38222,0.0230537,0.03,1,8117631,8117183,448
578797681,31.7759,25.623,455,38497,0.0248409,0.01,1,8117802,8117347,455
578800601,67.1388,33.5811,490,38552,0.0879364,0.05,1,8117871,8117381,490
578823961,30.7339,29.791,423,38988,0.0777624,0.01,1,8118084,8117661,423
578826881,24.3367,25.2396,422,39042,0.049105,0.01,1,8118108,8117686,422
578861921,27.6869,30.7339,423,39687,0.22244,0.03,1,8118507,8118084,423
578920321,3.18658,26.6344,423,40738,0.0421141,0.03,1,8119174,8118751,423
578946601,23.2405,47.7142,447,41202,0.200152,0.03,1,8119458,8119011,447
578964121,32.498,58.1093,457,41508,0.258205,0.13,1,8119692,8119235,457
579326201,2.75864,22.9873,442,47398,0.0399319,0.35,1,8123537,8123095,442
579434241,28.7871,63.6882,451,49013,0.0643719,0.01,1,8124546,8124095,451
579440081,28.097,30.0842,449,49099,0.0426995,0.03,1,8124604,8124155,449
579445921,30.7552,45.0577,452,49185,0.0488319,0.01,1,8124680,8124228,452
579492641,30.7979,45.1048,453,49867,0.0766095,0.05,1,8125103,8124650,453
579495561,18.6399,30.7552,441,49909,0.0726438,0.07,1,8125121,8124680,441
579729161,33.9225,69.497,484,53181,0.919489,0.63,2,8127184,8126700,484
580146721,26.8911,36.0167,437,27088,0.20392,0.25,1,8131225,8130788,437
580158401,34.3834,54.0361,450,27400,0.22242,0.05,1,8131379,8130929,450
580167161,63.83,62.2721,461,27631,0.269835,0.07,1,8131577,8131116,461
580170081,63.9915,63.9136,461,27708,0.281934,0.21,1,8131641,8131180,461
580243081,66.3941,71.0838,512,29559,0.768133,0.51,2,8132840,8132328,512
580251841,17.5572,65.9983,465,29773,0.76316,0.61,2,8132990,8132525,465
580692761,2.66576,12.4651,450,22241,0.761316,0.51,2,8141545,8141095,450
580802261,28.5939,168.208,509,25613,0.9256,1,2,8143914,8143405,509
580825621,22.7068,153.878,491,26267,0.217907,0.92,1,8144383,8143892,491
580848981,21.6994,150.136,444,26905,0.0826127,0.13,1,8144811,8144367,444
581835941,4.15989,47.0927,427,26940,0.0240569,0.13,1,8160550,8160123,427
581876821,68.6399,70.5822,427,28020,0.219509,0.11,1,8161296,8160869,427
581929381,72.8207,82.6047,516,29350,0.754758,0.51,2,8162173,8161657,516
582107501,69.6533,72.9327,472,33463,0.0866353,0.98,1,8164979,8164507,472
582110421,27.2327,28.3466,471,33526,0.0646541,1,1,8165004,8164533,471
582113341,18.4616,20.4173,469,33589,0.0258616,0.95,1,8165022,8164553,469
582168821,70.7386,25.962,499,34765,0.270668,0.09,1,8165755,8165256,499
582180501,36.964,17.4654,459,35008,0.238913,0.03,1,8165902,8165443,459
582192181,71.6868,26.6875,501,35248,0.262004,0.17,1,8166062,8165561,501
582200941,74.546,27.7718,509,35428,0.281488,0.31,1,8166191,8165682,509
582306061,80.2442,27.8293,529,37515,0.785893,0.59,2,8167518,8166989,529
582507541,25.8658,24.9572,513,41218,0.270717,1,1,8170071,8169558,513
582586381,20.3171,18.5591,427,42580,0.264247,0.15,1,8170905,8170478,427
582618501,86.7799,41.8447,519,43121,0.448353,0.19,1,8171259,8170740,519
582936781,19.3998,23.4692,473,48160,0.425633,0.92,1,8174618,8174145,473
582983501,16.359,19.3998,438,48855,0.25345,0.37,1,8175056,8174618,438
582989341,30.8684,28.5485,468,48941,0.281752,0.25,1,8175116,8174648,468
583583561,26.6889,5.33476,447,26997,0.254945,0.07,1,8181102,8180655,447
583665321,55.5351,28.641,507,29112,0.753397,0.59,2,8182483,8181976,507
583668241,69.2768,55.582,520,29185,0.763359,0.65,2,8182553,8182033,520
583671161,78.5138,66.4291,532,29258,0.791343,0.67,2,8182632,8182100,532
583817161,36.8543,38.1934,519,32677,0.435708,1,1,8184987,8184468,519
583860961,29.008,27.1579,439,33634,0.404382,0.31,1,8185590,8185151,439
583904761,43.1593,27.183,489,34565,0.768348,0.51,2,8186180,8185691,489
583907681,54.408,42.2091,501,34626,0.781339,0.51,2,8186235,8185734,501
584100401,21.8413,36.6721,494,38447,0.0140708,0.97,1,8188866,8188372,494
584150041,3.47796,3.48011,423,39371,0.0109446,0,1,8189372,8188949,423
584155881,37.8662,36.0137,424,39479,0.0389511,0.05,1,8189447,8189023,424
584170481,30.8464,32.6605,422,39744,0.0241589,0.03,1,8189651,8189229,422
584173401,39.5423,39.633,422,39797,0.0276635,0.01,1,8189691,8189269,422
584179241,26.6514,26.6516,422,39903,0.0176262,0.03,1,8189737,8189315,422
584193841,40.6212,35.1587,462,40168,0.0336941,0.05,1,8189871,8189409,462
584196761,40.9811,37.8579,465,40221,0.0434776,0.05,1,8189912,8189447,465
584208441,30.8374,27.9283,452,40429,0.033417,0.01,1,8190072,8189620,452
584217201,26.6514,20.0271,448,40585,0.0182187,0.01,1,8190158,8189710,448
584223041,31.6066,24.1326,453,40689,0.028115,0,1,8190214,8189761,453
584231801,42.5212,33.424,464,40845,0.0298794,0.05,1,8190294,8189830,464
584237641,43.8538,40.9811,467,40949,0.0731807,0.11,1,8190379,8189912,467
584252241,19.1199,39.5419,440,41205,0.0530982,0.03,1,8190552,8190112,440
584313561,4.11868,4.02843,425,42267,0.0402803,0.07,1,8191143,8190718,425
584316481,42.0059,42.0014,425,42317,0.0821121,0.09,1,8191187,8190762,425
584322321,64.8475,61.95,429,42417,0.0839379,0.17,1,8191296,8190867,429
584826021,3.43707,29.8367,424,23997,0.0462784,0.11,1,8196904,8196480,424
584855221,65.2738,63.1836,430,24866,0.0720334,0.11,1,8197467,8197037,430
584863981,62.2759,62.43,422,25121,0.0590901,0.03,1,8197674,8197252,422
584866901,43.0138,43.0215,422,25205,0.0296361,0.05,1,8197716,8197294,422
584869821,32.5507,32.5511,422,25289,0.0178544,0.01,1,8197748,8197326,422
584875661,70.4764,70.4764,422,25457,0.0328567,0.01,1,8197824,8197402,422
584925301,72.8742,71.4264,496,26836,0.0713747,0.09,1,8198742,8198246,496
585030421,77.8142,72.381,525,29543,0.758166,0.57,2,8200498,8199973,525
585304901,38.6977,27.2445,519,35648,0.756887,0.95,2,8204725,8204206,519
585424621,76.2368,42.7829,534,38003,0.785813,0.71,2,8206315,8205781,534
585915181,29.36,36.1081,455,21861,0.406714,0.39,1,8212307,8211852,455
585947301,81.767,75.3447,525,22906,0.758062,0.53,2,8213073,8212548,525
586075781,52.264,68.2955,509,26674,0.0576959,1,1,8215681,8215172,509
586087461,3.91468,56.2326,453,26990,0.032629,0.45,1,8215869,8215416,453
586160461,81.3079,65.317,506,28886,0.0628723,0.11,1,8217099,8216593,506
586166301,3.95577,40.1583,427,29032,0.0520596,0.11,1,8217140,8216713,427
586172141,22.1924,62.8954,446,29178,0.0791295,0.09,1,8217227,8216781,446
586303541,88.9147,65.3016,541,32279,0.759711,0.61,2,8219271,8218730,541
586472901,46.0007,36.5379,496,35881,0.401404,1,1,8221718,8221222,496
586481661,25.1166,25.2698,488,36058,0.0907298,1,1,8221803,8221315,488
586516701,21.202,25.1166,423,36756,0.0811107,0.01,1,8222226,8221803,423
586522541,20.193,20.2503,422,36870,0.0429777,0.11,1,8222289,8221867,422
586525461,30.4596,30.4625,422,36927,0.0471911,0.03,1,8222320,8221898,422
586531301,44.2986,45.2012,422,37041,0.0591506,0.03,1,8222396,8221974,422
586683141,85.1242,86.9268,428,39899,0.412876,0.19,1,8224212,8223784,428
586986821,489.594,533.114,471,20440,0.441693,0.83,1,8227686,8227215,471
586998501,87.3356,122.903,453,20852,0.0504273,0.03,1,8228008,8227555,453
587004341,27.6733,50.0398,440,21055,0.0104684,0.09,1,8228092,8227652,440
587080261,88.684,118.586,516,23533,0.221492,0.21,1,8229715,8229199,516
587173701,94.9676,129.493,550,26260,0.906612,0.75,2,8231501,8230951,550
587305101,35.1416,99.4239,490,29673,0.0801409,0.67,1,8233888,8233398,490
587308021,31.2071,40.1212,484,29744,0.0740564,0.63,1,8233919,8233435,484
587310941,25.3104,34.3061,475,29815,0.0476225,0.53,1,8233944,8233469,475
587418981,95.9128,92.3051,543,32339,0.794501,0.57,2,8235602,8235059,543
587424821,30.4498,37.0908,479,32469,0.79072,0.57,2,8235668,8235189,479
587585421,40.8544,45.0706,484,35876,0.922,1,2,8238004,8237520,484
587654041,16.8781,28.9669,437,16710,0.0361044,0.09,1,8239073,8238636,437
587659881,69.0597,191.402,484,16963,0.0453767,0.03,1,8239348,8238864,484
587665721,53.4201,82.1785,474,17212,0.0324603,0.05,1,8239481,8239007,474
587668641,15.971,52.5589,437,17335,0.0309841,0.03,1,8239495,8239058,437
587731421,84.5646,57.064,513,19854,0.428947,0.21,1,8241132,8240619,513
587883261,40.4993,45.7702,473,24890,0.252159,1,1,8244442,8243969,473
587892021,37.9647,45.3801,448,25145,0.0446982,0.43,1,8244693,8244245,448
587894941,23.7482,31.719,440,25229,0.0358793,0.37,1,8244716,8244276,440
587929981,39.3027,64.8998,464,26219,0.265491,0.11,1,8245297,8244833,464
588185481,12.4386,45.4859,452,32563,0.216474,0.41,1,8249524,8249072,452
588191321,37.4611,154.489,460,32693,0.271036,0.03,1,8249704,8249244,460
588197161,3.65615,35.1087,431,32823,0.253366,0.17,1,8249741,8249310,431
588223441,35.8438,37.4611,435,33398,0.43615,0.25,1,8250139,8249704,435
588287681,36.1287,151.624,476,34763,0.752672,0.53,2,8251027,8250551,476
588535881,29.0609,64.2362,437,18118,0.0166182,0.05,1,8254560,8254123,437
588553401,29.0109,29.0609,422,18810,0.0159081,0,1,8254982,8254560,422
588556321,39.4505,37.553,424,18923,0.0243632,0,1,8255022,8254598,424
588562161,117.994,116.184,424,19146,0.0434981,0.07,1,8255224,8254800,424
588570921,28.871,29.0109,422,19477,0.0253439,0.03,1,8255404,8254982,422
588573841,39.4436,39.4505,422,19586,0.0281375,0.03,1,8255444,8255022,422
588579681,117.091,77.9986,542,19802,0.041702,0.03,1,8255646,8255104,542
588585521,77.9552,72.395,505,20016,0.0390723,0.05,1,8255799,8255294,505
588591361,39.4299,28.871,461,20227,0.0242516,0.03,1,8255865,8255404,461
588594281,81.7715,39.4435,505,20332,0.0517006,0.03,1,8255949,8255444,505
588608881,39.3778,28.5978,461,20848,0.0434702,0.03,1,8256286,8255825,461
588611801,84.6189,39.4299,508,20950,0.0473881,0.07,1,8256373,8255865,508
588614721,117.281,81.7715,543,21051,0.0729552,0.03,1,8256492,8255949,543
588857081,34.841,30.5346,498,28204,0.0530082,1,1,8261298,8260800,498
588868761,90.222,64.6782,561,28503,0.075901,0.51,1,8261497,8260936,561
588874601,56.0381,43.6242,498,28651,0.0541442,0.11,1,8261589,8261091,498
588886281,19.7991,34.841,444,28946,0.0378181,0.01,1,8261742,8261298,444
588895041,87.6542,56.4391,516,29165,0.0641004,0.07,1,8261921,8261405,516
588909641,33.0404,53.6251,456,29526,0.0418884,0.01,1,8262145,8261689,456
588912561,19.702,34.9813,441,29598,0.0347554,0.05,1,8262164,8261723,441
589008921,97.1446,63.9864,520,31874,0.0596241,0.03,1,8263622,8263102,520
589341801,24.6072,37.5652,512,38711,0.0445372,1,1,8268193,8267681,512
589379761,22.694,24.6072,422,39414,0.0429076,0.05,1,8268615,8268193,422
589382681,46.7347,46.8304,422,39468,0.0471631,0.05,1,8268663,8268241,422
589385601,33.6867,33.6915,422,39522,0.0248652,0.13,1,8268696,8268274,422
589391441,40.3167,42.9767,423,39628,0.0723784,0.03,1,8268764,8268341,423
589417721,21.7844,22.694,422,40105,0.0620867,0.03,1,8269037,8268615,422
589432321,26.6733,40.3166,450,40368,0.0743158,0.11,1,8269214,8268764,450
589642561,36.3742,43.3878,492,43973,0.936563,0.67,2,8271528,8271036,492
589884921,35.456,38.171,471,47790,0.912897,0.97,2,8274168,8273697,471
590209041,22.1697,20.4572,426,25378,0.276704,0.03,1,8277797,8277371,426
590217801,68.8659,81.7904,494,25627,0.297789,0.19,1,8277988,8277494,494
590220721,36.6933,64.8895,465,25710,0.281116,0.21,1,8278023,8277558,465
590226561,51.0117,68.2772,483,25874,0.288579,0.23,1,8278145,8277662,483
590249921,51.057,70.2347,485,26522,0.441256,0.29,1,8278580,8278095,485
590460161,28.4192,39.5714,482,31758,0.0540526,0.77,1,8282144,8281662,482
590775521,30.8708,62.3241,495,38283,0.793029,1,2,8286456,8285961,495
590828081,24.8728,23.8823,450,39264,0.756589,0.59,2,8287082,8286632,450
590857281,34.0403,33.083,455,39798,0.903534,0.69,2,8287440,8286985,455
590863121,45.2101,41.4552,458,39904,0.920965,0.77,2,8287516,8287058,458
591131761,3.45614,32.1804,438,44508,0.234479,0.27,1,8290630,8290192,438
591236881,38.1182,37.5131,490,46182,0.766274,0.59,2,8291722,8291232,490
591461721,84.8619,79.111,506,22724,0.778,1,2,8294089,8293583,506
591645681,58.9462,40.6405,496,27996,0.76072,1,2,8297846,8297350,496
591657361,37.6961,37.881,496,28297,0.439042,1,1,8297984,8297488,496
591692401,104.386,54.7667,549,29182,0.446614,0.39,1,8298620,8298071,549
591969801,33.9746,44.0602,506,35410,0.0436108,1,1,8302928,8302422,506
591978561,27.1505,34.7161,494,35589,0.0147911,0.91,1,8303034,8302540,494
591981481,23.2075,33.0858,484,35648,0.0119164,0.77,1,8303057,8302573,484
591984401,3.06038,30.1543,456,35707,0.0107666,0.61,1,8303059,8302603,456
592077841,49.0475,32.1381,471,37555,0.070816,0.03,1,8304246,8303775,471
592083681,31.0926,31.9053,453,37667,0.0365306,0.09,1,8304309,8303856,453
592086601,22.4546,28.1953,447,37723,0.0326122,0.11,1,8304331,8303884,447
592089521,3.02273,23.2598,426,37779,0.0310449,0.11,1,8304333,8303907,426
592101201,32.8162,27.3295,461,38003,0.0353067,0.17,1,8304458,8303997,461
592104121,105.191,31.7665,538,38059,0.0921227,0.15,1,8304567,8304029,538
592136241,3.36623,29.3245,424,38665,0.0853226,0.05,1,8304849,8304425,424
592142081,108.926,105.191,428,38775,0.226052,0.15,1,8304995,8304567,428
594047381,518.946,546.042,498,18980,0.754,1,2,8328235,8327737,498
594202141,70.4609,74.1471,481,24773,0.427888,1,1,8331816,8331335,481
594213821,22.4347,29.339,480,25114,0.0848259,0.92,1,8331971,8331491,480
594243021,139.896,43.8717,569,25945,0.0935318,0.01,1,8332585,8332016,569
594254701,58.9042,38.9891,481,26270,0.0458344,0.07,1,8332770,8332289,481
594266381,140.794,42.9208,571,26591,0.0768694,0.11,1,8333011,8332440,571
594739421,40.7934,37.8146,519,37324,0.0438218,1,1,8340276,8339757,519
594751101,35.1353,32.9246,515,37550,0.0416818,0.9,1,8340415,8339900,515
594800741,34.7547,28.2835,459,38495,0.0104513,0.05,1,8341017,8340558,459
594894181,37.7487,32.3812,459,40215,0.055108,0.07,1,8342034,8341575,459
594897101,41.7874,36.7691,464,40268,0.0640432,0.03,1,8342076,8341612,464
595066461,51.3434,37.9622,501,43201,0.777441,0.55,2,8343937,8343436,501
595288381,29.2423,31.945,458,21861,0.0761764,0.35,1,8346643,8346185,458
595317581,72.3816,80.3737,497,22813,0.205419,0.11,1,8347255,8346758,497
595323421,83.401,90.1184,508,22999,0.274067,0.15,1,8347430,8346922,508
596184821,36.1355,30.2572,499,42164,0.232506,1,1,8360538,8360039,499
596205261,21.6825,30.1084,483,42514,0.0241955,1,1,8360752,8360269,483
596812621,36.941,33.3928,498,24685,0.904816,1,2,8367661,8367163,498
596838901,24.3905,28.4471,458,25448,0.289625,0.81,1,8368147,8367689,458
596862261,26.2886,31.8104,460,26106,0.405909,0.29,1,8368583,8368123,460
596868101,88.7007,44.9195,527,26268,0.414145,0.33,1,8368720,8368193,527
597060821,32.9807,36.9373,481,31140,0.295725,0.98,1,8372069,8371588,481
597098781,29.1621,32.62,454,32013,0.214375,0.07,1,8372619,8372165,454
597104621,35.8879,55.609,457,32145,0.2227,0.09,1,8372708,8372251,457
597116301,46.5646,57.3319,473,32408,0.278677,0.15,1,8372897,8372424,473
597212661,48.9087,63.2227,507,34496,0.925196,0.79,2,8374242,8373735,507
597396621,32.0249,37.3971,491,38165,0.022095,0.59,1,8376774,8376283,491
597542621,63.6596,39.1411,500,40840,0.42187,0.31,1,8378422,8377922,500
597863821,28.0541,35.2642,493,46178,0.053477,0.72,1,8382002,8381509,493
597884261,22.2249,30.5467,453,46497,0.0352609,0.17,1,8382229,8381776,453
597893021,18.1739,24.3903,439,46632,0.0274567,0.13,1,8382299,8381860,439
597904701,28.2238,30.623,451,46812,0.0413589,0.07,1,8382396,8381945,451
597939741,13.3514,18.1739,437,47352,0.0197425,0.09,1,8382736,8382299,437
598044861,25.4603,30.4478,450,48926,0.07459,0.03,1,8383664,8383214,450
598076981,17.944,17.7372,441,49399,0.0500873,0.07,1,8383989,8383548,441
598082821,2.60986,15.1968,423,49485,0.050014,0.05,1,8384005,8383582,423
598088661,36.154,19.133,459,49571,0.0668022,0.07,1,8384063,8383604,459
598135381,36.249,20.0805,462,50244,0.266631,0.07,1,8384488,8384026,462
598258021,41.7495,34.0922,495,51979,0.776328,0.63,2,8385626,8385131,495
598307661,42.7921,36.9898,501,52660,0.913602,0.81,2,8386085,8385584,501
598555861,23.4079,12.4799,500,55957,0.299088,0.99,1,8388336,8387836,500
599122341,71.1554,54.1016,506,29708,0.421195,0.27,1,8393714,8393208,506
599341341,23.6071,33.5892,497,34642,0.0706163,1,1,8397038,8396541,497
599347181,14.6415,28.869,483,34764,0.0292986,0.93,1,8397079,8396596,483
599353021,29.5341,47.4772,486,34886,0.0370878,0.61,1,8397149,8396663,486
599367621,72.8023,73.1117,501,35187,0.0652086,0,1,8397407,8396906,501
599373461,23.457,35.1428,445,35307,0.0620334,0.09,1,8397460,8397015,445
599379301,14.5936,26.8304,435,35427,0.0351253,0.01,1,8397500,8397065,435
599388061,32.8291,29.5341,455,35606,0.037048,0.03,1,8397604,8397149,455
599390981,51.9915,32.8267,475,35665,0.0568192,0.07,1,8397657,8397182,475
599414341,16.401,14.5936,425,36137,0.0300515,0.05,1,8397925,8397500,425
599417261,41.67,40.6297,426,36195,0.0540206,0,1,8397968,8397542,426
599420181,26.7835,29.5815,423,36253,0.0396082,0.05,1,8397994,8397571,423
599426021,51.9845,51.9915,423,36369,0.0795373,0.07,1,8398080,8397657,423
599428941,4.49922,4.49957,423,36427,0.0738149,0.07,1,8398082,8397659,423
599431861,30.625,30.625,423,36485,0.095526,0.11,1,8398114,8397691,423
599437701,70.9941,68.9991,427,36601,0.218084,0.07,1,8398258,8397831,427
600094701,47.4063,63.9866,425,22475,0.0303718,0.01,1,8406068,8405643,425
600103461,78.3097,83.6412,499,22757,0.0895438,0.07,1,8406282,8405783,499
600106381,50.4655,78.2821,470,22850,0.0778175,0.05,1,8406331,8405861,470
600115141,48.2164,36.1264,470,23127,0.0719403,0.03,1,8406490,8406020,470
600129741,78.5621,50.4655,505,23582,0.0997223,0.11,1,8406836,8406331,505
600138501,31.8039,48.2164,452,23851,0.0613422,0.01,1,8406942,8406490,452
600179381,28.9718,29.7246,430,25067,0.0474785,0.17,1,8407721,8407291,430
600182301,46.0986,46.1362,430,25152,0.0969914,0.19,1,8407768,8407338,430
600199821,83.5866,52.4243,509,25653,0.225143,0.01,1,8408117,8407608,509
600223181,86.4865,56.7323,518,26307,0.42176,0.25,1,8408550,8408032,518
600418821,30.7498,29.3284,483,31243,0.28415,1,1,8411881,8411398,483
600506421,22.0962,22.0463,427,33214,0.278115,0.13,1,8413136,8412709,427
600509341,31.5048,30.5523,428,33278,0.285246,0.15,1,8413168,8412740,428
600634901,64.3488,63.3122,457,35907,0.905388,0.71,2,8414899,8414442,457
600988221,96.3408,105.814,484,42435,0.922,1,2,8419371,8418887,484
601071441,44.505,75.7014,466,20555,0.277431,0.05,1,8420593,8420127,466
601217441,81.3262,91.2175,486,25198,0.928,1,2,8423795,8423309,486
601246641,27.493,44.9163,483,26027,0.241611,0.65,1,8424321,8423838,483
601468561,44.6092,140.186,512,31614,0.919581,1,2,8428226,8427714,512
601620401,27.5045,14.8651,511,34923,0.759581,1,2,8430462,8429951,511
601769321,61.5766,34.5236,511,37886,0.90792,0.59,2,8432428,8431917,511
601970801,14.4164,22.1701,496,41557,0.277689,1,1,8434938,8434442,496
602011681,11.4188,14.4164,431,42262,0.201634,0.23,1,8435369,8434938,431
602061321,26.4303,34.2181,457,43103,0.434513,0.21,1,8435869,8435412,457
602102201,26.4303,34.6063,468,43784,0.769463,0.43,2,8436311,8435843,468
602113881,37.1509,75.1198,481,43976,0.796194,0.51,2,8436476,8435995,481
602116801,34.1575,36.056,481,44024,0.792478,0.53,2,8436510,8436029,481
602559181,42.6472,44.5725,489,27490,0.922,1,2,8443039,8442550,489
602591301,38.1913,40.2441,458,28326,0.759118,0.63,2,8443620,8443162,458
602611741,39.4737,48.524,491,28846,0.9154,0.69,2,8443955,8443464,491
602827821,35.8761,34.1639,457,33846,0.771036,0.65,2,8447460,8447003,457
603014701,34.5908,30.8784,457,37632,0.078439,0.01,1,8450020,8449563,457
603023461,26.2053,28.2094,449,37800,0.0359801,0.03,1,8450108,8449659,449
603029301,37.543,64.053,461,37912,0.0597568,0.05,1,8450213,8449752,461
603058501,26.2502,30.1065,448,38465,0.0425067,0.03,1,8450530,8450082,448
603064341,38.5406,66.8603,460,38575,0.0776011,0.07,1,8450637,8450177,460
603216181,40.7371,71.795,492,41325,0.752894,0.69,2,8452389,8451897,492
603219101,3.93686,38.7397,457,41376,0.751158,0.69,2,8452391,8451934,457
603528621,77.7053,71.1053,524,22893,0.754988,0.61,2,8456713,8456189,524
603531541,80.8353,74.8053,530,22986,0.763995,0.61,2,8456794,8456264,530
603551981,81.8331,77.7053,541,23623,0.916428,0.77,2,8457254,8456713,541
603806021,30.98,39.7674,469,30448,0.0683105,0.82,1,8461999,8461530,469
603811861,30.145,35.2019,458,30587,0.0313297,0.67,1,8462062,8461604,458
603852741,48.3777,73.5361,469,31542,0.0697979,0.01,1,8462685,8462216,469
603858581,41.3034,61.3638,466,31676,0.0531677,0.15,1,8462792,8462326,466
603881941,48.4747,74.555,471,32207,0.0830331,0.07,1,8463109,8462638,471
603887781,42.1587,66.0689,463,32339,0.0768853,0.05,1,8463215,8462752,463
604211901,23.6815,31.4348,458,38930,0.00400893,0.73,1,8467547,8467089,458
604293661,52.3544,40.1341,474,40422,0.0584841,0.09,1,8468484,8468010,474
604308261,42.3756,31.4199,464,40682,0.0440389,0.03,1,8468668,8468204,464
604314101,23.5234,14.4235,446,40786,0.0394462,0.01,1,8468705,8468259,446
604328701,40.9936,22.7783,463,41045,0.0608359,0.05,1,8468853,8468390,463
604352061,23.5208,14.4688,446,41453,0.0281079,0.05,1,8469127,8468681,446
604451341,43.7934,20.9031,466,43150,0.0957306,0.03,1,8470121,8469655,466
604495141,51.3948,43.7934,474,43878,0.218142,0.05,1,8470595,8470121,474
604849921,499.421,533.96,493,21900,0.418,0.97,1,8474679,8474186,493
604909781,359.304,404.277,422,21900,0.08008,0.03,1,8475168,8474746,422
604912701,66.4152,68.6639,422,22724,0.038032,0.01,1,8475219,8474797,422
604956501,68.6235,71.1986,423,24085,0.050509,0.03,1,8476063,8475640,423
604959421,61.3812,61.5099,423,24173,0.0382036,0.03,1,8476124,8475701,423
604965261,56.061,56.0613,423,24348,0.0265126,0.01,1,8476256,8475833,423
605003221,67.6855,64.8284,428,25457,0.0848021,0.17,1,8476913,8476485,428
605108341,90.5807,86.7285,453,28297,0.750668,0.67,2,8478803,8478350,453
605292301,23.6537,37.0403,444,32674,0.0323237,0.05,1,8481777,8481333,444
605298141,3.57413,30.6351,426,32804,0.0075718,0.07,1,8481813,8481387,426
605371141,43.0616,39.0241,469,34379,0.0767169,0.11,1,8482778,8482309,469
605394501,3.66908,35.382,423,34868,0.0745915,0.05,1,8483080,8482657,423
605403261,44.1541,44.2317,468,35050,0.0909339,0.09,1,8483203,8482735,468
605765341,32.416,38.4605,464,41865,0.0657626,0.77,1,8487718,8487254,464
605771181,29.4835,30.8287,455,41965,0.036922,0.45,1,8487767,8487312,455
605788701,23.0879,25.219,425,42265,0.0261384,0.07,1,8487990,8487565,425
605791621,6.85439,8.86095,423,42315,0.0164554,0.03,1,8487996,8487573,423
605800381,32.1299,27.3825,427,42465,0.0320131,0.13,1,8488091,8487664,427
605841261,33.0752,34.5809,454,43155,0.0791048,0.03,1,8488513,8488059,454
605844181,23.5038,32.129,445,43204,0.0496419,0.09,1,8488536,8488091,445
605850021,19.5338,31.4303,442,43302,0.0211427,0.09,1,8488585,8488143,442
605858781,40.7764,53.7668,464,43449,0.0534331,0.07,1,8488710,8488246,464
606031061,46.5713,54.6244,495,46226,0.772755,0.57,2,8490465,8489970,495
606039821,27.8123,42.2011,479,46364,0.760096,0.63,2,8490583,8490104,479
606311381,13.4621,24.6761,453,23278,0.441793,0.45,1,8493591,8493138,453
606366861,70.5948,67.7377,461,24951,0.92605,0.81,2,8494725,8494264,461
606559581,17.1578,25.8823,429,30041,0.0796422,0.09,1,8498272,8497843,429
606612141,4.2183,4.11381,428,31284,0.0466015,0.13,1,8499049,8498621,428
606617981,14.1655,57.0103,438,31419,0.0494562,0.13,1,8499119,8498681,438
606632581,39.5284,105.627,458,31754,0.0632424,0.07,1,8499387,8498929,458
606641341,4.22294,46.3661,425,31953,0.0527675,0.03,1,8499472,8499047,425
606661781,42.4709,106.568,462,32414,0.0606736,0.09,1,8499813,8499351,462
607035541,27.8695,35.7101,459,39901,0.045355,0.35,1,8504699,8504240,459
607050141,51.1441,39.0536,474,40166,0.0460164,0.01,1,8504911,8504437,474
607073501,27.867,25.3899,449,40583,0.0366253,0.05,1,8505120,8504671,449
607076421,67.8934,27.8695,491,40635,0.0446501,0,1,8505190,8504699,491
607093941,35.3725,24.4072,457,40947,0.0390686,0.07,1,8505391,8504934,457
607114381,68.8405,27.867,493,41305,0.0605889,0.05,1,8505613,8505120,493
607131901,19.2199,23.4499,422,41611,0.0227947,0.03,1,8505777,8505355,422
607140661,32.6753,31.7234,424,41764,0.0324189,0.05,1,8505873,8505449,424
607155261,69.7407,68.8405,425,42015,0.0799448,0.09,1,8506038,8505613,425
607175701,36.1104,36.111,422,42365,0.0685963,0,1,8506236,8505814,422
607178621,26.5055,26.5055,422,42415,0.0274385,0.05,1,8506262,8505840,422
607196141,73.4955,69.7407,427,42714,0.0384874,0.15,1,8506465,8506038,427
607669181,115.745,96.8502,480,22724,0.216659,0.51,1,8511368,8510888,480
607677941,72.3522,77.0239,450,23003,0.0755462,0.07,1,8511540,8511090,450
607686701,13.5323,29.861,434,23278,0.055475,0.03,1,8511686,8511252,434
607788901,45.2939,65.1289,493,26277,0.752526,0.57,2,8513643,8513150,493
608244421,41.8058,35.318,484,36759,0.255132,0.87,1,8520924,8520440,484
608253181,14.5284,29.946,471,36930,0.0756084,0.85,1,8521016,8520545,471
608270701,45.1453,58.0377,485,37272,0.0827449,0.25,1,8521243,8520758,485
610133661,74.3055,70.9923,499,35956,0.9364,1,2,8542650,8542151,499
610139501,53.2433,54.1375,499,36074,0.758224,1,2,8542741,8542242,499
610691381,42.8766,42.0697,471,45820,0.288129,0.89,1,8549314,8548843,471
611084121,32.7031,31.0253,440,24076,0.0478808,0.03,1,8553461,8553021,440
611104561,27.8255,27.0628,423,24685,0.0252128,0.07,1,8553851,8553428,423
611107481,35.5913,32.7031,426,24771,0.0280851,0.01,1,8553887,8553461,426
611119161,81.5416,75.9323,428,25112,0.036671,0.09,1,8554138,8553710,428
611122081,51.5771,53.1966,426,25196,0.0206684,0.05,1,8554188,8553762,426
611127921,27.6314,27.8255,422,25364,0.00570694,0.03,1,8554273,8553851,422
611130841,35.5816,35.5913,422,25448,0.0202828,0.03,1,8554309,8553887,422
611136681,51.579,60.889,473,25614,0.0572452,0.05,1,8554424,8553951,473
611151281,27.6314,58.6289,447,26025,0.0163494,0,1,8554694,8554247,447
611160041,52.624,62.5791,475,26268,0.0478464,0.07,1,8554848,8554373,475
612215621,32.0136,29.0753,436,21861,0.0291304,0.01,1,8569084,8568648,436
612247741,83.109,73.6703,506,22906,0.0364949,0.03,1,8569810,8569304,506
612874081,192.968,138.025,525,16916,0.443078,0.69,1,8580015,8579490,525
613342741,64.833,72.9458,485,31139,0.416103,1,1,8589792,8589307,485
613345661,31.7416,40.6973,476,31207,0.400441,1,1,8589822,8589346,476
613357341,35.9116,96.0735,485,31478,0.425019,0.51,1,8590020,8589535,485
613614301,31.9026,39.3698,463,36924,0.0381766,0.87,1,8593723,8593260,463
613637661,40.7635,42.3607,467,37380,0.0762896,0.01,1,8593963,8593496,467
613643501,29.2669,31.7409,453,37493,0.0494063,0,1,8594026,8593573,453
613672701,35.1588,36.269,462,38053,0.0827105,0.07,1,8594384,8593922,462
613678541,28.3979,34.3382,451,38164,0.0216337,0.05,1,8594448,8593997,451
613684381,32.0385,86.9633,454,38274,0.0262614,0.07,1,8594570,8594116,454
614655281,131.506,94.7057,517,24905,0.228399,0.79,1,8604884,8604367,517
614661121,32.7238,60.2293,468,25075,0.0905439,0.49,1,8604977,8604509,468
615046561,43.3098,104.199,499,34473,0.921819,0.81,2,8611308,8610809,499
615239281,22.6498,35.0973,492,38308,0.0439611,0.88,1,8613940,8613448,492
616143021,63.9346,66.5321,502,24266,0.293102,0.77,1,8623451,8622949,502
616356181,37.9499,61.7773,471,29974,0.292844,0.91,1,8627335,8626864,471
616364941,30.6684,33.8657,456,30185,0.257542,0.63,1,8627478,8627022,456
616449621,43.5524,70.1482,491,32155,0.753776,0.57,2,8628770,8628279,491
616452541,29.7276,43.4074,478,32221,0.75151,0.59,2,8628799,8628321,478
616618981,36.8096,64.1951,502,35769,0.91192,1,2,8631252,8630750,502
616651101,34.9343,33.1916,469,36414,0.443595,0.87,1,8631684,8631215,469
616741621,39.9961,40.8652,496,38173,0.902535,0.71,2,8632843,8632347,496
616940181,35.3606,38.1342,492,41767,0.251355,0.95,1,8635324,8634832,492
616951861,30.6673,35.0771,483,41968,0.0633147,1,1,8635458,8634975,483
616960621,20.0987,33.1261,470,42118,0.0532521,0.85,1,8635559,8635089,470
617001501,18.2913,20.0987,422,42815,0.0476362,0.05,1,8635981,8635559,422
617004421,26.5646,26.6549,422,42864,0.0850545,0.05,1,8636008,8635586,422
617021941,30.2225,35.3431,451,43158,0.0951945,0,1,8636176,8635725,451
617030701,25.3688,32.4208,446,43305,0.0639324,0.09,1,8636273,8635827,446
617062821,29.3672,34.4503,455,43838,0.0979641,0.09,1,8636601,8636146,455
617071581,27.3067,32.3756,449,43982,0.0698697,0.07,1,8636697,8636248,449
617086181,23.9112,22.1816,446,44222,0.0432531,0.03,1,8636854,8636408,446
617092021,27.1823,29.6955,450,44318,0.0441205,0.03,1,8636912,8636462,450
617127061,22.2713,22.2242,423,44884,0.0333316,0.05,1,8637253,8636830,423
617129981,24.8636,23.9112,424,44931,0.0433326,0.03,1,8637278,8636854,424
617135821,28.0872,27.1823,424,45025,0.0489332,0.07,1,8637336,8636912,424
617173781,24.8633,24.8636,422,45630,0.0477367,0.05,1,8637700,8637278,422
617185461,29.7577,27.7627,426,45814,0.0493661,0.13,1,8637813,8637387,426
617188381,40.4379,38.4381,428,45860,0.0497464,0.17,1,8637854,8637426,428
617369421,41.395,41.3974,449,48629,0.797711,0.55,2,8639604,8639155,449
617372341,3.96975,3.96987,449,48672,0.781084,0.61,2,8639606,8639157,449
617375261,35.3485,33.4485,451,48715,0.798434,0.59,2,8639643,8639192,451
617918381,29.1763,31.0271,447,25716,0.0178455,0.21,1,8645105,8644658,447
617927141,63.9268,53.1255,454,25962,0.0311421,0.03,1,8645211,8644757,454
617935901,72.1296,56.3108,464,26206,0.0732731,0.01,1,8645425,8644961,464
617941741,30.2953,48.9708,450,26368,0.0489237,0,1,8645527,8645077,450
617953421,87.6561,63.9268,511,26688,0.0490124,0.03,1,8645722,8645211,511
619100981,31.4809,42.5376,498,26179,0.0306857,0.85,1,8662500,8662002,498
619106821,69.5237,50.0763,528,26341,0.0397097,0.61,1,8662613,8662085,528
619197341,116.901,56.1731,552,28728,0.420702,0.29,1,8664147,8663595,552
619419261,40.0422,34.2157,499,33874,0.0692239,1,1,8667629,8667130,499
619428021,27.0753,25.526,486,34060,0.0233903,1,1,8667722,8667236,486
619468901,70.0158,32.2727,494,34920,0.0326583,0,1,8668305,8667811,494
619492261,24.2252,28.5085,446,35401,0.0250062,0.01,1,8668564,8668118,446
619501021,70.9657,32.3154,494,35581,0.0397604,0.03,1,8668727,8668233,494
619527301,23.3694,24.2252,423,36112,0.0239717,0.01,1,8668987,8668564,423
619538981,39.698,39.6483,424,36345,0.0271577,0.05,1,8669189,8668765,424
619568181,33.2112,33.2134,422,36923,0.0205189,0.03,1,8669499,8669077,422
619571101,72.9106,71.9607,423,36980,0.0622076,0.03,1,8669574,8669151,423
620003261,93.5374,93.8962,475,44642,0.948145,1,2,8674638,8674163,475
620006181,34.1269,36.9948,472,44689,0.931258,0.99,2,8674669,8674197,472
620409141,42.2774,38.2895,495,27413,0.946,1,2,8680850,8680355,495
620441261,30.7255,36.8232,452,28251,0.060925,0.53,1,8681391,8680939,452
620444181,30.0363,36.0412,446,28326,0.05437,0.23,1,8681421,8680975,446
620452941,54.8235,37.1685,489,28550,0.0752397,0.09,1,8681551,8681062,489
620464621,43.5576,35.1986,466,28846,0.0311581,0.05,1,8681782,8681316,466
620485061,113.945,38.8412,541,29355,0.0996288,0.03,1,8682130,8681589,541
620490901,40.8024,35.1521,466,29499,0.0915406,0.03,1,8682204,8681738,466
620496741,26.3695,33.5279,448,29643,0.0734465,0.05,1,8682263,8681815,448
620502581,36.4509,44.1163,458,29785,0.0777514,0.09,1,8682345,8681887,458
620505501,3.72255,34.5058,426,29856,0.0611006,0.13,1,8682347,8681921,426
620508421,54.3361,53.9753,428,29927,0.0904402,0.07,1,8682404,8681976,428
620832541,35.2408,34.1609,427,36952,0.0632937,0.11,1,8687181,8686754,427
620925981,52.1645,51.2937,429,38740,0.245361,0.17,1,8688202,8687773,429
620934741,37.1325,36.1848,429,38903,0.244423,0.07,1,8688292,8687863,429
620955181,39.2696,38.3171,431,39281,0.445697,0.19,1,8688559,8688128,431
621013581,131.247,39.0327,588,40343,0.766619,0.71,2,8689315,8688727,588
621039861,56.0599,19.1932,517,40811,0.760338,0.75,2,8689542,8689025,517
621077821,58.0072,19.198,518,41478,0.913646,0.77,2,8690002,8689484,518
621342081,159.907,62.0913,618,23362,0.929374,0.75,2,8694356,8693738,618
621482241,32.1127,37.9334,489,27377,0.0723139,0.87,1,8697086,8696597,489
621526041,21.8863,31.4407,449,28514,0.0629531,0.17,1,8697840,8697391,449
621534801,27.1989,34.7288,452,28736,0.074349,0.05,1,8697929,8697477,452
621566921,35.4057,139.11,453,29536,0.287988,0.07,1,8698527,8698074,453
621654521,35.931,143.819,484,31614,0.757356,0.67,2,8699858,8699374,484
621850161,28.9903,32.1974,452,35820,0.28116,0.55,1,8702718,8702266,452
621931921,30.3992,36.0771,479,37438,0.756959,0.63,2,8703772,8703293,479
621961121,37.8372,69.8448,493,37998,0.906296,0.73,2,8704161,8703668,493
622150921,28.0447,34.2633,480,41455,0.291638,0.59,1,8706535,8706055,480
622153841,27.0522,32.1132,475,41506,0.278655,0.55,1,8706562,8706087,475
622156761,3.25261,32.0057,445,41557,0.273462,0.59,1,8706564,8706119,445
622168441,36.2074,38.1073,445,41761,0.278729,0.41,1,8706670,8706225,445
622499861,27.5427,27.4489,435,21666,0.0241635,0.05,1,8710841,8710406,435
622502781,36.5271,32.7224,439,21764,0.0636654,0.09,1,8710878,8710439,439
622537821,78.4123,53.9367,503,22906,0.237624,0.15,1,8711665,8711162,503
623276581,35.8378,35.0399,489,39952,0.210044,1,1,8723321,8722832,489
623299941,31.7626,31.2271,481,40374,0.0608595,0.53,1,8723605,8723124,481
623308701,26.8225,30.1142,463,40530,0.060775,0.37,1,8723687,8723224,463
623314541,34.6471,32.7553,465,40634,0.097324,0.13,1,8723750,8723285,465
623326221,42.7949,38.0092,466,40842,0.0988275,0.05,1,8723905,8723439,466
623332061,32.027,32.5375,455,40946,0.0722124,0.03,1,8723969,8723514,455
623334981,28.2014,32.0269,451,40998,0.034885,0.05,1,8723997,8723546,451
623355421,37.0224,34.6471,463,41355,0.220391,0.09,1,8724213,8723750,463
623358341,37.9511,35.9324,465,41406,0.226157,0.13,1,8724251,8723786,465
623381701,31.9907,31.943,427,41814,0.217999,0.09,1,8724487,8724060,427
623393381,38.4,37.4474,431,42014,0.242941,0.25,1,8724607,8724176,431
623521861,39.1979,40.9154,492,44170,0.912217,0.69,2,8726015,8725523,492
623752541,10.5084,25.6506,457,22569,0.0451847,0.63,1,8728742,8728285,457
623770061,58.2129,42.3737,481,23127,0.0630593,0.07,1,8729156,8728675,481
623878101,92.1554,72.2125,544,26307,0.765478,0.61,2,8731244,8730700,544
624064981,57.1017,50.1042,499,31039,0.255679,1,1,8734522,8734023,499
624073741,40.4273,39.0774,497,31243,0.0756435,1,1,8734669,8734172,497
624076661,29.5714,36.1539,490,31311,0.0722574,1,1,8734698,8734208,490
624129221,75.0228,37.4567,499,32505,0.0991861,0.03,1,8735481,8734982,499
624137981,26.1415,28.8253,450,32700,0.0454679,0.09,1,8735578,8735128,450
624225581,59.7854,36.6591,487,34587,0.221749,0.17,1,8736758,8736271,487
625028581,79.9846,66.3534,532,26273,0.772403,0.59,2,8748082,8747550,532
625457821,29.3694,31.2585,495,36234,0.763792,1,2,8754931,8754436,495
625492861,24.3364,29.3694,456,36927,0.278109,0.67,1,8755387,8754931,456
625510381,66.2948,72.2999,501,37269,0.414901,0.29,1,8755658,8755157,501
625580461,70.4773,78.5463,523,38607,0.753209,0.69,2,8756557,8756034,523
626062261,56.4837,41.4241,489,27562,0.297301,1,1,8765168,8764679,489
626132341,86.4485,55.9259,519,29350,0.404684,0.25,1,8766316,8765797,519
626351341,35.947,46.6304,506,34337,0.285298,1,1,8769675,8769169,506
626360101,31.1835,45.898,505,34521,0.0588191,1,1,8769807,8769302,505
626368861,26.0576,31.5291,501,34704,0.0539244,1,1,8769909,8769408,501
626374701,71.3626,46.1063,539,34826,0.0914279,0.65,1,8770023,8769484,539
626383461,30.8459,34.9396,467,35008,0.0776114,0.17,1,8770106,8769639,467
626400981,25.0511,27.153,447,35368,0.0404094,0.07,1,8770330,8769883,447
626406821,74.3051,40.2529,499,35488,0.0820655,0.11,1,8770449,8769950,499
626427261,33.286,35.0541,423,35902,0.0545161,0.03,1,8770657,8770234,423
626465221,47.0675,46.3143,423,36660,0.214451,0.07,1,8771127,8770704,423
626473981,47.7125,46.8075,424,36833,0.218925,0.05,1,8771226,8770802,424
626476901,71.7356,71.6904,424,36890,0.22557,0.05,1,8771299,8770875,424
626584941,78.4829,76.5307,450,38952,0.756249,0.59,2,8772624,8772174,450
626780581,92.4056,89.6381,490,42430,0.939629,1,2,8775008,8774518,490
626783501,24.5703,35.8319,478,42480,0.915852,1,2,8775029,8774551,478
627119301,19.9059,20.8514,455,47852,0.901717,0.69,2,8778696,8778241,455
627128061,32.3405,32.2907,457,47984,0.93683,0.73,2,8778784,8778327,457
627790901,33.3804,33.527,462,57083,0.946828,0.81,2,8784996,8784534,462
628329641,29.2299,15.4516,458,35152,0.415506,0.13,1,8791916,8791458,458
628332561,37.5615,28.3226,467,35212,0.448203,0.17,1,8791954,8791487,467
628437681,42.5034,31.1604,500,37313,0.931701,0.81,2,8793308,8792808,500
628440601,100.925,40.508,563,37370,0.942681,0.85,2,8793412,8792849,563
628580761,33.0674,24.423,495,39992,0.939971,1,2,8795193,8794698,495
628592441,41.4624,75.1372,511,40204,0.941103,1,2,8795356,8794845,511
628598281,33.4487,46.4053,506,40309,0.931777,0.97,2,8795431,8794925,506
628732601,13.9895,26.8433,483,42652,0.0942473,1,1,8797049,8796566,483
628980801,41.6183,33.4163,496,46667,0.920586,0.69,2,8799576,8799080,496
628983721,47.6809,40.6208,503,46712,0.938235,0.67,2,8799624,8799121,503
629414421,15.5817,25.6268,458,24785,0.0458542,0.57,1,8804187,8803729,458
629446541,72.7791,67.5469,498,25710,0.0871968,0.17,1,8804796,8804298,498
629461141,16.5239,26.6761,437,26119,0.0475009,0.03,1,8805032,8804595,437
629466981,68.6313,41.6292,493,26281,0.0808001,0.01,1,8805146,8804653,493
629469901,76.5816,68.5815,500,26362,0.0863201,0.13,1,8805223,8804723,500
629712261,28.3303,39.2208,495,32353,0.05374,0.81,1,8809214,8808719,495
629817381,77.9085,77.1225,504,34627,0.207076,0.11,1,8810686,8810182,504
629954621,83.191,83.8662,550,37389,0.937439,0.93,2,8812484,8811934,550
630290421,36.1553,35.8726,446,24502,0.754159,0.53,2,8819082,8818636,446
630293341,85.4078,83.4936,448,24588,0.775664,0.53,2,8819170,8818722,448
630310861,156.145,153.105,458,25101,0.933937,0.79,2,8819510,8819052,458
630474381,18.7379,33.5196,446,29454,0.287901,0.11,1,8822468,8822022,446
630559061,36.7781,86.5106,487,31472,0.79898,0.67,2,8823790,8823303,487
630709441,22.5596,25.6021,449,16011,0.0238298,0,1,8826266,8825817,449
630729881,108.926,184.356,526,16916,0.0526651,0.03,1,8826986,8826460,526
630732801,57.6963,108.018,477,17042,0.051066,0.05,1,8827041,8826564,477
630738641,19.8567,51.2375,446,17291,0.0501706,0.09,1,8827114,8826668,446
630839381,49.7578,54.6801,453,21164,0.763174,0.67,2,8829656,8829203,453
630848141,207.142,204.292,456,21463,0.913563,0.69,2,8829946,8829490,456
631033561,80.1195,90.8226,422,27062,0.0735391,0.05,1,8833765,8833343,422
631036481,97.106,97.6411,422,27140,0.0834156,0.07,1,8833863,8833441,422
631059841,74.4223,80.1195,422,27759,0.046484,0.09,1,8834187,8833765,422
631062761,96.8211,97.106,422,27835,0.0605936,0.03,1,8834285,8833863,422
631074441,29.7227,32.4775,422,28138,0.0300152,0.01,1,8834403,8833981,422
631089041,95.7762,74.1161,519,28512,0.0414626,0.07,1,8834706,8834187,519
631121161,36.0017,34.2388,459,29318,0.0318407,0.05,1,8835196,8834737,459
631127001,31.535,22.6956,455,29462,0.0302945,0.09,1,8835250,8834795,455
631129921,34.8268,29.6348,460,29534,0.0901178,0.13,1,8835285,8834825,460
631141601,86.1346,68.7343,517,29819,0.242643,0.03,1,8835549,8835032,517
631147441,30.7103,36.0343,423,29961,0.200823,0.03,1,8835583,8835160,423
631162041,103.629,98.6413,433,30312,0.227916,0.19,1,8835820,8835387,433
632138781,502.766,522.834,492,21900,0.754,1,2,8848302,8847810,492
632762201,43.2345,39.0353,488,36433,0.0665371,0.87,1,8858510,8858022,488
632765121,30.6617,33.3018,485,36491,0.0266149,1,1,8858540,8858055,485
632776801,26.1054,30.065,467,36723,0.0227133,0.78,1,8858657,8858190,467
632826441,69.0045,30.0951,494,37688,0.0906295,0.09,1,8859274,8858780,494
632838121,33.8276,29.651,456,37912,0.0397121,0.07,1,8859419,8858963,456
632843961,27.9196,29.1441,449,38024,0.0243539,0.05,1,8859473,8859024,449
632852721,29.1352,31.7051,450,38190,0.0584387,0.05,1,8859560,8859110,450
632864401,43.3598,69.0045,468,38410,0.072296,0.13,1,8859742,8859274,468
632873161,33.5428,30.5511,456,38575,0.0567069,0.03,1,8859841,8859385,456
632879001,24.8789,26.3914,424,38685,0.0510731,0.01,1,8859869,8859445,424
632896521,34.8973,34.9378,424,39011,0.0563135,0.05,1,8860053,8859629,424
632899441,69.1949,69.1969,424,39065,0.0765254,0.09,1,8860124,8859700,424
632928641,33.8373,31.9376,424,39603,0.0532636,0.03,1,8860409,8859985,424
632937401,71.1877,69.1949,427,39762,0.0646089,0.15,1,8860551,8860124,427
633095081,77.7946,75.8921,453,42535,0.768517,0.67,2,8862297,8861844,453
633327221,53.0348,52.1239,424,21455,0.0818061,0.11,1,8865253,8864829,424
633330141,71.0517,68.1562,427,21554,0.0987224,0.15,1,8865325,8864898,427
633341821,104.016,104.921,428,21945,0.231727,0.11,1,8865539,8865111,428
633905381,27.0081,35.7558,424,36053,0.0857088,0.05,1,8875007,8874583,424
633922901,3.5553,3.55056,424,36403,0.0216611,0.05,1,8875249,8874825,424
633931661,35.6112,34.6636,424,36577,0.0654663,0.09,1,8875347,8874923,424
633955021,34.0556,33.1059,423,37037,0.0332338,0.03,1,8875670,8875247,423
633957941,3.60278,3.5553,423,37094,0.0312935,0.03,1,8875672,8875249,423
633966701,37.4613,26.6812,459,37265,0.0588828,0.09,1,8875770,8875311,459
633987141,72.1521,37.2289,496,37660,0.0893799,0.01,1,8876059,8875563,496
633992981,3.60038,34.0556,423,37772,0.0395008,0.03,1,8876093,8875670,423
634004661,32.4631,37.4613,457,37996,0.0528992,0.11,1,8876227,8875770,457
634019261,36.2837,56.8279,466,38273,0.228321,0.19,1,8876415,8875949,466
634460181,119.771,93.4779,540,20544,0.25,1,1,8881636,8881096,540
634466021,77.5819,74.6187,506,20750,0.0724,0.87,1,8881800,8881294,506
634474781,19.2116,66.4642,446,21055,0.0715936,0.37,1,8881943,8881497,446
634524421,82.1535,80.8213,512,22707,0.211897,0.03,1,8882993,8882481,512
635435461,56.7651,49.4093,483,20176,0.204252,0.13,1,8897178,8896695,483
635511381,58.2218,98.022,500,22752,0.798157,0.55,2,8898888,8898388,500
635598981,27.5335,32.4966,477,25399,0.752368,1,2,8900747,8900270,477
635651541,48.4218,54.5214,504,26861,0.945959,0.69,2,8901763,8901259,504
635663221,40.5228,39.3362,465,27175,0.931897,0.89,2,8901974,8901509,465
636051581,29.5331,34.3824,462,36079,0.0279526,0.79,1,8908124,8907662,462
636089541,27.1264,25.2267,424,36833,0.0271354,0.05,1,8908573,8908149,424
636118741,41.3142,88.039,460,37403,0.0962847,0.09,1,8908940,8908480,460
636121661,27.7157,39.5519,450,37459,0.0685139,0.03,1,8908967,8908517,450
636124581,27.0358,29.5276,448,37515,0.0574055,0.01,1,8908994,8908546,448
636133341,32.1585,36.8328,456,37683,0.099434,0.13,1,8909100,8908644,456
636136261,29.1579,30.3416,455,37739,0.0817736,0.13,1,8909129,8908674,455
636285181,33.1528,32.2084,479,40494,0.797807,0.55,2,8910870,8910391,479
636317301,38.077,39.44,494,41065,0.937096,0.73,2,8911258,8910764,494
636527541,7.04861,28.1546,484,44613,0.0272967,0.97,1,8913671,8913187,484
637161181,70.6457,53.5835,509,24990,0.0455392,0.67,1,8919889,8919380,509
637997761,93.1862,79.5621,515,20070,0.0477937,0,1,8932340,8931825,515
638003601,28.353,54.8239,451,20281,0.037647,0.11,1,8932419,8931968,451
638012361,81.4684,91.5014,503,20594,0.0684094,0.15,1,8932672,8932169,503
638021121,30.2439,54.0593,451,20901,0.0132582,0.05,1,8932843,8932392,451
638094121,88.0799,88.6411,513,23305,0.255092,0.15,1,8934377,8933864,513
638564241,29.0572,33.2841,497,35008,0.0886211,0.95,1,8942350,8941853,497
638587601,84.1992,54.9397,517,35488,0.247333,0.13,1,8942689,8942172,517
639866561,38.7737,38.0791,453,25880,0.0891169,0.05,1,8956618,8956165,453
639875321,27.3245,17.1641,437,26125,0.0318635,0.05,1,8956740,8956303,437
639878241,85.9162,74.0082,449,26206,0.0787454,0.11,1,8956829,8956380,449
640976161,110.142,113.238,451,22285,0.0841792,0.05,1,8971691,8971240,451
640979081,30.2071,56.9619,423,22380,0.0516717,0.01,1,8971717,8971294,423
640990761,59.9765,65.1638,480,22757,0.0884428,0.17,1,8971932,8971452,480
641002441,43.1741,30.207,465,23127,0.0305361,0.05,1,8972182,8971717,465
641008281,80.4779,31.6155,505,23310,0.0852858,0.11,1,8972297,8971792,505
641017041,107.932,67.5988,537,23582,0.230338,0.03,1,8972537,8972000,537
641025801,33.463,43.1741,455,23851,0.221862,0.01,1,8972637,8972182,455
641154281,63.9674,64.9149,470,27490,0.938616,0.97,2,8975014,8974544,470
641288601,34.8046,39.0883,459,30834,0.449173,0.77,1,8977342,8976883,459
641495921,39.5724,57.0901,521,35373,0.934,1,2,8980519,8979998,521
641516361,35.0215,33.5823,515,35789,0.27243,1,1,8980769,8980254,515
641545561,16.5753,24.6081,434,36375,0.0778157,0.35,1,8981132,8980698,434
641580601,15.7203,16.5753,423,37066,0.0395736,0.05,1,8981555,8981132,423
641586441,32.9093,33.8139,423,37180,0.0555318,0.07,1,8981620,8981197,423
641598121,59.6714,34.4282,482,37408,0.0598376,0,1,8981792,8981310,482
641606881,39.3778,27.5092,462,37576,0.0367096,0.03,1,8981896,8981434,462
641787921,49.527,56.6821,498,40915,0.797612,0.63,2,8984004,8983506,498
642066781,29.7021,29.1986,437,21156,0.424663,0.27,1,8987397,8986960,437
642101821,64.9043,62.9993,452,22329,0.783864,0.65,2,8988237,8987785,452
642119341,101.136,64.7189,561,22893,0.909583,0.75,2,8988632,8988071,561
642128101,30.8544,26.0452,494,23170,0.903253,0.87,2,8988755,8988261,494
642131021,111.743,29.8023,580,23261,0.943301,0.91,2,8988871,8988291,580
642206941,45.0082,1.00687,530,25523,0.907533,1,2,8990429,8989899,530
642323741,106.757,25.1299,567,28654,0.948347,0.77,2,8992560,8991993,567
642913581,29.0559,24.5804,506,40942,0.0269698,0.9,1,9001023,9000517,506
643030381,3.4658,3.55831,422,42954,0.0248837,0.05,1,9002233,9001811,422
643033301,29.6233,27.7279,424,43003,0.0399535,0.05,1,9002264,9001840,424
643044981,35.9782,55.5039,461,43199,0.0673108,0.15,1,9002415,9001954,461
643065421,18.31,43.4001,438,43542,0.0658361,0.03,1,9002620,9002182,438
643071261,3.51328,31.316,424,43638,0.0285338,0.01,1,9002655,9002231,424
643080021,26.3463,32.8312,450,43782,0.0822262,0.05,1,9002747,9002297,450
643120901,26.4437,32.9263,451,44454,0.228989,0.09,1,9003172,9002721,451
643518021,74.8587,68.6426,462,23187,0.276204,0.17,1,9007634,9007172,462
643731181,30.7211,47.197,454,29109,0.203532,0.03,1,9011640,9011186,454
644014421,33.1278,73.7081,500,35470,0.294215,0.99,1,9015942,9015442,500
644017341,25.4064,33.1354,494,35530,0.267686,0.99,1,9015967,9015473,494
644388181,61.5514,36.0873,502,42415,0.76337,1,2,9020625,9020123,502
644414461,30.8572,32.2668,483,42861,0.0228311,0.96,1,9020928,9020445,483
644417381,11.0429,22.5133,471,42910,0.0151325,0.96,1,9020938,9020467,471
644429061,46.4414,32.3864,517,43106,0.0483394,0.69,1,9021079,9020562,517
645316741,98.6795,54.5368,562,34624,0.940142,0.85,2,9033745,9033183,562
645325501,35.0341,35.6769,498,34807,0.937369,0.91,2,9033842,9033344,498
645328421,3.6517,34.0838,466,34868,0.932948,0.87,2,9033844,9033378,466
645521141,3.18185,24.7298,426,38665,0.0714177,0.11,1,9036379,9035953,426
645524061,50.5091,50.6365,427,38720,0.0825671,0.13,1,9036432,9036005,427
645535741,31.8114,30.1059,425,38937,0.0606257,0.07,1,9036605,9036180,425
645550341,33.728,32.7779,428,39207,0.0856288,0.05,1,9036742,9036314,428
645564941,85.1282,81.3755,428,39477,0.234819,0.17,1,9036943,9036515,428
645719701,95.9115,93.0613,458,42215,0.935638,0.73,2,9038720,9038262,458
645981041,74.7696,71.967,428,21652,0.215254,0.11,1,9042082,9041654,428
645998561,129.294,127.391,432,22234,0.412086,0.23,1,9042442,9042010,432
646182521,110.279,121.013,428,27599,0.268245,0.11,1,9046095,9045667,428
646445321,22.8682,26.2032,428,33811,0.203605,0.15,1,9050240,9049812,428
646541681,104.889,100.208,447,35817,0.759384,0.51,2,9051535,9051088,447
646544601,26.1444,25.9104,447,35876,0.753754,0.53,2,9051557,9051110,447
646547521,59.2572,58.2955,448,35935,0.787502,0.55,2,9051618,9051170,448
646576721,105.886,104.889,459,36519,0.93108,0.75,2,9051994,9051535,459
646801561,26.1645,48.4333,446,40734,0.062307,0,1,9054868,9054422,446
646807401,24.1954,45.0086,446,40838,0.0399691,0.09,1,9054939,9054493,446
646833681,32.9433,49.8667,458,41300,0.235567,0.11,1,9055218,9054760,458
646845361,23.2904,46.9082,445,41504,0.218527,0.03,1,9055361,9054916,445
646848281,3.06452,24.1954,424,41555,0.213411,0.09,1,9055363,9054939,424
646857041,37.1074,35.2504,428,41708,0.234218,0.15,1,9055445,9055017,428
646871641,51.9139,50.8665,433,41960,0.238069,0.25,1,9055619,9055186,433
647308181,59.3832,57.5283,456,24604,0.769457,0.69,2,9061488,9061032,456
647319861,78.9575,78.0977,457,24947,0.906114,0.73,2,9061751,9061294,457
647445421,32.1275,36.4521,457,28368,0.0675884,0.79,1,9064134,9063677,457
647457101,37.3563,49.177,475,28665,0.0757943,0.25,1,9064300,9063825,475
647500901,36.806,32.1247,461,29753,0.0360182,0.03,1,9065016,9064555,461
647503821,46.4903,38.6562,469,29824,0.0444073,0.03,1,9065063,9064594,469
647530101,35.9002,36.806,423,30457,0.0424244,0.05,1,9065439,9065016,423
647535941,4.17475,4.22452,422,30595,0.0247879,0.01,1,9065487,9065065,422
647538861,47.7087,47.7112,422,30664,0.0279152,0.07,1,9065537,9065115,422
647582661,68.5465,76.0762,495,31683,0.252706,0.13,1,9066219,9065724,495
647889261,49.1503,34.8661,477,38056,0.226956,0.11,1,9070478,9070001,477
648254261,3.36741,30.3908,424,21066,0.0348952,0,1,9075179,9074755,424
648265941,56.151,54.2965,424,21466,0.0539333,0.07,1,9075499,9075075,424
648268861,75.0075,73.9648,425,21565,0.0995733,0.03,1,9075575,9075150,425
648277621,65.7137,66.6684,422,21858,0.0613327,0.07,1,9075671,9075249,422
648280541,138.186,135.383,425,21955,0.0665331,0.01,1,9075813,9075388,425
648555021,203.87,204.703,425,13244,0.0766402,0.13,1,9081414,9080989,425
648568161,16.4678,198.816,423,14028,0.0662664,0.11,1,9081837,9081414,423
649496721,2.84948,2.98734,422,39364,0.0345471,0.05,1,9098845,9098423,422
649499641,33.3925,31.4994,424,39418,0.0438188,0.05,1,9098880,9098456,424
649508401,37.8569,35.1017,425,39579,0.0500844,0.09,1,9098991,9098566,425
649566801,38.9299,89.8964,462,40632,0.201564,0.15,1,9099674,9099212,462
649604761,38.9824,94.5986,467,41302,0.248917,0.21,1,9100105,9099638,467
649727401,48.7679,97.551,498,43397,0.944365,0.73,2,9101440,9100942,498
649978521,32.0592,62.4713,426,21764,0.0576504,0.09,1,9104379,9103953,426
650010641,48.1759,69.4014,472,22813,0.248162,0.11,1,9105013,9104541,472
650241321,32.715,51.2382,463,29251,0.201641,0.17,1,9109438,9108975,463
650247161,46.3468,57.7456,471,29395,0.268663,0.11,1,9109538,9109067,471
650758161,32.7976,39.6078,466,40058,0.208983,0.87,1,9116842,9116376,466
650775681,33.2289,42.3417,478,40374,0.264159,0.43,1,9117039,9116561,478
651085201,22.8253,32.2801,474,45581,0.0647106,1,1,9120539,9120065,474
651093961,21.67,29.3709,462,45719,0.0389415,0.77,1,9120618,9120156,462
651304201,32.1483,34.281,471,48927,0.432614,0.37,1,9122579,9122108,471
651307121,22.5074,32.1141,461,48970,0.431046,0.37,1,9122601,9122140,461
651368441,25.6126,37.2038,470,49867,0.77973,0.49,2,9123207,9122737,470
651882361,32.1341,49.4301,492,30497,0.937189,1,2,9130091,9129599,492
651908641,30.0901,34.6814,480,31115,0.0800858,0.9,1,9130539,9130059,480
651911561,28.1045,32.1341,476,31183,0.0620343,0.83,1,9130567,9130091,476
651914481,22.3052,28.2067,470,31251,0.0428137,0.85,1,9130589,9130119,470
651923241,47.6334,72.2938,499,31454,0.0644201,0.45,1,9130732,9130233,499
652086761,52.2269,74.5875,500,35021,0.792403,0.57,2,9133030,9132530,500
652273641,26.4832,31.7509,496,38693,0.075803,1,1,9135548,9135052,496
652279481,21.4412,27.1069,491,38803,0.0301285,1,1,9135599,9135108,491
652370001,73.6455,29.0485,497,40455,0.0652574,0.03,1,9136644,9136147,497
652375841,35.6191,27.4326,458,40559,0.0356412,0.13,1,9136706,9136248,458
652413801,37.5568,28.3823,460,41231,0.0580144,0.03,1,9137130,9136670,460
652422561,28.5736,20.3715,455,41384,0.0452329,0.01,1,9137208,9136753,455
652434241,2.68334,15.6649,424,41588,0.01359,0.03,1,9137288,9136864,424
652440081,32.2592,31.3892,424,41690,0.0345744,0.11,1,9137359,9136935,424
652443001,32.963,31.9695,425,41741,0.0438298,0.09,1,9137392,9136967,425
652448841,67.9124,69.7149,425,41843,0.0538128,0.05,1,9137490,9137065,425
652451761,28.0956,29.1357,424,41893,0.0515251,0.05,1,9137516,9137092,424
652454681,38.4548,37.5568,425,41943,0.06261,0.07,1,9137555,9137130,425
652457601,29.4727,29.4278,425,41993,0.031044,0.07,1,9137584,9137159,425
652460521,20.4736,20.4714,425,42043,0.0304176,0.03,1,9137604,9137179,425
652480961,35.0617,32.2592,425,42393,0.0469236,0.05,1,9137784,9137359,425
652676601,36.2534,35.3011,449,45607,0.793943,0.61,2,9139852,9139403,449
653006561,13.7059,15.5606,444,50562,0.441608,0.41,1,9143196,9142752,444
653021161,31.5753,30.7157,444,50772,0.441696,0.43,1,9143348,9142904,444
653027001,16.3239,18.2693,441,50854,0.441471,0.41,1,9143386,9142945,441
653088321,25.1856,25.1856,443,51715,0.779787,0.43,2,9143953,9143510,443
653091241,3.15928,3.15928,443,51756,0.773915,0.43,2,9143955,9143512,443
653100001,30.4479,38.0004,474,51879,0.782251,0.55,2,9144045,9143571,474
653519021,29.7086,27.5611,434,26839,0.248096,0.03,1,9148387,9147953,434
653542381,27.2641,24.1719,433,27464,0.216713,0.27,1,9148790,9148357,433
653554061,51.8524,50.8976,436,27771,0.258172,0.25,1,9148915,9148479,436
653568661,25.5085,27.2641,432,28150,0.251178,0.21,1,9149222,9148790,432
653571581,29.7754,29.8632,432,28225,0.262471,0.21,1,9149252,9148820,432
653574501,30.9388,30.9432,432,28300,0.290988,0.21,1,9149283,9148851,432
653577421,11.0469,11.0472,432,28375,0.290395,0.21,1,9149293,9148861,432
653583261,48.2876,51.3276,482,28524,0.299663,0.29,1,9149397,9148915,482
653822701,32.2496,41.8255,462,34072,0.25302,0.85,1,9153186,9152724,462
653869421,41.2868,48.5903,468,35052,0.402619,0.15,1,9153859,9153391,468
654111781,68.2548,56.4835,499,39744,0.444998,1,1,9157032,9156533,499
654120541,36.8852,36.7388,484,39903,0.262,0.93,1,9157150,9156666,484
654123461,17.9943,24.6369,477,39956,0.2308,1,1,9157167,9156690,477
654126381,27.4997,25.9318,479,40009,0.24232,1,1,9157195,9156716,479
654138061,28.9741,30.4993,498,40221,0.248459,0.91,1,9157302,9156804,498
654140981,31.8487,30.975,499,40273,0.261384,0.81,1,9157334,9156835,499
654143901,46.2424,35.7487,510,40325,0.266553,0.55,1,9157381,9156871,510
654929381,13.2404,32.257,423,24871,0.0572658,0.03,1,9166087,9165664,423
654938141,42.4073,40.5049,427,25126,0.067745,0.05,1,9166253,9165826,427
654949821,36.7632,36.809,422,25461,0.0205023,0.05,1,9166497,9166075,422
654967341,55.3035,61.9704,477,25956,0.0969998,0.03,1,9166793,9166316,477
654976101,14.188,36.7632,434,26200,0.017488,0.01,1,9166931,9166497,434
654981941,53.9955,70.9619,477,26362,0.0735981,0.13,1,9167060,9166583,477
654999461,14.1851,36.7608,435,26840,0.0117312,0.01,1,9167353,9166918,435
655002381,2.60925,14.188,424,26919,0.0106925,0.07,1,9167355,9166931,424
655005301,75.1805,72.9094,427,26998,0.046277,0.09,1,9167434,9167007,427
655022821,36.6899,36.7015,423,27465,0.0340487,0.01,1,9167763,9167340,423
655031581,75.1805,75.1805,423,27696,0.0369791,0.05,1,9167857,9167434,423
655046181,81.1525,87.7973,423,28076,0.0935275,0.01,1,9168152,9167729,423
655049101,36.3576,36.6899,423,28151,0.055411,0.05,1,9168186,9167763,423
655063701,49.2554,50.5379,471,28525,0.0717706,0.07,1,9168381,9167910,471
655113341,55.9616,74.2282,483,29761,0.29584,0.17,1,9169185,9168702,483
655116261,51.2481,55.0114,480,29832,0.292336,0.21,1,9169236,9168756,480
655119181,4.4624,49.3006,433,29903,0.290934,0.21,1,9169238,9168805,433
655127941,82.3371,81.3,435,30115,0.44222,0.25,1,9169440,9169005,435
655533821,2.63372,14.6314,424,38668,0.251215,0.05,1,9175172,9174748,424
655548421,46.2662,46.3089,427,38940,0.408892,0.23,1,9175390,9174963,427
655793701,59.8926,50.6634,525,43256,0.938261,1,2,9178293,9177768,525
655805381,17.3678,22.4067,500,43452,0.934915,1,2,9178397,9177897,500
655811221,33.3409,32.2135,505,43550,0.935586,1,2,9178452,9177947,505
655968901,57.0821,61.6717,518,46090,0.938003,1,2,9180226,9179708,518
655992261,39.4113,27.4307,516,46456,0.934871,1,2,9180463,9179947,516
656672621,43.1628,67.6766,523,29146,0.949648,1,2,9188571,9188048,523
656687221,31.5243,47.5612,501,29507,0.945331,1,2,9188833,9188332,501
656859501,3.85739,3.85228,456,33476,0.942889,0.71,2,9191498,9191042,456
656999661,31.0974,31.0189,484,36383,0.947699,1,2,9193539,9193055,484
657288741,17.6299,27.4359,477,41741,0.220199,0.82,1,9197253,9196776,477
657425981,33.3345,39.7301,487,44053,0.917407,0.69,2,9198776,9198289,487
657428901,23.5167,32.3865,478,44101,0.912963,0.69,2,9198799,9198321,478
657601181,35.7588,45.3621,514,46838,0.914212,1,2,9200665,9200151,514
657627461,25.8334,30.7164,505,47243,0.441752,1,1,9200951,9200446,505
657630381,11.7417,24.3358,492,47288,0.434701,0.87,1,9200962,9200470,492
657753021,34.8025,28.0602,492,49123,0.927341,0.73,2,9202153,9201661,492
657779301,22.9248,21.4971,484,49510,0.902057,0.83,2,9202372,9201888,484
657782221,31.5462,21.9749,494,49553,0.918823,0.87,2,9202404,9201910,494
657785141,45.2773,31.4987,508,49596,0.937529,0.83,2,9202450,9201942,508
658043561,9.58201,3.69699,432,25544,0.0916539,0.09,1,9205625,9205193,432
658049401,79.254,7.89424,509,25710,0.0926646,0.15,1,9205716,9205207,509
658072761,82.1038,8.0791,509,26362,0.273683,0.11,1,9206142,9205633,509
658081521,88.0349,50.5481,519,26602,0.288956,0.21,1,9206345,9205826,519
658767721,9.27332,27.7958,427,18937,0.0871579,0,1,9216529,9216102,427
658840721,8.61304,8.61319,423,21562,0.0151181,0.03,1,9218226,9217803,423
658849481,131.46,130.512,423,21855,0.0895275,0.03,1,9218477,9218054,423
658855321,43.2686,44.2163,422,22049,0.0779244,0.01,1,9218583,9218161,422
658869921,124.824,131.46,423,22526,0.25851,0.03,1,9218900,9218477,423
659944481,78.4652,98.971,423,21256,0.0878355,0.07,1,9234722,9234299,423
659956161,75.2885,75.2909,423,21652,0.0548086,0.03,1,9235019,9234596,423
659959081,17.0644,17.0645,423,21750,0.0279234,0.07,1,9235033,9234610,423
659962001,35.0532,30.3032,428,21848,0.0291694,0.11,1,9235069,9234641,428
659967841,85.5401,83.7233,428,22042,0.0586671,0.25,1,9235234,9234806,428
661124161,89.7008,100.161,546,23443,0.903055,0.77,2,9252827,9252281,546
661232201,30.9418,46.5837,504,26581,0.780573,1,2,9254984,9254480,504
661439521,70.9817,70.4278,522,31743,0.946,1,2,9258565,9258043,522
661442441,17.7991,32.9714,506,31810,0.9064,1,2,9258580,9258074,506
661518361,3.61306,3.47283,426,33496,0.0317404,0.05,1,9259612,9259186,426
661559241,43.8216,36.2715,467,34370,0.0542563,0.11,1,9260189,9259722,467
661573841,40.5724,32.3997,463,34676,0.0256884,0.03,1,9260399,9259936,463
661591361,44.8191,40.4315,468,35041,0.0623727,0.07,1,9260613,9260145,468
661611801,36.2014,21.0286,459,35461,0.0289663,0.07,1,9260878,9260419,459
661620561,39.5768,67.6331,463,35640,0.0352138,0.09,1,9260991,9260528,463
661985561,95.2662,120.673,487,19203,0.09064,0.69,1,9265588,9265101,487
661991401,67.1182,120.097,475,19424,0.0685024,0.05,1,9265761,9265286,475
662668841,120.528,121.321,482,36890,0.428446,1,1,9277600,9277118,482
662700961,29.8049,27.2831,482,37515,0.412558,0.51,1,9277921,9277439,482
662703881,111.69,35.5642,562,37571,0.447023,0.35,1,9278037,9277475,562
662943321,22.5022,28.8925,501,41930,0.404456,1,1,9280966,9280465,501
662995881,17.6368,18.5542,426,42827,0.047464,0.05,1,9281495,9281069,426
662998801,10.3818,14.2277,422,42876,0.0249856,0.05,1,9281505,9281083,422
663001721,48.9691,47.2614,424,42925,0.0279942,0.01,1,9281556,9281132,424
663741941,502.721,520.819,501,24820,0.406,0.79,1,9289327,9288826,501
663759461,72.6018,86.8495,449,24820,0.09016,0.35,1,9289537,9289088,449
663790121,44.4801,56.5925,437,24820,0.054064,0.33,1,9289580,9289143,437
663798881,23.4991,30.7752,433,25075,0.0353801,0,1,9289706,9289273,433
663804721,55.4912,31.5219,463,25244,0.0356608,0.03,1,9289790,9289327,463
663816401,113.185,72.2505,495,25578,0.0851529,0.07,1,9290075,9289580,495
663819321,34.1593,72.0125,453,25661,0.0760612,0.03,1,9290105,9289652,453
663822241,22.608,33.0506,444,25744,0.0364245,0.03,1,9290127,9289683,444
663833921,50.351,55.0246,475,26072,0.0650125,0.07,1,9290320,9289845,475
663883561,50.3507,49.4011,424,27421,0.0561385,0.03,1,9291165,9290741,424
663889401,117.213,114.361,427,27575,0.0941822,0.05,1,9291350,9290923,427
663906921,56.6841,57.0143,422,28033,0.0791653,0.07,1,9291537,9291115,422
664023721,63.2249,63.2199,447,30911,0.766873,0.63,2,9293383,9292936,447
664026641,135.211,129.511,453,30979,0.792749,0.63,2,9293522,9293069,453
664423761,19.3323,42.6655,440,18118,0.273663,0.15,1,9299294,9298854,440
664470481,80.0841,177.464,518,19909,0.75006,0.55,2,9300555,9300037,518
664749341,32.0029,30.7784,504,28354,0.417244,1,1,9306401,9305897,504
664781461,22.7702,20.6001,454,29165,0.0694124,0.19,1,9306875,9306421,454
664793141,53.9072,34.0696,478,29454,0.207073,0.03,1,9307166,9306688,478
664909941,57.9482,37.01,515,32204,0.910804,0.73,2,9308943,9308428,515
665099741,34.0986,33.4103,455,36227,0.763184,0.63,2,9311730,9311275,455
665102661,29.2549,31.1205,453,36285,0.755274,0.61,2,9311759,9311306,453
665108501,40.0206,38.0303,457,36401,0.755644,0.61,2,9311821,9311364,457
665320201,16.2528,13.4165,434,18235,0.055927,0.03,1,9314753,9314319,434
665366921,71.278,57.468,497,20016,0.20552,0.11,1,9315988,9315491,497
665378601,90.0129,167.162,510,20436,0.251453,0.13,1,9316287,9315777,510
665550881,31.7548,98.7152,490,25850,0.0173752,0.73,1,9320019,9319529,490
665571321,83.2329,123.918,504,26418,0.0575858,0.03,1,9320412,9319908,504
665574241,32.6616,84.0959,452,26498,0.0290343,0.01,1,9320442,9319990,452
665583001,30.2307,52.7094,452,26737,0.0179382,0.01,1,9320572,9320120,452
665650161,85.3652,117.808,505,28503,0.0477742,0.01,1,9321680,9321175,505
667257621,36.6127,85.4848,503,35133,0.0131971,1,1,9344361,9343858,503
667351061,33.5786,33.5811,422,37009,0.0127379,0.07,1,9345489,9345067,422
667353981,35.8789,35.8791,422,37066,0.0230952,0.07,1,9345525,9345103,422
667359821,61.9347,61.9347,422,37180,0.0288952,0.03,1,9345592,9345170,422
667467861,63.8368,62.8846,424,39227,0.0437573,0.03,1,9346859,9346435,424
667470781,38.3418,39.2442,423,39281,0.0235029,0.03,1,9346896,9346473,423
667479541,45.752,41.9997,426,39443,0.0363042,0.11,1,9347006,9346580,426
667555461,46.6546,60.0406,467,40811,0.0423696,0.03,1,9347850,9347383,467
667961341,130.778,99.4072,519,21270,0.2428,0.73,1,9352302,9351783,519
667967181,60.4144,84.9885,475,21469,0.073648,0.27,1,9352446,9351971,475
668405181,25.7795,36.6203,465,33120,0.0716459,0.49,1,9360360,9359895,465
668425621,25.3991,25.4021,423,33564,0.0269782,0.05,1,9360579,9360156,423
668428541,67.77,66.8201,424,33627,0.0407913,0.01,1,9360649,9360225,424
668431461,30.9385,32.791,422,33690,0.0223165,0.01,1,9360678,9360256,422
668434381,83.2469,78.5895,427,33753,0.0269266,0.11,1,9360764,9360337,427
668711781,88.5995,87.6494,453,39258,0.759492,0.63,2,9364205,9363752,453
669295781,50.781,78.5719,433,22475,0.0999174,0.15,1,9370969,9370536,433
669365861,97.7018,97.6993,449,24640,0.776888,0.55,2,9372399,9371950,449
669795101,20.5061,31.1131,449,35073,0.415935,0.17,1,9379494,9379045,449
669856421,34.5006,32.5507,449,36317,0.790614,0.57,2,9380333,9379884,449
669873941,79.7459,76.8956,455,36665,0.906934,0.69,2,9380565,9380110,455
670904701,29.649,37.5675,455,32928,0.038008,0.19,1,9395662,9395207,455
670963101,3.64031,3.54532,424,34189,0.0307636,0.07,1,9396454,9396030,424
670966021,24.882,23.9273,425,34251,0.0423054,0.07,1,9396480,9396055,425
670992301,34.8062,31.1247,456,34803,0.0900211,0.03,1,9396873,9396417,456
670998141,25.832,3.64031,448,34925,0.0708034,0.05,1,9396902,9396454,448
671003981,78.6771,31.6441,506,35046,0.0941285,0.15,1,9397018,9396512,506
671392341,19.3703,24.4117,454,42314,0.0265948,0.65,1,9401891,9401437,454
671456581,44.3504,32.0951,467,43399,0.0818377,0.07,1,9402545,9402078,467
671474101,17.4705,24.5099,440,43690,0.0709624,0.07,1,9402734,9402294,440
671494541,28.3094,32.1423,458,44026,0.0816299,0.11,1,9402926,9402468,458
671500381,39.0208,44.3504,460,44122,0.0934608,0.05,1,9403005,9402545,460
671506221,37.005,37.0184,460,44218,0.0713537,0.03,1,9403079,9402619,460
671666821,41.7848,37.7011,481,46768,0.755078,0.41,2,9404635,9404154,481
671678501,41.8253,38.2639,490,46948,0.776434,0.57,2,9404795,9404305,490
671983641,35.5204,35.4275,452,24426,0.766363,0.61,2,9408336,9407884,452
671998241,77.7793,74.8438,453,24857,0.905438,0.71,2,9408638,9408185,453
672319441,51.1659,57.0276,447,32926,0.402652,0.39,1,9414188,9413741,447
672608521,49.9392,45.6026,427,38770,0.070631,0.09,1,9418192,9417765,427
672614361,25.1573,28.044,423,38878,0.032901,0.13,1,9418244,9417821,423
672626041,29.7108,34.3226,423,39094,0.0329543,0.03,1,9418361,9417938,423
672637721,97.2561,95.453,426,39310,0.0979476,0.09,1,9418553,9418127,426
672675681,98.211,97.2561,428,40003,0.241634,0.11,1,9418981,9418553,428
673137041,110.39,100.614,488,24244,0.928,1,2,9425622,9425134,488
673201281,37.6841,47.0214,486,26098,0.766548,0.63,2,9426789,9426303,486
673210041,38.0261,91.6239,491,26341,0.790899,0.69,2,9427028,9426537,491
673434881,28.0434,46.8261,477,31943,0.752933,0.61,2,9430935,9430458,477
673452401,104.652,77.9456,559,32339,0.76667,0.73,2,9431241,9430682,559
673589641,57.7062,38.8576,536,35281,0.211994,1,1,9433262,9432726,536
673595481,25.3193,33.2046,502,35401,0.0879191,1,1,9433317,9432815,502
673601321,15.7858,29.058,489,35521,0.0728671,0.91,1,9433363,9432874,489
673604241,11.2393,18.5529,482,35581,0.0711468,0.97,1,9433374,9432892,482
673738561,32.7018,26.0858,486,38218,0.756592,0.67,2,9435113,9434627,486
674083121,42.9376,35.807,522,44262,0.934,1,2,9439342,9438820,522
674086041,28.7469,35.0404,515,44310,0.9316,1,2,9439370,9438855,515
674157581,18.2944,22.1197,440,20954,0.0866113,0.03,1,9440375,9439935,440
674210141,75.487,101.8,510,22707,0.418308,0.33,1,9441535,9441025,510
674379501,34.1881,35.8598,465,27599,0.0626759,0.87,1,9444919,9444454,465
674382421,29.2594,31.243,463,27676,0.0550704,0.79,1,9444948,9444485,463
674417461,53.0686,35.4387,476,28580,0.0963827,0.03,1,9445486,9445010,476
674537181,87.3173,74.2501,538,31475,0.756301,0.59,2,9447398,9446860,538
674566381,91.2646,74.3469,549,32141,0.948827,0.79,2,9447859,9447310,549
674668581,56.6735,24.8931,548,34370,0.921988,1,2,9449387,9448839,548
675007301,18.8393,21.595,462,40890,0.0948683,0.39,1,9453740,9453278,462
675018981,66.1595,34.3785,496,41096,0.213197,0.13,1,9453925,9453429,496
675027741,29.8763,26.6328,454,41249,0.206365,0.01,1,9454018,9453564,454
675156221,32.7599,28.1439,486,43444,0.790588,0.69,2,9455408,9454922,486
675182501,67.9954,29.8608,527,43878,0.906274,0.73,2,9455703,9455176,527
675340181,34.9518,23.6789,519,46405,0.755962,1,2,9457426,9456907,519
675421941,24.2435,23.3866,440,47659,0.418373,0.39,1,9458226,9457786,440
675424861,31.6122,30.6193,441,47703,0.425349,0.37,1,9458258,9457817,441
675489101,34.5118,31.6071,453,48666,0.766696,0.65,2,9458883,9458430,453
675776721,13.7467,25.2261,427,24785,0.0665507,0.03,1,9461891,9461464,427
675832201,45.4069,71.1421,467,26362,0.210561,0.07,1,9462912,9462445,467
675838041,53.3135,77.1754,479,26522,0.23889,0.11,1,9463044,9462565,479
676095001,4.76726,63.7356,468,32808,0.0836487,0.79,1,9467299,9466831,468
676427881,95.5937,95.7181,488,39480,0.231457,1,1,9471731,9471243,488
676436641,43.5386,59.6007,470,39639,0.0731333,0.9,1,9471837,9471367,470
676439561,28.7769,34.33,465,39692,0.0352533,0.85,1,9471865,9471400,465
676454161,21.4512,26.2134,450,39957,0.0328954,0.51,1,9471985,9471535,450
676465841,85.844,29.5212,527,40169,0.0735621,0.11,1,9472159,9471632,527
676975381,21.245,22.6378,433,22380,0.0265043,0,1,9478002,9477569,433
676978301,38.1122,29.6319,442,22475,0.0286017,0,1,9478041,9477599,442
676984141,125.97,78.2591,515,22663,0.0849763,0.11,1,9478240,9477725,515
676992901,61.9106,42.9759,486,22943,0.0666385,0.03,1,9478404,9477918,486
676998741,40.0073,21.2449,462,23127,0.0190622,0.03,1,9478464,9478002,462
677001661,66.6004,38.1122,491,23219,0.0256249,0.01,1,9478532,9478041,491
677004581,129.68,68.4056,554,23310,0.0522499,0.13,1,9478665,9478111,554
677022101,66.6,40.0073,489,23851,0.0310857,0.03,1,9478953,9478464,489
677095101,131.143,62.5557,561,25982,0.214708,0.07,1,9480359,9479798,561
677819261,23.7107,21.9588,503,41529,0.0851691,1,1,9490872,9490369,503
677865981,21.2299,20.2468,424,42335,0.0614108,0.07,1,9491341,9490917,424
677877661,30.857,29.9499,424,42535,0.0827401,0.05,1,9491534,9491110,424
678044101,69.8336,67.0782,447,45275,0.765503,0.51,2,9493242,9492795,447
678349241,30.7188,33.3747,429,23003,0.0650806,0.03,1,9496677,9496248,429
678360921,89.6066,57.0806,485,23369,0.0945461,0.03,1,9496938,9496453,485
678614961,106.454,105.869,495,30251,0.9028,1,2,9501622,9501127,495
678635401,78.7822,74.9415,495,30737,0.233648,1,1,9501891,9501396,495
678647081,35.2001,40.4727,459,31012,0.0436614,0.71,1,9502118,9501659,459
678650001,27.41,28.6236,458,31080,0.0354646,0.63,1,9502145,9501687,458
678652921,24.1705,28.0312,454,31148,0.0321858,0.49,1,9502169,9501715,454
678664601,73.5494,35.2247,511,31419,0.086312,0.13,1,9502321,9501810,511
678702561,93.8078,51.2939,521,32283,0.211496,0.03,1,9502930,9502409,521
678831041,99.5465,52.9774,552,35050,0.935226,0.69,2,9504706,9504154,552
679000401,22.1509,33.2586,502,38390,0.784756,1,2,9506989,9506487,502
679254441,19.445,22.6304,461,42910,0.0197554,0.75,1,9510097,9509636,461
679266121,21.0671,26.6843,468,43106,0.0850337,0.43,1,9510195,9509727,468
679490961,34.046,32.8778,476,46724,0.754916,0.43,2,9512448,9511972,476
679820921,21.5604,22.508,451,51570,0.751874,0.65,2,9515736,9515285,451
679826761,29.4564,27.4638,455,51652,0.7695,0.63,2,9515785,9515330,455
679867641,33.158,36.1582,490,52221,0.942556,0.73,2,9516173,9515683,490
680083721,25.6426,30.4163,465,26206,0.0738233,0.69,1,9518443,9517978,465
680118761,22.4916,22.5396,423,27160,0.0392925,0.01,1,9519007,9518584,423
680127521,55.9103,53.0556,428,27394,0.0545947,0.03,1,9519196,9518768,428
680180081,58.7603,53.2556,488,28753,0.429384,0.25,1,9520050,9519562,488
680404921,25.1557,32.1357,476,33955,0.0746615,0.91,1,9523584,9523108,476
680583041,44.0114,43.186,476,37563,0.436811,0.29,1,9525837,9525361,476
680863361,27.4189,37.7985,473,42622,0.0748602,0.94,1,9529291,9528818,473
680872121,22.1836,28.9488,456,42770,0.0602311,0.57,1,9529358,9528902,456
680907161,19.2903,27.4189,442,43358,0.0254702,0.09,1,9529733,9529291,442
680918841,33.8277,29.6092,456,43553,0.075292,0.05,1,9529844,9529388,456
680959721,36.6305,30.5544,460,44225,0.0914138,0.09,1,9530270,9529810,460
680965561,25.2666,11.1914,452,44321,0.0734262,0.11,1,9530306,9529854,452
680968481,29.7633,25.2596,456,44369,0.0833705,0.13,1,9530336,9529880,456
681143681,35.6055,27.1597,488,47134,0.912825,0.67,2,9532101,9531613,488
681383121,23.5806,21.6378,453,50670,0.761655,0.65,2,9534475,9534022,453
681386041,54.379,53.3319,454,50712,0.778662,0.65,2,9534531,9534077,454
681705781,19.4217,29.5485,428,26125,0.0306335,0.03,1,9537766,9537338,428
681714541,51.8606,83.0313,471,26368,0.0348405,0.03,1,9537979,9537508,471
681819661,59.861,98.0752,482,29119,0.239594,0.05,1,9539682,9539200,482
682342341,24.052,31.9619,478,40067,0.0227191,1,1,9547175,9546697,478
682351101,41.6391,64.604,499,40226,0.034814,0.77,1,9547302,9546803,499
682383221,29.705,24.052,453,40798,0.0181257,0.01,1,9547628,9547175,453
682386141,53.7352,30.6526,477,40850,0.0492503,0.01,1,9547683,9547206,477
682841661,104.751,95.0014,482,21997,0.219637,0.57,1,9552634,9552152,482
682853341,59.9865,52.8705,461,22380,0.0715267,0.01,1,9552872,9552411,461
682859181,38.4825,24.1672,439,22569,0.0246443,0.09,1,9552957,9552518,439
682862101,98.8241,31.6084,509,22663,0.0398577,0.07,1,9553059,9552550,509
684624321,77.2095,31.521,487,25633,0.0162803,0.15,1,9575149,9574662,487
684647681,119.176,63.3209,500,26287,0.0407711,0,1,9575571,9575071,500
684971801,23.5653,25.7029,492,34079,0.0229342,1,1,9580756,9580264,492
684992241,58.3644,39.0072,502,34511,0.0381784,0.19,1,9581006,9580504,502
685006841,28.6831,23.5653,450,34816,0.0174309,0,1,9581206,9580756,450
685009761,35.6342,25.8783,460,34877,0.0729724,0.05,1,9581242,9580782,460
685038961,30.5852,22.6621,453,35479,0.019989,0.01,1,9581630,9581177,453
685041881,37.6293,28.6831,462,35539,0.0259956,0.11,1,9581668,9581206,462
685071081,22.7072,22.705,424,36129,0.0116659,0.01,1,9582023,9581599,424
685088601,32.518,29.6655,428,36477,0.0461297,0.13,1,9582192,9581764,428
685094441,59.3613,59.3542,428,36593,0.0949808,0.03,1,9582281,9581853,428
685103201,55.0837,55.143,422,36767,0.0898388,0,1,9582424,9582002,422
685106121,22.7042,22.7072,422,36824,0.0539355,0.03,1,9582445,9582023,422
685114881,15.1791,15.1791,422,36995,0.0363319,0.01,1,9582527,9582105,422
685120721,4.36045,4.36045,422,37109,0.0142131,0.07,1,9582580,9582158,422
685123641,35.368,32.518,425,37166,0.0356852,0.07,1,9582617,9582192,425
685132401,54.3634,59.2841,481,37337,0.0418839,0.21,1,9582762,9582281,481
685135321,35.0182,50.4642,465,37394,0.0347535,0.19,1,9582796,9582331,465
685167441,52.511,61.2684,476,38011,0.0818703,0.03,1,9583184,9582708,476
685182041,37.626,29.6183,460,38287,0.0502111,0.01,1,9583356,9582896,460
685731001,511.748,555.559,484,21900,0.403413,0.86,1,9589570,9589086,484
685736841,69.5369,83.5639,476,22093,0.233746,0.49,1,9589715,9589239,476
685751441,36.6141,28.9353,442,22569,0.217597,0.05,1,9589980,9589538,442
685754361,93.9807,31.8468,507,22663,0.237039,0.23,1,9590077,9589570,507
685774801,97.8806,36.6141,533,23310,0.402247,0.25,1,9590513,9589980,533
686154401,32.2649,34.7143,473,33086,0.0493644,0.91,1,9597211,9596738,473
686209881,23.4792,1.49632,448,34280,0.0414605,0.15,1,9597926,9597478,448
686218641,34.8798,33.6848,456,34465,0.0456135,0.05,1,9598057,9597601,456
686224481,78.1297,41.5517,504,34587,0.0828981,0.03,1,9598180,9597676,504
686230321,32.4003,21.1464,454,34709,0.0552637,0.05,1,9598231,9597777,454
686244921,63.8715,23.4792,487,35013,0.0629371,0.01,1,9598413,9597926,487
687100481,513.42,539.447,505,21900,0.406,1,1,9608793,9608288,505
687141361,112.121,147.622,469,21900,0.2164,0.99,1,9608884,9608415,469
687155961,30.9736,64.2453,436,23095,0.0433519,0.05,1,9609186,9608750,436
687167641,68.0194,79.5519,488,23460,0.0716218,0.07,1,9609452,9608964,488
687182241,54.8898,32.8987,480,23908,0.0570566,0.01,1,9609699,9609219,480
687240641,70.1866,66.7689,500,25623,0.294049,0.21,1,9610807,9610307,500
687261081,72.7809,106.62,505,26196,0.442422,0.25,1,9611170,9610665,505
687780841,29.9532,51.0709,499,37947,0.0394922,0.81,1,9619295,9618796,499
687789601,29.0975,39.087,474,38115,0.0238875,0.43,1,9619423,9618949,474
687848001,27.4775,29.2898,422,39207,0.0238029,0,1,9620060,9619638,422
687871361,31.0427,30.0927,424,39636,0.0246872,0.11,1,9620332,9619908,424
687874281,32.9021,31.9046,425,39689,0.0398749,0.07,1,9620365,9619940,425
687891801,28.2837,27.3337,423,40007,0.0340033,0.01,1,9620563,9620140,423
687894721,3.31418,3.26668,423,40060,0.0316013,0.01,1,9620565,9620142,423
687903481,30.037,30.8279,451,40219,0.0541025,0.03,1,9620691,9620240,451
687909321,31.9476,31.8546,453,40323,0.0626564,0.03,1,9620754,9620301,453
687932681,3.3138,28.2837,423,40739,0.0525316,0.03,1,9620986,9620563,423
687941441,30.1795,30.7408,454,40895,0.054002,0.07,1,9621115,9620661,454
687944361,30.009,30.037,454,40947,0.0396008,0.05,1,9621145,9620691,454
687953121,32.0971,35.7974,454,41101,0.0426144,0.05,1,9621244,9620790,454
687976481,33.6856,63.8157,455,41509,0.0669815,0,1,9621508,9621053,455
687979401,3.58428,33.5908,425,41560,0.0567926,0.07,1,9621510,9621085,425
687999841,37.5126,35.5152,428,41915,0.0851917,0.15,1,9621734,9621306,428
688172121,52.5414,50.6391,453,44787,0.910723,0.65,2,9623566,9623113,453
688851021,72.2586,72.2346,460,27076,0.913884,0.77,2,9631430,9630970,460
688853941,76.7629,76.7617,460,27154,0.923554,0.83,2,9631507,9631047,460
689116741,32.4804,41.6546,458,33446,0.081789,0.61,1,9635882,9635424,458
689122581,21.5512,32.1666,444,33572,0.0766862,0.35,1,9635935,9635491,444
689125501,19.1276,26.3083,437,33635,0.0726745,0.19,1,9635954,9635517,437
689178061,25.4639,34.1353,449,34749,0.081297,0.13,1,9636700,9636251,449
689218941,20.6943,32.9337,447,35592,0.0752528,0.13,1,9637212,9636765,447
689303621,68.3339,37.1691,498,37275,0.402986,0.25,1,9638247,9637749,498
689709501,21.4656,29.822,498,44461,0.0767595,1,1,9643187,9642689,498
689712421,7.72328,28.0911,477,44508,0.0487038,1,1,9643194,9642717,477
689715341,34.5862,34.6546,478,44555,0.0974815,0.93,1,9643230,9642752,478
689718261,18.8293,24.5327,472,44602,0.0689926,0.84,1,9643248,9642776,472
690182541,52.9565,49.94,479,23360,0.91768,1,2,9648034,9647555,479
690205901,84.9463,55.3164,516,24076,0.920149,0.89,2,9648500,9647984,516
690334381,8.67954,7.54916,450,27683,0.752448,0.63,2,9650976,9650526,450
690337301,84.984,83.9775,451,27760,0.774979,0.63,2,9651065,9650614,451
690351901,91.0118,86.3089,458,28139,0.927568,0.73,2,9651299,9650841,458
690711061,35.6206,42.6133,457,36232,0.0548189,0.67,1,9656947,9656490,457
690716901,24.5516,32.3115,446,36348,0.048371,0.45,1,9657006,9656560,446
690772381,59.4485,32.8192,482,37438,0.242572,0.09,1,9657691,9657209,482
690789901,23.9826,22.6967,453,37774,0.218155,0.21,1,9657881,9657428,453
690795741,32.7875,28.7467,462,37886,0.223305,0.09,1,9657943,9657481,462
690798661,57.6894,33.7373,487,37942,0.227322,0.17,1,9658002,9657515,487
690824941,24.0823,23.6517,456,38440,0.200172,0.23,1,9658313,9657857,456
690827861,27.8041,23.9826,460,38495,0.206069,0.21,1,9658341,9657881,460
690830781,31.7902,28.7491,463,38550,0.220428,0.23,1,9658373,9657910,463
690833701,57.6395,32.7875,489,38605,0.238171,0.23,1,9658432,9657943,489
691172421,3.36226,32.1691,467,44503,0.0380847,0.93,1,9662367,9661900,467
691648381,82.8584,70.89,509,23451,0.2668,1,1,9667180,9666671,509
691657141,53.2389,64.7157,483,23721,0.0753952,0.61,1,9667362,9666879,483
691750581,56.4157,66.162,503,26429,0.761604,0.55,2,9669112,9668609,503
692544821,29.8087,35.9835,492,43005,0.0816634,1,1,9680595,9680103,492
692562341,44.4805,38.7474,506,43299,0.082282,0.71,1,9680773,9680267,506
692982821,4.48883,6.57785,471,23278,0.0368152,0.92,1,9685313,9684842,471
692988661,84.8462,108.411,545,23460,0.0502904,0.73,1,9685503,9684958,545
695111501,33.4793,30.6454,496,42285,0.0491652,1,1,9716037,9715541,496
695114421,22.574,28.1323,490,42335,0.0256661,1,1,9716059,9715569,490
695117341,52.4287,49.8566,493,42385,0.0402664,1,1,9716113,9715620,493
695120261,28.2714,31.9428,489,42435,0.0341066,1,1,9716140,9715651,489
695126101,19.8782,25.4449,467,42535,0.0234571,0.79,1,9716177,9715710,467
695190341,44.0479,30.6599,469,43613,0.0239853,0.03,1,9716854,9716385,469
695204941,18.4156,27.2237,439,43853,0.0218936,0.03,1,9717000,9716561,439
695213701,26.2318,48.5888,450,43997,0.0938012,0.05,1,9717100,9716650,450
695237061,17.8729,33.5524,440,44381,0.0465019,0.05,1,9717327,9716887,440
695388901,26.3265,51.5306,460,46786,0.415057,0.31,1,9718807,9718347,460
695675061,497.354,530.089,496,23360,0.442,0.9,1,9722078,9721582,496
695717401,44.7059,52.7677,461,23360,0.09592,0.83,1,9722214,9721753,461
695732001,34.0165,32.4938,441,23810,0.0610494,0.07,1,9722477,9722036,441
695734921,25.4508,30.1247,436,23899,0.0304198,0.07,1,9722502,9722066,436
695737841,61.1225,49.0062,449,23988,0.0421679,0.03,1,9722565,9722116,449
695796241,61.7751,91.5414,488,25697,0.249513,0.21,1,9723689,9723201,488
695799161,38.2388,60.6271,466,25779,0.237805,0.19,1,9723726,9723260,466
695802081,30.4119,37.2314,460,25861,0.233122,0.21,1,9723756,9723296,460
695816681,93.6585,48.0309,531,26268,0.429251,0.25,1,9724062,9723531,531
696032761,94.4336,51.4376,550,31680,0.448404,0.59,1,9727772,9727222,550
696292641,34.186,27.4581,512,37153,0.266666,1,1,9731489,9730977,512
696359801,32.5181,22.5949,455,38440,0.0591934,0.03,1,9732310,9731855,455
696456161,42.6769,37.174,465,40215,0.0745302,0.09,1,9733392,9732927,465
696470761,22.3262,28.528,443,40476,0.0718896,0.01,1,9733543,9733100,443
696482441,41.415,30.2508,465,40684,0.0918404,0.09,1,9733688,9733223,465
696520401,44.2625,30.3007,467,41353,0.215153,0.13,1,9734113,9733646,467
696850361,490.111,541.883,482,20440,0.43,1,1,9737719,9737237,482
696867881,16.6893,80.8448,427,21764,0.0852986,0.13,1,9738126,9737699,427
696891241,14.1891,15.0845,426,22532,0.0396878,0.17,1,9738567,9738141,426
696897081,59.078,100.738,480,22720,0.0843501,0.05,1,9738727,9738247,480
696929201,18.8765,89.6399,442,23726,0.0198573,0.13,1,9739403,9738961,442
697046001,95.3,97.1954,463,27068,0.900282,0.83,2,9741581,9741118,463
697180321,61.1607,70.1822,462,30457,0.0470795,0.77,1,9743922,9743460,462
697755561,35.8179,42.694,462,41964,0.0231375,0.65,1,9751730,9751268,462
698189181,82.1743,70.8105,516,22093,0.226,0.99,1,9756390,9755874,516
698489941,58.9513,61.512,488,30419,0.059751,1,1,9762076,9761588,488
698495781,38.9074,32.5963,488,30558,0.0347602,1,1,9762170,9761682,488
698708941,46.7185,57.4629,495,35253,0.75569,0.57,2,9765134,9764639,495
698711861,43.1859,46.5731,492,35313,0.752276,0.59,2,9765177,9764685,492
698884141,53.5102,65.1678,500,38685,0.922,1,2,9767459,9766959,500
698889981,34.1913,40.9654,491,38795,0.78712,1,2,9767530,9767039,491
698913341,31.1801,30.9152,488,39227,0.05067,1,1,9767838,9767350,488
698916261,26.259,29.0958,485,39281,0.026268,1,1,9767864,9767379,485
699287101,39.3983,41.1913,504,45599,0.921232,1,2,9772047,9771543,504
699298781,26.5381,24.3686,496,45783,0.7876,1,2,9772160,9771664,496
699406821,16.3251,15.7578,450,47459,0.758402,0.55,2,9773251,9772801,450
699441861,34.1845,34.2294,455,47987,0.938118,0.71,2,9773622,9773167,455
699456461,41.619,38.8163,461,48207,0.948342,0.85,2,9773752,9773291,461
700179161,37.3962,36.0823,454,27010,0.0549088,0.29,1,9780981,9780527,454
700203981,22.8935,19.2802,435,27088,0.0339854,0.19,1,9781100,9780665,435
700209821,29.7447,34.1532,437,27244,0.0570377,0.13,1,9781155,9780718,437
700227341,67.8968,61.3122,461,27708,0.0844314,0.03,1,9781503,9781042,461
700487221,93.1762,84.1227,497,33835,0.90808,1,2,9785613,9785116,497
700545621,25.058,17.8775,435,16011,0.0451725,0.17,1,9786615,9786180,435
700568981,124.009,123.076,549,17042,0.202658,0.09,1,9787380,9786831,549
700583581,125.208,124.18,556,17657,0.274552,0.23,1,9787812,9787256,556
701163201,40.9504,32.7083,452,15314,0.0710532,0.11,1,9799254,9798802,452
701223061,43.6069,35.1235,494,18004,0.77616,0.63,2,9801007,9800513,494
701383661,111.217,170.431,565,23623,0.914473,0.75,2,9805016,9804451,565
701561781,37.9538,66.4088,512,28580,0.76888,1,2,9808438,9807926,512
701593901,30.3412,39.8977,481,29385,0.213408,0.59,1,9808959,9808478,481
701611421,63.1434,68.8364,489,29815,0.402847,0.09,1,9809288,9808799,489
701699021,70.9928,68.9075,527,31877,0.936681,0.83,2,9810645,9810118,527
701821661,41.9874,39.0771,526,34554,0.9018,1,2,9812456,9811930,526
702011461,30.2303,32.2452,500,38328,0.2899,0.82,1,9815132,9814632,500
702023141,22.9844,29.4875,476,38548,0.254477,0.69,1,9815244,9814768,476
702148701,59.8592,40.079,505,40838,0.762495,0.51,2,9816708,9816203,505
702539981,26.3765,34.4396,473,47260,0.751091,0.49,2,9821157,9820684,473
702859721,10.8571,19.3543,425,23810,0.0176752,0.03,1,9824603,9824178,425
702865561,51.2321,79.8959,449,23988,0.047228,0.01,1,9824731,9824282,449
702877241,29.8111,29.9363,422,24339,0.031017,0.01,1,9824988,9824566,422
702880161,27.1406,27.1468,422,24426,0.0304068,0.01,1,9825015,9824593,422
702891841,75.0421,76.6616,426,24771,0.0513224,0.07,1,9825235,9824809,426
702900601,29.5758,29.8111,422,25027,0.0265646,0.03,1,9825410,9824988,422
702906441,12.7564,12.757,422,25196,0.0174503,0.01,1,9825449,9825027,422
702909361,72.8378,72.8378,422,25280,0.0249801,0.03,1,9825525,9825103,422
702982361,76.6846,76.6853,423,27297,0.0618724,0.09,1,9826795,9826372,423
703096241,81.8061,79.9086,446,30173,0.754942,0.53,2,9828673,9828227,446
703119601,82.4211,80.4258,453,30729,0.926986,0.71,2,9828985,9828532,453
703545921,35.3927,32.4881,448,39526,0.767734,0.61,2,9835109,9834661,448
703830621,3.24465,30.7855,424,21066,0.225876,0.11,1,9838874,9838450,424
703833541,105.612,104.139,427,21167,0.22835,0.15,1,9838985,9838558,427
704037941,113.134,115.367,456,27299,0.789534,0.61,2,9843217,9842761,456
704432141,30.2345,35.0968,452,36290,0.21232,0.51,1,9849441,9848989,452
704543101,42.0182,41.4096,490,38440,0.753928,0.59,2,9850845,9850355,490
704788381,29.4112,28.9871,471,42809,0.208547,0.89,1,9853853,9853382,471
704864301,41.4246,48.5825,473,44072,0.436593,0.25,1,9854650,9854177,473
705198641,105.804,97.2114,489,24293,0.750678,1,2,9859128,9858639,489
705496481,14.8343,32.6307,477,31980,0.0508419,0.91,1,9864456,9863979,477
705502321,47.0621,34.1391,503,32112,0.0573347,0.53,1,9864534,9864031,503
705554881,32.6779,30.7783,426,33278,0.0415978,0.09,1,9865291,9864865,426
705572401,43.6631,44.376,426,33657,0.0703176,0.09,1,9865466,9865040,426
705595761,48.8676,46.9673,426,34156,0.26379,0.13,1,9865807,9865381,426
705709641,62.9089,61.9588,455,36491,0.789769,0.71,2,9867290,9866835,455
705712561,20.2454,20.1979,455,36549,0.777907,0.71,2,9867308,9866853,455
705715481,96.0123,93.1599,458,36607,0.785163,0.71,2,9867408,9866950,458
705949081,25.6469,38.0359,452,40967,0.215061,0.15,1,9870340,9869888,452
705954921,27.6616,42.0851,453,41070,0.26601,0.13,1,9870408,9869955,453
705960761,17.6442,27.0852,445,41172,0.252562,0.13,1,9870455,9870010,445
705975361,59.5136,28.4633,490,41427,0.43834,0.21,1,9870638,9870148,490
706457161,69.2217,34.4269,539,49116,0.929605,0.97,2,9875865,9875326,539
706468841,29.5311,22.3722,516,49288,0.767942,1,2,9875986,9875470,516
706486361,32.0537,26.7223,517,49546,0.782694,1,2,9876156,9875639,517
706870341,4.44596,12.4251,427,13620,0.0704258,0.07,1,9882597,9882170,427
706879101,14.3546,191.47,428,14234,0.200859,0.07,1,9883018,9882590,428
706933121,216.652,191.948,483,17093,0.936428,0.87,2,9884806,9884323,483
707022181,42.4396,142.057,482,20595,0.0821933,0.43,1,9887187,9886705,482
707109781,45.1009,173.366,497,23488,0.911463,0.77,2,9889170,9888673,497
707220741,24.7501,65.9687,482,26704,0.0347355,0.65,1,9891320,9890838,482
707247021,24.705,24.7501,423,27409,0.0308154,0.07,1,9891743,9891320,423
707252861,39.7243,40.4844,426,27563,0.0661305,0.05,1,9891932,9891506,426
707273301,26.5142,24.705,424,28097,0.0298795,0.03,1,9892167,9891743,424
707279141,44.3838,39.7243,427,28247,0.0299807,0.11,1,9892359,9891932,427
707296661,55.046,79.6648,475,28694,0.0918431,0.01,1,9892563,9892088,475
707299581,27.4523,55.2832,447,28768,0.0547372,0.03,1,9892589,9892142,447
707641221,115.579,132.004,449,36371,0.0595887,0.49,1,9897727,9897278,449
707644141,31.4289,36.0502,445,36429,0.0298355,0.39,1,9897754,9897309,445
707915701,39.9069,37.1861,494,41474,0.933867,0.69,2,9900915,9900421,494
708125941,20.2064,25.8392,465,44990,0.754889,0.92,2,9903334,9902869,465
708201861,27.1743,32.385,487,46194,0.909455,0.81,2,9904145,9903658,487
708470501,26.4807,27.3402,423,24522,0.0242953,0.03,1,9907576,9907153,423
708476341,4.8162,4.81835,423,24694,0.0122873,0.07,1,9907638,9907215,423
708479261,97.1408,97.1409,423,24780,0.0349149,0.03,1,9907740,9907317,423
708482181,61.857,62.807,422,24866,0.031966,0,1,9907800,9907378,422
708488021,65.3721,66.277,422,25036,0.0543146,0.01,1,9907938,9907516,422
708490941,35.5686,35.6139,422,25121,0.0277258,0.03,1,9907972,9907550,422
708502621,97.1386,97.1408,422,25457,0.0695898,0.05,1,9908162,9907740,422
708581461,66.6193,71.272,422,27615,0.0327071,0,1,9909560,9909138,422
708584381,5.23097,5.4636,422,27692,0.0130828,0.03,1,9909562,9909140,422
708587301,60.1115,60.1232,422,27768,0.0232331,0.01,1,9909625,9909203,422
708634021,62.8835,60.3842,491,28963,0.20212,0.19,1,9910408,9909917,491
708639861,57.2522,5.13846,486,29109,0.201539,0.11,1,9910470,9909984,486
708744981,64.2789,122.779,506,31620,0.754323,0.55,2,9912103,9911597,506
709305621,53.27,77.7436,490,19424,0.03112,0.19,1,9919811,9919321,490
709311461,21.2232,28.5519,432,19642,0.0229792,0,1,9919875,9919443,432
709320221,95.4943,102.782,518,19964,0.0588307,0.05,1,9920182,9919664,518
709340661,54.3669,95.4943,478,20697,0.0563574,0.17,1,9920660,9920182,478
709364021,46.4676,46.4183,425,21503,0.0489248,0.07,1,9921131,9920706,425
709372781,6.55606,6.69855,422,21798,0.0436912,0.03,1,9921248,9920826,422
709378621,101.001,100.052,423,21992,0.0441906,0.01,1,9921455,9921032,423
709393221,6.31915,6.55606,422,22470,0.0396685,0.03,1,9921670,9921248,422
709401981,55.3525,96.2026,474,22752,0.0594188,0.05,1,9921929,9921455,474
709419501,101.95,101.016,523,23305,0.0715579,0.05,1,9922299,9921776,523
709466221,6.92628,7.0759,423,24721,0.0571686,0.11,1,9923147,9922724,423
709469141,57.3463,53.5538,427,24807,0.0648674,0.15,1,9923207,9922780,427
709559661,104.849,104.706,458,27331,0.755897,0.73,2,9924904,9924446,458
709720261,23.7694,31.3529,442,31306,0.273447,0.33,1,9927550,9927108,442
709734861,51.0041,35.8399,484,31642,0.407046,0.33,1,9927815,9927331,484
709948021,110.506,116.201,485,36196,0.903165,1,2,9930945,9930460,485
709988901,17.3877,22.1263,459,37004,0.757217,0.79,2,9931446,9930987,459
710012261,31.1691,37.9943,484,37459,0.776244,0.67,2,9931720,9931236,484
710240021,24.8524,27.7134,445,41626,0.403263,0.39,1,9934536,9934091,445
710345141,37.5843,27.787,494,43415,0.901774,0.77,2,9935748,9935254,494
710599181,21.072,23.4056,422,47456,0.020136,0.05,1,9938462,9938040,422
710602101,28.6036,23.9703,427,47500,0.0260544,0.03,1,9938491,9938064,427
710654661,22.7765,22.7765,422,48292,0.0246168,0.03,1,9938973,9938551,422
710657581,30.5888,30.5888,422,48336,0.0278467,0.03,1,9939004,9938582,422
710672181,35.3079,34.3104,424,48554,0.0606212,0.09,1,9939145,9938721,424
710675101,24.5654,26.4155,422,48597,0.0542485,0.07,1,9939169,9938747,422
710686781,26.1184,29.0087,422,48769,0.205149,0.03,1,9939282,9938860,422
710853221,30.733,31.9157,422,51172,0.274905,0.05,1,9940723,9940301,422
710873661,39.2968,40.2489,422,51459,0.28362,0.09,1,9940927,9940505,422
711270781,497.909,508.076,495,26280,0.766,1,2,9944463,9943968,495
711445981,47.4748,34.5257,491,30044,0.76504,1,2,9947608,9947117,491
711469341,25.7425,27.9042,469,30602,0.0132564,0.85,1,9947972,9947503,469
711498541,23.9285,25.7425,422,31287,0.00934047,0.01,1,9948394,9947972,422
711504381,34.0698,51.3644,457,31422,0.0938945,0.01,1,9948483,9948026,457
711513141,24.4715,33.3894,446,31623,0.0916893,0.09,1,9948601,9948155,446
711565701,3.39225,29.6998,429,32807,0.0620376,0.17,1,9949336,9948907,429
711638701,22.62,32.4548,448,34382,0.0880778,0.15,1,9950308,9949860,448
711676661,49.459,36.281,479,35172,0.245962,0.21,1,9950824,9950345,479
712021221,49.8744,71.9751,488,41664,0.9052,1,2,9955172,9954684,488
712047501,13.0571,25.5894,483,42117,0.0760786,1,1,9955480,9954997,483
712234381,3.49665,3.49428,424,45212,0.0700733,0.05,1,9957361,9956937,424
712272341,51.5575,49.6601,424,45814,0.0815838,0.07,1,9957752,9957328,424
712275261,31.0779,31.933,423,45860,0.0626335,0.07,1,9957782,9957359,423
712295701,32.4225,40.4505,453,46182,0.0650528,0.03,1,9957975,9957522,453
712503021,33.3677,56.5524,491,49317,0.924069,0.77,2,9960002,9959511,491
712841741,32.8553,35.9098,467,28364,0.0402879,0.93,1,9965061,9964594,467
712853421,50.9904,48.5737,488,28661,0.0718314,0.13,1,9965261,9964773,488
712862181,34.9545,34.1728,456,28882,0.0518772,0.13,1,9965384,9964928,456
712870941,31.9909,32.8553,453,29101,0.0242001,0.05,1,9965514,9965061,453
712876781,32.8075,85.1546,453,29247,0.050672,0.05,1,9965633,9965180,453
712894301,28.9745,66.3477,451,29678,0.0327573,0.05,1,9965903,9965452,451
713440341,29.3269,92.5374,483,40892,0.760925,0.73,2,9973195,9972712,483
713443261,23.3163,29.3269,480,40944,0.75437,0.73,2,9973218,9972738,480
713449101,33.2608,54.3183,493,41047,0.767499,0.83,2,9973309,9972816,493
713662261,31.7166,32.8526,475,44644,0.0623637,0.95,1,9975748,9975273,475
713668101,22.4993,30.1971,465,44738,0.0543782,0.78,1,9975802,9975337,465
713796581,32.0686,33.372,475,46767,0.447482,0.41,1,9977075,9976600,475
713802421,25.9677,23.5484,469,46857,0.444797,0.45,1,9977126,9976657,469
714387881,42.5505,88.056,497,28673,0.902566,0.73,2,9984579,9984082,497
714414161,44.4482,91.0105,507,29331,0.933411,0.91,2,9985046,9984539,507
714533881,24.2296,54.754,502,32155,0.0409207,0.99,1,9986977,9986475,502
714566001,20.1942,24.2296,422,32872,0.0119176,0.01,1,9987399,9986977,422
714589361,34.6581,34.6583,422,33383,0.0336074,0.03,1,9987737,9987315,422
714598121,19.2466,20.1942,422,33572,0.0182309,0,1,9987821,9987399,422
714601041,28.5123,28.5597,422,33635,0.0252924,0.01,1,9987850,9987428,422
714603961,58.4256,57.478,423,33698,0.0281169,0.01,1,9987910,9987487,423
714609801,57.2886,57.3337,422,33824,0.0176987,0,1,9988011,9987589,422
714612721,36.1144,36.1167,422,33887,0.00707948,0.01,1,9988046,9987624,422
714615641,51.2057,50.2558,423,33949,0.00883179,0.01,1,9988098,9987675,423
714703241,56.2206,58.4232,424,35769,0.0363568,0.05,1,9989177,9988753,424
714712001,33.2665,34.2168,423,35946,0.0277668,0.07,1,9989311,9988888,423
714714921,54.8633,53.0108,425,36005,0.0291067,0.09,1,9989367,9988942,425
714735361,3.40874,3.41113,422,36414,0.0233957,0.05,1,9989540,9989118,422
714738281,57.1704,56.2206,423,36472,0.0273583,0.09,1,9989600,9989177,423
714858001,57.3922,56.5739,429,38778,0.281654,0.17,1,9991065,9990636,429
714887201,57.5158,59.5084,433,39318,0.413772,0.23,1,9991409,9990976,433
715223001,33.3372,33.4394,425,45072,0.0981369,0.07,1,9995259,9994834,425
715225921,23.5169,25.422,423,45119,0.0932548,0.01,1,9995282,9994859,423
715231761,4.85629,4.86106,423,45213,0.0401208,0.09,1,9995345,9994922,423
715234681,32.5428,29.6931,426,45260,0.0580483,0.11,1,9995379,9994953,426
715296001,45.4287,32.7704,473,46228,0.256364,0.15,1,9995975,9995502,473
715679981,19.5098,28.9512,441,23899,0.217809,0.05,1,9999988,9999547,441
715764661,77.7122,70.3435,528,26349,0.770534,0.69,2,10001635,10001107,528
715904821,28.3087,40.4722,492,29962,0.418764,1,1,10004113,10003621,492
715931101,27.2221,34.1743,446,30591,0.0555933,0.31,1,10004531,10004085,446
715934021,14.6611,28.3087,432,30660,0.0402373,0.11,1,10004545,10004113,432
715969061,28.7239,40.5684,451,31479,0.0973229,0.09,1,10005038,10004587,451
715971981,28.0362,29.5784,450,31546,0.0689292,0.01,1,10005066,10004616,450
715992421,12.7682,24.5146,436,32013,0.0612093,0.05,1,10005389,10004953,436
716059581,3.92706,3.92728,423,33499,0.0377853,0.07,1,10006280,10005857,423
716062501,30.5964,30.5964,423,33562,0.0691141,0.09,1,10006312,10005889,423
716082941,28.4522,28.4524,422,34001,0.0349946,0.01,1,10006646,10006224,422
716085861,12.8226,12.8226,422,34063,0.0199979,0.07,1,10006658,10006236,422
716088781,42.4411,40.5411,424,34125,0.0499991,0.03,1,10006702,10006278,424
716135501,90.4913,64.6765,513,35104,0.0848118,0.01,1,10007336,10006823,513
716519481,66.3547,25.6466,483,19642,0.0767346,0.07,1,10012340,10011857,483
716522401,88.8177,64.9323,506,19750,0.0846938,0.09,1,10012430,10011924,506
716732641,91.7606,76.8205,553,26383,0.256029,0.55,1,10016967,10016414,553
717258241,80.1006,55.194,474,17291,0.0628768,0.11,1,10025209,10024735,474
717696241,27.0549,30.3847,470,30590,0.0446003,0.97,1,10034186,10033716,470
717760481,74.6919,37.3927,499,32078,0.0815057,0.03,1,10035145,10034646,499
717769241,35.0287,36.5251,456,32276,0.0740964,0.07,1,10035260,10034804,456
718061241,47.5566,79.501,506,38274,0.210946,1,1,10039279,10038773,506
718070001,30.1946,36.9816,500,38439,0.0598206,0.97,1,10039374,10038874,500
718072921,25.2597,31.2991,494,38494,0.0539282,0.95,1,10039399,10038905,494
718081681,3.31628,30.563,460,38659,0.0502514,0.71,1,10039483,10039023,460
718183881,28.4202,36.3989,463,40527,0.432877,0.29,1,10040660,10040197,463
718531361,22.352,36.2781,461,46315,0.0507429,0.17,1,10044557,10044096,461
718601441,3.39695,24.2887,429,47396,0.0299853,0.15,1,10045218,10044789,429
718715321,23.3753,28.4589,455,49097,0.0604935,0.27,1,10046263,10045808,455
718724081,26.2277,32.4484,458,49226,0.0900316,0.21,1,10046342,10045884,458
718908041,30.5952,39.9551,477,51855,0.790336,0.57,2,10047974,10047497,477
718910961,28.1298,30.4978,475,51896,0.790134,0.55,2,10048002,10047527,475
718913881,24.2065,26.2249,473,51937,0.790054,0.57,2,10048026,10047553,473
718928481,29.4725,36.5462,486,52139,0.794801,0.77,2,10048190,10047704,486
718957681,30.5952,41.9039,490,52539,0.90033,0.79,2,10048434,10047944,490
719338741,56.1807,78.4719,509,29337,0.935763,0.67,2,10053320,10052811,509
719458461,34.7617,77.902,509,32161,0.439352,1,1,10055252,10054743,509
719467221,31.0622,55.6394,499,32359,0.0725185,0.94,1,10055409,10054910,499
719473061,27.0102,47.0691,496,32489,0.048803,0.95,1,10055482,10054986,496
719505181,26.1572,27.0102,424,33198,0.0388379,0.09,1,10055906,10055482,424
719508101,58.3079,56.4505,426,33262,0.0695352,0.07,1,10055966,10055540,426
719525621,58.7221,60.4796,427,33641,0.248236,0.15,1,10056180,10055753,427
719657021,61.0508,61.8578,460,36361,0.910017,0.77,2,10057956,10057496,460
719887701,26.387,35.7818,454,40694,0.0981446,0.15,1,10060887,10060433,454
719890621,26.0193,26.4891,454,40746,0.0932578,0.09,1,10060913,10060459,454
719902301,39.5835,30.7197,464,40954,0.272483,0.07,1,10061043,10060579,464
719911061,28.7994,25.8486,452,41108,0.258159,0.09,1,10061140,10060688,452
719913981,40.39,27.8924,465,41159,0.277264,0.11,1,10061181,10060716,465
720587041,521.948,536.358,511,23360,0.43,0.01,1,10068431,10067920,511
720620621,32.0731,37.2595,437,23541,0.09208,0,1,10068855,10068418,437
720643981,31.3735,32.7911,424,24252,0.0553695,0.07,1,10069279,10068855,424
720670261,54.8612,53.8187,426,25027,0.291893,0.17,1,10069760,10069334,426
720681941,57.5291,55.6764,429,25364,0.421856,0.21,1,10070017,10069588,429
720754941,62.5222,60.527,460,27375,0.924381,0.77,2,10071369,10070909,460
720898021,48.2563,58.2866,454,30936,0.0569356,0.57,1,10073822,10073368,454
721603201,77.2042,90.6862,480,19925,0.27243,0.35,1,10082936,10082456,480
722923041,5.82937,89.1946,447,23993,0.227545,0.39,1,10103205,10102758,447
724409321,35.942,102.386,454,29427,0.281559,0.13,1,10124858,10124404,454
724651681,37.8983,104.361,505,34892,0.927732,0.96,2,10128584,10128079,505
725012301,5.03297,75.8338,438,24075,0.0306748,0.19,1,10135886,10135448,438
725070701,35.686,144.714,451,25778,0.033559,0.03,1,10136990,10136539,451
725809461,23.4741,21.7146,424,41658,0.0268608,0.05,1,10147418,10146994,424
725815301,40.6712,39.7643,424,41760,0.0774977,0,1,10147475,10147051,424
725821141,33.3517,33.3969,423,41861,0.0567996,0.05,1,10147567,10147144,423
725829901,25.5663,24.7089,423,42011,0.0552352,0.03,1,10147633,10147210,423
725838661,67.0708,65.1683,426,42161,0.0983351,0.05,1,10147752,10147326,426
725850341,23.3789,23.4741,422,42361,0.0785014,0.03,1,10147840,10147418,422
725882461,32.9485,32.8035,428,42906,0.214862,0.11,1,10148211,10147783,428
725923341,34.0435,69.9704,462,43591,0.253301,0.23,1,10148642,10148180,462
726095621,35.6234,80.6677,494,46361,0.941286,0.81,2,10150424,10149930,494
726469381,32.1972,36.5079,476,23810,0.787967,0.79,2,10154485,10154009,476
726589101,52.0521,41.6967,495,27219,0.9484,1,2,10156860,10156365,495
726606621,35.119,31.9124,495,27683,0.0668664,1,1,10157233,10156738,495
726635821,29.4867,1.75595,455,28439,0.0600512,0.07,1,10157688,10157233,455
726650421,46.0982,44.219,471,28809,0.21217,0.15,1,10157871,10157400,471
726653341,80.2049,44.9609,508,28882,0.234868,0.01,1,10157953,10157445,508
726662101,31.3862,38.7347,452,29101,0.0651916,0.09,1,10158111,10157659,452
726685461,39.1057,90.4602,458,29678,0.0859396,0.03,1,10158502,10158044,458
726688381,33.3053,38.723,455,29749,0.0643758,0.07,1,10158535,10158080,455
726694221,3.50326,33.8693,424,29891,0.0523001,0.07,1,10158569,10158145,424
726697141,33.4252,33.9935,425,29962,0.09892,0.09,1,10158604,10158179,425
726705901,51.7507,48.8984,429,30173,0.239851,0.15,1,10158732,10158303,429
726708821,81.4375,81.2949,429,30243,0.25794,0.19,1,10158815,10158386,429
726714661,37.1111,39.1057,425,30383,0.20807,0.05,1,10158927,10158502,425
726735101,53.7984,51.7507,435,30867,0.224977,0.27,1,10159167,10158732,435
726738021,81.5399,81.4375,435,30936,0.251991,0.27,1,10159250,10158815,435
726749701,32.0508,32.0128,432,31208,0.247459,0.21,1,10159423,10158991,432
726767221,85.3469,53.7984,518,31613,0.402464,0.27,1,10159685,10159167,518
727006661,34.5628,37.1465,476,36696,0.0702511,0.95,1,10163151,10162675,476
727009581,23.5781,24.6573,475,36754,0.0281005,1,1,10163174,10162699,475
727012501,28.7289,24.9829,479,36811,0.0532402,1,1,10163203,10162724,479
727053381,26.9568,21.3864,453,37606,0.0388432,0.11,1,10163677,10163224,453
727059221,43.8624,23.281,468,37718,0.0818149,0.09,1,10163744,10163276,468
727213981,59.5919,31.7454,509,40580,0.759155,0.61,2,10165575,10165066,509
727251941,61.549,32.8381,521,41251,0.931747,0.79,2,10166035,10165514,521
727432981,34.0506,31.425,515,44312,0.928,1,2,10168166,10167651,515
727438821,18.0876,20.3611,505,44408,0.92368,1,2,10168203,10167698,505
727479701,17.3518,19.7525,473,45067,0.218402,0.92,1,10168658,10168185,473
727494301,10.5966,10.8622,465,45302,0.0826556,0.89,1,10168767,10168302,465
727590661,58.3026,27.0017,488,46812,0.430977,0.19,1,10169733,10169245,488
727599421,60.318,31.2536,488,46947,0.436782,0.11,1,10169857,10169369,488
727616941,30.7686,25.3719,465,47217,0.430193,0.29,1,10170006,10169541,465
727622781,22.0219,20.3934,461,47307,0.418031,0.37,1,10170050,10169589,461
727733741,40.1125,62.0383,491,48969,0.903976,0.67,2,10171113,10170622,491
728160061,5.34243,5.19755,443,28301,0.773842,0.49,2,10176876,10176433,443
728162981,66.7671,64.8599,445,28376,0.783537,0.49,2,10176946,10176501,445
728349861,3.05858,28.265,439,32808,0.053902,0.27,1,10179969,10179530,439
728434541,70.0876,33.8039,493,34627,0.0732045,0.05,1,10181155,10180662,493
728454981,77.4919,66.8405,504,35053,0.213034,0.11,1,10181419,10180915,504
728793701,31.15,36.7711,499,41461,0.075801,0.93,1,10185688,10185189,499
728796621,29.1075,32.2386,496,41512,0.0603204,0.87,1,10185717,10185221,496
729161621,35.023,38.4388,513,47445,0.928,1,2,10189598,10189085,513
729196661,19.6564,26.1162,479,47973,0.400726,1,1,10189952,10189473,479
729243381,16.7063,19.6564,436,48672,0.234729,0.35,1,10190388,10189952,436
729249221,20.5143,21.4241,436,48758,0.266757,0.35,1,10190439,10190003,436
729281341,24.8367,23.5834,453,49231,0.432782,0.19,1,10190739,10190286,453
729301781,31.8336,28.5757,467,49532,0.433242,0.33,1,10190935,10190468,467
729615681,501.153,524.625,485,24820,0.778,0.67,2,10194011,10193526,485
729825921,27.9659,69.2474,459,29651,0.222594,0.25,1,10197735,10197276,459
730039081,29.4058,72.4639,499,34473,0.904,1,2,10200945,10200446,499
730074121,27.7079,29.4058,493,35201,0.0543999,0.75,1,10201438,10200945,493
730077041,36.5354,35.6703,494,35261,0.06376,0.61,1,10201475,10200981,494
730106241,23.0004,22.1581,424,35856,0.0318982,0.07,1,10201834,10201410,424
730109161,29.65,27.7079,426,35915,0.0427593,0.07,1,10201864,10201438,426
730135441,4.19006,4.1498,424,36441,0.0355161,0.03,1,10202154,10201730,424
730138361,80.0095,80.0075,424,36499,0.0442064,0.03,1,10202238,10201814,424
730281441,87.6048,85.7046,447,39235,0.793632,0.51,2,10203968,10203521,447
731401261,58.7466,58.6065,447,27957,0.784566,0.57,2,10216770,10216323,447
731544341,60.3607,60.0035,540,31454,0.937149,1,2,10219211,10218671,540
731707861,30.6514,51.2358,506,35021,0.234333,1,1,10221705,10221199,506
731722461,23.3696,36.0422,495,35321,0.0289052,1,1,10221930,10221435,495
731777941,3.3109,3.3558,424,36441,0.0136113,0.01,1,10222558,10222134,424
731786701,40.6937,38.7984,424,36615,0.0243911,0.11,1,10222725,10222301,424
731801301,26.3343,24.4345,424,36903,0.0208898,0.05,1,10222861,10222437,424
731804221,39.3167,39.2217,424,36960,0.0263559,0.03,1,10222901,10222477,424
731810061,29.1208,28.2181,424,37074,0.0246169,0.01,1,10222980,10222556,424
731824661,33.3821,40.5714,454,37359,0.0471289,0.05,1,10223179,10222725,454
731848021,3.35379,29.1208,424,37808,0.0286921,0.03,1,10223404,10222980,424
731853861,69.9759,49.5678,494,37920,0.0297907,0.01,1,10223528,10223034,494
731859701,36.2274,40.6414,457,38032,0.0251665,0.07,1,10223603,10223146,457
732029061,48.6992,42.9294,485,41129,0.41739,0.35,1,10225512,10225027,485
732789721,66.4601,74.297,515,26106,0.762337,0.61,2,10234486,10233971,515
733005801,91.1614,92.7154,555,31546,0.903508,1,2,10238297,10237742,555
733023321,23.5881,33.4314,500,31947,0.902693,1,2,10238556,10238056,500
733026241,35.3794,34.9216,501,32013,0.943077,1,2,10238592,10238091,501
733029161,27.419,33.0961,495,32079,0.923231,1,2,10238619,10238124,495
733256921,24.258,29.8657,490,36868,0.025347,1,1,10242002,10241512,490
733277361,45.4765,65.6435,494,37267,0.0271078,0.39,1,10242267,10241773,494
733294881,31.6151,24.258,454,37606,0.0190154,0,1,10242456,10242002,454
733300721,44.064,25.3781,467,37718,0.0450425,0.03,1,10242527,10242060,467
733309481,55.4713,26.6079,478,37886,0.0554427,0.03,1,10242644,10242166,478
733329921,33.4245,24.3018,455,38275,0.0117283,0,1,10242879,10242424,455
733335761,47.7736,26.2808,470,38385,0.0390765,0.05,1,10242952,10242482,470
733344521,59.2622,26.4252,482,38550,0.0853009,0.07,1,10243069,10242587,482
733364961,21.5848,22.49,422,38932,0.0489972,0,1,10243267,10242845,422
733394161,41.3356,44.0428,430,39472,0.0825882,0.17,1,10243617,10243187,430
733397081,21.0668,26.9021,424,39526,0.0750353,0.01,1,10243637,10243213,424
733426281,4.29682,4.24728,424,40056,0.0640522,0.05,1,10243969,10243545,424
733435041,21.0668,39.9718,444,40215,0.0897793,0.07,1,10244061,10243617,444
733440881,17.7227,30.4999,442,40320,0.0611647,0.03,1,10244110,10243668,442
733697841,39.4022,36.4524,457,44691,0.945164,0.69,2,10246871,10246414,457
734743201,33.0104,34.3009,455,35413,0.0373698,0.01,1,10260785,10260330,455
734857081,68.7485,43.0197,505,37670,0.40932,0.29,1,10262204,10261699,505
735119881,33.4292,27.3503,503,42418,0.405079,1,1,10265373,10264870,503
735137401,18.1495,21.5598,473,42717,0.0109443,1,1,10265590,10265117,473
735338881,59.5741,32.3088,489,45998,0.23933,0.17,1,10267608,10267119,489
735741841,68.872,46.9166,491,24266,0.418747,0.59,1,10271675,10271184,491
735811921,69.8657,67.1677,532,26281,0.927535,0.81,2,10273029,10272497,532
735905361,35.5649,44.0274,518,28747,0.9052,1,2,10274751,10274233,518
735934561,32.935,35.5649,497,29475,0.0425047,0.79,1,10275248,10274751,497
735937481,61.4967,36.9282,523,29547,0.0470019,0.55,1,10275311,10274788,523
735946241,36.5186,33.2926,474,29761,0.0291681,0.23,1,10275408,10274934,474
735949161,89.2259,40.6146,525,29832,0.0776673,0.05,1,10275500,10274975,525
735972521,29.226,27.3712,424,30395,0.0688725,0.03,1,10275795,10275371,424
735975441,36.6113,36.5186,424,30465,0.081549,0.11,1,10275832,10275408,424
735987121,64.5215,64.6159,427,30741,0.220536,0.15,1,10276035,10275608,427
735990041,31.7261,31.7308,427,30810,0.214214,0.11,1,10276065,10275638,427
736016321,65.4721,36.1165,497,31423,0.404261,0.25,1,10276466,10275969,497
736022161,31.9887,31.7253,463,31557,0.401882,0.23,1,10276528,10276065,463
736028001,35.4675,60.4043,470,31691,0.420701,0.31,1,10276627,10276157,470
736276201,25.7517,36.3602,469,36933,0.0191229,0.95,1,10280203,10279734,469
736296641,26.185,36.5781,469,37332,0.0725954,0.31,1,10280391,10279922,469
736305401,24.4159,34.6701,446,37502,0.0466461,0.13,1,10280543,10280097,446
736317081,28.4689,37.3876,449,37726,0.0671941,0.03,1,10280690,10280241,449
736340441,27.257,32.318,449,38173,0.0116458,0.07,1,10280968,10280519,449
736352121,33.1282,37.3784,454,38393,0.0396101,0.09,1,10281116,10280662,454
736384241,27.193,27.2856,422,38994,0.0187643,0.03,1,10281469,10281047,422
736390081,34.1255,33.1282,424,39102,0.0210023,0.05,1,10281540,10281116,424
736410521,91.7778,89.0229,427,39480,0.219812,0.09,1,10281762,10281335,427
736425121,36.5094,36.5096,422,39745,0.0561069,0.03,1,10281928,10281506,422
736428041,34.1255,34.1255,422,39798,0.0524427,0.03,1,10281962,10281540,422
736982841,79.5882,88.2905,460,25453,0.930411,0.84,2,10289596,10289136,460
737318641,34.4655,39.5057,460,33690,0.406362,0.67,1,10295282,10294822,460
737590201,30.094,36.8573,457,39096,0.0317932,0.63,1,10298950,10298493,457
737593121,16.7047,24.6429,449,39150,0.0307173,0.55,1,10298966,10298517,449
737677801,37.9831,73.807,459,40686,0.0618767,0.03,1,10299956,10299497,459
737680721,31.3492,35.0404,457,40738,0.0547507,0.15,1,10299987,10299530,457
737715761,36.0261,75.6618,458,41355,0.245788,0.03,1,10300378,10299920,458
738050101,126.231,132.922,511,21270,0.7756,1,2,10304098,10303587,511
738053021,69.0115,81.6961,498,21370,0.76024,1,2,10304164,10303666,498
738114341,71.9839,88.7308,517,23365,0.781907,0.59,2,10305519,10305002,517
738388821,53.1918,65.2148,477,30733,0.756964,1,2,10310651,10310174,477
738435541,29.3694,40.6158,463,31817,0.270009,0.33,1,10311378,10310915,463
738648701,49.0923,60.9188,479,36350,0.92128,1,2,10314440,10313961,479
738680821,16.7453,31.8466,473,36984,0.0240747,0.88,1,10314863,10314390,473
738683741,49.2873,49.0923,474,37041,0.0636299,0.87,1,10314914,10314440,474
738686661,28.1144,35.7046,466,37098,0.0434519,0.88,1,10314941,10314475,466
738695421,39.2599,47.5852,495,37269,0.0577409,0.57,1,10315054,10314559,495
738698341,34.263,44.1793,485,37326,0.0530964,0.49,1,10315088,10314603,485
738715861,16.6116,30.9057,438,37664,0.0143448,0,1,10315285,10314847,438
738721701,26.309,49.2873,449,37776,0.0658952,0.03,1,10315363,10314914,449
738768421,3.87913,40.3023,427,38662,0.0501115,0.09,1,10315905,10315478,427
738838501,46.8062,49.6536,430,39952,0.437523,0.21,1,10316717,10316287,430
739553901,60.0486,61.4584,484,23810,0.924316,0.77,2,10324559,10324075,484
739831301,27.8159,33.8063,468,31140,0.0630057,0.67,1,10329656,10329188,468
739842981,89.8159,34.2684,533,31412,0.064253,0.35,1,10329837,10329304,533
740666421,38.0522,33.5158,484,31275,0.0150049,1,1,10344852,10344368,484
740675181,61.0494,54.2397,520,31478,0.0650403,0.33,1,10344981,10344461,520
740681021,48.9826,39.1806,479,31612,0.0272064,0.01,1,10345059,10344580,479
740704381,64.714,42.9876,487,32144,0.056245,0.09,1,10345406,10344919,487
740710221,46.9968,29.6525,471,32276,0.0413992,0,1,10345480,10345009,471
740730661,43.9829,26.5981,466,32732,0.0282093,0.03,1,10345765,10345299,466
740759861,24.6124,24.6575,423,33372,0.0239588,0.03,1,10346143,10345720,423
740768621,63.8526,62.905,423,33561,0.0656134,0.07,1,10346256,10345833,423
740780301,39.1527,39.1551,422,33813,0.0458877,0,1,10346405,10345983,422
740797821,4.00415,4.05153,422,34186,0.0434859,0.09,1,10346611,10346189,422
740800741,65.7502,63.8526,424,34248,0.0593943,0.09,1,10346680,10346256,424
740900021,67.6598,66.7052,426,36289,0.229888,0.09,1,10347953,10347527,426
740902941,26.183,26.1353,426,36347,0.217955,0.09,1,10347977,10347551,426
740905861,3.20915,3.20676,426,36405,0.213182,0.11,1,10347979,10347553,426
740914621,36.1622,35.2145,426,36579,0.243804,0.15,1,10348100,10347674,426
740917541,58.8081,55.9107,429,36637,0.295521,0.17,1,10348160,10347731,429
742114741,2.24205,9.60063,427,26925,0.265348,0.13,1,10361161,10360734,427
742120581,76.7656,75.7865,429,27082,0.295656,0.15,1,10361333,10360904,429
742377541,40.439,41.4979,424,33262,0.213033,0.05,1,10365494,10365070,424
742383381,30.8336,31.7387,424,33389,0.212885,0.07,1,10365552,10365128,424
742392141,50.5272,51.4678,427,33578,0.234185,0.15,1,10365640,10365213,427
742395061,60.4764,58.6234,429,33641,0.279674,0.15,1,10365701,10365272,429
742406741,70.5346,67.7795,430,33893,0.401,0.23,1,10365885,10365455,430
742506021,71.5842,71.5822,456,35952,0.927713,0.73,2,10367227,10366771,456
743119221,17.5908,34.0191,452,46684,0.02706,0.25,1,10374629,10374177,452
743130901,47.3894,37.0246,469,46864,0.0518127,0,1,10374735,10374266,469
743139661,36.6712,29.5188,459,46999,0.040516,0.05,1,10374840,10374381,459
743145501,24.7917,22.6838,446,47089,0.0364826,0,1,10374885,10374439,446
743148421,31.6396,22.9842,455,47134,0.056593,0.05,1,10374917,10374462,455
743151341,35.782,32.4992,458,47179,0.0766372,0.05,1,10374953,10374495,458
743189301,19.0238,20.8336,422,47756,0.0563037,0.03,1,10375282,10374860,422
743198061,34.0765,35.782,426,47888,0.0585634,0.13,1,10375379,10374953,426
743247701,32.2036,32.1038,426,48632,0.051753,0.13,1,10375837,10375411,426
743291501,37.0144,37.4299,458,49277,0.26296,0.07,1,10376227,10375769,458
743297341,25.505,32.2036,450,49363,0.256874,0.15,1,10376287,10375837,450
743317781,43.5917,34.8844,473,49662,0.277178,0.17,1,10376439,10375966,473
743754321,50.832,60.3011,473,26368,0.284969,0.09,1,10380912,10380439,473
743771841,59.9538,75.2729,488,26846,0.445062,0.17,1,10381205,10380717,488
743850681,65.9889,84.8227,525,28900,0.934148,0.87,2,10382564,10382039,525
743853601,5.19944,61.2411,467,28973,0.907659,0.87,2,10382566,10382099,467
743964561,57.8869,75.4324,526,31630,0.918232,1,2,10384457,10383931,526
744107641,32.6936,42.0959,491,34755,0.756613,0.75,2,10386694,10386203,491
744110561,27.2847,32.5048,486,34816,0.752645,0.63,2,10386721,10386235,486
744131001,89.5319,60.6837,547,35239,0.906387,0.71,2,10387012,10386465,547
744300361,41.2441,33.6223,508,38562,0.783949,1,2,10389282,10388774,508
744525201,35.0826,31.3369,505,42572,0.780841,1,2,10392058,10391553,505
744560241,24.1052,30.4058,492,43162,0.0459891,0.95,1,10392448,10391956,492
744644921,22.0012,25.8653,423,44558,0.0320357,0.05,1,10393294,10392871,423
744647841,35.3001,34.5433,424,44605,0.0548143,0.07,1,10393330,10392906,424
744679961,33.791,31.9394,424,45122,0.0453959,0.07,1,10393671,10393247,424
744761721,46.4161,35.3179,477,46414,0.26584,0.19,1,10394449,10393972,477
745134021,25.1063,32.9418,473,23899,0.040836,0.75,1,10398392,10397919,473
745192421,88.9493,47.6216,517,25614,0.260886,0.17,1,10399457,10398940,517
746350201,148.425,151.435,596,11221,0.752956,0.61,2,10416119,10415523,596
746358961,152.28,194.493,606,11779,0.918189,0.79,2,10416579,10415973,606
746427581,41.0127,44.7843,448,15536,0.265674,0.35,1,10419274,10418826,448
746469921,198.958,191.359,453,17473,0.763927,0.57,2,10420568,10420115,453
746653881,3.60495,32.1987,428,24031,0.0844689,0.01,1,10425033,10424605,428
746718121,55.132,38.5914,478,25902,0.0896223,0.13,1,10426270,10425792,478
747004281,130.887,147.946,484,32960,0.920456,1,2,10431017,10430533,484
747033481,33.5915,33.7389,469,33596,0.417027,0.89,1,10431350,10430881,469
747062681,24.6343,25.8293,441,34220,0.292947,0.41,1,10431757,10431316,441
747167801,124.992,121.239,452,36377,0.794096,0.59,2,10433239,10432787,452
747310881,136.401,140.239,482,39121,0.946,1,2,10435130,10434648,482
747369281,31.5153,22.8805,478,40188,0.0991586,0.39,1,10435778,10435300,478
747386801,109.715,28.4582,543,40501,0.2214,0.11,1,10436025,10435482,543
749852741,30.9112,1.76379,484,40113,0.0417704,0.53,1,10471276,10470792,484
749884861,71.3823,23.5476,495,40687,0.0646528,0.05,1,10471639,10471144,495
749960781,20.7048,20.7049,423,42015,0.0497633,0.03,1,10472412,10471989,423
749978301,22.9751,21.0655,430,42315,0.0758461,0.21,1,10472603,10472173,430
750016261,3.54725,3.50202,423,42959,0.0306814,0.11,1,10473002,10472579,423
750019181,24.8774,22.9751,425,43008,0.0422726,0.11,1,10473028,10472603,425
750025021,26.9947,24.7574,453,43106,0.0559636,0.13,1,10473082,10472629,453
750077581,37.4257,26.5084,465,43979,0.2243,0.13,1,10473630,10473165,465
750080501,38.9213,36.4754,467,44027,0.22772,0.15,1,10473669,10473202,467
750092181,31.0392,30.8322,462,44219,0.22399,0.19,1,10473819,10473357,462
750100941,25.8201,3.54498,455,44363,0.204175,0.15,1,10473878,10473423,455
750106781,28.8495,27.8914,455,44458,0.249868,0.15,1,10473933,10473478,455
750455721,10.7934,19.7443,453,23278,0.037184,0.51,1,10477747,10477294,453
750458641,55.6397,19.9872,491,23369,0.0808736,0.39,1,10477805,10477314,491
750543321,63.3098,47.251,516,25870,0.752936,0.65,2,10479493,10478977,516
750555001,102.844,59.972,558,26196,0.788763,0.69,2,10479673,10479115,558
750695161,52.7022,29.9706,504,29828,0.420961,0.45,1,10482233,10481729,504
750774001,109.125,92.5375,566,31687,0.928621,0.81,2,10483478,10482912,566
750924381,23.2242,35.9662,535,34990,0.917046,1,2,10485714,10485179,535
751023661,3.04813,24.0012,427,18133,0.244818,0.13,1,10487918,10487491,427
751029501,105.553,103.658,430,18366,0.414771,0.23,1,10488221,10487791,430
751212001,45.9345,44.8912,429,24598,0.236691,0.07,1,10492401,10491972,429
751305441,72.3405,70.5358,446,27218,0.751465,0.53,2,10494111,10493665,446
751685041,114.489,113.864,462,35937,0.797861,0.81,2,10500132,10499670,462
751991641,32.934,38.332,458,41658,0.0397202,0.63,1,10504062,10503604,458
752076321,23.504,30.5244,450,43102,0.0386257,0.19,1,10504934,10504484,450
752082161,33.8313,31.5213,461,43200,0.0433801,0.17,1,10504999,10504538,461
752088001,30.5796,23.5438,457,43298,0.0369408,0.17,1,10505052,10504595,457
752096761,35.5813,27.6242,463,43445,0.0496442,0.11,1,10505155,10504692,463
752277801,39.6793,35.4383,499,46361,0.791783,0.79,2,10507013,10506514,499
752526001,33.4521,30.0436,442,23187,0.219917,0.09,1,10510054,10509612,442
752528921,71.0226,46.1522,468,23278,0.285967,0.09,1,10510127,10509659,468
752534761,77.3176,61.1529,503,23460,0.421355,0.11,1,10510269,10509766,503
752610681,100.053,62.8979,559,25706,0.915144,0.77,2,10511787,10511228,559
752709961,25.7002,33.6899,465,28372,0.2114,0.87,1,10513599,10513134,465
752715801,32.2218,82.7342,485,28521,0.251024,0.67,1,10513706,10513221,485
752718721,29.1611,35.4867,481,28595,0.25041,0.61,1,10513735,10513254,481
752733321,58.7062,77.072,487,28963,0.42411,0.23,1,10514005,10513518,487
753472081,26.1915,34.0169,482,43691,0.0313278,0.83,1,10524010,10523528,482
753518801,23.3836,11.7596,446,44458,0.0179254,0.03,1,10524467,10524021,446
753670641,45.4774,35.4998,476,46859,0.217776,0.15,1,10525939,10525463,476
753810801,51.46,37.3381,499,48971,0.767705,0.59,2,10527260,10526761,499
754169961,58.3939,63.8831,505,26362,0.770373,0.51,2,10531502,10530997,505
754318881,37.0357,32.3288,484,30185,0.752548,1,2,10534148,10533664,484
754400641,52.0632,50.4079,504,32089,0.798987,0.59,2,10535420,10534916,504
754587521,39.6141,25.7824,503,36064,0.426079,1,1,10538195,10537692,503
754625481,20.6618,21.9307,433,36819,0.0354572,0.17,1,10538649,10538216,433
754648841,23.3168,29.5346,445,37275,0.0565309,0.05,1,10538908,10538463,445
754654681,75.7733,32.5638,500,37389,0.0582449,0.03,1,10539020,10538520,500
754663441,61.8782,20.6618,486,37558,0.0486077,0.09,1,10539135,10538649,486
754698481,64.6762,21.5644,488,38228,0.096711,0.05,1,10539559,10539071,488
754721841,3.02501,21.5548,424,38668,0.0734422,0.03,1,10539754,10539330,424
754730601,30.4811,30.4834,424,38832,0.2483,0.05,1,10539896,10539472,424
754736441,66.5762,64.6762,426,38940,0.273728,0.11,1,10539985,10539559,426
756000801,74.0235,73.0785,447,27847,0.784078,0.53,2,10553327,10552880,447
756202281,19.3746,29.5895,442,32677,0.0835236,0.05,1,10556642,10556200,442
756281121,67.8779,59.9882,495,34382,0.27892,0.17,1,10557720,10557225,495
756561441,31.1066,33.6055,486,39850,0.0843047,0.94,1,10561390,10560904,486
756578961,28.1592,32.3945,485,40168,0.0411933,0.65,1,10561583,10561098,485
756616921,27.3042,31.1845,450,40845,0.0304948,0.05,1,10562005,10561555,450
756622761,31.5133,41.308,453,40949,0.0396792,0.13,1,10562078,10561625,453
756637361,33.8607,51.1738,454,41205,0.0492415,0.03,1,10562235,10561781,454
756643201,25.9722,45.3479,446,41307,0.0330786,0.07,1,10562305,10561859,446
756657801,3.26498,27.3042,425,41562,0.0139995,0.07,1,10562430,10562005,425
756713281,31.5893,31.5843,426,42517,0.092298,0.01,1,10563000,10562574,426
756727881,29.7513,29.7965,422,42765,0.0724363,0.01,1,10563180,10562758,422
756762921,47.4589,35.514,471,43353,0.0756782,0.11,1,10563552,10563081,471
756768761,25.9111,25.0263,451,43451,0.0709085,0.05,1,10563601,10563150,451
756797961,39.677,32.5419,465,43933,0.202945,0.07,1,10563891,10563426,465
756803801,48.4067,37.1789,473,44029,0.208871,0.09,1,10563977,10563504,473
757222821,23.5851,27.1968,431,23187,0.0291279,0.03,1,10568436,10568005,431
757225741,71.4793,51.7098,452,23278,0.0776512,0.03,1,10568510,10568058,452
757243261,22.5899,15.7018,445,23819,0.0450675,0.03,1,10568857,10568412,445
757246181,76.1795,23.5851,500,23908,0.060027,0.11,1,10568936,10568436,500
757263701,14.7094,14.7973,423,24435,0.0578439,0.05,1,10569257,10568834,423
757269541,78.1268,76.1795,426,24608,0.075255,0.07,1,10569362,10568936,426
757278301,64.8045,64.9943,422,24866,0.0386563,0.03,1,10569550,10569128,422
757284141,67.1845,66.1875,424,25036,0.074585,0.05,1,10569669,10569245,424
757357141,70.5284,72.8698,433,27072,0.434748,0.23,1,10570954,10570521,433
757360061,14.9264,15.0435,433,27150,0.431899,0.25,1,10570966,10570533,433
757362981,22.5963,21.6522,434,27228,0.44276,0.29,1,10570989,10570555,434
757365901,89.4798,86.5826,437,27306,0.447104,0.29,1,10571082,10570645,437
757602421,70.298,71.2195,424,32996,0.068674,0.05,1,10574962,10574538,424
757763021,117.808,114.008,455,36353,0.790098,0.67,2,10577073,10576618,455
757765941,7.79038,7.60038,455,36411,0.766039,0.65,2,10577075,10576620,455
757780541,28.9588,27.9092,458,36701,0.917761,0.79,2,10577310,10576852,458
757783461,31.8479,28.9455,461,36759,0.925104,0.81,2,10577342,10576881,461
758043341,3.30784,26.1121,437,41560,0.44963,0.33,1,10580537,10580100,437
758101741,61.3344,59.3892,445,42565,0.77508,0.53,2,10581186,10580741,445
758370381,17.8894,17.9747,431,21861,0.0468837,0.03,1,10584378,10583947,431
758396661,101.265,67.4947,525,22720,0.0689689,0.03,1,10584974,10584449,525
758869701,29.1864,32.7716,503,34681,0.06134,1,1,10593104,10592601,503
758872621,26.1593,29.1886,500,34742,0.030536,1,1,10593130,10592630,500
758890141,67.0198,37.3723,524,35106,0.0319913,0.45,1,10593380,10592856,524
758936861,27.3092,29.2069,422,36058,0.0314536,0.05,1,10593948,10593526,422
758948541,33.5289,34.481,422,36292,0.0584532,0.05,1,10594069,10593647,422
758963141,28.1396,30.8922,422,36582,0.0265474,0.03,1,10594254,10593832,422
758966061,55.557,55.6946,422,36640,0.0286189,0.03,1,10594311,10593889,422
758980661,23.6253,24.5775,422,36927,0.0219987,0.09,1,10594457,10594035,422
758986501,56.8691,56.7764,424,37041,0.0239198,0.07,1,10594551,10594127,424
759074101,60.0099,58.2959,431,38717,0.0932677,0.19,1,10595588,10595157,431
759497501,466.235,535.244,441,20440,0.270925,0.39,1,10600351,10599910,441
759515021,13.529,52.3654,431,21055,0.0372921,0.07,1,10600747,10600316,431
759564661,99.2862,83.6587,524,22707,0.214686,0.19,1,10601806,10601282,524
759582181,88.6215,23.4802,521,23261,0.207473,0.21,1,10602138,10601617,521
759605541,97.4361,88.6215,528,23980,0.448558,0.15,1,10602666,10602138,528
759786581,34.0502,62.7174,499,28949,0.0513621,0.84,1,10606073,10605574,499
759789501,32.1025,42.0859,490,29022,0.0385448,0.69,1,10606105,10605615,490
759804101,90.6675,72.9851,521,29385,0.0989963,0.15,1,10606379,10605858,521
759815781,32.1381,34.0502,454,29673,0.0729503,0.03,1,10606527,10606073,454
759824541,3.68052,33.7103,426,29886,0.0533888,0.11,1,10606612,10606186,426
759827461,35.334,33.9855,429,29957,0.0633555,0.13,1,10606649,10606220,429
759929661,36.093,56.9017,483,32339,0.750453,0.51,2,10608245,10607762,483
760122381,31.6114,32.3896,478,36403,0.0714127,0.9,1,10611002,10610524,478
760125301,19.6306,28.2195,469,36461,0.0705651,0.9,1,10611021,10610552,469
760160341,19.6303,19.6306,422,37151,0.0487433,0.07,1,10611443,10611021,422
760166181,26.8391,39.9491,450,37265,0.0665989,0.11,1,10611513,10611063,450
760201221,28.8814,42.7815,452,37940,0.0840949,0.07,1,10611939,10611487,452
760239181,3.34154,28.8814,425,38658,0.0722192,0.11,1,10612364,10611939,425
760259621,63.8711,65.7235,428,39038,0.2079,0.09,1,10612636,10612208,428
760633381,23.2972,25.1028,422,45440,0.206171,0.07,1,10616830,10616408,422
760636301,29.6649,28.8051,423,45486,0.244469,0.07,1,10616860,10616437,423
760642141,35.6517,32.7995,426,45578,0.251515,0.13,1,10616925,10616499,426
760671341,44.0893,43.7545,478,46038,0.428947,0.25,1,10617210,10616732,478
761414481,33.5486,37.6496,449,28157,0.40342,0.45,1,10625324,10624875,449
761429081,57.0259,56.1649,491,28531,0.439577,0.27,1,10625554,10625063,491
761464121,88.5209,60.3251,535,29409,0.757038,0.53,2,10626178,10625643,535
761624721,38.6703,37.9667,478,33134,0.75025,1,2,10628676,10628198,478
761648081,19.5578,23.3105,464,33641,0.422821,0.85,1,10629028,10628564,464
761709401,88.1862,31.0168,539,34938,0.778432,0.57,2,10629903,10629364,539
761741521,91.0862,34.7242,552,35598,0.948377,0.81,2,10630364,10629812,552
761910881,31.8332,32.3742,487,38890,0.756208,1,2,10632599,10632112,487
761937161,21.8904,26.4986,476,39376,0.0467943,0.87,1,10632926,10632450,476
761972201,17.0065,19.807,422,40014,0.0264159,0.03,1,10633326,10632904,422
761975121,21.7503,21.8904,422,40067,0.0405664,0.03,1,10633348,10632926,422
761980961,30.1219,32.3547,451,40173,0.0436906,0.05,1,10633411,10632960,451
762018921,30.1266,32.4375,453,40850,0.0908574,0.05,1,10633834,10633381,453
762036441,35.9471,50.9067,464,41159,0.242029,0.19,1,10634056,10633592,464
762199961,41.9488,58.0293,494,43937,0.929156,0.65,2,10635835,10635341,494
762410201,16.417,29.3303,482,47269,0.0248338,0.89,1,10638093,10637611,482
762456921,16.3693,16.417,423,47976,0.0230679,0.01,1,10638516,10638093,423
762459841,27.4185,27.4208,423,48020,0.0272272,0.03,1,10638544,10638121,423
762462761,31.7709,31.771,423,48064,0.0288909,0,1,10638576,10638153,423
762474441,35.7513,34.8037,423,48240,0.0304516,0.03,1,10638678,10638255,423
762810241,36.0614,37.2199,492,53025,0.901644,0.75,2,10641692,10641200,492
763089101,27.3011,28.3947,436,26206,0.0551327,0.01,1,10644733,10644297,436
763182541,47.32,77.3802,467,28679,0.0868112,0.05,1,10646297,10645830,467
763191301,32.1302,32.4189,461,28900,0.0576359,0.19,1,10646447,10645986,461
763194221,3.50651,30.1209,433,28973,0.0410544,0.23,1,10646449,10646016,433
763200061,41.6188,54.3203,471,29119,0.0701687,0.17,1,10646546,10646075,471
763442421,71.6719,69.8493,530,34633,0.916,1,2,10650286,10649756,530
763457021,40.7117,36.291,522,34938,0.777485,1,2,10650503,10649981,522
763480381,31.8718,31.1336,502,35419,0.408392,1,1,10650817,10650315,502
764099421,27.026,30.147,502,46369,0.0248271,0.97,1,10658252,10657750,502
765020681,39.3894,36.2044,507,31429,0.220697,1,1,10668622,10668115,507
765163761,76.9685,75.3703,533,34572,0.903088,0.81,2,10670691,10670158,533
765499561,28.8362,34.0574,514,41006,0.226566,1,1,10675159,10674645,514
765511241,26.5216,26.5434,501,41210,0.0279761,1,1,10675285,10674784,501
765514161,35.5261,30.7772,506,41261,0.0531904,0.99,1,10675321,10674815,506
766014941,32.4901,26.8506,432,23278,0.0398398,0.09,1,10680784,10680352,432
766020781,93.2287,59.2996,519,23460,0.0843744,0.03,1,10680959,10680440,519
766026621,59.1331,41.8057,483,23640,0.0458999,0.01,1,10681059,10680576,483
766032461,61.6603,57.057,484,23819,0.073344,0.07,1,10681176,10680692,484
766038301,3.52665,32.4901,425,23997,0.060935,0.15,1,10681209,10680784,425
766044141,90.4963,93.2287,426,24173,0.22935,0.11,1,10681385,10680959,426
766052901,55.9236,55.2067,424,24435,0.0926784,0.09,1,10681538,10681114,424
766152181,63.4486,61.5014,448,27228,0.763044,0.53,2,10683334,10682886,448
766190141,110.826,110.779,459,28222,0.936246,0.81,2,10684031,10683572,459
766333221,32.289,107.753,459,31687,0.0756293,0.07,1,10686404,10685945,459
766336141,32.0144,37.6877,457,31754,0.0362517,0.05,1,10686436,10685979,457
766341981,41.5475,49.2092,467,31887,0.0958003,0.13,1,10686530,10686063,467
766344901,30.5774,43.3105,454,31953,0.0923201,0.09,1,10686560,10686106,454
766359501,97.668,52.5944,524,32283,0.226574,0.09,1,10686802,10686278,524
766377021,40.5313,30.5774,467,32674,0.202691,0.13,1,10687027,10686560,467
766666101,47.0553,82.1808,511,38555,0.903263,1,2,10690962,10690451,511
766812101,24.4853,31.6565,504,41203,0.447128,1,1,10692761,10692257,504
766841301,24.4059,31.4205,462,41713,0.0720394,0.79,1,10693107,10692645,462
766847141,24.096,28.1036,454,41815,0.0535263,0.49,1,10693157,10692703,454
766873421,3.44538,3.39801,423,42265,0.0222535,0.05,1,10693438,10693015,423
766876341,35.3223,34.3699,424,42315,0.0269014,0.05,1,10693475,10693051,424
766896781,36.2008,37.965,424,42665,0.0698111,0,1,10693662,10693238,424
766902621,33.008,33.1074,422,42763,0.0291698,0.01,1,10693766,10693344,422
766905541,32.0504,32.0554,422,42812,0.0116679,0.03,1,10693798,10693376,422
766911381,30.0051,30.9076,422,42910,0.00426687,0.03,1,10693858,10693436,422
766917221,39.12,35.3223,426,43008,0.0138827,0.03,1,10693901,10693475,426
766940581,68.3551,36.2008,494,43400,0.0273117,0,1,10694156,10693662,494
766946421,32.0434,33.008,453,43498,0.0211699,0,1,10694219,10693766,453
766949341,30.1022,32.0504,451,43547,0.0144679,0.01,1,10694249,10693798,451
766952261,30.0051,30.1025,451,43595,0.00578718,0,1,10694279,10693828,451
766981461,67.5001,37.1013,493,44075,0.0407734,0.01,1,10694579,10694086,493
766987301,31.9463,32.8678,453,44171,0.0245237,0,1,10694640,10694187,453
766993141,29.1024,30.1022,451,44267,0.0219238,0,1,10694700,10694249,451
767156661,63.0899,44.9009,490,46859,0.288157,0.11,1,10696290,10695800,490
767296821,73.7371,48.6428,536,48971,0.938172,0.89,2,10697643,10697107,536
767537721,33.5984,30.2358,446,24178,0.0783422,0.17,1,10700145,10699699,446
767552321,24.3842,16.845,434,24613,0.0495222,0.03,1,10700375,10699941,434
767555241,84.8192,65.4423,454,24699,0.0498089,0.05,1,10700463,10700009,454
767569841,63.7731,63.6923,424,25126,0.0406668,0.05,1,10700764,10700340,424
767572761,10.7887,12.6846,422,25210,0.0222667,0.05,1,10700772,10700350,422
767575681,27.1394,24.3842,425,25294,0.0269067,0.05,1,10700800,10700375,425
767590281,54.8599,68.0769,482,25710,0.226058,0.05,1,10701123,10700641,482
767596121,10.6822,63.7727,429,25874,0.212569,0.01,1,10701193,10700764,429
767631161,39.9224,75.5501,465,26840,0.219925,0.13,1,10701852,10701387,465
767707081,83.2971,87.8493,538,28821,0.908925,0.75,2,10703151,10702613,538
768010761,36.7143,35.7625,521,35651,0.776464,1,2,10707924,10707403,521
768042881,20.5676,31.2853,463,36298,0.0805019,0.67,1,10708350,10707887,463
768291081,37.211,40.1237,493,40950,0.906369,0.73,2,10711295,10710802,493
768527601,28.2725,33.1448,451,44931,0.401866,0.55,1,10713981,10713530,451
768530521,53.6636,53.9072,451,44978,0.406746,0.41,1,10714036,10713585,451
768892601,83.7069,81.6057,451,24348,0.797643,0.61,2,10718384,10717933,451
768910121,122.654,118.759,460,24866,0.902094,0.81,2,10718703,10718243,460
769129121,5.01509,4.91534,453,30599,0.796029,0.65,2,10722622,10722169,453
769149561,30.7897,30.695,455,31080,0.910326,0.71,2,10722962,10722507,455
769266361,102.411,127.141,481,33694,0.934,1,2,10724791,10724310,481
769310161,37.4651,54.1272,474,34624,0.0745672,0.25,1,10725402,10724928,474
769316001,34.3412,46.9703,456,34746,0.0563308,0.09,1,10725477,10725021,456
769318921,32.1171,32.7485,456,34807,0.0285323,0.05,1,10725509,10725053,456
769327681,35.42,42.7731,457,34990,0.0299061,0,1,10725601,10725144,457
769333521,36.9011,74.7769,458,35110,0.092385,0.11,1,10725711,10725253,458
769336441,29.3951,34.1388,455,35170,0.090954,0.11,1,10725740,10725285,455
769359801,35.3745,43.4003,457,35648,0.0996839,0.03,1,10726023,10725566,457
769362721,3.66873,35.42,424,35707,0.0938735,0.09,1,10726025,10725601,424
769400681,75.2352,73.3334,428,36469,0.202714,0.15,1,10726530,10726102,428
769435721,77.1377,75.2352,432,37158,0.408791,0.21,1,10726962,10726530,432
770208061,133.174,130.318,442,24780,0.413012,0.41,1,10736319,10735877,442
770210981,62.7087,62.5659,442,24866,0.411205,0.47,1,10736378,10735936,442
770216821,63.2843,63.2364,443,25036,0.443793,0.49,1,10736491,10736048,443
770257701,64.7987,131.273,513,26196,0.936198,0.69,2,10737272,10736759,513
770394941,29.2667,34.3832,512,29757,0.0386003,1,1,10739782,10739270,512
770424141,28.3883,29.2667,423,30461,0.0210224,0.03,1,10740205,10739782,423
770427061,31.8194,31.8633,423,30530,0.038409,0.03,1,10740237,10739814,423
770429981,11.091,11.0932,423,30599,0.0213636,0.09,1,10740247,10739824,423
770432901,65.1545,62.3047,426,30668,0.0505454,0.13,1,10740315,10739889,426
770459181,11.0861,11.091,422,31284,0.0270814,0.01,1,10740669,10740247,422
770465021,27.0552,64.6277,448,31419,0.063133,0.07,1,10740763,10740315,448
770473781,56.9678,72.6451,480,31620,0.0964405,0.11,1,10740922,10740442,480
770502981,58.0105,75.3551,482,32283,0.27082,0.11,1,10741348,10740866,482
771506001,90.7284,82.8538,548,25653,0.914234,0.81,2,10754912,10754364,548
771614041,60.8563,38.2079,541,28550,0.0988573,0.96,1,10756928,10756387,541
771619881,28.8896,30.163,494,28698,0.0818172,0.75,1,10756982,10756488,494
771652001,75.6877,31.8445,501,29499,0.244067,0.17,1,10757515,10757014,501
771739601,80.4954,32.8015,536,31580,0.787962,0.73,2,10758851,10758315,536
771894361,28.0722,28.1601,512,34953,0.7876,1,2,10761165,10760653,512
771949841,19.5995,17.6599,425,36084,0.0321509,0.05,1,10761928,10761503,425
772011161,64.4413,30.5239,492,37294,0.0612772,0.09,1,10762658,10762166,492
772022841,32.2845,18.6496,455,37520,0.0176487,0.07,1,10762805,10762350,455
772025761,35.8142,33.2325,457,37576,0.0250595,0.05,1,10762841,10762384,457
772043281,36.7743,50.5311,460,37912,0.0544521,0.09,1,10763018,10762558,460
772054961,19.5896,31.7961,440,38135,0.02285,0.03,1,10763194,10762754,440
772060801,36.719,32.2845,458,38245,0.033656,0.03,1,10763263,10762805,458
772066641,25.8843,24.5907,447,38355,0.023385,0.05,1,10763312,10762865,447
772078321,36.8218,51.4859,460,38575,0.0458627,0.05,1,10763442,10762982,460
772081241,3.74109,36.7743,426,38630,0.0243451,0.09,1,10763444,10763018,426
772084161,60.9871,61.6887,427,38685,0.027738,0,1,10763508,10763081,427
772090001,29.65,30.7917,422,38795,0.0224381,0.03,1,10763597,10763175,422
772095841,32.4216,31.3795,425,38903,0.0407901,0.03,1,10763651,10763226,425
772110441,3.72446,3.72221,423,39173,0.0337969,0.05,1,10763774,10763351,423
772113361,53.3862,52.4361,424,39227,0.0555188,0.05,1,10763830,10763406,424
772148401,3.72208,3.72446,422,39868,0.042485,0.07,1,10764196,10763774,422
772151321,55.2861,53.3862,424,39921,0.058994,0.09,1,10764254,10763830,424
772238921,61.4269,65.7378,493,41478,0.252736,0.19,1,10765278,10764785,493
772241841,25.8713,62.1869,455,41529,0.239095,0.21,1,10765302,10764847,455
772244761,3.19357,25.9093,433,41580,0.233638,0.23,1,10765304,10764871,433
772250601,34.493,33.5523,435,41682,0.280982,0.27,1,10765365,10764930,435
772268121,60.0285,59.0761,437,41985,0.424263,0.35,1,10765543,10765106,437
772309001,62.8786,60.0285,442,42684,0.758136,0.41,2,10765985,10765543,442
772317761,64.7931,64.7928,442,42831,0.781241,0.51,2,10766093,10765651,442
772614141,29.4403,32.3976,422,22247,0.299834,0.09,1,10770001,10769579,422
772640421,31.844,67.972,463,23091,0.400044,0.25,1,10770534,10770071,463
772923661,117.286,130.891,498,30733,0.788149,1,2,10775937,10775439,498
772932421,84.6027,74.9239,489,30940,0.755802,1,2,10776080,10775591,489
773166021,39.7975,47.5189,440,35999,0.409808,0.35,1,10779550,10779110,440
773478461,46.3821,49.219,476,41814,0.760876,1,2,10783517,10783041,476
774062461,29.2262,29.3402,426,31068,0.240416,0.13,1,10793159,10792733,426
774065381,45.1613,43.267,428,31136,0.258166,0.15,1,10793205,10792777,428
774155901,47.2038,46.1588,450,33178,0.785388,0.57,2,10794529,10794079,450
774173421,84.7799,83.8273,454,33559,0.909666,0.67,2,10794777,10794323,454
774380741,21.5044,35.2796,451,37772,0.0625651,0.17,1,10797649,10797198,451
774404101,18.4751,29.3074,440,38218,0.0559377,0.03,1,10797937,10797497,440
774421621,31.0213,29.5752,455,38548,0.0831443,0.05,1,10798134,10797679,455
774439141,26.5543,27.5024,423,38876,0.0785518,0.07,1,10798342,10797919,423
774442061,17.4777,18.4751,422,38930,0.0734207,0,1,10798359,10797937,422
774447901,60.4162,53.7212,430,39038,0.0801473,0.11,1,10798452,10798022,430
774474181,37.9411,37.0862,423,39524,0.0729804,0.09,1,10798739,10798316,423
774482941,29.3289,30.3239,422,39683,0.0557907,0.11,1,10798812,10798390,422
774485861,65.1164,60.4162,427,39736,0.0883163,0.13,1,10798879,10798452,427
774909261,74.7308,92.4685,483,21370,0.232163,0.57,1,10803700,10803217,483
774920941,30.2323,83.4103,442,21764,0.212007,0.13,1,10803950,10803508,442
774950141,75.7568,87.4418,510,22720,0.449191,0.31,1,10804568,10804058,510
775697661,35.9261,44.4861,497,40005,0.432698,1,1,10816498,10816001,497
775700581,29.3463,32.6243,494,40058,0.419079,1,1,10816527,10816033,494
775796941,24.4471,29.0979,426,41763,0.254415,0.17,1,10817606,10817180,426
775823221,66.5614,61.6757,431,42214,0.427219,0.19,1,10817916,10817485,431
776243701,148.235,147.19,453,24640,0.922426,0.63,2,10823486,10823033,453
776448101,120.266,122.019,453,30069,0.799953,0.63,2,10827221,10826768,453
776632061,29.2453,37.9905,453,34218,0.0511813,0.71,1,10830058,10829605,453
776696301,31.5675,86.0046,453,35553,0.219521,0.11,1,10830906,10830453,453
777359141,28.2114,28.2089,424,22437,0.0380677,0.01,1,10839199,10838775,424
777367901,62.4447,88.4295,484,22720,0.0929163,0.07,1,10839384,10838900,484
777382501,30.8601,28.2114,452,23183,0.0149963,0.03,1,10839651,10839199,452
777385421,93.693,30.8606,518,23274,0.0239985,0.09,1,10839748,10839230,518
777984021,32.3406,19.8131,454,37552,0.019189,0.03,1,10849360,10848906,454
777986941,33.917,32.3407,455,37608,0.0376756,0.07,1,10849394,10848939,455
778004461,42.0177,41.4928,465,37944,0.0614273,0.11,1,10849597,10849132,465
778019061,33.2405,19.8129,455,38222,0.0420146,0,1,10849782,10849327,455
778021981,34.912,32.3406,457,38277,0.0468058,0.05,1,10849817,10849360,457
778030741,32.8364,31.6248,454,38442,0.0425956,0.03,1,10849904,10849450,454
778039501,42.9702,42.355,466,38607,0.0836061,0.07,1,10850021,10849555,466
778757821,529.564,563.427,504,21900,0.79,0.61,2,10857815,10857311,504
778791401,64.2607,56.6787,476,23631,0.083056,0.25,1,10858418,10857942,476
778808921,16.9189,35.5831,425,24164,0.0524586,0.07,1,10858689,10858264,425
778811841,88.2459,88.2292,426,24252,0.0749834,0.07,1,10858781,10858355,426
779503881,15.5634,26.2694,423,39897,0.0723804,0.03,1,10869297,10868874,423
779611921,38.546,38.4533,425,41812,0.0950449,0.07,1,10870495,10870070,425
779635281,38.5195,37.6644,423,42212,0.0663358,0.01,1,10870759,10870336,423
779638201,3.82597,3.78322,423,42262,0.0445343,0.05,1,10870761,10870338,423
779649881,31.8205,29.9206,424,42462,0.0552361,0.13,1,10870880,10870456,424
779652801,42.441,38.546,428,42512,0.0760944,0.19,1,10870923,10870495,428
779778361,46.0859,45.2434,444,44597,0.44024,0.43,1,10872222,10871778,444
779781281,35.5543,35.5122,444,44644,0.434096,0.45,1,10872257,10871813,444
779857201,49.3174,49.2675,456,45856,0.921421,0.73,2,10873042,10872586,456
780115621,31.6553,36.8739,437,23187,0.0335231,0.15,1,10876019,10875582,437
780127301,67.8341,63.0649,490,23550,0.0588902,0.03,1,10876302,10875812,490
780133141,64.0571,46.1377,487,23730,0.0490224,0,1,10876412,10875925,487
780138981,52.7901,31.6553,475,23908,0.0378436,0.03,1,10876494,10876019,475
780203221,63.4557,50.163,490,25788,0.0895635,0.15,1,10877691,10877201,490
780209061,52.6936,27.7704,482,25952,0.0851302,0.17,1,10877771,10877289,482
780217821,57.8663,92.3743,486,26196,0.0896883,0.13,1,10877927,10877441,486
780477701,29.721,45.8427,485,32609,0.0663008,0.49,1,10882285,10881800,485
780950741,23.785,33.0052,470,41815,0.0619862,0.82,1,10888273,10887803,470
780953661,20.1892,25.4003,465,41865,0.0547945,0.88,1,10888293,10887828,465
781093821,34.7469,28.0351,469,44219,0.414997,0.27,1,10889794,10889325,469
781390201,502.947,520.787,502,21900,0.766,1,2,10892901,10892399,502
781407721,50.6094,72.1924,468,22475,0.411262,0.71,1,10893325,10892857,468
781419401,77.6692,95.5778,520,22850,0.435088,0.43,1,10893570,10893050,520
781585841,33.9581,26.7071,499,27644,0.404252,1,1,10896865,10896366,499
781641321,64.2837,30.5748,499,29065,0.425625,0.29,1,10897798,10897299,499
781874921,106.254,38.3358,584,34404,0.9148,1,2,10901445,10900861,584
781945001,33.4015,32.6252,451,35848,0.752233,0.57,2,10902388,10901937,451
781950841,43.0235,41.1691,452,35966,0.774357,0.63,2,10902494,10902042,452
781959601,43.4156,41.5605,454,36143,0.918599,0.65,2,10902608,10902154,454
782201961,29.3302,37.6607,451,40707,0.086713,0.07,1,10905703,10905252,451
782225321,26.3625,29.5427,451,41121,0.0624801,0.07,1,10905975,10905524,451
782342121,38.8412,34.2812,469,43125,0.23574,0.21,1,10907192,10906723,469
782350881,32.7704,29.3569,462,43272,0.235167,0.25,1,10907289,10906827,462
782380081,35.919,32.4793,469,43757,0.429104,0.25,1,10907586,10907117,469
782383001,37.8959,35.824,471,43805,0.441641,0.23,1,10907624,10907153,471
782391761,31.8226,28.4071,465,43949,0.434585,0.23,1,10907721,10907256,465
782710041,521.956,538.294,493,21900,0.442,0.67,1,10911430,10910937,493
782752381,57.4761,97.9933,458,22817,0.061168,0.03,1,10911720,10911262,458
782758221,22.1837,60.665,429,23003,0.0469869,0.03,1,10911823,10911394,429
782772821,58.4061,79.4884,478,23460,0.0585899,0.03,1,10912142,10911664,478
782781581,28.6593,22.1829,451,23730,0.0409498,0.03,1,10912274,10911823,451
782784501,77.433,28.6591,502,23819,0.0463799,0.07,1,10912354,10911852,502
782802021,22.1879,22.186,423,24348,0.0435685,0.05,1,10912668,10912245,423
782804941,31.5094,28.6593,426,24435,0.0714274,0.05,1,10912700,10912274,426
782807861,78.5255,77.433,427,24522,0.094571,0.09,1,10912781,10912354,427
782810781,48.5763,48.5216,427,24608,0.0918284,0.11,1,10912828,10912401,427
782813701,4.32881,4.32608,427,24694,0.0907314,0.19,1,10912830,10912403,427
782839981,104.724,103.766,429,25457,0.264941,0.15,1,10913368,10912939,429
782912981,117.086,113.284,455,27461,0.937145,0.71,2,10914701,10914246,455
783061901,20.5156,29.341,454,31148,0.0313238,0.73,1,10917249,10916795,454
783073581,37.0576,45.712,478,31419,0.0559539,0.39,1,10917389,10916911,478
783102781,35.3001,38.1522,459,32085,0.0360657,0.03,1,10917811,10917352,459
783225421,38.1019,39.0879,485,34746,0.754719,0.55,2,10919515,10919030,485
783240021,41.7506,91.1143,489,35050,0.791924,0.59,2,10919728,10919239,489
783429821,34.3518,35.6291,461,38775,0.781458,0.81,2,10922263,10921802,461
783698461,55.952,49.8187,519,43498,0.916,1,2,10925566,10925047,519
783778761,55.5877,38.5448,455,20852,0.0748178,0.01,1,10926596,10926141,455
783787521,31.1978,19.7791,436,21156,0.0275883,0.09,1,10926714,10926278,436
783843001,49.0489,48.1236,474,22986,0.221251,0.01,1,10927915,10927441,474
783854681,120.443,87.0646,547,23352,0.241392,0.15,1,10928198,10927651,547
783945201,132.078,95.5693,590,26017,0.947515,0.75,2,10929996,10929406,590
784029881,58.5119,56.3827,488,28282,0.945186,1,2,10931550,10931062,488
784091201,27.4455,37.6688,486,29815,0.931749,0.73,2,10932574,10932088,486
784094121,3.27228,26.5834,462,29886,0.9307,0.85,2,10932576,10932114,462
784097041,25.8136,26.9792,462,29957,0.94228,0.83,2,10932603,10932141,462
784099961,107.691,105.849,464,30028,0.946912,0.81,2,10932715,10932251,464
784283921,43.1547,45.4443,448,34184,0.294813,0.47,1,10935564,10935116,448
784359841,46.727,46.3274,455,35758,0.796403,0.67,2,10936616,10936161,455
784573001,27.2737,35.9925,447,39842,0.0419566,0.37,1,10939413,10938966,447
784593441,32.0576,36.1977,453,40213,0.0517271,0.03,1,10939618,10939165,453
784599281,27.4876,19.5655,449,40318,0.0406763,0.07,1,10939663,10939214,449
784605121,80.4387,31.7789,504,40422,0.0629082,0.03,1,10939778,10939274,504
785107361,15.9556,13.9819,442,23127,0.0454049,0.13,1,10945590,10945148,442
785110281,94.8478,16.8491,524,23219,0.072162,0.07,1,10945689,10945165,524
785419801,108.763,58.9702,579,31446,0.920917,1,2,10951371,10950792,579
785425641,69.6219,51.7799,534,31580,0.789347,1,2,10951482,10950948,534
785504481,26.5712,26.4805,451,33342,0.761962,0.61,2,10952595,10952144,451
785507401,25.0786,26.024,450,33405,0.754785,0.61,2,10952620,10952170,450
785510321,106.704,104.851,452,33468,0.775914,0.61,2,10952731,10952279,452
785770201,45.7539,44.8241,449,38685,0.754025,0.55,2,10956217,10955768,449
785808161,47.6517,45.7539,460,39389,0.916785,0.81,2,10956677,10956217,460
786103081,3.80649,32.4253,454,44476,0.753775,0.67,2,10960140,10959686,454
786108921,49.5995,46.8686,456,44570,0.789004,0.67,2,10960215,10959759,456
786441801,31.3516,22.8407,453,49673,0.0951134,0.11,1,10963722,10963269,453
786631601,43.3617,31.2297,498,52355,0.768588,0.67,2,10965422,10964924,498
786925061,36.6058,20.9944,444,25962,0.0307927,0.13,1,10968334,10967890,444
786930901,57.899,45.0825,447,26125,0.0421268,0.07,1,10968411,10967964,447
786933821,65.595,50.7041,462,26206,0.0468507,0,1,10968477,10968015,462
787948521,444.145,464.231,471,20440,0.4156,0.97,1,10982264,10981793,471
787966041,43.6266,85.1447,436,21764,0.0443282,0.05,1,10982607,10982171,436
787986481,39.1118,43.6266,422,22437,0.0396081,0.03,1,10983029,10982607,422
788001081,64.6796,97.6747,485,22906,0.0864312,0.01,1,10983334,10982849,485
788012761,29.7354,81.7556,448,23274,0.0510286,0.03,1,10983561,10983113,448
788138321,79.5439,109.829,533,26911,0.929434,0.71,2,10985972,10985439,533
788252201,50.3517,57.793,527,29824,0.771472,1,2,10988000,10987473,527
788275561,41.9931,38.679,477,30387,0.0787709,0.86,1,10988369,10987892,477
788336881,45.78,40.7818,477,31817,0.405489,0.25,1,10989269,10988792,477
788339801,47.889,45.7391,479,31883,0.444196,0.25,1,10989317,10988838,479
788582161,24.504,25.6511,476,36984,0.265489,0.97,1,10992773,10992297,476
788751521,62.4718,29.4591,524,40164,0.920603,0.79,2,10994822,10994298,524
788760281,49.9232,29.4157,512,40322,0.908279,0.87,2,10994939,10994427,512
789173461,64.229,59.8388,541,26270,0.946,1,2,11001873,11001332,541
789179301,34.2181,33.2571,504,26431,0.78376,1,2,11001944,11001440,504
789226021,4.62598,4.67672,424,27685,0.0682711,0.03,1,11002759,11002335,424
789234781,72.6637,69.8636,425,27913,0.0727694,0.07,1,11002897,11002472,425
789290261,86.1879,71.6686,512,29320,0.246898,0.11,1,11003831,11003319,512
789555981,31.2596,47.692,502,35284,0.0553405,1,1,11007897,11007395,502
790283061,30.507,31.2345,491,47925,0.0218792,1,1,11016272,11015781,491
791088981,58.1941,61.7409,506,29185,0.771054,0.57,2,11024370,11023864,506
791115261,61.0467,61.8814,519,29831,0.929965,0.79,2,11024831,11024312,519
791240821,37.2348,31.1045,519,32742,0.437008,1,1,11026835,11026316,519
791252501,34.7604,30.801,497,32999,0.0857314,1,1,11026990,11026493,497
791299221,29.7647,27.7747,426,34010,0.0744612,0.13,1,11027635,11027209,426
791322581,66.0141,32.0818,490,34504,0.205782,0.03,1,11027935,11027445,490
791661301,24.0071,31.1325,470,41001,0.0597422,0.45,1,11032262,11031792,470
792138721,114.585,85.0428,505,21997,0.268234,0.63,1,11037398,11036893,505
792150401,46.9998,60.0511,456,22380,0.204867,0.13,1,11037657,11037201,456
792235081,108.842,105.893,465,24982,0.941838,0.89,2,11039396,11038931,465
792357721,36.3717,38.3743,460,28326,0.0991981,0.55,1,11041689,11041229,460
792389841,41.2756,63.5686,466,29138,0.254905,0.13,1,11042220,11041754,466
792603001,54.8281,67.5136,484,34032,0.913696,1,2,11045534,11045050,484
792608841,43.1721,52.3713,481,34156,0.773791,1,2,11045604,11045123,481
792664321,30.4196,37.9346,453,35313,0.0591777,0.05,1,11046371,11045918,453
792874561,73.3099,68.5574,462,39389,0.903754,0.81,2,11048943,11048481,462
793064361,21.0819,27.9359,458,42733,0.432849,0.73,1,11051225,11050767,458
793335921,58.6018,41.4917,522,47101,0.926867,1,2,11054181,11053659,522
793344681,24.0091,28.7023,502,47236,0.789639,1,2,11054255,11053753,502
793680481,34.0691,35.2961,525,52115,0.940215,1,2,11057583,11057058,525
793772461,14.4839,24.0829,432,24785,0.079213,0.03,1,11058634,11058202,432
793801661,38.6063,87.4362,460,25627,0.260878,0.09,1,11059186,11058726,460
794020661,106.242,111.418,461,31220,0.430896,0.65,1,11063043,11062582,461
794430921,38.2301,57.3888,446,18118,0.25422,0.17,1,11068997,11068551,446
794433841,22.8115,31.3694,438,18235,0.239688,0.23,1,11069019,11068581,438
794477641,97.8486,73.818,549,19909,0.750129,0.63,2,11070226,11069677,549
794720001,60.0294,68.5815,490,27365,0.256816,1,1,11075477,11074987,490
794725841,30.8351,41.829,487,27519,0.0950906,1,1,11075553,11075066,487
794731681,24.5396,36.6321,480,27673,0.0380145,1,1,11075612,11075132,480
794757961,19.8795,24.5396,422,28354,0.0291128,0.01,1,11076034,11075612,422
794763801,66.2647,88.4113,488,28503,0.061058,0.05,1,11076193,11075705,488
794766721,29.9132,66.1706,451,28577,0.0544232,0.01,1,11076221,11075770,451
794784241,19.7866,36.5909,440,29019,0.0501525,0.03,1,11076455,11076015,440
794793001,29.7826,66.2647,451,29238,0.0720898,0.05,1,11076644,11076193,451
794810521,18.599,34.7316,440,29670,0.0195548,0.05,1,11076876,11076436,440
794816361,64.6465,95.0393,485,29812,0.0523288,0.05,1,11077039,11076554,485
795216401,24.5285,41.7502,476,38326,0.0393639,0.67,1,11082699,11082223,476
795233921,3.60627,35.0545,428,38656,0.0101779,0,1,11082881,11082453,428
795318601,58.4159,46.5884,481,40211,0.0375511,0.07,1,11083850,11083369,481
796766921,78.4277,48.4501,505,28495,0.794289,0.69,2,11097888,11097383,505
796942121,31.3512,42.6334,492,32654,0.038449,0.79,1,11100788,11100296,492
796950881,26.8224,33.7161,440,32849,0.0348607,0.15,1,11100870,11100430,440
797020961,50.3173,36.167,473,34361,0.0447519,0,1,11101804,11101331,473
797023881,53.8159,51.2084,475,34423,0.0719007,0.05,1,11101858,11101383,475
797029721,31.5795,44.398,452,34545,0.0367041,0.03,1,11101931,11101479,452
797035561,43.4939,52.8835,464,34667,0.0502727,0.07,1,11102028,11101564,464
797933461,45.1013,68.2365,465,23550,0.098782,0.09,1,11112499,11112034,465
797942221,40.1123,61.3785,461,23819,0.041122,0.09,1,11112685,11112224,461
797965581,38.2075,40.1123,423,24522,0.0318425,0.05,1,11113108,11112685,423
797974341,84.7471,85.695,423,24780,0.0675579,0.07,1,11113240,11112817,423
798070701,92.3473,89.4924,458,27461,0.759428,0.69,2,11114988,11114530,458
798222541,55.2188,61.7319,453,31216,0.0263682,0.61,1,11117617,11117164,453
798301381,51.5331,49.4406,435,32996,0.0226439,0.23,1,11118697,11118262,435
798365621,52.5829,57.9955,481,34379,0.220461,0.21,1,11119549,11119068,481
798940861,28.0573,33.8051,477,44881,0.0593108,0.98,1,11126609,11126132,477
799364261,34.4727,50.0306,495,51242,0.935342,1,2,11130814,11130319,495
799651881,46.7043,76.2606,502,25744,0.936177,0.75,2,11133885,11133383,502
799940961,36.5013,47.6592,475,32902,0.754343,0.99,2,11138910,11138435,475
800504521,27.4722,34.4984,457,43573,0.228426,0.19,1,11146142,11145685,457
800533721,34.1187,36.3258,462,44053,0.418561,0.17,1,11146458,11145996,462
800536641,22.6059,33.1663,451,44101,0.413425,0.15,1,11146480,11146029,451
800545401,29.4243,36.4438,460,44245,0.416939,0.25,1,11146575,11146115,460
800665121,36.2166,36.4785,502,46159,0.932386,0.91,2,11147823,11147321,502
800668041,22.7108,36.0239,488,46205,0.930954,0.91,2,11147845,11147357,488
800676801,28.4743,37.4868,494,46343,0.946861,0.95,2,11147939,11147445,494
800901641,27.4286,34.7169,483,49722,0.788399,0.67,2,11150264,11149781,483
800904561,26.0714,29.2858,480,49764,0.77736,0.67,2,11150290,11149810,480
801146921,33.0555,30.6414,511,53162,0.948823,1,2,11152628,11152117,511
801656461,21.4762,21.6155,442,33134,0.265068,0.33,1,11160029,11159587,442
801744061,96.2466,45.8338,545,34999,0.79409,0.57,2,11161262,11160717,545
801922181,50.0531,28.6751,518,38507,0.43502,1,1,11163689,11163171,518
801928021,27.2001,26.4817,513,38617,0.423603,1,1,11163746,11163233,513
801933861,12.9405,20.7287,501,38727,0.416977,1,1,11163770,11163269,501
802199581,49.1917,63.2042,517,43407,0.91624,1,2,11166978,11166461,517
802249221,22.1595,28.9555,484,44225,0.439256,0.79,1,11167518,11167034,484
802252141,14.408,26.1478,472,44273,0.433702,0.75,1,11167532,11167060,472
802255061,9.2704,15.5574,466,44321,0.431481,0.73,1,11167541,11167075,466
802360181,36.9639,35.1588,481,46001,0.775563,0.51,2,11168600,11168119,481
802403981,38.9113,36.2777,497,46684,0.929744,0.79,2,11169060,11168563,497
802406901,66.5456,36.9639,528,46729,0.929898,0.87,2,11169128,11168600,528
802608381,32.209,32.2462,512,49746,0.416563,1,1,11171223,11170711,512
803255161,20.6836,16.9101,453,27010,0.0176508,0.59,1,11177452,11176999,453
803261001,28.5517,31.1548,455,27166,0.0640241,0.37,1,11177501,11177046,455
803290201,27.1338,28.0798,423,27936,0.0376665,0.05,1,11177952,11177529,423
803328161,83.2898,88.7951,504,28906,0.0425105,0.03,1,11178621,11178117,504
803331081,44.0645,82.3398,464,28979,0.0350042,0.03,1,11178663,11178199,464
803354441,83.247,88.7951,506,29559,0.061334,0.05,1,11179044,11178538,506
803363201,24.5679,53.5032,445,29773,0.0305654,0.05,1,11179162,11178717,445
803442041,91.5455,85.8073,514,31636,0.25671,0.09,1,11180320,11179806,514
803977861,41.6183,34.6764,511,25893,0.0861699,0.87,1,11190803,11190292,511
804001221,37.7609,34.3669,464,26541,0.054033,0.03,1,11191225,11190761,464
804004141,57.938,41.6183,481,26621,0.0756132,0.03,1,11191284,11190803,481
804021661,38.0675,37.3601,426,27095,0.06563,0.03,1,11191580,11191154,426
804030421,58.8858,57.938,426,27329,0.0802803,0.13,1,11191710,11191284,426
804065461,126.117,119.418,434,28244,0.411635,0.23,1,11192338,11191904,434
804719541,22.4281,20.8229,431,41777,0.0978875,0.21,1,11201458,11201027,431
804853861,58.5489,30.0301,505,44039,0.799066,0.51,2,11202934,11202429,505
804874301,30.5448,2.84425,482,44375,0.785865,0.61,2,11203126,11202644,482
806138661,32.5611,26.1235,509,43709,0.921693,1,2,11220932,11220423,509
806559141,94.5287,68.6738,574,26307,0.946,1,2,11227054,11226480,574
806597101,61.4652,63.5767,459,27336,0.792432,0.75,2,11227718,11227259,459
806813181,29.6099,43.9516,450,32570,0.00989271,0.01,1,11231344,11230894,450
806900781,64.0772,50.2906,486,34465,0.0440265,0.07,1,11232477,11231991,486
806909541,30.2916,35.8332,451,34648,0.0428977,0.03,1,11232612,11232161,451
806921221,3.32186,29.43,423,34892,0.0127622,0.01,1,11232711,11232288,423
806927061,18.1058,54.3186,441,35013,0.0728419,0.07,1,11232788,11232347,441
806962101,2.81242,18.1058,427,35730,0.0532983,0.17,1,11233215,11232788,427
806965021,46.6906,43.6553,431,35789,0.0633193,0.03,1,11233264,11232833,431
806973781,33.9161,34.8847,422,35966,0.0345324,0.07,1,11233425,11233003,422
806982541,36.8904,35.8906,425,36143,0.0470901,0.11,1,11233528,11233103,425
807073061,57.6248,50.4907,485,37912,0.249156,0.17,1,11234606,11234121,485
807108101,62.3745,50.4954,493,38575,0.435173,0.27,1,11235041,11234548,493
807397181,32.941,36.6294,493,43661,0.217034,0.69,1,11238484,11237991,493
807400101,30.147,35.0815,488,43709,0.212814,0.69,1,11238514,11238026,488
807403021,16.7074,32.1541,472,43757,0.211125,0.71,1,11238530,11238058,472
807408861,29.0643,35.1829,477,43853,0.21498,0.49,1,11238590,11238113,477
807897961,67.0403,103.09,500,25788,0.411826,0.33,1,11244768,11244268,500
808084841,32.7653,25.1139,492,30599,0.063969,1,1,11248050,11247558,492
808178281,72.2258,40.7006,495,32739,0.0946774,0.03,1,11249433,11248938,495
808184121,29.7256,34.8718,423,32868,0.0475484,0.03,1,11249466,11249043,423
808187041,28.0863,28.3436,423,32932,0.0370194,0.05,1,11249494,11249071,423
808201641,55.1821,54.2295,428,33252,0.25932,0.17,1,11249720,11249292,428
808233761,58.0419,55.1821,435,33945,0.424074,0.29,1,11250155,11249720,435
808236681,31.4021,32.2091,434,34007,0.41563,0.25,1,11250185,11249751,434
808239601,38.6201,37.7105,435,34069,0.436252,0.31,1,11250224,11249789,435
808245441,5.17905,5.17678,435,34193,0.4214,0.29,1,11250293,11249858,435
808254201,34.6543,26.6743,470,34379,0.42273,0.33,1,11250387,11249917,470
808295081,62.6475,36.7566,510,35230,0.768348,0.53,2,11250985,11250475,510
808522841,38.0784,34.6754,482,39636,0.416432,1,1,11254009,11253527,482
808531601,19.4608,27.5638,471,39795,0.262572,0.89,1,11254126,11253655,471
808534521,18.073,21.3282,468,39848,0.231029,0.85,1,11254144,11253676,468
808601681,65.3993,36.7432,491,41050,0.263749,0.13,1,11254935,11254444,491
808975441,27.6705,17.8318,434,21861,0.0291074,0.09,1,11259211,11258777,434
809001721,84.669,77.0192,508,22720,0.0447962,0.07,1,11259800,11259292,508
809013401,21.3173,65.399,440,23091,0.0151148,0.03,1,11260026,11259586,440
809159401,89.7393,86.8827,455,27302,0.788557,0.65,2,11262743,11262288,455
809346281,16.858,35.01,438,31883,0.0034492,0.05,1,11265884,11265446,438
809357961,22.2977,46.0036,443,32147,0.0812563,0,1,11266009,11265566,443
809375481,17.6704,33.1605,438,32540,0.0215507,0,1,11266306,11265868,438
809422201,15.4235,16.3739,422,33564,0.0202398,0.01,1,11266855,11266433,422
809425121,48.2712,48.3187,422,33627,0.0860959,0.03,1,11266905,11266483,422
809433881,39.1532,39.1532,422,33816,0.0287901,0.07,1,11267105,11266683,422
809439721,20.4279,20.4279,422,33941,0.0226064,0.07,1,11267153,11266731,422
809442641,33.3214,32.3714,423,34003,0.0630426,0.07,1,11267187,11266764,423
809495201,98.8283,60.3208,522,35106,0.0638862,0.03,1,11267911,11267389,522
809501041,28.5571,39.1483,449,35226,0.0354218,0.05,1,11267975,11267526,449
809503961,21.3779,28.5574,442,35286,0.0321687,0.03,1,11267996,11267554,442
809539001,21.3777,21.3779,423,35999,0.0119955,0.01,1,11268419,11267996,423
809541921,35.2689,35.2689,423,36058,0.0227982,0.03,1,11268455,11268032,423
809547761,53.3357,50.4857,426,36176,0.0744477,0.05,1,11268531,11268105,426
809550681,4.56678,4.42428,426,36234,0.0597791,0.11,1,11268533,11268107,426
809553601,19.2283,18.2712,427,36292,0.0899116,0.17,1,11268553,11268126,427
809585721,4.66416,4.56678,425,36927,0.085729,0.11,1,11268958,11268533,425
809588641,19.2332,19.2283,425,36984,0.0882916,0.17,1,11268978,11268553,425
809591561,58.9117,56.0614,428,37041,0.0893166,0.17,1,11269039,11268611,428
809594481,4.84558,4.70307,428,37098,0.0657267,0.11,1,11269041,11268613,428
809612001,36.2179,21.3762,458,37440,0.0887294,0.07,1,11269299,11268841,458
809617841,56.2355,22.6634,480,37552,0.0897967,0.09,1,11269379,11268899,480
809632441,50.5947,4.84558,477,37832,0.0856779,0.09,1,11269518,11269041,477
809652881,56.2848,22.7109,483,38222,0.233575,0.09,1,11269804,11269321,483
810080661,59.9266,38.4867,493,23543,0.421177,0.21,1,11276022,11275529,493
810244181,137.91,127.128,500,28140,0.922,1,2,11279195,11278695,500
810279221,32.3424,64.7548,483,29029,0.287445,0.65,1,11279780,11279297,483
810387261,39.0831,131.859,489,31614,0.944158,0.71,2,11281479,11280990,489
810524501,16.4822,27.3862,488,34618,0.0315209,1,1,11283539,11283051,488
810527421,13.1741,17.5193,484,34679,0.0306083,0.99,1,11283552,11283068,484
810533261,33.2829,38.7088,503,34801,0.0492973,0.9,1,11283625,11283122,503
810536181,43.4641,43.7354,503,34862,0.0497189,0.73,1,11283669,11283166,503
810556621,17.4317,25.6441,439,35284,0.0297842,0.01,1,11283962,11283523,439
810565381,35.2258,38.6587,457,35464,0.0607062,0.07,1,11284049,11283592,457
810612101,6.36083,6.21346,429,36406,0.0307876,0.23,1,11284645,11284216,429
810617941,48.8459,47.753,433,36522,0.054126,0.23,1,11284742,11284309,433
810790221,94.0736,91.2684,463,39791,0.928554,0.87,2,11286849,11286386,463
810987321,38.5735,67.1979,447,19533,0.0501242,0.21,1,11289455,11289008,447
810996081,141.6,80.3546,567,19857,0.0696879,0.05,1,11289699,11289132,567
811001921,67.5665,77.3409,491,20070,0.0483501,0.09,1,11289841,11289350,491
811016521,78.1425,141.6,497,20594,0.253426,0.03,1,11290196,11289699,497
811200481,27.7945,36.8995,497,26302,0.227567,1,1,11294033,11293536,497
811323121,55.1372,38.7833,509,29494,0.926145,0.65,2,11296180,11295671,509
811477881,29.3337,31.4189,467,33081,0.761457,0.82,2,11298612,11298145,467
811480801,25.2167,26.2709,466,33145,0.754583,0.81,2,11298637,11298171,466
811635561,56.3767,51.7146,491,36370,0.943592,1,2,11300909,11300418,491
811658921,31.216,38.9992,481,36833,0.782095,1,2,11301166,11300685,481
811667681,22.0059,25.5338,478,37004,0.777494,0.93,2,11301329,11300851,478
811682281,36.7476,36.1779,498,37289,0.788758,0.85,2,11301509,11301011,498
811869161,24.3582,35.2545,480,40754,0.0376891,0.69,1,11303888,11303408,480
812050201,37.0118,75.1834,486,43849,0.783956,0.65,2,11305852,11305366,486
812301321,18.645,29.2966,475,47808,0.779324,1,2,11308545,11308070,475
812880941,32.1503,35.7107,512,31691,0.929968,1,2,11316567,11316055,512
812910141,32.1476,35.0069,501,32353,0.279895,0.95,1,11317036,11316535,501
813015261,61.8226,58.4052,516,34627,0.757522,0.71,2,11318549,11318033,516
813473701,24.7741,34.8702,506,43158,0.290431,1,1,11324386,11323880,506
813491221,14.5789,30.4752,476,43452,0.015987,0.81,1,11324587,11324111,476
813713141,35.7516,31.0318,488,46996,0.901511,0.63,2,11326842,11326354,488
813716061,35.9876,35.7516,488,47041,0.906604,0.61,2,11326878,11326390,488
813958421,19.2567,23.1645,451,50625,0.207649,0.49,1,11329296,11328845,451
814054781,25.9873,25.6966,465,51982,0.43338,0.41,1,11330148,11329683,465
814060621,23.72,18.3992,463,52063,0.430541,0.41,1,11330190,11329727,463
814083981,30.8219,28.3883,473,52383,0.439312,0.43,1,11330414,11329941,473
814089821,26.9621,25.246,471,52463,0.40509,0.47,1,11330467,11329996,471
814092741,32.6981,25.9623,478,52503,0.444036,0.47,1,11330500,11330022,478
814453361,65.5902,56.9446,522,26441,0.7612,0.91,2,11333833,11333311,522
814465041,55.9782,47.5191,506,26760,0.259631,0.97,1,11334044,11333538,506
814470881,41.1799,38.4038,488,26918,0.210741,0.91,1,11334167,11333679,488
814485481,23.1835,28.283,443,27309,0.209931,0.29,1,11334355,11333912,443
814558481,56.6946,32.7894,507,29185,0.77206,0.59,2,11335603,11335096,507
814573081,84.6884,57.771,539,29546,0.914175,0.71,2,11335896,11335357,539
814713241,34.6677,29.0978,514,32807,0.786275,1,2,11338073,11337559,514
814742441,22.8328,28.355,460,33445,0.0368202,0.75,1,11338498,11338038,460
814745361,35.3416,34.6677,461,33508,0.0807281,0.81,1,11338534,11338073,461
814812521,48.4521,35.3412,473,34931,0.29256,0.17,1,11339429,11338956,473
814847561,64.3148,48.4521,501,35650,0.416737,0.35,1,11339930,11339429,501
815361481,11.6282,10.9875,462,21156,0.076744,0.29,1,11346406,11345944,462
815542521,103.053,120.1,561,26661,0.932925,1,2,11350263,11349702,561
815545441,39.3527,79.155,520,26740,0.90717,1,2,11350299,11349779,520
816091481,31.3409,30.3469,457,38822,0.901241,0.71,2,11358506,11358049,457
816094401,39.567,39.5173,457,38876,0.930497,0.71,2,11358546,11358089,457
816106081,47.0695,45.0269,463,39092,0.941053,0.83,2,11358712,11358249,463
816304641,25.2948,28.9149,453,42610,0.0339241,0.67,1,11361096,11360643,453
816342601,48.8059,28.9236,472,43248,0.0584484,0.03,1,11361493,11361021,472
816348441,27.9095,25.2948,450,43346,0.0273517,0,1,11361546,11361096,450
816351361,34.6455,28.8147,456,43395,0.0649407,0.05,1,11361581,11361125,456
817020041,89.9183,83.2132,477,24905,0.24424,0.53,1,11368330,11367853,477
817320801,35.185,62.7857,476,32513,0.0745886,0.27,1,11373538,11373062,476
817332481,3.73645,36.1786,424,32773,0.0534135,0.01,1,11373651,11373227,424
817390881,46.7495,47.69,426,34040,0.0837931,0.05,1,11374461,11374035,426
817490161,50.7965,49.7492,429,36092,0.299632,0.17,1,11375743,11375314,429
817516441,57.6013,56.7012,432,36615,0.430503,0.25,1,11376051,11375619,432
818144241,3.09875,23.9249,431,47422,0.427052,0.23,1,11383263,11382832,431
818147161,36.2549,37.2962,431,47466,0.440821,0.21,1,11383301,11382870,431
818249361,39.0782,40.4747,492,48994,0.778543,0.65,2,11384310,11383818,492
818252281,27.6039,40.0237,479,49037,0.773417,0.63,2,11384337,11383858,479
818255201,22.2802,26.7012,475,49080,0.771367,0.69,2,11384359,11383884,475
818290241,32.3552,37.2048,491,49596,0.912133,0.77,2,11384689,11384198,491
818563261,65.4173,67.6386,527,25874,0.926069,0.85,2,11388061,11387534,527
818656701,37.7615,46.342,475,28376,0.91264,1,2,11389752,11389277,475
818726781,34.0439,33.1417,427,30115,0.20042,0.11,1,11390943,11390516,427
818732621,37.4201,36.4679,428,30255,0.234867,0.21,1,11391007,11390579,428
818753061,96.675,91.8778,430,30741,0.401121,0.21,1,11391342,11390912,430
819245081,171.389,184.916,457,19257,0.795066,0.75,2,11398886,11398429,457
819396921,44.2635,44.2188,448,24328,0.759364,0.57,2,11402323,11401875,448
819399841,70.6132,68.7109,450,24415,0.789746,0.59,2,11402395,11401945,450
819405681,150.087,143.384,458,24588,0.797159,0.71,2,11402587,11402129,458
819408601,64.5043,65.1192,457,24674,0.792864,0.71,2,11402647,11402190,457
819423201,71.6604,70.6132,460,25101,0.90402,0.77,2,11402855,11402395,460
819429041,150.089,150.087,460,25269,0.948643,0.79,2,11403047,11402587,460
819589641,33.4738,43.4428,454,29526,0.0639487,0.07,1,11405976,11405522,454
819624681,26.9852,27.9187,428,30375,0.0559583,0.15,1,11406458,11406030,428
819636361,42.9184,41.9683,430,30653,0.0754965,0.11,1,11406571,11406141,430
819671401,45.5197,125.507,469,31472,0.223693,0.15,1,11407172,11406703,469
819925441,140.139,157.008,486,36864,0.930921,1,2,11410836,11410350,486
819940041,26.2734,33.4173,481,37149,0.915571,1,2,11410995,11410514,481
820195541,43.9545,93.0682,509,20643,0.946,1,2,11415899,11415390,509
820215981,42.9519,43.9545,474,21352,0.0841188,0.77,1,11416373,11415899,474
820230581,24.1527,23.747,423,21844,0.0639814,0.05,1,11416672,11416249,423
820248101,67.8585,65.0538,425,22420,0.0675984,0.05,1,11417075,11416650,425
820551781,82.0906,85.7956,427,30722,0.273543,0.15,1,11422615,11422188,427
820563461,115.081,115.169,429,30997,0.406027,0.19,1,11422827,11422398,429
820653981,125.581,122.784,463,33048,0.906029,0.83,2,11424187,11423724,463
820665661,4.38254,4.42991,463,33304,0.904618,0.87,2,11424302,11423839,463
820668581,29.6691,27.7715,465,33368,0.943847,0.91,2,11424333,11423868,465
820840861,22.6799,27.1974,449,36921,0.904094,0.61,2,11426779,11426330,449
820849621,33.1982,34.1844,452,37092,0.932662,0.69,2,11426867,11426415,452
821091981,3.24905,30.6856,425,41554,0.0500132,0.07,1,11429949,11429524,425
821138701,34.968,33.9706,425,42359,0.0908337,0.09,1,11430424,11429999,425
821141621,25.4984,26.3985,424,42409,0.0903335,0.05,1,11430449,11430025,424
821156221,28.7623,27.9521,424,42659,0.220122,0.01,1,11430583,11430159,424
821202941,46.2419,50.8381,476,43443,0.235633,0.11,1,11431111,11430635,476
821243821,47.3843,50.8383,480,44117,0.427951,0.25,1,11431545,11431065,480
821375221,49.6218,57.6334,508,46221,0.942442,0.79,2,11432899,11432391,508
821559181,31.6679,31.6449,483,21997,0.28216,1,1,11435111,11434628,483
821582541,19.6579,13.1825,445,22757,0.210658,0.13,1,11435556,11435111,445
821585461,37.0829,19.6591,463,22850,0.222263,0.07,1,11435594,11435131,463
821588381,109.204,38.033,537,22943,0.262905,0.15,1,11435707,11435170,537
822020541,36.4889,36.358,491,33970,0.0636596,1,1,11443264,11442773,491
822035141,25.6082,2.15391,489,34280,0.0263319,0.81,1,11443466,11442977,489
822038061,40.2304,26.7077,502,34342,0.0525328,0.59,1,11443507,11443005,502
822134421,24.6677,24.7104,423,36317,0.0432279,0.07,1,11444733,11444310,423
822137341,43.9834,43.0355,424,36375,0.0472912,0.03,1,11444778,11444354,424
822166541,37.3534,37.3534,422,36952,0.0161798,0.05,1,11445131,11444709,422
822172381,43.9834,43.9834,422,37066,0.0325888,0.05,1,11445200,11444778,422
822382621,44.8095,56.39,498,40967,0.932479,0.71,2,11447674,11447176,498
822665861,34.6772,34.0791,488,45691,0.902973,1,2,11450953,11450465,488
822919901,8.67828,25.4944,469,49546,0.771175,0.77,2,11453586,11453117,469
822940341,27.2695,34.4323,478,49841,0.920353,0.69,2,11453796,11453318,478
823208981,23.3352,15.7804,453,24785,0.0531438,0.03,1,11456594,11456141,453
823238181,82.6656,76.0583,508,25627,0.0781831,0.01,1,11457182,11456674,508
823244021,60.0092,59.4226,482,25792,0.0689093,0.09,1,11457301,11456819,482
823372501,65.7954,60.9098,523,29186,0.914956,0.73,2,11459506,11458983,523
823492221,31.616,26.7549,511,32023,0.773384,1,2,11461466,11460955,511
823550621,22.8872,21.0783,427,33320,0.284051,0.11,1,11462320,11461893,427
823556461,33.7347,30.0252,429,33446,0.289048,0.11,1,11462383,11461954,429
823576901,55.0369,53.8967,435,33887,0.422263,0.25,1,11462675,11462240,435
823579821,58.8018,58.7448,435,33949,0.438905,0.31,1,11462734,11462299,435
823667421,64.7634,64.021,457,35769,0.916074,0.73,2,11463872,11463415,457
823877661,30.8222,35.8691,457,39798,0.255861,0.81,1,11466655,11466198,457
823974021,56.9189,55.3714,504,41512,0.790017,0.57,2,11467791,11467287,504
823976941,4.74595,55.0186,451,41563,0.790007,0.61,2,11467793,11467342,451
824011981,57.2814,55.3788,462,42168,0.924943,0.79,2,11468196,11467734,462
824283541,25.4968,18.6442,461,46591,0.225692,0.29,1,11471221,11470760,461
824292301,32.5739,26.4242,466,46726,0.273404,0.29,1,11471293,11470827,466
824312741,43.9552,45.0556,471,47041,0.402668,0.19,1,11471506,11471035,471
824636861,62.9026,77.5203,504,23451,0.9448,1,2,11474718,11474214,504
824657301,30.8306,31.9931,480,24076,0.434514,0.92,1,11475147,11474667,480
824718621,59.9143,56.38,518,25861,0.908848,0.79,2,11476361,11475843,518
824721541,79.9457,59.819,539,25943,0.933539,0.81,2,11476442,11475903,539
824727381,37.3449,25.7045,498,26106,0.923366,0.83,2,11476502,11476004,498
824730301,43.6672,35.4852,506,26187,0.927346,0.83,2,11476546,11476040,506
824899661,31.6882,28.9238,432,30522,0.407517,0.17,1,11479547,11479115,432
824966821,85.6041,37.2316,540,32079,0.762471,0.65,2,11480572,11480032,540
825130341,32.8188,33.3225,492,35584,0.245048,0.73,1,11482980,11482488,492
825133261,43.4409,33.9661,502,35643,0.284019,0.71,1,11483024,11482522,502
825596081,161.383,122.565,530,19818,0.4036,1,1,11488879,11488349,530
825599001,71.7191,100.178,498,19925,0.27544,0.95,1,11488946,11488448,498
825604841,52.5718,91.7829,472,20137,0.24447,0.57,1,11489080,11488608,472
825788801,66.3853,103.59,508,25945,0.26463,0.49,1,11493063,11492555,508
826028241,36.0162,36.263,504,31947,0.0573706,0.9,1,11497161,11496657,504
826031161,30.3008,30.3132,504,32013,0.0289482,0.82,1,11497191,11496687,504
826037001,60.6383,37.8858,527,32145,0.0298317,0.77,1,11497288,11496761,527
826428281,34.7055,36.4742,492,40003,0.0232072,1,1,11502519,11502027,492
826961181,82.6394,36.5968,510,21997,0.0721214,0.71,1,11508323,11507813,510
827002061,118.535,57.4053,543,23310,0.0999155,0.13,1,11509174,11508631,543
827483861,20.79,40.6173,476,35253,0.0970991,0.69,1,11517248,11516772,476
827790461,38.8516,108.555,502,41070,0.789138,1,2,11521146,11520644,502
827831341,38.3217,38.8516,460,41784,0.76394,0.73,2,11521606,11521146,460
828097061,21.5838,25.1715,442,21156,0.0444084,0.09,1,11524866,11524424,442
828143781,88.3143,58.0064,517,22707,0.063662,0,1,11525868,11525351,517
828500021,90.6665,65.3331,541,32141,0.778334,0.61,2,11532182,11531641,541
828686901,30.1941,33.1929,461,36112,0.773056,0.73,2,11534870,11534409,461
829203741,31.3218,40.3532,497,45300,0.94503,1,2,11541249,11540752,497
829218341,28.4071,21.7422,495,45532,0.766781,1,2,11541420,11540925,495
829825701,68.6276,77.6469,521,29535,0.928855,0.67,2,11549503,11548982,521
830030101,34.0164,36.8448,495,34187,0.92008,1,2,11552654,11552159,495
830056381,20.651,32.209,494,34740,0.0365107,0.98,1,11553058,11552564,494
830065141,40.304,34.0164,501,34923,0.0524967,0.79,1,11553155,11552654,501
830094341,26.1739,28.5825,449,35524,0.0432968,0.03,1,11553536,11553087,449
830181941,37.1669,36.2597,474,37267,0.400984,0.35,1,11554633,11554159,474
830249101,39.5315,66.7287,486,38550,0.771091,0.55,2,11555485,11554999,486
830252021,37.1266,39.4364,485,38605,0.770436,0.57,2,11555522,11555037,485
830254941,3.75633,36.1718,451,38660,0.770175,0.61,2,11555524,11555073,451
830471021,32.2263,39.7267,517,42512,0.779193,1,2,11558203,11557686,517
830473941,23.4613,34.2863,506,42562,0.761677,1,2,11558226,11557720,506
830989321,86.8852,78.1903,543,25653,0.787124,0.77,2,11564982,11564439,543
831199561,39.8881,43.2014,483,31039,0.0888209,0.97,1,11568740,11568257,483
831202481,31.4444,35.4101,479,31107,0.0415284,0.88,1,11568771,11568292,479
831208321,31.0011,34.431,464,31243,0.0318445,0.81,1,11568871,11568407,464
831217081,35.0138,41.8684,485,31446,0.0459581,0.61,1,11568963,11568478,485
831225841,65.0533,71.2481,499,31647,0.0819013,0.03,1,11569125,11568626,499
831231681,31.3226,39.8881,452,31781,0.0695042,0.01,1,11569192,11568740,452
831237521,31.9983,69.0222,452,31914,0.0963207,0.03,1,11569294,11568842,452
831240441,20.5999,31.0011,443,31980,0.0925283,0.07,1,11569314,11568871,443
831263801,71.7736,31.3226,498,32505,0.0968882,0.03,1,11569690,11569192,498
832263901,55.6441,3.42422,477,25570,0.0307653,0.03,1,11582991,11582514,477
832307701,65.029,27.6709,490,26787,0.0365131,0.01,1,11583778,11583288,490
832398221,77.5789,88.5796,498,29138,0.0430025,0.03,1,11585270,11584772,498
833358901,26.7522,27.8643,438,21666,0.0343049,0.09,1,11598105,11597667,438
833393941,56.1183,95.1992,480,22813,0.220792,0.09,1,11598847,11598367,480
833414381,59.0755,96.3667,488,23456,0.289251,0.25,1,11599281,11598793,488
833650901,3.6799,36.84,465,29895,0.0210883,0.91,1,11603645,11603180,465
833723901,51.6616,62.2322,478,31616,0.227023,0.15,1,11604739,11604261,478
834513761,17.2768,51.2748,434,21764,0.0291681,0.03,1,11614904,11614470,434
834534201,17.1821,17.2768,423,22437,0.0202535,0.01,1,11615327,11614904,423
834537121,34.1091,34.1138,423,22532,0.0501014,0.01,1,11615362,11614939,423
834542961,88.8153,84.6353,511,22720,0.0908162,0.03,1,11615539,11615028,511
834794081,34.8605,56.9575,494,29682,0.0484718,0.71,1,11620263,11619769,494
834875841,72.7108,67.2113,505,31616,0.426754,0.25,1,11621460,11620955,505
835115281,43.0186,36.398,492,36698,0.229219,1,1,11624920,11624428,492
835124041,26.5935,35.9526,484,36870,0.05139,1,1,11625019,11624535,484
835162001,13.6269,26.5935,434,37608,0.0118245,0.07,1,11625453,11625019,434
835167841,35.4216,42.484,457,37720,0.0342919,0.05,1,11625533,11625076,457
835197041,15.3887,25.5386,436,38277,0.0329882,0,1,11625876,11625440,436
835202881,35.331,43.4313,456,38387,0.0928781,0.05,1,11625954,11625498,456
835205801,32.1665,35.4216,453,38442,0.0791512,0.05,1,11625986,11625533,453
835226241,25.0235,27.8785,422,38826,0.0506345,0.07,1,11626223,11625801,422
835237921,44.465,41.6194,426,39042,0.0668162,0.11,1,11626345,11625919,426
835246681,54.7636,54.8083,426,39204,0.0697962,0.05,1,11626468,11626042,426
835649641,93.8585,122.947,475,20647,0.0955759,0.03,1,11631130,11630655,475
835652561,60.7429,80.2474,456,20750,0.0442304,0.05,1,11631189,11630733,456
835655481,54.3371,61.9624,449,20852,0.0356921,0.03,1,11631243,11630794,449
835661321,19.5633,47.1799,438,21055,0.0237107,0.01,1,11631329,11630891,438
835731401,97.7574,112.147,523,23352,0.201345,0.17,1,11632834,11632311,523
835924121,99.4517,134.388,558,28728,0.928,1,2,11636519,11635961,558
835927041,66.7226,103.619,521,28802,0.7972,1,2,11636584,11636063,521
835941641,28.967,45.3189,503,29168,0.259655,1,1,11636752,11636249,503
835959161,25.8804,28.0361,480,29601,0.0272159,0.55,1,11637090,11636610,480
835965001,37.5422,34.7926,481,29744,0.0343545,0.27,1,11637157,11636676,481
835973761,34.3543,33.7483,432,29957,0.0201987,0.01,1,11637218,11636786,432
836038001,94.2238,96.9835,516,31475,0.0865221,0.09,1,11638258,11637742,516
836067201,97.8361,98.4751,520,32141,0.236,0.11,1,11638684,11638164,520
836382561,37.2707,24.3001,511,38603,0.215837,0.96,1,11642992,11642481,511
836519801,69.6636,24.3672,517,41096,0.780669,0.55,2,11644575,11644058,517
837325721,65.9945,23.9337,492,34370,0.0802364,0.05,1,11657514,11657022,492
838563801,72.3369,77.7347,525,26761,0.750669,0.67,2,11672149,11671624,525
838686441,32.395,49.4934,504,29903,0.404249,1,1,11674308,11673804,504
838703961,31.9647,38.0213,453,30325,0.280565,0.57,1,11674575,11674122,453
838771121,40.847,72.09,489,31891,0.757149,0.57,2,11675609,11675120,489
838963841,40.2821,41.2736,486,36005,0.0726315,1,1,11678438,11677952,486
838969681,24.8007,27.9857,476,36123,0.036821,1,1,11678502,11678026,476
839031001,74.709,32.7785,502,37332,0.0866081,0.09,1,11679250,11678748,502
839042681,28.0291,25.7425,452,37558,0.0703292,0.05,1,11679377,11678925,452
839048521,26.6226,21.3919,448,37670,0.0436527,0.03,1,11679423,11678975,448
839051441,52.6311,26.7196,475,37726,0.0474611,0.11,1,11679477,11679002,475
839083561,25.5305,19.4515,448,38338,0.0339275,0.01,1,11679844,11679396,448
839086481,54.4765,26.6226,477,38393,0.043571,0.05,1,11679900,11679423,477
839092321,30.7262,25.4316,454,38503,0.0369714,0.03,1,11679955,11679501,454
839095241,36.6863,29.7716,461,38558,0.0807885,0.11,1,11679992,11679531,461
839531781,532.648,551.661,501,20440,0.418,1,1,11685031,11684530,501
839540541,64.0776,74.6582,493,21469,0.064912,0.49,1,11685250,11684757,493
839552221,22.6456,21.6138,442,21861,0.0364617,0.01,1,11685452,11685010,442
839581421,67.8588,83.2703,489,22813,0.0397029,0.07,1,11686098,11685609,489
839593101,20.7882,34.9541,442,23183,0.0269844,0.01,1,11686296,11685854,442
839601861,70.7562,84.1767,492,23456,0.039887,0.05,1,11686523,11686031,492
839648581,69.5535,71.5009,422,24862,0.0349975,0.07,1,11687369,11686947,422
839654421,91.3739,87.4837,428,25032,0.0787996,0.17,1,11687522,11687094,428
839753701,96.1991,98.0963,452,27764,0.783151,0.61,2,11689274,11688822,452
839978541,43.6529,41.6172,433,33120,0.412451,0.27,1,11692886,11692453,433
840036941,77.9527,58.0027,525,34375,0.770759,0.55,2,11693673,11693148,525
840250101,34.0001,31.3498,489,38607,0.755924,0.61,2,11696578,11696089,489
840492461,26.8476,27.0306,468,42909,0.297187,1,1,11699501,11699033,468
840521661,36.5153,29.3495,477,43399,0.409461,0.35,1,11699821,11699344,477
840524581,46.4758,40.4175,483,43448,0.433784,0.37,1,11699868,11699385,483
840530421,22.7737,23.0435,458,43546,0.428205,0.29,1,11699908,11699450,458
840536261,36.4894,26.8476,471,43642,0.444113,0.31,1,11699972,11699501,471
840819501,522.026,528.6,503,21900,0.777996,1,2,11703022,11702519,503
840847241,113.928,95.894,465,21997,0.432879,0.39,1,11703645,11703180,465
841513001,16.4418,23.9821,461,38080,0.402311,0.45,1,11714754,11714293,461
841644401,39.3303,43.7036,496,40499,0.905662,0.75,2,11716373,11715877,496
841850261,24.7323,34.5945,437,20347,0.0475755,0.05,1,11718970,11718533,437
841856101,96.4868,98.1265,517,20555,0.0568121,0.01,1,11719176,11718659,517
841859021,85.5743,94.2063,508,20658,0.0407248,0.03,1,11719261,11718753,508
841861941,51.7787,87.3603,471,20761,0.0342899,0.03,1,11719311,11718840,471
841888221,27.6342,26.6819,424,21663,0.01739,0.05,1,11719819,11719395,424
841891141,3.28171,3.2341,424,21761,0.012956,0.19,1,11719821,11719397,424
841894061,110.364,105.612,429,21858,0.0351824,0.11,1,11719937,11719508,429
841902821,52.4728,52.6693,422,22148,0.0317717,0.01,1,11720156,11719734,422
841914501,111.316,110.364,424,22529,0.0359974,0.05,1,11720361,11719937,424
843254781,487.077,524.94,481,21900,0.79,1,2,11738530,11738049,481
843310261,77.537,75.4921,455,24348,0.760203,0.61,2,11739752,11739297,455
843324861,78.0548,79.0023,455,24780,0.918162,0.69,2,11739959,11739504,455
843523421,34.0193,34.2915,423,30041,0.0800237,0.13,1,11743579,11743156,423
843593501,90.5141,98.5733,514,31687,0.211794,0.17,1,11744694,11744180,514
843854841,46.7433,72.1907,461,16582,0.062896,0.67,1,11748611,11748150,461
843866521,78.5401,76.1008,503,17088,0.24329,0.03,1,11748989,11748486,503
843872361,29.8364,46.7403,451,17335,0.203326,0.05,1,11749062,11748611,451
844018361,42.4594,83.7265,513,22750,0.782554,1,2,11752705,11752192,513
844329341,10.7226,11.7696,453,31236,0.755284,0.59,2,11758397,11757944,453
844332261,35.6861,31.9385,457,31304,0.776114,0.59,2,11758434,11757977,457
844596521,23.6634,31.5885,440,16710,0.0505082,0.09,1,11762708,11762268,440
844602361,104.844,130.609,525,16963,0.0740813,0.01,1,11762957,11762432,525
844605281,97.3922,104.38,519,17088,0.0296325,0,1,11763054,11762535,519
844616961,108.459,139.883,528,17579,0.0299906,0.09,1,11763382,11762854,528
844631561,8.62113,136.183,424,18175,0.0286559,0.03,1,11763699,11763275,424
844666601,8.53111,8.61899,423,19530,0.011826,0.07,1,11764546,11764123,423
844669521,102.077,100.181,425,19639,0.0467304,0.07,1,11764653,11764228,425
844719161,136.266,132.57,433,21402,0.256121,0.23,1,11765820,11765387,433
845638961,28.9761,37.7455,427,42328,0.0445918,0.13,1,11780092,11779665,427
845653561,26.6309,24.6362,426,42578,0.0248886,0.03,1,11780253,11779827,426
845685681,36.3651,24.7724,460,43119,0.0881384,0.01,1,11780578,11780118,460
845755761,22.1202,23.4028,447,44279,0.0604486,0.11,1,11781305,11780858,447
845814161,3.72324,3.62822,430,45222,0.0509587,0.17,1,11781858,11781428,430
845863801,35.2544,20.9093,459,46007,0.0946838,0.07,1,11782339,11781880,459
845898841,37.4196,26.2964,463,46555,0.272673,0.09,1,11782704,11782241,463
846278441,42.3778,30.0911,510,52111,0.449751,1,1,11786417,11785907,510
846310561,33.363,21.4052,484,52551,0.402368,0.59,1,11786685,11786201,484
846731041,20.639,20.5489,444,27554,0.203741,0.15,1,11790660,11790216,444
846733961,78.932,70.3774,453,27631,0.231496,0.15,1,11790742,11790289,453
847274161,33.8735,39.833,450,39325,0.057067,0.47,1,11798663,11798213,450
847277081,24.4937,27.6417,447,39379,0.0528268,0.33,1,11798687,11798240,447
847306281,21.346,21.3912,422,39911,0.0427869,0.03,1,11799019,11798597,422
847309201,31.4673,31.4696,422,39964,0.0591148,0.07,1,11799051,11798629,422
847367601,46.1436,33.5335,468,41009,0.0759856,0.03,1,11799700,11799232,468
847379281,26.0722,27.3537,449,41213,0.0563292,0.03,1,11799841,11799392,449
847396801,16.6912,25.9771,443,41519,0.0274736,0.13,1,11800003,11799560,443
847440601,2.73231,2.73456,423,42275,0.0234721,0.03,1,11800428,11800005,423
847443521,46.6866,46.6867,423,42325,0.0273889,0.03,1,11800477,11800054,423
847449361,47.6642,46.7617,423,42425,0.0439822,0.03,1,11800547,11800124,423
847455201,38.5942,37.6894,423,42525,0.0322372,0.05,1,11800635,11800212,423
847458121,27.5797,28.4845,422,42575,0.0308949,0.05,1,11800662,11800240,422
847466881,33.2677,32.3178,423,42724,0.0574173,0.03,1,11800741,11800318,423
847536961,38.4019,49.7883,463,43892,0.400203,0.13,1,11801481,11801018,463
848303461,66.0401,67.1879,513,25744,0.785666,0.59,2,11809305,11808792,513
848446541,24.8625,46.2969,489,29507,0.0591353,0.85,1,11811944,11811455,489
848475741,24.0075,24.8625,424,30217,0.0560801,0.05,1,11812368,11811944,424
848481581,35.9225,35.9247,424,30357,0.0701728,0,1,11812439,11812015,424
848484501,28.3961,29.3462,423,30427,0.0340691,0.15,1,11812467,11812044,423
848487421,48.9198,47.0673,425,30497,0.0436276,0.11,1,11812517,11812092,425
848493261,58.1673,57.2127,426,30635,0.0969804,0.07,1,11812580,11812154,426
848502021,43.0945,43.149,422,30842,0.0616467,0.05,1,11812767,11812345,422
848528301,61.0024,78.0454,485,31454,0.218205,0.07,1,11813147,11812662,485
848531221,42.0001,63.7523,463,31521,0.213282,0.05,1,11813188,11812725,463
848534141,26.8,43.0876,447,31588,0.211313,0.03,1,11813214,11812767,447
848560421,41.0574,61.0024,472,32186,0.402329,0.21,1,11813619,11813147,472
849080181,495.747,554.888,481,18980,0.418,0.95,1,11820495,11820014,481
849094781,62.2382,88.7173,433,19533,0.0772691,0.05,1,11820891,11820458,433
849176541,134.777,130.976,450,22375,0.776664,0.55,2,11822785,11822335,450
849331301,3.53031,35.6517,442,26940,0.211403,0.33,1,11825880,11825438,442
849392621,37.1502,126.45,482,28545,0.771133,0.59,2,11826967,11826485,482
849608701,34.4503,35.4009,445,33589,0.759941,0.57,2,11830410,11829965,445
849634981,63.2134,62.1231,456,34151,0.908424,0.73,2,11830828,11830372,456
849877341,66.5991,65.6017,460,38952,0.914126,0.81,2,11834116,11833656,460
850096341,28.9497,30.9495,459,42827,0.786703,0.81,2,11836733,11836274,459
850116781,32.2666,52.4444,488,43170,0.9205,0.75,2,11836988,11836500,488
850378121,29.7717,19.6223,452,21861,0.265439,0.19,1,11840118,11839666,452
850427761,64.6681,56.4118,515,23456,0.759649,0.61,2,11841210,11840695,515
850430681,92.5334,63.6206,545,23546,0.78986,0.67,2,11841304,11840759,545
850570841,31.8777,35.924,449,27534,0.202931,0.41,1,11844001,11843552,449
850608801,36.3346,74.1896,472,28517,0.447572,0.35,1,11844658,11844186,472
850862841,26.7071,40.9645,469,34375,0.275835,0.39,1,11848611,11848142,469
850868681,35.0743,56.6274,472,34498,0.280534,0.35,1,11848702,11848230,472
851443921,60.3003,60.6698,491,44974,0.921946,1,2,11855794,11855303,491
851467281,20.0801,29.8171,484,45350,0.230377,0.99,1,11856032,11855548,484
851511081,16.2198,20.0326,446,46041,0.0561189,0.21,1,11856458,11856012,446
851537361,25.0716,27.2829,449,46453,0.0583295,0.05,1,11856736,11856287,449
851540281,32.6036,27.9641,454,46498,0.0893318,0.07,1,11856769,11856315,454
851546121,24.829,20.5899,448,46588,0.0682931,0.05,1,11856815,11856367,448
851549041,28.7914,26.6795,450,46633,0.0933172,0.09,1,11856844,11856394,450
851581161,26.9739,26.4326,449,47128,0.0425609,0.07,1,11857160,11856711,449
851709641,27.8926,31.5075,453,49056,0.235335,0.13,1,11858295,11857842,453
851718401,31.3226,56.5004,454,49185,0.279301,0.11,1,11858410,11857956,454
851727161,21.7352,35.6012,450,49314,0.278755,0.19,1,11858497,11858047,450
851861481,61.2616,60.3092,453,51242,0.90661,0.69,2,11859714,11859261,453
852054201,493.83,523.775,493,24820,0.94,1,2,11861963,11861470,493
852207501,70.5534,82.686,484,27805,0.42184,1,1,11864168,11863684,484
852222101,33.1349,32.4148,466,28184,0.0838364,0.75,1,11864404,11863938,466
852265901,46.7188,80.2315,467,29291,0.0937378,0.03,1,11865157,11864690,467
852870341,32.49,36.9733,458,41639,0.068889,0.55,1,11873382,11872924,458
852899541,27.3204,26.4684,423,42143,0.0552346,0.01,1,11873692,11873269,423
852919981,33.0496,31.1498,424,42493,0.0772457,0.07,1,11873924,11873500,424
852998821,34.761,51.025,455,43813,0.0861692,0.03,1,11874738,11874283,455
853388641,74.5003,75.1602,501,22817,0.236917,1,1,11878814,11878313,501
853397401,55.9453,57.3466,481,23095,0.0552427,0.43,1,11878996,11878515,481
853403241,17.7624,15.6284,450,23278,0.0532388,0.39,1,11879063,11878613,450
853493761,17.8159,51.2155,467,25952,0.758238,0.61,2,11880807,11880340,467
853502521,76.0545,113.189,527,26196,0.786047,0.67,2,11881004,11880477,527
853636841,36.138,88.1281,508,29686,0.0837008,1,1,11883476,11882968,508
853639761,33.1569,35.7564,508,29757,0.0634803,1,1,11883509,11883001,508
854235441,23.595,29.9886,489,41815,0.0305418,0.91,1,11891557,11891068,489
854676361,91.7594,53.9025,517,22663,0.0913543,0.05,1,11896812,11896295,517
854696801,92.7974,68.1883,519,23310,0.246753,0.11,1,11897238,11896719,519
854702641,67.7295,64.438,492,23492,0.21588,0.15,1,11897367,11896875,492
854787321,99.9752,77.6034,558,25982,0.920538,0.77,2,11899019,11898461,558
854924561,54.7008,32.2364,529,29571,0.285766,0.95,1,11901521,11900992,529
854950841,28.8509,30.0153,436,30209,0.23488,0.23,1,11901901,11901465,436
855029681,35.5386,42.9175,486,32046,0.77173,0.63,2,11903020,11902534,486
855210721,29.2241,37.4515,481,35907,0.436551,0.95,1,11905742,11905261,481
855216561,25.1531,29.0686,475,36025,0.411848,0.97,1,11905795,11905320,475
855298321,41.6876,89.8543,493,37632,0.93983,0.69,2,11906865,11906372,493
855310001,20.7388,32.7776,481,37856,0.922572,0.81,2,11906990,11906509,481
856238561,30.4356,41.8901,492,30627,0.937312,1,2,11920103,11919611,492
856788981,36.7561,50.9273,499,20239,0.944539,0.85,2,11928393,11927894,499
856861981,40.6882,89.5556,519,22714,0.9472,1,2,11930188,11929669,519
856894101,28.1247,85.6381,496,23720,0.942027,1,2,11930906,11930410,496
857086821,25.4742,36.0098,481,29027,0.400711,0.69,1,11934616,11934135,481
857092661,32.0312,52.815,481,29173,0.430114,0.53,1,11934700,11934219,481
857291221,44.0706,54.8667,485,33750,0.76201,1,2,11937866,11937381,485
857302901,37.5604,33.4542,484,34000,0.276643,1,1,11938021,11937537,484
857352541,22.3196,28.395,443,35043,0.0409254,0.03,1,11938702,11938259,443
857358381,28.6033,37.1685,453,35163,0.0725481,0.09,1,11938771,11938318,453
857381741,25.504,35.8468,450,35642,0.0379398,0.05,1,11939102,11938652,450
857384661,3.1752,28.3923,424,35701,0.0331759,0.03,1,11939104,11938680,424
857393421,34.2978,28.6033,429,35878,0.0489233,0.13,1,11939200,11938771,429
857405101,66.1262,64.2286,429,36114,0.0905804,0.09,1,11939369,11938940,429
857410941,34.5553,36.5931,424,36231,0.0828929,0.05,1,11939466,11939042,424
857440141,64.371,66.1262,425,36810,0.247563,0.11,1,11939794,11939369,425
858072321,53.8163,53.0209,423,22151,0.0377606,0.03,1,11947460,11947037,423
858078161,81.1695,81.1201,424,22342,0.0384417,0.07,1,11947608,11947184,424
858081081,12.6085,12.606,424,22437,0.0333767,0.03,1,11947617,11947193,424
858089841,67.4231,72.3654,490,22720,0.0484561,0.01,1,11947828,11947338,490
858092761,53.7212,69.1683,474,22813,0.0253824,0.05,1,11947881,11947407,474
858110281,63.7657,75.4615,488,23365,0.295394,0.03,1,11948249,11947761,488
858113201,54.4883,67.4231,475,23456,0.232158,0.01,1,11948303,11947828,475
858136561,48.7024,54.4883,431,24169,0.203601,0.11,1,11948734,11948303,431
858162841,63.2826,63.2351,431,24947,0.419151,0.25,1,11949229,11948798,431
858165761,89.6141,86.7618,434,25032,0.42566,0.25,1,11949320,11948886,434
858168681,13.9807,13.8381,434,25117,0.416264,0.39,1,11949330,11948896,434
858197881,81.7351,73.849,526,25948,0.752028,0.53,2,11949933,11949407,526
858352641,37.8144,54.408,476,29966,0.220625,1,1,11952660,11952184,476
858387681,33.3419,34.627,423,30802,0.0591021,0.11,1,11953221,11952798,423
858390601,52.9671,51.1313,425,30871,0.0776408,0.17,1,11953275,11952850,425
858781881,33.4217,34.2843,423,38988,0.0585684,0.03,1,11958632,11958209,423
858790641,19.5884,19.5885,423,39150,0.0471884,0.03,1,11958708,11958285,423
858796481,51.349,48.499,426,39258,0.0807501,0.09,1,11958781,11958355,426
858819841,32.3697,33.4217,422,39687,0.0716925,0.09,1,11959054,11958632,422
858884081,35.7758,48.611,462,40842,0.274514,0.13,1,11959746,11959284,462
859231561,45.6274,62.2549,514,46588,0.946,1,2,11963623,11963109,514
859234481,31.7314,38.2627,508,46633,0.9004,1,2,11963654,11963146,508
859314781,17.8026,19.1407,438,22569,0.0965832,0.07,1,11964645,11964207,438
859384861,5.80413,5.94177,423,24726,0.0243713,0.03,1,11966006,11965583,423
859399461,35.9567,35.0518,423,25152,0.0368544,0.03,1,11966324,11965901,423
859402381,22.6978,22.6526,423,25236,0.0327417,0.01,1,11966346,11965923,423
859416981,76.5826,65.7526,498,25653,0.0657785,0.01,1,11966658,11966160,498
859422821,35.959,54.1244,457,25818,0.0453246,0.03,1,11966746,11966289,457
859437421,72.4044,81.0378,493,26226,0.0934401,0.07,1,11967006,11966513,493
859735261,62.465,66.9383,485,33468,0.0664434,1,1,11971830,11971345,485
859744021,36.4854,45.9622,485,33657,0.0587324,0.85,1,11971932,11971447,485
859749861,27.2612,37.6874,456,33783,0.0561972,0.55,1,11972029,11971573,456
859802421,40.1067,64.0289,460,34892,0.0777451,0.03,1,11972714,11972254,460
859805341,24.8053,40.2514,445,34953,0.061098,0.07,1,11972738,11972293,445
859989301,31.7397,80.9458,488,38575,0.912427,0.75,2,11975086,11974598,488
860170341,31.6033,28.2882,486,41835,0.0587504,1,1,11977308,11976822,486
860176181,20.5515,25.1032,485,41935,0.0274001,1,1,11977359,11976874,485
860736821,26.3522,40.5261,496,50681,0.946,1,2,11983011,11982515,496
860841941,12.8636,13.8132,426,24685,0.0948274,0.07,1,11984432,11984006,426
860879901,64.6306,54.9434,492,25779,0.206498,0.11,1,11985134,11984642,492
861606981,22.2622,30.1593,491,41455,0.0512194,0.96,1,11995751,11995260,491
861694581,3.38747,3.33531,429,42956,0.0379844,0.19,1,11996637,11996208,429
861697501,22.9694,22.9668,429,43005,0.0571938,0.19,1,11996661,11996232,429
861703341,54.9674,35.2074,484,43103,0.075151,0.21,1,11996753,11996269,484
861916501,65.5148,37.2967,527,46542,0.935683,0.79,2,11998969,11998442,527
861925261,36.9204,34.4588,498,46677,0.920284,0.85,2,11999045,11998547,498
862155941,33.8671,33.3894,490,50118,0.783959,0.71,2,12001446,12000956,490
862626061,36.1939,37.7255,501,28632,0.912039,0.91,2,12007257,12006756,501
862763301,32.8063,33.0356,486,31922,0.408327,0.55,1,12009581,12009095,486
862970621,34.1609,40.1078,510,36325,0.946,1,2,12012561,12012051,510
863034861,26.4137,35.0909,480,37584,0.226909,0.55,1,12013422,12012942,480
863043621,40.4211,36.9855,483,37752,0.291242,0.49,1,12013530,12013047,483
863315181,55.4708,43.8262,496,42643,0.916,1,2,12016824,12016328,496
863332701,26.1582,33.2039,491,42937,0.406889,1,1,12017034,12016543,491
863370661,25.2137,32.2786,473,43573,0.0378436,0.47,1,12017452,12016979,473
863376501,23.7655,26.1582,461,43669,0.024055,0.15,1,12017495,12017034,461
863402781,42.4919,31.8887,466,44101,0.0642018,0.05,1,12017786,12017320,466
863411541,24.3111,29.2735,447,44245,0.0581089,0.03,1,12017874,12017427,447
863417381,22.8608,19.3107,446,44341,0.0488974,0.01,1,12017917,12017471,446
863420301,29.643,23.7655,452,44389,0.049559,0.03,1,12017947,12017495,452
863534181,47.1964,31.0314,471,46205,0.208708,0.11,1,12019059,12018588,471
863563381,26.3219,30.5369,454,46658,0.200868,0.15,1,12019302,12018848,454
863575061,33.829,49.5789,462,46838,0.20871,0.19,1,12019442,12018980,462
863915241,492.641,540.769,472,23360,0.43,0.45,1,12023048,12022576,472
863953201,239.332,270.238,442,23360,0.202,0.29,1,12023274,12022832,442
863961961,48.2139,82.0829,433,24353,0.064048,0.03,1,12023441,12023008,433
865348961,141.592,157.163,469,23360,0.290797,0.91,1,12041446,12040977,469
865363561,27.7607,69.293,445,23810,0.20476,0.19,1,12041729,12041284,445
865372321,62.0741,89.3087,456,24076,0.292225,0.09,1,12041872,12041416,456
865626361,38.4283,37.4239,428,30798,0.217846,0.13,1,12046412,12045984,428
865632201,79.2311,78.2786,429,30936,0.259255,0.19,1,12046539,12046110,429
865722721,89.7802,86.8881,455,32990,0.796969,0.71,2,12047875,12047420,455
865924201,70.1628,81.6685,452,37153,0.234766,0.69,1,12050698,12050246,452
866578281,500.471,538.008,473,21900,0.786898,0.88,2,12058182,12057709,473
866589961,58.6386,86.9618,470,22285,0.757185,0.59,2,12058486,12058016,470
866873201,46.9398,53.3577,454,30139,0.272492,0.51,1,12063954,12063500,454
866960801,47.7994,84.7863,499,32178,0.761084,0.65,2,12065284,12064785,499
867156441,44.277,45.2871,464,36317,0.258034,0.85,1,12068142,12067678,464
867159361,33.5639,33.6144,464,36375,0.241214,0.77,1,12068175,12067711,464
867162281,27.3282,28.2807,463,36433,0.222485,0.75,1,12068202,12067739,463
867226521,46.9372,45.6016,489,37688,0.440448,0.45,1,12069019,12068530,489
867232361,27.3823,32.699,472,37800,0.424472,0.51,1,12069080,12068608,472
867235281,19.4191,26.3349,465,37856,0.403789,0.53,1,12069099,12068634,465
867436761,30.9482,27.9203,512,41529,0.94048,1,2,12071599,12071087,512
867638241,30.8294,23.5134,499,44899,0.939622,1,2,12073941,12073442,499
867641161,37.6415,27.7757,509,44946,0.945849,1,2,12073979,12073470,509
868026601,10.2838,19.5666,476,50765,0.758551,1,2,12078017,12077541,476
868032441,47.7157,37.2889,487,50847,0.787368,1,2,12078090,12077603,487
868363861,35.7316,20.8209,473,25798,0.0981549,0.35,1,12081517,12081044,473
868395981,64.9747,79.5568,495,26688,0.418024,0.21,1,12082127,12081632,495
868474821,68.4876,93.8539,534,28753,0.923746,0.93,2,12083497,12082963,534
868582861,28.673,1.31962,521,31362,0.919312,1,2,12085266,12084745,521
868629581,60.7617,30.643,526,32424,0.922514,0.77,2,12086081,12085555,526
868734701,21.6528,26.4361,508,34694,0.9004,1,2,12087602,12087094,508
868927421,44.2175,27.5061,521,38507,0.940432,1,2,12090211,12089690,521
869804881,3.11428,3.10715,454,34187,0.90917,0.63,2,12104181,12103727,454
869816561,34.5344,78.6668,491,34435,0.909211,0.81,2,12104430,12103939,491
869994681,26.5428,42.7636,480,37998,0.0428323,0.67,1,12106869,12106389,480
870032641,25.8349,26.5428,425,38715,0.0380734,0.05,1,12107294,12106869,425
870035561,47.8417,47.8771,425,38770,0.0932293,0.07,1,12107343,12106918,425
870061841,33.3121,35.1156,423,39256,0.090098,0.05,1,12107652,12107229,423
870067681,3.64578,3.69779,422,39364,0.0732157,0.03,1,12107689,12107267,422
870070601,25.8323,25.8349,422,39418,0.0952863,0.13,1,12107716,12107294,422
870091041,56.3309,60.1784,427,39791,0.229537,0.13,1,12107964,12107537,427
870207841,63.9812,62.0335,448,41862,0.768882,0.53,2,12109287,12108839,448
870248721,65.9789,63.9812,460,42562,0.945119,0.81,2,12109747,12109287,460
870485241,31.2868,32.1956,423,21554,0.0628471,0.07,1,12112903,12112480,423
870488161,33.8643,33.9098,423,21652,0.0791388,0.05,1,12112937,12112514,423
870534881,82.113,44.4027,508,23170,0.0901791,0.03,1,12113914,12113406,508
870549481,32.2828,35.9869,455,23623,0.0726642,0.05,1,12114206,12113751,455
870642921,34.1011,37.7316,479,26341,0.760481,0.49,2,12115943,12115464,479
870648761,90.7153,47.3093,538,26501,0.785277,0.55,2,12116084,12115546,538
870975801,45.0714,2.33593,532,34308,0.283664,1,1,12121514,12120982,532
872757001,72.7315,27.7252,534,43757,0.931138,0.85,2,12145143,12144609,534
872999361,97.0717,78.1393,574,22813,0.946,1,2,12148488,12147914,574
873124921,53.0105,61.0013,521,26514,0.91,1,2,12151122,12150601,521
873165801,39.819,39.5099,445,27611,0.206893,0.41,1,12151855,12151410,445
873259241,46.7425,47.5507,457,29966,0.92142,0.71,2,12153352,12152895,457
873265081,81.3419,78.4939,460,30107,0.938227,0.77,2,12153466,12153006,460
873268001,23.0671,22.9247,460,30177,0.909291,0.85,2,12153486,12153026,460
873381881,37.8237,27.7618,532,32800,0.920848,1,2,12155322,12154790,532
873387721,34.3896,24.0569,502,32928,0.909336,1,2,12155398,12154896,502
873478241,31.906,10.1207,460,34864,0.296367,0.15,1,12156647,12156187,460
873495761,42.7988,19.8842,471,35226,0.402676,0.19,1,12156898,12156427,471
873600881,44.7489,20.7209,509,37326,0.912022,0.85,2,12158259,12157750,509
873907481,21.4185,19.5656,431,42860,0.417077,0.23,1,12161904,12161473,431
873910401,46.6709,46.5783,431,42909,0.436831,0.19,1,12161952,12161521,431
874247661,66.6177,67.3469,498,22189,0.441616,0.71,1,12165712,12165214,498
874288541,68.6818,82.4456,515,23492,0.757953,0.55,2,12166603,12166088,515
874425781,36.9883,40.7578,452,27413,0.75007,0.69,2,12169287,12168835,452
874563021,44.4067,45.1662,490,30834,0.946,1,2,12171663,12171173,490
874653541,37.3124,39.3534,452,32894,0.771299,0.61,2,12173028,12172576,452
874659381,83.8833,81.9884,454,33022,0.779808,0.65,2,12173139,12172685,454
875075481,58.536,72.4,448,18824,0.0649542,0.15,1,12178920,12178472,448
875078401,30.4768,36.87,442,18937,0.0259817,0.05,1,12178949,12178507,442
875101761,66.4814,131.176,487,19815,0.0569459,0.07,1,12179574,12179087,487
875878481,24.2145,30.1127,457,38985,0.0404653,0.69,1,12192627,12192170,457
876091641,38.4216,37.4741,461,42759,0.916802,0.83,2,12195018,12194557,461
876310641,32.4742,29.3832,461,46315,0.211717,0.21,1,12197440,12196979,461
876313561,39.6237,34.7192,466,46361,0.282687,0.19,1,12197480,12197014,466
876826021,97.824,89.6845,498,27924,0.946,1,2,12203906,12203408,498
876831861,35.2046,44.7792,486,28076,0.78016,1,2,12203977,12203491,486
876896101,28.7816,38.9279,454,29690,0.0922994,0.15,1,12205022,12204568,454
877009981,46.4854,54.7099,498,32353,0.779582,0.63,2,12206754,12206256,498
877185181,33.4769,36.8141,467,36064,0.437249,0.79,1,12209299,12208832,467
877255261,33.7163,64.3281,485,37446,0.761761,0.71,2,12210196,12209711,485
877471341,22.2171,27.4945,482,41410,0.25473,0.83,1,12212889,12212407,482
877588141,34.7405,30.7605,486,43403,0.772733,0.59,2,12214170,12213684,486
877989641,39.1729,94.1788,500,26990,0.942578,1,2,12220487,12219987,500
878004241,32.0266,25.4811,499,27380,0.765047,1,2,12220722,12220223,499
878053881,46.0221,26.3841,508,28665,0.936302,0.81,2,12221608,12221100,508
878196961,33.132,22.3781,482,32081,0.779036,0.59,2,12223973,12223491,482
878214481,67.7003,58.2934,523,32475,0.910596,0.75,2,12224310,12223787,523
878529841,38.6685,39.0685,496,38880,0.236031,1,1,12228727,12228231,496
878532761,32.3334,38.0534,490,38934,0.0944125,1,1,12228759,12228269,490
878535681,20.6167,26.6027,484,38988,0.067765,0.95,1,12228779,12228295,484
878839361,36.1814,39.5783,490,44266,0.901379,0.69,2,12232098,12231608,490
878848121,39.7193,71.4331,494,44410,0.921448,0.73,2,12232214,12231720,494
879064201,25.3703,31.9735,492,47794,0.449436,1,1,12234503,12234011,492
879070041,22.0084,29.2449,473,47882,0.44751,0.92,1,12234566,12234093,473
879201441,31.5586,41.1702,486,49825,0.905783,0.73,2,12235821,12235335,486
879449641,501.813,536.595,490,24820,0.945999,1,2,12238652,12238162,490
879456941,104.891,119.93,476,24820,0.9124,1,2,12238736,12238260,476
879984001,40.5005,48.2599,469,36383,0.219345,0.85,1,12246826,12246357,469
879992761,34.9508,37.1463,457,36557,0.0737981,0.49,1,12246948,12246491,457
880033641,47.0691,66.2216,471,37359,0.273132,0.17,1,12247487,12247016,471
880413241,30.1362,32.717,458,44101,0.230687,0.13,1,12251961,12251503,458
880588441,35.2691,38.5303,497,46883,0.94763,0.85,2,12253757,12253260,497
880835181,26.796,25.8411,457,24780,0.943554,0.79,2,12257030,12256573,457
881057101,4.3524,4.20539,431,30599,0.417073,0.25,1,12260980,12260549,431
881060021,79.0676,76.2103,434,30668,0.424829,0.25,1,12261063,12260629,434
881319901,23.8818,26.888,433,36295,0.0928455,0.23,1,12264853,12264420,433
881369541,29.3293,73.1718,453,37272,0.28685,0.13,1,12265437,12264984,453
882058661,490.998,547.627,461,21900,0.406,0.59,1,12273285,12272824,461
882061581,87.2499,90.0814,461,21997,0.2524,0.37,1,12273351,12272890,461
882073261,71.0444,43.9085,461,22380,0.0592134,0.03,1,12273609,12273148,461
882079101,34.9001,20.4873,440,22569,0.0418741,0.03,1,12273694,12273254,440
882082021,82.495,30.4744,494,22663,0.0467497,0.15,1,12273779,12273285,494
882084941,82.9747,64.2237,511,22757,0.0606999,0.13,1,12273862,12273351,511
882093701,73.6591,52.885,498,23035,0.0564448,0.01,1,12274035,12273537,498
882099541,33.8616,52.0022,457,23219,0.0558312,0.01,1,12274117,12273660,457
882201741,63.3808,87.7176,509,26226,0.773489,0.59,2,12276107,12275598,509
882426581,32.4299,52.8715,494,31848,0.0867078,0.75,1,12280037,12279543,494
882429501,22.5215,38.7436,478,31914,0.0766831,0.59,1,12280059,12279581,478
882458701,20.7143,32.4299,446,32570,0.0698483,0.07,1,12280483,12280037,446
882581341,44.4931,50.9149,493,35193,0.778721,0.57,2,12282176,12281683,493
882814941,39.061,38.261,492,39709,0.23612,1,1,12285279,12284787,492
882823701,33.2644,33.8058,473,39868,0.0691117,1,1,12285375,12284902,473
883031021,36.1604,36.3563,482,43468,0.769955,0.51,2,12287658,12287176,482
883054381,45.3807,50.6188,497,43853,0.943238,0.69,2,12287911,12287414,497
883285061,18.3147,34.8548,483,47503,0.232446,1,1,12290396,12289913,483
883331781,17.5497,18.3147,433,48207,0.216222,0.19,1,12290829,12290396,433
883337621,31.7739,29.8758,435,48295,0.234996,0.33,1,12290889,12290454,435
883343461,32.7119,33.6097,435,48383,0.269199,0.27,1,12290949,12290514,435
883346381,31.0856,31.1305,435,48427,0.25768,0.27,1,12290980,12290545,435
883439821,31.2268,33.6714,477,49799,0.777656,0.53,2,12291860,12291383,477
883445661,26.2981,31.9092,473,49883,0.771225,0.55,2,12291918,12291445,473
883457341,31.363,35.4097,482,50051,0.789519,0.63,2,12292040,12291558,482
883755181,28.0365,21.7596,442,25495,0.0802855,0.07,1,12295063,12294621,442
883766861,66.1991,51.8144,489,25826,0.0932073,0.05,1,12295315,12294826,489
883784381,69.6527,63.1518,492,26315,0.23975,0.05,1,12295620,12295128,492
884498321,105.471,127.414,558,19815,0.789304,0.75,2,12306581,12306023,558
884515841,106.374,133.418,564,20448,0.938659,0.79,2,12307041,12306477,564
884568401,47.2518,45.6203,485,22241,0.922,1,2,12308228,12307743,485
884632641,46.2287,45.3435,451,24251,0.909914,0.67,2,12309591,12309140,451
884635561,136.261,132.417,455,24338,0.921966,0.67,2,12309732,12309277,455
884772801,19.9239,22.2596,455,28138,0.230075,0.63,1,12312333,12311878,455
884790321,76.3012,26.4623,511,28586,0.265528,0.27,1,12312645,12312134,511
885000561,39.3444,24.6856,501,33498,0.0904304,1,1,12315979,12315478,501
885023921,16.4177,20.493,447,34000,0.00572326,0.41,1,12316258,12315811,447
885044361,26.9199,24.4664,449,34434,0.019295,0,1,12316518,12316069,449
885047281,32.696,27.8233,454,34495,0.025718,0.01,1,12316551,12316097,454
885050201,88.0848,32.7412,512,34556,0.0642872,0.03,1,12316642,12316130,512
885056041,16.4177,24.3544,437,34678,0.064286,0,1,12316679,12316242,437
885094001,53.0013,54.0209,474,35463,0.0738537,0,1,12317209,12316735,474
885096921,34.9501,53.051,455,35523,0.0355415,0.03,1,12317243,12316788,455
885099841,33.0975,34.9526,454,35583,0.0322166,0,1,12317276,12316822,454
885146561,27.7488,26.8463,423,36521,0.0180271,0.01,1,12317785,12317362,423
885155321,29.0283,26.9406,428,36695,0.0465137,0.17,1,12317941,12317513,428
885187441,88.4645,40.2829,512,37323,0.0545565,0.01,1,12318338,12317826,512
885204961,22.5051,31.0527,453,37661,0.0455259,0.09,1,12318544,12318091,453
885222481,88.4666,40.2899,513,37997,0.0883817,0.07,1,12318760,12318247,513
885581641,28.1452,35.8566,498,44311,0.081128,1,1,12322944,12322446,498
885587481,23.2029,32.8171,486,44407,0.0525805,0.87,1,12322994,12322508,486
886171481,67.568,57.3651,502,26119,0.40445,0.37,1,12329584,12329082,502
886384641,84.4439,66.5985,547,31490,0.406389,0.69,1,12333246,12332699,547
886670801,35.7124,34.1514,516,37502,0.254356,1,1,12337321,12336805,516
886700001,28.063,34.0289,473,38062,0.0427444,0.41,1,12337693,12337220,473
886708761,42.5303,35.7124,475,38228,0.0783356,0.11,1,12337796,12337321,475
887044561,43.3884,37.2235,517,44126,0.94,1,2,12341695,12341178,517
887059161,23.0984,23.2851,511,44366,0.920186,1,2,12341825,12341314,511
887140921,18.3169,16.5597,444,45676,0.789184,0.51,2,12342694,12342250,444
887167201,41.5427,34.516,492,46090,0.796367,0.63,2,12342961,12342469,492
887660681,2.91577,23.503,445,53263,0.0995358,0.37,1,12347890,12347445,445
887713241,2.82302,2.91577,426,53966,0.0878612,0.07,1,12348316,12347890,426
887774561,24.7906,37.0931,451,54782,0.200493,0.17,1,12348824,12348373,451
887949761,45.3739,44.4215,453,57037,0.762982,0.63,2,12350248,12349795,453
887987721,45.5123,45.5123,455,57518,0.920175,0.73,2,12350576,12350121,455
888266581,46.291,65.6918,502,28643,0.922777,0.71,2,12353386,12352884,502
888473901,4.34908,4.3941,449,33487,0.784731,0.63,2,12356681,12356232,449
888497261,43.6158,41.6707,458,33989,0.928208,0.77,2,12357039,12356581,458
888503101,49.9365,48.9817,459,34113,0.936913,0.79,2,12357138,12356679,459
888713341,30.1126,33.151,459,38319,0.271615,0.15,1,12360015,12359556,459
888821381,62.7931,38.9075,515,40309,0.798333,0.71,2,12361285,12360770,515
889031621,32.8907,31.6394,513,43918,0.0492027,1,1,12363757,12363244,513
889643361,82.497,37.7906,521,26025,0.422949,0.39,1,12370917,12370396,521
890253641,86.5061,109.562,535,26187,0.793421,0.63,2,12384134,12383599,535
890449281,48.814,48.766,451,31140,0.786766,0.63,2,12387513,12387062,451
890472641,49.7385,80.725,505,31680,0.907183,0.71,2,12387894,12387389,505
890636161,29.4828,57.4175,503,35224,0.2845,1,1,12390354,12389851,503
890650761,20.7858,36.7622,488,35524,0.0404013,0.92,1,12390529,12390041,488
890653681,9.58929,25.5881,472,35584,0.0341605,0.85,1,12390538,12390066,472
890738361,43.3584,42.9784,476,37267,0.401163,0.25,1,12391615,12391139,476
890808441,44.3678,51.3091,493,38605,0.773046,0.59,2,12392506,12392013,493
891012841,21.3155,13.2762,485,42262,0.260388,1,1,12394977,12394492,485
891050801,10.7986,8.31036,436,42907,0.0519649,0.23,1,12395391,12394955,436
891062481,27.1202,33.3429,455,43103,0.0886423,0.15,1,12395505,12395050,455
891065401,23.206,28.2671,450,43152,0.0654569,0.07,1,12395528,12395078,450
891068321,36.3103,28.9634,458,43201,0.0681828,0.05,1,12395565,12395107,458
891123801,53.6005,49.8026,476,44120,0.0913326,0.07,1,12396175,12395699,476
891522381,530.966,544.892,504,23360,0.91,1,2,12400628,12400124,504
891810001,16.9159,33.0853,500,30033,0.087578,0.96,1,12405439,12404939,500
891839201,15.0516,16.9159,422,30729,0.0692225,0.05,1,12405861,12405439,422
891842121,22.6026,22.6958,422,30798,0.069689,0.03,1,12405884,12405462,422
891850881,49.6356,47.7356,424,31004,0.0781401,0.07,1,12406053,12405629,424
891938481,75.8673,75.0615,425,32990,0.289895,0.07,1,12407278,12406853,425
892205661,3.63421,34.732,425,18133,0.0383493,0.11,1,12411408,12410983,425
892208581,131.282,130.937,427,18250,0.0573397,0.09,1,12411546,12411119,427
892217341,66.628,66.6826,423,18597,0.0413497,0.07,1,12411796,12411373,423
892249461,72.2955,104.835,497,19815,0.0617988,0.13,1,12412578,12412081,497
892252381,61.5648,72.6918,487,19922,0.0547195,0.05,1,12412639,12412152,487
892255301,34.4282,66.3346,454,20028,0.0398878,0.05,1,12412672,12412218,454
892258221,3.62141,34.6667,423,20134,0.0339551,0.05,1,12412674,12412251,423
892266981,71.3953,115.909,492,20448,0.269773,0.05,1,12413000,12412508,492
892462621,37.4466,29.6143,477,26508,0.261726,0.27,1,12417122,12416645,477
892567741,40.4897,29.7973,494,29246,0.906872,0.65,2,12418900,12418406,494
892964861,30.855,29.2406,487,37829,0.292234,0.67,1,12424801,12424314,487
893239341,32.8621,30.8667,493,42759,0.421914,1,1,12428118,12427625,493
893253941,25.0759,27.6872,485,43004,0.0687268,1,1,12428301,12427816,485
893286061,57.4545,32.9931,490,43543,0.0794863,0.17,1,12428641,12428151,490
893312341,24.1192,27.2899,446,43975,0.066709,0.07,1,12428891,12428445,446
893318181,25.2828,29.6607,449,44071,0.0814734,0.03,1,12428947,12428498,449
893324021,29.9882,29.8092,453,44167,0.0958358,0.11,1,12429007,12428554,453
893329861,35.13,57.4545,458,44263,0.215734,0.15,1,12429099,12428641,458
893745961,53.3329,78.6333,479,23810,0.927848,0.87,2,12433522,12433043,479
893909481,31.0575,33.9199,456,28364,0.764456,0.79,2,12436645,12436189,456
893915321,35.7501,70.3848,487,28513,0.795513,0.65,2,12436750,12436263,487
894221921,22.9255,68.3679,467,35464,0.0458327,0.39,1,12441616,12441149,467
894233601,4.17159,44.7353,424,35702,0.0220533,0.03,1,12441727,12441303,424
894245281,57.4052,55.5079,424,35938,0.0245166,0.01,1,12441893,12441469,424
894254041,61.3605,59.5102,424,36115,0.0757291,0.07,1,12442019,12441595,424
894256961,23.018,22.9255,424,36174,0.0602916,0,1,12442040,12441616,424
894268641,4.26636,4.17159,424,36406,0.0259755,0.03,1,12442151,12441727,424
894292001,24.0132,23.018,424,36868,0.0601982,0.03,1,12442464,12442040,424
894303681,4.31137,4.26636,423,37096,0.0438291,0.03,1,12442574,12442151,423
894321201,30.3559,34.2676,454,37438,0.0440304,0.13,1,12442803,12442349,454
894341641,26.8172,4.31137,450,37830,0.0235219,0.07,1,12443024,12442574,450
894350401,56.5474,46.0494,480,37998,0.0243054,0.01,1,12443158,12442678,480
894382521,48.897,27.9409,471,38605,0.0142422,0,1,12443523,12443052,471
894473041,65.3141,33.2089,488,40268,0.0390575,0.03,1,12444562,12444074,488
894937321,79.0049,70.3863,500,22757,0.048019,0.05,1,12449862,12449362,500
894969441,27.6187,58.3256,449,23762,0.0467562,0.07,1,12450526,12450077,449
895059961,59.4099,104.258,479,26388,0.07089,0.03,1,12452189,12451710,479
895065801,31.8785,29.5681,454,26548,0.0629424,0.07,1,12452249,12451795,454
895068721,75.6939,29.9784,502,26628,0.067177,0.19,1,12452327,12451825,502
895097921,5.72745,5.6847,425,27413,0.061716,0.05,1,12452754,12452329,425
895121281,78.4491,76.549,426,28025,0.265392,0.05,1,12453178,12452752,426
895124201,5.82246,5.72745,426,28101,0.244157,0.19,1,12453180,12452754,426
895127121,71.5411,68.6864,429,28176,0.283663,0.17,1,12453255,12452826,429
895217641,99.9947,99.047,459,30419,0.932268,0.81,2,12454761,12454302,459
895658561,30.6113,38.1861,440,39550,0.0708037,0.41,1,12460982,12460542,440
895676081,25.4946,25.4503,423,39868,0.0574158,0.07,1,12461181,12460758,423
895684841,21.2333,24.1237,422,40027,0.0504746,0.17,1,12461266,12460844,422
895693601,42.2302,45.6458,466,40186,0.0826704,0.11,1,12461376,12460910,466
895696521,28.7115,42.1823,452,40239,0.0750681,0.05,1,12461404,12460952,452
895714041,25.4781,34.8919,446,40551,0.0360636,0.03,1,12461602,12461156,446
895722801,22.2308,25.6662,444,40707,0.0255881,0.05,1,12461689,12461245,444
895740321,45.387,34.6856,471,41019,0.208273,0.07,1,12461910,12461439,471
895754921,39.2193,25.4781,461,41274,0.203166,0.03,1,12462063,12461602,461
895941801,41.4784,28.7129,497,44429,0.901687,0.71,2,12464063,12463566,497
896169561,25.1856,23.4543,471,47987,0.448829,0.93,1,12466479,12466008,471
896210441,24.1926,23.2452,445,48600,0.4426,0.45,1,12466870,12466425,445
896280521,37.4235,25.4228,488,49631,0.757218,0.61,2,12467532,12467044,488
897068921,53.6574,27.907,501,29271,0.779418,0.53,2,12475495,12474994,501
897287921,49.7096,2.60023,473,34269,0.0441041,0.05,1,12478927,12478454,473
897334641,78.7898,34.0814,505,35243,0.0784043,0.13,1,12479569,12479064,505
897372601,30.7317,29.5895,428,36015,0.0668223,0.13,1,12480024,12479596,428
897384281,41.4999,41.4904,432,36249,0.0965106,0.21,1,12480161,12479729,432
897539041,47.7021,46.7518,458,39217,0.912565,0.73,2,12482045,12481587,458
897550721,88.553,86.6481,463,39433,0.935506,0.87,2,12482192,12481729,463
897553641,34.8277,34.7324,463,39487,0.920202,0.85,2,12482224,12481761,463
897562401,35.8906,34.943,463,39646,0.931293,0.85,2,12482324,12481861,463
897778481,21.3569,30.2971,457,43410,0.0752138,0.31,1,12484889,12484432,457
897807681,34.2489,41.8299,457,43892,0.297638,0.09,1,12485189,12484732,457
898219401,19.3128,26.3975,454,50211,0.233329,0.29,1,12489424,12488970,454
898388761,29.9706,29.3674,481,52588,0.754716,0.61,2,12490920,12490439,481
898391681,31.8985,29.9684,483,52628,0.787886,0.63,2,12490952,12490469,483
898896841,29.1756,29.7603,456,31963,0.208785,0.13,1,12497587,12497131,456
898902681,31.4704,57.5019,459,32095,0.255406,0.09,1,12497678,12497219,459
899127521,66.358,62.6938,489,36824,0.927999,0.98,2,12500881,12500392,489
899168401,27.2261,39.4179,481,37619,0.086897,0.61,1,12501400,12500919,481
899352361,33.6927,61.9169,488,41006,0.906745,0.71,2,12503571,12503083,488
899597641,20.6344,36.5784,482,45122,0.0450422,0.85,1,12506408,12505926,482
899632681,15.424,22.2698,424,45679,0.0372904,0.03,1,12506752,12506328,424
899635601,26.4212,26.7635,424,45725,0.0809162,0.05,1,12506779,12506355,424
899641441,20.5386,20.6344,422,45817,0.0381466,0.05,1,12506830,12506408,422
899644361,21.9269,21.9317,422,45863,0.0452586,0.07,1,12506852,12506430,422
899656041,24.492,32.8733,446,46047,0.0665826,0.01,1,12506968,12506522,446
899705681,32.9833,35.4246,455,46819,0.0825301,0.11,1,12507459,12507004,455
899714441,34.6862,44.0559,462,46954,0.0847219,0.19,1,12507565,12507103,462
899717361,25.4843,32.6028,455,46999,0.0758888,0.19,1,12507590,12507135,455
899720281,10.7742,25.3801,440,47044,0.0723555,0.21,1,12507600,12507160,440
899845841,33.0272,32.3622,472,48933,0.44739,0.39,1,12508749,12508277,472
899848761,27.3014,32.0181,467,48976,0.436956,0.43,1,12508776,12508309,467
899857521,28.52,39.3958,467,49105,0.440525,0.39,1,12508889,12508422,467
899901321,40.251,46.0151,481,49746,0.754084,0.43,2,12509304,12508823,481
899904241,29.5625,38.4008,472,49788,0.751634,0.45,2,12509333,12508861,472
900275081,28.7462,36.5955,450,25495,0.429845,0.29,1,12513112,12512662,450
900286761,54.3448,43.5806,485,25826,0.44574,0.19,1,12513326,12512841,485
900315961,81.6032,72.0672,528,26636,0.762917,0.49,2,12513927,12513399,528
900488241,34.2444,34.9735,495,30979,0.423664,1,1,12516914,12516419,495
900502841,26.5284,34.1069,483,31319,0.0213303,1,1,12517103,12516620,483
900537881,89.7416,46.9264,513,32120,0.0309276,0.01,1,12517664,12517151,513
900555401,47.2474,34.8454,470,32513,0.0276172,0.03,1,12517885,12517415,470
900599201,4.29382,4.24644,424,33476,0.0234982,0.03,1,12518422,12517998,424
900613801,33.9067,31.9592,425,33791,0.0511686,0.11,1,12518654,12518229,425
900625481,26.4758,26.528,422,34040,0.0296779,0.05,1,12518793,12518371,422
900628401,47.8738,47.8764,422,34102,0.0658712,0.01,1,12518842,12518420,422
900631321,4.29369,4.29382,422,34164,0.0563485,0.05,1,12518844,12518422,422
900634241,81.9147,81.9147,422,34226,0.0885394,0.05,1,12518930,12518508,422
900733521,85.7237,84.7689,440,36267,0.439054,0.35,1,12520220,12519780,440
901043041,23.7777,27.6638,438,41993,0.202364,0.37,1,12524095,12523657,438
901113121,73.6285,29.4263,509,43182,0.437644,0.33,1,12524817,12524308,509
901670841,44.0088,26.179,466,29065,0.204169,0.01,1,12532984,12532518,466
901802241,47.6013,78.9241,498,32178,0.911152,0.61,2,12534992,12534494,498
901948241,26.4644,45.3887,493,35313,0.275536,1,1,12537139,12536646,493
901968681,3.69188,45.2907,464,35730,0.030221,0.73,1,12537404,12536940,464
902590641,45.1335,46.7171,481,46651,0.406781,0.35,1,12544497,12544016,481
902602321,29.9739,29.3817,471,46831,0.403582,0.41,1,12544624,12544153,471
902634441,42.236,47.6696,484,47326,0.429826,0.37,1,12544936,12544452,484
902945421,522.015,549,490,23360,0.43,1,1,12548454,12547964,490
902990681,53.27,66.8275,472,23360,0.076,0.89,1,12548617,12548145,472
903005281,28.5067,36.8537,437,24527,0.0336582,0.05,1,12548867,12548430,437
903011121,79.8713,46.8321,487,24699,0.0785853,0.03,1,12548989,12548502,487
903025721,39.8971,38.1375,424,25126,0.0375247,0.03,1,12549263,12548839,424
903028641,28.5949,28.5069,424,25210,0.0330099,0.03,1,12549291,12548867,424
903031561,40.3797,39.4253,425,25294,0.055204,0.11,1,12549332,12548907,425
903063681,54.7701,51.3535,476,26200,0.0611393,0.05,1,12549937,12549461,476
903066601,56.8885,52.9177,480,26281,0.0904557,0.03,1,12549994,12549514,480
903075361,32.433,39.8496,454,26522,0.0449092,0.01,1,12550138,12549684,454
903174641,78.0073,57.2437,506,29113,0.235451,0.15,1,12551776,12551270,506
903414081,90.0918,58.4321,548,34566,0.916,1,2,12555475,12554927,548
903419921,46.3952,40.7586,513,34688,0.75736,1,2,12555554,12555041,513
903452041,31.9143,34.9046,495,35353,0.065065,0.71,1,12556002,12555507,495
903478321,29.1512,30.1451,426,35887,0.0460923,0.09,1,12556292,12555866,426
903527961,34.5651,33.5674,427,36876,0.271389,0.11,1,12556913,12556486,427
903662281,79.0177,78.0652,455,39426,0.944847,0.71,2,12558565,12558110,455
904152841,72.3044,70.2738,453,22093,0.0357571,0,1,12564278,12563825,453
904155761,63.4652,65.2637,451,22189,0.0143028,0.01,1,12564341,12563890,451
904173281,71.7046,95.2816,491,22757,0.0204701,0.03,1,12564699,12564208,491
904176201,64.3852,71.2641,485,22850,0.00818804,0,1,12564763,12564278,485
904193721,71.6591,104.092,491,23401,0.0441686,0.03,1,12565120,12564629,491
904196641,65.333,71.7046,486,23492,0.0356674,0,1,12565185,12564699,486
904208321,29.7501,24.0525,453,23851,0.0244811,0,1,12565365,12564912,453
904237521,6.96189,7.00938,423,24726,0.0116954,0.09,1,12565896,12565473,423
904240441,67.7981,66.8505,424,24812,0.0226782,0.01,1,12565967,12565543,424
904243361,62.2899,64.1425,422,24897,0.00907127,0.05,1,12566029,12565607,422
904246281,82.9145,83.0071,422,24982,0.0696285,0.03,1,12566113,12565691,422
904249201,45.9457,45.9504,422,25067,0.0458514,0.05,1,12566157,12565735,422
904260881,6.95963,6.96189,422,25404,0.0138938,0.03,1,12566318,12565896,422
904263801,68.748,67.7981,423,25487,0.0235575,0.03,1,12566390,12565967,423
904319281,85.744,87.5742,424,27024,0.0840272,0.05,1,12567385,12566961,424
904322201,42.2872,42.3787,424,27102,0.0756109,0.09,1,12567425,12567001,424
904333881,6.4877,6.72021,423,27413,0.0250716,0.03,1,12567583,12567160,423
904336801,70.6244,70.636,423,27490,0.0400287,0.07,1,12567657,12567234,423
904371841,88.6011,85.7463,427,28401,0.0743731,0.15,1,12568236,12567809,427
904482801,97.1621,97.162,450,31107,0.773669,0.67,2,12569989,12569539,450
904693041,21.8056,36.9326,446,35671,0.0628018,0.05,1,12573097,12572651,446
904695961,2.99028,24.6466,424,35730,0.0551207,0,1,12573099,12572675,424
904698881,25.7995,26.8823,424,35789,0.0760483,0.01,1,12573126,12572702,424
904707641,63.05,60.2025,426,35966,0.0828671,0.07,1,12573281,12572855,426
904722241,36.3083,39.2509,423,36259,0.076199,0.11,1,12573462,12573039,423
904754361,60.2166,61.1666,425,36895,0.246225,0.07,1,12573852,12573427,425
904847801,62.8746,64.332,451,38685,0.779498,0.57,2,12574960,12574509,451
904888681,69.7387,68.6937,461,39443,0.908464,0.81,2,12575490,12575029,461
905113521,34.5414,34.9665,457,43370,0.0710633,0.07,1,12578174,12577717,457
905116441,33.0771,33.0983,457,43419,0.0704253,0.03,1,12578207,12577750,457
905122281,20.0327,19.7952,443,43517,0.0184681,0.01,1,12578247,12577804,443
905125201,50.4016,20.9398,474,43565,0.0253872,0.01,1,12578299,12577825,474
905163161,18.1374,20.6539,442,44189,0.0130103,0,1,12578669,12578227,442
905169001,35.7653,50.4016,457,44285,0.0344817,0.05,1,12578756,12578299,457
905171921,20.7883,33.8701,444,44333,0.0197927,0,1,12578776,12578332,444
905206961,17.1891,18.1374,422,44899,0.0107224,0.01,1,12579091,12578669,422
905212801,34.8605,35.7653,422,44993,0.0437156,0.01,1,12579178,12578756,422
905233241,58.0146,59.0097,423,45322,0.0924524,0.07,1,12579368,12578945,423
905250761,17.189,17.1891,422,45599,0.0794385,0,1,12579513,12579091,422
905268281,3.62673,3.62684,422,45875,0.0119433,0.05,1,12579683,12579261,422
905271201,28.6813,25.8313,425,45921,0.0227773,0.05,1,12579713,12579288,425
905300401,35.7558,51.2094,456,46381,0.0993618,0.01,1,12580022,12579566,456
905303321,19.8378,35.8105,440,46426,0.0817447,0,1,12580041,12579601,440
905312081,3.62673,34.5346,423,46561,0.0501117,0.01,1,12580104,12579681,423
905344201,35.5658,50.1168,460,47056,0.20774,0.07,1,12580447,12579987,460
905777821,489.831,536.332,471,24820,0.44104,0.57,1,12584931,12584460,471
905823081,101.442,127.517,446,24820,0.206416,0.33,1,12585012,12584566,446
905840601,17.6865,30.4018,437,25328,0.0298778,0.05,1,12585325,12584888,437
905852281,50.7243,60.4378,473,25661,0.0400769,0.05,1,12585546,12585073,473
905858121,63.4918,74.6311,486,25826,0.0484123,0.03,1,12585683,12585197,486
905863961,19.5387,49.7291,440,25990,0.037746,0.03,1,12585749,12585309,440
905872721,82.5812,54.7167,508,26234,0.0621757,0.03,1,12585920,12585412,508
905878561,70.934,50.7243,495,26396,0.0423481,0,1,12586041,12585546,495
905887321,20.3531,48.7746,440,26636,0.0355903,0.03,1,12586171,12585731,440
905896081,82.6763,55.6238,508,26874,0.0677978,0.07,1,12586344,12585836,508
905910681,47.0002,46.0623,424,27266,0.0256734,0.03,1,12586576,12586152,424
905919441,59.3334,57.5259,425,27498,0.0604431,0.07,1,12586685,12586260,425
905922361,83.7167,82.6763,426,27575,0.0901772,0.07,1,12586770,12586344,426
906030401,88.951,85.9537,457,30287,0.772997,0.67,2,12588525,12588068,457
906036241,53.5174,53.5099,457,30427,0.76088,0.75,2,12588583,12588126,457
906039161,71.0759,69.1755,459,30497,0.778352,0.75,2,12588655,12588196,459
906205601,27.2883,31.16,456,34226,0.0306574,0.73,1,12591186,12590730,456
906214361,72.2485,48.6439,515,34412,0.0492421,0.07,1,12591319,12590804,515
906220201,28.2531,33.0866,450,34534,0.0102787,0,1,12591378,12590928,450
906231881,48.2636,34.2793,470,34778,0.0530151,0.03,1,12591549,12591079,470
906246481,70.5384,38.9707,497,35081,0.0954389,0.07,1,12591742,12591245,497
906252321,30.0538,33.0624,451,35201,0.0596702,0,1,12591801,12591350,451
906269841,26.3478,32.8132,450,35561,0.0269036,0.07,1,12592031,12591581,450
906477161,37.0294,33.2294,451,39558,0.757615,0.59,2,12594504,12594053,451
906491761,55.9401,54.9925,452,39823,0.795659,0.59,2,12594691,12594239,452
906494681,4.69701,4.64962,452,39876,0.792264,0.69,2,12594693,12594241,452
906529721,54.0401,16.8021,516,40507,0.793522,0.79,2,12595149,12594633,516
906547241,69.6913,25.824,529,40819,0.945811,0.73,2,12595365,12594836,529
907037801,33.429,24.9831,477,29175,0.0752151,0.39,1,12603952,12603475,477
907055321,83.7396,42.4569,510,29608,0.23033,0.09,1,12604290,12603780,510
908113821,37.9295,38.7144,483,25236,0.22863,1,1,12618833,12618350,483
908242301,53.3662,41.2636,498,28698,0.752729,0.53,2,12621056,12620558,498
908259821,77.2486,62.0212,530,29138,0.778074,0.67,2,12621350,12620820,530
908399981,38.7922,39.051,513,32440,0.0954096,0.99,1,12623633,12623120,513
908420421,24.9069,36.7847,437,32894,0.0609992,0.27,1,12623878,12623441,437
908423341,24.0453,29.3892,432,32958,0.0543997,0.07,1,12623902,12623470,432
908502181,29.6922,61.6988,454,34648,0.21382,0.15,1,12625001,12624547,454
908627741,85.6551,83.7551,459,37180,0.92447,0.77,2,12626614,12626155,459
908837981,28.2396,52.7896,449,41070,0.0906513,0,1,12629296,12628847,449
908846741,25.34,29.9458,449,41223,0.0454017,0.05,1,12629381,12628932,449
908849661,19.317,28.0973,440,41274,0.0361607,0,1,12629400,12628960,440
908855501,26.5058,35.1252,449,41376,0.0597857,0.03,1,12629463,12629014,449
909036541,29.8899,43.9388,478,44429,0.757792,0.57,2,12631391,12630913,478
909287661,29.1199,28.418,473,48339,0.0540756,0.95,1,12634044,12633571,473
909290581,16.656,20.4209,469,48383,0.0396302,1,1,12634060,12633591,469
909559221,29.9188,27.4283,478,52235,0.795272,0.55,2,12636485,12636007,478
909591341,34.6865,27.8248,488,52675,0.925643,0.67,2,12636783,12636295,488
909887721,70.3065,55.7515,530,26448,0.934068,0.81,2,12639954,12639424,530
910214761,42.4457,44.4528,487,34265,0.411652,1,1,12645400,12644913,487
910241041,30.116,35.2469,475,34816,0.234508,0.51,1,12645770,12645295,475
910261481,43.6645,36.5388,477,35239,0.40954,0.19,1,12646017,12645540,477
910366601,44.0399,41.9453,502,37337,0.937271,0.77,2,12647371,12646869,502
910629401,22.595,37.9308,498,42122,0.773782,1,2,12650742,12650244,498
910670281,15.9753,22.595,458,42819,0.245117,0.75,1,12651200,12650742,458
910693641,32.5402,26.8116,462,43211,0.402708,0.17,1,12651464,12651002,462
910696561,36.777,33.6406,465,43260,0.443083,0.23,1,12651501,12651036,465
910702401,27.9269,28.2991,457,43358,0.432093,0.19,1,12651555,12651098,457
910728681,42.026,59.5752,476,43793,0.435792,0.35,1,12651846,12651370,476
910769561,43.071,61.5203,484,44464,0.755534,0.45,2,12652289,12651805,484
911108281,70.3871,74.8008,514,23672,0.793375,0.57,2,12656519,12656005,514
911257201,52.5681,55.3203,478,27873,0.0854118,1,1,12659407,12658929,478
911265961,44.0842,50.6324,457,28101,0.0613864,0.65,1,12659555,12659098,457
911268881,33.5542,36.7316,454,28176,0.0545545,0.47,1,12659588,12659134,454
911274721,33.4764,36.6668,444,28326,0.0507287,0.01,1,12659664,12659220,444
911283481,50.6629,40.1231,474,28550,0.0658866,0.07,1,12659828,12659354,474
911309761,51.7012,44.2587,475,29211,0.0765008,0.07,1,12660252,12659777,475
911695201,53.5694,44.3933,504,37576,0.796914,0.61,2,12665780,12665276,504
911703961,26.9796,24.5939,482,37744,0.786123,0.71,2,12665870,12665388,482
911747761,51.2605,36.2624,512,38575,0.926294,0.79,2,12666422,12665910,512
911917121,21.296,36.0705,491,41631,0.0520505,1,1,12668525,12668034,491
912375561,515.419,513.962,511,21900,0.778,1,2,12673363,12672852,511
912393081,78.6475,99.1897,463,23187,0.235332,0.55,1,12673772,12673309,463
912638361,4.0809,58.871,451,29899,0.0225643,0.41,1,12678290,12677839,451
912696761,3.99041,4.08314,422,31284,0.0122532,0,1,12679135,12678713,422
912702601,53.1625,57.0102,474,31419,0.0559605,0.03,1,12679247,12678773,474
912720121,39.0221,41.2954,460,31821,0.0547937,0.03,1,12679513,12679053,460
912746401,39.576,66.8574,462,32414,0.209861,0.07,1,12679898,12679436,462
913073441,33.9254,36.1851,461,39045,0.0112516,0.87,1,12684318,12683857,461
913079281,26.0198,28.828,459,39153,0.00780025,0.65,1,12684370,12683911,459
913175641,30.7632,44.1165,459,40895,0.0746012,0.23,1,12685442,12684983,459
913190241,27.2884,33.8754,448,41152,0.0611383,0.03,1,12685609,12685161,448
913201921,26.1519,29.04,447,41356,0.0203331,0.01,1,12685719,12685272,447
913307041,31.5578,59.1409,457,43155,0.216786,0.17,1,12686833,12686376,457
913737741,52.1164,61.9836,493,22910,0.270735,0.79,1,12691469,12690976,493
913755261,71.1408,93.5719,503,23460,0.292198,0.25,1,12691850,12691347,503
913956741,35.1979,75.3212,470,29036,0.0478333,0.25,1,12695654,12695184,470
913980101,56.2497,76.1496,481,29615,0.0529062,0.11,1,12696044,12695563,481
913983021,34.1625,57.9575,457,29686,0.0511625,0.01,1,12696077,12695620,457
913985941,32.1081,35.1979,455,29757,0.050465,0.05,1,12696109,12695654,455
914050181,4.9323,4.8349,429,31284,0.0416952,0.15,1,12697026,12696597,429
914056021,34.3073,39.9121,463,31419,0.0654712,0.17,1,12697102,12696639,463
914093981,75.2467,41.7908,504,32283,0.282683,0.15,1,12697686,12697182,504
914345101,19.7412,36.0062,490,37499,0.0436093,1,1,12701184,12700694,490
914362621,62.1923,38.7897,491,37835,0.0515444,0.05,1,12701379,12700888,491
914380141,20.6462,33.8246,442,38170,0.036839,0.05,1,12701607,12701165,442
914400581,26.9095,62.1923,449,38555,0.0559711,0.01,1,12701828,12701379,449
914406421,4.76977,55.6355,425,38665,0.0341554,0.01,1,12701889,12701464,425
914552421,25.9119,62.19,451,41305,0.249578,0.13,1,12703525,12703074,451
914675061,27.0974,64.0974,480,43400,0.795302,0.73,2,12704860,12704380,480
915094081,75.6018,74.664,491,27611,0.919926,1,2,12711529,12711038,491
915117441,65.1627,68.0362,481,28218,0.0362201,0.87,1,12711934,12711453,481
915123281,26.8104,33.2301,460,28368,0.0309952,0.87,1,12712020,12711560,460
915132041,27.9999,36.1042,468,28591,0.0612637,0.27,1,12712161,12711693,468
915170001,67.6316,65.1996,490,29539,0.0825441,0.03,1,12712780,12712290,490
915175841,23.9191,59.3955,446,29682,0.050407,0.05,1,12712862,12712416,446
915181681,27.2773,84.936,450,29824,0.0620651,0.05,1,12712979,12712529,450
915298481,29.2822,92.5382,475,32540,0.795003,0.57,2,12714720,12714245,475
915310161,3.31117,29.0784,452,32800,0.772176,0.61,2,12714786,12714334,452
915327681,92.6037,91.6436,461,33184,0.904566,0.81,2,12715155,12714694,461
915507261,18.3121,61.4938,461,17335,0.776408,0.53,2,12718147,12717686,461
915516021,71.751,120.933,522,17700,0.90817,0.75,2,12718527,12718005,522
915702901,62.7739,53.266,486,24198,0.442557,1,1,12723130,12722644,486
915735021,40.6078,37.3357,429,25145,0.241554,0.13,1,12723715,12723286,429
915752541,54.2102,51.5954,483,25646,0.446715,0.15,1,12724051,12723568,483
916216821,31.0194,41.5625,480,36484,0.0962261,1,1,12731536,12731056,480
916228501,30.0333,39.4354,459,36716,0.0785434,0.73,1,12731708,12731249,459
916292741,46.8618,66.1835,469,37961,0.090504,0.11,1,12732497,12732028,469
916295661,31.7931,44.1592,457,38017,0.0782016,0.13,1,12732528,12732071,457
916301501,30.052,30.9854,457,38128,0.0545123,0.13,1,12732589,12732132,457
916307341,39.7376,32.8525,469,38238,0.096322,0.19,1,12732664,12732195,469
916421221,41.025,40.5023,488,40336,0.767157,0.55,2,12733976,12733488,488
916831481,16.5312,26.7981,451,21861,0.435185,0.35,1,12738917,12738466,451
916857761,65.8288,114.041,510,22720,0.796007,0.55,2,12739547,12739037,510
917009601,61.3504,65.4106,472,27146,0.401598,0.93,1,12742667,12742195,472
917018361,29.8567,35.0466,453,27380,0.243382,0.65,1,12742809,12742356,453
917091361,31.6012,60.0709,476,29251,0.757825,0.55,2,12744015,12743539,476
917114721,65.9632,62.4625,520,29824,0.936723,0.75,2,12744443,12743923,520
917298681,29.3509,27.5713,480,34003,0.9148,1,2,12747317,12746837,480
917371681,43.6941,36.0276,499,35526,0.919842,0.67,2,12748377,12747878,499
917561481,26.307,29.3688,471,39204,0.0296987,1,1,12750885,12750414,471
917657841,43.3876,29.8499,471,40946,0.249161,0.17,1,12751973,12751502,471
917812601,48.2411,31.919,508,43594,0.9478,0.81,2,12753687,12753179,508
917955681,33.4669,29.5005,495,45903,0.76072,1,2,12755280,12754785,495
917993641,24.0525,25.2115,495,46498,0.0458686,0.92,1,12755669,12755174,495
918037441,23.9575,25.0497,445,47173,0.0234956,0.05,1,12756090,12755645,445
918043281,26.5174,35.4026,448,47263,0.0289593,0.01,1,12756153,12755705,448
918052041,3.20481,27.9463,424,47398,0.0227334,0.13,1,12756209,12755785,424
918054961,34.3602,31.7973,428,47442,0.0750934,0.09,1,12756245,12755817,428
918265201,43.7887,42.8837,452,50539,0.756407,0.59,2,12758189,12757737,452
918598081,19.7399,21.8348,438,26206,0.0299383,0.01,1,12761467,12761029,438
918685681,43.318,43.9331,477,28531,0.412891,0.31,1,12762939,12762462,477
918717801,50.6507,78.1659,495,29337,0.78561,0.53,2,12763514,12763019,495
918890081,33.0576,26.1129,494,33326,0.0369544,1,1,12766239,12765745,494
919304721,43.488,36.2012,530,41363,0.930956,1,2,12771478,12770948,530
919672641,16.2347,34.6533,512,47359,0.911757,1,2,12775567,12775055,512
920207001,30.7766,39.3261,517,32013,0.91528,1,2,12783773,12783256,517
920242041,3.48672,37.6388,462,32798,0.0429051,0.65,1,12784273,12783811,462
920306281,3.48671,3.48683,423,34187,0.022099,0.01,1,12785119,12784696,423
920315041,32.6068,20.0217,459,34373,0.0342943,0.15,1,12785206,12784747,459
920317961,79.5303,32.3511,508,34435,0.0437177,0.05,1,12785288,12784780,508
920674201,22.1459,32.1726,499,41251,0.0203373,0.94,1,12789810,12789311,499
920680041,84.3679,37.4154,557,41353,0.028454,0.75,1,12789932,12789375,557
921188121,140.256,70.0352,566,23310,0.0471912,0.13,1,12795816,12795250,566
921439241,33.4515,37.4826,456,30139,0.0379349,0.53,1,12800363,12799907,456
921541441,34.5998,63.9551,460,32505,0.208638,0.11,1,12801833,12801373,460
921637801,38.5452,66.0024,488,34587,0.916771,0.69,2,12803162,12802674,488
921669921,40.5401,67.905,504,35253,0.934855,0.93,2,12803629,12803125,504
921672841,31.477,38.5452,498,35313,0.931942,0.95,2,12803660,12803162,498
921830521,27.8667,26.7137,470,38410,0.0896798,0.39,1,12805810,12805340,470
921845121,17.2623,20.4953,432,38685,0.0606015,0.11,1,12805911,12805479,432
921929801,28.8893,26.6498,453,40239,0.214992,0.11,1,12806855,12806402,453
921932721,36.5945,31.7325,458,40291,0.247997,0.07,1,12806892,12806434,458
921935641,111.08,35.7866,537,40343,0.273199,0.11,1,12807007,12806470,537
921973601,112.127,36.5945,551,41019,0.402429,0.29,1,12807443,12806892,551
922284581,67.7385,32.4524,477,21156,0.0665245,0.11,1,12811122,12810645,477
922427661,85.894,44.6641,517,25606,0.405456,0.27,1,12813972,12813455,517
922474381,89.8368,46.8325,540,26898,0.755239,0.61,2,12814865,12814325,540
922632061,36.6796,39.6508,464,30863,0.438954,0.79,1,12817555,12817091,464
923267161,32.2095,37.6859,460,19642,0.0462335,0.47,1,12826251,12825791,460
923296361,79.7786,93.6242,502,20697,0.061549,0.01,1,12827013,12826511,502
923737281,3.77532,37.6891,424,15192,0.0152998,0.05,1,12835667,12835243,424
923743121,69.3594,68.5417,424,15471,0.051648,0.01,1,12835911,12835487,424
923748961,37.4609,37.5064,423,15744,0.0334637,0.01,1,12836088,12835665,423
923751881,3.77305,3.77532,423,15879,0.0313855,0.13,1,12836090,12835667,423
923760641,141.985,141.218,423,16278,0.0516887,0.03,1,12836479,12836056,423
923763561,36.5493,37.4609,422,16408,0.0386755,0.03,1,12836510,12836088,422
923766481,3.72746,3.77305,422,16537,0.0334702,0.03,1,12836512,12836090,422
923772321,65.7493,8.70193,483,16792,0.0497552,0.07,1,12836756,12836273,483
923775241,141.037,57.4351,568,16918,0.0499021,0.05,1,12836901,12836333,568
923781081,3.67759,36.5286,423,17168,0.0331843,0.03,1,12836933,12836510,423
923786921,70.5467,174.986,487,17415,0.0809095,0.07,1,12837183,12836696,487
923792761,35.3264,141.037,452,17658,0.0333455,0.03,1,12837353,12836901,452
923795681,3.66632,35.5519,424,17778,0.0313382,0.03,1,12837355,12836931,424
923801521,72.4942,175.934,490,18016,0.0998141,0.09,1,12837608,12837118,490
923810281,34.0713,35.3264,423,18367,0.0656681,0.03,1,12837776,12837353,423
923813201,3.60357,3.66632,423,18483,0.0562672,0.07,1,12837778,12837355,423
923821961,5.67195,5.52471,428,18825,0.211201,0.07,1,12838038,12837610,428
923833641,185.427,178.78,429,19272,0.256591,0.23,1,12838395,12837966,429
924021981,92.7381,104.295,426,25448,0.0407939,0.11,1,12842526,12842100,426
925476141,350.19,393.399,456,21900,0.2788,0.37,1,12860842,12860386,456
925509721,64.5593,67.6396,454,24266,0.0658413,0.01,1,12861138,12860684,454
925763761,71.2041,76.5593,480,30948,0.785776,1,2,12865627,12865147,480
925848441,48.6217,48.9882,454,32872,0.76164,0.71,2,12866862,12866408,454
925854281,66.0991,66.0525,455,33000,0.785462,0.65,2,12866978,12866523,455
926111241,29.0952,30.8497,455,38228,0.0649569,0.09,1,12870576,12870121,455
926263081,31.0094,32.0372,481,41002,0.772836,0.61,2,12872322,12871841,481
926528801,23.0127,26.3468,474,45446,0.0332422,0.94,1,12875338,12874864,474
926558001,15.7618,16.6676,422,45906,0.0282127,0.03,1,12875628,12875206,422
926563841,33.6694,26.6417,456,45998,0.034514,0.07,1,12875690,12875234,456
926572601,22.0086,23.2546,444,46136,0.0211689,0.03,1,12875759,12875315,444
926578441,31.6425,24.9006,453,46228,0.047787,0.03,1,12875816,12875363,453
926587201,40.1533,24.9691,462,46366,0.0546584,0.07,1,12875906,12875444,462
926604721,28.3853,15.7618,451,46636,0.0393324,0.05,1,12876079,12875628,451
926622241,30.8304,24.8504,455,46906,0.0489003,0.07,1,12876239,12875784,455
926633921,39.0599,40.1533,462,47086,0.0732038,0.07,1,12876368,12875906,462
926651441,32.8162,28.3853,455,47356,0.0533552,0,1,12876534,12876079,455
926660201,23.9489,23.0743,424,47489,0.0530947,0.03,1,12876584,12876160,424
926663121,19.2474,20.1537,423,47533,0.0272379,0.01,1,12876603,12876180,423
926666041,28.5124,27.6077,424,47577,0.0288952,0.07,1,12876632,12876208,424
926677721,40.2457,40.1984,424,47753,0.0719237,0.09,1,12876753,12876329,424
926718601,24.294,24.2963,422,48369,0.0550491,0.05,1,12877108,12876686,422
926727361,43.0048,40.9623,427,48500,0.0752831,0.13,1,12877221,12876794,427
926917161,46.9862,44.9911,451,51244,0.799982,0.57,2,12878920,12878469,451
927222301,57.6531,68.3888,512,25908,0.902029,0.75,2,12882393,12881881,512
927344941,16.6642,26.7664,497,29146,0.265537,1,1,12884661,12884164,497
927473421,70.3991,38.8886,525,32186,0.923375,0.67,2,12886670,12886145,525
927648621,40.0069,34.3469,496,35915,0.77368,1,2,12889282,12888786,496
927689501,28.5919,33.445,451,36731,0.0747156,0.45,1,12889808,12889357,451
927704101,23.5923,29.7727,423,37017,0.0701635,0.09,1,12889968,12889545,423
927707021,39.1796,35.6886,427,37074,0.0940654,0.07,1,12890008,12889581,427
927794621,43.614,41.7946,437,38748,0.431203,0.35,1,12891069,12890632,437
928123121,3.6052,35.9541,424,21066,0.0118815,0.03,1,12895342,12894918,424
928128961,105.032,100.41,428,21267,0.048701,0.03,1,12895558,12895130,428
928134801,56.3601,56.586,423,21466,0.0353922,0.01,1,12895675,12895252,423
928143561,3.6503,3.6052,423,21761,0.0322651,0.07,1,12895765,12895342,423
928149401,105.982,105.032,424,21955,0.0783624,0.09,1,12895982,12895558,424
928161081,35.0012,35.0059,422,22339,0.0573501,0.03,1,12896185,12895763,422
928164001,3.65006,3.6503,422,22434,0.04094,0.03,1,12896187,12895765,422
928169841,109.829,5.28163,533,22623,0.0509504,0.11,1,12896409,12895876,533
928190281,111.776,106.583,534,23271,0.0877849,0.07,1,12896833,12896299,534
928210721,113.676,107.53,538,23901,0.28456,0.11,1,12897259,12896721,538
928631201,48.9506,31.437,534,34373,0.229434,1,1,12904405,12903871,534
928639961,19.2436,28.3591,495,34557,0.0514038,1,1,12904487,12903992,495
928651641,110.601,48.2538,576,34801,0.0526279,0.55,1,12904713,12904137,576
928680841,48.7848,27.5031,471,35404,0.025301,0.03,1,12905023,12904552,471
928683761,111.689,46.0252,539,35464,0.0521204,0.07,1,12905138,12904599,539
928788881,116.342,46.8417,553,37550,0.446633,0.37,1,12906433,12905880,553
930079521,34.1212,41.2862,501,29553,0.0296308,0.77,1,12921398,12920897,501
930085361,21.1278,28.4607,480,29696,0.0227409,0.61,1,12921442,12920962,480
930091201,64.4153,37.9287,506,29838,0.0408385,0.19,1,12921543,12921037,506
930105801,36.377,36.4232,423,30191,0.0392886,0.03,1,12921787,12921364,423
930108721,34.1188,34.1212,423,30261,0.0337154,0.05,1,12921821,12921398,423
930111641,22.6059,23.5561,422,30331,0.0314862,0.01,1,12921843,12921421,422
930117481,36.204,34.3064,424,30471,0.0350378,0.05,1,12921901,12921477,424
930120401,66.4102,64.4153,426,30540,0.0680151,0.09,1,12921969,12921543,426
930140841,23.5514,22.6059,423,31022,0.0349137,0.05,1,12922266,12921843,423
930143761,20.1776,21.0803,422,31090,0.0199655,0.03,1,12922286,12921864,422
930146681,37.1089,36.204,423,31158,0.0379862,0.09,1,12922324,12921901,423
930245961,100.97,100.965,441,33389,0.407007,0.39,1,12923789,12923348,441
930523361,44.6571,38.9619,429,18711,0.25878,0.13,1,12928258,12927829,429
930526281,4.13286,3.84809,429,18824,0.241512,0.33,1,12928260,12927831,429
930581761,173.101,4.02837,633,20860,0.758184,0.65,2,12929765,12929132,633
931393521,29.3164,2.66866,457,40161,0.220789,0.15,1,12942709,12942252,457
931402281,35.2819,23.4392,464,40319,0.222691,0.15,1,12942819,12942355,464
931679681,35.8799,26.2617,499,45019,0.94,1,2,12945973,12945474,499
931764361,29.0674,16.121,438,21861,0.0758583,0.09,1,12947075,12946637,438
931790641,87.6127,77.0227,514,22720,0.289757,0.15,1,12947670,12947156,514
932103081,20.2332,27.78,471,31144,0.0776194,0.9,1,12953534,12953063,471
932117681,33.9826,38.5268,483,31482,0.0967852,0.63,1,12953679,12953196,483
932252001,110.769,84.4587,568,34437,0.915288,0.73,2,12955670,12955102,568
932443261,73.8835,69.6085,502,17777,0.246941,0.13,1,12958689,12958187,502
932498741,75.3306,79.2532,535,19922,0.92593,0.91,2,12960110,12959575,535
932581961,50.435,44.1854,521,22807,0.778,1,2,12962091,12961570,521
932783441,38.6112,31.4427,509,28512,0.442038,0.85,1,12966061,12965552,509
932809721,37.6582,31.2244,481,29173,0.418085,0.43,1,12966503,12966022,481
932812641,64.5829,38.6112,508,29246,0.437234,0.33,1,12966569,12966061,508
933002441,32.3107,31.0513,495,33624,0.248489,1,1,12969535,12969040,495
933014121,21.775,20.9887,486,33876,0.0257053,0.84,1,12969742,12969256,486
933072521,101.957,26.0051,528,35103,0.0388107,0.01,1,12970511,12969983,528
933081281,28.8286,23.6749,452,35283,0.0144839,0,1,12970617,12970165,452
933087121,28.9046,26.1842,452,35403,0.0563174,0.03,1,12970673,12970221,452
933113401,26.5196,25.5724,423,35937,0.0488667,0,1,12971011,12970588,423
933128001,33.465,34.4623,423,36231,0.0577644,0.09,1,12971174,12970751,423
933151361,26.1228,28.876,422,36695,0.00850352,0.01,1,12971462,12971040,422
933154281,28.8561,28.9938,422,36753,0.00940141,0.03,1,12971491,12971069,422
933157201,29.9428,28.9997,423,36810,0.0337606,0.05,1,12971521,12971098,423
933160121,43.2971,42.3,424,36867,0.0675042,0.07,1,12971565,12971141,424
933215601,58.6748,93.2983,478,37941,0.0863689,0.05,1,12972254,12971776,478
933364521,61.6815,94.438,509,40683,0.773482,0.61,2,12974018,12973509,509
933601041,3.22221,3.21732,456,21761,0.760146,0.69,2,12977410,12976954,456
933688641,71.8486,84.7657,483,24515,0.9412,1,2,12979402,12978919,483
933700321,38.6115,53.1246,476,24859,0.263567,1,1,12979667,12979191,476
933709081,26.1346,30.9719,473,25114,0.0703883,0.91,1,12979801,12979328,473
933726601,79.5543,32.6156,508,25616,0.0741834,0.07,1,12980175,12979667,508
933971881,25.0573,31.1596,482,31815,0.0161447,0.73,1,12984357,12983875,482
933977721,32.4576,44.2054,482,31947,0.0277832,0.59,1,12984431,12983949,482
934001081,25.0572,26.1458,447,32473,0.0221604,0,1,12984779,12984332,447
934006921,31.5551,41.1529,454,32603,0.0863457,0.03,1,12984853,12984399,454
934009841,15.8278,32.4576,437,32668,0.0645383,0.05,1,12984868,12984431,437
934120801,24.8263,113.629,446,35044,0.216558,0.11,1,12986360,12985914,446
936316641,15.7589,30.1305,437,46591,0.0437135,0,1,13013538,13013101,437
936322481,33.9544,33.0878,456,46681,0.0777942,0.03,1,13013606,13013150,456
936366281,36.7593,33.0879,459,47356,0.278101,0.09,1,13014031,13013572,459
936948821,31.9165,33.0142,436,25962,0.00669338,0.03,1,13019858,13019422,436
936951741,70.9458,44.4007,464,26044,0.0446774,0.01,1,13019931,13019467,464
936960501,76.1276,59.2784,470,26287,0.0837394,0.05,1,13020118,13019648,470
936969261,30.2789,36.5943,451,26528,0.0531193,0,1,13020247,13019796,451
936995541,26.6615,30.2789,422,27238,0.0227482,0,1,13020669,13020247,422
936998461,34.5831,32.8639,424,27316,0.0270993,0.03,1,13020704,13020280,424
937013061,75.2939,74.3439,424,27702,0.0558135,0.01,1,13020967,13020543,424
937015981,61.7147,62.6172,423,27778,0.0403254,0.05,1,13021028,13020605,423
937018901,38.2357,39.2309,422,27854,0.0341302,0.01,1,13021065,13020643,422
937027661,70.129,70.1292,422,28082,0.0581043,0.07,1,13021198,13020776,422
937033501,58.6478,59.5503,422,28232,0.0272967,0.03,1,13021308,13020886,422
937036421,4.83239,4.87752,422,28307,0.0169187,0.07,1,13021310,13020888,422
937039341,77.1916,75.2939,424,28382,0.0487675,0.07,1,13021391,13020967,424
937121101,78.14,79.0897,439,30401,0.431599,0.31,1,13022680,13022241,439
937518221,33.4114,38.6272,430,38727,0.0975411,0.03,1,13028349,13027919,430
937602901,46.6399,42.5505,477,40278,0.27616,0.23,1,13029367,13028890,477
937967901,17.9847,37.4718,471,46369,0.0870694,0.67,1,13033459,13032988,471
938414661,42.6685,39.1741,492,52865,0.776571,0.63,2,13037789,13037297,492
938728561,39.2199,38.2989,429,27231,0.439228,0.21,1,13041062,13040633,429
938769441,56.7797,55.9223,446,28300,0.778062,0.53,2,13041825,13041379,446
938786961,65.9806,84.6108,512,28746,0.794751,0.63,2,13042104,13041592,512
938813241,66.0281,84.611,526,29402,0.932098,0.79,2,13042565,13042039,526
939143201,40.9922,28.7786,495,36645,0.91816,1,2,13047629,13047134,495
939776841,91.8626,98.8833,565,28693,0.922,1,2,13058395,13057830,565
939788521,35.8596,73.1113,500,28987,0.918803,1,2,13058570,13058070,500
939814801,31.9343,71.1926,498,29638,0.246355,0.88,1,13059034,13058536,498
940060081,18.6515,43.1228,497,35128,0.0902465,1,1,13062711,13062214,497
940560861,95.6838,107.721,546,23305,0.784874,0.65,2,13070270,13069724,546
940835341,42.0283,64.5433,476,30691,0.756112,1,2,13075349,13074873,476
940879141,29.5445,44.791,465,31709,0.0719054,0.27,1,13076039,13075574,465
941162381,34.3972,95.7213,511,37627,0.9196,1,2,13079996,13079485,511
941171141,23.4456,40.1993,509,37795,0.788214,1,2,13080081,13079572,509
941206181,22.1037,31.911,480,38460,0.0284238,0.75,1,13080538,13080058,480
941626661,48.9559,42.8496,498,45687,0.9076,1,2,13085237,13084739,498
941685061,42.9982,29.8134,494,46602,0.402978,0.49,1,13085856,13085362,494
942057361,27.4937,24.4792,435,24076,0.0802621,0.11,1,13089779,13089344,435
942136201,51.9756,69.4664,506,26349,0.770226,0.69,2,13091278,13090772,506
942142041,68.3399,73.8462,524,26509,0.791636,0.71,2,13091422,13090898,524
942299721,52.0067,47.3574,457,30522,0.767827,0.63,2,13094154,13093697,457
942320161,89.3034,86.3108,458,31004,0.949905,0.75,2,13094493,13094035,458
942509961,25.3256,38.6174,457,35164,0.0801017,0.07,1,13097340,13096883,457
942571281,3.34111,3.196,429,36406,0.0317903,0.15,1,13098115,13097686,429
942626761,72.8281,35.4596,496,37494,0.0824297,0.05,1,13098800,13098304,496
942638441,32.5344,24.5429,455,37718,0.0361422,0.03,1,13098961,13098506,455
942644281,27.7263,3.38636,454,37830,0.0189828,0.13,1,13098992,13098538,454
942647201,30.8363,24.8693,459,37886,0.0495931,0.15,1,13099023,13098564,459
942810721,31.7661,26.276,483,40892,0.762286,0.65,2,13100906,13100423,483
942813641,73.7883,29.8138,529,40944,0.790914,0.67,2,13100982,13100453,529
943018041,41.165,29.0995,521,44408,0.0631982,1,1,13103329,13102808,521
943035561,24.971,25.2645,454,44691,0.033016,0.59,1,13103505,13103051,454
943076441,23.5154,24.4203,422,45349,0.0280237,0.03,1,13103902,13103480,422
943079361,24.9258,24.971,422,45396,0.0292095,0.03,1,13103927,13103505,422
943082281,30.6963,29.7486,423,45442,0.0776838,0.07,1,13103958,13103535,423
943102721,20.6233,24.186,423,45764,0.039543,0.03,1,13104132,13103709,423
943108561,49.7366,50.553,425,45856,0.0555269,0.09,1,13104228,13103803,425
944040041,68.3495,76.871,442,27860,0.422752,0.31,1,13113219,13112777,442
944042961,42.3675,46.5936,438,27936,0.403101,0.39,1,13113260,13112822,438
944092601,71.1118,73.0917,523,29198,0.797392,0.63,2,13114112,13113589,523
944270721,33.178,34.9027,462,33331,0.26441,0.81,1,13116979,13116517,462
944273641,20.6589,25.4951,457,33394,0.231764,0.61,1,13116999,13116542,457
944399201,74.6094,74.5142,458,36015,0.926044,0.73,2,13118732,13118274,458
944589001,14.0773,43.6963,431,18118,0.0546003,0.03,1,13121407,13120976,431
944632801,105.903,143.533,527,19802,0.279159,0.11,1,13122542,13122015,527
944962761,38.9112,37.057,512,29526,0.0590422,1,1,13129309,13128797,512
944968601,37.7173,33.4376,507,29670,0.0262467,1,1,13129379,13128872,507
945062041,96.0963,77.9788,519,31874,0.0874164,0.03,1,13130826,13130307,519
945079561,42.3985,34.7662,464,32270,0.0686697,0.01,1,13130999,13130535,464
945085401,39.5785,30.6294,462,32401,0.0361872,0.03,1,13131070,13130608,462
945091241,96.1914,78.9266,521,32531,0.0909899,0.11,1,13131250,13130729,521
945117521,39.5326,39.5785,423,33112,0.0684914,0.03,1,13131493,13131070,423
945187601,104.594,80.8164,527,34613,0.0752461,0.07,1,13132525,13131998,527
945193441,30.7565,6.99454,456,34735,0.0612394,0.07,1,13132559,13132103,456
945196361,39.5378,29.7997,465,34796,0.0664958,0.09,1,13132599,13132134,465
945216801,74.0745,37.4355,505,35219,0.221693,0.13,1,13132844,13132339,505
945219721,101.554,77.8718,528,35279,0.262677,0.03,1,13132947,13132419,528
946005201,42.7061,42.7982,459,27445,0.252649,0.55,1,13144735,13144276,459
946396481,37.574,41.7689,459,36345,0.0637274,0.71,1,13150750,13150291,459
946402321,26.6939,34.5419,446,36461,0.0617964,0.43,1,13150797,13150351,446
946478241,32.222,34.5827,463,37940,0.290777,0.25,1,13151719,13151256,463
946776081,32.8588,98.5303,488,43248,0.41938,0.69,1,13155300,13154812,488
946808201,23.1025,26.0847,464,43782,0.418539,0.37,1,13155586,13155122,464
947211161,3.10448,3.05969,429,24694,0.273065,0.23,1,13160452,13160023,429
947219921,37.9434,36.1336,431,24951,0.422356,0.29,1,13160639,13160208,431
947272481,43.2796,101.795,491,26438,0.784804,0.65,2,13161678,13161187,491
947786401,35.6979,41.5174,490,38003,0.0355896,0.55,1,13169658,13169168,490
947798081,31.2021,38.16,456,38225,0.0188631,0.01,1,13169812,13169356,456
948060881,56.724,54.824,456,42910,0.941634,0.69,2,13172738,13172282,456
948317841,31.0823,37.8453,452,47039,0.0592614,0.03,1,13175552,13175100,452
948320761,31.0041,31.3423,452,47084,0.0237045,0.03,1,13175583,13175131,452
948323681,28.1502,31.0171,449,47129,0.0154818,0.01,1,13175611,13175162,449
948341201,2.90265,18.1529,426,47399,0.0123706,0.03,1,13175735,13175309,426
948402521,48.9088,44.2061,427,48323,0.0569442,0.11,1,13176314,13175887,427
948405441,27.1454,26.9103,427,48367,0.0527777,0.15,1,13176340,13175913,427
948408361,32.7073,30.7955,429,48411,0.0991111,0.11,1,13176373,13175944,429
948414201,23.4993,27.342,424,48498,0.0962578,0.05,1,13176429,13176005,424
948446321,27.3675,31.4479,452,48971,0.218315,0.11,1,13176688,13176236,452
948458001,32.0874,32.7073,457,49143,0.220101,0.11,1,13176830,13176373,457
948463841,26.8702,23.4993,452,49229,0.216416,0.15,1,13176881,13176429,452
948466761,35.5435,25.875,462,49272,0.248566,0.13,1,13176917,13176455,462
948495961,47.0206,27.3675,480,49699,0.290801,0.23,1,13177168,13176688,480
948964621,17.1085,17.2011,424,27316,0.257576,0.11,1,13182108,13181684,424
948967541,58.8054,55.9601,427,27394,0.289031,0.11,1,13182169,13181742,427
948979221,87.6627,84.8101,433,27702,0.411991,0.25,1,13182380,13181947,433
949501901,30.2041,27.533,427,39052,0.210101,0.03,1,13190019,13189592,427
949525261,30.8872,30.887,428,39484,0.228847,0.13,1,13190290,13189862,428
949531101,48.9072,47.9572,429,39590,0.229816,0.17,1,13190368,13189939,429
950385201,84.7485,54.6007,507,27297,0.945989,1,2,13200832,13200325,507
950388121,39.3874,40.73,504,27375,0.912396,1,2,13200869,13200365,504
950554561,40.6414,59.1411,518,31479,0.945587,1,2,13203682,13203164,518
950557481,37.1821,51.4071,504,31546,0.924235,1,2,13203719,13203215,504
950589601,26.5477,37.1821,496,32277,0.422538,0.87,1,13204215,13203719,496
950607121,24.6434,35.589,472,32668,0.271178,0.43,1,13204520,13204048,472
950723921,33.4497,40.1393,486,35164,0.78717,0.67,2,13206061,13205575,486
950732681,38.2488,116.128,489,35344,0.913659,0.75,2,13206280,13205791,489
950890361,23.3145,34.9553,478,38440,0.285391,0.65,1,13208349,13207871,478
951164841,32.1495,47.1058,507,43299,0.947197,1,2,13211587,13211080,507
951191121,19.6469,34.4573,504,43736,0.0539413,1,1,13211904,13211400,504
952474461,93.0394,34.8878,546,40632,0.772082,0.69,2,13228706,13228160,546
952681781,30.3054,34.2745,510,44168,0.77009,1,2,13231132,13230622,510
952725581,28.291,30.3054,455,44879,0.756522,0.71,2,13231587,13231132,455
952743101,33.587,33.8101,455,45161,0.908584,0.65,2,13231763,13231308,455
952748941,24.879,24.8795,455,45255,0.902573,0.73,2,13231791,13231336,455
952751861,40.1939,36.394,459,45302,0.943029,0.65,2,13231832,13231373,459
953154821,29.3755,28.3349,457,27567,0.92165,0.71,2,13238364,13237907,457
953382581,29.1227,28.0795,430,33022,0.419154,0.17,1,13242033,13241603,430
953385501,29.9561,29.904,430,33086,0.437662,0.19,1,13242063,13241633,430
953476021,52.4023,40.0921,504,35013,0.762484,0.63,2,13243339,13242835,504
954027901,12.1131,30.2216,497,44993,0.406367,0.96,1,13250239,13249742,497
954684901,80.6999,90.1996,531,28955,0.777929,0.63,2,13258359,13257828,531
954839661,37.2819,46.2468,507,32603,0.750529,1,2,13260848,13260341,507
955032381,31.0518,31.3041,494,36638,0.205629,1,1,13263615,13263121,494
955046981,28.3284,30.8986,461,36925,0.0504224,0.67,1,13263786,13263325,461
955049901,21.3664,26.2449,456,36982,0.050169,0.63,1,13263807,13263351,456
955096621,63.0073,43.192,488,37886,0.209807,0.13,1,13264392,13263904,488
955571121,36.0509,43.0552,444,25231,0.0888752,0.33,1,13272190,13271746,444
955591561,55.9194,56.3711,477,25813,0.23506,0.09,1,13272576,13272099,477
955790121,73.7388,75.9698,491,30898,0.9484,1,2,13276102,13275611,491
955807641,30.0636,47.0218,482,31306,0.773207,1,2,13276301,13275819,482
955845601,47.6295,113.885,500,32173,0.93976,0.71,2,13276955,13276455,500
956014961,18.8878,37.1304,497,35784,0.23386,0.9,1,13279461,13278964,497
956032481,14.1399,16.1924,459,36138,0.230377,0.51,1,13279640,13279181,459
956090881,29.3496,33.2923,461,37289,0.435204,0.29,1,13280389,13279928,461
956381421,24.0134,30.839,434,19642,0.0269174,0.03,1,13284193,13283759,434
956387261,76.2975,114.885,496,19857,0.0439068,0.07,1,13284392,13283896,496
956644221,41.9871,35.6443,494,27716,0.0434245,0.92,1,13289652,13289158,494
956740581,31.8596,31.9076,422,30134,0.0424102,0.01,1,13291146,13290724,422
956746421,67.6246,66.5798,425,30274,0.0679856,0.05,1,13291276,13290851,425
956898261,75.1741,71.3289,460,33715,0.922931,0.79,2,13293486,13293026,460
957064701,29.1967,28.6289,442,37118,0.445024,0.29,1,13295767,13295325,442
957108501,37.218,39.498,481,37963,0.773328,0.47,2,13296356,13295875,481
957131861,14.7978,29.8557,466,38405,0.769617,0.63,2,13296628,13296162,466
957137701,70.242,33.0396,528,38515,0.793939,0.75,2,13296738,13296210,528
957327501,28.9645,30.936,484,41930,0.7862,1,2,13299036,13298552,484
957347941,21.0769,23.6883,472,42280,0.410613,0.91,1,13299277,13298805,472
957388821,19.1694,21.0769,439,42974,0.282106,0.35,1,13299716,13299277,439
957391741,14.2585,14.3538,439,43023,0.274842,0.35,1,13299730,13299291,439
957397581,34.6156,28.5359,472,43121,0.287575,0.29,1,13299793,13299321,472
957835581,35.0815,55.6222,493,25900,0.901348,0.81,2,13305734,13305241,493
957934861,68.4701,68.5782,532,28550,0.92344,1,2,13307602,13307070,532
957955301,45.2527,29.0921,520,29065,0.269568,0.89,1,13307946,13307426,520
957958221,58.3126,47.0546,531,29138,0.269827,1,1,13308005,13307474,531
957961141,60.8656,58.4027,533,29211,0.293931,0.89,1,13308066,13307533,533
958206421,32.0029,35.7988,509,34770,0.267845,1,1,13311823,13311314,509
958215181,31.0001,32.7177,508,34953,0.0692221,1,1,13311935,13311427,508
958218101,39.55,34.8859,513,35013,0.0696888,0.89,1,13311975,13311462,513
958369941,67.3649,37.2001,524,38024,0.782798,0.67,2,13313946,13313422,524
958720341,36.9444,37.1374,512,44189,0.405974,1,1,13318193,13317681,512
958729101,34.8102,34.8554,512,44333,0.0958223,1,1,13318294,13317782,512
958737861,2.86385,23.8921,474,44476,0.0313326,1,1,13318358,13317884,474
959203601,519.44,513.07,515,23360,0.418,0.92,1,13323244,13322729,515
959248861,54.1817,89.3569,437,24353,0.0469408,0.13,1,13323636,13323199,437
960298601,96.9421,89.7323,458,20852,0.0748361,0.05,1,13338268,13337810,458
960316121,75.5551,76.8303,422,21455,0.0614144,0.07,1,13338592,13338170,422
960339481,100.566,101.628,422,22234,0.0829415,0.07,1,13339117,13338695,422
960783321,88.277,90.2655,422,33748,0.0513375,0.07,1,13346960,13346538,422
961752761,98.2871,95.4722,453,24173,0.769859,0.59,2,13358701,13358248,453
962006801,37.3104,48.0051,450,30875,0.0888663,0.37,1,13363294,13362844,450
962018481,35.9032,36.306,422,31148,0.061555,0.01,1,13363497,13363075,422
962024321,30.9173,30.9183,422,31284,0.0398488,0,1,13363595,13363173,422
962047681,34.0485,34.0645,459,31821,0.217905,0.01,1,13363920,13363461,459
962173241,39.0011,36.0716,486,34563,0.769078,0.61,2,13365671,13365185,486
962176161,63.7001,36.9536,514,34624,0.793631,0.61,2,13365736,13365222,514
962196601,88.6449,41.0483,544,35050,0.907458,0.71,2,13365993,13365449,544
962363041,25.4914,33.4634,508,38335,0.78135,1,2,13368267,13367759,508
962438961,20.3576,21.3509,426,39742,0.252986,0.11,1,13369149,13368723,426
962450641,36.0247,35.217,426,39954,0.276476,0.11,1,13369274,13368848,426
962453561,50.2512,50.2109,426,40007,0.284591,0.13,1,13369325,13368899,426
962780601,52.1227,55.175,467,45536,0.928577,0.91,2,13373032,13372565,467
963030261,23.6934,37.1571,456,23278,0.75295,0.61,2,13375918,13375462,456
963041941,61.8442,71.3066,516,23640,0.905788,0.71,2,13376243,13375727,516
963155821,92.8019,76.7612,567,26915,0.921059,1,2,13378550,13377983,567
963176261,54.4013,70.7723,468,27461,0.775563,0.96,2,13378835,13378367,468
963541261,88.964,100.062,472,35825,0.917112,1,2,13384627,13384155,472
963736901,33.9489,33.437,430,39583,0.217887,0.07,1,13387174,13386744,430
963798221,58.0554,58.0634,492,40687,0.407561,0.27,1,13387872,13387380,492
964145701,20.8974,31.8121,444,21861,0.231705,0.23,1,13392021,13391577,444
964207021,21.0569,39.1385,470,23815,0.783158,0.57,2,13393344,13392874,470
964557421,3.23725,26.7902,423,32800,0.0313931,0.03,1,13399538,13399115,423
964572021,55.8767,54.8815,424,33120,0.0952367,0.03,1,13399788,13399364,424
964574941,44.5938,46.4441,422,33184,0.0380947,0.01,1,13399832,13399410,422
964580781,38.1115,39.0186,422,33312,0.0360951,0.01,1,13399910,13399488,422
964592461,33.4144,35.3119,422,33564,0.029388,0,1,13399997,13399575,422
964598301,46.586,44.6908,424,33690,0.0347021,0.13,1,13400102,13399678,424
964601221,53.6293,53.5345,424,33753,0.0438808,0.09,1,13400156,13399732,424
964609981,40.0445,40.2297,422,33941,0.0292084,0.05,1,13400294,13399872,422
964618741,27.7403,27.7403,422,34127,0.0189093,0.03,1,13400382,13399960,422
964621661,3.28701,3.28701,422,34189,0.0135637,0.03,1,13400384,13399962,422
964624581,33.4144,33.4144,422,34251,0.0474255,0.03,1,13400419,13399997,422
964639181,36.2863,57.7813,461,34559,0.0706712,0.05,1,13400675,13400214,461
964647941,23.7545,38.1022,444,34742,0.023483,0.01,1,13400776,13400332,444
964668381,60.774,55.5269,484,35166,0.0568693,0.05,1,13401063,13400579,484
964682981,26.7901,23.7545,449,35466,0.0492831,0.03,1,13401225,13400776,449
964729701,4.6459,4.69341,423,36408,0.0431603,0.01,1,13401745,13401322,423
964741381,43.1306,40.1857,427,36640,0.0823689,0.13,1,13401955,13401528,427
964805621,54.6363,44.8775,482,37888,0.257662,0.15,1,13402697,13402215,482
964808541,67.3318,53.5439,496,37944,0.265065,0.15,1,13402765,13402269,496
965160401,32.0249,41.8845,436,20347,0.0727035,0.05,1,13407139,13406703,436
965180841,3.55113,32.0249,427,21066,0.0697863,0.05,1,13407566,13407139,427
965224641,76.1798,72.3776,430,22529,0.0913798,0.17,1,13408497,13408067,430
965242161,3.60169,33.9395,425,23088,0.0839077,0.05,1,13408840,13408415,425
965253841,67.215,94.953,487,23453,0.089652,0.01,1,13409174,13408687,487
965256761,56.5608,66.4976,478,23543,0.0658608,0.07,1,13409230,13408752,478
965259681,35.128,53.6749,459,23633,0.0563443,0.09,1,13409264,13408805,459
965350201,62.1214,61.4347,511,26270,0.758513,0.59,2,13410980,13410469,511
965353121,37.3061,60.0717,487,26351,0.753405,0.61,2,13411016,13410529,487
965356041,3.7653,37.2036,453,26431,0.751362,0.61,2,13411018,13410565,453
965376481,4.91368,62.1214,459,26987,0.905273,0.75,2,13411439,13410980,459
965502041,83.5049,78.7332,490,30174,0.910349,1,2,13413704,13413214,490
965516641,24.0097,26.1203,472,30523,0.904781,0.88,2,13413897,13413425,472
965522481,32.075,37.3053,476,30661,0.928365,1,2,13413963,13413487,476
965840761,40.7831,37.7586,515,37438,0.939997,1,2,13418666,13418151,515
965843681,31.4892,32.2879,514,37494,0.927999,1,2,13418697,13418183,514
965905001,3.19136,27.0105,439,38660,0.0762458,0.37,1,13419472,13419033,439
965975081,43.5423,38.7402,440,39950,0.427984,0.37,1,13420311,13419871,440
966471481,31.1344,34.2325,436,48101,0.201969,0.23,1,13425848,13425412,436
966564921,34.0793,35.5886,472,49485,0.421872,0.37,1,13426720,13426248,472
966567841,20.704,33.1294,459,49528,0.414749,0.39,1,13426740,13426281,459
966899261,493.524,541.24,479,24820,0.442,0.98,1,13430304,13429825,479
966903641,136.776,151.512,466,24820,0.2548,0.85,1,13430422,13429956,466
966976641,64.2597,56.1468,458,25075,0.0928216,0.01,1,13431096,13430638,458
966979561,12.713,37.0073,432,25160,0.0791286,0,1,13431106,13430674,432
966997081,71.2393,45.3392,498,25661,0.0940911,0.13,1,13431460,13430962,498
967005841,25.2314,12.7119,448,25908,0.0609818,0.01,1,13431554,13431106,448
967017521,75.8839,71.7305,501,26234,0.0992411,0.09,1,13431814,13431313,501
967116801,79.2377,83.7058,528,28854,0.758722,0.59,2,13433488,13432960,528
967274481,34.2165,62.8632,502,32578,0.449094,0.91,1,13436119,13435617,502
967367921,62.0764,63.5162,520,34595,0.782886,0.81,2,13437438,13436918,520
967540201,31.4982,30.4216,510,38032,0.434766,1,1,13439799,13439289,510
967659921,63.8205,39.4293,526,40247,0.939995,0.85,2,13441260,13440734,526
967665761,33.8846,29.6436,500,40351,0.931599,0.93,2,13441324,13440824,500
967805921,25.5455,21.6451,485,42790,0.421823,1,1,13443016,13442531,485
968238081,60.2607,82.172,505,23492,0.778758,0.51,2,13448178,13447673,505
968603081,36.2659,36.6585,447,32894,0.751498,0.53,2,13454651,13454204,447
968606001,74.9633,74.0329,448,32958,0.774599,0.57,2,13454728,13454280,448
969058601,21.1002,33.0597,438,41733,0.0165989,0.23,1,13460773,13460335,438
969152041,38.9247,38.4515,460,43321,0.040875,0.03,1,13461751,13461291,460
969157881,34.8673,32.3486,456,43419,0.00894,0,1,13461818,13461362,456
969160801,34.9934,34.8674,456,43468,0.021576,0.07,1,13461853,13461397,456
969192921,38.8227,37.494,460,43997,0.0550505,0.05,1,13462172,13461712,460
969198761,34.8671,32.3462,456,44093,0.0172081,0,1,13462239,13461783,456
969201681,34.9934,34.8673,456,44141,0.0248832,0.03,1,13462274,13461818,456
969204601,45.4497,34.9934,467,44189,0.0279533,0.01,1,13462320,13461853,467
969242561,34.8213,34.8671,422,44805,0.0130202,0.03,1,13462661,13462239,422
969248401,46.4471,45.4497,424,44899,0.0200832,0.03,1,13462744,13462320,424
969295121,26.0724,25.1224,423,45645,0.0178095,0.03,1,13463191,13462768,423
969298041,29.8036,29.7561,423,45691,0.0611238,0.03,1,13463221,13462798,423
969306801,25.0457,24.1432,423,45829,0.0526319,0.03,1,13463296,13462873,423
969309721,3.15229,3.10716,423,45875,0.0510528,0.09,1,13463298,13462875,423
969312641,20.1076,19.1554,424,45921,0.0864211,0.09,1,13463319,13462895,424
969359361,31.4529,20.1076,456,46651,0.0895688,0.05,1,13463775,13463319,456
969365201,33.6611,27.2678,457,46741,0.089931,0.09,1,13463836,13463379,457
969385641,33.5586,25.1698,456,47056,0.0276728,0.05,1,13464068,13463612,456
969441121,25.2837,25.0937,427,47899,0.0240917,0.11,1,13464571,13464144,427
969444041,3.16419,3.15469,427,47943,0.0156367,0.11,1,13464573,13464146,427
969446961,21.0582,21.0577,427,47987,0.0362547,0.15,1,13464595,13464168,427
969449881,33.3529,31.4529,429,48031,0.0445019,0.13,1,13464629,13464200,429
969461561,34.778,32.9257,429,48207,0.0978592,0.17,1,13464724,13464295,429
969566681,48.4747,36.5416,487,49757,0.437281,0.37,1,13465726,13465239,487
969966721,14.3812,6.49135,454,25633,0.0760173,0.39,1,13469725,13469271,454
969969641,32.0691,29.7746,456,25716,0.0844069,0.35,1,13469758,13469302,456
969981321,65.739,65.9417,459,26044,0.0992648,0.03,1,13469992,13469533,459
969984241,48.8869,57.4471,450,26125,0.0937059,0.01,1,13470040,13469590,450
970086441,50.9012,65.9839,502,28827,0.752494,0.61,2,13471790,13471288,502
970109801,70.9289,87.4825,526,29409,0.939332,0.75,2,13472199,13471673,526
970212001,34.9884,37.3219,507,31831,0.9316,1,2,13473836,13473329,507
970267481,31.3764,30.4293,461,33070,0.901555,0.73,2,13474698,13474237,461
970480641,26.8148,30.1446,454,37451,0.0551842,0.03,1,13477648,13477194,454
970483561,34.5907,32.8572,456,37507,0.0880737,0.01,1,13477683,13477227,456
970509841,29.9039,27.0812,453,38011,0.0658863,0.05,1,13478022,13477569,453
970527361,52.1571,38.0865,474,38342,0.0752324,0.01,1,13478235,13477761,474
970533201,31.0529,34.7702,452,38452,0.0480372,0.01,1,13478297,13477845,452
970539041,51.4251,40.4619,474,38562,0.061686,0.09,1,13478390,13477916,474
970623721,26.7685,0.170541,452,40120,0.0473079,0.09,1,13479298,13478846,452
970632481,39.1956,23.9139,463,40278,0.0853477,0.15,1,13479384,13478921,463
970652921,51.2303,38.456,479,40642,0.235158,0.03,1,13479662,13479183,479
970664601,24.1859,26.7685,447,40850,0.20882,0.07,1,13479745,13479298,447
970673361,38.1075,39.1956,464,41006,0.254564,0.13,1,13479848,13479384,464
970685041,30.063,31.2548,460,41210,0.250885,0.19,1,13480004,13479544,460
970801841,58.1859,41.7598,514,43211,0.91545,0.73,2,13481280,13480766,514
971177061,41.6475,34.3282,496,26354,0.0267854,0.33,1,13487295,13486799,496
971293861,47.5145,55.2398,496,29395,0.782299,0.61,2,13489256,13488760,496
971436941,51.8587,85.4587,526,32735,0.938848,1,2,13491543,13491017,526
971439861,38.6929,49.8729,516,32800,0.909539,1,2,13491581,13491065,516
971457381,21.5522,27.1321,495,33184,0.438158,0.97,1,13491841,13491346,495
971685141,33.9103,29.1449,518,37832,0.932848,1,2,13494993,13494475,518
971734781,23.9486,28.2469,450,38772,0.0287143,0.47,1,13495582,13495132,450
971737701,35.3974,35.6123,450,38826,0.0294857,0.45,1,13495618,13495168,450
971819461,41.1237,41.6695,465,40322,0.088332,0.13,1,13496547,13496082,465
971828221,45.0019,46.0755,469,40478,0.210373,0.03,1,13496664,13496195,469
971860341,27.9459,41.1237,455,41049,0.0836086,0.17,1,13497002,13496547,455
972029701,52.0325,51.7023,504,43930,0.93799,0.67,2,13498859,13498355,504
972032621,39.6516,49.1351,494,43978,0.921196,0.73,2,13498898,13498404,494
972038461,32.3516,35.1303,493,44074,0.911791,0.81,2,13498969,13498476,493
972272061,12.7738,13.7666,422,22437,0.0470792,0.05,1,13501900,13501478,422
972274981,32.9387,32.9883,422,22532,0.0848317,0.05,1,13501934,13501512,422
972280821,81.4498,70.3825,503,22720,0.0987731,0.05,1,13502089,13501586,503
972301261,82.4046,70.9969,508,23365,0.284334,0.09,1,13502515,13502007,508
972312941,12.9254,66.4698,439,23726,0.255103,0.17,1,13502752,13502313,439
972371341,83.8921,83.8873,446,25453,0.779452,0.49,2,13503840,13503394,446
972677941,106.086,110.059,481,33056,0.922186,1,2,13509204,13508723,481
972984541,29.8365,39.1256,478,39204,0.0859662,0.71,1,13513396,13512918,478
972990381,28.4796,36.2453,448,39312,0.0317546,0.59,1,13513481,13513033,448
972996221,27.1462,30.1106,443,39420,0.00748073,0.35,1,13513538,13513095,443
973040021,30.088,33.5862,451,40217,0.078746,0,1,13514023,13513572,451
973051701,31.4624,39.3004,453,40426,0.0976799,0.05,1,13514146,13513693,453
973054621,19.6231,32.365,440,40478,0.069072,0,1,13514165,13513725,440
973098421,31.8149,44.6812,455,41253,0.0999674,0.05,1,13514666,13514211,455
973110101,28.1363,30.7317,450,41457,0.0584792,0.05,1,13514805,13514355,450
973296981,36.773,36.7821,453,44598,0.796088,0.63,2,13516764,13516311,453
973308661,68.2782,65.3783,458,44786,0.912748,0.69,2,13516929,13516471,458
973542261,22.9189,27.4403,449,22093,0.08296,0.33,1,13519651,13519202,449
973545181,64.7959,30.822,485,22189,0.099184,0.21,1,13519718,13519233,485
973770021,67.1249,82.8035,532,28624,0.904,1,2,13524110,13523578,532
973781701,41.8594,27.1077,517,28919,0.901782,1,2,13524271,13523754,517
974231381,27.7607,25.9232,449,38575,0.0294052,0.03,1,13530922,13530473,449
974266421,23.2582,23.2133,423,39227,0.0160958,0.03,1,13531317,13530894,423
974269341,28.7129,27.7607,424,39281,0.0364383,0.03,1,13531346,13530922,424
974289781,29.9167,30.9451,426,39656,0.0747074,0.13,1,13531555,13531129,426
974304381,24.2077,23.2582,423,39921,0.0450498,0.05,1,13531740,13531317,423
974310221,3.29052,3.33565,422,40027,0.025208,0.05,1,13531770,13531348,422
974313141,29.6145,28.6668,423,40080,0.0400832,0.05,1,13531801,13531378,423
974330661,31.991,29.9167,456,40395,0.072865,0.13,1,13532011,13531555,456
974333581,48.1495,30.9458,474,40447,0.083146,0.07,1,13532060,13531586,474
974345261,27.7201,24.2077,449,40655,0.0472005,0.05,1,13532189,13531740,449
974356941,29.334,53.7307,450,40863,0.0571283,0.01,1,13532306,13531856,450
974380301,20.6376,49.0454,443,41274,0.0565178,0.03,1,13532583,13532140,443
974386141,3.32909,27.7201,425,41376,0.0342428,0.05,1,13532614,13532189,425
974397821,3.41658,29.334,427,41580,0.0541086,0.07,1,13532733,13532306,427
974412421,48.2968,48.1948,429,41835,0.210208,0.17,1,13532913,13532484,429
974429941,28.671,29.6165,423,42135,0.206702,0.03,1,13533068,13532645,423
974432861,56.5335,55.6308,424,42185,0.244681,0.03,1,13533126,13532702,424
975632981,62.3801,58.485,463,30464,0.940601,0.81,2,13546071,13545608,463
975781901,29.8412,32.8917,462,33823,0.432836,0.75,1,13548392,13547930,462
975834461,55.316,39.4132,506,34931,0.768169,0.67,2,13549138,13548632,506
975995061,59.5729,47.2776,522,38117,0.791405,1,2,13551298,13550776,522
976015501,30.6767,28.9676,501,38502,0.442331,0.99,1,13551593,13551092,501
976479781,32.0377,32.8418,512,46411,0.942928,1,2,13556966,13556454,512
976517741,29.8293,29.813,501,46996,0.023832,1,1,13557374,13556873,501
976619941,26.958,26.9601,423,48543,0.0212983,0.07,1,13558303,13557880,423
976631621,33.8478,31.948,424,48715,0.0601132,0.07,1,13558431,13558007,424
976873981,35.8027,32.009,479,52183,0.777698,0.45,2,13560592,13560113,479
976885661,30.455,19.147,476,52343,0.776533,0.53,2,13560667,13560191,476
976914861,33.7447,27.8959,492,52743,0.784546,0.73,2,13560948,13560456,492
976946981,44.089,28.6796,502,53183,0.925107,0.69,2,13561235,13560733,502
977247741,19.7941,22.5493,424,27471,0.276538,0.09,1,13564606,13564182,424
977250661,79.8397,77.1275,427,27548,0.284615,0.09,1,13564689,13564262,427
978623061,94.3916,90.6389,456,28222,0.757868,0.69,2,13583661,13583205,456
978815781,3.60194,34.9461,429,32804,0.424425,0.17,1,13586769,13586340,429
978821621,35.729,35.7599,430,32932,0.441108,0.15,1,13586818,13586388,430
978824541,79.6865,78.738,431,32996,0.446443,0.21,1,13586900,13586469,431
979624621,3.39991,30.9457,431,47399,0.24293,0.21,1,13596667,13596236,431
979957501,28.7964,37.5236,512,52221,0.904712,1,2,13599877,13599365,512
980304981,18.0602,17.9628,441,27238,0.412381,0.41,1,13603678,13603237,441
980313741,56.3634,58.2111,442,27471,0.420232,0.43,1,13603830,13603388,442
980561941,41.6409,41.5604,441,33389,0.225818,0.35,1,13607938,13607497,441
981201421,26.2993,28.3496,436,45169,0.073028,0.29,1,13615863,13615427,436
981210181,15.9395,15.954,430,45310,0.0596338,0.17,1,13615942,13615512,430
981230621,32.0227,30.9801,430,45633,0.0948178,0.15,1,13616135,13615705,430
981274421,32.9277,32.4539,457,46323,0.234375,0.09,1,13616560,13616103,457
981289021,27.1494,30.0345,453,46549,0.202454,0.11,1,13616713,13616260,453
981318221,30.0802,31.5536,463,46999,0.428275,0.23,1,13616990,13616527,463
981446701,37.8436,34.2336,492,48933,0.908879,0.69,2,13618221,13617729,492
981820461,20.7189,1.84529,457,28439,0.207649,0.35,1,13623697,13623240,457
981823381,80.8359,22.8923,517,28513,0.23306,0.17,1,13623781,13623264,517
982410301,40.6453,22.7775,492,40788,0.0941628,0.41,1,13632156,13631664,492
982867281,518.155,528.068,498,21900,0.778,0.98,2,13637062,13636564,498
982878961,81.2995,95.056,497,22285,0.436605,0.91,1,13637358,13636861,497
983045401,39.2457,36.9515,495,27180,0.411376,1,1,13640739,13640244,495
983060001,30.2965,36.2937,475,27567,0.0417773,0.89,1,13640984,13640509,475
983062921,22.4148,28.4147,469,27644,0.0227109,0.85,1,13641006,13640537,469
983103801,83.3442,32.7826,509,28698,0.0320368,0,1,13641712,13641203,509
983115481,22.2296,26.6842,443,28992,0.0292841,0.03,1,13641849,13641406,443
983121321,64.3706,71.4117,485,29138,0.0706855,0.01,1,13641987,13641502,485
983124241,29.8185,62.4706,451,29211,0.0702742,0,1,13642015,13641564,451
983138841,25.6865,56.8284,447,29571,0.0239996,0.03,1,13642249,13641802,447
983141761,21.2343,26.5914,443,29643,0.00959984,0.03,1,13642270,13641827,443
983147601,68.1681,71.4115,489,29785,0.050736,0.09,1,13642412,13641923,489
983168041,23.8339,25.6865,422,30279,0.0434187,0,1,13642671,13642249,422
983170961,21.1417,21.2343,422,30349,0.0233675,0.03,1,13642692,13642270,422
983173881,72.3071,71.3617,423,30419,0.027347,0.07,1,13642767,13642344,423
983188481,77.5896,82.3348,423,30765,0.0534928,0.03,1,13642981,13642558,423
983191401,32.3795,33.5667,422,30834,0.0273971,0.07,1,13643011,13642589,422
983194321,59.569,58.6783,423,30903,0.0529589,0.03,1,13643072,13642649,423
983200161,21.0964,21.1417,422,31039,0.0432734,0.03,1,13643114,13642692,422
983206001,70.1627,71.0654,422,31175,0.0441237,0.03,1,13643260,13642838,422
983264401,72.1032,73.2074,494,32505,0.24874,0.05,1,13644105,13643611,494
983267321,5.50516,70.1604,426,32570,0.225496,0.05,1,13644107,13643681,426
983279001,6.16245,81.4442,432,32830,0.266173,0.23,1,13644264,13643832,432
983375361,6.44982,86.2464,450,34892,0.77646,0.59,2,13645587,13645137,450
984048421,89.4595,115.242,543,23443,0.798787,0.73,2,13654862,13654319,543
984249901,26.1398,42.1139,501,29022,0.416752,1,1,13658730,13658229,501
984495181,43.4987,43.4147,524,34615,0.949912,1,2,13662534,13662010,524
984501021,20.1537,34.166,495,34737,0.940386,0.9,2,13662595,13662100,495
984655781,17.2594,23.697,490,37828,0.790427,0.97,2,13664726,13664236,490
984661621,38.5656,35.1142,506,37940,0.794868,1,2,13664796,13664290,506
984804701,25.8706,26.1762,495,40578,0.424958,0.94,1,13666624,13666129,495
984810541,31.5572,27.0454,495,40682,0.426793,0.91,1,13666679,13666184,495
985105461,33.8056,39.1249,499,45624,0.754303,1,2,13670052,13669553,499
985197441,30.0397,37.5625,441,21861,0.0188214,0.03,1,13671207,13670766,441
985223721,47.4322,93.1751,467,22720,0.0634244,0.07,1,13671772,13671305,467
985238321,28.947,27.9872,451,23183,0.0354495,0.01,1,13672051,13671600,451
985244161,48.5224,93.645,470,23365,0.0548719,0.07,1,13672197,13671727,470
985258761,27.997,27.9398,451,23815,0.0474387,0.03,1,13672473,13672022,451
985261681,96.3998,28.947,522,23904,0.0489755,0.03,1,13672573,13672051,522
987406421,2.81872,24.7447,451,32807,0.0220594,0.63,1,13699407,13698956,451
987482341,31.5679,41.3289,456,34443,0.206446,0.17,1,13700390,13699934,456
987660461,95.0887,74.8272,552,38005,0.911566,0.73,2,13702745,13702193,552
987669221,31.4901,39.9402,489,38172,0.90002,0.75,2,13702851,13702362,489
987888221,30.5204,36.3258,441,42117,0.20768,0.23,1,13705483,13705042,441
988010861,32.7008,64.0668,485,44173,0.779791,0.69,2,13706811,13706326,485
988241541,93.3642,92.2329,511,21370,0.79672,0.73,2,13709765,13709254,511
988527701,29.4571,70.3993,484,29539,0.0726721,0.61,1,13715501,13715017,484
988542301,3.88254,37.9097,425,29895,0.026309,0.03,1,13715687,13715262,425
988551061,42.7386,40.8452,426,30107,0.0897638,0.01,1,13715841,13715415,426
988571501,3.87077,3.88254,422,30595,0.0465308,0.13,1,13716109,13715687,422
988574421,35.3435,33.4441,424,30664,0.0486123,0.09,1,13716146,13715722,424
988583181,53.5322,55.3369,424,30871,0.0623912,0.09,1,13716321,13715897,424
988597781,35.3357,39.4155,422,31212,0.0199733,0.01,1,13716529,13716107,422
988600701,3.66679,3.87077,422,31280,0.0139893,0.01,1,13716531,13716109,422
988606541,74.9642,35.1597,500,31415,0.0322383,0.03,1,13716646,13716146,500
988775901,85.6935,40.8198,543,35106,0.907382,0.67,2,13719062,13718519,543
988951101,52.0433,33.9364,505,38552,0.757752,0.59,2,13721412,13720907,505
988968621,23.461,26.2568,450,38880,0.757036,0.59,2,13721551,13721101,450
988971541,84.773,83.9628,451,38934,0.788814,0.69,2,13721639,13721188,451
989248941,18.6932,30.8665,444,43786,0.218567,0.11,1,13724873,13724429,444
989254781,34.8642,53.1822,458,43882,0.228171,0.09,1,13724960,13724502,458
989257701,19.7932,30.2091,448,43930,0.217268,0.13,1,13724979,13724531,448
989429981,34.9672,51.4417,489,46678,0.925531,0.69,2,13726725,13726236,489
989647521,26.3825,29.773,470,23278,0.0279622,0.61,1,13729220,13728750,470
989650441,83.0191,33.7886,522,23369,0.0411849,0.35,1,13729306,13728784,522
989980401,44.2869,31.001,466,32019,0.0309536,0,1,13735055,13734589,466
989983321,49.7143,44.3,471,32085,0.0663814,0.03,1,13735105,13734634,471
989995001,42.8834,40.6211,465,32349,0.0452354,0.03,1,13735264,13734799,465
990000841,40.7197,32.5916,465,32479,0.0444377,0.07,1,13735340,13734875,465
990012521,51.4764,44.2869,473,32739,0.0762576,0.09,1,13735528,13735055,473
990027121,41.9307,42.8834,422,33060,0.0646305,0.03,1,13735686,13735264,422
990041721,38.7248,41.5272,422,33379,0.00651782,0.11,1,13735898,13735476,422
990044641,56.0862,51.4764,427,33442,0.0626071,0.11,1,13735955,13735528,427
990070921,34.3069,33.4968,423,34007,0.0360501,0,1,13736282,13735859,423
990076761,60.7908,56.0862,427,34131,0.047768,0.13,1,13736382,13735955,427
990082601,19.247,19.2352,427,34255,0.0424429,0.11,1,13736404,13735977,427
990100121,54.3902,42.7553,481,34624,0.0585438,0,1,13736670,13736189,481
990105961,37.8035,34.3069,459,34746,0.027367,0,1,13736741,13736282,459
990108881,61.7402,37.8153,484,34807,0.0409468,0.07,1,13736804,13736320,484
990646161,20.6235,27.5754,442,44599,0.0279992,0.31,1,13743303,13742861,442
990742521,41.5337,32.5804,470,46134,0.0588435,0.23,1,13744253,13743783,470
990748361,24.2338,28.5815,454,46226,0.051415,0.13,1,13744305,13743851,454
990751281,37.3117,28.9791,463,46272,0.062566,0.09,1,13744343,13743880,463
990768801,25.9155,25.2528,450,46544,0.0317308,0.05,1,13744517,13744067,450
990798001,28.5131,37.3117,452,46994,0.219478,0.09,1,13744795,13744343,452
990929401,28.7819,41.5663,487,48971,0.795006,0.79,2,13746035,13745548,487
990984881,28.8028,44.0095,489,49783,0.920857,0.81,2,13746594,13746105,489
991190741,20.1983,17.9223,438,24785,0.232786,0.11,1,13748805,13748367,438
991219941,48.7905,69.4005,475,25627,0.266598,0.09,1,13749353,13748878,475
991491501,25.6354,64.7975,470,32418,0.0701935,0.45,1,13753986,13753516,470
991523621,25.5856,25.6354,423,33128,0.0426022,0.07,1,13754409,13753986,423
991526541,31.6793,30.7318,424,33192,0.0710409,0.11,1,13754441,13754017,424
991535301,30.8576,29.0976,424,33383,0.0494266,0.09,1,13754569,13754145,424
991538221,72.7929,70.8049,426,33446,0.0617706,0.05,1,13754644,13754218,426
991541141,5.53964,5.44024,426,33509,0.0427083,0.05,1,13754646,13754220,426
991561581,70.9386,69.034,426,33949,0.0863337,0.11,1,13754938,13754512,426
991967461,70.9416,80.5421,445,41716,0.448438,0.47,1,13760066,13759621,445
992644901,42.1445,66.0827,440,24527,0.443127,0.39,1,13767417,13766977,440
992682861,57.9435,72.3337,502,25627,0.775876,0.55,2,13768134,13767632,502
992691621,46.1464,64.077,496,25874,0.765576,0.71,2,13768314,13767818,496
992706221,58.9435,75.8699,517,26281,0.793532,0.79,2,13768594,13768077,517
992837621,33.196,36.5015,503,29690,0.0401537,0.9,1,13770977,13770474,503
992843461,51.003,47.3538,504,29832,0.0940246,0.47,1,13771061,13770557,504
992858061,46.5745,42.8837,427,30185,0.0637564,0.01,1,13771242,13770815,427
992863901,41.4414,36.9197,427,30325,0.030601,0.05,1,13771371,13770944,427
992866821,30.5721,33.196,424,30395,0.0302404,0.09,1,13771401,13770977,424
992872661,53.0389,51.003,429,30534,0.0396385,0.11,1,13771490,13771061,429
992875581,4.55195,4.45015,429,30603,0.0338554,0.11,1,13771492,13771063,429
992878501,43.9276,43.9225,429,30672,0.0915422,0.13,1,13771538,13771109,429
992893101,42.2556,41.4414,423,31016,0.0315326,0.03,1,13771794,13771371,423
992896021,30.6128,30.5721,423,31084,0.030613,0.07,1,13771824,13771401,423
992898941,38.5806,34.7786,427,31152,0.0542452,0.03,1,13771863,13771436,427
992916461,48.0403,53.5468,470,31557,0.092242,0.01,1,13772088,13771618,470
992925221,30.615,42.2556,452,31758,0.0291835,0.03,1,13772246,13771794,452
992954421,31.5144,42.3001,452,32418,0.0834987,0.03,1,13772668,13772216,452
993079981,38.824,87.6854,492,35113,0.77003,0.71,2,13774400,13773908,492
993675661,13.8151,24.3192,482,45768,0.220974,1,1,13781734,13781252,482
993938461,34.0199,32.4034,482,49743,0.776447,0.57,2,13784240,13783758,482
994388141,45.5594,75.0569,499,28632,0.929442,0.71,2,13789723,13789224,499
994551661,29.8753,28.5038,488,32513,0.920683,0.79,2,13792439,13791951,488
994554581,32.8438,29.9252,491,32578,0.926273,0.79,2,13792472,13791981,491
994726861,20.5058,25.4629,465,36209,0.0357743,0.75,1,13794934,13794469,465
994788181,42.1961,30.7116,465,37416,0.0851453,0.03,1,13795700,13795235,465
994805701,26.6572,20.094,450,37752,0.0613184,0.03,1,13795887,13795437,450
994808621,34.5829,26.6547,458,37808,0.0665273,0.09,1,13795922,13795464,458
994811541,73.9291,34.5827,499,37864,0.0686109,0.05,1,13795998,13795499,499
995293341,131.772,88.4968,584,23271,0.754604,0.67,2,13802800,13802216,584
995413061,55.7662,32.7593,527,26750,0.292457,0.97,1,13805228,13804701,527
995436421,28.7703,32.3232,436,27377,0.203739,0.25,1,13805607,13805171,436
995524021,73.4744,61.5398,522,29608,0.758002,0.57,2,13807118,13806596,522
995713821,40.4022,31.7823,496,33939,0.0794573,1,1,13810084,13809588,496
995728421,23.3217,28.5291,449,34249,0.0228744,0.63,1,13810254,13809805,449
995734261,36.9183,36.1713,484,34373,0.0456599,0.51,1,13810327,13809843,484
995737181,75.9459,37.9086,524,34435,0.060264,0.27,1,13810405,13809881,524
995745941,35.4469,29.0439,463,34618,0.0367369,0,1,13810506,13810043,463
995757621,48.2023,56.6939,470,34862,0.0446685,0.03,1,13810654,13810184,470
995760541,23.3101,48.4347,444,34923,0.0178674,0,1,13810676,13810232,444
995772221,39.9947,75.9459,463,35164,0.0678974,0.03,1,13810868,13810405,463
995775141,28.5997,42.7473,450,35224,0.045159,0.05,1,13810896,13810446,450
995783901,15.0872,32.1723,439,35404,0.0420102,0.09,1,13810977,13810538,439
995789741,48.0602,52.0454,470,35524,0.0655216,0.05,1,13811076,13810606,470
995792661,24.253,48.2023,445,35584,0.0322087,0,1,13811099,13810654,445
995877341,42.3182,78.9431,474,37267,0.425057,0.25,1,13812155,13811681,474
995947421,44.1755,86.3642,490,38605,0.76794,0.57,2,13813047,13812557,490
996245261,30.7068,43.2741,479,43832,0.753235,0.49,2,13816531,13816052,479
996493461,29.6724,32.0889,479,47749,0.076212,1,1,13819224,13818745,479
997003001,66.9994,32.1879,492,25661,0.210009,0.09,1,13824364,13823872,492
997026361,69.71,66.9875,499,26315,0.431652,0.21,1,13824796,13824297,499
997382601,29.4594,40.3709,492,34778,0.0470188,0.75,1,13830579,13830087,492
997730081,35.3771,75.3979,498,41384,0.774352,1,2,13834944,13834446,498
997823521,34.8018,47.18,462,20281,0.275282,0.17,1,13836426,13835964,462
997829361,94.137,115.59,524,20490,0.429245,0.17,1,13836639,13836115,524
997981201,75.0929,82.496,489,25315,0.294102,1,1,13839988,13839499,489
997984121,17.0546,29.7748,476,25399,0.255641,1,1,13840002,13839526,476
998130121,81.6721,35.3974,534,29278,0.947612,0.67,2,13842550,13842016,534
998308241,55.7703,35.2863,500,33400,0.0717493,0.82,1,13845401,13844901,500
998317001,29.1767,33.3233,463,33589,0.029792,0.69,1,13845523,13845060,463
998322841,26.0079,32.1933,447,33715,0.0227667,0.55,1,13845575,13845128,447
998328681,21.345,31.953,433,33841,0.0216427,0.09,1,13845624,13845191,433
998366641,59.5211,50.4672,481,34643,0.0284905,0,1,13846157,13845676,481
998381241,27.3151,32.4418,449,34948,0.0139813,0,1,13846365,13845916,449
998398761,57.5266,50.4221,481,35308,0.0492957,0.01,1,13846578,13846097,481
998413361,27.3578,33.3016,449,35607,0.0435608,0,1,13846787,13846338,449
998416281,27.0179,27.3151,449,35666,0.0354243,0.05,1,13846814,13846365,449
998419201,3.25089,26.0658,425,35725,0.0321697,0.07,1,13846816,13846391,425
998430881,50.4246,48.5316,426,35961,0.0835275,0.03,1,13846946,13846520,426
998436721,34.9911,34.2263,423,36079,0.0385644,0.09,1,13847034,13846611,423
998448401,27.3962,27.3578,423,36312,0.0287792,0.03,1,13847210,13846787,423
998460081,31.738,29.8381,424,36544,0.0347687,0.09,1,13847298,13846874,424
998465921,52.3293,50.4246,426,36660,0.071563,0.03,1,13847372,13846946,426
998471761,34.8058,34.9911,422,36776,0.0462501,0.03,1,13847456,13847034,422
998477601,53.477,52.48,424,36890,0.0998,0.05,1,13847573,13847149,424
998492201,26.7599,26.7602,422,37175,0.08459,0.05,1,13847688,13847266,422
998541841,32.8681,48.219,463,38130,0.217526,0.19,1,13848307,13847844,463
998547681,59.8847,63.438,484,38240,0.256804,0.13,1,13848426,13847942,484
999115621,98.3048,87.755,518,21997,0.7852,1,2,13854890,13854372,518
999124381,75.2689,74.4886,504,22285,0.753693,0.99,2,13855113,13854609,504
999419301,38.4491,44.3106,451,30419,0.0845694,0.51,1,13860721,13860270,451
999550701,67.5276,62.7774,457,33405,0.919295,0.79,2,13862645,13862188,457
999760941,30.5415,48.4232,454,37688,0.0600324,0.09,1,13865631,13865177,454
999772621,20.514,29.3758,442,37912,0.0565928,0.03,1,13865726,13865284,442
999775541,18.1257,19.5188,441,37968,0.0406371,0.05,1,13865744,13865303,441
999790141,94.5999,48.9056,520,38245,0.0461409,0.07,1,13865986,13865466,520
1001488121,43.6679,47.7367,439,22189,0.0447992,0.01,1,13889346,13888907,439
1001493961,56.4917,56.9768,448,22380,0.0563679,0.01,1,13889488,13889040,448
1001499801,21.5162,23.6549,441,22569,0.0258189,0.03,1,13889558,13889117,441
1001502721,90.3758,29.6827,505,22663,0.0523275,0.03,1,13889652,13889147,505
1002098401,23.2902,28.4114,465,37123,0.0477352,0.87,1,13899391,13898926,465
1002101321,19.2145,23.2706,461,37180,0.0370941,0.87,1,13899410,13898949,461
1002107161,27.218,35.2082,483,37294,0.038335,0.67,1,13899469,13898986,483
1002113001,46.7605,52.8605,488,37408,0.0577336,0.33,1,13899559,13899071,488
1002127601,45.9263,45.6377,467,37688,0.02342,0.03,1,13899763,13899296,467
1002521801,65.1323,59.9529,504,44617,0.932618,1,2,13904332,13903828,504
1002661961,24.1323,26.6444,474,46831,0.905307,0.59,2,13905786,13905312,474
1002908701,68.3622,72.873,525,23550,0.92488,0.79,2,13908713,13908188,525
1003016741,15.2925,22.873,483,26678,0.0608754,0.87,1,13910866,13910383,483
1003022581,61.5982,65.4647,516,26836,0.0661401,0.57,1,13910984,13910468,516
1003045941,59.518,53.9646,428,27461,0.0627207,0.05,1,13911350,13910922,428
1003165661,68.6474,64.8448,450,30461,0.763522,0.57,2,13913272,13912822,450
1003168581,69.9324,69.7422,450,30530,0.779409,0.57,2,13913342,13912892,450
1003422621,28.0607,26.2575,450,36061,0.767426,0.63,2,13917098,13916648,450
1003425541,74.553,71.6129,453,36120,0.79297,0.67,2,13917175,13916722,453
1004494261,27.4364,26.4412,447,53379,0.761248,0.49,2,13928735,13928288,447
1004511781,39.0111,39.9609,448,53613,0.768121,0.55,2,13928883,13928435,448
1004517621,20.9975,20.0974,448,53691,0.760099,0.53,2,13928924,13928476,448
1004523461,32.875,30.9252,451,53769,0.775616,0.59,2,13928988,13928537,451
1004543901,37.6752,35.7276,459,54042,0.91504,0.77,2,13929167,13928708,459
1004752681,506.876,514.522,516,26280,0.946,1,2,13931252,13930736,516
1004802321,34.3302,36.3787,479,26681,0.753349,0.79,2,13931768,13931289,479
1004805241,90.0665,68.3189,502,26760,0.763339,0.83,2,13931861,13931359,502
1005231561,21.7665,26.1717,472,36529,0.425331,0.94,1,13938614,13938142,472
1005284121,36.4687,62.4675,480,37557,0.770627,0.53,2,13939336,13938856,480
1005511881,33.3272,40.8761,477,41715,0.0943364,0.98,1,13942158,13941681,477
1005517721,29.2483,29.6472,469,41817,0.0738938,0.89,1,13942221,13941752,469
1005558601,27.301,29.2483,422,42517,0.0324121,0.05,1,13942643,13942221,422
1005561521,34.6151,32.8124,424,42567,0.0789649,0.05,1,13942678,13942254,424
1005564441,28.3308,30.1406,422,42617,0.0735859,0.05,1,13942706,13942284,422
1005581961,38.1291,32.4197,432,42912,0.0946291,0.21,1,13942885,13942453,432
1005751321,40.946,41.8958,448,45676,0.752723,0.53,2,13944635,13944187,448
1006100261,63.3634,60.4109,454,25036,0.769598,0.65,2,13949158,13948704,454
1006123621,64.1761,70.0276,521,25706,0.905317,0.79,2,13949616,13949095,521
1006217061,42.9881,58.1831,481,28222,0.250054,1,1,13951385,13950904,481
1006252101,40.5505,32.2175,462,29109,0.0352512,0.07,1,13951953,13951491,462
1006389341,74.1355,37.802,528,32349,0.753535,0.65,2,13954068,13953540,528
1006713461,36.7671,32.6729,504,38937,0.236516,1,1,13958581,13958077,504
1006722221,34.0811,31.2021,500,39099,0.093617,1,1,13958698,13958198,500
1007515001,78.0867,68.0217,514,23631,0.410704,0.89,1,13967271,13966757,514
1007917961,48.651,38.1782,486,33814,0.253611,1,1,13974213,13973727,486
1007923801,26.9591,37.4304,474,33939,0.0777777,0.88,1,13974303,13973829,474
1007944241,40.1159,48.5382,479,34373,0.0933738,0.37,1,13974559,13974080,479
1008318001,33.5253,37.8039,461,41506,0.0418537,0.15,1,13979340,13978879,461
1008767681,59.6771,42.6236,488,21997,0.437488,0.63,1,13984257,13983769,488
1008811481,114.85,91.1454,568,23401,0.797046,0.63,2,13985267,13984699,568
1008951641,42.7828,40.713,486,27413,0.0635891,1,1,13988049,13987563,486
1008957481,30.6495,37.6268,472,27567,0.0233743,1,1,13988141,13987669,472
1009001281,107.276,55.6084,531,28698,0.041036,0.03,1,13988855,13988324,531
1009007121,60.9732,42.3665,483,28846,0.0245658,0.03,1,13988955,13988472,483
1009012961,38.7699,33.4509,461,28992,0.0171305,0.09,1,13989027,13988566,461
1009027561,103.663,55.5188,532,29355,0.0575546,0.03,1,13989277,13988745,532
1009033401,60.0142,41.4638,483,29499,0.0392087,0.03,1,13989376,13988893,483
1009042161,24.7883,38.7699,447,29714,0.0353894,0.07,1,13989474,13989027,447
1009048001,3.67197,33.4894,428,29856,0.0308623,0.13,1,13989512,13989084,428
1009123921,35.0418,59.8165,455,31647,0.0859344,0.03,1,13990676,13990221,455
1009129761,24.9776,40.7145,448,31781,0.0725495,0.11,1,13990744,13990296,448
1009147281,31.888,103.669,457,32178,0.213769,0.19,1,13991014,13990557,457
1009158961,25.0651,43.5521,448,32440,0.2052,0.07,1,13991168,13990720,448
1009173561,109.654,63.1843,539,32765,0.245471,0.19,1,13991417,13990878,539
1009179401,27.9191,31.888,434,32894,0.239675,0.27,1,13991448,13991014,434
1009182321,53.646,51.9444,436,32958,0.28187,0.31,1,13991503,13991067,436
1009461181,3.4164,27.4328,427,18133,0.0584299,0,1,13995749,13995322,427
1009510821,30.3777,76.4471,449,20028,0.0681144,0.01,1,13997015,13996566,449
1009537101,126.406,99.9209,549,20962,0.0872335,0,1,13997671,13997122,549
1009542941,81.161,87.0798,423,21164,0.0559574,0.09,1,13997758,13997335,423
1009554621,98.9761,96.1234,430,21562,0.0945045,0.05,1,13997973,13997543,430
1009577981,123.841,118.949,431,22336,0.275417,0.19,1,13998524,13998093,431
1009580901,8.09207,7.84744,431,22431,0.272167,0.19,1,13998526,13998095,431
1009598421,127.641,101.826,559,22993,0.401026,0.31,1,13998958,13998399,559
1009767781,31.2357,29.1451,489,27835,0.284979,1,1,14002255,14001766,489
1009782381,17.6462,24.3653,460,28213,0.0237982,0.65,1,14002487,14002027,460
1009799901,92.1687,62.3582,518,28660,0.0726063,0.03,1,14002837,14002319,518
1009805741,29.8704,28.4659,451,28808,0.029617,0.05,1,14002891,14002440,451
1009942981,85.7935,59.0693,539,32078,0.790258,0.61,2,14005013,14004474,539
1009972181,86.7911,62.8696,549,32732,0.945031,0.79,2,14005475,14004926,549
1010077301,28.0586,27.451,516,34983,0.916,1,2,14006989,14006473,516
1010337181,3.01985,23.6568,452,24022,0.0635049,0.19,1,14012988,14012536,452
1010395581,106.609,64.6632,531,25729,0.07624,0.03,1,14014183,14013652,531
1010674441,54.9059,62.1483,425,14909,0.0705399,0.13,1,14019229,14018804,425
1010693421,83.2681,67.3448,511,15879,0.245936,0.15,1,14019808,14019297,511
1010694881,195.113,81.2672,630,16013,0.296374,0.17,1,14020009,14019379,630
1010708021,195.213,83.2681,635,16665,0.449982,0.33,1,14020443,14019808,635
1010738681,195.214,83.3217,651,18016,0.752912,0.65,2,14021332,14020681,651
1010832121,30.2505,36.1897,460,21563,0.0301204,0.75,1,14023696,14023236,460
1010855481,23.4083,21.4625,425,22337,0.020712,0.03,1,14024142,14023717,425
1010867161,74.776,65.6563,500,22715,0.0734422,0.05,1,14024344,14023844,500
1010881761,45.2288,11.6204,468,23178,0.0633537,0.11,1,14024621,14024153,468
1010884681,68.7614,42.381,494,23269,0.0793415,0.03,1,14024691,14024197,494
1010896361,23.5911,32.1069,448,23631,0.0543991,0.11,1,14024989,14024541,448
1010899281,10.6796,22.5053,436,23721,0.0517597,0.13,1,14024999,14024563,436
1010963521,36.7111,158.831,464,25614,0.402309,0.29,1,14026254,14025790,464
1011392761,154.697,172.609,497,35761,0.777877,1,2,14033192,14032695,497
1011410281,13.6225,29.8034,487,36115,0.0482236,0.98,1,14033370,14032883,487
1011532921,139.177,30.4014,566,38495,0.0794929,0.01,1,14034912,14034346,566
1011940261,10.7881,15.8,462,20750,0.0180448,0.25,1,14039836,14039374,462
1011943181,115.489,112.89,465,20852,0.0492179,0,1,14039957,14039492,465
1011949021,73.3912,91.4347,465,21055,0.0450749,0.05,1,14040128,14039663,465
1011960701,11.6718,10.8759,423,21455,0.0417139,0.07,1,14040259,14039836,423
1011963621,115.534,115.494,423,21554,0.0466856,0.03,1,14040380,14039957,423
1011966541,99.8267,99.8247,423,21652,0.0246742,0.05,1,14040479,14040056,423
1011984061,116.483,115.534,423,22234,0.0503494,0.01,1,14040803,14040380,423
1011986981,98.9242,99.8267,422,22329,0.0261398,0.03,1,14040901,14040479,422
1012147581,101.124,103.332,461,27056,0.925646,0.79,2,14043957,14043496,461
1012290661,57.677,65.4106,457,30656,0.214389,0.61,1,14046480,14046023,457
1012956421,25.7525,53.7041,450,43638,0.0655401,0.05,1,14055086,14054636,450
1012973941,22.3188,28.3783,443,43926,0.0401565,0.05,1,14055293,14054850,443
1013003141,33.4477,42.1376,454,44406,0.0404964,0.03,1,14055583,14055129,454
1013014821,30.1254,28.3759,424,44595,0.0383327,0.05,1,14055695,14055271,424
1013017741,20.5063,22.3188,422,44642,0.0333331,0.03,1,14055715,14055293,422
1013023581,25.0363,25.0408,422,44736,0.0425333,0.05,1,14055766,14055344,422
1013038181,43.8951,42.9472,425,44971,0.0576803,0.05,1,14055911,14055486,425
1013044021,39.2022,41.9549,424,45065,0.0368289,0.03,1,14055974,14055550,424
1013046941,31.4101,33.4477,422,45112,0.0327315,0.09,1,14056005,14055583,422
1013067381,25.0363,25.0363,422,45440,0.0259226,0.03,1,14056188,14055766,422
1013073221,20.7726,21.6751,422,45532,0.0125476,0,1,14056244,14055822,422
1013079061,22.8994,22.9017,422,45624,0.0344076,0.09,1,14056288,14055866,422
1013081981,46.745,43.8951,425,45670,0.043763,0.09,1,14056336,14055911,425
1013090741,31.3131,31.4101,422,45808,0.0366408,0.03,1,14056427,14056005,422
1013204621,34.4948,37.39,423,47571,0.263142,0.03,1,14057492,14057069,423
1013207541,20.7247,20.8695,423,47615,0.243257,0.03,1,14057512,14057089,423
1013213381,23.0418,22.0922,424,47703,0.256121,0.05,1,14057559,14057135,424
1013216301,48.6521,48.6046,424,47747,0.288448,0.07,1,14057609,14057185,424
1013667441,68.1077,68.8884,502,25328,0.912571,0.87,2,14062156,14061654,502
1013804681,31.3543,56.1882,481,29000,0.777161,0.67,2,14064652,14064171,481
1013816361,58.7379,88.9027,512,29291,0.925223,0.71,2,14064905,14064393,512
1013965281,27.5666,34.4496,509,32773,0.0521399,0.96,1,14067296,14066787,509
1014012001,27.4706,29.2781,422,33791,0.0325161,0.11,1,14067909,14067487,422
1014017841,30.4687,29.3807,426,33916,0.0664026,0.15,1,14067998,14067572,426
1014055801,61.6858,33.8234,489,34717,0.222166,0.17,1,14068521,14068032,489
1014087921,61.7832,36.7165,494,35381,0.436464,0.25,1,14068952,14068458,494
1014359481,25.5997,21.999,491,40559,0.0800896,0.82,1,14072459,14071968,491
1014388681,68.5316,42.735,496,41078,0.269237,0.03,1,14072803,14072307,496
1015571281,25.501,40.255,466,31963,0.0497698,0.35,1,14086936,14086470,466
1015582961,47.6126,41.4954,471,32227,0.0665061,0.03,1,14087116,14086645,471
1015600481,27.4482,35.0192,451,32619,0.0446724,0.05,1,14087362,14086911,451
1015603401,23.2224,25.501,449,32684,0.035869,0.03,1,14087385,14086936,449
1015635521,23.17,23.2224,423,33389,0.0226912,0.03,1,14087808,14087385,423
1015638441,64.8085,63.8611,424,33452,0.0270765,0.03,1,14087875,14087451,424
1015641361,5.14043,5.09306,424,33515,0.0108306,0.01,1,14087877,14087453,424
1015650121,52.6686,48.8734,426,33704,0.0758132,0.03,1,14088013,14087587,426
1015673481,5.18793,5.14043,423,34203,0.0344264,0.07,1,14088300,14087877,423
1015676401,35.4094,34.457,424,34265,0.0557705,0.07,1,14088337,14087913,424
1015685161,56.9189,52.5868,481,34450,0.0964493,0.11,1,14088494,14088013,481
1016009281,62.8281,54.5634,536,40694,0.222089,1,1,14092662,14092126,536
1016015121,33.6921,29.5389,509,40798,0.0919343,1,1,14092722,14092213,509
1016023881,31.7437,28.0216,499,40954,0.0848438,0.81,1,14092805,14092306,499
1016032641,31.4228,24.6014,483,41108,0.02439,0.65,1,14092905,14092422,483
1016047241,60.4951,40.5621,493,41363,0.0901922,0.15,1,14093091,14092598,493
1016053081,32.5937,27.8414,459,41465,0.0828307,0.05,1,14093147,14092688,459
1016485241,57.6294,56.6844,471,48416,0.911798,1,2,14097749,14097278,471
1016680881,82.1952,83.2436,514,23631,0.94936,1,2,14099853,14099339,514
1016686721,41.578,68.9406,489,23810,0.937898,0.93,2,14099964,14099475,489
1016695481,18.8579,29.1831,475,24076,0.905545,0.96,2,14100093,14099618,475
1016990401,25.9046,43.9044,478,31747,0.914792,0.71,2,14105254,14104776,478
1017209401,3.44317,3.49292,456,36406,0.79095,0.77,2,14108418,14107962,456
1017232761,61.8314,59.9291,459,36868,0.905834,0.79,2,14108784,14108325,459
1017241521,29.9612,30.8635,459,37039,0.902053,0.79,2,14108875,14108416,459
1017372921,51.2368,33.207,501,39526,0.92728,1,2,14110607,14110106,501
1017746681,26.2398,30.329,479,45856,0.420813,1,1,14115008,14114529,479
1018232861,42.6302,85.5933,510,25627,0.93304,1,2,14120689,14120179,510
1018264981,40.9159,73.1141,485,26522,0.0957803,0.29,1,14121324,14120839,485
1018267901,36.2458,54.0057,468,26602,0.0803121,0.11,1,14121360,14120892,468
1018279581,4.77065,52.7998,428,26919,0.064888,0,1,14121537,14121109,428
1018340901,58.7249,68.5075,484,28525,0.0829587,0.15,1,14122565,14122081,484
1018343821,44.7362,57.5754,471,28599,0.0751835,0.15,1,14122609,14122138,471
1018346741,33.5868,45.6288,459,28673,0.0600734,0.13,1,14122642,14122183,459
1018352581,53.664,47.2341,481,28821,0.0732117,0.05,1,14122744,14122263,481
1018361341,43.949,4.9934,467,29040,0.0634855,0.05,1,14122854,14122387,467
1018364261,76.2974,43.9497,499,29113,0.0793942,0.09,1,14122932,14122433,499
1018650421,26.1764,34.6135,483,35533,0.024455,0.71,1,14127240,14126757,483
1018743861,78.9728,58.5037,505,37389,0.0526833,0.15,1,14128397,14127892,505
1019446121,61.8476,23.1523,471,22475,0.041409,0,1,14136542,14136071,471
1019451961,113.775,105.27,477,22663,0.0510254,0.07,1,14136730,14136253,477
1019460721,20.9047,58.7113,442,22943,0.0193456,0.13,1,14136881,14136439,442
1019469481,71.4854,61.8476,493,23219,0.0331581,0.01,1,14137035,14136542,493
1019472401,114.724,71.4924,538,23310,0.0552633,0.07,1,14137152,14136614,538
1019481161,21.8548,57.0944,442,23582,0.0373768,0.01,1,14137304,14136862,442
1019586281,121.082,62.608,561,26628,0.408302,0.37,1,14139289,14138728,561
1019784841,64.9422,41.2943,536,31580,0.297453,1,1,14142654,14142118,536
1019793601,19.3026,27.7523,492,31781,0.232397,0.99,1,14142760,14142268,492
1019799441,31.7783,30.6594,497,31914,0.266384,0.9,1,14142820,14142323,497
1019814041,61.0511,44.8433,498,32244,0.289259,0.25,1,14143086,14142588,498
1019913321,69.8401,64.8859,523,34404,0.93661,0.71,2,14144493,14143970,523
1020130861,3.79648,35.7966,430,18133,0.0836939,0.19,1,14147891,14147461,430
1020139621,84.8687,85.8204,430,18482,0.245116,0.07,1,14148190,14147760,430
1020195101,89.1414,91.7729,537,20552,0.775004,0.57,2,14149609,14149072,537
1020697341,16.0596,18.0602,457,33938,0.769982,0.71,2,14158827,14158370,457
1020723621,60.7889,74.8339,515,34495,0.915807,0.73,2,14159234,14158719,515
1020922181,3.32744,28.5895,429,18133,0.440168,0.25,1,14162386,14161957,429
1020960141,149.322,142.669,457,19599,0.916359,0.71,2,14163437,14162980,457
1021114901,20.1019,19.0024,450,24684,0.783711,0.57,2,14166988,14166538,450
1021126581,63.515,61.5651,454,25026,0.930287,0.69,2,14167209,14166755,454
1021634661,38.4924,41.3905,452,36924,0.768572,0.65,2,14175591,14175139,452
1021646341,41.3952,41.3928,453,37152,0.926923,0.75,2,14175701,14175248,453
1021862421,20.0588,31.8395,434,18937,0.0569622,0.01,1,14178693,14178259,434
1021885781,78.5223,128.3,498,19815,0.0922235,0.01,1,14179326,14178828,498
1021888701,74.2261,79.565,495,19922,0.0908894,0.05,1,14179400,14178905,495
1021891621,64.5113,73.3282,486,20028,0.0423558,0.01,1,14179464,14178978,486
1022133981,32.7689,31.8936,423,27451,0.0392399,0.01,1,14184465,14184042,423
1022145661,107.505,108.451,423,27759,0.0790045,0.05,1,14184629,14184206,423
1022157341,84.4702,85.3773,422,28063,0.0693665,0.05,1,14184857,14184435,422
1022405541,94.4036,109.346,488,33876,0.933386,1,2,14188708,14188220,488
1022417221,76.3057,83.1791,481,34124,0.761415,1,2,14188868,14188387,481
1022522341,61.549,60.5945,450,36289,0.759308,0.61,2,14190308,14189858,450
1022539861,88.7527,88.6577,454,36637,0.901676,0.67,2,14190521,14190067,454
1023157441,48.1664,68.4156,447,21958,0.203547,0.39,1,14198136,14197689,447
1023183721,74.4132,80.2315,508,22813,0.422603,0.31,1,14198726,14198218,508
1023353081,41.2295,39.7992,488,27688,0.0621723,0.98,1,14202102,14201614,488
1023358921,28.6506,34.2045,466,27840,0.0399476,0.93,1,14202190,14201724,466
1023391041,57.8784,36.5776,480,28665,0.0912516,0.07,1,14202707,14202227,480
1023402721,70.1282,50.7134,496,28959,0.22328,0.07,1,14202908,14202412,496
1023408561,52.6628,44.4918,477,29105,0.216925,0.01,1,14203006,14202529,477
1023674281,90.3731,58.0463,558,35106,0.922,1,2,14207012,14206454,558
1023694721,33.7172,38.6524,511,35526,0.411871,1,1,14207294,14206783,511
1023703481,23.5903,30.2386,505,35704,0.401,1,1,14207383,14206878,505
1023980881,39.8899,33.0506,531,40946,0.9412,1,2,14210968,14210437,531
1024074321,34.9139,32.1589,453,42564,0.770426,0.65,2,14212025,14211572,453
1024086001,28.0122,29.8171,453,42762,0.769819,0.71,2,14212144,14211691,453
1024088921,46.0506,43.2909,456,42811,0.781928,0.69,2,14212191,14211735,456
1024363401,26.2965,32.8856,451,47218,0.265391,0.09,1,14215187,14214736,451
1024366321,5.11483,23.4943,432,47263,0.244156,0.11,1,14215191,14214759,432
1024372161,31.7903,29.6512,459,47353,0.282665,0.11,1,14215252,14214793,459
1024497721,34.4652,43.304,483,49228,0.756651,0.61,2,14216459,14215976,483
1024929881,80.7897,75.6997,528,26234,0.769174,0.59,2,14221260,14220732,528
1025090481,39.8381,39.8544,477,30357,0.760336,1,2,14224126,14223649,477
1025394161,33.8442,35.5206,469,36903,0.261493,0.82,1,14228663,14228194,469
1025397081,28.2922,31.226,466,36960,0.242597,0.87,1,14228691,14228225,466
1025400001,24.2146,31.0113,459,37017,0.235039,0.67,1,14228715,14228256,459
1025420441,46.46,58.2851,479,37416,0.243604,0.27,1,14229008,14228529,479
1025426281,32.5112,28.6932,465,37528,0.236977,0.31,1,14229063,14228598,465
1025437961,27.9031,24.2146,461,37752,0.234019,0.27,1,14229176,14228715,461
1025440881,30.8452,28.7607,463,37808,0.267607,0.23,1,14229207,14228744,463
1025443801,30.9923,30.888,463,37864,0.269043,0.19,1,14229238,14228775,463
1025449641,57.1725,39.5972,491,37976,0.289047,0.21,1,14229338,14228847,491
1025727041,68.2312,53.6148,494,42937,0.937653,1,2,14232712,14232218,494
1025823401,2.56208,13.2884,456,21066,0.926108,0.73,2,14234223,14233767,456
1026083281,37.6008,47.1082,496,28662,0.937216,0.83,2,14239391,14238895,496
1026214681,32.3626,29.1994,477,31815,0.219229,0.55,1,14241633,14241156,477
1026238041,83.8459,64.1009,516,32343,0.407707,0.25,1,14242016,14241500,516
1026515441,34.3811,39.988,515,38054,0.0237939,1,1,14245871,14245356,515
1026518361,28.3191,31.4494,512,38110,0.0155176,1,1,14245899,14245387,512
1026521281,37.516,34.8225,515,38165,0.036207,1,1,14245937,14245422,515
1026527121,26.3138,32.1971,505,38275,0.0189931,1,1,14245995,14245490,505
1027464441,78.5762,66.6488,529,25614,0.761221,0.63,2,14256855,14256326,529
1027604601,25.0387,61.8757,510,29319,0.400675,1,1,14259445,14258935,510
1027826521,36.743,75.1335,511,34373,0.93345,1,2,14262863,14262352,511
1027987121,31.4517,37.059,511,37606,0.078376,1,1,14265148,14264637,511
1028042601,3.51182,32.2813,424,38660,0.049964,0.07,1,14265785,14265361,424
1028048441,54.5388,51.7607,427,38770,0.0955942,0.13,1,14265869,14265442,427
1028051361,29.3269,29.188,427,38824,0.0922377,0.15,1,14265897,14265470,427
1028080561,3.46692,3.51182,424,39364,0.0567173,0.09,1,14266209,14265785,424
1028086401,55.4887,54.5388,425,39472,0.0870748,0.09,1,14266294,14265869,425
1028101001,38.4126,38.5124,422,39738,0.071826,0.01,1,14266454,14266032,422
1028103921,32.3206,32.3256,422,39791,0.0347304,0.01,1,14266486,14266064,422
1028106841,41.516,40.5663,423,39844,0.0558922,0.01,1,14266528,14266105,423
1028109761,33.4258,33.3783,423,39897,0.0283569,0.07,1,14266561,14266138,423
1028112681,38.7213,37.7689,424,39950,0.0413427,0.03,1,14266600,14266176,424
1028115601,30.4361,31.3384,423,40003,0.0225371,0.07,1,14266630,14266207,423
1028188601,38.6328,32.5207,465,41302,0.29517,0.11,1,14267447,14266982,465
1029087961,69.159,83.0133,481,27388,0.924157,0.99,2,14277868,14277387,481
1029356601,37.3708,48.9263,435,33761,0.410407,0.41,1,14282254,14281819,435
1029464641,63.2272,61.2274,459,36005,0.947618,0.75,2,14283729,14283270,459
1029718681,27.2957,32.0075,459,40794,0.0857212,0.15,1,14287022,14286563,459
1029739121,46.9109,47.0295,470,41155,0.207695,0.11,1,14287262,14286792,470
1030107041,21.4661,30.8077,466,47176,0.0995963,0.43,1,14291233,14290767,466
1030293921,25.4112,33.2232,476,49953,0.764752,0.61,2,14292997,14292521,476
1030317281,31.189,34.7316,485,50289,0.924839,0.65,2,14293211,14292726,485
1030594681,19.071,25.2423,444,25328,0.0342589,0.13,1,14296082,14295638,444
1030597601,61.7536,25.9621,482,25412,0.0437036,0.07,1,14296146,14295664,482
1030612201,63.4763,36.2817,490,25826,0.0987803,0.07,1,14296448,14295958,490
1030620961,60.8032,19.071,485,26072,0.0756819,0.05,1,14296567,14296082,485
1030837041,71.7532,26.5592,554,31521,0.948736,1,2,14300230,14299676,554
1030892521,3.10933,26.1035,423,32773,0.0226935,0.01,1,14301029,14300606,423
1030898361,74.9628,76.7778,424,32902,0.028831,0.03,1,14301125,14300701,424
1030904201,93.9049,88.3044,428,33030,0.058613,0.09,1,14301255,14300827,428
1030939241,35.2354,33.1952,427,33791,0.0484271,0.15,1,14301712,14301285,427
1030942161,45.4618,45.3598,427,33854,0.0613709,0.11,1,14301758,14301331,427
1030945081,13.6731,13.668,427,33916,0.0425483,0.11,1,14301770,14301343,427
1030948001,23.4837,23.4834,427,33978,0.0590193,0.15,1,14301794,14301367,427
1030950921,60.0742,58.1742,429,34040,0.0656077,0.15,1,14301856,14301427,429
1031321761,71.1227,96.2989,448,18824,0.757847,0.51,2,14306874,14306426,448
1031333441,121.262,120.022,459,19271,0.917337,0.75,2,14307210,14306751,459
1031467761,33.4591,42.3804,454,23809,0.0508112,0.01,1,14310353,14309899,454
1031473601,58.0336,95.7234,478,23987,0.0909298,0.13,1,14310509,14310031,478
1031491121,34.4947,33.4591,425,24512,0.0591955,0.07,1,14310778,14310353,425
1031496961,62.6912,58.0336,428,24684,0.0874713,0.11,1,14310937,14310509,428
1031607921,83.8001,81.8973,449,27759,0.757904,0.59,2,14312884,14312435,449
1031818161,4.63417,55.683,423,32797,0.0572217,0.05,1,14316282,14315859,423
1031885321,54.375,58.1721,423,34248,0.0745878,0.07,1,14317189,14316766,423
1031967081,67.0606,67.1132,435,35937,0.404669,0.31,1,14318255,14317820,435
1032279521,21.7428,24.8337,434,41760,0.286859,0.21,1,14322144,14321710,434
1032323321,46.8319,47.6371,435,42511,0.439769,0.29,1,14322628,14322193,435
1032688321,26.1541,31.2389,432,48320,0.204189,0.27,1,14326494,14326062,432
1032808041,31.4666,38.4336,475,50075,0.778211,0.47,2,14327632,14327157,475
1033302981,28.7766,28.9337,449,30566,0.2519,0.61,1,14334155,14333706,449
1033308821,72.7944,71.8923,449,30704,0.267104,0.35,1,14334280,14333831,449
1033428541,81.3992,76.5946,460,33413,0.932429,0.77,2,14336065,14335605,460
1033682581,28.3996,35.9432,458,38528,0.241022,0.19,1,14339566,14339108,458
1033776021,38.9197,55.3879,488,40247,0.763197,0.63,2,14340614,14340126,488
1033813981,39.9244,56.3947,498,40923,0.914729,0.77,2,14341074,14340576,498
1034006701,22.4981,36.6719,497,44197,0.775957,1,2,14343358,14342861,497
1034009621,18.2249,20.8336,495,44245,0.772383,0.95,2,14343376,14342881,495
1034015461,32.3931,25.7021,503,44341,0.791981,0.99,2,14343430,14342927,503
1034231541,34.7035,28.656,519,47730,0.797037,1,2,14345795,14345276,519
1034300161,27.1276,26.521,425,22380,0.0290014,0.11,1,14346695,14346270,425
1034306001,69.6553,50.4163,450,22569,0.0658402,0.07,1,14346792,14346342,450
1034320601,27.1233,48.5515,447,23035,0.023167,0.03,1,14347116,14346669,447
1034329361,89.1276,69.6553,515,23310,0.0343627,0.03,1,14347307,14346792,515
1034338121,46.6134,57.3246,469,23582,0.0235592,0.05,1,14347511,14347042,469
1034349801,86.4225,72.5528,512,23940,0.0773551,0.03,1,14347729,14347217,512
1034358561,57.0631,58.2678,422,24205,0.0675907,0.03,1,14347887,14347465,422
1034402361,85.8304,91.5159,424,25487,0.221016,0.13,1,14348678,14348254,424
1034501641,101.047,95.3446,460,28176,0.93725,0.85,2,14350460,14350000,460
1034653481,22.9815,28.4853,460,31848,0.0867319,0.39,1,14352968,14352508,460
1034685601,20.201,22.9815,446,32570,0.0849554,0.07,1,14353414,14352968,446
1034688521,28.56,23.9491,451,32635,0.0999822,0.11,1,14353443,14352992,451
1034799481,77.1556,24.0551,534,35013,0.792031,0.67,2,14355009,14354475,534
1034822841,88.9066,47.1853,548,35493,0.935326,0.77,2,14355362,14354814,548
1034960081,49.8185,28.6983,548,38190,0.910973,1,2,14357182,14356634,548
1035168861,74.433,98.8932,557,19815,0.92706,1,2,14360836,14360279,557
1035268141,51.0705,19.907,540,23177,0.92008,1,2,14363217,14362677,540
1035344061,3.92794,4.02011,451,25447,0.772591,0.63,2,14364675,14364224,451
1035352821,76.2166,42.0855,534,25696,0.906486,0.79,2,14364960,14364426,534
1035478381,39.788,38.735,517,29027,0.0603123,1,1,14367306,14366789,517
1035510501,18.9616,35.2394,444,29819,0.033745,0.11,1,14367785,14367341,444
1035513421,2.84808,20.762,426,29890,0.031498,0.05,1,14367787,14367361,426
1035528021,112.766,108.921,428,30242,0.0768825,0.09,1,14368066,14367638,428
1035533861,38.7094,41.6448,423,30382,0.0399012,0.03,1,14368153,14367730,423
1035557221,113.717,112.766,425,30935,0.242585,0.09,1,14368491,14368066,425
1035647741,116.853,115.006,453,32989,0.7814,0.63,2,14369817,14369364,453
1035679861,119.701,116.853,461,33687,0.926638,0.81,2,14370278,14369817,461
1035852141,31.6905,6.28797,459,37209,0.231613,0.19,1,14372657,14372198,459
1035855061,37.6845,28.8144,467,37266,0.242645,0.15,1,14372695,14372228,467
1035857981,43.6842,40.3907,470,37323,0.271058,0.07,1,14372739,14372269,470
1035863821,24.4292,31.736,449,37437,0.270169,0.11,1,14372795,14372346,449
1035866741,16.4215,24.3868,441,37493,0.270068,0.13,1,14372811,14372370,441
1035887181,31.0231,120.809,459,37885,0.40902,0.23,1,14373089,14372630,459
1037364701,28.4894,34.7446,456,31096,0.0222967,0.67,1,14389507,14389051,456
1037382221,65.3299,54.9141,490,31502,0.0306366,0.05,1,14389725,14389235,490
1037414341,68.8594,65.3299,492,32233,0.0478245,0.03,1,14390217,14389725,492
1037420181,55.8896,50.9883,481,32364,0.0328519,0.09,1,14390326,14389845,481
1037426021,26.0747,29.3875,449,32494,0.0304563,0.03,1,14390378,14389929,449
1037534061,50.0469,33.6926,477,34820,0.220438,0.13,1,14391792,14391315,477
1037542821,64.326,51.518,492,35003,0.298988,0.17,1,14391913,14391421,492
1038450941,31.9194,37.7754,455,23278,0.0934865,0.43,1,14402636,14402181,455
1038465541,55.7736,90.5383,478,23730,0.0955653,0.03,1,14402960,14402482,478
1038471381,35.7169,68.3888,457,23908,0.0692904,0.13,1,14403063,14402606,457
1038558981,60.6876,90.7097,510,26438,0.787275,0.59,2,14404718,14404208,510
1038693301,10.3761,58.2673,490,29899,0.423015,1,1,14407083,14406593,490
1038926901,40.4839,65.8261,496,35110,0.927997,0.73,2,14410416,14409920,496
1039680261,34.2311,37.328,436,22569,0.0811667,0.05,1,14419706,14419270,436
1039709461,50.1335,71.6206,472,23492,0.0964642,0.05,1,14420335,14419863,472
1039788301,57.0231,75.4043,509,25818,0.786219,0.73,2,14421849,14421340,509
1039945981,30.6654,37.7072,448,29927,0.76328,0.53,2,14424639,14424191,448
1039969341,69.1465,68.1464,458,30489,0.926597,0.73,2,14425063,14424605,458
1040127021,29.0541,34.1614,458,34032,0.0689325,0.57,1,14427478,14427020,458
1040135781,18.3695,22.8969,433,34218,0.0444917,0.29,1,14427592,14427159,433
1040141621,31.9659,30.4572,465,34342,0.0995187,0.11,1,14427656,14427191,465
1040176661,72.8602,31.9659,501,35073,0.20186,0.07,1,14428157,14427656,501
1040185421,49.5991,22.082,476,35253,0.074599,0.07,1,14428270,14427794,476
1040197101,64.2927,33.6597,493,35493,0.0753977,0.21,1,14428427,14427934,493
1040918341,94.7216,87.1668,499,21997,0.269508,0.85,1,14436746,14436247,499
1040935861,28.9745,31.0394,447,22569,0.202118,0.21,1,14437093,14436646,447
1040941701,99.7274,70.7101,526,22757,0.297539,0.15,1,14437272,14436746,526
1040962141,106.428,75.5487,540,23401,0.440315,0.35,1,14437711,14437171,540
1041338821,33.202,39.2402,482,33086,0.094288,0.86,1,14444419,14443937,482
1041344661,21.4105,22.1381,467,33214,0.0690861,0.79,1,14444488,14444021,467
1041400141,70.0411,33.822,497,34404,0.095586,0.17,1,14445235,14444738,497
1041551981,75.9613,36.2251,538,37464,0.94802,0.83,2,14447224,14446686,538
1041695061,31.1588,1.35094,534,40133,0.944775,1,2,14449040,14448506,534
1042950661,150.598,28.0096,613,23031,0.944995,0.77,2,14468449,14467836,613
1043171121,92.8679,1.57293,521,16800,0.0633249,0.15,1,14474952,14474431,521
1043244121,101.62,8.23469,550,19716,0.757032,0.65,2,14476963,14476413,550
1043261641,103.615,170.399,557,20353,0.903959,0.77,2,14477422,14476865,557
1043439761,35.79,35.7188,499,25950,0.773075,0.65,2,14481343,14480844,499
1043454361,88.5495,135.469,541,26356,0.913206,0.73,2,14481690,14481149,541
1043620801,29.4789,17.8565,524,30597,0.90328,1,2,14484645,14484121,524
1044012081,3.04944,3.0473,423,18824,0.0443005,0.11,1,14490802,14490379,423
1044052961,78.7152,182.553,500,20344,0.208801,0.13,1,14491918,14491418,500
1044242761,26.6465,115.804,498,26428,0.0791976,1,1,14496001,14495503,498
1044263201,3.56762,37.5807,432,26984,0.0581541,0.03,1,14496292,14495860,432
1044321601,24.2343,101.659,450,28512,0.235439,0.21,1,14497274,14496824,450
1044400441,110.396,112.296,452,30452,0.766996,0.61,2,14498584,14498132,452
1044563961,26.3712,33.3638,447,34124,0.0412414,0.39,1,14501072,14500625,447
1044575641,29.67,48.54,458,34372,0.0802078,0.13,1,14501206,14500748,458
1044581481,25.3442,34.9389,447,34495,0.0356332,0.05,1,14501263,14500816,447
1044587321,31.4609,98.1748,449,34617,0.0741013,0.01,1,14501392,14500943,449
1044596081,26.3261,52.4238,446,34800,0.0501025,0.05,1,14501493,14501047,446
1044619441,35.3528,97.2172,455,35283,0.0533596,0.11,1,14501819,14501364,455
1044657401,21.8594,20.7676,426,36055,0.0515897,0.07,1,14502265,14501839,426
1044672001,44.3515,42.4968,426,36347,0.268896,0.09,1,14502449,14502023,426
1044674921,4.11758,4.02484,426,36405,0.257559,0.13,1,14502451,14502025,426
1044736241,33.7591,29.1769,462,37605,0.279597,0.15,1,14503232,14502770,462
1044742081,47.2044,32.0879,476,37717,0.297935,0.17,1,14503312,14502836,476
1045028241,53.3278,64.0522,483,42857,0.932055,1,2,14506746,14506263,483
1045095401,27.9498,50.94,475,43975,0.40647,0.53,1,14507503,14507028,475
1046042941,30.9648,56.9442,491,35164,0.443616,0.79,1,14520461,14519970,491
1046329101,25.8685,26.4099,490,40632,0.0975133,0.85,1,14524176,14523686,490
1046513061,64.3772,32.6407,502,43784,0.421281,0.35,1,14526145,14525643,502
1047356941,26.2017,29.7793,452,26448,0.282735,0.11,1,14534963,14534511,452
1047368621,71.0944,52.7969,503,26767,0.42143,0.11,1,14535208,14534705,503
1047546741,24.5759,28.2876,491,31226,0.243875,1,1,14538225,14537734,491
1047637261,24.3186,23.3165,429,33262,0.0250322,0.17,1,14539509,14539080,429
1047648941,5.03836,5.3705,425,33515,0.0118248,0.07,1,14539623,14539198,425
1047689821,69.543,81.7933,490,34389,0.0838143,0.11,1,14540238,14539748,490
1048330761,115.627,106.859,494,20544,0.22264,0.55,1,14548042,14547548,494
1049319181,72.0666,87.7725,441,19203,0.0813436,0,1,14563489,14563048,441
1049330861,13.6635,37.9666,433,19642,0.0581944,0.03,1,14563748,14563315,433
1049339621,115.51,70.9935,539,19964,0.0586844,0.03,1,14564028,14563489,539
1049345461,66.1238,69.385,487,20176,0.0417895,0.05,1,14564160,14563673,487
1049360061,66.4332,115.51,487,20697,0.0595159,0.01,1,14564515,14564028,487
1049365901,16.6961,66.1238,437,20901,0.0347225,0.05,1,14564597,14564160,437
1049488541,71.6197,69.7198,458,24807,0.928029,0.75,2,14567146,14566688,458
1049608261,30.1799,36.9489,440,28096,0.072207,0.27,1,14569437,14568997,440
1049634541,31.0847,90.5972,449,28767,0.0923012,0.07,1,14569859,14569410,449
1049777621,33.69,103.705,483,32173,0.948373,0.67,2,14572057,14571574,483
1050253581,26.2426,38.7462,478,41524,0.0411008,0.61,1,14578448,14577970,478
1050256501,3.21213,33.2873,447,41575,0.0344403,0.47,1,14578450,14578003,447
1050577701,19.5106,48.2139,466,46827,0.767009,0.53,2,14581736,14581270,466
1051380701,46.9296,64.6081,478,30401,0.914739,1,2,14591006,14590528,478
1051406981,24.344,26.5911,468,31022,0.0361485,0.89,1,14591426,14590958,468
1051433261,65.8727,28.6025,492,31630,0.0474947,0.05,1,14591825,14591333,492
1053204241,76.6694,35.1905,523,31890,0.421342,0.43,1,14612475,14611952,523
1053434921,26.3953,32.0449,474,36761,0.269211,0.97,1,14615776,14615302,474
1053452441,20.4543,27.2881,460,37103,0.0218598,0.53,1,14615985,14615525,460
1053461201,25.2488,44.7935,477,37274,0.085639,0.47,1,14616108,14615631,477
1053478721,24.1591,30.276,446,37613,0.083938,0.03,1,14616307,14615861,446
1053487481,20.4541,29.0857,441,37781,0.071372,0.01,1,14616406,14615965,441
1053502081,45.1905,29.7624,470,38061,0.0957036,0.05,1,14616608,14616138,470
1053940081,22.4985,28.2753,432,45630,0.0408263,0.09,1,14621619,14621187,432
1053960521,11.0096,14.6196,422,45952,0.00868884,0.11,1,14621803,14621381,422
1053969281,33.0875,34.7243,455,46090,0.0286361,0.03,1,14621883,14621428,455
1054001401,30.1914,33.8289,451,46591,0.0235019,0,1,14622214,14621763,451
1054013081,32.185,34.75,454,46771,0.0258016,0.03,1,14622304,14621850,454
1054021841,32.4346,37.7977,457,46906,0.0417313,0.09,1,14622412,14621955,457
1054039361,30.3701,22.4776,452,47176,0.033577,0.05,1,14622571,14622119,452
1054051041,12.808,11.0096,434,47356,0.00964357,0.03,1,14622658,14622224,434
1054156161,33.6731,27.6334,457,48930,0.206213,0.05,1,14623605,14623148,457
1054159081,42.5337,35.5817,464,48973,0.208485,0.07,1,14623648,14623184,464
1054608761,105.17,83.7971,502,25633,0.2668,0.79,1,14627866,14627364,502
1054614601,31.6129,47.9945,479,25798,0.084688,0.49,1,14627956,14627477,479
1054617521,62.3806,61.2997,481,25880,0.0998752,0.27,1,14628020,14627539,481
1054623361,39.2485,60.9058,443,26044,0.09878,0.09,1,14628121,14627678,443
1054646721,40.1106,62.9689,465,26688,0.20872,0.11,1,14628548,14628083,465
1054748921,68.1586,72.0724,531,29337,0.928163,0.85,2,14630311,14629780,531
1054833601,39.6253,1.66065,530,31362,0.92152,1,2,14631678,14631148,530
1055265761,26.254,1.61406,496,40120,0.0171984,0.81,1,14637474,14636978,496
1055271601,55.4506,29.2165,515,40226,0.0327518,0.55,1,14637557,14637042,515
1055300801,31.0802,13.6042,453,40746,0.0325609,0.03,1,14637869,14637416,453
1055324161,66.1279,35.2608,489,41159,0.0366479,0.05,1,14638158,14637669,489
1055335841,13.5114,25.0833,434,41363,0.0244582,0.03,1,14638258,14637824,434
1055341681,25.3513,31.0802,447,41465,0.0291133,0.03,1,14638316,14637869,447
1055347521,3.24588,26.0127,424,41567,0.0106581,0.03,1,14638345,14637921,424
1055353361,35.9181,35.0725,424,41669,0.0677053,0.03,1,14638436,14638012,424
1055370881,28.525,27.5728,424,41972,0.0358223,0.07,1,14638646,14638222,424
1055373801,21.3762,23.2286,422,42022,0.0323289,0,1,14638667,14638245,422
1055379641,32.0684,32.0256,423,42122,0.0423726,0.03,1,14638714,14638291,423
1055385481,27.8202,26.9176,423,42222,0.0391796,0.01,1,14638766,14638343,423
1055388401,3.29101,3.24588,423,42272,0.0156718,0.05,1,14638768,14638345,423
1055391321,54.3145,53.3623,424,42322,0.0362687,0.09,1,14638825,14638401,424
1055408841,38.4853,38.4991,422,42622,0.0256289,0.03,1,14639040,14638618,422
1055426361,26.8252,27.8202,422,42917,0.0187501,0,1,14639188,14638766,422
1055432201,54.3121,54.3145,422,43015,0.0522,0.05,1,14639247,14638825,422
1055531481,60.0594,63.8624,422,44652,0.080136,0.01,1,14640269,14639847,422
1055540241,18.5729,20.4235,422,44793,0.0452087,0,1,14640353,14639931,422
1055546081,35.0539,35.0111,423,44887,0.0564334,0.03,1,14640406,14639983,423
1055557761,60.9552,58.1073,427,45075,0.0591887,0.11,1,14640521,14640094,427
1055584041,18.6669,18.5729,424,45495,0.0555199,0.03,1,14640777,14640353,424
1055586961,15.1833,17.0786,422,45541,0.0522079,0.07,1,14640792,14640370,422
1055595721,24.0298,24.0751,422,45679,0.0621413,0.01,1,14640877,14640455,422
1055607401,27.5646,27.4174,427,45863,0.0990788,0.15,1,14641009,14640582,427
1055648281,39.2429,62.8551,460,46504,0.227289,0.05,1,14641405,14640945,460
1056043941,494.363,532.351,472,23360,0.773604,0.97,2,14645277,14644805,472
1056064381,13.7215,60.7009,459,24699,0.762946,0.57,2,14645693,14645234,459
1056222061,36.6101,89.1934,495,28967,0.92072,0.77,2,14648703,14648208,495
1056318421,30.1107,31.5179,492,31288,0.909693,1,2,14650276,14649784,492
1056324261,90.8478,75.1288,557,31423,0.913551,1,2,14650420,14649863,557
1056341781,34.2538,41.9206,510,31825,0.793889,1,2,14650688,14650178,510
1056344701,34.0127,36.296,508,31891,0.791556,1,2,14650722,14650214,508
1056382661,94.1159,43.1675,552,32743,0.909688,0.75,2,14651345,14650793,552
1056499461,31.0223,35.6732,505,35233,0.902019,1,2,14653027,14652522,505
1056519901,18.7518,31.2623,496,35651,0.252073,1,1,14653324,14652828,496
1056554941,17.5508,18.7518,431,36356,0.0940233,0.17,1,14653755,14653324,431
1056601661,23.544,70.3315,448,37275,0.230921,0.07,1,14654313,14653865,448
1056619181,54.0871,72.7909,479,37614,0.279636,0.15,1,14654567,14654088,479
1056627941,24.5785,16.5652,453,37782,0.277337,0.15,1,14654634,14654181,453
1056639621,29.777,23.544,463,38006,0.406124,0.23,1,14654776,14654313,463
1056642541,31.8888,30.6272,464,38062,0.43245,0.23,1,14654808,14654344,464
1056651301,77.638,31.8573,512,38228,0.444077,0.29,1,14654949,14654437,512
1056660061,16.5706,27.4044,451,38393,0.430901,0.29,1,14655044,14654593,451
1056744741,79.5362,77.5862,456,39957,0.935347,0.73,2,14656063,14655607,456
1057004621,17.3711,30.1457,453,44414,0.0128353,0.33,1,14659092,14658639,453
1057109741,38.012,37.2946,460,46090,0.0572001,0.03,1,14660111,14659651,460
1057115581,26.505,35.1957,448,46182,0.034352,0.07,1,14660173,14659725,448
1057176901,26.5114,35.239,449,47131,0.0890113,0.07,1,14660769,14660320,449
1057387141,42.8047,38.1439,497,50247,0.928149,0.69,2,14662731,14662234,497
1057392981,3.66951,34.3904,458,50331,0.912904,0.77,2,14662768,14662310,458
1057563801,508.948,536.162,504,23360,0.933902,1,2,14664837,14664333,504
1057613441,58.6596,63.4605,498,24266,0.76801,0.82,2,14665094,14664596,498
1057747761,31.9583,34.5527,489,28000,0.080146,1,1,14667681,14667192,489
1057776961,28.1913,31.9581,455,28747,0.0319563,0.03,1,14668136,14667681,455
1057779881,80.2596,33.8979,504,28821,0.0427825,0.07,1,14668219,14667715,504
1057803241,28.1367,31.8265,451,29403,0.0316984,0.03,1,14668559,14668108,451
1057809081,63.7678,80.2596,484,29547,0.0398717,0.05,1,14668703,14668219,484
1057812001,36.4384,63.863,456,29619,0.0339487,0.03,1,14668738,14668282,456
1057814921,27.4719,35.4931,449,29690,0.0315795,0.03,1,14668765,14668316,449
1057820761,57.9237,55.4737,482,29832,0.0590527,0.07,1,14668881,14668399,482
1057844121,29.3223,27.4719,425,30395,0.0472232,0.05,1,14669190,14668765,425
1057849961,58.8783,57.9237,426,30534,0.0687557,0.07,1,14669307,14668881,426
1057925881,64.5706,76.2665,493,32287,0.256894,0.21,1,14670405,14669912,493
1058022241,68.6047,77.0122,524,34383,0.905776,0.77,2,14671746,14671222,524
1058177001,23.8515,31.8978,508,37502,0.0739068,1,1,14673920,14673412,508
1058182841,19.5346,23.2597,506,37614,0.0142251,1,1,14673969,14673463,506
1058185761,32.3267,29.663,509,37670,0.09569,1,1,14674002,14673493,509
1058214961,28.7428,23.8515,451,38228,0.0312895,0.01,1,14674371,14673920,451
1058223721,53.9137,32.3267,477,38393,0.0800025,0.03,1,14674479,14674002,477
1058229561,39.2273,25.4458,462,38503,0.0428004,0.05,1,14674542,14674080,462
1058238321,3.11615,25.2708,424,38668,0.0116192,0.07,1,14674598,14674174,424
1058241241,42.9058,43.0635,425,38723,0.0466477,0,1,14674643,14674218,425
1058252921,30.5906,28.7428,425,38940,0.0310982,0.05,1,14674796,14674371,425
1058255841,17.6795,19.4871,423,38994,0.0304393,0.03,1,14674813,14674390,423
1058267521,36.416,39.2273,423,39210,0.0472912,0.03,1,14674965,14674542,423
1058273361,24.316,24.3231,423,39318,0.0423666,0.01,1,14675019,14674596,423
1058276281,3.1158,3.11615,423,39372,0.0349466,0.07,1,14675021,14674598,423
1058305481,37.366,36.416,423,39904,0.0696738,0.07,1,14675388,14674965,423
1058337601,49.4917,38.8839,472,40482,0.0828674,0.05,1,14675747,14675275,472
1058381401,42.2138,27.1746,469,41257,0.0766993,0.17,1,14676242,14675773,469
1058498201,56.4098,43.2936,500,43256,0.752666,0.55,2,14677480,14676980,500
1058504041,45.3135,29.2732,495,43354,0.750427,0.61,2,14677557,14677062,495
1058512801,3.02666,22.4854,452,43501,0.750027,0.63,2,14677613,14677161,452
1058518641,66.0801,47.6512,518,43598,0.795604,0.65,2,14677731,14677213,518
1058559521,67.1251,48.6013,528,44270,0.916437,0.81,2,14678192,14677664,528
1058772681,26.9167,32.1816,436,21861,0.0524821,0,1,14680700,14680264,436
1058790201,26.1969,25.3348,425,22437,0.0240556,0.05,1,14681098,14680673,425
1058798961,92.4501,63.7173,515,22720,0.0483396,0.07,1,14681282,14680767,515
1058804801,88.5811,62.4793,512,22906,0.0425343,0.13,1,14681432,14680920,512
1058819401,93.4476,63.003,517,23365,0.0563364,0.05,1,14681705,14681188,517
1058942041,96.6655,68.3653,549,26911,0.905181,0.63,2,14684042,14683493,549
1059161041,42.3861,49.5871,494,32279,0.773674,0.61,2,14687665,14687171,494
1059324561,28.3594,47.5796,476,35763,0.0628609,0.79,1,14690023,14689547,476
1059336241,28.1215,34.2607,439,35999,0.0253212,0.25,1,14690208,14689769,439
1059400481,38.4843,85.5594,457,37269,0.0411129,0.03,1,14690993,14690536,457
1059406321,23.6562,33.2739,447,37383,0.0365781,0.07,1,14691052,14690605,447
1059566921,35.0361,35.7204,480,40374,0.761336,0.49,2,14692927,14692447,480
1059610721,38.0377,38.8018,495,41151,0.914576,0.73,2,14693461,14692966,495
1059803441,19.7992,15.9739,494,44410,0.750096,0.87,2,14695692,14695198,494
1059806361,33.29,24.5487,503,44457,0.786038,0.99,2,14695726,14695223,503
1060162601,29.2129,4.04122,491,25570,0.0417159,0.67,1,14700900,14700409,491
1060165521,62.2606,33.4521,520,25653,0.0706864,0.45,1,14700964,14700444,520
1060212241,3.36789,28.263,429,26945,0.0306726,0.17,1,14701751,14701322,429
1060215161,64.7684,65.0631,430,27024,0.066269,0.15,1,14701819,14701389,430
1060334881,97.9194,95.9763,453,30069,0.775942,0.65,2,14703794,14703341,453
1060775801,30.325,35.8384,451,39281,0.755262,0.61,2,14710106,14709655,451
1060805001,50.2424,46.3923,456,39815,0.930473,0.71,2,14710469,14710013,456
1060807921,26.2621,27.0196,455,39868,0.918189,0.71,2,14710494,14710039,455
1060813761,33.2682,30.325,460,39974,0.91851,0.77,2,14710566,14710106,460
1060962681,58.6649,55.1354,493,42585,0.93712,1,2,14712384,14711891,493
1061104301,49.7862,48.838,451,22244,0.791764,0.61,2,14714810,14714359,451
1061113061,132.244,129.389,456,22529,0.796833,0.69,2,14714990,14714534,456
1061200661,145.398,138.269,498,25198,0.91312,1,2,14716903,14716405,498
1061232781,38.1215,49.336,490,26108,0.431093,0.61,1,14717512,14717022,490
1061410901,101.029,106.944,493,30661,0.936851,1,2,14720643,14720150,493
1061434261,21.9027,17.5283,482,31209,0.441789,1,1,14721013,14720531,482
1061443021,59.9382,100.716,526,31413,0.448515,0.87,1,14721169,14720643,526
1061445941,52.3969,65.8358,514,31480,0.437406,0.73,1,14721221,14720707,514
1061451781,48.391,37.2621,502,31614,0.428785,0.67,1,14721306,14720804,502
1061454701,72.7195,48.4131,527,31681,0.441514,0.51,1,14721380,14720853,527
1061959861,15.8097,29.5194,479,41659,0.424764,0.99,1,14728164,14727685,479
1062088341,44.8794,41.5907,499,43832,0.936181,0.73,2,14729592,14729093,499
1062392021,17.2306,20.5512,479,48582,0.0959501,1,1,14732892,14732413,479
1062424141,49.1972,37.9872,486,49055,0.267803,0.25,1,14733218,14732732,486
1062429981,12.188,36.8125,442,49141,0.240848,0.25,1,14733263,14732821,442
1062567221,38.8613,38.8613,447,51118,0.770756,0.59,2,14734484,14734037,447
1062570141,52.2931,49.4431,450,51159,0.782302,0.61,2,14734537,14734087,450
1062942441,62.2851,60.246,462,27160,0.918171,0.83,2,14738652,14738190,462
1062951201,62.5677,60.665,465,27394,0.940763,0.87,2,14738792,14738327,465
1063105961,36.1879,41.415,464,31226,0.0336039,0.83,1,14741491,14741027,464
1063108881,24.6094,30.5708,458,31294,0.0314415,0.83,1,14741515,14741057,458
1063117641,33.9988,39.8088,482,31496,0.0420923,0.39,1,14741636,14741154,482
1063129321,31.4016,38.2434,456,31764,0.0313656,0.09,1,14741798,14741342,456
1063143921,34.974,52.5305,456,32095,0.0586412,0.03,1,14742025,14741569,456
1063167281,27.5086,36.1785,450,32619,0.0404155,0.15,1,14742362,14741912,450
1063173121,35.7413,53.4804,457,32749,0.0412665,0.05,1,14742448,14741991,457
1063176041,3.68706,34.974,425,32814,0.0345066,0.11,1,14742450,14742025,425
1063260721,31.3315,78.3821,454,34633,0.239567,0.15,1,14743607,14743153,454
1063397961,36.234,79.6246,500,37394,0.922705,0.93,2,14745420,14744920,500
1063526441,34.7976,35.5516,496,39802,0.0904642,1,1,14747091,14746595,496
1063529361,31.1899,31.2276,496,39855,0.0781857,1,1,14747122,14746626,496
1063532281,23.4095,26.2614,493,39908,0.0372743,1,1,14747145,14746652,493
1063546881,37.5886,54.2212,504,40173,0.0471817,0.97,1,14747324,14746820,504
1063549801,26.5794,39.7611,491,40226,0.0368727,0.71,1,14747350,14746859,491
1064060801,21.2081,22.5007,474,48546,0.0330988,0.88,1,14752762,14752288,474
1064072481,15.6634,20.7157,450,48718,0.0329593,0.53,1,14752860,14752410,450
1064092921,33.5257,28.4598,461,49019,0.052634,0,1,14753027,14752566,461
1064101681,48.9648,33.0992,472,49148,0.0861686,0.05,1,14753141,14752669,472
1064110441,21.9535,21.2081,443,49277,0.0662348,0.03,1,14753205,14752762,443
1064142561,37.6838,33.5257,460,49746,0.0896128,0.05,1,14753487,14753027,460
1064752841,65.1229,41.0233,536,29553,0.413372,1,1,14760504,14759968,536
1064761601,30.1231,37.9814,513,29767,0.0727758,1,1,14760625,14760112,513
1065129521,18.2552,31.6209,448,37675,0.071862,0.19,1,14765829,14765381,448
1065135361,38.0456,41.1191,460,37787,0.0846979,0.09,1,14765907,14765447,460
1065331001,48.7641,41.4768,505,41363,0.910191,0.73,2,14768214,14767709,505
1065552921,29.0286,31.9439,464,45075,0.0872792,0.83,1,14770722,14770258,464
1065555841,20.4514,22.4972,462,45122,0.0649117,0.75,1,14770742,14770280,462
1065690161,31.6128,23.3037,464,47224,0.287987,0.23,1,14772058,14771594,464
1065856601,33.3602,39.2082,486,49704,0.918335,0.65,2,14773639,14773153,486
1066335481,30.998,37.2569,484,31557,0.0414912,0.63,1,14780586,14780102,484
1066338401,49.0499,37.9628,496,31624,0.0705965,0.39,1,14780636,14780140,496
1066344241,24.5851,37.8574,463,31758,0.0532954,0.17,1,14780695,14780232,463
1066694641,60.6115,66.3091,483,38940,0.90849,1,2,14785480,14784997,483
1066715081,38.2941,32.9073,482,39318,0.780313,1,2,14785710,14785228,482
1067372081,19.6666,31.1386,436,23278,0.0363983,0.05,1,14793175,14792739,436
1067377921,59.4242,73.5603,481,23460,0.0478237,0.03,1,14793323,14792842,481
1067494721,70.1171,91.3418,525,26836,0.919605,0.75,2,14795529,14795004,525
1067594001,34.624,21.9702,512,29399,0.796112,1,2,14797294,14796782,512
1067643641,21.9933,14.6426,445,30599,0.445035,0.43,1,14798086,14797641,445
1067684521,51.1648,34.3379,498,31553,0.760814,0.59,2,14798697,14798199,498
1067687441,55.7582,47.3169,506,31620,0.790326,0.57,2,14798753,14798247,506
1067862641,41.652,39.0699,506,35410,0.765673,1,2,14801415,14800909,506
1067877241,3.60226,31.2409,475,35707,0.448721,0.97,1,14801553,14801078,475
1067912281,3.45462,3.60226,443,36411,0.249876,0.39,1,14801996,14801553,443
1067988201,71.116,33.4206,515,37891,0.755717,0.45,2,14802978,14802463,515
1068210121,30.2264,33.0507,489,41915,0.0599364,0.92,1,14805737,14805248,489
1068213041,24.3113,25.4025,488,41965,0.0419746,0.85,1,14805761,14805273,488
1068464161,35.9382,33.6819,489,46088,0.943982,0.71,2,14808375,14807886,489
1068721121,3.50421,3.45207,439,24694,0.405969,0.37,1,14811664,14811225,439
1068724041,100.875,99.9226,440,24780,0.432388,0.39,1,14811770,14811330,440
1068916761,4.19941,58.6885,436,29899,0.0317649,0.01,1,14815268,14814832,436
1069010201,37.2506,65.7556,458,32085,0.0824429,0,1,14816642,14816184,458
1069027721,30.5702,21.4539,453,32479,0.0494762,0.03,1,14816913,14816460,453
1069030641,48.0785,31.4727,470,32544,0.0497905,0.01,1,14816962,14816492,470
1069059841,30.5724,30.5702,423,33188,0.0235176,0.05,1,14817336,14816913,423
1069062761,48.0786,48.0785,423,33252,0.027407,0.01,1,14817385,14816962,423
1069068601,72.4152,64.8152,431,33379,0.0415851,0.19,1,14817463,14817032,431
1069071521,34.9708,34.5908,431,33442,0.034634,0.19,1,14817496,14817065,431
1069077361,40.0824,38.1815,433,33568,0.0931415,0.17,1,14817540,14817107,433
1069089041,22.163,22.4486,422,33820,0.0905604,0,1,14817727,14817305,422
1069097801,4.3039,4.30393,422,34007,0.0319559,0.05,1,14817809,14817387,422
1069100721,74.3152,72.4152,424,34069,0.0787823,0.03,1,14817887,14817463,424
1069458421,115.343,102.322,462,18366,0.22649,0.01,1,14822521,14822059,462
1069461341,82.7171,85.8661,458,18482,0.0965962,0.01,1,14822602,14822144,458
1069470101,33.9253,50.4534,434,18824,0.0510622,0.03,1,14822803,14822369,434
1069519741,52.2941,113.883,479,20655,0.403791,0.19,1,14824051,14823572,479
1069700781,25.3103,30.4531,467,26267,0.208163,0.39,1,14827844,14827377,467
1069908101,46.0223,101.778,515,31478,0.7828,1,2,14831418,14830903,515
1069919781,33.1312,37.0131,508,31746,0.446136,1,1,14831571,14831063,508
1069931461,30.414,34.216,506,32012,0.0253411,1,1,14831757,14831251,506
1069934381,77.5207,35.9108,550,32078,0.0281364,0.87,1,14831837,14831287,550
1069948981,31.0553,35.6236,472,32407,0.0251809,0.39,1,14832010,14831538,472
1070484801,475.595,518.138,472,18980,0.405232,0.85,1,14838709,14838237,472
1070493561,97.4344,103.869,463,19314,0.0876148,0,1,14838992,14838529,463
1070496481,61.8717,71.6934,453,19424,0.0650459,0.07,1,14839052,14838599,453
1070499401,51.5436,64.3847,440,19533,0.0440184,0.09,1,14839103,14838663,440
1070514001,64.7203,97.3775,485,20070,0.0657403,0.05,1,14839477,14838992,485
1070516921,50.736,61.8689,475,20176,0.0562961,0.03,1,14839527,14839052,475
1070528601,97.5933,67.1144,526,20594,0.205969,0.13,1,14839841,14839315,526
1070610361,101.482,70.725,551,23305,0.751244,0.55,2,14841592,14841041,551
1070630801,105.472,72.6321,564,23935,0.919295,0.81,2,14842053,14841489,564
1070721321,65.3283,32.9287,531,26543,0.754,1,2,14843830,14843299,531
1070730081,42.447,18.4484,526,26782,0.434416,1,1,14844010,14843484,526
1071346201,34.7451,1.88777,457,40128,0.0190585,0,1,14853081,14852624,457
1071384161,36.5978,29.903,458,40806,0.0486971,0,1,14853504,14853046,458
1071390001,33.484,24.5373,456,40910,0.0425915,0.07,1,14853561,14853105,456
1071465921,24.402,23.5874,424,42230,0.0378569,0.05,1,14854373,14853949,424
1071468841,3.1201,3.07937,424,42280,0.0211428,0.05,1,14854375,14853951,424
1071483441,35.0587,34.0613,424,42530,0.0730133,0.09,1,14854566,14854142,424
1071486361,25.5029,25.4531,424,42580,0.0472053,0.03,1,14854591,14854167,424
1071518481,59.3564,28.574,482,43121,0.0690473,0.03,1,14854918,14854436,482
1072175481,67.8611,58.9809,501,25627,0.431137,0.33,1,14862068,14861567,501
1072181321,62.3472,48.8825,499,25792,0.401382,0.31,1,14862180,14861681,499
1072184241,64.8674,61.3441,502,25874,0.418553,0.41,1,14862245,14861743,502
1072417841,41.8906,48.5556,492,31758,0.20965,0.63,1,14866271,14865779,492
1072683561,25.8147,46.1738,491,37332,0.0565957,0.89,1,14870004,14869513,491
1073742061,498.291,507.137,496,24820,0.406,1,1,14881205,14880709,496
1073750821,55.2074,69.1094,495,25075,0.054064,0.79,1,14881415,14880920,495
1073762501,37.1819,48.21,443,25412,0.045208,0.09,1,14881593,14881150,443
1073774181,55.2623,76.959,477,25744,0.0503573,0.03,1,14881838,14881361,477
1073826741,51.4361,50.4056,426,27188,0.03816,0.11,1,14882739,14882313,426
1073829661,54.8218,53.8203,427,27266,0.081264,0.09,1,14882794,14882367,427
1073853021,51.4338,51.4361,422,27881,0.0732795,0.11,1,14883161,14882739,422
1073879301,53.0962,56.2312,474,28558,0.206771,0.09,1,14883584,14883110,474
1074177141,31.2825,49.8194,462,35321,0.0769482,0.09,1,14888141,14887679,462
1074185901,26.4424,34.914,449,35501,0.0469247,0.05,1,14888253,14887804,449
1074191741,30.6086,41.3173,452,35620,0.0471079,0.05,1,14888326,14887874,452
1074220941,23.6354,26.4424,422,36209,0.0235968,0.09,1,14888675,14888253,422
1074223861,43.9318,42.1721,424,36267,0.0394387,0.03,1,14888720,14888296,424
1074235541,62.8675,58.1177,427,36499,0.0864976,0.05,1,14888845,14888418,427
1074241381,52.5972,50.9228,424,36615,0.0510396,0.05,1,14888923,14888499,424
1074244301,33.9799,35.7961,422,36673,0.0384158,0.03,1,14888956,14888534,422
1074250141,50.1025,49.157,423,36789,0.0409465,0.05,1,14889040,14888617,423
1074255981,23.5903,23.6354,422,36903,0.0365514,0.05,1,14889097,14888675,422
1074270581,65.7151,62.8675,425,37188,0.0689471,0.11,1,14889270,14888845,425
1074302701,3.30211,28.0422,423,37808,0.0307326,0.05,1,14889622,14889199,423
1074308541,27.1783,65.7151,449,37920,0.0421172,0.07,1,14889719,14889270,449
1074337741,3.25922,28.0422,424,38473,0.0340112,0.03,1,14890044,14889620,424
1074343581,28.1281,68.5651,448,38583,0.0426418,0.05,1,14890142,14889694,448
1074780121,510.741,532.584,490,20440,0.43,0.94,1,14895074,14894584,490
1074785961,57.9919,84.8365,477,21370,0.0856,0.57,1,14895223,14894746,477
1074826841,58.8888,93.1888,483,22720,0.290951,0.11,1,14896076,14895593,483
1075553921,28.204,32.107,470,39634,0.244065,0.95,1,14907735,14907265,470
1075562681,26.3114,28.4043,463,39793,0.2021,0.87,1,14907830,14907367,463
1075583121,38.6295,31.4626,482,40164,0.240447,0.33,1,14908078,14907596,482
1076194861,23.2505,13.8906,459,23278,0.0587769,0.37,1,14914927,14914468,459
1076203621,73.5804,71.7695,499,23550,0.0894417,0.03,1,14915165,14914666,499
1076437221,27.3359,36.9008,498,29899,0.0604369,1,1,14919435,14918937,498
1076466421,26.2304,27.3359,423,30599,0.0331049,0.05,1,14919858,14919435,423
1076469341,70.6615,69.7668,424,30668,0.043242,0,1,14919931,14919507,424
1076571541,83.0851,80.1445,429,32996,0.289805,0.19,1,14921392,14920963,429
1077248981,65.1142,64.2179,423,45490,0.0590378,0.03,1,14929768,14929345,423
1077254821,15.3153,18.068,422,45582,0.046646,0.01,1,14929821,14929399,422
1077257741,39.7158,39.8534,422,45628,0.0966584,0.01,1,14929862,14929440,422
1077266501,30.8942,30.8942,422,45766,0.0702661,0.03,1,14929948,14929526,422
1077269421,11.9947,11.9947,422,45812,0.0701065,0.01,1,14929959,14929537,422
1077304461,26.8303,39.7158,451,46364,0.0730998,0.13,1,14930313,14929862,451
1077526381,36.4634,61.4136,490,49699,0.905612,0.67,2,14932407,14931917,490
1077808161,29.9985,32.764,423,25210,0.224012,0.05,1,14935498,14935075,423
1077811081,91.7499,88.0882,427,25294,0.251605,0.05,1,14935593,14935166,427
1077814001,12.1875,12.0044,427,25378,0.238642,0.09,1,14935601,14935174,427
1077816921,38.6094,37.6502,428,25461,0.245457,0.09,1,14935641,14935213,428
1077828601,71.7731,67.4146,499,25792,0.408188,0.21,1,14935901,14935402,499
1078015481,31.848,31.0726,494,30603,0.0962441,1,1,14939188,14938694,494
1078047601,20.6173,1.5924,445,31356,0.023077,0.07,1,14939633,14939188,445
1078050521,86.5309,22.8796,511,31423,0.0392308,0.07,1,14939723,14939212,511
1078440341,127.138,115.817,513,17881,0.240304,0.97,1,14945147,14944634,513
1078463701,23.2038,23.3078,426,18810,0.226958,0.11,1,14945658,14945232,426
1078469541,111.683,108.786,430,19035,0.296713,0.19,1,14945804,14945374,430
1078530861,125.7,126.553,461,21252,0.901097,0.83,2,14947353,14946892,461
1078647661,24.124,24.4655,456,24931,0.0704861,0.59,1,14949870,14949414,456
1078676861,96.7651,54.402,520,25768,0.0925825,0.05,1,14950446,14949926,520
1078954261,35.8741,34.8077,507,32661,0.0304257,1,1,14955101,14954594,507
1078983461,33.4641,33.4813,424,33304,0.0272057,0.01,1,14955489,14955065,424
1079053541,49.1502,33.9619,471,34796,0.0288044,0.03,1,14956416,14955945,471
1079076901,69.306,34.2255,498,35279,0.244559,0.03,1,14956725,14956227,498
1079085661,51.045,33.0049,473,35459,0.0960518,0.03,1,14956839,14956366,473
1079103181,26.7849,28.2547,429,35815,0.0489905,0.15,1,14957025,14956596,429
1079193701,34.598,43.1059,467,37602,0.419138,0.27,1,14958152,14957685,467
1079199541,35.0465,53.0703,468,37714,0.445062,0.27,1,14958242,14957774,468
1079509061,41.6277,58.3079,497,43247,0.789669,0.93,2,14961981,14961484,497
1079833181,29.011,14.2281,440,22569,0.0475626,0.05,1,14965687,14965247,440
1079836101,81.2505,29.2114,494,22663,0.049025,0.07,1,14965771,14965277,494
1079839021,94.3125,70.8106,516,22757,0.04961,0.03,1,14965866,14965350,516
1079844861,60.7983,56.892,483,22943,0.0331376,0.05,1,14965982,14965499,483
1079865301,61.7957,56.9656,484,23582,0.0346884,0.03,1,14966405,14965921,484
1080355861,45.9804,28.46,472,35612,0.022233,0,1,14974459,14973987,472
1080382141,23.9249,22.0771,425,36143,0.0134738,0.05,1,14974772,14974347,425
1080396741,3.53257,3.58245,422,36433,0.00841317,0.03,1,14974916,14974494,422
1080399661,77.1266,76.1791,423,36491,0.00936527,0,1,14974997,14974574,423
1080901901,133.162,109.09,502,20544,0.254646,0.87,1,14980867,14980365,502
1080907741,60.0879,66.3927,482,20750,0.0947434,0.45,1,14981004,14980522,482
1080966141,78.7851,108.378,514,22707,0.431979,0.35,1,14982238,14981724,514
1081007021,85.6346,112.75,537,23980,0.916766,0.73,2,14983139,14982602,537
1081135501,79.8226,82.0067,481,27599,0.905172,0.96,2,14985651,14985170,481
1081266901,30.8607,34.1178,477,30863,0.765092,1,2,14987913,14987436,477
1081307781,51.5148,41.3645,507,31810,0.767068,0.67,2,14988564,14988057,507
1081322381,63.4062,88.1799,518,32141,0.918693,0.69,2,14988804,14988286,518
1081442101,20.5544,23.4103,514,34737,0.912064,1,2,14990545,14990031,514
1081523861,3.47882,3.57395,436,36403,0.425042,0.39,1,14991627,14991191,436
1081591021,31.5765,42.532,484,37716,0.769902,0.65,2,14992519,14992035,484
1082064061,18.1126,32.1958,471,45900,0.0565213,0.8,1,14998072,14997601,471
1082274301,39.7665,32.4824,473,49096,0.276541,0.27,1,15000067,14999594,473
1082683101,24.1548,15.9189,439,25495,0.0698481,0.03,1,15004090,15003651,439
1082686021,78.1577,29.2959,490,25578,0.0819393,0.07,1,15004171,15003681,490
1082700621,85.7582,46.0617,509,25990,0.0919335,0.03,1,15004463,15003954,509
1083659841,20.2732,22.3484,433,20954,0.0088384,0.05,1,15017791,15017358,433
1083662761,62.7637,22.9674,475,21055,0.0215354,0.03,1,15017856,15017381,475
1083680281,22.0779,20.2735,424,21652,0.0117599,0.03,1,15018215,15017791,424
1083689041,77.8648,74.0669,427,21945,0.0437126,0.03,1,15018433,15018006,427
1083697801,23.5009,23.5574,422,22234,0.0255976,0.01,1,15018615,15018193,422
1083712401,71.4381,74.2882,495,22707,0.0746141,0.05,1,15018928,15018433,495
1083721161,23.0179,23.5004,444,22986,0.0189353,0,1,15019059,15018615,444
1083727001,75.2975,61.0012,498,23170,0.0282296,0,1,15019199,15018701,498
1083729921,79.7649,75.2501,502,23261,0.0412919,0.03,1,15019279,15018777,502
1083741601,23.0134,23.3586,445,23623,0.0207371,0.01,1,15019481,15019036,445
1083747441,75.2975,61.9509,498,23802,0.0285179,0.03,1,15019621,15019123,498
1083750361,81.6649,75.2975,504,23891,0.0654072,0.05,1,15019703,15019199,504
1084261361,34.575,40.217,478,36229,0.0525462,0.9,1,15028037,15027559,478
1084264281,28.3288,36.2109,470,36287,0.0510185,0.83,1,15028065,15027595,470
1084311001,20.3683,1.2708,446,37208,0.0387785,0.15,1,15028609,15028163,446
1084313921,31.4184,20.9635,456,37265,0.0575114,0.11,1,15028641,15028185,456
1084316841,32.9209,31.4482,457,37322,0.0770046,0.11,1,15028674,15028217,457
1084375241,35.2233,38.4651,467,38438,0.419521,0.25,1,15029416,15028949,467
1084640961,60.086,79.8025,523,43150,0.92224,1,2,15032578,15032055,523
1084673081,21.2193,37.4267,500,43686,0.414877,1,1,15032930,15032430,500
1084711041,17.6877,32.7092,465,44310,0.260385,0.45,1,15033349,15032884,465
1084865801,47.3283,33.609,502,46765,0.911863,0.69,2,15034928,15034426,502
1085403081,39.9306,24.7862,472,29174,0.0119298,0.17,1,15042281,15041809,472
1085420601,73.0963,36.9253,497,29607,0.0964079,0.07,1,15042613,15042116,497
1085441041,25.3465,26.1632,424,30103,0.0268717,0.01,1,15042889,15042465,424
1085446881,40.6759,36.9254,427,30243,0.0774995,0.13,1,15042965,15042538,427
1085470241,25.3417,25.3465,422,30798,0.0492672,0.03,1,15043311,15042889,422
1085473161,34.5171,34.5173,422,30867,0.0497069,0.11,1,15043346,15042924,422
1085508201,70.5763,43.5259,493,31680,0.0854652,0.05,1,15043883,15043390,493
1085525721,86.7441,61.9329,515,32079,0.208384,0.07,1,15044135,15043620,515
1085554921,86.7443,62.8829,519,32733,0.43057,0.21,1,15044566,15044047,519
1085651281,93.7744,66.6904,552,34801,0.940122,0.81,2,15045925,15045373,552
1085816261,40.0083,55.9366,446,17414,0.0822035,0.13,1,15048417,15047971,446
1085909701,50.0277,118.957,502,20962,0.937426,0.71,2,15050782,15050280,502
1086026501,35.5795,35.38,473,24684,0.0491811,1,1,15053425,15052952,473
1086041101,30.3262,34.8228,427,25111,0.0222668,0.07,1,15053617,15053190,427
1086070301,64.5308,131.666,482,25942,0.0567918,0.09,1,15054236,15053754,482
1086073221,33.6265,62.6333,455,26024,0.0527167,0.01,1,15054268,15053813,455
1086225061,124.635,124.249,464,29961,0.913441,0.87,2,15056797,15056333,464
1086376901,65.7538,77.312,462,33435,0.031422,0.64,1,15059223,15058761,462
1086379821,25.1377,30.4656,457,33498,0.0305688,0.53,1,15059246,15058789,457
1086426541,44.8563,61.0804,466,34495,0.0768778,0.09,1,15059849,15059383,466
1086429461,30.7428,42.004,455,34556,0.0727511,0.01,1,15059879,15059424,455
1086435301,26.4394,34.02,448,34678,0.0464402,0.01,1,15059940,15059492,448
1086441141,63.8111,61.17,485,34800,0.0902304,0.05,1,15060066,15059581,485
1086876221,16.6007,22.5365,430,19642,0.0383934,0.03,1,15065608,15065178,430
1086879141,112.93,23.9268,524,19750,0.0453573,0.09,1,15065726,15065202,524
1087287941,39.669,1.90519,462,31374,0.032618,0.05,1,15073641,15073179,462
1087293781,64.5092,37.0548,487,31508,0.0784189,0.11,1,15073743,15073256,487
1087328821,71.5157,39.3255,503,32305,0.253013,0.19,1,15074284,15073781,503
1087457301,81.1969,46.8913,533,35068,0.945825,0.65,2,15076060,15075527,533
1087626661,34.4683,44.5429,507,38405,0.922,1,2,15078350,15077843,507
1087658781,29.0524,31.3329,474,39006,0.294897,1,1,15078746,15078272,474
1087676301,26.2547,27.3688,450,39330,0.288039,0.41,1,15078954,15078504,450
1087723021,33.0231,33.3055,469,40181,0.44576,0.37,1,15079480,15079011,469
1087988741,42.6504,35.7954,501,44707,0.937477,1,2,15082565,15082064,501
1088020861,18.4366,25.4498,487,45224,0.294459,1,1,15082916,15082429,487
1088266141,37.0405,36.8149,498,48984,0.938507,0.87,2,15085319,15084821,498
1088476381,21.1281,33.5649,428,24076,0.0675854,0.03,1,15087643,15087215,428
1088563981,60.9857,57.8138,488,26589,0.229154,0.19,1,15089304,15088816,488
1088642821,65.0298,64.5502,517,28661,0.750968,0.65,2,15090639,15090122,517
1088666181,65.6482,76.919,523,29247,0.944223,0.73,2,15091032,15090509,523
1088672021,19.4966,65.0298,477,29391,0.937076,0.79,2,15091116,15090639,477
1088946501,4.39776,48.1023,449,35524,0.797585,0.57,2,15095172,15094723,449
1089308581,3.75608,3.76083,427,42262,0.209392,0.15,1,15099622,15099195,427
1089311501,37.2378,37.238,427,42312,0.221757,0.11,1,15099661,15099234,427
1089337781,41.5885,41.3961,429,42760,0.298938,0.19,1,15099963,15099534,429
1089715921,152.328,172.623,476,21900,0.4372,0.86,1,15104123,15103647,476
1089733441,36.8409,34.8388,460,22475,0.0702484,0.31,1,15104431,15103971,460
1089745121,74.8745,72.4598,502,22850,0.0857504,0.13,1,15104740,15104238,502
1089765561,77.867,72.4896,502,23492,0.216873,0.11,1,15105167,15104665,502
1090209401,29.653,47.5215,494,34587,0.0344092,0.81,1,15112689,15112195,494
1091146721,71.6797,63.7882,496,23640,0.0581924,0.05,1,15123581,15123085,496
1091152561,62.3092,49.227,486,23819,0.0273108,0.05,1,15123692,15123206,486
1091216801,70.4336,64.1373,494,25706,0.0939185,0.05,1,15124849,15124355,494
1091465001,33.0072,63.0156,488,31953,0.0762112,0.61,1,15129067,15128579,488
1092084041,14.6792,33.1019,486,43787,0.0643223,1,1,15136948,15136462,486
1092704541,60.8964,77.0916,486,25627,0.231551,0.13,1,15143840,15143354,486
1092707461,33.4448,61.8046,457,25710,0.23062,0.11,1,15143872,15143415,457
1092795061,79.41,77.415,457,28076,0.945241,0.71,2,15145423,15144966,457
1092993621,4.51341,52.2181,434,32808,0.422484,0.31,1,15148577,15148143,434
1093002381,92.1007,88.2995,441,33000,0.446799,0.37,1,15148786,15148345,441
1093554261,42.8839,42.9848,425,21503,0.284863,0.07,1,15156806,15156381,425
1093571781,100.625,97.6772,433,22088,0.43626,0.33,1,15157199,15156766,433
1093636021,109.584,110.127,468,24112,0.931139,0.91,2,15158562,15158094,468
1094266741,22.0453,26.8032,453,38680,0.762072,0.63,2,15168567,15168114,453
1094293021,27.0768,28.7323,456,39168,0.94151,0.71,2,15168934,15168478,456
1094652181,71.8573,70.8626,456,25062,0.947688,0.77,2,15175332,15174876,456
1094841981,46.0018,42.1099,432,30064,0.207374,0.21,1,15178759,15178327,432
1094844901,59.3001,59.1055,432,30134,0.25695,0.21,1,15178819,15178387,432
1095171941,83.7667,80.9165,454,37175,0.776324,0.63,2,15183501,15183047,454
1095411381,2.91309,23.3975,442,41575,0.273461,0.49,1,15186451,15186009,442
1095466861,29.1047,29.9955,444,42530,0.764724,0.47,2,15187090,15186646,444
1095475621,63.2879,58.5831,449,42680,0.770142,0.57,2,15187212,15186763,449
1095772001,18.1441,55.6429,436,21764,0.0962372,0.03,1,15190645,15190209,436
1095792441,17.3862,18.1441,426,22437,0.0540448,0.09,1,15191071,15190645,426
1095830401,79.9605,97.3094,501,23636,0.0671989,0.03,1,15191900,15191399,501
1096119481,14.1727,21.9068,483,31280,0.0477331,1,1,15196988,15196505,483
1096166201,84.3559,53.1184,508,32345,0.0620921,0.05,1,15197684,15197176,508
1096931241,93.749,70.8783,540,23980,0.779583,0.55,2,15208328,15207788,540
1097380921,40.445,31.1799,510,35041,0.427259,0.87,1,15216007,15215497,510
1097979521,28.1713,30.3469,465,45762,0.0460039,0.91,1,15223232,15222767,465
1097985361,35.7429,35.6059,468,45854,0.0637606,0.89,1,15223299,15222831,468
1098002881,16.7038,33.0316,465,46130,0.0178464,0.43,1,15223437,15222972,465
1098011641,39.1088,48.0409,467,46268,0.0935422,0.13,1,15223544,15223077,467
1098017481,20.5228,30.7576,442,46360,0.0833667,0.11,1,15223594,15223152,442
1098035001,9.9266,27.4371,433,46630,0.0758186,0.07,1,15223759,15223326,433
1098075881,28.4844,37.6407,451,47260,0.0994433,0.07,1,15224174,15223723,451
1098289041,43.0422,44.0793,458,50410,0.901626,0.75,2,15226125,15225667,458
1098291961,46.8021,45.904,459,50452,0.90665,0.75,2,15226172,15225713,459
1098575201,18.5223,29.3463,446,25990,0.285829,0.15,1,15229334,15228888,446
1098583961,95.5889,68.7314,526,26234,0.439493,0.23,1,15229548,15229022,526
1098785441,37.2223,37.954,483,31319,0.264207,0.99,1,15233028,15232545,483
1098852601,32.4488,33.3328,429,32838,0.214187,0.13,1,15233939,15233510,429
1098887641,38.7198,37.7224,433,33602,0.435895,0.29,1,15234410,15233977,433
1098893481,103.172,101.127,438,33728,0.440543,0.33,1,15234566,15234128,438
1098896401,33.6586,33.5563,438,33791,0.434217,0.37,1,15234596,15234158,438
1098940201,36.0768,56.4841,480,34717,0.75034,0.57,2,15235202,15234722,480
1098943121,21.7538,34.1742,468,34778,0.750136,0.59,2,15235223,15234755,468
1098946041,2.98769,20.7087,450,34839,0.750054,0.59,2,15235225,15234775,450
1098951881,40.6675,34.3468,489,34961,0.754809,0.61,2,15235302,15234813,489
1098954801,51.4334,37.8173,503,35021,0.763923,0.63,2,15235354,15234851,503
1098957721,103.272,50.3409,558,35081,0.779569,0.63,2,15235460,15234902,558
1099159201,25.3129,25.5112,454,39019,0.401299,0.61,1,15238126,15237672,454
1099246801,49.1846,31.7905,498,40611,0.75884,0.55,2,15239150,15238652,498
1099284761,49.2821,33.6929,509,41282,0.946063,0.77,2,15239609,15239100,509
1099483321,14.8992,18.8028,467,44625,0.794118,0.97,2,15241861,15241394,467
1099676041,35.9914,31.3732,502,47642,0.94504,0.97,2,15243952,15243450,502
1099684801,31.1574,29.4468,500,47774,0.756723,1,2,15244054,15243554,500
1099705241,16.9975,18.9781,491,48082,0.445733,1,1,15244247,15243756,491
1099965121,36.0614,37.0587,496,51838,0.949443,0.83,2,15246656,15246160,496
1100179741,20.5946,31.2108,432,25244,0.237497,0.13,1,15248913,15248481,432
1100191421,97.048,54.381,500,25578,0.296624,0.11,1,15249196,15248696,500
1100214781,103.743,59.9595,537,26234,0.415552,0.35,1,15249634,15249097,537
1100389981,33.4733,29.1493,498,30704,0.252683,1,1,15252634,15252136,498
1100407501,17.6583,21.8653,456,31115,0.0621851,0.65,1,15252924,15252468,456
1100430861,89.2249,58.3102,513,31655,0.0847257,0.05,1,15253301,15252788,513
1100436701,18.7006,30.1658,441,31789,0.0795561,0.07,1,15253348,15252907,441
1100442541,21.7068,50.2829,448,31922,0.097929,0.09,1,15253424,15252976,448
1100457141,52.6476,64.9533,477,32252,0.219796,0.11,1,15253632,15253155,477
1101099541,22.9354,39.8078,450,44389,0.204708,0.11,1,15261870,15261420,450
1101537541,86.2261,93.1207,496,23451,0.25,1,1,15266331,15265835,496
1101549221,39.7741,80.1612,475,23810,0.04984,0.57,1,15266619,15266144,475
1101613461,76.9859,97.6603,499,25697,0.0738574,0.15,1,15267778,15267279,499
1101890861,42.9055,73.2393,463,32603,0.0516018,0.03,1,15272448,15271985,463
1101893781,33.4953,41.662,456,32668,0.0386407,0.07,1,15272481,15272025,456
1101931741,4.21623,3.97874,427,33499,0.0316416,0.01,1,15272952,15272525,427
1101946341,31.5815,30.4415,427,33814,0.0474696,0.11,1,15273155,15272728,427
1101949261,41.4791,40.4721,428,33877,0.0849878,0.09,1,15273197,15272769,428
1101958021,33.2504,33.4902,422,34063,0.0488792,0.03,1,15273325,15272903,422
1101960941,47.2625,46.3245,423,34125,0.0495517,0.03,1,15273373,15272950,423
1102042701,82.468,83.3328,430,35820,0.27264,0.19,1,15274401,15273971,430
1102334701,499.486,566.502,463,17520,0.4108,0.63,1,15278109,15277646,463
1102340541,107.269,123.301,452,18482,0.095728,0,1,15278289,15277837,452
1102346381,62.2557,69.6108,450,18711,0.0573165,0.05,1,15278416,15277966,450
1102363901,62.253,62.2549,422,19381,0.0263986,0.11,1,15278838,15278416,422
1102366821,64.8627,62.9627,424,19490,0.0405594,0.05,1,15278903,15278479,424
1102375581,107.049,69.479,530,19815,0.0839558,0.07,1,15279133,15278603,530
1102381421,62.2076,67.0537,483,20028,0.0386329,0.01,1,15279259,15278776,483
1102641301,101.683,98.707,488,27911,0.269178,1,1,15284566,15284078,488
1102647141,76.8242,85.7943,470,28063,0.0490686,0.93,1,15284677,15284207,470
1102650061,35.1912,37.5397,468,28138,0.0376274,0.87,1,15284710,15284242,468
1102652981,31.2096,34.177,465,28213,0.033051,0.79,1,15284741,15284276,465
1102664661,33.6644,49.4972,478,28512,0.0727981,0.45,1,15284901,15284423,478
1102679261,31.2069,35.1912,452,28881,0.0324735,0.03,1,15285162,15284710,452
1102685101,34.658,47.1605,455,29027,0.0687958,0.05,1,15285244,15284789,455
1102705541,31.2068,35.137,452,29534,0.0256022,0.03,1,15285583,15285131,452
1102711381,32.9955,47.1603,458,29677,0.0628964,0.07,1,15285668,15285210,458
1102798981,33.9285,52.5205,464,31746,0.277345,0.25,1,15286947,15286483,464
1103038421,52.6819,70.9017,471,36810,0.9124,1,2,15290384,15289913,471
1103134781,3.42509,30.4499,452,38659,0.796463,0.69,2,15291579,15291127,452
1103143541,42.2208,43.0697,457,38823,0.925774,0.73,2,15291705,15291248,457
1103146461,44.861,43.9535,458,38877,0.94031,0.71,2,15291750,15291292,458
1103355241,24.4902,27.2664,444,19642,0.0896072,0.05,1,15294519,15294075,444
1103445761,56.8777,69.5459,506,22752,0.756443,0.63,2,15296613,15296107,506
1103583001,30.1633,35.8644,482,26782,0.0677326,0.61,1,15299436,15298954,482
1103679361,64.7179,59.2591,513,29278,0.758315,0.59,2,15301042,15300529,513
1103682281,77.3359,61.863,529,29350,0.765326,0.57,2,15301120,15300591,529
1103688121,30.4508,37.2047,481,29494,0.762052,0.59,2,15301187,15300706,481
1103863321,14.6288,17.9545,437,33526,0.088964,0.31,1,15303905,15303468,437
1103912961,76.1705,23.4005,506,34582,0.402409,0.17,1,15304567,15304061,506
1104210801,88.2885,37.658,558,40338,0.40375,1,1,15308506,15307948,558
1104219561,27.4399,33.1526,506,40494,0.27088,1,1,15308617,15308111,506
1104988981,63.61,38.2484,518,28817,0.924048,0.77,2,15318944,15318426,518
1105304341,38.0734,33.885,506,35884,0.790822,1,2,15323829,15323323,506
1105333541,26.5319,29.3517,466,36469,0.431728,0.79,1,15324198,15323732,466
1105403621,27.6668,38.4382,470,37835,0.789279,0.51,2,15325084,15324614,470
1105418221,42.6267,70.6771,495,38115,0.930191,0.67,2,15325323,15324828,495
1105599261,27.4419,68.534,492,41407,0.922,1,2,15327586,15327094,492
1105610941,16.8149,39.7907,491,41611,0.752195,1,2,15327710,15327219,491
1105894181,37.6121,48.3311,520,46272,0.913559,1,2,15330882,15330362,520
1105905861,30.9156,31.074,517,46454,0.783275,1,2,15331017,15330500,517
1105929221,28.2478,16.8525,502,46814,0.77783,1,2,15331248,15330746,502
1106168661,38.4386,24.4937,516,50371,0.924207,1,2,15333701,15333185,516
1106227061,15.4643,18.2306,456,51201,0.422824,0.69,1,15334231,15333775,456
1106273781,25.3718,28.5609,465,51857,0.447026,0.39,1,15334657,15334192,465
1106332181,26.2565,30.1784,470,52661,0.766217,0.47,2,15335172,15334702,470
1106340941,29.6338,40.7255,474,52781,0.796158,0.49,2,15335260,15334786,474
1106860701,59.1693,43.4381,518,32154,0.905607,0.73,2,15342134,15341616,518
1107030061,30.581,36.9357,448,35768,0.40447,0.51,1,15344571,15344123,448
1107091381,43.6415,43.6298,448,36989,0.794053,0.57,2,15345391,15344943,448
1107339581,3.34138,28.0298,435,41562,0.201531,0.31,1,15348490,15348055,435
1107389221,30.1297,29.0847,435,42417,0.432668,0.29,1,15349011,15348576,435
1107476821,44.5827,35.7089,495,43885,0.780831,0.63,2,15349984,15349489,495
1107714801,25.7379,30.3432,437,21861,0.0231881,0.11,1,15352772,15352335,437
1107735241,25.7355,25.7379,423,22532,0.0209687,0.03,1,15353195,15352772,423
1107741081,74.6393,82.7143,500,22720,0.045355,0.15,1,15353359,15352859,500
1107989281,75.6696,93.1849,546,29611,0.274979,1,1,15358093,15357547,546
1107995121,55.0992,37.853,530,29753,0.0763967,1,1,15358185,15357655,530
1108000961,23.0327,35.6721,491,29895,0.0422235,1,1,15358230,15357739,491
1108030161,22.1202,23.0327,425,30595,0.0287289,0.11,1,15358655,15358230,425
1108047681,78.6949,75.0303,426,31008,0.0366534,0.17,1,15358953,15358527,426
1108418521,58.1269,64.966,424,38717,0.027715,0.05,1,15364003,15363579,424
1108421441,24.7563,26.9983,422,38772,0.017086,0.05,1,15364026,15363604,422
1108430201,50.6951,50.693,423,38934,0.0507735,0.05,1,15364128,15363705,423
1108812721,68.2905,79.0582,497,45489,0.922,1,2,15368449,15367952,497
1108841921,25.5619,31.9755,497,45949,0.440778,1,1,15368760,15368263,497
1109252181,17.6534,17.6537,422,24771,0.0298862,0.09,1,15373560,15373138,422
1109255101,76.8827,74.9827,424,24857,0.0539545,0.09,1,15373640,15373216,424
1109272621,66.262,68.067,422,25364,0.0424629,0.03,1,15373967,15373545,422
1109275541,17.5631,17.6534,422,25448,0.0349852,0.03,1,15373982,15373560,422
1109281381,52.4364,76.0441,476,25614,0.0547976,0.13,1,15374116,15373640,476
1109298901,17.5175,66.262,436,26106,0.045139,0.03,1,15374403,15373967,436
1109304741,52.5788,79.7282,475,26268,0.0900223,0.07,1,15374540,15374065,475
1109564621,37.891,41.2269,460,32668,0.0437927,0.05,1,15378869,15378409,460
1109567541,27.5446,34.3613,453,32733,0.0175171,0,1,15378896,15378443,453
1109608421,26.5608,28.5082,422,33625,0.0112229,0.09,1,15379388,15378966,422
1109611341,87.778,85.0254,425,33688,0.0464891,0.09,1,15379479,15379054,425
1109631781,28.4851,28.5824,424,34125,0.0299494,0.01,1,15379745,15379321,424
1109634701,3.32425,3.32912,424,34187,0.0179798,0.03,1,15379747,15379323,424
1109643461,88.6307,24.793,513,34373,0.0201107,0.07,1,15379901,15379388,513
1110631881,89.6647,26.2882,550,29539,0.934763,0.77,2,15393850,15393300,550
1110640641,40.1487,4.91954,503,29753,0.911585,0.79,2,15393954,15393451,503
1110643561,66.6074,41.096,528,29824,0.946634,0.83,2,15394022,15393494,528
1110757441,34.7701,31.7258,510,32475,0.944618,1,2,15395854,15395344,510
1110786641,25.9829,30.4018,467,33120,0.434104,0.91,1,15396286,15395819,467
1110859641,35.1297,58.4919,489,34681,0.909333,0.73,2,15397308,15396819,489
1111043601,27.9742,36.046,456,38332,0.0574879,0.15,1,15399829,15399373,456
1111061121,3.39863,29.9728,423,38662,0.0474348,0,1,15399988,15399565,423
1111069881,57.6488,57.7424,423,38826,0.0791158,0.05,1,15400112,15399689,423
1111072801,30.4324,30.4371,423,38880,0.0616463,0.03,1,15400141,15399718,423
1111096161,29.0697,29.9726,422,39312,0.0287993,0.07,1,15400408,15399986,422
1111102001,31.5177,31.5199,422,39420,0.0298079,0.03,1,15400443,15400021,422
1111104921,32.9259,31.976,423,39474,0.0539232,0.11,1,15400476,15400053,423
1111110761,31.3373,30.4324,423,39581,0.0458277,0.05,1,15400564,15400141,423
1111113681,57.6169,56.6216,424,39634,0.0843311,0.05,1,15400623,15400199,424
1111128281,33.1657,37.8657,422,39899,0.0634843,0.01,1,15400752,15400330,422
1111134121,29.0579,29.0697,422,40005,0.0473575,0.03,1,15400830,15400408,422
1111142881,33.8284,31.3584,455,40164,0.0594309,0.07,1,15400898,15400443,455
1111218801,34.8734,32.4676,461,41508,0.237709,0.13,1,15401748,15401287,461
1111633441,19.4372,21.2805,430,22569,0.0400114,0.01,1,15406482,15406052,430
1111650961,44.8815,60.8645,467,23127,0.0979514,0.05,1,15406885,15406418,467
1111653881,19.3441,46.7432,439,23219,0.0451806,0.03,1,15406903,15406464,439
1111659721,64.7909,114.022,487,23401,0.0756289,0.17,1,15407088,15406601,487
1112145901,52.4654,68.2965,440,15877,0.0336191,0.05,1,15415455,15415015,440
1112169261,102.189,103.659,525,16916,0.0441558,0.01,1,15416132,15415607,525
1112703621,26.7566,42.6014,503,32602,0.0301671,0.84,1,15426757,15426254,503
1112706541,21.2878,26.8301,498,32667,0.0180668,1,1,15426778,15426280,498
1112794141,89.3379,37.6629,520,34556,0.057112,0.21,1,15427954,15427434,520
1113664301,33.359,35.9684,481,27676,0.0553247,0.9,1,15440460,15439979,481
1113670141,20.7934,26.1674,463,27829,0.029252,0.73,1,15440535,15440072,463
1113705181,85.2177,50.4493,509,28728,0.0318845,0.01,1,15441117,15440608,509
1113713941,83.8743,43.5329,507,28949,0.0200406,0.03,1,15441278,15440771,507
1113848261,91.1125,52.3525,522,32141,0.270193,0.19,1,15443251,15442729,522
1114102301,43.8813,31.8681,516,37436,0.216704,1,1,15446823,15446307,516
1114108141,28.1347,26.2997,516,37548,0.0622726,1,1,15446881,15446365,516
1114113981,64.8128,29.9907,546,37660,0.0999636,0.9,1,15446971,15446425,546
1114125661,39.1112,21.4748,500,37884,0.0580951,0.65,1,15447093,15446593,500
1114610381,46.212,29.2048,505,46222,0.933323,0.69,2,15452594,15452089,505
1114619141,14.6714,26.4754,474,46360,0.932133,0.81,2,15452670,15452196,474
1114639581,25.5294,33.5879,487,46675,0.934035,0.85,2,15452880,15452393,487
1114982681,38.9173,72.3049,495,26915,0.945646,0.73,2,15457754,15457259,495
1115128681,34.5588,36.1443,493,30599,0.0843086,1,1,15460330,15459837,493
1115131601,18.8279,32.2072,479,30668,0.0757234,1,1,15460348,15459869,479
1115160801,16.8799,1.72794,439,31352,0.0374108,0.07,1,15460769,15460330,439
1115169561,71.6939,23.128,500,31553,0.0405543,0.21,1,15460935,15460435,500
1116082061,103.442,95.8622,507,21997,0.238,0.65,1,15472116,15471609,507
1116090821,78.6349,86.2625,468,22285,0.094192,0.17,1,15472312,15471844,468
1116093741,55.2317,74.6131,448,22380,0.0916768,0.01,1,15472366,15471918,448
1116099581,28.4006,39.659,440,22569,0.0518683,0,1,15472448,15472008,440
1116105421,64.386,80.1366,489,22757,0.0790989,0.11,1,15472605,15472116,489
1116125861,65.5281,90.72,490,23401,0.212599,0.09,1,15473032,15472542,490
1117007701,19.4272,36.9181,482,42733,0.0787718,0.9,1,15486232,15485750,482
1117209181,51.3242,57.0242,507,46013,0.770156,0.75,2,15488317,15487810,507
1117479281,3.89955,40.0338,429,23997,0.420722,0.21,1,15491538,15491109,429
1117523081,41.0504,42.0429,449,25289,0.794559,0.59,2,15492429,15491980,449
1117555201,57.4376,86.6476,516,26196,0.906527,0.83,2,15493038,15492522,516
1117663241,38.4145,67.1379,507,29036,0.411203,1,1,15495044,15494537,507
1118226801,34.7969,45.4307,500,40739,0.0598676,1,1,15502985,15502485,500
1118241401,26.2232,33.6619,493,40999,0.0152338,0.83,1,15503185,15502692,493
1118273521,3.23422,25.7845,424,41560,0.00817961,0.01,1,15503475,15503051,424
1118276441,76.1617,77.2892,424,41611,0.00927184,0.03,1,15503555,15503131,424
1118785981,476.684,532.195,470,21900,0.4276,0.53,1,15509173,15508703,470
1119082361,28.7105,61.2813,449,29686,0.0804312,0.01,1,15514091,15513642,449
1119091121,3.45209,30.9943,425,29899,0.0692276,0.09,1,15514156,15513731,425
1119096961,60.2861,62.065,427,30041,0.0986764,0.11,1,15514247,15513820,427
1119132001,70.8308,69.8332,429,30875,0.277779,0.15,1,15514775,15514346,429
1119134921,80.4915,80.4417,429,30944,0.285112,0.11,1,15514856,15514427,429
1119505761,3.50286,31.0216,426,38665,0.0827438,0.05,1,15519931,15519505,426
1119572921,53.9896,54.037,426,39901,0.216024,0.13,1,15520678,15520252,426
1119575841,70.1495,70.1518,426,39954,0.22441,0.13,1,15520749,15520323,426
1119902881,73.3699,74.7264,487,45490,0.797678,1,2,15524433,15523946,487
1119929161,31.1745,31.7396,485,45904,0.0436737,1,1,15524671,15524186,485
1119990481,68.1817,53.5399,491,46859,0.0519433,0.15,1,15525313,15524822,491
1120593461,106.014,55.175,575,28525,0.770868,1,2,15532820,15532245,575
1120967221,72.2257,36.5088,512,36819,0.248967,1,1,15538617,15538105,512
1120975981,33.5393,32.3877,501,36990,0.0368139,1,1,15538751,15538250,501
1120993501,34.1594,45.0348,502,37332,0.0834231,1,1,15538924,15538422,502
1120996421,29.258,34.5517,497,37389,0.0753692,0.67,1,15538953,15538456,497
1121019781,18.4247,27.3963,439,37838,0.0534163,0.05,1,15539252,15538813,439
1121028541,37.9572,37.1888,459,38006,0.0703786,0.09,1,15539349,15538890,459
1121051901,24.7836,35.8698,450,38448,0.0398982,0.11,1,15539658,15539208,450
1121054821,17.3892,26.4935,441,38503,0.0339593,0.03,1,15539675,15539234,441
1121148261,28.2226,30.4955,456,40222,0.0503586,0.17,1,15540691,15540235,456
1121192061,35.3657,57.4611,463,41002,0.238771,0.21,1,15541213,15540750,463
1121355581,40.4111,67.269,493,43790,0.925834,0.71,2,15542999,15542506,493
1121559981,27.9903,32.6201,493,47041,0.448987,0.92,1,15545235,15544742,493
1121562901,18.4995,31.081,480,47086,0.437595,0.85,1,15545253,15544773,480
1121901621,32.1684,36.3294,502,52023,0.782874,1,2,15548579,15548077,502
1121910381,27.0173,31.0957,495,52143,0.778504,1,2,15548667,15548172,495
1121916221,31.3225,41.2127,496,52223,0.792961,0.91,2,15548736,15548240,496
1122358601,30.8106,24.5809,448,27088,0.214822,0.51,1,15553036,15552588,448
1122376121,65.1449,40.9132,459,27554,0.249825,0.17,1,15553348,15552889,459
1122446201,91.3551,41.1013,537,29343,0.765075,0.51,2,15554507,15553970,537
1123041881,38.7589,37.7479,517,41519,0.43916,1,1,15562972,15562455,517
1123053561,12.5725,34.8905,486,41723,0.285466,1,1,15563071,15562585,486
1123199561,38.4589,63.2805,487,44180,0.796259,0.61,2,15564676,15564189,487
1123783561,33.9449,21.741,437,24785,0.0876924,0.11,1,15570873,15570436,437
1123812761,81.1132,44.7349,508,25627,0.214614,0.19,1,15571428,15570920,508
1123836121,83.0177,45.2639,515,26281,0.447321,0.23,1,15571860,15571345,515
1124043441,49.7176,32.3985,513,31490,0.0731794,0.71,1,15575418,15574905,513
1124352961,32.4174,29.4175,505,37950,0.0702605,1,1,15579689,15579184,505
1124399681,26.7073,26.6706,424,38832,0.020905,0.05,1,15580245,15579821,424
1124402601,69.7354,69.7335,424,38886,0.038362,0.03,1,15580317,15579893,424
1124440561,69.7803,69.7354,424,39586,0.218784,0.07,1,15580741,15580317,424
1124598241,76.295,74.3948,458,42368,0.917783,0.77,2,15582511,15582053,458
1124861041,30.3729,49.2613,455,46636,0.0679484,0.09,1,15585445,15584990,455
1124869801,11.7054,24.2145,433,46771,0.0554687,0.05,1,15585508,15585075,433
1125030401,30.3637,38.1727,456,49188,0.209064,0.09,1,15586990,15586534,456
1125468401,92.0009,90.2065,538,26315,0.750435,0.57,2,15591773,15591235,538
1125602721,63.4523,68.4888,537,29793,0.0745051,1,1,15594201,15593664,537
1125608561,33.5036,31.9487,475,29935,0.0203208,1,1,15594238,15593763,475
1125678641,58.1077,40.1995,482,31588,0.0877599,0.05,1,15595234,15594752,482
1125681561,79.8554,58.06,504,31655,0.089104,0.13,1,15595315,15594811,504
1126531281,12.7925,32.0061,463,25853,0.0562255,0.59,1,15607638,15607175,463
1126537121,83.2045,56.985,522,26017,0.0797961,0.21,1,15607774,15607252,522
1127094841,42.8137,25.7489,508,38548,0.0780257,0.87,1,15616164,15615656,508
1127632121,79.252,25.9898,529,23091,0.763198,0.53,2,15622980,15622451,529
1127830681,98.247,101.985,547,28665,0.78015,0.65,2,15626863,15626316,547
1128113921,49.9072,30.0125,507,35106,0.43341,0.65,1,15631323,15630816,507
1128400081,27.9436,29.4398,483,40582,0.4318,0.73,1,15635044,15634561,483
1128639521,43.3805,41.5544,488,44645,0.922,1,2,15637777,15637289,488
1128689161,19.6057,31.886,478,45443,0.437437,1,1,15638316,15637838,478
1128803041,32.0038,32.9326,478,47218,0.77405,0.57,2,15639466,15638988,478
1129048321,33.674,33.7122,491,50832,0.921182,1,2,15641949,15641458,491
1129754961,20.1302,29.6806,434,37131,0.0625978,0.25,1,15652135,15651701,434
1129763721,29.9133,30.4868,459,37302,0.0810463,0.09,1,15652227,15651768,459
1129772481,56.6689,31.4322,483,37472,0.090867,0.11,1,15652355,15651872,483
1129959361,58.8158,35.3642,517,40923,0.939762,0.71,2,15654573,15654056,517
1130265961,17.8685,34.303,504,46021,0.92606,1,2,15658138,15657634,504
1130353561,15.9183,33.374,470,47378,0.906457,0.69,2,15659060,15658590,470
1130787181,3.24589,26.8225,458,26919,0.901246,0.69,2,15664496,15664038,458
1130790101,38.1623,39.3411,458,26998,0.906499,0.73,2,15664536,15664078,458
1130877701,91.7077,72.7912,558,29259,0.921865,1,2,15666151,15665593,558
1130886461,80.7187,69.1643,558,29475,0.906439,0.97,2,15666370,15665812,558
1130901061,41.1225,32.0712,524,29832,0.792613,1,2,15666532,15666008,524
1131140501,27.032,30.5398,450,35173,0.203401,0.07,1,15670210,15669760,450
1131146341,32.2251,35.5114,457,35293,0.271344,0.09,1,15670279,15669822,457
1131260221,59.5406,47.916,519,37558,0.93797,0.79,2,15671758,15671239,519
1131388701,31.2607,31.9573,490,39957,0.935776,1,2,15673416,15672926,490
1131391621,28.163,30.0979,488,40010,0.93231,1,2,15673444,15672956,488
1131435421,16.3103,23.2582,479,40794,0.282378,0.93,1,15673946,15673467,479
1131572661,47.0237,66.4082,503,43158,0.905975,0.75,2,15675491,15674988,503
1132058841,46.3388,14.8223,496,29395,0.759663,0.55,2,15683325,15682829,496
1132064681,93.1683,41.1721,544,29539,0.780346,0.65,2,15683460,15682916,544
1132207761,40.6685,29.9975,504,32864,0.227786,1,1,15685725,15685221,504
1132234041,20.2918,22.4011,439,33438,0.0456613,0.37,1,15686107,15685668,439
1132269081,13.4141,11.4646,426,34189,0.0349017,0.15,1,15686544,15686118,426
1132272001,33.9207,32.8732,427,34251,0.0559607,0.15,1,15686579,15686152,427
1132289521,38.9269,93.5438,459,34620,0.0946721,0.09,1,15686887,15686428,459
1132315801,32.5223,62.4905,452,35166,0.0688611,0.05,1,15687178,15686726,452
1132488081,58.8591,70.4291,513,38552,0.90159,0.73,2,15689337,15688824,513
1132657441,22.5228,25.19,495,41610,0.781936,1,2,15691448,15690953,495
1132698321,19.5667,22.5228,457,42314,0.0337346,0.59,1,15691905,15691448,457
1132771321,48.5349,25.2107,471,43546,0.0678818,0.11,1,15692666,15692195,471
1133185961,91.6725,93.0252,537,23460,0.791809,0.61,2,15697262,15696725,537
1133314441,34.857,36.1945,488,27150,0.268052,1,1,15699817,15699329,488
1133323201,25.652,32.1881,472,27384,0.0922753,0.86,1,15699938,15699466,472
1133381601,82.1325,46.7419,517,28890,0.432469,0.31,1,15700925,15700408,517
1133603521,34.2908,36.2754,490,34007,0.0487797,1,1,15704451,15703961,490
1133612281,24.3457,27.9179,468,34193,0.0307219,0.91,1,15704516,15704048,468
1133621041,58.5943,36.189,516,34379,0.0554862,0.37,1,15704638,15704122,516
1133638561,26.6046,34.2908,452,34746,0.0448769,0.05,1,15704903,15704451,452
1133664841,76.7458,55.7153,500,35290,0.0450764,0.01,1,15705262,15704762,500
1133670681,29.4519,38.0918,450,35410,0.0204122,0.05,1,15705327,15704877,450
1133769961,68.8205,45.4531,502,37386,0.221138,0.23,1,15706537,15706035,502
1133784561,35.5154,25.3508,463,37667,0.214645,0.15,1,15706677,15706214,463
1133796241,39.1015,59.0801,467,37891,0.267719,0.17,1,15706814,15706347,467
1134091161,491.838,524.513,481,18980,0.442,1,1,15710407,15709926,481
1134105761,84.5001,68.6955,477,20242,0.0541293,0.09,1,15710813,15710336,477
1134205041,93.0267,74.4855,545,23543,0.907674,0.63,2,15713006,15712461,545
1134572961,18.1812,24.6995,449,32990,0.778346,0.65,2,15719492,15719043,449
1134581721,42.8876,41.8316,457,33182,0.915014,0.69,2,15719689,15719232,457
1135265001,33.0634,37.2981,440,21156,0.061997,0.03,1,15728515,15728075,440
1135358441,62.0869,66.6251,454,24156,0.796071,0.67,2,15730517,15730063,454
1135524881,103.875,78.7966,568,28728,0.93444,0.83,2,15733764,15733196,568
1135627081,57.7623,63.2157,491,31204,0.928,1,2,15735455,15734964,491
1135682561,30.8223,25.7853,476,32469,0.436437,0.47,1,15736312,15735836,476
1135904481,39.8566,43.8287,489,37094,0.9052,1,2,15739469,15738980,489
1135945361,26.5901,40.9428,483,37884,0.0451415,0.59,1,15739993,15739510,483
1136018361,24.9206,26.6827,423,39254,0.01009,0.11,1,15740839,15740416,423
1136021281,39.246,35.5341,427,39308,0.058036,0.11,1,15740879,15740452,427
1136047561,34.5667,35.4692,422,39789,0.0371837,0,1,15741163,15740741,422
1136050481,31.1783,31.2235,422,39842,0.0148735,0.01,1,15741194,15740772,422
1136053401,42.4089,42.4112,422,39895,0.0359494,0.01,1,15741237,15740815,422
1136170201,45.1688,48.9165,424,41960,0.277296,0.05,1,15742510,15742086,424
1137097301,99.4931,64.0748,544,25880,0.433898,1,1,15751944,15751400,544
1137108981,23.8235,31.2391,472,26206,0.23666,0.81,1,15752146,15751674,472
1137117741,45.7811,66.8863,497,26448,0.249626,0.51,1,15752288,15751791,497
1137208261,79.5027,71.0069,526,28827,0.903242,0.61,2,15753888,15753362,526
1137514861,40.6631,70.1557,513,35716,0.0525433,1,1,15758706,15758193,513
1137517781,23.8832,34.8578,503,35775,0.0390173,1,1,15758729,15758226,503
1137520701,23.0442,33.0929,493,35834,0.0216069,0.98,1,15758752,15758259,493
1138076961,107.84,85.4766,502,20544,0.208217,0.79,1,15765206,15764704,502
1138507661,42.3621,49.3491,434,14473,0.0335803,0.03,1,15773507,15773073,434
1138531021,50.7779,99.8025,474,15744,0.267397,0.13,1,15774317,15773843,474
1138544161,51.9321,103.558,483,16408,0.403356,0.29,1,15774752,15774269,483
1138574821,52.1226,109.231,493,17778,0.794799,0.53,2,15775639,15775146,493
1138691621,42.7784,54.7479,436,22146,0.0423597,0.19,1,15778711,15778275,436
1138750021,3.37787,26.6599,427,23988,0.0299165,0.15,1,15779787,15779360,427
1138752941,151.219,150.483,429,24076,0.0899666,0.13,1,15779946,15779517,429
1138767541,21.1779,21.1469,423,24513,0.0581853,0.03,1,15780178,15779755,423
1138770461,29.5589,29.5573,423,24599,0.0892741,0.03,1,15780208,15779785,423
1138773381,3.37795,3.37787,423,24685,0.0777096,0.13,1,15780210,15779787,423
1138785061,88.3671,92.1642,425,25027,0.264117,0.07,1,15780542,15780117,425
1138799661,158.824,155.969,428,25448,0.286605,0.17,1,15780802,15780374,428
1139094581,3.10166,23.1257,428,32798,0.0686841,0.13,1,15785633,15785205,428
1139167581,45.7405,91.2906,474,34373,0.25036,0.25,1,15786667,15786193,474
1139453741,37.8927,43.5897,474,39950,0.0592334,0.97,1,15790420,15789946,474
1139456661,31.3446,34.4795,471,40003,0.0536934,0.91,1,15790451,15789980,471
1139576381,11.4024,11.305,426,42112,0.041421,0.05,1,15791736,15791310,426
1139582221,35.9385,33.1833,427,42212,0.0894274,0.09,1,15791808,15791381,427
1139623101,38.8361,35.9385,427,42907,0.220771,0.11,1,15792235,15791808,427
1139748661,41.7861,40.786,450,44973,0.77057,0.55,2,15793552,15793102,450
1139751581,3.9893,3.9393,450,45020,0.770228,0.59,2,15793554,15793104,450
1139754501,38.1995,36.297,452,45067,0.794091,0.59,2,15793594,15793142,452
1139760341,40.4705,37.6632,454,45161,0.795455,0.61,2,15793665,15793211,454
1139763261,3.92353,3.78316,454,45208,0.792182,0.69,2,15793667,15793213,454
1139772021,45.3369,44.2918,457,45349,0.90966,0.71,2,15793775,15793318,457
1140093221,3.08561,22.6171,457,23997,0.905618,0.81,2,15797578,15797121,457
1140096141,98.9543,95.1809,462,24085,0.932247,0.85,2,15797682,15797220,462
1140329741,77.8285,75.8333,454,30321,0.766061,0.65,2,15801999,15801545,454
1140358941,78.7783,77.8285,459,31012,0.936837,0.83,2,15802458,15801999,459
1140659701,29.1225,30.4049,455,37386,0.206934,0.13,1,15806815,15806360,455
1140668461,55.8779,52.5127,485,37555,0.257324,0.13,1,15806952,15806467,485
1140703501,55.973,53.5578,490,38225,0.426324,0.27,1,15807386,15806896,490
1141223261,14.2304,20.6964,471,47039,0.29449,0.73,1,15813341,15812870,471
1141348821,38.606,28.5811,491,48928,0.793448,0.65,2,15814538,15814047,491
1141375101,68.0557,30.1641,529,49315,0.933157,0.77,2,15814816,15814287,529
1141567821,36.7129,25.5578,527,52061,0.920135,1,2,15816683,15816156,527
1141588261,27.3484,18.3028,509,52341,0.903386,1,2,15816881,15816372,509
1141827701,32.1785,23.5356,550,55540,0.920389,1,2,15819124,15818574,550
1141916761,30.2413,14.1588,470,26997,0.771171,0.65,2,15820129,15819659,470
1142018961,39.9823,47.9115,510,29618,0.941196,1,2,15821971,15821461,510
1142039401,24.0008,31.598,476,30114,0.925267,1,2,15822296,15821820,476
1142185401,34.8671,36.5653,480,33445,0.94624,1,2,15824631,15824151,480
1142214601,23.5141,32.3421,469,34072,0.0452268,0.92,1,15825065,15824596,469
1142363521,3.23173,3.27697,422,37103,0.0436825,0.09,1,15826886,15826464,422
1142366441,41.0116,38.1638,425,37160,0.059473,0.09,1,15826929,15826504,425
1142518281,60.6769,59.6818,445,40009,0.770859,0.51,2,15828756,15828311,445
1142830721,119.387,81.9735,603,22717,0.799216,1,2,15833615,15833012,603
1142836561,58.866,76.4899,534,22903,0.433875,1,1,15833746,15833212,534
1142845321,49.8966,23.5458,534,23180,0.282408,1,1,15833871,15833337,534
1142938761,99.2704,46.41,559,25945,0.937283,0.81,2,15835750,15835191,559
1143035121,35.9748,22.876,542,28514,0.928503,1,2,15837541,15836999,542
1143587001,31.1821,1.68956,466,40162,0.23621,0.25,1,15845387,15844921,466
1143589921,37.6591,30.4845,472,40215,0.244484,0.23,1,15845425,15844953,472
1143598681,19.8858,19.6261,448,40372,0.225167,0.15,1,15845493,15845045,448
1143604521,77.1422,23.8466,506,40476,0.260427,0.15,1,15845596,15845090,506
1143995801,31.4975,20.1171,462,46947,0.209211,0.05,1,15849895,15849433,462
1144027921,19.1694,18.4451,431,47441,0.20204,0.17,1,15850171,15849740,431
1144033761,40.8979,39.9936,431,47529,0.273526,0.15,1,15850252,15849821,431
1144080481,42.8454,40.8979,435,48233,0.444417,0.31,1,15850687,15850252,435
1144527241,63.5356,62.5789,449,27266,0.793694,0.65,2,15855791,15855342,449
1144547681,89.1259,87.2256,458,27805,0.919261,0.75,2,15856132,15855674,458
1144702441,31.0851,43.23,452,31588,0.0333299,0.11,1,15858754,15858302,452
1144725801,85.0525,47.1454,509,32120,0.0857359,0.07,1,15859116,15858607,509
1144731641,30.9926,32.7029,452,32252,0.0821178,0.01,1,15859175,15858723,452
1144740401,24.1505,27.9127,445,32448,0.0525355,0.07,1,15859272,15858827,445
1144752081,48.9076,30.0039,471,32708,0.0612969,0.05,1,15859451,15858980,471
1144769601,26.1476,27.01,423,33094,0.0417634,0.03,1,15859671,15859248,423
1144787121,4.38825,4.34538,423,33476,0.0338267,0.05,1,15859876,15859453,423
1144790041,86.6694,85.7173,424,33539,0.0555307,0.05,1,15859967,15859543,424
1144801721,25.1976,26.1476,423,33791,0.0303656,0.07,1,15860094,15859671,423
1144804641,24.0599,24.1074,423,33854,0.0301462,0.01,1,15860118,15859695,423
1144810481,31.9802,31.9803,423,33978,0.0420234,0.07,1,15860220,15859797,423
1144822161,89.5172,86.6694,426,34226,0.0774438,0.07,1,15860393,15859967,426
1144851361,4.34099,48.8625,424,34839,0.0467882,0.07,1,15860721,15860297,424
1144857201,30.1734,89.5172,450,34961,0.0950861,0.07,1,15860843,15860393,450
1145029481,33.2143,92.3912,483,38363,0.944245,0.65,2,15863047,15862564,483
1145201761,21.1667,29.9433,481,41486,0.0805305,0.67,1,15865122,15864641,481
1145677721,515.545,552.975,488,21900,0.406,0.82,1,15870625,15870137,488
1145725901,65.4221,69.9891,486,22817,0.089584,0.35,1,15870860,15870374,486
1145737581,24.2593,31.055,430,23187,0.0258613,0.11,1,15871047,15870617,430
1145740501,76.263,48.1027,460,23278,0.0403445,0.05,1,15871126,15870666,460
1145743421,89.3131,76.5051,472,23369,0.0701378,0.07,1,15871216,15870744,472
1145758021,22.5422,29.185,447,23819,0.0277326,0.01,1,15871470,15871023,447
1145819341,49.3057,66.724,479,25623,0.232734,0.29,1,15872618,15872139,479
1145842701,51.2556,74.1144,481,26277,0.421482,0.25,1,15873051,15872570,481
1146023741,92.7482,87.8595,492,30875,0.787142,1,2,15876196,15875704,492
1146061701,33.1345,64.1669,474,31754,0.439635,0.31,1,15876800,15876326,474
1146292381,28.7191,32.2926,474,36643,0.0250642,1,1,15880112,15879638,474
1146309901,26.9353,31.7957,447,36987,0.0125327,0.37,1,15880297,15879850,447
1146333261,36.8843,53.6856,457,37443,0.0585382,0.05,1,15880624,15880167,457
1146344941,26.9352,25.7067,448,37667,0.0482026,0,1,15880718,15880270,448
1146347861,36.4968,26.9353,458,37723,0.061281,0.03,1,15880755,15880297,458
1146353701,55.7137,31.2748,478,37835,0.095005,0.05,1,15880843,15880365,478
1146750821,73.173,84.2614,505,44787,0.934,1,2,15885494,15884989,505
1146785861,13.0143,13.1836,501,45351,0.266286,1,1,15885833,15885332,501
1146829661,12.7644,12.3968,444,46042,0.0750568,0.23,1,15886264,15885820,444
1146832581,41.4882,12.9698,474,46088,0.0960227,0.13,1,15886307,15885833,474
1146882221,53.6862,31.5244,478,46859,0.216246,0.05,1,15886816,15886338,478
1146890981,20.7666,18.2321,442,46994,0.0961597,0,1,15886893,15886451,442
1146914341,8.34336,13.8198,435,47354,0.076431,0.13,1,15887102,15886667,435
1146923101,46.3658,42.4857,435,47487,0.0891316,0.29,1,15887168,15886733,435
1147385921,473.96,532.73,466,24820,0.411013,0.89,1,15891582,15891116,466
1147394681,24.8115,51.0008,462,25075,0.0591848,0.55,1,15891744,15891282,462
1147400521,63.902,67.2925,468,25244,0.0994696,0.15,1,15891853,15891385,468
1147450161,93.7253,67.6521,524,26636,0.222515,0.21,1,15892802,15892278,524
1147456001,11.3493,36.7916,443,26795,0.212002,0.25,1,15892846,15892403,443
1147517321,60.184,61.1364,446,28409,0.796447,0.51,2,15893892,15893446,446
1147701281,3.3026,33.054,443,32773,0.0894934,0.19,1,15896826,15896383,443
1147835601,41.0485,98.9699,490,35620,0.760197,0.61,2,15898719,15898229,490
1148031241,24.411,26.556,469,39397,0.288014,0.95,1,15901285,15900816,469
1148069201,23.2234,24.411,433,40088,0.282684,0.27,1,15901718,15901285,433
1148083801,38.3981,25.1609,469,40351,0.298066,0.13,1,15901861,15901392,469
1148098401,46.8521,26.0399,477,40611,0.427708,0.29,1,15902065,15901588,477
1148818181,34.3242,25.297,448,23899,0.213684,0.29,1,15909924,15909476,448
1148821101,71.0662,28.8148,492,23988,0.223474,0.21,1,15909997,15909505,492
1148999221,73.7552,70.3976,543,28882,0.91,1,2,15913351,15912808,543
1149010901,65.0107,31.7133,540,29174,0.204976,1,1,15913549,15913009,540
1149016741,31.8925,27.8668,509,29319,0.0531962,1,1,15913609,15913100,509
1149028421,57.6089,73.7552,523,29607,0.0557458,0.65,1,15913874,15913351,523
1149089741,20.3107,21.9732,425,31072,0.0480146,0.09,1,15914744,15914319,425
1149113101,68.2734,73.4686,489,31613,0.0514958,0.05,1,15915083,15914594,489
1149177341,64.498,65.3061,425,33054,0.017662,0.07,1,15915997,15915572,425
1149241581,65.3814,73.4419,494,34435,0.250283,0.19,1,15916849,15916355,494
1149516061,28.4173,59.2002,479,39791,0.212377,1,1,15920404,15919925,479
1149527741,23.0425,41.5555,458,40003,0.0421569,0.77,1,15920588,15920130,458
1149600741,69.4388,58.916,492,41302,0.0783147,0.05,1,15921419,15920927,492
1150148241,24.8142,52.3116,490,26945,0.0505238,0.98,1,15929082,15928592,490
1150227081,24.7973,42.8373,446,28992,0.0417908,0.01,1,15930351,15929905,446
1150244601,59.6876,128.662,481,29427,0.0418333,0.15,1,15930677,15930196,481
1150247521,38.1344,56.7831,465,29499,0.0347333,0.17,1,15930714,15930249,465
1150332201,63.3854,129.444,488,31513,0.438973,0.19,1,15931954,15931466,488
1150545361,42.4263,41.7228,486,36084,0.419603,1,1,15934973,15934487,486
1150554121,20.3116,29.0942,474,36259,0.0966946,0.97,1,15935144,15934670,474
1150574561,16.4759,22.5067,445,36665,0.0636156,0.47,1,15935362,15934917,445
1150577481,6.52379,12.5253,439,36723,0.0434462,0.37,1,15935368,15934929,439
1150606681,22.7627,33.3552,446,37294,0.0702599,0.05,1,15935767,15935321,446
1150609601,17.2881,25.4178,438,37351,0.0701039,0.07,1,15935784,15935346,438
1150618361,27.9915,40.2262,455,37520,0.0767267,0.17,1,15935865,15935410,455
1150638801,40.7656,42.0621,462,37912,0.219374,0.03,1,15936170,15935708,462
1150970221,101.827,102.882,508,19925,0.78952,1,2,15940226,15939718,508
1150976061,60.6271,85.0447,488,20137,0.768323,0.89,2,15940357,15939869,488
1150981901,31.8341,57.0701,471,20347,0.752932,0.77,2,15940454,15939983,471
1150990661,69.715,100.581,529,20658,0.910508,0.75,2,15940755,15940226,529
1151081181,40.6968,69.7937,513,23633,0.0660102,1,1,15942821,15942308,513
1151084101,26.7348,36.7397,504,23723,0.0444041,1,1,15942847,15942343,504
1151393621,42.5513,45.806,506,31815,0.40726,1,1,15948248,15947742,506
1151411141,31.6105,35.2078,506,32211,0.0313072,0.86,1,15948507,15948001,506
1151416981,55.7965,63.453,516,32343,0.0350091,0.55,1,15948616,15948100,516
1151422821,37.5695,34.0261,477,32473,0.0176015,0.31,1,15948682,15948205,477
1151513341,61.4928,51.8267,483,34435,0.024954,0.15,1,15949888,15949405,483
1151554221,32.2768,34.6387,458,35284,0.0234393,0.13,1,15950407,15949949,458
1151758621,66.1763,66.1288,458,39256,0.91796,0.73,2,15952943,15952485,458
1151761541,28.0088,28.0064,458,39310,0.913184,0.73,2,15952969,15952511,458
1151767381,36.265,36.265,458,39418,0.932109,0.81,2,15953009,15952551,458
1152272541,28.6471,23.8016,446,22380,0.0356994,0.03,1,15958911,15958465,446
1152284221,56.9358,73.0055,478,22757,0.0394579,0.11,1,15959151,15958673,478
1152290061,76.0948,77.7975,500,22943,0.0507133,0.03,1,15959306,15958806,500
1152295901,55.6227,28.647,479,23127,0.0405141,0.01,1,15959390,15958911,479
1152301741,95.6616,31.3266,521,23310,0.0916823,0.03,1,15959520,15958999,521
1152322181,96.6638,32.2311,525,23940,0.266368,0.09,1,15959946,15959421,525
1152967501,27.2317,31.2524,460,38849,0.265936,0.75,1,15970166,15969706,460
1153063861,43.2949,50.7985,493,40603,0.767622,0.61,2,15971325,15970832,493
1153303301,20.7637,28.1118,476,44664,0.0831977,1,1,15974062,15973586,476
1153306221,33.3382,33.7056,476,44711,0.0872791,0.9,1,15974096,15973620,476
1153317901,26.4445,33.2907,451,44899,0.0312743,0.57,1,15974238,15973787,451
1153443461,34.6129,45.2596,462,46876,0.280577,0.15,1,15975454,15974992,462
1153449301,27.3515,32.1281,457,46966,0.276492,0.19,1,15975515,15975058,457
1153452221,22.2676,27.2564,452,47011,0.272597,0.19,1,15975537,15975085,452
1153455141,22.0134,22.2628,452,47056,0.271039,0.19,1,15975559,15975107,452
1153460981,26.75,41.9982,454,47146,0.294166,0.15,1,15975627,15975173,454
1153601141,31.5953,44.8029,486,49245,0.910293,0.71,2,15976968,15976482,486
1153858101,16.8544,14.3068,434,24613,0.0262173,0.01,1,15979694,15979260,434
1153861021,69.2427,18.7653,487,24699,0.0284869,0.07,1,15979766,15979279,487
1153913581,69.4091,56.6164,497,26200,0.236391,0.13,1,15980742,15980245,497
1153936941,70.4112,58.1818,503,26840,0.410604,0.25,1,15981175,15980672,503
1154150101,35.4365,28.818,496,32089,0.400382,0.81,1,15984734,15984238,496
1154155941,43.6461,39.687,503,32221,0.403661,0.81,1,15984815,15984312,503
1154158861,83.8823,44.7344,544,32287,0.407464,0.59,1,15984901,15984357,544
1154605621,36.55,40.5451,509,41104,0.282917,1,1,15990934,15990425,509
1154611461,27.3089,30.1689,506,41206,0.0680667,1,1,15990994,15990488,506
1154637741,21.2889,28.3004,444,41665,0.0513639,0.51,1,15991285,15990841,444
1154672781,3.61413,3.57363,423,42268,0.0504401,0.03,1,15991659,15991236,423
1154678621,25.0415,21.2889,426,42368,0.0572704,0.09,1,15991711,15991285,426
1154687381,30.605,29.6569,426,42518,0.0999053,0.15,1,15991790,15991364,426
1154707821,21.5506,20.6505,423,42864,0.0552166,0.05,1,15992045,15991622,423
1154713661,3.56888,3.61413,422,42962,0.0508347,0.03,1,15992081,15991659,422
1154731181,31.0301,30.6049,457,43256,0.0735733,0.13,1,15992247,15991790,457
1154780821,37.9994,78.8326,458,44078,0.21283,0.07,1,15992805,15992347,458
1154956021,40.0946,79.0349,489,46861,0.92076,0.63,2,15994583,15994094,489
1155192541,14.2379,35.7443,459,23278,0.762732,0.59,2,15997208,15996749,459
1155201301,78.5549,87.2335,530,23550,0.902015,0.71,2,15997470,15996940,530
1155326861,34.1892,39.9445,489,27150,0.76338,1,2,15999966,15999477,489
1155580901,51.6734,41.7921,491,33252,0.91864,1,2,16004265,16003774,491
1155586741,33.9017,38.3895,491,33379,0.769782,1,2,16004330,16003839,491
1155615941,28.9218,32.0337,461,34007,0.031913,0.73,1,16004757,16004296,461
1155796981,30.1926,32.8995,476,37667,0.788517,0.51,2,16007038,16006562,476
1155832021,30.3376,33.8519,491,38335,0.904322,0.81,2,16007499,16007008,491
1156018901,37.4321,35.3259,497,41713,0.9232,1,2,16009840,16009343,497
1156021821,28.4716,34.0663,491,41764,0.92128,1,2,16009868,16009377,491
1156033501,26.2666,28.3448,490,41965,0.754577,1,2,16009994,16009504,490
1156121101,41.9486,40.0229,496,43449,0.918869,0.75,2,16010986,16010490,496
1156345941,33.5697,26.5466,496,47039,0.268295,0.83,1,16013468,16012972,496
1156480261,52.0377,31.7108,506,49057,0.785029,0.67,2,16014739,16014233,506
1156757661,27.4849,27.1501,440,24613,0.0898069,0.05,1,16017971,16017531,440
1156760581,48.8742,35.5575,454,24699,0.0899227,0.07,1,16018021,16017567,454
1156798541,55.8114,70.0841,485,25792,0.425003,0.25,1,16018734,16018249,485
1157046741,26.1468,35.0537,461,32023,0.0521266,0.23,1,16022975,16022514,461
1157058421,48.0119,50.3417,469,32287,0.0879744,0.05,1,16023154,16022685,469
1157061341,40.4006,48.1171,461,32353,0.0411898,0.03,1,16023194,16022733,461
1157070101,67.6047,60.179,491,32548,0.0772761,0.01,1,16023347,16022856,491
1157075941,24.2515,28.9354,449,32678,0.0375642,0.05,1,16023398,16022949,449
1157198581,67.0418,64.9837,518,35293,0.767969,0.61,2,16025096,16024578,518
1157213181,31.5813,4.57798,487,35592,0.759054,0.69,2,16025241,16024754,487
1157367941,37.0307,38.8597,520,38613,0.937053,1,2,16027316,16026796,520
1157484741,29.2918,33.8375,479,40742,0.758476,0.59,2,16028707,16028228,479
1157490581,39.5457,47.9646,492,40846,0.763356,0.65,2,16028797,16028305,492
1157721261,19.565,25.7376,475,44743,0.761411,1,2,16031468,16030993,475
1157727101,30.4489,38.5868,475,44837,0.775826,0.98,2,16031538,16031063,475
1158432281,26.0211,27.724,430,27848,0.245547,0.17,1,16039881,16039451,430
1158435201,33.6011,33.6862,430,27924,0.260219,0.21,1,16039915,16039485,430
1158467321,39.9389,57.7297,474,28747,0.43679,0.35,1,16040448,16039974,474
1158735961,13.7223,31.3627,468,34871,0.0386401,0.73,1,16044647,16044179,468
1158741801,36.8468,41.5934,483,34993,0.0601824,0.49,1,16044719,16044236,483
1158893641,65.9609,43.3656,521,38006,0.772821,0.67,2,16046680,16046159,521
1159100961,35.0322,35.9666,494,41767,0.753353,1,2,16049271,16048777,494
1159121401,34.1296,34.278,485,42118,0.0971755,0.96,1,16049507,16049022,485
1159130161,31.9813,33.1023,469,42268,0.0182192,0.95,1,16049595,16049126,469
1159372521,36.352,42.0449,491,46228,0.905906,0.73,2,16052092,16051601,491
1159392961,40.2511,43.1195,500,46546,0.907421,0.81,2,16052334,16051834,500
1159622181,36.3089,22.8104,438,23278,0.0246102,0.03,1,16054879,16054441,438
1159625101,91.1154,34.3905,497,23369,0.0518441,0.05,1,16054973,16054476,497
1160474821,18.6602,29.5886,457,42165,0.0324705,0.63,1,16067806,16067349,457
1160550741,36.9383,36.6213,459,43449,0.0337626,0.03,1,16068603,16068144,459
1160556581,16.8123,31.2991,439,43547,0.030602,0.07,1,16068651,16068212,439
1160769741,35.1044,37.9907,483,46949,0.773274,0.59,2,16070813,16070330,483
1161050061,26.2943,30.2729,482,51078,0.417027,0.97,1,16073627,16073145,482
1161064661,13.7613,17.6688,460,51283,0.251038,0.67,1,16073740,16073280,460
1161193141,28.5439,19.779,460,53061,0.406981,0.23,1,16074866,16074406,460
1161196061,29.9272,27.5889,462,53101,0.408792,0.23,1,16074896,16074434,462
1161353741,33.7748,29.4964,489,55198,0.913095,0.75,2,16076246,16075757,489
1161547921,536.256,514.816,534,26280,0.928,0.99,2,16077975,16077441,534
1161556681,37.2975,65.0515,494,27244,0.794512,1,2,16078128,16077634,494
1161769841,28.31,40.7611,469,32429,0.0970612,0.33,1,16081716,16081247,469
1161895401,39.9164,58.1832,491,35123,0.9091,0.67,2,16083448,16082957,491
1161910001,32.0009,32.9638,488,35423,0.908839,0.75,2,16083651,16083163,488
1162050161,37.8567,36.7705,519,38180,0.9436,1,2,16085555,16085036,519
1162056001,30.9221,32.0594,514,38290,0.768976,1,2,16085615,16085101,514
1162079361,19.088,31.3591,477,38730,0.0506646,1,1,16085883,16085406,477
1162091041,18.8922,29.4428,455,38947,0.018529,0.69,1,16086039,16085584,455
1162164041,35.8385,32.8678,457,40281,0.056012,0.03,1,16086864,16086407,457
1162169881,26.6421,19.8422,448,40385,0.0389619,0.01,1,16086910,16086462,448
1162172801,39.3321,26.6421,461,40437,0.0575848,0.07,1,16086950,16086489,461
1162175721,40.9166,36.4821,465,40489,0.0890339,0.01,1,16086991,16086526,465
1162181561,32.1648,33.5312,455,40593,0.0610454,0.07,1,16087058,16086603,455
1162388881,33.3425,37.8511,489,44132,0.917033,0.73,2,16089313,16088824,489
1162615181,30.253,19.2417,474,21370,0.095248,0.19,1,16092031,16091557,474
1162772861,88.7872,26.7938,540,26192,0.798392,0.57,2,16095132,16094592,540
1162796221,88.8824,27.7443,553,26832,0.914239,0.81,2,16095593,16095040,553
1163114501,36.8196,18.1281,523,34375,0.418881,1,1,16100815,16100292,523
1163546661,7.53311,7.53753,423,21758,0.0939532,0.07,1,16107401,16106978,423
1163555421,53.2461,52.1939,429,22049,0.209773,0.11,1,16107609,16107180,429
1163599221,57.8174,54.2958,496,23450,0.448932,0.41,1,16108536,16108040,496
1163771501,37.2334,42.6417,481,28288,0.231214,1,1,16111881,16111400,481
1163797781,32.2754,41.6673,464,28954,0.052594,0.13,1,16112308,16111844,464
1163949621,40.6545,91.9933,483,32537,0.773634,0.49,2,16114650,16114167,483
1164259141,28.2043,35.6607,464,38823,0.0315093,0.73,1,16118945,16118481,464
1164337981,26.2008,29.882,450,40267,0.0273148,0.11,1,16119819,16119369,450
1164346741,27.52,34.5006,456,40423,0.0490281,0.21,1,16119910,16119454,456
1164355501,35.6332,36.3537,457,40579,0.0758578,0.03,1,16119997,16119540,457
1164358421,30.2817,34.1177,453,40631,0.0363431,0.01,1,16120027,16119574,453
1164370101,68.3293,36.5884,491,40839,0.0378424,0.05,1,16120186,16119695,491
1164884021,29.5124,22.3511,489,49097,0.0371117,0.65,1,16125531,16125042,489
1164957021,25.6297,19.5033,447,50159,0.0203734,0.07,1,16126210,16125763,447
1165082581,61.3256,29.4596,487,51937,0.296739,0.11,1,16127287,16126800,487
1165710381,29.5529,1.92316,467,31368,0.0623924,0.29,1,16134450,16133983,467
1165730821,84.3384,33.7284,509,31837,0.0765678,0.03,1,16134766,16134257,509
1165760021,87.2335,33.7682,513,32494,0.237847,0.11,1,16135192,16134679,513
1165771701,21.3919,29.5484,452,32754,0.215129,0.17,1,16135324,16134872,452
1165876821,24.3276,32.4486,472,35003,0.789615,0.57,2,16136703,16136231,472
1165882661,65.8008,61.0236,516,35123,0.929138,0.61,2,16136833,16136317,516
1166300221,26.4994,26.2477,440,19642,0.0383584,0,1,16142441,16142001,440
1166308981,68.8261,121.734,488,19964,0.0444549,0.03,1,16142729,16142241,488
1166314821,58.7871,54.7393,481,20176,0.0251128,0.05,1,16142842,16142361,481
1166323581,122.515,94.425,547,20490,0.0364072,0.05,1,16143086,16142539,547
1166338181,89.7297,23.8394,519,21002,0.0250832,0,1,16143383,16142864,519
1167992361,92.5992,26.0942,531,26589,0.44067,0.35,1,16166181,16165650,531
1168205521,32.2876,24.6175,485,31881,0.0399768,0.45,1,16169797,16169312,485
1168225961,70.8624,50.1666,495,32343,0.0471235,0.03,1,16170137,16169642,495
1168231801,18.7497,33.0429,440,32473,0.0207398,0.07,1,16170186,16169746,440
1168319401,47.0705,63.7905,469,34373,0.061398,0.03,1,16171332,16170863,469
1168339841,28.2044,31.1389,450,34801,0.0563193,0.05,1,16171578,16171128,450
1168342761,3.31022,29.1069,423,34862,0.0525277,0.05,1,16171580,16171157,423
1168348601,69.4058,56.2178,493,34984,0.0648044,0.09,1,16171711,16171218,493
1169043561,70.0196,68.2037,522,23456,0.751189,0.69,2,16180849,16180327,522
1169367681,26.0774,47.2574,497,31949,0.202993,1,1,16186729,16186232,497
1169662601,38.4531,71.3201,507,38056,0.227864,0.99,1,16190867,16190360,507
1169674281,30.0383,34.7538,490,38277,0.0979453,0.75,1,16190986,16190496,490
1169677201,25.2519,31.1877,484,38332,0.0931781,0.69,1,16191011,16190527,484
1169820281,26.5035,35.0151,484,40946,0.758584,0.75,2,16192688,16192204,484
1169834881,42.621,56.3671,497,41202,0.789371,0.69,2,16192871,16192374,497
1170053881,20.2805,48.4281,429,21055,0.0406755,0.05,1,16195570,16195141,429
1170074321,20.2759,20.2805,422,21750,0.0164892,0.03,1,16195992,16195570,422
1170077241,32.3638,32.364,422,21848,0.0365957,0.05,1,16196025,16195603,422
1170086001,77.6808,80.4785,422,22138,0.0755421,0,1,16196260,16195838,422
1170088921,73.234,73.3739,422,22234,0.0482168,0.03,1,16196333,16195911,422
1170091841,63.5117,63.5187,422,22329,0.0372867,0.01,1,16196396,16195974,422
1170109361,72.8524,77.677,494,22893,0.0726615,0.03,1,16196754,16196260,494
1170112281,63.4926,73.2338,484,22986,0.0350646,0.03,1,16196817,16196333,484
1170115201,20.2746,63.5117,439,23078,0.0320258,0.05,1,16196835,16196396,439
1170123961,72.2405,89.1132,500,23352,0.0680497,0.17,1,16197041,16196541,500
1170129801,67.0131,70.0478,494,23533,0.0420879,0.03,1,16197175,16196681,494
1170144401,73.2855,95.8107,496,23980,0.0874742,0.09,1,16197466,16196970,496
1171313861,30.8883,76.3034,436,21764,0.04217,0.03,1,16213689,16213253,436
1171343061,61.5757,88.4109,487,22720,0.243905,0.13,1,16214293,16213806,487
1171363501,62.7155,91.5145,494,23365,0.443522,0.25,1,16214727,16214233,494
1171529941,30.5942,36.7426,475,28068,0.438229,0.86,1,16217960,16217485,475
1171532861,25.2797,28.4371,472,28143,0.433292,0.87,1,16217985,16217513,472
1171748941,43.2787,48.6792,486,33248,0.928432,1,2,16221525,16221039,486
1171775221,34.8027,40.4652,482,33816,0.210554,0.93,1,16221896,16221414,482
1171950421,42.7546,56.0906,502,37383,0.946816,0.87,2,16224217,16223715,502
1172090581,24.4135,30.2106,483,40005,0.932646,1,2,16226010,16225527,483
1172207381,22.9117,22.8643,454,42064,0.757192,0.71,2,16227376,16226922,454
1172210301,58.1456,57.1932,455,42114,0.776877,0.67,2,16227436,16226981,455
1172213221,27.6073,27.5597,455,42164,0.760751,0.67,2,16227462,16227007,455
1172216141,31.7804,31.778,455,42214,0.7783,0.67,2,16227494,16227039,455
1172245341,40.2843,40.2345,457,42713,0.948868,0.77,2,16227811,16227354,457
1172443901,22.2362,28.001,456,45949,0.0956034,0.65,1,16230010,16229554,456
1172470181,37.4728,30.5986,463,46363,0.208323,0.05,1,16230294,16229831,463
1172883361,496.416,532,467,23360,0.42339,0.87,1,16234330,16233863,467
1172906721,35.9247,37.5093,439,24785,0.205521,0.03,1,16234754,16234315,439
1172947601,85.7421,61.8392,518,25956,0.427206,0.23,1,16235567,16235049,518
1173140321,29.9828,29.2008,499,30879,0.0994154,0.96,1,16238924,16238425,499
1173444001,32.3798,35.1533,508,37332,0.775023,0.9,2,16243185,16242677,508
1173476121,20.6878,31.9087,480,37950,0.752297,0.83,2,16243612,16243132,480
1173487801,51.2893,35.8959,510,38173,0.927851,0.69,2,16243803,16243293,510
1173668841,29.0002,31.1159,489,41461,0.414652,0.75,1,16246047,16245558,489
1173674681,3.1125,25.3953,457,41563,0.405944,0.67,1,16246073,16245616,457
1173788561,31.8696,29.2946,487,43501,0.903943,0.69,2,16247367,16246880,487
1173803161,44.7528,38.1555,504,43742,0.921631,0.79,2,16247508,16247004,504
1174010481,32.2822,27.9674,443,21861,0.059504,0.05,1,16250067,16249624,443
1174045521,108.864,68.2905,532,22999,0.276299,0.07,1,16250851,16250319,532
1174252841,32.6797,35.0547,513,28813,0.0988284,1,1,16254770,16254257,513
1174401761,73.4687,75.6283,520,32345,0.759498,0.59,2,16257081,16256561,520
1174579881,37.9422,32.9098,492,36117,0.268169,1,1,16259654,16259162,492
1174588641,26.7757,27.9104,489,36292,0.0562828,0.95,1,16259735,16259246,489
1174626601,18.438,19.3888,422,37041,0.0481946,0.09,1,16260176,16259754,422
1174644121,27.4926,57.6986,447,37383,0.0491017,0.09,1,16260441,16259994,447
1174673321,33.9535,72.9196,453,37944,0.0504278,0.05,1,16260779,16260326,453
1175105481,123.04,120.098,499,20544,0.2044,1,1,16265793,16265294,499
1175111321,52.9851,61.3852,493,20750,0.062704,0.69,1,16265933,16265440,493
1175131761,52.0704,52.9587,424,21455,0.045796,0.07,1,16266357,16265933,424
1175134681,59.6035,58.6979,425,21554,0.0603184,0.07,1,16266417,16265992,425
1175152201,51.2017,52.0704,423,22138,0.0244448,0.07,1,16266780,16266357,423
1175155121,61.4601,59.6035,425,22234,0.0637779,0.09,1,16266842,16266417,425
1175178481,63.9676,61.4599,487,22986,0.264432,0.11,1,16267329,16266842,487
1175409161,111.327,79.4859,579,29385,0.925916,0.85,2,16271774,16271195,579
1175537641,45.8314,66.0648,516,32404,0.448862,1,1,16273845,16273329,516
1175555161,6.52117,53.6185,477,32794,0.0223864,0.84,1,16274032,16273555,477
1176553801,62.3403,72.4976,485,23640,0.208427,0.11,1,16286223,16285738,485
1176641401,86.9373,86.6997,536,26196,0.794617,0.59,2,16287862,16287326,536
1176764041,22.6424,82.4444,473,29399,0.407604,0.65,1,16290050,16289577,473
1177029761,20.6198,31.9165,449,35350,0.0646647,0.01,1,16294103,16293654,449
1177038521,50.4595,42.146,473,35530,0.0782985,0.01,1,16294220,16293747,473
1177044361,29.0061,29.1754,450,35648,0.0737278,0.03,1,16294277,16293827,450
1177047281,3.35031,29.0088,423,35707,0.0594911,0,1,16294279,16293856,423
1177158241,76.6739,35.3242,500,37891,0.0596997,0.05,1,16295664,16295164,500
1177169921,22.5768,32.5896,444,38115,0.0315283,0.03,1,16295799,16295355,444
1177307161,80.8065,39.1296,537,40635,0.75782,0.73,2,16297430,16296893,537
1177546601,77.6187,32.3786,502,20965,0.0486043,0.09,1,16301006,16300504,502
1177599161,86.8663,77.1336,513,22717,0.428829,0.21,1,16302103,16301590,513
1177771441,32.4062,25.4228,487,27685,0.0739515,1,1,16305510,16305023,487
1177809401,87.3902,38.7127,511,28662,0.223105,0.15,1,16306133,16305622,511
1178270761,31.8228,28.5476,500,38605,0.0538648,1,1,16312896,16312396,500
1179175961,26.232,14.8807,435,24613,0.0409103,0.05,1,16322575,16322140,435
1179178881,74.4616,52.044,458,24699,0.0583641,0.15,1,16322652,16322194,458
1179190561,35.3875,39.1279,423,25041,0.0302461,0.01,1,16322880,16322457,423
1179205161,77.7238,75.9231,424,25461,0.0720697,0.03,1,16323152,16322728,424
1179500081,3.43671,36.127,423,32808,0.0422646,0.07,1,16328010,16327587,423
1179540961,37.7368,36.7916,423,33698,0.0440532,0,1,16328591,16328168,423
1179543881,34.1868,35.0896,422,33761,0.0176213,0.03,1,16328625,16328203,422
1179546801,51.1093,49.2545,424,33824,0.0250485,0.09,1,16328677,16328253,424
1179704481,86.8862,85.889,430,37047,0.272557,0.21,1,16330683,16330253,430
1179812521,89.8316,89.7841,454,39102,0.937386,0.65,2,16332014,16331560,454
1180329361,73.4292,76.0134,448,22093,0.0876953,0.03,1,16338003,16337555,448
1180341041,42.9876,72.9334,422,22475,0.030709,0.05,1,16338221,16337799,422
1180370241,71.6544,100.285,494,23401,0.0858973,0.01,1,16338848,16338354,494
1180384841,27.8063,43.0327,450,23851,0.0828732,0.01,1,16339093,16338643,450
1180472441,72.2493,56.989,521,26388,0.772099,0.63,2,16340775,16340254,521
1180478281,29.9631,48.07,481,26548,0.758336,0.65,2,16340851,16340370,481
1180633041,27.6254,36.4328,466,30489,0.057121,0.81,1,16343569,16343103,466
1180662241,25.7681,27.6254,423,31175,0.0342425,0,1,16343992,16343569,423
1180673921,98.7777,39.9586,526,31446,0.0505566,0.09,1,16344192,16343666,526
1180688521,40.3044,28.2201,462,31781,0.0493337,0.05,1,16344388,16343926,462
1180703121,97.925,37.5543,525,32112,0.0575004,0.05,1,16344615,16344090,525
1180717721,43.0571,27.0873,465,32440,0.0425312,0.07,1,16344812,16344347,465
1180732321,99.8225,39.4996,525,32765,0.0918563,0.07,1,16345039,16344514,525
1181000961,112.146,46.3878,591,38245,0.9076,1,2,16348697,16348106,591
1181041841,28.3246,34.1073,466,39011,0.449693,0.82,1,16349193,16348727,466
1181106081,38.0843,38.0367,485,40186,0.770678,0.59,2,16349904,16349419,485
1181333841,26.2807,36.6587,482,44093,0.0186997,0.59,1,16352589,16352107,482
1182123701,525.541,545.541,507,24820,0.766,1,2,16360204,16359697,507
1182307661,39.297,31.2399,496,30331,0.0715598,1,1,16363543,16363047,496
1182339781,27.5181,27.6148,423,31090,0.0515424,0.05,1,16363993,16363570,423
1182345621,58.8263,57.924,423,31226,0.0670468,0.05,1,16364090,16363667,423
1182453661,72.1637,74.9188,436,33641,0.438634,0.35,1,16365611,16365175,436
1182736901,27.7702,35.9076,426,39268,0.0715062,0.03,1,16369422,16368996,426
1182739821,27.0385,31.2454,422,39322,0.0346025,0.05,1,16369449,16369027,422
1182748581,56.7564,57.6594,422,39484,0.0826146,0.07,1,16369557,16369135,422
1182751501,34.1878,34.233,422,39537,0.0330458,0.03,1,16369590,16369168,422
1182754421,29.2594,29.2616,422,39590,0.0192183,0.03,1,16369619,16369197,422
1182763181,42.1884,42.2787,422,39749,0.04899,0.01,1,16369730,16369308,422
1182766101,32.5094,32.5139,422,39802,0.037596,0.09,1,16369762,16369340,422
1182842021,34.1294,39.3433,455,41159,0.039769,0.01,1,16370606,16370151,455
1182847861,23.5503,33.9184,446,41261,0.038763,0.05,1,16370663,16370217,446
1182859541,13.7931,30.8067,434,41465,0.0331523,0.03,1,16370762,16370328,434
1182900421,13.5603,13.7931,422,42172,0.0297498,0.09,1,16371184,16370762,422
1182903341,65.278,63.3897,424,42222,0.0538999,0.09,1,16371252,16370828,424
1182906261,5.1639,5.06948,424,42272,0.03956,0.05,1,16371254,16370830,424
1182909181,25.9082,24.9535,425,42322,0.045824,0.07,1,16371281,16370856,425
1182955901,38.5398,26.6648,464,43113,0.0648816,0.01,1,16371773,16371309,464
1182973421,29.7228,25.3529,455,43407,0.0620072,0.11,1,16371965,16371510,455
1182996781,39.4898,29.7955,463,43793,0.0870992,0.07,1,16372197,16371734,463
1183183661,39.9468,37.1289,488,46774,0.793906,0.59,2,16374087,16373599,488
1183503401,29.8197,19.4712,436,24076,0.0814104,0.13,1,16377467,16377031,436
1183558881,52.2701,35.296,487,25697,0.414494,0.33,1,16378513,16378026,487
1183561801,78.6135,51.1648,515,25779,0.435798,0.25,1,16378593,16378078,515
1183567641,55.6765,49.6229,489,25943,0.423728,0.33,1,16378697,16378208,489
1183845041,3.77844,39.899,460,32798,0.0263084,0.55,1,16383367,16382907,460
1183920961,51.3539,88.6386,478,34435,0.086561,0.09,1,16384415,16383937,478
1183929721,50.9597,34.0995,473,34618,0.0691399,0.01,1,16384532,16384059,473
1183935561,28.3424,33.9052,450,34740,0.0314624,0.05,1,16384594,16384144,450
1183953081,51.5463,96.0787,475,35104,0.070614,0.09,1,16384841,16384366,475
1183956001,36.7773,51.3539,462,35164,0.0462456,0.15,1,16384877,16384415,462
1183964761,33.8388,50.9597,455,35344,0.0329597,0.01,1,16384987,16384532,455
1183973521,3.77573,35.6171,425,35524,0.0141094,0.03,1,16385055,16384630,425
1184026081,39.7222,36.82,429,36580,0.204933,0.23,1,16385730,16385301,429
1184031921,47.9793,49.7771,429,36696,0.283589,0.19,1,16385807,16385378,429
1184323921,59.0089,58.9973,494,42062,0.943145,1,2,16389415,16388921,494
1184426121,26.7921,38.9903,481,43784,0.781648,0.71,2,16390532,16390051,481
1184443641,29.6793,78.6405,485,44072,0.798652,0.73,2,16390734,16390249,485
1184653881,5.08817,11.0919,483,47397,0.752694,1,2,16392969,16392486,483
1184656801,2.15441,4.35459,481,47441,0.751078,1,2,16392971,16392490,481
1184659721,19.1077,8.76773,492,47485,0.774431,1,2,16392991,16392499,492
1185056841,87.564,39.326,543,25861,0.918896,0.73,2,16398153,16397610,543
1185191161,31.9309,32.7939,497,29391,0.447164,0.85,1,16400586,16400089,497
1185287521,99.994,60.925,555,31680,0.902195,0.69,2,16402108,16401553,555
1185439361,37.992,37.9976,512,34984,0.78424,1,2,16404369,16403857,512
1185456881,24.2791,34.1811,498,35344,0.0624884,1,1,16404615,16404117,498
1185491921,21.5448,24.2791,422,36056,0.0231195,0.03,1,16405037,16404615,422
1185494841,85.6272,84.814,423,36115,0.0392478,0.03,1,16405126,16404703,423
1185524041,30.1366,31.8964,423,36696,0.0296201,0.03,1,16405439,16405016,423
1185532801,25.1384,27.0814,422,36868,0.0131757,0.07,1,16405572,16405150,422
1185538641,32.8378,32.7002,425,36982,0.0753081,0.07,1,16405635,16405210,425
1185541561,32.0419,32.035,425,37039,0.0481232,0.07,1,16405667,16405242,425
1185544481,3.50209,3.50175,425,37096,0.0372493,0.07,1,16405669,16405244,425
1185553241,28.5551,77.0122,447,37267,0.099584,0.09,1,16405798,16405351,447
1185562001,22.4521,30.1365,444,37438,0.0253334,0.03,1,16405883,16405439,444
1185576601,30.2393,32.8378,454,37718,0.0684674,0.03,1,16406089,16405635,454
1185614561,3.4122,30.2393,426,38440,0.0662316,0.07,1,16406515,16406089,426
1185716761,25.8481,80.8594,452,40320,0.426748,0.21,1,16407691,16407239,452
1185813121,82.9439,80.9963,457,42012,0.790771,0.71,2,16408810,16408353,457
1186037961,27.1004,32.8104,451,45718,0.441097,0.57,1,16411319,16410868,451
1186040881,24.155,27.2905,448,45764,0.434439,0.49,1,16411343,16410895,448
1186105121,28.1401,28.8957,474,46767,0.774884,0.51,2,16411980,16411506,474
1186454061,20.9699,16.7192,429,24076,0.0193656,0.07,1,16415678,16415249,429
1186512461,86.0599,68.2363,514,25779,0.252903,0.17,1,16416808,16416294,514
1186728541,47.0307,46.1913,478,31276,0.0870897,1,1,16420549,16420071,478
1186871621,62.8193,57.3354,519,34435,0.776598,0.77,2,16422551,16422032,519
1186903741,65.8141,59.385,524,35104,0.943767,0.81,2,16423012,16422488,524
1187043901,27.3902,35.2912,512,37886,0.9208,1,2,16424917,16424405,512
1187067261,26.5,34.2888,509,38330,0.0778665,1,1,16425269,16424760,509
1187122741,3.62323,3.6185,425,39364,0.048836,0.07,1,16425844,16425419,425
1187143181,29.9553,29.1405,425,39738,0.0654741,0.17,1,16426121,16425696,425
1187184061,31.7556,29.9553,454,40476,0.22954,0.05,1,16426575,16426121,454
1187330061,68.6032,66.7031,458,43005,0.90674,0.73,2,16428173,16427715,458
1187560741,15.8797,34.7411,456,46722,0.0880009,0.39,1,16430713,16430257,456
1187604541,3.62895,32.5933,427,47397,0.0579186,0.11,1,16431125,16430698,427
1187808941,35.7288,34.801,437,50412,0.419785,0.31,1,16432969,16432532,437
1187814781,38.0893,36.187,439,50496,0.440366,0.35,1,16433028,16432589,439
1188255701,29.1802,35.885,433,56442,0.413244,0.23,1,16437024,16436591,433
1188366661,29.3678,36.3574,476,57842,0.751543,0.53,2,16437913,16437437,476
1188661581,27.1518,28.0553,463,28766,0.402264,0.53,1,16440631,16440168,463
1188667421,75.7829,62.6276,474,28913,0.411162,0.49,1,16440743,16440269,474
1188974021,24.8857,32.2272,422,35783,0.0999741,0.13,1,16445369,16444947,422
1189003221,33.5342,36.2869,427,36369,0.219898,0.11,1,16445768,16445341,427
1189026581,42.6786,40.7264,430,36832,0.284845,0.19,1,16446071,16445641,430
1189052861,56.623,47.8828,487,37345,0.410315,0.21,1,16446395,16445908,487
1189720081,72.3262,93.7308,503,22943,0.425403,0.29,1,16454467,16453964,503
1190064641,28.3084,32.3702,502,32046,0.0238258,1,1,16460750,16460248,502
1190073401,38.7659,56.2678,505,32244,0.0444849,0.83,1,16460902,16460397,505
1190090921,34.1084,37.3784,456,32635,0.0410206,0,1,16461144,16460688,456
1190131801,5.20268,5.10339,426,33531,0.0374377,0.03,1,16461665,16461239,426
1190143481,35.1056,30.3084,430,33783,0.0405584,0.17,1,16461841,16461411,430
1190181441,40.4606,47.3553,465,34587,0.21989,0.13,1,16462354,16461889,465
1190213561,40.513,49.2124,471,35253,0.410854,0.25,1,16462785,16462314,471
1190441321,72.5434,70.8992,495,39656,0.934,1,2,16465765,16465270,495
1190485121,28.1605,35.9272,494,40447,0.0647289,0.76,1,16466293,16465799,494
1190517241,75.0862,38.9685,501,41019,0.244332,0.05,1,16466662,16466161,501
1191149421,28.8673,36.2601,473,25289,0.0365085,0.76,1,16474478,16474005,473
1191152341,25.1934,35.063,463,25373,0.0326034,0.88,1,16474503,16474040,463
1191155261,17.4097,22.6532,458,25457,0.0310414,0.88,1,16474520,16474062,458
1191161101,90.151,58.9566,545,25623,0.0541666,0.41,1,16474669,16474124,545
1191175701,23.1536,28.8673,446,26034,0.0126027,0.03,1,16474924,16474478,446
1191184461,90.2458,55.0205,515,26277,0.0620066,0.07,1,16475092,16474577,515
1191199061,23.1086,26.072,445,26678,0.0548077,0.01,1,16475346,16474901,445
1191201981,16.3554,23.1536,438,26757,0.0519231,0.05,1,16475362,16474924,438
1191237021,6.55467,6.55705,423,27692,0.0468118,0.09,1,16475942,16475519,423
1191239941,46.8777,45.9279,424,27768,0.0847247,0.09,1,16475991,16475567,424
1191272061,100.727,54.5783,530,28595,0.234125,0.15,1,16476576,16476046,530
1191803501,23.8444,24.6845,475,39848,0.0924372,0.92,1,16484240,16483765,475
1191815181,14.0536,18.811,465,40060,0.0428304,0.89,1,16484348,16483883,465
1191826861,49.0419,31.1767,505,40271,0.0572085,0.55,1,16484481,16483976,505
1191864821,46.3796,30.8388,472,40947,0.0556004,0.07,1,16484903,16484431,472
1191870661,51.5584,44.2521,473,41050,0.0796961,0.07,1,16484998,16484525,473
1192532041,95.4618,83.0667,489,23451,0.280739,0.59,1,16491933,16491444,489
1192543721,57.3304,73.916,451,23810,0.0604189,0.11,1,16492186,16491735,451
1192549561,39.1883,50.4398,443,23988,0.030067,0.17,1,16492267,16491824,443
1192631321,58.3685,85.3221,485,26349,0.422673,0.17,1,16493782,16493297,485
1193072241,70.1496,97.4881,486,36522,0.787701,1,2,16500735,16500249,486
1193104361,33.9373,34.9924,460,37153,0.757433,0.89,2,16501123,16500663,460
1193116041,44.6484,36.9362,501,37381,0.758734,0.71,2,16501307,16500806,501
1193340881,34.6266,32.346,490,41506,0.211645,0.63,1,16504163,16503673,490
1193965761,530.748,546.032,509,23360,0.79,1,2,16510815,16510306,509
1193980361,58.6618,73.5153,492,23810,0.072208,0.87,1,16511147,16510655,492
1194009561,31.2589,30.2142,426,24685,0.0638463,0.09,1,16511674,16511248,426
1194047521,47.3659,74.1737,472,25779,0.238397,0.13,1,16512366,16511894,472
1194067961,76.2161,79.3695,505,26349,0.442581,0.21,1,16512752,16512247,505
1194257761,51.0689,62.6034,488,31140,0.433087,1,1,16516021,16515533,488
1194263601,38.0327,31.8865,485,31276,0.204894,1,1,16516097,16515612,485
1194327841,79.6903,37.6153,508,32733,0.227243,0.15,1,16517068,16516560,508
1195218441,27.7741,16.3447,441,22569,0.0698361,0.05,1,16527953,16527512,441
1195221361,73.5887,24.5672,492,22663,0.0699344,0.05,1,16528029,16527537,492
1195320641,76.1813,38.1765,508,25653,0.201051,0.21,1,16529933,16529425,508
1195589281,29.2707,21.4631,472,32375,0.0403832,0.33,1,16534465,16533993,472
1195592201,57.5135,34.3232,496,32440,0.0821533,0.11,1,16534524,16534028,496
1195618481,16.4024,15.4149,424,33022,0.0707748,0.05,1,16534859,16534435,424
1195621401,29.3201,29.2707,424,33086,0.0943099,0.11,1,16534889,16534465,424
1195755721,59.5514,57.5639,428,35907,0.219624,0.13,1,16536657,16536229,428
1195898801,65.7394,67.4364,458,38685,0.948906,0.69,2,16538441,16537983,458
1195904641,34.2218,34.2736,457,38795,0.942625,0.71,2,16538512,16538055,457
1196024361,40.6077,37.6482,513,40967,0.946,1,2,16540005,16539492,513
1196161601,34.0498,36.021,513,43321,0.928,1,2,16541676,16541163,513
1196190801,16.5698,26.5512,496,43805,0.0671171,1,1,16541990,16541494,496
1196785021,105.941,81.0642,502,24178,0.2044,0.93,1,16547868,16547366,502
1196787941,61.347,71.5032,490,24266,0.09976,0.75,1,16547927,16547437,490
1196793781,51.4534,61.2163,475,24440,0.0963616,0.49,1,16548038,16547563,475
1196834661,61.9333,79.8902,488,25627,0.412487,0.21,1,16548781,16548293,488
1197056581,24.1935,28.5924,473,31288,0.0862155,0.97,1,16552656,16552183,473
1197109141,54.7708,30.5106,482,32483,0.263114,0.15,1,16553439,16552957,482
1197231781,61.5537,50.1275,521,35113,0.936832,0.75,2,16555135,16554614,521
1197366101,23.6714,23.2468,503,37782,0.430694,1,1,16556952,16556449,503
1197436181,12.441,13.479,428,39102,0.403182,0.13,1,16557795,16557367,428
1197442021,31.6186,28.7237,432,39210,0.404109,0.23,1,16557852,16557420,432
1197453701,46.711,45.7585,435,39426,0.448153,0.27,1,16557982,16557547,435
1197532541,69.8808,48.6155,521,40846,0.77652,0.63,2,16558947,16558426,521
1198005581,34.2657,37.5643,438,22475,0.0186998,0.03,1,16564494,16564056,438
1198011421,106.058,51.7264,518,22663,0.028192,0,1,16564654,16564136,518
1198737041,157.238,102.868,591,20344,0.267908,0.27,1,16577280,16576689,591
1198912241,36.2325,55.203,509,25860,0.0465934,0.93,1,16581075,16580566,509
1198923921,33.1514,48.4762,488,26186,0.00647279,0.67,1,16581247,16580759,488
1199414481,57.1859,112.635,531,37380,0.0581237,1,1,16588578,16588047,531
1199417401,30.4093,63.5817,499,37437,0.0412495,0.97,1,16588607,16588108,499
1199639321,63.1815,102.731,515,41505,0.925732,0.71,2,16591202,16590687,515
1199642241,5.05908,59.2865,460,41556,0.916293,0.77,2,16591204,16590744,460
1200112361,59.0468,82.7726,513,28949,0.91953,0.79,2,16599070,16598557,513
1200118201,36.4376,43.6694,495,29095,0.904325,0.83,2,16599150,16598655,495
1200270041,34.7891,31.9386,472,32664,0.277581,0.25,1,16601606,16601134,472
1200366401,37.8273,32.6441,494,34737,0.906087,0.71,2,16602950,16602456,494
1200544521,25.1101,28.4041,483,38273,0.0839713,0.65,1,16605363,16604880,483
1200602921,3.81824,3.77323,424,39362,0.0367616,0.07,1,16606015,16605591,424
1200605841,38.1909,38.1887,424,39416,0.0447047,0.09,1,16606055,16605631,424
1200608761,45.6095,43.7094,426,39470,0.0598819,0.11,1,16606101,16605675,426
1200611681,28.8805,28.7855,426,39524,0.0539527,0.11,1,16606129,16605703,426
1200617521,25.2947,28.192,422,39630,0.0338324,0.05,1,16606185,16605763,422
1200626281,49.852,48.8953,426,39789,0.0662453,0.09,1,16606293,16605867,426
1201429281,109.766,132.453,471,21900,0.2668,0.13,1,16614841,16614370,471
1201462861,54.5744,56.473,444,24353,0.0480621,0.03,1,16615388,16614944,444
1201465781,78.7287,71.2237,452,24440,0.0492248,0.03,1,16615468,16615016,452
1203387141,204.41,178.985,679,17825,0.400336,1,1,16643176,16642497,679
1203401741,158.35,174.204,456,18413,0.0650498,0.13,1,16643426,16642970,456
1203611981,19.3958,27.4182,455,25400,0.0217241,0.59,1,16648242,16647787,455
1203620741,27.0418,32.3747,471,25649,0.0654703,0.35,1,16648322,16647851,471
1203629501,138.349,50.7198,565,25896,0.0711501,0.03,1,16648623,16648058,565
1203641181,30.7335,24.7198,453,26222,0.0647494,0.03,1,16648720,16648267,453
1203670381,21.0717,24.3367,423,27020,0.0514824,0.03,1,16649167,16648744,423
1203673301,105.554,105.717,423,27098,0.074593,0.03,1,16649277,16648854,423
1203676221,48.9777,49.9358,422,27176,0.0478372,0.05,1,16649323,16648901,422
1203705421,142.954,143.049,422,27945,0.0848192,0.07,1,16649893,16649471,422
1204017861,480.251,554.836,468,14600,0.4468,0.65,1,16654591,16654123,468
1204026621,54.7539,71.5141,445,15742,0.202115,0.01,1,16654934,16654489,445
1204052901,169.046,126.434,605,16916,0.403806,0.35,1,16655753,16655148,605
1204374101,30.4807,32.9077,475,27451,0.299939,0.94,1,16663098,16662623,475
1204388701,28.0585,32.1481,446,27835,0.236284,0.43,1,16663366,16662920,446
1204473381,34.3682,36.5597,452,29961,0.789609,0.61,2,16664733,16664281,452
1204487981,141.821,140.819,457,30312,0.912511,0.71,2,16665064,16664607,457
1204607701,154.833,148.433,484,33053,0.931216,1,2,16666961,16666477,484
1204616461,8.01598,25.2221,478,33245,0.904638,1,2,16667041,16666563,478
1204619381,33.6508,31.6611,481,33309,0.919855,1,2,16667076,16666595,481
1204622301,38.7325,38.6331,481,33372,0.925942,1,2,16667115,16666634,481
1204768301,32.4703,34.9094,477,36405,0.0827445,1,1,16669174,16668697,477
1204791661,19.9256,25.7778,431,36867,0.0823099,0.15,1,16669487,16669056,431
1204867581,29.1671,30.4443,455,38329,0.228213,0.11,1,16670397,16669942,455
1204870501,23.3084,28.1222,450,38384,0.205285,0.13,1,16670420,16669970,450
1204882181,30.9905,124.809,456,38604,0.259511,0.17,1,16670635,16670179,456
1205235501,195.055,192.196,463,21858,0.90806,0.87,2,16675711,16675248,463
1205343541,125.124,170.797,454,25198,0.0442275,0.41,1,16678071,16677617,454
1206999181,29.3215,34.4823,451,31680,0.0268024,0.05,1,16700883,16700432,451
1207002101,29.0161,30.2241,450,31747,0.016721,0.03,1,16700912,16700462,450
1207010861,29.5273,43.1552,450,31947,0.0867501,0.05,1,16701012,16700562,450
1207016701,79.4463,49.8404,504,32079,0.09908,0,1,16701144,16700640,504
1207022541,61.6636,36.3196,485,32211,0.0626528,0.01,1,16701241,16700756,485
1207028381,28.4167,35.4308,450,32343,0.0520244,0.03,1,16701304,16700854,450
1207045901,74.8912,49.9264,506,32733,0.200099,0.09,1,16701569,16701063,506
1207066341,34.6489,32.7985,424,33182,0.0689851,0.09,1,16701790,16701366,424
1207069261,43.5324,40.5899,427,33246,0.069594,0.15,1,16701834,16701407,427
1207086781,58.5346,57.6316,434,33625,0.0777283,0.21,1,16702097,16701663,434
1207253221,62.5736,61.6709,464,37039,0.901738,0.89,2,16704319,16703855,464
1207416741,28.7341,36.2301,464,40109,0.0300614,0.95,1,16706381,16705917,464
1207428421,78.5265,57.5655,525,40320,0.0701296,0.23,1,16706569,16706044,525
1207440101,26.476,17.8165,448,40528,0.0638593,0.03,1,16706670,16706222,448
1207443021,32.6738,25.5908,455,40580,0.0675437,0.07,1,16706703,16706248,455
1207451781,23.5451,17.6566,445,40736,0.0324028,0.01,1,16706773,16706328,445
1207454701,28.7273,23.6828,450,40788,0.0909611,0.03,1,16706802,16706352,450
1207469301,36.1811,78.5265,457,41047,0.229555,0.11,1,16707026,16706569,457
1208317561,35.8538,33.4137,457,29101,0.0477966,0.03,1,16717693,16717236,457
1208326321,44.892,58.9398,470,29319,0.047939,0.09,1,16717878,16717408,470
1208618321,65.0688,86.0958,487,35820,0.91,1,2,16722168,16721681,487
1208647521,22.2108,35.5028,475,36406,0.42137,1,1,16722548,16722073,475
1208738041,55.8145,51.2905,511,38165,0.900677,0.73,2,16723747,16723236,511
1208942441,37.8002,37.1389,500,41862,0.0711632,1,1,16726305,16725805,500
1208948281,23.4645,31.7753,496,41962,0.0245861,1,1,16726360,16725864,496
1209527901,64.1341,67.3993,500,23541,0.25144,0.81,1,16732310,16731810,500
1209603821,66.3797,71.5945,519,25779,0.769227,0.63,2,16733774,16733255,519
1209755661,56.8083,35.4533,516,29749,0.421795,0.59,1,16736532,16736016,516
1209977581,33.9803,33.7819,487,34740,0.280079,0.53,1,16739896,16739409,487
1209995101,57.922,39.2954,493,35104,0.413584,0.17,1,16740131,16739638,493
1210000941,46.5048,37.2432,478,35224,0.400973,0.21,1,16740214,16739736,478
1210266661,72.8435,41.083,540,40320,0.42536,1,1,16743676,16743136,540
1210278341,22.2752,35.0405,505,40528,0.0548092,0.96,1,16743818,16743313,505
1210336741,3.37336,30.3224,424,41557,0.0118563,0.01,1,16744420,16743996,424
1210348421,41.6842,39.7845,425,41761,0.0751355,0.05,1,16744572,16744147,425
1210365941,21.4877,23.3425,422,42062,0.0616306,0.05,1,16744746,16744324,422
1210377621,3.28084,3.37336,422,42262,0.0128097,0.13,1,16744842,16744420,422
1210380541,25.814,23.9187,424,42312,0.0231239,0.09,1,16744869,16744445,424
1210383461,31.6907,29.6959,426,42362,0.0632496,0.03,1,16744901,16744475,426
1210389301,45.2992,41.6842,426,42462,0.0689199,0.07,1,16744998,16744572,426
1210409741,25.7695,26.7244,422,42809,0.0584375,0.03,1,16745195,16744773,422
1210418501,3.2356,3.28084,422,42956,0.03374,0.03,1,16745264,16744842,422
1210421421,26.7618,25.814,423,43005,0.067496,0.03,1,16745292,16744869,423
1210430181,47.1993,50.9232,470,43152,0.0703197,0.07,1,16745423,16744953,470
1211269681,80.9594,89.5579,539,25908,0.405424,0.95,1,16754406,16753867,539
1211278441,34.4714,51.0594,509,26153,0.210987,1,1,16754571,16754062,509
1211293041,71.777,80.189,515,26556,0.257396,0.31,1,16754840,16754325,515
1211783601,24.3673,35.3812,494,37640,0.22617,1,1,16762341,16761847,494
1211798201,23.3231,34.3141,476,37920,0.0303,0.63,1,16762528,16762052,476
1211964641,76.3778,43.6556,529,40975,0.782637,0.67,2,16764484,16763955,529
1212415781,87.3156,91.3646,542,23456,0.932734,0.71,2,16770420,16769878,542
1212509221,43.1322,66.2692,527,26192,0.902677,1,2,16772290,16771763,527
1212532581,38.1833,64.6449,503,26832,0.786383,0.85,2,16772751,16772248,503
1212681501,23.6074,26.6408,484,30595,0.785968,1,2,16775376,16774892,484
1212763261,75.9191,36.2361,536,32475,0.900833,0.85,2,16776690,16776154,536
1212932621,33.4072,29.9494,481,36058,0.0671474,1,1,16779130,16778649,481
1212941381,15.8264,25.6395,453,36234,0.0371774,0.63,1,16779199,16778746,453
1212993941,59.0828,41.8856,481,37269,0.060853,0.03,1,16779837,16779356,481
1213002701,38.2045,41.1402,460,37440,0.0458946,0.03,1,16779979,16779519,460
1213040661,22.0502,38.2045,446,38167,0.0393795,0.11,1,16780425,16779979,446
1213131181,19.1141,17.0688,433,39846,0.0315496,0.27,1,16781406,16780973,433
1213134101,33.2557,33.1534,433,39899,0.0426198,0.27,1,16781440,16781007,433
1213174981,50.1104,33.2557,472,40634,0.266986,0.03,1,16781912,16781440,472
1213608601,34.3748,22.6842,461,23183,0.218617,0.13,1,16787310,16786849,461
1213611521,93.8687,32.4842,525,23274,0.249447,0.17,1,16787407,16786882,525
1214394081,29.146,30.1497,508,40946,0.0845263,1,1,16799517,16799009,508
1214434961,28.1282,29.146,422,41661,0.0772174,0.03,1,16799939,16799517,422
1214446641,18.8275,22.4849,422,41864,0.0713368,0.09,1,16800063,16799641,422
1214452481,33.0596,32.8312,427,41964,0.0966139,0.09,1,16800131,16799704,427
1214478761,47.9659,45.1064,429,42414,0.20081,0.05,1,16800414,16799985,429
1214496281,49.3902,45.353,432,42713,0.209006,0.25,1,16800609,16800177,432
1214645201,50.8254,49.8754,452,45162,0.925346,0.61,2,16802172,16801720,452
1214916761,54.1516,73.3189,506,23851,0.93799,0.67,2,16806019,16805513,506
1215027721,30.4299,44.8773,504,27024,0.928586,1,2,16808201,16807697,504
1215249641,20.6724,35.3814,470,32440,0.916009,0.59,2,16811971,16811501,470
1215255481,37.5767,46.6385,489,32570,0.927761,0.63,2,16812058,16811569,489
1215454041,29.6392,31.635,454,36723,0.755316,0.69,2,16814878,16814424,454
1215468641,36.0735,35.0286,454,37009,0.909587,0.67,2,16815090,16814636,454
1215477401,54.1783,50.3805,457,37180,0.935894,0.73,2,16815195,16814738,457
1215766481,20.7342,28.4859,456,42435,0.0781038,0.55,1,16818821,16818365,456
1216008841,26.5413,33.9276,475,46381,0.76827,0.61,2,16821313,16820838,475
1216035121,36.1819,38.6865,489,46786,0.924803,0.69,2,16821588,16821099,489
1216315441,16.041,16.131,464,50929,0.904794,0.81,2,16824405,16823941,464
1216757821,33.1115,33.2778,496,29579,0.911963,0.79,2,16830322,16829826,496
1216895061,3.45695,32.3294,469,32773,0.0292323,0.75,1,16832442,16831973,469
1216997261,60.0011,94.2224,483,34961,0.252668,0.15,1,16833869,16833386,483
1217327221,31.0448,37.6694,460,41231,0.204877,0.17,1,16838067,16837607,460
1217782741,69.4388,74.6437,471,22189,0.264751,0.39,1,16843115,16842644,471
1217823621,69.6547,80.0065,515,23492,0.784074,0.53,2,16843996,16843481,515
1217957941,62.2761,75.8325,480,27336,0.246266,0.96,1,16846661,16846181,480
1217960861,35.4138,37.9916,478,27413,0.0985062,1,1,16846695,16846217,478
1217987141,31.1234,35.4138,422,28101,0.0613115,0.05,1,16847117,16846695,422
1218010501,56.2656,42.3514,478,28698,0.0703398,0.09,1,16847512,16847034,478
1218045541,63.2964,54.6707,485,29571,0.0850618,0.05,1,16848081,16847596,485
1218057221,4.36161,49.9921,427,29856,0.0482096,0.11,1,16848232,16847805,427
1218095181,67.7545,63.8619,429,30765,0.0676754,0.15,1,16848798,16848369,429
1218232421,76.5343,74.5796,462,33846,0.932249,0.83,2,16850815,16850353,462
1218395941,43.9344,54.7017,458,37180,0.234792,0.77,1,16853074,16852616,458
1219490941,60.303,59.1293,492,30033,0.926704,1,2,16867102,16866610,492
1219537661,32.1472,35.2825,447,31140,0.412285,0.53,1,16867858,16867411,447
1219543501,24.9704,26.9732,443,31276,0.405566,0.41,1,16867907,16867464,443
1219558101,69.8529,29.9692,509,31613,0.418191,0.33,1,16868158,16867649,509
1220463301,26.7319,28.9696,432,48057,0.406138,0.23,1,16879457,16879025,432
1220466221,36.4866,33.7485,435,48101,0.408455,0.31,1,16879494,16879059,435
1220959701,5.50139,5.69624,426,27652,0.219703,0.11,1,16885248,16884822,426
1220965541,36.1138,35.2117,426,27805,0.240352,0.13,1,16885305,16884879,426
1220968461,80.6557,78.7106,428,27881,0.282141,0.11,1,16885388,16884960,428
1221210821,81.7305,86.7726,459,33602,0.443324,0.69,1,16889287,16888828,459
1221219581,32.4337,32.5008,450,33791,0.441413,0.65,1,16889411,16888961,450
1221237101,31.1052,31.2079,441,34164,0.409053,0.41,1,16889605,16889164,441
1221240021,38.6053,38.6104,441,34226,0.433621,0.41,1,16889644,16889203,441
1221307181,82.7257,40.4145,530,35620,0.750111,0.49,2,16890615,16890085,530
1221491141,24.1559,27.2294,488,39181,0.404846,1,1,16893025,16892537,488
1221549541,23.9186,24.2292,447,40247,0.068322,0.03,1,16893667,16893220,447
1221599181,59.1869,27.4057,483,41129,0.26569,0.05,1,16894250,16893767,483
1221616701,39.0121,23.0447,462,41435,0.2347,0.03,1,16894437,16893975,462
1221762701,69.8487,28.8282,522,43909,0.791372,0.59,2,16896021,16895499,522
1222075141,31.4486,27.6493,437,24431,0.437825,0.23,1,16900620,16900183,437
1222118941,82.1018,98.9119,533,25702,0.7751,0.65,2,16901485,16900952,533
1222256181,45.2171,30.9743,526,29323,0.441886,1,1,16903945,16903419,526
1222282461,24.8774,30.3413,441,29966,0.414644,0.43,1,16904340,16903899,441
1222329181,41.5996,40.5491,454,31076,0.760701,0.69,2,16905143,16904689,454
1222536501,39.3048,40.2977,422,16663,0.0104882,0,1,16908653,16908231,422
1222542341,62.6558,167.301,480,16916,0.0364781,0.03,1,16908887,16908407,480
1222597821,59.6447,61.4521,423,19160,0.0303091,0.07,1,16910304,16909881,423
1222600741,40.0322,40.1226,423,19271,0.0301236,0.09,1,16910343,16909920,423
1222603661,172.052,171.106,424,19381,0.0900494,0.09,1,16910522,16910098,424
1222606581,10.5026,10.4553,424,19490,0.0900198,0.07,1,16910524,16910100,424
1222618261,40.0704,59.5239,461,19922,0.0948005,0.03,1,16910765,16910304,461
1222840181,32.482,43.3114,453,26826,0.0597271,0.13,1,16915574,16915121,453
1222983261,60.9753,61.9252,454,30452,0.915964,0.65,2,16917853,16917399,454
1223170141,23.5404,34.112,445,34617,0.0714293,0.09,1,16920709,16920264,445
1223178901,20.4469,30.6964,443,34800,0.0254515,0,1,16920786,16920343,443
1223202261,28.0148,33.8071,449,35283,0.0665274,0.07,1,16921135,16920686,449
1223211021,19.5331,28.9389,441,35463,0.0409778,0.03,1,16921207,16920766,441
1223301541,37.6941,47.5717,462,37266,0.270112,0.11,1,16922361,16921899,462
1223870941,35.911,15.0475,446,21861,0.00522327,0.01,1,16929248,16928802,446
1223897221,91.5296,98.8898,515,22720,0.0831173,0.11,1,16929867,16929352,515
1223911821,36.8374,34.0297,458,23183,0.0685407,0.01,1,16930092,16929634,458
1224037381,76.0652,96.2986,528,26832,0.784014,0.63,2,16932551,16932023,528
1224177541,50.635,51.0247,488,30387,0.298191,1,1,16935024,16934536,488
1224186301,22.6021,27.5326,483,30595,0.0706842,1,1,16935114,16934631,483
1224355661,84.4911,33.4238,520,34375,0.431217,0.31,1,16937505,16936985,520
1224811181,33.2835,26.6702,502,42909,0.413311,1,1,16943376,16942874,502
1224866661,22.0901,24.6182,445,43834,0.0264514,0.03,1,16943954,16943509,445
1224875421,29.8945,27.7526,454,43978,0.0456129,0,1,16944038,16943584,454
1224901701,38.9962,39.9613,460,44410,0.064219,0.07,1,16944330,16943870,460
1224904621,23.7998,39.0481,444,44457,0.0316876,0,1,16944353,16943909,444
1224907541,3.08999,23.8024,423,44504,0.018675,0.03,1,16944355,16943932,423
1224913381,30.4552,25.8045,427,44598,0.040188,0.03,1,16944407,16943980,427
1224948421,21.0922,23.7998,422,45162,0.016288,0.01,1,16944775,16944353,422
1224951341,2.95461,3.08999,422,45209,0.0125152,0.03,1,16944777,16944355,422
1224954261,20.0977,20.1045,422,45256,0.0350061,0.05,1,16944798,16944376,422
1224960101,24.3227,23.3728,423,45350,0.038001,0.05,1,16944853,16944430,423
1224983461,18.5113,17.5614,423,45719,0.0193373,0.01,1,16945096,16944673,423
1224995141,2.9545,2.95461,422,45903,0.012927,0.05,1,16945199,16944777,422
1224998061,20.0977,20.0977,422,45949,0.0351708,0.05,1,16945220,16944798,422
1225003901,25.2252,29.5002,446,46041,0.0788273,0.05,1,16945275,16944829,446
1225027261,19.4588,28.2261,440,46408,0.0293311,0.01,1,16945518,16945078,440
1225038941,2.86413,21.0899,423,46588,0.0280629,0.01,1,16945620,16945197,423
1225053541,36.4577,29.7613,459,46813,0.0340122,0.07,1,16945764,16945305,459
1225076901,43.6085,37.0729,466,47173,0.0658744,0.01,1,16946022,16945556,466
1225082741,2.81652,19.2827,423,47263,0.0429399,0.03,1,16946041,16945618,423
1225103181,41.77,42.6729,423,47574,0.0884084,0.07,1,16946230,16945807,423
1225135301,30.5969,31.452,423,48058,0.0450229,0,1,16946518,16946095,423
1225138221,3.42985,3.4726,423,48102,0.0240092,0.05,1,16946520,16946097,423
1225141141,25.8215,25.8236,423,48146,0.0396037,0.01,1,16946547,16946124,423
1225146981,40.2021,37.3996,425,48234,0.0507366,0.13,1,16946613,16946188,425
1225149901,44.7601,41.77,428,48278,0.0982946,0.15,1,16946658,16946230,428
1225152821,34.538,35.3385,427,48322,0.0933179,0.17,1,16946692,16946265,427
1225199541,34.6782,44.757,459,49013,0.228319,0.09,1,16947117,16946658,459
1225246261,35.8205,47.565,467,49699,0.290532,0.25,1,16947550,16947083,467
1225249181,25.541,34.6782,458,49741,0.278213,0.25,1,16947575,16947117,458
1225386421,42.159,42.1068,458,51693,0.906884,0.77,2,16948803,16948345,458
1226239061,30.4429,35.5477,436,38890,0.0452278,0.15,1,16960494,16960058,436
1226253661,27.7234,29.5314,422,39160,0.0294839,0.03,1,16960674,16960252,422
1226256581,32.7362,30.9266,424,39214,0.0297936,0.05,1,16960707,16960283,424
1226259501,24.4368,26.2463,422,39268,0.0119174,0.01,1,16960731,16960309,422
1226262421,39.2218,36.4623,425,39322,0.022767,0.07,1,16960771,16960346,425
1226294541,33.686,32.7362,423,39908,0.0195209,0,1,16961130,16960707,423
1226300381,40.1267,39.2218,423,40014,0.0547233,0.03,1,16961194,16960771,423
1226303301,3.90634,3.86109,423,40067,0.0278893,0.03,1,16961196,16960773,423
1226314981,37.0044,37.0453,459,40278,0.033978,0.15,1,16961345,16960886,459
1226317901,22.7502,32.2523,449,40330,0.0315912,0.15,1,16961367,16960918,449
1226323741,25.5644,36.3231,451,40434,0.0422546,0.17,1,16961429,16960978,451
1226335421,23.6293,33.686,446,40642,0.0274337,0.09,1,16961576,16961130,446
1226347101,38.817,34.3953,461,40850,0.0374223,0.03,1,16961693,16961232,461
1226516461,43.6625,37.2443,484,43745,0.442035,0.37,1,16963492,16963008,484
1226820141,33.5908,25.3042,482,48503,0.427015,1,1,16966714,16966232,482
1227450861,18.9458,24.641,423,27316,0.0831976,0.03,1,16973282,16972859,423
1227462541,4.57983,4.5845,422,27625,0.0172019,0.03,1,16973449,16973027,422
1227465461,84.779,83.8292,423,27702,0.0368807,0.05,1,16973538,16973115,423
1227488821,4.53447,4.57983,422,28307,0.0274825,0.05,1,16973871,16973449,422
1227491741,86.6767,84.779,424,28382,0.040993,0.05,1,16973962,16973538,424
1227602701,92.3775,90.4795,450,31090,0.764166,0.55,2,16975709,16975259,450
1227827541,101.866,97.9668,453,35952,0.769862,0.65,2,16979048,16978595,453
1228145821,24.3385,25.2431,449,41872,0.759192,0.55,2,16982962,16982513,449
1228148741,24.0169,24.0622,449,41922,0.753677,0.55,2,16982986,16982537,449
1228154581,33.4525,32.4552,451,42022,0.779388,0.63,2,16983043,16982592,451
1228157501,44.4226,42.4728,453,42072,0.797755,0.69,2,16983088,16982635,453
1228363361,77.7402,66.5286,529,20954,0.9292,1,2,16985752,16985223,529
1228494761,37.2213,42.8086,478,25104,0.0601863,0.89,1,16988648,16988170,478
1228497681,31.3111,34.4404,475,25188,0.0420745,0.95,1,16988679,16988204,475
1228506441,23.4024,26.6946,457,25440,0.0384528,0.81,1,16988765,16988308,457
1228512281,106.839,77.0167,553,25606,0.0601524,0.09,1,16988942,16988389,553
1228544401,34.0593,37.1271,455,26501,0.0394757,0.11,1,16989527,16989072,455
1228559001,110.629,65.7249,537,26898,0.0509482,0.09,1,16989791,16989254,537
1229443761,24.8642,49.3387,437,20347,0.0289527,0.09,1,17002018,17001581,437
1229449601,112.305,74.3183,535,20555,0.0442324,0.03,1,17002215,17001680,535
1230442401,41.1786,34.2959,515,43152,0.0392134,0.95,1,17017443,17016928,515
1230451161,32.8443,33.8362,496,43299,0.0363497,0.75,1,17017533,17017037,496
1230489121,28.0803,27.7089,451,43928,0.0338323,0.03,1,17017921,17017470,451
1230492041,33.704,29.8854,455,43976,0.0555329,0.03,1,17017955,17017500,455
1230503721,36.2706,59.4622,458,44168,0.0981416,0.11,1,17018117,17017659,458
1230535841,34.4701,33.704,423,44691,0.0912179,0,1,17018378,17017955,423
1230635121,40.8845,60.5003,467,46270,0.291364,0.15,1,17019396,17018929,467
1230638041,32.4442,41.975,458,46316,0.290546,0.13,1,17019428,17018970,458
1231073121,28.9339,19.0243,438,24785,0.235695,0.13,1,17023864,17023426,438
1231128601,58.3979,101.105,502,26362,0.784786,0.55,2,17024951,17024449,502
1231295041,37.7982,40.2332,486,30603,0.0709739,0.95,1,17027871,17027385,486
1231312561,28.245,31.2142,442,31016,0.0521633,0.35,1,17028093,17027651,442
1231333001,47.4171,55.2947,472,31490,0.070311,0.05,1,17028424,17027952,472
1232663061,51.5865,66.6266,477,28064,0.91598,1,2,17045203,17044726,477
1232703941,26.7324,42.9915,450,29101,0.0909129,0,1,17045924,17045474,450
1232724381,53.9436,70.8772,477,29607,0.0983527,0.13,1,17046283,17045806,477
1233106901,27.4662,46.1136,476,37830,0.0305555,0.55,1,17051755,17051279,476
1233112741,43.8162,68.0878,479,37942,0.0348889,0.29,1,17051859,17051380,479
1233540521,493.428,531.856,479,20440,0.442,0.57,1,17056998,17056519,479
1233571181,245.071,279.293,445,20440,0.2068,0.41,1,17057230,17056785,445
1233577021,43.8852,66.1532,434,20647,0.099088,0.03,1,17057362,17056928,434
1233579941,24.9943,28.0077,432,20750,0.0696352,0.07,1,17057386,17056954,432
1233638341,45.5761,85.7066,473,22707,0.0854612,0.21,1,17058643,17058170,473
1233866101,493.691,519.025,484,11680,0.418,0.95,1,17062918,17062434,484
1233877781,24.4634,24.8779,434,13082,0.0467008,0.05,1,17063339,17062905,434
1233934721,280.39,268.989,454,16016,0.777908,0.67,2,17065364,17064910,454
1234039841,61.5294,69.7862,449,20347,0.0832021,0.53,1,17068308,17067859,449
1234045681,27.5613,30.4795,445,20555,0.0769123,0.45,1,17068372,17067927,445
1234054441,42.5824,63.7678,455,20863,0.230762,0.03,1,17068668,17068213,455
1234229641,225.395,164.022,525,11144,0.946,1,2,17072489,17071964,525
1234232561,106.27,105.101,523,11335,0.7564,1,2,17072589,17072066,523
1234264681,93.1961,103.24,427,13411,0.254964,0.11,1,17073897,17073470,427
1234276361,96.0557,106.876,527,14034,0.425711,0.29,1,17074332,17073805,527
1234393161,59.8664,63.8078,471,19280,0.412242,0.97,1,17077883,17077412,471
1234428201,62.6565,145.392,503,20561,0.776853,0.57,2,17078770,17078267,503
1234536241,61.1906,74.3732,484,24083,0.42376,1,1,17081209,17080725,484
1234582961,52.6737,53.5352,426,25455,0.215874,0.13,1,17082077,17081651,426
1234600481,55.3847,121.544,479,25950,0.427184,0.17,1,17082424,17081945,479
1234801961,30.6178,38.1614,477,31078,0.25787,1,1,17085921,17085444,477
1235409321,26.8038,31.3899,473,42958,0.20128,0.98,1,17093891,17093418,473
1235450201,24.8106,23.0761,456,43642,0.0862399,0.17,1,17094320,17093864,456
1235458961,48.8046,27.332,472,43786,0.0964794,0.03,1,17094424,17093952,472
1235476481,35.4196,23.4435,459,44074,0.0809603,0.11,1,17094613,17094154,459
1235657521,36.0033,35.9708,483,46948,0.757097,0.51,2,17096422,17095939,483
1235894041,37.3748,44.2611,506,50455,0.934864,1,2,17098800,17098294,506
1235988941,28.9335,22.6274,431,24076,0.0603647,0.05,1,17099920,17099489,431
1236026901,50.2576,47.4051,431,25196,0.427526,0.31,1,17100663,17100232,431
1236330581,3.64383,38.6761,426,32798,0.205969,0.09,1,17105714,17105288,426
1236333501,41.9822,40.8838,429,32862,0.244388,0.13,1,17105758,17105329,429
1236365621,44.8346,41.9822,435,33562,0.444883,0.29,1,17106193,17105758,435
1236450301,49.4014,54.0826,502,35344,0.900065,0.69,2,17107418,17106916,502
1236692661,37.5978,35.8716,453,40003,0.760371,0.59,2,17110570,17110117,453
1236987581,42.272,38.6073,503,45020,0.942246,1,2,17114065,17113562,503
1236993421,32.3582,36.9565,501,45114,0.936759,1,2,17114136,17113635,501
1237008021,11.4309,24.6268,490,45349,0.915304,1,2,17114265,17113775,490
1237332141,2.81306,16.4065,425,23997,0.0347323,0.07,1,17118086,17117661,425
1237358421,64.75,64.7407,427,24780,0.21501,0.15,1,17118581,17118154,427
1237361341,80.1875,78.287,429,24866,0.236004,0.19,1,17118662,17118233,429
1238126381,3.59239,31.9477,425,41560,0.0822128,0.01,1,17129994,17129569,425
1238167261,3.58517,3.59239,422,42265,0.0645369,0.03,1,17130416,17129994,422
1238170181,32.4793,32.4796,422,42315,0.0918148,0.01,1,17130450,17130028,422
1238173101,32.024,32.024,422,42365,0.0907259,0.03,1,17130482,17130060,422
1238187701,29.2433,29.2523,422,42615,0.0601898,0.01,1,17130654,17130232,422
1238193541,24.3456,24.3456,422,42714,0.0300304,0.03,1,17130709,17130287,422
1238199381,31.2209,29.3209,424,42812,0.0372049,0.09,1,17130776,17130352,424
1238205221,34.6581,33.7033,425,42910,0.0599528,0.07,1,17130839,17130414,425
1238208141,3.6329,3.58517,425,42959,0.0419811,0.11,1,17130841,17130416,425
1238211061,32.4816,32.4793,425,43008,0.0587924,0.11,1,17130875,17130450,425
1238219821,37.0327,40.4741,458,43155,0.0836827,0.05,1,17130981,17130523,458
1238225661,36.7151,31.3087,458,43253,0.0529892,0.05,1,17131049,17130591,458
1238298661,36.8486,34.9215,460,44458,0.200317,0.07,1,17131793,17131333,460
1238473861,41.8432,35.9195,501,47219,0.923062,0.79,2,17133573,17133072,501
1238710381,31.4584,33.7077,465,50707,0.296962,0.95,1,17135927,17135462,465
1238754181,21.5417,24.3518,437,51324,0.235433,0.31,1,17136311,17135874,437
1238815501,29.5169,37.4826,462,52181,0.405399,0.29,1,17136860,17136398,462
1239259341,38.1367,68.5168,510,28966,0.9268,1,2,17141841,17141331,510
1239265181,32.3003,33.3263,509,29112,0.756688,1,2,17141911,17141402,509
1239294381,31.8153,32.3003,487,29831,0.261648,0.59,1,17142398,17141911,487
1239399501,77.2546,80.0442,532,32286,0.933342,0.77,2,17144048,17143516,532
1239586381,26.4204,35.5467,492,36239,0.285927,0.94,1,17146735,17146243,492
1239595141,17.2529,29.4972,467,36413,0.0785393,0.81,1,17146835,17146368,467
1239630181,15.1576,17.2529,423,37103,0.0701675,0.05,1,17147258,17146835,423
1239653541,35.2631,42.0696,456,37557,0.0748995,0.07,1,17147567,17147111,456
1240005401,90.7062,83.4675,510,19818,0.228246,1,1,17151780,17151270,510
1240017081,63.8416,76.8938,474,20242,0.0417951,0.21,1,17152107,17151633,474
1240020001,26.9421,54.1947,446,20347,0.034718,0.21,1,17152132,17151686,446
1240031681,61.737,95.5924,482,20761,0.0377048,0.05,1,17152466,17151984,482
1240093001,64.5751,96.433,484,22810,0.214655,0.07,1,17153737,17153253,484
1240110521,98.0214,104.033,524,23362,0.24949,0.17,1,17154104,17153580,524
1242339941,33.6499,43.1159,511,37808,0.0994443,1,1,17184733,17184222,511
1242357461,28.4567,32.4524,504,38143,0.0301232,0.97,1,17184935,17184431,504
1242366221,15.4838,30.8197,469,38308,0.0112879,0.55,1,17185031,17184562,469
1242372061,41.4587,64.962,469,38418,0.0462061,0.03,1,17185124,17184655,469
1242374981,33.4229,45.9981,457,38473,0.0364824,0.05,1,17185157,17184700,457
1242377901,31.1211,33.6499,455,38528,0.032593,0.01,1,17185188,17184733,455
1242401261,24.6761,24.6761,423,38965,0.0261339,0.01,1,17185439,17185016,423
1242407101,51.1717,50.1742,425,39073,0.0461814,0.03,1,17185508,17185083,425
1242412941,34.2329,33.4229,423,39181,0.034989,0.03,1,17185580,17185157,423
1242439221,23.5885,24.6761,422,39664,0.0132006,0.05,1,17185861,17185439,422
1242442141,16.3794,16.4338,422,39717,0.0112802,0.05,1,17185877,17185455,422
1242445061,52.119,51.1717,423,39770,0.0465121,0.09,1,17185931,17185508,423
1242450901,30.5778,34.2329,422,39876,0.0326419,0.05,1,17186002,17185580,422
1242468421,37.8817,37.1193,460,40194,0.0640601,0.03,1,17186176,17185716,460
1242728301,56.1052,57.1092,464,44625,0.917305,0.83,2,17188995,17188531,464
1242926861,26.4267,32.5061,447,21861,0.0890677,0.07,1,17191392,17190945,447
1242953141,74.9782,56.1161,502,22720,0.212787,0.09,1,17191953,17191451,502
1242982341,94.8837,74.7149,525,23636,0.256625,0.21,1,17192622,17192097,525
1243186741,26.5914,36.1984,498,29251,0.253319,0.89,1,17196414,17195916,498
1243323981,57.392,43.8893,517,32475,0.939619,0.75,2,17198575,17198058,517
1243610141,37.6542,31.0415,507,38332,0.765984,0.97,2,17202575,17202068,507
1243878781,119.416,87.4751,569,20490,0.772436,0.63,2,17206485,17205916,569
1244001421,41.8627,39.2885,457,24462,0.758513,0.73,2,17209213,17208756,457
1244223341,36.4385,34.3531,429,30344,0.038052,0.11,1,17213242,17212813,429
1244226261,32.2219,32.1177,429,30414,0.0332208,0.13,1,17213274,17212845,429
1244229181,35.8111,34.8559,430,30484,0.0792883,0.13,1,17213310,17212880,430
1244255461,33.1719,32.2219,423,31102,0.059585,0.11,1,17213697,17213274,423
1244272981,43.6794,75.2906,472,31508,0.209303,0.13,1,17213970,17213498,472
1244567901,19.5392,37.1162,457,37683,0.0583474,0.21,1,17218119,17217662,457
1244608781,30.6958,41.827,458,38460,0.0735454,0.09,1,17218620,17218162,458
1244614621,22.1167,28.2721,443,38570,0.0633673,0.01,1,17218666,17218223,443
1244617541,3.00584,20.4136,425,38625,0.0313469,0.03,1,17218668,17218243,425
1244643821,46.769,43.917,426,39114,0.0399576,0.09,1,17219016,17218590,426
1244748941,81.0571,61.1933,517,41014,0.402112,0.33,1,17220204,17219687,517
1245135841,28.0616,20.1653,433,21666,0.0277742,0.03,1,17224706,17224273,433
1245138761,58.4031,24.7583,468,21764,0.0291097,0.01,1,17224766,17224298,468
1245141681,87.4702,64.8879,490,21861,0.0656439,0.05,1,17224855,17224365,490
1245150441,50.8407,52.8044,422,22151,0.0409212,0.09,1,17225053,17224631,422
1245205921,71.0559,93.1635,496,23904,0.217528,0.15,1,17226201,17225705,496
1245424921,25.9123,48.2892,494,29824,0.0483132,1,1,17230203,17229709,494
1245483321,25.8493,25.9419,422,31212,0.0426515,0.05,1,17231048,17230626,422
1245492081,40.9862,78.8912,460,31415,0.0447297,0.05,1,17231185,17230725,460
1245553401,4.04145,42.8862,424,32800,0.0412254,0.05,1,17232032,17231608,424
1245559241,60.4301,58.5797,427,32928,0.0557961,0.09,1,17232126,17231699,427
1245562161,51.4715,52.329,426,32992,0.0283184,0.07,1,17232177,17231751,426
1245565081,42.4736,43.4664,425,33056,0.0173274,0.13,1,17232219,17231794,425
1245568001,46.7737,43.9733,428,33120,0.0369309,0.13,1,17232266,17231838,428
1245626401,54.4189,58.9765,481,34375,0.408004,0.19,1,17233030,17232549,481
1245883361,19.5176,26.1702,473,39420,0.272568,0.99,1,17236420,17235947,473
1245953441,58.2584,26.9289,485,40686,0.404759,0.21,1,17237243,17236758,485
1246559341,504.051,537.233,485,21900,0.406,1,1,17243753,17243268,485
1246588541,47.3564,71.8411,471,23550,0.229287,0.09,1,17244387,17243916,471
1247374021,20.4338,13.0571,433,18937,0.0460787,0,1,17256590,17256157,433
1247400301,50.7089,120.273,469,19922,0.0546637,0.05,1,17257311,17256842,469
1247406141,46.6768,59.5332,468,20134,0.0411462,0.07,1,17257417,17256949,468
1247417821,50.7042,121.178,469,20552,0.0537093,0.07,1,17257733,17257264,469
1248928921,141.962,163.721,479,23360,0.2788,0.84,1,17278379,17277900,479
1248943521,33.4115,37.3341,452,23810,0.20097,0.29,1,17278671,17278219,452
1249013601,41.2491,64.89,486,25861,0.769898,0.55,2,17279995,17279509,486
1249031121,66.6143,77.186,522,26349,0.920478,0.75,2,17280348,17279826,522
1249282241,30.0256,36.2507,510,32538,0.430434,1,1,17284686,17284176,510
1249314361,25.7895,30.0256,438,33246,0.213154,0.35,1,17285124,17284686,438
1249419481,31.2273,54.4977,484,35464,0.787387,0.65,2,17286564,17286080,484
1249626801,30.3782,34.3234,454,39472,0.759465,0.65,2,17289281,17288827,454
1249632641,62.2059,61.3133,454,39579,0.780314,0.67,2,17289373,17288919,454
1249895441,12.5711,32.1574,448,44120,0.0668089,0.31,1,17292443,17291995,448
1249904201,31.9501,49.1119,462,44264,0.0861158,0.15,1,17292557,17292095,462
1250292561,489.786,514.836,489,21900,0.44198,0.96,1,17296488,17295999,489
1250301321,61.4241,73.0814,484,22910,0.0630867,0.51,1,17296694,17296210,484
1250307161,45.4686,64.9727,454,23095,0.0616939,0.01,1,17296812,17296358,454
1250318841,68.4182,73.8946,489,23460,0.0721874,0.05,1,17297054,17296565,489
1250321761,62.3209,68.2947,483,23550,0.070875,0.03,1,17297116,17296633,483
1250435641,75.7708,70.4682,525,26836,0.923225,0.63,2,17299232,17298707,525
1250575801,53.3728,33.3345,500,30391,0.75976,1,2,17301704,17301204,500
1250616681,51.4525,1.55881,483,31352,0.0602147,0.01,1,17302315,17301832,483
1250786041,56.6063,50.1224,484,35050,0.222776,0.11,1,17304609,17304125,484
1250791881,39.899,39.0753,463,35170,0.212044,0.03,1,17304686,17304223,463
1251142281,31.9482,34.5074,458,41764,0.0943887,0.71,1,17309084,17308626,458
1251171481,22.3123,22.2201,424,42265,0.0517021,0.05,1,17309379,17308955,424
1251177321,33.0208,30.2655,425,42365,0.0718723,0.07,1,17309427,17309002,425
1251200681,37.4046,39.3044,426,42763,0.209487,0.17,1,17309672,17309246,426
1251335001,49.0057,48.0557,451,44975,0.798693,0.59,2,17311100,17310649,451
1251378801,49.0082,49.0057,461,45674,0.941085,0.83,2,17311561,17311100,461
1251384641,16.4625,16.5575,459,45766,0.924574,0.77,2,17311601,17311142,459
1251542321,16.7649,22.056,504,48191,0.9448,1,2,17313284,17312780,504
1251663501,3.51857,3.6157,426,24694,0.404218,0.25,1,17315081,17314655,426
1251666421,104.676,98.0308,433,24780,0.419687,0.33,1,17315191,17314758,433
1252121941,4.28859,48.0525,424,35707,0.216999,0.11,1,17322722,17322298,424
1252127781,63.4232,64.4351,424,35825,0.23992,0.13,1,17322822,17322398,424
1252987721,80.2339,79.263,463,24173,0.93075,0.85,2,17333138,17332675,463
1253119121,33.9269,43.0134,444,27844,0.0158777,0.11,1,17335701,17335257,444
1253151241,36.8972,53.9435,457,28669,0.0560073,0.03,1,17336213,17335756,457
1253157081,30.3497,36.9949,451,28817,0.0437612,0.01,1,17336280,17335829,451
1253200881,3.36586,29.3171,424,29899,0.0301796,0.09,1,17336967,17336543,424
1253209641,35.8178,35.0088,424,30111,0.0468115,0,1,17337095,17336671,424
1253212561,29.3409,30.2504,423,30181,0.0367246,0.07,1,17337124,17336701,423
1253218401,78.9709,78.0706,423,30321,0.0430759,0.03,1,17337265,17336842,423
1253221321,22.9485,22.9035,423,30391,0.0232304,0.03,1,17337285,17336862,423
1253224241,74.2974,73.3452,424,30461,0.0272921,0.03,1,17337362,17336938,424
1253250521,22.9482,22.9485,422,31080,0.0153535,0.03,1,17337707,17337285,422
1253253441,76.1974,74.2974,424,31148,0.0241414,0.11,1,17337786,17337362,424
1254558681,489.526,561.482,476,24820,0.418,0.69,1,17352779,17352303,476
1254601021,202.126,226.624,454,24820,0.2212,0.55,1,17352966,17352512,454
1254606861,48.2903,71.1041,450,24990,0.086992,0.19,1,17353060,17352610,450
1254615621,6.88879,13.772,422,25244,0.0199675,0,1,17353165,17352743,422
1254618541,34.5444,19.6886,438,25328,0.025987,0.05,1,17353201,17352763,438
1254621461,88.1772,74.1344,452,25412,0.0403948,0.03,1,17353292,17352840,452
1254960181,89.6864,94.7836,479,33728,0.0422609,1,1,17358865,17358386,479
1254966021,28.4392,31.207,478,33854,0.00916174,1,1,17358927,17358449,478
1254992301,89.6708,45.6515,517,34412,0.0321967,0.01,1,17359290,17358773,517
1255009821,21.3606,26.3138,444,34778,0.0188999,0,1,17359486,17359042,444
1255015661,21.5709,30.6083,444,34900,0.045024,0.13,1,17359540,17359096,444
1255047781,22.6136,32.418,445,35561,0.0583112,0.05,1,17359964,17359519,445
1255065301,20.8768,22.7439,422,35915,0.0482369,0.05,1,17360192,17359770,422
1255068221,58.9938,57.1872,424,35974,0.0612948,0,1,17360253,17359829,424
1255071141,28.5997,30.4094,422,36033,0.0425179,0.05,1,17360280,17359858,422
1255076981,18.644,20.4535,422,36151,0.0416029,0.03,1,17360329,17359907,422
1255079901,35.1322,34.2727,423,36209,0.0466411,0.07,1,17360365,17359942,423
1255103261,59.9436,58.9938,423,36673,0.0769578,0.03,1,17360676,17360253,423
1255123701,45.2816,47.1814,422,37074,0.0608707,0.01,1,17360891,17360469,422
1255126621,4.16408,4.25907,422,37131,0.0423483,0.01,1,17360893,17360471,422
1255144141,30.0723,29.5967,454,37472,0.0586663,0.11,1,17361158,17360704,454
1255158741,42.4342,31.6325,467,37752,0.0919639,0.03,1,17361312,17360845,467
1255208381,17.3049,19.162,426,38693,0.0425873,0.09,1,17361885,17361459,426
1255211301,59.7652,59.8581,426,38748,0.0830349,0.13,1,17361947,17361521,426
1255220061,14.8085,15.7561,426,38911,0.0804342,0.13,1,17362023,17361597,426
1255222981,39.6904,37.8378,428,38965,0.0981737,0.13,1,17362064,17361636,428
1255260941,42.5404,39.6904,428,39664,0.232919,0.19,1,17362492,17362064,428
1255377741,47.3366,45.3911,455,41741,0.755993,0.67,2,17363820,17363365,455
1255606961,21.1093,30.0445,435,21156,0.0446589,0,1,17366657,17366222,435
1255653681,110.725,69.4048,534,22707,0.0612333,0.05,1,17367688,17367154,534
1255884361,30.2376,30.3502,516,29168,0.0294458,1,1,17372049,17371533,516
1255890201,52.7531,31.0934,535,29313,0.0299113,1,1,17372132,17371597,535
1255893121,95.7377,64.2547,567,29385,0.0779645,0.69,1,17372230,17371663,567
1255907721,33.5345,49.0248,456,29744,0.0633807,0.03,1,17372441,17371985,456
1255910641,29.2267,34.7512,451,29815,0.0253523,0,1,17372470,17372019,451
1255992401,41.9795,77.6915,470,31743,0.440919,0.25,1,17373694,17373224,470
1256821681,33.9716,36.5033,423,21568,0.0485875,0.01,1,17384445,17384022,423
1256827521,97.7924,77.8013,464,21764,0.080974,0.13,1,17384583,17384119,464
1256871321,98.1724,100.735,521,23183,0.29029,0.17,1,17385531,17385010,521
1257075721,61.7648,60.3417,521,28886,0.245004,1,1,17389432,17388911,521
1257078641,27.7882,40.0671,508,28959,0.212002,1,1,17389458,17388950,508
1257201281,58.1621,42.1444,513,31883,0.908919,0.77,2,17391368,17390855,513
1257706441,40.1684,37.836,493,41814,0.753828,1,2,17398220,17397727,493
1257718121,29.7588,36.7545,481,42014,0.264722,1,1,17398341,17397860,481
1257723961,19.5494,34.0069,481,42114,0.0843555,1,1,17398409,17397928,481
1257764841,14.8317,19.5494,422,42811,0.0676265,0.01,1,17398831,17398409,422
1257770681,31.4346,31.4464,422,42909,0.0720202,0.13,1,17398884,17398462,422
1257785281,32.4939,43.6566,453,43154,0.0831535,0.05,1,17399059,17398606,453
1257794041,20.7521,31.194,446,43301,0.0670018,0.09,1,17399150,17398704,446
1257826161,33.5408,41.8774,457,43834,0.0670372,0.07,1,17399484,17399027,457
1257834921,20.8876,35.0412,445,43978,0.0251704,0.07,1,17399575,17399130,445
1257864121,43.8611,40.3172,466,44457,0.0413646,0.03,1,17399873,17399407,466
1257902081,26.4877,26.4407,423,45068,0.0332504,0.03,1,17400210,17399787,423
1257905001,41.2244,41.222,423,45115,0.0553001,0.05,1,17400252,17399829,423
1257931281,52.6349,47.8326,432,45535,0.215425,0.21,1,17400524,17400092,432
1257945881,26.3737,26.4877,422,45765,0.204046,0.07,1,17400632,17400210,422
1257989681,27.1337,33.4748,456,46453,0.274338,0.19,1,17401062,17400606,456
1257995521,43.7678,42.1687,471,46543,0.294694,0.15,1,17401146,17400675,471
1258357601,485.954,524.65,478,23360,0.418,0.76,1,17405087,17404609,478
1258364901,115.498,138.332,456,23360,0.2572,0.43,1,17405183,17404727,456
1258414541,29.7324,61.6053,436,24440,0.0590721,0.07,1,17405486,17405050,436
1258417461,19.5366,24.9303,432,24527,0.0416288,0.03,1,17405505,17405073,432
1258423301,50.1138,68.1773,451,24699,0.0606606,0.15,1,17405609,17405158,451
1258557621,80.0525,79.1002,452,28376,0.908746,0.65,2,17408004,17407552,452
1259229221,98.5864,93.7865,468,42168,0.929503,0.95,2,17417531,17417063,468
1259429241,21.0173,43.2439,423,20750,0.0830649,0.03,1,17420008,17419585,423
1259467201,78.3997,77.4447,427,22042,0.228245,0.17,1,17420841,17420414,427
1259543121,87.9912,85.1915,456,24418,0.903689,0.73,2,17422340,17421884,456
1259546041,133.6,131.56,458,24505,0.931476,0.73,2,17422476,17422018,458
1259548961,72.23,72.128,458,24591,0.90659,0.79,2,17422545,17422087,458
1259551881,86.2615,82.4564,462,24677,0.944636,0.81,2,17422632,17422170,462
1260010321,4.03351,44.0502,445,35699,0.284081,0.39,1,17430243,17429798,445
1260103761,49.206,71.0745,499,37548,0.797186,0.65,2,17431451,17430952,499
1260138801,49.3012,72.1197,509,38218,0.942779,0.81,2,17431912,17431403,509
1260337361,31.3509,23.7109,437,18937,0.0829472,0.03,1,17434559,17434122,437
1260387001,56.5454,65.0141,480,20758,0.0935352,0.07,1,17435806,17435326,480
1260462921,66.7563,99.1605,518,23268,0.795005,0.69,2,17437437,17436919,518
1260582641,16.1361,72.4059,483,26747,0.0590257,0.93,1,17439886,17439403,483
1260591401,3.30327,34.9714,452,26984,0.0486576,0.35,1,17439946,17439494,452
1260676081,39.386,84.7198,465,29173,0.247885,0.15,1,17441348,17440883,465
1260950561,33.0763,34.6775,465,35343,0.224189,0.21,1,17445518,17445053,465
1260953481,44.4038,37.8339,472,35403,0.227675,0.15,1,17445563,17445091,472
1260956401,67.7702,44.6417,496,35463,0.26507,0.13,1,17445632,17445136,496
1261210441,89.1139,50.443,557,40319,0.94,1,2,17448865,17448308,557
1261229421,33.8221,32.6327,535,40683,0.41638,1,1,17449110,17448575,535
1261306801,30.4747,29.3822,428,19599,0.26323,0.13,1,17450427,17449999,428
1261312641,132.839,72.2735,563,19815,0.280917,0.15,1,17450638,17450075,563
1261493681,36.9999,36.2022,498,25613,0.273852,0.79,1,17454589,17454091,498
1261496601,75.95,38.8601,537,25696,0.295541,0.51,1,17454667,17454130,537
1262822281,32.0644,18.5666,443,23541,0.04552,0.05,1,17472079,17471636,443
1262831041,55.0921,72.3116,450,23810,0.0477933,0,1,17472284,17471834,450
1262839801,34.7935,54.8217,435,24076,0.0361788,0,1,17472434,17471999,435
1262845641,30.392,31.9146,423,24252,0.0261886,0.03,1,17472502,17472079,423
1262848561,74.6696,72.8457,425,24339,0.0284754,0.05,1,17472579,17472154,425
1262866081,37.7019,37.8397,422,24857,0.0178018,0.03,1,17472894,17472472,422
1262871921,74.7168,74.6696,423,25027,0.0568483,0.03,1,17473002,17472579,423
1262874841,75.9358,74.9835,424,25112,0.0647393,0.03,1,17473078,17472654,424
1262944921,76.1757,75.7137,426,27063,0.210741,0.05,1,17474275,17473849,426
1263026681,82.7071,76.1857,537,29174,0.758517,0.75,2,17475689,17475152,537
1263385841,25.0568,29.1019,456,37039,0.427047,0.67,1,17481114,17480658,456
1263438401,83.4431,34.8065,533,38054,0.755712,0.59,2,17481800,17481267,533
1263701201,27.5463,31.4009,461,42760,0.432431,0.83,1,17485015,17484554,461
1263765441,29.4627,38.069,474,43832,0.796136,0.53,2,17485704,17485230,474
1264136281,6.81864,6.87078,422,24726,0.0779591,0.07,1,17490482,17490060,422
1264147961,61.687,58.8842,426,25067,0.0888278,0.15,1,17490738,17490312,426
1264460401,24.0314,28.5722,423,32894,0.066852,0.07,1,17495963,17495540,423
1264489601,5.66825,5.62755,423,33531,0.0232988,0.07,1,17496361,17495938,423
1264495441,36.4467,34.4516,427,33657,0.0361278,0.05,1,17496425,17495998,427
1264504201,44.7424,42.7567,427,33846,0.0937522,0.13,1,17496566,17496139,427
1264521721,5.62073,5.66825,422,34218,0.0537619,0.01,1,17496783,17496361,422
1264530481,56.065,36.4332,480,34404,0.0603208,0.09,1,17496905,17496425,480
1265114481,17.9946,31.9808,473,45040,0.0435417,0.86,1,17504141,17503668,473
1265394801,31.3741,35.5844,488,49331,0.943883,0.77,2,17506850,17506362,488
1265664901,23.86,21.7623,466,24785,0.432436,0.57,1,17509721,17509255,466
1265717461,77.3421,82.893,530,26281,0.93757,0.71,2,17510780,17510250,530
1265837181,60.2192,74.8361,520,29403,0.9052,1,2,17512984,17512464,520
1265840101,39.111,39.8418,520,29475,0.76408,1,2,17513022,17512502,520
1265869301,32.0408,39.111,456,30185,0.034731,0.57,1,17513478,17513022,456
1265924781,48.1033,45.3198,474,31490,0.0914833,0.05,1,17514292,17513818,474
1265930621,32.9903,31.9858,457,31624,0.0854373,0.01,1,17514357,17513900,457
1265971501,66.3268,32.6342,494,32548,0.287701,0.03,1,17514967,17514473,494
1266099981,78.7249,35.541,533,35293,0.931511,0.71,2,17516747,17516214,533
1266254741,26.2068,25.6331,506,38338,0.79678,1,2,17518835,17518329,506
1266590541,19.3525,24.1933,446,44222,0.209818,0.03,1,17522757,17522311,446
1266701501,28.6983,25.6583,466,45998,0.423463,0.35,1,17523853,17523387,466
1266759901,31.853,28.0551,481,46906,0.756835,0.57,2,17524473,17523992,481
1266771581,36.5783,28.6132,485,47086,0.798463,0.57,2,17524585,17524100,485
1267186221,76.6596,79.2406,487,27297,0.94,1,2,17530141,17529654,487
1267422741,42.5084,43.7494,459,32990,0.2874,0.69,1,17534069,17533610,459
1267431501,28.8592,34.7066,448,33182,0.0709536,0.45,1,17534210,17533762,448
1267437341,28.8571,32.9093,439,33310,0.0533526,0.27,1,17534284,17533845,439
1267446101,5.40436,5.31936,437,33499,0.0334146,0.31,1,17534392,17533955,437
1267449021,36.3702,36.366,437,33562,0.0673658,0.31,1,17534430,17533993,437
1267451941,33.1685,33.1683,437,33625,0.0449463,0.27,1,17534463,17534026,437
1267489901,61.1566,39.572,490,34435,0.220145,0.17,1,17534993,17534503,490
1267840301,29.7389,31.0172,471,41149,0.0131985,0.31,1,17539500,17539029,471
1268199461,32.2406,34.8141,488,47037,0.913273,0.73,2,17543202,17542714,488
1268513361,26.9292,26.9856,423,24685,0.088835,0.09,1,17546727,17546304,423
1268530881,54.8207,55.6757,424,25196,0.226534,0.05,1,17547081,17546657,424
1268554241,57.7633,70.4128,486,25861,0.40581,0.27,1,17547513,17547027,486
1268790761,36.9189,41.8604,474,31814,0.0548573,0.25,1,17551546,17551072,474
1268793681,60.7459,45.793,490,31881,0.0879429,0.09,1,17551608,17551118,490
1268799521,28.7469,43.9095,455,32013,0.0164709,0.03,1,17551678,17551223,455
1268954281,47.9753,67.3536,500,35344,0.751446,0.65,2,17553839,17553339,500
1269126561,27.2514,34.4009,497,38715,0.0762401,0.96,1,17556089,17555592,497
1269821521,32.2685,48.841,508,50034,0.915851,1,2,17563657,17563149,508
1269839041,19.9869,34.8948,500,50286,0.758912,0.98,2,17563837,17563337,500
1270208421,7.73188,7.77677,430,27421,0.29804,0.15,1,17568107,17567677,430
1270225941,67.2916,67.047,436,27881,0.405824,0.29,1,17568407,17567971,436
1270231781,78.6382,78.6376,436,28033,0.416532,0.29,1,17568539,17568103,436
1270234701,7.73191,7.73188,436,28109,0.400613,0.33,1,17568543,17568107,436
1270237621,21.2866,21.2866,436,28184,0.418245,0.35,1,17568565,17568129,436
1270278501,70.9515,51.125,513,29219,0.769644,0.49,2,17569291,17568778,513
1270479981,35.3636,28.3209,492,33854,0.754466,1,2,17572487,17571995,492
1270789501,36.8485,34.827,498,39929,0.948889,1,2,17576741,17576243,498
1270868341,29.2876,33.7148,467,41333,0.441254,0.33,1,17577671,17577204,467
1270988061,35.7619,51.0975,491,43378,0.913985,0.73,2,17578994,17578503,491
1271499061,22.2012,22.0237,486,51182,0.91203,1,2,17584376,17583890,486
1271501981,36.2601,26.7512,496,51223,0.946812,1,2,17584413,17583917,496
1271592501,25.8536,23.9724,481,52482,0.902225,0.63,2,17585266,17584785,481
1271604181,28.4249,35.3103,486,52642,0.919881,0.69,2,17585365,17584879,486
1272122481,24.5885,30.9227,465,27708,0.903322,0.71,2,17590278,17589813,465
1272236361,34.924,32.1423,494,30546,0.933232,1,2,17592257,17591763,494
1272297681,29.806,24.5952,453,31969,0.0186577,0.05,1,17593187,17592734,453
1272300601,33.7903,31.6298,455,32035,0.0254631,0.03,1,17593221,17592766,455
1272332721,67.1494,33.7903,491,32754,0.0427182,0.15,1,17593712,17593221,491
1272408641,74.3097,60.2307,508,34393,0.442271,0.39,1,17594756,17594248,508
1272677281,37.6151,35.1889,497,39646,0.244762,1,1,17598327,17597830,497
1272688961,33.1878,25.6025,495,39858,0.0376099,1,1,17598463,17597968,495
1273185361,35.2733,30.7212,510,48023,0.775139,1,2,17603789,17603279,510
1273887621,18.8977,17.9482,424,27541,0.0182426,0.01,1,17610845,17610421,424
1273896381,73.5276,70.6822,425,27771,0.0513275,0.09,1,17611042,17610617,425
1273919741,45.5522,45.5522,422,28375,0.0176751,0.03,1,17611389,17610967,422
1273998581,63.7276,69.3775,429,30324,0.284164,0.15,1,17612616,17612187,429
1274356281,536.351,544.496,505,16060,0.418,1,1,17617863,17617358,505
1274365041,74.8463,86.4587,461,17167,0.051472,0.05,1,17618151,17617690,461
1274370881,41.7971,63.4386,443,17414,0.0166355,0.03,1,17618267,17617824,443
1274382561,75.8036,74.7843,497,17896,0.0995459,0.01,1,17618648,17618151,497
1274388401,4.08451,41.797,425,18133,0.0411273,0.25,1,17618692,17618267,425
1274391321,181.654,176.89,432,18250,0.0584509,0.17,1,17618883,17618451,432
1274403001,44.4811,43.6902,423,18711,0.0352403,0.03,1,17619113,17618690,423
1274408841,183.556,181.654,425,18937,0.0884385,0.11,1,17619308,17618883,425
1274417601,67.0644,72.6217,422,19271,0.0807801,0.01,1,17619492,17619070,422
1274531481,77.7687,73.0886,460,23268,0.947835,0.75,2,17622068,17621608,460
1274654121,36.7933,50.3467,459,26826,0.0677851,0.05,1,17624541,17624082,459
1274680401,35.0286,36.7933,423,27528,0.026405,0.07,1,17624964,17624541,423
1274689161,139.823,136.026,426,27759,0.0672099,0.09,1,17625144,17624718,426
1274703761,49.8235,54.5711,422,28138,0.0609474,0,1,17625352,17624930,422
1274709601,29.3846,31.2014,422,28288,0.0349516,0.07,1,17625417,17624995,422
1274712521,3.36923,3.46007,422,28363,0.0319806,0.07,1,17625419,17624997,422
1274721281,24.5817,36.4329,448,28586,0.0661268,0.11,1,17625623,17625175,448
1274770921,35.681,143.618,460,29819,0.403107,0.19,1,17626451,17625991,460
1274858521,35.966,145.523,486,31880,0.927159,0.75,2,17627800,17627314,486
1275045401,22.1308,34.3947,469,35878,0.244371,0.91,1,17630505,17630036,469
1275074601,18.2667,17.3243,436,36463,0.0673308,0.19,1,17630875,17630439,436
1275118401,81.7971,22.7548,507,37323,0.0924102,0.07,1,17631443,17630936,507
1275933081,15.8686,18.8211,452,50705,0.0628216,0.61,1,17640289,17639837,452
1276017761,36.6529,28.1222,466,51896,0.245022,0.21,1,17640996,17640530,466
1276067401,39.5504,30.0584,471,52579,0.412676,0.27,1,17641430,17640959,471
1276435321,521.698,539.405,499,26280,0.78616,0.98,2,17644732,17644233,499
1276449921,64.8719,60.8056,496,26681,0.784393,0.71,2,17645004,17644508,496
1276613441,56.1521,42.7518,493,30809,0.416199,1,1,17647844,17647351,493
1276619281,49.1129,34.8294,489,30947,0.0965918,1,1,17647963,17647474,489
1276628041,20.1105,26.7397,471,31151,0.0760219,0.87,1,17648087,17647616,471
1276776961,57.5667,48.2187,485,34443,0.200955,0.07,1,17650141,17649656,485
1277066041,32.8581,41.7608,480,40062,0.0945051,1,1,17653929,17653449,480
1277793121,11.6241,21.6841,472,51531,0.0758129,0.85,1,17661637,17661165,472
1278032561,26.6716,38.0716,481,54782,0.90786,0.73,2,17663697,17663216,481
1278282221,12.1283,20.7539,465,27244,0.0785847,0.79,1,17666199,17665734,465
1278346461,69.553,61.0582,504,28906,0.401971,0.33,1,17667263,17666759,504
1278349381,84.2277,68.6029,520,28979,0.442788,0.35,1,17667348,17666828,520
1278839941,34.8696,35.2402,491,39379,0.0925045,1,1,17674504,17674013,491
1278848701,23.9752,28.5139,480,39540,0.0330403,1,1,17674603,17674123,480
1278851621,39.1988,39.4257,480,39593,0.0432161,0.97,1,17674643,17674163,480
1278854541,21.9099,33.3213,468,39646,0.0172864,0.83,1,17674664,17674196,468
1278912941,48.7289,60.7223,471,40697,0.0681618,0.03,1,17675317,17674846,471
1278918781,34.9393,35.6818,456,40801,0.0577059,0.05,1,17675385,17674929,456
1278933381,19.1621,22.0045,445,41060,0.0533429,0.09,1,17675532,17675087,445
1278939221,21.3754,27.7,445,41162,0.0841349,0.07,1,17675582,17675137,445
1278945061,16.5834,26.8592,438,41264,0.0386616,0.07,1,17675626,17675188,438
1278953821,32.7937,48.7289,455,41417,0.0454343,0.07,1,17675772,17675317,455
1278962581,3.6521,36.897,423,41570,0.0141878,0.03,1,17675845,17675422,423
1278968421,46.7016,45.8347,424,41672,0.03467,0.07,1,17675916,17675492,424
1278971341,21.3351,22.2417,423,41723,0.019868,0.05,1,17675936,17675513,423
1278983021,24.8236,27.6688,423,41925,0.0942526,0.03,1,17676033,17675610,423
1279003461,3.64973,3.6521,423,42275,0.0663011,0.01,1,17676268,17675845,423
1279029741,59.7747,64.4721,424,42724,0.0911781,0.05,1,17676540,17676116,424
1279032661,48.5887,48.8236,424,42773,0.0904712,0.13,1,17676588,17676164,424
1279073541,48.7336,59.7747,473,43459,0.216893,0.09,1,17677013,17676540,473
1279114421,49.7334,62.6722,480,44132,0.432167,0.23,1,17677445,17676965,480
1279117341,37.6367,48.7336,469,44180,0.430867,0.23,1,17677482,17677013,469
1279120261,32.2818,36.6367,465,44228,0.430347,0.25,1,17677514,17677049,465
1279432701,35.813,48.1751,511,49065,0.448178,1,1,17680740,17680229,511
1279438541,19.8495,35.5079,505,49151,0.260108,1,1,17680814,17680309,505
1279461901,19.06,27.1858,485,49495,0.0347911,0.83,1,17681026,17680541,485
1279473581,18.0707,22.3774,470,49665,0.00809065,0.65,1,17681123,17680653,470
1279479421,32.5827,32.2609,477,49749,0.0648945,0.37,1,17681181,17680704,477
1279499861,27.0074,27.293,448,50043,0.0431208,0.03,1,17681387,17680939,448
1279502781,21.3004,24.1647,445,50085,0.0232483,0.03,1,17681408,17680963,445
1279505701,20.065,24.0082,441,50127,0.0152993,0.05,1,17681428,17680987,441
1279514461,26.3199,32.303,449,50253,0.0386592,0.03,1,17681508,17681059,449
1279517381,19.366,27.2652,441,50295,0.0334637,0.01,1,17681527,17681086,441
1279520301,2.8683,19.4133,424,50337,0.0133855,0,1,17681529,17681105,424
1279526141,27.4147,24.6535,426,50421,0.0273417,0.07,1,17681574,17681148,426
1279529061,32.7207,32.5827,426,50463,0.0649367,0.13,1,17681607,17681181,426
1279531981,47.236,46.2791,427,50505,0.0799747,0.11,1,17681655,17681228,427
1279786021,49.5839,49.5839,457,54010,0.917025,0.75,2,17683862,17683405,457
1280021081,19.3152,23.8756,431,26918,0.247572,0.09,1,17686192,17685761,431
1280044441,66.3957,63.3035,434,27541,0.259891,0.27,1,17686609,17686175,434
1280070721,69.2026,66.3957,435,28225,0.426395,0.27,1,17687044,17686609,435
1280146641,77.8508,75.9543,456,30114,0.929254,0.73,2,17688277,17687821,456
1280318921,33.9068,38.2009,455,34010,0.0293731,0.69,1,17690968,17690513,455
1280348121,51.1353,53.7111,473,34626,0.0636131,0.07,1,17691357,17690884,473
1280353961,35.8478,33.9068,457,34748,0.0497781,0.07,1,17691425,17690968,457
1280380241,53.0326,53.7065,476,35292,0.244886,0.09,1,17691782,17691306,476
1280485361,60.7301,55.5423,507,37388,0.782659,0.57,2,17693108,17692601,507
1280494121,29.3483,33.9647,482,37557,0.77561,0.65,2,17693207,17692725,482
1280502881,29.5107,36.3607,486,37725,0.795799,0.79,2,17693300,17692814,486
1280672241,44.326,47.5182,513,40845,0.92344,1,2,17695455,17694942,513
1280686841,33.1947,31.9619,510,41103,0.243667,1,1,17695639,17695129,510
1280704361,18.0477,30.1457,496,41409,0.0389853,0.94,1,17695852,17695356,496
1280794881,3.86638,3.91151,422,42961,0.0384909,0.13,1,17696766,17696344,422
1280797801,40.0933,36.2956,426,43010,0.0453964,0.13,1,17696808,17696382,426
1280900001,47.0004,45.1005,430,44695,0.281048,0.17,1,17697847,17697417,430
1280905841,38.6875,38.6828,430,44789,0.252568,0.21,1,17697918,17697488,430
1280943801,46.0509,47.0004,434,45400,0.414669,0.29,1,17698281,17697847,434
1281321941,18.3515,15.0352,428,24076,0.0325824,0.03,1,17702303,17701875,428
1281374501,71.2914,79.8435,496,25614,0.254817,0.11,1,17703305,17702809,496
1281590581,26.3426,32.1018,469,31140,0.0777119,0.97,1,17707066,17706597,469
1281751181,42.0456,61.9124,484,34679,0.757321,0.51,2,17709325,17708841,484
1281765781,32.2648,36.3387,481,34984,0.752609,0.57,2,17709489,17709008,481
1281771621,91.6607,46.2608,544,35104,0.779217,0.73,2,17709631,17709087,544
1281958501,34.7032,32.485,493,38770,0.255599,1,1,17712116,17711623,493
1281973101,25.0787,30.4456,480,39040,0.0377437,0.99,1,17712307,17711827,480
1281990621,24.32,30.2848,443,39364,0.0293712,0.27,1,17712495,17712052,443
1281993541,23.066,29.0642,437,39418,0.0177485,0.17,1,17712518,17712081,437
1282040261,64.2373,32.5404,488,40268,0.0464134,0.07,1,17713064,17712576,488
1282049021,22.2333,26.6682,443,40424,0.0353705,0.03,1,17713150,17712707,443
1282063621,28.9276,58.9045,455,40684,0.0429382,0.17,1,17713321,17712866,455
1282069461,23.9173,24.2298,450,40788,0.0248701,0.13,1,17713367,17712917,450
1282075301,29.7948,25.9006,456,40892,0.0579792,0.09,1,17713423,17712967,456
1282095741,18.0979,19.9106,441,41251,0.0302302,0.07,1,17713648,17713207,441
1282104501,22.3486,28.9276,445,41404,0.0391347,0.05,1,17713766,17713321,445
1282133701,20.8156,19.9582,423,41912,0.0198206,0.03,1,17714053,17713630,423
1282136621,18.1408,18.0979,423,41962,0.0139283,0,1,17714071,17713648,423
1282142461,28.9729,28.9727,423,42062,0.0346285,0.05,1,17714167,17713744,423
1282162901,38.0717,38.1191,428,42412,0.20384,0.11,1,17714374,17713946,428
1282183341,28.0704,28.9729,422,42760,0.0515315,0.05,1,17714589,17714167,422
1282203781,39.9717,57.0717,468,43103,0.220272,0.23,1,17714805,17714337,468
1282244661,40.1665,58.4337,472,43784,0.245253,0.23,1,17715238,17714766,472
1282803841,59.0893,73.7058,477,27768,0.753787,1,2,17722748,17722271,477
1283250601,26.5561,38.1422,477,37667,0.233788,0.49,1,17729508,17729031,477
1283253521,26.0278,32.3071,471,37723,0.219515,0.49,1,17729534,17729063,471
1283259361,52.9326,32.9508,493,37835,0.252322,0.23,1,17729621,17729128,493
1283265201,32.5748,28.5349,463,37947,0.240772,0.25,1,17729677,17729214,463
1283268121,50.0787,30.8767,483,38003,0.270309,0.15,1,17729728,17729245,483
1283805401,35.3003,18.5501,445,21861,0.0504227,0.01,1,17736179,17735734,445
1283831681,92.9508,68.4883,522,22720,0.0998202,0.29,1,17736773,17736251,522
1284404001,36.4654,35.1973,478,36698,0.0801476,0.99,1,17746346,17745868,478
1284406921,25.5733,29.3099,474,36756,0.062059,1,1,17746371,17745897,474
1284415681,25.3112,27.4112,464,36927,0.0320518,0.73,1,17746463,17745999,464
1284433201,47.1354,33.3394,485,37269,0.0773326,0.31,1,17746679,17746194,485
1284444881,38.1828,25.5733,460,37496,0.0552117,0.03,1,17746831,17746371,460
1284468241,47.2303,30.7082,473,37944,0.0829185,0.07,1,17747104,17746631,473
1284617161,49.4178,37.3586,500,40686,0.781033,0.61,2,17748850,17748350,500
1284655121,50.5127,38.3561,510,41355,0.935193,0.81,2,17749310,17748800,510
1284910621,20.8207,21.7136,457,22519,0.914961,0.75,2,17752891,17752434,457
1285006981,42.9867,38.5146,492,25440,0.9268,1,2,17755028,17754536,492
1285044941,31.0642,35.4917,475,26501,0.0997725,0.39,1,17755717,17755242,475
1285427461,81.6044,38.8373,561,35461,0.94408,1,2,17761817,17761256,561
1285576381,59.6417,32.3857,540,38383,0.919696,1,2,17763859,17763319,540
1285617261,23.0221,21.9821,466,39146,0.0749526,0.75,1,17764345,17763879,466
1285681501,61.4813,32.5756,489,40318,0.0803785,0.15,1,17765059,17764570,489
1285696101,40.2344,23.8315,465,40578,0.0604103,0.15,1,17765234,17764769,465
1285734061,44.0344,25.6879,467,41249,0.26076,0.09,1,17765660,17765193,467
1285842101,65.3746,31.4121,520,43101,0.797668,0.71,2,17766811,17766291,520
1285856701,46.8373,24.6952,505,43346,0.791461,0.73,2,17766995,17766490,505
1285882981,65.5171,34.492,528,43782,0.913569,0.81,2,17767272,17766744,528
1286040661,33.3444,32.5577,517,46314,0.784708,1,2,17769030,17768513,517
1286069861,20.2702,29.2806,506,46765,0.0581598,0.92,1,17769327,17768821,506
1286078621,37.6059,33.3582,509,46900,0.0807622,1,1,17769428,17768919,509
1286087381,31.7608,33.3444,488,47035,0.0322888,0.73,1,17769518,17769030,488
1286137021,14.9784,14.888,424,47791,0.0264376,0.05,1,17769956,17769532,424
1286139941,22.5989,21.6444,425,47835,0.040575,0.09,1,17769979,17769554,425
1286142861,36.2799,34.3322,427,47879,0.05823,0.13,1,17770016,17769589,427
1286382301,37.3678,37.2727,457,51362,0.925249,0.73,2,17772202,17771745,457
1286385221,30.3684,31.3136,456,51403,0.9161,0.73,2,17772232,17771776,456
1286393981,36.7474,35.7952,458,51526,0.91951,0.77,2,17772332,17771874,458
1286617361,523.14,530.719,500,24820,0.922,1,2,17774461,17773961,500
1286671381,46.444,7.73529,496,25578,0.772445,0.59,2,17775507,17775011,496
1286691821,56.9726,52.6038,514,26153,0.906558,0.77,2,17775920,17775406,514
1286817381,40.0745,48.3149,505,29435,0.0394017,0.81,1,17778224,17777719,505
1286864101,5.21114,5.01887,429,30566,0.0320192,0.19,1,17778883,17778454,429
1286867021,45.8606,43.9509,431,30635,0.0908077,0.19,1,17778931,17778500,431
1286977981,48.746,49.6958,452,33158,0.785925,0.61,2,17780560,17780108,452
1287196981,20.7258,36.9506,443,37640,0.240931,0.11,1,17783624,17783181,443
1287205741,39.6841,52.5349,467,37808,0.26334,0.25,1,17783745,17783278,467
1287576581,28.7492,46.8856,466,44341,0.082262,0.25,1,17788093,17787627,466
1287585341,3.97222,45.2567,431,44484,0.0693448,0.19,1,17788168,17787737,431
1288456961,86.3795,99.2802,483,28382,0.414685,1,1,17797737,17797254,483
1288480321,37.2984,66.7926,481,28973,0.412423,0.45,1,17798094,17797613,481
1288486161,47.7832,86.3795,487,29119,0.429588,0.45,1,17798224,17797737,487
1288734361,27.8073,50.4783,471,34755,0.0430461,0.51,1,17802083,17801612,471
1288737281,23.2404,32.9239,462,34816,0.0352184,0.35,1,17802106,17801644,462
1288760641,45.0297,44.6895,468,35299,0.0751677,0.05,1,17802435,17801967,468
1288781081,3.24486,27.0779,424,35716,0.062873,0.03,1,17802625,17802201,424
1288795681,46.1673,45.0297,427,36011,0.063303,0.09,1,17802862,17802435,427
1288816121,2.91949,3.24486,424,36419,0.0614466,0.07,1,17803049,17802625,424
1288833641,44.1582,42.2084,426,36767,0.0649422,0.09,1,17803330,17802904,426
1288839481,22.3404,22.4305,424,36881,0.0619908,0.07,1,17803380,17802956,424
1288845321,28.6984,27.7961,424,36995,0.0783185,0.09,1,17803451,17803027,424
1288903721,44.2553,48.1141,467,38122,0.0881178,0.03,1,17804175,17803708,467
1289043881,58.5441,49.8823,511,40694,0.77,0.63,2,17805796,17805285,511
1289251201,29.9028,29.8165,500,44225,0.424068,0.91,1,17808222,17807722,500
1289605981,87.6022,74.2768,502,22910,0.762228,0.79,2,17812058,17811556,502
1289763661,26.5459,30.4446,467,27461,0.2907,0.89,1,17815226,17814759,467
1289789941,26.4522,26.5459,436,28147,0.28622,0.29,1,17815662,17815226,436
1289807461,74.4381,44.7482,506,28595,0.434134,0.29,1,17816000,17815494,506
1290020621,26.2053,31.872,469,33568,0.0937809,0.93,1,17819355,17818886,469
1290067341,49.546,39.9659,477,34563,0.287569,0.17,1,17820011,17819534,477
1290379781,27.8856,32.9448,462,40583,0.0797905,0.23,1,17824026,17823564,462
1290525781,37.7772,50.4145,468,43106,0.421853,0.25,1,17825598,17825130,468
1290895161,95.2761,95.7321,545,23401,0.765822,0.71,2,17830141,17829596,545
1291082041,59.8293,60.3775,531,28624,0.439696,1,1,17833768,17833237,531
1291099561,38.6402,36.4344,509,29065,0.0569031,0.79,1,17834086,17833577,509
1291125841,36.7473,31.804,461,29714,0.0309865,0.05,1,17834508,17834047,461
1291131681,3.08437,22.832,425,29856,0.0301578,0.05,1,17834533,17834108,425
1291134601,41.9542,42.9416,425,29927,0.0780631,0.03,1,17834577,17834152,425
1291152121,30.1884,31.946,423,30349,0.0577911,0.03,1,17834894,17834471,423
1291157961,21.8305,23.6874,422,30489,0.0344466,0.03,1,17834953,17834531,422
1291160881,2.99152,3.08437,422,30558,0.0317786,0.11,1,17834955,17834533,422
1291163801,46.6996,41.9542,427,30627,0.0667115,0.09,1,17835004,17834577,427
1291181321,30.2356,30.1884,423,31039,0.0588121,0.03,1,17835317,17834894,423
1291187161,21.7831,21.8305,422,31175,0.0466099,0.03,1,17835375,17834953,422
1291193001,48.5995,46.6996,424,31311,0.0614576,0.09,1,17835428,17835004,424
1291207601,71.4789,67.2231,494,31647,0.0644021,0.01,1,17835710,17835216,494
1291213441,35.7562,30.2356,458,31781,0.0451043,0.03,1,17835775,17835317,458
1291230961,38.3578,64.199,459,32178,0.0465239,0.11,1,17836001,17835542,459
1291365281,78.2759,66.3235,530,35073,0.781793,0.71,2,17837892,17837362,530
1291517121,33.9976,22.8369,512,38080,0.770685,1,2,17839908,17839396,512
1291584281,3.35572,3.40096,423,39335,0.0168958,0.03,1,17840697,17840274,423
1291593041,28.1442,29.0015,423,39497,0.0987613,0.09,1,17840786,17840363,423
1291601801,61.7369,59.02,427,39656,0.204321,0.09,1,17840901,17840474,427
1291759481,68.5358,66.536,450,42435,0.776915,0.63,2,17842646,17842196,450
1292042721,48.3177,46.4654,428,22437,0.407928,0.17,1,17846305,17845877,428
1292045641,78.4159,76.4233,430,22532,0.409171,0.17,1,17846385,17845955,430
1292109881,82.3593,78.5112,463,24518,0.902676,0.85,2,17847739,17847276,463
1292229601,28.677,30.635,458,27840,0.759806,0.63,2,17850008,17849550,458
1292410641,84.6303,39.5185,541,32213,0.784938,0.63,2,17853088,17852547,541
1292784401,25.5807,27.4404,452,39740,0.750625,0.67,2,17858232,17857780,452
1292787321,35.479,32.722,455,39793,0.77425,0.69,2,17858268,17857813,455
1292819441,38.6119,48.2884,494,40374,0.782394,0.73,2,17858665,17858171,494
1292857401,39.5122,50.2383,499,41049,0.924485,0.77,2,17859126,17858627,499
1293058881,3.6324,35.6904,424,21066,0.0874099,0.03,1,17861907,17861483,424
1293114361,66.9706,67.2962,493,22903,0.200532,0.15,1,17863155,17862662,493
1293292481,113.545,102.555,501,27989,0.934,1,2,17866636,17866135,501
1293298321,40.8964,60.2964,491,28140,0.76984,1,2,17866712,17866221,491
1293336281,19.6953,35.2477,459,29102,0.20306,0.33,1,17867361,17866902,459
1293432641,107.358,36.1078,565,31413,0.77281,0.69,2,17868863,17868298,565
1293596161,32.9825,27.4305,517,34984,0.767639,1,2,17871342,17870825,517
1293660401,27.5123,25.8072,427,36290,0.214177,0.05,1,17872195,17871768,427
1293672081,73.9652,71.0206,428,36522,0.270395,0.17,1,17872333,17871905,428
1294629841,35.9214,35.9514,427,29998,0.252637,0.17,1,17885435,17885008,427
1294679481,55.7452,54.7057,432,31175,0.268619,0.21,1,17886202,17885770,432
1295038641,3.89379,37.9212,430,38630,0.224771,0.19,1,17891121,17890691,430
1295094121,77.7478,76.7501,441,39656,0.424577,0.41,1,17891806,17891365,441
1295762801,24.8684,26.0248,433,50387,0.424168,0.25,1,17898998,17898565,433
1295821201,36.7136,34.7161,449,51216,0.764647,0.59,2,17899528,17899079,449
1296167221,55.8994,53.8471,499,26846,0.778683,0.45,2,17903329,17902830,499
1296365781,87.1719,58.797,557,31764,0.796874,1,2,17906787,17906230,557
1296400821,56.7779,50.9086,512,32554,0.444533,0.49,1,17907348,17906836,512
1296491341,85.3004,51.0152,545,34511,0.944625,0.77,2,17908600,17908055,545
1296503021,40.5192,31.2892,503,34755,0.943142,0.83,2,17908779,17908276,503
1296505941,41.926,39.5645,505,34816,0.947257,0.89,2,17908821,17908316,505
1296611061,32.8181,25.9135,494,36938,0.941478,1,2,17910285,17909791,494
1296903061,3.36456,3.40826,423,42272,0.0312021,0.03,1,17913875,17913452,423
1296920581,34.408,33.458,423,42572,0.0528529,0.07,1,17914060,17913637,423
1296932261,42.2133,41.3086,423,42770,0.067161,0.01,1,17914182,17913759,423
1296938101,34.7805,34.8258,422,42868,0.0191458,0.03,1,17914266,17913844,422
1296976061,48.6608,42.2133,473,43505,0.0978942,0.01,1,17914655,17914182,473
1296981901,30.1417,34.7805,451,43601,0.0624631,0.01,1,17914717,17914266,451
1296984821,3.40708,30.239,423,43649,0.0549852,0.01,1,17914719,17914296,423
1297005261,22.5617,34.1823,444,43985,0.0573326,0.05,1,17914925,17914481,444
1297037381,3.48236,30.6973,424,44511,0.026272,0,1,17915243,17914819,424
1297046141,35.1742,33.2348,425,44652,0.0316814,0.07,1,17915328,17914903,425
1297051981,38.1829,36.2781,427,44746,0.051869,0.11,1,17915389,17914962,427
1297057821,44.0805,43.1257,428,44840,0.091099,0.13,1,17915460,17915032,428
1297104541,47.994,46.854,428,45587,0.287946,0.17,1,17915935,17915507,428
1298203921,3.66271,37.1446,426,29915,0.281105,0.15,1,17926994,17926568,426
1298215601,52.617,51.7143,429,30197,0.423884,0.19,1,17927156,17926727,429
1298218521,77.6808,75.7357,431,30267,0.427554,0.19,1,17927235,17926804,431
1298779161,3.37957,31.3536,428,41570,0.221298,0.15,1,17934948,17934520,428
1298782081,44.819,45.2677,429,41621,0.226519,0.15,1,17934995,17934566,429
1299148541,473.786,538.26,470,21900,0.441877,0.63,1,17938952,17938482,470
1299166061,56.452,52.2241,455,22475,0.229677,0.09,1,17939351,17938896,455
1299174821,68.8892,101.877,492,22757,0.253499,0.13,1,17939550,17939058,492
1299195261,69.9368,123.784,502,23401,0.423928,0.25,1,17939986,17939484,502
1299393821,47.5331,37.1117,491,28919,0.415726,0.35,1,17943748,17943257,491
1299612821,39.4784,35.9399,491,33970,0.216603,1,1,17947193,17946702,491
1299630341,30.0428,32.4268,481,34342,0.207143,0.59,1,17947447,17946966,481
1299674141,51.6988,45.0694,484,35253,0.406014,0.29,1,17948020,17947536,484
1299942781,30.4322,33.4181,439,18235,0.0455092,0.03,1,17951734,17951295,439
1299983661,143.519,95.0692,572,19802,0.244457,0.05,1,17952828,17952256,572
1300176381,36.2064,52.2305,513,25932,0.0834688,1,1,17957087,17956574,513
1300214341,3.77057,36.3663,426,26974,0.0614141,0,1,17957683,17957257,426
1300246461,126.075,125.314,426,27826,0.0744071,0.07,1,17958277,17957851,426
1300255221,39.7305,39.785,422,28054,0.0597221,0.01,1,17958393,17957971,422
1300258141,49.4865,49.4893,422,28129,0.0658888,0.01,1,17958443,17958021,422
1300263981,42.2562,42.2562,422,28279,0.0333422,0.03,1,17958532,17958110,422
1300266901,4.01281,4.01281,422,28354,0.0193369,0.03,1,17958534,17958112,422
1300272741,128.925,32.31,556,28503,0.0762939,0.09,1,17958702,17958146,556
1300296101,34.4006,4.01281,457,29092,0.0382065,0.03,1,17958991,17958534,457
1300299021,131.87,32.5006,560,29165,0.0932826,0.11,1,17959128,17958568,560
1300322381,37.2505,4.0128,460,29741,0.0744697,0.03,1,17959415,17958955,460
1300430421,46.3166,50.2894,496,32270,0.771813,0.59,2,17961084,17960588,496
1300433341,44.1158,46.2145,494,32336,0.770725,0.61,2,17961128,17960634,494
1300436261,4.10579,43.1607,453,32401,0.77029,0.61,2,17961130,17960677,453
1300450861,32.797,46.9871,487,32726,0.901043,0.69,2,17961400,17960913,487
1300786661,93.8995,82.163,503,39468,0.928,1,2,17966037,17965534,503
1300812941,21.7421,32.0285,493,39946,0.222458,1,1,17966332,17965839,493
1301034861,52.8682,32.3145,502,43781,0.768214,0.59,2,17968786,17968284,502
1301261161,27.507,26.6008,426,22532,0.242853,0.05,1,17971708,17971282,426
1301267001,71.3663,55.1665,501,22720,0.263257,0.19,1,17971841,17971340,501
1301269921,98.5683,72.1083,528,22813,0.291303,0.17,1,17971941,17971413,528
1302763501,46.7779,69.2883,511,29138,0.0305301,0.85,1,17994324,17993813,511
1302789781,45.9215,61.5585,468,29785,0.0170657,0,1,17994746,17994278,468
1302906581,46.0638,62.516,473,32505,0.205844,0.15,1,17996443,17995970,473
1303035061,49.1611,72.1301,501,35253,0.931102,0.63,2,17998225,17997724,501
