#Ack,ack_ewma(ms),send_ewma(ms),rtt_ratio,cwnd (Bytes),Last Router Ocupation Ack Arriaval(Packets),Last Router Ocupation Packet Sent(Packets),Network Situation,AckArrival(ms),TSInsideAck(ms),RTTAck(ms)
37961,1723.24,1632.9,1728,1460,0.907447,0,2,54590,52862,1728
67161,1534.57,1507.36,1536,1460,0.789974,0,2,82550,81014,1536
78841,1535.52,1526.45,1536,1460,0.785071,0,2,95966,94430,1536
80301,1581.58,1535.52,1584,1460,0.788028,0,2,97550,95966,1584
84681,1703.7,1697.99,1704,1460,0.943474,0,2,102542,100838,1704
91981,1102.26,1525.15,1080,1460,0.467072,0,1,110486,109406,1080
94901,1082.34,1126.71,1080,1460,0.421532,0,1,112694,111614,1080
97821,1151.83,1148.52,1152,1460,0.476645,0,1,114998,113846,1152
108041,1485.48,1437.53,1488,1460,0.711621,0,2,124478,122990,1488
109501,1510.67,1485.48,1512,1460,0.770649,0,2,125990,124478,1512
116801,1795.25,1705.01,1800,1460,0.944131,0,2,134486,132686,1800
118261,1799.76,1795.25,1800,1460,0.947653,0,2,136286,134486,1800
121181,1730.46,1777.19,1728,1460,0.904024,0,2,139790,138062,1728
127021,1801.01,1820.28,1800,1460,0.931255,0,2,146870,145070,1800
129941,1636.98,1731.65,1632,1460,0.798201,0,2,150230,148598,1632
140161,1822.56,1795.19,1824,1460,0.936687,0,2,162062,160238,1824
144541,1134.13,1250.58,1128,1460,0.463388,0,1,166166,165038,1128
156221,1508.28,1437.53,1512,1460,0.7165,0,2,176798,175286,1512
157681,1511.81,1508.28,1512,1460,0.7846,0,2,178310,176798,1512
163521,1679.88,1677.58,1680,1460,0.914278,0,2,184934,183254,1680
169361,1683.77,1755.47,1680,1460,0.754205,0,2,191966,190286,1680
170821,1429.39,1683.77,1416,1460,0.751682,0,2,193382,191966,1416
182501,1678.56,1651.13,1680,1460,0.908535,0,2,205670,203990,1680
183961,1771.13,1678.56,1776,1460,0.921414,0,2,207446,205670,1776
208781,1438.62,1412.39,1440,1460,0.710817,0,2,234662,233222,1440
210241,1531.13,1438.62,1536,1460,0.734327,0,2,236198,234662,1536
211701,1535.76,1531.13,1536,1460,0.791731,0,2,237734,236198,1536
217541,1725.48,1677.59,1728,1460,0.94806,0,2,244406,242678,1728
229221,1487.82,1484.35,1488,1460,0.743306,0,2,257054,255566,1488
230681,1556.39,1487.82,1560,1460,0.795323,0,2,258614,257054,1560
236521,1725.59,1679.87,1728,1460,0.949688,0,2,265334,263606,1728
252581,1510.55,1483.09,1512,1460,0.745793,0,2,282686,281174,1512
254041,1557.53,1510.55,1560,1460,0.784317,0,2,284246,282686,1560
258421,1726.55,1699.07,1728,1460,0.936036,0,2,289286,287558,1728
265721,1500.17,1731.49,1488,1460,0.75803,0,2,297854,296366,1488
294921,1532.28,1461.54,1536,1460,0.749169,0,2,328814,327278,1536
296381,1558.61,1532.28,1560,1460,0.785668,0,2,330374,328814,1560
300761,1725.41,1676.28,1728,1460,0.934203,0,2,335390,333662,1728
309521,1725.56,1679.16,1728,1460,0.92943,0,2,345878,344150,1728
325581,1747.25,1657.01,1752,1460,0.940761,0,2,364526,362774,1752
344561,1679.77,1675.3,1680,1460,0.924603,0,2,384686,383006,1680
365001,1486.5,1458.05,1488,1460,0.747938,0,2,405254,403766,1488
366461,1579.13,1486.5,1584,1460,0.761175,0,2,406838,405254,1584
372301,1748.33,1678.56,1752,1460,0.904846,0,2,413486,411734,1752
392741,1727.76,1723.15,1728,1460,0.92932,0,2,437918,436190,1728
407341,1484.27,1413.47,1488,1460,0.733159,0,2,453230,451742,1488
408801,1556.21,1484.27,1560,1460,0.767264,0,2,454790,453230,1560
414641,1748.27,1677.48,1752,1460,0.916234,0,2,461438,459686,1752
423401,1136.75,1302.96,1128,1460,0.446741,0,1,470654,469526,1128
436541,1463.82,1460.33,1464,1460,0.72081,0,2,482414,480950,1464
438001,1532.39,1463.82,1536,1460,0.762324,0,2,483950,482414,1536
439461,1581.42,1532.39,1584,1460,0.79093,0,2,485534,483950,1584
442381,1676.33,1606.67,1680,1460,0.905349,0,2,488822,487142,1680
443841,1771.02,1676.33,1776,1460,0.944139,0,2,490598,488822,1776
459901,1580.2,1508.09,1584,1460,0.761463,0,2,506990,505406,1584
464281,1654.62,1628.45,1656,1460,0.902414,0,2,511838,510182,1656
465741,1769.93,1654.62,1776,1460,0.918965,0,2,513614,511838,1776
474501,1224.47,1233.42,1224,1460,0.483486,0,1,522806,521582,1224
486181,1487.87,1485.47,1488,1460,0.77776,0,2,533678,532190,1488
487641,1624.79,1487.87,1632,1460,0.797104,0,2,535310,533678,1632
492021,1726.56,1699.24,1728,1460,0.936855,0,2,540350,538622,1728
499321,1535.58,1527.6,1536,1460,0.762089,0,2,548846,547310,1536
500781,1535.98,1535.58,1536,1460,0.778836,0,2,550382,548846,1536
502241,1581.6,1535.98,1584,1460,0.797534,0,2,551966,550382,1584
506621,1749.36,1699.13,1752,1460,0.917682,0,2,557030,555278,1752
524141,1701.42,1652.33,1704,1460,0.914711,0,2,576278,574574,1704
529981,1729.37,1755.47,1728,1460,0.717833,0,2,583358,581630,1728
538741,1508.27,1437.41,1512,1460,0.704541,0,2,591590,590078,1512
541661,1579.25,1489.01,1584,1460,0.776327,0,2,594662,593078,1584
547501,1747.25,1656.96,1752,1460,0.928082,0,2,601334,599582,1752
579621,1702.74,1678.71,1704,1460,0.934319,0,2,637070,635366,1704
595681,1513.86,1549.26,1512,1460,0.712736,0,2,656270,654758,1512
597141,1443.69,1513.86,1440,1460,0.711094,0,2,657710,656270,1440
605901,1700.34,1630.79,1704,1460,0.914223,0,2,667262,665558,1704
607361,1772.22,1700.34,1776,1460,0.947689,0,2,669038,667262,1776
623421,1499.04,1708.74,1488,1460,0.767488,0,2,687902,686414,1488
639481,1155.67,1225.44,1152,1460,0.45304,0,1,705734,704582,1152
651161,1555.24,1464.9,1560,1460,0.755473,0,2,716606,715046,1560
652621,1559.76,1555.24,1560,1460,0.788189,0,2,718166,716606,1560
670141,1535.58,1527.56,1536,1460,0.790713,0,2,737510,735974,1536
674521,1724.33,1654.56,1728,1460,0.920606,0,2,742526,740798,1728
683281,1681.21,1704.13,1680,1460,0.790124,0,2,752942,751262,1680
702261,1486.44,1456.87,1488,1460,0.72458,0,2,773222,771734,1488
703721,1533.52,1486.44,1536,1460,0.763832,0,2,774758,773222,1536
709561,1679.87,1677.47,1680,1460,0.913746,0,2,781334,779654,1680
711021,1771.19,1679.87,1776,1460,0.935498,0,2,783110,781334,1776
732921,1726.67,1701.42,1728,1460,0.938183,0,2,806030,804302,1728
748981,1706.58,1755.59,1704,1460,0.701939,0,2,825182,823478,1704
751901,1205.83,1316.53,1200,1460,0.43511,0,1,827678,826478,1200
765041,1486.62,1460.39,1488,1460,0.749944,0,2,839414,837926,1488
766501,1579.13,1486.62,1584,1460,0.761977,0,2,840998,839414,1584
772341,1747.13,1654.62,1752,1460,0.914179,0,2,847598,845846,1752
789861,1508.21,1436.22,1512,1460,0.702936,0,2,865166,863654,1512
797161,1726.67,1701.41,1728,1460,0.913812,0,2,873326,871598,1728
820521,1438.57,1411.31,1440,1460,0.710232,0,2,898718,897278,1440
821981,1531.13,1438.57,1536,1460,0.734093,0,2,900254,898718,1536
823441,1535.76,1531.13,1536,1460,0.779637,0,2,901790,900254,1536
836581,1173.06,1573.2,1152,1460,0.425691,0,1,916670,915518,1152
839501,917.213,1016.25,912,1460,0.273311,0,1,918590,917678,912
848261,1127.82,1124.33,1128,1460,0.465047,0,1,924830,923702,1128
849721,1241.99,1127.82,1248,1460,0.492019,0,1,926078,924830,1248
858481,1486.56,1459.25,1488,1460,0.749258,0,2,934358,932870,1488
859941,1579.13,1486.56,1584,1460,0.785703,0,2,935942,934358,1584
865781,1816.85,1680.96,1824,1460,0.94541,0,2,942758,940934,1824
868701,1821.7,1778.04,1824,1460,0.949266,0,2,946358,944534,1824
880381,1800.05,1800.96,1800,1460,0.906891,0,2,960206,958406,1800
881841,1686,1800.05,1680,1460,0.716756,0,2,961886,960206,1680
912501,1176.9,1194.05,1176,1460,0.494637,0,1,991526,990350,1176
921261,1509.41,1460.27,1512,1460,0.729854,0,2,999758,998246,1512
922721,1534.67,1509.41,1536,1460,0.777942,0,2,1001294,999758,1536
924181,1604.33,1534.67,1608,1460,0.797177,0,2,1002902,1001294,1608
928561,1724.28,1653.59,1728,1460,0.921019,0,2,1007894,1006166,1728
946081,1703.76,1699.14,1704,1460,0.931922,0,2,1027358,1025654,1704
947541,1795.19,1703.76,1800,1460,0.942769,0,2,1029158,1027358,1800
953381,1133.1,1685.94,1104,1460,0.447351,0,1,1035518,1034414,1104
956301,896.593,1059.85,888,1460,0.271976,0,1,1037462,1036574,888
965061,1150.56,1123.13,1152,1460,0.468644,0,1,1043654,1042502,1152
966521,1243.13,1150.56,1248,1460,0.481457,0,1,1044902,1043654,1248
975281,1508.27,1437.42,1512,1460,0.740064,0,2,1053134,1051622,1512
976741,1557.41,1508.27,1560,1460,0.758026,0,2,1054694,1053134,1560
982581,1748.33,1678.56,1752,1460,0.928765,0,2,1061342,1059590,1752
989881,1447.74,1594.8,1440,1460,0.700298,0,2,1069742,1068302,1440
1000101,1486.73,1462.62,1488,1460,0.739862,0,2,1079582,1078094,1488
1001561,1556.34,1486.73,1560,1460,0.769945,0,2,1081142,1079582,1560
1005941,1678.62,1652.33,1680,1460,0.909676,0,2,1086062,1084382,1680
1007401,1771.13,1678.62,1776,1460,0.933871,0,2,1087838,1086062,1776
1013241,1157.09,1709.88,1128,1460,0.444147,0,1,1094270,1093142,1128
1014701,1038.25,1157.09,1032,1460,0.411659,0,1,1095302,1094270,1032
1027841,1484.38,1415.7,1488,1460,0.733491,0,2,1106846,1105358,1488
1029301,1556.22,1484.38,1560,1460,0.767396,0,2,1108406,1106846,1560
1035141,1726.61,1700.28,1728,1460,0.925357,0,2,1115054,1113326,1728
1051201,1486.55,1459.08,1488,1460,0.725094,0,2,1131854,1130366,1488
1052661,1533.53,1486.55,1536,1460,0.776038,0,2,1133390,1131854,1536
1054121,1604.28,1533.53,1608,1460,0.796415,0,2,1134998,1133390,1608
1058501,1703.76,1699.19,1704,1460,0.920011,0,2,1140014,1138310,1704
1059961,1772.39,1703.76,1776,1460,0.938004,0,2,1141790,1140014,1776
1077481,1677.48,1629.53,1680,1460,0.907717,0,2,1160822,1159142,1680
1078941,1771.07,1677.48,1776,1460,0.933087,0,2,1162598,1160822,1776
1089161,1230.51,1354.15,1224,1460,0.485283,0,1,1173878,1172654,1224
1099381,1462.61,1436.22,1464,1460,0.729097,0,2,1183118,1181654,1464
1100841,1555.13,1462.61,1560,1460,0.765639,0,2,1184678,1183118,1560
1102301,1582.56,1555.13,1584,1460,0.792255,0,2,1186262,1184678,1584
1106681,1723.14,1630.74,1728,1460,0.906784,0,2,1191230,1189502,1728
1116901,1113.5,1293.96,1104,1460,0.473212,0,1,1202558,1201454,1104
1128581,1530.05,1417.01,1536,1460,0.745065,0,2,1213310,1211774,1536
1135881,1703.82,1700.45,1704,1460,0.921597,0,2,1221566,1219862,1704
1149021,1486.61,1460.29,1488,1460,0.739661,0,2,1235870,1234382,1488
1150481,1556.33,1486.61,1560,1460,0.769864,0,2,1237430,1235870,1560
1151941,1582.62,1556.33,1584,1460,0.793946,0,2,1239014,1237430,1584
1156321,1725.42,1676.34,1728,1460,0.922733,0,2,1244030,1242302,1728
1173841,1484.16,1411.14,1488,1460,0.718637,0,2,1261862,1260374,1488
1175301,1533.41,1484.16,1536,1460,0.773455,0,2,1263398,1261862,1536
1176761,1604.27,1533.41,1608,1460,0.795382,0,2,1265006,1263398,1608
1181141,1748.22,1676.39,1752,1460,0.927624,0,2,1270046,1268294,1752
1182601,1774.61,1748.22,1776,1460,0.94105,0,2,1271822,1270046,1776
1198661,1439.88,1437.53,1440,1460,0.714253,0,2,1288214,1286774,1440
1200121,1531.19,1439.88,1536,1460,0.723701,0,2,1289750,1288214,1536
1205961,1701.53,1654.5,1704,1460,0.903599,0,2,1296254,1294550,1704
1223481,1559.75,1555.07,1560,1460,0.799559,0,2,1315166,1313606,1560
1242461,1581.46,1533.3,1584,1460,0.791154,0,2,1335974,1334390,1584
1248301,1725.59,1679.82,1728,1460,0.937582,0,2,1342670,1340942,1728
1265821,1773.41,1724.22,1776,1460,0.937822,0,2,1362014,1360238,1776
1277501,1724.39,1655.76,1728,1460,0.922988,0,2,1375502,1373774,1728
1286261,1749.79,1707.72,1752,1460,0.927345,0,2,1386158,1384406,1752
1293561,1680.18,1683.66,1680,1460,0.910581,0,2,1394798,1393118,1680
1302321,1625.58,1503.65,1632,1460,0.743258,0,2,1405046,1403414,1632
1305241,1487.2,1472.08,1488,1460,0.739321,0,2,1407998,1406510,1488
1306701,1533.56,1487.2,1536,1460,0.793728,0,2,1409534,1407998,1536
1312541,1727.82,1724.33,1728,1460,0.940719,0,2,1416278,1414550,1728
1331521,1655.82,1652.33,1656,1460,0.905041,0,2,1436894,1435238,1656
1332981,1769.99,1655.82,1776,1460,0.932016,0,2,1438670,1436894,1776
1360721,1461.59,1415.81,1464,1460,0.71733,0,2,1468166,1466702,1464
1362181,1532.28,1461.59,1536,1460,0.760932,0,2,1469702,1468166,1536
1368021,1723.19,1631.87,1728,1460,0.919432,0,2,1476278,1474550,1728
1369481,1773.36,1723.19,1776,1460,0.949773,0,2,1478054,1476278,1776
1388461,1724.27,1653.47,1728,1460,0.931888,0,2,1498094,1496366,1728
1389921,1796.21,1724.27,1800,1460,0.942755,0,2,1499894,1498094,1800
1410361,1137.72,1322.34,1128,1460,0.482449,0,1,1523030,1521902,1128
1422041,1443.24,1504.85,1440,1460,0.731583,0,2,1533758,1532318,1440
1424961,1605.31,1554.16,1608,1460,0.797453,0,2,1536926,1535318,1608
1427881,1721.99,1607.87,1728,1460,0.915992,0,2,1540262,1538534,1728
1446861,1463.87,1461.42,1464,1460,0.721573,0,2,1559750,1558286,1464
1448321,1532.39,1463.87,1536,1460,0.762629,0,2,1561286,1559750,1536
1454161,1702.73,1678.61,1704,1460,0.943283,0,2,1567910,1566206,1704
1471681,1485.53,1438.61,1488,1460,0.724356,0,2,1585478,1583990,1488
1473141,1533.48,1485.53,1536,1460,0.763743,0,2,1587014,1585478,1536
1474601,1581.47,1533.48,1584,1460,0.791497,0,2,1588598,1587014,1584
1478981,1701.48,1653.53,1704,1460,0.915856,0,2,1593566,1591862,1704
1480441,1772.27,1701.48,1776,1460,0.948342,0,2,1595342,1593566,1776
1487741,1566.07,1681.5,1560,1460,0.777413,0,2,1603910,1602350,1560
1509641,1462.79,1439.81,1464,1460,0.733323,0,2,1627574,1626110,1464
1511101,1555.14,1462.79,1560,1460,0.767329,0,2,1629134,1627574,1560
1515481,1701.42,1652.33,1704,1460,0.902309,0,2,1634078,1632374,1704
1516941,1749.47,1701.42,1752,1460,0.930924,0,2,1635830,1634078,1752
1528621,1701.59,1655.7,1704,1460,0.905896,0,2,1649318,1647614,1704
1530081,1749.48,1701.59,1752,1460,0.932358,0,2,1651070,1649318,1752
1556361,1463.76,1459.15,1464,1460,0.734118,0,2,1680518,1679054,1464
1559281,1514.16,1555.19,1512,1460,0.790659,0,2,1683590,1682078,1512
1565121,1726.62,1700.39,1728,1460,0.949953,0,2,1690286,1688558,1728
1572421,1206.18,1779.6,1176,1460,0.448188,0,1,1698758,1697582,1176
1588481,1415.81,1412.21,1416,1460,0.704006,0,2,1711934,1710518,1416
1589941,1529.99,1415.81,1536,1460,0.719602,0,2,1713470,1711934,1536
1592861,1603.24,1512.9,1608,1460,0.795536,0,2,1716590,1714982,1608
1597241,1748.22,1676.39,1752,1460,0.927634,0,2,1721630,1719878,1752
1627901,1179.79,1707.72,1152,1460,0.497998,0,1,1754726,1753574,1152
1629361,1130.59,1179.79,1128,1460,0.481199,0,1,1755854,1754726,1128
1638121,1415.87,1413.42,1416,1460,0.705499,0,2,1763822,1762406,1416
1639581,1529.99,1415.87,1536,1460,0.7322,0,2,1765358,1763822,1536
1641041,1535.7,1529.99,1536,1460,0.79088,0,2,1766894,1765358,1536
1646881,1703.82,1700.39,1704,1460,0.945159,0,2,1773566,1771862,1704
1661481,1063.45,1661.02,1032,1460,0.28919,0,1,1790342,1789310,1032
1673161,1150.55,1123.07,1152,1460,0.456036,0,1,1797998,1796846,1152
1674621,1220.33,1150.55,1224,1460,0.476414,0,1,1799222,1797998,1224
1683381,1486.61,1460.22,1488,1460,0.724918,0,2,1807406,1805918,1488
1684841,1533.53,1486.61,1536,1460,0.763967,0,2,1808942,1807406,1536
1686301,1581.48,1533.53,1584,1460,0.791587,0,2,1810526,1808942,1584
1690681,1725.42,1676.33,1728,1460,0.922582,0,2,1815542,1813814,1728
1703821,1463.76,1459.15,1464,1460,0.721851,0,2,1829558,1828094,1464
1705281,1532.39,1463.76,1536,1460,0.77474,0,2,1831094,1829558,1536
1711121,1724.34,1654.73,1728,1460,0.921705,0,2,1837718,1835990,1728
1719881,1510.55,1483.08,1512,1460,0.718198,0,2,1847942,1846430,1512
1724261,1579.15,1486.92,1584,1460,0.789725,0,2,1852478,1850894,1584
1728641,1678.68,1653.53,1680,1460,0.910942,0,2,1857422,1855742,1680
1750541,1726.5,1698.05,1728,1460,0.936227,0,2,1880798,1879070,1728
1756381,1706.52,1754.39,1704,1460,0.700815,0,2,1887854,1886150,1704
1785581,1556.28,1485.54,1560,1460,0.782094,0,2,1918646,1917086,1560
1787041,1605.41,1556.28,1608,1460,0.798838,0,2,1920254,1918646,1608
1791421,1725.42,1676.39,1728,1460,0.947046,0,2,1925270,1923542,1728
1797261,1731.55,1798.91,1728,1460,0.783172,0,2,1932398,1930670,1728
1806021,1533.47,1485.48,1536,1460,0.728643,0,2,1941110,1939574,1536
1811861,1747.01,1652.22,1752,1460,0.911789,0,2,1947614,1945862,1752
1813321,1751.75,1747.01,1752,1460,0.946716,0,2,1949366,1947614,1752
1827921,1486.78,1463.7,1488,1460,0.740133,0,2,1964390,1962902,1488
1829381,1556.34,1486.78,1560,1460,0.770053,0,2,1965950,1964390,1560
1833761,1701.42,1652.33,1704,1460,0.914483,0,2,1970894,1969190,1704
1843981,1536.52,1546.47,1536,1460,0.796131,0,2,1982750,1981214,1536
1857121,803.526,1478.52,768,1460,0.267853,0,1,1997126,1996358,768
1879021,1533.47,1485.36,1536,1460,0.7505,0,2,2014910,2013374,1536
1880481,1558.67,1533.47,1560,1460,0.7982,0,2,2016470,2014910,1560
1884861,1725.47,1677.42,1728,1460,0.911005,0,2,2021510,2019782,1728
1898001,1557.47,1509.49,1560,1460,0.785447,0,2,2036054,2034494,1560
1903841,1727.81,1724.27,1728,1460,0.940507,0,2,2042774,2041046,1728
1909681,1679.22,1664.33,1680,1460,0.789341,0,2,2049734,2048054,1680
1912601,1466.82,1520.36,1464,1460,0.753895,0,2,2052710,2051246,1464
1918441,1700.22,1628.39,1704,1460,0.900148,0,2,2059166,2057462,1704
1919901,1749.41,1700.22,1752,1460,0.930059,0,2,2060918,2059166,1752
1931581,1747.19,1655.87,1752,1460,0.928191,0,2,2074382,2072630,1752
1944721,1725.3,1674.02,1728,1460,0.910429,0,2,2089670,2087942,1728
1946181,1750.67,1725.3,1752,1460,0.946172,0,2,2091422,2089670,1752
1962241,1149.47,1101.47,1152,1460,0.432329,0,1,2106182,2105030,1152
1963701,1174.67,1149.47,1176,1460,0.478932,0,1,2107358,2106182,1176
1972461,1508.16,1435.25,1512,1460,0.714764,0,2,2115542,2114030,1512
1973921,1511.81,1508.16,1512,1460,0.771905,0,2,2117054,2115542,1512
1979761,1747.19,1655.87,1752,1460,0.915201,0,2,2123726,2121974,1752
2000201,1202.4,1248.06,1200,1460,0.49861,0,1,2146838,2145638,1200
2010421,1486.61,1460.28,1488,1460,0.749418,0,2,2156294,2154806,1488
2016261,1677.65,1633.01,1680,1460,0.910305,0,2,2162846,2161166,1680
2017721,1771.08,1677.65,1776,1460,0.946122,0,2,2164622,2162846,1776
2025021,1190.16,1459.2,1176,1460,0.440277,0,1,2172686,2171510,1176
2030861,1148.34,1078.82,1152,1460,0.433431,0,1,2177030,2175878,1152
2032321,1174.62,1148.34,1176,1460,0.479372,0,1,2178206,2177030,1176
2033781,1244.33,1174.62,1248,1460,0.497749,0,1,2179454,2178206,1248
2041081,1415.88,1413.58,1416,1460,0.70629,0,2,2186270,2184854,1416
2042541,1529.99,1415.88,1536,1460,0.744516,0,2,2187806,2186270,1536
2048381,1746.05,1632.96,1752,1460,0.91258,0,2,2194406,2192654,1752
2049841,1751.7,1746.05,1752,1460,0.947032,0,2,2196158,2194406,1752
2090721,1510.61,1484.21,1512,1460,0.768838,0,2,2238998,2237486,1512
2096561,1725.48,1677.53,1728,1460,0.923474,0,2,2245646,2243918,1728
2098021,1773.47,1725.48,1776,1460,0.93939,0,2,2247422,2245646,1776
2106781,1103.81,1100.21,1104,1460,0.421868,0,1,2256086,2254982,1104
2108241,1126.79,1103.81,1128,1460,0.462747,0,1,2257214,2256086,1128
2109701,1219.14,1126.79,1224,1460,0.491099,0,1,2258438,2257214,1224
2118461,1484.33,1414.5,1488,1460,0.708524,0,2,2266550,2265062,1488
2119921,1510.62,1484.33,1512,1460,0.769409,0,2,2268062,2266550,1512
2121381,1603.13,1510.62,1608,1460,0.793764,0,2,2269670,2268062,1608
2125761,1703.76,1699.19,1704,1460,0.931841,0,2,2274686,2272982,1704
2141821,1600.79,1463.88,1608,1460,0.766055,0,2,2292134,2290526,1608
2146201,1702.51,1674.1,1704,1460,0.904148,0,2,2297078,2295374,1704
2147661,1749.53,1702.51,1752,1460,0.913659,0,2,2298830,2297078,1752
2153501,1500.12,1730.34,1488,1460,0.757166,0,2,2305574,2304086,1488
2166641,1562.88,1617.59,1560,1460,0.78505,0,2,2320526,2318966,1560
2172481,1747.13,1654.62,1752,1460,0.914769,0,2,2327126,2325374,1752
2173941,1751.76,1747.13,1752,1460,0.947908,0,2,2328878,2327126,1752
2184161,1485.43,1436.52,1488,1460,0.737592,0,2,2339414,2337926,1488
2185621,1556.27,1485.43,1560,1460,0.781037,0,2,2340974,2339414,1560
2187081,1605.41,1556.27,1608,1460,0.798415,0,2,2342582,2340974,1608
2192921,1724.45,1657.02,1728,1460,0.935847,0,2,2349254,2347526,1728
2200221,1150.15,1570.92,1128,1460,0.408511,0,1,2357342,2356214,1128
2210441,1126.79,1103.81,1128,1460,0.440999,0,1,2364638,2363510,1128
2222121,1508.45,1441.07,1512,1460,0.76788,0,2,2375606,2374094,1512
2227961,1748.39,1679.81,1752,1460,0.929786,0,2,2382326,2380574,1752
2242561,1038.48,1617.54,1008,1460,0.412441,0,1,2398886,2397878,1008
2251321,1126.68,1101.54,1128,1460,0.439943,0,1,2405246,2404118,1128
2252781,1196.33,1126.68,1200,1460,0.469977,0,1,2406446,2405246,1200
2261541,1509.35,1459.08,1512,1460,0.740923,0,2,2414630,2413118,1512
2263001,1557.47,1509.35,1560,1460,0.770369,0,2,2416190,2414630,1560
2268841,1702.67,1677.48,1704,1460,0.906713,0,2,2422790,2421086,1704
2270301,1749.53,1702.67,1752,1460,0.932685,0,2,2424542,2422790,1752
2271761,1774.68,1749.53,1776,1460,0.949074,0,2,2426318,2424542,1776
2276141,1226.52,1274.4,1224,1460,0.461301,0,1,2430566,2429342,1224
2277601,1110.13,1226.52,1104,1460,0.40652,0,1,2431670,2430566,1104
2290741,1530.1,1417.98,1536,1460,0.732714,0,2,2443358,2441822,1536
2292201,1535.7,1530.1,1536,1460,0.791086,0,2,2444894,2443358,1536
2296581,1723.19,1631.76,1728,1460,0.906709,0,2,2449886,2448158,1728
2298041,1750.56,1723.19,1752,1460,0.944684,0,2,2451638,2449886,1752
2306801,1298.92,1354.38,1296,1460,0.452307,0,1,2461286,2459990,1296
2308261,1068.15,1298.92,1056,1460,0.426923,0,1,2462342,2461286,1056
2321401,1485.53,1438.62,1488,1460,0.724345,0,2,2474198,2472710,1488
2322861,1533.48,1485.53,1536,1460,0.751738,0,2,2475734,2474198,1536
2324321,1558.67,1533.48,1560,1460,0.798695,0,2,2477294,2475734,1560
2328701,1749.41,1700.22,1752,1460,0.941756,0,2,2482382,2480630,1752
2334541,1637.04,1732.73,1632,1460,0.786685,0,2,2489366,2487734,1632
2357901,1485.53,1438.55,1488,1460,0.711894,0,2,2513702,2512214,1488
2359361,1510.68,1485.53,1512,1460,0.770758,0,2,2515214,2513702,1512
2360821,1603.13,1510.68,1608,1460,0.794303,0,2,2516822,2515214,1608
2373961,1207.2,1344,1200,1460,0.463575,0,1,2531534,2530334,1200
2375421,1109.16,1207.2,1104,1460,0.43143,0,1,2532638,2531534,1104
2385641,1461.31,1410.11,1464,1460,0.701276,0,2,2541782,2540318,1464
2387101,1509.47,1461.31,1512,1460,0.70651,0,2,2543294,2541782,1512
2394401,1725.48,1677.58,1728,1460,0.947775,0,2,2551454,2549726,1728
2401701,1240.32,1550.4,1224,1460,0.473952,0,1,2559686,2558462,1224
2406081,1001.36,875.201,1008,1460,0.284973,0,1,2562638,2561630,1008
2410461,1079.71,1074.1,1080,1460,0.412558,0,1,2565758,2564678,1080
2411921,1171.19,1079.71,1176,1460,0.459023,0,1,2566934,2565758,1176
2423601,1555.25,1464.95,1560,1460,0.755779,0,2,2577974,2576414,1560
2429441,1747.25,1656.9,1752,1460,0.915556,0,2,2584622,2582870,1752
2442581,1486.5,1458.05,1488,1460,0.749032,0,2,2598254,2596766,1488
2444041,1579.13,1486.5,1584,1460,0.773613,0,2,2599838,2598254,1584
2449881,1724.39,1655.82,1728,1460,0.922444,0,2,2606462,2604734,1728
2476161,1485.47,1437.41,1488,1460,0.72293,0,2,2634374,2632886,1488
2477621,1533.47,1485.47,1536,1460,0.739172,0,2,2635910,2634374,1536
2483461,1747.19,1655.7,1752,1460,0.926363,0,2,2642510,2640758,1752
2484921,1774.56,1747.19,1776,1460,0.940545,0,2,2644286,2642510,1776
2492221,1189.65,1448.93,1176,1460,0.497878,0,1,2652110,2650934,1176
2493681,1176.68,1189.65,1176,1460,0.481151,0,1,2653286,2652110,1176
2503901,1487.88,1485.52,1488,1460,0.753668,0,2,2662886,2661398,1488
2505361,1579.19,1487.88,1584,1460,0.775467,0,2,2664470,2662886,1584
2517041,1111.44,1708.85,1080,1460,0.446678,0,1,2677574,2676494,1080
2525801,1172.22,1100.33,1176,1460,0.424362,0,1,2683910,2682734,1176
2537481,1487.75,1483.08,1488,1460,0.739521,0,2,2694638,2693150,1488
2538941,1556.39,1487.75,1560,1460,0.769809,0,2,2696198,2694638,1560
2543321,1701.42,1652.33,1704,1460,0.902468,0,2,2701142,2699438,1704
2557921,1821.47,1773.42,1824,1460,0.940317,0,2,2718758,2716934,1824
2560841,1524.17,1755.47,1512,1460,0.799651,0,2,2722022,2720510,1512
2563761,1469.85,1581.01,1464,1460,0.743544,0,2,2725070,2723606,1464
2571061,1724.27,1653.48,1728,1460,0.908545,0,2,2733158,2731430,1728
2579821,1542.42,1664.4,1536,1460,0.773305,0,2,2743574,2742038,1536
2595881,1182.18,1299.6,1176,1460,0.490246,0,1,2761142,2759966,1176
2606101,1462.73,1438.56,1464,1460,0.73112,0,2,2770550,2769086,1464
2607561,1555.14,1462.73,1560,1460,0.766448,0,2,2772110,2770550,1560
2613401,1748.27,1677.48,1752,1460,0.916213,0,2,2778758,2777006,1752
2614861,1751.81,1748.27,1752,1460,0.942485,0,2,2780510,2778758,1752
2616321,1797.59,1751.81,1800,1460,0.946994,0,2,2782310,2780510,1800
2622161,1482.96,1387.26,1488,1460,0.726915,0,2,2788694,2787206,1488
2623621,1510.55,1482.96,1512,1460,0.740766,0,2,2790206,2788694,1512
2625081,1534.73,1510.55,1536,1460,0.758306,0,2,2791742,2790206,1536
2629461,1701.36,1651.14,1704,1460,0.913732,0,2,2796662,2794958,1704
2646981,1486.73,1462.62,1488,1460,0.739922,0,2,2815310,2813822,1488
2648441,1556.34,1486.73,1560,1460,0.757969,0,2,2816870,2815310,1560
2652821,1679.7,1673.99,1680,1460,0.91083,0,2,2821790,2820110,1680
2654281,1771.18,1679.7,1776,1460,0.946332,0,2,2823566,2821790,1776
2660121,1455.78,1755.54,1440,1460,0.701362,0,2,2830382,2828942,1440
2664501,1509.49,1461.7,1512,1460,0.724327,0,2,2834774,2833262,1512
2665961,1511.87,1509.49,1512,1460,0.763731,0,2,2836286,2834774,1512
2671801,1724.39,1655.81,1728,1460,0.910191,0,2,2842910,2841182,1728
2673261,1750.62,1724.39,1752,1460,0.946077,0,2,2844662,2842910,1752
2680561,1655.22,1640.46,1656,1460,0.903208,0,2,2853374,2851718,1656
2696621,1487.87,1485.35,1488,1460,0.765849,0,2,2870822,2869334,1488
2698081,1601.99,1487.87,1608,1460,0.79234,0,2,2872430,2870822,1608
2702461,1679.82,1676.39,1680,1460,0.90103,0,2,2877398,2875718,1680
2703921,1748.39,1679.82,1752,1460,0.930412,0,2,2879150,2877398,1752
2717061,1533.42,1484.4,1536,1460,0.752772,0,2,2893454,2891918,1536
2718521,1558.67,1533.42,1560,1460,0.787109,0,2,2895014,2893454,1560
2722901,1726.55,1699.08,1728,1460,0.936215,0,2,2900054,2898326,1728
2731661,1388.57,1323.48,1392,1460,0.499373,0,1,2910014,2908622,1392
2734581,1218.71,1118.23,1224,1460,0.4795,0,1,2912342,2911118,1224
2743341,1462.73,1438.56,1464,1460,0.706978,0,2,2920478,2919014,1464
2744801,1509.54,1462.73,1512,1460,0.768791,0,2,2921990,2920478,1512
2759401,1537.86,1573.14,1536,1460,0.718573,0,2,2938958,2937422,1536
2768161,1700.28,1629.54,1704,1460,0.900994,0,2,2948414,2946710,1704
2769621,1749.41,1700.28,1752,1460,0.930398,0,2,2950166,2948414,1752
2776921,1356.66,1597.13,1344,1460,0.478574,0,1,2958542,2957198,1344
2778381,1048.23,1356.66,1032,1460,0.437429,0,1,2959574,2958542,1032
2791521,1484.33,1414.56,1488,1460,0.708597,0,2,2971118,2969630,1488
2792981,1510.62,1484.33,1512,1460,0.745439,0,2,2972630,2971118,1512
2794441,1557.53,1510.62,1560,1460,0.796176,0,2,2974190,2972630,1560
2800281,1747.25,1657.07,1752,1460,0.94059,0,2,2980910,2979158,1752
2816341,1700.33,1630.61,1704,1460,0.900919,0,2,2998238,2996534,1704
2817801,1749.42,1700.33,1752,1460,0.942368,0,2,2999990,2998238,1752
2826561,926.535,1202.7,912,1460,0.282223,0,1,3008750,3007838,912
2828021,912.727,926.535,912,1460,0.274889,0,1,3009662,3008750,912
2833861,1148.33,1078.55,1152,1460,0.417197,0,1,3013910,3012758,1152
2835321,1151.82,1148.33,1152,1460,0.448879,0,1,3015062,3013910,1152
2836781,1197.59,1151.82,1200,1460,0.485552,0,1,3016262,3015062,1200
2844081,1460.27,1389.47,1464,1460,0.700156,0,2,3023006,3021542,1464
2845541,1509.41,1460.27,1512,1460,0.754062,0,2,3024518,3023006,1512
2847001,1580.27,1509.41,1584,1460,0.775625,0,2,3026102,3024518,1584
2851381,1655.82,1652.39,1656,1460,0.90524,0,2,3030998,3029342,1656
2852841,1769.99,1655.82,1776,1460,0.944096,0,2,3032774,3030998,1776
2860141,1290.54,1642.74,1272,1460,0.480192,0,1,3041150,3039878,1272
2867441,1125.42,1076.41,1128,1460,0.425503,0,1,3046430,3045302,1128
2868901,1173.47,1125.42,1176,1460,0.440201,0,1,3047606,3046430,1176
2870361,1175.87,1173.47,1176,1460,0.49408,0,1,3048782,3047606,1176
2877661,1484.27,1413.47,1488,1460,0.708039,0,2,3055646,3054158,1488
2879121,1510.61,1484.27,1512,1460,0.745215,0,2,3057158,3055646,1512
2880581,1557.53,1510.61,1560,1460,0.772086,0,2,3058718,3057158,1560
2886421,1770.05,1656.96,1776,1460,0.932773,0,2,3065414,3063638,1776
2890801,1752.06,1753.19,1752,1460,0.742018,0,2,3070694,3068942,1752
2899561,1437.48,1389.6,1440,1460,0.721785,0,2,3078950,3077510,1440
2901021,1553.87,1437.48,1560,1460,0.750714,0,2,3080510,3078950,1560
2906861,1748.33,1678.56,1752,1460,0.904578,0,2,3087158,3085406,1752
2915621,1724.59,1659.78,1728,1460,0.918076,0,2,3097622,3095894,1728
2920001,1726.92,1706.33,1728,1460,0.932597,0,2,3102806,3101078,1728
2921461,1773.55,1726.92,1776,1460,0.949039,0,2,3104582,3102806,1776
2928761,1138.86,1345.2,1128,1460,0.496678,0,1,3112478,3111350,1128
2937521,1461.47,1413.47,1464,1460,0.70347,0,2,3120518,3119054,1464
2938981,1509.47,1461.47,1512,1460,0.767388,0,2,3122030,3120518,1512
2944821,1748.28,1677.53,1752,1460,0.904237,0,2,3128702,3126950,1752
2947741,1819.25,1729.01,1824,1460,0.948678,0,2,3132254,3130430,1824
2968181,1163.14,1374.84,1152,1460,0.495762,0,1,3155366,3154214,1152
2978401,1508.17,1435.3,1512,1460,0.727224,0,2,3164798,3163286,1512
2979861,1534.61,1508.17,1536,1460,0.77689,0,2,3166334,3164798,1536
2981321,1604.33,1534.61,1608,1460,0.796756,0,2,3167942,3166334,1608
2985701,1725.42,1676.39,1728,1460,0.934912,0,2,3172958,3171230,1728
2987161,1796.27,1725.42,1800,1460,0.949965,0,2,3174758,3172958,1800
3003221,1127.82,1124.33,1128,1460,0.453392,0,1,3188750,3187622,1128
3004681,1219.19,1127.82,1224,1460,0.475357,0,1,3189974,3188750,1224
3013441,1508.27,1437.47,1512,1460,0.739978,0,2,3198158,3196646,1512
3014901,1557.41,1508.27,1560,1460,0.793991,0,2,3199718,3198158,1560
3020741,1725.42,1676.45,1728,1460,0.94735,0,2,3206366,3204638,1728
3026581,1731.66,1801.19,1728,1460,0.922668,0,2,3213542,3211814,1728
3038261,1182.52,1306.39,1176,1460,0.495154,0,1,3226454,3225278,1176
3047021,1485.42,1436.33,1488,1460,0.710368,0,2,3234542,3233054,1488
3048481,1510.67,1485.42,1512,1460,0.782147,0,2,3236054,3234542,1512
3054321,1725.48,1677.58,1728,1460,0.947815,0,2,3242726,3240998,1728
3063081,1128.31,1590.3,1104,1460,0.486618,0,1,3252590,3251486,1104
3082061,1700.34,1630.73,1704,1460,0.913783,0,2,3271070,3269366,1704
3083521,1772.22,1700.34,1776,1460,0.947513,0,2,3272846,3271070,1776
3089361,1086.19,1659.78,1056,1460,0.470416,0,1,3279086,3278030,1056
3092281,922.695,1125.91,912,1460,0.280467,0,1,3281126,3280214,912
3109801,1507.07,1413.42,1512,1460,0.712617,0,2,3295502,3293990,1512
3111261,1511.75,1507.07,1512,1460,0.759047,0,2,3297014,3295502,1512
3112721,1580.39,1511.75,1584,1460,0.777619,0,2,3298598,3297014,1584
3118561,1792.9,1658.1,1800,1460,0.926483,0,2,3305342,3303542,1800
3125861,1193.58,1527.53,1176,1460,0.448063,0,1,3313406,3312230,1176
3127321,1062.88,1193.58,1056,1460,0.425225,0,1,3314462,3313406,1056
3140461,1485.47,1437.41,1488,1460,0.722892,0,2,3326054,3324566,1488
3141921,1533.47,1485.47,1536,1460,0.763157,0,2,3327590,3326054,1536
3143381,1581.47,1533.47,1584,1460,0.791263,0,2,3329174,3327590,1584
3147761,1702.62,1676.33,1704,1460,0.917761,0,2,3334166,3332462,1704
3149221,1772.33,1702.62,1776,1460,0.949104,0,2,3335942,3334166,1776
3157981,1563.61,1632.25,1560,1460,0.770361,0,2,3346094,3344534,1560
3163821,1725.47,1677.36,1728,1460,0.911513,0,2,3352670,3350942,1728
3184261,1533.36,1483.24,1536,1460,0.761683,0,2,3372902,3371366,1536
3185721,1581.47,1533.36,1584,1460,0.790673,0,2,3374486,3372902,1584
3190101,1702.62,1676.33,1704,1460,0.917723,0,2,3379478,3377774,1704
3191561,1772.33,1702.62,1776,1460,0.949089,0,2,3381254,3379478,1776
3204701,1487.87,1485.41,1488,1460,0.766305,0,2,3395150,3393662,1488
3206161,1601.99,1487.87,1608,1460,0.792522,0,2,3396758,3395150,1608
3217841,1678.08,1641.6,1680,1460,0.739013,0,2,3410534,3408854,1680
3226601,1769.99,1655.76,1776,1460,0.943825,0,2,3420158,3418382,1776
3247041,1116.91,1362.12,1104,1460,0.464906,0,1,3442862,3441758,1104
3258721,1511.7,1506.05,1512,1460,0.770934,0,2,3453638,3452126,1512
3264561,1702.51,1674.11,1704,1460,0.916424,0,2,3460190,3458486,1704
3266021,1772.33,1702.51,1776,1460,0.93657,0,2,3461966,3460190,1776
3271861,1633.56,1663.14,1632,1460,0.769176,0,2,3468830,3467198,1632
3285001,1704.84,1720.84,1704,1460,0.944827,0,2,3482654,3480950,1704
3290841,1730.35,1774.97,1728,1460,0.7571,0,2,3489734,3488006,1728
3301061,1485.42,1436.33,1488,1460,0.711424,0,2,3499502,3498014,1488
3302521,1510.67,1485.42,1512,1460,0.758569,0,2,3501014,3499502,1512
3308361,1702.73,1678.61,1704,1460,0.907179,0,2,3507638,3505934,1704
3328801,1192.32,1502.46,1176,1460,0.460913,0,1,3530942,3529766,1176
3340481,1175.76,1171.13,1176,1460,0.49193,0,1,3539414,3538238,1176
3350701,1555.24,1464.9,1560,1460,0.75553,0,2,3549206,3547646,1560
3356541,1725.53,1678.56,1728,1460,0.911902,0,2,3555830,3554102,1728
3365301,1224.99,1243.74,1224,1460,0.417524,0,1,3565310,3564086,1224
3379901,1462.68,1437.53,1464,1460,0.706636,0,2,3577886,3576422,1464
3381361,1509.53,1462.68,1512,1460,0.732654,0,2,3579398,3577886,1512
3395961,1226.64,1732.8,1200,1460,0.471483,0,1,3596102,3594902,1200
3397421,1064.53,1226.64,1056,1460,0.470593,0,1,3597158,3596102,1056
3409101,1485.53,1438.56,1488,1460,0.72405,0,2,3607862,3606374,1488
3410561,1533.48,1485.53,1536,1460,0.76362,0,2,3609398,3607862,1536
3416401,1725.47,1677.47,1728,1460,0.935341,0,2,3616022,3614294,1728
3447061,1438.79,1415.76,1440,1460,0.721967,0,2,3649670,3648230,1440
3448521,1531.14,1438.79,1536,1460,0.738787,0,2,3651206,3649670,1536
3449981,1535.76,1531.14,1536,1460,0.793515,0,2,3652742,3651206,1536
3463121,1514.78,1567.5,1512,1460,0.746355,0,2,3667862,3666350,1512
3471881,1702.67,1677.42,1704,1460,0.930484,0,2,3677486,3675782,1704
3483561,1701.53,1654.56,1704,1460,0.929083,0,2,3690878,3689174,1704
3492321,1369.2,1392.05,1368,1460,0.442608,0,1,3700958,3699590,1368
3493781,1003.26,1369.2,984,1460,0.411043,0,1,3701942,3700958,984
3506921,1484.28,1413.54,1488,1460,0.733014,0,2,3713654,3712166,1488
3508381,1556.21,1484.28,1560,1460,0.779206,0,2,3715214,3713654,1560
3514221,1725.53,1678.67,1728,1460,0.924508,0,2,3721886,3720158,1728
3521521,1583.46,1573.14,1584,1460,0.76444,0,2,3730430,3728846,1584
3524441,1534.98,1515.57,1536,1460,0.76431,0,2,3733478,3731942,1536
3530281,1678.73,1654.62,1680,1460,0.911838,0,2,3740006,3738326,1680
3537581,1225.56,1711.19,1200,1460,0.447337,0,1,3748382,3747182,1200
3539041,1018.88,1225.56,1008,1460,0.400935,0,1,3749390,3748382,1008
3552181,1439.76,1435.19,1440,1460,0.711942,0,2,3760862,3759422,1440
3553641,1531.19,1439.76,1536,1460,0.734777,0,2,3762398,3760862,1536
3555101,1535.76,1531.19,1536,1460,0.791911,0,2,3763934,3762398,1536
3559481,1747.13,1654.56,1752,1460,0.913482,0,2,3768974,3767222,1752
3568241,1188.96,1435.26,1176,1460,0.407063,0,1,3778766,3777590,1176
3571161,938.912,994.248,936,1460,0.29913,0,1,3780686,3779750,936
3577001,1102.62,1076.33,1104,1460,0.430682,0,1,3784862,3783758,1104
3578461,1195.13,1102.62,1200,1460,0.478273,0,1,3786062,3784862,1200
3588681,1508.27,1437.48,1512,1460,0.740535,0,2,3795638,3794126,1512
3590141,1557.41,1508.27,1560,1460,0.770214,0,2,3797198,3795638,1560
3594521,1702.56,1675.13,1704,1460,0.904414,0,2,3802166,3800462,1704
3595981,1749.53,1702.56,1752,1460,0.943765,0,2,3803918,3802166,1752
3604741,1229.32,1330.44,1224,1460,0.495568,0,1,3813470,3812246,1224
3614961,1488.85,1504.9,1488,1460,0.765382,0,2,3822998,3821510,1488
3620801,1701.48,1653.59,1704,1460,0.903898,0,2,3829574,3827870,1704
3622261,1749.47,1701.48,1752,1460,0.931559,0,2,3831326,3829574,1752
3631021,1747.05,1653.06,1752,1460,0.905933,0,2,3841766,3840014,1752
3657301,1576.9,1442.1,1584,1460,0.770332,0,2,3866486,3864902,1584
3671901,1748.53,1682.64,1752,1460,0.923121,0,2,3883598,3881846,1752
3689421,1702.56,1675.13,1704,1460,0.904545,0,2,3902918,3901214,1704
3690881,1749.53,1702.56,1752,1460,0.919818,0,2,3904670,3902918,1752
3699641,1304.16,1459.2,1296,1460,0.409869,0,1,3914630,3913334,1296
3717161,1507.13,1414.68,1512,1460,0.714282,0,2,3929222,3927710,1512
3718621,1511.76,1507.13,1512,1460,0.783713,0,2,3930734,3929222,1512
3724461,1703.82,1700.38,1704,1460,0.932975,0,2,3937406,3935702,1704
3736141,1487.7,1482.06,1488,1460,0.74341,0,2,3950318,3948830,1488
3737601,1556.39,1487.7,1560,1460,0.759364,0,2,3951878,3950318,1560
3744901,1727.76,1723.19,1728,1460,0.940157,0,2,3960158,3958430,1728
3750741,1570.86,1777.19,1560,1460,0.465812,0,1,3967094,3965534,1560
3752201,922.143,1570.86,888,1460,0.228325,0,1,3967982,3967094,888
3766801,1193.03,1060.61,1200,1460,0.489507,0,1,3977750,3976550,1200
3775561,1508.33,1438.5,1512,1460,0.704435,0,2,3986006,3984494,1512
3778481,1602.05,1489.02,1608,1460,0.79311,0,2,3989102,3987494,1608
3782861,1703.76,1699.19,1704,1460,0.931799,0,2,3994118,3992414,1704
3784321,1795.19,1703.76,1800,1460,0.93672,0,2,3995918,3994118,1800
3790161,845.703,1410.06,816,1460,0.271708,0,1,4001654,4000838,816
3810601,1485.47,1437.42,1488,1460,0.723121,0,2,4018118,4016630,1488
3812061,1533.47,1485.47,1536,1460,0.763248,0,2,4019654,4018118,1536
3838341,1724.28,1653.54,1728,1460,0.908755,0,2,4048454,4046726,1728
3839801,1750.61,1724.28,1752,1460,0.945502,0,2,4050206,4048454,1752
3847101,1115.26,1329.24,1104,1460,0.458472,0,1,4057742,4056638,1104
3858781,1462.61,1436.27,1464,1460,0.717342,0,2,4068206,4066742,1464
3860241,1532.33,1462.61,1536,1460,0.760937,0,2,4069742,4068206,1536
3866081,1703.81,1700.27,1704,1460,0.908392,0,2,4076366,4074662,1704
3890901,1057.8,1548.06,1032,1460,0.459907,0,1,4105094,4104062,1032
3899661,1150.73,1126.67,1152,1460,0.484578,0,1,4111646,4110494,1152
3908421,1485.36,1435.25,1488,1460,0.709987,0,2,4119830,4118342,1488
3909881,1510.67,1485.36,1512,1460,0.769995,0,2,4121342,4119830,1512
3915721,1726.67,1701.47,1728,1460,0.902192,0,2,4128038,4126310,1728
3930321,1462.61,1436.28,1464,1460,0.718421,0,2,4143206,4141742,1464
3931781,1532.33,1462.61,1536,1460,0.737368,0,2,4144742,4143206,1536
3933241,1535.82,1532.33,1536,1460,0.792947,0,2,4146278,4144742,1536
3966821,1568.47,1729.37,1560,1460,0.709271,0,2,4183838,4182278,1560
3978501,1747.19,1655.81,1752,1460,0.902756,0,2,4196270,4194518,1752
3987261,1493.17,1591.5,1488,1460,0.719633,0,2,4206470,4204982,1488
3988721,1465.46,1493.17,1464,1460,0.713853,0,2,4207934,4206470,1464
3996021,1701.42,1652.33,1704,1460,0.902673,0,2,4215926,4214222,1704
3997481,1749.47,1701.42,1752,1460,0.919069,0,2,4217678,4215926,1752
4003321,1475.09,1685.88,1464,1460,0.773048,0,2,4224374,4222910,1464
4016461,1726.67,1701.42,1728,1460,0.938207,0,2,4238510,4236782,1728
4032521,1486.57,1459.3,1488,1460,0.737762,0,2,4255070,4253582,1488
4033981,1556.33,1486.57,1560,1460,0.745105,0,2,4256630,4255070,1560
4039821,1770.04,1656.84,1776,1460,0.932083,0,2,4263278,4261502,1776
4047121,1629.06,1573.19,1632,1460,0.725657,0,2,4271894,4270262,1632
4057341,1748.27,1677.48,1752,1460,0.94044,0,2,4283030,4281278,1752
4074861,1485.41,1436.27,1488,1460,0.734307,0,2,4300718,4299230,1488
4076321,1556.27,1485.41,1560,1460,0.755723,0,2,4302278,4300718,1560
4077781,1559.81,1556.27,1560,1460,0.788289,0,2,4303838,4302278,1560
4082161,1724.27,1653.48,1728,1460,0.90845,0,2,4308830,4307102,1728
4090921,1725.85,1684.92,1728,1460,0.921103,0,2,4319414,4317686,1728
4093841,1729.13,1750.69,1728,1460,0.921376,0,2,4322894,4321166,1728
4124501,1447.86,1597.14,1440,1460,0.70066,0,2,4355942,4354502,1440
4131801,1533.47,1485.37,1536,1460,0.752125,0,2,4363190,4361654,1536
4133261,1558.67,1533.47,1560,1460,0.79885,0,2,4364750,4363190,1560
4137641,1747.13,1654.62,1752,1460,0.901926,0,2,4369790,4368038,1752
4146401,1232.56,1395.3,1224,1460,0.4863,0,1,4379150,4377926,1224
4149321,1220.6,1156.03,1224,1460,0.477408,0,1,4381526,4380302,1224
4161001,1600.96,1467.25,1608,1460,0.779478,0,2,4392806,4391198,1608
4165381,1725.36,1675.24,1728,1460,0.933807,0,2,4397798,4396070,1728
4166841,1796.27,1725.36,1800,1460,0.949523,0,2,4399598,4397798,1800
4172681,1566.36,1687.14,1560,1460,0.792068,0,2,4406462,4404902,1560
4185821,1476.3,1710,1464,1460,0.78845,0,2,4421750,4420286,1464
4188741,1401.33,1578.61,1392,1460,0.703352,0,2,4424726,4423334,1392
4198961,1747.25,1657.01,1752,1460,0.940032,0,2,4435910,4434158,1752
4235461,1509.41,1460.16,1512,1460,0.705291,0,2,4473158,4471646,1512
4238381,1556.45,1489.07,1560,1460,0.771647,0,2,4476206,4474646,1560
4242761,1724.22,1652.33,1728,1460,0.907385,0,2,4481174,4479446,1728
4271961,1508.27,1437.48,1512,1460,0.740449,0,2,4511918,4510406,1512
4273421,1557.41,1508.27,1560,1460,0.75818,0,2,4513478,4511918,1560
4279261,1726.67,1701.36,1728,1460,0.925889,0,2,4520126,4518398,1728
4286561,1126.32,1550.39,1104,1460,0.438688,0,1,4528190,4527086,1104
4312841,1655.22,1640.46,1656,1460,0.914906,0,2,4555742,4554086,1656
4320141,1746,1631.9,1752,1460,0.938255,0,2,4564118,4562366,1752
4328901,1472.24,1628.77,1464,1460,0.748321,0,2,4574078,4572614,1464
4337661,1702.56,1675.19,1704,1460,0.917141,0,2,4583678,4581974,1704
4347881,1560.47,1569.32,1560,1460,0.791236,0,2,4595582,4594022,1560
4352261,1725.36,1675.14,1728,1460,0.922559,0,2,4600574,4598846,1728
4359561,1539,1596.05,1536,1460,0.793047,0,2,4609142,4607606,1536
4365401,1748.16,1675.19,1752,1460,0.939358,0,2,4615742,4613990,1752
4366861,1797.41,1748.16,1800,1460,0.939743,0,2,4617542,4615742,1800
4374161,1179.67,1249.44,1176,1460,0.424967,0,1,4625294,4624118,1176
4375621,1062.18,1179.67,1056,1460,0.403987,0,1,4626350,4625294,1056
4390221,1486.73,1462.67,1488,1460,0.751595,0,2,4639382,4637894,1488
4391681,1579.14,1486.73,1584,1460,0.786638,0,2,4640966,4639382,1584
4396061,1679.82,1676.33,1680,1460,0.912665,0,2,4645934,4644254,1680
4397521,1771.19,1679.82,1776,1460,0.935066,0,2,4647710,4645934,1776
4404821,1179.9,1253.99,1176,1460,0.402839,0,1,4655534,4654358,1176
4420881,1485.48,1437.53,1488,1460,0.723623,0,2,4669238,4667750,1488
4422341,1533.47,1485.48,1536,1460,0.763449,0,2,4670774,4669238,1536
4423801,1581.47,1533.47,1584,1460,0.79138,0,2,4672358,4670774,1584
4428181,1749.36,1699.13,1752,1460,0.929288,0,2,4677422,4675670,1752
4429641,1774.67,1749.36,1776,1460,0.935715,0,2,4679198,4677422,1776
4455921,1700.28,1629.53,1704,1460,0.912676,0,2,4708430,4706726,1704
4457381,1772.21,1700.28,1776,1460,0.935071,0,2,4710206,4708430,1776
4463221,1568.63,1732.68,1560,1460,0.794578,0,2,4717094,4715534,1560
4477821,686.379,959.586,672,1460,0.0836433,0,1,4731566,4730894,672
4479281,672.719,686.379,672,1460,0.0514573,0,1,4732238,4731566,672
4480741,672.036,672.719,672,1460,0.0265829,0,1,4732910,4732238,672
4490961,1000.85,865.019,1008,1460,0.278145,0,1,4738670,4737662,1008
4495341,1100.28,1029.64,1104,1460,0.413081,0,1,4741790,4740686,1104
4496801,1172.21,1100.28,1176,1460,0.435233,0,1,4742966,4741790,1176
4498261,1175.81,1172.21,1176,1460,0.492093,0,1,4744142,4742966,1176
4508481,1554.05,1440.9,1560,1460,0.740486,0,2,4753838,4752278,1560
4514321,1747.19,1655.7,1752,1460,0.902396,0,2,4760438,4758686,1752
4523081,1150.2,1572.06,1128,1460,0.481705,0,1,4770302,4769174,1128
4542061,1704.84,1720.85,1704,1460,0.932971,0,2,4788926,4787222,1704
4544981,1799.76,1795.24,1800,1460,0.949675,0,2,4792526,4790726,1800
4549361,1562.82,1616.46,1560,1460,0.701339,0,2,4797470,4795910,1560
4563961,1725.42,1676.33,1728,1460,0.922452,0,2,4812662,4810934,1728
4571261,1151.29,1593.71,1128,1460,0.421564,0,1,4820750,4819622,1128
4574181,917.158,1015.16,912,1460,0.26065,0,1,4822670,4821758,912
4582941,1125.53,1078.68,1128,1460,0.461094,0,1,4828862,4827734,1128
4584401,1241.88,1125.53,1248,1460,0.490438,0,1,4830110,4828862,1248
4593161,1486.67,1461.48,1488,1460,0.738603,0,2,4838438,4836950,1488
4594621,1556.33,1486.67,1560,1460,0.781441,0,2,4839998,4838438,1560
4600461,1748.33,1678.67,1752,1460,0.929365,0,2,4846694,4844942,1752
4631121,675.456,741.114,672,1460,0.0943501,0,1,4877198,4876526,672
4636961,905.996,791.928,912,1460,0.237087,0,1,4880462,4879550,912
4638421,957.3,905.996,960,1460,0.268835,0,1,4881422,4880462,960
4642801,1100.28,1029.53,1104,1460,0.400485,0,1,4884542,4883438,1104
4644261,1149.41,1100.28,1152,1460,0.442194,0,1,4885694,4884542,1152
4645721,1197.47,1149.41,1200,1460,0.458878,0,1,4886894,4885694,1200
4654481,1462.61,1436.27,1464,1460,0.729235,0,2,4894958,4893494,1464
4655941,1555.13,1462.61,1560,1460,0.765694,0,2,4896518,4894958,1560
4661781,1725.53,1678.62,1728,1460,0.924162,0,2,4903166,4901438,1728
4685141,1747.25,1657.01,1752,1460,0.928051,0,2,4928198,4926446,1752
4712881,1485.59,1439.75,1488,1460,0.724958,0,2,4953566,4952078,1488
4714341,1533.48,1485.59,1536,1460,0.787983,0,2,4955102,4953566,1536
4720181,1725.54,1678.73,1728,1460,0.936732,0,2,4961798,4960070,1728
4730401,1751.64,1744.88,1752,1460,0.942014,0,2,4973918,4972166,1752
4746461,873.243,1048.86,864,1460,0.250593,0,1,4991534,4990670,864
4747921,864.462,873.243,864,1460,0.250237,0,1,4992398,4991534,864
4753761,1054.62,1028.33,1056,1460,0.402454,0,1,4996382,4995326,1056
4755221,1169.93,1054.62,1176,1460,0.418982,0,1,4997558,4996382,1176
4758141,1243.24,1152.9,1248,1460,0.495437,0,1,4999958,4998710,1248
4766901,1507.08,1413.54,1512,1460,0.737618,0,2,5008166,5006654,1512
4768361,1557.35,1507.08,1560,1460,0.769047,0,2,5009726,5008166,1560
4774201,1703.87,1701.42,1704,1460,0.909368,0,2,5016374,5014670,1704
4784421,1084.81,1176.24,1080,1460,0.406557,0,1,5026838,5025758,1080
4799021,1487.76,1483.19,1488,1460,0.752182,0,2,5039918,5038430,1488
4800481,1579.19,1487.76,1584,1460,0.786873,0,2,5041502,5039918,1584
4804861,1748.22,1676.33,1752,1460,0.92708,0,2,5046542,5044790,1752
4812161,1775.04,1756.73,1776,1460,0.902149,0,2,5055518,5053742,1776
4823841,1183.83,1332.66,1176,1460,0.499681,0,1,5068454,5067278,1176
4834061,1463.81,1460.27,1464,1460,0.720423,0,2,5077838,5076374,1464
4835521,1532.39,1463.81,1536,1460,0.750169,0,2,5079374,5077838,1536
4848661,1469.52,1574.32,1464,1460,0.476631,0,1,5094326,5092862,1464
4857421,1126.5,1098.05,1128,1460,0.437226,0,1,5100470,5099342,1128
4858881,1196.33,1126.5,1200,1460,0.48089,0,1,5101670,5100470,1200
4867641,1484.33,1414.57,1488,1460,0.721035,0,2,5109854,5108366,1488
4869101,1533.42,1484.33,1536,1460,0.762414,0,2,5111390,5109854,1536
4873481,1702.55,1675.07,1704,1460,0.903915,0,2,5116358,5114654,1704
4874941,1749.53,1702.55,1752,1460,0.943566,0,2,5118110,5116358,1752
4882241,1127.39,1571.89,1104,1460,0.463483,0,1,5126126,5125022,1104
4888081,1174.57,1147.32,1176,1460,0.468585,0,1,5130614,5129438,1176
4889541,1221.53,1174.57,1224,1460,0.493434,0,1,5131838,5130614,1224
4896841,1437.42,1388.39,1440,1460,0.706976,0,2,5138558,5137118,1440
4898301,1531.07,1437.42,1536,1460,0.73279,0,2,5140094,5138558,1536
4899761,1535.75,1531.07,1536,1460,0.791116,0,2,5141630,5140094,1536
4905601,1703.82,1700.39,1704,1460,0.933165,0,2,5148302,5146598,1704
4915821,1178.35,1223.04,1176,1460,0.477918,0,1,5159030,5157854,1176
4924581,1485.36,1435.19,1488,1460,0.709529,0,2,5167094,5165606,1488
4926041,1510.67,1485.36,1512,1460,0.733812,0,2,5168606,5167094,1512
4927501,1534.73,1510.67,1536,1460,0.779525,0,2,5170142,5168606,1536
4931881,1702.61,1676.22,1704,1460,0.90501,0,2,5175134,5173430,1704
4933341,1749.53,1702.61,1752,1460,0.932004,0,2,5176886,5175134,1752
4952321,1472.82,1640.45,1464,1460,0.767006,0,2,5199350,5197886,1464
4966921,1078.38,1503.65,1056,1460,0.470366,0,1,5215430,5214374,1056
4985901,1726.67,1701.35,1728,1460,0.913566,0,2,5234150,5232422,1728
4993201,1426.14,1618.79,1416,1460,0.734913,0,2,5242574,5241158,1416
5001961,1725.47,1677.42,1728,1460,0.923237,0,2,5252222,5250494,1728
5009261,1630.2,1595.94,1632,1460,0.726641,0,2,5260838,5259206,1632
5015101,1463.82,1460.49,1464,1460,0.748634,0,2,5266574,5265110,1464
5016561,1577.99,1463.82,1584,1460,0.749454,0,2,5268158,5266574,1584
5022401,1677.65,1632.91,1680,1460,0.910306,0,2,5274662,5272982,1680
5038461,1772.16,1699.19,1776,1460,0.935277,0,2,5293262,5291486,1776
5055981,1508.33,1438.62,1512,1460,0.729228,0,2,5311094,5309582,1512
5057441,1534.62,1508.33,1536,1460,0.753691,0,2,5312630,5311094,1536
5058901,1558.73,1534.62,1560,1460,0.799476,0,2,5314190,5312630,1560
5063281,1701.53,1654.62,1704,1460,0.916367,0,2,5319182,5317478,1704
5070581,1152.48,1617.6,1128,1460,0.400036,0,1,5327294,5326166,1128
5088101,1485.47,1437.41,1488,1460,0.734899,0,2,5341910,5340422,1488
5089561,1556.27,1485.47,1560,1460,0.779959,0,2,5343470,5341910,1560
5091021,1605.41,1556.27,1608,1460,0.797984,0,2,5345078,5343470,1608
5095401,1702.62,1676.39,1704,1460,0.918191,0,2,5350070,5348366,1704
5096861,1772.33,1702.62,1776,1460,0.931276,0,2,5351846,5350070,1776
5105621,1701.59,1655.85,1704,1460,0.919749,0,2,5361998,5360294,1704
5107081,1772.28,1701.59,1776,1460,0.949899,0,2,5363774,5361998,1776
5120221,1507.14,1414.7,1512,1460,0.716529,0,2,5377670,5376158,1512
5121681,1511.76,1507.14,1512,1460,0.772612,0,2,5379182,5377670,1512
5127521,1681.99,1719.71,1680,1460,0.939507,0,2,5385758,5384078,1680
5133361,1616.41,1776.1,1608,1460,0.788931,0,2,5392742,5391134,1608
5140661,1437.54,1390.82,1440,1460,0.700152,0,2,5399822,5398382,1440
5142121,1508.28,1437.54,1512,1460,0.730061,0,2,5401334,5399822,1512
5143581,1534.61,1508.28,1536,1460,0.778024,0,2,5402870,5401334,1536
5147961,1726.55,1699.02,1728,1460,0.935634,0,2,5407910,5406182,1728
5156721,1511.58,1503.66,1512,1460,0.75576,0,2,5418134,5416622,1512
5158181,1534.78,1511.58,1536,1460,0.788304,0,2,5419670,5418134,1536
5164021,1747.14,1654.73,1752,1460,0.926853,0,2,5426318,5424566,1752
5177161,1725.47,1677.49,1728,1460,0.925103,0,2,5441726,5439998,1728
5193221,1703.87,1701.42,1704,1460,0.922399,0,2,5460566,5458862,1704
5203441,1514.58,1563.57,1512,1460,0.765522,0,2,5472326,5470814,1512
5209281,1725.47,1677.41,1728,1460,0.923389,0,2,5478926,5477198,1728
5222421,1149.48,1101.61,1152,1460,0.471675,0,1,5491526,5490374,1152
5223881,1243.07,1149.48,1248,1460,0.48267,0,1,5492774,5491526,1248
5232641,1487.81,1484.27,1488,1460,0.716369,0,2,5501078,5499590,1488
5234101,1510.79,1487.81,1512,1460,0.772547,0,2,5502590,5501078,1512
5238481,1701.47,1653.36,1704,1460,0.902643,0,2,5507558,5505854,1704
5250161,1726.61,1700.24,1728,1460,0.926769,0,2,5521238,5519510,1728
5258921,833.223,1160.47,816,1460,0.236778,0,1,5529926,5529110,816
5280821,1508.33,1438.67,1512,1460,0.729476,0,2,5547710,5546198,1512
5282281,1534.62,1508.33,1536,1460,0.777791,0,2,5549246,5547710,1536
5298341,1702.73,1678.56,1704,1460,0.932215,0,2,5567702,5565998,1704
5299801,1795.14,1702.73,1800,1460,0.942886,0,2,5569502,5567702,1800
5305641,1157.15,1711.08,1128,1460,0.491994,0,1,5575982,5574854,1128
5339221,1488.96,1507.25,1488,1460,0.780338,0,2,5610374,5608886,1488
5352361,1033.92,1526.35,1008,1460,0.403378,0,1,5625038,5624030,1008
5359661,1148.22,1076.35,1152,1460,0.453209,0,1,5630294,5629142,1152
5361121,1220.21,1148.22,1224,1460,0.487284,0,1,5631518,5630294,1224
5369881,1508.21,1436.28,1512,1460,0.715074,0,2,5639702,5638190,1512
5371341,1511.81,1508.21,1512,1460,0.77203,0,2,5641214,5639702,1512
5372801,1603.19,1511.81,1608,1460,0.794812,0,2,5642822,5641214,1608
5377181,1702.62,1676.39,1704,1460,0.917988,0,2,5647814,5646110,1704
5378641,1772.33,1702.62,1776,1460,0.937195,0,2,5649590,5647814,1776
5393241,1557.36,1507.15,1560,1460,0.770452,0,2,5665046,5663486,1560
5399081,1701.53,1654.68,1704,1460,0.928796,0,2,5671622,5669918,1704
5400541,1795.08,1701.53,1800,1460,0.947518,0,2,5673422,5671622,1800
5406381,1542.25,1660.92,1536,1460,0.798256,0,2,5680166,5678630,1536
5412221,1725.53,1678.61,1728,1460,0.912995,0,2,5686814,5685086,1728
5419521,1681.5,1709.93,1680,1460,0.902581,0,2,5695574,5693894,1680
5438501,1485.41,1436.22,1488,1460,0.710198,0,2,5714966,5713478,1488
5439961,1510.67,1485.41,1512,1460,0.758079,0,2,5716478,5714966,1512
5441421,1580.33,1510.67,1584,1460,0.789232,0,2,5718062,5716478,1584
5445801,1723.14,1630.73,1728,1460,0.906591,0,2,5723030,5721302,1728
5456021,663.724,1038.49,644,1460,0.0719494,0,1,5733058,5732414,644
5457481,644.986,663.724,644,1460,0.0347797,0,1,5733702,5733058,644
5463321,741.48,693.609,744,1460,0.0816744,0,1,5736442,5735698,744
5467701,862.56,835.194,864,1460,0.205147,0,1,5738890,5738026,864
5469161,909.528,862.56,912,1460,0.268059,0,1,5739802,5738890,912
5475001,1103.82,1100.33,1104,1460,0.408574,0,1,5744050,5742946,1104
5476461,1149.59,1103.82,1152,1460,0.45743,0,1,5745202,5744050,1152
5486681,1463.76,1459.25,1464,1460,0.732618,0,2,5754730,5753266,1464
5488141,1555.19,1463.76,1560,1460,0.767047,0,2,5756290,5754730,1560
5492521,1701.42,1652.33,1704,1460,0.902291,0,2,5761234,5759530,1704
5493981,1749.47,1701.42,1752,1460,0.930916,0,2,5762986,5761234,1752
5501281,1403.34,1618.79,1392,1460,0.704141,0,2,5771410,5770018,1392
5510041,1656.96,1675.13,1656,1460,0.90693,0,2,5780842,5779186,1656
5521721,1703.76,1699.11,1704,1460,0.933548,0,2,5794594,5792890,1704
5529021,1151.4,1595.94,1128,1460,0.458331,0,1,5802730,5801602,1128
5530481,1083.57,1151.4,1080,1460,0.453332,0,1,5803810,5802730,1080
5542161,1485.47,1437.47,1488,1460,0.711292,0,2,5814394,5812906,1488
5543621,1510.67,1485.47,1512,1460,0.758517,0,2,5815906,5814394,1512
5549461,1748.27,1677.47,1752,1460,0.92801,0,2,5822554,5820802,1752
5556761,1396.44,1480.8,1392,1460,0.705167,0,2,5830786,5829394,1392
5559681,1487.77,1483.42,1488,1460,0.745227,0,2,5833762,5832274,1488
5561141,1556.39,1487.77,1560,1460,0.772091,0,2,5835322,5833762,1560
5566981,1725.53,1678.62,1728,1460,0.936326,0,2,5841970,5840242,1728
5584501,1486.56,1459.13,1488,1460,0.724487,0,2,5859442,5857954,1488
5585961,1533.53,1486.56,1536,1460,0.775795,0,2,5860978,5859442,1536
5591801,1748.28,1677.53,1752,1460,0.928452,0,2,5867650,5865898,1752
5600561,1461.42,1412.4,1464,1460,0.798835,0,2,5877682,5876218,1464
5619541,1249.15,1270.93,1248,1460,0.452394,0,1,5898562,5897314,1248
5621001,1088.46,1249.15,1080,1460,0.414957,0,1,5899642,5898562,1080
5632681,1483.13,1390.62,1488,1460,0.705951,0,2,5909938,5908450,1488
5634141,1510.56,1483.13,1512,1460,0.756381,0,2,5911450,5909938,1512
5635601,1580.33,1510.56,1584,1460,0.788552,0,2,5913034,5911450,1584
5641441,1748.33,1678.68,1752,1460,0.941547,0,2,5919730,5917978,1752
5650201,1726.63,1700.53,1728,1460,0.928891,0,2,5930074,5928346,1728
5675021,1513.81,1548.11,1512,1460,0.794049,0,2,5958034,5956522,1512
5680861,1679.82,1676.39,1680,1460,0.925752,0,2,5964610,5962930,1680
5704221,1274.4,1320,1272,1460,0.451203,0,1,5991922,5990650,1272
5720281,1486.79,1463.87,1488,1460,0.728847,0,2,6006082,6004594,1488
5721741,1533.54,1486.79,1536,1460,0.789539,0,2,6007618,6006082,1536
5726121,1749.41,1700.15,1752,1460,0.92917,0,2,6012706,6010954,1752
5733421,1607.4,1595.94,1608,1460,0.74475,0,2,6021298,6019690,1608
5736341,1418.76,1471.17,1416,1460,0.70116,0,2,6024178,6022762,1416
5739261,1510.63,1484.54,1512,1460,0.761386,0,2,6027178,6025666,1512
5740721,1580.33,1510.63,1584,1460,0.778554,0,2,6028762,6027178,1584
5745101,1725.36,1675.19,1728,1460,0.921747,0,2,6033754,6032026,1728
5752401,1675.8,1595.94,1680,1460,0.795842,0,2,6042418,6040738,1680
5755321,1536.35,1542.99,1536,1460,0.793335,0,2,6045490,6043954,1536
5761161,1702.62,1676.39,1704,1460,0.930533,0,2,6052090,6050386,1704
5768461,1020.24,1708.8,984,1460,0.414716,0,1,6060178,6059194,984
5775761,1078.73,1054.57,1080,1460,0.401159,0,1,6065314,6064234,1080
5777221,1148.34,1078.73,1152,1460,0.418463,0,1,6066466,6065314,1152
5778681,1151.82,1148.34,1152,1460,0.461385,0,1,6067618,6066466,1152
5787441,1508.33,1438.67,1512,1460,0.716996,0,2,6075850,6074338,1512
5788901,1511.82,1508.33,1512,1460,0.760798,0,2,6077362,6075850,1512
5790361,1580.39,1511.82,1584,1460,0.790319,0,2,6078946,6077362,1584
5794741,1747.08,1653.53,1752,1460,0.93738,0,2,6083962,6082210,1752
5810801,1508.33,1438.63,1512,1460,0.741982,0,2,6100570,6099058,1512
5812261,1557.42,1508.33,1560,1460,0.782793,0,2,6102130,6100570,1560
5818101,1748.28,1677.53,1752,1460,0.928632,0,2,6108802,6107050,1752
5837081,1509.42,1460.34,1512,1460,0.742852,0,2,6128266,6126754,1512
5838541,1557.47,1509.42,1560,1460,0.771141,0,2,6129826,6128266,1560
5842921,1723.08,1629.53,1728,1460,0.905433,0,2,6134770,6133042,1728
5851681,1194.66,1549.2,1176,1460,0.477244,0,1,6144658,6143482,1176
5853141,1108.53,1194.66,1104,1460,0.448898,0,1,6145762,6144658,1104
5866281,1485.36,1435.19,1488,1460,0.73379,0,2,6157426,6155938,1488
5867741,1556.27,1485.36,1560,1460,0.779516,0,2,6158986,6157426,1560
5869201,1605.41,1556.27,1608,1460,0.797807,0,2,6160594,6158986,1608
5873581,1702.62,1676.39,1704,1460,0.90618,0,2,6165586,6163882,1704
5888181,1486.61,1460.28,1488,1460,0.714705,0,2,6181114,6179626,1488
5889641,1510.73,1486.61,1512,1460,0.747882,0,2,6182626,6181114,1512
5891101,1557.54,1510.73,1560,1460,0.773153,0,2,6184186,6182626,1560
5895481,1725.36,1675.13,1728,1460,0.933402,0,2,6189178,6187450,1728
5902781,1068.12,1754.46,1032,1460,0.441491,0,1,6197386,6196354,1032
5905701,850.83,1056.61,840,1460,0.261439,0,1,6199282,6198442,840
5914461,1174.56,1147.19,1176,1460,0.476826,0,1,6205618,6204442,1176
5915921,1244.33,1174.56,1248,1460,0.49673,0,1,6206866,6205618,1248
5923221,1461.48,1413.53,1464,1460,0.727573,0,2,6213706,6212242,1464
5924681,1555.07,1461.48,1560,1460,0.753029,0,2,6215266,6213706,1560
5926141,1559.75,1555.07,1560,1460,0.799212,0,2,6216826,6215266,1560
5931981,1726.68,1701.53,1728,1460,0.93894,0,2,6223546,6221818,1728
5939281,1220.88,1617.66,1200,1460,0.474821,0,1,6231778,6230578,1200
5953881,1462.61,1436.21,1464,1460,0.704553,0,2,6244162,6242698,1464
5955341,1509.53,1462.61,1512,1460,0.731821,0,2,6245674,6244162,1512
5956801,1534.68,1509.53,1536,1460,0.778728,0,2,6247210,6245674,1536
5961181,1679.81,1676.22,1680,1460,0.900159,0,2,6252178,6250498,1680
5969941,1109.16,1207.26,1104,1460,0.420794,0,1,6261658,6260554,1104
5975781,1104.91,1122.18,1104,1460,0.437636,0,1,6265978,6264874,1104
5984541,1460.33,1390.61,1464,1460,0.700755,0,2,6273922,6272458,1464
5986001,1509.42,1460.33,1512,1460,0.730302,0,2,6275434,6273922,1512
5987461,1534.67,1509.42,1536,1460,0.778121,0,2,6276970,6275434,1536
5988921,1604.33,1534.67,1608,1460,0.797248,0,2,6278578,6276970,1608
5993301,1701.48,1653.59,1704,1460,0.916224,0,2,6283546,6281842,1704
6002061,1421.64,1528.74,1416,1460,0.703368,0,2,6293746,6292330,1416
6010821,1724.27,1653.47,1728,1460,0.908297,0,2,6303274,6301546,1728
6018121,1523.04,1732.79,1512,1460,0.798507,0,2,6311914,6310402,1512
6026881,1798.68,1773.52,1800,1460,0.924339,0,2,6322090,6320290,1800
6045861,1439.81,1436.29,1440,1460,0.714713,0,2,6342922,6341482,1440
6047321,1531.19,1439.81,1536,1460,0.723885,0,2,6344458,6342922,1536
6053161,1723.24,1632.84,1728,1460,0.907251,0,2,6350986,6349258,1728
6060461,1686.12,1802.33,1680,1460,0.73145,0,2,6359890,6358210,1680
6070681,1461.48,1413.53,1464,1460,0.704293,0,2,6369418,6367954,1464
6072141,1509.47,1461.48,1512,1460,0.743717,0,2,6370930,6369418,1512
6073601,1557.47,1509.47,1560,1460,0.795487,0,2,6372490,6370930,1560
6080901,1818.1,1706.1,1824,1460,0.928047,0,2,6381034,6379210,1824
6095501,1430.63,1708.57,1416,1460,0.704714,0,2,6397618,6396202,1416
6102801,1486.67,1461.49,1488,1460,0.716186,0,2,6404794,6403306,1488
6104261,1510.73,1486.67,1512,1460,0.748474,0,2,6406306,6404794,1512
6110101,1744.91,1610.15,1752,1460,0.910761,0,2,6412882,6411130,1752
6117401,1540.14,1618.79,1536,1460,0.794309,0,2,6421426,6419890,1536
6123241,1724.28,1653.53,1728,1460,0.921438,0,2,6428002,6426274,1728
6130541,1678.08,1641.59,1680,1460,0.789676,0,2,6436738,6435058,1680
6139301,1706.1,1745.93,1704,1460,0.949159,0,2,6446506,6444802,1704
6146601,1055.58,1503.6,1032,1460,0.408225,0,1,6454450,6453418,1032
6152441,1176.78,1191.6,1176,1460,0.482243,0,1,6458890,6457714,1176
6161201,1463.76,1459.13,1464,1460,0.707558,0,2,6467050,6465586,1464
6162661,1509.59,1463.76,1512,1460,0.733023,0,2,6468562,6467050,1512
6164121,1534.68,1509.59,1536,1460,0.779209,0,2,6470098,6468562,1536
6168501,1701.47,1653.42,1704,1460,0.915069,0,2,6475066,6473362,1704
6181641,1702.68,1677.61,1704,1460,0.920974,0,2,6490546,6488842,1704
6183101,1772.33,1702.68,1776,1460,0.93239,0,2,6492322,6490546,1776
6194781,1460.27,1389.49,1464,1460,0.702836,0,2,6504514,6503050,1464
6196241,1509.41,1460.27,1512,1460,0.731134,0,2,6506026,6504514,1512
6197701,1534.67,1509.41,1536,1460,0.778454,0,2,6507562,6506026,1536
6202081,1702.61,1676.22,1704,1460,0.904941,0,2,6512554,6510850,1704
6203541,1749.53,1702.61,1752,1460,0.931976,0,2,6514306,6512554,1752
6209381,1541.27,1641.48,1536,1460,0.770979,0,2,6521074,6519538,1536
6223981,1167.31,1458.12,1152,1460,0.463393,0,1,6537394,6536242,1152
6225441,1107.17,1167.31,1104,1460,0.407357,0,1,6538498,6537394,1104
6229821,1175.76,1171.27,1176,1460,0.483271,0,1,6541930,6540754,1176
6237121,1461.47,1413.41,1464,1460,0.702821,0,2,6548722,6547258,1464
6238581,1509.47,1461.47,1512,1460,0.743128,0,2,6550234,6548722,1512
6240041,1557.47,1509.47,1560,1460,0.771251,0,2,6551794,6550234,1560
6245881,1703.87,1701.42,1704,1460,0.933424,0,2,6558442,6556738,1704
6253181,1167.36,1459.2,1152,1460,0.476838,0,1,6566482,6565330,1152
6254641,1129.97,1167.36,1128,1460,0.448735,0,1,6567610,6566482,1128
6264861,1484.33,1414.67,1488,1460,0.709373,0,2,6576922,6575434,1488
6266321,1510.62,1484.33,1512,1460,0.757749,0,2,6578434,6576922,1512
6267781,1580.33,1510.62,1584,1460,0.7771,0,2,6580018,6578434,1584
6272161,1724.22,1652.39,1728,1460,0.907734,0,2,6584986,6583258,1728
6279461,1155.96,1687.19,1128,1460,0.452671,0,1,6593194,6592066,1128
6285301,1195.08,1101.61,1200,1460,0.445268,0,1,6597610,6596410,1200
6294061,1485.52,1438.5,1488,1460,0.723208,0,2,6605698,6604210,1488
6295521,1533.48,1485.52,1536,1460,0.763283,0,2,6607234,6605698,1536
6301361,1679.93,1678.61,1680,1460,0.9145,0,2,6613834,6612154,1680
6302821,1771.2,1679.93,1776,1460,0.9478,0,2,6615610,6613834,1776
6308661,1410.12,1754.4,1392,1460,0.737304,0,2,6622354,6620962,1392
6321801,1534.56,1507.18,1536,1460,0.752541,0,2,6634762,6633226,1536
6323261,1558.73,1534.56,1560,1460,0.775016,0,2,6636322,6634762,1560
6327641,1724.22,1652.34,1728,1460,0.907601,0,2,6641290,6639562,1728
6336401,1410.18,1299.6,1416,1460,0.443134,0,1,6651202,6649786,1416
6342241,1103.87,1101.47,1104,1460,0.449824,0,1,6655450,6654346,1104
6343701,1217.99,1103.87,1224,1460,0.47393,0,1,6656674,6655450,1224
6352461,1482.05,1368.9,1488,1460,0.704613,0,2,6664714,6663226,1488
6353921,1510.5,1482.05,1512,1460,0.755845,0,2,6666226,6664714,1512
6359761,1655.71,1650.11,1656,1460,0.90375,0,2,6672658,6671002,1656
6361221,1769.99,1655.71,1776,1460,0.9195,0,2,6674434,6672658,1776
6372901,1580.27,1509.43,1584,1460,0.790234,0,2,6687250,6685666,1584
6387501,1201.52,1230.4,1200,1460,0.485448,0,1,6702898,6701698,1200
6397721,1485.47,1437.48,1488,1460,0.735525,0,2,6712330,6710842,1488
6399181,1556.27,1485.47,1560,1460,0.78021,0,2,6713890,6712330,1560
6405021,1748.28,1677.53,1752,1460,0.916565,0,2,6720562,6718810,1752
6424001,1486.67,1461.47,1488,1460,0.714622,0,2,6739690,6738202,1488
6425461,1510.73,1486.67,1512,1460,0.771849,0,2,6741202,6739690,1512
6426921,1603.14,1510.73,1608,1460,0.79474,0,2,6742810,6741202,1608
6431301,1726.56,1699.19,1728,1460,0.948703,0,2,6747850,6746122,1728
6438601,1248.36,1711.14,1224,1460,0.451555,0,1,6756274,6755050,1224
6454661,1437.47,1389.48,1440,1460,0.707496,0,2,6769618,6768178,1440
6456121,1531.07,1437.47,1536,1460,0.744998,0,2,6771154,6769618,1536
6457581,1558.55,1531.07,1560,1460,0.759999,0,2,6772714,6771154,1560
6463421,1726.61,1700.22,1728,1460,0.949168,0,2,6779338,6777610,1728
6472181,1070.35,1342.92,1056,1460,0.444595,0,1,6788986,6787930,1056
6485321,1462.62,1436.33,1464,1460,0.717749,0,2,6800602,6799138,1464
6486781,1532.33,1462.62,1536,1460,0.7611,0,2,6802138,6800602,1536
6488241,1581.42,1532.33,1584,1460,0.79044,0,2,6803722,6802138,1584
6492621,1749.36,1699.13,1752,1460,0.941228,0,2,6808786,6807034,1752
6499921,1478.52,1754.46,1464,1460,0.731011,0,2,6817426,6815962,1464
6513061,1580.27,1509.47,1584,1460,0.788165,0,2,6830026,6828442,1584
6517441,1700.34,1630.73,1704,1460,0.925723,0,2,6834970,6833266,1704
6518901,1795.02,1700.34,1800,1460,0.940289,0,2,6836770,6834970,1800
6552481,1147.03,1052.55,1152,1460,0.442227,0,1,6873250,6872098,1152
6553941,1197.35,1147.03,1200,1460,0.470891,0,1,6874450,6873250,1200
6562701,1461.53,1414.68,1464,1460,0.728685,0,2,6882610,6881146,1464
6564161,1555.08,1461.53,1560,1460,0.741474,0,2,6884170,6882610,1560
6570001,1747.19,1655.7,1752,1460,0.926422,0,2,6890770,6889018,1752
6571461,1774.56,1747.19,1776,1460,0.934569,0,2,6892546,6890770,1776
6575841,1682.52,1730.4,1680,1460,0.913012,0,2,6897730,6896050,1680
6596281,1486.62,1460.33,1488,1460,0.725732,0,2,6919042,6917554,1488
6597741,1533.53,1486.62,1536,1460,0.788293,0,2,6920578,6919042,1536
6602121,1725.47,1677.35,1728,1460,0.922371,0,2,6925618,6923890,1728
6616721,1557.47,1509.42,1560,1460,0.760245,0,2,6941650,6940090,1560
6621101,1702.5,1673.99,1704,1460,0.915776,0,2,6946594,6944890,1704
6622561,1772.32,1702.5,1776,1460,0.94831,0,2,6948370,6946594,1776
6628401,1564.02,1640.4,1560,1460,0.727237,0,2,6955162,6953602,1560
6640081,1726.61,1700.28,1728,1460,0.93158,0,2,6967762,6966034,1728
6648841,1140.16,1371.25,1128,1460,0.463796,0,1,6977026,6975898,1128
6659061,1415.87,1413.47,1416,1460,0.705751,0,2,6986170,6984754,1416
6660521,1529.99,1415.87,1536,1460,0.7323,0,2,6987706,6986170,1536
6661981,1535.7,1529.99,1536,1460,0.75492,0,2,6989242,6987706,1536
6666361,1679.7,1673.94,1680,1460,0.910635,0,2,6994162,6992482,1680
6667821,1771.18,1679.7,1776,1460,0.934254,0,2,6995938,6994162,1776
6669281,1775.76,1771.18,1776,1460,0.943702,0,2,6997714,6995938,1776
6685341,1462.67,1437.47,1464,1460,0.706446,0,2,7013314,7011850,1464
6686801,1509.53,1462.67,1512,1460,0.744578,0,2,7014826,7013314,1512
6688261,1557.48,1509.53,1560,1460,0.771831,0,2,7016386,7014826,1560
6692641,1747.02,1652.33,1752,1460,0.900197,0,2,7021378,7019626,1752
6701401,1093.15,1342.92,1080,1460,0.451514,0,1,7030930,7029850,1080
6714541,1486.62,1460.38,1488,1460,0.749707,0,2,7042642,7041154,1488
6716001,1579.13,1486.62,1584,1460,0.761883,0,2,7044226,7042642,1584
6721841,1678.85,1656.9,1680,1460,0.925312,0,2,7050802,7049122,1680
6723301,1793.94,1678.85,1800,1460,0.940125,0,2,7052602,7050802,1800
6730601,1157.27,1257.41,1152,1460,0.459108,0,1,7060018,7058866,1152
6740821,1461.53,1414.56,1464,1460,0.715902,0,2,7069258,7067794,1464
6743741,1490.21,1532.28,1488,1460,0.758944,0,2,7072282,7070794,1488
6748121,1703.69,1697.77,1704,1460,0.905612,0,2,7077274,7075570,1704
6749581,1749.58,1703.69,1752,1460,0.944245,0,2,7079026,7077274,1752
6756881,1632.37,1639.32,1632,1460,0.910005,0,2,7087690,7086058,1632
6777321,1461.53,1414.62,1464,1460,0.704529,0,2,7109002,7107538,1464
6778781,1509.48,1461.53,1512,1460,0.743812,0,2,7110514,7109002,1512
6780241,1557.47,1509.48,1560,1460,0.771525,0,2,7112074,7110514,1560
6784621,1702.56,1675.13,1704,1460,0.904498,0,2,7117042,7115338,1704
6791921,1731.66,1801.19,1728,1460,0.774084,0,2,7125970,7124242,1728
6799221,1510.56,1483.26,1512,1460,0.771463,0,2,7133218,7131706,1512
6805061,1681.99,1719.71,1680,1460,0.927477,0,2,7139794,7138114,1680
6809441,1753.25,1776.9,1752,1460,0.948559,0,2,7145122,7143370,1752
6821121,1508.16,1435.19,1512,1460,0.714719,0,2,7156258,7154746,1512
6822581,1511.81,1508.16,1512,1460,0.759887,0,2,7157770,7156258,1512
6854701,1486.67,1461.36,1488,1460,0.749676,0,2,7188634,7187146,1488
6856161,1579.13,1486.67,1584,1460,0.78587,0,2,7190218,7188634,1584
6860541,1679.82,1676.33,1680,1460,0.924616,0,2,7195186,7193506,1680
6873681,1725.42,1676.34,1728,1460,0.923905,0,2,7210594,7208866,1728
6886821,1678.63,1652.52,1680,1460,0.900322,0,2,7225930,7224250,1680
6888281,1748.33,1678.63,1752,1460,0.918129,0,2,7227682,7225930,1752
6902881,1461.3,1410,1464,1460,0.702432,0,2,7243186,7241722,1464
6904341,1509.47,1461.3,1512,1460,0.718973,0,2,7244698,7243186,1512
6905801,1511.87,1509.47,1512,1460,0.761589,0,2,7246210,7244698,1512
6907261,1580.39,1511.87,1584,1460,0.790636,0,2,7247794,7246210,1584
6911641,1725.42,1676.33,1728,1460,0.922521,0,2,7252810,7251082,1728
6929161,1486.62,1460.39,1488,1460,0.71417,0,2,7270882,7269394,1488
6930621,1510.73,1486.62,1512,1460,0.759668,0,2,7272394,7270882,1512
6936461,1748.33,1678.61,1752,1460,0.928807,0,2,7279066,7277314,1752
6951061,1125.47,1077.42,1128,1460,0.436286,0,1,7291954,7290826,1128
6952521,1196.27,1125.47,1200,1460,0.480514,0,1,7293154,7291954,1200
6964201,1578.05,1464.96,1584,1460,0.773001,0,2,7304362,7302778,1584
6968581,1702.56,1675.19,1704,1460,0.928592,0,2,7309330,7307626,1704
6977341,1701.56,1655.17,1704,1460,0.909396,0,2,7319722,7318018,1704
6978801,1749.48,1701.56,1752,1460,0.933759,0,2,7321474,7319722,1752
6989021,1702.68,1677.62,1704,1460,0.933823,0,2,7333522,7331818,1704
6997781,900.486,1137.72,888,1460,0.297687,0,1,7342282,7341394,888
7006541,1222.61,1196.27,1224,1460,0.493271,0,1,7348882,7347658,1224
7015301,1508.27,1437.42,1512,1460,0.740113,0,2,7357138,7355626,1512
7016761,1557.41,1508.27,1560,1460,0.782045,0,2,7358698,7357138,1560
7018221,1605.47,1557.41,1608,1460,0.798818,0,2,7360306,7358698,1608
7021141,1676.39,1607.87,1680,1460,0.906611,0,2,7363594,7361914,1680
7035741,1485.42,1436.4,1488,1460,0.71256,0,2,7379266,7377778,1488
7037201,1510.67,1485.42,1512,1460,0.723024,0,2,7380778,7379266,1512
7038661,1511.93,1510.67,1512,1460,0.79921,0,2,7382290,7380778,1512
7043041,1702.72,1678.44,1704,1460,0.918269,0,2,7387330,7385626,1704
7044501,1772.34,1702.72,1776,1460,0.937308,0,2,7389106,7387330,1776
7059101,1462.56,1435.19,1464,1460,0.705774,0,2,7404178,7402714,1464
7060561,1509.53,1462.56,1512,1460,0.74431,0,2,7405690,7404178,1512
7064941,1655.75,1651.07,1656,1460,0.903236,0,2,7410562,7408906,1656
7066401,1769.99,1655.75,1776,1460,0.919294,0,2,7412338,7410562,1776
7076621,1678.62,1652.43,1680,1460,0.912855,0,2,7424218,7422538,1680
7078081,1771.13,1678.62,1776,1460,0.947142,0,2,7425994,7424218,1776
7095601,1487.82,1484.33,1488,1460,0.764809,0,2,7443754,7442266,1488
7097061,1601.99,1487.82,1608,1460,0.791924,0,2,7445362,7443754,1608
7101441,1679.82,1676.38,1680,1460,0.937003,0,2,7450330,7448650,1680
7102901,1816.79,1679.82,1824,1460,0.944801,0,2,7452154,7450330,1824
7111661,1702.76,1679.27,1704,1460,0.90098,0,2,7462618,7460914,1704
7118961,1634.65,1684.91,1632,1460,0.757018,0,2,7471258,7469626,1632
7120421,1472.53,1634.65,1464,1460,0.740807,0,2,7472722,7471258,1464
7129181,1724.34,1654.73,1728,1460,0.922079,0,2,7482418,7480690,1728
7135021,1674.65,1573.07,1680,1460,0.732997,0,2,7489258,7487578,1680
7139401,1463.91,1462.25,1464,1460,0.752752,0,2,7493602,7492138,1464
7140861,1578,1463.91,1584,1460,0.763101,0,2,7495186,7493602,1584
7146701,1747.19,1655.76,1752,1460,0.926975,0,2,7501810,7500058,1752
7148161,1774.56,1747.19,1776,1460,0.93479,0,2,7503586,7501810,1776
7156921,1702.62,1676.42,1704,1460,0.932393,0,2,7513738,7512034,1704
7165681,1065.9,1254,1056,1460,0.450352,0,1,7523266,7522210,1056
7177361,1485.48,1437.53,1488,1460,0.723652,0,2,7533826,7532338,1488
7178821,1533.47,1485.48,1536,1460,0.751461,0,2,7535362,7533826,1536
7202181,1486.73,1462.61,1488,1460,0.739504,0,2,7559818,7558330,1488
7203641,1556.34,1486.73,1560,1460,0.781802,0,2,7561378,7559818,1560
7209481,1770.05,1657.01,1776,1460,0.945022,0,2,7568098,7566322,1776
7241601,1531.13,1438.63,1536,1460,0.772274,0,2,7602418,7600882,1536
7243061,1604.16,1531.13,1608,1460,0.78291,0,2,7604026,7602418,1608
7248901,1770.11,1658.1,1776,1460,0.933819,0,2,7610746,7608970,1776
7267881,1511.76,1507.19,1512,1460,0.771999,0,2,7629922,7628410,1512
7269341,1603.19,1511.76,1608,1460,0.7948,0,2,7631530,7629922,1608
7272261,1721.99,1607.76,1728,1460,0.903568,0,2,7634866,7633138,1728
7282481,1157.33,1258.5,1152,1460,0.461146,0,1,7645882,7644730,1152
7283941,1152.27,1157.33,1152,1460,0.430458,0,1,7647034,7645882,1152
7295621,1530.05,1416.96,1536,1460,0.73271,0,2,7657690,7656154,1536
7297081,1535.7,1530.05,1536,1460,0.779084,0,2,7659226,7657690,1536
7298541,1604.39,1535.7,1608,1460,0.797634,0,2,7660834,7659226,1608
7302921,1727.7,1721.99,1728,1460,0.914809,0,2,7665898,7664170,1728
7317521,1725.59,1679.84,1728,1460,0.914843,0,2,7682794,7681066,1728
7324821,1362.24,1708.85,1344,1460,0.464168,0,1,7691218,7689874,1344
7340881,1461.59,1415.87,1464,1460,0.729708,0,2,7704922,7703458,1464
7342341,1555.08,1461.59,1560,1460,0.777883,0,2,7706482,7704922,1560
7343801,1605.35,1555.08,1608,1460,0.785153,0,2,7708090,7706482,1608
7348181,1726.5,1698.05,1728,1460,0.94809,0,2,7713106,7711378,1728
7355481,1214.04,1480.86,1200,1460,0.498972,0,1,7721218,7720018,1200
7356941,1155.1,1214.04,1152,1460,0.421589,0,1,7722370,7721218,1152
7368621,1439.81,1436.27,1440,1460,0.712355,0,2,7732666,7731226,1440
7370081,1531.19,1439.81,1536,1460,0.734942,0,2,7734202,7732666,1536
7371541,1535.76,1531.19,1536,1460,0.791977,0,2,7735738,7734202,1536
7375921,1725.47,1677.36,1728,1460,0.910607,0,2,7740778,7739050,1728
7384681,1770.31,1662.12,1776,1460,0.941314,0,2,7751410,7749634,1776
7393441,1115.82,1340.46,1104,1460,0.464108,0,1,7760410,7759306,1104
7403661,1414.73,1390.61,1416,1460,0.703278,0,2,7769482,7768066,1416
7405121,1529.94,1414.73,1536,1460,0.743311,0,2,7771018,7769482,1536
7406581,1558.5,1529.94,1560,1460,0.795325,0,2,7772578,7771018,1560
7412421,1727.82,1724.33,1728,1460,0.92876,0,2,7779322,7777594,1728
7413881,1773.59,1727.82,1776,1460,0.947504,0,2,7781098,7779322,1776
7419721,1769.16,1639.2,1776,1460,0.9388,0,2,7788058,7786282,1776
7432861,1726.62,1700.42,1728,1460,0.940101,0,2,7803610,7801882,1728
7450381,1461.54,1414.72,1464,1460,0.716796,0,2,7821058,7819594,1464
7451841,1532.28,1461.54,1536,1460,0.760718,0,2,7822594,7821058,1536
7459141,1702.79,1679.87,1704,1460,0.921067,0,2,7830874,7829170,1704
7479581,1727.7,1721.99,1728,1460,0.92662,0,2,7852858,7851130,1728
7500021,1703.87,1701.47,1704,1460,0.945587,0,2,7875250,7873546,1704
7523381,1485.47,1437.3,1488,1460,0.723463,0,2,7901194,7899706,1488
7524841,1533.47,1485.47,1536,1460,0.763385,0,2,7902730,7901194,1536
7530681,1702.67,1677.47,1704,1460,0.918535,0,2,7909330,7907626,1704
7537981,1542.36,1663.25,1536,1460,0.714228,0,2,7917922,7916386,1536
7545281,1532.27,1461.49,1536,1460,0.749883,0,2,7925122,7923586,1536
7551121,1723.25,1632.96,1728,1460,0.919917,0,2,7931698,7929970,1728
7552581,1773.36,1723.25,1776,1460,0.949967,0,2,7933474,7931698,1776
7568641,1127.81,1124.27,1128,1460,0.429013,0,1,7947442,7946314,1128
7570101,1173.59,1127.81,1176,1460,0.477605,0,1,7948618,7947442,1176
7580321,1531.3,1442.1,1536,1460,0.748786,0,2,7958338,7956802,1536
7581781,1558.57,1531.3,1560,1460,0.797515,0,2,7959898,7958338,1560
7586161,1724.33,1654.62,1728,1460,0.921041,0,2,7964914,7963186,1728
7603681,1245.35,1195.08,1248,1460,0.497585,0,1,7981186,7979938,1248
7612441,1461.54,1414.73,1464,1460,0.716979,0,2,7989370,7987906,1464
7613901,1532.28,1461.54,1536,1460,0.772792,0,2,7990906,7989370,1536
7615361,1604.21,1532.28,1608,1460,0.795117,0,2,7992514,7990906,1608
7619741,1747.08,1653.59,1752,1460,0.913687,0,2,7997530,7995778,1752
7634341,1484.39,1415.81,1488,1460,0.723198,0,2,8012938,8011450,1488
7635801,1533.42,1484.39,1536,1460,0.763279,0,2,8014474,8012938,1536
7641641,1724.33,1654.67,1728,1460,0.921412,0,2,8021074,8019346,1728
7657701,1557.42,1508.33,1560,1460,0.770993,0,2,8038186,8036626,1560
7662081,1701.42,1652.33,1704,1460,0.926543,0,2,8043130,8041426,1704
7670841,1134.99,1267.73,1128,1460,0.282347,0,1,8052586,8051458,1128
7672301,809.149,1134.99,792,1460,0.202939,0,1,8053378,8052586,792
7685441,1174.73,1150.56,1176,1460,0.478936,0,1,8062402,8061226,1176
7694201,1462.62,1436.33,1464,1460,0.729747,0,2,8070562,8069098,1464
7695661,1555.13,1462.62,1560,1460,0.765899,0,2,8072122,8070562,1560
7701501,1724.33,1654.68,1728,1460,0.921479,0,2,8078722,8076994,1728
7710261,1471.62,1616.46,1464,1460,0.753582,0,2,8088970,8087506,1464
7717561,1725.47,1677.36,1728,1460,0.911029,0,2,8097082,8095354,1728
7740921,1772.21,1700.27,1776,1460,0.922786,0,2,8122306,8120530,1776
7748221,1102.38,1527.53,1080,1460,0.477901,0,1,8130274,8129194,1080
7751141,1060.68,1149.52,1056,1460,0.406464,0,1,8132482,8131426,1056
7755521,1243.13,1150.63,1248,1460,0.483694,0,1,8136010,8134762,1248
7764281,1485.59,1439.7,1488,1460,0.724809,0,2,8144266,8142778,1488
7765741,1533.48,1485.59,1536,1460,0.775924,0,2,8145802,8144266,1536
7771581,1724.34,1654.73,1728,1460,0.921736,0,2,8152426,8150698,1728
7780341,1425.96,1615.27,1416,1460,0.71854,0,2,8162578,8161162,1416
7789101,1656.96,1675.13,1656,1460,0.907111,0,2,8172058,8170402,1656
7808081,1461.48,1413.59,1464,1460,0.716177,0,2,8191186,8189722,1464
7809541,1532.27,1461.48,1536,1460,0.748471,0,2,8192722,8191186,1536
7811001,1558.61,1532.27,1560,1460,0.785388,0,2,8194282,8192722,1560
7815381,1699.19,1607.88,1704,1460,0.911625,0,2,8199202,8197498,1704
7824141,1180.99,1731.72,1152,1460,0.485241,0,1,8209330,8208178,1152
7825601,1107.85,1180.99,1104,1460,0.440096,0,1,8210434,8209330,1104
7837281,1485.41,1436.27,1488,1460,0.710081,0,2,8220874,8219386,1488
7838741,1510.67,1485.41,1512,1460,0.734032,0,2,8222386,8220874,1512
7840201,1534.73,1510.67,1536,1460,0.767613,0,2,8223922,8222386,1536
7853341,1747.39,1659.84,1752,1460,0.922446,0,2,8239378,8237626,1752
7867941,1486.56,1459.24,1488,1460,0.738053,0,2,8254834,8253346,1488
7869401,1556.33,1486.56,1560,1460,0.781221,0,2,8256394,8254834,1560
7875241,1726.73,1702.61,1728,1460,0.927247,0,2,8263114,8261386,1728
7891301,1485.53,1438.61,1488,1460,0.724468,0,2,8279338,8277850,1488
7892761,1533.48,1485.53,1536,1460,0.751787,0,2,8280874,8279338,1536
7894221,1558.67,1533.48,1560,1460,0.786715,0,2,8282434,8280874,1560
7900061,1748.33,1678.67,1752,1460,0.9415,0,2,8289130,8287378,1752
7916121,1505.93,1390.62,1512,1460,0.711235,0,2,8305450,8303938,1512
7917581,1511.7,1505.93,1512,1460,0.770494,0,2,8306962,8305450,1512
7919041,1603.18,1511.7,1608,1460,0.794198,0,2,8308570,8306962,1608
7923421,1702.62,1676.39,1704,1460,0.917949,0,2,8313562,8311858,1704
7940941,1483.19,1391.7,1488,1460,0.718884,0,2,8331610,8330122,1488
7942401,1533.36,1483.19,1536,1460,0.737553,0,2,8333146,8331610,1536
7943861,1535.87,1533.36,1536,1460,0.793021,0,2,8334682,8333146,1536
7948241,1679.87,1677.36,1680,1460,0.901073,0,2,8339674,8337994,1680
7955541,1476.24,1708.85,1464,1460,0.727873,0,2,8348218,8346754,1464
7961381,1534.57,1507.32,1536,1460,0.791674,0,2,8354146,8352610,1536
7965761,1701.53,1654.56,1704,1460,0.915867,0,2,8359138,8357434,1704
7967221,1772.28,1701.53,1776,1460,0.924347,0,2,8360914,8359138,1776
7987661,1748.27,1677.36,1752,1460,0.927313,0,2,8382778,8381026,1752
7999341,1721.99,1607.82,1728,1460,0.917465,0,2,8396218,8394490,1728
8000801,1773.3,1721.99,1776,1460,0.948986,0,2,8397994,8396218,1776
8025621,1485.54,1438.73,1488,1460,0.737003,0,2,8420722,8419234,1488
8027081,1556.28,1485.54,1560,1460,0.792801,0,2,8422282,8420722,1560
8051901,1143.36,1435.26,1128,1460,0.455852,0,1,8450554,8449426,1128
8053361,1105.97,1143.36,1104,1460,0.416341,0,1,8451658,8450554,1104
8065041,1485.47,1437.48,1488,1460,0.711396,0,2,8462146,8460658,1488
8066501,1510.67,1485.47,1512,1460,0.746558,0,2,8463658,8462146,1512
8067961,1557.53,1510.67,1560,1460,0.796623,0,2,8465218,8463658,1560
8072341,1725.47,1677.41,1728,1460,0.910904,0,2,8470258,8468530,1728
8073801,1750.67,1725.47,1752,1460,0.940362,0,2,8472010,8470258,1752
8079641,1699.51,1614.12,1704,1460,0.908377,0,2,8478826,8477122,1704
8081101,1749.38,1699.51,1752,1460,0.945351,0,2,8480578,8478826,1752
8104461,1439.87,1437.35,1440,1460,0.701549,0,2,8506162,8504722,1440
8105921,1508.39,1439.87,1512,1460,0.75462,0,2,8507674,8506162,1512
8107381,1580.22,1508.39,1584,1460,0.763848,0,2,8509258,8507674,1584
8111761,1678.56,1651.25,1680,1460,0.909286,0,2,8514154,8512474,1680
8113221,1771.13,1678.56,1776,1460,0.945714,0,2,8515930,8514154,1776
8120521,1239.18,1527.65,1224,1460,0.46074,0,1,8524138,8522914,1224
8126361,1172.28,1101.62,1176,1460,0.464675,0,1,8528530,8527354,1176
8136581,1486.61,1460.22,1488,1460,0.724834,0,2,8537890,8536402,1488
8138041,1533.53,1486.61,1536,1460,0.763933,0,2,8539426,8537890,1536
8142421,1700.27,1629.47,1704,1460,0.900172,0,2,8544346,8542642,1704
8143881,1749.41,1700.27,1752,1460,0.918069,0,2,8546098,8544346,1752
8154101,1745.96,1631.28,1752,1460,0.904835,0,2,8558290,8556538,1752
8164321,847.926,998.529,840,1460,0.264156,0,1,8568946,8568106,840
8173081,1170.05,1057.02,1176,1460,0.421433,0,1,8575162,8573986,1176
8184761,1532.45,1464.96,1536,1460,0.7632,0,2,8586154,8584618,1536
8190601,1748.27,1677.47,1752,1460,0.92813,0,2,8592802,8591050,1752
8197901,1201.44,1228.8,1200,1460,0.441264,0,1,8600530,8599330,1200
8199361,1086.07,1201.44,1080,1460,0.410506,0,1,8601610,8600530,1080
8212501,1486.61,1460.22,1488,1460,0.737019,0,2,8613298,8611810,1488
8213961,1556.33,1486.61,1560,1460,0.780808,0,2,8614858,8613298,1560
8219801,1703.82,1700.33,1704,1460,0.920901,0,2,8621506,8619802,1704
8230021,1209.53,1390.63,1200,1460,0.478257,0,1,8632570,8631370,1200
8240241,1485.48,1437.53,1488,1460,0.735919,0,2,8642026,8640538,1488
8241701,1556.27,1485.48,1560,1460,0.768368,0,2,8643586,8642026,1560
8246081,1702.56,1675.13,1704,1460,0.904296,0,2,8648554,8646850,1704
8247541,1749.53,1702.56,1752,1460,0.943718,0,2,8650306,8648554,1752
8254841,1256.33,1414.62,1248,1460,0.479459,0,1,8658370,8657122,1248
8256301,1111.62,1256.33,1104,1460,0.461784,0,1,8659474,8658370,1104
8266521,1481.93,1366.67,1488,1460,0.70306,0,2,8668570,8667082,1488
8267981,1510.5,1481.93,1512,1460,0.755224,0,2,8670082,8668570,1512
8269441,1580.32,1510.5,1584,1460,0.77609,0,2,8671666,8670082,1584
8273821,1702.56,1675.19,1704,1460,0.90479,0,2,8676634,8674930,1704
8275281,1749.53,1702.56,1752,1460,0.931916,0,2,8678386,8676634,1752
8282581,1511.58,1503.6,1512,1460,0.742282,0,2,8686762,8685250,1512
8284041,1511.98,1511.58,1512,1460,0.782913,0,2,8688274,8686762,1512
8285501,1603.2,1511.98,1608,1460,0.799165,0,2,8689882,8688274,1608
8289881,1726.56,1699.19,1728,1460,0.924987,0,2,8694922,8693194,1728
8307401,1461.53,1414.56,1464,1460,0.728104,0,2,8712586,8711122,1464
8308861,1555.08,1461.53,1560,1460,0.753241,0,2,8714146,8712586,1560
8314701,1747.19,1655.76,1752,1460,0.914723,0,2,8720770,8719018,1752
8336601,1726.57,1699.31,1728,1460,0.913586,0,2,8744242,8742514,1728
8373101,1726.62,1700.34,1728,1460,0.937929,0,2,8784394,8782666,1728
8381861,1203.88,1277.53,1200,1460,0.479654,0,1,8793442,8792242,1200
8390621,1460.27,1389.48,1464,1460,0.712405,0,2,8801386,8799922,1464
8392081,1532.21,1460.27,1536,1460,0.758962,0,2,8802922,8801386,1536
8393541,1581.41,1532.21,1584,1460,0.777585,0,2,8804506,8802922,1584
8399381,1727.81,1724.22,1728,1460,0.940306,0,2,8811202,8809474,1728
8406681,1421.35,1522.98,1416,1460,0.723091,0,2,8819458,8818042,1416
8413981,1724.27,1653.47,1728,1460,0.908336,0,2,8827522,8825794,1728
8421281,1549.26,1801.19,1536,1460,0.728524,0,2,8836258,8834722,1536
8428581,1533.42,1484.4,1536,1460,0.752564,0,2,8843530,8841994,1536
8430041,1558.67,1533.42,1560,1460,0.799026,0,2,8845090,8843530,1560
8434421,1726.61,1700.22,1728,1460,0.924978,0,2,8850154,8848426,1728
8447561,1196.09,1121.84,1200,1460,0.455534,0,1,8862442,8861242,1200
8457781,1485.42,1436.34,1488,1460,0.722757,0,2,8871874,8870386,1488
8459241,1533.47,1485.42,1536,1460,0.763103,0,2,8873410,8871874,1536
8465081,1724.33,1654.67,1728,1460,0.933407,0,2,8880010,8878282,1728
8470921,1752.18,1755.53,1752,1460,0.701511,0,2,8887138,8885386,1752
8473841,1227.6,1296.01,1224,1460,0.463842,0,1,8889634,8888410,1224
8475301,1110.18,1227.6,1104,1460,0.431537,0,1,8890738,8889634,1104
8488441,1508.33,1438.61,1512,1460,0.728947,0,2,8902522,8901010,1512
8489901,1534.62,1508.33,1536,1460,0.753579,0,2,8904058,8902522,1536
8491361,1558.73,1534.62,1560,1460,0.799431,0,2,8905618,8904058,1560
8495741,1726.61,1700.22,1728,1460,0.925004,0,2,8910682,8908954,1728
8503041,1607.51,1598.22,1608,1460,0.747011,0,2,8919322,8917714,1608
8513261,1703.87,1701.48,1704,1460,0.946042,0,2,8930578,8928874,1704
8529321,1461.42,1412.33,1464,1460,0.702753,0,2,8946826,8945362,1464
8530781,1509.47,1461.42,1512,1460,0.743101,0,2,8948338,8946826,1512
8532241,1557.47,1509.47,1560,1460,0.78324,0,2,8949898,8948338,1560
8538081,1748.28,1677.53,1752,1460,0.940643,0,2,8956570,8954818,1752
8555601,1528.85,1393.01,1536,1460,0.741893,0,2,8973970,8972434,1536
8557061,1558.44,1528.85,1560,1460,0.794757,0,2,8975530,8973970,1560
8562901,1748.22,1676.45,1752,1460,0.92817,0,2,8982202,8980450,1752
8564361,1774.61,1748.22,1776,1460,0.935268,0,2,8983978,8982202,1776
8584801,1748.33,1678.68,1752,1460,0.929517,0,2,9005818,9004066,1752
8611081,1486.61,1460.27,1488,1460,0.701425,0,2,9033730,9032242,1488
8612541,1487.93,1486.61,1488,1460,0.76657,0,2,9035218,9033730,1488
8614001,1602,1487.93,1608,1460,0.780628,0,2,9036826,9035218,1608
8618381,1702.56,1675.25,1704,1460,0.91708,0,2,9041794,9040090,1704
8628601,904.689,1221.79,888,1460,0.287702,0,1,9052138,9051250,888
8646121,1486.56,1459.14,1488,1460,0.748636,0,2,9066922,9065434,1488
8647581,1579.13,1486.56,1584,1460,0.773454,0,2,9068506,9066922,1584
8649041,1583.76,1579.13,1584,1460,0.795382,0,2,9070090,9068506,1584
8653421,1747.08,1653.54,1752,1460,0.913704,0,2,9075106,9073354,1752
8660721,1540.03,1616.51,1536,1460,0.744572,0,2,9083602,9082066,1536
8669481,1725.41,1676.28,1728,1460,0.922509,0,2,9093202,9091474,1728
8687001,1508.27,1437.42,1512,1460,0.704014,0,2,9110482,9108970,1512
8703061,1497.96,1687.2,1488,1460,0.743533,0,2,9129082,9127594,1488
8719121,1240.26,1549.26,1224,1460,0.460097,0,1,9147058,9145834,1224
8720581,1065.21,1240.26,1056,1460,0.418039,0,1,9148114,9147058,1056
8732261,1462.67,1437.42,1464,1460,0.706236,0,2,9158578,9157114,1464
8733721,1509.53,1462.67,1512,1460,0.744494,0,2,9160090,9158578,1512
8735181,1557.48,1509.53,1560,1460,0.783798,0,2,9161650,9160090,1560
8739561,1726.55,1699.07,1728,1460,0.912003,0,2,9166690,9164962,1728
8741021,1750.73,1726.55,1752,1460,0.946801,0,2,9168442,9166690,1752
8742481,1797.54,1750.73,1800,1460,0.94872,0,2,9170242,9168442,1800
8754161,1170.1,1058.01,1176,1460,0.43625,0,1,9180682,9179506,1176
8755621,1175.7,1170.1,1176,1460,0.4805,0,1,9181858,9180682,1176
8764381,1440.85,1456.91,1440,1460,0.725522,0,2,9189970,9188530,1440
8767301,1514.1,1554.04,1512,1460,0.789284,0,2,9193042,9191530,1512
8783361,1747.43,1660.69,1752,1460,0.909923,0,2,9211978,9210226,1752
8786281,1819.25,1728.97,1824,1460,0.949588,0,2,9215530,9213706,1824
8790661,1676.83,1616.51,1680,1460,0.761334,0,2,9220594,9218914,1680
8793581,1441.73,1474.64,1440,1460,0.744613,0,2,9223498,9222058,1440
8800881,1748.39,1679.76,1752,1460,0.917887,0,2,9231754,9230002,1752
8816941,1485.42,1436.33,1488,1460,0.735134,0,2,9248434,9246946,1488
8818401,1556.27,1485.42,1560,1460,0.780053,0,2,9249994,9248434,1560
8824241,1702.68,1677.53,1704,1460,0.930961,0,2,9256618,9254914,1704
8831541,1560.6,1572.06,1560,1460,0.770861,0,2,9265162,9263602,1560
8846141,1104.54,1570.86,1080,1460,0.471284,0,1,9281482,9280402,1080
8865121,1725.41,1676.22,1728,1460,0.909965,0,2,9299962,9298234,1728
8866581,1750.67,1725.41,1752,1460,0.945986,0,2,9301714,9299962,1752
8876801,1770.04,1656.86,1776,1460,0.909733,0,2,9313690,9311914,1776
8879721,1796.51,1730.1,1800,1460,0.914757,0,2,9317218,9315418,1800
8895781,1200.42,1208.39,1200,1460,0.493921,0,1,9334474,9333274,1200
8904541,1486.56,1459.19,1488,1460,0.736836,0,2,9342682,9341194,1488
8906001,1556.33,1486.56,1560,1460,0.768734,0,2,9344242,9342682,1560
8911841,1747.13,1654.68,1752,1460,0.914352,0,2,9350866,9349114,1752
8913301,1751.76,1747.13,1752,1460,0.941741,0,2,9352618,9350866,1752
8914761,1797.59,1751.76,1800,1460,0.946696,0,2,9354418,9352618,1800
8927901,1484.39,1415.87,1488,1460,0.722842,0,2,9367234,9365746,1488
8929361,1533.42,1484.39,1536,1460,0.787137,0,2,9368770,9367234,1536
8930821,1627.07,1533.42,1632,1460,0.788855,0,2,9370402,9368770,1632
8936661,1794.1,1682.05,1800,1460,0.947459,0,2,9377194,9375394,1800
8960021,1468.26,1549.19,1464,1460,0.785107,0,2,9403090,9401626,1464
8973161,1523.09,1733.88,1512,1460,0.716316,0,2,9418378,9416866,1512
8974621,1421.35,1523.09,1416,1460,0.700526,0,2,9419794,9418378,1416
8979001,1535.81,1532.29,1536,1460,0.782834,0,2,9424330,9422794,1536
8983381,1702.61,1676.22,1704,1460,0.905221,0,2,9429322,9427618,1704
8984841,1749.53,1702.61,1752,1460,0.938089,0,2,9431074,9429322,1752
9003821,1706.52,1754.39,1704,1460,0.722233,0,2,9453370,9451666,1704
9014041,1555.3,1466.04,1560,1460,0.780724,0,2,9463282,9461722,1560
9018421,1677.53,1630.67,1680,1460,0.908446,0,2,9468202,9466522,1680
9019881,1771.08,1677.53,1776,1460,0.945379,0,2,9469978,9468202,1776
9034481,1533.53,1486.67,1536,1460,0.776999,0,2,9485410,9483874,1536
9038861,1725.41,1676.21,1728,1460,0.921648,0,2,9490426,9488698,1728
9040321,1773.47,1725.41,1776,1460,0.938659,0,2,9492202,9490426,1776
9056381,1486.68,1461.53,1488,1460,0.739241,0,2,9508714,9507226,1488
9057841,1556.33,1486.68,1560,1460,0.769697,0,2,9510274,9508714,1560
9062221,1701.42,1652.33,1704,1460,0.914461,0,2,9515218,9513514,1704
9063681,1772.27,1701.42,1776,1460,0.947784,0,2,9516994,9515218,1776
9069521,1519.45,1660.92,1512,1460,0.791351,0,2,9523714,9522202,1512
9075361,1679.82,1676.33,1680,1460,0.901683,0,2,9530266,9528586,1680
9076821,1748.39,1679.82,1752,1460,0.930673,0,2,9532018,9530266,1752
9094341,1555.13,1462.56,1560,1460,0.741975,0,2,9550234,9548674,1560
9100181,1701.59,1655.7,1704,1460,0.916835,0,2,9556786,9555082,1704
9107481,1297.32,1322.39,1296,1460,0.431107,0,1,9564802,9563506,1296
9125001,1463.76,1459.19,1464,1460,0.720036,0,2,9579490,9578026,1464
9126461,1532.39,1463.76,1536,1460,0.750014,0,2,9581026,9579490,1536
9130841,1701.36,1651.13,1704,1460,0.901201,0,2,9585946,9584242,1704
9132301,1749.47,1701.36,1752,1460,0.94248,0,2,9587698,9585946,1752
9141061,1177.11,1198.14,1176,1460,0.48801,0,1,9597106,9595930,1176
9152741,1461.48,1413.53,1464,1460,0.739739,0,2,9607570,9606106,1464
9154201,1577.87,1461.48,1584,1460,0.757895,0,2,9609154,9607570,1584
9160041,1723.08,1629.54,1728,1460,0.905818,0,2,9615658,9613930,1728
9170261,1703.7,1698.08,1704,1460,0.921535,0,2,9627610,9625906,1704
9171721,1772.39,1703.7,1776,1460,0.932614,0,2,9629386,9627610,1776
9190701,1748.28,1677.53,1752,1460,0.928436,0,2,9649762,9648010,1752
9198001,1173,1572,1152,1460,0.426387,0,1,9657850,9656698,1152
9199461,1016.25,1173,1008,1460,0.296555,0,1,9658858,9657850,1008
9200921,894.412,1016.25,888,1460,0.280622,0,1,9659746,9658858,888
9209681,1127.76,1123.19,1128,1460,0.452186,0,1,9665962,9664834,1128
9211141,1219.19,1127.76,1224,1460,0.498874,0,1,9667186,9665962,1224
9219901,1439.87,1437.42,1440,1460,0.72549,0,2,9675346,9673906,1440
9221361,1553.99,1439.87,1560,1460,0.740196,0,2,9676906,9675346,1560
9227201,1748.33,1678.5,1752,1460,0.928309,0,2,9683530,9681778,1752
9234501,1088.53,1250.57,1080,1460,0.40588,0,1,9691186,9690106,1080
9240341,1195.14,1102.74,1200,1460,0.456839,0,1,9695626,9694426,1200
9250561,1507.14,1414.73,1512,1460,0.750641,0,2,9705106,9703594,1512
9252021,1580.16,1507.14,1584,1460,0.786256,0,2,9706690,9705106,1584
9257861,1725.53,1678.68,1728,1460,0.924688,0,2,9713362,9711634,1728
9265161,1652.94,1594.8,1656,1460,0.779533,0,2,9721978,9720322,1656
9273921,1704.79,1719.77,1704,1460,0.944955,0,2,9731626,9729922,1704
9281221,1225.5,1710,1200,1460,0.433603,0,1,9740002,9738802,1200
9300201,1485.36,1435.13,1488,1460,0.709266,0,2,9755482,9753994,1488
9301661,1510.67,1485.36,1512,1460,0.745707,0,2,9756994,9755482,1512
9303121,1557.53,1510.67,1560,1460,0.796283,0,2,9758554,9756994,1560
9307501,1749.41,1700.21,1752,1460,0.941602,0,2,9763642,9761890,1752
9320641,1773.53,1726.58,1776,1460,0.941445,0,2,9779338,9777562,1776
9329401,1746.05,1633.05,1752,1460,0.903655,0,2,9789586,9787834,1752
9338161,1027.14,1390.74,1008,1460,0.249145,0,1,9799138,9798130,1008
9341081,699.108,758.157,696,1460,0.0818631,0,1,9800578,9799882,696
9342541,696.155,699.108,696,1460,0.0327453,0,1,9801274,9800578,696
9344001,646.608,696.155,644,1460,0.0310981,0,1,9801918,9801274,644
9346921,645.527,674.53,644,1460,0.0109757,0,1,9803238,9802594,644
9355681,908.334,838.676,912,1460,0.241568,0,1,9807970,9807058,912
9357141,957.417,908.334,960,1460,0.258627,0,1,9808930,9807970,960
9361521,1101.36,1051.19,1104,1460,0.413752,0,1,9812050,9810946,1104
9362981,1172.27,1101.36,1176,1460,0.459501,0,1,9813226,9812050,1176
9373201,1505.94,1390.73,1512,1460,0.723478,0,2,9822610,9821098,1512
9374661,1534.5,1505.94,1536,1460,0.763391,0,2,9824146,9822610,1536
9380501,1701.59,1655.81,1704,1460,0.905383,0,2,9830746,9829042,1704
9387801,1129.63,1616.51,1104,1460,0.478702,0,1,9838810,9837706,1104
9408241,1679.93,1678.61,1680,1460,0.914556,0,2,9858730,9857050,1680
9434521,1486.51,1458.1,1488,1460,0.736413,0,2,9886882,9885394,1488
9435981,1556.33,1486.51,1560,1460,0.744565,0,2,9888442,9886882,1560
9441821,1724.39,1655.7,1728,1460,0.921701,0,2,9895018,9893290,1728
9449121,1563.85,1636.98,1560,1460,0.749915,0,2,9903514,9901954,1560
9450581,1491.79,1563.85,1488,1460,0.737966,0,2,9905002,9903514,1488
9457881,1678.73,1654.67,1680,1460,0.911963,0,2,9913066,9911386,1680
9459341,1771.14,1678.73,1776,1460,0.934785,0,2,9914842,9913066,1776
9468101,1701.5,1654.03,1704,1460,0.920746,0,2,9925186,9923482,1704
9476861,1199.22,1640.46,1176,1460,0.433646,0,1,9935218,9934042,1176
9490001,1460.39,1391.87,1464,1460,0.714395,0,2,9946522,9945058,1464
9491461,1532.22,1460.39,1536,1460,0.771758,0,2,9948058,9946522,1536
9497301,1679.71,1674.11,1680,1460,0.911645,0,2,9954586,9952906,1680
9498761,1771.19,1679.71,1776,1460,0.946658,0,2,9956362,9954586,1776
9504601,1456.97,1779.48,1440,1460,0.49305,0,1,9963226,9961786,1440
9510441,1145.77,1027.38,1152,1460,0.463102,0,1,9967330,9966178,1152
9519201,1461.42,1412.33,1464,1460,0.702564,0,2,9975394,9973930,1464
9520661,1509.47,1461.42,1512,1460,0.755026,0,2,9976906,9975394,1512
9527961,1725.48,1677.59,1728,1460,0.936272,0,2,9985162,9983434,1728
9535261,1654.08,1617.6,1656,1460,0.902647,0,2,9993826,9992170,1656
9541101,1677.61,1632.29,1680,1460,0.91346,0,2,10000522,9998842,1680
9542561,1771.08,1677.61,1776,1460,0.935384,0,2,10002298,10000522,1776
9561541,1748.33,1678.67,1752,1460,0.941228,0,2,10023034,10021282,1752
9590741,1634.65,1684.91,1632,1460,0.924059,0,2,10054234,10052602,1632
9606801,1749.36,1699.19,1752,1460,0.929432,0,2,10071754,10070002,1752
9624321,1152.84,1168.85,1152,1460,0.461376,0,1,10086970,10085818,1152
9634541,1552.9,1418.09,1560,1460,0.726098,0,2,10096498,10094938,1560
9641841,1703.77,1699.3,1704,1460,0.944635,0,2,10104682,10102978,1704
9649141,1104.49,1569.78,1080,1460,0.483462,0,1,10112722,10111642,1080
9665201,1462.62,1436.33,1464,1460,0.729536,0,2,10126402,10124938,1464
9666661,1555.13,1462.62,1560,1460,0.765814,0,2,10127962,10126402,1560
9668121,1582.56,1555.13,1584,1460,0.792326,0,2,10129546,10127962,1584
9672501,1701.48,1653.54,1704,1460,0.903909,0,2,10134514,10132810,1704
9684181,1678.74,1654.71,1680,1460,0.914451,0,2,10148266,10146586,1680
9685641,1771.14,1678.74,1776,1460,0.93578,0,2,10150042,10148266,1776
9719221,1488.95,1507.07,1488,1460,0.754373,0,2,10185874,10184386,1488
9725061,1724.33,1654.67,1728,1460,0.909184,0,2,10192474,10190746,1728
9733821,1119.43,1412.52,1104,1460,0.451263,0,1,10202194,10201090,1104
9739661,1104.91,1122.24,1104,1460,0.438416,0,1,10206538,10205434,1104
9751341,1486.61,1460.27,1488,1460,0.737325,0,2,10217194,10215706,1488
9752801,1556.33,1486.61,1560,1460,0.76893,0,2,10218754,10217194,1560
9758641,1748.33,1678.62,1752,1460,0.941045,0,2,10225426,10223674,1752
9768861,1050.79,1407.73,1032,1460,0.430691,0,1,10236322,10235290,1032
9780541,1462.56,1435.13,1464,1460,0.704354,0,2,10246618,10245154,1464
9782001,1509.53,1462.56,1512,1460,0.743742,0,2,10248130,10246618,1512
9783461,1557.48,1509.53,1560,1460,0.783497,0,2,10249690,10248130,1560
9789301,1703.87,1701.47,1704,1460,0.921737,0,2,10256362,10254658,1704
9798061,1213.42,1468.32,1200,1460,0.454597,0,1,10265986,10264786,1200
9799521,1086.67,1213.42,1080,1460,0.451839,0,1,10267066,10265986,1080
9812661,1485.59,1439.82,1488,1460,0.737591,0,2,10279042,10277554,1488
9814121,1556.28,1485.59,1560,1460,0.781036,0,2,10280602,10279042,1560
9818501,1701.47,1653.47,1704,1460,0.915186,0,2,10285570,10283866,1704
9819961,1772.27,1701.47,1776,1460,0.936074,0,2,10287346,10285570,1776
9834561,1510.61,1484.28,1512,1460,0.745937,0,2,10302562,10301050,1512
9836021,1557.53,1510.61,1560,1460,0.784375,0,2,10304122,10302562,1560
9840401,1679.81,1676.27,1680,1460,0.92452,0,2,10309090,10307410,1680
9847701,1546.98,1755.6,1536,1460,0.742859,0,2,10317826,10316290,1536
9849161,1468.15,1546.98,1464,1460,0.723144,0,2,10319290,10317826,1464
9862301,1747.13,1654.67,1752,1460,0.938056,0,2,10333162,10331410,1752
9869601,1662.12,1778.4,1656,1460,0.7343,0,2,10342042,10340386,1656
9882741,1703.81,1700.27,1704,1460,0.932624,0,2,10356010,10354306,1704
9900261,1463.76,1459.14,1464,1460,0.732048,0,2,10373818,10372354,1464
9901721,1555.19,1463.76,1560,1460,0.754819,0,2,10375378,10373818,1560
9907561,1748.33,1678.56,1752,1460,0.928683,0,2,10382026,10380274,1752
9916321,1160.52,1322.4,1152,1460,0.475577,0,1,10391266,10390114,1152
9926541,1508.28,1437.53,1512,1460,0.716715,0,2,10400770,10399258,1512
9928001,1511.81,1508.28,1512,1460,0.760686,0,2,10402282,10400770,1512
9929461,1580.39,1511.81,1584,1460,0.790274,0,2,10403866,10402282,1584
9933841,1724.28,1653.53,1728,1460,0.932578,0,2,10408858,10407130,1728
9951361,1531.08,1437.54,1536,1460,0.757939,0,2,10426714,10425178,1536
9957201,1702.67,1677.47,1704,1460,0.930395,0,2,10433314,10431610,1704
9971801,1484.22,1412.41,1488,1460,0.722168,0,2,10449250,10447762,1488
9973261,1533.41,1484.22,1536,1460,0.750867,0,2,10450786,10449250,1536
9974721,1558.67,1533.41,1560,1460,0.798347,0,2,10452346,10450786,1560
9980561,1703.82,1700.39,1704,1460,0.92135,0,2,10459018,10457314,1704
9990781,1531.25,1441.07,1536,1460,0.752088,0,2,10470178,10468642,1536
9992241,1558.56,1531.25,1560,1460,0.798835,0,2,10471738,10470178,1560
9996621,1701.53,1654.62,1704,1460,0.916325,0,2,10476730,10475026,1704
9998081,1772.28,1701.53,1776,1460,0.94253,0,2,10478506,10476730,1776
10012681,1488.9,1506.04,1488,1460,0.730558,0,2,10493650,10492162,1488
10018521,1700.33,1630.61,1704,1460,0.901086,0,2,10500130,10498426,1704
10019981,1749.42,1700.33,1752,1460,0.942435,0,2,10501882,10500130,1752
10027281,1242.54,1594.86,1224,1460,0.488969,0,1,10510114,10508890,1224
10028741,1110.93,1242.54,1104,1460,0.405588,0,1,10511218,10510114,1104
10043341,1484.22,1412.34,1488,1460,0.731429,0,2,10523722,10522234,1488
10044801,1556.21,1484.22,1560,1460,0.766571,0,2,10525282,10523722,1560
10046261,1582.61,1556.21,1584,1460,0.792629,0,2,10526866,10525282,1584
10050641,1748.22,1676.34,1752,1460,0.915448,0,2,10531906,10530154,1752
10052101,1751.81,1748.22,1752,1460,0.948179,0,2,10533658,10531906,1752
10059401,816.126,1274.52,792,1460,0.242941,0,1,10541098,10540306,792
10068161,886.617,860.335,888,1460,0.250747,0,1,10545970,10545082,888
10069621,979.131,886.617,984,1460,0.286299,0,1,10546954,10545970,984
10074001,1123.14,1030.73,1128,1460,0.406403,0,1,10550122,10548994,1128
10075461,1150.56,1123.14,1152,1460,0.456561,0,1,10551274,10550122,1152
10076921,1220.33,1150.56,1224,1460,0.488624,0,1,10552498,10551274,1224
10085681,1485.36,1435.13,1488,1460,0.709389,0,2,10560610,10559122,1488
10087141,1510.67,1485.36,1512,1460,0.769756,0,2,10562122,10560610,1512
10088601,1603.13,1510.67,1608,1460,0.793902,0,2,10563730,10562122,1608
10094441,1816.85,1680.96,1824,1460,0.94562,0,2,10570546,10568722,1824
10104661,1726.63,1700.64,1728,1460,0.941165,0,2,10582666,10580938,1728
10123641,1533.42,1484.39,1536,1460,0.738861,0,2,10602298,10600762,1536
10125101,1535.87,1533.42,1536,1460,0.781544,0,2,10603834,10602298,1536
10129481,1725.41,1676.22,1728,1460,0.921939,0,2,10608850,10607122,1728
10145541,1510.68,1485.53,1512,1460,0.759096,0,2,10625482,10623970,1512
10151381,1724.33,1654.67,1728,1460,0.909305,0,2,10632082,10630354,1728
10152841,1750.62,1724.33,1752,1460,0.945722,0,2,10633834,10632082,1752
10158681,1217.4,1548.05,1200,1460,0.432642,0,1,10640146,10638946,1200
10160141,1018.47,1217.4,1008,1460,0.227057,0,1,10641154,10640146,1008
10173281,1080.96,1099.19,1080,1460,0.439199,0,1,10649578,10648498,1080
10183501,1484.33,1414.62,1488,1460,0.70905,0,2,10658938,10657450,1488
10184961,1510.62,1484.33,1512,1460,0.76962,0,2,10660450,10658938,1512
10186421,1603.13,1510.62,1608,1460,0.781848,0,2,10662058,10660450,1608
10190801,1701.42,1652.45,1704,1460,0.903238,0,2,10667002,10665298,1704
10192261,1749.47,1701.42,1752,1460,0.931295,0,2,10668754,10667002,1752
10198101,1178.7,1685.94,1152,1460,0.494577,0,1,10675162,10674010,1152
10199561,1130.53,1178.7,1128,1460,0.407831,0,1,10676290,10675162,1128
10215621,1507.19,1415.87,1512,1460,0.751463,0,2,10690282,10688770,1512
10217081,1580.16,1507.19,1584,1460,0.798585,0,2,10691866,10690282,1584
10221461,1724.33,1654.67,1728,1460,0.921109,0,2,10696882,10695154,1728
10243361,1726.56,1699.19,1728,1460,0.948805,0,2,10720714,10718986,1728
10250661,1108.99,1659.78,1080,1460,0.477341,0,1,10728802,10727722,1080
10271101,1725.47,1677.41,1728,1460,0.934803,0,2,10748650,10746922,1728
10278401,1375.98,1527.6,1368,1460,0.489428,0,1,10756978,10755610,1368
10279861,1072,1375.98,1056,1460,0.405771,0,1,10758034,10756978,1056
10284241,1193.94,1078.84,1200,1460,0.456289,0,1,10761370,10760170,1200
10285701,1199.7,1193.94,1200,1460,0.488516,0,1,10762570,10761370,1200
10287161,1245.58,1199.7,1248,1460,0.489406,0,1,10763818,10762570,1248
10294461,1463.75,1459.07,1464,1460,0.743031,0,2,10770658,10769194,1464
10295921,1577.99,1463.75,1584,1460,0.747212,0,2,10772242,10770658,1584
10300301,1655.71,1650.1,1656,1460,0.903422,0,2,10777090,10775434,1656
10303221,1684.5,1769.99,1680,1460,0.947347,0,2,10780546,10778866,1680
10309061,1227.84,1756.72,1200,1460,0.484812,0,1,10787170,10785970,1200
10310521,1087.39,1227.84,1080,1460,0.415925,0,1,10788250,10787170,1080
10323661,1460.4,1391.93,1464,1460,0.714956,0,2,10799890,10798426,1464
10325121,1532.22,1460.4,1536,1460,0.747983,0,2,10801426,10799890,1536
10329501,1678.56,1651.13,1680,1460,0.908271,0,2,10806322,10804642,1680
10330961,1771.13,1678.56,1776,1460,0.933308,0,2,10808098,10806322,1776
10347021,1534.62,1508.33,1536,1460,0.766406,0,2,10825306,10823770,1536
10348481,1581.53,1534.62,1584,1460,0.792562,0,2,10826890,10825306,1584
10361621,945.111,1118.23,936,1460,0.295505,0,1,10840786,10839850,936
10370381,1127.82,1124.34,1128,1460,0.465384,0,1,10847074,10845946,1128
10379141,1439.87,1437.41,1440,1460,0.71323,0,2,10855186,10853746,1440
10380601,1531.19,1439.87,1536,1460,0.747292,0,2,10856722,10855186,1536
10382061,1558.56,1531.19,1560,1460,0.784917,0,2,10858282,10856722,1560
10387901,1724.39,1655.87,1728,1460,0.910734,0,2,10864930,10863202,1728
10396661,1725.44,1676.77,1728,1460,0.927122,0,2,10875274,10873546,1728
10415641,1557.36,1507.13,1560,1460,0.74527,0,2,10894930,10893370,1560
10421481,1748.21,1676.22,1752,1460,0.926903,0,2,10901506,10899754,1752
10434621,1441.02,1460.33,1440,1460,0.740997,0,2,10915282,10913842,1440
10441921,1748.33,1678.62,1752,1460,0.929082,0,2,10923538,10921786,1752
10465281,1486.73,1462.69,1488,1460,0.72944,0,2,10949650,10948162,1488
10466741,1533.54,1486.73,1536,1460,0.789776,0,2,10951186,10949650,1536
10471121,1725.47,1677.35,1728,1460,0.934466,0,2,10956226,10954498,1728
10478421,1560.66,1573.2,1560,1460,0.723127,0,2,10964794,10963234,1560
10490101,1679.76,1675.14,1680,1460,0.911969,0,2,10977202,10975522,1680
10491561,1771.19,1679.76,1776,1460,0.934787,0,2,10978978,10977202,1776
10497401,1545.83,1732.68,1536,1460,0.751851,0,2,10985842,10984306,1536
10498861,1490.89,1545.83,1488,1460,0.71474,0,2,10987330,10985842,1488
10526601,1702.5,1673.99,1704,1460,0.903356,0,2,11017090,11015386,1704
10528061,1749.53,1702.5,1752,1460,0.943342,0,2,11018842,11017090,1752
10536821,1537.56,1567.16,1536,1460,0.761252,0,2,11028922,11027386,1536
10544121,1725.48,1677.53,1728,1460,0.936029,0,2,11037106,11035378,1728
10579161,1506.11,1394.16,1512,1460,0.726169,0,2,11072122,11070610,1512
10580621,1534.51,1506.11,1536,1460,0.764468,0,2,11073658,11072122,1536
10586461,1725.47,1677.47,1728,1460,0.923362,0,2,11080282,11078554,1728
10587921,1773.47,1725.47,1776,1460,0.939345,0,2,11082058,11080282,1776
10595221,822.909,1410.18,792,1460,0.231139,0,1,11089618,11088826,792
10601061,908.337,838.744,912,1460,0.245197,0,1,11092978,11092066,912
10606901,1123.25,1032.95,1128,1460,0.407797,0,1,11097154,11096026,1128
10608361,1150.56,1123.25,1152,1460,0.457119,0,1,11098306,11097154,1152
10609821,1220.33,1150.56,1224,1460,0.488848,0,1,11099530,11098306,1224
10618581,1485.47,1437.48,1488,1460,0.711602,0,2,11107786,11106298,1488
10620041,1510.67,1485.47,1512,1460,0.734641,0,2,11109298,11107786,1512
10621501,1534.73,1510.67,1536,1460,0.791856,0,2,11110834,11109298,1536
10625881,1725.47,1677.36,1728,1460,0.922599,0,2,11115874,11114146,1728
10633181,1219.69,1593.71,1200,1460,0.472695,0,1,11124034,11122834,1200
10634641,1086.98,1219.69,1080,1460,0.435078,0,1,11125114,11124034,1080
10646321,1485.47,1437.47,1488,1460,0.723374,0,2,11135674,11134186,1488
10647781,1533.47,1485.47,1536,1460,0.73935,0,2,11137210,11135674,1536
10653621,1747.19,1655.7,1752,1460,0.926367,0,2,11143810,11142058,1752
10660921,1536.72,1550.39,1536,1460,0.776478,0,2,11152306,11150770,1536
10666761,1725.36,1675.14,1728,1460,0.922134,0,2,11158858,11157130,1728
10684281,1488.85,1504.91,1488,1460,0.72974,0,2,11176906,11175418,1488
10701801,1725.48,1677.62,1728,1460,0.925933,0,2,11197234,11195506,1728
10720781,1508.22,1436.39,1512,1460,0.715598,0,2,11216362,11214850,1512
10722241,1511.81,1508.22,1512,1460,0.748239,0,2,11217874,11216362,1512
10723701,1557.59,1511.81,1560,1460,0.797296,0,2,11219434,11217874,1560
10728081,1726.61,1700.21,1728,1460,0.924867,0,2,11224498,11222770,1728
10736841,1603.93,1526.52,1608,1460,0.728575,0,2,11234866,11233258,1608
10739761,1417.61,1448.2,1416,1460,0.722572,0,2,11237722,11236306,1416
10742681,1558.5,1530.08,1560,1460,0.774412,0,2,11240818,11239258,1560
10747061,1700.28,1629.54,1704,1460,0.912842,0,2,11245738,11244034,1704
10748521,1772.21,1700.28,1776,1460,0.947137,0,2,11247514,11245738,1776
10754361,1198.14,1618.74,1176,1460,0.423367,0,1,11253922,11252746,1176
10755821,994.707,1198.14,984,1460,0.283347,0,1,11254906,11253922,984
10776261,1463.88,1461.59,1464,1460,0.710513,0,2,11271706,11270242,1464
10777721,1509.59,1463.88,1512,1460,0.758205,0,2,11273218,11271706,1512
10783561,1770.1,1658.09,1776,1460,0.945186,0,2,11279938,11278162,1776
10804001,1139.54,1358.88,1128,1460,0.470299,0,1,11303338,11302210,1128
10815681,1485.53,1438.62,1488,1460,0.724288,0,2,11313970,11312482,1488
10817141,1533.48,1485.53,1536,1460,0.787715,0,2,11315506,11313970,1536
10818601,1627.07,1533.48,1632,1460,0.789086,0,2,11317138,11315506,1632
10840501,1484.34,1414.73,1488,1460,0.7341,0,2,11340010,11338522,1488
10841961,1556.22,1484.34,1560,1460,0.75564,0,2,11341570,11340010,1560
10847801,1748.27,1677.42,1752,1460,0.927936,0,2,11348194,11346442,1752
10866781,1487.87,1485.41,1488,1460,0.717321,0,2,11367274,11365786,1488
10868241,1510.79,1487.87,1512,1460,0.796928,0,2,11368786,11367274,1512
10871161,1678.44,1648.74,1680,1460,0.906309,0,2,11372122,11370442,1680
10872621,1771.12,1678.44,1776,1460,0.908523,0,2,11373898,11372122,1776
10894521,1026.72,926.301,1032,1460,0.297054,0,1,11397298,11396266,1032
10898901,1102.51,1074.17,1104,1460,0.418131,0,1,11400442,11399338,1104
10900361,1172.33,1102.51,1176,1460,0.449253,0,1,11401618,11400442,1176
10901821,1198.62,1172.33,1200,1460,0.473701,0,1,11402818,11401618,1200
10910581,1442.16,1483.19,1440,1460,0.742148,0,2,11411050,11409610,1440
10917881,1792.85,1657.02,1800,1460,0.925849,0,2,11419378,11417578,1800
10932481,1557.48,1509.53,1560,1460,0.784326,0,2,11434978,11433418,1560
10936861,1702.61,1676.27,1704,1460,0.929317,0,2,11439970,11438266,1704
10945621,1065.9,1253.94,1056,1460,0.439092,0,1,11449498,11448442,1056
10958761,1485.48,1437.59,1488,1460,0.736093,0,2,11461330,11459842,1488
10960221,1556.27,1485.48,1560,1460,0.780437,0,2,11462890,11461330,1560
10964601,1703.75,1699.07,1704,1460,0.918988,0,2,11467906,11466202,1704
10966061,1772.39,1703.75,1776,1460,0.949595,0,2,11469682,11467906,1776
10985041,1578.05,1464.95,1584,1460,0.796692,0,2,11489098,11487514,1584
10989421,1726.61,1700.27,1728,1460,0.936828,0,2,11494162,11492434,1728
10990881,1796.33,1726.61,1800,1460,0.944731,0,2,11495962,11494162,1800
11006941,1555.19,1463.87,1560,1460,0.755812,0,2,11512738,11511178,1560
11011321,1702.5,1673.99,1704,1460,0.915492,0,2,11517682,11515978,1704
11012781,1772.32,1702.5,1776,1460,0.948197,0,2,11519458,11517682,1776
11027381,1486.67,1461.41,1488,1460,0.738727,0,2,11534554,11533066,1488
11028841,1556.33,1486.67,1560,1460,0.769491,0,2,11536114,11534554,1560
11034681,1726.67,1701.42,1728,1460,0.938179,0,2,11542786,11541058,1728
11053661,1322.4,1367.94,1320,1460,0.490717,0,1,11564986,11563666,1320
11055121,1114.92,1322.4,1104,1460,0.478287,0,1,11566090,11564986,1104
11065341,1483.13,1390.56,1488,1460,0.717763,0,2,11575306,11573818,1488
11066801,1533.36,1483.13,1536,1460,0.749105,0,2,11576842,11575306,1536
11068261,1558.67,1533.36,1560,1460,0.785642,0,2,11578402,11576842,1560
11072641,1725.41,1676.28,1728,1460,0.934201,0,2,11583418,11581690,1728
11110601,1462.56,1435.25,1464,1460,0.717126,0,2,11622106,11620642,1464
11112061,1532.33,1462.56,1536,1460,0.760851,0,2,11623642,11622106,1536
11117901,1702.73,1678.61,1704,1460,0.931238,0,2,11630266,11628562,1704
11135421,1771.24,1680.9,1776,1460,0.935488,0,2,11649826,11648050,1776
11151481,1607.23,1592.51,1608,1460,0.768493,0,2,11668858,11667250,1608
11160241,1701.54,1654.73,1704,1460,0.917024,0,2,11678458,11676754,1704
11161701,1772.28,1701.54,1776,1460,0.936809,0,2,11680234,11678458,1776
11183601,1460.28,1389.53,1464,1460,0.70051,0,2,11699866,11698402,1464
11185061,1509.41,1460.28,1512,1460,0.730204,0,2,11701378,11699866,1512
11186521,1534.67,1509.41,1536,1460,0.778082,0,2,11702914,11701378,1536
11190901,1655.87,1653.42,1656,1460,0.905397,0,2,11707834,11706178,1656
11192361,1769.99,1655.87,1776,1460,0.932159,0,2,11709610,11707834,1776
11201121,1114.58,1315.5,1104,1460,0.425287,0,1,11719090,11717986,1104
11212801,1463.7,1457.94,1464,1460,0.730556,0,2,11729458,11727994,1464
11214261,1555.18,1463.7,1560,1460,0.754222,0,2,11731018,11729458,1560
11215721,1559.76,1555.18,1560,1460,0.787689,0,2,11732578,11731018,1560
11220101,1723.13,1630.68,1728,1460,0.906492,0,2,11737546,11735818,1728
11233241,1678.68,1653.59,1680,1460,0.924498,0,2,11752834,11751154,1680
11253681,1700.93,1642.62,1704,1460,0.794635,0,2,11777098,11775394,1704
11256601,1535.27,1521.45,1536,1460,0.781142,0,2,11780146,11778610,1536
11262441,1725.59,1679.75,1728,1460,0.925325,0,2,11786818,11785090,1728
11277041,1414.68,1389.59,1416,1460,0.70484,0,2,11802106,11800690,1416
11278501,1529.93,1414.68,1536,1460,0.731936,0,2,11803642,11802106,1536
11279961,1535.7,1529.93,1536,1460,0.754774,0,2,11805178,11803642,1536
11284341,1701.36,1651.14,1704,1460,0.901506,0,2,11810098,11808394,1704
11285801,1749.47,1701.36,1752,1460,0.942602,0,2,11811850,11810098,1752
11293101,946.26,1597.19,912,1460,0.208612,0,1,11819842,11818930,912
11307701,1147.13,1054.62,1152,1460,0.425942,0,1,11828914,11827762,1152
11309161,1174.56,1147.13,1176,1460,0.476377,0,1,11830090,11828914,1176
11317921,1463.7,1457.99,1464,1460,0.718766,0,2,11838226,11836762,1464
11319381,1532.38,1463.7,1536,1460,0.749506,0,2,11839762,11838226,1536
11320841,1558.62,1532.38,1560,1460,0.785803,0,2,11841322,11839762,1560
11326681,1748.33,1678.67,1752,1460,0.941477,0,2,11848018,11846266,1752
11360261,1130.82,1640.35,1104,1460,0.433112,0,1,11885914,11884810,1104
11363181,941.047,1036.94,936,1460,0.291298,0,1,11887882,11886946,936
11370481,1080.9,1098.05,1080,1460,0.42712,0,1,11893018,11891938,1080
11382161,1487.82,1484.33,1488,1460,0.740763,0,2,11903818,11902330,1488
11383621,1556.39,1487.82,1560,1460,0.794305,0,2,11905378,11903818,1560
11389461,1725.59,1679.87,1728,1460,0.925662,0,2,11912098,11910370,1728
11396761,1722.48,1617.6,1728,1460,0.903863,0,2,11920810,11919082,1728
11398221,1727.72,1722.48,1728,1460,0.919545,0,2,11922538,11920810,1728
11399681,1750.79,1727.72,1752,1460,0.937818,0,2,11924290,11922538,1752
11418661,1463.93,1462.57,1464,1460,0.736663,0,2,11945410,11943946,1464
11420121,1555.2,1463.93,1560,1460,0.780665,0,2,11946970,11945410,1560
11424501,1677.53,1630.67,1680,1460,0.908443,0,2,11951890,11950210,1680
11425961,1771.08,1677.53,1776,1460,0.945377,0,2,11953666,11951890,1776
11433261,1187.03,1396.55,1176,1460,0.429633,0,1,11961346,11960170,1176
11434721,1062.55,1187.03,1056,1460,0.417853,0,1,11962402,11961346,1056
11447861,1484.39,1415.81,1488,1460,0.734223,0,2,11974138,11972650,1488
11449321,1556.22,1484.39,1560,1460,0.767689,0,2,11975698,11974138,1560
11455161,1725.53,1678.62,1728,1460,0.924213,0,2,11982346,11980618,1728
11468301,1581.42,1532.33,1584,1460,0.791489,0,2,11996674,11995090,1584
11472681,1701.48,1653.53,1704,1460,0.903855,0,2,12001642,11999938,1704
11474141,1749.47,1701.48,1752,1460,0.943542,0,2,12003394,12001642,1752
11493121,1702.56,1675.19,1704,1460,0.916568,0,2,12023338,12021634,1704
11494581,1772.33,1702.56,1776,1460,0.948627,0,2,12025114,12023338,1776
11513561,1727.82,1724.39,1728,1460,0.941069,0,2,12046018,12044290,1728
11519401,1224.3,1685.99,1200,1460,0.479467,0,1,12052498,12051298,1200
11536921,1463.7,1457.99,1464,1460,0.706673,0,2,12067186,12065722,1464
11538381,1509.59,1463.7,1512,1460,0.756669,0,2,12068698,12067186,1512
11545681,1726.68,1701.53,1728,1460,0.938977,0,2,12077002,12075274,1728
11554441,1087.57,1231.31,1080,1460,0.44175,0,1,12086602,12085522,1080
11564661,1437.53,1390.62,1440,1460,0.708287,0,2,12095698,12094258,1440
11566121,1531.08,1437.53,1536,1460,0.733315,0,2,12097234,12095698,1536
11567581,1535.75,1531.08,1536,1460,0.779326,0,2,12098770,12097234,1536
11580721,1284.61,1524.12,1272,1460,0.434282,0,1,12113626,12112354,1272
11596781,1439.81,1436.28,1440,1460,0.712603,0,2,12127138,12125698,1440
11598241,1531.19,1439.81,1536,1460,0.747041,0,2,12128674,12127138,1536
11620141,1486.56,1459.2,1488,1460,0.738042,0,2,12152146,12150658,1488
11621601,1556.33,1486.56,1560,1460,0.781217,0,2,12153706,12152146,1560
11627441,1748.33,1678.67,1752,1460,0.929359,0,2,12160402,12158650,1752
11639121,1483.14,1390.82,1488,1460,0.710208,0,2,12172906,12171418,1488
11640581,1510.56,1483.14,1512,1460,0.734083,0,2,12174418,12172906,1512
11642041,1534.73,1510.56,1536,1460,0.791633,0,2,12175954,12174418,1536
11646421,1700.39,1631.76,1704,1460,0.901945,0,2,12180922,12179218,1704
11647881,1749.42,1700.39,1752,1460,0.930778,0,2,12182674,12180922,1752
11649341,1774.67,1749.42,1776,1460,0.948311,0,2,12184450,12182674,1776
11659561,1487.75,1483.09,1488,1460,0.741746,0,2,12195058,12193570,1488
11661021,1556.39,1487.75,1560,1460,0.770698,0,2,12196618,12195058,1560
11666861,1748.27,1677.48,1752,1460,0.904322,0,2,12203266,12201514,1752
11674161,1536.72,1550.39,1536,1460,0.716252,0,2,12211714,12210178,1536
11684381,1747.13,1654.62,1752,1460,0.914198,0,2,12222826,12221074,1752
11691681,1297.26,1321.19,1296,1460,0.444769,0,1,12230770,12229474,1296
11707741,1508.33,1438.56,1512,1460,0.728551,0,2,12244570,12243058,1512
11709201,1534.62,1508.33,1536,1460,0.753421,0,2,12246106,12244570,1536
11715041,1746.05,1632.96,1752,1460,0.912808,0,2,12252706,12250954,1752
11731101,1702.61,1676.22,1704,1460,0.916967,0,2,12270442,12268738,1704
11732561,1772.33,1702.61,1776,1460,0.948787,0,2,12272218,12270442,1776
11757381,1486.62,1460.33,1488,1460,0.749697,0,2,12294754,12293266,1488
11758841,1579.13,1486.62,1584,1460,0.773879,0,2,12296338,12294754,1584
11764681,1747.19,1655.82,1752,1460,0.927251,0,2,12302986,12301234,1752
11785121,1725.53,1678.61,1728,1460,0.924106,0,2,12324994,12323266,1728
11793881,1092.06,1321.26,1080,1460,0.451136,0,1,12334594,12333514,1080
11805561,1483.19,1391.76,1488,1460,0.719053,0,2,12345082,12343594,1488
11807021,1533.36,1483.19,1536,1460,0.761621,0,2,12346618,12345082,1536
11808481,1581.47,1533.36,1584,1460,0.790648,0,2,12348202,12346618,1584
11812861,1679.82,1676.33,1680,1460,0.900921,0,2,12353170,12351490,1680
11814321,1748.39,1679.82,1752,1460,0.930369,0,2,12354922,12353170,1752
11823081,1542.08,1657.56,1536,1460,0.782016,0,2,12365194,12363658,1536
11844981,1532.33,1462.61,1536,1460,0.749516,0,2,12388714,12387178,1536
11850821,1726.67,1701.36,1728,1460,0.937668,0,2,12395362,12393634,1728
11852281,1796.33,1726.67,1800,1460,0.945067,0,2,12397162,12395362,1800
11855201,1821.65,1777.02,1824,1460,0.948011,0,2,12400762,12398938,1824
11874181,1507.13,1414.56,1512,1460,0.71355,0,2,12417322,12415810,1512
11875641,1511.76,1507.13,1512,1460,0.78342,0,2,12418834,12417322,1512
11877101,1625.99,1511.76,1632,1460,0.787368,0,2,12420466,12418834,1632
11882941,1749.64,1704.85,1752,1460,0.945741,0,2,12427234,12425482,1752
11897541,1486.68,1461.53,1488,1460,0.727576,0,2,12442546,12441058,1488
11899001,1533.53,1486.68,1536,1460,0.78903,0,2,12444082,12442546,1536
11903381,1702.67,1677.35,1704,1460,0.917618,0,2,12449098,12447394,1704
11904841,1772.33,1702.67,1776,1460,0.949047,0,2,12450874,12449098,1776
11919441,1748.28,1677.53,1752,1460,0.92941,0,2,12467962,12466210,1752
11925281,1521.84,1708.74,1512,1460,0.759105,0,2,12474754,12473242,1512
11934041,1558.56,1531.19,1560,1460,0.773676,0,2,12483610,12482050,1560
11939881,1703.81,1700.28,1704,1460,0.932718,0,2,12490234,12488530,1704
11941341,1795.19,1703.81,1800,1460,0.949087,0,2,12492034,12490234,1800
11964701,1463.87,1461.47,1464,1460,0.733364,0,2,12513154,12511690,1464
11966161,1555.19,1463.87,1560,1460,0.767346,0,2,12514714,12513154,1560
11972001,1768.91,1634.16,1776,1460,0.906732,0,2,12521386,12519610,1776
11988061,1461.48,1413.59,1464,1460,0.716314,0,2,12537610,12536146,1464
11989521,1532.27,1461.48,1536,1460,0.772525,0,2,12539146,12537610,1536
11990981,1604.21,1532.27,1608,1460,0.79501,0,2,12540754,12539146,1608
11995361,1723.14,1630.79,1728,1460,0.906961,0,2,12545722,12543994,1728
11996821,1750.56,1723.14,1752,1460,0.944784,0,2,12547474,12545722,1752
12007041,1726.62,1700.3,1728,1460,0.933468,0,2,12559474,12557746,1728
12014341,1055.69,1505.88,1032,1460,0.443834,0,1,12567442,12566410,1032
12030401,1557.42,1508.34,1560,1460,0.770686,0,2,12581962,12580402,1560
12034781,1748.16,1675.13,1752,1460,0.914044,0,2,12586978,12585226,1752
12036241,1751.81,1748.16,1752,1460,0.929618,0,2,12588730,12586978,1752
12043541,1184.34,1342.86,1176,1460,0.443007,0,1,12596602,12595426,1176
12045001,1085.22,1184.34,1080,1460,0.411203,0,1,12597682,12596602,1080
12049381,1176.96,1195.15,1176,1460,0.497437,0,1,12601162,12599986,1176
12056681,1462.61,1436.27,1464,1460,0.705193,0,2,12608026,12606562,1464
12058141,1509.53,1462.61,1512,1460,0.732077,0,2,12609538,12608026,1512
12059601,1534.68,1509.53,1536,1460,0.790831,0,2,12611074,12609538,1536
12065441,1703.88,1701.53,1704,1460,0.945925,0,2,12617770,12616066,1704
12072741,1699.74,1618.74,1704,1460,0.923577,0,2,12626530,12624826,1704
12081501,1467.18,1527.6,1464,1460,0.701152,0,2,12636754,12635290,1464
12087341,1556.28,1485.6,1560,1460,0.758637,0,2,12642682,12641122,1560
12093181,1726.61,1700.22,1728,1460,0.913133,0,2,12649306,12647578,1728
12107781,1749.42,1700.34,1752,1460,0.943361,0,2,12666274,12664522,1752
12125301,1205.77,1315.44,1200,1460,0.493922,0,1,12686314,12685114,1200
12135521,1483.19,1391.76,1488,1460,0.707085,0,2,12695626,12694138,1488
12136981,1510.56,1483.19,1512,1460,0.768834,0,2,12697138,12695626,1512
12138441,1603.13,1510.56,1608,1460,0.781534,0,2,12698746,12697138,1608
12142821,1702.56,1675.25,1704,1460,0.929138,0,2,12703714,12702010,1704
12150121,1495.62,1640.4,1488,1460,0.750894,0,2,12712234,12710746,1488
12158881,1748.27,1677.47,1752,1460,0.92841,0,2,12721930,12720178,1752
12166181,1239.07,1525.31,1224,1460,0.495411,0,1,12730042,12728818,1224
12167641,1133.55,1239.07,1128,1460,0.480164,0,1,12731170,12730042,1128
12180781,1554.05,1441.02,1560,1460,0.7652,0,2,12743362,12741802,1560
12186621,1745.99,1631.88,1752,1460,0.900341,0,2,12749962,12748210,1752
12195381,914.337,1414.74,888,1460,0.275934,0,1,12759466,12758578,888
12196841,843.717,914.337,840,1460,0.200374,0,1,12760306,12759466,840
12207061,1102.56,1075.13,1104,1460,0.416538,0,1,12767026,12765922,1104
12208521,1172.33,1102.56,1176,1460,0.436615,0,1,12768202,12767026,1176
12209981,1175.82,1172.33,1176,1460,0.480646,0,1,12769378,12768202,1176
12220201,1530.05,1417.01,1536,1460,0.756967,0,2,12778954,12777418,1536
12221661,1581.3,1530.05,1584,1460,0.788787,0,2,12780538,12778954,1584
12226041,1724.28,1653.53,1728,1460,0.932482,0,2,12785530,12783802,1728
12243561,1508.27,1437.42,1512,1460,0.728015,0,2,12803362,12801850,1512
12245021,1534.61,1508.27,1536,1460,0.777206,0,2,12804898,12803362,1536
12250861,1701.54,1654.73,1704,1460,0.904969,0,2,12811498,12809794,1704
12261081,1139.09,1349.76,1128,1460,0.463659,0,1,12822610,12821482,1128
12272761,1438.67,1413.48,1440,1460,0.71093,0,2,12833074,12831634,1440
12274221,1531.13,1438.67,1536,1460,0.758372,0,2,12834610,12833074,1536
12280061,1747.19,1655.81,1752,1460,0.902854,0,2,12841258,12839506,1752
12288821,1726.53,1698.54,1728,1460,0.92861,0,2,12851626,12849898,1728
12296121,1389.72,1802.33,1368,1460,0.743515,0,2,12860242,12858874,1368
12299041,1192.49,1505.89,1176,1460,0.448962,0,1,12862930,12861754,1176
12318021,1700.34,1630.73,1704,1460,0.901421,0,2,12881098,12879394,1704
12319481,1749.42,1700.34,1752,1460,0.918568,0,2,12882850,12881098,1752
12337001,1505.99,1391.76,1512,1460,0.711858,0,2,12900850,12899338,1512
12338461,1511.7,1505.99,1512,1460,0.758743,0,2,12902362,12900850,1512
12339921,1580.38,1511.7,1584,1460,0.777497,0,2,12903946,12902362,1584
12344301,1701.42,1652.39,1704,1460,0.92696,0,2,12908890,12907186,1704
12363281,1578.05,1465.01,1584,1460,0.772908,0,2,12928354,12926770,1584
12364741,1583.7,1578.05,1584,1460,0.795163,0,2,12929938,12928354,1584
12367661,1676.34,1606.79,1680,1460,0.906026,0,2,12933226,12931546,1680
12369121,1771.02,1676.34,1776,1460,0.92041,0,2,12935002,12933226,1776
12389561,1748.33,1678.56,1752,1460,0.940776,0,2,12957226,12955474,1752
12396861,1512.78,1527.54,1512,1460,0.782674,0,2,12965674,12964162,1512
12402701,1702.56,1675.19,1704,1460,0.917492,0,2,12972226,12970522,1704
12404161,1772.33,1702.56,1776,1460,0.948997,0,2,12974002,12972226,1776
12426061,1725.44,1676.83,1728,1460,0.927709,0,2,13000186,12998458,1728
12434821,1274.46,1321.26,1272,1460,0.4876,0,1,13009954,13008682,1272
12436281,1135.32,1274.46,1128,1460,0.45304,0,1,13011082,13009954,1128
12449421,1487.82,1484.33,1488,1460,0.76477,0,2,13023082,13021594,1488
12450881,1601.99,1487.82,1608,1460,0.767908,0,2,13024690,13023082,1608
12456721,1791.71,1634.11,1800,1460,0.947546,0,2,13031362,13029562,1800
12461101,1593.66,1777.18,1584,1460,0.700243,0,2,13036522,13034938,1584
12469861,1414.68,1389.54,1416,1460,0.704384,0,2,13044682,13043266,1416
12471321,1529.93,1414.68,1536,1460,0.731754,0,2,13046218,13044682,1536
12472781,1535.7,1529.93,1536,1460,0.778701,0,2,13047754,13046218,1536
12477161,1701.47,1653.42,1704,1460,0.903037,0,2,13052722,13051018,1704
12485921,1771.5,1686.06,1776,1460,0.943756,0,2,13063378,13061602,1776
12491761,1615.37,1755.48,1608,1460,0.75832,0,2,13070338,13068730,1608
12494681,1578.38,1471.57,1584,1460,0.724931,0,2,13073386,13071802,1584
12501981,1724.22,1652.39,1728,1460,0.919894,0,2,13081402,13079674,1728
12503441,1773.41,1724.22,1776,1460,0.943957,0,2,13083178,13081402,1776
12520961,1486.61,1460.27,1488,1460,0.725347,0,2,13100554,13099066,1488
12522421,1533.53,1486.61,1536,1460,0.740139,0,2,13102090,13100554,1536
12528261,1747.19,1655.7,1752,1460,0.926388,0,2,13108690,13106938,1752
12537021,1136.24,1292.76,1128,1460,0.477541,0,1,13118194,13117066,1128
12547241,1463.7,1458.05,1464,1460,0.731158,0,2,13127530,13126066,1464
12548701,1555.19,1463.7,1560,1460,0.778463,0,2,13129090,13127530,1560
12550161,1605.36,1555.19,1608,1460,0.797385,0,2,13130698,13129090,1608
12554541,1701.48,1653.59,1704,1460,0.916233,0,2,13135666,13133962,1704
12576441,898.32,1550.4,864,1460,0.219808,0,1,13160866,13160002,864
12582281,934.606,908.122,936,1460,0.268235,0,1,13164274,13163338,936
12583741,981.53,934.606,984,1460,0.293294,0,1,13165258,13164274,984
12588121,1101.48,1053.53,1104,1460,0.403971,0,1,13168426,13167322,1104
12589581,1149.47,1101.48,1152,1460,0.467588,0,1,13169578,13168426,1152
12599801,1484.45,1417.01,1488,1460,0.735517,0,2,13179154,13177666,1488
12601261,1556.22,1484.45,1560,1460,0.768207,0,2,13180714,13179154,1560
12605641,1678.62,1652.33,1680,1460,0.909565,0,2,13185634,13183954,1680
12607101,1771.13,1678.62,1776,1460,0.933826,0,2,13187410,13185634,1776
12627541,1726.62,1700.39,1728,1460,0.938033,0,2,13209850,13208122,1728
12634841,1585.28,1609.68,1584,1460,0.714197,0,2,13218298,13216714,1584
12645061,1748.28,1677.53,1752,1460,0.940606,0,2,13229434,13227682,1752
12652361,1698.65,1597.08,1704,1460,0.754832,0,2,13238170,13236466,1704
12662581,1725.53,1678.67,1728,1460,0.936812,0,2,13249378,13247650,1728
12668421,1636.98,1731.59,1632,1460,0.75459,0,2,13256338,13254706,1632
12669881,1449.85,1636.98,1440,1460,0.727836,0,2,13257778,13256338,1440
12677181,1725.47,1677.47,1728,1460,0.911379,0,2,13265890,13264162,1728
12684481,1654.03,1616.51,1656,1460,0.720011,0,2,13274506,13272850,1656
12690321,1533.3,1482.09,1536,1460,0.776016,0,2,13280290,13278754,1536
12691781,1604.27,1533.3,1608,1460,0.784406,0,2,13281898,13280290,1608
12697621,1727.81,1724.22,1728,1460,0.928481,0,2,13288594,13286866,1728
12699081,1773.59,1727.81,1776,1460,0.947392,0,2,13290370,13288594,1776
12722441,1753.32,1778.33,1752,1460,0.734807,0,2,13316290,13314538,1752
12729741,1484.33,1414.63,1488,1460,0.723272,0,2,13323250,13321762,1488
12731201,1533.42,1484.33,1536,1460,0.751309,0,2,13324786,13323250,1536
12732661,1558.67,1533.42,1560,1460,0.786523,0,2,13326346,13324786,1560
12738501,1727.87,1725.41,1728,1460,0.941303,0,2,13333090,13331362,1728
12756021,886.674,861.48,888,1460,0.239405,0,1,13346770,13345882,888
12757481,956.334,886.674,960,1460,0.269762,0,1,13347730,13346770,960
12763321,1127.75,1123.08,1128,1460,0.427338,0,1,13352002,13350874,1128
12764781,1173.59,1127.75,1176,1460,0.476935,0,1,13353178,13352002,1176
12766241,1244.28,1173.59,1248,1460,0.496774,0,1,13354426,13353178,1248
12775001,1486.67,1461.48,1488,1460,0.750629,0,2,13362754,13361266,1488
12776461,1579.13,1486.67,1584,1460,0.798252,0,2,13364338,13362754,1584
12782301,1727.82,1724.33,1728,1460,0.940835,0,2,13371082,13369354,1728
12783761,1796.39,1727.82,1800,1460,0.946334,0,2,13372882,13371082,1800
12798361,1701.48,1653.53,1704,1460,0.903912,0,2,13388650,13386946,1704
12799821,1749.47,1701.48,1752,1460,0.931565,0,2,13390402,13388650,1752
12810041,1726.62,1700.31,1728,1460,0.927851,0,2,13402498,13400770,1728
12817341,1096.68,1413.59,1080,1460,0.482541,0,1,13410394,13409314,1080
12829021,1532.27,1461.41,1536,1460,0.747762,0,2,13421146,13419610,1536
12836321,1726.74,1702.73,1728,1460,0.939961,0,2,13429474,13427746,1728
12853841,1198.62,1172.39,1200,1460,0.498125,0,1,13445218,13444018,1200
12862601,1463.82,1460.33,1464,1460,0.744821,0,2,13453474,13452010,1464
12864061,1577.99,1463.82,1584,1460,0.771928,0,2,13455058,13453474,1584
12869901,1768.79,1631.88,1776,1460,0.917313,0,2,13461682,13459906,1776
12891801,1679.87,1677.42,1680,1460,0.913567,0,2,13485226,13483546,1680
12893261,1771.19,1679.87,1776,1460,0.935427,0,2,13487002,13485226,1776
12904941,1725.48,1677.6,1728,1460,0.925615,0,2,13500706,13498978,1728
12906401,1773.47,1725.48,1776,1460,0.946246,0,2,13502482,13500706,1776
12913701,923.796,1147.92,912,1460,0.249334,0,1,13509634,13508722,912
12935601,1463.88,1461.53,1464,1460,0.758157,0,2,13527394,13525930,1464
12937061,1600.79,1463.88,1608,1460,0.777263,0,2,13529002,13527394,1608
12941441,1703.7,1698.04,1704,1460,0.942785,0,2,13533994,13532290,1704
12947281,1753.15,1774.96,1752,1460,0.713847,0,2,13541098,13539346,1752
12950201,1275.48,1341.66,1272,1460,0.487416,0,1,13543690,13542418,1272
12951661,1135.37,1275.48,1128,1460,0.452966,0,1,13544818,13543690,1128
12963341,1439.87,1437.48,1440,1460,0.713869,0,2,13555330,13553890,1440
12964801,1531.19,1439.87,1536,1460,0.759548,0,2,13556866,13555330,1536
12966261,1581.36,1531.19,1584,1460,0.789819,0,2,13558450,13556866,1584
12970641,1724.28,1653.53,1728,1460,0.920548,0,2,13563442,13561714,1728
12985241,1532.16,1459.13,1536,1460,0.735203,0,2,13578946,13577410,1536
12986701,1535.81,1532.16,1536,1460,0.768081,0,2,13580482,13578946,1536
12992541,1748.33,1678.61,1752,1460,0.917023,0,2,13587154,13585402,1752
12994001,1751.82,1748.33,1752,1460,0.948809,0,2,13588906,13587154,1752
13005681,1726.73,1702.61,1728,1460,0.939834,0,2,13602346,13600618,1728
13020281,1485.47,1437.42,1488,1460,0.735446,0,2,13617202,13615714,1488
13021741,1556.27,1485.47,1560,1460,0.756178,0,2,13618762,13617202,1560
13027581,1701.53,1654.62,1704,1460,0.90443,0,2,13625314,13623610,1704
13029041,1749.48,1701.53,1752,1460,0.943772,0,2,13627066,13625314,1752
13034881,1706.58,1755.53,1704,1460,0.749777,0,2,13634146,13632442,1704
13062621,1195.02,1100.34,1200,1460,0.466576,0,1,13661890,13660690,1200
13064081,1222.55,1195.02,1224,1460,0.49263,0,1,13663114,13661890,1224
13072841,1462.73,1438.56,1464,1460,0.719278,0,2,13671346,13669882,1464
13074301,1532.34,1462.73,1536,1460,0.737711,0,2,13672882,13671346,1536
13080141,1726.66,1701.3,1728,1460,0.937365,0,2,13679506,13677778,1728
13087441,1605.06,1549.2,1608,1460,0.767759,0,2,13688050,13686442,1608
13096201,1679.76,1675.2,1680,1460,0.900666,0,2,13697650,13695970,1680
13107881,1520.21,1676.24,1512,1460,0.784809,0,2,13711090,13709578,1512
13113721,1703.87,1701.41,1704,1460,0.945771,0,2,13717738,13716034,1704
13121021,1179.96,1711.14,1152,1460,0.436971,0,1,13726090,13724938,1152
13135621,1462.5,1434,1464,1460,0.727874,0,2,13738570,13737106,1464
13137081,1555.13,1462.5,1560,1460,0.74115,0,2,13740130,13738570,1560
13140001,1604.45,1536.96,1608,1460,0.786984,0,2,13743274,13741666,1608
13160441,1581.52,1534.44,1584,1460,0.779528,0,2,13765498,13763914,1584
13164821,1725.36,1675.19,1728,1460,0.93381,0,2,13770490,13768762,1728
13185261,1487.81,1484.21,1488,1460,0.763983,0,2,13790722,13789234,1488
13186721,1601.99,1487.81,1608,1460,0.791593,0,2,13792330,13790722,1608
13191101,1703.76,1699.18,1704,1460,0.907702,0,2,13797346,13795642,1704
13192561,1749.59,1703.76,1752,1460,0.915081,0,2,13799098,13797346,1752
13215921,1484.33,1414.56,1488,1460,0.72071,0,2,13820290,13818802,1488
13217381,1533.42,1484.33,1536,1460,0.750284,0,2,13821826,13820290,1536
13218841,1558.67,1533.42,1560,1460,0.798114,0,2,13823386,13821826,1560
13223221,1749.41,1700.22,1752,1460,0.929719,0,2,13828474,13826722,1752
13230521,1130.94,1642.73,1104,1460,0.495367,0,1,13836658,13835554,1104
13246581,1484.33,1414.67,1488,1460,0.721401,0,2,13850458,13848970,1488
13248041,1533.42,1484.33,1536,1460,0.73856,0,2,13851994,13850458,1536
13249501,1535.87,1533.42,1536,1460,0.793424,0,2,13853530,13851994,1536
13253881,1724.33,1654.56,1728,1460,0.932779,0,2,13858546,13856818,1728
13262641,1274.12,1314.42,1272,1460,0.47112,0,1,13868218,13866946,1272
13269941,1150.67,1125.43,1152,1460,0.424354,0,1,13873690,13872538,1152
13271401,1151.93,1150.67,1152,1460,0.475742,0,1,13874842,13873690,1152
13280161,1486.49,1457.88,1488,1460,0.711072,0,2,13882978,13881490,1488
13281621,1510.72,1486.49,1512,1460,0.746429,0,2,13884490,13882978,1512
13283081,1557.54,1510.72,1560,1460,0.796571,0,2,13886050,13884490,1560
13287461,1725.47,1677.41,1728,1460,0.910901,0,2,13891090,13889362,1728
13288921,1750.67,1725.47,1752,1460,0.94636,0,2,13892842,13891090,1752
13302061,1534.57,1507.31,1536,1460,0.790005,0,2,13906498,13904962,1536
13306441,1722.05,1608.96,1728,1460,0.90472,0,2,13911466,13909738,1728
13307901,1750.5,1722.05,1752,1460,0.931888,0,2,13913218,13911466,1752
13315201,1073.82,1412.45,1056,1460,0.439479,0,1,13921066,13920010,1056
13329801,1487.87,1485.47,1488,1460,0.753651,0,2,13934218,13932730,1488
13331261,1579.19,1487.87,1584,1460,0.78746,0,2,13935802,13934218,1584
13350241,1748.22,1676.4,1752,1460,0.940933,0,2,13957834,13956082,1752
13363381,1703.87,1701.32,1704,1460,0.93422,0,2,13973170,13971466,1704
13391121,1464.89,1481.87,1464,1460,0.733059,0,2,13998322,13996858,1464
13398421,1723.19,1631.82,1728,1460,0.907286,0,2,14006434,14004706,1728
13415941,1506.05,1392.96,1512,1460,0.736997,0,2,14024194,14022682,1512
13417401,1557.3,1506.05,1560,1460,0.768799,0,2,14025754,14024194,1560
13421781,1677.48,1629.53,1680,1460,0.907683,0,2,14030650,14028970,1680
13423241,1771.07,1677.48,1776,1460,0.933073,0,2,14032426,14030650,1776
13433461,1679.76,1675.17,1680,1460,0.926306,0,2,14044330,14042650,1680
13452441,1508.27,1437.37,1512,1460,0.739914,0,2,14063314,14061802,1512
13453901,1557.41,1508.27,1560,1460,0.781966,0,2,14064874,14063314,1560
13459741,1703.82,1700.33,1704,1460,0.93293,0,2,14071522,14069818,1704
13465581,1798.97,1779.47,1800,1460,0.910683,0,2,14078746,14076946,1800
13468501,1703.1,1685.95,1704,1460,0.905309,0,2,14082130,14080426,1704
13469961,1726.75,1703.1,1728,1460,0.920124,0,2,14083858,14082130,1728
13477261,1629.17,1575.41,1632,1460,0.74915,0,2,14092474,14090842,1632
13486021,1748.28,1677.53,1752,1460,0.92871,0,2,14102146,14100394,1752
13513761,1487.82,1484.38,1488,1460,0.740986,0,2,14127874,14126386,1488
13515221,1556.39,1487.82,1560,1460,0.758394,0,2,14129434,14127874,1560
13521061,1794.04,1680.84,1800,1460,0.939911,0,2,14136178,14134378,1800
13548801,1461.48,1413.54,1464,1460,0.740729,0,2,14166946,14165482,1464
13550261,1577.87,1461.48,1584,1460,0.758292,0,2,14168530,14166946,1584
13554641,1653.48,1605.64,1656,1460,0.900291,0,2,14173354,14171698,1656
13556101,1769.87,1653.48,1776,1460,0.942116,0,2,14175130,14173354,1776
13570701,1487.81,1484.27,1488,1460,0.7414,0,2,14190610,14189122,1488
13572161,1556.39,1487.81,1560,1460,0.78256,0,2,14192170,14190610,1560
13576541,1749.35,1699.07,1752,1460,0.916724,0,2,14197234,14195482,1752
13589681,1745.94,1630.71,1752,1460,0.925518,0,2,14212642,14210890,1752
13598441,1159.38,1299.6,1152,1460,0.485889,0,1,14221858,14220706,1152
13608661,1508.33,1438.56,1512,1460,0.728664,0,2,14231290,14229778,1512
13610121,1534.62,1508.33,1536,1460,0.765466,0,2,14232826,14231290,1536
13614501,1724.21,1652.28,1728,1460,0.90699,0,2,14237794,14236066,1728
13615961,1750.61,1724.21,1752,1460,0.908796,0,2,14239546,14237794,1752
13642241,1508.22,1436.39,1512,1460,0.763675,0,2,14263858,14262346,1512
13648081,1678.74,1654.73,1680,1460,0.923822,0,2,14270434,14268754,1680
13649541,1793.94,1678.74,1800,1460,0.927529,0,2,14272234,14270434,1800
13658301,856.878,1177.56,840,1460,0.275815,0,1,14280778,14279938,840
13680201,1623.76,1467.19,1632,1460,0.795939,0,2,14299354,14297722,1632
13703561,1485.53,1438.62,1488,1460,0.736325,0,2,14323522,14322034,1488
13705021,1556.28,1485.53,1560,1460,0.79253,0,2,14325082,14323522,1560
13710861,1703.76,1699.25,1704,1460,0.944433,0,2,14331730,14330026,1704
13719621,1413.48,1365.66,1416,1460,0.459924,0,1,14341690,14340274,1416
13724001,1101.53,1054.61,1104,1460,0.426635,0,1,14344858,14343754,1104
13725461,1172.28,1101.53,1176,1460,0.440654,0,1,14346034,14344858,1176
13735681,1507.19,1415.87,1512,1460,0.72726,0,2,14355490,14353978,1512
13737141,1534.56,1507.19,1536,1460,0.764904,0,2,14357026,14355490,1536
13741521,1700.27,1629.48,1704,1460,0.900234,0,2,14361946,14360242,1704
13742981,1749.41,1700.27,1752,1460,0.930094,0,2,14363698,14361946,1752
13751741,1563.66,1633.22,1560,1460,0.79413,0,2,14373802,14372242,1560
13756121,1656.96,1675.15,1656,1460,0.908344,0,2,14378722,14377066,1656
13788241,1510.56,1483.2,1512,1460,0.734504,0,2,14413810,14412298,1512
13789701,1534.73,1510.56,1536,1460,0.767802,0,2,14415346,14413810,1536
13794081,1725.35,1675.08,1728,1460,0.933059,0,2,14420338,14418610,1728
13795541,1796.27,1725.35,1800,1460,0.949224,0,2,14422138,14420338,1800
13799921,1638.12,1754.39,1632,1460,0.74355,0,2,14427322,14425690,1632
13801381,1427.11,1638.12,1416,1460,0.72342,0,2,14428738,14427322,1416
13810141,1750.5,1722.05,1752,1460,0.932107,0,2,14438506,14436754,1752
13820361,1179.31,1242.26,1176,1460,0.490469,0,1,14449570,14448394,1176
13830581,1506.05,1393.01,1512,1460,0.725139,0,2,14458978,14457466,1512
13832041,1534.5,1506.05,1536,1460,0.752055,0,2,14460514,14458978,1536
13833501,1558.73,1534.5,1560,1460,0.798822,0,2,14462074,14460514,1560
13845181,1253.89,1365.78,1248,1460,0.450263,0,1,14475202,14473954,1248
13853941,1149.48,1101.59,1152,1460,0.445082,0,1,14481610,14480458,1152
13855401,1197.47,1149.48,1200,1460,0.472033,0,1,14482810,14481610,1200
13862701,1414.62,1388.33,1416,1460,0.70165,0,2,14489458,14488042,1416
13864161,1529.93,1414.62,1536,1460,0.74266,0,2,14490994,14489458,1536
13865621,1558.5,1529.93,1560,1460,0.783064,0,2,14492554,14490994,1560
13867081,1605.52,1558.5,1608,1460,0.799226,0,2,14494162,14492554,1608
13870001,1721.99,1607.88,1728,1460,0.904276,0,2,14497498,14495770,1728
13871461,1750.5,1721.99,1752,1460,0.93171,0,2,14499250,14497498,1752
13878761,1098.79,1455.72,1080,1460,0.447272,0,1,14507098,14506018,1080
13893361,1534.56,1507.24,1536,1460,0.789005,0,2,14520346,14518810,1536
13894821,1627.13,1534.56,1632,1460,0.789602,0,2,14521978,14520346,1632
13899201,1726.51,1698.11,1728,1460,0.948375,0,2,14526994,14525266,1728
13906501,1175.28,1617.6,1152,1460,0.440857,0,1,14535178,14534026,1152
13912341,1101.43,1052.54,1104,1460,0.419622,0,1,14539354,14538250,1104
13913801,1172.27,1101.43,1176,1460,0.437849,0,1,14540530,14539354,1176
13915261,1175.81,1172.27,1176,1460,0.48114,0,1,14541706,14540530,1176
13924021,1463.81,1460.22,1464,1460,0.720137,0,2,14549890,14548426,1464
13925481,1532.39,1463.81,1536,1460,0.750055,0,2,14551426,14549890,1536
13926941,1558.62,1532.39,1560,1460,0.798022,0,2,14552986,14551426,1560
13931321,1679.87,1677.42,1680,1460,0.925393,0,2,14557978,14556298,1680
13947381,1461.41,1412.27,1464,1460,0.714259,0,2,14574274,14572810,1464
13948841,1532.27,1461.41,1536,1460,0.735704,0,2,14575810,14574274,1536
13950301,1535.81,1532.27,1536,1460,0.792282,0,2,14577346,14575810,1536
13956141,1726.62,1700.39,1728,1460,0.949994,0,2,14584042,14582314,1728
13972201,1438.62,1412.39,1440,1460,0.710405,0,2,14600098,14598658,1440
13973661,1531.13,1438.62,1536,1460,0.746162,0,2,14601634,14600098,1536
13975121,1558.56,1531.13,1560,1460,0.796465,0,2,14603194,14601634,1560
13980961,1748.28,1677.59,1752,1460,0.940982,0,2,14609890,14608138,1752
13989721,1204.71,1294.18,1200,1460,0.499289,0,1,14618698,14617498,1200
13998481,1462.67,1437.42,1464,1460,0.730414,0,2,14626858,14625394,1464
13999941,1555.13,1462.67,1560,1460,0.766166,0,2,14628418,14626858,1560
14005781,1703.81,1700.28,1704,1460,0.932526,0,2,14635042,14633338,1704
14036441,1724.33,1654.68,1728,1460,0.921596,0,2,14669458,14667730,1728
14051041,1587.96,1663.26,1584,1460,0.795629,0,2,14687170,14685586,1584
14052501,1561.4,1587.96,1560,1460,0.780252,0,2,14688730,14687170,1560
14056881,1703.64,1696.8,1704,1460,0.918976,0,2,14693698,14691994,1704
14058341,1772.38,1703.64,1776,1460,0.94959,0,2,14695474,14693698,1776
14064181,1081.86,1573.14,1056,1460,0.40567,0,1,14701714,14700658,1056
14070021,1149.47,1101.49,1152,1460,0.446465,0,1,14706034,14704882,1152
14071481,1197.47,1149.47,1200,1460,0.472586,0,1,14707234,14706034,1200
14080241,1460.34,1390.73,1464,1460,0.713881,0,2,14715322,14713858,1464
14081701,1532.22,1460.34,1536,1460,0.759553,0,2,14716858,14715322,1536
14087541,1725.47,1677.47,1728,1460,0.935237,0,2,14723482,14721754,1728
14118201,1485.53,1438.62,1488,1460,0.724589,0,2,14757298,14755810,1488
14119661,1533.48,1485.53,1536,1460,0.763836,0,2,14758834,14757298,1536
14125501,1725.53,1678.61,1728,1460,0.924114,0,2,14765482,14763754,1728
14145941,1487.87,1485.47,1488,1460,0.741724,0,2,14785594,14784106,1488
14147401,1556.39,1487.87,1560,1460,0.78269,0,2,14787154,14785594,1560
14183901,874.773,1079.46,864,1460,0.282065,0,1,14828554,14827690,864
14192661,1173.47,1125.47,1176,1460,0.463328,0,1,14834842,14833666,1176
14202881,1509.36,1459.14,1512,1460,0.741539,0,2,14844370,14842858,1512
14204341,1557.47,1509.36,1560,1460,0.782616,0,2,14845930,14844370,1560
14205801,1605.47,1557.47,1608,1460,0.799046,0,2,14847538,14845930,1608
14210181,1727.7,1721.99,1728,1460,0.938899,0,2,14852602,14850874,1728
14216021,1775.03,1756.67,1776,1460,0.723252,0,2,14859778,14858002,1776
14226241,1485.53,1438.67,1488,1460,0.701088,0,2,14869426,14867938,1488
14227701,1487.88,1485.53,1488,1460,0.766435,0,2,14870914,14869426,1488
14229161,1601.99,1487.88,1608,1460,0.792574,0,2,14872522,14870914,1608
14233541,1749.36,1699.18,1752,1460,0.941365,0,2,14877586,14875834,1752
14240841,1167.36,1459.2,1152,1460,0.452536,0,1,14885626,14884474,1152
14251061,1197.42,1148.33,1200,1460,0.482752,0,1,14893090,14891890,1200
14252521,1245.47,1197.42,1248,1460,0.499101,0,1,14894338,14893090,1248
14261281,1508.27,1437.48,1512,1460,0.728444,0,2,14902618,14901106,1512
14262741,1534.61,1508.27,1536,1460,0.765378,0,2,14904154,14902618,1536
14267121,1702.55,1675.08,1704,1460,0.916104,0,2,14909122,14907418,1704
14268581,1772.33,1702.55,1776,1460,0.948442,0,2,14910898,14909122,1776
14296321,1511.7,1505.99,1512,1460,0.78386,0,2,14942074,14940562,1512
14300701,1700.38,1631.7,1704,1460,0.913447,0,2,14947042,14945338,1704
14302161,1772.22,1700.38,1776,1460,0.935379,0,2,14948818,14947042,1776
14309461,1098.96,1459.14,1080,1460,0.449498,0,1,14956738,14955658,1080
14322601,1509.47,1461.47,1512,1460,0.779216,0,2,14968570,14967058,1512
14324061,1625.87,1509.47,1632,1460,0.797686,0,2,14970202,14968570,1632
14329901,1815.65,1657.02,1824,1460,0.931029,0,2,14976970,14975146,1824
14337201,1487.69,1481.88,1488,1460,0.725166,0,2,14985274,14983786,1488
14338661,1487.98,1487.69,1488,1460,0.752066,0,2,14986762,14985274,1488
14340121,1556.4,1487.98,1560,1460,0.762827,0,2,14988322,14986762,1560
14347421,1748.28,1677.59,1752,1460,0.941152,0,2,14996578,14994826,1752
14360561,1439.87,1437.49,1440,1460,0.727318,0,2,15010378,15008938,1440
14362021,1553.99,1439.87,1560,1460,0.752927,0,2,15011938,15010378,1560
14363481,1559.7,1553.99,1560,1460,0.775171,0,2,15013498,15011938,1560
14367861,1724.22,1652.34,1728,1460,0.907611,0,2,15018466,15016738,1728
14383921,1535.76,1531.13,1536,1460,0.768195,0,2,15035530,15033994,1536
14389761,1727.75,1723.07,1728,1460,0.939298,0,2,15042202,15040474,1728
14405821,1483.13,1390.68,1488,1460,0.706739,0,2,15058354,15056866,1488
14407281,1510.56,1483.13,1512,1460,0.756696,0,2,15059866,15058354,1512
14408741,1580.33,1510.56,1584,1460,0.776678,0,2,15061450,15059866,1584
14413121,1724.22,1652.39,1728,1460,0.919707,0,2,15066418,15064690,1728
14414581,1773.41,1724.22,1776,1460,0.937883,0,2,15068194,15066418,1776
14433561,1726.61,1700.27,1728,1460,0.948992,0,2,15088858,15087130,1728
14454001,1748.33,1678.68,1752,1460,0.941522,0,2,15111178,15109426,1752
14465681,1462.62,1436.4,1464,1460,0.720298,0,2,15123514,15122050,1464
14467141,1532.33,1462.62,1536,1460,0.774119,0,2,15125050,15123514,1536
14471521,1700.33,1630.61,1704,1460,0.912824,0,2,15129994,15128290,1704
14472981,1772.22,1700.33,1776,1460,0.923129,0,2,15131770,15129994,1776
14493421,1486.61,1460.28,1488,1460,0.725876,0,2,15152890,15151402,1488
14494881,1533.53,1486.61,1536,1460,0.77635,0,2,15154426,15152890,1536
14500721,1748.28,1677.53,1752,1460,0.940467,0,2,15161098,15159346,1752
14510941,1725.41,1676.25,1728,1460,0.900318,0,2,15173026,15171298,1728
14512401,1727.87,1725.41,1728,1460,0.930127,0,2,15174754,15173026,1728
14531381,1461.53,1414.62,1464,1460,0.704499,0,2,15194194,15192730,1464
14532841,1509.48,1461.53,1512,1460,0.755799,0,2,15195706,15194194,1512
14538681,1747.13,1654.67,1752,1460,0.92602,0,2,15202330,15200578,1752
14548901,1729.26,1753.21,1728,1460,0.926809,0,2,15214810,15213082,1728
14556201,1348.62,1436.33,1344,1460,0.45279,0,1,15222946,15221602,1344
14573721,1507.19,1415.76,1512,1460,0.75092,0,2,15237874,15236362,1512
14575181,1580.16,1507.19,1584,1460,0.774368,0,2,15239458,15237874,1584
14581021,1748.33,1678.62,1752,1460,0.941184,0,2,15246130,15244378,1752
14591241,1704,1703.96,1704,1460,0.926489,0,2,15258346,15256642,1704
14592701,1772.4,1704,1776,1460,0.940596,0,2,15260122,15258346,1776
14600001,1205.66,1313.27,1200,1460,0.468464,0,1,15267850,15266650,1200
14601461,1131.88,1205.66,1128,1460,0.457385,0,1,15268978,15267850,1128
14611681,1508.22,1436.39,1512,1460,0.727769,0,2,15278386,15276874,1512
14613141,1534.61,1508.22,1536,1460,0.765108,0,2,15279922,15278386,1536
14618981,1726.61,1700.27,1728,1460,0.913299,0,2,15286570,15284842,1728
14630661,1461.48,1413.65,1464,1460,0.708793,0,2,15299362,15297898,1464
14632121,1509.47,1461.48,1512,1460,0.769517,0,2,15300874,15299362,1512
14633581,1603.07,1509.47,1608,1460,0.793807,0,2,15302482,15300874,1608
14637961,1702.62,1676.39,1704,1460,0.905924,0,2,15307474,15305770,1704
14639421,1749.53,1702.62,1752,1460,0.938369,0,2,15309226,15307474,1752
14648181,1745.97,1631.4,1752,1460,0.905332,0,2,15319690,15317938,1752
14664241,1466.16,1507.24,1464,1460,0.751169,0,2,15336994,15335530,1464
14670081,1679.7,1674.05,1680,1460,0.911118,0,2,15343498,15341818,1680
14671541,1771.19,1679.7,1776,1460,0.922447,0,2,15345274,15343498,1776
14681761,1487.7,1482.1,1488,1460,0.766975,0,2,15356266,15354778,1488
14683221,1601.99,1487.7,1608,1460,0.78079,0,2,15357874,15356266,1608
14687601,1679.76,1675.24,1680,1460,0.912291,0,2,15362818,15361138,1680
14689061,1771.19,1679.76,1776,1460,0.922916,0,2,15364594,15362818,1776
14696361,1136,1288.08,1128,1460,0.450043,0,1,15372106,15370978,1128
14697821,1128.4,1136,1128,1460,0.450017,0,1,15373234,15372106,1128
14700741,1221.48,1173.62,1224,1460,0.483603,0,1,15375634,15374410,1224
14709501,1508.33,1438.56,1512,1460,0.740595,0,2,15383842,15382330,1512
14710961,1557.42,1508.33,1560,1460,0.782238,0,2,15385402,15383842,1560
14712421,1605.47,1557.42,1608,1460,0.798895,0,2,15387010,15385402,1608
14716801,1726.56,1699.19,1728,1460,0.936969,0,2,15392050,15390322,1728
14724101,1559.58,1551.54,1560,1460,0.782001,0,2,15400618,15399058,1560
14729941,1726.67,1701.36,1728,1460,0.938499,0,2,15407266,15405538,1728
14741621,1510.44,1480.82,1512,1460,0.745201,0,2,15419794,15418282,1512
14743081,1557.52,1510.44,1560,1460,0.772081,0,2,15421354,15419794,1560
14747461,1725.36,1675.13,1728,1460,0.909333,0,2,15426346,15424618,1728
14748921,1750.67,1725.36,1752,1460,0.933733,0,2,15428098,15426346,1752
14766441,1464.9,1482.05,1464,1460,0.758465,0,2,15445666,15444202,1464
14773741,1748.38,1679.65,1752,1460,0.929415,0,2,15453922,15452170,1752
14785421,1750.56,1723.15,1752,1460,0.946214,0,2,15467746,15465994,1752
14791261,1519.67,1665.47,1512,1460,0.730351,0,2,15474562,15473050,1512
14792721,1466.78,1519.67,1464,1460,0.73014,0,2,15476026,15474562,1464
14801481,1748.39,1679.76,1752,1460,0.941984,0,2,15485794,15484042,1752
14808781,1580.04,1504.74,1584,1460,0.710782,0,2,15494290,15492706,1584
14814621,1625.93,1510.64,1632,1460,0.78874,0,2,15500338,15498706,1632
14820461,1771.25,1680.91,1776,1460,0.935888,0,2,15507082,15505306,1776
14830681,1439.77,1435.37,1440,1460,0.717342,0,2,15518098,15516658,1440
14832141,1531.19,1439.77,1536,1460,0.736937,0,2,15519634,15518098,1536
14833601,1535.76,1531.19,1536,1460,0.780775,0,2,15521170,15519634,1536
14839441,1704.79,1719.71,1704,1460,0.932516,0,2,15527770,15526066,1704
14856961,1487.87,1485.41,1488,1460,0.729604,0,2,15545938,15544450,1488
14858421,1533.59,1487.87,1536,1460,0.789842,0,2,15547474,15545938,1536
14862801,1724.33,1654.55,1728,1460,0.92055,0,2,15552490,15550762,1728
14871561,1019.05,1228.97,1008,1460,0.402322,0,1,15561898,15560890,1008
14886161,1484.33,1414.67,1488,1460,0.709392,0,2,15574618,15573130,1488
14887621,1510.62,1484.33,1512,1460,0.757757,0,2,15576130,15574618,1512
14894921,1748.51,1682.15,1752,1460,0.926172,0,2,15584506,15582754,1752
14915361,1438.72,1414.5,1440,1460,0.710696,0,2,15603322,15601882,1440
14916821,1531.14,1438.72,1536,1460,0.758278,0,2,15604858,15603322,1536
14918281,1581.36,1531.14,1584,1460,0.789311,0,2,15606442,15604858,1584
14922661,1702.62,1676.33,1704,1460,0.917636,0,2,15611434,15609730,1704
14924121,1772.33,1702.62,1776,1460,0.949054,0,2,15613210,15611434,1776
14931421,1149.01,1548.17,1128,1460,0.466419,0,1,15621298,15620170,1128
14932881,1106.25,1149.01,1104,1460,0.408568,0,1,15622402,15621298,1104
14946021,1462.62,1436.45,1464,1460,0.730449,0,2,15634090,15632626,1464
14947481,1555.13,1462.62,1560,1460,0.754179,0,2,15635650,15634090,1560
14953321,1748.33,1678.56,1752,1460,0.940667,0,2,15642298,15640546,1752
14960621,1118.28,1389.66,1104,1460,0.435325,0,1,15650194,15649090,1104
14966461,1174.62,1148.4,1176,1460,0.492632,0,1,15654682,15653506,1176
14975221,1484.45,1416.95,1488,1460,0.722987,0,2,15662938,15661450,1488
14976681,1533.42,1484.45,1536,1460,0.775195,0,2,15664474,15662938,1536
14981061,1700.33,1630.61,1704,1460,0.900892,0,2,15669418,15667714,1704
14982521,1749.42,1700.33,1752,1460,0.930357,0,2,15671170,15669418,1752
14997121,1484.27,1413.48,1488,1460,0.709505,0,2,15686482,15684994,1488
14998581,1510.61,1484.27,1512,1460,0.733802,0,2,15687994,15686482,1512
15000041,1534.73,1510.61,1536,1460,0.791521,0,2,15689530,15687994,1536
15004421,1700.39,1631.76,1704,1460,0.901937,0,2,15694498,15692794,1704
15005881,1749.42,1700.39,1752,1460,0.942775,0,2,15696250,15694498,1752
15013181,1381.63,1640.51,1368,1460,0.701958,0,2,15704698,15703330,1368
15023401,1772.21,1700.28,1776,1460,0.935146,0,2,15715906,15714130,1776
15036541,1509.48,1461.54,1512,1460,0.733564,0,2,15730138,15728626,1512
15038001,1534.67,1509.48,1536,1460,0.779426,0,2,15731674,15730138,1536
15042381,1724.27,1653.42,1728,1460,0.931883,0,2,15736666,15734938,1728
15061361,1725.36,1675.13,1728,1460,0.909467,0,2,15757498,15755770,1728
15062821,1750.67,1725.36,1752,1460,0.945787,0,2,15759250,15757498,1752
15075961,1484.39,1415.7,1488,1460,0.710412,0,2,15772666,15771178,1488
15077421,1510.62,1484.39,1512,1460,0.746165,0,2,15774178,15772666,1512
15078881,1557.53,1510.62,1560,1460,0.772466,0,2,15775738,15774178,1560
15090561,1333.86,1597.14,1320,1460,0.494059,0,1,15789106,15787786,1320
15092021,1092.69,1333.86,1080,1460,0.467623,0,1,15790186,15789106,1080
15100781,1462.62,1436.39,1464,1460,0.729885,0,2,15798274,15796810,1464
15102241,1555.13,1462.62,1560,1460,0.753954,0,2,15799834,15798274,1560
15103701,1559.76,1555.13,1560,1460,0.799582,0,2,15801394,15799834,1560
15108081,1724.33,1654.62,1728,1460,0.921173,0,2,15806410,15804682,1728
15134361,1558.55,1531.08,1560,1460,0.785106,0,2,15835738,15834178,1560
15138741,1726.55,1699.08,1728,1460,0.924087,0,2,15840778,15839050,1728
15147501,1464.96,1483.14,1464,1460,0.720508,0,2,15850978,15849514,1464
15150421,1487.94,1486.85,1488,1460,0.723681,0,2,15853954,15852466,1488
15151881,1510.8,1487.94,1512,1460,0.763472,0,2,15855466,15853954,1512
15157721,1725.47,1677.47,1728,1460,0.911337,0,2,15862090,15860362,1728
15166481,1174.25,1141.08,1176,1460,0.286631,0,1,15871594,15870418,1176
15169401,952.556,811.113,960,1460,0.236661,0,1,15873346,15872386,960
15176701,1102.67,1077.41,1104,1460,0.430363,0,1,15878410,15877306,1104
15178161,1195.13,1102.67,1200,1460,0.454145,0,1,15879610,15878410,1200
15188381,1487.82,1484.33,1488,1460,0.764795,0,2,15889210,15887722,1488
15189841,1601.99,1487.82,1608,1460,0.779918,0,2,15890818,15889210,1608
15194221,1701.42,1652.44,1704,1460,0.927115,0,2,15895762,15894058,1704
15195681,1795.07,1701.42,1800,1460,0.940846,0,2,15897562,15895762,1800
15202981,1726.99,1707.71,1728,1460,0.93493,0,2,15906370,15904642,1728
15211741,805.749,1066.98,792,1460,0.260589,0,1,15915298,15914506,792
15220501,1102.57,1075.3,1104,1460,0.441805,0,1,15921322,15920218,1104
15221961,1217.93,1102.57,1224,1460,0.458722,0,1,15922546,15921322,1224
15230721,1507.24,1416.84,1512,1460,0.727157,0,2,15930730,15929218,1512
15232181,1534.56,1507.24,1536,1460,0.764863,0,2,15932266,15930730,1536
15238021,1726.61,1700.27,1728,1460,0.901293,0,2,15938914,15937186,1728
15252621,1461.53,1414.57,1464,1460,0.705633,0,2,15954322,15952858,1464
15254081,1509.48,1461.53,1512,1460,0.732253,0,2,15955834,15954322,1512
15255541,1534.67,1509.48,1536,1460,0.778901,0,2,15957370,15955834,1536
15259921,1701.47,1653.42,1704,1460,0.90305,0,2,15962338,15960634,1704
15261381,1749.47,1701.47,1752,1460,0.94322,0,2,15964090,15962338,1752
15268681,1796.64,1732.74,1800,1460,0.905579,0,2,15973042,15971242,1800
15278901,1382.82,1664.33,1368,1460,0.728566,0,2,15984898,15983530,1368
15311021,1725.53,1678.68,1728,1460,0.924666,0,2,16019626,16017898,1728
15312481,1773.48,1725.53,1776,1460,0.939866,0,2,16021402,16019626,1776
15321241,1462.68,1437.7,1464,1460,0.711352,0,2,16030642,16029178,1464
15322701,1509.53,1462.68,1512,1460,0.746541,0,2,16032154,16030642,1512
15324161,1557.48,1509.53,1560,1460,0.784616,0,2,16033714,16032154,1560
15328541,1723.13,1630.67,1728,1460,0.906295,0,2,16038682,16036954,1728
15344601,1439.7,1434.05,1440,1460,0.711764,0,2,16055050,16053610,1440
15346061,1531.19,1439.7,1536,1460,0.758706,0,2,16056586,16055050,1536
15347521,1581.36,1531.19,1584,1460,0.765482,0,2,16058170,16056586,1584
15353361,1727.69,1721.88,1728,1460,0.93846,0,2,16064794,16063066,1728
15366501,1487.75,1482.97,1488,1460,0.741023,0,2,16079074,16077586,1488
15367961,1556.39,1487.75,1560,1460,0.782409,0,2,16080634,16079074,1560
15369421,1605.42,1556.39,1608,1460,0.798964,0,2,16082242,16080634,1608
15373801,1726.56,1699.19,1728,1460,0.948974,0,2,16087282,16085554,1728
15388401,1462.55,1435.02,1464,1460,0.729056,0,2,16102378,16100914,1464
15389861,1555.13,1462.55,1560,1460,0.765623,0,2,16103938,16102378,1560
15391321,1582.56,1555.13,1584,1460,0.792249,0,2,16105522,16103938,1584
15395701,1677.54,1630.74,1680,1460,0.909184,0,2,16110442,16108762,1680
15397161,1771.08,1677.54,1776,1460,0.933674,0,2,16112218,16110442,1776
15404461,1094.06,1361.15,1080,1460,0.426537,0,1,16119922,16118842,1080
15419061,1485.59,1439.82,1488,1460,0.737605,0,2,16132930,16131442,1488
15420521,1556.28,1485.59,1560,1460,0.781042,0,2,16134490,16132930,1560
15426361,1727.81,1724.27,1728,1460,0.946395,0,2,16141210,16139482,1728
15446801,1202.63,1252.69,1200,1460,0.489884,0,1,16163890,16162690,1200
15448261,1200.13,1202.63,1200,1460,0.477953,0,1,16165090,16163890,1200
15457021,1462.67,1437.36,1464,1460,0.717897,0,2,16173178,16171714,1464
15458481,1532.33,1462.67,1536,1460,0.761159,0,2,16174714,16173178,1536
15464321,1748.27,1677.47,1752,1460,0.928078,0,2,16181362,16179610,1752
15471621,1211.88,1437.53,1200,1460,0.472156,0,1,16189426,16188226,1200
15473081,1109.39,1211.88,1104,1460,0.446863,0,1,16190530,16189426,1104
15483301,1485.48,1437.53,1488,1460,0.71172,0,2,16199914,16198426,1488
15484761,1510.67,1485.48,1512,1460,0.758688,0,2,16201426,16199914,1512
15489141,1724.21,1652.22,1728,1460,0.906556,0,2,16206394,16204666,1728
15490601,1750.61,1724.21,1752,1460,0.944622,0,2,16208146,16206394,1752
15508121,1003.02,908.334,1008,1460,0.29263,0,1,16222042,16221034,1008
15512501,1123.14,1030.79,1128,1460,0.418808,0,1,16225210,16224082,1128
15513961,1173.36,1123.14,1176,1460,0.473523,0,1,16226386,16225210,1176
15515421,1244.27,1173.36,1248,1460,0.483409,0,1,16227634,16226386,1248
15522721,1462.55,1435.07,1464,1460,0.715974,0,2,16234402,16232938,1464
15524181,1532.33,1462.55,1536,1460,0.74839,0,2,16235938,16234402,1536
15525641,1558.62,1532.33,1560,1460,0.773356,0,2,16237498,16235938,1560
15538781,1316.65,1708.91,1296,1460,0.408545,0,1,16252618,16251322,1296
15556301,1484.27,1413.48,1488,1460,0.720258,0,2,16266970,16265482,1488
15557761,1533.41,1484.27,1536,1460,0.762103,0,2,16268506,16266970,1536
15559221,1581.47,1533.41,1584,1460,0.778841,0,2,16270090,16268506,1584
15565061,1727.81,1724.22,1728,1460,0.928338,0,2,16276786,16275058,1728
15572361,1696.21,1548.11,1704,1460,0.784409,0,2,16285402,16283698,1704
15588421,1160.46,1777.26,1128,1460,0.438777,0,1,16303450,16302322,1128
15603021,1462.56,1435.13,1464,1460,0.716342,0,2,16315834,16314370,1464
15604481,1532.33,1462.56,1536,1460,0.748537,0,2,16317370,16315834,1536
15605941,1558.62,1532.33,1560,1460,0.785415,0,2,16318930,16317370,1560
15611781,1726.62,1700.33,1728,1460,0.937819,0,2,16325602,16323874,1728
15626381,1485.53,1438.67,1488,1460,0.713419,0,2,16341010,16339522,1488
15627841,1510.68,1485.53,1512,1460,0.771368,0,2,16342522,16341010,1512
15632221,1702.61,1676.16,1704,1460,0.916488,0,2,16347514,16345810,1704
15633681,1772.33,1702.61,1776,1460,0.948595,0,2,16349290,16347514,1776
15646821,1557.47,1509.41,1560,1460,0.79589,0,2,16363354,16361794,1560
15651201,1724.33,1654.61,1728,1460,0.920937,0,2,16368370,16366642,1728
15658501,1496.82,1664.39,1488,1460,0.786349,0,2,16376938,16375450,1488
15664341,1702.62,1676.33,1704,1460,0.918355,0,2,16383514,16381810,1704
15665801,1772.33,1702.62,1776,1460,0.937342,0,2,16385290,16383514,1776
15687701,1726.67,1701.47,1728,1460,0.938486,0,2,16409218,16407490,1728
15697921,1678.57,1651.35,1680,1460,0.912549,0,2,16421170,16419490,1680
15699381,1771.13,1678.57,1776,1460,0.94702,0,2,16422946,16421170,1776
15711061,934.432,904.647,936,1460,0.289285,0,1,16434394,16433458,936
15716901,1124.33,1054.67,1128,1460,0.422078,0,1,16438594,16437466,1128
15718361,1173.42,1124.33,1176,1460,0.462831,0,1,16439770,16438594,1176
15719821,1221.47,1173.42,1224,1460,0.491132,0,1,16440994,16439770,1224
15727121,1438.62,1412.39,1440,1460,0.709948,0,2,16447786,16446346,1440
15728581,1531.13,1438.62,1536,1460,0.757979,0,2,16449322,16447786,1536
15743181,1256.91,1426.2,1248,1460,0.499108,0,1,16465618,16464370,1248
15744641,1157.25,1256.91,1152,1460,0.469643,0,1,16466770,16465618,1152
15753401,1413.53,1366.67,1416,1460,0.700598,0,2,16474594,16473178,1416
15756321,1467.29,1529.88,1464,1460,0.763696,0,2,16477594,16476130,1464
15775301,1579.13,1486.67,1584,1460,0.763121,0,2,16498402,16496818,1584
15781141,1726.61,1700.22,1728,1460,0.937248,0,2,16505026,16503298,1728
15801581,1771.07,1677.42,1776,1460,0.920544,0,2,16527178,16525402,1776
15822021,1725.53,1678.56,1728,1460,0.911856,0,2,16549642,16547914,1728
15823481,1750.68,1725.53,1752,1460,0.946743,0,2,16551394,16549642,1752
15829321,1054.5,1481.93,1032,1460,0.429309,0,1,16557514,16556482,1032
15845381,1487.76,1483.19,1488,1460,0.752167,0,2,16571698,16570210,1488
15846841,1579.19,1487.76,1584,1460,0.798867,0,2,16573282,16571698,1584
15851221,1749.41,1700.27,1752,1460,0.929767,0,2,16578370,16576618,1752
15870201,1747.07,1653.42,1752,1460,0.900599,0,2,16598938,16597186,1752
15878961,1126.26,1549.2,1104,1460,0.486732,0,1,16608730,16607626,1104
15896481,1463.82,1460.39,1464,1460,0.757328,0,2,16623874,16622410,1464
15897941,1600.79,1463.82,1608,1460,0.788931,0,2,16625482,16623874,1608
15902321,1702.62,1676.38,1704,1460,0.905612,0,2,16630474,16628770,1704
15903781,1749.53,1702.62,1752,1460,0.932245,0,2,16632226,16630474,1752
15915461,1748.33,1678.69,1752,1460,0.942953,0,2,16645978,16644226,1752
15922761,1206.12,1322.4,1200,1460,0.426094,0,1,16653922,16652722,1200
15946121,1748.28,1677.64,1752,1460,0.941115,0,2,16676218,16674466,1752
15951961,1582.32,1550.33,1584,1460,0.798093,0,2,16682962,16681378,1584
15956341,1700.28,1629.6,1704,1460,0.902358,0,2,16687882,16686178,1704
15957801,1749.41,1700.28,1752,1460,0.930943,0,2,16689634,16687882,1752
15982621,1725.53,1678.68,1728,1460,0.936694,0,2,16715938,16714210,1728
15998681,1654.62,1628.44,1656,1460,0.902274,0,2,16733314,16731658,1656
16027881,1461.48,1413.53,1464,1460,0.703725,0,2,16760338,16758874,1464
16029341,1509.47,1461.48,1512,1460,0.75549,0,2,16761850,16760338,1512
16030801,1580.27,1509.47,1584,1460,0.788196,0,2,16763434,16761850,1584
16035181,1679.82,1676.33,1680,1460,0.900765,0,2,16768402,16766722,1680
16036641,1748.39,1679.82,1752,1460,0.924306,0,2,16770154,16768402,1752
16043941,1089.72,1274.4,1080,1460,0.480681,0,1,16777810,16776730,1080
16055621,1463.76,1459.19,1464,1460,0.731847,0,2,16788394,16786930,1464
16057081,1555.19,1463.76,1560,1460,0.754739,0,2,16789954,16788394,1560
16062921,1748.39,1679.7,1752,1460,0.929449,0,2,16796626,16794874,1752
16070221,1178.7,1686.05,1152,1460,0.435998,0,1,16804858,16803706,1152
16071681,1016.54,1178.7,1008,1460,0.408399,0,1,16805866,16804858,1008
16086281,1484.33,1414.68,1488,1460,0.733532,0,2,16818634,16817146,1488
16087741,1556.22,1484.33,1560,1460,0.779413,0,2,16820194,16818634,1560
16093581,1703.87,1701.47,1704,1460,0.921633,0,2,16826866,16825162,1704
16095041,1772.39,1703.87,1776,1460,0.944653,0,2,16828642,16826866,1776
16103801,1724.39,1655.72,1728,1460,0.911497,0,2,16838722,16836994,1728
16121321,1534.5,1506.05,1536,1460,0.77621,0,2,16856722,16855186,1536
16146141,1486.56,1459.24,1488,1460,0.713153,0,2,16882546,16881058,1488
16147601,1510.73,1486.56,1512,1460,0.759261,0,2,16884058,16882546,1512
16153441,1725.53,1678.61,1728,1460,0.923997,0,2,16890706,16888978,1728
16160741,1674.71,1574.28,1680,1460,0.771942,0,2,16899370,16897690,1680
16163661,1534.07,1497.34,1536,1460,0.753511,0,2,16902394,16900858,1536
16165121,1535.9,1534.07,1536,1460,0.787404,0,2,16903930,16902394,1536
16169501,1726.55,1699.02,1728,1460,0.936234,0,2,16908970,16907242,1728
16192861,1462.56,1435.2,1464,1460,0.718394,0,2,16934770,16933306,1464
16194321,1532.33,1462.56,1536,1460,0.737358,0,2,16936306,16934770,1536
16195781,1535.82,1532.33,1536,1460,0.780943,0,2,16937842,16936306,1536
16200161,1724.27,1653.42,1728,1460,0.91998,0,2,16942834,16941106,1728
16201621,1773.41,1724.27,1776,1460,0.949992,0,2,16944610,16942834,1776
16217681,1485.53,1438.61,1488,1460,0.724552,0,2,16961194,16959706,1488
16219141,1533.48,1485.53,1536,1460,0.751821,0,2,16962730,16961194,1536
16220601,1558.67,1533.48,1560,1460,0.798728,0,2,16964290,16962730,1560
16224981,1726.61,1700.22,1728,1460,0.912959,0,2,16969354,16967626,1728
16226441,1750.73,1726.61,1752,1460,0.941183,0,2,16971106,16969354,1752
16236661,1701.47,1653.48,1704,1460,0.916419,0,2,16982674,16980970,1704
16245421,1233.54,1414.74,1224,1460,0.47447,0,1,16992562,16991338,1224
16257101,1175.76,1171.25,1176,1460,0.480656,0,1,17001106,16999930,1176
16265861,1484.34,1414.73,1488,1460,0.733587,0,2,17009290,17007802,1488
16267321,1556.22,1484.34,1560,1460,0.779435,0,2,17010850,17009290,1560
16268781,1605.41,1556.22,1608,1460,0.797774,0,2,17012458,17010850,1608
16273161,1724.28,1653.59,1728,1460,0.909058,0,2,17017450,17015722,1728
16274621,1750.61,1724.28,1752,1460,0.933623,0,2,17019202,17017450,1752
16276081,1774.73,1750.61,1776,1460,0.937449,0,2,17020978,17019202,1776
16287761,1821.49,1773.72,1824,1460,0.948215,0,2,17035138,17033314,1824
16300901,1197.3,1146.05,1200,1460,0.469807,0,1,17046106,17044906,1200
16302361,1222.67,1197.3,1224,1460,0.493923,0,1,17047330,17046106,1224
16309661,1485.59,1439.75,1488,1460,0.724568,0,2,17054290,17052802,1488
16311121,1533.48,1485.59,1536,1460,0.787827,0,2,17055826,17054290,1536
16316961,1746.06,1633.13,1752,1460,0.937688,0,2,17062498,17060746,1752
16331561,1508.21,1436.28,1512,1460,0.740066,0,2,17077786,17076274,1512
16333021,1557.41,1508.21,1560,1460,0.746027,0,2,17079346,17077786,1560
16338861,1746.1,1634.04,1752,1460,0.913386,0,2,17085946,17084194,1752
16354921,1461.47,1413.42,1464,1460,0.715701,0,2,17102554,17101090,1464
16356381,1532.27,1461.47,1536,1460,0.73628,0,2,17104090,17102554,1536
16357841,1535.81,1532.27,1536,1460,0.780512,0,2,17105626,17104090,1536
16362221,1723.13,1630.62,1728,1460,0.918033,0,2,17110594,17108866,1728
16378281,1509.47,1461.48,1512,1460,0.755987,0,2,17127634,17126122,1512
16379741,1580.27,1509.47,1584,1460,0.776395,0,2,17129218,17127634,1584
16384121,1655.82,1652.39,1656,1460,0.905289,0,2,17134114,17132458,1656
16385581,1769.99,1655.82,1776,1460,0.944116,0,2,17135890,17134114,1776
16406021,1701.42,1652.39,1704,1460,0.915156,0,2,17157466,17155762,1704
16407481,1772.27,1701.42,1776,1460,0.948063,0,2,17159242,17157466,1776
16413321,1700.71,1638.12,1704,1460,0.911262,0,2,17166130,17164426,1704
16414781,1749.44,1700.71,1752,1460,0.934505,0,2,17167882,17166130,1752
16422081,1344,1344.05,1344,1460,0.491653,0,1,17175946,17174602,1344
16423541,1116,1344,1104,1460,0.478661,0,1,17177050,17175946,1104
16433761,1483.14,1390.72,1488,1460,0.706267,0,2,17186242,17184754,1488
16435221,1510.56,1483.14,1512,1460,0.768507,0,2,17187754,17186242,1512
16436681,1603.13,1510.56,1608,1460,0.781403,0,2,17189362,17187754,1608
16455661,1703.87,1701.43,1704,1460,0.934751,0,2,17211418,17209714,1704
16462961,1633.57,1663.31,1632,1460,0.913172,0,2,17220154,17218522,1632
16477561,1534.38,1503.65,1536,1460,0.736111,0,2,17237026,17235490,1536
16483401,1701.41,1652.17,1704,1460,0.90238,0,2,17243458,17241754,1704
16484861,1749.47,1701.41,1752,1460,0.930952,0,2,17245210,17243458,1752
16486321,1774.67,1749.47,1776,1460,0.936381,0,2,17246986,17245210,1776
16505301,1624.84,1488.85,1632,1460,0.797027,0,2,17265994,17264362,1632
16509681,1727.7,1722.04,1728,1460,0.91477,0,2,17271058,17269330,1728
16511141,1750.79,1727.7,1752,1460,0.947908,0,2,17272810,17271058,1752
16518441,1206.06,1321.2,1200,1460,0.438299,0,1,17280706,17279506,1200
16534501,1505.99,1391.87,1512,1460,0.700356,0,2,17294482,17292970,1512
16537421,1602.04,1488.9,1608,1460,0.792457,0,2,17297578,17295970,1608
16541801,1725.42,1676.39,1728,1460,0.934637,0,2,17302594,17300866,1728
16549101,1130.82,1640.4,1104,1460,0.44615,0,1,17310730,17309626,1104
16550561,1059.74,1130.82,1056,1460,0.29246,0,1,17311786,17310730,1056
16552021,873.787,1059.74,864,1460,0.242984,0,1,17312650,17311786,864
16560781,1102.62,1076.33,1104,1460,0.41801,0,1,17318650,17317546,1104
16562241,1172.33,1102.62,1176,1460,0.449204,0,1,17319826,17318650,1176
16563701,1198.62,1172.33,1200,1460,0.485682,0,1,17321026,17319826,1200
16572461,1486.61,1460.27,1488,1460,0.70114,0,2,17329234,17327746,1488
16573921,1487.93,1486.61,1488,1460,0.754456,0,2,17330722,17329234,1488
16578301,1701.41,1652.16,1704,1460,0.913485,0,2,17335666,17333962,1704
16579761,1772.27,1701.41,1776,1460,0.935394,0,2,17337442,17335666,1776
16589981,1661.87,1773.43,1656,1460,0.922794,0,2,17349610,17347954,1656
16600201,1727.83,1724.54,1728,1460,0.949754,0,2,17361826,17360098,1728
16606041,1464.9,1481.93,1464,1460,0.743786,0,2,17368378,17366914,1464
16613341,1747.19,1655.76,1752,1460,0.914884,0,2,17376538,17374786,1752
16620641,1634.76,1687.19,1632,1460,0.722927,0,2,17385250,17383618,1632
16622101,1404.14,1634.76,1392,1460,0.703171,0,2,17386642,17385250,1392
16630861,1679.7,1674.05,1680,1460,0.911265,0,2,17396098,17394418,1680
16632321,1771.19,1679.7,1776,1460,0.922506,0,2,17397874,17396098,1776
16652761,1748.27,1677.42,1752,1460,0.928003,0,2,17420122,17418370,1752
16670281,1600.85,1464.96,1608,1460,0.777837,0,2,17438506,17436898,1608
16676121,1791.77,1635.3,1800,1460,0.924569,0,2,17445226,17443426,1800
16679041,1797.7,1753.99,1800,1460,0.945931,0,2,17448778,17446978,1800
16693641,1591.38,1731.54,1584,1460,0.788846,0,2,17465962,17464378,1584
16695101,1538.77,1591.38,1536,1460,0.717539,0,2,17467498,17465962,1536
16696561,1444.94,1538.77,1440,1460,0.713015,0,2,17468938,17467498,1440
16712621,1526.29,1797.77,1512,1460,0.790352,0,2,17487154,17485642,1512
16724301,1731.53,1798.67,1728,1460,0.907983,0,2,17500690,17498962,1728
16725761,1705.38,1731.53,1704,1460,0.717193,0,2,17502394,17500690,1704
16735981,1510.5,1481.93,1512,1460,0.767998,0,2,17512162,17510650,1512
16741821,1679.88,1677.53,1680,1460,0.913853,0,2,17518762,17517082,1680
16743281,1771.19,1679.88,1776,1460,0.935541,0,2,17520538,17518762,1776
16749121,1520.75,1687.08,1512,1460,0.75715,0,2,17527330,17525818,1512
16763721,1682.7,1734,1680,1460,0.905707,0,2,17544514,17542834,1680
16773941,1536.6,1548.06,1536,1460,0.787646,0,2,17556442,17554906,1536
16779781,1747.25,1656.95,1752,1460,0.916372,0,2,17563114,17561362,1752
16807521,1487.87,1485.47,1488,1460,0.729693,0,2,17589010,17587522,1488
16813361,1701.58,1655.69,1704,1460,0.90452,0,2,17595562,17593858,1704
16820661,1724.76,1663.25,1728,1460,0.93187,0,2,17604322,17602594,1728
16822121,1773.44,1724.76,1776,1460,0.948748,0,2,17606098,17604322,1776
16838181,1508.27,1437.42,1512,1460,0.740216,0,2,17622154,17620642,1512
16839641,1557.41,1508.27,1560,1460,0.770087,0,2,17623714,17622154,1560
16845481,1702.73,1678.62,1704,1460,0.931474,0,2,17630338,17628634,1704
16865921,1679.87,1677.47,1680,1460,0.925738,0,2,17652466,17650786,1680
16873221,1588.02,1664.4,1584,1460,0.712056,0,2,17661154,17659570,1584
16887821,1725.48,1677.53,1728,1460,0.947721,0,2,17676514,17674786,1728
16895121,1301.94,1414.8,1296,1460,0.465177,0,1,17684722,17683426,1296
16909721,1437.42,1388.45,1440,1460,0.70749,0,2,17697178,17695738,1440
16911181,1531.07,1437.42,1536,1460,0.756996,0,2,17698714,17697178,1536
16912641,1581.35,1531.07,1584,1460,0.788798,0,2,17700298,17698714,1584
16917021,1701.48,1653.53,1704,1460,0.915683,0,2,17705266,17703562,1704
16924321,1822.92,1802.33,1824,1460,0.774583,0,2,17714338,17712514,1824
16936001,1580.39,1511.76,1584,1460,0.790286,0,2,17726002,17724418,1584
16940381,1723.14,1630.73,1728,1460,0.906658,0,2,17730970,17729242,1728
16957901,1772.22,1700.33,1776,1460,0.935183,0,2,17750650,17748874,1776
16972501,1486.67,1461.41,1488,1460,0.702336,0,2,17765626,17764138,1488
16973961,1487.93,1486.67,1488,1460,0.742934,0,2,17767114,17765626,1488
16975421,1556.4,1487.93,1560,1460,0.795174,0,2,17768674,17767114,1560
16979801,1702.67,1677.41,1704,1460,0.918011,0,2,17773690,17771986,1704
16987101,1426.14,1618.74,1416,1460,0.709653,0,2,17782114,17780698,1416
16995861,1726.61,1700.21,1728,1460,0.948685,0,2,17791666,17789938,1728
17011921,1485.36,1435.13,1488,1460,0.709957,0,2,17808370,17806882,1488
17013381,1510.67,1485.36,1512,1460,0.733983,0,2,17809882,17808370,1512
17014841,1534.73,1510.67,1536,1460,0.779593,0,2,17811418,17809882,1536
17027981,1627.69,1545.73,1632,1460,0.733268,0,2,17826634,17825002,1632
17032361,1463.96,1463.27,1464,1460,0.752769,0,2,17831002,17829538,1464
17033821,1578,1463.96,1584,1460,0.787108,0,2,17832586,17831002,1584
17038201,1701.48,1653.52,1704,1460,0.915575,0,2,17837554,17835850,1704
17039661,1772.27,1701.48,1776,1460,0.94823,0,2,17839330,17837554,1776
17046961,1133.16,1687.25,1104,1460,0.46259,0,1,17847586,17846482,1104
17048421,1082.66,1133.16,1080,1460,0.419036,0,1,17848666,17847586,1080
17061561,1463.81,1460.27,1464,1460,0.744489,0,2,17860402,17858938,1464
17063021,1577.99,1463.81,1584,1460,0.771795,0,2,17861986,17860402,1584
17068861,1748.39,1679.76,1752,1460,0.929886,0,2,17868682,17866930,1752
17090761,1724.27,1653.47,1728,1460,0.920022,0,2,17892106,17890378,1728
17099521,1363.55,1279.08,1368,1460,0.468971,0,1,17902018,17900650,1368
17102441,1079.57,1071.38,1080,1460,0.433835,0,1,17904154,17903074,1080
17103901,1171.18,1079.57,1176,1460,0.443534,0,1,17905330,17904154,1176
17105361,1175.76,1171.18,1176,1460,0.483414,0,1,17906506,17905330,1176
17114121,1439.81,1436.28,1440,1460,0.724658,0,2,17914618,17913178,1440
17115581,1553.99,1439.81,1560,1460,0.763863,0,2,17916178,17914618,1560
17121421,1726.61,1700.28,1728,1460,0.925267,0,2,17922826,17921098,1728
17130181,1702.58,1675.63,1704,1460,0.90946,0,2,17933146,17931442,1704
17138941,1321.03,1340.58,1320,1460,0.461248,0,1,17942890,17941570,1320
17140401,1069.25,1321.03,1056,1460,0.430499,0,1,17943946,17942890,1056
17152081,1507.07,1413.47,1512,1460,0.724871,0,2,17954338,17952826,1512
17153541,1534.55,1507.07,1536,1460,0.763948,0,2,17955874,17954338,1536
17159381,1747.13,1654.67,1752,1460,0.914229,0,2,17962498,17960746,1752
17172521,1727.69,1721.9,1728,1460,0.915896,0,2,17977882,17976154,1728
17173981,1750.78,1727.69,1752,1460,0.942358,0,2,17979634,17977882,1752
17181281,1434.06,1321.15,1440,1460,0.47309,0,1,17987770,17986330,1440
17184201,1078.61,1052.1,1080,1460,0.422494,0,1,17989882,17988802,1080
17185661,1148.33,1078.61,1152,1460,0.438998,0,1,17991034,17989882,1152
17187121,1174.62,1148.33,1176,1460,0.481599,0,1,17992210,17991034,1176
17188581,1244.33,1174.62,1248,1460,0.49864,0,1,17993458,17992210,1248
17197341,1487.75,1483.07,1488,1460,0.739236,0,2,18001714,18000226,1488
17198801,1556.39,1487.75,1560,1460,0.769694,0,2,18003274,18001714,1560
17204641,1747.19,1655.82,1752,1460,0.927144,0,2,18009922,18008170,1752
17216321,1724.33,1654.51,1728,1460,0.921761,0,2,18023386,18021658,1728
17233841,1485.53,1438.61,1488,1460,0.736256,0,2,18041218,18039730,1488
17235301,1556.28,1485.53,1560,1460,0.780502,0,2,18042778,18041218,1560
17239681,1700.33,1630.67,1704,1460,0.901232,0,2,18047722,18046018,1704
17241141,1749.42,1700.33,1752,1460,0.942493,0,2,18049474,18047722,1752
17249901,1230.46,1353.18,1224,1460,0.497483,0,1,18059002,18057778,1224
17251361,1178.72,1230.46,1176,1460,0.492993,0,1,18060178,18059002,1176
17260121,1462.67,1437.47,1464,1460,0.71845,0,2,18068314,18066850,1464
17261581,1532.33,1462.67,1536,1460,0.76138,0,2,18069850,18068314,1536
17286401,1508.33,1438.67,1512,1460,0.741428,0,2,18095434,18093922,1512
17287861,1557.42,1508.33,1560,1460,0.758571,0,2,18096994,18095434,1560
17289321,1559.87,1557.42,1560,1460,0.789428,0,2,18098554,18096994,1560
17301001,1158.07,1729.43,1128,1460,0.455904,0,1,18111778,18110650,1128
17302461,1061.1,1158.07,1056,1460,0.428362,0,1,18112834,18111778,1056
17315601,1486.73,1462.61,1488,1460,0.739301,0,2,18124714,18123226,1488
17317061,1556.34,1486.73,1560,1460,0.769721,0,2,18126274,18124714,1560
17322901,1747.19,1655.82,1752,1460,0.927145,0,2,18132922,18131170,1752
17334581,1702.67,1677.48,1704,1460,0.919684,0,2,18146434,18144730,1704
17336041,1772.33,1702.67,1776,1460,0.937874,0,2,18148210,18146434,1776
17352101,1557.41,1508.28,1560,1460,0.782518,0,2,18164842,18163282,1560
17356481,1700.33,1630.67,1704,1460,0.901361,0,2,18169786,18168082,1704
17371081,1603.07,1509.36,1608,1460,0.793455,0,2,18185866,18184258,1608
17375461,1701.48,1653.59,1704,1460,0.927981,0,2,18190834,18189130,1704
17384221,1300.22,1380.48,1296,1460,0.444631,0,1,18200506,18199210,1296
17385681,1045.41,1300.22,1032,1460,0.435852,0,1,18201538,18200506,1032
17398821,1528.86,1393.13,1536,1460,0.730637,0,2,18213370,18211834,1536
17400281,1535.64,1528.86,1536,1460,0.778255,0,2,18214906,18213370,1536
17401741,1604.38,1535.64,1608,1460,0.797302,0,2,18216514,18214906,1608
17404661,1721.99,1607.82,1728,1460,0.903968,0,2,18219850,18218122,1728
17406121,1750.5,1721.99,1752,1460,0.943587,0,2,18221602,18219850,1752
17425101,1462.73,1438.61,1464,1460,0.719404,0,2,18240706,18239242,1464
17426561,1532.34,1462.73,1536,1460,0.749762,0,2,18242242,18240706,1536
17428021,1558.62,1532.34,1560,1460,0.785905,0,2,18243802,18242242,1560
17432401,1747.07,1653.48,1752,1460,0.925098,0,2,18248818,18247066,1752
17451381,1484.33,1414.61,1488,1460,0.708975,0,2,18267970,18266482,1488
17452841,1510.62,1484.33,1512,1460,0.76959,0,2,18269482,18267970,1512
17458681,1725.48,1677.53,1728,1460,0.935493,0,2,18276130,18274402,1728
17477661,826.38,1023.61,816,1460,0.22756,0,1,18297250,18296434,816
17487881,1125.47,1077.36,1128,1460,0.41098,0,1,18304114,18302986,1128
17489341,1150.67,1125.47,1152,1460,0.458392,0,1,18305266,18304114,1152
17499561,1508.28,1437.53,1512,1460,0.716441,0,2,18314770,18313258,1512
17501021,1511.81,1508.28,1512,1460,0.772576,0,2,18316282,18314770,1512
17506861,1725.48,1677.53,1728,1460,0.94757,0,2,18322930,18321202,1728
17514161,1659.84,1732.8,1656,1460,0.91025,0,2,18331786,18330130,1656
17522921,1221.97,1639.37,1200,1460,0.454066,0,1,18341746,18340546,1200
17524381,1041.5,1221.97,1032,1460,0.403627,0,1,18342778,18341746,1032
17537521,1462.67,1437.47,1464,1460,0.71821,0,2,18354274,18352810,1464
17538981,1532.33,1462.67,1536,1460,0.749284,0,2,18355810,18354274,1536
17540441,1558.62,1532.33,1560,1460,0.785714,0,2,18357370,18355810,1560
17544821,1679.81,1676.28,1680,1460,0.900606,0,2,18362338,18360658,1680
17546281,1748.39,1679.81,1752,1460,0.942242,0,2,18364090,18362338,1752
17553581,1476.24,1708.8,1464,1460,0.739604,0,2,18372658,18371194,1464
17556501,1465.17,1487.41,1464,1460,0.721937,0,2,18375610,18374146,1464
17559421,1557.48,1509.66,1560,1460,0.76231,0,2,18378682,18377122,1560
17565261,1724.33,1654.62,1728,1460,0.933387,0,2,18385258,18383530,1728
17581321,1725.47,1677.42,1728,1460,0.911022,0,2,18403090,18401362,1728
17588621,1480.92,1802.33,1464,1460,0.702151,0,2,18411778,18410314,1464
17594461,1466.16,1507.15,1464,1460,0.752615,0,2,18417562,18416098,1464
17600301,1678.62,1652.39,1680,1460,0.910003,0,2,18424066,18422386,1680
17601761,1771.13,1678.62,1776,1460,0.934001,0,2,18425842,18424066,1776
17610521,1496.23,1652.6,1488,1460,0.767208,0,2,18435802,18434314,1488
17617821,1703.75,1699.08,1704,1460,0.931827,0,2,18443938,18442234,1704
17630961,1273.38,1755.59,1248,1460,0.495924,0,1,18459490,18458242,1248
17638261,1172.33,1102.63,1176,1460,0.463488,0,1,18464938,18463762,1176
17647021,1508.27,1437.47,1512,1460,0.739929,0,2,18473122,18471610,1512
17648481,1557.41,1508.27,1560,1460,0.769972,0,2,18474682,18473122,1560
17654321,1702.73,1678.62,1704,1460,0.919471,0,2,18481306,18479602,1704
17655781,1772.34,1702.73,1776,1460,0.937789,0,2,18483082,18481306,1776
17664541,1183.72,1330.49,1176,1460,0.474097,0,1,18492562,18491386,1176
17674761,1486.56,1459.19,1488,1460,0.72472,0,2,18501922,18500434,1488
17676221,1533.53,1486.56,1536,1460,0.751888,0,2,18503458,18501922,1536
17677681,1558.68,1533.53,1560,1460,0.774755,0,2,18505018,18503458,1560
17683521,1726.67,1701.42,1728,1460,0.938314,0,2,18511690,18509962,1728
17690821,1199.22,1184.4,1200,1460,0.282296,0,1,18519442,18518242,1200
17695201,861.534,814.678,864,1460,0.216067,0,1,18521890,18521026,864
17696661,909.477,861.534,912,1460,0.248427,0,1,18522802,18521890,912
17698121,957.474,909.477,960,1460,0.249371,0,1,18523762,18522802,960
17702501,1101.3,1050.05,1104,1460,0.40116,0,1,18526858,18525754,1104
17703961,1149.47,1101.3,1152,1460,0.442464,0,1,18528010,18526858,1152
17705421,1197.47,1149.47,1200,1460,0.482986,0,1,18529210,18528010,1200
17714181,1439.76,1435.25,1440,1460,0.71238,0,2,18537322,18535882,1440
17715641,1531.19,1439.76,1536,1460,0.746952,0,2,18538858,18537322,1536
17717101,1558.56,1531.19,1560,1460,0.772781,0,2,18540418,18538858,1560
17721481,1726.5,1697.94,1728,1460,0.911298,0,2,18545434,18543706,1728
17730241,1448.76,1615.21,1440,1460,0.735742,0,2,18555562,18554122,1440
17737541,1748.33,1678.61,1752,1460,0.941028,0,2,18563746,18561994,1752
17744841,1401.12,1574.34,1392,1460,0.714363,0,2,18572170,18570778,1392
17766741,1463.7,1458.09,1464,1460,0.746394,0,2,18595954,18594490,1464
17768201,1577.99,1463.7,1584,1460,0.760558,0,2,18597538,18595954,1584
17774041,1700.45,1632.96,1704,1460,0.91539,0,2,18604090,18602386,1704
17787181,1581.24,1528.87,1584,1460,0.789712,0,2,18618538,18616954,1584
17791561,1724.28,1653.53,1728,1460,0.908542,0,2,18623530,18621802,1728
17807621,1601.93,1486.56,1608,1460,0.778779,0,2,18640762,18639154,1608
17812001,1679.76,1675.24,1680,1460,0.912162,0,2,18645706,18644026,1680
17813461,1771.19,1679.76,1776,1460,0.934865,0,2,18647482,18645706,1776
17819301,1087.5,1685.94,1056,1460,0.415085,0,1,18653794,18652738,1056
17826601,1175.76,1171.19,1176,1460,0.493342,0,1,18659314,18658138,1176
17835361,1486.61,1460.27,1488,1460,0.737294,0,2,18667570,18666082,1488
17836821,1556.33,1486.61,1560,1460,0.756918,0,2,18669130,18667570,1560
17842661,1724.44,1656.9,1728,1460,0.922785,0,2,18675754,18674026,1728
17867481,1508.39,1439.76,1512,1460,0.717906,0,2,18698554,18697042,1512
17868941,1511.82,1508.39,1512,1460,0.785163,0,2,18700066,18698554,1512
17876241,1795.25,1704.96,1800,1460,0.937973,0,2,18708562,18706762,1800
17885001,1724.33,1654.53,1728,1460,0.910764,0,2,18718642,18716914,1728
17892301,1700.88,1641.53,1704,1460,0.793214,0,2,18727354,18725650,1704
17899601,1702.62,1676.39,1704,1460,0.918788,0,2,18735466,18733762,1704
17901061,1772.33,1702.62,1776,1460,0.943515,0,2,18737242,18735466,1776
17908361,1658.58,1707.66,1656,1460,0.944788,0,2,18745978,18744322,1656
17915661,1057.86,1549.26,1032,1460,0.435713,0,1,18753994,18752962,1032
17953621,1175.81,1172.27,1176,1460,0.481466,0,1,18789898,18788722,1176
17955081,1244.39,1175.81,1248,1460,0.498586,0,1,18791146,18789898,1248
17963841,1487.81,1484.27,1488,1460,0.716311,0,2,18799450,18797962,1488
17965301,1510.79,1487.81,1512,1460,0.772524,0,2,18800962,18799450,1512
17978441,1174.2,1595.94,1152,1460,0.452231,0,1,18815866,18814714,1152
17981361,919.495,1061.91,912,1460,0.277557,0,1,18817834,18816922,912
17988661,1105.02,1124.33,1104,1460,0.460311,0,1,18823090,18821986,1104
17998881,1461.59,1415.82,1464,1460,0.717483,0,2,18832522,18831058,1464
18000341,1532.28,1461.59,1536,1460,0.772993,0,2,18834058,18832522,1536
18004721,1701.47,1653.41,1704,1460,0.902672,0,2,18839026,18837322,1704
18032461,1508.16,1435.25,1512,1460,0.750934,0,2,18864466,18862954,1512
18033921,1580.21,1508.16,1584,1460,0.774374,0,2,18866050,18864466,1584
18039761,1768.85,1633.02,1776,1460,0.942144,0,2,18872698,18870922,1776
18057281,1438.67,1413.47,1440,1460,0.710688,0,2,18890314,18888874,1440
18058741,1531.13,1438.67,1536,1460,0.734275,0,2,18891850,18890314,1536
18060201,1535.76,1531.13,1536,1460,0.77971,0,2,18893386,18891850,1536
18064581,1702.61,1676.22,1704,1460,0.929021,0,2,18898378,18896674,1704
18066041,1795.13,1702.61,1800,1460,0.941609,0,2,18900178,18898378,1800
18079181,1701.48,1653.54,1704,1460,0.917029,0,2,18915370,18913666,1704
18080641,1772.27,1701.48,1776,1460,0.948811,0,2,18917146,18915370,1776
18095241,1538.04,1576.8,1536,1460,0.7967,0,2,18932866,18931330,1536
18112761,1706.04,1744.79,1704,1460,0.948684,0,2,18953098,18951394,1704
18118601,1569.72,1754.45,1560,1460,0.71899,0,2,18960034,18958474,1560
18130281,1701.47,1653.48,1704,1460,0.903525,0,2,18972346,18970642,1704
18131741,1749.47,1701.47,1752,1460,0.94341,0,2,18974098,18972346,1752
18137581,1472.76,1639.25,1464,1460,0.719143,0,2,18980770,18979306,1464
18146341,1557.41,1508.21,1560,1460,0.782425,0,2,18989434,18987874,1560
18152181,1700.45,1633.07,1704,1460,0.91595,0,2,18996034,18994330,1704
18153641,1772.22,1700.45,1776,1460,0.94838,0,2,18997810,18996034,1776
18159481,1296.06,1297.26,1296,1460,0.440103,0,1,19003954,19002658,1296
18160941,1045.2,1296.06,1032,1460,0.410041,0,1,19004986,19003954,1032
18174081,1484.33,1414.61,1488,1460,0.708927,0,2,19016530,19015042,1488
18175541,1510.62,1484.33,1512,1460,0.757571,0,2,19018042,19016530,1512
18181381,1702.67,1677.47,1704,1460,0.930386,0,2,19024642,19022938,1704
18190141,1417.02,1436.4,1416,1460,0.706779,0,2,19034722,19033306,1416
18193061,1487.82,1484.45,1488,1460,0.769485,0,2,19037698,19036210,1488
18194521,1601.99,1487.82,1608,1460,0.781794,0,2,19039306,19037698,1608
18198901,1725.36,1675.24,1728,1460,0.921955,0,2,19044298,19042570,1728
18207661,1170.73,1526.51,1152,1460,0.433662,0,1,19054186,19053034,1152
18225181,1487.64,1480.85,1488,1460,0.750049,0,2,19069114,19067626,1488
18226641,1579.18,1487.64,1584,1460,0.786019,0,2,19070698,19069114,1584
18232481,1748.33,1678.68,1752,1460,0.905482,0,2,19077394,19075642,1752
18235401,1796.45,1729.02,1800,1460,0.920077,0,2,19080922,19079122,1800
18239781,1495.45,1636.97,1488,1460,0.782965,0,2,19085770,19084282,1488
18245621,1656.96,1675.19,1656,1460,0.9079,0,2,19092274,19090618,1656
18248541,1730.1,1770.05,1728,1460,0.945664,0,2,19095778,19094050,1728
18261681,1533.41,1484.28,1536,1460,0.762909,0,2,19109122,19107586,1536
18266061,1678.61,1652.27,1680,1460,0.909226,0,2,19114042,19112362,1680
18267521,1771.13,1678.61,1776,1460,0.93369,0,2,19115818,19114042,1776
18283581,1534.5,1506.05,1536,1460,0.764495,0,2,19132810,19131274,1536
18287961,1723.07,1629.48,1728,1460,0.905008,0,2,19137754,19136026,1728
18289421,1750.55,1723.07,1752,1460,0.944003,0,2,19139506,19137754,1752
18304021,1437.36,1387.2,1440,1460,0.707338,0,2,19154722,19153282,1440
18305481,1531.07,1437.36,1536,1460,0.720935,0,2,19156258,19154722,1536
18308401,1603.25,1512.95,1608,1460,0.78375,0,2,19159378,19157770,1608
18312781,1702.56,1675.25,1704,1460,0.91728,0,2,19164346,19162642,1704
18314241,1772.33,1702.56,1776,1460,0.936912,0,2,19166122,19164346,1776
18331761,1507.25,1416.9,1512,1460,0.727668,0,2,19183738,19182226,1512
18333221,1534.56,1507.25,1536,1460,0.777067,0,2,19185274,19183738,1536
18339061,1703.82,1700.33,1704,1460,0.908805,0,2,19191922,19190218,1704
18365341,1483.07,1389.47,1488,1460,0.704852,0,2,19215850,19214362,1488
18366801,1510.55,1483.07,1512,1460,0.731941,0,2,19217362,19215850,1512
18368261,1534.73,1510.55,1536,1460,0.766776,0,2,19218898,19217362,1536
18374101,1748.39,1679.75,1752,1460,0.905757,0,2,19225594,19223842,1752
18394541,1535.76,1531.14,1536,1460,0.791873,0,2,19246282,19244746,1536
18400381,1725.65,1681.01,1728,1460,0.926368,0,2,19253026,19251298,1728
18420821,1583.29,1569.77,1584,1460,0.725905,0,2,19276858,19275274,1584
18431041,1726.61,1700.27,1728,1460,0.913389,0,2,19287970,19286242,1728
18439801,1653,1595.94,1656,1460,0.743504,0,2,19298410,19296754,1656
18457321,1183.09,1317.84,1176,1460,0.490858,0,1,19317562,19316386,1176
18458781,1176.35,1183.09,1176,1460,0.490343,0,1,19318738,19317562,1176
18467541,1507.02,1412.45,1512,1460,0.701013,0,2,19326898,19325386,1512
18470461,1602.05,1488.95,1608,1460,0.792562,0,2,19329994,19328386,1608
18476301,1771.25,1680.96,1776,1460,0.935986,0,2,19336762,19334986,1776
18506961,1462.62,1436.33,1464,1460,0.72964,0,2,19367842,19366378,1464
18508421,1555.13,1462.62,1560,1460,0.777856,0,2,19369402,19367842,1560
18514261,1724.34,1654.73,1728,1460,0.921785,0,2,19376026,19374298,1728
18521561,1524.18,1755.59,1512,1460,0.788758,0,2,19384714,19383202,1512
18534701,1726.56,1699.19,1728,1460,0.912943,0,2,19398778,19397050,1728
18549301,1556.21,1484.29,1560,1460,0.768829,0,2,19414642,19413082,1560
18550761,1582.61,1556.21,1584,1460,0.793532,0,2,19416226,19414642,1584
18555141,1724.28,1653.54,1728,1460,0.908786,0,2,19421218,19419490,1728
18568281,1442.1,1482.03,1440,1460,0.744072,0,2,19435330,19433890,1440
18575581,1747.19,1655.76,1752,1460,0.926886,0,2,19443538,19441786,1752
18590181,1726.61,1700.22,1728,1460,0.925847,0,2,19460458,19458730,1728
18598941,1704.07,1705.49,1704,1460,0.909898,0,2,19471018,19469314,1704
18600401,1704,1704.07,1704,1460,0.705959,0,2,19472722,19471018,1704
18601861,1339.2,1704,1320,1460,0.420384,0,1,19474042,19472722,1320
18620841,1418.04,1456.79,1416,1460,0.707962,0,2,19489330,19487914,1416
18623761,1535.71,1530.1,1536,1460,0.791274,0,2,19492402,19490866,1536
18628141,1724.33,1654.56,1728,1460,0.908642,0,2,19497418,19495690,1728
18636901,1702.7,1677.96,1704,1460,0.935327,0,2,19507762,19506058,1704
18652961,1407.9,1254,1416,1460,0.416813,0,1,19526650,19525234,1416
18658801,1077.53,1030.68,1080,1460,0.401054,0,1,19530706,19529626,1080
18660261,1148.28,1077.53,1152,1460,0.418422,0,1,19531858,19530706,1152
18661721,1151.81,1148.28,1152,1460,0.473369,0,1,19533010,19531858,1152
18671941,1507.2,1415.93,1512,1460,0.739817,0,2,19542586,19541074,1512
18673401,1557.36,1507.2,1560,1460,0.769927,0,2,19544146,19542586,1560
18677781,1702.56,1675.13,1704,1460,0.928395,0,2,19549114,19547410,1704
18688001,1492.76,1583.23,1488,1460,0.725681,0,2,19560874,19559386,1488
18720121,1510.5,1481.94,1512,1460,0.743426,0,2,19592314,19590802,1512
18721581,1557.52,1510.5,1560,1460,0.78337,0,2,19593874,19592314,1560
18725961,1701.47,1653.47,1704,1460,0.903336,0,2,19598842,19597138,1704
18727421,1749.47,1701.47,1752,1460,0.943334,0,2,19600594,19598842,1752
18742021,1507.13,1414.63,1512,1460,0.715511,0,2,19616122,19614610,1512
18743481,1511.76,1507.13,1512,1460,0.748204,0,2,19617634,19616122,1512
18744941,1557.59,1511.76,1560,1460,0.797282,0,2,19619194,19617634,1560
18749321,1723.19,1631.81,1728,1460,0.931106,0,2,19624186,19622458,1728
18756621,1454.64,1732.74,1440,1460,0.72461,0,2,19632778,19631338,1440
18765381,1535.76,1531.14,1536,1460,0.768551,0,2,19641562,19640026,1536
18766841,1581.59,1535.76,1584,1460,0.78142,0,2,19643146,19641562,1584
18771221,1726.5,1697.99,1728,1460,0.947851,0,2,19648162,19646434,1728
18790201,1486.67,1461.47,1488,1460,0.738796,0,2,19667458,19665970,1488
18791661,1556.33,1486.67,1560,1460,0.769518,0,2,19669018,19667458,1560
18797501,1727.87,1725.36,1728,1460,0.940868,0,2,19675738,19674010,1728
18815021,1487.76,1483.14,1488,1460,0.752014,0,2,19693090,19691602,1488
18816481,1579.19,1487.76,1584,1460,0.774806,0,2,19694674,19693090,1584
18832541,1724.39,1655.78,1728,1460,0.900003,0,2,19713322,19711594,1728
18848601,1484.33,1414.68,1488,1460,0.733931,0,2,19729522,19728034,1488
18850061,1556.22,1484.33,1560,1460,0.743573,0,2,19731082,19729522,1560
18855901,1726.61,1700.16,1728,1460,0.924747,0,2,19737682,19735954,1728
18870501,1486.74,1462.73,1488,1460,0.740927,0,2,19753018,19751530,1488
18871961,1556.34,1486.74,1560,1460,0.794371,0,2,19754578,19753018,1560
18876341,1726.61,1700.21,1728,1460,0.92468,0,2,19759642,19757914,1728
18877801,1773.53,1726.61,1776,1460,0.945872,0,2,19761418,19759642,1776
18882181,1682.58,1731.53,1680,1460,0.707336,0,2,19766626,19764946,1680
18886561,1187.81,1412.11,1176,1460,0.485669,0,1,19770538,19769362,1176
18896781,1463.82,1460.32,1464,1460,0.720535,0,2,19779874,19778410,1464
18898241,1532.39,1463.82,1536,1460,0.738214,0,2,19781410,19779874,1536
18902621,1678.5,1649.99,1680,1460,0.907646,0,2,19786282,19784602,1680
18904081,1771.12,1678.5,1776,1460,0.909058,0,2,19788058,19786282,1776
18928901,1485.53,1438.56,1488,1460,0.724109,0,2,19810786,19809298,1488
18930361,1533.48,1485.53,1536,1460,0.763644,0,2,19812322,19810786,1536
18943501,1362.3,1709.94,1344,1460,0.727846,0,2,19827418,19826074,1344
18956641,1581.47,1533.48,1584,1460,0.791619,0,2,19840354,19838770,1584
18961021,1726.56,1699.13,1728,1460,0.936504,0,2,19845394,19843666,1728
18966861,1753.32,1778.33,1752,1460,0.923542,0,2,19852546,19850794,1752
18991681,1516.69,1605.86,1512,1460,0.75571,0,2,19881538,19880026,1512
19006281,1111.33,1706.58,1080,1460,0.435632,0,1,19897906,19896826,1080
19007741,1035.97,1111.33,1032,1460,0.408253,0,1,19898938,19897906,1032
19020881,1460.33,1390.68,1464,1460,0.701658,0,2,19910434,19908970,1464
19022341,1509.42,1460.33,1512,1460,0.754663,0,2,19911946,19910434,1512
19023801,1580.27,1509.42,1584,1460,0.775865,0,2,19913530,19911946,1584
19029641,1725.53,1678.62,1728,1460,0.936422,0,2,19920178,19918450,1728
19036941,1106.82,1616.46,1080,1460,0.401336,0,1,19928242,19927162,1080
19044241,1197.47,1149.36,1200,1460,0.471927,0,1,19933690,19932490,1200
19054461,1487.82,1484.33,1488,1460,0.740652,0,2,19943266,19941778,1488
19055921,1556.39,1487.82,1560,1460,0.782261,0,2,19944826,19943266,1560
19060301,1701.47,1653.47,1704,1460,0.915265,0,2,19949794,19948090,1704
19061761,1772.27,1701.47,1776,1460,0.948106,0,2,19951570,19949794,1776
19079281,1487.87,1485.47,1488,1460,0.777673,0,2,19969378,19967890,1488
19085121,1725.48,1677.58,1728,1460,0.9477,0,2,19976050,19974322,1728
19092421,1150.2,1572,1128,1460,0.492364,0,1,19984162,19983034,1128
19095341,1060.8,1151.91,1056,1460,0.432778,0,1,19986370,19985314,1056
19098261,1152.91,1170.24,1152,1460,0.490445,0,1,19988698,19987546,1152
19108481,1487.82,1484.38,1488,1460,0.75294,0,2,19998322,19996834,1488
19109941,1579.19,1487.82,1584,1460,0.775176,0,2,19999906,19998322,1584
19115781,1725.53,1678.62,1728,1460,0.948405,0,2,20006554,20004826,1728
19124541,832.311,1142.22,816,1460,0.226557,0,1,20015338,20014522,816
19146441,1461.48,1413.53,1464,1460,0.71581,0,2,20032546,20031082,1464
19147901,1532.27,1461.48,1536,1460,0.748324,0,2,20034082,20032546,1536
19149361,1558.61,1532.27,1560,1460,0.77333,0,2,20035642,20034082,1560
19153741,1749.3,1697.94,1752,1460,0.940133,0,2,20040682,20038930,1752
19161041,1176.42,1640.46,1152,1460,0.455806,0,1,20048890,20047738,1152
19163961,919.501,1062.02,912,1460,0.278129,0,1,20050858,20049946,912
19171261,1126.5,1097.99,1128,1460,0.412278,0,1,20055994,20054866,1128
19172721,1150.73,1126.5,1152,1460,0.434911,0,1,20057146,20055994,1152
19174181,1174.74,1150.73,1176,1460,0.491965,0,1,20058322,20057146,1176
19182941,1487.7,1482.05,1488,1460,0.727055,0,2,20066626,20065138,1488
19184401,1533.59,1487.7,1536,1460,0.776822,0,2,20068162,20066626,1536
19197541,1701.79,1659.83,1704,1460,0.935809,0,2,20083474,20081770,1704
19204841,1224.25,1684.92,1200,1460,0.454783,0,1,20091754,20090554,1200
19207761,895.681,1041.61,888,1460,0.285165,0,1,20093674,20092786,888
19215061,1103.82,1100.33,1104,1460,0.433394,0,1,20098882,20097778,1104
19216521,1195.19,1103.82,1200,1460,0.467357,0,1,20100082,20098882,1200
19225281,1484.28,1413.59,1488,1460,0.708764,0,2,20108218,20106730,1488
19226741,1510.61,1484.28,1512,1460,0.745506,0,2,20109730,20108218,1512
19228201,1557.53,1510.61,1560,1460,0.796202,0,2,20111290,20109730,1560
19232581,1724.33,1654.61,1728,1460,0.908957,0,2,20116306,20114578,1728
19241341,1746.42,1640.46,1752,1460,0.922065,0,2,20126890,20125138,1752
19260321,1487.76,1483.13,1488,1460,0.728791,0,2,20147842,20146354,1488
19261781,1533.59,1487.76,1536,1460,0.765516,0,2,20149378,20147842,1536
19266161,1702.55,1675.07,1704,1460,0.904113,0,2,20154346,20152642,1704
19267621,1749.53,1702.55,1752,1460,0.943645,0,2,20156098,20154346,1752
19277841,933.289,881.781,936,1460,0.27469,0,1,20165578,20164642,936
19283681,1147.13,1054.62,1152,1460,0.414504,0,1,20169778,20168626,1152
19285141,1151.76,1147.13,1152,1460,0.447802,0,1,20170930,20169778,1152
19286601,1197.59,1151.76,1200,1460,0.473121,0,1,20172130,20170930,1200
19295361,1460.34,1390.73,1464,1460,0.713761,0,2,20180194,20178730,1464
19296821,1532.22,1460.34,1536,1460,0.747504,0,2,20181730,20180194,1536
19302661,1725.58,1679.7,1728,1460,0.936464,0,2,20188378,20186650,1728
19314341,1702.79,1679.82,1704,1460,0.90973,0,2,20202034,20200330,1704
19321641,1725.79,1683.77,1728,1460,0.919924,0,2,20210770,20209042,1728
19328941,1658.59,1707.71,1656,1460,0.763778,0,2,20219482,20217826,1656
19330401,1473.73,1658.59,1464,1460,0.755511,0,2,20220946,20219482,1464
19355221,1429.62,1688.34,1416,1460,0.714836,0,2,20249794,20248378,1416
19365441,1681.01,1700.16,1680,1460,0.902984,0,2,20260786,20259106,1680
19372741,1418.15,1459.02,1416,1460,0.706907,0,2,20268970,20267554,1416
19375661,1533.43,1484.51,1536,1460,0.755105,0,2,20271994,20270458,1536
19381501,1701.53,1654.62,1704,1460,0.904403,0,2,20278546,20276842,1704
19382961,1749.48,1701.53,1752,1460,0.931761,0,2,20280298,20278546,1752
19390261,1569.67,1753.37,1560,1460,0.738613,0,2,20289010,20287450,1560
19401941,1511.76,1507.19,1512,1460,0.736338,0,2,20300218,20298706,1512
19403401,1534.79,1511.76,1536,1460,0.792535,0,2,20301754,20300218,1536
19407781,1725.47,1677.36,1728,1460,0.922642,0,2,20306794,20305066,1728
19409241,1773.47,1725.47,1776,1460,0.939057,0,2,20308570,20306794,1776
19410701,1798.67,1773.47,1800,1460,0.945623,0,2,20310370,20308570,1800
19413621,1592.52,1754.33,1584,1460,0.7429,0,2,20313706,20312122,1584
19425301,1485.53,1438.67,1488,1460,0.724626,0,2,20324722,20323234,1488
19426761,1533.48,1485.53,1536,1460,0.78785,0,2,20326258,20324722,1536
19432601,1703.88,1701.53,1704,1460,0.921849,0,2,20332954,20331250,1704
19444281,1678.67,1653.49,1680,1460,0.900272,0,2,20346490,20344810,1680
19445741,1748.33,1678.67,1752,1460,0.930109,0,2,20348242,20346490,1752
19460341,1507.13,1414.57,1512,1460,0.727057,0,2,20363506,20361994,1512
19461801,1534.56,1507.13,1536,1460,0.740823,0,2,20365042,20363506,1536
19463261,1535.93,1534.56,1536,1460,0.770329,0,2,20366578,20365042,1536
19467641,1678.61,1652.28,1680,1460,0.909701,0,2,20371498,20369818,1680
19476401,1230.63,1356.6,1224,1460,0.486977,0,1,20381074,20379850,1224
19477861,1155.93,1230.63,1152,1460,0.476791,0,1,20382226,20381074,1152
19486621,1461.48,1413.59,1464,1460,0.716003,0,2,20390314,20388850,1464
19488081,1532.27,1461.48,1536,1460,0.736401,0,2,20391850,20390314,1536
19489541,1535.81,1532.27,1536,1460,0.79256,0,2,20393386,20391850,1536
19502681,1698.6,1595.94,1704,1460,0.910318,0,2,20408842,20407138,1704
19511441,941.58,1503.6,912,1460,0.26447,0,1,20418418,20417506,912
19518741,886.731,862.624,888,1460,0.241566,0,1,20422570,20421682,888
19520201,956.337,886.731,960,1460,0.282626,0,1,20423530,20422570,960
19526041,1126.67,1101.47,1128,1460,0.426515,0,1,20427826,20426698,1128
19527501,1173.53,1126.67,1176,1460,0.488606,0,1,20429002,20427826,1176
19537721,1487.87,1485.47,1488,1460,0.765693,0,2,20438698,20437210,1488
19543561,1724.34,1654.72,1728,1460,0.921474,0,2,20445322,20443594,1728
19553781,1180.81,1272.13,1176,1460,0.486051,0,1,20456698,20455522,1176
19555241,1176.24,1180.81,1176,1460,0.476421,0,1,20457874,20456698,1176
19564001,1461.42,1412.34,1464,1460,0.702742,0,2,20465914,20464450,1464
19565461,1509.47,1461.42,1512,1460,0.719097,0,2,20467426,20465914,1512
19566921,1511.87,1509.47,1512,1460,0.773639,0,2,20468938,20467426,1512
19572761,1703.87,1701.47,1704,1460,0.933485,0,2,20475610,20473906,1704
19593201,1487.7,1481.99,1488,1460,0.738504,0,2,20494858,20493370,1488
19594661,1556.38,1487.7,1560,1460,0.781402,0,2,20496418,20494858,1560
19600501,1725.48,1677.53,1728,1460,0.935796,0,2,20503066,20501338,1728
19609261,1186.4,1383.9,1176,1460,0.423382,0,1,20512714,20511538,1176
19610721,1039.72,1186.4,1032,1460,0.415353,0,1,20513746,20512714,1032
19622401,1439.7,1434.04,1440,1460,0.71096,0,2,20523994,20522554,1440
19623861,1531.19,1439.7,1536,1460,0.734384,0,2,20525530,20523994,1536
19625321,1535.76,1531.19,1536,1460,0.767754,0,2,20527066,20525530,1536
19629701,1701.41,1652.28,1704,1460,0.902336,0,2,20532010,20530306,1704
19641381,1702.67,1677.43,1704,1460,0.919852,0,2,20545594,20543890,1704
19648681,1204.92,1754.45,1176,1460,0.466619,0,1,20553922,20552746,1176
19666201,1485.42,1436.34,1488,1460,0.722724,0,2,20568778,20567290,1488
19667661,1533.47,1485.42,1536,1460,0.75109,0,2,20570314,20568778,1536
19672041,1679.7,1673.93,1680,1460,0.91039,0,2,20575234,20573554,1680
19673501,1771.18,1679.7,1776,1460,0.934156,0,2,20577010,20575234,1776
19682261,1267.67,1185.43,1272,1460,0.429442,0,1,20586610,20585338,1272
19685181,1100.99,1043.78,1104,1460,0.420311,0,1,20588746,20587642,1104
19686641,1149.45,1100.99,1152,1460,0.450124,0,1,20589898,20588746,1152
19688101,1197.47,1149.45,1200,1460,0.46205,0,1,20591098,20589898,1200
19698321,1486.62,1460.39,1488,1460,0.75012,0,2,20600650,20599162,1488
19699781,1579.13,1486.62,1584,1460,0.798048,0,2,20602234,20600650,1584
19712921,1131.96,1207.15,1128,1460,0.425973,0,1,20616706,20615578,1128
19728981,1486.61,1460.28,1488,1460,0.737512,0,2,20630698,20629210,1488
19730441,1556.33,1486.61,1560,1460,0.793005,0,2,20632258,20630698,1560
19734821,1725.47,1677.41,1728,1460,0.910672,0,2,20637298,20635570,1728
19736281,1750.67,1725.47,1752,1460,0.934269,0,2,20639050,20637298,1752
19755261,1585.22,1608.37,1584,1460,0.796439,0,2,20661154,20659570,1584
19761101,1724.39,1655.82,1728,1460,0.911029,0,2,20667778,20666050,1728
19775701,1463.82,1460.35,1464,1460,0.746406,0,2,20683186,20681722,1464
19784461,1726.62,1700.44,1728,1460,0.94431,0,2,20693002,20691274,1728
19790301,1464.73,1478.51,1464,1460,0.75411,0,2,20699482,20698018,1464
19796141,1724.33,1654.61,1728,1460,0.921177,0,2,20706058,20704330,1728
19825341,1700.34,1630.74,1704,1460,0.914744,0,2,20740042,20738338,1704
19826801,1772.22,1700.34,1776,1460,0.947898,0,2,20741818,20740042,1776
19850161,1726.68,1701.59,1728,1460,0.939217,0,2,20766082,20764354,1728
19864761,1509.36,1459.25,1512,1460,0.730803,0,2,20781274,20779762,1512
19866221,1534.67,1509.36,1536,1460,0.790321,0,2,20782810,20781274,1536
19870601,1702.67,1677.36,1704,1460,0.905701,0,2,20787826,20786122,1704
19872061,1749.53,1702.67,1752,1460,0.94428,0,2,20789578,20787826,1752
19879361,1057.81,1548.12,1032,1460,0.411477,0,1,20797546,20796514,1032
19883741,1103.82,1100.46,1104,1460,0.415375,0,1,20800786,20799682,1104
19885201,1149.59,1103.82,1152,1460,0.47215,0,1,20801938,20800786,1152
19895421,1487.87,1485.42,1488,1460,0.741408,0,2,20811610,20810122,1488
19896881,1556.39,1487.87,1560,1460,0.782563,0,2,20813170,20811610,1560
19901261,1749.35,1699.07,1752,1460,0.916724,0,2,20818234,20816482,1752
19914401,1750.61,1724.23,1752,1460,0.934323,0,2,20833666,20831914,1752
19927541,1507.13,1414.67,1512,1460,0.727044,0,2,20847298,20845786,1512
19929001,1534.56,1507.13,1536,1460,0.764818,0,2,20848834,20847298,1536
19934841,1679.87,1677.47,1680,1460,0.925771,0,2,20855410,20853730,1680
19936301,1793.99,1679.87,1800,1460,0.940309,0,2,20857210,20855410,1800
19945061,1559.27,1545.44,1560,1460,0.77658,0,2,20867266,20865706,1560
19950901,1701.53,1654.62,1704,1460,0.904952,0,2,20873818,20872114,1704
19952361,1749.48,1701.53,1752,1460,0.943981,0,2,20875570,20873818,1752
19975721,1134,1248.01,1128,1460,0.459943,0,1,20901466,20900338,1128
19985941,1463.75,1459.07,1464,1460,0.719184,0,2,20910730,20909266,1464
19987401,1532.39,1463.75,1536,1460,0.749674,0,2,20912266,20910730,1536
19988861,1558.62,1532.39,1560,1460,0.785869,0,2,20913826,20912266,1560
19993241,1702.61,1676.28,1704,1460,0.905416,0,2,20918818,20917114,1704
19994701,1749.53,1702.61,1752,1460,0.932166,0,2,20920570,20918818,1752
20007841,1463.81,1460.24,1464,1460,0.734482,0,2,20934658,20933194,1464
20009301,1555.19,1463.81,1560,1460,0.767793,0,2,20936218,20934658,1560
20013681,1700.28,1629.53,1704,1460,0.900419,0,2,20941138,20939434,1704
20020981,1512.67,1525.31,1512,1460,0.767572,0,2,20949514,20948002,1512
20026821,1700.33,1630.67,1704,1460,0.902034,0,2,20956018,20954314,1704
20028281,1749.42,1700.33,1752,1460,0.942814,0,2,20957770,20956018,1752
20029741,1797.47,1749.42,1800,1460,0.947125,0,2,20959570,20957770,1800
20045801,1695.18,1527.59,1704,1460,0.772788,0,2,20978530,20976826,1704
20048721,1511.32,1498.36,1512,1460,0.748846,0,2,20981530,20980018,1512
20050181,1534.77,1511.32,1536,1460,0.785538,0,2,20983066,20981530,1536
20056021,1748.33,1678.67,1752,1460,0.92947,0,2,20989762,20988010,1752
20072081,1485.42,1436.33,1488,1460,0.722888,0,2,21006346,21004858,1488
20073541,1533.47,1485.42,1536,1460,0.787155,0,2,21007882,21006346,1536
20079381,1727.82,1724.33,1728,1460,0.916551,0,2,21014626,21012898,1728
20095441,1558.61,1532.27,1560,1460,0.798142,0,2,21032194,21030634,1560
20099821,1724.33,1654.62,1728,1460,0.933081,0,2,21037210,21035482,1728
20101281,1796.22,1724.33,1800,1460,0.943232,0,2,21039010,21037210,1800
20104201,1798.85,1777.01,1800,1460,0.948917,0,2,21042586,21040786,1800
20115881,1486.61,1460.26,1488,1460,0.713267,0,2,21053866,21052378,1488
20117341,1510.73,1486.61,1512,1460,0.771307,0,2,21055378,21053866,1512
20123181,1724.39,1655.87,1728,1460,0.934385,0,2,21062026,21060298,1728
20130481,1469.51,1574.28,1464,1460,0.77608,0,2,21070498,21069034,1464
20137781,1747.13,1654.62,1752,1460,0.914446,0,2,21078682,21076930,1752
20145081,1704.19,1707.77,1704,1460,0.93921,0,2,21087466,21085762,1704
20152381,1501.32,1754.46,1488,1460,0.76075,0,2,21096130,21094642,1488
20178661,1127.76,1123.13,1128,1460,0.440754,0,1,21122170,21121042,1128
20180121,1196.39,1127.76,1200,1460,0.494301,0,1,21123370,21122170,1200
20188881,1508.16,1435.19,1512,1460,0.750642,0,2,21131578,21130066,1512
20190341,1580.21,1508.16,1584,1460,0.786257,0,2,21133162,21131578,1584
20196181,1700.4,1631.94,1704,1460,0.91528,0,2,21139738,21138034,1704
20210781,1463.82,1460.33,1464,1460,0.733873,0,2,21155002,21153538,1464
20212241,1555.19,1463.82,1560,1460,0.767549,0,2,21156562,21155002,1560
20229761,1654.73,1630.68,1656,1460,0.917273,0,2,21176698,21175042,1656
20231221,1792.74,1654.73,1800,1460,0.936909,0,2,21178498,21176698,1800
20244361,1555.08,1461.59,1560,1460,0.766779,0,2,21192442,21190882,1560
20245821,1582.55,1555.08,1584,1460,0.792712,0,2,21194026,21192442,1584
20250201,1747.08,1653.54,1752,1460,0.925534,0,2,21199042,21197290,1752
20251661,1774.55,1747.08,1776,1460,0.934213,0,2,21200818,21199042,1776
20257501,1150.14,1570.8,1128,1460,0.492636,0,1,21207058,21205930,1128
20276481,1678.67,1653.36,1680,1460,0.92176,0,2,21225346,21223666,1680
20277941,1793.93,1678.67,1800,1460,0.938704,0,2,21227146,21225346,1800
20292541,1195.08,1101.53,1200,1460,0.442541,0,1,21240202,21239002,1200
20302761,1486.56,1459.25,1488,1460,0.749148,0,2,21249658,21248170,1488
20304221,1579.13,1486.56,1584,1460,0.773659,0,2,21251242,21249658,1584
20308601,1702.56,1675.19,1704,1460,0.916634,0,2,21256210,21254506,1704
20310061,1772.33,1702.56,1776,1460,0.948654,0,2,21257986,21256210,1776
20318821,926.481,1201.62,912,1460,0.257374,0,1,21266770,21265858,912
20337801,1438.61,1412.28,1440,1460,0.709404,0,2,21281866,21280426,1440
20339261,1531.13,1438.61,1536,1460,0.721762,0,2,21283402,21281866,1536
20346561,1747.19,1655.87,1752,1460,0.927272,0,2,21291586,21289834,1752
20348021,1774.56,1747.19,1776,1460,0.940909,0,2,21293362,21291586,1776
20349481,1775.93,1774.56,1776,1460,0.946364,0,2,21295138,21293362,1776
20353861,1188.96,1435.14,1176,1460,0.416007,0,1,21299530,21298354,1176
20369921,1508.22,1436.39,1512,1460,0.739542,0,2,21313234,21311722,1512
20371381,1557.41,1508.22,1560,1460,0.781817,0,2,21314794,21313234,1560
20377221,1747.19,1655.87,1752,1460,0.915455,0,2,21321466,21319714,1752
20396201,1523.09,1733.88,1512,1460,0.751285,0,2,21343858,21342346,1512
20397661,1489.75,1523.09,1488,1460,0.714514,0,2,21345346,21343858,1488
20407881,1725.47,1677.48,1728,1460,0.923597,0,2,21356458,21354730,1728
20416641,1564.88,1657.56,1560,1460,0.78622,0,2,21366754,21365194,1560
20437081,1508.15,1435.04,1512,1460,0.727682,0,2,21388978,21387466,1512
20438541,1534.61,1508.15,1536,1460,0.753073,0,2,21390514,21388978,1536
20444381,1727.81,1724.16,1728,1460,0.939679,0,2,21397186,21395458,1728
20466281,1726.56,1699.25,1728,1460,0.937409,0,2,21420322,21418594,1728
20473581,1171.86,1549.26,1152,1460,0.460252,0,1,21428434,21427282,1152
20475041,1084.59,1171.86,1080,1460,0.418101,0,1,21429514,21428434,1080
20488181,1486.67,1461.41,1488,1460,0.737982,0,2,21441250,21439762,1488
20489641,1556.33,1486.67,1560,1460,0.757193,0,2,21442810,21441250,1560
20495481,1725.47,1677.42,1728,1460,0.923176,0,2,21449410,21447682,1728
20504241,1515.96,1591.27,1512,1460,0.772133,0,2,21459586,21458074,1512
20511541,1747.13,1654.62,1752,1460,0.914406,0,2,21467746,21465994,1752
20523221,1481.98,1367.56,1488,1460,0.734828,0,2,21480442,21478954,1488
20524681,1556.1,1481.98,1560,1460,0.743931,0,2,21482002,21480442,1560
20531981,1771.25,1680.95,1776,1460,0.947755,0,2,21490306,21488530,1776
20552421,1724.33,1654.67,1728,1460,0.921467,0,2,21511810,21510082,1728
20565561,1749.48,1701.67,1752,1460,0.934183,0,2,21527506,21525754,1752
20572861,1652.94,1594.85,1656,1460,0.76667,0,2,21536146,21534490,1656
20588921,1142.22,1412.46,1128,1460,0.444405,0,1,21553882,21552754,1128
20590381,1083.11,1142.22,1080,1460,0.411762,0,1,21554962,21553882,1080
20602061,1460.39,1391.76,1464,1460,0.702016,0,2,21565306,21563842,1464
20603521,1509.42,1460.39,1512,1460,0.754806,0,2,21566818,21565306,1512
20604981,1580.27,1509.42,1584,1460,0.799922,0,2,21568402,21566818,1584
20610821,1726.68,1701.53,1728,1460,0.926958,0,2,21575122,21573394,1728
20618121,1381.68,1641.59,1368,1460,0.703332,0,2,21583546,21582178,1368
20626881,1725.41,1676.27,1728,1460,0.910094,0,2,21593074,21591346,1728
20628341,1750.67,1725.41,1752,1460,0.946038,0,2,21594826,21593074,1752
20653161,1724.33,1654.56,1728,1460,0.908557,0,2,21620266,21618538,1728
20661921,1211.25,1424.94,1200,1460,0.463778,0,1,21629842,21628642,1200
20675061,1510.62,1484.39,1512,1460,0.75806,0,2,21641914,21640402,1512
20676521,1580.33,1510.62,1584,1460,0.789224,0,2,21643498,21641914,1584
20701341,1509.47,1461.41,1512,1460,0.755006,0,2,21669130,21667618,1512
20702801,1580.27,1509.47,1584,1460,0.788002,0,2,21670714,21669130,1584
20707181,1725.42,1676.33,1728,1460,0.922352,0,2,21675730,21674002,1728
20708641,1773.47,1725.42,1776,1460,0.938941,0,2,21677506,21675730,1776
20715941,1396.55,1483.08,1392,1460,0.429855,0,1,21685786,21684394,1392
20733461,1508.33,1438.62,1512,1460,0.728944,0,2,21700522,21699010,1512
20734921,1534.62,1508.33,1536,1460,0.777578,0,2,21702058,21700522,1536
20736381,1604.33,1534.62,1608,1460,0.785031,0,2,21703666,21702058,1608
20740761,1725.36,1675.25,1728,1460,0.934162,0,2,21708658,21706930,1728
20768501,1747.18,1655.7,1752,1460,0.902159,0,2,21739762,21738010,1752
20778721,922.368,1119.37,912,1460,0.256124,0,1,21750322,21749410,912
20780181,866.918,922.368,864,1460,0.21645,0,1,21751186,21750322,864
20788941,1148.34,1078.73,1152,1460,0.453651,0,1,21757306,21756154,1152
20790401,1220.22,1148.34,1224,1460,0.499461,0,1,21758530,21757306,1224
20800621,1531.3,1442.04,1536,1460,0.748515,0,2,21768250,21766714,1536
20806461,1747.19,1655.76,1752,1460,0.914602,0,2,21774874,21773122,1752
20819601,1442.04,1480.87,1440,1460,0.730409,0,2,21788818,21787378,1440
20822521,1536.91,1554.1,1536,1460,0.794865,0,2,21791914,21790378,1536
20826901,1726.61,1700.16,1728,1460,0.912711,0,2,21796978,21795250,1728
20844421,1679.81,1676.21,1680,1460,0.912149,0,2,21816178,21814498,1680
20845881,1771.19,1679.81,1776,1460,0.94686,0,2,21817954,21816178,1776
20851721,1591.38,1731.6,1584,1460,0.776256,0,2,21824866,21823282,1584
20853181,1515.97,1591.38,1512,1460,0.700502,0,2,21826378,21824866,1512
20864861,1702.56,1675.13,1704,1460,0.904488,0,2,21838714,21837010,1704
20866321,1749.53,1702.56,1752,1460,0.943795,0,2,21840466,21838714,1752
20879461,1126.68,1101.54,1128,1460,0.429008,0,1,21852322,21851194,1128
20880921,1173.53,1126.68,1176,1460,0.465603,0,1,21853498,21852322,1176
20889681,1483.13,1390.67,1488,1460,0.718223,0,2,21861562,21860074,1488
20891141,1533.36,1483.13,1536,1460,0.749289,0,2,21863098,21861562,1536
20892601,1558.67,1533.36,1560,1460,0.785716,0,2,21864658,21863098,1560
20896981,1701.47,1653.48,1704,1460,0.903486,0,2,21869626,21867922,1704
20898441,1749.47,1701.47,1752,1460,0.943394,0,2,21871378,21869626,1752
20899901,1797.47,1749.47,1800,1460,0.947358,0,2,21873178,21871378,1800
20917421,1748.33,1678.56,1752,1460,0.940682,0,2,21892258,21890506,1752
20946621,1487.81,1484.21,1488,1460,0.740124,0,2,21923890,21922402,1488
20948081,1556.39,1487.81,1560,1460,0.758049,0,2,21925450,21923890,1560
20953921,1748.33,1678.56,1752,1460,0.916766,0,2,21932098,21930346,1752
20974361,1747.19,1655.76,1752,1460,0.914759,0,2,21953914,21952162,1752
20983121,1490.95,1547.04,1488,1460,0.740917,0,2,21964114,21962626,1488
20987501,1582.68,1557.55,1584,1460,0.784939,0,2,21968770,21967186,1584
20999181,1212.67,1453.44,1200,1460,0.445338,0,1,21981778,21980578,1200
21013781,1577.93,1462.61,1584,1460,0.74645,0,2,21994810,21993226,1584
21019621,1701.59,1655.71,1704,1460,0.904949,0,2,22001362,21999658,1704
21021081,1749.48,1701.59,1752,1460,0.93198,0,2,22003114,22001362,1752
21022541,1774.67,1749.48,1776,1460,0.942792,0,2,22004890,22003114,1776
21028381,1562.71,1614.18,1560,1460,0.79564,0,2,22011586,22010026,1560
21034221,1702.62,1676.34,1704,1460,0.906592,0,2,22018162,22016458,1704
21063421,1532.28,1461.54,1536,1460,0.736977,0,2,22050202,22048666,1536
21064881,1535.81,1532.28,1536,1460,0.780791,0,2,22051738,22050202,1536
21069261,1679.81,1676.22,1680,1460,0.924291,0,2,22056706,22055026,1680
21076561,1541.17,1639.32,1536,1460,0.746639,0,2,22065274,22063738,1536
21083861,1534.61,1508.29,1536,1460,0.76713,0,2,22072642,22071106,1536
21089701,1702.67,1677.47,1704,1460,0.906631,0,2,22079242,22077538,1704
21117441,1487.7,1481.99,1488,1460,0.762847,0,2,22104874,22103386,1488
21123281,1655.71,1650.16,1656,1460,0.903929,0,2,22111330,22109674,1656
21124741,1769.99,1655.71,1776,1460,0.943572,0,2,22113106,22111330,1776
21137881,1584.43,1592.52,1584,1460,0.787921,0,2,22128802,22127218,1584
21139341,1561.22,1584.43,1560,1460,0.777169,0,2,22130362,22128802,1560
21145181,1748.33,1678.56,1752,1460,0.917255,0,2,22137010,22135258,1752
21162701,1532.45,1464.95,1536,1460,0.763032,0,2,22154674,22153138,1536
21167081,1678.61,1652.27,1680,1460,0.909234,0,2,22159594,22157914,1680
21168541,1771.13,1678.61,1776,1460,0.933694,0,2,22161370,22159594,1776
21194821,1461.59,1415.76,1464,1460,0.717048,0,2,22185490,22184026,1464
21196281,1532.28,1461.59,1536,1460,0.772819,0,2,22187026,22185490,1536
21202121,1725.53,1678.67,1728,1460,0.936344,0,2,22193698,22191970,1728
21215261,1462.55,1435.08,1464,1460,0.705889,0,2,22207546,22206082,1464
21216721,1509.53,1462.55,1512,1460,0.744355,0,2,22209058,22207546,1512
21222561,1678.79,1655.75,1680,1460,0.924096,0,2,22215610,22213930,1680
21234241,1774.62,1748.41,1776,1460,0.937593,0,2,22229698,22227922,1776
21253221,1797.47,1749.42,1800,1460,0.940989,0,2,22250794,22248994,1800
21266361,1150.55,1123.03,1152,1460,0.43347,0,1,22262146,22260994,1152
21267821,1174.73,1150.55,1176,1460,0.491388,0,1,22263322,22262146,1176
21276581,1461.47,1413.47,1464,1460,0.703325,0,2,22271410,22269946,1464
21278041,1509.47,1461.47,1512,1460,0.75533,0,2,22272922,22271410,1512
21283881,1726.67,1701.41,1728,1460,0.901816,0,2,22279594,22277866,1728
21285341,1727.93,1726.67,1728,1460,0.948727,0,2,22281322,22279594,1728
21302861,1587.96,1663.25,1584,1460,0.784151,0,2,22301554,22299970,1584
21304321,1538.6,1587.96,1536,1460,0.76366,0,2,22303090,22301554,1536
21310161,1724.39,1655.7,1728,1460,0.93419,0,2,22309666,22307938,1728
21320381,1704.86,1721.12,1704,1460,0.936552,0,2,22321858,22320154,1704
21346661,1485.47,1437.41,1488,1460,0.710874,0,2,22346314,22344826,1488
21348121,1510.67,1485.47,1512,1460,0.74635,0,2,22347826,22346314,1512
21349581,1557.53,1510.67,1560,1460,0.79654,0,2,22349386,22347826,1560
21353961,1725.47,1677.41,1728,1460,0.922899,0,2,22354426,22352698,1728
21372941,1631.34,1618.8,1632,1460,0.799348,0,2,22376938,22375306,1632
21378781,1678.62,1652.35,1680,1460,0.911199,0,2,22383418,22381738,1680
21380241,1771.13,1678.62,1776,1460,0.94648,0,2,22385194,22383418,1776
21381701,1798.56,1771.13,1800,1460,0.948592,0,2,22386994,22385194,1800
21387541,1144.84,1464.84,1128,1460,0.43742,0,1,22392850,22391722,1128
21389001,1083.24,1144.84,1080,1460,0.408968,0,1,22393930,22392850,1080
21402141,1463.81,1460.16,1464,1460,0.719986,0,2,22405570,22404106,1464
21403601,1532.39,1463.81,1536,1460,0.761994,0,2,22407106,22405570,1536
21405061,1581.42,1532.39,1584,1460,0.790798,0,2,22408690,22407106,1584
21409441,1723.14,1630.73,1728,1460,0.906691,0,2,22413658,22411930,1728
21422581,1509.42,1460.35,1512,1460,0.757037,0,2,22427986,22426474,1512
21428421,1702.67,1677.47,1704,1460,0.906372,0,2,22434586,22432882,1704
21429881,1749.53,1702.67,1752,1460,0.944549,0,2,22436338,22434586,1752
21440101,1486.68,1461.65,1488,1460,0.767647,0,2,22447546,22446058,1488
21441561,1601.93,1486.68,1608,1460,0.793059,0,2,22449154,22447546,1608
21459081,1746.04,1632.84,1752,1460,0.925086,0,2,22469434,22467682,1752
21504341,1508.39,1439.76,1512,1460,0.741864,0,2,22517770,22516258,1512
21505801,1557.42,1508.39,1560,1460,0.758746,0,2,22519330,22517770,1560
21511641,1748.33,1678.56,1752,1460,0.916784,0,2,22525978,22524226,1752
21520401,950.649,1228.98,936,1460,0.22026,0,1,22535314,22534378,936
21533541,1148.27,1077.48,1152,1460,0.44044,0,1,22543834,22542682,1152
21535001,1197.41,1148.27,1200,1460,0.494176,0,1,22545034,22543834,1200
21543761,1505.93,1390.67,1512,1460,0.71114,0,2,22553170,22551658,1512
21545221,1511.7,1505.93,1512,1460,0.746456,0,2,22554682,22553170,1512
21546681,1557.58,1511.7,1560,1460,0.772582,0,2,22556242,22554682,1560
21552521,1770.1,1658.1,1776,1460,0.933554,0,2,22562962,22561186,1776
21559821,1725.9,1686.05,1728,1460,0.945704,0,2,22571770,22570042,1728
21575881,1464.9,1481.94,1464,1460,0.734535,0,2,22588594,22587130,1464
21581721,1726.5,1697.93,1728,1460,0.92298,0,2,22595170,22593442,1728
21590481,1008.9,1481.94,984,1460,0.27734,0,1,22604818,22603834,984
21591941,802.845,1008.9,792,1460,0.248936,0,1,22605610,22604818,792
21600701,1126.62,1100.33,1128,1460,0.437583,0,1,22611682,22610554,1128
21602161,1196.33,1126.62,1200,1460,0.481033,0,1,22612882,22611682,1200
21612381,1487.82,1484.33,1488,1460,0.728667,0,2,22622482,22620994,1488
21613841,1533.59,1487.82,1536,1460,0.777467,0,2,22624018,22622482,1536
21618221,1701.47,1653.41,1704,1460,0.914958,0,2,22628986,22627282,1704
21619681,1772.27,1701.47,1776,1460,0.947983,0,2,22630762,22628986,1776
21653261,1703.87,1701.47,1704,1460,0.945603,0,2,22668274,22666570,1704
21660561,1517.28,1617.6,1512,1460,0.738102,0,2,22676818,22675306,1512
21667861,1702.62,1676.39,1704,1460,0.918224,0,2,22684906,22683202,1704
21669321,1772.33,1702.62,1776,1460,0.94329,0,2,22686682,22684906,1776
21676621,1203.72,1274.46,1200,1460,0.480798,0,1,22694506,22693306,1200
21678081,1154.59,1203.72,1152,1460,0.474319,0,1,22695658,22694506,1152
21689761,1508.34,1438.73,1512,1460,0.729926,0,2,22706482,22704970,1512
21705821,919.695,1065.9,912,1460,0.224242,0,1,22723906,22722994,912
21707281,798.385,919.695,792,1460,0.203697,0,1,22724698,22723906,792
21716041,1103.82,1100.39,1104,1460,0.445151,0,1,22730770,22729666,1104
21717501,1217.99,1103.82,1224,1460,0.47206,0,1,22731994,22730770,1224
21726261,1530.05,1416.9,1536,1460,0.708442,0,2,22740274,22738738,1536
21729181,1556.51,1490.1,1560,1460,0.784151,0,2,22743322,22741762,1560
21735021,1794.05,1680.95,1800,1460,0.94057,0,2,22750114,22748314,1800
21749621,1486.67,1461.47,1488,1460,0.751181,0,2,22765354,22763866,1488
21751081,1579.13,1486.67,1584,1460,0.786472,0,2,22766938,22765354,1584
21756921,1726.73,1702.62,1728,1460,0.939382,0,2,22773658,22771930,1728
21762761,1520.76,1687.13,1512,1460,0.793824,0,2,22780474,22778962,1512
21765681,1469.84,1580.84,1464,1460,0.742612,0,2,22783522,22782058,1464
21774441,1682.1,1722.04,1680,1460,0.941294,0,2,22793170,22791490,1680
21790501,1581.18,1527.6,1584,1460,0.748602,0,2,22812250,22810666,1584
21799261,1748.38,1679.7,1752,1460,0.929629,0,2,22821946,22820194,1752
21800721,1774.62,1748.38,1776,1460,0.941852,0,2,22823722,22821946,1776
21813861,1508.27,1437.36,1512,1460,0.716352,0,2,22837234,22835722,1512
21815321,1511.81,1508.27,1512,1460,0.772541,0,2,22838746,22837234,1512
21822621,1771.31,1682.16,1776,1460,0.931124,0,2,22847170,22845394,1776
21827001,1638.06,1753.19,1632,1460,0.468792,0,1,22852330,22850698,1632
21841601,1149.46,1101.24,1152,1460,0.405703,0,1,22861714,22860562,1152
21844521,1242.05,1129.07,1248,1460,0.493312,0,1,22864090,22862842,1248
21851821,1483.13,1390.61,1488,1460,0.717803,0,2,22870882,22869394,1488
21853281,1533.36,1483.13,1536,1460,0.737121,0,2,22872418,22870882,1536
21854741,1535.87,1533.36,1536,1460,0.780849,0,2,22873954,22872418,1536
21856201,1604.39,1535.87,1608,1460,0.798339,0,2,22875562,22873954,1608
21860581,1749.36,1699.19,1752,1460,0.941734,0,2,22880626,22878874,1752
21875181,1607.7,1601.93,1608,1460,0.791139,0,2,22896706,22895098,1608
21879561,1727.64,1720.86,1728,1460,0.926393,0,2,22901746,22900018,1728
21892701,1727.76,1723.19,1728,1460,0.940482,0,2,22916890,22915162,1728
21901461,1207.31,1346.11,1200,1460,0.498684,0,1,22926130,22924930,1200
21910221,1508.22,1436.33,1512,1460,0.739428,0,2,22934290,22932778,1512
21911681,1557.41,1508.22,1560,1460,0.781771,0,2,22935850,22934290,1560
21917521,1679.88,1677.53,1680,1460,0.938205,0,2,22942450,22940770,1680
21926281,852.489,1089.78,840,1460,0.248629,0,1,22951522,22950682,840
21936501,1172.33,1102.67,1176,1460,0.461397,0,1,22958674,22957498,1176
21937961,1221.42,1172.33,1224,1460,0.490559,0,1,22959898,22958674,1224
21946721,1487.81,1484.16,1488,1460,0.727787,0,2,22968178,22966690,1488
21948181,1533.59,1487.81,1536,1460,0.777115,0,2,22969714,22968178,1536
21952561,1700.33,1630.61,1704,1460,0.913015,0,2,22974658,22972954,1704
21954021,1772.22,1700.33,1776,1460,0.947206,0,2,22976434,22974658,1776
21967161,1534.62,1508.35,1536,1460,0.767686,0,2,22990906,22989370,1536
21973001,1725.53,1678.61,1728,1460,0.924213,0,2,22997554,22995826,1728
21978841,1495.62,1640.33,1488,1460,0.784988,0,2,23004250,23002762,1488
21984681,1678.73,1654.67,1680,1460,0.912368,0,2,23010802,23009122,1680
22002201,1700.39,1631.7,1704,1460,0.901839,0,2,23030458,23028754,1704
22003661,1749.42,1700.39,1752,1460,0.942736,0,2,23032210,23030458,1752
22009501,1479.72,1778.33,1464,1460,0.758486,0,2,23039074,23037610,1464
22025561,1160.52,1778.34,1128,1460,0.450336,0,1,23057026,23055898,1128
22027021,1038.43,1160.52,1032,1460,0.438134,0,1,23058058,23057026,1032
22040161,1506.11,1394.11,1512,1460,0.72593,0,2,23069866,23068354,1512
22041621,1534.51,1506.11,1536,1460,0.776372,0,2,23071402,23069866,1536
22043081,1604.33,1534.51,1608,1460,0.796549,0,2,23073010,23071402,1608
22047461,1726.56,1699.19,1728,1460,0.948819,0,2,23078050,23076322,1728
22064981,1701.47,1653.42,1704,1460,0.915235,0,2,23097346,23095642,1704
22066441,1772.27,1701.47,1776,1460,0.936094,0,2,23099122,23097346,1776
22083961,1463.76,1459.14,1464,1460,0.732163,0,2,23116642,23115178,1464
22085421,1555.19,1463.76,1560,1460,0.766865,0,2,23118202,23116642,1560
22089801,1724.22,1652.33,1728,1460,0.919079,0,2,23123170,23121442,1728
22091261,1773.41,1724.22,1776,1460,0.937632,0,2,23124946,23123170,1776
22108781,1534.61,1508.28,1536,1460,0.765631,0,2,23143234,23141698,1536
22113161,1701.41,1652.28,1704,1460,0.9262,0,2,23148178,23146474,1704
22121921,1562.94,1618.8,1560,1460,0.798768,0,2,23158594,23157034,1560
22126301,1725.36,1675.15,1728,1460,0.935041,0,2,23163586,23161858,1728
22145281,1725.42,1676.4,1728,1460,0.923151,0,2,23184394,23182666,1728
22154041,1168.39,1479.72,1152,1460,0.417282,0,1,23194234,23193082,1152
22155501,1016.02,1168.39,1008,1460,0.400913,0,1,23195242,23194234,1008
22161341,1130.16,1171.25,1128,1460,0.484071,0,1,23199730,23198602,1128
22170101,1462.62,1436.33,1464,1460,0.741523,0,2,23207866,23206402,1464
22171561,1577.93,1462.62,1584,1460,0.746609,0,2,23209450,23207866,1584
22177401,1768.85,1632.91,1776,1460,0.929433,0,2,23216050,23214274,1776
22190541,1439.76,1435.19,1440,1460,0.725111,0,2,23229610,23228170,1440
22192001,1553.99,1439.76,1560,1460,0.740044,0,2,23231170,23229610,1560
22197841,1745.93,1630.62,1752,1460,0.934929,0,2,23237698,23235946,1752
22206601,1520.76,1687.2,1512,1460,0.795624,0,2,23248162,23246650,1512
22234341,936.729,950.589,936,1460,0.270963,0,1,23278474,23277538,936
22241641,1126.68,1101.58,1128,1460,0.439431,0,1,23283754,23282626,1128
22243101,1196.33,1126.68,1200,1460,0.481772,0,1,23284954,23283754,1200
22244561,1245.42,1196.33,1248,1460,0.498709,0,1,23286202,23284954,1248
22251861,1461.48,1413.53,1464,1460,0.703593,0,2,23293042,23291578,1464
22253321,1509.47,1461.48,1512,1460,0.743437,0,2,23294554,23293042,1512
22254781,1557.47,1509.47,1560,1460,0.783375,0,2,23296114,23294554,1560
22259161,1702.61,1676.27,1704,1460,0.917256,0,2,23301106,23299402,1704
22278141,1508.27,1437.47,1512,1460,0.728396,0,2,23320450,23318938,1512
22283981,1702.72,1678.5,1704,1460,0.906407,0,2,23327026,23325322,1704
22285441,1749.54,1702.72,1752,1460,0.944563,0,2,23328778,23327026,1752
22300041,1727.7,1721.99,1728,1460,0.915638,0,2,23345698,23343970,1728
22310261,1725.5,1677.91,1728,1460,0.927662,0,2,23357890,23356162,1728
22317561,1499.1,1709.99,1488,1460,0.742718,0,2,23366506,23365018,1488
22342381,1486.61,1460.27,1488,1460,0.701544,0,2,23392354,23390866,1488
22343841,1487.93,1486.61,1488,1460,0.778617,0,2,23393842,23392354,1488
22348221,1700.38,1631.64,1704,1460,0.925112,0,2,23398810,23397106,1704
22365741,1462.62,1436.39,1464,1460,0.730635,0,2,23417002,23415538,1464
22367201,1555.13,1462.62,1560,1460,0.790254,0,2,23418562,23417002,1560
22373041,1702.68,1677.59,1704,1460,0.919222,0,2,23425210,23423506,1704
22387641,1533.41,1484.22,1536,1460,0.762269,0,2,23440402,23438866,1536
22389101,1581.47,1533.41,1584,1460,0.778908,0,2,23441986,23440402,1584
22394941,1747.19,1655.82,1752,1460,0.92738,0,2,23448634,23446882,1752
22403701,1726.63,1700.54,1728,1460,0.904741,0,2,23458978,23457250,1728
22412461,945.003,1116.06,936,1460,0.213068,0,1,23468170,23467234,936
22427061,1171.25,1081.02,1176,1460,0.460535,0,1,23477794,23476618,1176
22435821,1484.33,1414.62,1488,1460,0.721013,0,2,23485930,23484442,1488
22437281,1533.42,1484.33,1536,1460,0.774405,0,2,23487466,23485930,1536
22438741,1604.27,1533.42,1608,1460,0.795762,0,2,23489074,23487466,1608
22443121,1701.48,1653.59,1704,1460,0.916129,0,2,23494042,23492338,1704
22444581,1772.27,1701.48,1776,1460,0.924452,0,2,23495818,23494042,1776
22447501,1797.65,1753.01,1800,1460,0.945912,0,2,23499370,23497570,1800
22451881,1201.39,1227.71,1200,1460,0.452458,0,1,23503522,23502322,1200
22465021,1509.35,1459.07,1512,1460,0.740825,0,2,23515162,23513650,1512
22466481,1557.47,1509.35,1560,1460,0.77033,0,2,23516722,23515162,1560
22472321,1725.53,1678.62,1728,1460,0.948281,0,2,23523370,23521642,1728
22491301,1486.62,1460.33,1488,1460,0.725627,0,2,23542618,23541130,1488
22492761,1533.53,1486.62,1536,1460,0.764251,0,2,23544154,23542618,1536
22498601,1724.39,1655.81,1728,1460,0.922205,0,2,23550778,23549050,1728
22529261,1747.19,1655.82,1752,1460,0.927228,0,2,23585338,23583586,1752
22545321,1507.13,1414.67,1512,1460,0.714764,0,2,23601778,23600266,1512
22546781,1511.76,1507.13,1512,1460,0.771906,0,2,23603290,23601778,1512
22551161,1700.33,1630.56,1704,1460,0.900682,0,2,23608234,23606530,1704
22552621,1749.42,1700.33,1752,1460,0.942273,0,2,23609986,23608234,1752
22554081,1797.47,1749.42,1800,1460,0.946909,0,2,23611786,23609986,1800
22570141,1617.66,1801.19,1608,1460,0.748305,0,2,23630938,23629330,1608
22586201,1748.33,1678.62,1752,1460,0.94104,0,2,23647594,23645842,1752
22599341,813.561,1223.21,792,1460,0.211282,0,1,23662042,23661250,792
22603721,932.223,860.454,936,1460,0.277762,0,1,23664634,23663698,936
22612481,1172.34,1102.84,1176,1460,0.474435,0,1,23671066,23669890,1176
22622701,1487.82,1484.33,1488,1460,0.752828,0,2,23680714,23679226,1488
22624161,1579.19,1487.82,1584,1460,0.799131,0,2,23682298,23680714,1584
22628541,1700.39,1631.87,1704,1460,0.914424,0,2,23687266,23685562,1704
22630001,1772.22,1700.39,1776,1460,0.93577,0,2,23689042,23687266,1776
22648981,1727.69,1721.82,1728,1460,0.925613,0,2,23709538,23707810,1728
22657741,1157.16,1255.14,1152,1460,0.459367,0,1,23719162,23718010,1152
22659201,1129.46,1157.16,1128,1460,0.441747,0,1,23720290,23719162,1128
22663581,1198.74,1174.74,1200,1460,0.478272,0,1,23723818,23722618,1200
22670881,1509.36,1459.12,1512,1460,0.716824,0,2,23730730,23729218,1512
22672341,1511.87,1509.36,1512,1460,0.77273,0,2,23732242,23730730,1512
22678181,1768.85,1633.07,1776,1460,0.930102,0,2,23738914,23737138,1776
22685481,1729.38,1755.59,1728,1460,0.903505,0,2,23747818,23746090,1728
22701541,1747.02,1652.37,1752,1460,0.915099,0,2,23766538,23764786,1752
22714681,1703.76,1699.14,1704,1460,0.908846,0,2,23781922,23780218,1704
22716141,1749.59,1703.76,1752,1460,0.945538,0,2,23783674,23781922,1752
22748261,1676.45,1609.01,1680,1460,0.907365,0,2,23819386,23817706,1680
22749721,1771.02,1676.45,1776,1460,0.932946,0,2,23821162,23819386,1776
22755561,1453.44,1708.74,1440,1460,0.721755,0,2,23827882,23826442,1440
22768701,1487.87,1485.36,1488,1460,0.728973,0,2,23840098,23838610,1488
22770161,1533.59,1487.87,1536,1460,0.789589,0,2,23841634,23840098,1536
22774541,1678.73,1654.55,1680,1460,0.910934,0,2,23846602,23844922,1680
22783301,1388.41,1320.18,1392,1460,0.427715,0,1,23856538,23855146,1392
22787681,1124.21,1052.27,1128,1460,0.417374,0,1,23859682,23858554,1128
22789141,1150.61,1124.21,1152,1460,0.44895,0,1,23860834,23859682,1152
22790601,1197.53,1150.61,1200,1460,0.48558,0,1,23862034,23860834,1200
22799361,1486.56,1459.13,1488,1460,0.724249,0,2,23870194,23868706,1488
22800821,1533.53,1486.56,1536,1460,0.7757,0,2,23871730,23870194,1536
22806661,1724.34,1654.73,1728,1460,0.90973,0,2,23878354,23876626,1728
22824181,1726.67,1701.42,1728,1460,0.92622,0,2,23897866,23896138,1728
22835861,1701.48,1653.54,1704,1460,0.928873,0,2,23911258,23909554,1704
22851921,1484.34,1414.75,1488,1460,0.71139,0,2,23928442,23926954,1488
22853381,1510.62,1484.34,1512,1460,0.746556,0,2,23929954,23928442,1512
22857761,1701.35,1651.08,1704,1460,0.91298,0,2,23934874,23933170,1704
22859221,1772.27,1701.35,1776,1460,0.923192,0,2,23936650,23934874,1776
22869441,1725.42,1676.49,1728,1460,0.937518,0,2,23948722,23946994,1728
22870901,1796.27,1725.42,1800,1460,0.945007,0,2,23950522,23948722,1800
22894261,888.653,901.059,888,1460,0.240375,0,1,23975578,23974690,888
22900101,1077.53,1030.56,1080,1460,0.408538,0,1,23979610,23978530,1080
22901561,1171.08,1077.53,1176,1460,0.433415,0,1,23980786,23979610,1176
22903021,1175.75,1171.08,1176,1460,0.479366,0,1,23981962,23980786,1176
22914701,1555.24,1464.9,1560,1460,0.767697,0,2,23993098,23991538,1560
22920541,1726.67,1701.42,1728,1460,0.920133,0,2,23999770,23998042,1728
22927841,1273.32,1298.4,1272,1460,0.401342,0,1,24007690,24006418,1272
22946821,1463.87,1461.47,1464,1460,0.745662,0,2,24023458,24021994,1464
22948281,1577.99,1463.87,1584,1460,0.760265,0,2,24025042,24023458,1584
22954121,1770.05,1656.9,1776,1460,0.920471,0,2,24031714,24029938,1776
22965801,1702.67,1677.42,1704,1460,0.919255,0,2,24045034,24043330,1704
22967261,1772.33,1702.67,1776,1460,0.937702,0,2,24046810,24045034,1776
22993541,1678.14,1642.73,1680,1460,0.741284,0,2,24076666,24074986,1680
22996461,1485.06,1429.11,1488,1460,0.739005,0,2,24079570,24078082,1488
22997921,1533.45,1485.06,1536,1460,0.757602,0,2,24081106,24079570,1536
22999381,1558.67,1533.45,1560,1460,0.789041,0,2,24082666,24081106,1560
23003761,1747.07,1653.48,1752,1460,0.925299,0,2,24087682,24085930,1752
23011061,1521.9,1709.99,1512,1460,0.784147,0,2,24096322,24094810,1512
23025661,1193.35,1522.98,1176,1460,0.413491,0,1,24112738,24111562,1176
23040261,1508.15,1435.03,1512,1460,0.713637,0,2,24125170,24123658,1512
23041721,1511.81,1508.15,1512,1460,0.747455,0,2,24126682,24125170,1512
23043181,1557.59,1511.81,1560,1460,0.796982,0,2,24128242,24126682,1560
23047561,1701.53,1654.61,1704,1460,0.904207,0,2,24133234,24131530,1704
23059241,1726.57,1699.39,1728,1460,0.927944,0,2,24147154,24145426,1728
23073841,1461.47,1413.47,1464,1460,0.716042,0,2,24162226,24160762,1464
23075301,1532.27,1461.47,1536,1460,0.760417,0,2,24163762,24162226,1536
23081141,1748.27,1677.47,1752,1460,0.928059,0,2,24170410,24168658,1752
23097201,1462.61,1436.27,1464,1460,0.717547,0,2,24186874,24185410,1464
23098661,1532.33,1462.61,1536,1460,0.737019,0,2,24188410,24186874,1536
23100121,1535.82,1532.33,1536,1460,0.792808,0,2,24189946,24188410,1536
23104501,1748.27,1677.36,1752,1460,0.91546,0,2,24195010,24193258,1752
23105961,1751.81,1748.27,1752,1460,0.948184,0,2,24196762,24195010,1752
23111801,1476.24,1708.79,1464,1460,0.763714,0,2,24203530,24202066,1464
23120561,1604.33,1534.61,1608,1460,0.785722,0,2,24212554,24210946,1608
23124941,1678.62,1652.45,1680,1460,0.934686,0,2,24217474,24215794,1680
23132241,1179.73,1706.58,1152,1460,0.425818,0,1,24225730,24224578,1152
23135161,938.889,993.786,936,1460,0.290131,0,1,24227650,24226714,936
23141001,1124.33,1054.62,1128,1460,0.422099,0,1,24231826,24230698,1128
23142461,1173.42,1124.33,1176,1460,0.46284,0,1,24233002,24231826,1176
23143921,1221.47,1173.42,1224,1460,0.479136,0,1,24234226,24233002,1224
23152681,1485.42,1436.33,1488,1460,0.722548,0,2,24242386,24240898,1488
23154141,1533.47,1485.42,1536,1460,0.751019,0,2,24243922,24242386,1536
23155601,1558.67,1533.47,1560,1460,0.798408,0,2,24245482,24243922,1560
23158521,1700.22,1628.33,1704,1460,0.911345,0,2,24248818,24247114,1704
23159981,1772.21,1700.22,1776,1460,0.934538,0,2,24250594,24248818,1776
23174581,1726.73,1702.61,1728,1460,0.939833,0,2,24267442,24265714,1728
23186261,1745.93,1630.68,1752,1460,0.900358,0,2,24280930,24279178,1752
23195021,1677.56,1631.28,1680,1460,0.902131,0,2,24291154,24289474,1680
23196481,1748.28,1677.56,1752,1460,0.930852,0,2,24292906,24291154,1752
23203781,1775.04,1756.73,1776,1460,0.901074,0,2,24301882,24300106,1776
23212541,1801.02,1820.39,1800,1460,0.92555,0,2,24312346,24310546,1800
23214001,1708.85,1801.02,1704,1460,0.71222,0,2,24314050,24312346,1704
23225681,1461.53,1414.62,1464,1460,0.704538,0,2,24324778,24323314,1464
23227141,1509.48,1461.53,1512,1460,0.755815,0,2,24326290,24324778,1512
23228601,1580.27,1509.48,1584,1460,0.788326,0,2,24327874,24326290,1584
23231521,1676.33,1606.61,1680,1460,0.904932,0,2,24331162,24329482,1680
23232981,1771.02,1676.33,1776,1460,0.931973,0,2,24332938,24331162,1776
23251961,1507.25,1416.9,1512,1460,0.7157,0,2,24351730,24350218,1512
23253421,1511.76,1507.25,1512,1460,0.78428,0,2,24353242,24351730,1512
23254881,1625.99,1511.76,1632,1460,0.787712,0,2,24354874,24353242,1632
23259261,1727.65,1720.9,1728,1460,0.938174,0,2,24359914,24358186,1728
23266561,882.363,1231.25,864,1460,0.243165,0,1,24367450,24366586,864
23272401,862.683,837.668,864,1460,0.223137,0,1,24370762,24369898,864
23273861,932.334,862.683,936,1460,0.239255,0,1,24371698,24370762,936
23275321,935.817,932.334,936,1460,0.293702,0,1,24372634,24371698,936
23281161,1148.34,1078.73,1152,1460,0.429679,0,1,24376954,24375802,1152
23282621,1174.62,1148.34,1176,1460,0.477872,0,1,24378130,24376954,1176
23291381,1507.19,1415.87,1512,1460,0.703389,0,2,24386410,24384898,1512
23298681,1700.4,1631.98,1704,1460,0.927104,0,2,24394498,24392794,1704
23307441,1152.54,1162.8,1152,1460,0.463877,0,1,24404050,24402898,1152
23319121,1486.56,1459.19,1488,1460,0.737004,0,2,24414682,24413194,1488
23320581,1556.33,1486.56,1560,1460,0.768802,0,2,24416242,24414682,1560
23322041,1582.62,1556.33,1584,1460,0.793521,0,2,24417826,24416242,1584
23326421,1726.56,1699.14,1728,1460,0.936625,0,2,24422866,24421138,1728
23333721,1578.84,1480.86,1584,1460,0.708039,0,2,24431338,24429754,1584
23341021,1603.19,1511.88,1608,1460,0.796361,0,2,24438850,24437242,1608
23343941,1721.99,1607.76,1728,1460,0.915818,0,2,24442186,24440458,1728
23345401,1773.3,1721.99,1776,1460,0.948327,0,2,24443962,24442186,1776
23365841,1723.13,1630.56,1728,1460,0.905551,0,2,24465562,24463834,1728
23373141,1534.38,1503.59,1536,1460,0.795734,0,2,24473938,24472402,1536
23377521,1701.47,1653.42,1704,1460,0.904127,0,2,24478906,24477202,1704
23378981,1749.47,1701.47,1752,1460,0.943651,0,2,24480658,24478906,1752
23395041,1509.36,1459.13,1512,1460,0.717511,0,2,24497122,24495610,1512
23396501,1511.87,1509.36,1512,1460,0.749005,0,2,24498634,24497122,1512
23397961,1557.59,1511.87,1560,1460,0.797602,0,2,24500194,24498634,1560
23402341,1748.27,1677.41,1752,1460,0.915767,0,2,24505258,24503506,1752
23419861,1175.82,1172.34,1176,1460,0.493471,0,1,24521170,24519994,1176
23427161,1484.27,1413.47,1488,1460,0.720032,0,2,24528034,24526546,1488
23428621,1533.41,1484.27,1536,1460,0.750013,0,2,24529570,24528034,1536
23430081,1558.67,1533.41,1560,1460,0.774005,0,2,24531130,24529570,1560
23434461,1655.82,1652.34,1656,1460,0.905136,0,2,24536026,24534370,1656
23435921,1769.99,1655.82,1776,1460,0.944055,0,2,24537802,24536026,1776
23446141,1112.08,1265.57,1104,1460,0.450172,0,1,24548146,24547042,1104
23454901,1437.42,1388.33,1440,1460,0.706593,0,2,24556018,24554578,1440
23456361,1531.07,1437.42,1536,1460,0.708637,0,2,24557554,24556018,1536
23463661,1748.33,1678.67,1752,1460,0.941058,0,2,24565738,24563986,1752
23470961,1114.81,1776.12,1080,1460,0.486708,0,1,24573994,24572914,1080
23473881,1082.37,1127.34,1080,1460,0.400673,0,1,24576202,24575122,1080
23488481,1507.3,1418.1,1512,1460,0.728742,0,2,24589138,24587626,1512
23489941,1534.57,1507.3,1536,1460,0.789497,0,2,24590674,24589138,1536
23495781,1683.36,1747.13,1680,1460,0.944931,0,2,24597394,24595714,1680
23501621,1686.06,1801.18,1680,1460,0.92299,0,2,24604522,24602842,1680
23524981,1463.81,1460.27,1464,1460,0.732973,0,2,24629554,24628090,1464
23526441,1555.19,1463.81,1560,1460,0.767189,0,2,24631114,24629554,1560
23532281,1703.81,1700.28,1704,1460,0.932552,0,2,24637738,24636034,1704
23549801,1217.93,1102.62,1224,1460,0.459301,0,1,24653578,24652354,1224
23560021,1463.88,1461.58,1464,1460,0.746267,0,2,24663130,24661666,1464
23561481,1577.99,1463.88,1584,1460,0.772507,0,2,24664714,24663130,1584
23567321,1746.05,1633.02,1752,1460,0.925296,0,2,24671338,24669586,1752
23574621,1235.02,1444.37,1224,1460,0.456326,0,1,24679114,24677890,1224
23576081,1087.75,1235.02,1080,1460,0.428531,0,1,24680194,24679114,1080
23589221,1508.28,1437.54,1512,1460,0.752817,0,2,24692074,24690562,1512
23590681,1580.21,1508.28,1584,1460,0.787127,0,2,24693658,24692074,1584
23595061,1703.76,1699.13,1704,1460,0.919416,0,2,24698674,24696970,1704
23596521,1772.39,1703.76,1776,1460,0.937766,0,2,24700450,24698674,1776
23602361,1567.44,1708.74,1560,1460,0.782647,0,2,24707290,24705730,1560
23603821,1537.57,1567.44,1536,1460,0.751059,0,2,24708826,24707290,1536
23628641,1197.36,1147.13,1200,1460,0.469938,0,1,24732730,24731530,1200
23630101,1222.67,1197.36,1224,1460,0.493975,0,1,24733954,24732730,1224
23638861,1507.19,1415.82,1512,1460,0.739148,0,2,24742210,24740698,1512
23640321,1557.36,1507.19,1560,1460,0.781659,0,2,24743770,24742210,1560
23644701,1701.47,1653.47,1704,1460,0.915226,0,2,24748738,24747034,1704
23646161,1772.27,1701.47,1776,1460,0.93609,0,2,24750514,24748738,1776
23672441,1632.42,1640.45,1632,1460,0.732059,0,2,24779674,24778042,1632
23673901,1426.82,1632.42,1416,1460,0.730824,0,2,24781090,24779674,1416
23682661,1724.33,1654.67,1728,1460,0.945608,0,2,24790738,24789010,1728
23691421,1248.91,1266.25,1248,1460,0.460735,0,1,24800170,24798922,1248
23692881,1111.25,1248.91,1104,1460,0.442294,0,1,24801274,24800170,1104
23703101,1461.35,1411.02,1464,1460,0.700735,0,2,24810322,24808858,1464
23704561,1509.47,1461.35,1512,1460,0.706294,0,2,24811834,24810322,1512
23707481,1602.05,1489.07,1608,1460,0.793407,0,2,24814930,24813322,1608
23711861,1702.62,1676.39,1704,1460,0.917898,0,2,24819922,24818218,1704
23743981,1462.73,1438.62,1464,1460,0.719433,0,2,24847042,24845578,1464
23745441,1532.34,1462.73,1536,1460,0.761773,0,2,24848578,24847042,1536
23751281,1726.67,1701.41,1728,1460,0.925981,0,2,24855250,24853522,1728
23758581,1210.62,1412.45,1200,1460,0.482522,0,1,24863242,24862042,1200
23760041,1132.13,1210.62,1128,1460,0.451009,0,1,24864370,24863242,1128
23773181,1508.33,1438.67,1512,1460,0.741296,0,2,24876226,24874714,1512
23774641,1557.42,1508.33,1560,1460,0.770519,0,2,24877786,24876226,1560
23779021,1723.08,1629.53,1728,1460,0.917393,0,2,24882730,24881002,1728
23780481,1773.35,1723.08,1776,1460,0.936957,0,2,24884506,24882730,1776
23818441,1747.25,1657.02,1752,1460,0.928281,0,2,24926050,24924298,1752
23835961,1130.16,1171.13,1128,1460,0.482594,0,1,24942010,24940882,1128
23844721,1485.42,1436.44,1488,1460,0.735054,0,2,24950242,24948754,1488
23847641,1514.21,1556.27,1512,1460,0.790809,0,2,24953314,24951802,1512
23860781,1560.72,1574.4,1560,1460,0.723851,0,2,24968698,24967138,1560
23868081,1509.54,1462.8,1512,1460,0.734871,0,2,24975994,24974482,1512
23869541,1534.68,1509.54,1536,1460,0.779949,0,2,24977530,24975994,1536
23875381,1725.53,1678.67,1728,1460,0.924527,0,2,24984202,24982474,1728
23900201,1508.27,1437.42,1512,1460,0.717285,0,2,25011586,25010074,1512
23901661,1511.81,1508.27,1512,1460,0.772914,0,2,25013098,25011586,1512
23903121,1603.19,1511.81,1608,1460,0.783166,0,2,25014706,25013098,1608
