#Ack,ack_ewma(ms),send_ewma(ms),rtt_ratio,cwnd (Bytes),Last Router Ocupation Ack Arriaval(Packets),Last Router Ocupation Packet Sent(Packets),Network Situation,AckArrival(ms),TSInsideAck(ms),RTTAck(ms)
404361,4514.55,4523.31,84,32119,0.01,0,1,77586,77502,84
407281,3953.23,3960.9,84,35039,0.01,0,1,77610,77526,84
410201,3462.08,3468.79,84,37959,0.01,0,1,77634,77550,84
413121,3032.32,3038.19,84,40879,0.03,0,1,77658,77574,84
416041,2656.28,2661.41,84,40149,0.05,0,1,77682,77598,84
418961,2327.24,2330.99,90,38933,0.05,0,1,77706,77616,90
421881,2039.34,2041.86,96,37959,0.07,0,1,77730,77634,96
424801,1787.42,1788.88,102,37229,0.09,0,1,77754,77652,102
427721,1566.99,1567.52,108,36743,0.09,0,1,77778,77670,108
430641,1374.12,1373.83,114,36499,0.11,0,1,77802,77688,114
433561,1205.35,1204.35,120,36499,0.13,0,1,77826,77706,120
436481,1057.68,1056.06,126,36499,0.13,0,1,77850,77724,126
439401,928.474,926.301,132,36499,0.15,0,1,77874,77742,132
442321,815.415,812.763,138,36499,0.17,0,1,77898,77760,138
445241,716.488,713.418,144,36499,0.17,0,1,77922,77778,144
448161,629.927,626.491,150,36499,0.19,0,1,77946,77796,150
451081,554.186,550.429,156,33579,0.19,0,1,77970,77814,156
454001,487.913,483.876,162,33579,0.19,0,1,77994,77832,162
456921,429.924,425.641,168,33579,0.17,0,1,78018,77850,168
459841,379.183,374.686,174,33579,0.17,0,1,78042,77868,174
462761,334.785,330.1,180,33579,0.15,0,1,78066,77886,180
465681,295.937,291.088,186,33579,0.15,0,1,78090,77904,186
468601,261.945,256.952,192,33579,0.15,0,1,78114,77922,192
471521,232.202,227.083,198,33579,0.15,0,1,78138,77940,198
474441,206.177,201.822,197,33579,0.15,0,1,78162,77965,197
477361,183.405,180.595,189,33579,0.15,0,1,78186,77997,189
480281,163.479,162.02,181,33579,0.15,0,1,78210,78029,181
483201,146.044,145.768,173,33579,0.15,0,1,78234,78061,173
486121,130.789,131.047,169,33579,0.15,0,1,78258,78089,169
489041,117.44,117.666,169,33579,0.15,0,1,78282,78113,169
491961,105.76,105.958,169,33579,0.15,0,1,78306,78137,169
494881,95.54,95.713,169,33579,0.15,0,1,78330,78161,169
497801,86.5975,86.7489,169,33579,0.15,0,1,78354,78185,169
500721,78.7728,78.9053,169,33579,0.15,0,1,78378,78209,169
503641,71.9262,72.0421,169,33579,0.15,0,1,78402,78233,169
506561,65.9355,66.0368,169,33579,0.15,0,1,78426,78257,169
509481,60.6935,60.7822,169,33579,0.15,0,1,78450,78281,169
512401,56.1068,56.1845,169,33579,0.15,0,1,78474,78305,169
515321,52.0935,52.1614,169,33579,0.15,0,1,78498,78329,169
518241,48.5818,48.6412,169,33579,0.15,0,1,78522,78353,169
521161,45.5091,45.5611,169,33579,0.15,0,1,78546,78377,169
524081,42.8204,42.8659,169,33579,0.15,0,1,78570,78401,169
527001,40.4679,40.5077,169,33579,0.15,0,1,78594,78425,169
529921,38.4094,38.4442,169,33579,0.15,0,1,78618,78449,169
532841,36.6082,36.6387,169,33579,0.15,0,1,78642,78473,169
535761,35.0322,35.0589,169,33579,0.15,0,1,78666,78497,169
538681,33.6532,33.6765,169,33579,0.15,0,1,78690,78521,169
541601,32.4465,32.4669,169,33579,0.15,0,1,78714,78545,169
544521,31.3907,31.4086,169,33579,0.15,0,1,78738,78569,169
547441,30.4669,30.4825,169,33579,0.15,0,1,78762,78593,169
550361,29.6585,29.6722,169,33579,0.15,0,1,78786,78617,169
553281,28.9512,28.9632,169,36499,0.15,0,1,78810,78641,169
556201,28.3323,28.3428,169,36499,0.15,0,1,78834,78665,169
559121,27.7908,27.7999,169,36499,0.17,0,1,78858,78689,169
562041,27.3169,27.3249,169,36499,0.19,0,1,78882,78713,169
564961,26.9023,26.9093,169,36499,0.19,0,1,78906,78737,169
567881,26.5395,26.5457,169,33579,0.21,0,1,78930,78761,169
570801,26.2221,26.2274,169,33579,0.19,0,1,78954,78785,169
573721,25.9443,25.574,172,33579,0.19,0,1,78978,78806,172
576641,25.7013,24.6273,178,33579,0.17,0,1,79002,78824,178
579561,25.4886,23.7989,184,33579,0.17,0,1,79026,78842,184
582481,25.3025,23.074,190,33579,0.15,0,1,79050,78860,190
585401,25.1397,22.4397,196,33579,0.15,0,1,79074,78878,196
588321,24.9973,21.8848,202,33579,0.15,0,1,79098,78896,202
591241,24.8726,21.3992,208,33579,0.15,0,1,79122,78914,208
594161,24.7635,22.7243,200,33579,0.15,0,1,79146,78946,200
597081,24.6681,23.8837,192,33579,0.15,0,1,79170,78978,192
600001,24.5846,24.8983,184,33579,0.15,0,1,79194,79010,184
602921,24.5115,25.786,176,33579,0.15,0,1,79218,79042,176
605841,24.4476,25.5627,176,33579,0.15,0,1,79242,79066,176
608761,24.3916,25.3674,176,33579,0.15,0,1,79266,79090,176
611681,24.3427,25.1965,176,33579,0.15,0,1,79290,79114,176
614601,24.2998,25.0469,176,33579,0.15,0,1,79314,79138,176
617521,24.2624,24.9161,176,33579,0.15,0,1,79338,79162,176
620441,24.2296,24.8015,176,33579,0.15,0,1,79362,79186,176
623361,24.2009,24.7014,176,33579,0.15,0,1,79386,79210,176
626281,24.1758,24.6137,176,33579,0.15,0,1,79410,79234,176
629201,24.1538,24.537,176,33579,0.15,0,1,79434,79258,176
632121,24.1346,24.4699,176,33579,0.15,0,1,79458,79282,176
635041,24.1177,24.4111,176,33579,0.15,0,1,79482,79306,176
637961,24.103,24.3597,176,33579,0.15,0,1,79506,79330,176
640881,24.0901,24.3148,176,33579,0.15,0,1,79530,79354,176
643801,24.0789,24.2754,176,33579,0.15,0,1,79554,79378,176
646721,24.069,24.241,176,33579,0.15,0,1,79578,79402,176
649641,24.0604,24.2109,176,33579,0.15,0,1,79602,79426,176
652561,24.0528,24.1845,176,33579,0.15,0,1,79626,79450,176
655481,24.0462,24.1614,176,33579,0.15,0,1,79650,79474,176
658401,24.0405,24.1413,176,33579,0.15,0,1,79674,79498,176
661321,24.0354,24.1236,176,33579,0.15,0,1,79698,79522,176
664241,24.031,24.1082,176,33579,0.15,0,1,79722,79546,176
667161,24.0271,24.0946,176,33579,0.15,0,1,79746,79570,176
670081,24.0237,24.0828,176,36499,0.17,0,1,79770,79594,176
673001,24.0208,24.0725,176,36499,0.17,0,1,79794,79618,176
675921,24.0182,24.0634,176,36499,0.19,0,1,79818,79642,176
678841,24.0159,24.0555,176,36499,0.21,0,1,79842,79666,176
681761,24.0139,24.0485,176,36499,0.21,0,1,79866,79690,176
684681,24.0122,24.0425,176,33579,0.21,0,1,79890,79714,176
687601,24.0106,24.0372,176,33579,0.21,0,1,79914,79738,176
690521,24.0093,23.6575,179,33579,0.19,0,1,79938,79759,179
693441,24.0081,22.9503,185,33579,0.19,0,1,79962,79777,185
696361,24.0071,22.3315,191,33579,0.17,0,1,79986,79795,191
699281,24.0062,21.7901,197,33579,0.17,0,1,80010,79813,197
702201,24.0055,21.3163,203,33579,0.17,0,1,80034,79831,203
705121,24.0048,20.9018,209,33579,0.17,0,1,80058,79849,209
708041,24.0042,20.5391,215,33579,0.17,0,1,80082,79867,215
710961,24.0037,21.9717,207,33579,0.17,0,1,80106,79899,207
713881,24.0032,23.2252,199,33579,0.17,0,1,80130,79931,199
716801,24.0028,24.3221,191,33579,0.17,0,1,80154,79963,191
719721,24.0025,25.2818,183,33579,0.17,0,1,80178,79995,183
722641,24.0021,25.1216,183,33579,0.17,0,1,80202,80019,183
725561,24.0019,24.9814,183,33579,0.17,0,1,80226,80043,183
728481,24.0016,24.8587,183,33579,0.17,0,1,80250,80067,183
731401,24.0014,24.7514,183,33579,0.17,0,1,80274,80091,183
734321,24.0013,24.6575,183,33579,0.17,0,1,80298,80115,183
737241,24.0011,24.5753,183,33579,0.17,0,1,80322,80139,183
740161,24.001,24.5034,183,33579,0.17,0,1,80346,80163,183
743081,24.0008,24.4404,183,33579,0.17,0,1,80370,80187,183
746001,24.0007,24.3854,183,33579,0.17,0,1,80394,80211,183
748921,24.0006,24.3372,183,33579,0.17,0,1,80418,80235,183
751841,24.0006,24.2951,183,33579,0.17,0,1,80442,80259,183
754761,24.0005,24.2582,183,33579,0.17,0,1,80466,80283,183
757681,24.0004,24.2259,183,33579,0.17,0,1,80490,80307,183
760601,24.0004,24.1977,183,33579,0.17,0,1,80514,80331,183
763521,24.0003,24.173,183,33579,0.17,0,1,80538,80355,183
766441,24.0003,24.1513,183,33579,0.17,0,1,80562,80379,183
769361,24.0003,24.1324,183,33579,0.17,0,1,80586,80403,183
772281,24.0002,24.1159,183,33579,0.17,0,1,80610,80427,183
775201,24.0002,24.1014,183,33579,0.17,0,1,80634,80451,183
778121,24.0002,24.0887,183,33579,0.17,0,1,80658,80475,183
781041,24.0001,24.0776,183,33579,0.17,0,1,80682,80499,183
783961,24.0001,24.0679,183,33579,0.17,0,1,80706,80523,183
786881,24.0001,24.0594,183,36499,0.14,0,1,80730,80547,183
789801,24.0001,24.052,183,36499,0.1,0,1,80754,80571,183
792721,24.0001,24.0455,183,36499,0.06,0,1,80778,80595,183
795641,24.0001,24.0398,183,36499,0.02,0,1,80802,80619,183
798561,24.0001,24.0348,183,36499,0,0,1,80826,80643,183
801481,24.0001,24.0305,183,36499,0,0,1,80850,80667,183
803921,23.5001,24.0267,179,36499,0,0,1,80870,80691,179
806841,4034.81,4047.15,84,36499,0.01,0,1,112984,112900,84
809761,3533.46,3544.25,84,39419,0.01,0,1,113008,112924,84
812681,3094.78,3104.22,84,42339,0.01,0,1,113032,112948,84
815601,2710.93,2719.2,84,45259,0.03,0,1,113056,112972,84
818521,2375.06,2382.3,84,44286,0.05,0,1,113080,112996,84
821441,2081.18,2086.76,90,42583,0.05,0,1,113104,113014,90
824361,1824.03,1828.16,96,41123,0.07,0,1,113128,113032,96
827281,1599.03,1601.89,102,40149,0.09,0,1,113152,113050,102
830201,1402.15,1403.91,108,39419,0.09,0,1,113176,113068,108
833121,1229.88,1230.67,114,38933,0.11,0,1,113200,113086,114
836041,1079.15,1079.08,120,38689,0.13,0,1,113224,113104,120
838961,947.253,946.449,126,38689,0.13,0,1,113248,113122,126
841881,831.847,830.393,132,38689,0.15,0,1,113272,113140,132
844801,730.866,728.844,138,38689,0.17,0,1,113296,113158,138
847721,642.508,639.988,144,38689,0.17,0,1,113320,113176,144
850641,565.194,562.24,150,38689,0.19,0,1,113344,113194,150
853561,497.545,494.21,156,38689,0.21,0,1,113368,113212,156
856481,438.352,434.684,162,35769,0.21,0,1,113392,113230,162
859401,386.558,382.598,168,35769,0.2,0,1,113416,113248,168
862321,341.238,337.023,174,35769,0.19,0,1,113440,113266,174
865241,301.583,297.146,180,35769,0.18,0,1,113464,113284,180
868161,266.885,262.252,186,35769,0.17,0,1,113488,113302,186
871081,236.525,231.721,192,35769,0.16,0,1,113512,113320,192
874001,209.959,205.006,198,35769,0.16,0,1,113536,113338,198
876921,186.714,181.63,204,35769,0.16,0,1,113560,113356,204
879841,166.375,161.176,210,35769,0.16,0,1,113584,113374,210
882761,148.578,145.029,202,35769,0.16,0,1,113608,113406,202
885681,133.006,130.901,194,35769,0.16,0,1,113632,113438,194
888601,119.38,118.538,186,35769,0.16,0,1,113656,113470,186
891521,107.458,107.721,178,35769,0.16,0,1,113680,113502,178
894441,97.0254,97.2556,178,35769,0.16,0,1,113704,113526,178
897361,87.8972,88.0987,178,35769,0.16,0,1,113728,113550,178
900281,79.9101,80.0863,178,35769,0.16,0,1,113752,113574,178
903201,72.9213,73.0756,178,35769,0.16,0,1,113776,113598,178
906121,66.8061,66.9411,178,35769,0.16,0,1,113800,113622,178
909041,61.4554,61.5735,178,35769,0.16,0,1,113824,113646,178
911961,56.7735,56.8768,178,35769,0.16,0,1,113848,113670,178
914881,52.6768,52.7672,178,35769,0.16,0,1,113872,113694,178
917801,49.0922,49.1713,178,35769,0.16,0,1,113896,113718,178
920721,45.9557,46.0249,178,35769,0.16,0,1,113920,113742,178
923641,43.2112,43.2718,178,35769,0.16,0,1,113944,113766,178
926561,40.8098,40.8628,178,35769,0.16,0,1,113968,113790,178
929481,38.7086,38.7549,178,35769,0.16,0,1,113992,113814,178
932401,36.87,36.9106,178,35769,0.16,0,1,114016,113838,178
935321,35.2613,35.2968,178,35769,0.16,0,1,114040,113862,178
938241,33.8536,33.8847,178,35769,0.16,0,1,114064,113886,178
941161,32.6219,32.6491,178,35769,0.16,0,1,114088,113910,178
944081,31.5442,31.5679,178,35769,0.16,0,1,114112,113934,178
947001,30.6011,30.622,178,35769,0.16,0,1,114136,113958,178
949921,29.776,29.7942,178,35769,0.16,0,1,114160,113982,178
952841,29.054,29.0699,178,35769,0.16,0,1,114184,114006,178
955761,28.4222,28.4362,178,35769,0.16,0,1,114208,114030,178
958681,27.8695,27.8817,178,38689,0.17,0,1,114232,114054,178
961601,27.3858,27.3965,178,38689,0.17,0,1,114256,114078,178
964521,26.9626,26.9719,178,38689,0.19,0,1,114280,114102,178
967441,26.5922,26.6004,178,38689,0.21,0,1,114304,114126,178
970361,26.2682,26.2754,178,38689,0.21,0,1,114328,114150,178
973281,25.9847,25.9909,178,35769,0.23,0,1,114352,114174,178
976201,25.7366,25.7421,178,35769,0.21,0,1,114376,114198,178
979121,25.5195,25.1493,181,35769,0.21,0,1,114400,114219,181
982041,25.3296,24.2557,187,35769,0.19,0,1,114424,114237,187
984961,25.1634,23.4737,193,35769,0.19,0,1,114448,114255,193
987881,25.018,22.7895,199,35769,0.17,0,1,114472,114273,199
990801,24.8907,22.1908,205,35769,0.17,0,1,114496,114291,205
993721,24.7794,21.6669,211,35769,0.17,0,1,114520,114309,211
996641,24.682,21.2086,217,35769,0.17,0,1,114544,114327,217
999561,24.5967,21.6825,216,35769,0.17,0,1,114568,114352,216
1002481,24.5221,22.9722,208,35769,0.17,0,1,114592,114384,208
1005401,24.4569,24.1007,200,35769,0.17,0,1,114616,114416,200
1008321,24.3997,25.0881,192,35769,0.17,0,1,114640,114448,192
1011241,24.3498,25.4521,188,35769,0.17,0,1,114664,114476,188
1014161,24.3061,25.2706,188,35769,0.17,0,1,114688,114500,188
1017081,24.2678,25.1117,188,35769,0.17,0,1,114712,114524,188
1020001,24.2343,24.9728,188,35769,0.17,0,1,114736,114548,188
1022921,24.205,24.8512,188,35769,0.17,0,1,114760,114572,188
1025841,24.1794,24.7448,188,35769,0.17,0,1,114784,114596,188
1028761,24.157,24.6517,188,35769,0.17,0,1,114808,114620,188
1031681,24.1374,24.5702,188,35769,0.17,0,1,114832,114644,188
1034601,24.1202,24.4989,188,35769,0.17,0,1,114856,114668,188
1037521,24.1052,24.4366,188,35769,0.17,0,1,114880,114692,188
1040441,24.092,24.382,188,35769,0.17,0,1,114904,114716,188
1043361,24.0805,24.3343,188,35769,0.17,0,1,114928,114740,188
1046281,24.0705,24.2925,188,35769,0.17,0,1,114952,114764,188
1049201,24.0616,24.2559,188,35769,0.17,0,1,114976,114788,188
1052121,24.0539,24.2239,188,35769,0.17,0,1,115000,114812,188
1055041,24.0472,24.1959,188,35769,0.17,0,1,115024,114836,188
1057961,24.0413,24.1714,188,35769,0.17,0,1,115048,114860,188
1060881,24.0361,24.15,188,35769,0.17,0,1,115072,114884,188
1063801,24.0316,24.1313,188,35769,0.17,0,1,115096,114908,188
1066721,24.0277,24.1149,188,35769,0.17,0,1,115120,114932,188
1069641,24.0242,24.1005,188,35769,0.17,0,1,115144,114956,188
1072561,24.0212,24.0879,188,35769,0.17,0,1,115168,114980,188
1075481,24.0185,24.0769,188,38689,0.19,0,1,115192,115004,188
1078401,24.0162,24.0673,188,38689,0.19,0,1,115216,115028,188
1081321,24.0142,24.0589,188,38689,0.21,0,1,115240,115052,188
1084241,24.0124,24.0515,188,38689,0.23,0,1,115264,115076,188
1087161,24.0109,24.0451,188,38689,0.23,0,1,115288,115100,188
1090081,24.0095,24.0395,188,35769,0.23,0,1,115312,115124,188
1093001,24.0083,24.0345,188,35769,0.23,0,1,115336,115148,188
1095921,24.0073,24.0302,188,35769,0.21,0,1,115360,115172,188
1098841,24.0064,23.2764,194,35769,0.21,0,1,115384,115190,194
1101761,24.0056,22.6169,200,35769,0.19,0,1,115408,115208,200
1104681,24.0049,22.0398,206,35769,0.19,0,1,115432,115226,206
1107601,24.0043,21.5348,212,35769,0.19,0,1,115456,115244,212
1110521,24.0037,21.093,218,35769,0.19,0,1,115480,115262,218
1113441,24.0033,20.7063,224,35769,0.19,0,1,115504,115280,224
1116361,24.0029,21.243,223,35769,0.19,0,1,115528,115305,223
1119281,24.0025,22.5877,215,35769,0.19,0,1,115552,115337,215
1122201,24.0022,23.7642,207,35769,0.19,0,1,115576,115369,207
1125121,24.0019,24.7937,199,35769,0.19,0,1,115600,115401,199
1128041,24.0017,25.1945,195,35769,0.19,0,1,115624,115429,195
1130961,24.0015,25.0452,195,35769,0.19,0,1,115648,115453,195
1133881,24.0013,24.9145,195,35769,0.19,0,1,115672,115477,195
1136801,24.0011,24.8002,195,35769,0.19,0,1,115696,115501,195
1139721,24.001,24.7002,195,35769,0.19,0,1,115720,115525,195
1142641,24.0009,24.6127,195,35769,0.19,0,1,115744,115549,195
1145561,24.0008,24.5361,195,35769,0.19,0,1,115768,115573,195
1148481,24.0007,24.4691,195,35769,0.19,0,1,115792,115597,195
1151401,24.0006,24.4104,195,35769,0.19,0,1,115816,115621,195
1154321,24.0005,24.3591,195,35769,0.19,0,1,115840,115645,195
1157241,24.0004,24.3142,195,35769,0.19,0,1,115864,115669,195
1160161,24.0004,24.275,195,35769,0.19,0,1,115888,115693,195
1163081,24.0003,24.2406,195,35769,0.19,0,1,115912,115717,195
1166001,24.0003,24.2105,195,35769,0.19,0,1,115936,115741,195
1168921,24.0003,24.1842,195,35769,0.19,0,1,115960,115765,195
1171841,24.0002,24.1612,195,35769,0.19,0,1,115984,115789,195
1174761,24.0002,24.141,195,35769,0.19,0,1,116008,115813,195
1177681,24.0002,24.1234,195,35769,0.19,0,1,116032,115837,195
1180601,24.0002,24.108,195,35769,0.19,0,1,116056,115861,195
1183521,24.0001,24.0945,195,35769,0.19,0,1,116080,115885,195
1186441,24.0001,24.0827,195,35769,0.19,0,1,116104,115909,195
1189361,24.0001,24.0723,195,35769,0.19,0,1,116128,115933,195
1192281,24.0001,24.0633,195,38689,0.19,0,1,116152,115957,195
1195201,24.0001,24.0554,195,38689,0.21,0,1,116176,115981,195
1198121,24.0001,24.0485,195,38689,0.21,0,1,116200,116005,195
1201041,24.0001,24.0424,195,38689,0.23,0,1,116224,116029,195
1203961,24.0001,24.0371,195,38689,0.25,0,1,116248,116053,195
1206881,24,24.0325,195,35769,0.25,0,1,116272,116077,195
1209801,24,24.0284,195,35769,0.24,0,1,116296,116101,195
1212721,24,24.0249,195,35769,0.23,0,1,116320,116125,195
1215641,24,23.6467,198,35769,0.22,0,1,116344,116146,198
1218561,24,22.9409,204,35769,0.21,0,1,116368,116164,204
1221481,24,22.3233,210,35769,0.2,0,1,116392,116182,210
1224401,24,21.7829,216,35769,0.2,0,1,116416,116200,216
1227321,24,21.31,222,35769,0.2,0,1,116440,116218,222
1230241,24,20.8963,228,35769,0.2,0,1,116464,116236,228
1233161,24,20.5342,234,35769,0.2,0,1,116488,116254,234
1236081,24,21.9675,226,35769,0.2,0,1,116512,116286,226
1239001,24,23.2215,218,35769,0.2,0,1,116536,116318,218
1241921,24,24.3188,210,35769,0.2,0,1,116560,116350,210
1244841,24,25.279,202,35769,0.2,0,1,116584,116382,202
1247761,24,25.1191,202,35769,0.2,0,1,116608,116406,202
1250681,24,24.9792,202,35769,0.2,0,1,116632,116430,202
1253601,24,24.8568,202,35769,0.2,0,1,116656,116454,202
1256521,24,24.7497,202,35769,0.2,0,1,116680,116478,202
1259441,24,24.656,202,35769,0.2,0,1,116704,116502,202
1262361,24,24.574,202,35769,0.2,0,1,116728,116526,202
1265281,24,24.5022,202,35769,0.2,0,1,116752,116550,202
1268201,24,24.4395,202,35769,0.2,0,1,116776,116574,202
1271121,24,24.3845,202,35769,0.2,0,1,116800,116598,202
1274041,24,24.3365,202,35769,0.2,0,1,116824,116622,202
1276961,24,24.2944,202,35769,0.2,0,1,116848,116646,202
1279881,24,24.2576,202,35769,0.2,0,1,116872,116670,202
1282801,24,24.2254,202,35769,0.2,0,1,116896,116694,202
1285721,24,24.1972,202,35769,0.2,0,1,116920,116718,202
1288641,24,24.1726,202,35769,0.2,0,1,116944,116742,202
1291561,24,24.151,202,35769,0.2,0,1,116968,116766,202
1294481,24,24.1321,202,35769,0.2,0,1,116992,116790,202
1297401,24,24.1156,202,35769,0.2,0,1,117016,116814,202
1300321,24,24.1012,202,35769,0.18,0,1,117040,116838,202
1303241,24,24.0885,202,35769,0.14,0,1,117064,116862,202
1306161,24,24.0775,202,35769,0.1,0,1,117088,116886,202
1309081,24,24.0678,202,38689,0.06,0,1,117112,116910,202
1312001,24,24.0593,202,38689,0.02,0,1,117136,116934,202
1314921,24,24.0519,202,38689,0,0,1,117160,116958,202
1317841,24,24.0454,202,38689,0,0,1,117184,116982,202
1319761,23,24.0397,194,38689,0,0,1,117200,117006,194
1322681,2828,2842.66,84,38689,0.01,0,1,139663,139579,84
1325601,2477.5,2490.33,84,41609,0.01,0,1,139687,139603,84
1328521,2170.81,2182.04,84,44529,0.01,0,1,139711,139627,84
1331441,1902.46,1912.28,84,47449,0.03,0,1,139735,139651,84
1334361,1667.65,1676.25,84,46963,0.05,0,1,139759,139675,84
1337281,1462.2,1468.97,90,44773,0.05,0,1,139783,139693,90
1340201,1282.42,1287.6,96,43069,0.07,0,1,139807,139711,96
1343121,1125.12,1128.9,102,41853,0.09,0,1,139831,139729,102
1346041,987.479,990.034,108,40879,0.09,0,1,139855,139747,108
1348961,867.044,868.529,114,40149,0.11,0,1,139879,139765,114
1351881,761.664,762.213,120,39663,0.13,0,1,139903,139783,120
1354801,669.456,669.187,126,39419,0.13,0,1,139927,139801,126
1357721,588.774,587.788,132,39419,0.15,0,1,139951,139819,132
1360641,518.177,516.565,138,39419,0.17,0,1,139975,139837,138
1363561,456.405,454.244,144,39419,0.17,0,1,139999,139855,144
1366481,402.354,399.714,150,39419,0.19,0,1,140023,139873,150
1369401,355.06,351.999,156,39419,0.21,0,1,140047,139891,156
1372321,313.678,310.25,162,36499,0.21,0,1,140071,139909,162
1375241,277.468,273.718,168,36499,0.2,0,1,140095,139927,168
1378161,245.784,241.754,174,36499,0.19,0,1,140119,139945,174
1381081,218.061,213.784,180,36499,0.18,0,1,140143,139963,180
1384001,193.804,189.311,186,36499,0.17,0,1,140167,139981,186
1386921,172.578,167.897,192,36499,0.16,0,1,140191,139999,192
1389841,154.006,149.16,198,36499,0.15,0,1,140215,140017,198
1392761,137.755,132.765,204,36499,0.15,0,1,140239,140035,204
1395681,123.536,118.42,210,36499,0.15,0,1,140263,140053,210
1398601,111.094,107.617,202,36499,0.15,0,1,140287,140085,202
1401521,100.207,98.165,194,36499,0.15,0,1,140311,140117,194
1404441,90.6812,89.8943,186,36499,0.15,0,1,140335,140149,186
1407361,82.3461,82.6575,178,36499,0.15,0,1,140359,140181,178
1410281,75.0528,75.8254,174,36499,0.15,0,1,140383,140209,174
1413201,68.6712,69.3472,174,36499,0.15,0,1,140407,140233,174
1416121,63.0873,63.6788,174,36499,0.15,0,1,140431,140257,174
1419041,58.2014,58.7189,174,36499,0.15,0,1,140455,140281,174
1421961,53.9262,54.3791,174,36499,0.15,0,1,140479,140305,174
1424881,50.1854,50.5817,174,36499,0.15,0,1,140503,140329,174
1427801,46.9123,47.259,174,36499,0.15,0,1,140527,140353,174
1430721,44.0482,44.3516,174,36499,0.15,0,1,140551,140377,174
1433641,41.5422,41.8077,174,36499,0.15,0,1,140575,140401,174
1436561,39.3494,39.5817,174,36499,0.15,0,1,140599,140425,174
1439481,37.4307,37.634,174,36499,0.15,0,1,140623,140449,174
1442401,35.7519,35.9297,174,36499,0.15,0,1,140647,140473,174
1445321,34.2829,34.4385,174,36499,0.15,0,1,140671,140497,174
1448241,32.9976,33.1337,174,36499,0.15,0,1,140695,140521,174
1451161,31.8729,31.992,174,36499,0.15,0,1,140719,140545,174
1454081,30.8887,30.993,174,36499,0.15,0,1,140743,140569,174
1457001,30.0277,30.1189,174,36499,0.15,0,1,140767,140593,174
1459921,29.2742,29.354,174,36499,0.15,0,1,140791,140617,174
1462841,28.6149,28.6848,174,36499,0.15,0,1,140815,140641,174
1465761,28.0381,28.0992,174,36499,0.15,0,1,140839,140665,174
1468681,27.5333,27.5868,174,36499,0.15,0,1,140863,140689,174
1471601,27.0916,27.1384,174,36499,0.15,0,1,140887,140713,174
1474521,26.7052,26.7461,174,36499,0.15,0,1,140911,140737,174
1477441,26.367,26.4029,174,36499,0.15,0,1,140935,140761,174
1480361,26.0712,26.1025,174,36499,0.15,0,1,140959,140785,174
1483281,25.8123,25.8397,174,36499,0.15,0,1,140983,140809,174
1486201,25.5857,25.6097,174,36499,0.15,0,1,141007,140833,174
1489121,25.3875,25.4085,174,36499,0.15,0,1,141031,140857,174
1492041,25.2141,25.2324,174,36499,0.15,0,1,141055,140881,174
1494961,25.0623,25.0784,174,39419,0.15,0,1,141079,140905,174
1497881,24.9295,24.9436,174,39419,0.17,0,1,141103,140929,174
1500801,24.8133,24.8256,174,39419,0.19,0,1,141127,140953,174
1503721,24.7117,24.7224,174,39419,0.19,0,1,141151,140977,174
1506641,24.6227,24.6321,174,39419,0.21,0,1,141175,141001,174
1509561,24.5449,24.5531,174,39419,0.23,0,1,141199,141025,174
1512481,24.4768,24.484,174,36499,0.23,0,1,141223,141049,174
1515401,24.4172,24.0485,177,36499,0.22,0,1,141247,141070,177
1518321,24.365,23.2924,183,36499,0.21,0,1,141271,141088,183
1521241,24.3194,22.6309,189,36499,0.2,0,1,141295,141106,189
1524161,24.2795,22.052,195,36499,0.19,0,1,141319,141124,195
1527081,24.2445,21.5455,201,36499,0.18,0,1,141343,141142,201
1530001,24.214,21.1023,207,36499,0.17,0,1,141367,141160,207
1532921,24.1872,20.7145,213,36499,0.17,0,1,141391,141178,213
1535841,24.1638,20.3752,219,36499,0.17,0,1,141415,141196,219
1538761,24.1433,20.9533,218,36499,0.17,0,1,141439,141221,218
1541681,24.1254,22.3341,210,36499,0.17,0,1,141463,141253,210
1544601,24.1097,23.5424,202,36499,0.17,0,1,141487,141285,202
1547521,24.096,24.5996,194,36499,0.17,0,1,141511,141317,194
1550441,24.084,25.5246,186,36499,0.17,0,1,141535,141349,186
1553361,24.0735,25.3341,186,36499,0.17,0,1,141559,141373,186
1556281,24.0643,25.1673,186,36499,0.17,0,1,141583,141397,186
1559201,24.0563,25.0214,186,36499,0.17,0,1,141607,141421,186
1562121,24.0493,24.8937,186,36499,0.17,0,1,141631,141445,186
1565041,24.0431,24.782,186,36499,0.17,0,1,141655,141469,186
1567961,24.0377,24.6842,186,36499,0.17,0,1,141679,141493,186
1570881,24.033,24.5987,186,36499,0.17,0,1,141703,141517,186
1573801,24.0289,24.5239,186,36499,0.17,0,1,141727,141541,186
1576721,24.0253,24.4584,186,36499,0.17,0,1,141751,141565,186
1579641,24.0221,24.4011,186,36499,0.17,0,1,141775,141589,186
1582561,24.0193,24.351,186,36499,0.17,0,1,141799,141613,186
1585481,24.0169,24.3071,186,36499,0.17,0,1,141823,141637,186
1588401,24.0148,24.2687,186,36499,0.17,0,1,141847,141661,186
1591321,24.013,24.2351,186,36499,0.17,0,1,141871,141685,186
1594241,24.0113,24.2057,186,36499,0.17,0,1,141895,141709,186
1597161,24.0099,24.18,186,36499,0.17,0,1,141919,141733,186
1600081,24.0087,24.1575,186,36499,0.17,0,1,141943,141757,186
1603001,24.0076,24.1378,186,36499,0.17,0,1,141967,141781,186
1605921,24.0066,24.1206,186,36499,0.17,0,1,141991,141805,186
1608841,24.0058,24.1055,186,36499,0.17,0,1,142015,141829,186
1611761,24.0051,24.0923,186,36499,0.17,0,1,142039,141853,186
1614681,24.0045,24.0808,186,36499,0.17,0,1,142063,141877,186
1617601,24.0039,24.0707,186,36499,0.17,0,1,142087,141901,186
1620521,24.0034,24.0619,186,36499,0.17,0,1,142111,141925,186
1623441,24.003,24.0541,186,36499,0.17,0,1,142135,141949,186
1626361,24.0026,24.0474,186,36499,0.17,0,1,142159,141973,186
1629281,24.0023,24.0414,186,36499,0.17,0,1,142183,141997,186
1632201,24.002,24.0363,186,36499,0.17,0,1,142207,142021,186
1635121,24.0017,24.0317,186,39419,0.17,0,1,142231,142045,186
1638041,24.0015,24.0278,186,39419,0.19,0,1,142255,142069,186
1640961,24.0013,24.0243,186,39419,0.21,0,1,142279,142093,186
1643881,24.0012,24.0213,186,39419,0.21,0,1,142303,142117,186
1646801,24.001,24.0186,186,39419,0.23,0,1,142327,142141,186
1649721,24.0009,24.0163,186,39419,0.25,0,1,142351,142165,186
1652641,24.0008,24.0142,186,36499,0.25,0,1,142375,142189,186
1655561,24.0007,24.0125,186,36499,0.24,0,1,142399,142213,186
1658481,24.0006,23.2609,192,36499,0.23,0,1,142423,142231,192
1661401,24.0005,22.6033,198,36499,0.22,0,1,142447,142249,198
1664321,24.0005,22.0279,204,36499,0.21,0,1,142471,142267,204
1667241,24.0004,21.5244,210,36499,0.2,0,1,142495,142285,210
1670161,24.0004,21.0838,216,36499,0.19,0,1,142519,142303,216
1673081,24.0003,20.6984,222,36499,0.19,0,1,142543,142321,222
1676001,24.0003,20.3611,228,36499,0.19,0,1,142567,142339,228
1678921,24.0002,20.0659,234,36499,0.19,0,1,142591,142357,234
1681841,24.0002,21.5577,226,36499,0.19,0,1,142615,142389,226
1684761,24.0002,22.863,218,36499,0.19,0,1,142639,142421,218
1687681,24.0002,24.0051,210,36499,0.19,0,1,142663,142453,210
1690601,24.0001,25.0045,202,36499,0.19,0,1,142687,142485,202
1693521,24.0001,25.3789,198,36499,0.19,0,1,142711,142513,198
1696441,24.0001,25.2065,198,36499,0.19,0,1,142735,142537,198
1699361,24.0001,25.0557,198,36499,0.19,0,1,142759,142561,198
1702281,24.0001,24.9238,198,36499,0.19,0,1,142783,142585,198
1705201,24.0001,24.8083,198,36499,0.19,0,1,142807,142609,198
1708121,24.0001,24.7073,198,36499,0.19,0,1,142831,142633,198
1711041,24.0001,24.6188,198,36499,0.19,0,1,142855,142657,198
1713961,24,24.5415,198,36499,0.19,0,1,142879,142681,198
1716881,24,24.4738,198,36499,0.19,0,1,142903,142705,198
1719801,24,24.4146,198,36499,0.19,0,1,142927,142729,198
1722721,24,24.3628,198,36499,0.19,0,1,142951,142753,198
1725641,24,24.3174,198,36499,0.19,0,1,142975,142777,198
1728561,24,24.2777,198,36499,0.19,0,1,142999,142801,198
1731481,24,24.243,198,36499,0.19,0,1,143023,142825,198
1734401,24,24.2126,198,36499,0.19,0,1,143047,142849,198
1737321,24,24.1861,198,36499,0.19,0,1,143071,142873,198
1740241,24,24.1628,198,36499,0.19,0,1,143095,142897,198
1743161,24,24.1425,198,36499,0.19,0,1,143119,142921,198
1746081,24,24.1246,198,36499,0.19,0,1,143143,142945,198
1749001,24,24.1091,198,36499,0.19,0,1,143167,142969,198
1751921,24,24.0954,198,36499,0.19,0,1,143191,142993,198
1754841,24,24.0835,198,36499,0.19,0,1,143215,143017,198
1757761,24,24.0731,198,36499,0.19,0,1,143239,143041,198
1760681,24,24.0639,198,36499,0.19,0,1,143263,143065,198
1763601,24,24.0559,198,36499,0.19,0,1,143287,143089,198
1766521,24,24.0489,198,36499,0.19,0,1,143311,143113,198
1769441,24,24.0428,198,36499,0.19,0,1,143335,143137,198
1772361,24,24.0375,198,36499,0.19,0,1,143359,143161,198
1775281,24,24.0328,198,39419,0.19,0,1,143383,143185,198
1778201,24,24.0287,198,39419,0.21,0,1,143407,143209,198
1781121,24,24.0251,198,39419,0.23,0,1,143431,143233,198
1784041,24,24.022,198,39419,0.23,0,1,143455,143257,198
1786961,24,24.0192,198,39419,0.25,0,1,143479,143281,198
1789881,24,24.0168,198,39419,0.27,0,1,143503,143305,198
1792801,24,24.0147,198,36499,0.27,0,1,143527,143329,198
1795721,24,24.0129,198,36499,0.26,0,1,143551,143353,198
1798641,24,23.6363,201,36499,0.25,0,1,143575,143374,201
1801561,24,22.9317,207,36499,0.24,0,1,143599,143392,207
1804481,24,22.3153,213,36499,0.23,0,1,143623,143410,213
1807401,24,21.7759,219,36499,0.22,0,1,143647,143428,219
1810321,24,21.3039,225,36499,0.21,0,1,143671,143446,225
1813241,24,20.8909,231,36499,0.21,0,1,143695,143464,231
1816161,24,20.5295,237,36499,0.21,0,1,143719,143482,237
1819081,24,20.2133,243,36499,0.21,0,1,143743,143500,243
1822001,24,20.8117,242,36499,0.21,0,1,143767,143525,242
1824921,24,22.2102,234,36499,0.21,0,1,143791,143557,234
1827841,24,23.4339,226,36499,0.21,0,1,143815,143589,226
1830761,24,24.5047,218,36499,0.21,0,1,143839,143621,218
1833681,24,25.4416,210,36499,0.21,0,1,143863,143653,210
1836601,24,25.2614,210,36499,0.18,0,1,143887,143677,210
1839521,24,25.1037,210,36499,0.14,0,1,143911,143701,210
1842441,24,24.9658,210,36499,0.1,0,1,143935,143725,210
1845361,24,24.845,210,36499,0.06,0,1,143959,143749,210
1848281,24,24.7394,210,36499,0.02,0,1,143983,143773,210
1851201,24,24.647,210,36499,0,0,1,144007,143797,210
1854121,24,24.5661,210,36499,0,0,1,144031,143821,210
1856401,23.25,24.4953,204,36499,0,0,1,144049,143845,204
1859321,510.969,527.058,84,36499,0.01,0,1,147974,147890,84
1862241,450.098,464.176,84,36499,0.01,0,1,147998,147914,84
1865161,396.835,409.154,84,36499,0.01,0,1,148022,147938,84
1868081,350.231,361.01,84,36499,0.01,0,1,148046,147962,84
1871001,309.452,318.884,84,36499,0.01,0,1,148070,147986,84
1873921,273.771,282.023,84,36499,0.01,0,1,148094,148010,84
1876841,242.549,249.77,84,36499,0.01,0,1,148118,148034,84
1879761,215.231,221.549,84,36499,0.01,0,1,148142,148058,84
1882681,191.327,196.855,84,36499,0.01,0,1,148166,148082,84
1885601,170.411,175.248,84,36499,0.01,0,1,148190,148106,84
1888521,152.11,156.342,84,35283,0.01,0,1,148214,148130,84
1891441,136.096,139.8,84,34309,0.01,0,1,148238,148154,84
1894361,122.084,125.325,84,33336,0.01,0,1,148262,148178,84
1897281,109.823,112.659,84,32606,0.01,0,1,148286,148202,84
1900201,99.0955,101.577,84,31876,0.01,0,1,148310,148226,84
1903121,89.7086,91.8796,84,31146,0.01,0,1,148334,148250,84
1906041,81.495,83.3946,84,30659,0.01,0,1,148358,148274,84
1908961,74.3081,75.9703,84,33093,0.01,0,1,148382,148298,84
1911881,68.0196,69.474,84,32606,0.01,0,1,148406,148322,84
1914801,62.5171,63.7898,84,32363,0.03,0,1,148430,148346,84
1917721,57.7025,58.816,84,32119,0.05,0,1,148454,148370,84
1920641,53.4897,53.714,90,31876,0.05,0,1,148478,148388,90
1923561,49.8035,49.2498,96,31876,0.07,0,1,148502,148406,96
1926481,46.578,45.3436,102,31876,0.09,0,1,148526,148424,102
1929401,43.7558,41.9256,108,31876,0.09,0,1,148550,148442,108
1932321,41.2863,38.9349,114,31876,0.11,0,1,148574,148460,114
1935241,39.1255,36.3181,120,31876,0.13,0,1,148598,148478,120
1938161,37.2348,34.0283,126,31876,0.13,0,1,148622,148496,126
1941081,35.5805,32.0248,132,31876,0.15,0,1,148646,148514,132
1944001,34.1329,30.2717,138,28956,0.15,0,1,148670,148532,138
1946921,32.8663,28.7377,144,28956,0.15,0,1,148694,148550,144
1949841,31.758,27.3955,150,28956,0.13,0,1,148718,148568,150
1952761,30.7883,26.2211,156,28956,0.13,0,1,148742,148586,156
1955681,29.9397,25.1934,162,28956,0.11,0,1,148766,148604,162
1958601,29.1973,24.2942,168,28956,0.11,0,1,148790,148622,168
1961521,28.5476,23.5075,174,28956,0.11,0,1,148814,148640,174
1964441,27.9792,23.694,173,28956,0.11,0,1,148838,148665,173
1967361,27.4818,24.7323,165,28956,0.11,0,1,148862,148697,165
1970281,27.0465,25.6407,157,28956,0.11,0,1,148886,148729,157
1973201,26.6657,25.9357,153,28956,0.11,0,1,148910,148757,153
1976121,26.3325,25.6937,153,28956,0.11,0,1,148934,148781,153
1979041,26.0409,25.482,153,28956,0.11,0,1,148958,148805,153
1981961,25.7858,25.2967,153,28956,0.11,0,1,148982,148829,153
1984881,25.5626,25.1346,153,28956,0.11,0,1,149006,148853,153
1987801,25.3673,24.9928,153,28956,0.11,0,1,149030,148877,153
1990721,25.1964,24.8687,153,28956,0.11,0,1,149054,148901,153
1993641,25.0468,24.7601,153,28956,0.11,0,1,149078,148925,153
1996561,24.916,24.6651,153,28956,0.11,0,1,149102,148949,153
1999481,24.8015,24.582,153,28956,0.11,0,1,149126,148973,153
2002401,24.7013,24.5092,153,28956,0.11,0,1,149150,148997,153
2005321,24.6136,24.4456,153,28956,0.11,0,1,149174,149021,153
2008241,24.5369,24.3899,153,28956,0.11,0,1,149198,149045,153
2011161,24.4698,24.3411,153,28956,0.11,0,1,149222,149069,153
2014081,24.4111,24.2985,153,28956,0.11,0,1,149246,149093,153
2017001,24.3597,24.2612,153,28956,0.11,0,1,149270,149117,153
2019921,24.3147,24.2285,153,28956,0.11,0,1,149294,149141,153
2022841,24.2754,24.2,153,28956,0.11,0,1,149318,149165,153
2025761,24.241,24.175,153,31876,0.13,0,1,149342,149189,153
2028681,24.2108,24.1531,153,31876,0.13,0,1,149366,149213,153
2031601,24.1845,24.134,153,31876,0.15,0,1,149390,149237,153
2034521,24.1614,24.1172,153,31876,0.17,0,1,149414,149261,153
2037441,24.1413,24.1026,153,28956,0.17,0,1,149438,149285,153
2040361,24.1236,24.0897,153,28956,0.16,0,1,149462,149309,153
2043281,24.1081,23.7035,156,28956,0.15,0,1,149486,149330,156
2046201,24.0946,22.9906,162,28956,0.14,0,1,149510,149348,162
2049121,24.0828,22.3668,168,28956,0.13,0,1,149534,149366,168
2052041,24.0724,21.8209,174,28956,0.13,0,1,149558,149384,174
2054961,24.0634,21.3433,180,28956,0.13,0,1,149582,149402,180
2057881,24.0555,20.9254,186,28956,0.13,0,1,149606,149420,186
2060801,24.0485,22.3097,178,28956,0.1,0,1,149630,149452,178
2063721,24.0425,23.521,170,28956,0.06,0,1,149654,149484,170
2066641,24.0372,24.5809,162,28956,0.02,0,1,149678,149516,162
2069561,24.0325,24.5083,162,28956,0,0,1,149702,149540,162
2072481,24.0285,24.4447,162,28956,0,0,1,149726,149564,162
2074801,23.3999,24.3891,157,28956,0,0,1,149745,149588,157
2077721,372.85,382.84,84,28956,0.01,0,1,152564,152480,84
2080641,329.244,337.985,84,28956,0.01,0,1,152588,152504,84
2083561,291.088,298.737,84,28956,0.01,0,1,152612,152528,84
2086481,257.702,264.395,84,28956,0.01,0,1,152636,152552,84
2089401,228.489,234.346,84,28956,0.01,0,1,152660,152576,84
2092321,202.928,208.052,84,28956,0.01,0,1,152684,152600,84
2095241,180.562,185.046,84,28956,0.01,0,1,152708,152624,84
2098161,160.992,164.915,84,28956,0.01,0,1,152732,152648,84
2101081,143.868,147.301,84,28956,0.01,0,1,152756,152672,84
2104001,128.884,131.888,84,28956,0.01,0,1,152780,152696,84
2106921,115.774,118.402,84,28956,0.01,0,1,152804,152720,84
2109841,104.302,106.602,84,28956,0.01,0,1,152828,152744,84
2112761,94.2644,96.2767,84,28956,0.01,0,1,152852,152768,84
2115681,85.4813,87.2421,84,31876,0.01,0,1,152876,152792,84
2118601,77.7962,79.3368,84,31876,0.01,0,1,152900,152816,84
2121521,71.0716,72.4197,84,31876,0.03,0,1,152924,152840,84
2124441,65.1877,66.3673,84,31876,0.05,0,1,152948,152864,84
2127361,60.0392,60.3213,90,31876,0.05,0,1,152972,152882,90
2130281,55.5343,55.0312,96,31876,0.07,0,1,152996,152900,96
2133201,51.5925,50.4023,102,31876,0.09,0,1,153020,152918,102
2136121,48.1435,46.352,108,31876,0.09,0,1,153044,152936,108
2139041,45.1255,42.808,114,31876,0.11,0,1,153068,152954,114
2141961,42.4848,39.707,120,31876,0.13,0,1,153092,152972,120
2144881,40.1742,36.9936,126,31876,0.13,0,1,153116,152990,126
2147801,38.1525,34.6194,132,31876,0.15,0,1,153140,153008,132
2150721,36.3834,32.542,138,28956,0.15,0,1,153164,153026,138
2153641,34.8355,30.7242,144,28956,0.15,0,1,153188,153044,144
2156561,33.481,29.1337,150,28956,0.13,0,1,153212,153062,150
2159481,32.2959,27.742,156,28956,0.13,0,1,153236,153080,156
2162401,31.2589,26.5242,162,28956,0.11,0,1,153260,153098,162
2165321,30.3516,25.4587,168,28956,0.11,0,1,153284,153116,168
2168241,29.5576,24.5264,174,28956,0.11,0,1,153308,153134,174
2171161,28.8629,24.5856,173,28956,0.11,0,1,153332,153159,173
2174081,28.255,25.5124,165,28956,0.11,0,1,153356,153191,165
2177001,27.7232,26.3233,157,28956,0.11,0,1,153380,153223,157
2179921,27.2578,26.5329,153,28956,0.11,0,1,153404,153251,153
2182841,26.8505,26.2163,153,28956,0.11,0,1,153428,153275,153
2185761,26.4942,25.9393,153,28956,0.11,0,1,153452,153299,153
2188681,26.1825,25.6969,153,28956,0.11,0,1,153476,153323,153
2191601,25.9096,25.4848,153,28956,0.11,0,1,153500,153347,153
2194521,25.6709,25.2992,153,28956,0.11,0,1,153524,153371,153
2197441,25.4621,25.1368,153,28956,0.11,0,1,153548,153395,153
2200361,25.2793,24.9947,153,28956,0.11,0,1,153572,153419,153
2203281,25.1194,24.8703,153,28956,0.11,0,1,153596,153443,153
2206201,24.9795,24.7615,153,28956,0.11,0,1,153620,153467,153
2209121,24.857,24.6663,153,28956,0.11,0,1,153644,153491,153
2212041,24.7499,24.5831,153,28956,0.11,0,1,153668,153515,153
2214961,24.6562,24.5102,153,28956,0.11,0,1,153692,153539,153
2217881,24.5741,24.4464,153,28956,0.11,0,1,153716,153563,153
2220801,24.5024,24.3906,153,28956,0.11,0,1,153740,153587,153
2223721,24.4396,24.3418,153,28956,0.11,0,1,153764,153611,153
2226641,24.3846,24.2991,153,28956,0.11,0,1,153788,153635,153
2229561,24.3366,24.2617,153,28956,0.11,0,1,153812,153659,153
2232481,24.2945,24.229,153,31876,0.13,0,1,153836,153683,153
2235401,24.2577,24.2003,153,31876,0.13,0,1,153860,153707,153
2238321,24.2255,24.1753,153,31876,0.15,0,1,153884,153731,153
2241241,24.1973,24.1534,153,31876,0.17,0,1,153908,153755,153
2244161,24.1726,24.1342,153,28956,0.17,0,1,153932,153779,153
2247081,24.151,24.1174,153,28956,0.16,0,1,153956,153803,153
2250001,24.1322,23.7278,156,28956,0.15,0,1,153980,153824,156
2252921,24.1156,23.0118,162,28956,0.14,0,1,154004,153842,162
2255841,24.1012,22.3853,168,28956,0.13,0,1,154028,153860,168
2258761,24.0885,21.8372,174,28956,0.13,0,1,154052,153878,174
2261681,24.0775,21.3575,180,28956,0.13,0,1,154076,153896,180
2264601,24.0678,20.9378,186,28956,0.13,0,1,154100,153914,186
2267521,24.0593,22.3206,178,28956,0.13,0,1,154124,153946,178
2270441,24.0519,23.5305,170,28956,0.13,0,1,154148,153978,170
2273361,24.0454,24.5892,162,28956,0.13,0,1,154172,154010,162
2276281,24.0397,24.5156,162,28956,0.13,0,1,154196,154034,162
2279201,24.0348,24.4511,162,28956,0.13,0,1,154220,154058,162
2282121,24.0304,24.3947,162,28956,0.13,0,1,154244,154082,162
2285041,24.0266,24.3454,162,28956,0.13,0,1,154268,154106,162
2287961,24.0233,24.3022,162,28956,0.13,0,1,154292,154130,162
2290881,24.0204,24.2644,162,28956,0.13,0,1,154316,154154,162
2293801,24.0178,24.2314,162,28956,0.13,0,1,154340,154178,162
2296721,24.0156,24.2025,162,28956,0.13,0,1,154364,154202,162
2299641,24.0137,24.1771,162,28956,0.13,0,1,154388,154226,162
2302561,24.0119,24.155,162,28956,0.13,0,1,154412,154250,162
2305481,24.0105,24.1356,162,28956,0.13,0,1,154436,154274,162
2308401,24.0091,24.1187,162,28956,0.13,0,1,154460,154298,162
2311321,24.008,24.1038,162,28956,0.13,0,1,154484,154322,162
2314241,24.007,24.0909,162,28956,0.13,0,1,154508,154346,162
2317161,24.0061,24.0795,162,28956,0.13,0,1,154532,154370,162
2320081,24.0054,24.0696,162,28956,0.13,0,1,154556,154394,162
2323001,24.0047,24.0609,162,28956,0.13,0,1,154580,154418,162
2325921,24.0041,24.0533,162,31876,0.13,0,1,154604,154442,162
2328841,24.0036,24.0466,162,31876,0.15,0,1,154628,154466,162
2331761,24.0031,24.0408,162,31876,0.17,0,1,154652,154490,162
2334681,24.0028,24.0357,162,31876,0.17,0,1,154676,154514,162
2337601,24.0024,24.0312,162,28956,0.17,0,1,154700,154538,162
2340521,24.0021,24.0273,162,28956,0.17,0,1,154724,154562,162
2343441,24.0018,24.0239,162,28956,0.15,0,1,154748,154586,162
2346361,24.0016,23.2709,168,28956,0.15,0,1,154772,154604,168
2349281,24.0014,22.6121,174,28956,0.13,0,1,154796,154622,174
2352201,24.0012,22.0355,180,28956,0.13,0,1,154820,154640,180
2355121,24.0011,21.5311,186,28956,0.13,0,1,154844,154658,186
2358041,24.0009,21.0897,192,28956,0.13,0,1,154868,154676,192
2360961,24.0008,22.4535,184,28956,0.13,0,1,154892,154708,184
2363881,24.0007,23.6468,176,28956,0.13,0,1,154916,154740,176
2366801,24.0006,24.691,168,28956,0.13,0,1,154940,154772,168
2369721,24.0006,25.1046,164,28956,0.13,0,1,154964,154800,164
2372641,24.0005,24.9665,164,28956,0.13,0,1,154988,154824,164
2375561,24.0004,24.8457,164,28956,0.13,0,1,155012,154848,164
2378481,24.0004,24.74,164,28956,0.13,0,1,155036,154872,164
2381401,24.0003,24.6475,164,28956,0.13,0,1,155060,154896,164
2384321,24.0003,24.5666,164,28956,0.13,0,1,155084,154920,164
2387241,24.0002,24.4957,164,28956,0.13,0,1,155108,154944,164
2390161,24.0002,24.4338,164,28956,0.13,0,1,155132,154968,164
2393081,24.0002,24.3795,164,28956,0.13,0,1,155156,154992,164
2396001,24.0002,24.3321,164,28956,0.13,0,1,155180,155016,164
2398921,24.0001,24.2906,164,28956,0.13,0,1,155204,155040,164
2401841,24.0001,24.2543,164,28956,0.13,0,1,155228,155064,164
2404761,24.0001,24.2225,164,28956,0.13,0,1,155252,155088,164
2407681,24.0001,24.1947,164,28956,0.13,0,1,155276,155112,164
2410601,24.0001,24.1703,164,28956,0.13,0,1,155300,155136,164
2413521,24.0001,24.149,164,28956,0.13,0,1,155324,155160,164
2416441,24.0001,24.1304,164,28956,0.13,0,1,155348,155184,164
2419361,24.0001,24.1141,164,31876,0.15,0,1,155372,155208,164
2422281,24.0001,24.0998,164,31876,0.15,0,1,155396,155232,164
2425201,24,24.0874,164,31876,0.17,0,1,155420,155256,164
2428121,24,24.0764,164,31876,0.19,0,1,155444,155280,164
2431041,24,24.0669,164,28956,0.19,0,1,155468,155304,164
2433961,24,24.0585,164,28956,0.17,0,1,155492,155328,164
2436881,24,24.0512,164,28956,0.17,0,1,155516,155352,164
2439801,24,23.2948,170,28956,0.15,0,1,155540,155370,170
2442721,24,22.633,176,28956,0.15,0,1,155564,155388,176
2445641,24,22.0538,182,28956,0.15,0,1,155588,155406,182
2448561,24,21.5471,188,28956,0.15,0,1,155612,155424,188
2451481,24,21.1037,194,28956,0.15,0,1,155636,155442,194
2454401,24,21.5908,193,28956,0.15,0,1,155660,155467,193
2457321,24,22.8919,185,28956,0.15,0,1,155684,155499,185
2460241,24,24.0304,177,28956,0.15,0,1,155708,155531,177
2463161,24,24.5266,173,28956,0.15,0,1,155732,155559,173
2466081,24,24.4608,173,28956,0.15,0,1,155756,155583,173
2469001,24,24.4032,173,28956,0.15,0,1,155780,155607,173
2471921,24,24.3528,173,28956,0.15,0,1,155804,155631,173
2474841,24,24.3087,173,28956,0.15,0,1,155828,155655,173
2477761,24,24.2701,173,28956,0.15,0,1,155852,155679,173
2480681,24,24.2363,173,28956,0.15,0,1,155876,155703,173
2483601,24,24.2068,173,28956,0.15,0,1,155900,155727,173
2486521,24,24.181,173,28956,0.15,0,1,155924,155751,173
2489441,24,24.1583,173,28956,0.15,0,1,155948,155775,173
2492361,24,24.1385,173,28956,0.15,0,1,155972,155799,173
2495281,24,24.1212,173,28956,0.15,0,1,155996,155823,173
2498201,24,24.1061,173,28956,0.15,0,1,156020,155847,173
2501121,24,24.0928,173,28956,0.15,0,1,156044,155871,173
2504041,24,24.0812,173,28956,0.15,0,1,156068,155895,173
2506961,24,24.0711,173,28956,0.15,0,1,156092,155919,173
2509881,24,24.0622,173,28956,0.15,0,1,156116,155943,173
2512801,24,24.0544,173,31876,0.15,0,1,156140,155967,173
2515721,24,24.0476,173,31876,0.17,0,1,156164,155991,173
2518641,24,24.0417,173,31876,0.19,0,1,156188,156015,173
2521561,24,24.0364,173,31876,0.19,0,1,156212,156039,173
2524481,24,24.0319,173,28956,0.19,0,1,156236,156063,173
2527401,24,24.0279,173,28956,0.19,0,1,156260,156087,173
2530321,24,24.0244,173,28956,0.17,0,1,156284,156111,173
2533241,24,23.6464,176,28956,0.17,0,1,156308,156132,176
2536161,24,22.9406,182,28956,0.17,0,1,156332,156150,182
2539081,24,22.323,188,28956,0.17,0,1,156356,156168,188
2542001,24,21.7826,194,28956,0.17,0,1,156380,156186,194
2544921,24,21.3098,200,28956,0.17,0,1,156404,156204,200
2547841,24,21.7711,199,28956,0.17,0,1,156428,156229,199
2550761,24,23.0497,191,28956,0.17,0,1,156452,156261,191
2553681,24,24.1685,183,28956,0.17,0,1,156476,156293,183
2556601,24,24.6474,179,28956,0.17,0,1,156500,156321,179
2559521,24,24.5665,179,28956,0.17,0,1,156524,156345,179
2562441,24,24.4957,179,28956,0.17,0,1,156548,156369,179
2565361,24,24.4337,179,28956,0.17,0,1,156572,156393,179
2568281,24,24.3795,179,28956,0.17,0,1,156596,156417,179
2571201,24,24.3321,179,28956,0.17,0,1,156620,156441,179
2574121,24,24.2906,179,28956,0.17,0,1,156644,156465,179
2577041,24,24.2542,179,28956,0.17,0,1,156668,156489,179
2579961,24,24.2225,179,28956,0.17,0,1,156692,156513,179
2582881,24,24.1947,179,28956,0.17,0,1,156716,156537,179
2585801,24,24.1703,179,28956,0.17,0,1,156740,156561,179
2588721,24,24.149,179,28956,0.17,0,1,156764,156585,179
2591641,24,24.1304,179,28956,0.17,0,1,156788,156609,179
2594561,24,24.1141,179,28956,0.17,0,1,156812,156633,179
2597481,24,24.0998,179,28956,0.17,0,1,156836,156657,179
2600401,24,24.0874,179,28956,0.17,0,1,156860,156681,179
2603321,24,24.0764,179,28956,0.17,0,1,156884,156705,179
2606241,24,24.0669,179,31876,0.17,0,1,156908,156729,179
2609161,24,24.0585,179,31876,0.19,0,1,156932,156753,179
2612081,24,24.0512,179,31876,0.19,0,1,156956,156777,179
2615001,24,24.0448,179,31876,0.21,0,1,156980,156801,179
2617921,24,24.0392,179,28956,0.21,0,1,157004,156825,179
2620841,24,24.0343,179,28956,0.21,0,1,157028,156849,179
2623761,24,24.03,179,28956,0.19,0,1,157052,156873,179
2626681,24,23.6513,182,28956,0.19,0,1,157076,156894,182
2629601,24,22.9449,188,28956,0.17,0,1,157100,156912,188
2632521,24,22.3267,194,28956,0.17,0,1,157124,156930,194
2635441,24,21.7859,200,28956,0.17,0,1,157148,156948,200
2638361,24,21.3127,206,28956,0.17,0,1,157172,156966,206
2641281,24,20.8986,212,28956,0.17,0,1,157196,156984,212
2644201,24,22.2863,204,28956,0.17,0,1,157220,157016,204
2647121,24,23.5005,196,28956,0.17,0,1,157244,157048,196
2650041,24,24.5629,188,28956,0.17,0,1,157268,157080,188
2652961,24,24.4926,188,28956,0.17,0,1,157292,157104,188
2655881,24,24.431,188,28956,0.17,0,1,157316,157128,188
2658801,24,24.3771,188,28956,0.17,0,1,157340,157152,188
2661721,24,24.33,188,28956,0.17,0,1,157364,157176,188
2664641,24,24.2887,188,28956,0.17,0,1,157388,157200,188
2667561,24,24.2526,188,28956,0.17,0,1,157412,157224,188
2670481,24,24.2211,188,28956,0.17,0,1,157436,157248,188
2673401,24,24.1934,188,28956,0.17,0,1,157460,157272,188
2676321,24,24.1692,188,28956,0.17,0,1,157484,157296,188
2679241,24,24.1481,188,28956,0.17,0,1,157508,157320,188
2682161,24,24.1296,188,28956,0.17,0,1,157532,157344,188
2685081,24,24.1134,188,28956,0.17,0,1,157556,157368,188
2688001,24,24.0992,188,28956,0.17,0,1,157580,157392,188
2690921,24,24.0868,188,28956,0.17,0,1,157604,157416,188
2693841,24,24.076,188,28956,0.17,0,1,157628,157440,188
2696761,24,24.0665,188,28956,0.17,0,1,157652,157464,188
2699681,24,24.0582,188,31876,0.19,0,1,157676,157488,188
2702601,24,24.0509,188,31876,0.19,0,1,157700,157512,188
2705521,24,24.0445,188,31876,0.21,0,1,157724,157536,188
2708441,24,24.039,188,31876,0.23,0,1,157748,157560,188
2711361,24,24.0341,188,28956,0.23,0,1,157772,157584,188
2714281,24,24.0298,188,28956,0.21,0,1,157796,157608,188
2717201,24,24.0261,188,28956,0.21,0,1,157820,157632,188
2720121,24,24.0228,188,28956,0.19,0,1,157844,157656,188
2723041,24,23.27,194,28956,0.19,0,1,157868,157674,194
2725961,24,22.6112,200,28956,0.19,0,1,157892,157692,200
2728881,24,22.0348,206,28956,0.19,0,1,157916,157710,206
2731801,24,21.5305,212,28956,0.19,0,1,157940,157728,212
2734721,24,21.0892,218,28956,0.19,0,1,157964,157746,218
2737641,24,21.578,217,28956,0.19,0,1,157988,157771,217
2740561,24,22.8808,209,28956,0.19,0,1,158012,157803,209
2743481,24,24.0207,201,28956,0.19,0,1,158036,157835,201
2746401,24,24.5181,197,28956,0.19,0,1,158060,157863,197
2749321,24,24.4533,197,28956,0.19,0,1,158084,157887,197
2752241,24,24.3967,197,28956,0.19,0,1,158108,157911,197
2755161,24,24.3471,197,28956,0.19,0,1,158132,157935,197
2758081,24,24.3037,197,28956,0.19,0,1,158156,157959,197
2761001,24,24.2657,197,28956,0.19,0,1,158180,157983,197
2763921,24,24.2325,197,28956,0.19,0,1,158204,158007,197
2766841,24,24.2035,197,28956,0.19,0,1,158228,158031,197
2769761,24,24.178,197,28956,0.19,0,1,158252,158055,197
2772681,24,24.1558,197,28956,0.19,0,1,158276,158079,197
2775601,24,24.1363,197,28956,0.19,0,1,158300,158103,197
2778521,24,24.1193,197,28956,0.19,0,1,158324,158127,197
2781441,24,24.1044,197,28956,0.19,0,1,158348,158151,197
2784361,24,24.0913,197,28956,0.19,0,1,158372,158175,197
2787281,24,24.0799,197,28956,0.19,0,1,158396,158199,197
2790201,24,24.0699,197,28956,0.19,0,1,158420,158223,197
2793121,24,24.0612,197,31876,0.19,0,1,158444,158247,197
2796041,24,24.0535,197,31876,0.21,0,1,158468,158271,197
2798961,24,24.0468,197,31876,0.23,0,1,158492,158295,197
2801881,24,24.041,197,31876,0.23,0,1,158516,158319,197
2804801,24,24.0359,197,28956,0.23,0,1,158540,158343,197
2807721,24,24.0314,197,28956,0.23,0,1,158564,158367,197
2810641,24,24.0275,197,28956,0.21,0,1,158588,158391,197
2813561,24,24.024,197,28956,0.21,0,1,158612,158415,197
2816481,24,23.646,200,28956,0.21,0,1,158636,158436,200
2819401,24,22.9403,206,28956,0.21,0,1,158660,158454,206
2822321,24,22.3227,212,28956,0.21,0,1,158684,158472,212
2825241,24,21.7824,218,28956,0.21,0,1,158708,158490,218
2828161,24,21.3096,224,28956,0.21,0,1,158732,158508,224
2831081,24,21.7709,223,28956,0.21,0,1,158756,158533,223
2834001,24,23.0495,215,28956,0.21,0,1,158780,158565,215
2836921,24,24.1683,207,28956,0.21,0,1,158804,158597,207
2839841,24,24.6473,203,28956,0.21,0,1,158828,158625,203
2842761,24,24.5664,203,28956,0.21,0,1,158852,158649,203
2845681,24,24.4956,203,28956,0.21,0,1,158876,158673,203
2848601,24,24.4336,203,28956,0.21,0,1,158900,158697,203
2851521,24,24.3794,203,28956,0.21,0,1,158924,158721,203
2854441,24,24.332,203,28956,0.21,0,1,158948,158745,203
2857361,24,24.2905,203,28956,0.21,0,1,158972,158769,203
2860281,24,24.2542,203,28956,0.21,0,1,158996,158793,203
2863201,24,24.2224,203,28956,0.21,0,1,159020,158817,203
2866121,24,24.1946,203,28956,0.21,0,1,159044,158841,203
2869041,24,24.1703,203,28956,0.21,0,1,159068,158865,203
2871961,24,24.149,203,28956,0.21,0,1,159092,158889,203
2874881,24,24.1304,203,28956,0.21,0,1,159116,158913,203
2877801,24,24.1141,203,28956,0.21,0,1,159140,158937,203
2880721,24,24.0998,203,28956,0.21,0,1,159164,158961,203
2883641,24,24.0873,203,28956,0.21,0,1,159188,158985,203
2886561,24,24.0764,203,31876,0.21,0,1,159212,159009,203
2889481,24,24.0669,203,31876,0.23,0,1,159236,159033,203
2892401,24,24.0585,203,31876,0.23,0,1,159260,159057,203
2895321,24,24.0512,203,31876,0.25,0,1,159284,159081,203
2898241,24,24.0448,203,28956,0.25,0,1,159308,159105,203
2901161,24,24.0392,203,28956,0.23,0,1,159332,159129,203
2904081,24,24.0343,203,28956,0.23,0,1,159356,159153,203
2907001,24,24.03,203,28956,0.21,0,1,159380,159177,203
2909921,24,23.6513,206,28956,0.21,0,1,159404,159198,206
2912841,24,22.9449,212,28956,0.21,0,1,159428,159216,212
2915761,24,22.3267,218,28956,0.21,0,1,159452,159234,218
2918681,24,21.7859,224,28956,0.21,0,1,159476,159252,224
2921601,24,21.3127,230,28956,0.21,0,1,159500,159270,230
2924521,24,20.8986,236,28956,0.21,0,1,159524,159288,236
2927441,24,22.7863,224,28956,0.21,0,1,159548,159324,224
2930361,24,23.938,216,28956,0.21,0,1,159572,159356,216
2933281,24,24.9457,208,28956,0.21,0,1,159596,159388,208
2936201,24,24.8275,208,28956,0.21,0,1,159620,159412,208
2939121,24,24.7241,208,28956,0.21,0,1,159644,159436,208
2942041,24,24.6336,208,28956,0.21,0,1,159668,159460,208
2944961,24,24.5544,208,28956,0.21,0,1,159692,159484,208
2947881,24,24.4851,208,28956,0.21,0,1,159716,159508,208
2950801,24,24.4244,208,28956,0.21,0,1,159740,159532,208
2953721,24,24.3714,208,28956,0.21,0,1,159764,159556,208
2956641,24,24.325,208,28956,0.21,0,1,159788,159580,208
2959561,24,24.2843,208,28956,0.21,0,1,159812,159604,208
2962481,24,24.2488,208,28956,0.21,0,1,159836,159628,208
2965401,24,24.2177,208,28956,0.21,0,1,159860,159652,208
2968321,24,24.1905,208,28956,0.21,0,1,159884,159676,208
2971241,24,24.1667,208,28956,0.21,0,1,159908,159700,208
2974161,24,24.1458,208,28956,0.21,0,1,159932,159724,208
2977081,24,24.1276,208,28956,0.21,0,1,159956,159748,208
2980001,24,24.1117,208,31876,0.21,0,1,159980,159772,208
2982921,24,24.0977,208,31876,0.23,0,1,160004,159796,208
2985841,24,24.0855,208,31876,0.23,0,1,160028,159820,208
2988761,24,24.0748,208,31876,0.25,0,1,160052,159844,208
2991681,24,24.0655,208,28956,0.25,0,1,160076,159868,208
2994601,24,24.0573,208,28956,0.23,0,1,160100,159892,208
2997521,24,24.0501,208,28956,0.23,0,1,160124,159916,208
3000441,24,24.0438,208,28956,0.21,0,1,160148,159940,208
3003361,24,24.0384,208,28956,0.21,0,1,160172,159964,208
3006281,24,23.2836,214,28956,0.21,0,1,160196,159982,214
3009201,24,22.6231,220,28956,0.21,0,1,160220,160000,220
3012121,24,22.0452,226,28956,0.21,0,1,160244,160018,226
3015041,24,21.5396,232,28956,0.21,0,1,160268,160036,232
3017961,24,21.0971,238,28956,0.21,0,1,160292,160054,238
3020881,24,23.21,224,28956,0.21,0,1,160316,160092,224
3023801,24,24.3087,216,28956,0.21,0,1,160340,160124,216
3026721,24,25.2701,208,28956,0.21,0,1,160364,160156,208
3029641,24,25.1114,208,28956,0.21,0,1,160388,160180,208
3032561,24,24.9725,208,28956,0.21,0,1,160412,160204,208
3035481,24,24.8509,208,28956,0.21,0,1,160436,160228,208
3038401,24,24.7445,208,28956,0.21,0,1,160460,160252,208
3041321,24,24.6515,208,28956,0.21,0,1,160484,160276,208
3044241,24,24.57,208,28956,0.21,0,1,160508,160300,208
3047161,24,24.4988,208,28956,0.21,0,1,160532,160324,208
3050081,24,24.4364,208,28956,0.21,0,1,160556,160348,208
3053001,24,24.3819,208,28956,0.21,0,1,160580,160372,208
3055921,24,24.3341,208,28956,0.21,0,1,160604,160396,208
3058841,24,24.2924,208,28956,0.21,0,1,160628,160420,208
3061761,24,24.2558,208,28956,0.21,0,1,160652,160444,208
3064681,24,24.2239,208,28956,0.21,0,1,160676,160468,208
3067601,24,24.1959,208,28956,0.21,0,1,160700,160492,208
3070521,24,24.1714,208,28956,0.21,0,1,160724,160516,208
3073441,24,24.15,208,31876,0.21,0,1,160748,160540,208
3076361,24,24.1312,208,31876,0.23,0,1,160772,160564,208
3079281,24,24.1148,208,31876,0.23,0,1,160796,160588,208
3082201,24,24.1005,208,31876,0.25,0,1,160820,160612,208
3085121,24,24.0879,208,28956,0.25,0,1,160844,160636,208
3088041,24,24.0769,208,28956,0.23,0,1,160868,160660,208
3090961,24,24.0673,208,28956,0.23,0,1,160892,160684,208
3093881,24,24.0589,208,28956,0.21,0,1,160916,160708,208
3096801,24,24.0515,208,28956,0.21,0,1,160940,160732,208
3099721,24,23.2951,214,28956,0.21,0,1,160964,160750,214
3102641,24,22.6332,220,28956,0.21,0,1,160988,160768,220
3105561,24,22.0541,226,28956,0.21,0,1,161012,160786,226
3108481,24,21.5473,232,28956,0.21,0,1,161036,160804,232
3111401,24,21.1039,238,28956,0.21,0,1,161060,160822,238
3114321,24,23.2159,224,28956,0.21,0,1,161084,160860,224
3117241,24,24.3139,216,28956,0.21,0,1,161108,160892,216
3120161,24,25.2747,208,28956,0.21,0,1,161132,160924,208
3123081,24,25.1153,208,28956,0.21,0,1,161156,160948,208
3126001,24,24.9759,208,28956,0.21,0,1,161180,160972,208
3128921,24,24.8539,208,28956,0.21,0,1,161204,160996,208
3131841,24,24.7472,208,28956,0.21,0,1,161228,161020,208
3134761,24,24.6538,208,28956,0.21,0,1,161252,161044,208
3137681,24,24.5721,208,28956,0.21,0,1,161276,161068,208
3140601,24,24.5006,208,28956,0.21,0,1,161300,161092,208
3143521,24,24.438,208,28956,0.21,0,1,161324,161116,208
3146441,24,24.3832,208,28956,0.21,0,1,161348,161140,208
3149361,24,24.3353,208,28956,0.21,0,1,161372,161164,208
3152281,24,24.2934,208,28956,0.21,0,1,161396,161188,208
3155201,24,24.2567,208,28956,0.21,0,1,161420,161212,208
3158121,24,24.2246,208,28956,0.21,0,1,161444,161236,208
3161041,24,24.1966,208,28956,0.21,0,1,161468,161260,208
3163961,24,24.172,208,28956,0.21,0,1,161492,161284,208
3166881,24,24.1505,208,31876,0.21,0,1,161516,161308,208
3169801,24,24.1317,208,31876,0.23,0,1,161540,161332,208
3172721,24,24.1152,208,31876,0.23,0,1,161564,161356,208
3175641,24,24.1008,208,31876,0.25,0,1,161588,161380,208
3178561,24,24.0882,208,28956,0.25,0,1,161612,161404,208
3181481,24,24.0772,208,28956,0.23,0,1,161636,161428,208
3184401,24,24.0675,208,28956,0.23,0,1,161660,161452,208
3187321,24,24.0591,208,28956,0.21,0,1,161684,161476,208
3190241,24,24.0517,208,28956,0.21,0,1,161708,161500,208
3193161,24,23.2952,214,28956,0.21,0,1,161732,161518,214
3196081,24,22.6333,220,28956,0.21,0,1,161756,161536,220
3199001,24,22.0542,226,28956,0.21,0,1,161780,161554,226
3201921,24,21.5474,232,28956,0.21,0,1,161804,161572,232
3204841,24,21.104,238,28956,0.21,0,1,161828,161590,238
3207761,24,23.216,224,28956,0.21,0,1,161852,161628,224
3210681,24,24.314,216,28956,0.21,0,1,161876,161660,216
3213601,24,25.2747,208,28956,0.21,0,1,161900,161692,208
3216521,24,25.1154,208,28956,0.21,0,1,161924,161716,208
3219441,24,24.976,208,28956,0.21,0,1,161948,161740,208
3222361,24,24.854,208,28956,0.21,0,1,161972,161764,208
3225281,24,24.7472,208,28956,0.21,0,1,161996,161788,208
3228201,24,24.6538,208,28956,0.21,0,1,162020,161812,208
3231121,24,24.5721,208,28956,0.21,0,1,162044,161836,208
3234041,24,24.5006,208,28956,0.21,0,1,162068,161860,208
3236961,24,24.438,208,28956,0.21,0,1,162092,161884,208
3239881,24,24.3833,208,28956,0.21,0,1,162116,161908,208
3242801,24,24.3354,208,28956,0.21,0,1,162140,161932,208
3245721,24,24.2934,208,28956,0.21,0,1,162164,161956,208
3248641,24,24.2568,208,28956,0.21,0,1,162188,161980,208
3251561,24,24.2247,208,28956,0.21,0,1,162212,162004,208
3254481,24,24.1966,208,28956,0.21,0,1,162236,162028,208
3257401,24,24.172,208,28956,0.21,0,1,162260,162052,208
3260321,24,24.1505,208,31876,0.21,0,1,162284,162076,208
3263241,24,24.1317,208,31876,0.23,0,1,162308,162100,208
3266161,24,24.1152,208,31876,0.23,0,1,162332,162124,208
3269081,24,24.1008,208,31876,0.25,0,1,162356,162148,208
3272001,24,24.0882,208,28956,0.25,0,1,162380,162172,208
3274921,24,24.0772,208,28956,0.23,0,1,162404,162196,208
3277841,24,24.0675,208,28956,0.23,0,1,162428,162220,208
3280761,24,24.0591,208,28956,0.21,0,1,162452,162244,208
3283681,24,24.0517,208,28956,0.21,0,1,162476,162268,208
3286601,24,23.2953,214,28956,0.18,0,1,162500,162286,214
3289521,24,22.6333,220,28956,0.14,0,1,162524,162304,220
3292441,24,22.0542,226,28956,0.1,0,1,162548,162322,226
3295361,24,21.5474,232,28956,0.06,0,1,162572,162340,232
3298281,24,21.104,238,28956,0.02,0,1,162596,162358,238
3301201,24,23.216,224,28956,0,0,1,162620,162396,224
3304121,24,24.314,216,28956,0,0,1,162644,162428,216
3306161,23.125,25.2747,201,28956,0,0,1,162661,162460,201
3309081,378.359,394.865,84,28956,0.01,0,1,165526,165442,84
3312001,334.064,348.507,84,31876,0.01,0,1,165550,165466,84
3314921,295.306,307.944,84,34796,0.01,0,1,165574,165490,84
3317841,261.393,272.451,84,37716,0.01,0,1,165598,165514,84
3320761,231.719,241.394,84,40636,0.01,0,1,165622,165538,84
3323681,205.754,214.22,84,43313,0.01,0,1,165646,165562,84
3326601,183.035,190.443,84,41366,0.01,0,1,165670,165586,84
3329521,163.155,169.637,84,39663,0.01,0,1,165694,165610,84
3332441,145.761,151.433,84,37959,0.01,0,1,165718,165634,84
3335361,130.541,135.504,84,36499,0.01,0,1,165742,165658,84
3338281,117.223,121.566,84,35283,0.01,0,1,165766,165682,84
3341201,105.57,109.37,84,34309,0.01,0,1,165790,165706,84
3344121,95.3741,98.6987,84,33336,0.01,0,1,165814,165730,84
3347041,86.4523,89.3613,84,32606,0.01,0,1,165838,165754,84
3349961,78.6458,81.1912,84,31876,0.01,0,1,165862,165778,84
3352881,71.8151,74.0423,84,31146,0.01,0,1,165886,165802,84
3355801,65.8382,67.787,84,30659,0.01,0,1,165910,165826,84
3358721,60.6084,62.3136,84,33093,0.01,0,1,165934,165850,84
3361641,56.0324,57.5244,84,32606,0.01,0,1,165958,165874,84
3364561,52.0283,53.3339,84,32363,0.03,0,1,165982,165898,84
3367481,48.5248,49.6671,84,32119,0.05,0,1,166006,165922,84
3370401,45.4592,45.7087,90,31876,0.05,0,1,166030,165940,90
3373321,42.7768,42.2451,96,31876,0.07,0,1,166054,165958,96
3376241,40.4297,39.2145,102,31876,0.09,0,1,166078,165976,102
3379161,38.376,36.5627,108,31876,0.09,0,1,166102,165994,108
3382081,36.579,34.2424,114,31876,0.11,0,1,166126,166012,114
3385001,35.0066,32.2121,120,31876,0.13,0,1,166150,166030,120
3387921,33.6308,30.4356,126,31876,0.13,0,1,166174,166048,126
3390841,32.4269,28.8811,132,31876,0.15,0,1,166198,166066,132
3393761,31.3736,27.521,138,28956,0.15,0,1,166222,166084,138
3396681,30.4519,26.3308,144,28956,0.15,0,1,166246,166102,144
3399601,29.6454,25.2895,150,28956,0.13,0,1,166270,166120,150
3402521,28.9397,24.3783,156,28956,0.13,0,1,166294,166138,156
3405441,28.3222,23.581,162,28956,0.11,0,1,166318,166156,162
3408361,27.782,22.8834,168,28956,0.11,0,1,166342,166174,168
3411281,27.3092,22.273,174,28956,0.11,0,1,166366,166192,174
3414201,26.8956,22.6138,173,28956,0.11,0,1,166390,166217,173
3417121,26.5336,23.7871,165,28956,0.11,0,1,166414,166249,165
3420041,26.2169,24.8137,157,28956,0.11,0,1,166438,166281,157
3422961,25.9398,25.212,153,28956,0.11,0,1,166462,166309,153
3425881,25.6973,25.0605,153,28956,0.11,0,1,166486,166333,153
3428801,25.4852,24.9279,153,28956,0.11,0,1,166510,166357,153
3431721,25.2995,24.812,153,28956,0.11,0,1,166534,166381,153
3434641,25.1371,24.7105,153,28956,0.11,0,1,166558,166405,153
3437561,24.9949,24.6217,153,28956,0.11,0,1,166582,166429,153
3440481,24.8706,24.5439,153,28956,0.11,0,1,166606,166453,153
3443401,24.7618,24.476,153,28956,0.11,0,1,166630,166477,153
3446321,24.6665,24.4165,153,28956,0.11,0,1,166654,166501,153
3449241,24.5832,24.3644,153,28956,0.11,0,1,166678,166525,153
3452161,24.5103,24.3189,153,28956,0.11,0,1,166702,166549,153
3455081,24.4465,24.279,153,28956,0.11,0,1,166726,166573,153
3458001,24.3907,24.2441,153,28956,0.11,0,1,166750,166597,153
3460921,24.3419,24.2136,153,28956,0.11,0,1,166774,166621,153
3463841,24.2991,24.1869,153,28956,0.11,0,1,166798,166645,153
3466761,24.2617,24.1635,153,28956,0.11,0,1,166822,166669,153
3469681,24.229,24.1431,153,28956,0.11,0,1,166846,166693,153
3472601,24.2004,24.1252,153,28956,0.11,0,1,166870,166717,153
3475521,24.1753,24.1096,153,31876,0.13,0,1,166894,166741,153
3478441,24.1534,24.0959,153,31876,0.13,0,1,166918,166765,153
3481361,24.1343,24.0839,153,31876,0.15,0,1,166942,166789,153
3484281,24.1175,24.0734,153,31876,0.17,0,1,166966,166813,153
3487201,24.1028,24.0642,153,28956,0.17,0,1,166990,166837,153
3490121,24.0899,24.0562,153,28956,0.16,0,1,167014,166861,153
3493041,24.0787,23.6742,156,28956,0.15,0,1,167038,166882,156
3495961,24.0689,22.9649,162,28956,0.14,0,1,167062,166900,162
3498881,24.0603,22.3443,168,28956,0.13,0,1,167086,166918,168
3501801,24.0527,21.8013,174,28956,0.1,0,1,167110,166936,174
3504721,24.0461,21.3261,180,28956,0.06,0,1,167134,166954,180
3507641,24.0404,20.9103,186,28956,0.02,0,1,167158,166972,186
3510561,24.0353,22.2965,178,28956,0,0,1,167182,167004,178
3513481,24.0309,23.5095,170,28956,0,0,1,167206,167036,170
3515201,22.777,24.5708,152,28956,0,0,1,167220,167068,152
3518121,1222.55,1232.62,84,28956,0.01,0,1,176841,176757,84
3521041,1072.74,1081.55,84,31876,0.01,0,1,176865,176781,84
3523961,941.644,949.353,84,34796,0.01,0,1,176889,176805,84
3526881,826.938,833.684,84,37716,0.01,0,1,176913,176829,84
3529801,726.571,732.473,84,37959,0.01,0,1,176937,176853,84
3532721,638.75,643.914,84,36499,0.01,0,1,176961,176877,84
3535641,561.906,566.425,84,35283,0.01,0,1,176985,176901,84
3538561,494.668,498.622,84,34309,0.01,0,1,177009,176925,84
3541481,435.834,439.294,84,33336,0.01,0,1,177033,176949,84
3544401,384.355,387.382,84,32606,0.01,0,1,177057,176973,84
3547321,339.311,341.96,84,31876,0.01,0,1,177081,176997,84
3550241,299.897,302.215,84,31146,0.01,0,1,177105,177021,84
3553161,265.41,267.438,84,30659,0.01,0,1,177129,177045,84
3556081,235.233,237.008,84,30173,0.01,0,1,177153,177069,84
3559001,208.829,210.382,84,29686,0.01,0,1,177177,177093,84
3561921,185.726,187.084,84,29443,0.01,0,1,177201,177117,84
3564841,165.51,166.699,84,29199,0.01,0,1,177225,177141,84
3567761,147.821,148.861,84,28956,0.01,0,1,177249,177165,84
3570681,132.344,133.254,84,28713,0.01,0,1,177273,177189,84
3573601,118.801,119.597,84,28469,0.01,0,1,177297,177213,84
3576521,106.95,107.647,84,31146,0.01,0,1,177321,177237,84
3579441,96.5817,97.1915,84,30903,0.01,0,1,177345,177261,84
3582361,87.509,88.0425,84,30659,0.03,0,1,177369,177285,84
3585281,79.5704,80.0372,84,30659,0.05,0,1,177393,177309,84
3588201,72.6241,72.2826,90,30659,0.05,0,1,177417,177327,90
3591121,66.5461,65.4972,96,30659,0.07,0,1,177441,177345,96
3594041,61.2278,59.5601,102,30659,0.09,0,1,177465,177363,102
3596961,56.5743,54.3651,108,30659,0.09,0,1,177489,177381,108
3599881,52.5025,49.8194,114,30659,0.11,0,1,177513,177399,114
3602801,48.9397,45.842,120,30659,0.13,0,1,177537,177417,120
3605721,45.8222,42.3618,126,27739,0.13,0,1,177561,177435,126
3608641,43.0945,39.3165,132,27739,0.12,0,1,177585,177453,132
3611561,40.7077,36.652,138,27739,0.11,0,1,177609,177471,138
3614481,38.6192,34.3205,144,27739,0.1,0,1,177633,177489,144
3617401,36.7918,32.2804,150,27739,0.09,0,1,177657,177507,150
3620321,35.1928,30.4954,156,27739,0.09,0,1,177681,177525,156
3623241,33.7937,28.9334,162,27739,0.09,0,1,177705,177543,162
3626161,32.5695,29.3168,154,27739,0.09,0,1,177729,177575,154
3629081,31.4983,29.6522,146,27739,0.09,0,1,177753,177607,146
3632001,30.561,29.9456,138,27739,0.09,0,1,177777,177639,138
3634921,29.7409,29.2024,138,27739,0.09,0,1,177801,177663,138
3637841,29.0233,28.5521,138,27739,0.09,0,1,177825,177687,138
3640761,28.3954,27.9831,138,27739,0.09,0,1,177849,177711,138
3643681,27.846,27.4852,138,27739,0.09,0,1,177873,177735,138
3646601,27.3652,27.0496,138,27739,0.09,0,1,177897,177759,138
3649521,26.9446,26.6684,138,27739,0.09,0,1,177921,177783,138
3652441,26.5765,26.3348,138,27739,0.09,0,1,177945,177807,138
3655361,26.2544,26.043,138,27739,0.09,0,1,177969,177831,138
3658281,25.9726,25.7876,138,27739,0.09,0,1,177993,177855,138
3661201,25.726,25.5642,138,27739,0.09,0,1,178017,177879,138
3664121,25.5103,25.3686,138,27739,0.09,0,1,178041,177903,138
3667041,25.3215,25.1976,138,27739,0.09,0,1,178065,177927,138
3669961,25.1563,25.0479,138,27739,0.09,0,1,178089,177951,138
3672881,25.0118,24.9169,138,27739,0.09,0,1,178113,177975,138
3675801,24.8853,24.8023,138,27739,0.09,0,1,178137,177999,138
3678721,24.7746,24.702,138,27739,0.09,0,1,178161,178023,138
3681641,24.6778,24.6142,138,27739,0.09,0,1,178185,178047,138
3684561,24.5931,24.5375,138,27739,0.09,0,1,178209,178071,138
3687481,24.5189,24.4703,138,30659,0.09,0,1,178233,178095,138
3690401,24.4541,24.4115,138,30659,0.11,0,1,178257,178119,138
3693321,24.3973,24.3601,138,30659,0.13,0,1,178281,178143,138
3696241,24.3477,24.315,138,30659,0.13,0,1,178305,178167,138
3699161,24.3042,24.2757,138,27739,0.13,0,1,178329,178191,138
3702081,24.2662,24.2412,138,27739,0.13,0,1,178353,178215,138
3705001,24.2329,23.4611,144,27739,0.11,0,1,178377,178233,144
3707921,24.2038,22.7784,150,27739,0.11,0,1,178401,178251,150
3710841,24.1783,22.1811,156,27739,0.09,0,1,178425,178269,156
3713761,24.156,21.6585,162,27739,0.09,0,1,178449,178287,162
3716681,24.1365,21.2012,168,27739,0.09,0,1,178473,178305,168
3719601,24.1195,22.551,160,27739,0.09,0,1,178497,178337,160
3722521,24.1045,23.7321,152,27739,0.09,0,1,178521,178369,152
3725441,24.0915,24.7656,144,27739,0.09,0,1,178545,178401,144
3728361,24.08,25.1699,140,27739,0.09,0,1,178569,178429,140
3731281,24.07,25.0237,140,27739,0.09,0,1,178593,178453,140
3734201,24.0613,24.8957,140,27739,0.09,0,1,178617,178477,140
3737121,24.0536,24.7838,140,27739,0.09,0,1,178641,178501,140
3740041,24.0469,24.6858,140,27739,0.09,0,1,178665,178525,140
3742961,24.041,24.6001,140,27739,0.09,0,1,178689,178549,140
3745881,24.0359,24.5251,140,27739,0.09,0,1,178713,178573,140
3748801,24.0314,24.4594,140,27739,0.09,0,1,178737,178597,140
3751721,24.0275,24.402,140,27739,0.09,0,1,178761,178621,140
3754641,24.0241,24.3517,140,27739,0.09,0,1,178785,178645,140
3757561,24.0211,24.3078,140,27739,0.09,0,1,178809,178669,140
3760481,24.0184,24.2693,140,27739,0.09,0,1,178833,178693,140
3763401,24.0161,24.2356,140,27739,0.09,0,1,178857,178717,140
3766321,24.0141,24.2062,140,27739,0.09,0,1,178881,178741,140
3769241,24.0123,24.1804,140,27739,0.09,0,1,178905,178765,140
3772161,24.0108,24.1579,140,27739,0.09,0,1,178929,178789,140
3775081,24.0094,24.1381,140,27739,0.09,0,1,178953,178813,140
3778001,24.0083,24.1209,140,27739,0.09,0,1,178977,178837,140
3780921,24.0072,24.1058,140,30659,0.11,0,1,179001,178861,140
3783841,24.0063,24.0925,140,30659,0.11,0,1,179025,178885,140
3786761,24.0055,24.081,140,30659,0.13,0,1,179049,178909,140
3789681,24.0048,24.0708,140,30659,0.15,0,1,179073,178933,140
3792601,24.0042,24.062,140,27739,0.15,0,1,179097,178957,140
3795521,24.0037,24.0542,140,27739,0.13,0,1,179121,178981,140
3798441,24.0032,23.2975,146,27739,0.13,0,1,179145,178999,146
3801361,24.0028,22.6353,152,27739,0.11,0,1,179169,179017,152
3804281,24.0025,22.0559,158,27739,0.11,0,1,179193,179035,158
3807201,24.0022,21.5489,164,27739,0.11,0,1,179217,179053,164
3810121,24.0019,21.1053,170,27739,0.11,0,1,179241,179071,170
3813041,24.0017,21.5921,169,27739,0.11,0,1,179265,179096,169
3815961,24.0015,22.8931,161,27739,0.11,0,1,179289,179128,161
3818881,24.0013,24.0315,153,27739,0.11,0,1,179313,179160,153
3821801,24.0011,24.5275,149,27739,0.11,0,1,179337,179188,149
3824721,24.001,24.4616,149,27739,0.11,0,1,179361,179212,149
3827641,24.0009,24.4039,149,27739,0.11,0,1,179385,179236,149
3830561,24.0007,24.3534,149,27739,0.11,0,1,179409,179260,149
3833481,24.0007,24.3092,149,27739,0.11,0,1,179433,179284,149
3836401,24.0006,24.2706,149,27739,0.11,0,1,179457,179308,149
3839321,24.0005,24.2368,149,27739,0.11,0,1,179481,179332,149
3842241,24.0004,24.2072,149,27739,0.11,0,1,179505,179356,149
3845161,24.0004,24.1813,149,27739,0.11,0,1,179529,179380,149
3848081,24.0003,24.1586,149,27739,0.11,0,1,179553,179404,149
3851001,24.0003,24.1388,149,27739,0.11,0,1,179577,179428,149
3853921,24.0003,24.1214,149,27739,0.11,0,1,179601,179452,149
3856841,24.0002,24.1063,149,27739,0.11,0,1,179625,179476,149
3859761,24.0002,24.093,149,27739,0.11,0,1,179649,179500,149
3862681,24.0002,24.0814,149,27739,0.11,0,1,179673,179524,149
3865601,24.0002,24.0712,149,27739,0.11,0,1,179697,179548,149
3868521,24.0001,24.0623,149,27739,0.11,0,1,179721,179572,149
3871441,24.0001,24.0545,149,27739,0.11,0,1,179745,179596,149
3874361,24.0001,24.0477,149,30659,0.11,0,1,179769,179620,149
3877281,24.0001,24.0417,149,30659,0.13,0,1,179793,179644,149
3880201,24.0001,24.0365,149,30659,0.15,0,1,179817,179668,149
3883121,24.0001,24.0319,149,30659,0.15,0,1,179841,179692,149
3886041,24.0001,24.028,149,27739,0.15,0,1,179865,179716,149
3888961,24.0001,24.0245,149,27739,0.15,0,1,179889,179740,149
3891881,24,23.6464,152,27739,0.13,0,1,179913,179761,152
3894801,24,22.9406,158,27739,0.13,0,1,179937,179779,158
3897721,24,22.323,164,27739,0.13,0,1,179961,179797,164
3900641,24,21.7826,170,27739,0.13,0,1,179985,179815,170
3903561,24,21.3098,176,27739,0.13,0,1,180009,179833,176
3906481,24,21.7711,175,27739,0.13,0,1,180033,179858,175
3909401,24,23.0497,167,27739,0.13,0,1,180057,179890,167
3912321,24,24.1685,159,27739,0.13,0,1,180081,179922,159
3915241,24,24.6474,155,27739,0.13,0,1,180105,179950,155
3918161,24,24.5665,155,27739,0.13,0,1,180129,179974,155
3921081,24,24.4957,155,27739,0.13,0,1,180153,179998,155
3924001,24,24.4337,155,27739,0.13,0,1,180177,180022,155
3926921,24,24.3795,155,27739,0.13,0,1,180201,180046,155
3929841,24,24.3321,155,27739,0.13,0,1,180225,180070,155
3932761,24,24.2906,155,27739,0.13,0,1,180249,180094,155
3935681,24,24.2542,155,27739,0.13,0,1,180273,180118,155
3938601,24,24.2225,155,27739,0.13,0,1,180297,180142,155
3941521,24,24.1947,155,27739,0.13,0,1,180321,180166,155
3944441,24,24.1703,155,27739,0.13,0,1,180345,180190,155
3947361,24,24.149,155,27739,0.13,0,1,180369,180214,155
3950281,24,24.1304,155,27739,0.13,0,1,180393,180238,155
3953201,24,24.1141,155,27739,0.13,0,1,180417,180262,155
3956121,24,24.0998,155,27739,0.13,0,1,180441,180286,155
3959041,24,24.0874,155,27739,0.13,0,1,180465,180310,155
3961961,24,24.0764,155,27739,0.13,0,1,180489,180334,155
3964881,24,24.0669,155,27739,0.13,0,1,180513,180358,155
3967801,24,24.0585,155,30659,0.13,0,1,180537,180382,155
3970721,24,24.0512,155,30659,0.15,0,1,180561,180406,155
3973641,24,24.0448,155,30659,0.15,0,1,180585,180430,155
3976561,24,24.0392,155,30659,0.17,0,1,180609,180454,155
3979481,24,24.0343,155,27739,0.17,0,1,180633,180478,155
3982401,24,24.03,155,27739,0.17,0,1,180657,180502,155
3985321,24,23.6513,158,27739,0.15,0,1,180681,180523,158
3988241,24,22.9449,164,27739,0.15,0,1,180705,180541,164
3991161,24,22.3268,170,27739,0.13,0,1,180729,180559,170
3994081,24,21.7859,176,27739,0.13,0,1,180753,180577,176
3997001,24,21.3127,182,27739,0.13,0,1,180777,180595,182
3999921,24,20.8986,188,27739,0.13,0,1,180801,180613,188
4002841,24,22.2863,180,27739,0.13,0,1,180825,180645,180
4005761,24,23.5005,172,27739,0.13,0,1,180849,180677,172
4008681,24,24.5629,164,27739,0.13,0,1,180873,180709,164
4011601,24,24.4926,164,27739,0.13,0,1,180897,180733,164
4014521,24,24.431,164,27739,0.13,0,1,180921,180757,164
4017441,24,24.3771,164,27739,0.13,0,1,180945,180781,164
4020361,24,24.33,164,27739,0.13,0,1,180969,180805,164
4023281,24,24.2887,164,27739,0.13,0,1,180993,180829,164
4026201,24,24.2526,164,27739,0.13,0,1,181017,180853,164
4029121,24,24.2211,164,27739,0.13,0,1,181041,180877,164
4032041,24,24.1934,164,27739,0.13,0,1,181065,180901,164
4034961,24,24.1692,164,27739,0.13,0,1,181089,180925,164
4037881,24,24.1481,164,27739,0.13,0,1,181113,180949,164
4040801,24,24.1296,164,27739,0.13,0,1,181137,180973,164
4043721,24,24.1134,164,27739,0.13,0,1,181161,180997,164
4046641,24,24.0992,164,27739,0.13,0,1,181185,181021,164
4049561,24,24.0868,164,27739,0.13,0,1,181209,181045,164
4052481,24,24.076,164,27739,0.13,0,1,181233,181069,164
4055401,24,24.0665,164,27739,0.13,0,1,181257,181093,164
4058321,24,24.0582,164,27739,0.13,0,1,181281,181117,164
4061241,24,24.0509,164,30659,0.15,0,1,181305,181141,164
4064161,24,24.0445,164,30659,0.15,0,1,181329,181165,164
4067081,24,24.039,164,30659,0.17,0,1,181353,181189,164
4070001,24,24.0341,164,30659,0.19,0,1,181377,181213,164
4072921,24,24.0298,164,27739,0.19,0,1,181401,181237,164
4075841,24,24.0261,164,27739,0.17,0,1,181425,181261,164
4078761,24,24.0228,164,27739,0.17,0,1,181449,181285,164
4081681,24,23.27,170,27739,0.15,0,1,181473,181303,170
4084601,24,22.6112,176,27739,0.15,0,1,181497,181321,176
4087521,24,22.0348,182,27739,0.15,0,1,181521,181339,182
4090441,24,21.5305,188,27739,0.15,0,1,181545,181357,188
4093361,24,21.0892,194,27739,0.15,0,1,181569,181375,194
4096281,24,21.578,193,27739,0.15,0,1,181593,181400,193
4099201,24,22.8808,185,27739,0.15,0,1,181617,181432,185
4102121,24,24.0207,177,27739,0.15,0,1,181641,181464,177
4105041,24,24.5181,173,27739,0.15,0,1,181665,181492,173
4107961,24,24.4533,173,27739,0.15,0,1,181689,181516,173
4110881,24,24.3967,173,27739,0.15,0,1,181713,181540,173
4113801,24,24.3471,173,27739,0.15,0,1,181737,181564,173
4116721,24,24.3037,173,27739,0.15,0,1,181761,181588,173
4119641,24,24.2657,173,27739,0.15,0,1,181785,181612,173
4122561,24,24.2325,173,27739,0.15,0,1,181809,181636,173
4125481,24,24.2035,173,27739,0.15,0,1,181833,181660,173
4128401,24,24.178,173,27739,0.15,0,1,181857,181684,173
4131321,24,24.1558,173,27739,0.15,0,1,181881,181708,173
4134241,24,24.1363,173,27739,0.15,0,1,181905,181732,173
4137161,24,24.1193,173,27739,0.15,0,1,181929,181756,173
4140081,24,24.1044,173,27739,0.15,0,1,181953,181780,173
4143001,24,24.0913,173,27739,0.15,0,1,181977,181804,173
4145921,24,24.0799,173,27739,0.15,0,1,182001,181828,173
4148841,24,24.0699,173,27739,0.15,0,1,182025,181852,173
4151761,24,24.0612,173,27739,0.15,0,1,182049,181876,173
4154681,24,24.0535,173,30659,0.15,0,1,182073,181900,173
4157601,24,24.0468,173,30659,0.17,0,1,182097,181924,173
4160521,24,24.041,173,30659,0.19,0,1,182121,181948,173
4163441,24,24.0359,173,30659,0.19,0,1,182145,181972,173
4166361,24,24.0314,173,27739,0.19,0,1,182169,181996,173
4169281,24,24.0275,173,27739,0.19,0,1,182193,182020,173
4172201,24,24.024,173,27739,0.17,0,1,182217,182044,173
4175121,24,23.646,176,27739,0.17,0,1,182241,182065,176
4178041,24,22.9403,182,27739,0.17,0,1,182265,182083,182
4180961,24,22.3227,188,27739,0.17,0,1,182289,182101,188
4183881,24,21.7824,194,27739,0.17,0,1,182313,182119,194
4186801,24,21.3096,200,27739,0.17,0,1,182337,182137,200
4189721,24,21.7709,199,27739,0.17,0,1,182361,182162,199
4192641,24,23.0495,191,27739,0.17,0,1,182385,182194,191
4195561,24,24.1683,183,27739,0.17,0,1,182409,182226,183
4198481,24,24.6473,179,27739,0.17,0,1,182433,182254,179
4201401,24,24.5664,179,27739,0.17,0,1,182457,182278,179
4204321,24,24.4956,179,27739,0.17,0,1,182481,182302,179
4207241,24,24.4336,179,27739,0.17,0,1,182505,182326,179
4210161,24,24.3794,179,27739,0.17,0,1,182529,182350,179
4213081,24,24.332,179,27739,0.17,0,1,182553,182374,179
4216001,24,24.2905,179,27739,0.17,0,1,182577,182398,179
4218921,24,24.2542,179,27739,0.17,0,1,182601,182422,179
4221841,24,24.2224,179,27739,0.17,0,1,182625,182446,179
4224761,24,24.1946,179,27739,0.17,0,1,182649,182470,179
4227681,24,24.1703,179,27739,0.17,0,1,182673,182494,179
4230601,24,24.149,179,27739,0.17,0,1,182697,182518,179
4233521,24,24.1304,179,27739,0.17,0,1,182721,182542,179
4236441,24,24.1141,179,27739,0.17,0,1,182745,182566,179
4239361,24,24.0998,179,27739,0.17,0,1,182769,182590,179
4242281,24,24.0873,179,27739,0.17,0,1,182793,182614,179
4245201,24,24.0764,179,27739,0.17,0,1,182817,182638,179
4248121,24,24.0669,179,30659,0.17,0,1,182841,182662,179
4251041,24,24.0585,179,30659,0.19,0,1,182865,182686,179
4253961,24,24.0512,179,30659,0.19,0,1,182889,182710,179
4256881,24,24.0448,179,30659,0.21,0,1,182913,182734,179
4259801,24,24.0392,179,27739,0.21,0,1,182937,182758,179
4262721,24,24.0343,179,27739,0.18,0,1,182961,182782,179
4265641,24,24.03,179,27739,0.14,0,1,182985,182806,179
4268561,24,23.6513,182,27739,0.1,0,1,183009,182827,182
4271481,24,22.9449,188,27739,0.06,0,1,183033,182845,188
4274401,24,22.3267,194,27739,0.02,0,1,183057,182863,194
4277321,24,21.7859,200,27739,0,0,1,183081,182881,200
4280241,24,21.3127,206,27739,0,0,1,183105,182899,206
4282721,23.5,20.8986,208,27739,0,0,1,183125,182917,208
4285641,255.313,268.536,84,27739,0.01,0,1,185003,184919,84
4288561,226.398,237.969,84,27739,0.01,0,1,185027,184943,84
4291481,201.099,211.223,84,27739,0.01,0,1,185051,184967,84
4294401,178.961,187.82,84,27739,0.01,0,1,185075,184991,84
4297321,159.591,167.343,84,27739,0.01,0,1,185099,185015,84
4300241,142.642,149.425,84,27739,0.01,0,1,185123,185039,84
4303161,127.812,133.747,84,27739,0.01,0,1,185147,185063,84
4306081,114.835,120.028,84,27739,0.01,0,1,185171,185087,84
4309001,103.481,108.025,84,27739,0.01,0,1,185195,185111,84
4311921,93.5459,97.5217,84,27739,0.01,0,1,185219,185135,84
4314841,84.8527,88.3315,84,27739,0.01,0,1,185243,185159,84
4317761,77.2461,80.2901,84,27739,0.01,0,1,185267,185183,84
4320681,70.5903,73.2538,84,27739,0.01,0,1,185291,185207,84
4323601,64.7665,67.0971,84,27739,0.01,0,1,185315,185231,84
4326521,59.6707,61.71,84,27739,0.01,0,1,185339,185255,84
4329441,55.2119,56.9962,84,27739,0.01,0,1,185363,185279,84
4332361,51.3104,52.8717,84,27739,0.01,0,1,185387,185303,84
4335281,47.8966,49.2627,84,30659,0.01,0,1,185411,185327,84
4338201,44.9095,46.1049,84,30659,0.01,0,1,185435,185351,84
4341121,42.2958,43.3418,84,30659,0.03,0,1,185459,185375,84
4344041,40.0089,40.9241,84,30659,0.05,0,1,185483,185399,84
4346961,38.0077,38.0585,90,30659,0.05,0,1,185507,185417,90
4349881,36.2568,35.5512,96,30659,0.07,0,1,185531,185435,96
4352801,34.7247,33.3573,102,30659,0.09,0,1,185555,185453,102
4355721,33.3841,31.4377,108,30659,0.09,0,1,185579,185471,108
4358641,32.2111,29.758,114,30659,0.11,0,1,185603,185489,114
4361561,31.1847,28.2882,120,30659,0.13,0,1,185627,185507,120
4364481,30.2866,27.0022,126,27739,0.13,0,1,185651,185525,126
4367401,29.5008,25.8769,132,27739,0.12,0,1,185675,185543,132
4370321,28.8132,24.8923,138,27739,0.11,0,1,185699,185561,138
4373241,28.2115,24.0308,144,27739,0.1,0,1,185723,185579,144
4376161,27.6851,23.2769,150,27739,0.09,0,1,185747,185597,150
4379081,27.2245,22.6173,156,27739,0.09,0,1,185771,185615,156
4382001,26.8214,22.0401,162,27739,0.09,0,1,185795,185633,162
4384921,26.4687,23.2851,154,27739,0.09,0,1,185819,185665,154
4387841,26.1601,24.3745,146,27739,0.09,0,1,185843,185697,146
4390761,25.8901,25.3277,138,27739,0.09,0,1,185867,185729,138
4393681,25.6539,25.1617,138,27739,0.09,0,1,185891,185753,138
4396601,25.4471,25.0165,138,27739,0.09,0,1,185915,185777,138
4399521,25.2662,24.8894,138,27739,0.09,0,1,185939,185801,138
4402441,25.108,24.7783,138,27739,0.09,0,1,185963,185825,138
4405361,24.9695,24.681,138,27739,0.09,0,1,185987,185849,138
4408281,24.8483,24.5959,138,27739,0.09,0,1,186011,185873,138
4411201,24.7422,24.5214,138,27739,0.09,0,1,186035,185897,138
4414121,24.6495,24.4562,138,27739,0.09,0,1,186059,185921,138
4417041,24.5683,24.3992,138,27739,0.09,0,1,186083,185945,138
4419961,24.4972,24.3493,138,27739,0.09,0,1,186107,185969,138
4422881,24.4351,24.3056,138,27739,0.09,0,1,186131,185993,138
4425801,24.3807,24.2674,138,27739,0.09,0,1,186155,186017,138
4428721,24.3331,24.234,138,27739,0.09,0,1,186179,186041,138
4431641,24.2915,24.2047,138,27739,0.09,0,1,186203,186065,138
4434561,24.255,24.1791,138,27739,0.09,0,1,186227,186089,138
4437481,24.2232,24.1568,138,27739,0.09,0,1,186251,186113,138
4440401,24.1953,24.1372,138,27739,0.09,0,1,186275,186137,138
4443321,24.1709,24.12,138,27739,0.09,0,1,186299,186161,138
4446241,24.1495,24.105,138,30659,0.09,0,1,186323,186185,138
4449161,24.1308,24.0919,138,30659,0.11,0,1,186347,186209,138
4452081,24.1145,24.0804,138,30659,0.13,0,1,186371,186233,138
4455001,24.1002,24.0704,138,30659,0.13,0,1,186395,186257,138
4457921,24.0876,24.0616,138,27739,0.13,0,1,186419,186281,138
4460841,24.0767,24.0539,138,27739,0.13,0,1,186443,186305,138
4463761,24.0671,23.2971,144,27739,0.11,0,1,186467,186323,144
4466681,24.0587,22.635,150,27739,0.11,0,1,186491,186341,150
4469601,24.0514,22.0556,156,27739,0.09,0,1,186515,186359,156
4472521,24.0449,21.5487,162,27739,0.09,0,1,186539,186377,162
4475441,24.0393,21.1051,168,27739,0.09,0,1,186563,186395,168
4478361,24.0344,22.4669,160,27739,0.09,0,1,186587,186427,160
4481281,24.0301,23.6586,152,27739,0.09,0,1,186611,186459,152
4484201,24.0263,24.7013,144,27739,0.09,0,1,186635,186491,144
4487121,24.0231,25.1136,140,27739,0.09,0,1,186659,186519,140
4490041,24.0202,24.9744,140,27739,0.09,0,1,186683,186543,140
4492961,24.0177,24.8526,140,27739,0.09,0,1,186707,186567,140
4495881,24.0154,24.746,140,27739,0.09,0,1,186731,186591,140
4498801,24.0135,24.6528,140,27739,0.09,0,1,186755,186615,140
4501721,24.0118,24.5712,140,27739,0.09,0,1,186779,186639,140
4504641,24.0103,24.4998,140,27739,0.09,0,1,186803,186663,140
4507561,24.0091,24.4373,140,27739,0.09,0,1,186827,186687,140
4510481,24.0079,24.3826,140,27739,0.09,0,1,186851,186711,140
4513401,24.0069,24.3348,140,27739,0.09,0,1,186875,186735,140
4516321,24.0061,24.293,140,27739,0.09,0,1,186899,186759,140
4519241,24.0053,24.2563,140,27739,0.09,0,1,186923,186783,140
4522161,24.0046,24.2243,140,27739,0.09,0,1,186947,186807,140
4525081,24.0041,24.1963,140,27739,0.09,0,1,186971,186831,140
4528001,24.0036,24.1717,140,27739,0.09,0,1,186995,186855,140
4530921,24.0031,24.1503,140,27739,0.09,0,1,187019,186879,140
4533841,24.0027,24.1315,140,27739,0.09,0,1,187043,186903,140
4536761,24.0024,24.115,140,27739,0.09,0,1,187067,186927,140
4539681,24.0021,24.1007,140,30659,0.11,0,1,187091,186951,140
4542601,24.0018,24.0881,140,30659,0.11,0,1,187115,186975,140
4545521,24.0016,24.0771,140,30659,0.13,0,1,187139,186999,140
4548441,24.0014,24.0674,140,30659,0.15,0,1,187163,187023,140
4551361,24.0012,24.059,140,27739,0.15,0,1,187187,187047,140
4554281,24.0011,24.0516,140,27739,0.13,0,1,187211,187071,140
4557201,24.0009,23.2952,146,27739,0.13,0,1,187235,187089,146
4560121,24.0008,22.6333,152,27739,0.11,0,1,187259,187107,152
4563041,24.0007,22.0541,158,27739,0.11,0,1,187283,187125,158
4565961,24.0006,21.5474,164,27739,0.11,0,1,187307,187143,164
4568881,24.0005,21.1039,170,27739,0.11,0,1,187331,187161,170
4571801,24.0005,21.5909,169,27739,0.11,0,1,187355,187186,169
4574721,24.0004,22.8921,161,27739,0.11,0,1,187379,187218,161
4577641,24.0004,24.0306,153,27739,0.11,0,1,187403,187250,153
4580561,24.0003,24.5267,149,27739,0.11,0,1,187427,187278,149
4583481,24.0003,24.4609,149,5840,0.09,0,1,187451,187302,149
4586401,24.0002,24.4033,149,5840,0.05,0,1,187475,187326,149
4589321,24.0002,24.3529,149,5840,0.01,0,1,187499,187350,149
4592241,24.0002,24.3088,149,5840,0,0,1,187523,187374,149
4595161,24.0002,24.2702,149,5840,0,0,1,187547,187398,149
4598081,27.0001,24.2364,173,5840,0,0,1,187595,187422,173
4601001,28.1251,36.8319,84,5840,0,0,1,187631,187547,84
4603921,30.6095,38.2279,84,5840,0,0,1,187679,187595,84
4606841,31.2833,37.9494,84,5840,0,0,1,187715,187631,84
4609281,32.8729,39.2057,80,5840,0,0,1,187759,187679,80
4612201,1003.39,1008.43,84,30179,0.01,0,1,195556,195472,84
4615121,880.965,885.376,84,33099,0.01,0,1,195580,195496,84
4618041,773.845,777.704,84,34553,0.01,0,1,195604,195520,84
4620961,680.114,683.491,84,33579,0.01,0,1,195628,195544,84
4623881,598.1,601.055,84,32849,0.01,0,1,195652,195568,84
4626801,526.337,528.923,84,32119,0.01,0,1,195676,195592,84
4629721,463.545,465.808,84,31389,0.01,0,1,195700,195616,84
4632641,408.602,410.582,84,30903,0.01,0,1,195724,195640,84
4635561,360.527,362.259,84,30416,0.01,0,1,195748,195664,84
4638481,318.461,319.977,84,29929,0.01,0,1,195772,195688,84
4641401,281.653,282.979,84,32363,0.01,0,1,195796,195712,84
4644321,249.447,250.607,84,32119,0.01,0,1,195820,195736,84
4647241,221.266,222.281,84,31876,0.03,0,1,195844,195760,84
4650161,196.608,197.496,84,31633,0.05,0,1,195868,195784,84
4653081,175.032,175.059,90,31389,0.05,0,1,195892,195802,90
4656001,156.153,155.427,96,31389,0.07,0,1,195916,195820,96
4658921,139.634,138.248,102,31389,0.09,0,1,195940,195838,102
4661841,125.179,123.217,108,31389,0.09,0,1,195964,195856,108
4664761,112.532,110.065,114,31389,0.11,0,1,195988,195874,114
4667681,101.465,98.557,120,31389,0.13,0,1,196012,195892,120
4670601,91.7823,88.4874,126,31389,0.13,0,1,196036,195910,126
4673521,83.3095,79.6764,132,31389,0.15,0,1,196060,195928,132
4676441,75.8958,71.9669,138,28469,0.15,0,1,196084,195946,138
4679361,69.4088,65.221,144,28469,0.15,0,1,196108,195964,144
4682281,63.7327,59.3184,150,28469,0.13,0,1,196132,195982,150
4685201,58.7661,54.1536,156,28469,0.13,0,1,196156,196000,156
4688121,54.4204,49.6344,162,28469,0.11,0,1,196180,196018,162
4691041,50.6178,45.6801,168,28469,0.11,0,1,196204,196036,168
4693961,47.2906,42.2201,174,28469,0.11,0,1,196228,196054,174
4696881,44.3793,40.0676,173,28469,0.11,0,1,196252,196079,173
4699801,41.8319,39.0591,165,28469,0.11,0,1,196276,196111,165
4702721,39.6029,38.1767,157,28469,0.11,0,1,196300,196143,157
4705641,37.6525,36.9046,153,28469,0.11,0,1,196324,196171,153
4708561,35.946,35.2916,153,28469,0.11,0,1,196348,196195,153
4711481,34.4527,33.8801,153,28469,0.11,0,1,196372,196219,153
4714401,33.1461,32.6451,153,28469,0.11,0,1,196396,196243,153
4717321,32.0029,31.5645,153,28469,0.11,0,1,196420,196267,153
4720241,31.0025,30.6189,153,28469,0.11,0,1,196444,196291,153
4723161,30.1272,29.7915,153,28469,0.11,0,1,196468,196315,153
4726081,29.3613,29.0676,153,28469,0.1,0,1,196492,196339,153
4729001,28.6911,28.4342,153,28469,0.06,0,1,196516,196363,153
4731921,28.1047,27.8799,153,28469,0.02,0,1,196540,196387,153
4734841,27.5916,27.3949,153,28469,0,0,1,196564,196411,153
4737761,27.1427,26.9705,153,28469,0,0,1,196588,196435,153
4740321,26.3749,26.5992,150,28469,0,0,1,196609,196459,150
4743241,1094.08,1102.52,84,28469,0.01,0,1,205177,205093,84
4746161,960.318,967.709,84,28469,0.01,0,1,205201,205117,84
4749081,843.278,849.745,84,28469,0.01,0,1,205225,205141,84
4752001,740.869,746.527,84,28469,0.01,0,1,205249,205165,84
4754921,651.26,656.211,84,28469,0.01,0,1,205273,205189,84
4757841,572.853,577.185,84,31389,0.01,0,1,205297,205213,84
4760761,504.246,508.037,84,31389,0.01,0,1,205321,205237,84
4763681,444.215,447.532,84,31389,0.03,0,1,205345,205261,84
4766601,391.688,394.591,84,31389,0.05,0,1,205369,205285,84
4769521,345.727,347.517,90,31389,0.05,0,1,205393,205303,90
4772441,305.511,306.327,96,31389,0.07,0,1,205417,205321,96
4775361,270.322,270.286,102,31389,0.09,0,1,205441,205339,102
4778281,239.532,238.75,108,31389,0.09,0,1,205465,205357,108
4781201,212.591,211.157,114,31389,0.11,0,1,205489,205375,114
4784121,189.017,187.012,120,31389,0.13,0,1,205513,205393,120
4787041,168.39,165.886,126,31389,0.13,0,1,205537,205411,126
4789961,150.341,147.4,132,31389,0.15,0,1,205561,205429,132
4792881,134.548,131.225,138,28469,0.15,0,1,205585,205447,138
4795801,120.73,117.072,144,28469,0.15,0,1,205609,205465,144
4798721,108.639,104.688,150,28469,0.13,0,1,205633,205483,150
4801641,98.0588,93.8518,156,28469,0.13,0,1,205657,205501,156
4804561,88.8014,84.3704,162,28469,0.11,0,1,205681,205519,162
4807481,80.7012,76.0741,168,28469,0.11,0,1,205705,205537,168
4810401,73.6136,68.8148,174,28469,0.11,0,1,205729,205555,174
4813321,67.4119,63.338,173,28469,0.11,0,1,205753,205580,173
4816241,61.9854,59.4207,165,28469,0.11,0,1,205777,205612,165
4819161,57.2372,55.9931,157,28469,0.11,0,1,205801,205644,157
4822081,53.0826,52.494,153,28469,0.11,0,1,205825,205672,153
4825001,49.4473,48.9322,153,28469,0.11,0,1,205849,205696,153
4827921,46.2663,45.8157,153,28469,0.11,0,1,205873,205720,153
4830841,43.4831,43.0887,153,28469,0.11,0,1,205897,205744,153
4833761,41.0477,40.7026,153,5840,0.09,0,1,205921,205768,153
4836681,38.9167,38.6148,153,5840,0.05,0,1,205945,205792,153
4839601,37.0521,36.788,153,5840,0.01,0,1,205969,205816,153
4842521,35.4206,35.1895,153,5840,0,0,1,205993,205840,153
4845441,33.993,33.7908,153,5840,0,0,1,206017,205864,153
4848361,35.7439,32.5669,177,5840,0,0,1,206065,205888,177
4851281,35.7759,44.6211,84,5840,0,0,1,206101,206017,84
4854201,37.3039,45.0434,84,5840,0,0,1,206149,206065,84
4857121,37.1409,43.913,84,5840,0,0,1,206185,206101,84
4860041,38.4983,44.4239,84,5840,0,0,1,206233,206149,84
4862961,38.186,43.3709,84,31389,0.01,0,1,206269,206185,84
4865881,39.4128,43.9495,84,34309,0.01,0,1,206317,206233,84
4868801,37.4862,41.4558,84,34309,0.01,0,1,206341,206257,84
4871721,35.8004,39.2739,84,33336,0.01,0,1,206365,206281,84
4874641,34.3254,37.3646,84,32606,0.01,0,1,206389,206305,84
4877561,33.0347,35.6941,84,31876,0.01,0,1,206413,206329,84
4880481,31.9053,34.2323,84,31146,0.01,0,1,206437,206353,84
4883401,30.9172,32.9533,84,30659,0.01,0,1,206461,206377,84
4886321,30.0525,31.8341,84,30173,0.01,0,1,206485,206401,84
4889241,29.296,30.8548,84,29686,0.01,0,1,206509,206425,84
4892161,28.634,29.998,84,29443,0.01,0,1,206533,206449,84
4895081,28.0547,29.2482,84,29199,0.01,0,1,206557,206473,84
4898001,27.5479,28.5922,84,28956,0.01,0,1,206581,206497,84
4900921,27.1044,28.0182,84,28713,0.01,0,1,206605,206521,84
4903841,26.7163,27.5159,84,28469,0.01,0,1,206629,206545,84
4906761,26.3768,27.0764,84,28226,0.01,0,1,206653,206569,84
4909681,26.0797,26.6919,84,27983,0.01,0,1,206677,206593,84
4912601,25.8197,26.3554,84,27739,0.01,0,1,206701,206617,84
4915521,25.5923,26.061,84,27739,0.01,0,1,206725,206641,84
4918441,25.3932,25.8033,84,27739,0.01,0,1,206749,206665,84
4921361,25.2191,25.5779,84,27739,0.01,0,1,206773,206689,84
4924281,25.0667,25.3807,84,30659,0.01,0,1,206797,206713,84
4927201,24.9334,25.2081,84,26571,0.01,0,1,206821,206737,84
4930121,24.8167,25.0571,84,26571,0.01,0,1,206845,206761,84
4933041,24.7146,24.9249,84,26571,0.01,0,1,206869,206785,84
4935961,24.6253,24.0593,90,26571,0.01,0,1,206893,206803,90
4938881,24.5471,24.0519,90,26571,0.01,0,1,206917,206827,90
4941801,24.4787,24.0454,90,26571,0.01,0,1,206941,206851,90
4944721,24.4189,24.0397,90,26571,0.01,0,1,206965,206875,90
4947641,24.3665,24.0348,90,26571,0.01,0,1,206989,206899,90
4950561,24.3207,24.0304,90,26571,0.01,0,1,207013,206923,90
4953481,24.2806,24.0266,90,26571,0.01,0,1,207037,206947,90
4956401,24.2455,24.0233,90,26571,0.01,0,1,207061,206971,90
4959321,24.2149,24.0204,90,26571,0.01,0,1,207085,206995,90
4962241,24.188,24.0178,90,26571,0.01,0,1,207109,207019,90
4965161,24.1645,24.0156,90,26571,0.01,0,1,207133,207043,90
4968081,24.1439,24.0137,90,26571,0.01,0,1,207157,207067,90
4971001,24.1259,24.012,90,26571,0.01,0,1,207181,207091,90
4973921,24.1102,24.0105,90,26571,0.01,0,1,207205,207115,90
4976841,24.0964,24.0091,90,26571,0.01,0,1,207229,207139,90
4979761,24.0844,24.008,90,26571,0.01,0,1,207253,207163,90
4982681,24.0738,24.007,90,26571,0.01,0,1,207277,207187,90
4985601,24.0646,24.0061,90,26571,0.01,0,1,207301,207211,90
4988521,24.0565,24.0054,90,26571,0.01,0,1,207325,207235,90
4991441,24.0495,24.0047,90,26571,0.01,0,1,207349,207259,90
4994361,24.0433,24.0041,90,26571,0.01,0,1,207373,207283,90
4997281,24.0379,24.0036,90,26571,0.01,0,1,207397,207307,90
5000201,24.0331,24.0031,90,26571,0.01,0,1,207421,207331,90
5003121,24.029,24.0028,90,26571,0.01,0,1,207445,207355,90
5006041,24.0254,24.0024,90,26571,0.01,0,1,207469,207379,90
5008961,24.0222,24.0021,90,26571,0.01,0,1,207493,207403,90
5011881,24.0194,24.0018,90,26571,0.01,0,1,207517,207427,90
5014801,24.017,24.0016,90,26571,0.01,0,1,207541,207451,90
5017721,24.0149,24.0014,90,26571,0.01,0,1,207565,207475,90
5020641,24.013,24.0012,90,26571,0.01,0,1,207589,207499,90
5023561,24.0114,24.0011,90,26571,0.01,0,1,207613,207523,90
5026481,24.01,24.0009,90,26571,0.01,0,1,207637,207547,90
5029401,24.0087,24.0008,90,26571,0.01,0,1,207661,207571,90
5032321,24.0076,24.0007,90,26571,0.01,0,1,207685,207595,90
5035241,24.0067,24.0006,90,26571,0.01,0,1,207709,207619,90
5038161,24.0058,24.0006,90,26571,0.01,0,1,207733,207643,90
5041081,24.0051,24.0005,90,26571,0.01,0,1,207757,207667,90
5044001,24.0045,24.0004,90,26571,0.01,0,1,207781,207691,90
5046921,24.0039,24.0004,90,26571,0.01,0,1,207805,207715,90
5049841,24.0034,24.0003,90,26571,0.01,0,1,207829,207739,90
5052761,24.003,24.0003,90,26571,0.01,0,1,207853,207763,90
5055681,24.0026,24.0002,90,26571,0.01,0,1,207877,207787,90
5058601,24.0023,24.0002,90,26571,0.01,0,1,207901,207811,90
5061521,24.002,24.0002,90,26571,0.01,0,1,207925,207835,90
5064441,24.0018,24.0002,90,26571,0.01,0,1,207949,207859,90
5067361,24.0015,24.0001,90,26571,0.01,0,1,207973,207883,90
5070281,24.0013,24.0001,90,26571,0.01,0,1,207997,207907,90
5073201,24.0012,24.0001,90,26571,0.01,0,1,208021,207931,90
5076121,24.001,24.0001,90,26571,0.01,0,1,208045,207955,90
5079041,24.0009,24.0001,90,26571,0.01,0,1,208069,207979,90
5081961,24.0008,24.0001,90,26571,0.01,0,1,208093,208003,90
5084881,24.0007,24.0001,90,26571,0.01,0,1,208117,208027,90
5087801,24.0006,24.0001,90,26571,0.01,0,1,208141,208051,90
5090721,24.0005,24.0001,90,26571,0.01,0,1,208165,208075,90
5093641,24.0005,24,90,26571,0.01,0,1,208189,208099,90
5096561,24.0004,24,90,26571,0.01,0,1,208213,208123,90
5099481,24.0004,24,90,26571,0.01,0,1,208237,208147,90
5102401,24.0003,24,90,26571,0.01,0,1,208261,208171,90
5105321,24.0003,24,90,26571,0.01,0,1,208285,208195,90
5108241,24.0002,24,90,26571,0.01,0,1,208309,208219,90
5111161,24.0002,24,90,26571,0.01,0,1,208333,208243,90
5114081,24.0002,24,90,26571,0.01,0,1,208357,208267,90
5117001,24.0002,24,90,26571,0.01,0,1,208381,208291,90
5119921,24.0001,24,90,26571,0.01,0,1,208405,208315,90
5122841,24.0001,24,90,26571,0.01,0,1,208429,208339,90
5125761,24.0001,24,90,26571,0.01,0,1,208453,208363,90
5128681,24.0001,24,90,26571,0.01,0,1,208477,208387,90
5131601,24.0001,24,90,26571,0.01,0,1,208501,208411,90
5134521,24.0001,24,90,26571,0.01,0,1,208525,208435,90
5137441,24.0001,24,90,26571,0.01,0,1,208549,208459,90
5140361,24.0001,24,90,26571,0.01,0,1,208573,208483,90
5143281,24,24,90,26571,0.01,0,1,208597,208507,90
5146201,24,24,90,26571,0.01,0,1,208621,208531,90
5149121,24,24,90,26571,0.01,0,1,208645,208555,90
5152041,24,24,90,26571,0.01,0,1,208669,208579,90
5154961,24,24,90,26571,0.01,0,1,208693,208603,90
5157881,24,24,90,26571,0.01,0,1,208717,208627,90
5160801,24,24,90,26571,0.01,0,1,208741,208651,90
5163721,24,24,90,26571,0.01,0,1,208765,208675,90
5166641,24,24,90,26571,0.01,0,1,208789,208699,90
5169561,24,24,90,26571,0.01,0,1,208813,208723,90
5172481,24,24,90,26571,0.01,0,1,208837,208747,90
5175401,24,24,90,26571,0.01,0,1,208861,208771,90
5178321,24,24,90,26571,0.01,0,1,208885,208795,90
5181241,24,24,90,26571,0.01,0,1,208909,208819,90
5184161,24,24,90,26571,0.01,0,1,208933,208843,90
5187081,24,24,90,26571,0.01,0,1,208957,208867,90
5190001,24,24,90,26571,0.01,0,1,208981,208891,90
5192921,24,24,90,26571,0.01,0,1,209005,208915,90
5195841,24,24,90,26571,0.01,0,1,209029,208939,90
5198761,24,24,90,26571,0.01,0,1,209053,208963,90
5201681,24,24,90,26571,0.01,0,1,209077,208987,90
5204601,24,24,90,26571,0.01,0,1,209101,209011,90
5207521,24,24,90,26571,0.01,0,1,209125,209035,90
5210441,24,24,90,26571,0.01,0,1,209149,209059,90
5213361,24,24,90,26571,0.01,0,1,209173,209083,90
5216281,24,24,90,26571,0.01,0,1,209197,209107,90
5219201,24,24,90,26571,0.01,0,1,209221,209131,90
5222121,24,24,90,26571,0.01,0,1,209245,209155,90
5225041,24,24,90,26571,0.01,0,1,209269,209179,90
5227961,24,24,90,26571,0.01,0,1,209293,209203,90
5230881,24,24,90,26571,0.01,0,1,209317,209227,90
5233801,24,24,90,26571,0.01,0,1,209341,209251,90
5236721,24,24,90,26571,0.01,0,1,209365,209275,90
5239641,24,24,90,26571,0.01,0,1,209389,209299,90
5242561,24,24,90,26571,0.01,0,1,209413,209323,90
5245481,24,24,90,26571,0.01,0,1,209437,209347,90
5248401,24,24,90,26571,0.01,0,1,209461,209371,90
5251321,24,24,90,26571,0.01,0,1,209485,209395,90
5254241,24,24,90,26571,0.01,0,1,209509,209419,90
5257161,24,24,90,26571,0.01,0,1,209533,209443,90
5260081,24,24,90,26571,0.01,0,1,209557,209467,90
5263001,24,24,90,26571,0.01,0,1,209581,209491,90
5265921,24,24,90,26571,0.01,0,1,209605,209515,90
5268841,24,24,90,26571,0.01,0,1,209629,209539,90
5271761,24,24,90,26571,0.01,0,1,209653,209563,90
5274681,24,24,90,26571,0.01,0,1,209677,209587,90
5277601,24,24,90,26571,0.01,0,1,209701,209611,90
5280521,24,24,90,26571,0.01,0,1,209725,209635,90
5283441,24,24,90,26571,0.01,0,1,209749,209659,90
5286361,24,24,90,26571,0.01,0,1,209773,209683,90
5289281,24,24,90,26571,0.01,0,1,209797,209707,90
5292201,24,24,90,26571,0.01,0,1,209821,209731,90
5295121,24,24,90,26571,0.01,0,1,209845,209755,90
5298041,24,24,90,26571,0.01,0,1,209869,209779,90
5300961,24,24,90,26571,0.01,0,1,209893,209803,90
5303881,24,24,90,26571,0.01,0,1,209917,209827,90
5306801,24,24,90,26571,0.01,0,1,209941,209851,90
5309721,24,24,90,26571,0.01,0,1,209965,209875,90
5312641,24,24,90,26571,0.01,0,1,209989,209899,90
5315561,24,24,90,26571,0.01,0,1,210013,209923,90
5318481,24,24,90,26571,0.01,0,1,210037,209947,90
5321401,24,24,90,26571,0.01,0,1,210061,209971,90
5324321,24,24,90,26571,0.01,0,1,210085,209995,90
5327241,24,24,90,26571,0.01,0,1,210109,210019,90
5330161,24,24,90,26571,0.01,0,1,210133,210043,90
5333081,24,24,90,26571,0.01,0,1,210157,210067,90
5336001,24,24,90,26571,0.01,0,1,210181,210091,90
5338921,24,24,90,26571,0.01,0,1,210205,210115,90
5341841,24,24,90,26571,0.01,0,1,210229,210139,90
5344761,24,24,90,26571,0.01,0,1,210253,210163,90
5347681,24,24,90,26571,0.01,0,1,210277,210187,90
5350601,24,24,90,26571,0.01,0,1,210301,210211,90
5353521,24,24,90,26571,0.01,0,1,210325,210235,90
5356441,24,24,90,26571,0.01,0,1,210349,210259,90
5359361,24,24,90,26571,0.01,0,1,210373,210283,90
5362281,24,24,90,26571,0.01,0,1,210397,210307,90
5365201,24,24,90,26571,0.01,0,1,210421,210331,90
5368121,24,24,90,26571,0.01,0,1,210445,210355,90
5371041,24,24,90,26571,0.01,0,1,210469,210379,90
5373961,24,24,90,26571,0.01,0,1,210493,210403,90
5376881,24,24,90,26571,0.01,0,1,210517,210427,90
5379801,24,24,90,26571,0.01,0,1,210541,210451,90
5382721,24,24,90,26571,0.01,0,1,210565,210475,90
5385641,24,24,90,26571,0.01,0,1,210589,210499,90
5388561,24,24,90,26571,0.01,0,1,210613,210523,90
5391481,24,24,90,26571,0.01,0,1,210637,210547,90
5394401,24,24,90,26571,0.01,0,1,210661,210571,90
5397321,24,24,90,26571,0.01,0,1,210685,210595,90
5400241,24,24,90,26571,0.01,0,1,210709,210619,90
5403161,24,24,90,26571,0.01,0,1,210733,210643,90
5406081,24,24,90,26571,0.01,0,1,210757,210667,90
5409001,24,24,90,26571,0.01,0,1,210781,210691,90
5411921,24,24,90,26571,0.01,0,1,210805,210715,90
5414841,24,24,90,26571,0.01,0,1,210829,210739,90
5417761,24,24,90,26571,0.01,0,1,210853,210763,90
5420681,24,24,90,26571,0.01,0,1,210877,210787,90
5423601,24,24,90,26571,0.01,0,1,210901,210811,90
5426521,24,24,90,26571,0.01,0,1,210925,210835,90
5429441,24,24,90,26571,0.01,0,1,210949,210859,90
5432361,24,24,90,26571,0.01,0,1,210973,210883,90
5435281,24,24,90,26571,0.01,0,1,210997,210907,90
5438201,24,24,90,26571,0.01,0,1,211021,210931,90
5441121,24,24,90,26571,0.01,0,1,211045,210955,90
5444041,24,24,90,26571,0.01,0,1,211069,210979,90
5446961,24,24,90,26571,0.01,0,1,211093,211003,90
5449881,24,24,90,26571,0.01,0,1,211117,211027,90
5452801,24,24,90,26571,0.01,0,1,211141,211051,90
5455721,24,24,90,26571,0.01,0,1,211165,211075,90
5458641,24,24,90,26571,0.01,0,1,211189,211099,90
5461561,24,24,90,26571,0.01,0,1,211213,211123,90
5464481,24,24,90,26571,0.01,0,1,211237,211147,90
5467401,24,24,90,26571,0.01,0,1,211261,211171,90
5470321,24,24,90,26571,0.01,0,1,211285,211195,90
5473241,24,24,90,26571,0.01,0,1,211309,211219,90
5476161,24,24,90,26571,0.01,0,1,211333,211243,90
5479081,24,24,90,26571,0.01,0,1,211357,211267,90
5482001,24,24,90,26571,0.01,0,1,211381,211291,90
5484921,24,24,90,26571,0.01,0,1,211405,211315,90
5487841,24,24,90,26571,0.01,0,1,211429,211339,90
5490761,24,24,90,26571,0.01,0,1,211453,211363,90
5493681,24,24,90,26571,0.01,0,1,211477,211387,90
5496601,24,24,90,26571,0.01,0,1,211501,211411,90
5499521,24,24,90,26571,0.01,0,1,211525,211435,90
5502441,24,24,90,26571,0.01,0,1,211549,211459,90
5505361,24,24,90,26571,0.01,0,1,211573,211483,90
5508281,24,24,90,26571,0.01,0,1,211597,211507,90
5511201,24,24,90,26571,0.01,0,1,211621,211531,90
5514121,24,24,90,26571,0.01,0,1,211645,211555,90
5517041,24,24,90,26571,0.01,0,1,211669,211579,90
5519961,24,24,90,26571,0.01,0,1,211693,211603,90
5522881,24,24,90,26571,0.01,0,1,211717,211627,90
5525801,24,24,90,26571,0.01,0,1,211741,211651,90
5528721,24,24,90,26571,0.01,0,1,211765,211675,90
5531641,24,24,90,26571,0.01,0,1,211789,211699,90
5534561,24,24,90,26571,0.01,0,1,211813,211723,90
5537481,24,24,90,26571,0.01,0,1,211837,211747,90
5540401,24,24,90,26571,0.01,0,1,211861,211771,90
5543321,24,24,90,26571,0.01,0,1,211885,211795,90
5546241,24,24,90,26571,0.01,0,1,211909,211819,90
5549161,24,24,90,26571,0.01,0,1,211933,211843,90
5552081,24,24,90,26571,0.01,0,1,211957,211867,90
5555001,24,24,90,26571,0.01,0,1,211981,211891,90
5557921,24,24,90,26571,0.01,0,1,212005,211915,90
5560841,24,24,90,26571,0.01,0,1,212029,211939,90
5563761,24,24,90,26571,0.01,0,1,212053,211963,90
5566681,24,24,90,26571,0.01,0,1,212077,211987,90
5569601,24,24,90,26571,0.01,0,1,212101,212011,90
5572521,24,24,90,26571,0.01,0,1,212125,212035,90
5575441,24,24,90,26571,0.01,0,1,212149,212059,90
5578361,24,24,90,26571,0.01,0,1,212173,212083,90
5581281,24,24,90,26571,0,0,1,212197,212107,90
5584201,24,24,90,26571,0,0,1,212221,212131,90
5585841,22.625,24,79,26571,0,0,1,212234,212155,79
5588761,1104.67,1104.88,87,26377,0.01,0,1,220913,220826,87
5591681,970.338,970.516,87,26377,0.01,0,1,220943,220856,87
5594601,852.796,852.951,87,26377,0.01,0,1,220973,220886,87
5597521,749.571,750.082,84,26377,0.01,0,1,221000,220916,84
5600441,658.875,659.322,84,26377,0.01,0,1,221024,220940,84
5603361,579.515,579.907,84,26377,0.01,0,1,221048,220964,84
5606281,510.076,510.418,84,26377,0.01,0,1,221072,220988,84
5609201,449.317,449.616,84,26377,0.01,0,1,221096,221012,84
5612121,396.152,396.414,84,26377,0.01,0,1,221120,221036,84
5615041,349.633,349.862,84,26377,0.01,0,1,221144,221060,84
5617961,308.929,309.13,84,26377,0.01,0,1,221168,221084,84
5620881,273.313,273.488,84,26377,0.01,0,1,221192,221108,84
5623801,242.149,242.302,84,26377,0.01,0,1,221216,221132,84
5626721,214.88,215.015,84,26377,0.01,0,1,221240,221156,84
5629641,191.02,191.138,84,26377,0.01,0,1,221264,221180,84
5632561,170.143,170.245,84,26377,0.01,0,1,221288,221204,84
5635481,151.875,151.965,84,26377,0.01,0,1,221312,221228,84
5638401,135.89,135.969,84,26377,0.01,0,1,221336,221252,84
5641321,121.904,121.973,84,26377,0.01,0,1,221360,221276,84
5644241,109.666,109.726,84,26377,0.01,0,1,221384,221300,84
5647161,98.9578,99.0106,84,26377,0.01,0,1,221408,221324,84
5650081,89.5881,89.6343,84,26377,0.01,0,1,221432,221348,84
5653001,81.3896,81.43,84,26377,0.01,0,1,221456,221372,84
5655921,74.2159,74.2513,84,26377,0.01,0,1,221480,221396,84
5658841,67.9389,67.9698,84,26377,0.01,0,1,221504,221420,84
5661761,62.4465,62.4736,84,26377,0.01,0,1,221528,221444,84
5664681,57.6407,57.6644,84,26377,0.01,0,1,221552,221468,84
5667601,53.4356,53.4564,84,26377,0.01,0,1,221576,221492,84
5670521,49.7562,49.7743,84,26377,0.01,0,1,221600,221516,84
5673441,46.5367,46.5525,84,26377,0.01,0,1,221624,221540,84
5676361,43.7196,43.7335,84,26377,0.01,0,1,221648,221564,84
5679281,41.2546,41.2668,84,26377,0.01,0,1,221672,221588,84
5682201,39.0978,39.1084,84,26377,0.01,0,1,221696,221612,84
5685121,37.2106,37.2199,84,26377,0.01,0,1,221720,221636,84
5688041,35.5593,35.5674,84,26377,0.01,0,1,221744,221660,84
5690961,34.1143,34.1215,84,26377,0.01,0,1,221768,221684,84
5693881,32.8501,32.8563,84,26377,0.01,0,1,221792,221708,84
5696801,31.7438,31.7492,84,26377,0.01,0,1,221816,221732,84
5699721,30.7758,30.7806,84,26377,0.01,0,1,221840,221756,84
5702641,29.9288,29.933,84,26377,0.01,0,1,221864,221780,84
5705561,29.1877,29.1914,84,26377,0.01,0,1,221888,221804,84
5708481,28.5393,28.5425,84,26377,0.01,0,1,221912,221828,84
5711401,27.9719,27.9747,84,26377,0.01,0,1,221936,221852,84
5714321,27.4754,27.4778,84,26377,0.01,0,1,221960,221876,84
5717241,27.041,27.0431,84,26377,0.01,0,1,221984,221900,84
5720161,26.6608,26.6627,84,26377,0.01,0,1,222008,221924,84
5723081,26.3282,26.3299,84,26377,0,0,1,222032,221948,84
5726001,26.0372,26.0386,84,26377,0,0,1,222056,221972,84
5728321,25.1576,25.7838,79,26377,0,0,1,222075,221996,79
5731241,56.0129,55.5608,87,26182,0.01,0,1,222347,222260,87
5734161,52.7613,52.3657,87,26182,0.01,0,1,222377,222290,87
5737081,49.9161,49.57,87,26182,0.01,0,1,222407,222320,87
5740001,47.0516,47.1238,84,26182,0.01,0,1,222434,222350,84
5742921,44.1701,44.2333,84,26182,0.01,0,1,222458,222374,84
5745841,41.6489,41.7041,84,26182,0.01,0,1,222482,222398,84
5748761,39.4428,39.4911,84,26182,0.01,0,1,222506,222422,84
5751681,37.5124,37.5547,84,26182,0.01,0,1,222530,222446,84
5754601,35.8234,35.8604,84,26182,0.01,0,1,222554,222470,84
5757521,34.3454,34.3778,84,26182,0.01,0,1,222578,222494,84
5760441,33.0523,33.0806,84,26182,0.01,0,1,222602,222518,84
5763361,31.9207,31.9455,84,26182,0.01,0,1,222626,222542,84
5766281,30.9306,30.9523,84,26182,0.01,0,1,222650,222566,84
5769201,30.0643,30.0833,84,26182,0.01,0,1,222674,222590,84
5772121,29.3063,29.3229,84,26182,0.01,0,1,222698,222614,84
5775041,28.643,28.6575,84,26182,0.01,0,1,222722,222638,84
5777961,28.0626,28.0753,84,26182,0.01,0,1,222746,222662,84
5780881,27.5548,27.5659,84,26182,0.01,0,1,222770,222686,84
5783801,27.1104,27.1202,84,26182,0.01,0,1,222794,222710,84
5786721,26.7216,26.7302,84,26182,0.01,0,1,222818,222734,84
5789641,26.3814,26.3889,84,26182,0.01,0,1,222842,222758,84
5792561,26.0838,26.0903,84,26182,0.01,0,1,222866,222782,84
5795481,25.8233,25.829,84,26182,0.01,0,1,222890,222806,84
5798401,25.5954,25.6004,84,26182,0.01,0,1,222914,222830,84
5801321,25.396,25.4003,84,26182,0.01,0,1,222938,222854,84
5804241,25.2215,25.2253,84,26182,0.01,0,1,222962,222878,84
5807161,25.0688,25.0721,84,26182,0.01,0,1,222986,222902,84
5810081,24.9352,24.9381,84,26182,0.01,0,1,223010,222926,84
5813001,24.8183,24.8208,84,26182,0.01,0,1,223034,222950,84
5815921,24.716,24.7182,84,26182,0.01,0,1,223058,222974,84
5818841,24.6265,24.6285,84,26182,0.01,0,1,223082,222998,84
5821761,24.5482,24.5499,84,26182,0.01,0,1,223106,223022,84
5824681,24.4797,24.4812,84,26182,0.01,0,1,223130,223046,84
5827601,24.4197,24.421,84,26182,0.01,0,1,223154,223070,84
5830521,24.3672,24.3684,84,26182,0.01,0,1,223178,223094,84
5833441,24.3213,24.3223,84,26182,0.01,0,1,223202,223118,84
5836361,24.2812,24.282,84,26182,0.01,0,1,223226,223142,84
5839281,24.246,24.2468,84,26182,0.01,0,1,223250,223166,84
5842201,24.2153,24.2159,84,26182,0.01,0,1,223274,223190,84
5845121,24.1884,24.189,84,26182,0.01,0,1,223298,223214,84
5848041,24.1648,24.1653,84,26182,0.01,0,1,223322,223238,84
5850961,24.1442,24.1447,84,26182,0.01,0,1,223346,223262,84
5853881,24.1262,24.1266,84,26182,0.01,0,1,223370,223286,84
5856801,24.1104,24.1108,84,26182,0.01,0,1,223394,223310,84
5859721,24.0966,24.0969,84,26182,0.01,0,1,223418,223334,84
5862641,24.0845,24.0848,84,26182,0.01,0,1,223442,223358,84
5865561,24.074,24.0742,84,26182,0.01,0,1,223466,223382,84
5868481,24.0647,24.0649,84,26182,0.01,0,1,223490,223406,84
5871401,24.0566,24.0568,84,26182,0.01,0,1,223514,223430,84
5874321,24.0496,24.0497,84,26182,0.01,0,1,223538,223454,84
5877241,24.0434,24.0435,84,26182,0.01,0,1,223562,223478,84
5880161,24.0379,24.0381,84,26182,0.01,0,1,223586,223502,84
5883081,24.0332,24.0333,84,26182,0.01,0,1,223610,223526,84
5886001,24.029,24.0291,84,26182,0.01,0,1,223634,223550,84
5888921,24.0254,24.0255,84,26182,0.01,0,1,223658,223574,84
5891841,24.0222,24.0223,84,26182,0.01,0,1,223682,223598,84
5894761,24.0195,24.0195,84,26182,0.01,0,1,223706,223622,84
5897681,24.017,24.0171,84,26182,0.01,0,1,223730,223646,84
5900601,24.0149,24.0149,84,26182,0.01,0,1,223754,223670,84
5903521,24.013,24.0131,84,26182,0.01,0,1,223778,223694,84
5906441,24.0114,24.0114,84,26182,0.01,0,1,223802,223718,84
5909361,24.01,24.01,84,26182,0.01,0,1,223826,223742,84
5912281,24.0087,24.0088,84,26182,0.01,0,1,223850,223766,84
5915201,24.0076,24.0077,84,26182,0.01,0,1,223874,223790,84
5918121,24.0067,24.0067,84,26182,0.01,0,1,223898,223814,84
5921041,24.0059,24.0059,84,26182,0.01,0,1,223922,223838,84
5923961,24.0051,24.0051,84,26182,0.01,0,1,223946,223862,84
5926881,24.0045,24.0045,84,26182,0.01,0,1,223970,223886,84
5929801,24.0039,24.0039,84,26182,0.01,0,1,223994,223910,84
5932721,24.0034,24.0034,84,26182,0.01,0,1,224018,223934,84
5935641,24.003,24.003,84,26182,0.01,0,1,224042,223958,84
5938561,24.0026,24.0026,84,26182,0.01,0,1,224066,223982,84
5941481,24.0023,24.0023,84,26182,0.01,0,1,224090,224006,84
5944401,24.002,24.002,84,26182,0.01,0,1,224114,224030,84
5947321,24.0018,24.0018,84,26182,0.01,0,1,224138,224054,84
5950241,24.0015,24.0015,84,26182,0.01,0,1,224162,224078,84
5953161,24.0013,24.0014,84,26182,0.01,0,1,224186,224102,84
5956081,24.0012,24.0012,84,26182,0.01,0,1,224210,224126,84
5959001,24.001,24.001,84,26182,0.01,0,1,224234,224150,84
5961921,24.0009,24.0009,84,26182,0.01,0,1,224258,224174,84
5964841,24.0008,24.0008,84,26182,0.01,0,1,224282,224198,84
5967761,24.0007,24.0007,84,26182,0.01,0,1,224306,224222,84
5970681,24.0006,24.0006,84,26182,0.01,0,1,224330,224246,84
5973601,24.0005,24.0005,84,26182,0.01,0,1,224354,224270,84
5976521,24.0005,24.0005,84,26182,0.01,0,1,224378,224294,84
5979441,24.0004,24.0004,84,26182,0.01,0,1,224402,224318,84
5982361,24.0004,24.0004,84,26182,0.01,0,1,224426,224342,84
5985281,24.0003,24.0003,84,26182,0.01,0,1,224450,224366,84
5988201,24.0003,24.0003,84,26182,0.01,0,1,224474,224390,84
5991121,24.0002,24.0002,84,26182,0.01,0,1,224498,224414,84
5994041,24.0002,24.0002,84,26182,0.01,0,1,224522,224438,84
5996961,24.0002,24.0002,84,26182,0.01,0,1,224546,224462,84
5999881,24.0002,24.0002,84,26182,0.01,0,1,224570,224486,84
6002801,24.0001,24.0001,84,26182,0.01,0,1,224594,224510,84
6005721,24.0001,24.0001,84,26182,0.01,0,1,224618,224534,84
6008641,24.0001,24.0001,84,26182,0.01,0,1,224642,224558,84
6011561,24.0001,24.0001,84,26182,0.01,0,1,224666,224582,84
6014481,24.0001,24.0001,84,26182,0.01,0,1,224690,224606,84
6017401,24.0001,24.0001,84,26182,0.01,0,1,224714,224630,84
6020321,24.0001,24.0001,84,26182,0.01,0,1,224738,224654,84
6023241,24.0001,24.0001,84,26182,0.01,0,1,224762,224678,84
6026161,24,24,84,26182,0.01,0,1,224786,224702,84
6029081,24,24,84,26182,0.01,0,1,224810,224726,84
6032001,24,24,84,26182,0.01,0,1,224834,224750,84
6034921,24,24,84,26182,0.01,0,1,224858,224774,84
6037841,24,24,84,26182,0.01,0,1,224882,224798,84
6040761,24,24,84,26182,0.01,0,1,224906,224822,84
6043681,24,24,84,26182,0.01,0,1,224930,224846,84
6046601,24,24,84,26182,0.01,0,1,224954,224870,84
6049521,24,24,84,26182,0.01,0,1,224978,224894,84
6052441,24,24,84,26182,0.01,0,1,225002,224918,84
6055361,24,24,84,26182,0.01,0,1,225026,224942,84
6058281,24,24,84,26182,0.01,0,1,225050,224966,84
6061201,24,24,84,26182,0.01,0,1,225074,224990,84
6064121,24,24,84,26182,0.01,0,1,225098,225014,84
6067041,24,24,84,26182,0.01,0,1,225122,225038,84
6069961,24,24,84,26182,0.01,0,1,225146,225062,84
6072881,24,24,84,26182,0.01,0,1,225170,225086,84
6075801,24,24,84,26182,0.01,0,1,225194,225110,84
6078721,24,24,84,26182,0.01,0,1,225218,225134,84
6081641,24,24,84,26182,0.01,0,1,225242,225158,84
6084561,24,24,84,26182,0.01,0,1,225266,225182,84
6087481,24,24,84,26182,0.01,0,1,225290,225206,84
6090401,24,24,84,26182,0.01,0,1,225314,225230,84
6093321,24,24,84,26182,0.01,0,1,225338,225254,84
6096241,24,24,84,26182,0.01,0,1,225362,225278,84
6099161,24,24,84,26182,0.01,0,1,225386,225302,84
6102081,24,24,84,26182,0.01,0,1,225410,225326,84
6105001,24,24,84,26182,0.01,0,1,225434,225350,84
6107921,24,24,84,26182,0.01,0,1,225458,225374,84
6110841,24,24,84,26182,0.01,0,1,225482,225398,84
6113761,24,24,84,26182,0.01,0,1,225506,225422,84
6116681,24,24,84,26182,0.01,0,1,225530,225446,84
6119601,24,24,84,26182,0.01,0,1,225554,225470,84
6122521,24,24,84,26182,0.01,0,1,225578,225494,84
6125441,24,24,84,26182,0.01,0,1,225602,225518,84
6128361,24,24,84,26182,0.01,0,1,225626,225542,84
6131281,24,24,84,26182,0.01,0,1,225650,225566,84
6134201,24,24,84,26182,0.01,0,1,225674,225590,84
6137121,24,24,84,26182,0.01,0,1,225698,225614,84
6140041,24,24,84,26182,0.01,0,1,225722,225638,84
6142961,24,24,84,26182,0.01,0,1,225746,225662,84
6145881,24,24,84,26182,0.01,0,1,225770,225686,84
6148801,24,24,84,26182,0.01,0,1,225794,225710,84
6151721,24,24,84,26182,0.01,0,1,225818,225734,84
6154641,24,24,84,26182,0.01,0,1,225842,225758,84
6157561,24,24,84,26182,0.01,0,1,225866,225782,84
6160481,24,24,84,26182,0.01,0,1,225890,225806,84
6163401,24,24,84,26182,0.01,0,1,225914,225830,84
6166321,24,24,84,26182,0.01,0,1,225938,225854,84
6169241,24,24,84,26182,0.01,0,1,225962,225878,84
6172161,24,24,84,26182,0.01,0,1,225986,225902,84
6175081,24,24,84,26182,0.01,0,1,226010,225926,84
6178001,24,24,84,26182,0.01,0,1,226034,225950,84
6180921,24,24,84,26182,0.01,0,1,226058,225974,84
6183841,24,24,84,26182,0.01,0,1,226082,225998,84
6186761,24,24,84,26182,0.01,0,1,226106,226022,84
6189681,24,24,84,26182,0.01,0,1,226130,226046,84
6192601,24,24,84,26182,0.01,0,1,226154,226070,84
6195521,24,24,84,26182,0.01,0,1,226178,226094,84
6198441,24,24,84,26182,0.01,0,1,226202,226118,84
6201361,24,24,84,26182,0.01,0,1,226226,226142,84
6204281,24,24,84,26182,0.01,0,1,226250,226166,84
6207201,24,24,84,26182,0.01,0,1,226274,226190,84
6210121,24,24,84,26182,0.01,0,1,226298,226214,84
6213041,24,24,84,26182,0.01,0,1,226322,226238,84
6215961,24,24,84,26182,0.01,0,1,226346,226262,84
6218881,24,24,84,26182,0.01,0,1,226370,226286,84
6221801,24,24,84,26182,0.01,0,1,226394,226310,84
6224721,24,24,84,26182,0.01,0,1,226418,226334,84
6227641,24,24,84,26182,0.01,0,1,226442,226358,84
6230561,24,24,84,26182,0.01,0,1,226466,226382,84
6233481,24,24,84,26182,0.01,0,1,226490,226406,84
6236401,24,24,84,26182,0.01,0,1,226514,226430,84
6239321,24,24,84,26182,0.01,0,1,226538,226454,84
6242241,24,24,84,26182,0.01,0,1,226562,226478,84
6245161,24,24,84,26182,0.01,0,1,226586,226502,84
6248081,24,24,84,26182,0.01,0,1,226610,226526,84
6251001,24,24,84,26182,0.01,0,1,226634,226550,84
6253921,24,24,84,26182,0.01,0,1,226658,226574,84
6256841,24,24,84,26182,0.01,0,1,226682,226598,84
6259761,24,24,84,26182,0.01,0,1,226706,226622,84
6262681,24,24,84,26182,0.01,0,1,226730,226646,84
6265601,24,24,84,26182,0.01,0,1,226754,226670,84
6268521,24,24,84,26182,0.01,0,1,226778,226694,84
6271441,24,24,84,26182,0.01,0,1,226802,226718,84
6274361,24,24,84,26182,0.01,0,1,226826,226742,84
6277281,24,24,84,26182,0.01,0,1,226850,226766,84
6280201,24,24,84,26182,0.01,0,1,226874,226790,84
6283121,24,24,84,26182,0.01,0,1,226898,226814,84
6286041,24,24,84,26182,0.01,0,1,226922,226838,84
6288961,24,24,84,26182,0.01,0,1,226946,226862,84
6291881,24,24,84,26182,0.01,0,1,226970,226886,84
6294801,24,24,84,26182,0.01,0,1,226994,226910,84
6297721,24,24,84,26182,0.01,0,1,227018,226934,84
6300641,24,24,84,26182,0.01,0,1,227042,226958,84
6303561,24,24,84,26182,0.01,0,1,227066,226982,84
6306481,24,24,84,26182,0.01,0,1,227090,227006,84
6309401,24,24,84,26182,0.01,0,1,227114,227030,84
6312321,24,24,84,26182,0.01,0,1,227138,227054,84
6315241,24,24,84,26182,0.01,0,1,227162,227078,84
6318161,24,24,84,26182,0.01,0,1,227186,227102,84
6321081,24,24,84,26182,0.01,0,1,227210,227126,84
6324001,24,24,84,26182,0.01,0,1,227234,227150,84
6326921,24,24,84,26182,0.01,0,1,227258,227174,84
6329841,24,24,84,26182,0.01,0,1,227282,227198,84
6332761,24,24,84,26182,0.01,0,1,227306,227222,84
6335681,24,24,84,26182,0.01,0,1,227330,227246,84
6338601,24,24,84,26182,0.01,0,1,227354,227270,84
6341521,24,24,84,26182,0.01,0,1,227378,227294,84
6344441,24,24,84,26182,0.01,0,1,227402,227318,84
6347361,24,24,84,26182,0.01,0,1,227426,227342,84
6350281,24,24,84,26182,0.01,0,1,227450,227366,84
6353201,24,24,84,26182,0.01,0,1,227474,227390,84
6356121,24,24,84,26182,0.01,0,1,227498,227414,84
6359041,24,24,84,26182,0.01,0,1,227522,227438,84
6361961,24,24,84,26182,0,0,1,227546,227462,84
6364881,24,24,84,26182,0,0,1,227570,227486,84
6366881,23,24,76,26182,0,0,1,227586,227510,76
6369801,763.375,762.875,87,25987,0.01,0,1,233532,233445,87
6372721,671.703,671.266,87,25987,0.01,0,1,233562,233475,87
6375641,591.49,591.107,87,25987,0.01,0,1,233592,233505,87
6378561,520.929,520.969,84,25987,0.01,0,1,233619,233535,84
6381481,458.813,458.848,84,25987,0.01,0,1,233643,233559,84
6384401,404.461,404.492,84,25987,0.01,0,1,233667,233583,84
6387321,356.904,356.93,84,25987,0.01,0,1,233691,233607,84
6390241,315.291,315.314,84,25987,0.01,0,1,233715,233631,84
6393161,278.879,278.9,84,25987,0.01,0,1,233739,233655,84
6396081,247.019,247.037,84,25987,0.01,0,1,233763,233679,84
6399001,219.142,219.158,84,25987,0.01,0,1,233787,233703,84
6401921,194.749,194.763,84,25987,0.01,0,1,233811,233727,84
6404841,173.406,173.418,84,25987,0.01,0,1,233835,233751,84
6407761,154.73,154.74,84,25987,0.01,0,1,233859,233775,84
6410681,138.389,138.398,84,25987,0.01,0,1,233883,233799,84
6413601,124.09,124.098,84,25987,0.01,0,1,233907,233823,84
6416521,111.579,111.586,84,25987,0.01,0,1,233931,233847,84
6419441,100.631,100.638,84,25987,0.01,0,1,233955,233871,84
6422361,91.0525,91.0579,84,25987,0.01,0,1,233979,233895,84
6425281,82.671,82.6757,84,25987,0.01,0,1,234003,233919,84
6428201,75.3371,75.3412,84,25987,0.01,0,1,234027,233943,84
6431121,68.9199,68.9236,84,25987,0.01,0,1,234051,233967,84
6434041,63.305,63.3081,84,25987,0.01,0,1,234075,233991,84
6436961,58.3918,58.3946,84,25987,0.01,0,1,234099,234015,84
6439881,54.0929,54.0953,84,25987,0.01,0,1,234123,234039,84
6442801,50.3312,50.3334,84,25987,0.01,0,1,234147,234063,84
6445721,47.0398,47.0417,84,25987,0.01,0,1,234171,234087,84
6448641,44.1599,44.1615,84,25987,0.01,0,1,234195,234111,84
6451561,41.6399,41.6413,84,25987,0.01,0,1,234219,234135,84
6454481,39.4349,39.4361,84,25987,0.01,0,1,234243,234159,84
6457401,37.5055,37.5066,84,25987,0.01,0,1,234267,234183,84
6460321,35.8173,35.8183,84,25987,0.01,0,1,234291,234207,84
6463241,34.3402,34.341,84,25987,0.01,0,1,234315,234231,84
6466161,33.0477,33.0484,84,25987,0.01,0,1,234339,234255,84
6469081,31.9167,31.9173,84,25987,0.01,0,1,234363,234279,84
6472001,30.9271,30.9277,84,25987,0.01,0,1,234387,234303,84
6474921,30.0612,30.0617,84,25987,0.01,0,1,234411,234327,84
6477841,29.3036,29.304,84,25987,0.01,0,1,234435,234351,84
6480761,28.6406,28.641,84,25987,0.01,0,1,234459,234375,84
6483681,28.0605,28.0609,84,25987,0.01,0,1,234483,234399,84
6486601,27.553,27.5533,84,25987,0.01,0,1,234507,234423,84
6489521,27.1089,27.1091,84,25987,0.01,0,1,234531,234447,84
6492441,26.7202,26.7205,84,25987,0.01,0,1,234555,234471,84
6495361,26.3802,26.3804,84,25987,0.01,0,1,234579,234495,84
6498281,26.0827,26.0829,84,25987,0.01,0,1,234603,234519,84
6501201,25.8224,25.8225,84,25987,0.01,0,1,234627,234543,84
6504121,25.5946,25.5947,84,25987,0.01,0,1,234651,234567,84
6507041,25.3952,25.3954,84,25987,0.01,0,1,234675,234591,84
6509961,25.2208,25.2209,84,25987,0.01,0,1,234699,234615,84
6512881,25.0682,25.0683,84,25987,0.01,0,1,234723,234639,84
6515801,24.9347,24.9348,84,25987,0.01,0,1,234747,234663,84
6518721,24.8179,24.8179,84,25987,0.01,0,1,234771,234687,84
6521641,24.7156,24.7157,84,25987,0.01,0,1,234795,234711,84
6524561,24.6262,24.6262,84,25987,0.01,0,1,234819,234735,84
6527481,24.5479,24.5479,84,25987,0.01,0,1,234843,234759,84
6530401,24.4794,24.4795,84,25987,0.01,0,1,234867,234783,84
6533321,24.4195,24.4195,84,25987,0.01,0,1,234891,234807,84
6536241,24.3671,24.3671,84,25987,0.01,0,1,234915,234831,84
6539161,24.3212,24.3212,84,25987,0.01,0,1,234939,234855,84
6542081,24.281,24.281,84,25987,0.01,0,1,234963,234879,84
6545001,24.2459,24.2459,84,25987,0.01,0,1,234987,234903,84
6547921,24.2152,24.2152,84,25987,0.01,0,1,235011,234927,84
6550841,24.1883,24.1883,84,25987,0.01,0,1,235035,234951,84
6553761,24.1647,24.1647,84,25987,0.01,0,1,235059,234975,84
6556681,24.1441,24.1442,84,25987,0.01,0,1,235083,234999,84
6559601,24.1261,24.1261,84,25987,0.01,0,1,235107,235023,84
6562521,24.1104,24.1104,84,25987,0.01,0,1,235131,235047,84
6565441,24.0966,24.0966,84,25987,0.01,0,1,235155,235071,84
6568361,24.0845,24.0845,84,25987,0.01,0,1,235179,235095,84
6571281,24.0739,24.0739,84,25987,0.01,0,1,235203,235119,84
6574201,24.0647,24.0647,84,25987,0.01,0,1,235227,235143,84
6577121,24.0566,24.0566,84,25987,0.01,0,1,235251,235167,84
6580041,24.0495,24.0495,84,25987,0.01,0,1,235275,235191,84
6582961,24.0433,24.0433,84,25987,0.01,0,1,235299,235215,84
6585881,24.0379,24.0379,84,25987,0.01,0,1,235323,235239,84
6588801,24.0332,24.0332,84,25987,0.01,0,1,235347,235263,84
6591721,24.029,24.029,84,25987,0.01,0,1,235371,235287,84
6594641,24.0254,24.0254,84,25987,0.01,0,1,235395,235311,84
6597561,24.0222,24.0222,84,25987,0.01,0,1,235419,235335,84
6600481,24.0194,24.0195,84,25987,0.01,0,1,235443,235359,84
6603401,24.017,24.017,84,25987,0.01,0,1,235467,235383,84
6606321,24.0149,24.0149,84,25987,0.01,0,1,235491,235407,84
6609241,24.013,24.013,84,25987,0.01,0,1,235515,235431,84
6612161,24.0114,24.0114,84,25987,0.01,0,1,235539,235455,84
6615081,24.01,24.01,84,25987,0.01,0,1,235563,235479,84
6618001,24.0087,24.0087,84,25987,0.01,0,1,235587,235503,84
6620921,24.0076,24.0076,84,25987,0.01,0,1,235611,235527,84
6623841,24.0067,24.0067,84,25987,0.01,0,1,235635,235551,84
6626761,24.0058,24.0058,84,25987,0.01,0,1,235659,235575,84
6629681,24.0051,24.0051,84,25987,0.01,0,1,235683,235599,84
6632601,24.0045,24.0045,84,25987,0.01,0,1,235707,235623,84
6635521,24.0039,24.0039,84,25987,0.01,0,1,235731,235647,84
6638441,24.0034,24.0034,84,25987,0.01,0,1,235755,235671,84
6641361,24.003,24.003,84,25987,0.01,0,1,235779,235695,84
6644281,24.0026,24.0026,84,25987,0.01,0,1,235803,235719,84
6647201,24.0023,24.0023,84,25987,0.01,0,1,235827,235743,84
6650121,24.002,24.002,84,25987,0.01,0,1,235851,235767,84
6653041,24.0018,24.0018,84,25987,0.01,0,1,235875,235791,84
6655961,24.0015,24.0015,84,25987,0.01,0,1,235899,235815,84
6658881,24.0013,24.0013,84,25987,0.01,0,1,235923,235839,84
6661801,24.0012,24.0012,84,25987,0.01,0,1,235947,235863,84
6664721,24.001,24.001,84,25987,0.01,0,1,235971,235887,84
6667641,24.0009,24.0009,84,25987,0.01,0,1,235995,235911,84
6670561,24.0008,24.0008,84,25987,0.01,0,1,236019,235935,84
6673481,24.0007,24.0007,84,25987,0.01,0,1,236043,235959,84
6676401,24.0006,24.0006,84,25987,0.01,0,1,236067,235983,84
6679321,24.0005,24.0005,84,25987,0.01,0,1,236091,236007,84
6682241,24.0005,24.0005,84,25987,0.01,0,1,236115,236031,84
6685161,24.0004,24.0004,84,25987,0.01,0,1,236139,236055,84
6688081,24.0004,24.0004,84,25987,0.01,0,1,236163,236079,84
6691001,24.0003,24.0003,84,25987,0.01,0,1,236187,236103,84
6693921,24.0003,24.0003,84,25987,0.01,0,1,236211,236127,84
6696841,24.0002,24.0002,84,25987,0.01,0,1,236235,236151,84
6699761,24.0002,24.0002,84,25987,0.01,0,1,236259,236175,84
6702681,24.0002,24.0002,84,25987,0.01,0,1,236283,236199,84
6705601,24.0002,24.0002,84,25987,0.01,0,1,236307,236223,84
6708521,24.0001,24.0001,84,25987,0.01,0,1,236331,236247,84
6711441,24.0001,24.0001,84,25987,0.01,0,1,236355,236271,84
6714361,24.0001,24.0001,84,25987,0.01,0,1,236379,236295,84
6717281,24.0001,24.0001,84,25987,0.01,0,1,236403,236319,84
6720201,24.0001,24.0001,84,25987,0.01,0,1,236427,236343,84
6723121,24.0001,24.0001,84,25987,0.01,0,1,236451,236367,84
6726041,24.0001,24.0001,84,25987,0.01,0,1,236475,236391,84
6728961,24.0001,24.0001,84,25987,0.01,0,1,236499,236415,84
6731881,24,24,84,25987,0.01,0,1,236523,236439,84
6734801,24,24,84,25987,0.01,0,1,236547,236463,84
6737721,24,24,84,25987,0.01,0,1,236571,236487,84
6740641,24,24,84,25987,0.01,0,1,236595,236511,84
6743561,24,24,84,25987,0.01,0,1,236619,236535,84
6746481,24,24,84,25987,0.01,0,1,236643,236559,84
6749401,24,24,84,25987,0.01,0,1,236667,236583,84
6752321,24,24,84,25987,0.01,0,1,236691,236607,84
6755241,24,24,84,25987,0.01,0,1,236715,236631,84
6758161,24,24,84,25987,0.01,0,1,236739,236655,84
6761081,24,24,84,25987,0.01,0,1,236763,236679,84
6764001,24,24,84,25987,0.01,0,1,236787,236703,84
6766921,24,24,84,25987,0.01,0,1,236811,236727,84
6769841,24,24,84,25987,0.01,0,1,236835,236751,84
6772761,24,24,84,25987,0.01,0,1,236859,236775,84
6775681,24,24,84,25987,0.01,0,1,236883,236799,84
6778601,24,24,84,25987,0.01,0,1,236907,236823,84
6781521,24,24,84,25987,0.01,0,1,236931,236847,84
6784441,24,24,84,25987,0.01,0,1,236955,236871,84
6787361,24,24,84,25987,0.01,0,1,236979,236895,84
6790281,24,24,84,25987,0.01,0,1,237003,236919,84
6793201,24,24,84,25987,0.01,0,1,237027,236943,84
6796121,24,24,84,25987,0.01,0,1,237051,236967,84
6799041,24,24,84,25987,0.01,0,1,237075,236991,84
6801961,24,24,84,25987,0.01,0,1,237099,237015,84
6804881,24,24,84,25987,0.01,0,1,237123,237039,84
6807801,24,24,84,25987,0.01,0,1,237147,237063,84
6810721,24,24,84,25987,0.01,0,1,237171,237087,84
6813641,24,24,84,25987,0.01,0,1,237195,237111,84
6816561,24,24,84,25987,0.01,0,1,237219,237135,84
6819481,24,24,84,25987,0.01,0,1,237243,237159,84
6822401,24,24,84,25987,0.01,0,1,237267,237183,84
6825321,24,24,84,25987,0.01,0,1,237291,237207,84
6828241,24,24,84,25987,0.01,0,1,237315,237231,84
6831161,24,24,84,25987,0.01,0,1,237339,237255,84
6834081,24,24,84,25987,0.01,0,1,237363,237279,84
6837001,24,24,84,25987,0.01,0,1,237387,237303,84
6839921,24,24,84,25987,0.01,0,1,237411,237327,84
6842841,24,24,84,25987,0.01,0,1,237435,237351,84
6845761,24,24,84,25987,0.01,0,1,237459,237375,84
6848681,24,24,84,25987,0.01,0,1,237483,237399,84
6851601,24,24,84,25987,0.01,0,1,237507,237423,84
6854521,24,24,84,25987,0.01,0,1,237531,237447,84
6857441,24,24,84,25987,0.01,0,1,237555,237471,84
6860361,24,24,84,25987,0.01,0,1,237579,237495,84
6863281,24,24,84,25987,0.01,0,1,237603,237519,84
6866201,24,24,84,25987,0.01,0,1,237627,237543,84
6869121,24,24,84,25987,0.01,0,1,237651,237567,84
6872041,24,24,84,25987,0.01,0,1,237675,237591,84
6874961,24,24,84,25987,0.01,0,1,237699,237615,84
6877881,24,24,84,25987,0.01,0,1,237723,237639,84
6880801,24,24,84,25987,0.01,0,1,237747,237663,84
6883721,24,24,84,25987,0.01,0,1,237771,237687,84
6886641,24,24,84,25987,0.01,0,1,237795,237711,84
6889561,24,24,84,25987,0.01,0,1,237819,237735,84
6892481,24,24,84,25987,0.01,0,1,237843,237759,84
6895401,24,24,84,25987,0.01,0,1,237867,237783,84
6898321,24,24,84,25987,0.01,0,1,237891,237807,84
6901241,24,24,84,25987,0.01,0,1,237915,237831,84
6904161,24,24,84,25987,0.01,0,1,237939,237855,84
6907081,24,24,84,25987,0.01,0,1,237963,237879,84
6910001,24,24,84,25987,0.01,0,1,237987,237903,84
6912921,24,24,84,25987,0.01,0,1,238011,237927,84
6915841,24,24,84,25987,0.01,0,1,238035,237951,84
6918761,24,24,84,25987,0.01,0,1,238059,237975,84
6921681,24,24,84,25987,0.01,0,1,238083,237999,84
6924601,24,24,84,25987,0.01,0,1,238107,238023,84
6927521,24,24,84,25987,0.01,0,1,238131,238047,84
6930441,24,24,84,25987,0.01,0,1,238155,238071,84
6933361,24,24,84,25987,0.01,0,1,238179,238095,84
6936281,24,24,84,25987,0.01,0,1,238203,238119,84
6939201,24,24,84,25987,0.01,0,1,238227,238143,84
6942121,24,24,84,25987,0.01,0,1,238251,238167,84
6945041,24,24,84,25987,0.01,0,1,238275,238191,84
6947961,24,24,84,25987,0.01,0,1,238299,238215,84
6950881,24,24,84,25987,0.01,0,1,238323,238239,84
6953801,24,24,84,25987,0.01,0,1,238347,238263,84
6956721,24,24,84,25987,0.01,0,1,238371,238287,84
6959641,24,24,84,25987,0.01,0,1,238395,238311,84
6962561,24,24,84,25987,0.01,0,1,238419,238335,84
6965481,24,24,84,25987,0.01,0,1,238443,238359,84
6968401,24,24,84,25987,0.01,0,1,238467,238383,84
6971321,24,24,84,25987,0.01,0,1,238491,238407,84
6974241,24,24,84,25987,0.01,0,1,238515,238431,84
6977161,24,24,84,25987,0.01,0,1,238539,238455,84
6980081,24,24,84,25987,0.01,0,1,238563,238479,84
6983001,24,24,84,25987,0.01,0,1,238587,238503,84
6985921,24,24,84,25987,0.01,0,1,238611,238527,84
6988841,24,24,84,25987,0.01,0,1,238635,238551,84
6991761,24,24,84,25987,0.01,0,1,238659,238575,84
6994681,24,24,84,25987,0.01,0,1,238683,238599,84
6997601,24,24,84,25987,0.01,0,1,238707,238623,84
7000521,24,24,84,25987,0.01,0,1,238731,238647,84
7003441,24,24,84,25987,0.01,0,1,238755,238671,84
7006361,24,24,84,25987,0.01,0,1,238779,238695,84
7009281,24,24,84,25987,0.01,0,1,238803,238719,84
7012201,24,24,84,25987,0.01,0,1,238827,238743,84
7015121,24,24,84,25987,0.01,0,1,238851,238767,84
7018041,24,24,84,25987,0.01,0,1,238875,238791,84
7020961,24,24,84,25987,0.01,0,1,238899,238815,84
7023881,24,24,84,25987,0.01,0,1,238923,238839,84
7026801,24,24,84,25987,0.01,0,1,238947,238863,84
7029721,24,24,84,25987,0.01,0,1,238971,238887,84
7032641,24,24,84,25987,0.01,0,1,238995,238911,84
7035561,24,24,84,25987,0.01,0,1,239019,238935,84
7038481,24,24,84,25987,0.01,0,1,239043,238959,84
7041401,24,24,84,25987,0.01,0,1,239067,238983,84
7044321,24,24,84,25987,0.01,0,1,239091,239007,84
7047241,24,24,84,25987,0.01,0,1,239115,239031,84
7050161,24,24,84,25987,0.01,0,1,239139,239055,84
7053081,24,24,84,25987,0.01,0,1,239163,239079,84
7056001,24,24,84,25987,0.01,0,1,239187,239103,84
7058921,24,24,84,25987,0.01,0,1,239211,239127,84
7061841,24,24,84,25987,0,0,1,239235,239151,84
7064761,24,24,84,25987,0,0,1,239259,239175,84
7066801,23.125,24,77,25987,0,0,1,239276,239199,77
7069721,504.859,504.375,87,25793,0.01,0,1,243153,243066,87
7072641,445.502,445.078,87,25793,0.01,0,1,243183,243096,87
7075561,393.564,393.193,87,25793,0.01,0,1,243213,243126,87
7078481,347.744,347.794,84,25793,0.01,0,1,243240,243156,84
7081401,307.276,307.32,84,25793,0.01,0,1,243264,243180,84
7084321,271.866,271.905,84,25793,0.01,0,1,243288,243204,84
7087241,240.883,240.917,84,25793,0.01,0,1,243312,243228,84
7090161,213.773,213.802,84,25793,0.01,0,1,243336,243252,84
7093081,190.051,190.077,84,25793,0.01,0,1,243360,243276,84
7096001,169.295,169.317,84,25793,0.01,0,1,243384,243300,84
7098921,151.133,151.153,84,25793,0.01,0,1,243408,243324,84
7101841,135.241,135.259,84,25793,0.01,0,1,243432,243348,84
7104761,121.336,121.351,84,25793,0.01,0,1,243456,243372,84
7107681,109.169,109.182,84,25793,0.01,0,1,243480,243396,84
7110601,98.5229,98.5346,84,25793,0.01,0,1,243504,243420,84
7113521,89.2076,89.2177,84,25793,0.01,0,1,243528,243444,84
7116441,81.0566,81.0655,84,25793,0.01,0,1,243552,243468,84
7119361,73.9245,73.9323,84,25793,0.01,0,1,243576,243492,84
7122281,67.684,67.6908,84,25793,0.01,0,1,243600,243516,84
7125201,62.2235,62.2294,84,25793,0.01,0,1,243624,243540,84
7128121,57.4455,57.4508,84,25793,0.01,0,1,243648,243564,84
7131041,53.2648,53.2694,84,25793,0.01,0,1,243672,243588,84
7133961,49.6067,49.6107,84,25793,0.01,0,1,243696,243612,84
7136881,46.4059,46.4094,84,25793,0.01,0,1,243720,243636,84
7139801,43.6052,43.6082,84,25793,0.01,0,1,243744,243660,84
7142721,41.1545,41.1572,84,25793,0.01,0,1,243768,243684,84
7145641,39.0102,39.0125,84,25793,0.01,0,1,243792,243708,84
7148561,37.1339,37.136,84,25793,0.01,0,1,243816,243732,84
7151481,35.4922,35.494,84,25793,0.01,0,1,243840,243756,84
7154401,34.0557,34.0572,84,25793,0.01,0,1,243864,243780,84
7157321,32.7987,32.8001,84,25793,0.01,0,1,243888,243804,84
7160241,31.6989,31.7001,84,25793,0.01,0,1,243912,243828,84
7163161,30.7365,30.7376,84,25793,0.01,0,1,243936,243852,84
7166081,29.8944,29.8954,84,25793,0.01,0,1,243960,243876,84
7169001,29.1576,29.1584,84,25793,0.01,0,1,243984,243900,84
7171921,28.5129,28.5136,84,25793,0.01,0,1,244008,243924,84
7174841,27.9488,27.9494,84,25793,0.01,0,1,244032,243948,84
7177761,27.4552,27.4558,84,25793,0.01,0,1,244056,243972,84
7180681,27.0233,27.0238,84,25793,0.01,0,1,244080,243996,84
7183601,26.6454,26.6458,84,25793,0.01,0,1,244104,244020,84
7186521,26.3147,26.3151,84,25793,0.01,0,1,244128,244044,84
7189441,26.0254,26.0257,84,25793,0.01,0,1,244152,244068,84
7192361,25.7722,25.7725,84,25793,0.01,0,1,244176,244092,84
7195281,25.5507,25.5509,84,25793,0.01,0,1,244200,244116,84
7198201,25.3568,25.3571,84,25793,0.01,0,1,244224,244140,84
7201121,25.1872,25.1874,84,25793,0.01,0,1,244248,244164,84
7204041,25.0388,25.039,84,25793,0.01,0,1,244272,244188,84
7206961,24.909,24.9091,84,25793,0.01,0,1,244296,244212,84
7209881,24.7954,24.7955,84,25793,0.01,0,1,244320,244236,84
7212801,24.6959,24.696,84,25793,0.01,0,1,244344,244260,84
7215721,24.6089,24.609,84,25793,0.01,0,1,244368,244284,84
7218641,24.5328,24.5329,84,25793,0.01,0,1,244392,244308,84
7221561,24.4662,24.4663,84,25793,0.01,0,1,244416,244332,84
7224481,24.4079,24.408,84,25793,0.01,0,1,244440,244356,84
7227401,24.357,24.357,84,25793,0.01,0,1,244464,244380,84
7230321,24.3123,24.3124,84,25793,0.01,0,1,244488,244404,84
7233241,24.2733,24.2733,84,25793,0.01,0,1,244512,244428,84
7236161,24.2391,24.2392,84,25793,0.01,0,1,244536,244452,84
7239081,24.2092,24.2093,84,25793,0.01,0,1,244560,244476,84
7242001,24.1831,24.1831,84,25793,0.01,0,1,244584,244500,84
7244921,24.1602,24.1602,84,25793,0.01,0,1,244608,244524,84
7247841,24.1402,24.1402,84,25793,0.01,0,1,244632,244548,84
7250761,24.1227,24.1227,84,25793,0.01,0,1,244656,244572,84
7253681,24.1073,24.1073,84,25793,0.01,0,1,244680,244596,84
7256601,24.0939,24.0939,84,25793,0.01,0,1,244704,244620,84
7259521,24.0822,24.0822,84,25793,0.01,0,1,244728,244644,84
7262441,24.0719,24.0719,84,25793,0.01,0,1,244752,244668,84
7265361,24.0629,24.0629,84,25793,0.01,0,1,244776,244692,84
7268281,24.055,24.0551,84,25793,0.01,0,1,244800,244716,84
7271201,24.0482,24.0482,84,25793,0.01,0,1,244824,244740,84
7274121,24.0421,24.0422,84,25793,0.01,0,1,244848,244764,84
7277041,24.0369,24.0369,84,25793,0.01,0,1,244872,244788,84
7279961,24.0323,24.0323,84,25793,0.01,0,1,244896,244812,84
7282881,24.0282,24.0282,84,25793,0.01,0,1,244920,244836,84
7285801,24.0247,24.0247,84,25793,0.01,0,1,244944,244860,84
7288721,24.0216,24.0216,84,25793,0.01,0,1,244968,244884,84
7291641,24.0189,24.0189,84,25793,0.01,0,1,244992,244908,84
7294561,24.0165,24.0166,84,25793,0.01,0,1,245016,244932,84
7297481,24.0145,24.0145,84,25793,0.01,0,1,245040,244956,84
7300401,24.0127,24.0127,84,25793,0.01,0,1,245064,244980,84
7303321,24.0111,24.0111,84,25793,0.01,0,1,245088,245004,84
7306241,24.0097,24.0097,84,25793,0.01,0,1,245112,245028,84
7309161,24.0085,24.0085,84,25793,0.01,0,1,245136,245052,84
7312081,24.0074,24.0074,84,25793,0.01,0,1,245160,245076,84
7315001,24.0065,24.0065,84,25793,0.01,0,1,245184,245100,84
7317921,24.0057,24.0057,84,25793,0.01,0,1,245208,245124,84
7320841,24.005,24.005,84,25793,0.01,0,1,245232,245148,84
7323761,24.0044,24.0044,84,25793,0.01,0,1,245256,245172,84
7326681,24.0038,24.0038,84,25793,0.01,0,1,245280,245196,84
7329601,24.0033,24.0033,84,25793,0.01,0,1,245304,245220,84
7332521,24.0029,24.0029,84,25793,0.01,0,1,245328,245244,84
7335441,24.0026,24.0026,84,25793,0.01,0,1,245352,245268,84
7338361,24.0022,24.0022,84,25793,0.01,0,1,245376,245292,84
7341281,24.002,24.002,84,25793,0.01,0,1,245400,245316,84
7344201,24.0017,24.0017,84,25793,0.01,0,1,245424,245340,84
7347121,24.0015,24.0015,84,25793,0.01,0,1,245448,245364,84
7350041,24.0013,24.0013,84,25793,0.01,0,1,245472,245388,84
7352961,24.0011,24.0011,84,25793,0.01,0,1,245496,245412,84
7355881,24.001,24.001,84,25793,0.01,0,1,245520,245436,84
7358801,24.0009,24.0009,84,25793,0.01,0,1,245544,245460,84
7361721,24.0008,24.0008,84,25793,0.01,0,1,245568,245484,84
7364641,24.0007,24.0007,84,25793,0.01,0,1,245592,245508,84
7367561,24.0006,24.0006,84,25793,0.01,0,1,245616,245532,84
7370481,24.0005,24.0005,84,25793,0.01,0,1,245640,245556,84
7373401,24.0004,24.0004,84,25793,0.01,0,1,245664,245580,84
7376321,24.0004,24.0004,84,25793,0.01,0,1,245688,245604,84
7379241,24.0003,24.0003,84,25793,0.01,0,1,245712,245628,84
7382161,24.0003,24.0003,84,25793,0.01,0,1,245736,245652,84
7385081,24.0003,24.0003,84,25793,0.01,0,1,245760,245676,84
7388001,24.0002,24.0002,84,25793,0.01,0,1,245784,245700,84
7390921,24.0002,24.0002,84,25793,0.01,0,1,245808,245724,84
7393841,24.0002,24.0002,84,25793,0.01,0,1,245832,245748,84
7396761,24.0002,24.0002,84,25793,0.01,0,1,245856,245772,84
7399681,24.0001,24.0001,84,25793,0.01,0,1,245880,245796,84
7402601,24.0001,24.0001,84,25793,0.01,0,1,245904,245820,84
7405521,24.0001,24.0001,84,25793,0.01,0,1,245928,245844,84
7408441,24.0001,24.0001,84,25793,0.01,0,1,245952,245868,84
7411361,24.0001,24.0001,84,25793,0.01,0,1,245976,245892,84
7414281,24.0001,24.0001,84,25793,0.01,0,1,246000,245916,84
7417201,24.0001,24.0001,84,25793,0.01,0,1,246024,245940,84
7420121,24.0001,24.0001,84,25793,0.01,0,1,246048,245964,84
7423041,24,24,84,25793,0.01,0,1,246072,245988,84
7425961,24,24,84,25793,0.01,0,1,246096,246012,84
7428881,24,24,84,25793,0.01,0,1,246120,246036,84
7431801,24,24,84,25793,0.01,0,1,246144,246060,84
7434721,24,24,84,25793,0.01,0,1,246168,246084,84
7437641,24,24,84,25793,0.01,0,1,246192,246108,84
7440561,24,24,84,25793,0.01,0,1,246216,246132,84
7443481,24,24,84,25793,0.01,0,1,246240,246156,84
7446401,24,24,84,25793,0.01,0,1,246264,246180,84
7449321,24,24,84,25793,0.01,0,1,246288,246204,84
7452241,24,24,84,25793,0.01,0,1,246312,246228,84
7455161,24,24,84,25793,0.01,0,1,246336,246252,84
7458081,24,24,84,25793,0.01,0,1,246360,246276,84
7461001,24,24,84,25793,0.01,0,1,246384,246300,84
7463921,24,24,84,25793,0.01,0,1,246408,246324,84
7466841,24,24,84,25793,0.01,0,1,246432,246348,84
7469761,24,24,84,25793,0.01,0,1,246456,246372,84
7472681,24,24,84,25793,0.01,0,1,246480,246396,84
7475601,24,24,84,25793,0.01,0,1,246504,246420,84
7478521,24,24,84,25793,0.01,0,1,246528,246444,84
7481441,24,24,84,25793,0.01,0,1,246552,246468,84
7484361,24,24,84,25793,0.01,0,1,246576,246492,84
7487281,24,24,84,25793,0.01,0,1,246600,246516,84
7490201,24,24,84,25793,0.01,0,1,246624,246540,84
7493121,24,24,84,25793,0.01,0,1,246648,246564,84
7496041,24,24,84,25793,0.01,0,1,246672,246588,84
7498961,24,24,84,25793,0.01,0,1,246696,246612,84
7501881,24,24,84,25793,0.01,0,1,246720,246636,84
7504801,24,24,84,25793,0.01,0,1,246744,246660,84
7507721,24,24,84,25793,0.01,0,1,246768,246684,84
7510641,24,24,84,25793,0.01,0,1,246792,246708,84
7513561,24,24,84,25793,0.01,0,1,246816,246732,84
7516481,24,24,84,25793,0.01,0,1,246840,246756,84
7519401,24,24,84,25793,0,0,1,246864,246780,84
7522321,24,24,84,25793,0,0,1,246888,246804,84
7524401,23.125,24,77,25793,0,0,1,246905,246828,77
7527321,1492.61,1492.13,87,25598,0.01,0,1,258684,258597,87
7530241,1309.78,1309.36,87,25793,0.01,0,1,258714,258627,87
7533161,1149.81,1149.44,87,25793,0.01,0,1,258744,258657,87
7536081,1009.46,1009.51,84,25793,0.01,0,1,258771,258687,84
7539001,886.277,886.321,84,25793,0.01,0,1,258795,258711,84
7541921,778.492,778.531,84,25793,0.01,0,1,258819,258735,84
7544841,684.181,684.214,84,25793,0.01,0,1,258843,258759,84
7547761,601.658,601.688,84,25793,0.01,0,1,258867,258783,84
7550681,529.451,529.477,84,25793,0.01,0,1,258891,258807,84
7553601,466.269,466.292,84,25793,0.01,0,1,258915,258831,84
7556521,410.986,411.006,84,25793,0.01,0,1,258939,258855,84
7559441,362.613,362.63,84,25793,0.01,0,1,258963,258879,84
7562361,320.286,320.301,84,25793,0.01,0,1,258987,258903,84
7565281,283.25,283.263,84,25793,0.01,0,1,259011,258927,84
7568201,250.844,250.856,84,25793,0.01,0,1,259035,258951,84
7571121,222.488,222.499,84,25793,0.01,0,1,259059,258975,84
7574041,197.677,197.686,84,25793,0.01,0,1,259083,258999,84
7576961,175.968,175.975,84,25793,0.01,0,1,259107,259023,84
7579881,156.972,156.979,84,25793,0.01,0,1,259131,259047,84
7582801,140.35,140.356,84,25793,0.01,0,1,259155,259071,84
7585721,125.806,125.812,84,25793,0.01,0,1,259179,259095,84
7588641,113.081,113.085,84,25793,0.01,0,1,259203,259119,84
7591561,101.946,101.95,84,25793,0.01,0,1,259227,259143,84
7594481,92.2024,92.2059,84,25793,0.01,0,1,259251,259167,84
7597401,83.6771,83.6802,84,25793,0.01,0,1,259275,259191,84
7600321,76.2175,76.2201,84,25793,0.01,0,1,259299,259215,84
7603241,69.6903,69.6926,84,25793,0.01,0,1,259323,259239,84
7606161,63.979,63.981,84,25793,0.01,0,1,259347,259263,84
7609081,58.9816,58.9834,84,25793,0.01,0,1,259371,259287,84
7612001,54.6089,54.6105,84,25793,0.01,0,1,259395,259311,84
7614921,50.7828,50.7842,84,25793,0.01,0,1,259419,259335,84
7617841,47.435,47.4362,84,25793,0.01,0,1,259443,259359,84
7620761,44.5056,44.5066,84,25793,0.01,0,1,259467,259383,84
7623681,41.9424,41.9433,84,25793,0.01,0,1,259491,259407,84
7626601,39.6996,39.7004,84,25793,0.01,0,1,259515,259431,84
7629521,37.7371,37.7378,84,25793,0.01,0,1,259539,259455,84
7632441,36.02,36.0206,84,25793,0.01,0,1,259563,259479,84
7635361,34.5175,34.518,84,25793,0.01,0,1,259587,259503,84
7638281,33.2028,33.2033,84,25793,0.01,0,1,259611,259527,84
7641201,32.0525,32.0529,84,25793,0.01,0,1,259635,259551,84
7644121,31.0459,31.0463,84,25793,0.01,0,1,259659,259575,84
7647041,30.1652,30.1655,84,25793,0.01,0,1,259683,259599,84
7649961,29.3945,29.3948,84,25793,0.01,0,1,259707,259623,84
7652881,28.7202,28.7204,84,25793,0.01,0,1,259731,259647,84
7655801,28.1302,28.1304,84,25793,0.01,0,1,259755,259671,84
7658721,27.6139,27.6141,84,25793,0.01,0,1,259779,259695,84
7661641,27.1622,27.1623,84,25793,0.01,0,1,259803,259719,84
7664561,26.7669,26.767,84,25793,0.01,0,1,259827,259743,84
7667481,26.421,26.4212,84,25793,0.01,0,1,259851,259767,84
7670401,26.1184,26.1185,84,25793,0.01,0,1,259875,259791,84
7673321,25.8536,25.8537,84,25793,0.01,0,1,259899,259815,84
7676241,25.6219,25.622,84,25793,0.01,0,1,259923,259839,84
7679161,25.4192,25.4192,84,25793,0.01,0,1,259947,259863,84
7682081,25.2418,25.2418,84,25793,0.01,0,1,259971,259887,84
7685001,25.0865,25.0866,84,25793,0.01,0,1,259995,259911,84
7687921,24.9507,24.9508,84,25793,0.01,0,1,260019,259935,84
7690841,24.8319,24.8319,84,25793,0.01,0,1,260043,259959,84
7693761,24.7279,24.7279,84,25793,0.01,0,1,260067,259983,84
7696681,24.6369,24.6369,84,25793,0.01,0,1,260091,260007,84
7699601,24.5573,24.5573,84,25793,0.01,0,1,260115,260031,84
7702521,24.4876,24.4877,84,25793,0.01,0,1,260139,260055,84
7705441,24.4267,24.4267,84,25793,0.01,0,1,260163,260079,84
7708361,24.3733,24.3734,84,25793,0.01,0,1,260187,260103,84
7711281,24.3267,24.3267,84,25793,0.01,0,1,260211,260127,84
7714201,24.2858,24.2859,84,25793,0.01,0,1,260235,260151,84
7717121,24.2501,24.2501,84,25793,0.01,0,1,260259,260175,84
7720041,24.2188,24.2189,84,25793,0.01,0,1,260283,260199,84
7722961,24.1915,24.1915,84,25793,0.01,0,1,260307,260223,84
7725881,24.1676,24.1676,84,25793,0.01,0,1,260331,260247,84
7728801,24.1466,24.1466,84,25793,0.01,0,1,260355,260271,84
7731721,24.1283,24.1283,84,25793,0.01,0,1,260379,260295,84
7734641,24.1122,24.1123,84,25793,0.01,0,1,260403,260319,84
7737561,24.0982,24.0982,84,25793,0.01,0,1,260427,260343,84
7740481,24.0859,24.0859,84,25793,0.01,0,1,260451,260367,84
7743401,24.0752,24.0752,84,25793,0.01,0,1,260475,260391,84
7746321,24.0658,24.0658,84,25793,0.01,0,1,260499,260415,84
7749241,24.0576,24.0576,84,25793,0.01,0,1,260523,260439,84
7752161,24.0504,24.0504,84,25793,0.01,0,1,260547,260463,84
7755081,24.0441,24.0441,84,25793,0.01,0,1,260571,260487,84
7758001,24.0386,24.0386,84,25793,0.01,0,1,260595,260511,84
7760921,24.0337,24.0338,84,25793,0.01,0,1,260619,260535,84
7763841,24.0295,24.0295,84,25793,0.01,0,1,260643,260559,84
7766761,24.0258,24.0258,84,25793,0.01,0,1,260667,260583,84
7769681,24.0226,24.0226,84,25793,0.01,0,1,260691,260607,84
7772601,24.0198,24.0198,84,25793,0.01,0,1,260715,260631,84
7775521,24.0173,24.0173,84,25793,0.01,0,1,260739,260655,84
7778441,24.0151,24.0151,84,25793,0.01,0,1,260763,260679,84
7781361,24.0133,24.0133,84,25793,0.01,0,1,260787,260703,84
7784281,24.0116,24.0116,84,25793,0.01,0,1,260811,260727,84
7787201,24.0101,24.0101,84,25793,0.01,0,1,260835,260751,84
7790121,24.0089,24.0089,84,25793,0.01,0,1,260859,260775,84
7793041,24.0078,24.0078,84,25793,0.01,0,1,260883,260799,84
7795961,24.0068,24.0068,84,25793,0.01,0,1,260907,260823,84
7798881,24.0059,24.0059,84,25793,0.01,0,1,260931,260847,84
7801801,24.0052,24.0052,84,25793,0.01,0,1,260955,260871,84
7804721,24.0046,24.0046,84,25793,0.01,0,1,260979,260895,84
7807641,24.004,24.004,84,25793,0.01,0,1,261003,260919,84
7810561,24.0035,24.0035,84,25793,0.01,0,1,261027,260943,84
7813481,24.0031,24.0031,84,25793,0.01,0,1,261051,260967,84
7816401,24.0027,24.0027,84,25793,0.01,0,1,261075,260991,84
7819321,24.0023,24.0023,84,25793,0.01,0,1,261099,261015,84
7822241,24.002,24.002,84,25793,0.01,0,1,261123,261039,84
7825161,24.0018,24.0018,84,25793,0.01,0,1,261147,261063,84
7828081,24.0016,24.0016,84,25793,0.01,0,1,261171,261087,84
7831001,24.0014,24.0014,84,25793,0.01,0,1,261195,261111,84
7833921,24.0012,24.0012,84,25793,0.01,0,1,261219,261135,84
7836841,24.001,24.001,84,25793,0.01,0,1,261243,261159,84
7839761,24.0009,24.0009,84,25793,0.01,0,1,261267,261183,84
7842681,24.0008,24.0008,84,25793,0.01,0,1,261291,261207,84
7845601,24.0007,24.0007,84,25793,0.01,0,1,261315,261231,84
7848521,24.0006,24.0006,84,25793,0.01,0,1,261339,261255,84
7851441,24.0005,24.0005,84,25793,0.01,0,1,261363,261279,84
7854361,24.0005,24.0005,84,25793,0.01,0,1,261387,261303,84
7857281,24.0004,24.0004,84,25793,0.01,0,1,261411,261327,84
7860201,24.0004,24.0004,84,25793,0.01,0,1,261435,261351,84
7863121,24.0003,24.0003,84,25793,0.01,0,1,261459,261375,84
7866041,24.0003,24.0003,84,25793,0.01,0,1,261483,261399,84
7868961,24.0002,24.0002,84,25793,0.01,0,1,261507,261423,84
7871881,24.0002,24.0002,84,25793,0.01,0,1,261531,261447,84
7874801,24.0002,24.0002,84,25793,0.01,0,1,261555,261471,84
7877721,24.0002,24.0002,84,25793,0.01,0,1,261579,261495,84
7880641,24.0001,24.0001,84,25793,0.01,0,1,261603,261519,84
7883561,24.0001,24.0001,84,25793,0.01,0,1,261627,261543,84
7886481,24.0001,24.0001,84,25793,0.01,0,1,261651,261567,84
7889401,24.0001,24.0001,84,25793,0.01,0,1,261675,261591,84
7892321,24.0001,24.0001,84,25793,0.01,0,1,261699,261615,84
7895241,24.0001,24.0001,84,25793,0.01,0,1,261723,261639,84
7898161,24.0001,24.0001,84,25793,0.01,0,1,261747,261663,84
7901081,24.0001,24.0001,84,25793,0.01,0,1,261771,261687,84
7904001,24,24,84,25793,0.01,0,1,261795,261711,84
7906921,24,24,84,25793,0.01,0,1,261819,261735,84
7909841,24,24,84,25793,0.01,0,1,261843,261759,84
7912761,24,24,84,25793,0.01,0,1,261867,261783,84
7915681,24,24,84,25793,0.01,0,1,261891,261807,84
7918601,24,24,84,25793,0.01,0,1,261915,261831,84
7921521,24,24,84,25793,0.01,0,1,261939,261855,84
7924441,24,24,84,25793,0.01,0,1,261963,261879,84
7927361,24,24,84,25793,0.01,0,1,261987,261903,84
7930281,24,24,84,25793,0.01,0,1,262011,261927,84
7933201,24,24,84,25793,0.01,0,1,262035,261951,84
7936121,24,24,84,25793,0.01,0,1,262059,261975,84
7939041,24,24,84,25793,0.01,0,1,262083,261999,84
7941961,24,24,84,25793,0.01,0,1,262107,262023,84
7944881,24,24,84,25793,0.01,0,1,262131,262047,84
7947801,24,24,84,25793,0.01,0,1,262155,262071,84
7950721,24,24,84,25793,0.01,0,1,262179,262095,84
7953641,24,24,84,25793,0.01,0,1,262203,262119,84
7956561,24,24,84,25793,0.01,0,1,262227,262143,84
7959481,24,24,84,25793,0.01,0,1,262251,262167,84
7962401,24,24,84,25793,0.01,0,1,262275,262191,84
7965321,24,24,84,25793,0.01,0,1,262299,262215,84
7968241,24,24,84,25793,0.01,0,1,262323,262239,84
7971161,24,24,84,25793,0.01,0,1,262347,262263,84
7974081,24,24,84,25793,0.01,0,1,262371,262287,84
7977001,24,24,84,25793,0.01,0,1,262395,262311,84
7979921,24,24,84,25793,0.01,0,1,262419,262335,84
7982841,24,24,84,25793,0.01,0,1,262443,262359,84
7985761,24,24,84,25793,0.01,0,1,262467,262383,84
7988681,24,24,84,25793,0.01,0,1,262491,262407,84
7991601,24,24,84,25793,0.01,0,1,262515,262431,84
7994521,24,24,84,25793,0.01,0,1,262539,262455,84
7997441,24,24,84,25793,0.01,0,1,262563,262479,84
8000361,24,24,84,25793,0.01,0,1,262587,262503,84
8003281,24,24,84,25793,0.01,0,1,262611,262527,84
8006201,24,24,84,25793,0.01,0,1,262635,262551,84
8009121,24,24,84,25793,0.01,0,1,262659,262575,84
8012041,24,24,84,25793,0.01,0,1,262683,262599,84
8014961,24,24,84,25793,0.01,0,1,262707,262623,84
8017881,24,24,84,25793,0.01,0,1,262731,262647,84
8020801,24,24,84,25793,0.01,0,1,262755,262671,84
8023721,24,24,84,25793,0.01,0,1,262779,262695,84
8026641,24,24,84,25793,0.01,0,1,262803,262719,84
8029561,24,24,84,25793,0.01,0,1,262827,262743,84
8032481,24,24,84,25793,0.01,0,1,262851,262767,84
8035401,24,24,84,25793,0.01,0,1,262875,262791,84
8038321,24,24,84,25793,0.01,0,1,262899,262815,84
8041241,24,24,84,25793,0.01,0,1,262923,262839,84
8044161,24,24,84,25793,0.01,0,1,262947,262863,84
8047081,24,24,84,25793,0.01,0,1,262971,262887,84
8050001,24,24,84,25793,0.01,0,1,262995,262911,84
8052921,24,24,84,25793,0.01,0,1,263019,262935,84
8055841,24,24,84,25793,0.01,0,1,263043,262959,84
8058761,24,24,84,25793,0.01,0,1,263067,262983,84
8061681,24,24,84,25793,0.01,0,1,263091,263007,84
8064601,24,24,84,25793,0.01,0,1,263115,263031,84
8067521,24,24,84,25793,0.01,0,1,263139,263055,84
8070441,24,24,84,25793,0.01,0,1,263163,263079,84
8073361,24,24,84,25793,0.01,0,1,263187,263103,84
8076281,24,24,84,25793,0.01,0,1,263211,263127,84
8079201,24,24,84,25793,0.01,0,1,263235,263151,84
8082121,24,24,84,25793,0,0,1,263259,263175,84
8085041,24,24,84,25793,0,0,1,263283,263199,84
8087041,23,24,76,25793,0,0,1,263299,263223,76
8089961,593.625,593.125,87,25598,0.01,0,1,267887,267800,87
8092881,523.172,522.734,87,25598,0.01,0,1,267917,267830,87
8095801,461.525,461.143,87,25598,0.01,0,1,267947,267860,87
8098721,407.21,407.25,84,25598,0.01,0,1,267974,267890,84
8101641,359.309,359.344,84,25598,0.01,0,1,267998,267914,84
8104561,317.395,317.426,84,25598,0.01,0,1,268022,267938,84
8107481,280.721,280.747,84,25598,0.01,0,1,268046,267962,84
8110401,248.631,248.654,84,25598,0.01,0,1,268070,267986,84
8113321,220.552,220.572,84,25598,0.01,0,1,268094,268010,84
8116241,195.983,196.001,84,25598,0.01,0,1,268118,268034,84
8119161,174.485,174.501,84,25598,0.01,0,1,268142,268058,84
8122081,155.674,155.688,84,25598,0.01,0,1,268166,268082,84
8125001,139.215,139.227,84,25598,0.01,0,1,268190,268106,84
8127921,124.813,124.824,84,25598,0.01,0,1,268214,268130,84
8130841,112.211,112.221,84,25598,0.01,0,1,268238,268154,84
8133761,101.185,101.193,84,25598,0.01,0,1,268262,268178,84
8136681,91.5369,91.544,84,25598,0.01,0,1,268286,268202,84
8139601,83.0948,83.101,84,25598,0.01,0,1,268310,268226,84
8142521,75.7079,75.7134,84,25598,0.01,0,1,268334,268250,84
8145441,69.2445,69.2492,84,25598,0.01,0,1,268358,268274,84
8148361,63.5889,63.593,84,25598,0.01,0,1,268382,268298,84
8151281,58.6403,58.6439,84,25598,0.01,0,1,268406,268322,84
8154201,54.3103,54.3134,84,25598,0.01,0,1,268430,268346,84
8157121,50.5215,50.5242,84,25598,0.01,0,1,268454,268370,84
8160041,47.2063,47.2087,84,25598,0.01,0,1,268478,268394,84
8162961,44.3055,44.3076,84,25598,0.01,0,1,268502,268418,84
8165881,41.7673,41.7692,84,25598,0.01,0,1,268526,268442,84
8168801,39.5464,39.548,84,25598,0.01,0,1,268550,268466,84
8171721,37.6031,37.6045,84,25598,0.01,0,1,268574,268490,84
8174641,35.9027,35.904,84,25598,0.01,0,1,268598,268514,84
8177561,34.4149,34.416,84,25598,0.01,0,1,268622,268538,84
8180481,33.113,33.114,84,25598,0.01,0,1,268646,268562,84
8183401,31.9739,31.9747,84,25598,0.01,0,1,268670,268586,84
8186321,30.9772,30.9779,84,25598,0.01,0,1,268694,268610,84
8189241,30.105,30.1056,84,25598,0.01,0,1,268718,268634,84
8192161,29.3419,29.3424,84,25598,0.01,0,1,268742,268658,84
8195081,28.6741,28.6746,84,25598,0.01,0,1,268766,268682,84
8198001,28.0899,28.0903,84,25598,0.01,0,1,268790,268706,84
8200921,27.5786,27.579,84,25598,0.01,0,1,268814,268730,84
8203841,27.1313,27.1316,84,25598,0.01,0,1,268838,268754,84
8206761,26.7399,26.7402,84,25598,0.01,0,1,268862,268778,84
8209681,26.3974,26.3977,84,25598,0.01,0,1,268886,268802,84
8212601,26.0977,26.098,84,25598,0.01,0,1,268910,268826,84
8215521,25.8355,25.8357,84,25598,0.01,0,1,268934,268850,84
8218441,25.6061,25.6062,84,25598,0.01,0,1,268958,268874,84
8221361,25.4053,25.4055,84,25598,0.01,0,1,268982,268898,84
8224281,25.2297,25.2298,84,25598,0.01,0,1,269006,268922,84
8227201,25.0759,25.0761,84,25598,0.01,0,1,269030,268946,84
8230121,24.9415,24.9416,84,25598,0.01,0,1,269054,268970,84
8233041,24.8238,24.8239,84,25598,0.01,0,1,269078,268994,84
8235961,24.7208,24.7209,84,25598,0.01,0,1,269102,269018,84
8238881,24.6307,24.6308,84,25598,0.01,0,1,269126,269042,84
8241801,24.5519,24.5519,84,25598,0.01,0,1,269150,269066,84
8244721,24.4829,24.4829,84,25598,0.01,0,1,269174,269090,84
8247641,24.4225,24.4226,84,25598,0.01,0,1,269198,269114,84
8250561,24.3697,24.3697,84,25598,0.01,0,1,269222,269138,84
8253481,24.3235,24.3235,84,25598,0.01,0,1,269246,269162,84
8256401,24.2831,24.2831,84,25598,0.01,0,1,269270,269186,84
8259321,24.2477,24.2477,84,25598,0.01,0,1,269294,269210,84
8262241,24.2167,24.2167,84,25598,0.01,0,1,269318,269234,84
8265161,24.1896,24.1896,84,25598,0.01,0,1,269342,269258,84
8268081,24.1659,24.1659,84,25598,0.01,0,1,269366,269282,84
8271001,24.1452,24.1452,84,25598,0.01,0,1,269390,269306,84
8273921,24.127,24.127,84,25598,0.01,0,1,269414,269330,84
8276841,24.1112,24.1112,84,25598,0.01,0,1,269438,269354,84
8279761,24.0973,24.0973,84,25598,0.01,0,1,269462,269378,84
8282681,24.0851,24.0851,84,25598,0.01,0,1,269486,269402,84
8285601,24.0745,24.0745,84,25598,0.01,0,1,269510,269426,84
8288521,24.0652,24.0652,84,25598,0.01,0,1,269534,269450,84
8291441,24.057,24.057,84,25598,0.01,0,1,269558,269474,84
8294361,24.0499,24.0499,84,25598,0.01,0,1,269582,269498,84
8297281,24.0436,24.0437,84,25598,0.01,0,1,269606,269522,84
8300201,24.0382,24.0382,84,25598,0.01,0,1,269630,269546,84
8303121,24.0334,24.0334,84,25598,0.01,0,1,269654,269570,84
8306041,24.0292,24.0292,84,25598,0.01,0,1,269678,269594,84
8308961,24.0256,24.0256,84,25598,0.01,0,1,269702,269618,84
8311881,24.0224,24.0224,84,25598,0.01,0,1,269726,269642,84
8314801,24.0196,24.0196,84,25598,0.01,0,1,269750,269666,84
8317721,24.0171,24.0171,84,25598,0.01,0,1,269774,269690,84
8320641,24.015,24.015,84,25598,0.01,0,1,269798,269714,84
8323561,24.0131,24.0131,84,25598,0.01,0,1,269822,269738,84
8326481,24.0115,24.0115,84,25598,0.01,0,1,269846,269762,84
8329401,24.01,24.01,84,25598,0.01,0,1,269870,269786,84
8332321,24.0088,24.0088,84,25598,0.01,0,1,269894,269810,84
8335241,24.0077,24.0077,84,25598,0.01,0,1,269918,269834,84
8338161,24.0067,24.0067,84,25598,0.01,0,1,269942,269858,84
8341081,24.0059,24.0059,84,25598,0.01,0,1,269966,269882,84
8344001,24.0052,24.0052,84,25598,0.01,0,1,269990,269906,84
8346921,24.0045,24.0045,84,25598,0.01,0,1,270014,269930,84
8349841,24.0039,24.0039,84,25598,0.01,0,1,270038,269954,84
8352761,24.0035,24.0035,84,25598,0.01,0,1,270062,269978,84
8355681,24.003,24.003,84,25598,0.01,0,1,270086,270002,84
8358601,24.0026,24.0026,84,25598,0.01,0,1,270110,270026,84
8361521,24.0023,24.0023,84,25598,0.01,0,1,270134,270050,84
8364441,24.002,24.002,84,25598,0.01,0,1,270158,270074,84
8367361,24.0018,24.0018,84,25598,0.01,0,1,270182,270098,84
8370281,24.0015,24.0015,84,25598,0.01,0,1,270206,270122,84
8373201,24.0014,24.0014,84,25598,0.01,0,1,270230,270146,84
8376121,24.0012,24.0012,84,25598,0.01,0,1,270254,270170,84
8379041,24.001,24.001,84,25598,0.01,0,1,270278,270194,84
8381961,24.0009,24.0009,84,25598,0.01,0,1,270302,270218,84
8384881,24.0008,24.0008,84,25598,0.01,0,1,270326,270242,84
8387801,24.0007,24.0007,84,25598,0.01,0,1,270350,270266,84
8390721,24.0006,24.0006,84,25598,0.01,0,1,270374,270290,84
8393641,24.0005,24.0005,84,25598,0.01,0,1,270398,270314,84
8396561,24.0005,24.0005,84,25598,0.01,0,1,270422,270338,84
8399481,24.0004,24.0004,84,25598,0.01,0,1,270446,270362,84
8402401,24.0004,24.0004,84,25598,0.01,0,1,270470,270386,84
8405321,24.0003,24.0003,84,25598,0.01,0,1,270494,270410,84
8408241,24.0003,24.0003,84,25598,0.01,0,1,270518,270434,84
8411161,24.0002,24.0002,84,25598,0.01,0,1,270542,270458,84
8414081,24.0002,24.0002,84,25598,0.01,0,1,270566,270482,84
8417001,24.0002,24.0002,84,25598,0.01,0,1,270590,270506,84
8419921,24.0002,24.0002,84,25598,0.01,0,1,270614,270530,84
8422841,24.0001,24.0001,84,25598,0.01,0,1,270638,270554,84
8425761,24.0001,24.0001,84,25598,0.01,0,1,270662,270578,84
8428681,24.0001,24.0001,84,25598,0.01,0,1,270686,270602,84
8431601,24.0001,24.0001,84,25598,0.01,0,1,270710,270626,84
8434521,24.0001,24.0001,84,25598,0.01,0,1,270734,270650,84
8437441,24.0001,24.0001,84,25598,0.01,0,1,270758,270674,84
8440361,24.0001,24.0001,84,25598,0.01,0,1,270782,270698,84
8443281,24.0001,24.0001,84,25598,0.01,0,1,270806,270722,84
8446201,24,24,84,25598,0.01,0,1,270830,270746,84
8449121,24,24,84,25598,0.01,0,1,270854,270770,84
8452041,24,24,84,25598,0.01,0,1,270878,270794,84
8454961,24,24,84,25598,0.01,0,1,270902,270818,84
8457881,24,24,84,25598,0.01,0,1,270926,270842,84
8460801,24,24,84,25598,0.01,0,1,270950,270866,84
8463721,24,24,84,25598,0.01,0,1,270974,270890,84
8466641,24,24,84,25598,0.01,0,1,270998,270914,84
8469561,24,24,84,25598,0.01,0,1,271022,270938,84
8472481,24,24,84,25598,0.01,0,1,271046,270962,84
8475401,24,24,84,25598,0.01,0,1,271070,270986,84
8478321,24,24,84,25598,0.01,0,1,271094,271010,84
8481241,24,24,84,25598,0.01,0,1,271118,271034,84
8484161,24,24,84,25598,0.01,0,1,271142,271058,84
8487081,24,24,84,25598,0.01,0,1,271166,271082,84
8490001,24,24,84,25598,0.01,0,1,271190,271106,84
8492921,24,24,84,25598,0.01,0,1,271214,271130,84
8495841,24,24,84,25598,0.01,0,1,271238,271154,84
8498761,24,24,84,25598,0.01,0,1,271262,271178,84
8501681,24,24,84,25598,0.01,0,1,271286,271202,84
8504601,24,24,84,25598,0.01,0,1,271310,271226,84
8507521,24,24,84,25598,0.01,0,1,271334,271250,84
8510441,24,24,84,25598,0.01,0,1,271358,271274,84
8513361,24,24,84,25598,0.01,0,1,271382,271298,84
8516281,24,24,84,25598,0.01,0,1,271406,271322,84
8519201,24,24,84,25598,0.01,0,1,271430,271346,84
8522121,24,24,84,25598,0.01,0,1,271454,271370,84
8525041,24,24,84,25598,0.01,0,1,271478,271394,84
8527961,24,24,84,25598,0.01,0,1,271502,271418,84
8530881,24,24,84,25598,0.01,0,1,271526,271442,84
8533801,24,24,84,25598,0.01,0,1,271550,271466,84
8536721,24,24,84,25598,0.01,0,1,271574,271490,84
8539641,24,24,84,25598,0.01,0,1,271598,271514,84
8542561,24,24,84,25598,0.01,0,1,271622,271538,84
8545481,24,24,84,25598,0.01,0,1,271646,271562,84
8548401,24,24,84,25598,0.01,0,1,271670,271586,84
8551321,24,24,84,25598,0.01,0,1,271694,271610,84
8554241,24,24,84,25598,0.01,0,1,271718,271634,84
8557161,24,24,84,25598,0.01,0,1,271742,271658,84
8560081,24,24,84,25598,0.01,0,1,271766,271682,84
8563001,24,24,84,25598,0.01,0,1,271790,271706,84
8565921,24,24,84,25598,0.01,0,1,271814,271730,84
8568841,24,24,84,25598,0.01,0,1,271838,271754,84
8571761,24,24,84,25598,0.01,0,1,271862,271778,84
8574681,24,24,84,25598,0.01,0,1,271886,271802,84
8577601,24,24,84,25598,0.01,0,1,271910,271826,84
8580521,24,24,84,25598,0.01,0,1,271934,271850,84
8583441,24,24,84,25598,0.01,0,1,271958,271874,84
8586361,24,24,84,25598,0.01,0,1,271982,271898,84
8589281,24,24,84,25598,0.01,0,1,272006,271922,84
8592201,24,24,84,25598,0.01,0,1,272030,271946,84
8595121,24,24,84,25598,0.01,0,1,272054,271970,84
8598041,24,24,84,25598,0.01,0,1,272078,271994,84
8600961,24,24,84,25598,0.01,0,1,272102,272018,84
8603881,24,24,84,25598,0.01,0,1,272126,272042,84
8606801,24,24,84,25598,0.01,0,1,272150,272066,84
8609721,24,24,84,25598,0.01,0,1,272174,272090,84
8612641,24,24,84,25598,0.01,0,1,272198,272114,84
8615561,24,24,84,25598,0.01,0,1,272222,272138,84
8618481,24,24,84,25598,0.01,0,1,272246,272162,84
8621401,24,24,84,25598,0.01,0,1,272270,272186,84
8624321,24,24,84,25598,0.01,0,1,272294,272210,84
8627241,24,24,84,25598,0.01,0,1,272318,272234,84
8630161,24,24,84,25598,0.01,0,1,272342,272258,84
8633081,24,24,84,25598,0.01,0,1,272366,272282,84
8636001,24,24,84,25598,0.01,0,1,272390,272306,84
8638921,24,24,84,25598,0.01,0,1,272414,272330,84
8641841,24,24,84,25598,0.01,0,1,272438,272354,84
8644761,24,24,84,25598,0.01,0,1,272462,272378,84
8647681,24,24,84,25598,0.01,0,1,272486,272402,84
8650601,24,24,84,25598,0.01,0,1,272510,272426,84
8653521,24,24,84,25598,0.01,0,1,272534,272450,84
8656441,24,24,84,25598,0.01,0,1,272558,272474,84
8659361,24,24,84,25598,0.01,0,1,272582,272498,84
8662281,24,24,84,25598,0.01,0,1,272606,272522,84
8665201,24,24,84,25598,0.01,0,1,272630,272546,84
8668121,24,24,84,25598,0.01,0,1,272654,272570,84
8671041,24,24,84,25598,0.01,0,1,272678,272594,84
8673961,24,24,84,25598,0.01,0,1,272702,272618,84
8676881,24,24,84,25598,0.01,0,1,272726,272642,84
8679801,24,24,84,25598,0.01,0,1,272750,272666,84
8682721,24,24,84,25598,0.01,0,1,272774,272690,84
8685641,24,24,84,25598,0.01,0,1,272798,272714,84
8688561,24,24,84,25598,0.01,0,1,272822,272738,84
8691481,24,24,84,25598,0.01,0,1,272846,272762,84
8694401,24,24,84,25598,0.01,0,1,272870,272786,84
8697321,24,24,84,25598,0.01,0,1,272894,272810,84
8700241,24,24,84,25598,0.01,0,1,272918,272834,84
8703161,24,24,84,25598,0.01,0,1,272942,272858,84
8706081,24,24,84,25598,0.01,0,1,272966,272882,84
8709001,24,24,84,25598,0.01,0,1,272990,272906,84
8711921,24,24,84,25598,0.01,0,1,273014,272930,84
8714841,24,24,84,25598,0.01,0,1,273038,272954,84
8717761,24,24,84,25598,0,0,1,273062,272978,84
8720681,24,24,84,25598,0,0,1,273086,273002,84
8722481,22.875,24,75,25598,0,0,1,273101,273026,75
8725401,86.0156,85.5,87,25598,0.01,0,1,273629,273542,87
8728321,79.0137,78.5625,87,25598,0.01,0,1,273659,273572,87
8731241,72.887,72.4922,87,25598,0.01,0,1,273689,273602,87
8734161,67.1511,67.1807,84,25598,0.01,0,1,273716,273632,84
8737081,61.7572,61.7831,84,25598,0.01,0,1,273740,273656,84
8740001,57.0376,57.0602,84,25598,0.01,0,1,273764,273680,84
8742921,52.9079,52.9277,84,25598,0.01,0,1,273788,273704,84
8745841,49.2944,49.3117,84,25598,0.01,0,1,273812,273728,84
8748761,46.1326,46.1477,84,25598,0.01,0,1,273836,273752,84
8751681,43.366,43.3793,84,25598,0.01,0,1,273860,273776,84
8754601,40.9453,40.9569,84,25598,0.01,0,1,273884,273800,84
8757521,38.8271,38.8373,84,25598,0.01,0,1,273908,273824,84
8760441,36.9737,36.9826,84,25598,0.01,0,1,273932,273848,84
8763361,35.352,35.3598,84,25598,0.01,0,1,273956,273872,84
8766281,33.933,33.9398,84,25598,0.01,0,1,273980,273896,84
8769201,32.6914,32.6973,84,25598,0.01,0,1,274004,273920,84
8772121,31.605,31.6102,84,25598,0.01,0,1,274028,273944,84
8775041,30.6543,30.6589,84,25598,0.01,0,1,274052,273968,84
8777961,29.8225,29.8265,84,25598,0.01,0,1,274076,273992,84
8780881,29.0947,29.0982,84,25598,0.01,0,1,274100,274016,84
8783801,28.4579,28.4609,84,25598,0.01,0,1,274124,274040,84
8786721,27.9006,27.9033,84,25598,0.01,0,1,274148,274064,84
8789641,27.4131,27.4154,84,25598,0.01,0,1,274172,274088,84
8792561,26.9864,26.9885,84,25598,0.01,0,1,274196,274112,84
8795481,26.6131,26.6149,84,25598,0.01,0,1,274220,274136,84
8798401,26.2865,26.2881,84,25598,0.01,0,1,274244,274160,84
8801321,26.0007,26.002,84,25598,0.01,0,1,274268,274184,84
8804241,25.7506,25.7518,84,25598,0.01,0,1,274292,274208,84
8807161,25.5318,25.5328,84,25598,0.01,0,1,274316,274232,84
8810081,25.3403,25.3412,84,25598,0.01,0,1,274340,274256,84
8813001,25.1728,25.1736,84,25598,0.01,0,1,274364,274280,84
8815921,25.0262,25.0269,84,25598,0.01,0,1,274388,274304,84
8818841,24.8979,24.8985,84,25598,0.01,0,1,274412,274328,84
8821761,24.7857,24.7862,84,25598,0.01,0,1,274436,274352,84
8824681,24.6875,24.6879,84,25598,0.01,0,1,274460,274376,84
8827601,24.6015,24.6019,84,25598,0.01,0,1,274484,274400,84
8830521,24.5263,24.5267,84,25598,0.01,0,1,274508,274424,84
8833441,24.4605,24.4609,84,25598,0.01,0,1,274532,274448,84
8836361,24.403,24.4032,84,25598,0.01,0,1,274556,274472,84
8839281,24.3526,24.3528,84,25598,0.01,0,1,274580,274496,84
8842201,24.3085,24.3087,84,25598,0.01,0,1,274604,274520,84
8845121,24.27,24.2701,84,25598,0.01,0,1,274628,274544,84
8848041,24.2362,24.2364,84,25598,0.01,0,1,274652,274568,84
8850961,24.2067,24.2068,84,25598,0.01,0,1,274676,274592,84
8853881,24.1809,24.181,84,25598,0.01,0,1,274700,274616,84
8856801,24.1582,24.1584,84,25598,0.01,0,1,274724,274640,84
8859721,24.1385,24.1386,84,25598,0.01,0,1,274748,274664,84
8862641,24.1212,24.1212,84,25598,0.01,0,1,274772,274688,84
8865561,24.106,24.1061,84,25598,0.01,0,1,274796,274712,84
8868481,24.0928,24.0928,84,25598,0.01,0,1,274820,274736,84
8871401,24.0812,24.0812,84,25598,0.01,0,1,274844,274760,84
8874321,24.071,24.0711,84,25598,0.01,0,1,274868,274784,84
8877241,24.0621,24.0622,84,25598,0.01,0,1,274892,274808,84
8880161,24.0544,24.0544,84,25598,0.01,0,1,274916,274832,84
8883081,24.0476,24.0476,84,25598,0.01,0,1,274940,274856,84
8886001,24.0416,24.0417,84,25598,0.01,0,1,274964,274880,84
8888921,24.0364,24.0365,84,25598,0.01,0,1,274988,274904,84
8891841,24.0319,24.0319,84,25598,0.01,0,1,275012,274928,84
8894761,24.0279,24.0279,84,25598,0.01,0,1,275036,274952,84
8897681,24.0244,24.0244,84,25598,0.01,0,1,275060,274976,84
8900601,24.0214,24.0214,84,25598,0.01,0,1,275084,275000,84
8903521,24.0187,24.0187,84,25598,0.01,0,1,275108,275024,84
8906441,24.0163,24.0164,84,25598,0.01,0,1,275132,275048,84
8909361,24.0143,24.0143,84,25598,0.01,0,1,275156,275072,84
8912281,24.0125,24.0125,84,25598,0.01,0,1,275180,275096,84
8915201,24.011,24.011,84,25598,0.01,0,1,275204,275120,84
8918121,24.0096,24.0096,84,25598,0.01,0,1,275228,275144,84
8921041,24.0084,24.0084,84,25598,0.01,0,1,275252,275168,84
8923961,24.0073,24.0073,84,25598,0.01,0,1,275276,275192,84
8926881,24.0064,24.0064,84,25598,0.01,0,1,275300,275216,84
8929801,24.0056,24.0056,84,25598,0.01,0,1,275324,275240,84
8932721,24.0049,24.0049,84,25598,0.01,0,1,275348,275264,84
8935641,24.0043,24.0043,84,25598,0.01,0,1,275372,275288,84
8938561,24.0038,24.0038,84,25598,0.01,0,1,275396,275312,84
8941481,24.0033,24.0033,84,25598,0.01,0,1,275420,275336,84
8944401,24.0029,24.0029,84,25598,0.01,0,1,275444,275360,84
8947321,24.0025,24.0025,84,25598,0.01,0,1,275468,275384,84
8950241,24.0022,24.0022,84,25598,0.01,0,1,275492,275408,84
8953161,24.0019,24.0019,84,25598,0.01,0,1,275516,275432,84
8956081,24.0017,24.0017,84,25598,0.01,0,1,275540,275456,84
8959001,24.0015,24.0015,84,25598,0.01,0,1,275564,275480,84
8961921,24.0013,24.0013,84,25598,0.01,0,1,275588,275504,84
8964841,24.0011,24.0011,84,25598,0.01,0,1,275612,275528,84
8967761,24.001,24.001,84,25598,0.01,0,1,275636,275552,84
8970681,24.0009,24.0009,84,25598,0.01,0,1,275660,275576,84
8973601,24.0008,24.0008,84,25598,0.01,0,1,275684,275600,84
8976521,24.0007,24.0007,84,25598,0.01,0,1,275708,275624,84
8979441,24.0006,24.0006,84,25598,0.01,0,1,275732,275648,84
8982361,24.0005,24.0005,84,25598,0.01,0,1,275756,275672,84
8985281,24.0004,24.0004,84,25598,0.01,0,1,275780,275696,84
8988201,24.0004,24.0004,84,25598,0.01,0,1,275804,275720,84
8991121,24.0003,24.0003,84,25598,0.01,0,1,275828,275744,84
8994041,24.0003,24.0003,84,25598,0.01,0,1,275852,275768,84
8996961,24.0003,24.0003,84,25598,0.01,0,1,275876,275792,84
8999881,24.0002,24.0002,84,25598,0.01,0,1,275900,275816,84
9002801,24.0002,24.0002,84,25598,0.01,0,1,275924,275840,84
9005721,24.0002,24.0002,84,25598,0.01,0,1,275948,275864,84
9008641,24.0002,24.0002,84,25598,0.01,0,1,275972,275888,84
9011561,24.0001,24.0001,84,25598,0.01,0,1,275996,275912,84
9014481,24.0001,24.0001,84,25598,0.01,0,1,276020,275936,84
9017401,24.0001,24.0001,84,25598,0.01,0,1,276044,275960,84
9020321,24.0001,24.0001,84,25598,0.01,0,1,276068,275984,84
9023241,24.0001,24.0001,84,25598,0.01,0,1,276092,276008,84
9026161,24.0001,24.0001,84,25598,0.01,0,1,276116,276032,84
9029081,24.0001,24.0001,84,25598,0.01,0,1,276140,276056,84
9032001,24.0001,24.0001,84,25598,0.01,0,1,276164,276080,84
9034921,24,24,84,25598,0.01,0,1,276188,276104,84
9037841,24,24,84,25598,0.01,0,1,276212,276128,84
9040761,24,24,84,25598,0.01,0,1,276236,276152,84
9043681,24,24,84,25598,0.01,0,1,276260,276176,84
9046601,24,24,84,25598,0.01,0,1,276284,276200,84
9049521,24,24,84,25598,0.01,0,1,276308,276224,84
9052441,24,24,84,25598,0.01,0,1,276332,276248,84
9055361,24,24,84,25598,0.01,0,1,276356,276272,84
9058281,24,24,84,25598,0.01,0,1,276380,276296,84
9061201,24,24,84,25598,0.01,0,1,276404,276320,84
9064121,24,24,84,25598,0.01,0,1,276428,276344,84
9067041,24,24,84,25598,0.01,0,1,276452,276368,84
9069961,24,24,84,25598,0.01,0,1,276476,276392,84
9072881,24,24,84,25598,0.01,0,1,276500,276416,84
9075801,24,24,84,25598,0.01,0,1,276524,276440,84
9078721,24,24,84,25598,0.01,0,1,276548,276464,84
9081641,24,24,84,25598,0.01,0,1,276572,276488,84
9084561,24,24,84,25598,0.01,0,1,276596,276512,84
9087481,24,24,84,25598,0.01,0,1,276620,276536,84
9090401,24,24,84,25598,0.01,0,1,276644,276560,84
9093321,24,24,84,25598,0.01,0,1,276668,276584,84
9096241,24,24,84,25598,0.01,0,1,276692,276608,84
9099161,24,24,84,25598,0.01,0,1,276716,276632,84
9102081,24,24,84,25598,0.01,0,1,276740,276656,84
9105001,24,24,84,25598,0.01,0,1,276764,276680,84
9107921,24,24,84,25598,0.01,0,1,276788,276704,84
9110841,24,24,84,25598,0.01,0,1,276812,276728,84
9113761,24,24,84,25598,0.01,0,1,276836,276752,84
9116681,24,24,84,25598,0.01,0,1,276860,276776,84
9119601,24,24,84,25598,0.01,0,1,276884,276800,84
9122521,24,24,84,25598,0.01,0,1,276908,276824,84
9125441,24,24,84,25598,0.01,0,1,276932,276848,84
9128361,24,24,84,25598,0.01,0,1,276956,276872,84
9131281,24,24,84,25598,0.01,0,1,276980,276896,84
9134201,24,24,84,25598,0.01,0,1,277004,276920,84
9137121,24,24,84,25598,0.01,0,1,277028,276944,84
9140041,24,24,84,25598,0.01,0,1,277052,276968,84
9142961,24,24,84,25598,0.01,0,1,277076,276992,84
9145881,24,24,84,25598,0.01,0,1,277100,277016,84
9148801,24,24,84,25598,0.01,0,1,277124,277040,84
9151721,24,24,84,25598,0.01,0,1,277148,277064,84
9154641,24,24,84,25598,0.01,0,1,277172,277088,84
9157561,24,24,84,25598,0.01,0,1,277196,277112,84
9160481,24,24,84,25598,0.01,0,1,277220,277136,84
9163401,24,24,84,25598,0.01,0,1,277244,277160,84
9166321,24,24,84,25598,0.01,0,1,277268,277184,84
9169241,24,24,84,25598,0.01,0,1,277292,277208,84
9172161,24,24,84,25598,0.01,0,1,277316,277232,84
9175081,24,24,84,25598,0.01,0,1,277340,277256,84
9178001,24,24,84,25598,0.01,0,1,277364,277280,84
9180921,24,24,84,25598,0.01,0,1,277388,277304,84
9183841,24,24,84,25598,0.01,0,1,277412,277328,84
9186761,24,24,84,25598,0.01,0,1,277436,277352,84
9189681,24,24,84,25598,0.01,0,1,277460,277376,84
9192601,24,24,84,25598,0.01,0,1,277484,277400,84
9195521,24,24,84,25598,0.01,0,1,277508,277424,84
9198441,24,24,84,25598,0.01,0,1,277532,277448,84
9201361,24,24,84,25598,0.01,0,1,277556,277472,84
9204281,24,24,84,25598,0.01,0,1,277580,277496,84
9207201,24,24,84,25598,0.01,0,1,277604,277520,84
9210121,24,24,84,25598,0.01,0,1,277628,277544,84
9213041,24,24,84,25598,0.01,0,1,277652,277568,84
9215961,24,24,84,25598,0.01,0,1,277676,277592,84
9218881,24,24,84,25598,0.01,0,1,277700,277616,84
9221801,24,24,84,25598,0.01,0,1,277724,277640,84
9224721,24,24,84,25598,0.01,0,1,277748,277664,84
9227641,24,24,84,25598,0.01,0,1,277772,277688,84
9230561,24,24,84,25598,0.01,0,1,277796,277712,84
9233481,24,24,84,25598,0.01,0,1,277820,277736,84
9236401,24,24,84,25598,0.01,0,1,277844,277760,84
9239321,24,24,84,25598,0.01,0,1,277868,277784,84
9242241,24,24,84,25598,0.01,0,1,277892,277808,84
9245161,24,24,84,25598,0.01,0,1,277916,277832,84
9248081,24,24,84,25598,0.01,0,1,277940,277856,84
9251001,24,24,84,25598,0.01,0,1,277964,277880,84
9253921,24,24,84,25598,0.01,0,1,277988,277904,84
9256841,24,24,84,25598,0.01,0,1,278012,277928,84
9259761,24,24,84,25598,0.01,0,1,278036,277952,84
9262681,24,24,84,25598,0.01,0,1,278060,277976,84
9265601,24,24,84,25598,0.01,0,1,278084,278000,84
9268521,24,24,84,25598,0.01,0,1,278108,278024,84
9271441,24,24,84,25598,0.01,0,1,278132,278048,84
9274361,24,24,84,25598,0.01,0,1,278156,278072,84
9277281,24,24,84,25598,0.01,0,1,278180,278096,84
9280201,24,24,84,25598,0.01,0,1,278204,278120,84
9283121,24,24,84,25598,0.01,0,1,278228,278144,84
9286041,24,24,84,25598,0.01,0,1,278252,278168,84
9288961,24,24,84,25598,0.01,0,1,278276,278192,84
9291881,24,24,84,25598,0.01,0,1,278300,278216,84
9294801,24,24,84,25598,0,0,1,278324,278240,84
9297721,24,24,84,25598,0,0,1,278348,278264,84
9299681,23,24,76,25598,0,0,1,278364,278288,76
9302601,1305.5,1305,87,25598,0.01,0,1,288647,288560,87
9305521,1146.06,1145.63,87,25793,0.01,0,1,288677,288590,87
9308441,1006.55,1006.17,87,25793,0.01,0,1,288707,288620,87
9311361,884.11,884.15,84,25793,0.01,0,1,288734,288650,84
9314281,776.597,776.632,84,25793,0.01,0,1,288758,288674,84
9317201,682.522,682.553,84,25793,0.01,0,1,288782,288698,84
9320121,600.207,600.234,84,25793,0.01,0,1,288806,288722,84
9323041,528.181,528.204,84,25793,0.01,0,1,288830,288746,84
9325961,465.158,465.179,84,25793,0.01,0,1,288854,288770,84
9328881,410.013,410.031,84,25793,0.01,0,1,288878,288794,84
9331801,361.762,361.778,84,25793,0.01,0,1,288902,288818,84
9334721,319.542,319.555,84,25793,0.01,0,1,288926,288842,84
9337641,282.599,282.611,84,25793,0.01,0,1,288950,288866,84
9340561,250.274,250.285,84,25793,0.01,0,1,288974,288890,84
9343481,221.99,221.999,84,25793,0.01,0,1,288998,288914,84
9346401,197.241,197.249,84,25793,0.01,0,1,289022,288938,84
9349321,175.586,175.593,84,25793,0.01,0,1,289046,288962,84
9352241,156.638,156.644,84,25793,0.01,0,1,289070,288986,84
9355161,140.058,140.063,84,25793,0.01,0,1,289094,289010,84
9358081,125.551,125.555,84,25793,0.01,0,1,289118,289034,84
9361001,112.857,112.861,84,25793,0.01,0,1,289142,289058,84
9363921,101.75,101.753,84,25793,0.01,0,1,289166,289082,84
9366841,92.0311,92.0342,84,25793,0.01,0,1,289190,289106,84
9369761,83.5272,83.5299,84,25793,0.01,0,1,289214,289130,84
9372681,76.0863,76.0887,84,25793,0.01,0,1,289238,289154,84
9375601,69.5755,69.5776,84,25793,0.01,0,1,289262,289178,84
9378521,63.8786,63.8804,84,25793,0.01,0,1,289286,289202,84
9381441,58.8937,58.8954,84,25793,0.01,0,1,289310,289226,84
9384361,54.532,54.5334,84,25793,0.01,0,1,289334,289250,84
9387281,50.7155,50.7168,84,25793,0.01,0,1,289358,289274,84
9390201,47.3761,47.3772,84,25793,0.01,0,1,289382,289298,84
9393121,44.4541,44.455,84,25793,0.01,0,1,289406,289322,84
9396041,41.8973,41.8981,84,25793,0.01,0,1,289430,289346,84
9398961,39.6601,39.6609,84,25793,0.01,0,1,289454,289370,84
9401881,37.7026,37.7033,84,25793,0.01,0,1,289478,289394,84
9404801,35.9898,35.9904,84,25793,0.01,0,1,289502,289418,84
9407721,34.4911,34.4916,84,25793,0.01,0,1,289526,289442,84
9410641,33.1797,33.1801,84,25793,0.01,0,1,289550,289466,84
9413561,32.0322,32.0326,84,25793,0.01,0,1,289574,289490,84
9416481,31.0282,31.0285,84,25793,0.01,0,1,289598,289514,84
9419401,30.1497,30.15,84,25793,0.01,0,1,289622,289538,84
9422321,29.381,29.3812,84,25793,0.01,0,1,289646,289562,84
9425241,28.7083,28.7086,84,25793,0.01,0,1,289670,289586,84
9428161,28.1198,28.12,84,25793,0.01,0,1,289694,289610,84
9431081,27.6048,27.605,84,25793,0.01,0,1,289718,289634,84
9434001,27.1542,27.1544,84,25793,0.01,0,1,289742,289658,84
9436921,26.7599,26.7601,84,25793,0.01,0,1,289766,289682,84
9439841,26.415,26.4151,84,25793,0.01,0,1,289790,289706,84
9442761,26.1131,26.1132,84,25793,0.01,0,1,289814,289730,84
9445681,25.8489,25.849,84,25793,0.01,0,1,289838,289754,84
9448601,25.6178,25.6179,84,25793,0.01,0,1,289862,289778,84
9451521,25.4156,25.4157,84,25793,0.01,0,1,289886,289802,84
9454441,25.2387,25.2387,84,25793,0.01,0,1,289910,289826,84
9457361,25.0838,25.0839,84,25793,0.01,0,1,289934,289850,84
9460281,24.9483,24.9484,84,25793,0.01,0,1,289958,289874,84
9463201,24.8298,24.8298,84,25793,0.01,0,1,289982,289898,84
9466121,24.7261,24.7261,84,25793,0.01,0,1,290006,289922,84
9469041,24.6353,24.6353,84,25793,0.01,0,1,290030,289946,84
9471961,24.5559,24.5559,84,25793,0.01,0,1,290054,289970,84
9474881,24.4864,24.4864,84,25793,0.01,0,1,290078,289994,84
9477801,24.4256,24.4256,84,25793,0.01,0,1,290102,290018,84
9480721,24.3724,24.3724,84,25793,0.01,0,1,290126,290042,84
9483641,24.3259,24.3259,84,25793,0.01,0,1,290150,290066,84
9486561,24.2851,24.2851,84,25793,0.01,0,1,290174,290090,84
9489481,24.2495,24.2495,84,25793,0.01,0,1,290198,290114,84
9492401,24.2183,24.2183,84,25793,0.01,0,1,290222,290138,84
9495321,24.191,24.191,84,25793,0.01,0,1,290246,290162,84
9498241,24.1671,24.1671,84,25793,0.01,0,1,290270,290186,84
9501161,24.1462,24.1463,84,25793,0.01,0,1,290294,290210,84
9504081,24.128,24.128,84,25793,0.01,0,1,290318,290234,84
9507001,24.112,24.112,84,25793,0.01,0,1,290342,290258,84
9509921,24.098,24.098,84,25793,0.01,0,1,290366,290282,84
9512841,24.0857,24.0857,84,25793,0.01,0,1,290390,290306,84
9515761,24.075,24.075,84,25793,0.01,0,1,290414,290330,84
9518681,24.0656,24.0656,84,25793,0.01,0,1,290438,290354,84
9521601,24.0574,24.0574,84,25793,0.01,0,1,290462,290378,84
9524521,24.0503,24.0503,84,25793,0.01,0,1,290486,290402,84
9527441,24.044,24.044,84,25793,0.01,0,1,290510,290426,84
9530361,24.0385,24.0385,84,25793,0.01,0,1,290534,290450,84
9533281,24.0337,24.0337,84,25793,0.01,0,1,290558,290474,84
9536201,24.0295,24.0295,84,25793,0.01,0,1,290582,290498,84
9539121,24.0258,24.0258,84,25793,0.01,0,1,290606,290522,84
9542041,24.0226,24.0226,84,25793,0.01,0,1,290630,290546,84
9544961,24.0197,24.0197,84,25793,0.01,0,1,290654,290570,84
9547881,24.0173,24.0173,84,25793,0.01,0,1,290678,290594,84
9550801,24.0151,24.0151,84,25793,0.01,0,1,290702,290618,84
9553721,24.0132,24.0132,84,25793,0.01,0,1,290726,290642,84
9556641,24.0116,24.0116,84,25793,0.01,0,1,290750,290666,84
9559561,24.0101,24.0101,84,25793,0.01,0,1,290774,290690,84
9562481,24.0089,24.0089,84,25793,0.01,0,1,290798,290714,84
9565401,24.0077,24.0077,84,25793,0.01,0,1,290822,290738,84
9568321,24.0068,24.0068,84,25793,0.01,0,1,290846,290762,84
9571241,24.0059,24.0059,84,25793,0.01,0,1,290870,290786,84
9574161,24.0052,24.0052,84,25793,0.01,0,1,290894,290810,84
9577081,24.0045,24.0045,84,25793,0.01,0,1,290918,290834,84
9580001,24.004,24.004,84,25793,0.01,0,1,290942,290858,84
9582921,24.0035,24.0035,84,25793,0.01,0,1,290966,290882,84
9585841,24.003,24.003,84,25793,0.01,0,1,290990,290906,84
9588761,24.0027,24.0027,84,25793,0.01,0,1,291014,290930,84
9591681,24.0023,24.0023,84,25793,0.01,0,1,291038,290954,84
9594601,24.002,24.002,84,25793,0.01,0,1,291062,290978,84
9597521,24.0018,24.0018,84,25793,0.01,0,1,291086,291002,84
9600441,24.0016,24.0016,84,25793,0.01,0,1,291110,291026,84
9603361,24.0014,24.0014,84,25793,0.01,0,1,291134,291050,84
9606281,24.0012,24.0012,84,25793,0.01,0,1,291158,291074,84
9609201,24.001,24.001,84,25793,0.01,0,1,291182,291098,84
9612121,24.0009,24.0009,84,25793,0.01,0,1,291206,291122,84
9615041,24.0008,24.0008,84,25793,0.01,0,1,291230,291146,84
9617961,24.0007,24.0007,84,25793,0.01,0,1,291254,291170,84
9620881,24.0006,24.0006,84,25793,0.01,0,1,291278,291194,84
9623801,24.0005,24.0005,84,25793,0.01,0,1,291302,291218,84
9626721,24.0005,24.0005,84,25793,0.01,0,1,291326,291242,84
9629641,24.0004,24.0004,84,25793,0.01,0,1,291350,291266,84
9632561,24.0004,24.0004,84,25793,0.01,0,1,291374,291290,84
9635481,24.0003,24.0003,84,25793,0.01,0,1,291398,291314,84
9638401,24.0003,24.0003,84,25793,0.01,0,1,291422,291338,84
9641321,24.0002,24.0002,84,25793,0.01,0,1,291446,291362,84
9644241,24.0002,24.0002,84,25793,0.01,0,1,291470,291386,84
9647161,24.0002,24.0002,84,25793,0.01,0,1,291494,291410,84
9650081,24.0002,24.0002,84,25793,0.01,0,1,291518,291434,84
9653001,24.0001,24.0001,84,25793,0.01,0,1,291542,291458,84
9655921,24.0001,24.0001,84,25793,0.01,0,1,291566,291482,84
9658841,24.0001,24.0001,84,25793,0.01,0,1,291590,291506,84
9661761,24.0001,24.0001,84,25793,0.01,0,1,291614,291530,84
9664681,24.0001,24.0001,84,25793,0.01,0,1,291638,291554,84
9667601,24.0001,24.0001,84,25793,0.01,0,1,291662,291578,84
9670521,24.0001,24.0001,84,25793,0.01,0,1,291686,291602,84
9673441,24.0001,24.0001,84,25793,0.01,0,1,291710,291626,84
9676361,24,24,84,25793,0.01,0,1,291734,291650,84
9679281,24,24,84,25793,0.01,0,1,291758,291674,84
9682201,24,24,84,25793,0.01,0,1,291782,291698,84
9685121,24,24,84,25793,0.01,0,1,291806,291722,84
9688041,24,24,84,25793,0.01,0,1,291830,291746,84
9690961,24,24,84,25793,0.01,0,1,291854,291770,84
9693881,24,24,84,25793,0.01,0,1,291878,291794,84
9696801,24,24,84,25793,0.01,0,1,291902,291818,84
9699721,24,24,84,25793,0.01,0,1,291926,291842,84
9702641,24,24,84,25793,0.01,0,1,291950,291866,84
9705561,24,24,84,25793,0.01,0,1,291974,291890,84
9708481,24,24,84,25793,0.01,0,1,291998,291914,84
9711401,24,24,84,25793,0.01,0,1,292022,291938,84
9714321,24,24,84,25793,0.01,0,1,292046,291962,84
9717241,24,24,84,25793,0.01,0,1,292070,291986,84
9720161,24,24,84,25793,0.01,0,1,292094,292010,84
9723081,24,24,84,25793,0.01,0,1,292118,292034,84
9726001,24,24,84,25793,0.01,0,1,292142,292058,84
9728921,24,24,84,25793,0.01,0,1,292166,292082,84
9731841,24,24,84,25793,0.01,0,1,292190,292106,84
9734761,24,24,84,25793,0.01,0,1,292214,292130,84
9737681,24,24,84,25793,0.01,0,1,292238,292154,84
9740601,24,24,84,25793,0.01,0,1,292262,292178,84
9743521,24,24,84,25793,0.01,0,1,292286,292202,84
9746441,24,24,84,25793,0.01,0,1,292310,292226,84
9749361,24,24,84,25793,0.01,0,1,292334,292250,84
9752281,24,24,84,25793,0.01,0,1,292358,292274,84
9755201,24,24,84,25793,0.01,0,1,292382,292298,84
9758121,24,24,84,25793,0.01,0,1,292406,292322,84
9761041,24,24,84,25793,0.01,0,1,292430,292346,84
9763961,24,24,84,25793,0.01,0,1,292454,292370,84
9766881,24,24,84,25793,0.01,0,1,292478,292394,84
9769801,24,24,84,25793,0.01,0,1,292502,292418,84
9772721,24,24,84,25793,0.01,0,1,292526,292442,84
9775641,24,24,84,25793,0.01,0,1,292550,292466,84
9778561,24,24,84,25793,0.01,0,1,292574,292490,84
9781481,24,24,84,25793,0.01,0,1,292598,292514,84
9784401,24,24,84,25793,0.01,0,1,292622,292538,84
9787321,24,24,84,25793,0.01,0,1,292646,292562,84
9790241,24,24,84,25793,0.01,0,1,292670,292586,84
9793161,24,24,84,25793,0.01,0,1,292694,292610,84
9796081,24,24,84,25793,0.01,0,1,292718,292634,84
9799001,24,24,84,25793,0.01,0,1,292742,292658,84
9801921,24,24,84,25793,0.01,0,1,292766,292682,84
9804841,24,24,84,25793,0.01,0,1,292790,292706,84
9807761,24,24,84,25793,0.01,0,1,292814,292730,84
9810681,24,24,84,25793,0.01,0,1,292838,292754,84
9813601,24,24,84,25793,0.01,0,1,292862,292778,84
9816521,24,24,84,25793,0.01,0,1,292886,292802,84
9819441,24,24,84,25793,0.01,0,1,292910,292826,84
9822361,24,24,84,25793,0.01,0,1,292934,292850,84
9825281,24,24,84,25793,0.01,0,1,292958,292874,84
9828201,24,24,84,25793,0.01,0,1,292982,292898,84
9831121,24,24,84,25793,0.01,0,1,293006,292922,84
9834041,24,24,84,25793,0.01,0,1,293030,292946,84
9836961,24,24,84,25793,0.01,0,1,293054,292970,84
9839881,24,24,84,25793,0.01,0,1,293078,292994,84
9842801,24,24,84,25793,0.01,0,1,293102,293018,84
9845721,24,24,84,25793,0.01,0,1,293126,293042,84
9848641,24,24,84,25793,0.01,0,1,293150,293066,84
9851561,24,24,84,25793,0.01,0,1,293174,293090,84
9854481,24,24,84,25793,0.01,0,1,293198,293114,84
9857401,24,24,84,25793,0.01,0,1,293222,293138,84
9860321,24,24,84,25793,0.01,0,1,293246,293162,84
9863241,24,24,84,25793,0.01,0,1,293270,293186,84
9866161,24,24,84,25793,0.01,0,1,293294,293210,84
9869081,24,24,84,25793,0.01,0,1,293318,293234,84
9872001,24,24,84,25793,0.01,0,1,293342,293258,84
9874921,24,24,84,25793,0.01,0,1,293366,293282,84
9877841,24,24,84,25793,0.01,0,1,293390,293306,84
9880761,24,24,84,25793,0.01,0,1,293414,293330,84
9883681,24,24,84,25793,0.01,0,1,293438,293354,84
9886601,24,24,84,25793,0.01,0,1,293462,293378,84
9889521,24,24,84,25793,0.01,0,1,293486,293402,84
9892441,24,24,84,25793,0.01,0,1,293510,293426,84
9895361,24,24,84,25793,0.01,0,1,293534,293450,84
9898281,24,24,84,25793,0.01,0,1,293558,293474,84
9901201,24,24,84,25793,0.01,0,1,293582,293498,84
9904121,24,24,84,25793,0.01,0,1,293606,293522,84
9907041,24,24,84,25793,0.01,0,1,293630,293546,84
9909961,24,24,84,25793,0.01,0,1,293654,293570,84
9912881,24,24,84,25793,0.01,0,1,293678,293594,84
9915801,24,24,84,25793,0.01,0,1,293702,293618,84
9918721,24,24,84,25793,0.01,0,1,293726,293642,84
9921641,24,24,84,25793,0.01,0,1,293750,293666,84
9924561,24,24,84,25793,0.01,0,1,293774,293690,84
9927481,24,24,84,25793,0.01,0,1,293798,293714,84
9930401,24,24,84,25793,0.01,0,1,293822,293738,84
9933321,24,24,84,25793,0.01,0,1,293846,293762,84
9936241,24,24,84,25793,0,0,1,293870,293786,84
9939161,24,24,84,25793,0,0,1,293894,293810,84
9941361,23.25,24,78,25793,0,0,1,293912,293834,78
9944281,323.594,323.125,87,25598,0.01,0,1,296338,296251,87
9947201,286.895,286.484,87,25598,0.01,0,1,296368,296281,87
9950121,254.783,254.424,87,25598,0.01,0,1,296398,296311,87
9953041,226.31,226.371,84,25598,0.01,0,1,296425,296341,84
9955961,201.021,201.074,84,25598,0.01,0,1,296449,296365,84
9958881,178.893,178.94,84,25598,0.01,0,1,296473,296389,84
9961801,159.532,159.573,84,25598,0.01,0,1,296497,296413,84
9964721,142.59,142.626,84,25598,0.01,0,1,296521,296437,84
9967641,127.767,127.798,84,25598,0.01,0,1,296545,296461,84
9970561,114.796,114.823,84,25598,0.01,0,1,296569,296485,84
9973481,103.446,103.47,84,25598,0.01,0,1,296593,296509,84
9976401,93.5155,93.5364,84,25598,0.01,0,1,296617,296533,84
9979321,84.826,84.8444,84,25598,0.01,0,1,296641,296557,84
9982241,77.2228,77.2388,84,25598,0.01,0,1,296665,296581,84
9985161,70.5699,70.584,84,25598,0.01,0,1,296689,296605,84
9988081,64.7487,64.761,84,25598,0.01,0,1,296713,296629,84
9991001,59.6551,59.6659,84,25598,0.01,0,1,296737,296653,84
9993921,55.1982,55.2076,84,25598,0.01,0,1,296761,296677,84
9996841,51.2984,51.3067,84,25598,0.01,0,1,296785,296701,84
9999761,47.8861,47.8933,84,25598,0.01,0,1,296809,296725,84
10002681,44.9004,44.9067,84,25598,0.01,0,1,296833,296749,84
10005601,42.2878,42.2933,84,25598,0.01,0,1,296857,296773,84
10008521,40.0018,40.0067,84,25598,0.01,0,1,296881,296797,84
10011441,38.0016,38.0058,84,25598,0.01,0,1,296905,296821,84
10014361,36.2514,36.2551,84,25598,0.01,0,1,296929,296845,84
10017281,34.72,34.7232,84,25598,0.01,0,1,296953,296869,84
10020201,33.38,33.3828,84,25598,0.01,0,1,296977,296893,84
10023121,32.2075,32.21,84,25598,0.01,0,1,297001,296917,84
10026041,31.1816,31.1837,84,25598,0.01,0,1,297025,296941,84
10028961,30.2839,30.2858,84,25598,0.01,0,1,297049,296965,84
10031881,29.4984,29.5,84,25598,0.01,0,1,297073,296989,84
10034801,28.8111,28.8125,84,25598,0.01,0,1,297097,297013,84
10037721,28.2097,28.211,84,25598,0.01,0,1,297121,297037,84
10040641,27.6835,27.6846,84,25598,0.01,0,1,297145,297061,84
10043561,27.223,27.224,84,25598,0.01,0,1,297169,297085,84
10046481,26.8202,26.821,84,25598,0.01,0,1,297193,297109,84
10049401,26.4676,26.4684,84,25598,0.01,0,1,297217,297133,84
10052321,26.1592,26.1598,84,25598,0.01,0,1,297241,297157,84
10055241,25.8893,25.8899,84,25598,0.01,0,1,297265,297181,84
10058161,25.6531,25.6536,84,25598,0.01,0,1,297289,297205,84
10061081,25.4465,25.4469,84,25598,0.01,0,1,297313,297229,84
10064001,25.2657,25.2661,84,25598,0.01,0,1,297337,297253,84
10066921,25.1075,25.1078,84,25598,0.01,0,1,297361,297277,84
10069841,24.969,24.9693,84,25598,0.01,0,1,297385,297301,84
10072761,24.8479,24.8482,84,25598,0.01,0,1,297409,297325,84
10075681,24.7419,24.7421,84,25598,0.01,0,1,297433,297349,84
10078601,24.6492,24.6494,84,25598,0.01,0,1,297457,297373,84
10081521,24.568,24.5682,84,25598,0.01,0,1,297481,297397,84
10084441,24.497,24.4972,84,25598,0.01,0,1,297505,297421,84
10087361,24.4349,24.435,84,25598,0.01,0,1,297529,297445,84
10090281,24.3805,24.3807,84,25598,0.01,0,1,297553,297469,84
10093201,24.333,24.3331,84,25598,0.01,0,1,297577,297493,84
10096121,24.2913,24.2914,84,25598,0.01,0,1,297601,297517,84
10099041,24.2549,24.255,84,25598,0.01,0,1,297625,297541,84
10101961,24.2231,24.2231,84,25598,0.01,0,1,297649,297565,84
10104881,24.1952,24.1952,84,25598,0.01,0,1,297673,297589,84
10107801,24.1708,24.1708,84,25598,0.01,0,1,297697,297613,84
10110721,24.1494,24.1495,84,25598,0.01,0,1,297721,297637,84
10113641,24.1308,24.1308,84,25598,0.01,0,1,297745,297661,84
10116561,24.1144,24.1144,84,25598,0.01,0,1,297769,297685,84
10119481,24.1001,24.1001,84,25598,0.01,0,1,297793,297709,84
10122401,24.0876,24.0876,84,25598,0.01,0,1,297817,297733,84
10125321,24.0766,24.0767,84,25598,0.01,0,1,297841,297757,84
10128241,24.0671,24.0671,84,25598,0.01,0,1,297865,297781,84
10131161,24.0587,24.0587,84,25598,0.01,0,1,297889,297805,84
10134081,24.0513,24.0514,84,25598,0.01,0,1,297913,297829,84
10137001,24.0449,24.0449,84,25598,0.01,0,1,297937,297853,84
10139921,24.0393,24.0393,84,25598,0.01,0,1,297961,297877,84
10142841,24.0344,24.0344,84,25598,0.01,0,1,297985,297901,84
10145761,24.0301,24.0301,84,25598,0.01,0,1,298009,297925,84
10148681,24.0263,24.0263,84,25598,0.01,0,1,298033,297949,84
10151601,24.023,24.0231,84,25598,0.01,0,1,298057,297973,84
10154521,24.0202,24.0202,84,25598,0.01,0,1,298081,297997,84
10157441,24.0176,24.0176,84,25598,0.01,0,1,298105,298021,84
10160361,24.0154,24.0154,84,25598,0.01,0,1,298129,298045,84
10163281,24.0135,24.0135,84,25598,0.01,0,1,298153,298069,84
10166201,24.0118,24.0118,84,25598,0.01,0,1,298177,298093,84
10169121,24.0103,24.0103,84,25598,0.01,0,1,298201,298117,84
10172041,24.009,24.0091,84,25598,0.01,0,1,298225,298141,84
10174961,24.0079,24.0079,84,25598,0.01,0,1,298249,298165,84
10177881,24.0069,24.0069,84,25598,0.01,0,1,298273,298189,84
10180801,24.0061,24.0061,84,25598,0.01,0,1,298297,298213,84
10183721,24.0053,24.0053,84,25598,0.01,0,1,298321,298237,84
10186641,24.0046,24.0046,84,25598,0.01,0,1,298345,298261,84
10189561,24.0041,24.0041,84,25598,0.01,0,1,298369,298285,84
10192481,24.0036,24.0036,84,25598,0.01,0,1,298393,298309,84
10195401,24.0031,24.0031,84,25598,0.01,0,1,298417,298333,84
10198321,24.0027,24.0027,84,25598,0.01,0,1,298441,298357,84
10201241,24.0024,24.0024,84,25598,0.01,0,1,298465,298381,84
10204161,24.0021,24.0021,84,25598,0.01,0,1,298489,298405,84
10207081,24.0018,24.0018,84,25598,0.01,0,1,298513,298429,84
10210001,24.0016,24.0016,84,25598,0.01,0,1,298537,298453,84
10212921,24.0014,24.0014,84,25598,0.01,0,1,298561,298477,84
10215841,24.0012,24.0012,84,25598,0.01,0,1,298585,298501,84
10218761,24.0011,24.0011,84,25598,0.01,0,1,298609,298525,84
10221681,24.0009,24.0009,84,25598,0.01,0,1,298633,298549,84
10224601,24.0008,24.0008,84,25598,0.01,0,1,298657,298573,84
10227521,24.0007,24.0007,84,25598,0.01,0,1,298681,298597,84
10230441,24.0006,24.0006,84,25598,0.01,0,1,298705,298621,84
10233361,24.0005,24.0005,84,25598,0.01,0,1,298729,298645,84
10236281,24.0005,24.0005,84,25598,0.01,0,1,298753,298669,84
10239201,24.0004,24.0004,84,25598,0.01,0,1,298777,298693,84
10242121,24.0004,24.0004,84,25598,0.01,0,1,298801,298717,84
10245041,24.0003,24.0003,84,25598,0.01,0,1,298825,298741,84
10247961,24.0003,24.0003,84,25598,0.01,0,1,298849,298765,84
10250881,24.0002,24.0002,84,25598,0.01,0,1,298873,298789,84
10253801,24.0002,24.0002,84,25598,0.01,0,1,298897,298813,84
10256721,24.0002,24.0002,84,25598,0.01,0,1,298921,298837,84
10259641,24.0002,24.0002,84,25598,0.01,0,1,298945,298861,84
10262561,24.0001,24.0001,84,25598,0.01,0,1,298969,298885,84
10265481,24.0001,24.0001,84,25598,0.01,0,1,298993,298909,84
10268401,24.0001,24.0001,84,25598,0.01,0,1,299017,298933,84
10271321,24.0001,24.0001,84,25598,0.01,0,1,299041,298957,84
10274241,24.0001,24.0001,84,25598,0.01,0,1,299065,298981,84
10277161,24.0001,24.0001,84,25598,0.01,0,1,299089,299005,84
10280081,24.0001,24.0001,84,25598,0.01,0,1,299113,299029,84
10283001,24.0001,24.0001,84,25598,0.01,0,1,299137,299053,84
10285921,24,24,84,25598,0.01,0,1,299161,299077,84
10288841,24,24,84,25598,0.01,0,1,299185,299101,84
10291761,24,24,84,25598,0.01,0,1,299209,299125,84
10294681,24,24,84,25598,0.01,0,1,299233,299149,84
10297601,24,24,84,25598,0.01,0,1,299257,299173,84
10300521,24,24,84,25598,0.01,0,1,299281,299197,84
10303441,24,24,84,25598,0.01,0,1,299305,299221,84
10306361,24,24,84,25598,0.01,0,1,299329,299245,84
10309281,24,24,84,25598,0.01,0,1,299353,299269,84
10312201,24,24,84,25598,0.01,0,1,299377,299293,84
10315121,24,24,84,25598,0.01,0,1,299401,299317,84
10318041,24,24,84,25598,0.01,0,1,299425,299341,84
10320961,24,24,84,25598,0.01,0,1,299449,299365,84
10323881,24,24,84,25598,0.01,0,1,299473,299389,84
10326801,24,24,84,25598,0.01,0,1,299497,299413,84
10329721,24,24,84,25598,0.01,0,1,299521,299437,84
10332641,24,24,84,25598,0.01,0,1,299545,299461,84
10335561,24,24,84,25598,0.01,0,1,299569,299485,84
10338481,24,24,84,25598,0.01,0,1,299593,299509,84
10341401,24,24,84,25598,0.01,0,1,299617,299533,84
10344321,24,24,84,25598,0.01,0,1,299641,299557,84
10347241,24,24,84,25598,0.01,0,1,299665,299581,84
10350161,24,24,84,25598,0.01,0,1,299689,299605,84
10353081,24,24,84,25598,0.01,0,1,299713,299629,84
10356001,24,24,84,25598,0.01,0,1,299737,299653,84
10358921,24,24,84,25598,0.01,0,1,299761,299677,84
10361841,24,24,84,25598,0.01,0,1,299785,299701,84
10364761,24,24,84,25598,0.01,0,1,299809,299725,84
10367681,24,24,84,25598,0.01,0,1,299833,299749,84
10370601,24,24,84,25598,0.01,0,1,299857,299773,84
10373521,24,24,84,25598,0.01,0,1,299881,299797,84
10376441,24,24,84,25598,0.01,0,1,299905,299821,84
10379361,24,24,84,25598,0.01,0,1,299929,299845,84
10382281,24,24,84,25598,0.01,0,1,299953,299869,84
10385201,24,24,84,25598,0.01,0,1,299977,299893,84
10388121,24,24,84,25598,0.01,0,1,300001,299917,84
10391041,24,24,84,25598,0.01,0,1,300025,299941,84
10393961,24,24,84,25598,0.01,0,1,300049,299965,84
10396881,24,24,84,25598,0.01,0,1,300073,299989,84
10399801,24,24,84,25598,0.01,0,1,300097,300013,84
10402721,24,24,84,25598,0.01,0,1,300121,300037,84
10405641,24,24,84,25598,0.01,0,1,300145,300061,84
10408561,24,24,84,25598,0.01,0,1,300169,300085,84
10411481,24,24,84,25598,0.01,0,1,300193,300109,84
10414401,24,24,84,25598,0.01,0,1,300217,300133,84
10417321,24,24,84,25598,0.01,0,1,300241,300157,84
10420241,24,24,84,25598,0.01,0,1,300265,300181,84
10423161,24,24,84,25598,0.01,0,1,300289,300205,84
10426081,24,24,84,25598,0.01,0,1,300313,300229,84
10429001,24,24,84,25598,0.01,0,1,300337,300253,84
10431921,24,24,84,25598,0.01,0,1,300361,300277,84
10434841,24,24,84,25598,0.01,0,1,300385,300301,84
10437761,24,24,84,25598,0.01,0,1,300409,300325,84
10440681,24,24,84,25598,0.01,0,1,300433,300349,84
10443601,24,24,84,25598,0.01,0,1,300457,300373,84
10446521,24,24,84,25598,0.01,0,1,300481,300397,84
10449441,24,24,84,25598,0.01,0,1,300505,300421,84
10452361,24,24,84,25598,0.01,0,1,300529,300445,84
10455281,24,24,84,25598,0.01,0,1,300553,300469,84
10458201,24,24,84,25598,0.01,0,1,300577,300493,84
10461121,24,24,84,25598,0.01,0,1,300601,300517,84
10464041,24,24,84,25598,0.01,0,1,300625,300541,84
10466961,24,24,84,25598,0.01,0,1,300649,300565,84
10469881,24,24,84,25598,0.01,0,1,300673,300589,84
10472801,24,24,84,25598,0.01,0,1,300697,300613,84
10475721,24,24,84,25598,0.01,0,1,300721,300637,84
10478641,24,24,84,25598,0.01,0,1,300745,300661,84
10481561,24,24,84,25598,0.01,0,1,300769,300685,84
10484481,24,24,84,25598,0.01,0,1,300793,300709,84
10487401,24,24,84,25598,0.01,0,1,300817,300733,84
10490321,24,24,84,25598,0.01,0,1,300841,300757,84
10493241,24,24,84,25598,0.01,0,1,300865,300781,84
10496161,24,24,84,25598,0.01,0,1,300889,300805,84
10499081,24,24,84,25598,0.01,0,1,300913,300829,84
10502001,24,24,84,25598,0.01,0,1,300937,300853,84
10504921,24,24,84,25598,0.01,0,1,300961,300877,84
10507841,24,24,84,25598,0.01,0,1,300985,300901,84
10510761,24,24,84,25598,0.01,0,1,301009,300925,84
10513681,24,24,84,25598,0.01,0,1,301033,300949,84
10516601,24,24,84,25598,0.01,0,1,301057,300973,84
10519521,24,24,84,25598,0.01,0,1,301081,300997,84
10522441,24,24,84,25598,0.01,0,1,301105,301021,84
10525361,24,24,84,25598,0.01,0,1,301129,301045,84
10528281,24,24,84,25598,0.01,0,1,301153,301069,84
10531201,24,24,84,25598,0.01,0,1,301177,301093,84
10534121,24,24,84,25598,0.01,0,1,301201,301117,84
10537041,24,24,84,25598,0.01,0,1,301225,301141,84
10539961,24,24,84,25598,0.01,0,1,301249,301165,84
10542881,24,24,84,25598,0.01,0,1,301273,301189,84
10545801,24,24,84,25598,0.01,0,1,301297,301213,84
10548721,24,24,84,25598,0.01,0,1,301321,301237,84
10551641,24,24,84,25598,0.01,0,1,301345,301261,84
10554561,24,24,84,25598,0.01,0,1,301369,301285,84
10557481,24,24,84,25598,0.01,0,1,301393,301309,84
10560401,24,24,84,25598,0.01,0,1,301417,301333,84
10563321,24,24,84,25598,0.01,0,1,301441,301357,84
10566241,24,24,84,25598,0.01,0,1,301465,301381,84
10569161,24,24,84,25598,0.01,0,1,301489,301405,84
10572081,24,24,84,25598,0.01,0,1,301513,301429,84
10575001,24,24,84,25598,0.01,0,1,301537,301453,84
10577921,24,24,84,25598,0.01,0,1,301561,301477,84
10580841,24,24,84,25598,0.01,0,1,301585,301501,84
10583761,24,24,84,25598,0.01,0,1,301609,301525,84
10586681,24,24,84,25598,0.01,0,1,301633,301549,84
10589601,24,24,84,25598,0.01,0,1,301657,301573,84
10592521,24,24,84,25598,0.01,0,1,301681,301597,84
10595441,24,24,84,25598,0.01,0,1,301705,301621,84
10598361,24,24,84,25598,0.01,0,1,301729,301645,84
10601281,24,24,84,25598,0.01,0,1,301753,301669,84
10604201,24,24,84,25598,0.01,0,1,301777,301693,84
10607121,24,24,84,25598,0.01,0,1,301801,301717,84
10610041,24,24,84,25598,0.01,0,1,301825,301741,84
10612961,24,24,84,25598,0.01,0,1,301849,301765,84
10615881,24,24,84,25598,0.01,0,1,301873,301789,84
10618801,24,24,84,25598,0.01,0,1,301897,301813,84
10621721,24,24,84,25598,0.01,0,1,301921,301837,84
10624641,24,24,84,25598,0.01,0,1,301945,301861,84
10627561,24,24,84,25598,0.01,0,1,301969,301885,84
10630481,24,24,84,25598,0.01,0,1,301993,301909,84
10633401,24,24,84,25598,0.01,0,1,302017,301933,84
10636321,24,24,84,25598,0.01,0,1,302041,301957,84
10639241,24,24,84,25598,0.01,0,1,302065,301981,84
10642161,24,24,84,25598,0.01,0,1,302089,302005,84
10645081,24,24,84,25598,0.01,0,1,302113,302029,84
10648001,24,24,84,25598,0.01,0,1,302137,302053,84
10650921,24,24,84,25598,0.01,0,1,302161,302077,84
10653841,24,24,84,25598,0.01,0,1,302185,302101,84
10656761,24,24,84,25598,0.01,0,1,302209,302125,84
10659681,24,24,84,25598,0.01,0,1,302233,302149,84
10662601,24,24,84,25598,0.01,0,1,302257,302173,84
10665521,24,24,84,25598,0.01,0,1,302281,302197,84
10668441,24,24,84,25598,0.01,0,1,302305,302221,84
10671361,24,24,84,25598,0.01,0,1,302329,302245,84
10674281,24,24,84,25598,0.01,0,1,302353,302269,84
10677201,24,24,84,25598,0.01,0,1,302377,302293,84
10680121,24,24,84,25598,0.01,0,1,302401,302317,84
10683041,24,24,84,25598,0.01,0,1,302425,302341,84
10685961,24,24,84,25598,0.01,0,1,302449,302365,84
10688881,24,24,84,25598,0.01,0,1,302473,302389,84
10691801,24,24,84,25598,0.01,0,1,302497,302413,84
10694721,24,24,84,25598,0.01,0,1,302521,302437,84
10697641,24,24,84,25598,0.01,0,1,302545,302461,84
10700561,24,24,84,25598,0.01,0,1,302569,302485,84
10703481,24,24,84,25598,0.01,0,1,302593,302509,84
10706401,24,24,84,25598,0.01,0,1,302617,302533,84
10709321,24,24,84,25598,0.01,0,1,302641,302557,84
10712241,24,24,84,25598,0.01,0,1,302665,302581,84
10715161,24,24,84,25598,0.01,0,1,302689,302605,84
10718081,24,24,84,25598,0.01,0,1,302713,302629,84
10721001,24,24,84,25598,0.01,0,1,302737,302653,84
10723921,24,24,84,25598,0.01,0,1,302761,302677,84
10726841,24,24,84,25598,0.01,0,1,302785,302701,84
10729761,24,24,84,25598,0.01,0,1,302809,302725,84
10732681,24,24,84,25598,0.01,0,1,302833,302749,84
10735601,24,24,84,25598,0.01,0,1,302857,302773,84
10738521,24,24,84,25598,0.01,0,1,302881,302797,84
10741441,24,24,84,25598,0.01,0,1,302905,302821,84
10744361,24,24,84,25598,0.01,0,1,302929,302845,84
10747281,24,24,84,25598,0.01,0,1,302953,302869,84
10750201,24,24,84,25598,0.01,0,1,302977,302893,84
10753121,24,24,84,25598,0.01,0,1,303001,302917,84
10756041,24,24,84,25598,0.01,0,1,303025,302941,84
10758961,24,24,84,25598,0.01,0,1,303049,302965,84
10761881,24,24,84,25598,0.01,0,1,303073,302989,84
10764801,24,24,84,25598,0.01,0,1,303097,303013,84
10767721,24,24,84,25598,0.01,0,1,303121,303037,84
10770641,24,24,84,25598,0.01,0,1,303145,303061,84
10773561,24,24,84,25598,0.01,0,1,303169,303085,84
10776481,24,24,84,25598,0.01,0,1,303193,303109,84
10779401,24,24,84,25598,0.01,0,1,303217,303133,84
10782321,24,24,84,25598,0.01,0,1,303241,303157,84
10785241,24,24,84,25598,0.01,0,1,303265,303181,84
10788161,24,24,84,25598,0.01,0,1,303289,303205,84
10791081,24,24,84,25598,0.01,0,1,303313,303229,84
10794001,24,24,84,25598,0.01,0,1,303337,303253,84
10796921,24,24,84,25598,0.01,0,1,303361,303277,84
10799841,24,24,84,25598,0.01,0,1,303385,303301,84
10802761,24,24,84,25598,0.01,0,1,303409,303325,84
10805681,24,24,84,25598,0.01,0,1,303433,303349,84
10808601,24,24,84,25598,0.01,0,1,303457,303373,84
10811521,24,24,84,25598,0.01,0,1,303481,303397,84
10814441,24,24,84,25598,0.01,0,1,303505,303421,84
10817361,24,24,84,25598,0.01,0,1,303529,303445,84
10820281,24,24,84,25598,0.01,0,1,303553,303469,84
10823201,24,24,84,25598,0.01,0,1,303577,303493,84
10826121,24,24,84,25598,0.01,0,1,303601,303517,84
10829041,24,24,84,25598,0.01,0,1,303625,303541,84
10831961,24,24,84,25598,0.01,0,1,303649,303565,84
10834881,24,24,84,25598,0.01,0,1,303673,303589,84
10837801,24,24,84,25598,0.01,0,1,303697,303613,84
10840721,24,24,84,25598,0.01,0,1,303721,303637,84
10843641,24,24,84,25598,0.01,0,1,303745,303661,84
10846561,24,24,84,25598,0.01,0,1,303769,303685,84
10849481,24,24,84,25598,0.01,0,1,303793,303709,84
10852401,24,24,84,25598,0.01,0,1,303817,303733,84
10855321,24,24,84,25598,0.01,0,1,303841,303757,84
10858241,24,24,84,25598,0.01,0,1,303865,303781,84
10861161,24,24,84,25598,0.01,0,1,303889,303805,84
10864081,24,24,84,25598,0.01,0,1,303913,303829,84
10867001,24,24,84,5840,0,0,1,303937,303853,84
10869921,24,24,84,5840,0,0,1,303961,303877,84
10872841,24,24,84,5840,0,0,1,303985,303901,84
10875761,28.875,28.5,87,5840,0,0,1,304048,303961,87
10878681,29.0156,28.6875,87,5840,0.01,0,1,304078,303991,87
10881601,32.5137,32.2266,87,5840,0,0,1,304135,304048,87
10884521,32.1995,31.9482,87,5840,0.01,0,1,304165,304078,87
10887441,35.2995,35.0797,87,22873,0.01,0,1,304222,304135,87
10890361,34.6371,34.4447,87,22873,0.01,0,1,304252,304165,87
10893281,34.0575,33.8892,87,22873,0.01,0,1,304282,304195,87
10896201,33.5503,33.403,87,22873,0.01,0,1,304312,304225,87
10899121,33.1065,32.9776,87,22873,0.01,0,1,304342,304255,87
10902041,32.7182,32.6054,87,25793,0.01,0,1,304372,304285,87
10904961,32.3784,32.2798,87,25793,0.01,0,1,304402,304315,87
10907881,31.7061,31.9948,84,25793,0.01,0,1,304429,304345,84
10910801,30.7428,30.9954,84,25793,0.01,0,1,304453,304369,84
10913721,29.9,30.121,84,25793,0.01,0,1,304477,304393,84
10916641,29.1625,29.3559,84,25793,0.01,0,1,304501,304417,84
10919561,28.5172,28.6864,84,28018,0.01,0,1,304525,304441,84
10922481,27.9525,28.1006,84,28018,0.01,0,1,304549,304465,84
10925401,27.4585,27.588,84,28018,0.02,0,1,304573,304489,84
10928321,27.0262,27.1395,84,28018,0.03,0,1,304597,304513,84
10931241,26.6479,26.2471,88,28018,0.03,0,1,304621,304533,88
10934161,26.3169,25.4662,92,28018,0.05,0,1,304645,304553,92
10937081,26.0273,24.7829,96,28018,0.05,0,1,304669,304573,96
10940001,25.7739,24.1851,100,28018,0.06,0,1,304693,304593,100
10942921,25.5521,23.6619,104,28018,0.07,0,1,304717,304613,104
10945841,25.3581,23.2042,108,28018,0.07,0,1,304741,304633,108
10948761,25.1884,22.8037,112,29686,0.09,0,1,304765,304653,112
10951681,25.0398,22.4532,116,29686,0.09,0,1,304789,304673,116
10954601,24.9098,22.1466,120,29686,0.11,0,1,304813,304693,120
10957521,24.7961,21.8782,124,29686,0.13,0,1,304837,304713,124
10960441,24.6966,21.6435,128,26766,0.13,0,1,304861,304733,128
10963361,24.6095,21.313,133,26766,0.13,0,1,304885,304752,133
10966281,24.5333,20.8989,139,26766,0.11,0,1,304909,304770,139
10969201,24.4667,20.5365,145,26766,0.11,0,1,304933,304788,145
10972121,24.4083,20.2195,151,26766,0.09,0,1,304957,304806,151
10975041,24.3573,19.942,157,26766,0.09,0,1,304981,304824,157
10977961,24.3126,19.6993,163,26766,0.09,0,1,305005,304842,163
10980881,24.2735,21.2369,155,26766,0.09,0,1,305029,304874,155
10983801,24.2394,22.5823,147,26766,0.09,0,1,305053,304906,147
10986721,24.2094,23.7595,139,26766,0.09,0,1,305077,304938,139
10989641,24.1833,23.7895,139,26766,0.09,0,1,305101,304962,139
10992561,24.1603,23.8159,139,26766,0.09,0,1,305125,304986,139
10995481,24.1403,23.8389,139,26766,0.09,0,1,305149,305010,139
10998401,24.1228,23.859,139,26766,0.09,0,1,305173,305034,139
11001321,24.1074,23.8766,139,26766,0.09,0,1,305197,305058,139
11004241,24.094,23.8921,139,26766,0.09,0,1,305221,305082,139
11007161,24.0822,23.9055,139,26766,0.09,0,1,305245,305106,139
11010081,24.072,23.9174,139,26766,0.09,0,1,305269,305130,139
11013001,24.063,23.9277,139,26766,0.09,0,1,305293,305154,139
11015921,24.0551,23.9367,139,26766,0.09,0,1,305317,305178,139
11018841,24.0482,23.9446,139,26766,0.09,0,1,305341,305202,139
11021761,24.0422,23.9516,139,26766,0.09,0,1,305365,305226,139
11024681,24.0369,23.9576,139,26766,0.09,0,1,305389,305250,139
11027601,24.0323,23.9629,139,26766,0.09,0,1,305413,305274,139
11030521,24.0283,23.9675,139,26766,0.09,0,1,305437,305298,139
11033441,24.0247,23.9716,139,26766,0.09,0,1,305461,305322,139
11036361,24.0216,23.9752,139,26766,0.09,0,1,305485,305346,139
11039281,24.0189,23.9783,139,26766,0.09,0,1,305509,305370,139
11042201,24.0166,23.981,139,29686,0.09,0,1,305533,305394,139
11045121,24.0145,23.9834,139,29686,0.11,0,1,305557,305418,139
11048041,24.0127,23.9854,139,29686,0.13,0,1,305581,305442,139
11050961,24.0111,23.9873,139,29686,0.13,0,1,305605,305466,139
11053881,24.0097,23.9888,139,26766,0.15,0,1,305629,305490,139
11056801,24.0085,23.9902,139,26766,0.13,0,1,305653,305514,139
11059721,24.0074,23.2415,145,26766,0.13,0,1,305677,305532,145
11062641,24.0065,22.5863,151,26766,0.11,0,1,305701,305550,151
11065561,24.0057,22.013,157,26766,0.11,0,1,305725,305568,157
11068481,24.005,21.5114,163,26766,0.11,0,1,305749,305586,163
11071401,24.0044,21.0724,169,26766,0.11,0,1,305773,305604,169
11074321,24.0038,21.5634,168,26766,0.11,0,1,305797,305629,168
11077241,24.0033,22.868,160,26766,0.11,0,1,305821,305661,160
11080161,24.0029,24.0095,152,26766,0.11,0,1,305845,305693,152
11083081,24.0026,24.5083,148,26766,0.11,0,1,305869,305721,148
11086001,24.0022,24.4448,148,26766,0.11,0,1,305893,305745,148
11088921,24.002,24.3892,148,26766,0.11,0,1,305917,305769,148
11091841,24.0017,24.3405,148,26766,0.11,0,1,305941,305793,148
11094761,24.0015,24.2979,148,26766,0.11,0,1,305965,305817,148
11097681,24.0013,24.2607,148,26766,0.11,0,1,305989,305841,148
11100601,24.0011,24.2281,148,26766,0.11,0,1,306013,305865,148
11103521,24.001,24.1996,148,26766,0.11,0,1,306037,305889,148
11106441,24.0009,24.1747,148,26766,0.11,0,1,306061,305913,148
11109361,24.0008,24.1528,148,26766,0.11,0,1,306085,305937,148
11112281,24.0007,24.1337,148,26766,0.11,0,1,306109,305961,148
11115201,24.0006,24.117,148,26766,0.11,0,1,306133,305985,148
11118121,24.0005,24.1024,148,26766,0.11,0,1,306157,306009,148
11121041,24.0005,24.0896,148,26766,0.11,0,1,306181,306033,148
11123961,24.0004,24.0784,148,26766,0.11,0,1,306205,306057,148
11126881,24.0003,24.0686,148,26766,0.11,0,1,306229,306081,148
11129801,24.0003,24.06,148,26766,0.11,0,1,306253,306105,148
11132721,24.0003,24.0525,148,26766,0.11,0,1,306277,306129,148
11135641,24.0002,24.0459,148,29686,0.11,0,1,306301,306153,148
11138561,24.0002,24.0402,148,29686,0.13,0,1,306325,306177,148
11141481,24.0002,24.0352,148,29686,0.13,0,1,306349,306201,148
11144401,24.0002,24.0308,148,29686,0.15,0,1,306373,306225,148
11147321,24.0001,24.0269,148,26766,0.15,0,1,306397,306249,148
11150241,24.0001,24.0236,148,26766,0.15,0,1,306421,306273,148
11153161,24.0001,23.6456,151,26766,0.13,0,1,306445,306294,151
11156081,24.0001,22.9399,157,26766,0.13,0,1,306469,306312,157
11159001,24.0001,22.3224,163,26766,0.12,0,1,306493,306330,163
11161921,24.0001,21.7821,169,26766,0.12,0,1,306517,306348,169
11164841,24.0001,21.3094,175,26766,0.12,0,1,306541,306366,175
11167761,24.0001,21.7707,174,26766,0.12,0,1,306565,306391,174
11170681,24,23.0494,166,26766,0.12,0,1,306589,306423,166
11173601,24,24.1682,158,26766,0.12,0,1,306613,306455,158
11176521,24,24.6472,154,26766,0.12,0,1,306637,306483,154
11179441,24,24.5663,154,26766,0.12,0,1,306661,306507,154
11182361,24,24.4955,154,26766,0.12,0,1,306685,306531,154
11185281,24,24.4335,154,26766,0.12,0,1,306709,306555,154
11188201,24,24.3794,154,26766,0.12,0,1,306733,306579,154
11191121,24,24.3319,154,26766,0.12,0,1,306757,306603,154
11194041,24,24.2904,154,26766,0.12,0,1,306781,306627,154
11196961,24,24.2541,154,26766,0.12,0,1,306805,306651,154
11199881,24,24.2224,154,26766,0.12,0,1,306829,306675,154
11202801,24,24.1946,154,26766,0.12,0,1,306853,306699,154
11205721,24,24.1703,154,26766,0.12,0,1,306877,306723,154
11208641,24,24.149,154,26766,0.12,0,1,306901,306747,154
11211561,24,24.1303,154,26766,0.12,0,1,306925,306771,154
11214481,24,24.1141,154,26766,0.12,0,1,306949,306795,154
11217401,24,24.0998,154,26766,0.12,0,1,306973,306819,154
11220321,24,24.0873,154,26766,0.12,0,1,306997,306843,154
11223241,24,24.0764,154,26766,0.12,0,1,307021,306867,154
11226161,24,24.0669,154,26766,0.12,0,1,307045,306891,154
11229081,24,24.0585,154,29686,0.13,0,1,307069,306915,154
11232001,24,24.0512,154,29686,0.13,0,1,307093,306939,154
11234921,24,24.0448,154,29686,0.15,0,1,307117,306963,154
11237841,24,24.0392,154,29686,0.17,0,1,307141,306987,154
11240761,24,24.0343,154,26766,0.17,0,1,307165,307011,154
11243681,24,24.03,154,26766,0.17,0,1,307189,307035,154
11246601,24,23.6513,157,26766,0.15,0,1,307213,307056,157
11249521,24,22.9448,163,26766,0.15,0,1,307237,307074,163
11252441,24,22.3267,169,26766,0.13,0,1,307261,307092,169
11255361,24,21.7859,175,26766,0.13,0,1,307285,307110,175
11258281,24,21.3127,181,26766,0.13,0,1,307309,307128,181
11261201,24,20.8986,187,26766,0.13,0,1,307333,307146,187
11264121,24,22.2863,179,26766,0.13,0,1,307357,307178,179
11267041,24,23.5005,171,26766,0.13,0,1,307381,307210,171
11269961,24,24.5629,163,26766,0.13,0,1,307405,307242,163
11272881,24,24.4926,163,26766,0.13,0,1,307429,307266,163
11275801,24,24.431,163,26766,0.13,0,1,307453,307290,163
11278721,24,24.3771,163,26766,0.13,0,1,307477,307314,163
11281641,24,24.33,163,26766,0.13,0,1,307501,307338,163
11284561,24,24.2887,163,26766,0.13,0,1,307525,307362,163
11287481,24,24.2526,163,26766,0.13,0,1,307549,307386,163
11290401,24,24.2211,163,26766,0.13,0,1,307573,307410,163
11293321,24,24.1934,163,26766,0.13,0,1,307597,307434,163
11296241,24,24.1692,163,26766,0.13,0,1,307621,307458,163
11299161,24,24.1481,163,26766,0.13,0,1,307645,307482,163
11302081,24,24.1296,163,26766,0.13,0,1,307669,307506,163
11305001,24,24.1134,163,26766,0.13,0,1,307693,307530,163
11307921,24,24.0992,163,26766,0.13,0,1,307717,307554,163
11310841,24,24.0868,163,26766,0.13,0,1,307741,307578,163
11313761,24,24.076,163,26766,0.13,0,1,307765,307602,163
11316681,24,24.0665,163,26766,0.13,0,1,307789,307626,163
11319601,24,24.0582,163,26766,0.13,0,1,307813,307650,163
11322521,24,24.0509,163,29686,0.13,0,1,307837,307674,163
11325441,24,24.0445,163,29686,0.15,0,1,307861,307698,163
11328361,24,24.039,163,29686,0.17,0,1,307885,307722,163
11331281,24,24.0341,163,29686,0.17,0,1,307909,307746,163
11334201,24,24.0298,163,26766,0.19,0,1,307933,307770,163
11337121,24,24.0261,163,26766,0.17,0,1,307957,307794,163
11340041,24,24.0228,163,26766,0.17,0,1,307981,307818,163
11342961,24,23.27,169,26766,0.15,0,1,308005,307836,169
11345881,24,22.6112,175,26766,0.15,0,1,308029,307854,175
11348801,24,22.0348,181,26766,0.15,0,1,308053,307872,181
11351721,24,21.5305,187,26766,0.15,0,1,308077,307890,187
11354641,24,21.0892,193,26766,0.15,0,1,308101,307908,193
11357561,24,21.578,192,26766,0.15,0,1,308125,307933,192
11360481,24,22.8808,184,26766,0.15,0,1,308149,307965,184
11363401,24,24.0207,176,26766,0.15,0,1,308173,307997,176
11366321,24,24.5181,172,26766,0.15,0,1,308197,308025,172
11369241,24,24.4533,172,26766,0.15,0,1,308221,308049,172
11372161,24,24.3967,172,26766,0.15,0,1,308245,308073,172
11375081,24,24.3471,172,26766,0.15,0,1,308269,308097,172
11378001,24,24.3037,172,26766,0.15,0,1,308293,308121,172
11380921,24,24.2657,172,26766,0.15,0,1,308317,308145,172
11383841,24,24.2325,172,26766,0.15,0,1,308341,308169,172
11386761,24,24.2035,172,26766,0.15,0,1,308365,308193,172
11389681,24,24.178,172,26766,0.15,0,1,308389,308217,172
11392601,24,24.1558,172,26766,0.15,0,1,308413,308241,172
11395521,24,24.1363,172,26766,0.15,0,1,308437,308265,172
11398441,24,24.1193,172,26766,0.15,0,1,308461,308289,172
11401361,24,24.1044,172,26766,0.15,0,1,308485,308313,172
11404281,24,24.0913,172,26766,0.15,0,1,308509,308337,172
11407201,24,24.0799,172,26766,0.15,0,1,308533,308361,172
11410121,24,24.0699,172,26766,0.15,0,1,308557,308385,172
11413041,24,24.0612,172,26766,0.15,0,1,308581,308409,172
11415961,24,24.0535,172,29686,0.15,0,1,308605,308433,172
11418881,24,24.0468,172,29686,0.17,0,1,308629,308457,172
11421801,24,24.041,172,29686,0.17,0,1,308653,308481,172
11424721,24,24.0359,172,29686,0.19,0,1,308677,308505,172
11427641,24,24.0314,172,26766,0.19,0,1,308701,308529,172
11430561,24,24.0275,172,26766,0.19,0,1,308725,308553,172
11433481,24,24.024,172,26766,0.17,0,1,308749,308577,172
11436401,24,23.646,175,26766,0.17,0,1,308773,308598,175
11439321,24,22.9403,181,26766,0.16,0,1,308797,308616,181
11442241,24,22.3227,187,26766,0.16,0,1,308821,308634,187
11445161,24,21.7824,193,26766,0.16,0,1,308845,308652,193
11448081,24,21.3096,199,26766,0.16,0,1,308869,308670,199
11451001,24,21.7709,198,26766,0.16,0,1,308893,308695,198
11453921,24,23.0495,190,26766,0.16,0,1,308917,308727,190
11456841,24,24.1683,182,26766,0.16,0,1,308941,308759,182
11459761,24,24.6473,178,26766,0.16,0,1,308965,308787,178
11462681,24,24.5664,178,26766,0.16,0,1,308989,308811,178
11465601,24,24.4956,178,26766,0.16,0,1,309013,308835,178
11468521,24,24.4336,178,26766,0.16,0,1,309037,308859,178
11471441,24,24.3794,178,26766,0.16,0,1,309061,308883,178
11474361,24,24.332,178,26766,0.16,0,1,309085,308907,178
11477281,24,24.2905,178,26766,0.16,0,1,309109,308931,178
11480201,24,24.2542,178,26766,0.16,0,1,309133,308955,178
11483121,24,24.2224,178,26766,0.16,0,1,309157,308979,178
11486041,24,24.1946,178,26766,0.16,0,1,309181,309003,178
11488961,24,24.1703,178,26766,0.16,0,1,309205,309027,178
11491881,24,24.149,178,26766,0.16,0,1,309229,309051,178
11494801,24,24.1304,178,26766,0.16,0,1,309253,309075,178
11497721,24,24.1141,178,26766,0.16,0,1,309277,309099,178
11500641,24,24.0998,178,26766,0.16,0,1,309301,309123,178
11503561,24,24.0873,178,26766,0.16,0,1,309325,309147,178
11506481,24,24.0764,178,26766,0.16,0,1,309349,309171,178
11509401,24,24.0669,178,29686,0.17,0,1,309373,309195,178
11512321,24,24.0585,178,29686,0.17,0,1,309397,309219,178
11515241,24,24.0512,178,29686,0.19,0,1,309421,309243,178
11518161,24,24.0448,178,29686,0.21,0,1,309445,309267,178
11521081,24,24.0392,178,26766,0.21,0,1,309469,309291,178
11524001,24,24.0343,178,26766,0.21,0,1,309493,309315,178
11526921,24,24.03,178,26766,0.19,0,1,309517,309339,178
11529841,24,23.6513,181,26766,0.19,0,1,309541,309360,181
11532761,24,22.9449,187,26766,0.17,0,1,309565,309378,187
11535681,24,22.3267,193,26766,0.17,0,1,309589,309396,193
11538601,24,21.7859,199,26766,0.17,0,1,309613,309414,199
11541521,24,21.3127,205,26766,0.17,0,1,309637,309432,205
11544441,24,20.8986,211,26766,0.17,0,1,309661,309450,211
11547361,24,22.2863,203,26766,0.17,0,1,309685,309482,203
11550281,24,23.5005,195,26766,0.17,0,1,309709,309514,195
11553201,24,24.5629,187,26766,0.17,0,1,309733,309546,187
11556121,24,24.4926,187,26766,0.17,0,1,309757,309570,187
11559041,24,24.431,187,26766,0.17,0,1,309781,309594,187
11561961,24,24.3771,187,26766,0.17,0,1,309805,309618,187
11564881,24,24.33,187,26766,0.17,0,1,309829,309642,187
11567801,24,24.2887,187,26766,0.17,0,1,309853,309666,187
11570721,24,24.2526,187,26766,0.17,0,1,309877,309690,187
11573641,24,24.2211,187,26766,0.17,0,1,309901,309714,187
11576561,24,24.1934,187,26766,0.17,0,1,309925,309738,187
11579481,24,24.1692,187,26766,0.17,0,1,309949,309762,187
11582401,24,24.1481,187,26766,0.17,0,1,309973,309786,187
11585321,24,24.1296,187,26766,0.17,0,1,309997,309810,187
11588241,24,24.1134,187,26766,0.17,0,1,310021,309834,187
11591161,24,24.0992,187,26766,0.17,0,1,310045,309858,187
11594081,24,24.0868,187,26766,0.17,0,1,310069,309882,187
11597001,24,24.076,187,26766,0.17,0,1,310093,309906,187
11599921,24,24.0665,187,26766,0.17,0,1,310117,309930,187
11602841,24,24.0582,187,29686,0.17,0,1,310141,309954,187
11605761,24,24.0509,187,29686,0.19,0,1,310165,309978,187
11608681,24,24.0445,187,29686,0.21,0,1,310189,310002,187
11611601,24,24.039,187,29686,0.21,0,1,310213,310026,187
11614521,24,24.0341,187,26766,0.23,0,1,310237,310050,187
11617441,24,24.0298,187,26766,0.21,0,1,310261,310074,187
11620361,24,24.0261,187,26766,0.21,0,1,310285,310098,187
11623281,24,24.0228,187,26766,0.19,0,1,310309,310122,187
11626201,24,23.27,193,26766,0.19,0,1,310333,310140,193
11629121,24,22.6112,199,26766,0.19,0,1,310357,310158,199
11632041,24,22.0348,205,26766,0.19,0,1,310381,310176,205
11634961,24,21.5305,211,26766,0.19,0,1,310405,310194,211
11637881,24,21.0892,217,26766,0.19,0,1,310429,310212,217
11640801,24,21.578,216,26766,0.19,0,1,310453,310237,216
11643721,24,22.8808,208,26766,0.19,0,1,310477,310269,208
11646641,24,24.0207,200,26766,0.19,0,1,310501,310301,200
11649561,24,24.5181,196,26766,0.19,0,1,310525,310329,196
11652481,24,24.4533,196,26766,0.19,0,1,310549,310353,196
11655401,24,24.3967,196,26766,0.19,0,1,310573,310377,196
11658321,24,24.3471,196,26766,0.19,0,1,310597,310401,196
11661241,24,24.3037,196,26766,0.19,0,1,310621,310425,196
11664161,24,24.2657,196,26766,0.19,0,1,310645,310449,196
11667081,24,24.2325,196,26766,0.19,0,1,310669,310473,196
11670001,24,24.2035,196,26766,0.19,0,1,310693,310497,196
11672921,24,24.178,196,26766,0.19,0,1,310717,310521,196
11675841,24,24.1558,196,26766,0.19,0,1,310741,310545,196
11678761,24,24.1363,196,26766,0.19,0,1,310765,310569,196
11681681,24,24.1193,196,26766,0.19,0,1,310789,310593,196
11684601,24,24.1044,196,26766,0.19,0,1,310813,310617,196
11687521,24,24.0913,196,26766,0.19,0,1,310837,310641,196
11690441,24,24.0799,196,26766,0.19,0,1,310861,310665,196
11693361,24,24.0699,196,26766,0.19,0,1,310885,310689,196
11696281,24,24.0612,196,29686,0.19,0,1,310909,310713,196
11699201,24,24.0535,196,29686,0.21,0,1,310933,310737,196
11702121,24,24.0468,196,29686,0.18,0,1,310957,310761,196
11705041,24,24.041,196,29686,0.14,0,1,310981,310785,196
11707961,24,24.0359,196,26766,0.1,0,1,311005,310809,196
11710881,24,24.0314,196,26766,0.06,0,1,311029,310833,196
11713801,24,24.0275,196,26766,0.02,0,1,311053,310857,196
11716721,24,24.024,196,26766,0,0,1,311077,310881,196
11719641,24,23.646,199,26766,0,0,1,311101,310902,199
11721841,23.25,22.9403,199,26766,0,0,1,311119,310920,199
11724761,381.469,395.573,84,26766,0.01,0,1,314008,313924,84
11727681,336.785,349.126,84,26766,0.01,0,1,314032,313948,84
11730601,297.687,308.485,84,26766,0.01,0,1,314056,313972,84
11733521,263.476,272.925,84,26766,0.01,0,1,314080,313996,84
11736441,233.542,241.809,84,26766,0.01,0,1,314104,314020,84
11739361,207.349,214.583,84,26766,0.01,0,1,314128,314044,84
11742281,184.43,190.76,84,26766,0.01,0,1,314152,314068,84
11745201,164.377,169.915,84,26766,0.01,0,1,314176,314092,84
11748121,146.829,151.676,84,26766,0.01,0,1,314200,314116,84
11751041,131.476,135.716,84,26766,0.01,0,1,314224,314140,84
11753961,118.041,121.752,84,26766,0.01,0,1,314248,314164,84
11756881,106.286,109.533,84,26766,0.01,0,1,314272,314188,84
11759801,96.0004,98.8412,84,26766,0.01,0,1,314296,314212,84
11762721,87.0003,89.486,84,26766,0.01,0,1,314320,314236,84
11765641,79.1253,81.3003,84,26766,0.01,0,1,314344,314260,84
11768561,72.2346,74.1377,84,26766,0.01,0,1,314368,314284,84
11771481,66.2053,67.8705,84,26766,0.01,0,1,314392,314308,84
11774401,60.9296,62.3867,84,29686,0.01,0,1,314416,314332,84
11777321,56.3134,57.5884,84,29686,0.01,0,1,314440,314356,84
11780241,52.2742,53.3898,84,29686,0.03,0,1,314464,314380,84
11783161,48.74,49.7161,84,29686,0.05,0,1,314488,314404,84
11786081,45.6475,45.7516,90,29686,0.05,0,1,314512,314422,90
11789001,42.9415,42.2826,96,29686,0.07,0,1,314536,314440,96
11791921,40.5738,39.2473,102,29686,0.09,0,1,314560,314458,102
11794841,38.5021,36.5914,108,29686,0.09,0,1,314584,314476,108
11797761,36.6894,34.2675,114,29686,0.11,0,1,314608,314494,114
11800681,35.1032,32.234,120,5840,0.09,0,1,314632,314512,120
11803601,33.7153,30.4548,126,5840,0.05,0,1,314656,314530,126
11806521,32.5009,28.8979,132,5840,0.01,0,1,314680,314548,132
11809441,31.4383,27.5357,138,5840,0,0,1,314704,314566,138
11812361,30.5085,26.3437,144,5840,0,0,1,314728,314584,144
11815281,32.6949,25.3008,174,5840,0,0,1,314776,314602,174
11818201,33.1081,37.8882,84,5840,0,0,1,314812,314728,84
11821121,34.9695,39.1521,84,5840,0,0,1,314860,314776,84
11824041,35.0984,38.7581,84,5840,0,0,1,314896,314812,84
11826961,36.7111,39.9134,84,5840,0,0,1,314944,314860,84
11829881,36.6222,39.4242,84,30173,0.01,0,1,314980,314896,84
11832801,38.0444,40.4962,84,30173,0.01,0,1,315028,314944,84
11835721,36.2889,38.4341,84,30173,0.01,0,1,315052,314968,84
11838641,34.7527,36.6299,84,30173,0.01,0,1,315076,314992,84
11841561,33.4087,35.0511,84,30173,0.01,0,1,315100,315016,84
11844481,32.2326,33.6698,84,29686,0.01,0,1,315124,315040,84
11847401,31.2035,32.461,84,29443,0.01,0,1,315148,315064,84
11850321,30.3031,31.4034,84,32119,0.01,0,1,315172,315088,84
11853241,29.5152,30.478,84,31876,0.01,0,1,315196,315112,84
11856161,28.8258,29.6682,84,31633,0.03,0,1,315220,315136,84
11859081,28.2226,28.9597,84,31389,0.05,0,1,315244,315160,84
11862001,27.6947,27.5897,90,31146,0.05,0,1,315268,315178,90
11864921,27.2329,26.391,96,31146,0.07,0,1,315292,315196,96
11867841,26.8288,25.3421,102,31146,0.09,0,1,315316,315214,102
11870761,26.4752,24.4244,108,31146,0.09,0,1,315340,315232,108
11873681,26.1658,23.6213,114,31146,0.11,0,1,315364,315250,114
11876601,25.8951,22.9187,120,31146,0.13,0,1,315388,315268,120
11879521,25.6582,22.3038,126,28226,0.13,0,1,315412,315286,126
11882441,25.4509,21.7659,132,28226,0.12,0,1,315436,315304,132
11885361,25.2695,21.2951,138,28226,0.11,0,1,315460,315322,138
11888281,25.1109,20.8832,144,28226,0.1,0,1,315484,315340,144
11891201,24.972,20.5228,150,28226,0.09,0,1,315508,315358,150
11894121,24.8505,20.2075,156,28226,0.09,0,1,315532,315376,156
11897041,24.7442,19.9315,162,28226,0.09,0,1,315556,315394,162
11899961,24.6512,21.4401,154,28226,0.09,0,1,315580,315426,154
11902881,24.5698,22.7601,146,28226,0.09,0,1,315604,315458,146
11905801,24.4985,23.9151,138,28226,0.09,0,1,315628,315490,138
11908721,24.4362,23.9257,138,28226,0.09,0,1,315652,315514,138
11911641,24.3817,23.935,138,28226,0.09,0,1,315676,315538,138
11914561,24.334,23.9431,138,28226,0.09,0,1,315700,315562,138
11917481,24.2922,23.9502,138,28226,0.09,0,1,315724,315586,138
11920401,24.2557,23.9564,138,28226,0.09,0,1,315748,315610,138
11923321,24.2237,23.9619,138,28226,0.09,0,1,315772,315634,138
11926241,24.1958,23.9666,138,28226,0.09,0,1,315796,315658,138
11929161,24.1713,23.9708,138,28226,0.09,0,1,315820,315682,138
11932081,24.1499,23.9745,138,28226,0.09,0,1,315844,315706,138
11935001,24.1312,23.9777,138,28226,0.09,0,1,315868,315730,138
11937921,24.1148,23.9805,138,28226,0.09,0,1,315892,315754,138
11940841,24.1004,23.9829,138,28226,0.09,0,1,315916,315778,138
11943761,24.0879,23.985,138,28226,0.09,0,1,315940,315802,138
11946681,24.0769,23.9869,138,28226,0.09,0,1,315964,315826,138
11949601,24.0673,23.9885,138,28226,0.09,0,1,315988,315850,138
11952521,24.0589,23.99,138,28226,0.09,0,1,316012,315874,138
11955441,24.0515,23.9912,138,28226,0.09,0,1,316036,315898,138
11958361,24.0451,23.9923,138,28226,0.09,0,1,316060,315922,138
11961281,24.0394,23.9933,138,31146,0.09,0,1,316084,315946,138
11964201,24.0345,23.9941,138,31146,0.11,0,1,316108,315970,138
11967121,24.0302,23.9949,138,31146,0.13,0,1,316132,315994,138
11970041,24.0264,23.9955,138,31146,0.13,0,1,316156,316018,138
11972961,24.0231,23.9961,138,28226,0.13,0,1,316180,316042,138
11975881,24.0202,23.9966,138,28226,0.13,0,1,316204,316066,138
11978801,24.0177,23.247,144,28226,0.11,0,1,316228,316084,144
11981721,24.0155,22.5911,150,28226,0.11,0,1,316252,316102,150
11984641,24.0135,22.0172,156,28226,0.09,0,1,316276,316120,156
11987561,24.0119,21.5151,162,28226,0.09,0,1,316300,316138,162
11990481,24.0104,21.0757,168,28226,0.09,0,1,316324,316156,168
11993401,24.0091,22.4412,160,28226,0.09,0,1,316348,316188,160
11996321,24.0079,23.6361,152,28226,0.09,0,1,316372,316220,152
11999241,24.0069,24.6816,144,28226,0.09,0,1,316396,316252,144
12002161,24.0061,25.0964,140,28226,0.09,0,1,316420,316280,140
12005081,24.0053,24.9593,140,28226,0.09,0,1,316444,316304,140
12008001,24.0047,24.8394,140,28226,0.09,0,1,316468,316328,140
12010921,24.0041,24.7345,140,28226,0.09,0,1,316492,316352,140
12013841,24.0036,24.6427,140,28226,0.09,0,1,316516,316376,140
12016761,24.0031,24.5623,140,28226,0.09,0,1,316540,316400,140
12019681,24.0027,24.492,140,28226,0.09,0,1,316564,316424,140
12022601,24.0024,24.4305,140,28226,0.09,0,1,316588,316448,140
12025521,24.0021,24.3767,140,28226,0.09,0,1,316612,316472,140
12028441,24.0018,24.3296,140,28226,0.09,0,1,316636,316496,140
12031361,24.0016,24.2884,140,28226,0.09,0,1,316660,316520,140
12034281,24.0014,24.2524,140,28226,0.09,0,1,316684,316544,140
12037201,24.0012,24.2208,140,28226,0.09,0,1,316708,316568,140
12040121,24.0011,24.1932,140,28226,0.09,0,1,316732,316592,140
12043041,24.0009,24.1691,140,28226,0.09,0,1,316756,316616,140
12045961,24.0008,24.1479,140,28226,0.09,0,1,316780,316640,140
12048881,24.0007,24.1294,140,28226,0.09,0,1,316804,316664,140
12051801,24.0006,24.1133,140,28226,0.09,0,1,316828,316688,140
12054721,24.0005,24.0991,140,31146,0.11,0,1,316852,316712,140
12057641,24.0005,24.0867,140,31146,0.11,0,1,316876,316736,140
12060561,24.0004,24.0759,140,31146,0.13,0,1,316900,316760,140
12063481,24.0004,24.0664,140,31146,0.15,0,1,316924,316784,140
12066401,24.0003,24.0581,140,28226,0.15,0,1,316948,316808,140
12069321,24.0003,24.0508,140,28226,0.13,0,1,316972,316832,140
12072241,24.0002,23.2945,146,28226,0.13,0,1,316996,316850,146
12075161,24.0002,22.6327,152,28226,0.11,0,1,317020,316868,152
12078081,24.0002,22.0536,158,28226,0.11,0,1,317044,316886,158
12081001,24.0002,21.5469,164,28226,0.11,0,1,317068,316904,164
12083921,24.0001,21.1035,170,28226,0.11,0,1,317092,316922,170
12086841,24.0001,21.5906,169,28226,0.11,0,1,317116,316947,169
12089761,24.0001,22.8918,161,28226,0.11,0,1,317140,316979,161
12092681,24.0001,24.0303,153,28226,0.11,0,1,317164,317011,153
12095601,24.0001,24.5265,149,28226,0.11,0,1,317188,317039,149
12098521,24.0001,24.4607,149,28226,0.11,0,1,317212,317063,149
12101441,24.0001,24.4031,149,28226,0.11,0,1,317236,317087,149
12104361,24.0001,24.3527,149,28226,0.11,0,1,317260,317111,149
12107281,24,24.3086,149,28226,0.11,0,1,317284,317135,149
12110201,24,24.27,149,28226,0.11,0,1,317308,317159,149
12113121,24,24.2363,149,28226,0.11,0,1,317332,317183,149
12116041,24,24.2068,149,28226,0.11,0,1,317356,317207,149
12118961,24,24.1809,149,28226,0.11,0,1,317380,317231,149
12121881,24,24.1583,149,28226,0.11,0,1,317404,317255,149
12124801,24,24.1385,149,28226,0.11,0,1,317428,317279,149
12127721,24,24.1212,149,28226,0.11,0,1,317452,317303,149
12130641,24,24.106,149,28226,0.11,0,1,317476,317327,149
12133561,24,24.0928,149,28226,0.11,0,1,317500,317351,149
12136481,24,24.0812,149,28226,0.11,0,1,317524,317375,149
12139401,24,24.071,149,28226,0.11,0,1,317548,317399,149
12142321,24,24.0622,149,28226,0.11,0,1,317572,317423,149
12145241,24,24.0544,149,28226,0.11,0,1,317596,317447,149
12148161,24,24.0476,149,31146,0.11,0,1,317620,317471,149
12151081,24,24.0416,149,31146,0.13,0,1,317644,317495,149
12154001,24,24.0364,149,31146,0.15,0,1,317668,317519,149
12156921,24,24.0319,149,31146,0.15,0,1,317692,317543,149
12159841,24,24.0279,149,28226,0.15,0,1,317716,317567,149
12162761,24,24.0244,149,28226,0.15,0,1,317740,317591,149
12165681,24,23.6464,152,28226,0.13,0,1,317764,317612,152
12168601,24,22.9406,158,28226,0.13,0,1,317788,317630,158
12171521,24,22.323,164,28226,0.13,0,1,317812,317648,164
12174441,24,21.7826,170,28226,0.13,0,1,317836,317666,170
12177361,24,21.3098,176,28226,0.13,0,1,317860,317684,176
12180281,24,21.7711,175,28226,0.13,0,1,317884,317709,175
12183201,24,23.0497,167,28226,0.13,0,1,317908,317741,167
12186121,24,24.1685,159,28226,0.13,0,1,317932,317773,159
12189041,24,24.6474,155,28226,0.13,0,1,317956,317801,155
12191961,24,24.5665,155,28226,0.13,0,1,317980,317825,155
12194881,24,24.4957,155,28226,0.13,0,1,318004,317849,155
12197801,24,24.4337,155,28226,0.13,0,1,318028,317873,155
12200721,24,24.3795,155,28226,0.13,0,1,318052,317897,155
12203641,24,24.3321,155,28226,0.13,0,1,318076,317921,155
12206561,24,24.2906,155,28226,0.13,0,1,318100,317945,155
12209481,24,24.2542,155,28226,0.13,0,1,318124,317969,155
12212401,24,24.2225,155,28226,0.13,0,1,318148,317993,155
12215321,24,24.1947,155,28226,0.13,0,1,318172,318017,155
12218241,24,24.1703,155,28226,0.13,0,1,318196,318041,155
12221161,24,24.149,155,28226,0.13,0,1,318220,318065,155
12224081,24,24.1304,155,28226,0.13,0,1,318244,318089,155
12227001,24,24.1141,155,28226,0.13,0,1,318268,318113,155
12229921,24,24.0998,155,28226,0.13,0,1,318292,318137,155
12232841,24,24.0874,155,28226,0.13,0,1,318316,318161,155
12235761,24,24.0764,155,28226,0.13,0,1,318340,318185,155
12238681,24,24.0669,155,28226,0.13,0,1,318364,318209,155
12241601,24,24.0585,155,31146,0.13,0,1,318388,318233,155
12244521,24,24.0512,155,31146,0.15,0,1,318412,318257,155
12247441,24,24.0448,155,31146,0.15,0,1,318436,318281,155
12250361,24,24.0392,155,31146,0.17,0,1,318460,318305,155
12253281,24,24.0343,155,28226,0.17,0,1,318484,318329,155
12256201,24,24.03,155,28226,0.17,0,1,318508,318353,155
12259121,24,23.6513,158,28226,0.15,0,1,318532,318374,158
12262041,24,22.9449,164,28226,0.15,0,1,318556,318392,164
12264961,24,22.3267,170,28226,0.13,0,1,318580,318410,170
12267881,24,21.7859,176,28226,0.13,0,1,318604,318428,176
12270801,24,21.3127,182,28226,0.13,0,1,318628,318446,182
12273721,24,20.8986,188,28226,0.13,0,1,318652,318464,188
12276641,24,22.2863,180,28226,0.13,0,1,318676,318496,180
12279561,24,23.5005,172,28226,0.13,0,1,318700,318528,172
12282481,24,24.5629,164,28226,0.13,0,1,318724,318560,164
12285401,24,24.4926,164,28226,0.13,0,1,318748,318584,164
12288321,24,24.431,164,28226,0.13,0,1,318772,318608,164
12291241,24,24.3771,164,28226,0.13,0,1,318796,318632,164
12294161,24,24.33,164,28226,0.13,0,1,318820,318656,164
12297081,24,24.2887,164,28226,0.13,0,1,318844,318680,164
12300001,24,24.2526,164,28226,0.13,0,1,318868,318704,164
12302921,24,24.2211,164,28226,0.13,0,1,318892,318728,164
12305841,24,24.1934,164,28226,0.13,0,1,318916,318752,164
12308761,24,24.1692,164,28226,0.13,0,1,318940,318776,164
12311681,24,24.1481,164,28226,0.13,0,1,318964,318800,164
12314601,24,24.1296,164,28226,0.13,0,1,318988,318824,164
12317521,24,24.1134,164,28226,0.13,0,1,319012,318848,164
12320441,24,24.0992,164,28226,0.13,0,1,319036,318872,164
12323361,24,24.0868,164,28226,0.13,0,1,319060,318896,164
12326281,24,24.076,164,28226,0.13,0,1,319084,318920,164
12329201,24,24.0665,164,28226,0.13,0,1,319108,318944,164
12332121,24,24.0582,164,28226,0.13,0,1,319132,318968,164
12335041,24,24.0509,164,31146,0.15,0,1,319156,318992,164
12337961,24,24.0445,164,31146,0.15,0,1,319180,319016,164
12340881,24,24.039,164,31146,0.17,0,1,319204,319040,164
12343801,24,24.0341,164,31146,0.19,0,1,319228,319064,164
12346721,24,24.0298,164,28226,0.19,0,1,319252,319088,164
12349641,24,24.0261,164,28226,0.17,0,1,319276,319112,164
12352561,24,24.0228,164,28226,0.17,0,1,319300,319136,164
12355481,24,23.27,170,28226,0.15,0,1,319324,319154,170
12358401,24,22.6112,176,28226,0.15,0,1,319348,319172,176
12361321,24,22.0348,182,28226,0.15,0,1,319372,319190,182
12364241,24,21.5305,188,28226,0.15,0,1,319396,319208,188
12367161,24,21.0892,194,28226,0.15,0,1,319420,319226,194
12370081,24,21.578,193,28226,0.15,0,1,319444,319251,193
12373001,24,22.8808,185,28226,0.15,0,1,319468,319283,185
12375921,24,24.0207,177,28226,0.15,0,1,319492,319315,177
12378841,24,24.5181,173,28226,0.15,0,1,319516,319343,173
12381761,24,24.4533,173,28226,0.15,0,1,319540,319367,173
12384681,24,24.3967,173,28226,0.15,0,1,319564,319391,173
12387601,24,24.3471,173,28226,0.15,0,1,319588,319415,173
12390521,24,24.3037,173,28226,0.15,0,1,319612,319439,173
12393441,24,24.2657,173,28226,0.15,0,1,319636,319463,173
12396361,24,24.2325,173,28226,0.15,0,1,319660,319487,173
12399281,24,24.2035,173,28226,0.15,0,1,319684,319511,173
12402201,24,24.178,173,28226,0.15,0,1,319708,319535,173
12405121,24,24.1558,173,28226,0.15,0,1,319732,319559,173
12408041,24,24.1363,173,28226,0.15,0,1,319756,319583,173
12410961,24,24.1193,173,28226,0.15,0,1,319780,319607,173
12413881,24,24.1044,173,28226,0.15,0,1,319804,319631,173
12416801,24,24.0913,173,28226,0.15,0,1,319828,319655,173
12419721,24,24.0799,173,28226,0.15,0,1,319852,319679,173
12422641,24,24.0699,173,28226,0.15,0,1,319876,319703,173
12425561,24,24.0612,173,28226,0.15,0,1,319900,319727,173
12428481,24,24.0535,173,31146,0.14,0,1,319924,319751,173
12431401,24,24.0468,173,31146,0.1,0,1,319948,319775,173
12434321,24,24.041,173,31146,0.06,0,1,319972,319799,173
12437241,24,24.0359,173,31146,0.02,0,1,319996,319823,173
12440161,24,24.0314,173,31146,0,0,1,320020,319847,173
12443081,24,24.0275,173,31146,0,0,1,320044,319871,173
12444641,22.625,24.024,162,31146,0,0,1,320057,319895,162
12447561,201.422,212.396,84,31146,0.01,0,1,321510,321426,84
12450481,179.244,188.847,84,31146,0.01,0,1,321534,321450,84
12453401,159.839,168.241,84,31146,0.01,0,1,321558,321474,84
12456321,142.859,150.211,84,31146,0.03,0,1,321582,321498,84
12459241,128.001,134.434,84,31146,0.05,0,1,321606,321522,84
12462161,115.001,119.88,90,31146,0.05,0,1,321630,321540,90
12465081,103.626,107.145,96,31146,0.07,0,1,321654,321558,96
12468001,93.6728,96.0019,102,31146,0.09,0,1,321678,321576,102
12470921,84.9637,86.2516,108,31146,0.09,0,1,321702,321594,108
12473841,77.3433,77.7202,114,31146,0.11,0,1,321726,321612,114
12476761,70.6754,70.2552,120,31146,0.13,0,1,321750,321630,120
12479681,64.8409,63.7233,126,28226,0.13,0,1,321774,321648,126
12482601,59.7358,58.0079,132,28226,0.12,0,1,321798,321666,132
12485521,55.2688,53.0069,138,28226,0.11,0,1,321822,321684,138
12488441,51.3602,48.631,144,28226,0.1,0,1,321846,321702,144
12491361,47.9402,44.8021,150,28226,0.09,0,1,321870,321720,150
12494281,44.9477,41.4519,156,28226,0.09,0,1,321894,321738,156
12497201,42.3292,38.5204,162,28226,0.09,0,1,321918,321756,162
12500121,40.0381,37.7053,154,28226,0.09,0,1,321942,321788,154
12503041,38.0333,36.9922,146,28226,0.09,0,1,321966,321820,146
12505961,36.2791,36.3682,138,28226,0.09,0,1,321990,321852,138
12508881,34.7443,34.8221,138,28226,0.09,0,1,322014,321876,138
12511801,33.4012,33.4694,138,28226,0.09,0,1,322038,321900,138
12514721,32.2261,32.2857,138,28226,0.09,0,1,322062,321924,138
12517641,31.1978,31.25,138,28226,0.09,0,1,322086,321948,138
12520561,30.2981,30.3437,138,28226,0.09,0,1,322110,321972,138
12523481,29.5108,29.5508,138,28226,0.09,0,1,322134,321996,138
12526401,28.822,28.8569,138,28226,0.09,0,1,322158,322020,138
12529321,28.2192,28.2498,138,28226,0.09,0,1,322182,322044,138
12532241,27.6918,27.7186,138,28226,0.09,0,1,322206,322068,138
12535161,27.2303,27.2538,138,28226,0.09,0,1,322230,322092,138
12538081,26.8266,26.847,138,28226,0.09,0,1,322254,322116,138
12541001,26.4732,26.4912,138,28226,0.09,0,1,322278,322140,138
12543921,26.1641,26.1798,138,28226,0.09,0,1,322302,322164,138
12546841,25.8936,25.9073,138,28226,0.09,0,1,322326,322188,138
12549761,25.6569,25.6689,138,28226,0.09,0,1,322350,322212,138
12552681,25.4498,25.4603,138,28226,0.09,0,1,322374,322236,138
12555601,25.2685,25.2777,138,28226,0.09,0,1,322398,322260,138
12558521,25.11,25.118,138,28226,0.09,0,1,322422,322284,138
12561441,24.9712,24.9783,138,31146,0.09,0,1,322446,322308,138
12564361,24.8498,24.856,138,31146,0.11,0,1,322470,322332,138
12567281,24.7436,24.749,138,31146,0.13,0,1,322494,322356,138
12570201,24.6506,24.6554,138,31146,0.13,0,1,322518,322380,138
12573121,24.5693,24.5734,138,28226,0.13,0,1,322542,322404,138
12576041,24.4982,24.5018,138,28226,0.13,0,1,322566,322428,138
12578961,24.4359,23.689,144,28226,0.11,0,1,322590,322446,144
12581881,24.3814,22.9779,150,28226,0.11,0,1,322614,322464,150
12584801,24.3337,22.3557,156,28226,0.09,0,1,322638,322482,156
12587721,24.292,21.8112,162,28226,0.09,0,1,322662,322500,162
12590641,24.2555,21.3348,168,28226,0.09,0,1,322686,322518,168
12593561,24.2236,22.668,160,28226,0.09,0,1,322710,322550,160
12596481,24.1956,23.8345,152,28226,0.09,0,1,322734,322582,152
12599401,24.1712,24.8552,144,28226,0.09,0,1,322758,322614,144
12602321,24.1498,25.2483,140,28226,0.09,0,1,322782,322642,140
12605241,24.1311,25.0922,140,28226,0.09,0,1,322806,322666,140
12608161,24.1147,24.9557,140,28226,0.09,0,1,322830,322690,140
12611081,24.1003,24.8362,140,28226,0.09,0,1,322854,322714,140
12614001,24.0878,24.7317,140,28226,0.09,0,1,322878,322738,140
12616921,24.0768,24.6402,140,28226,0.09,0,1,322902,322762,140
12619841,24.0672,24.5602,140,28226,0.09,0,1,322926,322786,140
12622761,24.0588,24.4902,140,28226,0.09,0,1,322950,322810,140
12625681,24.0515,24.4289,140,28226,0.09,0,1,322974,322834,140
12628601,24.045,24.3753,140,28226,0.09,0,1,322998,322858,140
12631521,24.0394,24.3284,140,28226,0.09,0,1,323022,322882,140
12634441,24.0345,24.2873,140,28226,0.09,0,1,323046,322906,140
12637361,24.0302,24.2514,140,28226,0.09,0,1,323070,322930,140
12640281,24.0264,24.22,140,28226,0.09,0,1,323094,322954,140
12643201,24.0231,24.1925,140,28226,0.09,0,1,323118,322978,140
12646121,24.0202,24.1684,140,28226,0.09,0,1,323142,323002,140
12649041,24.0177,24.1474,140,28226,0.09,0,1,323166,323026,140
12651961,24.0155,24.129,140,28226,0.09,0,1,323190,323050,140
12654881,24.0135,24.1128,140,31146,0.11,0,1,323214,323074,140
12657801,24.0118,24.0987,140,31146,0.11,0,1,323238,323098,140
12660721,24.0104,24.0864,140,31146,0.13,0,1,323262,323122,140
12663641,24.0091,24.0756,140,31146,0.15,0,1,323286,323146,140
12666561,24.0079,24.0661,140,28226,0.15,0,1,323310,323170,140
12669481,24.0069,24.0579,140,28226,0.13,0,1,323334,323194,140
12672401,24.0061,23.3006,146,28226,0.13,0,1,323358,323212,146
12675321,24.0053,22.6381,152,28226,0.11,0,1,323382,323230,152
12678241,24.0047,22.0583,158,28226,0.11,0,1,323406,323248,158
12681161,24.0041,21.551,164,28226,0.11,0,1,323430,323266,164
12684081,24.0036,21.1071,170,28226,0.11,0,1,323454,323284,170
12687001,24.0031,21.5937,169,28226,0.11,0,1,323478,323309,169
12689921,24.0027,22.8945,161,28226,0.11,0,1,323502,323341,161
12692841,24.0024,24.0327,153,28226,0.11,0,1,323526,323373,153
12695761,24.0021,24.5286,149,28226,0.11,0,1,323550,323401,149
12698681,24.0018,24.4625,149,28226,0.11,0,1,323574,323425,149
12701601,24.0016,24.4047,149,28226,0.11,0,1,323598,323449,149
12704521,24.0014,24.3541,149,28226,0.11,0,1,323622,323473,149
12707441,24.0012,24.3099,149,28226,0.11,0,1,323646,323497,149
12710361,24.0011,24.2711,149,28226,0.11,0,1,323670,323521,149
12713281,24.0009,24.2372,149,28226,0.11,0,1,323694,323545,149
12716201,24.0008,24.2076,149,28226,0.11,0,1,323718,323569,149
12719121,24.0007,24.1816,149,28226,0.11,0,1,323742,323593,149
12722041,24.0006,24.1589,149,28226,0.11,0,1,323766,323617,149
12724961,24.0005,24.1391,149,28226,0.11,0,1,323790,323641,149
12727881,24.0005,24.1217,149,28226,0.11,0,1,323814,323665,149
12730801,24.0004,24.1065,149,28226,0.11,0,1,323838,323689,149
12733721,24.0004,24.0932,149,28226,0.11,0,1,323862,323713,149
12736641,24.0003,24.0815,149,28226,0.11,0,1,323886,323737,149
12739561,24.0003,24.0713,149,28226,0.11,0,1,323910,323761,149
12742481,24.0002,24.0624,149,28226,0.11,0,1,323934,323785,149
12745401,24.0002,24.0546,149,28226,0.11,0,1,323958,323809,149
12748321,24.0002,24.0478,149,31146,0.11,0,1,323982,323833,149
12751241,24.0002,24.0418,149,31146,0.13,0,1,324006,323857,149
12754161,24.0001,24.0366,149,31146,0.15,0,1,324030,323881,149
12757081,24.0001,24.032,149,31146,0.15,0,1,324054,323905,149
12760001,24.0001,24.028,149,28226,0.15,0,1,324078,323929,149
12762921,24.0001,24.0245,149,28226,0.15,0,1,324102,323953,149
12765841,24.0001,23.6464,152,28226,0.13,0,1,324126,323974,152
12768761,24.0001,22.9406,158,28226,0.13,0,1,324150,323992,158
12771681,24.0001,22.3231,164,28226,0.13,0,1,324174,324010,164
12774601,24.0001,21.7827,170,28226,0.13,0,1,324198,324028,170
12777521,24,21.3098,176,28226,0.13,0,1,324222,324046,176
12780441,24,21.7711,175,28226,0.13,0,1,324246,324071,175
12783361,24,23.0497,167,28226,0.13,0,1,324270,324103,167
12786281,24,24.1685,159,28226,0.13,0,1,324294,324135,159
12789201,24,24.6474,155,28226,0.13,0,1,324318,324163,155
12792121,24,24.5665,155,28226,0.13,0,1,324342,324187,155
12795041,24,24.4957,155,28226,0.13,0,1,324366,324211,155
12797961,24,24.4337,155,28226,0.13,0,1,324390,324235,155
12800881,24,24.3795,155,28226,0.13,0,1,324414,324259,155
12803801,24,24.3321,155,28226,0.13,0,1,324438,324283,155
12806721,24,24.2906,155,28226,0.13,0,1,324462,324307,155
12809641,24,24.2542,155,28226,0.13,0,1,324486,324331,155
12812561,24,24.2225,155,28226,0.13,0,1,324510,324355,155
12815481,24,24.1947,155,28226,0.13,0,1,324534,324379,155
12818401,24,24.1703,155,28226,0.13,0,1,324558,324403,155
12821321,24,24.149,155,28226,0.13,0,1,324582,324427,155
12824241,24,24.1304,155,28226,0.13,0,1,324606,324451,155
12827161,24,24.1141,155,28226,0.13,0,1,324630,324475,155
12830081,24,24.0998,155,28226,0.13,0,1,324654,324499,155
12833001,24,24.0874,155,28226,0.13,0,1,324678,324523,155
12835921,24,24.0764,155,28226,0.13,0,1,324702,324547,155
12838841,24,24.0669,155,28226,0.13,0,1,324726,324571,155
12841761,24,24.0585,155,31146,0.13,0,1,324750,324595,155
12844681,24,24.0512,155,31146,0.15,0,1,324774,324619,155
12847601,24,24.0448,155,31146,0.15,0,1,324798,324643,155
12850521,24,24.0392,155,31146,0.17,0,1,324822,324667,155
12853441,24,24.0343,155,28226,0.17,0,1,324846,324691,155
12856361,24,24.03,155,28226,0.17,0,1,324870,324715,155
12859281,24,23.6513,158,28226,0.15,0,1,324894,324736,158
12862201,24,22.9449,164,28226,0.15,0,1,324918,324754,164
12865121,24,22.3268,170,28226,0.13,0,1,324942,324772,170
12868041,24,21.7859,176,28226,0.13,0,1,324966,324790,176
12870961,24,21.3127,182,28226,0.13,0,1,324990,324808,182
12873881,24,20.8986,188,28226,0.13,0,1,325014,324826,188
12876801,24,22.2863,180,28226,0.13,0,1,325038,324858,180
12879721,24,23.5005,172,28226,0.13,0,1,325062,324890,172
12882641,24,24.5629,164,28226,0.13,0,1,325086,324922,164
12885561,24,24.4926,164,28226,0.13,0,1,325110,324946,164
12888481,24,24.431,164,28226,0.13,0,1,325134,324970,164
12891401,24,24.3771,164,28226,0.13,0,1,325158,324994,164
12894321,24,24.33,164,28226,0.13,0,1,325182,325018,164
12897241,24,24.2887,164,28226,0.13,0,1,325206,325042,164
12900161,24,24.2526,164,28226,0.13,0,1,325230,325066,164
12903081,24,24.2211,164,28226,0.13,0,1,325254,325090,164
12906001,24,24.1934,164,28226,0.13,0,1,325278,325114,164
12908921,24,24.1692,164,5840,0.11,0,1,325302,325138,164
12911841,24,24.1481,164,5840,0.07,0,1,325326,325162,164
12914761,24,24.1296,164,5840,0.03,0,1,325350,325186,164
12917681,24,24.1134,164,5840,0,0,1,325374,325210,164
12920601,24,24.0992,164,5840,0,0,1,325398,325234,164
12923521,24,24.0868,164,5840,0.01,0,1,325422,325258,164
12926441,28.5,38.576,84,5840,0,0,1,325482,325398,84
12929361,27.9375,36.754,84,5840,0.01,0,1,325506,325422,84
12932281,31.9453,39.6597,84,5840,0,0,1,325566,325482,84
12935201,30.9521,37.7023,84,5840,0.01,0,1,325590,325506,84
12938121,34.5831,40.4895,84,32606,0.01,0,1,325650,325566,84
12941041,33.2602,38.4283,84,35526,0.01,0,1,325674,325590,84
12943961,32.1027,36.6248,84,36256,0.01,0,1,325698,325614,84
12946881,31.0899,35.0467,84,35039,0.01,0,1,325722,325638,84
12949801,30.2036,33.6658,84,34066,0.01,0,1,325746,325662,84
12952721,29.4282,32.4576,84,33093,0.01,0,1,325770,325686,84
12955641,28.7497,31.4004,84,32363,0.01,0,1,325794,325710,84
12958561,28.156,30.4753,84,31633,0.01,0,1,325818,325734,84
12961481,27.6365,29.6659,84,31146,0.01,0,1,325842,325758,84
12964401,27.1819,28.9577,84,30659,0.01,0,1,325866,325782,84
12967321,26.7842,28.338,84,30173,0.01,0,1,325890,325806,84
12970241,26.4361,27.7957,84,29686,0.01,0,1,325914,325830,84
12973161,26.1316,27.3213,84,29443,0.01,0,1,325938,325854,84
12976081,25.8652,26.9061,84,29199,0.01,0,1,325962,325878,84
12979001,25.632,26.5428,84,28956,0.01,0,1,325986,325902,84
12981921,25.428,26.225,84,28713,0.01,0,1,326010,325926,84
12984841,25.2495,25.9469,84,28469,0.01,0,1,326034,325950,84
12987761,25.0933,25.7035,84,31146,0.01,0,1,326058,325974,84
12990681,24.9567,25.4906,84,30903,0.01,0,1,326082,325998,84
12993601,24.8371,25.3042,84,30659,0.03,0,1,326106,326022,84
12996521,24.7324,25.1412,84,30659,0.05,0,1,326130,326046,84
12999441,24.6409,24.2486,90,30659,0.05,0,1,326154,326064,90
13002361,24.5608,23.4675,96,30659,0.07,0,1,326178,326082,96
13005281,24.4907,22.7841,102,30659,0.09,0,1,326202,326100,102
13008201,24.4293,22.186,108,30659,0.09,0,1,326226,326118,108
13011121,24.3757,21.6628,114,30659,0.06,0,1,326250,326136,114
13014041,24.3287,21.2049,120,30659,0.02,0,1,326274,326154,120
13016961,24.2876,20.8043,126,30659,0,0,1,326298,326172,126
13019881,24.2517,20.4538,132,30659,0,0,1,326322,326190,132
13021841,23.2202,20.1471,130,30659,0,0,1,326338,326208,130
13024761,192.943,196.004,84,30659,0.01,0,1,327719,327635,84
13027681,171.825,174.503,84,30659,0.01,0,1,327743,327659,84
13030601,153.347,155.69,84,30659,0.01,0,1,327767,327683,84
13033521,137.178,139.229,84,30659,0.03,0,1,327791,327707,84
13036441,123.031,124.825,84,30659,0.05,0,1,327815,327731,84
13039361,110.652,111.472,90,30659,0.05,0,1,327839,327749,90
13042281,99.8207,99.7882,96,30659,0.07,0,1,327863,327767,96
13045201,90.3431,89.5647,102,30659,0.09,0,1,327887,327785,102
13048121,82.0502,80.6191,108,30659,0.09,0,1,327911,327803,108
13051041,74.7939,72.7917,114,30659,0.11,0,1,327935,327821,114
13053961,68.4447,65.9427,120,30659,0.13,0,1,327959,327839,120
13056881,62.8891,59.9499,126,27739,0.13,0,1,327983,327857,126
13059801,58.028,54.7062,132,27739,0.12,0,1,328007,327875,132
13062721,53.7745,50.1179,138,27739,0.11,0,1,328031,327893,138
13065641,50.0527,46.1032,144,27739,0.1,0,1,328055,327911,144
13068561,46.7961,42.5903,150,27739,0.09,0,1,328079,327929,150
13071481,43.9466,39.5165,156,27739,0.09,0,1,328103,327947,156
13074401,41.4532,36.8269,162,27739,0.09,0,1,328127,327965,162
13077321,39.2716,36.2236,154,27739,0.09,0,1,328151,327997,154
13080241,37.3626,35.6956,146,27739,0.09,0,1,328175,328029,146
13083161,35.6923,35.2337,138,27739,0.09,0,1,328199,328061,138
13086081,34.2308,33.8295,138,27739,0.09,0,1,328223,328085,138
13089001,32.9519,32.6008,138,27739,0.09,0,1,328247,328109,138
13091921,31.8329,31.5257,138,27739,0.09,0,1,328271,328133,138
13094841,30.8538,30.585,138,27739,0.09,0,1,328295,328157,138
13097761,29.9971,29.7618,138,27739,0.09,0,1,328319,328181,138
13100681,29.2475,29.0416,138,27739,0.09,0,1,328343,328205,138
13103601,28.5915,28.4114,138,27739,0.09,0,1,328367,328229,138
13106521,28.0176,27.86,138,27739,0.09,0,1,328391,328253,138
13109441,27.5154,27.3775,138,27739,0.09,0,1,328415,328277,138
13112361,27.076,26.9553,138,27739,0.09,0,1,328439,328301,138
13115281,26.6915,26.5859,138,27739,0.09,0,1,328463,328325,138
13118201,26.355,26.2627,138,27739,0.09,0,1,328487,328349,138
13121121,26.0607,25.9798,138,27739,0.09,0,1,328511,328373,138
13124041,25.8031,25.7323,138,27739,0.09,0,1,328535,328397,138
13126961,25.5777,25.5158,138,27739,0.09,0,1,328559,328421,138
13129881,25.3805,25.3263,138,27739,0.09,0,1,328583,328445,138
13132801,25.2079,25.1605,138,27739,0.09,0,1,328607,328469,138
13135721,25.0569,25.0155,138,27739,0.09,0,1,328631,328493,138
13138641,24.9248,24.8885,138,30659,0.09,0,1,328655,328517,138
13141561,24.8092,24.7775,138,30659,0.11,0,1,328679,328541,138
13144481,24.7081,24.6803,138,30659,0.13,0,1,328703,328565,138
13147401,24.6196,24.5952,138,30659,0.13,0,1,328727,328589,138
13150321,24.5421,24.5208,138,27739,0.13,0,1,328751,328613,138
13153241,24.4743,24.4557,138,27739,0.13,0,1,328775,328637,138
13156161,24.4151,23.6488,144,27739,0.11,0,1,328799,328655,144
13159081,24.3632,22.9427,150,27739,0.11,0,1,328823,328673,150
13162001,24.3178,22.3248,156,27739,0.09,0,1,328847,328691,156
13164921,24.2781,21.7842,162,27739,0.09,0,1,328871,328709,162
13167841,24.2433,21.3112,168,27739,0.09,0,1,328895,328727,168
13170761,24.2129,22.6473,160,27739,0.09,0,1,328919,328759,160
13173681,24.1863,23.8164,152,27739,0.09,0,1,328943,328791,152
13176601,24.163,24.8393,144,27739,0.09,0,1,328967,328823,144
13179521,24.1426,25.2344,140,27739,0.09,0,1,328991,328851,140
13182441,24.1248,25.0801,140,27739,0.09,0,1,329015,328875,140
13185361,24.1092,24.9451,140,27739,0.09,0,1,329039,328899,140
13188281,24.0955,24.827,140,27739,0.09,0,1,329063,328923,140
13191201,24.0836,24.7236,140,27739,0.09,0,1,329087,328947,140
13194121,24.0731,24.6331,140,27739,0.09,0,1,329111,328971,140
13197041,24.064,24.554,140,27739,0.09,0,1,329135,328995,140
13199961,24.056,24.4848,140,27739,0.09,0,1,329159,329019,140
13202881,24.049,24.4242,140,27739,0.09,0,1,329183,329043,140
13205801,24.0429,24.3711,140,27739,0.09,0,1,329207,329067,140
13208721,24.0375,24.3247,140,27739,0.09,0,1,329231,329091,140
13211641,24.0328,24.2842,140,27739,0.09,0,1,329255,329115,140
13214561,24.0287,24.2486,140,27739,0.09,0,1,329279,329139,140
13217481,24.0251,24.2176,140,27739,0.09,0,1,329303,329163,140
13220401,24.022,24.1904,140,27739,0.09,0,1,329327,329187,140
13223321,24.0192,24.1666,140,27739,0.09,0,1,329351,329211,140
13226241,24.0168,24.1457,140,27739,0.09,0,1,329375,329235,140
13229161,24.0147,24.1275,140,27739,0.09,0,1,329399,329259,140
13232081,24.0129,24.1116,140,30659,0.11,0,1,329423,329283,140
13235001,24.0113,24.0976,140,30659,0.11,0,1,329447,329307,140
13237921,24.0099,24.0854,140,30659,0.13,0,1,329471,329331,140
13240841,24.0086,24.0748,140,30659,0.15,0,1,329495,329355,140
13243761,24.0076,24.0654,140,27739,0.15,0,1,329519,329379,140
13246681,24.0066,24.0572,140,27739,0.13,0,1,329543,329403,140
13249601,24.0058,23.3001,146,27739,0.13,0,1,329567,329421,146
13252521,24.0051,22.6376,152,27739,0.11,0,1,329591,329439,152
13255441,24.0044,22.0579,158,27739,0.11,0,1,329615,329457,158
13258361,24.0039,21.5506,164,27739,0.11,0,1,329639,329475,164
13261281,24.0034,21.1068,170,27739,0.11,0,1,329663,329493,170
13264201,24.003,21.5935,169,27739,0.11,0,1,329687,329518,169
13267121,24.0026,22.8943,161,27739,0.11,0,1,329711,329550,161
13270041,24.0023,24.0325,153,27739,0.11,0,1,329735,329582,153
13272961,24.002,24.5284,149,27739,0.11,0,1,329759,329610,149
13275881,24.0017,24.4624,149,27739,0.11,0,1,329783,329634,149
13278801,24.0015,24.4046,149,27739,0.11,0,1,329807,329658,149
13281721,24.0013,24.354,149,27739,0.11,0,1,329831,329682,149
13284641,24.0012,24.3098,149,27739,0.11,0,1,329855,329706,149
13287561,24.001,24.271,149,27739,0.11,0,1,329879,329730,149
13290481,24.0009,24.2372,149,27739,0.11,0,1,329903,329754,149
13293401,24.0008,24.2075,149,27739,0.11,0,1,329927,329778,149
13296321,24.0007,24.1816,149,27739,0.11,0,1,329951,329802,149
13299241,24.0006,24.1589,149,27739,0.11,0,1,329975,329826,149
13302161,24.0005,24.139,149,27739,0.11,0,1,329999,329850,149
13305081,24.0005,24.1216,149,27739,0.11,0,1,330023,329874,149
13308001,24.0004,24.1064,149,27739,0.11,0,1,330047,329898,149
13310921,24.0004,24.0931,149,27739,0.11,0,1,330071,329922,149
13313841,24.0003,24.0815,149,27739,0.11,0,1,330095,329946,149
13316761,24.0003,24.0713,149,27739,0.11,0,1,330119,329970,149
13319681,24.0002,24.0624,149,27739,0.11,0,1,330143,329994,149
13322601,24.0002,24.0546,149,27739,0.11,0,1,330167,330018,149
13325521,24.0002,24.0478,149,30659,0.11,0,1,330191,330042,149
13328441,24.0002,24.0418,149,30659,0.13,0,1,330215,330066,149
13331361,24.0001,24.0366,149,30659,0.15,0,1,330239,330090,149
13334281,24.0001,24.032,149,30659,0.15,0,1,330263,330114,149
13337201,24.0001,24.028,149,27739,0.15,0,1,330287,330138,149
13340121,24.0001,24.0245,149,27739,0.15,0,1,330311,330162,149
13343041,24.0001,23.6464,152,27739,0.13,0,1,330335,330183,152
13345961,24.0001,22.9406,158,27739,0.13,0,1,330359,330201,158
13348881,24.0001,22.3231,164,27739,0.13,0,1,330383,330219,164
13351801,24.0001,21.7827,170,27739,0.13,0,1,330407,330237,170
13354721,24,21.3098,176,27739,0.13,0,1,330431,330255,176
13357641,24,21.7711,175,27739,0.13,0,1,330455,330280,175
13360561,24,23.0497,167,27739,0.13,0,1,330479,330312,167
13363481,24,24.1685,159,27739,0.13,0,1,330503,330344,159
13366401,24,24.6474,155,27739,0.13,0,1,330527,330372,155
13369321,24,24.5665,155,27739,0.13,0,1,330551,330396,155
13372241,24,24.4957,155,27739,0.13,0,1,330575,330420,155
13375161,24,24.4337,155,27739,0.13,0,1,330599,330444,155
13378081,24,24.3795,155,27739,0.13,0,1,330623,330468,155
13381001,24,24.3321,155,27739,0.13,0,1,330647,330492,155
13383921,24,24.2906,155,27739,0.13,0,1,330671,330516,155
13386841,24,24.2542,155,27739,0.13,0,1,330695,330540,155
13389761,24,24.2225,155,27739,0.13,0,1,330719,330564,155
13392681,24,24.1947,155,27739,0.13,0,1,330743,330588,155
13395601,24,24.1703,155,27739,0.13,0,1,330767,330612,155
13398521,24,24.149,155,27739,0.13,0,1,330791,330636,155
13401441,24,24.1304,155,27739,0.13,0,1,330815,330660,155
13404361,24,24.1141,155,27739,0.13,0,1,330839,330684,155
13407281,24,24.0998,155,27739,0.13,0,1,330863,330708,155
13410201,24,24.0874,155,27739,0.13,0,1,330887,330732,155
13413121,24,24.0764,155,27739,0.13,0,1,330911,330756,155
13416041,24,24.0669,155,27739,0.13,0,1,330935,330780,155
13418961,24,24.0585,155,30659,0.13,0,1,330959,330804,155
13421881,24,24.0512,155,30659,0.15,0,1,330983,330828,155
13424801,24,24.0448,155,30659,0.15,0,1,331007,330852,155
13427721,24,24.0392,155,30659,0.17,0,1,331031,330876,155
13430641,24,24.0343,155,27739,0.17,0,1,331055,330900,155
13433561,24,24.03,155,27739,0.17,0,1,331079,330924,155
13436481,24,23.6513,158,27739,0.15,0,1,331103,330945,158
13439401,24,22.9449,164,27739,0.15,0,1,331127,330963,164
13442321,24,22.3268,170,27739,0.13,0,1,331151,330981,170
13445241,24,21.7859,176,27739,0.13,0,1,331175,330999,176
13448161,24,21.3127,182,27739,0.13,0,1,331199,331017,182
13451081,24,20.8986,188,27739,0.13,0,1,331223,331035,188
13454001,24,22.2863,180,27739,0.13,0,1,331247,331067,180
13456921,24,23.5005,172,27739,0.13,0,1,331271,331099,172
13459841,24,24.5629,164,27739,0.13,0,1,331295,331131,164
13462761,24,24.4926,164,27739,0.13,0,1,331319,331155,164
13465681,24,24.431,164,27739,0.13,0,1,331343,331179,164
13468601,24,24.3771,164,27739,0.13,0,1,331367,331203,164
13471521,24,24.33,164,27739,0.13,0,1,331391,331227,164
13474441,24,24.2887,164,27739,0.13,0,1,331415,331251,164
13477361,24,24.2526,164,27739,0.13,0,1,331439,331275,164
13480281,24,24.2211,164,27739,0.13,0,1,331463,331299,164
13483201,24,24.1934,164,27739,0.13,0,1,331487,331323,164
13486121,24,24.1692,164,27739,0.13,0,1,331511,331347,164
13489041,24,24.1481,164,27739,0.13,0,1,331535,331371,164
13491961,24,24.1296,164,27739,0.13,0,1,331559,331395,164
13494881,24,24.1134,164,27739,0.13,0,1,331583,331419,164
13497801,24,24.0992,164,27739,0.13,0,1,331607,331443,164
13500721,24,24.0868,164,27739,0.13,0,1,331631,331467,164
13503641,24,24.076,164,27739,0.13,0,1,331655,331491,164
13506561,24,24.0665,164,27739,0.13,0,1,331679,331515,164
13509481,24,24.0582,164,27739,0.13,0,1,331703,331539,164
13512401,24,24.0509,164,30659,0.15,0,1,331727,331563,164
13515321,24,24.0445,164,30659,0.15,0,1,331751,331587,164
13518241,24,24.039,164,30659,0.17,0,1,331775,331611,164
13521161,24,24.0341,164,30659,0.19,0,1,331799,331635,164
13524081,24,24.0298,164,27739,0.19,0,1,331823,331659,164
13527001,24,24.0261,164,27739,0.17,0,1,331847,331683,164
13529921,24,24.0228,164,27739,0.17,0,1,331871,331707,164
13532841,24,23.27,170,27739,0.15,0,1,331895,331725,170
13535761,24,22.6112,176,27739,0.15,0,1,331919,331743,176
13538681,24,22.0348,182,27739,0.15,0,1,331943,331761,182
13541601,24,21.5305,188,27739,0.15,0,1,331967,331779,188
13544521,24,21.0892,194,27739,0.15,0,1,331991,331797,194
13547441,24,21.578,193,27739,0.15,0,1,332015,331822,193
13550361,24,22.8808,185,27739,0.15,0,1,332039,331854,185
13553281,24,24.0207,177,27739,0.15,0,1,332063,331886,177
13556201,24,24.5181,173,27739,0.15,0,1,332087,331914,173
13559121,24,24.4533,173,27739,0.15,0,1,332111,331938,173
13562041,24,24.3967,173,27739,0.15,0,1,332135,331962,173
13564961,24,24.3471,173,27739,0.15,0,1,332159,331986,173
13567881,24,24.3037,173,27739,0.14,0,1,332183,332010,173
13570801,24,24.2657,173,27739,0.1,0,1,332207,332034,173
13573721,24,24.2325,173,27739,0.06,0,1,332231,332058,173
13576641,24,24.2035,173,27739,0.02,0,1,332255,332082,173
13579561,24,24.178,173,27739,0,0,1,332279,332106,173
13582481,24,24.1558,173,27739,0.01,0,1,332303,332130,173
13584481,23,24.1363,165,27739,0.01,0,1,332319,332154,165
13587401,25.625,36.7443,84,27739,0.01,0,1,332363,332279,84
13590321,25.4219,35.1512,84,27739,0.01,0,1,332387,332303,84
13593241,25.2441,33.7573,84,27739,0.01,0,1,332411,332327,84
13596161,25.0886,32.5377,84,27739,0.01,0,1,332435,332351,84
13599081,24.9525,31.4705,84,27739,0.01,0,1,332459,332375,84
13602001,24.8335,30.5366,84,27739,0.01,0,1,332483,332399,84
13604921,24.7293,29.7196,84,30659,0.01,0,1,332507,332423,84
13607841,24.6381,29.0046,84,30659,0.01,0,1,332531,332447,84
13610761,24.5584,28.379,84,30659,0.03,0,1,332555,332471,84
13613681,24.4886,27.8317,84,30659,0.05,0,1,332579,332495,84
13616601,24.4275,26.6027,90,30659,0.05,0,1,332603,332513,90
13619521,24.3741,25.5274,96,30659,0.07,0,1,332627,332531,96
13622441,24.3273,24.5864,102,30659,0.09,0,1,332651,332549,102
13625361,24.2864,23.7631,108,30659,0.09,0,1,332675,332567,108
13628281,24.2506,23.0427,114,30659,0.11,0,1,332699,332585,114
13631201,24.2193,22.4124,120,30659,0.13,0,1,332723,332603,120
13634121,24.1919,21.8609,126,27739,0.13,0,1,332747,332621,126
13637041,24.1679,21.3782,132,27739,0.12,0,1,332771,332639,132
13639961,24.1469,20.956,138,27739,0.11,0,1,332795,332657,138
13642881,24.1285,20.5865,144,27739,0.1,0,1,332819,332675,144
13645801,24.1125,20.2632,150,27739,0.09,0,1,332843,332693,150
13648721,24.0984,19.9803,156,27739,0.09,0,1,332867,332711,156
13651641,24.0861,19.7327,162,27739,0.09,0,1,332891,332729,162
13654561,24.0753,21.2661,154,27739,0.09,0,1,332915,332761,154
13657481,24.0659,22.6079,146,27739,0.09,0,1,332939,332793,146
13660401,24.0577,23.7819,138,27739,0.09,0,1,332963,332825,138
13663321,24.0505,23.8092,138,27739,0.09,0,1,332987,332849,138
13666241,24.0442,23.833,138,27739,0.09,0,1,333011,332873,138
13669161,24.0386,23.8539,138,27739,0.09,0,1,333035,332897,138
13672081,24.0338,23.8721,138,27739,0.09,0,1,333059,332921,138
13675001,24.0296,23.8881,138,27739,0.09,0,1,333083,332945,138
13677921,24.0259,23.9021,138,27739,0.09,0,1,333107,332969,138
13680841,24.0227,23.9143,138,27739,0.09,0,1,333131,332993,138
13683761,24.0198,23.9251,138,27739,0.09,0,1,333155,333017,138
13686681,24.0173,23.9344,138,27739,0.09,0,1,333179,333041,138
13689601,24.0152,23.9426,138,27739,0.09,0,1,333203,333065,138
13692521,24.0133,23.9498,138,27739,0.09,0,1,333227,333089,138
13695441,24.0116,23.9561,138,27739,0.09,0,1,333251,333113,138
13698361,24.0102,23.9616,138,27739,0.09,0,1,333275,333137,138
13701281,24.0089,23.9664,138,27739,0.09,0,1,333299,333161,138
13704201,24.0078,23.9706,138,27739,0.09,0,1,333323,333185,138
13707121,24.0068,23.9742,138,27739,0.09,0,1,333347,333209,138
13710041,24.006,23.9775,138,27739,0.09,0,1,333371,333233,138
13712961,24.0052,23.9803,138,27739,0.09,0,1,333395,333257,138
13715881,24.0046,23.9827,138,30659,0.09,0,1,333419,333281,138
13718801,24.004,23.9849,138,30659,0.11,0,1,333443,333305,138
13721721,24.0035,23.9868,138,30659,0.13,0,1,333467,333329,138
13724641,24.0031,23.9884,138,30659,0.13,0,1,333491,333353,138
13727561,24.0027,23.9899,138,27739,0.13,0,1,333515,333377,138
13730481,24.0023,23.9912,138,27739,0.13,0,1,333539,333401,138
13733401,24.002,23.2423,144,27739,0.11,0,1,333563,333419,144
13736321,24.0018,22.587,150,27739,0.11,0,1,333587,333437,150
13739241,24.0016,22.0136,156,27739,0.09,0,1,333611,333455,156
13742161,24.0014,21.5119,162,27739,0.09,0,1,333635,333473,162
13745081,24.0012,21.0729,168,27739,0.09,0,1,333659,333491,168
13748001,24.0011,22.4388,160,27739,0.09,0,1,333683,333523,160
13750921,24.0009,23.634,152,27739,0.09,0,1,333707,333555,152
13753841,24.0008,24.6797,144,27739,0.09,0,1,333731,333587,144
13756761,24.0007,25.0947,140,27739,0.09,0,1,333755,333615,140
13759681,24.0006,24.9579,140,27739,0.09,0,1,333779,333639,140
13762601,24.0005,24.8382,140,27739,0.09,0,1,333803,333663,140
13765521,24.0005,24.7334,140,27739,0.09,0,1,333827,333687,140
13768441,24.0004,24.6417,140,27739,0.09,0,1,333851,333711,140
13771361,24.0004,24.5615,140,27739,0.09,0,1,333875,333735,140
13774281,24.0003,24.4913,140,27739,0.09,0,1,333899,333759,140
13777201,24.0003,24.4299,140,27739,0.09,0,1,333923,333783,140
13780121,24.0002,24.3762,140,27739,0.09,0,1,333947,333807,140
13783041,24.0002,24.3291,140,27739,0.09,0,1,333971,333831,140
13785961,24.0002,24.288,140,27739,0.09,0,1,333995,333855,140
13788881,24.0002,24.252,140,27739,0.09,0,1,334019,333879,140
13791801,24.0001,24.2205,140,27739,0.09,0,1,334043,333903,140
13794721,24.0001,24.1929,140,27739,0.09,0,1,334067,333927,140
13797641,24.0001,24.1688,140,27739,0.09,0,1,334091,333951,140
13800561,24.0001,24.1477,140,27739,0.09,0,1,334115,333975,140
13803481,24.0001,24.1293,140,27739,0.09,0,1,334139,333999,140
13806401,24.0001,24.1131,140,27739,0.09,0,1,334163,334023,140
13809321,24.0001,24.099,140,30659,0.11,0,1,334187,334047,140
13812241,24.0001,24.0866,140,30659,0.11,0,1,334211,334071,140
13815161,24,24.0758,140,30659,0.13,0,1,334235,334095,140
13818081,24,24.0663,140,30659,0.15,0,1,334259,334119,140
13821001,24,24.058,140,27739,0.15,0,1,334283,334143,140
13823921,24,24.0508,140,27739,0.13,0,1,334307,334167,140
13826841,24,23.2944,146,27739,0.13,0,1,334331,334185,146
13829761,24,22.6326,152,27739,0.11,0,1,334355,334203,152
13832681,24,22.0535,158,27739,0.11,0,1,334379,334221,158
13835601,24,21.5468,164,27739,0.11,0,1,334403,334239,164
13838521,24,21.1035,170,27739,0.11,0,1,334427,334257,170
13841441,24,21.5906,169,27739,0.11,0,1,334451,334282,169
13844361,24,22.8917,161,27739,0.11,0,1,334475,334314,161
13847281,24,24.0303,153,27739,0.11,0,1,334499,334346,153
13850201,24,24.5265,149,27739,0.11,0,1,334523,334374,149
13853121,24,24.4607,149,27739,0.11,0,1,334547,334398,149
13856041,24,24.4031,149,27739,0.11,0,1,334571,334422,149
13858961,24,24.3527,149,27739,0.11,0,1,334595,334446,149
13861881,24,24.3086,149,27739,0.11,0,1,334619,334470,149
13864801,24,24.27,149,27739,0.11,0,1,334643,334494,149
13867721,24,24.2363,149,27739,0.11,0,1,334667,334518,149
13870641,24,24.2067,149,27739,0.11,0,1,334691,334542,149
13873561,24,24.1809,149,27739,0.11,0,1,334715,334566,149
13876481,24,24.1583,149,27739,0.11,0,1,334739,334590,149
13879401,24,24.1385,149,27739,0.11,0,1,334763,334614,149
13882321,24,24.1212,149,27739,0.11,0,1,334787,334638,149
13885241,24,24.106,149,27739,0.11,0,1,334811,334662,149
13888161,24,24.0928,149,27739,0.11,0,1,334835,334686,149
13891081,24,24.0812,149,27739,0.11,0,1,334859,334710,149
13894001,24,24.071,149,27739,0.11,0,1,334883,334734,149
13896921,24,24.0622,149,27739,0.11,0,1,334907,334758,149
13899841,24,24.0544,149,27739,0.11,0,1,334931,334782,149
13902761,24,24.0476,149,30659,0.11,0,1,334955,334806,149
13905681,24,24.0416,149,30659,0.13,0,1,334979,334830,149
13908601,24,24.0364,149,30659,0.15,0,1,335003,334854,149
13911521,24,24.0319,149,30659,0.15,0,1,335027,334878,149
13914441,24,24.0279,149,27739,0.15,0,1,335051,334902,149
13917361,24,24.0244,149,27739,0.15,0,1,335075,334926,149
13920281,24,23.6464,152,27739,0.13,0,1,335099,334947,152
13923201,24,22.9406,158,27739,0.13,0,1,335123,334965,158
13926121,24,22.323,164,27739,0.13,0,1,335147,334983,164
13929041,24,21.7826,170,27739,0.13,0,1,335171,335001,170
13931961,24,21.3098,176,27739,0.13,0,1,335195,335019,176
13934881,24,21.7711,175,27739,0.13,0,1,335219,335044,175
13937801,24,23.0497,167,27739,0.13,0,1,335243,335076,167
13940721,24,24.1685,159,27739,0.13,0,1,335267,335108,159
13943641,24,24.6474,155,27739,0.13,0,1,335291,335136,155
13946561,24,24.5665,155,27739,0.13,0,1,335315,335160,155
13949481,24,24.4957,155,27739,0.13,0,1,335339,335184,155
13952401,24,24.4337,155,27739,0.13,0,1,335363,335208,155
13955321,24,24.3795,155,27739,0.13,0,1,335387,335232,155
13958241,24,24.3321,155,27739,0.13,0,1,335411,335256,155
13961161,24,24.2906,155,27739,0.13,0,1,335435,335280,155
13964081,24,24.2542,155,27739,0.13,0,1,335459,335304,155
13967001,24,24.2225,155,27739,0.13,0,1,335483,335328,155
13969921,24,24.1947,155,27739,0.13,0,1,335507,335352,155
13972841,24,24.1703,155,27739,0.13,0,1,335531,335376,155
13975761,24,24.149,155,27739,0.13,0,1,335555,335400,155
13978681,24,24.1304,155,27739,0.13,0,1,335579,335424,155
13981601,24,24.1141,155,27739,0.1,0,1,335603,335448,155
13984521,24,24.0998,155,27739,0.06,0,1,335627,335472,155
13987441,24,24.0874,155,27739,0.02,0,1,335651,335496,155
13990361,24,24.0764,155,27739,0,0,1,335675,335520,155
13993281,24,24.0669,155,27739,0,0,1,335699,335544,155
13995281,23,24.0585,147,30659,0,0,1,335715,335568,147
13998201,81.375,90.1762,84,30659,0.01,0,1,336205,336121,84
14001121,74.2031,81.9042,84,33579,0.01,0,1,336229,336145,84
14004041,67.9277,74.6662,84,36499,0.01,0,1,336253,336169,84
14006961,62.4368,68.3329,84,39419,0.03,0,1,336277,336193,84
14009881,57.6322,62.7913,84,40393,0.05,0,1,336301,336217,84
14012801,53.4282,57.1924,90,39176,0.05,0,1,336325,336235,90
14015721,49.7496,52.2933,96,38203,0.07,0,1,336349,336253,96
14018641,46.5309,48.0067,102,37473,0.09,0,1,336373,336271,102
14021561,43.7146,44.2558,108,36986,0.09,0,1,336397,336289,108
14024481,41.2502,40.9738,114,36743,0.11,0,1,336421,336307,114
14027401,39.094,38.1021,120,36743,0.13,0,1,336445,336325,120
14030321,37.2072,35.5894,126,36743,0.13,0,1,336469,336343,126
14033241,35.5563,33.3907,132,36743,0.15,0,1,336493,336361,132
14036161,34.1118,31.4668,138,36743,0.17,0,1,336517,336379,138
14039081,32.8478,29.7835,144,36743,0.17,0,1,336541,336397,144
14042001,31.7418,28.3106,150,36743,0.19,0,1,336565,336415,150
14044921,30.7741,27.0217,156,33823,0.19,0,1,336589,336433,156
14047841,29.9273,25.894,162,33823,0.19,0,1,336613,336451,162
14050761,29.1864,24.9073,168,33823,0.17,0,1,336637,336469,168
14053681,28.5381,24.0439,174,33823,0.17,0,1,336661,336487,174
14056601,27.9709,23.2884,180,33823,0.15,0,1,336685,336505,180
14059521,27.4745,22.6273,186,33823,0.15,0,1,336709,336523,186
14062441,27.0402,22.0489,192,33823,0.15,0,1,336733,336541,192
14065361,26.6602,21.5428,198,33823,0.15,0,1,336757,336559,198
14068281,26.3276,21.9749,197,33823,0.15,0,1,336781,336584,197
14071201,26.0367,23.2281,189,33823,0.15,0,1,336805,336616,189
14074121,25.7821,24.3246,181,33823,0.15,0,1,336829,336648,181
14077041,25.5593,25.284,173,33823,0.15,0,1,336853,336680,173
14079961,25.3644,25.6235,169,33823,0.15,0,1,336877,336708,169
14082881,25.1939,25.4206,169,33823,0.15,0,1,336901,336732,169
14085801,25.0446,25.243,169,33823,0.15,0,1,336925,336756,169
14088721,24.9141,25.0876,169,33823,0.15,0,1,336949,336780,169
14091641,24.7998,24.9517,169,33823,0.15,0,1,336973,336804,169
14094561,24.6998,24.8327,169,33823,0.15,0,1,336997,336828,169
14097481,24.6123,24.7286,169,33823,0.15,0,1,337021,336852,169
14100401,24.5358,24.6375,169,33823,0.15,0,1,337045,336876,169
14103321,24.4688,24.5578,169,33823,0.15,0,1,337069,336900,169
14106241,24.4102,24.4881,169,33823,0.15,0,1,337093,336924,169
14109161,24.3589,24.4271,169,33823,0.15,0,1,337117,336948,169
14112081,24.3141,24.3737,169,33823,0.15,0,1,337141,336972,169
14115001,24.2748,24.327,169,33823,0.15,0,1,337165,336996,169
14117921,24.2405,24.2861,169,33823,0.15,0,1,337189,337020,169
14120841,24.2104,24.2504,169,33823,0.15,0,1,337213,337044,169
14123761,24.1841,24.2191,169,33823,0.15,0,1,337237,337068,169
14126681,24.1611,24.1917,169,33823,0.15,0,1,337261,337092,169
14129601,24.141,24.1677,169,33823,0.15,0,1,337285,337116,169
14132521,24.1233,24.1468,169,33823,0.15,0,1,337309,337140,169
14135441,24.1079,24.1284,169,33823,0.15,0,1,337333,337164,169
14138361,24.0944,24.1124,169,33823,0.15,0,1,337357,337188,169
14141281,24.0826,24.0983,169,33823,0.15,0,1,337381,337212,169
14144201,24.0723,24.086,169,33823,0.15,0,1,337405,337236,169
14147121,24.0633,24.0753,169,36743,0.15,0,1,337429,337260,169
14150041,24.0554,24.0659,169,36743,0.15,0,1,337453,337284,169
14152961,24.0484,24.0576,169,36743,0.17,0,1,337477,337308,169
14155881,24.0424,24.0504,169,36743,0.19,0,1,337501,337332,169
14158801,24.0371,24.0441,169,36743,0.19,0,1,337525,337356,169
14161721,24.0324,24.0386,169,33823,0.21,0,1,337549,337380,169
14164641,24.0284,24.0338,169,33823,0.19,0,1,337573,337404,169
14167561,24.0248,23.6546,172,33823,0.19,0,1,337597,337425,172
14170481,24.0217,22.9477,178,33823,0.17,0,1,337621,337443,178
14173401,24.019,22.3293,184,33823,0.17,0,1,337645,337461,184
14176321,24.0166,21.7881,190,33823,0.15,0,1,337669,337479,190
14179241,24.0146,21.3146,196,33823,0.15,0,1,337693,337497,196
14182161,24.0127,20.9003,202,33823,0.15,0,1,337717,337515,202
14185081,24.0111,20.5377,208,33823,0.15,0,1,337741,337533,208
14188001,24.0098,21.9705,200,33823,0.15,0,1,337765,337565,200
14190921,24.0085,23.2242,192,33823,0.15,0,1,337789,337597,192
14193841,24.0075,24.3212,184,33823,0.15,0,1,337813,337629,184
14196761,24.0065,25.281,176,33823,0.15,0,1,337837,337661,176
14199681,24.0057,25.1209,176,33823,0.15,0,1,337861,337685,176
14202601,24.005,24.9808,176,33823,0.15,0,1,337885,337709,176
14205521,24.0044,24.8582,176,33823,0.15,0,1,337909,337733,176
14208441,24.0038,24.7509,176,33823,0.15,0,1,337933,337757,176
14211361,24.0034,24.6571,176,33823,0.15,0,1,337957,337781,176
14214281,24.0029,24.5749,176,33823,0.15,0,1,337981,337805,176
14217201,24.0026,24.5031,176,33823,0.15,0,1,338005,337829,176
14220121,24.0022,24.4402,176,33823,0.15,0,1,338029,337853,176
14223041,24.002,24.3852,176,33823,0.15,0,1,338053,337877,176
14225961,24.0017,24.337,176,33823,0.15,0,1,338077,337901,176
14228881,24.0015,24.2949,176,33823,0.15,0,1,338101,337925,176
14231801,24.0013,24.258,176,33823,0.15,0,1,338125,337949,176
14234721,24.0012,24.2258,176,33823,0.15,0,1,338149,337973,176
14237641,24.001,24.1975,176,33823,0.15,0,1,338173,337997,176
14240561,24.0009,24.1729,176,33823,0.15,0,1,338197,338021,176
14243481,24.0008,24.1512,176,33823,0.15,0,1,338221,338045,176
14246401,24.0007,24.1323,176,33823,0.15,0,1,338245,338069,176
14249321,24.0006,24.1158,176,33823,0.15,0,1,338269,338093,176
14252241,24.0005,24.1013,176,33823,0.15,0,1,338293,338117,176
14255161,24.0005,24.0887,176,33823,0.15,0,1,338317,338141,176
14258081,24.0004,24.0776,176,33823,0.15,0,1,338341,338165,176
14261001,24.0003,24.0679,176,33823,0.15,0,1,338365,338189,176
14263921,24.0003,24.0594,176,36743,0.17,0,1,338389,338213,176
14266841,24.0003,24.052,176,36743,0.17,0,1,338413,338237,176
14269761,24.0002,24.0455,176,36743,0.19,0,1,338437,338261,176
14272681,24.0002,24.0398,176,36743,0.21,0,1,338461,338285,176
14275601,24.0002,24.0348,176,36743,0.21,0,1,338485,338309,176
14278521,24.0002,24.0305,176,33823,0.21,0,1,338509,338333,176
14281441,24.0001,24.0267,176,33823,0.21,0,1,338533,338357,176
14284361,24.0001,23.6483,179,33823,0.19,0,1,338557,338378,179
14287281,24.0001,22.9423,185,33823,0.19,0,1,338581,338396,185
14290201,24.0001,22.3245,191,33823,0.17,0,1,338605,338414,191
14293121,24.0001,21.7839,197,33823,0.17,0,1,338629,338432,197
14296041,24.0001,21.3109,203,33823,0.17,0,1,338653,338450,203
14298961,24.0001,20.8971,209,33823,0.17,0,1,338677,338468,209
14301881,24.0001,20.5349,215,33823,0.17,0,1,338701,338486,215
14304801,24,21.9681,207,33823,0.17,0,1,338725,338518,207
14307721,24,23.2221,199,33823,0.17,0,1,338749,338550,199
14310641,24,24.3193,191,33823,0.17,0,1,338773,338582,191
14313561,24,25.2794,183,33823,0.17,0,1,338797,338614,183
14316481,24,25.1195,183,33823,0.17,0,1,338821,338638,183
14319401,24,24.9795,183,33823,0.17,0,1,338845,338662,183
14322321,24,24.8571,183,33823,0.17,0,1,338869,338686,183
14325241,24,24.75,183,33823,0.17,0,1,338893,338710,183
14328161,24,24.6562,183,33823,0.17,0,1,338917,338734,183
14331081,24,24.5742,183,33823,0.17,0,1,338941,338758,183
14334001,24,24.5024,183,33823,0.17,0,1,338965,338782,183
14336921,24,24.4396,183,33823,0.17,0,1,338989,338806,183
14339841,24,24.3847,183,33823,0.17,0,1,339013,338830,183
14342761,24,24.3366,183,33823,0.17,0,1,339037,338854,183
14345681,24,24.2945,183,33823,0.17,0,1,339061,338878,183
14348601,24,24.2577,183,33823,0.17,0,1,339085,338902,183
14351521,24,24.2255,183,33823,0.17,0,1,339109,338926,183
14354441,24,24.1973,183,33823,0.17,0,1,339133,338950,183
14357361,24,24.1726,183,33823,0.17,0,1,339157,338974,183
14360281,24,24.1511,183,33823,0.17,0,1,339181,338998,183
14363201,24,24.1322,183,33823,0.17,0,1,339205,339022,183
14366121,24,24.1157,183,33823,0.17,0,1,339229,339046,183
14369041,24,24.1012,183,33823,0.17,0,1,339253,339070,183
14371961,24,24.0885,183,33823,0.17,0,1,339277,339094,183
14374881,24,24.0775,183,33823,0.17,0,1,339301,339118,183
14377801,24,24.0678,183,33823,0.17,0,1,339325,339142,183
14380721,24,24.0593,183,36743,0.17,0,1,339349,339166,183
14383641,24,24.0519,183,36743,0.19,0,1,339373,339190,183
14386561,24,24.0454,183,36743,0.19,0,1,339397,339214,183
14389481,24,24.0397,183,36743,0.21,0,1,339421,339238,183
14392401,24,24.0348,183,36743,0.23,0,1,339445,339262,183
14395321,24,24.0304,183,33823,0.23,0,1,339469,339286,183
14398241,24,24.0266,183,33823,0.22,0,1,339493,339310,183
14401161,24,24.0233,183,33823,0.21,0,1,339517,339334,183
14404081,24,23.2704,189,33823,0.2,0,1,339541,339352,189
14407001,24,22.6116,195,33823,0.19,0,1,339565,339370,195
14409921,24,22.0351,201,33823,0.18,0,1,339589,339388,201
14412841,24,21.5307,207,33823,0.18,0,1,339613,339406,207
14415761,24,21.0894,213,33823,0.18,0,1,339637,339424,213
14418681,24,20.7032,219,33823,0.18,0,1,339661,339442,219
14421601,24,21.2403,218,33823,0.18,0,1,339685,339467,218
14424521,24,22.5853,210,33823,0.18,0,1,339709,339499,210
14427441,24,23.7621,202,33823,0.18,0,1,339733,339531,202
14430361,24,24.7919,194,33823,0.18,0,1,339757,339563,194
14433281,24,25.1929,190,33823,0.18,0,1,339781,339591,190
14436201,24,25.0438,190,33823,0.18,0,1,339805,339615,190
14439121,24,24.9133,190,33823,0.18,0,1,339829,339639,190
14442041,24,24.7991,190,33823,0.18,0,1,339853,339663,190
14444961,24,24.6992,190,33823,0.18,0,1,339877,339687,190
14447881,24,24.6118,190,33823,0.18,0,1,339901,339711,190
14450801,24,24.5354,190,33823,0.18,0,1,339925,339735,190
14453721,24,24.4684,190,33823,0.18,0,1,339949,339759,190
14456641,24,24.4099,190,33823,0.18,0,1,339973,339783,190
14459561,24,24.3586,190,33823,0.18,0,1,339997,339807,190
14462481,24,24.3138,190,33823,0.18,0,1,340021,339831,190
14465401,24,24.2746,190,33823,0.18,0,1,340045,339855,190
14468321,24,24.2403,190,33823,0.18,0,1,340069,339879,190
14471241,24,24.2102,190,33823,0.18,0,1,340093,339903,190
14474161,24,24.184,190,33823,0.18,0,1,340117,339927,190
14477081,24,24.161,190,33823,0.18,0,1,340141,339951,190
14480001,24,24.1408,190,33823,0.18,0,1,340165,339975,190
14482921,24,24.1232,190,33823,0.18,0,1,340189,339999,190
14485841,24,24.1078,190,33823,0.18,0,1,340213,340023,190
14488761,24,24.0944,190,33823,0.18,0,1,340237,340047,190
14491681,24,24.0826,190,33823,0.18,0,1,340261,340071,190
14494601,24,24.0722,190,33823,0.18,0,1,340285,340095,190
14497521,24,24.0632,190,36743,0.19,0,1,340309,340119,190
14500441,24,24.0553,190,36743,0.19,0,1,340333,340143,190
14503361,24,24.0484,190,36743,0.21,0,1,340357,340167,190
14506281,24,24.0423,190,36743,0.23,0,1,340381,340191,190
14509201,24,24.0371,190,36743,0.23,0,1,340405,340215,190
14512121,24,24.0324,190,33823,0.25,0,1,340429,340239,190
14515041,24,24.0284,190,33823,0.23,0,1,340453,340263,190
14517961,24,24.0248,190,33823,0.23,0,1,340477,340287,190
14520881,24,23.2717,196,33823,0.21,0,1,340501,340305,196
14523801,24,22.6128,202,33823,0.21,0,1,340525,340323,202
14526721,24,22.0362,208,33823,0.19,0,1,340549,340341,208
14529641,24,21.5316,214,33823,0.19,0,1,340573,340359,214
14532561,24,21.0902,220,33823,0.19,0,1,340597,340377,220
14535481,24,20.7039,226,33823,0.19,0,1,340621,340395,226
14538401,24,20.3659,232,33823,0.19,0,1,340645,340413,232
14541321,24,21.8202,224,33823,0.19,0,1,340669,340445,224
14544241,24,23.0927,216,33823,0.19,0,1,340693,340477,216
14547161,24,24.2061,208,33823,0.19,0,1,340717,340509,208
14550081,24,25.1803,200,33823,0.19,0,1,340741,340541,200
14553001,24,25.0328,200,33823,0.19,0,1,340765,340565,200
14555921,24,24.9037,200,33823,0.19,0,1,340789,340589,200
14558841,24,24.7907,200,33823,0.19,0,1,340813,340613,200
14561761,24,24.6919,200,33823,0.19,0,1,340837,340637,200
14564681,24,24.6054,200,33823,0.19,0,1,340861,340661,200
14567601,24,24.5297,200,33823,0.19,0,1,340885,340685,200
14570521,24,24.4635,200,33823,0.19,0,1,340909,340709,200
14573441,24,24.4056,200,33823,0.19,0,1,340933,340733,200
14576361,24,24.3549,200,33823,0.19,0,1,340957,340757,200
14579281,24,24.3105,200,33823,0.19,0,1,340981,340781,200
14582201,24,24.2717,200,33823,0.19,0,1,341005,340805,200
14585121,24,24.2377,200,33823,0.19,0,1,341029,340829,200
14588041,24,24.208,200,33823,0.19,0,1,341053,340853,200
14590961,24,24.182,200,33823,0.19,0,1,341077,340877,200
14593881,24,24.1593,200,33823,0.19,0,1,341101,340901,200
14596801,24,24.1394,200,33823,0.19,0,1,341125,340925,200
14599721,24,24.1219,200,33823,0.19,0,1,341149,340949,200
14602641,24,24.1067,200,33823,0.19,0,1,341173,340973,200
14605561,24,24.0934,200,33823,0.19,0,1,341197,340997,200
14608481,24,24.0817,200,33823,0.19,0,1,341221,341021,200
14611401,24,24.0715,200,33823,0.19,0,1,341245,341045,200
14614321,24,24.0625,200,36743,0.21,0,1,341269,341069,200
14617241,24,24.0547,200,36743,0.21,0,1,341293,341093,200
14620161,24,24.0479,200,36743,0.23,0,1,341317,341117,200
14623081,24,24.0419,200,36743,0.25,0,1,341341,341141,200
14626001,24,24.0367,200,36743,0.25,0,1,341365,341165,200
14628921,24,24.0321,200,33823,0.25,0,1,341389,341189,200
14631841,24,24.0281,200,33823,0.25,0,1,341413,341213,200
14634761,24,24.0246,200,33823,0.23,0,1,341437,341237,200
14637681,24,23.6465,203,33823,0.23,0,1,341461,341258,203
14640601,24,22.9407,209,33823,0.21,0,1,341485,341276,209
14643521,24,22.3231,215,33823,0.21,0,1,341509,341294,215
14646441,24,21.7827,221,33823,0.21,0,1,341533,341312,221
14649361,24,21.3099,227,33823,0.21,0,1,341557,341330,227
14652281,24,20.8961,233,33823,0.21,0,1,341581,341348,233
14655201,24,20.5341,239,33823,0.21,0,1,341605,341366,239
14658121,24,21.9674,231,33823,0.21,0,1,341629,341398,231
14661041,24,23.2214,223,33823,0.21,0,1,341653,341430,223
14663961,24,24.3188,215,33823,0.21,0,1,341677,341462,215
14666881,24,25.2789,207,33823,0.21,0,1,341701,341494,207
14669801,24,25.119,207,33823,0.21,0,1,341725,341518,207
14672721,24,24.9792,207,33823,0.21,0,1,341749,341542,207
14675641,24,24.8568,207,33823,0.21,0,1,341773,341566,207
14678561,24,24.7497,207,33823,0.21,0,1,341797,341590,207
14681481,24,24.656,207,33823,0.21,0,1,341821,341614,207
14684401,24,24.574,207,33823,0.21,0,1,341845,341638,207
14687321,24,24.5022,207,33823,0.21,0,1,341869,341662,207
14690241,24,24.4394,207,33823,0.21,0,1,341893,341686,207
14693161,24,24.3845,207,33823,0.21,0,1,341917,341710,207
14696081,24,24.3365,207,33823,0.21,0,1,341941,341734,207
14699001,24,24.2944,207,33823,0.21,0,1,341965,341758,207
14701921,24,24.2576,207,33823,0.21,0,1,341989,341782,207
14704841,24,24.2254,207,33823,0.21,0,1,342013,341806,207
14707761,24,24.1972,207,33823,0.21,0,1,342037,341830,207
14710681,24,24.1726,207,33823,0.21,0,1,342061,341854,207
14713601,24,24.151,207,33823,0.21,0,1,342085,341878,207
14716521,24,24.1321,207,33823,0.21,0,1,342109,341902,207
14719441,24,24.1156,207,33823,0.21,0,1,342133,341926,207
14722361,24,24.1012,207,33823,0.21,0,1,342157,341950,207
14725281,24,24.0885,207,33823,0.21,0,1,342181,341974,207
14728201,24,24.0774,207,33823,0.21,0,1,342205,341998,207
14731121,24,24.0678,207,36743,0.21,0,1,342229,342022,207
14734041,24,24.0593,207,36743,0.23,0,1,342253,342046,207
14736961,24,24.0519,207,36743,0.23,0,1,342277,342070,207
14739881,24,24.0454,207,36743,0.25,0,1,342301,342094,207
14742801,24,24.0397,207,36743,0.27,0,1,342325,342118,207
14745721,24,24.0348,207,33823,0.27,0,1,342349,342142,207
14748641,24,24.0304,207,33823,0.26,0,1,342373,342166,207
14751561,24,24.0266,207,33823,0.25,0,1,342397,342190,207
14754481,24,24.0233,207,33823,0.24,0,1,342421,342214,207
14757401,24,23.2704,213,33823,0.23,0,1,342445,342232,213
14760321,24,22.6116,219,33823,0.22,0,1,342469,342250,219
14763241,24,22.0351,225,33823,0.22,0,1,342493,342268,225
14766161,24,21.5307,231,33823,0.22,0,1,342517,342286,231
14769081,24,21.0894,237,33823,0.22,0,1,342541,342304,237
14772001,24,20.7032,243,33823,0.22,0,1,342565,342322,243
14774921,24,21.2403,242,33823,0.22,0,1,342589,342347,242
14777841,24,22.5853,234,33823,0.22,0,1,342613,342379,234
14780761,24,23.7621,226,33823,0.22,0,1,342637,342411,226
14783681,24,24.7919,218,33823,0.22,0,1,342661,342443,218
14786601,24,25.1929,214,33823,0.22,0,1,342685,342471,214
14789521,24,25.0438,214,33823,0.22,0,1,342709,342495,214
14792441,24,24.9133,214,33823,0.22,0,1,342733,342519,214
14795361,24,24.7991,214,33823,0.22,0,1,342757,342543,214
14798281,24,24.6992,214,33823,0.22,0,1,342781,342567,214
14801201,24,24.6118,214,33823,0.22,0,1,342805,342591,214
14804121,24,24.5354,214,33823,0.22,0,1,342829,342615,214
14807041,24,24.4684,214,33823,0.22,0,1,342853,342639,214
14809961,24,24.4099,214,33823,0.22,0,1,342877,342663,214
14812881,24,24.3586,214,33823,0.22,0,1,342901,342687,214
14815801,24,24.3138,214,33823,0.22,0,1,342925,342711,214
14818721,24,24.2746,214,33823,0.22,0,1,342949,342735,214
14821641,24,24.2403,214,33823,0.22,0,1,342973,342759,214
14824561,24,24.2102,214,33823,0.22,0,1,342997,342783,214
14827481,24,24.184,214,33823,0.22,0,1,343021,342807,214
14830401,24,24.161,214,33823,0.22,0,1,343045,342831,214
14833321,24,24.1408,214,33823,0.22,0,1,343069,342855,214
14836241,24,24.1232,214,33823,0.22,0,1,343093,342879,214
14839161,24,24.1078,214,33823,0.22,0,1,343117,342903,214
14842081,24,24.0944,214,33823,0.22,0,1,343141,342927,214
14845001,24,24.0826,214,33823,0.22,0,1,343165,342951,214
14847921,24,24.0722,214,36743,0.23,0,1,343189,342975,214
14850841,24,24.0632,214,36743,0.23,0,1,343213,342999,214
14853761,24,24.0553,214,36743,0.25,0,1,343237,343023,214
14856681,24,24.0484,214,36743,0.27,0,1,343261,343047,214
14859601,24,24.0423,214,36743,0.27,0,1,343285,343071,214
14862521,24,24.0371,214,33823,0.29,0,1,343309,343095,214
14865441,24,24.0324,214,33823,0.27,0,1,343333,343119,214
14868361,24,24.0284,214,33823,0.27,0,1,343357,343143,214
14871281,24,24.0248,214,33823,0.25,0,1,343381,343167,214
14874201,24,23.2717,220,33823,0.25,0,1,343405,343185,220
14877121,24,22.6128,226,33823,0.23,0,1,343429,343203,226
14880041,24,22.0362,232,33823,0.23,0,1,343453,343221,232
14882961,24,21.5316,238,33823,0.23,0,1,343477,343239,238
14885881,24,21.0902,244,33823,0.23,0,1,343501,343257,244
14888801,24,20.7039,250,33823,0.23,0,1,343525,343275,250
14891721,24,20.3659,256,33823,0.23,0,1,343549,343293,256
14894641,24,21.8202,248,33823,0.23,0,1,343573,343325,248
14897561,24,23.0927,240,33823,0.23,0,1,343597,343357,240
14900481,24,24.2061,232,33823,0.23,0,1,343621,343389,232
14903401,24,25.1803,224,33823,0.23,0,1,343645,343421,224
14906321,24,25.0328,224,33823,0.23,0,1,343669,343445,224
14909241,24,24.9037,224,33823,0.23,0,1,343693,343469,224
14912161,24,24.7907,224,33823,0.23,0,1,343717,343493,224
14915081,24,24.6919,224,33823,0.23,0,1,343741,343517,224
14918001,24,24.6054,224,33823,0.23,0,1,343765,343541,224
14920921,24,24.5297,224,33823,0.23,0,1,343789,343565,224
14923841,24,24.4635,224,33823,0.23,0,1,343813,343589,224
14926761,24,24.4056,224,33823,0.23,0,1,343837,343613,224
14929681,24,24.3549,224,33823,0.23,0,1,343861,343637,224
14932601,24,24.3105,224,33823,0.23,0,1,343885,343661,224
14935521,24,24.2717,224,33823,0.23,0,1,343909,343685,224
14938441,24,24.2377,224,33823,0.23,0,1,343933,343709,224
14941361,24,24.208,224,33823,0.23,0,1,343957,343733,224
14944281,24,24.182,224,33823,0.23,0,1,343981,343757,224
14947201,24,24.1593,224,33823,0.23,0,1,344005,343781,224
14950121,24,24.1394,224,33823,0.23,0,1,344029,343805,224
14953041,24,24.1219,224,33823,0.23,0,1,344053,343829,224
14955961,24,24.1067,224,33823,0.23,0,1,344077,343853,224
14958881,24,24.0934,224,33823,0.23,0,1,344101,343877,224
14961801,24,24.0817,224,33823,0.23,0,1,344125,343901,224
14964721,24,24.0715,224,36743,0.25,0,1,344149,343925,224
14967641,24,24.0625,224,36743,0.25,0,1,344173,343949,224
14970561,24,24.0547,224,36743,0.27,0,1,344197,343973,224
14973481,24,24.0479,224,36743,0.29,0,1,344221,343997,224
14976401,24,24.0419,224,36743,0.29,0,1,344245,344021,224
14979321,24,24.0367,224,33823,0.29,0,1,344269,344045,224
14982241,24,24.0321,224,33823,0.29,0,1,344293,344069,224
14985161,24,24.0281,224,33823,0.27,0,1,344317,344093,224
14988081,24,24.0246,224,33823,0.27,0,1,344341,344117,224
14991001,24,23.6465,227,33823,0.25,0,1,344365,344138,227
14993921,24,22.9407,233,33823,0.25,0,1,344389,344156,233
14996841,24,22.3231,239,33823,0.25,0,1,344413,344174,239
14999761,24,21.7827,245,33823,0.25,0,1,344437,344192,245
15002681,24,21.3099,251,33823,0.25,0,1,344461,344210,251
15005601,24,20.8961,257,33823,0.25,0,1,344485,344228,257
15008521,24,20.5341,263,33823,0.25,0,1,344509,344246,263
15011441,24,21.9674,255,33823,0.25,0,1,344533,344278,255
15014361,24,23.2214,247,33823,0.25,0,1,344557,344310,247
15017281,24,24.3188,239,33823,0.25,0,1,344581,344342,239
15020201,24,25.2789,231,33823,0.25,0,1,344605,344374,231
15023121,24,25.119,231,33823,0.25,0,1,344629,344398,231
15026041,24,24.9792,231,33823,0.25,0,1,344653,344422,231
15028961,24,24.8568,231,33823,0.25,0,1,344677,344446,231
15031881,24,24.7497,231,33823,0.25,0,1,344701,344470,231
15034801,24,24.656,231,33823,0.25,0,1,344725,344494,231
15037721,24,24.574,231,33823,0.25,0,1,344749,344518,231
15040641,24,24.5022,231,33823,0.25,0,1,344773,344542,231
15043561,24,24.4394,231,33823,0.25,0,1,344797,344566,231
15046481,24,24.3845,231,33823,0.25,0,1,344821,344590,231
15049401,24,24.3365,231,33823,0.25,0,1,344845,344614,231
15052321,24,24.2944,231,33823,0.25,0,1,344869,344638,231
15055241,24,24.2576,231,33823,0.25,0,1,344893,344662,231
15058161,24,24.2254,231,33823,0.25,0,1,344917,344686,231
15061081,24,24.1972,231,33823,0.25,0,1,344941,344710,231
15064001,24,24.1726,231,33823,0.25,0,1,344965,344734,231
15066921,24,24.151,231,33823,0.25,0,1,344989,344758,231
15069841,24,24.1321,231,33823,0.22,0,1,345013,344782,231
15072761,24,24.1156,231,33823,0.18,0,1,345037,344806,231
15075681,24,24.1012,231,33823,0.14,0,1,345061,344830,231
15078601,24,24.0885,231,33823,0.1,0,1,345085,344854,231
15081521,24,24.0774,231,36743,0.06,0,1,345109,344878,231
15084441,24,24.0678,231,36743,0.02,0,1,345133,344902,231
15087361,24,24.0593,231,36743,0,0,1,345157,344926,231
15090281,24,24.0519,231,36743,0,0,1,345181,344950,231
15092481,23.25,24.0454,225,36743,0,0,1,345199,344974,225
15095401,335.344,353.665,84,36743,0.01,0,1,347719,347635,84
15098321,296.426,312.457,84,39663,0.01,0,1,347743,347659,84
15101241,262.373,276.4,84,42583,0.01,0,1,347767,347683,84
15104161,232.576,244.85,84,45503,0.03,0,1,347791,347707,84
15107081,206.504,217.243,84,48423,0.05,0,1,347815,347731,84
15110001,183.691,192.338,90,48423,0.05,0,1,347839,347749,90
15112921,163.73,170.546,96,46233,0.07,0,1,347863,347767,96
15115841,146.263,151.478,102,44529,0.09,0,1,347887,347785,102
15118761,130.98,134.793,108,43313,0.09,0,1,347911,347803,108
15121681,117.608,120.194,114,42339,0.11,0,1,347935,347821,114
15124601,105.907,107.42,120,41609,0.13,0,1,347959,347839,120
15127521,95.6686,96.2421,126,41123,0.13,0,1,347983,347857,126
15130441,86.71,86.4618,132,40879,0.15,0,1,348007,347875,132
15133361,78.8712,77.9041,138,40879,0.17,0,1,348031,347893,138
15136281,72.0123,70.4161,144,40879,0.17,0,1,348055,347911,144
15139201,66.0108,63.8641,150,40879,0.19,0,1,348079,347929,150
15142121,60.7594,58.1311,156,40879,0.21,0,1,348103,347947,156
15145041,56.1645,53.1147,162,40879,0.21,0,1,348127,347965,162
15147961,52.144,48.7253,168,40879,0.23,0,1,348151,347983,168
15150881,48.626,44.8847,174,37959,0.23,0,1,348175,348001,174
15153801,45.5477,41.5241,180,37959,0.23,0,1,348199,348019,180
15156721,42.8543,38.5836,186,37959,0.21,0,1,348223,348037,186
15159641,40.4975,36.0106,192,37959,0.21,0,1,348247,348055,192
15162561,38.4353,33.7593,198,37959,0.19,0,1,348271,348073,198
15165481,36.6309,31.7894,204,37959,0.19,0,1,348295,348091,204
15168401,35.052,30.0657,210,37959,0.17,0,1,348319,348109,210
15171321,33.6705,28.5575,216,37959,0.17,0,1,348343,348127,216
15174241,32.4617,27.2378,222,37959,0.17,0,1,348367,348145,222
15177161,31.404,26.9581,221,37959,0.17,0,1,348391,348170,221
15180081,30.4785,27.5883,213,37959,0.17,0,1,348415,348202,213
15183001,29.6687,28.1398,205,37959,0.17,0,1,348439,348234,205
15185921,28.9601,28.6223,197,37959,0.17,0,1,348463,348266,197
15188841,28.3401,29.0445,189,37959,0.17,0,1,348487,348298,189
15191761,27.7976,28.414,189,37959,0.17,0,1,348511,348322,189
15194681,27.3229,27.8622,189,37959,0.17,0,1,348535,348346,189
15197601,26.9075,27.3794,189,37959,0.17,0,1,348559,348370,189
15200521,26.5441,26.957,189,37959,0.17,0,1,348583,348394,189
15203441,26.2261,26.5874,189,37959,0.17,0,1,348607,348418,189
15206361,25.9478,26.264,189,37959,0.17,0,1,348631,348442,189
15209281,25.7043,25.981,189,37959,0.17,0,1,348655,348466,189
15212201,25.4913,25.7333,189,37959,0.17,0,1,348679,348490,189
15215121,25.3049,25.5167,189,37959,0.17,0,1,348703,348514,189
15218041,25.1418,25.3271,189,37959,0.17,0,1,348727,348538,189
15220961,24.999,25.1612,189,37959,0.17,0,1,348751,348562,189
15223881,24.8742,25.0161,189,37959,0.17,0,1,348775,348586,189
15226801,24.7649,24.889,189,37959,0.17,0,1,348799,348610,189
15229721,24.6693,24.7779,189,37959,0.14,0,1,348823,348634,189
15232641,24.5856,24.6807,189,37959,0.1,0,1,348847,348658,189
15235561,24.5124,24.5956,189,37959,0.06,0,1,348871,348682,189
15238481,24.4484,24.5211,189,37959,0.02,0,1,348895,348706,189
15241401,24.3923,24.456,189,37959,0,0,1,348919,348730,189
15244321,24.3433,24.399,189,37959,0,0,1,348943,348754,189
15246401,23.4254,24.3491,182,37959,0,0,1,348960,348778,182
15249321,69.9972,83.0555,84,37959,0.01,0,1,349356,349272,84
15252241,64.2476,75.6735,84,37959,0.01,0,1,349380,349296,84
15255161,59.2166,69.2144,84,37959,0.01,0,1,349404,349320,84
15258081,54.8145,63.5626,84,37959,0.01,0,1,349428,349344,84
15261001,50.9627,58.6172,84,37959,0.01,0,1,349452,349368,84
15263921,47.5924,54.2901,84,37959,0.01,0,1,349476,349392,84
15266841,44.6433,50.5038,84,37959,0.01,0,1,349500,349416,84
15269761,42.0629,47.1908,84,40149,0.01,0,1,349524,349440,84
15272681,39.805,44.292,84,38933,0.01,0,1,349548,349464,84
15275601,37.8294,41.7555,84,37716,0.03,0,1,349572,349488,84
15278521,36.1007,39.5361,84,36743,0.05,0,1,349596,349512,84
15281441,34.5881,36.844,90,35769,0.05,0,1,349620,349530,90
15284361,33.2646,34.4885,96,35283,0.07,0,1,349644,349548,96
15287281,32.1066,32.4275,102,35039,0.09,0,1,349668,349566,102
15290201,31.0932,30.624,108,35039,0.09,0,1,349692,349584,108
15293121,30.2066,29.046,114,35039,0.11,0,1,349716,349602,114
15296041,29.4308,27.6653,120,35039,0.13,0,1,349740,349620,120
15298961,28.7519,26.4571,126,35039,0.13,0,1,349764,349638,126
15301881,28.1579,25.4,132,35039,0.15,0,1,349788,349656,132
15304801,27.6382,24.475,138,35039,0.17,0,1,349812,349674,138
15307721,27.1834,23.6656,144,32119,0.17,0,1,349836,349692,144
15310641,26.7855,22.9574,150,32119,0.16,0,1,349860,349710,150
15313561,26.4373,22.3377,156,32119,0.15,0,1,349884,349728,156
15316481,26.1326,21.7955,162,32119,0.14,0,1,349908,349746,162
15319401,25.8661,21.3211,168,32119,0.13,0,1,349932,349764,168
15322321,25.6328,20.9059,174,32119,0.12,0,1,349956,349782,174
15325241,25.4287,20.5427,180,32119,0.12,0,1,349980,349800,180
15328161,25.2501,20.2249,186,32119,0.12,0,1,350004,349818,186
15331081,25.0938,21.6968,178,32119,0.12,0,1,350028,349850,178
15334001,24.9571,22.9847,170,32119,0.12,0,1,350052,349882,170
15336921,24.8375,24.1116,162,32119,0.12,0,1,350076,349914,162
15339841,24.7328,25.0976,154,32119,0.12,0,1,350100,349946,154
15342761,24.6412,24.9604,154,32119,0.12,0,1,350124,349970,154
15345681,24.561,24.8404,154,32119,0.12,0,1,350148,349994,154
15348601,24.4909,24.7353,154,32119,0.12,0,1,350172,350018,154
15351521,24.4295,24.6434,154,32119,0.12,0,1,350196,350042,154
15354441,24.3759,24.563,154,32119,0.12,0,1,350220,350066,154
15357361,24.3289,24.4926,154,32119,0.12,0,1,350244,350090,154
15360281,24.2878,24.431,154,32119,0.12,0,1,350268,350114,154
15363201,24.2518,24.3772,154,32119,0.12,0,1,350292,350138,154
15366121,24.2203,24.33,154,32119,0.12,0,1,350316,350162,154
15369041,24.1928,24.2888,154,32119,0.12,0,1,350340,350186,154
15371961,24.1687,24.2527,154,32119,0.12,0,1,350364,350210,154
15374881,24.1476,24.2211,154,32119,0.12,0,1,350388,350234,154
15377801,24.1291,24.1934,154,32119,0.12,0,1,350412,350258,154
15380721,24.113,24.1693,154,32119,0.12,0,1,350436,350282,154
15383641,24.0989,24.1481,154,32119,0.12,0,1,350460,350306,154
15386561,24.0865,24.1296,154,32119,0.12,0,1,350484,350330,154
15389481,24.0757,24.1134,154,32119,0.12,0,1,350508,350354,154
15392401,24.0662,24.0992,154,32119,0.12,0,1,350532,350378,154
15395321,24.058,24.0868,154,32119,0.12,0,1,350556,350402,154
15398241,24.0507,24.076,154,32119,0.12,0,1,350580,350426,154
15401161,24.0444,24.0665,154,32119,0.12,0,1,350604,350450,154
15404081,24.0388,24.0582,154,32119,0.12,0,1,350628,350474,154
15407001,24.034,24.0509,154,32119,0.12,0,1,350652,350498,154
15409921,24.0297,24.0445,154,35039,0.13,0,1,350676,350522,154
15412841,24.026,24.039,154,35039,0.13,0,1,350700,350546,154
15415761,24.0228,24.0341,154,35039,0.15,0,1,350724,350570,154
15418681,24.0199,24.0298,154,35039,0.17,0,1,350748,350594,154
15421601,24.0174,24.0261,154,35039,0.17,0,1,350772,350618,154
15424521,24.0152,24.0228,154,32119,0.19,0,1,350796,350642,154
15427441,24.0133,23.645,157,32119,0.17,0,1,350820,350663,157
15430361,24.0117,22.9394,163,32119,0.17,0,1,350844,350681,163
15433281,24.0102,22.3219,169,32119,0.15,0,1,350868,350699,169
15436201,24.0089,21.7817,175,32119,0.15,0,1,350892,350717,175
15439121,24.0078,21.309,181,32119,0.13,0,1,350916,350735,181
15442041,24.0068,20.8954,187,32119,0.13,0,1,350940,350753,187
15444961,24.006,20.5334,193,32119,0.13,0,1,350964,350771,193
15447881,24.0052,21.0918,192,32119,0.13,0,1,350988,350796,192
15450801,24.0046,22.4553,184,32119,0.13,0,1,351012,350828,184
15453721,24.004,23.6484,176,32119,0.13,0,1,351036,350860,176
15456641,24.0035,24.6923,168,32119,0.13,0,1,351060,350892,168
15459561,24.0031,25.1058,164,32119,0.13,0,1,351084,350920,164
15462481,24.0027,24.9676,164,32119,0.13,0,1,351108,350944,164
15465401,24.0024,24.8466,164,32119,0.13,0,1,351132,350968,164
15468321,24.0021,24.7408,164,32119,0.13,0,1,351156,350992,164
15471241,24.0018,24.6482,164,32119,0.13,0,1,351180,351016,164
15474161,24.0016,24.5672,164,32119,0.13,0,1,351204,351040,164
15477081,24.0014,24.4963,164,32119,0.13,0,1,351228,351064,164
15480001,24.0012,24.4342,164,32119,0.13,0,1,351252,351088,164
15482921,24.0011,24.38,164,32119,0.13,0,1,351276,351112,164
15485841,24.0009,24.3325,164,32119,0.13,0,1,351300,351136,164
15488761,24.0008,24.2909,164,32119,0.13,0,1,351324,351160,164
15491681,24.0007,24.2545,164,32119,0.13,0,1,351348,351184,164
15494601,24.0006,24.2227,164,32119,0.13,0,1,351372,351208,164
15497521,24.0005,24.1949,164,32119,0.13,0,1,351396,351232,164
15500441,24.0005,24.1705,164,32119,0.13,0,1,351420,351256,164
15503361,24.0004,24.1492,164,32119,0.13,0,1,351444,351280,164
15506281,24.0004,24.1306,164,32119,0.13,0,1,351468,351304,164
15509201,24.0003,24.1142,164,32119,0.13,0,1,351492,351328,164
15512121,24.0003,24.1,164,32119,0.13,0,1,351516,351352,164
15515041,24.0002,24.0875,164,32119,0.13,0,1,351540,351376,164
15517961,24.0002,24.0765,164,32119,0.13,0,1,351564,351400,164
15520881,24.0002,24.067,164,32119,0.13,0,1,351588,351424,164
15523801,24.0002,24.0586,164,32119,0.13,0,1,351612,351448,164
15526721,24.0001,24.0513,164,35039,0.15,0,1,351636,351472,164
15529641,24.0001,24.0449,164,35039,0.15,0,1,351660,351496,164
15532561,24.0001,24.0393,164,35039,0.17,0,1,351684,351520,164
15535481,24.0001,24.0343,164,35039,0.19,0,1,351708,351544,164
15538401,24.0001,24.0301,164,35039,0.19,0,1,351732,351568,164
15541321,24.0001,24.0263,164,32119,0.19,0,1,351756,351592,164
15544241,24.0001,24.023,164,32119,0.19,0,1,351780,351616,164
15547161,24.0001,23.2701,170,32119,0.17,0,1,351804,351634,170
15550081,24,22.6114,176,32119,0.17,0,1,351828,351652,176
15553001,24,22.0349,182,32119,0.15,0,1,351852,351670,182
15555921,24,21.5306,188,32119,0.15,0,1,351876,351688,188
15558841,24,21.0893,194,32119,0.15,0,1,351900,351706,194
15561761,24,20.7031,200,32119,0.15,0,1,351924,351724,200
15564681,24,21.2402,199,32119,0.15,0,1,351948,351749,199
15567601,24,22.5852,191,32119,0.15,0,1,351972,351781,191
15570521,24,23.762,183,32119,0.15,0,1,351996,351813,183
15573441,24,24.7918,175,32119,0.15,0,1,352020,351845,175
15576361,24,25.1928,171,32119,0.15,0,1,352044,351873,171
15579281,24,25.0437,171,32119,0.15,0,1,352068,351897,171
15582201,24,24.9132,171,32119,0.15,0,1,352092,351921,171
15585121,24,24.7991,171,32119,0.15,0,1,352116,351945,171
15588041,24,24.6992,171,32119,0.15,0,1,352140,351969,171
15590961,24,24.6118,171,32119,0.15,0,1,352164,351993,171
15593881,24,24.5353,171,32119,0.15,0,1,352188,352017,171
15596801,24,24.4684,171,32119,0.15,0,1,352212,352041,171
15599721,24,24.4099,171,32119,0.15,0,1,352236,352065,171
15602641,24,24.3586,171,32119,0.15,0,1,352260,352089,171
15605561,24,24.3138,171,32119,0.15,0,1,352284,352113,171
15608481,24,24.2746,171,32119,0.15,0,1,352308,352137,171
15611401,24,24.2403,171,32119,0.15,0,1,352332,352161,171
15614321,24,24.2102,171,32119,0.15,0,1,352356,352185,171
15617241,24,24.1839,171,32119,0.15,0,1,352380,352209,171
15620161,24,24.161,171,32119,0.15,0,1,352404,352233,171
15623081,24,24.1408,171,32119,0.15,0,1,352428,352257,171
15626001,24,24.1232,171,32119,0.15,0,1,352452,352281,171
15628921,24,24.1078,171,32119,0.15,0,1,352476,352305,171
15631841,24,24.0943,171,32119,0.15,0,1,352500,352329,171
15634761,24,24.0826,171,32119,0.15,0,1,352524,352353,171
15637681,24,24.0722,171,32119,0.15,0,1,352548,352377,171
15640601,24,24.0632,171,32119,0.15,0,1,352572,352401,171
15643521,24,24.0553,171,35039,0.15,0,1,352596,352425,171
15646441,24,24.0484,171,35039,0.17,0,1,352620,352449,171
15649361,24,24.0423,171,35039,0.17,0,1,352644,352473,171
15652281,24,24.037,171,35039,0.19,0,1,352668,352497,171
15655201,24,24.0324,171,35039,0.21,0,1,352692,352521,171
15658121,24,24.0284,171,32119,0.21,0,1,352716,352545,171
15661041,24,24.0248,171,32119,0.2,0,1,352740,352569,171
15663961,24,23.6467,174,32119,0.19,0,1,352764,352590,174
15666881,24,22.9409,180,32119,0.18,0,1,352788,352608,180
15669801,24,22.3233,186,32119,0.17,0,1,352812,352626,186
15672721,24,21.7829,192,32119,0.16,0,1,352836,352644,192
15675641,24,21.31,198,32119,0.16,0,1,352860,352662,198
15678561,24,20.8963,204,32119,0.16,0,1,352884,352680,204
15681481,24,20.5342,210,32119,0.16,0,1,352908,352698,210
15684401,24,21.9674,202,32119,0.16,0,1,352932,352730,202
15687321,24,23.2215,194,32119,0.16,0,1,352956,352762,194
15690241,24,24.3188,186,32119,0.16,0,1,352980,352794,186
15693161,24,25.279,178,32119,0.16,0,1,353004,352826,178
15696081,24,25.1191,178,32119,0.16,0,1,353028,352850,178
15699001,24,24.9792,178,32119,0.16,0,1,353052,352874,178
15701921,24,24.8568,178,32119,0.16,0,1,353076,352898,178
15704841,24,24.7497,178,32119,0.16,0,1,353100,352922,178
15707761,24,24.656,178,32119,0.16,0,1,353124,352946,178
15710681,24,24.574,178,32119,0.16,0,1,353148,352970,178
15713601,24,24.5022,178,32119,0.16,0,1,353172,352994,178
15716521,24,24.4395,178,32119,0.16,0,1,353196,353018,178
15719441,24,24.3845,178,32119,0.16,0,1,353220,353042,178
15722361,24,24.3365,178,32119,0.16,0,1,353244,353066,178
15725281,24,24.2944,178,32119,0.16,0,1,353268,353090,178
15728201,24,24.2576,178,32119,0.16,0,1,353292,353114,178
15731121,24,24.2254,178,32119,0.16,0,1,353316,353138,178
15734041,24,24.1972,178,32119,0.16,0,1,353340,353162,178
15736961,24,24.1726,178,32119,0.16,0,1,353364,353186,178
15739881,24,24.151,178,32119,0.16,0,1,353388,353210,178
15742801,24,24.1321,178,32119,0.16,0,1,353412,353234,178
15745721,24,24.1156,178,32119,0.16,0,1,353436,353258,178
15748641,24,24.1012,178,32119,0.16,0,1,353460,353282,178
15751561,24,24.0885,178,32119,0.16,0,1,353484,353306,178
15754481,24,24.0775,178,32119,0.16,0,1,353508,353330,178
15757401,24,24.0678,178,32119,0.16,0,1,353532,353354,178
15760321,24,24.0593,178,35039,0.17,0,1,353556,353378,178
15763241,24,24.0519,178,35039,0.17,0,1,353580,353402,178
15766161,24,24.0454,178,35039,0.19,0,1,353604,353426,178
15769081,24,24.0397,178,35039,0.21,0,1,353628,353450,178
15772001,24,24.0348,178,35039,0.21,0,1,353652,353474,178
15774921,24,24.0304,178,32119,0.23,0,1,353676,353498,178
15777841,24,24.0266,178,32119,0.21,0,1,353700,353522,178
15780761,24,23.6483,181,32119,0.21,0,1,353724,353543,181
15783681,24,22.9423,187,32119,0.19,0,1,353748,353561,187
15786601,24,22.3245,193,32119,0.19,0,1,353772,353579,193
15789521,24,21.7839,199,32119,0.17,0,1,353796,353597,199
15792441,24,21.3109,205,32119,0.17,0,1,353820,353615,205
15795361,24,20.8971,211,32119,0.17,0,1,353844,353633,211
15798281,24,20.5349,217,32119,0.17,0,1,353868,353651,217
15801201,24,21.0931,216,32119,0.17,0,1,353892,353676,216
15804121,24,22.4564,208,32119,0.17,0,1,353916,353708,208
15807041,24,23.6494,200,32119,0.17,0,1,353940,353740,200
15809961,24,24.6932,192,32119,0.17,0,1,353964,353772,192
15812881,24,25.1066,188,32119,0.17,0,1,353988,353800,188
15815801,24,24.9682,188,32119,0.17,0,1,354012,353824,188
15818721,24,24.8472,188,32119,0.17,0,1,354036,353848,188
15821641,24,24.7413,188,32119,0.17,0,1,354060,353872,188
15824561,24,24.6486,188,32119,0.17,0,1,354084,353896,188
15827481,24,24.5676,188,32119,0.17,0,1,354108,353920,188
15830401,24,24.4966,188,32119,0.17,0,1,354132,353944,188
15833321,24,24.4345,188,32119,0.17,0,1,354156,353968,188
15836241,24,24.3802,188,32119,0.17,0,1,354180,353992,188
15839161,24,24.3327,188,32119,0.17,0,1,354204,354016,188
15842081,24,24.2911,188,32119,0.17,0,1,354228,354040,188
15845001,24,24.2547,188,32119,0.17,0,1,354252,354064,188
15847921,24,24.2229,188,32119,0.17,0,1,354276,354088,188
15850841,24,24.195,188,32119,0.17,0,1,354300,354112,188
15853761,24,24.1706,188,32119,0.17,0,1,354324,354136,188
15856681,24,24.1493,188,32119,0.17,0,1,354348,354160,188
15859601,24,24.1306,188,32119,0.17,0,1,354372,354184,188
15862521,24,24.1143,188,32119,0.17,0,1,354396,354208,188
15865441,24,24.1,188,32119,0.17,0,1,354420,354232,188
15868361,24,24.0875,188,32119,0.17,0,1,354444,354256,188
15871281,24,24.0766,188,32119,0.17,0,1,354468,354280,188
15874201,24,24.067,188,32119,0.17,0,1,354492,354304,188
15877121,24,24.0586,188,35039,0.19,0,1,354516,354328,188
15880041,24,24.0513,188,35039,0.19,0,1,354540,354352,188
15882961,24,24.0449,188,35039,0.21,0,1,354564,354376,188
15885881,24,24.0393,188,35039,0.23,0,1,354588,354400,188
15888801,24,24.0344,188,35039,0.23,0,1,354612,354424,188
15891721,24,24.0301,188,32119,0.23,0,1,354636,354448,188
15894641,24,24.0263,188,32119,0.23,0,1,354660,354472,188
15897561,24,24.023,188,32119,0.21,0,1,354684,354496,188
15900481,24,23.2701,194,32119,0.21,0,1,354708,354514,194
15903401,24,22.6114,200,32119,0.19,0,1,354732,354532,200
15906321,24,22.035,206,32119,0.19,0,1,354756,354550,206
15909241,24,21.5306,212,32119,0.19,0,1,354780,354568,212
15912161,24,21.0893,218,32119,0.19,0,1,354804,354586,218
15915081,24,20.7031,224,32119,0.19,0,1,354828,354604,224
15918001,24,21.2402,223,32119,0.19,0,1,354852,354629,223
15920921,24,22.5852,215,32119,0.19,0,1,354876,354661,215
15923841,24,23.762,207,32119,0.19,0,1,354900,354693,207
15926761,24,24.7918,199,32119,0.19,0,1,354924,354725,199
15929681,24,25.1928,195,32119,0.19,0,1,354948,354753,195
15932601,24,25.0437,195,32119,0.19,0,1,354972,354777,195
15935521,24,24.9132,195,32119,0.19,0,1,354996,354801,195
15938441,24,24.7991,195,32119,0.19,0,1,355020,354825,195
15941361,24,24.6992,195,32119,0.19,0,1,355044,354849,195
15944281,24,24.6118,195,32119,0.19,0,1,355068,354873,195
15947201,24,24.5353,195,32119,0.19,0,1,355092,354897,195
15950121,24,24.4684,195,32119,0.19,0,1,355116,354921,195
15953041,24,24.4099,195,32119,0.19,0,1,355140,354945,195
15955961,24,24.3586,195,32119,0.19,0,1,355164,354969,195
15958881,24,24.3138,195,32119,0.19,0,1,355188,354993,195
15961801,24,24.2746,195,32119,0.19,0,1,355212,355017,195
15964721,24,24.2403,195,32119,0.19,0,1,355236,355041,195
15967641,24,24.2102,195,32119,0.19,0,1,355260,355065,195
15970561,24,24.1839,195,32119,0.19,0,1,355284,355089,195
15973481,24,24.161,195,32119,0.19,0,1,355308,355113,195
15976401,24,24.1408,195,32119,0.19,0,1,355332,355137,195
15979321,24,24.1232,195,32119,0.19,0,1,355356,355161,195
15982241,24,24.1078,195,32119,0.19,0,1,355380,355185,195
15985161,24,24.0943,195,32119,0.19,0,1,355404,355209,195
15988081,24,24.0826,195,32119,0.19,0,1,355428,355233,195
15991001,24,24.0722,195,32119,0.19,0,1,355452,355257,195
15993921,24,24.0632,195,35039,0.19,0,1,355476,355281,195
15996841,24,24.0553,195,35039,0.21,0,1,355500,355305,195
15999761,24,24.0484,195,35039,0.21,0,1,355524,355329,195
16002681,24,24.0423,195,35039,0.23,0,1,355548,355353,195
16005601,24,24.037,195,35039,0.25,0,1,355572,355377,195
16008521,24,24.0324,195,32119,0.25,0,1,355596,355401,195
16011441,24,24.0284,195,32119,0.24,0,1,355620,355425,195
16014361,24,24.0248,195,32119,0.23,0,1,355644,355449,195
16017281,24,23.6467,198,32119,0.22,0,1,355668,355470,198
16020201,24,22.9409,204,32119,0.21,0,1,355692,355488,204
16023121,24,22.3233,210,32119,0.2,0,1,355716,355506,210
16026041,24,21.7829,216,32119,0.2,0,1,355740,355524,216
16028961,24,21.31,222,32119,0.2,0,1,355764,355542,222
16031881,24,20.8963,228,32119,0.2,0,1,355788,355560,228
16034801,24,20.5342,234,32119,0.2,0,1,355812,355578,234
16037721,24,21.9674,226,32119,0.2,0,1,355836,355610,226
16040641,24,23.2215,218,32119,0.2,0,1,355860,355642,218
16043561,24,24.3188,210,32119,0.2,0,1,355884,355674,210
16046481,24,25.279,202,32119,0.2,0,1,355908,355706,202
16049401,24,25.1191,202,32119,0.2,0,1,355932,355730,202
16052321,24,24.9792,202,32119,0.2,0,1,355956,355754,202
16055241,24,24.8568,202,32119,0.2,0,1,355980,355778,202
16058161,24,24.7497,202,32119,0.2,0,1,356004,355802,202
16061081,24,24.656,202,32119,0.2,0,1,356028,355826,202
16064001,24,24.574,202,32119,0.2,0,1,356052,355850,202
16066921,24,24.5022,202,32119,0.2,0,1,356076,355874,202
16069841,24,24.4395,202,32119,0.2,0,1,356100,355898,202
16072761,24,24.3845,202,32119,0.2,0,1,356124,355922,202
16075681,24,24.3365,202,32119,0.2,0,1,356148,355946,202
16078601,24,24.2944,202,32119,0.2,0,1,356172,355970,202
16081521,24,24.2576,202,32119,0.2,0,1,356196,355994,202
16084441,24,24.2254,202,32119,0.2,0,1,356220,356018,202
16087361,24,24.1972,202,32119,0.2,0,1,356244,356042,202
16090281,24,24.1726,202,32119,0.2,0,1,356268,356066,202
16093201,24,24.151,202,32119,0.2,0,1,356292,356090,202
16096121,24,24.1321,202,32119,0.2,0,1,356316,356114,202
16099041,24,24.1156,202,32119,0.2,0,1,356340,356138,202
16101961,24,24.1012,202,32119,0.2,0,1,356364,356162,202
16104881,24,24.0885,202,32119,0.2,0,1,356388,356186,202
16107801,24,24.0775,202,32119,0.2,0,1,356412,356210,202
16110721,24,24.0678,202,35039,0.21,0,1,356436,356234,202
16113641,24,24.0593,202,35039,0.21,0,1,356460,356258,202
16116561,24,24.0519,202,35039,0.23,0,1,356484,356282,202
16119481,24,24.0454,202,35039,0.25,0,1,356508,356306,202
16122401,24,24.0397,202,35039,0.25,0,1,356532,356330,202
16125321,24,24.0348,202,32119,0.27,0,1,356556,356354,202
16128241,24,24.0304,202,32119,0.25,0,1,356580,356378,202
16131161,24,24.0266,202,32119,0.25,0,1,356604,356402,202
16134081,24,23.6483,205,32119,0.23,0,1,356628,356423,205
16137001,24,22.9423,211,32119,0.23,0,1,356652,356441,211
16139921,24,22.3245,217,32119,0.21,0,1,356676,356459,217
16142841,24,21.7839,223,32119,0.21,0,1,356700,356477,223
16145761,24,21.3109,229,32119,0.21,0,1,356724,356495,229
16148681,24,20.8971,235,32119,0.21,0,1,356748,356513,235
16151601,24,20.5349,241,32119,0.21,0,1,356772,356531,241
16154521,24,21.0931,240,32119,0.21,0,1,356796,356556,240
16157441,24,22.4564,232,32119,0.21,0,1,356820,356588,232
16160361,24,23.6494,224,32119,0.21,0,1,356844,356620,224
16163281,24,24.6932,216,32119,0.21,0,1,356868,356652,216
16166201,24,25.1066,212,32119,0.21,0,1,356892,356680,212
16169121,24,24.9682,212,32119,0.21,0,1,356916,356704,212
16172041,24,24.8472,212,32119,0.21,0,1,356940,356728,212
16174961,24,24.7413,212,32119,0.21,0,1,356964,356752,212
16177881,24,24.6486,212,32119,0.21,0,1,356988,356776,212
16180801,24,24.5676,212,32119,0.21,0,1,357012,356800,212
16183721,24,24.4966,212,32119,0.21,0,1,357036,356824,212
16186641,24,24.4345,212,32119,0.21,0,1,357060,356848,212
16189561,24,24.3802,212,32119,0.21,0,1,357084,356872,212
16192481,24,24.3327,212,32119,0.21,0,1,357108,356896,212
16195401,24,24.2911,212,32119,0.21,0,1,357132,356920,212
16198321,24,24.2547,212,32119,0.21,0,1,357156,356944,212
16201241,24,24.2229,212,32119,0.21,0,1,357180,356968,212
16204161,24,24.195,212,32119,0.21,0,1,357204,356992,212
16207081,24,24.1706,212,32119,0.21,0,1,357228,357016,212
16210001,24,24.1493,212,32119,0.21,0,1,357252,357040,212
16212921,24,24.1306,212,32119,0.21,0,1,357276,357064,212
16215841,24,24.1143,212,32119,0.21,0,1,357300,357088,212
16218761,24,24.1,212,32119,0.21,0,1,357324,357112,212
16221681,24,24.0875,212,32119,0.21,0,1,357348,357136,212
16224601,24,24.0766,212,32119,0.21,0,1,357372,357160,212
16227521,24,24.067,212,35039,0.23,0,1,357396,357184,212
16230441,24,24.0586,212,35039,0.23,0,1,357420,357208,212
16233361,24,24.0513,212,35039,0.25,0,1,357444,357232,212
16236281,24,24.0449,212,35039,0.27,0,1,357468,357256,212
16239201,24,24.0393,212,35039,0.27,0,1,357492,357280,212
16242121,24,24.0344,212,32119,0.27,0,1,357516,357304,212
16245041,24,24.0301,212,32119,0.27,0,1,357540,357328,212
16247961,24,24.0263,212,32119,0.25,0,1,357564,357352,212
16250881,24,24.023,212,32119,0.25,0,1,357588,357376,212
16253801,24,23.2701,218,32119,0.23,0,1,357612,357394,218
16256721,24,22.6114,224,32119,0.23,0,1,357636,357412,224
16259641,24,22.035,230,32119,0.23,0,1,357660,357430,230
16262561,24,21.5306,236,32119,0.23,0,1,357684,357448,236
16265481,24,21.0893,242,32119,0.23,0,1,357708,357466,242
16268401,24,20.7031,248,32119,0.23,0,1,357732,357484,248
16271321,24,21.2402,247,32119,0.23,0,1,357756,357509,247
16274241,24,22.5852,239,32119,0.23,0,1,357780,357541,239
16277161,24,23.762,231,32119,0.23,0,1,357804,357573,231
16280081,24,24.7918,223,32119,0.23,0,1,357828,357605,223
16283001,24,25.1928,219,32119,0.23,0,1,357852,357633,219
16285921,24,25.0437,219,32119,0.23,0,1,357876,357657,219
16288841,24,24.9132,219,32119,0.23,0,1,357900,357681,219
16291761,24,24.7991,219,32119,0.23,0,1,357924,357705,219
16294681,24,24.6992,219,32119,0.23,0,1,357948,357729,219
16297601,24,24.6118,219,32119,0.23,0,1,357972,357753,219
16300521,24,24.5353,219,32119,0.23,0,1,357996,357777,219
16303441,24,24.4684,219,32119,0.23,0,1,358020,357801,219
16306361,24,24.4099,219,32119,0.23,0,1,358044,357825,219
16309281,24,24.3586,219,32119,0.23,0,1,358068,357849,219
16312201,24,24.3138,219,32119,0.23,0,1,358092,357873,219
16315121,24,24.2746,219,32119,0.23,0,1,358116,357897,219
16318041,24,24.2403,219,32119,0.23,0,1,358140,357921,219
16320961,24,24.2102,219,32119,0.23,0,1,358164,357945,219
16323881,24,24.1839,219,32119,0.23,0,1,358188,357969,219
16326801,24,24.161,219,32119,0.23,0,1,358212,357993,219
16329721,24,24.1408,219,32119,0.23,0,1,358236,358017,219
16332641,24,24.1232,219,32119,0.23,0,1,358260,358041,219
16335561,24,24.1078,219,32119,0.23,0,1,358284,358065,219
16338481,24,24.0943,219,32119,0.23,0,1,358308,358089,219
16341401,24,24.0826,219,32119,0.23,0,1,358332,358113,219
16344321,24,24.0722,219,35039,0.23,0,1,358356,358137,219
16347241,24,24.0632,219,35039,0.25,0,1,358380,358161,219
16350161,24,24.0553,219,35039,0.25,0,1,358404,358185,219
16353081,24,24.0484,219,35039,0.27,0,1,358428,358209,219
16356001,24,24.0423,219,35039,0.29,0,1,358452,358233,219
16358921,24,24.037,219,32119,0.29,0,1,358476,358257,219
16361841,24,24.0324,219,32119,0.27,0,1,358500,358281,219
16364761,24,24.0284,219,32119,0.27,0,1,358524,358305,219
16367681,24,24.0248,219,32119,0.25,0,1,358548,358329,219
16370601,24,23.6467,222,32119,0.25,0,1,358572,358350,222
16373521,24,22.9409,228,32119,0.23,0,1,358596,358368,228
16376441,24,22.3233,234,32119,0.23,0,1,358620,358386,234
16379361,24,21.7829,240,32119,0.23,0,1,358644,358404,240
16382281,24,21.31,246,32119,0.23,0,1,358668,358422,246
16385201,24,20.8963,252,32119,0.23,0,1,358692,358440,252
16388121,24,20.5342,258,32119,0.23,0,1,358716,358458,258
16391041,24,22.2174,248,32119,0.23,0,1,358740,358492,248
16393961,24,23.4403,240,32119,0.23,0,1,358764,358524,240
16396881,24,24.5102,232,32119,0.23,0,1,358788,358556,232
16399801,24,25.4465,224,32119,0.23,0,1,358812,358588,224
16402721,24,25.2656,224,32119,0.23,0,1,358836,358612,224
16405641,24,25.1074,224,32119,0.23,0,1,358860,358636,224
16408561,24,24.969,224,32119,0.23,0,1,358884,358660,224
16411481,24,24.8479,224,32119,0.22,0,1,358908,358684,224
16414401,24,24.7419,224,32119,0.18,0,1,358932,358708,224
16417321,24,24.6492,224,32119,0.14,0,1,358956,358732,224
16420241,24,24.568,224,32119,0.1,0,1,358980,358756,224
16423161,24,24.497,224,32119,0.06,0,1,359004,358780,224
16426081,24,24.4349,224,32119,0.02,0,1,359028,358804,224
16429001,24,24.3805,224,32119,0,0,1,359052,358828,224
16431921,24,24.333,224,32119,0,0,1,359076,358852,224
16434081,23.25,24.2913,218,32119,0,0,1,359094,358876,218
16437001,212.969,230.63,84,32119,0.01,0,1,360635,360551,84
16439921,189.348,204.801,84,35039,0.01,0,1,360659,360575,84
16442841,168.679,182.201,84,37959,0.01,0,1,360683,360599,84
16445761,150.594,162.426,84,40879,0.01,0,1,360707,360623,84
16448681,134.77,145.123,84,43799,0.01,0,1,360731,360647,84
16451601,120.924,129.982,84,44529,0.01,0,1,360755,360671,84
16454521,108.808,116.735,84,42339,0.01,0,1,360779,360695,84
16457441,98.2073,105.143,84,40393,0.01,0,1,360803,360719,84
16460361,88.9313,94.9999,84,41609,0.01,0,1,360827,360743,84
16463281,80.8149,86.1249,84,40149,0.01,0,1,360851,360767,84
16466201,73.7131,78.3593,84,38933,0.03,0,1,360875,360791,84
16469121,67.4989,71.5644,84,37716,0.05,0,1,360899,360815,84
16472041,62.0616,64.8688,90,36743,0.05,0,1,360923,360833,90
16474961,57.3039,59.0102,96,36013,0.07,0,1,360947,360851,96
16477881,53.1409,53.8839,102,35526,0.09,0,1,360971,360869,102
16480801,49.4983,49.3985,108,35283,0.09,0,1,360995,360887,108
16483721,46.311,45.4736,114,35283,0.11,0,1,361019,360905,114
16486641,43.5221,42.0394,120,35283,0.13,0,1,361043,360923,120
16489561,41.0819,39.0345,126,35283,0.13,0,1,361067,360941,126
16492481,38.9466,36.4052,132,35283,0.15,0,1,361091,360959,132
16495401,37.0783,34.1045,138,35283,0.17,0,1,361115,360977,138
16498321,35.4435,32.0915,144,32363,0.17,0,1,361139,360995,144
16501241,34.0131,30.33,150,32363,0.16,0,1,361163,361013,150
16504161,32.7614,28.7888,156,32363,0.15,0,1,361187,361031,156
16507081,31.6663,27.4402,162,32363,0.14,0,1,361211,361049,162
16510001,30.708,26.2602,168,32363,0.13,0,1,361235,361067,168
16512921,29.8695,25.2276,174,32363,0.12,0,1,361259,361085,174
16515841,29.1358,24.3242,180,32363,0.12,0,1,361283,361103,180
16518761,28.4938,23.5337,186,32363,0.12,0,1,361307,361121,186
16521681,27.9321,24.592,178,32363,0.12,0,1,361331,361153,178
16524601,27.4406,25.518,170,32363,0.12,0,1,361355,361185,170
16527521,27.0105,26.3282,162,32363,0.12,0,1,361379,361217,162
16530441,26.6342,27.0372,154,32363,0.12,0,1,361403,361249,154
16533361,26.3049,26.6575,154,32363,0.12,0,1,361427,361273,154
16536281,26.0168,26.3253,154,32363,0.12,0,1,361451,361297,154
16539201,25.7647,26.0347,154,32363,0.12,0,1,361475,361321,154
16542121,25.5441,25.7803,154,32363,0.12,0,1,361499,361345,154
16545041,25.3511,25.5578,154,32363,0.12,0,1,361523,361369,154
16547961,25.1822,25.3631,154,32363,0.12,0,1,361547,361393,154
16550881,25.0344,25.1927,154,32363,0.12,0,1,361571,361417,154
16553801,24.9051,25.0436,154,32363,0.12,0,1,361595,361441,154
16556721,24.792,24.9132,154,32363,0.12,0,1,361619,361465,154
16559641,24.693,24.799,154,32363,0.12,0,1,361643,361489,154
16562561,24.6064,24.6991,154,32363,0.12,0,1,361667,361513,154
16565481,24.5306,24.6117,154,32363,0.12,0,1,361691,361537,154
16568401,24.4643,24.5353,154,32363,0.12,0,1,361715,361561,154
16571321,24.4062,24.4684,154,32363,0.12,0,1,361739,361585,154
16574241,24.3554,24.4098,154,32363,0.12,0,1,361763,361609,154
16577161,24.311,24.3586,154,32363,0.12,0,1,361787,361633,154
16580081,24.2721,24.3138,154,32363,0.12,0,1,361811,361657,154
16583001,24.2381,24.2745,154,32363,0.12,0,1,361835,361681,154
16585921,24.2084,24.2402,154,32363,0.12,0,1,361859,361705,154
16588841,24.1823,24.2102,154,32363,0.12,0,1,361883,361729,154
16591761,24.1595,24.1839,154,32363,0.12,0,1,361907,361753,154
16594681,24.1396,24.1609,154,32363,0.12,0,1,361931,361777,154
16597601,24.1221,24.1408,154,32363,0.12,0,1,361955,361801,154
16600521,24.1069,24.1232,154,35283,0.13,0,1,361979,361825,154
16603441,24.0935,24.1078,154,35283,0.13,0,1,362003,361849,154
16606361,24.0818,24.0943,154,35283,0.15,0,1,362027,361873,154
16609281,24.0716,24.0825,154,35283,0.17,0,1,362051,361897,154
16612201,24.0626,24.0722,154,35283,0.17,0,1,362075,361921,154
16615121,24.0548,24.0632,154,32363,0.19,0,1,362099,361945,154
16618041,24.048,23.6803,157,32363,0.17,0,1,362123,361966,157
16620961,24.042,22.9703,163,32363,0.17,0,1,362147,361984,163
16623881,24.0367,22.349,169,32363,0.15,0,1,362171,362002,169
16626801,24.0321,21.8054,175,32363,0.15,0,1,362195,362020,175
16629721,24.0281,21.3297,181,32363,0.13,0,1,362219,362038,181
16632641,24.0246,20.9135,187,32363,0.13,0,1,362243,362056,187
16635561,24.0215,20.5493,193,32363,0.13,0,1,362267,362074,193
16638481,24.0188,21.1056,192,32363,0.13,0,1,362291,362099,192
16641401,24.0165,22.4674,184,32363,0.13,0,1,362315,362131,184
16644321,24.0144,23.659,176,32363,0.13,0,1,362339,362163,176
16647241,24.0126,24.7016,168,32363,0.13,0,1,362363,362195,168
16650161,24.011,25.1139,164,32363,0.13,0,1,362387,362223,164
16653081,24.0097,24.9747,164,32363,0.13,0,1,362411,362247,164
16656001,24.0085,24.8528,164,32363,0.13,0,1,362435,362271,164
16658921,24.0074,24.7462,164,32363,0.13,0,1,362459,362295,164
16661841,24.0065,24.653,164,32363,0.13,0,1,362483,362319,164
16664761,24.0057,24.5713,164,32363,0.13,0,1,362507,362343,164
16667681,24.005,24.4999,164,32363,0.13,0,1,362531,362367,164
16670601,24.0043,24.4374,164,32363,0.13,0,1,362555,362391,164
16673521,24.0038,24.3828,164,32363,0.13,0,1,362579,362415,164
16676441,24.0033,24.3349,164,32363,0.13,0,1,362603,362439,164
16679361,24.0029,24.293,164,32363,0.13,0,1,362627,362463,164
16682281,24.0025,24.2564,164,32363,0.13,0,1,362651,362487,164
16685201,24.0022,24.2244,164,32363,0.13,0,1,362675,362511,164
16688121,24.0019,24.1963,164,32363,0.13,0,1,362699,362535,164
16691041,24.0017,24.1718,164,32363,0.13,0,1,362723,362559,164
16693961,24.0015,24.1503,164,32363,0.13,0,1,362747,362583,164
16696881,24.0013,24.1315,164,32363,0.13,0,1,362771,362607,164
16699801,24.0011,24.1151,164,32363,0.13,0,1,362795,362631,164
16702721,24.001,24.1007,164,32363,0.13,0,1,362819,362655,164
16705641,24.0009,24.0881,164,32363,0.13,0,1,362843,362679,164
16708561,24.0008,24.0771,164,32363,0.13,0,1,362867,362703,164
16711481,24.0007,24.0675,164,32363,0.13,0,1,362891,362727,164
16714401,24.0006,24.059,164,32363,0.13,0,1,362915,362751,164
16717321,24.0005,24.0516,164,35283,0.15,0,1,362939,362775,164
16720241,24.0004,24.0452,164,35283,0.15,0,1,362963,362799,164
16723161,24.0004,24.0395,164,35283,0.17,0,1,362987,362823,164
16726081,24.0003,24.0346,164,35283,0.19,0,1,363011,362847,164
16729001,24.0003,24.0303,164,35283,0.19,0,1,363035,362871,164
16731921,24.0003,24.0265,164,32363,0.19,0,1,363059,362895,164
16734841,24.0002,24.0232,164,32363,0.19,0,1,363083,362919,164
16737761,24.0002,23.2703,170,32363,0.17,0,1,363107,362937,170
16740681,24.0002,22.6115,176,32363,0.17,0,1,363131,362955,176
16743601,24.0002,22.0351,182,32363,0.15,0,1,363155,362973,182
16746521,24.0001,21.5307,188,32363,0.15,0,1,363179,362991,188
16749441,24.0001,21.0893,194,32363,0.15,0,1,363203,363009,194
16752361,24.0001,20.7032,200,32363,0.15,0,1,363227,363027,200
16755281,24.0001,21.2403,199,32363,0.15,0,1,363251,363052,199
16758201,24.0001,22.5852,191,32363,0.15,0,1,363275,363084,191
16761121,24.0001,23.7621,183,32363,0.15,0,1,363299,363116,183
16764041,24.0001,24.7918,175,32363,0.15,0,1,363323,363148,175
16766961,24.0001,25.1928,171,32363,0.15,0,1,363347,363176,171
16769881,24,25.0437,171,32363,0.15,0,1,363371,363200,171
16772801,24,24.9133,171,32363,0.15,0,1,363395,363224,171
16775721,24,24.7991,171,32363,0.15,0,1,363419,363248,171
16778641,24,24.6992,171,32363,0.15,0,1,363443,363272,171
16781561,24,24.6118,171,32363,0.15,0,1,363467,363296,171
16784481,24,24.5353,171,32363,0.15,0,1,363491,363320,171
16787401,24,24.4684,171,32363,0.15,0,1,363515,363344,171
16790321,24,24.4099,171,32363,0.15,0,1,363539,363368,171
16793241,24,24.3586,171,32363,0.15,0,1,363563,363392,171
16796161,24,24.3138,171,32363,0.15,0,1,363587,363416,171
16799081,24,24.2746,171,32363,0.15,0,1,363611,363440,171
16802001,24,24.2403,171,32363,0.15,0,1,363635,363464,171
16804921,24,24.2102,171,32363,0.15,0,1,363659,363488,171
16807841,24,24.1839,171,32363,0.15,0,1,363683,363512,171
16810761,24,24.161,171,32363,0.15,0,1,363707,363536,171
16813681,24,24.1408,171,32363,0.15,0,1,363731,363560,171
16816601,24,24.1232,171,32363,0.15,0,1,363755,363584,171
16819521,24,24.1078,171,32363,0.15,0,1,363779,363608,171
16822441,24,24.0943,171,32363,0.15,0,1,363803,363632,171
16825361,24,24.0826,171,32363,0.15,0,1,363827,363656,171
16828281,24,24.0722,171,32363,0.15,0,1,363851,363680,171
16831201,24,24.0632,171,32363,0.15,0,1,363875,363704,171
16834121,24,24.0553,171,35283,0.15,0,1,363899,363728,171
16837041,24,24.0484,171,35283,0.17,0,1,363923,363752,171
16839961,24,24.0423,171,35283,0.17,0,1,363947,363776,171
16842881,24,24.0371,171,35283,0.19,0,1,363971,363800,171
16845801,24,24.0324,171,35283,0.21,0,1,363995,363824,171
16848721,24,24.0284,171,32363,0.21,0,1,364019,363848,171
16851641,24,24.0248,171,32363,0.2,0,1,364043,363872,171
16854561,24,23.6467,174,32363,0.19,0,1,364067,363893,174
16857481,24,22.9409,180,32363,0.18,0,1,364091,363911,180
16860401,24,22.3233,186,32363,0.17,0,1,364115,363929,186
16863321,24,21.7829,192,32363,0.16,0,1,364139,363947,192
16866241,24,21.31,198,32363,0.16,0,1,364163,363965,198
16869161,24,20.8963,204,32363,0.16,0,1,364187,363983,204
16872081,24,20.5342,210,32363,0.16,0,1,364211,364001,210
16875001,24,21.9674,202,32363,0.16,0,1,364235,364033,202
16877921,24,23.2215,194,32363,0.16,0,1,364259,364065,194
16880841,24,24.3188,186,32363,0.16,0,1,364283,364097,186
16883761,24,25.279,178,32363,0.16,0,1,364307,364129,178
16886681,24,25.1191,178,32363,0.16,0,1,364331,364153,178
16889601,24,24.9792,178,32363,0.16,0,1,364355,364177,178
16892521,24,24.8568,178,32363,0.16,0,1,364379,364201,178
16895441,24,24.7497,178,32363,0.16,0,1,364403,364225,178
16898361,24,24.656,178,32363,0.16,0,1,364427,364249,178
16901281,24,24.574,178,32363,0.16,0,1,364451,364273,178
16904201,24,24.5022,178,32363,0.16,0,1,364475,364297,178
16907121,24,24.4395,178,32363,0.16,0,1,364499,364321,178
16910041,24,24.3845,178,32363,0.16,0,1,364523,364345,178
16912961,24,24.3365,178,32363,0.16,0,1,364547,364369,178
16915881,24,24.2944,178,32363,0.16,0,1,364571,364393,178
16918801,24,24.2576,178,32363,0.16,0,1,364595,364417,178
16921721,24,24.2254,178,32363,0.16,0,1,364619,364441,178
16924641,24,24.1972,178,32363,0.16,0,1,364643,364465,178
16927561,24,24.1726,178,32363,0.16,0,1,364667,364489,178
16930481,24,24.151,178,32363,0.16,0,1,364691,364513,178
16933401,24,24.1321,178,32363,0.16,0,1,364715,364537,178
16936321,24,24.1156,178,32363,0.16,0,1,364739,364561,178
16939241,24,24.1012,178,32363,0.16,0,1,364763,364585,178
16942161,24,24.0885,178,32363,0.16,0,1,364787,364609,178
16945081,24,24.0775,178,32363,0.14,0,1,364811,364633,178
16948001,24,24.0678,178,32363,0.1,0,1,364835,364657,178
16950921,24,24.0593,178,35283,0.06,0,1,364859,364681,178
16953841,24,24.0519,178,35283,0.02,0,1,364883,364705,178
16956761,24,24.0454,178,35283,0,0,1,364907,364729,178
16959681,24,24.0397,178,35283,0,0,1,364931,364753,178
16961361,22.75,24.0348,168,35283,0,0,1,364945,364777,168
16964281,673.156,684.78,84,35283,0.01,0,1,370171,370087,84
16967201,592.012,602.183,84,35283,0.01,0,1,370195,370111,84
16970121,521.01,529.91,84,35283,0.01,0,1,370219,370135,84
16973041,458.884,466.671,84,35283,0.03,0,1,370243,370159,84
16975961,404.523,411.337,84,35283,0.05,0,1,370267,370183,84
16978881,356.958,362.17,90,35283,0.05,0,1,370291,370201,90
16981801,315.338,319.149,96,35283,0.07,0,1,370315,370219,96
16984721,278.921,281.505,102,35283,0.09,0,1,370339,370237,102
16987641,247.056,248.567,108,35283,0.09,0,1,370363,370255,108
16990561,219.174,219.746,114,35283,0.11,0,1,370387,370273,114
16993481,194.777,194.528,120,35283,0.13,0,1,370411,370291,120
16996401,173.43,172.462,126,35283,0.13,0,1,370435,370309,126
16999321,154.751,153.154,132,35283,0.15,0,1,370459,370327,132
17002241,138.407,136.26,138,35283,0.17,0,1,370483,370345,138
17005161,124.106,121.477,144,32363,0.17,0,1,370507,370363,144
17008081,111.593,108.543,150,32363,0.16,0,1,370531,370381,150
17011001,100.644,97.2249,156,32363,0.15,0,1,370555,370399,156
17013921,91.0635,87.3218,162,32363,0.14,0,1,370579,370417,162
17016841,82.6806,78.6566,168,32363,0.13,0,1,370603,370435,168
17019761,75.3455,71.0745,174,32363,0.12,0,1,370627,370453,174
17022681,68.9273,64.4402,180,32363,0.12,0,1,370651,370471,180
17025601,63.3114,58.6352,186,32363,0.12,0,1,370675,370489,186
17028521,58.3975,55.3058,178,32363,0.12,0,1,370699,370521,178
17031441,54.0978,52.3926,170,32363,0.12,0,1,370723,370553,170
17034361,50.3356,49.8435,162,32363,0.12,0,1,370747,370585,162
17037281,47.0436,47.613,154,32363,0.12,0,1,370771,370617,154
17040201,44.1632,44.6614,154,32363,0.12,0,1,370795,370641,154
17043121,41.6428,42.0787,154,32363,0.12,0,1,370819,370665,154
17046041,39.4374,39.8189,154,32363,0.12,0,1,370843,370689,154
17048961,37.5077,37.8415,154,32363,0.12,0,1,370867,370713,154
17051881,35.8193,36.1113,154,32363,0.12,0,1,370891,370737,154
17054801,34.3419,34.5974,154,32363,0.12,0,1,370915,370761,154
17057721,33.0491,33.2727,154,32363,0.12,0,1,370939,370785,154
17060641,31.918,32.1137,154,32363,0.12,0,1,370963,370809,154
17063561,30.9282,31.0994,154,32363,0.12,0,1,370987,370833,154
17066481,30.0622,30.212,154,32363,0.12,0,1,371011,370857,154
17069401,29.3044,29.4355,154,5840,0.09,0,1,371035,370881,154
17072321,28.6414,28.7561,154,5840,0.05,0,1,371059,370905,154
17075241,28.0612,28.1616,154,5840,0.01,0,1,371083,370929,154
17078161,27.5536,27.6414,154,5840,0,0,1,371107,370953,154
17081081,27.1094,27.1862,154,5840,0,0,1,371131,370977,154
17084001,29.7207,26.7879,178,5840,0,0,1,371179,371001,178
17086921,30.5056,39.6894,84,5840,0,0,1,371215,371131,84
17089841,32.6924,40.7283,84,5840,0,0,1,371263,371179,84
17092761,33.1059,40.1372,84,5840,0,0,1,371299,371215,84
17095681,34.9676,41.1201,84,5840,0,0,1,371347,371263,84
17098601,35.0967,40.4801,84,35283,0.01,0,1,371383,371299,84
17101521,36.7096,41.4201,84,36499,0.01,0,1,371431,371347,84
17104441,35.1209,39.2425,84,35283,0.01,0,1,371455,371371,84
17107361,33.7308,37.3372,84,34309,0.01,0,1,371479,371395,84
17110281,32.5144,35.6701,84,33336,0.01,0,1,371503,371419,84
17113201,31.4501,34.2113,84,32606,0.01,0,1,371527,371443,84
17116121,30.5189,32.9349,84,31876,0.01,0,1,371551,371467,84
17119041,29.704,31.818,84,31146,0.01,0,1,371575,371491,84
17121961,28.991,30.8408,84,30659,0.01,0,1,371599,371515,84
17124881,28.3671,29.9857,84,30173,0.01,0,1,371623,371539,84
17127801,27.8212,29.2375,84,29686,0.01,0,1,371647,371563,84
17130721,27.3436,28.5828,84,29443,0.01,0,1,371671,371587,84
17133641,26.9256,28.0099,84,29199,0.01,0,1,371695,371611,84
17136561,26.5599,27.5087,84,28956,0.01,0,1,371719,371635,84
17139481,26.2399,27.0701,84,28713,0.01,0,1,371743,371659,84
17142401,25.9599,26.6863,84,28469,0.01,0,1,371767,371683,84
17145321,25.715,26.3506,84,28226,0.01,0,1,371791,371707,84
17148241,25.5006,26.0567,84,30903,0.01,0,1,371815,371731,84
17151161,25.313,25.7996,84,27739,0.01,0,1,371839,371755,84
17154081,25.1489,25.5747,84,27739,0.01,0,1,371863,371779,84
17157001,25.0053,25.3779,84,27739,0.03,0,1,371887,371803,84
17159921,24.8796,24.4556,90,27739,0.03,0,1,371911,371821,90
17162841,24.7697,24.1487,92,27739,0.03,0,1,371935,371843,92
17165761,24.6735,23.8801,94,27739,0.03,0,1,371959,371865,94
17168681,24.5893,23.6451,96,27739,0.03,0,1,371983,371887,96
17171601,24.5156,23.4394,98,27739,0.04,0,1,372007,371909,98
17174521,24.4512,23.2595,100,27739,0.05,0,1,372031,371931,100
17177441,24.3948,23.1021,102,27739,0.05,0,1,372055,371953,102
17180361,24.3454,22.9643,104,27739,0.05,0,1,372079,371975,104
17183281,24.3022,22.8438,106,27739,0.05,0,1,372103,371997,106
17186201,24.2645,22.7383,108,26571,0.05,0,1,372127,372019,108
17189121,24.2314,22.646,110,29491,0.07,0,1,372151,372041,110
17192041,24.2025,22.5653,112,30659,0.07,0,1,372175,372063,112
17194961,24.1772,22.4946,114,30659,0.09,0,1,372199,372085,114
17197881,24.155,22.4328,116,30659,0.11,0,1,372223,372107,116
17200801,24.1356,22.6287,116,30659,0.11,0,1,372247,372131,116
17203721,24.1187,22.0501,122,30659,0.13,0,1,372271,372149,122
17206641,24.1039,21.5438,128,27739,0.13,0,1,372295,372167,128
17209561,24.0909,21.1009,134,27739,0.13,0,1,372319,372185,134
17212481,24.0795,20.7132,140,27739,0.11,0,1,372343,372203,140
17215401,24.0696,20.3741,146,27739,0.11,0,1,372367,372221,146
17218321,24.0609,20.0773,152,27739,0.09,0,1,372391,372239,152
17221241,24.0533,19.8177,158,27739,0.09,0,1,372415,372257,158
17224161,24.0466,19.5905,164,27739,0.09,0,1,372439,372275,164
17227081,24.0408,21.1416,156,27739,0.09,0,1,372463,372307,156
17230001,24.0357,22.4989,148,27739,0.09,0,1,372487,372339,148
17232921,24.0312,23.6866,140,27739,0.09,0,1,372511,372371,140
17235841,24.0273,23.7258,140,27739,0.09,0,1,372535,372395,140
17238761,24.0239,23.76,140,27739,0.09,0,1,372559,372419,140
17241681,24.0209,23.79,140,27739,0.09,0,1,372583,372443,140
17244601,24.0183,23.8163,140,27739,0.09,0,1,372607,372467,140
17247521,24.016,23.8392,140,27739,0.09,0,1,372631,372491,140
17250441,24.014,23.8593,140,27739,0.09,0,1,372655,372515,140
17253361,24.0123,23.8769,140,27739,0.09,0,1,372679,372539,140
17256281,24.0107,23.8923,140,27739,0.09,0,1,372703,372563,140
17259201,24.0094,23.9058,140,27739,0.09,0,1,372727,372587,140
17262121,24.0082,23.9175,140,27739,0.09,0,1,372751,372611,140
17265041,24.0072,23.9279,140,27739,0.09,0,1,372775,372635,140
17267961,24.0063,23.9369,140,27739,0.09,0,1,372799,372659,140
17270881,24.0055,23.9448,140,27739,0.09,0,1,372823,372683,140
17273801,24.0048,23.9517,140,27739,0.09,0,1,372847,372707,140
17276721,24.0042,23.9577,140,27739,0.09,0,1,372871,372731,140
17279641,24.0037,23.963,140,27739,0.09,0,1,372895,372755,140
17282561,24.0032,23.9676,140,27739,0.09,0,1,372919,372779,140
17285481,24.0028,23.9717,140,27739,0.09,0,1,372943,372803,140
17288401,24.0025,23.9752,140,30659,0.11,0,1,372967,372827,140
17291321,24.0022,23.9783,140,30659,0.11,0,1,372991,372851,140
17294241,24.0019,23.981,140,30659,0.13,0,1,373015,372875,140
17297161,24.0017,23.9834,140,30659,0.15,0,1,373039,372899,140
17300081,24.0014,23.9855,140,27739,0.15,0,1,373063,372923,140
17303001,24.0013,23.9873,140,27739,0.13,0,1,373087,372947,140
17305921,24.0011,23.2389,146,27739,0.13,0,1,373111,372965,146
17308841,24.001,22.584,152,27739,0.11,0,1,373135,372983,152
17311761,24.0008,22.011,158,27739,0.11,0,1,373159,373001,158
17314681,24.0007,21.5096,164,27739,0.11,0,1,373183,373019,164
17317601,24.0006,21.0709,170,27739,0.11,0,1,373207,373037,170
17320521,24.0006,21.5621,169,27739,0.11,0,1,373231,373062,169
17323441,24.0005,22.8668,161,27739,0.11,0,1,373255,373094,161
17326361,24.0004,24.0085,153,27739,0.11,0,1,373279,373126,153
17329281,24.0004,24.5074,149,27739,0.11,0,1,373303,373154,149
17332201,24.0003,24.444,149,27739,0.11,0,1,373327,373178,149
17335121,24.0003,24.3885,149,27739,0.11,0,1,373351,373202,149
17338041,24.0003,24.3399,149,27739,0.11,0,1,373375,373226,149
17340961,24.0002,24.2974,149,27739,0.11,0,1,373399,373250,149
17343881,24.0002,24.2602,149,27739,0.11,0,1,373423,373274,149
17346801,24.0002,24.2277,149,27739,0.11,0,1,373447,373298,149
17349721,24.0001,24.1993,149,27739,0.11,0,1,373471,373322,149
17352641,24.0001,24.1743,149,27739,0.11,0,1,373495,373346,149
17355561,24.0001,24.1526,149,27739,0.11,0,1,373519,373370,149
17358481,24.0001,24.1335,149,27739,0.11,0,1,373543,373394,149
17361401,24.0001,24.1168,149,27739,0.11,0,1,373567,373418,149
17364321,24.0001,24.1022,149,27739,0.11,0,1,373591,373442,149
17367241,24.0001,24.0894,149,27739,0.11,0,1,373615,373466,149
17370161,24.0001,24.0782,149,27739,0.11,0,1,373639,373490,149
17373081,24.0001,24.0685,149,27739,0.11,0,1,373663,373514,149
17376001,24,24.0599,149,27739,0.11,0,1,373687,373538,149
17378921,24,24.0524,149,27739,0.11,0,1,373711,373562,149
17381841,24,24.0459,149,30659,0.11,0,1,373735,373586,149
17384761,24,24.0401,149,30659,0.13,0,1,373759,373610,149
17387681,24,24.0351,149,30659,0.15,0,1,373783,373634,149
17390601,24,24.0307,149,30659,0.15,0,1,373807,373658,149
17393521,24,24.0269,149,27739,0.15,0,1,373831,373682,149
17396441,24,24.0235,149,27739,0.15,0,1,373855,373706,149
17399361,24,23.6456,152,27739,0.13,0,1,373879,373727,152
17402281,24,22.9399,158,27739,0.13,0,1,373903,373745,158
17405201,24,22.3224,164,27739,0.13,0,1,373927,373763,164
17408121,24,21.7821,170,27739,0.13,0,1,373951,373781,170
17411041,24,21.3093,176,27739,0.13,0,1,373975,373799,176
17413961,24,21.7707,175,27739,0.13,0,1,373999,373824,175
17416881,24,23.0493,167,27739,0.13,0,1,374023,373856,167
17419801,24,24.1682,159,27739,0.13,0,1,374047,373888,159
17422721,24,24.6471,155,27739,0.13,0,1,374071,373916,155
17425641,24,24.5663,155,27739,0.13,0,1,374095,373940,155
17428561,24,24.4955,155,27739,0.13,0,1,374119,373964,155
17431481,24,24.4335,155,27739,0.13,0,1,374143,373988,155
17434401,24,24.3793,155,27739,0.13,0,1,374167,374012,155
17437321,24,24.3319,155,27739,0.13,0,1,374191,374036,155
17440241,24,24.2904,155,27739,0.13,0,1,374215,374060,155
17443161,24,24.2541,155,27739,0.13,0,1,374239,374084,155
17446081,24,24.2224,155,27739,0.13,0,1,374263,374108,155
17449001,24,24.1946,155,27739,0.13,0,1,374287,374132,155
17451921,24,24.1702,155,27739,0.13,0,1,374311,374156,155
17454841,24,24.149,155,27739,0.13,0,1,374335,374180,155
17457761,24,24.1303,155,27739,0.13,0,1,374359,374204,155
17460681,24,24.1141,155,27739,0.13,0,1,374383,374228,155
17463601,24,24.0998,155,27739,0.13,0,1,374407,374252,155
17466521,24,24.0873,155,27739,0.13,0,1,374431,374276,155
17469441,24,24.0764,155,27739,0.13,0,1,374455,374300,155
17472361,24,24.0669,155,27739,0.13,0,1,374479,374324,155
17475281,24,24.0585,155,30659,0.13,0,1,374503,374348,155
17478201,24,24.0512,155,30659,0.15,0,1,374527,374372,155
17481121,24,24.0448,155,30659,0.15,0,1,374551,374396,155
17484041,24,24.0392,155,30659,0.17,0,1,374575,374420,155
17486961,24,24.0343,155,27739,0.17,0,1,374599,374444,155
17489881,24,24.03,155,27739,0.17,0,1,374623,374468,155
17492801,24,23.6513,158,27739,0.15,0,1,374647,374489,158
17495721,24,22.9448,164,27739,0.15,0,1,374671,374507,164
17498641,24,22.3267,170,27739,0.13,0,1,374695,374525,170
17501561,24,21.7859,176,27739,0.13,0,1,374719,374543,176
17504481,24,21.3127,182,27739,0.13,0,1,374743,374561,182
17507401,24,20.8986,188,27739,0.13,0,1,374767,374579,188
17510321,24,22.2863,180,27739,0.13,0,1,374791,374611,180
17513241,24,23.5005,172,27739,0.13,0,1,374815,374643,172
17516161,24,24.5629,164,27739,0.13,0,1,374839,374675,164
17519081,24,24.4926,164,27739,0.13,0,1,374863,374699,164
17522001,24,24.431,164,27739,0.13,0,1,374887,374723,164
17524921,24,24.3771,164,27739,0.13,0,1,374911,374747,164
17527841,24,24.33,164,27739,0.13,0,1,374935,374771,164
17530761,24,24.2887,164,27739,0.13,0,1,374959,374795,164
17533681,24,24.2526,164,27739,0.13,0,1,374983,374819,164
17536601,24,24.2211,164,27739,0.13,0,1,375007,374843,164
17539521,24,24.1934,164,27739,0.13,0,1,375031,374867,164
17542441,24,24.1692,164,27739,0.13,0,1,375055,374891,164
17545361,24,24.1481,164,27739,0.13,0,1,375079,374915,164
17548281,24,24.1296,164,27739,0.13,0,1,375103,374939,164
17551201,24,24.1134,164,27739,0.13,0,1,375127,374963,164
17554121,24,24.0992,164,27739,0.13,0,1,375151,374987,164
17557041,24,24.0868,164,27739,0.13,0,1,375175,375011,164
17559961,24,24.076,164,27739,0.13,0,1,375199,375035,164
17562881,24,24.0665,164,27739,0.13,0,1,375223,375059,164
17565801,24,24.0582,164,27739,0.13,0,1,375247,375083,164
17568721,24,24.0509,164,30659,0.15,0,1,375271,375107,164
17571641,24,24.0445,164,30659,0.15,0,1,375295,375131,164
17574561,24,24.039,164,30659,0.17,0,1,375319,375155,164
17577481,24,24.0341,164,30659,0.19,0,1,375343,375179,164
17580401,24,24.0298,164,27739,0.19,0,1,375367,375203,164
17583321,24,24.0261,164,27739,0.17,0,1,375391,375227,164
17586241,24,24.0228,164,27739,0.17,0,1,375415,375251,164
17589161,24,23.27,170,27739,0.15,0,1,375439,375269,170
17592081,24,22.6112,176,27739,0.15,0,1,375463,375287,176
17595001,24,22.0348,182,27739,0.15,0,1,375487,375305,182
17597921,24,21.5305,188,27739,0.15,0,1,375511,375323,188
17600841,24,21.0892,194,27739,0.15,0,1,375535,375341,194
17603761,24,21.578,193,27739,0.15,0,1,375559,375366,193
17606681,24,22.8808,185,27739,0.15,0,1,375583,375398,185
17609601,24,24.0207,177,27739,0.15,0,1,375607,375430,177
17612521,24,24.5181,173,27739,0.15,0,1,375631,375458,173
17615441,24,24.4533,173,27739,0.15,0,1,375655,375482,173
17618361,24,24.3967,173,27739,0.15,0,1,375679,375506,173
17621281,24,24.3471,173,27739,0.15,0,1,375703,375530,173
17624201,24,24.3037,173,27739,0.15,0,1,375727,375554,173
17627121,24,24.2657,173,27739,0.15,0,1,375751,375578,173
17630041,24,24.2325,173,27739,0.15,0,1,375775,375602,173
17632961,24,24.2035,173,27739,0.15,0,1,375799,375626,173
17635881,24,24.178,173,27739,0.15,0,1,375823,375650,173
17638801,24,24.1558,173,27739,0.15,0,1,375847,375674,173
17641721,24,24.1363,173,27739,0.15,0,1,375871,375698,173
17644641,24,24.1193,173,27739,0.15,0,1,375895,375722,173
17647561,24,24.1044,173,27739,0.15,0,1,375919,375746,173
17650481,24,24.0913,173,27739,0.15,0,1,375943,375770,173
17653401,24,24.0799,173,27739,0.15,0,1,375967,375794,173
17656321,24,24.0699,173,27739,0.15,0,1,375991,375818,173
17659241,24,24.0612,173,27739,0.15,0,1,376015,375842,173
17662161,24,24.0535,173,30659,0.15,0,1,376039,375866,173
17665081,24,24.0468,173,30659,0.17,0,1,376063,375890,173
17668001,24,24.041,173,30659,0.19,0,1,376087,375914,173
17670921,24,24.0359,173,30659,0.19,0,1,376111,375938,173
17673841,24,24.0314,173,27739,0.19,0,1,376135,375962,173
17676761,24,24.0275,173,27739,0.19,0,1,376159,375986,173
17679681,24,24.024,173,27739,0.17,0,1,376183,376010,173
17682601,24,23.646,176,27739,0.17,0,1,376207,376031,176
17685521,24,22.9403,182,27739,0.17,0,1,376231,376049,182
17688441,24,22.3227,188,27739,0.17,0,1,376255,376067,188
17691361,24,21.7824,194,27739,0.17,0,1,376279,376085,194
17694281,24,21.3096,200,27739,0.17,0,1,376303,376103,200
17697201,24,21.7709,199,27739,0.17,0,1,376327,376128,199
17700121,24,23.0495,191,27739,0.17,0,1,376351,376160,191
17703041,24,24.1683,183,27739,0.17,0,1,376375,376192,183
17705961,24,24.6473,179,27739,0.17,0,1,376399,376220,179
17708881,24,24.5664,179,27739,0.17,0,1,376423,376244,179
17711801,24,24.4956,179,27739,0.17,0,1,376447,376268,179
17714721,24,24.4336,179,27739,0.17,0,1,376471,376292,179
17717641,24,24.3794,179,27739,0.17,0,1,376495,376316,179
17720561,24,24.332,179,27739,0.17,0,1,376519,376340,179
17723481,24,24.2905,179,27739,0.17,0,1,376543,376364,179
17726401,24,24.2542,179,27739,0.17,0,1,376567,376388,179
17729321,24,24.2224,179,27739,0.17,0,1,376591,376412,179
17732241,24,24.1946,179,27739,0.17,0,1,376615,376436,179
17735161,24,24.1703,179,27739,0.17,0,1,376639,376460,179
17738081,24,24.149,179,27739,0.17,0,1,376663,376484,179
17741001,24,24.1304,179,27739,0.17,0,1,376687,376508,179
17743921,24,24.1141,179,27739,0.17,0,1,376711,376532,179
17746841,24,24.0998,179,27739,0.17,0,1,376735,376556,179
17749761,24,24.0873,179,27739,0.17,0,1,376759,376580,179
17752681,24,24.0764,179,27739,0.17,0,1,376783,376604,179
17755601,24,24.0669,179,30659,0.17,0,1,376807,376628,179
17758521,24,24.0585,179,30659,0.19,0,1,376831,376652,179
17761441,24,24.0512,179,30659,0.19,0,1,376855,376676,179
17764361,24,24.0448,179,30659,0.21,0,1,376879,376700,179
17767281,24,24.0392,179,27739,0.21,0,1,376903,376724,179
17770201,24,24.0343,179,27739,0.21,0,1,376927,376748,179
17773121,24,24.03,179,27739,0.19,0,1,376951,376772,179
17776041,24,23.6513,182,27739,0.19,0,1,376975,376793,182
17778961,24,22.9449,188,27739,0.17,0,1,376999,376811,188
17781881,24,22.3267,194,27739,0.17,0,1,377023,376829,194
17784801,24,21.7859,200,27739,0.17,0,1,377047,376847,200
17787721,24,21.3127,206,27739,0.17,0,1,377071,376865,206
17790641,24,20.8986,212,27739,0.17,0,1,377095,376883,212
17793561,24,22.2863,204,27739,0.17,0,1,377119,376915,204
17796481,24,23.5005,196,27739,0.17,0,1,377143,376947,196
17799401,24,24.5629,188,27739,0.17,0,1,377167,376979,188
17802321,24,24.4926,188,27739,0.17,0,1,377191,377003,188
17805241,24,24.431,188,27739,0.17,0,1,377215,377027,188
17808161,24,24.3771,188,27739,0.17,0,1,377239,377051,188
17811081,24,24.33,188,27739,0.17,0,1,377263,377075,188
17814001,24,24.2887,188,27739,0.17,0,1,377287,377099,188
17816921,24,24.2526,188,27739,0.17,0,1,377311,377123,188
17819841,24,24.2211,188,27739,0.17,0,1,377335,377147,188
17822761,24,24.1934,188,27739,0.17,0,1,377359,377171,188
17825681,24,24.1692,188,27739,0.17,0,1,377383,377195,188
17828601,24,24.1481,188,27739,0.17,0,1,377407,377219,188
17831521,24,24.1296,188,27739,0.17,0,1,377431,377243,188
17834441,24,24.1134,188,27739,0.17,0,1,377455,377267,188
17837361,24,24.0992,188,27739,0.17,0,1,377479,377291,188
17840281,24,24.0868,188,27739,0.17,0,1,377503,377315,188
17843201,24,24.076,188,27739,0.17,0,1,377527,377339,188
17846121,24,24.0665,188,27739,0.17,0,1,377551,377363,188
17849041,24,24.0582,188,30659,0.19,0,1,377575,377387,188
17851961,24,24.0509,188,30659,0.19,0,1,377599,377411,188
17854881,24,24.0445,188,30659,0.21,0,1,377623,377435,188
17857801,24,24.039,188,30659,0.23,0,1,377647,377459,188
17860721,24,24.0341,188,27739,0.23,0,1,377671,377483,188
17863641,24,24.0298,188,27739,0.21,0,1,377695,377507,188
17866561,24,24.0261,188,27739,0.21,0,1,377719,377531,188
17869481,24,24.0228,188,27739,0.19,0,1,377743,377555,188
17872401,24,23.27,194,27739,0.19,0,1,377767,377573,194
17875321,24,22.6112,200,27739,0.19,0,1,377791,377591,200
17878241,24,22.0348,206,27739,0.19,0,1,377815,377609,206
17881161,24,21.5305,212,27739,0.19,0,1,377839,377627,212
17884081,24,21.0892,218,27739,0.19,0,1,377863,377645,218
17887001,24,21.703,216,27739,0.19,0,1,377887,377671,216
17889921,24,22.9901,208,27739,0.19,0,1,377911,377703,208
17892841,24,24.1164,200,27739,0.19,0,1,377935,377735,200
17895761,24,24.6018,196,27739,0.19,0,1,377959,377763,196
17898681,24,24.5266,196,27739,0.19,0,1,377983,377787,196
17901601,24,24.4608,196,27739,0.19,0,1,378007,377811,196
17904521,24,24.4032,196,27739,0.19,0,1,378031,377835,196
17907441,24,24.3528,196,27739,0.19,0,1,378055,377859,196
17910361,24,24.3087,196,27739,0.19,0,1,378079,377883,196
17913281,24,24.2701,196,27739,0.19,0,1,378103,377907,196
17916201,24,24.2363,196,27739,0.19,0,1,378127,377931,196
17919121,24,24.2068,196,27739,0.19,0,1,378151,377955,196
17922041,24,24.1809,196,27739,0.19,0,1,378175,377979,196
17924961,24,24.1583,196,27739,0.19,0,1,378199,378003,196
17927881,24,24.1385,196,27739,0.19,0,1,378223,378027,196
17930801,24,24.1212,196,27739,0.19,0,1,378247,378051,196
17933721,24,24.1061,196,27739,0.19,0,1,378271,378075,196
17936641,24,24.0928,196,27739,0.19,0,1,378295,378099,196
17939561,24,24.0812,196,27739,0.19,0,1,378319,378123,196
17942481,24,24.0711,196,30659,0.19,0,1,378343,378147,196
17945401,24,24.0622,196,30659,0.21,0,1,378367,378171,196
17948321,24,24.0544,196,30659,0.21,0,1,378391,378195,196
17951241,24,24.0476,196,30659,0.23,0,1,378415,378219,196
17954161,24,24.0417,196,27739,0.23,0,1,378439,378243,196
17957081,24,24.0364,196,27739,0.21,0,1,378463,378267,196
17960001,24,24.0319,196,27739,0.21,0,1,378487,378291,196
17962921,24,24.0279,196,27739,0.19,0,1,378511,378315,196
17965841,24,23.6494,199,27739,0.19,0,1,378535,378336,199
17968761,24,22.9432,205,27739,0.19,0,1,378559,378354,205
17971681,24,22.3253,211,27739,0.19,0,1,378583,378372,211
17974601,24,21.7847,217,27739,0.19,0,1,378607,378390,217
17977521,24,21.3116,223,27739,0.19,0,1,378631,378408,223
17980441,24,22.5226,216,27739,0.19,0,1,378655,378439,216
17983361,24,23.7073,208,27739,0.19,0,1,378679,378471,208
17986281,24,24.7439,200,27739,0.19,0,1,378703,378503,200
17989201,24,25.1509,196,27739,0.19,0,1,378727,378531,196
17992121,24,25.007,196,27739,0.19,0,1,378751,378555,196
17995041,24,24.8812,196,27739,0.19,0,1,378775,378579,196
17997961,24,24.771,196,27739,0.19,0,1,378799,378603,196
18000881,24,24.6746,196,27739,0.19,0,1,378823,378627,196
18003801,24,24.5903,196,27739,0.19,0,1,378847,378651,196
18006721,24,24.5165,196,27739,0.19,0,1,378871,378675,196
18009641,24,24.452,196,27739,0.19,0,1,378895,378699,196
18012561,24,24.3955,196,27739,0.19,0,1,378919,378723,196
18015481,24,24.346,196,27739,0.19,0,1,378943,378747,196
18018401,24,24.3028,196,27739,0.19,0,1,378967,378771,196
18021321,24,24.2649,196,27739,0.18,0,1,378991,378795,196
18024241,24,24.2318,196,27739,0.14,0,1,379015,378819,196
18027161,24,24.2028,196,27739,0.1,0,1,379039,378843,196
18030081,24,24.1775,196,27739,0.06,0,1,379063,378867,196
18033001,24,24.1553,196,27739,0.02,0,1,379087,378891,196
18035921,24,24.1359,196,30659,0,0,1,379111,378915,196
18038841,24,24.1189,196,30659,0,0,1,379135,378939,196
18040881,23.125,24.104,189,30659,0,0,1,379152,378963,189
18043801,91.4844,105.466,84,30659,0.01,0,1,379722,379638,84
18046721,83.0488,95.2828,84,30659,0.01,0,1,379746,379662,84
18049641,75.6677,86.3724,84,30659,0.01,0,1,379770,379686,84
18052561,69.2093,78.5759,84,30659,0.03,0,1,379794,379710,84
18055481,63.5581,71.7539,84,30659,0.05,0,1,379818,379734,84
18058401,58.6133,65.0347,90,30659,0.05,0,1,379842,379752,90
18061321,54.2867,59.1553,96,30659,0.07,0,1,379866,379770,96
18064241,50.5008,54.0109,102,30659,0.09,0,1,379890,379788,102
18067161,47.1882,49.5095,108,30659,0.09,0,1,379914,379806,108
18070081,44.2897,45.5709,114,30659,0.11,0,1,379938,379824,114
18073001,41.7535,42.1245,120,30659,0.13,0,1,379962,379842,120
18075921,39.5343,39.1089,126,27739,0.13,0,1,379986,379860,126
18078841,37.5925,36.4703,132,27739,0.12,0,1,380010,379878,132
18081761,35.8935,34.1615,138,27739,0.11,0,1,380034,379896,138
18084681,34.4068,32.1413,144,27739,0.1,0,1,380058,379914,144
18087601,33.1059,30.3737,150,27739,0.09,0,1,380082,379932,150
18090521,31.9677,28.827,156,27739,0.09,0,1,380106,379950,156
18093441,30.9717,27.4736,162,27739,0.09,0,1,380130,379968,162
18096361,30.1003,28.0394,154,27739,0.09,0,1,380154,380000,154
18099281,29.3377,28.5345,146,27739,0.09,0,1,380178,380032,146
18102201,28.6705,28.9677,138,27739,0.09,0,1,380202,380064,138
18105121,28.0867,28.3467,138,27739,0.09,0,1,380226,380088,138
18108041,27.5759,27.8034,138,27739,0.09,0,1,380250,380112,138
18110961,27.1289,27.3279,138,27739,0.09,0,1,380274,380136,138
18113881,26.7378,26.912,138,27739,0.09,0,1,380298,380160,138
18116801,26.3955,26.548,138,27739,0.09,0,1,380322,380184,138
18119721,26.0961,26.2295,138,27739,0.09,0,1,380346,380208,138
18122641,25.8341,25.9508,138,27739,0.09,0,1,380370,380232,138
18125561,25.6048,25.7069,138,27739,0.09,0,1,380394,380256,138
18128481,25.4042,25.4936,138,27739,0.09,0,1,380418,380280,138
18131401,25.2287,25.3069,138,27739,0.09,0,1,380442,380304,138
18134321,25.0751,25.1435,138,27739,0.09,0,1,380466,380328,138
18137241,24.9407,25.0006,138,27739,0.09,0,1,380490,380352,138
18140161,24.8231,24.8755,138,27739,0.09,0,1,380514,380376,138
18143081,24.7202,24.7661,138,27739,0.09,0,1,380538,380400,138
18146001,24.6302,24.6703,138,27739,0.09,0,1,380562,380424,138
18148921,24.5514,24.5865,138,27739,0.09,0,1,380586,380448,138
18151841,24.4825,24.5132,138,27739,0.09,0,1,380610,380472,138
18154761,24.4222,24.4491,138,27739,0.09,0,1,380634,380496,138
18157681,24.3694,24.3929,138,30659,0.09,0,1,380658,380520,138
18160601,24.3232,24.3438,138,30659,0.11,0,1,380682,380544,138
18163521,24.2828,24.3008,138,30659,0.13,0,1,380706,380568,138
18166441,24.2475,24.2632,138,30659,0.13,0,1,380730,380592,138
18169361,24.2165,24.2303,138,27739,0.13,0,1,380754,380616,138
18172281,24.1895,24.2015,138,27739,0.1,0,1,380778,380640,138
18175201,24.1658,23.4263,144,27739,0.06,0,1,380802,380658,144
18178121,24.1451,22.748,150,27739,0.02,0,1,380826,380676,150
18181041,24.1269,22.1545,156,27739,0,0,1,380850,380694,156
18183961,24.1111,21.6352,162,27739,0,0,1,380874,380712,162
18186481,23.5972,21.1808,164,27739,0,0,1,380894,380730,164
18189401,1086.27,1094.16,84,27739,0.01,0,1,389419,389335,84
18192321,953.488,960.388,84,30659,0.01,0,1,389443,389359,84
18195241,837.302,843.34,84,33579,0.01,0,1,389467,389383,84
18198161,735.64,740.922,84,36499,0.01,0,1,389491,389407,84
18201081,646.685,651.307,84,36013,0.01,0,1,389515,389431,84
18204001,568.849,572.894,84,34796,0.01,0,1,389539,389455,84
18206921,500.743,504.282,84,33823,0.01,0,1,389563,389479,84
18209841,441.15,444.247,84,32849,0.01,0,1,389587,389503,84
18212761,389.006,391.716,84,32119,0.01,0,1,389611,389527,84
18215681,343.381,345.751,84,31389,0.01,0,1,389635,389551,84
18218601,303.458,305.532,84,30903,0.01,0,1,389659,389575,84
18221521,268.526,270.341,84,30416,0.01,0,1,389683,389599,84
18224441,237.96,239.548,84,29929,0.01,0,1,389707,389623,84
18227361,211.215,212.605,84,29443,0.01,0,1,389731,389647,84
18230281,187.813,189.029,84,29199,0.01,0,1,389755,389671,84
18233201,167.336,168.401,84,28956,0.01,0,1,389779,389695,84
18236121,149.419,150.35,84,28713,0.01,0,1,389803,389719,84
18239041,133.742,134.557,84,28469,0.01,0,1,389827,389743,84
18241961,120.024,120.737,84,28226,0.01,0,1,389851,389767,84
18244881,108.021,108.645,84,30903,0.01,0,1,389875,389791,84
18247801,97.5186,98.0643,84,30659,0.01,0,1,389899,389815,84
18250721,88.3287,88.8063,84,30659,0.03,0,1,389923,389839,84
18253641,80.2877,80.7055,84,30659,0.05,0,1,389947,389863,84
18256561,73.2517,72.8673,90,30659,0.05,0,1,389971,389881,90
18259481,67.0952,66.0089,96,30659,0.07,0,1,389995,389899,96
18262401,61.7083,60.0078,102,30659,0.09,0,1,390019,389917,102
18265321,56.9948,54.7568,108,30659,0.09,0,1,390043,389935,108
18268241,52.8704,50.1622,114,30659,0.11,0,1,390067,389953,114
18271161,49.2616,46.1419,120,30659,0.13,0,1,390091,389971,120
18274081,46.1039,42.6242,126,27739,0.13,0,1,390115,389989,126
18277001,43.3409,39.5462,132,27739,0.12,0,1,390139,390007,132
18279921,40.9233,36.8529,138,27739,0.11,0,1,390163,390025,138
18282841,38.8079,34.4963,144,27739,0.1,0,1,390187,390043,144
18285761,36.9569,32.4342,150,27739,0.09,0,1,390211,390061,150
18288681,35.3373,30.63,156,27739,0.09,0,1,390235,390079,156
18291601,33.9201,29.0512,162,27739,0.09,0,1,390259,390097,162
18294521,32.6801,29.4198,154,27739,0.09,0,1,390283,390129,154
18297441,31.5951,29.7423,146,27739,0.09,0,1,390307,390161,146
18300361,30.6457,30.0245,138,27739,0.09,0,1,390331,390193,138
18303281,29.815,29.2715,138,27739,0.09,0,1,390355,390217,138
18306201,29.0881,28.6125,138,27739,0.09,0,1,390379,390241,138
18309121,28.4521,28.036,138,27739,0.09,0,1,390403,390265,138
18312041,27.8956,27.5315,138,27739,0.09,0,1,390427,390289,138
18314961,27.4086,27.09,138,27739,0.09,0,1,390451,390313,138
18317881,26.9826,26.7038,138,27739,0.09,0,1,390475,390337,138
18320801,26.6097,26.3658,138,27739,0.09,0,1,390499,390361,138
18323721,26.2835,26.0701,138,27739,0.09,0,1,390523,390385,138
18326641,25.9981,25.8113,138,27739,0.09,0,1,390547,390409,138
18329561,25.7483,25.5849,138,27739,0.09,0,1,390571,390433,138
18332481,25.5298,25.3868,138,27739,0.09,0,1,390595,390457,138
18335401,25.3386,25.2134,138,27739,0.09,0,1,390619,390481,138
18338321,25.1712,25.0618,138,27739,0.09,0,1,390643,390505,138
18341241,25.0248,24.929,138,27739,0.09,0,1,390667,390529,138
18344161,24.8967,24.8129,138,27739,0.09,0,1,390691,390553,138
18347081,24.7846,24.7113,138,27739,0.09,0,1,390715,390577,138
18350001,24.6866,24.6224,138,27739,0.09,0,1,390739,390601,138
18352921,24.6007,24.5446,138,27739,0.09,0,1,390763,390625,138
18355841,24.5256,24.4765,138,30659,0.09,0,1,390787,390649,138
18358761,24.4599,24.417,138,30659,0.11,0,1,390811,390673,138
18361681,24.4024,24.3648,138,30659,0.13,0,1,390835,390697,138
18364601,24.3521,24.3192,138,30659,0.13,0,1,390859,390721,138
18367521,24.3081,24.2793,138,27739,0.13,0,1,390883,390745,138
18370441,24.2696,24.2444,138,27739,0.13,0,1,390907,390769,138
18373361,24.2359,23.4639,144,27739,0.11,0,1,390931,390787,144
18376281,24.2064,22.7809,150,27739,0.11,0,1,390955,390805,150
18379201,24.1806,22.1833,156,27739,0.09,0,1,390979,390823,156
18382121,24.158,21.6604,162,27739,0.09,0,1,391003,390841,162
18385041,24.1383,21.2028,168,27739,0.09,0,1,391027,390859,168
18387961,24.121,22.5525,160,27739,0.09,0,1,391051,390891,160
18390881,24.1059,23.7334,152,27739,0.09,0,1,391075,390923,152
18393801,24.0926,24.7667,144,27739,0.09,0,1,391099,390955,144
18396721,24.0811,25.1709,140,27739,0.09,0,1,391123,390983,140
18399641,24.0709,25.0245,140,27739,0.09,0,1,391147,391007,140
18402561,24.0621,24.8965,140,27739,0.09,0,1,391171,391031,140
18405481,24.0543,24.7844,140,27739,0.09,0,1,391195,391055,140
18408401,24.0475,24.6864,140,27739,0.09,0,1,391219,391079,140
18411321,24.0416,24.6006,140,27739,0.09,0,1,391243,391103,140
18414241,24.0364,24.5255,140,27739,0.09,0,1,391267,391127,140
18417161,24.0318,24.4598,140,27739,0.09,0,1,391291,391151,140
18420081,24.0279,24.4023,140,27739,0.09,0,1,391315,391175,140
18423001,24.0244,24.352,140,27739,0.09,0,1,391339,391199,140
18425921,24.0213,24.308,140,27739,0.09,0,1,391363,391223,140
18428841,24.0187,24.2695,140,27739,0.09,0,1,391387,391247,140
18431761,24.0163,24.2358,140,27739,0.09,0,1,391411,391271,140
18434681,24.0143,24.2064,140,27739,0.09,0,1,391435,391295,140
18437601,24.0125,24.1806,140,27739,0.09,0,1,391459,391319,140
18440521,24.0109,24.158,140,27739,0.09,0,1,391483,391343,140
18443441,24.0096,24.1382,140,27739,0.09,0,1,391507,391367,140
18446361,24.0084,24.121,140,27739,0.09,0,1,391531,391391,140
18449281,24.0073,24.1058,140,30659,0.11,0,1,391555,391415,140
18452201,24.0064,24.0926,140,30659,0.11,0,1,391579,391439,140
18455121,24.0056,24.081,140,30659,0.13,0,1,391603,391463,140
18458041,24.0049,24.0709,140,30659,0.15,0,1,391627,391487,140
18460961,24.0043,24.062,140,27739,0.15,0,1,391651,391511,140
18463881,24.0038,24.0543,140,27739,0.13,0,1,391675,391535,140
18466801,24.0033,23.2975,146,27739,0.13,0,1,391699,391553,146
18469721,24.0029,22.6353,152,27739,0.11,0,1,391723,391571,152
18472641,24.0025,22.0559,158,27739,0.11,0,1,391747,391589,158
18475561,24.0022,21.5489,164,27739,0.11,0,1,391771,391607,164
18478481,24.0019,21.1053,170,27739,0.11,0,1,391795,391625,170
18481401,24.0017,21.5921,169,27739,0.11,0,1,391819,391650,169
18484321,24.0015,22.8931,161,27739,0.11,0,1,391843,391682,161
18487241,24.0013,24.0315,153,27739,0.11,0,1,391867,391714,153
18490161,24.0011,24.5275,149,27739,0.11,0,1,391891,391742,149
18493081,24.001,24.4616,149,27739,0.11,0,1,391915,391766,149
18496001,24.0009,24.4039,149,27739,0.11,0,1,391939,391790,149
18498921,24.0008,24.3534,149,27739,0.11,0,1,391963,391814,149
18501841,24.0007,24.3092,149,27739,0.11,0,1,391987,391838,149
18504761,24.0006,24.2706,149,27739,0.11,0,1,392011,391862,149
18507681,24.0005,24.2368,149,27739,0.11,0,1,392035,391886,149
18510601,24.0004,24.2072,149,27739,0.11,0,1,392059,391910,149
18513521,24.0004,24.1813,149,27739,0.11,0,1,392083,391934,149
18516441,24.0003,24.1586,149,27739,0.11,0,1,392107,391958,149
18519361,24.0003,24.1388,149,27739,0.11,0,1,392131,391982,149
18522281,24.0003,24.1214,149,27739,0.11,0,1,392155,392006,149
18525201,24.0002,24.1063,149,27739,0.11,0,1,392179,392030,149
18528121,24.0002,24.093,149,27739,0.11,0,1,392203,392054,149
18531041,24.0002,24.0814,149,27739,0.11,0,1,392227,392078,149
18533961,24.0002,24.0712,149,27739,0.11,0,1,392251,392102,149
18536881,24.0001,24.0623,149,27739,0.11,0,1,392275,392126,149
18539801,24.0001,24.0545,149,27739,0.11,0,1,392299,392150,149
18542721,24.0001,24.0477,149,30659,0.11,0,1,392323,392174,149
18545641,24.0001,24.0417,149,30659,0.13,0,1,392347,392198,149
18548561,24.0001,24.0365,149,30659,0.15,0,1,392371,392222,149
18551481,24.0001,24.0319,149,30659,0.15,0,1,392395,392246,149
18554401,24.0001,24.028,149,27739,0.15,0,1,392419,392270,149
18557321,24.0001,24.0245,149,27739,0.15,0,1,392443,392294,149
18560241,24,23.6464,152,27739,0.13,0,1,392467,392315,152
18563161,24,22.9406,158,27739,0.13,0,1,392491,392333,158
18566081,24,22.323,164,27739,0.13,0,1,392515,392351,164
18569001,24,21.7826,170,27739,0.13,0,1,392539,392369,170
18571921,24,21.3098,176,27739,0.13,0,1,392563,392387,176
18574841,24,21.7711,175,27739,0.13,0,1,392587,392412,175
18577761,24,23.0497,167,27739,0.13,0,1,392611,392444,167
18580681,24,24.1685,159,27739,0.13,0,1,392635,392476,159
18583601,24,24.6474,155,27739,0.13,0,1,392659,392504,155
18586521,24,24.5665,155,27739,0.13,0,1,392683,392528,155
18589441,24,24.4957,155,27739,0.13,0,1,392707,392552,155
18592361,24,24.4337,155,27739,0.13,0,1,392731,392576,155
18595281,24,24.3795,155,27739,0.13,0,1,392755,392600,155
18598201,24,24.3321,155,27739,0.13,0,1,392779,392624,155
18601121,24,24.2906,155,27739,0.13,0,1,392803,392648,155
18604041,24,24.2542,155,27739,0.13,0,1,392827,392672,155
18606961,24,24.2225,155,27739,0.13,0,1,392851,392696,155
18609881,24,24.1947,155,27739,0.13,0,1,392875,392720,155
18612801,24,24.1703,155,27739,0.13,0,1,392899,392744,155
18615721,24,24.149,155,27739,0.13,0,1,392923,392768,155
18618641,24,24.1304,155,27739,0.13,0,1,392947,392792,155
18621561,24,24.1141,155,27739,0.13,0,1,392971,392816,155
18624481,24,24.0998,155,27739,0.13,0,1,392995,392840,155
18627401,24,24.0874,155,27739,0.13,0,1,393019,392864,155
18630321,24,24.0764,155,27739,0.13,0,1,393043,392888,155
18633241,24,24.0669,155,27739,0.13,0,1,393067,392912,155
18636161,24,24.0585,155,30659,0.13,0,1,393091,392936,155
18639081,24,24.0512,155,30659,0.15,0,1,393115,392960,155
18642001,24,24.0448,155,30659,0.15,0,1,393139,392984,155
18644921,24,24.0392,155,30659,0.17,0,1,393163,393008,155
18647841,24,24.0343,155,27739,0.17,0,1,393187,393032,155
18650761,24,24.03,155,27739,0.17,0,1,393211,393056,155
18653681,24,23.6513,158,27739,0.15,0,1,393235,393077,158
18656601,24,22.9449,164,27739,0.15,0,1,393259,393095,164
18659521,24,22.3268,170,27739,0.13,0,1,393283,393113,170
18662441,24,21.7859,176,27739,0.13,0,1,393307,393131,176
18665361,24,21.3127,182,27739,0.13,0,1,393331,393149,182
18668281,24,20.8986,188,27739,0.13,0,1,393355,393167,188
18671201,24,22.2863,180,27739,0.13,0,1,393379,393199,180
18674121,24,23.5005,172,27739,0.13,0,1,393403,393231,172
18677041,24,24.5629,164,27739,0.13,0,1,393427,393263,164
18679961,24,24.4926,164,27739,0.13,0,1,393451,393287,164
18682881,24,24.431,164,27739,0.13,0,1,393475,393311,164
18685801,24,24.3771,164,27739,0.13,0,1,393499,393335,164
18688721,24,24.33,164,27739,0.13,0,1,393523,393359,164
18691641,24,24.2887,164,27739,0.13,0,1,393547,393383,164
18694561,24,24.2526,164,27739,0.13,0,1,393571,393407,164
18697481,24,24.2211,164,27739,0.13,0,1,393595,393431,164
18700401,24,24.1934,164,27739,0.13,0,1,393619,393455,164
18703321,24,24.1692,164,27739,0.13,0,1,393643,393479,164
18706241,24,24.1481,164,27739,0.13,0,1,393667,393503,164
18709161,24,24.1296,164,27739,0.13,0,1,393691,393527,164
18712081,24,24.1134,164,27739,0.13,0,1,393715,393551,164
18715001,24,24.0992,164,27739,0.13,0,1,393739,393575,164
18717921,24,24.0868,164,27739,0.13,0,1,393763,393599,164
18720841,24,24.076,164,27739,0.13,0,1,393787,393623,164
18723761,24,24.0665,164,27739,0.13,0,1,393811,393647,164
18726681,24,24.0582,164,27739,0.13,0,1,393835,393671,164
18729601,24,24.0509,164,30659,0.15,0,1,393859,393695,164
18732521,24,24.0445,164,30659,0.15,0,1,393883,393719,164
18735441,24,24.039,164,30659,0.17,0,1,393907,393743,164
18738361,24,24.0341,164,30659,0.19,0,1,393931,393767,164
18741281,24,24.0298,164,27739,0.19,0,1,393955,393791,164
18744201,24,24.0261,164,27739,0.17,0,1,393979,393815,164
18747121,24,24.0228,164,27739,0.17,0,1,394003,393839,164
18750041,24,23.27,170,27739,0.15,0,1,394027,393857,170
18752961,24,22.6112,176,27739,0.15,0,1,394051,393875,176
18755881,24,22.0348,182,27739,0.15,0,1,394075,393893,182
18758801,24,21.5305,188,27739,0.15,0,1,394099,393911,188
18761721,24,21.0892,194,27739,0.15,0,1,394123,393929,194
18764641,24,21.578,193,27739,0.15,0,1,394147,393954,193
18767561,24,22.8808,185,27739,0.15,0,1,394171,393986,185
18770481,24,24.0207,177,27739,0.15,0,1,394195,394018,177
18773401,24,24.5181,173,27739,0.15,0,1,394219,394046,173
18776321,24,24.4533,173,27739,0.15,0,1,394243,394070,173
18779241,24,24.3967,173,27739,0.15,0,1,394267,394094,173
18782161,24,24.3471,173,27739,0.15,0,1,394291,394118,173
18785081,24,24.3037,173,27739,0.15,0,1,394315,394142,173
18788001,24,24.2657,173,27739,0.15,0,1,394339,394166,173
18790921,24,24.2325,173,27739,0.14,0,1,394363,394190,173
18793841,24,24.2035,173,27739,0.1,0,1,394387,394214,173
18796761,24,24.178,173,27739,0.06,0,1,394411,394238,173
18799681,24,24.1558,173,27739,0.02,0,1,394435,394262,173
18802601,24,24.1363,173,27739,0,0,1,394459,394286,173
18805521,24,24.1193,173,27739,0,0,1,394483,394310,173
18807361,22.875,24.1044,164,27739,0,0,1,394498,394334,164
18810281,550.141,561.216,84,27739,0.01,0,1,398739,398655,84
18813201,484.373,494.064,84,30659,0.01,0,1,398763,398679,84
18816121,426.826,435.306,84,30659,0.01,0,1,398787,398703,84
18819041,376.473,383.893,84,30659,0.03,0,1,398811,398727,84
18821961,332.414,338.906,84,30659,0.05,0,1,398835,398751,84
18824881,293.862,298.793,90,30659,0.05,0,1,398859,398769,90
18827801,260.129,263.694,96,30659,0.07,0,1,398883,398787,96
18830721,230.613,232.982,102,30659,0.09,0,1,398907,398805,102
18833641,204.787,206.109,108,30659,0.09,0,1,398931,398823,108
18836561,182.188,182.596,114,30659,0.11,0,1,398955,398841,114
18839481,162.415,162.021,120,30659,0.13,0,1,398979,398859,120
18842401,145.113,144.019,126,27739,0.13,0,1,399003,398877,126
18845321,129.974,128.266,132,27739,0.12,0,1,399027,398895,132
18848241,116.727,114.483,138,27739,0.11,0,1,399051,398913,138
18851161,105.136,102.423,144,27739,0.1,0,1,399075,398931,144
18854081,94.9942,91.8698,150,27739,0.09,0,1,399099,398949,150
18857001,86.1199,82.6361,156,27739,0.09,0,1,399123,398967,156
18859921,78.3549,74.5566,162,27739,0.09,0,1,399147,398985,162
18862841,71.5605,69.237,154,27739,0.09,0,1,399171,399017,154
18865761,65.6155,64.5824,146,27739,0.09,0,1,399195,399049,146
18868681,60.4135,60.5096,138,27739,0.09,0,1,399219,399081,138
18871601,55.8618,55.9459,138,27739,0.09,0,1,399243,399105,138
18874521,51.8791,51.9526,138,27739,0.09,0,1,399267,399129,138
18877441,48.3942,48.4586,138,27739,0.09,0,1,399291,399153,138
18880361,45.3449,45.4012,138,27739,0.09,0,1,399315,399177,138
18883281,42.6768,42.7261,138,27739,0.09,0,1,399339,399201,138
18886201,40.3422,40.3853,138,27739,0.09,0,1,399363,399225,138
18889121,38.2994,38.3372,138,27739,0.09,0,1,399387,399249,138
18892041,36.512,36.545,138,27739,0.09,0,1,399411,399273,138
18894961,34.948,34.9769,138,27739,0.09,0,1,399435,399297,138
18897881,33.5795,33.6048,138,27739,0.09,0,1,399459,399321,138
18900801,32.3821,32.4042,138,27739,0.09,0,1,399483,399345,138
18903721,31.3343,31.3537,138,27739,0.09,0,1,399507,399369,138
18906641,30.4175,30.4344,138,27739,0.09,0,1,399531,399393,138
18909561,29.6153,29.6301,138,27739,0.09,0,1,399555,399417,138
18912481,28.9134,28.9264,138,27739,0.09,0,1,399579,399441,138
18915401,28.2992,28.3106,138,27739,0.09,0,1,399603,399465,138
18918321,27.7618,27.7718,138,27739,0.09,0,1,399627,399489,138
18921241,27.2916,27.3003,138,27739,0.09,0,1,399651,399513,138
18924161,26.8802,26.8878,138,30659,0.09,0,1,399675,399537,138
18927081,26.5201,26.5268,138,30659,0.11,0,1,399699,399561,138
18930001,26.2051,26.2109,138,30659,0.13,0,1,399723,399585,138
18932921,25.9295,25.9346,138,30659,0.13,0,1,399747,399609,138
18935841,25.6883,25.6927,138,27739,0.13,0,1,399771,399633,138
18938761,25.4773,25.4812,138,27739,0.13,0,1,399795,399657,138
18941681,25.2926,24.546,144,27739,0.11,0,1,399819,399675,144
18944601,25.131,23.7278,150,27739,0.11,0,1,399843,399693,150
18947521,24.9896,23.0118,156,27739,0.09,0,1,399867,399711,156
18950441,24.8659,22.3853,162,27739,0.09,0,1,399891,399729,162
18953361,24.7577,21.8372,168,27739,0.09,0,1,399915,399747,168
18956281,24.663,23.1075,160,27739,0.09,0,1,399939,399779,160
18959201,24.5801,24.2191,152,27739,0.09,0,1,399963,399811,152
18962121,24.5076,25.1917,144,27739,0.09,0,1,399987,399843,144
18965041,24.4441,25.5427,140,5840,0.07,0,1,400011,399871,140
18967961,24.3886,25.3499,140,5840,0.03,0,1,400035,399895,140
18970881,24.3401,25.1811,140,5840,0,0,1,400059,399919,140
18973801,24.2975,25.0335,140,5840,0,0,1,400083,399943,140
18976721,24.2604,24.9043,140,5840,0.01,0,1,400107,399967,140
18979641,28.7278,36.2913,84,5840,0,0,1,400167,400083,84
18982561,28.1368,34.7549,84,5840,0.01,0,1,400191,400107,84
18985481,32.1197,37.9105,84,5840,0,0,1,400251,400167,84
18988401,31.1048,36.1717,84,5840,0.01,0,1,400275,400191,84
18991321,34.7167,39.1502,84,35283,0.01,0,1,400335,400251,84
18994241,33.3771,37.2565,84,34309,0.01,0,1,400359,400275,84
18997161,32.2049,35.5994,84,33336,0.01,0,1,400383,400299,84
19000081,31.1793,34.1495,84,32606,0.01,0,1,400407,400323,84
19003001,30.2819,32.8808,84,31876,0.01,0,1,400431,400347,84
19005921,29.4967,31.7707,84,31146,0.01,0,1,400455,400371,84
19008841,28.8096,30.7994,84,30659,0.01,0,1,400479,400395,84
19011761,28.2084,29.9494,84,30173,0.01,0,1,400503,400419,84
19014681,27.6823,29.2058,84,29686,0.01,0,1,400527,400443,84
19017601,27.222,28.555,84,29443,0.01,0,1,400551,400467,84
19020521,26.8193,27.9857,84,29199,0.01,0,1,400575,400491,84
19023441,26.4669,27.4874,84,28956,0.01,0,1,400599,400515,84
19026361,26.1585,27.0515,84,28713,0.01,0,1,400623,400539,84
19029281,25.8887,26.6701,84,28469,0.01,0,1,400647,400563,84
19032201,25.6526,26.3363,84,28226,0.01,0,1,400671,400587,84
19035121,25.446,26.0443,84,27983,0.01,0,1,400695,400611,84
19038041,25.2653,25.7887,84,30659,0.01,0,1,400719,400635,84
19040961,25.1071,25.5652,84,30659,0.01,0,1,400743,400659,84
19043881,24.9687,25.3695,84,30659,0.03,0,1,400767,400683,84
19046801,24.8476,25.1983,84,30659,0.05,0,1,400791,400707,84
19049721,24.7417,24.2985,90,30659,0.05,0,1,400815,400725,90
19052641,24.649,23.5112,96,30659,0.07,0,1,400839,400743,96
19055561,24.5679,22.8223,102,30659,0.09,0,1,400863,400761,102
19058481,24.4969,22.2195,108,30659,0.09,0,1,400887,400779,108
19061401,24.4348,21.6921,114,30659,0.11,0,1,400911,400797,114
19064321,24.3804,21.2306,120,30659,0.13,0,1,400935,400815,120
19067241,24.3329,20.8268,126,27739,0.13,0,1,400959,400833,126
19070161,24.2913,20.4734,132,27739,0.12,0,1,400983,400851,132
19073081,24.2549,20.1642,138,27739,0.11,0,1,401007,400869,138
19076001,24.223,19.8937,144,27739,0.1,0,1,401031,400887,144
19078921,24.1951,19.657,150,27739,0.09,0,1,401055,400905,150
19081841,24.1707,19.4499,156,27739,0.09,0,1,401079,400923,156
19084761,24.1494,19.2686,162,27739,0.09,0,1,401103,400941,162
19087681,24.1307,20.8601,154,27739,0.09,0,1,401127,400973,154
19090601,24.1144,22.2525,146,27739,0.09,0,1,401151,401005,146
19093521,24.1001,23.471,138,27739,0.09,0,1,401175,401037,138
19096441,24.0876,23.5371,138,27739,0.09,0,1,401199,401061,138
19099361,24.0766,23.595,138,27739,0.09,0,1,401223,401085,138
19102281,24.067,23.6456,138,27739,0.09,0,1,401247,401109,138
19105201,24.0587,23.6899,138,27739,0.09,0,1,401271,401133,138
19108121,24.0513,23.7287,138,27739,0.09,0,1,401295,401157,138
19111041,24.0449,23.7626,138,27739,0.09,0,1,401319,401181,138
19113961,24.0393,23.7923,138,27739,0.09,0,1,401343,401205,138
19116881,24.0344,23.8182,138,27739,0.09,0,1,401367,401229,138
19119801,24.0301,23.8409,138,27739,0.09,0,1,401391,401253,138
19122721,24.0263,23.8608,138,27739,0.09,0,1,401415,401277,138
19125641,24.023,23.8782,138,27739,0.09,0,1,401439,401301,138
19128561,24.0202,23.8934,138,27739,0.09,0,1,401463,401325,138
19131481,24.0176,23.9068,138,27739,0.09,0,1,401487,401349,138
19134401,24.0154,23.9184,138,27739,0.09,0,1,401511,401373,138
19137321,24.0135,23.9286,138,27739,0.09,0,1,401535,401397,138
19140241,24.0118,23.9375,138,27739,0.09,0,1,401559,401421,138
19143161,24.0103,23.9453,138,27739,0.09,0,1,401583,401445,138
19146081,24.009,23.9522,138,27739,0.09,0,1,401607,401469,138
19149001,24.0079,23.9582,138,30659,0.09,0,1,401631,401493,138
19151921,24.0069,23.9634,138,30659,0.11,0,1,401655,401517,138
19154841,24.0061,23.968,138,30659,0.13,0,1,401679,401541,138
19157761,24.0053,23.972,138,30659,0.13,0,1,401703,401565,138
19160681,24.0046,23.9755,138,27739,0.13,0,1,401727,401589,138
19163601,24.0041,23.9785,138,27739,0.13,0,1,401751,401613,138
19166521,24.0036,23.2312,144,27739,0.11,0,1,401775,401631,144
19169441,24.0031,22.5773,150,27739,0.11,0,1,401799,401649,150
19172361,24.0027,22.0052,156,27739,0.09,0,1,401823,401667,156
19175281,24.0024,21.5045,162,27739,0.09,0,1,401847,401685,162
19178201,24.0021,21.0664,168,27739,0.09,0,1,401871,401703,168
19181121,24.0018,22.4331,160,27739,0.09,0,1,401895,401735,160
19184041,24.0016,23.629,152,27739,0.09,0,1,401919,401767,152
19186961,24.0014,24.6754,144,27739,0.09,0,1,401943,401799,144
19189881,24.0012,25.091,140,27739,0.09,0,1,401967,401827,140
19192801,24.0011,24.9546,140,27739,0.09,0,1,401991,401851,140
19195721,24.0009,24.8353,140,27739,0.09,0,1,402015,401875,140
19198641,24.0008,24.7309,140,27739,0.09,0,1,402039,401899,140
19201561,24.0007,24.6395,140,27739,0.09,0,1,402063,401923,140
19204481,24.0006,24.5596,140,27739,0.09,0,1,402087,401947,140
19207401,24.0005,24.4896,140,27739,0.09,0,1,402111,401971,140
19210321,24.0005,24.4284,140,27739,0.09,0,1,402135,401995,140
19213241,24.0004,24.3749,140,27739,0.09,0,1,402159,402019,140
19216161,24.0004,24.328,140,27739,0.09,0,1,402183,402043,140
19219081,24.0003,24.287,140,27739,0.09,0,1,402207,402067,140
19222001,24.0003,24.2511,140,27739,0.09,0,1,402231,402091,140
19224921,24.0002,24.2197,140,27739,0.09,0,1,402255,402115,140
19227841,24.0002,24.1923,140,27739,0.09,0,1,402279,402139,140
19230761,24.0002,24.1682,140,27739,0.09,0,1,402303,402163,140
19233681,24.0002,24.1472,140,27739,0.09,0,1,402327,402187,140
19236601,24.0001,24.1288,140,27739,0.09,0,1,402351,402211,140
19239521,24.0001,24.1127,140,27739,0.09,0,1,402375,402235,140
19242441,24.0001,24.0986,140,30659,0.11,0,1,402399,402259,140
19245361,24.0001,24.0863,140,30659,0.11,0,1,402423,402283,140
19248281,24.0001,24.0755,140,30659,0.13,0,1,402447,402307,140
19251201,24.0001,24.0661,140,30659,0.15,0,1,402471,402331,140
19254121,24.0001,24.0578,140,27739,0.15,0,1,402495,402355,140
19257041,24.0001,24.0506,140,27739,0.13,0,1,402519,402379,140
19259961,24,23.2943,146,27739,0.13,0,1,402543,402397,146
19262881,24,22.6325,152,27739,0.11,0,1,402567,402415,152
19265801,24,22.0534,158,27739,0.11,0,1,402591,402433,158
19268721,24,21.5467,164,27739,0.11,0,1,402615,402451,164
19271641,24,21.1034,170,27739,0.11,0,1,402639,402469,170
19274561,24,21.5905,169,27739,0.11,0,1,402663,402494,169
19277481,24,22.8917,161,27739,0.11,0,1,402687,402526,161
19280401,24,24.0302,153,27739,0.11,0,1,402711,402558,153
19283321,24,24.5264,149,27739,0.11,0,1,402735,402586,149
19286241,24,24.4606,149,27739,0.11,0,1,402759,402610,149
19289161,24,24.403,149,27739,0.11,0,1,402783,402634,149
19292081,24,24.3527,149,27739,0.11,0,1,402807,402658,149
19295001,24,24.3086,149,27739,0.11,0,1,402831,402682,149
19297921,24,24.27,149,27739,0.11,0,1,402855,402706,149
19300841,24,24.2363,149,27739,0.11,0,1,402879,402730,149
19303761,24,24.2067,149,27739,0.11,0,1,402903,402754,149
19306681,24,24.1809,149,27739,0.11,0,1,402927,402778,149
19309601,24,24.1583,149,27739,0.11,0,1,402951,402802,149
19312521,24,24.1385,149,27739,0.11,0,1,402975,402826,149
19315441,24,24.1212,149,27739,0.11,0,1,402999,402850,149
19318361,24,24.106,149,27739,0.11,0,1,403023,402874,149
19321281,24,24.0928,149,27739,0.11,0,1,403047,402898,149
19324201,24,24.0812,149,27739,0.11,0,1,403071,402922,149
19327121,24,24.071,149,27739,0.11,0,1,403095,402946,149
19330041,24,24.0622,149,27739,0.11,0,1,403119,402970,149
19332961,24,24.0544,149,27739,0.11,0,1,403143,402994,149
19335881,24,24.0476,149,30659,0.11,0,1,403167,403018,149
19338801,24,24.0416,149,30659,0.13,0,1,403191,403042,149
19341721,24,24.0364,149,30659,0.15,0,1,403215,403066,149
19344641,24,24.0319,149,30659,0.15,0,1,403239,403090,149
19347561,24,24.0279,149,27739,0.14,0,1,403263,403114,149
19350481,24,24.0244,149,27739,0.1,0,1,403287,403138,149
19353401,24,23.6464,152,27739,0.06,0,1,403311,403159,152
19356321,24,22.9406,158,27739,0.02,0,1,403335,403177,158
19359241,24,22.323,164,27739,0,0,1,403359,403195,164
19362161,24,21.7826,170,27739,0,0,1,403383,403213,170
19363761,22.625,21.3098,165,27739,0,0,1,403396,403231,165
19366681,536.672,545.646,84,27739,0.01,0,1,407531,407447,84
19369601,472.588,480.44,84,27739,0.01,0,1,407555,407471,84
19372521,416.514,423.385,84,27739,0.01,0,1,407579,407495,84
19375441,367.45,373.462,84,27739,0.01,0,1,407603,407519,84
19378361,324.519,329.779,84,27739,0.01,0,1,407627,407543,84
19381281,286.954,291.557,84,27739,0.01,0,1,407651,407567,84
19384201,254.085,258.112,84,27739,0.01,0,1,407675,407591,84
19387121,225.324,228.848,84,27739,0.01,0,1,407699,407615,84
19390041,200.159,203.242,84,27739,0.01,0,1,407723,407639,84
19392961,178.139,180.837,84,27739,0.01,0,1,407747,407663,84
19395881,158.871,161.232,84,27739,0.01,0,1,407771,407687,84
19398801,142.013,144.078,84,27739,0.01,0,1,407795,407711,84
19401721,127.261,129.069,84,27739,0.01,0,1,407819,407735,84
19404641,114.353,115.935,84,27739,0.01,0,1,407843,407759,84
19407561,103.059,104.443,84,27739,0.01,0,1,407867,407783,84
19410481,93.1768,94.3877,84,27739,0.01,0,1,407891,407807,84
19413401,84.5297,85.5892,84,27739,0.01,0,1,407915,407831,84
19416321,76.9635,77.8906,84,30659,0.01,0,1,407939,407855,84
19419241,70.343,71.1543,84,30659,0.01,0,1,407963,407879,84
19422161,64.5502,65.26,84,30659,0.03,0,1,407987,407903,84
19425081,59.4814,60.1025,84,30659,0.05,0,1,408011,407927,84
19428001,55.0462,54.8397,90,30659,0.05,0,1,408035,407945,90
19430921,51.1654,50.2347,96,30659,0.07,0,1,408059,407963,96
19433841,47.7698,46.2054,102,30659,0.09,0,1,408083,407981,102
19436761,44.7985,42.6797,108,30659,0.09,0,1,408107,407999,108
19439681,42.1987,39.5947,114,30659,0.11,0,1,408131,408017,114
19442601,39.9239,36.8954,120,30659,0.13,0,1,408155,408035,120
19445521,37.9334,34.5335,126,27739,0.13,0,1,408179,408053,126
19448441,36.1917,32.4668,132,27739,0.12,0,1,408203,408071,132
19451361,34.6678,30.6584,138,27739,0.11,0,1,408227,408089,138
19454281,33.3343,29.0761,144,27739,0.1,0,1,408251,408107,144
19457201,32.1675,27.6916,150,27739,0.09,0,1,408275,408125,150
19460121,31.1466,26.4802,156,27739,0.09,0,1,408299,408143,156
19463041,30.2532,25.4201,162,27739,0.09,0,1,408323,408161,162
19465961,29.4716,26.2426,154,27739,0.09,0,1,408347,408193,154
19468881,28.7876,26.9623,146,27739,0.09,0,1,408371,408225,146
19471801,28.1892,27.592,138,27739,0.09,0,1,408395,408257,138
19474721,27.6655,27.143,138,27739,0.09,0,1,408419,408281,138
19477641,27.2073,26.7501,138,27739,0.09,0,1,408443,408305,138
19480561,26.8064,26.4064,138,27739,0.09,0,1,408467,408329,138
19483481,26.4556,26.1056,138,27739,0.09,0,1,408491,408353,138
19486401,26.1487,25.8424,138,27739,0.09,0,1,408515,408377,138
19489321,25.8801,25.6121,138,27739,0.09,0,1,408539,408401,138
19492241,25.6451,25.4106,138,27739,0.09,0,1,408563,408425,138
19495161,25.4394,25.2342,138,27739,0.09,0,1,408587,408449,138
19498081,25.2595,25.08,138,27739,0.09,0,1,408611,408473,138
19501001,25.1021,24.945,138,27739,0.09,0,1,408635,408497,138
19503921,24.9643,24.8268,138,27739,0.09,0,1,408659,408521,138
19506841,24.8438,24.7235,138,27739,0.09,0,1,408683,408545,138
19509761,24.7383,24.6331,138,27739,0.09,0,1,408707,408569,138
19512681,24.646,24.5539,138,27739,0.09,0,1,408731,408593,138
19515601,24.5653,24.4847,138,27739,0.09,0,1,408755,408617,138
19518521,24.4946,24.4241,138,27739,0.09,0,1,408779,408641,138
19521441,24.4328,24.3711,138,27739,0.09,0,1,408803,408665,138
19524361,24.3787,24.3247,138,27739,0.09,0,1,408827,408689,138
19527281,24.3313,24.2841,138,30659,0.09,0,1,408851,408713,138
19530201,24.2899,24.2486,138,30659,0.11,0,1,408875,408737,138
19533121,24.2537,24.2175,138,30659,0.13,0,1,408899,408761,138
19536041,24.222,24.1903,138,30659,0.13,0,1,408923,408785,138
19538961,24.1942,24.1665,138,27739,0.13,0,1,408947,408809,138
19541881,24.17,24.1457,138,27739,0.13,0,1,408971,408833,138
19544801,24.1487,23.3775,144,27739,0.11,0,1,408995,408851,144
19547721,24.1301,22.7053,150,27739,0.11,0,1,409019,408869,150
19550641,24.1139,22.1172,156,27739,0.09,0,1,409043,408887,156
19553561,24.0996,21.6025,162,27739,0.09,0,1,409067,408905,162
19556481,24.0872,21.1522,168,27739,0.09,0,1,409091,408923,168
19559401,24.0763,22.5082,160,27739,0.09,0,1,409115,408955,160
19562321,24.0667,23.6947,152,27739,0.09,0,1,409139,408987,152
19565241,24.0584,24.7328,144,27739,0.09,0,1,409163,409019,144
19568161,24.0511,25.1412,140,27739,0.09,0,1,409187,409047,140
19571081,24.0447,24.9986,140,27739,0.09,0,1,409211,409071,140
19574001,24.0391,24.8737,140,27739,0.09,0,1,409235,409095,140
19576921,24.0342,24.7645,140,27739,0.09,0,1,409259,409119,140
19579841,24.03,24.669,140,27739,0.09,0,1,409283,409143,140
19582761,24.0262,24.5853,140,27739,0.09,0,1,409307,409167,140
19585681,24.0229,24.5122,140,27739,0.09,0,1,409331,409191,140
19588601,24.0201,24.4482,140,27739,0.09,0,1,409355,409215,140
19591521,24.0176,24.3921,140,27739,0.09,0,1,409379,409239,140
19594441,24.0154,24.3431,140,27739,0.09,0,1,409403,409263,140
19597361,24.0134,24.3002,140,27739,0.09,0,1,409427,409287,140
19600281,24.0118,24.2627,140,27739,0.09,0,1,409451,409311,140
19603201,24.0103,24.2299,140,27739,0.09,0,1,409475,409335,140
19606121,24.009,24.2011,140,27739,0.09,0,1,409499,409359,140
19609041,24.0079,24.176,140,27739,0.09,0,1,409523,409383,140
19611961,24.0069,24.154,140,27739,0.09,0,1,409547,409407,140
19614881,24.006,24.1347,140,27739,0.09,0,1,409571,409431,140
19617801,24.0053,24.1179,140,27739,0.09,0,1,409595,409455,140
19620721,24.0046,24.1032,140,30659,0.11,0,1,409619,409479,140
19623641,24.004,24.0903,140,30659,0.11,0,1,409643,409503,140
19626561,24.0035,24.079,140,30659,0.13,0,1,409667,409527,140
19629481,24.0031,24.0691,140,30659,0.15,0,1,409691,409551,140
19632401,24.0027,24.0605,140,27739,0.15,0,1,409715,409575,140
19635321,24.0024,24.0529,140,27739,0.13,0,1,409739,409599,140
19638241,24.0021,23.2963,146,27739,0.13,0,1,409763,409617,146
19641161,24.0018,22.6343,152,27739,0.11,0,1,409787,409635,152
19644081,24.0016,22.055,158,27739,0.11,0,1,409811,409653,158
19647001,24.0014,21.5481,164,27739,0.11,0,1,409835,409671,164
19649921,24.0012,21.1046,170,27739,0.11,0,1,409859,409689,170
19652841,24.0011,21.5915,169,27739,0.11,0,1,409883,409714,169
19655761,24.0009,22.8926,161,27739,0.11,0,1,409907,409746,161
19658681,24.0008,24.031,153,27739,0.11,0,1,409931,409778,153
19661601,24.0007,24.5271,149,27739,0.11,0,1,409955,409806,149
19664521,24.0006,24.4612,149,27739,0.11,0,1,409979,409830,149
19667441,24.0005,24.4036,149,27739,0.11,0,1,410003,409854,149
19670361,24.0005,24.3531,149,27739,0.11,0,1,410027,409878,149
19673281,24.0004,24.309,149,27739,0.11,0,1,410051,409902,149
19676201,24.0004,24.2704,149,27739,0.11,0,1,410075,409926,149
19679121,24.0003,24.2366,149,27739,0.11,0,1,410099,409950,149
19682041,24.0003,24.207,149,27739,0.11,0,1,410123,409974,149
19684961,24.0002,24.1811,149,27739,0.11,0,1,410147,409998,149
19687881,24.0002,24.1585,149,27739,0.11,0,1,410171,410022,149
19690801,24.0002,24.1387,149,27739,0.11,0,1,410195,410046,149
19693721,24.0002,24.1213,149,27739,0.11,0,1,410219,410070,149
19696641,24.0001,24.1062,149,27739,0.11,0,1,410243,410094,149
19699561,24.0001,24.0929,149,27739,0.11,0,1,410267,410118,149
19702481,24.0001,24.0813,149,27739,0.11,0,1,410291,410142,149
19705401,24.0001,24.0711,149,27739,0.11,0,1,410315,410166,149
19708321,24.0001,24.0622,149,27739,0.11,0,1,410339,410190,149
19711241,24.0001,24.0545,149,27739,0.11,0,1,410363,410214,149
19714161,24.0001,24.0477,149,30659,0.11,0,1,410387,410238,149
19717081,24.0001,24.0417,149,30659,0.13,0,1,410411,410262,149
19720001,24,24.0365,149,30659,0.15,0,1,410435,410286,149
19722921,24,24.0319,149,30659,0.15,0,1,410459,410310,149
19725841,24,24.0279,149,27739,0.15,0,1,410483,410334,149
19728761,24,24.0244,149,27739,0.15,0,1,410507,410358,149
19731681,24,23.6464,152,27739,0.13,0,1,410531,410379,152
19734601,24,22.9406,158,27739,0.13,0,1,410555,410397,158
19737521,24,22.323,164,27739,0.13,0,1,410579,410415,164
19740441,24,21.7826,170,27739,0.13,0,1,410603,410433,170
19743361,24,21.3098,176,27739,0.13,0,1,410627,410451,176
19746281,24,21.7711,175,27739,0.13,0,1,410651,410476,175
19749201,24,23.0497,167,27739,0.13,0,1,410675,410508,167
19752121,24,24.1685,159,27739,0.13,0,1,410699,410540,159
19755041,24,24.6474,155,27739,0.13,0,1,410723,410568,155
19757961,24,24.5665,155,27739,0.13,0,1,410747,410592,155
19760881,24,24.4957,155,27739,0.13,0,1,410771,410616,155
19763801,24,24.4337,155,27739,0.13,0,1,410795,410640,155
19766721,24,24.3795,155,27739,0.13,0,1,410819,410664,155
19769641,24,24.3321,155,5840,0.09,0,1,410843,410688,155
19772561,24,24.2906,155,5840,0.05,0,1,410867,410712,155
19775481,24,24.2542,155,5840,0.01,0,1,410891,410736,155
19778401,24,24.2225,155,5840,0,0,1,410915,410760,155
19781321,24,24.1947,155,5840,0,0,1,410939,410784,155
19784241,27,24.1703,179,5840,0,0,1,410987,410808,179
19787161,28.125,37.524,84,5840,0,0,1,411023,410939,84
19790081,30.6094,38.8335,84,5840,0,0,1,411071,410987,84
19793001,31.2832,38.4793,84,5840,0,0,1,411107,411023,84
19795921,33.3728,39.6694,84,5840,0,0,1,411155,411071,84
19798841,33.7012,39.2107,84,35283,0.01,0,1,411191,411107,84
19801761,35.4886,40.3094,84,36499,0.01,0,1,411239,411155,84
19804681,34.0525,38.2707,84,35283,0.01,0,1,411263,411179,84
19807601,32.7959,36.4869,84,34309,0.01,0,1,411287,411203,84
19810521,31.6964,34.926,84,33336,0.01,0,1,411311,411227,84
19813441,30.7344,33.5603,84,32606,0.01,0,1,411335,411251,84
19816361,29.8926,32.3652,84,31876,0.01,0,1,411359,411275,84
19819281,29.156,31.3196,84,31146,0.01,0,1,411383,411299,84
19822201,28.5115,30.4046,84,30659,0.01,0,1,411407,411323,84
19825121,27.9476,29.6041,84,30173,0.01,0,1,411431,411347,84
19828041,27.4541,28.9035,84,29686,0.01,0,1,411455,411371,84
19830961,27.0224,28.2906,84,29443,0.01,0,1,411479,411395,84
19833881,26.6446,27.7543,84,29199,0.01,0,1,411503,411419,84
19836801,26.314,27.285,84,31876,0.01,0,1,411527,411443,84
19839721,26.0247,26.8744,84,31633,0.01,0,1,411551,411467,84
19842641,25.7717,26.5151,84,31389,0.03,0,1,411575,411491,84
19845561,25.5502,26.2007,84,31146,0.05,0,1,411599,411515,84
19848481,25.3564,25.1756,90,30903,0.05,0,1,411623,411533,90
19851401,25.1869,24.2787,96,27948,0.07,0,1,411647,411551,96
19854321,25.0385,23.4938,102,27948,0.07,0,1,411671,411569,102
19857241,24.9087,22.8071,108,27948,0.07,0,1,411695,411587,108
19860161,24.7951,22.2062,114,30868,0.07,0,1,411719,411605,114
19863081,24.6957,21.6804,120,30903,0.09,0,1,411743,411623,120
19866001,24.6088,21.7204,122,30903,0.11,0,1,411767,411645,122
19868921,24.5327,21.7553,124,30903,0.11,0,1,411791,411667,124
19871841,24.4661,21.7859,126,27983,0.13,0,1,411815,411689,126
19874761,24.4078,21.5627,130,27983,0.11,0,1,411839,411709,130
19877681,24.3568,21.1173,136,27983,0.11,0,1,411863,411727,136
19880601,24.3122,20.7277,142,27983,0.09,0,1,411887,411745,142
19883521,24.2732,20.3867,148,27983,0.09,0,1,411911,411763,148
19886441,24.2391,20.0884,154,27983,0.09,0,1,411935,411781,154
19889361,24.2092,19.8273,160,27983,0.09,0,1,411959,411799,160
19892281,24.183,21.3489,152,27983,0.09,0,1,411983,411831,152
19895201,24.1601,22.6803,144,27983,0.09,0,1,412007,411863,144
19898121,24.1401,23.8453,136,27983,0.09,0,1,412031,411895,136
19901041,24.1226,23.8646,136,27983,0.09,0,1,412055,411919,136
19903961,24.1073,23.8815,136,27983,0.09,0,1,412079,411943,136
19906881,24.0939,23.8963,136,27983,0.09,0,1,412103,411967,136
19909801,24.0821,23.9093,136,27983,0.09,0,1,412127,411991,136
19912721,24.0719,23.9206,136,27983,0.09,0,1,412151,412015,136
19915641,24.0629,23.9306,136,27983,0.09,0,1,412175,412039,136
19918561,24.055,23.9392,136,27983,0.09,0,1,412199,412063,136
19921481,24.0481,23.9468,136,27983,0.09,0,1,412223,412087,136
19924401,24.0421,23.9535,136,27983,0.09,0,1,412247,412111,136
19927321,24.0369,23.9593,136,27983,0.09,0,1,412271,412135,136
19930241,24.0323,23.9644,136,27983,0.09,0,1,412295,412159,136
19933161,24.0282,23.9688,136,27983,0.09,0,1,412319,412183,136
19936081,24.0247,23.9727,136,27983,0.09,0,1,412343,412207,136
19939001,24.0216,23.9761,136,27983,0.09,0,1,412367,412231,136
19941921,24.0189,23.9791,136,27983,0.09,0,1,412391,412255,136
19944841,24.0165,23.9817,136,27983,0.09,0,1,412415,412279,136
19947761,24.0145,23.984,136,27983,0.09,0,1,412439,412303,136
19950681,24.0127,23.986,136,27983,0.09,0,1,412463,412327,136
19953601,24.0111,23.9878,136,30903,0.09,0,1,412487,412351,136
19956521,24.0097,23.9893,136,30903,0.11,0,1,412511,412375,136
19959441,24.0085,23.9906,136,30903,0.11,0,1,412535,412399,136
19962361,24.0074,23.9918,136,30903,0.13,0,1,412559,412423,136
19965281,24.0065,23.9928,136,27983,0.13,0,1,412583,412447,136
19968201,24.0057,23.9937,136,27983,0.13,0,1,412607,412471,136
19971121,24.005,23.2445,142,27983,0.11,0,1,412631,412489,142
19974041,24.0044,22.5889,148,27983,0.11,0,1,412655,412507,148
19976961,24.0038,22.0153,154,27983,0.1,0,1,412679,412525,154
19979881,24.0033,21.5134,160,27983,0.1,0,1,412703,412543,160
19982801,24.0029,21.0742,166,27983,0.1,0,1,412727,412561,166
19985721,24.0026,22.44,158,27983,0.1,0,1,412751,412593,158
19988641,24.0022,23.635,150,27983,0.1,0,1,412775,412625,150
19991561,24.002,24.6806,142,27983,0.1,0,1,412799,412657,142
19994481,24.0017,24.5955,142,27983,0.1,0,1,412823,412681,142
19997401,24.0015,24.5211,142,27983,0.1,0,1,412847,412705,142
20000321,24.0013,24.4559,142,27983,0.1,0,1,412871,412729,142
20003241,24.0011,24.3989,142,27983,0.1,0,1,412895,412753,142
20006161,24.001,24.3491,142,27983,0.1,0,1,412919,412777,142
20009081,24.0009,24.3054,142,27983,0.1,0,1,412943,412801,142
20012001,24.0008,24.2673,142,27983,0.1,0,1,412967,412825,142
20014921,24.0007,24.2339,142,27983,0.1,0,1,412991,412849,142
20017841,24.0006,24.2046,142,27983,0.1,0,1,413015,412873,142
20020761,24.0005,24.179,142,27983,0.1,0,1,413039,412897,142
20023681,24.0004,24.1567,142,27983,0.1,0,1,413063,412921,142
20026601,24.0004,24.1371,142,27983,0.1,0,1,413087,412945,142
20029521,24.0003,24.1199,142,27983,0.1,0,1,413111,412969,142
20032441,24.0003,24.105,142,27983,0.1,0,1,413135,412993,142
20035361,24.0003,24.0918,142,27983,0.1,0,1,413159,413017,142
20038281,24.0002,24.0804,142,27983,0.1,0,1,413183,413041,142
20041201,24.0002,24.0703,142,27983,0.1,0,1,413207,413065,142
20044121,24.0002,24.0615,142,27983,0.1,0,1,413231,413089,142
20047041,24.0002,24.0538,142,30903,0.11,0,1,413255,413113,142
20049961,24.0001,24.0471,142,30903,0.11,0,1,413279,413137,142
20052881,24.0001,24.0412,142,30903,0.13,0,1,413303,413161,142
20055801,24.0001,24.0361,142,30903,0.15,0,1,413327,413185,142
20058721,24.0001,24.0316,142,27983,0.15,0,1,413351,413209,142
20061641,24.0001,24.0276,142,27983,0.15,0,1,413375,413233,142
20064561,24.0001,23.2742,148,27983,0.13,0,1,413399,413251,148
20067481,24.0001,22.6149,154,27983,0.13,0,1,413423,413269,154
20070401,24.0001,22.038,160,27983,0.11,0,1,413447,413287,160
20073321,24,21.5333,166,27983,0.11,0,1,413471,413305,166
20076241,24,21.0916,172,27983,0.11,0,1,413495,413323,172
20079161,24,21.5802,171,27983,0.11,0,1,413519,413348,171
20082081,24,22.8826,163,27983,0.11,0,1,413543,413380,163
20085001,24,24.0223,155,27983,0.11,0,1,413567,413412,155
20087921,24,24.5195,151,27983,0.11,0,1,413591,413440,151
20090841,24,24.4546,151,27983,0.11,0,1,413615,413464,151
20093761,24,24.3978,151,27983,0.11,0,1,413639,413488,151
20096681,24,24.348,151,27983,0.11,0,1,413663,413512,151
20099601,24,24.3045,151,27983,0.11,0,1,413687,413536,151
20102521,24,24.2665,151,27983,0.11,0,1,413711,413560,151
20105441,24,24.2332,151,27983,0.11,0,1,413735,413584,151
20108361,24,24.204,151,27983,0.11,0,1,413759,413608,151
20111281,24,24.1785,151,27983,0.11,0,1,413783,413632,151
20114201,24,24.1562,151,27983,0.11,0,1,413807,413656,151
20117121,24,24.1367,151,27983,0.11,0,1,413831,413680,151
20120041,24,24.1196,151,27983,0.11,0,1,413855,413704,151
20122961,24,24.1046,151,27983,0.11,0,1,413879,413728,151
20125881,24,24.0916,151,27983,0.11,0,1,413903,413752,151
20128801,24,24.0801,151,27983,0.11,0,1,413927,413776,151
20131721,24,24.0701,151,27983,0.11,0,1,413951,413800,151
20134641,24,24.0613,151,27983,0.11,0,1,413975,413824,151
20137561,24,24.0537,151,27983,0.11,0,1,413999,413848,151
20140481,24,24.047,151,30903,0.11,0,1,414023,413872,151
20143401,24,24.0411,151,30903,0.13,0,1,414047,413896,151
20146321,24,24.036,151,30903,0.15,0,1,414071,413920,151
20149241,24,24.0315,151,30903,0.15,0,1,414095,413944,151
20152161,24,24.0275,151,27983,0.17,0,1,414119,413968,151
20155081,24,24.0241,151,27983,0.15,0,1,414143,413992,151
20158001,24,23.6461,154,27983,0.15,0,1,414167,414013,154
20160921,24,22.9403,160,27983,0.13,0,1,414191,414031,160
20163841,24,22.3228,166,27983,0.13,0,1,414215,414049,166
20166761,24,21.7824,172,27983,0.13,0,1,414239,414067,172
20169681,24,21.3096,178,27983,0.13,0,1,414263,414085,178
20172601,24,20.8959,184,27983,0.13,0,1,414287,414103,184
20175521,24,22.2839,176,27983,0.13,0,1,414311,414135,176
20178441,24,23.4984,168,27983,0.13,0,1,414335,414167,168
20181361,24,24.5611,160,27983,0.13,0,1,414359,414199,160
20184281,24,24.491,160,27983,0.13,0,1,414383,414223,160
20187201,24,24.4296,160,27983,0.13,0,1,414407,414247,160
20190121,24,24.3759,160,27983,0.13,0,1,414431,414271,160
20193041,24,24.3289,160,27983,0.13,0,1,414455,414295,160
20195961,24,24.2878,160,27983,0.13,0,1,414479,414319,160
20198881,24,24.2518,160,27983,0.13,0,1,414503,414343,160
20201801,24,24.2204,160,27983,0.13,0,1,414527,414367,160
20204721,24,24.1928,160,27983,0.13,0,1,414551,414391,160
20207641,24,24.1687,160,27983,0.13,0,1,414575,414415,160
20210561,24,24.1476,160,27983,0.13,0,1,414599,414439,160
20213481,24,24.1292,160,27983,0.13,0,1,414623,414463,160
20216401,24,24.113,160,27983,0.13,0,1,414647,414487,160
20219321,24,24.0989,160,27983,0.13,0,1,414671,414511,160
20222241,24,24.0865,160,27983,0.13,0,1,414695,414535,160
20225161,24,24.0757,160,27983,0.13,0,1,414719,414559,160
20228081,24,24.0663,160,27983,0.13,0,1,414743,414583,160
20231001,24,24.058,160,27983,0.13,0,1,414767,414607,160
20233921,24,24.0507,160,30903,0.13,0,1,414791,414631,160
20236841,24,24.0444,160,30903,0.15,0,1,414815,414655,160
20239761,24,24.0388,160,30903,0.15,0,1,414839,414679,160
20242681,24,24.034,160,30903,0.17,0,1,414863,414703,160
20245601,24,24.0297,160,27983,0.17,0,1,414887,414727,160
20248521,24,24.026,160,27983,0.17,0,1,414911,414751,160
20251441,24,24.0228,160,27983,0.15,0,1,414935,414775,160
20254361,24,23.2699,166,27983,0.15,0,1,414959,414793,166
20257281,24,22.6112,172,27983,0.14,0,1,414983,414811,172
20260201,24,22.0348,178,27983,0.14,0,1,415007,414829,178
20263121,24,21.5304,184,27983,0.14,0,1,415031,414847,184
20266041,24,21.0891,190,27983,0.14,0,1,415055,414865,190
20268961,24,22.453,182,27983,0.14,0,1,415079,414897,182
20271881,24,23.6464,174,27983,0.14,0,1,415103,414929,174
20274801,24,24.6906,166,27983,0.14,0,1,415127,414961,166
20277721,24,24.6042,166,27983,0.14,0,1,415151,414985,166
20280641,24,24.5287,166,27983,0.14,0,1,415175,415009,166
20283561,24,24.4626,166,27983,0.14,0,1,415199,415033,166
20286481,24,24.4048,166,27983,0.14,0,1,415223,415057,166
20289401,24,24.3542,166,27983,0.14,0,1,415247,415081,166
20292321,24,24.3099,166,27983,0.14,0,1,415271,415105,166
20295241,24,24.2712,166,27983,0.14,0,1,415295,415129,166
20298161,24,24.2373,166,27983,0.14,0,1,415319,415153,166
20301081,24,24.2076,166,27983,0.14,0,1,415343,415177,166
20304001,24,24.1817,166,27983,0.14,0,1,415367,415201,166
20306921,24,24.159,166,27983,0.14,0,1,415391,415225,166
20309841,24,24.1391,166,27983,0.14,0,1,415415,415249,166
20312761,24,24.1217,166,27983,0.14,0,1,415439,415273,166
20315681,24,24.1065,166,27983,0.14,0,1,415463,415297,166
20318601,24,24.0932,166,27983,0.14,0,1,415487,415321,166
20321521,24,24.0815,166,27983,0.14,0,1,415511,415345,166
20324441,24,24.0713,166,27983,0.14,0,1,415535,415369,166
20327361,24,24.0624,166,30903,0.15,0,1,415559,415393,166
20330281,24,24.0546,166,30903,0.15,0,1,415583,415417,166
20333201,24,24.0478,166,30903,0.17,0,1,415607,415441,166
20336121,24,24.0418,166,30903,0.19,0,1,415631,415465,166
20339041,24,24.0366,166,27983,0.19,0,1,415655,415489,166
20341961,24,24.032,166,27983,0.19,0,1,415679,415513,166
20344881,24,24.028,166,27983,0.17,0,1,415703,415537,166
20347801,24,23.2745,172,27983,0.17,0,1,415727,415555,172
20350721,24,22.6152,178,27983,0.15,0,1,415751,415573,178
20353641,24,22.0383,184,27983,0.15,0,1,415775,415591,184
20356561,24,21.5335,190,27983,0.15,0,1,415799,415609,190
20359481,24,21.0918,196,27983,0.15,0,1,415823,415627,196
20362401,24,21.5803,195,27983,0.15,0,1,415847,415652,195
20365321,24,22.8828,187,27983,0.15,0,1,415871,415684,187
20368241,24,24.0225,179,27983,0.15,0,1,415895,415716,179
20371161,24,24.5196,175,27983,0.15,0,1,415919,415744,175
20374081,24,24.4547,175,27983,0.15,0,1,415943,415768,175
20377001,24,24.3979,175,27983,0.15,0,1,415967,415792,175
20379921,24,24.3481,175,27983,0.15,0,1,415991,415816,175
20382841,24,24.3046,175,27983,0.15,0,1,416015,415840,175
20385761,24,24.2665,175,27983,0.15,0,1,416039,415864,175
20388681,24,24.2332,175,27983,0.15,0,1,416063,415888,175
20391601,24,24.2041,175,27983,0.15,0,1,416087,415912,175
20394521,24,24.1786,175,27983,0.15,0,1,416111,415936,175
20397441,24,24.1562,175,27983,0.15,0,1,416135,415960,175
20400361,24,24.1367,175,27983,0.15,0,1,416159,415984,175
20403281,24,24.1196,175,27983,0.15,0,1,416183,416008,175
20406201,24,24.1047,175,27983,0.15,0,1,416207,416032,175
20409121,24,24.0916,175,27983,0.15,0,1,416231,416056,175
20412041,24,24.0801,175,27983,0.15,0,1,416255,416080,175
20414961,24,24.0701,175,27983,0.15,0,1,416279,416104,175
20417881,24,24.0614,175,27983,0.15,0,1,416303,416128,175
20420801,24,24.0537,175,30903,0.15,0,1,416327,416152,175
20423721,24,24.047,175,30903,0.17,0,1,416351,416176,175
20426641,24,24.0411,175,30903,0.19,0,1,416375,416200,175
20429561,24,24.036,175,30903,0.19,0,1,416399,416224,175
20432481,24,24.0315,175,27983,0.21,0,1,416423,416248,175
20435401,24,24.0275,175,27983,0.19,0,1,416447,416272,175
20438321,24,24.0241,175,27983,0.19,0,1,416471,416296,175
20441241,24,23.6461,178,27983,0.17,0,1,416495,416317,178
20444161,24,22.9403,184,27983,0.17,0,1,416519,416335,184
20447081,24,22.3228,190,27983,0.17,0,1,416543,416353,190
20450001,24,21.7824,196,27983,0.14,0,1,416567,416371,196
20452921,24,21.3096,202,27983,0.1,0,1,416591,416389,202
20455841,24,20.8959,208,27983,0.06,0,1,416615,416407,208
20458761,24,22.2839,200,27983,0.02,0,1,416639,416439,200
20461681,24,23.4984,192,27983,0,0,1,416663,416471,192
20464601,24,24.5611,184,27983,0,0,1,416687,416503,184
20466161,22.625,24.491,173,27983,0,0,1,416700,416527,173
20469081,415.797,428.555,84,27983,0.01,0,1,419868,419784,84
20472001,366.822,377.985,84,27983,0.01,0,1,419892,419808,84
20474921,323.969,333.737,84,27983,0.01,0,1,419916,419832,84
20477841,286.473,295.02,84,27983,0.01,0,1,419940,419856,84
20480761,253.664,261.142,84,27983,0.01,0,1,419964,419880,84
20483681,224.956,231.5,84,27983,0.01,0,1,419988,419904,84
20486601,199.837,205.562,84,27983,0.01,0,1,420012,419928,84
20489521,177.857,182.867,84,27983,0.01,0,1,420036,419952,84
20492441,158.625,163.009,84,27983,0.01,0,1,420060,419976,84
20495361,141.797,145.633,84,27983,0.01,0,1,420084,420000,84
20498281,127.072,130.428,84,27983,0.01,0,1,420108,420024,84
20501201,114.188,117.125,84,27983,0.01,0,1,420132,420048,84
20504121,102.915,105.484,84,27983,0.01,0,1,420156,420072,84
20507041,93.0503,95.2987,84,30903,0.01,0,1,420180,420096,84
20509961,84.419,86.3864,84,30903,0.01,0,1,420204,420120,84
20512881,76.8666,78.5881,84,30903,0.03,0,1,420228,420144,84
20515801,70.2583,71.7646,84,30903,0.05,0,1,420252,420168,84
20518721,64.476,65.044,90,30903,0.05,0,1,420276,420186,90
20521641,59.4165,59.1635,96,30903,0.07,0,1,420300,420204,96
20524561,54.9895,54.0181,102,30903,0.09,0,1,420324,420222,102
20527481,51.1158,49.5158,108,30903,0.09,0,1,420348,420240,108
20530401,47.7263,45.5763,114,30903,0.11,0,1,420372,420258,114
20533321,44.7605,42.1293,120,30903,0.13,0,1,420396,420276,120
20536241,42.1655,39.1131,126,27983,0.13,0,1,420420,420294,126
20539161,39.8948,36.474,132,27983,0.12,0,1,420444,420312,132
20542081,37.9079,34.1647,138,27983,0.11,0,1,420468,420330,138
20545001,36.1694,32.1441,144,27983,0.1,0,1,420492,420348,144
20547921,34.6483,30.3761,150,27983,0.09,0,1,420516,420366,150
20550841,33.3172,28.8291,156,27983,0.09,0,1,420540,420384,156
20553761,32.1526,27.4755,162,27983,0.09,0,1,420564,420402,162
20556681,31.1335,28.041,154,27983,0.09,0,1,420588,420434,154
20559601,30.2418,28.5359,146,27983,0.09,0,1,420612,420466,146
20562521,29.4616,28.9689,138,27983,0.09,0,1,420636,420498,138
20565441,28.7789,28.3478,138,27983,0.09,0,1,420660,420522,138
20568361,28.1815,27.8043,138,27983,0.09,0,1,420684,420546,138
20571281,27.6588,27.3288,138,27983,0.09,0,1,420708,420570,138
20574201,27.2015,26.9127,138,27983,0.09,0,1,420732,420594,138
20577121,26.8013,26.5486,138,27983,0.09,0,1,420756,420618,138
20580041,26.4511,26.23,138,27983,0.09,0,1,420780,420642,138
20582961,26.1447,25.9513,138,27983,0.09,0,1,420804,420666,138
20585881,25.8766,25.7074,138,27983,0.09,0,1,420828,420690,138
20588801,25.6421,25.4939,138,27983,0.09,0,1,420852,420714,138
20591721,25.4368,25.3072,138,27983,0.09,0,1,420876,420738,138
20594641,25.2572,25.1438,138,27983,0.09,0,1,420900,420762,138
20597561,25.1001,25.0008,138,27983,0.09,0,1,420924,420786,138
20600481,24.9626,24.8757,138,27983,0.09,0,1,420948,420810,138
20603401,24.8422,24.7663,138,27983,0.09,0,1,420972,420834,138
20606321,24.737,24.6705,138,27983,0.09,0,1,420996,420858,138
20609241,24.6448,24.5867,138,27983,0.09,0,1,421020,420882,138
20612161,24.5642,24.5133,138,27983,0.09,0,1,421044,420906,138
20615081,24.4937,24.4492,138,27983,0.09,0,1,421068,420930,138
20618001,24.432,24.393,138,30903,0.09,0,1,421092,420954,138
20620921,24.378,24.3439,138,30903,0.11,0,1,421116,420978,138
20623841,24.3307,24.3009,138,30903,0.13,0,1,421140,421002,138
20626761,24.2894,24.2633,138,30903,0.13,0,1,421164,421026,138
20629681,24.2532,24.2304,138,27983,0.13,0,1,421188,421050,138
20632601,24.2216,24.2016,138,27983,0.13,0,1,421212,421074,138
20635521,24.1939,23.4264,144,27983,0.11,0,1,421236,421092,144
20638441,24.1696,22.7481,150,27983,0.11,0,1,421260,421110,150
20641361,24.1484,22.1546,156,27983,0.09,0,1,421284,421128,156
20644281,24.1299,21.6353,162,27983,0.09,0,1,421308,421146,162
20647201,24.1136,21.1808,168,27983,0.09,0,1,421332,421164,168
20650121,24.0994,22.5332,160,27983,0.09,0,1,421356,421196,160
20653041,24.087,23.7166,152,27983,0.09,0,1,421380,421228,152
20655961,24.0761,24.752,144,27983,0.09,0,1,421404,421260,144
20658881,24.0666,25.158,140,27983,0.09,0,1,421428,421288,140
20661801,24.0583,25.0133,140,27983,0.09,0,1,421452,421312,140
20664721,24.051,24.8866,140,27983,0.09,0,1,421476,421336,140
20667641,24.0446,24.7758,140,27983,0.09,0,1,421500,421360,140
20670561,24.039,24.6788,140,27983,0.09,0,1,421524,421384,140
20673481,24.0342,24.594,140,27983,0.09,0,1,421548,421408,140
20676401,24.0299,24.5197,140,27983,0.09,0,1,421572,421432,140
20679321,24.0262,24.4547,140,27983,0.09,0,1,421596,421456,140
20682241,24.0229,24.3979,140,27983,0.09,0,1,421620,421480,140
20685161,24.02,24.3482,140,27983,0.09,0,1,421644,421504,140
20688081,24.0175,24.3046,140,5840,0.07,0,1,421668,421528,140
20691001,24.0153,24.2666,140,5840,0.03,0,1,421692,421552,140
20693921,24.0134,24.2332,140,5840,0,0,1,421716,421576,140
20696841,24.0117,24.2041,140,5840,0,0,1,421740,421600,140
20699761,24.0103,24.1786,140,5840,0.01,0,1,421764,421624,140
20702681,28.509,35.6563,84,5840,0,0,1,421824,421740,84
20705601,27.9454,34.1992,84,5840,0.01,0,1,421848,421764,84
20708521,31.9522,37.4243,84,5840,0,0,1,421908,421824,84
20711441,30.9582,35.7463,84,5840,0.01,0,1,421932,421848,84
20714361,34.5884,38.778,84,35283,0.01,0,1,421992,421908,84
20717281,33.2648,36.9307,84,34309,0.01,0,1,422016,421932,84
20720201,32.1067,35.3144,84,33336,0.01,0,1,422040,421956,84
20723121,31.0934,33.9001,84,32606,0.01,0,1,422064,421980,84
20726041,30.2067,32.6626,84,31876,0.01,0,1,422088,422004,84
20728961,29.4309,31.5798,84,31146,0.01,0,1,422112,422028,84
20731881,28.752,30.6323,84,30659,0.01,0,1,422136,422052,84
20734801,28.158,29.8033,84,30173,0.01,0,1,422160,422076,84
20737721,27.6383,29.0779,84,29686,0.01,0,1,422184,422100,84
20740641,27.1835,28.4431,84,29443,0.01,0,1,422208,422124,84
20743561,26.7855,27.8877,84,29199,0.01,0,1,422232,422148,84
20746481,26.4374,27.4018,84,28956,0.01,0,1,422256,422172,84
20749401,26.1327,26.9765,84,28713,0.01,0,1,422280,422196,84
20752321,25.8661,26.6045,84,28469,0.01,0,1,422304,422220,84
20755241,25.6328,26.2789,84,28226,0.01,0,1,422328,422244,84
20758161,25.4287,25.9941,84,27983,0.01,0,1,422352,422268,84
20761081,25.2501,25.7448,84,30659,0.01,0,1,422376,422292,84
20764001,25.0939,25.5267,84,30659,0.01,0,1,422400,422316,84
20766921,24.9571,25.3359,84,30659,0.03,0,1,422424,422340,84
20769841,24.8375,25.1689,84,30659,0.05,0,1,422448,422364,84
20772761,24.7328,24.2728,90,30659,0.05,0,1,422472,422382,90
20775681,24.6412,23.4887,96,28388,0.07,0,1,422496,422400,96
20778601,24.5611,22.8026,102,28388,0.07,0,1,422520,422418,102
20781521,24.4909,22.2023,108,28388,0.09,0,1,422544,422436,108
20784441,24.4296,21.677,114,30659,0.09,0,1,422568,422454,114
20787361,24.3759,21.2174,120,30659,0.11,0,1,422592,422472,120
20790281,24.3289,21.0652,124,30659,0.11,0,1,422616,422492,124
20793201,24.2878,20.932,128,27739,0.13,0,1,422640,422512,128
20796121,24.2518,20.8155,132,27739,0.11,0,1,422664,422532,132
20799041,24.2203,20.7136,136,27739,0.11,0,1,422688,422552,136
20801961,24.1928,20.3744,142,27739,0.09,0,1,422712,422570,142
20804881,24.1687,20.0776,148,27739,0.09,0,1,422736,422588,148
20807801,24.1476,19.8179,154,27739,0.09,0,1,422760,422606,154
20810721,24.1292,19.5907,160,27739,0.09,0,1,422784,422624,160
20813641,24.113,21.1418,152,27739,0.09,0,1,422808,422656,152
20816561,24.0989,22.4991,144,27739,0.09,0,1,422832,422688,144
20819481,24.0865,23.6867,136,27739,0.09,0,1,422856,422720,136
20822401,24.0757,23.7259,136,27739,0.09,0,1,422880,422744,136
20825321,24.0662,23.7601,136,27739,0.09,0,1,422904,422768,136
20828241,24.058,23.7901,136,27739,0.09,0,1,422928,422792,136
20831161,24.0507,23.8164,136,27739,0.09,0,1,422952,422816,136
20834081,24.0444,23.8393,136,27739,0.09,0,1,422976,422840,136
20837001,24.0388,23.8594,136,27739,0.09,0,1,423000,422864,136
20839921,24.034,23.877,136,27739,0.09,0,1,423024,422888,136
20842841,24.0297,23.8924,136,27739,0.09,0,1,423048,422912,136
20845761,24.026,23.9058,136,27739,0.09,0,1,423072,422936,136
20848681,24.0228,23.9176,136,27739,0.09,0,1,423096,422960,136
20851601,24.0199,23.9279,136,27739,0.09,0,1,423120,422984,136
20854521,24.0174,23.9369,136,27739,0.09,0,1,423144,423008,136
20857441,24.0152,23.9448,136,27739,0.09,0,1,423168,423032,136
20860361,24.0133,23.9517,136,27739,0.09,0,1,423192,423056,136
20863281,24.0117,23.9577,136,27739,0.09,0,1,423216,423080,136
20866201,24.0102,23.963,136,27739,0.09,0,1,423240,423104,136
20869121,24.0089,23.9676,136,27739,0.09,0,1,423264,423128,136
20872041,24.0078,23.9717,136,27739,0.09,0,1,423288,423152,136
20874961,24.0068,23.9752,136,30659,0.09,0,1,423312,423176,136
20877881,24.006,23.9783,136,30659,0.11,0,1,423336,423200,136
20880801,24.0052,23.981,136,30659,0.11,0,1,423360,423224,136
20883721,24.0046,23.9834,136,30659,0.13,0,1,423384,423248,136
20886641,24.004,23.9855,136,27739,0.13,0,1,423408,423272,136
20889561,24.0035,23.9873,136,27739,0.13,0,1,423432,423296,136
20892481,24.0031,23.2389,142,27739,0.11,0,1,423456,423314,142
20895401,24.0027,22.584,148,27739,0.11,0,1,423480,423332,148
20898321,24.0024,22.011,154,27739,0.1,0,1,423504,423350,154
20901241,24.0021,21.5096,160,27739,0.1,0,1,423528,423368,160
20904161,24.0018,21.0709,166,27739,0.1,0,1,423552,423386,166
20907081,24.0016,22.4371,158,27739,0.1,0,1,423576,423418,158
20910001,24.0014,23.6324,150,27739,0.1,0,1,423600,423450,150
20912921,24.0012,24.6784,142,27739,0.1,0,1,423624,423482,142
20915841,24.0011,24.5936,142,27739,0.1,0,1,423648,423506,142
20918761,24.0009,24.5194,142,27739,0.1,0,1,423672,423530,142
20921681,24.0008,24.4545,142,27739,0.1,0,1,423696,423554,142
20924601,24.0007,24.3977,142,27739,0.1,0,1,423720,423578,142
20927521,24.0006,24.3479,142,27739,0.1,0,1,423744,423602,142
20930441,24.0005,24.3045,142,27739,0.1,0,1,423768,423626,142
20933361,24.0005,24.2664,142,27739,0.1,0,1,423792,423650,142
20936281,24.0004,24.2331,142,27739,0.1,0,1,423816,423674,142
20939201,24.0004,24.204,142,27739,0.1,0,1,423840,423698,142
20942121,24.0003,24.1785,142,27739,0.1,0,1,423864,423722,142
20945041,24.0003,24.1562,142,27739,0.1,0,1,423888,423746,142
20947961,24.0002,24.1366,142,27739,0.1,0,1,423912,423770,142
20950881,24.0002,24.1196,142,27739,0.1,0,1,423936,423794,142
20953801,24.0002,24.1046,142,27739,0.1,0,1,423960,423818,142
20956721,24.0002,24.0915,142,27739,0.1,0,1,423984,423842,142
20959641,24.0001,24.0801,142,27739,0.1,0,1,424008,423866,142
20962561,24.0001,24.0701,142,27739,0.1,0,1,424032,423890,142
20965481,24.0001,24.0613,142,27739,0.1,0,1,424056,423914,142
20968401,24.0001,24.0537,142,30659,0.11,0,1,424080,423938,142
20971321,24.0001,24.0469,142,30659,0.11,0,1,424104,423962,142
20974241,24.0001,24.0411,142,30659,0.13,0,1,424128,423986,142
20977161,24.0001,24.0359,142,30659,0.15,0,1,424152,424010,142
20980081,24.0001,24.0315,142,27739,0.15,0,1,424176,424034,142
20983001,24,24.0275,142,27739,0.15,0,1,424200,424058,142
20985921,24,23.2741,148,27739,0.13,0,1,424224,424076,148
20988841,24,22.6148,154,27739,0.13,0,1,424248,424094,154
20991761,24,22.038,160,27739,0.11,0,1,424272,424112,160
20994681,24,21.5332,166,27739,0.11,0,1,424296,424130,166
20997601,24,21.0916,172,27739,0.11,0,1,424320,424148,172
21000521,24,21.5801,171,27739,0.11,0,1,424344,424173,171
21003441,24,22.8826,163,27739,0.11,0,1,424368,424205,163
21006361,24,24.0223,155,27739,0.11,0,1,424392,424237,155
21009281,24,24.5195,151,27739,0.11,0,1,424416,424265,151
21012201,24,24.4546,151,27739,0.11,0,1,424440,424289,151
21015121,24,24.3977,151,27739,0.11,0,1,424464,424313,151
21018041,24,24.348,151,27739,0.11,0,1,424488,424337,151
21020961,24,24.3045,151,27739,0.11,0,1,424512,424361,151
21023881,24,24.2665,151,27739,0.11,0,1,424536,424385,151
21026801,24,24.2331,151,27739,0.11,0,1,424560,424409,151
21029721,24,24.204,151,27739,0.11,0,1,424584,424433,151
21032641,24,24.1785,151,27739,0.11,0,1,424608,424457,151
21035561,24,24.1562,151,27739,0.11,0,1,424632,424481,151
21038481,24,24.1367,151,27739,0.11,0,1,424656,424505,151
21041401,24,24.1196,151,27739,0.11,0,1,424680,424529,151
21044321,24,24.1046,151,27739,0.11,0,1,424704,424553,151
21047241,24,24.0916,151,27739,0.11,0,1,424728,424577,151
21050161,24,24.0801,151,27739,0.11,0,1,424752,424601,151
21053081,24,24.0701,151,27739,0.11,0,1,424776,424625,151
21056001,24,24.0613,151,27739,0.11,0,1,424800,424649,151
21058921,24,24.0537,151,27739,0.11,0,1,424824,424673,151
21061841,24,24.047,151,30659,0.11,0,1,424848,424697,151
21064761,24,24.0411,151,30659,0.13,0,1,424872,424721,151
21067681,24,24.036,151,30659,0.15,0,1,424896,424745,151
21070601,24,24.0315,151,30659,0.15,0,1,424920,424769,151
21073521,24,24.0275,151,27739,0.17,0,1,424944,424793,151
21076441,24,24.0241,151,27739,0.15,0,1,424968,424817,151
21079361,24,23.6461,154,27739,0.15,0,1,424992,424838,154
21082281,24,22.9403,160,27739,0.13,0,1,425016,424856,160
21085201,24,22.3228,166,27739,0.13,0,1,425040,424874,166
21088121,24,21.7824,172,27739,0.13,0,1,425064,424892,172
21091041,24,21.3096,178,27739,0.13,0,1,425088,424910,178
21093961,24,20.8959,184,27739,0.13,0,1,425112,424928,184
21096881,24,22.2839,176,27739,0.13,0,1,425136,424960,176
21099801,24,23.4984,168,27739,0.13,0,1,425160,424992,168
21102721,24,24.5611,160,27739,0.13,0,1,425184,425024,160
21105641,24,24.491,160,27739,0.13,0,1,425208,425048,160
21108561,24,24.4296,160,27739,0.13,0,1,425232,425072,160
21111481,24,24.3759,160,27739,0.13,0,1,425256,425096,160
21114401,24,24.3289,160,27739,0.13,0,1,425280,425120,160
21117321,24,24.2878,160,27739,0.13,0,1,425304,425144,160
21120241,24,24.2518,160,27739,0.13,0,1,425328,425168,160
21123161,24,24.2204,160,27739,0.13,0,1,425352,425192,160
21126081,24,24.1928,160,27739,0.13,0,1,425376,425216,160
21129001,24,24.1687,160,27739,0.13,0,1,425400,425240,160
21131921,24,24.1476,160,27739,0.13,0,1,425424,425264,160
21134841,24,24.1292,160,27739,0.13,0,1,425448,425288,160
21137761,24,24.113,160,27739,0.13,0,1,425472,425312,160
21140681,24,24.0989,160,27739,0.13,0,1,425496,425336,160
21143601,24,24.0865,160,27739,0.13,0,1,425520,425360,160
21146521,24,24.0757,160,27739,0.13,0,1,425544,425384,160
21149441,24,24.0663,160,27739,0.13,0,1,425568,425408,160
21152361,24,24.058,160,27739,0.13,0,1,425592,425432,160
21155281,24,24.0507,160,30659,0.13,0,1,425616,425456,160
21158201,24,24.0444,160,30659,0.15,0,1,425640,425480,160
21161121,24,24.0388,160,30659,0.15,0,1,425664,425504,160
21164041,24,24.034,160,30659,0.17,0,1,425688,425528,160
21166961,24,24.0297,160,27739,0.17,0,1,425712,425552,160
21169881,24,24.026,160,27739,0.17,0,1,425736,425576,160
21172801,24,24.0228,160,27739,0.15,0,1,425760,425600,160
21175721,24,23.2699,166,27739,0.15,0,1,425784,425618,166
21178641,24,22.6112,172,27739,0.14,0,1,425808,425636,172
21181561,24,22.0348,178,27739,0.14,0,1,425832,425654,178
21184481,24,21.5304,184,27739,0.14,0,1,425856,425672,184
21187401,24,21.0891,190,27739,0.14,0,1,425880,425690,190
21190321,24,22.453,182,27739,0.14,0,1,425904,425722,182
21193241,24,23.6464,174,27739,0.14,0,1,425928,425754,174
21196161,24,24.6906,166,27739,0.14,0,1,425952,425786,166
21199081,24,24.6042,166,27739,0.14,0,1,425976,425810,166
21202001,24,24.5287,166,27739,0.14,0,1,426000,425834,166
21204921,24,24.4626,166,27739,0.14,0,1,426024,425858,166
21207841,24,24.4048,166,27739,0.14,0,1,426048,425882,166
21210761,24,24.3542,166,27739,0.14,0,1,426072,425906,166
21213681,24,24.3099,166,27739,0.14,0,1,426096,425930,166
21216601,24,24.2712,166,27739,0.14,0,1,426120,425954,166
21219521,24,24.2373,166,27739,0.14,0,1,426144,425978,166
21222441,24,24.2076,166,27739,0.14,0,1,426168,426002,166
21225361,24,24.1817,166,27739,0.14,0,1,426192,426026,166
21228281,24,24.159,166,27739,0.14,0,1,426216,426050,166
21231201,24,24.1391,166,27739,0.14,0,1,426240,426074,166
21234121,24,24.1217,166,27739,0.14,0,1,426264,426098,166
21237041,24,24.1065,166,27739,0.14,0,1,426288,426122,166
21239961,24,24.0932,166,27739,0.14,0,1,426312,426146,166
21242881,24,24.0815,166,27739,0.14,0,1,426336,426170,166
21245801,24,24.0713,166,27739,0.14,0,1,426360,426194,166
21248721,24,24.0624,166,30659,0.15,0,1,426384,426218,166
21251641,24,24.0546,166,30659,0.15,0,1,426408,426242,166
21254561,24,24.0478,166,30659,0.17,0,1,426432,426266,166
21257481,24,24.0418,166,30659,0.19,0,1,426456,426290,166
21260401,24,24.0366,166,27739,0.19,0,1,426480,426314,166
21263321,24,24.032,166,27739,0.19,0,1,426504,426338,166
21266241,24,24.028,166,27739,0.17,0,1,426528,426362,166
21269161,24,23.2745,172,27739,0.17,0,1,426552,426380,172
21272081,24,22.6152,178,27739,0.15,0,1,426576,426398,178
21275001,24,22.0383,184,27739,0.15,0,1,426600,426416,184
21277921,24,21.5335,190,27739,0.15,0,1,426624,426434,190
21280841,24,21.0918,196,27739,0.15,0,1,426648,426452,196
21283761,24,21.5803,195,27739,0.15,0,1,426672,426477,195
21286681,24,22.8828,187,27739,0.15,0,1,426696,426509,187
21289601,24,24.0225,179,27739,0.15,0,1,426720,426541,179
21292521,24,24.5196,175,27739,0.15,0,1,426744,426569,175
21295441,24,24.4547,175,27739,0.15,0,1,426768,426593,175
21298361,24,24.3979,175,27739,0.15,0,1,426792,426617,175
21301281,24,24.3481,175,27739,0.15,0,1,426816,426641,175
21304201,24,24.3046,175,27739,0.15,0,1,426840,426665,175
21307121,24,24.2665,175,27739,0.15,0,1,426864,426689,175
21310041,24,24.2332,175,27739,0.15,0,1,426888,426713,175
21312961,24,24.2041,175,27739,0.15,0,1,426912,426737,175
21315881,24,24.1786,175,27739,0.15,0,1,426936,426761,175
21318801,24,24.1562,175,27739,0.15,0,1,426960,426785,175
21321721,24,24.1367,175,27739,0.15,0,1,426984,426809,175
21324641,24,24.1196,175,27739,0.15,0,1,427008,426833,175
21327561,24,24.1047,175,27739,0.15,0,1,427032,426857,175
21330481,24,24.0916,175,27739,0.15,0,1,427056,426881,175
21333401,24,24.0801,175,27739,0.15,0,1,427080,426905,175
21336321,24,24.0701,175,27739,0.15,0,1,427104,426929,175
21339241,24,24.0614,175,27739,0.15,0,1,427128,426953,175
21342161,24,24.0537,175,30659,0.15,0,1,427152,426977,175
21345081,24,24.047,175,30659,0.17,0,1,427176,427001,175
21348001,24,24.0411,175,30659,0.19,0,1,427200,427025,175
21350921,24,24.036,175,30659,0.19,0,1,427224,427049,175
21353841,24,24.0315,175,27739,0.21,0,1,427248,427073,175
21356761,24,24.0275,175,27739,0.19,0,1,427272,427097,175
21359681,24,24.0241,175,27739,0.19,0,1,427296,427121,175
21362601,24,23.6461,178,27739,0.17,0,1,427320,427142,178
21365521,24,22.9403,184,27739,0.17,0,1,427344,427160,184
21368441,24,22.3228,190,27739,0.17,0,1,427368,427178,190
21371361,24,21.7824,196,27739,0.17,0,1,427392,427196,196
21374281,24,21.3096,202,27739,0.17,0,1,427416,427214,202
21377201,24,20.8959,208,27739,0.17,0,1,427440,427232,208
21380121,24,22.2839,200,27739,0.17,0,1,427464,427264,200
21383041,24,23.4984,192,27739,0.17,0,1,427488,427296,192
21385961,24,24.5611,184,27739,0.17,0,1,427512,427328,184
21388881,24,24.491,184,27739,0.17,0,1,427536,427352,184
21391801,24,24.4296,184,27739,0.17,0,1,427560,427376,184
21394721,24,24.3759,184,27739,0.17,0,1,427584,427400,184
21397641,24,24.3289,184,27739,0.17,0,1,427608,427424,184
21400561,24,24.2878,184,27739,0.17,0,1,427632,427448,184
21403481,24,24.2518,184,27739,0.17,0,1,427656,427472,184
21406401,24,24.2204,184,27739,0.17,0,1,427680,427496,184
21409321,24,24.1928,184,27739,0.17,0,1,427704,427520,184
21412241,24,24.1687,184,27739,0.17,0,1,427728,427544,184
21415161,24,24.1476,184,27739,0.17,0,1,427752,427568,184
21418081,24,24.1292,184,27739,0.17,0,1,427776,427592,184
21421001,24,24.113,184,27739,0.17,0,1,427800,427616,184
21423921,24,24.0989,184,27739,0.17,0,1,427824,427640,184
21426841,24,24.0865,184,27739,0.17,0,1,427848,427664,184
21429761,24,24.0757,184,27739,0.17,0,1,427872,427688,184
21432681,24,24.0663,184,27739,0.17,0,1,427896,427712,184
21435601,24,24.058,184,30659,0.17,0,1,427920,427736,184
21438521,24,24.0507,184,30659,0.19,0,1,427944,427760,184
21441441,24,24.0444,184,30659,0.19,0,1,427968,427784,184
21444361,24,24.0388,184,30659,0.21,0,1,427992,427808,184
21447281,24,24.034,184,27739,0.21,0,1,428016,427832,184
21450201,24,24.0297,184,27739,0.21,0,1,428040,427856,184
21453121,24,24.026,184,27739,0.18,0,1,428064,427880,184
21456041,24,24.0228,184,27739,0.14,0,1,428088,427904,184
21458961,24,23.2699,190,27739,0.1,0,1,428112,427922,190
21461881,24,22.6112,196,27739,0.06,0,1,428136,427940,196
21464801,24,22.0348,202,27739,0.02,0,1,428160,427958,202
21467721,24,21.5304,208,27739,0,0,1,428184,427976,208
21470641,24,21.0891,214,27739,0,0,1,428208,427994,214
21472881,23.25,22.453,200,27739,0,0,1,428226,428026,200
21475801,385.719,399.521,84,27739,0.01,0,1,431149,431065,84
21478721,340.504,352.581,84,27739,0.01,0,1,431173,431089,84
21481641,300.941,311.509,84,27739,0.01,0,1,431197,431113,84
21484561,266.323,275.57,84,27739,0.01,0,1,431221,431137,84
21487481,236.033,244.124,84,27739,0.01,0,1,431245,431161,84
21490401,209.529,216.608,84,27739,0.01,0,1,431269,431185,84
21493321,186.338,192.532,84,27739,0.01,0,1,431293,431209,84
21496241,166.045,171.466,84,27739,0.01,0,1,431317,431233,84
21499161,148.29,153.032,84,27739,0.01,0,1,431341,431257,84
21502081,132.754,136.903,84,27739,0.01,0,1,431365,431281,84
21505001,119.159,122.79,84,27739,0.01,0,1,431389,431305,84
21507921,107.264,110.442,84,27739,0.01,0,1,431413,431329,84
21510841,96.8564,99.6365,84,27739,0.01,0,1,431437,431353,84
21513761,87.7493,90.1819,84,27739,0.01,0,1,431461,431377,84
21516681,79.7807,81.9092,84,27739,0.01,0,1,431485,431401,84
21519601,72.8081,74.6705,84,27739,0.01,0,1,431509,431425,84
21522521,66.7071,68.3367,84,27739,0.01,0,1,431533,431449,84
21525441,61.3687,62.7946,84,30659,0.01,0,1,431557,431473,84
21528361,56.6976,57.9453,84,30659,0.01,0,1,431581,431497,84
21531281,52.6104,53.7021,84,30659,0.03,0,1,431605,431521,84
21534201,49.0341,49.9894,84,30659,0.05,0,1,431629,431545,84
21537121,45.9048,45.9907,90,30659,0.05,0,1,431653,431563,90
21540041,43.1667,42.4919,96,30659,0.07,0,1,431677,431581,96
21542961,40.7709,39.4304,102,30659,0.09,0,1,431701,431599,102
21545881,38.6745,36.7516,108,30659,0.09,0,1,431725,431617,108
21548801,36.8402,34.4076,114,30659,0.11,0,1,431749,431635,114
21551721,35.2352,32.3567,120,30659,0.13,0,1,431773,431653,120
21554641,33.8308,30.5621,126,27739,0.13,0,1,431797,431671,126
21557561,32.6019,28.9918,132,27739,0.12,0,1,431821,431689,132
21560481,31.5267,27.6179,138,27739,0.11,0,1,431845,431707,138
21563401,30.5859,26.4156,144,27739,0.1,0,1,431869,431725,144
21566321,29.7626,25.3637,150,27739,0.09,0,1,431893,431743,150
21569241,29.0423,24.4432,156,27739,0.09,0,1,431917,431761,156
21572161,28.412,23.6378,162,27739,0.09,0,1,431941,431779,162
21575081,27.8605,24.6831,154,27739,0.09,0,1,431965,431811,154
21578001,27.3779,25.5977,146,27739,0.09,0,1,431989,431843,146
21580921,26.9557,26.398,138,27739,0.09,0,1,432013,431875,138
21583841,26.5862,26.0982,138,27739,0.09,0,1,432037,431899,138
21586761,26.263,25.836,138,27739,0.09,0,1,432061,431923,138
21589681,25.9801,25.6065,138,27739,0.09,0,1,432085,431947,138
21592601,25.7326,25.4057,138,27739,0.09,0,1,432109,431971,138
21595521,25.516,25.2299,138,27739,0.09,0,1,432133,431995,138
21598441,25.3265,25.0762,138,27739,0.09,0,1,432157,432019,138
21601361,25.1607,24.9417,138,27739,0.09,0,1,432181,432043,138
21604281,25.0156,24.824,138,27739,0.09,0,1,432205,432067,138
21607201,24.8887,24.721,138,27739,0.09,0,1,432229,432091,138
21610121,24.7776,24.6309,138,27739,0.09,0,1,432253,432115,138
21613041,24.6804,24.552,138,27739,0.09,0,1,432277,432139,138
21615961,24.5953,24.483,138,27739,0.09,0,1,432301,432163,138
21618881,24.5209,24.4226,138,27739,0.09,0,1,432325,432187,138
21621801,24.4558,24.3698,138,27739,0.09,0,1,432349,432211,138
21624721,24.3988,24.3236,138,27739,0.09,0,1,432373,432235,138
21627641,24.349,24.2831,138,27739,0.09,0,1,432397,432259,138
21630561,24.3053,24.2477,138,27739,0.09,0,1,432421,432283,138
21633481,24.2672,24.2168,138,27739,0.09,0,1,432445,432307,138
21636401,24.2338,24.1897,138,30659,0.09,0,1,432469,432331,138
21639321,24.2046,24.166,138,30659,0.11,0,1,432493,432355,138
21642241,24.179,24.1452,138,5840,0.09,0,1,432517,432379,138
21645161,24.1566,24.1271,138,5840,0.05,0,1,432541,432403,138
21648081,24.137,24.1112,138,5840,0.01,0,1,432565,432427,138
21651001,24.1199,24.0973,138,5840,0,0,1,432589,432451,138
21653921,24.1049,23.3351,144,5840,0,0,1,432613,432469,144
21656841,27.0918,22.6682,174,5840,0,0,1,432661,432487,174
21659761,28.2053,35.5847,84,5840,0,0,1,432697,432613,84
21662681,30.6797,37.1366,84,5840,0,0,1,432745,432661,84
21665601,31.3447,36.9945,84,5840,0,0,1,432781,432697,84
21668521,33.4266,38.3702,84,5840,0,0,1,432829,432745,84
21671441,33.7483,38.0739,84,35039,0.01,0,1,432865,432781,84
21674361,35.5298,39.3147,84,34066,0.01,0,1,432913,432829,84
21677281,34.0885,37.4004,84,33093,0.01,0,1,432937,432853,84
21680201,32.8275,35.7253,84,32363,0.01,0,1,432961,432877,84
21683121,31.724,34.2597,84,31633,0.01,0,1,432985,432901,84
21686041,30.7585,32.9772,84,31146,0.01,0,1,433009,432925,84
21688961,29.9137,31.855,84,30659,0.01,0,1,433033,432949,84
21691881,29.1745,30.8732,84,30173,0.01,0,1,433057,432973,84
21694801,28.5277,30.014,84,32606,0.01,0,1,433081,432997,84
21697721,27.9617,29.2623,84,32363,0.01,0,1,433105,433021,84
21700641,27.4665,28.6045,84,32119,0.03,0,1,433129,433045,84
21703561,27.0332,28.0289,84,31876,0.05,0,1,433153,433069,84
21706481,26.654,26.7753,90,31633,0.05,0,1,433177,433087,90
21709401,26.3223,25.6784,96,31633,0.07,0,1,433201,433105,96
21712321,26.032,24.7186,102,28574,0.08,0,1,433225,433123,102
21715241,25.778,23.8788,108,28574,0.09,0,1,433249,433141,108
21718161,25.5558,23.1439,114,31494,0.09,0,1,433273,433159,114
21721081,25.3613,22.5009,120,31633,0.11,0,1,433297,433177,120
21724001,25.1911,21.9383,126,31633,0.11,0,1,433321,433195,126
21726921,25.0422,21.696,130,31633,0.13,0,1,433345,433215,130
21729841,24.912,21.734,132,31633,0.15,0,1,433369,433237,132
21732761,24.798,21.7673,134,28713,0.15,0,1,433393,433259,134
21735681,24.6982,21.2964,140,28713,0.13,0,1,433417,433277,140
21738601,24.6109,20.8843,146,28713,0.13,0,1,433441,433295,146
21741521,24.5346,20.5238,152,28713,0.11,0,1,433465,433313,152
21744441,24.4677,20.2083,158,28713,0.11,0,1,433489,433331,158
21747361,24.4093,19.9323,164,28713,0.11,0,1,433513,433349,164
21750281,24.3581,19.6907,170,28713,0.11,0,1,433537,433367,170
21753201,24.3134,20.3544,169,28713,0.11,0,1,433561,433392,169
21756121,24.2742,21.8101,161,28713,0.11,0,1,433585,433424,161
21759041,24.2399,23.0838,153,28713,0.11,0,1,433609,433456,153
21761961,24.2099,23.6984,149,28713,0.11,0,1,433633,433484,149
21764881,24.1837,23.7361,149,28713,0.11,0,1,433657,433508,149
21767801,24.1607,23.7691,149,28713,0.11,0,1,433681,433532,149
21770721,24.1406,23.7979,149,28713,0.11,0,1,433705,433556,149
21773641,24.1231,23.8232,149,28713,0.11,0,1,433729,433580,149
21776561,24.1077,23.8453,149,28713,0.11,0,1,433753,433604,149
21779481,24.0942,23.8646,149,28713,0.11,0,1,433777,433628,149
21782401,24.0824,23.8815,149,28713,0.11,0,1,433801,433652,149
21785321,24.0721,23.8964,149,28713,0.11,0,1,433825,433676,149
21788241,24.0631,23.9093,149,28713,0.11,0,1,433849,433700,149
21791161,24.0552,23.9206,149,28713,0.11,0,1,433873,433724,149
21794081,24.0483,23.9306,149,28713,0.11,0,1,433897,433748,149
21797001,24.0423,23.9392,149,28713,0.11,0,1,433921,433772,149
21799921,24.037,23.9468,149,28713,0.11,0,1,433945,433796,149
21802841,24.0324,23.9535,149,28713,0.11,0,1,433969,433820,149
21805761,24.0283,23.9593,149,28713,0.11,0,1,433993,433844,149
21808681,24.0248,23.9644,149,28713,0.11,0,1,434017,433868,149
21811601,24.0217,23.9688,149,28713,0.11,0,1,434041,433892,149
21814521,24.019,23.9727,149,31633,0.11,0,1,434065,433916,149
21817441,24.0166,23.9761,149,31633,0.13,0,1,434089,433940,149
21820361,24.0145,23.9791,149,31633,0.15,0,1,434113,433964,149
21823281,24.0127,23.9817,149,31633,0.15,0,1,434137,433988,149
21826201,24.0111,23.984,149,28713,0.15,0,1,434161,434012,149
21829121,24.0097,23.986,149,28713,0.15,0,1,434185,434036,149
21832041,24.0085,23.6128,152,28713,0.13,0,1,434209,434057,152
21834961,24.0075,22.9112,158,28713,0.13,0,1,434233,434075,158
21837881,24.0065,22.2973,164,28713,0.13,0,1,434257,434093,164
21840801,24.0057,21.7601,170,28713,0.13,0,1,434281,434111,170
21843721,24.005,21.2901,176,28713,0.13,0,1,434305,434129,176
21846641,24.0044,21.7538,175,28713,0.13,0,1,434329,434154,175
21849561,24.0038,23.0346,167,28713,0.13,0,1,434353,434186,167
21852481,24.0033,24.1553,159,28713,0.13,0,1,434377,434218,159
21855401,24.0029,24.6359,155,28713,0.13,0,1,434401,434246,155
21858321,24.0026,24.5564,155,28713,0.13,0,1,434425,434270,155
21861241,24.0022,24.4868,155,28713,0.13,0,1,434449,434294,155
21864161,24.002,24.426,155,28713,0.13,0,1,434473,434318,155
21867081,24.0017,24.3727,155,28713,0.13,0,1,434497,434342,155
21870001,24.0015,24.3261,155,28713,0.13,0,1,434521,434366,155
21872921,24.0013,24.2854,155,28713,0.13,0,1,434545,434390,155
21875841,24.0011,24.2497,155,28713,0.13,0,1,434569,434414,155
21878761,24.001,24.2185,155,28713,0.13,0,1,434593,434438,155
21881681,24.0009,24.1912,155,28713,0.13,0,1,434617,434462,155
21884601,24.0008,24.1673,155,28713,0.13,0,1,434641,434486,155
21887521,24.0007,24.1464,155,28713,0.13,0,1,434665,434510,155
21890441,24.0006,24.1281,155,28713,0.13,0,1,434689,434534,155
21893361,24.0005,24.1121,155,28713,0.13,0,1,434713,434558,155
21896281,24.0005,24.0981,155,28713,0.13,0,1,434737,434582,155
21899201,24.0004,24.0858,155,28713,0.13,0,1,434761,434606,155
21902121,24.0003,24.0751,155,28713,0.13,0,1,434785,434630,155
21905041,24.0003,24.0657,155,28713,0.13,0,1,434809,434654,155
21907961,24.0003,24.0575,155,31633,0.13,0,1,434833,434678,155
21910881,24.0002,24.0503,155,31633,0.15,0,1,434857,434702,155
21913801,24.0002,24.044,155,31633,0.15,0,1,434881,434726,155
21916721,24.0002,24.0385,155,31633,0.17,0,1,434905,434750,155
21919641,24.0002,24.0337,155,28713,0.17,0,1,434929,434774,155
21922561,24.0001,24.0295,155,28713,0.17,0,1,434953,434798,155
21925481,24.0001,23.6508,158,28713,0.15,0,1,434977,434819,158
21928401,24.0001,22.9444,164,28713,0.15,0,1,435001,434837,164
21931321,24.0001,22.3264,170,28713,0.13,0,1,435025,434855,170
21934241,24.0001,21.7856,176,28713,0.13,0,1,435049,434873,176
21937161,24.0001,21.3124,182,28713,0.13,0,1,435073,434891,182
21940081,24.0001,20.8983,188,28713,0.13,0,1,435097,434909,188
21943001,24.0001,22.2861,180,28713,0.13,0,1,435121,434941,180
21945921,24,23.5003,172,28713,0.13,0,1,435145,434973,172
21948841,24,24.5628,164,28713,0.13,0,1,435169,435005,164
21951761,24,24.4924,164,28713,0.13,0,1,435193,435029,164
21954681,24,24.4309,164,28713,0.13,0,1,435217,435053,164
21957601,24,24.377,164,28713,0.13,0,1,435241,435077,164
21960521,24,24.3299,164,28713,0.13,0,1,435265,435101,164
21963441,24,24.2886,164,28713,0.13,0,1,435289,435125,164
21966361,24,24.2526,164,28713,0.13,0,1,435313,435149,164
21969281,24,24.221,164,28713,0.13,0,1,435337,435173,164
21972201,24,24.1934,164,28713,0.13,0,1,435361,435197,164
21975121,24,24.1692,164,28713,0.13,0,1,435385,435221,164
21978041,24,24.148,164,28713,0.13,0,1,435409,435245,164
21980961,24,24.1295,164,28713,0.13,0,1,435433,435269,164
21983881,24,24.1133,164,28713,0.13,0,1,435457,435293,164
21986801,24,24.0992,164,28713,0.13,0,1,435481,435317,164
21989721,24,24.0868,164,28713,0.13,0,1,435505,435341,164
21992641,24,24.0759,164,28713,0.13,0,1,435529,435365,164
21995561,24,24.0664,164,28713,0.13,0,1,435553,435389,164
21998481,24,24.0581,164,28713,0.13,0,1,435577,435413,164
22001401,24,24.0509,164,31633,0.15,0,1,435601,435437,164
22004321,24,24.0445,164,31633,0.15,0,1,435625,435461,164
22007241,24,24.0389,164,31633,0.17,0,1,435649,435485,164
22010161,24,24.0341,164,31633,0.19,0,1,435673,435509,164
22013081,24,24.0298,164,28713,0.19,0,1,435697,435533,164
22016001,24,24.0261,164,28713,0.17,0,1,435721,435557,164
22018921,24,24.0228,164,28713,0.17,0,1,435745,435581,164
22021841,24,23.27,170,28713,0.15,0,1,435769,435599,170
22024761,24,22.6112,176,28713,0.15,0,1,435793,435617,176
22027681,24,22.0348,182,28713,0.15,0,1,435817,435635,182
22030601,24,21.5305,188,28713,0.15,0,1,435841,435653,188
22033521,24,21.0892,194,28713,0.15,0,1,435865,435671,194
22036441,24,21.578,193,28713,0.15,0,1,435889,435696,193
22039361,24,22.8808,185,28713,0.15,0,1,435913,435728,185
22042281,24,24.0207,177,28713,0.15,0,1,435937,435760,177
22045201,24,24.5181,173,28713,0.15,0,1,435961,435788,173
22048121,24,24.4533,173,28713,0.15,0,1,435985,435812,173
22051041,24,24.3967,173,28713,0.15,0,1,436009,435836,173
22053961,24,24.3471,173,28713,0.15,0,1,436033,435860,173
22056881,24,24.3037,173,28713,0.15,0,1,436057,435884,173
22059801,24,24.2657,173,28713,0.15,0,1,436081,435908,173
22062721,24,24.2325,173,28713,0.15,0,1,436105,435932,173
22065641,24,24.2035,173,28713,0.15,0,1,436129,435956,173
22068561,24,24.178,173,28713,0.15,0,1,436153,435980,173
22071481,24,24.1558,173,28713,0.15,0,1,436177,436004,173
22074401,24,24.1363,173,28713,0.15,0,1,436201,436028,173
22077321,24,24.1193,173,28713,0.15,0,1,436225,436052,173
22080241,24,24.1044,173,28713,0.15,0,1,436249,436076,173
22083161,24,24.0913,173,28713,0.15,0,1,436273,436100,173
22086081,24,24.0799,173,28713,0.15,0,1,436297,436124,173
22089001,24,24.0699,173,28713,0.15,0,1,436321,436148,173
22091921,24,24.0612,173,28713,0.15,0,1,436345,436172,173
22094841,24,24.0535,173,31633,0.15,0,1,436369,436196,173
22097761,24,24.0468,173,31633,0.17,0,1,436393,436220,173
22100681,24,24.041,173,31633,0.19,0,1,436417,436244,173
22103601,24,24.0359,173,31633,0.19,0,1,436441,436268,173
22106521,24,24.0314,173,28713,0.19,0,1,436465,436292,173
22109441,24,24.0275,173,28713,0.19,0,1,436489,436316,173
22112361,24,24.024,173,28713,0.17,0,1,436513,436340,173
22115281,24,23.646,176,28713,0.17,0,1,436537,436361,176
22118201,24,22.9403,182,28713,0.17,0,1,436561,436379,182
22121121,24,22.3227,188,28713,0.17,0,1,436585,436397,188
22124041,24,21.7824,194,28713,0.17,0,1,436609,436415,194
22126961,24,21.3096,200,28713,0.17,0,1,436633,436433,200
22129881,24,21.7709,199,28713,0.17,0,1,436657,436458,199
22132801,24,23.0495,191,28713,0.17,0,1,436681,436490,191
22135721,24,24.1683,183,28713,0.17,0,1,436705,436522,183
22138641,24,24.6473,179,28713,0.17,0,1,436729,436550,179
22141561,24,24.5664,179,28713,0.17,0,1,436753,436574,179
22144481,24,24.4956,179,28713,0.17,0,1,436777,436598,179
22147401,24,24.4336,179,28713,0.17,0,1,436801,436622,179
22150321,24,24.3794,179,28713,0.17,0,1,436825,436646,179
22153241,24,24.332,179,28713,0.17,0,1,436849,436670,179
22156161,24,24.2905,179,28713,0.17,0,1,436873,436694,179
22159081,24,24.2542,179,28713,0.17,0,1,436897,436718,179
22162001,24,24.2224,179,28713,0.17,0,1,436921,436742,179
22164921,24,24.1946,179,28713,0.17,0,1,436945,436766,179
22167841,24,24.1703,179,28713,0.17,0,1,436969,436790,179
22170761,24,24.149,179,28713,0.17,0,1,436993,436814,179
22173681,24,24.1304,179,28713,0.17,0,1,437017,436838,179
22176601,24,24.1141,179,28713,0.17,0,1,437041,436862,179
22179521,24,24.0998,179,28713,0.17,0,1,437065,436886,179
22182441,24,24.0873,179,28713,0.17,0,1,437089,436910,179
22185361,24,24.0764,179,28713,0.17,0,1,437113,436934,179
22188281,24,24.0669,179,31633,0.17,0,1,437137,436958,179
22191201,24,24.0585,179,31633,0.19,0,1,437161,436982,179
22194121,24,24.0512,179,31633,0.19,0,1,437185,437006,179
22197041,24,24.0448,179,31633,0.21,0,1,437209,437030,179
22199961,24,24.0392,179,28713,0.21,0,1,437233,437054,179
22202881,24,24.0343,179,28713,0.21,0,1,437257,437078,179
22205801,24,24.03,179,28713,0.19,0,1,437281,437102,179
22208721,24,23.6513,182,28713,0.19,0,1,437305,437123,182
22211641,24,22.9449,188,28713,0.17,0,1,437329,437141,188
22214561,24,22.3267,194,28713,0.17,0,1,437353,437159,194
22217481,24,21.7859,200,28713,0.17,0,1,437377,437177,200
22220401,24,21.3127,206,28713,0.17,0,1,437401,437195,206
22223321,24,20.8986,212,28713,0.14,0,1,437425,437213,212
22226241,24,22.2863,204,28713,0.1,0,1,437449,437245,204
22229161,24,23.5005,196,28713,0.06,0,1,437473,437277,196
22232081,24,24.5629,188,28713,0.02,0,1,437497,437309,188
22235001,24,24.4926,188,28713,0,0,1,437521,437333,188
22237921,24,24.431,188,28713,0,0,1,437545,437357,188
22240401,23.5,24.3771,184,28713,0,0,1,437565,437381,184
22243321,79.9375,93.205,84,28713,0.01,0,1,438040,437956,84
22246241,72.9453,84.5544,84,28713,0.01,0,1,438064,437980,84
22249161,66.8271,76.9851,84,28713,0.01,0,1,438088,438004,84
22252081,61.4738,70.3619,84,28713,0.01,0,1,438112,438028,84
22255001,56.7895,64.5667,84,28713,0.01,0,1,438136,438052,84
22257921,52.6908,59.4958,84,28713,0.01,0,1,438160,438076,84
22260841,49.1045,55.0589,84,28713,0.01,0,1,438184,438100,84
22263761,45.9664,51.1765,84,28713,0.01,0,1,438208,438124,84
22266681,43.2206,47.7794,84,28713,0.01,0,1,438232,438148,84
22269601,40.818,44.807,84,28713,0.01,0,1,438256,438172,84
22272521,38.7158,42.2061,84,28713,0.01,0,1,438280,438196,84
22275441,36.8763,39.9304,84,28713,0.01,0,1,438304,438220,84
22278361,35.2668,37.9391,84,28713,0.01,0,1,438328,438244,84
22281281,33.8584,36.1967,84,31633,0.01,0,1,438352,438268,84
22284201,32.6261,34.6721,84,31633,0.01,0,1,438376,438292,84
22287121,31.5479,33.3381,84,31633,0.03,0,1,438400,438316,84
22290041,30.6044,32.1708,84,31633,0.05,0,1,438424,438340,84
22292961,29.7788,30.3995,90,31633,0.05,0,1,438448,438358,90
22295881,29.0565,28.8495,96,31633,0.07,0,1,438472,438376,96
22298801,28.4244,27.4933,102,31633,0.09,0,1,438496,438394,102
22301721,27.8714,26.3067,108,31633,0.09,0,1,438520,438412,108
22304641,27.3874,25.2683,114,31633,0.11,0,1,438544,438430,114
22307561,26.964,24.3598,120,31633,0.13,0,1,438568,438448,120
22310481,26.5935,23.5648,126,31633,0.13,0,1,438592,438466,126
22313401,26.2693,22.8692,132,31633,0.15,0,1,438616,438484,132
22316321,25.9857,22.2606,138,28713,0.15,0,1,438640,438502,138
22319241,25.7375,21.728,144,28713,0.15,0,1,438664,438520,144
22322161,25.5203,21.262,150,28713,0.13,0,1,438688,438538,150
22325081,25.3302,20.8542,156,28713,0.13,0,1,438712,438556,156
22328001,25.164,20.4975,162,28713,0.11,0,1,438736,438574,162
22330921,25.0185,20.1853,168,28713,0.11,0,1,438760,438592,168
22333841,24.8912,19.9121,174,28713,0.11,0,1,438784,438610,174
22336761,24.7798,20.5481,173,28713,0.11,0,1,438808,438635,173
22339681,24.6823,21.9796,165,28713,0.11,0,1,438832,438667,165
22342601,24.597,23.2321,157,28713,0.11,0,1,438856,438699,157
22345521,24.5224,23.8281,153,28713,0.11,0,1,438880,438727,153
22348441,24.4571,23.8496,153,28713,0.11,0,1,438904,438751,153
22351361,24.3999,23.8684,153,28713,0.11,0,1,438928,438775,153
22354281,24.35,23.8849,153,28713,0.11,0,1,438952,438799,153
22357201,24.3062,23.8993,153,28713,0.11,0,1,438976,438823,153
22360121,24.2679,23.9118,153,28713,0.11,0,1,439000,438847,153
22363041,24.2344,23.9229,153,28713,0.11,0,1,439024,438871,153
22365961,24.2051,23.9325,153,28713,0.11,0,1,439048,438895,153
22368881,24.1795,23.9409,153,28713,0.11,0,1,439072,438919,153
22371801,24.1571,23.9483,153,28713,0.11,0,1,439096,438943,153
22374721,24.1374,23.9548,153,28713,0.11,0,1,439120,438967,153
22377641,24.1202,23.9604,153,28713,0.11,0,1,439144,438991,153
22380561,24.1052,23.9654,153,28713,0.11,0,1,439168,439015,153
22383481,24.0921,23.9697,153,28713,0.11,0,1,439192,439039,153
22386401,24.0806,23.9735,153,28713,0.11,0,1,439216,439063,153
22389321,24.0705,23.9768,153,28713,0.11,0,1,439240,439087,153
22392241,24.0617,23.9797,153,28713,0.11,0,1,439264,439111,153
22395161,24.054,23.9822,153,28713,0.11,0,1,439288,439135,153
22398081,24.0472,23.9845,153,31633,0.13,0,1,439312,439159,153
22401001,24.0413,23.9864,153,31633,0.13,0,1,439336,439183,153
22403921,24.0362,23.9881,153,31633,0.15,0,1,439360,439207,153
22406841,24.0316,23.9896,153,31633,0.17,0,1,439384,439231,153
22409761,24.0277,23.9909,153,28713,0.17,0,1,439408,439255,153
22412681,24.0242,23.992,153,28713,0.16,0,1,439432,439279,153
22415601,24.0212,23.618,156,28713,0.15,0,1,439456,439300,156
22418521,24.0185,22.9158,162,28713,0.14,0,1,439480,439318,162
22421441,24.0162,22.3013,168,28713,0.13,0,1,439504,439336,168
22424361,24.0142,21.7636,174,28713,0.13,0,1,439528,439354,174
22427281,24.0124,21.2932,180,28713,0.13,0,1,439552,439372,180
22430201,24.0109,20.8815,186,28713,0.13,0,1,439576,439390,186
22433121,24.0095,22.2713,178,28713,0.13,0,1,439600,439422,178
22436041,24.0083,23.4874,170,28713,0.13,0,1,439624,439454,170
22438961,24.0073,24.5515,162,28713,0.13,0,1,439648,439486,162
22441881,24.0064,24.4826,162,28713,0.13,0,1,439672,439510,162
22444801,24.0056,24.4222,162,28713,0.13,0,1,439696,439534,162
22447721,24.0049,24.3695,162,28713,0.13,0,1,439720,439558,162
22450641,24.0043,24.3233,162,28713,0.13,0,1,439744,439582,162
22453561,24.0037,24.2829,162,28713,0.13,0,1,439768,439606,162
22456481,24.0033,24.2475,162,28713,0.13,0,1,439792,439630,162
22459401,24.0029,24.2166,162,28713,0.13,0,1,439816,439654,162
22462321,24.0025,24.1895,162,28713,0.13,0,1,439840,439678,162
22465241,24.0022,24.1658,162,28713,0.13,0,1,439864,439702,162
22468161,24.0019,24.1451,162,28713,0.13,0,1,439888,439726,162
22471081,24.0017,24.1269,162,28713,0.13,0,1,439912,439750,162
22474001,24.0015,24.1111,162,28713,0.13,0,1,439936,439774,162
22476921,24.0013,24.0972,162,28713,0.13,0,1,439960,439798,162
22479841,24.0011,24.085,162,28713,0.13,0,1,439984,439822,162
22482761,24.001,24.0744,162,28713,0.13,0,1,440008,439846,162
22485681,24.0009,24.0651,162,28713,0.13,0,1,440032,439870,162
22488601,24.0008,24.057,162,28713,0.13,0,1,440056,439894,162
22491521,24.0007,24.0499,162,31633,0.13,0,1,440080,439918,162
22494441,24.0006,24.0436,162,31633,0.15,0,1,440104,439942,162
22497361,24.0005,24.0382,162,31633,0.17,0,1,440128,439966,162
22500281,24.0004,24.0334,162,31633,0.17,0,1,440152,439990,162
22503201,24.0004,24.0292,162,28713,0.17,0,1,440176,440014,162
22506121,24.0003,24.0256,162,28713,0.17,0,1,440200,440038,162
22509041,24.0003,24.0224,162,28713,0.15,0,1,440224,440062,162
22511961,24.0003,23.2696,168,28713,0.15,0,1,440248,440080,168
22514881,24.0002,22.6109,174,28713,0.13,0,1,440272,440098,174
22517801,24.0002,22.0345,180,28713,0.13,0,1,440296,440116,180
22520721,24.0002,21.5302,186,28713,0.13,0,1,440320,440134,186
22523641,24.0002,21.0889,192,28713,0.13,0,1,440344,440152,192
22526561,24.0001,22.4528,184,28713,0.13,0,1,440368,440184,184
22529481,24.0001,23.6462,176,28713,0.13,0,1,440392,440216,176
22532401,24.0001,24.6904,168,28713,0.13,0,1,440416,440248,168
22535321,24.0001,25.1041,164,28713,0.13,0,1,440440,440276,164
22538241,24.0001,24.9661,164,28713,0.13,0,1,440464,440300,164
22541161,24.0001,24.8454,164,28713,0.13,0,1,440488,440324,164
22544081,24.0001,24.7397,164,28713,0.13,0,1,440512,440348,164
22547001,24.0001,24.6472,164,28713,0.13,0,1,440536,440372,164
22549921,24,24.5663,164,28713,0.13,0,1,440560,440396,164
22552841,24,24.4955,164,28713,0.13,0,1,440584,440420,164
22555761,24,24.4336,164,28713,0.13,0,1,440608,440444,164
22558681,24,24.3794,164,28713,0.13,0,1,440632,440468,164
22561601,24,24.332,164,28713,0.13,0,1,440656,440492,164
22564521,24,24.2905,164,28713,0.13,0,1,440680,440516,164
22567441,24,24.2542,164,28713,0.13,0,1,440704,440540,164
22570361,24,24.2224,164,28713,0.13,0,1,440728,440564,164
22573281,24,24.1946,164,28713,0.13,0,1,440752,440588,164
22576201,24,24.1703,164,28713,0.13,0,1,440776,440612,164
22579121,24,24.149,164,28713,0.13,0,1,440800,440636,164
22582041,24,24.1304,164,28713,0.13,0,1,440824,440660,164
22584961,24,24.1141,164,31633,0.15,0,1,440848,440684,164
22587881,24,24.0998,164,31633,0.15,0,1,440872,440708,164
22590801,24,24.0873,164,31633,0.17,0,1,440896,440732,164
22593721,24,24.0764,164,31633,0.19,0,1,440920,440756,164
22596641,24,24.0669,164,28713,0.19,0,1,440944,440780,164
22599561,24,24.0585,164,28713,0.17,0,1,440968,440804,164
22602481,24,24.0512,164,28713,0.17,0,1,440992,440828,164
22605401,24,23.2948,170,28713,0.15,0,1,441016,440846,170
22608321,24,22.6329,176,28713,0.15,0,1,441040,440864,176
22611241,24,22.0538,182,28713,0.15,0,1,441064,440882,182
22614161,24,21.5471,188,28713,0.15,0,1,441088,440900,188
22617081,24,21.1037,194,28713,0.15,0,1,441112,440918,194
22620001,24,21.5907,193,28713,0.15,0,1,441136,440943,193
22622921,24,22.8919,185,28713,0.15,0,1,441160,440975,185
22625841,24,24.0304,177,28713,0.15,0,1,441184,441007,177
22628761,24,24.5266,173,28713,0.15,0,1,441208,441035,173
22631681,24,24.4608,173,28713,0.15,0,1,441232,441059,173
22634601,24,24.4032,173,28713,0.15,0,1,441256,441083,173
22637521,24,24.3528,173,28713,0.15,0,1,441280,441107,173
22640441,24,24.3087,173,28713,0.15,0,1,441304,441131,173
22643361,24,24.2701,173,28713,0.15,0,1,441328,441155,173
22646281,24,24.2363,173,28713,0.15,0,1,441352,441179,173
22649201,24,24.2068,173,28713,0.15,0,1,441376,441203,173
22652121,24,24.1809,173,28713,0.15,0,1,441400,441227,173
22655041,24,24.1583,173,28713,0.15,0,1,441424,441251,173
22657961,24,24.1385,173,28713,0.15,0,1,441448,441275,173
22660881,24,24.1212,173,28713,0.15,0,1,441472,441299,173
22663801,24,24.1061,173,28713,0.15,0,1,441496,441323,173
22666721,24,24.0928,173,28713,0.15,0,1,441520,441347,173
22669641,24,24.0812,173,28713,0.15,0,1,441544,441371,173
22672561,24,24.0711,173,28713,0.15,0,1,441568,441395,173
22675481,24,24.0622,173,28713,0.15,0,1,441592,441419,173
22678401,24,24.0544,173,31633,0.15,0,1,441616,441443,173
22681321,24,24.0476,173,31633,0.17,0,1,441640,441467,173
22684241,24,24.0417,173,31633,0.19,0,1,441664,441491,173
22687161,24,24.0364,173,31633,0.19,0,1,441688,441515,173
22690081,24,24.0319,173,28713,0.19,0,1,441712,441539,173
22693001,24,24.0279,173,28713,0.19,0,1,441736,441563,173
22695921,24,24.0244,173,28713,0.17,0,1,441760,441587,173
22698841,24,23.6464,176,28713,0.17,0,1,441784,441608,176
22701761,24,22.9406,182,28713,0.17,0,1,441808,441626,182
22704681,24,22.323,188,28713,0.17,0,1,441832,441644,188
22707601,24,21.7826,194,28713,0.17,0,1,441856,441662,194
22710521,24,21.3098,200,28713,0.17,0,1,441880,441680,200
22713441,24,21.7711,199,28713,0.17,0,1,441904,441705,199
22716361,24,23.0497,191,28713,0.17,0,1,441928,441737,191
22719281,24,24.1685,183,28713,0.17,0,1,441952,441769,183
22722201,24,24.6474,179,28713,0.17,0,1,441976,441797,179
22725121,24,24.5665,179,28713,0.17,0,1,442000,441821,179
22728041,24,24.4957,179,28713,0.17,0,1,442024,441845,179
22730961,24,24.4337,179,28713,0.17,0,1,442048,441869,179
22733881,24,24.3795,179,28713,0.17,0,1,442072,441893,179
22736801,24,24.3321,179,28713,0.17,0,1,442096,441917,179
22739721,24,24.2906,179,28713,0.17,0,1,442120,441941,179
22742641,24,24.2542,179,28713,0.17,0,1,442144,441965,179
22745561,24,24.2225,179,28713,0.17,0,1,442168,441989,179
22748481,24,24.1947,179,28713,0.17,0,1,442192,442013,179
22751401,24,24.1703,179,28713,0.17,0,1,442216,442037,179
22754321,24,24.149,179,28713,0.17,0,1,442240,442061,179
22757241,24,24.1304,179,28713,0.17,0,1,442264,442085,179
22760161,24,24.1141,179,28713,0.17,0,1,442288,442109,179
22763081,24,24.0998,179,28713,0.17,0,1,442312,442133,179
22766001,24,24.0874,179,28713,0.17,0,1,442336,442157,179
22768921,24,24.0764,179,28713,0.17,0,1,442360,442181,179
22771841,24,24.0669,179,31633,0.17,0,1,442384,442205,179
22774761,24,24.0585,179,31633,0.19,0,1,442408,442229,179
22777681,24,24.0512,179,31633,0.19,0,1,442432,442253,179
22780601,24,24.0448,179,31633,0.21,0,1,442456,442277,179
22783521,24,24.0392,179,28713,0.21,0,1,442480,442301,179
22786441,24,24.0343,179,28713,0.21,0,1,442504,442325,179
22789361,24,24.03,179,28713,0.19,0,1,442528,442349,179
22792281,24,23.6513,182,28713,0.19,0,1,442552,442370,182
22795201,24,22.9449,188,28713,0.17,0,1,442576,442388,188
22798121,24,22.3267,194,28713,0.17,0,1,442600,442406,194
22801041,24,21.7859,200,28713,0.17,0,1,442624,442424,200
22803961,24,21.3127,206,28713,0.17,0,1,442648,442442,206
22806881,24,20.8986,212,28713,0.17,0,1,442672,442460,212
22809801,24,22.2863,204,28713,0.17,0,1,442696,442492,204
22812721,24,23.5005,196,28713,0.17,0,1,442720,442524,196
22815641,24,24.5629,188,28713,0.17,0,1,442744,442556,188
22818561,24,24.4926,188,28713,0.17,0,1,442768,442580,188
22821481,24,24.431,188,28713,0.17,0,1,442792,442604,188
22824401,24,24.3771,188,28713,0.17,0,1,442816,442628,188
22827321,24,24.33,188,28713,0.17,0,1,442840,442652,188
22830241,24,24.2887,188,28713,0.17,0,1,442864,442676,188
22833161,24,24.2526,188,28713,0.17,0,1,442888,442700,188
22836081,24,24.2211,188,28713,0.17,0,1,442912,442724,188
22839001,24,24.1934,188,28713,0.17,0,1,442936,442748,188
22841921,24,24.1692,188,28713,0.17,0,1,442960,442772,188
22844841,24,24.1481,188,28713,0.17,0,1,442984,442796,188
22847761,24,24.1296,188,28713,0.17,0,1,443008,442820,188
22850681,24,24.1134,188,28713,0.17,0,1,443032,442844,188
22853601,24,24.0992,188,28713,0.17,0,1,443056,442868,188
22856521,24,24.0868,188,28713,0.17,0,1,443080,442892,188
22859441,24,24.076,188,28713,0.17,0,1,443104,442916,188
22862361,24,24.0665,188,28713,0.17,0,1,443128,442940,188
22865281,24,24.0582,188,31633,0.19,0,1,443152,442964,188
22868201,24,24.0509,188,31633,0.19,0,1,443176,442988,188
22871121,24,24.0445,188,31633,0.21,0,1,443200,443012,188
22874041,24,24.039,188,5840,0.19,0,1,443224,443036,188
22876961,24,24.0341,188,5840,0.15,0,1,443248,443060,188
22879881,24,24.0298,188,5840,0.11,0,1,443272,443084,188
22882801,24,24.0261,188,5840,0.07,0,1,443296,443108,188
22885721,24,24.0228,188,5840,0.03,0,1,443320,443132,188
22888641,24,23.27,194,5840,0,0,1,443344,443150,194
22891561,24,22.6112,200,5840,0,0,1,443368,443168,200
22894481,24,22.0348,206,5840,0.01,0,1,443392,443186,206
22897401,28.5,42.0305,84,5840,0,0,1,443452,443368,84
22900321,27.9375,39.7767,84,5840,0.01,0,1,443476,443392,84
22903241,31.9453,42.3046,84,5840,0,0,1,443536,443452,84
22906161,30.9521,40.0165,84,5840,0.01,0,1,443560,443476,84
22909081,34.5831,42.5144,84,35283,0.01,0,1,443620,443536,84
22912001,33.2602,40.2001,84,38203,0.01,0,1,443644,443560,84
22914921,32.1027,38.1751,84,38933,0.01,0,1,443668,443584,84
22917841,31.0899,36.4032,84,37473,0.01,0,1,443692,443608,84
22920761,30.2036,34.8528,84,36256,0.01,0,1,443716,443632,84
22923681,29.4282,33.4962,84,35039,0.01,0,1,443740,443656,84
22926601,28.7497,32.3092,84,34066,0.01,0,1,443764,443680,84
22929521,28.156,31.2705,84,33093,0.01,0,1,443788,443704,84
22932441,27.6365,30.3617,84,32363,0.01,0,1,443812,443728,84
22935361,27.1819,29.5665,84,31633,0.01,0,1,443836,443752,84
22938281,26.7842,28.8707,84,31146,0.01,0,1,443860,443776,84
22941201,26.4361,28.2619,84,30659,0.01,0,1,443884,443800,84
22944121,26.1316,27.7291,84,30173,0.01,0,1,443908,443824,84
22947041,25.8652,27.263,84,29686,0.01,0,1,443932,443848,84
22949961,25.632,26.8551,84,29443,0.01,0,1,443956,443872,84
22952881,25.428,26.4982,84,29199,0.01,0,1,443980,443896,84
22955801,25.2495,26.1859,84,28956,0.01,0,1,444004,443920,84
22958721,25.0933,25.9127,84,31633,0.01,0,1,444028,443944,84
22961641,24.9567,25.6736,84,31389,0.01,0,1,444052,443968,84
22964561,24.8371,25.4644,84,31146,0.03,0,1,444076,443992,84
22967481,24.7324,25.2814,84,30903,0.05,0,1,444100,444016,84
22970401,24.6409,24.3712,90,30659,0.05,0,1,444124,444034,90
22973321,24.5608,23.5748,96,30659,0.07,0,1,444148,444052,96
22976241,24.4907,22.8779,102,30659,0.09,0,1,444172,444070,102
22979161,24.4293,22.2682,108,30659,0.09,0,1,444196,444088,108
22982081,24.3757,21.7347,114,30659,0.11,0,1,444220,444106,114
22985001,24.3287,21.2678,120,30659,0.13,0,1,444244,444124,120
22987921,24.2876,20.8594,126,27739,0.13,0,1,444268,444142,126
22990841,24.2517,20.5019,132,27739,0.12,0,1,444292,444160,132
22993761,24.2202,20.1892,138,27739,0.11,0,1,444316,444178,138
22996681,24.1927,19.9155,144,27739,0.1,0,1,444340,444196,144
22999601,24.1686,19.6761,150,27739,0.09,0,1,444364,444214,150
23002521,24.1475,19.4666,156,27739,0.09,0,1,444388,444232,156
23005441,24.1291,19.2833,162,27739,0.09,0,1,444412,444250,162
23008361,24.113,20.8729,154,27739,0.09,0,1,444436,444282,154
23011281,24.0988,22.2638,146,27739,0.09,0,1,444460,444314,146
23014201,24.0865,23.4808,138,27739,0.09,0,1,444484,444346,138
23017121,24.0757,23.5457,138,27739,0.09,0,1,444508,444370,138
23020041,24.0662,23.6025,138,27739,0.09,0,1,444532,444394,138
23022961,24.0579,23.6522,138,27739,0.09,0,1,444556,444418,138
23025881,24.0507,23.6956,138,27739,0.09,0,1,444580,444442,138
23028801,24.0444,23.7337,138,27739,0.09,0,1,444604,444466,138
23031721,24.0388,23.767,138,27739,0.09,0,1,444628,444490,138
23034641,24.034,23.7961,138,27739,0.09,0,1,444652,444514,138
23037561,24.0297,23.8216,138,27739,0.09,0,1,444676,444538,138
23040481,24.026,23.8439,138,27739,0.09,0,1,444700,444562,138
23043401,24.0228,23.8634,138,27739,0.09,0,1,444724,444586,138
23046321,24.0199,23.8805,138,27739,0.09,0,1,444748,444610,138
23049241,24.0174,23.8954,138,27739,0.09,0,1,444772,444634,138
23052161,24.0152,23.9085,138,27739,0.09,0,1,444796,444658,138
23055081,24.0133,23.9199,138,27739,0.09,0,1,444820,444682,138
23058001,24.0117,23.9299,138,27739,0.09,0,1,444844,444706,138
23060921,24.0102,23.9387,138,27739,0.09,0,1,444868,444730,138
23063841,24.0089,23.9464,138,27739,0.09,0,1,444892,444754,138
23066761,24.0078,23.9531,138,27739,0.09,0,1,444916,444778,138
23069681,24.0068,23.9589,138,30659,0.09,0,1,444940,444802,138
23072601,24.006,23.9641,138,30659,0.11,0,1,444964,444826,138
23075521,24.0052,23.9686,138,30659,0.13,0,1,444988,444850,138
23078441,24.0046,23.9725,138,30659,0.13,0,1,445012,444874,138
23081361,24.004,23.9759,138,27739,0.13,0,1,445036,444898,138
23084281,24.0035,23.9789,138,27739,0.13,0,1,445060,444922,138
23087201,24.0031,23.2316,144,27739,0.11,0,1,445084,444940,144
23090121,24.0027,22.5776,150,27739,0.11,0,1,445108,444958,150
23093041,24.0024,22.0054,156,27739,0.09,0,1,445132,444976,156
23095961,24.0021,21.5047,162,27739,0.09,0,1,445156,444994,162
23098881,24.0018,21.0666,168,27739,0.09,0,1,445180,445012,168
23101801,24.0016,22.4333,160,27739,0.09,0,1,445204,445044,160
23104721,24.0014,23.6292,152,27739,0.09,0,1,445228,445076,152
23107641,24.0012,24.6755,144,27739,0.09,0,1,445252,445108,144
23110561,24.0011,25.0911,140,27739,0.09,0,1,445276,445136,140
23113481,24.0009,24.9547,140,27739,0.09,0,1,445300,445160,140
23116401,24.0008,24.8354,140,27739,0.09,0,1,445324,445184,140
23119321,24.0007,24.7309,140,27739,0.09,0,1,445348,445208,140
23122241,24.0006,24.6396,140,27739,0.09,0,1,445372,445232,140
23125161,24.0005,24.5596,140,27739,0.09,0,1,445396,445256,140
23128081,24.0005,24.4897,140,27739,0.09,0,1,445420,445280,140
23131001,24.0004,24.4285,140,27739,0.09,0,1,445444,445304,140
23133921,24.0004,24.3749,140,27739,0.09,0,1,445468,445328,140
23136841,24.0003,24.328,140,27739,0.09,0,1,445492,445352,140
23139761,24.0003,24.287,140,27739,0.09,0,1,445516,445376,140
23142681,24.0002,24.2512,140,27739,0.09,0,1,445540,445400,140
23145601,24.0002,24.2198,140,27739,0.09,0,1,445564,445424,140
23148521,24.0002,24.1923,140,27739,0.09,0,1,445588,445448,140
23151441,24.0002,24.1683,140,27739,0.09,0,1,445612,445472,140
23154361,24.0001,24.1472,140,27739,0.09,0,1,445636,445496,140
23157281,24.0001,24.1288,140,27739,0.09,0,1,445660,445520,140
23160201,24.0001,24.1127,140,27739,0.09,0,1,445684,445544,140
23163121,24.0001,24.0986,140,30659,0.11,0,1,445708,445568,140
23166041,24.0001,24.0863,140,30659,0.11,0,1,445732,445592,140
23168961,24.0001,24.0755,140,30659,0.13,0,1,445756,445616,140
23171881,24.0001,24.0661,140,30659,0.15,0,1,445780,445640,140
23174801,24.0001,24.0578,140,27739,0.15,0,1,445804,445664,140
23177721,24,24.0506,140,27739,0.13,0,1,445828,445688,140
23180641,24,23.2943,146,27739,0.13,0,1,445852,445706,146
23183561,24,22.6325,152,27739,0.11,0,1,445876,445724,152
23186481,24,22.0534,158,27739,0.11,0,1,445900,445742,158
23189401,24,21.5467,164,27739,0.11,0,1,445924,445760,164
23192321,24,21.1034,170,27739,0.11,0,1,445948,445778,170
23195241,24,21.5905,169,27739,0.11,0,1,445972,445803,169
23198161,24,22.8917,161,27739,0.11,0,1,445996,445835,161
23201081,24,24.0302,153,27739,0.11,0,1,446020,445867,153
23204001,24,24.5264,149,27739,0.11,0,1,446044,445895,149
23206921,24,24.4606,149,27739,0.11,0,1,446068,445919,149
23209841,24,24.403,149,27739,0.11,0,1,446092,445943,149
23212761,24,24.3527,149,27739,0.11,0,1,446116,445967,149
23215681,24,24.3086,149,27739,0.11,0,1,446140,445991,149
23218601,24,24.27,149,27739,0.11,0,1,446164,446015,149
23221521,24,24.2363,149,27739,0.11,0,1,446188,446039,149
23224441,24,24.2067,149,27739,0.11,0,1,446212,446063,149
23227361,24,24.1809,149,27739,0.11,0,1,446236,446087,149
23230281,24,24.1583,149,27739,0.11,0,1,446260,446111,149
23233201,24,24.1385,149,27739,0.11,0,1,446284,446135,149
23236121,24,24.1212,149,27739,0.11,0,1,446308,446159,149
23239041,24,24.106,149,27739,0.11,0,1,446332,446183,149
23241961,24,24.0928,149,27739,0.11,0,1,446356,446207,149
23244881,24,24.0812,149,27739,0.11,0,1,446380,446231,149
23247801,24,24.071,149,27739,0.11,0,1,446404,446255,149
23250721,24,24.0622,149,27739,0.11,0,1,446428,446279,149
23253641,24,24.0544,149,27739,0.11,0,1,446452,446303,149
23256561,24,24.0476,149,30659,0.11,0,1,446476,446327,149
23259481,24,24.0416,149,30659,0.13,0,1,446500,446351,149
23262401,24,24.0364,149,30659,0.15,0,1,446524,446375,149
23265321,24,24.0319,149,30659,0.15,0,1,446548,446399,149
23268241,24,24.0279,149,27739,0.15,0,1,446572,446423,149
23271161,24,24.0244,149,27739,0.15,0,1,446596,446447,149
23274081,24,23.6464,152,27739,0.13,0,1,446620,446468,152
23277001,24,22.9406,158,27739,0.13,0,1,446644,446486,158
23279921,24,22.323,164,27739,0.13,0,1,446668,446504,164
23282841,24,21.7826,170,27739,0.13,0,1,446692,446522,170
23285761,24,21.3098,176,27739,0.13,0,1,446716,446540,176
23288681,24,21.7711,175,27739,0.13,0,1,446740,446565,175
23291601,24,23.0497,167,27739,0.13,0,1,446764,446597,167
23294521,24,24.1685,159,27739,0.13,0,1,446788,446629,159
23297441,24,24.6474,155,27739,0.13,0,1,446812,446657,155
23300361,24,24.5665,155,27739,0.13,0,1,446836,446681,155
23303281,24,24.4957,155,27739,0.13,0,1,446860,446705,155
23306201,24,24.4337,155,27739,0.13,0,1,446884,446729,155
23309121,24,24.3795,155,27739,0.13,0,1,446908,446753,155
23312041,24,24.3321,155,27739,0.13,0,1,446932,446777,155
23314961,24,24.2906,155,27739,0.13,0,1,446956,446801,155
23317881,24,24.2542,155,27739,0.13,0,1,446980,446825,155
23320801,24,24.2225,155,27739,0.13,0,1,447004,446849,155
23323721,24,24.1947,155,27739,0.13,0,1,447028,446873,155
23326641,24,24.1703,155,27739,0.13,0,1,447052,446897,155
23329561,24,24.149,155,27739,0.13,0,1,447076,446921,155
23332481,24,24.1304,155,27739,0.13,0,1,447100,446945,155
23335401,24,24.1141,155,27739,0.13,0,1,447124,446969,155
23338321,24,24.0998,155,27739,0.13,0,1,447148,446993,155
23341241,24,24.0874,155,27739,0.13,0,1,447172,447017,155
23344161,24,24.0764,155,27739,0.13,0,1,447196,447041,155
23347081,24,24.0669,155,27739,0.13,0,1,447220,447065,155
23350001,24,24.0585,155,30659,0.13,0,1,447244,447089,155
23352921,24,24.0512,155,30659,0.15,0,1,447268,447113,155
23355841,24,24.0448,155,30659,0.15,0,1,447292,447137,155
23358761,24,24.0392,155,30659,0.17,0,1,447316,447161,155
23361681,24,24.0343,155,27739,0.17,0,1,447340,447185,155
23364601,24,24.03,155,27739,0.17,0,1,447364,447209,155
23367521,24,23.6513,158,27739,0.15,0,1,447388,447230,158
23370441,24,22.9449,164,27739,0.15,0,1,447412,447248,164
23373361,24,22.3267,170,27739,0.13,0,1,447436,447266,170
23376281,24,21.7859,176,27739,0.13,0,1,447460,447284,176
23379201,24,21.3127,182,27739,0.13,0,1,447484,447302,182
23382121,24,20.8986,188,27739,0.13,0,1,447508,447320,188
23385041,24,22.2863,180,27739,0.13,0,1,447532,447352,180
23387961,24,23.5005,172,27739,0.13,0,1,447556,447384,172
23390881,24,24.5629,164,27739,0.13,0,1,447580,447416,164
23393801,24,24.4926,164,27739,0.13,0,1,447604,447440,164
23396721,24,24.431,164,27739,0.13,0,1,447628,447464,164
23399641,24,24.3771,164,27739,0.13,0,1,447652,447488,164
23402561,24,24.33,164,27739,0.13,0,1,447676,447512,164
23405481,24,24.2887,164,27739,0.13,0,1,447700,447536,164
23408401,24,24.2526,164,27739,0.13,0,1,447724,447560,164
23411321,24,24.2211,164,27739,0.1,0,1,447748,447584,164
23414241,24,24.1934,164,27739,0.06,0,1,447772,447608,164
23417161,24,24.1692,164,27739,0.02,0,1,447796,447632,164
23420081,24,24.1481,164,27739,0,0,1,447820,447656,164
23423001,24,24.1296,164,27739,0,0,1,447844,447680,164
23424961,23,24.1134,156,27739,0,0,1,447860,447704,156
23427881,848.5,858.474,84,27739,0.01,0,1,454487,454403,84
23430801,745.438,754.165,84,30659,0.01,0,1,454511,454427,84
23433721,655.258,662.894,84,33579,0.01,0,1,454535,454451,84
23436641,576.351,583.033,84,36499,0.01,0,1,454559,454475,84
23439561,507.307,513.153,84,38689,0.01,0,1,454583,454499,84
23442481,446.893,452.009,84,37229,0.01,0,1,454607,454523,84
23445401,394.032,398.508,84,36013,0.01,0,1,454631,454547,84
23448321,347.778,351.695,84,37716,0.01,0,1,454655,454571,84
23451241,307.306,310.733,84,36743,0.01,0,1,454679,454595,84
23454161,271.892,274.891,84,35769,0.03,0,1,454703,454619,84
23457081,240.906,243.53,84,35039,0.05,0,1,454727,454643,84
23460001,213.793,215.339,90,34309,0.05,0,1,454751,454661,90
23462921,190.069,190.671,96,33823,0.07,0,1,454775,454679,96
23465841,169.31,169.087,102,33579,0.09,0,1,454799,454697,102
23468761,151.146,150.201,108,33579,0.09,0,1,454823,454715,108
23471681,135.253,133.676,114,33579,0.11,0,1,454847,454733,114
23474601,121.346,119.217,120,33579,0.13,0,1,454871,454751,120
23477521,109.178,106.565,126,33579,0.13,0,1,454895,454769,126
23480441,98.5308,95.494,132,33579,0.15,0,1,454919,454787,132
23483361,89.2144,85.8073,138,30659,0.15,0,1,454943,454805,138
23486281,81.0626,77.3314,144,30659,0.15,0,1,454967,454823,144
23489201,73.9298,69.915,150,30659,0.13,0,1,454991,454841,150
23492121,67.6886,63.4256,156,30659,0.13,0,1,455015,454859,156
23495041,62.2275,57.7474,162,30659,0.11,0,1,455039,454877,162
23497961,57.4491,52.779,168,30659,0.11,0,1,455063,454895,168
23500881,53.2679,48.4316,174,30659,0.11,0,1,455087,454913,174
23503801,49.6094,45.5026,173,30659,0.11,0,1,455111,454938,173
23506721,46.4083,43.8148,165,30659,0.11,0,1,455135,454970,165
23509641,43.6072,42.338,157,30659,0.11,0,1,455159,455002,157
23512561,41.1563,41.0457,149,30659,0.11,0,1,455183,455034,149
23515481,39.0118,39.415,145,30659,0.11,0,1,455207,455062,145
23518401,37.1353,37.4881,145,30659,0.11,0,1,455231,455086,145
23521321,35.4934,35.8021,145,30659,0.11,0,1,455255,455110,145
23524241,34.0567,34.3268,145,30659,0.11,0,1,455279,455134,145
23527161,32.7996,33.036,145,30659,0.11,0,1,455303,455158,145
23530081,31.6997,31.9065,145,30659,0.11,0,1,455327,455182,145
23533001,30.7372,30.9182,145,30659,0.11,0,1,455351,455206,145
23535921,29.8951,30.0534,145,30659,0.11,0,1,455375,455230,145
23538841,29.1582,29.2967,145,30659,0.11,0,1,455399,455254,145
23541761,28.5134,28.6346,145,30659,0.11,0,1,455423,455278,145
23544681,27.9492,28.0553,145,30659,0.11,0,1,455447,455302,145
23547601,27.4556,27.5484,145,30659,0.11,0,1,455471,455326,145
23550521,27.0236,27.1048,145,30659,0.11,0,1,455495,455350,145
23553441,26.6457,26.7167,145,30659,0.11,0,1,455519,455374,145
23556361,26.315,26.3771,145,30659,0.11,0,1,455543,455398,145
23559281,26.0256,26.08,145,30659,0.11,0,1,455567,455422,145
23562201,25.7724,25.82,145,30659,0.11,0,1,455591,455446,145
23565121,25.5508,25.5925,145,30659,0.11,0,1,455615,455470,145
23568041,25.357,25.3934,145,30659,0.11,0,1,455639,455494,145
23570961,25.1874,25.2193,145,30659,0.11,0,1,455663,455518,145
23573881,25.0389,25.0669,145,30659,0.11,0,1,455687,455542,145
23576801,24.9091,24.9335,145,30659,0.11,0,1,455711,455566,145
23579721,24.7954,24.8168,145,30659,0.11,0,1,455735,455590,145
23582641,24.696,24.7147,145,30659,0.11,0,1,455759,455614,145
23585561,24.609,24.6254,145,33579,0.11,0,1,455783,455638,145
23588481,24.5329,24.5472,145,33579,0.11,0,1,455807,455662,145
23591401,24.4663,24.4788,145,33579,0.13,0,1,455831,455686,145
23594321,24.408,24.4189,145,33579,0.15,0,1,455855,455710,145
23597241,24.357,24.3666,145,33579,0.15,0,1,455879,455734,145
23600161,24.3124,24.3208,145,30659,0.17,0,1,455903,455758,145
23603081,24.2733,23.9057,148,30659,0.15,0,1,455927,455779,148
23606001,24.2392,23.1675,154,30659,0.15,0,1,455951,455797,154
23608921,24.2093,22.5215,160,30659,0.13,0,1,455975,455815,160
23611841,24.1831,21.9563,166,30659,0.13,0,1,455999,455833,166
23614761,24.1602,21.4618,172,30659,0.11,0,1,456023,455851,172
23617681,24.1402,21.0291,178,30659,0.11,0,1,456047,455869,178
23620601,24.1227,20.6504,184,30659,0.11,0,1,456071,455887,184
23623521,24.1073,22.0691,176,30659,0.11,0,1,456095,455919,176
23626441,24.0939,23.3105,168,30659,0.11,0,1,456119,455951,168
23629361,24.0822,24.3967,160,30659,0.11,0,1,456143,455983,160
23632281,24.0719,25.3471,152,30659,0.11,0,1,456167,456015,152
23635201,24.0629,25.1787,152,30659,0.11,0,1,456191,456039,152
23638121,24.0551,25.0314,152,30659,0.11,0,1,456215,456063,152
23641041,24.0482,24.9024,152,30659,0.11,0,1,456239,456087,152
23643961,24.0421,24.7896,152,30659,0.11,0,1,456263,456111,152
23646881,24.0369,24.6909,152,30659,0.11,0,1,456287,456135,152
23649801,24.0323,24.6046,152,30659,0.11,0,1,456311,456159,152
23652721,24.0282,24.529,152,30659,0.11,0,1,456335,456183,152
23655641,24.0247,24.4629,152,30659,0.11,0,1,456359,456207,152
23658561,24.0216,24.405,152,30659,0.11,0,1,456383,456231,152
23661481,24.0189,24.3544,152,30659,0.11,0,1,456407,456255,152
23664401,24.0166,24.3101,152,30659,0.11,0,1,456431,456279,152
23667321,24.0145,24.2713,152,30659,0.11,0,1,456455,456303,152
23670241,24.0127,24.2374,152,30659,0.11,0,1,456479,456327,152
23673161,24.0111,24.2077,152,30659,0.11,0,1,456503,456351,152
23676081,24.0097,24.1818,152,30659,0.11,0,1,456527,456375,152
23679001,24.0085,24.159,152,30659,0.11,0,1,456551,456399,152
23681921,24.0074,24.1392,152,30659,0.11,0,1,456575,456423,152
23684841,24.0065,24.1218,152,30659,0.11,0,1,456599,456447,152
23687761,24.0057,24.1065,152,30659,0.11,0,1,456623,456471,152
23690681,24.005,24.0932,152,30659,0.11,0,1,456647,456495,152
23693601,24.0044,24.0816,152,30659,0.11,0,1,456671,456519,152
23696521,24.0038,24.0714,152,30659,0.11,0,1,456695,456543,152
23699441,24.0033,24.0625,152,30659,0.11,0,1,456719,456567,152
23702361,24.0029,24.0547,152,33579,0.13,0,1,456743,456591,152
23705281,24.0026,24.0478,152,33579,0.13,0,1,456767,456615,152
23708201,24.0022,24.0418,152,33579,0.15,0,1,456791,456639,152
23711121,24.002,24.0366,152,33579,0.17,0,1,456815,456663,152
23714041,24.0017,24.032,152,33579,0.17,0,1,456839,456687,152
23716961,24.0015,24.028,152,30659,0.17,0,1,456863,456711,152
23719881,24.0013,23.6495,155,30659,0.17,0,1,456887,456732,155
23722801,24.0011,22.9433,161,30659,0.15,0,1,456911,456750,161
23725721,24.001,22.3254,167,30659,0.15,0,1,456935,456768,167
23728641,24.0009,21.7847,173,30659,0.13,0,1,456959,456786,173
23731561,24.0008,21.3116,179,30659,0.13,0,1,456983,456804,179
23734481,24.0007,20.8977,185,30659,0.13,0,1,457007,456822,185
23737401,24.0006,20.5355,191,30659,0.13,0,1,457031,456840,191
23740321,24.0005,21.9685,183,30659,0.13,0,1,457055,456872,183
23743241,24.0004,23.2225,175,30659,0.13,0,1,457079,456904,175
23746161,24.0004,24.3197,167,30659,0.13,0,1,457103,456936,167
23749081,24.0003,25.2797,159,30659,0.13,0,1,457127,456968,159
23752001,24.0003,25.1197,159,30659,0.13,0,1,457151,456992,159
23754921,24.0003,24.9798,159,30659,0.13,0,1,457175,457016,159
23757841,24.0002,24.8573,159,30659,0.13,0,1,457199,457040,159
23760761,24.0002,24.7501,159,30659,0.13,0,1,457223,457064,159
23763681,24.0002,24.6564,159,30659,0.13,0,1,457247,457088,159
23766601,24.0002,24.5743,159,30659,0.13,0,1,457271,457112,159
23769521,24.0001,24.5025,159,30659,0.13,0,1,457295,457136,159
23772441,24.0001,24.4397,159,30659,0.13,0,1,457319,457160,159
23775361,24.0001,24.3848,159,30659,0.13,0,1,457343,457184,159
23778281,24.0001,24.3367,159,30659,0.13,0,1,457367,457208,159
23781201,24.0001,24.2946,159,30659,0.13,0,1,457391,457232,159
23784121,24.0001,24.2578,159,30659,0.13,0,1,457415,457256,159
23787041,24.0001,24.2255,159,30659,0.13,0,1,457439,457280,159
23789961,24.0001,24.1973,159,30659,0.13,0,1,457463,457304,159
23792881,24,24.1727,159,30659,0.13,0,1,457487,457328,159
23795801,24,24.1511,159,30659,0.13,0,1,457511,457352,159
23798721,24,24.1322,159,30659,0.13,0,1,457535,457376,159
23801641,24,24.1157,159,30659,0.13,0,1,457559,457400,159
23804561,24,24.1012,159,30659,0.13,0,1,457583,457424,159
23807481,24,24.0886,159,30659,0.13,0,1,457607,457448,159
23810401,24,24.0775,159,30659,0.13,0,1,457631,457472,159
23813321,24,24.0678,159,30659,0.13,0,1,457655,457496,159
23816241,24,24.0593,159,30659,0.13,0,1,457679,457520,159
23819161,24,24.0519,159,33579,0.13,0,1,457703,457544,159
23822081,24,24.0454,159,33579,0.15,0,1,457727,457568,159
23825001,24,24.0397,159,33579,0.15,0,1,457751,457592,159
23827921,24,24.0348,159,33579,0.17,0,1,457775,457616,159
23830841,24,24.0304,159,33579,0.19,0,1,457799,457640,159
23833761,24,24.0266,159,30659,0.19,0,1,457823,457664,159
23836681,24,24.0233,159,30659,0.18,0,1,457847,457688,159
23839601,24,23.2704,165,30659,0.17,0,1,457871,457706,165
23842521,24,22.6116,171,30659,0.16,0,1,457895,457724,171
23845441,24,22.0351,177,30659,0.15,0,1,457919,457742,177
23848361,24,21.5307,183,30659,0.14,0,1,457943,457760,183
23851281,24,21.0894,189,30659,0.14,0,1,457967,457778,189
23854201,24,20.7032,195,30659,0.14,0,1,457991,457796,195
23857121,24,21.2403,194,30659,0.14,0,1,458015,457821,194
23860041,24,22.5853,186,30659,0.14,0,1,458039,457853,186
23862961,24,23.7621,178,30659,0.14,0,1,458063,457885,178
23865881,24,24.7919,170,30659,0.14,0,1,458087,457917,170
23868801,24,25.1929,166,30659,0.14,0,1,458111,457945,166
23871721,24,25.0438,166,30659,0.14,0,1,458135,457969,166
23874641,24,24.9133,166,30659,0.14,0,1,458159,457993,166
23877561,24,24.7991,166,30659,0.14,0,1,458183,458017,166
23880481,24,24.6992,166,30659,0.14,0,1,458207,458041,166
23883401,24,24.6118,166,30659,0.14,0,1,458231,458065,166
23886321,24,24.5354,166,30659,0.14,0,1,458255,458089,166
23889241,24,24.4684,166,30659,0.14,0,1,458279,458113,166
23892161,24,24.4099,166,30659,0.14,0,1,458303,458137,166
23895081,24,24.3586,166,30659,0.14,0,1,458327,458161,166
23898001,24,24.3138,166,30659,0.14,0,1,458351,458185,166
23900921,24,24.2746,166,30659,0.14,0,1,458375,458209,166
23903841,24,24.2403,166,30659,0.14,0,1,458399,458233,166
23906761,24,24.2102,166,30659,0.14,0,1,458423,458257,166
23909681,24,24.184,166,30659,0.14,0,1,458447,458281,166
23912601,24,24.161,166,30659,0.14,0,1,458471,458305,166
23915521,24,24.1408,166,30659,0.14,0,1,458495,458329,166
23918441,24,24.1232,166,30659,0.14,0,1,458519,458353,166
23921361,24,24.1078,166,30659,0.14,0,1,458543,458377,166
23924281,24,24.0944,166,30659,0.14,0,1,458567,458401,166
23927201,24,24.0826,166,30659,0.14,0,1,458591,458425,166
23930121,24,24.0722,166,30659,0.14,0,1,458615,458449,166
23933041,24,24.0632,166,30659,0.14,0,1,458639,458473,166
23935961,24,24.0553,166,33579,0.15,0,1,458663,458497,166
23938881,24,24.0484,166,33579,0.15,0,1,458687,458521,166
23941801,24,24.0423,166,33579,0.17,0,1,458711,458545,166
23944721,24,24.0371,166,33579,0.19,0,1,458735,458569,166
23947641,24,24.0324,166,33579,0.19,0,1,458759,458593,166
23950561,24,24.0284,166,30659,0.21,0,1,458783,458617,166
23953481,24,24.0248,166,30659,0.19,0,1,458807,458641,166
23956401,24,23.2717,172,30659,0.19,0,1,458831,458659,172
23959321,24,22.6128,178,30659,0.17,0,1,458855,458677,178
23962241,24,22.0362,184,30659,0.17,0,1,458879,458695,184
23965161,24,21.5316,190,30659,0.15,0,1,458903,458713,190
23968081,24,21.0902,196,30659,0.15,0,1,458927,458731,196
23971001,24,20.7039,202,30659,0.15,0,1,458951,458749,202
23973921,24,20.3659,208,30659,0.15,0,1,458975,458767,208
23976841,24,21.8202,200,30659,0.15,0,1,458999,458799,200
23979761,24,23.0927,192,30659,0.15,0,1,459023,458831,192
23982681,24,24.2061,184,30659,0.15,0,1,459047,458863,184
23985601,24,25.1803,176,30659,0.15,0,1,459071,458895,176
23988521,24,25.0328,176,30659,0.15,0,1,459095,458919,176
23991441,24,24.9037,176,30659,0.15,0,1,459119,458943,176
23994361,24,24.7907,176,30659,0.15,0,1,459143,458967,176
23997281,24,24.6919,176,30659,0.15,0,1,459167,458991,176
24000201,24,24.6054,176,30659,0.15,0,1,459191,459015,176
24003121,24,24.5297,176,30659,0.15,0,1,459215,459039,176
24006041,24,24.4635,176,30659,0.15,0,1,459239,459063,176
24008961,24,24.4056,176,30659,0.15,0,1,459263,459087,176
24011881,24,24.3549,176,30659,0.15,0,1,459287,459111,176
24014801,24,24.3105,176,30659,0.15,0,1,459311,459135,176
24017721,24,24.2717,176,30659,0.15,0,1,459335,459159,176
24020641,24,24.2377,176,30659,0.15,0,1,459359,459183,176
24023561,24,24.208,176,30659,0.15,0,1,459383,459207,176
24026481,24,24.182,176,30659,0.15,0,1,459407,459231,176
24029401,24,24.1593,176,30659,0.15,0,1,459431,459255,176
24032321,24,24.1394,176,30659,0.15,0,1,459455,459279,176
24035241,24,24.1219,176,30659,0.14,0,1,459479,459303,176
24038161,24,24.1067,176,30659,0.1,0,1,459503,459327,176
24041081,24,24.0934,176,30659,0.06,0,1,459527,459351,176
24044001,24,24.0817,176,30659,0.02,0,1,459551,459375,176
24046921,24,24.0715,176,30659,0,0,1,459575,459399,176
24049841,24,24.0625,176,30659,0,0,1,459599,459423,176
24052081,23.25,24.0547,170,33579,0,0,1,459617,459447,170
24055001,725.469,736.923,84,33579,0.01,0,1,465258,465174,84
24057921,637.785,647.808,84,36499,0.01,0,1,465282,465198,84
24060841,561.062,569.832,84,39419,0.01,0,1,465306,465222,84
24063761,493.929,501.603,84,42339,0.03,0,1,465330,465246,84
24066681,435.188,441.902,84,43313,0.05,0,1,465354,465270,84
24069601,383.79,388.915,90,41609,0.05,0,1,465378,465288,90
24072521,338.816,342.55,96,40393,0.07,0,1,465402,465306,96
24075441,299.464,301.981,102,39419,0.09,0,1,465426,465324,102
24078361,265.031,266.484,108,38689,0.09,0,1,465450,465342,108
24081281,234.902,235.423,114,38203,0.11,0,1,465474,465360,114
24084201,208.539,208.245,120,37959,0.13,0,1,465498,465378,120
24087121,185.472,184.465,126,37959,0.13,0,1,465522,465396,126
24090041,165.288,163.657,132,37959,0.15,0,1,465546,465414,132
24092961,147.627,145.45,138,37959,0.17,0,1,465570,465432,138
24095881,132.174,129.518,144,37959,0.17,0,1,465594,465450,144
24098801,118.652,115.579,150,37959,0.19,0,1,465618,465468,150
24101721,106.82,103.381,156,35039,0.19,0,1,465642,465486,156
24104641,96.4678,92.7086,162,35039,0.19,0,1,465666,465504,162
24107561,87.4093,83.37,168,35039,0.17,0,1,465690,465522,168
24110481,79.4832,75.1988,174,35039,0.17,0,1,465714,465540,174
24113401,72.5478,68.0489,180,35039,0.15,0,1,465738,465558,180
24116321,66.4793,61.7928,186,35039,0.15,0,1,465762,465576,186
24119241,61.1694,56.3187,192,35039,0.15,0,1,465786,465594,192
24122161,56.5232,51.5289,198,35039,0.15,0,1,465810,465612,198
24125081,52.4578,48.2128,197,35039,0.15,0,1,465834,465637,197
24128001,48.9006,46.1862,189,35039,0.15,0,1,465858,465669,189
24130921,45.788,44.4129,181,35039,0.15,0,1,465882,465701,181
24133841,43.0645,42.8613,173,35039,0.15,0,1,465906,465733,173
24136761,40.6815,41.0036,169,35039,0.15,0,1,465930,465761,169
24139681,38.5963,38.8782,169,35039,0.15,0,1,465954,465785,169
24142601,36.7717,37.0184,169,35039,0.15,0,1,465978,465809,169
24145521,35.1753,35.3911,169,35039,0.15,0,1,466002,465833,169
24148441,33.7784,33.9672,169,35039,0.15,0,1,466026,465857,169
24151361,32.5561,32.7213,169,35039,0.15,0,1,466050,465881,169
24154281,31.4866,31.6311,169,35039,0.15,0,1,466074,465905,169
24157201,30.5507,30.6773,169,35039,0.15,0,1,466098,465929,169
24160121,29.7319,29.8426,169,35039,0.15,0,1,466122,465953,169
24163041,29.0154,29.1123,169,35039,0.15,0,1,466146,465977,169
24165961,28.3885,28.4732,169,35039,0.15,0,1,466170,466001,169
24168881,27.8399,27.9141,169,35039,0.15,0,1,466194,466025,169
24171801,27.3599,27.4248,169,35039,0.15,0,1,466218,466049,169
24174721,26.9399,26.9967,169,35039,0.15,0,1,466242,466073,169
24177641,26.5724,26.6221,169,35039,0.15,0,1,466266,466097,169
24180561,26.2509,26.2944,169,35039,0.15,0,1,466290,466121,169
24183481,25.9695,26.0076,169,35039,0.15,0,1,466314,466145,169
24186401,25.7233,25.7566,169,35039,0.15,0,1,466338,466169,169
24189321,25.5079,25.537,169,35039,0.15,0,1,466362,466193,169
24192241,25.3194,25.3449,169,35039,0.15,0,1,466386,466217,169
24195161,25.1545,25.1768,169,35039,0.15,0,1,466410,466241,169
24198081,25.0102,25.0297,169,35039,0.15,0,1,466434,466265,169
24201001,24.8839,24.901,169,35039,0.15,0,1,466458,466289,169
24203921,24.7734,24.7884,169,37959,0.15,0,1,466482,466313,169
24206841,24.6767,24.6898,169,37959,0.15,0,1,466506,466337,169
24209761,24.5922,24.6036,169,37959,0.17,0,1,466530,466361,169
24212681,24.5181,24.5281,169,37959,0.19,0,1,466554,466385,169
24215601,24.4534,24.4621,169,37959,0.19,0,1,466578,466409,169
24218521,24.3967,24.4044,169,35039,0.21,0,1,466602,466433,169
24221441,24.3471,24.3538,169,35039,0.19,0,1,466626,466457,169
24224361,24.3037,23.9346,172,35039,0.19,0,1,466650,466478,172
24227281,24.2658,23.1928,178,35039,0.17,0,1,466674,466496,178
24230201,24.2325,22.5437,184,35039,0.17,0,1,466698,466514,184
24233121,24.2035,21.9757,190,35039,0.15,0,1,466722,466532,190
24236041,24.178,21.4787,196,35039,0.15,0,1,466746,466550,196
24238961,24.1558,21.0439,202,35039,0.15,0,1,466770,466568,202
24241881,24.1363,20.6634,208,35039,0.15,0,1,466794,466586,208
24244801,24.1193,22.0805,200,35039,0.15,0,1,466818,466618,200
24247721,24.1044,23.3204,192,35039,0.15,0,1,466842,466650,192
24250641,24.0913,24.4054,184,35039,0.15,0,1,466866,466682,184
24253561,24.0799,25.3547,176,35039,0.15,0,1,466890,466714,176
24256481,24.0699,25.1854,176,35039,0.15,0,1,466914,466738,176
24259401,24.0612,25.0372,176,35039,0.15,0,1,466938,466762,176
24262321,24.0535,24.9075,176,35039,0.15,0,1,466962,466786,176
24265241,24.0468,24.7941,176,35039,0.15,0,1,466986,466810,176
24268161,24.041,24.6948,176,35039,0.15,0,1,467010,466834,176
24271081,24.0359,24.608,176,35039,0.15,0,1,467034,466858,176
24274001,24.0314,24.532,176,35039,0.15,0,1,467058,466882,176
24276921,24.0275,24.4655,176,35039,0.15,0,1,467082,466906,176
24279841,24.024,24.4073,176,35039,0.15,0,1,467106,466930,176
24282761,24.021,24.3564,176,35039,0.15,0,1,467130,466954,176
24285681,24.0184,24.3118,176,35039,0.15,0,1,467154,466978,176
24288601,24.0161,24.2729,176,35039,0.15,0,1,467178,467002,176
24291521,24.0141,24.2388,176,35039,0.15,0,1,467202,467026,176
24294441,24.0123,24.2089,176,35039,0.15,0,1,467226,467050,176
24297361,24.0108,24.1828,176,35039,0.15,0,1,467250,467074,176
24300281,24.0094,24.1599,176,35039,0.15,0,1,467274,467098,176
24303201,24.0083,24.14,176,35039,0.15,0,1,467298,467122,176
24306121,24.0072,24.1225,176,35039,0.15,0,1,467322,467146,176
24309041,24.0063,24.1072,176,35039,0.15,0,1,467346,467170,176
24311961,24.0055,24.0938,176,35039,0.15,0,1,467370,467194,176
24314881,24.0048,24.082,176,35039,0.15,0,1,467394,467218,176
24317801,24.0042,24.0718,176,35039,0.15,0,1,467418,467242,176
24320721,24.0037,24.0628,176,37959,0.17,0,1,467442,467266,176
24323641,24.0032,24.055,176,37959,0.17,0,1,467466,467290,176
24326561,24.0028,24.0481,176,37959,0.19,0,1,467490,467314,176
24329481,24.0025,24.0421,176,37959,0.21,0,1,467514,467338,176
24332401,24.0022,24.0368,176,37959,0.21,0,1,467538,467362,176
24335321,24.0019,24.0322,176,35039,0.18,0,1,467562,467386,176
24338241,24.0017,24.0282,176,35039,0.14,0,1,467586,467410,176
24341161,24.0015,23.6497,179,35039,0.1,0,1,467610,467431,179
24344081,24.0013,22.9435,185,35039,0.06,0,1,467634,467449,185
24347001,24.0011,22.3255,191,35039,0.02,0,1,467658,467467,191
24349921,24.001,21.7848,197,35039,0,0,1,467682,467485,197
24352841,24.0009,21.3117,203,35039,0,0,1,467706,467503,203
24354721,22.8757,20.8978,200,35039,0,0,1,467721,467521,200
24357641,322.891,335.661,84,35039,0.01,0,1,470144,470060,84
24360561,285.53,296.703,84,35039,0.01,0,1,470168,470084,84
24363481,252.839,262.615,84,35039,0.01,0,1,470192,470108,84
24366401,224.234,232.788,84,35039,0.01,0,1,470216,470132,84
24369321,199.205,206.69,84,35039,0.01,0,1,470240,470156,84
24372241,177.304,183.853,84,35039,0.01,0,1,470264,470180,84
24375161,158.141,163.872,84,35039,0.01,0,1,470288,470204,84
24378081,141.373,146.388,84,35039,0.01,0,1,470312,470228,84
24381001,126.702,131.089,84,35039,0.01,0,1,470336,470252,84
24383921,113.864,117.703,84,34309,0.01,0,1,470360,470276,84
24386841,102.631,105.99,84,33336,0.01,0,1,470384,470300,84
24389761,92.8021,95.7415,84,32606,0.01,0,1,470408,470324,84
24392681,84.2019,86.7738,84,31876,0.01,0,1,470432,470348,84
24395601,76.6766,78.9271,84,31146,0.01,0,1,470456,470372,84
24398521,70.092,72.0612,84,30659,0.01,0,1,470480,470396,84
24401441,64.3305,66.0535,84,30173,0.01,0,1,470504,470420,84
24404361,59.2892,60.7969,84,29686,0.01,0,1,470528,470444,84
24407281,54.8781,56.1972,84,29443,0.01,0,1,470552,470468,84
24410201,51.0183,52.1726,84,29199,0.01,0,1,470576,470492,84
24413121,47.641,48.651,84,28956,0.01,0,1,470600,470516,84
24416041,44.6859,45.5696,84,28713,0.01,0,1,470624,470540,84
24418961,42.1002,42.8734,84,28469,0.01,0,1,470648,470564,84
24421881,39.8376,40.5143,84,28226,0.01,0,1,470672,470588,84
24424801,37.8579,38.45,84,27983,0.01,0,1,470696,470612,84
24427721,36.1257,36.6437,84,30659,0.01,0,1,470720,470636,84
24430641,34.61,35.0633,84,30659,0.01,0,1,470744,470660,84
24433561,33.2837,33.6804,84,30659,0.03,0,1,470768,470684,84
24436481,32.1233,32.4703,84,30659,0.05,0,1,470792,470708,84
24439401,31.1079,30.6615,90,30659,0.05,0,1,470816,470726,90
24442321,30.2194,29.0788,96,30659,0.07,0,1,470840,470744,96
24445241,29.442,27.694,102,30659,0.09,0,1,470864,470762,102
24448161,28.7617,26.4822,108,30659,0.09,0,1,470888,470780,108
24451081,28.1665,25.422,114,30659,0.11,0,1,470912,470798,114
24454001,27.6457,24.4942,120,30659,0.13,0,1,470936,470816,120
24456921,27.19,23.6824,126,27739,0.13,0,1,470960,470834,126
24459841,26.7912,22.9721,132,27739,0.12,0,1,470984,470852,132
24462761,26.4423,22.3506,138,27739,0.11,0,1,471008,470870,138
24465681,26.137,21.8068,144,27739,0.1,0,1,471032,470888,144
24468601,25.8699,21.3309,150,27739,0.09,0,1,471056,470906,150
24471521,25.6362,20.9146,156,27739,0.09,0,1,471080,470924,156
24474441,25.4316,20.5502,162,27739,0.09,0,1,471104,470942,162
24477361,25.2527,21.9815,154,27739,0.09,0,1,471128,470974,154
24480281,25.0961,23.2338,146,27739,0.09,0,1,471152,471006,146
24483201,24.9591,24.3296,138,27739,0.09,0,1,471176,471038,138
24486121,24.8392,24.2884,138,27739,0.09,0,1,471200,471062,138
24489041,24.7343,24.2523,138,27739,0.09,0,1,471224,471086,138
24491961,24.6425,24.2208,138,27739,0.09,0,1,471248,471110,138
24494881,24.5622,24.1932,138,27739,0.09,0,1,471272,471134,138
24497801,24.4919,24.169,138,27739,0.09,0,1,471296,471158,138
24500721,24.4304,24.1479,138,27739,0.09,0,1,471320,471182,138
24503641,24.3766,24.1294,138,27739,0.09,0,1,471344,471206,138
24506561,24.3296,24.1132,138,27739,0.09,0,1,471368,471230,138
24509481,24.2884,24.0991,138,27739,0.09,0,1,471392,471254,138
24512401,24.2523,24.0867,138,27739,0.09,0,1,471416,471278,138
24515321,24.2208,24.0759,138,27739,0.09,0,1,471440,471302,138
24518241,24.1932,24.0664,138,27739,0.09,0,1,471464,471326,138
24521161,24.169,24.0581,138,27739,0.09,0,1,471488,471350,138
24524081,24.1479,24.0508,138,27739,0.09,0,1,471512,471374,138
24527001,24.1294,24.0445,138,27739,0.09,0,1,471536,471398,138
24529921,24.1132,24.0389,138,27739,0.09,0,1,471560,471422,138
24532841,24.0991,24.034,138,27739,0.09,0,1,471584,471446,138
24535761,24.0867,24.0298,138,27739,0.09,0,1,471608,471470,138
24538681,24.0759,24.0261,138,30659,0.09,0,1,471632,471494,138
24541601,24.0664,24.0228,138,30659,0.11,0,1,471656,471518,138
24544521,24.0581,24.02,138,30659,0.13,0,1,471680,471542,138
24547441,24.0508,24.0175,138,30659,0.13,0,1,471704,471566,138
24550361,24.0445,24.0153,138,27739,0.13,0,1,471728,471590,138
24553281,24.0389,24.0134,138,27739,0.13,0,1,471752,471614,138
24556201,24.034,23.2617,144,27739,0.11,0,1,471776,471632,144
24559121,24.0298,22.604,150,27739,0.11,0,1,471800,471650,150
24562041,24.0261,22.0285,156,27739,0.09,0,1,471824,471668,156
24564961,24.0228,21.5249,162,27739,0.09,0,1,471848,471686,162
24567881,24.02,21.0843,168,27739,0.09,0,1,471872,471704,168
24570801,24.0175,22.4488,160,27739,0.09,0,1,471896,471736,160
24573721,24.0153,23.6427,152,27739,0.09,0,1,471920,471768,152
24576641,24.0134,24.6873,144,27739,0.09,0,1,471944,471800,144
24579561,24.0117,25.1014,140,27739,0.09,0,1,471968,471828,140
24582481,24.0102,24.9637,140,27739,0.09,0,1,471992,471852,140
24585401,24.009,24.8433,140,27739,0.09,0,1,472016,471876,140
24588321,24.0078,24.7379,140,27739,0.09,0,1,472040,471900,140
24591241,24.0069,24.6456,140,27739,0.09,0,1,472064,471924,140
24594161,24.006,24.5649,140,27739,0.09,0,1,472088,471948,140
24597081,24.0053,24.4943,140,27739,0.09,0,1,472112,471972,140
24600001,24.0046,24.4325,140,27739,0.09,0,1,472136,471996,140
24602921,24.004,24.3785,140,27739,0.09,0,1,472160,472020,140
24605841,24.0035,24.3312,140,27739,0.09,0,1,472184,472044,140
24608761,24.0031,24.2898,140,27739,0.09,0,1,472208,472068,140
24611681,24.0027,24.2535,140,27739,0.09,0,1,472232,472092,140
24614601,24.0024,24.2218,140,27739,0.09,0,1,472256,472116,140
24617521,24.0021,24.1941,140,27739,0.09,0,1,472280,472140,140
24620441,24.0018,24.1699,140,27739,0.09,0,1,472304,472164,140
24623361,24.0016,24.1486,140,27739,0.09,0,1,472328,472188,140
24626281,24.0014,24.13,140,27739,0.09,0,1,472352,472212,140
24629201,24.0012,24.1138,140,27739,0.09,0,1,472376,472236,140
24632121,24.0011,24.0996,140,30659,0.11,0,1,472400,472260,140
24635041,24.0009,24.0871,140,30659,0.11,0,1,472424,472284,140
24637961,24.0008,24.0762,140,30659,0.13,0,1,472448,472308,140
24640881,24.0007,24.0667,140,30659,0.15,0,1,472472,472332,140
24643801,24.0006,24.0584,140,27739,0.15,0,1,472496,472356,140
24646721,24.0005,24.0511,140,27739,0.13,0,1,472520,472380,140
24649641,24.0005,23.2947,146,27739,0.13,0,1,472544,472398,146
24652561,24.0004,22.6328,152,27739,0.11,0,1,472568,472416,152
24655481,24.0004,22.0537,158,27739,0.11,0,1,472592,472434,158
24658401,24.0003,21.547,164,27739,0.11,0,1,472616,472452,164
24661321,24.0003,21.1036,170,27739,0.11,0,1,472640,472470,170
24664241,24.0002,21.5907,169,27739,0.11,0,1,472664,472495,169
24667161,24.0002,22.8919,161,27739,0.11,0,1,472688,472527,161
24670081,24.0002,24.0304,153,27739,0.11,0,1,472712,472559,153
24673001,24.0002,24.5266,149,27739,0.11,0,1,472736,472587,149
24675921,24.0001,24.4608,149,27739,0.11,0,1,472760,472611,149
24678841,24.0001,24.4032,149,27739,0.11,0,1,472784,472635,149
24681761,24.0001,24.3528,149,27739,0.11,0,1,472808,472659,149
24684681,24.0001,24.3087,149,27739,0.11,0,1,472832,472683,149
24687601,24.0001,24.2701,149,27739,0.11,0,1,472856,472707,149
24690521,24.0001,24.2363,149,27739,0.11,0,1,472880,472731,149
24693441,24.0001,24.2068,149,27739,0.11,0,1,472904,472755,149
24696361,24.0001,24.1809,149,27739,0.11,0,1,472928,472779,149
24699281,24,24.1583,149,27739,0.11,0,1,472952,472803,149
24702201,24,24.1385,149,27739,0.11,0,1,472976,472827,149
24705121,24,24.1212,149,27739,0.11,0,1,473000,472851,149
24708041,24,24.1061,149,27739,0.11,0,1,473024,472875,149
24710961,24,24.0928,149,27739,0.11,0,1,473048,472899,149
24713881,24,24.0812,149,27739,0.11,0,1,473072,472923,149
24716801,24,24.0711,149,27739,0.11,0,1,473096,472947,149
24719721,24,24.0622,149,27739,0.11,0,1,473120,472971,149
24722641,24,24.0544,149,27739,0.11,0,1,473144,472995,149
24725561,24,24.0476,149,30659,0.11,0,1,473168,473019,149
24728481,24,24.0416,149,30659,0.13,0,1,473192,473043,149
24731401,24,24.0364,149,30659,0.15,0,1,473216,473067,149
24734321,24,24.0319,149,30659,0.15,0,1,473240,473091,149
24737241,24,24.0279,149,27739,0.15,0,1,473264,473115,149
24740161,24,24.0244,149,27739,0.15,0,1,473288,473139,149
24743081,24,23.6464,152,27739,0.13,0,1,473312,473160,152
24746001,24,22.9406,158,27739,0.13,0,1,473336,473178,158
24748921,24,22.323,164,27739,0.13,0,1,473360,473196,164
24751841,24,21.7826,170,27739,0.13,0,1,473384,473214,170
24754761,24,21.3098,176,27739,0.13,0,1,473408,473232,176
24757681,24,21.7711,175,27739,0.13,0,1,473432,473257,175
24760601,24,23.0497,167,27739,0.13,0,1,473456,473289,167
24763521,24,24.1685,159,27739,0.13,0,1,473480,473321,159
24766441,24,24.6474,155,27739,0.13,0,1,473504,473349,155
24769361,24,24.5665,155,27739,0.13,0,1,473528,473373,155
24772281,24,24.4957,155,27739,0.13,0,1,473552,473397,155
24775201,24,24.4337,155,27739,0.13,0,1,473576,473421,155
24778121,24,24.3795,155,27739,0.13,0,1,473600,473445,155
24781041,24,24.3321,155,27739,0.13,0,1,473624,473469,155
24783961,24,24.2906,155,27739,0.13,0,1,473648,473493,155
24786881,24,24.2542,155,27739,0.13,0,1,473672,473517,155
24789801,24,24.2225,155,27739,0.13,0,1,473696,473541,155
24792721,24,24.1947,155,27739,0.13,0,1,473720,473565,155
24795641,24,24.1703,155,27739,0.13,0,1,473744,473589,155
24798561,24,24.149,155,27739,0.13,0,1,473768,473613,155
24801481,24,24.1304,155,27739,0.13,0,1,473792,473637,155
24804401,24,24.1141,155,27739,0.13,0,1,473816,473661,155
24807321,24,24.0998,155,27739,0.13,0,1,473840,473685,155
24810241,24,24.0874,155,27739,0.13,0,1,473864,473709,155
24813161,24,24.0764,155,27739,0.13,0,1,473888,473733,155
24816081,24,24.0669,155,27739,0.13,0,1,473912,473757,155
24819001,24,24.0585,155,30659,0.13,0,1,473936,473781,155
24821921,24,24.0512,155,30659,0.15,0,1,473960,473805,155
24824841,24,24.0448,155,30659,0.15,0,1,473984,473829,155
24827761,24,24.0392,155,30659,0.17,0,1,474008,473853,155
24830681,24,24.0343,155,27739,0.17,0,1,474032,473877,155
24833601,24,24.03,155,27739,0.17,0,1,474056,473901,155
24836521,24,23.6513,158,27739,0.15,0,1,474080,473922,158
24839441,24,22.9449,164,27739,0.15,0,1,474104,473940,164
24842361,24,22.3267,170,27739,0.13,0,1,474128,473958,170
24845281,24,21.7859,176,27739,0.13,0,1,474152,473976,176
24848201,24,21.3127,182,27739,0.13,0,1,474176,473994,182
24851121,24,20.8986,188,27739,0.13,0,1,474200,474012,188
24854041,24,22.2863,180,27739,0.13,0,1,474224,474044,180
24856961,24,23.5005,172,27739,0.13,0,1,474248,474076,172
24859881,24,24.5629,164,27739,0.13,0,1,474272,474108,164
24862801,24,24.4926,164,27739,0.13,0,1,474296,474132,164
24865721,24,24.431,164,27739,0.13,0,1,474320,474156,164
24868641,24,24.3771,164,27739,0.13,0,1,474344,474180,164
24871561,24,24.33,164,27739,0.13,0,1,474368,474204,164
24874481,24,24.2887,164,27739,0.13,0,1,474392,474228,164
24877401,24,24.2526,164,27739,0.13,0,1,474416,474252,164
24880321,24,24.2211,164,27739,0.13,0,1,474440,474276,164
24883241,24,24.1934,164,27739,0.13,0,1,474464,474300,164
24886161,24,24.1692,164,27739,0.13,0,1,474488,474324,164
24889081,24,24.1481,164,27739,0.13,0,1,474512,474348,164
24892001,24,24.1296,164,27739,0.13,0,1,474536,474372,164
24894921,24,24.1134,164,27739,0.13,0,1,474560,474396,164
24897841,24,24.0992,164,27739,0.13,0,1,474584,474420,164
24900761,24,24.0868,164,27739,0.13,0,1,474608,474444,164
24903681,24,24.076,164,27739,0.13,0,1,474632,474468,164
24906601,24,24.0665,164,27739,0.13,0,1,474656,474492,164
24909521,24,24.0582,164,27739,0.13,0,1,474680,474516,164
24912441,24,24.0509,164,30659,0.15,0,1,474704,474540,164
24915361,24,24.0445,164,30659,0.15,0,1,474728,474564,164
24918281,24,24.039,164,30659,0.17,0,1,474752,474588,164
24921201,24,24.0341,164,30659,0.19,0,1,474776,474612,164
24924121,24,24.0298,164,27739,0.19,0,1,474800,474636,164
24927041,24,24.0261,164,27739,0.17,0,1,474824,474660,164
24929961,24,24.0228,164,27739,0.17,0,1,474848,474684,164
24932881,24,23.27,170,27739,0.15,0,1,474872,474702,170
24935801,24,22.6112,176,27739,0.15,0,1,474896,474720,176
24938721,24,22.0348,182,27739,0.15,0,1,474920,474738,182
24941641,24,21.5305,188,27739,0.15,0,1,474944,474756,188
24944561,24,21.0892,194,27739,0.15,0,1,474968,474774,194
24947481,24,21.578,193,27739,0.15,0,1,474992,474799,193
24950401,24,22.8808,185,27739,0.15,0,1,475016,474831,185
24953321,24,24.0207,177,27739,0.15,0,1,475040,474863,177
24956241,24,24.5181,173,27739,0.15,0,1,475064,474891,173
24959161,24,24.4533,173,27739,0.15,0,1,475088,474915,173
24962081,24,24.3967,173,27739,0.15,0,1,475112,474939,173
24965001,24,24.3471,173,27739,0.15,0,1,475136,474963,173
24967921,24,24.3037,173,27739,0.15,0,1,475160,474987,173
24970841,24,24.2657,173,27739,0.15,0,1,475184,475011,173
24973761,24,24.2325,173,27739,0.15,0,1,475208,475035,173
24976681,24,24.2035,173,27739,0.15,0,1,475232,475059,173
24979601,24,24.178,173,27739,0.15,0,1,475256,475083,173
24982521,24,24.1558,173,27739,0.15,0,1,475280,475107,173
24985441,24,24.1363,173,27739,0.15,0,1,475304,475131,173
24988361,24,24.1193,173,27739,0.15,0,1,475328,475155,173
24991281,24,24.1044,173,27739,0.15,0,1,475352,475179,173
24994201,24,24.0913,173,27739,0.15,0,1,475376,475203,173
24997121,24,24.0799,173,27739,0.15,0,1,475400,475227,173
25000041,24,24.0699,173,27739,0.15,0,1,475424,475251,173
25002961,24,24.0612,173,27739,0.15,0,1,475448,475275,173
25005881,24,24.0535,173,30659,0.15,0,1,475472,475299,173
25008801,24,24.0468,173,30659,0.17,0,1,475496,475323,173
25011721,24,24.041,173,30659,0.19,0,1,475520,475347,173
25014641,24,24.0359,173,30659,0.19,0,1,475544,475371,173
25017561,24,24.0314,173,27739,0.19,0,1,475568,475395,173
25020481,24,24.0275,173,27739,0.19,0,1,475592,475419,173
25023401,24,24.024,173,27739,0.17,0,1,475616,475443,173
25026321,24,23.646,176,27739,0.17,0,1,475640,475464,176
25029241,24,22.9403,182,27739,0.17,0,1,475664,475482,182
25032161,24,22.3227,188,27739,0.17,0,1,475688,475500,188
25035081,24,21.7824,194,27739,0.17,0,1,475712,475518,194
25038001,24,21.3096,200,27739,0.17,0,1,475736,475536,200
25040921,24,21.7709,199,27739,0.17,0,1,475760,475561,199
25043841,24,23.0495,191,27739,0.17,0,1,475784,475593,191
25046761,24,24.1683,183,27739,0.17,0,1,475808,475625,183
25049681,24,24.6473,179,27739,0.17,0,1,475832,475653,179
25052601,24,24.5664,179,27739,0.17,0,1,475856,475677,179
25055521,24,24.4956,179,27739,0.17,0,1,475880,475701,179
25058441,24,24.4336,179,27739,0.17,0,1,475904,475725,179
25061361,24,24.3794,179,27739,0.17,0,1,475928,475749,179
25064281,24,24.332,179,27739,0.17,0,1,475952,475773,179
25067201,24,24.2905,179,27739,0.17,0,1,475976,475797,179
25070121,24,24.2542,179,27739,0.17,0,1,476000,475821,179
25073041,24,24.2224,179,27739,0.17,0,1,476024,475845,179
25075961,24,24.1946,179,27739,0.17,0,1,476048,475869,179
25078881,24,24.1703,179,27739,0.17,0,1,476072,475893,179
25081801,24,24.149,179,27739,0.17,0,1,476096,475917,179
25084721,24,24.1304,179,27739,0.17,0,1,476120,475941,179
25087641,24,24.1141,179,27739,0.17,0,1,476144,475965,179
25090561,24,24.0998,179,27739,0.17,0,1,476168,475989,179
25093481,24,24.0873,179,27739,0.17,0,1,476192,476013,179
25096401,24,24.0764,179,27739,0.17,0,1,476216,476037,179
25099321,24,24.0669,179,30659,0.17,0,1,476240,476061,179
25102241,24,24.0585,179,30659,0.19,0,1,476264,476085,179
25105161,24,24.0512,179,30659,0.19,0,1,476288,476109,179
25108081,24,24.0448,179,30659,0.21,0,1,476312,476133,179
25111001,24,24.0392,179,27739,0.21,0,1,476336,476157,179
25113921,24,24.0343,179,27739,0.21,0,1,476360,476181,179
25116841,24,24.03,179,27739,0.19,0,1,476384,476205,179
25119761,24,23.6513,182,27739,0.19,0,1,476408,476226,182
25122681,24,22.9449,188,27739,0.17,0,1,476432,476244,188
25125601,24,22.3267,194,27739,0.17,0,1,476456,476262,194
25128521,24,21.7859,200,27739,0.17,0,1,476480,476280,200
25131441,24,21.3127,206,27739,0.17,0,1,476504,476298,206
25134361,24,20.8986,212,27739,0.17,0,1,476528,476316,212
25137281,24,22.2863,204,27739,0.17,0,1,476552,476348,204
25140201,24,23.5005,196,27739,0.17,0,1,476576,476380,196
25143121,24,24.5629,188,27739,0.17,0,1,476600,476412,188
25146041,24,24.4926,188,27739,0.17,0,1,476624,476436,188
25148961,24,24.431,188,27739,0.17,0,1,476648,476460,188
25151881,24,24.3771,188,27739,0.17,0,1,476672,476484,188
25154801,24,24.33,188,27739,0.17,0,1,476696,476508,188
25157721,24,24.2887,188,27739,0.17,0,1,476720,476532,188
25160641,24,24.2526,188,27739,0.17,0,1,476744,476556,188
25163561,24,24.2211,188,27739,0.17,0,1,476768,476580,188
25166481,24,24.1934,188,27739,0.17,0,1,476792,476604,188
25169401,24,24.1692,188,27739,0.17,0,1,476816,476628,188
25172321,24,24.1481,188,27739,0.17,0,1,476840,476652,188
25175241,24,24.1296,188,27739,0.17,0,1,476864,476676,188
25178161,24,24.1134,188,27739,0.17,0,1,476888,476700,188
25181081,24,24.0992,188,27739,0.17,0,1,476912,476724,188
25184001,24,24.0868,188,27739,0.17,0,1,476936,476748,188
25186921,24,24.076,188,27739,0.17,0,1,476960,476772,188
25189841,24,24.0665,188,27739,0.17,0,1,476984,476796,188
25192761,24,24.0582,188,30659,0.19,0,1,477008,476820,188
25195681,24,24.0509,188,30659,0.19,0,1,477032,476844,188
25198601,24,24.0445,188,30659,0.21,0,1,477056,476868,188
25201521,24,24.039,188,30659,0.23,0,1,477080,476892,188
25204441,24,24.0341,188,27739,0.23,0,1,477104,476916,188
25207361,24,24.0298,188,27739,0.21,0,1,477128,476940,188
25210281,24,24.0261,188,27739,0.21,0,1,477152,476964,188
25213201,24,24.0228,188,27739,0.19,0,1,477176,476988,188
25216121,24,23.27,194,27739,0.19,0,1,477200,477006,194
25219041,24,22.6112,200,27739,0.19,0,1,477224,477024,200
25221961,24,22.0348,206,27739,0.19,0,1,477248,477042,206
25224881,24,21.5305,212,27739,0.19,0,1,477272,477060,212
25227801,24,21.0892,218,27739,0.19,0,1,477296,477078,218
25230721,24,21.703,216,27739,0.19,0,1,477320,477104,216
25233641,24,22.9901,208,27739,0.19,0,1,477344,477136,208
25236561,24,24.1164,200,27739,0.19,0,1,477368,477168,200
25239481,24,24.6018,196,27739,0.19,0,1,477392,477196,196
25242401,24,24.5266,196,27739,0.19,0,1,477416,477220,196
25245321,24,24.4608,196,27739,0.19,0,1,477440,477244,196
25248241,24,24.4032,196,27739,0.19,0,1,477464,477268,196
25251161,24,24.3528,196,27739,0.19,0,1,477488,477292,196
25254081,24,24.3087,196,27739,0.19,0,1,477512,477316,196
25257001,24,24.2701,196,27739,0.19,0,1,477536,477340,196
25259921,24,24.2363,196,27739,0.19,0,1,477560,477364,196
25262841,24,24.2068,196,27739,0.19,0,1,477584,477388,196
25265761,24,24.1809,196,27739,0.19,0,1,477608,477412,196
25268681,24,24.1583,196,27739,0.19,0,1,477632,477436,196
25271601,24,24.1385,196,27739,0.19,0,1,477656,477460,196
25274521,24,24.1212,196,27739,0.19,0,1,477680,477484,196
25277441,24,24.1061,196,27739,0.19,0,1,477704,477508,196
25280361,24,24.0928,196,27739,0.19,0,1,477728,477532,196
25283281,24,24.0812,196,27739,0.19,0,1,477752,477556,196
25286201,24,24.0711,196,30659,0.19,0,1,477776,477580,196
25289121,24,24.0622,196,30659,0.21,0,1,477800,477604,196
25292041,24,24.0544,196,30659,0.21,0,1,477824,477628,196
25294961,24,24.0476,196,30659,0.23,0,1,477848,477652,196
25297881,24,24.0417,196,27739,0.23,0,1,477872,477676,196
25300801,24,24.0364,196,27739,0.21,0,1,477896,477700,196
25303721,24,24.0319,196,27739,0.21,0,1,477920,477724,196
25306641,24,24.0279,196,27739,0.19,0,1,477944,477748,196
25309561,24,23.6494,199,27739,0.19,0,1,477968,477769,199
25312481,24,22.9432,205,27739,0.19,0,1,477992,477787,205
25315401,24,22.3253,211,27739,0.19,0,1,478016,477805,211
25318321,24,21.7847,217,27739,0.19,0,1,478040,477823,217
25321241,24,21.3116,223,27739,0.19,0,1,478064,477841,223
25324161,24,22.5226,216,27739,0.19,0,1,478088,477872,216
25327081,24,23.7073,208,27739,0.19,0,1,478112,477904,208
25330001,24,24.7439,200,27739,0.19,0,1,478136,477936,200
25332921,24,25.1509,196,27739,0.19,0,1,478160,477964,196
25335841,24,25.007,196,27739,0.19,0,1,478184,477988,196
25338761,24,24.8812,196,27739,0.19,0,1,478208,478012,196
25341681,24,24.771,196,27739,0.19,0,1,478232,478036,196
25344601,24,24.6746,196,27739,0.19,0,1,478256,478060,196
25347521,24,24.5903,196,27739,0.19,0,1,478280,478084,196
25350441,24,24.5165,196,27739,0.19,0,1,478304,478108,196
25353361,24,24.452,196,27739,0.19,0,1,478328,478132,196
25356281,24,24.3955,196,27739,0.19,0,1,478352,478156,196
25359201,24,24.346,196,27739,0.19,0,1,478376,478180,196
25362121,24,24.3028,196,27739,0.19,0,1,478400,478204,196
25365041,24,24.2649,196,27739,0.19,0,1,478424,478228,196
25367961,24,24.2318,196,27739,0.19,0,1,478448,478252,196
25370881,24,24.2028,196,27739,0.19,0,1,478472,478276,196
25373801,24,24.1775,196,27739,0.19,0,1,478496,478300,196
25376721,24,24.1553,196,27739,0.19,0,1,478520,478324,196
25379641,24,24.1359,196,30659,0.19,0,1,478544,478348,196
25382561,24,24.1189,196,30659,0.21,0,1,478568,478372,196
25385481,24,24.104,196,30659,0.21,0,1,478592,478396,196
25388401,24,24.091,196,30659,0.23,0,1,478616,478420,196
25391321,24,24.0797,196,27739,0.23,0,1,478640,478444,196
25394241,24,24.0697,196,27739,0.21,0,1,478664,478468,196
25397161,24,24.061,196,27739,0.21,0,1,478688,478492,196
25400081,24,24.0534,196,27739,0.19,0,1,478712,478516,196
25403001,24,23.6717,199,27739,0.19,0,1,478736,478537,199
25405921,24,22.9627,205,27739,0.19,0,1,478760,478555,205
25408841,24,22.3424,211,27739,0.19,0,1,478784,478573,211
25411761,24,21.7996,217,27739,0.19,0,1,478808,478591,217
25414681,24,21.3246,223,27739,0.19,0,1,478832,478609,223
25417601,24,22.5341,216,27739,0.19,0,1,478856,478640,216
25420521,24,23.7173,208,27739,0.19,0,1,478880,478672,208
25423441,24,24.7526,200,27739,0.19,0,1,478904,478704,200
25426361,24,25.1586,196,27739,0.19,0,1,478928,478732,196
25429281,24,25.0137,196,27739,0.19,0,1,478952,478756,196
25432201,24,24.887,196,27739,0.19,0,1,478976,478780,196
25435121,24,24.7761,196,27739,0.19,0,1,479000,478804,196
25438041,24,24.6791,196,27739,0.19,0,1,479024,478828,196
25440961,24,24.5942,196,27739,0.18,0,1,479048,478852,196
25443881,24,24.52,196,27739,0.14,0,1,479072,478876,196
25446801,24,24.455,196,27739,0.1,0,1,479096,478900,196
25449721,24,24.3981,196,27739,0.06,0,1,479120,478924,196
25452641,24,24.3483,196,27739,0.02,0,1,479144,478948,196
25455561,24,24.3048,196,27739,0,0,1,479168,478972,196
25458481,24,24.2667,196,27739,0,0,1,479192,478996,196
25460241,22.75,24.2334,186,27739,0,0,1,479206,479020,186
25463161,403.031,417.079,84,27739,0.01,0,1,482271,482187,84
25466081,355.652,367.944,84,30659,0.01,0,1,482295,482211,84
25469001,314.196,324.951,84,33579,0.01,0,1,482319,482235,84
25471921,277.921,287.332,84,36499,0.03,0,1,482343,482259,84
25474841,246.181,254.416,84,39419,0.05,0,1,482367,482283,84
25477761,218.409,224.864,90,42339,0.05,0,1,482391,482301,90
25480681,194.107,199.006,96,42339,0.07,0,1,482415,482319,96
25483601,172.844,176.38,102,41123,0.09,0,1,482439,482337,102
25486521,154.239,156.583,108,40149,0.09,0,1,482463,482355,108
25489441,137.959,139.26,114,39663,0.11,0,1,482487,482373,114
25492361,123.714,124.102,120,39419,0.13,0,1,482511,482391,120
25495281,111.25,110.84,126,39419,0.13,0,1,482535,482409,126
25498201,100.343,99.2346,132,39419,0.15,0,1,482559,482427,132
25501121,90.8005,89.0803,138,39419,0.17,0,1,482583,482445,138
25504041,82.4504,80.1952,144,39419,0.17,0,1,482607,482463,144
25506961,75.1441,72.4208,150,39419,0.19,0,1,482631,482481,150
25509881,68.7511,65.6182,156,39419,0.21,0,1,482655,482499,156
25512801,63.1572,59.6659,162,36499,0.21,0,1,482679,482517,162
25515721,58.2626,54.4577,168,36499,0.2,0,1,482703,482535,168
25518641,53.9798,49.9005,174,36499,0.19,0,1,482727,482553,174
25521561,50.2323,45.9129,180,36499,0.18,0,1,482751,482571,180
25524481,46.9532,42.4238,186,36499,0.17,0,1,482775,482589,186
25527401,44.0841,39.3708,192,36499,0.16,0,1,482799,482607,192
25530321,41.5736,36.6995,198,36499,0.15,0,1,482823,482625,198
25533241,39.3769,34.362,204,36499,0.15,0,1,482847,482643,204
25536161,37.4548,32.3168,210,36499,0.15,0,1,482871,482661,210
25539081,35.7729,32.2772,202,36499,0.15,0,1,482895,482693,202
25542001,34.3013,32.2425,194,36499,0.15,0,1,482919,482725,194
25544921,33.0136,32.2122,186,36499,0.15,0,1,482943,482757,186
25547841,31.8869,32.1857,178,36499,0.15,0,1,482967,482789,178
25550761,30.9011,31.6625,174,36499,0.15,0,1,482991,482817,174
25553681,30.0384,30.7047,174,36499,0.15,0,1,483015,482841,174
25556601,29.2836,29.8666,174,36499,0.15,0,1,483039,482865,174
25559521,28.6232,29.1333,174,36499,0.15,0,1,483063,482889,174
25562441,28.0453,28.4916,174,36499,0.15,0,1,483087,482913,174
25565361,27.5396,27.9302,174,36499,0.15,0,1,483111,482937,174
25568281,27.0972,27.4389,174,36499,0.15,0,1,483135,482961,174
25571201,26.71,27.009,174,36499,0.15,0,1,483159,482985,174
25574121,26.3713,26.6329,174,36499,0.15,0,1,483183,483009,174
25577041,26.0749,26.3038,174,36499,0.15,0,1,483207,483033,174
25579961,25.8155,26.0158,174,36499,0.15,0,1,483231,483057,174
25582881,25.5886,25.7638,174,36499,0.15,0,1,483255,483081,174
25585801,25.39,25.5434,174,36499,0.15,0,1,483279,483105,174
25588721,25.2162,25.3504,174,36499,0.15,0,1,483303,483129,174
25591641,25.0642,25.1816,174,36499,0.15,0,1,483327,483153,174
25594561,24.9312,25.0339,174,36499,0.15,0,1,483351,483177,174
25597481,24.8148,24.9047,174,36499,0.15,0,1,483375,483201,174
25600401,24.7129,24.7916,174,36499,0.15,0,1,483399,483225,174
25603321,24.6238,24.6927,174,36499,0.15,0,1,483423,483249,174
25606241,24.5458,24.6061,174,36499,0.15,0,1,483447,483273,174
25609161,24.4776,24.5303,174,36499,0.15,0,1,483471,483297,174
25612081,24.4179,24.464,174,36499,0.15,0,1,483495,483321,174
25615001,24.3657,24.406,174,36499,0.15,0,1,483519,483345,174
25617921,24.32,24.3553,174,36499,0.15,0,1,483543,483369,174
25620841,24.28,24.3109,174,36499,0.15,0,1,483567,483393,174
25623761,24.245,24.272,174,36499,0.15,0,1,483591,483417,174
25626681,24.2144,24.238,174,36499,0.15,0,1,483615,483441,174
25629601,24.1876,24.2083,174,36499,0.15,0,1,483639,483465,174
25632521,24.1641,24.1822,174,36499,0.15,0,1,483663,483489,174
25635441,24.1436,24.1594,174,39419,0.15,0,1,483687,483513,174
25638361,24.1256,24.1395,174,39419,0.17,0,1,483711,483537,174
25641281,24.1099,24.1221,174,39419,0.19,0,1,483735,483561,174
25644201,24.0962,24.1068,174,39419,0.19,0,1,483759,483585,174
25647121,24.0842,24.0935,174,39419,0.21,0,1,483783,483609,174
25650041,24.0737,24.0818,174,39419,0.23,0,1,483807,483633,174
25652961,24.0644,24.0716,174,36499,0.23,0,1,483831,483657,174
25655881,24.0564,23.6876,177,36499,0.22,0,1,483855,483678,177
25658801,24.0493,22.9767,183,36499,0.21,0,1,483879,483696,183
25661721,24.0432,22.3546,189,36499,0.2,0,1,483903,483714,189
25664641,24.0378,21.8103,195,36499,0.19,0,1,483927,483732,195
25667561,24.0331,21.334,201,36499,0.18,0,1,483951,483750,201
25670481,24.0289,20.9172,207,36499,0.17,0,1,483975,483768,207
25673401,24.0253,20.5526,213,36499,0.17,0,1,483999,483786,213
25676321,24.0221,20.2335,219,36499,0.17,0,1,484023,483804,219
25679241,24.0194,20.8293,218,36499,0.17,0,1,484047,483829,218
25682161,24.017,22.2257,210,36499,0.17,0,1,484071,483861,210
25685081,24.0148,23.4474,202,36499,0.17,0,1,484095,483893,202
25688001,24.013,24.5165,194,36499,0.17,0,1,484119,483925,194
25690921,24.0114,25.4519,186,36499,0.17,0,1,484143,483957,186
25693841,24.0099,25.2705,186,36499,0.17,0,1,484167,483981,186
25696761,24.0087,25.1116,186,36499,0.17,0,1,484191,484005,186
25699681,24.0076,24.9727,186,36499,0.17,0,1,484215,484029,186
25702601,24.0067,24.8511,186,36499,0.17,0,1,484239,484053,186
25705521,24.0058,24.7447,186,36499,0.17,0,1,484263,484077,186
25708441,24.0051,24.6516,186,36499,0.17,0,1,484287,484101,186
25711361,24.0045,24.5702,186,36499,0.17,0,1,484311,484125,186
25714281,24.0039,24.4989,186,36499,0.17,0,1,484335,484149,186
25717201,24.0034,24.4365,186,36499,0.17,0,1,484359,484173,186
25720121,24.003,24.382,186,36499,0.17,0,1,484383,484197,186
25723041,24.0026,24.3342,186,36499,0.17,0,1,484407,484221,186
25725961,24.0023,24.2924,186,36499,0.17,0,1,484431,484245,186
25728881,24.002,24.2559,186,36499,0.17,0,1,484455,484269,186
25731801,24.0018,24.2239,186,36499,0.17,0,1,484479,484293,186
25734721,24.0015,24.1959,186,36499,0.17,0,1,484503,484317,186
25737641,24.0013,24.1714,186,36499,0.17,0,1,484527,484341,186
25740561,24.0012,24.15,186,36499,0.17,0,1,484551,484365,186
25743481,24.001,24.1312,186,36499,0.17,0,1,484575,484389,186
25746401,24.0009,24.1148,186,36499,0.17,0,1,484599,484413,186
25749321,24.0008,24.1005,186,36499,0.17,0,1,484623,484437,186
25752241,24.0007,24.0879,186,36499,0.17,0,1,484647,484461,186
25755161,24.0006,24.0769,186,36499,0.17,0,1,484671,484485,186
25758081,24.0005,24.0673,186,36499,0.17,0,1,484695,484509,186
25761001,24.0005,24.0589,186,36499,0.17,0,1,484719,484533,186
25763921,24.0004,24.0515,186,36499,0.17,0,1,484743,484557,186
25766841,24.0004,24.0451,186,36499,0.17,0,1,484767,484581,186
25769761,24.0003,24.0395,186,36499,0.17,0,1,484791,484605,186
25772681,24.0003,24.0345,186,36499,0.17,0,1,484815,484629,186
25775601,24.0002,24.0302,186,39419,0.17,0,1,484839,484653,186
25778521,24.0002,24.0264,186,39419,0.19,0,1,484863,484677,186
25781441,24.0002,24.0231,186,39419,0.21,0,1,484887,484701,186
25784361,24.0002,24.0202,186,39419,0.21,0,1,484911,484725,186
25787281,24.0001,24.0177,186,39419,0.23,0,1,484935,484749,186
25790201,24.0001,24.0155,186,39419,0.25,0,1,484959,484773,186
25793121,24.0001,24.0136,186,36499,0.25,0,1,484983,484797,186
25796041,24.0001,24.0119,186,36499,0.24,0,1,485007,484821,186
25798961,24.0001,23.2604,192,36499,0.23,0,1,485031,484839,192
25801881,24.0001,22.6028,198,36499,0.22,0,1,485055,484857,198
25804801,24.0001,22.0275,204,36499,0.21,0,1,485079,484875,204
25807721,24.0001,21.524,210,36499,0.2,0,1,485103,484893,210
25810641,24,21.0835,216,36499,0.19,0,1,485127,484911,216
25813561,24,20.6981,222,36499,0.19,0,1,485151,484929,222
25816481,24,20.3608,228,36499,0.19,0,1,485175,484947,228
25819401,24,20.0657,234,36499,0.19,0,1,485199,484965,234
25822321,24,21.5575,226,36499,0.19,0,1,485223,484997,226
25825241,24,22.8628,218,36499,0.19,0,1,485247,485029,218
25828161,24,24.005,210,36499,0.19,0,1,485271,485061,210
25831081,24,25.0044,202,36499,0.19,0,1,485295,485093,202
25834001,24,25.3788,198,36499,0.19,0,1,485319,485121,198
25836921,24,25.2065,198,36499,0.19,0,1,485343,485145,198
25839841,24,25.0556,198,36499,0.19,0,1,485367,485169,198
25842761,24,24.9237,198,36499,0.19,0,1,485391,485193,198
25845681,24,24.8082,198,36499,0.19,0,1,485415,485217,198
25848601,24,24.7072,198,36499,0.19,0,1,485439,485241,198
25851521,24,24.6188,198,36499,0.19,0,1,485463,485265,198
25854441,24,24.5415,198,36499,0.19,0,1,485487,485289,198
25857361,24,24.4738,198,36499,0.19,0,1,485511,485313,198
25860281,24,24.4145,198,36499,0.19,0,1,485535,485337,198
25863201,24,24.3627,198,36499,0.19,0,1,485559,485361,198
25866121,24,24.3174,198,36499,0.19,0,1,485583,485385,198
25869041,24,24.2777,198,36499,0.19,0,1,485607,485409,198
25871961,24,24.243,198,36499,0.19,0,1,485631,485433,198
25874881,24,24.2126,198,36499,0.19,0,1,485655,485457,198
25877801,24,24.186,198,36499,0.19,0,1,485679,485481,198
25880721,24,24.1628,198,36499,0.18,0,1,485703,485505,198
25883641,24,24.1424,198,36499,0.14,0,1,485727,485529,198
25886561,24,24.1246,198,36499,0.1,0,1,485751,485553,198
25889481,24,24.1091,198,36499,0.06,0,1,485775,485577,198
25892401,24,24.0954,198,36499,0.02,0,1,485799,485601,198
25895321,24,24.0835,198,36499,0,0,1,485823,485625,198
25898241,24,24.0731,198,36499,0,0,1,485847,485649,198
25900161,23,24.0639,190,36499,0,0,1,485863,485673,190
25903081,104.625,118.806,84,36499,0.01,0,1,486539,486455,84
25906001,94.5469,106.955,84,39419,0.01,0,1,486563,486479,84
25908921,85.7285,96.5858,84,39419,0.01,0,1,486587,486503,84
25911841,78.0125,87.5126,84,39419,0.03,0,1,486611,486527,84
25914761,71.2609,79.5735,84,39419,0.05,0,1,486635,486551,84
25917681,65.3533,71.8768,90,39419,0.05,0,1,486659,486569,90
25920601,60.1841,65.1422,96,39419,0.07,0,1,486683,486587,96
25923521,55.6611,59.2494,102,39419,0.09,0,1,486707,486605,102
25926441,51.7035,54.0933,108,39419,0.09,0,1,486731,486623,108
25929361,48.2405,49.5816,114,39419,0.11,0,1,486755,486641,114
25932281,45.2105,45.6339,120,39419,0.13,0,1,486779,486659,120
25935201,42.5592,42.1797,126,39419,0.13,0,1,486803,486677,126
25938121,40.2393,39.1572,132,39419,0.15,0,1,486827,486695,132
25941041,38.2094,36.5126,138,39419,0.17,0,1,486851,486713,138
25943961,36.4332,34.1985,144,39419,0.17,0,1,486875,486731,144
25946881,34.879,32.1737,150,39419,0.19,0,1,486899,486749,150
25949801,33.5192,30.402,156,39419,0.21,0,1,486923,486767,156
25952721,32.3293,28.8517,162,36499,0.21,0,1,486947,486785,162
25955641,31.2881,27.4953,168,36499,0.2,0,1,486971,486803,168
25958561,30.3771,26.3083,174,36499,0.19,0,1,486995,486821,174
25961481,29.58,25.2698,180,36499,0.18,0,1,487019,486839,180
25964401,28.8825,24.3611,186,36499,0.17,0,1,487043,486857,186
25967321,28.2722,23.5659,192,36499,0.16,0,1,487067,486875,192
25970241,27.7381,22.8702,198,36499,0.15,0,1,487091,486893,198
25973161,27.2709,22.2614,204,36499,0.15,0,1,487115,486911,204
25976081,26.862,21.7287,210,36499,0.15,0,1,487139,486929,210
25979001,26.5043,23.0127,202,36499,0.15,0,1,487163,486961,202
25981921,26.1912,24.1361,194,36499,0.15,0,1,487187,486993,194
25984841,25.9173,25.1191,186,36499,0.15,0,1,487211,487025,186
25987761,25.6777,25.9792,178,36499,0.15,0,1,487235,487057,178
25990681,25.468,26.2318,174,36499,0.15,0,1,487259,487085,174
25993601,25.2845,25.9528,174,36499,0.15,0,1,487283,487109,174
25996521,25.1239,25.7087,174,36499,0.15,0,1,487307,487133,174
25999441,24.9834,25.4951,174,36499,0.15,0,1,487331,487157,174
26002361,24.8605,25.3082,174,36499,0.15,0,1,487355,487181,174
26005281,24.7529,25.1447,174,36499,0.15,0,1,487379,487205,174
26008201,24.6588,25.0016,174,36499,0.15,0,1,487403,487229,174
26011121,24.5765,24.8764,174,36499,0.15,0,1,487427,487253,174
26014041,24.5044,24.7669,174,36499,0.15,0,1,487451,487277,174
26016961,24.4414,24.671,174,36499,0.15,0,1,487475,487301,174
26019881,24.3862,24.5871,174,36499,0.15,0,1,487499,487325,174
26022801,24.3379,24.5137,174,36499,0.15,0,1,487523,487349,174
26025721,24.2957,24.4495,174,36499,0.15,0,1,487547,487373,174
26028641,24.2587,24.3933,174,36499,0.15,0,1,487571,487397,174
26031561,24.2264,24.3442,174,36499,0.15,0,1,487595,487421,174
26034481,24.1981,24.3011,174,36499,0.15,0,1,487619,487445,174
26037401,24.1733,24.2635,174,36499,0.15,0,1,487643,487469,174
26040321,24.1517,24.2306,174,36499,0.15,0,1,487667,487493,174
26043241,24.1327,24.2017,174,36499,0.15,0,1,487691,487517,174
26046161,24.1161,24.1765,174,36499,0.15,0,1,487715,487541,174
26049081,24.1016,24.1545,174,36499,0.15,0,1,487739,487565,174
26052001,24.0889,24.1352,174,36499,0.15,0,1,487763,487589,174
26054921,24.0778,24.1183,174,36499,0.15,0,1,487787,487613,174
26057841,24.0681,24.1035,174,36499,0.15,0,1,487811,487637,174
26060761,24.0596,24.0905,174,36499,0.15,0,1,487835,487661,174
26063681,24.0521,24.0792,174,36499,0.15,0,1,487859,487685,174
26066601,24.0456,24.0693,174,36499,0.15,0,1,487883,487709,174
26069521,24.0399,24.0607,174,36499,0.15,0,1,487907,487733,174
26072441,24.0349,24.0531,174,36499,0.15,0,1,487931,487757,174
26075361,24.0305,24.0464,174,39419,0.15,0,1,487955,487781,174
26078281,24.0267,24.0406,174,39419,0.17,0,1,487979,487805,174
26081201,24.0234,24.0356,174,39419,0.19,0,1,488003,487829,174
26084121,24.0205,24.0311,174,39419,0.19,0,1,488027,487853,174
26087041,24.0179,24.0272,174,39419,0.21,0,1,488051,487877,174
26089961,24.0157,24.0238,174,39419,0.23,0,1,488075,487901,174
26092881,24.0137,24.0208,174,36499,0.23,0,1,488099,487925,174
26095801,24.012,23.6432,177,36499,0.22,0,1,488123,487946,177
26098721,24.0105,22.9378,183,36499,0.21,0,1,488147,487964,183
26101641,24.0092,22.3206,189,36499,0.2,0,1,488171,487982,189
26104561,24.008,21.7805,195,36499,0.19,0,1,488195,488000,195
26107481,24.007,21.308,201,36499,0.18,0,1,488219,488018,201
26110401,24.0062,20.8945,207,36499,0.17,0,1,488243,488036,207
26113321,24.0054,20.5327,213,36499,0.17,0,1,488267,488054,213
26116241,24.0047,20.2161,219,36499,0.17,0,1,488291,488072,219
26119161,24.0041,20.8141,218,36499,0.17,0,1,488315,488097,218
26122081,24.0036,22.2123,210,36499,0.17,0,1,488339,488129,210
26125001,24.0032,23.4358,202,36499,0.17,0,1,488363,488161,202
26127921,24.0028,24.5063,194,36499,0.17,0,1,488387,488193,194
26130841,24.0024,25.443,186,36499,0.17,0,1,488411,488225,186
26133761,24.0021,25.2626,186,36499,0.17,0,1,488435,488249,186
26136681,24.0018,25.1048,186,36499,0.17,0,1,488459,488273,186
26139601,24.0016,24.9667,186,36499,0.17,0,1,488483,488297,186
26142521,24.0014,24.8459,186,36499,0.17,0,1,488507,488321,186
26145441,24.0012,24.7401,186,36499,0.17,0,1,488531,488345,186
26148361,24.0011,24.6476,186,36499,0.17,0,1,488555,488369,186
26151281,24.0009,24.5667,186,36499,0.17,0,1,488579,488393,186
26154201,24.0008,24.4958,186,36499,0.17,0,1,488603,488417,186
26157121,24.0007,24.4339,186,36499,0.17,0,1,488627,488441,186
26160041,24.0006,24.3796,186,36499,0.17,0,1,488651,488465,186
26162961,24.0006,24.3322,186,36499,0.17,0,1,488675,488489,186
26165881,24.0005,24.2906,186,36499,0.17,0,1,488699,488513,186
26168801,24.0004,24.2543,186,36499,0.17,0,1,488723,488537,186
26171721,24.0004,24.2225,186,36499,0.17,0,1,488747,488561,186
26174641,24.0003,24.1947,186,36499,0.17,0,1,488771,488585,186
26177561,24.0003,24.1704,186,36499,0.17,0,1,488795,488609,186
26180481,24.0002,24.1491,186,36499,0.17,0,1,488819,488633,186
26183401,24.0002,24.1304,186,36499,0.17,0,1,488843,488657,186
26186321,24.0002,24.1141,186,36499,0.17,0,1,488867,488681,186
26189241,24.0002,24.0999,186,36499,0.17,0,1,488891,488705,186
26192161,24.0001,24.0874,186,36499,0.17,0,1,488915,488729,186
26195081,24.0001,24.0765,186,36499,0.17,0,1,488939,488753,186
26198001,24.0001,24.0669,186,36499,0.17,0,1,488963,488777,186
26200921,24.0001,24.0585,186,36499,0.17,0,1,488987,488801,186
26203841,24.0001,24.0512,186,36499,0.17,0,1,489011,488825,186
26206761,24.0001,24.0448,186,36499,0.17,0,1,489035,488849,186
26209681,24.0001,24.0392,186,36499,0.17,0,1,489059,488873,186
26212601,24.0001,24.0343,186,36499,0.17,0,1,489083,488897,186
26215521,24.0001,24.03,186,39419,0.17,0,1,489107,488921,186
26218441,24,24.0263,186,39419,0.19,0,1,489131,488945,186
26221361,24,24.023,186,39419,0.21,0,1,489155,488969,186
26224281,24,24.0201,186,39419,0.21,0,1,489179,488993,186
26227201,24,24.0176,186,39419,0.23,0,1,489203,489017,186
26230121,24,24.0154,186,39419,0.25,0,1,489227,489041,186
26233041,24,24.0135,186,36499,0.25,0,1,489251,489065,186
26235961,24,24.0118,186,36499,0.24,0,1,489275,489089,186
26238881,24,23.2603,192,36499,0.23,0,1,489299,489107,192
26241801,24,22.6028,198,36499,0.22,0,1,489323,489125,198
26244721,24,22.0274,204,36499,0.21,0,1,489347,489143,204
26247641,24,21.524,210,36499,0.2,0,1,489371,489161,210
26250561,24,21.0835,216,36499,0.19,0,1,489395,489179,216
26253481,24,20.6981,222,36499,0.19,0,1,489419,489197,222
26256401,24,20.3608,228,36499,0.19,0,1,489443,489215,228
26259321,24,20.0657,234,36499,0.19,0,1,489467,489233,234
26262241,24,21.5575,226,36499,0.19,0,1,489491,489265,226
26265161,24,22.8628,218,36499,0.19,0,1,489515,489297,218
26268081,24,24.005,210,36499,0.19,0,1,489539,489329,210
26271001,24,25.0043,202,36499,0.19,0,1,489563,489361,202
26273921,24,25.3788,198,36499,0.19,0,1,489587,489389,198
26276841,24,25.2064,198,36499,0.19,0,1,489611,489413,198
26279761,24,25.0556,198,36499,0.19,0,1,489635,489437,198
26282681,24,24.9237,198,36499,0.19,0,1,489659,489461,198
26285601,24,24.8082,198,36499,0.19,0,1,489683,489485,198
26288521,24,24.7072,198,36499,0.19,0,1,489707,489509,198
26291441,24,24.6188,198,36499,0.19,0,1,489731,489533,198
26294361,24,24.5414,198,36499,0.19,0,1,489755,489557,198
26297281,24,24.4738,198,36499,0.19,0,1,489779,489581,198
26300201,24,24.4145,198,36499,0.19,0,1,489803,489605,198
26303121,24,24.3627,198,36499,0.19,0,1,489827,489629,198
26306041,24,24.3174,198,36499,0.19,0,1,489851,489653,198
26308961,24,24.2777,198,36499,0.19,0,1,489875,489677,198
26311881,24,24.243,198,36499,0.19,0,1,489899,489701,198
26314801,24,24.2126,198,36499,0.19,0,1,489923,489725,198
26317721,24,24.186,198,36499,0.19,0,1,489947,489749,198
26320641,24,24.1628,198,36499,0.19,0,1,489971,489773,198
26323561,24,24.1424,198,36499,0.19,0,1,489995,489797,198
26326481,24,24.1246,198,36499,0.19,0,1,490019,489821,198
26329401,24,24.1091,198,36499,0.19,0,1,490043,489845,198
26332321,24,24.0954,198,36499,0.19,0,1,490067,489869,198
26335241,24,24.0835,198,36499,0.19,0,1,490091,489893,198
26338161,24,24.0731,198,36499,0.19,0,1,490115,489917,198
26341081,24,24.0639,198,36499,0.19,0,1,490139,489941,198
26344001,24,24.0559,198,36499,0.19,0,1,490163,489965,198
26346921,24,24.0489,198,36499,0.19,0,1,490187,489989,198
26349841,24,24.0428,198,36499,0.19,0,1,490211,490013,198
26352761,24,24.0375,198,36499,0.19,0,1,490235,490037,198
26355681,24,24.0328,198,39419,0.19,0,1,490259,490061,198
26358601,24,24.0287,198,39419,0.21,0,1,490283,490085,198
26361521,24,24.0251,198,39419,0.23,0,1,490307,490109,198
26364441,24,24.022,198,39419,0.23,0,1,490331,490133,198
26367361,24,24.0192,198,39419,0.25,0,1,490355,490157,198
26370281,24,24.0168,198,39419,0.27,0,1,490379,490181,198
26373201,24,24.0147,198,36499,0.27,0,1,490403,490205,198
26376121,24,24.0129,198,36499,0.26,0,1,490427,490229,198
26379041,24,23.6363,201,36499,0.25,0,1,490451,490250,201
26381961,24,22.9317,207,36499,0.24,0,1,490475,490268,207
26384881,24,22.3153,213,36499,0.23,0,1,490499,490286,213
26387801,24,21.7759,219,36499,0.22,0,1,490523,490304,219
26390721,24,21.3039,225,36499,0.21,0,1,490547,490322,225
26393641,24,20.8909,231,36499,0.21,0,1,490571,490340,231
26396561,24,20.5295,237,36499,0.21,0,1,490595,490358,237
26399481,24,20.2133,243,36499,0.21,0,1,490619,490376,243
26402401,24,20.8117,242,36499,0.21,0,1,490643,490401,242
26405321,24,22.2102,234,36499,0.21,0,1,490667,490433,234
26408241,24,23.4339,226,36499,0.21,0,1,490691,490465,226
26411161,24,24.5047,218,36499,0.21,0,1,490715,490497,218
26414081,24,25.4416,210,36499,0.21,0,1,490739,490529,210
26417001,24,25.2614,210,36499,0.21,0,1,490763,490553,210
26419921,24,25.1037,210,36499,0.21,0,1,490787,490577,210
26422841,24,24.9658,210,36499,0.21,0,1,490811,490601,210
26425761,24,24.845,210,36499,0.21,0,1,490835,490625,210
26428681,24,24.7394,210,36499,0.21,0,1,490859,490649,210
26431601,24,24.647,210,36499,0.21,0,1,490883,490673,210
26434521,24,24.5661,210,36499,0.21,0,1,490907,490697,210
26437441,24,24.4953,210,36499,0.21,0,1,490931,490721,210
26440361,24,24.4334,210,36499,0.21,0,1,490955,490745,210
26443281,24,24.3793,210,36499,0.21,0,1,490979,490769,210
26446201,24,24.3318,210,36499,0.21,0,1,491003,490793,210
26449121,24,24.2904,210,36499,0.21,0,1,491027,490817,210
26452041,24,24.2541,210,36499,0.21,0,1,491051,490841,210
26454961,24,24.2223,210,36499,0.21,0,1,491075,490865,210
26457881,24,24.1945,210,36499,0.21,0,1,491099,490889,210
26460801,24,24.1702,210,36499,0.21,0,1,491123,490913,210
26463721,24,24.1489,210,36499,0.21,0,1,491147,490937,210
26466641,24,24.1303,210,36499,0.21,0,1,491171,490961,210
26469561,24,24.114,210,36499,0.21,0,1,491195,490985,210
26472481,24,24.0998,210,36499,0.21,0,1,491219,491009,210
26475401,24,24.0873,210,36499,0.21,0,1,491243,491033,210
26478321,24,24.0764,210,36499,0.21,0,1,491267,491057,210
26481241,24,24.0668,210,36499,0.21,0,1,491291,491081,210
26484161,24,24.0585,210,36499,0.21,0,1,491315,491105,210
26487081,24,24.0512,210,36499,0.21,0,1,491339,491129,210
26490001,24,24.0448,210,36499,0.21,0,1,491363,491153,210
26492921,24,24.0392,210,36499,0.21,0,1,491387,491177,210
26495841,24,24.0343,210,39419,0.21,0,1,491411,491201,210
26498761,24,24.03,210,39419,0.23,0,1,491435,491225,210
26501681,24,24.0262,210,39419,0.25,0,1,491459,491249,210
26504601,24,24.023,210,39419,0.25,0,1,491483,491273,210
26507521,24,24.0201,210,39419,0.27,0,1,491507,491297,210
26510441,24,24.0176,210,39419,0.29,0,1,491531,491321,210
26513361,24,24.0154,210,36499,0.29,0,1,491555,491345,210
26516281,24,24.0135,210,36499,0.28,0,1,491579,491369,210
26519201,24,24.0118,210,36499,0.27,0,1,491603,491393,210
26522121,24,23.2603,216,36499,0.26,0,1,491627,491411,216
26525041,24,22.6028,222,36499,0.25,0,1,491651,491429,222
26527961,24,22.0274,228,36499,0.24,0,1,491675,491447,228
26530881,24,21.524,234,36499,0.23,0,1,491699,491465,234
26533801,24,21.0835,240,36499,0.23,0,1,491723,491483,240
26536721,24,20.6981,246,36499,0.23,0,1,491747,491501,246
26539641,24,20.3608,252,36499,0.23,0,1,491771,491519,252
26542561,24,20.0657,258,36499,0.23,0,1,491795,491537,258
26545481,24,21.5575,250,36499,0.23,0,1,491819,491569,250
26548401,24,22.8628,242,36499,0.23,0,1,491843,491601,242
26551321,24,24.005,234,36499,0.23,0,1,491867,491633,234
26554241,24,25.0043,226,36499,0.23,0,1,491891,491665,226
26557161,24,25.3788,222,36499,0.23,0,1,491915,491693,222
26560081,24,25.2064,222,36499,0.23,0,1,491939,491717,222
26563001,24,25.0556,222,36499,0.23,0,1,491963,491741,222
26565921,24,24.9237,222,36499,0.23,0,1,491987,491765,222
26568841,24,24.8082,222,36499,0.23,0,1,492011,491789,222
26571761,24,24.7072,222,36499,0.23,0,1,492035,491813,222
26574681,24,24.6188,222,36499,0.23,0,1,492059,491837,222
26577601,24,24.5414,222,36499,0.23,0,1,492083,491861,222
26580521,24,24.4738,222,36499,0.23,0,1,492107,491885,222
26583441,24,24.4145,222,36499,0.23,0,1,492131,491909,222
26586361,24,24.3627,222,36499,0.23,0,1,492155,491933,222
26589281,24,24.3174,222,36499,0.23,0,1,492179,491957,222
26592201,24,24.2777,222,36499,0.23,0,1,492203,491981,222
26595121,24,24.243,222,36499,0.23,0,1,492227,492005,222
26598041,24,24.2126,222,36499,0.23,0,1,492251,492029,222
26600961,24,24.186,222,36499,0.23,0,1,492275,492053,222
26603881,24,24.1628,222,36499,0.23,0,1,492299,492077,222
26606801,24,24.1424,222,36499,0.23,0,1,492323,492101,222
26609721,24,24.1246,222,36499,0.23,0,1,492347,492125,222
26612641,24,24.1091,222,36499,0.23,0,1,492371,492149,222
26615561,24,24.0954,222,36499,0.23,0,1,492395,492173,222
26618481,24,24.0835,222,36499,0.23,0,1,492419,492197,222
26621401,24,24.0731,222,36499,0.23,0,1,492443,492221,222
26624321,24,24.0639,222,36499,0.23,0,1,492467,492245,222
26627241,24,24.0559,222,36499,0.23,0,1,492491,492269,222
26630161,24,24.0489,222,36499,0.23,0,1,492515,492293,222
26633081,24,24.0428,222,36499,0.23,0,1,492539,492317,222
26636001,24,24.0375,222,39419,0.23,0,1,492563,492341,222
26638921,24,24.0328,222,39419,0.25,0,1,492587,492365,222
26641841,24,24.0287,222,39419,0.27,0,1,492611,492389,222
26644761,24,24.0251,222,39419,0.27,0,1,492635,492413,222
26647681,24,24.022,222,39419,0.29,0,1,492659,492437,222
26650601,24,24.0192,222,39419,0.31,0,2,492683,492461,222
26653521,24,24.0168,222,36499,0.31,0,2,492707,492485,222
26656441,24,24.0147,222,36499,0.3,0,2,492731,492509,222
26659361,24,24.0129,222,36499,0.29,0,1,492755,492533,222
26662281,24,23.6363,225,36499,0.28,0,1,492779,492554,225
26665201,24,22.9317,231,36499,0.27,0,1,492803,492572,231
26668121,24,22.3153,237,36499,0.26,0,1,492827,492590,237
26671041,24,21.7759,243,36499,0.25,0,1,492851,492608,243
26673961,24,21.3039,249,36499,0.25,0,1,492875,492626,249
26676881,24,20.8909,255,36499,0.25,0,1,492899,492644,255
26679801,24,20.5295,261,36499,0.25,0,1,492923,492662,261
26682721,24,20.2133,267,36499,0.25,0,1,492947,492680,267
26685641,24,20.8117,266,36499,0.25,0,1,492971,492705,266
26688561,24,22.2102,258,36499,0.25,0,1,492995,492737,258
26691481,24,23.4339,250,36499,0.25,0,1,493019,492769,250
26694401,24,24.5047,242,36499,0.25,0,1,493043,492801,242
26697321,24,25.4416,234,36499,0.25,0,1,493067,492833,234
26700241,24,25.2614,234,36499,0.25,0,1,493091,492857,234
26703161,24,25.1037,234,36499,0.25,0,1,493115,492881,234
26706081,24,24.9658,234,36499,0.25,0,1,493139,492905,234
26709001,24,24.845,234,36499,0.25,0,1,493163,492929,234
26711921,24,24.7394,234,36499,0.25,0,1,493187,492953,234
26714841,24,24.647,234,36499,0.25,0,1,493211,492977,234
26717761,24,24.5661,234,36499,0.25,0,1,493235,493001,234
26720681,24,24.4953,234,36499,0.25,0,1,493259,493025,234
26723601,24,24.4334,234,36499,0.25,0,1,493283,493049,234
26726521,24,24.3793,234,36499,0.25,0,1,493307,493073,234
26729441,24,24.3318,234,36499,0.25,0,1,493331,493097,234
26732361,24,24.2904,234,36499,0.25,0,1,493355,493121,234
26735281,24,24.2541,234,36499,0.25,0,1,493379,493145,234
26738201,24,24.2223,234,36499,0.25,0,1,493403,493169,234
26741121,24,24.1945,234,36499,0.25,0,1,493427,493193,234
26744041,24,24.1702,234,36499,0.25,0,1,493451,493217,234
26746961,24,24.1489,234,36499,0.25,0,1,493475,493241,234
26749881,24,24.1303,234,36499,0.25,0,1,493499,493265,234
26752801,24,24.114,234,36499,0.25,0,1,493523,493289,234
26755721,24,24.0998,234,36499,0.25,0,1,493547,493313,234
26758641,24,24.0873,234,36499,0.25,0,1,493571,493337,234
26761561,24,24.0764,234,36499,0.25,0,1,493595,493361,234
26764481,24,24.0668,234,36499,0.25,0,1,493619,493385,234
26767401,24,24.0585,234,36499,0.25,0,1,493643,493409,234
26770321,24,24.0512,234,36499,0.25,0,1,493667,493433,234
26773241,24,24.0448,234,36499,0.25,0,1,493691,493457,234
26776161,24,24.0392,234,39419,0.25,0,1,493715,493481,234
26779081,24,24.0343,234,39419,0.27,0,1,493739,493505,234
26782001,24,24.03,234,39419,0.29,0,1,493763,493529,234
26784921,24,24.0262,234,39419,0.29,0,1,493787,493553,234
26787841,24,24.023,234,39419,0.31,0,2,493811,493577,234
26790761,24,24.0201,234,39419,0.33,0,2,493835,493601,234
26793681,24,24.0176,234,36499,0.33,0,2,493859,493625,234
26796601,24,24.0154,234,36499,0.32,0,2,493883,493649,234
26799521,24,24.0135,234,36499,0.31,0,2,493907,493673,234
26802441,24,24.0118,234,36499,0.3,0,2,493931,493697,234
26805361,24,23.2603,240,36499,0.29,0,1,493955,493715,240
26808281,24,22.6028,246,36499,0.28,0,1,493979,493733,246
26811201,24,22.0274,252,36499,0.27,0,1,494003,493751,252
26814121,24,21.524,258,36499,0.27,0,1,494027,493769,258
26817041,24,21.0835,264,36499,0.27,0,1,494051,493787,264
26819961,24,20.6981,270,36499,0.27,0,1,494075,493805,270
26822881,24,20.3608,276,36499,0.27,0,1,494099,493823,276
26825801,24,20.0657,282,36499,0.27,0,1,494123,493841,282
26828721,24,21.5575,274,36499,0.27,0,1,494147,493873,274
26831641,24,22.8628,266,36499,0.27,0,1,494171,493905,266
26834561,24,24.005,258,36499,0.27,0,1,494195,493937,258
26837481,24,25.0043,250,36499,0.27,0,1,494219,493969,250
26840401,24,25.3788,246,36499,0.27,0,1,494243,493997,246
26843321,24,25.2064,246,36499,0.27,0,1,494267,494021,246
26846241,24,25.0556,246,36499,0.27,0,1,494291,494045,246
26849161,24,24.9237,246,36499,0.27,0,1,494315,494069,246
26852081,24,24.8082,246,36499,0.27,0,1,494339,494093,246
26855001,24,24.7072,246,36499,0.27,0,1,494363,494117,246
26857921,24,24.6188,246,36499,0.27,0,1,494387,494141,246
26860841,24,24.5414,246,36499,0.27,0,1,494411,494165,246
26863761,24,24.4738,246,36499,0.27,0,1,494435,494189,246
26866681,24,24.4145,246,36499,0.27,0,1,494459,494213,246
26869601,24,24.3627,246,36499,0.27,0,1,494483,494237,246
26872521,24,24.3174,246,36499,0.27,0,1,494507,494261,246
26875441,24,24.2777,246,36499,0.27,0,1,494531,494285,246
26878361,24,24.243,246,36499,0.27,0,1,494555,494309,246
26881281,24,24.2126,246,36499,0.27,0,1,494579,494333,246
26884201,24,24.186,246,36499,0.27,0,1,494603,494357,246
26887121,24,24.1628,246,36499,0.27,0,1,494627,494381,246
26890041,24,24.1424,246,36499,0.27,0,1,494651,494405,246
26892961,24,24.1246,246,36499,0.27,0,1,494675,494429,246
26895881,24,24.1091,246,36499,0.27,0,1,494699,494453,246
26898801,24,24.0954,246,36499,0.27,0,1,494723,494477,246
26901721,24,24.0835,246,36499,0.27,0,1,494747,494501,246
26904641,24,24.0731,246,36499,0.27,0,1,494771,494525,246
26907561,24,24.0639,246,36499,0.27,0,1,494795,494549,246
26910481,24,24.0559,246,36499,0.27,0,1,494819,494573,246
26913401,24,24.0489,246,36499,0.27,0,1,494843,494597,246
26916321,24,24.0428,246,39419,0.27,0,1,494867,494621,246
26919241,24,24.0375,246,39419,0.29,0,1,494891,494645,246
26922161,24,24.0328,246,39419,0.31,0,2,494915,494669,246
26925081,24,24.0287,246,39419,0.31,0,2,494939,494693,246
26928001,24,24.0251,246,39419,0.33,0,2,494963,494717,246
26930921,24,24.022,246,39419,0.35,0,2,494987,494741,246
26933841,24,24.0192,246,36499,0.35,0,2,495011,494765,246
26936761,24,24.0168,246,36499,0.33,0,2,495035,494789,246
26939681,24,24.0147,246,36499,0.33,0,2,495059,494813,246
26942601,24,24.0129,246,36499,0.31,0,2,495083,494837,246
26945521,24,23.6363,249,36499,0.31,0,2,495107,494858,249
26948441,24,22.9317,255,36499,0.29,0,1,495131,494876,255
26951361,24,22.3153,261,36499,0.29,0,1,495155,494894,261
26954281,24,21.7759,267,36499,0.29,0,1,495179,494912,267
26957201,24,21.3039,273,36499,0.29,0,1,495203,494930,273
26960121,24,20.8909,279,36499,0.29,0,1,495227,494948,279
26963041,24,20.5295,285,36499,0.29,0,1,495251,494966,285
26965961,24,20.2133,291,36499,0.29,0,1,495275,494984,291
26968881,24,21.0617,288,36499,0.29,0,1,495299,495011,288
26971801,24,22.429,280,36499,0.29,0,1,495323,495043,280
26974721,24,23.6253,272,36499,0.29,0,1,495347,495075,272
26977641,24,24.6722,264,36499,0.29,0,1,495371,495107,264
26980561,24,25.5882,256,36499,0.29,0,1,495395,495139,256
26983481,24,25.3896,256,36499,0.29,0,1,495419,495163,256
26986401,24,25.2159,256,36499,0.29,0,1,495443,495187,256
26989321,24,25.0639,256,36499,0.29,0,1,495467,495211,256
26992241,24,24.9309,256,36499,0.29,0,1,495491,495235,256
26995161,24,24.8146,256,36499,0.29,0,1,495515,495259,256
26998081,24,24.7128,256,36499,0.29,0,1,495539,495283,256
27001001,24,24.6237,256,36499,0.29,0,1,495563,495307,256
27003921,24,24.5457,256,36499,0.29,0,1,495587,495331,256
27006841,24,24.4775,256,36499,0.29,0,1,495611,495355,256
27009761,24,24.4178,256,36499,0.29,0,1,495635,495379,256
27012681,24,24.3656,256,36499,0.29,0,1,495659,495403,256
27015601,24,24.3199,256,36499,0.29,0,1,495683,495427,256
27018521,24,24.2799,256,36499,0.29,0,1,495707,495451,256
27021441,24,24.2449,256,36499,0.29,0,1,495731,495475,256
27024361,24,24.2143,256,36499,0.29,0,1,495755,495499,256
27027281,24,24.1875,256,36499,0.29,0,1,495779,495523,256
27030201,24,24.1641,256,36499,0.29,0,1,495803,495547,256
27033121,24,24.1436,256,36499,0.29,0,1,495827,495571,256
27036041,24,24.1256,256,36499,0.29,0,1,495851,495595,256
27038961,24,24.1099,256,36499,0.29,0,1,495875,495619,256
27041881,24,24.0962,256,36499,0.29,0,1,495899,495643,256
27044801,24,24.0842,256,36499,0.29,0,1,495923,495667,256
27047721,24,24.0736,256,36499,0.29,0,1,495947,495691,256
27050641,24,24.0644,256,36499,0.29,0,1,495971,495715,256
27053561,24,24.0564,256,36499,0.29,0,1,495995,495739,256
27056481,24,24.0493,256,39419,0.29,0,1,496019,495763,256
27059401,24,24.0432,256,39419,0.31,0,2,496043,495787,256
27062321,24,24.0378,256,39419,0.31,0,2,496067,495811,256
27065241,24,24.033,256,39419,0.33,0,2,496091,495835,256
27068161,24,24.0289,256,39419,0.35,0,2,496115,495859,256
27071081,24,24.0253,256,39419,0.35,0,2,496139,495883,256
27074001,24,24.0221,256,36499,0.35,0,2,496163,495907,256
27076921,24,24.0194,256,36499,0.33,0,2,496187,495931,256
27079841,24,24.0169,256,36499,0.33,0,2,496211,495955,256
27082761,24,24.0148,256,36499,0.31,0,2,496235,495979,256
27085681,24,24.013,256,36499,0.31,0,2,496259,496003,256
27088601,24,23.2614,262,36499,0.29,0,1,496283,496021,262
27091521,24,22.6037,268,36499,0.29,0,1,496307,496039,268
27094441,24,22.0282,274,36499,0.29,0,1,496331,496057,274
27097361,24,21.5247,280,36499,0.29,0,1,496355,496075,280
27100281,24,21.0841,286,36499,0.29,0,1,496379,496093,286
27103201,24,20.6986,292,36499,0.29,0,1,496403,496111,292
27106121,24,20.3613,298,36499,0.28,0,1,496427,496129,298
27109041,24,22.0661,288,36499,0.28,0,1,496451,496163,288
27111961,24,23.3078,280,36499,0.28,0,1,496475,496195,280
27114881,24,24.3944,272,36499,0.28,0,1,496499,496227,272
27117801,24,25.3451,264,36499,0.28,0,1,496523,496259,264
27120721,24,26.1769,256,36499,0.28,0,1,496547,496291,256
27123641,24,25.9048,256,36499,0.28,0,1,496571,496315,256
27126561,24,25.6667,256,36499,0.29,0,1,496595,496339,256
27129481,24,25.4584,256,36499,0.29,0,1,496619,496363,256
27131521,23.125,25.2761,249,36499,0.29,0,1,496636,496387,249
27134441,23.2344,24.4916,254,36499,0.29,0,1,496660,496406,254
27137361,23.3301,24.4301,254,36499,0.29,0,1,496684,496430,254
27140281,23.4138,24.3764,254,36499,0.29,0,1,496708,496454,254
27143201,23.4871,24.3293,254,36499,0.29,0,1,496732,496478,254
27146121,23.5512,24.2881,254,36499,0.29,0,1,496756,496502,254
27149041,23.6073,24.2521,254,36499,0.29,0,1,496780,496526,254
27151961,23.6564,24.2206,254,36499,0.29,0,1,496804,496550,254
27154881,23.6993,24.193,254,5840,0.27,0,1,496828,496574,254
27157801,23.7369,24.1689,254,5840,0.23,0,1,496852,496598,254
27160721,23.7698,24.1478,254,5840,0.19,0,1,496876,496622,254
27163641,23.7986,24.1293,254,5840,0.15,0,1,496900,496646,254
27166561,23.8238,24.1132,254,5840,0.11,0,1,496924,496670,254
27169481,23.8458,24.099,254,5840,0.07,0,1,496948,496694,254
27172401,23.8651,24.0866,254,5840,0.03,0,1,496972,496718,254
27175321,23.8819,24.0758,254,5840,0,0,1,496996,496742,254
27178241,23.8967,24.0663,254,5840,0,0,1,497020,496766,254
27181161,23.9096,24.058,254,5840,0.01,0,1,497044,496790,254
27184081,28.4209,49.8008,84,5840,0,0,1,497104,497020,84
27187001,27.8683,46.5757,84,5840,0.01,0,1,497128,497044,84
27189921,31.8848,48.2537,84,5840,0,0,1,497188,497104,84
27192841,30.8992,45.222,84,5840,0.01,0,1,497212,497128,84
27195761,34.5368,47.0693,84,39419,0.01,0,1,497272,497188,84
27198681,33.2197,44.1856,84,42339,0.01,0,1,497296,497212,84
27201601,32.0672,41.6624,84,45259,0.01,0,1,497320,497236,84
27204521,31.0588,39.4546,84,43313,0.01,0,1,497344,497260,84
27207441,30.1765,37.5228,84,41366,0.01,0,1,497368,497284,84
27210361,29.4044,35.8324,84,42583,0.01,0,1,497392,497308,84
27213281,28.7289,34.3534,84,40879,0.01,0,1,497416,497332,84
27216201,28.1377,33.0592,84,39419,0.03,0,1,497440,497356,84
27219121,27.6205,31.9268,84,38203,0.05,0,1,497464,497380,84
27222041,27.168,30.186,90,37229,0.05,0,1,497488,497398,90
27224961,26.772,28.6627,96,36499,0.07,0,1,497512,497416,96
27227881,26.4255,27.3299,102,36013,0.09,0,1,497536,497434,102
27230801,26.1223,26.1636,108,35769,0.09,0,1,497560,497452,108
27233721,25.857,25.1432,114,35769,0.11,0,1,497584,497470,114
27236641,25.6249,24.2503,120,35769,0.13,0,1,497608,497488,120
27239561,25.4218,23.469,126,35769,0.13,0,1,497632,497506,126
27242481,25.244,22.7854,132,35769,0.15,0,1,497656,497524,132
27245401,25.0885,22.1872,138,35769,0.17,0,1,497680,497542,138
27248321,24.9525,21.6638,144,32849,0.17,0,1,497704,497560,144
27251241,24.8334,21.2058,150,32849,0.16,0,1,497728,497578,150
27254161,24.7292,20.8051,156,32849,0.15,0,1,497752,497596,156
27257081,24.6381,20.4545,162,32849,0.14,0,1,497776,497614,162
27260001,24.5583,20.1477,168,32849,0.13,0,1,497800,497632,168
27262921,24.4885,19.8792,174,32849,0.12,0,1,497824,497650,174
27265841,24.4275,19.6443,180,32849,0.12,0,1,497848,497668,180
27268761,24.374,19.4388,186,32849,0.12,0,1,497872,497686,186
27271681,24.3273,21.0089,178,32849,0.12,0,1,497896,497718,178
27274601,24.2864,22.3828,170,32849,0.12,0,1,497920,497750,170
27277521,24.2506,23.585,162,32849,0.12,0,1,497944,497782,162
27280441,24.2193,24.6368,154,32849,0.12,0,1,497968,497814,154
27283361,24.1918,24.5572,154,32849,0.12,0,1,497992,497838,154
27286281,24.1679,24.4876,154,32849,0.12,0,1,498016,497862,154
27289201,24.1469,24.4266,154,32849,0.12,0,1,498040,497886,154
27292121,24.1285,24.3733,154,32849,0.12,0,1,498064,497910,154
27295041,24.1125,24.3266,154,32849,0.12,0,1,498088,497934,154
27297961,24.0984,24.2858,154,32849,0.12,0,1,498112,497958,154
27300881,24.0861,24.2501,154,32849,0.12,0,1,498136,497982,154
27303801,24.0753,24.2188,154,32849,0.12,0,1,498160,498006,154
27306721,24.0659,24.1915,154,32849,0.12,0,1,498184,498030,154
27309641,24.0577,24.1675,154,32849,0.12,0,1,498208,498054,154
27312561,24.0505,24.1466,154,32849,0.12,0,1,498232,498078,154
27315481,24.0442,24.1283,154,32849,0.12,0,1,498256,498102,154
27318401,24.0386,24.1122,154,32849,0.12,0,1,498280,498126,154
27321321,24.0338,24.0982,154,32849,0.12,0,1,498304,498150,154
27324241,24.0296,24.0859,154,32849,0.12,0,1,498328,498174,154
27327161,24.0259,24.0752,154,32849,0.12,0,1,498352,498198,154
27330081,24.0227,24.0658,154,32849,0.12,0,1,498376,498222,154
27333001,24.0198,24.0576,154,32849,0.12,0,1,498400,498246,154
27335921,24.0173,24.0504,154,32849,0.12,0,1,498424,498270,154
27338841,24.0152,24.0441,154,32849,0.12,0,1,498448,498294,154
27341761,24.0133,24.0386,154,32849,0.12,0,1,498472,498318,154
27344681,24.0116,24.0337,154,32849,0.12,0,1,498496,498342,154
27347601,24.0102,24.0295,154,32849,0.12,0,1,498520,498366,154
27350521,24.0089,24.0258,154,35769,0.13,0,1,498544,498390,154
27353441,24.0078,24.0226,154,35769,0.13,0,1,498568,498414,154
27356361,24.0068,24.0198,154,35769,0.15,0,1,498592,498438,154
27359281,24.006,24.0173,154,35769,0.17,0,1,498616,498462,154
27362201,24.0052,24.0151,154,35769,0.17,0,1,498640,498486,154
27365121,24.0046,24.0133,154,32849,0.19,0,1,498664,498510,154
27368041,24.004,23.6366,157,32849,0.17,0,1,498688,498531,157
27370961,24.0035,22.932,163,32849,0.17,0,1,498712,498549,163
27373881,24.0031,22.3155,169,32849,0.15,0,1,498736,498567,169
27376801,24.0027,21.7761,175,32849,0.15,0,1,498760,498585,175
27379721,24.0023,21.3041,181,32849,0.13,0,1,498784,498603,181
27382641,24.002,20.8911,187,32849,0.13,0,1,498808,498621,187
27385561,24.0018,20.5297,193,32849,0.13,0,1,498832,498639,193
27388481,24.0016,21.0885,192,32849,0.13,0,1,498856,498664,192
27391401,24.0014,22.4524,184,32849,0.13,0,1,498880,498696,184
27394321,24.0012,23.6459,176,32849,0.13,0,1,498904,498728,176
27397241,24.0011,24.6901,168,32849,0.13,0,1,498928,498760,168
27400161,24.0009,25.1039,164,32849,0.13,0,1,498952,498788,164
27403081,24.0008,24.9659,164,32849,0.13,0,1,498976,498812,164
27406001,24.0007,24.8451,164,32849,0.13,0,1,499000,498836,164
27408921,24.0006,24.7395,164,32849,0.13,0,1,499024,498860,164
27411841,24.0005,24.6471,164,32849,0.13,0,1,499048,498884,164
27414761,24.0005,24.5662,164,32849,0.13,0,1,499072,498908,164
27417681,24.0004,24.4954,164,32849,0.13,0,1,499096,498932,164
27420601,24.0004,24.4335,164,32849,0.13,0,1,499120,498956,164
27423521,24.0003,24.3793,164,32849,0.13,0,1,499144,498980,164
27426441,24.0003,24.3319,164,32849,0.13,0,1,499168,499004,164
27429361,24.0002,24.2904,164,32849,0.13,0,1,499192,499028,164
27432281,24.0002,24.2541,164,32849,0.13,0,1,499216,499052,164
27435201,24.0002,24.2223,164,32849,0.13,0,1,499240,499076,164
27438121,24.0002,24.1945,164,32849,0.13,0,1,499264,499100,164
27441041,24.0001,24.1702,164,32849,0.13,0,1,499288,499124,164
27443961,24.0001,24.1489,164,32849,0.13,0,1,499312,499148,164
27446881,24.0001,24.1303,164,32849,0.13,0,1,499336,499172,164
27449801,24.0001,24.114,164,32849,0.13,0,1,499360,499196,164
27452721,24.0001,24.0998,164,32849,0.13,0,1,499384,499220,164
27455641,24.0001,24.0873,164,32849,0.13,0,1,499408,499244,164
27458561,24.0001,24.0764,164,32849,0.13,0,1,499432,499268,164
27461481,24.0001,24.0668,164,32849,0.13,0,1,499456,499292,164
27464401,24,24.0585,164,32849,0.13,0,1,499480,499316,164
27467321,24,24.0512,164,35769,0.14,0,1,499504,499340,164
27470241,24,24.0448,164,35769,0.1,0,1,499528,499364,164
27473161,24,24.0392,164,35769,0.06,0,1,499552,499388,164
27476081,24,24.0343,164,35769,0.02,0,1,499576,499412,164
27479001,24,24.03,164,35769,0,0,1,499600,499436,164
27481921,24,24.0263,164,35769,0,0,1,499624,499460,164
27484081,23.25,24.023,158,35769,0,0,1,499642,499484,158
27487001,150.594,160.52,84,35769,0.01,0,1,500684,500600,84
27489921,134.77,143.455,84,35769,0.01,0,1,500708,500624,84
27492841,120.923,128.523,84,35769,0.01,0,1,500732,500648,84
27495761,108.808,115.458,84,35769,0.03,0,1,500756,500672,84
27498681,98.2069,104.026,84,35769,0.05,0,1,500780,500696,84
27501601,88.9311,93.2724,90,35769,0.05,0,1,500804,500714,90
27504521,80.8147,83.8633,96,35769,0.07,0,1,500828,500732,96
27507441,73.7129,75.6304,102,35769,0.09,0,1,500852,500750,102
27510361,67.4987,68.4266,108,35769,0.09,0,1,500876,500768,108
27513281,62.0614,62.1233,114,35769,0.11,0,1,500900,500786,114
27516201,57.3037,56.6079,120,35769,0.13,0,1,500924,500804,120
27519121,53.1408,51.7819,126,35769,0.13,0,1,500948,500822,126
27522041,49.4982,47.5592,132,35769,0.15,0,1,500972,500840,132
27524961,46.3109,43.8643,138,35769,0.17,0,1,500996,500858,138
27527881,43.522,40.6312,144,32849,0.17,0,1,501020,500876,144
27530801,41.0818,37.8023,150,32849,0.16,0,1,501044,500894,150
27533721,38.9466,35.327,156,32849,0.15,0,1,501068,500912,156
27536641,37.0782,33.1612,162,32849,0.14,0,1,501092,500930,162
27539561,35.4435,31.266,168,32849,0.13,0,1,501116,500948,168
27542481,34.013,29.6078,174,32849,0.12,0,1,501140,500966,174
27545401,32.7614,28.1568,180,32849,0.12,0,1,501164,500984,180
27548321,31.6662,26.8872,186,32849,0.12,0,1,501188,501002,186
27551241,30.7079,27.5263,178,32849,0.12,0,1,501212,501034,178
27554161,29.8695,28.0855,170,32849,0.12,0,1,501236,501066,170
27557081,29.1358,28.5748,162,32849,0.12,0,1,501260,501098,162
27560001,28.4938,29.003,154,32849,0.12,0,1,501284,501130,154
27562921,27.9321,28.3776,154,32849,0.12,0,1,501308,501154,154
27565841,27.4406,27.8304,154,32849,0.12,0,1,501332,501178,154
27568761,27.0105,27.3516,154,32849,0.12,0,1,501356,501202,154
27571681,26.6342,26.9326,154,32849,0.12,0,1,501380,501226,154
27574601,26.3049,26.5661,154,32849,0.12,0,1,501404,501250,154
27577521,26.0168,26.2453,154,32849,0.12,0,1,501428,501274,154
27580441,25.7647,25.9646,154,32849,0.12,0,1,501452,501298,154
27583361,25.5441,25.7191,154,32849,0.12,0,1,501476,501322,154
27586281,25.3511,25.5042,154,32849,0.12,0,1,501500,501346,154
27589201,25.1822,25.3162,154,32849,0.12,0,1,501524,501370,154
27592121,25.0344,25.1516,154,32849,0.12,0,1,501548,501394,154
27595041,24.9051,25.0077,154,32849,0.12,0,1,501572,501418,154
27597961,24.792,24.8817,154,32849,0.12,0,1,501596,501442,154
27600881,24.693,24.7715,154,32849,0.12,0,1,501620,501466,154
27603801,24.6064,24.6751,154,32849,0.12,0,1,501644,501490,154
27606721,24.5306,24.5907,154,32849,0.12,0,1,501668,501514,154
27609641,24.4642,24.5168,154,32849,0.12,0,1,501692,501538,154
27612561,24.4062,24.4522,154,32849,0.12,0,1,501716,501562,154
27615481,24.3554,24.3957,154,32849,0.12,0,1,501740,501586,154
27618401,24.311,24.3462,154,32849,0.12,0,1,501764,501610,154
27621321,24.2721,24.303,154,32849,0.12,0,1,501788,501634,154
27624241,24.2381,24.2651,154,32849,0.12,0,1,501812,501658,154
27627161,24.2084,24.232,154,32849,0.12,0,1,501836,501682,154
27630081,24.1823,24.203,154,35769,0.13,0,1,501860,501706,154
27633001,24.1595,24.1776,154,35769,0.13,0,1,501884,501730,154
27635921,24.1396,24.1554,154,35769,0.15,0,1,501908,501754,154
27638841,24.1221,24.136,154,35769,0.17,0,1,501932,501778,154
27641761,24.1069,24.119,154,35769,0.17,0,1,501956,501802,154
27644681,24.0935,24.1041,154,32849,0.19,0,1,501980,501826,154
27647601,24.0818,23.7161,157,32849,0.17,0,1,502004,501847,157
27650521,24.0716,23.0016,163,32849,0.17,0,1,502028,501865,163
27653441,24.0626,22.3764,169,32849,0.15,0,1,502052,501883,169
27656361,24.0548,21.8293,175,32849,0.15,0,1,502076,501901,175
27659281,24.048,21.3507,181,32849,0.13,0,1,502100,501919,181
27662201,24.042,20.9318,187,32849,0.13,0,1,502124,501937,187
27665121,24.0367,20.5654,193,32849,0.13,0,1,502148,501955,193
27668041,24.0321,21.1197,192,32849,0.13,0,1,502172,501980,192
27670961,24.0281,22.4797,184,32849,0.13,0,1,502196,502012,184
27673881,24.0246,23.6698,176,32849,0.13,0,1,502220,502044,176
27676801,24.0215,24.711,168,32849,0.13,0,1,502244,502076,168
27679721,24.0188,25.1222,164,32849,0.13,0,1,502268,502104,164
27682641,24.0165,24.9819,164,32849,0.13,0,1,502292,502128,164
27685561,24.0144,24.8592,164,32849,0.13,0,1,502316,502152,164
27688481,24.0126,24.7518,164,32849,0.13,0,1,502340,502176,164
27691401,24.011,24.6578,164,32849,0.13,0,1,502364,502200,164
27694321,24.0097,24.5756,164,32849,0.13,0,1,502388,502224,164
27697241,24.0085,24.5036,164,32849,0.13,0,1,502412,502248,164
27700161,24.0074,24.4407,164,32849,0.13,0,1,502436,502272,164
27703081,24.0065,24.3856,164,32849,0.13,0,1,502460,502296,164
27706001,24.0057,24.3374,164,32849,0.13,0,1,502484,502320,164
27708921,24.005,24.2952,164,32849,0.13,0,1,502508,502344,164
27711841,24.0043,24.2583,164,32849,0.13,0,1,502532,502368,164
27714761,24.0038,24.226,164,32849,0.13,0,1,502556,502392,164
27717681,24.0033,24.1978,164,32849,0.13,0,1,502580,502416,164
27720601,24.0029,24.173,164,32849,0.13,0,1,502604,502440,164
27723521,24.0025,24.1514,164,32849,0.13,0,1,502628,502464,164
27726441,24.0022,24.1325,164,32849,0.13,0,1,502652,502488,164
27729361,24.0019,24.1159,164,32849,0.13,0,1,502676,502512,164
27732281,24.0017,24.1014,164,32849,0.13,0,1,502700,502536,164
27735201,24.0015,24.0888,164,32849,0.13,0,1,502724,502560,164
27738121,24.0013,24.0777,164,32849,0.13,0,1,502748,502584,164
27741041,24.0011,24.068,164,32849,0.13,0,1,502772,502608,164
27743961,24.001,24.0595,164,32849,0.13,0,1,502796,502632,164
27746881,24.0009,24.052,164,35769,0.15,0,1,502820,502656,164
27749801,24.0008,24.0455,164,35769,0.15,0,1,502844,502680,164
27752721,24.0007,24.0398,164,35769,0.17,0,1,502868,502704,164
27755641,24.0006,24.0349,164,35769,0.19,0,1,502892,502728,164
27758561,24.0005,24.0305,164,35769,0.19,0,1,502916,502752,164
27761481,24.0004,24.0267,164,32849,0.19,0,1,502940,502776,164
27764401,24.0004,24.0234,164,32849,0.19,0,1,502964,502800,164
27767321,24.0003,23.2704,170,32849,0.17,0,1,502988,502818,170
27770241,24.0003,22.6116,176,32849,0.17,0,1,503012,502836,176
27773161,24.0003,22.0352,182,32849,0.15,0,1,503036,502854,182
27776081,24.0002,21.5308,188,32849,0.15,0,1,503060,502872,188
27779001,24.0002,21.0894,194,32849,0.15,0,1,503084,502890,194
27781921,24.0002,20.7033,200,32849,0.15,0,1,503108,502908,200
27784841,24.0002,21.2403,199,32849,0.15,0,1,503132,502933,199
27787761,24.0001,22.5853,191,32849,0.15,0,1,503156,502965,191
27790681,24.0001,23.7621,183,32849,0.15,0,1,503180,502997,183
27793601,24.0001,24.7919,175,32849,0.15,0,1,503204,503029,175
27796521,24.0001,25.1929,171,32849,0.15,0,1,503228,503057,171
27799441,24.0001,25.0438,171,32849,0.15,0,1,503252,503081,171
27802361,24.0001,24.9133,171,32849,0.15,0,1,503276,503105,171
27805281,24.0001,24.7991,171,32849,0.15,0,1,503300,503129,171
27808201,24.0001,24.6992,171,32849,0.15,0,1,503324,503153,171
27811121,24,24.6118,171,32849,0.15,0,1,503348,503177,171
27814041,24,24.5354,171,32849,0.15,0,1,503372,503201,171
27816961,24,24.4684,171,32849,0.15,0,1,503396,503225,171
27819881,24,24.4099,171,32849,0.15,0,1,503420,503249,171
27822801,24,24.3587,171,32849,0.15,0,1,503444,503273,171
27825721,24,24.3138,171,32849,0.15,0,1,503468,503297,171
27828641,24,24.2746,171,32849,0.15,0,1,503492,503321,171
27831561,24,24.2403,171,32849,0.15,0,1,503516,503345,171
27834481,24,24.2102,171,32849,0.15,0,1,503540,503369,171
27837401,24,24.184,171,32849,0.15,0,1,503564,503393,171
27840321,24,24.161,171,32849,0.15,0,1,503588,503417,171
27843241,24,24.1408,171,32849,0.15,0,1,503612,503441,171
27846161,24,24.1232,171,32849,0.15,0,1,503636,503465,171
27849081,24,24.1078,171,32849,0.15,0,1,503660,503489,171
27852001,24,24.0944,171,32849,0.15,0,1,503684,503513,171
27854921,24,24.0826,171,32849,0.15,0,1,503708,503537,171
27857841,24,24.0722,171,32849,0.15,0,1,503732,503561,171
27860761,24,24.0632,171,32849,0.15,0,1,503756,503585,171
27863681,24,24.0553,171,35769,0.15,0,1,503780,503609,171
27866601,24,24.0484,171,35769,0.17,0,1,503804,503633,171
27869521,24,24.0423,171,35769,0.17,0,1,503828,503657,171
27872441,24,24.0371,171,35769,0.19,0,1,503852,503681,171
27875361,24,24.0324,171,35769,0.21,0,1,503876,503705,171
27878281,24,24.0284,171,32849,0.21,0,1,503900,503729,171
27881201,24,24.0248,171,32849,0.2,0,1,503924,503753,171
27884121,24,23.6467,174,32849,0.19,0,1,503948,503774,174
27887041,24,22.9409,180,32849,0.18,0,1,503972,503792,180
27889961,24,22.3233,186,32849,0.17,0,1,503996,503810,186
27892881,24,21.7829,192,32849,0.16,0,1,504020,503828,192
27895801,24,21.31,198,32849,0.16,0,1,504044,503846,198
27898721,24,20.8963,204,32849,0.16,0,1,504068,503864,204
27901641,24,20.5342,210,32849,0.16,0,1,504092,503882,210
27904561,24,21.9674,202,32849,0.16,0,1,504116,503914,202
27907481,24,23.2215,194,32849,0.16,0,1,504140,503946,194
27910401,24,24.3188,186,32849,0.16,0,1,504164,503978,186
27913321,24,25.279,178,32849,0.16,0,1,504188,504010,178
27916241,24,25.1191,178,32849,0.16,0,1,504212,504034,178
27919161,24,24.9792,178,32849,0.16,0,1,504236,504058,178
27922081,24,24.8568,178,32849,0.16,0,1,504260,504082,178
27925001,24,24.7497,178,32849,0.16,0,1,504284,504106,178
27927921,24,24.656,178,32849,0.16,0,1,504308,504130,178
27930841,24,24.574,178,32849,0.16,0,1,504332,504154,178
27933761,24,24.5022,178,32849,0.16,0,1,504356,504178,178
27936681,24,24.4395,178,32849,0.16,0,1,504380,504202,178
27939601,24,24.3845,178,32849,0.16,0,1,504404,504226,178
27942521,24,24.3365,178,32849,0.16,0,1,504428,504250,178
27945441,24,24.2944,178,32849,0.16,0,1,504452,504274,178
27948361,24,24.2576,178,32849,0.16,0,1,504476,504298,178
27951281,24,24.2254,178,32849,0.16,0,1,504500,504322,178
27954201,24,24.1972,178,32849,0.16,0,1,504524,504346,178
27957121,24,24.1726,178,32849,0.16,0,1,504548,504370,178
27960041,24,24.151,178,32849,0.16,0,1,504572,504394,178
27962961,24,24.1321,178,32849,0.16,0,1,504596,504418,178
27965881,24,24.1156,178,32849,0.16,0,1,504620,504442,178
27968801,24,24.1012,178,32849,0.16,0,1,504644,504466,178
27971721,24,24.0885,178,32849,0.16,0,1,504668,504490,178
27974641,24,24.0775,178,32849,0.16,0,1,504692,504514,178
27977561,24,24.0678,178,32849,0.16,0,1,504716,504538,178
27980481,24,24.0593,178,35769,0.17,0,1,504740,504562,178
27983401,24,24.0519,178,35769,0.17,0,1,504764,504586,178
27986321,24,24.0454,178,35769,0.19,0,1,504788,504610,178
27989241,24,24.0397,178,35769,0.21,0,1,504812,504634,178
27992161,24,24.0348,178,35769,0.21,0,1,504836,504658,178
27995081,24,24.0304,178,32849,0.23,0,1,504860,504682,178
27998001,24,24.0266,178,32849,0.21,0,1,504884,504706,178
28000921,24,23.6483,181,32849,0.21,0,1,504908,504727,181
28003841,24,22.9423,187,32849,0.19,0,1,504932,504745,187
28006761,24,22.3245,193,32849,0.19,0,1,504956,504763,193
28009681,24,21.7839,199,32849,0.17,0,1,504980,504781,199
28012601,24,21.3109,205,32849,0.17,0,1,505004,504799,205
28015521,24,20.8971,211,32849,0.17,0,1,505028,504817,211
28018441,24,20.5349,217,32849,0.17,0,1,505052,504835,217
28021361,24,21.0931,216,32849,0.17,0,1,505076,504860,216
28024281,24,22.4564,208,32849,0.17,0,1,505100,504892,208
28027201,24,23.6494,200,32849,0.17,0,1,505124,504924,200
28030121,24,24.6932,192,32849,0.17,0,1,505148,504956,192
28033041,24,25.1066,188,32849,0.17,0,1,505172,504984,188
28035961,24,24.9682,188,32849,0.17,0,1,505196,505008,188
28038881,24,24.8472,188,32849,0.17,0,1,505220,505032,188
28041801,24,24.7413,188,32849,0.17,0,1,505244,505056,188
28044721,24,24.6486,188,32849,0.17,0,1,505268,505080,188
28047641,24,24.5676,188,32849,0.17,0,1,505292,505104,188
28050561,24,24.4966,188,32849,0.17,0,1,505316,505128,188
28053481,24,24.4345,188,32849,0.17,0,1,505340,505152,188
28056401,24,24.3802,188,32849,0.17,0,1,505364,505176,188
28059321,24,24.3327,188,32849,0.17,0,1,505388,505200,188
28062241,24,24.2911,188,32849,0.17,0,1,505412,505224,188
28065161,24,24.2547,188,32849,0.17,0,1,505436,505248,188
28068081,24,24.2229,188,32849,0.17,0,1,505460,505272,188
28071001,24,24.195,188,32849,0.17,0,1,505484,505296,188
28073921,24,24.1706,188,32849,0.17,0,1,505508,505320,188
28076841,24,24.1493,188,32849,0.14,0,1,505532,505344,188
28079761,24,24.1306,188,32849,0.1,0,1,505556,505368,188
28082681,24,24.1143,188,32849,0.06,0,1,505580,505392,188
28085601,24,24.1,188,32849,0.02,0,1,505604,505416,188
28088521,24,24.0875,188,32849,0,0,1,505628,505440,188
28091441,24,24.0766,188,32849,0,0,1,505652,505464,188
28093521,23.125,24.067,181,32849,0.01,0,1,505669,505488,181
28096441,28.2344,41.1836,84,34929,0.03,0,1,505733,505649,84
28099361,27.7051,39.0357,84,35769,0.05,0,1,505757,505673,84
28102281,27.2419,36.4062,90,35769,0.05,0,1,505781,505691,90
28105201,26.8367,34.1054,96,35769,0.07,0,1,505805,505709,96
28108121,26.4821,32.0923,102,35769,0.09,0,1,505829,505727,102
28111041,26.1718,30.3307,108,35769,0.09,0,1,505853,505745,108
28113961,25.9004,28.7894,114,35769,0.11,0,1,505877,505763,114
28116881,25.6628,27.4407,120,35769,0.13,0,1,505901,505781,120
28119801,25.455,26.2606,126,35769,0.13,0,1,505925,505799,126
28122721,25.2731,25.228,132,35769,0.15,0,1,505949,505817,132
28125641,25.114,24.3245,138,35769,0.17,0,1,505973,505835,138
28128561,24.9747,23.534,144,32849,0.17,0,1,505997,505853,144
28131481,24.8529,22.8422,150,32849,0.16,0,1,506021,505871,150
28134401,24.7463,22.2369,156,32849,0.15,0,1,506045,505889,156
28137321,24.653,21.7073,162,32849,0.14,0,1,506069,505907,162
28140241,24.5714,21.2439,168,32849,0.13,0,1,506093,505925,168
28143161,24.4999,20.8384,174,32849,0.12,0,1,506117,505943,174
28146081,24.4374,20.4836,180,32849,0.12,0,1,506141,505961,180
28149001,24.3828,20.1732,186,32849,0.12,0,1,506165,505979,186
28151921,24.3349,21.6515,178,32849,0.12,0,1,506189,506011,178
28154841,24.2931,22.9451,170,32849,0.12,0,1,506213,506043,170
28157761,24.2564,24.0769,162,32849,0.12,0,1,506237,506075,162
28160681,24.2244,25.0673,154,32849,0.12,0,1,506261,506107,154
28163601,24.1963,24.9339,154,32849,0.12,0,1,506285,506131,154
28166521,24.1718,24.8172,154,32849,0.12,0,1,506309,506155,154
28169441,24.1503,24.715,154,32849,0.12,0,1,506333,506179,154
28172361,24.1315,24.6256,154,32849,0.12,0,1,506357,506203,154
28175281,24.1151,24.5474,154,32849,0.12,0,1,506381,506227,154
28178201,24.1007,24.479,154,32849,0.12,0,1,506405,506251,154
28181121,24.0881,24.4191,154,32849,0.12,0,1,506429,506275,154
28184041,24.0771,24.3667,154,32849,0.12,0,1,506453,506299,154
28186961,24.0675,24.3209,154,32849,0.12,0,1,506477,506323,154
28189881,24.059,24.2808,154,32849,0.12,0,1,506501,506347,154
28192801,24.0516,24.2457,154,32849,0.12,0,1,506525,506371,154
28195721,24.0452,24.215,154,32849,0.12,0,1,506549,506395,154
28198641,24.0395,24.1881,154,32849,0.12,0,1,506573,506419,154
28201561,24.0346,24.1646,154,32849,0.12,0,1,506597,506443,154
28204481,24.0303,24.144,154,32849,0.12,0,1,506621,506467,154
28207401,24.0265,24.126,154,32849,0.12,0,1,506645,506491,154
28210321,24.0232,24.1103,154,32849,0.12,0,1,506669,506515,154
28213241,24.0203,24.0965,154,32849,0.12,0,1,506693,506539,154
28216161,24.0177,24.0844,154,32849,0.12,0,1,506717,506563,154
28219081,24.0155,24.0739,154,32849,0.12,0,1,506741,506587,154
28222001,24.0136,24.0646,154,32849,0.12,0,1,506765,506611,154
28224921,24.0119,24.0566,154,32849,0.12,0,1,506789,506635,154
28227841,24.0104,24.0495,154,32849,0.12,0,1,506813,506659,154
28230761,24.0091,24.0433,154,35769,0.13,0,1,506837,506683,154
28233681,24.008,24.0379,154,35769,0.13,0,1,506861,506707,154
28236601,24.007,24.0332,154,35769,0.15,0,1,506885,506731,154
28239521,24.0061,24.029,154,35769,0.17,0,1,506909,506755,154
28242441,24.0053,24.0254,154,35769,0.17,0,1,506933,506779,154
28245361,24.0047,24.0222,154,32849,0.19,0,1,506957,506803,154
28248281,24.0041,23.6444,157,32849,0.17,0,1,506981,506824,157
28251201,24.0036,22.9389,163,32849,0.17,0,1,507005,506842,163
28254121,24.0031,22.3215,169,32849,0.15,0,1,507029,506860,169
28257041,24.0027,21.7813,175,32849,0.15,0,1,507053,506878,175
28259961,24.0024,21.3087,181,32849,0.13,0,1,507077,506896,181
28262881,24.0021,20.8951,187,32849,0.13,0,1,507101,506914,187
28265801,24.0018,20.5332,193,32849,0.13,0,1,507125,506932,193
28268721,24.0016,21.0915,192,32849,0.13,0,1,507149,506957,192
28271641,24.0014,22.4551,184,32849,0.13,0,1,507173,506989,184
28274561,24.0012,23.6482,176,32849,0.13,0,1,507197,507021,176
28277481,24.0011,24.6922,168,32849,0.13,0,1,507221,507053,168
28280401,24.0009,25.1057,164,32849,0.13,0,1,507245,507081,164
28283321,24.0008,24.9675,164,32849,0.13,0,1,507269,507105,164
28286241,24.0007,24.8465,164,32849,0.13,0,1,507293,507129,164
28289161,24.0006,24.7407,164,32849,0.13,0,1,507317,507153,164
28292081,24.0006,24.6481,164,32849,0.13,0,1,507341,507177,164
28295001,24.0005,24.5671,164,32849,0.13,0,1,507365,507201,164
28297921,24.0004,24.4962,164,32849,0.13,0,1,507389,507225,164
28300841,24.0004,24.4342,164,32849,0.13,0,1,507413,507249,164
28303761,24.0003,24.3799,164,32849,0.13,0,1,507437,507273,164
28306681,24.0003,24.3324,164,32849,0.13,0,1,507461,507297,164
28309601,24.0002,24.2909,164,32849,0.13,0,1,507485,507321,164
28312521,24.0002,24.2545,164,32849,0.13,0,1,507509,507345,164
28315441,24.0002,24.2227,164,32849,0.13,0,1,507533,507369,164
28318361,24.0002,24.1949,164,32849,0.13,0,1,507557,507393,164
28321281,24.0001,24.1705,164,32849,0.13,0,1,507581,507417,164
28324201,24.0001,24.1492,164,5840,0.11,0,1,507605,507441,164
28327121,24.0001,24.1305,164,5840,0.07,0,1,507629,507465,164
28330041,24.0001,24.1142,164,5840,0.03,0,1,507653,507489,164
28332961,24.0001,24.0999,164,5840,0,0,1,507677,507513,164
28335881,24.0001,24.0875,164,5840,0,0,1,507701,507537,164
28338801,24.0001,24.0765,164,5840,0.01,0,1,507725,507561,164
28341721,28.5001,38.567,84,5840,0,0,1,507785,507701,84
28344641,27.9375,36.7461,84,5840,0.01,0,1,507809,507725,84
28347561,31.9454,39.6528,84,5840,0,0,1,507869,507785,84
28350481,30.9522,37.6962,84,5840,0.01,0,1,507893,507809,84
28353401,34.5832,40.4842,84,38933,0.01,0,1,507953,507869,84
28356321,33.2603,38.4237,84,37473,0.01,0,1,507977,507893,84
28359241,32.1027,36.6207,84,36256,0.01,0,1,508001,507917,84
28362161,31.0899,35.0431,84,35039,0.01,0,1,508025,507941,84
28365081,30.2037,33.6627,84,36986,0.01,0,1,508049,507965,84
28368001,29.4282,32.4549,84,36013,0.01,0,1,508073,507989,84
28370921,28.7497,31.398,84,35283,0.03,0,1,508097,508013,84
28373841,28.156,30.4733,84,34553,0.05,0,1,508121,508037,84
28376761,27.6365,28.9141,90,34066,0.05,0,1,508145,508055,90
28379681,27.1819,27.5499,96,33823,0.07,0,1,508169,508073,96
28382601,26.7842,26.3561,102,33579,0.09,0,1,508193,508091,102
28385521,26.4362,25.3116,108,33579,0.09,0,1,508217,508109,108
28388441,26.1316,24.3977,114,33579,0.11,0,1,508241,508127,114
28391361,25.8652,23.5979,120,33579,0.13,0,1,508265,508145,120
28394281,25.632,22.8982,126,33579,0.13,0,1,508289,508163,126
28397201,25.428,22.2859,132,33579,0.15,0,1,508313,508181,132
28400121,25.2495,21.7502,138,30659,0.15,0,1,508337,508199,138
28403041,25.0933,21.2814,144,30659,0.15,0,1,508361,508217,144
28405961,24.9567,20.8712,150,30659,0.13,0,1,508385,508235,150
28408881,24.8371,20.5123,156,30659,0.13,0,1,508409,508253,156
28411801,24.7324,20.1983,162,30659,0.11,0,1,508433,508271,162
28414721,24.6409,19.9235,168,30659,0.11,0,1,508457,508289,168
28417641,24.5608,19.6831,174,30659,0.11,0,1,508481,508307,174
28420561,24.4907,20.3477,173,30659,0.11,0,1,508505,508332,173
28423481,24.4293,21.8042,165,30659,0.11,0,1,508529,508364,165
28426401,24.3757,23.0787,157,30659,0.11,0,1,508553,508396,157
28429321,24.3287,24.1939,149,30659,0.11,0,1,508577,508428,149
28432241,24.2876,24.6696,145,30659,0.11,0,1,508601,508456,145
28435161,24.2517,24.5859,145,30659,0.11,0,1,508625,508480,145
28438081,24.2202,24.5127,145,30659,0.11,0,1,508649,508504,145
28441001,24.1927,24.4486,145,30659,0.11,0,1,508673,508528,145
28443921,24.1686,24.3925,145,30659,0.11,0,1,508697,508552,145
28446841,24.1475,24.3435,145,30659,0.11,0,1,508721,508576,145
28449761,24.1291,24.3005,145,30659,0.11,0,1,508745,508600,145
28452681,24.113,24.263,145,30659,0.11,0,1,508769,508624,145
28455601,24.0988,24.2301,145,30659,0.11,0,1,508793,508648,145
28458521,24.0865,24.2013,145,30659,0.11,0,1,508817,508672,145
28461441,24.0757,24.1762,145,30659,0.11,0,1,508841,508696,145
28464361,24.0662,24.1541,145,30659,0.11,0,1,508865,508720,145
28467281,24.0579,24.1349,145,30659,0.11,0,1,508889,508744,145
28470201,24.0507,24.118,145,30659,0.11,0,1,508913,508768,145
28473121,24.0444,24.1033,145,30659,0.11,0,1,508937,508792,145
28476041,24.0388,24.0904,145,30659,0.11,0,1,508961,508816,145
28478961,24.034,24.0791,145,30659,0.11,0,1,508985,508840,145
28481881,24.0297,24.0692,145,30659,0.11,0,1,509009,508864,145
28484801,24.026,24.0605,145,30659,0.11,0,1,509033,508888,145
28487721,24.0228,24.053,145,30659,0.11,0,1,509057,508912,145
28490641,24.0199,24.0463,145,30659,0.11,0,1,509081,508936,145
28493561,24.0174,24.0406,145,30659,0.11,0,1,509105,508960,145
28496481,24.0152,24.0355,145,30659,0.11,0,1,509129,508984,145
28499401,24.0133,24.031,145,30659,0.11,0,1,509153,509008,145
28502321,24.0117,24.0272,145,33579,0.11,0,1,509177,509032,145
28505241,24.0102,24.0238,145,33579,0.11,0,1,509201,509056,145
28508161,24.0089,24.0208,145,33579,0.13,0,1,509225,509080,145
28511081,24.0078,24.0182,145,33579,0.15,0,1,509249,509104,145
28514001,24.0068,24.0159,145,33579,0.15,0,1,509273,509128,145
28516921,24.006,24.0139,145,30659,0.17,0,1,509297,509152,145
28519841,24.0052,23.6372,148,30659,0.15,0,1,509321,509173,148
28522761,24.0046,22.9325,154,30659,0.15,0,1,509345,509191,154
28525681,24.004,22.316,160,30659,0.13,0,1,509369,509209,160
28528601,24.0035,21.7765,166,30659,0.13,0,1,509393,509227,166
28531521,24.0031,21.3044,172,30659,0.11,0,1,509417,509245,172
28534441,24.0027,20.8914,178,30659,0.11,0,1,509441,509263,178
28537361,24.0024,20.5299,184,30659,0.11,0,1,509465,509281,184
28540281,24.0021,21.9637,176,30659,0.11,0,1,509489,509313,176
28543201,24.0018,23.2182,168,30659,0.11,0,1,509513,509345,168
28546121,24.0016,24.316,160,30659,0.11,0,1,509537,509377,160
28549041,24.0014,25.2765,152,30659,0.11,0,1,509561,509409,152
28551961,24.0012,25.1169,152,30659,0.11,0,1,509585,509433,152
28554881,24.0011,24.9773,152,30659,0.11,0,1,509609,509457,152
28557801,24.0009,24.8551,152,30659,0.11,0,1,509633,509481,152
28560721,24.0008,24.7482,152,30659,0.11,0,1,509657,509505,152
28563641,24.0007,24.6547,152,30659,0.1,0,1,509681,509529,152
28566561,24.0006,24.5729,152,30659,0.06,0,1,509705,509553,152
28569481,24.0005,24.5013,152,30659,0.02,0,1,509729,509577,152
28572401,24.0005,24.4386,152,30659,0,0,1,509753,509601,152
28575321,24.0004,24.3838,152,30659,0,0,1,509777,509625,152
28577121,22.8754,24.3358,143,30659,0,0,1,509792,509649,143
28580041,1154.52,1163.17,84,30659,0.01,0,1,518868,518784,84
28582961,1013.2,1020.77,84,33579,0.01,0,1,518892,518808,84
28585881,889.551,896.176,84,36499,0.01,0,1,518916,518832,84
28588801,781.357,787.154,84,37959,0.01,0,1,518940,518856,84
28591721,686.688,691.76,84,36499,0.01,0,1,518964,518880,84
28594641,603.852,608.29,84,35283,0.01,0,1,518988,518904,84
28597561,531.37,535.254,84,34309,0.01,0,1,519012,518928,84
28600481,467.949,471.347,84,33336,0.01,0,1,519036,518952,84
28603401,412.455,415.429,84,32606,0.01,0,1,519060,518976,84
28606321,363.898,366.5,84,31876,0.01,0,1,519084,519000,84
28609241,321.411,323.687,84,31146,0.01,0,1,519108,519024,84
28612161,284.235,286.227,84,33579,0.01,0,1,519132,519048,84
28615081,251.705,253.448,84,33093,0.01,0,1,519156,519072,84
28618001,223.242,224.767,84,32606,0.03,0,1,519180,519096,84
28620921,198.337,199.671,84,32363,0.05,0,1,519204,519120,84
28623841,176.545,176.962,90,32119,0.05,0,1,519228,519138,90
28626761,157.477,157.092,96,32119,0.07,0,1,519252,519156,96
28629681,140.792,139.706,102,32119,0.09,0,1,519276,519174,102
28632601,126.193,124.492,108,32119,0.09,0,1,519300,519192,108
28635521,113.419,111.181,114,32119,0.11,0,1,519324,519210,114
28638441,102.242,99.5332,120,32119,0.13,0,1,519348,519228,120
28641361,92.4614,89.3416,126,32119,0.13,0,1,519372,519246,126
28644281,83.9037,80.4239,132,32119,0.15,0,1,519396,519264,132
28647201,76.4158,72.6209,138,29199,0.15,0,1,519420,519282,138
28650121,69.8638,65.7933,144,29199,0.15,0,1,519444,519300,144
28653041,64.1308,59.8191,150,29199,0.13,0,1,519468,519318,150
28655961,59.1145,54.5917,156,29199,0.13,0,1,519492,519336,156
28658881,54.7252,50.0178,162,29199,0.11,0,1,519516,519354,162
28661801,50.8845,46.0155,168,29199,0.11,0,1,519540,519372,168
28664721,47.5239,42.5136,174,29199,0.11,0,1,519564,519390,174
28667641,44.5835,40.3244,173,29199,0.11,0,1,519588,519415,173
28670561,42.0105,39.2839,165,29199,0.11,0,1,519612,519447,165
28673481,39.7592,38.3734,157,29199,0.11,0,1,519636,519479,157
28676401,37.7893,37.0767,153,29199,0.11,0,1,519660,519507,153
28679321,36.0656,35.4421,153,29199,0.11,0,1,519684,519531,153
28682241,34.5574,34.0118,153,29199,0.11,0,1,519708,519555,153
28685161,33.2378,32.7604,153,29199,0.11,0,1,519732,519579,153
28688081,32.083,31.6653,153,29199,0.11,0,1,519756,519603,153
28691001,31.0727,30.7072,153,29199,0.11,0,1,519780,519627,153
28693921,30.1886,29.8688,153,29199,0.11,0,1,519804,519651,153
28696841,29.415,29.1352,153,29199,0.11,0,1,519828,519675,153
28699761,28.7381,28.4933,153,29199,0.11,0,1,519852,519699,153
28702681,28.1459,27.9316,153,29199,0.11,0,1,519876,519723,153
28705601,27.6276,27.4402,153,29199,0.11,0,1,519900,519747,153
28708521,27.1742,27.0101,153,29199,0.11,0,1,519924,519771,153
28711441,26.7774,26.6339,153,29199,0.11,0,1,519948,519795,153
28714361,26.4302,26.3046,153,29199,0.11,0,1,519972,519819,153
28717281,26.1265,26.0166,153,29199,0.11,0,1,519996,519843,153
28720201,25.8606,25.7645,153,29199,0.11,0,1,520020,519867,153
28723121,25.6281,25.5439,153,29199,0.11,0,1,520044,519891,153
28726041,25.4246,25.3509,153,29199,0.11,0,1,520068,519915,153
28728961,25.2465,25.1821,153,32119,0.13,0,1,520092,519939,153
28731881,25.0907,25.0343,153,32119,0.13,0,1,520116,519963,153
28734801,24.9543,24.905,153,32119,0.15,0,1,520140,519987,153
28737721,24.835,24.7919,153,32119,0.17,0,1,520164,520011,153
28740641,24.7307,24.6929,153,29199,0.17,0,1,520188,520035,153
28743561,24.6393,24.6063,153,29199,0.16,0,1,520212,520059,153
28746481,24.5594,24.1555,156,29199,0.15,0,1,520236,520080,156
28749401,24.4895,23.3861,162,29199,0.14,0,1,520260,520098,162
28752321,24.4283,22.7128,168,29199,0.13,0,1,520284,520116,168
28755241,24.3748,22.1237,174,29199,0.13,0,1,520308,520134,174
28758161,24.3279,21.6082,180,29199,0.13,0,1,520332,520152,180
28761081,24.2869,21.1572,186,29199,0.13,0,1,520356,520170,186
28764001,24.2511,22.5126,178,29199,0.13,0,1,520380,520202,178
28766921,24.2197,23.6985,170,29199,0.13,0,1,520404,520234,170
28769841,24.1922,24.7362,162,29199,0.13,0,1,520428,520266,162
28772761,24.1682,24.6442,162,29199,0.13,0,1,520452,520290,162
28775681,24.1472,24.5636,162,29199,0.13,0,1,520476,520314,162
28778601,24.1288,24.4932,162,29199,0.13,0,1,520500,520338,162
28781521,24.1127,24.4315,162,29199,0.13,0,1,520524,520362,162
28784441,24.0986,24.3776,162,29199,0.13,0,1,520548,520386,162
28787361,24.0863,24.3304,162,29199,0.13,0,1,520572,520410,162
28790281,24.0755,24.2891,162,29199,0.13,0,1,520596,520434,162
28793201,24.066,24.253,162,29199,0.13,0,1,520620,520458,162
28796121,24.0578,24.2213,162,29199,0.13,0,1,520644,520482,162
28799041,24.0506,24.1937,162,29199,0.13,0,1,520668,520506,162
28801961,24.0442,24.1695,162,29199,0.13,0,1,520692,520530,162
28804881,24.0387,24.1483,162,29199,0.13,0,1,520716,520554,162
28807801,24.0339,24.1297,162,29199,0.13,0,1,520740,520578,162
28810721,24.0296,24.1135,162,29199,0.13,0,1,520764,520602,162
28813641,24.0259,24.0993,162,29199,0.13,0,1,520788,520626,162
28816561,24.0227,24.0869,162,29199,0.13,0,1,520812,520650,162
28819481,24.0199,24.0761,162,29199,0.13,0,1,520836,520674,162
28822401,24.0174,24.0665,162,32119,0.13,0,1,520860,520698,162
28825321,24.0152,24.0582,162,32119,0.15,0,1,520884,520722,162
28828241,24.0133,24.051,162,32119,0.17,0,1,520908,520746,162
28831161,24.0116,24.0446,162,32119,0.17,0,1,520932,520770,162
28834081,24.0102,24.039,162,29199,0.17,0,1,520956,520794,162
28837001,24.0089,24.0341,162,29199,0.17,0,1,520980,520818,162
28839921,24.0078,24.0299,162,29199,0.15,0,1,521004,520842,162
28842841,24.0068,23.2761,168,29199,0.15,0,1,521028,520860,168
28845761,24.006,22.6166,174,29199,0.13,0,1,521052,520878,174
28848681,24.0052,22.0395,180,29199,0.13,0,1,521076,520896,180
28851601,24.0046,21.5346,186,29199,0.13,0,1,521100,520914,186
28854521,24.004,21.0928,192,29199,0.13,0,1,521124,520932,192
28857441,24.0035,22.4562,184,29199,0.13,0,1,521148,520964,184
28860361,24.0031,23.6492,176,29199,0.13,0,1,521172,520996,176
28863281,24.0027,24.693,168,29199,0.13,0,1,521196,521028,168
28866201,24.0023,25.1064,164,29199,0.13,0,1,521220,521056,164
28869121,24.0021,24.9681,164,29199,0.13,0,1,521244,521080,164
28872041,24.0018,24.8471,164,29199,0.13,0,1,521268,521104,164
28874961,24.0016,24.7412,164,29199,0.13,0,1,521292,521128,164
28877881,24.0014,24.6485,164,29199,0.13,0,1,521316,521152,164
28880801,24.0012,24.5675,164,29199,0.13,0,1,521340,521176,164
28883721,24.0011,24.4965,164,29199,0.13,0,1,521364,521200,164
28886641,24.0009,24.4345,164,29199,0.13,0,1,521388,521224,164
28889561,24.0008,24.3802,164,29199,0.13,0,1,521412,521248,164
28892481,24.0007,24.3326,164,29199,0.13,0,1,521436,521272,164
28895401,24.0006,24.2911,164,29199,0.13,0,1,521460,521296,164
28898321,24.0005,24.2547,164,29199,0.13,0,1,521484,521320,164
28901241,24.0005,24.2228,164,29199,0.13,0,1,521508,521344,164
28904161,24.0004,24.195,164,29199,0.13,0,1,521532,521368,164
28907081,24.0004,24.1706,164,29199,0.13,0,1,521556,521392,164
28910001,24.0003,24.1493,164,29199,0.13,0,1,521580,521416,164
28912921,24.0003,24.1306,164,29199,0.13,0,1,521604,521440,164
28915841,24.0002,24.1143,164,32119,0.15,0,1,521628,521464,164
28918761,24.0002,24.1,164,32119,0.15,0,1,521652,521488,164
28921681,24.0002,24.0875,164,32119,0.17,0,1,521676,521512,164
28924601,24.0002,24.0766,164,32119,0.19,0,1,521700,521536,164
28927521,24.0001,24.067,164,29199,0.19,0,1,521724,521560,164
28930441,24.0001,24.0586,164,29199,0.17,0,1,521748,521584,164
28933361,24.0001,24.0513,164,29199,0.17,0,1,521772,521608,164
28936281,24.0001,23.2949,170,29199,0.15,0,1,521796,521626,170
28939201,24.0001,22.633,176,29199,0.15,0,1,521820,521644,176
28942121,24.0001,22.0539,182,29199,0.15,0,1,521844,521662,182
28945041,24.0001,21.5472,188,29199,0.15,0,1,521868,521680,188
28947961,24.0001,21.1038,194,29199,0.15,0,1,521892,521698,194
28950881,24,21.5908,193,29199,0.15,0,1,521916,521723,193
28953801,24,22.8919,185,29199,0.15,0,1,521940,521755,185
28956721,24,24.0305,177,29199,0.15,0,1,521964,521787,177
28959641,24,24.5266,173,29199,0.15,0,1,521988,521815,173
28962561,24,24.4608,173,29199,0.15,0,1,522012,521839,173
28965481,24,24.4032,173,29199,0.15,0,1,522036,521863,173
28968401,24,24.3528,173,29199,0.15,0,1,522060,521887,173
28971321,24,24.3087,173,29199,0.15,0,1,522084,521911,173
28974241,24,24.2701,173,29199,0.15,0,1,522108,521935,173
28977161,24,24.2364,173,29199,0.15,0,1,522132,521959,173
28980081,24,24.2068,173,29199,0.15,0,1,522156,521983,173
28983001,24,24.181,173,29199,0.15,0,1,522180,522007,173
28985921,24,24.1583,173,29199,0.15,0,1,522204,522031,173
28988841,24,24.1385,173,29199,0.15,0,1,522228,522055,173
28991761,24,24.1212,173,29199,0.15,0,1,522252,522079,173
28994681,24,24.1061,173,29199,0.15,0,1,522276,522103,173
28997601,24,24.0928,173,29199,0.15,0,1,522300,522127,173
29000521,24,24.0812,173,29199,0.15,0,1,522324,522151,173
29003441,24,24.0711,173,29199,0.15,0,1,522348,522175,173
29006361,24,24.0622,173,29199,0.15,0,1,522372,522199,173
29009281,24,24.0544,173,32119,0.15,0,1,522396,522223,173
29012201,24,24.0476,173,32119,0.17,0,1,522420,522247,173
29015121,24,24.0417,173,32119,0.19,0,1,522444,522271,173
29018041,24,24.0364,173,32119,0.19,0,1,522468,522295,173
29020961,24,24.0319,173,29199,0.19,0,1,522492,522319,173
29023881,24,24.0279,173,29199,0.19,0,1,522516,522343,173
29026801,24,24.0244,173,29199,0.17,0,1,522540,522367,173
29029721,24,23.6464,176,29199,0.17,0,1,522564,522388,176
29032641,24,22.9406,182,29199,0.17,0,1,522588,522406,182
29035561,24,22.323,188,29199,0.17,0,1,522612,522424,188
29038481,24,21.7826,194,29199,0.17,0,1,522636,522442,194
29041401,24,21.3098,200,29199,0.17,0,1,522660,522460,200
29044321,24,21.7711,199,29199,0.17,0,1,522684,522485,199
29047241,24,23.0497,191,29199,0.17,0,1,522708,522517,191
29050161,24,24.1685,183,29199,0.17,0,1,522732,522549,183
29053081,24,24.6474,179,29199,0.17,0,1,522756,522577,179
29056001,24,24.5665,179,29199,0.17,0,1,522780,522601,179
29058921,24,24.4957,179,29199,0.17,0,1,522804,522625,179
29061841,24,24.4337,179,29199,0.17,0,1,522828,522649,179
29064761,24,24.3795,179,29199,0.17,0,1,522852,522673,179
29067681,24,24.3321,179,29199,0.17,0,1,522876,522697,179
29070601,24,24.2906,179,29199,0.17,0,1,522900,522721,179
29073521,24,24.2542,179,29199,0.17,0,1,522924,522745,179
29076441,24,24.2225,179,29199,0.17,0,1,522948,522769,179
29079361,24,24.1947,179,29199,0.17,0,1,522972,522793,179
29082281,24,24.1703,179,29199,0.17,0,1,522996,522817,179
29085201,24,24.149,179,29199,0.17,0,1,523020,522841,179
29088121,24,24.1304,179,29199,0.17,0,1,523044,522865,179
29091041,24,24.1141,179,29199,0.17,0,1,523068,522889,179
29093961,24,24.0998,179,29199,0.17,0,1,523092,522913,179
29096881,24,24.0874,179,29199,0.17,0,1,523116,522937,179
29099801,24,24.0764,179,29199,0.17,0,1,523140,522961,179
29102721,24,24.0669,179,32119,0.17,0,1,523164,522985,179
29105641,24,24.0585,179,32119,0.19,0,1,523188,523009,179
29108561,24,24.0512,179,32119,0.19,0,1,523212,523033,179
29111481,24,24.0448,179,32119,0.21,0,1,523236,523057,179
29114401,24,24.0392,179,29199,0.21,0,1,523260,523081,179
29117321,24,24.0343,179,29199,0.21,0,1,523284,523105,179
29120241,24,24.03,179,29199,0.19,0,1,523308,523129,179
29123161,24,23.6513,182,29199,0.19,0,1,523332,523150,182
29126081,24,22.9449,188,29199,0.17,0,1,523356,523168,188
29129001,24,22.3267,194,29199,0.17,0,1,523380,523186,194
29131921,24,21.7859,200,29199,0.17,0,1,523404,523204,200
29134841,24,21.3127,206,29199,0.17,0,1,523428,523222,206
29137761,24,20.8986,212,29199,0.17,0,1,523452,523240,212
29140681,24,22.2863,204,29199,0.17,0,1,523476,523272,204
29143601,24,23.5005,196,29199,0.17,0,1,523500,523304,196
29146521,24,24.5629,188,29199,0.17,0,1,523524,523336,188
29149441,24,24.4926,188,29199,0.17,0,1,523548,523360,188
29152361,24,24.431,188,29199,0.17,0,1,523572,523384,188
29155281,24,24.3771,188,29199,0.17,0,1,523596,523408,188
29158201,24,24.33,188,29199,0.17,0,1,523620,523432,188
29161121,24,24.2887,188,29199,0.17,0,1,523644,523456,188
29164041,24,24.2526,188,29199,0.17,0,1,523668,523480,188
29166961,24,24.2211,188,29199,0.17,0,1,523692,523504,188
29169881,24,24.1934,188,29199,0.17,0,1,523716,523528,188
29172801,24,24.1692,188,29199,0.17,0,1,523740,523552,188
29175721,24,24.1481,188,29199,0.17,0,1,523764,523576,188
29178641,24,24.1296,188,29199,0.17,0,1,523788,523600,188
29181561,24,24.1134,188,29199,0.17,0,1,523812,523624,188
29184481,24,24.0992,188,29199,0.17,0,1,523836,523648,188
29187401,24,24.0868,188,29199,0.17,0,1,523860,523672,188
29190321,24,24.076,188,29199,0.17,0,1,523884,523696,188
29193241,24,24.0665,188,29199,0.17,0,1,523908,523720,188
29196161,24,24.0582,188,32119,0.19,0,1,523932,523744,188
29199081,24,24.0509,188,32119,0.19,0,1,523956,523768,188
29202001,24,24.0445,188,32119,0.21,0,1,523980,523792,188
29204921,24,24.039,188,32119,0.23,0,1,524004,523816,188
29207841,24,24.0341,188,29199,0.23,0,1,524028,523840,188
29210761,24,24.0298,188,29199,0.21,0,1,524052,523864,188
29213681,24,24.0261,188,29199,0.21,0,1,524076,523888,188
29216601,24,24.0228,188,29199,0.19,0,1,524100,523912,188
29219521,24,23.27,194,29199,0.19,0,1,524124,523930,194
29222441,24,22.6112,200,29199,0.19,0,1,524148,523948,200
29225361,24,22.0348,206,29199,0.19,0,1,524172,523966,206
29228281,24,21.5305,212,29199,0.19,0,1,524196,523984,212
29231201,24,21.0892,218,29199,0.19,0,1,524220,524002,218
29234121,24,21.578,217,29199,0.19,0,1,524244,524027,217
29237041,24,22.8808,209,29199,0.19,0,1,524268,524059,209
29239961,24,24.0207,201,29199,0.19,0,1,524292,524091,201
29242881,24,24.5181,197,29199,0.19,0,1,524316,524119,197
29245801,24,24.4533,197,29199,0.19,0,1,524340,524143,197
29248721,24,24.3967,197,29199,0.19,0,1,524364,524167,197
29251641,24,24.3471,197,29199,0.19,0,1,524388,524191,197
29254561,24,24.3037,197,29199,0.19,0,1,524412,524215,197
29257481,24,24.2657,197,29199,0.19,0,1,524436,524239,197
29260401,24,24.2325,197,29199,0.19,0,1,524460,524263,197
29263321,24,24.2035,197,29199,0.19,0,1,524484,524287,197
29266241,24,24.178,197,29199,0.19,0,1,524508,524311,197
29269161,24,24.1558,197,29199,0.19,0,1,524532,524335,197
29272081,24,24.1363,197,29199,0.19,0,1,524556,524359,197
29275001,24,24.1193,197,29199,0.19,0,1,524580,524383,197
29277921,24,24.1044,197,29199,0.19,0,1,524604,524407,197
29280841,24,24.0913,197,29199,0.19,0,1,524628,524431,197
29283761,24,24.0799,197,29199,0.19,0,1,524652,524455,197
29286681,24,24.0699,197,29199,0.19,0,1,524676,524479,197
29289601,24,24.0612,197,32119,0.19,0,1,524700,524503,197
29292521,24,24.0535,197,32119,0.21,0,1,524724,524527,197
29295441,24,24.0468,197,32119,0.23,0,1,524748,524551,197
29298361,24,24.041,197,32119,0.23,0,1,524772,524575,197
29301281,24,24.0359,197,29199,0.23,0,1,524796,524599,197
29304201,24,24.0314,197,29199,0.23,0,1,524820,524623,197
29307121,24,24.0275,197,29199,0.21,0,1,524844,524647,197
29310041,24,24.024,197,29199,0.21,0,1,524868,524671,197
29312961,24,23.646,200,29199,0.21,0,1,524892,524692,200
29315881,24,22.9403,206,29199,0.21,0,1,524916,524710,206
29318801,24,22.3227,212,29199,0.21,0,1,524940,524728,212
29321721,24,21.7824,218,29199,0.21,0,1,524964,524746,218
29324641,24,21.3096,224,29199,0.21,0,1,524988,524764,224
29327561,24,21.7709,223,29199,0.21,0,1,525012,524789,223
29330481,24,23.0495,215,29199,0.21,0,1,525036,524821,215
29333401,24,24.1683,207,29199,0.21,0,1,525060,524853,207
29336321,24,24.6473,203,29199,0.21,0,1,525084,524881,203
29339241,24,24.5664,203,29199,0.21,0,1,525108,524905,203
29342161,24,24.4956,203,29199,0.21,0,1,525132,524929,203
29345081,24,24.4336,203,29199,0.21,0,1,525156,524953,203
29348001,24,24.3794,203,29199,0.21,0,1,525180,524977,203
29350921,24,24.332,203,29199,0.21,0,1,525204,525001,203
29353841,24,24.2905,203,29199,0.21,0,1,525228,525025,203
29356761,24,24.2542,203,29199,0.21,0,1,525252,525049,203
29359681,24,24.2224,203,29199,0.21,0,1,525276,525073,203
29362601,24,24.1946,203,29199,0.21,0,1,525300,525097,203
29365521,24,24.1703,203,29199,0.21,0,1,525324,525121,203
29368441,24,24.149,203,29199,0.21,0,1,525348,525145,203
29371361,24,24.1304,203,29199,0.21,0,1,525372,525169,203
29374281,24,24.1141,203,29199,0.21,0,1,525396,525193,203
29377201,24,24.0998,203,29199,0.21,0,1,525420,525217,203
29380121,24,24.0873,203,29199,0.21,0,1,525444,525241,203
29383041,24,24.0764,203,32119,0.21,0,1,525468,525265,203
29385961,24,24.0669,203,32119,0.23,0,1,525492,525289,203
29388881,24,24.0585,203,32119,0.23,0,1,525516,525313,203
29391801,24,24.0512,203,32119,0.25,0,1,525540,525337,203
29394721,24,24.0448,203,29199,0.25,0,1,525564,525361,203
29397641,24,24.0392,203,29199,0.23,0,1,525588,525385,203
29400561,24,24.0343,203,29199,0.23,0,1,525612,525409,203
29403481,24,24.03,203,29199,0.21,0,1,525636,525433,203
29406401,24,23.6513,206,29199,0.21,0,1,525660,525454,206
29409321,24,22.9449,212,29199,0.21,0,1,525684,525472,212
29412241,24,22.3267,218,29199,0.21,0,1,525708,525490,218
29415161,24,21.7859,224,29199,0.21,0,1,525732,525508,224
29418081,24,21.3127,230,29199,0.21,0,1,525756,525526,230
29421001,24,20.8986,236,29199,0.21,0,1,525780,525544,236
29423921,24,22.7863,224,29199,0.21,0,1,525804,525580,224
29426841,24,23.938,216,29199,0.21,0,1,525828,525612,216
29429761,24,24.9457,208,29199,0.21,0,1,525852,525644,208
29432681,24,24.8275,208,29199,0.21,0,1,525876,525668,208
29435601,24,24.7241,208,29199,0.21,0,1,525900,525692,208
29438521,24,24.6336,208,29199,0.21,0,1,525924,525716,208
29441441,24,24.5544,208,29199,0.21,0,1,525948,525740,208
29444361,24,24.4851,208,29199,0.21,0,1,525972,525764,208
29447281,24,24.4244,208,29199,0.21,0,1,525996,525788,208
29450201,24,24.3714,208,29199,0.21,0,1,526020,525812,208
29453121,24,24.325,208,29199,0.21,0,1,526044,525836,208
29456041,24,24.2843,208,29199,0.21,0,1,526068,525860,208
29458961,24,24.2488,208,29199,0.21,0,1,526092,525884,208
29461881,24,24.2177,208,29199,0.21,0,1,526116,525908,208
29464801,24,24.1905,208,29199,0.21,0,1,526140,525932,208
29467721,24,24.1667,208,29199,0.21,0,1,526164,525956,208
29470641,24,24.1458,208,29199,0.21,0,1,526188,525980,208
29473561,24,24.1276,208,29199,0.21,0,1,526212,526004,208
29476481,24,24.1117,208,32119,0.21,0,1,526236,526028,208
29479401,24,24.0977,208,32119,0.23,0,1,526260,526052,208
29482321,24,24.0855,208,32119,0.23,0,1,526284,526076,208
29485241,24,24.0748,208,32119,0.25,0,1,526308,526100,208
29488161,24,24.0655,208,29199,0.25,0,1,526332,526124,208
29491081,24,24.0573,208,29199,0.23,0,1,526356,526148,208
29494001,24,24.0501,208,29199,0.23,0,1,526380,526172,208
29496921,24,24.0438,208,29199,0.21,0,1,526404,526196,208
29499841,24,24.0384,208,29199,0.21,0,1,526428,526220,208
29502761,24,23.2836,214,29199,0.21,0,1,526452,526238,214
29505681,24,22.6231,220,29199,0.21,0,1,526476,526256,220
29508601,24,22.0452,226,29199,0.21,0,1,526500,526274,226
29511521,24,21.5396,232,29199,0.21,0,1,526524,526292,232
29514441,24,21.0971,238,29199,0.21,0,1,526548,526310,238
29517361,24,23.21,224,29199,0.21,0,1,526572,526348,224
29520281,24,24.3087,216,29199,0.21,0,1,526596,526380,216
29523201,24,25.2701,208,29199,0.21,0,1,526620,526412,208
29526121,24,25.1114,208,29199,0.21,0,1,526644,526436,208
29529041,24,24.9725,208,29199,0.21,0,1,526668,526460,208
29531961,24,24.8509,208,29199,0.21,0,1,526692,526484,208
29534881,24,24.7445,208,29199,0.21,0,1,526716,526508,208
29537801,24,24.6515,208,29199,0.21,0,1,526740,526532,208
29540721,24,24.57,208,29199,0.21,0,1,526764,526556,208
29543641,24,24.4988,208,29199,0.21,0,1,526788,526580,208
29546561,24,24.4364,208,29199,0.21,0,1,526812,526604,208
29549481,24,24.3819,208,29199,0.21,0,1,526836,526628,208
29552401,24,24.3341,208,29199,0.21,0,1,526860,526652,208
29555321,24,24.2924,208,29199,0.21,0,1,526884,526676,208
29558241,24,24.2558,208,29199,0.21,0,1,526908,526700,208
29561161,24,24.2239,208,29199,0.21,0,1,526932,526724,208
29564081,24,24.1959,208,29199,0.21,0,1,526956,526748,208
29567001,24,24.1714,208,29199,0.21,0,1,526980,526772,208
29569921,24,24.15,208,32119,0.21,0,1,527004,526796,208
29572841,24,24.1312,208,32119,0.23,0,1,527028,526820,208
29575761,24,24.1148,208,32119,0.23,0,1,527052,526844,208
29578681,24,24.1005,208,32119,0.25,0,1,527076,526868,208
29581601,24,24.0879,208,29199,0.25,0,1,527100,526892,208
29584521,24,24.0769,208,29199,0.23,0,1,527124,526916,208
29587441,24,24.0673,208,29199,0.23,0,1,527148,526940,208
29590361,24,24.0589,208,29199,0.21,0,1,527172,526964,208
29593281,24,24.0515,208,29199,0.21,0,1,527196,526988,208
29596201,24,23.2951,214,29199,0.21,0,1,527220,527006,214
29599121,24,22.6332,220,29199,0.21,0,1,527244,527024,220
29602041,24,22.0541,226,29199,0.21,0,1,527268,527042,226
29604961,24,21.5473,232,29199,0.21,0,1,527292,527060,232
29607881,24,21.1039,238,29199,0.21,0,1,527316,527078,238
29610801,24,23.2159,224,29199,0.21,0,1,527340,527116,224
29613721,24,24.3139,216,29199,0.21,0,1,527364,527148,216
29616641,24,25.2747,208,29199,0.21,0,1,527388,527180,208
29619561,24,25.1153,208,29199,0.21,0,1,527412,527204,208
29622481,24,24.9759,208,29199,0.21,0,1,527436,527228,208
29625401,24,24.8539,208,29199,0.21,0,1,527460,527252,208
29628321,24,24.7472,208,29199,0.21,0,1,527484,527276,208
29631241,24,24.6538,208,29199,0.21,0,1,527508,527300,208
29634161,24,24.5721,208,29199,0.21,0,1,527532,527324,208
29637081,24,24.5006,208,29199,0.21,0,1,527556,527348,208
29640001,24,24.438,208,29199,0.21,0,1,527580,527372,208
29642921,24,24.3832,208,29199,0.21,0,1,527604,527396,208
29645841,24,24.3353,208,29199,0.21,0,1,527628,527420,208
29648761,24,24.2934,208,29199,0.21,0,1,527652,527444,208
29651681,24,24.2567,208,29199,0.21,0,1,527676,527468,208
29654601,24,24.2246,208,29199,0.21,0,1,527700,527492,208
29657521,24,24.1966,208,29199,0.21,0,1,527724,527516,208
29660441,24,24.172,208,29199,0.21,0,1,527748,527540,208
29663361,24,24.1505,208,32119,0.21,0,1,527772,527564,208
29666281,24,24.1317,208,32119,0.23,0,1,527796,527588,208
29669201,24,24.1152,208,32119,0.23,0,1,527820,527612,208
29672121,24,24.1008,208,32119,0.25,0,1,527844,527636,208
29675041,24,24.0882,208,29199,0.25,0,1,527868,527660,208
29677961,24,24.0772,208,29199,0.23,0,1,527892,527684,208
29680881,24,24.0675,208,29199,0.23,0,1,527916,527708,208
29683801,24,24.0591,208,29199,0.21,0,1,527940,527732,208
29686721,24,24.0517,208,29199,0.21,0,1,527964,527756,208
29689641,24,23.2952,214,29199,0.21,0,1,527988,527774,214
29692561,24,22.6333,220,29199,0.21,0,1,528012,527792,220
29695481,24,22.0542,226,29199,0.21,0,1,528036,527810,226
29698401,24,21.5474,232,29199,0.21,0,1,528060,527828,232
29701321,24,21.104,238,29199,0.21,0,1,528084,527846,238
29704241,24,23.216,224,29199,0.21,0,1,528108,527884,224
29707161,24,24.314,216,29199,0.21,0,1,528132,527916,216
29710081,24,25.2747,208,29199,0.21,0,1,528156,527948,208
29713001,24,25.1154,208,29199,0.21,0,1,528180,527972,208
29715921,24,24.976,208,29199,0.21,0,1,528204,527996,208
29718841,24,24.854,208,29199,0.21,0,1,528228,528020,208
29721761,24,24.7472,208,29199,0.21,0,1,528252,528044,208
29724681,24,24.6538,208,29199,0.21,0,1,528276,528068,208
29727601,24,24.5721,208,29199,0.21,0,1,528300,528092,208
29730521,24,24.5006,208,29199,0.21,0,1,528324,528116,208
29733441,24,24.438,208,29199,0.21,0,1,528348,528140,208
29736361,24,24.3833,208,29199,0.21,0,1,528372,528164,208
29739281,24,24.3354,208,29199,0.21,0,1,528396,528188,208
29742201,24,24.2934,208,29199,0.21,0,1,528420,528212,208
29745121,24,24.2568,208,29199,0.21,0,1,528444,528236,208
29748041,24,24.2247,208,29199,0.21,0,1,528468,528260,208
29750961,24,24.1966,208,29199,0.21,0,1,528492,528284,208
29753881,24,24.172,208,29199,0.21,0,1,528516,528308,208
29756801,24,24.1505,208,32119,0.21,0,1,528540,528332,208
29759721,24,24.1317,208,32119,0.23,0,1,528564,528356,208
29762641,24,24.1152,208,32119,0.23,0,1,528588,528380,208
29765561,24,24.1008,208,32119,0.25,0,1,528612,528404,208
29768481,24,24.0882,208,29199,0.25,0,1,528636,528428,208
29771401,24,24.0772,208,29199,0.23,0,1,528660,528452,208
29774321,24,24.0675,208,29199,0.23,0,1,528684,528476,208
29777241,24,24.0591,208,29199,0.21,0,1,528708,528500,208
29780161,24,24.0517,208,29199,0.21,0,1,528732,528524,208
29783081,24,23.2953,214,29199,0.21,0,1,528756,528542,214
29786001,24,22.6333,220,29199,0.21,0,1,528780,528560,220
29788921,24,22.0542,226,29199,0.21,0,1,528804,528578,226
29791841,24,21.5474,232,29199,0.21,0,1,528828,528596,232
29794761,24,21.104,238,29199,0.21,0,1,528852,528614,238
29797681,24,23.216,224,29199,0.21,0,1,528876,528652,224
29800601,24,24.314,216,29199,0.21,0,1,528900,528684,216
29803521,24,25.2747,208,29199,0.21,0,1,528924,528716,208
29806441,24,25.1154,208,29199,0.21,0,1,528948,528740,208
29809361,24,24.976,208,29199,0.21,0,1,528972,528764,208
29812281,24,24.854,208,29199,0.21,0,1,528996,528788,208
29815201,24,24.7472,208,29199,0.21,0,1,529020,528812,208
29818121,24,24.6538,208,29199,0.21,0,1,529044,528836,208
29821041,24,24.5721,208,29199,0.21,0,1,529068,528860,208
29823961,24,24.5006,208,29199,0.21,0,1,529092,528884,208
29826881,24,24.438,208,29199,0.21,0,1,529116,528908,208
29829801,24,24.3833,208,29199,0.21,0,1,529140,528932,208
29832721,24,24.3354,208,29199,0.21,0,1,529164,528956,208
29835641,24,24.2934,208,29199,0.21,0,1,529188,528980,208
29838561,24,24.2568,208,29199,0.21,0,1,529212,529004,208
29841481,24,24.2247,208,29199,0.21,0,1,529236,529028,208
29844401,24,24.1966,208,29199,0.21,0,1,529260,529052,208
29847321,24,24.172,208,5840,0.19,0,1,529284,529076,208
29850241,24,24.1505,208,5840,0.15,0,1,529308,529100,208
29853161,24,24.1317,208,5840,0.11,0,1,529332,529124,208
29856081,24,24.1152,208,5840,0.07,0,1,529356,529148,208
29859001,24,24.1008,208,5840,0.03,0,1,529380,529172,208
29861921,24,24.0882,208,5840,0,0,1,529404,529196,208
29864841,24,24.0772,208,5840,0,0,1,529428,529220,208
29867761,24,24.0675,208,5840,0.01,0,1,529452,529244,208
29870681,28.5,44.0591,84,5840,0,0,1,529512,529428,84
29873601,27.9375,41.5517,84,5840,0.01,0,1,529536,529452,84
29876521,31.9453,43.8578,84,5840,0,0,1,529596,529512,84
29879441,30.9521,41.3755,84,5840,0.01,0,1,529620,529536,84
29882361,34.5831,43.7036,84,39419,0.01,0,1,529680,529596,84
29885281,33.2602,41.2406,84,42339,0.01,0,1,529704,529620,84
29888201,32.1027,39.0856,84,40879,0.01,0,1,529728,529644,84
29891121,31.0899,37.1999,84,39176,0.01,0,1,529752,529668,84
29894041,30.2036,35.5499,84,37716,0.01,0,1,529776,529692,84
29896961,29.4282,34.1061,84,36256,0.01,0,1,529800,529716,84
29899881,28.7497,32.8429,84,35039,0.01,0,1,529824,529740,84
29902801,28.156,31.7375,84,34066,0.01,0,1,529848,529764,84
29905721,27.6365,30.7703,84,33093,0.01,0,1,529872,529788,84
29908641,27.1819,29.924,84,32363,0.01,0,1,529896,529812,84
29911561,26.7842,29.1835,84,31633,0.01,0,1,529920,529836,84
29914481,26.4361,28.5356,84,31146,0.01,0,1,529944,529860,84
29917401,26.1316,27.9686,84,30659,0.01,0,1,529968,529884,84
29920321,25.8652,27.4726,84,30173,0.01,0,1,529992,529908,84
29923241,25.632,27.0385,84,29686,0.01,0,1,530016,529932,84
29926161,25.428,26.6587,84,29443,0.01,0,1,530040,529956,84
29929081,25.2495,26.3263,84,29199,0.01,0,1,530064,529980,84
29932001,25.0933,26.0356,84,28956,0.01,0,1,530088,530004,84
29934921,24.9567,25.7811,84,28713,0.01,0,1,530112,530028,84
29937841,24.8371,25.5585,84,28469,0,0,1,530136,530052,84
29940761,24.7324,25.3637,84,28226,0,0,1,530160,530076,84
29942641,23.5159,25.1932,75,25915,0,0,1,530175,530100,75
29945561,329.701,329.919,85,27795,0.01,0,1,532648,532563,85
29948481,291.739,291.929,85,28397,0.02,0,1,532674,532589,85
29951401,258.521,258.688,85,28397,0.02,0,1,532700,532615,85
29954321,229.456,229.602,85,28397,0.03,0,1,532726,532641,85
29957241,203.774,203.777,86,28397,0.03,0,1,532750,532664,86
29960161,181.302,180.805,90,28397,0.04,0,1,532774,532684,90
29963081,161.64,160.704,94,28397,0.05,0,1,532798,532704,94
29966001,144.435,143.116,98,28397,0.05,0,1,532822,532724,98
29968921,129.38,127.727,102,26377,0.06,0,1,532846,532744,102
29971841,116.208,114.261,106,26377,0.06,0,1,532870,532764,106
29974761,104.682,102.478,110,29297,0.07,0,1,532894,532784,110
29977681,94.5966,92.1684,114,30416,0.07,0,1,532918,532804,114
29980601,85.772,83.1473,118,30416,0.09,0,1,532942,532824,118
29983521,78.0505,75.7539,118,30416,0.11,0,1,532966,532848,118
29986441,71.2942,69.2847,118,30416,0.11,0,1,532990,532872,118
29989361,65.3824,62.8741,124,27496,0.13,0,1,533014,532890,124
29992281,60.2096,57.2648,130,27496,0.11,0,1,533038,532908,130
29995201,55.6834,52.3567,136,27496,0.11,0,1,533062,532926,136
29998121,51.723,48.0621,142,27496,0.09,0,1,533086,532944,142
30001041,48.2576,44.3044,148,27496,0.09,0,1,533110,532962,148
30003961,45.2254,41.0163,154,27496,0.09,0,1,533134,532980,154
30006881,42.5722,38.1393,160,27496,0.09,0,1,533158,532998,160
30009801,40.2507,37.3719,152,27496,0.09,0,1,533182,533030,152
30012721,38.2194,36.7004,144,27496,0.09,0,1,533206,533062,144
30015641,36.4419,36.1128,136,27496,0.09,0,1,533230,533094,136
30018561,34.8867,34.5987,136,27496,0.09,0,1,533254,533118,136
30021481,33.5259,33.2739,136,27496,0.09,0,1,533278,533142,136
30024401,32.3351,32.1147,136,27496,0.09,0,1,533302,533166,136
30027321,31.2932,31.1003,136,27496,0.09,0,1,533326,533190,136
30030241,30.3816,30.2128,136,27496,0.09,0,1,533350,533214,136
30033161,29.5839,29.4362,136,27496,0.09,0,1,533374,533238,136
30036081,28.8859,28.7567,136,27496,0.09,0,1,533398,533262,136
30039001,28.2752,28.1621,136,27496,0.09,0,1,533422,533286,136
30041921,27.7408,27.6418,136,27496,0.09,0,1,533446,533310,136
30044841,27.2732,27.1866,136,27496,0.09,0,1,533470,533334,136
30047761,26.864,26.7883,136,27496,0.09,0,1,533494,533358,136
30050681,26.506,26.4397,136,27496,0.09,0,1,533518,533382,136
30053601,26.1928,26.1348,136,27496,0.09,0,1,533542,533406,136
30056521,25.9187,25.8679,136,27496,0.09,0,1,533566,533430,136
30059441,25.6788,25.6344,136,27496,0.09,0,1,533590,533454,136
30062361,25.469,25.4301,136,27496,0.09,0,1,533614,533478,136
30065281,25.2854,25.2514,136,27496,0.09,0,1,533638,533502,136
30068201,25.1247,25.0949,136,27496,0.09,0,1,533662,533526,136
30071121,24.9841,24.9581,136,30416,0.09,0,1,533686,533550,136
30074041,24.8611,24.8383,136,30416,0.11,0,1,533710,533574,136
30076961,24.7535,24.7335,136,30416,0.11,0,1,533734,533598,136
30079881,24.6593,24.6418,136,30416,0.13,0,1,533758,533622,136
30082801,24.5769,24.5616,136,27496,0.13,0,1,533782,533646,136
30085721,24.5048,24.4914,136,27496,0.13,0,1,533806,533670,136
30088641,24.4417,23.68,142,27496,0.11,0,1,533830,533688,142
30091561,24.3865,22.97,148,27496,0.11,0,1,533854,533706,148
30094481,24.3381,22.3487,154,27496,0.1,0,1,533878,533724,154
30097401,24.2959,21.8051,160,27496,0.1,0,1,533902,533742,160
30100321,24.2589,21.3295,166,27496,0.1,0,1,533926,533760,166
30103241,24.2265,22.6633,158,27496,0.1,0,1,533950,533792,158
30106161,24.1982,23.8304,150,27496,0.1,0,1,533974,533824,150
30109081,24.1734,24.8516,142,27496,0.1,0,1,533998,533856,142
30112001,24.1518,24.7451,142,27496,0.1,0,1,534022,533880,142
30114921,24.1328,24.652,142,27496,0.1,0,1,534046,533904,142
30117841,24.1162,24.5705,142,27496,0.1,0,1,534070,533928,142
30120761,24.1017,24.4992,142,27496,0.1,0,1,534094,533952,142
30123681,24.089,24.4368,142,27496,0.1,0,1,534118,533976,142
30126601,24.0778,24.3822,142,27496,0.1,0,1,534142,534000,142
30129521,24.0681,24.3344,142,27496,0.1,0,1,534166,534024,142
30132441,24.0596,24.2926,142,27496,0.1,0,1,534190,534048,142
30135361,24.0521,24.256,142,27496,0.1,0,1,534214,534072,142
30138281,24.0456,24.224,142,27496,0.1,0,1,534238,534096,142
30141201,24.0399,24.196,142,27496,0.1,0,1,534262,534120,142
30144121,24.0349,24.1715,142,27496,0.1,0,1,534286,534144,142
30147041,24.0306,24.1501,142,27496,0.1,0,1,534310,534168,142
30149961,24.0267,24.1313,142,27496,0.1,0,1,534334,534192,142
30152881,24.0234,24.1149,142,27496,0.1,0,1,534358,534216,142
30155801,24.0205,24.1005,142,27496,0.1,0,1,534382,534240,142
30158721,24.0179,24.088,142,27496,0.1,0,1,534406,534264,142
30161641,24.0157,24.077,142,27496,0.1,0,1,534430,534288,142
30164561,24.0137,24.0674,142,30416,0.11,0,1,534454,534312,142
30167481,24.012,24.0589,142,30416,0.11,0,1,534478,534336,142
30170401,24.0105,24.0516,142,30416,0.13,0,1,534502,534360,142
30173321,24.0092,24.0451,142,30416,0.15,0,1,534526,534384,142
30176241,24.008,24.0395,142,27496,0.15,0,1,534550,534408,142
30179161,24.007,24.0345,142,27496,0.15,0,1,534574,534432,142
30182081,24.0062,23.2802,148,27496,0.13,0,1,534598,534450,148
30185001,24.0054,22.6202,154,27496,0.13,0,1,534622,534468,154
30187921,24.0047,22.0427,160,27496,0.11,0,1,534646,534486,160
30190841,24.0041,21.5373,166,27496,0.11,0,1,534670,534504,166
30193761,24.0036,21.0952,172,27496,0.11,0,1,534694,534522,172
30196681,24.0032,21.5833,171,27496,0.11,0,1,534718,534547,171
30199601,24.0028,22.8854,163,27496,0.11,0,1,534742,534579,163
30202521,24.0024,24.0247,155,27496,0.11,0,1,534766,534611,155
30205441,24.0021,24.5216,151,27496,0.11,0,1,534790,534639,151
30208361,24.0019,24.4564,151,27496,0.11,0,1,534814,534663,151
30211281,24.0016,24.3994,151,27496,0.11,0,1,534838,534687,151
30214201,24.0014,24.3494,151,27496,0.11,0,1,534862,534711,151
30217121,24.0012,24.3058,151,27496,0.11,0,1,534886,534735,151
30220041,24.0011,24.2675,151,27496,0.11,0,1,534910,534759,151
30222961,24.0009,24.2341,151,27496,0.11,0,1,534934,534783,151
30225881,24.0008,24.2048,151,27496,0.11,0,1,534958,534807,151
30228801,24.0007,24.1792,151,27496,0.11,0,1,534982,534831,151
30231721,24.0006,24.1568,151,27496,0.11,0,1,535006,534855,151
30234641,24.0006,24.1372,151,27496,0.11,0,1,535030,534879,151
30237561,24.0005,24.1201,151,27496,0.11,0,1,535054,534903,151
30240481,24.0004,24.1051,151,27496,0.11,0,1,535078,534927,151
30243401,24.0004,24.0919,151,27496,0.11,0,1,535102,534951,151
30246321,24.0003,24.0804,151,27496,0.11,0,1,535126,534975,151
30249241,24.0003,24.0704,151,27496,0.11,0,1,535150,534999,151
30252161,24.0002,24.0616,151,27496,0.11,0,1,535174,535023,151
30255081,24.0002,24.0539,151,27496,0.11,0,1,535198,535047,151
30258001,24.0002,24.0472,151,30416,0.11,0,1,535222,535071,151
30260921,24.0002,24.0413,151,30416,0.13,0,1,535246,535095,151
30263841,24.0001,24.0361,151,30416,0.15,0,1,535270,535119,151
30266761,24.0001,24.0316,151,30416,0.15,0,1,535294,535143,151
30269681,24.0001,24.0276,151,27496,0.17,0,1,535318,535167,151
30272601,24.0001,24.0242,151,27496,0.15,0,1,535342,535191,151
30275521,24.0001,23.6462,154,27496,0.15,0,1,535366,535212,154
30278441,24.0001,22.9404,160,27496,0.13,0,1,535390,535230,160
30281361,24.0001,22.3228,166,27496,0.13,0,1,535414,535248,166
30284281,24.0001,21.7825,172,27496,0.13,0,1,535438,535266,172
30287201,24.0001,21.3097,178,27496,0.13,0,1,535462,535284,178
30290121,24,20.896,184,27496,0.13,0,1,535486,535302,184
30293041,24,22.284,176,27496,0.13,0,1,535510,535334,176
30295961,24,23.4985,168,27496,0.13,0,1,535534,535366,168
30298881,24,24.5612,160,27496,0.13,0,1,535558,535398,160
30301801,24,24.491,160,27496,0.13,0,1,535582,535422,160
30304721,24,24.4296,160,27496,0.13,0,1,535606,535446,160
30307641,24,24.3759,160,27496,0.13,0,1,535630,535470,160
30310561,24,24.3289,160,27496,0.13,0,1,535654,535494,160
30313481,24,24.2878,160,27496,0.13,0,1,535678,535518,160
30316401,24,24.2518,160,27496,0.13,0,1,535702,535542,160
30319321,24,24.2204,160,27496,0.13,0,1,535726,535566,160
30322241,24,24.1928,160,27496,0.13,0,1,535750,535590,160
30325161,24,24.1687,160,27496,0.13,0,1,535774,535614,160
30328081,24,24.1476,160,27496,0.13,0,1,535798,535638,160
30331001,24,24.1292,160,27496,0.13,0,1,535822,535662,160
30333921,24,24.113,160,27496,0.13,0,1,535846,535686,160
30336841,24,24.0989,160,27496,0.13,0,1,535870,535710,160
30339761,24,24.0865,160,27496,0.13,0,1,535894,535734,160
30342681,24,24.0757,160,27496,0.13,0,1,535918,535758,160
30345601,24,24.0663,160,27496,0.13,0,1,535942,535782,160
30348521,24,24.058,160,27496,0.13,0,1,535966,535806,160
30351441,24,24.0507,160,30416,0.13,0,1,535990,535830,160
30354361,24,24.0444,160,30416,0.15,0,1,536014,535854,160
30357281,24,24.0388,160,30416,0.15,0,1,536038,535878,160
30360201,24,24.034,160,30416,0.17,0,1,536062,535902,160
30363121,24,24.0297,160,27496,0.17,0,1,536086,535926,160
30366041,24,24.026,160,27496,0.17,0,1,536110,535950,160
30368961,24,24.0228,160,27496,0.15,0,1,536134,535974,160
30371881,24,23.2699,166,27496,0.15,0,1,536158,535992,166
30374801,24,22.6112,172,27496,0.14,0,1,536182,536010,172
30377721,24,22.0348,178,27496,0.14,0,1,536206,536028,178
30380641,24,21.5304,184,27496,0.14,0,1,536230,536046,184
30383561,24,21.0891,190,27496,0.14,0,1,536254,536064,190
30386481,24,22.453,182,27496,0.14,0,1,536278,536096,182
30389401,24,23.6464,174,27496,0.14,0,1,536302,536128,174
30392321,24,24.6906,166,27496,0.14,0,1,536326,536160,166
30395241,24,24.6042,166,27496,0.14,0,1,536350,536184,166
30398161,24,24.5287,166,27496,0.14,0,1,536374,536208,166
30401081,24,24.4626,166,27496,0.14,0,1,536398,536232,166
30404001,24,24.4048,166,27496,0.14,0,1,536422,536256,166
30406921,24,24.3542,166,27496,0.14,0,1,536446,536280,166
30409841,24,24.3099,166,27496,0.14,0,1,536470,536304,166
30412761,24,24.2712,166,27496,0.14,0,1,536494,536328,166
30415681,24,24.2373,166,27496,0.14,0,1,536518,536352,166
30418601,24,24.2076,166,27496,0.14,0,1,536542,536376,166
30421521,24,24.1817,166,27496,0.14,0,1,536566,536400,166
30424441,24,24.159,166,27496,0.14,0,1,536590,536424,166
30427361,24,24.1391,166,27496,0.14,0,1,536614,536448,166
30430281,24,24.1217,166,27496,0.14,0,1,536638,536472,166
30433201,24,24.1065,166,27496,0.14,0,1,536662,536496,166
30436121,24,24.0932,166,27496,0.14,0,1,536686,536520,166
30439041,24,24.0815,166,27496,0.14,0,1,536710,536544,166
30441961,24,24.0713,166,27496,0.14,0,1,536734,536568,166
30444881,24,24.0624,166,30416,0.15,0,1,536758,536592,166
30447801,24,24.0546,166,30416,0.15,0,1,536782,536616,166
30450721,24,24.0478,166,30416,0.17,0,1,536806,536640,166
30453641,24,24.0418,166,30416,0.19,0,1,536830,536664,166
30456561,24,24.0366,166,27496,0.19,0,1,536854,536688,166
30459481,24,24.032,166,27496,0.19,0,1,536878,536712,166
30462401,24,24.028,166,27496,0.17,0,1,536902,536736,166
30465321,24,23.2745,172,27496,0.17,0,1,536926,536754,172
30468241,24,22.6152,178,27496,0.15,0,1,536950,536772,178
30471161,24,22.0383,184,27496,0.15,0,1,536974,536790,184
30474081,24,21.5335,190,27496,0.15,0,1,536998,536808,190
30477001,24,21.0918,196,27496,0.15,0,1,537022,536826,196
30479921,24,21.5803,195,27496,0.15,0,1,537046,536851,195
30482841,24,22.8828,187,27496,0.15,0,1,537070,536883,187
30485761,24,24.0225,179,27496,0.15,0,1,537094,536915,179
30488681,24,24.5196,175,27496,0.15,0,1,537118,536943,175
30491601,24,24.4547,175,27496,0.15,0,1,537142,536967,175
30494521,24,24.3979,175,27496,0.15,0,1,537166,536991,175
30497441,24,24.3481,175,27496,0.15,0,1,537190,537015,175
30500361,24,24.3046,175,27496,0.15,0,1,537214,537039,175
30503281,24,24.2665,175,27496,0.15,0,1,537238,537063,175
30506201,24,24.2332,175,27496,0.15,0,1,537262,537087,175
30509121,24,24.2041,175,27496,0.15,0,1,537286,537111,175
30512041,24,24.1786,175,27496,0.15,0,1,537310,537135,175
30514961,24,24.1562,175,27496,0.15,0,1,537334,537159,175
30517881,24,24.1367,175,27496,0.15,0,1,537358,537183,175
30520801,24,24.1196,175,27496,0.15,0,1,537382,537207,175
30523721,24,24.1047,175,27496,0.15,0,1,537406,537231,175
30526641,24,24.0916,175,27496,0.15,0,1,537430,537255,175
30529561,24,24.0801,175,27496,0.15,0,1,537454,537279,175
30532481,24,24.0701,175,27496,0.15,0,1,537478,537303,175
30535401,24,24.0614,175,27496,0.15,0,1,537502,537327,175
30538321,24,24.0537,175,30416,0.15,0,1,537526,537351,175
30541241,24,24.047,175,30416,0.17,0,1,537550,537375,175
30544161,24,24.0411,175,30416,0.19,0,1,537574,537399,175
30547081,24,24.036,175,30416,0.19,0,1,537598,537423,175
30550001,24,24.0315,175,27496,0.21,0,1,537622,537447,175
30552921,24,24.0275,175,27496,0.19,0,1,537646,537471,175
30555841,24,24.0241,175,27496,0.19,0,1,537670,537495,175
30558761,24,23.6461,178,27496,0.17,0,1,537694,537516,178
30561681,24,22.9403,184,27496,0.17,0,1,537718,537534,184
30564601,24,22.3228,190,27496,0.17,0,1,537742,537552,190
30567521,24,21.7824,196,27496,0.17,0,1,537766,537570,196
30570441,24,21.3096,202,27496,0.17,0,1,537790,537588,202
30573361,24,20.8959,208,27496,0.17,0,1,537814,537606,208
30576281,24,22.2839,200,27496,0.17,0,1,537838,537638,200
30579201,24,23.4984,192,27496,0.17,0,1,537862,537670,192
30582121,24,24.5611,184,27496,0.17,0,1,537886,537702,184
30585041,24,24.491,184,27496,0.17,0,1,537910,537726,184
30587961,24,24.4296,184,27496,0.17,0,1,537934,537750,184
30590881,24,24.3759,184,27496,0.17,0,1,537958,537774,184
30593801,24,24.3289,184,27496,0.17,0,1,537982,537798,184
30596721,24,24.2878,184,27496,0.17,0,1,538006,537822,184
30599641,24,24.2518,184,27496,0.17,0,1,538030,537846,184
30602561,24,24.2204,184,27496,0.17,0,1,538054,537870,184
30605481,24,24.1928,184,27496,0.17,0,1,538078,537894,184
30608401,24,24.1687,184,27496,0.17,0,1,538102,537918,184
30611321,24,24.1476,184,27496,0.17,0,1,538126,537942,184
30614241,24,24.1292,184,27496,0.17,0,1,538150,537966,184
30617161,24,24.113,184,27496,0.17,0,1,538174,537990,184
30620081,24,24.0989,184,27496,0.17,0,1,538198,538014,184
30623001,24,24.0865,184,27496,0.17,0,1,538222,538038,184
30625921,24,24.0757,184,27496,0.17,0,1,538246,538062,184
30628841,24,24.0663,184,27496,0.17,0,1,538270,538086,184
30631761,24,24.058,184,30416,0.17,0,1,538294,538110,184
30634681,24,24.0507,184,30416,0.19,0,1,538318,538134,184
30637601,24,24.0444,184,30416,0.19,0,1,538342,538158,184
30640521,24,24.0388,184,30416,0.21,0,1,538366,538182,184
30643441,24,24.034,184,27496,0.21,0,1,538390,538206,184
30646361,24,24.0297,184,27496,0.21,0,1,538414,538230,184
30649281,24,24.026,184,27496,0.19,0,1,538438,538254,184
30652201,24,24.0228,184,27496,0.19,0,1,538462,538278,184
30655121,24,23.2699,190,27496,0.18,0,1,538486,538296,190
30658041,24,22.6112,196,27496,0.18,0,1,538510,538314,196
30660961,24,22.0348,202,27496,0.18,0,1,538534,538332,202
30663881,24,21.5304,208,27496,0.18,0,1,538558,538350,208
30666801,24,21.0891,214,27496,0.18,0,1,538582,538368,214
30669721,24,22.453,206,27496,0.18,0,1,538606,538400,206
30672641,24,23.6464,198,27496,0.18,0,1,538630,538432,198
30675561,24,24.6906,190,27496,0.18,0,1,538654,538464,190
30678481,24,24.6042,190,27496,0.18,0,1,538678,538488,190
30681401,24,24.5287,190,27496,0.18,0,1,538702,538512,190
30684321,24,24.4626,190,27496,0.18,0,1,538726,538536,190
30687241,24,24.4048,190,27496,0.18,0,1,538750,538560,190
30690161,24,24.3542,190,27496,0.18,0,1,538774,538584,190
30693081,24,24.3099,190,27496,0.18,0,1,538798,538608,190
30696001,24,24.2712,190,27496,0.18,0,1,538822,538632,190
30698921,24,24.2373,190,27496,0.18,0,1,538846,538656,190
30701841,24,24.2076,190,27496,0.18,0,1,538870,538680,190
30704761,24,24.1817,190,27496,0.18,0,1,538894,538704,190
30707681,24,24.159,190,27496,0.18,0,1,538918,538728,190
30710601,24,24.1391,190,27496,0.18,0,1,538942,538752,190
30713521,24,24.1217,190,27496,0.18,0,1,538966,538776,190
30716441,24,24.1065,190,27496,0.18,0,1,538990,538800,190
30719361,24,24.0932,190,27496,0.18,0,1,539014,538824,190
30722281,24,24.0815,190,27496,0.18,0,1,539038,538848,190
30725201,24,24.0713,190,30416,0.19,0,1,539062,538872,190
30728121,24,24.0624,190,30416,0.19,0,1,539086,538896,190
30731041,24,24.0546,190,30416,0.21,0,1,539110,538920,190
30733961,24,24.0478,190,30416,0.23,0,1,539134,538944,190
30736881,24,24.0418,190,27496,0.23,0,1,539158,538968,190
30739801,24,24.0366,190,27496,0.21,0,1,539182,538992,190
30742721,24,24.032,190,27496,0.21,0,1,539206,539016,190
30745641,24,24.028,190,27496,0.19,0,1,539230,539040,190
30748561,24,23.2745,196,27496,0.19,0,1,539254,539058,196
30751481,24,22.6152,202,27496,0.19,0,1,539278,539076,202
30754401,24,22.0383,208,27496,0.19,0,1,539302,539094,208
30757321,24,21.5335,214,27496,0.19,0,1,539326,539112,214
30760241,24,21.0918,220,27496,0.19,0,1,539350,539130,220
30763161,24,21.9553,216,27496,0.19,0,1,539374,539158,216
30766081,24,23.2109,208,27496,0.19,0,1,539398,539190,208
30769001,24,24.3096,200,27496,0.19,0,1,539422,539222,200
30771921,24,24.7709,196,27496,0.18,0,1,539446,539250,196
30774841,24,24.6745,196,27496,0.14,0,1,539470,539274,196
30777761,24,24.5902,196,27496,0.1,0,1,539494,539298,196
30780681,24,24.5164,196,27496,0.06,0,1,539518,539322,196
30783601,24,24.4519,196,27496,0.02,0,1,539542,539346,196
30786521,24,24.3954,196,27496,0,0,1,539566,539370,196
30789441,24,24.346,196,27496,0,0,1,539590,539394,196
30791281,22.875,24.3027,187,27496,0,0,1,539605,539418,187
30794201,1033.27,1047.39,84,27496,0.01,0,1,547711,547627,84
30797121,907.107,919.466,84,30416,0.01,0,1,547735,547651,84
30800041,796.719,807.533,84,33336,0.01,0,1,547759,547675,84
30802961,700.129,709.591,84,36256,0.01,0,1,547783,547699,84
30805881,615.613,623.892,84,39176,0.01,0,1,547807,547723,84
30808801,541.661,548.906,84,41123,0.01,0,1,547831,547747,84
30811721,476.954,483.293,84,39419,0.01,0,1,547855,547771,84
30814641,420.334,425.881,84,40879,0.01,0,1,547879,547795,84
30817561,370.793,375.646,84,39419,0.01,0,1,547903,547819,84
30820481,327.444,331.69,84,38203,0.03,0,1,547927,547843,84
30823401,289.513,293.229,84,37229,0.05,0,1,547951,547867,84
30826321,256.324,258.825,90,36256,0.05,0,1,547975,547885,90
30829241,227.283,228.722,96,35526,0.07,0,1,547999,547903,96
30832161,201.873,202.382,102,35283,0.09,0,1,548023,547921,102
30835081,179.639,179.334,108,35039,0.09,0,1,548047,547939,108
30838001,160.184,159.167,114,35039,0.11,0,1,548071,547957,114
30840921,143.161,141.521,120,35039,0.13,0,1,548095,547975,120
30843841,128.266,126.081,126,35039,0.13,0,1,548119,547993,126
30846761,115.233,112.571,132,35039,0.15,0,1,548143,548011,132
30849681,103.829,100.75,138,35039,0.17,0,1,548167,548029,138
30852601,93.85,90.406,144,32119,0.17,0,1,548191,548047,144
30855521,85.1188,81.3552,150,32119,0.16,0,1,548215,548065,150
30858441,77.4789,73.4358,156,32119,0.15,0,1,548239,548083,156
30861361,70.7941,66.5064,162,32119,0.14,0,1,548263,548101,162
30864281,64.9448,60.4431,168,32119,0.13,0,1,548287,548119,168
30867201,59.8267,55.1377,174,32119,0.12,0,1,548311,548137,174
30870121,55.3484,50.4955,180,32119,0.12,0,1,548335,548155,180
30873041,51.4298,46.4335,186,32119,0.12,0,1,548359,548173,186
30875961,48.0011,44.6293,178,32119,0.12,0,1,548383,548205,178
30878881,45.001,43.0507,170,32119,0.12,0,1,548407,548237,170
30881801,42.3758,41.6693,162,32119,0.12,0,1,548431,548269,162
30884721,40.0789,40.4607,154,32119,0.12,0,1,548455,548301,154
30887641,38.069,38.4031,154,32119,0.12,0,1,548479,548325,154
30890561,36.3104,36.6027,154,32119,0.12,0,1,548503,548349,154
30893481,34.7716,35.0274,154,32119,0.12,0,1,548527,548373,154
30896401,33.4251,33.6489,154,32119,0.12,0,1,548551,548397,154
30899321,32.247,32.4428,154,32119,0.12,0,1,548575,548421,154
30902241,31.2161,31.3875,154,32119,0.12,0,1,548599,548445,154
30905161,30.3141,30.464,154,32119,0.12,0,1,548623,548469,154
30908081,29.5248,29.656,154,32119,0.12,0,1,548647,548493,154
30911001,28.8342,28.949,154,32119,0.12,0,1,548671,548517,154
30913921,28.23,28.3304,154,32119,0.12,0,1,548695,548541,154
30916841,27.7012,27.7891,154,32119,0.12,0,1,548719,548565,154
30919761,27.2386,27.3155,154,32119,0.12,0,1,548743,548589,154
30922681,26.8337,26.901,154,32119,0.12,0,1,548767,548613,154
30925601,26.4795,26.5384,154,32119,0.12,0,1,548791,548637,154
30928521,26.1696,26.2211,154,32119,0.12,0,1,548815,548661,154
30931441,25.8984,25.9435,154,32119,0.12,0,1,548839,548685,154
30934361,25.6611,25.7005,154,32119,0.12,0,1,548863,548709,154
30937281,25.4534,25.488,154,32119,0.12,0,1,548887,548733,154
30940201,25.2718,25.302,154,32119,0.12,0,1,548911,548757,154
30943121,25.1128,25.1392,154,32119,0.12,0,1,548935,548781,154
30946041,24.9737,24.9968,154,32119,0.12,0,1,548959,548805,154
30948961,24.852,24.8722,154,32119,0.12,0,1,548983,548829,154
30951881,24.7455,24.7632,154,32119,0.12,0,1,549007,548853,154
30954801,24.6523,24.6678,154,35039,0.13,0,1,549031,548877,154
30957721,24.5708,24.5843,154,35039,0.13,0,1,549055,548901,154
30960641,24.4994,24.5113,154,35039,0.15,0,1,549079,548925,154
30963561,24.437,24.4474,154,35039,0.17,0,1,549103,548949,154
30966481,24.3824,24.3914,154,35039,0.17,0,1,549127,548973,154
30969401,24.3346,24.3425,154,32119,0.19,0,1,549151,548997,154
30972321,24.2927,23.9247,157,32119,0.17,0,1,549175,549018,157
30975241,24.2562,23.1841,163,32119,0.17,0,1,549199,549036,163
30978161,24.2241,22.5361,169,32119,0.15,0,1,549223,549054,169
30981081,24.1961,21.9691,175,32119,0.15,0,1,549247,549072,175
30984001,24.1716,21.473,181,32119,0.13,0,1,549271,549090,181
30986921,24.1502,21.0388,187,32119,0.13,0,1,549295,549108,187
30989841,24.1314,20.659,193,32119,0.13,0,1,549319,549126,193
30992761,24.115,21.2016,192,32119,0.13,0,1,549343,549151,192
30995681,24.1006,22.5514,184,32119,0.13,0,1,549367,549183,184
30998601,24.088,23.7325,176,32119,0.13,0,1,549391,549215,176
31001521,24.077,24.7659,168,32119,0.13,0,1,549415,549247,168
31004441,24.0674,25.1702,164,32119,0.13,0,1,549439,549275,164
31007361,24.059,25.0239,164,32119,0.13,0,1,549463,549299,164
31010281,24.0516,24.8959,164,32119,0.13,0,1,549487,549323,164
31013201,24.0451,24.7839,164,32119,0.13,0,1,549511,549347,164
31016121,24.0395,24.6859,164,32119,0.13,0,1,549535,549371,164
31019041,24.0346,24.6002,164,32119,0.13,0,1,549559,549395,164
31021961,24.0302,24.5252,164,32119,0.13,0,1,549583,549419,164
31024881,24.0265,24.4595,164,32119,0.13,0,1,549607,549443,164
31027801,24.0232,24.4021,164,32119,0.13,0,1,549631,549467,164
31030721,24.0203,24.3518,164,32119,0.13,0,1,549655,549491,164
31033641,24.0177,24.3078,164,32119,0.13,0,1,549679,549515,164
31036561,24.0155,24.2694,164,32119,0.13,0,1,549703,549539,164
31039481,24.0136,24.2357,164,32119,0.13,0,1,549727,549563,164
31042401,24.0119,24.2062,164,32119,0.13,0,1,549751,549587,164
31045321,24.0104,24.1805,164,32119,0.13,0,1,549775,549611,164
31048241,24.0091,24.1579,164,32119,0.13,0,1,549799,549635,164
31051161,24.008,24.1382,164,32119,0.13,0,1,549823,549659,164
31054081,24.007,24.1209,164,32119,0.13,0,1,549847,549683,164
31057001,24.0061,24.1058,164,32119,0.13,0,1,549871,549707,164
31059921,24.0053,24.0926,164,32119,0.13,0,1,549895,549731,164
31062841,24.0047,24.081,164,32119,0.13,0,1,549919,549755,164
31065761,24.0041,24.0709,164,32119,0.1,0,1,549943,549779,164
31068681,24.0036,24.062,164,32119,0.06,0,1,549967,549803,164
31071601,24.0031,24.0543,164,35039,0.02,0,1,549991,549827,164
31074521,24.0027,24.0475,164,35039,0,0,1,550015,549851,164
31077441,24.0024,24.0415,164,35039,0,0,1,550039,549875,164
31079361,23.0021,24.0363,156,35039,0,0,1,550055,549899,156
31082281,895.002,904.907,84,35039,0.01,0,1,557054,556970,84
31085201,786.127,794.793,84,35039,0.01,0,1,557078,556994,84
31088121,690.861,698.444,84,35039,0.01,0,1,557102,557018,84
31091041,607.503,614.139,84,35039,0.03,0,1,557126,557042,84
31093961,534.565,540.371,84,35039,0.05,0,1,557150,557066,84
31096881,470.745,475.075,90,35039,0.05,0,1,557174,557084,90
31099801,414.902,417.941,96,35039,0.07,0,1,557198,557102,96
31102721,366.039,367.948,102,35039,0.09,0,1,557222,557120,102
31105641,323.284,324.205,108,35039,0.09,0,1,557246,557138,108
31108561,285.873,285.929,114,35039,0.11,0,1,557270,557156,114
31111481,253.139,252.438,120,35039,0.13,0,1,557294,557174,120
31114401,224.497,223.133,126,35039,0.13,0,1,557318,557192,126
31117321,199.435,197.491,132,35039,0.15,0,1,557342,557210,132
31120241,177.505,175.055,138,35039,0.17,0,1,557366,557228,138
31123161,158.317,155.423,144,32119,0.17,0,1,557390,557246,144
31126081,141.528,138.245,150,32119,0.16,0,1,557414,557264,150
31129001,126.837,123.215,156,32119,0.15,0,1,557438,557282,156
31131921,113.982,110.063,162,32119,0.14,0,1,557462,557300,162
31134841,102.734,98.5549,168,32119,0.13,0,1,557486,557318,168
31137761,92.8925,88.4856,174,32119,0.12,0,1,557510,557336,174
31140681,84.281,79.6749,180,32119,0.12,0,1,557534,557354,180
31143601,76.7458,71.9655,186,32119,0.12,0,1,557558,557372,186
31146521,70.1526,66.9698,178,32119,0.12,0,1,557582,557404,178
31149441,64.3835,62.5986,170,32119,0.12,0,1,557606,557436,170
31152361,59.3356,58.7738,162,32119,0.12,0,1,557630,557468,162
31155281,54.9186,55.427,154,32119,0.12,0,1,557654,557500,154
31158201,51.0538,51.4987,154,32119,0.12,0,1,557678,557524,154
31161121,47.6721,48.0613,154,32119,0.12,0,1,557702,557548,154
31164041,44.7131,45.0537,154,32119,0.12,0,1,557726,557572,154
31166961,42.1239,42.422,154,32119,0.12,0,1,557750,557596,154
31169881,39.8584,40.1192,154,32119,0.12,0,1,557774,557620,154
31172801,37.8761,38.1043,154,32119,0.12,0,1,557798,557644,154
31175721,36.1416,36.3413,154,32119,0.12,0,1,557822,557668,154
31178641,34.6239,34.7986,154,32119,0.12,0,1,557846,557692,154
31181561,33.2959,33.4488,154,32119,0.12,0,1,557870,557716,154
31184481,32.1339,32.2677,154,32119,0.12,0,1,557894,557740,154
31187401,31.1172,31.2342,154,32119,0.12,0,1,557918,557764,154
31190321,30.2275,30.3299,154,32119,0.12,0,1,557942,557788,154
31193241,29.4491,29.5387,154,32119,0.12,0,1,557966,557812,154
31196161,28.768,28.8464,154,32119,0.12,0,1,557990,557836,154
31199081,28.172,28.2406,154,32119,0.12,0,1,558014,557860,154
31202001,27.6505,27.7105,154,32119,0.12,0,1,558038,557884,154
31204921,27.1942,27.2467,154,32119,0.12,0,1,558062,557908,154
31207841,26.7949,26.8409,154,5840,0.09,0,1,558086,557932,154
31210761,26.4455,26.4857,154,5840,0.05,0,1,558110,557956,154
31213681,26.1398,26.175,154,5840,0.01,0,1,558134,557980,154
31216601,25.8724,25.9031,154,5840,0,0,1,558158,558004,154
31219521,25.6383,25.6653,154,5840,0,0,1,558182,558028,154
31222441,28.4335,25.4571,178,5840,0,0,1,558230,558052,178
31225361,29.3793,38.525,84,5840,0,0,1,558266,558182,84
31228281,31.7069,39.7093,84,5840,0,0,1,558314,558230,84
31231201,32.2436,39.2457,84,5840,0,0,1,558350,558266,84
31234121,34.2131,40.34,84,5840,0,0,1,558398,558314,84
31237041,34.4365,39.7975,84,37959,0.01,0,1,558434,558350,84
31239961,36.1319,40.8228,84,36499,0.01,0,1,558482,558398,84
31242881,34.6154,38.7199,84,35283,0.01,0,1,558506,558422,84
31245801,33.2885,36.8799,84,34309,0.01,0,1,558530,558446,84
31248721,32.1274,35.27,84,33336,0.01,0,1,558554,558470,84
31251641,31.1115,33.8612,84,32606,0.01,0,1,558578,558494,84
31254561,30.2226,32.6286,84,31876,0.01,0,1,558602,558518,84
31257481,29.4447,31.55,84,31146,0.01,0,1,558626,558542,84
31260401,28.7642,30.6062,84,30659,0.01,0,1,558650,558566,84
31263321,28.1686,29.7805,84,30173,0.01,0,1,558674,558590,84
31266241,27.6476,29.0579,84,26488,0.01,0,1,558698,558614,84
31269161,27.1916,28.4257,84,26279,0,0,1,558722,558638,84
31272081,26.7927,27.8725,84,26071,0.01,0,1,558746,558662,84
31275001,26.6936,27.3884,86,25862,0.01,0,1,558772,558686,86
31277921,26.8569,27.4648,86,25654,0.01,0,1,558800,558714,86
31280841,26.9998,27.5317,86,25445,0.01,0,1,558828,558742,86
31283761,27.1248,27.5903,86,25237,0.01,0,1,558856,558770,86
31286681,27.2342,27.6415,86,28157,0.01,0,1,558884,558798,86
31289601,27.3299,27.6863,86,28157,0.03,0,1,558912,558826,86
31292521,27.4137,27.7255,86,28157,0.01,0,1,558940,558854,86
31295441,26.987,27.3848,85,28157,0.01,0,1,558964,558879,85
31298361,26.6136,26.7117,87,27948,0.02,0,1,558988,558901,87
31301281,26.2869,26.1228,89,28605,0.03,0,1,559012,558923,89
31304201,26.001,25.6074,91,28605,0.03,0,1,559036,558945,91
31307121,25.7509,25.1565,93,28605,0.05,0,1,559060,558967,93
31310041,25.532,24.7619,95,28605,0.05,0,1,559084,558989,95
31312961,25.3405,24.1667,99,28605,0.05,0,1,559108,559009,99
31315881,25.173,23.6458,103,28605,0.07,0,1,559132,559029,103
31318801,25.0264,23.1901,107,28605,0.07,0,1,559156,559049,107
31321721,24.8981,22.7914,111,30903,0.09,0,1,559180,559069,111
31324641,24.7858,22.4424,115,30903,0.09,0,1,559204,559089,115
31327561,24.6876,22.1371,119,30903,0.11,0,1,559228,559109,119
31330481,24.6016,21.87,123,30903,0.13,0,1,559252,559129,123
31333401,24.5264,21.6362,127,27983,0.13,0,1,559276,559149,127
31336321,24.4606,21.3067,132,27983,0.12,0,1,559300,559168,132
31339241,24.403,20.8934,138,27983,0.11,0,1,559324,559186,138
31342161,24.3527,20.5317,144,27983,0.1,0,1,559348,559204,144
31345081,24.3086,20.2152,150,27983,0.09,0,1,559372,559222,150
31348001,24.27,19.9383,156,27983,0.09,0,1,559396,559240,156
31350921,24.2363,19.696,162,27983,0.09,0,1,559420,559258,162
31353841,24.2067,21.234,154,27983,0.09,0,1,559444,559290,154
31356761,24.1809,22.5798,146,27983,0.09,0,1,559468,559322,146
31359681,24.1583,23.7573,138,27983,0.09,0,1,559492,559354,138
31362601,24.1385,23.7876,138,27983,0.09,0,1,559516,559378,138
31365521,24.1212,23.8142,138,27983,0.09,0,1,559540,559402,138
31368441,24.106,23.8374,138,27983,0.09,0,1,559564,559426,138
31371361,24.0928,23.8577,138,27983,0.09,0,1,559588,559450,138
31374281,24.0812,23.8755,138,27983,0.09,0,1,559612,559474,138
31377201,24.071,23.8911,138,27983,0.09,0,1,559636,559498,138
31380121,24.0622,23.9047,138,27983,0.09,0,1,559660,559522,138
31383041,24.0544,23.9166,138,27983,0.09,0,1,559684,559546,138
31385961,24.0476,23.927,138,27983,0.09,0,1,559708,559570,138
31388881,24.0416,23.9362,138,27983,0.09,0,1,559732,559594,138
31391801,24.0364,23.9441,138,27983,0.09,0,1,559756,559618,138
31394721,24.0319,23.9511,138,27983,0.09,0,1,559780,559642,138
31397641,24.0279,23.9572,138,27983,0.09,0,1,559804,559666,138
31400561,24.0244,23.9626,138,27983,0.09,0,1,559828,559690,138
31403481,24.0214,23.9673,138,27983,0.09,0,1,559852,559714,138
31406401,24.0187,23.9713,138,27983,0.09,0,1,559876,559738,138
31409321,24.0164,23.9749,138,27983,0.09,0,1,559900,559762,138
31412241,24.0143,23.9781,138,27983,0.09,0,1,559924,559786,138
31415161,24.0125,23.9808,138,30903,0.09,0,1,559948,559810,138
31418081,24.011,23.9832,138,30903,0.11,0,1,559972,559834,138
31421001,24.0096,23.9853,138,30903,0.13,0,1,559996,559858,138
31423921,24.0084,23.9871,138,30903,0.13,0,1,560020,559882,138
31426841,24.0073,23.9887,138,27983,0.13,0,1,560044,559906,138
31429761,24.0064,23.9902,138,27983,0.13,0,1,560068,559930,138
31432681,24.0056,23.2414,144,27983,0.11,0,1,560092,559948,144
31435601,24.0049,22.5862,150,27983,0.11,0,1,560116,559966,150
31438521,24.0043,22.0129,156,27983,0.09,0,1,560140,559984,156
31441441,24.0038,21.5113,162,27983,0.09,0,1,560164,560002,162
31444361,24.0033,21.0724,168,27983,0.09,0,1,560188,560020,168
31447281,24.0029,22.4384,160,27983,0.09,0,1,560212,560052,160
31450201,24.0025,23.6336,152,27983,0.09,0,1,560236,560084,152
31453121,24.0022,24.6794,144,27983,0.09,0,1,560260,560116,144
31456041,24.0019,25.0944,140,27983,0.09,0,1,560284,560144,140
31458961,24.0017,24.9576,140,27983,0.09,0,1,560308,560168,140
31461881,24.0015,24.8379,140,27983,0.09,0,1,560332,560192,140
31464801,24.0013,24.7332,140,27983,0.09,0,1,560356,560216,140
31467721,24.0011,24.6415,140,27983,0.09,0,1,560380,560240,140
31470641,24.001,24.5613,140,27983,0.09,0,1,560404,560264,140
31473561,24.0009,24.4912,140,27983,0.09,0,1,560428,560288,140
31476481,24.0008,24.4298,140,27983,0.09,0,1,560452,560312,140
31479401,24.0007,24.3761,140,27983,0.09,0,1,560476,560336,140
31482321,24.0006,24.3291,140,27983,0.09,0,1,560500,560360,140
31485241,24.0005,24.2879,140,27983,0.09,0,1,560524,560384,140
31488161,24.0004,24.2519,140,27983,0.09,0,1,560548,560408,140
31491081,24.0004,24.2204,140,27983,0.09,0,1,560572,560432,140
31494001,24.0003,24.1929,140,27983,0.09,0,1,560596,560456,140
31496921,24.0003,24.1688,140,27983,0.09,0,1,560620,560480,140
31499841,24.0003,24.1477,140,27983,0.09,0,1,560644,560504,140
31502761,24.0002,24.1292,140,27983,0.09,0,1,560668,560528,140
31505681,24.0002,24.1131,140,27983,0.09,0,1,560692,560552,140
31508601,24.0002,24.0989,140,30903,0.11,0,1,560716,560576,140
31511521,24.0002,24.0866,140,30903,0.11,0,1,560740,560600,140
31514441,24.0001,24.0757,140,30903,0.13,0,1,560764,560624,140
31517361,24.0001,24.0663,140,30903,0.15,0,1,560788,560648,140
31520281,24.0001,24.058,140,27983,0.15,0,1,560812,560672,140
31523201,24.0001,24.0507,140,27983,0.13,0,1,560836,560696,140
31526121,24.0001,23.2944,146,27983,0.13,0,1,560860,560714,146
31529041,24.0001,22.6326,152,27983,0.11,0,1,560884,560732,152
31531961,24.0001,22.0535,158,27983,0.11,0,1,560908,560750,158
31534881,24.0001,21.5468,164,27983,0.11,0,1,560932,560768,164
31537801,24,21.1035,170,27983,0.11,0,1,560956,560786,170
31540721,24,21.5905,169,27983,0.11,0,1,560980,560811,169
31543641,24,22.8917,161,27983,0.11,0,1,561004,560843,161
31546561,24,24.0303,153,27983,0.11,0,1,561028,560875,153
31549481,24,24.5265,149,27983,0.11,0,1,561052,560903,149
31552401,24,24.4607,149,27983,0.11,0,1,561076,560927,149
31555321,24,24.4031,149,27983,0.11,0,1,561100,560951,149
31558241,24,24.3527,149,27983,0.11,0,1,561124,560975,149
31561161,24,24.3086,149,27983,0.11,0,1,561148,560999,149
31564081,24,24.27,149,27983,0.11,0,1,561172,561023,149
31567001,24,24.2363,149,27983,0.11,0,1,561196,561047,149
31569921,24,24.2067,149,27983,0.11,0,1,561220,561071,149
31572841,24,24.1809,149,27983,0.11,0,1,561244,561095,149
31575761,24,24.1583,149,27983,0.11,0,1,561268,561119,149
31578681,24,24.1385,149,27983,0.11,0,1,561292,561143,149
31581601,24,24.1212,149,27983,0.11,0,1,561316,561167,149
31584521,24,24.106,149,27983,0.11,0,1,561340,561191,149
31587441,24,24.0928,149,27983,0.11,0,1,561364,561215,149
31590361,24,24.0812,149,27983,0.11,0,1,561388,561239,149
31593281,24,24.071,149,27983,0.11,0,1,561412,561263,149
31596201,24,24.0622,149,27983,0.11,0,1,561436,561287,149
31599121,24,24.0544,149,27983,0.11,0,1,561460,561311,149
31602041,24,24.0476,149,30903,0.11,0,1,561484,561335,149
31604961,24,24.0416,149,30903,0.13,0,1,561508,561359,149
31607881,24,24.0364,149,30903,0.15,0,1,561532,561383,149
31610801,24,24.0319,149,30903,0.15,0,1,561556,561407,149
31613721,24,24.0279,149,27983,0.15,0,1,561580,561431,149
31616641,24,24.0244,149,27983,0.15,0,1,561604,561455,149
31619561,24,23.6464,152,27983,0.13,0,1,561628,561476,152
31622481,24,22.9406,158,27983,0.13,0,1,561652,561494,158
31625401,24,22.323,164,27983,0.13,0,1,561676,561512,164
31628321,24,21.7826,170,27983,0.1,0,1,561700,561530,170
31631241,24,21.3098,176,27983,0.06,0,1,561724,561548,176
31634161,24,21.7711,175,27983,0.02,0,1,561748,561573,175
31637081,24,23.0497,167,27983,0,0,1,561772,561605,167
31640001,24,24.1685,159,27983,0,0,1,561796,561637,159
31642001,23,24.6474,147,27983,0,0,1,561812,561665,147
31644921,505.875,515.191,84,27983,0.01,0,1,565698,565614,84
31647841,445.641,453.793,84,27983,0.01,0,1,565722,565638,84
31650761,392.936,400.068,84,27983,0.01,0,1,565746,565662,84
31653681,346.819,353.06,84,27983,0.01,0,1,565770,565686,84
31656601,306.466,311.927,84,27983,0.01,0,1,565794,565710,84
31659521,271.158,275.937,84,27983,0.01,0,1,565818,565734,84
31662441,240.263,244.444,84,27983,0.01,0,1,565842,565758,84
31665361,213.23,216.889,84,27983,0.01,0,1,565866,565782,84
31668281,189.577,192.778,84,27983,0.01,0,1,565890,565806,84
31671201,168.879,171.681,84,27983,0.01,0,1,565914,565830,84
31674121,150.77,153.22,84,27983,0.01,0,1,565938,565854,84
31677041,134.923,137.068,84,27983,0.01,0,1,565962,565878,84
31679961,121.058,122.934,84,27983,0.01,0,1,565986,565902,84
31682881,108.926,110.568,84,27983,0.01,0,1,566010,565926,84
31685801,98.31,99.7467,84,27983,0.01,0,1,566034,565950,84
31688721,89.0212,90.2783,84,27983,0.01,0,1,566058,565974,84
31691641,80.8936,81.9935,84,27983,0.01,0,1,566082,565998,84
31694561,73.7819,74.7444,84,30903,0.01,0,1,566106,566022,84
31697481,67.5591,68.4013,84,30903,0.01,0,1,566130,566046,84
31700401,62.1143,62.8511,84,30903,0.03,0,1,566154,566070,84
31703321,57.35,57.9948,84,30903,0.05,0,1,566178,566094,84
31706241,53.1812,52.9954,90,30903,0.05,0,1,566202,566112,90
31709161,49.5336,48.621,96,30903,0.07,0,1,566226,566130,96
31712081,46.3419,44.7934,102,30903,0.09,0,1,566250,566148,102
31715001,43.5491,41.4442,108,30903,0.09,0,1,566274,566166,108
31717921,41.1055,38.5137,114,30903,0.11,0,1,566298,566184,114
31720841,38.9673,35.9495,120,30903,0.13,0,1,566322,566202,120
31723761,37.0964,33.7058,126,27983,0.13,0,1,566346,566220,126
31726681,35.4593,31.7426,132,27983,0.12,0,1,566370,566238,132
31729601,34.0269,30.0247,138,27983,0.11,0,1,566394,566256,138
31732521,32.7736,28.5216,144,27983,0.1,0,1,566418,566274,144
31735441,31.6769,27.2064,150,27983,0.09,0,1,566442,566292,150
31738361,30.7173,26.0556,156,27983,0.09,0,1,566466,566310,156
31741281,29.8776,25.0487,162,27983,0.09,0,1,566490,566328,162
31744201,29.1429,25.9176,154,27983,0.09,0,1,566514,566360,154
31747121,28.5,26.6779,146,27983,0.09,0,1,566538,566392,146
31750041,27.9375,27.3432,138,27983,0.09,0,1,566562,566424,138
31752961,27.4453,26.9253,138,27983,0.09,0,1,566586,566448,138
31755881,27.0147,26.5596,138,27983,0.09,0,1,566610,566472,138
31758801,26.6378,26.2397,138,27983,0.09,0,1,566634,566496,138
31761721,26.3081,25.9597,138,27983,0.09,0,1,566658,566520,138
31764641,26.0196,25.7147,138,27983,0.09,0,1,566682,566544,138
31767561,25.7671,25.5004,138,27983,0.09,0,1,566706,566568,138
31770481,25.5463,25.3128,138,27983,0.09,0,1,566730,566592,138
31773401,25.353,25.1487,138,27983,0.09,0,1,566754,566616,138
31776321,25.1839,25.0051,138,27983,0.09,0,1,566778,566640,138
31779241,25.0359,24.8795,138,27983,0.09,0,1,566802,566664,138
31782161,24.9064,24.7696,138,27983,0.09,0,1,566826,566688,138
31785081,24.7931,24.6734,138,27983,0.09,0,1,566850,566712,138
31788001,24.694,24.5892,138,27983,0.09,0,1,566874,566736,138
31790921,24.6072,24.5155,138,27983,0.09,0,1,566898,566760,138
31793841,24.5313,24.4511,138,27983,0.09,0,1,566922,566784,138
31796761,24.4649,24.3947,138,27983,0.09,0,1,566946,566808,138
31799681,24.4068,24.3454,138,27983,0.09,0,1,566970,566832,138
31802601,24.3559,24.3022,138,27983,0.09,0,1,566994,566856,138
31805521,24.3114,24.2644,138,30903,0.09,0,1,567018,566880,138
31808441,24.2725,24.2314,138,30903,0.11,0,1,567042,566904,138
31811361,24.2384,24.2025,138,30903,0.13,0,1,567066,566928,138
31814281,24.2086,24.1771,138,30903,0.13,0,1,567090,566952,138
31817201,24.1826,24.155,138,27983,0.13,0,1,567114,566976,138
31820121,24.1597,24.1356,138,27983,0.13,0,1,567138,567000,138
31823041,24.1398,23.3687,144,27983,0.11,0,1,567162,567018,144
31825961,24.1223,22.6976,150,27983,0.11,0,1,567186,567036,150
31828881,24.107,22.1104,156,27983,0.09,0,1,567210,567054,156
31831801,24.0936,21.5966,162,27983,0.09,0,1,567234,567072,162
31834721,24.0819,21.147,168,27983,0.09,0,1,567258,567090,168
31837641,24.0717,22.5036,160,27983,0.09,0,1,567282,567122,160
31840561,24.0627,23.6907,152,27983,0.09,0,1,567306,567154,152
31843481,24.0549,24.7294,144,27983,0.09,0,1,567330,567186,144
31846401,24.048,25.1382,140,27983,0.09,0,1,567354,567214,140
31849321,24.042,24.9959,140,27983,0.09,0,1,567378,567238,140
31852241,24.0368,24.8714,140,27983,0.09,0,1,567402,567262,140
31855161,24.0322,24.7625,140,27983,0.09,0,1,567426,567286,140
31858081,24.0282,24.6672,140,27983,0.09,0,1,567450,567310,140
31861001,24.0246,24.5838,140,27983,0.09,0,1,567474,567334,140
31863921,24.0216,24.5108,140,27983,0.09,0,1,567498,567358,140
31866841,24.0189,24.447,140,27983,0.09,0,1,567522,567382,140
31869761,24.0165,24.3911,140,27983,0.09,0,1,567546,567406,140
31872681,24.0144,24.3422,140,27983,0.09,0,1,567570,567430,140
31875601,24.0126,24.2994,140,27983,0.09,0,1,567594,567454,140
31878521,24.0111,24.262,140,27983,0.09,0,1,567618,567478,140
31881441,24.0097,24.2292,140,27983,0.09,0,1,567642,567502,140
31884361,24.0085,24.2006,140,27983,0.09,0,1,567666,567526,140
31887281,24.0074,24.1755,140,27983,0.09,0,1,567690,567550,140
31890201,24.0065,24.1536,140,27983,0.09,0,1,567714,567574,140
31893121,24.0057,24.1344,140,27983,0.09,0,1,567738,567598,140
31896041,24.005,24.1176,140,27983,0.09,0,1,567762,567622,140
31898961,24.0043,24.1029,140,30903,0.11,0,1,567786,567646,140
31901881,24.0038,24.09,140,30903,0.11,0,1,567810,567670,140
31904801,24.0033,24.0788,140,30903,0.13,0,1,567834,567694,140
31907721,24.0029,24.0689,140,30903,0.15,0,1,567858,567718,140
31910641,24.0025,24.0603,140,27983,0.15,0,1,567882,567742,140
31913561,24.0022,24.0528,140,27983,0.13,0,1,567906,567766,140
31916481,24.0019,23.2962,146,27983,0.13,0,1,567930,567784,146
31919401,24.0017,22.6342,152,27983,0.11,0,1,567954,567802,152
31922321,24.0015,22.0549,158,27983,0.11,0,1,567978,567820,158
31925241,24.0013,21.548,164,27983,0.11,0,1,568002,567838,164
31928161,24.0011,21.1045,170,27983,0.11,0,1,568026,567856,170
31931081,24.001,21.5915,169,27983,0.11,0,1,568050,567881,169
31934001,24.0009,22.8925,161,27983,0.11,0,1,568074,567913,161
31936921,24.0008,24.031,153,27983,0.11,0,1,568098,567945,153
31939841,24.0007,24.5271,149,27983,0.11,0,1,568122,567973,149
31942761,24.0006,24.4612,149,27983,0.11,0,1,568146,567997,149
31945681,24.0005,24.4036,149,27983,0.11,0,1,568170,568021,149
31948601,24.0004,24.3531,149,27983,0.11,0,1,568194,568045,149
31951521,24.0004,24.309,149,27983,0.11,0,1,568218,568069,149
31954441,24.0003,24.2703,149,27983,0.11,0,1,568242,568093,149
31957361,24.0003,24.2366,149,27983,0.11,0,1,568266,568117,149
31960281,24.0003,24.207,149,27983,0.11,0,1,568290,568141,149
31963201,24.0002,24.1811,149,27983,0.11,0,1,568314,568165,149
31966121,24.0002,24.1585,149,27983,0.11,0,1,568338,568189,149
31969041,24.0002,24.1387,149,27983,0.11,0,1,568362,568213,149
31971961,24.0002,24.1213,149,27983,0.11,0,1,568386,568237,149
31974881,24.0001,24.1062,149,27983,0.11,0,1,568410,568261,149
31977801,24.0001,24.0929,149,27983,0.11,0,1,568434,568285,149
31980721,24.0001,24.0813,149,27983,0.11,0,1,568458,568309,149
31983641,24.0001,24.0711,149,27983,0.11,0,1,568482,568333,149
31986561,24.0001,24.0622,149,27983,0.11,0,1,568506,568357,149
31989481,24.0001,24.0545,149,27983,0.11,0,1,568530,568381,149
31992401,24.0001,24.0476,149,30903,0.11,0,1,568554,568405,149
31995321,24.0001,24.0417,149,30903,0.13,0,1,568578,568429,149
31998241,24,24.0365,149,30903,0.15,0,1,568602,568453,149
32001161,24,24.0319,149,30903,0.15,0,1,568626,568477,149
32004081,24,24.0279,149,27983,0.15,0,1,568650,568501,149
32007001,24,24.0244,149,27983,0.15,0,1,568674,568525,149
32009921,24,23.6464,152,27983,0.13,0,1,568698,568546,152
32012841,24,22.9406,158,27983,0.13,0,1,568722,568564,158
32015761,24,22.323,164,27983,0.13,0,1,568746,568582,164
32018681,24,21.7826,170,27983,0.13,0,1,568770,568600,170
32021601,24,21.3098,176,27983,0.13,0,1,568794,568618,176
32024521,24,21.7711,175,27983,0.13,0,1,568818,568643,175
32027441,24,23.0497,167,27983,0.13,0,1,568842,568675,167
32030361,24,24.1685,159,27983,0.13,0,1,568866,568707,159
32033281,24,24.6474,155,27983,0.13,0,1,568890,568735,155
32036201,24,24.5665,155,27983,0.13,0,1,568914,568759,155
32039121,24,24.4957,155,27983,0.13,0,1,568938,568783,155
32042041,24,24.4337,155,27983,0.13,0,1,568962,568807,155
32044961,24,24.3795,155,27983,0.13,0,1,568986,568831,155
32047881,24,24.3321,155,27983,0.13,0,1,569010,568855,155
32050801,24,24.2906,155,27983,0.13,0,1,569034,568879,155
32053721,24,24.2542,155,27983,0.13,0,1,569058,568903,155
32056641,24,24.2225,155,27983,0.13,0,1,569082,568927,155
32059561,24,24.1947,155,27983,0.13,0,1,569106,568951,155
32062481,24,24.1703,155,27983,0.13,0,1,569130,568975,155
32065401,24,24.149,155,27983,0.13,0,1,569154,568999,155
32068321,24,24.1304,155,27983,0.13,0,1,569178,569023,155
32071241,24,24.1141,155,27983,0.13,0,1,569202,569047,155
32074161,24,24.0998,155,27983,0.13,0,1,569226,569071,155
32077081,24,24.0874,155,27983,0.13,0,1,569250,569095,155
32080001,24,24.0764,155,27983,0.13,0,1,569274,569119,155
32082921,24,24.0669,155,27983,0.13,0,1,569298,569143,155
32085841,24,24.0585,155,30903,0.13,0,1,569322,569167,155
32088761,24,24.0512,155,30903,0.15,0,1,569346,569191,155
32091681,24,24.0448,155,30903,0.15,0,1,569370,569215,155
32094601,24,24.0392,155,30903,0.17,0,1,569394,569239,155
32097521,24,24.0343,155,27983,0.17,0,1,569418,569263,155
32100441,24,24.03,155,27983,0.17,0,1,569442,569287,155
32103361,24,23.6513,158,27983,0.15,0,1,569466,569308,158
32106281,24,22.9449,164,27983,0.15,0,1,569490,569326,164
32109201,24,22.3267,170,27983,0.13,0,1,569514,569344,170
32112121,24,21.7859,176,27983,0.13,0,1,569538,569362,176
32115041,24,21.3127,182,27983,0.13,0,1,569562,569380,182
32117961,24,20.8986,188,27983,0.13,0,1,569586,569398,188
32120881,24,22.2863,180,27983,0.13,0,1,569610,569430,180
32123801,24,23.5005,172,27983,0.13,0,1,569634,569462,172
32126721,24,24.5629,164,27983,0.13,0,1,569658,569494,164
32129641,24,24.4926,164,27983,0.13,0,1,569682,569518,164
32132561,24,24.431,164,27983,0.13,0,1,569706,569542,164
32135481,24,24.3771,164,27983,0.13,0,1,569730,569566,164
32138401,24,24.33,164,27983,0.13,0,1,569754,569590,164
32141321,24,24.2887,164,27983,0.13,0,1,569778,569614,164
32144241,24,24.2526,164,27983,0.13,0,1,569802,569638,164
32147161,24,24.2211,164,27983,0.13,0,1,569826,569662,164
32150081,24,24.1934,164,27983,0.13,0,1,569850,569686,164
32153001,24,24.1692,164,27983,0.13,0,1,569874,569710,164
32155921,24,24.1481,164,27983,0.13,0,1,569898,569734,164
32158841,24,24.1296,164,27983,0.13,0,1,569922,569758,164
32161761,24,24.1134,164,27983,0.13,0,1,569946,569782,164
32164681,24,24.0992,164,27983,0.13,0,1,569970,569806,164
32167601,24,24.0868,164,27983,0.13,0,1,569994,569830,164
32170521,24,24.076,164,27983,0.13,0,1,570018,569854,164
32173441,24,24.0665,164,27983,0.13,0,1,570042,569878,164
32176361,24,24.0582,164,27983,0.13,0,1,570066,569902,164
32179281,24,24.0509,164,30903,0.15,0,1,570090,569926,164
32182201,24,24.0445,164,30903,0.15,0,1,570114,569950,164
32185121,24,24.039,164,30903,0.17,0,1,570138,569974,164
32188041,24,24.0341,164,30903,0.19,0,1,570162,569998,164
32190961,24,24.0298,164,27983,0.19,0,1,570186,570022,164
32193881,24,24.0261,164,27983,0.17,0,1,570210,570046,164
32196801,24,24.0228,164,27983,0.17,0,1,570234,570070,164
32199721,24,23.27,170,27983,0.15,0,1,570258,570088,170
32202641,24,22.6112,176,27983,0.15,0,1,570282,570106,176
32205561,24,22.0348,182,27983,0.15,0,1,570306,570124,182
32208481,24,21.5305,188,27983,0.15,0,1,570330,570142,188
32211401,24,21.0892,194,27983,0.15,0,1,570354,570160,194
32214321,24,21.578,193,27983,0.15,0,1,570378,570185,193
32217241,24,22.8808,185,27983,0.15,0,1,570402,570217,185
32220161,24,24.0207,177,27983,0.15,0,1,570426,570249,177
32223081,24,24.5181,173,27983,0.15,0,1,570450,570277,173
32226001,24,24.4533,173,27983,0.15,0,1,570474,570301,173
32228921,24,24.3967,173,27983,0.15,0,1,570498,570325,173
32231841,24,24.3471,173,27983,0.15,0,1,570522,570349,173
32234761,24,24.3037,173,27983,0.15,0,1,570546,570373,173
32237681,24,24.2657,173,27983,0.15,0,1,570570,570397,173
32240601,24,24.2325,173,27983,0.15,0,1,570594,570421,173
32243521,24,24.2035,173,27983,0.15,0,1,570618,570445,173
32246441,24,24.178,173,27983,0.15,0,1,570642,570469,173
32249361,24,24.1558,173,27983,0.15,0,1,570666,570493,173
32252281,24,24.1363,173,27983,0.15,0,1,570690,570517,173
32255201,24,24.1193,173,27983,0.15,0,1,570714,570541,173
32258121,24,24.1044,173,27983,0.15,0,1,570738,570565,173
32261041,24,24.0913,173,27983,0.15,0,1,570762,570589,173
32263961,24,24.0799,173,27983,0.15,0,1,570786,570613,173
32266881,24,24.0699,173,27983,0.15,0,1,570810,570637,173
32269801,24,24.0612,173,27983,0.15,0,1,570834,570661,173
32272721,24,24.0535,173,30903,0.15,0,1,570858,570685,173
32275641,24,24.0468,173,30903,0.17,0,1,570882,570709,173
32278561,24,24.041,173,30903,0.19,0,1,570906,570733,173
32281481,24,24.0359,173,30903,0.19,0,1,570930,570757,173
32284401,24,24.0314,173,27983,0.19,0,1,570954,570781,173
32287321,24,24.0275,173,27983,0.19,0,1,570978,570805,173
32290241,24,24.024,173,27983,0.17,0,1,571002,570829,173
32293161,24,23.646,176,27983,0.17,0,1,571026,570850,176
32296081,24,22.9403,182,27983,0.17,0,1,571050,570868,182
32299001,24,22.3227,188,27983,0.17,0,1,571074,570886,188
32301921,24,21.7824,194,27983,0.17,0,1,571098,570904,194
32304841,24,21.3096,200,27983,0.17,0,1,571122,570922,200
32307761,24,21.7709,199,27983,0.17,0,1,571146,570947,199
32310681,24,23.0495,191,27983,0.17,0,1,571170,570979,191
32313601,24,24.1683,183,27983,0.17,0,1,571194,571011,183
32316521,24,24.6473,179,27983,0.17,0,1,571218,571039,179
32319441,24,24.5664,179,27983,0.17,0,1,571242,571063,179
32322361,24,24.4956,179,27983,0.17,0,1,571266,571087,179
32325281,24,24.4336,179,27983,0.17,0,1,571290,571111,179
32328201,24,24.3794,179,27983,0.17,0,1,571314,571135,179
32331121,24,24.332,179,27983,0.17,0,1,571338,571159,179
32334041,24,24.2905,179,27983,0.17,0,1,571362,571183,179
32336961,24,24.2542,179,27983,0.17,0,1,571386,571207,179
32339881,24,24.2224,179,27983,0.17,0,1,571410,571231,179
32342801,24,24.1946,179,27983,0.17,0,1,571434,571255,179
32345721,24,24.1703,179,27983,0.17,0,1,571458,571279,179
32348641,24,24.149,179,27983,0.17,0,1,571482,571303,179
32351561,24,24.1304,179,27983,0.17,0,1,571506,571327,179
32354481,24,24.1141,179,27983,0.17,0,1,571530,571351,179
32357401,24,24.0998,179,27983,0.17,0,1,571554,571375,179
32360321,24,24.0873,179,27983,0.17,0,1,571578,571399,179
32363241,24,24.0764,179,27983,0.17,0,1,571602,571423,179
32366161,24,24.0669,179,30903,0.17,0,1,571626,571447,179
32369081,24,24.0585,179,30903,0.19,0,1,571650,571471,179
32372001,24,24.0512,179,30903,0.19,0,1,571674,571495,179
32374921,24,24.0448,179,30903,0.21,0,1,571698,571519,179
32377841,24,24.0392,179,27983,0.21,0,1,571722,571543,179
32380761,24,24.0343,179,27983,0.21,0,1,571746,571567,179
32383681,24,24.03,179,27983,0.19,0,1,571770,571591,179
32386601,24,23.6513,182,27983,0.19,0,1,571794,571612,182
32389521,24,22.9449,188,27983,0.17,0,1,571818,571630,188
32392441,24,22.3267,194,27983,0.17,0,1,571842,571648,194
32395361,24,21.7859,200,27983,0.17,0,1,571866,571666,200
32398281,24,21.3127,206,27983,0.17,0,1,571890,571684,206
32401201,24,20.8986,212,27983,0.17,0,1,571914,571702,212
32404121,24,22.2863,204,27983,0.17,0,1,571938,571734,204
32407041,24,23.5005,196,27983,0.17,0,1,571962,571766,196
32409961,24,24.5629,188,27983,0.17,0,1,571986,571798,188
32412881,24,24.4926,188,27983,0.17,0,1,572010,571822,188
32415801,24,24.431,188,27983,0.17,0,1,572034,571846,188
32418721,24,24.3771,188,27983,0.17,0,1,572058,571870,188
32421641,24,24.33,188,27983,0.17,0,1,572082,571894,188
32424561,24,24.2887,188,27983,0.17,0,1,572106,571918,188
32427481,24,24.2526,188,27983,0.17,0,1,572130,571942,188
32430401,24,24.2211,188,27983,0.17,0,1,572154,571966,188
32433321,24,24.1934,188,27983,0.17,0,1,572178,571990,188
32436241,24,24.1692,188,27983,0.17,0,1,572202,572014,188
32439161,24,24.1481,188,27983,0.17,0,1,572226,572038,188
32442081,24,24.1296,188,27983,0.17,0,1,572250,572062,188
32445001,24,24.1134,188,27983,0.17,0,1,572274,572086,188
32447921,24,24.0992,188,27983,0.17,0,1,572298,572110,188
32450841,24,24.0868,188,27983,0.17,0,1,572322,572134,188
32453761,24,24.076,188,27983,0.17,0,1,572346,572158,188
32456681,24,24.0665,188,27983,0.17,0,1,572370,572182,188
32459601,24,24.0582,188,30903,0.19,0,1,572394,572206,188
32462521,24,24.0509,188,30903,0.19,0,1,572418,572230,188
32465441,24,24.0445,188,30903,0.21,0,1,572442,572254,188
32468361,24,24.039,188,30903,0.23,0,1,572466,572278,188
32471281,24,24.0341,188,27983,0.23,0,1,572490,572302,188
32474201,24,24.0298,188,27983,0.21,0,1,572514,572326,188
32477121,24,24.0261,188,27983,0.21,0,1,572538,572350,188
32480041,24,24.0228,188,27983,0.19,0,1,572562,572374,188
32482961,24,23.27,194,27983,0.19,0,1,572586,572392,194
32485881,24,22.6112,200,27983,0.19,0,1,572610,572410,200
32488801,24,22.0348,206,27983,0.19,0,1,572634,572428,206
32491721,24,21.5305,212,27983,0.19,0,1,572658,572446,212
32494641,24,21.0892,218,27983,0.19,0,1,572682,572464,218
32497561,24,21.578,217,27983,0.19,0,1,572706,572489,217
32500481,24,22.8808,209,27983,0.19,0,1,572730,572521,209
32503401,24,24.0207,201,27983,0.19,0,1,572754,572553,201
32506321,24,24.5181,197,27983,0.19,0,1,572778,572581,197
32509241,24,24.4533,197,27983,0.19,0,1,572802,572605,197
32512161,24,24.3967,197,27983,0.19,0,1,572826,572629,197
32515081,24,24.3471,197,27983,0.19,0,1,572850,572653,197
32518001,24,24.3037,197,27983,0.19,0,1,572874,572677,197
32520921,24,24.2657,197,27983,0.19,0,1,572898,572701,197
32523841,24,24.2325,197,27983,0.19,0,1,572922,572725,197
32526761,24,24.2035,197,27983,0.19,0,1,572946,572749,197
32529681,24,24.178,197,27983,0.19,0,1,572970,572773,197
32532601,24,24.1558,197,27983,0.19,0,1,572994,572797,197
32535521,24,24.1363,197,27983,0.19,0,1,573018,572821,197
32538441,24,24.1193,197,27983,0.19,0,1,573042,572845,197
32541361,24,24.1044,197,27983,0.19,0,1,573066,572869,197
32544281,24,24.0913,197,27983,0.19,0,1,573090,572893,197
32547201,24,24.0799,197,27983,0.19,0,1,573114,572917,197
32550121,24,24.0699,197,27983,0.19,0,1,573138,572941,197
32553041,24,24.0612,197,30903,0.19,0,1,573162,572965,197
32555961,24,24.0535,197,30903,0.21,0,1,573186,572989,197
32558881,24,24.0468,197,30903,0.23,0,1,573210,573013,197
32561801,24,24.041,197,30903,0.23,0,1,573234,573037,197
32564721,24,24.0359,197,27983,0.23,0,1,573258,573061,197
32567641,24,24.0314,197,27983,0.23,0,1,573282,573085,197
32570561,24,24.0275,197,27983,0.21,0,1,573306,573109,197
32573481,24,24.024,197,27983,0.21,0,1,573330,573133,197
32576401,24,23.646,200,27983,0.21,0,1,573354,573154,200
32579321,24,22.9403,206,27983,0.21,0,1,573378,573172,206
32582241,24,22.3227,212,27983,0.21,0,1,573402,573190,212
32585161,24,21.7824,218,27983,0.21,0,1,573426,573208,218
32588081,24,21.3096,224,27983,0.21,0,1,573450,573226,224
32591001,24,21.7709,223,27983,0.21,0,1,573474,573251,223
32593921,24,23.0495,215,27983,0.21,0,1,573498,573283,215
32596841,24,24.1683,207,27983,0.21,0,1,573522,573315,207
32599761,24,24.6473,203,27983,0.21,0,1,573546,573343,203
32602681,24,24.5664,203,27983,0.21,0,1,573570,573367,203
32605601,24,24.4956,203,27983,0.21,0,1,573594,573391,203
32608521,24,24.4336,203,27983,0.21,0,1,573618,573415,203
32611441,24,24.3794,203,27983,0.21,0,1,573642,573439,203
32614361,24,24.332,203,27983,0.21,0,1,573666,573463,203
32617281,24,24.2905,203,27983,0.21,0,1,573690,573487,203
32620201,24,24.2542,203,27983,0.21,0,1,573714,573511,203
32623121,24,24.2224,203,27983,0.21,0,1,573738,573535,203
32626041,24,24.1946,203,27983,0.21,0,1,573762,573559,203
32628961,24,24.1703,203,27983,0.21,0,1,573786,573583,203
32631881,24,24.149,203,27983,0.21,0,1,573810,573607,203
32634801,24,24.1304,203,27983,0.21,0,1,573834,573631,203
32637721,24,24.1141,203,27983,0.21,0,1,573858,573655,203
32640641,24,24.0998,203,27983,0.21,0,1,573882,573679,203
32643561,24,24.0873,203,27983,0.21,0,1,573906,573703,203
32646481,24,24.0764,203,30903,0.21,0,1,573930,573727,203
32649401,24,24.0669,203,30903,0.23,0,1,573954,573751,203
32652321,24,24.0585,203,30903,0.23,0,1,573978,573775,203
32655241,24,24.0512,203,30903,0.25,0,1,574002,573799,203
32658161,24,24.0448,203,27983,0.25,0,1,574026,573823,203
32661081,24,24.0392,203,27983,0.23,0,1,574050,573847,203
32664001,24,24.0343,203,27983,0.23,0,1,574074,573871,203
32666921,24,24.03,203,27983,0.21,0,1,574098,573895,203
32669841,24,23.6513,206,27983,0.21,0,1,574122,573916,206
32672761,24,22.9449,212,27983,0.21,0,1,574146,573934,212
32675681,24,22.3267,218,27983,0.21,0,1,574170,573952,218
32678601,24,21.7859,224,27983,0.21,0,1,574194,573970,224
32681521,24,21.3127,230,27983,0.21,0,1,574218,573988,230
32684441,24,20.8986,236,27983,0.21,0,1,574242,574006,236
32687361,24,22.7863,224,27983,0.21,0,1,574266,574042,224
32690281,24,23.938,216,27983,0.21,0,1,574290,574074,216
32693201,24,24.9457,208,27983,0.21,0,1,574314,574106,208
32696121,24,24.8275,208,27983,0.21,0,1,574338,574130,208
32699041,24,24.7241,208,27983,0.21,0,1,574362,574154,208
32701961,24,24.6336,208,27983,0.21,0,1,574386,574178,208
32704881,24,24.5544,208,27983,0.21,0,1,574410,574202,208
32707801,24,24.4851,208,27983,0.21,0,1,574434,574226,208
32710721,24,24.4244,208,27983,0.21,0,1,574458,574250,208
32713641,24,24.3714,208,27983,0.21,0,1,574482,574274,208
32716561,24,24.325,208,27983,0.21,0,1,574506,574298,208
32719481,24,24.2843,208,27983,0.21,0,1,574530,574322,208
32722401,24,24.2488,208,27983,0.21,0,1,574554,574346,208
32725321,24,24.2177,208,27983,0.21,0,1,574578,574370,208
32728241,24,24.1905,208,27983,0.21,0,1,574602,574394,208
32731161,24,24.1667,208,27983,0.21,0,1,574626,574418,208
32734081,24,24.1458,208,27983,0.21,0,1,574650,574442,208
32737001,24,24.1276,208,27983,0.21,0,1,574674,574466,208
32739921,24,24.1117,208,30903,0.21,0,1,574698,574490,208
32742841,24,24.0977,208,30903,0.23,0,1,574722,574514,208
32745761,24,24.0855,208,30903,0.23,0,1,574746,574538,208
32748681,24,24.0748,208,30903,0.25,0,1,574770,574562,208
32751601,24,24.0655,208,27983,0.25,0,1,574794,574586,208
32754521,24,24.0573,208,27983,0.23,0,1,574818,574610,208
32757441,24,24.0501,208,27983,0.23,0,1,574842,574634,208
32760361,24,24.0438,208,27983,0.21,0,1,574866,574658,208
32763281,24,24.0384,208,27983,0.21,0,1,574890,574682,208
32766201,24,23.2836,214,27983,0.21,0,1,574914,574700,214
32769121,24,22.6231,220,27983,0.21,0,1,574938,574718,220
32772041,24,22.0452,226,27983,0.21,0,1,574962,574736,226
32774961,24,21.5396,232,27983,0.21,0,1,574986,574754,232
32777881,24,21.0971,238,27983,0.21,0,1,575010,574772,238
32780801,24,23.21,224,27983,0.21,0,1,575034,574810,224
32783721,24,24.3087,216,27983,0.21,0,1,575058,574842,216
32786641,24,25.2701,208,27983,0.21,0,1,575082,574874,208
32789561,24,25.1114,208,27983,0.21,0,1,575106,574898,208
32792481,24,24.9725,208,27983,0.21,0,1,575130,574922,208
32795401,24,24.8509,208,27983,0.21,0,1,575154,574946,208
32798321,24,24.7445,208,27983,0.21,0,1,575178,574970,208
32801241,24,24.6515,208,27983,0.21,0,1,575202,574994,208
32804161,24,24.57,208,27983,0.21,0,1,575226,575018,208
32807081,24,24.4988,208,27983,0.21,0,1,575250,575042,208
32810001,24,24.4364,208,27983,0.21,0,1,575274,575066,208
32812921,24,24.3819,208,27983,0.21,0,1,575298,575090,208
32815841,24,24.3341,208,27983,0.21,0,1,575322,575114,208
32818761,24,24.2924,208,27983,0.21,0,1,575346,575138,208
32821681,24,24.2558,208,27983,0.21,0,1,575370,575162,208
32824601,24,24.2239,208,27983,0.21,0,1,575394,575186,208
32827521,24,24.1959,208,27983,0.21,0,1,575418,575210,208
32830441,24,24.1714,208,27983,0.18,0,1,575442,575234,208
32833361,24,24.15,208,30903,0.14,0,1,575466,575258,208
32836281,24,24.1312,208,30903,0.1,0,1,575490,575282,208
32839201,24,24.1148,208,30903,0.06,0,1,575514,575306,208
32842121,24,24.1005,208,30903,0.02,0,1,575538,575330,208
32845041,24,24.0879,208,30903,0,0,1,575562,575354,208
32847961,24,24.0769,208,30903,0,0,1,575586,575378,208
32850481,23.5,24.0673,204,30903,0,0,1,575606,575402,204
32853401,31.6875,47.1839,84,30903,0.01,0,1,575695,575611,84
32856321,30.7266,44.2859,84,30903,0.01,0,1,575719,575635,84
32859241,29.8857,41.7502,84,30903,0.01,0,1,575743,575659,84
32862161,29.15,39.5314,84,30903,0.03,0,1,575767,575683,84
32865081,28.5063,37.59,84,30903,0.05,0,1,575791,575707,84
32868001,27.943,35.1412,90,30903,0.05,0,1,575815,575725,90
32870921,27.4501,32.9986,96,30903,0.07,0,1,575839,575743,96
32873841,27.0188,31.1237,102,30903,0.09,0,1,575863,575761,102
32876761,26.6415,29.4833,108,30903,0.09,0,1,575887,575779,108
32879681,26.3113,28.0479,114,30903,0.11,0,1,575911,575797,114
32882601,26.0224,26.7919,120,30903,0.13,0,1,575935,575815,120
32885521,25.7696,25.6929,126,27983,0.13,0,1,575959,575833,126
32888441,25.5484,24.7313,132,27983,0.12,0,1,575983,575851,132
32891361,25.3548,23.8899,138,27983,0.11,0,1,576007,575869,138
32894281,25.1855,23.1536,144,27983,0.1,0,1,576031,575887,144
32897201,25.0373,22.5094,150,27983,0.09,0,1,576055,575905,150
32900121,24.9076,21.9458,156,27983,0.09,0,1,576079,575923,156
32903041,24.7942,21.4525,162,27983,0.09,0,1,576103,575941,162
32905961,24.6949,22.771,154,27983,0.09,0,1,576127,575973,154
32908881,24.608,23.9246,146,27983,0.09,0,1,576151,576005,146
32911801,24.532,24.934,138,27983,0.09,0,1,576175,576037,138
32914721,24.4655,24.8173,138,27983,0.09,0,1,576199,576061,138
32917641,24.4073,24.7151,138,27983,0.09,0,1,576223,576085,138
32920561,24.3564,24.6257,138,5840,0.07,0,1,576247,576109,138
32923481,24.3119,24.5475,138,5840,0.03,0,1,576271,576133,138
32926401,24.2729,24.4791,138,5840,0,0,1,576295,576157,138
32929321,24.2388,24.4192,138,5840,0,0,1,576319,576181,138
32932241,24.2089,24.3668,138,5840,0.01,0,1,576343,576205,138
32935161,28.6828,35.5709,84,5840,0,0,1,576403,576319,84
32938081,28.0975,34.1246,84,5840,0.01,0,1,576427,576343,84
32941001,32.0853,37.359,84,5840,0,0,1,576487,576403,84
32943921,31.0746,35.6891,84,5840,0.01,0,1,576511,576427,84
32946841,34.6903,38.728,84,35039,0.01,0,1,576571,576487,84
32949761,33.354,36.887,84,34066,0.01,0,1,576595,576511,84
32952681,32.1848,35.2761,84,33093,0.01,0,1,576619,576535,84
32955601,31.1617,33.8666,84,32363,0.01,0,1,576643,576559,84
32958521,30.2665,32.6333,84,31633,0.01,0,1,576667,576583,84
32961441,29.4831,31.5541,84,31146,0.01,0,1,576691,576607,84
32964361,28.7978,30.6099,84,30659,0.01,0,1,576715,576631,84
32967281,28.198,29.7836,84,30173,0.01,0,1,576739,576655,84
32970201,27.6733,29.0607,84,29686,0.01,0,1,576763,576679,84
32973121,27.2141,28.4281,84,29443,0.01,0,1,576787,576703,84
32976041,26.8124,27.8746,84,29199,0.01,0,1,576811,576727,84
32978961,26.4608,27.3903,84,28956,0.01,0,1,576835,576751,84
32981881,26.1532,26.9665,84,28713,0.01,0,1,576859,576775,84
32984801,25.8841,26.5957,84,28469,0.01,0,1,576883,576799,84
32987721,25.6486,26.2712,84,28226,0.01,0,1,576907,576823,84
32990641,25.4425,25.9873,84,27983,0.01,0,1,576931,576847,84
32993561,25.2622,25.7389,84,30659,0.01,0,1,576955,576871,84
32996481,25.1044,25.5215,84,30659,0.01,0,1,576979,576895,84
32999401,24.9664,25.3313,84,30659,0.03,0,1,577003,576919,84
33002321,24.8456,25.1649,84,30659,0.05,0,1,577027,576943,84
33005241,24.7399,24.2693,90,30659,0.05,0,1,577051,576961,90
33008161,24.6474,23.4856,96,30659,0.07,0,1,577075,576979,96
33011081,24.5665,22.7999,102,30659,0.09,0,1,577099,576997,102
33014001,24.4956,22.1999,108,30659,0.09,0,1,577123,577015,108
33016921,24.4337,21.675,114,30659,0.11,0,1,577147,577033,114
33019841,24.3795,21.2156,120,30659,0.13,0,1,577171,577051,120
33022761,24.332,20.8136,126,27739,0.13,0,1,577195,577069,126
33025681,24.2905,20.4619,132,27739,0.12,0,1,577219,577087,132
33028601,24.2542,20.1542,138,27739,0.11,0,1,577243,577105,138
33031521,24.2224,19.8849,144,27739,0.1,0,1,577267,577123,144
33034441,24.1946,19.6493,150,27739,0.09,0,1,577291,577141,150
33037361,24.1703,19.4431,156,27739,0.09,0,1,577315,577159,156
33040281,24.149,19.2627,162,27739,0.09,0,1,577339,577177,162
33043201,24.1304,20.8549,154,27739,0.09,0,1,577363,577209,154
33046121,24.1141,22.248,146,27739,0.09,0,1,577387,577241,146
33049041,24.0998,23.467,138,27739,0.09,0,1,577411,577273,138
33051961,24.0874,23.5337,138,27739,0.09,0,1,577435,577297,138
33054881,24.0764,23.5919,138,27739,0.09,0,1,577459,577321,138
33057801,24.0669,23.643,138,27739,0.09,0,1,577483,577345,138
33060721,24.0585,23.6876,138,27739,0.09,0,1,577507,577369,138
33063641,24.0512,23.7266,138,27739,0.09,0,1,577531,577393,138
33066561,24.0448,23.7608,138,27739,0.09,0,1,577555,577417,138
33069481,24.0392,23.7907,138,27739,0.09,0,1,577579,577441,138
33072401,24.0343,23.8169,138,27739,0.09,0,1,577603,577465,138
33075321,24.03,23.8398,138,27739,0.09,0,1,577627,577489,138
33078241,24.0263,23.8598,138,27739,0.09,0,1,577651,577513,138
33081161,24.023,23.8773,138,27739,0.09,0,1,577675,577537,138
33084081,24.0201,23.8927,138,27739,0.09,0,1,577699,577561,138
33087001,24.0176,23.9061,138,27739,0.09,0,1,577723,577585,138
33089921,24.0154,23.9178,138,27739,0.09,0,1,577747,577609,138
33092841,24.0135,23.9281,138,27739,0.09,0,1,577771,577633,138
33095761,24.0118,23.9371,138,27739,0.09,0,1,577795,577657,138
33098681,24.0103,23.9449,138,27739,0.09,0,1,577819,577681,138
33101601,24.009,23.9518,138,27739,0.09,0,1,577843,577705,138
33104521,24.0079,23.9578,138,30659,0.09,0,1,577867,577729,138
33107441,24.0069,23.9631,138,30659,0.11,0,1,577891,577753,138
33110361,24.006,23.9677,138,30659,0.13,0,1,577915,577777,138
33113281,24.0053,23.9718,138,30659,0.13,0,1,577939,577801,138
33116201,24.0046,23.9753,138,27739,0.13,0,1,577963,577825,138
33119121,24.0041,23.9784,138,27739,0.13,0,1,577987,577849,138
33122041,24.0035,23.2311,144,27739,0.11,0,1,578011,577867,144
33124961,24.0031,22.5772,150,27739,0.11,0,1,578035,577885,150
33127881,24.0027,22.005,156,27739,0.09,0,1,578059,577903,156
33130801,24.0024,21.5044,162,27739,0.09,0,1,578083,577921,162
33133721,24.0021,21.0664,168,27739,0.09,0,1,578107,577939,168
33136641,24.0018,22.4331,160,27739,0.09,0,1,578131,577971,160
33139561,24.0016,23.6289,152,27739,0.09,0,1,578155,578003,152
33142481,24.0014,24.6753,144,27739,0.09,0,1,578179,578035,144
33145401,24.0012,25.0909,140,27739,0.09,0,1,578203,578063,140
33148321,24.0011,24.9545,140,27739,0.09,0,1,578227,578087,140
33151241,24.0009,24.8352,140,27739,0.09,0,1,578251,578111,140
33154161,24.0008,24.7308,140,27739,0.09,0,1,578275,578135,140
33157081,24.0007,24.6395,140,27739,0.09,0,1,578299,578159,140
33160001,24.0006,24.5595,140,27739,0.09,0,1,578323,578183,140
33162921,24.0005,24.4896,140,27739,0.09,0,1,578347,578207,140
33165841,24.0005,24.4284,140,27739,0.09,0,1,578371,578231,140
33168761,24.0004,24.3748,140,27739,0.09,0,1,578395,578255,140
33171681,24.0004,24.328,140,27739,0.09,0,1,578419,578279,140
33174601,24.0003,24.287,140,27739,0.09,0,1,578443,578303,140
33177521,24.0003,24.2511,140,27739,0.09,0,1,578467,578327,140
33180441,24.0002,24.2197,140,27739,0.09,0,1,578491,578351,140
33183361,24.0002,24.1923,140,27739,0.09,0,1,578515,578375,140
33186281,24.0002,24.1682,140,27739,0.09,0,1,578539,578399,140
33189201,24.0002,24.1472,140,27739,0.09,0,1,578563,578423,140
33192121,24.0001,24.1288,140,27739,0.09,0,1,578587,578447,140
33195041,24.0001,24.1127,140,27739,0.09,0,1,578611,578471,140
33197961,24.0001,24.0986,140,30659,0.11,0,1,578635,578495,140
33200881,24.0001,24.0863,140,30659,0.11,0,1,578659,578519,140
33203801,24.0001,24.0755,140,30659,0.13,0,1,578683,578543,140
33206721,24.0001,24.0661,140,30659,0.15,0,1,578707,578567,140
33209641,24.0001,24.0578,140,27739,0.15,0,1,578731,578591,140
33212561,24.0001,24.0506,140,27739,0.13,0,1,578755,578615,140
33215481,24,23.2943,146,27739,0.13,0,1,578779,578633,146
33218401,24,22.6325,152,27739,0.11,0,1,578803,578651,152
33221321,24,22.0534,158,27739,0.11,0,1,578827,578669,158
33224241,24,21.5467,164,27739,0.11,0,1,578851,578687,164
33227161,24,21.1034,170,27739,0.11,0,1,578875,578705,170
33230081,24,21.5905,169,27739,0.11,0,1,578899,578730,169
33233001,24,22.8917,161,27739,0.11,0,1,578923,578762,161
33235921,24,24.0302,153,27739,0.11,0,1,578947,578794,153
33238841,24,24.5264,149,27739,0.11,0,1,578971,578822,149
33241761,24,24.4606,149,27739,0.11,0,1,578995,578846,149
33244681,24,24.403,149,27739,0.11,0,1,579019,578870,149
33247601,24,24.3527,149,27739,0.11,0,1,579043,578894,149
33250521,24,24.3086,149,27739,0.11,0,1,579067,578918,149
33253441,24,24.27,149,27739,0.11,0,1,579091,578942,149
33256361,24,24.2363,149,27739,0.11,0,1,579115,578966,149
33259281,24,24.2067,149,27739,0.11,0,1,579139,578990,149
33262201,24,24.1809,149,27739,0.11,0,1,579163,579014,149
33265121,24,24.1583,149,27739,0.11,0,1,579187,579038,149
33268041,24,24.1385,149,27739,0.11,0,1,579211,579062,149
33270961,24,24.1212,149,27739,0.11,0,1,579235,579086,149
33273881,24,24.106,149,27739,0.11,0,1,579259,579110,149
33276801,24,24.0928,149,27739,0.11,0,1,579283,579134,149
33279721,24,24.0812,149,27739,0.11,0,1,579307,579158,149
33282641,24,24.071,149,27739,0.11,0,1,579331,579182,149
33285561,24,24.0622,149,27739,0.11,0,1,579355,579206,149
33288481,24,24.0544,149,27739,0.11,0,1,579379,579230,149
33291401,24,24.0476,149,30659,0.11,0,1,579403,579254,149
33294321,24,24.0416,149,30659,0.13,0,1,579427,579278,149
33297241,24,24.0364,149,30659,0.15,0,1,579451,579302,149
33300161,24,24.0319,149,30659,0.15,0,1,579475,579326,149
33303081,24,24.0279,149,27739,0.15,0,1,579499,579350,149
33306001,24,24.0244,149,27739,0.15,0,1,579523,579374,149
33308921,24,23.6464,152,27739,0.13,0,1,579547,579395,152
33311841,24,22.9406,158,27739,0.13,0,1,579571,579413,158
33314761,24,22.323,164,27739,0.13,0,1,579595,579431,164
33317681,24,21.7826,170,27739,0.13,0,1,579619,579449,170
33320601,24,21.3098,176,27739,0.13,0,1,579643,579467,176
33323521,24,21.7711,175,27739,0.13,0,1,579667,579492,175
33326441,24,23.0497,167,27739,0.13,0,1,579691,579524,167
33329361,24,24.1685,159,27739,0.13,0,1,579715,579556,159
33332281,24,24.6474,155,27739,0.13,0,1,579739,579584,155
33335201,24,24.5665,155,27739,0.13,0,1,579763,579608,155
33338121,24,24.4957,155,27739,0.13,0,1,579787,579632,155
33341041,24,24.4337,155,27739,0.13,0,1,579811,579656,155
33343961,24,24.3795,155,27739,0.13,0,1,579835,579680,155
33346881,24,24.3321,155,27739,0.13,0,1,579859,579704,155
33349801,24,24.2906,155,27739,0.13,0,1,579883,579728,155
33352721,24,24.2542,155,27739,0.13,0,1,579907,579752,155
33355641,24,24.2225,155,27739,0.13,0,1,579931,579776,155
33358561,24,24.1947,155,27739,0.13,0,1,579955,579800,155
33361481,24,24.1703,155,27739,0.13,0,1,579979,579824,155
33364401,24,24.149,155,27739,0.13,0,1,580003,579848,155
33367321,24,24.1304,155,27739,0.13,0,1,580027,579872,155
33370241,24,24.1141,155,27739,0.13,0,1,580051,579896,155
33373161,24,24.0998,155,27739,0.13,0,1,580075,579920,155
33376081,24,24.0874,155,27739,0.13,0,1,580099,579944,155
33379001,24,24.0764,155,27739,0.13,0,1,580123,579968,155
33381921,24,24.0669,155,27739,0.13,0,1,580147,579992,155
33384841,24,24.0585,155,30659,0.13,0,1,580171,580016,155
33387761,24,24.0512,155,30659,0.15,0,1,580195,580040,155
33390681,24,24.0448,155,30659,0.15,0,1,580219,580064,155
33393601,24,24.0392,155,30659,0.17,0,1,580243,580088,155
33396521,24,24.0343,155,27739,0.17,0,1,580267,580112,155
33399441,24,24.03,155,27739,0.17,0,1,580291,580136,155
33402361,24,23.6513,158,27739,0.15,0,1,580315,580157,158
33405281,24,22.9449,164,27739,0.15,0,1,580339,580175,164
33408201,24,22.3267,170,27739,0.13,0,1,580363,580193,170
33411121,24,21.7859,176,27739,0.13,0,1,580387,580211,176
33414041,24,21.3127,182,27739,0.13,0,1,580411,580229,182
33416961,24,20.8986,188,27739,0.13,0,1,580435,580247,188
33419881,24,22.2863,180,27739,0.13,0,1,580459,580279,180
33422801,24,23.5005,172,27739,0.13,0,1,580483,580311,172
33425721,24,24.5629,164,27739,0.13,0,1,580507,580343,164
33428641,24,24.4926,164,27739,0.13,0,1,580531,580367,164
33431561,24,24.431,164,27739,0.13,0,1,580555,580391,164
33434481,24,24.3771,164,27739,0.13,0,1,580579,580415,164
33437401,24,24.33,164,27739,0.13,0,1,580603,580439,164
33440321,24,24.2887,164,27739,0.13,0,1,580627,580463,164
33443241,24,24.2526,164,27739,0.13,0,1,580651,580487,164
33446161,24,24.2211,164,27739,0.13,0,1,580675,580511,164
33449081,24,24.1934,164,27739,0.13,0,1,580699,580535,164
33452001,24,24.1692,164,27739,0.13,0,1,580723,580559,164
33454921,24,24.1481,164,27739,0.13,0,1,580747,580583,164
33457841,24,24.1296,164,27739,0.13,0,1,580771,580607,164
33460761,24,24.1134,164,27739,0.13,0,1,580795,580631,164
33463681,24,24.0992,164,27739,0.13,0,1,580819,580655,164
33466601,24,24.0868,164,27739,0.13,0,1,580843,580679,164
33469521,24,24.076,164,27739,0.13,0,1,580867,580703,164
33472441,24,24.0665,164,27739,0.13,0,1,580891,580727,164
33475361,24,24.0582,164,27739,0.13,0,1,580915,580751,164
33478281,24,24.0509,164,30659,0.15,0,1,580939,580775,164
33481201,24,24.0445,164,30659,0.15,0,1,580963,580799,164
33484121,24,24.039,164,30659,0.17,0,1,580987,580823,164
33487041,24,24.0341,164,30659,0.19,0,1,581011,580847,164
33489961,24,24.0298,164,27739,0.19,0,1,581035,580871,164
33492881,24,24.0261,164,27739,0.17,0,1,581059,580895,164
33495801,24,24.0228,164,27739,0.17,0,1,581083,580919,164
33498721,24,23.27,170,27739,0.15,0,1,581107,580937,170
33501641,24,22.6112,176,27739,0.15,0,1,581131,580955,176
33504561,24,22.0348,182,27739,0.15,0,1,581155,580973,182
33507481,24,21.5305,188,27739,0.15,0,1,581179,580991,188
33510401,24,21.0892,194,27739,0.15,0,1,581203,581009,194
33513321,24,21.578,193,27739,0.14,0,1,581227,581034,193
33516241,24,22.8808,185,27739,0.1,0,1,581251,581066,185
33519161,24,24.0207,177,27739,0.06,0,1,581275,581098,177
33522081,24,24.5181,173,27739,0.02,0,1,581299,581126,173
33525001,24,24.4533,173,27739,0,0,1,581323,581150,173
33527921,24,24.3967,173,27739,0,0,1,581347,581174,173
33529601,22.75,24.3471,163,27739,0,0,1,581361,581198,163
33532521,383.156,394.429,84,27739,0.01,0,1,584267,584183,84
33535441,338.262,348.125,84,27739,0.01,0,1,584291,584207,84
33538361,298.979,307.609,84,27739,0.01,0,1,584315,584231,84
33541281,264.607,272.158,84,27739,0.01,0,1,584339,584255,84
33544201,234.531,241.138,84,27739,0.01,0,1,584363,584279,84
33547121,208.214,213.996,84,27739,0.01,0,1,584387,584303,84
33550041,185.188,190.247,84,27739,0.01,0,1,584411,584327,84
33552961,165.039,169.466,84,27739,0.01,0,1,584435,584351,84
33555881,147.409,151.283,84,27739,0.01,0,1,584459,584375,84
33558801,131.983,135.372,84,27739,0.01,0,1,584483,584399,84
33561721,118.485,121.451,84,27739,0.01,0,1,584507,584423,84
33564641,106.675,109.269,84,27739,0.01,0,1,584531,584447,84
33567561,96.3403,98.6107,84,27739,0.01,0,1,584555,584471,84
33570481,87.2977,89.2844,84,30659,0.01,0,1,584579,584495,84
33573401,79.3855,81.1238,84,30659,0.01,0,1,584603,584519,84
33576321,72.4623,73.9834,84,30659,0.03,0,1,584627,584543,84
33579241,66.4045,67.7354,84,30659,0.05,0,1,584651,584567,84
33582161,61.104,61.5185,90,30659,0.05,0,1,584675,584585,90
33585081,56.466,56.0787,96,30659,0.07,0,1,584699,584603,96
33588001,52.4077,51.3189,102,30659,0.09,0,1,584723,584621,102
33590921,48.8568,47.154,108,30659,0.09,0,1,584747,584639,108
33593841,45.7497,43.5097,114,30659,0.11,0,1,584771,584657,114
33596761,43.031,40.321,120,30659,0.13,0,1,584795,584675,120
33599681,40.6521,37.5309,126,27739,0.13,0,1,584819,584693,126
33602601,38.5706,35.0895,132,27739,0.12,0,1,584843,584711,132
33605521,36.7493,32.9533,138,27739,0.11,0,1,584867,584729,138
33608441,35.1556,31.0842,144,27739,0.1,0,1,584891,584747,144
33611361,33.7611,29.4487,150,27739,0.09,0,1,584915,584765,150
33614281,32.541,28.0176,156,27739,0.09,0,1,584939,584783,156
33617201,31.4734,26.7654,162,27739,0.09,0,1,584963,584801,162
33620121,30.5392,27.4197,154,27739,0.09,0,1,584987,584833,154
33623041,29.7218,27.9922,146,27739,0.09,0,1,585011,584865,146
33625961,29.0066,28.4932,138,27739,0.09,0,1,585035,584897,138
33628881,28.3808,27.9316,138,27739,0.09,0,1,585059,584921,138
33631801,27.8332,27.4401,138,27739,0.09,0,1,585083,584945,138
33634721,27.354,27.0101,138,27739,0.09,0,1,585107,584969,138
33637641,26.9348,26.6338,138,27739,0.09,0,1,585131,584993,138
33640561,26.5679,26.3046,138,27739,0.09,0,1,585155,585017,138
33643481,26.2469,26.0165,138,27739,0.09,0,1,585179,585041,138
33646401,25.9661,25.7645,138,27739,0.09,0,1,585203,585065,138
33649321,25.7203,25.5439,138,27739,0.09,0,1,585227,585089,138
33652241,25.5053,25.3509,138,27739,0.09,0,1,585251,585113,138
33655161,25.3171,25.1821,138,27739,0.09,0,1,585275,585137,138
33658081,25.1525,25.0343,138,27739,0.09,0,1,585299,585161,138
33661001,25.0084,24.905,138,27739,0.09,0,1,585323,585185,138
33663921,24.8824,24.7919,138,27739,0.09,0,1,585347,585209,138
33666841,24.7721,24.6929,138,27739,0.09,0,1,585371,585233,138
33669761,24.6756,24.6063,138,27739,0.09,0,1,585395,585257,138
33672681,24.5911,24.5305,138,27739,0.09,0,1,585419,585281,138
33675601,24.5172,24.4642,138,27739,0.09,0,1,585443,585305,138
33678521,24.4526,24.4062,138,27739,0.09,0,1,585467,585329,138
33681441,24.396,24.3554,138,30659,0.09,0,1,585491,585353,138
33684361,24.3465,24.311,138,30659,0.11,0,1,585515,585377,138
33687281,24.3032,24.2721,138,30659,0.13,0,1,585539,585401,138
33690201,24.2653,24.2381,138,30659,0.13,0,1,585563,585425,138
33693121,24.2321,24.2083,138,27739,0.13,0,1,585587,585449,138
33696041,24.2031,24.1823,138,27739,0.13,0,1,585611,585473,138
33698961,24.1777,23.4095,144,27739,0.11,0,1,585635,585491,144
33701881,24.1555,22.7333,150,27739,0.11,0,1,585659,585509,150
33704801,24.1361,22.1416,156,27739,0.09,0,1,585683,585527,156
33707721,24.1191,21.6239,162,27739,0.09,0,1,585707,585545,162
33710641,24.1042,21.1709,168,27739,0.09,0,1,585731,585563,168
33713561,24.0912,22.5246,160,27739,0.09,0,1,585755,585595,160
33716481,24.0798,23.709,152,27739,0.09,0,1,585779,585627,152
33719401,24.0698,24.7454,144,27739,0.09,0,1,585803,585659,144
33722321,24.0611,25.1522,140,27739,0.09,0,1,585827,585687,140
33725241,24.0534,25.0082,140,27739,0.09,0,1,585851,585711,140
33728161,24.0468,24.8822,140,27739,0.09,0,1,585875,585735,140
33731081,24.0409,24.7719,140,27739,0.09,0,1,585899,585759,140
33734001,24.0358,24.6754,140,27739,0.09,0,1,585923,585783,140
33736921,24.0313,24.591,140,27739,0.09,0,1,585947,585807,140
33739841,24.0274,24.5171,140,27739,0.09,0,1,585971,585831,140
33742761,24.024,24.4525,140,27739,0.09,0,1,585995,585855,140
33745681,24.021,24.3959,140,27739,0.09,0,1,586019,585879,140
33748601,24.0184,24.3464,140,27739,0.09,0,1,586043,585903,140
33751521,24.0161,24.3031,140,27739,0.09,0,1,586067,585927,140
33754441,24.0141,24.2652,140,27739,0.09,0,1,586091,585951,140
33757361,24.0123,24.2321,140,27739,0.06,0,1,586115,585975,140
33760281,24.0108,24.2031,140,27739,0.02,0,1,586139,585999,140
33763201,24.0094,24.1777,140,27739,0,0,1,586163,586023,140
33766121,24.0082,24.1555,140,27739,0,0,1,586187,586047,140
33767761,22.6322,24.136,129,27739,0,0,1,586200,586071,129
33770681,527.178,534.119,84,27739,0.01,0,1,590259,590175,84
33773601,464.281,470.354,84,30659,0.01,0,1,590283,590199,84
33776521,409.246,414.56,84,33579,0.01,0,1,590307,590223,84
33779441,361.09,365.74,84,36499,0.03,0,1,590331,590247,84
33782361,318.954,323.022,84,37959,0.05,0,1,590355,590271,84
33785281,282.085,284.895,90,36986,0.05,0,1,590379,590289,90
33788201,249.824,251.533,96,36256,0.07,0,1,590403,590307,96
33791121,221.596,222.341,102,35769,0.09,0,1,590427,590325,102
33794041,196.897,196.799,108,35526,0.09,0,1,590451,590343,108
33796961,175.284,174.449,114,35526,0.11,0,1,590475,590361,114
33799881,156.374,154.893,120,35526,0.13,0,1,590499,590379,120
33802801,139.827,137.781,126,35526,0.13,0,1,590523,590397,126
33805721,125.349,122.808,132,35526,0.15,0,1,590547,590415,132
33808641,112.68,109.707,138,35526,0.17,0,1,590571,590433,138
33811561,101.595,98.2439,144,32606,0.17,0,1,590595,590451,144
33814481,91.8958,88.2135,150,32606,0.16,0,1,590619,590469,150
33817401,83.4088,79.4368,156,32606,0.15,0,1,590643,590487,156
33820321,75.9827,71.7572,162,32606,0.14,0,1,590667,590505,162
33823241,69.4848,65.0375,168,32606,0.13,0,1,590691,590523,168
33826161,63.7992,59.1578,174,32606,0.12,0,1,590715,590541,174
33829081,58.8243,54.0131,180,32606,0.12,0,1,590739,590559,180
33832001,54.4713,49.5115,186,32606,0.12,0,1,590763,590577,186
33834921,50.6624,47.3225,178,32606,0.12,0,1,590787,590609,178
33837841,47.3296,45.4072,170,32606,0.12,0,1,590811,590641,170
33840761,44.4134,43.7313,162,32606,0.12,0,1,590835,590673,162
33843681,41.8617,42.2649,154,32606,0.12,0,1,590859,590705,154
33846601,39.629,39.9818,154,32606,0.12,0,1,590883,590729,154
33849521,37.6754,37.9841,154,32606,0.12,0,1,590907,590753,154
33852441,35.966,36.2361,154,32606,0.12,0,1,590931,590777,154
33855361,34.4702,34.7066,154,32606,0.12,0,1,590955,590801,154
33858281,33.1614,33.3682,154,32606,0.12,0,1,590979,590825,154
33861201,32.0163,32.1972,154,32606,0.12,0,1,591003,590849,154
33864121,31.0142,31.1726,154,32606,0.12,0,1,591027,590873,154
33867041,30.1374,30.276,154,32606,0.12,0,1,591051,590897,154
33869961,29.3703,29.4915,154,32606,0.12,0,1,591075,590921,154
33872881,28.699,28.805,154,32606,0.12,0,1,591099,590945,154
33875801,28.1116,28.2044,154,32606,0.12,0,1,591123,590969,154
33878721,27.5977,27.6789,154,32606,0.12,0,1,591147,590993,154
33881641,27.1479,27.219,154,32606,0.12,0,1,591171,591017,154
33884561,26.7545,26.8166,154,32606,0.12,0,1,591195,591041,154
33887481,26.4101,26.4646,154,32606,0.12,0,1,591219,591065,154
33890401,26.1089,26.1565,154,32606,0.12,0,1,591243,591089,154
33893321,25.8453,25.8869,154,32606,0.12,0,1,591267,591113,154
33896241,25.6146,25.6511,154,32606,0.12,0,1,591291,591137,154
33899161,25.4128,25.4447,154,32606,0.12,0,1,591315,591161,154
33902081,25.2362,25.2641,154,32606,0.12,0,1,591339,591185,154
33905001,25.0817,25.1061,154,32606,0.12,0,1,591363,591209,154
33907921,24.9465,24.9678,154,32606,0.12,0,1,591387,591233,154
33910841,24.8281,24.8468,154,32606,0.12,0,1,591411,591257,154
33913761,24.7246,24.741,154,35526,0.13,0,1,591435,591281,154
33916681,24.6341,24.6484,154,35526,0.13,0,1,591459,591305,154
33919601,24.5548,24.5673,154,35526,0.15,0,1,591483,591329,154
33922521,24.4854,24.4964,154,35526,0.17,0,1,591507,591353,154
33925441,24.4248,24.4344,154,35526,0.17,0,1,591531,591377,154
33928361,24.3717,24.3801,154,32606,0.19,0,1,591555,591401,154
33931281,24.3252,23.9576,157,32606,0.17,0,1,591579,591422,157
33934201,24.2846,23.2129,163,32606,0.17,0,1,591603,591440,163
33937121,24.249,22.5613,169,32606,0.15,0,1,591627,591458,169
33940041,24.2179,21.9911,175,32606,0.15,0,1,591651,591476,175
33942961,24.1906,21.4922,181,32606,0.13,0,1,591675,591494,181
33945881,24.1668,21.0557,187,32606,0.13,0,1,591699,591512,187
33948801,24.146,20.6737,193,32606,0.13,0,1,591723,591530,193
33951721,24.1277,21.2145,192,32606,0.13,0,1,591747,591555,192
33954641,24.1117,22.5627,184,32606,0.13,0,1,591771,591587,184
33957561,24.0978,23.7424,176,32606,0.13,0,1,591795,591619,176
33960481,24.0856,24.7746,168,32606,0.13,0,1,591819,591651,168
33963401,24.0749,25.1777,164,32606,0.13,0,1,591843,591679,164
33966321,24.0655,25.0305,164,32606,0.13,0,1,591867,591703,164
33969241,24.0573,24.9017,164,32606,0.13,0,1,591891,591727,164
33972161,24.0502,24.789,164,32606,0.13,0,1,591915,591751,164
33975081,24.0439,24.6904,164,32606,0.13,0,1,591939,591775,164
33978001,24.0384,24.6041,164,32606,0.13,0,1,591963,591799,164
33980921,24.0336,24.5286,164,32606,0.13,0,1,591987,591823,164
33983841,24.0294,24.4625,164,32606,0.13,0,1,592011,591847,164
33986761,24.0257,24.4047,164,32606,0.13,0,1,592035,591871,164
33989681,24.0225,24.3541,164,32606,0.13,0,1,592059,591895,164
33992601,24.0197,24.3098,164,32606,0.13,0,1,592083,591919,164
33995521,24.0172,24.2711,164,32606,0.13,0,1,592107,591943,164
33998441,24.0151,24.2372,164,32606,0.13,0,1,592131,591967,164
34001361,24.0132,24.2076,164,32606,0.13,0,1,592155,591991,164
34004281,24.0115,24.1816,164,32606,0.13,0,1,592179,592015,164
34007201,24.0101,24.1589,164,32606,0.13,0,1,592203,592039,164
34010121,24.0088,24.1391,164,32606,0.13,0,1,592227,592063,164
34013041,24.0077,24.1217,164,32606,0.13,0,1,592251,592087,164
34015961,24.0068,24.1065,164,32606,0.13,0,1,592275,592111,164
34018881,24.0059,24.0932,164,32606,0.13,0,1,592299,592135,164
34021801,24.0052,24.0815,164,32606,0.13,0,1,592323,592159,164
34024721,24.0045,24.0713,164,32606,0.13,0,1,592347,592183,164
34027641,24.004,24.0624,164,32606,0.13,0,1,592371,592207,164
34030561,24.0035,24.0546,164,35526,0.15,0,1,592395,592231,164
34033481,24.003,24.0478,164,35526,0.15,0,1,592419,592255,164
34036401,24.0027,24.0418,164,35526,0.17,0,1,592443,592279,164
34039321,24.0023,24.0366,164,35526,0.19,0,1,592467,592303,164
34042241,24.002,24.032,164,35526,0.19,0,1,592491,592327,164
34045161,24.0018,24.028,164,32606,0.19,0,1,592515,592351,164
34048081,24.0016,24.0245,164,32606,0.19,0,1,592539,592375,164
34051001,24.0014,23.2714,170,32606,0.17,0,1,592563,592393,170
34053921,24.0012,22.6125,176,32606,0.17,0,1,592587,592411,176
34056841,24.001,22.0359,182,32606,0.15,0,1,592611,592429,182
34059761,24.0009,21.5315,188,32606,0.15,0,1,592635,592447,188
34062681,24.0008,21.09,194,32606,0.15,0,1,592659,592465,194
34065601,24.0007,20.7038,200,32606,0.15,0,1,592683,592483,200
34068521,24.0006,21.2408,199,32606,0.15,0,1,592707,592508,199
34071441,24.0005,22.5857,191,32606,0.15,0,1,592731,592540,191
34074361,24.0005,23.7625,183,32606,0.15,0,1,592755,592572,183
34077281,24.0004,24.7922,175,32606,0.15,0,1,592779,592604,175
34080201,24.0004,25.1932,171,32606,0.15,0,1,592803,592632,171
34083121,24.0003,25.044,171,32606,0.15,0,1,592827,592656,171
34086041,24.0003,24.9135,171,32606,0.15,0,1,592851,592680,171
34088961,24.0002,24.7993,171,32606,0.15,0,1,592875,592704,171
34091881,24.0002,24.6994,171,32606,0.15,0,1,592899,592728,171
34094801,24.0002,24.612,171,32606,0.15,0,1,592923,592752,171
34097721,24.0002,24.5355,171,32606,0.14,0,1,592947,592776,171
34100641,24.0001,24.4685,171,32606,0.1,0,1,592971,592800,171
34103561,24.0001,24.41,171,32606,0.06,0,1,592995,592824,171
34106481,24.0001,24.3587,171,32606,0.02,0,1,593019,592848,171
34109401,24.0001,24.3139,171,32606,0,0,1,593043,592872,171
34112321,24.0001,24.2747,171,32606,0,0,1,593067,592896,171
34114081,22.7501,24.2403,161,32606,0,0,1,593081,592920,161
34117001,407.156,418.085,84,32606,0.01,0,1,596179,596095,84
34119921,359.262,368.825,84,32606,0.01,0,1,596203,596119,84
34122841,317.354,325.722,84,32606,0.01,0,1,596227,596143,84
34125761,280.685,288.006,84,32606,0.01,0,1,596251,596167,84
34128681,248.599,255.006,84,32606,0.01,0,1,596275,596191,84
34131601,220.524,226.13,84,32606,0.01,0,1,596299,596215,84
34134521,195.959,200.864,84,35526,0.01,0,1,596323,596239,84
34137441,174.464,178.756,84,35526,0.01,0,1,596347,596263,84
34140361,155.656,159.411,84,35526,0.03,0,1,596371,596287,84
34143281,139.199,142.485,84,35526,0.05,0,1,596395,596311,84
34146201,124.799,126.924,90,35526,0.05,0,1,596419,596329,90
34149121,112.199,113.309,96,35039,0.07,0,1,596443,596347,96
34152041,101.174,101.395,102,34796,0.09,0,1,596467,596365,102
34154961,91.5275,90.9707,108,34796,0.09,0,1,596491,596383,108
34157881,83.0866,81.8494,114,34796,0.11,0,1,596515,596401,114
34160801,75.7007,73.8682,120,34796,0.13,0,1,596539,596419,120
34163721,69.2381,66.8847,126,34796,0.13,0,1,596563,596437,126
34166641,63.5834,60.7741,132,34796,0.15,0,1,596587,596455,132
34169561,58.6355,55.4273,138,34796,0.17,0,1,596611,596473,138
34172481,54.306,50.7489,144,31876,0.17,0,1,596635,596491,144
34175401,50.5178,46.6553,150,31876,0.16,0,1,596659,596509,150
34178321,47.2031,43.0734,156,31876,0.15,0,1,596683,596527,156
34181241,44.3027,39.9392,162,31876,0.14,0,1,596707,596545,162
34184161,41.7648,37.1968,168,31876,0.13,0,1,596731,596563,168
34187081,39.5442,34.7972,174,31876,0.12,0,1,596755,596581,174
34190001,37.6012,32.6976,180,31876,0.12,0,1,596779,596599,180
34192921,35.9011,30.8604,186,31876,0.12,0,1,596803,596617,186
34195841,34.4134,31.0028,178,31876,0.12,0,1,596827,596649,178
34198761,33.1117,31.1275,170,31876,0.12,0,1,596851,596681,170
34201681,31.9728,31.2365,162,31876,0.12,0,1,596875,596713,162
34204601,30.9762,31.332,154,31876,0.12,0,1,596899,596745,154
34207521,30.1042,30.4155,154,31876,0.12,0,1,596923,596769,154
34210441,29.3411,29.6135,154,31876,0.12,0,1,596947,596793,154
34213361,28.6735,28.9118,154,31876,0.12,0,1,596971,596817,154
34216281,28.0893,28.2979,154,31876,0.12,0,1,596995,596841,154
34219201,27.5781,27.7606,154,31876,0.12,0,1,597019,596865,154
34222121,27.1309,27.2906,154,31876,0.12,0,1,597043,596889,154
34225041,26.7395,26.8792,154,31876,0.12,0,1,597067,596913,154
34227961,26.3971,26.5193,154,31876,0.12,0,1,597091,596937,154
34230881,26.0974,26.2044,154,31876,0.12,0,1,597115,596961,154
34233801,25.8353,25.9289,154,31876,0.12,0,1,597139,596985,154
34236721,25.6059,25.6878,154,31876,0.12,0,1,597163,597009,154
34239641,25.4051,25.4768,154,31876,0.12,0,1,597187,597033,154
34242561,25.2295,25.2922,154,31876,0.12,0,1,597211,597057,154
34245481,25.0758,25.1307,154,31876,0.12,0,1,597235,597081,154
34248401,24.9413,24.9893,154,31876,0.12,0,1,597259,597105,154
34251321,24.8237,24.8657,154,31876,0.12,0,1,597283,597129,154
34254241,24.7207,24.7575,154,31876,0.12,0,1,597307,597153,154
34257161,24.6306,24.6628,154,31876,0.12,0,1,597331,597177,154
34260081,24.5518,24.5799,154,31876,0.12,0,1,597355,597201,154
34263001,24.4828,24.5074,154,31876,0.12,0,1,597379,597225,154
34265921,24.4225,24.444,154,31876,0.12,0,1,597403,597249,154
34268841,24.3697,24.3885,154,31876,0.12,0,1,597427,597273,154
34271761,24.3234,24.3399,154,31876,0.12,0,1,597451,597297,154
34274681,24.283,24.2974,154,34796,0.13,0,1,597475,597321,154
34277601,24.2476,24.2603,154,34796,0.13,0,1,597499,597345,154
34280521,24.2167,24.2277,154,34796,0.15,0,1,597523,597369,154
34283441,24.1896,24.1993,154,34796,0.17,0,1,597547,597393,154
34286361,24.1659,24.1744,154,34796,0.17,0,1,597571,597417,154
34289281,24.1452,24.1526,154,31876,0.19,0,1,597595,597441,154
34292201,24.127,23.7585,157,31876,0.17,0,1,597619,597462,157
34295121,24.1111,23.0387,163,31876,0.17,0,1,597643,597480,163
34298041,24.0972,22.4088,169,31876,0.15,0,1,597667,597498,169
34300961,24.0851,21.8577,175,31876,0.15,0,1,597691,597516,175
34303881,24.0745,21.3755,181,31876,0.13,0,1,597715,597534,181
34306801,24.0651,20.9536,187,31876,0.13,0,1,597739,597552,187
34309721,24.057,20.5844,193,31876,0.13,0,1,597763,597570,193
34312641,24.0499,21.1363,192,31876,0.13,0,1,597787,597595,192
34315561,24.0436,22.4943,184,31876,0.13,0,1,597811,597627,184
34318481,24.0382,23.6825,176,31876,0.13,0,1,597835,597659,176
34321401,24.0334,24.7222,168,31876,0.13,0,1,597859,597691,168
34324321,24.0292,25.1319,164,31876,0.13,0,1,597883,597719,164
34327241,24.0256,24.9904,164,31876,0.13,0,1,597907,597743,164
34330161,24.0224,24.8666,164,31876,0.13,0,1,597931,597767,164
34333081,24.0196,24.7583,164,31876,0.13,0,1,597955,597791,164
34336001,24.0171,24.6635,164,31876,0.13,0,1,597979,597815,164
34338921,24.015,24.5806,164,31876,0.13,0,1,598003,597839,164
34341841,24.0131,24.508,164,31876,0.13,0,1,598027,597863,164
34344761,24.0115,24.4445,164,31876,0.13,0,1,598051,597887,164
34347681,24.01,24.3889,164,31876,0.13,0,1,598075,597911,164
34350601,24.0088,24.3403,164,31876,0.13,0,1,598099,597935,164
34353521,24.0077,24.2978,164,31876,0.13,0,1,598123,597959,164
34356441,24.0067,24.2606,164,31876,0.13,0,1,598147,597983,164
34359361,24.0059,24.228,164,31876,0.13,0,1,598171,598007,164
34362281,24.0052,24.1995,164,31876,0.13,0,1,598195,598031,164
34365201,24.0045,24.1746,164,31876,0.13,0,1,598219,598055,164
34368121,24.0039,24.1527,164,31876,0.13,0,1,598243,598079,164
34371041,24.0035,24.1336,164,31876,0.13,0,1,598267,598103,164
34373961,24.003,24.1169,164,31876,0.13,0,1,598291,598127,164
34376881,24.0026,24.1023,164,31876,0.13,0,1,598315,598151,164
34379801,24.0023,24.0895,164,31876,0.13,0,1,598339,598175,164
34382721,24.002,24.0783,164,31876,0.13,0,1,598363,598199,164
34385641,24.0018,24.0685,164,31876,0.13,0,1,598387,598223,164
34388561,24.0015,24.06,164,31876,0.13,0,1,598411,598247,164
34391481,24.0014,24.0525,164,34796,0.15,0,1,598435,598271,164
34394401,24.0012,24.0459,164,34796,0.15,0,1,598459,598295,164
34397321,24.001,24.0402,164,34796,0.17,0,1,598483,598319,164
34400241,24.0009,24.0352,164,34796,0.19,0,1,598507,598343,164
34403161,24.0008,24.0308,164,34796,0.19,0,1,598531,598367,164
34406081,24.0007,24.0269,164,31876,0.19,0,1,598555,598391,164
34409001,24.0006,24.0236,164,31876,0.19,0,1,598579,598415,164
34411921,24.0005,23.2706,170,31876,0.17,0,1,598603,598433,170
34414841,24.0005,22.6118,176,31876,0.17,0,1,598627,598451,176
34417761,24.0004,22.0353,182,31876,0.15,0,1,598651,598469,182
34420681,24.0004,21.5309,188,31876,0.15,0,1,598675,598487,188
34423601,24.0003,21.0895,194,31876,0.15,0,1,598699,598505,194
34426521,24.0003,20.7033,200,31876,0.15,0,1,598723,598523,200
34429441,24.0002,21.2404,199,31876,0.15,0,1,598747,598548,199
34432361,24.0002,22.5854,191,31876,0.15,0,1,598771,598580,191
34435281,24.0002,23.7622,183,31876,0.15,0,1,598795,598612,183
34438201,24.0002,24.7919,175,31876,0.15,0,1,598819,598644,175
34441121,24.0001,25.1929,171,31876,0.15,0,1,598843,598672,171
34444041,24.0001,25.0438,171,31876,0.15,0,1,598867,598696,171
34446961,24.0001,24.9133,171,31876,0.15,0,1,598891,598720,171
34449881,24.0001,24.7992,171,31876,0.15,0,1,598915,598744,171
34452801,24.0001,24.6993,171,31876,0.15,0,1,598939,598768,171
34455721,24.0001,24.6119,171,31876,0.15,0,1,598963,598792,171
34458641,24.0001,24.5354,171,31876,0.15,0,1,598987,598816,171
34461561,24.0001,24.4685,171,31876,0.15,0,1,599011,598840,171
34464481,24,24.4099,171,31876,0.15,0,1,599035,598864,171
34467401,24,24.3587,171,31876,0.15,0,1,599059,598888,171
34470321,24,24.3138,171,31876,0.15,0,1,599083,598912,171
34473241,24,24.2746,171,31876,0.15,0,1,599107,598936,171
34476161,24,24.2403,171,31876,0.15,0,1,599131,598960,171
34479081,24,24.2102,171,31876,0.15,0,1,599155,598984,171
34482001,24,24.184,171,31876,0.15,0,1,599179,599008,171
34484921,24,24.161,171,31876,0.15,0,1,599203,599032,171
34487841,24,24.1408,171,31876,0.15,0,1,599227,599056,171
34490761,24,24.1232,171,31876,0.15,0,1,599251,599080,171
34493681,24,24.1078,171,31876,0.15,0,1,599275,599104,171
34496601,24,24.0944,171,31876,0.15,0,1,599299,599128,171
34499521,24,24.0826,171,31876,0.15,0,1,599323,599152,171
34502441,24,24.0722,171,31876,0.15,0,1,599347,599176,171
34505361,24,24.0632,171,31876,0.15,0,1,599371,599200,171
34508281,24,24.0553,171,34796,0.15,0,1,599395,599224,171
34511201,24,24.0484,171,34796,0.17,0,1,599419,599248,171
34514121,24,24.0423,171,34796,0.17,0,1,599443,599272,171
34517041,24,24.0371,171,34796,0.19,0,1,599467,599296,171
34519961,24,24.0324,171,34796,0.21,0,1,599491,599320,171
34522881,24,24.0284,171,31876,0.21,0,1,599515,599344,171
34525801,24,24.0248,171,31876,0.2,0,1,599539,599368,171
34528721,24,23.6467,174,31876,0.19,0,1,599563,599389,174
34531641,24,22.9409,180,31876,0.18,0,1,599587,599407,180
34534561,24,22.3233,186,31876,0.17,0,1,599611,599425,186
34537481,24,21.7829,192,31876,0.16,0,1,599635,599443,192
34540401,24,21.31,198,31876,0.16,0,1,599659,599461,198
34543321,24,20.8963,204,31876,0.16,0,1,599683,599479,204
34546241,24,20.5342,210,31876,0.16,0,1,599707,599497,210
34549161,24,21.9674,202,31876,0.16,0,1,599731,599529,202
34552081,24,23.2215,194,31876,0.16,0,1,599755,599561,194
34555001,24,24.3188,186,31876,0.16,0,1,599779,599593,186
34557921,24,25.279,178,31876,0.16,0,1,599803,599625,178
34560841,24,25.1191,178,31876,0.16,0,1,599827,599649,178
34563761,24,24.9792,178,31876,0.14,0,1,599851,599673,178
34566681,24,24.8568,178,31876,0.1,0,1,599875,599697,178
34569601,24,24.7497,178,31876,0.06,0,1,599899,599721,178
34572521,24,24.656,178,31876,0.02,0,1,599923,599745,178
34575441,24,24.574,178,31876,0,0,1,599947,599769,178
34578361,24,24.5022,178,31876,0,0,1,599971,599793,178
34580001,22.625,24.4395,167,31876,0,0,1,599984,599817,167
