#Ack,ack_ewma(ms),send_ewma(ms),rtt_ratio,cwnd (Bytes),Last Router Ocupation Ack Arriaval(Packets),Last Router Ocupation Packet Sent(Packets),Network Situation,AckArrival(ms),TSInsideAck(ms),RTTAck(ms)
27741,48.4396,97.9399,342,39420,0.112904,0.05,1,1906,1564,342
30661,48.3847,85.6974,390,42340,0.136613,0.09,1,1954,1564,390
33581,48.3366,80.9852,390,45260,0.161952,0.09,1,2002,1612,390
36501,48.2945,70.8621,438,48180,0.188757,0.13,1,2050,1612,438
39421,48.2577,68.0043,438,51100,0.216881,0.13,1,2098,1660,438
42341,48.2255,59.5038,486,54020,0.246193,0.15,1,2146,1660,486
45261,48.1973,58.8158,480,56940,0.276574,0.15,1,2194,1714,480
48181,48.1726,51.4638,528,59860,0.307916,0.19,1,2242,1714,528
51101,48.1511,51.0308,528,62780,0.340125,0.19,1,2290,1762,528
54021,48.1322,44.652,576,65700,0.373112,0.23,1,2338,1762,576
56941,48.1157,45.0705,576,68620,0.406801,0.23,1,2386,1810,576
59861,48.1012,39.4367,624,71540,0.441121,0.27,1,2434,1810,624
62781,48.0886,40.5071,624,74460,0.471009,0.27,1,2482,1858,624
65701,48.0775,35.4437,672,77380,0.493908,0.31,1,2530,1858,672
68621,48.0678,37.0132,672,80300,0.510517,0.31,1,2578,1906,672
71541,48.0593,32.3866,720,83220,0.521465,0.35,1,2626,1906,720
74461,48.0519,34.3383,720,86140,0.527319,0.35,1,2674,1954,720
77381,48.0454,30.046,768,89060,0.528587,0.39,1,2722,1954,768
80301,48.0397,32.2902,768,91980,0.525728,0.39,1,2770,2002,768
83221,48.0348,28.254,816,94900,0.519155,0.43,1,2818,2002,816
86141,48.0304,30.7222,816,97820,0.50924,0.43,1,2866,2050,816
89061,48.0266,26.8819,864,100740,0.496316,0.47,1,2914,2050,864
91981,48.0233,29.5217,864,103660,0.480684,0.47,1,2962,2098,864
94901,48.0204,25.8315,912,106580,0.462616,0.51,1,3010,2098,912
97821,48.0178,28.6025,912,109500,0.442354,0.51,1,3058,2146,912
100741,48.0156,25.0272,960,112420,0.420119,0.55,1,3106,2146,960
103661,48.0137,27.8988,960,115340,0.396107,0.55,1,3154,2194,960
106581,48.0119,24.4115,1008,118260,0.370496,0.59,1,3202,2194,1008
109501,48.0105,27.36,1008,121180,0.343447,0.59,1,3250,2242,1008
112421,48.0091,23.94,1056,124100,0.315102,0.63,1,3298,2242,1056
115341,48.008,26.9475,1056,127020,0.285592,0.63,1,3346,2290,1056
118261,48.007,23.5791,1104,129940,0.257033,0.67,1,3394,2290,1104
121181,48.0061,26.6317,1104,132860,0.231329,0.67,1,3442,2338,1104
124101,48.0054,23.3027,1152,132860,0.208196,0.71,1,3490,2338,1152
127021,48.0047,26.3899,1152,132860,0.187377,0.71,1,3538,2386,1152
129941,48.0041,23.0912,1200,132860,0.168639,0.75,1,3586,2386,1200
131041,69.2536,26.2048,1370,132860,0.151775,0,1,3804,2434,1370
133961,190.097,289.929,270,132860,0.236598,0,1,4840,4570,270
136881,172.335,253.688,318,132860,0.312938,0,1,4888,4570,318
139801,156.793,221.977,366,132860,0.381644,0,1,4936,4570,366
142721,143.194,194.23,414,132860,0.44348,0,1,4984,4570,414
145641,131.295,169.951,462,132860,0.499132,0,1,5032,4570,462
148561,120.883,148.707,510,132860,0.549219,0,1,5080,4570,510
151481,111.772,130.119,558,134320,0.594297,0,1,5128,4570,558
160241,90.7225,87.1695,702,134320,0.704242,0,2,5272,4570,702
163161,85.3822,76.2733,750,134320,0.733818,0,2,5320,4570,750
166081,80.7094,66.7391,798,134320,0.760436,0,2,5368,4570,798
169001,76.6208,58.3967,846,134320,0.784393,0,2,5416,4570,846
171921,73.0432,51.0971,894,134320,0.805953,0,2,5464,4570,894
174841,69.9128,44.71,942,134320,0.825358,0,2,5512,4570,942
177761,67.1737,39.1212,990,134320,0.842822,0,2,5560,4570,990
180681,64.777,34.2311,1038,135780,0.85854,0,2,5608,4570,1038
183601,62.6798,29.9522,1086,135780,0.872686,0,2,5656,4570,1086
186521,60.8449,26.2082,1134,135780,0.885417,0,2,5704,4570,1134
189441,59.2393,22.9322,1182,135780,0.896876,0,2,5752,4570,1182
192361,57.8343,20.0656,1230,135780,0.907188,0,2,5800,4570,1230
195281,56.6051,17.5574,1278,135780,0.916469,0,2,5848,4570,1278
198201,55.5294,15.3628,1326,135780,0.924822,0,2,5896,4570,1326
201121,54.5882,13.4424,1374,135780,0.93234,0,2,5944,4570,1374
204041,53.7647,11.7621,1422,137240,0.939106,0,2,5992,4570,1422
206961,53.0441,10.2918,1470,137240,0.945195,0,2,6040,4570,1470
212801,17.9412,0.022124,2489,93680,0.946261,0,2,7059,4570,2489
212801,18.6985,0.0193585,2513,93480,0.942634,0,2,7083,4570,2513
212801,16.8612,0.0169387,2517,93480,0.941371,0,2,7087,4570,2517
212801,17.7536,0.0148214,2541,93480,0.938234,0,2,7111,4570,2541
212801,18.5344,0.0129687,2565,93480,0.936411,0,2,7135,4570,2565
212801,16.7176,0.0113476,2569,93280,0.936769,0,2,7139,4570,2569
212801,17.6279,0.00992915,2593,93280,0.935093,0,2,7163,4570,2593
212801,18.4244,0.008688,2617,93280,0.934583,0,2,7187,4570,2617
212801,16.6213,0.007602,2621,93080,0.936125,0,2,7191,4570,2621
212801,17.5437,0.00665175,2645,93080,0.935512,0,2,7215,4570,2645
212801,16.6007,0.00582028,2655,93080,0.936961,0,2,7225,4570,2655
212801,17.5256,0.00509275,2679,93080,0.936265,0,2,7249,4570,2679
212801,18.3349,0.00445616,2703,92880,0.936639,0,2,7273,4570,2703
212801,16.5431,0.00389914,2707,92260,0.938975,0,2,7277,4570,2707
212801,17.4752,0.00341174,2731,92260,0.939077,0,2,7301,4570,2731
212801,18.2908,0.00298528,2755,92260,0.94017,0,2,7325,4570,2755
212801,16.5044,0.00261212,2759,92060,0.943153,0,2,7329,4570,2759
212801,17.4414,0.0022856,2783,92060,0.943837,0,2,7353,4570,2783
212801,18.2612,0.0019999,2807,92060,0.943454,0,2,7377,4570,2807
212801,16.4786,0.00174991,2811,91860,0.945108,0,2,7381,4570,2811
212801,17.4187,0.00153117,2835,91860,0.944597,0,2,7405,4570,2835
212801,18.2414,0.00133978,2859,91860,0.943138,0,2,7429,4570,2859
212801,16.4612,0.00117231,2863,91660,0.943824,0,2,7433,4570,2863
212801,17.4036,0.00102577,2887,91660,0.941441,0,2,7457,4570,2887
212801,16.4781,0.000897546,2897,91660,0.935297,0,2,7467,4570,2897
212801,17.4184,0.000785353,2921,91660,0.928768,0,2,7491,4570,2921
212801,18.2411,0.000687184,2945,91460,0.921891,0,2,7515,4570,2945
212801,16.4609,0.000601286,2949,90840,0.916702,0,2,7519,4570,2949
212801,17.4033,0.000526125,2973,90840,0.910032,0,2,7543,4570,2973
212801,18.2279,0.00046036,2997,90840,0.905028,0,2,7567,4570,2997
212801,16.4494,0.000402815,3001,90640,0.902526,0,2,7571,4570,3001
212801,17.3932,0.000352463,3025,90640,0.897273,0,2,7595,4570,3025
212801,15.7191,0.000308405,3029,90640,0.893546,0,2,7599,4570,3029
212801,16.7542,0.000269854,3053,89380,0.888191,0,2,7623,4570,3053
212801,15.1599,0.000236123,3057,87520,0.885372,0,2,7627,4570,3057
212801,14.5149,0.000206607,3067,87520,0.880835,0,2,7637,4570,3067
212801,15.7006,0.000180781,3091,87320,0.874751,0,2,7661,4570,3091
212801,16.738,0.000158184,3115,85240,0.869276,0,2,7685,4570,3115
212801,15.1457,0.000138411,3119,83780,0.866349,0,2,7689,4570,3119
212801,16.2525,0.000121109,3143,82320,0.861714,0,2,7713,4570,3143
212801,17.221,0.000105971,3167,80460,0.857542,0,2,7737,4570,3167
212801,15.5683,9.27244e-05,3171,77340,0.854788,0,2,7741,4570,3171
212801,16.6223,8.11338e-05,3195,74620,0.850309,0,2,7765,4570,3195
212801,15.7945,7.09921e-05,3205,74220,0.846278,0,2,7775,4570,3205
212801,16.8202,6.21181e-05,3229,72760,0.840651,0,2,7799,4570,3229
212801,17.7177,5.43533e-05,3253,72140,0.835585,0,2,7823,4570,3253
212801,16.003,4.75592e-05,3257,72140,0.832027,0,2,7827,4570,3257
223021,17.0026,204.75,1643,70880,0.826824,0.97,2,7851,6208,1643
223021,17.8773,179.156,1667,94900,0.844142,0,2,7875,6208,1667
227401,18.6426,168.887,1594,94900,0.859728,0.96,2,7899,6305,1594
231781,19.3123,150.776,1594,94900,0.873755,0.95,2,7923,6329,1594
231781,19.8982,131.929,1618,94900,0.886379,0,2,7947,6329,1618
236161,20.411,124.438,1570,94900,0.897741,0.94,2,7971,6401,1570
242001,20.8596,111.883,1570,94900,0.907967,0.95,2,7995,6425,1570
242001,21.2521,97.8977,1594,94900,0.917171,0,2,8019,6425,1594
246381,21.5956,94.6605,1546,94900,0.925453,0.95,2,8043,6497,1546
246381,21.8962,82.8279,1570,94560,0.932908,0,2,8067,6497,1570
249301,22.1592,81.4744,1522,94560,0.939617,0.96,2,8091,6569,1522
253681,22.3893,74.2901,1522,94900,0.945656,0.97,2,8115,6593,1522
314081,23.7516,13.1935,1786,54760,0.946691,0,2,8451,6665,1786
314081,23.7827,11.5443,1810,54760,0.937022,0,2,8475,6665,1810
314081,23.8098,10.1013,1834,54760,0.92632,0,2,8499,6665,1834
314081,23.8336,8.83862,1858,54760,0.914688,0,2,8523,6665,1858
314081,23.8544,7.73379,1882,54760,0.902219,0,2,8547,6665,1882
314081,23.8726,6.76707,1906,54760,0.888997,0,2,8571,6665,1906
314081,23.8885,5.92119,1930,54760,0.875098,0,2,8595,6665,1930
314081,23.9025,5.18104,1954,54760,0.859588,0,2,8619,6665,1954
314081,23.9147,4.53341,1978,54760,0.843629,0,2,8643,6665,1978
314081,23.9253,3.96673,2002,54760,0.827266,0,2,8667,6665,2002
314081,23.9347,3.47089,2026,54760,0.810539,0,2,8691,6665,2026
314081,23.9428,3.03703,2050,54760,0.793486,0,2,8715,6665,2050
314081,23.95,2.6574,2074,54760,0.777137,0,2,8739,6665,2074
314081,23.9562,2.32523,2098,54760,0.760423,0,2,8763,6665,2098
314081,23.9617,2.03457,2122,54760,0.742381,0,2,8787,6665,2122
314081,23.9665,1.78025,2146,54760,0.723143,0,2,8811,6665,2146
315341,23.9707,1.55772,2170,54760,0.703829,0.85,2,8835,6665,2170
331761,18.9574,58.9177,1168,54560,0.596551,0.78,1,8991,7823,1168
334681,19.5877,55.0529,1164,54560,0.588896,0.78,1,9015,7851,1164
336341,17.5142,48.1713,1167,53680,0.571007,0.78,1,9018,7851,1167
343201,18.3249,42.1499,1191,54360,0.551906,0.83,1,9042,7851,1191
346121,22.0343,37.7562,1232,96360,0.588715,0.83,1,9090,7858,1232
353601,27.4825,22.132,1379,96360,0.727969,0,2,9237,7858,1379
353601,27.0472,19.3655,1403,96360,0.755172,0,2,9261,7858,1403
353601,26.6663,16.9448,1427,96360,0.779655,0,2,9285,7858,1427
353601,26.333,14.8267,1451,96360,0.80169,0,2,9309,7858,1451
353601,26.0414,12.9734,1475,96360,0.821521,0,2,9333,7858,1475
353601,25.7862,11.3517,1499,96360,0.839369,0,2,9357,7858,1499
353601,22.9379,9.93273,1502,96360,0.855432,0,2,9360,7858,1502
356521,26.0707,14.6911,1502,96360,0.869889,1,2,9408,7906,1502
357761,28.3119,12.8547,1546,97820,0.8799,1,2,9452,7906,1546
357761,27.7729,11.2479,1570,97820,0.88691,0,2,9476,7906,1570
357761,27.3013,9.84191,1594,97820,0.891219,0,2,9500,7906,1594
357761,26.8886,8.61167,1618,97820,0.893097,0,2,9524,7906,1618
357761,26.5275,7.53522,1642,97820,0.892787,0,2,9548,7906,1642
357761,26.2116,6.59331,1666,82980,0.892508,0.89,2,9572,7906,1666
357761,26.0601,5.76915,1691,82305,0.890258,0,2,9597,7906,1691
357761,25.8026,5.04801,1715,81968,0.888232,0,2,9621,7906,1715
357761,25.5773,4.417,1739,81630,0.886409,0,2,9645,7906,1739
357761,25.3801,3.86488,1763,79833,0.882768,0,2,9669,7906,1763
357761,25.2076,3.38177,1787,79495,0.879491,0,2,9693,7906,1787
357761,25.0567,2.95905,1811,79157,0.876542,0,2,9717,7906,1811
357761,24.9246,2.58917,1835,78820,0.873888,0,2,9741,7906,1835
357761,24.809,2.26552,1859,78482,0.869499,0,2,9765,7906,1859
357761,24.7079,1.98233,1883,78145,0.865549,0,2,9789,7906,1883
357761,24.6194,1.73454,1907,77807,0.861994,0,2,9813,7906,1907
357761,24.542,1.51772,1931,77469,0.858795,0,2,9837,7906,1931
357761,24.4742,1.32801,1955,77132,0.853915,0,2,9861,7906,1955
357761,24.4149,1.16201,1979,76794,0.849524,0,2,9885,7906,1979
357761,24.3631,1.01676,2003,76457,0.845571,0,2,9909,7906,2003
357761,24.3177,0.889661,2027,76119,0.842014,0,2,9933,7906,2027
357761,24.278,0.778453,2051,75781,0.838813,0,2,9957,7906,2051
357761,24.2432,0.681147,2075,75444,0.833932,0,2,9981,7906,2075
357761,24.2128,0.596003,2099,75106,0.829538,0,2,10005,7906,2099
357761,24.1862,0.521503,2123,74769,0.825585,0,2,10029,7906,2123
357761,24.1629,0.456315,2147,74431,0.822026,0,2,10053,7906,2147
357761,24.1426,0.399276,2171,74093,0.816823,0,2,10077,7906,2171
357761,24.1248,0.349366,2195,73756,0.812141,0,2,10101,7906,2195
357761,24.1092,0.305695,2219,73418,0.807927,0,2,10125,7906,2219
357761,24.0955,0.267483,2243,73081,0.804134,0,2,10149,7906,2243
357761,24.0836,0.234048,2267,72743,0.798721,0,2,10173,7906,2267
357761,24.0731,0.204792,2291,72406,0.793849,0,2,10197,7906,2291
357761,24.064,0.179193,2315,72068,0.789464,0,2,10221,7906,2315
357761,24.056,0.156794,2339,71730,0.785518,0,2,10245,7906,2339
357761,24.049,0.137195,2363,71393,0.781966,0,2,10269,7906,2363
357761,24.0429,0.120045,2387,71055,0.776769,0,2,10293,7906,2387
357761,24.0375,0.10504,2411,70718,0.772092,0,2,10317,7906,2411
357761,24.0328,0.0919097,2435,70380,0.767883,0,2,10341,7906,2435
357761,24.0287,0.080421,2459,70042,0.764095,0,2,10365,7906,2459
357761,24.0251,0.0703684,2483,69705,0.758685,0,2,10389,7906,2483
357761,24.022,0.0615723,2507,67160,0.751817,0,2,10413,7906,2507
357761,24.0192,0.0538758,2531,66920,0.745635,0,2,10437,7906,2531
357761,24.0168,0.0471413,2555,66920,0.738072,0,2,10461,7906,2555
357761,24.0147,0.0412486,2579,66920,0.732264,0,2,10485,7906,2579
357761,24.0129,0.0360926,2603,66920,0.723038,0,2,10509,7906,2603
357761,24.0113,0.031581,2627,66920,0.715734,0,2,10533,7906,2627
357761,24.0099,0.0276334,2651,66920,0.710161,0,2,10557,7906,2651
357761,24.0086,0.0241792,2675,66920,0.706145,0,2,10581,7906,2675
357761,24.0076,0.0211568,2699,66920,0.70353,0,2,10605,7906,2699
357761,24.0066,0.0185122,2723,66920,0.702177,0,2,10629,7906,2723
357761,24.0058,0.0161982,2747,66920,0.700959,0,2,10653,7906,2747
436601,23.8478,55.8391,1507,27500,0.587819,0,1,11104,9597,1507
436601,23.8668,48.8592,1531,27500,0.573037,0,1,11128,9597,1531
436601,23.8835,42.7518,1555,27500,0.557733,0,1,11152,9597,1555
436601,23.898,37.4078,1579,27500,0.54196,0,1,11176,9597,1579
436601,23.9108,32.7318,1603,27500,0.525764,0,1,11200,9597,1603
436601,23.9219,28.6404,1627,27500,0.509188,0,1,11224,9597,1627
436601,23.9317,25.0603,1651,27500,0.492269,0,1,11248,9597,1651
436601,23.9402,21.9278,1675,27500,0.475042,0,1,11272,9597,1675
436601,23.9477,19.1868,1699,27500,0.457538,0,1,11296,9597,1699
436601,23.9542,16.7885,1723,27500,0.439784,0,1,11320,9597,1723
436601,23.96,14.6899,1747,27500,0.421806,0,1,11344,9597,1747
436601,23.965,12.8537,1771,27500,0.403625,0,1,11368,9597,1771
436601,23.9693,11.247,1795,27500,0.385262,0,1,11392,9597,1795
436601,23.9732,9.84108,1819,27500,0.366736,0,1,11416,9597,1819
436601,23.9765,8.61095,1843,27500,0.348063,0,1,11440,9597,1843
436601,23.9795,7.53458,1867,27500,0.329256,0,1,11464,9597,1867
436601,23.982,6.59276,1891,27500,0.310331,0,1,11488,9597,1891
436601,23.9843,5.76866,1915,27500,0.291298,0,1,11512,9597,1915
436601,23.9862,5.04758,1939,27500,0.272168,0,1,11536,9597,1939
436601,23.988,4.41663,1963,27500,0.252951,0,1,11560,9597,1963
436601,23.9895,3.86455,1987,27500,0.233656,0,1,11584,9597,1987
436601,23.9908,3.38148,2011,27500,0.21429,0,1,11608,9597,2011
436601,23.9919,2.9588,2035,27500,0.194861,0,1,11632,9597,2035
436601,23.9929,2.58895,2059,27500,0.175375,0,1,11656,9597,2059
436601,23.9938,2.26533,2083,27500,0.157838,0,1,11680,9597,2083
436601,23.9946,1.98216,2107,27500,0.142054,0,1,11704,9597,2107
436601,23.9953,1.73439,2131,27500,0.127849,0,1,11728,9597,2131
436601,23.9959,1.51759,2155,27500,0.115064,0,1,11752,9597,2155
436601,23.9964,1.32789,2179,27500,0.103557,0,1,11776,9597,2179
445121,23.9968,142.162,1075,27500,0.0932016,0,1,11800,10725,1075
445121,23.9972,124.392,1099,67160,0.0838814,0,1,11824,10725,1099
445121,23.9976,108.843,1123,67160,0.0754933,0,1,11848,10725,1123
445121,23.9979,95.2374,1147,67160,0.067944,0,1,11872,10725,1147
445121,23.4981,83.3327,1167,67160,0.0611496,0,1,11892,10725,1167
448041,159.811,324.291,270,67160,0.124035,0,1,13006,12736,270
450961,145.835,283.755,318,68620,0.182631,0,1,13054,12736,318
453881,133.605,248.285,366,70080,0.237368,0,1,13102,12736,366
456801,122.905,217.25,414,70080,0.286631,0,1,13150,12736,414
459721,113.541,190.093,462,71540,0.332968,0,1,13198,12736,462
462641,105.349,166.332,510,71540,0.374671,0,1,13246,12736,510
465561,98.1802,145.54,558,71540,0.412204,0,1,13294,12736,558
468481,91.9077,127.348,606,73000,0.447984,0,1,13342,12736,606
471401,86.4192,111.429,654,73000,0.480185,0,1,13390,12736,654
474321,81.6168,97.5007,702,73000,0.509167,0,1,13438,12736,702
477241,77.4147,85.3131,750,73000,0.53525,0,1,13486,12736,750
480161,73.7379,74.6489,798,74460,0.560725,0,1,13534,12736,798
483081,70.5206,65.3178,846,74460,0.583653,0,1,13582,12736,846
506441,55.7383,22.4438,1230,75920,0.709364,0,2,13966,12736,1230
509361,54.771,19.6383,1278,75920,0.719428,0,2,14014,12736,1278
512281,53.9246,17.1835,1326,75920,0.728485,0.69,2,14062,12736,1326
515201,53.1841,48.7856,1104,77380,0.738637,0.69,2,14110,13006,1104
518121,52.536,42.6874,1152,77380,0.747773,0.71,2,14158,13006,1152
521041,51.969,43.3515,1152,77380,0.755996,0.73,2,14206,13054,1152
523961,51.4729,43.9325,1152,77380,0.763396,0.73,2,14254,13102,1152
526881,51.0388,44.441,1152,77380,0.770057,0.73,2,14302,13150,1152
529801,50.6589,38.8858,1200,77380,0.776051,0.75,2,14350,13150,1200
532721,50.3266,40.0251,1200,77380,0.781446,0.75,2,14398,13198,1200
535641,50.0358,41.022,1200,77380,0.786301,0.75,2,14446,13246,1200
538561,49.7813,41.8942,1200,78840,0.792671,0.77,2,14494,13294,1200
541481,49.5586,42.6574,1200,78840,0.798404,0.77,2,14542,13342,1200
544401,49.3638,43.3253,1200,78840,0.802564,0.77,2,14590,13390,1200
547321,49.1933,43.9096,1200,78840,0.802307,0.77,2,14638,13438,1200
550241,49.0442,44.4209,1200,78840,0.798076,0.77,2,14686,13486,1200
553161,48.9136,38.8683,1248,78840,0.790269,0.79,2,14734,13486,1248
556081,48.7994,40.0098,1248,78840,0.779242,0.79,2,14782,13534,1248
559001,48.6995,41.0085,1248,78840,0.765318,0.79,2,14830,13582,1248
561921,48.6121,41.8825,1248,78840,0.748786,0.79,2,14878,13630,1248
564841,48.5356,42.6472,1248,78840,0.757907,0.79,2,14926,13678,1248
567761,48.4686,43.3163,1248,78840,0.766117,0.81,2,14974,13726,1248
570681,48.41,43.9017,1248,78840,0.773505,0.81,2,15022,13774,1248
573601,48.3588,44.414,1248,78840,0.780154,0.81,2,15070,13822,1248
576521,48.3139,44.8623,1248,78840,0.786139,0.81,2,15118,13870,1248
579441,48.2747,45.2545,1248,80300,0.793525,0.81,2,15166,13918,1248
582361,48.2404,45.5977,1248,80300,0.800173,0.81,2,15214,13966,1248
585281,48.2103,45.898,1248,80300,0.806155,0.81,2,15262,14014,1248
588201,48.184,46.1607,1248,80300,0.81154,0.81,2,15310,14062,1248
591121,48.161,40.3906,1296,80300,0.816386,0.83,2,15358,14062,1296
594041,48.1409,41.3418,1296,80300,0.820747,0.83,2,15406,14110,1296
596961,48.1233,42.1741,1296,80300,0.824673,0.83,2,15454,14158,1296
599881,48.1079,42.9023,1296,80300,0.828205,0.83,2,15502,14206,1296
602801,48.0944,43.5395,1296,80300,0.831385,0.83,2,15550,14254,1296
605721,48.0826,44.0971,1296,80300,0.834246,0.83,2,15598,14302,1296
608641,48.0723,44.5849,1296,80300,0.837822,0.83,2,15646,14350,1296
611561,48.0632,45.0118,1296,80300,0.841039,0.83,2,15694,14398,1296
614481,48.0553,45.3854,1296,80300,0.843936,0.85,2,15742,14446,1296
617401,48.0484,45.7122,1296,80300,0.846542,0.85,2,15790,14494,1296
619841,47.0424,45.9982,1288,80300,0.848888,0.57,2,15830,14542,1288
622761,47.1621,87.6234,957,80300,0.850999,0.57,2,15878,14921,957
625681,47.2668,76.6705,1005,81760,0.854899,0.57,2,15926,14921,1005
628601,47.3585,67.0867,1053,81760,0.858409,0.57,2,15974,14921,1053
631521,47.4386,58.7008,1101,81760,0.861568,0.57,2,16022,14921,1101
634441,47.5088,51.3632,1149,81760,0.864411,0.57,2,16070,14921,1149
637361,47.5702,44.9428,1197,81760,0.86697,0.57,2,16118,14921,1197
640281,47.6239,39.325,1245,81760,0.869273,0.84,2,16166,14921,1245
643201,47.6709,35.0343,1288,81760,0.870346,0.84,2,16214,14926,1288
646121,47.7121,36.6551,1288,81760,0.867311,0.84,2,16262,14974,1288
649041,47.7481,38.0732,1288,81760,0.86058,0.84,2,16310,15022,1288
651961,47.7796,39.314,1288,81760,0.850522,0.84,2,16358,15070,1288
654881,47.8071,40.3998,1288,81760,0.83747,0.84,2,16406,15118,1288
657801,47.8312,35.3498,1336,83220,0.821723,0.86,2,16454,15118,1336
660721,47.8523,36.9311,1336,83220,0.803551,0.86,2,16502,15166,1336
663641,47.8708,38.3147,1336,83220,0.783196,0.86,2,16550,15214,1336
666561,47.8869,39.5254,1336,83220,0.760876,0.86,2,16598,15262,1336
669481,47.9011,40.5847,1336,83220,0.736789,0.86,2,16646,15310,1336
672401,47.9134,41.5116,1336,83220,0.71111,0.86,2,16694,15358,1336
684081,47.9493,44.1966,1336,84680,0.595435,0.86,1,16886,15550,1336
687001,47.9556,44.672,1336,84680,0.563892,0.87,1,16934,15598,1336
689921,47.9611,45.088,1336,84680,0.531502,0.87,1,16982,15646,1336
692841,47.966,45.452,1336,84680,0.498352,0.87,1,17030,15694,1336
695761,47.9703,45.7705,1336,84680,0.464517,0.87,1,17078,15742,1336
698681,47.974,46.0492,1336,86140,0.430065,0.87,1,17126,15790,1336
701601,47.9772,45.2931,1344,86140,0.395059,0.87,1,17174,15830,1344
704521,47.9801,45.6314,1344,86140,0.359553,0.89,1,17222,15878,1344
707441,47.9826,45.9275,1344,86140,0.323598,0.89,1,17270,15926,1344
710361,47.9847,46.1866,1344,86140,0.291238,0.89,1,17318,15974,1344
713281,47.9867,46.4132,1344,86140,0.262114,0.89,1,17366,16022,1344
716201,47.9883,46.6116,1344,87600,0.235903,0.89,1,17414,16070,1344
719121,47.9898,46.7851,1344,87600,0.212312,0.89,1,17462,16118,1344
721761,47.3661,46.937,1339,87600,0.191081,0,1,17505,16166,1339
724681,392.945,526.195,270,87600,0.268973,0,1,20317,20047,270
727601,349.827,460.421,318,89060,0.341076,0,1,20365,20047,318
730521,312.099,402.868,366,90520,0.406968,0,1,20413,20047,366
733441,279.086,352.509,414,91980,0.466271,0,1,20461,20047,414
736361,250.201,308.446,462,93440,0.519644,0,1,20509,20047,462
739281,224.926,269.89,510,94900,0.56768,0,1,20557,20047,510
750961,151.71,158.205,702,100740,0.716355,0,2,20749,20047,702
753881,138.747,138.429,750,102200,0.744719,0,2,20797,20047,750
756801,127.403,121.125,798,103660,0.770247,0,2,20845,20047,798
759721,117.478,105.985,846,105120,0.793223,0,2,20893,20047,846
762641,108.793,92.7366,894,106580,0.8139,0,2,20941,20047,894
765561,101.194,81.1445,942,108040,0.82851,0,2,20989,20047,942
768481,94.5448,71.0015,990,109500,0.845659,0,2,21037,20047,990
771401,88.7267,62.1263,1038,110960,0.861093,0,2,21085,20047,1038
774321,83.6359,54.3605,1086,112420,0.874984,0,2,21133,20047,1086
777241,79.1814,47.5654,1134,113880,0.887486,0,2,21181,20047,1134
780161,75.2837,41.6198,1182,115340,0.898737,0,2,21229,20047,1182
783081,71.8732,36.4173,1230,116800,0.908863,0,2,21277,20047,1230
786001,68.8891,31.8651,1278,118260,0.917977,0,2,21325,20047,1278
788921,66.2779,27.882,1326,119720,0.926179,0,2,21373,20047,1326
791841,63.9932,24.3967,1374,121180,0.933561,0,2,21421,20047,1374
794761,61.9941,21.3471,1422,122640,0.940205,0,2,21469,20047,1422
797681,60.2448,18.6788,1470,124100,0.946185,0,2,21517,20047,1470
819581,30.536,9.27165,1753,101886,0.944691,0,2,22166,20413,1753
819581,29.719,8.11269,1777,100178,0.927222,0,2,22190,20413,1777
819581,29.0042,7.09861,1801,99930,0.9125,0,2,22214,20413,1801
819581,28.3786,6.21128,1825,99682,0.89825,0,2,22238,20413,1825
819581,27.8313,5.43487,1849,99434,0.870425,0,2,22262,20413,1849
819581,24.9774,4.75551,1854,97725,0.847382,0,2,22267,20413,1854
819581,24.8552,4.16107,1878,97725,0.825644,0,2,22291,20413,1878
819581,24.7483,3.64094,1902,94900,0.80508,0,2,22315,20413,1902
819581,24.6548,3.18582,1926,93640,0.780572,0,2,22339,20413,1926
819581,24.5729,2.78759,1950,93640,0.759515,0,2,22363,20413,1950
819581,24.5013,2.43914,1974,93640,0.741563,0,2,22387,20413,1974
819581,24.4387,2.13425,1998,93640,0.726407,0,2,22411,20413,1998
819581,24.3838,1.86747,2022,93640,0.713766,0,2,22435,20413,2022
819581,24.3358,1.63404,2046,93640,0.70139,0,2,22459,20413,2046
819581,24.0347,0.16881,2454,87800,0.703586,0,2,22867,20413,2454
819581,24.0304,0.147709,2478,87800,0.710227,0,2,22891,20413,2478
819581,24.0266,0.129245,2502,86340,0.717205,0,2,22915,20413,2502
819581,24.0232,0.11309,2526,86340,0.724484,0,2,22939,20413,2526
819581,24.0203,0.0989534,2550,86340,0.732036,0,2,22963,20413,2550
819581,24.0178,0.0865842,2574,86340,0.739832,0,2,22987,20413,2574
819581,24.0156,0.0757612,2598,84880,0.747849,0,2,23011,20413,2598
819581,24.0136,0.0662911,2622,84880,0.756064,0,2,23035,20413,2622
819581,24.0119,0.0580047,2646,84880,0.764458,0,2,23059,20413,2646
819581,24.0104,0.0507541,2670,84880,0.769012,0,2,23083,20413,2670
819581,24.0091,0.0444098,2694,84880,0.773111,0,2,23107,20413,2694
819581,24.008,0.0388586,2718,84880,0.7778,0,2,23131,20413,2718
819581,24.007,0.0340013,2742,84880,0.78302,0,2,23155,20413,2742
819581,24.0061,0.0297511,2766,84880,0.787718,0,2,23179,20413,2766
819581,24.0054,0.0260322,2790,83420,0.789946,0,2,23203,20413,2790
819581,24.0047,0.0227782,2814,83180,0.791951,0,2,23227,20413,2814
819581,24.0041,0.0199309,2838,81720,0.793756,0,2,23251,20413,2838
819581,24.0036,0.0174396,2862,80260,0.795381,0,2,23275,20413,2862
819581,24.0031,0.0152596,2886,78800,0.795843,0,2,23299,20413,2886
819581,21.5027,0.0133522,2890,77100,0.797258,0,2,23303,20413,2890
825421,21.8149,192.012,1378,74620,0.796532,1,2,23327,21949,1378
828341,22.088,174.135,1353,83920,0.793879,1,2,23351,21998,1353
828341,22.327,152.368,1377,83920,0.789491,0,2,23375,21998,1377
828341,22.5362,133.322,1401,72960,0.783542,0,2,23399,21998,1401
828341,22.7191,116.657,1425,72960,0.776188,0,2,23423,21998,1425
828341,22.8792,102.075,1449,72960,0.767569,0,2,23447,21998,1449
828341,23.0193,89.3155,1473,72960,0.757812,0,2,23471,21998,1473
828341,23.1419,78.1511,1497,72960,0.747031,0,2,23495,21998,1497
828341,23.2492,68.3822,1521,72960,0.735328,0,2,23519,21998,1521
828341,23.343,59.8344,1545,72960,0.722795,0,2,23543,21998,1545
828341,23.4252,52.3551,1569,72960,0.709516,0,2,23567,21998,1569
828341,23.8025,17.9897,1761,72960,0.583963,0,1,23759,21998,1761
828341,23.8272,15.741,1785,72960,0.566567,0,1,23783,21998,1785
828341,23.8488,13.7734,1809,72960,0.54891,0,1,23807,21998,1809
828341,23.8677,12.0517,1833,72960,0.531019,0,1,23831,21998,1833
828341,23.8842,10.5452,1857,72960,0.512917,0,1,23855,21998,1857
828341,23.8987,9.22707,1881,72960,0.494626,0,1,23879,21998,1881
828341,23.9114,8.07369,1905,72960,0.476163,0,1,23903,21998,1905
828341,23.9224,7.06448,1929,72960,0.457547,0,1,23927,21998,1929
828341,23.9321,6.18142,1953,72960,0.438792,0,1,23951,21998,1953
828341,23.9406,5.40874,1977,72960,0.419913,0,1,23975,21998,1977
828341,23.948,4.73265,2001,72960,0.400922,0,1,23999,21998,2001
828341,23.9545,4.14107,2025,72960,0.381829,0,1,24023,21998,2025
828341,23.9602,3.62343,2049,72960,0.362647,0,1,24047,21998,2049
828341,23.9652,3.1705,2073,72960,0.343382,0,1,24071,21998,2073
828341,23.9695,2.77419,2097,72960,0.324044,0,1,24095,21998,2097
828341,23.9733,2.42742,2121,72960,0.304639,0,1,24119,21998,2121
828341,23.9767,2.12399,2145,72960,0.285175,0,1,24143,21998,2145
828341,23.9796,1.85849,2169,72960,0.265658,0,1,24167,21998,2169
828341,23.9821,1.62618,2193,72960,0.246092,0,1,24191,21998,2193
828341,23.9844,1.42291,2217,72960,0.226483,0,1,24215,21998,2217
828341,23.9863,1.24504,2241,72960,0.206835,0,1,24239,21998,2241
828341,23.988,1.08941,2265,72960,0.187151,0,1,24263,21998,2265
828341,23.9895,0.953237,2289,72960,0.168436,0,1,24287,21998,2289
828341,23.9908,0.834082,2313,72960,0.151592,0,1,24311,21998,2313
828341,23.992,0.729822,2337,72960,0.136433,0,1,24335,21998,2337
828341,23.993,0.638594,2361,72960,0.12279,0,1,24359,21998,2361
828341,23.9939,0.55877,2385,72960,0.110511,0,1,24383,21998,2385
828341,23.9946,0.488924,2409,72960,0.0994598,0,1,24407,21998,2409
828341,23.9953,0.427808,2433,72960,0.0895138,0,1,24431,21998,2433
828341,23.9959,0.374332,2457,72960,0.0805624,0,1,24455,21998,2457
828341,23.9964,0.327541,2481,72960,0.0725062,0,1,24479,21998,2481
828341,23.4969,0.286598,2501,72960,0.0652556,0,1,24499,21998,2501
828341,21.0597,0.250773,2505,72720,0.05873,0,1,24503,21998,2505
933921,166.427,430.594,246,1460,0.052857,0,1,25687,25441,246
935381,553.749,759.895,446,1460,0.0475713,0,1,28952,28506,446
938301,518.28,720.658,270,2920,0.0428142,0,1,29222,28952,270
941221,487.245,664.326,270,5840,0.0385328,0,1,29492,29222,270
944141,432.34,581.285,318,8760,0.0396795,0,1,29540,29222,318
947061,406.047,542.375,270,11680,0.0357115,0,1,29762,29492,270
949981,361.291,474.578,318,14600,0.0371404,0.05,1,29810,29492,318
952901,322.13,421.256,318,17520,0.0424263,0.05,1,29858,29540,318
955821,287.864,368.599,366,20440,0.0511837,0,1,29906,29540,366
958741,267.631,350.274,270,23360,0.0550653,0,1,30032,29762,270
961661,240.177,306.49,318,26280,0.0625588,0.05,1,30080,29762,318
964581,216.155,274.178,318,29200,0.0733029,0.05,1,30128,29810,318
967501,195.135,239.906,366,32120,0.0869726,0.09,1,30176,29810,366
970421,176.743,215.918,366,35040,0.103275,0.09,1,30224,29858,366
973341,160.651,188.928,414,37960,0.121948,0.13,1,30272,29858,414
976261,146.569,171.312,414,40880,0.142753,0.13,1,30320,29906,414
979181,134.248,149.898,462,43800,0.165478,0.09,1,30368,29906,462
982101,123.467,146.911,384,46720,0.18993,0.09,1,30416,30032,384
985021,114.034,128.547,432,49640,0.215937,0.13,1,30464,30032,432
987941,105.779,118.479,432,49640,0.239343,0.13,1,30512,30080,432
990861,98.557,103.669,480,49640,0.260409,0.17,1,30560,30080,480
993781,92.2374,96.7102,480,49640,0.279368,0.17,1,30608,30128,480
996701,86.7077,84.6214,528,49640,0.296431,0.21,1,30656,30128,528
999621,81.8693,80.0437,528,49640,0.311788,0.21,1,30704,30176,528
1002541,77.6356,70.0383,576,51100,0.327609,0.25,1,30752,30176,576
1005461,73.9312,67.2835,576,51100,0.341848,0.25,1,30800,30224,576
1008381,70.6898,58.873,624,51100,0.354664,0.29,1,30848,30224,624
1011301,67.8535,57.5139,624,51100,0.366197,0.29,1,30896,30272,624
1014221,65.3718,50.3247,672,51100,0.376577,0.33,1,30944,30272,672
1017141,63.2004,50.0341,672,51100,0.38592,0.33,1,30992,30320,672
1020061,61.3003,43.7798,720,51100,0.394328,0.37,1,31040,30320,720
1022981,59.6378,44.3073,720,51100,0.401895,0.37,1,31088,30368,720
1025901,58.1831,38.7689,768,51100,0.408705,0.41,1,31136,30368,768
1028821,56.9102,39.9228,768,51100,0.414835,0.41,1,31184,30416,768
1031741,55.7964,34.9325,816,52560,0.422351,0.45,1,31232,30416,816
1034661,54.8219,36.5659,816,52560,0.429116,0.45,1,31280,30464,816
1037581,53.9691,37.9952,816,52560,0.435205,0.45,1,31328,30512,816
1040501,53.223,39.2458,816,52560,0.440684,0.45,1,31376,30560,816
1043421,52.5701,40.34,816,52560,0.445616,0.45,1,31424,30608,816
1046341,51.9988,41.2975,816,52560,0.450054,0.45,1,31472,30656,816
1049261,51.499,42.1353,816,52560,0.454049,0.45,1,31520,30704,816
1052181,51.0616,36.8684,864,52560,0.457644,0.47,1,31568,30704,864
1055101,50.6789,38.2599,864,52560,0.46088,0.47,1,31616,30752,864
1058021,50.344,39.4774,864,52560,0.463792,0.47,1,31664,30800,864
1060941,50.051,40.5427,864,54020,0.468412,0.47,1,31712,30848,864
1063861,49.7947,41.4749,864,54020,0.472571,0.47,1,31760,30896,864
1066781,49.5703,42.2905,864,54020,0.476314,0.47,1,31808,30944,864
1069701,49.374,43.0042,864,54020,0.479683,0.47,1,31856,30992,864
1072621,49.2023,43.6287,864,54020,0.482714,0.47,1,31904,31040,864
1075541,49.052,44.1751,864,54020,0.485443,0.47,1,31952,31088,864
1078461,48.9205,44.6532,864,54020,0.484899,0.47,1,32000,31136,864
1081381,48.8054,45.0716,864,54020,0.480409,0.49,1,32048,31184,864
1084301,48.7048,45.4376,864,54020,0.472368,0.49,1,32096,31232,864
1087221,48.6167,45.7579,864,54020,0.461131,0.49,1,32144,31280,864
1090141,48.5396,46.0382,864,55480,0.447018,0.49,1,32192,31328,864
1093061,48.4721,46.2834,864,55480,0.430316,0.49,1,32240,31376,864
1095981,48.4131,46.498,864,55480,0.411285,0.49,1,32288,31424,864
1098901,48.3615,46.6857,864,55480,0.390156,0.49,1,32336,31472,864
1101821,48.3163,46.85,864,55480,0.367141,0.49,1,32384,31520,864
1104741,48.2768,46.9938,864,55480,0.342426,0.49,1,32432,31568,864
1107661,48.2422,47.1195,864,55480,0.316184,0.49,1,32480,31616,864
1110581,48.2119,47.2296,864,55480,0.288565,0.49,1,32528,31664,864
1113501,48.1854,41.3259,912,55480,0.259709,0.51,1,32576,31664,912
1116421,48.1622,42.1602,912,56940,0.233738,0.51,1,32624,31712,912
1119341,48.142,42.8901,912,56940,0.210364,0.51,1,32672,31760,912
1122261,48.1242,43.5289,912,56940,0.189328,0.51,1,32720,31808,912
1125181,48.1087,44.0878,912,56940,0.170395,0.51,1,32768,31856,912
1127361,46.5951,44.5768,900,56940,0.153356,0,1,32804,31904,900
1130281,773.396,850.38,270,56940,0.19302,0,1,38665,38395,270
1133201,682.721,744.082,318,58400,0.230718,0,1,38713,38395,318
1136121,603.381,651.072,366,59860,0.266646,0,1,38761,38395,366
1139041,533.958,569.688,414,61320,0.300982,0,1,38809,38395,414
1141961,473.214,498.477,462,62780,0.333883,0,1,38857,38395,462
1144881,420.062,436.167,510,64240,0.365495,0,1,38905,38395,510
1147801,373.554,381.646,558,65700,0.395946,0,1,38953,38395,558
1150721,332.86,333.941,606,67160,0.425351,0,1,39001,38395,606
1153641,297.252,292.198,654,68620,0.453816,0,1,39049,38395,654
1156561,266.096,255.673,702,70080,0.481434,0,1,39097,38395,702
1159481,238.834,223.714,750,71540,0.508291,0,1,39145,38395,750
1162401,214.98,195.75,798,73000,0.534462,0,1,39193,38395,798
1165321,194.107,171.281,846,74460,0.560016,0,1,39241,38395,846
1168241,175.844,149.871,894,75920,0.585014,0,1,39289,38395,894
1182841,113.572,76.8702,1134,83220,0.703436,0,2,39529,38395,1134
1185761,105.376,67.2614,1182,84680,0.726093,0.55,2,39577,38395,1182
1188681,98.2037,92.6037,960,86140,0.748483,0.57,2,39625,38665,960
1191601,91.9283,87.0283,960,87600,0.770635,0.57,2,39673,38713,960
1194521,86.4372,76.1497,1008,89060,0.792571,0.59,2,39721,38713,1008
1197441,81.6326,72.631,1008,90520,0.813314,0.61,2,39769,38761,1008
1200361,77.4285,69.5521,1008,91980,0.831983,0.61,2,39817,38809,1008
1203281,73.7499,60.8581,1056,93440,0.848785,0.63,2,39865,38809,1056
1206201,70.5312,59.2509,1056,94900,0.863906,0.65,2,39913,38857,1056
1209121,67.7148,57.8445,1056,96360,0.877516,0.65,2,39961,38905,1056
1212041,65.2505,50.6139,1104,97820,0.889764,0.67,2,40009,38905,1104
1214961,63.0941,50.2872,1104,99280,0.900788,0.69,2,40057,38953,1104
1217881,61.2074,50.0013,1104,100740,0.910709,0.69,2,40105,39001,1104
1220801,59.5565,43.7511,1152,102200,0.919638,0.71,2,40153,39001,1152
1223721,58.1119,44.2822,1152,103660,0.927674,0.73,2,40201,39049,1152
1226641,56.8479,44.747,1152,105120,0.934907,0.73,2,40249,39097,1152
1229561,55.7419,39.1536,1200,106580,0.941416,0.75,2,40297,39097,1200
1232481,54.7742,40.2594,1200,108040,0.947274,0.77,2,40345,39145,1200
1286501,42.7852,26.5891,1536,135780,0.945503,0,2,41305,39769,1536
1286501,40.5621,23.2655,1561,126640,0.931953,0.83,2,41330,39769,1561
1286501,38.4918,20.3573,1585,125836,0.915758,0,2,41354,39769,1585
1286501,36.6803,17.8126,1609,125433,0.899182,0,2,41378,39769,1609
1286501,35.0953,15.586,1633,123571,0.880264,0,2,41402,39769,1633
1286501,33.7084,13.6378,1657,121708,0.861237,0,2,41426,39769,1657
1286501,32.4948,11.9331,1681,119846,0.842114,0,2,41450,39769,1681
1286501,31.433,10.4414,1705,117983,0.822902,0,2,41474,39769,1705
1286501,30.5039,9.13626,1729,116121,0.801612,0,2,41498,39769,1729
1286501,29.6909,7.99422,1753,112798,0.780451,0,2,41522,39769,1753
1286501,28.9795,6.99495,1777,110936,0.759406,0,2,41546,39769,1777
1286501,28.3571,6.12058,1801,107613,0.739465,0,2,41570,39769,1801
1286501,27.8124,5.35551,1825,105751,0.722519,0,2,41594,39769,1825
1286501,27.3359,4.68607,1849,102428,0.708267,0,2,41618,39769,1849
1286501,19.456,0.127358,2437,57320,0.597909,0,1,42206,39769,2437
1286501,20.024,0.111438,2461,57120,0.595118,0,1,42230,39769,2461
1286501,18.021,0.0975084,2465,57120,0.594606,0,1,42234,39769,2465
1286501,18.7684,0.0853199,2489,57120,0.592146,0,1,42258,39769,2489
1286501,17.6723,0.0746549,2499,56920,0.591931,0,1,42268,39769,2499
1286501,18.4633,0.065323,2523,56920,0.589738,0,1,42292,39769,2523
1286501,19.1554,0.0571576,2547,56300,0.587764,0,1,42316,39769,2547
1286501,17.2609,0.0500129,2551,56300,0.587988,0,1,42320,39769,2551
1286501,18.1033,0.0437613,2575,56300,0.586189,0,1,42344,39769,2575
1286501,17.0904,0.0382912,2585,56100,0.58457,0,1,42354,39769,2585
1292341,17.9541,192.034,1073,56100,0.581113,0.77,1,42378,41305,1073
1295261,18.7098,174.154,1048,66480,0.587002,0.71,1,42402,41354,1048
1298181,19.3711,158.385,1024,66480,0.590302,0.69,1,42426,41402,1024
1301101,19.9497,141.587,1024,66480,0.591271,0.67,1,42450,41426,1024
1304021,20.456,126.889,1024,66480,0.590144,0.61,1,42474,41450,1024
1306941,20.899,117.027,1000,66480,0.58713,0.59,1,42498,41498,1000
1308401,21.2866,105.399,1000,66480,0.582417,0.56,1,42522,41522,1000
1311321,21.6258,98.2242,976,66480,0.576175,0.57,1,42546,41570,976
1314241,21.9226,88.9461,976,66480,0.568558,0.58,1,42570,41594,976
1315701,22.1823,80.8279,976,66480,0.559702,0.56,1,42594,41618,976
1318621,22.4095,76.7244,952,66480,0.549732,0.57,1,42618,41666,952
1321541,22.6083,70.1338,952,66480,0.538759,0.58,1,42642,41690,952
1323001,22.7823,64.3671,952,66480,0.526883,0.59,1,42666,41714,952
1325921,22.9345,59.3212,952,66480,0.514194,0.6,1,42690,41738,952
1327381,23.0677,54.9061,952,66480,0.500775,0.61,1,42714,41762,952
1330301,23.1842,51.0428,952,66480,0.486697,0.59,1,42738,41786,952
1331761,23.2862,47.6625,952,66480,0.472028,0.6,1,42762,41810,952
1334681,23.3754,44.7047,952,66480,0.456825,0.6,1,42786,41834,952
1336141,23.4535,42.1166,952,66480,0.441142,0.61,1,42810,41858,952
1339061,23.5218,39.852,952,66480,0.425028,0.59,1,42834,41882,952
1340521,23.5816,37.8705,952,66480,0.408525,0.6,1,42858,41906,952
1343441,23.6339,36.1367,952,66480,0.391673,0.61,1,42882,41930,952
1344901,23.6796,34.6196,952,66480,0.374506,0.61,1,42906,41954,952
1347821,23.7197,33.2922,952,66480,0.357055,0.6,1,42930,41978,952
1349281,23.7547,32.1306,952,66480,0.33935,0.6,1,42954,42002,952
1350741,23.7854,31.1143,952,66480,0.321415,0.59,1,42978,42026,952
1353661,23.8122,30.225,952,66480,0.303273,0.59,1,43002,42050,952
1355121,23.8357,29.4469,952,66480,0.284946,0.58,1,43026,42074,952
1358041,23.8562,29.266,948,66480,0.266451,0.58,1,43050,42102,948
1359501,23.8742,28.6078,948,66480,0.247806,0.59,1,43074,42126,948
1360961,23.8899,28.5318,944,66480,0.229025,0.59,1,43098,42154,944
1363881,23.9037,27.9653,944,66480,0.210123,0.57,1,43122,42178,944
1365341,23.9157,27.9697,940,66480,0.191111,0.57,1,43146,42206,940
1366801,23.9263,27.4735,940,66480,0.172,0.57,1,43170,42230,940
1369721,23.9355,27.5393,936,66480,0.1548,0.57,1,43194,42258,936
1372641,23.9435,28.3469,926,66480,0.13932,0.57,1,43218,42292,926
1374101,23.9506,27.8035,926,66480,0.125388,0.57,1,43242,42316,926
1381401,23.9568,27.8281,922,66480,0.112849,0.55,1,43266,42344,922
1385781,23.9622,28.5996,912,66480,0.101564,0.55,1,43290,42378,912
1387241,23.9669,25.0246,936,66480,0.0914076,0.55,1,43314,42378,936
1394541,23.971,21.8965,960,66480,0.0822669,0.55,1,43338,42378,960
1397461,23.8497,19.1595,983,66480,0.0740402,0.55,1,43361,42378,983
1398921,23.8685,16.7645,1007,66480,0.0666362,0.55,1,43385,42378,1007
1417521,21.5099,14.669,1012,66480,0.0599725,0,1,43390,42378,1012
1417521,46.5712,12.8353,1234,96360,0.0539753,0,1,43612,42378,1234
1420441,270.25,361.231,270,96360,0.148578,0,1,45448,45178,270
1423361,242.469,316.077,318,97820,0.23372,0,1,45496,45178,318
1426281,218.16,276.567,366,99280,0.310348,0,1,45544,45178,366
1429201,196.89,241.997,414,100740,0.379313,0,1,45592,45178,414
1432121,178.279,211.747,462,102200,0.441382,0,1,45640,45178,462
1435041,161.994,185.279,510,103660,0.497244,0,1,45688,45178,510
1437961,147.745,162.119,558,105120,0.547519,0,1,45736,45178,558
1440881,135.277,141.854,606,106580,0.592767,0,1,45784,45178,606
1449641,106.468,95.031,750,110960,0.703127,0,2,45928,45178,750
1452561,99.1599,83.1522,798,112420,0.732815,0,2,45976,45178,798
1455481,92.7649,72.7581,846,113880,0.759533,0,2,46024,45178,846
1458401,87.1693,63.6634,894,115340,0.78358,0,2,46072,45178,894
1461321,82.2732,55.7054,942,115340,0.805222,0,2,46120,45178,942
1464241,77.989,48.7423,990,115340,0.8247,0,2,46168,45178,990
1467161,74.2404,42.6495,1038,116800,0.84223,0,2,46216,45178,1038
1470081,70.9603,37.3183,1086,116800,0.858007,0,2,46264,45178,1086
1473001,68.0903,32.6535,1134,116800,0.872206,0,2,46312,45178,1134
1475921,65.579,28.5718,1182,118260,0.884986,0,2,46360,45178,1182
1478841,63.3816,25.0003,1230,118260,0.879487,0,2,46408,45178,1230
1481761,61.4589,21.8753,1278,118260,0.872538,0,2,46456,45178,1278
1484681,59.7766,19.1409,1326,119720,0.864284,0,2,46504,45178,1326
1487601,58.3045,16.7483,1374,119720,0.851856,0,2,46552,45178,1374
1490521,57.0164,14.6547,1422,119720,0.83267,0,2,46600,45178,1422
1493441,55.8894,12.8229,1470,121180,0.807403,0,2,46648,45178,1470
1496361,54.9032,11.22,1518,121180,0.776663,0,2,46696,45178,1518
1499281,54.0403,9.81753,1566,121180,0.740997,0,2,46744,45178,1566
1502201,53.2853,8.59034,1614,121180,0.700897,0,2,46792,45178,1614
1502201,43.6188,5.75486,1686,122640,0.581654,0,1,46864,45178,1686
1502201,41.2915,5.0355,1711,76300,0.547489,0.23,1,46889,45178,1711
1502201,39.13,4.40606,1735,76300,0.51574,0,1,46913,45178,1735
1502201,37.2388,3.8553,1759,76300,0.488166,0,1,46937,45178,1759
1502201,35.5839,3.37339,1783,74840,0.461349,0,1,46961,45178,1783
1502201,34.136,2.95172,1807,73380,0.437214,0,1,46985,45178,1807
1502201,32.869,2.58275,1831,71920,0.416493,0,1,47009,45178,1831
1502201,31.7603,2.25991,1855,70460,0.398844,0,1,47033,45178,1855
1502201,30.7903,1.97742,1879,69000,0.383959,0,1,47057,45178,1879
1502201,29.9415,1.73024,1903,66080,0.371563,0,1,47081,45178,1903
1502201,29.1988,1.51396,1927,64620,0.361407,0,1,47105,45178,1927
1502201,28.549,1.32472,1951,61700,0.353266,0,1,47129,45178,1951
1502201,27.9803,1.15913,1975,60240,0.34694,0,1,47153,45178,1975
1502201,27.4828,1.01424,1999,57320,0.342246,0,1,47177,45178,1999
1502201,27.0475,0.887457,2023,57320,0.339021,0,1,47201,45178,2023
1502201,26.6665,0.776525,2047,54400,0.337119,0,1,47225,45178,2047
1502201,26.3332,0.679459,2071,54400,0.336407,0,1,47249,45178,2071
1502201,26.0416,0.594527,2095,51480,0.335766,0,1,47273,45178,2095
1502201,25.7864,0.520211,2119,50020,0.33619,0,1,47297,45178,2119
1502201,25.5631,0.455185,2143,48560,0.336571,0,1,47321,45178,2143
1502201,25.3677,0.398287,2167,48560,0.336914,0,1,47345,45178,2167
1502201,25.1967,0.348501,2191,47100,0.337222,0,1,47369,45178,2191
1502201,25.0471,0.304938,2215,47100,0.3375,0,1,47393,45178,2215
1502201,24.9162,0.266821,2239,45640,0.33775,0,1,47417,45178,2239
1502201,24.8017,0.233468,2263,45640,0.337975,0,1,47441,45178,2263
1502201,24.7015,0.204285,2287,44180,0.338178,0,1,47465,45178,2287
1502201,24.6138,0.178749,2311,44180,0.33836,0,1,47489,45178,2311
1502201,22.2871,0.156405,2317,42720,0.339524,0,1,47495,45178,2317
1508041,22.5012,210.887,655,42720,0.338571,0.24,1,47519,46864,655
1510961,22.6885,187.651,654,44180,0.335714,0.23,1,47543,46889,654
1513881,22.8525,167.195,654,44180,0.331143,0.24,1,47567,46913,654
1516801,22.9959,149.295,654,44180,0.325029,0.22,1,47591,46937,654
1519721,23.1214,133.633,654,44180,0.317526,0.22,1,47615,46961,654
1522641,23.2313,119.929,654,44180,0.308773,0.23,1,47639,46985,654
1524101,23.3273,107.938,654,44180,0.298896,0.24,1,47663,47009,654
1527021,23.4114,97.4458,654,44180,0.288006,0.25,1,47687,47033,654
1529941,23.485,88.2651,654,44180,0.276206,0.26,1,47711,47057,654
1531401,23.5494,80.2319,654,44180,0.263585,0.27,1,47735,47081,654
1534321,23.6057,73.2029,654,44180,0.250227,0.28,1,47759,47105,654
1537241,23.655,67.0526,654,44180,0.236204,0.29,1,47783,47129,654
1538701,23.6981,61.671,654,44180,0.221584,0.3,1,47807,47153,654
1543081,23.7359,56.9621,654,44180,0.206425,0.31,1,47831,47177,654
1544541,23.7689,52.8419,654,44180,0.190783,0.32,1,47855,47201,654
1548921,23.7978,49.2366,654,44180,0.174704,0.33,1,47879,47225,654
1550381,23.823,46.0821,654,44180,0.158234,0.33,1,47903,47249,654
1553301,23.8452,43.3218,654,44180,0.142411,0.34,1,47927,47273,654
1556221,23.8645,40.9066,654,44180,0.128169,0.34,1,47951,47297,654
1560601,23.8815,38.7933,654,44180,0.115353,0.34,1,47975,47321,654
1564981,23.8963,36.9441,654,44180,0.103817,0.34,1,47999,47345,654
1569361,23.9092,35.3261,654,44180,0.0934356,0.34,1,48023,47369,654
1573741,23.9206,33.9103,654,44180,0.084092,0.34,1,48047,47393,654
1578121,23.8055,32.6715,653,44180,0.0756828,0.34,1,48070,47417,653
1578121,23.8298,28.5876,677,42720,0.0681145,0,1,48094,47417,677
1579581,23.8511,31.0141,653,42720,0.0613031,0.34,1,48118,47465,653
1582881,23.8697,30.1374,653,41260,0.0551728,0,1,48142,47489,653
1585801,1534.26,1587.62,270,84680,0.142655,0,1,60249,59979,270
1588721,1348.48,1389.17,318,86140,0.22339,0,1,60297,59979,318
1591641,1185.92,1215.52,366,87600,0.298051,0,1,60345,59979,366
1594561,1043.68,1063.58,414,89060,0.367246,0,1,60393,59979,414
1597481,919.219,930.634,462,90520,0.430521,0,1,60441,59979,462
1600401,810.317,814.305,510,91980,0.487469,0,1,60489,59979,510
1603321,715.027,712.517,558,93440,0.538722,0,1,60537,59979,558
1606241,631.649,623.452,606,94900,0.58485,0,1,60585,59979,606
1617921,390.124,365.456,798,100740,0.72762,0,2,60777,59979,798
1620841,347.359,319.774,846,102200,0.754858,0,2,60825,59979,846
1623761,309.939,279.802,894,103660,0.778372,0,2,60873,59979,894
1626681,277.196,244.827,942,105120,0.795535,0,2,60921,59979,942
1629601,248.547,214.224,990,106580,0.806982,0,2,60969,59979,990
1632521,223.479,187.446,1038,108040,0.813283,0,2,61017,59979,1038
1635441,201.544,164.015,1086,109500,0.814955,0,2,61065,59979,1086
1638361,182.351,143.513,1134,110960,0.81246,0,2,61113,59979,1134
1641281,165.557,125.574,1182,112420,0.806214,0,2,61161,59979,1182
1644201,150.862,109.877,1230,113880,0.789592,0,2,61209,59979,1230
1647121,138.004,96.1426,1278,115340,0.772633,0,2,61257,59979,1278
1650041,126.754,84.1247,1326,116800,0.75537,0,2,61305,59979,1326
1652961,116.91,73.6092,1374,118260,0.737833,0,2,61353,59979,1374
1655881,108.296,64.408,1422,119720,0.719049,0,2,61401,59979,1422
1670481,78.9263,66.7854,1392,127020,0.593246,0.93,1,61641,60249,1392
1673401,75.0606,58.4373,1440,128480,0.556921,0.95,1,61689,60249,1440
1676321,71.678,57.1326,1440,129940,0.516229,0.97,1,61737,60297,1440
1679241,68.7182,55.991,1440,131400,0.473606,0.97,1,61785,60345,1440
1682161,66.1285,48.9922,1488,132860,0.433245,0.99,1,61833,60345,1488
1685081,63.8624,48.8681,1488,134320,0.394921,1,1,61881,60393,1488
1686541,61.8796,48.7596,1488,135780,0.358429,1,1,61929,60441,1488
1686541,57.1446,42.6647,1512,135780,0.324586,0,1,61953,60441,1512
1686541,53.0016,37.3316,1536,135780,0.293127,0,1,61977,60441,1536
1686541,49.5014,32.6651,1561,23000,0.265815,0.01,1,62002,60441,1561
1686541,46.3137,28.582,1585,23000,0.242233,0,1,62026,60441,1585
1686541,43.5245,25.0092,1609,23000,0.22101,0,1,62050,60441,1609
1686541,41.0839,21.8831,1633,21540,0.201909,0,1,62074,60441,1633
1686541,38.9484,19.1477,1657,20080,0.184718,0,1,62098,60441,1657
1686541,37.0799,16.7542,1681,20080,0.169246,0,1,62122,60441,1681
1686541,35.4449,14.66,1705,20080,0.155322,0,1,62146,60441,1705
1686541,34.0143,12.8275,1729,18620,0.142789,0,1,62170,60441,1729
1686541,32.7625,11.224,1753,18620,0.13151,0,1,62194,60441,1753
1686541,31.6672,9.82103,1777,18620,0.121359,0,1,62218,60441,1777
1686541,29.9588,8.5934,1795,18620,0.111223,0,1,62236,60441,1795
1692381,29.2139,199.519,283,16800,0.100101,0.02,1,62260,61977,283
1695301,28.5622,177.704,282,18620,0.090091,0.03,1,62284,62002,282
1701141,27.9919,158.491,282,18620,0.0810819,0.03,1,62308,62026,282
1701141,27.4929,138.68,306,17160,0.0729737,0,1,62332,62026,306
1708441,26.9313,127.345,281,17160,0.0656763,0.03,1,62355,62074,281
1708441,26.5649,111.427,305,12780,0.0591087,0,1,62379,62074,305
1708441,26.2443,97.4984,329,12780,0.0531978,0,1,62403,62074,329
1708441,25.9638,85.3111,353,12780,0.0478781,0,1,62427,62074,353
1713921,25.7183,86.6472,281,12780,0.0430903,0,1,62451,62170,281
1713921,25.5035,75.8163,305,94900,0.0387812,0,1,62475,62170,305
1713921,24.5656,66.3393,323,94900,0.0349031,0,1,62493,62170,323
1716841,149.12,192.297,270,94900,0.131413,0,1,63514,63244,270
1719761,136.48,168.26,318,96360,0.218272,0,1,63562,63244,318
1722681,125.42,147.227,366,97820,0.296444,0,1,63610,63244,366
1725601,115.742,128.824,414,99280,0.3668,0,1,63658,63244,414
1728521,107.275,112.721,462,100740,0.43012,0,1,63706,63244,462
1731441,99.8653,98.6308,510,102200,0.487108,0,1,63754,63244,510
1734361,93.3821,86.3019,558,103660,0.538397,0,1,63802,63244,558
1737281,87.7094,75.5142,606,103660,0.584557,0,1,63850,63244,606
1748961,71.2769,44.265,798,106580,0.727428,0,2,64042,63244,798
1751881,68.3673,38.7319,846,108040,0.754685,0,2,64090,63244,846
1754801,65.8214,33.8904,894,108040,0.779217,0,2,64138,63244,894
1757721,63.5937,29.6541,942,109500,0.801295,0,2,64186,63244,942
1760641,61.6445,25.9474,990,109500,0.821166,0,2,64234,63244,990
1763561,59.9389,22.7039,1038,110960,0.839049,0,2,64282,63244,1038
1766481,58.4466,19.8659,1086,110960,0.855144,0,2,64330,63244,1086
1769401,57.1407,17.3827,1134,112420,0.86963,0,2,64378,63244,1134
1772321,55.9981,15.2099,1182,112420,0.882667,0,2,64426,63244,1182
1775241,54.9984,13.3086,1230,112420,0.8824,0,2,64474,63244,1230
1778161,54.1236,11.645,1278,113880,0.88616,0,2,64522,63244,1278
1781081,53.3581,10.1894,1326,113880,0.891544,0,2,64570,63244,1326
1784001,52.6884,8.91574,1374,115340,0.90039,0,2,64618,63244,1374
1786921,52.1023,7.80127,1422,115340,0.904351,0,2,64666,63244,1422
1789841,51.5895,6.82611,1470,115340,0.903916,0,2,64714,63244,1470
1792761,51.1408,5.97285,1518,116800,0.901524,0,2,64762,63244,1518
1795681,50.7482,5.22624,1566,116800,0.899372,0,2,64810,63244,1566
1798601,50.4047,4.57296,1614,116800,0.894435,0,2,64858,63244,1614
1798601,47.1041,4.00134,1638,118260,0.894991,0,2,64882,63244,1638
1798601,44.2161,3.50118,1662,118260,0.893492,0,2,64906,63244,1662
1798601,41.6891,3.06353,1686,118260,0.891143,0,2,64930,63244,1686
1798601,39.603,2.68059,1711,116800,0.890028,0.87,2,64955,63244,1711
1798601,37.6526,2.34551,1735,115851,0.885026,0,2,64979,63244,1735
1798601,35.946,2.05232,1759,115376,0.879523,0,2,65003,63244,1759
1798601,34.4528,1.79578,1783,113441,0.873571,0,2,65027,63244,1783
1798601,33.1462,1.57131,1807,111506,0.866214,0,2,65051,63244,1807
1798601,32.0029,1.3749,1831,109571,0.858592,0,2,65075,63244,1831
1798601,31.0025,1.20303,1855,107636,0.850733,0,2,65099,63244,1855
1798601,30.1272,1.05266,1879,107161,0.84166,0,2,65123,63244,1879
1798601,29.3613,0.921074,1903,105226,0.832494,0,2,65147,63244,1903
1798601,28.6911,0.805939,1927,101831,0.823244,0,2,65171,63244,1927
1798601,28.1048,0.705197,1951,101356,0.81292,0,2,65195,63244,1951
1798601,27.5917,0.617047,1975,99421,0.802628,0,2,65219,63244,1975
1798601,27.1427,0.539916,1999,96026,0.792365,0,2,65243,63244,1999
1798601,26.7499,0.472427,2023,95551,0.782129,0,2,65267,63244,2023
1798601,26.4061,0.413374,2047,93616,0.773916,0,2,65291,63244,2047
1798601,26.1054,0.361702,2071,90221,0.765524,0,2,65315,63244,2071
1798601,25.8422,0.316489,2095,89747,0.758972,0,2,65339,63244,2095
1798601,25.6119,0.276928,2119,86352,0.754075,0,2,65363,63244,2119
1798601,25.4104,0.242312,2143,81760,0.747667,0,2,65387,63244,2143
1798601,25.2341,0.212023,2167,81760,0.7419,0,2,65411,63244,2167
1798601,25.0799,0.18552,2191,78840,0.73671,0,2,65435,63244,2191
1798601,24.9449,0.16233,2215,75920,0.732039,0,2,65459,63244,2215
1798601,24.8268,0.142039,2239,75920,0.727835,0,2,65483,63244,2239
1798601,24.7234,0.124284,2263,73000,0.724052,0,2,65507,63244,2263
1798601,24.633,0.108748,2287,68620,0.720647,0,2,65531,63244,2287
1798601,24.5539,0.0951549,2311,68620,0.717582,0,2,65555,63244,2311
1798601,24.4846,0.0832606,2335,65700,0.713824,0,2,65579,63244,2335
1798601,24.4241,0.072853,2359,65700,0.711441,0,2,65603,63244,2359
1798601,24.371,0.0637464,2383,65700,0.709297,0,2,65627,63244,2383
1798601,24.3247,0.0557781,2407,65700,0.707368,0,2,65651,63244,2407
1798601,24.2841,0.0488058,2431,65700,0.705631,0,2,65675,63244,2431
1798601,24.2486,0.0427051,2455,65700,0.704068,0,2,65699,63244,2455
1798601,24.2175,0.0373669,2479,65700,0.702661,0,2,65723,63244,2479
1798601,24.1903,0.0326961,2503,65700,0.701395,0,2,65747,63244,2503
1798601,24.1665,0.0286091,2527,65700,0.700255,0,2,65771,63244,2527
1804441,24.0151,184.409,1273,77380,0.701677,0,2,66203,64930,1273
1807361,24.0132,173.483,1200,77240,0.71551,0.8,2,66227,65027,1200
1810281,24.0115,154.797,1200,77640,0.729959,0.78,2,66251,65051,1200
1813201,24.0101,141.448,1176,77380,0.740963,0.76,2,66275,65099,1176
1817581,24.0088,126.767,1176,77640,0.751867,0.74,2,66299,65123,1176
1820501,24.0077,116.921,1152,78260,0.76368,0.72,2,66323,65171,1152
1821961,24.0068,105.306,1152,77380,0.772312,0.7,2,66347,65195,1152
1826341,24.0059,98.1426,1128,78260,0.782081,0.69,2,66371,65243,1128
1829261,24.0052,88.8747,1128,77380,0.788873,0.69,2,66395,65267,1128
1830721,24.0045,83.7654,1104,78260,0.796985,0.7,2,66419,65315,1104
1835101,24.004,76.2947,1104,77380,0.802287,0.69,2,66443,65339,1104
1838021,24.0035,72.7579,1080,78260,0.809058,0.69,2,66467,65387,1080
1839481,24.003,66.6632,1080,77380,0.813152,0.69,2,66491,65411,1080
1843861,24.0027,61.3303,1080,78260,0.818837,0.69,2,66515,65435,1080
1845321,24.0023,56.664,1080,77380,0.821953,0.69,2,66539,65459,1080
1848241,24.002,52.581,1080,78260,0.826758,0.69,2,66563,65483,1080
1849701,24.0018,49.0084,1080,77380,0.829082,0.69,2,66587,65507,1080
1854081,24.0016,45.8823,1080,78260,0.833174,0.69,2,66611,65531,1080
1855541,24.0014,43.147,1080,77380,0.834857,0.68,2,66635,65555,1080
1858461,24.0012,40.7536,1080,78260,0.838371,0.69,2,66659,65579,1080
1859921,24.001,38.6594,1080,77380,0.839534,0.69,2,66683,65603,1080
1864301,24.0009,36.827,1080,78260,0.84258,0.69,2,66707,65627,1080
1865761,24.0008,35.2236,1080,77380,0.843322,0.69,2,66731,65651,1080
1868681,24.0007,33.8207,1080,78260,0.84599,0.69,2,66755,65675,1080
1870141,24.0006,32.5931,1080,77380,0.846391,0.69,2,66779,65699,1080
1871601,24.0005,31.519,1080,78260,0.849752,0.69,2,66803,65723,1080
1875981,23.8755,30.5791,1079,77380,0.850777,0.69,2,66826,65747,1079
1877441,23.891,29.7567,1079,78260,0.853699,0.69,2,66850,65771,1079
1921241,23.9047,29.0371,1079,77380,0.854329,0.68,2,66874,65795,1079
1924161,26.9166,28.4075,1103,83220,0.868896,0.68,2,66922,65819,1103
1927081,29.552,30.8565,1103,84680,0.882007,0.68,2,66970,65867,1103
1929201,30.233,32.9995,1090,84680,0.893806,0.84,2,67005,65915,1090
1929201,29.4539,28.8745,1114,86140,0.904425,0,2,67029,65915,1114
1929201,28.7721,25.2652,1138,86140,0.913983,0,2,67053,65915,1138
1929201,28.1756,22.1071,1162,86140,0.922585,0,2,67077,65915,1162
1929201,27.6537,19.3437,1186,86140,0.930326,0,2,67101,65915,1186
1929201,27.197,16.9257,1210,86140,0.937294,0,2,67125,65915,1210
1929201,26.7973,14.81,1234,86140,0.943564,0,2,67149,65915,1234
1929201,26.4477,12.9588,1258,86140,0.949208,0,2,67173,65915,1258
1972561,44.2307,44.0712,1287,90520,0.939834,0.86,2,68113,66826,1287
1975481,44.7019,44.5623,1287,90520,0.929851,0.86,2,68161,66874,1287
1978401,45.1141,38.992,1335,90520,0.922866,0.86,2,68209,66874,1335
1981321,45.4749,34.118,1383,90520,0.918579,0.86,2,68257,66874,1383
1984241,45.7905,29.8533,1431,91980,0.918721,0.86,2,68305,66874,1431
1987161,46.0667,26.1216,1479,91980,0.920849,0.86,2,68353,66874,1479
1990081,46.3084,22.8564,1527,91980,0.924764,0.86,2,68401,66874,1527
1993001,46.5198,19.9994,1575,91980,0.930288,1,2,68449,66874,1575
1995921,46.7048,23.4994,1575,91980,0.937259,1,2,68497,66922,1575
1995921,43.8667,20.562,1599,91980,0.943533,0,2,68521,66922,1599
1995921,41.3834,17.9918,1623,91980,0.94918,0,2,68545,66922,1623
1995921,25.5714,1.62637,2055,82502,0.947555,0,2,68977,66922,2055
1995921,25.375,1.42307,2079,82030,0.9438,0,2,69001,66922,2079
1995921,25.2031,1.24519,2103,81558,0.93742,0,2,69025,66922,2103
1995921,25.0527,1.08954,2127,81087,0.932678,0,2,69049,66922,2127
1995921,24.9211,0.953346,2151,80615,0.92741,0,2,69073,66922,2151
1995921,24.806,0.834178,2175,80143,0.921669,0,2,69097,66922,2175
1995921,24.7052,0.729906,2199,79672,0.915502,0,2,69121,66922,2199
1995921,24.6171,0.638668,2223,79200,0.910952,0,2,69145,66922,2223
1995921,24.5399,0.558834,2247,78728,0.903857,0,2,69169,66922,2247
1995921,24.4724,0.48898,2271,78256,0.898471,0,2,69193,66922,2271
1995921,24.4134,0.427857,2295,77785,0.891624,0,2,69217,66922,2295
1995921,24.3617,0.374375,2319,77313,0.884462,0,2,69241,66922,2319
1995921,24.3165,0.327578,2343,76841,0.879015,0,2,69265,66922,2343
1995921,24.2769,0.286631,2367,76370,0.874114,0,2,69289,66922,2367
1995921,24.2423,0.250802,2391,75898,0.867702,0,2,69313,66922,2391
1995921,24.212,0.219452,2415,75426,0.861932,0,2,69337,66922,2415
1995921,24.1855,0.19202,2439,74955,0.856739,0,2,69361,66922,2439
1995921,24.1623,0.168018,2463,74483,0.852065,0,2,69385,66922,2463
1995921,24.142,0.147016,2487,74011,0.845859,0,2,69409,66922,2487
1995921,24.1243,0.128639,2511,73540,0.840273,0,2,69433,66922,2511
1995921,24.1088,0.112559,2535,73068,0.835245,0,2,69457,66922,2535
1995921,24.0952,0.098489,2559,72596,0.829721,0,2,69481,66922,2559
1995921,24.0833,0.0861778,2583,72124,0.822749,0,2,69505,66922,2583
1995921,24.0729,0.0754056,2607,71653,0.816474,0,2,69529,66922,2607
1995921,24.0637,0.0659799,2631,71181,0.810827,0,2,69553,66922,2631
1995921,24.0558,0.0577324,2655,70709,0.803744,0,2,69577,66922,2655
1995921,24.0488,0.0505159,2679,70238,0.797369,0,2,69601,66922,2679
1995921,24.0427,0.0442014,2703,69766,0.791633,0,2,69625,66922,2703
1995921,24.0374,0.0386762,2727,69294,0.784469,0,2,69649,66922,2727
1995921,24.0327,0.0338417,2751,66640,0.776022,0,2,69673,66922,2751
1995921,24.0286,0.0296115,2775,65180,0.76542,0,2,69697,66922,2775
1995921,24.025,0.02591,2799,64240,0.750878,0,2,69721,66922,2799
1995921,24.0219,0.0226713,2823,63720,0.73779,0,2,69745,66922,2823
1995921,24.0192,0.0198374,2847,63720,0.727011,0,2,69769,66922,2847
1995921,24.0168,0.0173577,2871,63720,0.71831,0,2,69793,66922,2871
1995921,24.0147,0.015188,2895,63720,0.710479,0,2,69817,66922,2895
1995921,24.0128,0.0132895,2919,63720,0.704431,0,2,69841,66922,2919
2108341,37.2306,130.546,1368,71540,0.597829,0.89,1,70345,68977,1368
2111261,38.5768,123.227,1344,71540,0.576046,0.86,1,70393,69049,1344
2114181,39.7547,116.824,1320,71540,0.553442,0.85,1,70441,69121,1320
2117101,40.7854,111.221,1296,71540,0.529097,0.83,1,70489,69193,1296
2120021,41.6872,106.318,1272,71540,0.503188,0.81,1,70537,69265,1272
2122941,42.4763,102.029,1248,71540,0.475869,0.79,1,70585,69337,1248
2125861,43.1668,98.275,1224,71540,0.447282,0.79,1,70633,69409,1224
2126801,42.6459,91.9906,1215,71540,0.417554,0,1,70672,69457,1215
2126801,40.3152,80.4918,1239,71540,0.388798,0,1,70696,69457,1239
2126801,38.2758,70.4303,1263,71540,0.360919,0,1,70720,69457,1263
2126801,36.4913,61.6265,1287,71540,0.333827,0,1,70744,69457,1287
2126801,34.9299,53.9232,1311,71540,0.307444,0,1,70768,69457,1311
2126801,33.5637,47.1828,1335,71540,0.2817,0,1,70792,69457,1335
2126801,32.3682,41.2849,1359,71540,0.25653,0,1,70816,69457,1359
2126801,31.3222,36.1243,1383,71540,0.231877,0,1,70840,69457,1383
2126801,30.4069,31.6088,1407,71540,0.208689,0,1,70864,69457,1407
2126801,29.606,27.6577,1431,71540,0.18782,0,1,70888,69457,1431
2126801,28.9053,24.2005,1455,71540,0.169038,0,1,70912,69457,1455
2126801,28.2921,21.1754,1479,71540,0.152134,0,1,70936,69457,1479
2126801,27.7556,18.5285,1503,71540,0.136921,0,1,70960,69457,1503
2126801,27.2862,16.2124,1527,71540,0.123229,0,1,70984,69457,1527
2126801,26.8754,14.1859,1551,71540,0.110906,0,1,71008,69457,1551
2126801,26.516,12.4126,1575,71540,0.195815,0,1,71032,69457,1575
2126801,26.2015,10.8611,1599,71540,0.270234,0,1,71056,69457,1599
2126801,25.9263,9.50343,1623,71540,0.33521,0,1,71080,69457,1623
2129721,47.3105,202.066,270,71540,0.376689,0,1,71277,71007,270
2132641,47.3967,176.807,318,73000,0.41602,0,1,71325,71007,318
2135561,47.4721,154.706,366,73000,0.451418,0,1,71373,71007,366
2138481,47.5381,135.368,414,73000,0.483277,0,1,71421,71007,414
2141401,47.5958,118.447,462,73000,0.511949,0,1,71469,71007,462
2144321,47.6463,103.641,510,73000,0.537754,0,1,71517,71007,510
2147241,47.6906,90.6861,558,73000,0.560979,0,1,71565,71007,558
2150161,47.7292,79.3503,606,74460,0.583881,0,1,71613,71007,606
2173521,47.907,27.2655,990,74460,0.701272,0,2,71997,71007,990
2176441,47.9186,23.8573,1038,74460,0.710145,0,2,72045,71007,1038
2179361,47.9288,20.8751,1086,74460,0.718131,0,2,72093,71007,1086
2182281,47.9377,18.2657,1134,74460,0.725318,0,2,72141,71007,1134
2185201,47.9455,15.9825,1182,75920,0.733786,0,2,72189,71007,1182
2188121,47.9523,13.9847,1230,75920,0.741407,0,2,72237,71007,1230
2191041,47.9582,12.2366,1278,75920,0.748267,0,2,72285,71007,1278
2193961,47.9635,10.707,1326,75920,0.75444,0,2,72333,71007,1326
2196881,47.968,9.36866,1374,75920,0.759996,0,2,72381,71007,1374
2199801,47.972,8.19758,1422,75920,0.764996,0.75,2,72429,71007,1422
2202721,47.9755,40.9229,1200,75920,0.769497,0.77,2,72477,71277,1200
2205641,47.9786,41.8075,1200,75920,0.773547,0.77,2,72525,71325,1200
2208561,47.9813,42.5816,1200,75920,0.777192,0.77,2,72573,71373,1200
2211481,47.9836,43.2589,1200,75920,0.780473,0.77,2,72621,71421,1200
2214401,47.9857,43.8515,1200,75920,0.783426,0.77,2,72669,71469,1200
2217321,47.9874,44.3701,1200,75920,0.786083,0.77,2,72717,71517,1200
2220241,47.989,44.8238,1200,75920,0.788475,0.77,2,72765,71565,1200
2223161,47.9904,39.2208,1248,75920,0.790627,0.79,2,72813,71565,1248
2226081,47.9916,40.3182,1248,75920,0.792565,0.79,2,72861,71613,1248
2229001,47.9926,41.2785,1248,75920,0.794308,0.79,2,72909,71661,1248
2231921,47.9936,42.1187,1248,75920,0.795877,0.79,2,72957,71709,1248
2234841,47.9944,42.8538,1248,75920,0.79729,0.79,2,73005,71757,1248
2237761,47.9951,43.4971,1248,75920,0.798561,0.79,2,73053,71805,1248
2240681,47.9957,44.06,1248,75920,0.799705,0.79,2,73101,71853,1248
2243601,47.9962,44.5525,1248,75920,0.800734,0.79,2,73149,71901,1248
2246521,47.9967,44.9834,1248,75920,0.801661,0.79,2,73197,71949,1248
2249441,47.9971,45.3605,1248,75920,0.802495,0.79,2,73245,71997,1248
2252361,47.9975,45.6904,1248,75920,0.803245,0.79,2,73293,72045,1248
2255281,47.9978,45.9791,1248,75920,0.803921,0.79,2,73341,72093,1248
2258201,47.9981,46.2317,1248,75920,0.804529,0.81,2,73389,72141,1248
2261121,47.9983,46.4528,1248,77380,0.807076,0.81,2,73437,72189,1248
2264041,47.9985,46.6462,1248,77380,0.809368,0.81,2,73485,72237,1248
2266961,47.9987,46.8154,1248,77380,0.811431,0.81,2,73533,72285,1248
2269881,47.9989,46.9635,1248,77380,0.813288,0.81,2,73581,72333,1248
2272801,47.999,47.093,1248,77380,0.814959,0.81,2,73629,72381,1248
2275721,47.9991,47.2064,1248,77380,0.816463,0.81,2,73677,72429,1248
2278641,47.9992,47.3056,1248,77380,0.817817,0.81,2,73725,72477,1248
2281561,47.9993,47.3924,1248,77380,0.819035,0.81,2,73773,72525,1248
2284481,47.9994,47.4684,1248,77380,0.820132,0.81,2,73821,72573,1248
2287401,47.9995,47.5348,1248,77380,0.821119,0.81,2,73869,72621,1248
2290321,47.9996,47.593,1248,77380,0.822007,0.81,2,73917,72669,1248
2293241,47.9996,47.6438,1248,77380,0.822806,0.81,2,73965,72717,1248
2296161,47.9997,47.6884,1248,77380,0.823526,0.81,2,74013,72765,1248
2299081,47.9997,47.7273,1248,77380,0.824173,0.81,2,74061,72813,1248
2302001,47.9997,47.7614,1248,77380,0.824756,0.81,2,74109,72861,1248
2304921,47.9998,47.7912,1248,77380,0.82528,0.81,2,74157,72909,1248
2307841,47.9998,47.8173,1248,78840,0.827752,0.81,2,74205,72957,1248
2310761,47.9998,47.8402,1248,78840,0.829977,0.81,2,74253,73005,1248
2313681,47.9998,47.8601,1248,78840,0.831979,0.81,2,74301,73053,1248
2316601,47.9999,47.8776,1248,78840,0.833781,0.81,2,74349,73101,1248
2319521,47.9999,47.8929,1248,78840,0.835403,0.81,2,74397,73149,1248
2322441,47.9999,47.9063,1248,78840,0.836863,0.81,2,74445,73197,1248
2325361,47.9999,47.918,1248,78840,0.838177,0.81,2,74493,73245,1248
2328281,47.9999,47.9283,1248,78840,0.839359,0.81,2,74541,73293,1248
2331201,47.9999,47.9372,1248,78840,0.840423,0.81,2,74589,73341,1248
2334121,47.9999,47.9451,1248,80300,0.843381,0.81,2,74637,73389,1248
2337041,47.9999,41.9519,1296,80300,0.846043,0.83,2,74685,73389,1296
2339961,48,42.7079,1296,80300,0.848438,0.83,2,74733,73437,1296
2342881,48,43.3695,1296,80300,0.850595,0.83,2,74781,73485,1296
2345801,48,43.9483,1296,80300,0.852535,0.83,2,74829,73533,1296
2348721,48,44.4547,1296,80300,0.854282,0.83,2,74877,73581,1296
2351641,48,44.8979,1296,81760,0.857853,0.83,2,74925,73629,1296
2354561,48,45.2857,1296,81760,0.861068,0.83,2,74973,73677,1296
2357481,48,45.625,1296,81760,0.863961,0.83,2,75021,73725,1296
2360401,48,45.9218,1296,81760,0.866565,0.83,2,75069,73773,1296
2363321,48,46.1816,1296,81760,0.868909,0.83,2,75117,73821,1296
2366241,48,46.4089,1296,81760,0.871018,0.83,2,75165,73869,1296
2369161,48,46.6078,1296,83220,0.874916,0.83,2,75213,73917,1296
2372081,48,46.7818,1296,83220,0.878424,0.83,2,75261,73965,1296
2375001,48,46.9341,1296,83220,0.881582,0.83,2,75309,74013,1296
2377921,48,47.0673,1296,83220,0.884424,0.83,2,75357,74061,1296
2380841,48,47.1839,1296,84680,0.888981,0.83,2,75405,74109,1296
2383761,48,47.2859,1296,84680,0.893083,0.85,2,75453,74157,1296
2386681,48,47.3752,1296,84680,0.896775,0.85,2,75501,74205,1296
2389601,48,47.4533,1296,84680,0.900097,0.85,2,75549,74253,1296
2392521,48,47.5216,1296,86140,0.905088,0.85,2,75597,74301,1296
2395441,48,47.5814,1296,86140,0.909579,0.85,2,75645,74349,1296
2398361,48,47.6337,1296,86140,0.913621,0.85,2,75693,74397,1296
2401281,48,47.6795,1296,86140,0.917259,0.85,2,75741,74445,1296
2404201,48,47.7196,1296,87600,0.922533,0.85,2,75789,74493,1296
2407121,48,47.7546,1296,87600,0.92728,0.85,2,75837,74541,1296
2410041,48,47.7853,1296,87600,0.931552,0.85,2,75885,74589,1296
2412961,48,41.8121,1344,89060,0.937397,0.87,2,75933,74589,1344
2415881,48,42.5856,1344,89060,0.942657,0.87,2,75981,74637,1344
2418801,48,43.2624,1344,89060,0.947391,0.87,2,76029,74685,1344
2445081,48,46.5756,1344,94900,0.939327,0.89,2,76461,75117,1344
2448001,48,46.7537,1344,96360,0.924394,0.89,2,76509,75165,1344
2450921,48,40.9095,1392,96360,0.906955,0.91,2,76557,75165,1392
2453841,48,41.7958,1392,97820,0.88726,0.91,2,76605,75213,1392
2456761,48,42.5713,1392,97820,0.865534,0.91,2,76653,75261,1392
2459681,48,43.2499,1392,99280,0.84198,0.91,2,76701,75309,1392
2462601,48,43.8437,1392,99280,0.816782,0.93,2,76749,75357,1392
2465521,48,44.3632,1392,100740,0.790104,0.93,2,76797,75405,1392
2468441,48,44.8178,1392,100740,0.762094,0.93,2,76845,75453,1392
2471361,48,45.2156,1392,102200,0.732884,0.93,2,76893,75501,1392
2474281,48,45.5636,1392,103660,0.702596,0.93,2,76941,75549,1392
2485961,48,42.5523,1440,108040,0.572654,0.95,1,77133,75693,1440
2488881,48,43.2333,1440,108040,0.538389,0.97,1,77181,75741,1440
2491801,48,43.8291,1440,109500,0.50355,0.97,1,77229,75789,1440
2494721,48,44.3505,1440,110960,0.465195,0.97,1,77277,75837,1440
2497641,48,44.8067,1440,110960,0.425675,0.97,1,77325,75885,1440
2500561,48,39.2058,1488,112420,0.386108,0.99,1,77373,75885,1488
2503481,48,40.3051,1488,113880,0.348497,0.99,1,77421,75933,1488
2506401,48,41.267,1488,113880,0.313647,0.99,1,77469,75981,1488
2509321,48,42.1086,1488,115340,0.282283,1,1,77517,76029,1488
2512241,48,42.845,1488,116800,0.254054,1,1,77565,76077,1488
2512241,45,37.4894,1512,118260,0.228649,0,1,77589,76077,1512
2512241,42.375,32.8032,1536,118260,0.205784,0,1,77613,76077,1536
2512241,40.0781,28.7028,1560,118260,0.185206,0,1,77637,76077,1560
2512241,38.0684,25.115,1584,3300,0.167685,0,1,77661,76077,1584
2512241,34.0598,21.9756,1590,3300,0.150917,0,1,77667,76077,1590
2519921,56.8023,214.229,246,2220,0.135825,0,1,77883,77637,246
2519921,50.452,187.45,252,81760,0.122242,0,1,77889,77637,252
2522841,1067.77,1185.39,270,81760,0.199018,0,1,86078,85808,270
2525761,940.299,1037.22,318,83220,0.270116,0,1,86126,85808,318
2528681,828.762,907.567,366,84680,0.336105,0,1,86174,85808,366
2531601,731.167,794.121,414,86140,0.397494,0,1,86222,85808,414
2534521,645.771,694.856,462,87600,0.454745,0,1,86270,85808,462
2537441,571.049,607.999,510,89060,0.50827,0,1,86318,85808,510
2540361,505.668,531.999,558,90520,0.557443,0,1,86366,85808,558
2552041,316.277,311.848,750,96360,0.709639,0,2,86558,85808,750
2554961,282.742,272.867,798,97820,0.738675,0,2,86606,85808,798
2557881,253.399,238.759,846,99280,0.764807,0,2,86654,85808,846
2560801,227.724,208.914,894,100740,0.788327,0,2,86702,85808,894
2563721,205.259,182.8,942,102200,0.809494,0,2,86750,85808,942
2566641,185.602,159.95,990,103660,0.828544,0,2,86798,85808,990
2569561,168.401,139.956,1038,105120,0.84569,0,2,86846,85808,1038
2572481,153.351,122.461,1086,106580,0.861121,0,2,86894,85808,1086
2575401,140.182,107.154,1134,108040,0.875009,0,2,86942,85808,1134
2578321,128.659,93.7596,1182,109500,0.887508,0,2,86990,85808,1182
2581241,118.577,82.0396,1230,110960,0.898757,0,2,87038,85808,1230
2584161,109.755,71.7847,1278,112420,0.908882,0,2,87086,85808,1278
2587081,102.036,62.8116,1326,113880,0.917993,0,2,87134,85808,1326
2590001,95.2811,54.9601,1374,115340,0.926194,0,2,87182,85808,1374
2592921,89.371,48.0901,1422,116800,0.933575,0,2,87230,85808,1422
2595841,84.1996,42.0789,1470,118260,0.940217,0,2,87278,85808,1470
2598761,79.6747,36.819,1518,119720,0.946195,0,2,87326,85808,1518
2629421,51.3798,37.1509,1512,135780,0.9418,0,2,87878,86366,1512
2629421,47.9573,32.507,1536,135780,0.93162,0,2,87902,86366,1536
2629421,45.0877,28.4437,1561,126360,0.923458,0.84,2,87927,86366,1561
2629421,42.4517,24.8882,1585,125560,0.915112,0,2,87951,86366,1585
2629421,40.1453,21.7772,1609,125160,0.908601,0,2,87975,86366,1609
2629421,38.1271,19.055,1633,123300,0.901741,0,2,87999,86366,1633
2629421,36.3612,16.6732,1657,121439,0.878567,0,2,88023,86366,1657
2629421,34.8161,14.589,1681,119579,0.85571,0,2,88047,86366,1681
2629421,33.464,12.7654,1705,117719,0.833139,0,2,88071,86366,1705
2629421,32.281,11.1697,1729,115859,0.808825,0,2,88095,86366,1729
2629421,31.2459,9.7735,1753,112538,0.784943,0,2,88119,86366,1753
2629421,30.3402,8.55181,1777,110678,0.761449,0,2,88143,86366,1777
2629421,29.5477,7.48283,1801,107358,0.739304,0,2,88167,86366,1801
2629421,28.8542,6.54748,1825,105498,0.720373,0,2,88191,86366,1825
2629421,28.2474,5.72904,1849,105097,0.704336,0,2,88215,86366,1849
2629421,23.5283,0.3965,2322,60660,0.597571,0,1,88688,86366,2322
2629421,23.5873,0.346938,2346,58140,0.593814,0,1,88712,86366,2346
2629421,21.1389,0.30357,2350,58140,0.592433,0,1,88716,86366,2350
2629421,21.4965,0.265624,2374,56060,0.590189,0,1,88740,86366,2374
2629421,21.8095,0.232421,2398,55860,0.58817,0,1,88764,86366,2398
2629421,19.5833,0.203368,2402,55860,0.586353,0,1,88768,86366,2402
2629421,20.1354,0.177947,2426,55860,0.582718,0,1,88792,86366,2426
2629421,20.6184,0.155704,2450,55660,0.579446,0,1,88816,86366,2450
2629421,18.5411,0.136241,2454,55660,0.578502,0,1,88820,86366,2454
2629421,19.2235,0.119211,2478,55660,0.575651,0,1,88844,86366,2478
2629421,19.8206,0.104309,2502,55460,0.573086,0,1,88868,86366,2502
2629421,17.843,0.0912708,2506,55460,0.572778,0,1,88872,86366,2506
2629421,18.6126,0.0798619,2530,55460,0.5705,0,1,88896,86366,2530
2629421,17.536,0.0698792,2540,55260,0.57045,0,1,88906,86366,2540
2629421,18.344,0.0611443,2564,55260,0.568405,0,1,88930,86366,2564
2629421,17.301,0.0535013,2574,54640,0.566564,0,1,88940,86366,2574
2635261,18.1384,192.047,1062,54640,0.562908,0.84,1,88964,87902,1062
2638181,18.8711,174.166,1037,65880,0.574617,0.84,1,88988,87951,1037
2641101,19.5122,158.395,1013,66320,0.586155,0.67,1,89012,87999,1013
2644021,20.0732,141.596,1013,67140,0.59854,0.65,1,89036,88023,1013
2724321,23.9581,29.4079,888,67140,0.700129,0.53,2,89852,88964,888
2730161,23.9679,22.5154,936,67140,0.700204,0.53,2,89900,88964,936
2741441,23.8504,17.2384,983,67140,0.700266,0.53,2,89947,88964,983
2742901,23.8691,15.0836,1007,67140,0.701239,0.53,2,89971,88964,1007
2760161,22.1355,13.1981,1017,65880,0.704115,0.69,2,89981,88964,1017
2763081,25.3686,12.7984,1055,96360,0.733704,0.68,2,90029,88974,1055
2765361,26.8225,12.9486,1078,97820,0.760333,0.69,2,90066,88988,1078
2765361,26.4697,11.33,1102,97820,0.7843,0,2,90090,88988,1102
2765361,26.161,9.91375,1126,97820,0.80587,0,2,90114,88988,1126
2768281,28.8908,17.6745,1102,97820,0.825283,0.69,2,90162,89060,1102
2771201,31.2795,21.4652,1102,99280,0.842755,0.69,2,90210,89108,1102
2774121,33.3696,24.7821,1102,99280,0.858479,0.69,2,90258,89156,1102
2777041,35.1984,27.6843,1102,100740,0.872631,0.69,2,90306,89204,1102
2779961,36.7986,30.2238,1102,100740,0.885368,0.69,2,90354,89252,1102
2782881,38.1987,32.4458,1102,100740,0.896831,0.69,2,90402,89300,1102
2785801,39.4239,34.3901,1102,102200,0.907148,0.69,2,90450,89348,1102
2788721,40.4959,36.0913,1102,102200,0.916433,0.69,2,90498,89396,1102
2791641,41.4339,37.5799,1102,102200,0.92479,0.69,2,90546,89444,1102
2794561,42.2547,38.8824,1102,103660,0.932311,0.69,2,90594,89492,1102
2797481,42.9728,40.0221,1102,103660,0.93908,0.69,2,90642,89540,1102
2800401,43.6012,41.0193,1102,105120,0.945172,0.69,2,90690,89588,1102
2841281,47.3217,21.2431,1381,112420,0.945037,0.73,2,91362,89981,1381
2844201,47.4065,18.5877,1429,112420,0.938533,0.73,2,91410,89981,1429
2847121,47.4807,16.2642,1477,112420,0.92968,0.73,2,91458,89981,1477
2850041,47.5456,14.2312,1525,113880,0.923712,0.73,2,91506,89981,1525
2851501,47.6024,12.4523,1573,113880,0.917341,0.73,2,91554,89981,1573
2851501,44.6521,10.8958,1597,113880,0.912607,0,2,91578,89981,1597
2851501,42.0706,9.53379,1621,113880,0.909346,0,2,91602,89981,1621
2851501,39.8117,8.34206,1645,112420,0.904411,0.88,2,91626,89981,1645
2851501,37.8353,7.29931,1669,111471,0.89697,0,2,91650,89981,1669
2851501,36.2309,6.38689,1694,110997,0.891273,0,2,91675,89981,1694
2851501,34.702,5.58853,1718,110522,0.883146,0,2,91699,89981,1718
2851501,33.3643,4.88997,1742,110048,0.876831,0,2,91723,89981,1742
2851501,32.1937,4.27872,1766,108113,0.869148,0,2,91747,89981,1766
2851501,31.1695,3.74388,1790,106179,0.859233,0,2,91771,89981,1790
2851501,30.2733,3.27589,1814,105704,0.85131,0,2,91795,89981,1814
2851501,29.4892,2.86641,1838,103770,0.843179,0,2,91819,89981,1838
2851501,28.803,2.50811,1862,103295,0.834861,0,2,91843,89981,1862
2851501,28.2026,2.19459,1886,101361,0.825375,0,2,91867,89981,1886
2851501,27.6773,1.92027,1910,99426,0.815838,0,2,91891,89981,1910
2851501,27.2176,1.68024,1934,98952,0.806254,0,2,91915,89981,1934
2851501,26.8154,1.47021,1958,95557,0.795628,0,2,91939,89981,1958
2851501,26.4635,1.28643,1982,93623,0.785066,0,2,91963,89981,1982
2851501,26.1556,1.12563,2006,93148,0.774559,0,2,91987,89981,2006
2851501,25.8861,0.984923,2030,89754,0.764103,0,2,92011,89981,2030
2851501,25.6504,0.861808,2054,89279,0.755693,0,2,92035,89981,2054
2851501,25.4441,0.754082,2078,87345,0.744124,0,2,92059,89981,2078
2851501,25.2636,0.659822,2102,83950,0.734711,0,2,92083,89981,2102
2851501,25.1056,0.577344,2126,83476,0.72724,0,2,92107,89981,2126
2851501,24.9674,0.505176,2150,78840,0.719516,0,2,92131,89981,2150
2851501,24.8465,0.442029,2174,78840,0.712564,0,2,92155,89981,2174
2851501,24.7407,0.386775,2198,75920,0.706308,0,2,92179,89981,2198
2851501,24.6481,0.338428,2222,73000,0.700677,0,2,92203,89981,2222
2867561,24.0118,138.016,1152,75920,0.700871,0.78,2,92923,91771,1152
2871941,24.0103,123.764,1152,76400,0.715784,0.76,2,92947,91795,1152
2874861,24.009,114.293,1128,75920,0.727206,0.74,2,92971,91843,1128
2879241,24.0079,103.007,1128,76400,0.739485,0.72,2,92995,91867,1128
2880701,24.0069,96.1307,1104,75920,0.748537,0.7,2,93019,91915,1104
2883621,24.0061,87.1144,1104,76400,0.758683,0.68,2,93043,91939,1104
2888001,24.0053,82.2251,1080,75920,0.765815,0.67,2,93067,91987,1080
2889461,24.0046,74.9469,1080,76400,0.774233,0.64,2,93091,92011,1080
2893841,24.0041,71.5786,1056,75920,0.77981,0.65,2,93115,92059,1056
2896761,24.0035,65.6313,1056,76400,0.786829,0.65,2,93139,92083,1056
2898221,24.0031,63.4274,1032,75920,0.791146,0.65,2,93163,92131,1032
2902601,24.0027,58.4989,1032,76400,0.797031,0.65,2,93187,92155,1032
2904061,24.0024,54.1866,1032,75920,0.800328,0.65,2,93211,92179,1032
2908441,24.0021,50.4132,1032,76400,0.805295,0.65,2,93235,92203,1032
2909901,24.0018,47.1116,1032,75920,0.807766,0.65,2,93259,92227,1032
2912821,24.0016,44.2226,1032,76400,0.811989,0.65,2,93283,92251,1032
2914281,24.0014,41.6948,1032,75920,0.81379,0.65,2,93307,92275,1032
2918661,24.0012,39.483,1032,76400,0.817411,0.65,2,93331,92299,1032
2920121,24.0011,37.5476,1032,75920,0.81867,0.65,2,93355,92323,1032
2923041,24.0009,35.8541,1032,76400,0.821803,0.65,2,93379,92347,1032
2924501,24.0008,34.3724,1032,75920,0.822623,0.65,2,93403,92371,1032
2928881,23.8757,33.0758,1031,76400,0.825361,0.65,2,93426,92395,1031
2930341,23.8913,31.9413,1031,75920,0.824825,0.65,2,93450,92419,1031
2931801,23.9048,30.9487,1031,76400,0.826342,0.65,2,93474,92443,1031
2971221,23.9167,30.0801,1031,75920,0.825708,0.64,2,93498,92467,1031
2974141,26.9271,29.3201,1055,80300,0.843137,0.64,2,93546,92491,1055
2977061,29.5613,31.6551,1055,81760,0.858823,0.64,2,93594,92539,1055
2979981,31.8661,33.6982,1055,81760,0.872941,0.64,2,93642,92587,1055
2981681,31.3828,35.4859,1035,83220,0.885647,0.77,2,93670,92635,1035
2981681,30.46,31.0502,1059,83220,0.897082,0,2,93694,92635,1059
2981681,29.6525,27.1689,1083,83220,0.907374,0,2,93718,92635,1083
2981681,28.9459,23.7728,1107,83220,0.916637,0,2,93742,92635,1107
2981681,28.3277,20.8012,1131,83220,0.924973,0,2,93766,92635,1131
2981681,27.7867,18.201,1155,83220,0.930476,0,2,93790,92635,1155
2981681,27.3134,15.9259,1179,83220,0.933428,0,2,93814,92635,1179
2981681,26.8992,13.9352,1203,83220,0.934085,0,2,93838,92635,1203
2981681,26.5368,12.1933,1227,83220,0.932677,0,2,93862,92635,1227
2981681,26.2197,10.6691,1251,83220,0.929409,0,2,93886,92635,1251
2981681,25.9422,9.33548,1275,83220,0.924468,0,2,93910,92635,1275
2981681,25.6995,8.16854,1299,83220,0.918021,0,2,93934,92635,1299
2981681,25.487,7.14747,1323,83220,0.910219,0,2,93958,92635,1323
2981681,25.3012,6.25404,1347,83220,0.901197,0,2,93982,92635,1347
2981681,25.1385,5.47229,1371,83220,0.891078,0,2,94006,92635,1371
2981681,22.4962,4.78825,1375,83220,0.88197,0,2,94010,92635,1375
2984601,25.6842,33.9397,1185,83220,0.869773,0.79,2,94058,92873,1185
2987521,28.4736,32.9473,1207,83220,0.854796,0.79,2,94106,92899,1207
2990441,30.9144,28.8288,1255,83220,0.837316,0.83,2,94154,92899,1255
2993361,33.0501,28.2252,1279,83220,0.817584,0.83,2,94202,92923,1279
2996281,34.9189,30.6971,1279,84680,0.795826,0.83,2,94250,92971,1279
2999201,36.554,32.86,1279,84680,0.772243,0.83,2,94298,93019,1279
3002121,37.9848,34.7525,1279,84680,0.747019,0.83,2,94346,93067,1279
3005041,39.2367,36.4084,1279,84680,0.720317,0.83,2,94394,93115,1279
3019641,43.5052,42.0546,1279,86140,0.569328,0.83,1,94634,93355,1279
3022561,44.0671,42.7977,1279,87600,0.536396,0.82,1,94682,93403,1279
3025481,44.5587,43.323,1280,87600,0.501756,0.82,1,94730,93450,1280
3028401,44.9888,43.9076,1280,87600,0.45958,0.82,1,94778,93498,1280
3031321,45.3652,38.4192,1328,87600,0.419622,0.82,1,94826,93498,1328
3034241,45.6946,33.6168,1376,87600,0.38166,0.82,1,94874,93498,1376
3037161,45.9828,29.4147,1424,89060,0.345494,0.82,1,94922,93498,1424
3040081,46.2349,25.7379,1472,89060,0.310945,1,1,94970,93498,1472
3043001,46.4555,28.5206,1472,89060,0.27985,1,1,95018,93546,1472
3045921,46.6486,24.9555,1520,89060,0.251865,1,1,95066,93546,1520
3048841,46.8175,21.8361,1568,89060,0.226679,1,1,95114,93546,1568
3051761,46.9653,25.1066,1568,89060,0.204011,1,1,95162,93594,1568
3053441,44.5947,21.9683,1596,90520,0.18361,0,1,95190,93594,1596
3056361,871.27,1017.22,270,90520,0.265249,0,1,101848,101578,270
3059281,768.362,890.069,318,91980,0.338724,0,1,101896,101578,318
3062201,678.316,778.811,366,93440,0.404851,0,1,101944,101578,366
3065121,599.527,681.459,414,94900,0.464366,0,1,101992,101578,414
3068041,530.586,596.277,462,96360,0.51793,0,1,102040,101578,462
3070961,470.263,521.742,510,97820,0.566137,0,1,102088,101578,510
3082641,295.523,305.836,702,103660,0.715342,0,2,102280,101578,702
3085561,264.582,267.606,750,105120,0.743808,0,2,102328,101578,750
3088481,237.51,234.156,798,106580,0.769427,0,2,102376,101578,798
3091401,213.821,204.886,846,108040,0.792485,0,2,102424,101578,846
3094321,193.093,179.275,894,109500,0.813236,0,2,102472,101578,894
3097241,174.957,156.866,942,110960,0.831912,0,2,102520,101578,942
3100161,159.087,137.258,990,112420,0.848721,0,2,102568,101578,990
3103081,145.201,120.1,1038,113880,0.863849,0,2,102616,101578,1038
3106001,133.051,105.088,1086,115340,0.877464,0,2,102664,101578,1086
3108921,122.42,91.9519,1134,116800,0.889718,0,2,102712,101578,1134
3111841,113.117,80.4579,1182,118260,0.900746,0,2,102760,101578,1182
3114761,104.978,70.4007,1230,119720,0.910671,0,2,102808,101578,1230
3117681,97.8553,61.6006,1278,121180,0.919604,0,2,102856,101578,1278
3120601,91.6234,53.9005,1326,122640,0.927644,0,2,102904,101578,1326
3123521,86.1705,47.163,1374,124100,0.934879,0,2,102952,101578,1374
3126441,81.3992,41.2676,1422,125560,0.941392,0,2,103000,101578,1422
3129361,77.2243,36.1091,1470,127020,0.947252,0,2,103048,101578,1470
3141041,65.1307,21.1665,1662,132860,0.949004,0,2,103240,101578,1662
3142501,62.9894,18.5207,1710,134320,0.943104,0,2,103288,101578,1710
3142501,58.1157,16.2056,1734,134320,0.934793,0,2,103312,101578,1734
3142501,53.8513,14.1799,1758,134320,0.923314,0,2,103336,101578,1758
3142501,50.2448,12.4074,1783,126000,0.910983,0.82,2,103361,101578,1783
3142501,46.9642,10.8565,1807,125173,0.895884,0,2,103385,101578,1807
3142501,44.0937,9.49943,1831,124760,0.880296,0,2,103409,101578,1831
3142501,41.582,8.312,1855,122886,0.862266,0,2,103433,101578,1855
3142501,39.3842,7.273,1879,121012,0.84404,0,2,103457,101578,1879
3142501,37.4612,6.36388,1903,119139,0.825636,0,2,103481,101578,1903
3142501,35.7786,5.56839,1927,117265,0.807072,0,2,103505,101578,1927
3142501,34.3062,4.87234,1951,115391,0.789365,0,2,103529,101578,1951
3142501,33.018,4.2633,1975,112058,0.774428,0,2,103553,101578,1975
3142501,31.8907,3.73039,1999,110184,0.761986,0,2,103577,101578,1999
3142501,30.9044,3.26409,2023,106850,0.749787,0,2,103601,101578,2023
3142501,30.0413,2.85608,2047,104977,0.739808,0,2,103625,101578,2047
3142501,29.2862,2.49907,2071,101643,0.731828,0,2,103649,101578,2071
3142501,28.6254,2.18669,2095,98309,0.725645,0,2,103673,101578,2095
3142501,28.0472,1.91335,2119,94976,0.71908,0,2,103697,101578,2119
3142501,27.5413,1.67418,2143,90960,0.714172,0,2,103721,101578,2143
3142501,27.0987,1.46491,2167,88040,0.710755,0,2,103745,101578,2167
3142501,26.7113,1.28179,2191,85120,0.708679,0,2,103769,101578,2191
3142501,24.7133,0.337209,2431,77820,0.595589,0,1,104009,101578,2431
3142501,24.6241,0.295058,2455,77820,0.58903,0,1,104033,101578,2455
3142501,23.4211,0.258176,2470,77820,0.583127,0,1,104048,101578,2470
3142501,23.4935,0.225904,2494,77820,0.574814,0,1,104072,101578,2494
3142501,23.5568,0.197666,2518,52100,0.568333,0,1,104096,101578,2518
3142501,21.1122,0.172957,2522,52100,0.564499,0,1,104100,101578,2522
3142501,21.4732,0.151338,2546,52100,0.55905,0,1,104124,101578,2546
3142501,20.039,0.132421,2556,51900,0.554145,0,1,104134,101578,2556
3142501,20.5341,0.115868,2580,51900,0.54773,0,1,104158,101578,2580
3142501,20.9674,0.101384,2604,51280,0.541957,0,1,104182,101578,2604
3142501,18.8465,0.0887114,2608,51280,0.538761,0,1,104186,101578,2608
3142501,19.4906,0.0776225,2632,51280,0.533885,0,1,104210,101578,2632
3142501,20.0543,0.0679197,2656,51080,0.529497,0,1,104234,101578,2656
3142501,18.0475,0.0594297,2660,51080,0.527547,0,1,104238,101578,2660
3142501,18.7916,0.052001,2684,51080,0.523792,0,1,104262,101578,2684
3142501,19.4426,0.0455009,2708,50880,0.520413,0,1,104286,101578,2708
3142501,17.5123,0.0398133,2712,50880,0.519372,0,1,104290,101578,2712
3142501,17.4483,0.0348366,2729,50880,0.516435,0,1,104307,101578,2729
3148341,18.2672,219.78,995,50680,0.511791,0.76,1,104331,103336,995
3151261,18.9838,198.433,970,61760,0.523612,0.7,1,104355,103385,970
3154181,19.6109,179.629,946,62780,0.536251,0.68,1,104379,103433,946
3157101,20.1595,160.175,946,61760,0.545626,0.66,1,104403,103457,946
3160021,20.6396,143.153,946,62780,0.554063,0.63,1,104427,103481,946
3162941,21.0596,131.259,922,62780,0.559657,0.64,1,104451,103529,922
3164401,21.4272,117.852,922,61760,0.566691,0.64,1,104475,103553,922
3167321,21.7488,109.12,898,62780,0.575022,0.65,1,104499,103601,898
3170241,22.0302,98.4802,898,61760,0.58052,0.66,1,104523,103625,898
3171701,22.2764,89.1702,898,62780,0.587468,0.66,1,104547,103649,898
3174621,22.4918,84.0239,874,61760,0.591721,0.67,1,104571,103697,874
3177541,22.6804,76.5209,874,62780,0.597549,0.68,1,104595,103721,874
3284561,33.9158,26.465,1031,97820,0.598472,0.62,1,105602,104571,1031
3287481,35.6763,29.1569,1031,97820,0.582625,0.62,1,105650,104619,1031
3290401,37.2168,31.5123,1031,97820,0.564362,0.63,1,105698,104667,1031
3293321,38.5647,33.5732,1031,99280,0.543926,0.63,1,105746,104715,1031
3296241,39.7441,35.3766,1031,99280,0.521533,0.63,1,105794,104763,1031
3299161,40.7761,36.9545,1031,99280,0.49738,0.63,1,105842,104811,1031
3302081,41.6791,38.3352,1031,100740,0.471642,0.63,1,105890,104859,1031
3305001,42.4692,39.5433,1031,100740,0.445478,0.63,1,105938,104907,1031
3307921,43.1605,40.6004,1031,100740,0.41793,0.63,1,105986,104955,1031
3310841,43.7655,41.4003,1032,102200,0.389137,0.63,1,106034,105002,1032
3313761,44.2948,42.2253,1032,102200,0.359223,0.63,1,106082,105050,1032
3316561,44.5079,42.9471,1030,103660,0.328301,0,1,106128,105098,1030
3316561,41.9445,37.5787,1054,103660,0.298471,0,1,106152,105098,1054
3316561,39.7014,32.8814,1078,103660,0.269624,0,1,106176,105098,1078
3316561,37.7387,28.7712,1102,103660,0.242661,0,1,106200,105098,1102
3316561,36.0214,25.1748,1126,103660,0.218395,0,1,106224,105098,1126
3316561,34.5187,22.028,1150,103660,0.196556,0,1,106248,105098,1150
3316561,33.2039,19.2745,1174,103660,0.1769,0,1,106272,105098,1174
3316561,32.0534,16.8652,1198,103660,0.15921,0,1,106296,105098,1198
3316561,31.0467,14.757,1222,103660,0.143289,0,1,106320,105098,1222
3316561,30.1659,12.9124,1246,103660,0.12896,0,1,106344,105098,1246
3316561,29.3951,11.2983,1270,103660,0.116064,0,1,106368,105098,1270
3316561,28.7207,9.88605,1294,103660,0.104458,0,1,106392,105098,1294
3316561,28.1307,8.65029,1318,103660,0.094012,0,1,106416,105098,1318
3319481,532.864,646.819,270,103660,0.184611,0,1,110482,110212,270
3322401,472.256,565.967,318,105120,0.26615,0,1,110530,110212,318
3325321,419.224,495.221,366,106580,0.339535,0,1,110578,110212,366
3328241,372.821,433.318,414,106580,0.405581,0,1,110626,110212,414
3331161,332.219,379.153,462,108040,0.465023,0,1,110674,110212,462
3334081,296.691,331.759,510,109500,0.518521,0,1,110722,110212,510
3337001,265.605,290.289,558,109500,0.566669,0,1,110770,110212,558
3348681,175.556,170.162,750,112420,0.715691,0,2,110962,110212,750
3351601,159.611,148.892,798,113880,0.744122,0,2,111010,110212,798
3354521,145.66,130.28,846,113880,0.76971,0,2,111058,110212,846
3357441,133.453,113.995,894,115340,0.792739,0,2,111106,110212,894
3360361,122.771,99.746,942,115340,0.813465,0,2,111154,110212,942
3363281,113.425,87.2778,990,116800,0.832119,0,2,111202,110212,990
3366201,105.247,76.368,1038,116800,0.848907,0,2,111250,110212,1038
3369121,98.0907,66.822,1086,116800,0.864016,0,2,111298,110212,1086
3372041,91.8294,58.4693,1134,118260,0.875614,0,2,111346,110212,1134
3374961,86.3507,51.1606,1182,118260,0.882053,0,2,111394,110212,1182
3377881,81.5569,44.7655,1230,119720,0.893848,0,2,111442,110212,1230
3380801,77.3623,39.1698,1278,119720,0.902463,0,2,111490,110212,1278
3383721,73.692,34.2736,1326,119720,0.910217,0,2,111538,110212,1326
3386641,70.4805,29.9894,1374,121180,0.915195,0,2,111586,110212,1374
3389561,67.6704,26.2407,1422,121180,0.919675,0,2,111634,110212,1422
3392481,65.2116,22.9606,1470,122640,0.922708,0,2,111682,110212,1470
3395401,63.0602,20.0906,1518,122640,0.924437,0,2,111730,110212,1518
3395401,58.1776,17.5792,1542,122640,0.926993,0,2,111754,110212,1542
3395401,53.9054,15.3818,1566,122640,0.930294,0,2,111778,110212,1566
3395401,50.1673,13.4591,1590,122640,0.931265,0,2,111802,110212,1590
3395401,46.8963,11.7767,1614,120340,0.931138,0.94,2,111826,110212,1614
3395401,44.1593,10.3046,1639,119403,0.930024,0,2,111851,110212,1639
3395401,41.6394,9.01655,1663,118934,0.927022,0,2,111875,110212,1663
3395401,39.4345,7.88948,1687,118466,0.92332,0,2,111899,110212,1687
3395401,37.5052,6.9033,1711,116537,0.920988,0,2,111923,110212,1711
3395401,35.817,6.04039,1735,116068,0.919889,0,2,111947,110212,1735
3395401,34.3399,5.28534,1759,114139,0.9179,0,2,111971,110212,1759
3395401,33.0474,4.62467,1783,112211,0.91711,0,2,111995,110212,1783
3395401,31.9165,4.04659,1807,111742,0.917399,0,2,112019,110212,1807
3395401,30.9269,3.54076,1831,109813,0.916659,0,2,112043,110212,1831
3395401,30.0611,3.09817,1855,107885,0.916993,0,2,112067,110212,1855
3395401,29.3034,2.7109,1879,107416,0.918294,0,2,112091,110212,1879
3395401,28.6405,2.37203,1903,104027,0.918464,0,2,112115,110212,1903
3395401,28.0604,2.07553,1927,102098,0.919618,0,2,112139,110212,1927
3395401,27.5529,1.81609,1951,101630,0.921656,0,2,112163,110212,1951
3395401,27.1088,1.58908,1975,98241,0.922491,0,2,112187,110212,1975
3395401,26.7202,1.39044,1999,97772,0.924242,0,2,112211,110212,1999
3395401,26.3802,1.21664,2023,97304,0.926817,0,2,112235,110212,2023
3395401,26.0826,1.06456,2047,95375,0.928136,0,2,112259,110212,2047
3395401,25.8223,0.931488,2071,94906,0.930322,0,2,112283,110212,2071
3395401,25.5945,0.815052,2095,92977,0.93329,0,2,112307,110212,2095
3395401,25.3952,0.713171,2119,92509,0.934961,0,2,112331,110212,2119
3395401,25.2208,0.624024,2143,90580,0.936465,0,2,112355,110212,2143
3395401,25.0682,0.546021,2167,90111,0.937818,0,2,112379,110212,2167
3395401,24.9347,0.477769,2191,88183,0.937037,0,2,112403,110212,2191
3395401,24.8178,0.418048,2215,87714,0.924333,0,2,112427,110212,2215
3395401,24.7156,0.365792,2239,84680,0.9119,0,2,112451,110212,2239
3395401,24.6262,0.320068,2263,83840,0.90171,0,2,112475,110212,2263
3395401,24.5479,0.280059,2287,82380,0.893539,0,2,112499,110212,2287
3395401,24.4794,0.245052,2311,82380,0.887185,0,2,112523,110212,2311
3395401,22.6695,0.21442,2321,80920,0.882466,0,2,112533,110212,2321
3395401,22.8358,0.187618,2345,80920,0.87722,0,2,112557,110212,2345
3395401,22.9813,0.164166,2369,80300,0.872498,0,2,112581,110212,2369
3395401,23.1087,0.143645,2393,79940,0.869248,0,2,112605,110212,2393
3395401,23.2201,0.125689,2417,79940,0.867323,0,2,112629,110212,2417
3395401,23.3176,0.109978,2441,79940,0.864591,0,2,112653,110212,2441
3395401,23.4029,0.0962308,2465,79940,0.863132,0,2,112677,110212,2465
3395401,23.4775,0.084202,2489,79940,0.862819,0,2,112701,110212,2489
3395401,23.5428,0.0736767,2513,79940,0.863537,0,2,112725,110212,2513
3395401,23.6,0.0644671,2537,79940,0.865183,0,2,112749,110212,2537
3395401,23.65,0.0564088,2561,79940,0.865665,0,2,112773,110212,2561
3395401,23.6937,0.0493577,2585,79940,0.867098,0,2,112797,110212,2585
3395401,23.732,0.043188,2609,79940,0.866388,0,2,112821,110212,2609
3395401,23.7655,0.0377895,2633,79940,0.86675,0,2,112845,110212,2633
3395401,23.7948,0.0330658,2657,79940,0.868075,0,2,112869,110212,2657
3395401,23.8205,0.0289326,2681,79940,0.869267,0,2,112893,110212,2681
3395401,23.8429,0.025316,2705,79940,0.87034,0,2,112917,110212,2705
3395401,23.8625,0.0221515,2729,79940,0.871306,0,2,112941,110212,2729
3395401,23.8797,0.0193825,2753,79940,0.871176,0,2,112965,110212,2753
3395401,23.8948,0.0169597,2777,79940,0.872058,0,2,112989,110212,2777
3395401,23.9079,0.0148398,2801,79940,0.872852,0,2,113013,110212,2801
3395401,23.9194,0.0129848,2825,79940,0.873567,0,2,113037,110212,2825
3395401,23.9295,0.0113617,2849,79940,0.87421,0,2,113061,110212,2849
3395401,23.9383,0.00994148,2873,79940,0.874789,0,2,113085,110212,2873
3395401,23.946,0.0086988,2897,79940,0.87531,0,2,113109,110212,2897
3395401,23.9528,0.00761145,2921,79940,0.875779,0,2,113133,110212,2921
3395401,23.9587,0.00666002,2945,79940,0.876201,0,2,113157,110212,2945
3395401,23.9638,0.00582751,2969,79940,0.876581,0,2,113181,110212,2969
3395401,23.9684,0.00509908,2993,79940,0.876923,0,2,113205,110212,2993
3395401,23.9723,0.00446169,3017,79940,0.877231,0,2,113229,110212,3017
3395401,23.9758,0.00390398,3041,79940,0.877508,0,2,113253,110212,3041
3395401,23.9788,0.00341598,3065,79940,0.877757,0,2,113277,110212,3065
3395401,23.9815,0.00298898,3089,79940,0.877981,0,2,113301,110212,3089
3395401,23.9838,0.00261536,3113,79940,0.878183,0,2,113325,110212,3113
3395401,23.9858,0.00228844,3137,79940,0.878365,0,2,113349,110212,3137
3402701,23.9876,198.752,1571,79940,0.878528,0.89,2,113373,111802,1571
3402701,23.9891,173.908,1595,84680,0.881676,0,2,113397,111802,1595
3407081,23.9905,164.295,1522,82500,0.884508,0.9,2,113421,111899,1522
3407081,23.9917,143.758,1546,84680,0.889057,0,2,113445,111899,1546
3410001,23.9927,134.788,1498,83960,0.893151,0.91,2,113469,111971,1498
3414381,23.9936,120.939,1498,84680,0.896836,0.91,2,113493,111995,1498
3417301,23.9944,111.822,1474,84680,0.900153,0.92,2,113517,112043,1474
3421681,23.9951,100.844,1474,84680,0.903137,0.92,2,113541,112067,1474
3423141,23.9957,94.2388,1450,84680,0.905824,0.93,2,113565,112115,1450
3426061,23.9963,85.4589,1450,84680,0.908241,0.93,2,113589,112139,1450
3430441,23.9967,80.7765,1426,84680,0.910417,0.94,2,113613,112187,1426
3431901,23.9971,73.6795,1426,84680,0.912376,0.94,2,113637,112211,1426
3437741,23.9975,70.4695,1402,84680,0.915138,0.95,2,113661,112259,1402
3442121,23.9978,64.6609,1402,84680,0.917624,0.95,2,113685,112283,1402
3446501,23.9981,62.5782,1378,84680,0.919862,0.95,2,113709,112331,1378
3450881,23.9983,57.756,1378,84680,0.921876,0.93,2,113733,112355,1378
3455261,23.9985,56.5365,1354,84680,0.923688,0.8,2,113757,112403,1354
3459641,23.9987,55.4694,1330,84680,0.925319,0.81,2,113781,112451,1330
3464021,23.8739,51.5357,1329,84680,0.926787,0.83,2,113804,112475,1329
3464021,23.8896,45.0938,1353,84680,0.928109,0,2,113828,112475,1353
3524501,23.9034,45.457,1329,83960,0.929298,0.88,2,113852,112523,1329
3525601,26.1655,44.0249,1337,86140,0.936368,0.91,2,113894,112557,1337
3525601,25.8948,38.5218,1361,86140,0.942731,0,2,113918,112557,1361
3525601,25.658,33.7066,1385,86140,0.948458,0,2,113942,112557,1385
3546041,38.2887,72.18,1403,94900,0.935499,0.94,2,115064,113661,1403
3548961,39.5026,69.1575,1403,94900,0.909949,0.94,2,115112,113709,1403
3551881,40.5648,66.5128,1403,94900,0.888954,0.94,2,115160,113757,1403
3554801,41.4942,64.0737,1404,94900,0.872059,0.94,2,115208,113804,1404
3557721,42.3074,62.0645,1404,94900,0.858853,0.94,2,115256,113852,1404
3560641,43.019,54.3064,1452,96360,0.850967,0.94,2,115304,113852,1452
3563561,43.6416,47.5181,1500,96360,0.845871,0.94,2,115352,113852,1500
3566481,44.1864,41.5784,1548,96360,0.843284,0.94,2,115400,113852,1548
3569401,44.6631,36.3811,1596,96360,0.843955,0.94,2,115448,113852,1596
3572321,45.0802,31.8334,1644,96360,0.84256,0.94,2,115496,113852,1644
3572321,42.4452,27.8543,1668,97820,0.840304,0,2,115520,113852,1668
3572321,40.1395,24.3725,1692,97820,0.837273,0,2,115544,113852,1692
3572321,38.1221,21.3259,1716,97820,0.833546,0,2,115568,113852,1716
3572321,36.3568,18.6602,1740,85140,0.831191,0.8,2,115592,113852,1740
3572321,34.8122,16.3277,1764,84411,0.828072,0,2,115616,113852,1764
3572321,33.4607,14.2867,1788,84046,0.826265,0,2,115640,113852,1788
3572321,32.2781,12.5009,1812,83682,0.825639,0,2,115664,113852,1812
3572321,31.2434,10.9383,1836,83317,0.824075,0,2,115688,113852,1836
3572321,30.3379,9.57097,1860,82952,0.823667,0,2,115712,113852,1860
3572321,29.5457,8.3746,1884,82588,0.824301,0,2,115736,113852,1884
3572321,28.9775,7.32778,1909,82223,0.825871,0,2,115761,113852,1909
3572321,28.3553,6.4118,1933,81858,0.826283,0,2,115785,113852,1933
3572321,27.8109,5.61033,1957,81494,0.827655,0,2,115809,113852,1957
3572321,27.3345,4.90904,1981,79669,0.82889,0,2,115833,113852,1981
3572321,26.9177,4.29541,2005,79664,0.828001,0,2,115857,113852,2005
3572321,26.553,3.75848,2029,79299,0.827201,0,2,115881,113852,2029
3572321,26.2339,3.28867,2053,77475,0.824481,0,2,115905,113852,2053
3572321,25.9546,2.87759,2077,77110,0.822032,0,2,115929,113852,2077
3572321,25.7103,2.51789,2101,76745,0.819829,0,2,115953,113852,2101
3572321,25.4965,2.20315,2125,76381,0.817846,0,2,115977,113852,2125
3572321,25.3095,1.92776,2149,74556,0.814062,0,2,116001,113852,2149
3572321,25.1458,1.68679,2173,74191,0.810656,0,2,116025,113852,2173
3572321,25.0026,1.47594,2197,73827,0.80759,0,2,116049,113852,2197
3572321,24.8772,1.29145,2221,73462,0.804831,0,2,116073,113852,2221
3572321,24.7676,1.13002,2245,71637,0.800348,0,2,116097,113852,2245
3572321,24.6716,0.988765,2269,71273,0.796313,0,2,116121,113852,2269
3572321,24.5877,0.865169,2293,70908,0.791682,0,2,116145,113852,2293
3572321,24.5142,0.757023,2317,70543,0.788514,0,2,116169,113852,2317
3572321,24.4499,0.662395,2341,70179,0.781662,0,2,116193,113852,2341
3572321,24.3937,0.579596,2365,69814,0.776496,0,2,116217,113852,2365
3572321,24.3445,0.507146,2389,69449,0.772846,0,2,116241,113852,2389
3572321,24.3014,0.443753,2413,69085,0.769562,0,2,116265,113852,2413
3572321,24.2637,0.388284,2437,68720,0.764606,0,2,116289,113852,2437
3572321,24.2308,0.339748,2461,67160,0.758145,0,2,116313,113852,2461
3572321,24.2019,0.29728,2485,66140,0.752331,0,2,116337,113852,2485
3572321,24.1767,0.26012,2509,66140,0.747097,0,2,116361,113852,2509
3572321,24.1546,0.227605,2533,66140,0.742388,0,2,116385,113852,2533
3572321,24.1353,0.199154,2557,66140,0.738149,0,2,116409,113852,2557
3572321,24.1184,0.17426,2581,66140,0.734334,0,2,116433,113852,2581
3572321,24.1036,0.152477,2605,66140,0.730901,0,2,116457,113852,2605
3572321,24.0906,0.133418,2629,66140,0.727811,0,2,116481,113852,2629
3572321,24.0793,0.116741,2653,66140,0.72503,0,2,116505,113852,2653
3572321,24.0694,0.102148,2677,66140,0.722527,0,2,116529,113852,2677
3572321,24.0607,0.0893795,2701,66140,0.720274,0,2,116553,113852,2701
3572321,24.0531,0.0782071,2725,66140,0.718247,0,2,116577,113852,2725
3572321,24.0465,0.0684312,2749,66140,0.716422,0,2,116601,113852,2749
3572321,24.0407,0.0598773,2773,66140,0.71478,0,2,116625,113852,2773
3572321,24.0356,0.0523926,2797,66140,0.713302,0,2,116649,113852,2797
3572321,24.0311,0.0458435,2821,66140,0.712972,0,2,116673,113852,2821
3572321,24.0272,0.0401131,2845,66140,0.712674,0,2,116697,113852,2845
3572321,24.0238,0.035099,2869,66140,0.712407,0,2,116721,113852,2869
3572321,24.0209,0.0307116,2893,66140,0.712166,0,2,116745,113852,2893
3572321,24.0183,0.0268726,2917,66140,0.71195,0,2,116769,113852,2917
3572321,24.016,0.0235136,2941,66140,0.711755,0,2,116793,113852,2941
3572321,24.014,0.0205744,2965,66140,0.711579,0,2,116817,113852,2965
3572321,24.0122,0.0180026,2989,66140,0.711421,0,2,116841,113852,2989
3572321,24.0107,0.0157522,3013,66140,0.711279,0,2,116865,113852,3013
3572321,21.8844,0.0137832,3020,66140,0.710151,0,2,116872,113852,3020
3588381,22.1488,214.512,1328,65120,0.707136,0.83,2,116896,115568,1328
3588381,22.3802,187.698,1352,67160,0.702422,0,2,116920,115568,1352
3607381,23.4782,73.3399,1254,67160,0.59203,0,1,117159,115905,1254
3661841,23.5434,76.1724,1182,67160,0.576827,0,1,117183,116001,1182
3661841,23.6005,66.6508,1206,68620,0.561144,0,1,117207,116001,1206
3661841,23.6504,58.3195,1230,68620,0.54503,0,1,117231,116001,1230
3661841,23.6941,51.0296,1254,68620,0.528527,0,1,117255,116001,1254
3661841,23.7323,44.6509,1278,68620,0.511674,0,1,117279,116001,1278
3661841,23.7658,39.0695,1302,68620,0.494507,0,1,117303,116001,1302
3661841,23.7951,34.1858,1326,68620,0.477056,0,1,117327,116001,1326
3661841,23.8207,29.9126,1350,68620,0.45935,0,1,117351,116001,1350
3661841,23.8431,26.1735,1374,68620,0.441415,0,1,117375,116001,1374
3661841,23.8627,22.9018,1398,68620,0.423274,0,1,117399,116001,1398
3661841,23.8799,20.0391,1422,68620,0.404946,0,1,117423,116001,1422
3661841,23.8949,17.5342,1446,68620,0.386452,0,1,117447,116001,1446
3661841,23.908,15.3424,1470,68620,0.367807,0,1,117471,116001,1470
3661841,23.9195,13.4246,1494,68620,0.349026,0,1,117495,116001,1494
3661841,23.9296,11.7466,1518,68620,0.330123,0,1,117519,116001,1518
3661841,23.9384,10.2782,1542,68620,0.311111,0,1,117543,116001,1542
3661841,23.9461,8.99345,1566,68620,0.292,0,1,117567,116001,1566
3661841,23.9528,7.86927,1590,68620,0.2728,0,1,117591,116001,1590
3661841,23.9587,6.88561,1614,68620,0.25352,0,1,117615,116001,1614
3661841,23.9639,6.02491,1638,68620,0.234168,0,1,117639,116001,1638
3661841,23.9684,5.2718,1662,68620,0.214751,0,1,117663,116001,1662
3661841,23.9723,4.61282,1686,68620,0.195276,0,1,117687,116001,1686
3661841,23.9758,4.03622,1710,68620,0.175748,0,1,117711,116001,1710
3661841,23.9788,3.53169,1734,68620,0.158174,0,1,117735,116001,1734
3661841,23.9815,3.09023,1758,68620,0.142356,0,1,117759,116001,1758
3661841,23.9838,2.70395,1782,68620,0.128121,0,1,117783,116001,1782
3661841,23.9858,2.36596,1806,68620,0.115309,0,1,117807,116001,1806
3661841,23.9876,2.07021,1830,68620,0.103778,0,1,117831,116001,1830
3661841,23.9891,1.81144,1854,68620,0.0933999,0,1,117855,116001,1854
3661841,23.9905,1.58501,1878,68620,0.0840599,0,1,117879,116001,1878
3661841,23.9917,1.38688,1902,68620,0.0756539,0,1,117903,116001,1902
3661841,23.9927,1.21352,1926,68620,0.0680885,0,1,117927,116001,1926
3661841,21.8686,1.06183,1933,68620,0.0612797,0,1,117934,116001,1933
3664761,1058.01,1247.68,270,68620,0.126152,0,1,126245,125975,270
3667681,931.759,1091.72,318,70080,0.186537,0,1,126293,125975,318
3670601,821.289,955.254,366,71540,0.242883,0,1,126341,125975,366
3673521,724.628,835.848,414,73000,0.295595,0,1,126389,125975,414
3676441,640.049,731.367,462,74460,0.345035,0,1,126437,125975,462
3679361,566.043,639.946,510,75920,0.391532,0,1,126485,125975,510
3682281,501.288,559.953,558,77380,0.435378,0,1,126533,125975,558
3685201,444.627,489.958,606,78840,0.476841,0,1,126581,125975,606
3688121,395.048,428.714,654,80300,0.516157,0,1,126629,125975,654
3691041,351.667,375.124,702,81760,0.553541,0,1,126677,125975,702
3693961,313.709,328.234,750,83220,0.589187,0,1,126725,125975,750
3705641,203.754,192.405,942,89060,0.717612,0,2,126917,125975,942
3708561,184.285,168.354,990,90520,0.745851,0,2,126965,125975,990
3711481,167.249,147.31,1038,91980,0.771266,0,2,127013,125975,1038
3714401,152.343,128.896,1086,93440,0.79414,0,2,127061,125975,1086
3717321,139.3,112.784,1134,94900,0.814726,0,2,127109,125975,1134
3720241,127.887,98.6861,1182,96360,0.833253,0,2,127157,125975,1182
3723161,117.902,86.3503,1230,97820,0.849928,0,2,127205,125975,1230
3726081,109.164,75.5565,1278,99280,0.864935,0,2,127253,125975,1278
3729001,101.518,66.112,1326,100740,0.878441,0,2,127301,125975,1326
3731921,94.8286,57.848,1374,102200,0.890597,0.71,2,127349,125975,1374
3734841,88.975,84.367,1152,103660,0.901538,0.73,2,127397,126245,1152
3737761,83.8531,79.8211,1152,105120,0.911384,0.73,2,127445,126293,1152
3740681,79.3715,69.8435,1200,106580,0.920245,0.75,2,127493,126293,1200
3743601,75.45,67.113,1200,108040,0.928221,0.77,2,127541,126341,1200
3746521,72.0188,64.7239,1200,109500,0.935399,0.77,2,127589,126389,1200
3749441,69.0164,56.6334,1248,110960,0.941859,0.79,2,127637,126389,1248
3752361,66.3894,55.5542,1248,112420,0.947673,0.81,2,127685,126437,1248
3787401,51.7039,36.8198,1440,129940,0.943051,0.97,2,128261,126821,1440
3790321,51.2409,38.2174,1440,131400,0.917746,0.97,2,128309,126869,1440
3793241,50.8358,33.4402,1488,132860,0.886972,0.99,2,128357,126869,1488
3796161,50.4814,35.2602,1488,134320,0.851274,1,2,128405,126917,1488
3797621,50.1712,36.8526,1488,135780,0.811147,1,2,128453,126965,1488
3797621,46.8998,32.2461,1512,135780,0.771032,0,2,128477,126965,1512
3797621,44.0373,28.2153,1536,135780,0.730929,0,2,128501,126965,1536
3797621,35.8292,16.5393,1633,88220,0.588708,0,1,128598,126965,1633
3797621,34.3506,14.4719,1657,86760,0.556837,0,1,128622,126965,1657
3797621,33.0568,12.6629,1681,85300,0.526153,0,1,128646,126965,1681
3797621,31.9247,11.08,1705,83840,0.497538,0,1,128670,126965,1705
3797621,30.9341,9.69503,1729,82380,0.472784,0,1,128694,126965,1729
3797621,30.0673,8.48315,1753,79460,0.451506,0,1,128718,126965,1753
3797621,29.3089,7.42276,1777,78000,0.433355,0,1,128742,126965,1777
3797621,28.6453,6.49491,1801,75080,0.41802,0,1,128766,126965,1801
3797621,28.0646,5.68305,1825,73620,0.405218,0,1,128790,126965,1825
3797621,27.5566,4.97267,1849,70700,0.394696,0,1,128814,126965,1849
3797621,27.112,4.35108,1873,67780,0.386226,0,1,128838,126965,1873
3797621,26.723,3.8072,1897,64860,0.379604,0,1,128862,126965,1897
3797621,26.3826,3.3313,1921,61940,0.374643,0,1,128886,126965,1921
3797621,26.0848,2.91489,1945,59020,0.371179,0,1,128910,126965,1945
3797621,25.8242,2.55053,1969,56100,0.369061,0,1,128934,126965,1969
3797621,25.5962,2.23171,1993,51720,0.367155,0,1,128958,126965,1993
3797621,25.3966,1.95275,2017,48800,0.365439,0,1,128982,126965,2017
3797621,25.2221,1.70865,2041,48800,0.363896,0,1,129006,126965,2041
3797621,25.0693,1.49507,2065,45880,0.362506,0,1,129030,126965,2065
3797621,24.9356,1.30819,2089,45880,0.361255,0,1,129054,126965,2089
3797621,24.8187,1.14466,2113,44420,0.36013,0,1,129078,126965,2113
3797621,24.7164,1.00158,2137,44420,0.359117,0,1,129102,126965,2137
3797621,24.6268,0.876383,2161,42960,0.358205,0,1,129126,126965,2161
3797621,22.7985,0.766835,2171,42960,0.357385,0,1,129136,126965,2171
3803461,22.9486,192.671,659,42960,0.354646,0.31,1,129160,128501,659
3803461,23.0801,168.587,683,44420,0.354182,0,1,129184,128501,683
3803461,23.1951,147.514,707,40880,0.353763,0,1,129208,128501,707
3806381,23.2957,138.2,658,40880,0.353387,0.29,1,129232,128574,658
3809301,23.3837,123.925,658,42340,0.355048,0.27,1,129256,128598,658
3812221,23.4608,111.434,658,41500,0.354544,0.25,1,129280,128622,658
3815141,23.5282,100.505,658,42340,0.356089,0.24,1,129304,128646,658
3818061,23.5871,90.9417,658,41500,0.35548,0.25,1,129328,128670,658
3819521,23.6387,82.5739,658,42340,0.356932,0.26,1,129352,128694,658
3822441,23.6839,75.2522,658,41500,0.356239,0.27,1,129376,128718,658
3825361,23.7234,68.8457,658,42340,0.357615,0.28,1,129400,128742,658
3826821,23.758,63.24,658,41500,0.356854,0.29,1,129424,128766,658
3829741,23.7882,58.335,658,42340,0.358168,0.3,1,129448,128790,658
3832661,23.8147,54.0431,658,41500,0.357351,0.31,1,129472,128814,658
3834121,23.8379,50.2877,658,42340,0.358616,0.32,1,129496,128838,658
3837041,23.8581,47.0017,658,41500,0.357755,0.33,1,129520,128862,658
3838501,23.8759,44.1265,658,42340,0.358979,0.34,1,129544,128886,658
3841421,23.8914,41.6107,658,41500,0.358081,0.35,1,129568,128910,658
3842881,23.905,39.4094,658,42340,0.359273,0.35,1,129592,128934,658
3845801,23.9168,37.4832,658,41500,0.358346,0.35,1,129616,128958,658
3847261,23.9272,35.7978,658,42340,0.359511,0.35,1,129640,128982,658
3850181,23.9363,34.3231,658,41500,0.35856,0.35,1,129664,129006,658
3851641,23.9443,33.0327,658,42340,0.359704,0.35,1,129688,129030,658
3854561,23.9513,31.9036,658,41500,0.358734,0.35,1,129712,129054,658
3856021,23.9573,30.9157,658,42340,0.35986,0.35,1,129736,129078,658
3858941,23.9627,30.0512,658,41500,0.358874,0.35,1,129760,129102,658
3860401,23.9673,29.2948,658,42340,0.359987,0.33,1,129784,129126,658
3861861,23.9714,29.8829,648,41500,0.358988,0.33,1,129808,129160,648
3864781,23.975,26.1476,672,42340,0.360089,0.35,1,129832,129160,672
3866241,23.9781,25.8791,672,41500,0.35908,0.35,1,129856,129184,672
3870621,23.9809,25.6442,672,42340,0.360172,0.35,1,129880,129208,672
3872081,23.9833,25.4387,672,41500,0.359155,0.35,1,129904,129232,672
3876461,23.9853,22.2589,696,42340,0.36024,0.35,1,129928,129232,696
3880841,23.9872,25.4765,672,41500,0.359216,0.35,1,129952,129280,672
3886681,23.8638,22.2919,695,42340,0.360294,0.35,1,129975,129280,695
3888141,23.8808,25.5055,671,41500,0.359265,0.35,1,129999,129328,671
3894601,23.8957,22.3173,695,42340,0.360338,0.35,1,130023,129328,695
3897521,26.9087,25.5276,695,96360,0.424304,0.35,1,130071,129376,695
3900441,29.5451,28.3367,695,97820,0.481874,0.35,1,130119,129424,695
3903361,31.852,30.7946,695,99280,0.533687,0.35,1,130167,129472,695
3906281,33.8705,32.9453,695,100740,0.580318,0.35,1,130215,129520,695
3917961,39.7175,39.1752,695,103660,0.724647,0.35,2,130407,129712,695
3920881,40.7529,40.2783,695,103660,0.752182,0.35,2,130455,129760,695
3923801,41.6587,41.2435,695,103660,0.776964,0.35,2,130503,129808,695
3926721,42.4514,42.0881,695,105120,0.799267,0.35,2,130551,129856,695
3929641,43.145,42.8271,695,105120,0.819341,0.35,2,130599,129904,695
3932561,43.7519,43.4737,695,105120,0.837407,0.35,2,130647,129952,695
3935481,44.2829,43.9145,696,105120,0.853666,0.37,2,130695,129999,696
3938401,44.7475,41.4252,720,106580,0.868299,0.37,2,130743,130023,720
3941321,45.1541,36.247,768,106580,0.881469,0.37,2,130791,130023,768
3944241,45.5098,31.7161,816,108040,0.893322,0.37,2,130839,130023,816
3947161,45.8211,27.7516,864,108040,0.90399,0.37,2,130887,130023,864
3950081,46.0935,24.2827,912,108040,0.913591,0.37,2,130935,130023,912
3953001,46.3318,21.2473,960,109500,0.922232,0.37,2,130983,130023,960
3955921,46.5403,18.5914,1008,109500,0.930009,0.37,2,131031,130023,1008
3958841,46.7228,16.2675,1056,109500,0.937008,0.37,2,131079,130023,1056
3961761,46.8824,14.2341,1104,110960,0.943307,0.37,2,131127,130023,1104
3964681,47.0221,12.4548,1152,110960,0.948976,0.37,2,131175,130023,1152
3970521,47.2513,9.5357,1248,112420,0.943671,0.37,2,131271,130023,1248
3973441,47.3449,8.34374,1296,112420,0.934304,0.37,2,131319,130023,1296
3976361,47.4268,7.30077,1344,112420,0.924873,0.37,2,131367,130023,1344
3979281,47.4984,6.38818,1392,113880,0.918386,0.37,2,131415,130023,1392
3982201,47.5611,5.58965,1440,113880,0.912548,0.37,2,131463,130023,1440
3985121,47.616,4.89095,1488,113880,0.904293,0.37,2,131511,130023,1488
3988041,47.664,4.27958,1536,113880,0.896863,0.37,2,131559,130023,1536
3989501,47.706,3.74463,1584,115340,0.892177,0.37,2,131607,130023,1584
3989501,44.7427,3.27655,1608,115340,0.890959,0,2,131631,130023,1608
3989501,42.1499,2.86698,1632,115340,0.887863,0,2,131655,130023,1632
3989501,39.8812,2.50861,1656,112560,0.884077,0.86,2,131679,130023,1656
3989501,37.896,2.19503,1680,111646,0.879669,0,2,131703,130023,1680
3989501,36.284,1.92066,1705,111188,0.873702,0,2,131728,130023,1705
3989501,34.7485,1.68057,1729,110731,0.865332,0,2,131752,130023,1729
3989501,33.4049,1.4705,1753,110273,0.858799,0,2,131776,130023,1753
3989501,32.2293,1.28669,1777,108356,0.851919,0,2,131800,130023,1777
3989501,31.2007,1.12585,1801,106438,0.844727,0,2,131824,130023,1801
3989501,30.3006,0.985121,1825,105981,0.836254,0,2,131848,130023,1825
3989501,29.513,0.861981,1849,104063,0.827629,0,2,131872,130023,1849
3989501,28.8239,0.754233,1873,103606,0.818866,0,2,131896,130023,1873
3989501,28.2209,0.659954,1897,101689,0.809979,0,2,131920,130023,1897
3989501,27.6933,0.57746,1921,101231,0.802982,0,2,131944,130023,1921
3989501,27.2316,0.505277,1945,99314,0.793683,0,2,131968,130023,1945
3989501,26.8277,0.442118,1969,95936,0.786315,0,2,131992,130023,1969
3989501,26.4742,0.386853,1993,95479,0.780684,0,2,132016,130023,1993
3989501,26.1649,0.338496,2017,93561,0.774615,0,2,132040,130023,2017
3989501,25.8943,0.296184,2041,90184,0.766154,0,2,132064,130023,2041
3989501,25.6575,0.259161,2065,89726,0.755538,0,2,132088,130023,2065
3989501,25.4503,0.226766,2089,87809,0.746984,0,2,132112,130023,2089
3989501,25.269,0.19842,2113,87351,0.738286,0,2,132136,130023,2113
3989501,25.1104,0.173618,2137,83974,0.731457,0,2,132160,130023,2137
3989501,24.9716,0.151916,2161,80300,0.724312,0,2,132184,130023,2161
3989501,24.8502,0.132926,2185,78980,0.718881,0,2,132208,130023,2185
3989501,24.7439,0.11631,2209,76060,0.713992,0,2,132232,130023,2209
3989501,24.6509,0.101772,2233,76060,0.709593,0,2,132256,130023,2233
3989501,24.5695,0.0890501,2257,73140,0.705634,0,2,132280,130023,2257
3989501,24.4983,0.0779189,2281,73140,0.702071,0,2,132304,130023,2281
3989501,21.8111,0.068179,2284,71680,0.700863,0,2,132307,130023,2284
4001181,23.9479,151.791,1203,74800,0.70509,0.78,2,132979,131776,1203
4005561,23.9545,138.817,1179,77520,0.717581,0.76,2,133003,131824,1179
4009941,23.9601,124.465,1179,77720,0.730823,0.74,2,133027,131848,1179
4014321,23.9651,114.907,1155,77520,0.74074,0.71,2,133051,131896,1155
4014321,23.9695,100.543,1179,77720,0.751666,0,2,133075,131896,1179
4017241,23.9733,96.9754,1131,77720,0.7615,0.72,2,133099,131968,1131
4018701,23.9766,87.8535,1131,77520,0.76835,0.72,2,133123,131992,1131
4023081,23.9796,82.8718,1107,77720,0.776515,0.69,2,133147,132040,1107
4026001,23.9821,75.5128,1107,77520,0.781863,0.66,2,133171,132064,1107
4027461,23.9843,69.0737,1107,77720,0.788677,0.66,2,133195,132088,1107
4031841,23.9863,66.4395,1083,77520,0.792809,0.66,2,133219,132136,1083
4036221,23.988,64.1346,1059,77720,0.798528,0.67,2,133243,132184,1059
4037681,23.9895,59.1177,1059,77520,0.801675,0.67,2,133267,132208,1059
4040601,23.9908,54.728,1059,77720,0.806508,0.67,2,133291,132232,1059
4042061,23.992,50.887,1059,77520,0.808857,0.67,2,133315,132256,1059
4046441,23.993,47.5261,1059,77720,0.812971,0.67,2,133339,132280,1059
4047901,23.9939,44.5854,1059,77520,0.814674,0.67,2,133363,132304,1059
4052281,23.9946,42.3872,1056,77720,0.818207,0.67,2,133387,132331,1056
4053741,23.9953,40.0888,1056,77520,0.819386,0.67,2,133411,132355,1056
4058121,23.9959,38.0777,1056,77720,0.822448,0.67,2,133435,132379,1056
4062501,23.9964,36.318,1056,77520,0.823203,0.67,2,133459,132403,1056
4063961,23.9968,34.7782,1056,77720,0.825882,0.67,2,133483,132427,1056
4065421,23.9972,33.431,1056,77520,0.826294,0.67,2,133507,132451,1056
4068481,23.8726,32.2521,1055,77720,0.829665,0.67,2,133530,132475,1055
4069941,23.8885,31.2206,1055,77720,0.832698,0.67,2,133554,132499,1055
4110821,23.9024,30.318,1055,77520,0.833429,0.66,2,133578,132523,1055
4113741,26.9146,29.5283,1079,81760,0.839086,0.66,2,133626,132547,1079
4116661,29.5503,31.8372,1079,83220,0.840177,0.66,2,133674,132595,1079
4119581,31.8565,33.8576,1079,83220,0.837159,0.66,2,133722,132643,1079
4120481,32.7495,35.6254,1070,84680,0.830443,0.81,2,133761,132691,1070
4120481,31.6558,31.1722,1094,84680,0.822399,0,2,133785,132691,1094
4120481,30.6988,27.2757,1118,84680,0.813159,0,2,133809,132691,1118
4120481,29.8615,23.8662,1142,84680,0.802843,0,2,133833,132691,1142
4120481,29.1288,20.8829,1166,84680,0.791559,0,2,133857,132691,1166
4120481,28.4877,18.2726,1190,84680,0.779403,0,2,133881,132691,1190
4120481,27.9267,15.9885,1214,84680,0.766463,0,2,133905,132691,1214
4120481,27.4359,13.9899,1238,84680,0.753816,0,2,133929,132691,1238
4120481,27.0064,12.2412,1262,84680,0.740435,0,2,133953,132691,1262
4120481,26.6306,10.711,1286,84680,0.726391,0,2,133977,132691,1286
4120481,26.3018,9.37217,1310,84680,0.711752,0,2,134001,132691,1310
4123401,26.9195,35.6804,1237,84680,0.594923,0.81,1,134184,132947,1237
4126321,29.5546,35.2204,1253,84680,0.573431,0.83,1,134232,132979,1253
4129241,31.8603,33.8178,1277,84680,0.550088,0.83,1,134280,133003,1277
4132161,33.8777,35.5906,1277,84680,0.525079,0.85,1,134328,133051,1277
4135081,35.643,34.1418,1301,86140,0.498571,0.83,1,134376,133075,1301
4138001,37.1876,35.874,1301,86140,0.470714,0.83,1,134424,133123,1301
4140921,38.5392,37.3898,1301,86140,0.441643,0.83,1,134472,133171,1301
4143841,39.7218,38.7161,1301,86140,0.491478,0.83,1,134520,133219,1301
4146761,40.7566,39.8766,1301,87600,0.538331,0.83,1,134568,133267,1301
4149681,41.662,40.892,1301,87600,0.580498,0.83,1,134616,133315,1301
4161361,44.2848,43.8334,1301,89060,0.715718,0.84,2,134808,133507,1301
4164281,44.7492,47.2292,1278,89060,0.743147,0.84,2,134856,133578,1278
4167201,45.1555,41.3256,1326,89060,0.767832,0.84,2,134904,133578,1326
4169781,44.7611,36.1599,1368,89060,0.790049,0.14,2,134946,133578,1368
4172701,45.166,148.89,478,89060,0.810044,0.14,2,134994,134516,478
4175621,45.5202,130.279,526,90520,0.829039,0.14,2,135042,134516,526
4178541,45.8302,113.994,574,90520,0.846135,0.14,2,135090,134516,574
4181461,46.1014,99.7446,622,90520,0.861522,0.14,2,135138,134516,622
4184381,46.3387,87.2765,670,90520,0.87537,0.14,2,135186,134516,670
4187301,46.5464,76.367,718,90520,0.887833,0.14,2,135234,134516,718
4190221,46.7281,66.8211,766,90520,0.89905,0.14,2,135282,134516,766
4193141,46.8871,58.4685,814,91980,0.909145,0.14,2,135330,134516,814
4196061,47.0262,51.1599,862,91980,0.91823,0.14,2,135378,134516,862
4198981,47.1479,44.7649,910,91980,0.926407,0.14,2,135426,134516,910
4201901,47.2544,39.1693,958,91980,0.933766,0.14,2,135474,134516,958
4204821,47.3476,34.2731,1006,91980,0.94039,0.14,2,135522,134516,1006
4207741,47.4292,29.989,1054,91980,0.946351,0.14,2,135570,134516,1054
4267601,31.2054,11.6012,1704,86691,0.942024,0,2,136794,135090,1704
4267601,30.3047,10.151,1728,86250,0.933822,0,2,136818,135090,1728
4267601,29.6416,8.88216,1753,85809,0.92744,0,2,136843,135090,1753
4267601,28.9364,7.77189,1777,85368,0.918696,0,2,136867,135090,1777
4267601,28.3194,6.80041,1801,84926,0.911826,0,2,136891,135090,1801
4267601,27.7795,5.95036,1825,83025,0.904643,0,2,136915,135090,1825
4267601,27.307,5.20656,1849,82584,0.899179,0,2,136939,135090,1849
4267601,26.8936,4.55574,1873,82142,0.891261,0,2,136963,135090,1873
4267601,26.5319,3.98627,1897,81701,0.885135,0,2,136987,135090,1897
4267601,26.2154,3.48799,1921,81260,0.878622,0,2,137011,135090,1921
4267601,25.9385,3.05199,1945,80819,0.871759,0,2,137035,135090,1945
4267601,25.6962,2.67049,1969,78917,0.864583,0,2,137059,135090,1969
4267601,25.4842,2.33668,1993,78476,0.859125,0,2,137083,135090,1993
4267601,25.2987,2.0446,2017,78035,0.851213,0,2,137107,135090,2017
4267601,25.1363,1.78902,2041,77593,0.845091,0,2,137131,135090,2041
4267601,24.9943,1.56539,2065,77152,0.838582,0,2,137155,135090,2065
4267601,24.87,1.36972,2089,76711,0.833724,0,2,137179,135090,2089
4267601,24.7612,1.1985,2113,76270,0.826352,0,2,137203,135090,2113
4267601,24.6661,1.04869,2137,74368,0.820716,0,2,137227,135090,2137
4267601,24.5828,0.917605,2161,73927,0.814645,0,2,137251,135090,2161
4267601,24.51,0.802904,2185,73486,0.80818,0,2,137275,135090,2185
4267601,24.4462,0.702541,2209,73044,0.800362,0,2,137299,135090,2209
4267601,24.3905,0.614724,2233,72603,0.792326,0,2,137323,135090,2233
4267601,24.3416,0.537883,2257,72162,0.784093,0,2,137347,135090,2257
4267601,24.2989,0.470648,2281,70261,0.777684,0,2,137371,135090,2281
4267601,24.2616,0.411817,2305,69819,0.772916,0,2,137395,135090,2305
4267601,24.2289,0.36034,2329,69378,0.769624,0,2,137419,135090,2329
4267601,24.2003,0.315297,2353,68937,0.763662,0,2,137443,135090,2353
4267601,24.1752,0.275885,2377,68495,0.759296,0,2,137467,135090,2377
4267601,24.1533,0.241399,2401,68054,0.754366,0,2,137491,135090,2401
4267601,24.1342,0.211225,2425,67613,0.748929,0,2,137515,135090,2425
4267601,24.1174,0.184821,2449,65700,0.741036,0,2,137539,135090,2449
4267601,24.1027,0.161719,2473,64960,0.734933,0,2,137563,135090,2473
4267601,24.0899,0.141504,2497,64960,0.72844,0,2,137587,135090,2497
4267601,24.0786,0.123816,2521,64960,0.723596,0,2,137611,135090,2521
4267601,24.0688,0.108339,2545,64960,0.718236,0,2,137635,135090,2545
4267601,24.0602,0.0947966,2569,64960,0.714412,0,2,137659,135090,2569
4267601,24.0527,0.082947,2593,64960,0.709971,0,2,137683,135090,2593
4267601,24.0461,0.0725786,2617,64960,0.706974,0,2,137707,135090,2617
4267601,24.0403,0.0635063,2641,64960,0.703277,0,2,137731,135090,2641
4267601,24.0353,0.055568,2665,64960,0.700949,0,2,137755,135090,2665
4379281,29.4998,54.7182,1139,68620,0.715538,0.67,2,138582,137443,1139
4382201,31.8123,59.8785,1091,70080,0.737984,0.67,2,138630,137539,1091
4385121,33.8358,58.3936,1091,71540,0.761186,0.67,2,138678,137587,1091
4388041,35.6063,57.0944,1091,71540,0.782067,0.67,2,138726,137635,1091
4390961,37.1555,55.9576,1091,71540,0.80086,0.67,2,138774,137683,1091
4393881,38.5111,54.9629,1091,71540,0.817774,0.69,2,138822,137731,1091
4396801,39.6972,54.0926,1091,73000,0.834997,0.69,2,138870,137779,1091
4398161,40.485,53.331,1089,73000,0.850497,0.66,2,138916,137827,1089
4398161,38.4244,46.6646,1113,73000,0.864448,0,2,138940,137827,1113
4398161,36.6214,40.8315,1137,73000,0.875003,0,2,138964,137827,1137
4398161,35.0437,35.7276,1161,73000,0.882502,0,2,138988,137827,1161
4398161,33.6632,31.2617,1185,73000,0.887252,0,2,139012,137827,1185
4398161,32.4553,27.3539,1209,73000,0.889527,0,2,139036,137827,1209
4398161,31.3984,23.9347,1233,73000,0.889574,0,2,139060,137827,1233
4398161,30.4736,20.9429,1257,73000,0.887617,0,2,139084,137827,1257
4398161,29.6644,18.325,1281,73000,0.883855,0,2,139108,137827,1281
4398161,28.9564,16.0344,1305,73000,0.87847,0,2,139132,137827,1305
4398161,28.3368,14.0301,1329,73000,0.871623,0,2,139156,137827,1329
4401081,30.7947,49.7763,1077,73000,0.86146,0.66,2,139204,138127,1077
4404001,32.9454,43.5543,1125,73000,0.852314,0.66,2,139252,138127,1125
4406921,34.8272,50.11,1077,73000,0.844083,0.66,2,139300,138223,1077
4409841,36.4738,49.8462,1077,73000,0.836675,0.66,2,139348,138271,1077
4412761,37.9146,49.6155,1077,74460,0.832007,0.66,2,139396,138319,1077
4415681,39.1753,49.4135,1077,74460,0.827806,0.66,2,139444,138367,1077
4418601,40.2783,49.1118,1078,74460,0.824026,0.66,2,139492,138414,1078
4421521,41.2436,48.9729,1078,74460,0.820623,0.66,2,139540,138462,1078
4424441,42.0881,45.8513,1102,74460,0.817561,0.66,2,139588,138486,1102
4427361,42.8271,40.1198,1150,74460,0.814805,0.66,2,139636,138486,1150
4430281,43.4737,35.1049,1198,75920,0.814324,0.66,2,139684,138486,1198
4433201,44.0395,30.7168,1246,75920,0.813892,0.66,2,139732,138486,1246
4436121,44.5346,26.8772,1294,75920,0.813503,0.66,2,139780,138486,1294
4439041,44.9677,23.5175,1342,75920,0.813152,0.66,2,139828,138486,1342
4441961,45.3468,20.5778,1390,75920,0.812837,0.9,2,139876,138486,1390
4444881,45.6784,24.0056,1390,75920,0.812553,0.92,2,139924,138534,1390
4447801,45.9686,27.0049,1390,75920,0.812298,0.92,2,139972,138582,1390
4450721,46.2225,23.6293,1438,75920,0.809068,0.94,2,140020,138582,1438
4453641,46.4447,26.6756,1438,77380,0.802161,0.97,2,140068,138630,1438
4456561,46.6391,29.3412,1438,77380,0.791945,0.97,2,140116,138678,1438
4459481,46.8092,31.6735,1438,77380,0.778751,0.97,2,140164,138726,1438
4462401,46.9581,33.7143,1438,77380,0.762876,0.97,2,140212,138774,1438
4465321,47.0883,35.5,1438,77380,0.744588,0.97,2,140260,138822,1438
4468241,47.2023,31.0625,1486,77380,0.724129,0.99,2,140308,138822,1486
4471161,47.302,33.1797,1486,77380,0.701716,0.77,2,140356,138870,1486
4482841,47.5908,63.2623,1200,77380,0.59615,0.77,1,140548,139348,1200
4485761,47.642,55.3545,1248,77380,0.566535,0.79,1,140596,139348,1248
4488681,47.6867,54.4352,1248,77380,0.535882,0.79,1,140644,139396,1248
4491601,47.7259,53.6308,1248,78840,0.504293,0.79,1,140692,139444,1248
4494521,47.7602,52.927,1248,78840,0.471864,0.79,1,140740,139492,1248
4497441,47.7901,52.3111,1248,78840,0.438678,0.79,1,140788,139540,1248
4500361,47.8164,51.7722,1248,78840,0.40481,0.79,1,140836,139588,1248
4503281,47.8393,51.3007,1248,78840,0.370329,0.81,1,140884,139636,1248
4506201,47.8594,50.8881,1248,78840,0.335296,0.81,1,140932,139684,1248
4509121,47.877,50.5271,1248,78840,0.301766,0.81,1,140980,139732,1248
4512041,47.8924,50.2112,1248,78840,0.27159,0.81,1,141028,139780,1248
4514961,47.9058,49.9348,1248,78840,0.244431,0.81,1,141076,139828,1248
4517881,47.9176,49.6929,1248,78840,0.219988,0.81,1,141124,139876,1248
4520801,47.9279,49.4813,1248,78840,0.197989,0.81,1,141172,139924,1248
4521921,69.1869,49.2962,1418,78840,0.17819,0,1,141390,139972,1418
4524841,314.289,440.384,270,78840,0.245371,0,1,143420,143150,270
4527761,281.002,385.336,318,80300,0.307834,0,1,143468,143150,318
4530681,251.877,337.169,366,81760,0.366051,0,1,143516,143150,366
4533601,226.393,295.023,414,83220,0.420445,0,1,143564,143150,414
4536521,204.093,258.145,462,83220,0.469401,0,1,143612,143150,462
4539441,184.582,225.877,510,83220,0.513461,0,1,143660,143150,510
4542361,167.509,197.642,558,83220,0.553115,0,1,143708,143150,558
4545281,152.57,172.937,606,84680,0.590803,0,1,143756,143150,606
4556961,109.297,101.373,798,86140,0.709453,0,2,143948,143150,798
4559881,101.635,88.701,846,86140,0.733508,0,2,143996,143150,846
4562801,94.9307,77.6133,894,86140,0.755157,0,2,144044,143150,894
4565721,89.0644,67.9117,942,86140,0.774641,0,2,144092,143150,942
4568641,83.9313,59.4227,990,87600,0.793177,0,2,144140,143150,990
4571561,79.4399,51.9949,1038,87600,0.805859,0,2,144188,143150,1038
4574481,75.5099,45.4955,1086,87600,0.813273,0,2,144236,143150,1086
4577401,72.0712,39.8086,1134,89060,0.815946,0,2,144284,143150,1134
4580321,69.0623,34.8325,1182,89060,0.814351,0,2,144332,143150,1182
4583241,66.4295,30.4784,1230,90520,0.805916,0,2,144380,143150,1230
4586161,64.1258,26.6686,1278,90520,0.796325,0,2,144428,143150,1278
4589081,62.1101,23.3351,1326,90520,0.784692,0,2,144476,143150,1326
4592001,60.3463,20.4182,1374,91980,0.770223,0,2,144524,143150,1374
4594921,58.803,17.8659,1422,91980,0.753201,0,2,144572,143150,1422
4597841,57.4527,15.6327,1470,91980,0.733881,0,2,144620,143150,1470
4600761,56.2711,13.6786,1518,93440,0.712493,0.85,2,144668,143150,1518
4615361,52.2423,36.6432,1392,96360,0.581089,0.91,1,144908,143516,1392
4618281,51.712,38.0628,1392,96360,0.55098,0.91,1,144956,143564,1392
4621201,51.248,39.305,1392,97820,0.519882,0.91,1,145004,143612,1392
4624121,50.842,40.3919,1392,97820,0.487894,0.91,1,145052,143660,1392
4627041,50.4868,41.3429,1392,99280,0.455104,0.93,1,145100,143708,1392
4629961,50.1759,42.175,1392,99280,0.421594,0.93,1,145148,143756,1392
4632881,49.9039,42.9031,1392,100740,0.387434,0.93,1,145196,143804,1392
4635801,49.6659,43.5402,1392,100740,0.352691,0.93,1,145244,143852,1392
4638721,49.4577,44.0977,1392,102200,0.317422,0.93,1,145292,143900,1392
4641641,49.2755,38.5855,1440,102200,0.28568,0.95,1,145340,143900,1440
4644561,49.116,39.7623,1440,103660,0.257112,0.95,1,145388,143948,1440
4647481,48.9765,40.792,1440,105120,0.231401,0.95,1,145436,143996,1440
4650401,48.8545,41.693,1440,106580,0.20826,0.95,1,145484,144044,1440
4652961,47.9977,42.4814,1434,106580,0.187434,0,1,145526,144092,1434
4655881,319.498,460.171,270,108040,0.268691,0,1,147746,147476,270
4658801,285.561,402.65,318,109500,0.341822,0,1,147794,147476,318
4661721,255.866,352.319,366,110960,0.40764,0,1,147842,147476,366
4664641,229.882,308.279,414,112420,0.466876,0,1,147890,147476,414
4667561,207.147,269.744,462,113880,0.520188,0,1,147938,147476,462
4670481,187.254,236.026,510,115340,0.568169,0,1,147986,147476,510
4682161,129.628,138.354,702,121180,0.716676,0,2,148178,147476,702
4685081,119.424,121.06,750,122640,0.745008,0,2,148226,147476,750
4688001,110.496,105.927,798,124100,0.770508,0,2,148274,147476,798
4690921,102.684,92.6864,846,125560,0.793457,0,2,148322,147476,846
4693841,95.8488,81.1006,894,127020,0.814111,0,2,148370,147476,894
4696761,89.8677,70.963,942,128480,0.8307,0,2,148418,147476,942
4699681,84.6343,62.0927,990,129940,0.84163,0,2,148466,147476,990
4702601,80.055,54.3311,1038,131400,0.847467,0,2,148514,147476,1038
4705521,76.0481,47.5397,1086,132860,0.84872,0,2,148562,147476,1086
4708441,72.5421,41.5972,1134,134320,0.845848,0,2,148610,147476,1134
4711361,69.4743,36.3976,1182,135780,0.839263,0,2,148658,147476,1182
4714281,66.79,31.8479,1230,137240,0.797337,0,2,148706,147476,1230
4717201,64.4413,27.8669,1278,138700,0.751603,0,2,148754,147476,1278
4720121,62.3861,24.3835,1326,140160,0.706443,0,2,148802,147476,1326
4728881,57.6376,16.3351,1470,144540,0.585077,0,1,148946,147476,1470
4731801,56.4329,14.2932,1518,146000,0.548569,0,1,148994,147476,1518
4731801,52.3788,12.5065,1542,147460,0.514712,0,1,149018,147476,1542
4731801,48.8314,10.9432,1566,147460,0.483241,0,1,149042,147476,1566
4731801,45.7275,9.57531,1590,147460,0.453917,0,1,149066,147476,1590
4731801,43.0116,8.3784,1614,49900,0.428525,0.19,1,149090,147476,1614
4731801,40.6351,7.3311,1638,49900,0.406673,0,1,149114,147476,1638
4731801,38.5557,6.41471,1662,49900,0.388005,0,1,149138,147476,1662
4731801,36.7363,5.61287,1686,49900,0.372205,0,1,149162,147476,1686
4731801,35.1442,4.91126,1710,49900,0.358984,0,1,149186,147476,1710
4731801,33.7512,4.29736,1734,49900,0.348086,0,1,149210,147476,1734
4731801,32.5323,3.76019,1758,49900,0.339277,0,1,149234,147476,1758
4731801,31.5908,3.29016,1783,49900,0.33235,0,1,149259,147476,1783
4731801,30.6419,2.87889,1807,49900,0.327115,0,1,149283,147476,1807
4731801,29.8117,2.51903,1831,49900,0.323403,0,1,149307,147476,1831
4731801,29.0852,2.20415,1855,48440,0.321063,0,1,149331,147476,1855
4731801,28.4496,1.92863,1879,48440,0.319957,0,1,149355,147476,1879
4731801,27.8934,1.68755,1903,48440,0.319961,0,1,149379,147476,1903
4731801,27.4067,1.47661,1927,48440,0.320965,0,1,149403,147476,1927
4731801,26.9809,1.29203,1951,46980,0.322868,0,1,149427,147476,1951
4731801,26.6083,1.13053,1975,46980,0.325582,0,1,149451,147476,1975
4731801,26.2822,0.989213,1999,46980,0.329023,0,1,149475,147476,1999
4731801,25.9969,0.865562,2023,46980,0.333121,0,1,149499,147476,2023
4731801,25.7473,0.757366,2047,45520,0.336809,0,1,149523,147476,2047
4731801,25.5289,0.662696,2071,45520,0.340128,0,1,149547,147476,2071
4731801,25.3378,0.579859,2095,45520,0.343115,0,1,149571,147476,2095
4731801,25.1706,0.507376,2119,45520,0.345804,0,1,149595,147476,2119
4731801,25.0243,0.443954,2143,44060,0.348223,0,1,149619,147476,2143
4731801,24.8962,0.38846,2167,44060,0.350401,0,1,149643,147476,2167
4731801,24.7842,0.339902,2191,44060,0.352361,0,1,149667,147476,2191
4731801,24.6862,0.297415,2215,44060,0.354125,0,1,149691,147476,2215
4731801,24.6004,0.260238,2239,42600,0.355712,0,1,149715,147476,2239
4731801,24.5253,0.227708,2263,42600,0.357141,0,1,149739,147476,2263
4731801,22.0847,0.199245,2268,42600,0.359427,0,1,149744,147476,2268
4747861,22.3241,198.924,702,41400,0.359484,0.26,1,149768,149066,702
4747861,22.5336,174.059,726,35300,0.357536,0,1,149792,149066,726
4747861,22.7169,152.301,750,35300,0.353782,0,1,149816,149066,750
4747861,22.8773,133.264,774,35300,0.348404,0,1,149840,149066,774
4747861,23.0176,116.606,798,35300,0.341564,0,1,149864,149066,798
4747861,23.1404,102.03,822,35300,0.333407,0,1,149888,149066,822
4747861,23.2479,89.2763,846,35300,0.324067,0,1,149912,149066,846
4755161,23.3419,99.1168,702,35300,0.31366,0.3,1,149936,149234,702
4755161,23.4241,86.7272,726,30920,0.310294,0,1,149960,149234,726
4755161,23.4961,75.8863,750,30920,0.305265,0,1,149984,149234,750
4755161,23.5591,66.4005,774,30920,0.298738,0,1,150008,149234,774
4762461,23.6142,70.2254,701,30920,0.290864,0.34,1,150032,149331,701
4762461,23.6624,61.4473,725,28000,0.285778,0,1,150056,149331,725
4762461,23.7046,53.7663,749,28000,0.2792,0,1,150080,149331,749
4762461,23.7416,47.0456,773,28000,0.27128,0,1,150104,149331,773
4769761,23.7739,53.1649,701,28000,0.262152,0.37,1,150128,149427,701
4769761,23.8021,46.5193,725,22160,0.251937,0,1,150152,149427,725
4769761,23.8269,40.7043,749,22160,0.240743,0,1,150176,149427,749
4769761,23.8485,35.6163,773,22160,0.227669,0,1,150200,149427,773
4777061,23.7424,43.1643,700,22160,0.214902,0.37,1,150223,149523,700
4777061,23.7746,37.7687,724,19240,0.205412,0,1,150247,149523,724
4777061,23.8028,33.0476,748,19240,0.194871,0,1,150271,149523,748
4777061,23.8275,28.9167,772,19240,0.183384,0,1,150295,149523,772
4786081,23.849,37.3021,700,19240,0.171045,0.2,1,150319,149619,700
4786081,23.8679,32.6393,724,102200,0.252941,0,1,150343,149619,724
4786081,23.8844,28.5594,748,102200,0.326647,0,1,150367,149619,748
4786081,23.8989,24.9895,772,102200,0.392982,0,1,150391,149619,772
4786081,23.9115,21.8658,796,102200,0.452684,0,1,150415,149619,796
4786081,21.5476,19.1326,801,102200,0.507415,0,1,150420,149619,801
4789001,24.8541,58.991,511,102200,0.556674,0.2,1,150468,149957,511
4800681,34.4323,74.6478,341,105120,0.709134,0.06,2,150660,150319,341
4803601,36.1283,65.3168,389,106580,0.73822,0.06,2,150708,150319,389
4806521,37.6122,57.1522,437,106580,0.764398,0.06,2,150756,150319,437
4809441,38.9107,50.0082,485,108040,0.787958,0.06,2,150804,150319,485
4812361,40.0469,43.7572,533,108040,0.809163,0.06,2,150852,150319,533
4815281,41.041,38.2875,581,108040,0.828246,0.06,2,150900,150319,581
4818201,41.9109,33.5016,629,109500,0.845422,0.06,2,150948,150319,629
4821121,42.672,29.3139,677,109500,0.86088,0.06,2,150996,150319,677
4824041,43.338,25.6497,725,110960,0.874792,0.06,2,151044,150319,725
4826961,43.9208,22.4434,773,110960,0.887312,0.06,2,151092,150319,773
4829881,44.4307,19.638,821,110960,0.898581,0.06,2,151140,150319,821
4832801,44.8768,17.1833,869,112420,0.908723,0.06,2,151188,150319,869
4835721,45.2672,15.0354,917,112420,0.917851,0.06,2,151236,150319,917
4838641,45.6088,13.1559,965,113880,0.926066,0.06,2,151284,150319,965
4841561,45.9077,11.5114,1013,113880,0.933459,0.06,2,151332,150319,1013
4844481,46.1693,10.0725,1061,113880,0.940113,0.06,2,151380,150319,1061
4847401,46.3981,8.81345,1109,115340,0.946102,0.06,2,151428,150319,1109
4859081,47.061,5.16628,1301,116800,0.946537,0.06,2,151620,150319,1301
4862001,47.1784,4.5205,1349,118260,0.943884,0.06,2,151668,150319,1349
4864921,47.2811,3.95543,1397,118260,0.935495,0.06,2,151716,150319,1397
4867841,47.3709,3.46101,1445,119720,0.923946,0.06,2,151764,150319,1445
4870761,47.4496,3.02838,1493,119720,0.908551,0.06,2,151812,150319,1493
4873681,47.5184,2.64983,1541,119720,0.890696,0.06,2,151860,150319,1541
4873681,44.5786,2.3186,1565,121180,0.870627,0,2,151884,150319,1565
4873681,42.0063,2.02878,1589,121180,0.849564,0,2,151908,150319,1589
4873681,39.7555,1.77518,1613,121180,0.829607,0,2,151932,150319,1613
4873681,37.786,1.55328,1637,99380,0.810647,0.65,2,151956,150319,1637
4873681,36.0628,1.35912,1661,98844,0.792582,0,2,151980,150319,1661
4873681,34.6799,1.18923,1686,98575,0.774324,0,2,152005,150319,1686
4873681,33.3449,1.04058,1710,98307,0.756891,0,2,152029,150319,1710
4873681,32.1768,0.910506,1734,98038,0.742202,0,2,152053,150319,1734
4873681,31.1547,0.796693,1758,96310,0.724982,0,2,152077,150319,1758
4873681,30.2604,0.697106,1782,96041,0.708484,0,2,152101,150319,1782
4873681,25.8822,0.20959,1998,81860,0.592035,0,1,152317,150319,1998
4873681,25.647,0.183392,2022,78940,0.582831,0,1,152341,150319,2022
4873681,25.4411,0.160468,2046,78940,0.575548,0,1,152365,150319,2046
4873681,25.2609,0.140409,2070,77480,0.569993,0,1,152389,150319,2070
4873681,25.1033,0.122858,2094,74560,0.565994,0,1,152413,150319,2094
4873681,24.9654,0.107501,2118,74560,0.563395,0,1,152437,150319,2118
4873681,24.8447,0.0940632,2142,71640,0.562055,0,1,152461,150319,2142
4873681,24.7391,0.0823053,2166,71640,0.56185,0,1,152485,150319,2166
4873681,24.6468,0.0720171,2190,68720,0.562665,0,1,152509,150319,2190
4873681,24.5659,0.063015,2214,65800,0.564398,0,1,152533,150319,2214
4873681,24.4952,0.0551381,2238,65800,0.566958,0,1,152557,150319,2238
4873681,24.4333,0.0482458,2262,62880,0.570263,0,1,152581,150319,2262
4873681,24.3791,0.0422151,2286,61420,0.574236,0,1,152605,150319,2286
4873681,24.3317,0.0369382,2310,61420,0.578813,0,1,152629,150319,2310
4873681,24.2903,0.0323209,2334,61420,0.583931,0,1,152653,150319,2334
4873681,24.254,0.0282808,2358,61420,0.589538,0,1,152677,150319,2358
4873681,24.2222,0.0247457,2382,61420,0.594584,0,1,152701,150319,2382
4873681,24.1945,0.0216525,2406,61420,0.599126,0,1,152725,150319,2406
4980361,26.8199,31.3888,1033,86140,0.712943,0.63,2,153662,152629,1033
4983281,29.4675,33.4652,1033,87600,0.741649,0.64,2,153710,152677,1033
4986201,31.784,35.282,1033,87600,0.767484,0.64,2,153758,152725,1033
4989121,33.811,36.8718,1033,87600,0.790736,0.63,2,153806,152773,1033
4992041,35.5846,38.2628,1033,87600,0.811662,0.63,2,153854,152821,1033
4994961,37.1366,39.4799,1033,87600,0.830496,0.63,2,153902,152869,1033
4997881,38.4945,40.545,1033,89060,0.847446,0.63,2,153950,152917,1033
5000801,39.6827,41.4768,1033,89060,0.862702,0.63,2,153998,152965,1033
5003721,40.7223,42.2922,1033,89060,0.876432,0.63,2,154046,153013,1033
5004481,40.2571,40.2557,1044,89060,0.888788,0.72,2,154083,153039,1044
5004481,38.2249,35.2237,1068,89060,0.899909,0,2,154107,153039,1068
5004481,36.4468,30.8208,1092,89060,0.909919,0,2,154131,153039,1092
5004481,34.891,26.9682,1116,89060,0.917927,0,2,154155,153039,1116
5007401,36.5296,26.5972,1140,89060,0.921134,0.7,2,154203,153063,1140
5010321,37.9634,32.2725,1116,89060,0.924021,0.7,2,154251,153135,1116
5013241,39.218,34.2384,1116,90520,0.928619,0.68,2,154299,153183,1116
5016161,40.3157,38.9586,1092,90520,0.932757,0.68,2,154347,153255,1092
5019081,41.2763,40.0888,1092,90520,0.936481,0.68,2,154395,153303,1092
5022001,42.1167,41.0777,1092,90520,0.939833,0.68,2,154443,153351,1092
5024921,42.8521,41.943,1092,90520,0.94285,0.68,2,154491,153399,1092
5027841,43.4956,42.7001,1092,91980,0.947565,0.68,2,154539,153447,1092
5071641,25.6382,1.27243,2030,82490,0.948716,0,2,155740,153710,2030
5071641,25.4334,1.11338,2054,82018,0.943844,0,2,155764,153710,2054
5071641,25.2543,0.974204,2078,81546,0.93846,0,2,155788,153710,2078
5071641,25.0975,0.852428,2102,81073,0.932614,0,2,155812,153710,2102
5071641,24.9603,0.745875,2126,80601,0.928352,0,2,155836,153710,2126
5071641,24.8403,0.65264,2150,80129,0.921517,0,2,155860,153710,2150
5071641,24.7352,0.57106,2174,79656,0.916365,0,2,155884,153710,2174
5071641,24.6433,0.499678,2198,79184,0.909729,0,2,155908,153710,2198
5071641,24.5629,0.437218,2222,78712,0.900756,0,2,155932,153710,2222
5071641,24.4925,0.382566,2246,78239,0.89368,0,2,155956,153710,2246
5071641,24.431,0.334745,2270,77767,0.886312,0,2,155980,153710,2270
5071641,24.3771,0.292902,2294,77295,0.878681,0,2,156004,153710,2294
5071641,24.33,0.256289,2318,76822,0.872813,0,2,156028,153710,2318
5071641,24.2887,0.224253,2342,76350,0.868532,0,2,156052,153710,2342
5071641,24.2526,0.196221,2366,75878,0.861679,0,2,156076,153710,2366
5071641,24.2211,0.171694,2390,75405,0.856511,0,2,156100,153710,2390
5071641,24.1934,0.150232,2414,74933,0.85186,0,2,156124,153710,2414
5071641,24.1692,0.131453,2438,74460,0.847674,0,2,156148,153710,2438
5071641,24.1481,0.115021,2462,73988,0.841906,0,2,156172,153710,2462
5071641,24.1296,0.100644,2486,73516,0.836716,0,2,156196,153710,2486
5071641,24.1134,0.0880633,2510,73043,0.832044,0,2,156220,153710,2510
5071641,24.0992,0.0770553,2534,72571,0.82684,0,2,156244,153710,2534
5071641,24.0868,0.0674234,2558,72099,0.822156,0,2,156268,153710,2558
5071641,24.076,0.0589955,2582,71626,0.81594,0,2,156292,153710,2582
5071641,24.0665,0.0516211,2606,71154,0.810346,0,2,156316,153710,2606
5071641,24.0582,0.0451684,2630,70682,0.805312,0,2,156340,153710,2630
5071641,24.0509,0.0395224,2654,70209,0.79878,0,2,156364,153710,2654
5071641,24.0445,0.0345821,2678,67660,0.790902,0,2,156388,153710,2678
5071641,24.039,0.0302593,2702,67160,0.781812,0,2,156412,153710,2702
5071641,24.0341,0.0264769,2726,66200,0.773631,0,2,156436,153710,2726
5071641,24.0298,0.0231673,2750,66200,0.766268,0,2,156460,153710,2750
5071641,24.0261,0.0202714,2774,66200,0.759641,0,2,156484,153710,2774
5071641,24.0228,0.0177375,2798,66200,0.749677,0,2,156508,153710,2798
5071641,24.02,0.0155203,2822,66200,0.741709,0,2,156532,153710,2822
5071641,24.0175,0.0135802,2846,66200,0.735538,0,2,156556,153710,2846
5071641,24.0153,0.0118827,2870,66200,0.729984,0,2,156580,153710,2870
5071641,24.0134,0.0103974,2894,66200,0.725986,0,2,156604,153710,2894
5071641,24.0117,0.0090977,2918,66200,0.723387,0,2,156628,153710,2918
5071641,24.0102,0.00796049,2942,66200,0.721049,0,2,156652,153710,2942
5071641,24.009,0.00696543,2966,66200,0.718944,0,2,156676,153710,2966
5071641,24.0078,0.00609475,2990,66200,0.717049,0,2,156700,153710,2990
5071641,24.0069,0.00533291,3014,66200,0.715344,0,2,156724,153710,3014
5071641,24.006,0.00466629,3038,66200,0.71381,0,2,156748,153710,3038
5071641,24.0053,0.00408301,3062,66200,0.712429,0,2,156772,153710,3062
5071641,24.0046,0.00357263,3086,66200,0.711186,0,2,156796,153710,3086
5080401,24.004,202.628,1489,66200,0.710068,0.99,2,156820,155331,1489
5080401,24.0035,177.3,1513,67160,0.709061,0,2,156844,155331,1513
5080401,24.0031,155.137,1537,66200,0.708155,0,2,156868,155331,1537
5084781,24.0027,150.87,1440,66200,0.707339,0.97,2,156892,155452,1440
5090621,23.8774,138.011,1415,67160,0.706605,0.95,2,156915,155500,1415
5090621,23.8927,120.76,1439,67160,0.705945,0,2,156939,155500,1439
5175301,23.9061,114.665,1391,66200,0.70535,0.95,2,156963,155572,1391
5178221,26.9178,103.332,1415,68620,0.734815,0.92,2,157011,155596,1415
5181141,29.5531,99.4153,1391,70080,0.761334,0.91,2,157059,155668,1391
5184061,31.859,95.9884,1367,71540,0.7852,0.88,2,157107,155740,1367
5186981,33.8766,92.9898,1343,73000,0.80668,0.87,2,157155,155812,1343
5189901,35.642,90.3661,1319,73000,0.826012,0.83,2,157203,155884,1319
5192821,37.1868,88.0703,1295,73000,0.843411,0.82,2,157251,155956,1295
5195741,38.5384,86.0615,1271,73000,0.85907,0.81,2,157299,156028,1271
5198661,39.7211,84.3039,1247,74460,0.873163,0.79,2,157347,156100,1247
5201581,40.756,82.7659,1223,74460,0.885847,0.79,2,157395,156172,1223
5202081,39.6615,78.4201,1207,74460,0.897262,0.7,2,157427,156220,1207
5202081,37.7038,68.6176,1231,74460,0.907536,0,2,157451,156220,1231
5202081,35.9908,60.0404,1255,74460,0.916782,0,2,157475,156220,1255
5202081,34.492,52.5354,1279,74460,0.925104,0,2,157499,156220,1279
5202081,33.1805,45.9684,1303,74460,0.932594,0,2,157523,156220,1303
5202081,32.0329,40.2224,1327,74460,0.939334,0,2,157547,156220,1327
5202081,31.0288,35.1946,1351,74460,0.945401,0,2,157571,156220,1351
5202081,25.8491,9.25884,1591,74460,0.945303,0,2,157811,156220,1591
5202081,25.618,8.10148,1615,74460,0.936773,0,2,157835,156220,1615
5202081,25.4157,7.0888,1639,74460,0.927095,0,2,157859,156220,1639
5202081,25.2388,6.2027,1663,74460,0.916386,0,2,157883,156220,1663
5202081,25.0839,5.42736,1687,74460,0.904747,0,2,157907,156220,1687
5202081,24.9484,4.74894,1711,74460,0.892273,0,2,157931,156220,1711
5205001,27.8299,85.1553,1111,74460,0.877045,0.7,2,157979,156868,1111
5207921,30.3511,80.3859,1112,74460,0.864341,0.7,2,158027,156915,1112
5210841,32.5572,76.3377,1112,75920,0.854907,0.7,2,158075,156963,1112
5213761,34.4876,66.7955,1160,75920,0.846416,0.7,2,158123,156963,1160
5216681,36.1766,58.446,1208,75920,0.838774,0.7,2,158171,156963,1208
5219601,37.6546,51.1403,1256,75920,0.809897,0.7,2,158219,156963,1256
5222261,38.4477,44.7477,1300,75920,0.782907,0.85,2,158263,156963,1300
5225181,39.6418,42.7793,1319,75920,0.758617,0.85,2,158311,156992,1319
5228101,40.6866,37.4319,1367,75920,0.736755,0.85,2,158359,156992,1367
5231021,41.6007,32.7529,1415,77380,0.720079,0.85,2,158407,156992,1415
5233941,42.4006,28.6588,1463,77380,0.707071,0.85,2,158455,156992,1463
5239781,24.165,0.179293,2424,54020,0.594171,0,1,159416,156992,2424
5239781,24.1443,0.156881,2448,54020,0.587754,0,1,159440,156992,2448
5239781,24.1263,0.137271,2472,54020,0.581978,0,1,159464,156992,2472
5239781,24.1105,0.120112,2496,54020,0.57678,0,1,159488,156992,2496
5239781,24.0967,0.105098,2520,54020,0.572102,0,1,159512,156992,2520
5239781,24.0846,0.091961,2544,54020,0.567892,0,1,159536,156992,2544
5239781,24.074,0.0804659,2568,54020,0.564103,0,1,159560,156992,2568
5239781,24.0648,0.0704077,2592,54020,0.560693,0,1,159584,156992,2592
5239781,24.0567,0.0616067,2616,54020,0.557623,0,1,159608,156992,2616
5239781,24.0496,0.0539059,2640,54020,0.554861,0,1,159632,156992,2640
5239781,24.0434,0.0471676,2664,54020,0.552375,0,1,159656,156992,2664
5239781,24.038,0.0412717,2688,54020,0.550137,0,1,159680,156992,2688
5239781,24.0332,0.0361127,2712,54020,0.548124,0,1,159704,156992,2712
5239781,24.0291,0.0315986,2736,54020,0.546311,0,1,159728,156992,2736
5239781,24.0254,0.0276488,2760,54020,0.54468,0,1,159752,156992,2760
5239781,24.0223,0.0241927,2784,54020,0.543212,0,1,159776,156992,2784
5254381,24.0195,203.896,1177,54020,0.541891,0.69,1,159800,158623,1177
5254381,24.017,178.409,1201,54020,0.540702,0,1,159824,158623,1201
5254381,24.0149,156.108,1225,54020,0.538632,0,1,159848,158623,1225
5254381,24.013,136.595,1249,53400,0.536768,0,1,159872,158623,1249
5254381,24.0114,119.52,1273,53400,0.535092,0,1,159896,158623,1273
5254381,24.01,104.58,1297,53400,0.533583,0,1,159920,158623,1297
5261681,24.0087,121.633,1080,53400,0.532224,0.67,1,159944,158864,1080
5261681,24.0076,106.429,1104,54020,0.531002,0,1,159968,158864,1104
5268981,23.8817,102.125,1055,53400,0.529902,0.65,1,159991,158936,1055
5268981,23.8965,89.3594,1079,54020,0.528911,0,1,160015,158936,1079
5268981,23.9094,78.1894,1103,53400,0.52802,0,1,160039,158936,1103
5331761,23.9207,80.4158,1031,53400,0.527218,0.63,1,160063,159032,1031
5334681,26.9307,76.3638,1031,55480,0.526496,0.61,1,160111,159080,1031
5337601,29.5643,75.8183,1007,56940,0.527847,0.59,1,160159,159152,1007
5340521,31.8688,75.341,983,58400,0.531062,0.57,1,160207,159224,983
5343441,33.8852,74.9234,959,58400,0.533956,0.53,1,160255,159296,959
5346361,35.6495,77.558,911,59860,0.53856,0.53,1,160303,159392,911
5349281,37.1933,73.8632,911,59860,0.542704,0.53,1,160351,159440,911
5352201,38.5442,70.6303,911,59860,0.546434,0.53,1,160399,159488,911
5355121,39.7262,67.8015,911,59860,0.549791,0.53,1,160447,159536,911
5358041,40.7604,65.3263,911,59860,0.553811,0.53,1,160495,159584,911
5360961,41.6653,63.1606,911,59860,0.55743,0.53,1,160543,159632,911
5363881,42.4572,61.2655,911,59860,0.560687,0.53,1,160591,159680,911
5366801,43.15,59.6073,911,59860,0.563619,0.53,1,160639,159728,911
5369721,43.7563,58.1564,911,61320,0.568257,0.53,1,160687,159776,911
5372021,43.0367,56.8868,901,61320,0.572431,0.52,1,160725,159824,901
5374941,43.6571,55.776,901,61320,0.576188,0.52,1,160773,159872,901
5377861,44.2,54.804,901,61320,0.579569,0.52,1,160821,159920,901
5380781,44.675,53.9535,901,61320,0.582612,0.52,1,160869,159968,901
5383701,45.0906,53.0843,902,61320,0.585351,0.52,1,160917,160015,902
5386621,45.4543,52.4488,902,61320,0.587816,0.52,1,160965,160063,902
5389541,45.7725,51.8927,902,62780,0.592034,0.52,1,161013,160111,902
5392461,46.0509,45.4061,950,62780,0.595831,0.54,1,161061,160111,950
5395381,46.2946,45.7303,950,62780,0.599248,0.56,1,161109,160159,950
5614041,47.9968,47.6846,1104,70080,0.70097,0.67,2,164703,163599,1104
5616961,47.9972,47.724,1104,70080,0.703873,0.67,2,164751,163647,1104
5619881,47.9975,47.7585,1104,70080,0.706486,0.69,2,164799,163695,1104
5622801,47.9978,47.7887,1104,70080,0.708837,0.69,2,164847,163743,1104
5625721,47.9981,47.8151,1104,71540,0.712954,0.69,2,164895,163791,1104
5628641,47.9983,47.8382,1104,71540,0.716658,0.69,2,164943,163839,1104
5631561,47.9986,47.8584,1104,71540,0.719992,0.69,2,164991,163887,1104
5634481,47.9987,47.8761,1104,71540,0.722993,0.69,2,165039,163935,1104
5637401,47.9989,47.8916,1104,71540,0.725694,0.69,2,165087,163983,1104
5640321,47.999,47.9052,1104,71540,0.728124,0.69,2,165135,164031,1104
5643241,47.9992,47.917,1104,73000,0.732312,0.69,2,165183,164079,1104
5646161,47.9993,47.9274,1104,73000,0.736081,0.69,2,165231,164127,1104
5649081,47.9994,47.9365,1104,73000,0.739473,0.69,2,165279,164175,1104
5652001,47.9994,47.9444,1104,73000,0.742525,0.69,2,165327,164223,1104
5654921,47.9995,47.9514,1104,73000,0.745273,0.69,2,165375,164271,1104
5657841,47.9996,47.9574,1104,74460,0.749746,0.69,2,165423,164319,1104
5660761,47.9996,41.9628,1152,74460,0.753771,0.71,2,165471,164319,1152
5663681,47.9997,42.7174,1152,74460,0.757394,0.71,2,165519,164367,1152
5666601,47.9997,43.3777,1152,75920,0.762655,0.71,2,165567,164415,1152
5669521,47.9997,43.9555,1152,75920,0.767389,0.71,2,165615,164463,1152
5672441,47.9998,44.4611,1152,75920,0.77165,0.71,2,165663,164511,1152
5675361,47.9998,44.9034,1152,77380,0.777485,0.71,2,165711,164559,1152
5678281,47.9998,45.2905,1152,77380,0.782737,0.71,2,165759,164607,1152
5681201,47.9999,45.6292,1152,78840,0.789463,0.73,2,165807,164655,1152
5684121,47.9999,45.9256,1152,78840,0.795517,0.73,2,165855,164703,1152
5687041,47.9999,46.1849,1152,78840,0.800965,0.73,2,165903,164751,1152
5689961,47.9999,46.4117,1152,80300,0.807868,0.73,2,165951,164799,1152
5692881,47.9999,46.6103,1152,80300,0.814082,0.73,2,165999,164847,1152
5695801,47.9999,40.784,1200,80300,0.819673,0.75,2,166047,164847,1200
5698721,47.9999,41.686,1200,81760,0.826706,0.75,2,166095,164895,1200
5701641,47.9999,42.4752,1200,81760,0.833036,0.75,2,166143,164943,1200
5704561,47.9999,43.1658,1200,83220,0.840732,0.75,2,166191,164991,1200
5707481,48,43.7701,1200,83220,0.847659,0.75,2,166239,165039,1200
5710401,48,44.2988,1200,84680,0.855893,0.75,2,166287,165087,1200
5713321,48,44.7615,1200,84680,0.863304,0.77,2,166335,165135,1200
5716241,48,45.1663,1200,86140,0.871973,0.77,2,166383,165183,1200
5719161,48,45.5205,1200,86140,0.879776,0.77,2,166431,165231,1200
5722081,48,45.8305,1200,87600,0.888798,0.77,2,166479,165279,1200
5725001,48,46.1016,1200,87600,0.896918,0.77,2,166527,165327,1200
5727921,48,46.3389,1200,89060,0.906227,0.77,2,166575,165375,1200
5730841,48,40.5466,1248,89060,0.914604,0.79,2,166623,165375,1248
5733761,48,41.4783,1248,90520,0.923144,0.79,2,166671,165423,1248
5736681,48,42.2935,1248,90520,0.930829,0.79,2,166719,165471,1248
5739601,48,43.0068,1248,91980,0.937746,0.81,2,166767,165519,1248
5742521,48,43.6309,1248,93440,0.943972,0.81,2,166815,165567,1248
5745441,48,44.1771,1248,93440,0.949575,0.81,2,166863,165615,1248
5824281,29.5807,9.22374,1753,118406,0.940204,0,2,168424,166671,1753
5824281,28.8831,8.07077,1777,116497,0.926184,0,2,168448,166671,1777
5824281,28.2727,7.06192,1801,114588,0.909565,0,2,168472,166671,1801
5824281,27.7386,6.17918,1825,114138,0.892609,0,2,168496,166671,1825
5824281,27.2713,5.40679,1849,110769,0.875348,0,2,168520,166671,1849
5824281,26.8624,4.73094,1873,108860,0.857813,0,2,168544,166671,1873
5824281,26.5046,4.13957,1897,105490,0.838032,0,2,168568,166671,1897
5824281,26.1915,3.62212,1921,105041,0.821229,0,2,168592,166671,1921
5824281,25.9176,3.16936,1945,103132,0.807106,0,2,168616,166671,1945
5824281,25.6779,2.77319,1969,99762,0.793395,0,2,168640,166671,1969
5824281,25.4681,2.42654,1993,96393,0.779056,0,2,168664,166671,1993
5824281,25.2846,2.12322,2017,93024,0.76715,0,2,168688,166671,2017
5824281,25.124,1.85782,2041,89880,0.754435,0,2,168712,166671,2041
5824281,24.9835,1.62559,2065,86960,0.743992,0,2,168736,166671,2065
5824281,24.8606,1.42239,2089,84040,0.735592,0,2,168760,166671,2089
5824281,24.753,1.24459,2113,79660,0.729033,0,2,168784,166671,2113
5824281,24.6589,1.08902,2137,76740,0.72113,0,2,168808,166671,2137
5824281,24.5765,0.952892,2161,72360,0.715017,0,2,168832,166671,2161
5824281,24.5045,0.833781,2185,67980,0.707515,0,2,168856,166671,2185
5824281,24.4414,0.729558,2209,66520,0.701764,0,2,168880,166671,2209
5844721,21.3787,131.643,1119,73820,0.707815,0.82,2,169519,168400,1119
5849101,21.7064,118.187,1119,74620,0.717034,0.76,2,169543,168424,1119
5850561,21.9931,109.414,1095,73820,0.723331,0.74,2,169567,168472,1095
5853481,22.244,98.7371,1095,74620,0.730997,0.72,2,169591,168496,1095
5856401,22.4635,89.395,1095,73820,0.735898,0.66,2,169615,168520,1095
5857861,22.6555,84.2206,1071,74620,0.742308,0.67,2,169639,168568,1071
5862241,22.8236,76.693,1071,73820,0.746077,0.67,2,169663,168592,1071
5865161,22.9706,73.1064,1047,74620,0.751469,0.65,2,169687,168640,1047
5866621,23.0993,66.9681,1047,73820,0.754323,0.66,2,169711,168664,1047
5869541,23.2119,61.5971,1047,74620,0.75889,0.64,2,169735,168688,1047
5871001,23.3104,56.8975,1047,73820,0.761001,0.65,2,169759,168712,1047
5873921,23.3966,52.7853,1047,74620,0.764901,0.66,2,169783,168736,1047
5875381,23.472,49.1871,1047,73820,0.766411,0.67,2,169807,168760,1047
5878301,23.538,46.0387,1047,74620,0.76977,0.65,2,169831,168784,1047
5879761,23.5958,43.2839,1047,73820,0.770793,0.66,2,169855,168808,1047
5882681,23.6463,40.8734,1047,74620,0.773714,0.64,2,169879,168832,1047
5884141,23.6905,38.7642,1047,73820,0.774342,0.65,2,169903,168856,1047
5887061,23.7292,36.9187,1047,74620,0.776908,0.66,2,169927,168880,1047
5888521,23.7631,35.3039,1047,73820,0.777217,0.67,2,169951,168904,1047
5891441,23.7927,33.8909,1047,74620,0.779495,0.65,2,169975,168928,1047
5892901,23.8186,32.6545,1047,73820,0.779546,0.66,2,169999,168952,1047
5894361,23.8413,31.5727,1047,74620,0.781591,0.65,2,170023,168976,1047
5897281,23.8611,30.6261,1047,73820,0.781432,0.66,2,170047,169000,1047
5898741,23.8785,29.7979,1047,74620,0.783289,0.67,2,170071,169024,1047
5901661,23.8937,29.0731,1047,73820,0.78296,0.68,2,170095,169048,1047
5903121,23.907,28.439,1047,74620,0.784664,0.69,2,170119,169072,1047
5904581,23.9186,27.8841,1047,73820,0.784198,0.66,2,170143,169096,1047
5907501,23.9288,27.3986,1047,74620,0.785778,0.66,2,170167,169120,1047
5908961,23.9377,26.9738,1047,73820,0.7842,0.67,2,170191,169144,1047
5910421,23.9455,26.602,1047,74620,0.78478,0.66,2,170215,169168,1047
5913341,23.9523,26.2768,1047,73820,0.783302,0.67,2,170239,169192,1047
5916261,23.8332,25.9922,1046,74620,0.783972,0.67,2,170262,169216,1046
5917721,23.8541,25.7432,1046,73820,0.782575,0.67,2,170286,169240,1046
5955041,23.8723,25.5253,1046,74620,0.784317,0.64,2,170310,169264,1046
5955041,23.8883,22.3346,1070,91980,0.805886,0,2,170334,169264,1070
5955041,23.9022,19.5428,1094,91980,0.825297,0,2,170358,169264,1094
5955041,23.9145,17.0999,1118,91980,0.842767,0,2,170382,169264,1118
5955041,23.9252,14.9624,1142,91980,0.858491,0,2,170406,169264,1142
5955041,21.4345,13.0921,1146,91980,0.872641,0,2,170410,169264,1146
5957961,24.7552,32.7056,1024,91980,0.885377,0.64,2,170458,169434,1024
5960881,27.6608,28.6174,1072,93440,0.89684,0.79,2,170506,169434,1072
5962321,30.0782,25.0402,1119,94900,0.907156,0.78,2,170553,169434,1119
5962321,29.3184,21.9102,1143,96360,0.91644,0,2,170577,169434,1143
5962321,28.6536,19.1714,1167,96360,0.924796,0,2,170601,169434,1167
5962321,28.0719,16.775,1191,96360,0.932316,0,2,170625,169434,1191
5962321,27.4379,14.6781,1214,96360,0.939085,0,2,170648,169434,1214
5965241,30.0082,18.8434,1214,96360,0.945176,0.78,2,170696,169482,1214
6035321,35.9354,9.69403,1658,107092,0.94905,0,2,171968,170310,1658
6035321,34.4435,8.48228,1682,106618,0.944145,0,2,171992,170310,1682
6035321,33.1381,7.42199,1706,106144,0.936731,0,2,172016,170310,1706
6035321,32.1208,6.49424,1731,105670,0.931058,0,2,172041,170310,1731
6035321,31.1057,5.68246,1755,105196,0.924952,0,2,172065,170310,1755
6035321,30.2175,4.97215,1779,104722,0.918457,0,2,172089,170310,1779
6035321,29.4403,4.35064,1803,102788,0.910611,0,2,172113,170310,1803
6035321,28.7603,3.80681,1827,100854,0.90255,0,2,172137,170310,1827
6035321,28.1652,3.33095,1851,100380,0.894295,0,2,172161,170310,1851
6035321,27.6446,2.91459,1875,98446,0.885865,0,2,172185,170310,1875
6035321,27.189,2.55026,1899,96512,0.879279,0,2,172209,170310,1899
6035321,26.7904,2.23148,1923,96038,0.869351,0,2,172233,170310,1923
6035321,26.4416,1.95254,1947,94104,0.859416,0,2,172257,170310,1947
6035321,26.1364,1.70848,1971,93630,0.851474,0,2,172281,170310,1971
6035321,25.8693,1.49492,1995,91696,0.840327,0,2,172305,170310,1995
6035321,25.6357,1.30805,2019,89762,0.829294,0,2,172329,170310,2019
6035321,25.4312,1.14455,2043,89288,0.820365,0,2,172353,170310,2043
6035321,25.2523,1.00148,2067,85894,0.809328,0,2,172377,170310,2067
6035321,25.0958,0.876293,2091,85420,0.800395,0,2,172401,170310,2091
6035321,24.9588,0.766756,2115,83486,0.790356,0,2,172425,170310,2115
6035321,24.839,0.670912,2139,80092,0.77832,0,2,172449,170310,2139
6035321,24.7341,0.587048,2163,79618,0.768488,0,2,172473,170310,2163
6035321,24.6423,0.513667,2187,75920,0.760639,0,2,172497,170310,2187
6035321,24.562,0.449458,2211,75920,0.754575,0,2,172521,170310,2211
6035321,24.4918,0.393276,2235,73000,0.750118,0,2,172545,170310,2235
6035321,24.4303,0.344117,2259,70080,0.746106,0,2,172569,170310,2259
6035321,24.3765,0.301102,2283,70080,0.742496,0,2,172593,170310,2283
6035321,24.3295,0.263464,2307,70080,0.737246,0,2,172617,170310,2307
6035321,24.2883,0.230531,2331,70080,0.733521,0,2,172641,170310,2331
6035321,24.2522,0.201715,2355,70080,0.731169,0,2,172665,170310,2355
6035321,24.2207,0.1765,2379,70080,0.729052,0,2,172689,170310,2379
6035321,24.1931,0.154438,2403,70080,0.727147,0,2,172713,170310,2403
6035321,24.169,0.135133,2427,68620,0.725432,0,2,172737,170310,2427
6035321,24.1479,0.118242,2451,67160,0.723889,0,2,172761,170310,2451
6035321,24.1294,0.103461,2475,67160,0.7225,0,2,172785,170310,2475
6035321,24.1132,0.0905287,2499,67160,0.72125,0,2,172809,170310,2499
6035321,24.0991,0.0792126,2523,67160,0.720125,0,2,172833,170310,2523
6035321,24.0867,0.069311,2547,67160,0.719113,0,2,172857,170310,2547
6035321,24.0758,0.0606471,2571,67160,0.718201,0,2,172881,170310,2571
6035321,24.0664,0.0530663,2595,67160,0.717381,0,2,172905,170310,2595
6035321,24.0581,0.046433,2619,67160,0.715643,0,2,172929,170310,2619
6035321,24.0508,0.0406288,2643,66600,0.714079,0,2,172953,170310,2643
6035321,24.0445,0.0355502,2667,66600,0.712671,0,2,172977,170310,2667
6035321,24.0389,0.0311065,2691,66600,0.711404,0,2,173001,170310,2691
6035321,24.034,0.0272182,2715,66600,0.710263,0,2,173025,170310,2715
6035321,24.0298,0.0238159,2739,66600,0.709237,0,2,173049,170310,2739
6035321,24.0261,0.0208389,2763,66600,0.708313,0,2,173073,170310,2763
6035321,24.0228,0.018234,2787,66600,0.707482,0,2,173097,170310,2787
6035321,24.02,0.0159548,2811,66600,0.706734,0,2,173121,170310,2811
6035321,24.0175,0.0139604,2835,66600,0.70606,0,2,173145,170310,2835
6035321,24.0153,0.0122154,2859,66600,0.705454,0,2,173169,170310,2859
6035321,24.0134,0.0106885,2883,66600,0.704909,0,2,173193,170310,2883
6047001,24.0117,201.259,1297,66600,0.704418,0.86,2,173217,171920,1297
6047001,24.0102,176.102,1321,75920,0.715976,0,2,173241,171920,1321
6047001,24.009,154.089,1345,75360,0.726379,0,2,173265,171920,1345
6047001,24.0078,134.828,1369,75360,0.735741,0,2,173289,171920,1369
6049921,24.0069,139.1,1224,75360,0.744167,0.84,2,173313,172089,1224
6054301,24.006,124.712,1224,75920,0.75175,0.82,2,173337,172113,1224
6057221,24.0052,115.123,1200,75920,0.757575,0.81,2,173361,172161,1200
6061601,24.0046,103.733,1200,75920,0.760817,0.78,2,173385,172185,1200
6065981,24.004,96.7661,1176,75920,0.761736,0.74,2,173409,172233,1176
6065981,24.0035,84.6703,1200,75920,0.760562,0,2,173433,172233,1200
6068901,24.0031,83.0866,1152,70420,0.757506,0.73,2,173457,172305,1152
6073281,24.0027,75.7007,1152,75920,0.752755,0.71,2,173481,172329,1152
6074741,24.0024,72.2381,1128,75920,0.74648,0.72,2,173505,172377,1128
6079121,24.0021,66.2084,1128,75920,0.738832,0.67,2,173529,172401,1128
6082041,24.0018,63.9323,1104,75920,0.729949,0.68,2,173553,172449,1104
6083501,24.0016,58.9408,1104,75920,0.719954,0.69,2,173577,172473,1104
6087881,24.0014,54.5732,1104,75920,0.708958,0.7,2,173601,172497,1104
6111241,24.0005,28.8802,1152,49980,0.596114,0,1,173793,172641,1152
6114161,23.8754,34.2702,1103,48520,0.580503,0.71,1,173816,172713,1103
6156501,23.891,32.9864,1103,75920,0.564453,0.7,1,173840,172737,1103
6159421,26.9046,31.8631,1127,77380,0.546007,0.82,1,173888,172761,1127
6162341,29.5415,33.8802,1127,78840,0.525407,0.82,1,173936,172809,1127
6165261,31.8488,35.6452,1127,80300,0.502866,0.82,1,173984,172857,1127
6166161,32.7427,37.1895,1118,80300,0.478579,0,1,174023,172905,1118
6166161,31.6499,32.5409,1142,80300,0.454721,0,1,174047,172905,1142
6166161,30.6937,28.4732,1166,80300,0.431249,0,1,174071,172905,1166
6166161,29.857,24.9141,1190,80300,0.408124,0,1,174095,172905,1190
6166161,29.1248,21.7998,1214,80300,0.385312,0,1,174119,172905,1214
6166161,28.4842,19.0749,1238,80300,0.362781,0,1,174143,172905,1238
6166161,27.9237,16.6905,1262,80300,0.340503,0,1,174167,172905,1262
6166161,27.4332,14.6042,1286,80300,0.318452,0,1,174191,172905,1286
6166161,27.0041,12.7787,1310,80300,0.296607,0,1,174215,172905,1310
6166161,26.6286,11.1813,1334,80300,0.274946,0,1,174239,172905,1334
6166161,26.3,9.78366,1358,80300,0.253452,0,1,174263,172905,1358
6166161,26.0125,8.5607,1382,80300,0.232107,0,1,174287,172905,1382
6166161,25.7609,7.49062,1406,80300,0.210896,0,1,174311,172905,1406
6166161,25.5408,6.55429,1430,80300,0.189806,0,1,174335,172905,1430
6166161,25.3482,5.735,1454,80300,0.170826,0,1,174359,172905,1454
6166161,25.1797,5.01813,1478,80300,0.153743,0,1,174383,172905,1478
6166161,25.0322,4.39086,1502,80300,0.138369,0,1,174407,172905,1502
6166161,24.9032,3.842,1526,80300,0.124532,0,1,174431,172905,1526
6166161,24.7903,3.36175,1550,80300,0.112079,0,1,174455,172905,1550
6166161,24.6915,2.94153,1574,80300,0.100871,0,1,174479,172905,1574
6166161,24.6051,2.57384,1598,80300,0.0907838,0,1,174503,172905,1598
6166161,24.5294,2.25211,1622,80300,0.0817054,0,1,174527,172905,1622
6166161,24.4633,1.9706,1646,80300,0.0735349,0,1,174551,172905,1646
6166161,23.2804,1.72427,1661,80300,0.0661814,0,1,174566,172905,1661
6169081,2034,2189.01,270,80300,0.146563,0,1,190675,190405,270
6172001,1785.75,1915.38,318,81760,0.220907,0,1,190723,190405,318
6174921,1568.53,1675.96,366,83220,0.289816,0,1,190771,190405,366
6177841,1378.46,1466.46,414,84680,0.353835,0,1,190819,190405,414
6180761,1212.15,1283.16,462,86140,0.413451,0,1,190867,190405,462
6183681,1066.63,1122.76,510,87600,0.469106,0,1,190915,190405,510
6186601,939.305,982.417,558,89060,0.521195,0,1,190963,190405,558
6189521,827.892,859.615,606,90520,0.569076,0,1,191011,190405,606
6201201,505.159,503.89,798,96360,0.717271,0,2,191203,190405,798
6204121,448.014,440.904,846,97820,0.745544,0,2,191251,190405,846
6207041,398.012,385.791,894,99280,0.770989,0,2,191299,190405,894
6209961,354.26,337.567,942,100740,0.79389,0,2,191347,190405,942
6212881,315.978,295.371,990,102200,0.814501,0,2,191395,190405,990
6215801,282.481,258.45,1038,103660,0.833051,0,2,191443,190405,1038
6218721,253.171,226.144,1086,105120,0.849746,0,2,191491,190405,1086
6221641,227.524,197.876,1134,106580,0.864771,0,2,191539,190405,1134
6224561,205.084,173.141,1182,108040,0.878294,0,2,191587,190405,1182
6227481,185.448,151.499,1230,109500,0.890465,0,2,191635,190405,1230
6230401,168.267,132.561,1278,110960,0.901418,0,2,191683,190405,1278
6233321,153.234,115.991,1326,112420,0.911277,0,2,191731,190405,1326
6236241,140.08,101.492,1374,113880,0.920149,0,2,191779,190405,1374
6239161,128.57,88.8057,1422,115340,0.928134,0,2,191827,190405,1422
6242081,118.498,77.705,1470,116800,0.935321,0,2,191875,190405,1470
6245001,109.686,67.9919,1518,118260,0.941789,0,2,191923,190405,1518
6247921,101.975,59.4929,1566,119720,0.94761,0.87,2,191971,190405,1566
6278581,51.8876,36.9131,1536,135780,0.946656,0,2,192547,191011,1536
6278581,48.5267,32.299,1561,126560,0.94199,0.89,2,192572,191011,1561
6278581,45.4608,28.2616,1585,125757,0.936791,0,2,192596,191011,1585
6278581,42.7782,24.7289,1609,125355,0.918112,0,2,192620,191011,1609
6278581,40.431,21.6378,1633,123493,0.897301,0,2,192644,191011,1633
6278581,38.3771,18.9331,1657,121631,0.876571,0,2,192668,191011,1657
6278581,36.5799,16.5664,1681,119769,0.855914,0,2,192692,191011,1681
6278581,35.0075,14.4956,1705,117908,0.835322,0,2,192716,191011,1705
6278581,33.6315,12.6837,1729,116046,0.81279,0,2,192740,191011,1729
6278581,32.4276,11.0982,1753,112724,0.790511,0,2,192764,191011,1753
6278581,31.3741,9.71094,1777,110862,0.76846,0,2,192788,191011,1777
6278581,30.4524,8.49707,1801,107540,0.747614,0,2,192812,191011,1801
6278581,29.6458,7.43494,1825,107138,0.729853,0,2,192836,191011,1825
6278581,28.9401,6.50557,1849,106736,0.714867,0,2,192860,191011,1849
6278581,28.3226,5.69237,1873,106335,0.702381,0,2,192884,191011,1873
6278581,19.4996,0.176808,2437,57320,0.598293,0,1,193448,191011,2437
6278581,20.0621,0.154707,2461,57120,0.595464,0,1,193472,191011,2461
6278581,18.0544,0.135369,2465,57120,0.594917,0,1,193476,191011,2465
6278581,18.7976,0.118448,2489,57120,0.592425,0,1,193500,191011,2489
6278581,17.6979,0.103642,2499,56920,0.592183,0,1,193510,191011,2499
6278581,18.4856,0.0906866,2523,56920,0.589965,0,1,193534,191011,2523
6278581,19.1749,0.0793508,2547,56300,0.587968,0,1,193558,191011,2547
6278581,17.2781,0.0694319,2551,56300,0.588171,0,1,193562,191011,2551
6278581,18.1183,0.0607529,2575,56300,0.586354,0,1,193586,191011,2575
6278581,17.1035,0.0531588,2585,56100,0.584719,0,1,193596,191011,2585
6284421,17.9656,192.047,1073,56100,0.581247,0.89,1,193620,192547,1073
6287341,18.7199,174.166,1048,66480,0.587122,0.71,1,193644,192596,1048
6290261,19.3799,158.395,1024,66480,0.59841,0.69,1,193668,192644,1024
6412441,24.7118,17.7104,1020,96360,0.728574,0.64,2,194679,193659,1020
6415361,27.6228,15.4966,1068,97820,0.755716,0.7,2,194727,193659,1068
6417841,29.295,14.6845,1100,97820,0.780145,0.69,2,194768,193668,1100
6420761,31.6331,18.8489,1100,99280,0.80213,0.69,2,194816,193716,1100
6423681,33.679,22.4928,1100,99280,0.821917,0.69,2,194864,193764,1100
6426601,35.4691,25.6812,1100,99280,0.839725,0.69,2,194912,193812,1100
6429521,37.0355,28.4711,1100,100740,0.855753,0.69,2,194960,193860,1100
6432441,38.406,30.9122,1100,100740,0.870178,0.69,2,195008,193908,1100
6435361,39.6053,33.0482,1100,100740,0.88316,0.69,2,195056,193956,1100
6438281,40.6546,34.9171,1100,102200,0.894844,0.69,2,195104,194004,1100
6441201,41.5728,36.5525,1100,102200,0.90536,0.69,2,195152,194052,1100
6444121,42.3762,37.9834,1100,102200,0.914824,0.69,2,195200,194100,1100
6447041,43.0792,39.2355,1100,103660,0.923341,0.69,2,195248,194148,1100
6449961,43.6943,40.3311,1100,103660,0.931007,0.69,2,195296,194196,1100
6452881,44.2325,41.2897,1100,105120,0.937906,0.69,2,195344,194244,1100
6455801,44.7034,42.1285,1100,105120,0.944116,0.69,2,195392,194292,1100
6458721,45.1155,42.8624,1100,105120,0.949704,0.69,2,195440,194340,1100
6490841,47.336,23.666,1337,110960,0.947987,0.73,2,195968,194631,1337
6493761,47.419,20.7077,1385,112420,0.941188,0.73,2,196016,194631,1385
6496681,47.4916,18.1193,1433,112420,0.935069,0.73,2,196064,194631,1433
6499601,47.5552,15.8544,1481,112420,0.926562,0.73,2,196112,194631,1481
6502521,47.6108,13.8726,1529,113880,0.920906,0.73,2,196160,194631,1529
6503981,47.6594,12.1385,1577,113880,0.914815,0.73,2,196208,194631,1577
6503981,44.702,10.6212,1601,113880,0.910334,0,2,196232,194631,1601
6503981,42.1143,9.29353,1625,113880,0.9073,0,2,196256,194631,1625
6503981,39.85,8.13184,1649,112420,0.90257,0.88,2,196280,194631,1649
6503981,37.8687,7.11536,1673,111471,0.895313,0,2,196304,194631,1673
6503981,36.2601,6.22594,1698,110997,0.889782,0,2,196329,194631,1698
6503981,34.7276,5.4477,1722,110522,0.881804,0,2,196353,194631,1722
6503981,33.3867,4.76674,1746,110048,0.875623,0,2,196377,194631,1746
6503981,32.2133,4.17089,1770,108113,0.868061,0,2,196401,194631,1770
6503981,31.1867,3.64953,1794,106179,0.858255,0,2,196425,194631,1794
6503981,30.2883,3.19334,1818,105704,0.85043,0,2,196449,194631,1818
6503981,29.5023,2.79417,1842,103770,0.842387,0,2,196473,194631,1842
6503981,28.8145,2.4449,1866,103295,0.834148,0,2,196497,194631,1866
6503981,28.2127,2.13929,1890,101361,0.824733,0,2,196521,194631,1890
6503981,27.6861,1.87188,1914,99426,0.81526,0,2,196545,194631,1914
6503981,27.2253,1.63789,1938,98952,0.805734,0,2,196569,194631,1938
6503981,26.8222,1.43316,1962,95557,0.79616,0,2,196593,194631,1962
6503981,26.4694,1.25401,1986,93623,0.788544,0,2,196617,194631,1986
6503981,26.1607,1.09726,2010,93148,0.77769,0,2,196641,194631,2010
6503981,25.8906,0.960103,2034,89754,0.766921,0,2,196665,194631,2034
6503981,25.6543,0.84009,2058,89279,0.758229,0,2,196689,194631,2058
6503981,25.4475,0.735079,2082,87345,0.746406,0,2,196713,194631,2082
6503981,25.2666,0.643194,2106,83950,0.736765,0,2,196737,194631,2106
6503981,25.1083,0.562795,2130,83476,0.729089,0,2,196761,194631,2130
6503981,24.9697,0.492445,2154,78840,0.72118,0,2,196785,194631,2154
6503981,24.8485,0.43089,2178,78840,0.714062,0,2,196809,194631,2178
6503981,24.7424,0.377028,2202,75920,0.707656,0,2,196833,194631,2202
6503981,24.6496,0.3299,2226,73000,0.70189,0,2,196857,194631,2226
6520041,24.0118,138.309,1152,76400,0.712679,0.78,2,197577,196425,1152
6524421,24.0103,124.02,1152,75920,0.724411,0.76,2,197601,196449,1152
6527341,24.0091,114.517,1128,76400,0.73697,0.74,2,197625,196497,1128
6531721,24.0079,103.203,1128,75920,0.746273,0.72,2,197649,196521,1128
6533181,24.0069,96.3024,1104,76400,0.756646,0.71,2,197673,196569,1104
6536101,24.0061,87.2646,1104,75920,0.763981,0.68,2,197697,196593,1104
6540481,24.0053,82.3566,1080,76400,0.772583,0.67,2,197721,196641,1080
6541941,24.0046,75.062,1080,75920,0.778325,0.64,2,197745,196665,1080
6546321,24.0041,71.6792,1056,76400,0.785492,0.65,2,197769,196713,1056
6549241,24.0036,65.7193,1056,75920,0.789943,0.65,2,197793,196737,1056
6550701,24.0031,63.5044,1032,76400,0.795949,0.65,2,197817,196785,1032
6555081,24.0027,58.5664,1032,75920,0.799354,0.65,2,197841,196809,1032
6556541,24.0024,54.2456,1032,76400,0.804418,0.65,2,197865,196833,1032
6560921,24.0021,50.4649,1032,75920,0.806977,0.65,2,197889,196857,1032
6562381,24.0018,47.1568,1032,76400,0.811279,0.65,2,197913,196881,1032
6565301,24.0016,44.2622,1032,75920,0.813151,0.65,2,197937,196905,1032
6566761,24.0014,41.7294,1032,76400,0.816836,0.65,2,197961,196929,1032
6571141,24.0012,39.5132,1032,75920,0.818152,0.65,2,197985,196953,1032
6572601,24.0011,37.5741,1032,76400,0.821337,0.65,2,198009,196977,1032
6576981,24.0009,35.8773,1032,75920,0.822203,0.65,2,198033,197001,1032
6578441,24.0008,34.3926,1032,76400,0.824983,0.65,2,198057,197025,1032
6581361,23.8757,33.0936,1031,75920,0.825485,0.65,2,198080,197049,1031
6582821,23.8913,31.9569,1031,76400,0.826936,0.65,2,198104,197073,1031
6584281,23.9048,30.9623,1031,75920,0.826243,0.65,2,198128,197097,1031
6623701,23.9167,30.092,1031,76400,0.827618,0.64,2,198152,197121,1031
6626621,26.9271,29.3305,1055,80300,0.844857,0.64,2,198200,197145,1055
6629541,29.5613,31.6642,1055,81760,0.860371,0.64,2,198248,197193,1055
6632461,31.8661,33.7061,1055,81760,0.874334,0.64,2,198296,197241,1055
6634161,31.3828,35.4929,1035,83220,0.8869,0.81,2,198324,197289,1035
6634161,30.46,31.0563,1059,83220,0.89821,0,2,198348,197289,1059
6634161,29.6525,27.1742,1083,83220,0.908389,0,2,198372,197289,1083
6634161,28.9459,23.7775,1107,83220,0.91755,0,2,198396,197289,1107
6634161,28.3277,20.8053,1131,83220,0.925795,0,2,198420,197289,1131
6634161,27.7867,18.2046,1155,83220,0.933216,0,2,198444,197289,1155
6634161,27.3134,15.929,1179,83220,0.939894,0,2,198468,197289,1179
6634161,26.8992,13.9379,1203,83220,0.945905,0,2,198492,197289,1203
6634161,25.6995,8.17015,1299,83220,0.949849,0,2,198588,197289,1299
6634161,25.487,7.14888,1323,83220,0.945864,0,2,198612,197289,1323
6634161,25.3012,6.25527,1347,83220,0.940278,0,2,198636,197289,1347
6634161,25.1385,5.47336,1371,83220,0.93925,0,2,198660,197289,1371
6634161,22.4962,4.78919,1375,83220,0.938325,0,2,198664,197289,1375
6637081,25.6842,28.8155,1226,83220,0.933492,0.83,2,198712,197486,1226
6640001,28.4736,27.5886,1255,83220,0.929143,0.83,2,198760,197505,1255
6642921,30.9144,30.14,1255,83220,0.925229,0.83,2,198808,197553,1255
6645841,33.0501,32.3725,1255,83220,0.921706,0.83,2,198856,197601,1255
6648761,34.9189,34.326,1255,84680,0.920535,0.83,2,198904,197649,1255
6651681,36.554,36.0352,1255,84680,0.919482,0.83,2,198952,197697,1255
6654601,37.9848,37.5308,1255,84680,0.918534,0.83,2,199000,197745,1255
6657521,39.2367,38.8395,1255,84680,0.91768,0.83,2,199048,197793,1255
6660441,40.3321,39.9845,1255,86140,0.918912,0.83,2,199096,197841,1255
6663361,41.2906,40.9865,1255,86140,0.920021,0.83,2,199144,197889,1255
6666281,42.1293,41.8632,1255,86140,0.921019,0.83,2,199192,197937,1255
6669201,42.8631,42.6303,1255,86140,0.921917,0.83,2,199240,197985,1255
6672121,43.5052,43.3015,1255,87600,0.924725,0.83,2,199288,198033,1255
6675041,44.0671,43.7638,1256,87600,0.927253,0.82,2,199336,198080,1256
6677961,44.5587,44.2933,1256,87600,0.928528,0.84,2,199384,198128,1256
6680881,44.9888,41.7567,1280,87600,0.918675,0.84,2,199432,198152,1280
6683801,45.3652,36.5371,1328,87600,0.910807,0.84,2,199480,198152,1328
6686721,45.6946,31.9699,1376,89060,0.901727,0.84,2,199528,198152,1376
6689641,45.9828,27.9737,1424,89060,0.891554,0.84,2,199576,198152,1424
6692561,46.2349,24.477,1472,89060,0.880399,1,2,199624,198152,1472
6695481,46.4555,27.4174,1472,89060,0.868359,1,2,199672,198200,1472
6698401,46.6486,23.9902,1520,89060,0.855523,1,2,199720,198200,1520
6701321,46.8175,20.9914,1568,89060,0.839971,1,2,199768,198200,1568
6704241,46.9653,24.3675,1568,90520,0.821974,1,2,199816,198248,1568
6707161,47.0947,21.3216,1616,90520,0.801776,1,2,199864,198248,1616
6707161,44.2078,18.6564,1640,90520,0.781599,0,2,199888,198248,1640
6707161,41.6819,16.3243,1664,90520,0.761439,0,2,199912,198248,1664
6707161,37.7216,14.2838,1674,90520,0.741295,0,2,199922,198248,1674
6707161,36.0064,12.4983,1698,56580,0.723165,0.56,2,199946,198248,1698
6707161,34.5056,10.936,1722,56580,0.706849,0,2,199970,198248,1722
6707161,25.8515,1.92736,2034,56580,0.597327,0,1,200282,198248,2034
6707161,25.6201,1.68644,2058,56580,0.593594,0,1,200306,198248,2058
6707161,25.4176,1.47564,2082,56580,0.590235,0,1,200330,198248,2082
6707161,25.2404,1.29118,2106,56580,0.587211,0,1,200354,198248,2106
6707161,25.0853,1.12979,2130,56580,0.58449,0,1,200378,198248,2130
6707161,24.9497,0.988562,2154,56580,0.582041,0,1,200402,198248,2154
6707161,24.8309,0.864992,2178,56580,0.579837,0,1,200426,198248,2178
6707161,24.7271,0.756868,2202,56580,0.577853,0,1,200450,198248,2202
6707161,24.6362,0.66226,2226,56580,0.576068,0,1,200474,198248,2226
6707161,24.5567,0.579477,2250,56580,0.574461,0,1,200498,198248,2250
6707161,24.4871,0.507042,2274,56580,0.573015,0,1,200522,198248,2274
6707161,24.4262,0.443662,2298,56580,0.571714,0,1,200546,198248,2298
6707161,24.3729,0.388204,2322,56580,0.570542,0,1,200570,198248,2322
6707161,24.3263,0.339679,2346,56580,0.569488,0,1,200594,198248,2346
6707161,24.2855,0.297219,2370,56580,0.569539,0,1,200618,198248,2370
6707161,24.2498,0.260067,2394,56580,0.569585,0,1,200642,198248,2394
6707161,24.2186,0.227558,2418,56580,0.569627,0,1,200666,198248,2418
6707161,24.1913,0.199113,2442,56580,0.569664,0,1,200690,198248,2442
6707161,24.1674,0.174224,2466,56580,0.569698,0,1,200714,198248,2466
6707161,24.1464,0.152446,2490,56580,0.569728,0,1,200738,198248,2490
6707161,24.1281,0.13339,2514,56580,0.569755,0,1,200762,198248,2514
6707161,24.1121,0.116717,2538,56580,0.56978,0,1,200786,198248,2538
6707161,24.0981,0.102127,2562,56580,0.569802,0,1,200810,198248,2562
6707161,23.3358,0.0893612,2580,56580,0.568821,0,1,200828,198248,2580
6767281,23.4189,209.328,930,56220,0.565939,0,1,200852,199922,930
6767281,23.4915,183.162,954,64240,0.561345,0,1,200876,199922,954
6767281,23.5551,160.267,978,64240,0.555211,0,1,200900,199922,978
6767281,23.6107,140.234,1002,64240,0.54769,0,1,200924,199922,1002
6767281,23.6593,122.704,1026,64240,0.538921,0,1,200948,199922,1026
6767281,23.7019,107.366,1050,64240,0.529029,0,1,200972,199922,1050
6767281,23.7392,93.9455,1074,64240,0.518126,0,1,200996,199922,1074
6767281,23.7718,82.2023,1098,64240,0.506313,0,1,201020,199922,1098
6767281,23.8003,71.927,1122,64240,0.493682,0,1,201044,199922,1122
6767281,23.8253,62.9362,1146,64240,0.480314,0,1,201068,199922,1146
6767281,23.8471,55.0691,1170,64240,0.466282,0,1,201092,199922,1170
6767281,23.8662,48.1855,1194,64240,0.451654,0,1,201116,199922,1194
6767281,23.8829,42.1623,1218,64240,0.436489,0,1,201140,199922,1218
6767281,23.8976,36.892,1242,64240,0.42084,0,1,201164,199922,1242
6767281,23.9104,32.2805,1266,64240,0.404756,0,1,201188,199922,1266
6767281,23.9216,28.2455,1290,64240,0.38828,0,1,201212,199922,1290
6767281,23.9314,24.7148,1314,64240,0.371452,0,1,201236,199922,1314
6767281,23.94,21.6254,1338,64240,0.354307,0,1,201260,199922,1338
6767281,23.9475,18.9222,1362,64240,0.336876,0,1,201284,199922,1362
6767281,23.954,16.557,1386,64240,0.319189,0,1,201308,199922,1386
6767281,23.9598,14.4873,1410,64240,0.30127,0,1,201332,199922,1410
6767281,23.9648,12.6764,1434,64240,0.283143,0,1,201356,199922,1434
6767281,23.9692,11.0919,1458,64240,0.264829,0,1,201380,199922,1458
6767281,23.9731,9.70539,1482,64240,0.246346,0,1,201404,199922,1482
6767281,23.9764,8.49222,1506,64240,0.227711,0,1,201428,199922,1506
6767281,23.9794,7.43069,1530,64240,0.20894,0,1,201452,199922,1530
6767281,23.9819,6.50185,1554,64240,0.190046,0,1,201476,199922,1554
6767281,23.9842,5.68912,1578,64240,0.171041,0,1,201500,199922,1578
6767281,23.9862,4.97798,1602,64240,0.153937,0,1,201524,199922,1602
6767281,23.9879,4.35573,1626,64240,0.138544,0,1,201548,199922,1626
6767281,23.9894,3.81127,1650,64240,0.124689,0,1,201572,199922,1650
6767281,23.9907,3.33486,1674,64240,0.11222,0,1,201596,199922,1674
6767281,23.9919,2.918,1698,64240,0.100998,0,1,201620,199922,1698
6767281,23.9929,2.55325,1722,64240,0.0908984,0,1,201644,199922,1722
6767281,23.9938,2.23409,1746,64240,0.0818086,0,1,201668,199922,1746
6767281,23.9946,1.95483,1770,64240,0.0736277,0,1,201692,199922,1770
6767281,23.9953,1.71048,1794,64240,0.0662649,0,1,201716,199922,1794
6767281,23.2458,1.49667,1812,64240,0.0596385,0,1,201734,199922,1812
6770201,444.84,618.56,270,64240,0.118675,0,1,205130,204860,270
6773121,395.235,541.24,318,65700,0.173807,0,1,205178,204860,318
6776041,351.831,473.585,366,67160,0.225426,0,1,205226,204860,366
6778961,313.852,414.387,414,68620,0.273884,0,1,205274,204860,414
6781881,280.62,362.588,462,70080,0.319495,0,1,205322,204860,462
6784801,251.543,317.265,510,71540,0.362546,0,1,205370,204860,510
6787721,226.1,277.607,558,73000,0.403291,0,1,205418,204860,558
6790641,203.837,242.906,606,74460,0.441962,0,1,205466,204860,606
6793561,184.358,212.543,654,75920,0.478766,0,1,205514,204860,654
6796481,167.313,185.975,702,75920,0.511889,0,1,205562,204860,702
6799401,152.399,162.728,750,75920,0.5417,0,1,205610,204860,750
6802321,139.349,142.387,798,75920,0.56853,0,1,205658,204860,798
6805241,127.93,124.589,846,77380,0.594677,0,1,205706,204860,846
6822761,83.8724,55.9148,1134,78840,0.71036,0,2,205994,204860,1134
6825681,79.3884,48.9254,1182,78840,0.724324,0,2,206042,204860,1182
6828601,75.4648,42.8097,1230,80300,0.738892,0,2,206090,204860,1230
6831521,72.0317,37.4585,1278,80300,0.752002,0.65,2,206138,204860,1278
6834441,69.0277,66.5262,1056,80300,0.763802,0.65,2,206186,205130,1056
6837361,66.3993,58.2104,1104,81760,0.776422,0.67,2,206234,205130,1104
6840281,64.0994,56.9341,1104,81760,0.78778,0.69,2,206282,205178,1104
6843201,62.0869,55.8174,1104,81760,0.798002,0.69,2,206330,205226,1104
6846121,60.3261,48.8402,1152,81760,0.807202,0.71,2,206378,205226,1152
6849041,58.7853,48.7352,1152,83220,0.817481,0.73,2,206426,205274,1152
6851961,57.4372,48.6433,1152,83220,0.826733,0.73,2,206474,205322,1152
6854881,56.2575,42.5629,1200,83220,0.83506,0.75,2,206522,205322,1200
6857801,55.2253,43.2425,1200,84680,0.844554,0.77,2,206570,205370,1200
6860721,54.3222,43.8372,1200,84680,0.853099,0.77,2,206618,205418,1200
6863641,53.5319,38.3575,1248,84680,0.860789,0.79,2,206666,205418,1248
6866561,52.8404,39.5629,1248,86140,0.86971,0.81,2,206714,205466,1248
6869481,52.2354,40.6175,1248,86140,0.877739,0.81,2,206762,205514,1248
6872401,51.7059,41.5403,1248,87600,0.886965,0.81,2,206810,205562,1248
6875321,51.2427,42.3478,1248,87600,0.895268,0.81,2,206858,205610,1248
6878241,50.8374,43.0543,1248,89060,0.904742,0.81,2,206906,205658,1248
6881161,50.4827,37.6725,1296,89060,0.913267,0.83,2,206954,205658,1296
6884081,50.1723,38.9634,1296,89060,0.920941,0.83,2,207002,205706,1296
6887001,49.9008,40.093,1296,90520,0.928847,0.83,2,207050,205754,1296
6889921,49.6632,41.0814,1296,90520,0.935962,0.83,2,207098,205802,1296
6892841,49.4553,41.9462,1296,91980,0.942366,0.85,2,207146,205850,1296
6895761,49.2734,42.7029,1296,91980,0.948129,0.85,2,207194,205898,1296
6951241,48.1007,38.4152,1440,109500,0.948607,0.95,2,208106,206666,1440
6954161,48.0881,39.6133,1440,110960,0.931746,0.95,2,208154,206714,1440
6957081,48.0771,40.6617,1440,112420,0.912572,0.97,2,208202,206762,1440
6960001,48.0675,41.579,1440,112420,0.888314,0.97,2,208250,206810,1440
6962921,48.059,42.3816,1440,113880,0.861483,0.97,2,208298,206858,1440
6965841,48.0517,37.0839,1488,115340,0.833335,0.99,2,208346,206858,1488
6968761,48.0452,38.4484,1488,116800,0.801001,0.99,2,208394,206906,1488
6971681,48.0396,39.6424,1488,118260,0.766901,0.99,2,208442,206954,1488
6974601,48.0346,40.6871,1488,119720,0.732211,1,2,208490,207002,1488
6977521,45.0265,36.401,1512,122640,0.724591,0,2,208562,207050,1512
6977521,42.3982,31.8509,1536,122640,0.752132,0,2,208586,207050,1536
6977521,40.0984,27.8695,1560,122640,0.776919,0,2,208610,207050,1560
6977521,38.0861,24.3858,1584,120020,0.799227,1,2,208634,207050,1584
6977521,36.3253,21.3376,1608,119088,0.819304,0,2,208658,207050,1608
6977521,34.9097,18.6704,1633,118622,0.837374,0,2,208683,207050,1633
6977521,33.546,16.3366,1657,118156,0.853636,0,2,208707,207050,1657
6977521,32.3527,14.2945,1681,117690,0.868273,0,2,208731,207050,1681
6977521,31.3086,12.5077,1705,115763,0.881445,0,2,208755,207050,1705
6977521,30.3951,10.9443,1729,113837,0.893301,0,2,208779,207050,1729
6977521,29.5957,9.57622,1753,113371,0.903971,0,2,208803,207050,1753
6977521,28.8962,8.37919,1777,111445,0.913574,0,2,208827,207050,1777
6977521,28.2842,7.3318,1801,109519,0.922216,0,2,208851,207050,1801
6977521,27.7487,6.41532,1825,109053,0.929995,0,2,208875,207050,1825
6977521,27.2801,5.61341,1849,107126,0.936995,0,2,208899,207050,1849
6977521,26.8701,4.91173,1873,103740,0.941296,0,2,208923,207050,1873
6977521,26.5113,4.29776,1897,101814,0.945166,0,2,208947,207050,1897
6977521,26.1974,3.76054,1921,101348,0.94865,0,2,208971,207050,1921
6977521,25.9227,3.29048,1945,97962,0.949785,0,2,208995,207050,1945
6977521,25.1271,1.92882,2041,88797,0.949498,0,2,209091,207050,2041
6977521,22.6112,1.68771,2046,84680,0.948548,0,2,209096,207050,2046
6977521,22.7848,1.47675,2070,83520,0.945693,0,2,209120,207050,2070
6977521,22.9367,1.29216,2094,83220,0.943124,0,2,209144,207050,2094
6977521,23.0696,1.13064,2118,83220,0.940811,0,2,209168,207050,2118
6977521,23.1859,0.989307,2142,83220,0.93873,0,2,209192,207050,2142
6977521,23.2877,0.865644,2166,83220,0.936857,0,2,209216,207050,2166
6977521,23.3767,0.757438,2190,83220,0.935171,0,2,209240,207050,2190
6977521,23.4546,0.662758,2214,83220,0.933654,0,2,209264,207050,2214
6977521,23.5228,0.579914,2238,83220,0.932289,0,2,209288,207050,2238
6977521,23.5824,0.507424,2262,83220,0.93106,0,2,209312,207050,2262
6977521,23.6346,0.443996,2286,83220,0.929954,0,2,209336,207050,2286
6977521,23.6803,0.388497,2310,83220,0.927959,0,2,209360,207050,2310
6977521,23.7203,0.339935,2334,82400,0.926163,0,2,209384,207050,2334
6977521,23.7552,0.297443,2358,82400,0.924546,0,2,209408,207050,2358
6977521,23.7858,0.260263,2382,82400,0.923092,0,2,209432,207050,2382
6977521,23.8126,0.22773,2406,82400,0.921783,0,2,209456,207050,2406
6977521,23.836,0.199264,2430,82400,0.920604,0,2,209480,207050,2430
6977521,23.8565,0.174356,2454,82400,0.919544,0,2,209504,207050,2454
6977521,23.8745,0.152561,2478,82400,0.91859,0,2,209528,207050,2478
6977521,23.8902,0.133491,2502,82400,0.917731,0,2,209552,207050,2502
6977521,23.9039,0.116805,2526,82400,0.916958,0,2,209576,207050,2526
6977521,23.9159,0.102204,2550,82400,0.916262,0,2,209600,207050,2550
6977521,23.9264,0.0894285,2574,82400,0.915636,0,2,209624,207050,2574
6977521,23.9356,0.07825,2598,82400,0.915072,0,2,209648,207050,2598
6977521,23.9437,0.0684687,2622,82400,0.901565,0,2,209672,207050,2622
6977521,23.9507,0.0599101,2646,82400,0.890408,0,2,209696,207050,2646
6977521,23.9569,0.0524214,2670,82400,0.881368,0,2,209720,207050,2670
6977521,23.9623,0.0458687,2694,82400,0.874231,0,2,209744,207050,2694
6977521,23.967,0.0401351,2718,82400,0.868808,0,2,209768,207050,2718
6977521,23.9711,0.0351182,2742,82400,0.864927,0,2,209792,207050,2742
6977521,23.9747,0.0307284,2766,82400,0.862434,0,2,209816,207050,2766
6977521,23.9779,0.0268874,2790,82400,0.860191,0,2,209840,207050,2790
6977521,23.9806,0.0235265,2814,82400,0.859172,0,2,209864,207050,2814
6977521,23.9831,0.0205857,2838,82400,0.859255,0,2,209888,207050,2838
6977521,23.9852,0.0180124,2862,82400,0.859329,0,2,209912,207050,2862
6977521,23.987,0.0157609,2886,82400,0.860396,0,2,209936,207050,2886
6977521,23.9887,0.0137908,2910,82400,0.862357,0,2,209960,207050,2910
6977521,23.9901,0.0120669,2934,82400,0.864121,0,2,209984,207050,2934
6977521,23.9913,0.0105586,2958,82400,0.866709,0,2,210008,207050,2958
6977521,23.9924,0.00923875,2982,82400,0.869038,0,2,210032,207050,2982
6977521,23.9933,0.0080839,3006,82400,0.871134,0,2,210056,207050,3006
6977521,23.9942,0.00707341,3030,82400,0.873021,0,2,210080,207050,3030
6977521,23.9949,0.00618924,3054,82400,0.875719,0,2,210104,207050,3054
6977521,23.9955,0.00541558,3078,82400,0.878147,0,2,210128,207050,3078
6977521,23.9961,0.00473863,3102,82400,0.880332,0,2,210152,207050,3102
6986281,23.9966,195.004,1566,82400,0.882299,1,2,210176,208610,1566
6986281,23.997,170.629,1590,84680,0.886069,0,2,210200,208610,1590
6989201,23.9974,164.425,1493,83860,0.889462,1,2,210224,208731,1493
6993581,23.9977,149.872,1469,84680,0.892516,1,2,210248,208779,1469
6996501,23.998,134.138,1469,84680,0.895264,1,2,210272,208803,1469
7000881,23.9982,123.371,1445,84680,0.897738,1,2,210296,208851,1445
7003801,23.9985,110.949,1445,84680,0.899964,0.98,2,210320,208875,1445
7005261,23.9987,103.081,1421,84680,0.901968,0.98,2,210344,208923,1421
7008181,23.9988,93.1956,1421,84680,0.903771,0.96,2,210368,208947,1421
7012561,23.999,87.5461,1397,84680,0.905394,0.96,2,210392,208995,1397
7014021,23.9991,79.6029,1397,84680,0.906854,0.94,2,210416,209019,1397
7016941,23.9992,75.6525,1373,84680,0.908169,0.92,2,210440,209067,1373
7019861,23.9993,72.821,1344,84680,0.910352,0.92,2,210464,209120,1344
7021321,23.9994,66.7183,1344,84680,0.912317,0.92,2,210488,209144,1344
7024241,23.9995,61.3785,1344,84680,0.914085,0.92,2,210512,209168,1344
7025701,23.9995,56.7062,1344,84680,0.915677,0.92,2,210536,209192,1344
7030081,23.8746,52.6179,1343,84680,0.917109,0.92,2,210559,209216,1343
7031541,23.8903,49.0407,1343,84680,0.918398,0.92,2,210583,209240,1343
7103381,23.904,45.9106,1343,84680,0.919558,0.9,2,210607,209264,1343
7103381,23.916,40.1718,1367,86140,0.927602,0,2,210631,209264,1367
7103381,23.9265,35.1503,1391,86140,0.934842,0,2,210655,209264,1391
7103381,22.3107,30.7565,1402,86140,0.941358,0,2,210666,209264,1402
7103381,22.5218,26.912,1426,84120,0.947222,0,2,210690,209264,1426
7114241,29.6144,85.1885,1378,80366,0.943066,0.92,2,211626,210248,1378
7117161,31.9126,80.5399,1378,79508,0.930759,0.92,2,211674,210296,1378
7120081,33.9235,76.4725,1378,78650,0.917683,0.92,2,211722,210344,1378
7123001,35.6831,72.9134,1378,77792,0.903915,0.92,2,211770,210392,1378
7125921,37.2227,69.7992,1378,76935,0.857524,0.93,2,211818,210440,1378
7128841,38.5699,67.0743,1378,76077,0.815771,0.93,2,211866,210488,1378
7131761,39.7486,64.69,1378,75219,0.778194,0.93,2,211914,210536,1378
7134681,40.7801,62.4788,1379,74361,0.746375,0.93,2,211962,210583,1379
7137601,41.6826,57.6689,1403,73503,0.717737,0.93,2,212010,210607,1403
7152201,37.9074,19.8156,1715,67499,0.597758,0,1,212322,210607,1715
7152201,36.169,17.3386,1739,65610,0.591982,0.53,1,212346,210607,1739
7152201,33.5228,15.1713,1754,65181,0.587784,0,1,212361,210607,1754
7152201,32.3325,13.2749,1778,64916,0.583006,0,1,212385,210607,1778
7152201,31.2909,11.6155,1802,64488,0.579705,0,1,212409,210607,1802
7152201,30.3796,10.1636,1826,64059,0.575735,0,1,212433,210607,1826
7152201,29.5821,8.89313,1850,63630,0.573161,0,1,212457,210607,1850
7152201,28.8844,7.78149,1874,63201,0.571845,0,1,212481,210607,1874
7152201,28.3988,6.8088,1899,62772,0.569661,0,1,212506,210607,1899
7152201,27.849,5.9577,1923,59860,0.566694,0,1,212530,210607,1923
7152201,27.3678,5.21299,1947,59860,0.565025,0,1,212554,210607,1947
7152201,26.9469,4.56137,1971,58400,0.563523,0,1,212578,210607,1971
7152201,26.5785,3.99119,1995,58400,0.56217,0,1,212602,210607,1995
7152201,26.2562,3.4923,2019,58400,0.560953,0,1,212626,210607,2019
7152201,25.9742,3.05576,2043,58400,0.559858,0,1,212650,210607,2043
7152201,25.7274,2.67379,2067,56940,0.558872,0,1,212674,210607,2067
7152201,25.5115,2.33957,2091,56940,0.557985,0,1,212698,210607,2091
7152201,25.3225,2.04712,2115,56940,0.557186,0,1,212722,210607,2115
7152201,25.1572,1.79123,2139,56940,0.556468,0,1,212746,210607,2139
7152201,25.0126,1.56733,2163,55480,0.555821,0,1,212770,210607,2163
7152201,24.886,1.37141,2187,55480,0.555239,0,1,212794,210607,2187
7152201,24.7752,1.19998,2211,55480,0.554715,0,1,212818,210607,2211
7152201,24.6783,1.04999,2235,55480,0.554244,0,1,212842,210607,2235
7152201,24.5935,0.918738,2259,55480,0.553819,0,1,212866,210607,2259
7152201,24.5194,0.803895,2283,55480,0.553437,0,1,212890,210607,2283
7152201,24.4544,0.703409,2307,55480,0.553094,0,1,212914,210607,2307
7152201,24.3976,0.615482,2331,55480,0.552784,0,1,212938,210607,2331
7152201,24.3479,0.538547,2355,55480,0.552506,0,1,212962,210607,2355
7152201,24.3044,0.471229,2379,55480,0.552255,0,1,212986,210607,2379
7152201,24.2664,0.412325,2403,55480,0.55203,0,1,213010,210607,2403
7152201,24.2331,0.360785,2427,55480,0.551827,0,1,213034,210607,2427
7152201,24.2039,0.315686,2451,55480,0.551644,0,1,213058,210607,2451
7152201,24.1785,0.276226,2475,55480,0.55148,0,1,213082,210607,2475
7152201,24.1561,0.241697,2499,55480,0.551332,0,1,213106,210607,2499
7152201,24.1366,0.211485,2523,55480,0.551198,0,1,213130,210607,2523
7152201,24.1196,0.18505,2547,55480,0.551079,0,1,213154,210607,2547
7152201,24.1046,0.161918,2571,55480,0.550971,0,1,213178,210607,2571
7152201,24.0915,0.141679,2595,1460,0.552874,0.55,1,213202,210607,2595
7152201,24.0801,0.123969,2619,1460,0.552586,0,1,213226,210607,2619
7152201,24.0701,0.108473,2643,1460,0.550328,0,1,213250,210607,2643
7152201,24.0613,0.0949136,2667,1460,0.546295,0,1,213274,210607,2667
7152201,24.0537,0.0830494,2691,1460,0.540665,0,1,213298,210607,2691
7167701,24.0469,214.448,1000,1460,0.533599,0.55,1,213322,212322,1000
7167701,24.0411,187.642,1024,17520,0.549239,0.47,1,213346,212322,1024
7167701,24.0359,164.186,1048,17520,0.561315,0,1,213370,212322,1048
7167701,24.0315,143.663,1072,17520,0.570184,0,1,213394,212322,1072
7167701,24.0275,125.705,1096,17520,0.576165,0,1,213418,212322,1096
7167701,24.0241,109.992,1120,17520,0.579549,0,1,213442,212322,1120
7175001,24.0211,125.243,912,17520,0.580594,0.47,1,213466,212554,912
7175001,24.0184,109.588,936,24820,0.591534,0,1,213490,212554,936
7175001,24.0161,95.8893,960,24820,0.599381,0,1,213514,212554,960
7243621,29.5744,56.1464,935,89060,0.706844,0.63,2,213753,212818,935
7246541,31.8776,55.1281,935,90520,0.736159,0.63,2,213801,212866,935
7249461,33.8929,54.2371,935,90520,0.762543,0.63,2,213849,212914,935
7252381,35.6563,53.4575,935,90520,0.786289,0.67,2,213897,212962,935
7255301,37.1993,52.7753,935,90520,0.80766,0.67,2,213945,213010,935
7258221,38.5494,52.1784,935,90520,0.826894,0.67,2,213993,213058,935
7261141,39.7307,51.6561,935,90520,0.844205,0.67,2,214041,213106,935
7264061,40.7644,51.1991,935,90520,0.859784,0.67,2,214089,213154,935
7264061,38.6688,44.7992,959,90520,0.873806,0,2,214113,213154,959
7264061,36.8352,39.1993,983,90520,0.886425,0,2,214137,213154,983
7264061,35.2308,34.2994,1007,90520,0.897783,0,2,214161,213154,1007
7264061,33.827,30.012,1031,90520,0.908004,0,2,214185,213154,1031
7264061,32.5986,26.2605,1055,90520,0.917204,0,2,214209,213154,1055
7264061,31.5238,22.9779,1079,90520,0.925484,0,2,214233,213154,1079
7264061,30.5833,20.1057,1103,90520,0.932935,0,2,214257,213154,1103
7264061,29.7604,17.5925,1127,90520,0.939642,0,2,214281,213154,1127
7264061,29.0403,15.3934,1151,90520,0.945678,0,2,214305,213154,1151
7264061,24.2045,0.624493,1727,90520,0.937867,0,2,214881,213154,1727
7266981,27.1789,63.4214,1272,90520,0.88608,0.67,2,214929,213657,1272
7269901,29.7816,55.4938,1320,91980,0.843472,0.67,2,214977,213657,1320
7272821,32.0589,48.557,1368,91980,0.807125,0.67,2,215025,213657,1368
7275741,34.0515,42.4874,1416,93440,0.778412,0.67,2,215073,213657,1416
7278661,35.7951,37.1765,1464,93440,0.754571,0.67,2,215121,213657,1464
7281581,37.3207,32.5294,1512,93440,0.735114,0.67,2,215169,213657,1512
7284501,38.6556,28.4632,1560,93440,0.719603,0.67,2,215217,213657,1560
7287421,39.8236,24.9053,1608,93440,0.707642,0.67,2,215265,213657,1608
7290341,40.8457,21.7922,1656,94900,0.700878,0.67,2,215313,213657,1656
7290341,27.0646,3.84065,1969,88269,0.701804,0,2,215626,213657,1969
7290341,25.8065,3.36057,1986,86334,0.702623,0,2,215643,213657,1986
7290341,25.5807,2.9405,2010,85995,0.704361,0,2,215667,213657,2010
7290341,25.3831,2.57294,2034,85520,0.706925,0,2,215691,213657,2034
7290341,25.2102,2.25132,2058,85045,0.708233,0,2,215715,213657,2058
7290341,25.0589,1.96991,2082,83110,0.710409,0,2,215739,213657,2082
7290341,24.9266,1.72367,2106,82634,0.713368,0,2,215763,213657,2106
7290341,24.8108,1.50821,2130,82159,0.715032,0,2,215787,213657,2130
7290341,24.7094,1.31968,2154,81684,0.717528,0,2,215811,213657,2154
7290341,24.6207,1.15472,2178,79749,0.720776,0,2,215835,213657,2178
7290341,24.5431,1.01038,2202,79274,0.722698,0,2,215859,213657,2202
7290341,24.4753,0.884084,2226,78799,0.725428,0,2,215883,213657,2226
7290341,24.4158,0.773574,2250,78323,0.728885,0,2,215907,213657,2250
7290341,24.3639,0.676877,2274,76388,0.730997,0,2,215931,213657,2274
7290341,24.3184,0.592267,2298,75913,0.733897,0,2,215955,213657,2298
7290341,24.2786,0.518234,2322,75438,0.736507,0,2,215979,213657,2322
7290341,24.2438,0.453455,2346,74963,0.736857,0,2,216003,213657,2346
7290341,24.2133,0.396773,2370,73027,0.737171,0,2,216027,213657,2370
7290341,24.1866,0.347176,2394,72552,0.737454,0,2,216051,213657,2394
7290341,24.1633,0.303779,2418,72077,0.735709,0,2,216075,213657,2418
7290341,24.1429,0.265807,2442,71602,0.734138,0,2,216099,213657,2442
7290341,24.125,0.232581,2466,69667,0.732724,0,2,216123,213657,2466
7290341,24.1094,0.203508,2490,69192,0.729452,0,2,216147,213657,2490
7290341,24.0957,0.17807,2514,65700,0.724506,0,2,216171,213657,2514
7290341,24.0838,0.155811,2538,65060,0.720056,0,2,216195,213657,2538
7290341,24.0733,0.136335,2562,65060,0.71605,0,2,216219,213657,2562
7290341,24.0641,0.119293,2586,65060,0.712445,0,2,216243,213657,2586
7290341,24.0561,0.104381,2610,65060,0.709201,0,2,216267,213657,2610
7290341,24.0491,0.0913336,2634,65060,0.706281,0,2,216291,213657,2634
7290341,24.043,0.0799169,2658,65060,0.703653,0,2,216315,213657,2658
7290341,24.0376,0.0699273,2682,65060,0.701287,0,2,216339,213657,2682
7394401,23.719,48.1368,1140,67160,0.706707,0,2,217215,216075,1140
7394401,23.7542,42.1197,1164,67160,0.720036,0,2,217239,216075,1164
7397321,26.7849,51.8547,1092,67160,0.728033,0.68,2,217287,216195,1092
7400241,29.4368,51.3729,1092,68620,0.73723,0.68,2,217335,216243,1092
7403161,31.7572,50.9513,1092,70080,0.747507,0.68,2,217383,216291,1092
7406081,33.7875,50.5824,1092,71540,0.758756,0.68,2,217431,216339,1092
7409001,35.5641,50.2596,1092,73000,0.77188,0.68,2,217479,216387,1092
7411921,37.1186,49.9771,1092,74460,0.785692,0.68,2,217527,216435,1092
7414841,38.4788,49.73,1092,75920,0.800123,0.68,2,217575,216483,1092
7417761,39.6689,49.5137,1092,77380,0.815111,0.68,2,217623,216531,1092
7420401,40.0853,49.3245,1087,78840,0.8306,0.68,2,217666,216579,1087
7420401,38.0746,43.159,1111,80300,0.84754,0,2,217690,216579,1111
7420401,36.3153,37.7641,1135,80300,0.861786,0,2,217714,216579,1135
7420401,34.7759,33.0436,1159,80300,0.872607,0,2,217738,216579,1159
7420401,33.4289,28.9131,1183,80300,0.880346,0,2,217762,216579,1183
7420401,32.2503,25.299,1207,80300,0.885312,0,2,217786,216579,1207
7420401,31.219,22.1366,1231,80300,0.887781,0,2,217810,216579,1231
7423321,33.3166,43.3695,1087,80300,0.886003,0.68,2,217858,216771,1087
7426241,35.1521,43.9483,1087,81760,0.886402,0.66,2,217906,216819,1087
7429161,36.758,46.0798,1074,83220,0.888762,0.66,2,217954,216880,1074
7432081,38.1633,43.3198,1098,83220,0.890886,0.66,2,218002,216904,1098
7435001,39.3929,37.9048,1146,84680,0.894797,0.68,2,218050,216904,1146
7437921,40.4688,42.1667,1122,84680,0.898318,0.68,2,218098,216976,1122
7440841,41.4102,45.8959,1098,84680,0.901486,0.68,2,218146,217048,1098
7443761,42.2339,46.1589,1098,84680,0.904337,0.68,2,218194,217096,1098
7446681,42.9547,40.389,1146,84680,0.906903,0.68,2,218242,217096,1146
7449601,43.5853,47.2154,1099,86140,0.911213,0.68,2,218290,217191,1099
7452521,44.1372,41.3135,1147,86140,0.915092,0.68,2,218338,217191,1147
7455441,44.62,36.1493,1195,86140,0.918583,0.68,2,218386,217191,1195
7458361,45.0425,31.6306,1243,86140,0.921724,0.68,2,218434,217191,1243
7461281,45.4122,27.6768,1291,87600,0.926552,0.8,2,218482,217191,1291
7464201,45.7357,36.2172,1243,87600,0.930897,0.8,2,218530,217287,1243
7467121,46.0187,31.6901,1291,87600,0.934807,0.82,2,218578,217287,1291
7470041,46.2664,33.7288,1291,87600,0.938326,0.84,2,218626,217335,1291
7472961,46.4831,35.5127,1291,87600,0.941494,0.84,2,218674,217383,1291
7475881,46.6727,31.0736,1339,87600,0.944344,0.86,2,218722,217383,1339
7478801,46.8386,33.1894,1339,89060,0.94891,0.89,2,218770,217431,1339
7594141,28.2288,8.10076,1800,85491,0.947601,0,2,221002,219202,1800
7594141,27.7002,7.08816,1824,85018,0.943841,0,2,221026,219202,1824
7594141,27.2377,6.20214,1848,84544,0.937457,0,2,221050,219202,1848
7594141,26.833,5.42688,1872,84071,0.932711,0,2,221074,219202,1872
7594141,26.4788,4.74852,1896,83597,0.92744,0,2,221098,219202,1896
7594141,26.169,4.15495,1920,83123,0.921696,0,2,221122,219202,1920
7594141,26.0229,3.63558,1945,82650,0.915527,0,2,221147,219202,1945
7594141,25.77,3.18114,1969,82176,0.911974,0,2,221171,219202,1969
7594141,25.5488,2.78349,1993,81703,0.905777,0,2,221195,219202,1993
7594141,25.3552,2.43556,2017,79769,0.901199,0,2,221219,219202,2017
7594141,25.1858,2.13111,2041,79296,0.896079,0,2,221243,219202,2041
7594141,25.0375,1.86472,2065,78822,0.890471,0,2,221267,219202,2065
7594141,24.9078,1.63163,2089,78349,0.884424,0,2,221291,219202,2089
7594141,24.7944,1.42768,2113,77875,0.879982,0,2,221315,219202,2113
7594141,24.6951,1.24922,2137,77401,0.872983,0,2,221339,219202,2137
7594141,24.6082,1.09307,2161,75468,0.867685,0,2,221363,219202,2161
7594141,24.5322,0.956433,2185,74994,0.861917,0,2,221387,219202,2185
7594141,24.4656,0.836879,2209,74521,0.855725,0,2,221411,219202,2209
7594141,24.4074,0.732269,2233,74047,0.850152,0,2,221435,219202,2233
7594141,24.3565,0.640735,2257,73574,0.845137,0,2,221459,219202,2257
7594141,24.3119,0.560644,2281,73100,0.838623,0,2,221483,219202,2281
7594141,24.273,0.490563,2305,72626,0.832761,0,2,221507,219202,2305
7594141,24.2388,0.429243,2329,72153,0.827485,0,2,221531,219202,2329
7594141,24.209,0.375587,2353,71679,0.820737,0,2,221555,219202,2353
7594141,24.1829,0.328639,2377,71206,0.814663,0,2,221579,219202,2377
7594141,24.16,0.287559,2401,70732,0.808197,0,2,221603,219202,2401
7594141,24.14,0.251614,2425,70259,0.801377,0,2,221627,219202,2425
7594141,24.1225,0.220162,2449,69785,0.794239,0,2,221651,219202,2449
7594141,21.4822,0.192642,2452,69312,0.789815,0,2,221654,219202,2452
7594141,21.7969,0.168562,2476,69253,0.784834,0,2,221678,219202,2476
7594141,22.0723,0.147492,2500,68780,0.77935,0,2,221702,219202,2500
7594141,22.3133,0.129055,2524,68306,0.773415,0,2,221726,219202,2524
7594141,22.5241,0.112923,2548,67832,0.767074,0,2,221750,219202,2548
7594141,22.7086,0.0988079,2572,67359,0.761366,0,2,221774,219202,2572
7594141,22.87,0.0864569,2596,66885,0.75523,0,2,221798,219202,2596
7594141,23.0113,0.0756498,2620,66412,0.748707,0,2,221822,219202,2620
7594141,23.1349,0.0661935,2644,64240,0.739836,0,2,221846,219202,2644
7594141,23.243,0.0579194,2668,63640,0.732853,0,2,221870,219202,2668
7594141,23.3376,0.0506794,2692,63640,0.724567,0,2,221894,219202,2692
7594141,23.4204,0.0443445,2716,63640,0.718111,0,2,221918,219202,2716
7594141,23.4929,0.0388014,2740,63640,0.7123,0,2,221942,219202,2740
7594141,23.5563,0.0339513,2764,63640,0.70807,0,2,221966,219202,2764
7594141,23.6117,0.0297074,2788,63640,0.704263,0,2,221990,219202,2788
7594141,23.6603,0.0259939,2812,63640,0.700836,0,2,222014,219202,2812
7711201,25.6896,65.4067,1252,65700,0.700257,0.8,2,222615,221363,1252
7714121,28.4784,66.2309,1228,67160,0.730231,0.78,2,222663,221435,1228
7717041,30.9186,66.952,1204,68620,0.757208,0.76,2,222711,221507,1204
7719961,33.0538,67.583,1180,70080,0.781487,0.73,2,222759,221579,1180
7722881,34.9221,68.1351,1156,71540,0.803338,0.72,2,222807,221651,1156
7725121,35.1818,68.9932,1118,73000,0.823004,0.66,2,222844,221726,1118
7725121,33.7841,60.3691,1142,74460,0.840704,0,2,222868,221726,1142
7725121,32.5611,52.823,1166,74460,0.856634,0,2,222892,221726,1166
7725121,31.4909,46.2201,1190,74460,0.87097,0,2,222916,221726,1190
7725121,30.5546,40.4426,1214,74460,0.883873,0,2,222940,221726,1214
7725121,29.7353,35.3872,1238,74460,0.895486,0,2,222964,221726,1238
7725121,29.0183,30.9638,1262,74460,0.905937,0,2,222988,221726,1262
7725121,28.3911,27.0934,1286,74460,0.915344,0,2,223012,221726,1286
7725121,27.8422,23.7067,1310,74460,0.923809,0,2,223036,221726,1310
7725121,27.3619,20.7434,1334,74460,0.931428,0,2,223060,221726,1334
7725121,26.9417,18.1504,1358,74460,0.938285,0,2,223084,221726,1358
7725121,26.574,15.8816,1382,74460,0.944457,0,2,223108,221726,1382
7725121,24.3039,1.8751,1766,74460,0.948831,0,2,223492,221726,1766
7725121,24.2659,1.64071,1790,74460,0.938948,0,2,223516,221726,1790
7725121,24.2327,1.43562,1814,74460,0.928053,0,2,223540,221726,1814
7725121,24.2036,1.25617,1838,74460,0.916248,0,2,223564,221726,1838
7725121,24.1781,1.09915,1862,74460,0.903623,0,2,223588,221726,1862
7728041,27.1559,106.712,1064,74460,0.888261,0.66,2,223636,222572,1064
7730961,29.7614,93.3728,1112,75920,0.876435,0.66,2,223684,222572,1112
7733881,32.0412,81.7012,1160,75920,0.865791,0.66,2,223732,222572,1160
7736801,34.0361,71.4885,1208,75920,0.822212,0.66,2,223780,222572,1208
7739721,35.7816,62.5525,1256,75920,0.784991,0.66,2,223828,222572,1256
7742641,37.3089,54.7334,1304,75920,0.753492,0.66,2,223876,222572,1304
7745561,38.6453,47.8917,1352,75920,0.727143,0.66,2,223924,222572,1352
7748481,39.8146,41.9053,1400,75920,0.705428,0.66,2,223972,222572,1400
7763081,24.2836,0.299617,2409,55967,0.594116,0,1,224981,222572,2409
7763081,24.2482,0.262165,2433,55480,0.588705,0,1,225005,222572,2433
7763081,24.2171,0.229394,2457,54994,0.581834,0,1,225029,222572,2457
7763081,24.19,0.20072,2481,52560,0.573651,0,1,225053,222572,2481
7763081,24.1662,0.17563,2505,52200,0.566286,0,1,225077,222572,2505
7763081,24.1455,0.153676,2529,52200,0.559657,0,1,225101,222572,2529
7763081,24.1273,0.134467,2553,52200,0.553692,0,1,225125,222572,2553
7763081,24.1114,0.117658,2577,52200,0.548322,0,1,225149,222572,2577
7763081,24.0974,0.102951,2601,52200,0.54349,0,1,225173,222572,2601
7763081,24.0853,0.0900822,2625,52200,0.539141,0,1,225197,222572,2625
7763081,24.0746,0.0788219,2649,52200,0.535227,0,1,225221,222572,2649
7763081,24.0653,0.0689692,2673,52200,0.531704,0,1,225245,222572,2673
7763081,24.0571,0.060348,2697,52200,0.528534,0,1,225269,222572,2697
7763081,24.05,0.0528045,2721,52200,0.52568,0,1,225293,222572,2721
7763081,24.0437,0.046204,2745,52200,0.523112,0,1,225317,222572,2745
7763081,24.0383,0.0404285,2769,52200,0.520801,0,1,225341,222572,2769
7763081,24.0335,0.0353749,2793,52200,0.518721,0,1,225365,222572,2793
7763081,24.0293,0.0309531,2817,52200,0.516849,0,1,225389,222572,2817
7763081,24.0256,0.0270839,2841,52200,0.515164,0,1,225413,222572,2841
7779141,24.0224,214.024,1153,52200,0.513648,0.67,1,225437,224284,1153
7779141,24.0196,187.271,1177,52560,0.512283,0,1,225461,224284,1177
7779141,24.0172,163.862,1201,52200,0.511055,0,1,225485,224284,1201
7779141,24.015,143.379,1225,52200,0.509949,0,1,225509,224284,1225
7779141,24.0131,125.457,1249,52200,0.509954,0,1,225533,224284,1249
7779141,24.0115,109.775,1273,52200,0.509959,0,1,225557,224284,1273
7786441,24.0101,126.178,1056,52200,0.509963,0.65,1,225581,224525,1056
7786441,24.0088,110.406,1080,52560,0.509967,0,1,225605,224525,1080
7786441,24.0077,96.6049,1104,52200,0.50997,0,1,225629,224525,1104
7793741,23.8817,96.5293,1031,52200,0.508973,0.61,1,225652,224621,1031
7793741,23.8965,84.4631,1055,52560,0.506076,0,1,225676,224621,1055
7793741,23.9095,73.9052,1079,50380,0.501468,0,1,225700,224621,1079
7855061,23.9208,79.6671,983,48920,0.495321,0.51,1,225724,224741,983
7856161,26.1807,72.7087,1001,54020,0.485789,0,1,225766,224765,1001
7856161,25.9081,63.6201,1025,54020,0.47521,0,1,225790,224765,1025
7856161,25.6696,55.6676,1049,54020,0.463689,0,1,225814,224765,1049
7856161,25.4609,48.7091,1073,54020,0.45132,0,1,225838,224765,1073
7856161,25.2783,42.6205,1097,54020,0.438188,0,1,225862,224765,1097
7856161,25.1185,37.2929,1121,54020,0.424369,0,1,225886,224765,1121
7856161,24.9787,32.6313,1145,54020,0.409933,0,1,225910,224765,1145
7856161,24.8563,28.5524,1169,54020,0.394939,0,1,225934,224765,1169
7856161,24.7493,24.9834,1193,54020,0.379445,0,1,225958,224765,1193
7856161,24.6556,21.8604,1217,54020,0.363501,0,1,225982,224765,1217
7856161,24.5737,19.1279,1241,54020,0.347151,0,1,226006,224765,1241
7856161,24.502,16.7369,1265,54020,0.330436,0,1,226030,224765,1265
7856161,24.4392,14.6448,1289,54020,0.313392,0,1,226054,224765,1289
7856161,24.3843,12.8142,1313,54020,0.296053,0,1,226078,224765,1313
7856161,24.3363,11.2124,1337,54020,0.278448,0,1,226102,224765,1337
7856161,24.2942,9.81086,1361,54020,0.260603,0,1,226126,224765,1361
7856161,24.2575,8.5845,1385,54020,0.242543,0,1,226150,224765,1385
7856161,24.2253,7.51144,1409,54020,0.224288,0,1,226174,224765,1409
7856161,24.1971,6.57251,1433,54020,0.205859,0,1,226198,224765,1433
7856161,24.1725,5.75095,1457,54020,0.187274,0,1,226222,224765,1457
7856161,24.1509,5.03208,1481,54020,0.168546,0,1,226246,224765,1481
7856161,24.1321,4.40307,1505,54020,0.151692,0,1,226270,224765,1505
7856161,24.1155,3.85269,1529,54020,0.136522,0,1,226294,224765,1529
7856161,24.1011,3.3711,1553,54020,0.12287,0,1,226318,224765,1553
7856161,24.0885,2.94971,1577,54020,0.110583,0,1,226342,224765,1577
7856161,24.0774,2.581,1601,54020,0.0995248,0,1,226366,224765,1601
7856161,24.0677,2.25837,1625,54020,0.0895723,0,1,226390,224765,1625
7856161,24.0593,1.97608,1649,54020,0.0806151,0,1,226414,224765,1649
7856161,24.0519,1.72907,1673,54020,0.0725536,0,1,226438,224765,1673
7856161,24.0454,1.51293,1697,54020,0.0652982,0,1,226462,224765,1697
7856161,23.2897,1.32382,1715,54020,0.0587684,0,1,226480,224765,1715
7859081,124.628,286.033,270,54020,0.103892,0,1,227314,227044,270
7862001,115.05,250.279,318,55480,0.146502,0,1,227362,227044,318
7864921,106.669,218.994,366,56940,0.186852,0,1,227410,227044,366
7867841,99.3351,191.62,414,58400,0.225167,0,1,227458,227044,414
7870761,92.9182,167.667,462,59860,0.26165,0,1,227506,227044,462
7873681,87.3034,146.709,510,61320,0.296485,0,1,227554,227044,510
7876601,82.3905,128.37,558,62780,0.329837,0,1,227602,227044,558
7879521,78.0917,112.324,606,62780,0.359853,0,1,227650,227044,606
7882441,74.3302,98.2836,654,62780,0.386868,0,1,227698,227044,654
7885361,71.039,85.9982,702,62780,0.411181,0,1,227746,227044,702
7888281,68.1591,75.2484,750,62780,0.433063,0,1,227794,227044,750
7891201,65.6392,65.8423,798,62780,0.452757,0,1,227842,227044,798
7894121,63.4343,57.612,846,62780,0.470481,0,1,227890,227044,846
7897041,61.505,50.4105,894,62780,0.486433,0,1,227938,227044,894
7899961,59.8169,44.1092,942,62780,0.50079,0,1,227986,227044,942
7902881,58.3398,38.5956,990,62780,0.513711,0,1,228034,227044,990
7905801,57.0473,33.7711,1038,62780,0.52534,0,1,228082,227044,1038
7908721,55.9164,29.5497,1086,62780,0.535806,0,1,228130,227044,1086
7911641,54.9268,25.856,1134,62780,0.545225,0.51,1,228178,227044,1134
7914561,54.061,56.374,912,62780,0.553703,0.53,1,228226,227314,912
7917481,53.3034,55.3273,912,62780,0.561332,0.53,1,228274,227362,912
7920401,52.6404,48.4114,960,62780,0.568199,0.55,1,228322,227362,960
7923321,52.0604,48.3599,960,64240,0.576379,0.57,1,228370,227410,960
7926241,51.5528,48.3149,960,64240,0.583741,0.57,1,228418,227458,960
7929161,51.1087,42.2756,1008,64240,0.590367,0.59,1,228466,227458,1008
7932081,50.7201,42.9911,1008,64240,0.59633,0.61,1,228514,227506,1008
8054721,48.01,42.7029,1104,70080,0.702316,0.67,2,230530,229426,1104
8057641,48.0087,43.365,1104,70080,0.705085,0.67,2,230578,229474,1104
8060561,48.0076,43.9444,1104,71540,0.709576,0.67,2,230626,229522,1104
8063481,48.0067,44.4514,1104,71540,0.713619,0.67,2,230674,229570,1104
8066401,48.0058,44.8949,1104,71540,0.717257,0.67,2,230722,229618,1104
8069321,48.0051,45.2831,1104,71540,0.720531,0.67,2,230770,229666,1104
8072241,48.0045,45.6227,1104,73000,0.725478,0.67,2,230818,229714,1104
8075161,48.0039,45.9198,1104,73000,0.72993,0.67,2,230866,229762,1104
8078081,48.0034,46.1799,1104,73000,0.733937,0.67,2,230914,229810,1104
8081001,48.003,46.4074,1104,74460,0.739543,0.69,2,230962,229858,1104
8083921,48.0026,46.6065,1104,74460,0.744589,0.69,2,231010,229906,1104
8086841,48.0023,46.7807,1104,74460,0.74913,0.69,2,231058,229954,1104
8089761,48.002,46.9331,1104,75920,0.755217,0.69,2,231106,230002,1104
8092681,48.0018,47.0664,1104,75920,0.760695,0.69,2,231154,230050,1104
8095601,48.0015,47.1831,1104,75920,0.765626,0.69,2,231202,230098,1104
8098521,48.0013,41.2852,1152,77380,0.772063,0.71,2,231250,230098,1152
8101441,48.0012,42.1246,1152,77380,0.777857,0.71,2,231298,230146,1152
8104361,48.001,42.859,1152,78840,0.785071,0.71,2,231346,230194,1152
8107281,48.0009,43.5016,1152,78840,0.791564,0.71,2,231394,230242,1152
8110201,48.0008,44.0639,1152,78840,0.797408,0.71,2,231442,230290,1152
8113121,48.0007,44.5559,1152,80300,0.804667,0.73,2,231490,230338,1152
8116041,48.0006,44.9864,1152,80300,0.8112,0.73,2,231538,230386,1152
8118961,48.0005,45.3631,1152,81760,0.81908,0.73,2,231586,230434,1152
8121881,48.0005,45.6927,1152,81760,0.826172,0.73,2,231634,230482,1152
8124801,48.0004,45.9812,1152,83220,0.834555,0.73,2,231682,230530,1152
8127721,48.0004,46.2335,1152,84680,0.8441,0.73,2,231730,230578,1152
8130641,48.0003,40.4543,1200,84680,0.85269,0.75,2,231778,230578,1200
8133561,48.0003,41.3975,1200,86140,0.862421,0.75,2,231826,230626,1200
8136481,48.0002,42.2228,1200,86140,0.871179,0.75,2,231874,230674,1200
8139401,48.0002,42.945,1200,87600,0.881061,0.75,2,231922,230722,1200
8142321,48.0002,43.5769,1200,87600,0.889955,0.77,2,231970,230770,1200
8145241,48.0002,44.1298,1200,89060,0.899959,0.77,2,232018,230818,1200
8148161,48.0001,44.6135,1200,89060,0.908963,0.77,2,232066,230866,1200
8151081,48.0001,45.0368,1200,90520,0.918067,0.77,2,232114,230914,1200
8154001,48.0001,39.4072,1248,91980,0.92626,0.79,2,232162,230914,1248
8156921,48.0001,40.4813,1248,91980,0.933634,0.79,2,232210,230962,1248
8159841,48.0001,41.4212,1248,93440,0.940271,0.79,2,232258,231010,1248
8162761,48.0001,42.2435,1248,94900,0.946244,0.81,2,232306,231058,1248
8203641,48,42.0167,1344,110960,0.939221,0.89,2,232978,231634,1344
8206561,48,36.7647,1392,112420,0.922299,0.91,2,233026,231634,1392
8209481,48,38.1691,1392,113880,0.903069,0.93,2,233074,231682,1392
8212401,48,39.3979,1392,115340,0.881762,0.93,2,233122,231730,1392
8215321,48,40.4732,1392,116800,0.858586,0.93,2,233170,231778,1392
8218241,48,35.414,1440,118260,0.833727,0.95,2,233218,231778,1440
8221161,48,36.9873,1440,119720,0.807355,0.95,2,233266,231826,1440
8224081,48,38.3639,1440,121180,0.775619,0.97,2,233314,231874,1440
8227001,48,39.5684,1440,122640,0.743057,0.97,2,233362,231922,1440
8229921,48,40.6223,1440,124100,0.705751,0.97,2,233410,231970,1440
8238681,48,38.4638,1488,128480,0.584723,1,1,233554,232066,1488
8241601,48,39.6558,1488,129940,0.539251,1,1,233602,232114,1488
8241601,45,34.6988,1512,131400,0.495326,0,1,233626,232114,1512
8241601,42.375,30.3615,1536,131400,0.454793,0,1,233650,232114,1536
8241601,40.0781,26.5663,1560,131400,0.415314,0,1,233674,232114,1560
8241601,38.0684,23.2455,1584,38660,0.380782,0.06,1,233698,232114,1584
8241601,36.4348,20.3398,1609,38660,0.350704,0,1,233723,232114,1609
8241601,34.8805,17.7973,1633,38660,0.324634,0,1,233747,232114,1633
8241601,33.5204,15.5727,1657,38660,0.30217,0,1,233771,232114,1657
8241601,32.3304,13.6261,1681,37200,0.282953,0,1,233795,232114,1681
8241601,31.2891,11.9228,1705,35740,0.266658,0,1,233819,232114,1705
8241601,30.3779,10.4325,1729,34280,0.252992,0,1,233843,232114,1729
8241601,29.5807,9.12842,1753,34280,0.240693,0,1,233867,232114,1753
8241601,28.8831,7.98737,1777,32820,0.229624,0,1,233891,232114,1777
8241601,28.2727,6.98895,1801,31360,0.219661,0,1,233915,232114,1801
8241601,27.7386,6.11533,1825,28440,0.210695,0,1,233939,232114,1825
8241601,27.2713,5.35091,1849,28440,0.202626,0,1,233963,232114,1849
8241601,26.8624,4.68205,1873,26980,0.195363,0,1,233987,232114,1873
8241601,26.5046,4.09679,1897,26980,0.188827,0,1,234011,232114,1897
8241601,26.1915,3.58469,1921,25520,0.182944,0,1,234035,232114,1921
8241601,24.4176,3.13661,1933,25520,0.17665,0,1,234047,232114,1933
8248901,24.3654,197.745,397,23300,0.168985,0.07,1,234071,233674,397
8251821,24.3197,176.026,397,25520,0.160086,0.08,1,234095,233698,397
8254741,24.2797,157.148,396,25520,0.150078,0.09,1,234119,233723,396
8259121,24.2448,140.505,396,25520,0.13907,0.11,1,234143,233747,396
8259121,24.2142,122.942,420,24060,0.127163,0,1,234167,233747,420
8262041,24.1874,113.574,396,24060,0.114447,0.12,1,234191,233795,396
8264961,24.164,102.377,396,24060,0.103002,0.13,1,234215,233819,396
8266421,24.1435,92.58,396,24060,0.0927017,0.13,1,234239,233843,396
8270801,24.1255,84.0075,396,24060,0.0834316,0.13,1,234263,233867,396
8275181,24.1099,76.5066,396,24060,0.0940884,0.13,1,234287,233891,396
8275181,24.0961,66.9432,420,24060,0.10568,0,1,234311,233891,420
8279561,23.9591,64.5753,395,24060,0.114112,0.13,1,234334,233939,395
8279561,23.9642,56.5034,419,21140,0.1197,0,1,234358,233939,419
8284641,23.9687,55.4405,395,21140,0.12273,0,1,234382,233987,395
8284641,23.9726,48.5104,419,91980,0.210457,0,1,234406,233987,419
8284641,22.476,42.4466,431,91980,0.289412,0,1,234418,233987,431
8287561,35.6665,73.2658,270,91980,0.36047,0,1,234546,234276,270
8290481,37.2082,64.1076,318,91980,0.424423,0,1,234594,234276,318
8293401,38.5572,56.0941,366,93440,0.481981,0,1,234642,234276,366
8296321,39.7375,49.0824,414,93440,0.533783,0,1,234690,234276,414
8299241,40.7703,42.9471,462,94900,0.580405,0.19,1,234738,234276,462
8310921,43.7621,35.1877,548,97820,0.724704,0.15,2,234930,234382,548
8313841,44.2918,30.7893,596,97820,0.752233,0.15,2,234978,234382,596
8316761,44.7554,26.9406,644,99280,0.77701,0.15,2,235026,234382,644
8319681,45.1609,23.573,692,99280,0.799309,0.15,2,235074,234382,692
8322601,45.5158,20.6264,740,100740,0.819378,0.15,2,235122,234382,740
8325521,45.8263,18.0481,788,100740,0.83744,0.15,2,235170,234382,788
8328441,46.0981,15.7921,836,102200,0.853696,0.15,2,235218,234382,836
8331361,46.3358,13.8181,884,102200,0.868327,0.15,2,235266,234382,884
8334281,46.5438,12.0908,932,103660,0.881494,0.15,2,235314,234382,932
8337201,46.7258,10.5795,980,103660,0.892345,0.15,2,235362,234382,980
8340121,46.8851,9.25703,1028,103660,0.90211,0.15,2,235410,234382,1028
8343041,47.0245,8.0999,1076,105120,0.911899,0.15,2,235458,234382,1076
8345961,47.1464,7.08741,1124,105120,0.920709,0.15,2,235506,234382,1124
8348881,47.2531,6.20149,1172,106580,0.928638,0.15,2,235554,234382,1172
8351801,47.3465,5.4263,1220,106580,0.929774,0.15,2,235602,234382,1220
8354721,47.4282,4.74801,1268,106580,0.932797,0.15,2,235650,234382,1268
8357641,47.4996,4.15451,1316,108040,0.939517,0.15,2,235698,234382,1316
8360561,47.5622,3.6352,1364,108040,0.945566,0.15,2,235746,234382,1364
8375161,33.4322,0.732191,1773,107629,0.947531,0,2,236155,234382,1773
8375161,32.2532,0.640668,1797,105701,0.942778,0,2,236179,234382,1797
8375161,31.2215,0.560584,1821,105233,0.9365,0,2,236203,234382,1821
8375161,30.3189,0.490511,1845,103305,0.92785,0,2,236227,234382,1845
8375161,29.529,0.429197,1869,101377,0.921065,0,2,236251,234382,1869
8375161,28.8379,0.375548,1893,100909,0.912958,0,2,236275,234382,1893
8375161,28.2331,0.328604,1917,98981,0.902663,0,2,236299,234382,1917
8375161,27.704,0.287529,1941,97053,0.894396,0,2,236323,234382,1941
8375161,27.241,0.251588,1965,96585,0.885957,0,2,236347,234382,1965
8375161,26.8359,0.220139,1989,93197,0.877361,0,2,236371,234382,1989
8375161,26.4814,0.192622,2013,91269,0.867625,0,2,236395,234382,2013
8375161,26.1712,0.168544,2037,90801,0.857862,0,2,236419,234382,2037
8375161,25.8998,0.147476,2061,87413,0.848076,0,2,236443,234382,2061
8375161,25.6623,0.129041,2085,85485,0.837269,0,2,236467,234382,2085
8375161,25.4545,0.112911,2109,85017,0.826542,0,2,236491,234382,2109
8375161,25.2727,0.0987974,2133,81629,0.815888,0,2,236515,234382,2133
8375161,25.1136,0.0864477,2157,77380,0.807299,0,2,236539,234382,2157
8375161,24.9744,0.0756417,2181,77380,0.800569,0,2,236563,234382,2181
8375161,24.8526,0.0661865,2205,74460,0.795512,0,2,236587,234382,2205
8375161,24.746,0.0579132,2229,71540,0.790961,0,2,236611,234382,2229
8375161,24.6528,0.0506741,2253,71540,0.786865,0,2,236635,234382,2253
8375161,24.5712,0.0443398,2277,71540,0.783178,0,2,236659,234382,2277
8375161,24.4998,0.0387973,2301,71540,0.77886,0,2,236683,234382,2301
8375161,24.4373,0.0339477,2325,71540,0.773974,0,2,236707,234382,2325
8375161,24.3827,0.0297042,2349,71540,0.770577,0,2,236731,234382,2349
8375161,24.3348,0.0259912,2373,71540,0.765519,0,2,236755,234382,2373
8375161,24.293,0.0227423,2397,71540,0.761967,0,2,236779,234382,2397
8375161,24.2563,0.0198995,2421,70080,0.759771,0,2,236803,234382,2421
8375161,24.2243,0.0174121,2445,70080,0.758794,0,2,236827,234382,2445
8375161,24.1963,0.0152356,2469,70080,0.756914,0,2,236851,234382,2469
8375161,24.1717,0.0133311,2493,70080,0.756223,0,2,236875,234382,2493
8375161,24.1503,0.0116647,2517,70080,0.754601,0,2,236899,234382,2517
8375161,24.1315,0.0102066,2541,70080,0.75414,0,2,236923,234382,2541
8375161,24.115,0.0089308,2565,70080,0.751726,0,2,236947,234382,2565
8375161,24.1007,0.00781445,2589,70080,0.750554,0,2,236971,234382,2589
8375161,24.0881,0.00683764,2613,70080,0.750498,0,2,236995,234382,2613
8375161,24.0771,0.00598294,2637,70080,0.749449,0,2,237019,234382,2637
8375161,24.0674,0.00523507,2661,69680,0.748504,0,2,237043,234382,2661
8375161,24.059,0.00458069,2685,69680,0.747653,0,2,237067,234382,2685
8375161,24.0516,0.0040081,2709,69680,0.746888,0,2,237091,234382,2709
8375161,24.0452,0.00350709,2733,69680,0.746199,0,2,237115,234382,2733
8375161,24.0395,0.0030687,2757,69680,0.745579,0,2,237139,234382,2757
8375161,24.0346,0.00268511,2781,69680,0.745021,0,2,237163,234382,2781
8375161,24.0303,0.00234948,2805,69680,0.744519,0,2,237187,234382,2805
8375161,24.0265,0.00205579,2829,69680,0.744067,0,2,237211,234382,2829
8375161,24.0232,0.00179882,2853,69680,0.743661,0,2,237235,234382,2853
8375161,24.0203,0.00157397,2877,69680,0.743295,0,2,237259,234382,2877
8375161,24.0177,0.00137722,2901,69680,0.742965,0,2,237283,234382,2901
8375161,24.0155,0.00120507,2925,69680,0.742669,0,2,237307,234382,2925
8375161,24.0136,0.00105443,2949,69680,0.742402,0,2,237331,234382,2949
8375161,24.0119,0.000922629,2973,69680,0.742162,0,2,237355,234382,2973
8382461,24.0104,209.501,1321,69680,0.741945,0.89,2,237379,236058,1321
8382461,24.0091,183.313,1345,77380,0.751751,0,2,237403,236058,1345
8386841,24.008,172.524,1272,76980,0.760576,0.85,2,237427,236155,1272
8386841,24.007,150.959,1296,77380,0.768518,0,2,237451,236155,1296
8389761,24.0061,141.089,1248,76980,0.775666,0.86,2,237475,236227,1248
8394141,24.0053,126.453,1248,77380,0.7821,0.81,2,237499,236251,1248
8397061,24.0047,116.646,1224,77380,0.78789,0.82,2,237523,236299,1224
8401441,24.0041,105.065,1224,77380,0.793101,0.8,2,237547,236323,1224
8402901,24.0036,97.9321,1200,77380,0.797791,0.78,2,237571,236371,1200
8405821,24.0031,88.6906,1200,77380,0.802012,0.76,2,237595,236395,1200
8410201,24.0027,83.6043,1176,77380,0.80581,0.74,2,237619,236443,1176
8411661,24.0024,76.1538,1176,77380,0.809229,0.72,2,237643,236467,1176
8414581,24.0021,72.6345,1152,77380,0.812306,0.73,2,237667,236515,1152
8418961,24.0018,66.5552,1152,77380,0.815076,0.74,2,237691,236539,1152
8420421,24.0016,61.2358,1152,77380,0.817568,0.75,2,237715,236563,1152
8423341,24.0014,56.5813,1152,77380,0.818811,0.75,2,237739,236587,1152
8424801,24.0012,52.5087,1152,77380,0.81993,0.75,2,237763,236611,1152
8429181,24.0011,48.9451,1152,77380,0.820937,0.75,2,237787,236635,1152
8430641,24.0009,45.827,1152,77380,0.821844,0.74,2,237811,236659,1152
8433561,24.0008,43.0986,1152,77380,0.822659,0.73,2,237835,236683,1152
8435021,24.0007,40.7113,1152,77380,0.823393,0.74,2,237859,236707,1152
8448161,23.8756,38.6224,1151,77380,0.824054,0.73,2,237882,236731,1151
8448161,23.8912,33.7946,1175,77380,0.824648,0,2,237906,236731,1175
8493421,23.9048,35.5702,1151,76940,0.826184,0.74,2,237930,236779,1151
8496341,26.9167,34.124,1175,78840,0.843565,0.74,2,237978,236803,1175
8499261,29.5521,35.8585,1175,80300,0.859209,0.84,2,238026,236851,1175
8502181,31.8581,37.3762,1175,81760,0.873288,0.84,2,238074,236899,1175
8505101,33.8758,38.7041,1175,83220,0.885959,0.83,2,238122,236947,1175
8506161,34.7663,39.8661,1168,83220,0.897363,0.84,2,238163,236995,1168
8506161,33.4206,34.8829,1192,83220,0.907627,0,2,238187,236995,1192
8506161,32.243,30.5225,1216,83220,0.916864,0,2,238211,236995,1216
8506161,31.2126,26.7072,1240,83220,0.925178,0,2,238235,236995,1240
8506161,30.311,23.3688,1264,83220,0.93266,0,2,238259,236995,1264
8506161,29.5222,20.4477,1288,83220,0.939394,0,2,238283,236995,1288
8506161,28.8319,17.8917,1312,83220,0.945455,0,2,238307,236995,1312
8520721,28.6296,22.628,1455,84680,0.943805,0,2,239146,237691,1455
8520721,28.0509,19.7995,1479,84680,0.912424,0,2,239170,237691,1479
8523641,30.5445,47.1996,1288,84680,0.882182,0.84,2,239218,237930,1288
8526561,32.7265,41.2996,1336,84680,0.856964,0.84,2,239266,237930,1336
8529481,34.6356,36.1372,1384,86140,0.838267,0.84,2,239314,237930,1384
8532401,36.3062,31.62,1432,86140,0.823441,0.84,2,239362,237930,1432
8535321,37.7679,27.6675,1480,86140,0.812097,0.84,2,239410,237930,1480
8538241,39.0469,24.2091,1528,86140,0.803887,0.84,2,239458,237930,1528
8541161,40.1661,21.183,1576,86140,0.798498,0.84,2,239506,237930,1576
8544081,41.1453,18.5351,1624,87600,0.797648,0.84,2,239554,237930,1624
8545541,42.0021,16.2182,1672,87600,0.798884,0.84,2,239602,237930,1672
8545541,39.7519,14.1909,1696,87600,0.802995,0,2,239626,237930,1696
8545541,37.7829,12.4171,1720,87600,0.807696,0,2,239650,237930,1720
8545541,36.06,10.8649,1744,86140,0.812926,0.85,2,239674,237930,1744
8545541,34.5525,9.50681,1768,85199,0.816634,0,2,239698,237930,1768
8545541,33.2335,8.31846,1792,84728,0.82097,0,2,239722,237930,1792
8545541,32.0793,7.27865,1816,84257,0.823873,0,2,239746,237930,1816
8545541,31.0694,6.36882,1840,83786,0.827486,0,2,239770,237930,1840
8545541,30.1857,5.57272,1864,83315,0.831737,0,2,239794,237930,1864
8545541,29.4125,4.87613,1888,82844,0.834563,0,2,239818,237930,1888
8545541,28.8609,4.26661,1913,82373,0.837107,0,2,239843,237930,1913
8545541,28.2533,3.73329,1937,81902,0.839396,0,2,239867,237930,1937
8545541,27.7216,3.26662,1961,81431,0.839457,0,2,239891,237930,1961
8545541,27.2564,2.8583,1985,79500,0.839511,0,2,239915,237930,1985
8545541,26.8494,2.50101,2009,79029,0.83956,0,2,239939,237930,2009
8545541,26.4932,2.18838,2033,78558,0.837604,0,2,239963,237930,2033
8545541,26.1816,1.91484,2057,78087,0.835844,0,2,239987,237930,2057
8545541,25.9089,1.67548,2081,76156,0.834259,0,2,240011,237930,2081
8545541,25.6703,1.46605,2105,75685,0.830833,0,2,240035,237930,2105
8545541,25.4615,1.28279,2129,75214,0.82475,0,2,240059,237930,2129
8545541,25.2788,1.12244,2153,74743,0.814275,0,2,240083,237930,2153
8545541,25.1189,0.982136,2177,74272,0.803847,0,2,240107,237930,2177
8545541,24.9791,0.859369,2201,73801,0.795463,0,2,240131,237930,2201
8545541,24.8567,0.751948,2225,73330,0.788916,0,2,240155,237930,2225
8545541,24.7496,0.657955,2249,72859,0.782025,0,2,240179,237930,2249
8545541,24.6559,0.57571,2273,72388,0.776822,0,2,240203,237930,2273
8545541,24.5739,0.503746,2297,71917,0.77314,0,2,240227,237930,2297
8545541,24.5022,0.440778,2321,71446,0.768826,0,2,240251,237930,2321
8545541,24.4394,0.385681,2345,70975,0.764943,0,2,240275,237930,2345
8545541,24.3845,0.337471,2369,70504,0.761449,0,2,240299,237930,2369
8545541,24.3364,0.295287,2393,70033,0.756304,0,2,240323,237930,2393
8545541,24.2944,0.258376,2417,69562,0.751674,0,2,240347,237930,2417
8545541,24.2576,0.226079,2441,69091,0.747506,0,2,240371,237930,2441
8545541,24.2254,0.197819,2465,68620,0.743756,0,2,240395,237930,2465
8545541,24.1972,0.173092,2489,68150,0.73838,0,2,240419,237930,2489
8545541,24.1726,0.151455,2513,66219,0.733542,0,2,240443,237930,2513
8545541,24.151,0.132523,2537,65748,0.729188,0,2,240467,237930,2537
8545541,24.1321,0.115958,2561,65277,0.723269,0,2,240491,237930,2561
8545541,24.1156,0.101463,2585,64806,0.717942,0,2,240515,237930,2585
8545541,24.1011,0.0887803,2609,64335,0.713148,0,2,240539,237930,2609
8545541,24.0885,0.0776828,2633,63864,0.706833,0,2,240563,237930,2633
8674021,33.9172,68.486,1031,67160,0.703836,0.63,2,241690,240659,1031
8675681,33.1775,65.9253,1011,67160,0.724452,0.62,2,241718,240707,1011
8675681,32.0303,57.6846,1035,68620,0.747007,0,2,241742,240707,1035
8675681,31.0265,50.474,1059,68620,0.765306,0,2,241766,240707,1059
8675681,30.1482,44.1648,1083,68620,0.779776,0,2,241790,240707,1083
8675681,29.3797,38.6442,1107,68620,0.790798,0,2,241814,240707,1107
8675681,28.7072,33.8137,1131,68620,0.798718,0,2,241838,240707,1131
8675681,28.1188,29.587,1155,68620,0.803847,0,2,241862,240707,1155
8675681,27.604,25.8886,1179,68620,0.806462,0,2,241886,240707,1179
8675681,27.1535,22.6525,1203,68620,0.806816,0,2,241910,240707,1203
8675681,26.7593,19.821,1227,68620,0.805134,0,2,241934,240707,1227
8675681,26.4144,17.3433,1251,68620,0.801621,0,2,241958,240707,1251
8675681,26.1126,15.1754,1275,68620,0.796459,0,2,241982,240707,1275
8678601,28.8485,52.2785,1011,68620,0.787813,0.62,2,242030,241019,1011
8681521,31.2424,51.7437,1011,68620,0.780032,0.62,2,242078,241067,1011
8684441,33.3371,51.2757,1011,68620,0.773028,0.62,2,242126,241115,1011
8687361,35.17,50.8663,1011,68620,0.766726,0.62,2,242174,241163,1011
8690281,36.7737,50.383,1012,68620,0.761053,0.62,2,242222,241210,1012
8693201,38.177,50.0851,1012,68620,0.755948,0.62,2,242270,241258,1012
8696121,39.4049,49.8245,1012,70080,0.753353,0.62,2,242318,241306,1012
8699041,40.4793,49.5964,1012,70080,0.751018,0.62,2,242366,241354,1012
8701961,41.4194,49.3969,1012,70080,0.748916,0.62,2,242414,241402,1012
8704881,42.242,49.2222,1012,70080,0.747024,0.61,2,242462,241450,1012
8707801,42.9617,49.0695,1012,70080,0.745322,0.61,2,242510,241498,1012
8710721,43.5915,42.9358,1060,70080,0.74379,0.61,2,242558,241498,1060
8713641,44.1426,37.5688,1108,70080,0.742411,0.61,2,242606,241498,1108
8716561,44.6247,32.8727,1156,70080,0.74117,0.61,2,242654,241498,1156
8719481,45.0466,28.7636,1204,71540,0.742053,0.61,2,242702,241498,1204
8722401,45.4158,25.1682,1252,71540,0.742847,0.61,2,242750,241498,1252
8725321,45.7388,22.0221,1300,71540,0.743563,0.83,2,242798,241498,1300
8728241,46.0215,25.2694,1300,71540,0.744206,0.85,2,242846,241546,1300
8731161,46.2688,28.1107,1300,71540,0.744786,0.85,2,242894,241594,1300
8734081,46.4852,24.5969,1348,71540,0.745307,0.87,2,242942,241594,1348
8737001,46.6745,27.5223,1348,71540,0.745776,0.89,2,242990,241642,1348
8739921,46.8402,30.082,1348,71540,0.746199,0.91,2,243038,241690,1348
8742841,46.9852,29.8217,1368,71540,0.746579,0.91,2,243086,241718,1368
8745761,47.1121,26.094,1416,71540,0.746921,0.71,2,243134,241718,1416
8748681,47.223,61.8323,1152,71540,0.747229,0.71,2,243182,242030,1152
8751601,47.3202,60.1032,1152,71540,0.747506,0.71,2,243230,242078,1152
8754521,47.4051,58.5903,1152,73000,0.749755,0.71,2,243278,242126,1152
8757441,47.4795,57.2665,1152,73000,0.75178,0.71,2,243326,242174,1152
8760361,47.5446,56.1082,1152,73000,0.753602,0.71,2,243374,242222,1152
8763281,47.6015,55.0947,1152,73000,0.755242,0.73,2,243422,242270,1152
8766201,47.6513,54.2079,1152,73000,0.756718,0.73,2,243470,242318,1152
8769121,47.6949,53.4319,1152,73000,0.758046,0.73,2,243518,242366,1152
8772041,47.733,52.7529,1152,73000,0.759241,0.73,2,243566,242414,1152
8774961,47.7664,52.1588,1152,73000,0.760317,0.73,2,243614,242462,1152
8777881,47.7956,51.6389,1152,73000,0.761285,0.73,2,243662,242510,1152
8780801,47.8212,51.1841,1152,73000,0.762157,0.73,2,243710,242558,1152
8783721,47.8435,50.7861,1152,73000,0.762941,0.73,2,243758,242606,1152
8786641,47.8631,50.4378,1152,73000,0.763647,0.73,2,243806,242654,1152
8789561,47.8802,44.1331,1200,73000,0.764282,0.75,2,243854,242654,1200
8792481,47.8952,44.6164,1200,73000,0.764854,0.75,2,243902,242702,1200
8795401,47.9083,45.0394,1200,73000,0.765369,0.75,2,243950,242750,1200
8798321,47.9197,45.4095,1200,73000,0.765832,0.75,2,243998,242798,1200
8801241,47.9298,45.7333,1200,73000,0.766249,0.75,2,244046,242846,1200
8804161,47.9385,46.0166,1200,73000,0.766624,0.75,2,244094,242894,1200
8807081,47.9462,46.2645,1200,73000,0.766961,0.75,2,244142,242942,1200
8810001,47.9529,46.4815,1200,73000,0.767265,0.75,2,244190,242990,1200
8812921,47.9588,46.6713,1200,73000,0.767539,0.75,2,244238,243038,1200
8815841,47.964,46.8374,1200,73000,0.767785,0.75,2,244286,243086,1200
8818761,47.9685,46.9827,1200,73000,0.768006,0.75,2,244334,243134,1200
8821681,47.9724,47.1099,1200,73000,0.768206,0.75,2,244382,243182,1200
8824601,47.9759,47.2211,1200,73000,0.768385,0.77,2,244430,243230,1200
8827521,47.9789,47.3185,1200,74460,0.770547,0.77,2,244478,243278,1200
8830441,47.9815,47.4037,1200,74460,0.772492,0.77,2,244526,243326,1200
8833361,47.9838,47.4782,1200,74460,0.774243,0.77,2,244574,243374,1200
8836281,47.9859,47.5434,1200,74460,0.775818,0.77,2,244622,243422,1200
8839201,47.9876,47.6005,1200,74460,0.777237,0.77,2,244670,243470,1200
8842121,47.9892,47.6504,1200,74460,0.778513,0.77,2,244718,243518,1200
8845041,47.9905,47.6941,1200,74460,0.779662,0.77,2,244766,243566,1200
8847961,47.9917,47.7324,1200,74460,0.780695,0.77,2,244814,243614,1200
8850881,47.9927,47.7658,1200,74460,0.781626,0.77,2,244862,243662,1200
8853801,47.9937,47.7951,1200,74460,0.782463,0.77,2,244910,243710,1200
8856721,47.9944,47.8207,1200,74460,0.783217,0.77,2,244958,243758,1200
8859641,47.9951,47.8431,1200,74460,0.783895,0.77,2,245006,243806,1200
8862561,47.9957,47.8627,1200,74460,0.784506,0.77,2,245054,243854,1200
8865481,47.9963,47.8799,1200,74460,0.785055,0.77,2,245102,243902,1200
8868401,47.9967,47.8949,1200,74460,0.78555,0.77,2,245150,243950,1200
8871321,47.9972,47.908,1200,74460,0.785995,0.77,2,245198,243998,1200
8874241,47.9975,47.9195,1200,74460,0.786395,0.77,2,245246,244046,1200
8877161,47.9978,47.9296,1200,74460,0.786756,0.77,2,245294,244094,1200
8880081,47.9981,47.9384,1200,74460,0.78708,0.77,2,245342,244142,1200
8883001,47.9983,47.9461,1200,75920,0.789372,0.77,2,245390,244190,1200
8885921,47.9985,47.9528,1200,75920,0.791435,0.77,2,245438,244238,1200
8888841,47.9987,47.9587,1200,75920,0.793291,0.77,2,245486,244286,1200
8891761,47.9989,47.9639,1200,75920,0.794962,0.77,2,245534,244334,1200
8894681,47.999,47.9684,1200,75920,0.796466,0.77,2,245582,244382,1200
8897601,47.9991,47.9724,1200,75920,0.797819,0.77,2,245630,244430,1200
8900521,47.9993,41.9758,1248,77380,0.801038,0.79,2,245678,244430,1248
8903441,47.9993,42.7288,1248,77380,0.803934,0.79,2,245726,244478,1248
8906361,47.9994,43.3877,1248,77380,0.80654,0.79,2,245774,244526,1248
8909281,47.9995,43.9643,1248,77380,0.808886,0.79,2,245822,244574,1248
8912201,47.9996,44.4687,1248,77380,0.810998,0.79,2,245870,244622,1248
8915121,47.9996,44.9101,1248,77380,0.812898,0.79,2,245918,244670,1248
8918041,47.9997,45.2964,1248,77380,0.814608,0.79,2,245966,244718,1248
8920961,47.9997,45.6343,1248,77380,0.816147,0.79,2,246014,244766,1248
8923881,47.9997,45.93,1248,77380,0.817533,0.79,2,246062,244814,1248
8926801,47.9998,46.1888,1248,78840,0.820779,0.79,2,246110,244862,1248
8929721,47.9998,46.4152,1248,78840,0.823701,0.79,2,246158,244910,1248
8932641,47.9998,46.6133,1248,78840,0.826331,0.79,2,246206,244958,1248
8935561,47.9998,46.7866,1248,78840,0.828698,0.79,2,246254,245006,1248
8938481,47.9999,46.9383,1248,78840,0.830828,0.79,2,246302,245054,1248
8941401,47.9999,47.071,1248,78840,0.832745,0.79,2,246350,245102,1248
8944321,47.9999,47.1871,1248,80300,0.836471,0.79,2,246398,245150,1248
8947241,47.9999,47.2887,1248,80300,0.839824,0.79,2,246446,245198,1248
8950161,47.9999,47.3776,1248,80300,0.842842,0.79,2,246494,245246,1248
8953081,47.9999,47.4554,1248,80300,0.845557,0.79,2,246542,245294,1248
8956001,47.9999,47.5235,1248,81760,0.850002,0.81,2,246590,245342,1248
8958921,47.9999,47.5831,1248,81760,0.854001,0.81,2,246638,245390,1248
8961841,48,47.6352,1248,81760,0.857601,0.81,2,246686,245438,1248
8964761,48,47.6808,1248,81760,0.860841,0.81,2,246734,245486,1248
8967681,48,47.7207,1248,83220,0.865757,0.81,2,246782,245534,1248
8970601,48,47.7556,1248,83220,0.870181,0.81,2,246830,245582,1248
8973521,48,47.7862,1248,83220,0.874163,0.81,2,246878,245630,1248
8976441,48,41.8129,1296,84680,0.879747,0.83,2,246926,245630,1296
8979361,48,42.5863,1296,84680,0.884772,0.83,2,246974,245678,1296
8982281,48,43.263,1296,84680,0.889295,0.83,2,247022,245726,1296
8985201,48,43.8551,1296,84680,0.893366,0.83,2,247070,245774,1296
8988121,48,44.3732,1296,86140,0.899029,0.83,2,247118,245822,1296
8991041,48,44.8266,1296,86140,0.904126,0.83,2,247166,245870,1296
8993961,48,45.2233,1296,87600,0.910713,0.83,2,247214,245918,1296
8996881,48,45.5703,1296,87600,0.916642,0.83,2,247262,245966,1296
8999801,48,45.8741,1296,87600,0.921978,0.83,2,247310,246014,1296
9002721,48,46.1398,1296,89060,0.92878,0.85,2,247358,246062,1296
9005641,48,46.3723,1296,89060,0.934902,0.85,2,247406,246110,1296
9008561,48,46.5758,1296,90520,0.941412,0.85,2,247454,246158,1296
9011481,48,46.7538,1296,90520,0.947271,0.85,2,247502,246206,1296
9100541,29.5737,9.70927,1753,109707,0.944998,0,2,249255,247502,1753
9100541,28.877,8.49561,1777,109243,0.932498,0,2,249279,247502,1777
9100541,28.2673,7.43366,1801,107319,0.920248,0,2,249303,247502,1801
9100541,27.7339,6.50445,1825,103935,0.910223,0,2,249327,247502,1825
9100541,27.2672,5.6914,1849,103472,0.897201,0,2,249351,247502,1849
9100541,26.8588,4.97997,1873,101548,0.883481,0,2,249375,247502,1873
9100541,26.5014,4.35747,1897,98164,0.870133,0,2,249399,247502,1897
9100541,26.1888,3.81279,1921,97700,0.85712,0,2,249423,247502,1921
9100541,25.9152,3.33619,1945,95776,0.843408,0,2,249447,247502,1945
9100541,25.6758,2.91917,1969,92393,0.829067,0,2,249471,247502,1969
9100541,25.4663,2.55427,1993,89009,0.81516,0,2,249495,247502,1993
9100541,25.283,2.23499,2017,84680,0.803644,0,2,249519,247502,2017
9100541,25.1226,1.95561,2041,84680,0.79428,0,2,249543,247502,2041
9100541,24.9823,1.71116,2065,81760,0.784852,0,2,249567,247502,2065
9100541,24.8595,1.49727,2089,78840,0.777367,0,2,249591,247502,2089
9100541,24.7521,1.31011,2113,75920,0.76863,0,2,249615,247502,2113
9100541,24.6581,1.14635,2137,75920,0.761767,0,2,249639,247502,2137
9100541,24.5758,1.00305,2161,75920,0.75359,0,2,249663,247502,2161
9100541,24.5038,0.877671,2185,75920,0.747231,0,2,249687,247502,2185
9100541,24.4409,0.767962,2209,75920,0.742508,0,2,249711,247502,2209
9100541,24.3857,0.671966,2233,75920,0.739257,0,2,249735,247502,2233
9100541,24.3375,0.587971,2257,74460,0.734332,0,2,249759,247502,2257
9100541,24.2953,0.514474,2281,73000,0.730898,0,2,249783,247502,2281
9100541,24.2584,0.450165,2305,71540,0.725809,0,2,249807,247502,2305
9100541,24.2261,0.393894,2329,71540,0.719228,0,2,249831,247502,2329
9100541,24.1979,0.344658,2353,71540,0.714305,0,2,249855,247502,2353
9100541,24.1731,0.301575,2377,68620,0.710874,0,2,249879,247502,2377
9100541,24.1515,0.263878,2401,68620,0.708787,0,2,249903,247502,2401
9100541,24.1325,0.230894,2425,68620,0.704908,0,2,249927,247502,2425
9100541,24.116,0.202032,2449,68620,0.702417,0,2,249951,247502,2449
9147261,24.0028,58.4432,1080,77380,0.593571,0.7,1,250623,249543,1080
9148721,24.0024,54.1378,1080,77380,0.579213,0.71,1,250647,249567,1080
9151641,24.0021,50.3706,1080,77380,0.564292,0.69,1,250671,249591,1080
9153101,24.0018,47.0742,1080,77380,0.548863,0.7,1,250695,249615,1080
9157481,24.0016,44.19,1080,77380,0.532977,0.68,1,250719,249639,1080
9158941,24.0014,41.6662,1080,77380,0.516679,0.69,1,250743,249663,1080
9161861,24.0012,39.4579,1080,77380,0.500011,0.7,1,250767,249687,1080
9163321,24.0011,37.5257,1080,77380,0.48301,0.71,1,250791,249711,1080
9166241,24.0009,35.835,1080,77380,0.465709,0.69,1,250815,249735,1080
9167701,24.0008,34.3556,1080,77380,0.448138,0.7,1,250839,249759,1080
9177921,24.0007,33.0612,1080,77380,0.431324,0.68,1,250863,249783,1080
9180841,24.0006,31.9285,1080,77380,0.414192,0.66,1,250887,249807,1080
9183761,24.0006,30.9374,1080,77380,0.396773,0.67,1,250911,249831,1080
9189601,24.0005,30.0703,1080,77380,0.379095,0.68,1,250935,249855,1080
9191061,24.0004,29.3115,1080,77380,0.361186,0.69,1,250959,249879,1080
9217341,24.0004,28.6475,1080,77380,0.343067,0.68,1,250983,249903,1080
9217341,24.0003,25.0666,1104,67160,0.324761,0,1,251007,249903,1104
9217341,24.0003,21.9333,1128,15720,0.306284,0,1,251031,249903,1128
9217341,24.0002,19.1916,1152,14260,0.287656,0,1,251055,249903,1152
9217341,22.1252,16.7927,1161,12800,0.26889,0,1,251064,249903,1161
9217341,22.3596,14.6936,1185,11340,0.250001,0,1,251088,249903,1185
9217341,22.5646,12.8569,1209,11340,0.231001,0,1,251112,249903,1209
9217341,22.744,11.2498,1233,11340,0.211901,0,1,251136,249903,1233
9217341,22.901,9.84355,1257,11340,0.192711,0,1,251160,249903,1257
9217341,23.0384,8.61311,1281,11340,0.17344,0,1,251184,249903,1281
9217341,23.1586,7.53647,1305,11340,0.156096,0,1,251208,249903,1305
9217341,23.2638,6.59441,1329,11340,0.140486,0,1,251232,249903,1329
9220261,23.2308,41.7701,1064,11340,0.126438,0.68,1,251255,250191,1064
9231041,23.327,39.5488,1064,67160,0.113794,0,1,251279,250215,1064
9231041,23.4111,34.6052,1088,86140,0.102415,0,1,251303,250215,1088
9231041,23.4847,30.2796,1112,86140,0.0921731,0,1,251327,250215,1112
9231041,23.5491,26.4946,1136,86140,0.0829558,0,1,251351,250215,1136
9231041,23.6055,23.1828,1160,86140,0.0746602,0,1,251375,250215,1160
9231041,23.6548,20.285,1184,86140,0.0671942,0,1,251399,250215,1184
9231041,21.8229,17.7493,1193,86140,0.0604748,0,1,251408,250215,1193
9233961,64.3451,176.156,270,86140,0.149427,0,1,251770,251500,270
9236881,62.3019,154.136,318,87600,0.231485,0,1,251818,251500,318
9239801,60.5142,134.869,366,89060,0.307336,0,1,251866,251500,366
9242721,58.9499,118.011,414,90520,0.376602,0,1,251914,251500,414
9245641,57.5812,103.259,462,90520,0.438942,0,1,251962,251500,462
9248561,56.3835,90.3518,510,91980,0.495048,0,1,252010,251500,510
9251481,55.3356,79.0578,558,91980,0.545543,0,1,252058,251500,558
9254401,54.4186,69.1756,606,93440,0.590989,0,1,252106,251500,606
9263161,52.3,46.3423,750,94900,0.701831,0,2,252250,251500,750
9266081,51.7625,40.5495,798,96360,0.731648,0,2,252298,251500,798
9269001,51.2922,35.4808,846,96360,0.758483,0,2,252346,251500,846
9271921,50.8807,31.0457,894,96360,0.782635,0,2,252394,251500,894
9274841,50.5206,27.165,942,97820,0.804371,0,2,252442,251500,942
9277761,50.2055,23.7694,990,97820,0.823934,0,2,252490,251500,990
9280681,49.9298,20.7982,1038,99280,0.841541,0,2,252538,251500,1038
9283601,49.6886,18.1984,1086,99280,0.857387,0,2,252586,251500,1086
9286521,49.4775,15.9236,1134,100740,0.871648,0,2,252634,251500,1134
9289441,49.2928,13.9332,1182,100740,0.883483,0,2,252682,251500,1182
9292361,49.1312,12.1915,1230,100740,0.886135,0,2,252730,251500,1230
9295281,48.9898,10.6676,1278,102200,0.892521,0,2,252778,251500,1278
9298201,48.8661,9.33413,1326,102200,0.900269,0,2,252826,251500,1326
9301121,48.7578,8.16736,1374,102200,0.909242,0,2,252874,251500,1374
9304041,48.6631,7.14644,1422,103660,0.918318,0,2,252922,251500,1422
9306961,48.5802,6.25314,1470,103660,0.926486,0,2,252970,251500,1470
9309881,48.5077,5.47149,1518,105120,0.933838,0,2,253018,251500,1518
9312801,48.4442,4.78756,1566,105120,0.940454,0,2,253066,251500,1566
9315721,48.3887,4.18911,1614,105120,0.946408,0,2,253114,251500,1614
9318641,48.3401,3.66547,1662,105120,0.949768,0.95,2,253162,251500,1662
9333241,32.4023,12.6906,1681,104179,0.945649,0,2,253595,251914,1681
9333241,31.352,11.1043,1705,102239,0.941084,0,2,253619,251914,1705
9333241,30.433,9.71623,1729,100299,0.932976,0,2,253643,251914,1729
9333241,29.6289,8.5017,1753,99818,0.924678,0,2,253667,251914,1753
9333241,28.9252,7.43899,1777,97878,0.91821,0,2,253691,251914,1777
9333241,28.3096,6.50911,1801,95938,0.909389,0,2,253715,251914,1801
9333241,27.7709,5.69547,1825,95458,0.90245,0,2,253739,251914,1825
9333241,27.2995,4.98354,1849,93517,0.896205,0,2,253763,251914,1849
9333241,26.8871,4.3606,1873,93037,0.888585,0,2,253787,251914,1873
9333241,26.5262,3.81552,1897,89637,0.881726,0,2,253811,251914,1897
9333241,26.2104,3.33858,1921,87697,0.875554,0,2,253835,251914,1921
9333241,25.9341,2.92126,1945,87216,0.867998,0,2,253859,251914,1945
9333241,25.6924,2.5561,1969,83816,0.861198,0,2,253883,251914,1969
9333241,25.4808,2.23659,1993,81876,0.855079,0,2,253907,251914,1993
9333241,25.2957,1.95702,2017,81395,0.843571,0,2,253931,251914,2017
9333241,25.1337,1.71239,2041,77995,0.831214,0,2,253955,251914,2041
9333241,24.992,1.49834,2065,74460,0.819092,0,2,253979,251914,2065
9333241,24.868,1.31105,2089,74460,0.809183,0,2,254003,251914,2089
9333241,24.7595,1.14717,2113,74460,0.799265,0,2,254027,251914,2113
9333241,24.6646,1.00377,2137,74460,0.791338,0,2,254051,251914,2137
9333241,24.5815,0.878299,2161,74460,0.785204,0,2,254075,251914,2161
9333241,24.5088,0.768512,2185,74460,0.780684,0,2,254099,251914,2185
9333241,24.4452,0.672448,2209,74460,0.777616,0,2,254123,251914,2209
9333241,24.3896,0.588392,2233,74460,0.773854,0,2,254147,251914,2233
9333241,24.3409,0.514843,2257,74460,0.771469,0,2,254171,251914,2257
9333241,24.2983,0.450488,2281,74460,0.767322,0,2,254195,251914,2281
9333241,24.261,0.394177,2305,74460,0.76459,0,2,254219,251914,2305
9333241,24.2284,0.344905,2329,74460,0.761131,0,2,254243,251914,2329
9333241,24.1998,0.301792,2353,74460,0.759018,0,2,254267,251914,2353
9333241,24.1748,0.264068,2377,74460,0.758116,0,2,254291,251914,2377
9333241,24.153,0.231059,2401,74460,0.757304,0,2,254315,251914,2401
9333241,24.1339,0.202177,2425,73000,0.756574,0,2,254339,251914,2425
9333241,24.1171,0.176905,2449,73000,0.755916,0,2,254363,251914,2449
9333241,24.1025,0.154792,2473,73000,0.753325,0,2,254387,251914,2473
9333241,24.0897,0.135443,2497,72360,0.751992,0,2,254411,251914,2497
9333241,24.0785,0.118512,2521,72360,0.749793,0,2,254435,251914,2521
9333241,24.0687,0.103698,2545,69440,0.748814,0,2,254459,251914,2545
9333241,24.0601,0.090736,2569,69440,0.747932,0,2,254483,251914,2569
9333241,24.0526,0.079394,2593,69440,0.747139,0,2,254507,251914,2593
9333241,24.046,0.0694697,2617,69440,0.746425,0,2,254531,251914,2617
9333241,24.0402,0.060786,2641,69440,0.745783,0,2,254555,251914,2641
9333241,24.0352,0.0531878,2665,69440,0.745204,0,2,254579,251914,2665
9333241,24.0308,0.0465393,2689,69440,0.744684,0,2,254603,251914,2689
9333241,24.027,0.0407219,2713,69440,0.744216,0,2,254627,251914,2713
9333241,24.0236,0.0356316,2737,69440,0.743794,0,2,254651,251914,2737
9333241,24.0206,0.0311777,2761,69440,0.743415,0,2,254675,251914,2761
9333241,24.0181,0.0272805,2785,69440,0.743073,0,2,254699,251914,2785
9333241,24.0158,0.0238704,2809,69440,0.742766,0,2,254723,251914,2809
9333241,24.0138,0.0208866,2833,69440,0.742489,0,2,254747,251914,2833
9333241,24.0121,0.0182758,2857,69440,0.74224,0,2,254771,251914,2857
9342001,24.0106,195.016,1321,69440,0.742016,0.89,2,254795,253474,1321
9342001,24.0093,170.639,1345,74460,0.747815,0,2,254819,253474,1345
9342001,24.0081,149.309,1369,73820,0.753033,0,2,254843,253474,1369
9344921,24.0071,145.77,1272,73820,0.75773,0.86,2,254867,253595,1272
9349301,24.0062,133.549,1248,74460,0.761957,0.85,2,254891,253643,1248
9352221,24.0054,119.856,1248,74460,0.765761,0.83,2,254915,253667,1248
9356601,24.0048,110.874,1224,74460,0.769185,0.84,2,254939,253715,1224
9360981,24.0042,100.014,1224,74460,0.772267,0.82,2,254963,253739,1224
9362441,24.0036,93.5126,1200,74460,0.77504,0.82,2,254987,253787,1200
9365361,24.0032,84.8235,1200,74460,0.777536,0.8,2,255011,253811,1200
9369741,24.0028,80.2206,1176,74460,0.779782,0.8,2,255035,253859,1176
9371201,24.0024,73.193,1176,74460,0.781804,0.74,2,255059,253883,1176
9374121,24.0021,70.0439,1152,74460,0.783624,0.72,2,255083,253931,1152
9378501,24.0019,64.2884,1152,74460,0.785261,0.71,2,255107,253955,1152
9379961,24.0016,59.2523,1152,74460,0.786735,0.72,2,255131,253979,1152
9382881,24.0014,54.8458,1152,74460,0.788062,0.71,2,255155,254003,1152
9384341,24.0013,50.9901,1152,74460,0.789255,0.72,2,255179,254027,1152
9407701,24.0011,47.6163,1152,74460,0.79033,0.75,2,255203,254051,1152
9407701,24.001,41.6643,1176,74460,0.791297,0,2,255227,254051,1176
9407701,24.0008,36.4562,1200,73820,0.792167,0,2,255251,254051,1200
9407701,24.0007,31.8992,1224,73820,0.792951,0,2,255275,254051,1224
9407701,24.0006,27.9118,1248,73820,0.794655,0,2,255299,254051,1248
9407701,24.0006,24.4228,1272,73820,0.79619,0,2,255323,254051,1272
9407701,24.0005,21.37,1296,73820,0.797571,0,2,255347,254051,1296
9407701,24.0004,18.6987,1320,73820,0.798814,0,2,255371,254051,1320
9407701,24.0004,16.3614,1344,73820,0.799932,0,2,255395,254051,1344
9407701,24.0003,14.3162,1368,73820,0.800939,0,2,255419,254051,1368
9407701,24.0003,12.5267,1392,73820,0.801845,0,2,255443,254051,1392
9416461,23.8753,43.9609,1151,73820,0.802661,0.73,2,255466,254315,1151
9416461,23.8908,38.4657,1175,74460,0.803395,0,2,255490,254315,1175
9416461,22.5295,33.6575,1188,73820,0.804055,0,2,255503,254315,1188
9417921,22.7133,38.4503,1140,73820,0.80265,0.74,2,255527,254387,1140
9464001,22.8741,36.644,1140,74460,0.803385,0.8,2,255551,254411,1140
9464001,23.0149,32.0635,1164,75920,0.823046,0,2,255575,254411,1164
9464001,23.138,28.0556,1188,75920,0.840742,0,2,255599,254411,1188
9464001,23.2458,24.5486,1212,75920,0.856667,0,2,255623,254411,1212
9464001,23.34,21.4801,1236,75920,0.871001,0,2,255647,254411,1236
9464001,23.4225,18.7951,1260,75920,0.883901,0,2,255671,254411,1260
9464001,23.4947,16.4457,1284,75920,0.895511,0,2,255695,254411,1284
9464001,23.5579,14.39,1308,75920,0.90596,0,2,255719,254411,1308
9464001,23.6131,12.5912,1332,75920,0.915364,0,2,255743,254411,1332
9464001,23.6615,11.0173,1356,75920,0.923827,0,2,255767,254411,1356
9464001,23.7038,9.64015,1380,75920,0.931444,0,2,255791,254411,1380
9464001,23.7408,8.43513,1404,75920,0.9383,0,2,255815,254411,1404
9464001,23.7732,7.38074,1428,75920,0.94347,0,2,255839,254411,1428
9464001,23.8016,6.45815,1452,75920,0.946123,0,2,255863,254411,1452
9464001,23.8264,5.65088,1476,75920,0.946511,0,2,255887,254411,1476
9464001,23.8481,4.94452,1500,75920,0.94486,0,2,255911,254411,1500
9464001,23.8671,4.32646,1524,75920,0.941374,0,2,255935,254411,1524
9464001,23.8837,3.78565,1548,75920,0.936236,0,2,255959,254411,1548
9464001,23.8982,3.31244,1572,75920,0.929613,0,2,255983,254411,1572
9464001,23.9109,2.89839,1596,75920,0.921651,0,2,256007,254411,1596
9466921,26.9221,53.5361,1236,75920,0.910486,0.8,2,256055,254819,1236
9469841,29.5568,52.8441,1236,77380,0.902438,0.8,2,256103,254867,1236
9472761,31.8622,52.2386,1236,78840,0.897194,0.8,2,256151,254915,1236
9475681,33.8794,51.7087,1236,80300,0.894475,0.8,2,256199,254963,1236
9478601,35.6445,51.2452,1236,81760,0.894027,0.8,2,256247,255011,1236
9481521,37.1889,50.8395,1236,81760,0.893624,0.8,2,256295,255059,1236
9484441,38.5403,50.4846,1236,83220,0.895262,0.8,2,256343,255107,1236
9487361,39.7228,50.174,1236,83220,0.896736,0.8,2,256391,255155,1236
9490281,40.7574,49.9022,1236,83220,0.898062,0.8,2,256439,255203,1236
9493201,41.6628,49.6645,1236,83220,0.899256,0.81,2,256487,255251,1236
9496121,42.4549,49.4564,1236,83220,0.90033,0.81,2,256535,255299,1236
9499041,43.148,49.2744,1236,83220,0.901297,0.81,2,256583,255347,1236
9501961,43.7545,49.1151,1236,84680,0.904168,0.81,2,256631,255395,1236
9504881,44.2852,48.9757,1236,84680,0.906751,0.81,2,256679,255443,1236
9507801,44.7496,48.7287,1237,84680,0.909076,0.79,2,256727,255490,1237
9510721,45.1559,47.2626,1248,84680,0.900168,0.81,2,256775,255527,1248
9513641,45.5114,44.3548,1272,84680,0.894151,0.81,2,256823,255551,1272
9516561,45.8225,38.8105,1320,84680,0.890736,0.81,2,256871,255551,1320
9519481,46.0947,33.9591,1368,84680,0.889663,0.81,2,256919,255551,1368
9522401,46.3328,29.7143,1416,86140,0.892696,0.81,2,256967,255551,1416
9525321,46.5412,26,1464,86140,0.897427,0.81,2,257015,255551,1464
9528241,46.7236,22.75,1512,86140,0.902684,0.81,2,257063,255551,1512
9531161,46.8831,19.9062,1560,86140,0.907416,0.81,2,257111,255551,1560
9534081,47.0227,17.4179,1608,86140,0.911674,0.81,2,257159,255551,1608
9537001,47.1449,15.2407,1656,86140,0.915507,0.81,2,257207,255551,1656
9539921,47.2518,13.3356,1704,86140,0.918956,0.81,2,257255,255551,1704
9542841,47.3453,74.6687,1248,86140,0.92206,0.81,2,257303,256055,1248
9545761,47.4271,65.3351,1296,86140,0.924854,0.83,2,257351,256055,1296
9548681,47.4988,63.1682,1296,87600,0.929369,0.85,2,257399,256103,1296
9551601,47.5614,61.2722,1296,87600,0.933432,0.85,2,257447,256151,1296
9554521,47.6162,53.6132,1344,87600,0.937089,0.87,2,257495,256151,1344
9557441,47.6642,52.9115,1344,87600,0.94038,0.89,2,257543,256199,1344
9560361,47.7062,52.2976,1344,87600,0.943342,0.89,2,257591,256247,1344
9563281,47.7429,51.7604,1344,87600,0.945008,0.89,2,257639,256295,1344
9566201,47.775,45.2903,1392,87600,0.942507,0.91,2,257687,256295,1392
9569121,47.8032,45.629,1392,87600,0.936256,0.91,2,257735,256343,1392
9572041,47.8278,45.9254,1392,87600,0.926631,0.91,2,257783,256391,1392
9574961,47.8493,46.1847,1392,87600,0.913968,0.91,2,257831,256439,1392
9577881,47.8681,46.4116,1392,87600,0.898571,0.91,2,257879,256487,1392
9580801,47.8846,46.6102,1392,87600,0.880714,0.91,2,257927,256535,1392
9583721,47.899,46.7839,1392,87600,0.888642,0.93,2,257975,256583,1392
9586641,47.9117,46.9359,1392,87600,0.895778,0.93,2,258023,256631,1392
9589561,47.9227,47.0689,1392,87600,0.9022,0.93,2,258071,256679,1392
9592481,47.9324,47.1853,1392,89060,0.90998,0.82,2,258119,256727,1392
9595401,47.9408,47.2872,1392,89060,0.916982,0.84,2,258167,256775,1392
9598321,47.9482,47.3763,1392,89060,0.923284,0.86,2,258215,256823,1392
9601241,47.9547,47.4542,1392,89060,0.928956,0.88,2,258263,256871,1392
9604161,47.9604,47.5224,1392,89060,0.93406,0.88,2,258311,256919,1392
9607081,47.9653,41.5821,1440,89060,0.938654,0.92,2,258359,256919,1440
9610001,47.9696,42.3844,1440,89060,0.942789,0.94,2,258407,256967,1440
9612921,47.9734,43.0863,1440,89060,0.94651,0.95,2,258455,257015,1440
9615841,47.9768,43.7005,1440,89060,0.949859,0.95,2,258503,257063,1440
9756541,26.2325,4.24152,1921,85883,0.944765,0,2,261273,259352,1921
9756541,25.9535,3.71133,1945,85410,0.938288,0,2,261297,259352,1945
9756541,25.7093,3.24742,1969,84938,0.93146,0,2,261321,259352,1969
9756541,25.4956,2.84149,1993,83006,0.924314,0,2,261345,259352,1993
9756541,25.3087,2.4863,2017,82533,0.916882,0,2,261369,259352,2017
9756541,25.1451,2.17551,2041,82061,0.911194,0,2,261393,259352,2041
9756541,25.002,1.90358,2065,81589,0.903075,0,2,261417,259352,2065
9756541,24.8767,1.66563,2089,81116,0.897767,0,2,261441,259352,2089
9756541,24.7671,1.45742,2113,80644,0.88999,0,2,261465,259352,2113
9756541,24.6712,1.27525,2137,80172,0.883991,0,2,261489,259352,2137
9756541,24.5873,1.11584,2161,79699,0.877592,0,2,261513,259352,2161
9756541,24.5139,0.976361,2185,79227,0.870833,0,2,261537,259352,2185
9756541,24.4497,0.854316,2209,78755,0.86375,0,2,261561,259352,2209
9756541,24.3935,0.747526,2233,78282,0.858375,0,2,261585,259352,2233
9756541,24.3443,0.654085,2257,77810,0.851537,0,2,261609,259352,2257
9756541,24.3012,0.572325,2281,77338,0.844384,0,2,261633,259352,2281
9756541,24.2636,0.500784,2305,76865,0.838945,0,2,261657,259352,2305
9756541,24.2306,0.438186,2329,74933,0.835051,0,2,261681,259352,2329
9756541,24.2018,0.383413,2353,74460,0.828546,0,2,261705,259352,2353
9756541,24.1766,0.335486,2377,73988,0.823691,0,2,261729,259352,2377
9756541,24.1545,0.29355,2401,73516,0.818322,0,2,261753,259352,2401
9756541,24.1352,0.256857,2425,73043,0.81249,0,2,261777,259352,2425
9756541,24.1183,0.22475,2449,71111,0.806241,0,2,261801,259352,2449
9756541,24.1035,0.196656,2473,70639,0.801617,0,2,261825,259352,2473
9756541,24.0906,0.172074,2497,70166,0.793455,0,2,261849,259352,2497
9756541,24.0792,0.150565,2521,69694,0.78511,0,2,261873,259352,2521
9756541,24.0693,0.131744,2545,69222,0.778599,0,2,261897,259352,2545
9756541,24.0607,0.115276,2569,68749,0.769739,0,2,261921,259352,2569
9756541,24.0531,0.100867,2593,67160,0.760765,0,2,261945,259352,2593
9756541,24.0465,0.0882582,2617,66120,0.753688,0,2,261969,259352,2617
9756541,24.0406,0.077226,2641,66120,0.74632,0,2,261993,259352,2641
9756541,24.0356,0.0675727,2665,66120,0.740688,0,2,262017,259352,2665
9756541,24.0311,0.0591261,2689,66120,0.734619,0,2,262041,259352,2689
9756541,24.0272,0.0517354,2713,66120,0.728157,0,2,262065,259352,2713
9756541,24.0238,0.0452684,2737,66120,0.723341,0,2,262089,259352,2737
9756541,24.0208,0.0396099,2761,66120,0.720007,0,2,262113,259352,2761
9756541,24.0182,0.0346587,2785,66120,0.717006,0,2,262137,259352,2785
9756541,24.016,0.0303263,2809,66120,0.715306,0,2,262161,259352,2809
9756541,24.014,0.0265355,2833,66120,0.713775,0,2,262185,259352,2833
9756541,24.0122,0.0232186,2857,66120,0.712398,0,2,262209,259352,2857
9756541,24.0107,0.0203163,2881,66120,0.711158,0,2,262233,259352,2881
9756541,24.0094,0.0177767,2905,66120,0.710042,0,2,262257,259352,2905
9756541,24.0082,0.0155546,2929,66120,0.709038,0,2,262281,259352,2929
9756541,24.0072,0.0136103,2953,66120,0.708134,0,2,262305,259352,2953
9756541,24.0063,0.011909,2977,1460,0.709321,0.7,2,262329,259352,2977
9776981,24.0055,192.01,1465,1460,0.708389,0.91,2,262353,260888,1465
9776981,24.0048,168.009,1489,21900,0.73555,0.7,2,262377,260888,1489
9776981,24.0042,147.008,1513,21900,0.757995,0,2,262401,260888,1513
9776981,24.0037,128.632,1537,21900,0.776195,0,2,262425,260888,1537
9776981,24.0032,112.553,1561,21900,0.790576,0,2,262449,260888,1561
9776981,24.0028,98.4839,1585,21900,0.801518,0,2,262473,260888,1585
9776981,24.0025,86.1734,1609,21900,0.810366,0,2,262497,260888,1609
9776981,24.0022,75.4017,1633,21900,0.81633,0,2,262521,260888,1633
9785741,24.0019,105.101,1344,21900,0.819697,0.7,2,262545,261201,1344
9785741,24.0016,91.9638,1368,30660,0.823727,0,2,262569,261201,1368
9785741,24.0014,80.4683,1392,30660,0.825354,0,2,262593,261201,1392
9785741,24.0013,70.4098,1416,30660,0.824819,0,2,262617,261201,1416
9807641,24.0011,79.6086,1296,30660,0.822337,0.7,2,262641,261345,1296
9807641,24.001,69.6575,1320,52560,0.818103,0,2,262665,261345,1320
9807641,24.0008,60.9503,1344,52560,0.812293,0,2,262689,261345,1344
9807641,21.8757,53.3315,1351,52560,0.805064,0,2,262696,261345,1351
9807641,22.1413,46.6651,1375,52560,0.796557,0,2,262720,261345,1375
9807641,22.3736,40.8319,1399,52560,0.786902,0,2,262744,261345,1399
9807641,22.5769,35.728,1423,52560,0.776212,0,2,262768,261345,1423
9807641,22.7548,31.262,1447,52560,0.76459,0,2,262792,261345,1447
9816401,22.7854,57.3542,1230,52560,0.752131,0.7,2,262815,261585,1230
9816401,22.9373,50.1849,1254,52560,0.738918,0,2,262839,261585,1254
9816401,23.0701,43.9118,1278,52560,0.725026,0,2,262863,261585,1278
9873761,23.1863,53.4228,1182,52560,0.710524,0,2,262887,261705,1182
9873761,23.6805,20.9789,1350,52560,0.596336,0,1,263055,261705,1350
9873761,23.7204,18.3566,1374,52560,0.578702,0,1,263079,261705,1374
9873761,23.7554,16.062,1398,52560,0.560832,0,1,263103,261705,1398
9873761,23.7859,14.0542,1422,52560,0.542749,0,1,263127,261705,1422
9873761,23.8127,12.2975,1446,52560,0.524474,0,1,263151,261705,1446
9873761,23.8361,10.7603,1470,52560,0.506026,0,1,263175,261705,1470
9873761,23.8566,9.41525,1494,52560,0.487424,0,1,263199,261705,1494
9873761,23.8745,8.23834,1518,52560,0.468681,0,1,263223,261705,1518
9873761,23.8902,7.20855,1542,52560,0.449813,0,1,263247,261705,1542
9873761,23.9039,6.30748,1566,52560,0.430832,0,1,263271,261705,1566
9873761,23.9159,5.51904,1590,52560,0.411749,0,1,263295,261705,1590
9873761,23.9264,4.82916,1614,52560,0.392574,0,1,263319,261705,1614
9873761,23.9356,4.22552,1638,52560,0.373316,0,1,263343,261705,1638
9873761,23.9437,3.69733,1662,52560,0.353985,0,1,263367,261705,1662
9873761,23.9507,3.23516,1686,52560,0.334586,0,1,263391,261705,1686
9873761,23.9569,2.83077,1710,52560,0.315128,0,1,263415,261705,1710
9873761,23.9623,2.47692,1734,52560,0.295615,0,1,263439,261705,1734
9873761,23.967,2.16731,1758,52560,0.276053,0,1,263463,261705,1758
9873761,23.9711,1.89639,1782,52560,0.256448,0,1,263487,261705,1782
9873761,23.9747,1.65934,1806,52560,0.236803,0,1,263511,261705,1806
9873761,23.9779,1.45193,1830,52560,0.217123,0,1,263535,261705,1830
9873761,23.9807,1.27044,1854,52560,0.197411,0,1,263559,261705,1854
9873761,23.9831,1.11163,1878,52560,0.17767,0,1,263583,261705,1878
9873761,23.9852,0.972677,1902,52560,0.159903,0,1,263607,261705,1902
9873761,23.987,0.851092,1926,52560,0.143912,0,1,263631,261705,1926
9873761,23.9887,0.744706,1950,52560,0.129521,0,1,263655,261705,1950
9873761,23.9901,0.651617,1974,52560,0.116569,0,1,263679,261705,1974
9873761,23.9913,0.570165,1998,52560,0.104912,0,1,263703,261705,1998
9873761,23.9924,0.498895,2022,52560,0.0944209,0,1,263727,261705,2022
9873761,23.9934,0.436533,2046,52560,0.0849788,0,1,263751,261705,2046
9873761,23.9942,0.381966,2070,52560,0.0764809,0,1,263775,261705,2070
9873761,23.9949,0.33422,2094,52560,0.0688328,0,1,263799,261705,2094
9873761,21.8705,0.292443,2101,52560,0.0619496,0,1,263806,261705,2101
9876681,378.137,588.131,270,52560,0.104755,0,1,266678,266408,270
9879601,336.87,514.615,318,54020,0.145279,0,1,266726,266408,318
9882521,300.761,450.288,366,55480,0.183751,0,1,266774,266408,366
9885441,269.166,394.002,414,56940,0.220376,0,1,266822,266408,414
9888361,241.52,344.752,462,58400,0.255338,0,1,266870,266408,462
9891281,217.33,301.658,510,59860,0.288805,0,1,266918,266408,510
9894201,196.164,263.95,558,61320,0.320924,0,1,266966,266408,558
9897121,177.643,230.957,606,62780,0.351832,0,1,267014,266408,606
9900041,161.438,202.087,654,64240,0.381649,0,1,267062,266408,654
9902961,147.258,176.826,702,65700,0.410484,0,1,267110,266408,702
9905881,134.851,154.723,750,67160,0.438435,0,1,267158,266408,750
9908801,123.995,135.383,798,68620,0.465592,0,1,267206,266408,798
9911721,114.495,118.46,846,70080,0.492033,0,1,267254,266408,846
9914641,106.183,103.652,894,71540,0.517829,0,1,267302,266408,894
9917561,98.9104,90.6957,942,73000,0.543046,0,1,267350,266408,942
9920481,92.5466,79.3587,990,74460,0.567742,0,1,267398,266408,990
9923401,86.9783,69.4389,1038,75920,0.591968,0,1,267446,266408,1038
9938001,67.9923,69.4757,912,83220,0.707542,0.53,2,267686,266774,912
9940921,65.4933,60.7912,960,84680,0.729788,0.55,2,267734,266774,960
9943841,63.3066,59.1923,960,86140,0.751809,0.57,2,267782,266822,960
9946761,61.3933,57.7933,960,87600,0.773628,0.57,2,267830,266870,960
9949681,59.7191,50.5691,1008,89060,0.795265,0.59,2,267878,266870,1008
9952601,58.2542,50.248,1008,90520,0.815739,0.61,2,267926,266918,1008
9955521,56.9725,49.967,1008,91980,0.834165,0.61,2,267974,266966,1008
9958441,55.8509,43.7211,1056,93440,0.850749,0.63,2,268022,266966,1056
9961361,54.8695,44.256,1056,94900,0.865674,0.65,2,268070,267014,1056
9964281,54.0108,44.724,1056,96360,0.879106,0.65,2,268118,267062,1056
9967201,53.2595,39.1335,1104,97820,0.891196,0.67,2,268166,267062,1104
9970121,52.6021,40.2418,1104,99280,0.902076,0.69,2,268214,267110,1104
9973041,52.0268,41.2116,1104,100740,0.911869,0.69,2,268262,267158,1104
9975961,51.5234,36.0601,1152,102200,0.920682,0.71,2,268310,267158,1152
9978881,51.083,37.5526,1152,103660,0.928613,0.73,2,268358,267206,1152
9981801,50.6976,38.8585,1152,105120,0.935752,0.73,2,268406,267254,1152
9984721,50.3604,34.0012,1200,106580,0.942177,0.75,2,268454,267254,1200
9987641,50.0654,35.7511,1200,108040,0.947959,0.77,2,268502,267302,1200
10037281,48.2134,30.2002,1488,132860,0.925807,0.99,2,269318,267830,1488
10040201,48.1867,32.4252,1488,134320,0.895226,1,2,269366,267878,1488
10041661,48.1634,34.372,1488,135780,0.859704,1,2,269414,267926,1488
10041661,45.1429,30.0755,1512,135780,0.823733,0,2,269438,267926,1512
10041661,42.5001,26.3161,1536,135780,0.78736,0,2,269462,267926,1536
10041661,40.3126,23.0266,1561,98120,0.752624,0.46,2,269487,267926,1561
10041661,38.2735,20.1483,1585,97904,0.717362,0,2,269511,267926,1585
10041661,32.3669,11.8105,1681,90820,0.584703,0,1,269607,267926,1681
10041661,31.321,10.3342,1705,89360,0.554233,0,1,269631,267926,1705
10041661,30.4059,9.04245,1729,87900,0.524809,0,1,269655,267926,1729
10041661,29.6051,7.91214,1753,84980,0.497328,0,1,269679,267926,1753
10041661,28.9045,6.92312,1777,83520,0.473596,0,1,269703,267926,1777
10041661,28.2914,6.05773,1801,80600,0.453236,0,1,269727,267926,1801
10041661,27.755,5.30052,1825,79140,0.435912,0,1,269751,267926,1825
10041661,27.2856,4.63795,1849,76220,0.421321,0,1,269775,267926,1849
10041661,26.8749,4.05821,1873,73300,0.409189,0,1,269799,267926,1873
10041661,26.5156,3.55093,1897,70380,0.39927,0,1,269823,267926,1897
10041661,26.2011,3.10706,1921,67460,0.391343,0,1,269847,267926,1921
10041661,25.926,2.71868,1945,64540,0.385209,0,1,269871,267926,1945
10041661,25.6852,2.37885,1969,61620,0.380688,0,1,269895,267926,1969
10041661,25.4746,2.08149,1993,57240,0.377619,0,1,269919,267926,1993
10041661,25.2903,1.8213,2017,54320,0.374857,0,1,269943,267926,2017
10041661,25.129,1.59364,2041,49940,0.372372,0,1,269967,267926,2041
10041661,24.9879,1.39444,2065,48480,0.370134,0,1,269991,267926,2065
10041661,24.8644,1.22013,2089,45560,0.368121,0,1,270015,267926,2089
10041661,24.7563,1.06762,2113,44100,0.366309,0,1,270039,267926,2113
10041661,24.6618,0.934163,2137,44100,0.364678,0,1,270063,267926,2137
10041661,24.5791,0.817393,2161,44100,0.36321,0,1,270087,267926,2161
10041661,24.5067,0.715219,2185,44100,0.361889,0,1,270111,267926,2185
10041661,24.4433,0.625816,2209,41180,0.3607,0,1,270135,267926,2209
10041661,24.3879,0.547589,2233,41180,0.35963,0,1,270159,267926,2233
10041661,21.9644,0.479141,2238,41180,0.360667,0,1,270164,267926,2238
10047501,22.2189,192.419,726,41180,0.3596,0.4,1,270188,269462,726
10050421,22.4415,174.492,701,45560,0.36464,0.34,1,270212,269511,701
10053341,22.6363,158.68,677,46720,0.371176,0.32,1,270236,269559,677
10056261,22.8068,141.845,677,45560,0.375059,0.3,1,270260,269583,677
10059181,22.9559,127.115,677,46720,0.380553,0.28,1,270284,269607,677
10062101,23.0864,114.225,677,45560,0.383498,0.26,1,270308,269631,677
10063561,23.2006,102.947,677,46720,0.388148,0.25,1,270332,269655,677
10066481,23.3006,93.0788,677,45560,0.390333,0.26,1,270356,269679,677
10069401,23.388,84.4439,677,46720,0.3943,0.27,1,270380,269703,677
10070861,23.4645,76.8884,677,45560,0.39587,0.28,1,270404,269727,677
10073781,23.5314,70.2774,677,46720,0.399283,0.29,1,270428,269751,677
10076701,23.59,64.4927,677,45560,0.400355,0.3,1,270452,269775,677
10078161,23.6413,59.4311,677,46720,0.403319,0.31,1,270476,269799,677
10081081,23.6861,55.0022,677,45560,0.403987,0.32,1,270500,269823,677
10082541,23.7253,51.1269,677,46720,0.406588,0.33,1,270524,269847,677
10085461,23.7597,47.7361,677,45560,0.40693,0.34,1,270548,269871,677
10086921,23.7897,44.7691,677,46720,0.409237,0.35,1,270572,269895,677
10089841,23.816,42.1729,677,45560,0.409313,0.35,1,270596,269919,677
10091301,23.839,39.9013,677,46720,0.411382,0.35,1,270620,269943,677
10094221,23.8591,37.9137,677,45560,0.411244,0.35,1,270644,269967,677
10095681,23.8767,36.1744,677,46720,0.413119,0.35,1,270668,269991,677
10098601,23.8921,34.6526,677,45560,0.412807,0.35,1,270692,270015,677
10100061,23.9056,33.3211,677,46720,0.414527,0.35,1,270716,270039,677
10102981,23.9174,32.1559,677,45560,0.414074,0.35,1,270740,270063,677
10104441,23.9277,31.1364,677,46720,0.415666,0.35,1,270764,270087,677
10105901,23.9368,30.2444,677,45560,0.4151,0.35,1,270788,270111,677
10108821,23.9447,29.4638,677,46720,0.41659,0.35,1,270812,270135,677
10110281,23.9516,28.7809,677,45560,0.415931,0.35,1,270836,270159,677
10113201,23.9576,28.8082,672,46720,0.417338,0.35,1,270860,270188,672
10114661,23.9629,25.2072,696,45560,0.416604,0.35,1,270884,270188,696
10116121,23.9676,22.0563,720,46720,0.417944,0.35,1,270908,270188,720
10119041,23.9716,19.2993,744,45560,0.417149,0.41,1,270932,270188,744
10121961,23.9752,19.8869,744,46720,0.418434,0.41,1,270956,270212,744
10123421,23.9783,17.401,768,45560,0.417591,0.41,1,270980,270212,768
10126341,23.981,21.2259,744,46720,0.418832,0.41,1,271004,270260,744
10133641,23.8584,18.5726,767,45560,0.417949,0.41,1,271027,270260,767
10135101,23.8761,22.2511,743,46720,0.419154,0.41,1,271051,270308,743
10144161,23.8916,19.4697,767,45560,0.418238,0.41,1,271075,270308,767
10147081,26.9051,23.036,767,96360,0.476415,0.41,1,271123,270356,767
10150001,29.542,26.1565,767,97820,0.528773,0.41,1,271171,270404,767
10152921,31.8492,28.8869,767,99280,0.575896,0.41,1,271219,270452,767
10164601,38.5327,36.7963,767,103660,0.721745,0.41,2,271411,270644,767
10167521,39.7161,38.1967,767,103660,0.749571,0.41,2,271459,270692,767
10170441,40.7516,39.4221,767,105120,0.774614,0.41,2,271507,270740,767
10173361,41.6577,40.4944,767,105120,0.797152,0.41,2,271555,270788,767
10176281,42.4505,41.4326,767,105120,0.817437,0.41,2,271603,270836,767
10179201,43.1441,42.2535,767,106580,0.835693,0.41,2,271651,270884,767
10182121,43.7511,42.9718,767,106580,0.852124,0.41,2,271699,270932,767
10185041,44.2822,43.6003,767,106580,0.866912,0.41,2,271747,270980,767
10187961,44.747,44.0253,768,108040,0.88022,0.41,2,271795,271027,768
10190881,45.1536,44.5221,768,108040,0.892198,0.41,2,271843,271075,768
10193801,45.5094,38.9569,816,109500,0.902979,0.41,2,271891,271075,816
10196721,45.8207,34.0873,864,109500,0.912681,0.41,2,271939,271075,864
10199641,46.0931,29.8264,912,109500,0.921413,0.41,2,271987,271075,912
10202561,46.3315,26.0981,960,110960,0.929271,0.41,2,272035,271075,960
10205481,46.54,22.8358,1008,110960,0.936344,0.41,2,272083,271075,1008
10208401,46.7225,19.9813,1056,112420,0.94271,0.41,2,272131,271075,1056
10211321,46.8822,17.4837,1104,112420,0.948439,0.41,2,272179,271075,1104
10217161,47.1442,13.3859,1200,113880,0.947235,0.41,2,272275,271075,1200
10220081,47.2512,11.7127,1248,113880,0.938512,0.41,2,272323,271075,1248
10223001,47.3448,10.2486,1296,113880,0.929661,0.41,2,272371,271075,1296
10225921,47.4267,8.96753,1344,115340,0.923695,0.41,2,272419,271075,1344
10228841,47.4983,7.84658,1392,115340,0.915325,0.41,2,272467,271075,1392
10230481,44.9361,6.86576,1419,115340,0.910793,1,2,272494,271075,1419
10233401,45.319,7.25754,1457,115340,0.906713,1,2,272542,271085,1457
10236321,45.6542,6.35035,1505,116800,0.902042,1,2,272590,271085,1505
10236321,42.9474,5.55656,1529,116800,0.900838,0,2,272614,271085,1529
10236321,40.579,4.86199,1553,116800,0.898754,0,2,272638,271085,1553
10236321,38.5066,4.25424,1577,116800,0.897879,0,2,272662,271085,1577
10236321,36.6933,3.72246,1601,115340,0.895091,0.89,2,272686,271085,1601
10236321,35.2316,3.25715,1626,114415,0.889582,0,2,272711,271085,1626
10236321,33.8277,2.85001,1650,113952,0.885624,0,2,272735,271085,1650
10236321,32.5992,2.49376,1674,113489,0.878061,0,2,272759,271085,1674
10236321,31.5243,2.18204,1698,111566,0.870255,0,2,272783,271085,1698
10236321,30.5838,1.90928,1722,111103,0.86423,0,2,272807,271085,1722
10236321,29.7608,1.67062,1746,109180,0.855807,0,2,272831,271085,1746
10236321,29.0407,1.46179,1770,108717,0.849226,0,2,272855,271085,1770
10236321,28.4106,1.27907,1794,106794,0.841303,0,2,272879,271085,1794
10236321,27.8593,1.11919,1818,104871,0.831173,0,2,272903,271085,1818
10236321,27.3769,0.979288,1842,104408,0.823056,0,2,272927,271085,1842
10236321,26.9548,0.856877,1866,102485,0.81375,0,2,272951,271085,1866
10236321,26.5854,0.749767,1890,102022,0.802375,0,2,272975,271085,1890
10236321,26.2622,0.656046,1914,98640,0.793138,0,2,272999,271085,1914
10236321,25.9795,0.57404,1938,96717,0.783824,0,2,273023,271085,1938
10236321,25.732,0.502285,1962,96254,0.774441,0,2,273047,271085,1962
10236321,25.5155,0.4395,1986,92871,0.763997,0,2,273071,271085,1986
10236321,25.3261,0.384562,2010,90948,0.755598,0,2,273095,271085,2010
10236321,25.1603,0.336492,2034,90485,0.747038,0,2,273119,271085,2034
10236321,25.0153,0.29443,2058,87102,0.740334,0,2,273143,271085,2058
10236321,24.8884,0.257627,2082,86639,0.735301,0,2,273167,271085,2082
10236321,24.7773,0.225423,2106,81760,0.729771,0,2,273191,271085,2106
10236321,24.6802,0.197245,2130,78840,0.725794,0,2,273215,271085,2130
10236321,24.5951,0.17259,2154,78840,0.722214,0,2,273239,271085,2154
10236321,24.5207,0.151016,2178,75920,0.718993,0,2,273263,271085,2178
10236321,24.4557,0.132139,2202,73000,0.716093,0,2,273287,271085,2202
10236321,24.3987,0.115622,2226,73000,0.713484,0,2,273311,271085,2226
10236321,24.3489,0.101169,2250,70080,0.711136,0,2,273335,271085,2250
10236321,24.3053,0.0885228,2274,70080,0.709022,0,2,273359,271085,2274
10236321,24.2671,0.0774575,2298,65700,0.70712,0,2,273383,271085,2298
10236321,24.2337,0.0677753,2322,65700,0.705408,0,2,273407,271085,2322
10236321,24.2045,0.0593034,2346,65700,0.703867,0,2,273431,271085,2346
10236321,24.1789,0.0518905,2370,65700,0.70248,0,2,273455,271085,2370
10236321,24.1566,0.0454041,2394,65700,0.701232,0,2,273479,271085,2394
10236321,24.137,0.0397286,2418,65700,0.700109,0,2,273503,271085,2418
10243621,24.0108,172.488,1297,78840,0.70319,0,2,273959,272662,1297
10248001,24.0095,163.052,1224,78300,0.718871,0.78,2,273983,272759,1224
10248001,24.0083,142.67,1248,79740,0.734984,0,2,274007,272759,1248
10252381,24.0073,133.836,1200,79740,0.749485,0.79,2,274031,272831,1200
10255301,24.0064,120.107,1200,78840,0.760537,0.74,2,274055,272855,1200
10259681,24.0056,111.093,1176,79740,0.772483,0.75,2,274079,272903,1176
10264061,24.0049,100.207,1176,78840,0.781235,0.7,2,274103,272927,1176
10265521,24.0043,93.6809,1152,79740,0.791111,0.71,2,274127,272975,1152
10268441,24.0037,84.9708,1152,78840,0.798,0.69,2,274151,272999,1152
10272821,24.0033,80.3495,1128,79740,0.8062,0.67,2,274175,273047,1128
10274281,24.0029,73.3058,1128,78840,0.81158,0.67,2,274199,273071,1128
10277201,24.0025,70.1426,1104,79740,0.818422,0.68,2,274223,273119,1104
10281581,24.0022,64.3747,1104,78840,0.82258,0.68,2,274247,273143,1104
10283041,24.0019,62.3279,1080,79740,0.828322,0.69,2,274271,273191,1080
10287421,24.0017,57.5369,1080,78840,0.83149,0.69,2,274295,273215,1080
10288881,24.0015,53.3448,1080,79740,0.836341,0.69,2,274319,273239,1080
10291801,24.0013,49.6767,1080,78840,0.838707,0.69,2,274343,273263,1080
10293261,24.0011,46.4671,1080,79740,0.842836,0.69,2,274367,273287,1080
10297641,24.001,43.6587,1080,78840,0.844552,0.69,2,274391,273311,1080
10299101,24.0009,41.2014,1080,79740,0.848097,0.69,2,274415,273335,1080
10302021,24.0007,39.0512,1080,78840,0.849288,0.69,2,274439,273359,1080
10303481,24.0007,37.1698,1080,79740,0.852359,0.69,2,274463,273383,1080
10307861,24.0006,35.5236,1080,78840,0.853123,0.69,2,274487,273407,1080
10309321,24.0005,34.0831,1080,79740,0.855811,0.69,2,274511,273431,1080
10313701,23.8754,32.8227,1079,78840,0.85723,0.69,2,274534,273455,1079
10315161,23.891,31.7199,1079,79740,0.860507,0.69,2,274558,273479,1079
10316621,23.9046,30.7549,1079,78840,0.861456,0.69,2,274582,273503,1079
10358961,23.9166,29.9105,1079,79740,0.86431,0.68,2,274606,273527,1079
10361881,26.927,29.1717,1103,83220,0.877879,0.68,2,274654,273551,1103
10364801,29.5611,31.5253,1103,84680,0.890091,0.68,2,274702,273599,1103
10366721,29.866,33.5846,1087,86140,0.901082,0.86,2,274734,273647,1087
10366721,29.1327,29.3865,1111,87600,0.910974,0,2,274758,273647,1111
10366721,28.4911,25.7132,1135,87600,0.919877,0,2,274782,273647,1135
10366721,27.9297,22.4991,1159,87600,0.927889,0,2,274806,273647,1159
10366721,27.4385,19.6867,1183,87600,0.9351,0,2,274830,273647,1183
10366721,27.0087,17.2258,1207,87600,0.94159,0,2,274854,273647,1207
10366721,26.6326,15.0726,1231,87600,0.947431,0,2,274878,273647,1231
10409041,44.3755,43.9771,1335,91980,0.946179,0.87,2,275869,274534,1335
10411961,44.8286,44.48,1335,91980,0.934561,0.89,2,275917,274582,1335
10414881,45.225,41.92,1359,91980,0.926105,0.89,2,275965,274606,1359
10417801,45.5719,36.68,1407,91980,0.920495,0.89,2,276013,274606,1407
10420721,45.8754,32.095,1455,91980,0.917445,0.89,2,276061,274606,1455
10423641,46.141,28.0831,1503,93440,0.918701,0.89,2,276109,274606,1503
10426561,46.3734,24.5727,1551,93440,0.921831,0.89,2,276157,274606,1551
10429481,46.5767,21.5011,1599,93440,0.926648,0.89,2,276205,274606,1599
10430941,46.7546,18.8135,1647,93440,0.932983,1,2,276253,274606,1647
10430941,43.9103,16.4618,1671,93440,0.939685,0,2,276277,274606,1671
10430941,41.4215,14.4041,1695,93440,0.945716,0,2,276301,274606,1695
10430941,26.0945,1.70065,2080,82734,0.949831,0,2,276686,274606,2080
10430941,25.8327,1.48807,2104,82247,0.945848,0,2,276710,274606,2104
10430941,25.6036,1.30206,2128,81760,0.942263,0,2,276734,274606,2128
10430941,25.4031,1.1393,2152,81274,0.937037,0,2,276758,274606,2152
10430941,25.2277,0.996889,2176,80787,0.931333,0,2,276782,274606,2176
10430941,25.0743,0.872278,2200,80300,0.9272,0,2,276806,274606,2200
10430941,24.94,0.763243,2224,79814,0.92048,0,2,276830,274606,2224
10430941,24.8225,0.667838,2248,79327,0.915432,0,2,276854,274606,2248
10430941,24.7197,0.584358,2272,78840,0.909889,0,2,276878,274606,2272
10430941,24.6297,0.511313,2296,78354,0.9039,0,2,276902,274606,2296
10430941,24.551,0.447399,2320,77867,0.89751,0,2,276926,274606,2320
10430941,24.4821,0.391474,2344,77380,0.892759,0,2,276950,274606,2344
10430941,24.4219,0.34254,2368,76894,0.884483,0,2,276974,274606,2368
10430941,24.3691,0.299722,2392,76407,0.878035,0,2,276998,274606,2392
10430941,24.323,0.262257,2416,75920,0.873231,0,2,277022,274606,2416
10430941,24.2826,0.229475,2440,75434,0.866908,0,2,277046,274606,2440
10430941,24.2473,0.200791,2464,74947,0.861217,0,2,277070,274606,2464
10430941,24.2164,0.175692,2488,74460,0.856095,0,2,277094,274606,2488
10430941,24.1893,0.15373,2512,73974,0.849486,0,2,277118,274606,2512
10430941,24.1657,0.134514,2536,73487,0.843537,0,2,277142,274606,2536
10430941,24.145,0.1177,2560,73000,0.838184,0,2,277166,274606,2560
10430941,24.1268,0.102987,2584,72514,0.831365,0,2,277190,274606,2584
10430941,24.111,0.0901139,2608,72027,0.826229,0,2,277214,274606,2608
10430941,24.0971,0.0788496,2632,71540,0.819606,0,2,277238,274606,2632
10430941,24.085,0.0689934,2656,71054,0.813645,0,2,277262,274606,2656
10430941,24.0743,0.0603693,2680,70567,0.808281,0,2,277286,274606,2680
10430941,24.0651,0.0528231,2704,70080,0.801453,0,2,277310,274606,2704
10430941,24.0569,0.0462202,2728,69594,0.795307,0,2,277334,274606,2728
10430941,24.0498,0.0404427,2752,69107,0.789777,0,2,277358,274606,2752
10430941,24.0436,0.0353873,2776,68620,0.782799,0,2,277382,274606,2776
10430941,24.0381,0.0309639,2800,66020,0.774519,0,2,277406,274606,2800
10430941,24.0334,0.0270934,2824,64560,0.765067,0,2,277430,274606,2824
10430941,24.0292,0.0237068,2848,64240,0.75456,0,2,277454,274606,2848
10430941,24.0255,0.0207434,2872,63100,0.745104,0,2,277478,274606,2872
10430941,24.0224,0.0181505,2896,63100,0.733594,0,2,277502,274606,2896
10430941,24.0196,0.0158817,2920,63100,0.724235,0,2,277526,274606,2920
10430941,24.0171,0.0138965,2944,63100,0.715811,0,2,277550,274606,2944
10430941,24.015,0.0121594,2968,63100,0.70923,0,2,277574,274606,2968
10430941,24.0131,0.0106395,2992,63100,0.704307,0,2,277598,274606,2992
10537521,26.9527,112.563,1415,65700,0.703122,0.93,2,277981,276566,1415
10540441,29.5836,107.493,1391,67160,0.73281,0.91,2,278029,276638,1391
10543361,31.8856,103.056,1367,68620,0.759529,0.88,2,278077,276710,1367
10546281,33.8999,99.1742,1343,70080,0.783576,0.87,2,278125,276782,1343
10549201,35.6624,95.7774,1319,71540,0.804219,0.84,2,278173,276854,1319
10552121,37.2046,92.8053,1295,73000,0.822797,0.82,2,278221,276926,1295
10555041,38.5541,90.2046,1271,73000,0.839517,0.81,2,278269,276998,1271
10557961,39.7348,87.929,1247,73000,0.854565,0.79,2,278317,277070,1247
10560881,40.768,85.9379,1223,73000,0.868109,0.77,2,278365,277142,1223
10561201,39.297,81.1957,1204,73000,0.881298,0.66,2,278394,277190,1204
10561201,37.3848,71.0462,1228,73000,0.893168,0,2,278418,277190,1228
10561201,35.7117,62.1654,1252,73000,0.903851,0,2,278442,277190,1252
10561201,34.2478,54.3947,1276,73000,0.913466,0,2,278466,277190,1276
10561201,32.9668,47.5954,1300,73000,0.92212,0,2,278490,277190,1300
10561201,31.8459,41.646,1324,73000,0.929908,0,2,278514,277190,1324
10561201,30.8652,36.4402,1348,73000,0.936917,0,2,278538,277190,1348
10561201,30.0071,31.8852,1372,73000,0.941225,0,2,278562,277190,1372
10561201,29.2562,27.8996,1396,73000,0.943103,0,2,278586,277190,1396
10561201,28.5992,24.4121,1420,73000,0.942792,0,2,278610,277190,1420
10561201,28.0243,21.3606,1444,73000,0.940513,0,2,278634,277190,1444
10561201,27.5212,18.6905,1468,73000,0.936462,0,2,278658,277190,1468
10561201,27.0811,16.3542,1492,73000,0.930816,0,2,278682,277190,1492
10561201,26.6959,14.3099,1516,73000,0.923734,0,2,278706,277190,1516
10561201,26.3589,12.5212,1540,73000,0.915361,0,2,278730,277190,1540
10561201,26.0641,10.956,1564,73000,0.905825,0,2,278754,277190,1564
10561201,25.8061,9.58653,1588,73000,0.895242,0,2,278778,277190,1588
10561201,25.5803,8.38822,1612,73000,0.883718,0,2,278802,277190,1612
10561201,25.3828,7.33969,1636,73000,0.871346,0,2,278826,277190,1636
10561201,25.2099,6.42223,1660,73000,0.858212,0,2,278850,277190,1660
10564121,28.0587,86.4945,1061,73000,0.84339,0.66,2,278898,277837,1061
10567041,30.5513,81.6826,1061,74460,0.832051,0.66,2,278946,277885,1061
10569961,32.7324,77.4723,1061,74460,0.821846,0.66,2,278994,277933,1061
10572881,34.6409,67.7883,1109,75920,0.814662,0.66,2,279042,277933,1109
10575761,36.1858,59.3147,1156,75920,0.808195,0.75,2,279089,277933,1156
10578681,37.6625,55.7754,1173,75920,0.802376,0.75,2,279137,277964,1173
10581601,38.9547,48.8035,1221,75920,0.785138,0.75,2,279185,277964,1221
10584521,40.0854,42.703,1269,75920,0.768624,0.75,2,279233,277964,1269
10587441,41.0747,37.3652,1317,75920,0.750762,0.75,2,279281,277964,1317
10590361,41.9404,32.6945,1365,75920,0.734686,0.75,2,279329,277964,1365
10593281,42.6978,28.6077,1413,75920,0.720217,0.75,2,279377,277964,1413
10596201,43.3606,25.0317,1461,75920,0.706196,0.75,2,279425,277964,1461
10599121,24.5495,0.595273,2158,55480,0.594806,0,1,280122,277964,2158
10599121,24.4808,0.520864,2182,54994,0.587326,0,1,280146,277964,2182
10599121,24.4207,0.455756,2206,52560,0.578593,0,1,280170,277964,2206
10599121,24.3681,0.398787,2230,52240,0.570734,0,1,280194,277964,2230
10599121,24.3221,0.348938,2254,52240,0.56366,0,1,280218,277964,2254
10599121,24.2819,0.305321,2278,52240,0.557294,0,1,280242,277964,2278
10599121,24.2466,0.267156,2302,52240,0.551565,0,1,280266,277964,2302
10599121,24.2158,0.233761,2326,52240,0.546408,0,1,280290,277964,2326
10599121,24.1888,0.204541,2350,52240,0.541768,0,1,280314,277964,2350
10599121,24.1652,0.178974,2374,52240,0.537591,0,1,280338,277964,2374
10599121,24.1446,0.156602,2398,52240,0.533832,0,1,280362,277964,2398
10599121,24.1265,0.137027,2422,52240,0.530449,0,1,280386,277964,2422
10599121,24.1107,0.119898,2446,52240,0.527404,0,1,280410,277964,2446
10599121,24.0968,0.104911,2470,52240,0.524663,0,1,280434,277964,2470
10599121,24.0847,0.0917972,2494,52240,0.522197,0,1,280458,277964,2494
10599121,24.0741,0.0803225,2518,52240,0.519977,0,1,280482,277964,2518
10599121,24.0649,0.0702822,2542,52240,0.51798,0,1,280506,277964,2542
10599121,24.0568,0.0614969,2566,52240,0.516182,0,1,280530,277964,2566
10599121,24.0497,0.0538098,2590,52240,0.514563,0,1,280554,277964,2590
10599121,24.0435,0.0470836,2614,52240,0.513107,0,1,280578,277964,2614
10599121,24.038,0.0411981,2638,52240,0.511796,0,1,280602,277964,2638
10599121,24.0333,0.0360484,2662,52240,0.510617,0,1,280626,277964,2662
10607881,24.0291,197.657,1105,52240,0.509555,0.66,1,280650,279545,1105
10607881,24.0255,172.949,1129,52560,0.5086,0,1,280674,279545,1129
10607881,24.0223,151.331,1153,52240,0.50774,0,1,280698,279545,1153
10612261,24.0195,147.539,1056,52240,0.506966,0.65,1,280722,279666,1056
10615181,24.0171,135.097,1032,52560,0.506269,0.65,1,280746,279714,1032
10622481,24.0149,121.21,1032,52560,0.505642,0.61,1,280770,279738,1032
10622481,24.0131,106.059,1056,52560,0.506078,0,1,280794,279738,1056
10622481,24.0114,92.8013,1080,52240,0.50647,0,1,280818,279738,1080
10629781,23.885,96.2012,983,52240,0.506823,0.59,1,280841,279858,983
10629781,23.8994,84.176,1007,52560,0.506141,0,1,280865,279858,1007
10685261,23.912,82.654,959,51920,0.503527,0.5,1,280889,279930,959
10688181,26.923,75.3223,983,54020,0.497174,0.51,1,280937,279954,983
10691101,29.5576,74.907,959,55480,0.487457,0.51,1,280985,280026,959
10692241,31.2379,74.5436,930,56940,0.474711,0,1,281028,280098,930
10692241,30.3332,65.2257,954,58400,0.46124,0,1,281052,280098,954
10692241,29.5415,57.0724,978,58400,0.447116,0,1,281076,280098,978
10692241,28.8488,49.9384,1002,58400,0.432404,0,1,281100,280098,1002
10692241,28.2427,43.6961,1026,58400,0.417164,0,1,281124,280098,1026
10692241,27.7124,38.2341,1050,58400,0.401447,0,1,281148,280098,1050
10692241,27.2483,33.4548,1074,58400,0.385303,0,1,281172,280098,1074
10692241,26.8423,29.273,1098,58400,0.368772,0,1,281196,280098,1098
10692241,26.487,25.6138,1122,58400,0.351895,0,1,281220,280098,1122
10692241,26.1761,22.4121,1146,58400,0.334706,0,1,281244,280098,1146
10692241,25.9041,19.6106,1170,58400,0.317235,0,1,281268,280098,1170
10692241,25.6661,17.1593,1194,58400,0.299512,0,1,281292,280098,1194
10692241,25.4578,15.0144,1218,58400,0.28156,0,1,281316,280098,1218
10692241,25.2756,13.1376,1242,58400,0.263404,0,1,281340,280098,1242
10692241,25.1162,11.4954,1266,58400,0.245064,0,1,281364,280098,1266
10692241,24.9766,10.0585,1290,58400,0.226558,0,1,281388,280098,1290
10692241,24.8546,8.80115,1314,58400,0.207902,0,1,281412,280098,1314
10692241,24.7477,7.701,1338,58400,0.189112,0,1,281436,280098,1338
10692241,24.6543,6.73838,1362,58400,0.1702,0,1,281460,280098,1362
10692241,24.5725,5.89608,1386,58400,0.15318,0,1,281484,280098,1386
10692241,24.5009,5.15907,1410,58400,0.137862,0,1,281508,280098,1410
10692241,24.4383,4.51419,1434,58400,0.124076,0,1,281532,280098,1434
10692241,24.3835,3.94991,1458,58400,0.111669,0,1,281556,280098,1458
10692241,24.3356,3.45617,1482,58400,0.100502,0,1,281580,280098,1482
10692241,24.2936,3.02415,1506,58400,0.0904515,0,1,281604,280098,1506
10692241,24.2569,2.64613,1530,58400,0.0814064,0,1,281628,280098,1530
10692241,24.2248,2.31537,1554,58400,0.0732657,0,1,281652,280098,1554
10692241,24.1967,2.02595,1578,58400,0.0659392,0,1,281676,280098,1578
10692241,23.5471,1.7727,1597,58400,0.0593452,0,1,281695,280098,1597
10695161,3416.6,3563.43,270,58400,0.110411,0,1,308863,308593,270
10698081,2995.53,3118,318,59860,0.15837,0,1,308911,308593,318
10701001,2627.09,2728.25,366,61320,0.203533,0,1,308959,308593,366
10703921,2304.7,2387.22,414,62780,0.246179,0,1,309007,308593,414
10706841,2022.61,2088.81,462,64240,0.286561,0,1,309055,308593,462
10709761,1775.79,1827.71,510,65700,0.324905,0,1,309103,308593,510
10712681,1559.81,1599.25,558,67160,0.361415,0,1,309151,308593,558
10715601,1370.84,1399.34,606,68620,0.396273,0,1,309199,308593,606
10718521,1205.48,1224.42,654,70080,0.429646,0,1,309247,308593,654
10721441,1060.8,1071.37,702,71540,0.461681,0,1,309295,308593,702
10724361,934.197,937.45,750,73000,0.492513,0,1,309343,308593,750
10727281,823.423,820.269,798,74460,0.522262,0,1,309391,308593,798
10730201,726.495,717.735,846,75920,0.551036,0,1,309439,308593,846
10733121,641.683,628.019,894,77380,0.578932,0,1,309487,308593,894
10747721,352.505,322.116,1134,84680,0.708035,0,2,309727,308593,1134
10750641,314.442,281.852,1182,86140,0.732232,0.57,2,309775,308593,1182
10753561,281.137,280.37,960,87600,0.756008,0.57,2,309823,308863,960
10756481,251.995,245.324,1008,89060,0.779408,0.59,2,309871,308863,1008
10759401,226.495,220.659,1008,90520,0.801467,0.61,2,309919,308911,1008
10762321,204.183,199.076,1008,91980,0.82132,0.61,2,309967,308959,1008
10765241,184.661,174.192,1056,93440,0.839188,0.63,2,310015,308959,1056
10768161,167.578,158.418,1056,94900,0.855269,0.65,2,310063,309007,1056
10771081,152.631,144.615,1056,96360,0.869742,0.65,2,310111,309055,1056
10774001,139.552,126.539,1104,97820,0.882768,0.67,2,310159,309055,1104
10776921,128.108,116.721,1104,99280,0.894491,0.69,2,310207,309103,1104
10779841,118.094,108.131,1104,100740,0.905042,0.69,2,310255,309151,1104
10782761,109.333,94.6147,1152,102200,0.914538,0.71,2,310303,309151,1152
10785681,101.666,88.7879,1152,103660,0.923084,0.73,2,310351,309199,1152
10788601,94.9578,83.6894,1152,105120,0.930776,0.73,2,310399,309247,1152
10791521,89.0881,73.2282,1200,106580,0.937698,0.75,2,310447,309247,1200
10794441,83.9521,70.0747,1200,108040,0.943928,0.77,2,310495,309295,1200
10797361,79.458,67.3153,1200,109500,0.949536,0.77,2,310543,309343,1200
10847001,51.2499,35.5279,1488,134320,0.939826,1,2,311359,309871,1488
10848461,50.8437,37.0869,1488,135780,0.911843,1,2,311407,309919,1488
10848461,47.4882,32.451,1512,135780,0.882659,0,2,311431,309919,1512
10848461,44.5522,28.3947,1536,135780,0.852393,0,2,311455,309919,1536
10848461,42.1082,24.8453,1561,109800,0.823154,0.58,2,311480,309919,1561
10848461,39.8446,21.7397,1585,109307,0.792838,0,2,311504,309919,1585
10848461,37.8641,19.0222,1609,109061,0.763555,0,2,311528,309919,1609
10848461,36.131,16.6444,1633,107354,0.735199,0,2,311552,309919,1633
10848461,34.6147,14.5639,1657,105648,0.707679,0,2,311576,309919,1657
10848461,30.2221,8.53707,1753,97362,0.597526,0,1,311672,309919,1753
10848461,29.4444,7.46994,1777,94900,0.569774,0,1,311696,309919,1777
10848461,28.7638,6.5362,1801,90820,0.545796,0,1,311720,309919,1801
10848461,28.1683,5.71917,1825,89360,0.525217,0,1,311744,309919,1825
10848461,27.6473,5.00428,1849,86440,0.507695,0,1,311768,309919,1849
10848461,27.1914,4.37874,1873,83520,0.492926,0,1,311792,309919,1873
10848461,26.7925,3.8314,1897,80600,0.478633,0,1,311816,309919,1897
10848461,26.4434,3.35247,1921,77680,0.46677,0,1,311840,309919,1921
10848461,26.138,2.93341,1945,74760,0.457093,0,1,311864,309919,1945
10848461,25.8707,2.56674,1969,71840,0.449383,0,1,311888,309919,1969
10848461,25.6369,2.2459,1993,67460,0.443445,0,1,311912,309919,1993
10848461,25.4323,1.96516,2017,64540,0.439101,0,1,311936,309919,2017
10848461,25.2532,1.71951,2041,60160,0.434191,0,1,311960,309919,2041
10848461,25.0966,1.50457,2065,55780,0.429771,0,1,311984,309919,2065
10848461,24.9595,1.3165,2089,54320,0.425794,0,1,312008,309919,2089
10848461,24.8396,1.15194,2113,51400,0.423215,0,1,312032,309919,2113
10848461,24.7346,1.00795,2137,51400,0.420893,0,1,312056,309919,2137
10848461,24.6428,0.881954,2161,51400,0.418804,0,1,312080,309919,2161
10848461,24.5624,0.77171,2185,51400,0.416924,0,1,312104,309919,2185
10848461,24.4921,0.675246,2209,49940,0.415231,0,1,312128,309919,2209
10848461,24.4306,0.59084,2233,49940,0.413708,0,1,312152,309919,2233
10848461,24.3768,0.516985,2257,47020,0.412337,0,1,312176,309919,2257
10848461,24.3297,0.452362,2281,47020,0.411104,0,1,312200,309919,2281
10848461,21.5385,0.395817,2283,47020,0.410993,0,1,312202,309919,2283
10848461,21.8462,0.34634,2307,47020,0.408894,0,1,312226,309919,2307
10848461,19.6154,0.303047,2311,45460,0.409005,0,1,312230,309919,2311
10854301,20.1635,192.265,799,45460,0.407104,0.52,1,312254,311455,799
10857221,20.643,174.357,774,51400,0.413394,0.5,1,312278,311504,774
10860141,21.0627,155.562,774,52560,0.421054,0.48,1,312302,311528,774
10863061,21.4298,139.117,774,51400,0.425949,0.42,1,312326,311552,774
10865981,21.7511,127.727,750,52560,0.432354,0.4,1,312350,311600,750
10868901,22.0322,114.762,750,51400,0.436119,0.38,1,312374,311624,750
10870361,22.2782,103.416,750,52560,0.441507,0.32,1,312398,311648,750
10873281,22.4934,96.4893,726,51400,0.444356,0.33,1,312422,311696,726
10876201,22.6817,87.4281,726,52560,0.44892,0.34,1,312446,311720,726
10877661,22.8465,79.4996,726,51400,0.451028,0.35,1,312470,311744,726
10880581,22.9907,72.5622,726,52560,0.454926,0.36,1,312494,311768,726
10883501,23.1169,66.4919,726,51400,0.456433,0.35,1,312518,311792,726
10884961,23.2273,61.1804,726,52560,0.45979,0.36,1,312542,311816,726
10887881,23.3239,56.5329,726,51400,0.460811,0.37,1,312566,311840,726
10889341,23.4084,52.4662,726,52560,0.46373,0.38,1,312590,311864,726
10892261,23.4823,48.908,726,51400,0.464357,0.39,1,312614,311888,726
10893721,23.547,45.7945,726,52560,0.466921,0.4,1,312638,311912,726
10896641,23.6037,43.0702,726,51400,0.467229,0.39,1,312662,311936,726
10898101,23.6532,40.6864,726,52560,0.469506,0.39,1,312686,311960,726
10901021,23.6965,38.6006,726,51400,0.469555,0.39,1,312710,311984,726
10902481,23.7345,36.7755,726,52560,0.4716,0.4,1,312734,312008,726
10905401,23.7677,35.1786,726,51400,0.47144,0.4,1,312758,312032,726
10906861,23.7967,33.7813,726,52560,0.473296,0.4,1,312782,312056,726
10909781,23.8221,32.5586,726,51400,0.472966,0.4,1,312806,312080,726
10911241,23.8444,31.4888,726,52560,0.47467,0.4,1,312830,312104,726
10912701,23.8638,30.5527,726,51400,0.474203,0.4,1,312854,312128,726
10915621,23.8808,29.7336,726,52560,0.475782,0.4,1,312878,312152,726
10917081,23.8957,29.0169,726,51400,0.475204,0.4,1,312902,312176,726
10920001,23.9088,28.3898,726,52560,0.476684,0.39,1,312926,312200,726
10921461,23.9202,28.0911,724,51400,0.476015,0.39,1,312950,312226,724
10922921,23.9301,28.0797,720,52560,0.477414,0.39,1,312974,312254,720
10925841,23.9389,24.5697,744,51400,0.476672,0.39,1,312998,312254,744
10927301,23.9465,21.4985,768,52560,0.478005,0.39,1,313022,312254,768
10928761,23.9532,18.8112,792,51400,0.477205,0.39,1,313046,312254,792
10931681,23.9591,16.4598,816,52560,0.478484,0.47,1,313070,312254,816
10934601,23.9642,17.4023,816,51400,0.477636,0.47,1,313094,312278,816
10936061,23.9687,15.227,840,52560,0.478872,0.47,1,313118,312278,840
10943361,23.9726,19.3236,816,51400,0.477985,0.47,1,313142,312326,816
10947741,23.976,16.9082,840,52560,0.479187,0.47,1,313166,312326,840
10949201,23.979,20.7947,816,51400,0.478268,0.47,1,313190,312374,816
10956501,23.9816,18.1953,840,52560,0.479441,0.47,1,313214,312374,840
10959521,23.8589,21.9209,815,51400,0.478497,1,1,313237,312422,815
10959521,23.8766,19.1808,839,51100,0.477647,0,1,313261,312422,839
10959521,23.892,16.7832,863,49640,0.476883,0.47,1,313285,312422,863
10959521,23.9055,14.6853,887,49640,0.476194,0,1,313309,312422,887
10959521,23.9173,12.8496,911,49640,0.475575,0,1,313333,312422,911
10959521,23.9276,11.2434,935,49640,0.475017,0,1,313357,312422,935
10959521,23.9367,9.83801,959,49640,0.474516,0,1,313381,312422,959
10959521,23.9446,8.60825,983,49640,0.474064,0,1,313405,312422,983
10959521,23.9515,7.53222,1007,49640,0.473658,0,1,313429,312422,1007
10959521,23.9576,6.5907,1031,49640,0.473292,0,1,313453,312422,1031
10959521,23.9629,5.76686,1055,49640,0.472963,0,1,313477,312422,1055
10959521,23.9675,5.046,1079,49640,0.472666,0,1,313501,312422,1079
10959521,23.9716,4.41525,1103,49640,0.4724,0,1,313525,312422,1103
10959521,23.9751,3.86334,1127,49640,0.47216,0,1,313549,312422,1127
10959521,23.9782,3.38043,1151,49640,0.471944,0,1,313573,312422,1151
10959521,23.981,2.95787,1175,49640,0.471749,0,1,313597,312422,1175
10959521,23.9833,2.58814,1199,49640,0.471575,0,1,313621,312422,1199
10959521,23.9854,2.26462,1223,49640,0.471417,0,1,313645,312422,1223
10959521,23.9872,1.98154,1247,49640,0.471275,0,1,313669,312422,1247
10959521,23.9888,1.73385,1271,49640,0.471148,0,1,313693,312422,1271
10959521,23.9902,1.51712,1295,49640,0.471033,0,1,313717,312422,1295
10959521,23.9915,1.32748,1319,49640,0.47093,0,1,313741,312422,1319
10959521,23.9925,1.16154,1343,49640,0.470837,0,1,313765,312422,1343
10959521,23.9935,1.01635,1367,49640,0.470753,0,1,313789,312422,1367
10959521,23.9943,0.889308,1391,49640,0.470678,0,1,313813,312422,1391
10959521,23.995,0.778144,1415,49640,0.47061,0,1,313837,312422,1415
10959521,23.9956,0.680876,1439,49640,0.470549,0,1,313861,312422,1439
10959521,23.9962,0.595767,1463,49640,0.470494,0,1,313885,312422,1463
10959521,23.9966,0.521296,1487,49640,0.470445,0,1,313909,312422,1487
10959521,23.9971,0.456134,1511,49640,0.4704,0,1,313933,312422,1511
10959521,23.9974,0.399117,1535,49640,0.47036,0,1,313957,312422,1535
10959521,23.9978,0.349227,1559,49640,0.470324,0,1,313981,312422,1559
10959521,23.998,0.305574,1583,49640,0.470292,0,1,314005,312422,1583
10959521,23.9983,0.267377,1607,49640,0.470263,0,1,314029,312422,1607
10959521,23.9985,0.233955,1631,49640,0.470236,0,1,314053,312422,1631
11012281,23.9987,105.08,816,49640,0.470213,0.47,1,314077,313261,816
11015201,26.9988,94.9447,840,96360,0.523191,0.47,1,314125,313285,840
11018121,29.624,89.0767,840,97820,0.570872,0.47,1,314173,313333,840
11029801,37.2283,72.0784,840,103660,0.718449,0.47,2,314365,313525,840
11032721,38.5748,69.0686,840,105120,0.746604,0.47,2,314413,313573,840
11035641,39.7529,66.435,840,106580,0.771944,0.47,2,314461,313621,840
11038561,40.7838,64.1306,840,108040,0.794749,0.47,2,314509,313669,840
11041481,41.6858,62.1143,840,109500,0.815275,0.47,2,314557,313717,840
11044401,42.4751,60.35,840,110960,0.833747,0.47,2,314605,313765,840
11047321,43.1657,58.8063,840,112420,0.850372,0.47,2,314653,313813,840
11050241,43.77,57.4555,840,113880,0.865335,0.47,2,314701,313861,840
11053161,44.2988,56.2735,840,113880,0.878802,0.47,2,314749,313909,840
11056081,44.7614,55.2394,840,113880,0.890921,0.47,2,314797,313957,840
11059001,45.1662,54.3344,840,115340,0.901829,0.47,2,314845,314005,840
11061921,45.5205,53.5426,840,115340,0.911646,0.47,2,314893,314053,840
11064841,45.8304,49.8498,864,115340,0.920482,0.47,2,314941,314077,864
11067761,46.1016,43.6186,912,115340,0.924434,0.47,2,314989,314077,912
11070681,46.3389,38.1663,960,116800,0.93199,0.47,2,315037,314077,960
11073601,46.5465,33.3955,1008,116800,0.938791,0.47,2,315085,314077,1008
11076521,46.7282,29.221,1056,116800,0.944912,0.47,2,315133,314077,1056
11096401,46.6392,14.7562,1353,119720,0.942322,0.86,2,315460,314107,1353
11099321,46.8093,12.9117,1401,119720,0.922089,0.86,2,315508,314107,1401
11102241,46.9582,11.2977,1449,119720,0.901881,0.86,2,315556,314107,1449
11105161,47.0884,9.88552,1497,119720,0.911692,0.86,2,315604,314107,1497
11105161,44.2024,8.64983,1521,121180,0.920523,0,2,315628,314107,1521
11105161,41.6771,7.5686,1545,121180,0.928471,0,2,315652,314107,1545
11105161,39.4674,6.62253,1569,121180,0.935624,0,2,315676,314107,1569
11105161,37.659,5.79471,1594,118380,0.942061,1,2,315701,314107,1594
11105161,35.9516,5.07037,1618,117475,0.947855,0,2,315725,314107,1618
11105161,25.0804,0.458337,2050,99103,0.948003,0,2,316157,314107,2050
11105161,24.9453,0.401045,2074,98650,0.936203,0,2,316181,314107,2074
11105161,24.8272,0.350914,2098,96737,0.926583,0,2,316205,314107,2098
11105161,24.7238,0.30705,2122,96284,0.918925,0,2,316229,314107,2122
11105161,23.7583,0.268669,2139,94371,0.911032,0,2,316246,314107,2139
11105161,23.7885,0.235085,2163,94042,0.904929,0,2,316270,314107,2163
11105161,23.8149,0.205699,2187,92129,0.900436,0,2,316294,314107,2187
11105161,23.8381,0.179987,2211,91677,0.895392,0,2,316318,314107,2211
11105161,23.8583,0.157489,2235,91224,0.891853,0,2,316342,314107,2235
11105161,23.876,0.137803,2259,90771,0.889668,0,2,316366,314107,2259
11105161,23.8915,0.120577,2283,90318,0.886701,0,2,316390,314107,2283
11105161,23.9051,0.105505,2307,89865,0.885031,0,2,316414,314107,2307
11105161,23.9169,0.092317,2331,89412,0.884528,0,2,316438,314107,2331
11105161,23.9273,0.0807773,2355,88959,0.883075,0,2,316462,314107,2355
11105161,23.9364,0.0706802,2379,88506,0.882768,0,2,316486,314107,2379
11105161,23.9444,0.0618451,2403,88053,0.883491,0,2,316510,314107,2403
11105161,23.9513,0.0541145,2427,86140,0.883142,0,2,316534,314107,2427
11105161,23.9574,0.0473502,2451,84680,0.881828,0,2,316558,314107,2451
11105161,23.9627,0.0414314,2475,84680,0.881645,0,2,316582,314107,2475
11105161,23.9674,0.0362525,2499,84680,0.88248,0,2,316606,314107,2499
11105161,23.9715,0.0317209,2523,84680,0.884232,0,2,316630,314107,2523
11105161,23.975,0.0277558,2547,84680,0.886809,0,2,316654,314107,2547
11105161,23.9782,0.0242863,2571,84680,0.890128,0,2,316678,314107,2571
11105161,23.9809,0.0212505,2595,84680,0.893115,0,2,316702,314107,2595
11105161,23.9833,0.0185942,2619,84680,0.895804,0,2,316726,314107,2619
11105161,23.9854,0.0162699,2643,84680,0.898223,0,2,316750,314107,2643
11105161,23.9872,0.0142362,2667,84680,0.900401,0,2,316774,314107,2667
11105161,23.9888,0.0124567,2691,84680,0.902361,0,2,316798,314107,2691
11105161,23.9902,0.0108996,2715,84680,0.904125,0,2,316822,314107,2715
11105161,23.9914,0.00953715,2739,84680,0.905712,0,2,316846,314107,2739
11105161,23.9925,0.008345,2763,84680,0.907141,0,2,316870,314107,2763
11105161,22.1184,0.00730188,2772,84680,0.908427,0,2,316879,314107,2772
11105161,22.3536,0.00638914,2796,84680,0.907584,0,2,316903,314107,2796
11105161,22.5594,0.0055905,2820,84680,0.906826,0,2,316927,314107,2820
11105161,22.7395,0.00489169,2844,84160,0.906143,0,2,316951,314107,2844
11105161,22.8971,0.00428023,2868,84160,0.905529,0,2,316975,314107,2868
11105161,23.0349,0.0037452,2892,84160,0.903976,0,2,316999,314107,2892
11105161,23.1556,0.00327705,2916,84160,0.894578,0,2,317023,314107,2916
11105161,23.2611,0.00286742,2940,84160,0.885121,0,2,317047,314107,2940
11105161,23.3535,0.00250899,2964,84160,0.875609,0,2,317071,314107,2964
11105161,23.4343,0.00219537,2988,84160,0.865048,0,2,317095,314107,2988
11105161,23.505,0.00192095,3012,84160,0.856543,0,2,317119,314107,3012
11105161,23.5669,0.00168083,3036,84160,0.849889,0,2,317143,314107,3036
11105161,23.621,0.00147072,3060,84160,0.8439,0,2,317167,314107,3060
11105161,23.6684,0.00128688,3084,84160,0.83951,0,2,317191,314107,3084
11105161,23.7098,0.00112602,3108,84160,0.836559,0,2,317215,314107,3108
11105161,23.7461,0.00098527,3132,84160,0.834903,0,2,317239,314107,3132
11105161,23.7778,0.000862111,3156,84160,0.834413,0,2,317263,314107,3156
11105161,23.8056,0.000754347,3180,84160,0.834971,0,2,317287,314107,3180
11105161,23.8299,0.000660054,3204,84160,0.836474,0,2,317311,314107,3204
11105161,23.8512,0.000577547,3228,84160,0.838827,0,2,317335,314107,3228
11105161,23.8698,0.000505354,3252,84160,0.840944,0,2,317359,314107,3252
11105161,23.8861,0.000442185,3276,84680,0.84185,0,2,317383,314107,3276
11105161,23.9003,0.000386912,3300,84680,0.840665,0,2,317407,314107,3300
11105161,23.9128,0.000338548,3324,84680,0.837598,0,2,317431,314107,3324
11105161,23.9237,0.000296229,3348,82700,0.834838,0,2,317455,314107,3348
11105161,23.9332,0.0002592,3372,84160,0.832355,0,2,317479,314107,3372
11105161,23.9416,0.0002268,3396,82700,0.830119,0,2,317503,314107,3396
11105161,23.9489,0.00019845,3420,82700,0.827107,0,2,317527,314107,3420
11105161,23.9553,0.000173644,3444,83640,0.822396,0,2,317551,314107,3444
11105161,23.9608,0.000151939,3468,83640,0.816157,0,2,317575,314107,3468
11105161,22.8407,0.000132946,3483,82180,0.808541,0,2,317590,314107,3483
11105161,22.9856,0.000116328,3507,80720,0.799687,0,2,317614,314107,3507
11105161,23.1124,0.000101787,3531,81240,0.789718,0,2,317638,314107,3531
11105161,23.2234,8.90636e-05,3555,81240,0.778746,0,2,317662,314107,3555
11105161,23.3205,7.79306e-05,3579,81240,0.766872,0,2,317686,314107,3579
11105161,23.4054,6.81893e-05,3603,81240,0.754185,0,2,317710,314107,3603
11105161,23.4797,5.96657e-05,3627,81240,0.740766,0,2,317734,314107,3627
11105161,23.5448,5.22074e-05,3651,81240,0.72669,0,2,317758,314107,3651
11105161,23.6017,4.56815e-05,3675,81240,0.712021,0,2,317782,314107,3675
11105161,23.8631,1.56966e-05,3867,1460,0.587537,0,1,317974,314107,3867
11105161,23.8802,1.37345e-05,3891,1460,0.570783,0,1,317998,314107,3891
11105161,23.8952,1.20177e-05,3915,1460,0.553705,0,1,318022,314107,3915
11105161,23.9083,1.05155e-05,3939,1460,0.536334,0,1,318046,314107,3939
11105161,23.9198,9.20104e-06,3963,1460,0.518701,0,1,318070,314107,3963
11105161,23.9298,8.05091e-06,3987,1460,0.500831,0,1,318094,314107,3987
11105161,23.9386,7.04455e-06,4011,1460,0.482748,0,1,318118,314107,4011
11105161,23.9463,6.16398e-06,4035,1460,0.464473,0,1,318142,314107,4035
11105161,23.953,5.39348e-06,4059,1460,0.446026,0,1,318166,314107,4059
11105161,23.9588,4.7193e-06,4083,1460,0.427423,0,1,318190,314107,4083
11105161,23.964,4.12939e-06,4107,1460,0.408681,0,1,318214,314107,4107
11105161,23.9685,3.61321e-06,4131,1460,0.389813,0,1,318238,314107,4131
11105161,23.9724,3.16156e-06,4155,1460,0.370831,0,1,318262,314107,4155
11105161,23.9759,2.76637e-06,4179,1460,0.351748,0,1,318286,314107,4179
11105161,23.9789,2.42057e-06,4203,1460,0.332573,0,1,318310,314107,4203
11105161,23.9815,2.118e-06,4227,1460,0.313316,0,1,318334,314107,4227
11105161,23.9838,1.85325e-06,4251,1460,0.293984,0,1,318358,314107,4251
11105161,23.9859,1.62159e-06,4275,1460,0.274586,0,1,318382,314107,4275
11105161,23.9876,1.41889e-06,4299,1460,0.255127,0,1,318406,314107,4299
11105161,23.9892,1.24153e-06,4323,1460,0.235615,0,1,318430,314107,4323
11105161,23.9905,1.08634e-06,4347,1460,0.216053,0,1,318454,314107,4347
11105161,23.9917,9.50548e-07,4371,1460,0.196448,0,1,318478,314107,4371
11105161,23.9927,8.31729e-07,4395,1460,0.177803,0,1,318502,314107,4395
11105161,23.9937,7.27763e-07,4419,1460,0.160023,0,1,318526,314107,4419
11105161,23.9944,6.36793e-07,4443,1460,0.144021,0,1,318550,314107,4443
11105161,23.9951,5.57194e-07,4467,1460,0.129618,0,1,318574,314107,4467
11105161,23.9957,4.87545e-07,4491,1460,0.116657,0,1,318598,314107,4491
11105161,23.9963,4.26601e-07,4515,1460,0.104991,0,1,318622,314107,4515
11105161,23.9967,3.73276e-07,4539,1460,0.0944919,0,1,318646,314107,4539
11105161,23.9972,3.26617e-07,4563,1460,0.0850427,0,1,318670,314107,4563
11105161,23.9975,2.8579e-07,4587,1460,0.0765384,0,1,318694,314107,4587
11105161,22.8728,2.50066e-07,4602,1460,0.0688846,0,1,318709,314107,4602
11116841,23.0137,470.875,859,1460,0.0619961,1,1,318733,317874,859
11236161,50.887,519.391,246,13140,0.0557965,0,1,318979,318733,246
11239081,623.901,1030.84,270,13140,0.0502168,0,1,323614,323344,270
11242001,551.913,901.987,318,16060,0.0501952,0,1,323662,323344,318
11244921,488.924,789.238,366,18980,0.0541756,0,1,323710,323344,366
11247841,433.809,690.583,414,21900,0.0617581,0,1,323758,323344,414
11250761,392.333,604.261,516,24820,0.0665823,0,1,323860,323344,516
11253681,349.291,562.478,294,27740,0.074924,0,1,323908,323614,294
11256601,311.63,492.168,342,30660,0.0864316,0.05,1,323956,323614,342
11259521,278.676,436.647,342,33580,0.100788,0.05,1,324004,323662,342
11262441,249.841,382.066,390,36500,0.11771,0.09,1,324052,323662,390
11265361,224.611,340.308,390,39420,0.136939,0.09,1,324100,323710,390
11268281,202.535,297.77,438,42340,0.158245,0.13,1,324148,323710,438
11271201,183.218,266.548,438,45260,0.18142,0.13,1,324196,323758,438
11274121,166.316,233.23,486,48180,0.206278,0.11,1,324244,323758,486
11277041,151.526,216.826,432,51100,0.23265,0.11,1,324292,323860,432
11279961,138.586,189.723,480,54020,0.260385,0.15,1,324340,323860,480
11282881,127.262,172.007,480,56940,0.289347,0.15,1,324388,323908,480
11285801,117.355,150.507,528,56940,0.315412,0.19,1,324436,323908,528
11288721,108.685,137.693,528,56940,0.338871,0.19,1,324484,323956,528
11291641,101.1,120.482,576,56940,0.359984,0.23,1,324532,323956,576
11294561,94.4621,111.421,576,56940,0.378985,0.23,1,324580,324004,576
11297481,88.6544,97.4937,624,56940,0.396087,0.27,1,324628,324004,624
11300401,83.5726,91.307,624,56940,0.411478,0.27,1,324676,324052,624
11303321,79.126,79.8936,672,56940,0.42533,0.31,1,324724,324052,672
11306241,75.2352,75.9069,672,56940,0.437797,0.31,1,324772,324100,672
11309161,71.8308,66.4185,720,56940,0.449018,0.35,1,324820,324100,720
11312081,68.852,64.1162,720,58400,0.461116,0.35,1,324868,324148,720
11315001,66.2455,56.1017,768,58400,0.472004,0.39,1,324916,324148,768
11317921,63.9648,55.089,768,58400,0.481804,0.39,1,324964,324196,768
11320841,61.9692,48.2029,816,58400,0.490623,0.43,1,325012,324196,816
11323761,60.223,48.1775,816,58400,0.498561,0.43,1,325060,324244,816
11326681,58.6952,42.1553,864,58400,0.505705,0.47,1,325108,324244,864
11329601,57.3583,42.8859,864,58400,0.512134,0.47,1,325156,324292,864
11332521,56.1885,37.5252,912,58400,0.517921,0.51,1,325204,324292,912
11335441,55.1649,38.8345,912,58400,0.523129,0.51,1,325252,324340,912
11338361,54.2693,33.9802,960,58400,0.527816,0.55,1,325300,324340,960
11341281,53.4856,35.7327,960,59860,0.534034,0.55,1,325348,324388,960
11344201,52.7999,37.2661,960,59860,0.539631,0.55,1,325396,324436,960
11347121,52.1999,38.6078,960,59860,0.544668,0.55,1,325444,324484,960
11350041,51.675,39.7819,960,59860,0.549201,0.55,1,325492,324532,960
11352961,51.2156,40.8091,960,59860,0.553281,0.55,1,325540,324580,960
11355881,50.8136,41.708,960,59860,0.556953,0.55,1,325588,324628,960
11358801,50.4619,42.4945,960,59860,0.560258,0.55,1,325636,324676,960
11361721,50.1542,43.1827,960,59860,0.563232,0.55,1,325684,324724,960
11364641,49.8849,43.7848,960,59860,0.565909,0.55,1,325732,324772,960
11367561,49.6493,44.3117,960,59860,0.568318,0.57,1,325780,324820,960
11370481,49.4431,44.7728,960,61320,0.572486,0.57,1,325828,324868,960
11373401,49.2627,45.1762,960,61320,0.576237,0.57,1,325876,324916,960
11376321,49.1049,45.5291,960,61320,0.579614,0.57,1,325924,324964,960
11379241,48.9668,45.838,960,61320,0.581652,0.57,1,325972,325012,960
11382161,48.8459,46.1083,960,61320,0.579487,0.57,1,326020,325060,960
11385081,48.7402,46.3447,960,61320,0.573538,0.57,1,326068,325108,960
11388001,48.6477,46.5516,960,61320,0.564185,0.57,1,326116,325156,960
11390921,48.5667,46.7327,960,61320,0.551766,0.57,1,326164,325204,960
11393841,48.4959,46.8911,960,61320,0.536589,0.57,1,326212,325252,960
11396761,48.4339,47.0297,960,61320,0.51893,0.57,1,326260,325300,960
11399681,48.3797,41.151,1008,62780,0.499037,0.59,1,326308,325300,1008
11402601,48.3322,42.0071,1008,62780,0.477134,0.59,1,326356,325348,1008
11405521,48.2907,42.7562,1008,62780,0.45342,0.59,1,326404,325396,1008
11408441,48.2543,43.4117,1008,62780,0.428078,0.59,1,326452,325444,1008
11411361,48.2225,43.9852,1008,62780,0.40127,0.59,1,326500,325492,1008
11414281,48.1947,44.4871,1008,62780,0.373143,0.59,1,326548,325540,1008
11417201,48.1704,44.9262,1008,62780,0.343829,0.59,1,326596,325588,1008
11420121,48.1491,45.3104,1008,64240,0.313446,0.59,1,326644,325636,1008
11423041,48.1305,45.6466,1008,64240,0.282102,0.59,1,326692,325684,1008
11425961,48.1141,45.9408,1008,64240,0.253891,0.59,1,326740,325732,1008
11428881,48.0999,46.1982,1008,64240,0.228502,0.61,1,326788,325780,1008
11431801,48.0874,46.4234,1008,65700,0.205652,0.61,1,326836,325828,1008
11434721,48.0765,46.6205,1008,65700,0.185087,0.61,1,326884,325876,1008
11436881,46.5669,46.7929,996,65700,0.166578,0,1,326920,325924,996
11439801,337.871,428.819,270,65700,0.21692,0,1,329297,329027,270
11442721,301.637,375.216,318,67160,0.264228,0,1,329345,329027,318
11445641,269.933,328.314,366,68620,0.308805,0,1,329393,329027,366
11448561,242.191,287.275,414,70080,0.350925,0,1,329441,329027,414
11451481,217.917,251.366,462,71540,0.390832,0,1,329489,329027,462
11454401,196.677,219.945,510,73000,0.428749,0,1,329537,329027,510
11457321,178.093,192.452,558,74460,0.464874,0,1,329585,329027,558
11460241,161.831,168.395,606,75920,0.499387,0,1,329633,329027,606
11463161,147.602,147.346,654,77380,0.532448,0,1,329681,329027,654
11466081,135.152,128.928,702,78840,0.564203,0,1,329729,329027,702
11469001,124.258,112.812,750,80300,0.594783,0,1,329777,329027,750
11480681,92.701,66.1282,942,86140,0.707528,0,2,329969,329027,942
11483601,87.1134,57.8622,990,87600,0.733775,0,2,330017,329027,990
11486521,82.2242,50.6294,1038,89060,0.759398,0,2,330065,329027,1038
11489441,77.9462,44.3007,1086,90520,0.783458,0,2,330113,329027,1086
11492361,74.2029,38.7631,1134,91980,0.805112,0,2,330161,329027,1134
11495281,70.9276,33.9177,1182,93440,0.824601,0,2,330209,329027,1182
11498201,68.0616,29.678,1230,94900,0.842141,0,2,330257,329027,1230
11501121,65.5539,25.9683,1278,96360,0.857927,0,2,330305,329027,1278
11504041,63.3597,22.7222,1326,97820,0.872134,0.67,2,330353,329027,1326
11506961,61.4397,53.632,1104,99280,0.884921,0.69,2,330401,329297,1104
11509881,59.7598,52.928,1104,100740,0.896429,0.69,2,330449,329345,1104
11512801,58.2898,46.312,1152,102200,0.906786,0.71,2,330497,329345,1152
11515721,57.0036,46.523,1152,103660,0.916107,0.73,2,330545,329393,1152
11518641,55.8781,46.7076,1152,105120,0.924496,0.73,2,330593,329441,1152
11521561,54.8933,40.8691,1200,106580,0.932047,0.75,2,330641,329441,1200
11524481,54.0317,41.7605,1200,108040,0.938842,0.77,2,330689,329489,1200
11527401,53.2777,42.5404,1200,109500,0.944958,0.77,2,330737,329537,1200
11578501,42.7403,26.68,1536,135780,0.944581,0,2,331649,330113,1536
11578501,40.5227,23.345,1561,126480,0.931123,0.83,2,331674,330113,1561
11578501,38.4574,20.4269,1585,125678,0.91501,0,2,331698,330113,1585
11578501,36.6502,17.8735,1609,125277,0.898509,0,2,331722,330113,1609
11578501,35.0689,15.6393,1633,123416,0.879659,0,2,331746,330113,1633
11578501,33.6853,13.6844,1657,121554,0.860693,0,2,331770,330113,1657
11578501,32.4747,11.9739,1681,119693,0.841623,0,2,331794,330113,1681
11578501,31.4153,10.4771,1705,117832,0.822461,0,2,331818,330113,1705
11578501,30.4884,9.16749,1729,115971,0.801215,0,2,331842,330113,1729
11578501,29.6774,8.02155,1753,112650,0.780093,0,2,331866,330113,1753
11578501,28.9677,7.01886,1777,110788,0.759084,0,2,331890,330113,1777
11578501,28.3467,6.1415,1801,107467,0.739176,0,2,331914,330113,1801
11578501,27.8034,5.37381,1825,105606,0.722258,0,2,331938,330113,1825
11578501,27.328,4.70209,1849,102285,0.708032,0,2,331962,330113,1849
11578501,19.4558,0.127793,2437,57320,0.597895,0,1,332550,330113,2437
11578501,20.0238,0.111819,2461,57120,0.595106,0,1,332574,330113,2461
11578501,18.0208,0.0978418,2465,57120,0.594595,0,1,332578,330113,2465
11578501,18.7682,0.0856115,2489,57120,0.592136,0,1,332602,330113,2489
11578501,17.6722,0.0749101,2499,56920,0.591922,0,1,332612,330113,2499
11578501,18.4632,0.0655463,2523,56920,0.58973,0,1,332636,330113,2523
11578501,19.1553,0.057353,2547,56300,0.587757,0,1,332660,330113,2547
11578501,17.2609,0.0501839,2551,56300,0.587981,0,1,332664,330113,2551
11578501,18.1033,0.0439109,2575,56300,0.586183,0,1,332688,330113,2575
11578501,17.0903,0.0384221,2585,56100,0.584565,0,1,332698,330113,2585
11584341,17.9541,192.034,1073,56100,0.581108,0.77,1,332722,331649,1073
11587261,18.7098,174.154,1048,66480,0.592997,0.71,1,332746,331698,1048
11709361,21.2599,14.669,1010,66480,0.700554,0.7,2,333732,332722,1010
11712281,24.6024,13.2103,1055,96360,0.706499,0.66,2,333780,332725,1055
11714561,26.1521,11.5591,1092,97820,0.707849,0.69,2,333817,332725,1092
11714561,25.8831,10.1142,1116,99280,0.707064,0,2,333841,332725,1116
11717481,28.6477,17.4749,1095,99280,0.702357,0.69,2,333889,332794,1095
11737921,40.4004,36.0129,1095,102200,0.588073,0.69,1,334225,333130,1095
11749601,43.5453,40.9734,1095,105120,0.729734,0.69,2,334417,333322,1095
11752521,44.1021,41.8517,1095,105120,0.756761,0.69,2,334465,333370,1095
11755441,44.5894,42.6203,1095,105120,0.781085,0.69,2,334513,333418,1095
11758361,45.0157,43.2927,1095,106580,0.802976,0.68,2,334561,333466,1095
11761281,45.3887,43.8811,1095,106580,0.822679,0.68,2,334609,333514,1095
11764201,45.7151,44.396,1095,108040,0.840411,0.69,2,334657,333562,1095
11767121,46.0007,44.8465,1095,108040,0.85637,0.69,2,334705,333610,1095
11770041,46.2506,45.2407,1095,108040,0.870733,0.69,2,334753,333658,1095
11772961,46.4693,45.4606,1096,109500,0.88366,0.71,2,334801,333705,1096
11775881,46.6607,42.778,1120,109500,0.895294,0.73,2,334849,333729,1120
11778801,46.8281,37.8058,1165,109500,0.905764,0.73,2,334897,333732,1165
11781541,46.5996,33.08,1210,110960,0.915188,0.38,2,334942,333732,1210
11784461,46.7746,92.57,749,110960,0.923669,0.38,2,334990,334241,749
11787381,46.9278,80.9988,797,112420,0.931302,0.38,2,335038,334241,797
11790301,47.0618,70.8739,845,112420,0.938172,0.38,2,335086,334241,845
11793221,47.1791,62.0147,893,112420,0.944355,0.38,2,335134,334241,893
11796141,47.2817,54.2629,941,113880,0.949919,0.38,2,335182,334241,941
11822421,47.784,16.3146,1373,116800,0.944495,0.38,2,335614,334241,1373
11825341,47.811,14.2752,1421,118260,0.938045,0.38,2,335662,334241,1421
11828261,47.8347,12.4908,1469,118260,0.932241,0.38,2,335710,334241,1469
11831181,47.8553,10.9295,1517,118260,0.927017,0.38,2,335758,334241,1517
11832641,47.8734,9.56329,1565,119720,0.921315,0.38,2,335806,334241,1565
11832641,44.8892,8.36788,1589,119720,0.919183,0,2,335830,334241,1589
11832641,42.2781,7.32189,1613,119720,0.915265,0,2,335854,334241,1613
11832641,39.9933,6.40666,1637,118260,0.910739,0.88,2,335878,334241,1637
11832641,38.1192,5.60583,1662,117322,0.905665,0,2,335903,334241,1662
11832641,36.3543,4.9051,1686,116853,0.900098,0,2,335927,334241,1686
11832641,34.81,4.29196,1710,116383,0.894088,0,2,335951,334241,1710
11832641,33.4587,3.75547,1734,114454,0.88668,0,2,335975,334241,1734
11832641,32.2764,3.28603,1758,112525,0.879012,0,2,335999,334241,1758
11832641,31.2418,2.87528,1782,112055,0.87111,0,2,336023,334241,1782
11832641,30.3366,2.51587,1806,110126,0.862999,0,2,336047,334241,1806
11832641,29.5445,2.20138,1830,109657,0.8567,0,2,336071,334241,1830
11832641,28.8515,1.92621,1854,107728,0.84703,0,2,336095,334241,1854
11832641,28.245,1.68544,1878,105798,0.837327,0,2,336119,334241,1878
11832641,27.7144,1.47476,1902,105329,0.829594,0,2,336143,334241,1902
11832641,27.2501,1.29041,1926,101940,0.819635,0,2,336167,334241,1926
11832641,26.8438,1.12911,1950,100010,0.811671,0,2,336191,334241,1950
11832641,26.4884,0.987971,1974,99541,0.802504,0,2,336215,334241,1974
11832641,26.1773,0.864475,1998,96152,0.793254,0,2,336239,334241,1998
11832641,25.9052,0.756415,2022,95683,0.785928,0,2,336263,334241,2022
11832641,25.667,0.661863,2046,93753,0.780335,0,2,336287,334241,2046
11832641,25.4586,0.579131,2070,90364,0.774302,0,2,336311,334241,2070
11832641,25.2763,0.506739,2094,89895,0.769872,0,2,336335,334241,2094
11832641,25.1168,0.443397,2118,86505,0.766885,0,2,336359,334241,2118
11832641,24.9772,0.387972,2142,86036,0.763196,0,2,336383,334241,2142
11832641,24.855,0.339476,2166,81760,0.760876,0,2,336407,334241,2166
11832641,24.7481,0.297041,2190,78840,0.759789,0,2,336431,334241,2190
11832641,24.6546,0.259911,2214,78840,0.75981,0,2,336455,334241,2214
11832641,24.5728,0.227422,2238,75920,0.760829,0,2,336479,334241,2238
11832641,24.5012,0.198994,2262,75920,0.762746,0,2,336503,334241,2262
11832641,24.4385,0.17412,2286,74460,0.765471,0,2,336527,334241,2286
11832641,24.3837,0.152355,2310,74460,0.768924,0,2,336551,334241,2310
11832641,24.3358,0.133311,2334,74460,0.773032,0,2,336575,334241,2334
11832641,24.2938,0.116647,2358,74460,0.776729,0,2,336599,334241,2358
11832641,24.2571,0.102066,2382,74460,0.780056,0,2,336623,334241,2382
11832641,24.2249,0.0893078,2406,74460,0.78305,0,2,336647,334241,2406
11832641,24.1968,0.0781443,2430,74460,0.785745,0,2,336671,334241,2430
11832641,24.1722,0.0683763,2454,74460,0.788171,0,2,336695,334241,2454
11832641,24.1507,0.0598292,2478,74460,0.790354,0,2,336719,334241,2478
11832641,24.1319,0.0523506,2502,74460,0.791318,0,2,336743,334241,2502
11832641,24.1154,0.0458068,2526,73540,0.792186,0,2,336767,334241,2526
11832641,24.101,0.0400809,2550,73540,0.792968,0,2,336791,334241,2550
11832641,24.0883,0.0350708,2574,73540,0.793671,0,2,336815,334241,2574
11832641,24.0773,0.0306869,2598,73540,0.794304,0,2,336839,334241,2598
11832641,24.0676,0.0268511,2622,73540,0.794873,0,2,336863,334241,2622
11832641,24.0592,0.0234947,2646,73540,0.795386,0,2,336887,334241,2646
11832641,24.0518,0.0205579,2670,73540,0.795848,0,2,336911,334241,2670
11832641,24.0453,0.0179881,2694,73540,0.796263,0,2,336935,334241,2694
11832641,24.0396,0.0157396,2718,73540,0.796637,0,2,336959,334241,2718
11832641,24.0347,0.0137722,2742,73540,0.796973,0,2,336983,334241,2742
11832641,24.0304,0.0120506,2766,73540,0.797276,0,2,337007,334241,2766
11832641,24.0266,0.0105443,2790,73540,0.797548,0,2,337031,334241,2790
11832641,24.0232,0.00922627,2814,73540,0.797793,0,2,337055,334241,2814
11832641,24.0203,0.00807299,2838,73540,0.798014,0,2,337079,334241,2838
11832641,24.0178,0.00706386,2862,73540,0.798213,0,2,337103,334241,2862
11832641,24.0156,0.00618088,2886,73540,0.798391,0,2,337127,334241,2886
11832641,24.0136,0.00540827,2910,73540,0.798552,0,2,337151,334241,2910
11832641,24.0119,0.00473224,2934,73540,0.798697,0,2,337175,334241,2934
11832641,24.0104,0.00414071,2958,73540,0.798827,0,2,337199,334241,2958
11832641,24.0091,0.00362312,2982,73540,0.798944,0,2,337223,334241,2982
11832641,24.008,0.00317023,3006,73540,0.79905,0,2,337247,334241,3006
11839941,24.007,201.628,1417,73540,0.799145,0.84,2,337271,335854,1417
11839941,24.0061,176.424,1441,83220,0.806231,0,2,337295,335854,1441
11842861,24.0053,166.496,1368,78460,0.810607,0.82,2,337319,335951,1368
11847241,24.0047,148.684,1368,83220,0.812547,0.8,2,337343,335975,1368
11851621,24.0041,136.099,1344,83220,0.812292,0.76,2,337367,336023,1344
11851621,24.0036,119.086,1368,83220,0.810063,0,2,337391,336023,1368
11854541,24.0031,113.201,1320,72620,0.806057,0.75,2,337415,336095,1320
11858921,24.0027,102.05,1320,83220,0.800451,0.73,2,337439,336119,1320
11860381,24.0024,95.2942,1296,83220,0.793406,0.74,2,337463,336167,1296
11863301,24.0021,86.3824,1296,83220,0.785065,0.71,2,337487,336191,1296
11867681,24.0018,81.5846,1272,83220,0.775559,0.72,2,337511,336239,1272
11869141,24.0016,74.3865,1272,83220,0.765003,0.72,2,337535,336263,1272
11873521,24.0014,71.0882,1248,83220,0.753503,0.73,2,337559,336311,1248
11876441,24.0012,65.2022,1248,83220,0.741152,0.73,2,337583,336335,1248
11877901,24.0011,63.0519,1224,83220,0.728037,0.74,2,337607,336383,1224
11882281,24.0009,58.1704,1224,83220,0.714233,0.75,2,337631,336407,1224
11904181,23.8753,35.7413,1223,83220,0.590089,0.81,1,337822,336599,1223
11958201,23.8909,34.2736,1223,83220,0.57308,0.8,1,337846,336623,1223
11961121,26.9045,32.9894,1247,84680,0.553772,0.8,1,337894,336647,1247
11963121,27.6665,34.8657,1232,86140,0.532395,0,1,337927,336695,1232
11963121,27.2082,30.5075,1256,87600,0.511156,0,1,337951,336695,1256
11963121,26.8071,26.6941,1280,87600,0.49004,0,1,337975,336695,1280
11963121,26.4563,23.3573,1304,87600,0.469036,0,1,337999,336695,1304
11963121,26.1492,20.4377,1328,87600,0.448132,0,1,338023,336695,1328
11963121,25.8806,17.8829,1352,87600,0.427319,0,1,338047,336695,1352
11963121,25.6455,15.6476,1376,87600,0.406587,0,1,338071,336695,1376
11963121,25.4398,13.6916,1400,87600,0.385929,0,1,338095,336695,1400
11963121,25.2598,11.9802,1424,87600,0.365336,0,1,338119,336695,1424
11963121,25.1024,10.4827,1448,87600,0.344802,0,1,338143,336695,1448
11963121,24.9646,9.17232,1472,87600,0.324322,0,1,338167,336695,1472
11963121,24.844,8.02578,1496,87600,0.30389,0,1,338191,336695,1496
11963121,24.7385,7.02256,1520,87600,0.283501,0,1,338215,336695,1520
11963121,24.6462,6.14474,1544,87600,0.263151,0,1,338239,336695,1544
11963121,24.5654,5.37665,1568,87600,0.242836,0,1,338263,336695,1568
11963121,24.4947,4.70457,1592,87600,0.222552,0,1,338287,336695,1592
11963121,24.4329,4.1165,1616,87600,0.202297,0,1,338311,336695,1616
11963121,24.3788,3.60193,1640,87600,0.182067,0,1,338335,336695,1640
11963121,24.3314,3.15169,1664,87600,0.16386,0,1,338359,336695,1664
11963121,24.29,2.75773,1688,87600,0.147474,0,1,338383,336695,1688
11963121,24.2538,2.41301,1712,87600,0.132727,0,1,338407,336695,1712
11963121,24.222,2.11139,1736,87600,0.119454,0,1,338431,336695,1736
11963121,24.1943,1.84746,1760,87600,0.107509,0,1,338455,336695,1760
11963121,24.17,1.61653,1784,87600,0.096758,0,1,338479,336695,1784
11963121,24.1487,1.41446,1808,87600,0.0870822,0,1,338503,336695,1808
11963121,24.1302,1.23766,1832,87600,0.0783739,0,1,338527,336695,1832
11963121,24.1139,1.08295,1856,87600,0.0705366,0,1,338551,336695,1856
11963121,22.2246,0.947581,1865,87600,0.0634829,0,1,338560,336695,1865
11966041,630.322,811.079,270,87600,0.154135,0,1,343447,343177,270
11968961,557.531,709.694,318,89060,0.237721,0,1,343495,343177,318
11971881,493.84,620.982,366,90520,0.313949,0,1,343543,343177,366
11974801,438.11,543.36,414,91980,0.382554,0,1,343591,343177,414
11977721,389.346,475.44,462,93440,0.444299,0,1,343639,343177,462
11980641,346.678,416.01,510,94900,0.499869,0,1,343687,343177,510
11983561,309.343,364.009,558,96360,0.549882,0,1,343735,343177,558
11986481,276.675,318.507,606,96360,0.594894,0,1,343783,343177,606
11995241,201.195,213.375,750,99280,0.704678,0,2,343927,343177,750
11998161,182.045,186.703,798,100740,0.73421,0,2,343975,343177,798
12001081,165.29,163.365,846,100740,0.760789,0,2,344023,343177,846
12004001,150.628,142.945,894,102200,0.78471,0,2,344071,343177,894
12006921,137.8,125.077,942,103660,0.806239,0,2,344119,343177,942
12009841,126.575,109.442,990,105120,0.825615,0,2,344167,343177,990
12012761,116.753,95.7618,1038,105120,0.843054,0,2,344215,343177,1038
12015681,108.159,83.7915,1086,106580,0.858748,0,2,344263,343177,1086
12018601,100.639,73.3176,1134,106580,0.872873,0,2,344311,343177,1134
12021521,94.0591,64.1529,1182,108040,0.885586,0,2,344359,343177,1182
12024441,88.3018,56.1338,1230,109500,0.895027,0,2,344407,343177,1230
12027361,83.264,49.1171,1278,109500,0.905525,0,2,344455,343177,1278
12030281,78.856,42.9774,1326,110960,0.914972,0,2,344503,343177,1326
12033201,74.999,37.6052,1374,110960,0.923475,0,2,344551,343177,1374
12036121,71.6241,32.9046,1422,112420,0.931127,0,2,344599,343177,1422
12039041,68.6711,28.7915,1470,113880,0.938015,0,2,344647,343177,1470
12041961,66.0872,25.1926,1518,115340,0.944213,0,2,344695,343177,1518
12044881,63.8263,22.0435,1566,115340,0.949792,0,2,344743,343177,1566
12060941,34.7605,15.0339,1681,114018,0.948123,0,2,345224,343543,1681
12060941,33.4154,13.1546,1705,112094,0.93931,0,2,345248,343543,1705
12060941,32.2385,11.5103,1729,111630,0.929379,0,2,345272,343543,1729
12060941,31.2087,10.0715,1753,109707,0.921441,0,2,345296,343543,1753
12060941,30.3076,8.81259,1777,107783,0.913297,0,2,345320,343543,1777
12060941,29.5191,7.71101,1801,107319,0.906967,0,2,345344,343543,1801
12060941,28.8292,6.74714,1825,103935,0.902271,0,2,345368,343543,1825
12060941,28.2256,5.90374,1849,102012,0.897044,0,2,345392,343543,1849
12060941,27.6974,5.16578,1873,98628,0.893339,0,2,345416,343543,1873
12060941,27.2352,4.52005,1897,96704,0.891005,0,2,345440,343543,1897
12060941,26.8308,3.95505,1921,96240,0.887905,0,2,345464,343543,1921
12060941,26.477,3.46067,1945,92856,0.884114,0,2,345488,343543,1945
12060941,26.1673,3.02808,1969,89473,0.865703,0,2,345512,343543,1969
12060941,25.8964,2.64957,1993,89009,0.848133,0,2,345536,343543,1993
12060941,25.6594,2.31838,2017,84680,0.833319,0,2,345560,343543,2017
12060941,25.452,2.02858,2041,81760,0.820987,0,2,345584,343543,2041
12060941,25.2705,1.77501,2065,81760,0.810889,0,2,345608,343543,2065
12060941,25.1116,1.55313,2089,81760,0.7998,0,2,345632,343543,2089
12060941,24.9727,1.35899,2113,81760,0.79082,0,2,345656,343543,2113
12060941,24.8511,1.18912,2137,81760,0.783738,0,2,345680,343543,2137
12060941,24.7447,1.04048,2161,81760,0.778364,0,2,345704,343543,2161
12060941,24.6516,0.910417,2185,81760,0.774528,0,2,345728,343543,2185
12060941,24.5702,0.796615,2209,81760,0.769075,0,2,345752,343543,2209
12060941,24.4989,0.697038,2233,81760,0.765167,0,2,345776,343543,2233
12060941,24.4365,0.609908,2257,81760,0.762651,0,2,345800,343543,2257
12060941,24.382,0.53367,2281,81760,0.761386,0,2,345824,343543,2281
12060941,24.3342,0.466961,2305,81760,0.758247,0,2,345848,343543,2305
12060941,24.2924,0.408591,2329,81340,0.756422,0,2,345872,343543,2329
12060941,24.2559,0.357517,2353,81340,0.75578,0,2,345896,343543,2353
12060941,24.2239,0.312827,2377,81340,0.753202,0,2,345920,343543,2377
12060941,24.1959,0.273724,2401,81340,0.751882,0,2,345944,343543,2401
12060941,24.1714,0.239508,2425,81340,0.751694,0,2,345968,343543,2425
12060941,24.15,0.20957,2449,81340,0.752524,0,2,345992,343543,2449
12060941,24.1312,0.183374,2473,81340,0.751272,0,2,346016,343543,2473
12060941,24.1148,0.160452,2497,81340,0.751145,0,2,346040,343543,2497
12060941,24.1005,0.140395,2521,81340,0.75003,0,2,346064,343543,2521
12060941,24.0879,0.122846,2545,79880,0.750027,0,2,346088,343543,2545
12060941,24.0769,0.10749,2569,79880,0.749025,0,2,346112,343543,2569
12060941,24.0673,0.094054,2593,79880,0.749122,0,2,346136,343543,2593
12060941,24.0589,0.0822972,2617,76960,0.74921,0,2,346160,343543,2617
12060941,24.0515,0.0720101,2641,76960,0.750289,0,2,346184,343543,2641
12060941,24.0451,0.0630088,2665,76960,0.75126,0,2,346208,343543,2665
12060941,24.0395,0.0551327,2689,75500,0.752134,0,2,346232,343543,2689
12060941,24.0345,0.0482411,2713,74040,0.752921,0,2,346256,343543,2713
12060941,24.0302,0.042211,2737,74040,0.753629,0,2,346280,343543,2737
12060941,24.0264,0.0369346,2761,74040,0.754266,0,2,346304,343543,2761
12060941,24.0231,0.0323178,2785,71120,0.754839,0,2,346328,343543,2785
12060941,24.0202,0.0282781,2809,71120,0.755355,0,2,346352,343543,2809
12060941,24.0177,0.0247433,2833,71120,0.75582,0,2,346376,343543,2833
12060941,24.0155,0.0216504,2857,71120,0.756238,0,2,346400,343543,2857
12068241,24.0136,192.019,1345,71120,0.756614,0.9,2,346424,345079,1345
12068241,24.0119,168.017,1369,83220,0.770953,0,2,346448,345079,1369
12071161,24.0104,159.14,1296,82360,0.783857,0.89,2,346472,345176,1296
12074081,24.0091,142.247,1296,83820,0.797472,0.86,2,346496,345200,1296
12078461,24.0079,130.466,1272,83220,0.807724,0.84,2,346520,345248,1272
12081381,24.007,117.158,1272,83820,0.818952,0.84,2,346544,345272,1272
12085761,24.0061,108.513,1248,83220,0.827057,0.85,2,346568,345320,1248
12087221,24.0053,97.949,1248,83820,0.836351,0.85,2,346592,345344,1248
12090141,24.0047,91.7054,1224,83220,0.842716,0.86,2,346616,345392,1224
12093061,24.0041,83.2422,1224,83820,0.850444,0.86,2,346640,345416,1224
12094521,24.0036,78.8369,1200,83220,0.8554,0.85,2,346664,345464,1200
12097441,24.0031,71.9823,1200,83820,0.86186,0.69,2,346688,345488,1200
12101821,24.0027,68.9845,1176,83220,0.865674,0.7,2,346712,345536,1176
12103281,24.0024,63.3615,1176,83820,0.871107,0.71,2,346736,345560,1176
12106201,24.0021,58.4413,1176,83220,0.873996,0.72,2,346760,345584,1176
12107661,24.0018,54.1361,1176,83820,0.879596,0.7,2,346784,345608,1176
12112041,24.0016,50.3691,1176,83220,0.882637,0.71,2,346808,345632,1176
12113501,24.0014,47.073,1176,83820,0.887373,0.72,2,346832,345656,1176
12116421,24.0012,44.1888,1176,83220,0.889636,0.73,2,346856,345680,1176
12117881,24.0011,41.6652,1176,83820,0.893672,0.74,2,346880,345704,1176
12150001,24.0009,39.4571,1176,83220,0.895305,0.76,2,346904,345728,1176
12150001,24.0008,34.525,1200,75060,0.898774,0,2,346928,345728,1200
12150001,24.0007,30.2093,1224,75060,0.901897,0,2,346952,345728,1224
12150001,24.0006,26.4332,1248,75060,0.904707,0,2,346976,345728,1248
12150001,23.1256,23.129,1265,75060,0.907237,0,2,346993,345728,1265
12150001,23.2349,20.2379,1289,75060,0.907513,0,2,347017,345728,1289
12150001,23.3305,17.7082,1313,75060,0.905762,0,2,347041,345728,1313
12150001,23.4142,15.4946,1337,75060,0.902185,0,2,347065,345728,1337
12150001,23.4874,13.5578,1361,75060,0.896967,0,2,347089,345728,1361
12150001,23.5515,11.8631,1385,75060,0.89027,0,2,347113,345728,1385
12150001,23.6076,10.3802,1409,75060,0.882243,0,2,347137,345728,1409
12155841,23.6566,42.0827,1169,75060,0.873019,0.74,2,347161,345992,1169
12155841,23.6995,36.8223,1193,72560,0.866717,0,2,347185,345992,1193
12155841,23.7371,32.2195,1217,72560,0.859045,0,2,347209,345992,1217
12157301,23.77,37.1921,1169,72560,0.850141,0.75,2,347233,346064,1169
12163141,23.7987,35.5431,1169,71540,0.840127,0.75,2,347257,346088,1169
12163141,23.8239,31.1002,1193,71100,0.833114,0,2,347281,346088,1193
12166061,23.8459,33.2127,1169,71100,0.824803,0.75,2,347305,346136,1169
12171901,23.7402,32.0611,1168,70080,0.815322,0.76,2,347328,346160,1168
12171901,23.7726,28.0535,1192,68180,0.80879,0,2,347352,346160,1192
12171901,23.8011,24.5468,1216,68180,0.800911,0,2,347376,346160,1216
12173361,23.8259,30.4784,1168,68180,0.79182,0.76,2,347400,346232,1168
12191921,23.8477,29.6686,1168,67160,0.781638,0.9,2,347424,346256,1168
12191921,23.8667,25.96,1192,86140,0.803474,0,2,347448,346256,1192
12191921,23.8834,22.715,1216,86140,0.823127,0,2,347472,346256,1216
12191921,23.898,19.8757,1240,86140,0.840814,0,2,347496,346256,1240
12191921,23.9107,17.3912,1264,86140,0.856733,0,2,347520,346256,1264
12191921,23.9219,15.2173,1288,86140,0.871059,0,2,347544,346256,1288
12191921,23.9316,13.3151,1312,86140,0.883953,0,2,347568,346256,1312
12191921,23.9402,11.6507,1336,86140,0.895558,0,2,347592,346256,1336
12191921,23.9477,10.1944,1360,86140,0.906002,0,2,347616,346256,1360
12191921,23.9542,8.9201,1384,86140,0.915402,0,2,347640,346256,1384
12191921,23.0849,7.80509,1401,86140,0.922862,0,2,347657,346256,1401
12194841,26.1993,29.0795,1271,86140,0.925576,0.9,2,347705,346434,1271
12197761,28.9244,25.4445,1319,87600,0.933018,0.83,2,347753,346434,1319
12199201,31.1838,22.264,1366,89060,0.939716,0.9,2,347800,346434,1366
12199201,30.2859,19.481,1390,89060,0.945745,0,2,347824,346434,1390
12275121,47.4254,15.5606,1672,103660,0.941792,0.95,2,349096,347424,1672
12278041,47.4972,48.7406,1439,103660,0.924613,0.95,2,349144,347705,1439
12280961,47.5601,42.648,1487,103660,0.904152,1,2,349192,347705,1487
12283881,47.6151,43.317,1487,105120,0.881737,1,2,349240,347753,1487
12283881,44.6632,37.9024,1511,105120,0.858563,0,2,349264,347753,1511
12283881,42.0803,33.1646,1535,105120,0.836707,0,2,349288,347753,1535
12283881,39.8202,29.019,1559,105120,0.813036,0,2,349312,347753,1559
12283881,37.8427,25.3916,1583,71100,0.790732,0.6,2,349336,347753,1583
12283881,36.1124,22.2177,1607,71100,0.771659,0,2,349360,347753,1607
12283881,34.5983,19.4405,1631,71100,0.752493,0,2,349384,347753,1631
12283881,33.2735,17.0104,1655,71100,0.734244,0,2,349408,347753,1655
12283881,32.1143,14.8841,1679,71100,0.718819,0,2,349432,347753,1679
12283881,31.1,13.0236,1703,71100,0.703938,0,2,349456,347753,1703
12283881,25.9239,3.42619,1944,69640,0.597647,0,1,349697,347753,1944
12283881,25.6835,2.99792,1968,68180,0.590882,0,1,349721,347753,1968
12283881,25.473,2.62318,1992,68180,0.585794,0,1,349745,347753,1992
12283881,25.2889,2.29528,2016,66720,0.581215,0,1,349769,347753,2016
12283881,25.1278,2.00837,2040,66720,0.577093,0,1,349793,347753,2040
12283881,24.9868,1.75732,2064,65260,0.573384,0,1,349817,347753,2064
12283881,24.8635,1.53766,2088,63800,0.570046,0,1,349841,347753,2088
12283881,24.7555,1.34545,2112,63800,0.567041,0,1,349865,347753,2112
12283881,24.6611,1.17727,2136,62340,0.561337,0,1,349889,347753,2136
12283881,24.5785,1.03011,2160,59420,0.557203,0,1,349913,347753,2160
12283881,24.5061,0.901347,2184,59420,0.554483,0,1,349937,347753,2184
12283881,24.4429,0.788678,2208,57960,0.553035,0,1,349961,347753,2208
12283881,24.3875,0.690094,2232,57960,0.552731,0,1,349985,347753,2232
12283881,24.3391,0.603832,2256,55040,0.552458,0,1,350009,347753,2256
12283881,24.2967,0.528353,2280,55040,0.552212,0,1,350033,347753,2280
12283881,24.2596,0.462309,2304,55040,0.551991,0,1,350057,347753,2304
12283881,24.2272,0.40452,2328,55040,0.551792,0,1,350081,347753,2328
12283881,24.1988,0.353955,2352,55040,0.551613,0,1,350105,347753,2352
12283881,24.1739,0.309711,2376,55040,0.551451,0,1,350129,347753,2376
12283881,24.1522,0.270997,2400,55040,0.551306,0,1,350153,347753,2400
12283881,24.1332,0.237122,2424,55040,0.551176,0,1,350177,347753,2424
12283881,23.2415,0.207482,2441,55040,0.550058,0,1,350194,347753,2441
12302861,23.3363,195.057,906,54600,0.547052,0.55,1,350218,349312,906
12302861,23.4193,170.674,930,44820,0.542347,0,1,350242,349312,930
12302861,23.4919,149.34,954,44820,0.536112,0,1,350266,349312,954
12302861,23.5554,130.673,978,44820,0.528501,0,1,350290,349312,978
12302861,23.611,114.339,1002,44820,0.519651,0,1,350314,349312,1002
12302861,23.6596,100.046,1026,44820,0.509686,0,1,350338,349312,1026
12302861,23.7021,87.5405,1050,44820,0.498717,0,1,350362,349312,1050
12302861,23.7394,76.5979,1074,44820,0.486846,0,1,350386,349312,1074
12302861,23.772,67.0232,1098,44820,0.474161,0,1,350410,349312,1098
12310161,23.8005,85.6453,906,44820,0.460745,0.54,1,350434,349528,906
12310161,23.8254,74.9396,930,40440,0.44667,0,1,350458,349528,930
12310161,23.8472,65.5722,954,40440,0.432003,0,1,350482,349528,954
12310161,23.8663,57.3756,978,40440,0.416803,0,1,350506,349528,978
12314541,23.883,62.3287,905,40440,0.401123,0.54,1,350530,349625,905
12314541,23.8977,54.5376,929,38980,0.38501,0,1,350554,349625,929
12318921,23.9104,53.7204,905,38980,0.368509,0.53,1,350578,349673,905
12318921,23.9216,47.0054,929,37520,0.351658,0,1,350602,349673,929
12321841,23.9314,47.1297,905,37520,0.334493,0.54,1,350626,349721,905
12326221,23.94,44.2385,905,37520,0.317043,0.54,1,350650,349745,905
12326221,23.9475,38.7087,929,36060,0.299339,0,1,350674,349745,929
12329141,23.9541,39.8701,905,36060,0.281405,0.54,1,350698,349793,905
12330601,23.9598,37.8863,905,36060,0.263265,0.54,1,350722,349817,905
12334981,23.9648,36.1505,905,36060,0.244938,0.54,1,350746,349841,905
12339361,23.8442,34.6317,904,36060,0.226444,0.52,1,350769,349865,904
12339361,23.8637,30.3027,928,34600,0.2078,0,1,350793,349865,928
12340821,23.8807,32.5149,904,34600,0.18902,0.53,1,350817,349913,904
12359361,23.8956,31.4505,904,34600,0.170118,0,1,350841,349937,904
12359361,23.9087,27.5192,928,74460,0.153106,0,1,350865,349937,928
12359361,23.9201,24.0793,952,74460,0.137796,0,1,350889,349937,952
12359361,23.9301,21.0694,976,74460,0.124016,0,1,350913,349937,976
12359361,23.9388,18.4357,1000,74460,0.111614,0,1,350937,349937,1000
12359361,23.9465,16.1313,1024,74460,0.100453,0,1,350961,349937,1024
12359361,23.9532,14.1149,1048,74460,0.0904076,0,1,350985,349937,1048
12359361,23.959,12.3505,1072,74460,0.0813669,0,1,351009,349937,1072
12359361,23.9641,10.8067,1096,74460,0.0732302,0,1,351033,349937,1096
12359361,23.9686,9.45585,1120,74460,0.0659072,0,1,351057,349937,1120
12359361,23.0975,8.27387,1137,74460,0.0593165,0,1,351074,349937,1137
12362281,2221.46,2316.86,270,74460,0.132385,0,1,368684,368414,270
12365201,1949.78,2027.26,318,75920,0.200146,0,1,368732,368414,318
12368121,1712.06,1773.85,366,77380,0.263132,0,1,368780,368414,366
12371041,1504.05,1552.12,414,78840,0.321819,0,1,368828,368414,414
12373961,1322.04,1358.1,462,80300,0.376637,0,1,368876,368414,462
12376881,1162.79,1188.34,510,81760,0.427973,0,1,368924,368414,510
12379801,1023.44,1039.8,558,83220,0.476176,0,1,368972,368414,558
12382721,901.509,909.823,606,84680,0.521558,0,1,369020,368414,606
12385641,794.82,796.095,654,86140,0.564402,0,1,369068,368414,654
12397321,485.772,466.656,846,91980,0.711207,0,2,369260,368414,846
12400241,431.051,408.324,894,93440,0.740087,0,2,369308,368414,894
12403161,383.169,357.284,942,94900,0.766078,0,2,369356,368414,942
12406081,341.273,312.623,990,96360,0.78947,0,2,369404,368414,990
12409001,304.614,273.545,1038,97820,0.810523,0,2,369452,368414,1038
12411921,272.537,239.352,1086,99280,0.829471,0,2,369500,368414,1086
12414841,244.47,209.433,1134,100740,0.846524,0,2,369548,368414,1134
12417761,219.911,183.254,1182,102200,0.861871,0,2,369596,368414,1182
12420681,198.422,160.347,1230,103660,0.875684,0,2,369644,368414,1230
12423601,179.62,140.304,1278,105120,0.888116,0,2,369692,368414,1278
12426521,163.167,122.766,1326,106580,0.899304,0,2,369740,368414,1326
12429441,148.771,107.42,1374,108040,0.909374,0,2,369788,368414,1374
12432361,136.175,93.9927,1422,109500,0.918436,0,2,369836,368414,1422
12435281,125.153,82.2436,1470,110960,0.926593,0.79,2,369884,368414,1470
12438201,115.509,105.713,1248,112420,0.933933,0.81,2,369932,368684,1248
12441121,107.07,98.499,1248,113880,0.94054,0.81,2,369980,368732,1248
12444041,99.6865,86.1866,1296,115340,0.942486,0.83,2,370028,368732,1296
12446961,93.2257,81.4133,1296,116800,0.940238,0.85,2,370076,368780,1296
12449881,87.5725,77.2366,1296,118260,0.934214,0.85,2,370124,368828,1296
12452801,82.6259,67.582,1344,119720,0.924792,0.87,2,370172,368828,1344
12455721,78.2977,65.1343,1344,121180,0.912313,0.89,2,370220,368876,1344
12458641,74.5105,62.9925,1344,122640,0.897082,0.89,2,370268,368924,1344
12461561,71.1967,55.1184,1392,124100,0.879374,0.91,2,370316,368924,1392
12464481,68.2971,54.2286,1392,125560,0.859436,0.93,2,370364,368972,1392
12467401,65.7599,53.4501,1392,127020,0.833493,0.93,2,370412,369020,1392
12470321,63.54,46.7688,1440,128480,0.850143,0.95,2,370460,369020,1440
12473241,61.5975,46.9227,1440,129940,0.865129,0.97,2,370508,369068,1440
12476161,59.8978,47.0574,1440,131400,0.878616,0.97,2,370556,369116,1440
12479081,58.4106,41.1752,1488,132860,0.890755,0.99,2,370604,369116,1488
12482001,57.1092,42.0283,1488,134320,0.899679,1,2,370652,369164,1488
12483461,55.9706,42.7748,1488,135780,0.899711,1,2,370700,369212,1488
12483461,51.9743,37.4279,1512,135780,0.89874,0,2,370724,369212,1512
12483461,48.4775,32.7494,1536,135780,0.896866,0,2,370748,369212,1536
12483461,45.5428,28.6557,1561,109680,0.896179,0.88,2,370773,369212,1561
12483461,42.8499,25.0738,1585,109190,0.894562,0,2,370797,369212,1585
12483461,40.4937,21.9396,1609,108945,0.894105,0,2,370821,369212,1609
12483461,38.432,19.1971,1633,107239,0.894695,0,2,370845,369212,1633
12483461,36.628,16.7975,1657,105534,0.896225,0,2,370869,369212,1657
12483461,35.0495,14.6978,1681,103829,0.896603,0,2,370893,369212,1681
12483461,33.6683,12.8606,1705,102124,0.897942,0,2,370917,369212,1705
12483461,32.4598,11.253,1729,100418,0.900148,0,2,370941,369212,1729
12483461,31.4023,9.84637,1753,97253,0.903133,0,2,370965,369212,1753
12483461,30.477,8.61557,1777,94900,0.90382,0,2,370989,369212,1777
12483461,29.6674,7.53863,1801,90700,0.905438,0,2,371013,369212,1801
12483461,28.959,6.5963,1825,90700,0.906894,0,2,371037,369212,1825
12483461,28.3391,5.77176,1849,90700,0.908205,0,2,371061,369212,1849
12483461,27.7967,5.05029,1873,89240,0.909384,0,2,371085,369212,1873
12483461,27.3221,4.419,1897,89240,0.910446,0,2,371109,369212,1897
12483461,26.9069,3.86663,1921,87780,0.911401,0,2,371133,369212,1921
12483461,26.5435,3.3833,1945,87780,0.912261,0,2,371157,369212,1945
12483461,26.2256,2.96039,1969,86320,0.913035,0,2,371181,369212,1969
12483461,25.9474,2.59034,1993,86320,0.913732,0,2,371205,369212,1993
12483461,23.4539,2.26655,1999,84860,0.915358,0,2,371211,369212,1999
12483461,23.5222,1.98323,2023,84860,0.914823,0,2,371235,369212,2023
12483461,23.5819,1.73532,2047,83060,0.91434,0,2,371259,369212,2047
12483461,23.6342,1.51841,2071,83060,0.913906,0,2,371283,369212,2071
12483461,23.6799,1.32861,2095,83060,0.913516,0,2,371307,369212,2095
12483461,23.7199,1.16253,2119,83060,0.913164,0,2,371331,369212,2119
12483461,23.7549,1.01722,2143,83060,0.912848,0,2,371355,369212,2143
12483461,23.7856,0.890064,2167,83060,0.912563,0,2,371379,369212,2167
12483461,23.8124,0.778806,2191,83060,0.912307,0,2,371403,369212,2191
12483461,23.8358,0.681455,2215,83060,0.912076,0,2,371427,369212,2215
12483461,23.8563,0.596273,2239,83060,0.911868,0,2,371451,369212,2239
12483461,23.8743,0.521739,2263,83060,0.892681,0,2,371475,369212,2263
12483461,23.89,0.456522,2287,83060,0.875413,0,2,371499,369212,2287
12483461,23.9038,0.399456,2311,82180,0.860872,0,2,371523,369212,2311
12483461,23.9158,0.349524,2335,82180,0.848785,0,2,371547,369212,2335
12483461,23.9263,0.305834,2359,82180,0.838906,0,2,371571,369212,2359
12483461,23.9355,0.267605,2383,82180,0.831016,0,2,371595,369212,2383
12483461,23.9436,0.234154,2407,82180,0.824914,0,2,371619,369212,2407
12483461,23.9506,0.204885,2431,82180,0.820423,0,2,371643,369212,2431
12483461,23.9568,0.179274,2455,82180,0.81738,0,2,371667,369212,2455
12483461,23.9622,0.156865,2479,82180,0.815642,0,2,371691,369212,2479
12483461,23.9669,0.137257,2503,82180,0.815078,0,2,371715,369212,2503
12483461,23.9711,0.1201,2527,82180,0.81557,0,2,371739,369212,2527
12483461,23.9747,0.105087,2551,82180,0.817013,0,2,371763,369212,2551
12483461,23.9778,0.0919513,2575,82180,0.819312,0,2,371787,369212,2575
12483461,23.9806,0.0804574,2599,82180,0.822381,0,2,371811,369212,2599
12483461,23.983,0.0704002,2623,82180,0.826143,0,2,371835,369212,2623
12483461,23.9852,0.0616002,2647,82180,0.830528,0,2,371859,369212,2647
12483461,23.987,0.0539002,2671,82180,0.835476,0,2,371883,369212,2671
12483461,23.9886,0.0471627,2695,82180,0.840928,0,2,371907,369212,2695
12483461,23.9901,0.0412673,2719,82180,0.846835,0,2,371931,369212,2719
12483461,23.9913,0.0361089,2743,82180,0.852152,0,2,371955,369212,2743
12483461,23.9924,0.0315953,2767,82180,0.856937,0,2,371979,369212,2767
12483461,23.9933,0.0276459,2791,82180,0.861243,0,2,372003,369212,2791
12483461,23.9942,0.0241901,2815,82180,0.865119,0,2,372027,369212,2815
12483461,23.9949,0.0211664,2839,82180,0.868607,0,2,372051,369212,2839
12483461,23.9955,0.0185206,2863,82180,0.871746,0,2,372075,369212,2863
12483461,23.9961,0.0162055,2887,82180,0.874571,0,2,372099,369212,2887
12483461,23.9966,0.0141798,2911,82180,0.877114,0,2,372123,369212,2911
12483461,23.622,0.0124073,2932,82180,0.879403,0,2,372144,369212,2932
12489301,23.6693,192.011,1420,82180,0.879463,0.88,2,372168,370748,1420
12492221,23.7106,174.134,1395,89240,0.887516,0.89,2,372192,370797,1395
12495141,23.7468,155.368,1395,89480,0.896765,0.9,2,372216,370821,1395
12498061,23.7784,138.947,1395,89240,0.903088,0.9,2,372240,370845,1395
12500981,23.8061,127.578,1371,89480,0.910779,0.91,2,372264,370893,1371
12503901,23.8304,114.631,1371,89240,0.915701,0.92,2,372288,370917,1371
12505361,23.8516,103.302,1371,89480,0.922131,0.91,2,372312,370941,1371
12508281,23.8701,96.3894,1347,89240,0.926918,0.92,2,372336,370989,1347
12511201,23.8864,87.3407,1347,89900,0.929226,0.92,2,372360,371013,1347
12512661,23.9006,79.4232,1347,89240,0.929304,0.92,2,372384,371037,1347
12518501,23.913,72.4953,1347,89240,0.927373,0.92,2,372408,371061,1347
12522881,23.9239,66.4334,1347,89240,0.923636,0.92,2,372432,371085,1347
12527261,23.9334,61.1292,1347,89240,0.918272,0.92,2,372456,371109,1347
12527261,23.9417,53.488,1371,89240,0.911445,0,2,372480,371109,1371
12531641,23.949,52.802,1347,79680,0.903301,0.92,2,372504,371157,1347
12531641,23.9554,46.2018,1371,89240,0.893971,0,2,372528,371157,1371
12536021,23.961,46.4266,1347,75300,0.883574,0.91,2,372552,371205,1347
12593301,23.8408,44.3732,1340,87780,0.872216,0.9,2,372575,371235,1340
12593301,23.8607,38.8266,1364,35880,0.860995,0,2,372599,371235,1364
12593301,23.8781,33.9733,1388,34420,0.848895,0,2,372623,371235,1388
12593301,23.8934,29.7266,1412,32960,0.836006,0,2,372647,371235,1412
12593301,23.9067,26.0108,1436,31500,0.822405,0,2,372671,371235,1436
12593301,23.9184,22.7594,1460,30040,0.808165,0,2,372695,371235,1460
12593301,23.9286,19.9145,1484,28580,0.793348,0,2,372719,371235,1484
12593301,23.9375,17.4252,1508,27120,0.778013,0,2,372743,371235,1508
12593301,23.9453,15.247,1532,25660,0.762212,0,2,372767,371235,1532
12593301,23.9521,13.3412,1556,24200,0.745991,0,2,372791,371235,1556
12593301,22.2081,11.6735,1566,22740,0.729392,0,2,372801,371235,1566
12593301,22.4321,10.2143,1590,21280,0.712453,0,2,372825,371235,1590
12593301,23.3843,4.01112,1758,21280,0.586824,0,1,372993,371235,1758
12593301,23.4613,3.50973,1782,21280,0.568142,0,1,373017,371235,1782
12593301,23.5286,3.07102,1806,21280,0.549328,0,1,373041,371235,1806
12593301,23.5875,2.68714,1830,21280,0.530395,0,1,373065,371235,1830
12593301,23.6391,2.35125,1854,21280,0.511355,0,1,373089,371235,1854
12593301,23.6842,2.05734,1878,21280,0.49222,0,1,373113,371235,1878
12593301,23.7237,1.80017,1902,21280,0.472998,0,1,373137,371235,1902
12593301,23.7582,1.57515,1926,21280,0.453698,0,1,373161,371235,1926
12593301,23.7884,1.37826,1950,21280,0.434328,0,1,373185,371235,1950
12593301,23.8149,1.20598,1974,21280,0.414895,0,1,373209,371235,1974
12593301,23.838,1.05523,1998,21280,0.395406,0,1,373233,371235,1998
12593301,23.8583,0.923325,2022,21280,0.375865,0,1,373257,371235,2022
12593301,23.876,0.807909,2046,21280,0.356279,0,1,373281,371235,2046
12593301,23.8915,0.706921,2070,21280,0.336651,0,1,373305,371235,2070
12593301,23.9051,0.618556,2094,21280,0.316986,0,1,373329,371235,2094
12593301,23.9169,0.541236,2118,21280,0.297287,0,1,373353,371235,2118
12593301,23.9273,0.473582,2142,21280,0.277558,0,1,373377,371235,2142
12593301,23.9364,0.414384,2166,21280,0.257803,0,1,373401,371235,2166
12614161,23.9443,108.363,1326,21280,0.238022,0,1,373425,372099,1326
12614161,23.9513,94.8173,1350,96360,0.21822,0,1,373449,372099,1350
12614161,23.9574,82.9651,1374,96360,0.198398,0,1,373473,372099,1374
12614161,23.9627,72.5945,1398,96360,0.178558,0,1,373497,372099,1398
12614161,23.9674,63.5202,1422,96360,0.160702,0,1,373521,372099,1422
12614161,23.9715,55.5801,1446,96360,0.144632,0,1,373545,372099,1446
12614161,23.975,48.6326,1470,96360,0.130169,0,1,373569,372099,1470
12614161,23.9781,42.5535,1494,96360,0.117152,0,1,373593,372099,1494
12614161,23.9809,37.2344,1518,96360,0.105437,0,1,373617,372099,1518
12614161,23.9833,32.5801,1542,96360,0.0948932,0,1,373641,372099,1542
12614161,23.9854,28.5075,1566,96360,0.0854039,0,1,373665,372099,1566
12614161,23.9872,24.9441,1590,96360,0.0768635,0,1,373689,372099,1590
12614161,23.9888,21.8261,1614,96360,0.0691771,0,1,373713,372099,1614
12614161,21.8652,19.0978,1621,96360,0.0622594,0,1,373720,372099,1621
12617081,293.632,460.086,270,96360,0.156033,0,1,375916,375646,270
12620001,262.928,402.575,318,97820,0.24043,0,1,375964,375646,318
12622921,236.062,352.253,366,99280,0.316387,0,1,376012,375646,366
12625841,212.554,308.221,414,100740,0.384748,0,1,376060,375646,414
12628761,191.985,269.694,462,102200,0.446274,0,1,376108,375646,462
12631681,173.987,235.982,510,103660,0.501646,0,1,376156,375646,510
12634601,158.239,206.484,558,105120,0.551482,0,1,376204,375646,558
12637521,144.459,180.674,606,106580,0.596333,0,1,376252,375646,606
12646281,112.62,121.037,750,110960,0.705727,0,2,376396,375646,750
12649201,104.542,105.908,798,112420,0.735154,0,2,376444,375646,798
12652121,97.4745,92.6692,846,113880,0.761639,0,2,376492,375646,846
12655041,91.2902,81.0855,894,115340,0.785475,0,2,376540,375646,894
12657961,85.8789,70.9498,942,115340,0.806928,0,2,376588,375646,942
12660881,81.1441,62.0811,990,115340,0.826235,0,2,376636,375646,990
12663801,77.0011,54.321,1038,116800,0.843611,0,2,376684,375646,1038
12666721,73.3759,47.5308,1086,116800,0.85925,0,2,376732,375646,1086
12669641,70.2039,41.5895,1134,116800,0.873325,0,2,376780,375646,1134
12672561,67.4284,36.3908,1182,118260,0.885993,0,2,376828,375646,1182
12675481,64.9999,31.842,1230,118260,0.894393,0,2,376876,375646,1230
12678401,62.8749,27.8617,1278,118260,0.900954,0,2,376924,375646,1278
12681321,61.0155,24.379,1326,119720,0.910859,0,2,376972,375646,1326
12684241,59.3886,21.3316,1374,119720,0.919773,0,2,377020,375646,1374
12687161,57.965,18.6652,1422,119720,0.924795,0,2,377068,375646,1422
12690081,56.7194,16.332,1470,121180,0.927316,0,2,377116,375646,1470
12693001,55.6295,14.2905,1518,121180,0.925584,0,2,377164,375646,1518
12695921,54.6758,12.5042,1566,121180,0.920026,0,2,377212,375646,1566
12698841,53.8413,10.9412,1614,121180,0.911023,0,2,377260,375646,1614
12698841,50.1111,9.57353,1638,122640,0.904921,0,2,377284,375646,1638
12698841,46.8473,8.37684,1662,122640,0.897429,0,2,377308,375646,1662
12698841,43.9913,7.32974,1686,122640,0.889686,0,2,377332,375646,1686
12698841,41.6174,6.41352,1711,119860,0.883717,0.82,2,377357,375646,1711
12698841,39.4153,5.61183,1735,118931,0.875346,0,2,377381,375646,1735
12698841,37.4883,4.91035,1759,118466,0.868811,0,2,377405,375646,1759
12698841,35.8023,4.29656,1783,116541,0.85893,0,2,377429,375646,1783
12698841,34.327,3.75949,1807,114616,0.849037,0,2,377453,375646,1807
12698841,33.0361,3.28955,1831,112691,0.841133,0,2,377477,375646,1831
12698841,31.9066,2.87836,1855,110766,0.83102,0,2,377501,375646,1855
12698841,30.9183,2.51856,1879,108841,0.822918,0,2,377525,375646,1879
12698841,30.0535,2.20374,1903,105457,0.813626,0,2,377549,375646,1903
12698841,29.2968,1.92827,1927,103532,0.802264,0,2,377573,375646,1927
12698841,28.6347,1.68724,1951,100147,0.793037,0,2,377597,375646,1951
12698841,28.0554,1.47634,1975,98222,0.785733,0,2,377621,375646,1975
12698841,27.5485,1.29179,1999,94837,0.77816,0,2,377645,375646,1999
12698841,27.1049,1.13032,2023,94372,0.772344,0,2,377669,375646,2023
12698841,26.7168,0.989029,2047,90987,0.76811,0,2,377693,375646,2047
12698841,26.3772,0.8654,2071,90522,0.763299,0,2,377717,375646,2071
12698841,26.08,0.757225,2095,87137,0.759969,0,2,377741,375646,2095
12698841,25.82,0.662572,2119,83360,0.757972,0,2,377765,375646,2119
12698841,25.5925,0.579751,2143,83360,0.757175,0,2,377789,375646,2143
12698841,25.3935,0.507282,2167,80440,0.757457,0,2,377813,375646,2167
12698841,25.2193,0.443872,2191,80440,0.758712,0,2,377837,375646,2191
12698841,25.0669,0.388388,2215,77520,0.76084,0,2,377861,375646,2215
12698841,24.9335,0.339839,2239,73140,0.763756,0,2,377885,375646,2239
12698841,24.8168,0.297359,2263,73140,0.766381,0,2,377909,375646,2263
12698841,24.7147,0.260189,2287,73140,0.768743,0,2,377933,375646,2287
12698841,24.6254,0.227666,2311,73140,0.766868,0,2,377957,375646,2311
12698841,24.5472,0.199208,2335,73140,0.766182,0,2,377981,375646,2335
12698841,24.4788,0.174307,2359,73140,0.766563,0,2,378005,375646,2359
12698841,24.419,0.152518,2383,73140,0.765907,0,2,378029,375646,2383
12698841,24.3666,0.133453,2407,73140,0.766316,0,2,378053,375646,2407
12698841,24.3208,0.116772,2431,73140,0.767685,0,2,378077,375646,2431
12698841,24.2807,0.102175,2455,73140,0.769916,0,2,378101,375646,2455
12698841,24.2456,0.0894034,2479,73140,0.771925,0,2,378125,375646,2479
12698841,21.5899,0.078228,2482,73140,0.775732,0,2,378128,375646,2482
12698841,21.8912,0.0684495,2506,73140,0.776159,0,2,378152,375646,2506
12698841,22.1548,0.0598933,2530,73000,0.777543,0,2,378176,375646,2530
12698841,22.3854,0.0524066,2554,73000,0.778789,0,2,378200,375646,2554
12698841,22.5872,0.0458558,2578,73000,0.77991,0,2,378224,375646,2578
12698841,22.7638,0.0401238,2602,73000,0.779919,0,2,378248,375646,2602
12698841,22.9184,0.0351083,2626,72060,0.779927,0,2,378272,375646,2626
12698841,23.0536,0.0307198,2650,72060,0.779934,0,2,378296,375646,2650
12698841,23.1719,0.0268798,2674,72060,0.779941,0,2,378320,375646,2674
12698841,23.2754,0.0235199,2698,72060,0.779947,0,2,378344,375646,2698
12698841,23.366,0.0205799,2722,72060,0.779952,0,2,378368,375646,2722
12698841,23.4452,0.0180074,2746,72060,0.779957,0,2,378392,375646,2746
12698841,23.5146,0.0157565,2770,72060,0.779961,0,2,378416,375646,2770
12698841,23.5752,0.0137869,2794,72060,0.779965,0,2,378440,375646,2794
12698841,23.6283,0.0120635,2818,72060,0.779969,0,2,378464,375646,2818
12698841,23.6748,0.0105556,2842,72060,0.779972,0,2,378488,375646,2842
12698841,23.7154,0.00923615,2866,72060,0.779975,0,2,378512,375646,2866
12698841,23.751,0.00808163,2890,72060,0.779977,0,2,378536,375646,2890
12698841,23.7821,0.00707143,2914,72060,0.779979,0,2,378560,375646,2914
12698841,23.8094,0.0061875,2938,72060,0.779981,0,2,378584,375646,2938
12698841,23.8332,0.00541406,2962,72060,0.779983,0,2,378608,375646,2962
12698841,23.854,0.0047373,2986,72060,0.779985,0,2,378632,375646,2986
12698841,23.8723,0.00414514,3010,72060,0.779987,0,2,378656,375646,3010
12704681,23.8883,210.754,1348,72060,0.779988,0.77,2,378680,377332,1348
12704681,23.9022,184.409,1372,83360,0.795989,0,2,378704,377332,1372
12707601,23.9144,173.483,1299,83200,0.81039,0.76,2,378728,377429,1299
12710521,23.9251,154.798,1299,84660,0.825351,0.74,2,378752,377453,1299
12713441,23.9345,141.448,1275,83360,0.836816,0.75,2,378776,377501,1275
12716361,23.9427,126.767,1275,84660,0.846134,0.7,2,378800,377525,1275
12719281,23.9498,116.921,1251,83600,0.852521,0.71,2,378824,377573,1251
12720741,23.9561,105.306,1251,83360,0.856269,0.71,2,378848,377597,1251
12723661,23.9616,98.1428,1227,83360,0.857642,0.72,2,378872,377645,1227
12726581,23.9664,88.875,1227,83360,0.856878,0.72,2,378896,377669,1227
12728041,23.9706,83.7656,1203,83360,0.85419,0.73,2,378920,377717,1203
12730961,23.9743,76.2949,1203,83360,0.849771,0.74,2,378944,377741,1203
12733881,23.9775,69.758,1203,83360,0.843794,0.75,2,378968,377765,1203
12735341,23.9803,64.0383,1203,83360,0.836415,0.76,2,378992,377789,1203
12739721,23.9828,59.0335,1203,83360,0.827773,0.77,2,379016,377813,1203
12741181,23.9849,54.6543,1203,83360,0.817996,0.78,2,379040,377837,1203
12745561,23.9868,50.8225,1203,83360,0.807196,0.79,2,379064,377861,1203
12747021,23.9885,47.4697,1203,83360,0.795477,0.79,2,379088,377885,1203
12749941,23.9899,44.536,1203,83360,0.782929,0.79,2,379112,377909,1203
12751401,23.9912,41.969,1203,83360,0.769636,0.75,2,379136,377933,1203
12755781,23.9923,39.7229,1203,83360,0.755672,0.76,2,379160,377957,1203
12757241,23.9932,37.7575,1203,83360,0.741105,0.77,2,379184,377981,1203
12761621,23.9941,36.0378,1203,83360,0.726995,0.76,2,379208,378005,1203
12763081,23.9948,34.5331,1203,83360,0.712295,0.77,2,379232,378029,1203
12829441,27.2231,28.0484,1232,89060,0.700163,0,2,379432,378200,1232
12829441,26.8202,24.5424,1256,89060,0.730147,0,2,379456,378200,1256
12829441,26.4677,21.4746,1280,89060,0.757132,0,2,379480,378200,1280
12829441,26.1592,18.7902,1304,89060,0.781419,0,2,379504,378200,1304
12829441,25.8893,16.4415,1328,89060,0.803277,0,2,379528,378200,1328
12829441,25.6532,14.3863,1352,89060,0.822949,0,2,379552,378200,1352
12829441,25.4465,12.588,1376,89060,0.840654,0,2,379576,378200,1376
12829441,25.2657,11.0145,1400,89060,0.856589,0,2,379600,378200,1400
12829441,25.1075,9.63768,1424,89060,0.87093,0,2,379624,378200,1424
12829441,24.9691,8.43297,1448,89060,0.883837,0,2,379648,378200,1448
12829441,24.8479,7.37885,1472,89060,0.895453,0,2,379672,378200,1472
12829441,24.7419,6.4565,1496,89060,0.905908,0,2,379696,378200,1496
12829441,24.6492,5.64943,1520,89060,0.915317,0,2,379720,378200,1520
12829441,24.568,4.94325,1544,89060,0.923785,0,2,379744,378200,1544
12829441,24.497,4.32535,1568,89060,0.931407,0,2,379768,378200,1568
12829441,24.4349,3.78468,1592,89060,0.938266,0,2,379792,378200,1592
12829441,24.3805,3.31159,1616,89060,0.94444,0,2,379816,378200,1616
12829441,24.333,2.89764,1640,89060,0.949996,0,2,379840,378200,1640
12870721,43.2895,26.0368,1304,94900,0.942984,0.44,2,380703,379399,1304
12873641,43.8783,22.7822,1352,94900,0.934686,0.44,2,380751,379399,1352
12876561,44.3935,19.9344,1400,94900,0.929217,0.44,2,380799,379399,1400
12879481,44.8444,17.4426,1448,94900,0.926295,0.44,2,380847,379399,1448
12882401,45.2388,15.2623,1496,96360,0.926666,0.44,2,380895,379399,1496
12885321,45.584,13.3545,1544,96360,0.924999,0.44,2,380943,379399,1544
12888241,45.886,11.6852,1592,96360,0.929499,0.44,2,380991,379399,1592
12889701,46.1502,10.2245,1640,96360,0.935549,0.44,2,381039,379399,1640
12889701,43.3814,8.94647,1664,96360,0.941994,0,2,381063,379399,1664
12889701,40.9588,7.82816,1688,96360,0.947795,0,2,381087,379399,1688
12889701,27.0449,1.37964,2001,86604,0.946901,0,2,381400,379399,2001
12889701,26.6643,1.20718,2025,86140,0.944211,0,2,381424,379399,2025
12889701,26.3313,1.05628,2049,85676,0.94079,0,2,381448,379399,2049
12889701,26.0399,0.924248,2073,85211,0.936711,0,2,381472,379399,2073
12889701,25.7849,0.808717,2097,84747,0.93204,0,2,381496,379399,2097
12889701,25.5618,0.707628,2121,84283,0.928836,0,2,381520,379399,2121
12889701,25.3665,0.619174,2145,83818,0.922952,0,2,381544,379399,2145
12889701,25.1957,0.541777,2169,83354,0.918657,0,2,381568,379399,2169
12889701,25.0463,0.474055,2193,82890,0.912791,0,2,381592,379399,2193
12889701,24.9155,0.414798,2217,82425,0.906512,0,2,381616,379399,2217
12889701,24.801,0.362949,2241,81961,0.899861,0,2,381640,379399,2241
12889701,24.7009,0.31758,2265,81497,0.892875,0,2,381664,379399,2265
12889701,24.6133,0.277883,2289,81032,0.887587,0,2,381688,379399,2289
12889701,24.5366,0.243147,2313,80568,0.879829,0,2,381712,379399,2313
12889701,24.4696,0.212754,2337,80104,0.873846,0,2,381736,379399,2337
12889701,24.4109,0.18616,2361,79639,0.869461,0,2,381760,379399,2361
12889701,24.3595,0.16289,2385,79175,0.864515,0,2,381784,379399,2385
12889701,24.3146,0.142528,2409,77251,0.860064,0,2,381808,379399,2409
12889701,24.2752,0.124712,2433,76786,0.856057,0,2,381832,379399,2433
12889701,24.2408,0.109123,2457,76322,0.850452,0,2,381856,379399,2457
12889701,24.2107,0.0954829,2481,75858,0.845406,0,2,381880,379399,2481
12889701,24.1844,0.0835475,2505,75393,0.840866,0,2,381904,379399,2505
12889701,24.1613,0.0731041,2529,74929,0.834779,0,2,381928,379399,2529
12889701,24.1412,0.0639661,2553,74465,0.829301,0,2,381952,379399,2553
12889701,24.1235,0.0559703,2577,74000,0.823371,0,2,381976,379399,2577
12889701,24.1081,0.048974,2601,73536,0.818034,0,2,382000,379399,2601
12889701,24.0946,0.0428523,2625,71612,0.811231,0,2,382024,379399,2625
12889701,24.0828,0.0374957,2649,71147,0.805108,0,2,382048,379399,2649
12889701,24.0724,0.0328088,2673,70683,0.799597,0,2,382072,379399,2673
12889701,24.0634,0.0287077,2697,70219,0.794637,0,2,382096,379399,2697
12889701,24.0554,0.0251192,2721,69754,0.789173,0,2,382120,379399,2721
12889701,24.0485,0.0219793,2745,67280,0.782256,0,2,382144,379399,2745
12889701,24.0424,0.0192319,2769,67160,0.77403,0,2,382168,379399,2769
12889701,24.0371,0.0168279,2793,65820,0.766627,0,2,382192,379399,2793
12889701,24.0325,0.0147244,2817,65820,0.759965,0,2,382216,379399,2817
12889701,24.0284,0.0128839,2841,65820,0.753968,0,2,382240,379399,2841
12889701,24.0249,0.0112734,2865,65820,0.748571,0,2,382264,379399,2865
12889701,24.0218,0.00986422,2889,65820,0.740714,0,2,382288,379399,2889
12889701,24.019,0.00863119,2913,65820,0.733643,0,2,382312,379399,2913
12889701,22.3917,0.00755229,2924,65820,0.728279,0,2,382323,379399,2924
12889701,22.5927,0.00660825,2948,65820,0.722451,0,2,382347,379399,2948
12889701,22.7686,0.00578222,2972,65820,0.718206,0,2,382371,379399,2972
12889701,22.9225,0.00505944,2996,65160,0.714385,0,2,382395,379399,2996
12889701,23.0572,0.00442701,3020,65160,0.710947,0,2,382419,379399,3020
12889701,23.1751,0.00387364,3044,65160,0.707852,0,2,382443,379399,3044
12889701,23.2782,0.00338943,3068,65160,0.705067,0,2,382467,379399,3068
12889701,23.3684,0.00296575,3092,65160,0.70256,0,2,382491,379399,3092
12889701,23.4474,0.00259503,3116,65160,0.700304,0,2,382515,379399,3116
12934961,23.9429,37.5286,1595,66620,0.700268,0,2,382923,381328,1595
12934961,23.95,32.8375,1619,66620,0.701241,0,2,382947,381328,1619
12934961,23.9563,28.7328,1643,66620,0.702117,0,2,382971,381328,1643
12934961,23.9618,25.1412,1667,66620,0.702906,0,2,382995,381328,1667
12949561,23.8415,78.9986,1234,66620,0.703615,0.77,2,383018,381784,1234
12949561,23.8613,69.1238,1258,67160,0.703254,0,2,383042,381784,1258
12949561,23.8787,60.4833,1282,66080,0.700928,0,2,383066,381784,1282
13019761,23.5855,23.3474,1345,68620,0.590082,0,1,383321,381976,1345
13019761,23.6373,20.429,1369,68620,0.575073,0,1,383345,381976,1369
13019761,23.6827,17.8754,1393,68620,0.559566,0,1,383369,381976,1393
13019761,23.7223,15.6409,1417,68620,0.543609,0,1,383393,381976,1417
13019761,23.757,13.6858,1441,68620,0.527249,0,1,383417,381976,1441
13019761,23.7874,11.9751,1465,68620,0.510524,0,1,383441,381976,1465
13019761,23.814,10.4782,1489,68620,0.493471,0,1,383465,381976,1489
13019761,23.8372,9.16844,1513,68620,0.476124,0,1,383489,381976,1513
13019761,23.8576,8.02238,1537,68620,0.458512,0,1,383513,381976,1537
13019761,23.8754,7.01958,1561,68620,0.440661,0,1,383537,381976,1561
13019761,23.891,6.14214,1585,68620,0.422595,0,1,383561,381976,1585
13019761,23.9046,5.37437,1609,68620,0.404335,0,1,383585,381976,1609
13019761,23.9165,4.70257,1633,68620,0.385902,0,1,383609,381976,1633
13019761,23.927,4.11475,1657,68620,0.367311,0,1,383633,381976,1657
13019761,23.9361,3.60041,1681,68620,0.34858,0,1,383657,381976,1681
13019761,23.9441,3.15036,1705,68620,0.329722,0,1,383681,381976,1705
13019761,23.9511,2.75656,1729,68620,0.31075,0,1,383705,381976,1729
13019761,23.9572,2.41199,1753,68620,0.291675,0,1,383729,381976,1753
13019761,23.9625,2.11049,1777,68620,0.272508,0,1,383753,381976,1777
13019761,23.9672,1.84668,1801,68620,0.253257,0,1,383777,381976,1801
13019761,23.9713,1.61585,1825,68620,0.233931,0,1,383801,381976,1825
13019761,23.9749,1.41387,1849,68620,0.214538,0,1,383825,381976,1849
13019761,23.978,1.23713,1873,68620,0.195084,0,1,383849,381976,1873
13019761,23.9808,1.08249,1897,68620,0.175576,0,1,383873,381976,1897
13019761,23.9832,0.947179,1921,68620,0.158018,0,1,383897,381976,1921
13019761,23.9853,0.828782,1945,68620,0.142216,0,1,383921,381976,1945
13019761,23.9871,0.725184,1969,68620,0.127995,0,1,383945,381976,1969
13019761,23.9887,0.634536,1993,68620,0.115195,0,1,383969,381976,1993
13019761,23.9901,0.555219,2017,68620,0.103676,0,1,383993,381976,2017
13019761,23.9914,0.485817,2041,68620,0.0933082,0,1,384017,381976,2041
13019761,23.9925,0.42509,2065,68620,0.0839773,0,1,384041,381976,2065
13019761,23.9934,0.371953,2089,68620,0.0755796,0,1,384065,381976,2089
13019761,23.9942,0.325459,2113,68620,0.0680216,0,1,384089,381976,2113
13019761,22.8699,0.284777,2128,68620,0.0612195,0,1,384104,381976,2128
13022681,130.011,342.499,270,68620,0.126098,0,1,384984,384714,270
13025601,119.76,299.687,318,70080,0.186488,0,1,385032,384714,318
13028521,110.79,262.226,366,71540,0.242839,0,1,385080,384714,366
13031441,102.941,229.448,414,73000,0.295555,0,1,385128,384714,414
13034361,96.0735,200.767,462,74460,0.345,0,1,385176,384714,462
13037281,90.0643,175.671,510,75920,0.3915,0,1,385224,384714,510
13040201,84.8062,153.712,558,77380,0.43535,0,1,385272,384714,558
13043121,80.2055,134.498,606,77380,0.474815,0,1,385320,384714,606
13046041,76.1798,117.686,654,77380,0.510333,0,1,385368,384714,654
13048961,72.6573,102.975,702,77380,0.5423,0,1,385416,384714,702
13051881,69.5751,90.1032,750,77380,0.57107,0,1,385464,384714,750
13054801,66.8783,78.8403,798,78840,0.598963,0,1,385512,384714,798
13069401,57.6828,40.4379,1038,78840,0.701765,0,2,385752,384714,1038
13072321,56.4725,35.3831,1086,78840,0.716589,0,2,385800,384714,1086
13075241,55.4134,30.9603,1134,78840,0.72993,0,2,385848,384714,1134
13078161,54.4867,27.0902,1182,78840,0.741937,0,2,385896,384714,1182
13081081,53.6759,23.7039,1230,78840,0.752743,0,2,385944,384714,1230
13084001,52.9664,20.741,1278,78840,0.762469,0,2,385992,384714,1278
13086921,52.3456,18.1483,1326,78840,0.771222,0,2,386040,384714,1326
13089841,51.8024,15.8798,1374,78840,0.7791,0.71,2,386088,384714,1374
13092761,51.3271,47.6448,1152,80300,0.78819,0.73,2,386136,384984,1152
13095681,50.9112,47.6892,1152,80300,0.796371,0.73,2,386184,385032,1152
13098601,50.5473,41.7281,1200,80300,0.803734,0.75,2,386232,385032,1200
13101521,50.2289,42.5121,1200,80300,0.81036,0.77,2,386280,385080,1200
13104441,49.9503,43.198,1200,80300,0.816324,0.77,2,386328,385128,1200
13107361,49.7065,37.7983,1248,80300,0.821692,0.79,2,386376,385128,1248
13110281,49.4932,39.0735,1248,80300,0.826523,0.81,2,386424,385176,1248
13113201,49.3065,40.1893,1248,80300,0.83087,0.81,2,386472,385224,1248
13116121,49.1432,35.1657,1296,80300,0.834783,0.83,2,386520,385224,1296
13119041,49.0003,36.7699,1296,80300,0.838305,0.83,2,386568,385272,1296
13121961,48.8753,38.1737,1296,80300,0.841475,0.83,2,386616,385320,1296
13124881,48.7659,39.402,1296,80300,0.844327,0.83,2,386664,385368,1296
13127801,48.6701,40.4767,1296,80300,0.846894,0.83,2,386712,385416,1296
13130721,48.5864,41.4171,1296,80300,0.849205,0.85,2,386760,385464,1296
13133641,48.5131,42.24,1296,80300,0.851284,0.85,2,386808,385512,1296
13136561,48.4489,42.96,1296,80300,0.853156,0.85,2,386856,385560,1296
13139481,48.3928,43.59,1296,80300,0.85484,0.85,2,386904,385608,1296
13142401,48.3437,44.1413,1296,80300,0.853356,0.85,2,386952,385656,1296
13145321,48.3008,44.6236,1296,81760,0.848021,0.85,2,387000,385704,1296
13148241,48.2632,45.0456,1296,81760,0.851219,0.85,2,387048,385752,1296
13151161,48.2303,45.4149,1296,81760,0.854097,0.85,2,387096,385800,1296
13154081,48.2015,45.7381,1296,81760,0.856687,0.85,2,387144,385848,1296
13157001,48.1763,46.0208,1296,81760,0.859018,0.85,2,387192,385896,1296
13159921,48.1543,46.2682,1296,81760,0.861117,0.85,2,387240,385944,1296
13162841,48.135,46.4847,1296,81760,0.863005,0.85,2,387288,385992,1296
13165761,48.1181,46.6741,1296,81760,0.864704,0.85,2,387336,386040,1296
13168681,48.1033,46.8398,1296,81760,0.866234,0.85,2,387384,386088,1296
13171601,48.0904,40.9849,1344,81760,0.867611,0.87,2,387432,386088,1344
13174521,48.0791,41.8618,1344,83220,0.87085,0.87,2,387480,386136,1344
13177441,48.0692,42.629,1344,83220,0.873765,0.87,2,387528,386184,1344
13180361,48.0606,43.3004,1344,83220,0.876388,0.87,2,387576,386232,1344
13183281,48.053,43.8879,1344,83220,0.878749,0.87,2,387624,386280,1344
13186201,48.0464,44.4019,1344,83220,0.880874,0.87,2,387672,386328,1344
13189121,48.0406,44.8516,1344,83220,0.882787,0.87,2,387720,386376,1344
13192041,48.0355,45.2452,1344,83220,0.884508,0.87,2,387768,386424,1344
13194961,48.0311,45.5895,1344,83220,0.886057,0.87,2,387816,386472,1344
13197881,48.0272,45.8908,1344,83220,0.884452,0.87,2,387864,386520,1344
13200801,48.0238,46.1545,1344,84680,0.879007,0.87,2,387912,386568,1344
13203721,48.0208,46.3852,1344,84680,0.870106,0.87,2,387960,386616,1344
13206641,48.0182,46.587,1344,84680,0.859095,0.87,2,388008,386664,1344
13209561,48.0159,46.7637,1344,84680,0.845186,0.87,2,388056,386712,1344
13212481,48.0139,46.9182,1344,84680,0.828667,0.87,2,388104,386760,1344
13215401,48.0122,47.0534,1344,84680,0.8098,0.87,2,388152,386808,1344
13217361,46.0107,47.1717,1328,84680,0.78882,0.78,2,388184,386856,1328
13220281,46.2593,62.0253,1210,86140,0.765938,0.78,2,388232,387022,1210
13223201,46.4769,54.2721,1258,86140,0.741345,0.78,2,388280,387022,1258
13226121,46.6673,47.4881,1306,86140,0.71521,0.88,2,388328,387022,1306
13237801,47.2188,45.8576,1328,87600,0.598125,0.88,1,388520,387192,1328
13240721,47.3165,46.1254,1328,87600,0.566313,0.88,1,388568,387240,1328
13243641,47.4019,46.3598,1328,87600,0.533682,0.88,1,388616,387288,1328
13246561,47.4767,46.5648,1328,89060,0.500313,0.88,1,388664,387336,1328
13249481,47.5421,46.7442,1328,89060,0.466282,0.88,1,388712,387384,1328
13252401,47.5993,46.9012,1328,89060,0.431654,0.88,1,388760,387432,1328
13255321,47.6494,41.0385,1376,90520,0.396488,0.9,1,388808,387432,1376
13258241,47.6932,41.9087,1376,90520,0.36084,0.9,1,388856,387480,1376
13261161,47.7316,42.6701,1376,90520,0.324756,0.9,1,388904,387528,1376
13264081,47.7651,43.3364,1376,91980,0.29228,0.9,1,388952,387576,1376
13267001,47.7945,43.9193,1376,91980,0.263052,0.9,1,389000,387624,1376
13269921,47.8202,44.4294,1376,91980,0.236747,0.9,1,389048,387672,1376
13272841,47.8427,44.8757,1376,93440,0.213072,0.9,1,389096,387720,1376
13275601,47.4873,45.2663,1373,93440,0.191765,0,1,389141,387768,1373
13278521,265.676,401.608,270,93440,0.272588,0,1,390934,390664,270
13281441,238.467,351.407,318,94900,0.34533,0,1,390982,390664,318
13284361,214.658,307.481,366,96360,0.410797,0,1,391030,390664,366
13287281,193.826,269.046,414,97820,0.469717,0,1,391078,390664,414
13290201,175.598,235.415,462,99280,0.522745,0,1,391126,390664,462
13293121,159.648,205.988,510,100740,0.570471,0,1,391174,390664,510
13304801,113.446,120.747,702,106580,0.718186,0,2,391366,390664,702
13307721,105.265,105.653,750,108040,0.746367,0,2,391414,390664,750
13310641,98.1072,92.4466,798,109500,0.771731,0,2,391462,390664,798
13313561,91.8438,80.8908,846,110960,0.794558,0,2,391510,390664,846
13316481,86.3633,70.7794,894,112420,0.815102,0,2,391558,390664,894
13319401,81.5679,61.932,942,113880,0.833592,0,2,391606,390664,942
13322321,77.3719,54.1905,990,115340,0.850232,0,2,391654,390664,990
13325241,73.7004,47.4167,1038,116800,0.865209,0,2,391702,390664,1038
13328161,70.4879,41.4896,1086,118260,0.878688,0,2,391750,390664,1086
13331081,67.6769,36.3034,1134,119720,0.890819,0,2,391798,390664,1134
13334001,65.2173,31.7655,1182,121180,0.901738,0,2,391846,390664,1182
13336921,63.0651,27.7948,1230,122640,0.911564,0,2,391894,390664,1230
13339841,61.182,24.3204,1278,124100,0.920407,0,2,391942,390664,1278
13342761,59.5342,21.2804,1326,125560,0.928367,0,2,391990,390664,1326
13345681,58.0924,18.6203,1374,127020,0.93553,0,2,392038,390664,1374
13348601,56.8309,16.2928,1422,128480,0.941977,0,2,392086,390664,1422
13351521,55.727,14.2562,1470,129940,0.946779,0,2,392134,390664,1470
13357361,53.916,10.9149,1566,132860,0.949991,0,2,392230,390664,1566
13360281,53.1765,9.55054,1614,134320,0.945992,0,2,392278,390664,1614
13361741,52.5294,8.35672,1662,135780,0.939393,0,2,392326,390664,1662
13361741,48.9633,7.31213,1686,135780,0.930454,0,2,392350,390664,1686
13361741,45.8429,6.39811,1710,135780,0.918408,0,2,392374,390664,1710
13361741,43.2375,5.59835,1735,125800,0.905567,0.81,2,392399,390664,1735
13361741,40.8328,4.89856,1759,125009,0.890011,0,2,392423,390664,1759
13361741,38.7287,4.28624,1783,124613,0.87401,0,2,392447,390664,1783
13361741,36.8876,3.75046,1807,122758,0.855609,0,2,392471,390664,1807
13361741,35.2767,3.28165,1831,120902,0.837048,0,2,392495,390664,1831
13361741,33.8671,2.87144,1855,119046,0.818343,0,2,392519,390664,1855
13361741,32.6337,2.51251,1879,117191,0.799509,0,2,392543,390664,1879
13361741,31.5545,2.19845,1903,115335,0.781558,0,2,392567,390664,1903
13361741,30.6102,1.92364,1927,112019,0.766402,0,2,392591,390664,1927
13361741,29.7839,1.68319,1951,110164,0.753762,0,2,392615,390664,1951
13361741,29.0609,1.47279,1975,106848,0.743386,0,2,392639,390664,1975
13361741,28.4283,1.28869,1999,104992,0.733047,0,2,392663,390664,1999
13361741,27.8748,1.1276,2023,101677,0.724742,0,2,392687,390664,2023
13361741,27.3904,0.986654,2047,98361,0.718268,0,2,392711,390664,2047
13361741,26.9666,0.863322,2071,94900,0.711441,0,2,392735,390664,2071
13361741,26.5958,0.755407,2095,90760,0.706297,0,2,392759,390664,2095
13361741,26.2713,0.660981,2119,87840,0.702667,0,2,392783,390664,2119
13361741,25.9874,0.578358,2143,84920,0.700401,0,2,392807,390664,2143
13361741,20.5042,0.0457457,2559,56480,0.597605,0,1,393223,390664,2559
13361741,20.9412,0.0400275,2583,56280,0.594845,0,1,393247,390664,2583
13361741,18.8236,0.035024,2587,56280,0.59436,0,1,393251,390664,2587
13361741,19.4706,0.030646,2611,56280,0.591924,0,1,393275,390664,2611
13361741,18.2868,0.0268153,2621,56080,0.589732,0,1,393285,390664,2621
13361741,19.0009,0.0234634,2645,56080,0.585759,0,1,393309,390664,2645
13361741,19.6258,0.0205304,2669,55460,0.582183,0,1,393333,390664,2669
13361741,17.6726,0.0179641,2673,55460,0.580965,0,1,393337,390664,2673
13361741,18.4635,0.0157186,2697,55460,0.577868,0,1,393361,390664,2697
13361741,19.1556,0.0137538,2721,55260,0.575081,0,1,393385,390664,2721
13361741,17.2611,0.0120346,2725,55260,0.574573,0,1,393389,390664,2725
13361741,17.2285,0.0105302,2742,55260,0.572116,0,1,393406,390664,2742
13367581,18.0749,213.759,1056,55060,0.567904,0.75,1,393430,392374,1056
13370501,18.8156,193.164,1031,65440,0.575114,0.69,1,393454,392423,1031
13373421,19.4636,175.019,1007,65440,0.579602,0.67,1,393478,392471,1007
13376341,20.0307,156.141,1007,65440,0.581642,0.65,1,393502,392495,1007
13379261,20.5268,139.624,1007,65440,0.581478,0.62,1,393526,392519,1007
13382181,20.961,128.171,983,65440,0.57933,0.63,1,393550,392567,983
13383641,21.3409,115.149,983,65440,0.575397,0.64,1,393574,392591,983
13386561,21.6732,103.756,983,65440,0.569857,0.64,1,393598,392615,983
13389481,21.9641,96.7863,959,65440,0.562872,0.65,1,393622,392663,959
13390941,22.2186,87.688,959,65440,0.554585,0.65,1,393646,392687,959
13393861,22.4413,82.727,935,65440,0.545126,0.66,1,393670,392735,935
13396781,22.6361,75.3861,935,65440,0.534613,0.67,1,393694,392759,935
13398241,22.8066,68.9629,935,65440,0.523152,0.68,1,393718,392783,935
13401161,22.9558,63.3425,935,65440,0.510837,0.69,1,393742,392807,935
13402621,23.0863,58.4247,935,65440,0.497753,0.7,1,393766,392831,935
13405541,23.2005,54.1216,935,65440,0.483978,0.57,1,393790,392855,935
13407001,23.3004,50.3564,935,65440,0.46958,0.58,1,393814,392879,935
13409921,23.3879,47.0619,935,65440,0.454622,0.58,1,393838,392903,935
13411381,23.4644,44.1791,935,65440,0.43916,0.59,1,393862,392927,935
13414301,23.5314,41.6567,935,65440,0.423244,0.57,1,393886,392951,935
13415761,23.5899,39.4496,935,65440,0.40692,0.58,1,393910,392975,935
13418681,23.6412,37.5184,935,65440,0.390228,0.59,1,393934,392999,935
13420141,23.686,35.8286,935,65440,0.373205,0.59,1,393958,393023,935
13423061,23.7253,34.3501,935,65440,0.355884,0.58,1,393982,393047,935
13424521,23.7596,33.0563,935,65440,0.338296,0.58,1,394006,393071,935
13425981,23.7897,31.9243,935,65440,0.320466,0.57,1,394030,393095,935
13428901,23.816,30.9337,935,65440,0.30242,0.57,1,394054,393119,935
13430361,23.839,30.067,935,65440,0.284178,0.56,1,394078,393143,935
13452261,23.8591,29.8086,931,65440,0.26576,0.57,1,394102,393171,931
13453721,23.8767,29.0826,931,65440,0.247184,0.57,1,394126,393195,931
13455181,23.8921,28.9472,927,65440,0.228466,0.57,1,394150,393223,927
13456641,23.9056,28.3288,927,65440,0.209619,0.57,1,394174,393247,927
13458101,23.9174,28.2877,923,65440,0.190657,0.55,1,394198,393275,923
13459561,23.9277,29.0018,913,65440,0.171591,0.55,1,394222,393309,913
13461021,23.9368,28.3765,913,65440,0.154432,0.55,1,394246,393333,913
13462481,23.9447,28.3295,909,65440,0.138989,0.55,1,394270,393361,909
13463941,23.9516,27.7883,909,65440,0.12509,0.53,1,394294,393385,909
13465401,23.9576,29.9398,888,65440,0.112581,0.53,1,394318,393430,888
13466861,23.9629,26.1973,912,65440,0.101323,0.53,1,394342,393430,912
13468321,23.9676,22.9226,936,65440,0.0911907,0.53,1,394366,393430,936
13469781,23.9716,20.0573,960,65440,0.0820716,0.53,1,394390,393430,960
13472701,23.8502,17.5501,983,65440,0.0738645,0.53,1,394413,393430,983
13474161,23.8689,15.3564,1007,65440,0.066478,0.53,1,394437,393430,1007
13491921,21.8853,13.4368,1015,65440,0.0598302,0,1,394445,393430,1015
13491921,46.8996,11.7572,1237,96360,0.0538472,0,1,394667,393430,1237
13494841,479.662,569.788,270,96360,0.148462,0,1,398176,397906,270
13497761,425.704,498.564,318,97820,0.233616,0,1,398224,397906,318
13500681,378.491,436.244,366,99280,0.310255,0,1,398272,397906,366
13503601,337.18,381.713,414,100740,0.379229,0,1,398320,397906,414
13506521,301.032,333.999,462,102200,0.441306,0,1,398368,397906,462
13509441,269.403,292.249,510,103660,0.497176,0,1,398416,397906,510
13512361,241.728,255.718,558,105120,0.547458,0,1,398464,397906,558
13515281,217.512,223.753,606,106580,0.592712,0,1,398512,397906,606
13524041,161.56,149.897,750,110960,0.703087,0,2,398656,397906,750
13526961,147.365,131.16,798,112420,0.732778,0,2,398704,397906,798
13529881,134.944,114.765,846,113880,0.759501,0,2,398752,397906,846
13532801,124.076,100.419,894,113880,0.783551,0,2,398800,397906,894
13535721,114.567,87.867,942,113880,0.805196,0,2,398848,397906,942
13538641,106.246,76.8836,990,115340,0.824676,0,2,398896,397906,990
13541561,98.9651,67.2732,1038,115340,0.842208,0,2,398944,397906,1038
13544481,92.5945,58.864,1086,116800,0.857988,0,2,398992,397906,1086
13547401,87.0202,51.506,1134,116800,0.872189,0,2,399040,397906,1134
13550321,82.1426,45.0678,1182,116800,0.88497,0,2,399088,397906,1182
13553241,77.8748,39.4343,1230,118260,0.893473,0,2,399136,397906,1230
13556161,74.1405,34.505,1278,118260,0.903126,0,2,399184,397906,1278
13559081,70.8729,30.1919,1326,118260,0.912813,0,2,399232,397906,1326
13562001,68.0138,26.4179,1374,119720,0.921532,0,2,399280,397906,1374
13564921,65.5121,23.1157,1422,119720,0.927379,0,2,399328,397906,1422
13567841,63.3231,20.2262,1470,119720,0.928641,0,2,399376,397906,1470
13570761,61.4077,17.6979,1518,119720,0.925777,0,2,399424,397906,1518
13573681,59.7317,15.4857,1566,121180,0.921199,0,2,399472,397906,1566
13576601,58.2652,13.55,1614,121180,0.913079,0,2,399520,397906,1614
13576601,53.9821,11.8562,1638,121180,0.905771,0,2,399544,397906,1638
13576601,50.2343,10.3742,1662,121180,0.898194,0,2,399568,397906,1662
13576601,46.955,9.07742,1686,121180,0.892375,0,2,399592,397906,1686
13576601,44.2107,7.94275,1711,119720,0.886137,0.84,2,399617,397906,1711
13576601,41.6843,6.9499,1735,118793,0.879523,0,2,399641,397906,1735
13576601,39.4738,6.08116,1759,118329,0.871571,0,2,399665,397906,1759
13576601,37.5396,5.32102,1783,116405,0.861414,0,2,399689,397906,1783
13576601,35.8471,4.65589,1807,114482,0.853273,0,2,399713,397906,1807
13576601,34.3662,4.07391,1831,112558,0.843945,0,2,399737,397906,1831
13576601,33.0704,3.56467,1855,110634,0.832551,0,2,399761,397906,1855
13576601,31.9366,3.11908,1879,108710,0.823296,0,2,399785,397906,1879
13576601,30.9446,2.7292,1903,105327,0.813966,0,2,399809,397906,1903
13576601,30.0765,2.38805,1927,103403,0.80457,0,2,399833,397906,1927
13576601,29.3169,2.08954,1951,100019,0.794113,0,2,399857,397906,1951
13576601,28.6523,1.82835,1975,98095,0.785701,0,2,399881,397906,1975
13576601,28.0708,1.59981,1999,97632,0.777131,0,2,399905,397906,1999
13576601,27.5619,1.39983,2023,94248,0.770418,0,2,399929,397906,2023
13576601,27.1167,1.22485,2047,93784,0.765376,0,2,399953,397906,2047
13576601,26.7271,1.07174,2071,90400,0.759839,0,2,399977,397906,2071
13576601,26.3862,0.937777,2095,84680,0.753855,0,2,400001,397906,2095
13576601,26.0879,0.820555,2119,84680,0.749469,0,2,400025,397906,2119
13576601,25.8269,0.717985,2143,81760,0.746522,0,2,400049,397906,2143
13576601,25.5986,0.628237,2167,78840,0.74487,0,2,400073,397906,2167
13576601,25.3988,0.549708,2191,78840,0.744383,0,2,400097,397906,2191
13576601,25.2239,0.480994,2215,75920,0.744945,0,2,400121,397906,2215
13576601,25.0709,0.42087,2239,75920,0.74645,0,2,400145,397906,2239
13576601,24.9371,0.368261,2263,71540,0.748805,0,2,400169,397906,2263
13576601,24.8199,0.322228,2287,71540,0.750925,0,2,400193,397906,2287
13576601,24.7174,0.28195,2311,71540,0.752832,0,2,400217,397906,2311
13576601,24.6278,0.246706,2335,71540,0.750549,0,2,400241,397906,2335
13576601,24.5493,0.215868,2359,71540,0.749494,0,2,400265,397906,2359
13576601,24.4806,0.188884,2383,71540,0.747545,0,2,400289,397906,2383
13576601,24.4205,0.165274,2407,71540,0.74679,0,2,400313,397906,2407
13576601,24.368,0.144615,2431,71540,0.747111,0,2,400337,397906,2431
13576601,24.322,0.126538,2455,71540,0.7484,0,2,400361,397906,2455
13576601,24.2817,0.110721,2479,71540,0.75056,0,2,400385,397906,2479
13576601,24.2465,0.0968805,2503,71540,0.751504,0,2,400409,397906,2503
13576601,24.2157,0.0847704,2527,71540,0.753354,0,2,400433,397906,2527
13576601,24.1887,0.0741741,2551,71540,0.755018,0,2,400457,397906,2551
13576601,24.1651,0.0649024,2575,71540,0.756517,0,2,400481,397906,2575
13576601,24.1445,0.0567896,2599,71540,0.757865,0,2,400505,397906,2599
13576601,24.1264,0.0496909,2623,71540,0.758078,0,2,400529,397906,2623
13576601,24.1106,0.0434795,2647,70740,0.758271,0,2,400553,397906,2647
13576601,24.0968,0.0380446,2671,70740,0.758443,0,2,400577,397906,2671
13576601,24.0847,0.033289,2695,70740,0.758599,0,2,400601,397906,2695
13576601,24.0741,0.0291279,2719,70740,0.758739,0,2,400625,397906,2719
13576601,24.0649,0.0254869,2743,70740,0.758865,0,2,400649,397906,2743
13576601,24.0567,0.022301,2767,70740,0.758979,0,2,400673,397906,2767
13576601,24.0497,0.0195134,2791,70740,0.759081,0,2,400697,397906,2791
13576601,24.0434,0.0170742,2815,70740,0.759173,0,2,400721,397906,2815
13576601,24.038,0.01494,2839,70740,0.759256,0,2,400745,397906,2839
13576601,24.0333,0.0130725,2863,70740,0.75933,0,2,400769,397906,2863
13576601,24.0291,0.0114384,2887,70740,0.759397,0,2,400793,397906,2887
13576601,24.0255,0.0100086,2911,70740,0.759457,0,2,400817,397906,2911
13576601,24.0223,0.00875752,2935,70740,0.759512,0,2,400841,397906,2935
13576601,24.0195,0.00766283,2959,70740,0.75956,0,2,400865,397906,2959
13576601,24.0171,0.00670498,2983,70740,0.759604,0,2,400889,397906,2983
13576601,24.0149,0.00586686,3007,70740,0.759644,0,2,400913,397906,3007
13582441,24.0131,210.755,1345,70740,0.759679,0.77,2,400937,399592,1345
13582441,24.0114,184.411,1369,83220,0.764712,0,2,400961,399592,1369
13585361,24.01,173.484,1296,74320,0.76724,0.78,2,400985,399689,1296
13588281,24.0088,154.799,1296,83220,0.767516,0.73,2,401009,399713,1296
13591201,24.0077,141.449,1272,83220,0.765765,0.74,2,401033,399761,1272
13594121,24.0067,126.768,1272,83220,0.762188,0.72,2,401057,399785,1272
13597041,24.0059,116.922,1248,83220,0.756969,0.7,2,401081,399833,1248
13598501,24.0051,105.307,1248,83220,0.750273,0.7,2,401105,399857,1248
13601421,24.0045,98.1433,1224,83220,0.742245,0.71,2,401129,399905,1224
13604341,24.0039,88.8754,1224,83220,0.733021,0.7,2,401153,399929,1224
13605801,24.0034,86.766,1176,83220,0.722719,0.71,2,401177,400001,1176
13608721,24.003,78.9202,1176,83220,0.711447,0.72,2,401201,400025,1176
13630621,24.001,42.8711,1176,83220,0.596185,0.73,1,401393,400217,1176
13633541,24.0009,40.5122,1176,83220,0.579567,0.74,1,401417,400241,1176
13635001,24.0008,38.4482,1176,83220,0.56261,0.73,1,401441,400265,1176
13639381,24.0007,36.6421,1176,83220,0.546349,0.74,1,401465,400289,1176
13640841,24.0006,35.0619,1176,83220,0.529714,0.75,1,401489,400313,1176
13645221,23.8755,33.6791,1175,83220,0.512743,0.76,1,401512,400337,1175
13646681,23.8911,32.4693,1175,83220,0.495469,0.77,1,401536,400361,1175
13648141,23.9047,31.4106,1175,83220,0.477922,0.76,1,401560,400385,1175
13702161,23.9166,30.4843,1175,83220,0.460129,0.76,1,401584,400409,1175
13705081,26.927,29.6737,1199,86140,0.440117,0.76,1,401632,400433,1199
13707201,27.9362,31.9645,1186,87600,0.418105,0,1,401667,400481,1186
13707201,27.4441,27.969,1210,89060,0.476294,0.22,1,401691,400481,1210
13707201,27.0136,24.4728,1234,89060,0.528665,0,1,401715,400481,1234
13707201,26.6369,21.4137,1258,89060,0.575799,0,1,401739,400481,1258
13707201,25.5457,12.5523,1354,89060,0.721681,0,2,401835,400481,1354
13707201,25.3525,10.9833,1378,89060,0.749513,0,2,401859,400481,1378
13707201,25.1834,9.61038,1402,89060,0.774562,0,2,401883,400481,1402
13707201,25.0355,8.40908,1426,89060,0.797106,0,2,401907,400481,1426
13707201,24.9061,7.35795,1450,89060,0.817395,0,2,401931,400481,1450
13707201,24.7928,6.43821,1474,89060,0.835656,0,2,401955,400481,1474
13707201,24.6937,5.63343,1498,89060,0.85209,0,2,401979,400481,1498
13707201,24.607,4.92925,1522,89060,0.866881,0,2,402003,400481,1522
13707201,24.5311,4.31309,1546,89060,0.880193,0,2,402027,400481,1546
13707201,24.4647,3.77396,1570,89060,0.892174,0,2,402051,400481,1570
13707201,24.4066,3.30221,1594,89060,0.902956,0,2,402075,400481,1594
13707201,24.3558,2.88944,1618,89060,0.912661,0,2,402099,400481,1618
13707201,24.3113,2.52826,1642,89060,0.921395,0,2,402123,400481,1642
13707201,24.2724,2.21222,1666,89060,0.929255,0,2,402147,400481,1666
13707201,22.6134,1.9357,1677,89060,0.93633,0,2,402158,400481,1677
13710121,25.7867,151.069,530,89060,0.939697,0.22,2,402206,401676,530
13713041,28.5634,132.185,578,90520,0.944727,0.22,2,402254,401676,578
13715961,30.9929,115.662,626,90520,0.949254,0.22,2,402302,401676,626
13756841,45.3773,17.8362,1298,94900,0.940544,0.22,2,402974,401676,1298
13759761,45.7052,15.6067,1346,94900,0.93349,0.22,2,403022,401676,1346
13762681,45.992,13.6559,1394,94900,0.929141,0.22,2,403070,401676,1394
13765601,46.243,11.9489,1442,94900,0.927227,0.22,2,403118,401676,1442
13768521,46.4626,10.4553,1490,94900,0.927504,0.22,2,403166,401676,1490
13771441,46.6548,9.14837,1538,96360,0.931754,0.22,2,403214,401676,1538
13774361,46.823,8.00482,1586,96360,0.937578,0.22,2,403262,401676,1586
13777281,46.9701,7.00422,1634,96360,0.943821,0.22,2,403310,401676,1634
13777281,44.0988,6.12869,1658,96360,0.949438,0,2,403334,401676,1658
13777281,25.6273,0.484753,2115,85410,0.945251,0,2,403791,401676,2115
13777281,25.4239,0.424159,2139,84938,0.938726,0,2,403815,401676,2139
13777281,25.2459,0.371139,2163,84466,0.931853,0,2,403839,401676,2163
13777281,25.0902,0.324747,2187,83993,0.924668,0,2,403863,401676,2187
13777281,24.9539,0.284154,2211,83521,0.917201,0,2,403887,401676,2211
13777281,24.8347,0.248634,2235,83049,0.911481,0,2,403911,401676,2235
13777281,24.7303,0.217555,2259,82576,0.905333,0,2,403935,401676,2259
13777281,24.639,0.190361,2283,82104,0.8988,0,2,403959,401676,2283
13777281,24.5592,0.166566,2307,81632,0.89192,0,2,403983,401676,2307
13777281,24.4893,0.145745,2331,81159,0.886728,0,2,404007,401676,2331
13777281,24.4281,0.127527,2355,79227,0.881055,0,2,404031,401676,2355
13777281,24.3746,0.111586,2379,78755,0.876949,0,2,404055,401676,2379
13777281,24.3278,0.0976377,2403,78282,0.873254,0,2,404079,401676,2403
13777281,24.2868,0.085433,2427,77810,0.867929,0,2,404103,401676,2427
13777281,24.2509,0.0747539,2451,77338,0.863136,0,2,404127,401676,2451
13777281,24.2196,0.0654096,2475,76865,0.858823,0,2,404151,401676,2475
13777281,24.1921,0.0572334,2499,76393,0.85294,0,2,404175,401676,2499
13777281,24.1681,0.0500792,2523,75920,0.847646,0,2,404199,401676,2523
13777281,24.1471,0.0438193,2547,75448,0.842882,0,2,404223,401676,2547
13777281,24.1287,0.0383419,2571,73516,0.836593,0,2,404247,401676,2571
13777281,24.1126,0.0335492,2595,73043,0.830934,0,2,404271,401676,2595
13777281,24.0985,0.0293555,2619,72571,0.825841,0,2,404295,401676,2619
13777281,24.0862,0.0256861,2643,72099,0.819257,0,2,404319,401676,2643
13777281,24.0754,0.0224753,2667,71626,0.813331,0,2,404343,401676,2667
13777281,24.066,0.0196659,2691,71154,0.807998,0,2,404367,401676,2691
13777281,24.0578,0.0172077,2715,70682,0.801198,0,2,404391,401676,2715
13777281,24.0505,0.0150567,2739,70209,0.795078,0,2,404415,401676,2739
13777281,24.0442,0.0131746,2763,67940,0.78757,0,2,404439,401676,2763
13777281,24.0387,0.0115278,2787,67160,0.778813,0,2,404463,401676,2787
13777281,24.0339,0.0100868,2811,66480,0.770932,0,2,404487,401676,2811
13777281,24.0296,0.00882597,2835,66480,0.757839,0,2,404511,401676,2835
13777281,24.0259,0.00772272,2859,66480,0.747055,0,2,404535,401676,2859
13777281,24.0227,0.00675738,2883,66480,0.738349,0,2,404559,401676,2883
13777281,24.0198,0.00591271,2907,66480,0.730515,0,2,404583,401676,2907
13777281,24.0174,0.00517362,2931,66480,0.724463,0,2,404607,401676,2931
13777281,24.0152,0.00452692,2955,66480,0.720017,0,2,404631,401676,2955
13777281,24.0133,0.00396105,2979,66480,0.717015,0,2,404655,401676,2979
13777281,24.0116,0.00346592,3003,66480,0.715314,0,2,404679,401676,3003
13777281,24.0102,0.00303268,3027,66480,0.714782,0,2,404703,401676,3027
13777281,24.0089,0.0026536,3051,66480,0.713304,0,2,404727,401676,3051
13777281,24.0078,0.0023219,3075,66480,0.712974,0,2,404751,401676,3075
13777281,24.0068,0.00203166,3099,66480,0.712676,0,2,404775,401676,3099
13777281,24.006,0.0017777,3123,66480,0.712409,0,2,404799,401676,3123
13777281,24.0052,0.00155549,3147,66480,0.712168,0,2,404823,401676,3147
13777281,24.0046,0.00136105,3171,66480,0.711951,0,2,404847,401676,3171
13793341,24.004,213.251,1489,66480,0.711756,0.98,2,404871,403382,1489
13793341,24.0035,186.595,1513,67160,0.71558,0,2,404895,403382,1513
13793341,22.6281,163.27,1526,66480,0.719022,0,2,404908,403382,1526
13793341,22.7996,142.862,1550,66480,0.72012,0,2,404932,403382,1550
13793341,22.9496,125.004,1574,66480,0.719108,0,2,404956,403382,1574
13818161,23.0809,133.503,1405,66480,0.716197,0.84,2,404980,403575,1405
13818161,23.1958,116.816,1429,67160,0.735578,0,2,405004,403575,1429
13818161,23.2963,102.214,1453,67160,0.75102,0,2,405028,403575,1453
13818161,23.3843,89.4369,1477,67160,0.762918,0,2,405052,403575,1477
13818161,23.4612,78.2573,1501,67160,0.771626,0,2,405076,403575,1501
13818161,23.5286,68.4751,1525,67160,0.777463,0,2,405100,403575,1525
13818161,23.5875,59.9157,1549,67160,0.780717,0,2,405124,403575,1549
13818161,23.6391,52.4263,1573,67160,0.781645,0,2,405148,403575,1573
13818161,23.6842,45.873,1597,67160,0.780481,0,2,405172,403575,1597
13818161,23.7237,40.1389,1621,67160,0.777433,0,2,405196,403575,1621
13818161,23.7582,35.1215,1645,67160,0.772689,0,2,405220,403575,1645
13832761,23.6634,78.7313,1284,67160,0.766421,0.8,2,405243,403959,1284
13832761,23.7055,68.8899,1308,67160,0.770778,0,2,405267,403959,1308
13832761,23.7423,60.2787,1332,67160,0.772701,0,2,405291,403959,1332
13832761,23.7745,52.7438,1356,67160,0.772431,0,2,405315,403959,1356
13832761,23.8027,46.1508,1380,67160,0.770188,0,2,405339,403959,1380
13832761,23.8274,40.382,1404,67160,0.766169,0,2,405363,403959,1404
13878801,23.849,62.3342,1212,67160,0.760552,0.7,2,405387,404175,1212
13878801,23.8678,54.5425,1236,68620,0.784497,0,2,405411,404175,1236
13878801,23.8844,47.7247,1260,68620,0.806047,0,2,405435,404175,1260
13878801,23.8988,41.7591,1284,68620,0.825442,0,2,405459,404175,1284
13878801,23.9115,36.5392,1308,68620,0.842898,0,2,405483,404175,1308
13878801,23.9225,31.9718,1332,68620,0.857608,0,2,405507,404175,1332
13878801,23.9322,27.9753,1356,68620,0.868847,0,2,405531,404175,1356
13878801,23.9407,24.4784,1380,68620,0.876963,0,2,405555,404175,1380
13878801,23.9481,21.4186,1404,68620,0.882266,0,2,405579,404175,1404
13878801,23.9546,18.7413,1428,68620,0.88504,0,2,405603,404175,1428
13878801,23.9603,16.3986,1452,68620,0.885536,0,2,405627,404175,1452
13878801,23.9652,14.3488,1476,68620,0.883982,0,2,405651,404175,1476
13878801,23.9696,12.5552,1500,68620,0.880584,0,2,405675,404175,1500
13878801,23.9734,10.9858,1524,68620,0.875526,0,2,405699,404175,1524
13878801,23.9767,9.61257,1548,68620,0.868973,0,2,405723,404175,1548
13878801,23.9796,8.411,1572,68620,0.861076,0,2,405747,404175,1572
13878801,23.9822,7.35962,1596,68620,0.851968,0,2,405771,404175,1596
13878801,23.9844,6.43967,1620,68620,0.841771,0,2,405795,404175,1620
13881721,26.9863,74.6347,1116,68620,0.828594,0.71,2,405843,404727,1116
13884641,29.6131,71.3054,1116,70080,0.818735,0.71,2,405891,404775,1116
13887561,31.9114,68.3922,1116,71540,0.811861,0.71,2,405939,404823,1116
13890481,33.9225,65.8432,1116,73000,0.807675,0.71,2,405987,404871,1116
13893401,35.6822,57.6128,1164,74460,0.805908,0.69,2,406035,404871,1164
13896321,37.2219,64.0362,1103,74460,0.804317,0.69,2,406083,404980,1103
13899241,38.5692,56.0317,1151,74460,0.802885,0.69,2,406131,404980,1151
13902161,39.748,49.0277,1199,74460,0.801597,0.69,2,406179,404980,1199
13905081,40.7795,42.8992,1247,74460,0.800437,0.69,2,406227,404980,1247
13908001,41.6821,37.5368,1295,74460,0.799393,0.69,2,406275,404980,1295
13910921,42.4718,32.8447,1343,75920,0.800454,0.71,2,406323,404980,1343
13913841,43.1628,61.6141,1128,75920,0.801409,0.71,2,406371,405243,1128
13916761,43.7675,53.9124,1176,75920,0.802268,0.71,2,406419,405243,1176
13919681,44.2966,47.1733,1224,75920,0.803041,0.71,2,406467,405243,1224
13922601,44.7595,59.2767,1128,75920,0.803737,0.71,2,406515,405387,1128
13925521,45.1645,51.8671,1176,75920,0.804363,0.71,2,406563,405387,1176
13928441,45.519,45.3837,1224,77380,0.802927,0.71,2,406611,405387,1224
13931361,45.8291,39.7107,1272,77380,0.803634,0.71,2,406659,405387,1272
13934281,46.1005,34.7469,1320,77380,0.806271,0.71,2,406707,405387,1320
13937201,46.3379,30.4035,1368,77380,0.808644,0.71,2,406755,405387,1368
13940121,46.5457,26.6031,1416,77380,0.810779,0.71,2,406803,405387,1416
13943041,46.7275,23.2777,1464,77380,0.812701,0.71,2,406851,405387,1464
13945961,46.8865,20.368,1512,77380,0.814431,0.71,2,406899,405387,1512
13948881,47.0257,17.822,1560,77380,0.815988,0.71,2,406947,405387,1560
13951801,47.1475,72.5942,1152,77380,0.817389,0.73,2,406995,405843,1152
13954721,47.2541,69.52,1152,78840,0.82065,0.73,2,407043,405891,1152
13957641,47.3473,60.83,1200,78840,0.823585,0.75,2,407091,405891,1200
13960561,47.4289,59.2262,1200,78840,0.826227,0.77,2,407139,405939,1200
13963481,47.5003,57.8229,1200,78840,0.828604,0.77,2,407187,405987,1200
13966401,47.5627,50.5951,1248,78840,0.830744,0.79,2,407235,405987,1248
13969321,47.6174,50.2707,1248,78840,0.831669,0.79,2,407283,406035,1248
13972241,47.6652,49.9869,1248,78840,0.828502,0.79,2,407331,406083,1248
13975161,47.7071,49.7385,1248,78840,0.821652,0.79,2,407379,406131,1248
13978081,47.7437,49.5212,1248,78840,0.811487,0.79,2,407427,406179,1248
13981001,47.7757,49.331,1248,78840,0.798338,0.79,2,407475,406227,1248
13983921,47.8038,49.1647,1248,78840,0.782504,0.81,2,407523,406275,1248
13986841,47.8283,49.0191,1248,78840,0.764254,0.81,2,407571,406323,1248
13989761,47.8498,48.8917,1248,78840,0.743829,0.81,2,407619,406371,1248
13992681,47.8685,48.7802,1248,80300,0.721446,0.81,2,407667,406419,1248
14007281,47.9326,43.1502,1296,80300,0.586375,0.81,1,407907,406611,1296
14010201,47.941,43.7564,1296,80300,0.555738,0.83,1,407955,406659,1296
14013121,47.9484,44.2869,1296,80300,0.524164,0.83,1,408003,406707,1296
14016041,47.9548,44.751,1296,80300,0.491748,0.83,1,408051,406755,1296
14018961,47.9605,45.1571,1296,80300,0.458573,0.83,1,408099,406803,1296
14021881,47.9654,45.5125,1296,80300,0.424716,0.83,1,408147,406851,1296
14024801,47.9697,45.8234,1296,80300,0.390244,0.83,1,408195,406899,1296
14027721,47.9735,46.0955,1296,80300,0.35522,0.83,1,408243,406947,1296
14030641,47.9768,46.3336,1296,80300,0.319698,0.85,1,408291,406995,1296
14033561,47.9797,46.5419,1296,80300,0.287728,0.85,1,408339,407043,1296
14036481,47.9823,46.7241,1296,80300,0.258955,0.85,1,408387,407091,1296
14039401,47.9845,46.8836,1296,80300,0.23306,0.85,1,408435,407139,1296
14042321,47.9864,47.0232,1296,80300,0.209754,0.85,1,408483,407187,1296
14044161,45.7381,47.1453,1278,80300,0.188778,0,1,408513,407235,1278
14047081,1282.65,1409.88,270,80300,0.2569,0,1,418454,418184,270
14050001,1128.32,1233.64,318,81760,0.32021,0,1,418502,418184,318
14052921,993.276,1079.44,366,83220,0.379189,0,1,418550,418184,366
14055841,875.116,944.508,414,84680,0.43427,0,1,418598,418184,414
14058761,771.727,826.444,462,86140,0.485843,0,1,418646,418184,462
14061681,681.261,723.139,510,87600,0.534259,0,1,418694,418184,510
14064601,602.103,632.746,558,89060,0.579833,0,1,418742,418184,558
14076281,372.805,370.904,750,94900,0.724329,0,2,418934,418184,750
14079201,332.205,324.541,798,96360,0.751896,0,2,418982,418184,798
14082121,296.679,283.974,846,97820,0.776706,0,2,419030,418184,846
14085041,265.594,248.477,894,99280,0.799035,0,2,419078,418184,894
14087961,238.395,217.417,942,100740,0.819132,0,2,419126,418184,942
14090881,214.595,190.24,990,102200,0.837219,0,2,419174,418184,990
14093801,193.771,166.46,1038,103660,0.853497,0,2,419222,418184,1038
14096721,175.55,145.653,1086,105120,0.868147,0,2,419270,418184,1086
14099641,159.606,127.446,1134,106580,0.881332,0,2,419318,418184,1134
14102561,145.655,111.515,1182,108040,0.893199,0,2,419366,418184,1182
14105481,133.448,97.5758,1230,109500,0.903879,0,2,419414,418184,1230
14108401,122.767,85.3789,1278,110960,0.913491,0,2,419462,418184,1278
14111321,113.421,74.7065,1326,112420,0.922142,0,2,419510,418184,1326
14114241,105.244,65.3682,1374,113880,0.929928,0,2,419558,418184,1374
14117161,98.0882,57.1972,1422,115340,0.936935,0,2,419606,418184,1422
14120081,91.8272,50.0475,1470,116800,0.943242,0,2,419654,418184,1470
14123001,86.3488,43.7916,1518,118260,0.948918,0,2,419702,418184,1518
14156581,48.2888,33.1812,1536,135780,0.948287,0,2,420326,418790,1536
14156581,45.3777,29.0335,1561,126560,0.943458,0.89,2,420351,418790,1561
14156581,42.7055,25.4043,1585,125757,0.938112,0,2,420375,418790,1585
14156581,40.3673,22.2288,1609,125355,0.919301,0,2,420399,418790,1609
14156581,38.3214,19.4502,1633,123493,0.898371,0,2,420423,418790,1633
14156581,36.5312,17.0189,1657,121631,0.877534,0,2,420447,418790,1657
14156581,34.9648,14.8916,1681,119769,0.85678,0,2,420471,418790,1681
14156581,33.5942,13.0301,1705,117908,0.836102,0,2,420495,418790,1705
14156581,32.3949,11.4014,1729,116046,0.813492,0,2,420519,418790,1729
14156581,31.3456,9.97618,1753,112724,0.791143,0,2,420543,418790,1753
14156581,30.4274,8.72916,1777,110862,0.769029,0,2,420567,418790,1777
14156581,29.6239,7.63802,1801,107540,0.748126,0,2,420591,418790,1801
14156581,28.921,6.68326,1825,107138,0.730313,0,2,420615,418790,1825
14156581,28.3058,5.84786,1849,106736,0.715282,0,2,420639,418790,1849
14156581,27.7676,5.11687,1873,106335,0.702754,0,2,420663,418790,1873
14156581,19.4823,0.158933,2437,57320,0.598317,0,1,421227,418790,2437
14156581,20.047,0.139066,2461,57120,0.595485,0,1,421251,418790,2461
14156581,18.0412,0.121683,2465,57120,0.594937,0,1,421255,418790,2465
14156581,18.786,0.106473,2489,57120,0.592443,0,1,421279,418790,2489
14156581,17.6878,0.0931636,2499,56920,0.592199,0,1,421289,418790,2499
14156581,18.4768,0.0815182,2523,56920,0.589979,0,1,421313,418790,2523
14156581,19.1672,0.0713284,2547,56300,0.587981,0,1,421337,418790,2547
14156581,17.2713,0.0624123,2551,56300,0.588183,0,1,421341,418790,2551
14156581,18.1124,0.0546108,2575,56300,0.586365,0,1,421365,418790,2575
14156581,17.0983,0.0477844,2585,56100,0.584728,0,1,421375,418790,2585
14162421,17.961,192.042,1073,56100,0.581255,0.89,1,421399,420326,1073
14165341,18.7159,174.162,1048,66480,0.58713,0.71,1,421423,420375,1048
14168261,19.3764,158.391,1024,66480,0.590417,0.69,1,421447,420423,1024
14171181,19.9544,141.592,1024,66480,0.591375,0.67,1,421471,420447,1024
14174101,20.4601,126.893,1024,66480,0.590238,0.61,1,421495,420471,1024
14177021,20.9026,117.032,1000,66480,0.587214,0.59,1,421519,420519,1000
14178481,21.2897,105.403,1000,66480,0.582492,0.56,1,421543,420543,1000
14181401,21.6285,98.2274,976,66480,0.576243,0.57,1,421567,420591,976
14184321,21.925,88.949,976,66480,0.568619,0.58,1,421591,420615,976
14185781,22.1843,80.8304,976,66480,0.559757,0.56,1,421615,420639,976
14194541,22.4113,76.7266,952,66480,0.549781,0.57,1,421639,420687,952
14196001,22.6099,70.1357,952,66480,0.538803,0.58,1,421663,420711,952
14197461,22.7836,64.3688,952,66480,0.526923,0.59,1,421687,420735,952
14198921,22.9357,59.3227,952,66480,0.514231,0.6,1,421711,420759,952
14200381,23.0687,54.9073,952,66480,0.500808,0.61,1,421735,420783,952
14201841,23.1851,51.0439,952,66480,0.486727,0.59,1,421759,420807,952
14203301,23.287,47.6634,952,66480,0.472054,0.6,1,421783,420831,952
14204761,23.3761,44.7055,952,66480,0.494849,0.6,1,421807,420855,952
14206221,23.4541,42.1173,952,67380,0.517364,0.61,1,421831,420879,952
14209141,23.5223,39.8527,952,66480,0.535627,0.59,1,421855,420903,952
14210601,23.5821,37.8711,952,67380,0.554065,0.6,1,421879,420927,952
14213521,23.6343,36.1372,952,66480,0.568658,0.61,1,421903,420951,952
14214981,23.68,34.62,952,67380,0.583792,0.61,1,421927,420975,952
14217901,23.72,33.2925,952,66480,0.595413,0.6,1,421951,420999,952
14290441,24.7118,62.2104,664,96360,0.72347,0.34,2,422458,421794,664
14293361,27.6228,54.4341,712,97820,0.751123,0.34,2,422506,421794,712
14296281,30.17,47.6298,760,99280,0.776011,0.34,2,422554,421794,760
14299201,32.3987,41.6761,808,100740,0.79841,0.34,2,422602,421794,808
14302121,34.3489,36.4666,856,102200,0.818569,0.34,2,422650,421794,856
14305041,36.0553,31.9083,904,103660,0.836712,0.34,2,422698,421794,904
14307961,37.5484,27.9197,952,105120,0.853041,0.34,2,422746,421794,952
14310881,38.8548,24.4298,1000,106580,0.867737,0.34,2,422794,421794,1000
14313801,39.998,21.376,1048,106580,0.880963,0.34,2,422842,421794,1048
14316721,40.9982,18.704,1096,108040,0.892867,0.7,2,422890,421794,1096
14319641,41.8734,17.991,1131,108040,0.90358,0.7,2,422938,421807,1131
14322561,42.6393,21.7422,1131,108040,0.913222,0.7,2,422986,421855,1131
14325481,43.3094,25.0244,1131,108040,0.9219,0.7,2,423034,421903,1131
14328401,43.8957,27.8963,1131,109500,0.92971,0.7,2,423082,421951,1131
14331321,44.4087,30.4093,1131,109500,0.936739,0.7,2,423130,421999,1131
14334241,44.8576,32.6081,1131,109500,0.943065,0.7,2,423178,422047,1131
14337161,45.2504,34.5321,1131,109500,0.948758,0.7,2,423226,422095,1131
14354681,46.766,41.8307,1132,112420,0.946889,0.73,2,423514,422382,1132
14357601,46.9203,40.1018,1152,112420,0.9352,0.73,2,423562,422410,1152
14360521,47.0552,35.0891,1200,113880,0.92068,0.73,2,423610,422410,1200
14363441,47.1733,30.703,1248,113880,0.883612,0.73,2,423658,422410,1248
14366361,47.2767,26.8651,1296,113880,0.842251,0.73,2,423706,422410,1296
14369281,47.3671,23.507,1344,115340,0.801026,0.73,2,423754,422410,1344
14372201,47.4462,20.5686,1392,115340,0.756923,0.73,2,423802,422410,1392
14375121,47.5154,17.9975,1440,115340,0.713231,0.73,2,423850,422410,1440
14379501,44.6754,12.0569,1560,116800,0.583325,0,1,423970,422410,1560
14379501,42.0909,10.5498,1584,116800,0.543993,0,1,423994,422410,1584
14379501,39.8296,9.23109,1608,57560,0.507594,0.19,1,424018,422410,1608
14379501,37.9759,8.0772,1633,57560,0.475834,0,1,424043,422410,1633
14379501,36.2289,7.06755,1657,57560,0.448251,0,1,424067,422410,1657
14379501,34.7003,6.18411,1681,57560,0.424426,0,1,424091,422410,1681
14379501,33.3627,5.41109,1705,56100,0.403983,0,1,424115,422410,1705
14379501,32.1924,4.73471,1729,56100,0.386585,0,1,424139,422410,1729
14379501,31.1684,4.14287,1753,54640,0.371926,0,1,424163,422410,1753
14379501,30.2723,3.62501,1777,54640,0.359734,0,1,424187,422410,1777
14379501,29.4883,3.17188,1801,53180,0.34976,0,1,424211,422410,1801
14379501,28.8022,2.7754,1825,53180,0.341784,0,1,424235,422410,1825
14379501,28.202,2.42847,1849,51720,0.335606,0,1,424259,422410,1849
14379501,27.6767,2.12491,1873,50260,0.331045,0,1,424283,422410,1873
14379501,27.2171,1.8593,1897,50260,0.327941,0,1,424307,422410,1897
14379501,26.815,1.62689,1921,47340,0.326147,0,1,424331,422410,1921
14379501,26.4631,1.42353,1945,47340,0.325532,0,1,424355,422410,1945
14379501,26.1552,1.24559,1969,47340,0.325979,0,1,424379,422410,1969
14379501,25.8858,1.08989,1993,47340,0.327381,0,1,424403,422410,1993
14379501,25.6501,0.953652,2017,45880,0.329643,0,1,424427,422410,2017
14379501,25.4438,0.834445,2041,45880,0.331679,0,1,424451,422410,2041
14379501,25.2634,0.73014,2065,44420,0.333511,0,1,424475,422410,2065
14379501,25.1054,0.638872,2089,44420,0.33516,0,1,424499,422410,2089
14379501,24.9673,0.559013,2113,42960,0.336644,0,1,424523,422410,2113
14379501,24.8463,0.489136,2137,42960,0.337979,0,1,424547,422410,2137
14379501,24.7406,0.427994,2161,42960,0.339181,0,1,424571,422410,2161
14379501,24.648,0.374495,2185,42960,0.340263,0,1,424595,422410,2185
14379501,24.567,0.327683,2209,41500,0.341237,0,1,424619,422410,2209
14379501,22.7461,0.286723,2219,41500,0.341113,0,1,424629,422410,2219
14386801,22.9028,198.251,659,39200,0.339002,0.18,1,424653,423994,659
14391181,23.04,176.47,659,41500,0.335102,0.2,1,424677,424018,659
14391181,23.16,154.411,683,40040,0.329592,0,1,424701,424018,683
14395561,23.265,141.234,658,40040,0.322632,0.22,1,424725,424067,658
14395561,23.3569,123.58,682,38580,0.314369,0,1,424749,424067,682
14399941,23.4373,114.133,658,38580,0.304932,0.24,1,424773,424115,658
14399941,23.5076,99.8661,682,37120,0.294439,0,1,424797,424115,682
14402861,23.5692,93.3828,658,37120,0.282995,0.25,1,424821,424163,658
14407241,23.623,84.71,658,37120,0.270696,0.27,1,424845,424187,658
14407241,23.6701,74.1212,682,35660,0.257626,0,1,424869,424187,682
14408701,23.7114,70.8561,658,35660,0.243863,0.28,1,424893,424235,658
14416001,23.7474,64.9991,658,35660,0.229477,0.31,1,424917,424259,658
14416001,23.779,56.8742,682,32740,0.214529,0,1,424941,424259,682
14416001,23.8066,49.7649,706,32740,0.199076,0,1,424965,424259,706
14420381,23.8308,52.5443,658,32740,0.183169,0.33,1,424989,424331,658
14420381,23.852,45.9763,682,31280,0.166852,0,1,425013,424331,682
14424761,23.8705,46.2292,658,31280,0.150167,0.35,1,425037,424379,658
14424761,23.8867,40.4506,682,29820,0.13515,0,1,425061,424379,682
14432061,23.9008,41.3942,658,29820,0.121635,0.35,1,425085,424427,658
14432061,23.9132,36.22,682,25440,0.109472,0,1,425109,424427,682
14432061,23.9241,31.6925,706,25440,0.0985244,0,1,425133,424427,706
14432061,23.9336,27.7309,730,25440,0.088672,0,1,425157,424427,730
14436441,23.8169,36.2645,657,25440,0.0798048,0.35,1,425180,424523,657
14436441,23.8398,31.7315,681,23980,0.0718243,0,1,425204,424523,681
14441441,23.8598,33.765,657,23980,0.0646419,0,1,425228,424571,657
14441441,23.8773,29.5444,681,81760,0.0581777,0,1,425252,424571,681
14441441,22.1426,25.8514,691,81760,0.0523599,0,1,425262,424571,691
14444361,732.75,788.62,270,81760,0.136124,0,1,430969,430699,270
14447281,647.156,690.042,318,83220,0.213512,0,1,431017,430699,318
14450201,572.262,603.787,366,84680,0.28516,0,1,431065,430699,366
14453121,506.729,528.314,414,86140,0.351644,0,1,431113,430699,414
14456041,449.388,462.275,462,87600,0.41348,0,1,431161,430699,462
14458961,399.214,404.49,510,89060,0.471132,0,1,431209,430699,510
14461881,355.313,353.929,558,90520,0.524019,0,1,431257,430699,558
14464801,316.898,309.688,606,91980,0.571617,0,1,431305,430699,606
14476481,205.623,181.533,798,97820,0.718938,0,2,431497,430699,798
14479401,185.92,158.842,846,99280,0.747044,0,2,431545,430699,846
14482321,168.68,138.986,894,99280,0.77234,0,2,431593,430699,894
14485241,153.595,121.613,942,100740,0.795106,0,2,431641,430699,942
14488161,140.396,106.411,990,102200,0.815595,0,2,431689,430699,990
14491081,128.846,93.1101,1038,102200,0.834036,0,2,431737,430699,1038
14494001,118.741,81.4713,1086,103660,0.850632,0,2,431785,430699,1086
14496921,109.898,71.2874,1134,105120,0.865569,0,2,431833,430699,1134
14499841,102.161,62.3765,1182,105120,0.879012,0,2,431881,430699,1182
14502761,95.3907,54.5794,1230,106580,0.891111,0,2,431929,430699,1230
14505681,89.4668,47.757,1278,108040,0.902,0,2,431977,430699,1278
14508601,84.2835,41.7874,1326,108040,0.9118,0,2,432025,430699,1326
14511521,79.7481,36.5639,1374,109500,0.92062,0,2,432073,430699,1374
14514441,75.7795,31.9934,1422,110960,0.928558,0,2,432121,430699,1422
14517361,72.3071,27.9943,1470,110960,0.935702,0,2,432169,430699,1470
14520281,69.2687,24.495,1518,112420,0.942132,0,2,432217,430699,1518
14523201,66.6101,21.4331,1566,113880,0.947919,0.89,2,432265,430699,1566
14549481,53.5953,38.4243,1488,124100,0.945888,1,2,432697,431209,1488
14550941,52.8959,39.6213,1488,125560,0.935299,1,2,432745,431257,1488
14550941,49.2839,34.6686,1512,125560,0.921769,0,2,432769,431257,1512
14550941,46.1234,30.3351,1536,125560,0.906592,0,2,432793,431257,1536
14550941,43.483,26.5432,1561,112840,0.893933,0.77,2,432818,431257,1561
14550941,41.0476,23.2253,1585,112103,0.87854,0,2,432842,431257,1585
14550941,38.9167,20.3221,1609,111734,0.865686,0,2,432866,431257,1609
14550941,37.0521,17.7819,1633,109905,0.853117,0,2,432890,431257,1633
14550941,35.4206,15.5591,1657,108076,0.842805,0,2,432914,431257,1657
14550941,33.993,13.6142,1681,107707,0.834525,0,2,432938,431257,1681
14550941,32.7439,11.9125,1705,105878,0.828072,0,2,432962,431257,1705
14550941,31.6509,10.4234,1729,104049,0.808265,0,2,432986,431257,1729
14550941,30.6945,9.12047,1753,102220,0.791439,0,2,433010,431257,1753
14550941,29.8577,7.98041,1777,101851,0.774295,0,2,433034,431257,1777
14550941,29.1255,6.98286,1801,98562,0.756865,0,2,433058,431257,1801
14550941,28.4848,6.11,1825,96733,0.738179,0,2,433082,431257,1825
14550941,27.9242,5.34625,1849,93444,0.722361,0,2,433106,431257,1849
14550941,27.4337,4.67797,1873,93076,0.706125,0,2,433130,431257,1873
14550941,25.0324,1.40647,2089,70500,0.593584,0,1,433346,431257,2089
14550941,24.9033,1.23066,2113,66120,0.586226,0,1,433370,431257,2113
14550941,24.7904,1.07683,2137,63200,0.579603,0,1,433394,431257,2137
14550941,24.6916,0.942224,2161,63200,0.573643,0,1,433418,431257,2161
14550941,24.6052,0.824446,2185,58820,0.568278,0,1,433442,431257,2185
14550941,24.5295,0.72139,2209,54440,0.563451,0,1,433466,431257,2209
14550941,24.4633,0.631216,2233,52980,0.559106,0,1,433490,431257,2233
14550941,24.4054,0.552314,2257,52980,0.555195,0,1,433514,431257,2257
14550941,24.3547,0.483275,2281,52980,0.551675,0,1,433538,431257,2281
14550941,24.3104,0.422866,2305,52980,0.548508,0,1,433562,431257,2305
14550941,24.2716,0.370008,2329,52980,0.546657,0,1,433586,431257,2329
14550941,24.2376,0.323757,2353,52980,0.544991,0,1,433610,431257,2353
14550941,24.2079,0.283287,2377,52980,0.543492,0,1,433634,431257,2377
14550941,24.1819,0.247876,2401,52980,0.542143,0,1,433658,431257,2401
14550941,24.1592,0.216892,2425,52980,0.540929,0,1,433682,431257,2425
14550941,24.1393,0.18978,2449,52980,0.539836,0,1,433706,431257,2449
14550941,24.1219,0.166058,2473,52980,0.538852,0,1,433730,431257,2473
14550941,24.1067,0.1453,2497,52980,0.537967,0,1,433754,431257,2497
14550941,24.0933,0.127138,2521,52980,0.53717,0,1,433778,431257,2521
14550941,21.9567,0.111246,2528,52980,0.536453,0,1,433785,431257,2528
14556781,22.2121,192.097,1016,52980,0.533808,0.74,1,433809,432793,1016
14559701,22.4356,174.21,991,63200,0.545427,0.74,1,433833,432842,991
14564081,22.6311,158.434,967,64240,0.557884,0.75,1,433857,432890,967
14567001,22.8022,141.63,967,63200,0.567096,0.76,1,433881,432914,967
14569921,22.952,126.926,967,64240,0.577386,0.63,1,433905,432938,967
14574301,23.083,117.06,943,63200,0.584648,0.64,1,433929,432986,943
14575761,23.1976,105.428,943,64240,0.593183,0.62,1,433953,433010,943
14578681,23.2979,95.2492,943,63200,0.598865,0.57,1,433977,433034,943
14674001,29.5285,23.3576,935,90520,0.720704,0.51,2,434744,433809,935
14676921,31.8374,20.4379,983,91980,0.748634,0.51,2,434792,433809,983
14679841,33.8577,17.8831,1031,93440,0.773771,0.65,2,434840,433809,1031
14682761,35.6255,18.6477,1055,93440,0.796394,0.65,2,434888,433833,1055
14685681,37.1723,22.3168,1055,93440,0.816754,0.65,2,434936,433881,1055
14688601,38.5258,25.5272,1055,93440,0.835079,0.65,2,434984,433929,1055
14691521,39.7101,28.3363,1055,94900,0.851571,0.65,2,435032,433977,1055
14694441,40.7463,30.7942,1055,94900,0.866414,0.65,2,435080,434025,1055
14697361,41.653,32.945,1055,96360,0.879772,0.65,2,435128,434073,1055
14700281,42.4464,34.8268,1055,96360,0.891795,0.65,2,435176,434121,1055
14703201,43.1406,36.4735,1055,96360,0.902616,0.65,2,435224,434169,1055
14706121,43.748,37.9143,1055,97820,0.912354,0.65,2,435272,434217,1055
14709041,44.2795,39.175,1055,97820,0.921119,0.65,2,435320,434265,1055
14711961,44.7446,40.2781,1055,97820,0.929007,0.65,2,435368,434313,1055
14714881,45.1515,41.2434,1055,99280,0.936106,0.65,2,435416,434361,1055
14717801,45.5076,42.088,1055,99280,0.942496,0.65,2,435464,434409,1055
14720721,45.8191,42.827,1055,99280,0.948246,0.65,2,435512,434457,1055
14763061,33.4185,8.47139,1657,102784,0.94943,0,2,436401,434744,1657
14763061,32.2412,7.41246,1681,102317,0.945487,0,2,436425,434744,1681
14763061,31.2111,6.4859,1705,100390,0.937938,0,2,436449,434744,1705
14763061,30.3097,5.67517,1729,98463,0.930145,0,2,436473,434744,1729
14763061,29.521,4.96577,1753,97996,0.92413,0,2,436497,434744,1753
14763061,28.8308,4.34505,1777,96068,0.915717,0,2,436521,434744,1777
14763061,28.227,3.80192,1801,94141,0.909145,0,2,436545,434744,1801
14763061,27.6986,3.32668,1825,93674,0.901231,0,2,436569,434744,1825
14763061,27.2363,2.91084,1849,91747,0.891108,0,2,436593,434744,1849
14763061,26.8318,2.54699,1873,91280,0.882997,0,2,436617,434744,1873
14763061,26.4778,2.22861,1897,87892,0.874697,0,2,436641,434744,1897
14763061,26.1681,1.95004,1921,85965,0.866228,0,2,436665,434744,1921
14763061,25.8971,1.70628,1945,85498,0.856605,0,2,436689,434744,1945
14763061,25.6599,1.493,1969,82111,0.846944,0,2,436713,434744,1969
14763061,25.4524,1.30637,1993,81644,0.83725,0,2,436737,434744,1993
14763061,25.2709,1.14308,2017,81176,0.827525,0,2,436761,434744,2017
14763061,25.112,1.00019,2041,80709,0.819772,0,2,436785,434744,2041
14763061,24.973,0.875168,2065,80242,0.808795,0,2,436809,434744,2065
14763061,24.8514,0.765772,2089,79775,0.797916,0,2,436833,434744,2089
14763061,24.745,0.67005,2113,79308,0.789124,0,2,436857,434744,2113
14763061,24.6518,0.586294,2137,77380,0.780212,0,2,436881,434744,2137
14763061,24.5704,0.513007,2161,74460,0.77119,0,2,436905,434744,2161
14763061,24.4991,0.448881,2185,74460,0.764071,0,2,436929,434744,2185
14763061,24.4367,0.392771,2209,71540,0.758664,0,2,436953,434744,2209
14763061,24.3821,0.343675,2233,71540,0.753798,0,2,436977,434744,2233
14763061,24.3343,0.300715,2257,71540,0.748418,0,2,437001,434744,2257
14763061,24.2925,0.263126,2281,71540,0.744576,0,2,437025,434744,2281
14763061,24.256,0.230235,2305,71540,0.741119,0,2,437049,434744,2305
14763061,24.224,0.201456,2329,71540,0.738007,0,2,437073,434744,2329
14763061,24.196,0.176274,2353,71540,0.735206,0,2,437097,434744,2353
14763061,24.1715,0.15424,2377,70080,0.732685,0,2,437121,434744,2377
14763061,24.15,0.13496,2401,70080,0.730417,0,2,437145,434744,2401
14763061,24.1313,0.11809,2425,68620,0.727375,0,2,437169,434744,2425
14763061,24.1149,0.103329,2449,68620,0.725638,0,2,437193,434744,2449
14763061,24.1005,0.0904125,2473,68620,0.724074,0,2,437217,434744,2473
14763061,24.088,0.0791109,2497,67160,0.722667,0,2,437241,434744,2497
14763061,24.077,0.069222,2521,67160,0.7214,0,2,437265,434744,2521
14763061,24.0673,0.0605693,2545,67160,0.71926,0,2,437289,434744,2545
14763061,24.0589,0.0529981,2569,66540,0.717334,0,2,437313,434744,2569
14763061,24.0516,0.0463734,2593,66540,0.7156,0,2,437337,434744,2593
14763061,24.0451,0.0405767,2617,66540,0.71404,0,2,437361,434744,2617
14763061,24.0395,0.0355046,2641,66540,0.712636,0,2,437385,434744,2641
14763061,24.0345,0.0310665,2665,66540,0.711373,0,2,437409,434744,2665
14763061,24.0302,0.0271832,2689,66540,0.710236,0,2,437433,434744,2689
14763061,24.0264,0.0237853,2713,66540,0.709212,0,2,437457,434744,2713
14763061,24.0231,0.0208121,2737,66540,0.708291,0,2,437481,434744,2737
14763061,24.0202,0.0182106,2761,66540,0.707462,0,2,437505,434744,2761
14763061,24.0177,0.0159343,2785,66540,0.706716,0,2,437529,434744,2785
14763061,24.0155,0.0139425,2809,66540,0.706044,0,2,437553,434744,2809
14763061,24.0136,0.0121997,2833,66540,0.70544,0,2,437577,434744,2833
14773281,24.0119,192.011,1321,66540,0.704896,0.87,2,437601,436280,1321
14773281,24.0104,168.009,1345,74460,0.714406,0,2,437625,436280,1345
14773281,24.0091,147.008,1369,73840,0.722965,0,2,437649,436280,1369
14773281,24.008,128.632,1393,73840,0.730669,0,2,437673,436280,1393
14776201,24.007,133.678,1248,73840,0.737602,0.86,2,437697,436449,1248
14780581,24.0061,119.968,1248,74460,0.743842,0.84,2,437721,436473,1248
14783501,24.0053,110.972,1224,74460,0.749458,0.85,2,437745,436521,1224
14787881,24.0047,100.101,1224,74460,0.754512,0.8,2,437769,436545,1224
14792261,24.0041,93.5882,1200,74460,0.759061,0.81,2,437793,436593,1200
14793721,24.0036,84.8897,1200,74460,0.762155,0.79,2,437817,436617,1200
14796641,24.0031,80.2785,1176,74460,0.762939,0.77,2,437841,436665,1176
14801021,24.0027,73.2436,1176,74460,0.761645,0.75,2,437865,436689,1176
14802481,24.0024,70.0882,1152,74460,0.758481,0.74,2,437889,436737,1152
14814161,24.0021,64.3272,1152,74460,0.753633,0.71,2,437913,436761,1152
14814161,24.0018,56.2863,1176,74460,0.747269,0,2,437937,436761,1176
14814161,24.0016,49.2505,1200,65920,0.741542,0,2,437961,436761,1200
14817081,24.0014,55.0942,1128,65920,0.736388,0.69,2,437985,436857,1128
14821461,24.0012,54.2074,1104,74460,0.741749,0.7,2,438009,436905,1104
14822921,24.0011,50.4315,1104,74460,0.746574,0.71,2,438033,436929,1104
14834601,24.0009,47.1275,1104,74460,0.750917,0.71,2,438057,436953,1104
14834601,24.0008,41.2366,1128,74460,0.754825,0,2,438081,436953,1128
14834601,24.0007,36.082,1152,73220,0.758343,0,2,438105,436953,1152
14834601,24.0006,31.5718,1176,73220,0.761508,0,2,438129,436953,1176
14834601,24.0006,27.6253,1200,73220,0.765358,0,2,438153,436953,1200
14834601,24.0005,24.1721,1224,73220,0.768822,0,2,438177,436953,1224
14838981,24.0004,39.1506,1104,73220,0.77194,0.71,2,438201,437097,1104
14838981,24.0004,34.2568,1128,74460,0.774746,0,2,438225,437097,1128
14844821,23.8753,35.9747,1103,73220,0.777271,0.71,2,438248,437145,1103
14844821,23.8909,31.4779,1127,74460,0.779544,0,2,438272,437145,1127
14844821,23.9045,27.5431,1151,73220,0.78159,0,2,438296,437145,1151
14891541,23.9165,33.1002,1103,73220,0.783431,0.8,2,438320,437217,1103
14893841,25.6769,31.9627,1117,75920,0.805088,0.69,2,438358,437241,1117
14893841,25.4673,27.9674,1141,77380,0.824579,0,2,438382,437241,1141
14893841,25.2839,24.4714,1165,77380,0.842121,0,2,438406,437241,1165
14893841,25.1234,21.4125,1189,77380,0.857909,0,2,438430,437241,1189
14893841,24.983,18.736,1213,77380,0.872118,0,2,438454,437241,1213
14893841,24.8601,16.394,1237,77380,0.884906,0,2,438478,437241,1237
14893841,24.7526,14.3447,1261,77380,0.896416,0,2,438502,437241,1261
14893841,24.6585,12.5516,1285,77380,0.906774,0,2,438526,437241,1285
14893841,24.5762,10.9827,1309,77380,0.916097,0,2,438550,437241,1309
14893841,24.5042,9.60984,1333,77380,0.924487,0,2,438574,437241,1333
14893841,24.4412,8.40861,1357,77380,0.932038,0,2,438598,437241,1357
14893841,24.386,7.35753,1381,77380,0.938834,0,2,438622,437241,1381
14893841,24.3378,6.43784,1405,77380,0.944951,0,2,438646,437241,1405
14893841,24.0521,0.99278,1741,77380,0.94653,0,2,438982,437241,1741
14893841,22.7956,0.868682,1755,77380,0.936877,0,2,438996,437241,1755
14896761,25.9461,89.1351,1096,77380,0.924189,0.69,2,439044,437948,1096
14899681,28.7029,82.6182,1107,78840,0.91477,0.69,2,439092,437985,1107
14902601,31.115,72.2909,1155,80300,0.908293,0.69,2,439140,437985,1155
14905521,33.2256,63.2546,1203,80300,0.902464,0.79,2,439188,437985,1203
14908441,35.0724,58.3477,1227,81760,0.899218,0.79,2,439236,438009,1227
14911361,36.6884,57.0543,1227,81760,0.896296,0.79,2,439284,438057,1227
14914281,38.1023,55.9225,1227,81760,0.893666,0.8,2,439332,438105,1227
14917201,39.3395,54.9322,1227,81760,0.8913,0.8,2,439380,438153,1227
14920121,40.4221,54.0657,1227,81760,0.88917,0.8,2,439428,438201,1227
14923041,41.3693,53.1825,1228,83220,0.889253,0.8,2,439476,438248,1228
14925961,42.1982,52.5346,1228,83220,0.867328,0.8,2,439524,438296,1228
14928881,42.9234,48.9678,1252,83220,0.849595,0.8,2,439572,438320,1252
14931801,43.558,42.8468,1300,83220,0.835635,0.8,2,439620,438320,1300
14934721,44.1132,37.491,1348,83220,0.825072,0.8,2,439668,438320,1348
14937641,44.5991,32.8046,1396,83220,0.817565,0.8,2,439716,438320,1396
14940561,45.0242,28.704,1444,84680,0.814808,0.8,2,439764,438320,1444
14943481,45.3962,25.116,1492,84680,0.814327,0.8,2,439812,438320,1492
14946401,45.7216,21.9765,1540,84680,0.815895,0.8,2,439860,438320,1540
14949321,46.0064,19.2295,1588,84680,0.819305,0.8,2,439908,438320,1588
14952241,46.2556,16.8258,1636,84680,0.824375,0.8,2,439956,438320,1636
14953701,46.4737,14.7226,1684,84680,0.829937,0.8,2,440004,438320,1684
14953701,43.6645,12.8822,1708,84680,0.832943,0,2,440028,438320,1708
14953701,41.2064,11.272,1732,84680,0.833649,0,2,440052,438320,1732
14953701,39.0556,9.86296,1756,78240,0.834284,0.84,2,440076,438320,1756
14953701,37.1737,8.63009,1780,77385,0.832856,0,2,440100,438320,1780
14953701,35.527,7.55133,1804,76957,0.83157,0,2,440124,438320,1804
14953701,34.0861,6.60741,1828,76529,0.828413,0,2,440148,438320,1828
14953701,32.8253,5.78149,1852,76101,0.825572,0,2,440172,438320,1852
14953701,31.7222,5.0588,1876,75673,0.823015,0,2,440196,438320,1876
14953701,30.8819,4.42645,1901,75245,0.818713,0,2,440221,438320,1901
14953701,30.0217,3.87314,1925,74817,0.814842,0,2,440245,438320,1925
14953701,29.2689,3.389,1949,74389,0.811358,0,2,440269,438320,1949
14953701,28.6103,2.96538,1973,72501,0.808222,0,2,440293,438320,1973
14953701,28.034,2.5947,1997,72073,0.8034,0,2,440317,438320,1997
14953701,27.5298,2.27037,2021,71645,0.79906,0,2,440341,438320,2021
14953701,27.0886,1.98657,2045,71217,0.795154,0,2,440365,438320,2045
14953701,26.7025,1.73825,2069,70789,0.789638,0,2,440389,438320,2069
14953701,26.3647,1.52097,2093,70361,0.784675,0,2,440413,438320,2093
14953701,26.0691,1.33085,2117,69933,0.780207,0,2,440437,438320,2117
14953701,25.8105,1.16449,2141,69505,0.776186,0,2,440461,438320,2141
14953701,25.5841,1.01893,2165,69077,0.770568,0,2,440485,438320,2165
14953701,25.3861,0.891564,2189,68649,0.765511,0,2,440509,438320,2189
14953701,25.2129,0.780118,2213,68221,0.76096,0,2,440533,438320,2213
14953701,25.0613,0.682603,2237,67793,0.754864,0,2,440557,438320,2237
14953701,24.9286,0.597278,2261,67365,0.749377,0,2,440581,438320,2261
14953701,24.8125,0.522618,2285,66937,0.74444,0,2,440605,438320,2285
14953701,24.711,0.457291,2309,66509,0.737996,0,2,440629,438320,2309
14953701,24.6221,0.40013,2333,66081,0.732196,0,2,440653,438320,2333
14953701,24.5443,0.350113,2357,65653,0.726977,0,2,440677,438320,2357
14953701,24.4763,0.306349,2381,65225,0.722279,0,2,440701,438320,2381
14953701,24.4168,0.268056,2405,64797,0.716051,0,2,440725,438320,2405
14953701,24.3647,0.234549,2429,64369,0.710446,0,2,440749,438320,2429
14953701,24.3191,0.20523,2453,63941,0.705401,0,2,440773,438320,2453
15036321,23.7229,58.1343,1357,59860,0.598872,0,1,441578,440221,1357
15123581,47.4279,42.7282,1098,70080,0.590549,0.68,1,443108,442010,1098
15126501,47.4994,43.3872,1098,70080,0.567494,0.68,1,443156,442058,1098
15129421,47.562,43.9638,1098,70080,0.542745,0.68,1,443204,442106,1098
15132341,47.6167,44.4683,1098,70080,0.51647,0.68,1,443252,442154,1098
15135261,47.6646,44.9098,1098,70080,0.488823,0.69,1,443300,442202,1098
15138181,47.7066,45.2961,1098,70080,0.459941,0.69,1,443348,442250,1098
15141101,47.7432,45.6341,1098,70080,0.429947,0.69,1,443396,442298,1098
15144021,47.7753,45.9298,1098,70080,0.458952,0.69,1,443444,442346,1098
15146941,47.8034,46.1886,1098,70080,0.485057,0.69,1,443492,442394,1098
15149861,47.828,40.415,1146,70080,0.508551,0.71,1,443540,442394,1146
15152781,47.8495,41.3631,1146,70080,0.529696,0.71,1,443588,442442,1146
15155701,47.8683,41.4427,1152,70080,0.549726,0.71,1,443636,442484,1152
15158621,47.8848,42.2624,1152,70080,0.567754,0.71,1,443684,442532,1152
15161541,47.8992,42.9796,1152,70080,0.583978,0.71,1,443732,442580,1152
15164461,47.9118,43.6071,1152,70080,0.598581,0.71,1,443780,442628,1152
15196561,47.9468,39.2018,897,71540,0.701011,0.16,2,444307,443410,897
15199481,47.9535,34.3016,945,71540,0.70591,0.16,2,444355,443410,945
15202401,47.9593,30.0139,993,71540,0.710319,0.16,2,444403,443410,993
15205321,47.9644,26.2621,1041,71540,0.714287,0.16,2,444451,443410,1041
15208241,47.9688,22.9794,1089,71540,0.717858,0.16,2,444499,443410,1089
15211161,47.9727,20.1069,1137,71540,0.721072,0.72,2,444547,443410,1137
15214081,47.9761,21.8436,1151,71540,0.723965,0.72,2,444595,443444,1151
15217001,47.9791,25.1131,1151,71540,0.726569,0.72,2,444643,443492,1151
15219921,47.9817,27.974,1151,71540,0.728912,0.72,2,444691,443540,1151
15222841,47.984,30.4772,1151,71540,0.731021,0.73,2,444739,443588,1151
15225761,47.986,32.6676,1151,71540,0.732919,0.73,2,444787,443636,1151
15228681,47.9878,34.5841,1151,71540,0.734627,0.73,2,444835,443684,1151
15231601,47.9893,36.2611,1151,71540,0.736164,0.73,2,444883,443732,1151
15234521,47.9906,37.7285,1151,71540,0.737548,0.73,2,444931,443780,1151
15237441,47.9918,38.8874,1152,71540,0.738793,0.73,2,444979,443827,1152
15240361,47.9928,40.0265,1152,71540,0.739914,0.73,2,445027,443875,1152
15243281,47.9937,35.0232,1200,71540,0.740922,0.75,2,445075,443875,1200
15246201,47.9945,36.6453,1200,73000,0.74383,0.75,2,445123,443923,1200
15249121,47.9952,38.0646,1200,73000,0.746447,0.75,2,445171,443971,1200
15252041,47.9958,39.3065,1200,73000,0.748802,0.75,2,445219,444019,1200
15254961,47.9963,40.3932,1200,73000,0.750922,0.75,2,445267,444067,1200
15257881,47.9968,41.3441,1200,73000,0.75283,0.75,2,445315,444115,1200
15260801,47.9972,42.1761,1200,73000,0.754547,0.75,2,445363,444163,1200
15263721,47.9975,42.9041,1200,73000,0.756092,0.75,2,445411,444211,1200
15266641,47.9978,43.541,1200,73000,0.757483,0.75,2,445459,444259,1200
15269561,47.9981,44.0984,1200,73000,0.758735,0.75,2,445507,444307,1200
15272481,47.9983,44.5861,1200,73000,0.759861,0.75,2,445555,444355,1200
15275401,47.9986,45.0129,1200,73000,0.760875,0.75,2,445603,444403,1200
15278321,47.9987,45.3862,1200,73000,0.761788,0.75,2,445651,444451,1200
15281241,47.9989,45.713,1200,73000,0.762609,0.75,2,445699,444499,1200
15284161,47.999,45.9988,1200,74460,0.765348,0.75,2,445747,444547,1200
15287081,47.9992,46.249,1200,74460,0.767813,0.75,2,445795,444595,1200
15290001,47.9993,46.4679,1200,74460,0.770032,0.75,2,445843,444643,1200
15292921,47.9994,46.6594,1200,74460,0.772029,0.75,2,445891,444691,1200
15295841,47.9994,46.827,1200,74460,0.773826,0.75,2,445939,444739,1200
15298761,47.9995,46.9736,1200,74460,0.775443,0.75,2,445987,444787,1200
15301681,47.9996,47.1019,1200,74460,0.776899,0.75,2,446035,444835,1200
15304601,47.9996,47.2142,1200,74460,0.778209,0.75,2,446083,444883,1200
15307521,47.9997,47.3124,1200,75920,0.781388,0.75,2,446131,444931,1200
15310441,47.9997,47.3983,1200,75920,0.784249,0.75,2,446179,444979,1200
15313361,47.9997,47.4735,1200,75920,0.786824,0.75,2,446227,445027,1200
15316281,47.9998,47.5394,1200,75920,0.789142,0.77,2,446275,445075,1200
15319201,47.9998,47.5969,1200,75920,0.791228,0.77,2,446323,445123,1200
15322121,47.9998,47.6473,1200,75920,0.793105,0.77,2,446371,445171,1200
15325041,47.9999,47.6914,1200,77380,0.796794,0.77,2,446419,445219,1200
15327961,47.9999,47.73,1200,77380,0.800115,0.77,2,446467,445267,1200
15330881,47.9999,47.7637,1200,77380,0.803104,0.77,2,446515,445315,1200
15333801,47.9999,47.7933,1200,77380,0.802793,0.77,2,446563,445363,1200
15336721,47.9999,47.8191,1200,77380,0.798514,0.77,2,446611,445411,1200
15339641,47.9999,47.8417,1200,78840,0.790662,0.77,2,446659,445459,1200
15342561,47.9999,47.8615,1200,78840,0.779596,0.77,2,446707,445507,1200
15345481,47.9999,47.8788,1200,78840,0.765637,0.77,2,446755,445555,1200
15348401,47.9999,47.894,1200,78840,0.749073,0.77,2,446803,445603,1200
15351321,48,47.9072,1200,78840,0.730166,0.77,2,446851,445651,1200
15354241,48,47.9188,1200,80300,0.709149,0.77,2,446899,445699,1200
15365921,48,43.9329,1248,81760,0.703105,0.79,2,447091,445843,1248
15368841,48,44.4413,1248,81760,0.720794,0.79,2,447139,445891,1248
15371761,48,44.8861,1248,83220,0.738715,0.79,2,447187,445939,1248
15374681,48,45.2753,1248,83220,0.754843,0.79,2,447235,445987,1248
15377601,48,45.6159,1248,84680,0.771359,0.79,2,447283,446035,1248
15380521,48,45.9139,1248,84680,0.786223,0.81,2,447331,446083,1248
15383441,48,46.1747,1248,84680,0.799601,0.81,2,447379,446131,1248
15386361,48,46.4029,1248,86140,0.813641,0.81,2,447427,446179,1248
15389281,48,46.6025,1248,86140,0.826277,0.81,2,447475,446227,1248
15392201,48,46.7772,1248,87600,0.838649,0.81,2,447523,446275,1248
15395121,48,46.93,1248,87600,0.849784,0.81,2,447571,446323,1248
15398041,48,47.0638,1248,87600,0.859806,0.81,2,447619,446371,1248
15400961,48,41.1808,1296,89060,0.870825,0.83,2,447667,446371,1296
15403881,48,42.0332,1296,89060,0.880743,0.83,2,447715,446419,1296
15405521,45.375,42.7791,1275,90520,0.892668,0.44,2,447742,446467,1275
15408441,45.7031,104.432,787,90520,0.903401,0.44,2,447790,447003,787
15411361,45.9902,91.3777,835,91980,0.913061,0.44,2,447838,447003,835
15414281,46.2415,79.9555,883,91980,0.921755,0.44,2,447886,447003,883
15417201,46.4613,69.9611,931,93440,0.92958,0.44,2,447934,447003,931
15420121,46.6536,61.2159,979,93440,0.936622,0.44,2,447982,447003,979
15423041,46.8219,53.5639,1027,94900,0.94296,0.44,2,448030,447003,1027
15425961,46.9692,46.8684,1075,94900,0.948664,0.44,2,448078,447003,1075
15498961,28.8757,7.68644,1777,114080,0.943902,0,2,449567,447790,1777
15498961,28.2663,6.72564,1801,113615,0.933511,0,2,449591,447790,1801
15498961,27.733,5.88493,1825,111690,0.92216,0,2,449615,447790,1825
15498961,27.2664,5.14932,1849,108306,0.910944,0,2,449639,447790,1849
15498961,26.8581,4.50565,1873,106381,0.89985,0,2,449663,447790,1873
15498961,26.5008,3.94244,1897,105917,0.887865,0,2,449687,447790,1897
15498961,26.1882,3.44964,1921,102532,0.875078,0,2,449711,447790,1921
15498961,25.9147,3.01843,1945,100608,0.859571,0,2,449735,447790,1945
15498961,25.6753,2.64113,1969,97223,0.846614,0,2,449759,447790,1969
15498961,25.4659,2.31099,1993,96759,0.835952,0,2,449783,447790,1993
15498961,25.2827,2.02212,2017,93374,0.825357,0,2,449807,447790,2017
15498961,25.1223,1.76935,2041,89990,0.813821,0,2,449831,447790,2041
15498961,24.9821,1.54818,2065,86360,0.804439,0,2,449855,447790,2065
15498961,24.8593,1.35466,2089,86360,0.793995,0,2,449879,447790,2089
15498961,24.7519,1.18533,2113,83440,0.782596,0,2,449903,447790,2113
15498961,24.6579,1.03716,2137,80520,0.773336,0,2,449927,447790,2137
15498961,24.5757,0.907516,2161,76140,0.766002,0,2,449951,447790,2161
15498961,24.5037,0.794076,2185,76140,0.760402,0,2,449975,447790,2185
15498961,24.4407,0.694817,2209,76140,0.753362,0,2,449999,447790,2209
15498961,24.3856,0.607965,2233,76140,0.748026,0,2,450023,447790,2233
15498961,24.3374,0.531969,2257,76140,0.741223,0,2,450047,447790,2257
15498961,24.2953,0.465473,2281,76140,0.733101,0,2,450071,447790,2281
15498961,24.2584,0.407289,2305,76140,0.726791,0,2,450095,447790,2305
15498961,24.2261,0.356378,2329,76140,0.722112,0,2,450119,447790,2329
15498961,24.1978,0.311831,2353,74680,0.718901,0,2,450143,447790,2353
15498961,24.1731,0.272852,2377,74680,0.71701,0,2,450167,447790,2377
15498961,24.1514,0.238745,2401,71760,0.713309,0,2,450191,447790,2401
15498961,24.1325,0.208902,2425,70300,0.707978,0,2,450215,447790,2425
15498961,24.1159,0.182789,2449,67380,0.703181,0,2,450239,447790,2449
15506261,24.0137,170.647,1273,78840,0.705896,0,2,450623,449350,1273
15506261,21.512,149.316,1277,77800,0.720307,0,2,450627,449350,1277
15510641,21.823,142.776,1204,77800,0.731276,0.9,2,450651,449447,1204
15513561,22.0951,130.929,1180,79040,0.742148,0.88,2,450675,449495,1180
15516481,22.3332,117.563,1180,78840,0.749934,0.86,2,450699,449519,1180
15520861,22.5416,108.868,1156,79020,0.75894,0.84,2,450723,449567,1156
15523781,22.7239,98.2592,1156,78840,0.765046,0.82,2,450747,449591,1156
15525241,22.8834,88.9768,1156,79020,0.772542,0.8,2,450771,449615,1156
15528161,23.023,83.8547,1132,78840,0.777287,0.78,2,450795,449663,1132
15532541,23.1451,76.3729,1132,79020,0.783559,0.72,2,450819,449687,1132
15534001,23.252,72.8263,1108,78840,0.787203,0.73,2,450843,449735,1108
15536921,23.3455,66.723,1108,79020,0.792483,0.73,2,450867,449759,1108
15539841,23.4273,64.3826,1084,78840,0.795234,0.71,2,450891,449807,1084
15541301,23.4989,59.3348,1084,79020,0.799711,0.72,2,450915,449831,1084
15545681,23.5615,54.9179,1084,78840,0.80174,0.7,2,450939,449855,1084
15547141,23.6163,51.0532,1084,79020,0.805566,0.68,2,450963,449879,1084
15550061,23.6643,47.6716,1084,78840,0.807009,0.69,2,450987,449903,1084
15551521,23.7062,44.7126,1084,79020,0.810308,0.7,2,451011,449927,1084
15554441,23.743,42.1235,1084,78840,0.811277,0.71,2,451035,449951,1084
15555901,23.7751,39.8581,1084,79020,0.81415,0.69,2,451059,449975,1084
15560281,23.8032,37.8758,1084,78840,0.814735,0.7,2,451083,449999,1084
15561741,23.8278,36.1414,1084,79020,0.817261,0.68,2,451107,450023,1084
15564661,23.8493,34.6237,1084,78840,0.817535,0.66,2,451131,450047,1084
15566121,23.8682,33.2957,1084,79020,0.819782,0.67,2,451155,450071,1084
15569041,23.8846,32.1338,1084,78840,0.819803,0.68,2,451179,450095,1084
15570501,23.8991,31.117,1084,79020,0.821823,0.69,2,451203,450119,1084
15571961,23.9117,30.2274,1084,78840,0.821641,0.7,2,451227,450143,1084
15585101,23.9227,29.449,1084,79020,0.823477,0.68,2,451251,450167,1084
15589481,23.9324,28.7679,1084,78840,0.823129,0.66,2,451275,450191,1084
15590941,23.9408,28.1719,1084,79020,0.824816,0.66,2,451299,450215,1084
15593861,23.9482,27.6504,1084,78840,0.824335,0.67,2,451323,450239,1084
15596781,23.9547,27.1941,1084,79020,0.825901,0.68,2,451347,450263,1084
15598241,23.9604,26.7948,1084,78840,0.825311,0.68,2,451371,450287,1084
15625981,23.8403,26.4455,1083,79020,0.82678,0.69,2,451394,450311,1083
15625981,23.8603,23.1398,1107,64240,0.826102,0,2,451418,450311,1107
15625981,23.8777,20.2473,1131,64240,0.823492,0,2,451442,450311,1131
15625981,23.893,17.7164,1155,64240,0.818143,0,2,451466,450311,1155
15625981,23.9064,15.5019,1179,64240,0.811328,0,2,451490,450311,1179
15625981,23.9181,13.5641,1203,64240,0.803195,0,2,451514,450311,1203
15625981,23.9283,11.8686,1227,64240,0.793876,0,2,451538,450311,1227
15625981,23.9373,10.385,1251,64240,0.783488,0,2,451562,450311,1251
15625981,23.9451,9.0869,1275,64240,0.773139,0,2,451586,450311,1275
15625981,23.952,7.95104,1299,64240,0.761826,0,2,451610,450311,1299
15625981,23.958,6.95716,1323,64240,0.749643,0,2,451634,450311,1323
15629121,23.9632,39.0875,1083,64240,0.736679,0.72,2,451658,450575,1083
15629121,23.9678,34.2016,1107,87600,0.763011,0,2,451682,450575,1107
15629121,21.4719,29.9264,1111,87600,0.78671,0,2,451686,450575,1111
15632041,24.7879,31.8106,1114,87600,0.805039,0.83,2,451734,450620,1114
15634961,27.6894,27.8343,1162,89060,0.824535,0.83,2,451782,450620,1162
15636401,30.1032,24.355,1209,89060,0.842081,0.82,2,451829,450620,1209
15636401,29.3403,21.3106,1233,89060,0.857873,0,2,451853,450620,1233
15636401,28.6728,18.6468,1257,89060,0.872086,0,2,451877,450620,1257
15636401,28.0887,16.3159,1281,89060,0.884877,0,2,451901,450620,1281
15636401,27.4526,14.2764,1304,89060,0.89639,0,2,451924,450620,1304
15639321,30.021,22.3669,1273,89060,0.905751,0.82,2,451972,450699,1273
15642241,32.2684,25.571,1273,90520,0.915176,0.82,2,452020,450747,1273
15645161,34.2348,28.3746,1273,90520,0.923658,0.82,2,452068,450795,1273
15648081,35.9555,30.8278,1273,91980,0.931292,0.82,2,452116,450843,1273
15651001,37.4611,32.9743,1273,91980,0.938163,0.82,2,452164,450891,1273
15653921,38.7784,34.8525,1273,93440,0.944347,0.82,2,452212,450939,1273
15656841,39.9311,36.496,1273,93440,0.949912,0.82,2,452260,450987,1273
15677281,44.8314,43.4824,1273,97820,0.946725,0.82,2,452596,451323,1273
15680201,45.2275,44.0471,1273,99280,0.934053,0.62,2,452644,451371,1273
15683121,45.574,74.4162,1034,99280,0.918647,0.62,2,452692,451658,1034
15686041,45.8773,65.1142,1082,99280,0.900783,0.62,2,452740,451658,1082
15688961,46.1426,56.9749,1130,100740,0.880704,0.62,2,452788,451658,1130
15691881,46.3748,49.8531,1178,100740,0.858634,0.62,2,452836,451658,1178
15694801,46.5779,43.6214,1226,102200,0.833771,0.62,2,452884,451658,1226
15697721,46.7557,38.1687,1274,102200,0.808393,0.62,2,452932,451658,1274
15700641,46.9112,33.3977,1322,102200,0.773554,0.62,2,452980,451658,1322
15703561,47.0473,29.2229,1370,103660,0.740199,0.62,2,453028,451658,1370
15706481,47.1664,25.5701,1418,103660,0.708179,0.62,2,453076,451658,1418
15718161,47.5114,22.2621,1534,106580,0.578476,1,1,453268,451734,1534
15721081,47.5724,25.4794,1534,106580,0.542629,1,1,453316,451782,1534
15724001,47.6259,22.2945,1582,106580,0.503366,1,1,453364,451782,1582
15726921,47.6727,25.3827,1583,108040,0.463029,0.99,1,453412,451829,1583
15729841,47.7136,40.0848,1488,108040,0.422726,1,1,453460,451972,1488
15732761,47.7494,41.0742,1488,108040,0.383454,1,1,453508,452020,1488
15732761,44.7807,35.9399,1512,109500,0.347108,0,1,453532,452020,1512
15732761,42.1831,31.4474,1536,109500,0.313397,0,1,453556,452020,1536
15732761,39.9102,27.5165,1560,109500,0.282058,0,1,453580,452020,1560
15732761,37.9214,24.077,1584,19900,0.254852,0,1,453604,452020,1584
15732761,36.1813,21.0673,1608,19900,0.230367,0,1,453628,452020,1608
15732761,34.7836,18.4339,1633,19900,0.20833,0,1,453653,452020,1633
15732761,33.4357,16.1297,1657,19900,0.188497,0,1,453677,452020,1657
15732761,32.2562,14.1135,1681,19900,0.170647,0,1,453701,452020,1681
15732761,31.2242,12.3493,1705,18440,0.154583,0,1,453725,452020,1705
15732761,30.3212,10.8056,1729,16980,0.140124,0,1,453749,452020,1729
15732761,29.531,9.45492,1753,16980,0.127112,0,1,453773,452020,1753
15732761,28.8396,8.27306,1777,15520,0.115401,0,1,453797,452020,1777
15732761,27.1097,7.23892,1792,15520,0.103861,0,1,453812,452020,1792
15741521,26.721,201.334,256,14980,0.0934746,0.01,1,453836,453580,256
15741521,26.3808,176.167,280,15520,0.0841271,0,1,453860,453580,280
15744441,26.0832,160.146,256,15520,0.0757144,0.01,1,453884,453628,256
15748821,25.6978,143.253,254,15520,0.068143,0.01,1,453907,453653,254
15748821,25.4856,125.346,278,14060,0.0613287,0,1,453931,453653,278
15757041,25.2999,115.678,254,14060,0.0551958,0,1,453955,453701,254
15757041,25.1374,101.218,278,75920,0.0496762,0,1,453979,453701,278
15757041,24.9952,88.5661,302,75920,0.0447086,0,1,454003,453701,302
15757041,24.8708,77.4953,326,75920,0.0402377,0,1,454027,453701,326
15757041,23.637,67.8084,341,75920,0.036214,0,1,454042,453701,341
15759961,199.182,246.707,270,75920,0.113593,0,1,455470,455200,270
15762881,180.285,215.869,318,77380,0.185233,0,1,455518,455200,318
15765801,163.749,188.885,366,78840,0.25171,0,1,455566,455200,366
15768721,149.28,165.275,414,78840,0.311539,0,1,455614,455200,414
15771641,136.62,144.615,462,78840,0.365385,0,1,455662,455200,462
15774561,125.543,126.538,510,80300,0.415847,0,1,455710,455200,510
15777481,115.85,110.721,558,80300,0.461262,0,1,455758,455200,558
15780401,107.369,96.881,606,80300,0.502136,0,1,455806,455200,606
15783321,99.9476,84.7708,654,81760,0.540922,0,1,455854,455200,654
15786241,93.4542,74.1745,702,81760,0.57583,0,1,455902,455200,702
15800841,71.3138,38.0448,942,83220,0.709906,0,2,456142,455200,942
15803761,68.3996,33.2892,990,83220,0.729915,0,2,456190,455200,990
15806681,65.8497,29.128,1038,83220,0.747924,0,2,456238,455200,1038
15809601,63.6185,25.487,1086,84680,0.766131,0,2,456286,455200,1086
15812521,61.6661,22.3011,1134,84680,0.782518,0,2,456334,455200,1134
15815441,59.9579,19.5135,1182,84680,0.797266,0,2,456382,455200,1182
15818361,58.4631,17.0743,1230,84680,0.80954,0,2,456430,455200,1230
15821281,57.1553,14.94,1278,84680,0.821586,0,2,456478,455200,1278
15824201,56.0108,13.0725,1326,86140,0.834427,0,2,456526,455200,1326
15827121,55.0095,11.4385,1374,86140,0.845984,0,2,456574,455200,1374
15830041,54.1333,10.0086,1422,86140,0.853386,0,2,456622,455200,1422
15832961,53.3666,8.75757,1470,86140,0.856047,0.81,2,456670,455200,1470
15835881,52.6958,41.4129,1248,86140,0.854443,0.81,2,456718,455470,1248
15838801,52.1088,36.2363,1296,86140,0.848998,0.83,2,456766,455470,1296
15841721,51.5952,37.7067,1296,86140,0.840099,0.85,2,456814,455518,1296
15844641,51.1458,38.9934,1296,87600,0.828089,0.85,2,456862,455566,1296
15847561,50.7526,40.1192,1296,87600,0.81328,0.85,2,456910,455614,1296
15850481,50.4085,41.1043,1296,87600,0.795952,0.85,2,456958,455662,1296
15853401,50.1075,35.9663,1344,87600,0.776357,0.87,2,457006,455662,1344
15856321,49.844,37.4705,1344,87600,0.754721,0.87,2,457054,455710,1344
15859241,49.6135,38.7867,1344,87600,0.731249,0.87,2,457102,455758,1344
15862161,49.4118,39.9383,1344,87600,0.706124,0.89,2,457150,455806,1344
15873841,48.8276,43.2744,1344,89060,0.592164,0.89,1,457342,455998,1344
15876761,48.7241,37.8651,1392,89060,0.560948,0.91,1,457390,455998,1392
15879681,48.6336,39.132,1392,89060,0.528853,0.91,1,457438,456046,1392
15882601,48.5544,40.2405,1392,89060,0.495968,0.91,1,457486,456094,1392
15885521,48.4851,41.2104,1392,89060,0.462371,0.91,1,457534,456142,1392
15888441,48.4245,42.0591,1392,89060,0.428134,0.91,1,457582,456190,1392
15891361,48.3714,42.8017,1392,89060,0.39332,0.93,1,457630,456238,1392
15894281,48.325,43.4515,1392,89060,0.357988,0.93,1,457678,456286,1392
15897201,48.2844,44.0201,1392,89060,0.322189,0.93,1,457726,456334,1392
15900121,48.2488,44.5176,1392,89060,0.289971,0.92,1,457774,456382,1392
15903041,48.2177,44.9529,1392,89060,0.260973,0.93,1,457822,456430,1392
15905961,48.1905,45.3338,1392,90520,0.234876,0.93,1,457870,456478,1392
15908881,48.1667,39.667,1440,90520,0.211389,0.95,1,457918,456478,1440
15910961,46.3959,40.7087,1426,90520,0.19025,0,1,457952,456526,1426
15913881,212.971,352.495,270,90520,0.271225,0,1,459331,459061,270
15916801,192.35,308.433,318,91980,0.344102,0,1,459379,459061,318
15919721,174.306,269.879,366,91980,0.409692,0,1,459427,459061,366
15922641,158.518,236.144,414,93440,0.468723,0,1,459475,459061,414
15925561,144.703,206.626,462,93440,0.521851,0,1,459523,459061,462
15928481,132.615,180.798,510,93440,0.569665,0,1,459571,459061,510
15940161,97.5999,105.98,702,96360,0.717658,0,2,459763,459061,702
15943081,91.3999,92.7328,750,96360,0.745892,0,2,459811,459061,750
15946001,85.9749,81.1412,798,97820,0.771303,0,2,459859,459061,798
15948921,81.2281,70.9986,846,97820,0.793172,0,2,459907,459061,846
15951841,77.0746,62.1238,894,99280,0.808855,0,2,459955,459061,894
15954761,73.4402,54.3583,942,99280,0.81897,0,2,460003,459061,942
15957681,70.2602,47.5635,990,100740,0.824073,0,2,460051,459061,990
15960601,67.4777,41.6181,1038,100740,0.824665,0,2,460099,459061,1038
15963521,65.043,36.4158,1086,100740,0.821199,0,2,460147,459061,1086
15966441,62.9126,31.8638,1134,102200,0.814079,0,2,460195,459061,1134
15969361,61.0485,27.8809,1182,102200,0.803671,0,2,460243,459061,1182
15972281,59.4175,24.3957,1230,103660,0.779304,0,2,460291,459061,1230
15975201,57.9903,21.3463,1278,103660,0.755374,0,2,460339,459061,1278
15978121,56.7415,18.678,1326,105120,0.731836,0,2,460387,459061,1326
15981041,55.6488,16.3432,1374,105120,0.708653,0,2,460435,459061,1374
15995641,51.9231,8.3826,1614,109500,0.702882,0,2,460675,459061,1614
15998561,51.4327,7.33477,1662,109500,0.732594,0,2,460723,459061,1662
16000021,51.0037,6.41793,1710,110960,0.759335,0,2,460771,459061,1710
16000021,47.6282,5.61568,1734,110960,0.783401,0,2,460795,459061,1734
16000021,44.6747,4.91372,1758,110960,0.805061,0,2,460819,459061,1758
16000021,42.0903,4.29951,1782,109140,0.824555,1,2,460843,459061,1782
16000021,39.954,3.76207,1807,108211,0.842099,0,2,460868,459061,1807
16000021,37.9598,3.29181,1831,107746,0.857889,0,2,460892,459061,1831
16000021,36.2148,2.88033,1855,107281,0.8721,0,2,460916,459061,1855
16000021,34.688,2.52029,1879,105356,0.88489,0,2,460940,459061,1879
16000021,33.352,2.20526,1903,104892,0.896401,0,2,460964,459061,1903
16000021,32.183,1.9296,1927,102967,0.906761,0,2,460988,459061,1927
16000021,31.1601,1.6884,1951,102502,0.916085,0,2,461012,459061,1951
16000021,30.2651,1.47735,1975,100577,0.924477,0,2,461036,459061,1975
16000021,29.482,1.29268,1999,98652,0.931029,0,2,461060,459061,1999
16000021,28.7967,1.1311,2023,98188,0.936926,0,2,461084,459061,2023
16000021,28.1971,0.989709,2047,96263,0.942233,0,2,461108,459061,2047
16000021,27.6725,0.865995,2071,92878,0.94501,0,2,461132,459061,2071
16000021,27.2134,0.757746,2095,92413,0.947509,0,2,461156,459061,2095
16000021,26.8117,0.663028,2119,90488,0.949758,0,2,461180,459061,2119
16000021,26.4603,0.580149,2143,90024,0.949782,0,2,461204,459061,2143
16000021,25.4027,0.50763,2161,89559,0.949804,0,2,461222,459061,2161
16000021,25.2274,0.444177,2185,89209,0.949824,0,2,461246,459061,2185
16000021,25.074,0.388655,2209,88744,0.947841,0,2,461270,459061,2209
16000021,24.9397,0.340073,2233,88279,0.946057,0,2,461294,459061,2233
16000021,24.8223,0.297564,2257,87814,0.944452,0,2,461318,459061,2257
16000021,24.7195,0.260368,2281,87349,0.941006,0,2,461342,459061,2281
16000021,24.6295,0.227822,2305,86885,0.937906,0,2,461366,459061,2305
16000021,24.5509,0.199344,2329,86420,0.935115,0,2,461390,459061,2329
16000021,24.482,0.174426,2353,85955,0.930604,0,2,461414,459061,2353
16000021,24.4217,0.152623,2377,85490,0.926543,0,2,461438,459061,2377
16000021,24.369,0.133545,2401,85025,0.922889,0,2,461462,459061,2401
16000021,24.3229,0.116852,2425,84561,0.9176,0,2,461486,459061,2425
16000021,24.2825,0.102246,2449,84096,0.91284,0,2,461510,459061,2449
16000021,24.2472,0.0894648,2473,83631,0.908556,0,2,461534,459061,2473
16000021,24.2163,0.0782817,2497,83166,0.9037,0,2,461558,459061,2497
16000021,24.1893,0.0684965,2521,82701,0.89933,0,2,461582,459061,2521
16000021,24.1656,0.0599344,2545,82237,0.893397,0,2,461606,459061,2545
16000021,24.1449,0.0524426,2569,81772,0.888058,0,2,461630,459061,2569
16000021,24.1268,0.0458873,2593,81307,0.883252,0,2,461654,459061,2593
16000021,24.111,0.0401514,2617,80842,0.876927,0,2,461678,459061,2617
16000021,24.0971,0.0351325,2641,80377,0.871234,0,2,461702,459061,2641
16000021,24.0849,0.0307409,2665,79913,0.866111,0,2,461726,459061,2665
16000021,24.0743,0.0268983,2689,78180,0.8595,0,2,461750,459061,2689
16000021,24.065,0.023536,2713,77380,0.85155,0,2,461774,459061,2713
16000021,24.0569,0.020594,2737,76720,0.834395,0,2,461798,459061,2737
16000021,24.0498,0.0180198,2761,76720,0.816955,0,2,461822,459061,2761
16000021,24.0436,0.0157673,2785,76720,0.80026,0,2,461846,459061,2785
16000021,24.0381,0.0137964,2809,76720,0.786234,0,2,461870,459061,2809
16000021,24.0334,0.0120718,2833,76720,0.77361,0,2,461894,459061,2833
16000021,24.0292,0.0105629,2857,76720,0.763249,0,2,461918,459061,2857
16000021,24.0255,0.0092425,2881,76720,0.753924,0,2,461942,459061,2881
16000021,24.0223,0.00808718,2905,76720,0.746532,0,2,461966,459061,2905
16000021,24.0196,0.00707629,2929,76720,0.740879,0,2,461990,459061,2929
16000021,24.0171,0.00619175,2953,76720,0.735791,0,2,462014,459061,2953
16000021,24.015,0.00541778,2977,76720,0.732212,0,2,462038,459061,2977
16000021,24.0131,0.00474056,3001,76720,0.729991,0,2,462062,459061,3001
16000021,24.0115,0.00414799,3025,76720,0.728992,0,2,462086,459061,3025
16000021,24.01,0.00362949,3049,76720,0.727092,0,2,462110,459061,3049
16000021,24.0088,0.0031758,3073,76720,0.724383,0,2,462134,459061,3073
16000021,24.0077,0.00277883,3097,76720,0.722945,0,2,462158,459061,3097
16000021,24.0067,0.00243147,3121,76720,0.72265,0,2,462182,459061,3121
16000021,24.0059,0.00212754,3145,76720,0.722385,0,2,462206,459061,3145
16000021,24.0051,0.0018616,3169,76720,0.722147,0,2,462230,459061,3169
16000021,24.0045,0.0016289,3193,75260,0.721932,0,2,462254,459061,3193
16000021,24.0039,0.00142529,3217,75260,0.721739,0,2,462278,459061,3217
16000021,24.0034,0.00124713,3241,75260,0.721565,0,2,462302,459061,3241
16000021,24.003,0.00109123,3265,73800,0.721409,0,2,462326,459061,3265
16000021,24.0026,0.00095483,3289,73800,0.721268,0,2,462350,459061,3289
16000021,24.0023,0.000835476,3313,73800,0.721141,0,2,462374,459061,3313
16000021,24.002,0.000731042,3337,75260,0.721027,0,2,462398,459061,3337
16000021,24.0018,0.000639662,3361,76720,0.720924,0,2,462422,459061,3361
16000021,24.0015,0.000559704,3385,77380,0.718832,0,2,462446,459061,3385
16000021,24.0014,0.000489741,3409,77380,0.714948,0,2,462470,459061,3409
16000021,24.0012,0.000428523,3433,77380,0.709454,0,2,462494,459061,3433
16000021,24.001,0.000374958,3457,77380,0.702508,0,2,462518,459061,3457
16000021,23.383,4.42702e-05,3830,71680,0.591647,0,1,462891,459061,3830
16000021,23.4602,3.87364e-05,3854,71680,0.578482,0,1,462915,459061,3854
16000021,23.5276,3.38944e-05,3878,71680,0.564634,0,1,462939,459061,3878
16000021,23.5867,2.96576e-05,3902,71680,0.550171,0,1,462963,459061,3902
16000021,23.6383,2.59504e-05,3926,71680,0.535154,0,1,462987,459061,3926
16000021,23.6835,2.27066e-05,3950,71680,0.519638,0,1,463011,459061,3950
16000021,23.7231,1.98683e-05,3974,71680,0.503675,0,1,463035,459061,3974
16000021,23.7577,1.73847e-05,3998,71680,0.487307,0,1,463059,459061,3998
16000021,23.788,1.52116e-05,4022,71680,0.470576,0,1,463083,459061,4022
16000021,23.8145,1.33102e-05,4046,71680,0.453519,0,1,463107,459061,4046
16000021,23.8377,1.16464e-05,4070,71680,0.436167,0,1,463131,459061,4070
16000021,23.858,1.01906e-05,4094,71680,0.41855,0,1,463155,459061,4094
16000021,23.8757,8.91678e-06,4118,71680,0.400695,0,1,463179,459061,4118
16000021,23.8913,7.80218e-06,4142,71680,0.382626,0,1,463203,459061,4142
16000021,23.9049,6.82691e-06,4166,71680,0.364363,0,1,463227,459061,4166
16000021,23.9167,5.97355e-06,4190,71680,0.345927,0,1,463251,459061,4190
16000021,23.9272,5.22685e-06,4214,71680,0.327334,0,1,463275,459061,4214
16000021,23.9363,4.5735e-06,4238,72340,0.308601,0,1,463299,459061,4238
16000021,23.9442,4.00181e-06,4262,72340,0.289741,0,1,463323,459061,4262
16000021,23.9512,3.50158e-06,4286,72340,0.270767,0,1,463347,459061,4286
16000021,23.9573,3.06388e-06,4310,72340,0.25169,0,1,463371,459061,4310
16000021,23.9626,2.6809e-06,4334,72340,0.232521,0,1,463395,459061,4334
16000021,23.9673,2.34579e-06,4358,1460,0.215269,0.06,1,463419,459061,4358
16000021,23.9714,2.05256e-06,4382,1460,0.197742,0,1,463443,459061,4382
16000021,23.975,1.79599e-06,4406,1460,0.179968,0,1,463467,459061,4406
16000021,23.9781,1.57149e-06,4430,1460,0.162971,0,1,463491,459061,4430
16000021,23.9808,1.37506e-06,4454,1460,0.146674,0,1,463515,459061,4454
16000021,23.9832,1.20317e-06,4478,1460,0.132006,0,1,463539,459061,4478
16000021,23.9853,1.05278e-06,4502,1460,0.118806,0,1,463563,459061,4502
16000021,23.9872,9.21181e-07,4526,1460,0.106925,0,1,463587,459061,4526
16000021,23.9888,8.06033e-07,4550,1460,0.0962327,0,1,463611,459061,4550
16000021,23.9902,7.05279e-07,4574,1460,0.0866095,0,1,463635,459061,4574
16000021,23.9914,6.17119e-07,4598,1460,0.0779485,0,1,463659,459061,4598
16000021,23.9925,5.39979e-07,4622,1460,0.0701537,0,1,463683,459061,4622
16000021,22.6184,4.72482e-07,4635,1460,0.0631383,0,1,463696,459061,4635
16007321,22.7911,542.5,319,1460,0.0568245,1,1,463720,463401,319
16130401,50.6922,514.563,246,8760,0.051142,0,1,463966,463720,246
16133321,81.9807,484.867,270,8760,0.0460278,0,1,464267,463997,270
16136241,77.7331,424.259,318,11680,0.046425,0,1,464315,463997,318
16139161,74.0165,371.226,366,14600,0.0507825,0,1,464363,463997,366
16142081,86.5144,358.573,270,17520,0.0467043,0,1,464537,464267,270
16145001,81.7001,313.751,318,20440,0.0470339,0.05,1,464585,464267,318
16147921,77.4876,280.533,318,23360,0.0513305,0.05,1,464633,464315,318
16150841,73.8016,245.466,366,26280,0.0591974,0.09,1,464681,464315,366
16153761,70.5764,220.783,366,29200,0.0702777,0.09,1,464729,464363,366
16156681,67.7544,193.185,414,32120,0.0842499,0.01,1,464777,464363,414
16159601,65.2851,190.787,288,35040,0.100825,0.01,1,464825,464537,288
16162521,63.1245,166.938,336,37960,0.119742,0.05,1,464873,464537,336
16165441,61.2339,152.071,336,40880,0.140768,0.05,1,464921,464585,336
16168361,59.5797,133.062,384,43800,0.163691,0.09,1,464969,464585,384
16171281,58.1322,122.429,384,46720,0.188322,0.09,1,465017,464633,384
16174201,56.8657,107.126,432,49640,0.21449,0.13,1,465065,464633,432
16177121,55.7575,99.7351,432,49640,0.238041,0.13,1,465113,464681,432
16180041,54.7878,87.2682,480,49640,0.259237,0.17,1,465161,464681,480
16182961,53.9393,82.3597,480,49640,0.278313,0.17,1,465209,464729,480
16185881,53.1969,72.0647,528,49640,0.295482,0.21,1,465257,464729,528
16188801,52.5473,69.0566,528,49640,0.310934,0.21,1,465305,464777,528
16191721,51.9789,60.4245,576,49640,0.32484,0.25,1,465353,464777,576
16194641,51.4815,58.8715,576,49640,0.337356,0.25,1,465401,464825,576
16197561,51.0463,51.5125,624,49640,0.348621,0.29,1,465449,464825,624
16200481,50.6655,51.0735,624,51100,0.360759,0.29,1,465497,464873,624
16203401,50.3323,44.6893,672,51100,0.371683,0.33,1,465545,464873,672
16206321,50.0408,45.1031,672,51100,0.381514,0.33,1,465593,464921,672
16209241,49.7857,39.4652,720,51100,0.390363,0.37,1,465641,464921,720
16212161,49.5625,40.5321,720,51100,0.398327,0.37,1,465689,464969,720
16215081,49.3672,35.4656,768,51100,0.405494,0.41,1,465737,464969,768
16218001,49.1963,37.0324,768,51100,0.411945,0.41,1,465785,465017,768
16220921,49.0467,32.4033,816,51100,0.41775,0.45,1,465833,465017,816
16223841,48.9159,34.3529,816,51100,0.422975,0.45,1,465881,465065,816
16226761,48.8014,36.0588,816,51100,0.427678,0.45,1,465929,465113,816
16229681,48.7012,37.5514,816,52560,0.43391,0.45,1,465977,465161,816
16232601,48.6136,38.8575,816,52560,0.439519,0.45,1,466025,465209,816
16235521,48.5369,40.0003,816,52560,0.444567,0.45,1,466073,465257,816
16238441,48.4698,41.0003,816,52560,0.44911,0.45,1,466121,465305,816
16241361,48.4111,41.8752,816,52560,0.453199,0.45,1,466169,465353,816
16244281,48.3597,42.6408,816,52560,0.456879,0.45,1,466217,465401,816
16247201,48.3147,43.3107,816,52560,0.460191,0.45,1,466265,465449,816
16250121,48.2754,37.8969,864,52560,0.463172,0.47,1,466313,465449,864
16253041,48.241,39.1598,864,52560,0.465855,0.47,1,466361,465497,864
16255961,48.2108,40.2648,864,52560,0.46827,0.47,1,466409,465545,864
16258881,48.1845,41.2317,864,54020,0.472443,0.47,1,466457,465593,864
16261801,48.1614,42.0777,864,54020,0.476198,0.47,1,466505,465641,864
16264721,48.1412,42.818,864,54020,0.479578,0.47,1,466553,465689,864
16267641,48.1236,43.4658,864,54020,0.482621,0.47,1,466601,465737,864
16270561,48.1081,44.0326,864,54020,0.485359,0.47,1,466649,465785,864
16273481,48.0946,44.5285,864,54020,0.487823,0.47,1,466697,465833,864
16276401,48.0828,44.9624,864,54020,0.49004,0.47,1,466745,465881,864
16279321,48.0724,45.3421,864,54020,0.492036,0.49,1,466793,465929,864
16282241,48.0634,45.6744,864,54020,0.493833,0.49,1,466841,465977,864
16285161,48.0555,45.9651,864,54020,0.495449,0.49,1,466889,466025,864
16288081,48.0485,46.2194,864,55480,0.498905,0.49,1,466937,466073,864
16291001,48.0425,46.442,864,55480,0.502014,0.49,1,466985,466121,864
16293921,48.0372,46.6367,864,55480,0.504813,0.49,1,467033,466169,864
16296841,48.0325,46.8072,864,55480,0.507331,0.49,1,467081,466217,864
16299761,48.0284,46.9563,864,55480,0.509598,0.49,1,467129,466265,864
16302681,48.0249,47.0867,864,55480,0.511638,0.49,1,467177,466313,864
16305601,48.0218,47.2009,864,56940,0.515475,0.49,1,467225,466361,864
16308521,48.0191,47.3008,864,56940,0.518927,0.49,1,467273,466409,864
16311441,48.0167,41.3882,912,56940,0.522034,0.51,1,467321,466409,912
16314361,48.0146,42.2147,912,56940,0.524831,0.51,1,467369,466457,912
16317281,48.0128,42.9378,912,56940,0.527348,0.51,1,467417,466505,912
16320201,48.0112,43.5706,912,58400,0.531613,0.51,1,467465,466553,912
16323121,48.0098,44.1243,912,58400,0.535452,0.51,1,467513,466601,912
16326041,48.0086,44.6087,912,58400,0.538907,0.51,1,467561,466649,912
16328961,48.0075,45.0326,912,58400,0.542016,0.51,1,467609,466697,912
16331881,48.0065,45.4036,912,59860,0.546814,0.51,1,467657,466745,912
16334801,48.0057,45.7281,912,59860,0.551133,0.51,1,467705,466793,912
16337721,48.005,46.0121,912,59860,0.55502,0.51,1,467753,466841,912
16340641,48.0044,46.2606,912,59860,0.558518,0.53,1,467801,466889,912
16343561,48.0038,46.478,912,61320,0.563666,0.53,1,467849,466937,912
16346481,48.0034,46.6683,912,61320,0.568299,0.53,1,467897,466985,912
16349401,48.0029,46.8347,912,62780,0.574469,0.53,1,467945,467033,912
16352321,48.0026,46.9804,912,62780,0.580022,0.53,1,467993,467081,912
16355241,48.0023,47.1078,912,62780,0.58502,0.53,1,468041,467129,912
16358161,48.002,47.2194,912,64240,0.591518,0.53,1,468089,467177,912
16361081,48.0017,41.3169,960,64240,0.597366,0.55,1,468137,467177,960
16401961,48.0003,43.4523,1008,74460,0.704034,0.61,2,468809,467801,1008
16404881,48.0002,44.0208,1008,75920,0.714631,0.61,2,468857,467849,1008
16407801,48.0002,44.5182,1008,75920,0.724168,0.61,2,468905,467897,1008
16410721,48.0002,38.9534,1056,77380,0.734751,0.63,2,468953,467897,1056
16413641,48.0002,40.0842,1056,78840,0.746276,0.63,2,469001,467945,1056
16416561,48.0001,41.0737,1056,78840,0.756648,0.63,2,469049,467993,1056
16419481,48.0001,41.9395,1056,80300,0.767983,0.65,2,469097,468041,1056
16422401,48.0001,42.6971,1056,81760,0.780185,0.65,2,469145,468089,1056
16425321,48.0001,43.3599,1056,81760,0.791167,0.65,2,469193,468137,1056
16428241,48.0001,43.9399,1056,83220,0.80305,0.65,2,469241,468185,1056
16431161,48.0001,38.4474,1104,84680,0.815745,0.67,2,469289,468185,1104
16434081,48.0001,39.6415,1104,84680,0.82717,0.67,2,469337,468233,1104
16437001,48.0001,40.6863,1104,86140,0.839453,0.69,2,469385,468281,1104
16439921,48,41.6005,1104,87600,0.852508,0.69,2,469433,468329,1104
16442841,48,42.4005,1104,87600,0.864257,0.69,2,469481,468377,1104
16445761,48,43.1004,1104,89060,0.876832,0.69,2,469529,468425,1104
16448681,48,37.7129,1152,90520,0.889148,0.71,2,469577,468425,1152
16451601,48,38.9987,1152,91980,0.900234,0.73,2,469625,468473,1152
16454521,48,40.1239,1152,93440,0.91021,0.73,2,469673,468521,1152
16457441,48,41.1084,1152,94900,0.919189,0.73,2,469721,468569,1152
16460361,48,35.9699,1200,96360,0.92727,0.75,2,469769,468569,1200
16463281,48,37.4736,1200,97820,0.934543,0.75,2,469817,468617,1200
16466201,48,38.7894,1200,99280,0.941089,0.77,2,469865,468665,1200
16469121,48,39.9407,1200,100740,0.94698,0.77,2,469913,468713,1200
16533361,48,33.6621,1488,132860,0.94646,0.99,2,470969,469481,1488
16536281,48,35.4543,1488,134320,0.918814,1,2,471017,469529,1488
16537741,48,37.0225,1488,135780,0.885932,1,2,471065,469577,1488
16537741,45,32.3947,1512,135780,0.852339,0,2,471089,469577,1512
16537741,42.375,28.3454,1536,135780,0.818105,0,2,471113,469577,1536
16537741,40.2031,24.8022,1561,104120,0.785295,0.51,2,471138,469577,1561
16537741,38.1777,21.7019,1585,103754,0.751765,0,2,471162,469577,1585
16537741,36.4055,18.9892,1609,103571,0.719589,0,2,471186,469577,1609
16537741,30.3629,9.73972,1729,94900,0.572711,0,1,471306,469577,1729
16537741,29.5675,8.52225,1753,90980,0.54444,0,1,471330,469577,1753
16537741,28.8716,7.45697,1777,89520,0.516996,0,1,471354,469577,1777
16537741,28.2626,6.52485,1801,86600,0.493296,0,1,471378,469577,1801
16537741,27.7298,5.70924,1825,85140,0.472967,0,1,471402,469577,1825
16537741,27.2636,4.99559,1849,82220,0.45567,0,1,471426,469577,1849
16537741,26.8556,4.37114,1873,79300,0.441103,0,1,471450,469577,1873
16537741,26.4987,3.82475,1897,76380,0.428993,0,1,471474,469577,1897
16537741,26.1863,3.34665,1921,73460,0.419093,0,1,471498,469577,1921
16537741,25.9131,2.92832,1945,70540,0.411184,0,1,471522,469577,1945
16537741,25.6739,2.56228,1969,67620,0.405066,0,1,471546,469577,1969
16537741,25.4647,2.242,1993,63240,0.400559,0,1,471570,469577,1993
16537741,25.2816,1.96175,2017,60320,0.397503,0,1,471594,469577,2017
16537741,25.1214,1.71653,2041,55940,0.395753,0,1,471618,469577,2041
16537741,24.9812,1.50196,2065,51560,0.395178,0,1,471642,469577,2065
16537741,24.8586,1.31422,2089,50100,0.39466,0,1,471666,469577,2089
16537741,24.7512,1.14994,2113,47180,0.394194,0,1,471690,469577,2113
16537741,24.6573,1.0062,2137,47180,0.393774,0,1,471714,469577,2137
16537741,24.5752,0.880423,2161,47180,0.393397,0,1,471738,469577,2161
16537741,24.5033,0.77037,2185,47180,0.393057,0,1,471762,469577,2185
16537741,24.4404,0.674074,2209,45720,0.392752,0,1,471786,469577,2209
16537741,24.3853,0.589815,2233,45720,0.392476,0,1,471810,469577,2233
16537741,24.3372,0.516088,2257,45720,0.392229,0,1,471834,469577,2257
16537741,22.295,0.451577,2265,45720,0.392006,0,1,471842,469577,2265
16543581,22.5081,192.395,753,42800,0.389805,0.45,1,471866,471113,753
16546501,22.6946,174.471,728,47180,0.393825,0.43,1,471890,471162,728
16549421,22.8578,155.662,728,48180,0.399442,0.41,1,471914,471186,728
16552341,23.0006,139.204,728,47180,0.402498,0.39,1,471938,471210,728
16555261,23.1255,124.804,728,48180,0.407248,0.37,1,471962,471234,728
16558181,23.2348,112.203,728,47180,0.409523,0.31,1,471986,471258,728
16559641,23.3305,104.178,704,48180,0.413571,0.29,1,472010,471306,704
16562561,23.4142,94.1556,704,47180,0.415214,0.27,1,472034,471330,704
16565481,23.4874,85.3861,704,48180,0.418693,0.28,1,472058,471354,704
16566941,23.5515,77.7129,704,47180,0.419823,0.29,1,472082,471378,704
16569861,23.6075,70.9987,704,48180,0.418841,0.3,1,472106,471402,704
16572781,23.6566,65.1239,704,47180,0.415957,0.31,1,472130,471426,704
16574241,23.6995,59.9834,704,47180,0.411361,0.32,1,472154,471450,704
16577161,23.7371,55.4855,704,47180,0.405225,0.33,1,472178,471474,704
16578621,23.7699,51.5498,704,47180,0.397703,0.34,1,472202,471498,704
16581541,23.7987,48.1061,704,47180,0.388932,0.35,1,472226,471522,704
16583001,23.8239,45.0928,704,47180,0.379039,0.36,1,472250,471546,704
16585921,23.8459,42.4562,704,47180,0.368135,0.37,1,472274,471570,704
16587381,23.8651,40.1492,704,47180,0.356322,0.38,1,472298,471594,704
16590301,23.882,38.1305,704,47180,0.34369,0.39,1,472322,471618,704
16591761,23.8967,36.3642,704,47180,0.330321,0.39,1,472346,471642,704
16594681,23.9097,34.8187,704,47180,0.316289,0.39,1,472370,471666,704
16596141,23.9209,33.4664,704,47180,0.30166,0.39,1,472394,471690,704
16599061,23.9308,32.2831,704,47180,0.286494,0.39,1,472418,471714,704
16600521,23.9395,31.2477,704,47180,0.270844,0.39,1,472442,471738,704
16601981,23.947,30.3417,704,47180,0.25476,0.39,1,472466,471762,704
16604901,23.9537,29.549,704,47180,0.238284,0.39,1,472490,471786,704
16606361,23.9595,28.8554,704,47180,0.221455,0.39,1,472514,471810,704
16609281,23.9645,28.2485,704,47180,0.20431,0.37,1,472538,471834,704
16610741,23.969,28.7174,696,47180,0.186879,0.37,1,472562,471866,696
16612201,23.9728,25.1277,720,47180,0.169191,0.37,1,472586,471866,720
16615121,23.9762,21.9868,744,47180,0.152272,0.37,1,472610,471866,744
16616581,23.9792,19.2384,768,47180,0.137045,0.43,1,472634,471866,768
16618041,23.9818,19.8336,768,47180,0.12334,0.43,1,472658,471890,768
16620961,23.9841,17.3544,792,47180,0.111006,0.43,1,472682,471890,792
16623881,23.9861,21.1851,768,47180,0.0999056,0.43,1,472706,471938,768
16625341,23.9878,18.537,792,47180,0.0899151,0.43,1,472730,471938,792
16632641,23.9893,22.2198,768,47180,0.0809236,0.43,1,472754,471986,768
16639941,23.8657,19.4424,791,47180,0.0728312,0.43,1,472777,471986,791
16641401,23.8825,23.0121,767,47180,0.0655481,0.43,1,472801,472034,767
16646241,23.8972,20.1356,791,47180,0.0589933,0,1,472825,472034,791
16649161,111.535,173.369,270,94900,0.153094,0,1,473550,473280,270
16652081,103.593,151.698,318,96360,0.237785,0,1,473598,473280,318
16655001,96.644,132.735,366,97820,0.314006,0,1,473646,473280,366
16657921,90.5635,116.143,414,99280,0.382605,0,1,473694,473280,414
16660841,85.2431,101.626,462,100740,0.444345,0,1,473742,473280,462
16663761,80.5877,88.9223,510,100740,0.49991,0,1,473790,473280,510
16666681,76.5142,77.807,558,102200,0.549919,0,1,473838,473280,558
16669601,72.9499,68.0811,606,102200,0.594927,0,1,473886,473280,606
16678361,64.7145,45.609,750,105120,0.704702,0,2,474030,473280,750
16681281,62.6252,39.9079,798,105120,0.734232,0,2,474078,473280,798
16684201,60.797,34.9194,846,106580,0.760809,0,2,474126,473280,846
16687121,59.1974,30.5545,894,106580,0.784728,0,2,474174,473280,894
16690041,57.7977,26.7352,942,108040,0.806255,0,2,474222,473280,942
16692961,56.573,23.3933,990,108040,0.82563,0,2,474270,473280,990
16695881,55.5014,20.4691,1038,109500,0.843067,0,2,474318,473280,1038
16698801,54.5637,17.9105,1086,109500,0.85876,0,2,474366,473280,1086
16701721,53.7433,15.6717,1134,109500,0.872884,0,2,474414,473280,1134
16704641,53.0253,13.7127,1182,110960,0.885596,0,2,474462,473280,1182
16707561,52.3972,11.9986,1230,110960,0.883036,0,2,474510,473280,1230
16710481,51.8475,10.4988,1278,112420,0.884732,0,2,474558,473280,1278
16713401,51.3666,9.18645,1326,112420,0.888259,0,2,474606,473280,1326
16716321,50.9458,8.03814,1374,112420,0.893433,0,2,474654,473280,1374
16719241,50.5775,7.03337,1422,113880,0.89609,0,2,474702,473280,1422
16722161,50.2554,6.1542,1470,113880,0.894481,0,2,474750,473280,1470
16725081,49.9734,5.38493,1518,113880,0.893033,0,2,474798,473280,1518
16728001,49.7268,4.71181,1566,115340,0.89073,0,2,474846,473280,1566
16730921,49.5109,4.12284,1614,115340,0.887657,0,2,474894,473280,1614
16730921,46.322,3.60748,1638,116800,0.887891,0,2,474918,473280,1638
16730921,43.5318,3.15655,1662,116800,0.889102,0,2,474942,473280,1662
16730921,41.0903,2.76198,1686,116800,0.888192,0,2,474966,473280,1686
16730921,39.079,2.41673,1711,115340,0.886373,0.88,2,474991,473280,1711
16730921,37.1941,2.11464,1735,114415,0.883735,0,2,475015,473280,1735
16730921,35.5449,1.85031,1759,113952,0.879362,0,2,475039,473280,1759
16730921,34.1018,1.61902,1783,112029,0.872426,0,2,475063,473280,1783
16730921,32.839,1.41664,1807,110106,0.867183,0,2,475087,473280,1807
16730921,31.7342,1.23956,1831,109643,0.860465,0,2,475111,473280,1831
16730921,30.7674,1.08462,1855,107720,0.851418,0,2,475135,473280,1855
16730921,29.9215,0.94904,1879,105797,0.844276,0,2,475159,473280,1879
16730921,29.1813,0.83041,1903,105334,0.835849,0,2,475183,473280,1903
16730921,28.5336,0.726609,1927,103411,0.825264,0,2,475207,473280,1927
16730921,27.9669,0.635783,1951,100028,0.816738,0,2,475231,473280,1951
16730921,27.4711,0.55631,1975,99565,0.808064,0,2,475255,473280,1975
16730921,27.0372,0.486771,1999,97642,0.799257,0,2,475279,473280,1999
16730921,26.6575,0.425925,2023,94260,0.789332,0,2,475303,473280,2023
16730921,26.3253,0.372684,2047,93797,0.779399,0,2,475327,473280,2047
16730921,26.0347,0.326099,2071,91874,0.769459,0,2,475351,473280,2071
16730921,25.7803,0.285336,2095,88491,0.761513,0,2,475375,473280,2095
16730921,25.5578,0.249669,2119,88028,0.754362,0,2,475399,473280,2119
16730921,25.3631,0.218461,2143,84645,0.745925,0,2,475423,473280,2143
16730921,25.1927,0.191153,2167,80300,0.738333,0,2,475447,473280,2167
16730921,25.0436,0.167259,2191,80300,0.7315,0,2,475471,473280,2191
16730921,24.9132,0.146352,2215,77380,0.72535,0,2,475495,473280,2215
16730921,24.799,0.128058,2239,74460,0.719815,0,2,475519,473280,2239
16730921,24.6991,0.11205,2263,74460,0.714833,0,2,475543,473280,2263
16730921,24.6117,0.0980441,2287,71540,0.71035,0,2,475567,473280,2287
16730921,24.5353,0.0857886,2311,71540,0.706315,0,2,475591,473280,2311
16730921,24.4684,0.075065,2335,67160,0.702683,0,2,475615,473280,2335
16744061,24.0127,154.797,1176,77240,0.712109,0.77,2,476263,475087,1176
16746981,24.0111,141.448,1152,75920,0.722898,0.78,2,476287,475135,1152
16751361,24.0097,126.767,1152,76180,0.734608,0.73,2,476311,475159,1152
16754281,24.0085,116.921,1128,75920,0.743147,0.74,2,476335,475207,1128
16755741,24.0075,105.306,1128,76180,0.752832,0.72,2,476359,475231,1128
16760121,24.0065,98.1426,1104,75920,0.759549,0.7,2,476383,475279,1104
16763041,24.0057,88.8748,1104,76180,0.767594,0.68,2,476407,475303,1104
16764501,24.005,83.7654,1080,75920,0.772835,0.69,2,476431,475351,1080
16768881,24.0044,76.2948,1080,76180,0.779551,0.67,2,476455,475375,1080
16771801,24.0038,72.7579,1056,75920,0.783596,0.67,2,476479,475423,1056
16773261,24.0033,66.6632,1056,76180,0.789237,0.67,2,476503,475447,1056
16777641,24.0029,61.3303,1056,75920,0.792313,0.67,2,476527,475471,1056
16779101,24.0026,56.664,1056,76180,0.797082,0.67,2,476551,475495,1056
16782021,24.0022,52.581,1056,75920,0.799373,0.67,2,476575,475519,1056
16783481,24.002,49.0084,1056,76180,0.803436,0.67,2,476599,475543,1056
16787861,24.0017,45.8823,1056,75920,0.805093,0.67,2,476623,475567,1056
16789321,24.0015,43.147,1056,76180,0.808583,0.67,2,476647,475591,1056
16792241,24.0013,40.7537,1056,75920,0.809725,0.67,2,476671,475615,1056
16793701,24.0012,38.6594,1056,76180,0.812752,0.67,2,476695,475639,1056
16798081,24.001,36.827,1056,75920,0.813477,0.67,2,476719,475663,1056
16799541,24.0009,35.2236,1056,76180,0.816129,0.67,2,476743,475687,1056
16803921,24.0008,33.8207,1056,75920,0.816517,0.67,2,476767,475711,1056
16805381,24.0007,32.5931,1056,76180,0.818865,0.67,2,476791,475735,1056
16806841,24.0006,31.519,1056,75920,0.818978,0.67,2,476815,475759,1056
16809761,23.8755,30.5791,1055,76180,0.822081,0.67,2,476838,475783,1055
16811221,23.8911,29.7567,1055,75920,0.822872,0.67,2,476862,475807,1055
16852101,23.9047,29.0371,1055,76180,0.825585,0.66,2,476886,475831,1055
16855021,26.9166,28.4075,1079,83220,0.835027,0.66,2,476934,475855,1079
16857941,29.552,30.8565,1079,84680,0.839524,0.66,2,476982,475903,1079
16860861,31.858,32.9995,1079,84680,0.839572,0.66,2,477030,475951,1079
16861521,32.2508,34.8745,1066,84680,0.835614,0.83,2,477065,475999,1066
16861521,31.2194,30.5152,1090,84680,0.830053,0,2,477089,475999,1090
16861521,30.317,26.7008,1114,84680,0.823048,0,2,477113,475999,1114
16861521,29.5274,23.3632,1138,84680,0.814743,0,2,477137,475999,1138
16861521,28.8365,20.4428,1162,84680,0.806269,0,2,477161,475999,1162
16861521,28.2319,17.8875,1186,84680,0.796642,0,2,477185,475999,1186
16861521,27.7029,15.6515,1210,84680,0.785978,0,2,477209,475999,1210
16861521,27.24,13.6951,1234,84680,0.77438,0,2,477233,475999,1234
16861521,26.835,11.9832,1258,84680,0.760942,0,2,477257,475999,1258
16861521,26.4807,10.4853,1282,84680,0.746848,0,2,477281,475999,1282
16861521,26.1706,9.17464,1306,84680,0.732163,0,2,477305,475999,1306
16861521,25.8993,8.02781,1330,84680,0.716947,0,2,477329,475999,1330
16861521,25.6618,7.02433,1354,84680,0.743252,0,2,477353,475999,1354
16861521,23.8291,6.14629,1365,84680,0.766927,0,2,477364,475999,1365
16864441,26.8505,29.628,1219,84680,0.784234,0.79,2,477412,476193,1219
16867361,29.4942,25.9245,1267,86140,0.803811,0.83,2,477460,476193,1267
16867761,29.6824,28.4339,1252,86140,0.82143,0.82,2,477491,476239,1252
16870681,31.9721,30.8797,1252,87600,0.835287,0.82,2,477539,476287,1252
16873601,33.9756,33.0197,1252,87600,0.847758,0.82,2,477587,476335,1252
16876521,35.7286,34.8923,1252,87600,0.858982,0.82,2,477635,476383,1252
16879441,37.2626,36.5307,1252,87600,0.869084,0.82,2,477683,476431,1252
16882361,38.6047,37.9644,1252,87600,0.878176,0.82,2,477731,476479,1252
16885281,39.7791,39.2188,1252,89060,0.888358,0.82,2,477779,476527,1252
16888201,40.8068,40.3165,1252,89060,0.897522,0.82,2,477827,476575,1252
16891121,41.7059,41.2769,1252,89060,0.90577,0.82,2,477875,476623,1252
16894041,42.4927,42.1173,1252,89060,0.913193,0.82,2,477923,476671,1252
16896961,43.1811,42.8526,1252,89060,0.919874,0.82,2,477971,476719,1252
16899881,43.7835,43.4961,1252,90520,0.927886,0.82,2,478019,476767,1252
16902801,44.3105,44.0591,1252,90520,0.935098,0.83,2,478067,476815,1252
16905721,44.7717,44.4267,1253,90520,0.941588,0.85,2,478115,476862,1253
16908641,45.1752,41.8733,1277,90520,0.947429,0.85,2,478163,476886,1277
16993821,27.7349,6.69419,1809,87772,0.947162,0,2,479924,478115,1809
16993821,27.268,5.85742,1833,87300,0.941446,0,2,479948,478115,1833
16993821,26.8595,5.12524,1857,85368,0.935301,0,2,479972,478115,1857
16993821,26.5021,4.48458,1881,84895,0.930771,0,2,479996,478115,1881
16993821,26.1893,3.92401,1905,84423,0.923694,0,2,480020,478115,1905
16993821,25.9156,3.43351,1929,83950,0.918325,0,2,480044,478115,1929
16993821,25.6762,3.00432,1953,83478,0.911492,0,2,480068,478115,1953
16993821,25.4667,2.62878,1977,83006,0.902343,0,2,480092,478115,1977
16993821,25.2833,2.30018,2001,82533,0.895109,0,2,480116,478115,2001
16993821,25.1229,2.01266,2025,80601,0.887598,0,2,480140,478115,2025
16993821,24.9826,1.76108,2049,80129,0.879838,0,2,480164,478115,2049
16993821,24.8597,1.54094,2073,79656,0.871854,0,2,480188,478115,2073
16993821,24.7523,1.34833,2097,79184,0.865669,0,2,480212,478115,2097
16993821,24.6582,1.17978,2121,78712,0.857102,0,2,480236,478115,2121
16993821,24.576,1.03231,2145,78239,0.850392,0,2,480260,478115,2145
16993821,24.504,0.903273,2169,76307,0.843352,0,2,480284,478115,2169
16993821,24.441,0.790364,2193,75835,0.836017,0,2,480308,478115,2193
16993821,24.3858,0.691568,2217,75362,0.830415,0,2,480332,478115,2217
16993821,24.3376,0.605122,2241,74890,0.824374,0,2,480356,478115,2241
16993821,24.2954,0.529482,2265,74418,0.817937,0,2,480380,478115,2265
16993821,24.2585,0.463297,2289,73945,0.813143,0,2,480404,478115,2289
16993821,24.2262,0.405385,2313,73473,0.807829,0,2,480428,478115,2313
16993821,24.1979,0.354711,2337,73000,0.804046,0,2,480452,478115,2337
16993821,24.1732,0.310373,2361,72528,0.797641,0,2,480476,478115,2361
16993821,24.1515,0.271576,2385,70596,0.792877,0,2,480500,478115,2385
16993821,24.1326,0.237629,2409,70123,0.787589,0,2,480524,478115,2409
16993821,24.116,0.207925,2433,69651,0.78183,0,2,480548,478115,2433
16993821,24.1015,0.181935,2457,67160,0.774647,0,2,480572,478115,2457
16993821,24.0888,0.159193,2481,67160,0.767183,0,2,480596,478115,2481
16993821,24.0777,0.139294,2505,67160,0.761464,0,2,480620,478115,2505
16993821,24.068,0.121882,2529,67160,0.754318,0,2,480644,478115,2529
16993821,24.0595,0.106647,2553,66580,0.748886,0,2,480668,478115,2553
16993821,24.0521,0.0933159,2577,66580,0.742998,0,2,480692,478115,2577
16993821,24.0456,0.0816514,2601,66580,0.738698,0,2,480716,478115,2601
16993821,24.0399,0.071445,2625,66580,0.733828,0,2,480740,478115,2625
16993821,24.0349,0.0625144,2649,66580,0.730445,0,2,480764,478115,2649
16993821,24.0305,0.0547001,2673,66580,0.726401,0,2,480788,478115,2673
16993821,24.0267,0.0478626,2697,66580,0.721761,0,2,480812,478115,2697
16993821,24.0234,0.0418797,2721,66580,0.718585,0,2,480836,478115,2721
16993821,24.0204,0.0366448,2745,66580,0.716726,0,2,480860,478115,2745
16993821,24.0179,0.0320642,2769,66580,0.715053,0,2,480884,478115,2769
16993821,24.0157,0.0280562,2793,66580,0.713548,0,2,480908,478115,2793
16993821,24.0137,0.0245491,2817,66580,0.712193,0,2,480932,478115,2817
16993821,24.012,0.0214805,2841,66580,0.710974,0,2,480956,478115,2841
16993821,24.0105,0.0187954,2865,66580,0.709877,0,2,480980,478115,2865
16993821,24.0092,0.016446,2889,66580,0.708889,0,2,481004,478115,2889
16993821,24.008,0.0143903,2913,66580,0.708,0,2,481028,478115,2913
16993821,24.007,0.0125915,2937,66580,0.7072,0,2,481052,478115,2937
17005501,24.0061,190.011,1441,66580,0.70648,0.93,2,481076,479635,1441
17005501,24.0054,166.26,1465,67160,0.705832,0,2,481100,479635,1465
17005501,24.0047,145.477,1489,66580,0.705249,0,2,481124,479635,1489
17005501,24.0041,127.293,1513,66580,0.704724,0,2,481148,479635,1513
17015721,24.0036,132.506,1368,66580,0.704252,0.89,2,481172,479804,1368
17015721,24.0032,115.943,1392,67160,0.703826,0,2,481196,479804,1392
17015721,24.0028,101.45,1416,66580,0.703444,0,2,481220,479804,1416
17015721,24.0024,88.7686,1440,66580,0.703099,0,2,481244,479804,1440
17027401,24.0021,95.6726,1320,66580,0.702789,0.83,2,481268,479948,1320
17027401,24.0018,83.7135,1344,67160,0.702511,0,2,481292,479948,1344
17027401,24.0016,73.2493,1368,66580,0.702259,0,2,481316,479948,1368
17027401,24.0014,64.0931,1392,66580,0.702034,0,2,481340,479948,1392
17027401,24.0012,56.0815,1416,66580,0.70183,0,2,481364,479948,1416
17037621,24.0011,70.0713,1272,66580,0.701647,0.79,2,481388,480116,1272
17037621,24.0009,61.3124,1296,67160,0.701482,0,2,481412,480116,1296
17037621,24.0008,53.6484,1320,66580,0.701334,0,2,481436,480116,1320
17037621,24.0007,46.9423,1344,66580,0.701201,0,2,481460,480116,1344
17052221,23.8756,59.0745,1223,66580,0.701081,0.74,2,481483,480260,1223
17052221,23.8912,51.6902,1247,67160,0.701973,0,2,481507,480260,1247
17052221,23.9048,45.2289,1271,66580,0.702775,0,2,481531,480260,1271
17052221,23.9167,39.5753,1295,66580,0.703498,0,2,481555,480260,1295
17052221,23.9271,34.6284,1319,66580,0.704148,0,2,481579,480260,1319
17052221,23.9362,30.2998,1343,66580,0.704733,0,2,481603,480260,1343
17119381,23.9442,53.5124,1151,66580,0.70526,0.75,2,481627,480476,1151
17122301,26.9512,49.8233,1175,68620,0.734734,0.7,2,481675,480500,1175
17124641,28.3323,55.5954,1117,70080,0.761261,0.7,2,481713,480596,1117
17124641,27.7907,48.646,1141,71540,0.785134,0,2,481737,480596,1141
17124641,27.3169,42.5652,1165,71540,0.806621,0,2,481761,480596,1165
17124641,26.9023,37.2446,1189,71540,0.825959,0,2,481785,480596,1189
17124641,26.5395,32.589,1213,71540,0.843363,0,2,481809,480596,1213
17124641,26.2221,28.5154,1237,71540,0.859027,0,2,481833,480596,1237
17124641,25.9443,24.951,1261,71540,0.873124,0,2,481857,480596,1261
17124641,25.7013,21.8321,1285,71540,0.885812,0,2,481881,480596,1285
17124641,25.4886,19.1031,1309,71540,0.89623,0,2,481905,480596,1309
17124641,25.3025,16.7152,1333,71540,0.903607,0,2,481929,480596,1333
17124641,25.1397,14.6258,1357,71540,0.908247,0,2,481953,480596,1357
17124641,24.9972,12.7976,1381,71540,0.910422,0,2,481977,480596,1381
17124641,24.8726,11.1979,1405,71540,0.91038,0,2,482001,480596,1405
17124641,24.7635,9.79814,1429,71540,0.908342,0,2,482025,480596,1429
17124641,24.6681,8.57337,1453,71540,0.904508,0,2,482049,480596,1453
17124641,24.5846,7.5017,1477,71540,0.899057,0,2,482073,480596,1477
17124641,24.5115,6.56399,1501,71540,0.892151,0,2,482097,480596,1501
17124641,24.4476,5.74349,1525,71540,0.883936,0,2,482121,480596,1525
17124641,24.3916,5.02555,1549,71540,0.874542,0,2,482145,480596,1549
17124641,24.3427,4.39736,1573,71540,0.864088,0,2,482169,480596,1573
17127561,27.2998,66.8477,1117,71540,0.850679,0.7,2,482217,481100,1117
17130481,29.8874,64.4917,1117,73000,0.840612,0.7,2,482265,481148,1117
17133401,32.1514,62.4303,1117,74460,0.83355,0.7,2,482313,481196,1117
17136321,34.1325,60.6265,1117,74460,0.827195,0.7,2,482361,481244,1117
17139241,35.8659,59.0482,1117,74460,0.821476,0.7,2,482409,481292,1117
17142161,37.3827,57.6671,1117,74460,0.816328,0.7,2,482457,481340,1117
17145081,38.7099,56.4588,1117,74460,0.811695,0.7,2,482505,481388,1117
17148001,39.8711,55.4014,1117,75920,0.809526,0.7,2,482553,481436,1117
17150921,40.8872,54.3512,1118,75920,0.807573,0.71,2,482601,481483,1118
17153841,41.7763,53.5573,1118,75920,0.805816,0.71,2,482649,481531,1118
17156761,42.5543,52.8627,1118,75920,0.804234,0.71,2,482697,481579,1118
17159681,43.235,52.2548,1118,75920,0.802811,0.71,2,482745,481627,1118
17162601,43.8306,45.723,1166,75920,0.80153,0.71,2,482793,481627,1166
17165521,44.3518,40.0076,1214,77380,0.800377,0.71,2,482841,481627,1214
17168441,44.8078,35.0067,1262,77380,0.792339,0.71,2,482889,481627,1262
17171361,45.2068,30.6308,1310,77380,0.787105,0.71,2,482937,481627,1310
17174281,45.556,26.802,1358,77380,0.784395,0.71,2,482985,481627,1358
17177201,45.8615,23.4517,1406,77380,0.783955,0.71,2,483033,481627,1406
17180121,46.1288,20.5203,1454,77380,0.78556,0.71,2,483081,481627,1454
17180121,42.9877,17.9552,1475,77380,0.787004,0,2,483102,481627,1475
17180121,40.6142,15.7108,1499,77380,0.786303,0,2,483126,481627,1499
17180121,38.5375,13.747,1523,77380,0.783673,0,2,483150,481627,1523
17180121,36.7203,12.0286,1547,71340,0.781306,0.76,2,483174,481627,1547
17180121,35.1302,10.525,1571,70508,0.777175,0,2,483198,481627,1571
17180121,33.739,9.2094,1595,70092,0.773458,0,2,483222,481627,1595
17180121,32.5216,8.05822,1619,69676,0.768112,0,2,483246,481627,1619
17180121,31.4564,7.05094,1643,69259,0.763301,0,2,483270,481627,1643
17180121,30.5243,6.16958,1667,68843,0.758971,0,2,483294,481627,1667
17180121,29.7088,5.39838,1691,68427,0.755074,0,2,483318,481627,1691
17180121,28.9952,4.72358,1715,68011,0.749566,0,2,483342,481627,1715
17180121,28.3708,4.13313,1739,67595,0.74461,0,2,483366,481627,1739
17180121,27.8245,3.61649,1763,67178,0.740149,0,2,483390,481627,1763
17180121,27.3464,3.16443,1787,66762,0.734134,0,2,483414,481627,1787
17180121,26.9281,2.76888,1811,66346,0.72872,0,2,483438,481627,1811
17180121,26.5621,2.42277,1835,65930,0.723848,0,2,483462,481627,1835
17180121,26.2418,2.11992,1859,65514,0.719464,0,2,483486,481627,1859
17180121,25.9616,1.85493,1883,65097,0.713517,0,2,483510,481627,1883
17180121,25.7164,1.62306,1907,64681,0.708165,0,2,483534,481627,1907
17180121,25.5018,1.42018,1931,64265,0.703349,0,2,483558,481627,1931
17180121,24.1188,0.11233,2387,56357,0.596743,0,1,484014,481627,2387
17180121,24.1039,0.098289,2411,54020,0.589069,0,1,484038,481627,2411
17180121,24.0909,0.0860029,2435,53820,0.582162,0,1,484062,481627,2435
17180121,24.0796,0.0752525,2459,53820,0.576946,0,1,484086,481627,2459
17180121,24.0696,0.065846,2483,53820,0.572251,0,1,484110,481627,2483
17180121,24.0609,0.0576152,2507,53820,0.568026,0,1,484134,481627,2507
17180121,24.0533,0.0504133,2531,53820,0.564223,0,1,484158,481627,2531
17180121,24.0466,0.0441116,2555,53820,0.560801,0,1,484182,481627,2555
17180121,24.0408,0.0385977,2579,53820,0.557721,0,1,484206,481627,2579
17180121,24.0357,0.033773,2603,53820,0.554949,0,1,484230,481627,2603
17180121,24.0313,0.0295514,2627,53820,0.552454,0,1,484254,481627,2627
17180121,24.0273,0.0258574,2651,53820,0.550209,0,1,484278,481627,2651
17180121,23.6489,0.0226253,2672,53820,0.547188,0,1,484299,481627,2672
17255681,23.6928,190.395,1173,53620,0.542469,0,1,484323,483150,1173
17255681,23.7312,166.595,1197,55480,0.536222,0,1,484347,483150,1197
17255681,23.7648,145.771,1221,55480,0.5286,0,1,484371,483150,1221
17255681,23.7942,127.55,1245,55480,0.51974,0,1,484395,483150,1245
17255681,23.8199,111.606,1269,55480,0.509766,0,1,484419,483150,1269
17255681,23.8424,97.6552,1293,55480,0.498789,0,1,484443,483150,1293
17255681,23.8621,85.4483,1317,55480,0.48691,0,1,484467,483150,1317
17255681,23.8794,74.7673,1341,55480,0.474219,0,1,484491,483150,1341
17255681,23.8944,65.4213,1365,55480,0.460797,0,1,484515,483150,1365
17255681,23.9076,57.2437,1389,55480,0.446718,0,1,484539,483150,1389
17255681,23.9192,50.0882,1413,55480,0.432046,0,1,484563,483150,1413
17255681,23.9293,43.8272,1437,55480,0.416841,0,1,484587,483150,1437
17255681,23.9381,38.3488,1461,55480,0.401157,0,1,484611,483150,1461
17255681,23.9459,33.5552,1485,55480,0.385041,0,1,484635,483150,1485
17255681,23.9526,29.3608,1509,55480,0.368537,0,1,484659,483150,1509
17255681,23.9585,25.6907,1533,55480,0.351684,0,1,484683,483150,1533
17255681,23.9637,22.4794,1557,55480,0.334515,0,1,484707,483150,1557
17255681,23.9683,19.6694,1581,55480,0.317064,0,1,484731,483150,1581
17255681,23.9722,17.2108,1605,55480,0.299357,0,1,484755,483150,1605
17255681,23.9757,15.0594,1629,55480,0.281422,0,1,484779,483150,1629
17255681,23.9787,13.177,1653,55480,0.263279,0,1,484803,483150,1653
17255681,23.9814,11.5299,1677,55480,0.244952,0,1,484827,483150,1677
17255681,23.9837,10.0886,1701,55480,0.226456,0,1,484851,483150,1701
17255681,23.9858,8.82755,1725,55480,0.207811,0,1,484875,483150,1725
17255681,23.9875,7.72411,1749,55480,0.18903,0,1,484899,483150,1749
17255681,23.9891,6.75859,1773,55480,0.170127,0,1,484923,483150,1773
17255681,23.9905,5.91377,1797,55480,0.153114,0,1,484947,483150,1797
17255681,23.9917,5.17455,1821,55480,0.137803,0,1,484971,483150,1821
17255681,23.9927,4.52773,1845,55480,0.124022,0,1,484995,483150,1845
17255681,23.9936,3.96176,1869,55480,0.11162,0,1,485019,483150,1869
17255681,23.9944,3.46654,1893,55480,0.100458,0,1,485043,483150,1893
17255681,23.9951,3.03323,1917,55480,0.0904123,0,1,485067,483150,1917
17255681,23.9957,2.65407,1941,55480,0.0813711,0,1,485091,483150,1941
17255681,23.9963,2.32231,1965,55480,0.073234,0,1,485115,483150,1965
17255681,23.9967,2.03202,1989,55480,0.0659106,0,1,485139,483150,1989
17255681,23.6221,1.77802,2010,55480,0.0593195,0,1,485160,483150,2010
17258601,456.044,654.431,270,55480,0.106388,0,1,488643,488373,270
17261521,405.039,572.627,318,56940,0.150749,0,1,488691,488373,318
17264441,360.409,501.049,366,58400,0.192674,0,1,488739,488373,366
17267361,321.358,438.417,414,59860,0.232407,0,1,488787,488373,414
17270281,287.188,383.615,462,61320,0.270166,0,1,488835,488373,462
17273201,257.29,335.663,510,62780,0.306149,0,1,488883,488373,510
17276121,231.128,293.705,558,64240,0.340534,0,1,488931,488373,558
17279041,208.237,256.992,606,65700,0.373481,0,1,488979,488373,606
17281961,188.208,224.868,654,67160,0.405133,0,1,489027,488373,654
17284881,170.682,196.76,702,68620,0.43562,0,1,489075,488373,702
17287801,155.347,172.165,750,70080,0.465058,0,1,489123,488373,750
17290721,141.928,150.644,798,70080,0.491552,0,1,489171,488373,798
17293641,130.187,131.814,846,71540,0.517397,0,1,489219,488373,846
17296561,119.914,115.337,894,71540,0.540657,0,1,489267,488373,894
17299481,110.925,100.92,942,71540,0.561591,0,1,489315,488373,942
17302401,103.059,88.3048,990,71540,0.580432,0,1,489363,488373,990
17305321,96.1766,77.2667,1038,71540,0.597389,0,1,489411,488373,1038
17328681,64.5539,58.4735,1008,75920,0.704575,0.61,2,489795,488787,1008
17331601,62.4847,57.1643,1008,75920,0.715117,0.61,2,489843,488835,1008
17334521,60.6741,50.0188,1056,75920,0.724605,0.63,2,489891,488835,1056
17337441,59.0898,49.7664,1056,77380,0.735145,0.65,2,489939,488883,1056
17340361,57.7036,49.5456,1056,77380,0.74463,0.65,2,489987,488931,1056
17343281,56.4906,43.3524,1104,77380,0.753167,0.67,2,490035,488931,1104
17346201,55.4293,43.9334,1104,78840,0.762851,0.69,2,490083,488979,1104
17349121,54.5007,44.4417,1104,78840,0.771566,0.69,2,490131,489027,1104
17352041,53.6881,38.8865,1152,78840,0.778409,0.71,2,490179,489027,1152
17354961,52.9771,40.0257,1152,80300,0.780568,0.73,2,490227,489075,1152
17357881,52.3549,41.0225,1152,80300,0.778511,0.73,2,490275,489123,1152
17360801,51.8106,41.8947,1152,81760,0.77266,0.73,2,490323,489171,1152
17363721,51.3342,36.6578,1200,81760,0.763394,0.75,2,490371,489171,1200
17366641,50.9175,38.0756,1200,83220,0.751055,0.75,2,490419,489219,1200
17369561,50.5528,39.3161,1200,83220,0.765949,0.75,2,490467,489267,1200
17372481,50.2337,40.4016,1200,84680,0.781354,0.75,2,490515,489315,1200
17375401,49.9545,41.3514,1200,84680,0.795219,0.75,2,490563,489363,1200
17378321,49.7102,42.1825,1200,86140,0.809697,0.77,2,490611,489411,1200
17381241,49.4964,42.9097,1200,86140,0.822727,0.77,2,490659,489459,1200
17384161,49.3093,43.546,1200,87600,0.836455,0.77,2,490707,489507,1200
17387081,49.1457,44.1027,1200,87600,0.848809,0.77,2,490755,489555,1200
17390001,49.0025,44.5899,1200,89060,0.861928,0.77,2,490803,489603,1200
17392921,48.8772,39.0162,1248,89060,0.873735,0.79,2,490851,489603,1248
17395841,48.7675,40.1391,1248,90520,0.886362,0.79,2,490899,489651,1248
17398761,48.6716,41.1217,1248,90520,0.897726,0.79,2,490947,489699,1248
17401681,48.5876,41.9815,1248,91980,0.907953,0.81,2,490995,489747,1248
17404601,48.5142,42.7338,1248,93440,0.917158,0.81,2,491043,489795,1248
17407521,48.4499,43.3921,1248,93440,0.925442,0.81,2,491091,489843,1248
17410441,48.3937,43.9681,1248,94900,0.932898,0.81,2,491139,489891,1248
17413361,48.3445,38.4721,1296,96360,0.939608,0.83,2,491187,489891,1296
17416281,48.3014,39.6631,1296,96360,0.945647,0.83,2,491235,489939,1296
17491521,36.3866,17.3285,1646,125003,0.947323,0,2,492593,490947,1646
17491521,34.8383,15.1624,1670,124574,0.93559,0,2,492617,490947,1670
17491521,33.4835,13.2671,1694,122685,0.921031,0,2,492641,490947,1694
17491521,32.2981,11.6087,1718,120796,0.905928,0,2,492665,490947,1718
17491521,31.2608,10.1577,1742,118907,0.890335,0,2,492689,490947,1742
17491521,30.3532,8.88795,1766,118478,0.872302,0,2,492713,490947,1766
17491521,29.5591,7.77695,1790,116589,0.854072,0,2,492737,490947,1790
17491521,28.8642,6.80483,1814,114700,0.835664,0,2,492761,490947,1814
17491521,28.2562,5.95423,1838,112812,0.817098,0,2,492785,490947,1838
17491521,27.7241,5.20995,1862,112383,0.799388,0,2,492809,490947,1862
17491521,27.2586,4.55871,1886,109034,0.781449,0,2,492833,490947,1886
17491521,26.8513,3.98887,1910,107145,0.763304,0,2,492857,490947,1910
17491521,26.4949,3.49026,1934,103796,0.745974,0,2,492881,490947,1934
17491521,26.183,3.05398,1958,100447,0.731377,0,2,492905,490947,1958
17491521,25.9101,2.67223,1982,98558,0.719239,0,2,492929,490947,1982
17491521,25.6714,2.3382,2006,95209,0.709315,0,2,492953,490947,2006
17491521,24.1973,0.276065,2390,55780,0.599414,0,1,493337,490947,2390
17491521,24.1727,0.241557,2414,55780,0.595473,0,1,493361,490947,2414
17491521,24.1511,0.211362,2438,55780,0.592925,0,1,493385,490947,2438
17491521,22.2572,0.184942,2447,55780,0.590633,0,1,493394,490947,2447
17491521,22.475,0.161824,2471,55780,0.586569,0,1,493418,490947,2471
17491521,22.6657,0.141596,2495,55240,0.582913,0,1,493442,490947,2495
17491521,20.3325,0.123897,2499,55240,0.581621,0,1,493446,490947,2499
17491521,20.7909,0.108409,2523,55240,0.578459,0,1,493470,490947,2523
17491521,21.192,0.0948583,2547,55040,0.575613,0,1,493494,490947,2547
17491521,19.043,0.083001,2551,55040,0.575052,0,1,493498,490947,2551
17491521,19.6627,0.0726259,2575,55040,0.572547,0,1,493522,490947,2575
17491521,18.4548,0.0635476,2585,54840,0.570292,0,1,493532,490947,2585
17491521,19.148,0.0556042,2609,54840,0.566263,0,1,493556,490947,2609
17491521,19.7545,0.0486537,2633,54220,0.562637,0,1,493580,490947,2633
17491521,17.7852,0.042572,2637,54220,0.561373,0,1,493584,490947,2637
17497361,18.562,199.662,1064,54220,0.558236,0.85,1,493608,492544,1064
17500281,19.2418,180.829,1039,66000,0.565412,0.79,1,493632,492593,1039
17503201,19.8365,164.226,1015,66000,0.569871,0.77,1,493656,492641,1015
17507581,20.357,146.698,1015,66000,0.581884,0.71,1,493680,492665,1015
17510501,20.8124,134.36,991,67160,0.594695,0.69,1,493704,492713,991
17642201,38.5245,26.0893,1127,97820,0.587127,0.68,1,494951,493824,1127
17645121,39.709,28.8281,1127,97820,0.564414,0.68,1,494999,493872,1127
17648041,40.7453,31.2246,1127,97820,0.539973,0.68,1,495047,493920,1127
17650961,41.6522,33.3215,1127,99280,0.585975,0.68,1,495095,493968,1127
17652961,35.101,23.552,1184,99280,0.728358,0,2,495200,494016,1184
17652961,33.7134,20.608,1208,99280,0.755523,0,2,495224,494016,1208
17652961,32.4992,18.032,1232,99280,0.77997,0,2,495248,494016,1232
17652961,31.4368,15.778,1256,99280,0.801973,0,2,495272,494016,1256
17652961,30.5072,13.8057,1280,99280,0.821776,0,2,495296,494016,1280
17652961,29.6938,12.08,1304,99280,0.839598,0,2,495320,494016,1304
17652961,28.9821,10.57,1328,99280,0.855639,0,2,495344,494016,1328
17652961,28.3593,9.24877,1352,99280,0.870075,0,2,495368,494016,1352
17652961,27.8144,8.09267,1376,99280,0.883067,0,2,495392,494016,1376
17652961,27.3376,7.08109,1400,99280,0.89476,0,2,495416,494016,1400
17652961,26.9204,6.19595,1424,99280,0.905284,0,2,495440,494016,1424
17652961,26.5554,5.42146,1448,99280,0.914756,0,2,495464,494016,1448
17652961,26.2359,4.74378,1472,99280,0.92328,0,2,495488,494016,1472
17652961,25.9564,4.15081,1496,99280,0.930952,0,2,495512,494016,1496
17652961,25.7119,3.63195,1520,99280,0.937857,0,2,495536,494016,1520
17652961,25.4979,3.17796,1544,99280,0.944071,0,2,495560,494016,1544
17652961,25.3107,2.78072,1568,99280,0.949664,0,2,495584,494016,1568
17693841,44.1452,23.3307,1251,109500,0.946205,0.3,2,496313,495062,1251
17696761,44.6271,20.4143,1299,109500,0.931585,0.3,2,496361,495062,1299
17699681,45.0487,17.8625,1347,110960,0.922426,0.3,2,496409,495062,1347
17702601,45.4176,15.6297,1395,110960,0.916184,0.3,2,496457,495062,1395
17705521,45.7404,13.676,1443,110960,0.912565,0.3,2,496505,495062,1443
17708441,46.0228,11.9665,1491,112420,0.913309,0.3,2,496553,495062,1491
17711361,46.27,10.4707,1539,112420,0.915978,0.3,2,496601,495062,1539
17714281,46.4862,9.16186,1587,113880,0.92238,0.3,2,496649,495062,1587
17717201,46.6755,8.01662,1635,113880,0.930142,0.3,2,496697,495062,1635
17718661,46.841,7.01455,1683,113880,0.936128,0.3,2,496745,495062,1683
17718661,43.9859,6.13773,1707,113880,0.941515,0,2,496769,495062,1707
17718661,41.4877,5.37051,1731,113880,0.945364,0,2,496793,495062,1731
17718661,39.3017,4.6992,1755,112420,0.949827,0.98,2,496817,495062,1755
17718661,37.389,4.1118,1779,111471,0.949845,0,2,496841,495062,1779
17718661,35.7154,3.59782,1803,110997,0.94886,0,2,496865,495062,1803
17718661,34.2509,3.1481,1827,110522,0.946974,0,2,496889,495062,1827
17718661,32.9696,2.75458,1851,110048,0.943277,0,2,496913,495062,1851
17718661,31.8484,2.41026,1875,109573,0.938949,0,2,496937,495062,1875
17718661,30.8673,2.10898,1899,109099,0.934054,0,2,496961,495062,1899
17718661,30.1339,1.84536,1924,108624,0.927649,0,2,496986,495062,1924
17718661,29.3672,1.61469,1948,108150,0.920884,0,2,497010,495062,1948
17718661,28.6963,1.41285,1972,107675,0.913795,0,2,497034,495062,1972
17718661,28.1092,1.23624,1996,105741,0.905416,0,2,497058,495062,1996
17718661,27.5956,1.08171,2020,103806,0.896874,0,2,497082,495062,2020
17718661,27.1461,0.946499,2044,101872,0.888187,0,2,497106,495062,2044
17718661,26.7529,0.828187,2068,101397,0.879368,0,2,497130,495062,2068
17718661,26.4088,0.724664,2092,99463,0.872431,0,2,497154,495062,2092
17718661,26.1077,0.634081,2116,97528,0.865188,0,2,497178,495062,2116
17718661,25.8442,0.554821,2140,97054,0.859669,0,2,497202,495062,2140
17718661,25.6137,0.485468,2164,93659,0.855702,0,2,497226,495062,2164
17718661,25.412,0.424785,2188,91725,0.851132,0,2,497250,495062,2188
17718661,25.2355,0.371686,2212,91250,0.848019,0,2,497274,495062,2212
17718661,25.081,0.325226,2236,87856,0.846217,0,2,497298,495062,2236
17718661,24.9459,0.284572,2260,85921,0.843595,0,2,497322,495062,2260
17718661,24.8277,0.249001,2284,85447,0.842236,0,2,497346,495062,2284
17718661,24.7242,0.217876,2308,82052,0.841012,0,2,497370,495062,2308
17718661,24.6337,0.190641,2332,78840,0.839911,0,2,497394,495062,2332
17718661,24.5545,0.166811,2356,78840,0.83892,0,2,497418,495062,2356
17718661,24.4852,0.14596,2380,75920,0.838028,0,2,497442,495062,2380
17718661,24.4245,0.127715,2404,75920,0.837225,0,2,497466,495062,2404
17718661,24.3715,0.11175,2428,75920,0.836503,0,2,497490,495062,2428
17718661,24.325,0.0977816,2452,75920,0.835852,0,2,497514,495062,2452
17718661,24.2844,0.0855589,2476,75920,0.835267,0,2,497538,495062,2476
17718661,24.2488,0.0748641,2500,75920,0.83474,0,2,497562,495062,2500
17718661,24.2177,0.0655061,2524,75920,0.834266,0,2,497586,495062,2524
17718661,24.1905,0.0573178,2548,75920,0.83384,0,2,497610,495062,2548
17718661,24.1667,0.0501531,2572,75920,0.833456,0,2,497634,495062,2572
17718661,24.1459,0.0438839,2596,75920,0.83211,0,2,497658,495062,2596
17718661,24.1276,0.0383984,2620,75380,0.830899,0,2,497682,495062,2620
17718661,24.1117,0.0335986,2644,75380,0.829809,0,2,497706,495062,2644
17718661,24.0977,0.0293988,2668,75380,0.828828,0,2,497730,495062,2668
17718661,24.0855,0.025724,2692,75380,0.827945,0,2,497754,495062,2692
17718661,24.0748,0.0225085,2716,75380,0.827151,0,2,497778,495062,2716
17718661,24.0655,0.0196949,2740,75380,0.826436,0,2,497802,495062,2740
17718661,24.0573,0.017233,2764,75380,0.825792,0,2,497826,495062,2764
17718661,24.0501,0.0150789,2788,75380,0.824213,0,2,497850,495062,2788
17718661,24.0439,0.013194,2812,75380,0.821792,0,2,497874,495062,2812
17718661,24.0384,0.0115448,2836,75380,0.820613,0,2,497898,495062,2836
17718661,24.0336,0.0101017,2860,75380,0.820551,0,2,497922,495062,2860
17718661,24.0294,0.00883898,2884,75380,0.819496,0,2,497946,495062,2884
17718661,24.0257,0.00773411,2908,75380,0.819547,0,2,497970,495062,2908
17718661,24.0225,0.00676734,2932,75380,0.819592,0,2,497994,495062,2932
17718661,24.0197,0.00592143,2956,75380,0.819633,0,2,498018,495062,2956
17718661,24.0172,0.00518125,2980,75380,0.819669,0,2,498042,495062,2980
17718661,24.0151,0.00453359,3004,75380,0.819703,0,2,498066,495062,3004
17718661,24.0132,0.00396689,3028,75380,0.819732,0,2,498090,495062,3028
17718661,24.0115,0.00347103,3052,75380,0.819759,0,2,498114,495062,3052
17718661,24.0101,0.00303715,3076,75380,0.819783,0,2,498138,495062,3076
17718661,24.0088,0.00265751,3100,75380,0.819805,0,2,498162,495062,3100
17718661,24.0077,0.00232532,3124,75380,0.819824,0,2,498186,495062,3124
17718661,24.0068,0.00203466,3148,75380,0.819842,0,2,498210,495062,3148
17734721,24.0059,216.377,1441,75380,0.819858,0.85,2,498234,496793,1441
17734721,24.0052,189.33,1465,78840,0.823872,0,2,498258,496793,1465
17734721,24.0045,165.663,1489,78300,0.827485,0,2,498282,496793,1489
17734721,24.004,144.956,1513,78300,0.830736,0,2,498306,496793,1513
17734721,24.0035,126.836,1537,78300,0.833663,0,2,498330,496793,1537
17734721,24.003,110.982,1561,78300,0.836296,0,2,498354,496793,1561
17737641,24.0027,127.234,1344,78300,0.838667,0.83,2,498378,497034,1344
17740561,24.0023,114.33,1344,78840,0.8408,0.81,2,498402,497058,1344
17744941,24.002,106.038,1320,78840,0.84272,0.8,2,498426,497106,1320
17747861,24.0018,95.7836,1320,78840,0.844448,0.8,2,498450,497130,1320
17752241,24.0016,89.8107,1296,78840,0.846003,0.81,2,498474,497178,1296
17753701,24.0014,81.5843,1296,78840,0.847403,0.81,2,498498,497202,1296
17756621,24.0012,77.3863,1272,78840,0.848663,0.82,2,498522,497250,1272
17761001,24.001,70.713,1272,78840,0.848796,0.82,2,498546,497274,1272
17762461,24.0009,67.8739,1248,78840,0.848917,0.83,2,498570,497322,1248
17765381,24.0008,62.3897,1248,78840,0.849025,0.83,2,498594,497346,1248
17769761,24.0007,57.5909,1248,78840,0.849123,0.83,2,498618,497370,1248
17771221,24.0006,53.3921,1248,78840,0.84921,0.83,2,498642,497394,1248
17774141,24.0005,49.7181,1248,78840,0.850289,0.83,2,498666,497418,1248
17775601,24.0005,46.5033,1248,78840,0.85126,0.83,2,498690,497442,1248
17779981,23.8754,43.6904,1247,78840,0.852134,0.83,2,498713,497466,1247
17781441,23.891,41.2291,1247,78840,0.852921,0.83,2,498737,497490,1247
17842761,23.9046,39.0755,1247,78840,0.853629,0.85,2,498761,497514,1247
17845681,26.9165,37.191,1271,80300,0.850266,0.85,2,498809,497538,1271
17848601,29.552,38.5421,1271,81760,0.843239,0.85,2,498857,497586,1271
17849521,30.733,39.7244,1262,83220,0.832915,0.86,2,498896,497634,1262
17849521,29.8914,34.7588,1286,83220,0.821624,0,2,498920,497634,1286
17849521,29.1549,30.414,1310,83220,0.809461,0,2,498944,497634,1310
17849521,28.5106,26.6122,1334,83220,0.796515,0,2,498968,497634,1334
17849521,27.9467,23.2857,1358,83220,0.782864,0,2,498992,497634,1358
17849521,27.4534,20.375,1382,83220,0.768577,0,2,499016,497634,1382
17849521,27.0217,17.8281,1406,83220,0.75372,0,2,499040,497634,1406
17849521,26.644,15.5996,1430,83220,0.738348,0,2,499064,497634,1430
17849521,26.3135,13.6497,1454,83220,0.722513,0,2,499088,497634,1454
17849521,26.0243,11.9434,1478,83220,0.706262,0,2,499112,497634,1478
17849521,24.7949,4.69014,1646,83220,0.583863,0,1,499280,497634,1646
17849521,24.6956,4.10387,1670,83220,0.565477,0,1,499304,497634,1670
17849521,24.6086,3.59089,1694,83220,0.546929,0,1,499328,497634,1694
17849521,24.5325,3.14203,1718,83220,0.528236,0,1,499352,497634,1718
17849521,24.466,2.74928,1742,83220,0.509413,0,1,499376,497634,1742
17849521,24.4077,2.40562,1766,83220,0.490471,0,1,499400,497634,1766
17849521,24.3568,2.10491,1790,83220,0.471424,0,1,499424,497634,1790
17849521,24.3122,1.8418,1814,83220,0.452282,0,1,499448,497634,1814
17849521,24.2731,1.61157,1838,83220,0.433054,0,1,499472,497634,1838
17849521,24.239,1.41013,1862,83220,0.413748,0,1,499496,497634,1862
17849521,24.2091,1.23386,1886,83220,0.394373,0,1,499520,497634,1886
17849521,24.183,1.07963,1910,83220,0.374936,0,1,499544,497634,1910
17852441,27.1601,81.9447,1310,83220,0.354442,0.86,1,499592,498282,1310
17855361,29.7651,77.7016,1310,84680,0.331998,0.86,1,499640,498330,1310
17858281,32.0445,73.9889,1310,86140,0.307798,0.86,1,499688,498378,1310
17861201,34.0389,70.7403,1310,86140,0.282019,0.86,1,499736,498426,1310
17864121,35.784,67.8977,1310,86140,0.254817,0.86,1,499784,498474,1310
17865121,36.311,65.4105,1302,86140,0.229335,0,1,499824,498522,1302
17865121,34.7722,57.2342,1326,87600,0.206402,0,1,499848,498522,1326
17865121,33.4256,50.0799,1350,87600,0.185761,0,1,499872,498522,1350
17865121,32.2474,43.8199,1374,87600,0.167185,0,1,499896,498522,1374
17865121,31.2165,38.3425,1398,87600,0.150467,0,1,499920,498522,1398
17865121,30.3144,33.5496,1422,87600,0.13542,0,1,499944,498522,1422
17865121,29.5251,29.3559,1446,87600,0.121878,0,1,499968,498522,1446
17865121,28.8345,25.6864,1470,87600,0.10969,0,1,499992,498522,1470
17865121,28.2302,22.4756,1494,87600,0.0987212,0,1,500016,498522,1494
17868041,337.701,485.666,270,87600,0.185849,0,1,502520,502250,270
17870961,301.489,424.958,318,87600,0.264264,0,1,502568,502250,318
17873881,269.803,371.838,366,87600,0.334838,0,1,502616,502250,366
17876801,242.077,325.358,414,87600,0.398354,0,1,502664,502250,414
17879721,217.818,284.689,462,87600,0.455519,0,1,502712,502250,462
17882641,196.59,249.103,510,89060,0.508967,0,1,502760,502250,510
17885561,178.017,217.965,558,89060,0.55707,0,1,502808,502250,558
17897241,124.213,127.767,750,90520,0.706955,0,2,503000,502250,750
17900161,114.687,111.796,798,90520,0.736259,0,2,503048,502250,798
17903081,106.351,97.8215,846,90520,0.762633,0,2,503096,502250,846
17906001,99.057,85.5938,894,90520,0.78637,0,2,503144,502250,894
17908921,92.6749,74.8946,942,90520,0.807733,0,2,503192,502250,942
17911841,87.0905,65.5328,990,91980,0.82696,0,2,503240,502250,990
17914761,82.2042,57.3412,1038,91980,0.844264,0,2,503288,502250,1038
17917681,77.9287,50.1735,1086,91980,0.859837,0,2,503336,502250,1086
17920601,74.1876,43.9018,1134,91980,0.873854,0,2,503384,502250,1134
17923521,70.9141,38.4141,1182,91980,0.886468,0,2,503432,502250,1182
17926441,68.0499,33.6124,1230,93440,0.891821,0,2,503480,502250,1230
17929361,65.5436,29.4108,1278,93440,0.898639,0,2,503528,502250,1278
17932281,63.3507,25.7345,1326,93440,0.906775,0,2,503576,502250,1326
17935201,61.4318,22.5177,1374,93440,0.916098,0,2,503624,502250,1374
17938121,59.7529,19.7029,1422,93440,0.924488,0,2,503672,502250,1422
17941041,58.2838,17.2401,1470,94900,0.932039,0,2,503720,502250,1470
17943961,56.9983,15.0851,1518,94900,0.938835,0,2,503768,502250,1518
17946881,55.8735,13.1994,1566,94900,0.944952,0,2,503816,502250,1566
17989221,26.6321,4.60289,1897,90281,0.942448,0,2,504945,503048,1897
17989221,26.3031,4.02753,1921,89813,0.934204,0,2,504969,503048,1921
17989221,26.0152,3.52408,1945,89345,0.925783,0,2,504993,503048,1945
17989221,25.7633,3.08357,1969,88877,0.919205,0,2,505017,503048,1969
17989221,25.5429,2.69813,1993,88409,0.909284,0,2,505041,503048,1993
17989221,25.35,2.36086,2017,87941,0.899356,0,2,505065,503048,2017
17989221,25.1813,2.06575,2041,87473,0.89142,0,2,505089,503048,2041
17989221,25.0336,1.80753,2065,87005,0.882278,0,2,505113,503048,2065
17989221,24.9044,1.58159,2089,86537,0.87505,0,2,505137,503048,2089
17989221,24.7914,1.38389,2113,86069,0.869545,0,2,505161,503048,2113
17989221,24.6924,1.21091,2137,85601,0.863591,0,2,505185,503048,2137
17989221,24.6059,1.05954,2161,85133,0.859232,0,2,505209,503048,2161
17989221,24.5302,0.927101,2185,84665,0.856309,0,2,505233,503048,2185
17989221,24.4639,0.811213,2209,84197,0.854678,0,2,505257,503048,2209
17989221,24.4059,0.709811,2233,83729,0.85121,0,2,505281,503048,2233
17989221,24.3552,0.621085,2257,81801,0.848089,0,2,505305,503048,2257
17989221,24.3108,0.543449,2281,81333,0.84528,0,2,505329,503048,2281
17989221,24.2719,0.475518,2305,80865,0.840752,0,2,505353,503048,2305
17989221,24.2379,0.416078,2329,80397,0.835677,0,2,505377,503048,2329
17989221,24.2082,0.364069,2353,79929,0.828109,0,2,505401,503048,2353
17989221,24.1822,0.31856,2377,78001,0.818298,0,2,505425,503048,2377
17989221,24.1594,0.27874,2401,77533,0.810468,0,2,505449,503048,2401
17989221,23.0145,0.243898,2416,77065,0.801422,0,2,505464,503048,2416
17989221,23.1377,0.21341,2440,77065,0.790279,0,2,505488,503048,2440
17989221,23.2455,0.186734,2464,74836,0.781251,0,2,505512,503048,2464
17989221,23.3398,0.163392,2488,74368,0.774126,0,2,505536,503048,2488
17989221,23.4223,0.142968,2512,73900,0.764714,0,2,505560,503048,2512
17989221,23.4945,0.125097,2536,73432,0.757242,0,2,505584,503048,2536
17989221,23.5577,0.10946,2560,71360,0.746518,0,2,505608,503048,2560
17989221,23.613,0.0957776,2584,70080,0.733866,0,2,505632,503048,2584
17989221,23.6614,0.0838054,2608,69900,0.72348,0,2,505656,503048,2608
17989221,23.7037,0.0733297,2632,69900,0.713132,0,2,505680,503048,2632
17989221,23.7407,0.0641635,2656,69900,0.702819,0,2,505704,503048,2656
18034481,23.988,59.6511,1431,69900,0.702663,0,2,506256,504825,1431
18034481,23.9895,52.1947,1455,69900,0.707397,0,2,506280,504825,1455
18034481,23.9908,45.6703,1479,69900,0.711657,0,2,506304,504825,1479
18034481,23.9919,39.9615,1503,69900,0.715491,0,2,506328,504825,1503
18034481,23.993,34.9664,1527,69900,0.718942,0,2,506352,504825,1527
18034481,23.9938,30.5956,1551,69900,0.722048,0,2,506376,504825,1551
18034481,23.9946,26.7711,1575,69900,0.724843,0,2,506400,504825,1575
18034481,23.9953,23.4247,1599,69900,0.727359,0,2,506424,504825,1599
18043241,23.9959,77.4966,1167,69900,0.729623,0.79,2,506448,505281,1167
18043241,23.9964,67.8096,1191,70080,0.731661,0,2,506472,505281,1191
18043241,23.6218,59.3334,1212,69900,0.733495,0,2,506493,505281,1212
18049081,23.6691,63.9167,1140,69900,0.733145,0.73,2,506517,505377,1140
18069001,23.7105,61.9271,1116,70080,0.734831,0.61,2,506541,505425,1116
18069001,23.7467,54.1862,1140,59860,0.736347,0,2,506565,505425,1140
18069001,23.7783,47.4129,1164,59860,0.735713,0,2,506589,505425,1164
18069001,23.806,41.4863,1188,59860,0.733141,0,2,506613,505425,1188
18069001,23.8303,36.3005,1212,59860,0.728827,0,2,506637,505425,1212
18069001,23.8515,31.763,1236,59860,0.722945,0,2,506661,505425,1236
18069001,23.8701,27.7926,1260,59860,0.71565,0,2,506685,505425,1260
18069001,23.8863,24.3185,1284,59860,0.707085,0,2,506709,505425,1284
18077761,23.913,49.1345,1053,70080,0.709639,0,2,506757,505704,1053
18077761,23.9238,42.9927,1077,70080,0.718675,0,2,506781,505704,1077
18077761,23.9334,37.6186,1101,70080,0.724808,0,2,506805,505704,1101
18077761,23.9417,32.9163,1125,70080,0.728327,0,2,506829,505704,1125
18082141,23.949,43.8017,1029,70080,0.729494,0.64,2,506853,505824,1029
18082141,23.9554,38.3265,1053,69560,0.732545,0,2,506877,505824,1053
18086521,23.8359,39.5357,1028,69560,0.73329,0.64,2,506900,505872,1028
18086521,23.8564,34.5937,1052,69540,0.735961,0,2,506924,505872,1052
18087981,23.8744,36.2695,1028,69540,0.736365,0.64,2,506948,505920,1028
18119921,23.8901,34.7358,1028,68100,0.734729,0.61,2,506972,505944,1028
18119921,23.9038,30.3939,1052,71540,0.731256,0,2,506996,505944,1052
18119921,23.9158,26.5946,1076,71540,0.72613,0,2,507020,505944,1076
18119921,23.9264,23.2703,1100,71540,0.719517,0,2,507044,505944,1100
18119921,23.9356,20.3615,1124,71540,0.711565,0,2,507068,505944,1124
18119921,23.9436,17.8163,1148,71540,0.702409,0,2,507092,505944,1148
18137441,37.2068,31.9379,1172,77380,0.577663,0.75,1,507404,506232,1172
18140361,38.5559,33.9457,1172,77380,0.551897,0.75,1,507452,506280,1172
18143281,39.7364,35.7025,1172,78840,0.524707,0.75,1,507500,506328,1172
18146201,40.7694,37.2397,1172,78840,0.496236,0.75,1,507548,506376,1172
18149121,41.6732,38.5847,1172,80300,0.466613,0.75,1,507596,506424,1172
18152041,42.4641,39.7616,1172,80300,0.436951,0.73,1,507644,506472,1172
18154961,43.1561,40.4164,1175,80300,0.406256,0.61,1,507692,506517,1175
18157881,43.7615,62.3644,1007,81760,0.374631,0.61,1,507740,506733,1007
18160801,44.2914,54.5688,1055,81760,0.342168,0.61,1,507788,506733,1055
18163721,44.7549,47.7477,1103,81760,0.308951,0.61,1,507836,506733,1103
18164641,44.0356,41.7793,1142,81760,0.278056,0,1,507875,506733,1142
18164641,41.5311,36.5568,1166,83220,0.25025,0,1,507899,506733,1166
18164641,39.3397,31.9872,1190,83220,0.225225,0,1,507923,506733,1190
18164641,37.4223,27.9888,1214,83220,0.202703,0,1,507947,506733,1214
18164641,35.7445,24.4902,1238,83220,0.182432,0,1,507971,506733,1238
18164641,34.2764,21.429,1262,83220,0.164189,0,1,507995,506733,1262
18164641,32.9919,18.7503,1286,83220,0.14777,0,1,508019,506733,1286
18164641,31.8679,16.4065,1310,83220,0.132993,0,1,508043,506733,1310
18164641,30.8844,14.3557,1334,83220,0.119694,0,1,508067,506733,1334
18167561,187.524,306.061,270,83220,0.198724,0,1,509351,509081,270
18170481,170.083,267.804,318,83220,0.269852,0,1,509399,509081,318
18173401,154.823,234.328,366,84680,0.335867,0,1,509447,509081,366
18176321,141.47,205.037,414,84680,0.39528,0,1,509495,509081,414
18179241,129.786,179.407,462,84680,0.448752,0,1,509543,509081,462
18182161,119.563,156.982,510,86140,0.498877,0,1,509591,509081,510
18185081,110.618,137.359,558,86140,0.543989,0,1,509639,509081,558
18188001,102.79,120.189,606,87600,0.58659,0,1,509687,509081,606
18199681,80.1172,70.4526,798,89060,0.722245,0,2,509879,509081,798
18202601,76.1025,61.646,846,89060,0.74902,0,2,509927,509081,846
18205521,72.5897,53.9403,894,89060,0.773118,0,2,509975,509081,894
18208441,69.516,47.1977,942,90520,0.795807,0,2,510023,509081,942
18211361,66.8265,41.298,990,90520,0.816226,0,2,510071,509081,990
18214281,64.4732,36.1358,1038,90520,0.834603,0,2,510119,509081,1038
18217201,62.414,31.6188,1086,90520,0.851143,0,2,510167,509081,1086
18220121,60.6123,27.6664,1134,91980,0.866029,0,2,510215,509081,1134
18223041,59.0357,24.2081,1182,91980,0.879426,0,2,510263,509081,1182
18225961,57.6563,21.1821,1230,91980,0.887483,0,2,510311,509081,1230
18228881,56.4492,18.5344,1278,91980,0.896735,0,2,510359,509081,1278
18231801,55.3931,16.2176,1326,91980,0.907061,0,2,510407,509081,1326
18234721,54.4689,14.1904,1374,93440,0.916355,0,2,510455,509081,1374
18237641,53.6603,12.4166,1422,93440,0.92472,0,2,510503,509081,1422
18240561,52.9528,10.8645,1470,93440,0.932248,0,2,510551,509081,1470
18243481,52.3337,9.50644,1518,93440,0.939023,0,2,510599,509081,1518
18246401,51.792,8.31813,1566,93440,0.945121,0,2,510647,509081,1566
18300421,28.8944,8.71825,1776,90177,0.947196,0,2,511847,510071,1776
18300421,28.2826,7.62846,1800,89705,0.939477,0,2,511871,510071,1800
18300421,27.7473,6.67491,1824,89232,0.933529,0,2,511895,510071,1824
18300421,27.2789,5.84054,1848,88760,0.925176,0,2,511919,510071,1848
18300421,26.869,5.11048,1872,88288,0.918658,0,2,511943,510071,1872
18300421,26.5104,4.47167,1896,87815,0.911793,0,2,511967,510071,1896
18300421,26.3216,3.91271,1921,87343,0.904613,0,2,511992,510071,1921
18300421,26.0314,3.42362,1945,86870,0.897152,0,2,512016,510071,1945
18300421,25.7775,2.99567,1969,86398,0.891437,0,2,512040,510071,1969
18300421,25.5553,2.62121,1993,84466,0.883293,0,2,512064,510071,1993
18300421,25.3609,2.29356,2017,83993,0.876964,0,2,512088,510071,2017
18300421,25.1908,2.00686,2041,83521,0.870267,0,2,512112,510071,2041
18300421,25.0419,1.756,2065,83049,0.863241,0,2,512136,510071,2065
18300421,24.9117,1.5365,2089,82576,0.855917,0,2,512160,510071,2089
18300421,24.7977,1.34444,2113,80644,0.850325,0,2,512184,510071,2113
18300421,24.698,1.17639,2137,80172,0.841293,0,2,512208,510071,2137
18300421,24.6108,1.02934,2161,78239,0.832163,0,2,512232,510071,2161
18300421,24.5344,0.900671,2185,77767,0.824947,0,2,512256,510071,2185
18300421,24.4676,0.788087,2209,75835,0.815452,0,2,512280,510071,2209
18300421,24.4092,0.689576,2233,75362,0.807907,0,2,512304,510071,2233
18300421,24.358,0.603379,2257,73430,0.802116,0,2,512328,510071,2257
18300421,24.3133,0.527957,2281,72958,0.795905,0,2,512352,510071,2281
18300421,24.2741,0.461962,2305,71025,0.791314,0,2,512376,510071,2305
18300421,24.2398,0.404217,2329,70553,0.786183,0,2,512400,510071,2329
18300421,24.2099,0.35369,2353,70080,0.782564,0,2,512424,510071,2353
18300421,24.1836,0.309478,2377,69608,0.776308,0,2,512448,510071,2377
18300421,24.1607,0.270794,2401,67160,0.769677,0,2,512472,510071,2401
18300421,24.1406,0.236944,2425,67160,0.762709,0,2,512496,510071,2425
18300421,24.123,0.207326,2449,67160,0.757439,0,2,512520,510071,2449
18300421,24.1076,0.181411,2473,67160,0.751695,0,2,512544,510071,2473
18300421,24.0942,0.158734,2497,67160,0.747525,0,2,512568,510071,2497
18300421,24.0824,0.138892,2521,67160,0.742773,0,2,512592,510071,2521
18300421,24.0721,0.121531,2545,67160,0.738495,0,2,512616,510071,2545
18300421,24.0631,0.10634,2569,66220,0.733646,0,2,512640,510071,2569
18300421,24.0552,0.0930471,2593,66220,0.728281,0,2,512664,510071,2593
18300421,24.0483,0.0814162,2617,66220,0.721453,0,2,512688,510071,2617
18300421,24.0423,0.0712392,2641,66220,0.716308,0,2,512712,510071,2641
18300421,24.037,0.0623343,2665,66220,0.711677,0,2,512736,510071,2665
18300421,24.0324,0.0545425,2689,66220,0.708509,0,2,512760,510071,2689
18300421,24.0283,0.0477247,2713,66220,0.706658,0,2,512784,510071,2713
18300421,24.0248,0.0417591,2737,66220,0.705993,0,2,512808,510071,2737
18300421,24.0217,0.0365392,2761,66220,0.705393,0,2,512832,510071,2761
18300421,24.019,0.0319718,2785,66220,0.704854,0,2,512856,510071,2785
18300421,24.0166,0.0279753,2809,66220,0.704369,0,2,512880,510071,2809
18300421,24.0145,0.0244784,2833,66220,0.703932,0,2,512904,510071,2833
18300421,24.0127,0.0214186,2857,66220,0.703539,0,2,512928,510071,2857
18300421,24.0111,0.0187413,2881,66220,0.703185,0,2,512952,510071,2881
18300421,24.0097,0.0163986,2905,66220,0.702866,0,2,512976,510071,2905
18300421,24.0085,0.0143488,2929,66220,0.70258,0,2,513000,510071,2929
18328161,24.0074,192.013,1417,66220,0.702322,0.81,2,513024,511607,1417
18328161,24.0065,168.011,1441,67160,0.702089,0,2,513048,511607,1441
18328161,24.0057,147.01,1465,66220,0.701881,0,2,513072,511607,1465
18328161,24.005,128.633,1489,66220,0.701693,0,2,513096,511607,1489
18328161,24.0044,112.554,1513,66220,0.701523,0,2,513120,511607,1513
18328161,24.0038,98.485,1537,66220,0.701371,0,2,513144,511607,1537
18328161,24.0033,86.1743,1561,66220,0.701234,0,2,513168,511607,1561
18328161,24.0029,75.4025,1585,66220,0.70111,0,2,513192,511607,1585
18328161,24.0026,65.9772,1609,66220,0.700999,0,2,513216,511607,1609
18328161,24.0022,57.7301,1633,66220,0.700899,0,2,513240,511607,1633
18328161,24.002,50.5138,1657,66220,0.700809,0,2,513264,511607,1657
18328161,24.0017,44.1996,1681,66220,0.700729,0,2,513288,511607,1681
18336921,24.0015,95.7996,1248,66220,0.700656,0.79,2,513312,512064,1248
18336921,24.0013,83.8247,1272,67160,0.70059,0,2,513336,512064,1272
18336921,24.0011,73.3466,1296,66220,0.700531,0,2,513360,512064,1296
18341301,24.001,76.1783,1224,66220,0.700478,0.76,2,513384,512160,1224
18345681,24.0009,72.656,1200,67160,0.70043,0.73,2,513408,512208,1200
18345681,24.0008,63.574,1224,67160,0.700387,0,2,513432,512208,1224
18350061,24.0007,64.6272,1176,66220,0.700348,0.74,2,513456,512280,1176
18354441,23.8756,59.5488,1175,67160,0.701314,0.74,2,513479,512304,1175
18420141,23.8911,58.1052,1151,67160,0.702182,0.75,2,513503,512352,1151
18423061,26.9047,53.8421,1175,68620,0.731964,0.71,2,513551,512376,1175
18425981,29.5417,59.1118,1127,70080,0.754768,0.71,2,513599,512472,1127
18428901,31.8489,57.7228,1127,71540,0.771291,0.71,2,513647,512520,1127
18430881,31.9928,56.5075,1112,73000,0.782162,0.7,2,513680,512568,1112
18430881,30.9937,49.4441,1136,73000,0.789946,0,2,513704,512568,1136
18430881,30.1195,43.2635,1160,73000,0.794951,0,2,513728,512568,1160
18430881,29.3546,37.8556,1184,73000,0.797456,0,2,513752,512568,1184
18430881,28.6852,33.1237,1208,73000,0.79771,0,2,513776,512568,1208
18430881,28.0996,28.9832,1232,73000,0.795939,0,2,513800,512568,1232
18430881,27.5871,25.3603,1256,73000,0.792345,0,2,513824,512568,1256
18430881,27.1388,22.1903,1280,73000,0.787111,0,2,513848,512568,1280
18430881,26.7464,19.4165,1304,73000,0.7804,0,2,513872,512568,1304
18430881,26.4031,16.9894,1328,73000,0.77236,0,2,513896,512568,1328
18430881,26.1027,14.8657,1352,73000,0.763124,0,2,513920,512568,1352
18430881,25.8399,13.0075,1376,73000,0.752811,0,2,513944,512568,1376
18430881,25.6099,11.3816,1400,73000,0.74153,0,2,513968,512568,1400
18430881,25.4087,9.95888,1424,73000,0.729377,0,2,513992,512568,1424
18430881,25.2326,8.71402,1448,73000,0.716439,0,2,514016,512568,1448
18430881,25.0785,7.62477,1472,73000,0.702796,0,2,514040,512568,1472
18439641,32.3454,62.4786,1112,74460,0.581419,0.7,1,514280,513168,1112
18442561,34.3022,60.6688,1112,75920,0.557277,0.7,1,514328,513216,1112
18445481,36.0144,59.0852,1112,75920,0.53155,0.7,1,514376,513264,1112
18448401,37.5126,57.6995,1112,75920,0.504395,0.7,1,514424,513312,1112
18451321,38.8236,56.4871,1112,75920,0.475955,0.7,1,514472,513360,1112
18454241,39.9706,55.4262,1112,75920,0.50836,0.7,1,514520,513408,1112
18457161,40.9743,54.4979,1112,75920,0.537524,0.71,1,514568,513456,1112
18460081,41.8525,53.5607,1113,75920,0.563771,0.71,1,514616,513503,1113
18463001,42.6209,46.8656,1161,77380,0.589394,0.71,1,514664,513503,1161
18482261,43.5127,18.4039,1478,77380,0.710171,0.22,2,514981,513503,1478
18485181,44.0736,139.103,542,78840,0.724153,0.22,2,515029,514487,542
18488101,44.5644,121.716,590,78840,0.736738,0.22,2,515077,514487,590
18491021,44.9938,106.501,638,78840,0.748064,0.22,2,515125,514487,638
18493941,45.3696,93.1884,686,78840,0.758258,0.22,2,515173,514487,686
18496861,45.6984,81.5399,734,78840,0.767432,0.22,2,515221,514487,734
18499781,45.9861,71.3474,782,78840,0.775689,0.22,2,515269,514487,782
18502701,46.2378,62.429,830,78840,0.78312,0.22,2,515317,514487,830
18505621,46.4581,54.6254,878,78840,0.789808,0.22,2,515365,514487,878
18508541,46.6508,47.7972,926,78840,0.795827,0.22,2,515413,514487,926
18511461,46.8195,41.8225,974,78840,0.801244,0.22,2,515461,514487,974
18514381,46.9671,36.5947,1022,78840,0.80612,0.22,2,515509,514487,1022
18517301,47.0962,32.0204,1070,78840,0.810508,0.22,2,515557,514487,1070
18520221,47.2092,28.0178,1118,78840,0.814457,0.22,2,515605,514487,1118
18523141,47.308,24.5156,1166,80300,0.820011,0.22,2,515653,514487,1166
18526061,47.3945,21.4512,1214,80300,0.82501,0.8,2,515701,514487,1214
18528981,47.4702,22.8948,1229,80300,0.829509,0.8,2,515749,514520,1229
18531901,47.5364,26.0329,1229,80300,0.833558,0.8,2,515797,514568,1229
18534821,47.5944,28.7788,1229,80300,0.837203,0.8,2,515845,514616,1229
18537741,47.6451,25.1814,1277,80300,0.840482,0.82,2,515893,514616,1277
18540661,47.6894,28.0338,1277,80300,0.843434,0.81,2,515941,514664,1277
18543581,47.7283,30.5295,1277,80300,0.846091,0.82,2,515989,514712,1277
18546501,47.7622,32.7134,1277,80300,0.848482,0.82,2,516037,514760,1277
18549421,47.7919,34.6242,1277,80300,0.850633,0.82,2,516085,514808,1277
18552341,47.818,36.2962,1277,80300,0.85257,0.82,2,516133,514856,1277
18555261,47.8407,37.7591,1277,80300,0.854313,0.82,2,516181,514904,1277
18558181,47.8606,39.0392,1277,80300,0.855882,0.83,2,516229,514952,1277
18561101,47.878,37.7843,1296,80300,0.857294,0.85,2,516277,514981,1296
18564021,47.8933,39.0613,1296,80300,0.858564,0.85,2,516325,515029,1296
18566941,47.9066,40.1786,1296,80300,0.859708,0.85,2,516373,515077,1296
18569861,47.9183,41.1563,1296,80300,0.860737,0.85,2,516421,515125,1296
18572781,47.9285,42.0118,1296,80300,0.861663,0.85,2,516469,515173,1296
18575701,47.9374,42.7603,1296,80300,0.862497,0.85,2,516517,515221,1296
18578621,47.9453,43.4153,1296,80300,0.863247,0.85,2,516565,515269,1296
18581541,47.9521,43.9884,1296,80300,0.863923,0.85,2,516613,515317,1296
18584461,47.9581,44.4898,1296,80300,0.86453,0.85,2,516661,515365,1296
18587381,47.9633,44.9286,1296,80300,0.865077,0.85,2,516709,515413,1296
18590301,47.9679,45.3125,1296,80300,0.86557,0.85,2,516757,515461,1296
18593221,47.9719,45.6484,1296,80300,0.866013,0.85,2,516805,515509,1296
18596141,47.9754,45.9424,1296,80300,0.866411,0.85,2,516853,515557,1296
18599061,47.9785,46.1996,1296,80300,0.86677,0.85,2,516901,515605,1296
18601981,47.9812,40.4246,1344,80300,0.867093,0.87,2,516949,515605,1344
18604901,47.9835,41.3716,1344,81760,0.869384,0.87,2,516997,515653,1344
18607821,47.9856,42.2001,1344,81760,0.871445,0.87,2,517045,515701,1344
18610741,47.9874,42.9251,1344,81760,0.873301,0.87,2,517093,515749,1344
18613661,47.989,43.5595,1344,81760,0.874971,0.87,2,517141,515797,1344
18616581,47.9904,44.1145,1344,81760,0.876474,0.87,2,517189,515845,1344
18619501,47.9916,44.6002,1344,81760,0.877826,0.87,2,517237,515893,1344
18622421,47.9926,45.0252,1344,81760,0.879044,0.87,2,517285,515941,1344
18625341,47.9935,45.397,1344,81760,0.880139,0.87,2,517333,515989,1344
18628261,47.9943,45.7224,1344,81760,0.881125,0.87,2,517381,516037,1344
18631181,47.9951,46.0071,1344,81760,0.882013,0.87,2,517429,516085,1344
18634101,47.9957,46.2562,1344,81760,0.882812,0.87,2,517477,516133,1344
18637021,47.9962,46.4742,1344,81760,0.88353,0.87,2,517525,516181,1344
18639941,47.9967,46.6649,1344,81760,0.884177,0.87,2,517573,516229,1344
18642861,47.9971,46.8318,1344,81760,0.88476,0.87,2,517621,516277,1344
18645781,47.9975,46.9778,1344,81760,0.885284,0.87,2,517669,516325,1344
18648701,47.9978,47.1056,1344,83220,0.887755,0.87,2,517717,516373,1344
18651621,47.9981,47.2174,1344,83220,0.88698,0.87,2,517765,516421,1344
18654541,47.9983,47.3152,1344,83220,0.882282,0.87,2,517813,516469,1344
18657461,47.9985,47.4008,1344,83220,0.874054,0.87,2,517861,516517,1344
18660381,47.9987,47.4757,1344,83220,0.862648,0.87,2,517909,516565,1344
18663301,47.9989,47.5413,1344,83220,0.848383,0.87,2,517957,516613,1344
18666221,47.999,47.5986,1344,83220,0.831545,0.87,2,518005,516661,1344
18669141,47.9991,47.6488,1344,83220,0.812391,0.87,2,518053,516709,1344
18672061,47.9992,47.6927,1344,83220,0.791152,0.87,2,518101,516757,1344
18674981,47.9993,47.7311,1344,84680,0.768036,0.87,2,518149,516805,1344
18677901,47.9994,47.7647,1344,84680,0.743233,0.87,2,518197,516853,1344
18680821,47.9995,47.7941,1344,84680,0.716909,0.87,2,518245,516901,1344
18692501,47.9997,47.8793,1344,84680,0.59924,0.89,1,518437,517093,1344
18695421,47.9997,47.8944,1344,86140,0.567316,0.89,1,518485,517141,1344
18698341,47.9998,47.9076,1344,86140,0.534585,0.89,1,518533,517189,1344
18701261,47.9998,47.9192,1344,86140,0.501126,0.89,1,518581,517237,1344
18704181,47.9998,47.9293,1344,86140,0.467014,0.89,1,518629,517285,1344
18707101,47.9998,47.9381,1344,86140,0.432312,0.89,1,518677,517333,1344
18710021,47.9999,47.9458,1344,87600,0.397081,0.89,1,518725,517381,1344
18712941,47.9999,47.9526,1344,87600,0.361373,0.89,1,518773,517429,1344
18715861,47.9999,47.9585,1344,87600,0.325236,0.89,1,518821,517477,1344
18718781,47.9999,47.9637,1344,87600,0.292712,0.89,1,518869,517525,1344
18721701,47.9999,47.9683,1344,87600,0.263441,0.89,1,518917,517573,1344
18724621,47.9999,47.9722,1344,89060,0.237097,0.89,1,518965,517621,1344
18727541,47.9999,47.9757,1344,89060,0.213387,0.89,1,519013,517669,1344
18729361,45.7499,41.9787,1374,89060,0.192048,0,1,519043,517669,1374
18732281,1257.53,1392.23,270,89060,0.271844,0,1,528783,528513,270
18735201,1106.34,1218.2,318,90520,0.344659,0,1,528831,528513,318
18738121,974.047,1065.93,366,91980,0.410193,0,1,528879,528513,366
18741041,858.291,932.686,414,93440,0.469174,0,1,528927,528513,414
18743961,757.005,816.1,462,94900,0.522257,0,1,528975,528513,462
18746881,668.379,714.088,510,96360,0.570031,0,1,529023,528513,510
18758561,411.655,418.585,702,102200,0.717897,0,2,529215,528513,702
18761481,366.198,366.262,750,103660,0.746108,0,2,529263,528513,750
18764401,326.423,320.479,798,105120,0.771497,0,2,529311,528513,798
18767321,291.62,280.419,846,106580,0.794347,0,2,529359,528513,846
18770241,261.168,245.367,894,108040,0.814912,0,2,529407,528513,894
18773161,234.522,214.696,942,109500,0.833421,0,2,529455,528513,942
18776081,211.207,187.859,990,110960,0.850079,0,2,529503,528513,990
18779001,190.806,164.377,1038,112420,0.865071,0,2,529551,528513,1038
18781921,172.955,143.83,1086,113880,0.878564,0,2,529599,528513,1086
18784841,157.336,125.851,1134,115340,0.890708,0,2,529647,528513,1134
18787761,143.669,110.12,1182,116800,0.901637,0,2,529695,528513,1182
18790681,131.71,96.3546,1230,118260,0.911473,0,2,529743,528513,1230
18793601,121.246,84.3103,1278,119720,0.918326,0,2,529791,528513,1278
18796521,112.091,73.7715,1326,121180,0.922493,0,2,529839,528513,1326
18799441,104.079,64.5501,1374,122640,0.924244,0,2,529887,528513,1374
18802361,97.0694,56.4813,1422,124100,0.92382,0,2,529935,528513,1422
18805281,90.9357,49.4211,1470,125560,0.921438,0,2,529983,528513,1470
18808201,85.5687,43.2435,1518,127020,0.911294,0,2,530031,528513,1518
18811121,80.8726,37.8381,1566,128480,0.894164,0,2,530079,528513,1566
18814041,76.7636,33.1083,1614,129940,0.870748,0,2,530127,528513,1614
18816961,73.1681,28.9698,1662,131400,0.841673,0,2,530175,528513,1662
18819881,70.0221,25.3485,1710,132860,0.807506,0.99,2,530223,528513,1710
18822801,67.2693,55.93,1488,134320,0.768755,1,2,530271,528783,1488
18824261,64.8607,54.9387,1488,135780,0.72588,1,2,530319,528831,1488
18824261,48.0611,32.2041,1585,72320,0.56278,0,1,530416,528831,1585
18824261,45.0535,28.1786,1609,72320,0.527502,0,1,530440,528831,1609
18824261,42.4218,24.6562,1633,70860,0.496752,0,1,530464,528831,1633
18824261,40.1191,21.5742,1657,69400,0.470076,0,1,530488,528831,1657
18824261,38.1042,18.8774,1681,67940,0.447069,0,1,530512,528831,1681
18824261,36.3412,16.5178,1705,66480,0.427362,0,1,530536,528831,1705
18824261,34.7985,14.453,1729,65020,0.410626,0,1,530560,528831,1729
18824261,33.4487,12.6464,1753,62100,0.396563,0,1,530584,528831,1753
18824261,32.2676,11.0656,1777,60640,0.384907,0,1,530608,528831,1777
18824261,31.2342,9.68241,1801,57720,0.375416,0,1,530632,528831,1801
18824261,30.3299,8.47211,1825,56260,0.367875,0,1,530656,528831,1825
18824261,29.5387,7.41309,1849,53340,0.362087,0,1,530680,528831,1849
18824261,28.8463,6.48646,1873,50420,0.357878,0,1,530704,528831,1873
18824261,28.2405,5.67565,1897,47500,0.355091,0,1,530728,528831,1897
18824261,27.7105,4.96619,1921,44580,0.353581,0,1,530752,528831,1921
18824261,27.2467,4.34542,1945,44580,0.353223,0,1,530776,528831,1945
18824261,26.8408,3.80224,1969,43120,0.353901,0,1,530800,528831,1969
18824261,26.4857,3.32696,1993,43120,0.355511,0,1,530824,528831,1993
18824261,26.175,2.91109,2017,41660,0.35696,0,1,530848,528831,2017
18824261,25.9031,2.5472,2041,41660,0.358264,0,1,530872,528831,2041
18824261,25.6652,2.2288,2065,41660,0.359437,0,1,530896,528831,2065
18824261,25.4571,1.9502,2089,41660,0.360494,0,1,530920,528831,2089
18824261,25.275,1.70643,2113,41660,0.361444,0,1,530944,528831,2113
18824261,25.1156,1.49312,2137,41660,0.3623,0,1,530968,528831,2137
18824261,24.9761,1.30648,2161,41660,0.36307,0,1,530992,528831,2161
18824261,24.8541,1.14317,2185,41660,0.363763,0,1,531016,528831,2185
18824261,23.3724,1.00028,2198,41660,0.364387,0,1,531029,528831,2198
18830101,23.4508,192.875,686,41660,0.362948,0.24,1,531053,530367,686
18833021,23.5195,171.891,685,43120,0.363653,0.22,1,531077,530392,685
18835941,23.5795,153.404,685,43800,0.366288,0.21,1,531101,530416,685
18838861,23.6321,137.229,685,43120,0.366659,0.22,1,531125,530440,685
18841781,23.6781,123.075,685,43800,0.368993,0.23,1,531149,530464,685
18844701,23.7183,110.691,685,43120,0.369094,0.24,1,531173,530488,685
18846161,23.7535,99.8545,685,43800,0.371184,0.25,1,531197,530512,685
18849081,23.7843,90.3727,685,43120,0.371066,0.26,1,531221,530536,685
18852001,23.8113,82.0761,685,43800,0.372959,0.27,1,531245,530560,685
18853461,23.8349,74.8166,685,43120,0.372663,0.28,1,531269,530584,685
18856381,23.8555,68.4645,685,43800,0.374397,0.29,1,531293,530608,685
18859301,23.8736,62.9065,685,43120,0.373957,0.3,1,531317,530632,685
18860761,23.8894,58.0432,685,43800,0.375562,0.31,1,531341,530656,685
18863681,23.9032,53.7878,685,43120,0.375005,0.32,1,531365,530680,685
18865141,23.9153,50.0643,685,43800,0.376505,0.33,1,531389,530704,685
18868061,23.9259,46.8063,685,43120,0.375854,0.34,1,531413,530728,685
18869521,23.9352,43.9555,685,43800,0.377269,0.35,1,531437,530752,685
18872441,23.9433,41.461,685,43120,0.376542,0.36,1,531461,530776,685
18873901,23.9504,39.2784,685,43800,0.377888,0.37,1,531485,530800,685
18878281,23.9566,37.3686,685,43120,0.377099,0.37,1,531509,530824,685
18882661,23.837,35.6975,684,43800,0.378389,0.37,1,531532,530848,684
18900961,23.8574,34.2353,684,43120,0.37755,0.37,1,531556,530872,684
18900961,23.8752,29.9559,708,96360,0.439795,0,1,531580,530872,708
18903881,26.8908,32.2114,708,96360,0.495816,0.37,1,531628,530920,708
18906801,29.5294,34.185,708,97820,0.546234,0.37,1,531676,530968,708
18909721,31.8383,35.9119,708,99280,0.591611,0.35,1,531724,531016,708
18918481,37.1729,36.2242,743,100740,0.702284,0.37,2,531868,531125,743
18921401,38.5263,37.6961,743,100740,0.732056,0.37,2,531916,531173,743
18924321,39.7105,38.9841,743,100740,0.75885,0.37,2,531964,531221,743
18927241,40.7467,40.1111,743,102200,0.782965,0.37,2,532012,531269,743
18930161,41.6534,41.0972,743,102200,0.804669,0.37,2,532060,531317,743
18933081,42.4467,41.9601,743,102200,0.824202,0.37,2,532108,531365,743
18936001,43.1408,42.7151,743,103660,0.841782,0.37,2,532156,531413,743
18938921,43.7482,43.3757,743,103660,0.857603,0.37,2,532204,531461,743
18941841,44.2797,43.9537,743,105120,0.871843,0.37,2,532252,531509,743
18944761,44.7447,44.3345,744,105120,0.884659,0.37,2,532300,531556,744
18947681,45.1517,38.7927,792,105120,0.896193,0.37,2,532348,531556,792
18950601,45.5077,33.9436,840,106580,0.906574,0.37,2,532396,531556,840
18953521,45.8192,29.7007,888,106580,0.915916,0.37,2,532444,531556,888
18956441,46.0918,25.9881,936,106580,0.924325,0.37,2,532492,531556,936
18959361,46.3304,22.7396,984,108040,0.931892,0.37,2,532540,531556,984
18962281,46.5391,19.8971,1032,108040,0.938703,0.37,2,532588,531556,1032
18965201,46.7217,17.41,1080,109500,0.944833,0.37,2,532636,531556,1080
18973961,47.1436,11.6633,1224,110960,0.946783,0.37,2,532780,531556,1224
18976881,47.2507,10.2054,1272,110960,0.939105,0.37,2,532828,531556,1272
18979801,47.3443,8.92973,1320,110960,0.931194,0.37,2,532876,531556,1320
18982721,47.4263,7.81352,1368,112420,0.926075,0.37,2,532924,531556,1368
18985641,47.498,6.83683,1416,112420,0.921467,0.37,2,532972,531556,1416
18988561,47.5608,5.98222,1464,113880,0.916321,0.37,2,533020,531556,1464
18991481,47.6157,5.23445,1512,113880,0.911689,0.37,2,533068,531556,1512
18994401,47.6637,4.58014,1560,113880,0.90652,0.37,2,533116,531556,1560
18994401,44.7057,4.00762,1584,115340,0.904868,0,2,533140,531556,1584
18994401,42.1175,3.50667,1608,115340,0.904381,0,2,533164,531556,1608
18994401,39.8528,3.06834,1632,115340,0.901943,0,2,533188,531556,1632
18994401,37.8712,2.68479,1656,113880,0.898749,0.88,2,533212,531556,1656
18994401,36.1373,2.34919,1680,112943,0.894874,0,2,533236,531556,1680
18994401,34.7452,2.05555,1705,112475,0.890386,0,2,533261,531556,1705
18994401,33.402,1.7986,1729,112006,0.885348,0,2,533285,531556,1729
18994401,32.2268,1.57378,1753,111537,0.878813,0,2,533309,531556,1753
18994401,31.1984,1.37705,1777,109609,0.871932,0,2,533333,531556,1777
18994401,30.2986,1.20492,1801,109140,0.864738,0,2,533357,531556,1801
18994401,29.5113,1.05431,1825,107211,0.857265,0,2,533381,531556,1825
18994401,28.8224,0.922519,1849,106743,0.851538,0,2,533405,531556,1849
18994401,28.2196,0.807204,1873,104814,0.842384,0,2,533429,531556,1873
18994401,27.6921,0.706304,1897,102885,0.833146,0,2,533453,531556,1897
18994401,27.2306,0.618016,1921,102417,0.825831,0,2,533477,531556,1921
18994401,26.8268,0.540764,1945,100488,0.815248,0,2,533501,531556,1945
18994401,26.4734,0.473168,1969,97100,0.804723,0,2,533525,531556,1969
18994401,26.1643,0.414022,1993,96631,0.796251,0,2,533549,531556,1993
18994401,25.8937,0.362269,2017,94702,0.785626,0,2,533573,531556,2017
18994401,25.657,0.316986,2041,94234,0.777063,0,2,533597,531556,2041
18994401,25.4499,0.277363,2065,90845,0.767357,0,2,533621,531556,2065
18994401,25.2686,0.242692,2089,88916,0.757621,0,2,533645,531556,2089
18994401,25.1101,0.212356,2113,88448,0.749859,0,2,533669,531556,2113
18994401,24.9713,0.185811,2137,85059,0.743873,0,2,533693,531556,2137
18994401,24.8499,0.162585,2161,84590,0.736486,0,2,533717,531556,2161
18994401,24.7437,0.142262,2185,80300,0.729837,0,2,533741,531556,2185
18994401,24.6507,0.124479,2209,77380,0.723854,0,2,533765,531556,2209
18994401,24.5694,0.108919,2233,77380,0.718468,0,2,533789,531556,2233
18994401,24.4982,0.0953043,2257,74460,0.713621,0,2,533813,531556,2257
18994401,24.4359,0.0833912,2281,71540,0.709259,0,2,533837,531556,2281
18994401,24.3814,0.0729673,2305,71540,0.705333,0,2,533861,531556,2305
18994401,24.3338,0.0638464,2329,68620,0.7018,0,2,533885,531556,2329
19019221,24.0061,103.872,1152,77380,0.713363,0.72,2,534605,533453,1152
19022141,24.0053,96.8877,1128,77820,0.729027,0.71,2,534629,533501,1128
19023601,24.0047,87.7767,1128,77380,0.741124,0.69,2,534653,533525,1128
19027981,24.0041,82.8046,1104,77820,0.754012,0.7,2,534677,533573,1104
19032361,24.0036,75.4541,1104,77380,0.763611,0.67,2,534701,533597,1104
19033821,24.0031,72.0223,1080,77820,0.773249,0.68,2,534725,533645,1080
19036741,24.0027,66.0195,1080,78180,0.783924,0.67,2,534749,533669,1080
19041121,24.0024,63.7671,1056,77380,0.791532,0.67,2,534773,533717,1056
19042581,24.0021,58.7962,1056,78180,0.800379,0.67,2,534797,533741,1056
19046961,24.0018,54.4467,1056,77380,0.806341,0.67,2,534821,533765,1056
19048421,24.0016,50.6408,1056,78180,0.813707,0.67,2,534845,533789,1056
19051341,24.0014,47.3107,1056,77380,0.818336,0.67,2,534869,533813,1056
19052801,24.0012,44.3969,1056,78180,0.824503,0.67,2,534893,533837,1056
19057181,24.0011,41.8473,1056,77380,0.828052,0.67,2,534917,533861,1056
19058641,24.0009,39.6164,1056,78180,0.833247,0.67,2,534941,533885,1056
19061561,24.0008,37.6643,1056,77380,0.835922,0.67,2,534965,533909,1056
19063021,24.0007,35.9563,1056,78180,0.84033,0.67,2,534989,533933,1056
19067401,24.0006,34.4617,1056,77380,0.842297,0.67,2,535013,533957,1056
19068861,24.0005,33.154,1056,78180,0.845067,0.67,2,535037,533981,1056
19073241,23.8755,32.0098,1055,77380,0.845561,0.67,2,535060,534005,1055
19074701,23.891,31.0086,1055,78180,0.848005,0.67,2,535084,534029,1055
19076161,23.9047,30.1325,1055,77380,0.848204,0.67,2,535108,534053,1055
19117041,23.9166,29.3659,1055,78180,0.850384,0.66,2,535132,534077,1055
19119961,26.927,28.6952,1079,81760,0.865345,0.66,2,535180,534101,1079
19122881,29.5611,31.1083,1079,83220,0.878811,0.66,2,535228,534149,1079
19124561,29.366,33.2197,1059,83220,0.89093,0.86,2,535256,534197,1059
19124561,28.6952,29.0673,1083,83220,0.901837,0,2,535280,534197,1083
19124561,28.1083,25.4339,1107,83220,0.911653,0,2,535304,534197,1107
19124561,27.5948,22.2546,1131,83220,0.920488,0,2,535328,534197,1131
19124561,27.1454,19.4728,1155,83220,0.928439,0,2,535352,534197,1155
19124561,26.7523,17.0387,1179,83220,0.935595,0,2,535376,534197,1179
19124561,26.4082,14.9089,1203,83220,0.942036,0,2,535400,534197,1203
19124561,26.1072,13.0453,1227,83220,0.947832,0,2,535424,534197,1227
19159961,38.2808,42.3023,1286,87600,0.941485,0.87,2,536394,535108,1286
19162881,39.4957,40.0145,1310,89060,0.931337,0.87,2,536442,535132,1310
19165801,40.5588,35.0127,1358,89060,0.924203,0.87,2,536490,535132,1358
19168721,41.4889,30.6361,1406,89060,0.919783,0.87,2,536538,535132,1406
19171641,42.3028,26.8066,1454,89060,0.917805,0.87,2,536586,535132,1454
19174561,43.0149,23.4558,1502,89060,0.918024,0.87,2,536634,535132,1502
19177481,43.6381,20.5238,1550,90520,0.922222,0.87,2,536682,535132,1550
19180401,44.1833,17.9583,1598,90520,0.928,1,2,536730,535132,1598
19183321,44.6604,21.7135,1598,90520,0.9332,1,2,536778,535180,1598
19186241,45.0779,18.9993,1646,90520,0.93788,1,2,536826,535180,1646
19186241,42.4431,16.6244,1670,90520,0.944092,0,2,536850,535180,1670
19186241,40.1377,14.5464,1694,90520,0.949682,0,2,536874,535180,1694
19186241,32.2772,7.46097,1814,87144,0.942139,0,2,536994,535180,1814
19186241,31.2425,6.52835,1838,86665,0.933925,0,2,537018,535180,1838
19186241,30.3372,5.7123,1862,86186,0.923533,0,2,537042,535180,1862
19186241,29.5451,4.99826,1886,85707,0.913179,0,2,537066,535180,1886
19186241,28.8519,4.37348,1910,85228,0.904861,0,2,537090,535180,1910
19186241,28.2454,3.8268,1934,84749,0.898375,0,2,537114,535180,1934
19186241,27.7148,3.34845,1958,84270,0.891538,0,2,537138,535180,1958
19186241,27.2504,2.92989,1982,83791,0.886384,0,2,537162,535180,1982
19186241,26.8441,2.56365,2006,83312,0.882746,0,2,537186,535180,2006
19186241,26.4886,2.2432,2030,82833,0.878471,0,2,537210,535180,2030
19186241,26.1775,1.9628,2054,82354,0.875624,0,2,537234,535180,2054
19186241,25.9053,1.71745,2078,81875,0.874062,0,2,537258,535180,2078
19186241,25.6672,1.50277,2102,81395,0.871655,0,2,537282,535180,2102
19186241,25.5838,1.31492,2127,80916,0.87049,0,2,537307,535180,2127
19186241,25.3858,1.15056,2151,80437,0.870441,0,2,537331,535180,2151
19186241,25.2126,1.00674,2175,79958,0.868397,0,2,537355,535180,2175
19186241,25.061,0.880894,2199,78019,0.866557,0,2,537379,535180,2199
19186241,24.9284,0.770783,2223,77540,0.864901,0,2,537403,535180,2223
19186241,24.8123,0.674435,2247,77061,0.861411,0,2,537427,535180,2247
19186241,24.7108,0.59013,2271,76582,0.85827,0,2,537451,535180,2271
19186241,24.6219,0.516364,2295,76103,0.855443,0,2,537475,535180,2295
19186241,24.5442,0.451819,2319,75624,0.850899,0,2,537499,535180,2319
19186241,24.4762,0.395341,2343,75145,0.846809,0,2,537523,535180,2343
19186241,24.4167,0.345924,2367,74666,0.843128,0,2,537547,535180,2367
19186241,24.3646,0.302683,2391,74187,0.837815,0,2,537571,535180,2391
19186241,24.319,0.264848,2415,73708,0.833034,0,2,537595,535180,2415
19186241,24.2791,0.231742,2439,73229,0.82873,0,2,537619,535180,2439
19186241,24.2442,0.202774,2463,72750,0.822857,0,2,537643,535180,2463
19186241,24.2137,0.177427,2487,72270,0.817572,0,2,537667,535180,2487
19186241,24.187,0.155249,2511,71791,0.812814,0,2,537691,535180,2511
19186241,24.1636,0.135843,2535,71312,0.806533,0,2,537715,535180,2535
19186241,24.1432,0.118862,2559,70833,0.80088,0,2,537739,535180,2559
19186241,24.1253,0.104005,2583,70354,0.795792,0,2,537763,535180,2583
19186241,24.1096,0.0910041,2607,69875,0.789213,0,2,537787,535180,2607
19186241,24.0959,0.0796286,2631,69396,0.783291,0,2,537811,535180,2631
19186241,24.0839,0.069675,2655,68917,0.777962,0,2,537835,535180,2655
19186241,24.0734,0.0609656,2679,68438,0.771166,0,2,537859,535180,2679
19186241,24.0643,0.0533449,2703,67959,0.766049,0,2,537883,535180,2703
19186241,24.0562,0.0466768,2727,67480,0.759444,0,2,537907,535180,2727
19186241,24.0492,0.0408422,2751,67001,0.7525,0,2,537931,535180,2751
19186241,24.043,0.0357369,2775,66522,0.74725,0,2,537955,535180,2775
19186241,24.0377,0.0312698,2799,66043,0.739525,0,2,537979,535180,2799
19186241,24.033,0.0273611,2823,65564,0.733572,0,2,538003,535180,2823
19186241,24.0288,0.0239409,2847,63560,0.725215,0,2,538027,535180,2847
19186241,24.0252,0.0209483,2871,62780,0.715694,0,2,538051,535180,2871
19186241,24.0221,0.0183298,2895,62100,0.707124,0,2,538075,535180,2895
19301581,29.6065,88.4786,1271,65700,0.709439,0.81,2,538722,537451,1271
19304501,31.9057,86.4188,1247,67160,0.738495,0.79,2,538770,537523,1247
19307421,33.9175,84.6164,1223,68620,0.764646,0.77,2,538818,537595,1223
19310341,35.6778,83.0394,1199,68620,0.788181,0.75,2,538866,537667,1199
19313261,37.2181,81.6594,1175,68620,0.809363,0.73,2,538914,537739,1175
19316181,38.5658,80.452,1151,68620,0.828427,0.71,2,538962,537811,1151
19316961,38.3701,76.3955,1140,68620,0.845584,0.64,2,538999,537859,1140
19316961,36.5738,66.8461,1164,68620,0.861026,0,2,539023,537859,1164
19316961,35.0021,58.4903,1188,68620,0.874923,0,2,539047,537859,1188
19316961,33.6268,51.179,1212,68620,0.886431,0,2,539071,537859,1212
19316961,32.4235,44.7816,1236,68620,0.894788,0,2,539095,537859,1236
19316961,31.3705,39.1839,1260,68620,0.900309,0,2,539119,537859,1260
19316961,30.4492,34.2859,1284,68620,0.903278,0,2,539143,537859,1284
19316961,29.6431,30.0002,1308,68620,0.90395,0,2,539167,537859,1308
19316961,28.9377,26.2502,1332,68620,0.902555,0,2,539191,537859,1332
19316961,28.3205,22.9689,1356,68620,0.8993,0,2,539215,537859,1356
19316961,27.7804,20.0978,1380,68620,0.89437,0,2,539239,537859,1380
19316961,27.3079,17.5856,1404,68620,0.887933,0,2,539263,537859,1404
19316961,26.8944,15.3874,1428,68620,0.880139,0,2,539287,537859,1428
19316961,26.5326,13.464,1452,68620,0.871125,0,2,539311,537859,1452
19316961,26.216,11.781,1476,68620,0.861013,0,2,539335,537859,1476
19316961,25.939,10.3083,1500,68620,0.849912,0,2,539359,537859,1500
19316961,25.6966,9.0198,1524,68620,0.837921,0,2,539383,537859,1524
19319881,28.4846,73.7673,1045,68620,0.823128,0.64,2,539431,538386,1045
19322801,30.924,70.5464,1045,70080,0.811816,0.64,2,539479,538434,1045
19325721,33.0585,67.7281,1045,70080,0.801634,0.64,2,539527,538482,1045
19328641,34.9262,65.2621,1045,70080,0.792471,0.64,2,539575,538530,1045
19331561,36.5604,63.1043,1045,70080,0.784224,0.64,2,539623,538578,1045
19334481,37.9904,61.2163,1045,71540,0.779801,0.64,2,539671,538626,1045
19337401,39.2416,53.5643,1093,71540,0.775821,0.64,2,539719,538626,1093
19340321,40.3364,46.8687,1141,71540,0.772239,0.64,2,539767,538626,1141
19343241,41.2943,41.0101,1189,71540,0.769015,0.64,2,539815,538626,1189
19346081,41.8825,35.8839,1235,71540,0.766114,0.81,2,539861,538626,1235
19349001,42.6472,35.3984,1251,71540,0.762502,0.81,2,539909,538658,1251
19351921,43.3163,30.9736,1299,73000,0.757252,0.81,2,539957,538658,1299
19354841,43.9018,27.1019,1347,73000,0.752527,0.81,2,540005,538658,1347
19357761,44.4141,23.7142,1395,73000,0.748274,0.81,2,540053,538658,1395
19360681,44.8623,20.7499,1443,73000,0.744447,0.97,2,540101,538658,1443
19363601,45.2545,20.1561,1475,73000,0.741002,0.99,2,540149,538674,1475
19366521,45.5977,23.6366,1475,73000,0.737902,0.99,2,540197,538722,1475
19369441,45.898,20.682,1523,73000,0.733112,1,2,540245,538722,1523
19372361,46.1607,24.0968,1523,73000,0.7258,1,2,540293,538770,1523
19372361,43.3906,21.0847,1547,73000,0.71722,0,2,540317,538770,1547
19372361,40.9668,18.4491,1571,73000,0.707498,0,2,540341,538770,1571
19372361,26.9902,3.25147,1883,55435,0.599367,0,1,540653,538770,1883
19372361,26.6165,2.84504,1907,55156,0.59343,0,1,540677,538770,1907
19372361,26.2894,2.48941,1931,54878,0.588087,0,1,540701,538770,1931
19372361,26.0032,2.17823,1955,54599,0.583278,0,1,540725,538770,1955
19372361,25.7528,1.90595,1979,54320,0.576951,0,1,540749,538770,1979
19372361,25.5337,1.66771,2003,54041,0.571256,0,1,540773,538770,2003
19372361,25.342,1.45925,2027,53763,0.56613,0,1,540797,538770,2027
19372361,25.1743,1.27684,2051,53484,0.561517,0,1,540821,538770,2051
19372361,25.0275,1.11723,2075,53205,0.557365,0,1,540845,538770,2075
19372361,24.899,0.97758,2099,52926,0.551629,0,1,540869,538770,2099
19372361,24.7867,0.855383,2123,51100,0.544466,0,1,540893,538770,2123
19372361,24.6883,0.74846,2147,50020,0.538019,0,1,540917,538770,2147
19372361,24.6023,0.654903,2171,50020,0.532217,0,1,540941,538770,2171
19372361,24.527,0.57304,2195,50020,0.526996,0,1,540965,538770,2195
19372361,24.4611,0.50141,2219,50020,0.522296,0,1,540989,538770,2219
19372361,24.4035,0.438734,2243,50020,0.518066,0,1,541013,538770,2243
19372361,24.353,0.383892,2267,50020,0.51426,0,1,541037,538770,2267
19372361,24.3089,0.335905,2291,50020,0.510834,0,1,541061,538770,2291
19372361,24.2703,0.293917,2315,50020,0.50775,0,1,541085,538770,2315
19372361,24.2365,0.257178,2339,50020,0.505975,0,1,541109,538770,2339
19372361,24.207,0.22503,2363,50020,0.504378,0,1,541133,538770,2363
19372361,24.1811,0.196902,2387,50020,0.50294,0,1,541157,538770,2387
19372361,24.1584,0.172289,2411,50020,0.501646,0,1,541181,538770,2411
19372361,24.1386,0.150753,2435,50020,0.500481,0,1,541205,538770,2435
19372361,24.1213,0.131909,2459,50020,0.499433,0,1,541229,538770,2459
19372361,24.1061,0.11542,2483,50020,0.49849,0,1,541253,538770,2483
19372361,24.0929,0.100993,2507,50020,0.497641,0,1,541277,538770,2507
19372361,24.0813,0.0883685,2531,50020,0.496877,0,1,541301,538770,2531
19372361,21.8211,0.0773224,2537,50020,0.495189,0,1,541307,538770,2537
19435521,22.0935,199.443,966,48940,0.49167,0,1,541331,540365,966
19435521,22.3318,174.512,990,52560,0.486503,0,1,541355,540365,990
19435521,22.5403,152.698,1014,52560,0.479853,0,1,541379,540365,1014
19435521,22.7228,133.611,1038,52560,0.471868,0,1,541403,540365,1038
19435521,22.8824,116.91,1062,52560,0.462681,0,1,541427,540365,1062
19435521,23.0221,102.296,1086,52560,0.452413,0,1,541451,540365,1086
19435521,23.1444,89.5089,1110,52560,0.441171,0,1,541475,540365,1110
19435521,23.2513,78.3203,1134,52560,0.429054,0,1,541499,540365,1134
19435521,23.3449,68.5303,1158,52560,0.416149,0,1,541523,540365,1158
19435521,23.4268,59.964,1182,52560,0.402534,0,1,541547,540365,1182
19435521,23.4984,52.4685,1206,52560,0.388281,0,1,541571,540365,1206
19435521,23.5611,45.9099,1230,52560,0.373453,0,1,541595,540365,1230
19435521,23.616,40.1712,1254,52560,0.358107,0,1,541619,540365,1254
19435521,23.664,35.1498,1278,52560,0.342297,0,1,541643,540365,1278
19435521,23.706,30.7561,1302,52560,0.326067,0,1,541667,540365,1302
19435521,23.7427,26.9116,1326,52560,0.30946,0,1,541691,540365,1326
19435521,23.7749,23.5476,1350,52560,0.292514,0,1,541715,540365,1350
19435521,23.803,20.6042,1374,52560,0.275263,0,1,541739,540365,1374
19435521,23.8277,18.0286,1398,52560,0.257737,0,1,541763,540365,1398
19435521,23.8492,15.7751,1422,52560,0.239963,0,1,541787,540365,1422
19435521,23.8681,13.8032,1446,52560,0.221967,0,1,541811,540365,1446
19435521,23.8845,12.0778,1470,52560,0.20377,0,1,541835,540365,1470
19435521,23.899,10.5681,1494,52560,0.185393,0,1,541859,540365,1494
19435521,23.9116,9.24705,1518,52560,0.166854,0,1,541883,540365,1518
19435521,23.9227,8.09117,1542,52560,0.150168,0,1,541907,540365,1542
19435521,23.9323,7.07977,1566,52560,0.135151,0,1,541931,540365,1566
19435521,23.9408,6.1948,1590,52560,0.121636,0,1,541955,540365,1590
19435521,23.9482,5.42045,1614,52560,0.109473,0,1,541979,540365,1614
19435521,23.9547,4.7429,1638,52560,0.0985254,0,1,542003,540365,1638
19435521,23.9603,4.15003,1662,52560,0.0886729,0,1,542027,540365,1662
19435521,23.9653,3.63128,1686,52560,0.0798056,0,1,542051,540365,1686
19435521,23.9696,3.17737,1710,52560,0.071825,0,1,542075,540365,1710
19435521,23.9734,2.7802,1734,52560,0.0646425,0,1,542099,540365,1734
19435521,21.7267,2.43267,1740,52560,0.0581783,0,1,542105,540365,1740
19438441,125.761,292.629,270,52560,0.10136,0,1,542959,542689,270
19441361,116.041,256.05,318,54020,0.142224,0,1,543007,542689,318
19444281,107.536,224.044,366,55480,0.181002,0,1,543055,542689,366
19447201,100.094,196.038,414,56940,0.217902,0,1,543103,542689,414
19450121,93.582,171.534,462,58400,0.253112,0,1,543151,542689,462
19453041,87.8843,150.092,510,59860,0.2868,0,1,543199,542689,510
19455961,82.8987,131.33,558,59860,0.31712,0,1,543247,542689,558
19458881,78.5364,114.914,606,59860,0.344408,0,1,543295,542689,606
19461801,74.7193,100.55,654,59860,0.368968,0,1,543343,542689,654
19464721,71.3794,87.9811,702,59860,0.391071,0,1,543391,542689,702
19467641,68.457,76.9834,750,59860,0.410964,0,1,543439,542689,750
19470561,65.8999,67.3605,798,59860,0.428867,0,1,543487,542689,798
19473481,63.6624,58.9404,846,59860,0.444981,0,1,543535,542689,846
19476401,61.7046,51.5729,894,59860,0.459483,0,1,543583,542689,894
19479321,59.9915,45.1263,942,59860,0.472534,0,1,543631,542689,942
19482241,58.4926,39.4855,990,59860,0.484281,0,1,543679,542689,990
19485161,57.181,34.5498,1038,59860,0.494853,0,1,543727,542689,1038
19488081,56.0334,30.2311,1086,59860,0.504367,0.49,1,543775,542689,1086
19491001,55.0292,60.2022,864,59860,0.512931,0.49,1,543823,542959,864
19493921,54.1506,52.6769,912,59860,0.520638,0.51,1,543871,542959,912
19496841,53.3817,52.0923,912,59860,0.527574,0.53,1,543919,543007,912
19499761,52.709,51.5808,912,59860,0.533817,0.53,1,543967,543055,912
19502681,52.1204,45.1332,960,61320,0.541435,0.55,1,544015,543055,960
19505601,51.6053,45.4915,960,61320,0.548291,0.57,1,544063,543103,960
19508521,51.1547,45.8051,960,61320,0.554462,0.57,1,544111,543151,960
19511441,50.7603,40.0794,1008,61320,0.560016,0.59,1,544159,543151,1008
19514361,50.4153,41.0695,1008,61320,0.565014,0.59,1,544207,543199,1008
19517281,50.1134,41.9358,1008,61320,0.569513,0.59,1,544255,543247,1008
19520201,49.8492,42.6938,1008,61320,0.573562,0.59,1,544303,543295,1008
19523121,49.6181,43.3571,1008,61320,0.577205,0.59,1,544351,543343,1008
19526041,49.4158,43.9375,1008,61320,0.580485,0.59,1,544399,543391,1008
19528961,49.2388,44.4453,1008,61320,0.583436,0.59,1,544447,543439,1008
19531881,49.084,44.8896,1008,61320,0.586093,0.59,1,544495,543487,1008
19534801,48.9485,45.2784,1008,61320,0.588484,0.59,1,544543,543535,1008
19537721,48.8299,45.6186,1008,61320,0.590635,0.59,1,544591,543583,1008
19540641,48.7262,45.9163,1008,61320,0.592572,0.59,1,544639,543631,1008
19543561,48.6354,46.1768,1008,61320,0.594315,0.59,1,544687,543679,1008
19546481,48.556,46.4047,1008,61320,0.595883,0.59,1,544735,543727,1008
19549401,48.4865,46.6041,1008,61320,0.597295,0.59,1,544783,543775,1008
19552321,48.4257,46.7786,1008,61320,0.598565,0.59,1,544831,543823,1008
19555241,48.3725,46.9312,1008,61320,0.599709,0.59,1,544879,543871,1008
19666201,48.0023,47.0681,1056,71540,0.701421,0.65,2,546703,545647,1056
19669121,48.002,47.1845,1056,71540,0.706279,0.65,2,546751,545695,1056
19672041,48.0018,47.2865,1056,71540,0.710651,0.65,2,546799,545743,1056
19674961,48.0016,47.3757,1056,73000,0.716586,0.65,2,546847,545791,1056
19677881,48.0014,47.4537,1056,73000,0.721927,0.65,2,546895,545839,1056
19680801,48.0012,41.522,1104,74460,0.728735,0.67,2,546943,545839,1104
19683721,48.001,42.3317,1104,74460,0.734861,0.67,2,546991,545887,1104
19686641,48.0009,43.0403,1104,74460,0.740375,0.67,2,547039,545935,1104
19689561,48.0008,43.6602,1104,75920,0.747338,0.67,2,547087,545983,1104
19692481,48.0007,44.2027,1104,75920,0.753604,0.67,2,547135,546031,1104
19695401,48.0006,44.6774,1104,77380,0.761243,0.69,2,547183,546079,1104
19698321,48.0005,45.0927,1104,77380,0.768119,0.69,2,547231,546127,1104
19701241,48.0005,45.4561,1104,77380,0.774307,0.69,2,547279,546175,1104
19704161,48.0004,45.7741,1104,78840,0.781876,0.69,2,547327,546223,1104
19707081,48.0004,46.0523,1104,80300,0.790689,0.69,2,547375,546271,1104
19710001,48.0003,46.2958,1104,80300,0.79862,0.69,2,547423,546319,1104
19712921,48.0003,40.5088,1152,81760,0.807758,0.71,2,547471,546319,1152
19715841,48.0002,41.4452,1152,81760,0.815982,0.71,2,547519,546367,1152
19718761,48.0002,42.2646,1152,83220,0.825384,0.71,2,547567,546415,1152
19721681,48.0002,42.9815,1152,83220,0.833845,0.73,2,547615,546463,1152
19724601,48.0002,43.6088,1152,84680,0.843461,0.73,2,547663,546511,1152
19727521,48.0001,44.1577,1152,84680,0.852115,0.73,2,547711,546559,1152
19730441,48.0001,44.638,1152,86140,0.861903,0.73,2,547759,546607,1152
19733361,48.0001,45.0582,1152,87600,0.867713,0.73,2,547807,546655,1152
19736281,48.0001,39.426,1200,87600,0.868942,0.75,2,547855,546655,1200
19739201,48.0001,40.4977,1200,89060,0.866048,0.75,2,547903,546703,1200
19742121,48.0001,41.4355,1200,90520,0.859443,0.75,2,547951,546751,1200
19745041,48.0001,42.2561,1200,90520,0.849499,0.77,2,547999,546799,1200
19747961,48.0001,42.9741,1200,91980,0.836549,0.77,2,548047,546847,1200
19750881,48,43.6023,1200,93440,0.820894,0.77,2,548095,546895,1200
19753801,48,38.152,1248,93440,0.838804,0.79,2,548143,546895,1248
19756721,48,39.383,1248,94900,0.854924,0.79,2,548191,546943,1248
19759641,48,40.4601,1248,96360,0.869432,0.79,2,548239,546991,1248
19762561,48,41.4026,1248,96360,0.882488,0.81,2,548287,547039,1248
19765481,48,42.2273,1248,97820,0.89424,0.81,2,548335,547087,1248
19768401,48,42.9489,1248,99280,0.904816,0.81,2,548383,547135,1248
19771321,48,37.5803,1296,99280,0.914334,0.83,2,548431,547135,1296
19774241,48,38.8827,1296,100740,0.922901,0.83,2,548479,547183,1296
19777161,48,40.0224,1296,102200,0.930611,0.83,2,548527,547231,1296
19780081,48,41.0196,1296,103660,0.93755,0.85,2,548575,547279,1296
19783001,48,41.8921,1296,105120,0.943795,0.85,2,548623,547327,1296
19785921,48,36.6556,1344,106580,0.949415,0.87,2,548671,547327,1344
19831601,47.0463,42.8001,1295,129940,0.936357,0.66,2,549422,548127,1295
19834521,47.1655,37.4501,1343,131400,0.912722,0.66,2,549470,548127,1343
19837441,47.2698,32.7688,1391,132860,0.88345,0.66,2,549518,548127,1391
19840361,47.3611,28.6727,1439,134320,0.849105,0.66,2,549566,548127,1439
19843281,47.441,25.0886,1487,135780,0.810194,1,2,549614,548127,1487
19844741,47.5108,23.9526,1519,137240,0.767175,1,2,549662,548143,1519
19844741,44.572,20.9585,1543,137240,0.724457,0,2,549686,548143,1543
19844741,37.9066,14.0406,1616,79360,0.597929,0,1,549759,548143,1616
19844741,36.1683,12.2855,1640,79360,0.559136,0,1,549783,548143,1640
19844741,34.6473,10.7498,1664,79360,0.525223,0,1,549807,548143,1664
19844741,33.3164,9.40607,1688,77900,0.4957,0,1,549831,548143,1688
19844741,32.1518,8.23032,1712,76440,0.47013,0,1,549855,548143,1712
19844741,31.1328,7.20153,1736,74980,0.448117,0,1,549879,548143,1736
19844741,30.2412,6.30134,1760,73520,0.429306,0,1,549903,548143,1760
19844741,29.4611,5.51367,1784,72060,0.413375,0,1,549927,548143,1784
19844741,28.7784,4.82446,1808,69140,0.400038,0,1,549951,548143,1808
19844741,28.1811,4.2214,1832,67680,0.389034,0,1,549975,548143,1832
19844741,27.6585,3.69373,1856,64760,0.38013,0,1,549999,548143,1856
19844741,27.2012,3.23201,1880,63300,0.373117,0,1,550023,548143,1880
19844741,26.801,2.82801,1904,58920,0.367806,0,1,550047,548143,1904
19844741,26.4509,2.47451,1928,56000,0.364025,0,1,550071,548143,1928
19844741,26.1445,2.16519,1952,53080,0.361623,0,1,550095,548143,1952
19844741,25.8765,1.89455,1976,51620,0.36046,0,1,550119,548143,1976
19844741,25.6419,1.65773,2000,51620,0.360414,0,1,550143,548143,2000
19844741,25.4367,1.45051,2024,50160,0.361373,0,1,550167,548143,2024
19844741,25.2571,1.2692,2048,50160,0.362236,0,1,550191,548143,2048
19844741,25.1,1.11055,2072,48700,0.363012,0,1,550215,548143,2072
19844741,24.9625,0.971729,2096,48700,0.363711,0,1,550239,548143,2096
19844741,24.8422,0.850263,2120,45780,0.36434,0,1,550263,548143,2120
19844741,24.7369,0.74398,2144,45780,0.364906,0,1,550287,548143,2144
19844741,24.6448,0.650983,2168,44320,0.365415,0,1,550311,548143,2168
19844741,24.5642,0.56961,2192,44320,0.365874,0,1,550335,548143,2192
19844741,24.4937,0.498409,2216,42860,0.366286,0,1,550359,548143,2216
19844741,22.5569,0.436108,2225,42860,0.365658,0,1,550368,548143,2225
19852041,22.7373,196.257,682,40460,0.363092,0.25,1,550392,549710,682
19854961,22.8952,174.725,682,42860,0.358783,0.23,1,550416,549734,682
19857881,23.0333,156.009,681,42860,0.352904,0.21,1,550440,549759,681
19860801,23.1541,139.508,681,42860,0.345614,0.22,1,550464,549783,681
19863721,23.2598,125.069,681,42860,0.337053,0.23,1,550488,549807,681
19866641,23.3524,112.436,681,42860,0.327347,0.24,1,550512,549831,681
19868101,23.4333,101.381,681,42860,0.316613,0.25,1,550536,549855,681
19871021,23.5042,91.7086,681,42860,0.304951,0.26,1,550560,549879,681
19873941,23.5661,83.245,681,42860,0.292456,0.27,1,550584,549903,681
19875401,23.6204,75.8394,681,42860,0.279211,0.28,1,550608,549927,681
19878321,23.6678,69.3595,681,42860,0.26529,0.29,1,550632,549951,681
19881241,23.7093,63.6895,681,42860,0.250761,0.3,1,550656,549975,681
19882701,23.7457,58.7283,681,42860,0.235685,0.31,1,550680,549999,681
19884161,23.7775,54.3873,681,42860,0.220116,0.32,1,550704,550023,681
19887081,23.8053,50.5889,681,42860,0.204104,0.33,1,550728,550047,681
19888541,23.8296,47.2653,681,42860,0.187694,0.34,1,550752,550071,681
19891461,23.8509,44.3571,681,42860,0.170925,0.35,1,550776,550095,681
19892921,23.8696,41.8125,681,42860,0.153832,0.36,1,550800,550119,681
19895841,23.8859,39.5859,681,42860,0.138449,0.37,1,550824,550143,681
19900221,23.9001,37.6377,681,42860,0.124604,0.37,1,550848,550167,681
19904601,23.9126,35.933,681,42860,0.112144,0.37,1,550872,550191,681
19908981,23.9235,34.4413,681,42860,0.100929,0.37,1,550896,550215,681
19910441,23.9331,33.1362,681,42860,0.0908363,0.37,1,550920,550239,681
19914821,23.9415,31.9942,681,42860,0.0817527,0.37,1,550944,550263,681
19919201,23.9488,30.9949,681,42860,0.0735774,0.37,1,550968,550287,681
19923581,23.8302,30.1205,680,42860,0.0662197,0.37,1,550991,550311,680
19928481,23.8514,29.3555,680,42860,0.0595977,0,1,551015,550335,680
19928481,21.995,25.686,689,94900,0.053638,0,1,551024,550335,689
19931401,1046.5,1102.1,270,94900,0.148274,0,1,559242,558972,270
19934321,921.684,964.338,318,96360,0.233447,0,1,559290,558972,318
19937241,812.473,843.796,366,97820,0.310102,0,1,559338,558972,366
19940161,716.914,738.321,414,99280,0.379092,0,1,559386,558972,414
19943081,633.3,646.031,462,100740,0.441183,0,1,559434,558972,462
19946001,560.137,565.277,510,102200,0.497064,0,1,559482,558972,510
19948921,496.12,494.617,558,103660,0.547358,0,1,559530,558972,558
19951841,440.105,432.79,606,105120,0.592622,0,1,559578,558972,606
19960601,310.68,289.936,750,109500,0.703022,0,2,559722,558972,750
19963521,277.845,253.694,798,110960,0.732719,0,2,559770,558972,798
19966441,249.114,221.982,846,112420,0.759447,0,2,559818,558972,846
19969361,223.975,194.234,894,113880,0.783503,0,2,559866,558972,894
19972281,201.978,169.955,942,115340,0.805152,0,2,559914,558972,942
19975201,182.731,148.711,990,116800,0.824637,0,2,559962,558972,990
19978121,165.889,130.122,1038,118260,0.842173,0,2,560010,558972,1038
19981041,151.153,113.857,1086,119720,0.857956,0,2,560058,558972,1086
19983961,138.259,99.6245,1134,121180,0.87216,0,2,560106,558972,1134
19986881,126.977,87.1714,1182,122640,0.884944,0,2,560154,558972,1182
19989801,117.105,76.275,1230,124100,0.89645,0,2,560202,558972,1230
19992721,108.467,66.7406,1278,125560,0.906805,0,2,560250,558972,1278
19995641,100.908,58.398,1326,127020,0.916125,0,2,560298,558972,1326
19998561,94.2947,51.0983,1374,128480,0.924512,0,2,560346,558972,1374
20001481,88.5079,44.711,1422,129940,0.932061,0,2,560394,558972,1422
20004401,83.4444,39.1221,1470,131400,0.936855,0,2,560442,558972,1470
20007321,79.0138,34.2319,1518,132860,0.938169,0,2,560490,558972,1518
20010241,75.1371,29.9529,1566,134320,0.934352,0,2,560538,558972,1566
20013161,71.745,26.2088,1614,135780,0.927917,0,2,560586,558972,1614
20013161,65.7768,22.9327,1638,137240,0.923125,0,2,560610,558972,1638
20013161,60.5547,20.0661,1662,137240,0.914813,0,2,560634,558972,1662
20013161,55.9854,17.5578,1686,137240,0.903332,0,2,560658,558972,1686
20013161,52.1122,15.3631,1711,126220,0.890998,0.8,2,560683,558972,1711
20013161,48.5982,13.4427,1735,125422,0.875899,0,2,560707,558972,1735
20013161,45.5234,11.7624,1759,125023,0.860309,0,2,560731,558972,1759
20013161,42.833,10.2921,1783,123164,0.842278,0,2,560755,558972,1783
20013161,40.4789,9.00557,1807,121305,0.82405,0,2,560779,558972,1807
20013161,38.419,7.87987,1831,119446,0.808645,0,2,560803,558972,1831
20013161,36.6166,6.89489,1855,117587,0.795781,0,2,560827,558972,1855
20013161,35.0396,6.03303,1879,115728,0.783203,0,2,560851,558972,1879
20013161,33.6596,5.2789,1903,112409,0.772882,0,2,560875,558972,1903
20013161,32.4522,4.61904,1927,110550,0.759594,0,2,560899,558972,1927
20013161,31.3956,4.04166,1951,107230,0.746635,0,2,560923,558972,1951
20013161,30.4712,3.53645,1975,105371,0.735971,0,2,560947,558972,1975
20013161,29.6623,3.09439,1999,102052,0.727374,0,2,560971,558972,1999
20013161,28.9545,2.70759,2023,98733,0.720637,0,2,560995,558972,2023
20013161,28.3352,2.36914,2047,94900,0.713573,0,2,561019,558972,2047
20013161,27.7933,2.073,2071,91180,0.708216,0,2,561043,558972,2071
20013161,27.3191,1.81388,2095,88260,0.704394,0,2,561067,558972,2095
20013161,26.9042,1.58714,2119,85340,0.701955,0,2,561091,558972,2119
20013161,26.5412,1.38875,2143,82420,0.700759,0,2,561115,558972,2143
20013161,26.2236,1.21516,2167,82420,0.700683,0,2,561139,558972,2167
20013161,25.9456,1.06326,2191,80960,0.701615,0,2,561163,558972,2191
20013161,25.7024,0.930353,2215,80960,0.703453,0,2,561187,558972,2215
20013161,19.2817,0.0643886,2627,56700,0.599417,0,1,561599,558972,2627
20013161,18.1215,0.05634,2637,56500,0.598475,0,1,561609,558972,2637
20013161,18.8563,0.0492975,2661,56500,0.595628,0,1,561633,558972,2661
20013161,19.4993,0.0431353,2685,55880,0.593065,0,1,561657,558972,2685
20013161,17.5619,0.0377434,2689,55880,0.590758,0,1,561661,558972,2689
20013161,18.3666,0.0330255,2713,55880,0.586683,0,1,561685,558972,2713
20013161,19.0708,0.0288973,2737,55680,0.583014,0,1,561709,558972,2737
20013161,17.187,0.0252851,2741,55680,0.581713,0,1,561713,558972,2741
20019001,18.0386,210.772,1079,55680,0.578542,0.74,1,561737,560658,1079
20021921,18.7838,190.551,1054,66840,0.583687,0.68,1,561761,560707,1054
20024841,19.4358,172.732,1030,66840,0.586319,0.66,1,561785,560755,1030
20027761,20.0063,154.14,1030,66840,0.586687,0.67,1,561809,560779,1030
20030681,20.5055,137.873,1030,66840,0.599018,0.67,1,561833,560803,1030
20146681,23.906,22.6653,967,96360,0.722795,0.7,2,562785,561818,967
20149601,26.9178,19.8322,1015,97820,0.750516,0.7,2,562833,561818,1015
20152521,29.553,17.3531,1063,97820,0.775464,0.7,2,562881,561818,1063
20155441,31.8589,15.184,1111,99280,0.797918,0.7,2,562929,561818,1111
20158321,33.7516,15.161,1143,99280,0.818126,0.57,2,562976,561833,1143
20158321,32.5326,13.2659,1167,99280,0.836313,0,2,563000,561833,1167
20158321,31.466,11.6076,1191,99280,0.852682,0,2,563024,561833,1191
20158321,30.5328,10.1567,1215,99280,0.867414,0,2,563048,561833,1215
20158321,29.7162,8.8871,1239,99280,0.880673,0,2,563072,561833,1239
20158321,29.0017,7.77621,1263,99280,0.892605,0,2,563096,561833,1263
20158321,28.3765,6.80419,1287,99280,0.903345,0,2,563120,561833,1287
20158321,27.8294,5.95366,1311,99280,0.91301,0,2,563144,561833,1311
20158321,27.3507,5.20946,1335,99280,0.921709,0,2,563168,561833,1335
20158321,26.9319,4.55827,1359,99280,0.929538,0,2,563192,561833,1359
20158321,26.4404,3.98849,1382,99280,0.936584,0,2,563215,561833,1382
20161241,29.1353,61.4899,966,99280,0.942926,0.57,2,563263,562297,966
20164161,31.4934,53.8037,1014,100740,0.948633,0.57,2,563311,562297,1014
20210881,46.0511,24.6181,1342,110960,0.941372,0.71,2,564079,562737,1342
20213801,46.2947,21.5408,1390,110960,0.934235,0.71,2,564127,562737,1390
20216721,46.5079,18.8482,1438,110960,0.929811,0.71,2,564175,562737,1438
20219641,46.6944,16.4922,1486,112420,0.92983,0.71,2,564223,562737,1486
20222561,46.8576,14.4307,1534,112420,0.931847,0.71,2,564271,562737,1534
20225481,47.0004,12.6268,1582,113880,0.934662,1,2,564319,562737,1582
20228401,47.1254,17.0485,1582,113880,0.937196,1,2,564367,562785,1582
20231321,47.2347,14.9174,1630,113880,0.936476,1,2,564415,562785,1630
20232781,47.3303,13.0527,1678,115340,0.936829,1,2,564463,562785,1678
20232781,44.4141,11.4211,1702,115340,0.938146,0,2,564487,562785,1702
20232781,41.8623,9.9935,1726,115340,0.939331,0,2,564511,562785,1726
20232781,39.6295,8.74431,1750,112520,0.938398,0.95,2,564535,562785,1750
20232781,37.6758,7.65127,1774,111606,0.934558,0,2,564559,562785,1774
20232781,36.0913,6.69486,1799,111149,0.932103,0,2,564584,562785,1799
20232781,34.5799,5.85801,1823,110692,0.926892,0,2,564608,562785,1823
20232781,33.2574,5.12576,1847,110235,0.923203,0,2,564632,562785,1847
20232781,32.1003,4.48504,1871,108318,0.917883,0,2,564656,562785,1871
20232781,31.0877,3.92441,1895,107861,0.910094,0,2,564680,562785,1895
20232781,30.2018,3.43386,1919,105944,0.904085,0,2,564704,562785,1919
20232781,29.4265,3.00462,1943,104027,0.896676,0,2,564728,562785,1943
20232781,28.7482,2.62905,1967,103569,0.887009,0,2,564752,562785,1967
20232781,28.1547,2.30041,1991,101652,0.879308,0,2,564776,562785,1991
20232781,27.6354,2.01286,2015,99735,0.871377,0,2,564800,562785,2015
20232781,27.1809,1.76126,2039,99278,0.863239,0,2,564824,562785,2039
20232781,26.7833,1.5411,2063,97361,0.853915,0,2,564848,562785,2063
20232781,26.4354,1.34846,2087,95444,0.846524,0,2,564872,562785,2087
20232781,26.131,1.1799,2111,94987,0.838872,0,2,564896,562785,2111
20232781,25.8646,1.03242,2135,91610,0.832984,0,2,564920,562785,2135
20232781,25.6315,0.903364,2159,91153,0.828686,0,2,564944,562785,2159
20232781,25.4276,0.790443,2183,89235,0.825817,0,2,564968,562785,2183
20232781,25.2491,0.691638,2207,85858,0.822236,0,2,564992,562785,2207
20232781,25.093,0.605183,2231,85401,0.820012,0,2,565016,562785,2231
20232781,24.9564,0.529535,2255,82024,0.818011,0,2,565040,562785,2255
20232781,24.8368,0.463343,2279,78940,0.81621,0,2,565064,562785,2279
20232781,24.7322,0.405425,2303,78940,0.814589,0,2,565088,562785,2303
20232781,24.6407,0.354747,2327,76020,0.81313,0,2,565112,562785,2327
20232781,24.5606,0.310404,2351,76020,0.811817,0,2,565136,562785,2351
20232781,24.4905,0.271603,2375,73100,0.810635,0,2,565160,562785,2375
20232781,24.4292,0.237653,2399,73100,0.809572,0,2,565184,562785,2399
20232781,24.3756,0.207946,2423,73100,0.808615,0,2,565208,562785,2423
20232781,24.3286,0.181953,2447,73100,0.807753,0,2,565232,562785,2447
20232781,24.2875,0.159209,2471,73100,0.806978,0,2,565256,562785,2471
20232781,24.2516,0.139308,2495,73100,0.80628,0,2,565280,562785,2495
20232781,24.2201,0.121894,2519,73100,0.805652,0,2,565304,562785,2519
20232781,24.1926,0.106657,2543,73100,0.805087,0,2,565328,562785,2543
20232781,24.1686,0.0933253,2567,73100,0.804578,0,2,565352,562785,2567
20232781,24.1475,0.0816596,2591,73100,0.80412,0,2,565376,562785,2591
20232781,24.129,0.0714522,2615,73100,0.803708,0,2,565400,562785,2615
20232781,24.1129,0.0625207,2639,73100,0.803337,0,2,565424,562785,2639
20232781,24.0988,0.0547056,2663,73100,0.803004,0,2,565448,562785,2663
20232781,24.0865,0.0478674,2687,73100,0.802703,0,2,565472,562785,2687
20232781,24.0756,0.041884,2711,73100,0.802433,0,2,565496,562785,2711
20232781,24.0662,0.0366485,2735,73100,0.80119,0,2,565520,562785,2735
20232781,24.0579,0.0320674,2759,72020,0.800071,0,2,565544,562785,2759
20232781,24.0507,0.028059,2783,72020,0.799064,0,2,565568,562785,2783
20232781,24.0443,0.0245516,2807,72020,0.798157,0,2,565592,562785,2807
20232781,24.0388,0.0214827,2831,72020,0.797342,0,2,565616,562785,2831
20232781,24.0339,0.0187973,2855,72020,0.795607,0,2,565640,562785,2855
20232781,24.0297,0.0164477,2879,72020,0.794047,0,2,565664,562785,2879
20232781,24.026,0.0143917,2903,72020,0.792642,0,2,565688,562785,2903
20232781,24.0227,0.0125927,2927,72020,0.791378,0,2,565712,562785,2927
20232781,24.0199,0.0110186,2951,72020,0.79024,0,2,565736,562785,2951
20232781,24.0174,0.00964132,2975,72020,0.789216,0,2,565760,562785,2975
20232781,24.0152,0.00843615,2999,72020,0.788294,0,2,565784,562785,2999
20232781,24.0133,0.00738163,3023,72020,0.787465,0,2,565808,562785,3023
20232781,24.0117,0.00645893,3047,72020,0.786718,0,2,565832,562785,3047
20232781,24.0102,0.00565156,3071,72020,0.786047,0,2,565856,562785,3071
20232781,21.2589,0.00494512,3073,72020,0.787442,0,2,565858,562785,3073
20241541,21.6016,215.754,1371,72020,0.786698,0.9,2,565882,564511,1371
20245921,21.9014,194.785,1347,80300,0.796028,0.88,2,565906,564559,1347
20248841,22.1637,176.562,1322,80300,0.804425,0.89,2,565930,564608,1322
20253221,22.3932,157.492,1322,80300,0.812983,0.84,2,565954,564632,1322
20256141,22.5941,143.805,1298,80300,0.820684,0.85,2,565978,564680,1298
20260521,22.7698,128.83,1298,80300,0.827616,0.8,2,566002,564704,1298
20263441,22.9236,118.726,1274,80300,0.833854,0.81,2,566026,564752,1274
20267821,23.0581,106.885,1274,80300,0.839469,0.79,2,566050,564776,1274
20269281,23.1759,99.5245,1250,80300,0.844522,0.77,2,566074,564824,1250
20273661,23.2789,90.0839,1250,80300,0.84907,0.77,2,566098,564848,1250
20276581,23.369,84.8234,1226,80300,0.853163,0.78,2,566122,564896,1226
20278041,23.4479,77.2205,1226,80300,0.856847,0.79,2,566146,564920,1226
20282421,23.5169,70.5679,1226,80300,0.860162,0.79,2,566170,564944,1226
20283881,23.5773,67.747,1202,80300,0.863146,0.8,2,566194,564992,1202
20286801,23.6301,62.2786,1202,80300,0.865831,0.8,2,566218,565016,1202
20288261,23.6764,57.4938,1202,80300,0.868248,0.8,2,566242,565040,1202
20292641,23.7168,53.307,1202,80300,0.870423,0.8,2,566266,565064,1202
20294101,23.7522,49.6437,1202,80300,0.872381,0.8,2,566290,565088,1202
20298481,23.6582,46.4382,1201,80300,0.874143,0.8,2,566313,565112,1201
20299941,23.7009,43.6334,1201,80300,0.875729,0.8,2,566337,565136,1201
20349681,23.7383,41.1792,1201,80300,0.877156,0.8,2,566361,565160,1201
20349681,23.771,36.0318,1225,81760,0.88944,0,2,566385,565160,1225
20349681,23.7996,31.5279,1249,81760,0.900496,0,2,566409,565160,1249
20349681,23.8247,27.5869,1273,81760,0.910446,0,2,566433,565160,1273
20349681,23.8466,24.1385,1297,81760,0.919402,0,2,566457,565160,1297
20352601,26.8658,36.1212,1225,81760,0.927462,0.8,2,566505,565280,1225
20355521,29.5076,37.6061,1225,83220,0.934716,0.8,2,566553,565328,1225
20358441,31.8191,38.9053,1225,84680,0.941244,0.8,2,566601,565376,1225
20361361,33.8417,40.0421,1225,84680,0.94712,0.8,2,566649,565424,1225
20383641,37.939,54.0954,1333,87600,0.915035,0.89,2,567575,566242,1333
20386561,39.1967,53.3335,1333,87600,0.883531,0.89,2,567623,566290,1333
20389481,40.2971,52.5418,1334,89060,0.859178,0.89,2,567671,566337,1334
20392401,41.2599,48.9741,1358,89060,0.83926,0.89,2,567719,566361,1358
20395321,42.1025,42.8523,1406,89060,0.823334,0.89,2,567767,566361,1406
20398241,42.8396,37.4958,1454,89060,0.811001,0.89,2,567815,566361,1454
20401161,43.4847,32.8088,1502,89060,0.801901,0.89,2,567863,566361,1502
20404081,44.0491,28.7077,1550,90520,0.797711,0.89,2,567911,566361,1550
20407001,44.543,25.1192,1598,90520,0.79594,0.89,2,567959,566361,1598
20409921,44.9751,21.9793,1646,90520,0.796346,0.89,2,568007,566361,1646
20409921,42.3532,19.2319,1670,90520,0.799711,0,2,568031,566361,1670
20409921,40.0591,16.8279,1694,90520,0.80374,0,2,568055,566361,1694
20409921,38.0517,14.7244,1718,90520,0.808366,0,2,568079,566361,1718
20409921,36.2952,12.8839,1742,89060,0.813529,0.85,2,568103,566361,1742
20409921,34.7583,11.2734,1766,88102,0.817176,0,2,568127,566361,1766
20409921,33.4135,9.86422,1790,87623,0.821459,0,2,568151,566361,1790
20409921,32.2368,8.63119,1814,87144,0.824313,0,2,568175,566361,1814
20409921,31.2072,7.5523,1838,86665,0.827882,0,2,568199,566361,1838
20409921,30.3063,6.60826,1862,86186,0.832093,0,2,568223,566361,1862
20409921,29.518,5.78223,1886,85707,0.834884,0,2,568247,566361,1886
20409921,28.9533,5.05945,1911,85228,0.838396,0,2,568272,566361,1911
20409921,28.3341,4.42702,1935,84749,0.842556,0,2,568296,566361,1935
20409921,27.7924,3.87364,1959,84270,0.8453,0,2,568320,566361,1959
20409921,27.3183,3.38943,1983,82331,0.84777,0,2,568344,566361,1983
20409921,26.9035,2.96576,2007,81852,0.849993,0,2,568368,566361,2007
20409921,26.5406,2.59504,2031,81373,0.849994,0,2,568392,566361,2031
20409921,26.223,2.27066,2055,79434,0.849995,0,2,568416,566361,2055
20409921,25.9451,1.98682,2079,78955,0.849995,0,2,568440,566361,2079
20409921,25.702,1.73847,2103,78475,0.847996,0,2,568464,566361,2103
20409921,25.4892,1.52116,2127,77996,0.846196,0,2,568488,566361,2127
20409921,25.3031,1.33102,2151,77517,0.844576,0,2,568512,566361,2151
20409921,25.1402,1.16464,2175,77038,0.841119,0,2,568536,566361,2175
20409921,24.9977,1.01906,2199,75099,0.838007,0,2,568560,566361,2199
20409921,24.873,0.891678,2223,74620,0.835206,0,2,568584,566361,2223
20409921,24.7638,0.780218,2247,74141,0.830686,0,2,568608,566361,2247
20409921,24.6684,0.682691,2271,73662,0.826617,0,2,568632,566361,2271
20409921,24.5848,0.597354,2295,73183,0.822955,0,2,568656,566361,2295
20409921,24.5117,0.522685,2319,72704,0.81766,0,2,568680,566361,2319
20409921,24.4478,0.457349,2343,72225,0.812894,0,2,568704,566361,2343
20409921,24.3918,0.400181,2367,71746,0.808604,0,2,568728,566361,2367
20409921,24.3428,0.350158,2391,71267,0.802744,0,2,568752,566361,2391
20409921,24.3,0.306388,2415,70788,0.79747,0,2,568776,566361,2415
20409921,24.2625,0.26809,2439,70309,0.792723,0,2,568800,566361,2439
20409921,24.2297,0.234579,2463,69830,0.78645,0,2,568824,566361,2463
20409921,24.2009,0.205256,2487,69350,0.780805,0,2,568848,566361,2487
20409921,24.1758,0.179599,2511,68871,0.775725,0,2,568872,566361,2511
20409921,24.1539,0.157149,2535,68392,0.769152,0,2,568896,566361,2535
20409921,24.1346,0.137506,2559,67913,0.763237,0,2,568920,566361,2559
20409921,24.1178,0.120317,2583,67434,0.757913,0,2,568944,566361,2583
20409921,24.1031,0.105278,2607,66955,0.751122,0,2,568968,566361,2607
20409921,24.0902,0.092118,2631,66476,0.74501,0,2,568992,566361,2631
20409921,24.0789,0.0806033,2655,65997,0.739509,0,2,569016,566361,2655
20409921,24.069,0.0705279,2679,65518,0.732558,0,2,569040,566361,2679
20409921,24.0604,0.0617119,2703,62780,0.724302,0,2,569064,566361,2703
20409921,24.0529,0.0539979,2727,62780,0.716872,0,2,569088,566361,2727
20409921,24.0463,0.0472482,2751,62780,0.710185,0,2,569112,566361,2751
20409921,24.0405,0.0413421,2775,62780,0.704166,0,2,569136,566361,2775
20534021,37.1966,72.5359,1127,68620,0.706572,0.69,2,570047,568920,1127
20536941,38.547,72.4689,1103,68620,0.735915,0.65,2,570095,568992,1103
20539861,39.7286,75.4103,1055,68620,0.762323,0.65,2,570143,569088,1055
20540001,38.1376,71.984,1034,70080,0.786091,0.64,2,570170,569136,1034
20540001,36.3704,62.986,1058,70080,0.807482,0,2,570194,569136,1058
20540001,34.8241,55.1128,1082,70080,0.826734,0,2,570218,569136,1082
20540001,33.4711,48.2237,1106,70080,0.84406,0,2,570242,569136,1106
20540001,32.2872,42.1957,1130,70080,0.859654,0,2,570266,569136,1130
20540001,31.2513,36.9212,1154,70080,0.873689,0,2,570290,569136,1154
20540001,30.3449,32.3061,1178,70080,0.88632,0,2,570314,569136,1178
20540001,29.5518,28.2678,1202,70080,0.896688,0,2,570338,569136,1202
20540001,28.8578,24.7343,1226,70080,0.904019,0,2,570362,569136,1226
20540001,28.2506,21.6426,1250,70080,0.908617,0,2,570386,569136,1250
20540001,27.7192,18.9372,1274,70080,0.910756,0,2,570410,569136,1274
20540001,27.2543,16.5701,1298,70080,0.91068,0,2,570434,569136,1298
20540001,26.8475,14.4988,1322,70080,0.908612,0,2,570458,569136,1322
20540001,26.4916,12.6865,1346,70080,0.904751,0,2,570482,569136,1346
20540001,26.1802,11.1007,1370,70080,0.899276,0,2,570506,569136,1370
20540001,25.9076,9.71308,1394,70080,0.892348,0,2,570530,569136,1394
20540001,25.6692,8.49894,1418,70080,0.884113,0,2,570554,569136,1418
20540001,25.4605,7.43657,1442,70080,0.874702,0,2,570578,569136,1442
20540001,25.278,6.507,1466,70080,0.864232,0,2,570602,569136,1466
20540001,25.1182,5.69363,1490,70080,0.852809,0,2,570626,569136,1490
20542921,27.9784,67.9819,1034,70080,0.838528,0.64,2,570674,569640,1034
20545841,30.4811,65.3592,1035,70080,0.825675,0.64,2,570722,569687,1035
20548761,32.671,63.1893,1035,70080,0.814107,0.64,2,570770,569735,1035
20551681,34.5871,58.2906,1059,70080,0.804697,0.64,2,570818,569759,1059
20554601,36.2637,51.0043,1107,70080,0.796227,0.64,2,570866,569759,1107
20557521,37.7308,44.6288,1155,70080,0.788604,0.64,2,570914,569759,1155
20560441,39.0144,39.0502,1203,71540,0.783744,0.64,2,570962,569759,1203
20562881,39.1376,34.1689,1243,71540,0.77937,0.64,2,571002,569759,1243
20565801,40.2454,61.2728,1040,71540,0.775433,0.64,2,571050,570010,1040
20568721,41.2147,53.6137,1088,71540,0.771889,0.64,2,571098,570010,1088
20571641,42.0629,46.912,1136,71540,0.7687,0.64,2,571146,570010,1136
20574561,42.805,41.048,1184,71540,0.76583,0.64,2,571194,570010,1184
20577481,43.4544,35.917,1232,71540,0.750247,0.64,2,571242,570010,1232
20580401,44.0226,31.4274,1280,71540,0.738223,0.64,2,571290,570010,1280
20583321,44.5198,27.4989,1328,73000,0.7314,0.64,2,571338,570010,1328
20586241,44.9548,24.0616,1376,73000,0.72726,0.64,2,571386,570010,1376
20589161,45.3355,21.0539,1424,73000,0.725534,0.64,2,571434,570010,1424
20592081,45.6685,18.4221,1472,73000,0.725981,0.64,2,571482,570010,1472
20595001,45.96,16.1194,1520,73000,0.728383,0.64,2,571530,570010,1520
20597921,46.215,14.1045,1568,73000,0.730545,0.64,2,571578,570010,1568
20597921,43.4381,12.3414,1592,73000,0.73449,0,2,571602,570010,1592
20597921,41.0083,10.7987,1616,73000,0.738041,0,2,571626,570010,1616
20597921,38.8823,9.44888,1640,73000,0.741237,0,2,571650,570010,1640
20597921,37.022,8.26777,1664,71540,0.744113,0.77,2,571674,570010,1664
20597921,35.3943,7.2343,1688,70586,0.744702,0,2,571698,570010,1688
20597921,33.97,6.33001,1712,70109,0.745232,0,2,571722,570010,1712
20597921,32.7237,5.53876,1736,69631,0.743709,0,2,571746,570010,1736
20597921,31.6333,4.84642,1760,69154,0.742338,0,2,571770,570010,1760
20597921,30.6791,4.24061,1784,68677,0.741104,0,2,571794,570010,1784
20597921,29.8442,3.71054,1808,68199,0.737994,0,2,571818,570010,1808
20597921,29.1137,3.24672,1832,67722,0.735194,0,2,571842,570010,1832
20597921,28.4745,2.84088,1856,67245,0.732675,0,2,571866,570010,1856
20597921,27.9152,2.48577,1880,66767,0.728407,0,2,571890,570010,1880
20597921,27.4258,2.17505,1904,66290,0.724567,0,2,571914,570010,1904
20597921,26.9975,1.90317,1928,65813,0.72111,0,2,571938,570010,1928
20597921,26.6229,1.66527,1952,65335,0.715999,0,2,571962,570010,1952
20597921,26.295,1.45711,1976,64858,0.711399,0,2,571986,570010,1976
20597921,26.0081,1.27497,2000,64381,0.707259,0,2,572010,570010,2000
20597921,25.7571,1.1156,2024,63904,0.701533,0,2,572034,570010,2024
20597921,24.1588,0.100845,2456,55312,0.594186,0,1,572466,570010,2456
20597921,24.139,0.0882393,2480,54835,0.587768,0,1,572490,570010,2480
20597921,24.1216,0.0772094,2504,54357,0.581991,0,1,572514,570010,2504
20597921,24.1064,0.0675582,2528,53880,0.574792,0,1,572538,570010,2528
20597921,24.0931,0.0591135,2552,51100,0.566313,0,1,572562,570010,2552
20597921,24.0815,0.0517243,2576,51100,0.558681,0,1,572586,570010,2576
20597921,24.0713,0.0452587,2600,51100,0.551813,0,1,572610,570010,2600
20597921,24.0624,0.0396014,2624,51100,0.545632,0,1,572634,570010,2624
20597921,24.0546,0.0346512,2648,51100,0.540069,0,1,572658,570010,2648
20597921,24.0478,0.0303198,2672,51100,0.535062,0,1,572682,570010,2672
20597921,24.0418,0.0265298,2696,51100,0.530556,0,1,572706,570010,2696
20597921,24.0366,0.0232136,2720,51100,0.5265,0,1,572730,570010,2720
20597921,24.032,0.0203119,2744,51100,0.52285,0,1,572754,570010,2744
20597921,24.028,0.0177729,2768,51100,0.519565,0,1,572778,570010,2768
20597921,24.0245,0.0155513,2792,51100,0.516609,0,1,572802,570010,2792
20673841,24.0214,205.014,1176,51100,0.513948,0.75,1,572826,571650,1176
20676761,27.0188,185.387,1176,52560,0.511553,0.73,1,572874,571698,1176
20679681,29.6414,171.214,1152,54020,0.511398,0.71,1,572922,571770,1152
20682601,31.9362,158.812,1128,55480,0.513258,0.69,1,572970,571842,1128
20685521,33.9442,147.96,1104,55480,0.514932,0.67,1,573018,571914,1104
20688441,35.7012,138.465,1080,56940,0.518439,0.65,1,573066,571986,1080
20691361,37.2385,130.157,1056,56940,0.521595,0.63,1,573114,572058,1056
20694281,38.5837,122.888,1032,56940,0.524435,0.61,1,573162,572130,1032
20697201,39.7608,116.527,1008,56940,0.526992,0.59,1,573210,572202,1008
20700121,40.7907,110.961,984,56940,0.529293,0.57,1,573258,572274,984
20703041,41.6918,106.091,960,58400,0.533363,0.55,1,573306,572346,960
20705961,42.4803,101.829,936,58400,0.537027,0.53,1,573354,572418,936
20708881,43.1703,98.1007,912,58400,0.540324,0.49,1,573402,572490,912
20711801,43.774,97.8381,864,58400,0.543292,0.49,1,573450,572586,864
20714721,44.3023,91.6083,864,58400,0.545963,0.49,1,573498,572634,864
20717641,44.7645,86.1573,864,58400,0.548366,0.49,1,573546,572682,864
20720561,45.1689,81.3876,864,58400,0.55053,0.49,1,573594,572730,864
20723481,45.5228,77.2142,864,59860,0.554477,0.49,1,573642,572778,864
20726401,45.8325,73.5624,864,59860,0.558029,0.49,1,573690,572826,864
20729321,46.1034,70.3671,864,59860,0.561226,0.49,1,573738,572874,864
20732241,46.3405,61.5712,912,59860,0.564104,0.51,1,573786,572874,912
20735161,46.5479,59.8748,912,59860,0.566693,0.53,1,573834,572922,912
20738081,46.7294,58.3905,912,59860,0.569024,0.53,1,573882,572970,912
20741001,46.8882,57.0916,912,59860,0.571122,0.53,1,573930,573018,912
20743921,47.0272,49.9552,960,59860,0.573009,0.55,1,573978,573018,960
20746841,47.1488,49.7108,960,59860,0.574708,0.55,1,574026,573066,960
20749761,47.2552,49.4969,960,59860,0.576238,0.55,1,574074,573114,960
20752681,47.3483,49.3098,960,59860,0.577614,0.55,1,574122,573162,960
20755601,47.4298,49.1461,960,59860,0.578852,0.55,1,574170,573210,960
20758521,47.5011,49.0028,960,59860,0.579967,0.57,1,574218,573258,960
20761441,47.5634,48.8775,960,59860,0.580971,0.57,1,574266,573306,960
20764361,47.618,48.7678,960,59860,0.581873,0.57,1,574314,573354,960
20767281,47.6657,48.6718,960,59860,0.582686,0.57,1,574362,573402,960
20770201,47.7075,48.5878,960,59860,0.583417,0.57,1,574410,573450,960
20773121,47.7441,48.5144,960,59860,0.584076,0.57,1,574458,573498,960
20776041,47.7761,48.4501,960,59860,0.584668,0.57,1,574506,573546,960
20778961,47.8041,48.3938,960,59860,0.585201,0.57,1,574554,573594,960
20781881,47.8286,42.3446,1008,59860,0.585681,0.59,1,574602,573594,1008
20784801,47.85,43.0515,1008,61320,0.588113,0.59,1,574650,573642,1008
20787721,47.8687,43.6701,1008,61320,0.590302,0.59,1,574698,573690,1008
20790641,47.8851,44.2113,1008,61320,0.592272,0.59,1,574746,573738,1008
20793561,47.8995,44.6849,1008,61320,0.594044,0.59,1,574794,573786,1008
20796481,47.9121,45.0993,1008,61320,0.59564,0.59,1,574842,573834,1008
20799401,47.9231,45.4619,1008,61320,0.597076,0.59,1,574890,573882,1008
20802321,47.9327,45.7791,1008,61320,0.598368,0.59,1,574938,573930,1008
20805241,47.9411,46.0567,1008,61320,0.599532,0.59,1,574986,573978,1008
20974601,48,45.9375,1056,67160,0.595639,0.65,1,577770,576714,1056
20977521,48,46.1953,1056,68620,0.576075,0.65,1,577818,576762,1056
20980441,48,46.4209,1056,68620,0.554468,0.65,1,577866,576810,1056
20983361,48,46.6183,1056,68620,0.531021,0.65,1,577914,576858,1056
20986281,48,46.791,1056,68620,0.505919,0.65,1,577962,576906,1056
20989201,48,46.9421,1056,70080,0.479327,0.65,1,578010,576954,1056
20992121,48,47.0744,1056,70080,0.451394,0.65,1,578058,577002,1056
20995041,48,47.1901,1056,70080,0.422255,0.65,1,578106,577050,1056
20997961,48,47.2913,1056,71540,0.392029,0.65,1,578154,577098,1056
21000881,48,47.3799,1056,71540,0.360827,0.65,1,578202,577146,1056
21003801,48,41.4574,1104,71540,0.328744,0.67,1,578250,577146,1104
21006721,48,42.2752,1104,73000,0.295869,0.67,1,578298,577194,1104
21009641,48,42.9908,1104,73000,0.266283,0.67,1,578346,577242,1104
21012561,48,43.617,1104,73000,0.239654,0.67,1,578394,577290,1104
21015481,48,44.1649,1104,74460,0.215689,0.67,1,578442,577338,1104
21018401,48,44.6442,1104,74460,0.19412,0.67,1,578490,577386,1104
21020481,46.25,45.0637,1090,74460,0.174708,0,1,578524,577434,1090
21023401,486.969,588.431,270,75920,0.238237,0,1,582096,581826,270
21026321,432.098,514.877,318,77380,0.297413,0,1,582144,581826,318
21029241,384.085,450.517,366,78840,0.352672,0,1,582192,581826,366
21032161,342.075,394.203,414,80300,0.404405,0,1,582240,581826,414
21035081,305.315,344.927,462,81760,0.452964,0,1,582288,581826,462
21038001,273.151,301.811,510,83220,0.498668,0,1,582336,581826,510
21040921,245.007,264.085,558,84680,0.541801,0,1,582384,581826,558
21043841,220.381,231.074,606,86140,0.582621,0,1,582432,581826,606
21055521,149.047,135.452,798,91980,0.723161,0,2,582624,581826,798
21058441,136.416,118.52,846,93440,0.750845,0,2,582672,581826,846
21061361,125.364,103.705,894,94900,0.77576,0,2,582720,581826,894
21064281,115.693,90.7419,942,96360,0.798184,0,2,582768,581826,942
21067201,107.232,79.3992,990,97820,0.818366,0,2,582816,581826,990
21070121,99.8278,69.4743,1038,99280,0.836529,0,2,582864,581826,1038
21073041,93.3493,60.79,1086,100740,0.852876,0,2,582912,581826,1086
21075961,87.6806,53.1913,1134,102200,0.867589,0,2,582960,581826,1134
21078881,82.7206,46.5424,1182,103660,0.88083,0,2,583008,581826,1182
21081801,78.3805,40.7246,1230,105120,0.892747,0,2,583056,581826,1230
21084721,74.5829,35.634,1278,106580,0.903472,0,2,583104,581826,1278
21087641,71.2601,31.1797,1326,108040,0.913125,0,2,583152,581826,1326
21090561,68.3525,27.2823,1374,109500,0.921812,0,2,583200,581826,1374
21093481,65.8085,23.872,1422,110960,0.929631,0,2,583248,581826,1422
21096401,63.5824,20.888,1470,112420,0.936668,0.81,2,583296,581826,1470
21099321,61.6346,52.027,1248,113880,0.943001,0.81,2,583344,582096,1248
21102241,59.9303,45.5236,1296,115340,0.948701,0.83,2,583392,582096,1296
21122681,52.685,38.2604,1392,125560,0.946146,0.93,2,583728,582336,1392
21125601,52.0994,39.4779,1392,127020,0.929531,0.93,2,583776,582384,1392
21128521,51.5869,34.5432,1440,128480,0.906578,0.95,2,583824,582384,1440
21131441,51.1386,36.2253,1440,129940,0.87792,0.97,2,583872,582432,1440
21134361,50.7462,37.6971,1440,131400,0.844128,0.97,2,583920,582480,1440
21137281,50.403,32.985,1488,132860,0.805716,0.99,2,583968,582480,1488
21140201,50.1026,34.8618,1488,134320,0.766144,1,2,584016,582528,1488
21141661,49.8398,36.5041,1488,135780,0.71953,1,2,584064,582576,1488
21141661,41.4356,24.4549,1561,72040,0.585397,0.22,1,584137,582576,1561
21141661,39.2562,21.398,1585,72040,0.544857,0,1,584161,582576,1585
21141661,37.3492,18.7233,1609,72040,0.507372,0,1,584185,582576,1609
21141661,35.6805,16.3829,1633,70580,0.474634,0,1,584209,582576,1633
21141661,34.2204,14.335,1657,69120,0.446171,0,1,584233,582576,1657
21141661,32.9429,12.5431,1681,67660,0.421554,0,1,584257,582576,1681
21141661,31.825,10.9752,1705,66200,0.400399,0,1,584281,582576,1705
21141661,30.8469,9.60334,1729,64740,0.382359,0,1,584305,582576,1729
21141661,29.991,8.40292,1753,64740,0.367123,0,1,584329,582576,1753
21141661,29.2422,7.35256,1777,60360,0.354411,0,1,584353,582576,1777
21141661,28.5869,6.43349,1801,57440,0.343969,0,1,584377,582576,1801
21141661,28.0135,5.6293,1825,55980,0.335573,0,1,584401,582576,1825
21141661,27.5118,4.92564,1849,53060,0.329015,0,1,584425,582576,1849
21141661,27.0729,4.30993,1873,50140,0.324114,0,1,584449,582576,1873
21141661,26.6887,3.77119,1897,47220,0.320702,0,1,584473,582576,1897
21141661,26.3527,3.29979,1921,44300,0.317632,0,1,584497,582576,1921
21141661,26.0586,2.88732,1945,44300,0.314869,0,1,584521,582576,1945
21141661,25.8013,2.5264,1969,42840,0.312382,0,1,584545,582576,1969
21141661,25.5761,2.2106,1993,42840,0.310144,0,1,584569,582576,1993
21141661,25.3791,1.93428,2017,41380,0.308129,0,1,584593,582576,2017
21141661,25.2067,1.69249,2041,41380,0.306316,0,1,584617,582576,2041
21141661,25.0559,1.48093,2065,39920,0.304685,0,1,584641,582576,2065
21141661,24.9239,1.29582,2089,39920,0.303216,0,1,584665,582576,2089
21141661,22.8084,1.13384,2097,38460,0.301895,0,1,584673,582576,2097
21147501,22.9573,192.992,585,38460,0.298705,0.2,1,584697,584112,585
21150421,23.0877,171.993,584,39920,0.297835,0.18,1,584721,584137,584
21153341,23.2017,153.494,584,40880,0.299051,0.17,1,584745,584161,584
21156261,23.3015,137.307,584,39920,0.298146,0.18,1,584769,584185,584
21159181,23.3888,123.144,584,40880,0.299332,0.19,1,584793,584209,584
21163561,23.4652,110.751,584,39920,0.298398,0.2,1,584817,584233,584
21165021,23.5321,99.907,584,40880,0.299559,0.21,1,584841,584257,584
21166481,23.5906,90.4186,584,39920,0.298603,0.22,1,584865,584281,584
21169401,23.6417,82.1163,584,40880,0.299742,0.24,1,584889,584305,584
21169401,23.6865,71.8517,608,39920,0.298768,0,1,584913,584305,608
21170861,23.7257,68.8703,584,36500,0.297891,0.25,1,584937,584353,584
21173781,23.76,63.2615,584,37960,0.299102,0.26,1,584961,584377,584
21176701,23.79,58.3538,584,37000,0.298192,0.27,1,584985,584401,584
21178161,23.8162,54.0596,584,37960,0.299373,0.28,1,585009,584425,584
21181081,23.8392,50.3021,584,37000,0.298436,0.29,1,585033,584449,584
21182541,23.8593,47.0144,584,37960,0.299592,0.29,1,585057,584473,584
21185461,23.8769,44.1376,584,37000,0.298633,0.29,1,585081,584497,584
21186921,23.8923,41.6204,584,37960,0.299769,0.29,1,585105,584521,584
21189841,23.9057,39.4178,584,37000,0.298793,0.29,1,585129,584545,584
21191301,23.9175,37.4906,584,37960,0.299913,0.29,1,585153,584569,584
21195681,23.9278,35.8043,584,37000,0.298922,0.29,1,585177,584593,584
21200061,23.9369,34.3287,584,37960,0.30003,0.29,1,585201,584617,584
21204441,23.9448,33.0376,584,37000,0.299027,0.29,1,585225,584641,584
21208821,23.9517,31.9079,584,37960,0.300124,0.27,1,585249,584665,584
21213201,23.8327,31.9194,575,37000,0.299112,0.29,1,585272,584697,575
21213201,23.8536,27.9295,599,37960,0.300201,0,1,585296,584697,599
21213201,23.8719,24.4383,623,37960,0.30118,0,1,585320,584697,623
21213201,23.8879,21.3835,647,37960,0.302062,0,1,585344,584697,647
21213201,23.9019,18.7106,671,37960,0.302856,0,1,585368,584697,671
21213201,23.9142,16.3718,695,37960,0.303571,0,1,585392,584697,695
21213201,23.9249,14.3253,719,37960,0.304213,0,1,585416,584697,719
21213201,23.9343,12.5346,743,37960,0.304792,0,1,585440,584697,743
21213201,23.9425,10.9678,767,37960,0.305313,0,1,585464,584697,767
21213201,23.9497,9.59683,791,37960,0.305782,0,1,585488,584697,791
21214661,23.956,35.3972,599,37960,0.306203,0.29,1,585512,584913,599
21232681,23.9615,33.9726,599,37000,0.304583,0.29,1,585536,584937,599
21235601,26.9663,29.726,647,96360,0.306125,0.29,1,585584,584937,647
21238521,29.5955,32.0103,647,97820,0.303512,0.29,1,585632,584985,647
21241441,31.8961,34.009,647,97820,0.297161,0.29,1,585680,585033,647
21244361,33.9091,35.7578,647,97820,0.287445,0.29,1,585728,585081,647
21247281,35.6704,37.2881,647,99280,0.2747,0.29,1,585776,585129,647
21250201,37.2116,38.6271,647,99280,0.25923,0.29,1,585824,585177,647
21253121,38.5602,39.7987,647,99280,0.241307,0.29,1,585872,585225,647
21256041,39.7402,40.6989,648,100740,0.221177,0.31,1,585920,585272,648
21258961,40.7726,41.6115,648,100740,0.199059,0.31,1,585968,585320,648
21261881,41.6761,42.4101,648,100740,0.179153,0.31,1,586016,585368,648
21264801,42.4665,43.1088,648,102200,0.161238,0.31,1,586064,585416,648
21267721,43.1582,43.7202,648,102200,0.145114,0.29,1,586112,585464,648
21270641,43.7635,47.2552,624,103660,0.130603,0.29,1,586160,585536,624
21272161,41.418,41.3483,649,103660,0.117542,0,1,586185,585536,649
21275081,264.741,312.055,270,103660,0.205788,0,1,588013,587743,270
21278001,237.648,273.048,318,105120,0.285209,0,1,588061,587743,318
21280921,213.942,238.917,366,106580,0.356688,0,1,588109,587743,366
21283841,193.199,209.052,414,108040,0.42102,0,1,588157,587743,414
21286761,175.049,182.921,462,108040,0.478918,0,1,588205,587743,462
21289681,159.168,160.056,510,109500,0.531026,0,1,588253,587743,510
21292601,145.272,140.049,558,109500,0.577923,0,1,588301,587743,558
21304281,105.019,82.094,750,112420,0.723075,0,2,588493,587743,750
21307201,97.8918,71.8322,798,113880,0.750768,0,2,588541,587743,798
21310121,91.6553,62.8532,846,113880,0.775691,0,2,588589,587743,846
21313041,86.1984,54.9966,894,115340,0.798122,0,2,588637,587743,894
21315961,81.4236,48.122,942,115340,0.81831,0,2,588685,587743,942
21318881,77.2457,42.1067,990,115340,0.836479,0,2,588733,587743,990
21321801,73.59,36.8434,1038,116800,0.852831,0,2,588781,587743,1038
21324721,70.3912,32.238,1086,116800,0.867548,0,2,588829,587743,1086
21327641,67.5923,28.2082,1134,116800,0.880793,0,2,588877,587743,1134
21330561,65.1433,24.6822,1182,118260,0.892714,0,2,588925,587743,1182
21333481,63.0004,21.5969,1230,118260,0.898442,0,2,588973,587743,1230
21336401,61.1253,18.8973,1278,118260,0.896598,0,2,589021,587743,1278
21339321,59.4847,16.5351,1326,119720,0.887938,0,2,589069,587743,1326
21342241,58.0491,14.4683,1374,119720,0.875144,0,2,589117,587743,1374
21345161,56.7929,12.6597,1422,119720,0.85963,0,2,589165,587743,1422
21348081,55.6938,11.0773,1470,121180,0.838667,0,2,589213,587743,1470
21351001,54.7321,9.6926,1518,121180,0.8148,0,2,589261,587743,1518
21351001,50.8906,8.48102,1542,121180,0.82032,0,2,589285,587743,1542
21351001,47.5293,7.4209,1566,121180,0.826288,0,2,589309,587743,1566
21351001,44.5881,6.49328,1590,121180,0.829659,0,2,589333,587743,1590
21351001,42.0146,5.68162,1614,118400,0.831693,0.86,2,589357,587743,1614
21351001,39.8878,4.97142,1639,117494,0.832524,0,2,589382,587743,1639
21351001,37.9018,4.34999,1663,117041,0.831272,0,2,589406,587743,1663
21351001,36.1641,3.80624,1687,116588,0.827145,0,2,589430,587743,1687
21351001,34.6436,3.33046,1711,114675,0.82443,0,2,589454,587743,1711
21351001,33.3131,2.91416,1735,114222,0.820987,0,2,589478,587743,1735
21351001,32.149,2.54989,1759,112309,0.816888,0,2,589502,587743,1759
21351001,31.1304,2.23115,1783,110396,0.8112,0,2,589526,587743,1783
21351001,30.2391,1.95226,1807,109943,0.80508,0,2,589550,587743,1807
21351001,29.4592,1.70822,1831,108030,0.798572,0,2,589574,587743,1831
21351001,28.7768,1.4947,1855,106117,0.791714,0,2,589598,587743,1855
21351001,28.1797,1.30786,1879,105664,0.786543,0,2,589622,587743,1879
21351001,27.6572,1.14438,1903,102291,0.777889,0,2,589646,587743,1903
21351001,27.2001,1.00133,1927,100378,0.7691,0,2,589670,587743,1927
21351001,26.8001,0.876163,1951,99925,0.76219,0,2,589694,587743,1951
21351001,26.4501,0.766643,1975,96552,0.756971,0,2,589718,587743,1975
21351001,26.1438,0.670813,1999,94639,0.751274,0,2,589742,587743,1999
21351001,25.8758,0.586961,2023,94186,0.747146,0,2,589766,587743,2023
21351001,25.6413,0.513591,2047,90812,0.744432,0,2,589790,587743,2047
21351001,25.4362,0.449392,2071,90359,0.740989,0,2,589814,587743,2071
21351001,25.2567,0.393218,2095,86986,0.73889,0,2,589838,587743,2095
21351001,25.0996,0.344066,2119,83360,0.738001,0,2,589862,587743,2119
21351001,24.9621,0.301058,2143,83360,0.738201,0,2,589886,587743,2143
21351001,24.8419,0.263425,2167,80440,0.739381,0,2,589910,587743,2167
21351001,24.7366,0.230497,2191,80440,0.741443,0,2,589934,587743,2191
21351001,24.6445,0.201685,2215,77520,0.744298,0,2,589958,587743,2215
21351001,24.564,0.176474,2239,74600,0.747868,0,2,589982,587743,2239
21351001,24.4935,0.154415,2263,74600,0.752082,0,2,590006,587743,2263
21351001,24.4318,0.135113,2287,74600,0.756873,0,2,590030,587743,2287
21351001,24.3778,0.118224,2311,74600,0.762186,0,2,590054,587743,2311
21351001,24.3306,0.103446,2335,74600,0.766967,0,2,590078,587743,2335
21351001,24.2893,0.0905153,2359,74600,0.771271,0,2,590102,587743,2359
21351001,24.2531,0.0792009,2383,74600,0.775144,0,2,590126,587743,2383
21351001,24.2215,0.0693008,2407,74600,0.778629,0,2,590150,587743,2407
21351001,24.1938,0.0606382,2431,74600,0.781766,0,2,590174,587743,2431
21351001,24.1696,0.0530584,2455,74600,0.78459,0,2,590198,587743,2455
21351001,24.1484,0.0464261,2479,74600,0.786131,0,2,590222,587743,2479
21351001,24.1298,0.0406228,2503,73260,0.787518,0,2,590246,587743,2503
21351001,24.1136,0.035545,2527,73260,0.788766,0,2,590270,587743,2527
21351001,24.0994,0.0311019,2551,73260,0.789889,0,2,590294,587743,2551
21351001,21.462,0.0272141,2554,73260,0.7929,0,2,590297,587743,2554
21351001,21.7792,0.0238124,2578,73260,0.79361,0,2,590321,587743,2578
21351001,22.0568,0.0208358,2602,73260,0.794249,0,2,590345,587743,2602
21351001,22.2997,0.0182313,2626,73120,0.794824,0,2,590369,587743,2626
21351001,22.5123,0.0159524,2650,73120,0.795342,0,2,590393,587743,2650
21351001,22.6982,0.0139584,2674,73120,0.795808,0,2,590417,587743,2674
21351001,22.8609,0.0122136,2698,73120,0.796227,0,2,590441,587743,2698
21351001,23.0033,0.0106869,2722,73120,0.796604,0,2,590465,587743,2722
21351001,23.1279,0.00935102,2746,73120,0.796944,0,2,590489,587743,2746
21351001,23.2369,0.00818214,2770,73120,0.797249,0,2,590513,587743,2770
21351001,23.3323,0.00715937,2794,73120,0.797525,0,2,590537,587743,2794
21351001,23.4158,0.00626445,2818,73120,0.797772,0,2,590561,587743,2818
21351001,23.4888,0.0054814,2842,73120,0.797995,0,2,590585,587743,2842
21351001,23.5527,0.00479622,2866,73120,0.798195,0,2,590609,587743,2866
21351001,23.6086,0.00419669,2890,73120,0.798376,0,2,590633,587743,2890
21351001,23.6575,0.00367211,2914,73120,0.798538,0,2,590657,587743,2914
21351001,23.7003,0.00321309,2938,73120,0.798684,0,2,590681,587743,2938
21351001,23.7378,0.00281146,2962,73120,0.798816,0,2,590705,587743,2962
21358301,23.7706,198.752,1396,73120,0.798934,0.79,2,590729,589333,1396
21358301,23.7993,173.908,1420,84680,0.814041,0,2,590753,589333,1420
21362681,23.8243,164.295,1347,83460,0.826637,0.78,2,590777,589430,1347
21362681,23.8463,143.758,1371,84680,0.837973,0,2,590801,589430,1371
21365601,23.8655,134.788,1323,83440,0.848176,0.76,2,590825,589502,1323
21369981,23.8823,120.94,1323,84680,0.857358,0.74,2,590849,589526,1323
21372901,23.897,111.822,1299,84680,0.865622,0.73,2,590873,589574,1299
21377281,23.9099,100.844,1299,84680,0.87306,0.7,2,590897,589598,1299
21378741,23.9212,94.2389,1275,84680,0.879754,0.69,2,590921,589646,1275
21381661,23.931,85.459,1275,84680,0.885779,0.7,2,590945,589670,1275
21386041,23.9396,77.7767,1275,84680,0.891201,0.7,2,590969,589694,1275
21387501,23.9472,74.0546,1251,84680,0.896081,0.71,2,590993,589742,1251
21390421,23.9538,67.7978,1251,84680,0.900473,0.71,2,591017,589766,1251
21394801,23.9596,65.323,1227,84680,0.904425,0.72,2,591041,589814,1227
21396261,23.9646,60.1577,1227,84680,0.907983,0.73,2,591065,589838,1227
21400641,23.969,55.638,1227,84680,0.911185,0.74,2,591089,589862,1227
21402101,23.9729,51.6832,1227,84680,0.914066,0.75,2,591113,589886,1227
21405021,23.9763,48.2228,1227,84680,0.91666,0.76,2,591137,589910,1227
21406481,23.9793,45.195,1227,84680,0.918994,0.77,2,591161,589934,1227
21410861,23.9819,42.5456,1227,84680,0.920094,0.78,2,591185,589958,1227
21412321,23.9841,40.2274,1227,84680,0.921085,0.79,2,591209,589982,1227
21416701,23.9861,38.199,1227,84680,0.921976,0.8,2,591233,590006,1227
21418161,23.9878,36.4241,1227,84680,0.922779,0.81,2,591257,590030,1227
21421081,23.8644,34.8711,1226,84680,0.923501,0.81,2,591280,590054,1226
21422541,23.8813,33.5122,1226,84680,0.924151,0.81,2,591304,590078,1226
21476701,23.8962,32.3232,1226,84680,0.924736,0.8,2,591328,590102,1226
21479621,26.9091,31.2828,1250,86140,0.932262,0.8,2,591376,590126,1250
21481201,26.7955,33.3724,1228,87600,0.939036,0.94,2,591402,590174,1228
21481201,26.4461,29.2009,1252,89060,0.945132,0,2,591426,590174,1252
21517681,43.268,50.2868,1394,93440,0.943602,0.93,2,592627,591233,1394
21520601,43.8595,49.8759,1395,93440,0.927242,0.93,2,592675,591280,1395
21523521,44.3771,49.6414,1395,93440,0.914518,0.93,2,592723,591328,1395
21526441,44.8299,43.4363,1443,94900,0.907066,0.93,2,592771,591328,1443
21529361,45.2262,38.0067,1491,94900,0.902359,0.93,2,592819,591328,1491
21532281,45.5729,33.2559,1539,94900,0.900123,0.93,2,592867,591328,1539
21535201,45.8763,29.0989,1587,94900,0.900111,0.93,2,592915,591328,1587
21538121,46.1418,25.4615,1635,94900,0.9011,0.93,2,592963,591328,1635
21541041,46.374,22.2788,1683,94900,0.90399,0.93,2,593011,591328,1683
21541041,43.5773,19.494,1707,94900,0.909591,0,2,593035,591328,1707
21541041,41.1301,17.0572,1731,94900,0.915632,0,2,593059,591328,1731
21541041,38.9889,14.9251,1755,94900,0.922069,0,2,593083,591328,1755
21541041,37.1153,13.0594,1779,92220,0.928862,0.98,2,593107,591328,1779
21541041,35.4758,11.427,1803,91286,0.933976,0,2,593131,591328,1803
21541041,34.0414,9.99864,1827,90819,0.939578,0,2,593155,591328,1827
21541041,32.7862,8.74881,1851,90352,0.94262,0,2,593179,591328,1851
21541041,29.1879,7.65521,1855,89885,0.947358,0,2,593183,591328,1855
21541041,28.5394,6.69831,1879,89809,0.949622,0,2,593207,591328,1879
21541041,27.1368,4.48734,1952,88408,0.949535,0,2,593280,591328,1952
21541041,26.7447,3.92643,1976,86481,0.949581,0,2,593304,591328,1976
21541041,26.4016,3.43562,2000,86014,0.947623,0,2,593328,591328,2000
21541041,26.1014,3.00617,2024,85547,0.945861,0,2,593352,591328,2024
21541041,25.8387,2.6304,2048,85080,0.944275,0,2,593376,591328,2048
21541041,25.6089,2.3016,2072,83152,0.940847,0,2,593400,591328,2072
21541041,25.4078,2.0139,2096,82685,0.936763,0,2,593424,591328,2096
21541041,25.2318,1.76216,2120,82218,0.934086,0,2,593448,591328,2120
21541041,25.0778,1.54189,2144,81751,0.928678,0,2,593472,591328,2144
21541041,24.9431,1.34915,2168,81284,0.92481,0,2,593496,591328,2168
21541041,24.8252,1.18051,2192,80817,0.920329,0,2,593520,591328,2192
21541041,24.7221,1.03295,2216,80350,0.917296,0,2,593544,591328,2216
21541041,24.6318,0.903828,2240,79883,0.911566,0,2,593568,591328,2240
21541041,24.5528,0.79085,2264,79416,0.90741,0,2,593592,591328,2264
21541041,24.4837,0.691994,2288,78949,0.902669,0,2,593616,591328,2288
21541041,24.4233,0.605494,2312,78482,0.897402,0,2,593640,591328,2312
21541041,24.3703,0.529808,2336,78015,0.890662,0,2,593664,591328,2336
21541041,24.3241,0.463582,2360,77548,0.883596,0,2,593688,591328,2360
21541041,24.2835,0.405634,2384,77081,0.876236,0,2,593712,591328,2384
21541041,24.2481,0.35493,2408,76614,0.870612,0,2,593736,591328,2408
21541041,24.2171,0.310563,2432,76147,0.866551,0,2,593760,591328,2432
21541041,24.19,0.271743,2456,75680,0.860896,0,2,593784,591328,2456
21541041,24.1662,0.237775,2480,75213,0.855806,0,2,593808,591328,2480
21541041,24.1454,0.208053,2504,74746,0.851226,0,2,593832,591328,2504
21541041,24.1273,0.182047,2528,74279,0.845103,0,2,593856,591328,2528
21541041,24.1113,0.159291,2552,73812,0.839593,0,2,593880,591328,2552
21541041,24.0974,0.139379,2576,73345,0.834634,0,2,593904,591328,2576
21541041,24.0853,0.121957,2600,72878,0.82817,0,2,593928,591328,2600
21541041,24.0746,0.106712,2624,72411,0.822353,0,2,593952,591328,2624
21541041,24.0653,0.0933733,2648,71944,0.817118,0,2,593976,591328,2648
21541041,24.0571,0.0817017,2672,71477,0.810406,0,2,594000,591328,2672
21541041,24.05,0.071489,2696,71010,0.805366,0,2,594024,591328,2696
21541041,24.0437,0.0625528,2720,70543,0.800829,0,2,594048,591328,2720
21541041,24.0383,0.0547337,2744,70076,0.794746,0,2,594072,591328,2744
21541041,24.0335,0.047892,2768,69609,0.789271,0,2,594096,591328,2768
21541041,24.0293,0.0419055,2792,69142,0.784344,0,2,594120,591328,2792
21541041,24.0256,0.0366673,2816,68675,0.77791,0,2,594144,591328,2816
21541041,24.0224,0.0320839,2840,66000,0.770119,0,2,594168,591328,2840
21541041,24.0196,0.0280734,2864,65700,0.761107,0,2,594192,591328,2864
21541041,24.0172,0.0245642,2888,64540,0.752996,0,2,594216,591328,2888
21541041,24.015,0.0214937,2912,64540,0.745697,0,2,594240,591328,2912
21541041,24.0131,0.018807,2936,64540,0.739127,0,2,594264,591328,2936
21541041,24.0115,0.0164561,2960,64540,0.733214,0,2,594288,591328,2960
21541041,24.0101,0.0143991,2984,64540,0.727893,0,2,594312,591328,2984
21541041,24.0088,0.0125992,3008,64540,0.723104,0,2,594336,591328,3008
21541041,24.0077,0.0110243,3032,64540,0.718793,0,2,594360,591328,3032
21541041,24.0067,0.00964628,3056,64540,0.714914,0,2,594384,591328,3056
21541041,24.0059,0.00844049,3080,64540,0.711423,0,2,594408,591328,3080
21541041,24.0052,0.00738543,3104,64540,0.70828,0,2,594432,591328,3104
21541041,24.0045,0.00646225,3128,64540,0.705452,0,2,594456,591328,3128
21541041,24.004,0.00565447,3152,64540,0.702907,0,2,594480,591328,3152
21541041,24.0035,0.00494766,3176,64540,0.700616,0,2,594504,591328,3176
21649321,26.9275,96.5177,1367,67160,0.71847,0.89,2,594791,593424,1367
21652241,29.5616,93.453,1343,68620,0.746623,0.86,2,594839,593496,1343
21655161,31.8664,90.7713,1319,70080,0.77196,0.85,2,594887,593568,1319
21658081,33.8831,88.4249,1295,71540,0.793764,0.81,2,594935,593640,1295
21661001,35.6477,86.3718,1271,73000,0.813388,0.81,2,594983,593712,1271
21663921,37.1917,84.5753,1247,73000,0.831049,0.79,2,595031,593784,1247
21666841,38.5428,83.0034,1223,73000,0.846944,0.77,2,595079,593856,1223
21669761,39.7249,81.628,1199,73000,0.86125,0.75,2,595127,593928,1199
21671521,38.3843,80.4245,1156,73000,0.875125,0.68,2,595156,594000,1156
21671521,36.5863,70.3714,1180,73000,0.887612,0,2,595180,594000,1180
21671521,35.013,61.575,1204,73000,0.898851,0,2,595204,594000,1204
21671521,33.6364,53.8781,1228,73000,0.908966,0,2,595228,594000,1228
21671521,32.4318,47.1434,1252,73000,0.918069,0,2,595252,594000,1252
21671521,31.3778,41.2504,1276,73000,0.926262,0,2,595276,594000,1276
21671521,30.4556,36.0941,1300,73000,0.933636,0,2,595300,594000,1300
21671521,29.6487,31.5824,1324,73000,0.940273,0,2,595324,594000,1324
21671521,28.9426,27.6346,1348,73000,0.945245,0,2,595348,594000,1348
21671521,28.3248,24.1803,1372,73000,0.947721,0,2,595372,594000,1372
21671521,27.7842,21.1577,1396,73000,0.947949,0,2,595396,594000,1396
21671521,27.3111,18.513,1420,73000,0.946154,0,2,595420,594000,1420
21671521,26.8972,16.1989,1444,73000,0.942538,0,2,595444,594000,1444
21671521,26.5351,14.174,1468,73000,0.937285,0,2,595468,594000,1468
21671521,26.2182,12.4023,1492,73000,0.930556,0,2,595492,594000,1492
21671521,25.9409,10.852,1516,73000,0.922501,0,2,595516,594000,1516
21671521,25.6983,9.49549,1540,73000,0.913251,0,2,595540,594000,1540
21671521,25.486,8.30855,1564,73000,0.902925,0,2,595564,594000,1564
21671521,25.3003,7.26998,1588,73000,0.891633,0,2,595588,594000,1588
21671521,25.1377,6.36123,1612,73000,0.87947,0,2,595612,594000,1612
21671521,24.9955,5.56608,1636,73000,0.866523,0,2,595636,594000,1636
21674441,27.8711,79.8703,1084,73000,0.85087,0.68,2,595684,594600,1084
21677361,30.3872,75.8865,1084,74460,0.838783,0.68,2,595732,594648,1084
21680281,32.5888,72.2757,1085,74460,0.828905,0.68,2,595780,594695,1085
21683201,34.5152,69.2412,1085,74460,0.820014,0.68,2,595828,594743,1085
21686121,36.2008,60.5861,1133,74460,0.812013,0.68,2,595876,594743,1133
21689041,37.6757,53.0128,1181,74460,0.804812,0.68,2,595924,594743,1181
21691961,38.9662,46.3862,1229,75920,0.785331,0.68,2,595972,594743,1229
21693781,37.8455,40.5879,1259,75920,0.764798,0.85,2,596002,594743,1259
21696701,39.1148,35.7645,1305,75920,0.746318,0.85,2,596050,594745,1305
21699621,40.2254,31.2939,1353,75920,0.729686,0.85,2,596098,594745,1353
21702541,41.1972,27.3822,1401,75920,0.713717,0.85,2,596146,594745,1401
21705461,42.0476,23.9594,1449,75920,0.701346,0.85,2,596194,594745,1449
21709841,24.4096,0.381703,2242,55480,0.596888,0,1,596987,594745,2242
21709841,24.3584,0.33399,2266,54994,0.590199,0,1,597011,594745,2266
21709841,24.3136,0.292241,2290,52560,0.582179,0,1,597035,594745,2290
21709841,24.2744,0.255711,2314,52560,0.574961,0,1,597059,594745,2314
21709841,24.2401,0.223747,2338,52560,0.568465,0,1,597083,594745,2338
21709841,24.2101,0.195779,2362,52560,0.562619,0,1,597107,594745,2362
21709841,24.1838,0.171306,2386,52560,0.557357,0,1,597131,594745,2386
21709841,24.1609,0.149893,2410,52560,0.552621,0,1,597155,594745,2410
21709841,24.1408,0.131157,2434,52560,0.548359,0,1,597179,594745,2434
21709841,24.1232,0.114762,2458,52560,0.544523,0,1,597203,594745,2458
21709841,24.1078,0.100417,2482,52560,0.541071,0,1,597227,594745,2482
21709841,24.0943,0.0878646,2506,52560,0.537964,0,1,597251,594745,2506
21709841,24.0825,0.0768815,2530,52560,0.535167,0,1,597275,594745,2530
21709841,24.0722,0.0672713,2554,52560,0.532651,0,1,597299,594745,2554
21709841,24.0632,0.0588624,2578,52560,0.530386,0,1,597323,594745,2578
21709841,24.0553,0.0515046,2602,52560,0.528347,0,1,597347,594745,2602
21709841,24.0484,0.0450665,2626,52560,0.526512,0,1,597371,594745,2626
21709841,24.0423,0.0394332,2650,52560,0.524861,0,1,597395,594745,2650
21709841,24.037,0.0345041,2674,52560,0.523375,0,1,597419,594745,2674
21709841,24.0324,0.0301911,2698,52560,0.522037,0,1,597443,594745,2698
21718601,24.0284,199.151,1129,52560,0.520834,0.68,1,597467,596338,1129
21718601,24.0248,174.257,1153,52560,0.51975,0,1,597491,596338,1153
21718601,24.0217,152.475,1177,52560,0.518775,0,1,597515,596338,1177
21725901,24.019,148.541,1080,52560,0.517898,0.65,1,597539,596459,1080
21725901,24.0166,129.973,1104,52560,0.517108,0,1,597563,596459,1104
21725901,24.0145,113.727,1128,52560,0.515397,0,1,597587,596459,1128
21733201,24.0127,114.511,1032,51320,0.513857,0.63,1,597611,596579,1032
21733201,24.0111,100.197,1056,52560,0.512472,0,1,597635,596579,1056
21740501,23.8847,96.6723,1007,51320,0.511225,0.61,1,597658,596651,1007
21740501,23.8991,84.5883,1031,52560,0.510102,0,1,597682,596651,1031
21740501,23.9118,74.0147,1055,51320,0.509092,0,1,597706,596651,1055
21798901,23.9228,76.7629,983,51320,0.508183,0.5,1,597730,596747,983
21801821,26.9324,73.1675,983,54020,0.513364,0.57,1,597778,596795,983
21804741,29.5659,73.0216,959,55480,0.522028,0.55,1,597826,596867,959
21807661,31.8701,72.8939,935,56940,0.531825,0.51,1,597874,596939,935
21810581,33.8864,75.7822,887,58400,0.542643,0.51,1,597922,597035,887
21813501,35.6506,72.3094,887,58400,0.552378,0.51,1,597970,597083,887
21816421,37.1943,69.2707,887,58400,0.561141,0.51,1,598018,597131,887
21819341,38.545,66.6119,887,58400,0.569027,0.51,1,598066,597179,887
21822261,39.7269,64.2854,887,58400,0.576124,0.51,1,598114,597227,887
21825181,40.761,62.2497,887,58400,0.582511,0.51,1,598162,597275,887
21828101,41.6659,60.4685,887,58400,0.58726,0.51,1,598210,597323,887
21831021,42.4576,58.9099,887,59860,0.593534,0.51,1,598258,597371,887
21833941,43.1504,57.5462,887,59860,0.599181,0.51,1,598306,597419,887
22091121,47.9999,44.4771,1104,70080,0.701482,0.67,2,602630,601526,1104
22094041,47.9999,44.9174,1104,70080,0.704334,0.67,2,602678,601574,1104
22096961,47.9999,45.3028,1104,70080,0.7059,0.67,2,602726,601622,1104
22099881,47.9999,45.6399,1104,71540,0.70331,0.67,2,602774,601670,1104
22120321,48,47.0732,1104,73000,0.598962,0.69,1,603110,602006,1104
22123241,48,47.1891,1104,73000,0.575066,0.69,1,603158,602054,1104
22126161,48,47.2904,1104,74460,0.54956,0.69,1,603206,602102,1104
22129081,48,47.3791,1104,74460,0.522604,0.69,1,603254,602150,1104
22132001,48,47.4567,1104,74460,0.494343,0.69,1,603302,602198,1104
22134921,48,47.5246,1104,75920,0.464909,0.69,1,603350,602246,1104
22137841,48,47.5841,1104,75920,0.434418,0.69,1,603398,602294,1104
22140761,48,41.636,1152,75920,0.402976,0.71,1,603446,602294,1152
22143681,48,42.4315,1152,77380,0.370679,0.71,1,603494,602342,1152
22146601,48,43.1276,1152,77380,0.337611,0.71,1,603542,602390,1152
22149521,48,43.7367,1152,78840,0.30385,0.73,1,603590,602438,1152
22152441,48,44.2696,1152,78840,0.273465,0.73,1,603638,602486,1152
22155361,48,44.7359,1152,78840,0.246118,0.73,1,603686,602534,1152
22158281,48,45.1439,1152,80300,0.221506,0.73,1,603734,602582,1152
22161201,48,45.5009,1152,80300,0.199356,0.73,1,603782,602630,1152
22163441,46.625,45.8133,1141,81760,0.17942,0,1,603819,602678,1141
22166361,4017.05,4125.21,270,81760,0.250478,0,1,635629,635359,270
22169281,3520.92,3609.56,318,83220,0.31643,0,1,635677,635359,318
22172201,3086.8,3158.37,366,84680,0.377787,0,1,635725,635359,366
22175121,2706.95,2763.57,414,86140,0.435009,0,1,635773,635359,414
22178041,2374.58,2418.12,462,87600,0.488508,0,1,635821,635359,462
22180961,2083.76,2115.86,510,89060,0.538657,0,1,635869,635359,510
22183881,1829.29,1851.38,558,90520,0.584791,0,1,635917,635359,558
22195561,1092.16,1085.24,750,96360,0.727582,0,2,636109,635359,750
22198481,961.639,949.587,798,97820,0.754823,0,2,636157,635359,798
22201401,847.434,830.889,846,99280,0.779341,0,2,636205,635359,846
22204321,747.505,727.028,894,100740,0.801407,0,2,636253,635359,894
22207241,660.067,636.149,942,102200,0.821266,0,2,636301,635359,942
22210161,583.559,556.631,990,103660,0.83914,0,2,636349,635359,990
22213081,516.614,487.052,1038,105120,0.855226,0,2,636397,635359,1038
22216001,458.037,426.17,1086,106580,0.869703,0,2,636445,635359,1086
22218921,406.782,372.899,1134,108040,0.882733,0,2,636493,635359,1134
22221841,361.935,326.287,1182,109500,0.89446,0,2,636541,635359,1182
22224761,322.693,285.501,1230,110960,0.905014,0,2,636589,635359,1230
22227681,288.356,249.813,1278,112420,0.914512,0,2,636637,635359,1278
22230601,258.312,218.587,1326,113880,0.923061,0,2,636685,635359,1326
22233521,232.023,191.263,1374,115340,0.930755,0,2,636733,635359,1374
22236441,209.02,167.355,1422,116800,0.937679,0,2,636781,635359,1422
22239361,188.892,146.436,1470,118260,0.943911,0,2,636829,635359,1470
22242281,171.281,128.131,1518,119720,0.94952,0,2,636877,635359,1518
22272941,64.102,48.5999,1536,135780,0.942899,0,2,637453,635917,1536
22272941,59.2143,42.525,1561,126360,0.935609,0.86,2,637478,635917,1561
22272941,54.8125,37.2093,1585,125560,0.928049,0,2,637502,635917,1585
22272941,50.9609,32.5582,1609,125160,0.922244,0,2,637526,635917,1609
22272941,47.5908,28.4884,1633,123300,0.916019,0,2,637550,635917,1633
22272941,44.642,24.9273,1657,121439,0.893417,0,2,637574,635917,1657
22272941,42.0617,21.8114,1681,119579,0.871076,0,2,637598,635917,1681
22272941,39.804,19.085,1705,117719,0.848968,0,2,637622,635917,1705
22272941,37.8285,16.6994,1729,115859,0.825071,0,2,637646,635917,1729
22272941,36.0999,14.612,1753,112538,0.801564,0,2,637670,635917,1753
22272941,34.5874,12.7855,1777,110678,0.778408,0,2,637694,635917,1777
22272941,33.264,11.1873,1801,107358,0.756567,0,2,637718,635917,1801
22272941,32.106,9.78887,1825,105498,0.73791,0,2,637742,635917,1825
22272941,31.0928,8.56526,1849,105097,0.722119,0,2,637766,635917,1849
22272941,30.2062,7.4946,1873,104697,0.708907,0,2,637790,635917,1873
22272941,18.8417,0.136455,2512,57120,0.597587,0,1,638429,635917,2512
22272941,19.4865,0.119398,2536,56920,0.594828,0,1,638453,635917,2536
22272941,17.5507,0.104474,2540,56920,0.594345,0,1,638457,635917,2540
22272941,18.3568,0.0914143,2564,56920,0.591911,0,1,638481,635917,2564
22272941,17.3122,0.0799875,2574,56720,0.59172,0,1,638491,635917,2574
22272941,18.1482,0.0699891,2598,56720,0.589548,0,1,638515,635917,2598
22272941,17.1297,0.0612405,2608,56100,0.587593,0,1,638525,635917,2608
22278781,17.9885,192.054,1096,56100,0.583834,0.86,1,638549,637453,1096
22281701,18.7399,174.172,1071,67960,0.58645,0.86,1,638573,637502,1071
22284621,19.3974,158.4,1047,67960,0.597805,0.69,1,638597,637550,1047
22337181,23.7866,31.115,975,68180,0.700629,0.62,2,639149,638174,975
22340101,23.8133,30.2256,975,67960,0.700566,0.59,2,639173,638198,975
22341561,23.8366,31.5724,958,68180,0.70251,0.58,2,639197,638239,958
22344481,23.857,31.8759,948,67960,0.702259,0.58,2,639221,638273,948
22345941,23.8749,30.8914,948,68180,0.704033,0.59,2,639245,638297,948
22347401,23.8905,30.53,944,67960,0.70363,0.59,2,639269,638325,944
22350321,23.9042,29.7137,944,68180,0.705267,0.57,2,639293,638349,944
22351781,23.9162,29.4995,940,67960,0.70474,0.57,2,639317,638377,940
22353241,23.9267,28.8121,940,68180,0.706266,0.57,2,639341,638401,940
22356161,23.9358,28.7106,936,67960,0.705639,0.57,2,639365,638429,936
22359081,23.9439,28.1217,936,68180,0.707075,0.57,2,639389,638453,936
22360541,23.9509,28.1065,932,67960,0.706368,0.57,2,639413,638481,932
22367841,23.957,28.8432,922,68180,0.707731,0.55,2,639437,638515,922
22372221,23.9624,29.4878,912,67960,0.707958,0.55,2,639461,638549,912
22373681,23.9671,25.8018,936,68180,0.710162,0.55,2,639485,638549,936
22380981,23.8462,22.5766,959,67960,0.710146,0.55,2,639508,638549,959
22403681,23.8654,19.7545,983,68180,0.712131,0.7,2,639532,638549,983
22406601,26.8823,21.0352,1001,96360,0.740918,0.61,2,639580,638579,1001
22409521,29.522,18.4058,1049,97820,0.766826,0.61,2,639628,638579,1049
22412001,30.9567,16.1051,1090,99280,0.790144,0.7,2,639669,638579,1090
22412001,30.0871,14.0919,1114,99280,0.811129,0,2,639693,638579,1114
22412001,29.3262,12.3305,1138,99280,0.830016,0,2,639717,638579,1138
22414921,31.6605,19.0391,1120,99280,0.847015,0.7,2,639765,638645,1120
22417841,33.7029,22.6593,1120,99280,0.862313,0.7,2,639813,638693,1120
22420761,35.49,25.8268,1120,100740,0.876082,0.7,2,639861,638741,1120
22423681,37.0538,28.5985,1120,100740,0.888474,0.7,2,639909,638789,1120
22426601,38.4221,31.0237,1120,100740,0.899626,0.7,2,639957,638837,1120
22429521,39.6193,33.1457,1120,102200,0.909664,0.7,2,640005,638885,1120
22432441,40.6669,35.0025,1120,102200,0.918697,0.7,2,640053,638933,1120
22435361,41.5835,36.6272,1120,102200,0.926828,0.7,2,640101,638981,1120
22438281,42.3856,38.0488,1120,103660,0.934145,0.7,2,640149,639029,1120
22441201,43.0874,39.2927,1120,103660,0.94073,0.7,2,640197,639077,1120
22444121,43.7015,40.3811,1120,105120,0.946657,0.7,2,640245,639125,1120
22485001,47.3371,21.8499,1385,112420,0.94319,0.73,2,640917,639532,1385
22487921,47.42,19.1187,1433,112420,0.936871,0.73,2,640965,639532,1433
22490841,47.4925,16.7288,1481,113880,0.930184,0.73,2,641013,639532,1481
22493761,47.5559,14.6377,1529,113880,0.924165,0.73,2,641061,639532,1529
22495221,47.6114,12.808,1577,113880,0.917749,0.73,2,641109,639532,1577
22495221,44.66,11.207,1601,113880,0.912974,0,2,641133,639532,1601
22495221,42.0775,9.80613,1625,113880,0.909677,0,2,641157,639532,1625
22495221,39.8178,8.58036,1649,112420,0.904709,0.88,2,641181,639532,1649
22495221,37.8406,7.50782,1673,111471,0.897238,0,2,641205,639532,1673
22495221,36.2355,6.56934,1698,110997,0.891514,0,2,641230,639532,1698
22495221,34.7061,5.74817,1722,110522,0.883363,0,2,641254,639532,1722
22495221,33.3678,5.02965,1746,110048,0.877026,0,2,641278,639532,1746
22495221,32.1968,4.40095,1770,108113,0.869324,0,2,641302,639532,1770
22495221,31.1722,3.85083,1794,106179,0.859391,0,2,641326,639532,1794
22495221,30.2757,3.36947,1818,105704,0.851452,0,2,641350,639532,1818
22495221,29.4912,2.94829,1842,103770,0.843307,0,2,641374,639532,1842
22495221,28.8048,2.57975,1866,103295,0.834976,0,2,641398,639532,1866
22495221,28.2042,2.25728,1890,101361,0.825479,0,2,641422,639532,1890
22495221,27.6787,1.97512,1914,99426,0.815931,0,2,641446,639532,1914
22495221,27.2189,1.72823,1938,98952,0.806338,0,2,641470,639532,1938
22495221,26.8165,1.5122,1962,95557,0.795704,0,2,641494,639532,1962
22495221,26.4644,1.32318,1986,93623,0.785134,0,2,641518,639532,1986
22495221,26.1564,1.15778,2010,93148,0.77462,0,2,641542,639532,2010
22495221,25.8868,1.01306,2034,89754,0.764158,0,2,641566,639532,2034
22495221,25.651,0.886426,2058,89279,0.755742,0,2,641590,639532,2058
22495221,25.4446,0.775623,2082,87345,0.744168,0,2,641614,639532,2082
22495221,25.264,0.67867,2106,83950,0.734751,0,2,641638,639532,2106
22495221,25.106,0.593836,2130,83476,0.727276,0,2,641662,639532,2130
22495221,24.9678,0.519607,2154,78840,0.719549,0,2,641686,639532,2154
22495221,24.8468,0.454656,2178,78840,0.712594,0,2,641710,639532,2178
22495221,24.741,0.397824,2202,75920,0.706334,0,2,641734,639532,2202
22495221,24.6483,0.348096,2226,73000,0.700701,0,2,641758,639532,2226
22552161,24.0021,50.4649,1032,75920,0.592974,0.65,1,642790,641758,1032
22553621,24.0018,47.1568,1032,75920,0.578676,0.65,1,642814,641782,1032
22556541,24.0016,44.2622,1032,75920,0.563809,0.65,1,642838,641806,1032
22558001,24.0014,41.7294,1032,75920,0.548428,0.65,1,642862,641830,1032
22562381,24.0012,39.5133,1032,75920,0.532585,0.65,1,642886,641854,1032
22563841,24.0011,37.5741,1032,75920,0.516327,0.65,1,642910,641878,1032
22566761,24.0009,35.8773,1032,75920,0.499694,0.65,1,642934,641902,1032
22568221,24.0008,34.3927,1032,75920,0.482725,0.65,1,642958,641926,1032
22572601,23.8757,33.0936,1031,75920,0.465452,0.65,1,642981,641950,1031
22574061,23.8913,31.9569,1031,75920,0.447907,0.65,1,643005,641974,1031
22575521,23.9048,30.9623,1031,75920,0.431116,0.65,1,643029,641998,1031
22614941,23.9167,30.092,1031,75920,0.414005,0.64,1,643053,642022,1031
22617861,26.9271,29.3305,1055,80300,0.394604,0.64,1,643101,642046,1055
22620781,29.5613,31.6642,1055,81760,0.373144,0.64,1,643149,642094,1055
22623701,31.8661,33.7062,1055,83220,0.349829,0.64,1,643197,642142,1055
22626241,33.1328,35.4929,1049,83220,0.324846,0,1,643239,642190,1049
22626241,31.9912,31.0563,1073,83220,0.300362,0,1,643263,642190,1073
22626241,30.9923,27.1742,1097,83220,0.276326,0,1,643287,642190,1097
22626241,30.1183,23.7775,1121,83220,0.252693,0,1,643311,642190,1121
22626241,29.3535,20.8053,1145,83220,0.229424,0,1,643335,642190,1145
22626241,28.6843,18.2046,1169,83220,0.206481,0,1,643359,642190,1169
22626241,28.0988,15.929,1193,83220,0.185833,0,1,643383,642190,1193
22626241,27.5864,13.9379,1217,83220,0.16725,0,1,643407,642190,1217
22626241,27.1381,12.1957,1241,83220,0.150525,0,1,643431,642190,1241
22626241,26.7459,10.6712,1265,83220,0.135472,0,1,643455,642190,1265
22626241,26.4026,9.33731,1289,83220,0.121925,0,1,643479,642190,1289
22626241,26.1023,8.17015,1313,83220,0.109733,0,1,643503,642190,1313
22626241,25.8395,7.14888,1337,83220,0.0987594,0,1,643527,642190,1337
22626241,25.6096,6.25527,1361,83220,0.0888835,0,1,643551,642190,1361
22626241,25.4084,5.47336,1385,83220,0.0799951,0,1,643575,642190,1385
22626241,24.4823,4.78919,1403,83220,0.0719956,0,1,643593,642190,1403
22629161,3111.55,3235.94,270,83220,0.155796,0,1,668314,668044,270
22632081,2728.6,2831.45,318,84680,0.233216,0,1,668362,668044,318
22635001,2393.53,2477.52,366,86140,0.304895,0,1,668410,668044,366
22637921,2100.34,2167.83,414,87600,0.371405,0,1,668458,668044,414
22640841,1843.8,1896.85,462,89060,0.433265,0,1,668506,668044,462
22643761,1619.32,1659.74,510,90520,0.489938,0,1,668554,668044,510
22646681,1422.91,1452.27,558,91980,0.540944,0,1,668602,668044,558
22649601,1251.04,1270.74,606,93440,0.58685,0,1,668650,668044,606
22661281,753.201,744.885,798,99280,0.728932,0,2,668842,668044,798
22664201,665.051,651.774,846,100740,0.756039,0,2,668890,668044,846
22667121,587.92,570.302,894,102200,0.780435,0,2,668938,668044,894
22670041,520.43,499.015,942,103660,0.802392,0,2,668986,668044,942
22672961,461.376,436.638,990,105120,0.822152,0,2,669034,668044,990
22675881,409.704,382.058,1038,106580,0.839937,0,2,669082,668044,1038
22678801,364.491,334.301,1086,108040,0.855944,0,2,669130,668044,1086
22681721,324.93,292.513,1134,109500,0.870349,0,2,669178,668044,1134
22684641,290.313,255.949,1182,110960,0.883314,0,2,669226,668044,1182
22687561,260.024,223.955,1230,112420,0.894983,0,2,669274,668044,1230
22690481,233.521,195.961,1278,113880,0.905485,0,2,669322,668044,1278
22693401,210.331,171.466,1326,115340,0.914936,0,2,669370,668044,1326
22696321,190.04,150.033,1374,116800,0.923442,0,2,669418,668044,1374
22699241,172.285,131.279,1422,118260,0.931098,0,2,669466,668044,1422
22702161,156.749,114.869,1470,119720,0.937988,0,2,669514,668044,1470
22705081,143.156,100.51,1518,121180,0.94419,0,2,669562,668044,1518
22708001,131.261,87.9464,1566,122640,0.949771,0,2,669610,668044,1566
22719681,96.8061,82.6424,1440,128480,0.941135,0.95,2,669802,668362,1440
22722601,90.7053,78.3121,1440,129940,0.922021,0.97,2,669850,668410,1440
22725521,85.3672,74.5231,1440,131400,0.896819,0.97,2,669898,668458,1440
22728441,80.6963,65.2077,1488,132860,0.866137,0.99,2,669946,668458,1488
22731361,76.6092,63.0567,1488,134320,0.830523,1,2,669994,668506,1488
22732821,73.0331,61.1746,1488,135780,0.790471,1,2,670042,668554,1488
22732821,66.904,53.5278,1512,135780,0.750424,0,2,670066,668554,1512
22732821,61.541,46.8368,1536,135780,0.710382,0,2,670090,668554,1536
22732821,46.0896,27.4549,1633,85180,0.595495,0,1,670187,668554,1633
22732821,43.3284,24.023,1657,83720,0.575946,0,1,670211,668554,1657
22732821,40.9123,21.0202,1681,82260,0.559351,0,1,670235,668554,1681
22732821,38.7983,18.3926,1705,80800,0.527416,0,1,670259,668554,1705
22732821,36.9485,16.0936,1729,79340,0.499674,0,1,670283,668554,1729
22732821,35.3299,14.0819,1753,76420,0.475707,0,1,670307,668554,1753
22732821,33.9137,12.3216,1777,74960,0.455136,0,1,670331,668554,1777
22732821,32.6745,10.7814,1801,72040,0.437623,0,1,670355,668554,1801
22732821,31.5902,9.43375,1825,70580,0.42286,0,1,670379,668554,1825
22732821,30.6414,8.25453,1849,67660,0.410574,0,1,670403,668554,1849
22732821,29.8112,7.22271,1873,67660,0.400517,0,1,670427,668554,1873
22732821,29.0848,6.31987,1897,67660,0.392465,0,1,670451,668554,1897
22732821,28.4492,5.52989,1921,67660,0.386219,0,1,670475,668554,1921
22732821,27.8931,4.83865,1945,67660,0.381597,0,1,670499,668554,1945
22732821,27.4064,4.23382,1969,67660,0.378437,0,1,670523,668554,1969
22732821,26.9806,3.70459,1993,67660,0.375593,0,1,670547,668554,1993
22732821,26.6081,3.24152,2017,47220,0.373034,0,1,670571,668554,2017
22732821,26.282,2.83633,2041,47220,0.370731,0,1,670595,668554,2041
22732821,25.9968,2.48179,2065,45760,0.368658,0,1,670619,668554,2065
22732821,25.7472,2.17156,2089,45760,0.366792,0,1,670643,668554,2089
22732821,25.5288,1.90012,2113,42840,0.365113,0,1,670667,668554,2113
22732821,25.3377,1.6626,2137,42840,0.363601,0,1,670691,668554,2137
22732821,25.1705,1.45478,2161,41380,0.362241,0,1,670715,668554,2161
22732821,23.0242,1.27293,2169,41380,0.361017,0,1,670723,668554,2169
22738661,23.1461,193.114,657,39920,0.357915,0.36,1,670747,670090,657
22741581,23.2529,172.1,656,41380,0.357124,0.37,1,670771,670115,656
22744501,23.3463,153.587,656,42340,0.358411,0.38,1,670795,670139,656
22747421,23.428,137.389,656,41380,0.35757,0.39,1,670819,670163,656
22750341,23.4995,123.215,656,42340,0.358813,0.4,1,670843,670187,656
22753261,23.5621,110.813,656,41380,0.357932,0.41,1,670867,670211,656
22754721,23.6168,99.9616,656,42340,0.359139,0.24,1,670891,670235,656
22757641,23.6647,90.4664,656,41380,0.358225,0.25,1,670915,670259,656
22760561,23.7066,82.1581,656,42340,0.359402,0.26,1,670939,670283,656
22762021,23.7433,74.8883,656,41380,0.358462,0.27,1,670963,670307,656
22764941,23.7754,68.5273,656,42340,0.359616,0.28,1,670987,670331,656
22767861,23.8035,62.9614,656,41380,0.358654,0.29,1,671011,670355,656
22769321,23.828,58.0912,656,42340,0.359789,0.3,1,671035,670379,656
22781001,23.8495,53.8298,656,41380,0.35881,0.33,1,671059,670403,656
22781001,23.8683,47.1011,680,39420,0.359929,0,1,671083,670403,680
22781001,23.8848,41.2134,704,39420,0.358936,0,1,671107,670403,704
22782461,23.8992,45.0618,656,39420,0.356043,0.34,1,671131,670475,656
22783921,23.9118,42.429,656,38460,0.351438,0.35,1,671155,670499,656
22785381,23.9228,40.1254,656,39420,0.349294,0.35,1,671179,670523,656
22786841,23.9325,38.1097,656,38460,0.345365,0.35,1,671203,670547,656
22788301,23.9409,36.346,656,39420,0.343828,0.35,1,671227,670571,656
22789761,23.9483,34.8028,656,38460,0.340446,0.35,1,671251,670595,656
22791221,23.9548,33.4524,656,39420,0.339401,0.35,1,671275,670619,656
22792681,23.9604,32.2709,656,38460,0.336461,0.35,1,671299,670643,656
22794141,23.9654,31.237,656,39420,0.335815,0.35,1,671323,670667,656
22795601,23.9697,30.3324,656,38460,0.333233,0.35,1,671347,670691,656
22797061,23.9735,29.5408,656,39420,0.33291,0.33,1,671371,670715,656
22798521,23.9768,29.8482,648,38460,0.330619,0.33,1,671395,670747,648
22799981,23.9797,26.1172,672,39420,0.330557,0.35,1,671419,670747,672
22804361,23.9822,25.8526,672,38460,0.328501,0.35,1,671443,670771,672
22808741,23.9845,22.621,696,39420,0.328651,0.35,1,671467,670771,696
22810201,23.9864,25.7934,672,38460,0.326786,0.35,1,671491,670819,672
22814581,23.9881,22.5692,696,39420,0.327108,0.35,1,671515,670819,696
22818961,23.8646,25.748,671,38460,0.325397,0.35,1,671538,670867,671
22823841,23.8815,22.5295,695,39420,0.325857,0.35,1,671562,670867,695
22826761,26.8963,25.7133,695,96360,0.393271,0.35,1,671610,670915,695
22829681,29.5343,28.4992,695,96360,0.453944,0.35,1,671658,670963,695
22832601,31.8425,30.9368,695,96360,0.50855,0.35,1,671706,671011,695
22835521,33.8622,33.0697,695,97820,0.557695,0.31,1,671754,671059,695
22847201,39.7127,43.2677,647,99280,0.709804,0.31,2,671946,671299,647
22850121,40.7486,43.8592,647,99280,0.738823,0.31,2,671994,671347,647
22853041,41.655,44.3768,647,100740,0.764941,0.31,2,672042,671395,647
22855961,42.4481,44.8297,647,100740,0.788447,0.31,2,672090,671443,647
22858881,43.1421,45.226,647,102200,0.809602,0.31,2,672138,671491,647
22861801,43.7494,45.4477,648,102200,0.828642,0.33,2,672186,671538,648
22864721,44.2807,42.7668,672,102200,0.845778,0.33,2,672234,671562,672
22867641,44.7456,37.4209,720,103660,0.8612,0.33,2,672282,671562,720
22870561,45.1524,32.7433,768,103660,0.87508,0.33,2,672330,671562,768
22873481,45.5084,28.6504,816,105120,0.887572,0.33,2,672378,671562,816
22876401,45.8198,25.0691,864,105120,0.898815,0.33,2,672426,671562,864
22879321,46.0923,21.9355,912,105120,0.908933,0.33,2,672474,671562,912
22882241,46.3308,19.1935,960,106580,0.91804,0.33,2,672522,671562,960
22885161,46.5394,16.7943,1008,106580,0.926236,0.33,2,672570,671562,1008
22888081,46.722,14.695,1056,108040,0.933612,0.33,2,672618,671562,1056
22891001,46.8818,12.8582,1104,108040,0.940251,0.33,2,672666,671562,1104
22893921,47.0215,11.2509,1152,108040,0.945226,0.33,2,672714,671562,1152
22899761,47.2509,8.61396,1248,109500,0.944633,0.33,2,672810,671562,1248
22902681,47.3445,7.53722,1296,110960,0.94117,0.33,2,672858,671562,1296
22905601,47.4264,6.59507,1344,110960,0.938053,0.33,2,672906,671562,1344
22908521,47.4981,5.77068,1392,110960,0.932248,0.33,2,672954,671562,1392
22911441,47.5609,5.04935,1440,112420,0.929023,0.33,2,673002,671562,1440
22914361,47.6158,4.41818,1488,112420,0.92512,0.33,2,673050,671562,1488
22917281,47.6638,3.86591,1536,113880,0.923608,0.33,2,673098,671562,1536
22917281,44.7058,3.38267,1560,113880,0.922248,0,2,673122,671562,1560
22917281,42.1176,2.95984,1584,113880,0.920023,0,2,673146,671562,1584
22917281,39.8529,2.58986,1608,113880,0.919021,0,2,673170,671562,1608
22917281,37.8713,2.26612,1632,112420,0.917119,0.91,2,673194,671562,1632
22917281,36.1374,1.98286,1656,111471,0.914407,0,2,673218,671562,1656
22917281,34.7452,1.735,1681,110997,0.909966,0,2,673243,671562,1681
22917281,33.402,1.51813,1705,110522,0.902969,0,2,673267,671562,1705
22917281,32.2268,1.32836,1729,110048,0.897672,0,2,673291,671562,1729
22917281,31.1984,1.16232,1753,108113,0.890905,0,2,673315,671562,1753
22917281,30.2986,1.01703,1777,107639,0.881815,0,2,673339,671562,1777
22917281,29.5113,0.889897,1801,105704,0.874633,0,2,673363,671562,1801
22917281,28.8224,0.77866,1825,103770,0.86717,0,2,673387,671562,1825
22917281,28.2196,0.681328,1849,103295,0.859453,0,2,673411,671562,1849
22917281,27.6921,0.596162,1873,101361,0.850508,0,2,673435,671562,1873
22917281,27.2306,0.521642,1897,99426,0.841457,0,2,673459,671562,1897
22917281,26.8268,0.456436,1921,98952,0.832311,0,2,673483,671562,1921
22917281,26.4734,0.399382,1945,95557,0.82208,0,2,673507,671562,1945
22917281,26.1643,0.349459,1969,95083,0.811872,0,2,673531,671562,1969
22917281,25.8937,0.305777,1993,93148,0.801685,0,2,673555,671562,1993
22917281,25.657,0.267555,2017,89754,0.791516,0,2,673579,671562,2017
22917281,25.4499,0.23411,2041,89279,0.783365,0,2,673603,671562,2041
22917281,25.2687,0.204847,2065,87345,0.772028,0,2,673627,671562,2065
22917281,25.1101,0.179241,2089,83950,0.760825,0,2,673651,671562,2089
22917281,24.9713,0.156836,2113,83476,0.751743,0,2,673675,671562,2113
22917281,24.8499,0.137231,2137,78840,0.742569,0,2,673699,671562,2137
22917281,24.7437,0.120077,2161,78840,0.735312,0,2,673723,671562,2161
22917281,24.6507,0.105068,2185,75920,0.728781,0,2,673747,671562,2185
22917281,24.5694,0.0919342,2209,73000,0.722903,0,2,673771,671562,2209
22917281,24.4982,0.0804424,2233,73000,0.717612,0,2,673795,671562,2233
22917281,24.4359,0.0703871,2257,70080,0.712851,0,2,673819,671562,2257
22917281,24.3814,0.0615887,2281,67160,0.708566,0,2,673843,671562,2281
22917281,24.3338,0.0538901,2305,67160,0.704709,0,2,673867,671562,2305
22917281,24.292,0.0471538,2329,64240,0.701238,0,2,673891,671562,2329
22926041,24.0118,153.893,1297,76360,0.70173,0,2,674467,673170,1297
22930421,24.0104,149.781,1200,76360,0.716557,0.8,2,674491,673291,1200
22933341,24.0091,137.058,1176,77820,0.731901,0.81,2,674515,673339,1176
22937721,24.0079,122.926,1176,77380,0.743711,0.79,2,674539,673363,1176
22940641,24.0069,113.56,1152,77820,0.75634,0.77,2,674563,673411,1152
22945021,24.0061,102.365,1152,77380,0.765706,0.75,2,674587,673435,1152
22946481,24.0053,95.5696,1128,77820,0.776135,0.73,2,674611,673483,1128
22950861,24.0047,86.6234,1128,77380,0.783522,0.71,2,674635,673507,1128
22953781,24.0041,81.7955,1104,77820,0.79217,0.7,2,674659,673555,1104
22955241,24.0036,74.571,1104,77380,0.797953,0.67,2,674683,673579,1104
22959621,24.0031,71.2497,1080,77820,0.805157,0.66,2,674707,673627,1080
22962541,24.0027,65.3435,1080,77380,0.809642,0.66,2,674731,673651,1080
22964001,24.0024,63.1755,1056,77820,0.815677,0.67,2,674755,673699,1056
22968381,24.0021,58.2786,1056,77380,0.81911,0.67,2,674779,673723,1056
22969841,24.0018,53.9938,1056,77820,0.824199,0.67,2,674803,673747,1056
22974221,24.0016,50.2445,1056,77380,0.826779,0.67,2,674827,673771,1056
22975681,24.0014,46.964,1056,77820,0.831101,0.67,2,674851,673795,1056
22978601,24.0012,44.0935,1056,77380,0.832991,0.67,2,674875,673819,1056
22980061,24.0011,41.5818,1056,77820,0.836692,0.67,2,674899,673843,1056
22984441,24.0009,39.3841,1056,77380,0.838023,0.67,2,674923,673867,1056
22985901,24.0008,37.4611,1056,77820,0.84122,0.67,2,674947,673891,1056
22988821,24.0007,35.7784,1056,77380,0.842098,0.67,2,674971,673915,1056
22990281,24.0006,34.3061,1056,77820,0.844889,0.67,2,674995,673939,1056
22994661,23.8755,33.0179,1055,77380,0.8444,0.67,2,675018,673963,1055
22996121,23.8911,31.8906,1055,77820,0.84596,0.67,2,675042,673987,1055
23037001,23.9047,30.9043,1055,77380,0.845364,0.66,2,675066,674011,1055
23039921,26.9166,30.0413,1079,80300,0.860827,0.66,2,675114,674035,1079
23042841,29.552,32.2861,1079,81760,0.874745,0.66,2,675162,674083,1079
23045761,31.858,34.2503,1079,81760,0.88727,0.66,2,675210,674131,1079
23047441,31.3758,35.969,1059,83220,0.898543,0.82,2,675238,674179,1059
23047441,30.4538,31.4729,1083,83220,0.908689,0,2,675262,674179,1083
23047441,29.6471,27.5388,1107,83220,0.91782,0,2,675286,674179,1107
23047441,28.9412,24.0965,1131,83220,0.926038,0,2,675310,674179,1131
23047441,28.3236,21.0844,1155,83220,0.933434,0,2,675334,674179,1155
23047441,27.7831,18.4488,1179,83220,0.940091,0,2,675358,674179,1179
23047441,27.3102,16.1427,1203,83220,0.946082,0,2,675382,674179,1203
23056201,30.7575,33.837,1279,83220,0.94883,0.85,2,675770,674491,1279
23059121,32.9128,35.6074,1279,84680,0.945947,0.85,2,675818,674539,1279
23062041,34.7987,37.1565,1279,84680,0.943352,0.85,2,675866,674587,1279
23064961,36.4489,38.5119,1279,84680,0.941017,0.85,2,675914,674635,1279
23067881,37.8928,39.6979,1279,84680,0.938915,0.85,2,675962,674683,1279
23070801,39.1562,40.7357,1279,84680,0.937024,0.85,2,676010,674731,1279
23073721,40.2617,41.6437,1279,86140,0.937321,0.85,2,676058,674779,1279
23076641,41.229,42.4383,1279,86140,0.937589,0.85,2,676106,674827,1279
23079561,42.0753,43.1335,1279,86140,0.93783,0.85,2,676154,674875,1279
23082481,42.8159,43.7418,1279,86140,0.938047,0.85,2,676202,674923,1279
23085401,43.4639,44.2741,1279,87600,0.940243,0.84,2,676250,674971,1279
23088321,44.0309,44.6148,1280,87600,0.922218,0.84,2,676298,675018,1280
23091241,44.5271,45.038,1280,87600,0.907996,0.84,2,676346,675066,1280
23094161,44.9612,39.4082,1328,87600,0.894197,0.84,2,676394,675066,1328
23097081,45.341,34.4822,1376,87600,0.879777,0.84,2,676442,675066,1376
23100001,45.6734,30.1719,1424,89060,0.864799,0.84,2,676490,675066,1424
23102921,45.9642,26.4004,1472,89060,0.849319,0.84,2,676538,675066,1472
23105841,46.2187,23.1004,1520,89060,0.833388,1,2,676586,675066,1520
23108761,46.4414,26.2128,1520,89060,0.817049,1,2,676634,675114,1520
23111681,46.6362,22.9362,1568,89060,0.800344,1,2,676682,675114,1568
23114601,46.8067,20.0692,1616,89060,0.783309,1,2,676730,675114,1616
23114601,43.9558,17.5605,1640,90520,0.766979,0,2,676754,675114,1640
23114601,41.4614,15.3655,1664,90520,0.750281,0,2,676778,675114,1664
23114601,39.2787,13.4448,1688,90520,0.733253,0,2,676802,675114,1688
23114601,37.3689,11.7642,1712,57420,0.717927,0.58,2,676826,675114,1712
23114601,35.6977,10.2937,1736,57420,0.704135,0,2,676850,675114,1736
23114601,25.0574,0.930497,2168,57420,0.598632,0,1,677282,675114,2168
23114601,24.9252,0.814185,2192,57420,0.596769,0,1,677306,675114,2192
23114601,24.8096,0.712412,2216,57420,0.595092,0,1,677330,675114,2216
23114601,24.7084,0.623361,2240,57420,0.593583,0,1,677354,675114,2240
23114601,24.6198,0.54544,2264,57420,0.592224,0,1,677378,675114,2264
23114601,24.5424,0.47726,2288,57420,0.591002,0,1,677402,675114,2288
23114601,24.4746,0.417603,2312,57420,0.589902,0,1,677426,675114,2312
23114601,24.4152,0.365403,2336,57420,0.588912,0,1,677450,675114,2336
23114601,24.3633,0.319727,2360,57420,0.58802,0,1,677474,675114,2360
23114601,24.3179,0.279761,2384,57420,0.587218,0,1,677498,675114,2384
23114601,24.2782,0.244791,2408,57420,0.587497,0,1,677522,675114,2408
23114601,24.2434,0.214192,2432,57420,0.587747,0,1,677546,675114,2432
23114601,24.213,0.187418,2456,57420,0.587972,0,1,677570,675114,2456
23114601,24.1864,0.163991,2480,57420,0.588175,0,1,677594,675114,2480
23114601,24.1631,0.143492,2504,57420,0.588358,0,1,677618,675114,2504
23114601,24.1427,0.125556,2528,57420,0.588522,0,1,677642,675114,2528
23114601,24.1248,0.109861,2552,57420,0.58867,0,1,677666,675114,2552
23114601,24.1092,0.0961285,2576,57420,0.588803,0,1,677690,675114,2576
23114601,24.0956,0.0841124,2600,57420,0.588922,0,1,677714,675114,2600
23114601,22.0836,0.0735984,2608,57420,0.58803,0,1,677722,675114,2608
23176401,22.3232,211.064,944,56440,0.585227,0,1,677746,676802,944
23176401,22.5328,184.681,968,64240,0.580704,0,1,677770,676802,968
23176401,22.7162,161.596,992,64240,0.574634,0,1,677794,676802,992
23176401,22.8767,141.397,1016,64240,0.567171,0,1,677818,676802,1016
23176401,23.0171,123.722,1040,64240,0.558454,0,1,677842,676802,1040
23176401,23.1399,108.257,1064,64240,0.548608,0,1,677866,676802,1064
23176401,23.2475,94.7247,1088,64240,0.537747,0,1,677890,676802,1088
23176401,23.3415,82.8841,1112,64240,0.525973,0,1,677914,676802,1112
23176401,23.4238,72.5236,1136,64240,0.513375,0,1,677938,676802,1136
23176401,23.4959,63.4582,1160,64240,0.500038,0,1,677962,676802,1160
23176401,23.5589,55.5259,1184,64240,0.486034,0,1,677986,676802,1184
23176401,23.614,48.5852,1208,64240,0.471431,0,1,678010,676802,1208
23176401,23.6623,42.512,1232,64240,0.456288,0,1,678034,676802,1232
23176401,23.7045,37.198,1256,64240,0.440659,0,1,678058,676802,1256
23176401,23.7414,32.5483,1280,64240,0.424593,0,1,678082,676802,1280
23176401,23.7737,28.4797,1304,64240,0.408134,0,1,678106,676802,1304
23176401,23.802,24.9198,1328,64240,0.39132,0,1,678130,676802,1328
23176401,23.8268,21.8048,1352,64240,0.374188,0,1,678154,676802,1352
23176401,23.8484,19.0792,1376,64240,0.356769,0,1,678178,676802,1376
23176401,23.8674,16.6943,1400,64240,0.339092,0,1,678202,676802,1400
23176401,23.8839,14.6075,1424,64240,0.321183,0,1,678226,676802,1424
23176401,23.8985,12.7816,1448,64240,0.303065,0,1,678250,676802,1448
23176401,23.9111,11.1839,1472,64240,0.284758,0,1,678274,676802,1472
23176401,23.9223,9.78589,1496,64240,0.266283,0,1,678298,676802,1496
23176401,23.932,8.56265,1520,64240,0.247654,0,1,678322,676802,1520
23176401,23.9405,7.49232,1544,64240,0.228889,0,1,678346,676802,1544
23176401,23.9479,6.55578,1568,64240,0.21,0,1,678370,676802,1568
23176401,23.9544,5.73631,1592,64240,0.191,0,1,678394,676802,1592
23176401,23.9601,5.01927,1616,64240,0.1719,0,1,678418,676802,1616
23176401,23.9651,4.39186,1640,64240,0.15471,0,1,678442,676802,1640
23176401,23.9695,3.84288,1664,64240,0.139239,0,1,678466,676802,1664
23176401,23.9733,3.36252,1688,64240,0.125315,0,1,678490,676802,1688
23176401,23.9766,2.9422,1712,64240,0.112784,0,1,678514,676802,1712
23176401,23.9795,2.57443,1736,64240,0.101505,0,1,678538,676802,1736
23176401,23.9821,2.25262,1760,64240,0.0913547,0,1,678562,676802,1760
23176401,23.9843,1.97105,1784,64240,0.0822192,0,1,678586,676802,1784
23176401,23.9863,1.72467,1808,64240,0.0739973,0,1,678610,676802,1808
23176401,23.988,1.50908,1832,64240,0.0665976,0,1,678634,676802,1832
23176401,21.9895,1.32045,1840,64240,0.0599378,0,1,678642,676802,1840
23179321,1259.49,1437.66,270,64240,0.118944,0,1,688564,688294,270
23182241,1108.05,1257.95,318,65700,0.17405,0,1,688612,688294,318
23185161,975.548,1100.7,366,67160,0.225645,0,1,688660,688294,366
23188081,859.604,963.117,414,68620,0.27408,0,1,688708,688294,414
23191001,758.154,842.727,462,70080,0.319672,0,1,688756,688294,462
23193921,669.384,737.386,510,71540,0.362705,0,1,688804,688294,510
23196841,591.711,645.213,558,73000,0.403434,0,1,688852,688294,558
23199761,523.747,564.561,606,74460,0.442091,0,1,688900,688294,606
23202681,464.279,493.991,654,75920,0.478882,0,1,688948,688294,654
23205601,412.244,432.242,702,77380,0.513994,0,1,688996,688294,702
23208521,366.714,378.212,750,78840,0.547594,0,1,689044,688294,750
23211441,326.874,330.936,798,80300,0.579835,0,1,689092,688294,798
23226041,191.037,169.74,1038,87600,0.724949,0,2,689332,688294,1038
23228961,173.158,148.522,1086,89060,0.751454,0,2,689380,688294,1086
23231881,157.513,129.957,1134,90520,0.776308,0,2,689428,688294,1134
23234801,143.824,113.712,1182,91980,0.798678,0,2,689476,688294,1182
23237721,131.846,99.4983,1230,93440,0.81881,0,2,689524,688294,1230
23240641,121.365,87.0611,1278,94900,0.836929,0.65,2,689572,688294,1278
23243561,112.194,109.928,1056,96360,0.853236,0.65,2,689620,688564,1056
23246481,104.17,96.1874,1104,97820,0.867912,0.67,2,689668,688564,1104
23249401,97.1489,90.1639,1104,99280,0.881121,0.69,2,689716,688612,1104
23252321,91.0052,84.8935,1104,100740,0.893009,0.69,2,689764,688660,1104
23255241,85.6296,74.2818,1152,102200,0.903708,0.71,2,689812,688660,1152
23258161,80.9259,70.9966,1152,103660,0.913337,0.73,2,689860,688708,1152
23261081,76.8102,68.122,1152,105120,0.922004,0.73,2,689908,688756,1152
23264001,73.2089,59.6067,1200,106580,0.929803,0.75,2,689956,688756,1200
23266921,70.0578,58.1559,1200,108040,0.936823,0.77,2,690004,688804,1200
23269841,67.3006,56.8864,1200,109500,0.943141,0.77,2,690052,688852,1200
23272761,64.888,49.7756,1248,110960,0.948827,0.79,2,690100,688852,1248
23296121,53.8029,40.9389,1344,122640,0.941776,0.89,2,690484,689140,1344
23299041,53.0775,35.8215,1392,124100,0.927598,0.91,2,690532,689140,1392
23301961,52.4428,37.3439,1392,125560,0.910838,0.93,2,690580,689188,1392
23304881,51.8875,38.6759,1392,127020,0.887754,0.93,2,690628,689236,1392
23307801,51.4015,33.8414,1440,128480,0.858979,0.95,2,690676,689236,1440
23310721,50.9763,35.6112,1440,129940,0.825081,0.97,2,690724,689284,1440
23313641,50.6043,37.1598,1440,131400,0.786573,0.97,2,690772,689332,1440
23316561,50.2788,32.5148,1488,132860,0.807916,0.99,2,690820,689332,1488
23319481,49.9939,34.4505,1488,134320,0.827124,1,2,690868,689380,1488
23320941,49.7447,36.1442,1488,135780,0.844412,1,2,690916,689428,1488
23320941,46.5266,31.6261,1512,135780,0.85997,0,2,690940,689428,1512
23320941,43.7108,27.6729,1536,135780,0.869973,0,2,690964,689428,1536
23320941,41.3719,24.2138,1561,121480,0.879976,0.96,2,690989,689428,1561
23320941,39.2004,21.187,1585,120762,0.887978,0,2,691013,689428,1585
23320941,37.3004,18.5387,1609,120403,0.896181,0,2,691037,689428,1609
23320941,35.6378,16.2213,1633,118584,0.904563,0,2,691061,689428,1633
23320941,34.1831,14.1937,1657,116765,0.911106,0,2,691085,689428,1657
23320941,32.9102,12.4195,1681,114946,0.917996,0,2,691109,689428,1681
23320941,31.7964,10.867,1705,113127,0.925196,0,2,691133,689428,1705
23320941,30.8219,9.50865,1729,111307,0.932676,0,2,691157,689428,1729
23320941,29.9691,8.32007,1753,108028,0.938409,0,2,691181,689428,1753
23320941,29.223,7.28006,1777,106209,0.944568,0,2,691205,689428,1777
23320941,23.9299,0.0776978,2574,86180,0.949862,0,2,692002,689428,2574
23320941,23.9387,0.0679856,2598,86180,0.942875,0,2,692026,689428,2598
23320941,23.9463,0.0594874,2622,86180,0.937588,0,2,692050,689428,2622
23320941,23.953,0.0520515,2646,86180,0.933829,0,2,692074,689428,2646
23320941,23.9589,0.045545,2670,86180,0.931446,0,2,692098,689428,2670
23320941,23.964,0.0398519,2694,86180,0.930302,0,2,692122,689428,2694
23320941,23.9685,0.0348704,2718,86180,0.930271,0,2,692146,689428,2718
23320941,23.9725,0.0305116,2742,86180,0.931244,0,2,692170,689428,2742
23320941,23.9759,0.0266977,2766,86180,0.93312,0,2,692194,689428,2766
23320941,23.9789,0.0233604,2790,86180,0.935808,0,2,692218,689428,2790
23320941,23.9816,0.0204404,2814,86180,0.939227,0,2,692242,689428,2814
23320941,23.9839,0.0178853,2838,86180,0.942304,0,2,692266,689428,2838
23320941,23.9859,0.0156497,2862,86180,0.945074,0,2,692290,689428,2862
23320941,23.9876,0.0136935,2886,86180,0.947567,0,2,692314,689428,2886
23320941,23.9892,0.0119818,2910,86180,0.94981,0,2,692338,689428,2910
23449721,26.9963,99.4941,1440,96360,0.94712,0.97,2,693778,692338,1440
23452001,28.2468,93.0574,1429,97820,0.937408,0.99,2,693815,692386,1429
23452001,27.7159,81.4252,1453,99280,0.934667,0,2,693839,692386,1453
23452001,27.2515,71.247,1477,99280,0.9282,0,2,693863,692386,1477
23452001,26.845,62.3412,1501,99280,0.92038,0,2,693887,692386,1501
23452001,26.4894,54.5485,1525,99280,0.911342,0,2,693911,692386,1525
23452001,25.3032,47.73,1542,99280,0.901208,0,2,693928,692386,1542
23454921,28.1403,58.7637,1454,99280,0.888087,1,2,693976,692522,1454
23457201,29.2478,51.4182,1491,100740,0.884279,1,2,694013,692522,1491
23457201,28.5918,44.991,1515,102200,0.886851,0,2,694037,692522,1515
23457201,28.0178,39.3671,1539,102200,0.887166,0,2,694061,692522,1539
23457201,26.1406,34.4462,1552,102200,0.885449,0,2,694074,692522,1552
23460121,28.873,37.2654,1543,102200,0.846904,1,2,694122,692579,1543
23463041,31.2639,38.6073,1543,103660,0.816214,1,2,694170,692627,1543
23463041,30.3559,33.7813,1567,105120,0.793592,0,2,694194,692627,1567
23463041,29.5614,29.5587,1591,105120,0.774233,0,2,694218,692627,1591
23463041,28.9912,25.8638,1616,105120,0.75781,0,2,694243,692627,1616
23463041,28.3673,22.6309,1640,103300,0.744029,0.61,2,694267,692627,1640
23463041,27.8214,19.802,1664,102360,0.730626,0,2,694291,692627,1664
23463041,27.3437,17.3268,1688,100430,0.719563,0,2,694315,692627,1688
23463041,26.9258,15.1609,1712,99960,0.708607,0,2,694339,692627,1712
23493701,24.0014,50.4845,1008,69080,0.703166,0.63,2,695707,694699,1008
23495161,24.0013,47.174,1008,68620,0.704849,0.63,2,695731,694723,1008
23498081,24.0011,44.2772,1008,69080,0.708364,0.63,2,695755,694747,1008
23502461,24.001,41.7426,1008,68620,0.709528,0.63,2,695779,694771,1008
23506841,24.0008,39.5248,1008,69080,0.712575,0.63,2,695803,694795,1008
23511221,24.0007,37.5842,1008,68620,0.713318,0.63,2,695827,694819,1008
23515241,23.2506,35.8861,1002,69080,0.715986,0.62,2,695845,694843,1002
23519621,23.3443,34.4004,1002,69080,0.716387,0.62,2,695869,694867,1002
23524001,23.4263,33.1003,1002,69440,0.718749,0.62,2,695893,694891,1002
23525461,23.498,31.9628,1002,68620,0.718874,0.62,2,695917,694915,1002
23529841,23.4357,30.9674,1001,69440,0.720986,0.62,2,695940,694939,1001
23572181,23.5063,30.0965,1001,68620,0.720888,0.61,2,695964,694963,1001
23575101,26.568,29.3344,1025,74460,0.728799,0.61,2,696012,694987,1025
23578021,29.247,31.6676,1025,75920,0.741919,0.61,2,696060,695035,1025
23580941,31.5911,33.7092,1025,77380,0.760727,0.62,2,696108,695083,1025
23583861,33.6422,35.4955,1025,78840,0.781654,0.62,2,696156,695131,1025
23586781,35.437,37.0586,1025,80300,0.802489,0.62,2,696204,695179,1025
23589701,37.0073,38.4263,1025,80300,0.82124,0.62,2,696252,695227,1025
23592621,38.3814,39.623,1025,80300,0.838116,0.62,2,696300,695275,1025
23593441,38.2087,40.6701,1014,80300,0.853304,0.71,2,696337,695323,1014
23593441,36.4326,35.5863,1038,80300,0.866974,0,2,696361,695323,1038
23593441,34.8786,31.1381,1062,80300,0.877277,0,2,696385,695323,1062
23593441,33.5187,27.2458,1086,80300,0.884549,0,2,696409,695323,1086
23593441,32.3289,23.8401,1110,80300,0.889094,0,2,696433,695323,1110
23593441,31.2878,20.8601,1134,80300,0.891185,0,2,696457,695323,1134
23596361,33.3768,24.2526,1134,80300,0.889066,0.71,2,696505,695371,1134
23599281,35.2047,27.221,1134,81760,0.88916,0.71,2,696553,695419,1134
23602201,36.8041,26.8184,1158,81760,0.889244,0.71,2,696601,695443,1158
23605121,38.2036,29.4661,1158,81760,0.889319,0.71,2,696649,695491,1158
23608041,39.4282,31.7828,1158,81760,0.889387,0.71,2,696697,695539,1158
23610961,40.4996,33.81,1158,81760,0.889449,0.72,2,696745,695587,1158
23613881,41.4372,35.5837,1158,83220,0.891504,0.72,2,696793,695635,1158
23616801,42.2575,37.1357,1158,83220,0.893353,0.72,2,696841,695683,1158
23619721,42.9753,38.4938,1158,83220,0.895018,0.72,2,696889,695731,1158
23622641,43.6034,39.6821,1158,83220,0.896516,0.72,2,696937,695779,1158
23625561,44.153,40.7218,1158,83220,0.897865,0.72,2,696985,695827,1158
23628481,44.6339,40.8816,1164,83220,0.899078,0.72,2,697033,695869,1164
23631401,45.0546,41.7714,1164,83220,0.90017,0.72,2,697081,695917,1164
23634321,45.4228,42.425,1165,83220,0.901153,0.72,2,697129,695964,1165
23637241,45.745,37.1218,1213,83220,0.902038,0.72,2,697177,695964,1213
23640161,46.0268,32.4816,1261,84680,0.904834,0.8,2,697225,695964,1261
23643081,46.2735,34.4214,1261,84680,0.907351,0.8,2,697273,696012,1261
23646001,46.4893,30.1187,1309,84680,0.909616,0.86,2,697321,696012,1309
23648921,46.6781,32.3539,1309,84680,0.910654,0.86,2,697369,696060,1309
23651841,46.8434,28.3097,1357,84680,0.911589,0.86,2,697417,696060,1357
23654761,46.9879,24.7709,1405,84680,0.91243,0.93,2,697465,696060,1405
23657681,47.1145,27.6746,1405,84680,0.913187,0.93,2,697513,696108,1405
23660601,47.2251,24.2153,1453,86140,0.916868,0.97,2,697561,696108,1453
23663521,47.322,27.1883,1453,86140,0.920181,0.99,2,697609,696156,1453
23666441,47.4068,29.7898,1453,86140,0.923163,0.99,2,697657,696204,1453
23669361,47.4809,32.0661,1453,86140,0.925847,0.99,2,697705,696252,1453
23672281,47.5458,34.0578,1453,86140,0.928262,0.99,2,697753,696300,1453
23675201,47.6026,34.4256,1464,86140,0.927436,0.87,2,697801,696337,1464
23678121,47.6522,51.1224,1344,86140,0.922692,0.89,2,697849,696505,1344
23681041,47.6957,50.7321,1344,86140,0.914423,0.89,2,697897,696553,1344
23683961,47.7338,50.3906,1344,86140,0.902981,0.89,2,697945,696601,1344
23686881,47.767,50.0918,1344,86140,0.888683,0.89,2,697993,696649,1344
23689801,47.7962,49.8303,1344,86140,0.871814,0.89,2,698041,696697,1344
23692721,47.8216,49.6015,1344,86140,0.852633,0.89,2,698089,696745,1344
23695641,47.8439,43.4013,1392,86140,0.86137,0.91,2,698137,696745,1392
23698561,47.8634,43.9762,1392,86140,0.869233,0.91,2,698185,696793,1392
23701481,47.8805,44.4791,1392,86140,0.87631,0.91,2,698233,696841,1392
23704401,47.8954,44.9192,1392,87600,0.884678,0.91,2,698281,696889,1392
23707321,47.9085,45.3043,1392,87600,0.892211,0.91,2,698329,696937,1392
23710241,47.92,45.6413,1392,87600,0.89899,0.91,2,698377,696985,1392
23713161,47.93,45.9361,1392,87600,0.905091,0.91,2,698425,697033,1392
23716081,47.9387,46.1941,1392,87600,0.910582,0.91,2,698473,697081,1392
23719001,47.9464,46.4199,1392,87600,0.915523,0.91,2,698521,697129,1392
23721921,47.9531,46.6174,1392,87600,0.919971,0.93,2,698569,697177,1392
23724841,47.9589,46.7902,1392,87600,0.923974,0.93,2,698617,697225,1392
23727761,47.9641,46.9414,1392,87600,0.927577,0.93,2,698665,697273,1392
23730681,47.9686,47.0737,1392,87600,0.930819,0.92,2,698713,697321,1392
23733601,47.9725,47.1895,1392,87600,0.933737,0.92,2,698761,697369,1392
23736521,47.9759,47.2908,1392,87600,0.936363,0.92,2,698809,697417,1392
23739441,47.9789,47.3795,1392,87600,0.938727,0.92,2,698857,697465,1392
23742361,47.9816,47.457,1392,87600,0.939854,0.92,2,698905,697513,1392
23745281,47.9839,41.5249,1440,87600,0.940869,0.95,2,698953,697513,1440
23748201,47.9859,42.3343,1440,87600,0.941782,0.95,2,699001,697561,1440
23751121,47.9877,43.0425,1440,87600,0.942604,0.95,2,699049,697609,1440
23754041,47.9892,43.6622,1440,87600,0.943343,0.95,2,699097,697657,1440
23755681,45.3655,44.2044,1419,87600,0.946009,0.66,2,699124,697705,1419
23758601,45.6949,90.9289,1049,87600,0.948408,0.66,2,699172,698123,1049
23805321,47.7278,42.8438,1419,89060,0.949491,0.96,2,699940,698521,1419
23808241,47.7619,43.4883,1419,89060,0.936542,0.96,2,699988,698569,1419
23811161,47.7916,44.0523,1419,89060,0.920888,0.96,2,700036,698617,1419
23814081,47.8177,44.5457,1419,89060,0.902799,0.96,2,700084,698665,1419
23817001,47.8405,44.9775,1419,89060,0.882519,0.96,2,700132,698713,1419
23819921,47.8604,45.3553,1419,89060,0.860267,0.96,2,700180,698761,1419
23822841,47.8779,45.6859,1419,89060,0.836241,0.96,2,700228,698809,1419
23825761,47.8931,45.9752,1419,89060,0.810616,0.95,2,700276,698857,1419
23828681,47.9065,46.2283,1419,89060,0.827555,0.95,2,700324,698905,1419
23831601,47.9182,46.4497,1419,89060,0.842799,0.95,2,700372,698953,1419
23834521,47.9284,46.6435,1419,90520,0.858519,0.95,2,700420,699001,1419
23837441,47.9374,46.8131,1419,90520,0.872667,0.95,2,700468,699049,1419
23840361,47.9452,46.9615,1419,90520,0.885401,0.97,2,700516,699097,1419
23843281,47.952,44.4663,1440,90520,0.896861,0.97,2,700564,699124,1440
23846201,47.958,44.908,1440,90520,0.907175,0.97,2,700612,699172,1440
23849121,47.9633,45.2945,1440,90520,0.916457,0.97,2,700660,699220,1440
23852041,47.9679,45.6327,1440,90520,0.924811,0.97,2,700708,699268,1440
23854961,47.9719,45.9286,1440,90520,0.93233,0.97,2,700756,699316,1440
23857881,47.9754,46.1875,1440,90520,0.939097,0.97,2,700804,699364,1440
23860801,47.9785,46.4141,1440,90520,0.945188,0.97,2,700852,699412,1440
23881241,47.9915,42.1272,1488,93440,0.949958,0.99,2,701188,699700,1488
23882981,45.6176,42.8613,1469,93440,0.939962,0.56,2,701217,699748,1469
23885901,45.9154,106.129,968,93440,0.926966,0.56,2,701265,700297,968
23888821,46.176,92.8626,1016,93440,0.91127,0.56,2,701313,700297,1016
23891741,46.404,81.2547,1064,93440,0.893143,0.56,2,701361,700297,1064
23894661,46.6035,71.0979,1112,94900,0.872828,0.56,2,701409,700297,1112
23897581,46.778,62.2107,1160,94900,0.850546,0.56,2,701457,700297,1160
23900501,46.9308,54.4343,1208,94900,0.826491,0.56,2,701505,700297,1208
23903421,47.0644,47.63,1256,94900,0.800842,0.56,2,701553,700297,1256
23906341,47.1814,41.6763,1304,96360,0.772758,0.56,2,701601,700297,1304
23909261,47.2837,36.4668,1352,96360,0.743482,0.56,2,701649,700297,1352
23912181,47.3732,31.9084,1400,96360,0.769134,0.56,2,701697,700297,1400
23915101,47.4516,27.9199,1448,96360,0.79222,0.98,2,701745,700297,1448
23918021,47.5201,27.8049,1469,97820,0.812998,0.98,2,701793,700324,1469
23920941,47.5801,30.3293,1469,97820,0.831698,1,2,701841,700372,1469
23923861,47.6326,32.5381,1469,97820,0.848529,1,2,701889,700420,1469
23926781,47.6785,34.4708,1469,99280,0.863676,1,2,701937,700468,1469
23929701,47.7187,36.162,1469,99280,0.877308,1,2,701985,700516,1469
23932621,47.7539,37.6417,1469,99280,0.889577,1,2,702033,700564,1469
23935541,47.7846,38.9365,1469,100740,0.90062,1,2,702081,700612,1469
23938461,47.8116,40.0695,1469,100740,0.910558,1,2,702129,700660,1469
23941381,47.8351,41.0608,1469,100740,0.919502,1,2,702177,700708,1469
23944301,47.8557,41.9282,1469,102200,0.927552,1,2,702225,700756,1469
23947221,47.8738,42.6872,1469,102200,0.934797,1,2,702273,700804,1469
23950141,47.8895,43.3513,1469,102200,0.941317,1,2,702321,700852,1469
23953061,47.9033,37.9324,1517,103660,0.947185,1,2,702369,700852,1517
23953061,25.6545,3.00029,1959,94077,0.947421,0,2,702811,700852,1959
23953061,25.4477,2.62525,1983,93605,0.943679,0,2,702835,700852,1983
23953061,25.2667,2.29709,2007,93132,0.931311,0,2,702859,700852,2007
23953061,25.1084,2.00996,2031,92660,0.91818,0,2,702883,700852,2031
23953061,24.9698,1.75871,2055,92188,0.905362,0,2,702907,700852,2055
23953061,24.8486,1.53887,2079,91716,0.892826,0,2,702931,700852,2079
23953061,24.7425,1.34651,2103,91243,0.880543,0,2,702955,700852,2103
23953061,24.6497,1.1782,2127,90771,0.870489,0,2,702979,700852,2127
23953061,24.5685,1.03093,2151,90299,0.85744,0,2,703003,700852,2151
23953061,24.4974,0.90206,2175,89827,0.844696,0,2,703027,700852,2175
23953061,24.4353,0.789302,2199,89355,0.834226,0,2,703051,700852,2199
23953061,24.3809,0.690639,2223,88882,0.822804,0,2,703075,700852,2223
23953061,24.3332,0.60431,2247,88410,0.811523,0,2,703099,700852,2247
23953061,24.2916,0.528771,2271,87938,0.799371,0,2,703123,700852,2271
23953061,24.2551,0.462674,2295,87466,0.789434,0,2,703147,700852,2295
23953061,24.2233,0.40484,2319,86994,0.779491,0,2,703171,700852,2319
23953061,24.3203,0.354235,2344,86521,0.771541,0,2,703196,700852,2344
23953061,24.2803,0.309956,2368,86049,0.763387,0,2,703220,700852,2368
23953061,24.2453,0.271211,2392,85577,0.755049,0,2,703244,700852,2392
23953061,24.2146,0.23731,2416,83645,0.741544,0,2,703268,700852,2416
23953061,24.1878,0.207646,2440,83172,0.728389,0,2,703292,700852,2440
23953061,24.1643,0.18169,2464,82700,0.71555,0,2,703316,700852,2464
23953061,24.1438,0.158979,2488,82228,0.701995,0,2,703340,700852,2488
23953061,24.0432,0.0477983,2704,69740,0.594112,0,1,703556,700852,2704
23953061,24.0378,0.0418235,2728,65360,0.5867,0,1,703580,700852,2728
23953061,24.0331,0.0365956,2752,63900,0.58003,0,1,703604,700852,2752
23953061,24.029,0.0320211,2776,63900,0.574027,0,1,703628,700852,2776
23953061,24.0253,0.0280185,2800,60980,0.568625,0,1,703652,700852,2800
23953061,24.0222,0.0245162,2824,58060,0.563762,0,1,703676,700852,2824
23953061,24.0194,0.0214517,2848,58060,0.559386,0,1,703700,700852,2848
24003321,24.017,198.644,1283,56600,0.555447,0.69,1,703724,702441,1283
24003321,24.0149,173.813,1307,53680,0.551903,0,1,703748,702441,1307
24003321,24.013,152.087,1331,52220,0.548712,0,1,703772,702441,1331
24003321,24.0114,133.076,1355,52220,0.545841,0,1,703796,702441,1355
24003321,24.01,116.441,1379,50760,0.543257,0,1,703820,702441,1379
24003321,24.0087,101.886,1403,50760,0.540931,0,1,703844,702441,1403
24003321,24.0076,89.1504,1427,50760,0.538838,0,1,703868,702441,1427
24003321,24.0067,78.0066,1451,50760,0.536954,0,1,703892,702441,1451
24003321,24.0058,68.2558,1475,50760,0.536259,0,1,703916,702441,1475
24003321,24.0051,59.7238,1499,50760,0.535633,0,1,703940,702441,1499
24003321,24.0045,52.2583,1523,50760,0.53507,0,1,703964,702441,1523
24003321,24.0039,45.726,1547,50760,0.534563,0,1,703988,702441,1547
24003321,24.0034,40.0103,1571,50760,0.534106,0,1,704012,702441,1571
24003321,24.003,35.009,1595,50760,0.533696,0,1,704036,702441,1595
24003321,24.0026,30.6329,1619,50760,0.533326,0,1,704060,702441,1619
24003321,24.0023,26.8038,1643,50760,0.532994,0,1,704084,702441,1643
24003321,24.002,23.4533,1667,50760,0.532694,0,1,704108,702441,1667
24003321,23.2518,20.5216,1685,50760,0.532425,0,1,704126,702441,1685
24003321,23.3453,17.9564,1709,50760,0.530182,0,1,704150,702441,1709
24003321,23.4271,15.7119,1733,50760,0.526164,0,1,704174,702441,1733
24010621,23.4987,104.998,1027,50760,0.520548,0.62,1,704198,703171,1027
24010621,23.5614,91.8732,1051,71540,0.549493,0,1,704222,703171,1051
24010621,23.6162,80.389,1075,71540,0.573544,0,1,704246,703171,1075
24015001,23.6642,82.4654,1002,71540,0.593189,0.6,1,704270,703268,1002
24044201,23.9117,45.6473,882,71540,0.703085,0.52,2,704510,703628,882
24045661,23.9227,42.9414,882,71540,0.708777,0.52,2,704534,703652,882
24050041,23.9324,40.5737,882,71540,0.713899,0.52,2,704558,703676,882
24052961,23.9408,38.502,882,71540,0.718509,0.52,2,704582,703700,882
24057341,23.8232,36.6892,881,71540,0.722658,0.52,2,704605,703724,881
24083281,23.8453,35.1031,881,71540,0.726392,0.77,2,704629,703748,881
24086201,26.8646,33.7152,905,73000,0.725753,0.76,2,704677,703772,905
24089121,29.5066,35.5008,905,74460,0.721178,0.76,2,704725,703820,905
24092041,31.8182,37.0632,905,75920,0.71306,0.76,2,704773,703868,905
24094961,33.841,38.4303,905,77380,0.701754,0.76,2,704821,703916,905
24112481,41.6455,42.2989,911,80300,0.582757,0.47,1,705109,704198,911
24115401,42.4398,37.0116,959,80300,0.556482,0.47,1,705157,704198,959
24118321,43.1348,32.3851,1007,80300,0.528834,0.47,1,705205,704198,1007
24121241,43.743,28.337,1055,81760,0.50095,0.47,1,705253,704198,1055
24124161,44.2751,24.7948,1103,81760,0.471855,0.47,1,705301,704198,1103
24127081,44.7407,21.6955,1151,81760,0.44167,0.47,1,705349,704198,1151
24130001,45.1481,18.9836,1199,81760,0.410503,0.47,1,705397,704198,1199
24132921,45.5046,16.6106,1247,83220,0.378452,0.77,1,705445,704198,1247
24134241,45.4415,26.5343,1196,83220,0.345607,0,1,705490,704294,1196
24134241,42.7613,23.2175,1220,83220,0.411046,0.05,1,705514,704294,1220
24134241,40.4162,20.3153,1244,83220,0.469942,0,1,705538,704294,1244
24134241,38.3642,17.7759,1268,83220,0.522948,0,1,705562,704294,1268
24134241,36.5686,15.5539,1292,83220,0.570653,0,1,705586,704294,1292
24134241,31.3675,9.11742,1388,83220,0.718305,0,2,705682,704294,1388
24134241,30.4466,7.97774,1412,83220,0.746475,0,2,705706,704294,1412
24134241,29.6407,6.98052,1436,83220,0.770827,0,2,705730,704294,1436
24134241,28.9357,6.10796,1460,83220,0.790745,0,2,705754,704294,1460
24134241,28.3187,5.34446,1484,83220,0.80667,0,2,705778,704294,1484
24137161,30.7789,154.676,332,83220,0.817003,0.05,2,705826,705494,332
24140081,32.9315,135.342,380,84680,0.828303,0.05,2,705874,705494,380
24143001,34.8151,118.424,428,84680,0.838473,0.05,2,705922,705494,428
24145921,36.4632,103.621,476,86140,0.849625,0.05,2,705970,705494,476
24148841,37.9053,90.6685,524,86140,0.859663,0.05,2,706018,705494,524
24151761,39.1671,79.3349,572,87600,0.870696,0.05,2,706066,705494,572
24154681,40.2712,69.418,620,87600,0.880627,0.05,2,706114,705494,620
24157601,41.2373,60.7408,668,87600,0.889564,0.05,2,706162,705494,668
24160521,42.0827,53.1482,716,89060,0.899608,0.05,2,706210,705494,716
24163441,42.8223,46.5047,764,89060,0.908647,0.05,2,706258,705494,764
24166361,43.4695,40.6916,812,89060,0.916782,0.05,2,706306,705494,812
24169281,44.0358,35.6051,860,90520,0.925104,0.05,2,706354,705494,860
24172201,44.5314,31.1545,908,90520,0.932594,0.05,2,706402,705494,908
24175121,44.9649,27.2602,956,90520,0.939334,0.05,2,706450,705494,956
24178041,45.3443,23.8527,1004,90520,0.944401,0.05,2,706498,705494,1004
24180961,45.6763,20.8711,1052,91980,0.944961,0.05,2,706546,705494,1052
24183881,45.9667,18.2622,1100,91980,0.941465,0.05,2,706594,705494,1100
24186801,46.2209,15.9794,1148,91980,0.934318,0.05,2,706642,705494,1148
24189721,46.4433,13.982,1196,93440,0.923886,0.05,2,706690,705494,1196
24192641,46.6379,12.2342,1244,93440,0.902498,0.05,2,706738,705494,1244
24195561,46.8081,10.705,1292,93440,0.881248,0.05,2,706786,705494,1292
24198481,46.9571,9.36684,1340,93440,0.860123,0.05,2,706834,705494,1340
24201401,47.0875,8.19599,1388,93440,0.839111,0.05,2,706882,705494,1388
24204321,47.2016,7.17149,1436,94900,0.8182,0.05,2,706930,705494,1436
24207241,47.3014,6.27505,1484,94900,0.79538,0.05,2,706978,705494,1484
24210161,47.3887,5.49067,1532,94900,0.770842,0.05,2,707026,705494,1532
24213081,47.4651,4.80434,1580,94900,0.744758,0.05,2,707074,705494,1580
24216001,47.532,4.20379,1628,94900,0.717282,0.05,2,707122,705494,1628
24227681,47.7256,45.4876,1392,96360,0.596046,0.93,1,707314,705922,1392
24230601,47.7599,39.8017,1440,96360,0.563441,0.95,1,707362,705922,1440
24233521,47.7899,40.8265,1440,96360,0.530097,0.95,1,707410,705970,1440
24236441,47.8162,41.7232,1440,97820,0.496087,0.97,1,707458,706018,1440
24239361,47.8392,42.5078,1440,97820,0.461479,0.97,1,707506,706066,1440
24242281,47.8593,43.1943,1440,97820,0.423331,0.97,1,707554,706114,1440
24245201,47.8769,43.795,1440,97820,0.384998,0.97,1,707602,706162,1440
24248121,47.8923,38.3206,1488,97820,0.347498,0.99,1,707650,706162,1488
24251041,47.9057,39.5306,1488,97820,0.312748,0.99,1,707698,706210,1488
24253961,47.9175,40.5892,1488,97820,0.281473,0.99,1,707746,706258,1488
24256881,47.9278,41.5156,1488,97820,0.253326,1,1,707794,706306,1488
24259801,47.9368,42.3261,1488,99280,0.227993,1,1,707842,706354,1488
24261261,47.9447,43.0354,1488,99280,0.205194,1,1,707890,706402,1488
24261261,44.2016,37.6559,1506,99280,0.184675,0,1,707908,706402,1506
24265281,271.801,423.574,246,1460,0.166207,0,1,709773,709527,246
24266741,337.451,445.252,446,1460,0.149586,0,1,710570,710124,446
24269661,329.02,445.346,270,2920,0.134628,0,1,710840,710570,270
24272581,321.642,423.427,270,5840,0.121165,0,1,711110,710840,270
24275501,287.437,370.499,318,8760,0.114049,0,1,711158,710840,318
24278421,279.257,357.937,270,11680,0.102644,0,1,711380,711110,270
24281341,250.35,313.195,318,14600,0.0973793,0.05,1,711428,711110,318
24284261,225.056,280.045,318,17520,0.0966414,0.05,1,711476,711158,318
24287181,202.924,245.04,366,20440,0.0999772,0,1,711524,711158,366
24290101,193.309,242.16,270,23360,0.0989795,0,1,711650,711380,270
24293021,175.145,211.89,318,26280,0.102082,0.05,1,711698,711380,318
24295941,159.252,191.403,318,29200,0.108873,0.05,1,711746,711428,318
24298861,145.346,167.478,366,32120,0.118986,0.09,1,711794,711428,366
24301781,133.177,152.543,366,35040,0.132087,0.09,1,711842,711476,366
24304701,122.53,133.475,414,37960,0.147879,0.13,1,711890,711476,414
24307621,113.214,122.791,414,40880,0.166091,0.13,1,711938,711524,414
24310541,105.062,107.442,462,43800,0.186482,0.09,1,711986,711524,462
24313461,97.9294,109.762,384,46720,0.208834,0.09,1,712034,711650,384
24316381,91.6882,96.0416,432,49640,0.23295,0.13,1,712082,711650,432
24319301,86.2272,90.0364,432,52560,0.258655,0.13,1,712130,711698,432
24322221,81.4488,78.7818,480,55480,0.28579,0.17,1,712178,711698,480
24325141,77.2677,74.9341,480,58400,0.314211,0.17,1,712226,711746,480
24328061,73.6092,65.5674,528,61320,0.34379,0.21,1,712274,711746,528
24330981,70.4081,63.3714,528,64240,0.374411,0.21,1,712322,711794,528
24333901,67.6071,55.45,576,67160,0.40597,0.25,1,712370,711794,576
24336821,65.1562,54.5188,576,70080,0.438373,0.25,1,712418,711842,576
24339741,63.0117,47.7039,624,70080,0.467535,0.29,1,712466,711842,624
24342661,61.1352,47.7409,624,70080,0.493782,0.29,1,712514,711890,624
24345581,59.4933,41.7733,672,70080,0.517404,0.33,1,712562,711890,672
24348501,58.0566,42.5516,672,70080,0.538663,0.33,1,712610,711938,672
24351421,56.7996,37.2327,720,70080,0.557797,0.37,1,712658,711938,720
24354341,55.6996,38.5786,720,70080,0.575017,0.37,1,712706,711986,720
24357261,54.7372,33.7563,768,70080,0.590516,0.41,1,712754,711986,768
24398141,49.0389,24.1513,1104,73000,0.705882,0.69,2,713426,712322,1104
24401061,48.9091,27.1323,1104,73000,0.711293,0.69,2,713474,712370,1104
24403981,48.7954,23.7408,1152,73000,0.716164,0.73,2,713522,712370,1152
24406901,48.696,26.7732,1152,73000,0.720548,0.73,2,713570,712418,1152
24409821,48.609,29.4266,1152,73000,0.724493,0.73,2,713618,712466,1152
24412741,48.5329,31.7482,1152,73000,0.728044,0.73,2,713666,712514,1152
24415661,48.4663,33.7797,1152,73000,0.732239,0.73,2,713714,712562,1152
24418581,48.408,35.5572,1152,73000,0.736015,0.73,2,713762,712610,1152
24421501,48.357,37.1126,1152,74460,0.741414,0.73,2,713810,712658,1152
24424421,48.3124,38.4735,1152,74460,0.746272,0.73,2,713858,712706,1152
24426481,46.5233,39.6643,1138,74460,0.750645,0.62,2,713892,712754,1138
24429401,46.7079,56.0813,1015,74460,0.754581,0.62,2,713940,712925,1015
24432321,46.8694,49.0711,1063,74460,0.758123,0.62,2,713988,712925,1063
24435241,47.0107,42.9372,1111,74460,0.76131,0.62,2,714036,712925,1111
24438161,47.1344,37.5701,1159,74460,0.764179,0.74,2,714084,712925,1159
24441081,47.2426,35.4988,1186,74460,0.766761,0.74,2,714132,712946,1186
24444001,47.3373,37.0615,1186,74460,0.769085,0.74,2,714180,712994,1186
24446921,47.4201,38.4288,1186,74460,0.771177,0.74,2,714228,713042,1186
24449841,47.4926,39.6252,1186,74460,0.773059,0.74,2,714276,713090,1186
24452761,47.556,40.672,1186,75920,0.776753,0.74,2,714324,713138,1186
24455681,47.6115,41.588,1186,75920,0.780078,0.74,2,714372,713186,1186
24458601,47.6601,42.3895,1186,75920,0.78307,0.74,2,714420,713234,1186
24461521,47.7026,43.0908,1186,75920,0.785763,0.76,2,714468,713282,1186
24464441,47.7397,43.7045,1186,75920,0.788187,0.76,2,714516,713330,1186
24467361,47.7723,44.2414,1186,75920,0.790368,0.76,2,714564,713378,1186
24470281,47.8007,44.7112,1186,75920,0.792331,0.76,2,714612,713426,1186
24473201,47.8257,45.1223,1186,75920,0.794098,0.76,2,714660,713474,1186
24476121,47.8474,45.482,1186,77380,0.797688,0.76,2,714708,713522,1186
24479041,47.8665,45.7968,1186,77380,0.800919,0.76,2,714756,713570,1186
24481961,47.8832,46.0722,1186,77380,0.803828,0.76,2,714804,713618,1186
24484881,47.8978,46.3132,1186,77380,0.806445,0.77,2,714852,713666,1186
24487801,47.9106,46.524,1186,77380,0.8088,0.77,2,714900,713714,1186
24490721,47.9218,46.7085,1186,78840,0.81292,0.77,2,714948,713762,1186
24493641,47.9315,40.87,1234,78840,0.816628,0.79,2,714996,713762,1234
24496561,47.9401,41.7612,1234,78840,0.819965,0.79,2,715044,713810,1234
24499481,47.9476,42.5411,1234,78840,0.822969,0.79,2,715092,713858,1234
24502401,47.9541,41.4734,1248,78840,0.825672,0.79,2,715140,713892,1248
24505321,47.9599,42.2892,1248,80300,0.830105,0.79,2,715188,713940,1248
24508241,47.9649,43.0031,1248,80300,0.834094,0.79,2,715236,713988,1248
24511161,47.9693,43.6277,1248,80300,0.837685,0.79,2,715284,714036,1248
24514081,47.9731,44.1742,1248,81760,0.842916,0.79,2,715332,714084,1248
24517001,47.9765,44.6525,1248,81760,0.847625,0.79,2,715380,714132,1248
24519921,47.9794,45.0709,1248,81760,0.851862,0.79,2,715428,714180,1248
24522841,47.982,45.437,1248,81760,0.855676,0.79,2,715476,714228,1248
24525761,47.9842,45.7574,1248,83220,0.861108,0.81,2,715524,714276,1248
24528681,47.9862,46.0377,1248,83220,0.865998,0.81,2,715572,714324,1248
24531601,47.9879,46.283,1248,84680,0.872398,0.81,2,715620,714372,1248
24534521,47.9894,46.4976,1248,84680,0.878158,0.81,2,715668,714420,1248
24537441,47.9908,46.6854,1248,84680,0.883342,0.81,2,715716,714468,1248
24540361,47.9919,46.8498,1248,86140,0.890008,0.81,2,715764,714516,1248
24543281,47.9929,46.9935,1248,86140,0.896007,0.81,2,715812,714564,1248
24546201,47.9938,47.1193,1248,87600,0.903407,0.81,2,715860,714612,1248
24549121,47.9946,47.2294,1248,87600,0.910066,0.81,2,715908,714660,1248
24552041,47.9953,41.3257,1296,89060,0.918059,0.83,2,715956,714660,1296
24554961,47.9959,42.16,1296,89060,0.925253,0.83,2,716004,714708,1296
24557881,47.9964,42.89,1296,90520,0.932728,0.83,2,716052,714756,1296
24560801,47.9968,43.5288,1296,90520,0.939455,0.83,2,716100,714804,1296
24563721,47.9972,44.0877,1296,91980,0.94551,0.83,2,716148,714852,1296
24648401,28.8901,8.17638,1777,115540,0.939591,0,2,717829,716052,1777
24648401,28.2788,7.15433,1801,113615,0.928632,0,2,717853,716052,1801
24648401,27.744,6.26004,1825,111690,0.919769,0,2,717877,716052,1825
24648401,27.276,5.47753,1849,111226,0.907792,0,2,717901,716052,1849
24648401,26.8665,4.79284,1873,107841,0.895013,0,2,717925,716052,1873
24648401,26.5082,4.19374,1897,105917,0.881512,0,2,717949,716052,1897
24648401,26.1947,3.66952,1921,102532,0.86536,0,2,717973,716052,1921
24648401,25.9203,3.21083,1945,102068,0.848824,0,2,717997,716052,1945
24648401,25.6803,2.80948,1969,100143,0.831942,0,2,718021,716052,1969
24648401,25.4702,2.45829,1993,96759,0.815748,0,2,718045,716052,1993
24648401,25.2865,2.151,2017,93374,0.802173,0,2,718069,716052,2017
24648401,25.1257,1.88213,2041,92910,0.790956,0,2,718093,716052,2041
24648401,24.985,1.64686,2065,89525,0.77686,0,2,718117,716052,2065
24648401,24.8618,1.44101,2089,85380,0.765174,0,2,718141,716052,2089
24648401,24.7541,1.26088,2113,82460,0.752657,0,2,718165,716052,2113
24648401,24.6598,1.10327,2137,82460,0.739391,0,2,718189,716052,2137
24648401,24.5774,0.965361,2161,79540,0.728452,0,2,718213,716052,2161
24648401,24.5052,0.844691,2185,75160,0.719607,0,2,718237,716052,2185
24648401,24.442,0.739104,2209,75160,0.709646,0,2,718261,716052,2209
24648401,24.3868,0.646716,2233,75160,0.701681,0,2,718285,716052,2233
24676141,23.3338,91.4732,1092,74460,0.596833,0.78,1,718993,717901,1092
24679061,23.4171,83.0391,1092,74460,0.58515,0.72,1,719017,717925,1092
24681981,23.49,78.6592,1068,74460,0.572635,0.7,1,719041,717973,1068
24683441,23.5537,71.8268,1068,74460,0.559371,0.67,1,719065,717997,1068
24687821,23.6095,68.8484,1044,74460,0.545434,0.68,1,719089,718045,1044
24690741,23.6583,63.2424,1044,74460,0.530891,0.65,1,719113,718069,1044
24692201,23.701,61.3371,1020,74460,0.515802,0.66,1,719137,718117,1020
24695121,23.7384,56.6699,1020,74460,0.500221,0.64,1,719161,718141,1020
24696581,23.7711,52.5862,1020,74460,0.484199,0.62,1,719185,718165,1020
24700961,23.7997,49.0129,1020,74460,0.467779,0.63,1,719209,718189,1020
24702421,23.8248,45.8863,1020,74460,0.451001,0.64,1,719233,718213,1020
24705341,23.8467,43.1505,1020,74460,0.433901,0.62,1,719257,718237,1020
24706801,23.8658,40.7567,1020,74460,0.416511,0.63,1,719281,718261,1020
24709721,23.8826,38.6621,1020,74460,0.39886,0.64,1,719305,718285,1020
24711181,23.8973,36.8294,1020,74460,0.380974,0.62,1,719329,718309,1020
24715561,23.9101,35.2257,1020,74460,0.362877,0.6,1,719353,718333,1020
24717021,23.9213,33.8225,1020,74460,0.344589,0.61,1,719377,718357,1020
24719941,23.9312,32.5947,1020,74460,0.32613,0.62,1,719401,718381,1020
24721401,23.9398,31.5203,1020,74460,0.307517,0.63,1,719425,718405,1020
24722861,23.9473,30.5803,1020,74460,0.288765,0.64,1,719449,718429,1020
24730161,23.9539,29.7578,1020,74460,0.269889,0.6,1,719473,718453,1020
24733081,23.9597,29.038,1020,74460,0.2509,0.61,1,719497,718477,1020
24738921,23.9647,28.4083,1020,74460,0.23181,0.62,1,719521,718501,1020
24740381,23.9691,27.8572,1020,74460,0.212629,0.62,1,719545,718525,1020
24744761,23.973,27.3751,1020,74460,0.193366,0.63,1,719569,718549,1020
24746221,23.9764,26.9532,1020,74460,0.174029,0.64,1,719593,718573,1020
24747681,23.9793,26.5841,1020,74460,0.156627,0.64,1,719617,718597,1020
24750601,23.9819,26.261,1020,74460,0.140964,0.65,1,719641,718621,1020
24753521,23.8592,25.9784,1019,74460,0.126867,0.65,1,719664,718645,1019
24779041,23.8768,25.7311,1019,74460,0.114181,0,1,719688,718669,1019
24779041,23.8922,22.5147,1043,89060,0.102763,0,1,719712,718669,1043
24779041,23.9056,19.7004,1067,89060,0.0924864,0,1,719736,718669,1067
24779041,23.9174,17.2378,1091,89060,0.0832377,0,1,719760,718669,1091
24779041,23.9278,15.0831,1115,89060,0.074914,0,1,719784,718669,1115
24779041,23.9368,13.1977,1139,89060,0.0674226,0,1,719808,718669,1139
24779041,22.4447,11.548,1151,89060,0.0606803,0,1,719820,718669,1151
24781961,1050.14,1150.73,270,89060,0.153612,0,1,728064,727794,270
24784881,924.872,1006.89,318,90520,0.238251,0,1,728112,727794,318
24787801,815.263,881.027,366,91980,0.314426,0,1,728160,727794,366
24790721,719.355,770.899,414,93440,0.382983,0,1,728208,727794,414
24793641,635.436,674.537,462,94900,0.444685,0,1,728256,727794,462
24796561,562.006,590.219,510,96360,0.500217,0,1,728304,727794,510
24799481,497.755,516.442,558,97820,0.550195,0,1,728352,727794,558
24802401,441.536,451.887,606,99280,0.595175,0,1,728400,727794,606
24811161,311.638,302.729,750,103660,0.704883,0,2,728544,727794,750
24814081,278.684,264.888,798,105120,0.734395,0,2,728592,727794,798
24817001,249.848,231.777,846,106580,0.760955,0,2,728640,727794,846
24819921,224.617,202.805,894,108040,0.78486,0,2,728688,727794,894
24822841,202.54,177.454,942,109500,0.806374,0,2,728736,727794,942
24825761,183.222,155.272,990,110960,0.825736,0,2,728784,727794,990
24828681,166.32,135.863,1038,112420,0.843163,0,2,728832,727794,1038
24831601,151.53,118.88,1086,113880,0.858846,0,2,728880,727794,1086
24834521,138.588,104.02,1134,115340,0.872962,0,2,728928,727794,1134
24837441,127.265,91.0178,1182,116800,0.885666,0,2,728976,727794,1182
24840361,117.357,79.6406,1230,118260,0.897099,0,2,729024,727794,1230
24843281,108.687,69.6855,1278,119720,0.907389,0,2,729072,727794,1278
24846201,101.101,60.9748,1326,121180,0.91665,0,2,729120,727794,1326
24849121,94.4636,53.353,1374,122640,0.924985,0,2,729168,727794,1374
24852041,88.6557,46.6838,1422,124100,0.932487,0,2,729216,727794,1422
24854961,83.5737,40.8484,1470,125560,0.939238,0,2,729264,727794,1470
24857881,79.127,35.7423,1518,127020,0.945314,0,2,729312,727794,1518
24872481,63.9653,52.0826,1488,134320,0.948692,1,2,729552,728064,1488
24873941,61.9697,51.5722,1488,135780,0.939822,1,2,729600,728112,1488
24873941,57.2234,45.1257,1512,135780,0.92784,0,2,729624,728112,1512
24873941,53.0705,39.485,1536,135780,0.913056,0,2,729648,728112,1536
24873941,49.5617,34.5494,1561,124320,0.897751,0.78,2,729673,728112,1561
24873941,46.3665,30.2307,1585,123554,0.879975,0,2,729697,728112,1585
24873941,43.5707,26.4519,1609,123170,0.861978,0,2,729721,728112,1609
24873941,41.1243,23.1454,1633,121327,0.84178,0,2,729745,728112,1633
24873941,38.9838,20.2522,1657,119483,0.824602,0,2,729769,728112,1657
24873941,37.1108,17.7207,1681,117640,0.810142,0,2,729793,728112,1681
24873941,35.472,15.5056,1705,115796,0.798128,0,2,729817,728112,1705
24873941,34.038,13.5674,1729,113953,0.786315,0,2,729841,728112,1729
24873941,32.7832,11.8715,1753,110650,0.776683,0,2,729865,728112,1753
24873941,31.6853,10.3875,1777,108806,0.769015,0,2,729889,728112,1777
24873941,30.7247,9.08909,1801,105503,0.763114,0,2,729913,728112,1801
24873941,29.8841,7.95296,1825,103659,0.756802,0,2,729937,728112,1825
24873941,29.1486,6.95884,1849,100356,0.752122,0,2,729961,728112,1849
24873941,28.505,6.08898,1873,97052,0.74891,0,2,729985,728112,1873
24873941,27.9419,5.32786,1897,93660,0.727019,0,2,730009,728112,1897
24873941,27.4491,4.66188,1921,90740,0.708317,0,2,730033,728112,1921
24873941,23.7001,0.481613,2323,60080,0.597819,0,1,730435,728112,2323
24873941,23.7376,0.421411,2347,57520,0.593037,0,1,730459,728112,2347
24873941,21.2704,0.368735,2351,57520,0.590733,0,1,730463,728112,2351
24873941,21.6116,0.322643,2375,55440,0.58666,0,1,730487,728112,2375
24873941,21.9101,0.282312,2399,55240,0.582994,0,1,730511,728112,2399
24873941,19.6714,0.247023,2403,55240,0.581694,0,1,730515,728112,2403
24873941,20.2124,0.216145,2427,55240,0.578525,0,1,730539,728112,2427
24873941,20.6859,0.189127,2451,55040,0.575673,0,1,730563,728112,2451
24873941,18.6002,0.165486,2455,55040,0.575105,0,1,730567,728112,2455
24873941,19.2751,0.144801,2479,55040,0.572595,0,1,730591,728112,2479
24873941,19.8657,0.1267,2503,54840,0.570335,0,1,730615,728112,2503
24873941,17.8825,0.110863,2507,54840,0.570302,0,1,730619,728112,2507
24873941,18.6472,0.0970051,2531,54840,0.568272,0,1,730643,728112,2531
24873941,17.5663,0.0848794,2541,54640,0.566444,0,1,730653,728112,2541
24879781,18.3705,192.074,1029,54640,0.5628,0.72,1,730677,729648,1029
24882701,19.0742,174.19,1004,63840,0.57152,0.66,1,730701,729697,1004
24885621,19.6899,158.416,980,64240,0.581368,0.67,1,730725,729745,980
24888541,20.2287,141.614,980,63840,0.588231,0.68,1,730749,729769,980
24891461,20.7001,126.912,980,64020,0.596408,0.68,1,730773,729793,980
25007641,26.6685,16.8864,1051,96360,0.725272,0.65,2,731800,730749,1051
25010561,29.335,20.7756,1051,97820,0.752745,0.65,2,731848,730797,1051
25013481,31.6681,24.1786,1051,99280,0.77747,0.65,2,731896,730845,1051
25016401,33.7096,27.1563,1051,100740,0.799723,0.65,2,731944,730893,1051
25019321,35.4959,29.7618,1051,100740,0.819751,0.65,2,731992,730941,1051
25022241,37.0589,32.0416,1051,100740,0.837776,0.65,2,732040,730989,1051
25025161,38.4265,34.0364,1051,102200,0.853998,0.65,2,732088,731037,1051
25028081,39.6232,35.7818,1051,102200,0.868598,0.65,2,732136,731085,1051
25031001,40.6703,37.3091,1051,102200,0.881739,0.65,2,732184,731133,1051
25033921,41.5865,38.6455,1051,103660,0.893565,0.67,2,732232,731181,1051
25036841,42.3882,36.8148,1075,103660,0.904208,0.65,2,732280,731205,1075
25039761,43.0897,38.2129,1075,105120,0.913787,0.65,2,732328,731253,1075
25042681,43.7035,39.4363,1075,105120,0.922409,0.65,2,732376,731301,1075
25045601,44.2405,40.5068,1075,105120,0.930168,0.65,2,732424,731349,1075
25048521,44.7105,41.4434,1075,106580,0.937151,0.65,2,732472,731397,1075
25051441,45.1217,42.263,1075,106580,0.941436,0.65,2,732520,731445,1075
25054361,45.4815,42.9801,1075,106580,0.941292,0.65,2,732568,731493,1075
25057281,45.7963,43.6076,1075,108040,0.937163,0.65,2,732616,731541,1075
25060201,46.0717,44.1567,1075,108040,0.929447,0.65,2,732664,731589,1075
25063121,46.3128,44.6371,1075,108040,0.918502,0.65,2,732712,731637,1075
25066041,46.5237,47.9324,1052,109500,0.904652,0.69,2,732760,731708,1052
25068961,46.7082,43.1909,1090,109500,0.888187,0.69,2,732808,731718,1090
25071881,46.8697,37.792,1138,109500,0.869368,0.69,2,732856,731718,1138
25074801,47.011,33.068,1186,110960,0.848431,0.69,2,732904,731718,1186
25077721,47.1346,28.9345,1234,110960,0.809588,0.69,2,732952,731718,1234
25080641,47.2428,25.3177,1282,110960,0.770629,0.69,2,733000,731718,1282
25083561,47.3374,22.153,1330,112420,0.731566,0.69,2,733048,731718,1330
25095241,47.6116,12.9857,1522,113880,0.56225,0.69,1,733240,731718,1522
25095241,44.6602,11.3625,1546,113880,0.520025,0,1,733264,731718,1546
25095241,42.0776,9.94216,1570,113880,0.480022,0,1,733288,731718,1570
25095241,39.8179,8.69939,1594,113880,0.44302,0,1,733312,731718,1594
25095241,37.8407,7.61197,1618,44460,0.410718,0.11,1,733336,731718,1618
25095241,36.1106,6.66047,1642,44460,0.382646,0,1,733360,731718,1642
25095241,34.7218,5.82791,1667,44460,0.358382,0,1,733385,731718,1667
25095241,33.3816,5.09942,1691,44460,0.337543,0,1,733409,731718,1691
25095241,32.2089,4.46199,1715,44460,0.319789,0,1,733433,731718,1715
25095241,31.1828,3.90424,1739,43000,0.30481,0,1,733457,731718,1739
25095241,30.2849,3.41621,1763,43000,0.292329,0,1,733481,731718,1763
25095241,29.4993,2.98919,1787,41540,0.282096,0,1,733505,731718,1787
25095241,28.8119,2.61554,1811,40080,0.273887,0,1,733529,731718,1811
25095241,28.2104,2.2886,1835,40080,0.267498,0,1,733553,731718,1835
25095241,27.6841,2.00252,1859,38620,0.262748,0,1,733577,731718,1859
25095241,27.2236,1.75221,1883,37160,0.259473,0,1,733601,731718,1883
25095241,26.8206,1.53318,1907,37160,0.256526,0,1,733625,731718,1907
25095241,26.4681,1.34153,1931,37160,0.253873,0,1,733649,731718,1931
25095241,26.1596,1.17384,1955,35700,0.251486,0,1,733673,731718,1955
25095241,25.8896,1.02711,1979,35700,0.249337,0,1,733697,731718,1979
25095241,25.6534,0.898723,2003,34240,0.247404,0,1,733721,731718,2003
25095241,25.4467,0.786382,2027,34240,0.245663,0,1,733745,731718,2027
25095241,25.2659,0.688084,2051,34240,0.244097,0,1,733769,731718,2051
25095241,25.1077,0.602074,2075,34240,0.242687,0,1,733793,731718,2075
25095241,23.3442,0.526815,2086,32780,0.240419,0,1,733804,731718,2086
25104001,23.4262,199.711,516,31980,0.236377,0.13,1,733828,733312,516
25104001,23.4979,174.747,540,32780,0.236739,0,1,733852,733312,540
25108381,23.5607,158.904,516,32780,0.235065,0.15,1,733876,733360,516
25108381,23.6156,139.041,540,32780,0.235559,0,1,733900,733360,540
25111301,23.6636,127.786,515,32780,0.234003,0.16,1,733924,733409,515
25115681,23.7057,114.812,515,31320,0.230602,0.18,1,733948,733433,515
25115681,23.7425,100.461,539,31320,0.229542,0,1,733972,733433,539
25118601,23.7747,93.9033,515,31320,0.226588,0.19,1,733996,733481,515
25124441,23.8028,85.1654,515,29860,0.221929,0.22,1,734020,733505,515
25124441,23.8275,74.5197,539,28400,0.219736,0,1,734044,733505,539
25124441,23.849,65.2047,563,28400,0.215763,0,1,734068,733505,563
25128821,23.8679,66.0541,515,28400,0.211186,0.23,1,734092,733577,515
25128821,23.8844,57.7974,539,25480,0.205068,0,1,734116,733577,539
25136121,23.8989,56.5727,515,25480,0.197561,0.23,1,734140,733625,515
25136121,23.9115,49.5011,539,22560,0.192805,0,1,734164,733625,539
25136121,23.9226,43.3135,563,22560,0.186524,0,1,734188,733625,563
25136121,23.9322,37.8993,587,22560,0.178872,0,1,734212,733625,587
25140501,23.8157,45.1619,514,22560,0.169985,0.23,1,734235,733721,514
25140501,23.8388,39.5166,538,19640,0.159986,0,1,734259,733721,538
25144081,23.8589,40.5771,514,19640,0.148988,0.2,1,734283,733769,514
25144081,22.2515,35.5049,525,78840,0.223089,0,1,734294,733769,525
25147001,25.4701,40.3168,499,78840,0.28578,0.2,1,734342,733843,499
25149921,28.2863,35.2772,547,78840,0.342202,0.22,1,734390,733843,547
25152841,30.7505,34.9926,562,80300,0.394982,0.2,1,734438,733876,562
25155761,32.9067,39.6185,538,80300,0.442484,0.18,1,734486,733948,538
25158681,34.7934,43.6662,514,80300,0.482235,0.13,1,734534,734020,514
25161601,36.4442,53.2079,442,80300,0.514012,0.05,1,734582,734140,442
25164521,37.8887,64.4319,347,81760,0.538611,0.05,1,734630,734283,347
25167441,39.1526,56.3779,395,81760,0.572749,0.05,1,734678,734283,395
25182041,43.4621,28.9167,635,83220,0.703992,0.05,2,734918,734283,635
25184961,44.0293,25.3022,683,83220,0.723592,0.05,2,734966,734283,683
25187881,44.5257,22.1394,731,84680,0.743233,0.05,2,735014,734283,731
25190801,44.96,19.372,779,84680,0.76091,0.05,2,735062,734283,779
25193721,45.34,16.9505,827,84680,0.776819,0.05,2,735110,734283,827
25196641,45.6725,14.8317,875,84680,0.791137,0.05,2,735158,734283,875
25199561,45.9634,12.9777,923,84680,0.804023,0.05,2,735206,734283,923
25202481,46.218,11.3555,971,86140,0.817621,0.05,2,735254,734283,971
25205401,46.4407,9.93605,1019,86140,0.829859,0.05,2,735302,734283,1019
25208321,46.6356,8.69404,1067,86140,0.840873,0.05,2,735350,734283,1067
25211241,46.8062,7.60729,1115,86140,0.850786,0.05,2,735398,734283,1115
25214161,46.9554,6.65638,1163,87600,0.861707,0.05,2,735446,734283,1163
25217081,47.086,5.82433,1211,87600,0.871536,0.05,2,735494,734283,1211
25220001,47.2002,5.09629,1259,87600,0.880383,0.05,2,735542,734283,1259
25222921,47.3002,4.45925,1307,87600,0.889344,0.85,2,735590,734283,1307
25225841,47.3877,11.2768,1296,87600,0.89741,0.85,2,735638,734342,1296
25228761,47.4642,15.8672,1296,89060,0.906669,0.85,2,735686,734390,1296
25231681,47.5312,13.8838,1344,89060,0.915002,0.87,2,735734,734390,1344
25234561,47.4648,18.1484,1343,89060,0.922502,0.76,2,735781,734438,1343
25237481,47.5317,41.1298,1189,89060,0.929252,0.76,2,735829,734640,1189
25240401,47.5902,35.9886,1237,89060,0.935327,0.76,2,735877,734640,1237
25243321,47.6415,31.49,1285,89060,0.940794,0.76,2,735925,734640,1285
25246241,47.6863,27.5538,1333,90520,0.946714,0.88,2,735973,734640,1333
25338221,28.8331,9.04046,1776,87114,0.945061,0,2,737797,736021,1776
25338221,28.229,7.9104,1800,86627,0.939555,0,2,737821,736021,1800
25338221,27.7004,6.9216,1824,86140,0.9356,0,2,737845,736021,1824
25338221,27.3628,6.0564,1849,85654,0.92904,0,2,737870,736021,1849
25338221,26.9425,5.29935,1873,85167,0.924136,0,2,737894,736021,1873
25338221,26.5747,4.63693,1897,84680,0.918722,0,2,737918,736021,1897
25338221,26.2528,4.05732,1921,82734,0.91285,0,2,737942,736021,1921
25338221,25.9712,3.55015,1945,82247,0.905565,0,2,737966,736021,1945
25338221,25.7248,3.10638,1969,81760,0.898008,0,2,737990,736021,1969
25338221,25.5092,2.71809,1993,81274,0.890208,0,2,738014,736021,1993
25338221,25.3206,2.37832,2017,80787,0.882187,0,2,738038,736021,2017
25338221,25.1555,2.08103,2041,80300,0.875968,0,2,738062,736021,2041
25338221,25.0111,1.8209,2065,78354,0.867371,0,2,738086,736021,2065
25338221,24.8847,1.59329,2089,77867,0.860634,0,2,738110,736021,2089
25338221,24.7741,1.39413,2113,77380,0.853571,0,2,738134,736021,2113
25338221,24.6773,1.21986,2137,76894,0.846214,0,2,738158,736021,2137
25338221,24.5927,1.06738,2161,76407,0.838592,0,2,738182,736021,2161
25338221,24.5186,0.933958,2185,75920,0.832733,0,2,738206,736021,2185
25338221,24.4538,0.817213,2209,75434,0.82446,0,2,738230,736021,2209
25338221,24.397,0.715062,2233,74947,0.818014,0,2,738254,736021,2233
25338221,24.3474,0.625679,2257,74460,0.811212,0,2,738278,736021,2257
25338221,24.304,0.547469,2281,73974,0.804091,0,2,738302,736021,2281
25338221,24.266,0.479036,2305,73487,0.798682,0,2,738326,736021,2305
25338221,24.2327,0.419156,2329,73000,0.793814,0,2,738350,736021,2329
25338221,24.2036,0.366762,2353,72514,0.787432,0,2,738374,736021,2353
25338221,24.1782,0.320916,2377,70567,0.781689,0,2,738398,736021,2377
25338221,24.1559,0.280802,2401,70080,0.77652,0,2,738422,736021,2401
25338221,24.1364,0.245702,2425,69594,0.769868,0,2,738446,736021,2425
25338221,24.1194,0.214989,2449,69107,0.763881,0,2,738470,736021,2449
25338221,24.1045,0.188115,2473,68620,0.758493,0,2,738494,736021,2473
25338221,24.0914,0.164601,2497,66674,0.751644,0,2,738518,736021,2497
25338221,24.08,0.144026,2521,64240,0.74348,0,2,738542,736021,2521
25338221,24.07,0.126023,2545,64240,0.736132,0,2,738566,736021,2545
25338221,24.0612,0.11027,2569,64240,0.729518,0,2,738590,736021,2569
25338221,24.0536,0.096486,2593,64240,0.722567,0,2,738614,736021,2593
25338221,24.0469,0.0844253,2617,63180,0.71631,0,2,738638,736021,2617
25338221,24.041,0.0738721,2641,63180,0.710679,0,2,738662,736021,2641
25338221,24.0359,0.0646381,2665,63180,0.705611,0,2,738686,736021,2665
25338221,24.0314,0.0565583,2689,63180,0.70105,0,2,738710,736021,2689
25468561,24.4754,31.1862,1158,67160,0.59615,0,1,739724,738566,1158
25468561,24.416,27.2879,1182,67160,0.582535,0,1,739748,738566,1182
25468561,24.364,23.8769,1206,67160,0.568281,0,1,739772,738566,1206
25468561,24.3185,20.8923,1230,67160,0.553453,0,1,739796,738566,1230
25468561,24.2787,18.2808,1254,67160,0.538108,0,1,739820,738566,1254
25468561,24.2439,15.9957,1278,67160,0.522297,0,1,739844,738566,1278
25468561,24.2134,13.9962,1302,67160,0.506067,0,1,739868,738566,1302
25468561,24.1867,12.2467,1326,67160,0.489461,0,1,739892,738566,1326
25468561,24.1634,10.7159,1350,67160,0.472514,0,1,739916,738566,1350
25468561,24.1429,9.37638,1374,67160,0.455263,0,1,739940,738566,1374
25468561,24.1251,8.20433,1398,67160,0.437737,0,1,739964,738566,1398
25468561,24.1094,7.17879,1422,67160,0.419963,0,1,739988,738566,1422
25468561,24.0958,6.28144,1446,67160,0.401967,0,1,740012,738566,1446
25468561,24.0838,5.49626,1470,67160,0.38377,0,1,740036,738566,1470
25468561,24.0733,4.80923,1494,67160,0.365393,0,1,740060,738566,1494
25468561,24.0642,4.20807,1518,67160,0.346854,0,1,740084,738566,1518
25468561,24.0561,3.68207,1542,67160,0.328168,0,1,740108,738566,1542
25468561,24.0491,3.22181,1566,67160,0.309352,0,1,740132,738566,1566
25468561,24.043,2.81908,1590,67160,0.290416,0,1,740156,738566,1590
25468561,24.0376,2.4667,1614,67160,0.271375,0,1,740180,738566,1614
25468561,24.0329,2.15836,1638,67160,0.252237,0,1,740204,738566,1638
25468561,24.0288,1.88856,1662,67160,0.233014,0,1,740228,738566,1662
25468561,24.0252,1.65249,1686,67160,0.213712,0,1,740252,738566,1686
25468561,24.022,1.44593,1710,67160,0.194341,0,1,740276,738566,1710
25468561,24.0193,1.26519,1734,67160,0.174907,0,1,740300,738566,1734
25468561,24.0169,1.10704,1758,67160,0.157416,0,1,740324,738566,1758
25468561,24.0148,0.968661,1782,67160,0.141675,0,1,740348,738566,1782
25468561,24.0129,0.847579,1806,67160,0.127507,0,1,740372,738566,1806
25468561,24.0113,0.741631,1830,67160,0.114756,0,1,740396,738566,1830
25468561,24.0099,0.648928,1854,67160,0.103281,0,1,740420,738566,1854
25468561,24.0087,0.567812,1878,67160,0.0929527,0,1,740444,738566,1878
25468561,24.0076,0.496835,1902,67160,0.0836574,0,1,740468,738566,1902
25468561,24.0066,0.434731,1926,67160,0.0752917,0,1,740492,738566,1926
25468561,24.0058,0.380389,1950,67160,0.0677625,0,1,740516,738566,1950
25468561,21.8801,0.332841,1957,67160,0.0609863,0,1,740523,738566,1957
25471481,529.645,721.666,270,67160,0.123888,0,1,744607,744337,270
25474401,469.439,631.458,318,68620,0.182499,0,1,744655,744337,318
25477321,416.76,552.526,366,70080,0.237249,0,1,744703,744337,366
25480241,370.665,483.46,414,71540,0.288524,0,1,744751,744337,414
25483161,330.331,423.027,462,73000,0.336672,0,1,744799,744337,462
25486081,295.04,370.149,510,74460,0.382004,0,1,744847,744337,510
25489001,264.16,323.88,558,75920,0.424804,0,1,744895,744337,558
25491921,237.14,283.395,606,77380,0.465324,0,1,744943,744337,606
25494841,213.498,247.971,654,78840,0.503791,0,1,744991,744337,654
25497761,192.81,216.975,702,80300,0.540412,0,1,745039,744337,702
25500681,174.709,189.853,750,81760,0.575371,0,1,745087,744337,750
25512361,122.275,111.288,942,87600,0.70167,0,2,745279,744337,942
25515281,112.99,97.3772,990,89060,0.730503,0,2,745327,744337,990
25518201,104.866,85.205,1038,90520,0.757453,0,2,745375,744337,1038
25521121,97.7581,74.5544,1086,90520,0.781707,0,2,745423,744337,1086
25524041,91.5384,65.2351,1134,90520,0.803537,0,2,745471,744337,1134
25526961,86.0961,57.0807,1182,91980,0.823183,0,2,745519,744337,1182
25529881,81.3341,49.9456,1230,91980,0.840865,0,2,745567,744337,1230
25532801,77.1673,43.7024,1278,91980,0.856778,0,2,745615,744337,1278
25535721,73.5214,38.2396,1326,93440,0.8711,0.69,2,745663,744337,1326
25538641,70.3312,67.2097,1104,93440,0.88399,0.69,2,745711,744607,1104
25541561,67.5398,58.8085,1152,93440,0.895591,0.71,2,745759,744607,1152
25544481,65.0973,57.4574,1152,94900,0.906032,0.73,2,745807,744655,1152
25547401,62.9602,56.2752,1152,94900,0.915429,0.73,2,745855,744703,1152
25550321,61.0901,49.2408,1200,94900,0.922886,0.75,2,745903,744703,1200
25553241,59.4539,49.0857,1200,96360,0.930597,0.77,2,745951,744751,1200
25556161,58.0221,48.95,1200,96360,0.933538,0.77,2,745999,744799,1200
25559081,56.7694,42.8313,1248,97820,0.932184,0.79,2,746047,744799,1248
25562001,55.6732,43.4773,1248,97820,0.926966,0.81,2,746095,744847,1248
25564921,54.7141,44.0427,1248,97820,0.918269,0.81,2,746143,744895,1248
25567841,53.8748,38.5373,1296,99280,0.906442,0.83,2,746191,744895,1296
25570761,53.1404,39.7202,1296,100740,0.891798,0.85,2,746239,744943,1296
25573681,52.4979,40.7552,1296,100740,0.874618,0.85,2,746287,744991,1296
25576601,51.9357,35.6608,1344,102200,0.855156,0.87,2,746335,744991,1344
25579521,51.4437,37.2032,1344,102200,0.833641,0.89,2,746383,745039,1344
25582441,51.0132,38.5528,1344,103660,0.810277,0.89,2,746431,745087,1344
25585361,50.6366,33.7337,1392,103660,0.785249,0.91,2,746479,745087,1392
25588281,50.307,35.517,1392,105120,0.758724,0.93,2,746527,745135,1392
25591201,50.0186,37.0773,1392,105120,0.727852,0.93,2,746575,745183,1392
25602881,49.1833,31.5778,1488,109500,0.593392,0.99,1,746767,745279,1488
25605801,49.0354,33.6306,1488,109500,0.555053,1,1,746815,745327,1488
25608721,48.906,35.4268,1488,110960,0.516548,1,1,746863,745375,1488
25610181,48.7927,36.9984,1488,112420,0.476893,1,1,746911,745423,1488
25610181,45.6936,32.3736,1512,112420,0.438204,0,1,746935,745423,1512
25610181,42.9819,28.3269,1536,112420,0.402383,0,1,746959,745423,1536
25610181,40.6092,24.786,1560,30800,0.369145,0.08,1,746983,745423,1560
25610181,38.533,21.6878,1584,30800,0.340231,0,1,747007,745423,1584
25610181,36.8414,18.9768,1609,30800,0.313208,0,1,747032,745423,1609
25610181,35.2362,16.6047,1633,30800,0.288887,0,1,747056,745423,1633
25610181,33.8317,14.5291,1657,30800,0.266998,0,1,747080,745423,1657
25610181,32.6027,12.713,1681,29340,0.247298,0,1,747104,745423,1681
25610181,31.5274,11.1239,1705,27880,0.229568,0,1,747128,745423,1705
25610181,30.5865,9.73338,1729,27880,0.213612,0,1,747152,745423,1729
25610181,29.7632,8.51671,1753,26420,0.19925,0,1,747176,745423,1753
25610181,29.0428,7.45212,1777,26420,0.186325,0,1,747200,745423,1777
25610181,28.4124,6.5206,1801,24960,0.174693,0,1,747224,745423,1801
25610181,27.8609,5.70553,1825,23500,0.164224,0,1,747248,745423,1825
25610181,27.3783,4.99234,1849,23500,0.154801,0,1,747272,745423,1849
25610181,24.331,4.3683,1852,20580,0.147321,0,1,747275,745423,1852
25618941,24.2896,195.822,340,19260,0.138589,0.08,1,747299,746959,340
25618941,24.2534,171.344,364,20580,0.12873,0,1,747323,746959,364
25621861,24.2217,155.926,340,20580,0.117857,0.07,1,747347,747007,340
25626241,24.194,139.561,339,20580,0.106071,0.07,1,747371,747032,339
25626241,24.1698,122.116,363,19120,0.0954642,0,1,747395,747032,363
25630621,24.1485,112.851,339,19120,0.0859178,0.07,1,747419,747080,339
25630621,24.13,98.7447,363,17660,0.077326,0,1,747443,747080,363
25633541,24.1137,92.4016,339,17660,0.0695934,0.07,1,747467,747128,339
25637921,23.9745,83.8514,338,17660,0.0626341,0.07,1,747490,747152,338
25637921,23.9777,73.37,362,16200,0.0563707,0,1,747514,747152,362
25639381,23.9805,70.1987,338,16200,0.0507336,0.07,1,747538,747200,338
25645361,23.9829,64.4239,338,16200,0.0456602,0,1,747562,747224,338
25645361,23.9851,56.3709,362,77380,0.0410942,0,1,747586,747224,362
25645361,21.3619,49.3245,365,77380,0.0369848,0,1,747589,747224,365
25648281,398.067,434.409,270,77380,0.116286,0,1,750624,750354,270
25651201,354.308,380.108,318,78840,0.189658,0,1,750672,750354,318
25654121,316.02,332.594,366,80300,0.257692,0,1,750720,750354,366
25657041,282.517,291.02,414,81760,0.320923,0,1,750768,750354,414
25659961,253.203,254.643,462,83220,0.37983,0,1,750816,750354,462
25662881,227.552,222.812,510,84680,0.434847,0,1,750864,750354,510
25665801,205.108,194.961,558,86140,0.486363,0,1,750912,750354,558
25668721,185.47,170.591,606,87600,0.534726,0,1,750960,750354,606
25671641,168.286,149.267,654,89060,0.580254,0,1,751008,750354,654
25683321,118.509,87.4975,846,91980,0.724604,0,2,751200,750354,846
25686241,109.696,76.5603,894,93440,0.752144,0,2,751248,750354,894
25689161,101.984,66.9902,942,93440,0.77693,0,2,751296,750354,942
25692081,95.2358,58.6165,990,94900,0.799237,0,2,751344,750354,990
25695001,89.3314,51.2894,1038,94900,0.819313,0,2,751392,750354,1038
25697921,84.1649,44.8782,1086,94900,0.837382,0,2,751440,750354,1086
25700841,79.6443,39.2684,1134,96360,0.853644,0,2,751488,750354,1134
25703761,75.6888,34.3599,1182,96360,0.868279,0,2,751536,750354,1182
25706681,72.2277,30.0649,1230,96360,0.880451,0,2,751584,750354,1230
25709601,69.1992,26.3068,1278,97820,0.892406,0,2,751632,750354,1278
25712521,66.5493,23.0184,1326,97820,0.903166,0,2,751680,750354,1326
25715441,64.2307,20.1411,1374,97820,0.912849,0,2,751728,750354,1374
25718361,62.2018,17.6235,1422,99280,0.921564,0,2,751776,750354,1422
25721281,60.4266,15.4206,1470,99280,0.929408,0,2,751824,750354,1470
25724201,58.8733,13.493,1518,99280,0.936467,0.83,2,751872,750354,1518
25727121,57.5141,45.5564,1296,100740,0.94282,0.85,2,751920,750624,1296
25730041,56.3248,45.8618,1296,100740,0.948538,0.85,2,751968,750672,1296
25765081,32.9185,12.5264,1681,101293,0.94872,0,2,752737,751056,1681
25765081,31.8037,10.9606,1705,99359,0.942848,0,2,752761,751056,1705
25765081,30.8282,9.59051,1729,97426,0.936563,0,2,752785,751056,1729
25765081,29.9747,8.39169,1753,96952,0.928907,0,2,752809,751056,1753
25765081,29.2278,7.34273,1777,95019,0.921016,0,2,752833,751056,1777
25765081,28.5744,6.42489,1801,94545,0.912915,0,2,752857,751056,1801
25765081,28.0026,5.62178,1825,92612,0.904623,0,2,752881,751056,1825
25765081,27.5022,4.91906,1849,90678,0.898161,0,2,752905,751056,1849
25765081,27.0645,4.30417,1873,90205,0.888345,0,2,752929,751056,1873
25765081,26.6814,3.76615,1897,86811,0.87851,0,2,752953,751056,1897
25765081,26.3462,3.29538,1921,86338,0.870659,0,2,752977,751056,1921
25765081,26.053,2.88346,1945,85864,0.860593,0,2,753001,751056,1945
25765081,25.7963,2.52303,1969,85391,0.852534,0,2,753025,751056,1969
25765081,25.5718,2.20765,1993,84917,0.844281,0,2,753049,751056,1993
25765081,25.3753,1.93169,2017,84444,0.835853,0,2,753073,751056,2017
25765081,25.2034,1.69023,2041,83970,0.826267,0,2,753097,751056,2041
25765081,25.053,1.47895,2065,83497,0.816641,0,2,753121,751056,2065
25765081,24.9214,1.29408,2089,81563,0.806976,0,2,753145,751056,2089
25765081,24.8062,1.13232,2113,81090,0.797279,0,2,753169,751056,2113
25765081,24.7054,0.990783,2137,79156,0.789551,0,2,753193,751056,2137
25765081,24.6172,0.866935,2161,78683,0.779596,0,2,753217,751056,2161
25765081,24.5401,0.758568,2185,76749,0.771636,0,2,753241,751056,2185
25765081,24.4726,0.663747,2209,73000,0.765473,0,2,753265,751056,2209
25765081,24.4135,0.580779,2233,73000,0.759925,0,2,753289,751056,2233
25765081,24.3618,0.508181,2257,71540,0.754933,0,2,753313,751056,2257
25765081,24.3166,0.444659,2281,71540,0.75044,0,2,753337,751056,2281
25765081,24.277,0.389076,2305,68620,0.745396,0,2,753361,751056,2305
25765081,24.2424,0.340442,2329,68620,0.741856,0,2,753385,751056,2329
25765081,24.2121,0.297887,2353,68620,0.73767,0,2,753409,751056,2353
25765081,24.1856,0.260651,2377,68620,0.734903,0,2,753433,751056,2377
25765081,24.1624,0.228069,2401,68620,0.732413,0,2,753457,751056,2401
25765081,24.1421,0.199561,2425,68620,0.730172,0,2,753481,751056,2425
25765081,24.1243,0.174616,2449,68620,0.728155,0,2,753505,751056,2449
25765081,24.1088,0.152789,2473,67160,0.726339,0,2,753529,751056,2473
25765081,24.0952,0.13369,2497,67160,0.724705,0,2,753553,751056,2497
25765081,24.0833,0.116979,2521,67160,0.723235,0,2,753577,751056,2521
25765081,24.0729,0.102356,2545,67160,0.721911,0,2,753601,751056,2545
25765081,24.0638,0.0895619,2569,67160,0.71972,0,2,753625,751056,2569
25765081,24.0558,0.0783667,2593,66680,0.717748,0,2,753649,751056,2593
25765081,24.0488,0.0685708,2617,66680,0.715973,0,2,753673,751056,2617
25765081,24.0427,0.0599995,2641,66680,0.714376,0,2,753697,751056,2641
25765081,24.0374,0.0524996,2665,66680,0.712938,0,2,753721,751056,2665
25765081,24.0327,0.0459371,2689,66680,0.711645,0,2,753745,751056,2689
25765081,24.0286,0.040195,2713,66680,0.71048,0,2,753769,751056,2713
25765081,24.025,0.0351706,2737,66680,0.709432,0,2,753793,751056,2737
25765081,24.0219,0.0307743,2761,66680,0.708489,0,2,753817,751056,2761
25765081,24.0192,0.0269275,2785,66680,0.70764,0,2,753841,751056,2785
25765081,24.0168,0.0235616,2809,66680,0.706876,0,2,753865,751056,2809
25765081,24.0147,0.0206164,2833,66680,0.706188,0,2,753889,751056,2833
25765081,24.0128,0.0180393,2857,66680,0.70557,0,2,753913,751056,2857
25773841,24.0112,195.016,1321,66680,0.705013,0.9,2,753937,752616,1321
25773841,24.0098,170.639,1345,73000,0.712511,0,2,753961,752616,1345
25773841,24.0086,149.309,1369,72520,0.71926,0,2,753985,752616,1369
25776761,24.0075,145.77,1272,72520,0.725334,0.88,2,754009,752737,1272
25781141,24.0066,133.549,1248,73000,0.730801,0.86,2,754033,752785,1248
25785521,24.0058,119.855,1248,73000,0.735721,0.84,2,754057,752809,1248
25788441,24.005,110.873,1224,73000,0.740149,0.83,2,754081,752857,1224
25792821,24.0044,100.014,1224,73000,0.744134,0.8,2,754105,752881,1224
25794281,24.0039,93.5125,1200,73000,0.74772,0.79,2,754129,752929,1200
25807421,24.0034,84.8235,1200,73000,0.750948,0.72,2,754153,752953,1200
25807421,24.003,74.2205,1224,73000,0.753854,0,2,754177,752953,1224
25807421,24.0026,64.943,1248,72520,0.756468,0,2,754201,752953,1248
25807421,24.0023,56.8251,1272,72520,0.758821,0,2,754225,752953,1272
25807421,24.002,49.7219,1296,72520,0.760939,0,2,754249,752953,1296
25811801,24.0017,67.5067,1128,72520,0.762845,0.71,2,754273,753145,1128
25816181,24.0015,62.0684,1128,73000,0.764561,0.69,2,754297,753169,1128
25819101,24.0013,60.3098,1104,73000,0.766105,0.7,2,754321,753217,1104
25820561,24.0012,55.7711,1104,73000,0.767494,0.71,2,754345,753241,1104
25824941,24.001,51.7997,1104,73000,0.768745,0.71,2,754369,753265,1104
25829321,24.0009,48.3247,1104,73000,0.76987,0.71,2,754393,753289,1104
25829321,24.0008,42.2842,1128,73000,0.770883,0,2,754417,753289,1128
25830781,24.0007,42.9986,1104,72520,0.771795,0.7,2,754441,753337,1104
25842461,23.8756,40.6238,1103,73000,0.772615,0.71,2,754464,753361,1103
25842461,23.8911,35.5458,1127,73000,0.774354,0,2,754488,753361,1127
25842461,23.9048,31.1026,1151,72520,0.775918,0,2,754512,753361,1151
25842461,23.9167,27.2148,1175,72520,0.777327,0,2,754536,753361,1175
25842461,23.9271,23.8129,1199,72520,0.778594,0,2,754560,753361,1199
25842461,23.9362,20.8363,1223,72520,0.779735,0,2,754584,753361,1223
25890641,23.9442,36.2318,1103,72520,0.780761,0.71,2,754608,753505,1103
25893561,26.9511,34.7028,1127,74460,0.802685,0.71,2,754656,753529,1127
25896001,28.5823,36.365,1119,75920,0.822417,0.78,2,754696,753577,1119
25896001,28.0095,31.8193,1143,77380,0.840175,0,2,754720,753577,1143
25896001,27.5083,27.8419,1167,77380,0.856157,0,2,754744,753577,1167
25896001,27.0698,24.3617,1191,77380,0.870542,0,2,754768,753577,1191
25896001,26.686,21.3165,1215,77380,0.883487,0,2,754792,753577,1215
25896001,26.3503,18.6519,1239,77380,0.895139,0,2,754816,753577,1239
25896001,26.0565,16.3204,1263,77380,0.905625,0,2,754840,753577,1263
25896001,25.7994,14.2804,1287,77380,0.915062,0,2,754864,753577,1287
25896001,25.5745,12.4953,1311,77380,0.923556,0,2,754888,753577,1311
25896001,25.3777,10.9334,1335,77380,0.931201,0,2,754912,753577,1335
25896001,25.2055,9.56673,1359,77380,0.93808,0,2,754936,753577,1359
25896001,25.0548,8.37089,1383,77380,0.944272,0,2,754960,753577,1383
25896001,24.9229,7.32453,1407,77380,0.949845,0,2,754984,753577,1407
25896001,24.541,4.2935,1503,77380,0.948995,0,2,755080,753577,1503
25896001,24.4734,3.75682,1527,77380,0.944096,0,2,755104,753577,1527
25896001,24.4142,3.28721,1551,77380,0.937686,0,2,755128,753577,1551
25896001,24.3624,2.87631,1575,77380,0.929918,0,2,755152,753577,1575
25898921,27.3171,53.5168,1215,77380,0.918926,0.78,2,755200,753985,1215
25901841,29.9025,52.8272,1215,77380,0.909033,0.78,2,755248,754033,1215
25904761,32.1647,52.2238,1215,77380,0.90013,0.78,2,755296,754081,1215
25907681,34.1441,51.6958,1215,77380,0.892117,0.78,2,755344,754129,1215
25910601,35.8761,51.2338,1215,78840,0.886905,0.78,2,755392,754177,1215
25913521,37.3916,50.8296,1215,78840,0.882215,0.78,2,755440,754225,1215
25916441,38.7176,50.4759,1215,78840,0.877993,0.78,2,755488,754273,1215
25919361,39.8779,50.1664,1215,78840,0.874194,0.78,2,755536,754321,1215
25922281,40.8932,49.8956,1215,80300,0.872775,0.78,2,755584,754369,1215
25925201,41.7815,49.6587,1215,80300,0.871497,0.78,2,755632,754417,1215
25928121,42.5588,49.3263,1216,80300,0.870347,0.79,2,755680,754464,1216
25931041,43.239,49.1605,1216,80300,0.869313,0.79,2,755728,754512,1216
25933961,43.8341,49.0155,1216,80300,0.868381,0.79,2,755776,754560,1216
25936881,44.3548,48.8885,1216,80300,0.851543,0.79,2,755824,754608,1216
25939801,44.8105,42.7775,1264,81760,0.840389,0.79,2,755872,754608,1264
25942721,45.2092,37.4303,1312,81760,0.83235,0.79,2,755920,754608,1312
25945641,45.558,32.7515,1360,81760,0.827115,0.79,2,755968,754608,1360
25948561,45.8633,28.6576,1408,81760,0.824404,0.79,2,756016,754608,1408
25951481,46.1304,25.0754,1456,83220,0.825963,0.79,2,756064,754608,1456
25954401,46.3641,21.9409,1504,83220,0.829367,0.79,2,756112,754608,1504
25957321,46.5686,19.1983,1552,83220,0.83443,0.79,2,756160,754608,1552
25960241,46.7475,16.7985,1600,83220,0.839987,0.79,2,756208,754608,1600
25963161,46.9041,14.6987,1648,83220,0.844988,0.79,2,756256,754608,1648
25963161,44.041,12.8614,1672,83220,0.85149,0,2,756280,754608,1672
25963161,41.5359,11.2537,1696,83220,0.857341,0,2,756304,754608,1696
25963161,39.3439,9.84699,1720,83220,0.862607,0,2,756328,754608,1720
25963161,37.4259,8.61612,1744,81760,0.867346,0.91,2,756352,754608,1744
25963161,35.7477,7.5391,1768,80771,0.869611,0,2,756376,754608,1768
25963161,34.2792,6.59672,1792,80276,0.86965,0,2,756400,754608,1792
25963161,32.9943,5.77213,1816,79781,0.869685,0,2,756424,754608,1816
25963161,31.87,5.05061,1840,79286,0.869717,0,2,756448,754608,1840
25963161,30.8863,4.41928,1864,78791,0.867745,0,2,756472,754608,1864
25963161,30.0255,3.86687,1888,78296,0.86597,0,2,756496,754608,1888
25963161,29.2723,3.38351,1912,77801,0.864373,0,2,756520,754608,1912
25963161,28.6133,2.96058,1936,77306,0.860936,0,2,756544,754608,1936
25963161,28.0366,2.5905,1960,76811,0.857843,0,2,756568,754608,1960
25963161,27.532,2.26669,1984,76316,0.855058,0,2,756592,754608,1984
25963161,27.0905,1.98335,2008,75822,0.850552,0,2,756616,754608,2008
25963161,26.7042,1.73544,2032,75327,0.846497,0,2,756640,754608,2032
25963161,26.3662,1.51851,2056,74832,0.842847,0,2,756664,754608,2056
25963161,26.0704,1.32869,2080,74337,0.837563,0,2,756688,754608,2080
25963161,25.8116,1.16261,2104,73842,0.832806,0,2,756712,754608,2104
25963161,25.5852,1.01728,2128,73347,0.828526,0,2,756736,754608,2128
25963161,25.387,0.89012,2152,72852,0.822673,0,2,756760,754608,2152
25963161,25.2136,0.778855,2176,72357,0.817406,0,2,756784,754608,2176
25963161,25.0619,0.681498,2200,71862,0.812665,0,2,756808,754608,2200
25963161,24.9292,0.596311,2224,71367,0.806399,0,2,756832,754608,2224
25963161,24.813,0.521772,2248,70872,0.800759,0,2,756856,754608,2248
25963161,24.7114,0.456551,2272,70377,0.795683,0,2,756880,754608,2272
25963161,24.6225,0.399482,2296,69883,0.789115,0,2,756904,754608,2296
25963161,24.5447,0.349547,2320,69388,0.783203,0,2,756928,754608,2320
25963161,24.4766,0.305853,2344,68893,0.777883,0,2,756952,754608,2344
25963161,24.417,0.267622,2368,68398,0.771095,0,2,756976,754608,2368
25963161,24.3649,0.234169,2392,67903,0.764985,0,2,757000,754608,2392
25963161,24.3193,0.204898,2416,67408,0.759487,0,2,757024,754608,2416
25963161,24.2794,0.179286,2440,66913,0.752538,0,2,757048,754608,2440
25963161,24.2444,0.156875,2464,66418,0.746284,0,2,757072,754608,2464
25963161,24.2139,0.137265,2488,65923,0.740656,0,2,757096,754608,2488
25963161,24.1872,0.120107,2512,65428,0.73359,0,2,757120,754608,2512
25963161,24.1638,0.105094,2536,64933,0.727231,0,2,757144,754608,2536
25963161,24.1433,0.0919572,2560,64438,0.721508,0,2,757168,754608,2560
25963161,24.1254,0.0804625,2584,63944,0.714357,0,2,757192,754608,2584
25963161,24.1097,0.0704047,2608,63449,0.707922,0,2,757216,754608,2608
25963161,24.096,0.0616041,2632,62954,0.702129,0,2,757240,754608,2632
25963161,24.0113,0.00727342,3016,55980,0.598486,0,1,757624,754608,3016
25963161,24.0099,0.00636424,3040,55980,0.594637,0,1,757648,754608,3040
26049301,24.0087,215.006,1344,55980,0.591174,0.56,1,757672,756328,1344
26078501,41.6885,109.621,1104,64240,0.703546,0.67,2,758152,757048,1104
26081421,42.4774,104.919,1080,64240,0.712192,0.65,2,758200,757120,1080
26084341,43.1677,100.804,1056,64240,0.719972,0.63,2,758248,757192,1056
26087261,43.7718,97.2033,1032,64240,0.726975,0.61,2,758296,757264,1032
26090181,44.3003,94.0529,1008,64240,0.733278,0.57,2,758344,757336,1008
26093101,44.7628,94.2963,960,65700,0.74095,0.57,2,758392,757432,960
26093601,43.1674,88.5093,944,65700,0.747855,0.56,2,758424,757480,944
26093601,40.7715,77.4456,968,65700,0.754069,0,2,758448,757480,968
26093601,38.6751,67.7649,992,65700,0.757663,0,2,758472,757480,992
26093601,36.8407,59.2943,1016,65700,0.758896,0,2,758496,757480,1016
26093601,35.2356,51.8825,1040,65700,0.758007,0,2,758520,757480,1040
26093601,33.8311,45.3972,1064,65700,0.755206,0,2,758544,757480,1064
26093601,32.6022,39.7225,1088,65700,0.750685,0,2,758568,757480,1088
26096521,34.527,59.6322,937,65700,0.742617,0.56,2,758616,757679,937
26099441,36.2111,52.1782,985,65700,0.735355,0.56,2,758664,757679,985
26102361,37.6847,45.6559,1033,65700,0.72882,0.56,2,758712,757679,1033
26105281,38.9741,39.9489,1081,67160,0.724938,0.68,2,758760,757679,1081
26108201,40.1024,40.0803,1088,67160,0.721444,0.68,2,758808,757720,1088
26111121,41.0896,35.0703,1136,67160,0.7183,0.72,2,758856,757720,1136
26114041,41.9534,36.6865,1136,67160,0.71547,0.72,2,758904,757768,1136
26116961,42.7092,32.1007,1184,67160,0.712923,0.74,2,758952,757768,1184
26119881,43.3705,34.0881,1184,67160,0.71063,0.76,2,759000,757816,1184
26122801,43.9492,35.8271,1184,67160,0.708567,0.76,2,759048,757864,1184
26125721,44.4556,37.3487,1184,67160,0.706711,0.76,2,759096,757912,1184
26128641,44.8986,32.6801,1232,67160,0.70504,0.78,2,759144,757912,1232
26131561,45.2863,34.5951,1232,67160,0.703536,0.78,2,759192,757960,1232
26134481,45.6255,36.2707,1232,68620,0.704182,0.78,2,759240,758008,1232
26137401,45.9223,37.7369,1232,68620,0.704764,0.78,2,759288,758056,1232
26140321,46.182,39.0198,1232,68620,0.705287,0.78,2,759336,758104,1232
26143241,46.4093,40.1423,1232,68620,0.705759,0.79,2,759384,758152,1232
26146161,46.6081,41.1245,1232,68620,0.706183,0.79,2,759432,758200,1232
26149081,46.7821,41.9839,1232,68620,0.706565,0.79,2,759480,758248,1232
26152001,46.9343,42.7359,1232,68620,0.706908,0.79,2,759528,758296,1232
26154921,47.0675,43.394,1232,68620,0.707217,0.81,2,759576,758344,1232
26157841,47.1841,43.9697,1232,68620,0.707496,0.81,2,759624,758392,1232
26160761,47.2861,42.4735,1248,68620,0.707746,0.67,2,759672,758424,1248
26163681,47.3753,61.1643,1104,68620,0.707971,0.67,2,759720,758616,1104
26166601,47.4534,59.5188,1104,68620,0.708174,0.67,2,759768,758664,1104
26169521,47.5217,58.0789,1104,68620,0.708357,0.69,2,759816,758712,1104
26172441,47.5815,56.8191,1104,68620,0.708521,0.69,2,759864,758760,1104
26175361,47.6338,55.7167,1104,68620,0.708669,0.69,2,759912,758808,1104
26178281,47.6796,54.7521,1104,68620,0.708802,0.69,2,759960,758856,1104
26181201,47.7197,53.9081,1104,68620,0.708922,0.69,2,760008,758904,1104
26184121,47.7547,53.1696,1104,68620,0.70903,0.69,2,760056,758952,1104
26187041,47.7854,52.5234,1104,68620,0.709127,0.69,2,760104,759000,1104
26189961,47.8122,51.958,1104,68620,0.709214,0.69,2,760152,759048,1104
26192881,47.8357,51.4632,1104,68620,0.709293,0.69,2,760200,759096,1104
26195801,47.8562,51.0303,1104,68620,0.709363,0.69,2,760248,759144,1104
26198721,47.8742,50.6515,1104,68620,0.709427,0.69,2,760296,759192,1104
26201641,47.8899,44.3201,1152,68620,0.709484,0.71,2,760344,759192,1152
26204561,47.9037,44.7801,1152,70080,0.711536,0.71,2,760392,759240,1152
26207481,47.9157,45.1826,1152,70080,0.713382,0.71,2,760440,759288,1152
26210401,47.9262,45.5347,1152,70080,0.715044,0.71,2,760488,759336,1152
26213321,47.9355,45.8429,1152,70080,0.71654,0.71,2,760536,759384,1152
26216241,47.9435,46.1125,1152,70080,0.717886,0.71,2,760584,759432,1152
26219161,47.9506,46.3485,1152,70080,0.719097,0.71,2,760632,759480,1152
26222081,47.9568,46.5549,1152,70080,0.720187,0.71,2,760680,759528,1152
26225001,47.9622,46.7355,1152,70080,0.721169,0.71,2,760728,759576,1152
26227921,47.9669,46.8936,1152,70080,0.722052,0.71,2,760776,759624,1152
26230841,47.971,47.0319,1152,70080,0.722847,0.71,2,760824,759672,1152
26233761,47.9747,47.1529,1152,70080,0.723562,0.71,2,760872,759720,1152
26236681,47.9778,47.2588,1152,70080,0.724206,0.71,2,760920,759768,1152
26239601,47.9806,47.3515,1152,70080,0.724785,0.71,2,760968,759816,1152
26242521,47.983,47.4325,1152,70080,0.725307,0.71,2,761016,759864,1152
26245441,47.9851,47.5035,1152,70080,0.725776,0.71,2,761064,759912,1152
26248361,47.987,47.5655,1152,70080,0.726198,0.71,2,761112,759960,1152
26251281,47.9886,47.6198,1152,70080,0.726579,0.71,2,761160,760008,1152
26254201,47.99,47.6674,1152,70080,0.726921,0.71,2,761208,760056,1152
26257121,47.9913,47.7089,1152,70080,0.727229,0.71,2,761256,760104,1152
26260041,47.9924,47.7453,1152,70080,0.727506,0.71,2,761304,760152,1152
26262961,47.9933,47.7772,1152,70080,0.727755,0.71,2,761352,760200,1152
26265881,47.9942,47.805,1152,70080,0.72798,0.71,2,761400,760248,1152
26268801,47.9949,47.8294,1152,70080,0.728182,0.71,2,761448,760296,1152
26271721,47.9955,47.8507,1152,70080,0.728364,0.73,2,761496,760344,1152
26274641,47.9961,47.8694,1152,71540,0.730527,0.73,2,761544,760392,1152
26277561,47.9966,47.8857,1152,71540,0.732474,0.73,2,761592,760440,1152
26280481,47.997,47.9,1152,71540,0.734227,0.73,2,761640,760488,1152
26283401,47.9974,47.9125,1152,71540,0.735804,0.73,2,761688,760536,1152
26286321,47.9977,47.9234,1152,71540,0.737224,0.73,2,761736,760584,1152
26289241,47.998,47.933,1152,71540,0.738501,0.73,2,761784,760632,1152
26292161,47.9982,47.9414,1152,71540,0.739651,0.73,2,761832,760680,1152
26295081,47.9985,47.9487,1152,71540,0.740686,0.73,2,761880,760728,1152
26298001,47.9987,47.9551,1152,71540,0.741618,0.73,2,761928,760776,1152
26300921,47.9988,47.9607,1152,71540,0.742456,0.73,2,761976,760824,1152
26303841,47.999,47.9656,1152,71540,0.74321,0.73,2,762024,760872,1152
26306761,47.9991,47.9699,1152,71540,0.743889,0.73,2,762072,760920,1152
26309681,47.9992,47.9737,1152,73000,0.7465,0.73,2,762120,760968,1152
26312601,47.9993,47.977,1152,73000,0.74885,0.73,2,762168,761016,1152
26315521,47.9994,47.9799,1152,73000,0.750965,0.73,2,762216,761064,1152
26318441,47.9995,47.9824,1152,73000,0.752869,0.73,2,762264,761112,1152
26321361,47.9995,47.9846,1152,73000,0.754582,0.73,2,762312,761160,1152
26324281,47.9996,47.9865,1152,73000,0.756124,0.73,2,762360,761208,1152
26327201,47.9996,47.9882,1152,73000,0.757511,0.73,2,762408,761256,1152
26330121,47.9997,47.9897,1152,73000,0.75876,0.73,2,762456,761304,1152
26333041,47.9997,47.991,1152,74460,0.761884,0.73,2,762504,761352,1152
26335961,47.9998,47.9921,1152,74460,0.764696,0.73,2,762552,761400,1152
26338881,47.9998,47.9931,1152,74460,0.767226,0.73,2,762600,761448,1152
26341801,47.9998,47.9939,1152,74460,0.769504,0.73,2,762648,761496,1152
26344721,47.9998,41.9947,1200,74460,0.771553,0.75,2,762696,761496,1200
26347641,47.9999,42.7454,1200,74460,0.773398,0.75,2,762744,761544,1200
26350561,47.9999,43.4022,1200,75920,0.777058,0.75,2,762792,761592,1200
26353481,47.9999,43.9769,1200,75920,0.780352,0.75,2,762840,761640,1200
26356401,47.9999,44.4798,1200,75920,0.783317,0.75,2,762888,761688,1200
26359321,47.9999,44.9198,1200,75920,0.785985,0.75,2,762936,761736,1200
26362241,47.9999,45.3048,1200,77380,0.790387,0.75,2,762984,761784,1200
26365161,47.9999,45.6417,1200,77380,0.794348,0.75,2,763032,761832,1200
26368081,47.9999,45.9365,1200,77380,0.797913,0.75,2,763080,761880,1200
26371001,48,46.1945,1200,77380,0.801122,0.75,2,763128,761928,1200
26373921,48,46.4202,1200,78840,0.80601,0.75,2,763176,761976,1200
26376841,48,46.6176,1200,78840,0.810409,0.75,2,763224,762024,1200
26379761,48,46.7904,1200,78840,0.814368,0.77,2,763272,762072,1200
26382681,48,46.9416,1200,80300,0.819931,0.77,2,763320,762120,1200
26385601,48,47.0739,1200,80300,0.824938,0.77,2,763368,762168,1200
26388521,48,47.1897,1200,80300,0.826444,0.77,2,763416,762216,1200
26391441,48,47.291,1200,81760,0.8238,0.77,2,763464,762264,1200
26394361,48,47.3796,1200,81760,0.81742,0.77,2,763512,762312,1200
26397281,48,47.4572,1200,81760,0.807678,0.77,2,763560,762360,1200
26400201,48,47.525,1200,83220,0.79491,0.77,2,763608,762408,1200
26403121,48,47.5844,1200,83220,0.779419,0.77,2,763656,762456,1200
26406041,48,41.6363,1248,83220,0.761477,0.79,2,763704,762456,1248
26408961,48,42.4318,1248,84680,0.741329,0.79,2,763752,762504,1248
26411881,48,43.1278,1248,84680,0.719196,0.79,2,763800,762552,1248
26426481,48,45.501,1248,87600,0.585047,0.81,1,764040,762792,1248
26429401,48,45.8134,1248,89060,0.554542,0.81,1,764088,762840,1248
26432321,48,46.0867,1248,90520,0.523088,0.81,1,764136,762888,1248
26435241,48,46.3259,1248,90520,0.490779,0.81,1,764184,762936,1248
26438161,48,40.5351,1296,91980,0.457701,0.83,1,764232,762936,1296
26441081,48,41.4682,1296,91980,0.423931,0.83,1,764280,762984,1296
26444001,48,42.2847,1296,93440,0.389538,0.83,1,764328,763032,1296
26446921,48,42.9991,1296,93440,0.354584,0.83,1,764376,763080,1296
26449841,48,43.6242,1296,94900,0.319126,0.85,1,764424,763128,1296
26452761,48,44.1712,1296,94900,0.287213,0.85,1,764472,763176,1296
26455681,48,44.6498,1296,96360,0.258492,0.85,1,764520,763224,1296
26458601,48,45.0686,1296,97820,0.232643,0.85,1,764568,763272,1296
26461521,48,39.435,1344,97820,0.209379,0.87,1,764616,763272,1344
26463841,46.75,40.5056,1334,99280,0.188441,0,1,764654,763320,1334
26466761,336.656,464.192,270,99280,0.269597,0,1,767020,766750,270
26469681,300.574,406.168,318,100740,0.342637,0,1,767068,766750,318
26472601,269.002,355.397,366,102200,0.408373,0,1,767116,766750,366
26475521,241.377,310.973,414,103660,0.467536,0,1,767164,766750,414
26478441,217.205,272.101,462,105120,0.520782,0,1,767212,766750,462
26481361,196.054,238.088,510,106580,0.568704,0,1,767260,766750,510
26493041,134.787,139.563,702,112420,0.717027,0,2,767452,766750,702
26495961,123.938,122.118,750,113880,0.745324,0,2,767500,766750,750
26498881,114.446,106.853,798,115340,0.770792,0,2,767548,766750,798
26501801,106.14,93.4964,846,116800,0.793713,0,2,767596,766750,846
26504721,98.8728,81.8093,894,118260,0.814341,0,2,767644,766750,894
26507641,92.5137,71.5831,942,119720,0.832907,0,2,767692,766750,942
26510561,86.9495,62.6353,990,121180,0.849616,0,2,767740,766750,990
26513481,82.0808,54.8058,1038,122640,0.864655,0,2,767788,766750,1038
26516401,77.8207,47.9551,1086,124100,0.878189,0,2,767836,766750,1086
26519321,74.0931,41.9607,1134,125560,0.89037,0,2,767884,766750,1134
26522241,70.8315,36.7156,1182,127020,0.901333,0,2,767932,766750,1182
26525161,67.9775,32.1262,1230,128480,0.9112,0,2,767980,766750,1230
26528081,65.4803,28.1104,1278,129940,0.92008,0,2,768028,766750,1278
26531001,63.2953,24.5966,1326,131400,0.928072,0,2,768076,766750,1326
26533921,61.3834,21.522,1374,132860,0.935265,0,2,768124,766750,1374
26536841,59.7105,18.8318,1422,134320,0.939738,0,2,768172,766750,1422
26539761,58.2467,16.4778,1470,135780,0.940764,0,2,768220,766750,1470
26542681,56.9658,14.4181,1518,137240,0.938688,0,2,768268,766750,1518
26545601,55.8451,12.6158,1566,138700,0.928819,0,2,768316,766750,1566
26545601,51.8645,11.0388,1590,140160,0.915937,0,2,768340,766750,1590
26545601,48.3814,9.65899,1614,140160,0.900344,0,2,768364,766750,1614
26545601,45.3337,8.45161,1638,140160,0.882309,0,2,768388,766750,1638
26545601,42.792,7.39516,1663,120820,0.864078,0.72,2,768413,766750,1663
26545601,40.443,6.47077,1687,120182,0.84367,0,2,768437,766750,1687
26545601,38.3876,5.66192,1711,119863,0.823303,0,2,768461,766750,1711
26545601,36.5892,4.95418,1735,118083,0.802973,0,2,768485,766750,1735
26545601,35.0155,4.33491,1759,116304,0.780676,0,2,768509,766750,1759
26545601,33.6386,3.79304,1783,114525,0.759608,0,2,768533,766750,1783
26545601,32.4338,3.31891,1807,112745,0.741647,0,2,768557,766750,1807
26545601,31.3795,2.90405,1831,110966,0.726483,0,2,768581,766750,1831
26545601,30.4571,2.54104,1855,107727,0.713834,0,2,768605,766750,1855
26545601,29.65,2.22341,1879,105948,0.701451,0,2,768629,766750,1879
26545601,24.2994,0.117814,2407,78480,0.702172,0,2,769157,766750,2407
26545601,24.262,0.103087,2431,78480,0.702954,0,2,769181,766750,2431
26545601,24.2292,0.0902014,2455,78480,0.703659,0,2,769205,766750,2455
26545601,24.2006,0.0789263,2479,78480,0.704293,0,2,769229,766750,2479
26545601,24.1755,0.0690605,2503,78480,0.703864,0,2,769253,766750,2503
26545601,24.1536,0.0604279,2527,78480,0.703477,0,2,769277,766750,2527
26545601,24.1344,0.0528744,2551,71180,0.70213,0,2,769301,766750,2551
26545601,22.3676,0.0462651,2561,71180,0.702917,0,2,769311,766750,2561
26545601,22.5716,0.040482,2585,70440,0.701625,0,2,769335,766750,2585
26567501,21.2114,108.736,1110,71700,0.705903,0.59,2,769691,768581,1110
26570421,21.56,101.144,1086,72660,0.713313,0.6,2,769715,768629,1086
26573341,21.865,91.5007,1086,71700,0.717982,0.61,2,769739,768653,1086
26574801,22.1318,83.0631,1086,72620,0.724184,0.62,2,769763,768677,1086
26577721,22.3654,75.6802,1086,71700,0.727765,0.63,2,769787,768701,1086
26580641,22.5697,69.2202,1086,72620,0.732989,0.64,2,769811,768725,1086
26582101,22.7485,63.5677,1086,71700,0.73569,0.65,2,769835,768749,1086
26585021,22.9049,58.6217,1086,72620,0.740121,0.66,2,769859,768773,1086
26586481,23.0418,54.294,1086,71700,0.742109,0.67,2,769883,768797,1086
26589401,23.1616,50.5072,1086,72620,0.745898,0.68,2,769907,768821,1086
26590861,23.2664,47.1938,1086,71700,0.747308,0.69,2,769931,768845,1086
26593781,23.3581,44.2946,1086,72620,0.750577,0.7,2,769955,768869,1086
26595241,23.4383,41.7578,1086,71700,0.75152,0.71,2,769979,768893,1086
26598161,23.5085,39.5381,1086,72620,0.754368,0.72,2,770003,768917,1086
26599621,23.57,37.5958,1086,71700,0.754931,0.73,2,770027,768941,1086
26602541,23.6237,35.8963,1086,72620,0.757438,0.69,2,770051,768965,1086
26604001,23.6708,34.4093,1086,71700,0.757694,0.7,2,770075,768989,1086
26606921,23.7119,33.1081,1086,72620,0.759925,0.71,2,770099,769013,1086
26608381,23.7479,31.9696,1086,71700,0.759932,0.7,2,770123,769037,1086
26609841,23.7794,30.9734,1086,72620,0.761939,0.71,2,770147,769061,1086
26639041,23.807,30.1017,1086,71700,0.761745,0.71,2,770171,769085,1086
26639041,23.8311,26.339,1110,66780,0.764571,0,2,770195,769085,1110
26639041,23.8522,23.0466,1134,66780,0.764113,0,2,770219,769085,1134
26639041,23.8707,20.1658,1158,66780,0.761702,0,2,770243,769085,1158
26639041,23.8869,17.6451,1182,66780,0.757532,0,2,770267,769085,1182
26640501,23.901,30.4394,1086,66780,0.751779,0.71,2,770291,769205,1086
26641961,23.9134,29.6345,1086,65860,0.744601,0.7,2,770315,769229,1086
26643421,23.9242,28.9302,1086,66780,0.739141,0.7,2,770339,769253,1086
26644881,23.9337,28.3139,1086,65860,0.732227,0.69,2,770363,769277,1086
26649261,23.942,27.7747,1086,66780,0.728004,0.69,2,770387,769301,1086
26652921,22.4492,28.5528,1064,65860,0.726204,0.68,2,770399,769335,1064
26654381,22.6431,27.9837,1064,66780,0.721583,0.68,2,770423,769359,1064
26658321,20.3127,27.9858,1040,65860,0.719425,0.67,2,770427,769387,1040
26661441,20.6486,27.9876,1035,66040,0.715482,0.67,2,770450,769415,1035
26670801,21.0675,27.9891,1031,65840,0.711934,0.65,2,770474,769443,1031
26673721,24.4341,27.4905,1055,99280,0.740741,0.65,2,770522,769467,1055
26676001,26.0048,30.5542,1040,99280,0.766667,0.67,2,770559,769519,1040
26676001,25.7542,26.7349,1064,99280,0.79,0,2,770583,769519,1064
26676001,25.5349,23.393,1088,99280,0.811,0,2,770607,769519,1088
26676001,25.3431,20.4689,1112,99280,0.8299,0,2,770631,769519,1112
26676001,23.8002,17.9103,1125,99280,0.84691,0,2,770644,769519,1125
26678921,26.8252,28.5465,1070,99280,0.862219,0.67,2,770692,769622,1070
26681841,29.472,24.9782,1118,100740,0.875997,0.67,2,770740,769622,1118
26684761,31.788,21.8559,1166,100740,0.888397,0.77,2,770788,769622,1166
26687681,33.8145,21.7489,1193,102200,0.899558,0.77,2,770836,769643,1193
26690561,35.4627,25.0303,1192,102200,0.906602,0.76,2,770883,769691,1192
26693481,37.0299,27.9015,1192,103660,0.915942,0.76,2,770931,769739,1192
26696401,38.4011,30.4138,1192,103660,0.924348,0.76,2,770979,769787,1192
26699321,39.601,32.6121,1192,103660,0.931913,0.76,2,771027,769835,1192
26702241,40.6509,34.5356,1192,105120,0.938722,0.76,2,771075,769883,1192
26705161,41.5695,36.2186,1192,105120,0.944849,0.76,2,771123,769931,1192
26767941,39.8499,10.0315,1729,112720,0.949273,0.87,2,772251,770522,1729
26767941,36.1186,8.77756,1739,111839,0.939345,0,2,772261,770522,1739
26767941,34.6038,7.68037,1763,111658,0.926411,0,2,772285,770522,1763
26767941,33.2783,6.72032,1787,111218,0.91377,0,2,772309,770522,1787
26767941,32.1185,5.88028,1811,110777,0.903393,0,2,772333,770522,1811
26767941,31.1037,5.14524,1835,110336,0.891053,0,2,772357,770522,1835
26767941,30.2158,4.50209,1859,109896,0.880948,0,2,772381,770522,1859
26767941,29.4388,3.93933,1883,109455,0.869853,0,2,772405,770522,1883
26767941,28.7589,3.44691,1907,109014,0.856868,0,2,772429,770522,1907
26767941,28.2891,3.01605,1932,108574,0.846181,0,2,772454,770522,1932
26767941,27.7529,2.63904,1956,108133,0.834563,0,2,772478,770522,1956
26767941,27.2838,2.30916,1980,107693,0.821107,0,2,772502,770522,1980
26767941,26.8733,2.02052,2004,105792,0.809996,0,2,772526,770522,2004
26767941,26.5142,1.76795,2028,105351,0.800996,0,2,772550,770522,2028
26767941,26.1999,1.54696,2052,104911,0.793897,0,2,772574,770522,2052
26767941,25.9249,1.35359,2076,104470,0.786507,0,2,772598,770522,2076
26767941,25.6843,1.18439,2100,102570,0.780856,0,2,772622,770522,2100
26767941,25.4738,1.03634,2124,102129,0.776771,0,2,772646,770522,2124
26767941,25.2895,0.906798,2148,100228,0.772094,0,2,772670,770522,2148
26767941,25.1283,0.793449,2172,99788,0.768884,0,2,772694,770522,2172
26767941,24.9873,0.694267,2196,97887,0.766996,0,2,772718,770522,2196
26767941,24.8639,0.607484,2220,95986,0.764296,0,2,772742,770522,2220
26767941,24.7559,0.531549,2244,95546,0.762867,0,2,772766,770522,2244
26767941,24.6614,0.465105,2268,93645,0.76258,0,2,772790,770522,2268
26767941,24.5787,0.406967,2292,90285,0.763322,0,2,772814,770522,2292
26767941,24.5064,0.356096,2316,89844,0.76299,0,2,772838,770522,2316
26767941,24.4431,0.311584,2340,89403,0.763691,0,2,772862,770522,2340
26767941,24.3877,0.272636,2364,88963,0.765322,0,2,772886,770522,2364
26767941,24.3392,0.238557,2388,88522,0.74479,0,2,772910,770522,2388
26767941,24.2968,0.208737,2412,88081,0.727311,0,2,772934,770522,2412
26767941,24.2597,0.182645,2436,87641,0.71258,0,2,772958,770522,2436
26786061,23.6856,124.934,1398,52560,0.593055,0,1,773625,772227,1398
26793361,23.7249,134.568,1220,52560,0.58475,0.71,1,773649,772429,1220
26840081,23.8026,61.104,1122,70380,0.703948,0.57,2,773888,772766,1122
26840081,23.8273,53.466,1146,59860,0.710554,0,2,773912,772766,1146
26840081,23.8489,46.7827,1170,59860,0.714498,0,2,773936,772766,1170
26840081,23.8678,40.9349,1194,59860,0.716048,0,2,773960,772766,1194
26840081,23.8843,35.818,1218,59860,0.715444,0,2,773984,772766,1218
26840081,23.8988,31.3408,1242,59860,0.712899,0,2,774008,772766,1242
26840081,23.9114,27.4232,1266,59860,0.708609,0,2,774032,772766,1266
26840081,23.9225,23.9953,1290,59860,0.702748,0,2,774056,772766,1290
26898181,33.9269,32.3119,1007,84680,0.720801,0.51,2,774656,773649,1007
26901101,35.6861,28.273,1055,84680,0.741721,0.51,2,774704,773649,1055
26904021,37.2253,24.7388,1103,84680,0.760549,0.51,2,774752,773649,1103
26906941,38.5722,21.6465,1151,84680,0.777494,0.51,2,774800,773649,1151
26909861,39.7506,18.9407,1199,86140,0.794745,0.51,2,774848,773649,1199
26912781,40.7818,16.5731,1247,86140,0.81027,0.77,2,774896,773649,1247
26915701,41.6841,23.5015,1223,86140,0.824243,0.75,2,774944,773721,1223
26918621,42.4736,29.5638,1199,86140,0.836819,0.75,2,774992,773793,1199
26921541,43.1644,31.8683,1199,86140,0.848137,0.75,2,775040,773841,1199
26924461,43.7688,33.7598,1200,87600,0.860323,0.59,2,775088,773888,1200
26927381,44.2977,59.5398,1008,87600,0.871291,0.59,2,775136,774128,1008
26930301,44.7605,61.0973,984,87600,0.881162,0.59,2,775184,774200,984
26933221,45.1654,59.4602,984,87600,0.890046,0.59,2,775232,774248,984
26936141,45.5198,58.0276,984,87600,0.898041,0.59,2,775280,774296,984
26939061,45.8298,56.7742,984,89060,0.907237,0.59,2,775328,774344,984
26941981,46.1011,55.6774,984,89060,0.915513,0.59,2,775376,774392,984
26944901,46.3384,54.7177,984,89060,0.922962,0.61,2,775424,774440,984
26947821,46.5461,50.878,1008,89060,0.929666,0.61,2,775472,774464,1008
26950741,46.7279,44.5183,1056,89060,0.935699,0.61,2,775520,774464,1056
26953661,46.8869,38.9535,1104,90520,0.942129,0.61,2,775568,774464,1104
26956581,47.026,34.0843,1152,90520,0.947916,0.61,2,775616,774464,1152
27045641,28.9146,8.89329,1777,88717,0.948931,0,2,777393,775616,1777
27045641,28.3003,7.78163,1801,88245,0.944038,0,2,777417,775616,1801
27045641,27.7628,6.80892,1825,87772,0.938634,0,2,777441,775616,1825
27045641,27.2924,5.95781,1849,87300,0.932771,0,2,777465,775616,1849
27045641,26.8809,5.21308,1873,86828,0.926494,0,2,777489,775616,1873
27045641,26.5208,4.56145,1897,86355,0.921844,0,2,777513,775616,1897
27045641,26.2057,3.99127,1921,84423,0.91466,0,2,777537,775616,1921
27045641,25.93,3.49236,1945,82490,0.909194,0,2,777561,775616,1945
27045641,25.6887,3.05581,1969,82018,0.902275,0,2,777585,775616,1969
27045641,25.4776,2.67384,1993,80086,0.893047,0,2,777609,775616,1993
27045641,25.2929,2.33961,2017,79613,0.885742,0,2,777633,775616,2017
27045641,25.1313,2.04716,2041,79141,0.878168,0,2,777657,775616,2041
27045641,24.9899,1.79126,2065,78669,0.870351,0,2,777681,775616,2065
27045641,24.8662,1.56735,2089,78196,0.862316,0,2,777705,775616,2089
27045641,24.7579,1.37143,2113,77724,0.856085,0,2,777729,775616,2113
27045641,24.6631,1.20001,2137,77252,0.847476,0,2,777753,775616,2137
27045641,24.5803,1.05,2161,76779,0.840729,0,2,777777,775616,2161
27045641,24.5077,0.918754,2185,76307,0.833656,0,2,777801,775616,2185
27045641,24.4443,0.80391,2209,75835,0.82629,0,2,777825,775616,2209
27045641,24.3887,0.703421,2233,75362,0.818661,0,2,777849,775616,2233
27045641,24.3401,0.615493,2257,74890,0.812795,0,2,777873,775616,2257
27045641,24.2976,0.538557,2281,74418,0.806516,0,2,777897,775616,2281
27045641,24.2604,0.471237,2305,73945,0.800864,0,2,777921,775616,2305
27045641,24.2279,0.412332,2329,73473,0.795778,0,2,777945,775616,2329
27045641,24.1994,0.360791,2353,73000,0.7912,0,2,777969,775616,2353
27045641,24.1745,0.315692,2377,72528,0.78508,0,2,777993,775616,2377
27045641,24.1527,0.276231,2401,70596,0.779572,0,2,778017,775616,2401
27045641,24.1336,0.241702,2425,70123,0.774615,0,2,778041,775616,2425
27045641,24.1169,0.211489,2449,69651,0.768153,0,2,778065,775616,2449
27045641,24.1023,0.185053,2473,67160,0.761338,0,2,778089,775616,2473
27045641,24.0895,0.161921,2497,67160,0.756204,0,2,778113,775616,2497
27045641,24.0783,0.141681,2521,67160,0.750584,0,2,778137,775616,2521
27045641,24.0685,0.123971,2545,67160,0.745525,0,2,778161,775616,2545
27045641,24.0599,0.108475,2569,66360,0.739973,0,2,778185,775616,2569
27045641,24.0525,0.0949153,2593,66360,0.735976,0,2,778209,775616,2593
27045641,24.0459,0.0830509,2617,66360,0.731378,0,2,778233,775616,2617
27045641,24.0402,0.0726695,2641,66360,0.72824,0,2,778257,775616,2641
27045641,24.0351,0.0635858,2665,66360,0.724416,0,2,778281,775616,2665
27045641,24.0307,0.0556376,2689,66360,0.721974,0,2,778305,775616,2689
27045641,24.0269,0.0486829,2713,66360,0.718777,0,2,778329,775616,2713
27045641,24.0235,0.0425975,2737,66360,0.716899,0,2,778353,775616,2737
27045641,24.0206,0.0372728,2761,66360,0.715209,0,2,778377,775616,2761
27045641,24.018,0.0326137,2785,66360,0.713688,0,2,778401,775616,2785
27045641,24.0158,0.028537,2809,66360,0.71232,0,2,778425,775616,2809
27045641,24.0138,0.0249699,2833,66360,0.711088,0,2,778449,775616,2833
27045641,24.0121,0.0218487,2857,66360,0.709979,0,2,778473,775616,2857
27045641,24.0106,0.0191176,2881,66360,0.708981,0,2,778497,775616,2881
27045641,24.0092,0.0167279,2905,66360,0.708083,0,2,778521,775616,2905
27045641,24.0081,0.0146369,2929,66360,0.707275,0,2,778545,775616,2929
27060241,24.0071,192.013,1417,66360,0.706547,0.89,2,778569,777152,1417
27060241,24.0062,168.011,1441,67160,0.705892,0,2,778593,777152,1441
27060241,24.0054,147.01,1465,66360,0.705303,0,2,778617,777152,1465
27060241,24.0047,128.634,1489,66360,0.704773,0,2,778641,777152,1489
27060241,24.0041,112.554,1513,66360,0.704296,0,2,778665,777152,1513
27060241,24.0036,98.4851,1537,66360,0.703866,0,2,778689,777152,1537
27070461,24.0032,116.299,1320,66360,0.703479,0.85,2,778713,777393,1320
27070461,24.0028,101.762,1344,67160,0.703131,0,2,778737,777393,1344
27070461,24.0024,89.0418,1368,66360,0.702818,0,2,778761,777393,1368
27070461,24.0021,77.9115,1392,66360,0.702536,0,2,778785,777393,1392
27073381,24.0019,86.1726,1272,66360,0.702283,0.86,2,778809,777537,1272
27077761,24.0016,78.401,1272,67160,0.702055,0.81,2,778833,777561,1272
27104041,24.0014,74.6009,1248,67160,0.701849,0.73,2,778857,777609,1248
27104041,24.0012,65.2758,1272,67160,0.701664,0,2,778881,777609,1272
27104041,24.0011,57.1163,1296,66360,0.701498,0,2,778905,777609,1296
27104041,24.001,49.9768,1320,66360,0.701348,0,2,778929,777609,1320
27104041,24.0008,43.7297,1344,66360,0.701213,0,2,778953,777609,1344
27104041,24.0007,38.2635,1368,66360,0.701092,0,2,778977,777609,1368
27104041,24.0006,33.4805,1392,66360,0.700983,0,2,779001,777609,1392
27104041,24.0006,29.2955,1416,66360,0.701884,0,2,779025,777609,1416
27104041,24.0005,25.6335,1440,66360,0.702696,0,2,779049,777609,1440
27104041,24.0004,22.4293,1464,66360,0.703426,0,2,779073,777609,1464
27104041,24.0004,19.6257,1488,66360,0.704084,0,2,779097,777609,1488
27109881,23.8753,65.1725,1127,66360,0.704675,0.71,2,779120,777993,1127
27109881,23.8909,57.0259,1151,67160,0.705208,0,2,779144,777993,1151
27172661,23.9045,58.8977,1103,66360,0.705687,0.7,2,779168,778065,1103
27175581,26.9165,54.5355,1127,68620,0.733118,0.7,2,779216,778089,1127
27176241,27.9269,53.7185,1114,70080,0.753807,0.7,2,779251,778137,1114
27176241,27.4361,47.0037,1138,70080,0.770426,0,2,779275,778137,1138
27176241,27.0065,41.1282,1162,70080,0.783383,0,2,779299,778137,1162
27176241,26.6307,35.9872,1186,70080,0.793045,0,2,779323,778137,1186
27176241,26.3019,31.4888,1210,70080,0.79974,0,2,779347,778137,1210
27176241,26.0142,27.5527,1234,70080,0.803766,0,2,779371,778137,1234
27176241,25.7624,24.1086,1258,70080,0.80539,0,2,779395,778137,1258
27176241,25.5421,21.095,1282,70080,0.804851,0,2,779419,778137,1282
27176241,25.3493,18.4582,1306,70080,0.802366,0,2,779443,778137,1306
27176241,25.1807,16.1509,1330,70080,0.798129,0,2,779467,778137,1330
27176241,25.0331,14.132,1354,70080,0.792316,0,2,779491,778137,1354
27176241,24.9039,12.3655,1378,70080,0.785085,0,2,779515,778137,1378
27176241,24.7909,10.8198,1402,70080,0.776576,0,2,779539,778137,1402
27176241,24.6921,9.46736,1426,70080,0.766919,0,2,779563,778137,1426
27176241,24.6056,8.28394,1450,70080,0.756227,0,2,779587,778137,1450
27176241,24.5299,7.24845,1474,70080,0.744604,0,2,779611,778137,1474
27176241,24.4636,6.34239,1498,70080,0.732144,0,2,779635,778137,1498
27176241,24.4057,5.54959,1522,70080,0.718929,0,2,779659,778137,1522
27179161,27.355,61.8559,1114,70080,0.703036,0.7,2,779707,778593,1114
27193761,37.411,55.1068,1114,74460,0.591885,0.7,1,779947,778833,1114
27196681,38.7346,54.2185,1114,75920,0.564697,0.7,1,779995,778881,1114
27199601,39.8928,53.4412,1114,75920,0.536227,0.7,1,780043,778929,1114
27202521,40.9062,52.761,1114,75920,0.506604,0.71,1,780091,778977,1114
27205441,41.7929,52.1659,1114,75920,0.475944,0.71,1,780139,779025,1114
27208361,42.5688,51.6451,1114,75920,0.444349,0.71,1,780187,779073,1114
27211281,43.2477,51.0645,1115,75920,0.411914,0.71,1,780235,779120,1115
27214201,43.8417,50.6814,1115,75920,0.378723,0.71,1,780283,779168,1115
27217121,44.3615,44.3463,1163,77380,0.344851,0.71,1,780331,779168,1163
27220041,44.8163,38.803,1211,77380,0.310366,0.71,1,780379,779168,1211
27222961,45.2143,33.9526,1259,77380,0.279329,0.71,1,780427,779168,1259
27225881,45.5625,29.7085,1307,77380,0.251396,0.71,1,780475,779168,1307
27228801,45.8672,25.995,1355,77380,0.226257,0.71,1,780523,779168,1355
27231721,46.1338,22.7456,1403,77380,0.203631,0.71,1,780571,779168,1403
27234481,45.9921,19.9024,1448,77380,0.183268,0,1,780616,779168,1448
27237401,315.993,440.415,270,78840,0.249941,0,1,782822,782552,270
27240321,282.494,385.363,318,78840,0.309947,0,1,782870,782552,318
27243241,253.182,337.192,366,78840,0.363952,0,1,782918,782552,366
27246161,227.534,295.043,414,78840,0.412557,0,1,782966,782552,414
27249081,205.093,258.163,462,78840,0.456301,0,1,783014,782552,462
27252001,185.456,225.893,510,78840,0.495671,0,1,783062,782552,510
27254921,168.274,197.656,558,78840,0.531104,0,1,783110,782552,558
27257841,153.24,172.949,606,78840,0.562994,0,1,783158,782552,606
27260761,140.085,151.33,654,78840,0.591694,0,1,783206,782552,654
27275361,95.2311,77.6187,894,80300,0.705663,0,2,783446,782552,894
27278281,89.3272,67.9164,942,80300,0.722097,0,2,783494,782552,942
27281201,84.1613,59.4268,990,80300,0.736887,0,2,783542,782552,990
27284121,79.6412,51.9985,1038,80300,0.750199,0,2,783590,782552,1038
27287041,75.686,45.4987,1086,81760,0.764179,0,2,783638,782552,1086
27289961,72.2253,39.8113,1134,81760,0.776761,0,2,783686,782552,1134
27292881,69.1971,34.8349,1182,81760,0.788085,0,2,783734,782552,1182
27295801,66.5475,30.4805,1230,81760,0.795276,0,2,783782,782552,1230
27298721,64.229,26.6705,1278,81760,0.803749,0,2,783830,782552,1278
27301641,62.2004,23.3367,1326,81760,0.812374,0,2,783878,782552,1326
27304561,60.4254,20.4196,1374,83220,0.822136,0,2,783926,782552,1374
27307481,58.8722,17.8671,1422,83220,0.830923,0,2,783974,782552,1422
27310401,57.5132,15.6337,1470,83220,0.83883,0,2,784022,782552,1470
27313321,56.324,13.6795,1518,83220,0.845947,0.85,2,784070,782552,1518
27316241,55.2835,45.7196,1296,83220,0.852353,0.85,2,784118,782822,1296
27319161,54.3731,46.0046,1296,84680,0.860117,0.85,2,784166,782870,1296
27322081,53.5764,46.2541,1296,84680,0.867106,0.85,2,784214,782918,1296
27325001,52.8794,46.4723,1296,84680,0.873395,0.85,2,784262,782966,1296
27327921,52.2695,46.6633,1296,84680,0.879056,0.85,2,784310,783014,1296
27330841,51.7358,46.8304,1296,84680,0.88415,0.85,2,784358,783062,1296
27333761,51.2688,46.9766,1296,86140,0.890735,0.85,2,784406,783110,1296
27336681,50.8602,47.1045,1296,86140,0.896662,0.85,2,784454,783158,1296
27339601,50.5027,47.2164,1296,86140,0.901995,0.85,2,784502,783206,1296
27342521,50.1898,41.3144,1344,86140,0.906796,0.87,2,784550,783206,1344
27345441,49.9161,42.1501,1344,87600,0.913116,0.87,2,784598,783254,1344
27348361,49.6766,42.8813,1344,87600,0.918805,0.87,2,784646,783302,1344
27351281,49.467,43.5212,1344,87600,0.923924,0.87,2,784694,783350,1344
27354201,49.2836,44.081,1344,87600,0.928532,0.87,2,784742,783398,1344
27357121,49.1232,44.5709,1344,89060,0.934679,0.87,2,784790,783446,1344
27360041,48.9828,44.9995,1344,89060,0.940211,0.87,2,784838,783494,1344
27362961,48.8599,45.3746,1344,89060,0.94519,0.87,2,784886,783542,1344
27421361,48.0595,41.3598,1440,102200,0.936074,0.95,2,785846,784406,1440
27424281,48.0521,42.1898,1440,102200,0.917467,0.95,2,785894,784454,1440
27427201,48.0456,42.9161,1440,103660,0.89672,0.95,2,785942,784502,1440
27430121,48.0399,43.5516,1440,103660,0.874048,0.97,2,785990,784550,1440
27433041,48.0349,44.1076,1440,105120,0.849643,0.97,2,786038,784598,1440
27435961,48.0305,44.5942,1440,105120,0.823679,0.97,2,786086,784646,1440
27438881,48.0267,45.0199,1440,106580,0.793311,0.97,2,786134,784694,1440
27441801,48.0234,45.3924,1440,108040,0.76198,0.97,2,786182,784742,1440
27444721,48.0205,39.7184,1488,109500,0.728782,0.99,2,786230,784742,1488
27456401,48.012,43.1455,1488,112420,0.583135,1,1,786422,784934,1488
27457861,48.0105,43.7523,1488,113880,0.543821,1,1,786470,784982,1488
27457861,45.0092,38.2832,1512,113880,0.505439,0,1,786494,784982,1512
27457861,42.383,33.4978,1536,113880,0.469895,0,1,786518,784982,1536
27457861,40.0852,29.3106,1560,37440,0.435906,0.15,1,786542,784982,1560
27457861,38.0745,25.6468,1584,37440,0.404315,0,1,786566,784982,1584
27457861,36.4402,22.4409,1609,37440,0.376884,0,1,786591,784982,1609
27457861,34.8852,19.6358,1633,37440,0.350195,0,1,786615,784982,1633
27457861,33.5245,17.1813,1657,37440,0.327176,0,1,786639,784982,1657
27457861,32.334,15.0337,1681,35980,0.307458,0,1,786663,784982,1681
27457861,31.2922,13.1545,1705,34520,0.290712,0,1,786687,784982,1705
27457861,30.3807,11.5102,1729,34520,0.276641,0,1,786711,784982,1729
27457861,29.5831,10.0714,1753,33060,0.263977,0,1,786735,784982,1753
27457861,28.8852,8.81246,1777,31600,0.252579,0,1,786759,784982,1777
27457861,28.2746,7.7109,1801,31600,0.242321,0,1,786783,784982,1801
27457861,27.7402,6.74704,1825,30140,0.233089,0,1,786807,784982,1825
27457861,27.2727,5.90366,1849,30140,0.22478,0,1,786831,784982,1849
27457861,26.8636,5.1657,1873,27220,0.217302,0,1,786855,784982,1873
27457861,26.5057,4.51999,1897,25760,0.210572,0,1,786879,784982,1897
27457861,26.1925,3.95499,1921,25760,0.204515,0,1,786903,784982,1921
27457861,24.7934,3.46062,1936,25760,0.198063,0,1,786918,784982,1936
27466621,24.6942,195.028,424,25240,0.190257,0.12,1,786942,786518,424
27466621,24.6074,170.65,448,25760,0.181231,0,1,786966,786518,448
27469541,24.5315,155.318,424,25760,0.171108,0.13,1,786990,786566,424
27473921,24.4651,139.029,423,25760,0.159997,0.12,1,787014,786591,423
27473921,24.4069,121.65,447,24300,0.147998,0,1,787038,786591,447
27476841,24.3561,112.444,423,24300,0.135198,0.13,1,787062,786639,423
27481221,24.3116,101.388,423,24300,0.121678,0.15,1,787086,786663,423
27481221,24.2726,88.7147,447,22840,0.10951,0,1,787110,786663,447
27485601,24.2385,83.6254,423,22840,0.0985593,0.15,1,787134,786711,423
27485601,24.2087,73.1722,447,21380,0.0887033,0,1,787158,786711,447
27487061,24.1826,70.0257,423,21380,0.079833,0.15,1,787182,786759,423
27489981,24.0348,64.2725,422,21380,0.0718497,0.15,1,787205,786783,422
27499681,24.0305,59.2384,422,21380,0.0646647,0,1,787229,786807,422
27499681,24.0266,51.8336,446,80300,0.158198,0,1,787253,786807,446
27499681,24.0233,45.3544,470,80300,0.242378,0,1,787277,786807,470
27499681,24.0204,39.6851,494,80300,0.318141,0,1,787301,786807,494
27499681,22.8929,34.7245,509,80300,0.386327,0,1,787316,786807,509
27502601,43.9062,84.1339,270,80300,0.434694,0,1,787507,787237,270
27505521,44.418,73.6172,318,80300,0.478224,0,1,787555,787237,318
27508441,44.8657,64.415,366,81760,0.519402,0,1,787603,787237,366
27511361,45.2575,56.3631,414,81760,0.556462,0,1,787651,787237,414
27514281,45.6003,49.3178,462,81760,0.589816,0,1,787699,787237,462
27525961,46.5933,28.9092,654,84680,0.703727,0,2,787891,787237,654
27528881,46.7692,25.2955,702,86140,0.728354,0,2,787939,787237,702
27531801,46.923,22.1336,750,86140,0.750519,0,2,787987,787237,750
27534721,47.0577,19.3669,798,87600,0.772467,0,2,788035,787237,798
27537641,47.1754,16.946,846,87600,0.79222,0,2,788083,787237,846
27540561,47.2785,14.8278,894,89060,0.811998,0,2,788131,787237,894
27543481,47.3687,12.9743,942,89060,0.829798,0,2,788179,787237,942
27546401,47.4476,11.3525,990,90520,0.846819,0,2,788227,787237,990
27549321,47.5167,9.93345,1038,90520,0.862137,0,2,788275,787237,1038
27552241,47.5771,8.69177,1086,90520,0.875923,0,2,788323,787237,1086
27555161,47.6299,7.60529,1134,91980,0.888331,0,2,788371,787237,1134
27558081,47.6762,6.65463,1182,91980,0.899498,0,2,788419,787237,1182
27561001,47.7167,5.8228,1230,93440,0.909548,0,2,788467,787237,1230
27563921,47.7521,5.09495,1278,93440,0.918593,0,2,788515,787237,1278
27566841,47.7831,4.45808,1326,93440,0.926734,0,2,788563,787237,1326
27569761,47.8102,3.90082,1374,94900,0.93406,0,2,788611,787237,1374
27572681,47.8339,3.41322,1422,94900,0.940654,0,2,788659,787237,1422
27575601,47.8547,2.98657,1470,94900,0.946589,0,2,788707,787237,1470
27638381,31.2135,12.2623,1704,98840,0.946402,0,2,789979,788275,1704
27638381,30.3118,10.7295,1728,98360,0.939762,0,2,790003,788275,1728
27638381,29.5228,9.38831,1752,97880,0.932786,0,2,790027,788275,1752
27638381,28.8325,8.21477,1776,97400,0.925507,0,2,790051,788275,1776
27638381,28.3534,7.18792,1801,96920,0.916956,0,2,790076,788275,1801
27638381,27.8092,6.28943,1825,96440,0.908261,0,2,790100,788275,1825
27638381,27.3331,5.50325,1849,95960,0.899435,0,2,790124,788275,1849
27638381,26.9164,4.81535,1873,94020,0.890491,0,2,790148,788275,1873
27638381,26.5519,4.21343,1897,93540,0.883442,0,2,790172,788275,1897
27638381,26.2329,3.68675,1921,93060,0.873098,0,2,790196,788275,1921
27638381,25.9538,3.22591,1945,92580,0.862788,0,2,790220,788275,1945
27638381,25.7096,2.82267,1969,92100,0.854509,0,2,790244,788275,1969
27638381,25.4959,2.46983,1993,90160,0.844058,0,2,790268,788275,1993
27638381,25.3089,2.16111,2017,88220,0.835652,0,2,790292,788275,2017
27638381,25.1453,1.89097,2041,87740,0.827087,0,2,790316,788275,2041
27638381,25.0021,1.6546,2065,85800,0.818379,0,2,790340,788275,2065
27638381,24.8769,1.44777,2089,85320,0.808541,0,2,790364,788275,2089
27638381,24.7672,1.2668,2113,83380,0.798687,0,2,790388,788275,2113
27638381,24.6713,1.10845,2137,81440,0.788818,0,2,790412,788275,2137
27638381,24.5874,0.969894,2161,80960,0.780936,0,2,790436,788275,2161
27638381,24.514,0.848657,2185,77560,0.774843,0,2,790460,788275,2185
27638381,24.4497,0.742575,2209,77080,0.768358,0,2,790484,788275,2209
27638381,24.3935,0.649753,2233,75140,0.761522,0,2,790508,788275,2233
27638381,24.3443,0.568534,2257,71540,0.75637,0,2,790532,788275,2257
27638381,24.3013,0.497467,2281,71540,0.750733,0,2,790556,788275,2281
27638381,24.2636,0.435284,2305,70080,0.74666,0,2,790580,788275,2305
27638381,24.2307,0.380873,2329,70080,0.740994,0,2,790604,788275,2329
27638381,24.2018,0.333264,2353,68620,0.736894,0,2,790628,788275,2353
27638381,24.1766,0.291606,2377,67160,0.732205,0,2,790652,788275,2377
27638381,24.1545,0.255155,2401,67160,0.728985,0,2,790676,788275,2401
27638381,24.1352,0.223261,2425,67160,0.727086,0,2,790700,788275,2425
27638381,24.1183,0.195353,2449,67160,0.722377,0,2,790724,788275,2449
27638381,24.1035,0.170934,2473,67160,0.71914,0,2,790748,788275,2473
27638381,24.0906,0.149567,2497,67160,0.717226,0,2,790772,788275,2497
27638381,24.0793,0.130871,2521,67160,0.716503,0,2,790796,788275,2521
27638381,24.0694,0.114513,2545,67160,0.714853,0,2,790820,788275,2545
27638381,24.0607,0.100198,2569,66420,0.713368,0,2,790844,788275,2569
27638381,24.0531,0.0876737,2593,66420,0.712031,0,2,790868,788275,2593
27638381,24.0465,0.0767145,2617,66420,0.710828,0,2,790892,788275,2617
27638381,24.0407,0.0671252,2641,66420,0.709745,0,2,790916,788275,2641
27638381,24.0356,0.0587345,2665,66420,0.70877,0,2,790940,788275,2665
27638381,24.0311,0.0513927,2689,66420,0.707893,0,2,790964,788275,2689
27638381,24.0272,0.0449686,2713,66420,0.707104,0,2,790988,788275,2713
27638381,24.0238,0.0393475,2737,66420,0.706394,0,2,791012,788275,2737
27638381,24.0209,0.0344291,2761,66420,0.705754,0,2,791036,788275,2761
27638381,24.0182,0.0301255,2785,66420,0.705179,0,2,791060,788275,2785
27638381,24.016,0.0263598,2809,66420,0.704661,0,2,791084,788275,2809
27638381,24.014,0.0230648,2833,66420,0.704195,0,2,791108,788275,2833
27638381,24.0122,0.0201817,2857,66420,0.703775,0,2,791132,788275,2857
27658821,24.0107,192.018,1345,66420,0.703398,0.82,2,791156,789811,1345
27658821,24.0094,168.015,1369,71540,0.709058,0,2,791180,789811,1369
27658821,24.0082,147.014,1393,70800,0.714152,0,2,791204,789811,1393
27658821,24.0072,128.637,1417,70800,0.718737,0,2,791228,789811,1417
27658821,24.0063,112.557,1441,70800,0.722863,0,2,791252,789811,1441
27658821,24.0055,98.4876,1465,70800,0.726577,0,2,791276,789811,1465
27658821,24.0048,86.1766,1489,70800,0.729919,0,2,791300,789811,1489
27658821,24.0042,75.4045,1513,70800,0.732927,0,2,791324,789811,1513
27667581,24.0037,105.104,1224,70800,0.735635,0.75,2,791348,790124,1224
27667581,24.0032,91.966,1248,71540,0.738071,0,2,791372,790124,1248
27667581,24.0028,80.4702,1272,70800,0.740264,0,2,791396,790124,1272
27667581,24.0025,70.4115,1296,70800,0.742238,0,2,791420,790124,1296
27670501,24.0022,79.61,1176,70800,0.744014,0.76,2,791444,790268,1176
27674881,24.0019,72.6588,1176,71540,0.745613,0.74,2,791468,790292,1176
27679261,24.0016,69.5764,1152,71540,0.747051,0.72,2,791492,790340,1152
27682181,24.0014,63.8794,1152,71540,0.748346,0.7,2,791516,790364,1152
27686561,24.0013,61.8944,1128,71540,0.749511,0.71,2,791540,790412,1128
27688021,24.0011,57.1576,1128,71540,0.75056,0.71,2,791564,790436,1128
27692401,24.001,56.0129,1104,71540,0.751504,0.7,2,791588,790484,1104
27695321,24.0008,52.0113,1104,71540,0.752354,0.71,2,791612,790508,1104
27696781,24.0007,48.5099,1104,71540,0.753119,0.7,2,791636,790532,1104
27701161,24.0006,45.4462,1104,71540,0.753807,0.71,2,791660,790556,1104
27705541,24.0006,42.7654,1104,71540,0.755426,0.69,2,791684,790580,1104
27708461,23.8755,40.4197,1103,71540,0.756883,0.7,2,791707,790604,1103
27759561,23.8911,38.3673,1103,71540,0.758195,0.76,2,791731,790628,1103
27762481,26.9047,36.5713,1127,73000,0.782376,0.71,2,791779,790652,1127
27765401,29.5416,37.9999,1127,74460,0.804138,0.69,2,791827,790700,1127
27768321,31.8489,39.2499,1127,75920,0.823724,0.71,2,791875,790748,1127
27769041,32.3678,40.3437,1115,77380,0.841352,0.76,2,791911,790796,1115
27769041,31.3218,35.3007,1139,77380,0.857217,0,2,791935,790796,1139
27769041,30.4066,30.8881,1163,77380,0.871495,0,2,791959,790796,1163
27769041,29.6058,27.0271,1187,77380,0.884345,0,2,791983,790796,1187
27769041,28.905,23.6487,1211,77380,0.895911,0,2,792007,790796,1211
27769041,28.2919,20.6926,1235,77380,0.90632,0,2,792031,790796,1235
27769041,27.7554,18.1061,1259,77380,0.915688,0,2,792055,790796,1259
27769041,27.286,15.8428,1283,77380,0.924119,0,2,792079,790796,1283
27769041,26.8752,13.8625,1307,77380,0.931707,0,2,792103,790796,1307
27769041,26.5158,12.1296,1331,77380,0.938536,0,2,792127,790796,1331
27769041,26.2014,10.6134,1355,77380,0.944683,0,2,792151,790796,1355
27769041,24.5791,2.79214,1595,77380,0.949738,0,2,792391,790796,1595
27769041,24.5067,2.44312,1619,77380,0.941764,0,2,792415,790796,1619
27769041,24.4434,2.13773,1643,77380,0.932588,0,2,792439,790796,1643
27769041,24.388,1.87051,1667,77380,0.922329,0,2,792463,790796,1667
27771961,27.3395,67.6367,1187,77380,0.909096,0.76,2,792511,791324,1187
27774881,29.922,65.1821,1187,77380,0.897187,0.76,2,792559,791372,1187
27777801,32.1818,63.0343,1187,77380,0.886468,0.76,2,792607,791420,1187
27780721,34.1591,61.1551,1187,77380,0.876821,0.76,2,792655,791468,1187
27783641,35.8892,59.5107,1187,78840,0.870139,0.76,2,792703,791516,1187
27786561,37.403,58.0718,1187,78840,0.864125,0.76,2,792751,791564,1187
27789481,38.7277,56.8129,1187,78840,0.858713,0.76,2,792799,791612,1187
27792401,39.8867,55.7113,1187,78840,0.853841,0.77,2,792847,791660,1187
27795321,40.9009,54.6223,1188,78840,0.849457,0.77,2,792895,791707,1188
27798241,41.7883,50.7946,1212,80300,0.837512,0.77,2,792943,791731,1212
27801161,42.5647,44.4452,1260,80300,0.82876,0.77,2,792991,791731,1260
27804081,43.2441,38.8896,1308,80300,0.822884,0.77,2,793039,791731,1308
27807001,43.8386,34.0284,1356,80300,0.806596,0.77,2,793087,791731,1356
27809921,44.3588,29.7748,1404,80300,0.793936,0.77,2,793135,791731,1404
27812841,44.8139,26.053,1452,80300,0.784543,0.77,2,793183,791731,1452
27815761,45.2122,22.7964,1500,81760,0.780088,0.77,2,793231,791731,1500
27818681,45.5607,19.9468,1548,81760,0.77808,0.77,2,793279,791731,1548
27818681,42.8656,17.4535,1572,81760,0.779272,0,2,793303,791731,1572
27818681,40.5074,15.2718,1596,81760,0.781344,0,2,793327,791731,1596
27818681,38.444,13.3628,1620,81760,0.78421,0,2,793351,791731,1620
27818681,36.6385,11.6925,1644,80140,0.787789,0.81,2,793375,791731,1644
27818681,34.6837,10.2309,1665,79188,0.79001,0,2,793396,791731,1665
27818681,33.3482,8.95204,1689,78763,0.791009,0,2,793420,791731,1689
27818681,32.1797,7.83303,1713,78287,0.793908,0,2,793444,791731,1713
27818681,31.1572,6.8539,1737,77811,0.794517,0,2,793468,791731,1737
27818681,30.2626,5.99716,1761,77334,0.795066,0,2,793492,791731,1761
27818681,29.6047,5.24752,1786,76858,0.795559,0,2,793517,791731,1786
27818681,28.9042,4.59158,1810,76381,0.794003,0,2,793541,791731,1810
27818681,28.2911,4.01763,1834,75905,0.792603,0,2,793565,791731,1834
27818681,27.7547,3.51543,1858,73969,0.791343,0,2,793589,791731,1858
27818681,27.2854,3.076,1882,73492,0.788208,0,2,793613,791731,1882
27818681,26.8747,2.6915,1906,73016,0.785388,0,2,793637,791731,1906
27818681,26.5154,2.35506,1930,72539,0.782849,0,2,793661,791731,1930
27818681,26.201,2.06068,1954,70603,0.778564,0,2,793685,791731,1954
27818681,25.9258,1.80309,1978,70126,0.774707,0,2,793709,791731,1978
27818681,25.6851,1.57771,2002,69650,0.771237,0,2,793733,791731,2002
27818681,25.4745,1.38049,2026,69174,0.766113,0,2,793757,791731,2026
27818681,25.2902,1.20793,2050,68697,0.761502,0,2,793781,791731,2050
27818681,25.1289,1.05694,2074,68221,0.757352,0,2,793805,791731,2074
27818681,24.9878,0.924823,2098,67744,0.751616,0,2,793829,791731,2098
27818681,24.8643,0.80922,2122,67268,0.746455,0,2,793853,791731,2122
27818681,24.7563,0.708068,2146,66792,0.741809,0,2,793877,791731,2146
27818681,24.6617,0.619559,2170,66315,0.735628,0,2,793901,791731,2170
27818681,24.579,0.542114,2194,65839,0.730066,0,2,793925,791731,2194
27818681,24.5066,0.47435,2218,65362,0.725059,0,2,793949,791731,2218
27818681,24.4433,0.415056,2242,64886,0.720553,0,2,793973,791731,2242
27818681,24.3879,0.363174,2266,64409,0.714498,0,2,793997,791731,2266
27818681,24.3394,0.317778,2290,63933,0.709048,0,2,794021,791731,2290
27818681,24.297,0.278055,2314,63457,0.704143,0,2,794045,791731,2314
27818681,24.0268,0.0251348,2746,56100,0.597652,0,1,794477,791731,2746
27818681,24.0235,0.021993,2770,56100,0.594887,0,1,794501,791731,2770
27818681,24.0206,0.0192439,2794,56100,0.592398,0,1,794525,791731,2794
27818681,24.018,0.0168384,2818,56100,0.590158,0,1,794549,791731,2818
27818681,24.0157,0.0147336,2842,56100,0.588142,0,1,794573,791731,2842
27818681,24.0138,0.0128919,2866,56100,0.586328,0,1,794597,791731,2866
27833121,24.012,202.511,1270,56100,0.584695,0.8,1,794621,793351,1270
27833121,24.0105,177.197,1294,54640,0.582226,0,1,794645,793351,1294
27833121,22.2592,155.048,1304,53800,0.578003,0,1,794655,793351,1304
27833121,22.4768,135.667,1328,52340,0.572203,0,1,794679,793351,1328
27840421,22.5422,136.333,1210,52340,0.564983,0.76,1,794702,793492,1210
27840421,22.7244,119.292,1234,56940,0.556484,0,1,794726,793492,1234
27840421,22.8839,104.38,1258,56940,0.546836,0,1,794750,793492,1258
27905281,23.0234,106.458,1161,56940,0.536152,0,1,794774,793613,1161
27905281,23.1455,93.1505,1185,58400,0.524537,0,1,794798,793613,1185
27905281,23.2523,81.5067,1209,58400,0.512083,0,1,794822,793613,1209
27905281,23.3458,71.3184,1233,58400,0.498875,0,1,794846,793613,1233
27905281,23.4275,62.4036,1257,58400,0.484988,0,1,794870,793613,1257
27905281,23.4991,54.6031,1281,58400,0.470489,0,1,794894,793613,1281
27905281,23.5617,47.7777,1305,58400,0.45544,0,1,794918,793613,1305
27905281,23.6165,41.8055,1329,58400,0.439896,0,1,794942,793613,1329
27905281,23.6644,36.5798,1353,58400,0.423906,0,1,794966,793613,1353
27905281,23.7064,32.0073,1377,58400,0.407516,0,1,794990,793613,1377
27905281,23.7431,28.0064,1401,58400,0.390764,0,1,795014,793613,1401
27905281,23.7752,24.5056,1425,58400,0.373688,0,1,795038,793613,1425
27905281,23.8033,21.4424,1449,58400,0.356319,0,1,795062,793613,1449
27905281,23.8279,18.7621,1473,58400,0.338687,0,1,795086,793613,1473
27905281,23.8494,16.4169,1497,58400,0.320818,0,1,795110,793613,1497
27905281,23.8682,14.3647,1521,58400,0.302736,0,1,795134,793613,1521
27905281,23.8847,12.5692,1545,58400,0.284463,0,1,795158,793613,1545
27905281,23.8991,10.998,1569,58400,0.266017,0,1,795182,793613,1569
27905281,23.9117,9.62326,1593,58400,0.247415,0,1,795206,793613,1593
27905281,23.9228,8.42035,1617,58400,0.228673,0,1,795230,793613,1617
27905281,23.9324,7.36781,1641,58400,0.209806,0,1,795254,793613,1641
27905281,23.9409,6.44683,1665,58400,0.190825,0,1,795278,793613,1665
27905281,23.9483,5.64098,1689,58400,0.171743,0,1,795302,793613,1689
27905281,23.9547,4.93586,1713,58400,0.154569,0,1,795326,793613,1713
27905281,23.9604,4.31887,1737,58400,0.139112,0,1,795350,793613,1737
27905281,23.9653,3.77901,1761,58400,0.125201,0,1,795374,793613,1761
27905281,23.9697,3.30664,1785,58400,0.112681,0,1,795398,793613,1785
27905281,23.9735,2.89331,1809,58400,0.101412,0,1,795422,793613,1809
27905281,23.9768,2.53164,1833,58400,0.0912712,0,1,795446,793613,1833
27905281,23.9797,2.21519,1857,58400,0.0821441,0,1,795470,793613,1857
27905281,23.9822,1.93829,1881,58400,0.0739297,0,1,795494,793613,1881
27905281,23.9844,1.696,1905,58400,0.0665367,0,1,795518,793613,1905
27905281,22.2364,1.484,1915,58400,0.0598831,0,1,795528,793613,1915
27908201,433.082,620.549,270,58400,0.110895,0,1,798837,798567,270
27911121,384.947,542.98,318,59860,0.158805,0,1,798885,798567,318
27914041,342.828,475.107,366,61320,0.203925,0,1,798933,798567,366
27916961,305.975,415.719,414,62780,0.246532,0,1,798981,798567,414
27919881,273.728,363.754,462,64240,0.286879,0,1,799029,798567,462
27922801,245.512,318.285,510,65700,0.325191,0,1,799077,798567,510
27925721,220.823,278.499,558,67160,0.361672,0,1,799125,798567,558
27928641,199.22,243.687,606,68620,0.396505,0,1,799173,798567,606
27931561,180.318,213.226,654,68620,0.427854,0,1,799221,798567,654
27934481,163.778,186.573,702,68620,0.456069,0,1,799269,798567,702
27937401,149.306,163.251,750,70080,0.483462,0,1,799317,798567,750
27940321,136.642,142.845,798,70080,0.508116,0,1,799365,798567,798
27943241,125.562,124.989,846,70080,0.530304,0,1,799413,798567,846
27946161,115.867,109.366,894,70080,0.550274,0,1,799461,798567,894
27949081,107.383,95.6948,942,70080,0.568246,0,1,799509,798567,942
27952001,99.9606,83.733,990,71540,0.586422,0,1,799557,798567,990
27981201,61.6696,53.9521,1056,74460,0.708818,0.65,2,800037,798981,1056
27984121,59.9609,53.2081,1056,74460,0.716936,0.65,2,800085,799029,1056
27987041,58.4658,46.557,1104,75920,0.726242,0.67,2,800133,799029,1104
27989961,57.1575,46.7374,1104,75920,0.734618,0.69,2,800181,799077,1104
27992881,56.0128,46.8952,1104,75920,0.742156,0.69,2,800229,799125,1104
27995801,55.0112,41.0333,1152,77380,0.750941,0.71,2,800277,799125,1152
27998721,54.1348,41.9042,1152,77380,0.758847,0.71,2,800325,799173,1152
28001641,53.368,42.6661,1152,78840,0.767962,0.71,2,800373,799221,1152
28004561,52.697,43.3329,1152,78840,0.776166,0.73,2,800421,799269,1152
28007481,52.1099,43.9163,1152,78840,0.783549,0.73,2,800469,799317,1152
28010401,51.5961,44.4267,1152,80300,0.792194,0.73,2,800517,799365,1152
28013321,51.1466,44.8734,1152,80300,0.799975,0.73,2,800565,799413,1152
28016241,50.7533,45.2642,1152,80300,0.806977,0.73,2,800613,799461,1152
28019161,50.4091,45.6062,1152,81760,0.81528,0.73,2,800661,799509,1152
28022081,50.108,39.9054,1200,81760,0.822752,0.75,2,800709,799509,1200
28025001,49.8445,40.9172,1200,83220,0.828476,0.75,2,800757,799557,1200
28027921,49.6139,41.8026,1200,83220,0.829629,0.75,2,800805,799605,1200
28030841,49.4122,42.5773,1200,83220,0.826666,0.75,2,800853,799653,1200
28033761,49.2357,43.2551,1200,84680,0.819999,0.77,2,800901,799701,1200
28036681,49.0812,43.8482,1200,86140,0.809999,0.77,2,800949,799749,1200
28039601,48.9461,44.3672,1200,86140,0.797,0.77,2,800997,799797,1200
28042521,48.8278,44.8213,1200,87600,0.7813,0.77,2,801045,799845,1200
28045441,48.7243,45.2186,1200,87600,0.76317,0.77,2,801093,799893,1200
28048361,48.6338,39.5663,1248,89060,0.742853,0.79,2,801141,799893,1248
28051281,48.5546,40.6205,1248,89060,0.720567,0.79,2,801189,799941,1248
28065881,48.2844,44.215,1248,93440,0.585857,0.81,1,801429,800181,1248
28068801,48.2489,44.6881,1248,94900,0.555271,0.81,1,801477,800229,1248
28071721,48.2178,39.1021,1296,96360,0.523744,0.83,1,801525,800229,1296
28074641,48.1906,40.2143,1296,96360,0.491369,0.83,1,801573,800277,1296
28077561,48.1667,41.1875,1296,97820,0.458233,0.85,1,801621,800325,1296
28080481,48.1459,42.0391,1296,99280,0.424409,0.85,1,801669,800373,1296
28083401,48.1277,42.7842,1296,99280,0.389968,0.85,1,801717,800421,1296
28086321,48.1117,43.4362,1296,100740,0.354971,0.85,1,801765,800469,1296
28089241,48.0977,38.0067,1344,102200,0.319474,0.87,1,801813,800469,1344
28092161,48.0855,39.2558,1344,102200,0.287527,0.87,1,801861,800517,1344
28095081,48.0748,40.3489,1344,103660,0.258774,0.87,1,801909,800565,1344
28098001,48.0655,41.3052,1344,105120,0.232897,0.89,1,801957,800613,1344
28100921,48.0573,42.1421,1344,105120,0.209607,0.89,1,802005,800661,1344
28102881,46.0501,42.8743,1328,106580,0.188646,0,1,802037,800709,1328
28105801,102.794,232.265,270,106580,0.269782,0,1,802537,802267,270
28108721,95.9446,203.232,318,108040,0.342804,0,1,802585,802267,318
28111641,89.9516,177.828,366,109500,0.408523,0,1,802633,802267,366
28114561,84.7076,155.599,414,110960,0.467671,0,1,802681,802267,414
28117481,80.1192,136.15,462,112420,0.520904,0,1,802729,802267,462
28120401,76.1043,119.131,510,113880,0.568813,0,1,802777,802267,510
28132081,64.4742,69.8323,702,119720,0.717098,0,2,802969,802267,702
28135001,62.4149,61.1033,750,121180,0.745389,0,2,803017,802267,750
28137921,60.6131,53.4654,798,122640,0.77085,0,2,803065,802267,798
28140841,59.0364,46.7822,846,124100,0.793765,0,2,803113,802267,846
28143761,57.6569,40.9344,894,125560,0.814388,0,2,803161,802267,894
28146681,56.4498,35.8176,942,127020,0.83295,0,2,803209,802267,942
28149601,55.3935,31.3404,990,128480,0.849655,0,2,803257,802267,990
28152521,54.4694,27.4229,1038,129940,0.864689,0,2,803305,802267,1038
28155441,53.6607,23.995,1086,131400,0.87822,0,2,803353,802267,1086
28158361,52.9531,20.9956,1134,132860,0.890398,0,2,803401,802267,1134
28161281,52.334,18.3712,1182,134320,0.901358,0,2,803449,802267,1182
28164201,51.7922,16.0748,1230,135780,0.911223,0,2,803497,802267,1230
28167121,51.3182,14.0654,1278,137240,0.9201,0,2,803545,802267,1278
28170041,50.9034,12.3072,1326,138700,0.92809,0,2,803593,802267,1326
28172961,50.5405,10.7688,1374,140160,0.932281,0,2,803641,802267,1374
28175881,50.2229,9.42274,1422,141620,0.933053,0,2,803689,802267,1422
28178801,49.9451,8.2449,1470,143080,0.930748,0,2,803737,802267,1470
28181721,49.7019,7.21428,1518,144540,0.925673,0,2,803785,802267,1518
28181721,46.4892,6.3125,1542,146000,0.918106,0,2,803809,802267,1542
28181721,43.678,5.52344,1566,146000,0.913295,0,2,803833,802267,1566
28181721,41.2183,4.83301,1590,146000,0.904966,0,2,803857,802267,1590
28181721,39.191,4.22888,1615,125820,0.898469,0.83,2,803882,802267,1615
28181721,37.2921,3.70027,1639,125193,0.889622,0,2,803906,802267,1639
28181721,35.6306,3.23774,1663,124879,0.88266,0,2,803930,802267,1663
28181721,34.1768,2.83302,1687,123105,0.875394,0,2,803954,802267,1687
28181721,32.9047,2.47889,1711,121331,0.867855,0,2,803978,802267,1711
28181721,31.7916,2.16903,1735,119557,0.860069,0,2,804002,802267,1735
28181721,30.8176,1.8979,1759,117783,0.854062,0,2,804026,802267,1759
28181721,29.9654,1.66066,1783,116009,0.847656,0,2,804050,802267,1783
28181721,29.2198,1.45308,1807,112775,0.84289,0,2,804074,802267,1807
28181721,28.5673,1.27145,1831,111001,0.837601,0,2,804098,802267,1831
28181721,27.9964,1.11252,1855,107767,0.833841,0,2,804122,802267,1855
28181721,27.4968,0.973451,1879,107453,0.831457,0,2,804146,802267,1879
28181721,27.0597,0.851769,1903,105679,0.830311,0,2,804170,802267,1903
28181721,26.6773,0.745298,1927,103905,0.82828,0,2,804194,802267,1927
28181721,26.3426,0.652136,1951,101000,0.827452,0,2,804218,802267,1951
28181721,26.0498,0.570619,1975,99540,0.827707,0,2,804242,802267,1975
28181721,25.7936,0.499292,1999,98080,0.828936,0,2,804266,802267,1999
28181721,25.5694,0.43688,2023,96620,0.831043,0,2,804290,802267,2023
28181721,25.3732,0.38227,2047,95160,0.833938,0,2,804314,802267,2047
28181721,25.2015,0.334486,2071,93700,0.837545,0,2,804338,802267,2071
28181721,25.0514,0.292676,2095,92240,0.84179,0,2,804362,802267,2095
28181721,24.9199,0.256091,2119,92240,0.846611,0,2,804386,802267,2119
28181721,24.8049,0.22408,2143,92240,0.85195,0,2,804410,802267,2143
28181721,24.7043,0.19607,2167,92240,0.857755,0,2,804434,802267,2167
28181721,24.6163,0.171561,2191,92240,0.86398,0,2,804458,802267,2191
28181721,24.5392,0.150116,2215,92240,0.870582,0,2,804482,802267,2215
28181721,24.4718,0.131351,2239,92240,0.877523,0,2,804506,802267,2239
28181721,24.4129,0.114933,2263,92240,0.884771,0,2,804530,802267,2263
28181721,24.3613,0.100566,2287,92240,0.892294,0,2,804554,802267,2287
28181721,24.3161,0.0879952,2311,92240,0.900065,0,2,804578,802267,2311
28181721,24.2766,0.0769958,2335,92240,0.908058,0,2,804602,802267,2335
28181721,24.242,0.0673713,2359,92240,0.916252,0,2,804626,802267,2359
28181721,24.2118,0.0589499,2383,92240,0.924627,0,2,804650,802267,2383
28181721,24.1853,0.0515812,2407,92240,0.932164,0,2,804674,802267,2407
28181721,24.1621,0.0451335,2431,92240,0.938948,0,2,804698,802267,2431
28181721,24.1419,0.0394918,2455,92240,0.945053,0,2,804722,802267,2455
28181721,17.6067,0.00140187,2896,81280,0.947932,0,2,805163,802267,2896
28181721,15.9059,0.00122664,2900,81080,0.946139,0,2,805167,802267,2900
28181721,16.9176,0.00107331,2924,81080,0.942525,0,2,805191,802267,2924
28181721,17.8029,0.000939145,2948,81080,0.939273,0,2,805215,802267,2948
28181721,16.0776,0.000821752,2952,80880,0.938345,0,2,805219,802267,2952
28181721,17.0679,0.000719033,2976,80880,0.935511,0,2,805243,802267,2976
28181721,17.9344,0.000629154,3000,80880,0.93296,0,2,805267,802267,3000
28181721,16.1926,0.00055051,3004,80680,0.932664,0,2,805271,802267,3004
28181721,17.1685,0.000481696,3028,80680,0.930397,0,2,805295,802267,3028
28181721,18.0225,0.000421484,3052,80680,0.928358,0,2,805319,802267,3052
28181721,16.2696,0.000368798,3056,80480,0.928522,0,2,805323,802267,3056
28181721,17.2359,0.000322699,3080,80480,0.92667,0,2,805347,802267,3080
28181721,16.3314,0.000282361,3090,80480,0.924003,0,2,805357,802267,3090
28187561,17.29,198.75,1524,79440,0.919602,0.81,2,805381,803857,1524
28190481,18.1288,180.031,1499,92880,0.927642,0.82,2,805405,803906,1499
28193401,18.8627,160.528,1499,92880,0.934878,0.8,2,805429,803930,1499
28196321,19.5048,146.462,1475,92960,0.94139,0.79,2,805453,803978,1475
28199241,20.0667,131.154,1475,92880,0.947251,0.8,2,805477,804002,1475
28279681,23.8404,12.0158,1643,63340,0.947908,0,2,806053,804410,1643
28279681,23.8604,10.5138,1667,63340,0.937117,0,2,806077,804410,1667
28279681,23.8778,9.19957,1691,63340,0.926406,0,2,806101,804410,1691
28279681,23.8931,8.04962,1715,63340,0.915765,0,2,806125,804410,1715
28279681,23.9065,7.04342,1739,63340,0.904189,0,2,806149,804410,1739
28279681,23.9182,6.16299,1763,63340,0.89177,0,2,806173,804410,1763
28279681,23.9284,5.39262,1787,63340,0.877593,0,2,806197,804410,1787
28279681,23.9373,4.71854,1811,63340,0.862833,0,2,806221,804410,1811
28279681,23.9452,4.12872,1835,63340,0.84755,0,2,806245,804410,1835
28279681,23.952,3.61263,1859,63340,0.831795,0,2,806269,804410,1859
28279681,23.958,3.16105,1883,63340,0.815616,0,2,806293,804410,1883
28280521,23.9633,2.76592,1907,63340,0.799054,0.99,2,806317,804410,1907
28284261,22.2179,68.7952,1386,63340,0.784149,0.97,2,806327,804941,1386
28289041,22.4406,63.6958,1382,63960,0.768734,1,2,806351,804969,1382
28289041,22.6355,55.7338,1406,61680,0.75486,0,2,806375,804969,1406
28290301,22.8061,48.7671,1430,61680,0.740374,0.94,2,806399,804969,1430
28292161,20.3303,52.6712,1353,61680,0.729337,0.93,2,806402,805049,1353
28311921,20.789,50.8373,1339,61880,0.717403,0.88,2,806426,805087,1339
28311921,21.1904,44.4826,1363,103660,0.745663,0,2,806450,805087,1363
28311921,21.5416,38.9223,1387,103660,0.771097,0,2,806474,805087,1387
28311921,21.8489,34.057,1411,103660,0.793987,0,2,806498,805087,1411
28311921,22.1178,29.7999,1435,103660,0.814588,0,2,806522,805087,1435
28311921,22.3531,26.0749,1459,103660,0.833129,0,2,806546,805087,1459
28311921,22.5589,22.8155,1483,103660,0.849817,0,2,806570,805087,1483
28311921,22.7391,19.9636,1507,103660,0.864835,0,2,806594,805087,1507
28311921,22.8967,17.4681,1531,103660,0.878351,0,2,806618,805087,1531
28311921,23.0346,15.2846,1555,103660,0.890516,0,2,806642,805087,1555
28311921,21.4053,13.3741,1565,103660,0.901465,0,2,806652,805087,1565
28314841,24.7296,50.0773,1306,103660,0.911318,0.88,2,806700,805394,1306
28317761,27.6384,43.8176,1354,105120,0.920186,0.88,2,806748,805394,1354
28318161,28.0586,38.3404,1385,106580,0.928168,1,2,806779,805394,1385
28318161,27.5513,33.5479,1409,106580,0.935351,0,2,806803,805394,1409
28318161,27.1074,29.3544,1433,106580,0.941816,0,2,806827,805394,1433
28318161,26.719,25.6851,1457,106580,0.947634,0,2,806851,805394,1457
28324201,24.3324,1.67981,1997,93075,0.9497,0,2,807535,805538,1997
28324201,24.2909,1.46983,2021,92595,0.94473,0,2,807559,805538,2021
28324201,24.2545,1.2861,2045,92115,0.921257,0,2,807583,805538,2045
28324201,24.2227,1.12534,2069,91635,0.899131,0,2,807607,805538,2069
28324201,24.1949,0.984674,2093,91154,0.880218,0,2,807631,805538,2093
28324201,24.1705,0.86159,2117,90674,0.864196,0,2,807655,805538,2117
28324201,24.1492,0.753891,2141,90194,0.848777,0,2,807679,805538,2141
28324201,24.1305,0.659655,2165,89714,0.836899,0,2,807703,805538,2165
28324201,24.1142,0.577198,2189,89233,0.825209,0,2,807727,805538,2189
28324201,24.1,0.505048,2213,88753,0.815688,0,2,807751,805538,2213
28324201,24.0875,0.441917,2237,88273,0.808119,0,2,807775,805538,2237
28324201,24.0765,0.386677,2261,87793,0.800308,0,2,807799,805538,2261
28324201,24.067,0.338343,2285,87312,0.789277,0,2,807823,805538,2285
28324201,24.0586,0.29605,2309,86832,0.780349,0,2,807847,805538,2309
28324201,24.0513,0.259044,2333,86352,0.766314,0,2,807871,805538,2333
28324201,24.0449,0.226663,2357,85872,0.754683,0,2,807895,805538,2357
28324201,24.0393,0.19833,2381,85391,0.745214,0,2,807919,805538,2381
28324201,24.0343,0.173539,2405,84911,0.735693,0,2,807943,805538,2405
28324201,24.0301,0.151847,2429,84431,0.728124,0,2,807967,805538,2429
28324201,24.0263,0.132866,2453,83950,0.722311,0,2,807991,805538,2453
28324201,24.023,0.116258,2477,83470,0.71608,0,2,808015,805538,2477
28324201,24.0201,0.101725,2501,80560,0.709472,0,2,808039,805538,2501
28324201,24.0069,0.0349537,2693,70340,0.595313,0,1,808231,805538,2693
28324201,24.0061,0.0305845,2717,70340,0.587782,0,1,808255,805538,2717
28324201,24.0053,0.0267615,2741,68880,0.581004,0,1,808279,805538,2741
28324201,24.0046,0.0234163,2765,68880,0.574903,0,1,808303,805538,2765
28324201,24.0041,0.0204892,2789,68880,0.569413,0,1,808327,805538,2789
28324201,24.0035,0.0179281,2813,68880,0.564472,0,1,808351,805538,2813
28324201,24.0031,0.0156871,2837,58660,0.560024,0,1,808375,805538,2837
28324201,24.0027,0.0137262,2861,58660,0.556022,0,1,808399,805538,2861
28324201,24.0024,0.0120104,2885,58660,0.55242,0,1,808423,805538,2885
28324201,24.0021,0.0105091,2909,57200,0.549178,0,1,808447,805538,2909
28324201,24.0018,0.00919548,2933,58660,0.54626,0,1,808471,805538,2933
28324201,24.0016,0.00804604,2957,57200,0.543634,0,1,808495,805538,2957
28324201,24.0014,0.00704029,2981,58660,0.541271,0,1,808519,805538,2981
28324201,24.0012,0.00616025,3005,58660,0.539144,0,1,808543,805538,3005
28324201,24.0011,0.00539022,3029,58660,0.536229,0,1,808567,805538,3029
28324201,24.0009,0.00471644,3053,58660,0.533606,0,1,808591,805538,3053
28324201,24.0008,0.00412689,3077,58660,0.531246,0,1,808615,805538,3077
28324201,24.0007,0.00361103,3101,58660,0.529121,0,1,808639,805538,3101
28324201,24.0006,0.00315965,3125,58660,0.527209,0,1,808663,805538,3125
28324201,24.0005,0.00276469,3149,58660,0.525488,0,1,808687,805538,3149
28324201,24.0005,0.00241911,3173,58660,0.523939,0,1,808711,805538,3173
28324201,24.0004,0.00211672,3197,58660,0.522545,0,1,808735,805538,3197
28324201,24.0004,0.00185213,3221,58660,0.521291,0,1,808759,805538,3221
28324201,24.0003,0.00162061,3245,58660,0.520162,0,1,808783,805538,3245
28324201,21.6253,0.00141804,3250,58660,0.520146,0,1,808788,805538,3250
28324201,21.9221,0.00124078,3274,57460,0.518131,0,1,808812,805538,3274
28324201,22.1819,0.00108568,3298,57460,0.514318,0,1,808836,805538,3298
28324201,22.4091,0.000949973,3322,57460,0.508886,0,1,808860,805538,3322
28324201,22.608,0.000831226,3346,57460,0.501997,0,1,808884,805538,3346
28324201,22.782,0.000727323,3370,57460,0.493798,0,1,808908,805538,3370
28324201,22.9342,0.000636408,3394,57460,0.484418,0,1,808932,805538,3394
28324201,23.0675,0.000556857,3418,57460,0.473976,0,1,808956,805538,3418
28324201,23.184,0.00048725,3442,57460,0.462579,0,1,808980,805538,3442
28324201,23.286,0.000426343,3466,57460,0.450321,0,1,809004,805538,3466
28324201,23.3753,0.00037305,3490,58660,0.437289,0,1,809028,805538,3490
28324201,23.4534,0.000326419,3514,58660,0.42356,0,1,809052,805538,3514
28324201,23.5217,0.000285617,3538,58660,0.409204,0,1,809076,805538,3538
28324201,23.5815,0.000249915,3562,58660,0.394283,0,1,809100,805538,3562
28324201,23.6338,0.000218675,3586,58660,0.378855,0,1,809124,805538,3586
28324201,23.6796,0.000191341,3610,58660,0.36297,0,1,809148,805538,3610
28324201,23.7196,0.000167423,3634,58660,0.346673,0,1,809172,805538,3634
28324201,23.7547,0.000146495,3658,58660,0.330005,0,1,809196,805538,3658
28324201,23.7853,0.000128183,3682,58660,0.313005,0,1,809220,805538,3682
28324201,23.8122,0.000112161,3706,58660,0.295704,0,1,809244,805538,3706
28324201,23.8356,9.81405e-05,3730,58660,0.278134,0,1,809268,805538,3730
28324201,23.8562,8.58729e-05,3754,58660,0.260321,0,1,809292,805538,3754
28324201,23.8742,7.51388e-05,3778,58660,0.242288,0,1,809316,805538,3778
28324201,23.8899,6.57464e-05,3802,58660,0.22406,0,1,809340,805538,3802
28324201,23.9037,5.75281e-05,3826,58660,0.205654,0,1,809364,805538,3826
28324201,23.9157,5.03371e-05,3850,58660,0.187088,0,1,809388,805538,3850
28324201,23.9262,4.4045e-05,3874,58660,0.168379,0,1,809412,805538,3874
28324201,23.9355,3.85394e-05,3898,58660,0.151542,0,1,809436,805538,3898
28324201,23.9435,3.37219e-05,3922,1460,0.137387,0,1,809460,805538,3922
28324201,23.9506,2.95067e-05,3946,1460,0.123649,0,1,809484,805538,3946
28324201,23.9568,2.58184e-05,3970,1460,0.111284,0,1,809508,805538,3970
28324201,23.9622,2.25911e-05,3994,1460,0.100155,0,1,809532,805538,3994
28324201,23.9669,1.97672e-05,4018,1460,0.0901398,0,1,809556,805538,4018
28324201,23.971,1.72963e-05,4042,1460,0.0811259,0,1,809580,805538,4042
28324201,23.9747,1.51342e-05,4066,1460,0.0730133,0,1,809604,805538,4066
28324201,23.9778,1.32425e-05,4090,1460,0.0657119,0,1,809628,805538,4090
28324201,21.6056,1.15872e-05,4095,1460,0.0591408,0,1,809633,805538,4095
28332961,26.6549,488.75,247,1460,0.0532267,1,1,809695,809448,247
28454401,54.073,458.531,246,10220,0.047904,0,1,809941,809695,246
28457321,55.5639,406.465,270,10220,0.0431136,0,1,810007,809737,270
28460241,54.6184,355.657,318,13140,0.0438022,0,1,810055,809737,318
28463161,53.7911,311.2,366,16060,0.048422,0,1,810103,809737,366
28465221,65.8172,297.8,312,18980,0.0465798,0,1,810253,809941,312
28468141,63.5901,268.825,294,20440,0.0469218,0,1,810301,810007,294
28471061,61.6413,235.222,342,23360,0.0512297,0.05,1,810349,810007,342
28473981,59.9361,211.819,342,26280,0.0591067,0.05,1,810397,810055,342
28476901,58.4441,185.342,390,29200,0.070196,0.09,1,810445,810055,390
28479821,57.1386,168.174,390,32120,0.0841764,0.09,1,810493,810103,390
28482741,55.9963,147.152,438,35040,0.100759,0.03,1,810541,810103,438
28485661,54.9968,147.508,336,37960,0.119683,0.05,1,810589,810253,336
28488581,54.1222,135.07,336,40880,0.140715,0.05,1,810637,810301,336
28491501,53.3569,118.186,384,40880,0.159643,0.09,1,810685,810301,384
28494421,52.6873,109.413,384,40880,0.176679,0.09,1,810733,810349,384
28497341,52.1014,95.7361,432,40880,0.192011,0.13,1,810781,810349,432
28500261,51.5887,89.7691,432,40880,0.20581,0.13,1,810829,810397,432
28503181,51.1401,78.5479,480,40880,0.218229,0.17,1,810877,810397,480
28506101,50.7476,74.7294,480,40880,0.229406,0.17,1,810925,810445,480
28509021,50.4041,65.3883,528,40880,0.239465,0.21,1,810973,810445,528
28511941,50.1036,63.2147,528,40880,0.248519,0.21,1,811021,810493,528
28514861,49.8407,55.3129,576,40880,0.256667,0.25,1,811069,810493,576
28517781,49.6106,54.3988,576,42340,0.266,0.25,1,811117,810541,576
28520701,49.4093,47.5989,624,42340,0.2744,0.29,1,811165,810541,624
28523621,49.2331,47.6491,624,42340,0.28196,0.29,1,811213,810589,624
28526541,49.079,41.6929,672,42340,0.288764,0.33,1,811261,810589,672
28529461,48.9441,42.4813,672,42340,0.294888,0.33,1,811309,810637,672
28532381,48.8261,43.1712,672,42340,0.300399,0.33,1,811357,810685,672
28535301,48.7228,43.7748,672,42340,0.305359,0.33,1,811405,810733,672
28538221,48.6325,44.3029,672,42340,0.309823,0.33,1,811453,810781,672
28541141,48.5534,44.765,672,42340,0.313841,0.33,1,811501,810829,672
28544061,48.4842,45.1694,672,42340,0.317457,0.33,1,811549,810877,672
28546981,48.4237,45.5232,672,43800,0.322711,0.33,1,811597,810925,672
28549901,48.3707,45.8328,672,43800,0.32744,0.33,1,811645,810973,672
28552821,48.3244,46.1037,672,43800,0.331696,0.33,1,811693,811021,672
28555741,48.2839,46.3408,672,43800,0.335526,0.33,1,811741,811069,672
28558661,48.2484,40.5482,720,43800,0.338974,0.35,1,811789,811069,720
28561581,48.2173,41.4796,720,43800,0.342076,0.35,1,811837,811117,720
28564501,48.1902,42.2947,720,43800,0.344869,0.35,1,811885,811165,720
28567421,48.1664,43.0079,720,43800,0.347382,0.35,1,811933,811213,720
28570341,48.1456,43.6319,720,43800,0.349644,0.35,1,811981,811261,720
28573261,48.1274,44.1779,720,43800,0.351679,0.35,1,812029,811309,720
28576181,48.1115,44.6557,720,45260,0.355511,0.35,1,812077,811357,720
28579101,48.0975,45.0737,720,45260,0.35896,0.35,1,812125,811405,720
28582021,48.0853,45.4395,720,45260,0.362064,0.35,1,812173,811453,720
28584941,48.0747,45.7595,720,45260,0.364858,0.35,1,812221,811501,720
28587861,48.0653,46.0396,720,45260,0.367372,0.37,1,812269,811549,720
28590781,48.0572,46.2847,720,45260,0.369635,0.37,1,812317,811597,720
28593701,48.05,46.4991,720,45260,0.371671,0.37,1,812365,811645,720
28596621,48.0438,46.6867,720,45260,0.373504,0.37,1,812413,811693,720
28599541,48.0383,46.8509,720,45260,0.375154,0.37,1,812461,811741,720
28602461,48.0335,46.9945,720,45260,0.376638,0.37,1,812509,811789,720
28605381,48.0293,47.1202,720,46720,0.379975,0.37,1,812557,811837,720
28608301,48.0257,47.2302,720,46720,0.382977,0.37,1,812605,811885,720
28611221,48.0225,47.3264,720,46720,0.385679,0.37,1,812653,811933,720
28614141,48.0196,47.4106,720,46720,0.388111,0.37,1,812701,811981,720
28617061,48.0172,47.4843,720,46720,0.3903,0.37,1,812749,812029,720
28619981,48.015,41.5487,768,46720,0.39227,0.39,1,812797,812029,768
28622901,48.0132,42.3551,768,48180,0.396043,0.39,1,812845,812077,768
28625821,48.0115,43.0607,768,48180,0.399439,0.39,1,812893,812125,768
28628741,48.0101,43.6782,768,49640,0.404495,0.39,1,812941,812173,768
28631661,48.0088,44.2184,768,49640,0.409046,0.39,1,812989,812221,768
28634581,48.0077,44.6911,768,49640,0.413141,0.39,1,813037,812269,768
28637501,48.0068,45.1047,768,49640,0.416827,0.39,1,813085,812317,768
28640421,48.0059,45.4666,768,51100,0.422144,0.39,1,813133,812365,768
28643341,48.0052,45.7833,768,51100,0.42693,0.39,1,813181,812413,768
28646261,48.0045,46.0604,768,51100,0.431237,0.39,1,813229,812461,768
28649181,48.004,46.3028,768,51100,0.435113,0.41,1,813277,812509,768
28652101,48.0035,46.515,768,52560,0.440602,0.41,1,813325,812557,768
28655021,48.003,46.7006,768,52560,0.445542,0.41,1,813373,812605,768
28657941,48.0027,46.863,768,52560,0.449987,0.41,1,813421,812653,768
28660861,48.0023,47.0051,768,54020,0.455989,0.41,1,813469,812701,768
28663781,48.002,47.1295,768,54020,0.46139,0.41,1,813517,812749,768
28666701,48.0018,47.2383,768,54020,0.466251,0.41,1,813565,812797,768
28669621,48.0016,41.3335,816,55480,0.472626,0.43,1,813613,812797,816
28672541,48.0014,42.1668,816,55480,0.478363,0.43,1,813661,812845,816
28675461,48.0012,42.896,816,55480,0.483527,0.45,1,813709,812893,816
28678381,48.001,43.534,816,56940,0.490174,0.45,1,813757,812941,816
28681301,48.0009,44.0922,816,56940,0.496157,0.45,1,813805,812989,816
28684221,48.0008,44.5807,816,58400,0.503541,0.45,1,813853,813037,816
28687141,48.0007,45.0081,816,58400,0.510187,0.45,1,813901,813085,816
28690061,48.0006,39.3821,864,59860,0.518168,0.47,1,813949,813085,864
28692981,48.0005,40.4593,864,59860,0.525351,0.47,1,813997,813133,864
28695901,48.0005,41.4019,864,61320,0.533816,0.47,1,814045,813181,864
28698821,48.0004,42.2267,864,61320,0.541435,0.47,1,814093,813229,864
28701741,48.0004,42.9483,864,62780,0.550291,0.49,1,814141,813277,864
28704661,48.0003,43.5798,864,62780,0.558262,0.49,1,814189,813325,864
28707581,48.0003,44.1323,864,64240,0.567436,0.49,1,814237,813373,864
28710501,48.0002,44.6158,864,64240,0.574692,0.49,1,814285,813421,864
28713421,48.0002,39.0388,912,65700,0.577223,0.51,1,814333,813421,912
28716341,48.0002,40.159,912,67160,0.575501,0.51,1,814381,813469,912
28719261,48.0002,41.1391,912,68620,0.569951,0.51,1,814429,813517,912
28722181,48.0001,41.9967,912,68620,0.560956,0.53,1,814477,813565,912
28725101,48.0001,42.7471,912,70080,0.54886,0.53,1,814525,813613,912
28728021,48.0001,43.4037,912,71540,0.533974,0.53,1,814573,813661,912
28730941,48.0001,43.9783,912,71540,0.516577,0.53,1,814621,813709,912
28733861,48.0001,38.481,960,73000,0.496919,0.55,1,814669,813709,960
28736781,48.0001,39.6709,960,74460,0.475227,0.55,1,814717,813757,960
28739701,48.0001,40.712,960,74460,0.451704,0.57,1,814765,813805,960
28742621,48.0001,41.623,960,75920,0.426534,0.57,1,814813,813853,960
28745541,48,42.4201,960,77380,0.399881,0.57,1,814861,813901,960
28748461,48,37.1176,1008,77380,0.371892,0.59,1,814909,813901,1008
28751381,48,38.4779,1008,78840,0.342703,0.59,1,814957,813949,1008
28754301,48,39.6682,1008,80300,0.312433,0.61,1,815005,813997,1008
28757221,48,40.7096,1008,80300,0.28119,0.61,1,815053,814045,1008
28760141,48,41.6209,1008,81760,0.253071,0.61,1,815101,814093,1008
28763061,48,36.4183,1056,83220,0.227764,0.63,1,815149,814093,1056
28765981,48,37.866,1056,84680,0.204987,0.63,1,815197,814141,1056
28768901,48,39.1328,1056,86140,0.184489,0.65,1,815245,814189,1056
28770561,45.5,40.2412,1036,87600,0.16604,0,1,815273,814237,1036
28773481,317.688,408.836,270,89060,0.248436,0,1,817496,817226,270
28776401,283.977,357.732,318,90520,0.323592,0,1,817544,817226,318
28779321,254.48,313.015,366,91980,0.391233,0,1,817592,817226,366
28782241,228.67,273.888,414,93440,0.45211,0,1,817640,817226,414
28785161,206.086,239.652,462,94900,0.506899,0,1,817688,817226,462
28788081,186.325,209.696,510,96360,0.556209,0,1,817736,817226,510
28799761,129.084,122.92,702,102200,0.708829,0,2,817928,817226,702
28802681,118.948,107.555,750,103660,0.737946,0,2,817976,817226,750
28805601,110.08,94.1104,798,105120,0.764151,0,2,818024,817226,798
28808521,102.32,82.3466,846,106580,0.787736,0,2,818072,817226,846
28811441,95.5297,72.0533,894,108040,0.808962,0,2,818120,817226,894
28814361,89.5885,63.0466,942,109500,0.828066,0,2,818168,817226,942
28817281,84.39,55.1658,990,110960,0.84226,0,2,818216,817226,990
28820201,79.8412,48.2701,1038,112420,0.851034,0,2,818264,817226,1038
28823121,75.8611,42.2363,1086,113880,0.85493,0,2,818312,817226,1086
28826041,72.3784,36.9568,1134,115340,0.854437,0,2,818360,817226,1134
28828961,69.3311,32.3372,1182,116800,0.849994,0,2,818408,817226,1182
28831881,66.6647,28.295,1230,118260,0.831994,0,2,818456,817226,1230
28834801,64.3316,24.7582,1278,119720,0.813795,0,2,818504,817226,1278
28837721,62.2902,21.6634,1326,121180,0.795415,0,2,818552,817226,1326
28840641,60.5039,18.9555,1374,122640,0.776874,0,2,818600,817226,1374
28843561,58.9409,16.586,1422,124100,0.758186,0,2,818648,817226,1422
28846481,57.5733,14.5128,1470,125560,0.739368,0,2,818696,817226,1470
28849401,56.3766,12.6987,1518,127020,0.714431,0,2,818744,817226,1518
28861081,52.9102,7.44373,1710,132860,0.564857,0.99,1,818936,817226,1710
28864001,52.2965,40.2633,1488,134320,0.519371,1,1,818984,817496,1488
28865461,51.7594,41.2304,1488,135780,0.476434,1,1,819032,817544,1488
28865461,48.2895,36.0766,1512,135780,0.436791,0,1,819056,817544,1512
28865461,45.2533,31.567,1536,135780,0.400112,0,1,819080,817544,1536
28865461,42.7216,27.6211,1561,40080,0.368101,0.07,1,819105,817544,1561
28865461,40.3814,24.1685,1585,40080,0.340291,0,1,819129,817544,1585
28865461,38.3337,21.1474,1609,40080,0.316261,0,1,819153,817544,1609
28865461,36.542,18.504,1633,38620,0.295635,0,1,819177,817544,1633
28865461,34.9743,16.191,1657,37160,0.278072,0,1,819201,817544,1657
28865461,33.6025,14.1671,1681,35700,0.263265,0,1,819225,817544,1681
28865461,32.4022,12.3962,1705,34240,0.250938,0,1,819249,817544,1705
28865461,31.3519,10.8467,1729,32780,0.240844,0,1,819273,817544,1729
28865461,30.4329,9.49086,1753,31320,0.23176,0,1,819297,817544,1753
28865461,29.6288,8.3045,1777,29860,0.223584,0,1,819321,817544,1777
28865461,28.9252,7.26644,1801,29860,0.216226,0,1,819345,817544,1801
28865461,28.3096,6.35814,1825,29860,0.209603,0,1,819369,817544,1825
28865461,27.7709,5.56337,1849,29860,0.203643,0,1,819393,817544,1849
28865461,27.2995,4.86795,1873,28400,0.198278,0,1,819417,817544,1873
28865461,26.8871,4.25945,1897,28400,0.193451,0,1,819441,817544,1897
28865461,26.5262,3.72702,1921,26940,0.189106,0,1,819465,817544,1921
28865461,24.5854,3.26115,1932,26940,0.184195,0,1,819476,817544,1932
28871301,24.5122,194.854,420,24680,0.177775,0.08,1,819500,819080,420
28874221,24.4482,173.622,419,26940,0.169998,0.09,1,819524,819105,419
28877141,24.3922,154.919,419,26940,0.160998,0.1,1,819548,819129,419
28880061,24.3432,138.554,419,26940,0.150898,0.11,1,819572,819153,419
28882981,24.3003,124.235,419,26940,0.139808,0.12,1,819596,819177,419
28885901,24.2627,111.706,419,26940,0.127828,0.13,1,819620,819201,419
28888821,24.2299,100.742,419,26940,0.115045,0.14,1,819644,819225,419
28896121,24.2012,91.1496,419,26940,0.10354,0.15,1,819668,819249,419
28896121,24.176,79.7559,443,24020,0.0931863,0,1,819692,819249,443
28896121,24.154,69.7864,467,24020,0.0838677,0,1,819716,819249,467
28900501,24.1348,70.0631,419,24020,0.0754809,0.15,1,819740,819321,419
28900501,24.1179,61.3052,443,22560,0.0679328,0,1,819764,819321,443
28904881,23.9782,59.6421,418,22560,0.0611396,0.15,1,819787,819369,418
28904881,23.9809,52.1868,442,21100,0.0550256,0,1,819811,819369,442
28909921,23.9833,51.6634,418,21100,0.049523,0,1,819835,819417,418
28909921,23.9854,45.2055,442,94900,0.0445707,0,1,819859,819417,442
28909921,22.3622,39.5548,453,94900,0.0401137,0,1,819870,819417,453
28912841,452.942,490.86,270,94900,0.136102,0,1,823337,823067,270
28915761,402.324,429.503,318,96360,0.222492,0,1,823385,823067,318
28918681,358.034,375.815,366,97820,0.300243,0,1,823433,823067,366
28921601,319.279,328.838,414,99280,0.370219,0,1,823481,823067,414
28924521,285.37,287.733,462,100740,0.433197,0,1,823529,823067,462
28927441,255.698,251.767,510,102200,0.489877,0,1,823577,823067,510
28930361,229.736,220.296,558,103660,0.540889,0,1,823625,823067,558
28933281,207.019,192.759,606,105120,0.5868,0,1,823673,823067,606
28944961,141.214,112.992,798,109500,0.7289,0,2,823865,823067,798
28947881,129.562,98.8678,846,109500,0.75601,0,2,823913,823067,846
28950801,119.367,86.5093,894,110960,0.780409,0,2,823961,823067,894
28953721,110.446,75.6956,942,110960,0.802368,0,2,824009,823067,942
28956641,102.64,66.2337,990,112420,0.822131,0,2,824057,823067,990
28959561,95.8103,57.9545,1038,112420,0.839918,0,2,824105,823067,1038
28962481,89.834,50.7102,1086,113880,0.855926,0,2,824153,823067,1086
28965401,84.6048,44.3714,1134,113880,0.870334,0,2,824201,823067,1134
28968321,80.0292,38.825,1182,115340,0.8833,0,2,824249,823067,1182
28971241,76.0255,33.9718,1230,115340,0.88697,0,2,824297,823067,1230
28974161,72.5223,29.7254,1278,115340,0.892273,0,2,824345,823067,1278
28977081,69.457,26.0097,1326,116800,0.901046,0,2,824393,823067,1326
28980001,66.7749,22.7585,1374,116800,0.910941,0,2,824441,823067,1374
28982921,64.4281,19.9137,1422,116800,0.915847,0,2,824489,823067,1422
28985841,62.3745,17.4245,1470,118260,0.918262,0,2,824537,823067,1470
28988761,60.5777,15.2464,1518,118260,0.916436,0,2,824585,823067,1518
28991681,59.0055,13.3406,1566,118260,0.910793,0,2,824633,823067,1566
28994601,57.6298,11.673,1614,119720,0.904713,0,2,824681,823067,1614
28994601,53.4261,10.2139,1638,119720,0.902242,0,2,824705,823067,1638
28994601,49.7478,8.93716,1662,119720,0.898018,0,2,824729,823067,1662
28994601,46.5294,7.82002,1686,119720,0.893216,0,2,824753,823067,1686
28994601,43.8382,6.84252,1711,118260,0.889894,0.85,2,824778,823067,1711
28994601,41.3584,5.9872,1735,117322,0.882905,0,2,824802,823067,1735
28994601,39.1886,5.2388,1759,116853,0.875614,0,2,824826,823067,1759
28994601,37.29,4.58395,1783,114923,0.868053,0,2,824850,823067,1783
28994601,35.6288,4.01096,1807,112994,0.859248,0,2,824874,823067,1807
28994601,34.1752,3.50959,1831,111065,0.850323,0,2,824898,823067,1831
28994601,32.9033,3.07089,1855,109135,0.841291,0,2,824922,823067,1855
28994601,31.7904,2.68703,1879,107206,0.831162,0,2,824946,823067,1879
28994601,30.8166,2.35115,1903,103817,0.821045,0,2,824970,823067,1903
28994601,29.9645,2.05726,1927,101888,0.810941,0,2,824994,823067,1927
28994601,29.2189,1.8001,1951,101418,0.799847,0,2,825018,823067,1951
28994601,28.5666,1.57509,1975,98029,0.788862,0,2,825042,823067,1975
28994601,27.9958,1.3782,1999,96100,0.777976,0,2,825066,823067,1999
28994601,27.4963,1.20593,2023,95630,0.769178,0,2,825090,823067,2023
28994601,27.0592,1.05518,2047,92241,0.76226,0,2,825114,823067,2047
28994601,26.6768,0.923287,2071,88852,0.755034,0,2,825138,823067,2071
28994601,26.3422,0.807876,2095,88383,0.749531,0,2,825162,823067,2095
28994601,26.0495,0.706891,2119,83220,0.743578,0,2,825186,823067,2119
28994601,25.7933,0.61853,2143,80300,0.73922,0,2,825210,823067,2143
28994601,25.5691,0.541214,2167,80300,0.736298,0,2,825234,823067,2167
28994601,25.373,0.473562,2191,77380,0.733668,0,2,825258,823067,2191
28994601,25.2014,0.414367,2215,74460,0.731301,0,2,825282,823067,2215
28994601,25.0512,0.362571,2239,74460,0.729171,0,2,825306,823067,2239
28994601,24.9198,0.31725,2263,70080,0.727254,0,2,825330,823067,2263
28994601,24.8048,0.277593,2287,67160,0.725529,0,2,825354,823067,2287
28994601,24.7042,0.242894,2311,67160,0.722976,0,2,825378,823067,2311
28994601,24.6162,0.212532,2335,67160,0.719678,0,2,825402,823067,2335
28994601,24.5392,0.185966,2359,67160,0.71771,0,2,825426,823067,2359
28994601,24.4718,0.16272,2383,67160,0.716939,0,2,825450,823067,2383
28994601,24.4128,0.14238,2407,67160,0.716245,0,2,825474,823067,2407
28994601,24.3612,0.124583,2431,67160,0.714621,0,2,825498,823067,2431
28994601,24.316,0.10901,2455,67160,0.714159,0,2,825522,823067,2455
28994601,24.2765,0.0953835,2479,67160,0.713743,0,2,825546,823067,2479
28994601,24.242,0.0834606,2503,67160,0.713369,0,2,825570,823067,2503
28994601,24.2117,0.073028,2527,67160,0.713032,0,2,825594,823067,2527
28994601,24.1853,0.0638995,2551,67160,0.712729,0,2,825618,823067,2551
28994601,24.1621,0.0559121,2575,67160,0.712456,0,2,825642,823067,2575
28994601,24.1418,0.0489231,2599,67160,0.71221,0,2,825666,823067,2599
28994601,24.1241,0.0428077,2623,67160,0.711989,0,2,825690,823067,2623
28994601,24.1086,0.0374567,2647,67160,0.71179,0,2,825714,823067,2647
28994601,24.095,0.0327746,2671,67160,0.711611,0,2,825738,823067,2671
28994601,24.0831,0.0286778,2695,67160,0.71045,0,2,825762,823067,2695
28994601,24.0728,0.0250931,2719,66360,0.709405,0,2,825786,823067,2719
28994601,24.0637,0.0219564,2743,66360,0.708465,0,2,825810,823067,2743
28994601,24.0557,0.0192119,2767,66360,0.707618,0,2,825834,823067,2767
28994601,24.0487,0.0168104,2791,66360,0.706856,0,2,825858,823067,2791
28994601,24.0426,0.0147091,2815,66360,0.706171,0,2,825882,823067,2815
28994601,24.0373,0.0128705,2839,66360,0.705554,0,2,825906,823067,2839
28994601,24.0327,0.0112617,2863,66360,0.704998,0,2,825930,823067,2863
28994601,24.0286,0.00985395,2887,66360,0.704498,0,2,825954,823067,2887
28994601,24.025,0.00862221,2911,66360,0.704049,0,2,825978,823067,2911
28994601,24.0219,0.00754443,2935,66360,0.703644,0,2,826002,823067,2935
29000441,24.0191,210.757,1273,66360,0.703279,0.8,2,826026,824753,1273
29000441,24.0167,184.412,1297,78840,0.709951,0,2,826050,824753,1297
29003361,24.0147,173.486,1224,71400,0.713956,0.78,2,826074,824850,1224
29006281,24.0128,154.8,1224,78840,0.715561,0.76,2,826098,824874,1224
29009201,24.0112,141.45,1200,78840,0.715005,0.74,2,826122,824922,1200
29012121,24.0098,126.769,1200,78840,0.712504,0.72,2,826146,824946,1200
29015041,24.0086,116.923,1176,78840,0.708254,0.7,2,826170,824994,1176
29016501,24.0075,105.307,1176,78840,0.702428,0.68,2,826194,825018,1176
29038401,24.0026,56.4132,1104,78840,0.714825,0.71,2,826386,825282,1104
29042781,24.0023,52.3616,1104,80160,0.732342,0.71,2,826410,825306,1104
29044241,24.002,48.8164,1104,78840,0.746108,0.71,2,826434,825330,1104
29047161,24.0017,45.7143,1104,80160,0.760497,0.7,2,826458,825354,1104
29048621,24.0015,43.0001,1104,78840,0.771447,0.69,2,826482,825378,1104
29053001,24.0013,40.625,1104,80160,0.783303,0.7,2,826506,825402,1104
29054461,24.0012,38.5469,1104,78840,0.791972,0.71,2,826530,825426,1104
29057381,24.001,36.7285,1104,80160,0.801775,0.71,2,826554,825450,1104
29058841,24.0009,35.1375,1104,78840,0.808598,0.7,2,826578,825474,1104
29063221,24.0008,33.7453,1104,80160,0.816738,0.71,2,826602,825498,1104
29064681,24.0007,32.5271,1104,78840,0.823064,0.71,2,826626,825522,1104
29066141,24.0006,31.4612,1104,80160,0.830758,0.71,2,826650,825546,1104
29069061,23.8755,30.5286,1103,78840,0.835682,0.71,2,826673,825570,1103
29070521,23.8911,29.7125,1103,80160,0.842114,0.71,2,826697,825594,1103
29118701,23.9047,28.9984,1103,78840,0.845902,0.7,2,826721,825618,1103
29121621,26.9166,28.3736,1127,84680,0.861312,0.7,2,826769,825642,1127
29124541,29.552,30.8269,1127,86140,0.875181,0.7,2,826817,825690,1127
29125201,30.233,32.9736,1114,87600,0.887663,0.53,2,826852,825738,1114
29125201,29.4539,28.8519,1138,87600,0.898897,0,2,826876,825738,1138
29125201,28.7722,25.2454,1162,87600,0.909007,0,2,826900,825738,1162
29125201,28.1756,22.0897,1186,87600,0.918106,0,2,826924,825738,1186
29125201,27.6537,19.3285,1210,87600,0.926296,0,2,826948,825738,1210
29125201,27.197,16.9124,1234,87600,0.933666,0,2,826972,825738,1234
29125201,26.7974,14.7984,1258,87600,0.940299,0,2,826996,825738,1258
29125201,26.4477,12.9486,1282,87600,0.946269,0,2,827020,825738,1282
29171921,45.0738,37.2209,1341,91980,0.947811,0.88,2,827967,826626,1341
29174841,45.4396,38.4433,1342,91980,0.93703,0.88,2,828015,826673,1342
29177761,45.7597,39.6379,1342,91980,0.929327,0.88,2,828063,826721,1342
29180681,46.0397,34.6831,1390,93440,0.926394,0.88,2,828111,826721,1390
29183601,46.2847,30.3477,1438,93440,0.925755,0.88,2,828159,826721,1438
29186521,46.4991,26.5543,1486,93440,0.927179,0.88,2,828207,826721,1486
29189441,46.6867,23.235,1534,93440,0.929461,0.88,2,828255,826721,1534
29192361,46.8509,20.3306,1582,93440,0.929515,0.88,2,828303,826721,1582
29193821,46.9945,17.7893,1630,93440,0.927564,0.88,2,828351,826721,1630
29193821,44.1202,15.5656,1654,93440,0.924807,0,2,828375,826721,1654
29193821,41.6052,13.6199,1678,93440,0.920327,0,2,828399,826721,1678
29193821,39.4045,11.9174,1702,80920,0.916294,0.88,2,828423,826721,1702
29193821,37.479,10.4278,1726,80200,0.910664,0,2,828447,826721,1726
29193821,35.7941,9.12428,1750,79839,0.905598,0,2,828471,826721,1750
29193821,34.3198,7.98375,1774,79479,0.901038,0,2,828495,826721,1774
29193821,33.0299,6.98578,1798,79118,0.894934,0,2,828519,826721,1798
29193821,31.9011,6.11256,1822,78758,0.889441,0,2,828543,826721,1822
29193821,30.9135,5.34849,1846,78397,0.884497,0,2,828567,826721,1846
29193821,30.1743,4.67993,1871,78037,0.880047,0,2,828592,826721,1871
29193821,29.4025,4.09494,1895,77676,0.874043,0,2,828616,826721,1895
29193821,28.7272,3.58307,1919,77316,0.868638,0,2,828640,826721,1919
29193821,28.1363,3.13518,1943,75495,0.863774,0,2,828664,826721,1943
29193821,27.6193,2.74329,1967,75135,0.859397,0,2,828688,826721,1967
29193821,27.1669,2.40038,1991,74774,0.853457,0,2,828712,826721,1991
29193821,26.771,2.10033,2015,74414,0.848112,0,2,828736,826721,2015
29193821,26.4246,1.83779,2039,74054,0.8433,0,2,828760,826721,2039
29193821,26.1215,1.60806,2063,73693,0.83797,0,2,828784,826721,2063
29193821,25.8564,1.40706,2087,73333,0.832173,0,2,828808,826721,2087
29193821,25.6243,1.23117,2111,72972,0.825956,0,2,828832,826721,2111
29193821,25.4213,1.07728,2135,72612,0.82136,0,2,828856,826721,2135
29193821,25.2436,0.942618,2159,72251,0.816224,0,2,828880,826721,2159
29193821,25.0882,0.824791,2183,71891,0.810602,0,2,828904,826721,2183
29193821,24.9521,0.721692,2207,71530,0.804542,0,2,828928,826721,2207
29193821,24.8331,0.63148,2231,71170,0.800088,0,2,828952,826721,2231
29193821,24.729,0.552545,2255,70809,0.795079,0,2,828976,826721,2255
29193821,24.6379,0.483477,2279,70449,0.789571,0,2,829000,826721,2279
29193821,24.5581,0.423042,2303,70088,0.782614,0,2,829024,826721,2303
29193821,24.4884,0.370162,2327,69728,0.775352,0,2,829048,826721,2327
29193821,24.4273,0.323892,2351,69368,0.769817,0,2,829072,826721,2351
29193821,24.3739,0.283405,2375,69007,0.763835,0,2,829096,826721,2375
29193821,24.3272,0.24798,2399,68647,0.759452,0,2,829120,826721,2399
29193821,24.2863,0.216982,2423,68286,0.755507,0,2,829144,826721,2423
29193821,24.2505,0.189859,2447,67926,0.751956,0,2,829168,826721,2447
29193821,24.2192,0.166127,2471,67565,0.74676,0,2,829192,826721,2471
29193821,24.1918,0.145361,2495,67205,0.742084,0,2,829216,826721,2495
29193821,24.1678,0.127191,2519,66844,0.737876,0,2,829240,826721,2519
29193821,24.1468,0.111292,2543,66484,0.734088,0,2,829264,826721,2543
29193821,24.1285,0.0973806,2567,66123,0.728679,0,2,829288,826721,2567
29193821,24.1124,0.085208,2591,64240,0.721812,0,2,829312,826721,2591
29193821,24.0984,0.074557,2615,63400,0.71563,0,2,829336,826721,2615
29193821,24.0861,0.0652374,2639,63400,0.710067,0,2,829360,826721,2639
29193821,24.0753,0.0570827,2663,63400,0.705061,0,2,829384,826721,2663
29193821,24.0659,0.0499474,2687,63400,0.700555,0,2,829408,826721,2687
29279121,23.4349,86.1434,1330,65700,0.701505,0,2,829897,828567,1330
29279121,23.5055,75.3754,1354,65700,0.701354,0,2,829921,828567,1354
29299561,38.5411,69.0996,1065,73000,0.703734,0.67,2,830569,829504,1065
29302481,39.7234,66.4622,1065,73000,0.70936,0.67,2,830617,829552,1065
29305401,40.758,64.1544,1065,73000,0.714424,0.67,2,830665,829600,1065
29308321,41.6633,62.1351,1065,74460,0.720982,0.65,2,830713,829648,1065
29311241,42.4554,61.4932,1056,74460,0.726884,0.65,2,830761,829705,1056
29314161,43.1484,53.8066,1104,74460,0.733195,0.65,2,830809,829705,1104
29317081,43.7549,47.0807,1152,74460,0.738876,0.67,2,830857,829705,1152
29320001,44.2855,56.1957,1080,74460,0.743988,0.67,2,830905,829825,1080
29322921,44.7498,49.1712,1128,74460,0.748589,0.67,2,830953,829825,1128
29324881,43.1561,43.0248,1160,74460,0.75273,0.54,2,830985,829825,1160
29327801,43.7616,73.8967,918,74460,0.756457,0.54,2,831033,830115,918
29330721,44.2914,64.6596,966,74460,0.759812,0.54,2,831081,830115,966
29333641,44.755,56.5772,1014,75920,0.764831,0.54,2,831129,830115,1014
29336561,45.1606,49.505,1062,75920,0.769347,0.54,2,831177,830115,1062
29339481,45.5155,43.3169,1110,75920,0.773413,0.54,2,831225,830115,1110
29342401,45.8261,37.9023,1158,75920,0.777071,0.54,2,831273,830115,1158
29345321,46.0978,33.1645,1206,75920,0.780364,0.66,2,831321,830115,1206
29348241,46.3356,49.7689,1088,75920,0.783328,0.68,2,831369,830281,1088
29351161,46.5436,49.5478,1088,75920,0.785995,0.68,2,831417,830329,1088
29354081,46.7257,43.3543,1136,75920,0.788396,0.7,2,831465,830329,1136
29357001,46.885,43.935,1136,75920,0.790556,0.72,2,831513,830377,1136
29359921,47.0244,44.4432,1136,75920,0.7925,0.72,2,831561,830425,1136
29362841,47.1463,38.8878,1184,75920,0.79425,0.74,2,831609,830425,1184
29365761,47.253,40.0268,1184,75920,0.795825,0.76,2,831657,830473,1184
29368681,47.3464,41.0234,1184,75920,0.796243,0.76,2,831705,830521,1184
29371601,47.4281,41.8955,1184,77380,0.792619,0.76,2,831753,830569,1184
29374521,47.4996,42.6586,1184,77380,0.785357,0.76,2,831801,830617,1184
29377441,47.5621,43.3263,1184,77380,0.774821,0.76,2,831849,830665,1184
29380361,47.6169,37.9105,1232,77380,0.761339,0.78,2,831897,830665,1232
29383281,47.6648,39.1717,1232,77380,0.745205,0.78,2,831945,830713,1232
29386201,47.7067,40.2752,1232,77380,0.726685,0.79,2,831993,830761,1232
29389121,47.7433,41.2408,1232,77380,0.706016,0.79,2,832041,830809,1232
29403721,47.8684,42.7831,1248,77380,0.577264,0.79,1,832281,831033,1248
29406641,47.8848,43.4353,1248,77380,0.547538,0.81,1,832329,831081,1248
29409561,47.8992,44.0058,1248,77380,0.516784,0.81,1,832377,831129,1248
29412481,47.9118,44.5051,1248,77380,0.485106,0.81,1,832425,831177,1248
29415401,47.9228,44.942,1248,77380,0.452595,0.81,1,832473,831225,1248
29418321,47.9325,45.3242,1248,77380,0.419336,0.81,1,832521,831273,1248
29421241,47.9409,45.6587,1248,77380,0.385402,0.81,1,832569,831321,1248
29424161,47.9483,45.9514,1248,77380,0.350862,0.81,1,832617,831369,1248
29427081,47.9548,46.2074,1248,77380,0.315776,0.81,1,832665,831417,1248
29430001,47.9604,46.4315,1248,77380,0.284198,0.81,1,832713,831465,1248
29432921,47.9654,46.6276,1248,77380,0.255778,0.81,1,832761,831513,1248
29435841,47.9697,46.7991,1248,77380,0.2302,0.81,1,832809,831561,1248
29438761,47.9735,46.9492,1248,77380,0.20718,0.81,1,832857,831609,1248
29441361,47.3518,47.0806,1243,77380,0.186462,0,1,832900,831657,1243
29444281,1474.56,1595.95,270,77380,0.250816,0,1,844365,844095,270
29447201,1296.24,1396.45,318,78840,0.310735,0,1,844413,844095,318
29450121,1140.21,1221.9,366,80300,0.366661,0,1,844461,844095,366
29453041,1003.68,1069.16,414,81760,0.418995,0,1,844509,844095,414
29455961,884.222,935.514,462,83220,0.468095,0,1,844557,844095,462
29458881,779.694,818.575,510,84680,0.514286,0,1,844605,844095,510
29461801,688.232,716.253,558,86140,0.557857,0,1,844653,844095,558
29464721,608.203,626.721,606,87600,0.599072,0,1,844701,844095,606
29473481,423.293,419.854,750,91980,0.706913,0,2,844845,844095,750
29476401,376.381,367.372,798,93440,0.736222,0,2,844893,844095,798
29479321,335.333,321.451,846,94900,0.7626,0,2,844941,844095,846
29482241,299.417,281.27,894,96360,0.78634,0,2,844989,844095,894
29485161,267.99,246.111,942,97820,0.807706,0,2,845037,844095,942
29488081,240.491,215.347,990,99280,0.826935,0,2,845085,844095,990
29491001,216.43,188.429,1038,100740,0.844242,0,2,845133,844095,1038
29493921,195.376,164.875,1086,102200,0.859818,0,2,845181,844095,1086
29496841,176.954,144.266,1134,103660,0.873836,0,2,845229,844095,1134
29499761,160.835,126.232,1182,105120,0.886452,0,2,845277,844095,1182
29502681,146.73,110.453,1230,106580,0.897807,0,2,845325,844095,1230
29505601,134.389,96.6467,1278,108040,0.908026,0,2,845373,844095,1278
29508521,123.59,84.5659,1326,109500,0.917224,0,2,845421,844095,1326
29511441,114.142,73.9952,1374,110960,0.925501,0,2,845469,844095,1374
29514361,105.874,64.7458,1422,112420,0.932951,0,2,845517,844095,1422
29517281,98.6397,56.6525,1470,113880,0.939656,0,2,845565,844095,1470
29520201,92.3097,49.571,1518,115340,0.94569,0.83,2,845613,844095,1518
29559621,42.1831,24.6307,1585,117973,0.936312,0,2,846382,844797,1585
29559621,39.9102,21.5519,1609,117639,0.92468,0,2,846406,844797,1609
29559621,37.9214,18.8579,1633,115846,0.915212,0,2,846430,844797,1633
29559621,36.1813,16.5007,1657,114052,0.905691,0,2,846454,844797,1657
29559621,34.6586,14.4381,1681,112258,0.898122,0,2,846478,844797,1681
29559621,33.3263,12.6333,1705,110464,0.89231,0,2,846502,844797,1705
29559621,32.1605,11.0542,1729,108671,0.888079,0,2,846526,844797,1729
29559621,31.1404,9.67238,1753,105417,0.883271,0,2,846550,844797,1753
29559621,30.2479,8.46333,1777,105083,0.879944,0,2,846574,844797,1777
29559621,29.4669,7.40542,1801,104749,0.877949,0,2,846598,844797,1801
29559621,28.7835,6.47974,1825,98576,0.877155,0,2,846622,844797,1825
29559621,28.1856,5.66977,1849,94900,0.875439,0,2,846646,844797,1849
29559621,27.6624,4.96105,1873,90900,0.874895,0,2,846670,844797,1873
29559621,27.2046,4.34092,1897,89440,0.875406,0,2,846694,844797,1897
29559621,26.804,3.7983,1921,87980,0.875865,0,2,846718,844797,1921
29559621,26.4535,3.32352,1945,87980,0.851279,0,2,846742,844797,1945
29559621,26.1468,2.90808,1969,86520,0.830151,0,2,846766,844797,1969
29559621,25.8785,2.54457,1993,86520,0.812136,0,2,846790,844797,1993
29559621,25.6437,2.2265,2017,85060,0.796922,0,2,846814,844797,2017
29559621,25.4382,1.94818,2041,85060,0.78423,0,2,846838,844797,2041
29559621,25.2584,1.70466,2065,83600,0.770807,0,2,846862,844797,2065
29559621,25.1011,1.49158,2089,83600,0.759726,0,2,846886,844797,2089
29559621,23.8385,1.30513,2104,82140,0.750754,0,2,846901,844797,2104
29559621,23.8587,1.14199,2128,82140,0.741678,0,2,846925,844797,2128
29559621,23.8763,0.999241,2152,81200,0.73451,0,2,846949,844797,2152
29559621,23.8918,0.874336,2176,81200,0.727059,0,2,846973,844797,2176
29559621,23.9053,0.765044,2200,81200,0.721353,0,2,846997,844797,2200
29559621,23.9172,0.669414,2224,81200,0.717218,0,2,847021,844797,2224
29559621,23.9275,0.585737,2248,81200,0.714496,0,2,847045,844797,2248
29559621,23.9366,0.51252,2272,81200,0.713047,0,2,847069,844797,2272
29559621,23.9445,0.448455,2296,81200,0.711742,0,2,847093,844797,2296
29559621,23.9514,0.392398,2320,81180,0.709568,0,2,847117,844797,2320
29559621,23.9575,0.343348,2344,81180,0.708611,0,2,847141,844797,2344
29559621,23.9628,0.30043,2368,81180,0.70875,0,2,847165,844797,2368
29559621,23.9675,0.262876,2392,81180,0.709875,0,2,847189,844797,2392
29559621,23.9715,0.230016,2416,81180,0.711887,0,2,847213,844797,2416
29559621,23.9751,0.201264,2440,81180,0.714699,0,2,847237,844797,2440
29559621,23.9782,0.176106,2464,81180,0.718229,0,2,847261,844797,2464
29559621,23.9809,0.154093,2488,81180,0.722406,0,2,847285,844797,2488
29559621,23.9833,0.134831,2512,81180,0.727165,0,2,847309,844797,2512
29559621,23.9854,0.117978,2536,79720,0.732449,0,2,847333,844797,2536
29559621,23.9872,0.10323,2560,79720,0.738204,0,2,847357,844797,2560
29559621,23.9888,0.0903265,2584,79720,0.744384,0,2,847381,844797,2584
29559621,23.9902,0.0790357,2608,79720,0.750945,0,2,847405,844797,2608
29559621,23.9914,0.0691562,2632,78260,0.757851,0,2,847429,844797,2632
29559621,23.9925,0.0605117,2656,78260,0.764066,0,2,847453,844797,2656
29559621,23.9934,0.0529478,2680,76800,0.769659,0,2,847477,844797,2680
29559621,23.9943,0.0463293,2704,76800,0.774693,0,2,847501,844797,2704
29559621,23.995,0.0405381,2728,76800,0.777224,0,2,847525,844797,2728
29559621,23.9956,0.0354709,2752,75660,0.779501,0,2,847549,844797,2752
29559621,23.9962,0.031037,2776,74200,0.781551,0,2,847573,844797,2776
29559621,23.9966,0.0271574,2800,74200,0.783396,0,2,847597,844797,2800
29559621,22.2471,0.0237627,2810,74200,0.783057,0,2,847607,844797,2810
29559621,22.4662,0.0207924,2834,73800,0.780751,0,2,847631,844797,2834
29559621,22.6579,0.0181933,2858,71720,0.778676,0,2,847655,844797,2858
29559621,20.3257,0.0159192,2862,71720,0.778808,0,2,847659,844797,2862
29565461,20.785,192.014,1350,71720,0.776927,0.81,2,847683,846333,1350
29568381,21.1868,174.137,1325,82140,0.790235,0.82,2,847707,846382,1325
29571301,21.5385,155.37,1325,83580,0.803211,0.82,2,847731,846406,1325
29574221,21.8462,141.949,1301,82140,0.81289,0.83,2,847755,846454,1301
29577141,22.1154,127.205,1301,82520,0.823601,0.84,2,847779,846478,1301
29580061,22.351,114.305,1301,82140,0.831241,0.84,2,847803,846502,1301
29581521,22.5571,106.016,1277,82520,0.840117,0.85,2,847827,846550,1277
29587361,22.7375,95.7644,1277,82140,0.846105,0.86,2,847851,846574,1277
29588821,22.8953,86.7939,1277,82520,0.853495,0.86,2,847875,846598,1277
29590281,23.0334,81.9446,1253,82140,0.858145,0.87,2,847899,846646,1253
29591741,23.1542,74.7015,1253,82520,0.864331,0.88,2,847923,846670,1253
29594661,23.2599,68.3639,1253,82140,0.867898,0.88,2,847947,846694,1253
29596121,23.3524,62.8184,1253,82520,0.873108,0.63,2,847971,846718,1253
29599041,23.4334,57.9661,1253,82140,0.875797,0.64,2,847995,846742,1253
29600501,23.5042,53.7203,1253,82520,0.880217,0.65,2,848019,846766,1253
29603421,23.5662,50.0053,1253,82140,0.882196,0.66,2,848043,846790,1253
29606341,23.6204,46.7546,1253,82520,0.885976,0.67,2,848067,846814,1253
29610721,23.6679,43.9103,1253,82140,0.888378,0.65,2,848091,846838,1253
29615101,23.7094,41.4215,1253,82520,0.892541,0.66,2,848115,846862,1253
29619481,23.7457,39.2438,1253,82140,0.894287,0.66,2,848139,846886,1253
29623861,23.7775,39.2133,1238,82520,0.897858,0.67,2,848163,846925,1238
29651081,23.8053,37.3117,1238,82140,0.899072,0.74,2,848187,846949,1238
29651081,23.8296,32.6477,1262,72300,0.900165,0,2,848211,846949,1262
29651081,23.8509,28.5667,1286,72300,0.901148,0,2,848235,846949,1286
29651081,23.8696,24.9959,1310,72300,0.902034,0,2,848259,846949,1310
29651081,23.8859,21.8714,1334,72300,0.90283,0,2,848283,846949,1334
29651081,23.7751,19.1375,1357,72300,0.903547,0,2,848306,846949,1357
29651081,23.8032,16.7453,1381,72300,0.904193,0,2,848330,846949,1381
29651081,23.8278,14.6521,1405,72300,0.902773,0,2,848354,846949,1405
29651081,23.8494,12.8206,1429,72300,0.899496,0,2,848378,846949,1429
29651081,23.8682,11.218,1453,72300,0.894546,0,2,848402,846949,1453
29651081,23.8847,9.81579,1477,72300,0.888092,0,2,848426,846949,1477
29651081,23.8991,8.58882,1501,72300,0.880283,0,2,848450,846949,1501
29658381,23.9117,43.5152,1237,72300,0.871254,0.78,2,848474,847237,1237
29658381,23.9227,38.0758,1261,69200,0.865129,0,2,848498,847237,1261
29658381,23.9324,33.3163,1285,69200,0.857616,0,2,848522,847237,1285
29658381,23.9408,29.1518,1309,69200,0.848854,0,2,848546,847237,1309
29662761,23.9482,37.5078,1237,69200,0.838969,0.8,2,848570,847333,1237
29662761,23.9547,32.8193,1261,67540,0.828072,0,2,848594,847333,1261
29670061,23.9604,34.7169,1237,67540,0.816265,0.82,2,848618,847381,1237
29670061,23.9653,30.3773,1261,63360,0.807638,0,2,848642,847381,1261
29670061,23.9697,26.5801,1285,63360,0.797875,0,2,848666,847381,1285
29670061,23.9735,23.2576,1309,63360,0.787087,0,2,848690,847381,1309
29677041,23.8518,32.3504,1236,63360,0.774378,0.8,2,848713,847477,1236
29677041,23.8703,28.3066,1260,60440,0.762941,0,2,848737,847477,1260
29677041,23.8865,24.7683,1284,60440,0.750646,0,2,848761,847477,1284
29689921,23.9007,33.6723,1212,60440,0.737582,0.91,2,848785,847573,1212
29689921,23.9131,29.4632,1236,96360,0.763824,0,2,848809,847573,1236
29689921,23.924,25.7803,1260,96360,0.787441,0,2,848833,847573,1260
29689921,23.9335,22.5578,1284,96360,0.808697,0,2,848857,847573,1284
29689921,23.9418,19.7381,1308,96360,0.827827,0,2,848881,847573,1308
29689921,23.9491,17.2708,1332,96360,0.845045,0,2,848905,847573,1332
29689921,23.9554,15.112,1356,96360,0.86054,0,2,848929,847573,1356
29689921,21.336,13.223,1359,96360,0.874486,0,2,848932,847573,1359
29692841,24.669,26.3201,1289,96360,0.887038,0.85,2,848980,847691,1289
29695761,27.5854,23.0301,1337,97820,0.898334,0.91,2,849028,847691,1337
29696161,28.0122,22.1513,1352,99280,0.9085,0.9,2,849059,847707,1352
29699081,30.5107,25.3824,1352,99280,0.91765,0.9,2,849107,847755,1352
29702001,32.6968,28.2096,1352,100740,0.925885,0.9,2,849155,847803,1352
29704921,34.6097,30.6834,1352,102200,0.933297,0.9,2,849203,847851,1352
29707841,36.2835,32.848,1352,103660,0.939967,0.9,2,849251,847899,1352
29710761,37.7481,34.742,1352,105120,0.94597,0.9,2,849299,847947,1352
29766241,47.1891,25.5133,1426,116800,0.944339,0.62,2,850211,848785,1426
29769161,47.2905,22.3242,1474,116800,0.931905,0.62,2,850259,848785,1474
29770621,47.3792,19.5337,1522,116800,0.916714,0.62,2,850307,848785,1522
29770621,44.4568,17.0919,1546,116800,0.904043,0,2,850331,848785,1546
29770621,41.8997,14.9555,1570,116800,0.893638,0,2,850355,848785,1570
29770621,39.6622,13.086,1594,115340,0.882275,0.8,2,850379,848785,1594
29770621,37.7044,11.4503,1618,114415,0.869047,0,2,850403,848785,1618
29770621,36.1164,10.019,1643,113952,0.858142,0,2,850428,848785,1643
29770621,34.6018,8.76661,1667,113489,0.845328,0,2,850452,848785,1667
29770621,33.2766,7.67078,1691,113026,0.834795,0,2,850476,848785,1691
29770621,32.117,6.71194,1715,111103,0.824316,0,2,850500,848785,1715
29770621,31.1024,5.87294,1739,109180,0.813884,0,2,850524,848785,1739
29770621,30.2146,5.13883,1763,107257,0.802496,0,2,850548,848785,1763
29770621,29.4378,4.49647,1787,105334,0.791246,0,2,850572,848785,1787
29770621,28.7581,3.93441,1811,103411,0.780122,0,2,850596,848785,1811
29770621,28.1633,3.44261,1835,100028,0.769109,0,2,850620,848785,1835
29770621,27.6429,3.01229,1859,98105,0.760199,0,2,850644,848785,1859
29770621,27.1875,2.63575,1883,97642,0.749179,0,2,850668,848785,1883
29770621,26.7891,2.30628,1907,94260,0.740261,0,2,850692,848785,1907
29770621,26.4404,2.018,1931,92337,0.730235,0,2,850716,848785,1931
29770621,26.1354,1.76575,1955,91874,0.718211,0,2,850740,848785,1955
29770621,25.8685,1.54503,1979,88491,0.70839,0,2,850764,848785,1979
29795441,24.0089,93.944,1056,73720,0.701822,0.66,2,851724,850668,1056
29798361,24.0078,85.201,1056,73000,0.710639,0.61,2,851748,850692,1056
29802741,24.0069,80.5509,1032,73720,0.720575,0.62,2,851772,850740,1032
29804201,24.006,73.482,1032,73000,0.727518,0.59,2,851796,850764,1032
29807121,24.0052,73.2968,984,73720,0.735766,0.6,2,851820,850836,984
29811501,24.0046,67.1347,984,73000,0.741189,0.61,2,851844,850860,984
29812961,24.004,61.7428,984,73720,0.748071,0.61,2,851868,850884,984
29817341,24.0035,57.025,984,73000,0.752263,0.61,2,851892,850908,984
29818801,24.0031,52.8969,984,73720,0.758037,0.61,2,851916,850932,984
29823181,24.0027,49.2848,984,73000,0.761233,0.61,2,851940,850956,984
29824641,24.0024,46.1242,984,73720,0.76611,0.61,2,851964,850980,984
29827561,24.0021,43.3586,984,73000,0.768499,0.61,2,851988,851004,984
29829021,24.0018,40.9388,984,73720,0.772649,0.61,2,852012,851028,984
29833401,24.0016,38.8215,984,73000,0.774384,0.61,2,852036,851052,984
29834861,24.0014,36.9688,984,73720,0.777946,0.61,2,852060,851076,984
29839241,24.0012,35.3477,984,73000,0.779151,0.61,2,852084,851100,984
29840701,24.0011,33.9292,984,73720,0.782236,0.61,2,852108,851124,984
29845081,24.0009,32.6881,984,73000,0.783012,0.61,2,852132,851148,984
29846541,24.0008,31.6021,984,73720,0.785711,0.61,2,852156,851172,984
29848001,24.0007,30.6518,984,73000,0.78614,0.61,2,852180,851196,984
29850921,24.0006,29.8203,984,73720,0.788526,0.61,2,852204,851220,984
29852381,24.0005,29.0928,984,73000,0.789674,0.61,2,852228,851244,984
29856761,23.8755,28.4562,983,73720,0.792706,0.61,2,852251,851268,983
29858221,23.891,27.8992,983,73000,0.793436,0.61,2,852275,851292,983
29893261,23.9047,27.4118,983,73720,0.796092,0.6,2,852299,851316,983
29896181,26.9166,26.9853,1007,83220,0.814483,0.6,2,852347,851340,1007
29899101,29.552,29.6121,1007,84680,0.833035,0.6,2,852395,851388,1007
29901041,29.858,31.9106,991,84680,0.849731,0.69,2,852427,851436,991
29901041,29.1258,27.9218,1015,84680,0.864758,0,2,852451,851436,1015
29901041,28.485,24.4316,1039,84680,0.878282,0,2,852475,851436,1039
29901041,27.9244,21.3776,1063,84680,0.890454,0,2,852499,851436,1063
29901041,27.4339,18.7054,1087,84680,0.901409,0,2,852523,851436,1087
29901041,27.0046,16.3672,1111,84680,0.911268,0,2,852547,851436,1111
29901041,26.629,14.3213,1135,84680,0.920141,0,2,852571,851436,1135
29901041,26.3004,12.5312,1159,84680,0.926127,0,2,852595,851436,1159
29901041,26.0129,10.9648,1183,84680,0.929514,0,2,852619,851436,1183
29901041,23.7613,9.59418,1191,84680,0.932563,0,2,852627,851436,1191
29903961,26.7911,26.2699,1096,84680,0.931306,0.71,2,852675,851579,1096
29906881,29.4422,26.1112,1119,86140,0.932176,0.71,2,852723,851604,1119
29909801,31.7619,22.8473,1167,86140,0.932958,0.71,2,852771,851604,1167
29911861,32.0417,19.9914,1201,86140,0.935662,0.78,2,852805,851604,1201
29913941,32.2865,20.4924,1211,87600,0.938096,0.79,2,852839,851628,1211
29916861,34.2507,20.9309,1235,87600,0.940287,0.79,2,852887,851652,1235
29919781,35.9693,24.3145,1235,87600,0.942258,0.79,2,852935,851700,1235
29922701,37.4732,27.2752,1235,87600,0.944032,0.79,2,852983,851748,1235
29925621,38.789,29.8658,1235,87600,0.945629,0.79,2,853031,851796,1235
29928541,39.9404,32.1326,1235,89060,0.949066,0.79,2,853079,851844,1235
29982561,26.1119,2.20135,1996,84194,0.946656,0,2,854423,852427,1996
29982561,25.8479,1.92618,2020,83707,0.94199,0,2,854447,852427,2020
29982561,25.6169,1.68541,2044,83220,0.935791,0,2,854471,852427,2044
29982561,25.4148,1.47473,2068,82734,0.929212,0,2,854495,852427,2068
29982561,25.2379,1.29039,2092,82247,0.922291,0,2,854519,852427,2092
29982561,25.0832,1.12909,2116,81760,0.917062,0,2,854543,852427,2116
29982561,24.9478,0.987955,2140,81274,0.909356,0,2,854567,852427,2140
29982561,24.8293,0.86446,2164,80787,0.90342,0,2,854591,852427,2164
29982561,24.7257,0.756403,2188,80300,0.897078,0,2,854615,852427,2188
29982561,24.6349,0.661852,2212,79814,0.89037,0,2,854639,852427,2212
29982561,24.5556,0.579121,2236,79327,0.883333,0,2,854663,852427,2236
29982561,24.4861,0.506731,2260,78840,0.878,0,2,854687,852427,2260
29982561,24.4254,0.443389,2284,78354,0.8702,0,2,854711,852427,2284
29982561,24.3722,0.387966,2308,77867,0.86418,0,2,854735,852427,2308
29982561,24.3257,0.33947,2332,77380,0.859762,0,2,854759,852427,2332
29982561,24.285,0.297036,2356,76894,0.853786,0,2,854783,852427,2356
29982561,24.2493,0.259907,2380,76407,0.848407,0,2,854807,852427,2380
29982561,24.2182,0.227418,2404,75920,0.843567,0,2,854831,852427,2404
29982561,24.1909,0.198991,2428,75434,0.83721,0,2,854855,852427,2428
29982561,24.167,0.174117,2452,74947,0.831489,0,2,854879,852427,2452
29982561,24.1462,0.152353,2476,74460,0.82634,0,2,854903,852427,2476
29982561,24.1279,0.133308,2500,73974,0.820706,0,2,854927,852427,2500
29982561,24.1119,0.116645,2524,73487,0.812635,0,2,854951,852427,2524
29982561,24.0979,0.102064,2548,73000,0.804372,0,2,854975,852427,2548
29982561,24.0857,0.0893063,2572,72514,0.795935,0,2,854999,852427,2572
29982561,24.075,0.078143,2596,72027,0.787341,0,2,855023,852427,2596
29982561,24.0656,0.0683751,2620,71540,0.777607,0,2,855047,852427,2620
29982561,24.0574,0.0598282,2644,71054,0.767846,0,2,855071,852427,2644
29982561,24.0502,0.0523497,2668,70567,0.758062,0,2,855095,852427,2668
29982561,24.0439,0.045806,2692,70080,0.748256,0,2,855119,852427,2692
29982561,24.0385,0.0400802,2716,67860,0.73843,0,2,855143,852427,2716
29982561,24.0336,0.0350702,2740,66400,0.725587,0,2,855167,852427,2740
29982561,24.0294,0.0306864,2764,64940,0.712028,0,2,855191,852427,2764
29982561,24.0026,0.000286568,3605,1460,0.598901,0,1,856032,852427,3605
29982561,22.5022,0.000250747,3617,1460,0.592011,0,1,856044,852427,3617
29982561,22.6895,0.000219404,3641,1460,0.58381,0,1,856068,852427,3641
29982561,22.8533,0.000191978,3665,1460,0.574429,0,1,856092,852427,3665
29982561,22.9966,0.000167981,3689,1460,0.563986,0,1,856116,852427,3689
29982561,23.122,0.000146983,3713,1460,0.552588,0,1,856140,852427,3713
29982561,23.2318,0.000128611,3737,1460,0.540329,0,1,856164,852427,3737
29982561,23.3278,0.000112534,3761,1460,0.527296,0,1,856188,852427,3761
29982561,23.4118,9.84674e-05,3785,1460,0.513566,0,1,856212,852427,3785
29982561,23.4854,8.6159e-05,3809,1460,0.49921,0,1,856236,852427,3809
29982561,23.5497,7.53891e-05,3833,1460,0.484289,0,1,856260,852427,3833
29982561,23.606,6.59655e-05,3857,1460,0.46886,0,1,856284,852427,3857
29982561,23.6552,5.77198e-05,3881,1460,0.452974,0,1,856308,852427,3881
29982561,23.6983,5.05048e-05,3905,1460,0.436676,0,1,856332,852427,3905
29982561,23.736,4.41917e-05,3929,1460,0.420009,0,1,856356,852427,3929
29982561,23.644,3.86678e-05,3952,1460,0.403008,0,1,856379,852427,3952
29982561,23.6885,3.38343e-05,3976,1460,0.385707,0,1,856403,852427,3976
29982561,23.7275,2.9605e-05,4000,1460,0.368136,0,1,856427,852427,4000
29982561,23.7615,2.59044e-05,4024,1460,0.350323,0,1,856451,852427,4024
29982561,23.7913,2.26663e-05,4048,1460,0.332291,0,1,856475,852427,4048
29982561,23.8174,1.9833e-05,4072,1460,0.314061,0,1,856499,852427,4072
29982561,23.8402,1.73539e-05,4096,1460,0.295655,0,1,856523,852427,4096
29982561,23.8602,1.51847e-05,4120,1460,0.27709,0,1,856547,852427,4120
29982561,23.8777,1.32866e-05,4144,1460,0.258381,0,1,856571,852427,4144
29982561,23.893,1.16258e-05,4168,1460,0.239543,0,1,856595,852427,4168
29982561,23.9064,1.01725e-05,4192,1460,0.220588,0,1,856619,852427,4192
29982561,23.9181,8.90098e-06,4216,1460,0.20153,0,1,856643,852427,4216
29982561,23.9283,7.78835e-06,4240,1460,0.182377,0,1,856667,852427,4240
29982561,23.9373,6.81481e-06,4264,1460,0.164139,0,1,856691,852427,4264
29982561,23.9451,5.96296e-06,4288,1460,0.147725,0,1,856715,852427,4288
29982561,23.952,5.21759e-06,4312,1460,0.132953,0,1,856739,852427,4312
29982561,23.958,4.56539e-06,4336,1460,0.119657,0,1,856763,852427,4336
29982561,23.9632,3.99472e-06,4360,1460,0.107692,0,1,856787,852427,4360
29982561,23.9678,3.49538e-06,4384,1460,0.0969224,0,1,856811,852427,4384
29982561,23.9718,3.05845e-06,4408,1460,0.0872302,0,1,856835,852427,4408
29982561,23.9754,2.67615e-06,4432,1460,0.0785072,0,1,856859,852427,4432
29982561,23.9784,2.34163e-06,4456,1460,0.0706564,0,1,856883,852427,4456
30113201,23.9811,436.25,990,1460,0.0635908,0,1,856907,855917,990
30114661,77.7335,506.469,446,1460,0.0572317,0,1,857361,856915,446
30117581,101.767,498.91,270,2920,0.0515085,0,1,857631,857361,270
30120501,122.796,470.296,270,5840,0.0463577,0,1,857901,857631,270
30123421,113.446,411.509,318,8760,0.0467219,0,1,857949,857631,318
30126341,127.016,393.821,270,11680,0.0420497,0,1,858171,857901,270
30129261,117.139,344.593,318,14600,0.0428448,0.05,1,858219,857901,318
30132181,108.496,307.519,318,17520,0.0475603,0.05,1,858267,857949,318
30135101,100.934,269.079,366,20440,0.0558043,0,1,858315,857949,366
30138021,104.068,263.194,270,23360,0.0592238,0,1,858441,858171,270
30140941,97.0591,230.295,318,26280,0.0663014,0.05,1,858489,858171,318
30143861,90.9267,207.508,318,29200,0.0766713,0.05,1,858537,858219,318
30146781,85.5609,181.57,366,32120,0.0900042,0.09,1,858585,858219,366
30149701,80.8658,164.873,366,35040,0.106004,0.09,1,858633,858267,366
30152621,76.7575,144.264,414,37960,0.124403,0.13,1,858681,858267,414
30155541,73.1628,132.231,414,40880,0.144963,0.13,1,858729,858315,414
30158461,70.0175,115.702,462,40880,0.163467,0.09,1,858777,858315,462
30161381,67.2653,116.989,384,40880,0.18012,0.09,1,858825,858441,384
30164301,64.8571,102.366,432,40880,0.195108,0.13,1,858873,858441,432
30167221,62.75,95.5701,432,40880,0.208597,0.13,1,858921,858489,432
30170141,60.9062,83.6238,480,40880,0.220738,0.17,1,858969,858489,480
30173061,59.293,79.1708,480,40880,0.231664,0.17,1,859017,858537,480
30175981,57.8813,69.2745,528,40880,0.241497,0.21,1,859065,858537,528
30178901,56.6462,66.6152,528,42340,0.252348,0.21,1,859113,858585,528
30181821,55.5654,58.2883,576,42340,0.262113,0.25,1,859161,858585,576
30184741,54.6197,57.0022,576,42340,0.270902,0.25,1,859209,858633,576
30187661,53.7923,49.877,624,42340,0.278811,0.29,1,859257,858633,624
30190581,53.0682,49.6423,624,42340,0.28593,0.29,1,859305,858681,624
30193501,52.4347,43.437,672,42340,0.292337,0.33,1,859353,858681,672
30196421,51.8804,44.0074,672,42340,0.298104,0.33,1,859401,858729,672
30199341,51.3953,44.5065,672,42340,0.303293,0.33,1,859449,858777,672
30202261,50.9709,44.9432,672,42340,0.307964,0.33,1,859497,858825,672
30205181,50.5995,45.3253,672,42340,0.312167,0.33,1,859545,858873,672
30208101,50.2746,45.6596,672,43800,0.317951,0.33,1,859593,858921,672
30211021,49.9903,45.9522,672,43800,0.323156,0.33,1,859641,858969,672
30213941,49.7415,46.2081,672,43800,0.32784,0.33,1,859689,859017,672
30216861,49.5238,46.4321,672,43800,0.332056,0.33,1,859737,859065,672
30219781,49.3333,40.6281,720,43800,0.33485,0.35,1,859785,859065,720
30222701,49.1667,41.5496,720,43800,0.333365,0.35,1,859833,859113,720
30225621,49.0208,42.3559,720,43800,0.328029,0.35,1,859881,859161,720
30228541,48.8932,43.0614,720,43800,0.319226,0.35,1,859929,859209,720
30231461,48.7816,43.6787,720,43800,0.307303,0.35,1,859977,859257,720
30234381,48.6839,44.2189,720,43800,0.292573,0.35,1,860025,859305,720
30237301,48.5984,44.6915,720,45260,0.275316,0.35,1,860073,859353,720
30240221,48.5236,45.1051,720,45260,0.255784,0.35,1,860121,859401,720
30243141,48.4581,45.467,720,45260,0.234206,0.35,1,860169,859449,720
30246061,48.4009,45.7836,720,45260,0.210785,0.35,1,860217,859497,720
30248981,48.3508,46.0606,720,45260,0.189707,0.37,1,860265,859545,720
30251901,48.3069,46.3031,720,45260,0.170736,0.37,1,860313,859593,720
30254821,48.2686,46.5152,720,45260,0.153662,0.37,1,860361,859641,720
30257741,48.235,46.7008,720,45260,0.138296,0.37,1,860409,859689,720
30259841,46.5806,46.8632,707,45260,0.124467,0,1,860444,859737,707
30262761,787.383,842.255,270,45260,0.15102,0,1,866417,866147,270
30265681,694.96,736.973,318,46720,0.176918,0,1,866465,866147,318
30268601,614.09,644.852,366,48180,0.202226,0,1,866513,866147,366
30271521,543.329,564.245,414,49640,0.227003,0,1,866561,866147,414
30274441,481.413,493.715,462,51100,0.251303,0,1,866609,866147,462
30277361,427.236,432,510,52560,0.275173,0,1,866657,866147,510
30280281,379.832,378,558,54020,0.298656,0,1,866705,866147,558
30283201,338.353,330.75,606,55480,0.32179,0,1,866753,866147,606
30286121,302.059,289.406,654,56940,0.344611,0,1,866801,866147,654
30289041,270.301,253.231,702,58400,0.36715,0,1,866849,866147,702
30291961,242.514,221.577,750,59860,0.389435,0,1,866897,866147,750
30294881,218.199,193.88,798,61320,0.411491,0,1,866945,866147,798
30297801,196.924,169.645,846,62780,0.433342,0,1,866993,866147,846
30300721,178.309,148.439,894,64240,0.455008,0,1,867041,866147,894
30303641,162.02,129.884,942,65700,0.476507,0,1,867089,866147,942
30306561,147.768,113.649,990,67160,0.497857,0.39,1,867137,866147,990
30309481,135.297,133.193,768,68620,0.519071,0.41,1,867185,866417,768
30312401,124.385,122.544,768,70080,0.540164,0.41,1,867233,866465,768
30315321,114.837,107.226,816,71540,0.561147,0.43,1,867281,866465,816
30318241,106.482,99.8224,816,73000,0.582033,0.45,1,867329,866513,816
30335761,74.2465,62.4906,912,81760,0.705766,0.53,2,867617,866705,912
30338681,70.9657,60.6792,912,83220,0.726189,0.53,2,867665,866753,912
30341601,68.0949,53.0943,960,84680,0.74657,0.55,2,867713,866753,960
30344521,65.5831,52.4575,960,86140,0.766913,0.57,2,867761,866801,960
30347441,63.3852,51.9004,960,87600,0.787222,0.57,2,867809,866849,960
30350361,61.462,45.4128,1008,89060,0.8075,0.59,2,867857,866849,1008
30353281,59.7793,45.7362,1008,90520,0.82675,0.61,2,867905,866897,1008
30356201,58.3069,46.0192,1008,91980,0.840075,0.61,2,867953,866945,1008
30359121,57.0185,40.2668,1056,93440,0.848067,0.63,2,868001,866945,1056
30362041,55.8912,41.2334,1056,94900,0.851261,0.65,2,868049,866993,1056
30364961,54.9048,42.0793,1056,96360,0.850134,0.65,2,868097,867041,1056
30367881,54.0417,36.8193,1104,97820,0.845121,0.67,2,868145,867041,1104
30370801,53.2865,38.2169,1104,99280,0.836609,0.69,2,868193,867089,1104
30373721,52.6257,39.4398,1104,100740,0.824948,0.69,2,868241,867137,1104
30376641,52.0475,34.5098,1152,102200,0.810453,0.71,2,868289,867137,1152
30379561,51.5415,36.1961,1152,103660,0.793408,0.73,2,868337,867185,1152
30382481,51.0988,37.6716,1152,105120,0.774067,0.73,2,868385,867233,1152
30385401,50.7115,32.9626,1200,106580,0.75266,0.75,2,868433,867233,1200
30388321,50.3726,34.8423,1200,108040,0.729394,0.77,2,868481,867281,1200
30391241,50.076,36.487,1200,109500,0.704455,0.77,2,868529,867329,1200
30402921,49.2169,31.2318,1296,115340,0.591069,0.83,1,868721,867425,1296
30405841,49.0648,33.3278,1296,116800,0.559962,0.85,1,868769,867473,1296
30408761,48.9317,35.1618,1296,118260,0.527966,0.85,1,868817,867521,1296
30411681,48.8152,30.7666,1344,119720,0.495169,0.87,1,868865,867521,1344
30414601,48.7133,32.9208,1344,121180,0.461652,0.89,1,868913,867569,1344
30417521,48.6242,34.8057,1344,122640,0.427487,0.89,1,868961,867617,1344
30420441,48.5461,30.455,1392,124100,0.392738,0.91,1,869009,867617,1392
30423361,48.4779,32.6481,1392,125560,0.357465,0.93,1,869057,867665,1392
30426281,48.4181,34.5671,1392,127020,0.321718,0.93,1,869105,867713,1392
30429201,48.3659,30.2462,1440,128480,0.289546,0.95,1,869153,867713,1440
30432121,48.3201,32.4654,1440,129940,0.260592,0.97,1,869201,867761,1440
30435041,48.2801,34.4072,1440,131400,0.234532,0.97,1,869249,867809,1440
30437961,48.2451,30.1063,1488,132860,0.211079,0.99,1,869297,867809,1488
30439761,45.9645,32.343,1470,134320,0.189971,0,1,869327,867857,1470
30442681,631.969,770.05,270,135780,0.270974,0,1,874061,873791,270
30445601,558.973,673.794,318,137240,0.343877,0,1,874109,873791,318
30448521,495.101,589.57,366,138700,0.409489,0,1,874157,873791,366
30451441,439.214,515.873,414,140160,0.46854,0,1,874205,873791,414
30454361,390.312,451.389,462,141620,0.521686,0,1,874253,873791,462
30457281,347.523,394.966,510,143080,0.569518,0,1,874301,873791,510
30468961,223.575,231.522,702,148920,0.71756,0,2,874493,873791,702
30471881,201.628,202.581,750,150380,0.745804,0,2,874541,873791,750
30474801,182.424,177.259,798,151840,0.771224,0,2,874589,873791,798
30477721,165.621,155.101,846,153300,0.794102,0,2,874637,873791,846
30480641,150.919,135.714,894,154760,0.813691,0,2,874685,873791,894
30483561,138.054,118.749,942,156220,0.827322,0,2,874733,873791,942
30486481,126.797,103.906,990,157680,0.83559,0,2,874781,873791,990
30489401,116.948,90.9176,1038,159140,0.839031,0,2,874829,873791,1038
30492321,108.329,79.5529,1086,160600,0.838128,0,2,874877,873791,1086
30495241,100.788,69.6088,1134,162060,0.833315,0,2,874925,873791,1134
30498161,94.1894,60.9077,1182,163520,0.824984,0,2,874973,873791,1182
30501081,88.4158,53.2942,1230,164980,0.842485,0,2,875021,873791,1230
30504001,83.3638,46.6324,1278,166440,0.858237,0,2,875069,873791,1278
30506921,78.9433,40.8034,1326,167900,0.872413,0,2,875117,873791,1326
30509841,75.0754,35.703,1374,169360,0.885172,0,2,875165,873791,1374
30512761,71.691,31.2401,1422,170820,0.896655,0,2,875213,873791,1422
30515681,68.7296,27.3351,1470,172280,0.906989,0,2,875261,873791,1470
30518601,66.1384,23.9182,1518,173740,0.91429,0,2,875309,873791,1518
30521521,63.8711,20.9284,1566,175200,0.918861,0,2,875357,873791,1566
30524441,61.8872,18.3124,1614,176660,0.920975,0,2,875405,873791,1614
30527361,60.1513,16.0233,1662,178120,0.920878,0,2,875453,873791,1662
30527361,55.6324,14.0204,1686,179580,0.91979,0,2,875477,873791,1686
30527361,51.6784,12.2679,1710,179580,0.917811,0,2,875501,873791,1710
30527361,48.2186,10.7344,1734,179580,0.91503,0,2,875525,873791,1734
30527361,45.1912,9.39258,1758,97300,0.913527,0.89,2,875549,873791,1758
30527361,42.5423,8.2185,1782,97300,0.913174,0,2,875573,873791,1782
30527361,40.2245,7.19119,1806,97300,0.913857,0,2,875597,873791,1806
30527361,38.1965,6.29229,1830,97300,0.915471,0,2,875621,873791,1830
30527361,36.4219,5.50576,1854,97300,0.917924,0,2,875645,873791,1854
30527361,34.8692,4.81754,1878,97300,0.921131,0,2,875669,873791,1878
30527361,33.5105,4.21534,1902,97300,0.925018,0,2,875693,873791,1902
30527361,32.4467,3.68843,1927,97300,0.929517,0,2,875718,873791,1927
30527361,31.3909,3.22737,1951,97300,0.934565,0,2,875742,873791,1951
30527361,30.467,2.82395,1975,97300,0.940108,0,2,875766,873791,1975
30527361,29.6586,2.47096,1999,95840,0.946098,0,2,875790,873791,1999
30527361,24.2834,0.291739,2377,90360,0.937517,0,2,876168,873791,2377
30527361,24.248,0.255271,2401,90360,0.918765,0,2,876192,873791,2401
30527361,24.217,0.223362,2425,90360,0.902888,0,2,876216,873791,2425
30527361,24.1899,0.195442,2449,90360,0.8896,0,2,876240,873791,2449
30527361,24.1661,0.171012,2473,90360,0.87864,0,2,876264,873791,2473
30527361,24.1454,0.149635,2497,90360,0.869776,0,2,876288,873791,2497
30527361,24.1272,0.130931,2521,90360,0.862798,0,2,876312,873791,2521
30527361,24.1113,0.114565,2545,90360,0.857518,0,2,876336,873791,2545
30527361,24.0974,0.100244,2569,90360,0.853767,0,2,876360,873791,2569
30527361,24.0852,0.0877135,2593,90360,0.85139,0,2,876384,873791,2593
30527361,24.0746,0.0767493,2617,90360,0.850251,0,2,876408,873791,2617
30527361,24.0652,0.0671557,2641,90360,0.850226,0,2,876432,873791,2641
30527361,24.0571,0.0587612,2665,90360,0.851203,0,2,876456,873791,2665
30527361,24.0499,0.0514161,2689,90360,0.853083,0,2,876480,873791,2689
30527361,24.0437,0.0449891,2713,90360,0.855775,0,2,876504,873791,2713
30527361,24.0382,0.0393654,2737,90360,0.859197,0,2,876528,873791,2737
30527361,24.0335,0.0344447,2761,90360,0.863277,0,2,876552,873791,2761
30527361,24.0293,0.0301392,2785,90360,0.86795,0,2,876576,873791,2785
30527361,24.0256,0.0263718,2809,90360,0.873155,0,2,876600,873791,2809
30527361,24.0224,0.0230753,2833,90360,0.878839,0,2,876624,873791,2833
30527361,24.0196,0.0201909,2857,90360,0.884955,0,2,876648,873791,2857
30527361,24.0172,0.017667,2881,90360,0.89146,0,2,876672,873791,2881
30527361,24.015,0.0154586,2905,90360,0.898314,0,2,876696,873791,2905
30527361,24.0131,0.0135263,2929,90360,0.905482,0,2,876720,873791,2929
30527361,24.0115,0.0118355,2953,90360,0.912934,0,2,876744,873791,2953
30527361,24.0101,0.0103561,2977,90360,0.919641,0,2,876768,873791,2977
30527361,24.0088,0.00906157,3001,90360,0.925677,0,2,876792,873791,3001
30527361,24.0077,0.00792888,3025,90360,0.931109,0,2,876816,873791,3025
30527361,24.0067,0.00693777,3049,90360,0.935998,0,2,876840,873791,3049
30527361,24.0059,0.00607055,3073,90360,0.940398,0,2,876864,873791,3073
30527361,24.0052,0.00531173,3097,90360,0.944358,0,2,876888,873791,3097
30527361,24.0045,0.00464776,3121,88900,0.947923,0,2,876912,873791,3121
30543421,23.7822,145.208,1528,81240,0.94889,0,2,877053,875525,1528
30543421,23.8094,127.057,1552,81240,0.944001,0,2,877077,875525,1552
30543421,23.8333,111.175,1576,81240,0.937601,0,2,877101,875525,1576
30543421,23.8541,97.2778,1600,81240,0.929841,0,2,877125,875525,1600
30550721,23.8723,106.118,1456,81240,0.920856,1,2,877149,875693,1456
30550721,23.8883,92.8533,1480,77220,0.914771,0,2,877173,875693,1480
30550721,23.9023,81.2466,1504,77220,0.907294,0,2,877197,875693,1504
30550721,23.9145,71.0908,1528,77220,0.899564,0,2,877221,875693,1528
30558021,23.9252,74.3295,1455,77220,0.891608,1,2,877245,875790,1455
30558021,23.9345,65.0383,1479,72480,0.882447,0,2,877269,875790,1479
30558021,23.9427,56.9085,1503,72480,0.872202,0,2,877293,875790,1503
30558021,23.9499,49.7949,1527,72480,0.860982,0,2,877317,875790,1527
30565321,23.9561,55.5706,1455,72480,0.848884,1,2,877341,875886,1455
30565321,23.9616,48.6242,1479,68460,0.839996,0,2,877365,875886,1479
30565321,23.9664,42.5462,1503,68460,0.829996,0,2,877389,875886,1503
30617521,23.9706,49.2279,1431,68460,0.818996,0.98,2,877413,875982,1431
30617521,23.9743,43.0744,1455,20280,0.809097,0,2,877437,875982,1455
30617521,23.9775,37.6901,1479,20280,0.798187,0,2,877461,875982,1479
30617521,23.9803,32.9789,1503,20280,0.786368,0,2,877485,875982,1503
30617521,23.9828,28.8565,1527,20280,0.773732,0,2,877509,875982,1527
30617521,23.9849,25.2494,1551,20280,0.760358,0,2,877533,875982,1551
30617521,23.9868,22.0933,1575,20280,0.746323,0,2,877557,875982,1575
30617521,23.9885,19.3316,1599,20280,0.73169,0,2,877581,875982,1599
30617521,23.9899,16.9152,1623,20280,0.716521,0,2,877605,875982,1623
30617521,23.9912,14.8008,1647,20280,0.700869,0,2,877629,875982,1647
30617521,23.996,6.64251,1791,20280,0.599204,0,1,877773,875982,1791
30617521,23.9965,5.8122,1815,20280,0.581284,0,1,877797,875982,1815
30617521,23.997,5.08567,1839,20280,0.563155,0,1,877821,875982,1839
30617521,23.9973,4.44996,1863,20280,0.54484,0,1,877845,875982,1863
30617521,23.9977,3.89372,1887,20280,0.526356,0,1,877869,875982,1887
30617521,23.998,3.407,1911,20280,0.50772,0,1,877893,875982,1911
30617521,23.9982,2.98113,1935,20280,0.488948,0,1,877917,875982,1935
30617521,23.9984,2.60849,1959,20280,0.470053,0,1,877941,875982,1959
30617521,23.9986,2.28243,1983,20280,0.451048,0,1,877965,875982,1983
30617521,23.9988,1.99712,2007,20280,0.431943,0,1,877989,875982,2007
30617521,23.999,1.74748,2031,20280,0.412749,0,1,878013,875982,2031
30617521,23.9991,1.52905,2055,20280,0.393474,0,1,878037,875982,2055
30617521,23.9992,1.33792,2079,20280,0.374127,0,1,878061,875982,2079
30617521,23.9993,1.17068,2103,20280,0.354714,0,1,878085,875982,2103
30617521,23.9994,1.02434,2127,20280,0.335243,0,1,878109,875982,2127
30617521,23.9995,0.8963,2151,20280,0.316718,0,1,878133,875982,2151
30617521,23.9995,0.784262,2175,20280,0.298046,0,1,878157,875982,2175
30617521,23.9996,0.686229,2199,20280,0.279242,0,1,878181,875982,2199
30617521,23.9996,0.600451,2223,20280,0.260318,0,1,878205,875982,2223
30623361,23.8747,104.775,1412,20280,0.241286,0.98,1,878228,876816,1412
30623361,23.8904,91.6785,1436,17000,0.222157,0,1,878252,876816,1436
30623361,23.9041,80.2187,1460,17000,0.202942,0,1,878276,876816,1460
30629041,23.916,79.1913,1412,17000,0.183647,0.95,1,878300,876888,1412
30629041,23.9265,69.2924,1436,127020,0.265283,0,1,878324,876888,1436
30629041,23.5607,60.6309,1457,127020,0.338754,0,1,878345,876888,1457
30631961,26.6156,66.427,1398,127020,0.404879,0.95,1,878393,876995,1398
30634881,29.2887,58.1236,1446,128480,0.464391,0.84,1,878441,876995,1446
30637801,31.6276,70.1082,1340,129940,0.517952,0.74,1,878489,877149,1340
30640721,33.6741,85.3447,1196,129940,0.566157,0.01,1,878537,877341,1196
30652401,39.6024,130.334,429,132860,0.715355,0.01,2,878729,878300,429
30655321,40.6521,114.043,477,132860,0.74382,0.01,2,878777,878300,477
30658241,41.5706,99.7872,525,132860,0.769438,0.01,2,878825,878300,525
30661161,42.3743,87.3138,573,134320,0.792494,0.01,2,878873,878300,573
30664081,43.0775,76.3996,621,134320,0.813245,0.01,2,878921,878300,621
30667001,43.6928,66.8497,669,134320,0.83192,0.01,2,878969,878300,669
30669921,44.2312,58.4934,717,135780,0.848728,0.01,2,879017,878300,717
30672841,44.7023,51.1818,765,135780,0.863855,0.01,2,879065,878300,765
30675761,45.1145,44.784,813,137240,0.87747,0.01,2,879113,878300,813
30678681,45.4752,39.186,861,137240,0.889723,0.01,2,879161,878300,861
30681601,45.7908,34.2878,909,137240,0.900751,0.01,2,879209,878300,909
30684521,46.067,30.0018,957,138700,0.910676,0.01,2,879257,878300,957
30687441,46.3086,26.2516,1005,138700,0.919608,0.01,2,879305,878300,1005
30690361,46.52,22.9701,1053,140160,0.927647,0.01,2,879353,878300,1053
30693281,46.705,20.0989,1101,140160,0.934882,0.01,2,879401,878300,1101
30696201,46.8669,17.5865,1149,140160,0.941394,0.01,2,879449,878300,1149
30699121,47.0085,15.3882,1197,141620,0.947255,0.01,2,879497,878300,1197
30721021,17.0349,0.000206949,2990,97320,0.94794,0,2,881290,878300,2990
30721021,15.4055,0.000181081,2994,93780,0.946146,0,2,881294,878300,2994
30721021,16.4798,0.000158446,3018,91480,0.940532,0,2,881318,878300,3018
30721021,14.9199,0.00013864,3022,91080,0.937478,0,2,881322,878300,3022
30721021,16.0549,0.00012131,3046,89620,0.932731,0,2,881346,878300,3046
30721021,17.048,0.000106146,3070,87960,0.928457,0,2,881370,878300,3070
30721021,17.917,9.28779e-05,3094,86700,0.924612,0,2,881394,878300,3094
30721021,18.6774,8.12682e-05,3118,85240,0.921151,0,2,881418,878300,3118
30721021,19.3427,7.11097e-05,3142,85040,0.918036,0,2,881442,878300,3142
30721021,19.9249,6.2221e-05,3166,84420,0.914232,0,2,881466,878300,3166
30721021,17.9343,5.44433e-05,3170,81500,0.911809,0,2,881470,878300,3170
30721021,18.6925,4.76379e-05,3194,79000,0.907628,0,2,881494,878300,3194
30721021,19.3559,4.16832e-05,3218,78800,0.903865,0,2,881518,878300,3218
30721021,17.4364,3.64728e-05,3222,78800,0.901479,0,2,881522,878300,3222
30721021,17.3819,3.19137e-05,3239,77540,0.897331,0,2,881539,878300,3239
30731241,18.2091,203.625,1634,77340,0.891598,0.99,2,881563,879929,1634
30731241,18.933,178.172,1658,97880,0.887438,0,2,881587,879929,1658
30737081,19.5664,164.9,1610,97880,0.881694,0.99,2,881611,880001,1610
30737081,20.1206,144.288,1634,96420,0.874525,0,2,881635,880001,1634
30741461,20.6055,135.377,1585,96420,0.866072,0.95,2,881659,880074,1585
30741461,21.0298,118.455,1609,94960,0.856465,0,2,881683,880074,1609
30745841,21.4011,109.648,1585,94960,0.845818,0.95,2,881707,880122,1585
30750221,21.726,101.942,1561,94960,0.834237,0.96,2,881731,880170,1561
30750221,22.0102,89.1992,1585,93500,0.821813,0,2,881755,880170,1585
30753841,22.2589,84.0493,1561,93500,0.808632,0.96,2,881779,880218,1561
30756761,22.4766,78.0431,1549,64820,0.794769,0.97,2,881803,880254,1549
30760081,22.667,71.2877,1549,93500,0.780292,0.97,2,881827,880278,1549
30763621,22.8336,66.2518,1542,61900,0.765263,0.96,2,881851,880309,1542
30765081,22.9794,62.2203,1532,60440,0.749736,0.97,2,881875,880343,1532
30820401,23.107,57.4428,1532,93500,0.733763,1,2,881899,880367,1532
30820401,23.2186,50.2624,1556,14560,0.719386,0.59,2,881923,880367,1556
30820401,23.3163,43.9796,1580,14560,0.704448,0,2,881947,880367,1580
30820401,23.6932,19.7378,1724,14560,0.593648,0,1,882091,880367,1724
30820401,23.7315,17.2706,1748,14560,0.574283,0,1,882115,880367,1748
30820401,23.7651,15.1118,1772,14560,0.555855,0,1,882139,880367,1772
30820401,23.7944,13.2228,1796,14560,0.537269,0,1,882163,880367,1796
30820401,23.8201,11.57,1820,14560,0.518542,0,1,882187,880367,1820
30820401,23.8426,10.1237,1844,14560,0.499688,0,1,882211,880367,1844
30820401,23.8623,8.85825,1868,14560,0.480719,0,1,882235,880367,1868
30820401,23.8795,7.75097,1892,14560,0.461647,0,1,882259,880367,1892
30820401,23.8946,6.7821,1916,14560,0.442483,0,1,882283,880367,1916
30820401,23.9077,5.93434,1940,14560,0.423234,0,1,882307,880367,1940
30820401,23.9193,5.19255,1964,14560,0.403911,0,1,882331,880367,1964
30820401,23.9294,4.54348,1988,14560,0.38452,0,1,882355,880367,1988
30820401,23.9382,3.97554,2012,14560,0.365068,0,1,882379,880367,2012
30820401,23.9459,3.4786,2036,14560,0.346561,0,1,882403,880367,2036
30820401,23.9527,3.04377,2060,14560,0.326905,0,1,882427,880367,2060
30820401,23.9586,2.6633,2084,14560,0.307214,0,1,882451,880367,2084
30820401,23.9638,2.33039,2108,14560,0.287493,0,1,882475,880367,2108
30820401,23.9683,2.03909,2132,14560,0.265744,0,1,882499,880367,2132
30820401,23.9723,1.7842,2156,14560,0.244169,0,1,882523,880367,2156
30820401,23.9757,1.56118,2180,14560,0.223752,0,1,882547,880367,2180
30821241,23.9788,1.36603,2204,14560,0.202377,0.91,1,882571,880367,2204
30822701,23.9814,113.57,1329,12260,0.182139,0.92,1,882595,881266,1329
30823521,22.2337,102.374,1315,48240,0.163925,0.89,1,882605,881290,1315
30826441,22.4545,93.0772,1311,10800,0.147533,0.89,1,882629,881318,1311
30828101,20.1477,84.9426,1287,47620,0.13278,0.89,1,882633,881346,1287
30829761,20.6292,77.3248,1287,8720,0.119502,0.89,1,882657,881370,1287
30832881,21.0506,70.6592,1287,8520,0.107552,0.89,1,882681,881394,1287
30835801,21.4193,64.8268,1287,7060,0.0967964,0.89,1,882705,881418,1287
30837461,19.2419,59.7234,1267,47420,0.0871167,0.88,1,882709,881442,1267
30839541,18.0866,55.258,1253,4140,0.0784051,0.87,1,882719,881466,1253
30841001,18.8258,51.8507,1249,3940,0.0705645,0.87,1,882743,881494,1249
30842661,16.8476,48.3694,1228,46600,0.0635081,0.84,1,882746,881518,1228
30844121,17.7416,47.9482,1207,1860,0.0571573,0.84,1,882770,881563,1207
30851601,16.0239,41.9547,1211,46400,0.0514416,0,1,882774,881563,1211
30851601,17.0209,36.7104,1235,102200,0.0462974,0,1,882798,881563,1235
30851601,18.5183,32.1216,1264,102200,0.0416677,0,1,882827,881563,1264
30851601,19.7035,28.1064,1292,102200,0.0375009,0,1,882855,881563,1292
30851601,26.7406,24.5931,1368,102200,0.0337508,0,1,882931,881563,1368
30851601,24.648,21.5189,1378,102200,0.0303757,0,1,882941,881563,1378
30851601,25.067,18.8291,1406,102200,0.0273381,0,1,882969,881563,1406
30851601,25.3086,16.4754,1433,102200,0.0246043,0,1,882996,881563,1433
30854521,494.52,632.166,270,102200,0.122144,0,1,886775,886505,270
30857441,438.705,553.145,318,103660,0.20993,0,1,886823,886505,318
30860361,389.867,484.002,366,105120,0.288937,0,1,886871,886505,366
30863281,347.134,423.502,414,105120,0.360043,0,1,886919,886505,414
30866201,309.742,370.564,462,106580,0.424039,0,1,886967,886505,462
30869121,277.024,324.244,510,106580,0.481635,0,1,887015,886505,510
30872041,248.396,283.713,558,106580,0.533471,0,1,887063,886505,558
30874961,223.347,248.249,606,108040,0.580124,0,1,887111,886505,606
30886641,150.785,145.519,798,109500,0.724519,0,2,887303,886505,798
30889561,137.937,127.329,846,110960,0.752068,0,2,887351,886505,846
30892481,126.695,111.413,894,110960,0.776861,0,2,887399,886505,894
30895401,116.858,97.4864,942,110960,0.799175,0,2,887447,886505,942
30898321,108.251,85.3006,990,112420,0.819257,0,2,887495,886505,990
30901241,100.719,74.638,1038,112420,0.837331,0,2,887543,886505,1038
30904161,94.1294,65.3082,1086,112420,0.853598,0,2,887591,886505,1086
30907081,88.3632,57.1447,1134,112420,0.868239,0,2,887639,886505,1134
30910001,83.3178,50.0016,1182,113880,0.881415,0,2,887687,886505,1182
30912921,78.9031,43.7514,1230,113880,0.883273,0,2,887735,886505,1230
30915841,75.0402,38.2825,1278,113880,0.883946,0,2,887783,886505,1278
30918761,71.6602,33.4972,1326,115340,0.883551,0,2,887831,886505,1326
30921681,68.7027,29.31,1374,115340,0.882196,0,2,887879,886505,1374
30924601,66.1148,25.6463,1422,115340,0.880977,0,2,887927,886505,1422
30927521,63.8505,22.4405,1470,115340,0.879879,0,2,887975,886505,1470
30930441,61.8692,19.6354,1518,116800,0.877891,0,2,888023,886505,1518
30931901,60.1355,17.181,1566,116800,0.875102,0,2,888071,886505,1566
30931901,55.6186,15.0334,1590,116800,0.873592,0,2,888095,886505,1590
30931901,51.6663,13.1542,1614,116800,0.873233,0,2,888119,886505,1614
30931901,48.208,11.5099,1638,115340,0.871909,0.87,2,888143,886505,1638
30931901,45.182,10.0712,1662,114415,0.869718,0,2,888167,886505,1662
30931901,42.6592,8.81229,1687,113952,0.865747,0,2,888192,886505,1687
30931901,40.3268,7.71075,1711,113489,0.859172,0,2,888216,886505,1711
30931901,38.286,6.74691,1735,113026,0.854255,0,2,888240,886505,1735
30931901,36.5002,5.90355,1759,111103,0.848829,0,2,888264,886505,1759
30931901,34.9377,5.1656,1783,110640,0.842946,0,2,888288,886505,1783
30931901,33.5705,4.5199,1807,108717,0.835652,0,2,888312,886505,1807
30931901,32.3742,3.95492,1831,106794,0.828086,0,2,888336,886505,1831
30931901,31.3274,3.46055,1855,106331,0.820278,0,2,888360,886505,1855
30931901,30.4115,3.02798,1879,104408,0.81225,0,2,888384,886505,1879
30931901,29.61,2.64948,1903,102485,0.806025,0,2,888408,886505,1903
30931901,28.9088,2.3183,1927,102022,0.797423,0,2,888432,886505,1927
30931901,28.2952,2.02851,1951,98640,0.79068,0,2,888456,886505,1951
30931901,27.7583,1.77495,1975,98177,0.782612,0,2,888480,886505,1975
30931901,27.2885,1.55308,1999,96254,0.772351,0,2,888504,886505,1999
30931901,26.8774,1.35894,2023,92871,0.764116,0,2,888528,886505,2023
30931901,26.5178,1.18908,2047,92408,0.757704,0,2,888552,886505,2047
30931901,26.203,1.04044,2071,90485,0.750934,0,2,888576,886505,2071
30931901,25.9277,0.910386,2095,90022,0.745841,0,2,888600,886505,2095
30931901,25.6867,0.796588,2119,86639,0.742256,0,2,888624,886505,2119
30931901,25.4759,0.697015,2143,81760,0.738031,0,2,888648,886505,2143
30931901,25.2914,0.609888,2167,81760,0.735228,0,2,888672,886505,2167
30931901,25.13,0.533652,2191,78840,0.733705,0,2,888696,886505,2191
30931901,24.9887,0.466945,2215,78840,0.733334,0,2,888720,886505,2215
30931901,24.8651,0.408577,2239,75920,0.734001,0,2,888744,886505,2239
30931901,24.757,0.357505,2263,75920,0.735601,0,2,888768,886505,2263
30931901,24.6624,0.312817,2287,73000,0.737041,0,2,888792,886505,2287
30931901,24.5796,0.273715,2311,70080,0.738337,0,2,888816,886505,2311
30931901,24.5071,0.2395,2335,70080,0.739503,0,2,888840,886505,2335
30931901,24.4437,0.209563,2359,70080,0.740553,0,2,888864,886505,2359
30931901,24.3883,0.183368,2383,70080,0.741498,0,2,888888,886505,2383
30931901,24.3397,0.160447,2407,70080,0.742348,0,2,888912,886505,2407
30931901,24.2973,0.140391,2431,70080,0.743113,0,2,888936,886505,2431
30931901,24.2601,0.122842,2455,70080,0.743802,0,2,888960,886505,2455
30931901,24.2276,0.107487,2479,70080,0.744421,0,2,888984,886505,2479
30931901,24.1991,0.0940508,2503,70080,0.744979,0,2,889008,886505,2503
30931901,24.1743,0.0822945,2527,70080,0.745481,0,2,889032,886505,2527
30931901,24.1525,0.0720077,2551,70080,0.745933,0,2,889056,886505,2551
30931901,24.1334,0.0630067,2575,70080,0.74534,0,2,889080,886505,2575
30931901,24.1167,0.0551309,2599,69500,0.744806,0,2,889104,886505,2599
30931901,24.1021,0.0482395,2623,69500,0.744325,0,2,889128,886505,2623
30931901,24.0894,0.0422096,2647,69500,0.743893,0,2,889152,886505,2647
30931901,24.0782,0.0369334,2671,69500,0.743504,0,2,889176,886505,2671
30931901,24.0684,0.0323167,2695,69500,0.743153,0,2,889200,886505,2695
30931901,24.0599,0.0282771,2719,69500,0.742838,0,2,889224,886505,2719
30931901,24.0524,0.0247425,2743,69500,0.742554,0,2,889248,886505,2743
30931901,24.0458,0.0216497,2767,69500,0.742299,0,2,889272,886505,2767
30931901,24.0401,0.0189435,2791,69500,0.742069,0,2,889296,886505,2791
30931901,24.0351,0.0165755,2815,69500,0.741862,0,2,889320,886505,2815
30931901,24.0307,0.0145036,2839,69500,0.741676,0,2,889344,886505,2839
30931901,24.0269,0.0126906,2863,69500,0.741508,0,2,889368,886505,2863
30931901,24.0235,0.0111043,2887,69500,0.741357,0,2,889392,886505,2887
30931901,24.0206,0.00971627,2911,69500,0.741222,0,2,889416,886505,2911
30931901,24.018,0.00850174,2935,69500,0.741099,0,2,889440,886505,2935
30940661,24.0158,201.757,1345,69500,0.74099,0.81,2,889464,888119,1345
30940661,24.0138,176.538,1369,81760,0.751891,0,2,889488,888119,1369
30940661,24.0121,154.471,1393,77680,0.759701,0,2,889512,888119,1393
30945041,24.0106,150.287,1296,76220,0.764731,0.79,2,889536,888240,1296
30947961,24.0092,137.501,1272,81760,0.767258,0.77,2,889560,888288,1272
30952341,24.0081,123.313,1272,81760,0.767532,0.75,2,889584,888312,1272
30955261,24.0071,113.899,1248,81760,0.765779,0.74,2,889608,888360,1248
30959641,24.0062,102.662,1248,81760,0.762201,0.72,2,889632,888384,1248
30961101,24.0054,95.829,1224,81760,0.756981,0.73,2,889656,888432,1224
30965481,24.0047,86.8504,1224,81760,0.750283,0.68,2,889680,888456,1224
30968401,24.0041,81.9941,1200,81760,0.742255,0.69,2,889704,888504,1200
30969861,24.0036,74.7448,1200,81760,0.733029,0.69,2,889728,888528,1200
30974241,24.0032,71.4017,1176,81760,0.722726,0.7,2,889752,888576,1176
30978621,24.0028,65.4765,1176,81760,0.711454,0.7,2,889776,888600,1176
31000521,24.001,39.4298,1152,81760,0.596188,0.75,1,889968,888816,1152
31001981,24.0008,37.5011,1152,81760,0.58057,0.75,1,889992,888840,1152
31004901,23.8757,35.8134,1151,81760,0.564513,0.75,1,890015,888864,1151
31006361,23.8913,34.3368,1151,81760,0.548061,0.75,1,890039,888888,1151
31054541,23.9049,33.0447,1151,81760,0.531255,0.74,1,890063,888912,1151
31057461,26.9167,31.9141,1175,83220,0.51213,0.74,1,890111,888936,1175
31060381,29.5522,33.9248,1175,84680,0.490917,0.74,1,890159,888984,1175
31062721,30.6081,35.6842,1165,86140,0.467825,0,1,890197,889032,1165
31062721,29.7821,31.2237,1189,86140,0.445043,0,1,890221,889032,1189
31062721,29.0594,27.3207,1213,86140,0.422538,0,1,890245,889032,1213
31062721,28.4269,23.9056,1237,86140,0.400284,0,1,890269,889032,1237
31062721,27.8736,20.9174,1261,86140,0.378256,0,1,890293,889032,1261
31062721,27.3894,18.3028,1285,86140,0.35643,0,1,890317,889032,1285
31062721,26.9657,16.0149,1309,86140,0.334787,0,1,890341,889032,1309
31062721,26.595,14.013,1333,86140,0.313309,0,1,890365,889032,1333
31062721,26.2706,12.2614,1357,86140,0.291978,0,1,890389,889032,1357
31062721,25.9868,10.7287,1381,86140,0.27078,0,1,890413,889032,1381
31062721,25.7384,9.38764,1405,86140,0.249702,0,1,890437,889032,1405
31062721,25.5211,8.21419,1429,86140,0.228732,0,1,890461,889032,1429
31062721,25.331,7.18742,1453,86140,0.207859,0,1,890485,889032,1453
31062721,25.1646,6.28899,1477,86140,0.187073,0,1,890509,889032,1477
31062721,25.019,5.50287,1501,86140,0.168365,0,1,890533,889032,1501
31062721,24.8917,4.81501,1525,86140,0.151529,0,1,890557,889032,1525
31062721,24.7802,4.21313,1549,86140,0.136376,0,1,890581,889032,1549
31062721,24.6827,3.68649,1573,86140,0.122738,0,1,890605,889032,1573
31062721,24.5973,3.22568,1597,86140,0.110465,0,1,890629,889032,1597
31062721,24.5227,2.82247,1621,86140,0.0994181,0,1,890653,889032,1621
31062721,24.4573,2.46966,1645,86140,0.0894763,0,1,890677,889032,1645
31062721,24.4002,2.16095,1669,86140,0.0805287,0,1,890701,889032,1669
31062721,24.3502,1.89083,1693,86140,0.0724758,0,1,890725,889032,1693
31062721,23.0564,1.65448,1707,86140,0.0652282,0,1,890739,889032,1707
31065641,65.2993,226.198,270,86140,0.153705,0,1,891100,890830,270
31068561,63.1369,197.923,318,87600,0.235335,0,1,891148,890830,318
31071481,61.2448,173.183,366,87600,0.308801,0,1,891196,890830,366
31074401,59.5892,151.535,414,87600,0.374921,0,1,891244,890830,414
31077321,58.1406,132.593,462,87600,0.434429,0,1,891292,890830,462
31080241,56.873,116.019,510,89060,0.489986,0,1,891340,890830,510
31083161,55.7639,101.516,558,89060,0.539988,0,1,891388,890830,558
31086081,54.7934,88.8269,606,89060,0.584989,0,1,891436,890830,606
31097761,51.9822,52.0687,798,90520,0.726982,0,2,891628,890830,798
31100681,51.4844,45.5601,846,90520,0.754284,0,2,891676,890830,846
31103601,51.0488,39.8651,894,90520,0.778856,0,2,891724,890830,894
31106521,50.6677,34.882,942,91980,0.80097,0,2,891772,890830,942
31109441,50.3343,30.5217,990,91980,0.820873,0,2,891820,890830,990
31112361,50.0425,26.7065,1038,91980,0.838786,0,2,891868,890830,1038
31115281,49.7872,23.3682,1086,91980,0.854907,0,2,891916,890830,1086
31118201,49.5638,20.4472,1134,91980,0.867416,0,2,891964,890830,1134
31121121,49.3683,17.8913,1182,91980,0.874675,0,2,892012,890830,1182
31124041,49.1973,15.6549,1230,93440,0.869207,0,2,892060,890830,1230
31126961,49.0476,13.698,1278,93440,0.862287,0,2,892108,890830,1278
31129881,48.9167,11.9858,1326,93440,0.854058,0,2,892156,890830,1326
31132801,48.8021,10.4875,1374,93440,0.844652,0,2,892204,890830,1374
31135721,48.7018,9.17659,1422,93440,0.834187,0,2,892252,890830,1422
31138641,48.6141,8.02952,1470,93440,0.820768,0,2,892300,890830,1470
31141561,48.5373,7.02583,1518,93440,0.804691,0,2,892348,890830,1518
31144481,48.4702,6.1476,1566,93440,0.786222,0,2,892396,890830,1566
31147401,48.4114,5.37915,1614,94900,0.7656,0,2,892444,890830,1614
31150321,48.36,4.70676,1662,94900,0.74304,0.95,2,892492,890830,1662
31153241,48.315,37.8684,1440,94900,0.718736,0.97,2,892540,891100,1440
31173681,48.1237,39.4276,1488,94900,0.711547,0.99,2,892876,891388,1488
31176601,48.1082,40.4992,1488,94900,0.740392,0.99,2,892924,891436,1488
31179521,48.0947,41.4368,1488,96360,0.766353,1,2,892972,891484,1488
31182441,48.0829,42.2572,1488,96360,0.789718,1,2,893020,891532,1488
31183901,48.0725,42.975,1488,96360,0.810746,1,2,893068,891580,1488
31183901,45.0634,37.6031,1512,96360,0.829671,0,2,893092,891580,1512
31183901,42.4305,32.9028,1536,96360,0.846704,0,2,893116,891580,1536
31183901,40.1267,28.7899,1560,94300,0.862034,1,2,893140,891580,1560
31183901,38.1109,25.1912,1584,93368,0.87583,0,2,893164,891580,1584
31183901,36.347,22.0423,1608,92901,0.888247,0,2,893188,891580,1608
31183901,34.8036,19.287,1632,92435,0.899423,0,2,893212,891580,1632
31183901,33.4532,16.8761,1656,91969,0.90948,0,2,893236,891580,1656
31183901,32.2715,14.7666,1680,91502,0.918532,0,2,893260,891580,1680
31183901,31.3626,12.9208,1705,91036,0.925679,0,2,893285,891580,1705
31183901,30.4423,11.3057,1729,90570,0.932111,0,2,893309,891580,1729
31183901,29.637,9.89247,1753,90103,0.9379,0,2,893333,891580,1753
31183901,27.6824,8.65591,1767,88177,0.94111,0,2,893347,891580,1767
31183901,27.2221,7.57392,1791,87902,0.943999,0,2,893371,891580,1791
31183901,26.8193,6.62718,1815,87436,0.944599,0,2,893395,891580,1815
31183901,26.4669,5.79878,1839,86970,0.945139,0,2,893419,891580,1839
31183901,26.1585,5.07394,1863,86503,0.945625,0,2,893443,891580,1863
31183901,25.8887,4.43969,1887,86037,0.944063,0,2,893467,891580,1887
31183901,25.6526,3.88473,1911,85571,0.942656,0,2,893491,891580,1911
31183901,25.446,3.39914,1935,85104,0.941391,0,2,893515,891580,1935
31183901,25.2653,2.97425,1959,84638,0.938252,0,2,893539,891580,1959
31183901,25.1071,2.60247,1983,84172,0.935427,0,2,893563,891580,1983
31183901,24.9687,2.27716,2007,83705,0.932884,0,2,893587,891580,2007
31183901,24.8476,1.99251,2031,83239,0.930596,0,2,893611,891580,2031
31183901,24.7417,1.74345,2055,82772,0.926536,0,2,893635,891580,2055
31183901,24.649,1.52552,2079,82306,0.922882,0,2,893659,891580,2079
31183901,24.5679,1.33483,2103,81840,0.919594,0,2,893683,891580,2103
31183901,24.4969,1.16798,2127,81373,0.914635,0,2,893707,891580,2127
31183901,24.4348,1.02198,2151,80907,0.910171,0,2,893731,891580,2151
31183901,24.3804,0.894231,2175,80441,0.906154,0,2,893755,891580,2175
31183901,24.3329,0.782452,2199,79974,0.900539,0,2,893779,891580,2199
31183901,24.2913,0.684646,2223,79508,0.895485,0,2,893803,891580,2223
31183901,24.2549,0.599065,2247,79042,0.890936,0,2,893827,891580,2247
31183901,24.223,0.524182,2271,78575,0.884843,0,2,893851,891580,2271
31183901,24.1951,0.458659,2295,78109,0.879358,0,2,893875,891580,2295
31183901,24.1707,0.401327,2319,77643,0.874423,0,2,893899,891580,2319
31183901,24.1494,0.351161,2343,77176,0.86798,0,2,893923,891580,2343
31183901,24.1307,0.307266,2367,76710,0.862182,0,2,893947,891580,2367
31183901,24.1144,0.268858,2391,76244,0.855964,0,2,893971,891580,2391
31183901,24.1001,0.23525,2415,75777,0.850368,0,2,893995,891580,2415
31183901,24.0876,0.205844,2439,75311,0.841331,0,2,894019,891580,2439
31183901,24.0766,0.180114,2463,74845,0.832198,0,2,894043,891580,2463
31183901,24.067,0.157599,2487,74378,0.824978,0,2,894067,891580,2487
31183901,24.0587,0.137899,2511,73912,0.81548,0,2,894091,891580,2511
31183901,24.0513,0.120662,2535,73446,0.807932,0,2,894115,891580,2535
31183901,24.0449,0.105579,2559,72979,0.802139,0,2,894139,891580,2559
31183901,24.0393,0.0923818,2583,72513,0.792925,0,2,894163,891580,2583
31183901,24.0344,0.0808341,2607,69780,0.781633,0,2,894187,891580,2607
31183901,24.0301,0.0707298,2631,68320,0.770469,0,2,894211,891580,2631
31183901,24.0263,0.0618886,2655,67160,0.757422,0,2,894235,891580,2655
31183901,24.023,0.0541525,2679,66860,0.74668,0,2,894259,891580,2679
31183901,24.0202,0.0473835,2703,66860,0.734012,0,2,894283,891580,2703
31183901,24.0176,0.0414605,2727,66860,0.722611,0,2,894307,891580,2727
31183901,24.0154,0.036278,2751,66860,0.71335,0,2,894331,891580,2751
31183901,24.0135,0.0317432,2775,66860,0.706015,0,2,894355,891580,2775
31275281,23.8562,3.02865,2059,42040,0.592189,0,1,895406,893347,2059
31275281,23.8741,2.65007,2083,42040,0.57797,0,1,895430,893347,2083
31275281,23.8899,2.31881,2107,42040,0.563173,0,1,895454,893347,2107
31275281,23.9036,2.02896,2131,42040,0.547856,0,1,895478,893347,2131
31275281,23.9157,1.77534,2155,42040,0.53207,0,1,895502,893347,2155
31275281,23.9262,1.55342,2179,42040,0.515863,0,1,895526,893347,2179
31284041,23.8104,145.359,1050,42040,0.499277,0.66,1,895549,894499,1050
31284041,23.8341,127.189,1074,68620,0.530349,0,1,895573,894499,1074
31284041,23.8549,111.291,1098,68620,0.556314,0,1,895597,894499,1098
31284041,23.873,97.3793,1122,68620,0.577683,0,1,895621,894499,1122
31284041,23.8889,85.2069,1146,68620,0.594915,0,1,895645,894499,1146
31340681,40.7586,56.0976,1098,73000,0.705969,0.69,2,896125,895027,1098
31343601,41.6638,55.0854,1098,73000,0.712372,0.69,2,896173,895075,1098
31346521,42.4558,54.1997,1098,73000,0.718135,0.35,2,896221,895123,1098
31349441,43.1489,100.675,720,73000,0.723321,0.35,2,896269,895549,720
31352361,43.7552,88.0904,768,74460,0.729989,0.35,2,896317,895549,768
31355281,44.2858,77.0791,816,74460,0.73599,0.35,2,896365,895549,816
31358201,44.7501,67.4442,864,74460,0.741391,0.35,2,896413,895549,864
31361121,45.1563,59.0137,912,74460,0.746252,0.35,2,896461,895549,912
31364041,45.5118,51.637,960,74460,0.750627,0.35,2,896509,895549,960
31366961,45.8228,45.1824,1008,74460,0.754564,0.35,2,896557,895549,1008
31369881,46.095,39.5346,1056,75920,0.760108,0.35,2,896605,895549,1056
31372801,46.3331,34.5927,1104,75920,0.765097,0.35,2,896653,895549,1104
31375721,46.5415,30.2687,1152,75920,0.769587,0.35,2,896701,895549,1152
31378641,46.7238,26.4851,1200,75920,0.773629,0.35,2,896749,895549,1200
31381561,46.8833,23.1744,1248,75920,0.777266,0.73,2,896797,895549,1248
31384481,47.0229,35.2776,1176,75920,0.780539,0.73,2,896845,895669,1176
31387401,47.145,39.8679,1152,75920,0.783485,0.73,2,896893,895741,1152
31390321,47.2519,34.8844,1200,77380,0.788137,0.75,2,896941,895741,1200
31393241,47.3454,36.5239,1200,77380,0.792323,0.75,2,896989,895789,1200
31396161,47.4272,37.9584,1200,77380,0.796091,0.75,2,897037,895837,1200
31399081,47.4988,39.2136,1200,77380,0.799482,0.75,2,897085,895885,1200
31402001,47.5615,40.3119,1200,77380,0.802534,0.75,2,897133,895933,1200
31404921,47.6163,41.2729,1200,77380,0.80528,0.77,2,897181,895981,1200
31407841,47.6643,42.1138,1200,77380,0.807752,0.77,2,897229,896029,1200
31410761,47.7062,42.8496,1200,77380,0.809977,0.77,2,897277,896077,1200
31413681,47.7429,43.4934,1200,78840,0.813979,0.77,2,897325,896125,1200
31416601,47.7751,44.0567,1200,78840,0.817581,0.77,2,897373,896173,1200
31419521,47.8032,44.5496,1200,78840,0.820823,0.77,2,897421,896221,1200
31422441,47.8278,44.9809,1200,78840,0.823741,0.77,2,897469,896269,1200
31425361,47.8493,39.3583,1248,78840,0.826367,0.79,2,897517,896269,1248
31428281,47.8682,40.4385,1248,78840,0.82873,0.79,2,897565,896317,1248
31431201,47.8846,41.3837,1248,78840,0.830857,0.79,2,897613,896365,1248
31434121,47.8991,42.2107,1248,78840,0.832771,0.79,2,897661,896413,1248
31437041,47.9117,42.9344,1248,78840,0.834494,0.79,2,897709,896461,1248
31439961,47.9227,43.5676,1248,78840,0.836045,0.79,2,897757,896509,1248
31442881,47.9324,44.1216,1248,78840,0.83744,0.81,2,897805,896557,1248
31445801,47.9408,44.6064,1248,78840,0.838696,0.81,2,897853,896605,1248
31448721,47.9482,45.0306,1248,78840,0.839827,0.81,2,897901,896653,1248
31451641,47.9547,45.4018,1248,78840,0.840844,0.81,2,897949,896701,1248
31454561,47.9604,45.7266,1248,80300,0.84376,0.81,2,897997,896749,1248
31457481,47.9653,46.0108,1248,80300,0.846384,0.81,2,898045,896797,1248
31460401,47.9697,46.2594,1248,80300,0.848745,0.81,2,898093,896845,1248
31463321,47.9734,46.477,1248,80300,0.850871,0.81,2,898141,896893,1248
31466241,47.9768,40.6674,1296,80300,0.852784,0.83,2,898189,896893,1296
31469161,47.9797,41.5839,1296,80300,0.854505,0.83,2,898237,896941,1296
31472081,47.9822,42.3859,1296,80300,0.856055,0.83,2,898285,896989,1296
31475001,47.9844,43.0877,1296,80300,0.857449,0.83,2,898333,897037,1296
31477921,47.9864,43.7017,1296,80300,0.858704,0.83,2,898381,897085,1296
31480841,47.9881,44.239,1296,80300,0.859834,0.83,2,898429,897133,1296
31483761,47.9896,44.7091,1296,80300,0.860851,0.83,2,898477,897181,1296
31486681,47.9909,45.1205,1296,80300,0.861766,0.83,2,898525,897229,1296
31489601,47.992,45.4804,1296,80300,0.862589,0.85,2,898573,897277,1296
31492521,47.993,45.7954,1296,80300,0.86333,0.85,2,898621,897325,1296
31495441,47.9939,46.071,1296,80300,0.863997,0.85,2,898669,897373,1296
31498361,47.9947,46.3121,1296,80300,0.864597,0.85,2,898717,897421,1296
31501281,47.9953,46.5231,1296,80300,0.865138,0.85,2,898765,897469,1296
31504201,47.9959,46.7077,1296,80300,0.865624,0.85,2,898813,897517,1296
31507121,47.9964,46.8692,1296,80300,0.866061,0.85,2,898861,897565,1296
31510041,47.9969,47.0106,1296,80300,0.866455,0.85,2,898909,897613,1296
31512961,47.9973,47.1343,1296,80300,0.86681,0.85,2,898957,897661,1296
31515881,47.9976,47.2425,1296,80300,0.867129,0.85,2,899005,897709,1296
31518801,47.9979,47.3372,1296,80300,0.867416,0.85,2,899053,897757,1296
31521721,47.9982,47.42,1296,80300,0.867674,0.85,2,899101,897805,1296
31524641,47.9984,47.4925,1296,80300,0.867907,0.85,2,899149,897853,1296
31527561,47.9986,47.556,1296,80300,0.868116,0.85,2,899197,897901,1296
31530481,47.9988,47.6115,1296,80300,0.868305,0.85,2,899245,897949,1296
31533401,47.9989,41.66,1344,81760,0.870474,0.87,2,899293,897949,1344
31536321,47.9991,42.4525,1344,81760,0.872427,0.87,2,899341,897997,1344
31539241,47.9992,43.146,1344,81760,0.874184,0.87,2,899389,898045,1344
31542161,47.9993,43.7527,1344,81760,0.875766,0.87,2,899437,898093,1344
31545081,47.9994,44.2836,1344,81760,0.877189,0.87,2,899485,898141,1344
31548001,47.9994,44.7482,1344,81760,0.87847,0.87,2,899533,898189,1344
31550921,47.9995,45.1546,1344,81760,0.879623,0.87,2,899581,898237,1344
31553841,47.9996,45.5103,1344,81760,0.880661,0.87,2,899629,898285,1344
31556761,47.9996,45.8215,1344,81760,0.881595,0.87,2,899677,898333,1344
31559681,47.9997,46.0938,1344,81760,0.882435,0.87,2,899725,898381,1344
31562601,47.9997,46.3321,1344,81760,0.883192,0.87,2,899773,898429,1344
31565521,47.9998,46.5406,1344,81760,0.883873,0.87,2,899821,898477,1344
31568441,47.9998,46.723,1344,81760,0.884485,0.87,2,899869,898525,1344
31571361,47.9998,46.8826,1344,81760,0.885037,0.87,2,899917,898573,1344
31574281,47.9998,47.0223,1344,83220,0.887533,0.87,2,899965,898621,1344
31577201,47.9999,47.1445,1344,83220,0.88978,0.87,2,900013,898669,1344
31580121,47.9999,47.2515,1344,83220,0.891802,0.87,2,900061,898717,1344
31583041,47.9999,47.345,1344,83220,0.893622,0.87,2,900109,898765,1344
31585961,47.9999,47.4269,1344,83220,0.895259,0.87,2,900157,898813,1344
31588881,47.9999,47.4985,1344,83220,0.896734,0.87,2,900205,898861,1344
31591801,47.9999,47.5612,1344,83220,0.89806,0.87,2,900253,898909,1344
31594721,47.9999,47.6161,1344,83220,0.899254,0.87,2,900301,898957,1344
31597641,47.9999,47.6641,1344,83220,0.900329,0.87,2,900349,899005,1344
31600561,48,47.7061,1344,84680,0.903296,0.87,2,900397,899053,1344
31603481,48,47.7428,1344,84680,0.905966,0.87,2,900445,899101,1344
31606401,48,47.7749,1344,84680,0.90837,0.87,2,900493,899149,1344
31609321,48,47.8031,1344,84680,0.910533,0.87,2,900541,899197,1344
31612241,48,47.8277,1344,84680,0.912479,0.89,2,900589,899245,1344
31615161,48,47.8492,1344,86140,0.916231,0.89,2,900637,899293,1344
31618081,48,47.8681,1344,86140,0.919608,0.89,2,900685,899341,1344
31621001,48,47.8846,1344,86140,0.922647,0.89,2,900733,899389,1344
31623921,48,47.899,1344,86140,0.922383,0.89,2,900781,899437,1344
31626841,48,47.9116,1344,86140,0.918144,0.89,2,900829,899485,1344
31629761,48,47.9227,1344,86140,0.91033,0.89,2,900877,899533,1344
31632681,48,47.9323,1344,87600,0.899297,0.89,2,900925,899581,1344
31635601,48,47.9408,1344,87600,0.885367,0.89,2,900973,899629,1344
31638521,48,47.9482,1344,87600,0.868831,0.89,2,901021,899677,1344
31641441,48,47.9547,1344,87600,0.849948,0.89,2,901069,899725,1344
31644361,48,47.9603,1344,89060,0.828953,0.89,2,901117,899773,1344
31647281,48,47.9653,1344,89060,0.806058,0.89,2,901165,899821,1344
31650201,48,47.9696,1344,89060,0.781452,0.89,2,901213,899869,1344
31653121,48,47.9734,1344,90520,0.755307,0.89,2,901261,899917,1344
31656041,48,41.9767,1392,90520,0.727776,0.91,2,901309,899917,1392
31670641,48,44.9106,1392,93440,0.573733,0.91,1,901549,900157,1392
31673561,48,45.2968,1392,93440,0.54036,0.91,1,901597,900205,1392
31676481,48,45.6347,1392,93440,0.506324,0.91,1,901645,900253,1392
31679401,48,45.9304,1392,94900,0.471691,0.91,1,901693,900301,1392
31682321,48,46.1891,1392,94900,0.436522,0.93,1,901741,900349,1392
31685241,48,46.4154,1392,96360,0.40087,0.93,1,901789,900397,1392
31688161,48,46.6135,1392,96360,0.364783,0.93,1,901837,900445,1392
31691081,48,46.7868,1392,97820,0.328305,0.93,1,901885,900493,1392
31694001,48,46.9385,1392,97820,0.295474,0.93,1,901933,900541,1392
31696921,48,47.0712,1392,97820,0.265927,0.93,1,901981,900589,1392
31699841,48,41.1873,1440,99280,0.239334,0.95,1,902029,900589,1440
31702761,48,42.0389,1440,99280,0.215401,0.95,1,902077,900637,1440
31704401,45.375,42.784,1419,100740,0.193861,0,1,902104,900685,1419
31707321,137.203,278.561,270,100740,0.274475,0,1,902884,902614,270
31710241,126.053,243.741,318,102200,0.347027,0,1,902932,902614,318
31713161,116.296,213.273,366,103660,0.412324,0,1,902980,902614,366
31716081,107.759,186.614,414,105120,0.471092,0,1,903028,902614,414
31719001,100.289,163.287,462,106580,0.523983,0,1,903076,902614,462
31721921,93.7531,142.876,510,108040,0.571584,0,1,903124,902614,510
31733601,74.8196,83.7515,702,113880,0.718917,0,2,903316,902614,702
31736521,71.4672,73.2826,750,115340,0.747025,0,2,903364,902614,750
31739441,68.5338,64.1223,798,116800,0.772322,0,2,903412,902614,798
31742361,65.967,56.107,846,118260,0.79309,0,2,903460,902614,846
31745281,63.7212,49.0936,894,119720,0.807781,0,2,903508,902614,894
31748201,61.756,42.9569,942,121180,0.817003,0,2,903556,902614,942
31751121,60.0365,37.5873,990,122640,0.821303,0,2,903604,902614,990
31754041,58.532,32.8889,1038,124100,0.821172,0,2,903652,902614,1038
31756961,57.2155,28.7778,1086,125560,0.817055,0,2,903700,902614,1086
31759881,56.0635,25.1806,1134,127020,0.80935,0,2,903748,902614,1134
31762801,55.0556,22.033,1182,128480,0.798415,0,2,903796,902614,1182
31765721,54.1736,19.2789,1230,129940,0.766573,0,2,903844,902614,1230
31768641,53.4019,16.869,1278,131400,0.735916,0,2,903892,902614,1278
31771561,52.7267,14.7604,1326,132860,0.700324,0,2,903940,902614,1326
31780321,51.1665,9.8883,1470,137240,0.572636,0,1,904084,902614,1470
31783241,50.7707,8.65226,1518,138700,0.531373,0,1,904132,902614,1518
31784701,50.4244,7.57073,1566,140160,0.492236,0,1,904180,902614,1566
31784701,47.1213,6.62439,1590,140160,0.456012,0,1,904204,902614,1590
31784701,44.2312,5.79634,1614,140160,0.422411,0,1,904228,902614,1614
31784701,41.8273,5.0718,1639,46360,0.39317,0.12,1,904253,902614,1639
31784701,39.5989,4.43782,1663,46360,0.367853,0,1,904277,902614,1663
31784701,37.649,3.88309,1687,46360,0.346067,0,1,904301,902614,1687
31784701,35.9429,3.39771,1711,44900,0.327461,0,1,904325,902614,1711
31784701,34.45,2.97299,1735,43440,0.311715,0,1,904349,902614,1735
31784701,33.1438,2.60137,1759,41980,0.298543,0,1,904373,902614,1759
31784701,32.0008,2.2762,1783,41980,0.287689,0,1,904397,902614,1783
31784701,31.0007,1.99167,1807,40520,0.27892,0,1,904421,902614,1807
31784701,30.1256,1.74271,1831,40520,0.272028,0,1,904445,902614,1831
31784701,29.3599,1.52488,1855,40520,0.266825,0,1,904469,902614,1855
31784701,28.6899,1.33427,1879,40520,0.263143,0,1,904493,902614,1879
31784701,28.1037,1.16748,1903,39060,0.260828,0,1,904517,902614,1903
31784701,27.5907,1.02155,1927,39060,0.259746,0,1,904541,902614,1927
31784701,27.1419,0.893854,1951,39060,0.258771,0,1,904565,902614,1951
31784701,26.7491,0.782122,1975,39060,0.257894,0,1,904589,902614,1975
31784701,26.4055,0.684357,1999,37600,0.257105,0,1,904613,902614,1999
31784701,26.1048,0.598812,2023,37600,0.256394,0,1,904637,902614,2023
31784701,25.8417,0.523961,2047,36140,0.255755,0,1,904661,902614,2047
31784701,25.6115,0.458466,2071,36140,0.255179,0,1,904685,902614,2071
31784701,25.4101,0.401157,2095,36140,0.254661,0,1,904709,902614,2095
31784701,25.2338,0.351013,2119,36140,0.254195,0,1,904733,902614,2119
31784701,24.3296,0.307136,2137,34680,0.252776,0,1,904751,902614,2137
31790541,24.2884,202.019,547,34320,0.249498,0.13,1,904775,904228,547
31793461,24.2523,179.891,546,36140,0.244548,0.14,1,904799,904253,546
31796381,24.2208,160.405,546,36140,0.238093,0.15,1,904823,904277,546
31800761,24.1932,143.354,546,36140,0.230284,0.16,1,904847,904301,546
31808061,24.169,128.435,546,36140,0.221256,0.2,1,904871,904325,546
31808061,24.1479,112.381,570,31760,0.21113,0,1,904895,904325,570
31808061,24.1294,98.3331,594,31760,0.200017,0,1,904919,904325,594
31808061,24.1132,86.0415,618,31760,0.188015,0,1,904943,904325,618
31815361,24.0991,87.2863,546,31760,0.175214,0.24,1,904967,904421,546
31815361,24.0867,76.3755,570,27380,0.161692,0,1,904991,904421,570
31815361,24.0759,66.8286,594,27380,0.147523,0,1,905015,904421,594
31815361,24.0664,58.475,618,27380,0.132771,0,1,905039,904421,618
31819741,24.0581,63.1656,546,27380,0.119494,0.25,1,905063,904517,546
31819741,24.0508,55.2699,570,25920,0.107544,0,1,905087,904517,570
31827041,24.0445,54.3612,546,25920,0.09679,0.25,1,905111,904565,546
31827041,24.0389,47.566,570,21540,0.087111,0,1,905135,904565,570
31827041,24.034,41.6203,594,21540,0.0783999,0,1,905159,904565,594
31827041,24.0298,36.4177,618,21540,0.0705599,0,1,905183,904565,618
31831421,23.9011,43.8655,545,21540,0.0635039,0.25,1,905206,904661,545
31831421,23.9134,38.3823,569,20080,0.0571535,0,1,905230,904661,569
31835441,23.9243,39.5845,545,20080,0.0514382,0,1,905254,904709,545
31835441,23.1837,34.6365,563,97820,0.0462944,0,1,905272,904709,563
31838361,455.036,501.682,270,97820,0.141665,0,1,908750,908480,270
31841281,404.156,438.972,318,99280,0.227498,0,1,908798,908480,318
31844201,359.637,384.1,366,100740,0.304749,0,1,908846,908480,366
31847121,320.682,336.088,414,102200,0.374274,0,1,908894,908480,414
31850041,286.597,294.077,462,103660,0.436846,0,1,908942,908480,462
31852961,256.772,257.317,510,105120,0.493162,0,1,908990,908480,510
31855881,230.676,225.152,558,106580,0.543846,0,1,909038,908480,558
31858801,207.841,197.008,606,108040,0.589461,0,1,909086,908480,606
31867561,155.081,131.98,750,112420,0.700717,0,2,909230,908480,750
31870481,141.696,115.483,798,112420,0.730645,0,2,909278,908480,798
31873401,129.984,101.047,846,113880,0.757581,0,2,909326,908480,846
31876321,119.736,88.4165,894,113880,0.781823,0,2,909374,908480,894
31879241,110.769,77.3644,942,115340,0.80364,0,2,909422,908480,942
31882161,102.923,67.6939,990,115340,0.823276,0,2,909470,908480,990
31885081,96.0575,59.2321,1038,116800,0.840949,0,2,909518,908480,1038
31888001,90.0503,51.8281,1086,116800,0.856854,0,2,909566,908480,1086
31890921,84.794,45.3496,1134,116800,0.871168,0,2,909614,908480,1134
31893841,80.1948,39.6809,1182,118260,0.884052,0,2,909662,908480,1182
31896761,76.1704,34.7208,1230,118260,0.875647,0,2,909710,908480,1230
31899681,72.6491,30.3807,1278,119720,0.866082,0,2,909758,908480,1278
31902601,69.568,26.5831,1326,119720,0.855474,0,2,909806,908480,1326
31905521,66.872,23.2602,1374,119720,0.837926,0,2,909854,908480,1374
31908441,64.513,20.3527,1422,121180,0.814134,0,2,909902,908480,1422
31911361,62.4489,17.8086,1470,121180,0.78472,0,2,909950,908480,1470
31914281,60.6428,15.5825,1518,121180,0.752248,0,2,909998,908480,1518
31917201,59.0624,13.6347,1566,122640,0.721023,0,2,910046,908480,1566
31918661,57.6796,11.9304,1614,122640,0.737921,0,2,910094,908480,1614
31918661,53.4697,10.4391,1638,122640,0.756129,0,2,910118,908480,1638
31918661,49.786,9.13419,1662,122640,0.770516,0,2,910142,908480,1662
31918661,46.6877,7.99242,1687,119900,0.782464,0.9,2,910167,908480,1687
31918661,43.8517,6.99336,1711,118970,0.792218,0,2,910191,908480,1711
31918661,41.3703,6.11919,1735,118505,0.798996,0,2,910215,908480,1735
31918661,39.199,5.35429,1759,116580,0.802097,0,2,910239,908480,1759
31918661,37.2991,4.68501,1783,114654,0.805887,0,2,910263,908480,1783
31918661,35.6367,4.09938,1807,112729,0.808298,0,2,910287,908480,1807
31918661,34.1821,3.58696,1831,110804,0.809468,0,2,910311,908480,1831
31918661,32.9094,3.13859,1855,110339,0.811522,0,2,910335,908480,1855
31918661,31.7957,2.74627,1879,109874,0.814369,0,2,910359,908480,1879
31918661,30.8212,2.40298,1903,107948,0.815932,0,2,910383,908480,1903
31918661,29.9686,2.10261,1927,103103,0.818339,0,2,910407,908480,1927
31918661,29.2225,1.83978,1951,102638,0.821505,0,2,910431,908480,1951
31918661,28.5697,1.60981,1975,99253,0.823355,0,2,910455,908480,1975
31918661,27.2485,1.40858,1993,97328,0.826019,0,2,910473,908480,1993
31918661,26.8424,1.23251,2017,96977,0.829417,0,2,910497,908480,2017
31918661,26.4871,1.07845,2041,93592,0.831476,0,2,910521,908480,2041
31918661,26.1762,0.943641,2065,90207,0.834328,0,2,910545,908480,2065
31918661,25.9042,0.825686,2089,89741,0.837895,0,2,910569,908480,2089
31918661,25.6662,0.722475,2113,86356,0.840106,0,2,910593,908480,2113
31918661,25.4579,0.632166,2137,84680,0.841095,0,2,910617,908480,2137
31918661,25.2757,0.553145,2161,82300,0.841986,0,2,910641,908480,2161
31918661,25.1162,0.484002,2185,82300,0.842787,0,2,910665,908480,2185
31918661,24.9767,0.423502,2209,80840,0.843508,0,2,910689,908480,2209
31918661,24.8546,0.370564,2233,80840,0.844158,0,2,910713,908480,2233
31918661,24.7478,0.324244,2257,79380,0.844742,0,2,910737,908480,2257
31918661,24.6543,0.283713,2281,79380,0.845268,0,2,910761,908480,2281
31918661,24.5725,0.248249,2305,77920,0.845741,0,2,910785,908480,2305
31918661,24.5009,0.217218,2329,77920,0.846167,0,2,910809,908480,2329
31918661,22.5633,0.190066,2338,76460,0.84655,0,2,910818,908480,2338
31918661,22.7429,0.166307,2362,76460,0.844895,0,2,910842,908480,2362
31918661,22.9,0.145519,2386,75920,0.843406,0,2,910866,908480,2386
31918661,23.0375,0.127329,2410,75920,0.842065,0,2,910890,908480,2410
31918661,23.1579,0.111413,2434,75920,0.840859,0,2,910914,908480,2434
31918661,23.2631,0.0974864,2458,75920,0.839773,0,2,910938,908480,2458
31918661,23.3552,0.0853006,2482,75920,0.838795,0,2,910962,908480,2482
31918661,23.4358,0.074638,2506,75920,0.837916,0,2,910986,908480,2506
31918661,23.5063,0.0653082,2530,75920,0.836124,0,2,911010,908480,2530
31918661,23.5681,0.0571447,2554,75360,0.834512,0,2,911034,908480,2554
31918661,23.622,0.0500016,2578,75360,0.833061,0,2,911058,908480,2578
31918661,23.6693,0.0437514,2602,75360,0.831755,0,2,911082,908480,2602
31918661,23.7106,0.0382825,2626,75360,0.830579,0,2,911106,908480,2626
31918661,23.7468,0.0334972,2650,75360,0.829521,0,2,911130,908480,2650
31918661,23.7785,0.02931,2674,75360,0.828569,0,2,911154,908480,2674
31918661,23.8061,0.0256463,2698,75360,0.827712,0,2,911178,908480,2698
31918661,23.8304,0.0224405,2722,75360,0.826941,0,2,911202,908480,2722
31918661,23.8516,0.0196354,2746,75360,0.826247,0,2,911226,908480,2746
31918661,23.8701,0.017181,2770,75360,0.825622,0,2,911250,908480,2770
31918661,23.8864,0.0150334,2794,75360,0.82506,0,2,911274,908480,2794
31918661,23.9006,0.0131542,2818,75360,0.824554,0,2,911298,908480,2818
31918661,23.913,0.0115099,2842,75360,0.824099,0,2,911322,908480,2842
31918661,23.9239,0.0100712,2866,75360,0.823689,0,2,911346,908480,2866
31918661,23.9334,0.00881229,2890,75360,0.82332,0,2,911370,908480,2890
31918661,23.9417,0.00771075,2914,75360,0.822988,0,2,911394,908480,2914
31918661,23.949,0.00674691,2938,75360,0.822689,0,2,911418,908480,2938
31918661,23.9554,0.00590355,2962,75360,0.82242,0,2,911442,908480,2962
31918661,23.961,0.0051656,2986,75360,0.822178,0,2,911466,908480,2986
31918661,23.9658,0.0045199,3010,75360,0.82196,0,2,911490,908480,3010
31918661,23.9701,0.00395491,3034,75360,0.821764,0,2,911514,908480,3034
31918661,23.9738,0.00346055,3058,75360,0.821588,0,2,911538,908480,3058
31918661,23.9771,0.00302798,3082,75360,0.821429,0,2,911562,908480,3082
31924501,23.98,207.753,1444,75360,0.821286,0.83,2,911586,910142,1444
31924501,23.9825,181.784,1468,84680,0.826158,0,2,911610,910142,1468
31927421,23.9847,171.186,1395,79180,0.830542,0.84,2,911634,910239,1395
31930341,23.9866,152.787,1395,84680,0.841488,0.82,2,911658,910263,1395
31933261,23.9883,139.689,1371,84680,0.851339,0.83,2,911682,910311,1371
31939101,23.9897,125.228,1371,84680,0.860205,0.83,2,911706,910335,1371
31942021,23.991,115.574,1347,84680,0.868185,0.84,2,911730,910383,1347
31943481,23.9921,104.128,1347,84680,0.875366,0.84,2,911754,910407,1347
31944941,23.9931,97.1116,1323,84680,0.881829,0.85,2,911778,910455,1323
31949321,23.994,87.2227,1329,84680,0.887646,0.85,2,911802,910473,1329
31950781,23.9947,82.3198,1305,84680,0.892882,0.86,2,911826,910521,1305
31953701,23.9954,75.0299,1305,84680,0.897594,0.85,2,911850,910545,1305
31958081,23.996,74.6511,1257,84680,0.901834,0.85,2,911874,910617,1257
31959541,23.9965,68.3197,1257,84680,0.905651,0.85,2,911898,910641,1257
31962461,23.9969,62.7798,1257,84680,0.909086,0.85,2,911922,910665,1257
31963921,23.9973,57.9323,1257,84680,0.912177,0.85,2,911946,910689,1257
31967941,23.9976,53.6908,1257,84680,0.914959,0.85,2,911970,910713,1257
31969401,23.9979,49.9794,1257,84380,0.917464,0.85,2,911994,910737,1257
31973781,23.9982,46.732,1257,84680,0.920717,0.85,2,912018,910761,1257
31978161,23.9984,43.8905,1257,84680,0.923645,0.85,2,912042,910785,1257
31982541,23.9986,41.4042,1257,84680,0.926281,0.83,2,912066,910809,1257
31986921,23.9988,40.3537,1248,84680,0.928653,0.83,2,912090,910842,1248
31991301,23.8739,38.3095,1247,84680,0.930788,0.83,2,912113,910866,1247
32044401,23.8897,36.5208,1247,84680,0.932709,0.82,2,912137,910890,1247
32047321,26.9035,34.9557,1271,86140,0.939438,0.82,2,912185,910914,1271
32049681,28.4155,36.5862,1262,87600,0.945494,0.87,2,912224,910962,1262
32078241,40.5519,48.6367,1410,93440,0.935484,0.95,2,913428,912018,1410
32081161,41.4829,48.5571,1410,93440,0.916936,0.95,2,913476,912066,1410
32084081,42.2976,48.3625,1411,93440,0.902242,0.95,2,913524,912113,1411
32087001,43.0104,45.3172,1435,93440,0.891018,0.95,2,913572,912137,1435
32089921,43.6341,39.6525,1483,93440,0.882916,0.95,2,913620,912137,1483
32092841,44.1798,34.696,1531,94900,0.874624,0.95,2,913668,912137,1531
32095761,44.6573,30.359,1579,94900,0.865162,0.95,2,913716,912137,1579
32098681,45.0752,26.5641,1627,94900,0.854646,0.95,2,913764,912137,1627
32101601,45.4408,23.2436,1675,94900,0.843181,0.95,2,913812,912137,1675
32101601,42.7607,20.3381,1699,94900,0.831863,0,2,913836,912137,1699
32101601,40.4156,17.7959,1723,94900,0.820677,0,2,913860,912137,1723
32101601,38.3636,15.5714,1747,94900,0.809609,0,2,913884,912137,1747
32101601,36.5682,13.625,1771,74740,0.800648,0.71,2,913908,912137,1771
32101601,34.9972,11.9218,1795,74245,0.791583,0,2,913932,912137,1795
32101601,33.6225,10.4316,1819,73998,0.784425,0,2,913956,912137,1819
32101601,32.4197,9.12766,1843,73750,0.778983,0,2,913980,912137,1843
32101601,31.3672,7.9867,1867,73502,0.775084,0,2,914004,912137,1867
32101601,30.4463,6.98836,1891,73255,0.770576,0,2,914028,912137,1891
32101601,29.7655,6.11482,1916,73007,0.767518,0,2,914053,912137,1916
32101601,29.0449,5.35047,1940,72824,0.764766,0,2,914077,912137,1940
32101601,28.4142,4.68166,1964,72576,0.76229,0,2,914101,912137,1964
32101601,27.8625,4.09645,1988,70869,0.758061,0,2,914125,912137,1988
32101601,27.3797,3.58439,2012,70621,0.750255,0,2,914149,912137,2012
32101601,26.9572,3.13634,2036,70373,0.744229,0,2,914173,912137,2036
32101601,26.5875,2.7443,2060,70126,0.739806,0,2,914197,912137,2060
32101601,26.2641,2.40126,2084,69878,0.736826,0,2,914221,912137,2084
32101601,25.9811,2.10111,2108,68170,0.735143,0,2,914245,912137,2108
32101601,25.7335,1.83847,2132,67923,0.733629,0,2,914269,912137,2132
32101601,25.5168,1.60866,2156,67675,0.730266,0,2,914293,912137,2156
32101601,25.3272,1.40758,2180,65700,0.725239,0,2,914317,912137,2180
32101601,25.1613,1.23163,2204,64900,0.720715,0,2,914341,912137,2204
32101601,25.0161,1.07768,2228,64900,0.716644,0,2,914365,912137,2228
32101601,24.8891,0.942967,2252,64900,0.711979,0,2,914389,912137,2252
32101601,24.778,0.825096,2276,64900,0.708781,0,2,914413,912137,2276
32101601,24.6807,0.721959,2300,64900,0.704903,0,2,914437,912137,2300
32101601,24.5956,0.631714,2324,64900,0.702413,0,2,914461,912137,2324
32180721,23.514,88.1288,1138,67160,0.599659,0,1,915287,914149,1138
32180721,23.5747,77.1127,1162,67160,0.585693,0,1,915311,914149,1162
32180721,23.6279,67.4736,1186,67160,0.571124,0,1,915335,914149,1186
32180721,23.6744,59.0394,1210,67160,0.556011,0,1,915359,914149,1210
32180721,23.7151,51.6595,1234,67160,0.54041,0,1,915383,914149,1234
32180721,23.7507,45.202,1258,67160,0.524369,0,1,915407,914149,1258
32180721,23.7819,39.5518,1282,67160,0.507932,0,1,915431,914149,1282
32180721,23.8091,34.6078,1306,67160,0.491139,0,1,915455,914149,1306
32180721,23.833,30.2818,1330,67160,0.474025,0,1,915479,914149,1330
32180721,23.8539,26.4966,1354,67160,0.456623,0,1,915503,914149,1354
32180721,23.8721,23.1845,1378,67160,0.43896,0,1,915527,914149,1378
32180721,23.8881,20.2865,1402,67160,0.421064,0,1,915551,914149,1402
32180721,23.9021,17.7507,1426,67160,0.402958,0,1,915575,914149,1426
32180721,23.9143,15.5318,1450,67160,0.384662,0,1,915599,914149,1450
32180721,23.925,13.5903,1474,67160,0.366196,0,1,915623,914149,1474
32180721,23.9344,11.8916,1498,67160,0.347576,0,1,915647,914149,1498
32180721,23.9426,10.4051,1522,67160,0.328819,0,1,915671,914149,1522
32180721,23.9498,9.10447,1546,67160,0.309937,0,1,915695,914149,1546
32180721,23.9561,7.96641,1570,67160,0.290943,0,1,915719,914149,1570
32180721,23.9616,6.97061,1594,67160,0.271849,0,1,915743,914149,1594
32180721,23.9664,6.09928,1618,67160,0.252664,0,1,915767,914149,1618
32180721,23.9706,5.33687,1642,67160,0.233398,0,1,915791,914149,1642
32180721,23.9742,4.66976,1666,67160,0.214058,0,1,915815,914149,1666
32180721,23.9775,4.08604,1690,67160,0.194652,0,1,915839,914149,1690
32180721,23.9803,3.57529,1714,67160,0.175187,0,1,915863,914149,1714
32180721,23.9827,3.12838,1738,67160,0.157668,0,1,915887,914149,1738
32180721,23.9849,2.73733,1762,67160,0.141901,0,1,915911,914149,1762
32180721,23.9868,2.39516,1786,67160,0.127711,0,1,915935,914149,1786
32180721,23.9884,2.09577,1810,67160,0.11494,0,1,915959,914149,1810
32180721,23.9899,1.8338,1834,67160,0.103446,0,1,915983,914149,1834
32180721,23.9912,1.60457,1858,67160,0.0931015,0,1,916007,914149,1858
32180721,23.9923,1.404,1882,67160,0.0837913,0,1,916031,914149,1882
32180721,23.9932,1.2285,1906,67160,0.0754122,0,1,916055,914149,1906
32180721,23.9941,1.07494,1930,67160,0.067871,0,1,916079,914149,1930
32180721,22.3698,0.940571,1941,67160,0.0610839,0,1,916090,914149,1941
32183641,754.949,945.073,270,67160,0.123975,0,1,921973,921703,270
32186561,666.58,826.939,318,68620,0.182578,0,1,922021,921703,318
32189481,589.258,723.572,366,70080,0.23732,0,1,922069,921703,366
32192401,521.6,633.125,414,71540,0.288588,0,1,922117,921703,414
32195321,462.4,553.984,462,73000,0.336729,0,1,922165,921703,462
32198241,410.6,484.736,510,74460,0.382056,0,1,922213,921703,510
32201161,365.275,424.144,558,75920,0.424851,0,1,922261,921703,558
32204081,325.616,371.126,606,77380,0.465366,0,1,922309,921703,606
32207001,290.914,324.736,654,78840,0.503829,0,1,922357,921703,654
32209921,260.55,284.144,702,80300,0.540446,0,1,922405,921703,702
32212841,233.981,248.626,750,81760,0.575402,0,1,922453,921703,750
32224521,157.019,145.74,942,87600,0.70169,0,2,922645,921703,942
32227441,143.391,127.522,990,89060,0.730521,0,2,922693,921703,990
32230361,131.467,111.582,1038,90520,0.757469,0,2,922741,921703,1038
32233281,121.034,97.6343,1086,91980,0.781722,0,2,922789,921703,1086
32236201,111.905,85.43,1134,93440,0.80355,0,2,922837,921703,1134
32239121,103.917,74.7512,1182,94900,0.823195,0,2,922885,921703,1182
32242041,96.927,65.4073,1230,96360,0.840875,0,2,922933,921703,1230
32244961,90.8112,57.2314,1278,97820,0.856788,0,2,922981,921703,1278
32247881,85.4598,50.0775,1326,99280,0.871109,0.69,2,923029,921703,1326
32250801,80.7773,77.5678,1104,100740,0.883998,0.69,2,923077,921973,1104
32253721,76.6801,67.8718,1152,102200,0.895598,0.71,2,923125,921973,1152
32256641,73.0951,65.3878,1152,103660,0.906038,0.73,2,923173,922021,1152
32259561,69.9582,63.2144,1152,105120,0.915435,0.73,2,923221,922069,1152
32262481,67.2134,55.3126,1200,106580,0.923891,0.75,2,923269,922069,1200
32265401,64.8118,54.3985,1200,108040,0.931502,0.77,2,923317,922117,1200
32268321,62.7103,53.5987,1200,109500,0.938352,0.77,2,923365,922165,1200
32271241,60.8715,46.8989,1248,110960,0.944517,0.79,2,923413,922165,1248
32319421,46.1635,31.3661,1512,135780,0.948668,0,2,924253,922741,1512
32319421,43.3931,27.4453,1536,135780,0.934802,0,2,924277,922741,1536
32319421,41.0939,24.0147,1561,126280,0.920322,0.81,2,924302,922741,1561
32319421,38.9572,21.0128,1585,125481,0.903289,0,2,924326,922741,1585
32319421,37.0876,18.3862,1609,125082,0.88596,0,2,924350,922741,1609
32319421,35.4516,16.088,1633,123222,0.866364,0,2,924374,922741,1633
32319421,34.0202,14.077,1657,121363,0.846728,0,2,924398,922741,1657
32319421,32.7676,12.3173,1681,119503,0.827055,0,2,924422,922741,1681
32319421,31.6717,10.7777,1705,117643,0.80735,0,2,924446,922741,1705
32319421,30.7127,9.43046,1729,115784,0.785615,0,2,924470,922741,1729
32319421,29.8736,8.25166,1753,112464,0.764053,0,2,924494,922741,1753
32319421,29.1394,7.2202,1777,110605,0.742648,0,2,924518,922741,1777
32319421,28.497,6.31767,1801,107285,0.722383,0,2,924542,922741,1801
32319421,27.9349,5.52796,1825,105425,0.705145,0,2,924566,922741,1825
32319421,23.2723,0.382584,2297,60580,0.599363,0,1,925038,922741,2297
32319421,23.3633,0.334761,2321,60580,0.595427,0,1,925062,922741,2321
32319421,23.4429,0.292916,2345,58140,0.591884,0,1,925086,922741,2345
32319421,21.0125,0.256301,2349,58140,0.590696,0,1,925090,922741,2349
32319421,21.386,0.224263,2373,56060,0.588626,0,1,925114,922741,2373
32319421,21.7127,0.196231,2397,55860,0.586763,0,1,925138,922741,2397
32319421,19.4986,0.171702,2401,55860,0.585087,0,1,925142,922741,2401
32319421,20.0613,0.150239,2425,55860,0.581578,0,1,925166,922741,2425
32319421,20.5536,0.131459,2449,55660,0.57842,0,1,925190,922741,2449
32319421,18.4844,0.115027,2453,55660,0.577578,0,1,925194,922741,2453
32319421,19.1739,0.100648,2477,55660,0.574821,0,1,925218,922741,2477
32319421,19.7771,0.0880673,2501,55460,0.572339,0,1,925242,922741,2501
32319421,17.805,0.0770589,2505,55460,0.572105,0,1,925246,922741,2505
32319421,18.5794,0.0674266,2529,55460,0.569894,0,1,925270,922741,2529
32319421,17.507,0.0589982,2539,55260,0.569905,0,1,925280,922741,2539
32319421,18.3186,0.0516235,2563,55260,0.567914,0,1,925304,922741,2563
32319421,17.2788,0.0451705,2573,54640,0.566123,0,1,925314,922741,2573
32325261,18.1189,192.04,1061,54640,0.562511,0.75,1,925338,924277,1061
32328181,18.854,174.16,1036,65800,0.57426,0.69,1,925362,924326,1036
32331101,19.4973,158.39,1012,66320,0.586834,0.67,1,925386,924374,1012
32334021,20.0601,141.591,1012,65800,0.59715,0.65,1,925410,924398,1012
32460701,30.9793,15.4942,1120,100740,0.713737,0.69,2,926530,925410,1120
32463621,33.1069,19.5574,1120,102200,0.742363,0.69,2,926578,925458,1120
32466541,34.9685,23.1127,1120,103660,0.768127,0.69,2,926626,925506,1120
32469461,36.5975,26.2237,1120,105120,0.791314,0.69,2,926674,925554,1120
32472381,38.0228,28.9457,1120,105120,0.812183,0.69,2,926722,925602,1120
32475301,39.2699,31.3275,1120,105120,0.830964,0.69,2,926770,925650,1120
32478221,40.3612,33.4115,1120,105120,0.847868,0.69,2,926818,925698,1120
32481141,41.316,35.2351,1120,106580,0.863081,0.69,2,926866,925746,1120
32484061,42.1515,36.8307,1120,106580,0.876773,0.69,2,926914,925794,1120
32486981,42.8826,38.2269,1120,106580,0.889096,0.69,2,926962,925842,1120
32489901,43.5223,39.4485,1120,106580,0.900186,0.69,2,927010,925890,1120
32492821,44.082,40.5175,1120,108040,0.910168,0.69,2,927058,925938,1120
32493761,43.4467,41.4528,1111,108040,0.919151,0.61,2,927097,925986,1111
32493761,41.0159,36.2712,1135,108040,0.927236,0,2,927121,925986,1135
32493761,38.8889,31.7373,1159,108040,0.934512,0,2,927145,925986,1159
32493761,37.0278,27.7701,1183,108040,0.941061,0,2,927169,925986,1183
32493761,35.3993,24.2989,1207,108040,0.946955,0,2,927193,925986,1207
32514201,39.0796,30.695,1285,112420,0.933338,0.61,2,927779,926494,1285
32517121,40.1946,26.8581,1333,112420,0.913004,0.61,2,927827,926494,1333
32520041,41.1703,23.5009,1381,113880,0.898704,0.61,2,927875,926494,1381
32522961,42.024,20.5633,1429,113880,0.887834,0.61,2,927923,926494,1429
32525881,42.771,17.9928,1477,113880,0.88005,0.61,2,927971,926494,1477
32528801,43.4246,15.7437,1525,115340,0.877045,0.61,2,928019,926494,1525
32531721,43.9966,13.7758,1573,115340,0.873341,0.61,2,928067,926494,1573
32534641,44.497,12.0538,1621,115340,0.868007,0.61,2,928115,926494,1621
32536101,44.9349,10.5471,1669,116800,0.861206,0.61,2,928163,926494,1669
32536101,42.318,9.22869,1693,116800,0.854085,0,2,928187,926494,1693
32536101,40.0283,8.0751,1717,116800,0.846677,0,2,928211,926494,1717
32536101,38.0247,7.06572,1741,100960,0.841009,0.78,2,928235,926494,1741
32536101,36.2716,6.1825,1765,100307,0.834908,0,2,928259,926494,1765
32536101,34.7377,5.40969,1789,99980,0.830417,0,2,928283,926494,1789
32536101,33.3955,4.73348,1813,99653,0.827376,0,2,928307,926494,1813
32536101,32.221,4.14179,1837,99326,0.823638,0,2,928331,926494,1837
32536101,31.1934,3.62407,1861,99000,0.821274,0,2,928355,926494,1861
32536101,30.2942,3.17106,1885,98673,0.820147,0,2,928379,926494,1885
32536101,29.6325,2.77468,1910,98346,0.817132,0,2,928404,926494,1910
32536101,28.9284,2.42784,1934,98019,0.811419,0,2,928428,926494,1934
32536101,28.3123,2.12436,1958,97692,0.807277,0,2,928452,926494,1958
32536101,27.7733,1.85882,1982,95906,0.801549,0,2,928476,926494,1982
32536101,27.3016,1.62647,2006,95579,0.795394,0,2,928500,926494,2006
32536101,26.8889,1.42316,2030,95252,0.790855,0,2,928524,926494,2030
32536101,26.5278,1.24526,2054,94925,0.783769,0,2,928548,926494,2054
32536101,26.2118,1.0896,2078,93138,0.778393,0,2,928572,926494,2078
32536101,25.9354,0.953404,2102,92811,0.774553,0,2,928596,926494,2102
32536101,25.6934,0.834229,2126,92485,0.772098,0,2,928620,926494,2126
32536101,25.4818,0.72995,2150,92158,0.768888,0,2,928644,926494,2150
32536101,25.2965,0.638706,2174,90371,0.766999,0,2,928668,926494,2174
32536101,25.1345,0.558868,2198,90044,0.766299,0,2,928692,926494,2198
32536101,24.9927,0.489009,2222,88257,0.766669,0,2,928716,926494,2222
32536101,24.8686,0.427883,2246,86471,0.768003,0,2,928740,926494,2246
32536101,24.76,0.374398,2270,86144,0.768202,0,2,928764,926494,2270
32536101,24.665,0.327598,2294,84357,0.769382,0,2,928788,926494,2294
32536101,24.5819,0.286648,2318,81760,0.769444,0,2,928812,926494,2318
32536101,24.5091,0.250817,2342,80520,0.770499,0,2,928836,926494,2342
32536101,24.4455,0.219465,2366,79060,0.772449,0,2,928860,926494,2366
32536101,24.3898,0.192032,2390,79060,0.775205,0,2,928884,926494,2390
32536101,24.3411,0.168028,2414,79060,0.778684,0,2,928908,926494,2414
32536101,24.2985,0.147025,2438,79060,0.782816,0,2,928932,926494,2438
32536101,24.2611,0.128646,2462,79060,0.787534,0,2,928956,926494,2462
32536101,24.2285,0.112566,2486,79060,0.792781,0,2,928980,926494,2486
32536101,24.1999,0.0984949,2510,79060,0.798503,0,2,929004,926494,2510
32536101,24.1749,0.0861831,2534,79060,0.804652,0,2,929028,926494,2534
32536101,24.1531,0.0754102,2558,79060,0.811187,0,2,929052,926494,2558
32536101,24.1339,0.0659839,2582,79060,0.818068,0,2,929076,926494,2582
32536101,24.1172,0.0577359,2606,79060,0.823262,0,2,929100,926494,2606
32536101,24.1026,0.0505189,2630,77740,0.827935,0,2,929124,926494,2630
32536101,24.0897,0.0442041,2654,77740,0.832142,0,2,929148,926494,2654
32536101,24.0785,0.0386786,2678,77740,0.835928,0,2,929172,926494,2678
32536101,24.0687,0.0338437,2702,77740,0.839335,0,2,929196,926494,2702
32536101,24.0601,0.0296133,2726,77740,0.842401,0,2,929220,926494,2726
32536101,24.0526,0.0259116,2750,77740,0.845161,0,2,929244,926494,2750
32536101,24.046,0.0226727,2774,77740,0.847645,0,2,929268,926494,2774
32536101,24.0403,0.0198386,2798,77740,0.849881,0,2,929292,926494,2798
32536101,24.0352,0.0173588,2822,77740,0.851893,0,2,929316,926494,2822
32536101,24.0308,0.0151889,2846,77740,0.853703,0,2,929340,926494,2846
32536101,24.027,0.0132903,2870,77740,0.855333,0,2,929364,926494,2870
32536101,24.0236,0.011629,2894,77740,0.8568,0,2,929388,926494,2894
32536101,24.0207,0.0101754,2918,77740,0.85812,0,2,929412,926494,2918
32536101,24.0181,0.00890346,2942,77740,0.858308,0,2,929436,926494,2942
32536101,24.0158,0.00779053,2966,77740,0.858477,0,2,929460,926494,2966
32536101,24.0138,0.00681671,2990,77740,0.858629,0,2,929484,926494,2990
32536101,24.0121,0.00596462,3014,77740,0.858766,0,2,929508,926494,3014
32536101,24.0106,0.00521905,3038,77740,0.85889,0,2,929532,926494,3038
32536101,24.0093,0.00456666,3062,77740,0.859001,0,2,929556,926494,3062
32536101,24.0081,0.00399583,3086,77740,0.859101,0,2,929580,926494,3086
32536101,24.0071,0.00349635,3110,77740,0.859191,0,2,929604,926494,3110
32536101,24.0062,0.00305931,3134,77740,0.859272,0,2,929628,926494,3134
32536101,24.0054,0.0026769,3158,77740,0.859344,0,2,929652,926494,3158
32536101,21.5048,0.00234228,3162,77740,0.86141,0,2,929656,926494,3162
32552161,21.8167,214.627,1469,77740,0.861269,0.77,2,929680,928211,1469
32552161,22.0896,187.799,1493,81760,0.871142,0,2,929704,928211,1493
32552161,22.3284,164.324,1517,81760,0.878028,0,2,929728,928211,1517
32552161,22.5373,143.783,1541,81760,0.882225,0,2,929752,928211,1541
32552161,22.7202,125.81,1565,81760,0.884003,0,2,929776,928211,1565
32552161,22.8801,110.084,1589,80660,0.885602,0,2,929800,928211,1589
32552161,23.0201,96.3236,1613,80660,0.887042,0,2,929824,928211,1613
32559461,23.1426,114.408,1396,80660,0.888338,0.72,2,929848,928452,1396
32559461,23.2498,100.107,1420,81760,0.889504,0,2,929872,928452,1420
32559461,23.3436,87.5937,1444,80660,0.890554,0,2,929896,928452,1444
32566761,23.4256,88.6445,1372,80660,0.891498,0.74,2,929920,928548,1372
32566761,23.4974,77.564,1396,81760,0.892348,0,2,929944,928548,1396
32566761,23.5602,67.8685,1420,80660,0.893114,0,2,929968,928548,1420
32571141,23.6152,71.3849,1348,80660,0.893802,0.76,2,929992,928644,1348
32571141,23.6633,62.4618,1372,81760,0.895422,0,2,930016,928644,1372
32574061,23.7054,60.6541,1348,81020,0.89488,0.77,2,930040,928692,1348
32578441,23.7422,56.0723,1348,81760,0.892392,0.77,2,930064,928716,1348
32581361,23.7744,55.0633,1324,81760,0.888153,0.77,2,930088,928764,1324
32585741,23.6776,54.1804,1299,81760,0.882337,0.78,2,930111,928812,1299
32653121,23.7179,50.4078,1299,81760,0.874104,0.79,2,930135,928836,1299
32656041,26.7532,47.1068,1323,83220,0.862693,0.81,2,930183,928860,1323
32658961,29.409,47.2185,1323,84680,0.848424,0.83,2,930231,928908,1323
32661881,31.7329,47.3162,1323,86140,0.831582,0.85,2,930279,928956,1323
32664801,33.7663,47.4017,1323,86140,0.812423,0.87,2,930327,929004,1323
32666401,32.9205,47.4764,1302,87600,0.793181,0,2,930354,929052,1302
32666401,31.8054,41.5419,1326,87600,0.773863,0,2,930378,929052,1326
32666401,30.8298,36.3492,1350,87600,0.754477,0,2,930402,929052,1350
32666401,29.976,31.8055,1374,87600,0.735029,0,2,930426,929052,1374
32666401,29.229,27.8298,1398,87600,0.715526,0,2,930450,929052,1398
32666401,26.3468,12.4899,1542,87600,0.597622,0,1,930594,929052,1542
32666401,26.0534,10.9287,1566,87600,0.57786,0,1,930618,929052,1566
32666401,25.7967,9.56257,1590,87600,0.558074,0,1,930642,929052,1590
32666401,25.5722,8.36725,1614,87600,0.538267,0,1,930666,929052,1614
32666401,25.3756,7.32135,1638,87600,0.51844,0,1,930690,929052,1638
32666401,25.2037,6.40618,1662,87600,0.498596,0,1,930714,929052,1662
32666401,25.0532,5.60541,1686,87600,0.478736,0,1,930738,929052,1686
32666401,24.9216,4.90473,1710,87600,0.458863,0,1,930762,929052,1710
32666401,24.8064,4.29164,1734,87600,0.438977,0,1,930786,929052,1734
32666401,24.7056,3.75518,1758,87600,0.419079,0,1,930810,929052,1758
32666401,24.6174,3.28579,1782,87600,0.399171,0,1,930834,929052,1782
32666401,24.5402,2.87506,1806,87600,0.379254,0,1,930858,929052,1806
32666401,24.4727,2.51568,1830,87600,0.359329,0,1,930882,929052,1830
32666401,24.4136,2.20122,1854,87600,0.339396,0,1,930906,929052,1854
32666401,24.3619,1.92607,1878,87600,0.319456,0,1,930930,929052,1878
32666401,24.3167,1.68531,1902,87600,0.29951,0,1,930954,929052,1902
32666401,24.2771,1.47465,1926,87600,0.279559,0,1,930978,929052,1926
32666401,24.2424,1.29031,1950,87600,0.259603,0,1,931002,929052,1950
32666401,24.2121,1.12903,1974,87600,0.239643,0,1,931026,929052,1974
32666401,24.1856,0.987897,1998,87600,0.219679,0,1,931050,929052,1998
32666401,24.1624,0.86441,2022,87600,0.199711,0,1,931074,929052,2022
32666401,24.1421,0.756359,2046,87600,0.17974,0,1,931098,929052,2046
32666401,24.1244,0.661814,2070,87600,0.161766,0,1,931122,929052,2070
32666401,24.1088,0.579087,2094,87600,0.145589,0,1,931146,929052,2094
32666401,24.0952,0.506701,2118,87600,0.13103,0,1,931170,929052,2118
32666401,24.0833,0.443364,2142,87600,0.117927,0,1,931194,929052,2142
32666401,24.0729,0.387943,2166,87600,0.106135,0,1,931218,929052,2166
32666401,24.0638,0.33945,2190,87600,0.0955211,0,1,931242,929052,2190
32666401,24.0558,0.297019,2214,87600,0.085969,0,1,931266,929052,2214
32666401,24.0488,0.259892,2238,87600,0.0773721,0,1,931290,929052,2238
32666401,24.0427,0.227405,2262,87600,0.0696349,0,1,931314,929052,2262
32666401,21.7874,0.19898,2268,87600,0.0626714,0,1,931320,929052,2268
32669321,182.814,413.674,270,87600,0.153404,0,1,932630,932360,270
32672241,165.962,361.965,318,89060,0.237064,0,1,932678,932360,318
32675161,151.217,316.719,366,89060,0.312357,0,1,932726,932360,366
32678081,138.315,277.129,414,89060,0.380122,0,1,932774,932360,414
32681001,127.025,242.488,462,89060,0.44111,0,1,932822,932360,462
32683921,117.147,212.177,510,90520,0.496999,0,1,932870,932360,510
32686841,108.504,185.655,558,90520,0.547299,0,1,932918,932360,558
32689761,100.941,162.448,606,90520,0.592569,0,1,932966,932360,606
32698521,83.4663,108.828,750,91980,0.702983,0,2,933110,932360,750
32701441,79.033,95.2241,798,91980,0.732684,0,2,933158,932360,798
32704361,75.1539,83.3211,846,91980,0.759416,0,2,933206,932360,846
32707281,71.7596,72.906,894,91980,0.783474,0,2,933254,932360,894
32710201,68.7897,63.7927,942,91980,0.805127,0,2,933302,932360,942
32713121,66.191,55.8186,990,91980,0.824614,0,2,933350,932360,990
32716041,63.9171,48.8413,1038,93440,0.842153,0,2,933398,932360,1038
32718961,61.9275,42.7361,1086,93440,0.857938,0,2,933446,932360,1086
32721881,60.1865,37.3941,1134,93440,0.872144,0,2,933494,932360,1134
32724801,58.6632,32.7199,1182,93440,0.884929,0,2,933542,932360,1182
32727721,57.3303,28.6299,1230,93440,0.887436,0,2,933590,932360,1230
32730641,56.164,25.0511,1278,93440,0.891693,0,2,933638,932360,1278
32733561,55.1435,21.9197,1326,93440,0.897524,0,2,933686,932360,1326
32736481,54.2506,19.1798,1374,93440,0.904771,0,2,933734,932360,1374
32739401,53.4693,16.7823,1422,94900,0.914294,0,2,933782,932360,1422
32742321,52.7856,14.6845,1470,94900,0.922865,0,2,933830,932360,1470
32745241,52.1874,12.849,1518,94900,0.930578,0,2,933878,932360,1518
32748161,51.664,11.2428,1566,94900,0.93752,0,2,933926,932360,1566
32751081,51.206,9.83748,1614,94900,0.943768,0,2,933974,932360,1614
32754001,50.8052,8.60779,1662,94900,0.949391,0.97,2,934022,932360,1662
32775901,48.9639,42.669,1488,96360,0.940001,1,2,934406,932918,1488
32775901,45.8434,37.3354,1512,96360,0.928001,0,2,934430,932918,1512
32775901,43.113,32.6685,1536,96360,0.916201,0,2,934454,932918,1536
32775901,40.7239,28.5849,1560,80600,0.904581,0.81,2,934478,932918,1560
32775901,38.6334,25.0118,1584,79988,0.893123,0,2,934502,932918,1584
32775901,36.8042,21.8853,1608,79682,0.88081,0,2,934526,932918,1608
32775901,35.2037,19.1497,1632,79376,0.868729,0,2,934550,932918,1632
32775901,33.8032,16.756,1656,79070,0.856856,0,2,934574,932918,1656
32775901,32.5778,14.6615,1680,78764,0.845171,0,2,934598,932918,1680
32775901,31.6306,12.8288,1705,78457,0.835654,0,2,934623,932918,1705
32775901,30.6768,11.2252,1729,78151,0.826088,0,2,934647,932918,1729
32775901,29.8422,9.82203,1753,77845,0.818479,0,2,934671,932918,1753
32775901,29.1119,8.59428,1777,76079,0.808632,0,2,934695,932918,1777
32775901,28.4729,7.51999,1801,75773,0.800768,0,2,934719,932918,1801
32775901,27.9138,6.57999,1825,75467,0.794692,0,2,934743,932918,1825
32775901,27.4246,5.75749,1849,75160,0.789222,0,2,934767,932918,1849
32775901,26.9965,5.03781,1873,74854,0.7843,0,2,934791,932918,1873
32775901,26.6219,4.40808,1897,74548,0.77787,0,2,934815,932918,1897
32775901,26.2942,3.85707,1921,72782,0.772083,0,2,934839,932918,1921
32775901,26.0074,3.37494,1945,71016,0.766875,0,2,934863,932918,1945
32775901,25.7565,2.95307,1969,70710,0.762187,0,2,934887,932918,1969
32775901,25.5369,2.58394,1993,68944,0.757969,0,2,934911,932918,1993
32775901,25.3448,2.26094,2017,68637,0.749172,0,2,934935,932918,2017
32775901,25.1767,1.97833,2041,67160,0.738255,0,2,934959,932918,2041
32775901,25.0296,1.73104,2065,66000,0.729429,0,2,934983,932918,2065
32775901,24.9009,1.51466,2089,66000,0.720486,0,2,935007,932918,2089
32775901,24.7883,1.32532,2113,66000,0.713438,0,2,935031,932918,2113
32775901,24.6898,1.15966,2137,66000,0.706094,0,2,935055,932918,2137
32775901,24.6035,1.0147,2161,66000,0.700484,0,2,935079,932918,2161
32843061,23.8792,48.3698,1084,66200,0.70093,0,2,936427,935343,1084
32897381,23.8943,51.3236,1036,66200,0.701837,0.65,2,936451,935415,1036
32900301,26.9075,47.9081,1060,68620,0.718654,0.65,2,936499,935439,1060
32903221,29.5441,47.9196,1060,70080,0.734788,0.65,2,936547,935487,1060
32906141,31.8511,47.9297,1060,71540,0.745309,0.65,2,936595,935535,1060
32906641,31.8697,47.9384,1044,73000,0.750778,0.7,2,936627,935583,1044
32906641,30.886,41.9461,1068,73000,0.753701,0,2,936651,935583,1068
32906641,30.0252,36.7029,1092,73000,0.754331,0,2,936675,935583,1092
32906641,29.2721,32.115,1116,73000,0.752898,0,2,936699,935583,1116
32906641,28.6131,28.1006,1140,73000,0.749608,0,2,936723,935583,1140
32906641,28.0364,24.5881,1164,73000,0.758647,0,2,936747,935583,1164
32906641,27.5319,21.5146,1188,73000,0.764782,0,2,936771,935583,1188
32906641,27.0904,18.8252,1212,73000,0.768304,0,2,936795,935583,1212
32909561,29.7041,35.0971,1111,73000,0.767474,0.7,2,936843,935732,1111
32912481,31.9911,36.7099,1111,73000,0.766726,0.7,2,936891,935780,1111
32915401,33.9922,38.1212,1111,73000,0.766054,0.7,2,936939,935828,1111
32918321,35.7432,39.356,1111,73000,0.765448,0.7,2,936987,935876,1111
32921241,37.2753,40.4365,1111,73000,0.764903,0.7,2,937035,935924,1111
32924161,38.6159,41.382,1111,73000,0.764413,0.7,2,937083,935972,1111
32927081,39.7889,42.2092,1111,74460,0.765972,0.7,2,937131,936020,1111
32930001,40.8153,42.9331,1111,74460,0.767375,0.7,2,937179,936068,1111
32932921,41.7134,43.5664,1111,74460,0.768637,0.7,2,937227,936116,1111
32935841,42.4992,44.1206,1111,74460,0.769773,0.7,2,937275,936164,1111
32938761,43.1868,44.6056,1111,74460,0.770796,0.7,2,937323,936212,1111
32941681,43.7884,45.0299,1111,74460,0.771716,0.7,2,937371,936260,1111
32944601,44.3149,45.4011,1111,75920,0.774545,0.7,2,937419,936308,1111
32947521,44.7755,45.726,1111,75920,0.77709,0.71,2,937467,936356,1111
32950441,45.1786,45.8852,1112,75920,0.779381,0.71,2,937515,936403,1112
32953361,45.5313,46.1496,1112,75920,0.781443,0.71,2,937563,936451,1112
32956281,45.8399,40.3809,1160,75920,0.782299,0.71,2,937611,936451,1160
32959201,46.1099,35.3333,1208,75920,0.783069,0.71,2,937659,936451,1208
32962121,46.3461,30.9166,1256,77380,0.785762,0.71,2,937707,936451,1256
32965041,46.5529,27.052,1304,77380,0.788186,0.87,2,937755,936451,1304
32967961,46.7338,29.6705,1304,77380,0.790367,0.87,2,937803,936499,1304
32969461,44.017,25.9617,1329,77380,0.794331,0.7,2,937828,936499,1329
32972381,44.5149,53.3415,1132,77380,0.797898,0.7,2,937876,936744,1132
32975301,44.9505,46.6738,1180,77380,0.801108,0.7,2,937924,936744,1180
32978221,45.3317,40.8396,1228,77380,0.803997,0.76,2,937972,936744,1228
32981141,45.6653,48.1096,1177,77380,0.806597,0.76,2,938020,936843,1177
32984061,45.9571,48.0959,1177,77380,0.808938,0.76,2,938068,936891,1177
32986981,46.2125,48.0839,1177,78840,0.813044,0.76,2,938116,936939,1177
32989901,46.4359,48.0734,1177,78840,0.816739,0.76,2,938164,936987,1177
32992821,46.6314,48.0643,1177,78840,0.820065,0.76,2,938212,937035,1177
32995741,46.8025,48.0562,1177,78840,0.823059,0.76,2,938260,937083,1177
32998661,46.9522,42.0492,1225,78840,0.825753,0.78,2,938308,937083,1225
33001581,47.0832,42.7931,1225,78840,0.828178,0.78,2,938356,937131,1225
33004501,47.1978,43.4439,1225,78840,0.83036,0.78,2,938404,937179,1225
33007421,47.298,44.0134,1225,78840,0.832324,0.78,2,938452,937227,1225
33010341,47.3858,44.5118,1225,78840,0.834092,0.78,2,938500,937275,1225
33013261,47.4626,44.9478,1225,78840,0.832682,0.78,2,938548,937323,1225
33016181,47.5297,45.3293,1225,78840,0.827414,0.8,2,938596,937371,1225
33019101,47.5885,45.6631,1225,78840,0.818673,0.8,2,938644,937419,1225
33022021,47.64,45.9553,1225,78840,0.806805,0.8,2,938692,937467,1225
33024941,47.685,46.2108,1225,78840,0.792125,0.8,2,938740,937515,1225
33027861,47.7243,46.4345,1225,80300,0.774912,0.79,2,938788,937563,1225
33030781,47.7588,46.6302,1225,80300,0.755421,0.79,2,938836,937611,1225
33033701,47.789,46.8014,1225,80300,0.765879,0.79,2,938884,937659,1225
33036621,47.8153,40.9512,1273,80300,0.775291,0.81,2,938932,937659,1273
33039541,47.8384,41.8323,1273,80300,0.783762,0.81,2,938980,937707,1273
33042461,47.8586,42.6033,1273,80300,0.791386,0.81,2,939028,937755,1273
33045381,47.8763,43.2779,1273,80300,0.798247,0.83,2,939076,937803,1273
33048301,47.8918,40.9931,1296,80300,0.804423,0.83,2,939124,937828,1296
33051221,47.9053,41.869,1296,80300,0.80998,0.83,2,939172,937876,1296
33054141,47.9171,42.6354,1296,80300,0.814982,0.83,2,939220,937924,1296
33057061,47.9275,43.306,1296,80300,0.819484,0.83,2,939268,937972,1296
33059981,47.9365,43.8927,1296,80300,0.823536,0.83,2,939316,938020,1296
33062901,47.9445,44.4061,1296,80300,0.827182,0.85,2,939364,938068,1296
33065821,47.9514,44.8554,1296,80300,0.830464,0.85,2,939412,938116,1296
33068741,47.9575,45.2484,1296,80300,0.833417,0.85,2,939460,938164,1296
33071661,47.9628,45.5924,1296,80300,0.836076,0.85,2,939508,938212,1296
33074581,47.9675,45.8933,1296,80300,0.838468,0.85,2,939556,938260,1296
33077501,47.9715,46.1567,1296,80300,0.840621,0.85,2,939604,938308,1296
33080421,47.9751,46.3871,1296,80300,0.842559,0.85,2,939652,938356,1296
33083341,47.9782,46.5887,1296,80300,0.844303,0.85,2,939700,938404,1296
33086261,47.9809,46.7651,1296,80300,0.845873,0.85,2,939748,938452,1296
33088021,45.6083,46.9195,1277,80300,0.848286,0.58,2,939777,938500,1277
33090941,45.9073,84.3045,979,80300,0.850457,0.58,2,939825,938846,979
33093861,46.1689,73.7665,1027,80300,0.852411,0.58,2,939873,938846,1027
33096781,46.3978,64.5457,1075,80300,0.85317,0.58,2,939921,938846,1075
33099701,46.598,56.4775,1123,80300,0.849853,0.58,2,939969,938846,1123
33102621,46.7733,49.4178,1171,80300,0.842868,0.58,2,940017,938846,1171
33105541,46.9266,43.2406,1219,81760,0.832581,0.58,2,940065,938846,1219
33108461,47.0608,37.8355,1267,81760,0.819323,0.58,2,940113,938846,1267
33111381,47.1782,33.106,1315,81760,0.803391,0.86,2,940161,938846,1315
33114301,47.2809,33.7178,1325,81760,0.785052,0.86,2,940209,938884,1325
33117221,47.3708,35.5031,1325,81760,0.764546,0.86,2,940257,938932,1325
33120141,47.4495,37.0652,1325,81760,0.742092,0.86,2,940305,938980,1325
33123061,47.5183,38.432,1325,81760,0.717883,0.86,2,940353,939028,1325
33137661,47.7529,43.0925,1325,81760,0.576081,0.86,1,940593,939268,1325
33140581,47.7838,43.7059,1325,81760,0.544473,0.86,1,940641,939316,1325
33143501,47.8108,44.2427,1325,81760,0.512026,0.86,1,940689,939364,1325
33146421,47.8345,44.7124,1325,83220,0.478823,0.86,1,940737,939412,1325
33149341,47.8552,45.1233,1325,83220,0.444941,0.86,1,940785,939460,1325
33152261,47.8733,45.4829,1325,83220,0.410447,0.86,1,940833,939508,1325
33155181,47.8891,45.7975,1325,83220,0.375402,0.86,1,940881,939556,1325
33158101,47.903,46.0728,1325,83220,0.339862,0.86,1,940929,939604,1325
33161021,47.9151,46.3137,1325,83220,0.305876,0.86,1,940977,939652,1325
33163941,47.9257,46.5245,1325,83220,0.275288,0.86,1,941025,939700,1325
33166861,47.935,46.709,1325,83220,0.247759,0.87,1,941073,939748,1325
33169781,47.9431,44.4953,1344,83220,0.222983,0.87,1,941121,939777,1344
33172701,47.9502,44.9334,1344,83220,0.200685,0.87,1,941169,939825,1344
33172881,67.3315,45.3167,1499,84680,0.180617,0,1,941372,939873,1499
33175801,643.915,778.277,270,84680,0.255555,0,1,946052,945782,270
33178721,569.426,680.993,318,86140,0.324999,0,1,946100,945782,318
33181641,504.247,595.868,366,87600,0.389499,0,1,946148,945782,366
33184561,447.217,521.385,414,89060,0.449549,0,1,946196,945782,414
33187481,397.314,456.212,462,90520,0.504595,0,1,946244,945782,462
33190401,353.65,399.185,510,91980,0.554135,0,1,946292,945782,510
33193321,315.444,349.287,558,93440,0.598722,0,1,946340,945782,558
33202081,227.167,233.995,702,97820,0.707468,0,2,946484,945782,702
33205001,204.771,204.746,750,99280,0.736721,0,2,946532,945782,750
33207921,185.174,179.152,798,100740,0.763049,0,2,946580,945782,798
33210841,168.028,156.758,846,102200,0.786744,0,2,946628,945782,846
33213761,153.024,137.164,894,103660,0.80807,0,2,946676,945782,894
33216681,139.896,120.018,942,105120,0.827263,0,2,946724,945782,942
33219601,128.409,105.016,990,106580,0.844537,0,2,946772,945782,990
33222521,118.358,91.8889,1038,108040,0.860083,0,2,946820,945782,1038
33225441,109.563,80.4028,1086,109500,0.874075,0,2,946868,945782,1086
33228361,101.868,70.3525,1134,110960,0.886667,0,2,946916,945782,1134
33231281,95.1343,61.5584,1182,112420,0.898,0,2,946964,945782,1182
33234201,89.2425,53.8636,1230,113880,0.9082,0,2,947012,945782,1230
33237121,84.0872,47.1306,1278,115340,0.91738,0,2,947060,945782,1278
33240041,79.5763,41.2393,1326,116800,0.925642,0,2,947108,945782,1326
33242961,75.6293,36.0844,1374,118260,0.933078,0,2,947156,945782,1374
33245881,72.1756,31.5739,1422,119720,0.93977,0,2,947204,945782,1422
33248801,69.1537,27.6271,1470,121180,0.945793,0,2,947252,945782,1470
33276541,49.8694,36.0513,1512,135780,0.942967,0,2,947756,946244,1512
33276541,46.6357,31.5449,1536,135780,0.92967,0,2,947780,946244,1536
33276541,43.9312,27.6018,1561,125960,0.915703,0.81,2,947805,946244,1561
33276541,41.4398,24.1516,1585,125167,0.902133,0,2,947829,946244,1585
33276541,39.2599,21.1326,1609,124770,0.890919,0,2,947853,946244,1609
33276541,37.3524,18.491,1633,122913,0.879827,0,2,947877,946244,1633
33276541,35.6833,16.1797,1657,121056,0.870845,0,2,947901,946244,1657
33276541,34.2229,14.1572,1681,119199,0.86376,0,2,947925,946244,1681
33276541,32.9451,12.3875,1705,117342,0.858384,0,2,947949,946244,1705
33276541,31.8269,10.8391,1729,115485,0.852546,0,2,947973,946244,1729
33276541,30.8486,9.48422,1753,112168,0.824291,0,2,947997,946244,1753
33276541,29.9925,8.29869,1777,110311,0.796862,0,2,948021,946244,1777
33276541,29.2434,7.26135,1801,106994,0.773176,0,2,948045,946244,1801
33276541,28.588,6.35368,1825,105137,0.750858,0,2,948069,946244,1825
33276541,28.0145,5.55947,1849,101820,0.731772,0,2,948093,946244,1849
33276541,27.5127,4.86454,1873,98503,0.715595,0,2,948117,946244,1873
33276541,24.8086,1.11977,2137,61720,0.599684,0,1,948381,946244,2137
33276541,24.7075,0.979802,2161,61720,0.594716,0,1,948405,946244,2161
33276541,24.6191,0.857327,2185,61720,0.590244,0,1,948429,946244,2185
33276541,24.5417,0.750161,2209,60260,0.58622,0,1,948453,946244,2209
33276541,24.474,0.656391,2233,60260,0.581598,0,1,948477,946244,2233
33276541,24.4147,0.574342,2257,57340,0.577438,0,1,948501,946244,2257
33276541,24.3629,0.502549,2281,57340,0.572694,0,1,948525,946244,2281
33276541,24.3175,0.439731,2305,57340,0.568425,0,1,948549,946244,2305
33276541,21.7778,0.384764,2309,57340,0.566582,0,1,948553,946244,2309
33276541,22.0556,0.336669,2333,55880,0.561924,0,1,948577,946244,2333
33276541,22.2987,0.294585,2357,53560,0.558732,0,1,948601,946244,2357
33276541,20.0113,0.257762,2361,53560,0.557859,0,1,948605,946244,2361
33276541,20.5099,0.225542,2385,53560,0.555073,0,1,948629,946244,2385
33276541,19.1962,0.197349,2395,53360,0.552565,0,1,948639,946244,2395
33276541,19.7966,0.17268,2419,53360,0.548309,0,1,948663,946244,2419
33276541,20.3221,0.151095,2443,52740,0.544478,0,1,948687,946244,2443
33276541,18.2818,0.132208,2447,52740,0.54303,0,1,948691,946244,2447
33276541,18.9966,0.115682,2471,52740,0.539727,0,1,948715,946244,2471
33276541,19.622,0.101222,2495,52540,0.536754,0,1,948739,946244,2495
33276541,17.6693,0.0885693,2499,52540,0.536079,0,1,948743,946244,2499
33276541,18.4606,0.0774982,2523,52540,0.533471,0,1,948767,946244,2523
33276541,19.153,0.0678109,2547,52340,0.531124,0,1,948791,946244,2547
33276541,17.2589,0.0593345,2551,52340,0.531012,0,1,948795,946244,2551
33276541,17.2265,0.0519177,2568,52340,0.52891,0,1,948812,946244,2568
33282381,18.0732,192.045,1056,52140,0.525019,0.78,1,948836,947780,1056
33285301,18.8141,174.165,1031,65440,0.536517,0.78,1,948860,947829,1031
33288221,19.4623,158.394,1007,65440,0.544866,0.79,1,948884,947877,1007
33291141,20.0295,141.595,1007,65440,0.550379,0.8,1,948908,947901,1007
33294061,20.5258,126.896,1007,65440,0.553341,0.8,1,948932,947925,1007
33296981,20.9601,117.034,983,65440,0.554007,0.57,1,948956,947973,983
33298441,21.3401,105.404,983,65440,0.552606,0.55,1,948980,947997,983
33301361,21.6726,95.2288,983,65440,0.549346,0.55,1,949004,948021,983
33304281,21.9635,89.3252,959,65440,0.544411,0.56,1,949028,948069,959
33305741,22.2181,81.1596,959,65440,0.53797,0.54,1,949052,948093,959
33308661,22.4408,77.0146,935,65440,0.530173,0.55,1,949076,948141,935
33311581,22.6357,70.3878,935,65440,0.521156,0.56,1,949100,948165,935
33313041,22.8062,64.5893,935,65440,0.51104,0.55,1,949124,948189,935
33315961,22.9555,65.5157,887,65440,0.499936,0.53,1,949148,948261,887
33317421,23.086,60.3262,887,66360,0.519943,0.54,1,949172,948285,887
33330561,23.2003,55.7854,887,65440,0.535948,0.54,1,949196,948309,887
33332021,23.3002,51.8122,887,66360,0.552353,0.55,1,949220,948333,887
33333481,23.3877,48.3357,887,65440,0.565118,0.54,1,949244,948357,887
33334941,23.4642,45.2938,887,66360,0.578606,0.55,1,949268,948381,887
33336401,23.5312,42.632,887,65440,0.588746,0.55,1,949292,948405,887
33337861,23.5898,40.303,887,66360,0.599871,0.55,1,949316,948429,887
33409801,25.4777,48.0175,755,96360,0.720957,0.4,2,949902,949147,755
33412721,28.293,42.0153,803,97820,0.748861,0.4,2,949950,949147,803
33415641,30.7564,36.7634,851,97820,0.773975,0.4,2,949998,949147,851
33418561,32.9118,32.168,899,97820,0.796578,0.4,2,950046,949147,899
33421481,34.7979,28.147,947,99280,0.81692,0.4,2,950094,949147,947
33424401,36.4481,24.6286,995,99280,0.835228,0.4,2,950142,949147,995
33427321,37.8921,21.55,1043,99280,0.851705,0.4,2,950190,949147,1043
33430241,39.1556,18.9813,1090,100740,0.866535,0.68,2,950238,949148,1090
33433161,40.2612,22.6086,1090,100740,0.879881,0.68,2,950286,949196,1090
33436081,41.2285,25.7825,1090,100740,0.891893,0.68,2,950334,949244,1090
33439001,42.0749,28.5597,1090,102200,0.902704,0.68,2,950382,949292,1090
33441921,42.8156,30.9898,1090,102200,0.912433,0.68,2,950430,949340,1090
33444841,43.4636,33.116,1090,103660,0.92119,0.68,2,950478,949388,1090
33447761,44.0307,34.9765,1090,103660,0.929071,0.68,2,950526,949436,1090
33450681,44.5268,36.6045,1090,105120,0.936164,0.68,2,950574,949484,1090
33453601,44.961,38.0289,1090,105120,0.942548,0.68,2,950622,949532,1090
33456521,45.3409,39.2753,1090,105120,0.948293,0.68,2,950670,949580,1090
33476961,46.9558,37.2281,1152,109500,0.939073,0.71,2,951006,949854,1152
33479881,47.0863,32.5746,1200,109500,0.925165,0.71,2,951054,949854,1200
33482801,47.2005,28.5028,1248,110960,0.896649,0.71,2,951102,949854,1248
33485721,47.3004,24.9399,1296,110960,0.863984,0.71,2,951150,949854,1296
33488641,47.3879,21.8225,1344,110960,0.830586,0.71,2,951198,949854,1344
33491561,47.4644,19.0946,1392,112420,0.795527,0.71,2,951246,949854,1392
33494481,47.5314,16.7078,1440,112420,0.759974,0.71,2,951294,949854,1440
33497401,47.5899,14.6193,1488,113880,0.723977,0.71,2,951342,949854,1488
33501781,42.1346,8.56959,1632,113880,0.568238,0,1,951486,949854,1632
33501781,39.8678,7.49839,1656,57760,0.533414,0.24,1,951510,949854,1656
33501781,37.8843,6.56109,1680,57760,0.501073,0,1,951534,949854,1680
33501781,36.2738,5.74095,1705,57760,0.472966,0,1,951559,949854,1705
33501781,34.7396,5.02334,1729,57760,0.446669,0,1,951583,949854,1729
33501781,33.3971,4.39542,1753,57760,0.424002,0,1,951607,949854,1753
33501781,32.2225,3.84599,1777,56300,0.401602,0,1,951631,949854,1777
33501781,31.1947,3.36524,1801,56300,0.382442,0,1,951655,949854,1801
33501781,30.2953,2.94459,1825,54840,0.366198,0,1,951679,949854,1825
33501781,29.5084,2.57651,1849,53380,0.352578,0,1,951703,949854,1849
33501781,28.8199,2.25445,1873,53380,0.34132,0,1,951727,949854,1873
33501781,28.2174,1.97264,1897,51920,0.332188,0,1,951751,949854,1897
33501781,27.6902,1.72606,1921,50460,0.324969,0,1,951775,949854,1921
33501781,27.2289,1.5103,1945,50460,0.319472,0,1,951799,949854,1945
33501781,26.8253,1.32152,1969,47540,0.315525,0,1,951823,949854,1969
33501781,26.4722,1.15633,1993,46080,0.312973,0,1,951847,949854,1993
33501781,26.1631,1.01179,2017,46080,0.310675,0,1,951871,949854,2017
33501781,25.8927,0.885313,2041,43160,0.308608,0,1,951895,949854,2041
33501781,25.6561,0.774649,2065,43160,0.306747,0,1,951919,949854,2065
33501781,25.4491,0.677818,2089,41700,0.305072,0,1,951943,949854,2089
33501781,25.268,0.593091,2113,40240,0.303565,0,1,951967,949854,2113
33501781,25.1095,0.518954,2137,40240,0.302209,0,1,951991,949854,2137
33501781,24.9708,0.454085,2161,38780,0.300988,0,1,952015,949854,2161
33501781,24.8495,0.397324,2185,38780,0.299889,0,1,952039,949854,2185
33501781,23.3683,0.347659,2198,37320,0.2979,0,1,952052,949854,2198
33510541,23.4472,204.304,590,36680,0.29411,0.21,1,952076,951486,590
33510541,23.5163,178.766,614,37320,0.288699,0,1,952100,951486,614
33514921,23.5768,162.42,590,37320,0.281829,0.21,1,952124,951534,590
33514921,23.6297,142.118,614,35860,0.273646,0,1,952148,951534,614
33517841,23.676,130.478,589,35860,0.264282,0.22,1,952172,951583,589
33522221,23.7165,117.168,589,35860,0.253853,0.21,1,952196,951607,589
33522221,23.7519,102.522,613,34400,0.242468,0,1,952220,951607,613
33525141,23.7829,95.707,589,34400,0.230221,0.22,1,952244,951655,589
33529521,23.8101,86.7436,589,34400,0.217199,0.24,1,952268,951679,589
33529521,23.8338,75.9007,613,32940,0.203479,0,1,952292,951679,613
33530981,23.8546,72.4131,589,32940,0.189131,0.25,1,952316,951727,589
33533901,23.8728,66.3615,589,32940,0.174218,0.26,1,952340,951751,589
33538281,23.8887,61.0663,589,32940,0.158796,0.27,1,952364,951775,589
33539741,23.9026,56.433,589,32940,0.142917,0.28,1,952388,951799,589
33544121,23.9148,52.3789,589,32940,0.128625,0.29,1,952412,951823,589
33547041,23.9254,48.8315,589,32940,0.115763,0.29,1,952436,951847,589
33551421,23.9347,45.7276,589,32940,0.104186,0.29,1,952460,951871,589
33551421,23.9429,40.0116,613,31480,0.0937677,0,1,952484,951871,613
33555801,23.95,41.0102,589,31480,0.0843909,0.29,1,952508,951919,589
33555801,23.9563,35.8839,613,30020,0.0759518,0,1,952532,951919,613
33560181,23.8367,37.3984,588,30020,0.0683566,0.29,1,952555,951967,588
33560181,23.8572,32.7236,612,28560,0.061521,0,1,952579,951967,612
33563921,23.875,34.6332,588,28560,0.0553689,0,1,952603,952015,588
33563921,22.5156,30.304,601,78840,0.049832,0,1,952616,952015,601
33566841,198.826,247.016,270,78840,0.129849,0,1,954049,953779,270
33569761,179.973,216.139,318,80300,0.203864,0,1,954097,953779,318
33572681,163.476,189.122,366,81760,0.272478,0,1,954145,953779,366
33575601,149.042,165.481,414,81760,0.33423,0,1,954193,953779,414
33578521,136.412,144.796,462,83220,0.391807,0,1,954241,953779,462
33581441,125.36,126.697,510,83220,0.443626,0,1,954289,953779,510
33584361,115.69,110.86,558,83220,0.490263,0,1,954337,953779,558
33587281,107.229,97.0022,606,84680,0.534237,0,1,954385,953779,606
33590201,99.8252,84.8769,654,84680,0.573813,0,1,954433,953779,654
33601881,78.379,49.7533,846,86140,0.700106,0,2,954625,953779,846
33604801,74.5816,43.5341,894,86140,0.725095,0,2,954673,953779,894
33607721,71.2589,38.0924,942,86140,0.747586,0,2,954721,953779,942
33610641,68.3516,33.3308,990,87600,0.769827,0,2,954769,953779,990
33613561,65.8076,29.1645,1038,87600,0.789845,0,2,954817,953779,1038
33616481,63.5817,25.5189,1086,87600,0.80786,0,2,954865,953779,1086
33619401,61.6339,22.329,1134,87600,0.824074,0,2,954913,953779,1134
33622321,59.9297,19.5379,1182,87600,0.838667,0,2,954961,953779,1182
33625241,58.4385,17.0957,1230,89060,0.8508,0,2,955009,953779,1230
33628161,57.1337,14.9587,1278,89060,0.86372,0,2,955057,953779,1278
33631081,55.992,13.0889,1326,89060,0.876348,0,2,955105,953779,1326
33634001,54.993,11.4528,1374,89060,0.887713,0,2,955153,953779,1374
33636921,54.1189,10.0212,1422,89060,0.897942,0,2,955201,953779,1422
33639841,53.354,8.76852,1470,89060,0.907148,0,2,955249,953779,1470
33642761,52.6847,7.67246,1518,90520,0.916433,0.85,2,955297,953779,1518
33645681,52.0992,40.4634,1296,90520,0.92479,0.85,2,955345,954049,1296
33648601,51.5868,35.4055,1344,90520,0.932311,0.87,2,955393,954049,1344
33651521,51.1384,36.9798,1344,90520,0.93908,0.89,2,955441,954097,1344
33654441,50.7461,38.3573,1344,90520,0.945172,0.89,2,955489,954145,1344
33734741,27.3429,6.06936,1849,87208,0.945938,0,2,957194,955345,1849
33734741,26.9251,5.31069,1873,85269,0.941345,0,2,957218,955345,1873
33734741,26.5594,4.64686,1897,84789,0.93621,0,2,957242,955345,1897
33734741,26.2395,4.066,1921,84310,0.930589,0,2,957266,955345,1921
33734741,25.9596,3.55775,1945,83831,0.92353,0,2,957290,955345,1945
33734741,25.7146,3.11303,1969,83351,0.916177,0,2,957314,955345,1969
33734741,25.5003,2.7239,1993,82872,0.90856,0,2,957338,955345,1993
33734741,25.3128,2.38341,2017,80932,0.900704,0,2,957362,955345,2017
33734741,25.1487,2.08549,2041,80453,0.894633,0,2,957386,955345,2041
33734741,25.0051,1.8248,2065,79974,0.88617,0,2,957410,955345,2065
33734741,24.8794,1.5967,2089,79494,0.879553,0,2,957434,955345,2089
33734741,24.7695,1.39711,2113,79015,0.872598,0,2,957458,955345,2113
33734741,24.6733,1.22247,2137,78535,0.865338,0,2,957482,955345,2137
33734741,24.5892,1.06967,2161,78056,0.857804,0,2,957506,955345,2161
33734741,24.5155,0.935957,2185,77577,0.852024,0,2,957530,955345,2185
33734741,24.4511,0.818962,2209,77097,0.843821,0,2,957554,955345,2209
33734741,24.3947,0.716592,2233,76618,0.837439,0,2,957578,955345,2233
33734741,24.3454,0.627018,2257,76138,0.830695,0,2,957602,955345,2257
33734741,24.3022,0.548641,2281,75659,0.823626,0,2,957626,955345,2281
33734741,24.2644,0.480061,2305,75180,0.818263,0,2,957650,955345,2305
33734741,24.2314,0.420053,2329,74700,0.813437,0,2,957674,955345,2329
33734741,24.2024,0.367546,2353,74221,0.807093,0,2,957698,955345,2353
33734741,24.1771,0.321603,2377,72281,0.801384,0,2,957722,955345,2377
33734741,24.155,0.281403,2401,71802,0.796245,0,2,957746,955345,2401
33734741,24.1356,0.246227,2425,71323,0.789621,0,2,957770,955345,2425
33734741,24.1187,0.215449,2449,70843,0.783659,0,2,957794,955345,2449
33734741,24.1038,0.188518,2473,70364,0.778293,0,2,957818,955345,2473
33734741,24.0909,0.164953,2497,68424,0.770464,0,2,957842,955345,2497
33734741,24.0795,0.144334,2521,65700,0.762417,0,2,957866,955345,2521
33734741,24.0696,0.126292,2545,65700,0.754176,0,2,957890,955345,2545
33734741,24.0609,0.110506,2569,65700,0.746758,0,2,957914,955345,2569
33734741,24.0533,0.0966925,2593,65080,0.739082,0,2,957938,955345,2593
33734741,24.0466,0.0846059,2617,65080,0.733174,0,2,957962,955345,2617
33734741,24.0408,0.0740302,2641,65080,0.726857,0,2,957986,955345,2641
33734741,24.0357,0.0647764,2665,65080,0.722171,0,2,958010,955345,2665
33734741,24.0312,0.0566794,2689,65080,0.716954,0,2,958034,955345,2689
33734741,24.0273,0.0495944,2713,65080,0.713258,0,2,958058,955345,2713
33734741,24.0239,0.0433951,2737,65080,0.708933,0,2,958082,955345,2737
33734741,24.0209,0.0379708,2761,65080,0.706039,0,2,958106,955345,2761
33734741,24.0183,0.0332244,2785,65080,0.703435,0,2,958130,955345,2785
33734741,24.016,0.0290714,2809,65080,0.701092,0,2,958154,955345,2809
33865521,24.5793,18.9665,1285,68620,0.597858,0,1,959175,957890,1285
33865521,24.5069,16.5957,1309,68620,0.584073,0,1,959199,957890,1309
33865521,24.4436,14.5212,1333,68620,0.569665,0,1,959223,957890,1333
33865521,24.3881,12.706,1357,68620,0.554699,0,1,959247,957890,1357
33865521,24.3396,11.1178,1381,68620,0.539229,0,1,959271,957890,1381
33865521,24.2972,9.72807,1405,68620,0.523306,0,1,959295,957890,1405
33865521,24.26,8.51206,1429,68620,0.506975,0,1,959319,957890,1429
33865521,24.2275,7.44805,1453,68620,0.490278,0,1,959343,957890,1453
33865521,24.1991,6.51705,1477,68620,0.47325,0,1,959367,957890,1477
33865521,24.1742,5.70241,1501,68620,0.455925,0,1,959391,957890,1501
33868441,27.1524,61.9896,1093,68620,0.436333,0.68,1,959439,958346,1093
33871361,29.7584,60.2409,1093,70080,0.414699,0.68,1,959487,958394,1093
33874281,32.0386,58.7108,1093,71540,0.392229,0.68,1,959535,958442,1093
33877201,34.0337,57.3719,1093,73000,0.368006,0.68,1,959583,958490,1093
33880121,35.7795,56.2005,1093,73000,0.342206,0.68,1,959631,958538,1093
33883041,37.3071,55.1754,1093,73000,0.314985,0.68,1,959679,958586,1093
33885281,37.2687,54.2785,1082,74460,0.286487,0,1,959716,958634,1082
33885281,35.6101,47.4937,1106,74460,0.258838,0,1,959740,958634,1106
33885281,34.1588,41.557,1130,74460,0.232954,0,1,959764,958634,1130
33885281,32.889,36.3623,1154,74460,0.309659,0,1,959788,958634,1154
33885281,31.7779,31.817,1178,74460,0.377693,0,1,959812,958634,1178
33885281,30.8056,27.8399,1202,74460,0.436924,0,1,959836,958634,1202
33885281,29.9549,24.3599,1226,74460,0.488231,0,1,959860,958634,1226
33885281,29.2106,21.3149,1250,74460,0.532408,0,1,959884,958634,1250
33885281,28.5592,18.6506,1274,74460,0.570167,0,1,959908,958634,1274
33899881,38.4291,89.9394,462,74460,0.707947,0,2,960236,959774,462
33902801,39.6255,78.697,510,75920,0.718152,0,2,960284,959774,510
33905721,40.6723,68.8598,558,75920,0.727337,0,2,960332,959774,558
33908641,41.5883,60.2524,606,75920,0.735603,0,2,960380,959774,606
33911561,42.3897,52.7208,654,75920,0.743043,0,2,960428,959774,654
33914481,43.091,46.1307,702,75920,0.749739,0,2,960476,959774,702
33917401,43.7046,40.3644,750,75920,0.755765,0,2,960524,959774,750
33920321,44.2416,35.3188,798,75920,0.761188,0,2,960572,959774,798
33923241,44.7114,30.904,846,75920,0.766069,0,2,960620,959774,846
33926161,45.1224,27.041,894,77380,0.772462,0,2,960668,959774,894
33929081,45.4821,23.6609,942,77380,0.778216,0,2,960716,959774,942
33932001,45.7969,20.7032,990,77380,0.783395,0,2,960764,959774,990
33934921,46.0723,18.1153,1038,77380,0.788055,0,2,960812,959774,1038
33937841,46.3132,15.8509,1086,77380,0.79225,0,2,960860,959774,1086
33940761,46.5241,13.8696,1134,77380,0.796025,0,2,960908,959774,1134
33943681,46.7086,12.1359,1182,77380,0.799422,0,2,960956,959774,1182
33946601,46.87,10.6189,1230,77380,0.80248,0,2,961004,959774,1230
33949521,47.0112,9.29152,1278,77380,0.805232,0,2,961052,959774,1278
33952441,47.1348,8.13008,1326,77380,0.807709,0,2,961100,959774,1326
33955361,47.243,7.11382,1374,77380,0.809938,0,2,961148,959774,1374
33958281,47.3376,6.22459,1422,77380,0.811944,0,2,961196,959774,1422
33961201,47.4204,5.44652,1470,77380,0.81375,0.79,2,961244,959774,1470
33964121,47.4929,38.5157,1248,78840,0.817375,0.79,2,961292,960044,1248
33967041,47.5563,39.7012,1248,78840,0.820637,0.79,2,961340,960092,1248
33969961,47.6117,40.7386,1248,78840,0.823574,0.79,2,961388,960140,1248
33972881,47.6603,41.6463,1248,78840,0.826216,0.79,2,961436,960188,1248
33975801,47.7027,42.4405,1248,78840,0.828595,0.81,2,961484,960236,1248
33978721,47.7399,43.1354,1248,78840,0.830735,0.81,2,961532,960284,1248
33981641,47.7724,43.7435,1248,78840,0.832662,0.81,2,961580,960332,1248
33984561,47.8008,44.2756,1248,78840,0.834395,0.81,2,961628,960380,1248
33987481,47.8257,44.7411,1248,78840,0.835956,0.81,2,961676,960428,1248
33990401,47.8475,45.1485,1248,78840,0.83736,0.81,2,961724,960476,1248
33993321,47.8666,45.5049,1248,78840,0.838624,0.81,2,961772,960524,1248
33996241,47.8833,45.8168,1248,78840,0.839762,0.81,2,961820,960572,1248
33999161,47.8979,46.0897,1248,78840,0.840786,0.81,2,961868,960620,1248
34002081,47.9106,40.3285,1296,78840,0.841707,0.83,2,961916,960620,1296
34005001,47.9218,41.2874,1296,78840,0.842536,0.83,2,961964,960668,1296
34007921,47.9316,42.1265,1296,78840,0.843283,0.83,2,962012,960716,1296
34010841,47.9401,42.8607,1296,78840,0.843954,0.83,2,962060,960764,1296
34013761,47.9476,43.5031,1296,78840,0.844559,0.83,2,962108,960812,1296
34016681,47.9542,44.0652,1296,78840,0.845103,0.83,2,962156,960860,1296
34019601,47.9599,44.5571,1296,78840,0.845593,0.83,2,962204,960908,1296
34022521,47.9649,44.9874,1296,78840,0.846034,0.83,2,962252,960956,1296
34025441,47.9693,45.364,1296,78840,0.84643,0.83,2,962300,961004,1296
34028361,47.9731,45.6935,1296,78840,0.846787,0.83,2,962348,961052,1296
34031281,47.9765,45.9818,1296,78840,0.847108,0.83,2,962396,961100,1296
34034201,47.9794,46.2341,1296,78840,0.847398,0.83,2,962444,961148,1296
34037121,47.982,46.4548,1296,78840,0.846658,0.83,2,962492,961196,1296
34040041,47.9842,46.648,1296,78840,0.841992,0.85,2,962540,961244,1296
34042961,47.9862,46.817,1296,80300,0.833793,0.85,2,962588,961292,1296
34045881,47.9879,46.9649,1296,80300,0.822414,0.85,2,962636,961340,1296
34048801,47.9894,47.0942,1296,80300,0.808172,0.85,2,962684,961388,1296
34051721,47.9908,47.2075,1296,80300,0.791355,0.85,2,962732,961436,1296
34054641,47.9919,47.3065,1296,80300,0.772219,0.85,2,962780,961484,1296
34057561,47.9929,47.3932,1296,80300,0.750998,0.85,2,962828,961532,1296
34060481,47.9938,47.4691,1296,80300,0.761898,0.85,2,962876,961580,1296
34063401,47.9946,47.5354,1296,80300,0.771708,0.85,2,962924,961628,1296
34066321,47.9953,47.5935,1296,80300,0.780537,0.85,2,962972,961676,1296
34069241,47.9959,47.6443,1296,80300,0.788484,0.85,2,963020,961724,1296
34072161,47.9964,47.6888,1296,80300,0.795635,0.85,2,963068,961772,1296
34075081,47.9968,47.7277,1296,80300,0.802072,0.85,2,963116,961820,1296
34078001,47.9972,47.7617,1296,80300,0.807864,0.85,2,963164,961868,1296
34080921,47.9976,47.7915,1296,80300,0.813078,0.85,2,963212,961916,1296
34083841,47.9979,47.8176,1296,81760,0.81977,0.85,2,963260,961964,1296
34086761,47.9981,47.8404,1296,81760,0.825793,0.85,2,963308,962012,1296
34089681,47.9984,47.8603,1296,81760,0.831214,0.85,2,963356,962060,1296
34092601,47.9986,47.8778,1296,81760,0.836092,0.85,2,963404,962108,1296
34095521,47.9988,47.8931,1296,81760,0.840483,0.85,2,963452,962156,1296
34098441,47.9989,47.9064,1296,81760,0.844435,0.85,2,963500,962204,1296
34101361,47.999,47.9181,1296,81760,0.848991,0.85,2,963548,962252,1296
34104281,47.9992,47.9284,1296,81760,0.853092,0.85,2,963596,962300,1296
34107201,47.9993,47.9373,1296,81760,0.856783,0.85,2,963644,962348,1296
34110121,47.9994,47.9451,1296,83220,0.862105,0.85,2,963692,962396,1296
34112001,45.8744,47.952,1279,83220,0.866894,0.56,2,963723,962444,1279
34114921,46.1401,90.458,939,83220,0.871205,0.56,2,963771,962832,939
34117841,46.3726,79.1508,987,83220,0.875084,0.56,2,963819,962832,987
34120761,46.576,69.2569,1035,83220,0.878576,0.56,2,963867,962832,1035
34123681,46.754,60.5998,1083,83220,0.881718,0.56,2,963915,962832,1083
34126601,46.9098,53.0248,1131,83220,0.884547,0.56,2,963963,962832,1131
34129521,47.0461,46.3967,1179,84680,0.889092,0.56,2,964011,962832,1179
34132441,47.1653,40.5971,1227,84680,0.893183,0.56,2,964059,962832,1227
34135361,47.2696,35.5225,1275,84680,0.896864,0.56,2,964107,962832,1275
34138281,47.3609,31.0822,1323,84680,0.900178,0.86,2,964155,962832,1323
34141201,47.4408,32.6969,1327,84680,0.90316,0.86,2,964203,962876,1327
34144121,47.5107,34.6098,1327,84680,0.905844,0.86,2,964251,962924,1327
34147041,47.5719,36.2836,1327,86140,0.91026,0.86,2,964299,962972,1327
34149961,47.6254,37.7481,1327,86140,0.914234,0.86,2,964347,963020,1327
34152881,47.6722,39.0296,1327,86140,0.91781,0.86,2,964395,963068,1327
34155801,47.7132,40.1509,1327,87600,0.923029,0.86,2,964443,963116,1327
34158721,47.749,41.132,1327,87600,0.927726,0.86,2,964491,963164,1327
34161641,47.7804,41.9905,1327,87600,0.931954,0.88,2,964539,963212,1327
34164561,47.8079,42.7417,1327,87600,0.935758,0.88,2,964587,963260,1327
34167481,47.8319,43.399,1327,89060,0.941183,0.88,2,964635,963308,1327
34170401,47.8529,43.9741,1327,89060,0.946064,0.88,2,964683,963356,1327
34269681,28.2786,7.68118,1801,104814,0.949472,0,2,966628,964827,1801
34269681,27.7438,6.72104,1825,102885,0.941525,0,2,966652,964827,1825
34269681,27.2758,5.88091,1849,102417,0.932372,0,2,966676,964827,1849
34269681,26.8663,5.14579,1873,100488,0.921135,0,2,966700,964827,1873
34269681,26.508,4.50257,1897,97100,0.912022,0,2,966724,964827,1897
34269681,26.1945,3.93975,1921,96631,0.901819,0,2,966748,964827,1921
34269681,25.9202,3.44728,1945,94702,0.889638,0,2,966772,964827,1945
34269681,25.6802,3.01637,1969,94234,0.879674,0,2,966796,964827,1969
34269681,25.4702,2.63932,1993,93765,0.868706,0,2,966820,964827,1993
34269681,25.2864,2.30941,2017,93296,0.855836,0,2,966844,964827,2017
34269681,25.1256,2.02073,2041,92828,0.845252,0,2,966868,964827,2041
34269681,24.9849,1.76814,2065,92359,0.833727,0,2,966892,964827,2065
34269681,24.8618,1.54712,2089,90430,0.819354,0,2,966916,964827,2089
34269681,24.7541,1.35373,2113,88502,0.807419,0,2,966940,964827,2113
34269681,24.6598,1.18452,2137,88033,0.797677,0,2,966964,964827,2137
34269681,24.5773,1.03645,2161,86104,0.787909,0,2,966988,964827,2161
34269681,24.5052,0.906895,2185,80300,0.775118,0,2,967012,964827,2185
34269681,24.442,0.793533,2209,80300,0.764606,0,2,967036,964827,2209
34269681,24.3868,0.694342,2233,77380,0.754146,0,2,967060,964827,2233
34269681,24.3384,0.607549,2257,75920,0.745731,0,2,967084,964827,2257
34269681,24.2961,0.531605,2281,74460,0.736158,0,2,967108,964827,2281
34269681,24.2591,0.465155,2305,71540,0.725542,0,2,967132,964827,2305
34269681,24.2267,0.40701,2329,70080,0.716988,0,2,967156,964827,2329
34269681,24.1984,0.356134,2353,70080,0.710289,0,2,967180,964827,2353
34269681,24.1736,0.311617,2377,70080,0.70326,0,2,967204,964827,2377
34287201,24.007,116.86,1224,78900,0.715729,0,2,967780,966556,1224
34290121,24.0062,111.252,1176,78900,0.731156,0.87,2,967804,966628,1176
34294501,24.0054,100.346,1176,80140,0.74704,0.82,2,967828,966652,1176
34297421,24.0047,93.8027,1152,78840,0.759336,0.83,2,967852,966700,1152
34298881,24.0041,85.0773,1152,80140,0.772403,0.78,2,967876,966724,1152
34303261,24.0036,80.4427,1128,78840,0.782162,0.79,2,967900,966772,1128
34313481,24.0032,73.3873,1128,80140,0.792946,0.69,2,967924,966796,1128
34313481,24.0028,64.2139,1152,78840,0.800651,0,2,967948,966796,1152
34313481,24.0024,56.1872,1176,78680,0.807586,0,2,967972,966796,1176
34316401,24.0021,64.1638,1080,78680,0.813828,0.7,2,967996,966916,1080
34320781,24.0019,59.1433,1080,80140,0.821445,0.66,2,968020,966940,1080
34323701,24.0016,60.7504,1032,78840,0.8263,0.67,2,968044,967012,1032
34325161,24.0014,56.1566,1032,80140,0.83267,0.66,2,968068,967036,1032
34329541,24.0012,52.137,1032,78840,0.836403,0.67,2,968092,967060,1032
34331001,24.0011,48.6199,1032,80140,0.841763,0.65,2,968116,967084,1032
34333921,24.001,45.5424,1032,78840,0.845587,0.63,2,968140,967108,1032
34336841,24.0008,42.8496,1032,80140,0.851028,0.64,2,968164,967132,1032
34339761,24.0007,40.4934,1032,78840,0.853925,0.65,2,968188,967156,1032
34341221,24.0006,38.4317,1032,80140,0.858533,0.64,2,968212,967180,1032
34344141,24.0006,36.6278,1032,78840,0.860679,0.65,2,968236,967204,1032
34358741,24.0005,35.0493,1032,80140,0.864612,0.61,2,968260,967228,1032
34358741,24.0004,30.6681,1056,78840,0.86615,0,2,968284,967228,1056
34358741,24.0004,26.8346,1080,78680,0.867535,0,2,968308,967228,1080
34358741,24.0003,23.4803,1104,78680,0.868782,0,2,968332,967228,1104
34358741,22.0003,20.5453,1112,78680,0.869904,0,2,968340,967228,1112
34363121,22.2502,32.9771,1016,78680,0.868913,0.62,2,968364,967348,1016
34364581,22.469,31.855,1016,79680,0.870022,0.62,2,968388,967372,1016
34367501,22.6603,30.8731,1016,78840,0.86902,0.63,2,968412,967396,1016
34370421,22.7028,30.014,1015,79680,0.870118,0.64,2,968435,967420,1015
34400081,22.865,29.2622,1015,78840,0.869106,0.77,2,968459,967444,1015
34400081,23.0068,25.6044,1039,81760,0.882195,0,2,968483,967444,1039
34400081,23.131,22.4039,1063,81760,0.893976,0,2,968507,967444,1063
34400081,23.2396,19.6034,1087,81760,0.904578,0,2,968531,967444,1087
34400081,23.3347,17.153,1111,81760,0.91412,0,2,968555,967444,1111
34400081,23.4178,15.0088,1135,81760,0.922708,0,2,968579,967444,1135
34400081,23.4906,13.1327,1159,81760,0.930438,0,2,968603,967444,1159
34400081,23.5543,11.4911,1183,81760,0.937394,0,2,968627,967444,1183
34400081,23.61,10.0548,1207,81760,0.943654,0,2,968651,967444,1207
34400081,23.6587,8.79791,1231,81760,0.949289,0,2,968675,967444,1231
34400081,21.866,3.4549,1383,81760,0.948018,0,2,968827,967444,1383
34403001,25.1327,34.898,1176,81760,0.941216,0.77,2,968875,967699,1176
34405921,27.9911,34.6608,1191,83220,0.939094,0.77,2,968923,967732,1191
34408841,30.4923,30.3282,1239,84680,0.939185,0.77,2,968971,967732,1239
34409441,30.9307,26.5372,1273,86140,0.941267,0.86,2,969005,967732,1273
34412361,33.0644,26.22,1297,87600,0.94314,0.88,2,969053,967756,1297
34415061,34.4313,25.9425,1317,87600,0.944826,0.87,2,969097,967780,1317
34417981,36.1274,25.6997,1341,89060,0.948343,0.87,2,969145,967804,1341
34474921,25.0747,0.848588,2198,87746,0.944171,0,2,970657,968459,2198
34474921,24.9403,0.742514,2222,87267,0.934754,0,2,970681,968459,2222
34474921,24.8228,0.6497,2246,86787,0.927278,0,2,970705,968459,2246
34474921,24.7199,0.568488,2270,86307,0.918551,0,2,970729,968459,2270
34474921,24.6299,0.497427,2294,85828,0.907695,0,2,970753,968459,2294
34474921,24.5512,0.435248,2318,85348,0.898926,0,2,970777,968459,2318
34474921,24.4823,0.380842,2342,84868,0.892033,0,2,970801,968459,2342
34474921,24.422,0.333237,2366,84388,0.88483,0,2,970825,968459,2366
34474921,24.3693,0.291582,2390,83909,0.879347,0,2,970849,968459,2390
34474921,24.3231,0.255135,2414,83429,0.876412,0,2,970873,968459,2414
34474921,24.4077,0.223243,2439,82949,0.872771,0,2,970898,968459,2439
34474921,24.3567,0.195337,2463,82470,0.869494,0,2,970922,968459,2463
34474921,24.3122,0.17092,2487,81990,0.866545,0,2,970946,968459,2487
34474921,24.2731,0.149555,2511,80050,0.86189,0,2,970970,968459,2511
34474921,24.239,0.130861,2535,79570,0.857701,0,2,970994,968459,2535
34474921,24.2091,0.114503,2559,79091,0.853931,0,2,971018,968459,2559
34474921,24.183,0.10019,2583,78611,0.840538,0,2,971042,968459,2583
34474921,24.1601,0.0876665,2607,76671,0.827484,0,2,971066,968459,2607
34474921,24.1401,0.0767082,2631,76192,0.816736,0,2,971090,968459,2631
34474921,24.1226,0.0671197,2655,75712,0.803062,0,2,971114,968459,2655
34474921,24.1073,0.0587297,2679,75232,0.789756,0,2,971138,968459,2679
34474921,24.0939,0.0513885,2703,74752,0.77878,0,2,971162,968459,2703
34474921,24.0821,0.0449649,2727,73100,0.764902,0,2,971186,968459,2727
34474921,24.0719,0.0393443,2751,71640,0.750412,0,2,971210,968459,2751
34474921,24.0629,0.0344263,2775,70180,0.736371,0,2,971234,968459,2775
34474921,24.055,0.030123,2799,68720,0.722734,0,2,971258,968459,2799
34474921,24.0481,0.0263576,2823,68620,0.70846,0,2,971282,968459,2823
34556681,22.3883,80.0793,1202,68620,0.704225,0,2,972172,970970,1202
34556681,22.5898,70.0694,1226,68620,0.720803,0,2,972196,970970,1226
34556681,22.766,61.3107,1250,68620,0.733722,0,2,972220,970970,1250
34556681,22.9203,53.6469,1274,68620,0.74335,0,2,972244,970970,1274
34556681,23.0553,46.941,1298,68620,0.750015,0,2,972268,970970,1298
34556681,23.1733,41.0734,1322,68620,0.754014,0,2,972292,970970,1322
34556681,23.2767,35.9392,1346,68620,0.755612,0,2,972316,970970,1346
34556681,23.3671,31.4468,1370,68620,0.755051,0,2,972340,970970,1370
34566901,23.4462,75.516,1010,68620,0.752546,0.63,2,972364,971354,1010
34566901,23.5154,66.0765,1034,68620,0.760291,0,2,972388,971354,1034
34566901,23.576,57.8169,1058,68620,0.765262,0,2,972412,971354,1058
34566901,23.629,50.5898,1082,68620,0.767736,0,2,972436,971354,1082
34566901,23.6754,44.2661,1106,68620,0.767962,0,2,972460,971354,1106
34566901,23.716,38.7328,1130,68620,0.766166,0,2,972484,971354,1130
34572741,23.7515,51.8912,1010,68620,0.76255,0.64,2,972508,971498,1010
34572741,23.7825,45.4048,1034,67160,0.761295,0,2,972532,971498,1034
34572741,23.8097,39.7292,1058,67160,0.758165,0,2,972556,971498,1058
34577121,23.7085,43.7631,1009,67160,0.753349,0.64,2,972579,971570,1009
34577121,23.7449,38.2927,1033,68620,0.753014,0,2,972603,971570,1033
34604961,23.7768,39.5061,1009,68620,0.750712,0.68,2,972627,971618,1009
34604961,23.8047,34.5678,1033,70080,0.758641,0,2,972651,971618,1033
34604961,23.8291,30.2469,1057,70080,0.763777,0,2,972675,971618,1057
34604961,23.8505,26.466,1081,70080,0.766399,0,2,972699,971618,1081
34604961,23.8692,23.1577,1105,70080,0.766759,0,2,972723,971618,1105
34607881,26.8855,29.263,1081,70080,0.763083,0.68,2,972771,971690,1081
34610801,29.5248,31.6051,1081,71540,0.761775,0.68,2,972819,971738,1081
34613721,31.8342,33.6545,1081,71540,0.760598,0.68,2,972867,971786,1081
34616641,33.855,35.4477,1081,73000,0.761538,0.67,2,972915,971834,1081
34619561,35.6231,37.0167,1081,73000,0.762384,0.67,2,972963,971882,1081
34622481,37.1702,38.3896,1081,73000,0.763146,0.67,2,973011,971930,1081
34625401,38.5239,39.5909,1081,73000,0.763831,0.67,2,973059,971978,1081
34628321,39.7084,40.6421,1081,73000,0.764448,0.67,2,973107,972026,1081
34631241,40.7449,41.5618,1081,74460,0.767003,0.67,2,973155,972074,1081
34634161,41.6518,39.6166,1103,74460,0.769303,0.67,2,973203,972100,1103
34637081,42.4453,34.6645,1151,74460,0.771373,0.73,2,973251,972100,1151
34640001,43.1396,36.3314,1151,74460,0.773235,0.73,2,973299,972148,1151
34642921,43.7472,31.79,1199,74460,0.774912,0.73,2,973347,972148,1199
34645841,44.2788,27.8163,1247,75920,0.778421,0.73,2,973395,972148,1247
34648761,44.7439,24.3392,1295,75920,0.781579,0.73,2,973443,972148,1295
34651681,45.1509,21.2968,1343,75920,0.784421,0.73,2,973491,972148,1343
34654601,45.5071,45.6347,1175,75920,0.786979,0.73,2,973539,972364,1175
34657521,45.8187,39.9304,1223,75920,0.789281,0.73,2,973587,972364,1223
34660441,46.0914,34.9391,1271,75920,0.791353,0.73,2,973635,972364,1271
34663361,46.3299,48.5717,1175,77380,0.795217,0.71,2,973683,972508,1175
34666281,46.5387,51.3752,1152,77380,0.798696,0.73,2,973731,972579,1152
34669201,46.7214,50.9533,1152,77380,0.801826,0.73,2,973779,972627,1152
34672121,46.8812,44.5842,1200,77380,0.804643,0.73,2,973827,972627,1200
34675041,47.021,39.0111,1248,77380,0.807179,0.73,2,973875,972627,1248
34677961,47.1434,52.1348,1152,77380,0.809461,0.73,2,973923,972771,1152
34680881,47.2505,45.6179,1200,77380,0.811515,0.75,2,973971,972771,1200
34683801,47.3442,45.9157,1200,78840,0.815364,0.75,2,974019,972819,1200
34686721,47.4262,46.1762,1200,78840,0.818827,0.77,2,974067,972867,1200
34689641,47.4979,46.4042,1200,78840,0.821944,0.77,2,974115,972915,1200
34692561,47.5606,46.6037,1200,78840,0.82475,0.77,2,974163,972963,1200
34695481,47.6156,46.7782,1200,78840,0.827275,0.77,2,974211,973011,1200
34698401,47.6636,46.9309,1200,78840,0.829548,0.77,2,974259,973059,1200
34701321,47.7057,47.0646,1200,78840,0.831593,0.77,2,974307,973107,1200
34704241,47.7425,41.1815,1248,78840,0.833434,0.79,2,974355,973107,1248
34707161,47.7747,42.0338,1248,78840,0.83509,0.79,2,974403,973155,1248
34710081,47.8028,42.7796,1248,80300,0.838581,0.79,2,974451,973203,1248
34713001,47.8275,43.4321,1248,80300,0.841723,0.79,2,974499,973251,1248
34715921,47.849,44.0031,1248,80300,0.844551,0.79,2,974547,973299,1248
34718841,47.8679,44.5027,1248,80300,0.847096,0.81,2,974595,973347,1248
34721761,47.8844,44.9399,1248,80300,0.849386,0.81,2,974643,973395,1248
34724681,47.8989,45.3224,1248,80300,0.851447,0.81,2,974691,973443,1248
34727601,47.9115,45.6571,1248,80300,0.853303,0.81,2,974739,973491,1248
34730521,47.9226,45.95,1248,80300,0.854972,0.81,2,974787,973539,1248
34733441,47.9322,46.2062,1248,80300,0.856475,0.81,2,974835,973587,1248
34736361,47.9407,46.4304,1248,80300,0.857828,0.81,2,974883,973635,1248
34739281,47.9481,40.6266,1296,80300,0.859045,0.83,2,974931,973635,1296
34742201,47.9546,41.5483,1296,80300,0.86014,0.83,2,974979,973683,1296
34745121,47.9603,42.3548,1296,80300,0.861126,0.83,2,975027,973731,1296
34748041,47.9652,43.0604,1296,81760,0.864014,0.83,2,975075,973779,1296
34750961,47.9696,43.6779,1296,81760,0.866612,0.83,2,975123,973827,1296
34753881,47.9734,44.2181,1296,81760,0.868951,0.83,2,975171,973875,1296
34756801,47.9767,44.6909,1296,81760,0.871056,0.83,2,975219,973923,1296
34759721,47.9796,45.1045,1296,81760,0.87295,0.85,2,975267,973971,1296
34762641,47.9822,45.4664,1296,81760,0.874655,0.85,2,975315,974019,1296
34765561,47.9844,45.7831,1296,81760,0.87619,0.85,2,975363,974067,1296
34768481,47.9864,46.0602,1296,81760,0.877571,0.85,2,975411,974115,1296
34771401,47.9881,46.3027,1296,81760,0.878814,0.85,2,975459,974163,1296
34774321,47.9896,46.5149,1296,81760,0.879932,0.85,2,975507,974211,1296
34777241,47.9909,46.7005,1296,81760,0.880939,0.85,2,975555,974259,1296
34780161,47.992,46.863,1296,81760,0.881845,0.85,2,975603,974307,1296
34783081,47.993,47.0051,1296,81760,0.882661,0.85,2,975651,974355,1296
34786001,47.9939,47.1294,1296,81760,0.883395,0.85,2,975699,974403,1296
34788921,47.9946,41.2383,1344,81760,0.884055,0.87,2,975747,974403,1344
34791841,47.9953,42.0835,1344,81760,0.88465,0.87,2,975795,974451,1344
34794761,47.9959,42.823,1344,81760,0.885185,0.87,2,975843,974499,1344
34797681,47.9964,43.4702,1344,81760,0.885666,0.87,2,975891,974547,1344
34800601,47.9969,44.0364,1344,81760,0.8861,0.87,2,975939,974595,1344
34803521,47.9973,44.5318,1344,81760,0.88649,0.87,2,975987,974643,1344
34806441,47.9976,44.9654,1344,81760,0.886841,0.87,2,976035,974691,1344
34809361,47.9979,45.3447,1344,81760,0.887157,0.87,2,976083,974739,1344
34812281,47.9982,45.6766,1344,81760,0.887441,0.87,2,976131,974787,1344
34815201,47.9984,45.967,1344,81760,0.887697,0.87,2,976179,974835,1344
34818121,47.9986,46.2212,1344,81760,0.887927,0.87,2,976227,974883,1344
34821041,47.9988,46.4435,1344,81760,0.888134,0.87,2,976275,974931,1344
34823961,47.9989,46.6381,1344,81760,0.888321,0.87,2,976323,974979,1344
34826881,47.9991,46.8083,1344,81760,0.888489,0.89,2,976371,975027,1344
34829801,47.9992,46.9573,1344,83220,0.89064,0.89,2,976419,975075,1344
34832721,47.9993,47.0876,1344,83220,0.892576,0.89,2,976467,975123,1344
34835641,47.9994,47.2017,1344,83220,0.894318,0.89,2,976515,975171,1344
34838561,47.9994,47.3015,1344,83220,0.895887,0.89,2,976563,975219,1344
34841481,47.9995,47.3888,1344,83220,0.897298,0.89,2,976611,975267,1344
34844401,47.9996,47.4652,1344,83220,0.898568,0.89,2,976659,975315,1344
34847321,47.9996,47.532,1344,83220,0.899711,0.89,2,976707,975363,1344
34850241,47.9997,47.5905,1344,83220,0.90074,0.89,2,976755,975411,1344
34853161,47.9997,47.6417,1344,83220,0.901666,0.89,2,976803,975459,1344
34856081,47.9998,47.6865,1344,83220,0.9025,0.89,2,976851,975507,1344
34859001,47.9998,47.7257,1344,83220,0.90325,0.89,2,976899,975555,1344
34861921,47.9998,47.76,1344,83220,0.903925,0.89,2,976947,975603,1344
34864841,47.9998,47.79,1344,83220,0.904532,0.89,2,976995,975651,1344
34867761,47.9999,47.8162,1344,83220,0.905079,0.89,2,977043,975699,1344
34870681,47.9999,47.8392,1344,84680,0.907571,0.89,2,977091,975747,1344
34873601,47.9999,47.8593,1344,84680,0.909814,0.89,2,977139,975795,1344
34876521,47.9999,47.8769,1344,84680,0.911833,0.89,2,977187,975843,1344
34879441,47.9999,47.8923,1344,84680,0.913649,0.89,2,977235,975891,1344
34882361,47.9999,47.9057,1344,84680,0.915284,0.89,2,977283,975939,1344
34885281,47.9999,47.9175,1344,86140,0.918756,0.89,2,977331,975987,1344
34888201,47.9999,47.9278,1344,86140,0.92188,0.89,2,977379,976035,1344
34891121,47.9999,47.9369,1344,86140,0.924692,0.89,2,977427,976083,1344
34894041,48,47.9447,1344,86140,0.927223,0.89,2,977475,976131,1344
34896961,48,47.9517,1344,86140,0.929501,0.89,2,977523,976179,1344
34899881,48,47.9577,1344,86140,0.931551,0.89,2,977571,976227,1344
34902801,48,47.963,1344,86140,0.933396,0.89,2,977619,976275,1344
34905721,48,47.9676,1344,87600,0.937056,0.89,2,977667,976323,1344
34908641,48,47.9717,1344,87600,0.94035,0.89,2,977715,976371,1344
34911561,48,41.9752,1392,87600,0.943315,0.91,2,977763,976371,1392
34914481,48,42.7283,1392,87600,0.945984,0.91,2,977811,976419,1392
34917401,48,43.3873,1392,87600,0.948385,0.91,2,977859,976467,1392
35026901,27.7386,6.91834,1825,96585,0.944971,0,2,980020,978195,1825
35026901,27.2713,6.05355,1849,96117,0.936474,0,2,980044,978195,1849
35026901,26.8624,5.29686,1873,92729,0.926826,0,2,980068,978195,1873
35026901,26.5046,4.63475,1897,92261,0.917144,0,2,980092,978195,1897
35026901,26.1915,4.05541,1921,91793,0.907429,0,2,980116,978195,1921
35026901,25.9176,3.54848,1945,91325,0.896686,0,2,980140,978195,1945
35026901,25.6779,3.10492,1969,90857,0.886018,0,2,980164,978195,1969
35026901,25.4681,2.71681,1993,90389,0.875416,0,2,980188,978195,1993
35026901,25.2846,2.3772,2017,89922,0.863874,0,2,980212,978195,2017
35026901,25.124,2.08005,2041,87994,0.852487,0,2,980236,978195,2041
35026901,24.9835,1.82005,2065,86066,0.841238,0,2,980260,978195,2065
35026901,24.8606,1.59254,2089,85598,0.829114,0,2,980284,978195,2089
35026901,24.753,1.39347,2113,83670,0.819203,0,2,980308,978195,2113
35026901,24.6589,1.21929,2137,80282,0.809283,0,2,980332,978195,2137
35026901,24.5765,1.06688,2161,77380,0.799354,0,2,980356,978195,2161
35026901,24.5045,0.933519,2185,77380,0.789419,0,2,980380,978195,2185
35026901,24.4414,0.816829,2209,77380,0.781477,0,2,980404,978195,2209
35026901,24.3862,0.714725,2233,77380,0.772329,0,2,980428,978195,2233
35026901,24.338,0.625385,2257,77380,0.765096,0,2,980452,978195,2257
35026901,24.2957,0.547211,2281,75920,0.757587,0,2,980476,978195,2281
35026901,24.2587,0.47881,2305,75920,0.751828,0,2,980500,978195,2305
35026901,24.2264,0.418959,2329,74460,0.744645,0,2,980524,978195,2329
35026901,24.1981,0.366589,2353,73000,0.736181,0,2,980548,978195,2353
35026901,24.1733,0.320765,2377,73000,0.729563,0,2,980572,978195,2377
35026901,24.1517,0.28067,2401,71540,0.724606,0,2,980596,978195,2401
35026901,24.1327,0.245586,2425,70080,0.721146,0,2,980620,978195,2425
35026901,24.1161,0.214888,2449,70080,0.716031,0,2,980644,978195,2449
35026901,24.1016,0.188027,2473,70080,0.710428,0,2,980668,978195,2473
35026901,24.0889,0.164523,2497,70080,0.705385,0,2,980692,978195,2497
35026901,24.0778,0.143958,2521,68980,0.701847,0,2,980716,978195,2521
35035661,24.0092,147.017,1369,76280,0.712246,0,2,981100,979731,1369
35038581,24.008,143.765,1272,76280,0.724021,0.94,2,981124,979852,1272
35042961,24.007,131.794,1248,77380,0.732619,0.92,2,981148,979900,1248
35047341,24.0062,118.32,1248,77380,0.738357,0.9,2,981172,979924,1248
35050261,24.0054,109.53,1224,77380,0.741521,0.88,2,981196,979972,1224
35054641,24.0047,98.8387,1224,77380,0.742369,0.86,2,981220,979996,1224
35056101,24.0041,92.4839,1200,77380,0.741132,0.84,2,981244,980044,1200
35067781,24.0036,83.9234,1200,77380,0.738019,0.76,2,981268,980068,1200
35067781,24.0032,73.433,1224,77380,0.733217,0,2,981292,980068,1224
35067781,24.0028,64.2539,1248,64960,0.726895,0,2,981316,980068,1248
35067781,24.0024,56.2221,1272,63500,0.719206,0,2,981340,980068,1272
35070701,24.0021,67.1944,1152,62040,0.710285,0.74,2,981364,980212,1152
35075081,24.0018,64.7951,1128,77380,0.700257,0.72,2,981388,980260,1128
35096981,24.0006,41.9108,1080,48900,0.590639,0.68,1,981580,980500,1080
35101361,24.0006,39.6719,1080,77380,0.574576,0.67,1,981604,980524,1080
35101361,24.0005,34.7129,1104,77380,0.558118,0,1,981628,980524,1104
35104281,24.0004,36.3738,1080,44520,0.541306,0.68,1,981652,980572,1080
35120341,24.0004,34.8271,1080,77380,0.524176,0.65,1,981676,980596,1080
35120341,24.0003,30.4737,1104,77380,0.506758,0,1,981700,980596,1104
35120341,24.0003,26.6645,1128,35760,0.489082,0,1,981724,980596,1128
35120341,21.7502,23.3314,1134,34300,0.472174,0,1,981730,980596,1134
35120341,22.0315,20.415,1158,32840,0.454957,0,1,981754,980596,1158
35120341,22.2775,17.8631,1182,32840,0.437461,0,1,981778,980596,1182
35120341,22.4928,15.6302,1206,32840,0.419715,0,1,981802,980596,1206
35127641,22.6812,34.6765,1062,32840,0.401743,0.68,1,981826,980764,1062
35127641,22.8461,30.3419,1086,73000,0.383569,0,1,981850,980764,1086
35127641,22.9903,26.5492,1110,73000,0.365212,0,1,981874,980764,1110
35127641,23.1165,23.2305,1134,73000,0.346691,0,1,981898,980764,1134
35130561,23.102,32.3267,1061,73000,0.328022,0.68,1,981921,980860,1061
35157201,23.2142,31.2859,1061,73000,0.30922,0,1,981945,980884,1061
35157201,23.3124,27.3751,1085,78840,0.290298,0,1,981969,980884,1085
35157201,23.3984,23.9532,1109,78840,0.271268,0,1,981993,980884,1109
35157201,23.4736,20.9591,1133,78840,0.252141,0,1,982017,980884,1133
35157201,23.5394,18.3392,1157,78840,0.232927,0,1,982041,980884,1157
35157201,23.597,16.0468,1181,78840,0.213634,0,1,982065,980884,1181
35157201,23.6473,14.0409,1205,78840,0.194271,0,1,982089,980884,1205
35157201,23.6914,12.2858,1229,78840,0.174844,0,1,982113,980884,1229
35157201,23.73,10.7501,1253,78840,0.157359,0,1,982137,980884,1253
35157201,23.7637,9.40634,1277,78840,0.141623,0,1,982161,980884,1277
35157201,23.7933,8.23055,1301,78840,0.127461,0,1,982185,980884,1301
35157201,23.8191,7.20173,1325,78840,0.114715,0,1,982209,980884,1325
35157201,23.8417,6.30151,1349,78840,0.103243,0,1,982233,980884,1349
35157201,23.8615,5.51382,1373,78840,0.0929192,0,1,982257,980884,1373
35157201,23.8788,4.8246,1397,78840,0.0836272,0,1,982281,980884,1397
35157201,23.894,4.22152,1421,78840,0.0752645,0,1,982305,980884,1421
35157201,23.9072,3.69383,1445,78840,0.0677381,0,1,982329,980884,1445
35157201,21.6688,3.2321,1451,78840,0.0609643,0,1,982335,980884,1451
35160121,1185.59,1317.08,270,78840,0.139868,0,1,991668,991398,270
35163041,1043.39,1152.44,318,80300,0.212881,0,1,991716,991398,318
35165961,918.964,1008.39,366,81760,0.280593,0,1,991764,991398,366
35168881,810.093,882.339,414,83220,0.343534,0,1,991812,991398,414
35171801,714.832,772.047,462,84680,0.40218,0,1,991860,991398,462
35174721,631.478,675.541,510,86140,0.456962,0,1,991908,991398,510
35177641,558.543,591.098,558,87600,0.508266,0,1,991956,991398,558
35180561,494.725,517.211,606,89060,0.556439,0,1,992004,991398,606
35192241,309.862,303.18,798,94900,0.70898,0,2,992196,991398,798
35195161,277.129,265.282,846,96360,0.738082,0,2,992244,991398,846
35198081,248.488,232.122,894,97820,0.764274,0,2,992292,991398,894
35201001,223.427,203.107,942,99280,0.787846,0,2,992340,991398,942
35203921,201.499,177.718,990,100740,0.809062,0,2,992388,991398,990
35206841,182.311,155.504,1038,102200,0.828156,0,2,992436,991398,1038
35209761,165.522,136.066,1086,103660,0.84534,0,2,992484,991398,1086
35212681,150.832,119.057,1134,105120,0.860806,0,2,992532,991398,1134
35215601,137.978,104.175,1182,106580,0.874725,0,2,992580,991398,1182
35218521,126.731,91.1533,1230,108040,0.887253,0,2,992628,991398,1230
35221441,116.89,79.7592,1278,109500,0.898528,0,2,992676,991398,1278
35224361,108.278,69.7893,1326,110960,0.908675,0,2,992724,991398,1326
35227281,100.744,61.0656,1374,112420,0.917807,0,2,992772,991398,1374
35230201,94.1506,53.4324,1422,113880,0.926027,0,2,992820,991398,1422
35233121,88.3818,46.7534,1470,115340,0.933424,0,2,992868,991398,1470
35236041,83.334,40.9092,1518,116800,0.940082,0.85,2,992916,991398,1518
35238961,78.9173,69.5455,1296,118260,0.946073,0.85,2,992964,991668,1296
35241881,75.0526,60.8524,1344,119720,0.949466,0.87,2,993012,991668,1344
35244801,71.671,59.2458,1344,121180,0.948519,0.89,2,993060,991716,1344
35247721,68.7122,57.8401,1344,122640,0.943668,0.89,2,993108,991764,1344
35250641,66.1231,50.6101,1392,124100,0.935301,0.91,2,993156,991764,1392
35253561,63.8578,50.2838,1392,125560,0.923771,0.93,2,993204,991812,1392
35256481,61.8755,49.9983,1392,127020,0.905394,0.93,2,993252,991860,1392
35259401,60.1411,43.7485,1440,128480,0.880854,0.95,2,993300,991860,1440
35262321,58.6235,44.28,1440,129940,0.850769,0.97,2,993348,991908,1440
35265241,57.2955,44.745,1440,131400,0.815692,0.97,2,993396,991956,1440
35268161,56.1336,39.1519,1488,132860,0.776123,0.99,2,993444,991956,1488
35271081,55.1169,40.2579,1488,134320,0.73251,1,2,993492,992004,1488
35272541,44.3749,27.618,1561,125720,0.711421,1,2,993613,992052,1561
35272541,41.828,24.1657,1585,124930,0.735279,0,2,993637,992052,1585
35272541,39.5995,21.145,1609,124535,0.757751,0,2,993661,992052,1609
35272541,37.6496,18.5019,1633,122680,0.776976,0,2,993685,992052,1633
35272541,35.9434,16.1891,1657,120825,0.795278,0,2,993709,992052,1657
35272541,34.4505,14.1655,1681,118970,0.812751,0,2,993733,992052,1681
35272541,33.1442,12.3948,1705,117115,0.829475,0,2,993757,992052,1705
35272541,32.0011,10.8455,1729,115260,0.843528,0,2,993781,992052,1729
35272541,31.001,9.48978,1753,111945,0.857175,0,2,993805,992052,1753
35272541,30.1259,8.30355,1777,110090,0.870458,0,2,993829,992052,1777
35272541,29.3601,7.26561,1801,109695,0.883412,0,2,993853,992052,1801
35272541,28.6901,6.35741,1825,109300,0.894071,0,2,993877,992052,1825
35272541,28.1039,5.56273,1849,108905,0.904664,0,2,993901,992052,1849
35272541,27.5909,4.86739,1873,98290,0.914197,0,2,993925,992052,1873
35272541,27.142,4.25897,1897,96435,0.922778,0,2,993949,992052,1897
35272541,26.7493,3.7266,1921,93600,0.9305,0,2,993973,992052,1921
35272541,26.4056,3.26077,1945,93600,0.93745,0,2,993997,992052,1945
35272541,26.1049,2.85318,1969,92140,0.943705,0,2,994021,992052,1969
35272541,25.8418,2.49653,1993,92140,0.949334,0,2,994045,992052,1993
35292981,23.438,117.013,1490,94900,0.940268,0.98,2,995271,993781,1490
35294441,23.5082,105.386,1490,94900,0.929241,0.99,2,995295,993805,1490
35297361,23.5697,95.2128,1490,94900,0.917317,0.99,2,995319,993829,1490
35304661,23.6235,89.3112,1466,94900,0.904585,1,2,995343,993877,1466
35306121,23.6705,81.1473,1466,94900,0.892127,1,2,995367,993901,1466
35307581,23.7117,77.0039,1442,94900,0.878914,1,2,995391,993949,1442
35309041,23.7478,70.3784,1442,94900,0.865023,1,2,995415,993973,1442
35310501,23.7793,64.5811,1442,94900,0.85052,1,2,995439,993997,1442
35311961,23.8069,59.5085,1442,94900,0.835468,1,2,995463,994021,1442
35313421,23.831,55.0699,1442,94900,0.819922,1,2,995487,994045,1442
35316341,23.8521,51.1862,1442,94900,0.803929,1,2,995511,994069,1442
35319261,23.8706,47.7879,1442,94900,0.787536,1,2,995535,994093,1442
35323641,23.8868,44.8144,1442,94900,0.770783,1,2,995559,994117,1442
35328021,23.9009,42.2126,1442,94900,0.753705,0.98,2,995583,994141,1442
35332401,23.9133,41.436,1430,94900,0.736334,0.98,2,995607,994177,1430
35336781,23.7992,39.2565,1429,94900,0.718701,0.98,2,995630,994201,1429
35402641,23.8243,37.3495,1429,94900,0.700831,0,2,995654,994225,1429
35402641,23.9211,16.7623,1573,96360,0.589813,0,1,995798,994225,1573
35402641,23.931,14.667,1597,96360,0.570831,0,1,995822,994225,1597
35402641,23.9396,12.8336,1621,96360,0.551748,0,1,995846,994225,1621
35402641,23.9472,11.2294,1645,96360,0.532573,0,1,995870,994225,1645
35402641,23.9538,9.82573,1669,96360,0.513316,0,1,995894,994225,1669
35402641,23.9595,8.59752,1693,96360,0.493984,0,1,995918,994225,1693
35402641,23.9646,7.52283,1717,96360,0.474586,0,1,995942,994225,1717
35402641,23.969,6.58247,1741,96360,0.455127,0,1,995966,994225,1741
35402641,23.9729,5.75966,1765,96360,0.435615,0,1,995990,994225,1765
35402641,23.9763,5.03971,1789,96360,0.416053,0,1,996014,994225,1789
35402641,23.9793,4.40974,1813,96360,0.396448,0,1,996038,994225,1813
35402641,23.9818,3.85853,1837,96360,0.376803,0,1,996062,994225,1837
35402641,23.9841,3.37621,1861,96360,0.357123,0,1,996086,994225,1861
35402641,23.9861,2.95418,1885,96360,0.337411,0,1,996110,994225,1885
35402641,23.9878,2.58491,1909,96360,0.317669,0,1,996134,994225,1909
35402641,23.9894,2.2618,1933,96360,0.297902,0,1,996158,994225,1933
35402641,23.9907,1.97907,1957,96360,0.278112,0,1,996182,994225,1957
35402641,23.9919,1.73169,1981,96360,0.258301,0,1,996206,994225,1981
35402641,23.9929,1.51523,2005,96360,0.238471,0,1,996230,994225,2005
35402641,23.9938,1.32582,2029,96360,0.218624,0,1,996254,994225,2029
35402641,23.9945,1.1601,2053,96360,0.198761,0,1,996278,994225,2053
35402641,23.9952,1.01508,2077,96360,0.178885,0,1,996302,994225,2077
35402641,23.9958,0.888198,2101,96360,0.160997,0,1,996326,994225,2101
35402641,23.9963,0.777173,2125,96360,0.144897,0,1,996350,994225,2125
35402641,23.9968,0.680027,2149,96360,0.130407,0,1,996374,994225,2149
35402641,23.9972,0.595023,2173,96360,0.117367,0,1,996398,994225,2173
35402641,23.9976,0.520646,2197,96360,0.10563,0,1,996422,994225,2197
35402641,23.9979,0.455565,2221,96360,0.095067,0,1,996446,994225,2221
35402641,23.9981,0.398619,2245,96360,0.0855603,0,1,996470,994225,2245
35402641,23.9984,0.348792,2269,96360,0.0770043,0,1,996494,994225,2269
35402641,23.9986,0.305193,2293,96360,0.0693038,0,1,996518,994225,2293
35402641,22.7487,0.267044,2307,96360,0.0623734,0,1,996532,994225,2307
35405561,1060.03,1294.98,270,96360,0.156136,0,1,1004853,1004583,270
35408481,933.526,1133.11,318,97820,0.240523,0,1,1004901,1004583,318
35411401,822.836,991.472,366,99280,0.31647,0,1,1004949,1004583,366
35414321,725.981,867.538,414,100740,0.384823,0,1,1004997,1004583,414
35417241,641.233,759.096,462,102200,0.446341,0,1,1005045,1004583,462
35420161,567.079,664.209,510,103660,0.501707,0,1,1005093,1004583,510
35423081,502.194,581.183,558,105120,0.551536,0,1,1005141,1004583,558
35426001,445.42,508.535,606,106580,0.596382,0,1,1005189,1004583,606
35434761,314.24,340.679,750,110960,0.705763,0,2,1005333,1004583,750
35437681,280.96,298.094,798,112420,0.735187,0,2,1005381,1004583,798
35440601,251.84,260.832,846,113880,0.761668,0,2,1005429,1004583,846
35443521,226.36,228.228,894,115340,0.785501,0,2,1005477,1004583,894
35446441,204.065,199.7,942,116800,0.806951,0,2,1005525,1004583,942
35449361,184.557,174.737,990,118260,0.826256,0,2,1005573,1004583,990
35452281,167.487,152.895,1038,119720,0.84363,0,2,1005621,1004583,1038
35455201,152.552,133.783,1086,121180,0.859267,0,2,1005669,1004583,1086
35458121,139.483,117.06,1134,122640,0.873341,0,2,1005717,1004583,1134
35461041,128.047,102.428,1182,124100,0.886006,0,2,1005765,1004583,1182
35463961,118.041,89.6242,1230,125560,0.897406,0,2,1005813,1004583,1230
35466881,109.286,78.4212,1278,127020,0.907665,0,2,1005861,1004583,1278
35469801,101.625,68.6185,1326,128480,0.916899,0,2,1005909,1004583,1326
35472721,94.9222,60.0412,1374,129940,0.925209,0,2,1005957,1004583,1374
35475641,89.057,52.5361,1422,131400,0.932688,0,2,1006005,1004583,1422
35478561,83.9248,45.9691,1470,132860,0.938419,0,2,1006053,1004583,1470
35481481,79.4342,40.2229,1518,134320,0.940577,0,2,1006101,1004583,1518
35484401,75.505,35.1951,1566,135780,0.93752,0,2,1006149,1004583,1566
35487321,72.0668,30.7957,1614,137240,0.931768,0,2,1006197,1004583,1614
35487321,66.0585,26.9462,1638,138700,0.927591,0,2,1006221,1004583,1638
35487321,60.8012,23.5779,1662,138700,0.919832,0,2,1006245,1004583,1662
35487321,56.201,20.6307,1686,138700,0.908849,0,2,1006269,1004583,1686
35487321,52.3009,18.0519,1711,126220,0.896964,0.81,2,1006294,1004583,1711
35487321,48.7633,15.7954,1735,125455,0.882267,0,2,1006318,1004583,1735
35487321,45.6679,13.821,1759,125072,0.867041,0,2,1006342,1004583,1759
35487321,42.9594,12.0933,1783,123229,0.849337,0,2,1006366,1004583,1783
35487321,40.5895,10.5817,1807,121387,0.831403,0,2,1006390,1004583,1807
35487321,38.5158,9.25896,1831,119544,0.813263,0,2,1006414,1004583,1831
35487321,36.7013,8.10159,1855,117701,0.797936,0,2,1006438,1004583,1855
35487321,35.1136,7.08889,1879,115858,0.783143,0,2,1006462,1004583,1879
35487321,33.7244,6.20278,1903,112556,0.770828,0,2,1006486,1004583,1903
35487321,32.5089,5.42743,1927,110713,0.760746,0,2,1006510,1004583,1927
35487321,31.4453,4.749,1951,107410,0.752671,0,2,1006534,1004583,1951
35487321,30.5146,4.15538,1975,105567,0.744404,0,2,1006558,1004583,1975
35487321,29.7003,3.63596,1999,102264,0.737964,0,2,1006582,1004583,1999
35487321,28.9878,3.18146,2023,98962,0.733167,0,2,1006606,1004583,2023
35487321,28.3643,2.78378,2047,95560,0.72985,0,2,1006630,1004583,2047
35487321,27.8187,2.43581,2071,92640,0.727865,0,2,1006654,1004583,2071
35487321,27.3414,2.13133,2095,89720,0.727079,0,2,1006678,1004583,2095
35487321,26.9237,1.86491,2119,86800,0.727371,0,2,1006702,1004583,2119
35487321,26.5583,1.6318,2143,82420,0.728634,0,2,1006726,1004583,2143
35487321,26.2385,1.42783,2167,82420,0.73077,0,2,1006750,1004583,2167
35487321,25.9587,1.24935,2191,82420,0.733693,0,2,1006774,1004583,2191
35487321,25.7138,1.09318,2215,82420,0.729324,0,2,1006798,1004583,2215
35487321,25.4996,0.956531,2239,82420,0.723392,0,2,1006822,1004583,2239
35487321,25.3122,0.836965,2263,82420,0.719052,0,2,1006846,1004583,2263
35487321,25.1481,0.732344,2287,82420,0.716147,0,2,1006870,1004583,2287
35487321,25.0046,0.640801,2311,82420,0.713533,0,2,1006894,1004583,2311
35487321,24.879,0.560701,2335,82420,0.712179,0,2,1006918,1004583,2335
35487321,24.7692,0.490613,2359,82420,0.709961,0,2,1006942,1004583,2359
35487321,24.673,0.429287,2383,82420,0.708965,0,2,1006966,1004583,2383
35487321,24.5889,0.375626,2407,82420,0.709069,0,2,1006990,1004583,2407
35487321,24.5153,0.328673,2431,82420,0.709162,0,2,1007014,1004583,2431
35487321,24.4509,0.287589,2455,82420,0.708246,0,2,1007038,1004583,2455
35487321,24.3945,0.25164,2479,82420,0.707421,0,2,1007062,1004583,2479
35487321,24.3452,0.220185,2503,82420,0.705679,0,2,1007086,1004583,2503
35487321,24.302,0.192662,2527,70740,0.704111,0,2,1007110,1004583,2527
35487321,21.7643,0.168579,2531,69280,0.7047,0,2,1007114,1004583,2531
35487321,22.0438,0.147507,2555,67720,0.70223,0,2,1007138,1004583,2555
35487321,19.7883,0.129068,2559,67520,0.702007,0,2,1007142,1004583,2559
35512141,21.6075,102.58,1090,71900,0.593443,0.67,1,1007600,1006510,1090
35515061,21.9065,95.7575,1066,71900,0.580099,0.68,1,1007624,1006558,1066
35516521,22.1682,86.7878,1066,71900,0.566089,0.69,1,1007648,1006582,1066
35519441,22.3972,78.9394,1066,71900,0.55148,0.7,1,1007672,1006606,1066
35522361,22.5975,72.0719,1066,71900,0.536332,0.71,1,1007696,1006630,1066
35523821,22.7728,66.0629,1066,71900,0.520699,0.72,1,1007720,1006654,1066
35526741,22.9262,60.8051,1066,71900,0.504629,0.73,1,1007744,1006678,1066
35528201,23.0605,56.2044,1066,71900,0.488166,0.74,1,1007768,1006702,1066
35531121,23.1779,52.1789,1066,71900,0.47135,0.75,1,1007792,1006726,1066
35532581,23.2807,48.6565,1066,71900,0.454215,0.76,1,1007816,1006750,1066
35535501,23.3706,45.5745,1066,71900,0.436793,0.69,1,1007840,1006774,1066
35536961,23.4493,42.8777,1066,71900,0.419114,0.67,1,1007864,1006798,1066
35539881,23.5181,40.5179,1066,71900,0.401202,0.68,1,1007888,1006822,1066
35541341,23.5783,38.4532,1066,71900,0.383082,0.69,1,1007912,1006846,1066
35544261,23.631,36.6466,1066,71900,0.364774,0.69,1,1007936,1006870,1066
35545721,23.6772,35.0657,1066,71900,0.346297,0.7,1,1007960,1006894,1066
35548641,23.7175,33.6825,1066,71900,0.327667,0.69,1,1007984,1006918,1066
35550101,23.7528,32.4722,1066,71900,0.3089,0.7,1,1008008,1006942,1066
35551561,23.7837,31.4132,1066,71900,0.35601,0.71,1,1008032,1006966,1066
35576381,23.8108,30.4865,1066,72040,0.400409,0.71,1,1008056,1006990,1066
35577841,23.8344,29.6757,1066,71900,0.437368,0.7,1,1008080,1007014,1066
35579301,23.8551,28.9662,1066,72040,0.472631,0.7,1,1008104,1007038,1066
35580761,23.8732,28.3455,1066,71900,0.501368,0.69,1,1008128,1007062,1066
35582221,23.8891,27.8023,1066,72040,0.530231,0.69,1,1008152,1007086,1066
35583681,23.9029,27.327,1066,71900,0.554208,0.68,1,1008176,1007110,1066
35585141,23.9151,27.4111,1062,72040,0.577788,0.68,1,1008200,1007138,1062
35586601,23.9257,27.4847,1058,71900,0.597009,0.67,1,1008224,1007166,1058
35617921,20.0912,23.7458,1021,97820,0.728173,0,2,1008373,1007352,1021
35617921,18.0798,20.7776,1025,97820,0.755356,0,2,1008377,1007352,1025
35620841,21.8198,102.68,397,97820,0.77982,0.12,2,1008425,1008028,397
35623761,25.0924,89.8454,445,99280,0.801838,0.12,2,1008473,1008028,445
35626681,27.9558,78.6147,493,100740,0.821654,0.12,2,1008521,1008028,493
35629601,30.4613,68.7878,541,102200,0.839489,0.12,2,1008569,1008028,541
35632521,32.6537,60.1894,589,103660,0.85554,0.12,2,1008617,1008028,589
35635441,34.572,52.6657,637,105120,0.869986,0.12,2,1008665,1008028,637
35638361,36.2505,46.0825,685,106580,0.882987,0.12,2,1008713,1008028,685
35641281,37.7192,40.3222,733,108040,0.894689,0.12,2,1008761,1008028,733
35644201,39.0043,35.2819,781,109500,0.90522,0.12,2,1008809,1008028,781
35647121,40.1287,30.8717,829,109500,0.914698,0.12,2,1008857,1008028,829
35650041,41.1126,27.0127,877,110960,0.923228,0.12,2,1008905,1008028,877
35652961,41.9736,23.6361,925,110960,0.930905,0.12,2,1008953,1008028,925
35655881,42.7269,20.6816,973,110960,0.937815,0.12,2,1009001,1008028,973
35658801,43.386,18.0964,1021,110960,0.944033,0.12,2,1009049,1008028,1021
35661721,43.9628,15.8344,1069,112420,0.94963,0.12,2,1009097,1008028,1069
35673401,45.6334,15.7193,1209,113880,0.944512,0.76,2,1009289,1008080,1209
35676321,45.9293,19.7544,1209,113880,0.934061,0.77,2,1009337,1008128,1209
35679241,46.1881,23.2851,1209,113880,0.920655,0.77,2,1009385,1008176,1209
35682161,46.4146,26.3745,1209,115340,0.904589,0.77,2,1009433,1008224,1209
35685081,46.6128,29.0777,1209,115340,0.88613,0.79,2,1009481,1008272,1209
35688001,46.7862,31.5679,1208,115340,0.865517,0.79,2,1009529,1008321,1208
35690921,46.9379,31.122,1228,116800,0.822966,0.79,2,1009577,1008349,1228
35693841,47.0707,27.2317,1276,116800,0.776669,0.79,2,1009625,1008349,1276
35696761,47.1868,23.8277,1324,116800,0.727002,0.79,2,1009673,1008349,1324
35705521,47.4552,15.9627,1468,118260,0.585425,0.79,1,1009817,1008349,1468
35708441,47.5233,13.9674,1516,118260,0.542882,0.79,1,1009865,1008349,1516
35708441,44.5829,12.2215,1540,118260,0.503594,0,1,1009889,1008349,1540
35708441,42.0101,10.6938,1564,118260,0.467235,0,1,1009913,1008349,1564
35708441,39.7588,9.35706,1588,118260,0.433511,0,1,1009937,1008349,1588
35708441,37.7889,8.18743,1612,44460,0.40416,0.13,1,1009961,1008349,1612
35708441,36.1903,7.164,1637,44460,0.378744,0,1,1009986,1008349,1637
35708441,34.6665,6.2685,1661,44460,0.35687,0,1,1010010,1008349,1661
35708441,33.3332,5.48494,1685,44460,0.338183,0,1,1010034,1008349,1685
35708441,32.1666,4.79932,1709,43000,0.322364,0,1,1010058,1008349,1709
35708441,31.1457,4.1994,1733,43000,0.309128,0,1,1010082,1008349,1733
35708441,30.2525,3.67448,1757,41540,0.298215,0,1,1010106,1008349,1757
35708441,29.471,3.21517,1781,41540,0.289394,0,1,1010130,1008349,1781
35708441,28.7871,2.81327,1805,41540,0.282454,0,1,1010154,1008349,1805
35708441,28.1887,2.46161,1829,41540,0.277209,0,1,1010178,1008349,1829
35708441,27.6651,2.15391,1853,40080,0.273488,0,1,1010202,1008349,1853
35708441,27.207,1.88467,1877,40080,0.271139,0,1,1010226,1008349,1877
35708441,26.8061,1.64909,1901,40080,0.270025,0,1,1010250,1008349,1901
35708441,26.4553,1.44295,1925,40080,0.270023,0,1,1010274,1008349,1925
35708441,26.1484,1.26258,1949,38620,0.27002,0,1,1010298,1008349,1949
35708441,25.8799,1.10476,1973,38620,0.270018,0,1,1010322,1008349,1973
35708441,25.6449,0.966665,1997,38620,0.270017,0,1,1010346,1008349,1997
35708441,25.4393,0.845832,2021,38620,0.270015,0,1,1010370,1008349,2021
35708441,25.2594,0.740103,2045,37160,0.270013,0,1,1010394,1008349,2045
35708441,25.1019,0.64759,2069,37160,0.270012,0,1,1010418,1008349,2069
35708441,24.9642,0.566642,2093,37160,0.270011,0,1,1010442,1008349,2093
35708441,24.8437,0.495811,2117,37160,0.27001,0,1,1010466,1008349,2117
35708441,23.1132,0.433835,2128,35700,0.269009,0,1,1010477,1008349,2128
35715741,23.2241,198.88,564,34900,0.266108,0.14,1,1010501,1009937,564
35720121,23.3211,177.02,564,37160,0.261497,0.16,1,1010525,1009961,564
35720121,23.4059,154.892,588,35700,0.255347,0,1,1010549,1009961,588
35727421,23.4802,141.656,563,35700,0.247813,0.2,1,1010573,1010010,563
35727421,23.5452,123.949,587,31320,0.239031,0,1,1010597,1010010,587
35727421,23.602,108.455,611,31320,0.229128,0,1,1010621,1010010,611
35727421,23.6518,94.8982,635,31320,0.218215,0,1,1010645,1010010,635
35734721,23.6953,95.036,563,31320,0.206394,0.24,1,1010669,1010106,563
35734721,23.7334,83.1565,587,26940,0.193754,0,1,1010693,1010106,587
35734721,23.7667,72.7619,611,26940,0.180379,0,1,1010717,1010106,611
35734721,23.7959,63.6667,635,26940,0.166341,0,1,1010741,1010106,635
35742021,23.8214,67.7083,563,26940,0.151707,0.27,1,1010765,1010202,563
35742021,23.8437,59.2448,587,22560,0.136536,0,1,1010789,1010202,587
35742021,23.8632,51.8392,611,22560,0.122883,0,1,1010813,1010202,611
35742021,23.8803,45.3593,635,22560,0.110594,0,1,1010837,1010202,635
35749321,23.8953,51.6894,563,22560,0.099535,0.27,1,1010861,1010298,563
35749321,23.9084,45.2282,587,18180,0.0895815,0,1,1010885,1010298,587
35749321,23.9198,39.5747,611,18180,0.0806233,0,1,1010909,1010298,611
35749321,23.9299,34.6278,635,18180,0.072561,0,1,1010933,1010298,635
35753701,23.8136,42.2994,562,18180,0.0653049,0.27,1,1010956,1010394,562
35753701,23.8369,37.0119,586,16720,0.0587744,0,1,1010980,1010394,586
35757281,23.8573,38.3855,562,16720,0.052897,0,1,1011004,1010442,562
35757281,22.2501,33.5873,573,81760,0.0476073,0,1,1011015,1010442,573
35760201,2552.84,2600.64,270,81760,0.131847,0,1,1031282,1031012,270
35763121,2239.74,2275.56,318,83220,0.209662,0,1,1031330,1031012,318
35766041,1965.77,1991.11,366,84680,0.281696,0,1,1031378,1031012,366
35768961,1726.05,1742.22,414,86140,0.348526,0,1,1031426,1031012,414
35771881,1516.29,1524.45,462,87600,0.410674,0,1,1031474,1031012,462
35774801,1332.76,1333.89,510,89060,0.468606,0,1,1031522,1031012,510
35777721,1172.16,1167.15,558,90520,0.521746,0,1,1031570,1031012,558
35780641,1031.64,1021.26,606,91980,0.569571,0,1,1031618,1031012,606
35792321,624.593,598.644,798,97820,0.717596,0,2,1031810,1031012,798
35795241,552.519,523.813,846,99280,0.745836,0,2,1031858,1031012,846
35798161,489.454,458.337,894,100740,0.771252,0,2,1031906,1031012,894
35801081,434.272,401.045,942,102200,0.794127,0,2,1031954,1031012,942
35804001,385.988,350.914,990,103660,0.814714,0,2,1032002,1031012,990
35806921,343.74,307.05,1038,105120,0.833243,0,2,1032050,1031012,1038
35809841,306.772,268.669,1086,106580,0.849919,0,2,1032098,1031012,1086
35812761,274.426,235.085,1134,108040,0.864927,0,2,1032146,1031012,1134
35815681,246.122,205.699,1182,109500,0.878434,0,2,1032194,1031012,1182
35818601,221.357,179.987,1230,110960,0.890591,0,2,1032242,1031012,1230
35821521,199.687,157.489,1278,112420,0.901532,0,2,1032290,1031012,1278
35824441,180.727,137.803,1326,113880,0.911379,0,2,1032338,1031012,1326
35827361,164.136,120.577,1374,115340,0.920241,0,2,1032386,1031012,1374
35830281,149.619,105.505,1422,116800,0.928217,0,2,1032434,1031012,1422
35833201,136.916,92.3169,1470,118260,0.935395,0,2,1032482,1031012,1470
35836121,125.802,80.7773,1518,119720,0.941855,0,2,1032530,1031012,1518
35839041,116.077,70.6802,1566,121180,0.94767,0.89,2,1032578,1031012,1566
35853641,82.9171,65.8799,1440,128480,0.93506,0.95,2,1032818,1031378,1440
35856561,78.5525,63.6449,1440,129940,0.913554,0.97,2,1032866,1031426,1440
35859481,74.7334,61.6893,1440,131400,0.886198,0.97,2,1032914,1031474,1440
35862401,71.3917,53.9781,1488,132860,0.853578,0.99,2,1032962,1031474,1488
35865321,68.4678,53.2308,1488,134320,0.816221,1,2,1033010,1031522,1488
35866781,65.9093,52.577,1488,135780,0.774599,1,2,1033058,1031570,1488
35866781,60.6706,46.0049,1512,135780,0.733139,0,2,1033082,1031570,1512
35866781,42.8924,23.5963,1633,82260,0.585289,0,1,1033203,1031570,1633
35866781,40.5309,20.6468,1657,80800,0.54876,0,1,1033227,1031570,1657
35866781,38.4645,18.0659,1681,79340,0.515884,0,1,1033251,1031570,1681
35866781,36.6565,15.8077,1705,77880,0.487295,0,1,1033275,1031570,1705
35866781,35.0744,13.8317,1729,76420,0.462566,0,1,1033299,1031570,1729
35866781,33.6901,12.1028,1753,73500,0.441309,0,1,1033323,1031570,1753
35866781,32.4788,10.5899,1777,72040,0.423178,0,1,1033347,1031570,1777
35866781,31.419,9.26617,1801,69120,0.40786,0,1,1033371,1031570,1801
35866781,30.4916,8.1079,1825,67660,0.395074,0,1,1033395,1031570,1825
35866781,29.6802,7.09441,1849,67660,0.384567,0,1,1033419,1031570,1849
35866781,28.9701,6.20761,1873,67660,0.37611,0,1,1033443,1031570,1873
35866781,28.3489,5.43166,1897,67660,0.369499,0,1,1033467,1031570,1897
35866781,27.8053,4.7527,1921,67660,0.364549,0,1,1033491,1031570,1921
35866781,27.3296,4.15862,1945,67660,0.361094,0,1,1033515,1031570,1945
35866781,26.9134,3.63879,1969,50140,0.357985,0,1,1033539,1031570,1969
35866781,26.5492,3.18394,1993,47220,0.355186,0,1,1033563,1031570,1993
35866781,26.2306,2.78595,2017,45760,0.352668,0,1,1033587,1031570,2017
35866781,25.9518,2.4377,2041,45760,0.350401,0,1,1033611,1031570,2041
35866781,25.7078,2.13299,2065,44300,0.348361,0,1,1033635,1031570,2065
35866781,25.4943,1.86637,2089,44300,0.346525,0,1,1033659,1031570,2089
35866781,25.3075,1.63307,2113,42840,0.344872,0,1,1033683,1031570,2113
35866781,25.1441,1.42894,2137,42840,0.343385,0,1,1033707,1031570,2137
35866781,23.0011,1.25032,2145,39920,0.342047,0,1,1033715,1031570,2145
35872621,23.1259,193.094,633,39920,0.338842,0.36,1,1033739,1033106,633
35875541,23.2352,172.082,632,41380,0.337958,0.37,1,1033763,1033131,632
35878461,23.3308,153.572,632,42340,0.339162,0.38,1,1033787,1033155,632
35881381,23.4144,137.375,632,41380,0.338246,0.39,1,1033811,1033179,632
35884301,23.4876,123.204,632,42340,0.339421,0.22,1,1033835,1033203,632
35887221,23.5517,110.803,632,41380,0.338479,0.22,1,1033859,1033227,632
35888681,23.6077,99.9527,632,42340,0.339631,0.23,1,1033883,1033251,632
35891601,23.6568,90.4586,632,41380,0.338668,0.24,1,1033907,1033275,632
35894521,23.6997,82.1513,632,42340,0.339801,0.25,1,1033931,1033299,632
35895981,23.7372,74.8824,632,41380,0.338821,0.26,1,1033955,1033323,632
35898901,23.7701,68.5221,632,42340,0.339939,0.27,1,1033979,1033347,632
35909121,23.7988,62.9568,632,41380,0.338945,0.3,1,1034003,1033371,632
35909121,23.8239,55.0872,656,39420,0.340051,0,1,1034027,1033371,656
35909121,23.846,48.2013,680,39420,0.339046,0,1,1034051,1033371,680
35910581,23.8652,51.1762,632,39420,0.336141,0.31,1,1034075,1033443,632
35912041,23.8821,47.7791,632,38460,0.331527,0.32,1,1034099,1033467,632
35913501,23.8968,44.8067,632,39420,0.329374,0.33,1,1034123,1033491,632
35914961,23.9097,42.2059,632,38460,0.325437,0.33,1,1034147,1033515,632
35916421,23.921,39.9302,632,39420,0.323893,0.33,1,1034171,1033539,632
35917881,23.9309,37.9389,632,38460,0.320504,0.33,1,1034195,1033563,632
35919341,23.9395,36.1965,632,39420,0.319453,0.33,1,1034219,1033587,632
35920801,23.9471,34.672,632,38460,0.316508,0.33,1,1034243,1033611,632
35922261,23.9537,33.338,632,39420,0.315857,0.33,1,1034267,1033635,632
35923721,23.9595,32.1707,632,38460,0.313272,0.33,1,1034291,1033659,632
35925181,23.9645,31.1494,632,39420,0.312944,0.33,1,1034315,1033683,632
35928101,23.969,30.2557,632,38460,0.31065,0.31,1,1034339,1033707,632
35929561,23.9729,30.4737,624,39420,0.310585,0.31,1,1034363,1033739,624
35932481,23.9762,26.6645,648,38460,0.308526,0.33,1,1034387,1033739,648
35936861,23.9792,26.3315,648,39420,0.308674,0.33,1,1034411,1033763,648
35941241,23.9818,23.04,672,38460,0.306806,0.33,1,1034435,1033763,672
35945621,23.9841,26.16,648,39420,0.307126,0.33,1,1034459,1033811,648
35947081,23.9861,22.89,672,38460,0.305413,0.33,1,1034483,1033811,672
35951461,23.8628,26.0288,647,39420,0.305872,1,1,1034506,1033859,647
35951461,23.88,22.7752,671,38460,0.306285,0,1,1034530,1033859,671
35951461,23.895,19.9283,695,37960,0.306656,0.31,1,1034554,1033859,695
35951461,23.9081,17.4372,719,37960,0.306991,0,1,1034578,1033859,719
35951461,23.9196,15.2576,743,37960,0.307292,0,1,1034602,1033859,743
35951461,23.9296,13.3504,767,37960,0.307562,0,1,1034626,1033859,767
35951461,23.9384,11.6816,791,37960,0.307806,0,1,1034650,1033859,791
35951461,23.9461,10.2214,815,37960,0.308026,0,1,1034674,1033859,815
35951461,23.9529,8.94372,839,37960,0.308223,0,1,1034698,1033859,839
35951461,23.9588,7.82575,863,37960,0.308401,0,1,1034722,1033859,863
35951461,23.9639,6.84753,887,37960,0.308561,0,1,1034746,1033859,887
35951461,23.9684,5.99159,911,37960,0.308705,0,1,1034770,1033859,911
35951461,23.9724,5.24264,935,37960,0.308834,0,1,1034794,1033859,935
35951461,23.9758,4.58731,959,37960,0.308951,0,1,1034818,1033859,959
35951461,23.9788,4.0139,983,37960,0.309056,0,1,1034842,1033859,983
35951461,23.9815,3.51216,1007,37960,0.30915,0,1,1034866,1033859,1007
35951461,23.9838,3.07314,1031,37960,0.309235,0,1,1034890,1033859,1031
35951461,23.9858,2.689,1055,37960,0.309312,0,1,1034914,1033859,1055
35951461,23.9876,2.35287,1079,37960,0.30938,0,1,1034938,1033859,1079
35951461,23.9891,2.05876,1103,37960,0.309442,0,1,1034962,1033859,1103
35951461,23.9905,1.80142,1127,37960,0.309498,0,1,1034986,1033859,1127
35951461,23.9917,1.57624,1151,37960,0.309548,0,1,1035010,1033859,1151
35951461,23.9927,1.37921,1175,37960,0.309593,0,1,1035034,1033859,1175
35951461,23.9936,1.20681,1199,37960,0.309634,0,1,1035058,1033859,1199
35951461,23.9944,1.05596,1223,37960,0.309671,0,1,1035082,1033859,1223
35951461,23.9951,0.923964,1247,37960,0.309704,0,1,1035106,1033859,1247
35951461,23.9957,0.808468,1271,37960,0.309733,0,1,1035130,1033859,1271
35992841,23.9963,84.5824,624,37960,0.30976,0.31,1,1035154,1034530,624
35995761,26.9967,77.0096,648,96360,0.378784,0.31,1,1035202,1034554,648
35998681,29.6221,73.3834,648,97820,0.440906,0.31,1,1035250,1034602,648
36001601,31.9194,70.2105,648,99280,0.496815,0.31,1,1035298,1034650,648
36004521,33.9295,67.4342,648,100740,0.547134,0.31,1,1035346,1034698,648
36007441,35.6883,65.0049,648,102200,0.59242,0.31,1,1035394,1034746,648
36016201,39.7521,59.392,648,103660,0.702874,0.31,2,1035538,1034890,648
36019121,40.7831,57.968,648,103660,0.732587,0.31,2,1035586,1034938,648
36022041,41.6852,56.722,648,105120,0.759328,0.31,2,1035634,1034986,648
36024961,42.4746,55.6317,648,105120,0.783395,0.31,2,1035682,1035034,648
36027881,43.1652,54.6778,648,105120,0.805056,0.31,2,1035730,1035082,648
36030801,43.7696,53.843,648,106580,0.82455,0.31,2,1035778,1035130,648
36033721,44.2984,50.1127,672,106580,0.842095,0.31,2,1035826,1035154,672
36036641,44.7611,43.8486,720,106580,0.857886,0.31,2,1035874,1035154,720
36039561,45.1659,38.3675,768,106580,0.872097,0.31,2,1035922,1035154,768
36042481,45.5202,33.5716,816,108040,0.884887,0.31,2,1035970,1035154,816
36045401,45.8302,29.3751,864,108040,0.896399,0.31,2,1036018,1035154,864
36048321,46.1014,25.7032,912,109500,0.906759,0.31,2,1036066,1035154,912
36051241,46.3387,22.4903,960,109500,0.916083,0.31,2,1036114,1035154,960
36054161,46.5464,19.679,1008,109500,0.924475,0.31,2,1036162,1035154,1008
36057081,46.7281,17.2192,1056,110960,0.932027,0.31,2,1036210,1035154,1056
36060001,46.8871,15.0668,1104,110960,0.938824,0.31,2,1036258,1035154,1104
36062921,47.0262,13.1834,1152,110960,0.944942,0.31,2,1036306,1035154,1152
36068761,47.2544,10.0936,1248,112420,0.938403,0.31,2,1036402,1035154,1248
36071681,47.3476,8.83186,1296,112420,0.920563,0.31,2,1036450,1035154,1296
36074601,47.4292,7.72788,1344,112420,0.900506,0.31,2,1036498,1035154,1344
36077521,47.5005,6.76189,1392,113880,0.878456,0.31,2,1036546,1035154,1392
36080441,47.563,5.91666,1440,113880,0.85361,0.31,2,1036594,1035154,1440
36083221,47.2426,5.17707,1485,113880,0.851249,1,2,1036639,1035154,1485
36084681,47.3373,5.27994,1527,115340,0.851124,1,2,1036687,1035160,1527
36084681,44.4201,4.61995,1551,115340,0.851012,0,2,1036711,1035160,1551
36084681,41.8676,4.04245,1575,115340,0.849911,0,2,1036735,1035160,1575
36084681,39.6341,3.53715,1599,113620,0.84992,0.84,2,1036759,1035160,1599
36084681,37.6799,3.095,1623,112688,0.846928,0,2,1036783,1035160,1623
36084681,35.9699,2.70813,1647,112221,0.845235,0,2,1036807,1035160,1647
36084681,34.5987,2.36961,1672,111755,0.840711,0,2,1036832,1035160,1672
36084681,33.2738,2.07341,1696,111288,0.83764,0,2,1036856,1035160,1696
36084681,32.1146,1.81423,1720,110822,0.832876,0,2,1036880,1035160,1720
36084681,31.1003,1.58745,1744,108895,0.825589,0,2,1036904,1035160,1744
36084681,30.2127,1.38902,1768,106969,0.82003,0,2,1036928,1035160,1768
36084681,29.4361,1.2154,1792,106502,0.813027,0,2,1036952,1035160,1792
36084681,28.7566,1.06347,1816,104576,0.803724,0,2,1036976,1035160,1816
36084681,28.162,0.930537,1840,104109,0.796352,0,2,1037000,1035160,1840
36084681,27.6418,0.81422,1864,102183,0.788716,0,2,1037024,1035160,1864
36084681,27.1866,0.712442,1888,100257,0.780845,0,2,1037048,1035160,1888
36084681,26.7882,0.623387,1912,99790,0.77176,0,2,1037072,1035160,1912
36084681,26.4397,0.545464,1936,96404,0.762584,0,2,1037096,1035160,1936
36084681,26.1348,0.477281,1960,95937,0.753326,0,2,1037120,1035160,1960
36084681,25.8679,0.417621,1984,94011,0.743993,0,2,1037144,1035160,1984
36084681,25.6344,0.365418,2008,93544,0.736594,0,2,1037168,1035160,2008
36084681,25.4301,0.319741,2032,90158,0.725935,0,2,1037192,1035160,2032
36084681,25.2514,0.279773,2056,88231,0.717341,0,2,1037216,1035160,2056
36084681,25.0949,0.244802,2080,87765,0.710607,0,2,1037240,1035160,2080
36084681,24.9581,0.214201,2104,84378,0.703546,0,2,1037264,1035160,2104
36132861,23.997,63.0371,1028,75660,0.596917,0.65,1,1038292,1037264,1028
36134321,23.9974,58.1575,1028,75660,0.584226,0.65,1,1038316,1037288,1028
36137241,23.9977,53.8878,1028,75660,0.570803,0.65,1,1038340,1037312,1028
36138701,23.998,50.1518,1028,75660,0.556723,0.65,1,1038364,1037336,1028
36143081,23.9982,46.8828,1028,75660,0.542051,0.65,1,1038388,1037360,1028
36144541,23.9984,44.0225,1028,75660,0.526845,0.65,1,1038412,1037384,1028
36148921,23.9986,41.5197,1028,75660,0.511161,0.65,1,1038436,1037408,1028
36150381,23.9988,39.3297,1028,75660,0.495045,0.65,1,1038460,1037432,1028
36153301,23.999,37.4135,1028,75660,0.47854,0.65,1,1038484,1037456,1028
36154761,23.9991,35.7368,1028,75660,0.461686,0.63,1,1038508,1037480,1028
36159141,23.9992,36.7697,1008,75660,0.444518,0.63,1,1038532,1037524,1008
36160601,23.9993,35.1735,1008,75660,0.427066,0.63,1,1038556,1037548,1008
36164981,23.9994,33.7768,1008,75660,0.409359,0.63,1,1038580,1037572,1008
36166441,23.9995,32.5547,1008,75660,0.392423,0.63,1,1038604,1037596,1008
36167901,23.9995,31.4854,1008,75660,0.375181,0.63,1,1038628,1037620,1008
36170821,23.8746,30.5497,1007,75660,0.357663,0.63,1,1038651,1037644,1007
36207061,23.8903,29.731,1007,75660,0.339897,0.62,1,1038675,1037668,1007
36209981,26.904,29.0146,1031,81760,0.319907,0.62,1,1038723,1037692,1031
36212901,29.541,31.3878,1031,83220,0.297916,0.62,1,1038771,1037740,1031
36214881,29.9734,33.4643,1016,83220,0.274125,0,1,1038804,1037788,1016
36214881,29.2267,29.2813,1040,83220,0.250712,0,1,1038828,1037788,1040
36214881,28.5734,25.6211,1064,83220,0.227641,0,1,1038852,1037788,1064
36214881,28.0017,22.4185,1088,83220,0.204877,0,1,1038876,1037788,1088
36214881,27.5015,19.6162,1112,83220,0.184389,0,1,1038900,1037788,1112
36214881,27.0638,17.1641,1136,83220,0.16595,0,1,1038924,1037788,1136
36214881,26.6808,15.0186,1160,83220,0.149355,0,1,1038948,1037788,1160
36214881,26.3457,13.1413,1184,83220,0.13442,0,1,1038972,1037788,1184
36214881,26.0525,11.4986,1208,83220,0.120978,0,1,1038996,1037788,1208
36214881,25.7959,10.0613,1232,83220,0.10888,0,1,1039020,1037788,1232
36214881,25.5714,8.80364,1256,83220,0.097992,0,1,1039044,1037788,1256
36214881,25.375,7.70319,1280,83220,0.0881928,0,1,1039068,1037788,1280
36214881,25.2031,6.74029,1304,83220,0.0793735,0,1,1039092,1037788,1304
36214881,23.1777,5.89775,1313,83220,0.0714361,0,1,1039101,1037788,1313
36217801,3152.53,3267.79,270,83220,0.155293,0,1,1064159,1063889,270
36220721,2764.46,2859.31,318,84680,0.232763,0,1,1064207,1063889,318
36223641,2424.91,2501.9,366,86140,0.304487,0,1,1064255,1063889,366
36226561,2127.79,2189.16,414,87600,0.371038,0,1,1064303,1063889,414
36229481,1867.82,1915.52,462,89060,0.432934,0,1,1064351,1063889,462
36232401,1640.34,1676.08,510,90520,0.489641,0,1,1064399,1063889,510
36235321,1441.3,1466.57,558,91980,0.540677,0,1,1064447,1063889,558
36238241,1267.14,1283.25,606,93440,0.586609,0,1,1064495,1063889,606
36249921,762.635,752.215,798,99280,0.728774,0,2,1064687,1063889,798
36252841,673.306,658.188,846,100740,0.755897,0,2,1064735,1063889,846
36255761,595.143,575.915,894,102200,0.780307,0,2,1064783,1063889,894
36258681,526.75,503.925,942,103660,0.802276,0,2,1064831,1063889,942
36261601,466.906,440.935,990,105120,0.822049,0,2,1064879,1063889,990
36264521,414.543,385.818,1038,106580,0.839844,0,2,1064927,1063889,1038
36267441,368.725,337.591,1086,108040,0.85586,0,2,1064975,1063889,1086
36270361,328.634,295.392,1134,109500,0.870274,0,2,1065023,1063889,1134
36273281,293.555,258.468,1182,110960,0.883246,0,2,1065071,1063889,1182
36276201,262.861,226.159,1230,112420,0.894922,0,2,1065119,1063889,1230
36279121,236.003,197.889,1278,113880,0.905429,0,2,1065167,1063889,1278
36282041,212.503,173.153,1326,115340,0.914886,0,2,1065215,1063889,1326
36284961,191.94,151.509,1374,116800,0.923398,0,2,1065263,1063889,1374
36287881,173.947,132.57,1422,118260,0.931058,0,2,1065311,1063889,1422
36290801,158.204,115.999,1470,119720,0.937952,0,2,1065359,1063889,1470
36293721,144.428,101.499,1518,121180,0.944157,0,2,1065407,1063889,1518
36296641,132.375,88.8119,1566,122640,0.949741,0,2,1065455,1063889,1566
36317081,81.1337,65.5476,1488,132860,0.947341,0.99,2,1065791,1064303,1488
36320001,76.992,63.3541,1488,134320,0.926607,1,2,1065839,1064351,1488
36321461,73.368,61.4349,1488,135780,0.899947,1,2,1065887,1064399,1488
36321461,67.197,53.7555,1512,135780,0.871952,0,2,1065911,1064399,1512
36321461,61.7974,47.0361,1536,135780,0.842757,0,2,1065935,1064399,1536
36321461,57.1977,41.1566,1561,110560,0.817481,0.58,2,1065960,1064399,1561
36321461,53.048,36.012,1585,110051,0.793733,0,2,1065984,1064399,1585
36321461,49.417,31.5105,1609,109797,0.77336,0,2,1066008,1064399,1609
36321461,46.2399,27.5717,1633,108082,0.756024,0,2,1066032,1064399,1633
36321461,43.4599,24.1252,1657,106368,0.741421,0,2,1066056,1064399,1657
36321461,41.0274,21.1096,1681,104653,0.727279,0,2,1066080,1064399,1681
36321461,32.7335,10.8273,1801,91580,0.574357,0,1,1066200,1064399,1801
36321461,31.6418,9.47387,1825,90120,0.550921,0,1,1066224,1064399,1825
36321461,30.6866,8.28964,1849,87200,0.530829,0,1,1066248,1064399,1849
36321461,29.8508,7.25343,1873,87200,0.513746,0,1,1066272,1064399,1873
36321461,29.1194,6.34676,1897,87200,0.497372,0,1,1066296,1064399,1897
36321461,28.4795,5.55341,1921,87200,0.483635,0,1,1066320,1064399,1921
36321461,27.9196,4.85923,1945,87200,0.472271,0,1,1066344,1064399,1945
36321461,27.4296,4.25183,1969,87200,0.463044,0,1,1066368,1064399,1969
36321461,27.0009,3.72035,1993,87200,0.45574,0,1,1066392,1064399,1993
36321461,26.6258,3.25531,2017,65300,0.450166,0,1,1066416,1064399,2017
36321461,26.2976,2.84839,2041,60920,0.444149,0,1,1066440,1064399,2041
36321461,26.0104,2.49234,2065,56540,0.439734,0,1,1066464,1064399,2065
36321461,25.7591,2.1808,2089,55080,0.436761,0,1,1066488,1064399,2089
36321461,25.5392,1.9082,2113,52160,0.434085,0,1,1066512,1064399,2113
36321461,25.3468,1.66968,2137,52160,0.431676,0,1,1066536,1064399,2137
36321461,25.1784,1.46097,2161,52160,0.429509,0,1,1066560,1064399,2161
36321461,25.0311,1.27835,2185,52160,0.427558,0,1,1066584,1064399,2185
36321461,24.9022,1.11855,2209,50700,0.425802,0,1,1066608,1064399,2209
36321461,24.7895,0.978734,2233,50700,0.424222,0,1,1066632,1064399,2233
36321461,24.6908,0.856392,2257,47780,0.4228,0,1,1066656,1064399,2257
36321461,24.6044,0.749343,2281,47780,0.42152,0,1,1066680,1064399,2281
36321461,23.2789,0.655675,2295,47780,0.420368,0,1,1066694,1064399,2295
36321461,23.369,0.573716,2319,47780,0.417331,0,1,1066718,1064399,2319
36321461,20.9479,0.502001,2323,45460,0.416598,0,1,1066722,1064399,2323
36327301,21.3294,192.439,811,45460,0.413938,0.58,1,1066746,1065935,811
36330221,21.6632,174.509,786,52160,0.419544,0.59,1,1066770,1065984,786
36333141,21.9553,155.696,786,52560,0.42659,0.6,1,1066794,1066008,786
36336061,22.2109,139.234,786,52160,0.430931,0.6,1,1066818,1066032,786
36338981,22.4345,127.83,762,52560,0.436838,0.4,1,1066842,1066080,762
36341901,22.6302,114.851,762,52160,0.440154,0.38,1,1066866,1066104,762
36343361,22.8015,103.494,762,52560,0.445139,0.32,1,1066890,1066128,762
36346281,22.9513,96.5577,738,52160,0.447625,0.33,1,1066914,1066176,738
36349201,23.0824,87.4879,738,52560,0.451862,0.34,1,1066938,1066200,738
36350661,23.1971,79.552,738,52160,0.453676,0.35,1,1066962,1066224,738
36353581,23.2974,72.608,738,52560,0.457308,0.36,1,1066986,1066248,738
36356501,23.3853,66.532,738,52160,0.458578,0.35,1,1067010,1066272,738
36357961,23.4621,61.2155,738,52560,0.46172,0.36,1,1067034,1066296,738
36369641,23.5293,56.5635,738,52160,0.462548,0.37,1,1067058,1066320,738
36371101,23.5882,52.4931,738,52560,0.465293,0.39,1,1067082,1066344,738
36371101,23.6396,45.9315,762,52160,0.465764,0,1,1067106,1066344,762
36372561,23.6847,46.19,738,49640,0.466187,0.4,1,1067130,1066392,738
36374021,23.7241,43.4163,738,51100,0.468569,0.39,1,1067154,1066416,738
36375481,23.7586,40.9892,738,50700,0.468712,0.4,1,1067178,1066440,738
36376941,23.7888,38.8656,738,51100,0.470841,0.41,1,1067202,1066464,738
36378401,23.8152,37.0074,738,50700,0.470757,0.41,1,1067226,1066488,738
36379861,23.8383,35.3815,738,51100,0.472681,0.41,1,1067250,1066512,738
36381321,23.8585,33.9588,738,50700,0.472413,0.41,1,1067274,1066536,738
36382781,23.8762,32.7139,738,51100,0.474172,0.41,1,1067298,1066560,738
36384241,23.8917,31.6247,738,50700,0.473754,0.41,1,1067322,1066584,738
36385701,23.9052,30.6716,738,51100,0.475379,0.41,1,1067346,1066608,738
36387161,23.917,29.8377,738,50700,0.474841,0.41,1,1067370,1066632,738
36388621,23.9274,29.1079,738,51100,0.476357,0.41,1,1067394,1066656,738
36390081,23.9365,28.4695,738,50700,0.475721,0.39,1,1067418,1066680,738
36393001,23.9444,29.6608,724,51100,0.477149,0.39,1,1067442,1066718,724
36394461,23.9514,29.4532,720,50700,0.476434,0.39,1,1067466,1066746,720
36395921,23.9575,25.7715,744,51100,0.477791,0.39,1,1067490,1066746,744
36398841,23.9628,22.5501,768,50700,0.477012,0.39,1,1067514,1066746,768
36400301,23.9674,19.7313,792,51100,0.478311,0.39,1,1067538,1066746,792
36401761,23.9715,17.2649,816,50700,0.477479,0.47,1,1067562,1066746,816
36404681,23.9751,18.1068,816,51100,0.478732,0.47,1,1067586,1066770,816
36407601,23.9782,15.8434,840,50700,0.477858,0.47,1,1067610,1066770,840
36409061,23.9809,19.863,816,51100,0.479073,0.47,1,1067634,1066818,816
36416361,23.9833,17.3801,840,50700,0.478165,0.47,1,1067658,1066818,840
36420741,23.9854,21.2076,816,51100,0.479349,0.47,1,1067682,1066866,816
36422201,23.9872,18.5567,840,50700,0.478414,0.47,1,1067706,1066866,840
36429501,23.9888,22.2371,816,51100,0.479572,0.47,1,1067730,1066914,816
36433281,23.8652,19.4574,839,50700,0.478615,0.47,1,1067753,1066914,839
36433281,23.8821,17.0253,863,49640,0.477754,0,1,1067777,1066914,863
36433281,23.8968,14.8971,887,49640,0.476978,0,1,1067801,1066914,887
36433281,23.9097,13.035,911,49640,0.476281,0,1,1067825,1066914,911
36433281,23.921,11.4056,935,49640,0.475652,0,1,1067849,1066914,935
36433281,23.9309,9.9799,959,49640,0.475087,0,1,1067873,1066914,959
36433281,23.9395,8.73241,983,49640,0.474578,0,1,1067897,1066914,983
36446621,23.9471,31.6409,815,49640,0.474121,0.47,1,1067921,1067106,815
36449541,26.9537,30.6858,839,96360,0.526709,0.47,1,1067969,1067130,839
36452461,29.5845,32.85,839,97820,0.574038,0.47,1,1068017,1067178,839
36464141,37.2052,39.1194,839,100740,0.720526,0.47,2,1068209,1067370,839
36467061,38.5545,40.2294,839,100740,0.748474,0.47,2,1068257,1067418,839
36469981,39.7352,41.2008,839,100740,0.773626,0.47,2,1068305,1067466,839
36472901,40.7683,42.0507,839,102200,0.796264,0.47,2,1068353,1067514,839
36475821,41.6723,42.7943,839,102200,0.816637,0.47,2,1068401,1067562,839
36478741,42.4632,43.445,839,102200,0.834973,0.47,2,1068449,1067610,839
36481661,43.1553,44.0144,839,103660,0.851476,0.47,2,1068497,1067658,839
36484581,43.7609,44.5126,839,103660,0.866328,0.47,2,1068545,1067706,839
36487501,44.2908,44.8235,840,103660,0.879696,0.47,2,1068593,1067753,840
36490421,44.7544,45.2206,840,105120,0.891726,0.47,2,1068641,1067801,840
36493341,45.1601,45.568,840,105120,0.902553,0.47,2,1068689,1067849,840
36496261,45.5151,45.872,840,105120,0.912298,0.47,2,1068737,1067897,840
36499181,45.8257,43.138,864,106580,0.921068,0.47,2,1068785,1067921,864
36502101,46.0975,37.7458,912,106580,0.928962,0.47,2,1068833,1067921,912
36505021,46.3353,33.0275,960,106580,0.936065,0.47,2,1068881,1067921,960
36507941,46.5434,28.8991,1008,108040,0.942459,0.47,2,1068929,1067921,1008
36510861,46.7255,25.2867,1056,108040,0.948213,0.47,2,1068977,1067921,1056
36525461,47.3463,12.9698,1296,110960,0.94372,0.47,2,1069217,1067921,1296
36528381,47.428,11.3486,1344,110960,0.935348,0.47,2,1069265,1067921,1344
36531301,47.4995,9.92999,1392,112420,0.929813,0.47,2,1069313,1067921,1392
36534221,47.5621,8.68874,1440,112420,0.921832,0.47,2,1069361,1067921,1440
36537141,47.6168,7.60265,1488,113880,0.916649,0.47,2,1069409,1067921,1488
36540061,47.6647,6.65232,1536,113880,0.910984,0.47,2,1069457,1067921,1536
36540061,44.7066,5.82078,1560,113880,0.906886,0,2,1069481,1067921,1560
36540061,42.1183,5.09318,1584,113880,0.904197,0,2,1069505,1067921,1584
36540061,39.8535,4.45653,1608,113880,0.899777,0,2,1069529,1067921,1608
36540061,37.8718,3.89947,1632,111400,0.8968,0.86,2,1069553,1067921,1632
36540061,36.1378,3.41203,1656,110469,0.89012,0,2,1069577,1067921,1656
36540061,34.7456,2.98553,1681,110003,0.883108,0,2,1069602,1067921,1681
36540061,33.4024,2.61234,1705,109537,0.875797,0,2,1069626,1067921,1705
36540061,32.2271,2.2858,1729,109071,0.868217,0,2,1069650,1067921,1729
36540061,31.1987,2.00007,1753,107146,0.862395,0,2,1069674,1067921,1753
36540061,30.2989,1.75006,1777,106680,0.853156,0,2,1069698,1067921,1777
36540061,29.5115,1.5313,1801,104754,0.84384,0,2,1069722,1067921,1801
36540061,28.8226,1.33989,1825,104288,0.836456,0,2,1069746,1067921,1825
36540061,28.2198,1.1724,1849,102362,0.826811,0,2,1069770,1067921,1849
36540061,27.6923,1.02585,1873,100437,0.81913,0,2,1069794,1067921,1873
36540061,27.2308,0.897622,1897,99971,0.810217,0,2,1069818,1067921,1897
36540061,26.8269,0.78542,1921,98045,0.799195,0,2,1069842,1067921,1921
36540061,26.4735,0.687242,1945,97579,0.790276,0,2,1069866,1067921,1945
36540061,26.1644,0.601337,1969,94193,0.780248,0,2,1069890,1067921,1969
36540061,25.8938,0.52617,1993,92267,0.768223,0,2,1069914,1067921,1993
36540061,25.6571,0.460399,2017,91802,0.758401,0,2,1069938,1067921,2017
36540061,25.4499,0.402849,2041,88416,0.748561,0,2,1069962,1067921,2041
36540061,25.2687,0.352493,2065,87950,0.738705,0,2,1069986,1067921,2065
36540061,25.1101,0.308431,2089,86024,0.727834,0,2,1070010,1067921,2089
36540061,24.9714,0.269877,2113,82638,0.719051,0,2,1070034,1067921,2113
36540061,24.8499,0.236143,2137,82173,0.710146,0,2,1070058,1067921,2137
36540061,24.7437,0.206625,2161,77820,0.703131,0,2,1070082,1067921,2161
36564881,23.0554,121.593,1135,73800,0.703488,0.74,2,1070857,1069722,1135
36569261,23.1735,112.394,1111,73440,0.710139,0.75,2,1070881,1069770,1111
36570721,23.2768,101.344,1111,73800,0.718125,0.7,2,1070905,1069794,1111
36573641,23.3672,94.6763,1087,73440,0.723313,0.71,2,1070929,1069842,1087
36578021,23.4463,85.8417,1087,73800,0.729982,0.66,2,1070953,1069866,1087
36579481,23.5155,81.1115,1063,73440,0.733983,0.67,2,1070977,1069914,1063
36583861,23.5761,73.9726,1063,73800,0.739585,0.65,2,1071001,1069938,1063
36586781,23.6291,70.726,1039,73440,0.742627,0.63,2,1071025,1069986,1039
36588241,23.6754,64.8853,1039,73800,0.747364,0.63,2,1071049,1070010,1039
36592621,23.716,62.7746,1015,73440,0.749628,0.64,2,1071073,1070058,1015
36594081,23.7515,57.9278,1015,73800,0.753665,0.64,2,1071097,1070082,1015
36598461,23.7826,53.6868,1015,73440,0.755298,0.64,2,1071121,1070106,1015
36599921,23.8097,49.976,1015,73800,0.758768,0.64,2,1071145,1070130,1015
36602841,23.8335,46.729,1015,73440,0.759892,0.64,2,1071169,1070154,1015
36604301,23.8543,43.8878,1015,73800,0.762902,0.64,2,1071193,1070178,1015
36608681,23.8725,41.4019,1015,73440,0.763612,0.64,2,1071217,1070202,1015
36610141,23.8885,39.2266,1015,73800,0.766251,0.64,2,1071241,1070226,1015
36613061,23.9024,37.3233,1015,73440,0.766626,0.64,2,1071265,1070250,1015
36614521,23.9146,35.6579,1015,73800,0.768963,0.64,2,1071289,1070274,1015
36618901,23.8003,34.2007,1014,73440,0.769067,0.64,2,1071312,1070298,1014
36620361,23.8252,32.9256,1014,73800,0.77116,0.64,2,1071336,1070322,1014
36621821,23.8471,31.8099,1014,73440,0.771044,0.64,2,1071360,1070346,1014
36655841,23.8662,30.8336,1014,73800,0.77294,0.64,2,1071384,1070370,1014
36655841,23.8829,26.9794,1038,80300,0.790646,0,2,1071408,1070370,1038
36658761,26.8976,29.607,1038,80300,0.803581,0.64,2,1071456,1070418,1038
36661681,29.5354,31.9061,1038,81760,0.821223,0.65,2,1071504,1070466,1038
36664601,31.8434,33.9179,1038,81760,0.839101,0.65,2,1071552,1070514,1038
36667521,33.863,35.6781,1038,81760,0.855191,0.65,2,1071600,1070562,1038
36670401,35.5051,37.2184,1037,83220,0.869672,0.79,2,1071647,1070610,1037
36670401,34.067,32.5661,1061,83220,0.882704,0,2,1071671,1070610,1061
36670401,32.8086,28.4953,1085,83220,0.894434,0,2,1071695,1070610,1085
36670401,31.7075,24.9334,1109,83220,0.904991,0,2,1071719,1070610,1109
36670401,30.7441,21.8167,1133,83220,0.914492,0,2,1071743,1070610,1133
36670401,29.9011,19.0896,1157,83220,0.923042,0,2,1071767,1070610,1157
36670401,29.1635,16.7034,1181,83220,0.930738,0,2,1071791,1070610,1181
36670401,28.518,14.6155,1205,83220,0.937664,0,2,1071815,1070610,1205
36670401,27.9533,12.7886,1229,83220,0.943898,0,2,1071839,1070610,1229
36670401,27.4591,11.19,1253,83220,0.949508,0,2,1071863,1070610,1253
36673321,26.9148,24.6144,1229,83220,0.945992,0.77,2,1071990,1070761,1229
36676241,29.5505,30.5376,1205,83220,0.940393,0.77,2,1072038,1070833,1205
36679161,31.8567,32.7204,1205,84680,0.937353,0.77,2,1072086,1070881,1205
36682081,33.8746,34.6304,1205,84680,0.934618,0.77,2,1072134,1070929,1205
36685001,35.6403,36.3016,1205,84680,0.932156,0.77,2,1072182,1070977,1205
36687921,37.1852,37.7639,1205,84680,0.929941,0.77,2,1072230,1071025,1205
36690841,38.5371,39.0434,1205,84680,0.927947,0.77,2,1072278,1071073,1205
36693761,39.7199,40.163,1205,86140,0.928152,0.77,2,1072326,1071121,1205
36696681,40.7549,41.1426,1205,86140,0.928337,0.77,2,1072374,1071169,1205
36699601,41.6606,41.9998,1205,86140,0.928503,0.77,2,1072422,1071217,1205
36702521,42.453,42.7498,1205,86140,0.928653,0.77,2,1072470,1071265,1205
36705441,43.1464,43.2811,1206,87600,0.925788,0.77,2,1072518,1071312,1206
36708361,43.7531,43.8709,1206,87600,0.919209,0.79,2,1072566,1071360,1206
36711281,44.2839,41.3871,1230,87600,0.909288,0.79,2,1072614,1071384,1230
36714201,44.7485,36.2137,1278,87600,0.895359,0.79,2,1072662,1071384,1278
36717121,45.1549,31.687,1326,87600,0.876823,0.79,2,1072710,1071384,1326
36720041,45.5105,27.7261,1374,89060,0.845141,0.79,2,1072758,1071384,1374
36722961,45.8217,24.2603,1422,89060,0.814627,0.92,2,1072806,1071384,1422
36725881,46.094,30.2278,1398,89060,0.785164,0.92,2,1072854,1071456,1398
36728801,46.3323,26.4493,1446,89060,0.756648,0.98,2,1072902,1071456,1446
36731721,46.5407,29.1432,1446,89060,0.728983,0.98,2,1072950,1071504,1446
36731721,43.7231,25.5003,1470,89060,0.703085,0,2,1072974,1071504,1470
36731721,32.8516,11.4444,1614,50780,0.588529,0,1,1073118,1071504,1614
36731721,31.7452,10.0138,1638,50780,0.575676,0,1,1073142,1071504,1638
36731721,30.902,8.76212,1663,50780,0.564108,0,1,1073167,1071504,1663
36731721,30.0393,7.66685,1687,50780,0.553698,0,1,1073191,1071504,1687
36731721,29.2844,6.7085,1711,50780,0.544328,0,1,1073215,1071504,1711
36731721,28.6238,5.86993,1735,49320,0.535895,0,1,1073239,1071504,1735
36731721,28.0459,5.13619,1759,49320,0.528306,0,1,1073263,1071504,1759
36731721,27.5401,4.49417,1783,49320,0.521475,0,1,1073287,1071504,1783
36731721,27.0976,3.9324,1807,49320,0.515328,0,1,1073311,1071504,1807
36731721,26.7104,3.44085,1831,49320,0.509795,0,1,1073335,1071504,1831
36731721,26.3716,3.01074,1855,49320,0.504815,0,1,1073359,1071504,1855
36731721,26.0752,2.6344,1879,49320,0.500334,0,1,1073383,1071504,1879
36731721,25.8158,2.3051,1903,49320,0.4963,0,1,1073407,1071504,1903
36731721,25.5888,2.01696,1927,49320,0.49267,0,1,1073431,1071504,1927
36731721,25.3902,1.76484,1951,49320,0.489403,0,1,1073455,1071504,1951
36731721,25.2164,1.54424,1975,49320,0.486463,0,1,1073479,1071504,1975
36731721,25.0644,1.35121,1999,49320,0.483817,0,1,1073503,1071504,1999
36731721,24.9313,1.18231,2023,49320,0.481435,0,1,1073527,1071504,2023
36731721,24.8149,1.03452,2047,49320,0.479292,0,1,1073551,1071504,2047
36731721,24.713,0.905203,2071,49320,0.477362,0,1,1073575,1071504,2071
36731721,24.6239,0.792053,2095,49320,0.476626,0,1,1073599,1071504,2095
36731721,24.5459,0.693046,2119,49320,0.475964,0,1,1073623,1071504,2119
36731721,24.4777,0.606415,2143,49320,0.475367,0,1,1073647,1071504,2143
36731721,24.418,0.530613,2167,49320,0.47483,0,1,1073671,1071504,2167
36731721,24.3657,0.464287,2191,49320,0.474347,0,1,1073695,1071504,2191
36731721,24.32,0.406251,2215,49320,0.473913,0,1,1073719,1071504,2215
36731721,24.28,0.35547,2239,49320,0.473521,0,1,1073743,1071504,2239
36731721,24.245,0.311036,2263,49320,0.473169,0,1,1073767,1071504,2263
36731721,24.2144,0.272156,2287,49320,0.472852,0,1,1073791,1071504,2287
36731721,23.5626,0.238137,2306,49320,0.471567,0,1,1073810,1071504,2306
36744861,23.4923,189.958,811,49000,0.46841,0.46,1,1073833,1073022,811
36744861,23.5557,166.214,835,44940,0.463569,0,1,1073857,1073022,835
36744861,23.6113,145.437,859,44940,0.457212,0,1,1073881,1073022,859
36744861,23.6599,127.257,883,44940,0.449491,0,1,1073905,1073022,883
36744861,23.7024,111.35,907,44940,0.440542,0,1,1073929,1073022,907
36786881,23.7396,112.431,811,44940,0.430488,0,1,1073953,1073142,811
36786881,23.7721,98.3774,835,62780,0.419439,0,1,1073977,1073142,835
36786881,23.8006,86.0802,859,62780,0.407495,0,1,1074001,1073142,859
36786881,23.8255,75.3202,883,62780,0.394746,0,1,1074025,1073142,883
36786881,23.8473,65.9052,907,62780,0.381271,0,1,1074049,1073142,907
36786881,23.8664,57.667,931,62780,0.367144,0,1,1074073,1073142,931
36786881,23.8831,50.4587,955,62780,0.35243,0,1,1074097,1073142,955
36786881,23.8977,44.1513,979,62780,0.337187,0,1,1074121,1073142,979
36786881,23.9105,38.6324,1003,62780,0.321468,0,1,1074145,1073142,1003
36786881,23.9217,33.8034,1027,62780,0.305321,0,1,1074169,1073142,1027
36786881,23.9315,29.5779,1051,62780,0.288789,0,1,1074193,1073142,1051
36786881,23.9401,25.8807,1075,62780,0.27191,0,1,1074217,1073142,1075
36786881,23.9475,22.6456,1099,62780,0.254719,0,1,1074241,1073142,1099
36786881,23.9541,19.8149,1123,62780,0.237247,0,1,1074265,1073142,1123
36786881,23.9598,17.338,1147,62780,0.219522,0,1,1074289,1073142,1147
36786881,23.9649,15.1708,1171,62780,0.20157,0,1,1074313,1073142,1171
36786881,23.9693,13.2744,1195,62780,0.183413,0,1,1074337,1073142,1195
36786881,23.9731,11.6151,1219,62780,0.165072,0,1,1074361,1073142,1219
36786881,23.9765,10.1632,1243,62780,0.148565,0,1,1074385,1073142,1243
36786881,23.9794,8.89284,1267,62780,0.133708,0,1,1074409,1073142,1267
36786881,23.982,7.78123,1291,62780,0.120337,0,1,1074433,1073142,1291
36786881,23.9842,6.80858,1315,62780,0.108304,0,1,1074457,1073142,1315
36786881,23.9862,5.95751,1339,62780,0.0974733,0,1,1074481,1073142,1339
36786881,23.9879,5.21282,1363,62780,0.087726,0,1,1074505,1073142,1363
36786881,23.9894,4.56122,1387,62780,0.0789534,0,1,1074529,1073142,1387
36786881,23.9908,3.99106,1411,62780,0.071058,0,1,1074553,1073142,1411
36786881,23.9919,3.49218,1435,62780,0.0639522,0,1,1074577,1073142,1435
36786881,23.3679,3.05566,1454,62780,0.057557,0,1,1074596,1073142,1454
36789801,243.447,373.674,270,62780,0.114801,0,1,1076380,1076110,270
36792721,219.016,326.964,318,64240,0.168321,0,1,1076428,1076110,318
36795641,197.639,286.094,366,65700,0.218489,0,1,1076476,1076110,366
36798561,178.934,250.332,414,67160,0.26564,0,1,1076524,1076110,414
36801481,162.567,219.041,462,68620,0.310076,0,1,1076572,1076110,462
36804401,148.246,191.661,510,70080,0.352069,0,1,1076620,1076110,510
36807321,135.716,167.703,558,70080,0.389862,0,1,1076668,1076110,558
36810241,124.751,146.74,606,70080,0.423876,0,1,1076716,1076110,606
36813161,115.157,128.398,654,70080,0.454488,0,1,1076764,1076110,654
36816081,106.763,112.348,702,70080,0.482039,0,1,1076812,1076110,702
36819001,99.4173,98.3044,750,70080,0.506835,0,1,1076860,1076110,750
36821921,92.9901,86.0164,798,70080,0.529152,0,1,1076908,1076110,798
36824841,87.3664,75.2643,846,70080,0.549237,0,1,1076956,1076110,846
36827761,82.4456,65.8563,894,71540,0.569313,0,1,1077004,1076110,894
36830681,78.1399,57.6242,942,71540,0.587382,0,1,1077052,1076110,942
36862801,54.9379,46.4682,1104,73000,0.700969,0.69,2,1077580,1076476,1104
36865721,54.0707,46.6597,1104,73000,0.707872,0.69,2,1077628,1076524,1104
36868641,53.3119,40.8272,1152,73000,0.714085,0.71,2,1077676,1076524,1152
36871561,52.6479,41.7238,1152,73000,0.719676,0.73,2,1077724,1076572,1152
36874481,52.0669,42.5083,1152,73000,0.724708,0.73,2,1077772,1076620,1152
36877401,51.5585,43.1948,1152,73000,0.729238,0.73,2,1077820,1076668,1152
36880321,51.1137,43.7954,1152,73000,0.733314,0.73,2,1077868,1076716,1152
36883241,50.7245,44.321,1152,73000,0.736983,0.73,2,1077916,1076764,1152
36886161,50.3839,44.7809,1152,73000,0.740284,0.73,2,1077964,1076812,1152
36889081,50.0859,45.1833,1152,73000,0.743256,0.73,2,1078012,1076860,1152
36892001,49.8252,45.5354,1152,73000,0.74593,0.73,2,1078060,1076908,1152
36894921,49.5971,45.8434,1152,74460,0.750337,0.73,2,1078108,1076956,1152
36897841,49.3974,40.113,1200,74460,0.754304,0.75,2,1078156,1076956,1200
36900761,49.2227,41.0989,1200,74460,0.757873,0.75,2,1078204,1077004,1200
36903681,49.0699,41.9615,1200,74460,0.761086,0.75,2,1078252,1077052,1200
36906601,48.9362,42.7163,1200,74460,0.763977,0.75,2,1078300,1077100,1200
36909521,48.8191,43.3768,1200,74460,0.76658,0.75,2,1078348,1077148,1200
36912441,48.7167,43.9547,1200,75920,0.770922,0.75,2,1078396,1077196,1200
36915361,48.6272,44.4604,1200,75920,0.774829,0.75,2,1078444,1077244,1200
36918281,48.5488,44.9028,1200,75920,0.778346,0.75,2,1078492,1077292,1200
36921201,48.4802,45.29,1200,75920,0.781512,0.75,2,1078540,1077340,1200
36924121,48.4201,45.6287,1200,75920,0.784361,0.75,2,1078588,1077388,1200
36927041,48.3676,45.9251,1200,75920,0.786925,0.75,2,1078636,1077436,1200
36929961,48.3217,46.1845,1200,77380,0.791232,0.75,2,1078684,1077484,1200
36932881,48.2815,46.4114,1200,77380,0.794109,0.77,2,1078732,1077532,1200
36935801,48.2463,46.61,1200,77380,0.796698,0.77,2,1078780,1077580,1200
36938721,48.2155,46.7837,1200,77380,0.799028,0.77,2,1078828,1077628,1200
36941641,48.1886,46.9358,1200,77380,0.801125,0.77,2,1078876,1077676,1200
36944561,48.165,47.0688,1200,77380,0.803013,0.77,2,1078924,1077724,1200
36947481,48.1444,47.1852,1200,78840,0.806712,0.77,2,1078972,1077772,1200
36950401,48.1263,47.2871,1200,78840,0.81004,0.77,2,1079020,1077820,1200
36953321,48.1105,47.3762,1200,78840,0.813036,0.77,2,1079068,1077868,1200
36956241,48.0967,47.4542,1200,78840,0.815733,0.77,2,1079116,1077916,1200
36959161,48.0846,47.5224,1200,80300,0.820159,0.77,2,1079164,1077964,1200
36962081,48.074,47.5821,1200,80300,0.824144,0.77,2,1079212,1078012,1200
36965001,48.0648,47.6343,1200,80300,0.827729,0.77,2,1079260,1078060,1200
36967921,48.0567,41.68,1248,80300,0.830956,0.79,2,1079308,1078060,1248
36970841,48.0496,42.47,1248,80300,0.833861,0.79,2,1079356,1078108,1248
36973761,48.0434,43.1613,1248,81760,0.838475,0.79,2,1079404,1078156,1248
36976681,48.038,43.7661,1248,81760,0.842627,0.79,2,1079452,1078204,1248
36979601,48.0332,44.2954,1248,81760,0.846364,0.79,2,1079500,1078252,1248
36982521,48.0291,44.7584,1248,83220,0.851728,0.79,2,1079548,1078300,1248
36985441,48.0254,45.1636,1248,83220,0.856555,0.81,2,1079596,1078348,1248
36988361,48.0223,45.5182,1248,83220,0.8609,0.81,2,1079644,1078396,1248
36991281,48.0195,45.8284,1248,84680,0.86681,0.81,2,1079692,1078444,1248
36994201,48.017,46.0999,1248,84680,0.873129,0.81,2,1079740,1078492,1248
36997121,48.0149,46.3374,1248,84680,0.878816,0.81,2,1079788,1078540,1248
37000041,48.013,46.5452,1248,86140,0.885934,0.81,2,1079836,1078588,1248
37002961,48.0114,46.727,1248,86140,0.892341,0.81,2,1079884,1078636,1248
37005281,46.76,40.8862,1286,86140,0.898107,0.84,2,1079922,1078636,1286
37008201,46.915,43.4004,1273,87600,0.905296,0.82,2,1079970,1078697,1273
37011121,47.0506,42.3503,1286,87600,0.911766,0.82,2,1080018,1078732,1286
37014041,47.1693,43.0566,1286,89060,0.91959,0.82,2,1080066,1078780,1286
37016961,47.2731,43.6745,1286,89060,0.926631,0.82,2,1080114,1078828,1286
37019881,47.364,44.2152,1286,89060,0.932968,0.82,2,1080162,1078876,1286
37022801,47.4435,44.6883,1286,90520,0.939671,0.84,2,1080210,1078924,1286
37025721,47.5131,45.1022,1286,90520,0.945704,0.84,2,1080258,1078972,1286
37113321,38.0632,24.3586,1584,109100,0.945457,0.84,2,1081794,1080210,1584
37113321,36.3053,21.3137,1608,108359,0.932911,0,2,1081818,1080210,1608
37113321,34.8921,18.6495,1633,107989,0.91962,0,2,1081843,1080210,1633
37113321,33.5306,16.3183,1657,107618,0.903658,0,2,1081867,1080210,1657
37113321,32.3393,14.2785,1681,107248,0.887292,0,2,1081891,1080210,1681
37113321,31.2969,12.4937,1705,105417,0.871563,0,2,1081915,1080210,1705
37113321,30.3848,10.932,1729,103587,0.858407,0,2,1081939,1080210,1729
37113321,29.5867,9.5655,1753,103216,0.842566,0,2,1081963,1080210,1753
37113321,28.8883,8.36982,1777,101386,0.82631,0,2,1081987,1080210,1777
37113321,28.2773,7.32359,1801,99555,0.810679,0,2,1082011,1080210,1801
37113321,27.7426,6.40814,1825,99185,0.797611,0,2,1082035,1080210,1825
37113321,27.2748,5.60712,1849,97354,0.78185,0,2,1082059,1080210,1849
37113321,26.8654,4.90623,1873,94064,0.765665,0,2,1082083,1080210,1873
37113321,26.5073,4.29295,1897,92233,0.750098,0,2,1082107,1080210,1897
37113321,26.1939,3.75633,1921,91863,0.737088,0,2,1082131,1080210,1921
37113321,25.9196,3.28679,1945,88572,0.72138,0,2,1082155,1080210,1945
37113321,25.6797,2.87594,1969,84680,0.703242,0,2,1082179,1080210,1969
37113321,24.4419,0.75659,2209,62380,0.599158,0,1,1082419,1080210,2209
37113321,24.3866,0.662017,2233,62380,0.593242,0,1,1082443,1080210,2233
37113321,24.3383,0.579265,2257,62380,0.585918,0,1,1082467,1080210,2257
37113321,24.296,0.506856,2281,62380,0.580326,0,1,1082491,1080210,2281
37113321,24.259,0.443499,2305,62380,0.576294,0,1,1082515,1080210,2305
37113321,24.2266,0.388062,2329,62380,0.571664,0,1,1082539,1080210,2329
37113321,24.1983,0.339554,2353,62380,0.568498,0,1,1082563,1080210,2353
37113321,24.1735,0.29711,2377,62380,0.566648,0,1,1082587,1080210,2377
37113321,24.1518,0.259971,2401,62380,0.564983,0,1,1082611,1080210,2401
37113321,24.1329,0.227475,2425,60920,0.563485,0,1,1082635,1080210,2425
37113321,24.1162,0.19904,2449,60920,0.562136,0,1,1082659,1080210,2449
37113321,24.1017,0.17416,2473,58000,0.560923,0,1,1082683,1080210,2473
37113321,24.089,0.15239,2497,56540,0.55983,0,1,1082707,1080210,2497
37113321,24.0779,0.133342,2521,55080,0.558847,0,1,1082731,1080210,2521
37113321,24.0681,0.116674,2545,55080,0.557963,0,1,1082755,1080210,2545
37113321,24.0596,0.10209,2569,55080,0.557166,0,1,1082779,1080210,2569
37113321,23.1772,0.0893284,2586,55080,0.55645,0,1,1082796,1080210,2586
37122081,23.28,195.078,1050,55080,0.553805,0.82,1,1082820,1081770,1050
37125001,23.37,176.693,1026,65300,0.566424,0.76,1,1082844,1081818,1026
37129381,23.4488,160.732,1001,66280,0.579782,0.74,1,1082868,1081867,1001
37132301,23.5177,143.64,1001,65300,0.589804,0.73,1,1082892,1081891,1001
37234101,26.8976,27.2598,928,86140,0.718688,0.53,2,1083683,1082755,928
37237021,29.5354,31.9773,911,87600,0.74682,0.53,2,1083731,1082820,911
37239941,31.8435,27.9801,959,87600,0.772138,0.53,2,1083779,1082820,959
37242861,33.863,24.4826,1007,87600,0.794924,0.53,2,1083827,1082820,1007
37243441,33.8801,21.4223,1041,89060,0.815431,0.68,2,1083861,1082820,1041
37243441,32.6451,18.7445,1065,89060,0.833888,0,2,1083885,1082820,1065
37246361,34.5645,19.4014,1089,89060,0.8485,0.68,2,1083933,1082844,1089
37249281,36.2439,22.9763,1089,89060,0.86165,0.68,2,1083981,1082892,1089
37252201,37.7134,26.1042,1089,89060,0.873485,0.68,2,1084029,1082940,1089
37255121,38.9993,28.8412,1089,90520,0.881136,0.68,2,1084077,1082988,1089
37258041,40.1243,31.2361,1089,90520,0.884023,0.68,2,1084125,1083036,1089
37260961,41.1088,33.3315,1089,91980,0.88262,0.68,2,1084173,1083084,1089
37263881,41.9702,35.1651,1089,91980,0.877358,0.68,2,1084221,1083132,1089
37266801,42.7239,36.7695,1089,93440,0.868622,0.68,2,1084269,1083180,1089
37269721,43.3834,38.1733,1089,93440,0.85676,0.68,2,1084317,1083228,1089
37272641,43.9605,39.4016,1089,93440,0.842084,0.68,2,1084365,1083276,1089
37275561,44.4654,40.4764,1089,94900,0.824876,0.68,2,1084413,1083324,1089
37278481,44.9073,41.4169,1089,94900,0.805388,0.68,2,1084461,1083372,1089
37281401,45.2939,42.2398,1089,96360,0.783849,0.68,2,1084509,1083420,1089
37284321,45.6321,42.9598,1089,96360,0.760464,0.7,2,1084557,1083468,1089
37287241,45.9281,40.5898,1113,96360,0.735418,0.7,2,1084605,1083492,1113
37290161,46.1871,41.5161,1113,97820,0.708876,0.68,2,1084653,1083540,1113
37301841,46.9373,32.8535,1210,99280,0.589531,0.69,1,1084845,1083635,1210
37304761,47.0701,28.7469,1258,100740,0.555578,0.69,1,1084893,1083635,1258
37307681,47.1864,25.1535,1306,100740,0.52102,0.69,1,1084941,1083635,1306
37310601,47.2881,22.0093,1354,100740,0.485918,0.69,1,1084989,1083635,1354
37313521,47.3771,19.2581,1402,102200,0.448326,0.69,1,1085037,1083635,1402
37316441,47.4549,16.8509,1450,102200,0.412493,0.99,1,1085085,1083635,1450
37319361,47.5231,20.7445,1450,102200,0.376244,0.99,1,1085133,1083683,1450
37322281,47.5827,18.1515,1498,103660,0.33962,1,1,1085181,1083683,1498
37325201,47.6348,21.8825,1498,103660,0.305658,1,1,1085229,1083731,1498
37325201,44.6805,19.1472,1522,103660,0.275092,0,1,1085253,1083731,1522
37325201,42.0954,16.7538,1546,103660,0.247583,0,1,1085277,1083731,1546
37325201,39.8335,14.6596,1570,103660,0.222824,0,1,1085301,1083731,1570
37325201,37.8543,12.8271,1594,9540,0.201542,0,1,1085325,1083731,1594
37325201,36.1225,11.2237,1618,9540,0.182388,0,1,1085349,1083731,1618
37325201,34.6072,9.82077,1642,9540,0.165149,0,1,1085373,1083731,1642
37325201,33.2813,8.59318,1666,9540,0.149634,0,1,1085397,1083731,1666
37325201,32.1211,7.51903,1690,9540,0.135671,0,1,1085421,1083731,1690
37325201,29.731,6.57915,1703,9540,0.122104,0,1,1085434,1083731,1703
37339121,40.1396,202.007,246,8860,0.109893,0,1,1085547,1085301,246
37339121,38.1222,176.756,270,73000,0.098904,0,1,1085571,1085301,270
37339121,36.3569,154.661,294,73000,0.0890136,0,1,1085595,1085301,294
37339121,34.8123,135.329,318,73000,0.0801122,0,1,1085619,1085301,318
37339121,33.4608,118.413,342,73000,0.072101,0,1,1085643,1085301,342
37339121,30.9032,103.611,355,73000,0.0648909,0,1,1085656,1085301,355
37342041,2335.67,2409.91,270,73000,0.135402,0,1,1104125,1103855,270
37344961,2049.71,2108.67,318,74460,0.200862,0,1,1104173,1103855,318
37347881,1799.49,1845.09,366,75920,0.261775,0,1,1104221,1103855,366
37350801,1580.56,1614.45,414,77380,0.318598,0,1,1104269,1103855,414
37353721,1388.99,1412.64,462,78840,0.371738,0,1,1104317,1103855,462
37356641,1221.36,1236.06,510,80300,0.421564,0,1,1104365,1103855,510
37359561,1074.69,1081.56,558,81760,0.468408,0,1,1104413,1103855,558
37362481,946.357,946.362,606,83220,0.512567,0,1,1104461,1103855,606
37365401,834.062,828.066,654,84680,0.55431,0,1,1104509,1103855,654
37368321,735.804,724.558,702,86140,0.593879,0,1,1104557,1103855,702
37377081,508.775,485.397,846,90520,0.700608,0,2,1104701,1103855,846
37380001,451.178,424.723,894,91980,0.730547,0,2,1104749,1103855,894
37382921,400.781,371.632,942,93440,0.757493,0,2,1104797,1103855,942
37385841,356.683,325.178,990,94900,0.781743,0,2,1104845,1103855,990
37388761,318.098,284.531,1038,96360,0.803569,0,2,1104893,1103855,1038
37391681,284.336,248.965,1086,97820,0.823212,0,2,1104941,1103855,1086
37394601,254.794,217.844,1134,99280,0.840891,0,2,1104989,1103855,1134
37397521,228.945,190.614,1182,100740,0.856802,0,2,1105037,1103855,1182
37400441,206.326,166.787,1230,102200,0.871122,0,2,1105085,1103855,1230
37403361,186.536,145.939,1278,103660,0.884009,0,2,1105133,1103855,1278
37406281,169.219,127.696,1326,105120,0.895608,0,2,1105181,1103855,1326
37409201,154.066,111.734,1374,106580,0.906048,0,2,1105229,1103855,1374
37412121,140.808,97.7674,1422,108040,0.915443,0.77,2,1105277,1103855,1422
37415041,129.207,119.296,1200,109500,0.923899,0.77,2,1105325,1104125,1200
37417961,119.056,104.384,1248,110960,0.931509,0.79,2,1105373,1104125,1248
37420881,110.174,97.3364,1248,112420,0.938358,0.81,2,1105421,1104173,1248
37423801,102.402,91.1693,1248,113880,0.944522,0.81,2,1105469,1104221,1248
37444241,69.3636,52.2401,1392,124100,0.944147,0.91,2,1105805,1104413,1392
37447161,66.6931,51.7101,1392,125560,0.931732,0.93,2,1105853,1104461,1392
37450081,64.3565,51.2463,1392,127020,0.912559,0.93,2,1105901,1104509,1392
37453001,62.3119,44.8405,1440,128480,0.887303,0.95,2,1105949,1104509,1440
37455921,60.5229,45.2355,1440,129940,0.856573,0.97,2,1105997,1104557,1440
37458841,58.9576,45.581,1440,131400,0.820916,0.97,2,1106045,1104605,1440
37461761,57.5879,39.8834,1488,132860,0.838824,0.99,2,1106093,1104605,1488
37464681,56.3894,40.898,1488,134320,0.854942,1,2,1106141,1104653,1488
37466141,55.3407,41.7857,1488,135780,0.869447,1,2,1106189,1104701,1488
37466141,51.4231,36.5625,1512,135780,0.882503,0,2,1106213,1104701,1512
37466141,47.9952,31.9922,1536,135780,0.894252,0,2,1106237,1104701,1536
37466141,45.1208,27.9932,1561,126520,0.903827,1,2,1106262,1104701,1561
37466141,42.4807,24.494,1585,125717,0.910444,0,2,1106286,1104701,1585
37466141,40.1706,21.4323,1609,125316,0.9174,0,2,1106310,1104701,1609
37466141,38.1493,18.7532,1633,123454,0.92266,0,2,1106334,1104701,1633
37466141,36.3806,16.4091,1657,121593,0.928394,0,2,1106358,1104701,1657
37466141,34.8331,14.358,1681,119731,0.934555,0,2,1106382,1104701,1681
37466141,33.4789,12.5632,1705,117870,0.941099,0,2,1106406,1104701,1705
37466141,32.2941,10.9928,1729,116008,0.945989,0,2,1106430,1104701,1729
37466141,23.9193,0.102657,2553,88060,0.949131,0,2,1107254,1104701,2553
37466141,23.9294,0.0898253,2577,88060,0.945218,0,2,1107278,1104701,2577
37466141,23.9382,0.0785971,2601,88060,0.942696,0,2,1107302,1104701,2601
37466141,23.9459,0.0687725,2625,88060,0.941426,0,2,1107326,1104701,2625
37466141,23.9527,0.0601759,2649,88060,0.941284,0,2,1107350,1104701,2649
37466141,23.9586,0.0526539,2673,88060,0.942155,0,2,1107374,1104701,2673
37466141,23.9638,0.0460722,2697,88060,0.94294,0,2,1107398,1104701,2697
37466141,23.9683,0.0403132,2721,88060,0.944646,0,2,1107422,1104701,2721
37466141,23.9723,0.035274,2745,88060,0.947181,0,2,1107446,1104701,2745
37474901,22.2952,174.128,1552,94900,0.947899,0.97,2,1107838,1106286,1552
37477821,22.5083,158.362,1528,94900,0.940109,0.98,2,1107862,1106334,1528
37480741,22.6948,141.567,1528,94900,0.931099,0.99,2,1107886,1106358,1528
37483661,22.8579,126.871,1528,94900,0.920989,0.99,2,1107910,1106382,1528
37486581,23.0007,117.012,1504,94900,0.90989,1,2,1107934,1106430,1504
37488041,23.1256,105.386,1504,94900,0.897901,1,2,1107958,1106454,1504
37490961,23.2349,98.2124,1480,94900,0.886111,1,2,1107982,1106502,1480
37493881,23.3305,88.9359,1480,94900,0.8735,1,2,1108006,1106526,1480
37495341,23.4142,80.8189,1480,94900,0.86015,1,2,1108030,1106550,1480
37498261,23.4875,76.7165,1456,94900,0.846135,1,2,1108054,1106598,1456
37501181,23.5515,70.127,1456,94900,0.831521,1,2,1108078,1106622,1456
37501181,23.6076,61.3611,1480,94900,0.816369,0,2,1108102,1106622,1480
37501181,23.6566,53.691,1504,70060,0.800732,0,2,1108126,1106622,1504
37501181,23.6996,46.9796,1528,70060,0.784659,0,2,1108150,1106622,1528
37501181,23.7371,41.1071,1552,70060,0.768193,0,2,1108174,1106622,1552
37501181,23.77,35.9687,1576,70060,0.751374,0,2,1108198,1106622,1576
37501181,23.7987,31.4727,1600,70060,0.734236,0,2,1108222,1106622,1600
37501181,23.8239,27.5386,1624,70060,0.716813,0,2,1108246,1106622,1624
37501181,23.9308,10.8143,1792,70060,0.58891,0,1,1108414,1106622,1792
37501181,23.9395,9.4625,1816,70060,0.570019,0,1,1108438,1106622,1816
37501181,23.947,8.27969,1840,70060,0.551017,0,1,1108462,1106622,1840
37501181,23.9537,7.24473,1864,70060,0.531915,0,1,1108486,1106622,1864
37501181,23.9595,6.33913,1888,70060,0.512724,0,1,1108510,1106622,1888
37501181,23.9645,5.54674,1912,70060,0.493451,0,1,1108534,1106622,1912
37501181,23.969,4.8534,1936,70060,0.474106,0,1,1108558,1106622,1936
37501181,23.9728,4.24673,1960,70060,0.454696,0,1,1108582,1106622,1960
37501181,23.9762,3.71588,1984,70060,0.435226,0,1,1108606,1106622,1984
37501181,23.9792,3.2514,2008,70060,0.415703,0,1,1108630,1106622,2008
37501181,23.9818,2.84497,2032,70060,0.398133,0,1,1108654,1106622,2032
37501181,23.9841,2.48935,2056,70060,0.38032,0,1,1108678,1106622,2056
37501181,23.9861,2.17818,2080,70060,0.362288,0,1,1108702,1106622,2080
37501181,23.9878,1.90591,2104,70060,0.344059,0,1,1108726,1106622,2104
37501181,23.9893,1.66767,2128,70060,0.325653,0,1,1108750,1106622,2128
37501181,23.9907,1.45921,2152,70060,0.307088,0,1,1108774,1106622,2152
37501181,23.9918,1.27681,2176,70060,0.288379,0,1,1108798,1106622,2176
37501181,23.9929,1.11721,2200,70060,0.269541,0,1,1108822,1106622,2200
37501181,23.9937,0.977558,2224,70060,0.250587,0,1,1108846,1106622,2224
37501181,23.9945,0.855364,2248,70060,0.231528,0,1,1108870,1106622,2248
37501181,23.9952,0.748443,2272,70060,0.212375,0,1,1108894,1106622,2272
37501181,23.9958,0.654888,2296,70060,0.193138,0,1,1108918,1106622,2296
37501181,23.9963,0.573027,2320,70060,0.174824,0,1,1108942,1106622,2320
37501181,23.9968,0.501398,2344,70060,0.157342,0,1,1108966,1106622,2344
37501181,23.9972,0.438724,2368,70060,0.141608,0,1,1108990,1106622,2368
37501181,23.9975,0.383883,2392,70060,0.127447,0,1,1109014,1106622,2392
37501181,23.9979,0.335898,2416,70060,0.114702,0,1,1109038,1106622,2416
37501181,23.9981,0.293911,2440,70060,0.103232,0,1,1109062,1106622,2440
37501181,23.9984,0.257172,2464,70060,0.0929087,0,1,1109086,1106622,2464
37501181,23.9986,0.225025,2488,70060,0.0836178,0,1,1109110,1106622,2488
37501181,23.9987,0.196897,2512,70060,0.075256,0,1,1109134,1106622,2512
37501181,23.8739,0.172285,2535,70060,0.0677304,0,1,1109157,1106622,2535
37501181,23.8897,0.150749,2559,70060,0.0609574,0,1,1109181,1106622,2559
37501181,51.7785,0.131906,2806,70060,0.0548617,0,1,1109428,1106622,2806
37501181,76.1811,0.115417,3053,70060,0.0493755,0,1,1109675,1106622,3053
37501181,97.5335,0.10099,3300,1460,0.0444379,0.01,1,1109922,1106622,3300
37505561,88.3418,382.838,262,1460,0.0399942,1,1,1109946,1109684,262
37602881,108.049,367.734,246,5840,0.0359947,0,1,1110192,1109946,246
37605801,100.543,321.767,294,5840,0.0323953,0,1,1110240,1109946,294
37608721,112.725,281.546,492,8760,0.0291557,0,1,1110438,1109946,492
37611641,107.634,283.103,270,11680,0.0292402,0,1,1110510,1110240,270
37614561,100.18,247.715,318,14600,0.0333161,0,1,1110558,1110240,318
37617481,106.408,241.501,270,17520,0.0309845,0,1,1110708,1110438,270
37620401,99.1067,211.313,318,20440,0.0328861,0.03,1,1110756,1110438,318
37623321,92.7183,193.899,294,23360,0.0385975,0.03,1,1110804,1110510,294
37626241,87.1285,169.662,342,26280,0.0477377,0.07,1,1110852,1110510,342
37629161,82.2375,154.454,342,29200,0.059964,0.07,1,1110900,1110558,342
37632081,77.9578,135.147,390,32120,0.0749676,0.01,1,1110948,1110558,390
37635001,74.2131,137.004,288,35040,0.0924708,0.01,1,1110996,1110708,288
37637921,70.9364,119.878,336,37960,0.112224,0.05,1,1111044,1110708,336
37640841,68.0694,110.893,336,40880,0.134001,0.05,1,1111092,1110756,336
37643761,65.5607,97.0318,384,43800,0.157601,0.09,1,1111140,1110756,384
37646681,63.3656,90.9028,384,46720,0.182841,0.09,1,1111188,1110804,384
37649601,61.4449,79.54,432,46720,0.205557,0.13,1,1111236,1110804,432
37652521,59.7643,75.5975,432,46720,0.226001,0.13,1,1111284,1110852,432
37655441,58.2938,66.1478,480,46720,0.244401,0.17,1,1111332,1110852,480
37658361,57.007,63.8793,480,46720,0.260961,0.17,1,1111380,1110900,480
37661281,55.8812,55.8944,528,46720,0.275865,0.21,1,1111428,1110900,528
37664201,54.896,54.9076,528,46720,0.289278,0.21,1,1111476,1110948,528
37667121,54.034,48.0441,576,46720,0.301351,0.25,1,1111524,1110948,576
37670041,53.2798,48.0386,576,48180,0.314216,0.25,1,1111572,1110996,576
37672961,52.6198,42.0338,624,48180,0.325794,0.29,1,1111620,1110996,624
37675881,52.0423,42.7796,624,48180,0.336215,0.29,1,1111668,1111044,624
37678801,51.537,37.4321,672,48180,0.345593,0.33,1,1111716,1111044,672
37681721,51.0949,38.7531,672,48180,0.354034,0.33,1,1111764,1111092,672
37684641,50.708,33.909,720,48180,0.36163,0.37,1,1111812,1111092,720
37687561,50.3695,35.6704,720,48180,0.368467,0.37,1,1111860,1111140,720
37690481,50.0733,31.2116,768,48180,0.374621,0.41,1,1111908,1111140,768
37693401,49.8142,33.3101,768,48180,0.380159,0.41,1,1111956,1111188,768
37696321,49.5874,35.1463,768,48180,0.385143,0.41,1,1112004,1111236,768
37699241,49.389,36.7531,768,49640,0.391628,0.41,1,1112052,1111284,768
37702161,49.2154,38.1589,768,49640,0.397466,0.41,1,1112100,1111332,768
37705081,49.0634,39.3891,768,49640,0.402719,0.41,1,1112148,1111380,768
37708001,48.9305,40.4654,768,49640,0.407447,0.41,1,1112196,1111428,768
37710921,48.8142,41.4072,768,49640,0.411702,0.41,1,1112244,1111476,768
37713841,48.7124,42.2313,768,49640,0.415532,0.41,1,1112292,1111524,768
37716761,48.6234,36.9524,816,49640,0.418979,0.43,1,1112340,1111524,816
37719681,48.5454,38.3334,816,49640,0.422081,0.43,1,1112388,1111572,816
37722601,48.4773,39.5417,816,49640,0.424873,0.43,1,1112436,1111620,816
37725521,48.4176,40.599,816,49640,0.427386,0.43,1,1112484,1111668,816
37728441,48.3654,41.5241,816,51100,0.431647,0.43,1,1112532,1111716,816
37731361,48.3197,42.3336,816,51100,0.435482,0.43,1,1112580,1111764,816
37734281,48.2798,43.0419,816,51100,0.438934,0.43,1,1112628,1111812,816
37737201,48.2448,43.6617,816,51100,0.442041,0.43,1,1112676,1111860,816
37740121,48.2142,44.204,816,51100,0.444837,0.43,1,1112724,1111908,816
37743041,48.1874,44.6785,816,51100,0.447353,0.43,1,1112772,1111956,816
37745961,48.164,45.0937,816,51100,0.449618,0.45,1,1112820,1112004,816
37748881,48.1435,45.4569,816,51100,0.451656,0.45,1,1112868,1112052,816
37751801,48.1256,45.7748,816,51100,0.45349,0.45,1,1112916,1112100,816
37754721,48.1099,46.053,816,51100,0.455141,0.45,1,1112964,1112148,816
37757641,48.0961,46.2964,816,52560,0.458627,0.45,1,1113012,1112196,816
37760561,48.0841,46.5093,816,52560,0.461764,0.45,1,1113060,1112244,816
37763481,48.0736,46.6956,816,52560,0.464588,0.45,1,1113108,1112292,816
37766401,48.0644,46.8587,816,52560,0.467129,0.45,1,1113156,1112340,816
37769321,48.0563,47.0014,816,52560,0.469416,0.45,1,1113204,1112388,816
37772241,48.0493,47.1262,816,52560,0.471475,0.45,1,1113252,1112436,816
37775161,48.0431,47.2354,816,52560,0.473327,0.45,1,1113300,1112484,816
37778081,48.0377,41.331,864,52560,0.474994,0.47,1,1113348,1112484,864
37781001,48.033,42.1646,864,54020,0.478495,0.47,1,1113396,1112532,864
37783921,48.0289,42.894,864,54020,0.481645,0.47,1,1113444,1112580,864
37786841,48.0253,43.5323,864,54020,0.484481,0.47,1,1113492,1112628,864
37789761,48.0221,44.0907,864,54020,0.487033,0.47,1,1113540,1112676,864
37792681,48.0194,44.5794,864,55480,0.49133,0.47,1,1113588,1112724,864
37795601,48.0169,45.007,864,55480,0.495197,0.47,1,1113636,1112772,864
37798521,48.0148,45.3811,864,55480,0.498677,0.47,1,1113684,1112820,864
37801441,48.013,45.7085,864,55480,0.501809,0.47,1,1113732,1112868,864
37804361,48.0113,45.9949,864,55480,0.504628,0.47,1,1113780,1112916,864
37807281,48.0099,46.2455,864,56940,0.509166,0.49,1,1113828,1112964,864
37810201,48.0087,46.4649,864,56940,0.513249,0.49,1,1113876,1113012,864
37813121,48.0076,46.6567,864,58400,0.518924,0.49,1,1113924,1113060,864
37816041,48.0067,46.8247,864,58400,0.524032,0.49,1,1113972,1113108,864
37818961,48.0058,46.9716,864,58400,0.528629,0.49,1,1114020,1113156,864
37821881,48.0051,47.1001,864,59860,0.534766,0.49,1,1114068,1113204,864
37824801,48.0045,47.2126,864,59860,0.540289,0.49,1,1114116,1113252,864
37827721,48.0039,47.311,864,59860,0.54526,0.49,1,1114164,1113300,864
37830641,48.0034,47.3972,864,61320,0.551734,0.49,1,1114212,1113348,864
37833561,48.003,41.4725,912,61320,0.557561,0.51,1,1114260,1113348,912
37836481,48.0026,42.2884,912,61320,0.562805,0.51,1,1114308,1113396,912
37839401,48.0023,43.0024,912,62780,0.569524,0.51,1,1114356,1113444,912
37842321,48.002,43.6271,912,62780,0.575572,0.51,1,1114404,1113492,912
37845241,48.0018,44.1737,912,64240,0.583015,0.53,1,1114452,1113540,912
37848161,48.0015,44.652,912,64240,0.589713,0.53,1,1114500,1113588,912
37851081,48.0013,45.0705,912,65700,0.597742,0.53,1,1114548,1113636,912
37900721,48.0001,38.2837,1056,80300,0.58542,0.63,1,1115364,1114308,1056
37903641,48.0001,39.4983,1056,81760,0.562878,0.63,1,1115412,1114356,1056
37906561,48.0001,40.561,1056,81760,0.53859,0.65,1,1115460,1114404,1056
37909481,48.0001,41.4909,1056,83220,0.512731,0.65,1,1115508,1114452,1056
37912401,48.0001,42.3045,1056,84680,0.485458,0.65,1,1115556,1114500,1056
37915321,48.0001,37.0164,1104,84680,0.456912,0.67,1,1115604,1114500,1104
37918241,48.0001,38.3894,1104,86140,0.427221,0.67,1,1115652,1114548,1104
37921161,48.0001,39.5907,1104,87600,0.396499,0.69,1,1115700,1114596,1104
37924081,48,40.6419,1104,89060,0.364849,0.69,1,1115748,1114644,1104
37927001,48,35.5616,1152,90520,0.332364,0.71,1,1115796,1114644,1152
37929921,48,37.1164,1152,91980,0.299128,0.71,1,1115844,1114692,1152
37932841,48,38.4769,1152,93440,0.269215,0.73,1,1115892,1114740,1152
37935761,48,39.6673,1152,94900,0.242293,0.73,1,1115940,1114788,1152
37938681,48,40.7089,1152,96360,0.218064,0.73,1,1115988,1114836,1152
37941601,48,35.6203,1200,97820,0.196258,0.75,1,1116036,1114836,1200
37943361,45.625,37.1677,1181,99280,0.176632,0,1,1116065,1114884,1181
37946281,1403.17,1509.65,270,100740,0.258969,0,1,1126971,1126701,270
37949201,1233.78,1320.94,318,102200,0.333072,0,1,1127019,1126701,318
37952121,1085.55,1155.82,366,103660,0.399765,0,1,1127067,1126701,366
37955041,955.859,1011.35,414,105120,0.459788,0,1,1127115,1126701,414
37957961,842.377,884.927,462,106580,0.513809,0,1,1127163,1126701,462
37960881,743.08,774.311,510,108040,0.562428,0,1,1127211,1126701,510
37972561,455.443,453.887,702,113880,0.712909,0,2,1127403,1126701,702
37975481,404.513,397.151,750,115340,0.741618,0,2,1127451,1126701,750
37978401,359.949,347.507,798,116800,0.767457,0,2,1127499,1126701,798
37981321,320.955,304.069,846,118260,0.790711,0,2,1127547,1126701,846
37984241,286.836,266.06,894,119720,0.81164,0,2,1127595,1126701,894
37987161,256.981,232.803,942,121180,0.830476,0,2,1127643,1126701,942
37990081,230.859,203.702,990,122640,0.847428,0,2,1127691,1126701,990
37993001,208.001,178.24,1038,124100,0.862685,0,2,1127739,1126701,1038
37995921,188.001,155.96,1086,125560,0.876417,0,2,1127787,1126701,1086
37998841,170.501,136.465,1134,127020,0.888775,0,2,1127835,1126701,1134
38001761,155.188,119.407,1182,128480,0.899898,0,2,1127883,1126701,1182
38004681,141.79,104.481,1230,129940,0.909908,0,2,1127931,1126701,1230
38007601,130.066,91.4207,1278,131400,0.918917,0,2,1127979,1126701,1278
38010521,119.808,79.9931,1326,132860,0.927025,0,2,1128027,1126701,1326
38013441,110.832,69.994,1374,134320,0.934323,0,2,1128075,1126701,1374
38016361,102.978,61.2447,1422,135780,0.937891,0,2,1128123,1126701,1422
38019281,96.1056,53.5891,1470,137240,0.938102,0,2,1128171,1126701,1470
38022201,90.0924,46.8905,1518,138700,0.935291,0,2,1128219,1126701,1518
38023661,84.8309,41.0292,1566,140160,0.927762,0,2,1128267,1126701,1566
38023661,77.227,35.9005,1590,140160,0.919986,0,2,1128291,1126701,1590
38023661,70.5736,31.413,1614,140160,0.908987,0,2,1128315,1126701,1614
38023661,64.8769,27.4863,1639,126440,0.897089,0.81,2,1128340,1126701,1639
38023661,59.7673,24.0505,1663,125704,0.88238,0,2,1128364,1126701,1663
38023661,55.2964,21.0442,1687,125336,0.867142,0,2,1128388,1126701,1687
38023661,51.3843,18.4137,1711,123507,0.849428,0,2,1128412,1126701,1711
38023661,47.9613,16.112,1735,121679,0.832485,0,2,1128436,1126701,1735
38023661,44.9661,14.098,1759,119851,0.818236,0,2,1128460,1126701,1759
38023661,42.3454,12.3357,1783,118022,0.803413,0,2,1128484,1126701,1783
38023661,40.0522,10.7938,1807,116194,0.789072,0,2,1128508,1126701,1807
38023661,38.0457,9.44455,1831,112906,0.777164,0,2,1128532,1126701,1831
38023661,36.29,8.26398,1855,111078,0.767448,0,2,1128556,1126701,1855
38023661,34.7537,7.23098,1879,107789,0.759703,0,2,1128580,1126701,1879
38023661,33.4095,6.32711,1903,105961,0.751733,0,2,1128604,1126701,1903
38023661,32.2333,5.53622,1927,102673,0.74556,0,2,1128628,1126701,1927
38023661,31.2042,4.8442,1951,97820,0.739004,0,2,1128652,1126701,1951
38023661,30.3036,4.23867,1975,94320,0.734103,0,2,1128676,1126701,1975
38023661,29.5157,3.70884,1999,91400,0.730693,0,2,1128700,1126701,1999
38023661,28.8262,3.24523,2023,88480,0.728624,0,2,1128724,1126701,2023
38023661,28.2229,2.83958,2047,85560,0.727761,0,2,1128748,1126701,2047
38023661,27.6951,2.48463,2071,85560,0.727985,0,2,1128772,1126701,2071
38023661,27.2332,2.17405,2095,81180,0.729187,0,2,1128796,1126701,2095
38023661,26.829,1.9023,2119,81180,0.731268,0,2,1128820,1126701,2119
38023661,26.4754,1.66451,2143,81180,0.734141,0,2,1128844,1126701,2143
38023661,26.166,1.45645,2167,81180,0.737727,0,2,1128868,1126701,2167
38023661,25.8952,1.27439,2191,81180,0.741954,0,2,1128892,1126701,2191
38023661,25.6583,1.11509,2215,81180,0.746759,0,2,1128916,1126701,2215
38023661,25.451,0.975704,2239,81180,0.750083,0,2,1128940,1126701,2239
38023661,25.2697,0.853741,2263,81180,0.752075,0,2,1128964,1126701,2263
38023661,25.111,0.747024,2287,81180,0.754867,0,2,1128988,1126701,2287
38023661,24.9721,0.653646,2311,81180,0.757381,0,2,1129012,1126701,2311
38023661,24.8506,0.57194,2335,81180,0.760642,0,2,1129036,1126701,2335
38023661,24.7443,0.500447,2359,81180,0.764578,0,2,1129060,1126701,2359
38023661,24.6512,0.437892,2383,81180,0.76512,0,2,1129084,1126701,2383
38023661,24.5698,0.383155,2407,81180,0.766608,0,2,1129108,1126701,2407
38023661,24.4986,0.335261,2431,81180,0.768948,0,2,1129132,1126701,2431
38023661,24.4363,0.293353,2455,81180,0.772053,0,2,1129156,1126701,2455
38023661,24.3817,0.256684,2479,81180,0.773848,0,2,1129180,1126701,2479
38023661,22.459,0.224598,2488,81180,0.775463,0,2,1129189,1126701,2488
38023661,22.6516,0.196524,2512,81180,0.774916,0,2,1129213,1126701,2512
38023661,20.3202,0.171958,2516,74800,0.776425,0,2,1129217,1126701,2516
38023661,20.7802,0.150463,2540,74800,0.774782,0,2,1129241,1126701,2540
38023661,21.1826,0.131656,2564,73140,0.773304,0,2,1129265,1126701,2564
38023661,21.5348,0.115199,2588,73140,0.770974,0,2,1129289,1126701,2588
38023661,20.093,0.100799,2598,73140,0.769876,0,2,1129299,1126701,2598
38023661,18.0813,0.0881989,2602,71880,0.768889,0,2,1129303,1126701,2602
38023661,18.8212,0.077174,2626,71060,0.765,0,2,1129327,1126701,2626
38023661,19.4685,0.0675273,2650,70860,0.7615,0,2,1129351,1126701,2650
38023661,17.535,0.0590864,2654,67940,0.76035,0,2,1129355,1126701,2654
38023661,18.3431,0.0517006,2678,67940,0.758315,0,2,1129379,1126701,2678
38023661,19.0502,0.045238,2702,67740,0.756483,0,2,1129403,1126701,2702
38023661,17.1689,0.0395833,2706,67740,0.754835,0,2,1129407,1126701,2706
38023661,18.0228,0.0346353,2730,67740,0.751352,0,2,1129431,1126701,2730
38023661,18.77,0.0303059,2754,67740,0.748216,0,2,1129455,1126701,2754
38023661,16.9237,0.0265177,2758,67540,0.747395,0,2,1129459,1126701,2758
38023661,17.8083,0.023203,2782,67540,0.744655,0,2,1129483,1126701,2782
38023661,18.5822,0.0203026,2806,67540,0.74219,0,2,1129507,1126701,2806
38023661,16.7594,0.0177648,2810,67340,0.741971,0,2,1129511,1126701,2810
38023661,17.6645,0.0155442,2834,67340,0.739774,0,2,1129535,1126701,2834
38023661,16.7064,0.0136012,2844,67340,0.739796,0,2,1129545,1126701,2844
38023661,17.6181,0.011901,2868,67340,0.737817,0,2,1129569,1126701,2868
38023661,16.6659,0.0104134,2878,67140,0.735035,0,2,1129579,1126701,2878
38029501,17.5826,201.759,1288,65680,0.730532,0.75,2,1129603,1128315,1288
38032421,18.3848,182.664,1263,79520,0.724478,0.69,2,1129627,1128364,1263
38035341,19.0867,165.831,1239,79520,0.739031,0.68,2,1129651,1128412,1239
38038261,19.7009,148.102,1239,80240,0.750127,0.69,2,1129675,1128436,1239
38041181,20.2383,132.59,1239,79520,0.762115,0.66,2,1129699,1128460,1239
38044101,20.7085,122.016,1215,80240,0.774903,0.67,2,1129723,1128508,1215
38045561,21.1199,109.764,1215,79520,0.785413,0.68,2,1129747,1128532,1215
38048481,21.4799,99.0434,1215,80640,0.796872,0.68,2,1129771,1128556,1215
38051401,21.7949,92.6629,1191,79520,0.805184,0.68,2,1129795,1128604,1191
38052861,22.0706,87.0801,1167,80640,0.814666,0.69,2,1129819,1128652,1167
38055781,22.3117,79.1951,1167,79520,0.821199,0.7,2,1129843,1128676,1167
38058701,22.5228,72.2957,1167,80640,0.82908,0.71,2,1129867,1128700,1167
38060161,22.7074,66.2587,1167,79520,0.834172,0.72,2,1129891,1128724,1167
38063081,22.869,60.9764,1167,80640,0.840754,0.73,2,1129915,1128748,1167
38064541,23.0104,56.3543,1167,79520,0.844679,0.74,2,1129939,1128772,1167
38067461,23.1341,52.31,1167,80640,0.850211,0.75,2,1129963,1128796,1167
38068921,23.2423,48.7713,1167,79520,0.85319,0.76,2,1129987,1128820,1167
38071841,23.337,45.6749,1167,80640,0.857871,0.77,2,1130011,1128844,1167
38073301,23.4199,42.9655,1167,79520,0.860084,0.78,2,1130035,1128868,1167
38076221,23.4924,40.5948,1167,80640,0.864075,0.79,2,1130059,1128892,1167
38077681,23.5559,38.5205,1167,79520,0.865668,0.78,2,1130083,1128916,1167
38080601,23.6114,36.7054,1167,80640,0.869101,0.77,2,1130107,1128940,1167
38082061,23.66,35.1172,1167,79520,0.870191,0.78,2,1130131,1128964,1167
38086441,23.7025,33.7276,1167,80640,0.873172,0.78,2,1130155,1128988,1167
38087901,23.7397,32.5116,1167,79520,0.873855,0.79,2,1130179,1129012,1167
38089361,23.7722,31.4477,1167,80640,0.875469,0.8,2,1130203,1129036,1167
38118561,23.8007,30.5167,1167,79520,0.874922,0.8,2,1130227,1129060,1167
38118561,23.8256,26.7021,1191,76260,0.87643,0,2,1130251,1129060,1191
38118561,23.8474,23.3644,1215,76260,0.875787,0,2,1130275,1129060,1215
38118561,23.8665,20.4438,1239,76260,0.873208,0,2,1130299,1129060,1239
38120021,23.8832,29.8883,1167,76260,0.868888,0.79,2,1130323,1129156,1167
38121481,23.8978,29.1523,1167,75140,0.862999,0.77,2,1130347,1129180,1167
38122941,23.9105,29.6333,1158,76260,0.859699,0.76,2,1130371,1129213,1158
38126401,23.9217,29.4291,1154,75140,0.854729,0.76,2,1130395,1129241,1154
38132441,23.9315,28.7505,1154,74800,0.850256,0.75,2,1130419,1129265,1154
38134721,21.3151,28.1567,1133,74800,0.848231,0.73,2,1130422,1129289,1133
38136181,21.6507,29.3871,1119,74800,0.845407,0.73,2,1130446,1129327,1119
38154481,21.9444,28.7137,1119,76060,0.844867,0.67,2,1130470,1129351,1119
38154481,22.2013,25.1245,1143,99280,0.86038,0,2,1130494,1129351,1143
38154481,22.4261,21.9839,1167,99280,0.874342,0,2,1130518,1129351,1167
38154481,22.6229,19.2359,1191,99280,0.886908,0,2,1130542,1129351,1191
38154481,22.795,16.8314,1215,99280,0.898217,0,2,1130566,1129351,1215
38154481,22.9456,14.7275,1239,99280,0.908395,0,2,1130590,1129351,1239
38154481,23.0774,12.8866,1263,99280,0.917556,0,2,1130614,1129351,1263
38154481,23.1928,11.2757,1287,99280,0.9258,0,2,1130638,1129351,1287
38154481,21.5437,9.86628,1297,99280,0.93322,0,2,1130648,1129351,1297
38157401,24.8507,43.383,1067,99280,0.939898,0.67,2,1130696,1129629,1067
38160321,27.7444,37.9601,1115,100740,0.945908,0.67,2,1130744,1129629,1115
38217221,45.9733,40.9383,1347,112420,0.930886,0.84,2,1131817,1130470,1347
38220141,46.2267,35.8211,1395,113880,0.908797,0.84,2,1131865,1130470,1395
38223061,46.4483,31.3434,1443,113880,0.886918,0.84,2,1131913,1130470,1443
38225981,46.6423,27.4255,1491,115340,0.863226,0.84,2,1131961,1130470,1491
38225981,43.812,23.9973,1515,115340,0.840903,0,2,1131985,1130470,1515
38225981,41.3355,20.9976,1539,115340,0.816813,0,2,1132009,1130470,1539
38225981,39.1686,18.3729,1563,115340,0.792132,0,2,1132033,1130470,1563
38225981,37.2725,16.0763,1587,88440,0.770919,0.57,2,1132057,1130470,1587
38225981,35.6134,14.0668,1611,88047,0.748827,0,2,1132081,1130470,1611
38225981,34.1618,12.3084,1635,87850,0.729944,0,2,1132105,1130470,1635
38225981,32.8915,10.7699,1659,87653,0.71095,0,2,1132129,1130470,1659
38225981,27.1193,3.70063,1852,83157,0.592082,0,1,1132322,1130470,1852
38225981,26.7294,3.23805,1876,80300,0.577874,0,1,1132346,1130470,1876
38225981,26.3882,2.83329,1900,79680,0.566087,0,1,1132370,1130470,1900
38225981,26.0897,2.47913,1924,78220,0.553478,0,1,1132394,1130470,1924
38225981,25.8285,2.16924,1948,78220,0.54113,0,1,1132418,1130470,1948
38225981,25.5999,1.89808,1972,76760,0.531017,0,1,1132442,1130470,1972
38225981,25.3999,1.66082,1996,73840,0.519916,0,1,1132466,1130470,1996
38225981,25.2249,1.45322,2020,73840,0.508924,0,1,1132490,1130470,2020
38225981,25.0718,1.27157,2044,72380,0.500032,0,1,1132514,1130470,2044
38225981,24.9378,1.11262,2068,69460,0.493028,0,1,1132538,1130470,2068
38225981,24.8206,0.973544,2092,69460,0.487726,0,1,1132562,1130470,2092
38225981,24.718,0.851851,2116,68000,0.483953,0,1,1132586,1130470,2116
38225981,24.6283,0.74537,2140,68000,0.481558,0,1,1132610,1130470,2140
38225981,24.5498,0.652199,2164,65080,0.480402,0,1,1132634,1130470,2164
38225981,24.481,0.570674,2188,62160,0.480362,0,1,1132658,1130470,2188
38225981,24.4209,0.49934,2212,62160,0.480326,0,1,1132682,1130470,2212
38225981,24.3683,0.436922,2236,59240,0.481293,0,1,1132706,1130470,2236
38225981,24.3223,0.382307,2260,56320,0.482164,0,1,1132730,1130470,2260
38225981,24.282,0.334519,2284,56320,0.482947,0,1,1132754,1130470,2284
38225981,24.2467,0.292704,2308,53400,0.483653,0,1,1132778,1130470,2308
38225981,24.2159,0.256116,2332,50480,0.484287,0,1,1132802,1130470,2332
38225981,24.1889,0.224101,2356,50480,0.484859,0,1,1132826,1130470,2356
38225981,24.1653,0.196089,2380,50480,0.485373,0,1,1132850,1130470,2380
38225981,24.1446,0.171578,2404,50480,0.485835,0,1,1132874,1130470,2404
38225981,24.1265,0.15013,2428,50480,0.486252,0,1,1132898,1130470,2428
38225981,22.8607,0.131364,2442,50480,0.486627,0,1,1132912,1130470,2442
38240581,23.0031,195.49,903,50480,0.484964,0.54,1,1132936,1132033,903
38240581,23.1277,171.054,927,50480,0.491468,0,1,1132960,1132033,927
38240581,23.2368,149.672,951,50480,0.495321,0,1,1132984,1132033,951
38240581,23.3322,130.963,975,50480,0.496789,0,1,1133008,1132033,975
38240581,23.4157,114.593,999,50480,0.49611,0,1,1133032,1132033,999
38244961,23.4887,118.269,879,50480,0.493499,0.49,1,1133056,1132177,879
38247881,23.5526,109.61,854,51100,0.493149,0.5,1,1133080,1132226,854
38252261,23.6085,98.9087,854,50480,0.490834,0.5,1,1133104,1132250,854
38252261,23.6575,86.5451,878,49640,0.490751,0,1,1133128,1132250,878
38256641,23.7003,81.727,854,49640,0.488676,0.43,1,1133152,1132298,854
38256641,23.7377,71.5111,878,49020,0.484808,0,1,1133176,1132298,878
38256641,23.7705,62.5722,902,48180,0.481327,0,1,1133200,1132298,902
38256641,23.7992,54.7507,926,48180,0.478195,0,1,1133224,1132298,926
38259561,23.8243,62.9069,830,48180,0.475375,0.44,1,1133248,1132418,830
38261021,23.8463,58.0435,830,49640,0.474838,0.42,1,1133272,1132442,830
38265401,23.8655,53.7881,830,49020,0.472354,0.41,1,1133296,1132466,830
38268321,23.8823,50.0646,830,49640,0.472118,0.42,1,1133320,1132490,830
38269781,23.897,46.8065,830,49020,0.469907,0.43,1,1133344,1132514,830
38274161,23.9099,43.9557,830,49640,0.469916,0.44,1,1133368,1132538,830
38278541,23.9212,41.4612,830,49020,0.467924,0.46,1,1133392,1132562,830
38278541,23.931,36.2786,854,49640,0.468132,0,1,1133416,1132562,854
38280001,23.9396,37.7437,830,49640,0.468319,0.47,1,1133440,1132610,830
38282921,23.9472,36.0258,830,49020,0.466487,0.48,1,1133464,1132634,830
38284381,23.9538,34.5226,830,49640,0.466838,0.48,1,1133488,1132658,830
38288761,23.9596,33.2072,830,49020,0.465154,0.49,1,1133512,1132682,830
38290221,23.9646,32.0563,830,49640,0.465639,0.49,1,1133536,1132706,830
38293141,23.969,31.0493,830,49020,0.464075,0.49,1,1133560,1132730,830
38294601,23.9729,30.1681,830,49640,0.464667,0.49,1,1133584,1132754,830
38298981,23.9763,29.3971,830,49020,0.463201,0.49,1,1133608,1132778,830
38300441,23.9793,28.7225,830,49640,0.463881,0.49,1,1133632,1132802,830
38303361,23.8568,28.1322,829,49020,0.462493,0.49,1,1133655,1132826,829
38304821,23.8747,27.6156,829,49640,0.463243,0.49,1,1133679,1132850,829
38324641,23.8904,27.1637,829,49020,0.461919,0.49,1,1133703,1132874,829
38327561,26.9041,26.7682,853,81760,0.504727,0.47,1,1133751,1132898,853
38330481,29.5411,28.1722,863,81760,0.543254,0.47,1,1133799,1132936,863
38333401,31.8485,24.6507,911,81760,0.577929,0.47,1,1133847,1132936,911
38348001,39.7157,40.5964,839,84680,0.714603,0.45,2,1134087,1133248,839
38350921,40.7513,41.5219,839,84680,0.736143,0.45,2,1134135,1133296,839
38353841,41.6574,42.3316,839,84680,0.755529,0.45,2,1134183,1133344,839
38356761,42.4502,43.0402,839,84680,0.772976,0.45,2,1134231,1133392,839
38359681,43.1439,46.6602,815,84680,0.788678,0.45,2,1134279,1133464,815
38362601,43.7509,46.8276,815,86140,0.80481,0.45,2,1134327,1133512,815
38365521,44.2821,46.9742,815,86140,0.819329,0.45,2,1134375,1133560,815
38368441,44.7468,47.1024,815,86140,0.832396,0.45,2,1134423,1133608,815
38371361,45.1534,47.0896,816,86140,0.844157,0.45,2,1134471,1133655,816
38374281,45.5093,47.2034,816,87600,0.856741,0.45,2,1134519,1133703,816
38377201,45.8206,41.303,864,87600,0.868067,0.45,2,1134567,1133703,864
38380121,46.093,36.1401,912,87600,0.87826,0.45,2,1134615,1133703,912
38383041,46.3314,31.6226,960,87600,0.887434,0.45,2,1134663,1133703,960
38385961,46.54,27.6698,1008,87600,0.895691,0.45,2,1134711,1133703,1008
38388881,46.7225,24.2111,1056,89060,0.905122,0.45,2,1134759,1133703,1056
38391801,46.8822,21.1847,1104,89060,0.91361,0.45,2,1134807,1133703,1104
38394721,47.0219,18.5366,1152,89060,0.921249,0.45,2,1134855,1133703,1152
38397641,47.1442,16.2195,1200,89060,0.928124,0.45,2,1134903,1133703,1200
38400561,47.2511,14.1921,1248,89060,0.934311,0.45,2,1134951,1133703,1248
38403481,47.3447,12.4181,1296,89060,0.93988,0.45,2,1134999,1133703,1296
38406401,47.4267,10.8658,1344,90520,0.945892,0.89,2,1135047,1133703,1344
38415161,47.6159,23.123,1344,90520,0.948955,0.89,2,1135191,1133847,1344
38418081,47.6639,26.2326,1344,90520,0.94206,0.89,2,1135239,1133895,1344
38421001,47.7059,22.9535,1392,91980,0.931854,0.91,2,1135287,1133895,1392
38423921,47.7427,26.0843,1392,91980,0.918669,0.91,2,1135335,1133943,1392
38426841,47.7749,28.8238,1392,91980,0.902802,0.91,2,1135383,1133991,1392
38429761,47.803,31.2208,1392,91980,0.884521,0.93,2,1135431,1134039,1392
38432681,47.8276,33.3182,1392,91980,0.864069,0.93,2,1135479,1134087,1392
38435601,47.8492,35.1534,1392,91980,0.841662,0.93,2,1135527,1134135,1392
38438521,47.868,36.7593,1392,91980,0.817496,0.93,2,1135575,1134183,1392
38441441,47.8845,38.1644,1392,91980,0.791746,0.93,2,1135623,1134231,1392
38444361,47.899,39.3938,1392,93440,0.764572,0.93,2,1135671,1134279,1392
38447281,47.9116,34.4696,1440,93440,0.736115,0.95,2,1135719,1134279,1440
38450201,47.9226,36.1609,1440,93440,0.706503,0.95,2,1135767,1134327,1440
38467721,47.9653,42.6867,1440,93440,0.717032,0.97,2,1136055,1134615,1440
38470641,47.9696,43.3508,1440,93440,0.745329,0.97,2,1136103,1134663,1440
38473561,47.9734,43.932,1440,94900,0.770796,0.97,2,1136151,1134711,1440
38476481,47.9767,38.4405,1488,94900,0.793716,0.99,2,1136199,1134711,1488
38479401,47.9796,39.6354,1488,94900,0.814345,0.99,2,1136247,1134759,1488
38482321,47.9822,40.681,1488,94900,0.83291,0.99,2,1136295,1134807,1488
38485241,47.9844,41.5959,1488,94900,0.849619,0.99,2,1136343,1134855,1488
38488161,47.9864,42.3964,1488,94900,0.864657,0.99,2,1136391,1134903,1488
38491081,47.9881,43.0968,1488,94900,0.878192,0.99,2,1136439,1134951,1488
38494001,47.9896,43.7097,1488,94900,0.890372,1,2,1136487,1134999,1488
38495601,45.3659,44.246,1467,94900,0.901335,0.29,2,1136514,1135047,1467
38498521,45.6951,150.84,618,94900,0.911202,0.29,2,1136562,1135944,618
38501441,45.9832,131.985,666,94900,0.920081,0.29,2,1136610,1135944,666
38504361,46.2353,115.487,714,94900,0.928073,0.29,2,1136658,1135944,714
38507281,46.4559,101.051,762,94900,0.935266,0.29,2,1136706,1135944,762
38510201,46.6489,88.4198,810,94900,0.941739,0.29,2,1136754,1135944,810
38513121,46.8178,77.3673,858,94900,0.946565,0.29,2,1136802,1135944,858
38524801,47.307,45.3513,1050,96360,0.947193,0.29,2,1136994,1135944,1050
38527721,47.3936,39.6824,1098,96360,0.938473,0.29,2,1137042,1135944,1098
38530641,47.4694,34.7221,1146,96360,0.926626,0.29,2,1137090,1135944,1146
38533561,47.5358,30.3818,1194,96360,0.911963,0.29,2,1137138,1135944,1194
38536481,47.5938,26.5841,1242,96360,0.889767,0.29,2,1137186,1135944,1242
38539401,47.6446,23.2611,1290,96360,0.86579,0.29,2,1137234,1135944,1290
38542321,47.689,20.3535,1338,96360,0.837211,0.29,2,1137282,1135944,1338
38545241,47.7279,17.8093,1386,96360,0.80749,0.29,2,1137330,1135944,1386
38548161,47.7619,15.5831,1434,96360,0.778741,0.29,2,1137378,1135944,1434
38551081,47.7917,13.6352,1482,96360,0.748867,1,2,1137426,1135944,1482
38554001,47.8177,13.8058,1515,96360,0.71798,1,2,1137474,1135959,1515
38554001,36.2163,7.08113,1635,51620,0.58119,0,1,1137594,1135959,1635
38554001,34.6893,6.19599,1659,51620,0.561071,0,1,1137618,1135959,1659
38554001,33.3531,5.42149,1683,51620,0.539964,0,1,1137642,1135959,1683
38554001,32.309,4.7438,1708,51620,0.521968,0,1,1137667,1135959,1708
38554001,31.2704,4.15083,1732,51620,0.504771,0,1,1137691,1135959,1732
38554001,30.3616,3.63197,1756,51620,0.490294,0,1,1137715,1135959,1756
38554001,29.5664,3.17798,1780,50160,0.476265,0,1,1137739,1135959,1780
38554001,28.8706,2.78073,1804,48700,0.464638,0,1,1137763,1135959,1804
38554001,28.2617,2.43314,1828,48700,0.453174,0,1,1137787,1135959,1828
38554001,27.729,2.129,1852,47240,0.443857,0,1,1137811,1135959,1852
38554001,27.2629,1.86287,1876,47240,0.434471,0,1,1137835,1135959,1876
38554001,26.855,1.63001,1900,45780,0.427024,0,1,1137859,1135959,1900
38554001,26.4982,1.42626,1924,45780,0.419322,0,1,1137883,1135959,1924
38554001,26.1859,1.24798,1948,45780,0.413389,0,1,1137907,1135959,1948
38554001,25.9127,1.09198,1972,45780,0.407051,0,1,1137931,1135959,1972
38554001,25.6736,0.955484,1996,45780,0.402345,0,1,1137955,1135959,1996
38554001,25.4644,0.836048,2020,45780,0.398111,0,1,1137979,1135959,2020
38554001,25.2813,0.731542,2044,45780,0.3953,0,1,1138003,1135959,2044
38554001,25.1212,0.640099,2068,45780,0.39277,0,1,1138027,1135959,2068
38554001,24.981,0.560087,2092,45780,0.390493,0,1,1138051,1135959,2092
38554001,24.8584,0.490076,2116,45780,0.388444,0,1,1138075,1135959,2116
38554001,24.7511,0.428817,2140,44320,0.386599,0,1,1138099,1135959,2140
38554001,24.6572,0.375215,2164,44320,0.384939,0,1,1138123,1135959,2164
38554001,24.5751,0.328313,2188,44320,0.383445,0,1,1138147,1135959,2188
38554001,24.5032,0.287274,2212,44320,0.382101,0,1,1138171,1135959,2212
38554001,24.4403,0.251364,2236,41400,0.380891,0,1,1138195,1135959,2236
38554001,22.5102,0.219944,2245,41400,0.379802,0,1,1138204,1135959,2245
38565681,22.6965,198.567,682,41400,0.376822,0.35,1,1138228,1137546,682
38565681,22.8594,173.747,706,38480,0.376139,0,1,1138252,1137546,706
38565681,23.002,152.028,730,38480,0.373525,0,1,1138276,1137546,730
38565681,23.1267,133.025,754,38480,0.369173,0,1,1138300,1137546,754
38568601,23.2359,128.397,682,38480,0.363256,0.36,1,1138324,1137642,682
38572981,23.3314,115.472,681,39420,0.35993,0.36,1,1138348,1137667,681
38572981,23.415,101.038,705,37020,0.354937,0,1,1138372,1137667,705
38577361,23.4881,94.4083,681,37020,0.348443,0.36,1,1138396,1137715,681
38577361,23.5521,82.6072,705,36500,0.344599,0,1,1138420,1137715,705
38593421,23.6081,78.2813,681,36500,0.339139,0.37,1,1138444,1137763,681
38593421,23.6571,68.4962,705,22420,0.332225,0,1,1138468,1137763,705
38593421,23.6999,59.9341,729,22420,0.324003,0,1,1138492,1137763,729
38593421,23.7374,52.4424,753,22420,0.314602,0,1,1138516,1137763,753
38593421,23.7703,45.8871,777,22420,0.304142,0,1,1138540,1137763,777
38593421,23.799,40.1512,801,22420,0.292728,0,1,1138564,1137763,801
38593421,23.8241,35.1323,825,22420,0.280455,0,1,1138588,1137763,825
38593421,23.8461,30.7408,849,22420,0.26741,0,1,1138612,1137763,849
38593421,23.8653,26.8982,873,22420,0.253669,0,1,1138636,1137763,873
38593421,23.8822,23.5359,897,22420,0.239302,0,1,1138660,1137763,897
38600721,23.7719,50.5939,680,22420,0.224372,0.37,1,1138683,1138003,680
38600721,23.8004,44.2697,704,18980,0.212934,0,1,1138707,1138003,704
38600721,23.8254,38.736,728,18980,0.200641,0,1,1138731,1138003,728
38600721,23.8472,33.894,752,18980,0.187577,0,1,1138755,1138003,752
38602181,23.8663,41.6572,680,18980,0.173819,0.37,1,1138779,1138099,680
38602181,23.883,36.4501,704,18040,0.159437,0,1,1138803,1138099,704
38602181,23.8976,31.8938,728,17520,0.146494,0,1,1138827,1138099,728
38612921,23.9104,36.9071,680,17520,0.134844,0.37,1,1138851,1138171,680
38615841,26.9216,35.2937,704,68620,0.19236,0.35,1,1138899,1138195,704
38618761,29.5564,35.007,719,70080,0.246124,0.31,1,1138947,1138228,719
38621681,31.8619,42.6311,671,71540,0.296511,0.29,1,1138995,1138324,671
38624601,33.8791,46.3022,647,71540,0.34186,0.09,1,1139043,1138396,647
38627521,35.6442,76.3894,408,71540,0.382674,0.03,1,1139091,1138683,408
38630441,37.1887,84.8408,312,71540,0.419407,0.03,1,1139139,1138827,312
38633361,38.5401,77.2357,336,71540,0.452466,0.03,1,1139187,1138851,336
38636281,39.7226,67.5812,384,71540,0.48222,0.03,1,1139235,1138851,384
38639201,40.7573,59.1336,432,73000,0.510998,0.03,1,1139283,1138851,432
38642121,41.6626,51.7419,480,73000,0.536898,0.03,1,1139331,1138851,480
38645041,42.4548,45.2741,528,73000,0.560208,0.03,1,1139379,1138851,528
38647961,43.1479,39.6149,576,73000,0.581187,0.03,1,1139427,1138851,576
38674241,46.5412,11.9105,1008,75920,0.709284,0.03,2,1139859,1138851,1008
38677161,46.7235,10.4217,1056,75920,0.719356,0.03,2,1139907,1138851,1056
38680081,46.8831,9.11899,1104,75920,0.72842,0.03,2,1139955,1138851,1104
38683001,47.0227,7.97912,1152,75920,0.736578,0.71,2,1140003,1138851,1152
38685921,47.1449,12.9817,1152,75920,0.74392,0.73,2,1140051,1138899,1152
38688841,47.2518,17.359,1152,75920,0.750528,0.73,2,1140099,1138947,1152
38691761,47.3453,15.1891,1200,75920,0.756475,0.75,2,1140147,1138947,1200
38694681,47.4271,19.2905,1200,77380,0.763828,0.75,2,1140195,1138995,1200
38697601,47.4987,22.8792,1200,77380,0.770445,0.75,2,1140243,1139043,1200
38700521,47.5614,26.0193,1200,77380,0.776401,0.75,2,1140291,1139091,1200
38703441,47.6162,28.7669,1200,77380,0.781761,0.75,2,1140339,1139139,1200
38706361,47.6642,31.171,1200,77380,0.786584,0.75,2,1140387,1139187,1200
38709281,47.7062,33.2746,1200,77380,0.787926,0.77,2,1140435,1139235,1200
38712201,47.7429,35.1153,1200,77380,0.785133,0.77,2,1140483,1139283,1200
38715121,47.775,36.7259,1200,77380,0.77862,0.77,2,1140531,1139331,1200
38718041,47.8032,38.1352,1200,78840,0.768758,0.77,2,1140579,1139379,1200
38720961,47.8278,39.3683,1200,78840,0.755882,0.77,2,1140627,1139427,1200
38723881,47.8493,40.4472,1200,78840,0.740294,0.77,2,1140675,1139475,1200
38726801,47.8681,41.3913,1200,78840,0.722265,0.77,2,1140723,1139523,1200
38729721,47.8846,36.2174,1248,78840,0.702038,0.79,2,1140771,1139523,1248
38744321,47.9408,41.9566,1248,78840,0.574915,0.79,1,1141011,1139763,1248
38747241,47.9482,42.712,1248,78840,0.545424,0.81,1,1141059,1139811,1248
38750161,47.9547,43.373,1248,78840,0.514881,0.81,1,1141107,1139859,1248
38753081,47.9604,43.9514,1248,78840,0.483393,0.81,1,1141155,1139907,1248
38756001,47.9653,44.4575,1248,78840,0.451054,0.81,1,1141203,1139955,1248
38758921,47.9696,44.9003,1248,80300,0.417949,0.81,1,1141251,1140003,1248
38761841,47.9734,45.2878,1248,80300,0.384154,0.81,1,1141299,1140051,1248
38764761,47.9768,45.6268,1248,80300,0.349738,0.81,1,1141347,1140099,1248
38767681,47.9797,45.9234,1248,80300,0.314764,0.81,1,1141395,1140147,1248
38770601,47.9822,40.183,1296,80300,0.283288,0.83,1,1141443,1140147,1296
38773521,47.9844,41.1601,1296,80300,0.254959,0.83,1,1141491,1140195,1296
38776441,47.9864,42.0151,1296,80300,0.229463,0.83,1,1141539,1140243,1296
38779361,47.9881,42.7632,1296,80300,0.206517,0.83,1,1141587,1140291,1296
38781601,46.6146,43.4178,1285,80300,0.185865,0,1,1141624,1140339,1285
38784521,158.038,282.116,270,80300,0.254279,0,1,1142562,1142292,270
38787441,144.283,246.851,318,80300,0.315851,0,1,1142610,1142292,318
38790361,132.248,215.995,366,80300,0.371266,0,1,1142658,1142292,366
38793281,121.717,188.995,414,80300,0.421139,0,1,1142706,1142292,414
38796201,112.502,165.371,462,80300,0.466025,0,1,1142754,1142292,462
38799121,104.439,144.7,510,81760,0.508423,0,1,1142802,1142292,510
38802041,97.3844,126.612,558,81760,0.54658,0,1,1142850,1142292,558
38804961,91.2114,110.786,606,81760,0.580922,0,1,1142898,1142292,606
38819561,70.1635,56.8229,846,81760,0.707493,0,2,1143138,1142292,846
38822481,67.3931,49.7201,894,81760,0.725743,0,2,1143186,1142292,894
38825401,64.9689,43.5051,942,81760,0.742169,0,2,1143234,1142292,942
38828321,62.8478,38.0669,990,81760,0.756952,0,2,1143282,1142292,990
38831241,60.9918,33.3086,1038,83220,0.772257,0,2,1143330,1142292,1038
38834161,59.3679,29.145,1086,83220,0.786031,0,2,1143378,1142292,1086
38837081,57.9469,25.5019,1134,83220,0.798428,0,2,1143426,1142292,1134
38840001,56.7035,22.3141,1182,83220,0.809585,0,2,1143474,1142292,1182
38842921,55.6156,19.5249,1230,83220,0.815627,0,2,1143522,1142292,1230
38845841,54.6636,17.0843,1278,83220,0.823064,0,2,1143570,1142292,1278
38848761,53.8307,14.9487,1326,83220,0.831758,0,2,1143618,1142292,1326
38851681,53.1018,13.0801,1374,84680,0.841582,0,2,1143666,1142292,1374
38854601,52.4641,11.4451,1422,84680,0.850424,0,2,1143714,1142292,1422
38857521,51.9061,10.0145,1470,84680,0.858381,0,2,1143762,1142292,1470
38860441,51.4178,8.76267,1518,84680,0.865543,0,2,1143810,1142292,1518
38863361,50.9906,7.66734,1566,84680,0.871989,0.87,2,1143858,1142292,1566
38866281,50.6168,40.4589,1344,84680,0.87779,0.87,2,1143906,1142562,1344
38869201,50.2897,41.4016,1344,86140,0.885011,0.87,2,1143954,1142610,1344
38872121,50.0035,42.2264,1344,86140,0.89151,0.87,2,1144002,1142658,1344
38875041,49.753,42.9481,1344,86140,0.897359,0.87,2,1144050,1142706,1344
38877961,49.5339,43.5796,1344,86140,0.902623,0.89,2,1144098,1142754,1344
38880881,49.3422,44.1321,1344,86140,0.907361,0.89,2,1144146,1142802,1344
38883801,49.1744,44.6156,1344,87600,0.913625,0.89,2,1144194,1142850,1344
38886721,49.0276,45.0386,1344,87600,0.919262,0.89,2,1144242,1142898,1344
38889641,48.8991,45.4088,1344,87600,0.924336,0.89,2,1144290,1142946,1344
38892561,48.7868,45.7327,1344,87600,0.927902,0.89,2,1144338,1142994,1344
38895481,48.6884,46.0161,1344,89060,0.927112,0.89,2,1144386,1143042,1344
38898401,48.6024,46.2641,1344,89060,0.922401,0.89,2,1144434,1143090,1344
38901321,48.5271,46.4811,1344,89060,0.914161,0.89,2,1144482,1143138,1344
38904241,48.4612,46.671,1344,90520,0.902745,0.89,2,1144530,1143186,1344
38907161,48.4035,46.8371,1344,90520,0.88847,0.89,2,1144578,1143234,1344
38910081,48.3531,46.9825,1344,90520,0.871623,0.89,2,1144626,1143282,1344
38913001,48.309,41.1096,1392,90520,0.852461,0.91,2,1144674,1143282,1392
38915921,48.2703,41.9709,1392,91980,0.831215,0.91,2,1144722,1143330,1392
38918841,48.2365,42.7246,1392,91980,0.808093,0.91,2,1144770,1143378,1392
38921761,48.207,43.384,1392,91980,0.783284,0.91,2,1144818,1143426,1392
38924681,48.1811,43.961,1392,93440,0.756956,0.87,2,1144866,1143474,1392
38927601,48.1585,44.4659,1392,93440,0.78126,0.89,2,1144914,1143522,1392
38930521,48.1387,44.9076,1392,94900,0.803134,0.91,2,1144962,1143570,1392
38933441,48.1213,45.2942,1392,94900,0.822821,0.93,2,1145010,1143618,1392
38936361,48.1062,45.6324,1392,94900,0.840539,0.93,2,1145058,1143666,1392
38939281,48.0929,45.9284,1392,96360,0.856485,0.93,2,1145106,1143714,1392
38942201,48.0813,46.1873,1392,96360,0.870836,0.93,2,1145154,1143762,1392
38945121,48.0711,46.4139,1392,97820,0.883753,0.93,2,1145202,1143810,1392
38948041,48.0622,46.6122,1392,97820,0.895377,0.93,2,1145250,1143858,1392
38950961,48.0545,46.7856,1392,97820,0.90584,0.93,2,1145298,1143906,1392
38953881,48.0476,40.9374,1440,99280,0.915256,0.95,2,1145346,1143906,1440
38956801,48.0417,41.8203,1440,100740,0.92373,0.95,2,1145394,1143954,1440
38959721,48.0365,42.5927,1440,100740,0.931357,0.95,2,1145442,1144002,1440
38962641,48.0319,43.2686,1440,102200,0.937221,0.95,2,1145490,1144050,1440
38965561,48.0279,43.8601,1440,102200,0.942499,0.95,2,1145538,1144098,1440
38968481,48.0244,44.3775,1440,103660,0.947249,0.97,2,1145586,1144146,1440
38987761,46.6174,76.9583,1013,109500,0.940891,0.5,2,1145903,1144890,1013
38990681,46.7902,67.3385,1061,109500,0.927801,0.5,2,1145951,1144890,1061
38993601,46.9415,58.9212,1109,110960,0.912021,0.5,2,1145999,1144890,1109
38996521,47.0738,51.5561,1157,112420,0.893819,0.5,2,1146047,1144890,1157
38999441,47.1896,45.1116,1205,112420,0.865437,0.5,2,1146095,1144890,1205
39002361,47.2909,39.4726,1253,113880,0.835894,0.5,2,1146143,1144890,1253
39005281,47.3795,34.5385,1301,115340,0.804304,0.5,2,1146191,1144890,1301
39008201,47.4571,30.2212,1349,115340,0.771874,0.5,2,1146239,1144890,1349
39011121,47.5249,26.4436,1397,116800,0.735686,0.5,2,1146287,1144890,1397
39019881,44.7215,18.1257,1541,121180,0.582077,0,1,1146455,1144914,1541
39019881,42.1313,15.86,1565,121180,0.543869,0,1,1146479,1144914,1565
39019881,39.8649,13.8775,1589,121180,0.508482,0,1,1146503,1144914,1589
39019881,37.8818,12.1428,1613,48540,0.475634,0.19,1,1146527,1144914,1613
39019881,36.1466,10.625,1637,48540,0.447071,0,1,1146551,1144914,1637
39019881,34.7533,9.29685,1662,48540,0.419364,0,1,1146576,1144914,1662
39019881,33.4091,8.13475,1686,48540,0.393427,0,1,1146600,1144914,1686
39019881,32.233,7.1179,1710,48540,0.371084,0,1,1146624,1144914,1710
39019881,31.2038,6.22816,1734,47080,0.350976,0,1,1146648,1144914,1734
39019881,30.3034,5.44964,1758,47080,0.333878,0,1,1146672,1144914,1758
39019881,29.5154,4.76844,1782,45620,0.319491,0,1,1146696,1144914,1782
39019881,28.826,4.17238,1806,44160,0.307542,0,1,1146720,1144914,1806
39019881,28.2228,3.65084,1830,42700,0.297787,0,1,1146744,1144914,1830
39019881,27.6949,3.19448,1854,42700,0.289009,0,1,1146768,1144914,1854
39019881,27.233,2.79517,1878,41240,0.282108,0,1,1146792,1144914,1878
39019881,26.8289,2.44577,1902,39780,0.275897,0,1,1146816,1144914,1902
39019881,26.4753,2.14005,1926,38320,0.270307,0,1,1146840,1144914,1926
39019881,26.1659,1.87255,1950,38320,0.265277,0,1,1146864,1144914,1950
39019881,25.8952,1.63848,1974,36860,0.260749,0,1,1146888,1144914,1974
39019881,25.6583,1.43367,1998,33940,0.256674,0,1,1146912,1144914,1998
39019881,25.451,1.25446,2022,33940,0.253007,0,1,1146936,1144914,2022
39019881,25.2696,1.09765,2046,32480,0.249706,0,1,1146960,1144914,2046
39019881,25.1109,0.960446,2070,32480,0.246735,0,1,1146984,1144914,2070
39019881,22.722,0.84039,2076,32480,0.245062,0,1,1146990,1144914,2076
39028641,22.8818,199.36,511,31020,0.241556,0.19,1,1147014,1146503,511
39028641,23.0216,174.44,535,31020,0.2404,0,1,1147038,1146503,535
39033021,23.1439,158.635,511,31020,0.23736,0.16,1,1147062,1146551,511
39033021,23.2509,138.806,535,30660,0.236624,0,1,1147086,1146551,535
39035941,23.3445,127.58,510,30660,0.233962,0.17,1,1147110,1146600,510
39038861,23.4265,114.633,510,29560,0.229565,0.17,1,1147134,1146624,510
39043241,23.4982,103.304,510,30660,0.227609,0.19,1,1147158,1146648,510
39043241,23.5609,90.3906,534,28100,0.223848,0,1,1147182,1146648,534
39046161,23.6158,85.0918,510,28100,0.218463,0.2,1,1147206,1146696,510
39049081,23.6638,77.4553,510,29200,0.215617,0.21,1,1147230,1146720,510
39053461,23.7058,70.7734,510,28100,0.211055,0.22,1,1147254,1146744,510
39053461,23.7426,61.9267,534,27740,0.20895,0,1,1147278,1146744,534
39056381,23.7748,60.1859,510,27740,0.205055,0.22,1,1147302,1146792,510
39057841,23.8029,55.6626,510,26640,0.199549,0.22,1,1147326,1146816,510
39062221,23.8276,51.7048,510,27740,0.196594,0.22,1,1147350,1146840,510
39068061,23.7241,48.2417,509,26640,0.191935,0.21,1,1147373,1146864,509
39068061,23.7586,42.2115,533,24820,0.189741,0,1,1147397,1146864,533
39068061,23.7888,36.9351,557,24820,0.185767,0,1,1147421,1146864,557
39068061,23.8152,32.3182,581,24820,0.180191,0,1,1147445,1146864,581
39068061,23.8383,28.2784,605,24820,0.175171,0,1,1147469,1146864,605
39068061,23.8585,24.7436,629,24820,0.170654,0,1,1147493,1146864,629
39077181,23.8762,40.4007,503,24820,0.166589,0.21,1,1147517,1147014,503
39080101,26.8917,35.3506,551,84680,0.24293,0.21,1,1147565,1147014,551
39083021,29.5302,36.9317,551,86140,0.313637,0.19,1,1147613,1147062,551
39085941,31.8389,41.3153,527,86140,0.377273,0.17,1,1147661,1147134,527
39088861,33.8591,45.1509,503,87600,0.436546,0.17,1,1147709,1147206,503
39091781,35.6267,45.507,503,87600,0.489891,0.15,1,1147757,1147254,503
39094701,37.1733,48.8186,479,87600,0.537902,0.15,1,1147805,1147326,479
39097621,38.5267,48.5913,480,89060,0.583112,0.13,1,1147853,1147373,480
39109301,42.4469,41.1161,528,90520,0.724941,0.13,2,1148045,1147517,528
39112221,43.141,35.9766,576,91980,0.752447,0.13,2,1148093,1147517,576
39115141,43.7484,31.4795,624,91980,0.777202,0.13,2,1148141,1147517,624
39118061,44.2799,27.5446,672,91980,0.799482,0.13,2,1148189,1147517,672
39120981,44.7449,24.1015,720,93440,0.819534,0.13,2,1148237,1147517,720
39123901,45.1518,21.0888,768,93440,0.83758,0.13,2,1148285,1147517,768
39126821,45.5078,18.4527,816,94900,0.853822,0.13,2,1148333,1147517,816
39129741,45.8193,16.1461,864,94900,0.86844,0.13,2,1148381,1147517,864
39132661,46.0919,14.1279,912,94900,0.881596,0.13,2,1148429,1147517,912
39135581,46.3304,12.3619,960,96360,0.893436,0.13,2,1148477,1147517,960
39138501,46.5391,10.8167,1008,96360,0.904093,0.13,2,1148525,1147517,1008
39141421,46.7217,9.46457,1056,96360,0.913683,0.13,2,1148573,1147517,1056
39144341,46.8815,8.2815,1104,97820,0.922315,0.13,2,1148621,1147517,1104
39147261,47.0213,7.24631,1152,97820,0.930084,0.13,2,1148669,1147517,1152
39150181,47.1437,6.34052,1200,99280,0.937075,0.13,2,1148717,1147517,1200
39153101,47.2507,5.54796,1248,99280,0.943368,0.13,2,1148765,1147517,1248
39156021,47.3444,4.85446,1296,99280,0.949031,0.13,2,1148813,1147517,1296
39196901,30.3605,8.94063,1729,100390,0.946103,0,2,1149726,1147997,1729
39196901,29.5654,7.82305,1753,98463,0.938493,0,2,1149750,1147997,1753
39196901,28.8697,6.84517,1777,96536,0.930644,0,2,1149774,1147997,1777
39196901,28.261,5.98953,1801,96068,0.922579,0,2,1149798,1147997,1801
39196901,27.7284,5.24083,1825,94141,0.914321,0,2,1149822,1147997,1825
39196901,27.2624,4.58573,1849,93674,0.907889,0,2,1149846,1147997,1849
39196901,26.8546,4.01251,1873,91747,0.8981,0,2,1149870,1147997,1873
39196901,26.4977,3.51095,1897,88360,0.88829,0,2,1149894,1147997,1897
39196901,26.1855,3.07208,1921,87892,0.880461,0,2,1149918,1147997,1921
39196901,25.9123,2.68807,1945,85965,0.870415,0,2,1149942,1147997,1945
39196901,25.6733,2.35206,1969,85498,0.862374,0,2,1149966,1147997,1969
39196901,25.4641,2.05805,1993,85031,0.853136,0,2,1149990,1147997,1993
39196901,25.2811,1.8008,2017,84564,0.841823,0,2,1150014,1147997,2017
39196901,25.121,1.5757,2041,84096,0.83264,0,2,1150038,1147997,2041
39196901,24.9809,1.37874,2065,83629,0.823376,0,2,1150062,1147997,2065
39196901,24.8582,1.20639,2089,81702,0.814039,0,2,1150086,1147997,2089
39196901,24.751,1.05559,2113,81235,0.803635,0,2,1150110,1147997,2113
39196901,24.6571,0.923645,2137,79308,0.793271,0,2,1150134,1147997,2137
39196901,24.575,0.80819,2161,78840,0.784944,0,2,1150158,1147997,2161
39196901,24.5031,0.707166,2185,76913,0.77645,0,2,1150182,1147997,2185
39196901,24.4402,0.61877,2209,73000,0.769805,0,2,1150206,1147997,2209
39196901,24.3852,0.541424,2233,73000,0.762824,0,2,1150230,1147997,2233
39196901,24.337,0.473746,2257,70080,0.757542,0,2,1150254,1147997,2257
39196901,24.2949,0.414528,2281,70080,0.752788,0,2,1150278,1147997,2281
39196901,24.258,0.362712,2305,70080,0.748509,0,2,1150302,1147997,2305
39196901,24.2258,0.317373,2329,70080,0.744658,0,2,1150326,1147997,2329
39196901,24.1976,0.277701,2353,70080,0.740192,0,2,1150350,1147997,2353
39196901,24.1729,0.242988,2377,70080,0.737173,0,2,1150374,1147997,2377
39196901,24.1513,0.212615,2401,70080,0.733456,0,2,1150398,1147997,2401
39196901,24.1324,0.186038,2425,68620,0.73111,0,2,1150422,1147997,2425
39196901,24.1158,0.162783,2449,68620,0.728999,0,2,1150446,1147997,2449
39196901,24.1013,0.142435,2473,68620,0.727099,0,2,1150470,1147997,2473
39196901,24.0887,0.124631,2497,67160,0.725389,0,2,1150494,1147997,2497
39196901,24.0776,0.109052,2521,67160,0.72385,0,2,1150518,1147997,2521
39196901,24.0679,0.0954206,2545,67160,0.722465,0,2,1150542,1147997,2545
39196901,24.0594,0.083493,2569,67160,0.720219,0,2,1150566,1147997,2569
39196901,24.052,0.0730564,2593,66460,0.718197,0,2,1150590,1147997,2593
39196901,24.0455,0.0639243,2617,66460,0.716377,0,2,1150614,1147997,2617
39196901,24.0398,0.0559338,2641,66460,0.71474,0,2,1150638,1147997,2641
39196901,24.0348,0.0489421,2665,66460,0.713266,0,2,1150662,1147997,2665
39196901,24.0305,0.0428243,2689,66460,0.711939,0,2,1150686,1147997,2689
39196901,24.0267,0.0374713,2713,66460,0.710745,0,2,1150710,1147997,2713
39196901,24.0233,0.0327874,2737,66460,0.709671,0,2,1150734,1147997,2737
39196901,24.0204,0.0286889,2761,66460,0.708704,0,2,1150758,1147997,2761
39196901,24.0179,0.0251028,2785,66460,0.707833,0,2,1150782,1147997,2785
39196901,24.0156,0.021965,2809,66460,0.70705,0,2,1150806,1147997,2809
39196901,24.0137,0.0192194,2833,66460,0.706345,0,2,1150830,1147997,2833
39196901,24.012,0.0168169,2857,66460,0.70571,0,2,1150854,1147997,2857
39205661,24.0105,195.015,1321,66460,0.705139,0.91,2,1150878,1149557,1321
39205661,24.0092,170.638,1345,74460,0.714625,0,2,1150902,1149557,1345
39205661,24.008,149.308,1369,73760,0.723163,0,2,1150926,1149557,1369
39210041,24.007,145.77,1272,73760,0.730847,0.89,2,1150950,1149678,1272
39212961,24.0061,133.548,1248,74460,0.737762,0.87,2,1150974,1149726,1248
39217341,24.0054,119.855,1248,74460,0.743986,0.85,2,1150998,1149750,1248
39221721,24.0047,110.873,1224,74460,0.749587,0.81,2,1151022,1149798,1224
39221721,24.0041,97.0139,1248,74460,0.754628,0,2,1151046,1149798,1248
39224641,24.0036,93.8871,1200,73760,0.759166,0.8,2,1151070,1149870,1200
39226101,24.0031,85.1513,1200,74460,0.763249,0.78,2,1151094,1149894,1200
39230481,24.0028,80.5073,1176,74460,0.766924,0.79,2,1151118,1149942,1176
39240701,24.0024,73.4439,1176,74460,0.770232,0.73,2,1151142,1149966,1176
39240701,24.0021,64.2634,1200,74460,0.773209,0,2,1151166,1149966,1200
39240701,24.0018,56.2305,1224,73760,0.775888,0,2,1151190,1149966,1224
39245081,24.0016,64.2017,1128,73760,0.778299,0.71,2,1151214,1150086,1128
39249461,24.0014,59.1765,1128,74460,0.780469,0.7,2,1151238,1150110,1128
39249461,24.0012,51.7794,1152,74460,0.782422,0,2,1151262,1150110,1152
39252381,24.0011,54.307,1104,73760,0.78418,0.71,2,1151286,1150182,1104
39253841,24.0009,50.5186,1104,74460,0.785762,0.7,2,1151310,1150206,1104
39258221,24.0008,47.2038,1104,74460,0.787186,0.71,2,1151334,1150230,1104
39259681,24.0007,44.3033,1104,74460,0.788467,0.71,2,1151358,1150254,1104
39271361,24.0006,41.7654,1104,74460,0.78962,0.7,2,1151382,1150278,1104
39271361,24.0006,36.5447,1128,74460,0.790658,0,2,1151406,1150278,1128
39271361,24.0005,31.9766,1152,73760,0.792593,0,2,1151430,1150278,1152
39271361,24.0004,27.9796,1176,73760,0.794333,0,2,1151454,1150278,1176
39271361,24.0004,24.4821,1200,73760,0.7959,0,2,1151478,1150278,1200
39277201,23.8753,36.4218,1103,73760,0.79731,0.71,2,1151501,1150398,1103
39277201,23.8909,31.8691,1127,74460,0.798579,0,2,1151525,1150398,1127
39277201,23.9045,27.8855,1151,73760,0.799721,0,2,1151549,1150398,1151
39323921,23.9165,33.3998,1103,73760,0.800749,0.71,2,1151573,1150470,1103
39326841,26.9269,32.2248,1127,75920,0.820674,0.71,2,1151621,1150494,1127
39327601,28.1861,34.1967,1116,77380,0.838607,0.8,2,1151658,1150542,1116
39327601,27.6628,29.9221,1140,77380,0.854746,0,2,1151682,1150542,1140
39327601,27.2049,26.1819,1164,77380,0.869271,0,2,1151706,1150542,1164
39327601,26.8043,22.9091,1188,77380,0.882344,0,2,1151730,1150542,1188
39327601,26.4538,20.0455,1212,77380,0.89411,0,2,1151754,1150542,1212
39327601,26.1471,17.5398,1236,77380,0.904699,0,2,1151778,1150542,1236
39327601,25.8787,15.3473,1260,77380,0.914229,0,2,1151802,1150542,1260
39327601,25.6438,13.4289,1284,77380,0.922806,0,2,1151826,1150542,1284
39327601,25.4384,11.7503,1308,77380,0.930525,0,2,1151850,1150542,1308
39327601,25.2586,10.2815,1332,77380,0.937473,0,2,1151874,1150542,1332
39327601,25.1012,8.99632,1356,77380,0.942726,0,2,1151898,1150542,1356
39327601,24.9636,7.87178,1380,77380,0.948453,0,2,1151922,1150542,1380
39327601,24.4942,4.03751,1500,77380,0.947369,0,2,1152042,1150542,1500
39327601,24.4325,3.53282,1524,77380,0.941632,0,2,1152066,1150542,1524
39327601,24.3784,3.09122,1548,77380,0.934469,0,2,1152090,1150542,1548
39327601,24.3311,2.70481,1572,77380,0.926022,0,2,1152114,1150542,1572
39330521,27.2897,50.3667,1236,77380,0.91442,0.8,2,1152162,1150926,1236
39333441,29.8785,50.0709,1236,78840,0.905978,0.8,2,1152210,1150974,1236
39336361,32.1437,49.812,1236,80300,0.90038,0.8,2,1152258,1151022,1236
39339281,34.1257,49.5855,1236,80300,0.895342,0.8,2,1152306,1151070,1236
39342201,35.86,49.3873,1236,80300,0.890808,0.8,2,1152354,1151118,1236
39345121,37.3775,49.2139,1236,80300,0.886727,0.8,2,1152402,1151166,1236
39348041,38.7053,49.0622,1236,80300,0.883054,0.8,2,1152450,1151214,1236
39350961,39.8672,48.9294,1236,81760,0.881749,0.8,2,1152498,1151262,1236
39353881,40.8838,48.8132,1236,81760,0.880574,0.8,2,1152546,1151310,1236
39356801,41.7733,48.7116,1236,81760,0.879517,0.8,2,1152594,1151358,1236
39359721,42.5516,48.6226,1236,81760,0.878565,0.81,2,1152642,1151406,1236
39362641,43.2327,48.5448,1236,81760,0.877708,0.81,2,1152690,1151454,1236
39365561,43.8286,48.3517,1237,83220,0.878938,0.81,2,1152738,1151501,1237
39368481,44.35,48.3077,1237,83220,0.867044,0.81,2,1152786,1151549,1237
39371401,44.8063,45.2693,1261,83220,0.858339,0.81,2,1152834,1151573,1261
39374321,45.2055,39.6106,1309,83220,0.852506,0.81,2,1152882,1151573,1309
39377241,45.5548,34.6593,1357,83220,0.849255,0.81,2,1152930,1151573,1357
39380161,45.8604,30.3269,1405,83220,0.848329,0.81,2,1152978,1151573,1405
39383081,46.1279,26.536,1453,84680,0.851497,0.81,2,1153026,1151573,1453
39386001,46.3619,23.219,1501,84680,0.856347,0.81,2,1153074,1151573,1501
39388921,46.5667,20.3166,1549,84680,0.860712,0.81,2,1153122,1151573,1549
39391841,46.7458,17.7771,1597,84680,0.865641,0.81,2,1153170,1151573,1597
39394761,46.9026,15.5549,1645,84680,0.870077,0.81,2,1153218,1151573,1645
39396221,47.0398,13.6106,1693,84680,0.874069,0.81,2,1153266,1151573,1693
39396221,44.1598,11.9092,1717,84680,0.879662,0,2,1153290,1151573,1717
39396221,40.3898,10.4206,1731,84680,0.884696,0,2,1153304,1151573,1731
39396221,38.3411,9.11801,1755,83220,0.889226,0.93,2,1153328,1151573,1755
39396221,36.5485,7.97826,1779,81845,0.891304,0,2,1153352,1151573,1779
39396221,34.9799,6.98098,1803,81365,0.891173,0,2,1153376,1151573,1803
39396221,33.6074,6.10835,1827,80885,0.891056,0,2,1153400,1151573,1827
39396221,32.4065,5.34481,1851,80406,0.89095,0,2,1153424,1151573,1851
39396221,31.3557,4.67671,1875,79926,0.888855,0,2,1153448,1151573,1875
39396221,30.4362,4.09212,1899,79446,0.88697,0,2,1153472,1151573,1899
39396221,29.6317,3.58061,1923,78966,0.885273,0,2,1153496,1151573,1923
39396221,28.9277,3.13303,1947,78487,0.881746,0,2,1153520,1151573,1947
39396221,28.3118,2.7414,1971,78007,0.878571,0,2,1153544,1151573,1971
39396221,27.7728,2.39873,1995,77527,0.875714,0,2,1153568,1151573,1995
39396221,27.3012,2.09889,2019,77047,0.871143,0,2,1153592,1151573,2019
39396221,26.8885,1.83652,2043,76568,0.867028,0,2,1153616,1151573,2043
39396221,26.5275,1.60696,2067,76088,0.863325,0,2,1153640,1151573,2067
39396221,26.2115,1.40609,2091,75608,0.857993,0,2,1153664,1151573,2091
39396221,25.9351,1.23033,2115,75129,0.853194,0,2,1153688,1151573,2115
39396221,25.6932,1.07654,2139,74649,0.848874,0,2,1153712,1151573,2139
39396221,25.4816,0.94197,2163,74169,0.842987,0,2,1153736,1151573,2163
39396221,25.2964,0.824224,2187,73689,0.837688,0,2,1153760,1151573,2187
39396221,25.1343,0.721196,2211,73210,0.832919,0,2,1153784,1151573,2211
39396221,24.9925,0.631046,2235,72730,0.826627,0,2,1153808,1151573,2235
39396221,24.8685,0.552165,2259,72250,0.820965,0,2,1153832,1151573,2259
39396221,24.7599,0.483145,2283,71770,0.815868,0,2,1153856,1151573,2283
39396221,24.6649,0.422752,2307,71291,0.809281,0,2,1153880,1151573,2307
39396221,24.5818,0.369908,2331,70811,0.803353,0,2,1153904,1151573,2331
39396221,24.5091,0.323669,2355,70331,0.798018,0,2,1153928,1151573,2355
39396221,24.4454,0.283211,2379,69852,0.791216,0,2,1153952,1151573,2379
39396221,24.3898,0.247809,2403,69372,0.785094,0,2,1153976,1151573,2403
39396221,24.341,0.216833,2427,68892,0.779585,0,2,1154000,1151573,2427
39396221,24.2984,0.189729,2451,68412,0.772627,0,2,1154024,1151573,2451
39396221,24.2611,0.166013,2475,67933,0.766364,0,2,1154048,1151573,2475
39396221,24.2285,0.145261,2499,67453,0.760728,0,2,1154072,1151573,2499
39396221,24.1999,0.127104,2523,66973,0.753655,0,2,1154096,1151573,2523
39396221,24.1749,0.111216,2547,66493,0.747289,0,2,1154120,1151573,2547
39396221,24.1531,0.0973137,2571,66014,0.74156,0,2,1154144,1151573,2571
39396221,24.1339,0.0851495,2595,65534,0.734404,0,2,1154168,1151573,2595
39396221,24.1172,0.0745058,2619,65054,0.727964,0,2,1154192,1151573,2619
39396221,24.1025,0.0651926,2643,64575,0.722167,0,2,1154216,1151573,2643
39396221,24.0897,0.0570435,2667,64095,0.714951,0,2,1154240,1151573,2667
39396221,24.0785,0.0499131,2691,63615,0.708456,0,2,1154264,1151573,2691
39396221,24.0687,0.0436739,2715,63135,0.70261,0,2,1154288,1151573,2715
39489041,29.6312,182.541,1320,61320,0.59113,0.85,1,1154768,1153448,1320
39491961,31.9273,168.723,1296,62780,0.578017,0.83,1,1154816,1153520,1296
39494881,33.9364,156.633,1272,64240,0.562215,0.81,1,1154864,1153592,1272
39497801,35.6943,146.054,1248,64240,0.543994,0.79,1,1154912,1153664,1248
39500721,37.2326,136.797,1224,65700,0.523594,0.77,1,1154960,1153736,1224
39503641,38.5785,128.697,1200,65700,0.501235,0.75,1,1155008,1153808,1200
39506561,39.7562,121.61,1176,65700,0.477111,0.73,1,1155056,1153880,1176
39509481,40.7867,115.409,1152,65700,0.4514,0.71,1,1155104,1153952,1152
39512401,41.6883,109.983,1128,65700,0.42426,0.69,1,1155152,1154024,1128
39515321,42.4773,105.235,1104,65700,0.395834,0.67,1,1155200,1154096,1104
39518241,43.1676,101.081,1080,65700,0.366251,0.65,1,1155248,1154168,1080
39521161,43.7717,97.4456,1056,65700,0.335626,0.63,1,1155296,1154240,1056
39524081,44.3002,94.2649,1032,65700,0.304063,0.59,1,1155344,1154312,1032
39527001,44.7627,94.4818,984,67160,0.273657,0.59,1,1155392,1154408,984
39527281,42.7923,88.6715,965,67160,0.246291,0,1,1155421,1154456,965
39527281,40.4433,77.5876,989,67160,0.221662,0,1,1155445,1154456,989
39527281,38.3879,67.8892,1013,67160,0.199496,0,1,1155469,1154456,1013
39527281,36.5894,59.403,1037,67160,0.179546,0,1,1155493,1154456,1037
39527281,35.0157,51.9776,1061,67160,0.161592,0,1,1155517,1154456,1061
39527281,33.6388,45.4804,1085,67160,0.145432,0,1,1155541,1154456,1085
39527281,32.4339,39.7954,1109,67160,0.130889,0,1,1155565,1154456,1109
39527281,31.3797,34.821,1133,67160,0.1178,0,1,1155589,1154456,1133
39530201,230.457,341.343,270,67160,0.17502,0,1,1157213,1156943,270
39533121,207.65,298.675,318,67160,0.226518,0,1,1157261,1156943,318
39536041,187.694,261.341,366,67160,0.272866,0,1,1157309,1156943,366
39538961,170.232,228.673,414,67160,0.31458,0,1,1157357,1156943,414
39541881,154.953,200.089,462,68620,0.354122,0,1,1157405,1156943,462
39544801,141.584,175.078,510,68620,0.38971,0,1,1157453,1156943,510
39547721,129.886,153.193,558,68620,0.421739,0,1,1157501,1156943,558
39550641,119.65,134.044,606,68620,0.450565,0,1,1157549,1156943,606
39553561,110.694,117.289,654,68620,0.476508,0,1,1157597,1156943,654
39556481,102.857,102.628,702,68620,0.499857,0,1,1157645,1156943,702
39559401,96,89.7991,750,68620,0.520872,0,1,1157693,1156943,750
39562321,90,78.5742,798,68620,0.539785,0,1,1157741,1156943,798
39565241,84.75,68.7524,846,68620,0.556806,0,1,1157789,1156943,846
39568161,80.1563,60.1584,894,68620,0.572125,0,1,1157837,1156943,894
39571081,76.1367,52.6386,942,68620,0.585913,0,1,1157885,1156943,942
39611961,52.339,43.5584,1152,71540,0.700837,0.71,2,1158557,1157405,1152
39614881,51.7966,44.1136,1152,71540,0.705754,0.71,2,1158605,1157453,1152
39617801,51.322,44.5994,1152,71540,0.710178,0.71,2,1158653,1157501,1152
39620721,50.9068,45.0245,1152,71540,0.714161,0.71,2,1158701,1157549,1152
39623641,50.5434,45.3964,1152,71540,0.717745,0.71,2,1158749,1157597,1152
39626561,50.2255,45.7219,1152,71540,0.72097,0.71,2,1158797,1157645,1152
39629481,49.9473,46.0067,1152,71540,0.723873,0.71,2,1158845,1157693,1152
39632401,49.7039,46.2558,1152,71540,0.726486,0.71,2,1158893,1157741,1152
39635321,49.4909,46.4738,1152,71540,0.728837,0.71,2,1158941,1157789,1152
39638241,49.3045,46.6646,1152,71540,0.730953,0.71,2,1158989,1157837,1152
39641161,49.1415,46.8315,1152,73000,0.734858,0.73,2,1159037,1157885,1152
39644081,48.9988,46.9776,1152,73000,0.738372,0.73,2,1159085,1157933,1152
39647001,48.8739,47.1054,1152,73000,0.741535,0.73,2,1159133,1157981,1152
39649921,48.7647,47.2172,1152,73000,0.744382,0.73,2,1159181,1158029,1152
39652841,48.6691,47.3151,1152,73000,0.746943,0.73,2,1159229,1158077,1152
39655761,48.5855,47.4007,1152,74460,0.751249,0.73,2,1159277,1158125,1152
39658681,48.5123,47.4756,1152,74460,0.755124,0.73,2,1159325,1158173,1152
39661601,48.4483,47.5411,1152,74460,0.758612,0.73,2,1159373,1158221,1152
39664521,48.3922,47.5985,1152,74460,0.761751,0.73,2,1159421,1158269,1152
39667441,48.3432,47.6487,1152,74460,0.764575,0.73,2,1159469,1158317,1152
39670361,48.3003,47.6926,1152,74460,0.767118,0.73,2,1159517,1158365,1152
39673281,48.2628,47.731,1152,75920,0.771406,0.73,2,1159565,1158413,1152
39676201,48.2299,47.7647,1152,75920,0.775266,0.73,2,1159613,1158461,1152
39679121,48.2012,41.7941,1200,75920,0.778739,0.75,2,1159661,1158461,1200
39682041,48.176,42.5698,1200,75920,0.781865,0.75,2,1159709,1158509,1200
39684961,48.154,43.2486,1200,75920,0.784679,0.75,2,1159757,1158557,1200
39687881,48.1348,43.8425,1200,77380,0.789211,0.75,2,1159805,1158605,1200
39690801,48.1179,44.3622,1200,77380,0.79329,0.75,2,1159853,1158653,1200
39693721,48.1032,44.8169,1200,77380,0.796961,0.75,2,1159901,1158701,1200
39696641,48.0903,45.2148,1200,77380,0.800265,0.75,2,1159949,1158749,1200
39699561,48.079,45.563,1200,77380,0.803238,0.75,2,1159997,1158797,1200
39702481,48.0691,45.8676,1200,78840,0.807914,0.75,2,1160045,1158845,1200
39705401,48.0605,46.1341,1200,78840,0.812123,0.75,2,1160093,1158893,1200
39708321,48.0529,46.3674,1200,78840,0.815911,0.75,2,1160141,1158941,1200
39711241,48.0463,46.5714,1200,80300,0.81832,0.77,2,1160189,1158989,1200
39714161,48.0405,46.75,1200,80300,0.816488,0.77,2,1160237,1159037,1200
39717081,48.0355,46.9063,1200,80300,0.810839,0.77,2,1160285,1159085,1200
39720001,48.031,47.043,1200,81760,0.801755,0.77,2,1160333,1159133,1200
39722921,48.0271,47.1626,1200,81760,0.789579,0.77,2,1160381,1159181,1200
39725841,48.0238,47.2673,1200,81760,0.774621,0.77,2,1160429,1159229,1200
39728761,48.0208,41.3589,1248,81760,0.757159,0.79,2,1160477,1159229,1248
39731681,48.0182,42.189,1248,83220,0.771443,0.79,2,1160525,1159277,1248
39734601,48.0159,42.9154,1248,83220,0.784299,0.79,2,1160573,1159325,1248
39737521,48.0139,43.551,1248,84680,0.797869,0.79,2,1160621,1159373,1248
39740441,48.0122,44.1071,1248,84680,0.810082,0.79,2,1160669,1159421,1248
39743361,48.0107,44.5937,1248,84680,0.821074,0.79,2,1160717,1159469,1248
39746281,48.0093,45.0195,1248,86140,0.832967,0.81,2,1160765,1159517,1248
39749201,48.0082,45.3921,1248,86140,0.84367,0.81,2,1160813,1159565,1248
39752121,48.0071,45.718,1248,87600,0.855303,0.81,2,1160861,1159613,1248
39755041,48.0062,46.0033,1248,87600,0.865773,0.81,2,1160909,1159661,1248
39757961,48.0055,46.2529,1248,87600,0.875195,0.81,2,1160957,1159709,1248
39760881,48.0048,46.4713,1248,89060,0.885676,0.81,2,1161005,1159757,1248
39763801,48.0042,40.6624,1296,90520,0.897108,0.83,2,1161053,1159757,1296
39766721,48.0037,41.5796,1296,90520,0.907397,0.83,2,1161101,1159805,1296
39769641,48.0032,42.3821,1296,91980,0.916658,0.83,2,1161149,1159853,1296
39772561,48.0028,43.0844,1296,91980,0.924992,0.83,2,1161197,1159901,1296
39775481,48.0025,43.6988,1296,93440,0.932493,0.83,2,1161245,1159949,1296
39778401,48.0021,44.2365,1296,93440,0.939243,0.85,2,1161293,1159997,1296
39781321,48.0019,44.7069,1296,94900,0.945319,0.85,2,1161341,1160045,1296
39832961,47.7788,33.2111,1425,112420,0.947406,0.94,2,1162190,1160765,1425
39835881,47.8064,35.0597,1425,113880,0.929666,0.96,2,1162238,1160813,1425
39838801,47.8306,36.6773,1425,115340,0.909699,0.96,2,1162286,1160861,1425
39841721,47.8518,38.0926,1425,116800,0.884729,0.96,2,1162334,1160909,1425
39844641,47.8703,39.331,1425,118260,0.855256,0.96,2,1162382,1160957,1425
39847561,47.8865,34.4147,1473,119720,0.823731,0.98,2,1162430,1160957,1473
39850481,47.9007,36.1128,1473,121180,0.791358,1,2,1162478,1161005,1473
39853401,47.9131,37.5987,1473,122640,0.755222,1,2,1162526,1161053,1473
39856321,47.924,38.8989,1473,124100,0.7177,1,2,1162574,1161101,1473
39857781,40.0336,22.8018,1593,57200,0.565182,0.26,1,1162694,1161101,1593
39857781,38.0294,19.9516,1617,57200,0.531664,0,1,1162718,1161101,1617
39857781,36.4007,17.4576,1642,57200,0.502497,0,1,1162743,1161101,1642
39857781,34.8506,15.2754,1666,57200,0.474248,0,1,1162767,1161101,1666
39857781,33.4943,13.366,1690,57200,0.446823,0,1,1162791,1161101,1690
39857781,32.3075,11.6953,1714,55740,0.42114,0,1,1162815,1161101,1714
39857781,31.2691,10.2333,1738,54280,0.399026,0,1,1162839,1161101,1738
39857781,30.3604,8.95418,1762,54280,0.379124,0,1,1162863,1161101,1762
39857781,29.5654,7.8349,1786,52820,0.362211,0,1,1162887,1161101,1786
39857781,28.8697,6.85554,1810,51360,0.34799,0,1,1162911,1161101,1810
39857781,28.261,5.9986,1834,49900,0.336191,0,1,1162935,1161101,1834
39857781,27.7284,5.24877,1858,49900,0.325572,0,1,1162959,1161101,1858
39857781,27.2623,4.59268,1882,46980,0.316015,0,1,1162983,1161101,1882
39857781,26.8545,4.01859,1906,45520,0.307413,0,1,1163007,1161101,1906
39857781,26.4977,3.51627,1930,42600,0.299672,0,1,1163031,1161101,1930
39857781,26.1855,3.07673,1954,42600,0.292705,0,1,1163055,1161101,1954
39857781,25.9123,2.69214,1978,41140,0.286434,0,1,1163079,1161101,1978
39857781,25.6733,2.35563,2002,38220,0.280791,0,1,1163103,1161101,2002
39857781,25.4641,2.06117,2026,35300,0.275712,0,1,1163127,1161101,2026
39857781,25.2811,1.80353,2050,35300,0.271141,0,1,1163151,1161101,2050
39857781,25.121,1.57808,2074,33840,0.267027,0,1,1163175,1161101,2074
39857781,22.6058,1.38082,2079,32380,0.264324,0,1,1163180,1161101,2079
39866541,22.7801,197.333,534,31180,0.259892,0.23,1,1163204,1162670,534
39866541,22.9326,172.667,558,32380,0.253902,0,1,1163228,1162670,558
39869461,23.066,157.083,534,32380,0.246512,0.24,1,1163252,1162718,534
39873841,23.1828,140.573,533,32380,0.237861,0.2,1,1163276,1162743,533
39873841,23.2849,123.001,557,30920,0.238075,0,1,1163300,1162743,557
39876761,23.3743,113.626,533,30920,0.236267,0.19,1,1163324,1162791,533
39879681,23.4525,102.423,533,32380,0.236641,0.2,1,1163348,1162815,533
39884061,23.521,92.62,533,30920,0.234977,0.21,1,1163372,1162839,533
39884061,23.5808,81.0425,557,30920,0.235479,0,1,1163396,1162839,557
39885521,23.6332,76.9122,533,30920,0.233931,0.22,1,1163420,1162887,533
39888441,23.6791,70.2981,533,29460,0.230538,0.23,1,1163444,1162911,533
39891361,23.7192,64.5109,533,30920,0.228484,0.23,1,1163468,1162935,533
39892821,23.7543,59.447,533,29460,0.224636,0.23,1,1163492,1162959,533
39897201,23.785,55.0161,533,30920,0.223172,0.23,1,1163516,1162983,533
39900121,23.8119,51.1391,533,29460,0.219855,0.23,1,1163540,1163007,533
39901581,23.8354,47.7467,533,30920,0.218869,0.23,1,1163564,1163031,533
39904501,23.856,44.7784,533,29460,0.215982,0.23,1,1163588,1163055,533
39905961,23.874,42.1811,533,30920,0.215384,0.23,1,1163612,1163079,533
39910341,23.8897,39.9085,533,29460,0.212846,0.23,1,1163636,1163103,533
39913261,23.7785,37.9199,532,30920,0.213561,0.23,1,1163659,1163127,532
39919361,23.8062,36.1799,532,29460,0.212205,0.16,1,1163683,1163151,532
39919361,21.4554,31.6574,537,89060,0.290985,0,1,1163688,1163151,537
39922281,24.7735,43.5752,458,89060,0.360886,0.16,1,1163736,1163278,458
39925201,27.6768,38.1283,506,89060,0.423798,0.16,1,1163784,1163278,506
39928121,30.2172,33.3623,554,89060,0.480418,0.22,1,1163832,1163278,554
39931041,32.4401,34.942,556,90520,0.532376,0.22,1,1163880,1163324,556
39933961,34.385,36.5743,556,90520,0.579138,0.2,1,1163928,1163372,556
39945641,40.0192,43.3122,532,93440,0.723873,0.19,2,1164120,1163588,532
39948561,41.0168,43.8982,532,93440,0.751485,0.2,2,1164168,1163636,532
39951481,41.8897,44.2859,533,93440,0.776337,0.2,2,1164216,1163683,533
39954401,42.6535,38.7502,581,94900,0.798703,0.2,2,1164264,1163683,581
39957321,43.3218,33.9064,629,94900,0.818833,0.2,2,1164312,1163683,629
39960241,43.9066,29.6681,677,96360,0.83695,0.2,2,1164360,1163683,677
39963161,44.4182,25.9596,725,96360,0.853255,0.2,2,1164408,1163683,725
39966081,44.866,22.7146,773,96360,0.867929,0.2,2,1164456,1163683,773
39969001,45.2577,19.8753,821,97820,0.881136,0.2,2,1164504,1163683,821
39971921,45.6005,17.3909,869,97820,0.893023,0.2,2,1164552,1163683,869
39974841,45.9004,15.217,917,99280,0.90372,0.2,2,1164600,1163683,917
39977761,46.1629,13.3149,965,99280,0.913348,0.2,2,1164648,1163683,965
39980681,46.3925,11.6505,1013,99280,0.922013,0.2,2,1164696,1163683,1013
39983601,46.5935,10.1942,1061,100740,0.929812,0.2,2,1164744,1163683,1061
39986521,46.7693,8.91995,1109,100740,0.936831,0.2,2,1164792,1163683,1109
39989441,46.9231,7.80495,1157,102200,0.943148,0.2,2,1164840,1163683,1157
39992361,47.0577,6.82933,1205,102200,0.947833,0.2,2,1164888,1163683,1205
40023021,30.3129,6.66075,1729,99818,0.94742,0,2,1165657,1163928,1729
40023021,29.5237,5.82816,1753,97878,0.941678,0,2,1165681,1163928,1753
40023021,28.8333,5.09964,1777,95938,0.93351,0,2,1165705,1163928,1777
40023021,28.2291,4.46219,1801,95458,0.927159,0,2,1165729,1163928,1801
40023021,27.7005,3.90441,1825,93517,0.919443,0,2,1165753,1163928,1825
40023021,27.2379,3.41636,1849,90117,0.909499,0,2,1165777,1163928,1849
40023021,26.8332,2.98932,1873,89637,0.901549,0,2,1165801,1163928,1873
40023021,26.479,2.61565,1897,87697,0.892394,0,2,1165825,1163928,1897
40023021,26.1692,2.28869,1921,87216,0.881155,0,2,1165849,1163928,1921
40023021,25.898,2.00261,1945,86736,0.872039,0,2,1165873,1163928,1945
40023021,25.6608,1.75228,1969,86256,0.862835,0,2,1165897,1163928,1969
40023021,25.4532,1.53325,1993,85775,0.853552,0,2,1165921,1163928,1993
40023021,25.2715,1.34159,2017,85295,0.843197,0,2,1165945,1163928,2017
40023021,25.1126,1.17389,2041,83355,0.832877,0,2,1165969,1163928,2041
40023021,24.9735,1.02716,2065,82875,0.822589,0,2,1165993,1163928,2065
40023021,24.8518,0.898761,2089,80934,0.81233,0,2,1166017,1163928,2089
40023021,24.7453,0.786416,2113,80454,0.804097,0,2,1166041,1163928,2113
40023021,24.6522,0.688114,2137,78514,0.795688,0,2,1166065,1163928,2137
40023021,24.5707,0.6021,2161,74460,0.789119,0,2,1166089,1163928,2161
40023021,24.4993,0.526837,2185,74460,0.781207,0,2,1166113,1163928,2185
40023021,24.4369,0.460983,2209,71540,0.775086,0,2,1166137,1163928,2209
40023021,24.3823,0.40336,2233,68620,0.768578,0,2,1166161,1163928,2233
40023021,24.3345,0.35294,2257,68620,0.76372,0,2,1166185,1163928,2257
40023021,24.2927,0.308822,2281,68620,0.760348,0,2,1166209,1163928,2281
40023021,24.2561,0.27022,2305,68620,0.756313,0,2,1166233,1163928,2305
40023021,24.2241,0.236442,2329,68620,0.753682,0,2,1166257,1163928,2329
40023021,24.1961,0.206887,2353,68620,0.749314,0,2,1166281,1163928,2353
40023021,24.1716,0.181026,2377,68620,0.746382,0,2,1166305,1163928,2377
40023021,24.1501,0.158398,2401,68620,0.744744,0,2,1166329,1163928,2401
40023021,24.1314,0.138598,2425,68620,0.74227,0,2,1166353,1163928,2425
40023021,24.1149,0.121273,2449,68620,0.741043,0,2,1166377,1163928,2449
40023021,24.1006,0.106114,2473,68620,0.738938,0,2,1166401,1163928,2473
40023021,24.088,0.0928498,2497,68620,0.738045,0,2,1166425,1163928,2497
40023021,24.077,0.0812436,2521,68620,0.73624,0,2,1166449,1163928,2521
40023021,24.0674,0.0710882,2545,67560,0.733616,0,2,1166473,1163928,2545
40023021,24.059,0.0622021,2569,67560,0.732255,0,2,1166497,1163928,2569
40023021,24.0516,0.0544269,2593,67560,0.730029,0,2,1166521,1163928,2593
40023021,24.0451,0.0476235,2617,67560,0.729026,0,2,1166545,1163928,2617
40023021,24.0395,0.0416706,2641,67560,0.728124,0,2,1166569,1163928,2641
40023021,24.0346,0.0364617,2665,67560,0.727311,0,2,1166593,1163928,2665
40023021,24.0302,0.031904,2689,67560,0.72658,0,2,1166617,1163928,2689
40023021,24.0265,0.027916,2713,67560,0.725922,0,2,1166641,1163928,2713
40023021,24.0232,0.0244265,2737,67560,0.72533,0,2,1166665,1163928,2737
40023021,24.0203,0.0213732,2761,67560,0.724797,0,2,1166689,1163928,2761
40023021,24.0177,0.0187016,2785,67560,0.724317,0,2,1166713,1163928,2785
40023021,24.0155,0.0163639,2809,67560,0.723885,0,2,1166737,1163928,2809
40023021,24.0136,0.0143184,2833,67560,0.723497,0,2,1166761,1163928,2833
40023021,24.0119,0.0125286,2857,67560,0.723147,0,2,1166785,1163928,2857
40030321,24.0104,192.011,1345,67560,0.722833,0.93,2,1166809,1165464,1345
40030321,24.0091,168.01,1369,74460,0.730549,0,2,1166833,1165464,1369
40034701,24.008,159.133,1296,73400,0.737494,0.89,2,1166857,1165561,1296
40034701,24.007,139.242,1320,74460,0.743745,0,2,1166881,1165561,1320
40039081,24.0061,130.837,1272,73400,0.74937,0.88,2,1166905,1165633,1272
40042001,24.0053,117.482,1272,74460,0.754433,0.86,2,1166929,1165657,1272
40046381,24.0047,108.797,1248,74460,0.75899,0.87,2,1166953,1165705,1248
40049301,24.0041,98.1971,1248,74460,0.763091,0.82,2,1166977,1165729,1248
40050761,24.0036,91.9225,1224,74460,0.766782,0.83,2,1167001,1165777,1224
40055141,24.0031,83.4322,1224,74460,0.770104,0.78,2,1167025,1165801,1224
40065361,24.0027,79.0031,1200,74460,0.773093,0.75,2,1167049,1165849,1200
40065361,24.0024,69.1277,1224,74460,0.775784,0,2,1167073,1165849,1224
40065361,24.0021,60.4868,1248,73400,0.778206,0,2,1167097,1165849,1248
40069741,24.0018,64.9259,1176,73400,0.780385,0.73,2,1167121,1165945,1176
40074121,24.0016,62.8102,1152,74460,0.782347,0.72,2,1167145,1165993,1152
40074121,24.0014,54.9589,1176,74460,0.784112,0,2,1167169,1165993,1176
40077041,24.0012,57.0891,1128,73400,0.785701,0.73,2,1167193,1166065,1128
40078501,24.0011,52.9529,1128,74460,0.787131,0.71,2,1167217,1166089,1128
40082881,24.0009,49.3338,1128,74460,0.788418,0.72,2,1167241,1166113,1128
40084341,24.0008,46.1671,1128,74460,0.789576,0.71,2,1167265,1166137,1128
40087261,23.8757,43.3962,1127,74460,0.790618,0.72,2,1167288,1166161,1127
40088721,23.8913,40.9717,1127,74460,0.791556,0.73,2,1167312,1166185,1127
40141281,23.9048,38.8502,1127,74460,0.793401,0.72,2,1167336,1166209,1127
40144201,26.9167,36.9939,1151,75920,0.814061,0.71,2,1167384,1166233,1151
40147121,29.5521,38.3697,1151,77380,0.832655,0.73,2,1167432,1166281,1151
40150041,31.8581,39.5735,1151,78840,0.849389,0.73,2,1167480,1166329,1151
40152961,33.8759,40.6268,1151,78840,0.86445,0.73,2,1167528,1166377,1151
40153361,33.5164,41.5484,1134,78840,0.878005,0.8,2,1167559,1166425,1134
40153361,32.3268,36.3549,1158,78840,0.890205,0,2,1167583,1166425,1158
40153361,31.286,31.8105,1182,78840,0.901184,0,2,1167607,1166425,1182
40153361,30.3752,27.8342,1206,78840,0.911066,0,2,1167631,1166425,1206
40153361,29.5783,24.3549,1230,78840,0.919959,0,2,1167655,1166425,1230
40153361,28.881,21.3106,1254,78840,0.927963,0,2,1167679,1166425,1254
40153361,28.2709,18.6467,1278,78840,0.935167,0,2,1167703,1166425,1278
40153361,27.737,16.3159,1302,78840,0.94165,0,2,1167727,1166425,1302
40153361,27.2699,14.2764,1326,78840,0.947485,0,2,1167751,1166425,1326
40153361,24.7527,3.2863,1590,78840,0.942644,0,2,1168015,1166425,1590
40156281,27.6586,53.8755,1230,78840,0.93138,0.8,2,1168063,1166833,1230
40159201,30.2013,53.1411,1230,80300,0.923242,0.8,2,1168111,1166881,1230
40162121,32.4261,52.4984,1230,80300,0.915917,0.8,2,1168159,1166929,1230
40165041,34.3729,51.9361,1230,80300,0.909326,0.8,2,1168207,1166977,1230
40167961,36.0763,51.4441,1230,80300,0.903393,0.8,2,1168255,1167025,1230
40170881,37.5667,51.0136,1230,81760,0.900054,0.8,2,1168303,1167073,1230
40173801,38.8709,50.6369,1230,81760,0.897048,0.8,2,1168351,1167121,1230
40176721,40.012,50.3073,1230,81760,0.894344,0.8,2,1168399,1167169,1230
40179641,41.0105,50.0189,1230,81760,0.891909,0.8,2,1168447,1167217,1230
40182561,41.8842,49.7665,1230,81760,0.889718,0.8,2,1168495,1167265,1230
40185481,42.6487,49.4207,1231,83220,0.866746,0.81,2,1168543,1167312,1231
40188401,43.3176,46.2431,1255,83220,0.848072,0.81,2,1168591,1167336,1255
40191321,43.9029,40.4627,1303,83220,0.833265,0.81,2,1168639,1167336,1303
40194241,44.415,35.4049,1351,83220,0.821938,0.81,2,1168687,1167336,1351
40197161,44.8632,30.9793,1399,83220,0.813744,0.81,2,1168735,1167336,1399
40200081,45.2553,27.1069,1447,83220,0.80837,0.81,2,1168783,1167336,1447
40203001,45.5984,23.7185,1495,84680,0.807533,0.81,2,1168831,1167336,1495
40205921,45.8986,20.7537,1543,84680,0.80878,0.81,2,1168879,1167336,1543
40208841,46.1612,18.1595,1591,84680,0.811902,0.81,2,1168927,1167336,1591
40211761,46.3911,15.8895,1639,84680,0.816711,0.81,2,1168975,1167336,1639
40213221,46.5922,13.9034,1687,84680,0.82304,0.81,2,1169023,1167336,1687
40213221,43.7682,12.1654,1711,84680,0.831736,0,2,1169047,1167336,1711
40213221,41.2972,10.6448,1735,84680,0.839563,0,2,1169071,1167336,1735
40213221,39.135,9.31416,1759,83220,0.846606,0.91,2,1169095,1167336,1759
40213221,37.2431,8.14989,1783,82247,0.850946,0,2,1169119,1167336,1783
40213221,35.5877,7.13115,1807,81760,0.854851,0,2,1169143,1167336,1807
40213221,34.1393,6.23976,1831,81274,0.856366,0,2,1169167,1167336,1831
40213221,32.8719,5.45979,1855,80787,0.857729,0,2,1169191,1167336,1855
40213221,31.7629,4.77732,1879,80300,0.858957,0,2,1169215,1167336,1879
40213221,30.7925,4.18015,1903,79814,0.858061,0,2,1169239,1167336,1903
40213221,30.0685,3.65763,1928,79327,0.857255,0,2,1169264,1167336,1928
40213221,29.3099,3.20043,1952,78840,0.856529,0,2,1169288,1167336,1952
40213221,28.6462,2.80038,1976,78354,0.853876,0,2,1169312,1167336,1976
40213221,28.0654,2.45033,2000,76407,0.851489,0,2,1169336,1167336,2000
40213221,27.5572,2.14404,2024,75920,0.84934,0,2,1169360,1167336,2024
40213221,27.1126,1.87603,2048,75434,0.845406,0,2,1169384,1167336,2048
40213221,26.7235,1.64153,2072,74947,0.841865,0,2,1169408,1167336,2072
40213221,26.3831,1.43634,2096,74460,0.838679,0,2,1169432,1167336,2096
40213221,26.0852,1.2568,2120,73974,0.833811,0,2,1169456,1167336,2120
40213221,25.8245,1.0997,2144,73487,0.82943,0,2,1169480,1167336,2144
40213221,25.5965,0.962234,2168,73000,0.825487,0,2,1169504,1167336,2168
40213221,25.3969,0.841955,2192,72514,0.819938,0,2,1169528,1167336,2192
40213221,25.2223,0.73671,2216,72027,0.814944,0,2,1169552,1167336,2216
40213221,25.0695,0.644622,2240,71540,0.81045,0,2,1169576,1167336,2240
40213221,24.9358,0.564044,2264,71054,0.804405,0,2,1169600,1167336,2264
40213221,24.8188,0.493538,2288,70567,0.798964,0,2,1169624,1167336,2288
40213221,24.7165,0.431846,2312,70080,0.794068,0,2,1169648,1167336,2312
40213221,24.6269,0.377865,2336,69594,0.787661,0,2,1169672,1167336,2336
40213221,24.5486,0.330632,2360,69107,0.781895,0,2,1169696,1167336,2360
40213221,24.48,0.289303,2384,68620,0.776706,0,2,1169720,1167336,2384
40213221,24.42,0.25314,2408,68134,0.770035,0,2,1169744,1167336,2408
40213221,24.3675,0.221498,2432,67647,0.764032,0,2,1169768,1167336,2432
40213221,24.3216,0.19381,2456,67160,0.758628,0,2,1169792,1167336,2456
40213221,24.2814,0.169584,2480,66674,0.751765,0,2,1169816,1167336,2480
40213221,24.2462,0.148386,2504,66187,0.745589,0,2,1169840,1167336,2504
40213221,24.2154,0.129838,2528,65700,0.74003,0,2,1169864,1167336,2528
40213221,24.1885,0.113608,2552,65214,0.733027,0,2,1169888,1167336,2552
40213221,24.1649,0.0994071,2576,64727,0.726724,0,2,1169912,1167336,2576
40213221,24.1443,0.0869812,2600,64240,0.721052,0,2,1169936,1167336,2600
40213221,24.1263,0.0761086,2624,63754,0.713947,0,2,1169960,1167336,2624
40213221,24.1105,0.066595,2648,63267,0.707552,0,2,1169984,1167336,2648
40213221,24.0967,0.0582706,2672,62780,0.701797,0,2,1170008,1167336,2672
40229281,23.923,145.293,1416,57460,0.598595,0,1,1170487,1169071,1416
40229281,23.9326,127.132,1440,57460,0.596735,0,1,1170511,1169071,1440
40229281,23.941,111.24,1464,57460,0.595062,0,1,1170535,1169071,1464
40308121,23.9484,127.46,1247,57460,0.593555,0.58,1,1170559,1169312,1247
40311041,26.9548,114.528,1271,59860,0.5882,0.81,1,1170607,1169336,1271
40313961,29.5855,109.212,1247,61320,0.57938,0.79,1,1170655,1169408,1247
40316881,31.8873,104.56,1223,62780,0.567442,0.77,1,1170703,1169480,1223
40331481,39.7356,88.7004,1103,65700,0.714818,0.67,2,1170943,1169840,1103
40334401,40.7687,86.6129,1079,65700,0.738336,0.65,2,1170991,1169912,1079
40337321,41.6726,84.7863,1055,65700,0.759503,0.63,2,1171039,1169984,1055
40340241,42.4635,83.188,1031,65700,0.778552,0.59,2,1171087,1170056,1031
40343161,43.1556,84.7895,983,65700,0.795697,0.59,2,1171135,1170152,983
40343681,41.8861,80.1908,968,65700,0.811127,0.44,2,1171168,1170200,968
40343681,39.6504,70.167,992,65700,0.825015,0,2,1171192,1170200,992
40343681,37.6941,61.3961,1016,65700,0.835513,0,2,1171216,1170200,1016
40343681,35.9823,53.7216,1040,65700,0.842962,0,2,1171240,1170200,1040
40343681,34.4845,47.0064,1064,65700,0.847666,0,2,1171264,1170200,1064
40343681,33.174,41.1306,1088,65700,0.849899,0,2,1171288,1170200,1088
40343681,32.0272,35.9893,1112,65700,0.849909,0,2,1171312,1170200,1112
40343681,31.0238,31.4906,1136,65700,0.847918,0,2,1171336,1170200,1136
40343681,30.1458,27.5543,1160,65700,0.844126,0,2,1171360,1170200,1160
40343681,29.3776,24.11,1184,65700,0.838714,0,2,1171384,1170200,1184
40343681,28.7054,21.0962,1208,65700,0.831842,0,2,1171408,1170200,1208
40343681,28.1172,18.4592,1232,65700,0.823658,0,2,1171432,1170200,1232
40343681,27.6026,16.1518,1256,65700,0.814292,0,2,1171456,1170200,1256
40343681,27.1523,14.1328,1280,65700,0.803863,0,2,1171480,1170200,1280
40346601,29.7582,80.3662,784,65700,0.790477,0.44,2,1171528,1170744,784
40349521,32.0384,70.3205,832,65700,0.778429,0.44,2,1171576,1170744,832
40352441,34.0336,61.5304,880,67160,0.769586,0.44,2,1171624,1170744,880
40355361,35.7794,53.8391,928,67160,0.761628,0.44,2,1171672,1170744,928
40358281,37.307,47.1092,976,67160,0.754465,0.44,2,1171720,1170744,976
40361201,38.6436,41.2206,1024,67160,0.748018,0.44,2,1171768,1170744,1024
40364121,39.8132,36.068,1072,67160,0.742216,0.44,2,1171816,1170744,1072
40367041,40.8365,31.5595,1120,67160,0.736995,0.44,2,1171864,1170744,1120
40369961,41.732,27.6146,1168,68620,0.734295,0.44,2,1171912,1170744,1168
40372881,42.5155,24.1627,1216,68620,0.731866,0.44,2,1171960,1170744,1216
40375801,43.201,21.1424,1264,68620,0.729679,0.44,2,1172008,1170744,1264
40378721,43.8009,18.4996,1312,68620,0.727711,0.44,2,1172056,1170744,1312
40381641,44.3258,16.1871,1360,68620,0.72594,0.92,2,1172104,1170744,1360
40384561,44.7851,15.0388,1401,68620,0.724346,0.92,2,1172152,1170751,1401
40387481,45.1869,19.1589,1401,68620,0.722912,0.92,2,1172200,1170799,1401
40390401,45.5386,22.764,1401,68620,0.72162,0.92,2,1172248,1170847,1401
40393321,45.8462,25.9185,1401,68620,0.720458,0.95,2,1172296,1170895,1401
40396241,46.1155,28.6787,1401,68620,0.719413,0.95,2,1172344,1170943,1401
40399161,46.351,31.0939,1401,68620,0.718471,0.95,2,1172392,1170991,1401
40402081,46.5572,33.2071,1401,68620,0.717624,0.95,2,1172440,1171039,1401
40405001,46.7375,35.0563,1401,70080,0.718862,0.95,2,1172488,1171087,1401
40407921,46.8953,36.6742,1401,70080,0.719976,0.95,2,1172536,1171135,1401
40410841,47.0334,36.2149,1416,70080,0.720978,0.67,2,1172584,1171168,1416
40413761,47.1542,76.6881,1104,70080,0.72188,0.67,2,1172632,1171528,1104
40416681,47.26,73.1021,1104,70080,0.722692,0.69,2,1172680,1171576,1104
40419601,47.3525,69.9643,1104,70080,0.723423,0.69,2,1172728,1171624,1104
40422521,47.4334,67.2188,1104,70080,0.724081,0.69,2,1172776,1171672,1104
40425441,47.5042,64.8164,1104,70080,0.724673,0.69,2,1172824,1171720,1104
40428361,47.5662,62.7144,1104,70080,0.725205,0.69,2,1172872,1171768,1104
40431281,47.6204,60.8751,1104,70080,0.725685,0.69,2,1172920,1171816,1104
40434201,47.6679,59.2657,1104,70080,0.726116,0.69,2,1172968,1171864,1104
40437121,47.7094,51.8575,1152,70080,0.726505,0.71,2,1173016,1171864,1152
40440041,47.7457,51.3753,1152,70080,0.726854,0.71,2,1173064,1171912,1152
40442961,47.7775,50.9534,1152,70080,0.727169,0.71,2,1173112,1171960,1152
40445881,47.8053,50.5842,1152,70080,0.727452,0.71,2,1173160,1172008,1152
40448801,47.8296,50.2612,1152,70080,0.727707,0.71,2,1173208,1172056,1152
40451721,47.8509,49.9785,1152,70080,0.727936,0.71,2,1173256,1172104,1152
40454641,47.8696,49.7312,1152,70080,0.728142,0.71,2,1173304,1172152,1152
40457561,47.8859,49.5148,1152,70080,0.728328,0.71,2,1173352,1172200,1152
40460481,47.9001,49.3255,1152,70080,0.728495,0.71,2,1173400,1172248,1152
40463401,47.9126,49.1598,1152,70080,0.728646,0.71,2,1173448,1172296,1152
40466321,47.9235,49.0148,1152,70080,0.728781,0.71,2,1173496,1172344,1152
40469241,47.9331,48.888,1152,70080,0.728903,0.71,2,1173544,1172392,1152
40472161,47.9415,48.777,1152,70080,0.729013,0.73,2,1173592,1172440,1152
40475081,47.9488,48.6798,1152,71540,0.731112,0.73,2,1173640,1172488,1152
40478001,47.9552,48.5949,1152,71540,0.733,0.73,2,1173688,1172536,1152
40480921,47.9608,48.5205,1152,71540,0.7347,0.73,2,1173736,1172584,1152
40483841,47.9657,48.4554,1152,71540,0.73623,0.73,2,1173784,1172632,1152
40486761,47.97,48.3985,1152,71540,0.737607,0.73,2,1173832,1172680,1152
40489681,47.9737,48.3487,1152,71540,0.738847,0.73,2,1173880,1172728,1152
40492601,47.977,48.3051,1152,71540,0.739962,0.73,2,1173928,1172776,1152
40495521,47.9799,48.267,1152,71540,0.740966,0.73,2,1173976,1172824,1152
40498441,47.9824,48.2336,1152,71540,0.741869,0.73,2,1174024,1172872,1152
40501361,47.9846,48.2044,1152,71540,0.742682,0.73,2,1174072,1172920,1152
40504281,47.9865,48.1788,1152,71540,0.743414,0.73,2,1174120,1172968,1152
40507201,47.9882,48.1565,1152,71540,0.744073,0.73,2,1174168,1173016,1152
40510121,47.9897,48.1369,1152,71540,0.744665,0.73,2,1174216,1173064,1152
40513041,47.991,48.1198,1152,71540,0.745199,0.73,2,1174264,1173112,1152
40515961,47.9921,48.1048,1152,71540,0.745679,0.73,2,1174312,1173160,1152
40518881,47.9931,48.0917,1152,71540,0.746111,0.73,2,1174360,1173208,1152
40521801,47.994,48.0803,1152,71540,0.7465,0.73,2,1174408,1173256,1152
40524721,47.9947,48.0702,1152,71540,0.74685,0.73,2,1174456,1173304,1152
40527641,47.9954,48.0615,1152,71540,0.747165,0.73,2,1174504,1173352,1152
40530561,47.9959,48.0538,1152,71540,0.747448,0.73,2,1174552,1173400,1152
40533481,47.9965,48.0471,1152,71540,0.747704,0.73,2,1174600,1173448,1152
40536401,47.9969,48.0412,1152,71540,0.747933,0.73,2,1174648,1173496,1152
40539321,47.9973,48.036,1152,73000,0.75014,0.73,2,1174696,1173544,1152
40542241,47.9976,48.0315,1152,73000,0.752126,0.73,2,1174744,1173592,1152
40545161,47.9979,42.0276,1200,73000,0.753913,0.75,2,1174792,1173592,1200
40548081,47.9982,42.7741,1200,73000,0.755522,0.75,2,1174840,1173640,1200
40551001,47.9984,43.4274,1200,73000,0.75697,0.75,2,1174888,1173688,1200
40553921,47.9986,43.9989,1200,74460,0.760273,0.75,2,1174936,1173736,1200
40556841,47.9988,44.4991,1200,74460,0.763246,0.75,2,1174984,1173784,1200
40559761,47.9989,44.9367,1200,74460,0.765921,0.75,2,1175032,1173832,1200
40562681,47.9991,45.3196,1200,74460,0.768329,0.75,2,1175080,1173880,1200
40565601,47.9992,45.6547,1200,74460,0.770496,0.75,2,1175128,1173928,1200
40568521,47.9993,45.9478,1200,74460,0.772446,0.75,2,1175176,1173976,1200
40571441,47.9994,46.2043,1200,74460,0.774202,0.75,2,1175224,1174024,1200
40574361,47.9995,46.4288,1200,74460,0.775782,0.75,2,1175272,1174072,1200
40577281,47.9995,46.6252,1200,75920,0.779203,0.75,2,1175320,1174120,1200
40580201,47.9996,46.7971,1200,75920,0.782283,0.75,2,1175368,1174168,1200
40583121,47.9996,46.9474,1200,75920,0.785055,0.75,2,1175416,1174216,1200
40586041,47.9997,47.079,1200,75920,0.787549,0.75,2,1175464,1174264,1200
40588961,47.9997,47.1941,1200,75920,0.789794,0.75,2,1175512,1174312,1200
40591881,47.9998,47.2949,1200,77380,0.793815,0.75,2,1175560,1174360,1200
40594801,47.9998,47.383,1200,77380,0.797433,0.75,2,1175608,1174408,1200
40597721,47.9998,47.4601,1200,77380,0.80069,0.75,2,1175656,1174456,1200
40600641,47.9998,47.5276,1200,77380,0.803621,0.75,2,1175704,1174504,1200
40603561,47.9999,47.5867,1200,77380,0.806259,0.75,2,1175752,1174552,1200
40606481,47.9999,47.6383,1200,78840,0.810633,0.75,2,1175800,1174600,1200
40609401,47.9999,47.6835,1200,78840,0.81457,0.77,2,1175848,1174648,1200
40612321,47.9999,47.7231,1200,78840,0.818113,0.77,2,1175896,1174696,1200
40615241,47.9999,47.7577,1200,78840,0.821302,0.77,2,1175944,1174744,1200
40618161,47.9999,47.788,1200,80300,0.826171,0.77,2,1175992,1174792,1200
40621081,47.9999,47.8145,1200,80300,0.830554,0.77,2,1176040,1174840,1200
40624001,47.9999,47.8377,1200,80300,0.834499,0.77,2,1176088,1174888,1200
40626921,48,41.858,1248,80300,0.838049,0.79,2,1176136,1174888,1248
40629841,48,42.6257,1248,81760,0.843244,0.79,2,1176184,1174936,1248
40632761,48,43.2975,1248,81760,0.84792,0.79,2,1176232,1174984,1248
40635681,48,43.8853,1248,81760,0.852128,0.79,2,1176280,1175032,1248
40638601,48,44.3997,1248,83220,0.857915,0.79,2,1176328,1175080,1248
40641521,48,44.8497,1248,83220,0.863123,0.79,2,1176376,1175128,1248
40644441,48,45.2435,1248,83220,0.867811,0.79,2,1176424,1175176,1248
40647361,48,45.5881,1248,84680,0.87403,0.79,2,1176472,1175224,1248
40650281,48,45.8895,1248,84680,0.879627,0.81,2,1176520,1175272,1248
40653201,48,46.1534,1248,84680,0.884664,0.81,2,1176568,1175320,1248
40656121,48,46.3842,1248,86140,0.891198,0.81,2,1176616,1175368,1248
40659041,48,46.5862,1248,86140,0.897078,0.81,2,1176664,1175416,1248
40661961,48,46.7629,1248,87600,0.90437,0.81,2,1176712,1175464,1248
40664881,48,46.9175,1248,87600,0.910933,0.81,2,1176760,1175512,1248
40667801,48,41.0528,1296,89060,0.91884,0.83,2,1176808,1175512,1296
40670721,48,41.9212,1296,89060,0.925956,0.83,2,1176856,1175560,1296
40673641,48,42.6811,1296,89060,0.93236,0.83,2,1176904,1175608,1296
40676561,48,43.3459,1296,90520,0.939124,0.83,2,1176952,1175656,1296
40679481,48,43.9277,1296,91980,0.945212,0.83,2,1177000,1175704,1296
40755401,48,37.1723,1488,116800,0.934139,0.99,2,1178248,1176760,1488
40758321,48,38.5258,1488,118260,0.909725,0.99,2,1178296,1176808,1488
40761241,48,39.71,1488,119720,0.883752,0.99,2,1178344,1176856,1488
40764161,48,40.7463,1488,121180,0.853377,1,2,1178392,1176904,1488
40767081,48,41.653,1488,122640,0.821039,1,2,1178440,1176952,1488
40767081,45,36.4464,1512,124100,0.787935,0,2,1178464,1176952,1512
40767081,42.375,31.8906,1536,124100,0.755142,0,2,1178488,1176952,1536
40767081,40.0781,27.9043,1560,124100,0.724628,0,2,1178512,1176952,1560
40767081,32.3304,14.3123,1681,75160,0.594287,0,1,1178633,1176952,1681
40767081,31.2891,12.5233,1705,75160,0.571858,0,1,1178657,1176952,1705
40767081,30.3779,10.9579,1729,73700,0.550672,0,1,1178681,1176952,1729
40767081,29.5807,9.58815,1753,72240,0.532605,0,1,1178705,1176952,1753
40767081,28.8831,8.38963,1777,72240,0.514345,0,1,1178729,1176952,1777
40767081,28.2727,7.34093,1801,70780,0.49591,0,1,1178753,1176952,1801
40767081,27.7386,6.42331,1825,69320,0.478319,0,1,1178777,1176952,1825
40767081,27.2713,5.6204,1849,66400,0.463487,0,1,1178801,1176952,1849
40767081,26.8624,4.91785,1873,66400,0.448138,0,1,1178825,1176952,1873
40767081,26.5046,4.30312,1897,64940,0.433325,0,1,1178849,1176952,1897
40767081,26.1915,3.76523,1921,62020,0.420992,0,1,1178873,1176952,1921
40767081,25.9176,3.29457,1945,60560,0.410893,0,1,1178897,1176952,1945
40767081,25.6779,2.88275,1969,60560,0.402804,0,1,1178921,1176952,1969
40767081,25.4681,2.52241,1993,57640,0.395523,0,1,1178945,1176952,1993
40767081,25.2846,2.20711,2017,54720,0.388971,0,1,1178969,1176952,2017
40767081,25.124,1.93122,2041,51800,0.383074,0,1,1178993,1176952,2041
40767081,24.9835,1.68982,2065,51800,0.377766,0,1,1179017,1176952,2065
40767081,24.8606,1.47859,2089,48880,0.37299,0,1,1179041,1176952,2089
40767081,24.753,1.29377,2113,45960,0.368691,0,1,1179065,1176952,2113
40767081,24.6589,1.13205,2137,43040,0.364822,0,1,1179089,1176952,2137
40767081,24.5765,0.990539,2161,43040,0.36134,0,1,1179113,1176952,2161
40767081,23.0045,0.866722,2173,38660,0.358206,0,1,1179125,1176952,2173
40774381,23.1289,195.758,637,38660,0.353385,0.43,1,1179149,1178512,637
40778761,23.2378,174.289,637,40120,0.351047,0.4,1,1179173,1178536,637
40778761,23.3331,152.503,661,39420,0.350942,0,1,1179197,1178536,661
40781681,23.4164,139.565,636,39420,0.348848,0.41,1,1179221,1178585,636
40786061,23.4894,125.119,636,38660,0.344963,0.37,1,1179245,1178609,636
40786061,23.5532,109.479,660,37960,0.343467,0,1,1179269,1178609,660
40788981,23.6091,101.794,636,37960,0.34012,0.36,1,1179293,1178657,636
40791901,23.6579,92.07,636,37200,0.335108,0.37,1,1179317,1178681,636
40793361,23.7007,83.5613,636,37960,0.332597,0.32,1,1179341,1178705,636
40793361,23.7381,73.1161,660,37200,0.328337,0,1,1179365,1178705,660
40793361,23.7708,63.9766,684,36500,0.324504,0,1,1179389,1178705,684
40797741,23.7995,64.9795,636,36500,0.321053,0.31,1,1179413,1178777,636
40797741,23.8245,56.8571,660,37960,0.319948,0,1,1179437,1178777,660
40800661,23.8465,55.7499,636,37960,0.318953,0.3,1,1179461,1178825,636
40802121,23.8657,51.7812,636,37200,0.316058,0.31,1,1179485,1178849,636
40805041,23.8825,48.3086,636,37960,0.315452,0.32,1,1179509,1178873,636
40809421,23.8972,45.27,636,37200,0.312907,0.33,1,1179533,1178897,636
40810881,23.91,42.6112,636,37960,0.312616,0.33,1,1179557,1178921,636
40813801,23.9213,40.2848,636,37200,0.310355,0.33,1,1179581,1178945,636
40815261,23.9311,38.2492,636,37960,0.310319,0.33,1,1179605,1178969,636
40818181,23.9397,36.4681,636,37200,0.308287,0.33,1,1179629,1178993,636
40819641,23.9472,34.9096,636,37960,0.308458,0.33,1,1179653,1179017,636
40824021,23.9538,33.5459,636,37200,0.306613,0.33,1,1179677,1179041,636
40825481,23.9596,32.3526,636,37960,0.306951,0.33,1,1179701,1179065,636
40828401,23.9647,31.3086,636,37200,0.305256,0.33,1,1179725,1179089,636
40829861,23.9691,30.395,636,37960,0.305731,0.31,1,1179749,1179113,636
40832781,23.9729,31.0956,624,37200,0.304158,0.31,1,1179773,1179149,624
40834241,23.9763,27.2087,648,37960,0.304742,0.33,1,1179797,1179149,648
40838621,23.8543,26.8076,647,37200,0.303268,0.33,1,1179820,1179173,647
40840081,23.8725,23.4566,671,37960,0.303941,0.31,1,1179844,1179173,671
40841541,23.8884,29.5246,623,37200,0.302547,0.31,1,1179868,1179245,623
40852461,23.9024,25.834,647,37960,0.303292,0.29,1,1179892,1179245,647
40855381,26.9146,31.6047,623,87600,0.312963,0.29,1,1179940,1179317,623
40858301,29.5503,33.6541,623,87600,0.317667,0.29,1,1179988,1179365,623
40861221,31.8565,35.4474,623,89060,0.3179,0.31,1,1180036,1179413,623
40864141,33.8744,34.0165,647,89060,0.31411,0.29,1,1180084,1179437,647
40867061,35.6401,35.7644,647,89060,0.306699,0.29,1,1180132,1179485,647
40869981,37.1851,37.2938,647,90520,0.296029,0.29,1,1180180,1179533,647
40872901,38.537,38.6321,647,90520,0.282426,0.29,1,1180228,1179581,647
40875821,39.7198,39.8031,647,90520,0.266184,0.29,1,1180276,1179629,647
40878741,40.7549,40.8277,647,91980,0.247565,0.29,1,1180324,1179677,647
40881661,41.6605,41.7242,647,91980,0.226809,0.29,1,1180372,1179725,647
40884581,42.4529,42.5087,647,93440,0.204128,0.29,1,1180420,1179773,647
40887501,43.1463,43.0701,648,93440,0.183715,0.29,1,1180468,1179820,648
40890421,43.753,43.6864,648,94900,0.165344,0.31,1,1180516,1179868,648
40893341,44.2839,41.2256,672,94900,0.148809,0.31,1,1180564,1179892,672
40896261,44.7484,36.0724,720,94900,0.133928,0.31,1,1180612,1179892,720
40898001,42.7799,31.5633,749,96360,0.120535,0,1,1180641,1179892,749
40900921,374.807,424.868,270,96360,0.208482,0,1,1183340,1183070,270
40903841,333.956,371.759,318,97820,0.287634,0,1,1183388,1183070,318
40906761,298.212,325.289,366,99280,0.35887,0,1,1183436,1183070,366
40909681,266.935,284.628,414,99280,0.422983,0,1,1183484,1183070,414
40912601,239.568,249.05,462,100740,0.480685,0,1,1183532,1183070,462
40915521,215.622,217.919,510,100740,0.532616,0,1,1183580,1183070,510
40918441,194.67,190.679,558,102200,0.579355,0,1,1183628,1183070,558
40930121,133.975,111.772,750,103660,0.724015,0,2,1183820,1183070,750
40933041,123.228,97.8008,798,105120,0.751613,0,2,1183868,1183070,798
40935961,113.825,85.5757,846,105120,0.776452,0,2,1183916,1183070,846
40938881,105.597,74.8788,894,106580,0.798807,0,2,1183964,1183070,894
40941801,98.397,65.5189,942,106580,0.818926,0,2,1184012,1183070,942
40944721,92.0974,57.329,990,106580,0.837033,0,2,1184060,1183070,990
40947641,86.5852,50.1629,1038,108040,0.85333,0,2,1184108,1183070,1038
40950561,81.762,43.8926,1086,108040,0.867997,0,2,1184156,1183070,1086
40953481,77.5418,38.406,1134,108040,0.881197,0,2,1184204,1183070,1134
40956401,73.8491,33.6052,1182,109500,0.893078,0,2,1184252,1183070,1182
40959321,70.6179,29.4046,1230,109500,0.88677,0,2,1184300,1183070,1230
40962241,67.7907,25.729,1278,109500,0.879093,0,2,1184348,1183070,1278
40965161,65.3169,22.5129,1326,109500,0.870184,0,2,1184396,1183070,1326
40968081,63.1522,19.6988,1374,110960,0.857165,0,2,1184444,1183070,1374
40971001,61.2582,17.2364,1422,110960,0.838449,0,2,1184492,1183070,1422
40973921,59.6009,15.0819,1470,110960,0.816604,0,2,1184540,1183070,1470
40976841,58.1508,13.1966,1518,110960,0.792943,0,2,1184588,1183070,1518
40979761,56.882,11.5471,1566,112420,0.764649,0,2,1184636,1183070,1566
40982681,55.7717,10.1037,1614,112420,0.734184,0,2,1184684,1183070,1614
40982681,51.8003,8.84072,1638,112420,0.703766,0,2,1184708,1183070,1638
40982681,40.421,5.18227,1735,76300,0.597949,0,1,1184805,1183070,1735
40982681,38.3684,4.53448,1759,76300,0.575154,0,1,1184829,1183070,1759
40982681,36.5723,3.96767,1783,76300,0.555638,0,1,1184853,1183070,1783
40982681,35.0008,3.47171,1807,74840,0.536075,0,1,1184877,1183070,1807
40982681,33.6257,3.03775,1831,74840,0.517467,0,1,1184901,1183070,1831
40982681,32.4225,2.65803,1855,73380,0.50172,0,1,1184925,1183070,1855
40982681,31.3697,2.32578,1879,71920,0.486548,0,1,1184949,1183070,1879
40982681,30.4485,2.03505,1903,71920,0.473894,0,1,1184973,1183070,1903
40982681,29.6424,1.78067,1927,70460,0.460504,0,1,1184997,1183070,1927
40982681,28.9371,1.55809,1951,69000,0.447454,0,1,1185021,1183070,1951
40982681,28.32,1.36333,1975,69000,0.436708,0,1,1185045,1183070,1975
40982681,27.78,1.19291,1999,66080,0.426038,0,1,1185069,1183070,1999
40982681,27.3075,1.0438,2023,66080,0.417434,0,1,1185093,1183070,2023
40982681,26.894,0.913323,2047,64620,0.40769,0,1,1185117,1183070,2047
40982681,26.5323,0.799158,2071,61700,0.399921,0,1,1185141,1183070,2071
40982681,26.2157,0.699263,2095,61700,0.392929,0,1,1185165,1183070,2095
40982681,25.9388,0.611855,2119,60240,0.387636,0,1,1185189,1183070,2119
40982681,25.6964,0.535373,2143,57320,0.382873,0,1,1185213,1183070,2143
40982681,25.4844,0.468451,2167,57320,0.378585,0,1,1185237,1183070,2167
40982681,25.2988,0.409895,2191,54400,0.374727,0,1,1185261,1183070,2191
40982681,25.1365,0.358658,2215,54400,0.371254,0,1,1185285,1183070,2215
40982681,24.9944,0.313826,2239,51480,0.368129,0,1,1185309,1183070,2239
40982681,24.8701,0.274598,2263,48560,0.365316,0,1,1185333,1183070,2263
40982681,24.7614,0.240273,2287,48560,0.362784,0,1,1185357,1183070,2287
40982681,24.6662,0.210239,2311,45640,0.360506,0,1,1185381,1183070,2311
40982681,22.3329,0.183959,2317,45640,0.359455,0,1,1185387,1183070,2317
40989981,22.5413,210.911,655,42720,0.35651,0.4,1,1185411,1184756,655
40994361,22.7236,187.547,655,44180,0.355859,0.37,1,1185435,1184780,655
40994361,22.8832,164.104,679,43800,0.353273,0,1,1185459,1184780,679
40997281,23.0228,149.716,654,43800,0.348946,0.38,1,1185483,1184829,654
41001661,23.1449,134.001,654,42720,0.343051,0.35,1,1185507,1184853,654
41001661,23.2518,117.251,678,41260,0.335746,0,1,1185531,1184853,678
41004581,23.3453,108.595,654,41260,0.327171,0.36,1,1185555,1184901,654
41008961,23.4272,98.0204,654,41260,0.317454,0.36,1,1185579,1184925,654
41008961,23.4988,85.7678,678,39800,0.306709,0,1,1185603,1184925,678
41010421,23.5614,81.0469,654,39800,0.295038,0.34,1,1185627,1184973,654
41014801,23.6163,73.916,654,39800,0.282534,0.33,1,1185651,1184997,654
41017721,23.6642,67.6765,654,39800,0.269281,0.34,1,1185675,1185021,654
41019181,23.7062,62.2169,654,39800,0.255353,0.33,1,1185699,1185045,654
41023561,23.7429,57.4398,654,39800,0.240817,0.34,1,1185723,1185069,654
41026481,23.7751,53.2598,654,39800,0.225736,0.32,1,1185747,1185093,654
41027941,23.8032,49.6024,654,39800,0.210162,0.33,1,1185771,1185117,654
41032321,23.8278,46.4021,654,39800,0.194146,0.33,1,1185795,1185141,654
41033781,23.8493,43.6018,654,39800,0.177731,0.34,1,1185819,1185165,654
41038161,23.8681,41.1516,654,39800,0.160958,0.34,1,1185843,1185189,654
41039621,23.8846,39.0076,654,39800,0.144862,0.34,1,1185867,1185213,654
41042541,23.899,37.1317,654,39800,0.130376,0.34,1,1185891,1185237,654
41044001,23.9117,35.4902,654,39800,0.117338,0.34,1,1185915,1185261,654
41048381,23.9227,34.0539,654,39800,0.105605,0.34,1,1185939,1185285,654
41049841,23.9324,32.7972,654,39800,0.0950442,0.34,1,1185963,1185309,654
41054221,23.9408,31.6976,654,39800,0.0855398,0.34,1,1185987,1185333,654
41055681,23.9482,30.7354,654,39800,0.0769858,0.34,1,1186011,1185357,654
41058601,23.8297,29.8934,653,39800,0.0692872,0.33,1,1186034,1185381,653
41060061,23.851,29.9068,647,39800,0.0623585,0.33,1,1186058,1185411,647
41063361,23.8696,26.1684,671,38340,0.0561226,0,1,1186082,1185411,671
41066281,118.136,170.272,270,77380,0.13351,0,1,1186860,1186590,270
41069201,109.369,148.988,318,78840,0.205159,0,1,1186908,1186590,318
41072121,101.698,130.365,366,80300,0.271643,0,1,1186956,1186590,366
41075041,94.9856,114.069,414,80300,0.331479,0,1,1187004,1186590,414
41077961,89.1124,99.8105,462,80300,0.385331,0,1,1187052,1186590,462
41080881,83.9733,87.3342,510,81760,0.435798,0,1,1187100,1186590,510
41083801,79.4767,76.4174,558,81760,0.481218,0,1,1187148,1186590,558
41086721,75.5421,66.8653,606,81760,0.522096,0,1,1187196,1186590,606
41089641,72.0993,58.5071,654,81760,0.558887,0,1,1187244,1186590,654
41092561,69.0869,51.1937,702,83220,0.593998,0,1,1187292,1186590,702
41104241,60.3608,30.0088,894,84680,0.706471,0,2,1187484,1186590,894
41107161,58.8157,26.2577,942,84680,0.728824,0,2,1187532,1186590,942
41110081,57.4637,22.9755,990,84680,0.748942,0,2,1187580,1186590,990
41113001,56.2807,20.1036,1038,86140,0.769047,0,2,1187628,1186590,1038
41115921,55.2456,17.5906,1086,86140,0.787143,0,2,1187676,1186590,1086
41118841,54.3399,15.3918,1134,86140,0.803428,0,2,1187724,1186590,1134
41121761,53.5475,13.4678,1182,86140,0.818086,0,2,1187772,1186590,1182
41124681,52.854,11.7843,1230,86140,0.829277,0,2,1187820,1186590,1230
41127601,52.2473,10.3113,1278,87600,0.843349,0,2,1187868,1186590,1278
41130521,51.7164,9.02238,1326,87600,0.856014,0,2,1187916,1186590,1326
41133441,51.2518,7.89459,1374,87600,0.867413,0,2,1187964,1186590,1374
41136361,50.8453,6.90776,1422,87600,0.877672,0,2,1188012,1186590,1422
41139281,50.4897,6.04429,1470,87600,0.886905,0,2,1188060,1186590,1470
41142201,50.1785,5.28876,1518,87600,0.895214,0.83,2,1188108,1186590,1518
41145121,49.9062,38.3777,1296,89060,0.904693,0.85,2,1188156,1186860,1296
41148041,49.6679,39.5805,1296,89060,0.913223,0.85,2,1188204,1186908,1296
41150961,49.4594,34.6329,1344,89060,0.920901,0.87,2,1188252,1186908,1344
41153881,49.277,36.3038,1344,89060,0.927811,0.87,2,1188300,1186956,1344
41156801,49.1174,37.7658,1344,89060,0.93403,0.87,2,1188348,1187004,1344
41159721,48.9777,39.0451,1344,89060,0.939627,0.89,2,1188396,1187052,1344
41162641,48.8555,40.1644,1344,89060,0.944664,0.89,2,1188444,1187100,1344
41257541,32.5312,17.9118,1640,83267,0.948639,0,2,1190180,1188540,1640
41257541,31.4648,15.6728,1664,82865,0.940775,0,2,1190204,1188540,1664
41257541,30.5317,13.7137,1688,82462,0.934698,0,2,1190228,1188540,1688
41257541,29.7152,11.9995,1712,82060,0.926228,0,2,1190252,1188540,1712
41257541,29.0008,10.4995,1736,81657,0.919605,0,2,1190276,1188540,1736
41257541,28.3757,9.1871,1760,81254,0.912645,0,2,1190300,1188540,1760
41257541,27.8288,8.03871,1784,80852,0.90538,0,2,1190324,1188540,1784
41257541,27.3502,7.03387,1808,80449,0.897842,0,2,1190348,1188540,1808
41257541,26.9314,6.15464,1832,80047,0.892058,0,2,1190372,1188540,1832
41257541,26.565,5.38531,1856,79644,0.885852,0,2,1190396,1188540,1856
41257541,26.2444,4.71215,1880,79241,0.879267,0,2,1190420,1188540,1880
41257541,25.9638,4.12313,1904,78839,0.87234,0,2,1190444,1188540,1904
41257541,25.7183,3.60774,1928,78436,0.867106,0,2,1190468,1188540,1928
41257541,25.6285,3.15677,1953,78034,0.861396,0,2,1190493,1188540,1953
41257541,25.425,2.76217,1977,77631,0.855256,0,2,1190517,1188540,1977
41257541,25.2469,2.4169,2001,77228,0.84873,0,2,1190541,1188540,2001
41257541,25.091,2.11479,2025,75366,0.843857,0,2,1190565,1188540,2025
41257541,24.9546,1.85044,2049,74963,0.836472,0,2,1190589,1188540,2049
41257541,24.8353,1.61914,2073,74560,0.830824,0,2,1190613,1188540,2073
41257541,24.7309,1.41674,2097,74158,0.824742,0,2,1190637,1188540,2097
41257541,24.6395,1.23965,2121,73755,0.820268,0,2,1190661,1188540,2121
41257541,24.5596,1.08469,2145,73353,0.813241,0,2,1190685,1188540,2145
41257541,24.4896,0.949107,2169,72950,0.807917,0,2,1190709,1188540,2169
41257541,24.4284,0.830469,2193,72547,0.802125,0,2,1190733,1188540,2193
41257541,24.3749,0.72666,2217,72145,0.797913,0,2,1190757,1188540,2217
41257541,24.328,0.635828,2241,71742,0.791121,0,2,1190781,1188540,2241
41257541,24.287,0.556349,2265,71340,0.786009,0,2,1190805,1188540,2265
41257541,24.2511,0.486806,2289,70937,0.780408,0,2,1190829,1188540,2289
41257541,24.2197,0.425955,2313,70534,0.774368,0,2,1190853,1188540,2313
41257541,24.1923,0.372711,2337,70132,0.769931,0,2,1190877,1188540,2337
41257541,24.1682,0.326122,2361,69729,0.765938,0,2,1190901,1188540,2361
41257541,24.1472,0.285357,2385,69327,0.761344,0,2,1190925,1188540,2385
41257541,24.1288,0.249687,2409,68924,0.75621,0,2,1190949,1188540,2409
41257541,24.1127,0.218476,2433,68521,0.750589,0,2,1190973,1188540,2433
41257541,24.0986,0.191167,2457,68119,0.74253,0,2,1190997,1188540,2457
41257541,24.0863,0.167271,2481,67716,0.734277,0,2,1191021,1188540,2481
41257541,24.0755,0.146362,2505,67313,0.725849,0,2,1191045,1188540,2505
41257541,24.0661,0.128067,2529,66911,0.719264,0,2,1191069,1188540,2529
41257541,24.0578,0.112058,2553,66508,0.712338,0,2,1191093,1188540,2553
41257541,24.0506,0.0980511,2577,66106,0.706104,0,2,1191117,1188540,2577
41342721,23.8155,45.8682,1329,63000,0.712895,0,2,1191870,1190541,1329
41342721,23.8385,40.1347,1353,63000,0.724605,0,2,1191894,1190541,1353
41342721,23.8587,35.1178,1377,63000,0.735145,0,2,1191918,1190541,1377
41342721,23.8764,30.7281,1401,63000,0.74563,0,2,1191942,1190541,1401
41342721,23.8918,26.8871,1425,63000,0.755067,0,2,1191966,1190541,1425
41342721,23.9054,23.5262,1449,63000,0.763561,0,2,1191990,1190541,1449
41342721,23.9172,20.5854,1473,63000,0.771205,0,2,1192014,1190541,1473
41342721,23.9275,18.0123,1497,63000,0.778084,0,2,1192038,1190541,1497
41342721,23.9366,15.7607,1521,63000,0.784276,0,2,1192062,1190541,1521
41342721,23.9445,13.7906,1545,63000,0.789848,0,2,1192086,1190541,1545
41342721,23.9515,12.0668,1569,63000,0.794863,0,2,1192110,1190541,1569
41342721,23.9575,10.5585,1593,63000,0.799377,0,2,1192134,1190541,1593
41342721,22.4628,9.23865,1605,63000,0.803439,0,2,1192146,1190541,1605
41342721,22.655,8.08382,1629,63000,0.805095,0,2,1192170,1190541,1629
41342721,22.8231,7.07334,1653,63000,0.804586,0,2,1192194,1190541,1653
41342721,22.9702,6.18917,1677,63000,0.802127,0,2,1192218,1190541,1677
41342721,23.0989,5.41553,1701,63000,0.797915,0,2,1192242,1190541,1701
41342721,23.2116,4.73858,1725,63000,0.792123,0,2,1192266,1190541,1725
41342721,23.3101,4.14626,1749,63000,0.784911,0,2,1192290,1190541,1749
41342721,23.3964,3.62798,1773,63000,0.77642,0,2,1192314,1190541,1773
41342721,23.4718,3.17448,1797,63000,0.766778,0,2,1192338,1190541,1797
41342721,23.5378,2.77767,1821,63000,0.7561,0,2,1192362,1190541,1821
41387841,23.5956,104.43,1029,63000,0.74449,0.62,2,1192386,1191357,1029
41387841,23.6462,91.3767,1053,65700,0.748041,0,2,1192410,1191357,1053
41387841,23.6904,79.9546,1077,65700,0.749237,0,2,1192434,1191357,1077
41387841,23.7291,69.9603,1101,65700,0.748313,0,2,1192458,1191357,1101
41387841,23.763,61.2152,1125,65700,0.745482,0,2,1192482,1191357,1125
41387841,23.7926,53.5633,1149,65700,0.740934,0,2,1192506,1191357,1149
41390761,26.8185,69.1179,1019,65700,0.73284,0.62,2,1192554,1191535,1019
41393681,29.4662,66.4782,1019,67160,0.727556,0.62,2,1192602,1191583,1019
41396601,31.7829,64.1684,1019,68620,0.724801,0.62,2,1192650,1191631,1019
41399521,33.8101,62.1473,1019,70080,0.724321,0.62,2,1192698,1191679,1019
41402441,35.5838,60.3789,1019,70080,0.723889,0.62,2,1192746,1191727,1019
41405361,37.1358,55.7066,1044,70080,0.7245,0.62,2,1192794,1191750,1044
41408281,38.4938,48.7432,1092,70080,0.72505,0.62,2,1192842,1191750,1092
41411201,39.6821,42.6503,1140,70080,0.725545,0.62,2,1192890,1191750,1140
41414121,40.7219,37.319,1188,71540,0.72799,0.62,2,1192938,1191750,1188
41417041,41.6316,32.6542,1236,71540,0.730191,0.62,2,1192986,1191750,1236
41419461,41.4277,28.5724,1276,71540,0.732172,0.83,2,1193026,1191750,1276
41422381,42.2492,31.0008,1276,71540,0.733955,0.83,2,1193074,1191798,1276
41425301,42.9681,33.1257,1276,71540,0.735559,0.83,2,1193122,1191846,1276
41428221,43.5971,34.985,1276,71540,0.737004,0.84,2,1193170,1191894,1276
41431141,44.1474,36.6119,1276,73000,0.740303,0.84,2,1193218,1191942,1276
41434061,44.629,38.0354,1276,73000,0.743273,0.84,2,1193266,1191990,1276
41436981,45.0504,39.281,1276,73000,0.745946,0.84,2,1193314,1192038,1276
41439901,45.4191,40.3709,1276,73000,0.748351,0.84,2,1193362,1192086,1276
41442821,45.7417,41.3245,1276,73000,0.750516,0.64,2,1193410,1192134,1276
41445741,46.024,67.6589,1072,73000,0.752464,0.64,2,1193458,1192386,1072
41448661,46.271,59.2016,1120,74460,0.756218,0.64,2,1193506,1192386,1120
41451581,46.4871,51.8014,1168,74460,0.756596,0.64,2,1193554,1192386,1168
41454501,46.6762,45.3262,1216,74460,0.752936,0.66,2,1193602,1192386,1216
41457421,46.8417,60.6604,1096,74460,0.755643,0.68,2,1193650,1192554,1096
41460341,46.9865,59.0779,1096,74460,0.758079,0.68,2,1193698,1192602,1096
41463261,47.1132,51.6931,1144,74460,0.760271,0.7,2,1193746,1192602,1144
41466181,47.224,51.2315,1144,74460,0.762244,0.72,2,1193794,1192650,1144
41469101,47.321,50.8276,1144,74460,0.764019,0.72,2,1193842,1192698,1144
41472021,47.4059,50.4741,1144,74460,0.765617,0.73,2,1193890,1192746,1144
41474941,47.4802,50.1649,1144,75920,0.769056,0.73,2,1193938,1192794,1144
41477861,47.5451,49.8942,1144,75920,0.77215,0.73,2,1193986,1192842,1144
41480781,47.602,49.6575,1144,75920,0.774935,0.73,2,1194034,1192890,1144
41483701,47.6517,43.4503,1192,75920,0.777442,0.75,2,1194082,1192890,1192
41486621,47.6953,44.019,1192,75920,0.779697,0.75,2,1194130,1192938,1192
41489541,47.7334,44.5166,1192,75920,0.781728,0.75,2,1194178,1192986,1192
41492461,47.7667,43.952,1200,75920,0.783555,0.75,2,1194226,1193026,1200
41495381,47.7959,44.458,1200,75920,0.785199,0.75,2,1194274,1193074,1200
41498301,47.8214,44.9008,1200,75920,0.786679,0.75,2,1194322,1193122,1200
41501221,47.8437,45.2882,1200,75920,0.788011,0.77,2,1194370,1193170,1200
41504141,47.8632,45.6272,1200,75920,0.78921,0.77,2,1194418,1193218,1200
41507061,47.8803,45.9238,1200,75920,0.790289,0.77,2,1194466,1193266,1200
41509981,47.8953,46.1833,1200,75920,0.79226,0.77,2,1194514,1193314,1200
41512901,47.9084,46.4104,1200,77380,0.796034,0.77,2,1194562,1193362,1200
41515821,47.9198,46.6091,1200,77380,0.799431,0.77,2,1194610,1193410,1200
41518741,47.9299,46.783,1200,77380,0.802488,0.77,2,1194658,1193458,1200
41520961,46.5636,40.9351,1237,77380,0.805239,0.7,2,1194695,1193458,1237
41523881,46.7432,56.8182,1117,77380,0.807715,0.7,2,1194743,1193626,1117
41526801,46.9003,49.7159,1165,77380,0.809944,0.7,2,1194791,1193626,1165
41529721,47.0377,43.5014,1213,77380,0.811949,0.78,2,1194839,1193626,1213
41532641,47.158,41.0638,1237,77380,0.813754,0.78,2,1194887,1193650,1237
41535561,47.2633,41.9308,1237,77380,0.815379,0.78,2,1194935,1193698,1237
41538481,47.3554,42.6894,1237,77380,0.816841,0.78,2,1194983,1193746,1237
41541401,47.4359,43.3533,1237,77380,0.818157,0.78,2,1195031,1193794,1237
41544321,47.5064,43.9341,1237,77380,0.819341,0.78,2,1195079,1193842,1237
41547241,47.5681,44.4423,1237,77380,0.820407,0.8,2,1195127,1193890,1237
41550161,47.6221,44.887,1237,77380,0.821366,0.8,2,1195175,1193938,1237
41553081,47.6694,45.2762,1237,77380,0.82223,0.8,2,1195223,1193986,1237
41556001,47.7107,45.6166,1237,77380,0.823007,0.8,2,1195271,1194034,1237
41558921,47.7469,45.9146,1237,77380,0.823706,0.8,2,1195319,1194082,1237
41561841,47.7785,46.1752,1237,77380,0.824335,0.8,2,1195367,1194130,1237
41564761,47.8062,46.4033,1237,77380,0.824902,0.8,2,1195415,1194178,1237
41567681,47.8304,46.6029,1237,77380,0.825412,0.8,2,1195463,1194226,1237
41570601,47.8516,46.7776,1237,77380,0.825871,0.8,2,1195511,1194274,1237
41573521,47.8702,46.9304,1237,77380,0.826284,0.8,2,1195559,1194322,1237
41576441,47.8864,47.0641,1237,77380,0.826655,0.8,2,1195607,1194370,1237
41579361,47.9006,47.1811,1237,77380,0.82699,0.8,2,1195655,1194418,1237
41582281,47.913,47.2834,1237,77380,0.827291,0.81,2,1195703,1194466,1237
41585201,47.9239,47.373,1237,77380,0.827562,0.81,2,1195751,1194514,1237
41588121,47.9334,41.4514,1285,78840,0.829805,0.83,2,1195799,1194514,1285
41591041,47.9417,42.27,1285,78840,0.831825,0.83,2,1195847,1194562,1285
41593961,47.949,42.9862,1285,78840,0.833642,0.83,2,1195895,1194610,1285
41596881,47.9554,43.6129,1285,78840,0.835278,0.83,2,1195943,1194658,1285
41599801,47.961,42.7863,1296,78840,0.83675,0.83,2,1195991,1194695,1296
41602721,47.9658,43.438,1296,78840,0.838075,0.83,2,1196039,1194743,1296
41605641,47.9701,44.0083,1296,78840,0.839268,0.83,2,1196087,1194791,1296
41608561,47.9738,44.5072,1296,78840,0.840341,0.83,2,1196135,1194839,1296
41611481,47.9771,44.9438,1296,78840,0.841307,0.83,2,1196183,1194887,1296
41614401,47.98,45.3259,1296,78840,0.842176,0.83,2,1196231,1194935,1296
41617321,47.9825,45.6601,1296,78840,0.842959,0.83,2,1196279,1194983,1296
41620241,47.9847,45.9526,1296,78840,0.843663,0.83,2,1196327,1195031,1296
41623161,47.9866,46.2085,1296,78840,0.844297,0.83,2,1196375,1195079,1296
41626081,47.9883,46.4325,1296,78840,0.844867,0.83,2,1196423,1195127,1296
41629001,47.9897,46.6284,1296,78840,0.84538,0.83,2,1196471,1195175,1296
41631921,47.991,46.7999,1296,78840,0.845842,0.83,2,1196519,1195223,1296
41634841,47.9921,46.9499,1296,78840,0.846258,0.83,2,1196567,1195271,1296
41637761,47.9931,47.0811,1296,80300,0.848632,0.83,2,1196615,1195319,1296
41640681,47.994,47.196,1296,80300,0.850769,0.83,2,1196663,1195367,1296
41643601,47.9947,47.2965,1296,80300,0.852692,0.83,2,1196711,1195415,1296
41646521,47.9954,47.3844,1296,80300,0.854423,0.83,2,1196759,1195463,1296
41649441,47.996,47.4614,1296,80300,0.855981,0.83,2,1196807,1195511,1296
41652361,47.9965,47.5287,1296,80300,0.857383,0.83,2,1196855,1195559,1296
41655281,47.9969,47.5876,1296,80300,0.858644,0.83,2,1196903,1195607,1296
41658201,47.9973,47.6392,1296,80300,0.85978,0.83,2,1196951,1195655,1296
41661121,47.9976,47.6843,1296,80300,0.860802,0.83,2,1196999,1195703,1296
41664041,47.9979,47.7237,1296,81760,0.863722,0.85,2,1197047,1195751,1296
41666961,47.9982,47.7583,1296,81760,0.866349,0.85,2,1197095,1195799,1296
41669881,47.9984,47.7885,1296,81760,0.868715,0.85,2,1197143,1195847,1296
41672801,47.9986,47.8149,1296,81760,0.870843,0.85,2,1197191,1195895,1296
41675721,47.9988,47.8381,1296,81760,0.872759,0.85,2,1197239,1195943,1296
41678641,47.9989,47.8583,1296,81760,0.874483,0.85,2,1197287,1195991,1296
41681561,47.9991,47.876,1296,83220,0.878035,0.85,2,1197335,1196039,1296
41684481,47.9992,47.8915,1296,83220,0.881231,0.85,2,1197383,1196087,1296
41687401,47.9993,47.9051,1296,83220,0.884108,0.85,2,1197431,1196135,1296
41690321,47.9994,47.9169,1296,83220,0.886697,0.85,2,1197479,1196183,1296
41693241,47.9995,47.9273,1296,83220,0.889027,0.85,2,1197527,1196231,1296
41696161,47.9995,47.9364,1296,83220,0.891125,0.85,2,1197575,1196279,1296
41699081,47.9996,47.9444,1296,84680,0.895012,0.85,2,1197623,1196327,1296
41702001,47.9996,47.9513,1296,84680,0.898511,0.85,2,1197671,1196375,1296
41704921,47.9997,47.9574,1296,84680,0.90166,0.85,2,1197719,1196423,1296
41707841,47.9997,47.9627,1296,84680,0.904494,0.85,2,1197767,1196471,1296
41710761,47.9998,47.9674,1296,86140,0.909045,0.85,2,1197815,1196519,1296
41713681,47.9998,47.9715,1296,86140,0.91314,0.85,2,1197863,1196567,1296
41716601,47.9998,41.975,1344,86140,0.916826,0.87,2,1197911,1196567,1344
41719521,47.9998,42.7281,1344,86140,0.920143,0.87,2,1197959,1196615,1344
41722441,47.9999,43.3871,1344,87600,0.925129,0.87,2,1198007,1196663,1344
41725361,47.9999,43.9637,1344,87600,0.929616,0.87,2,1198055,1196711,1344
41728281,47.9999,44.4683,1344,87600,0.933655,0.87,2,1198103,1196759,1344
41731201,47.9999,44.9097,1344,87600,0.937289,0.87,2,1198151,1196807,1344
41734121,47.9999,45.296,1344,89060,0.94256,0.87,2,1198199,1196855,1344
41737041,47.9999,45.634,1344,89060,0.947304,0.87,2,1198247,1196903,1344
41833401,27.744,6.65466,1825,102885,0.946585,0,2,1200168,1198343,1825
41833401,27.276,5.82283,1849,102417,0.937926,0,2,1200192,1198343,1849
41833401,26.8665,5.09497,1873,100488,0.927134,0,2,1200216,1198343,1873
41833401,26.5082,4.4581,1897,97100,0.91842,0,2,1200240,1198343,1897
41833401,26.1947,3.90084,1921,96631,0.908578,0,2,1200264,1198343,1921
41833401,25.9203,3.41323,1945,94702,0.89572,0,2,1200288,1198343,1945
41833401,25.6803,2.98658,1969,91314,0.883148,0,2,1200312,1198343,1969
41833401,25.4703,2.61326,1993,90845,0.872833,0,2,1200336,1198343,1993
41833401,25.2865,2.2866,2017,90376,0.85955,0,2,1200360,1198343,2017
41833401,25.1257,2.00077,2041,89908,0.845595,0,2,1200384,1198343,2041
41833401,24.985,1.75068,2065,89439,0.831036,0,2,1200408,1198343,2065
41833401,24.8618,1.53184,2089,88970,0.816932,0,2,1200432,1198343,2089
41833401,24.7541,1.34036,2113,87042,0.805239,0,2,1200456,1198343,2113
41833401,24.6598,1.17282,2137,86573,0.795715,0,2,1200480,1198343,2137
41833401,24.5774,1.02622,2161,84644,0.784143,0,2,1200504,1198343,2161
41833401,24.5052,0.897938,2185,80300,0.774729,0,2,1200528,1198343,2185
41833401,24.442,0.785696,2209,80300,0.764256,0,2,1200552,1198343,2209
41833401,24.3868,0.687484,2233,78840,0.755831,0,2,1200576,1198343,2233
41833401,24.3384,0.601549,2257,75920,0.746247,0,2,1200600,1198343,2257
41833401,24.2961,0.526355,2281,74460,0.736623,0,2,1200624,1198343,2281
41833401,24.2591,0.460561,2305,73000,0.728961,0,2,1200648,1198343,2305
41833401,24.2267,0.402991,2329,70080,0.723064,0,2,1200672,1198343,2329
41833401,24.1984,0.352617,2353,65700,0.718758,0,2,1200696,1198343,2353
41833401,24.1736,0.30854,2377,65700,0.715882,0,2,1200720,1198343,2377
41833401,24.1519,0.269972,2401,65700,0.711294,0,2,1200744,1198343,2401
41833401,24.1329,0.236226,2425,65700,0.708165,0,2,1200768,1198343,2425
41833401,24.1163,0.206697,2449,65700,0.703348,0,2,1200792,1198343,2449
41842161,24.0092,149.313,1345,74320,0.702207,0,2,1201248,1199903,1345
41846541,24.008,145.774,1248,74320,0.712986,0.91,2,1201272,1200024,1248
41849461,24.007,133.552,1224,80300,0.729688,0.92,2,1201296,1200072,1224
41853841,24.0062,119.858,1224,80300,0.744719,0.87,2,1201320,1200096,1224
41858221,24.0054,110.876,1200,80300,0.758247,0.83,2,1201344,1200144,1200
41858221,24.0047,97.0165,1224,80300,0.770422,0,2,1201368,1200144,1224
41861141,24.0041,93.8894,1176,79720,0.78138,0.84,2,1201392,1200216,1176
41862601,24.0036,85.1533,1176,80300,0.791242,0.78,2,1201416,1200240,1176
41866981,24.0032,80.5091,1152,80300,0.800118,0.77,2,1201440,1200288,1152
41869901,24.0028,73.4455,1152,80300,0.808106,0.74,2,1201464,1200312,1152
41871361,24.0024,70.2648,1128,80300,0.815295,0.72,2,1201488,1200360,1128
41881581,24.0021,64.4817,1128,80300,0.821766,0.69,2,1201512,1200384,1128
41885961,24.0019,62.4215,1104,80300,0.827589,0.68,2,1201536,1200432,1104
41885961,24.0016,54.6188,1128,80300,0.83283,0,2,1201560,1200432,1128
41888881,24.0014,56.7914,1080,79720,0.837547,0.69,2,1201584,1200504,1080
41890341,24.0012,52.6925,1080,80300,0.841793,0.67,2,1201608,1200528,1080
41894721,24.0011,49.1059,1080,80300,0.845613,0.68,2,1201632,1200552,1080
41897641,24.001,45.9677,1080,80300,0.849052,0.66,2,1201656,1200576,1080
41899101,24.0008,43.2217,1080,80300,0.852147,0.65,2,1201680,1200600,1080
41902021,24.0007,40.819,1080,80300,0.854932,0.66,2,1201704,1200624,1080
41904941,24.0006,38.7166,1080,80300,0.857439,0.67,2,1201728,1200648,1080
41907861,24.0006,36.8771,1080,80300,0.859695,0.68,2,1201752,1200672,1080
41909321,24.0005,35.2674,1080,80300,0.862725,0.69,2,1201776,1200696,1080
41912241,23.8754,33.859,1079,80300,0.865453,0.67,2,1201799,1200720,1079
41913701,23.891,32.6266,1079,80300,0.867908,0.68,2,1201823,1200744,1079
41915161,23.9046,31.5483,1079,80300,0.870117,0.66,2,1201847,1200768,1079
41957501,23.9165,30.6048,1079,80300,0.872105,0.68,2,1201871,1200792,1079
41960421,26.927,29.7792,1103,81760,0.884895,0.68,2,1201919,1200816,1103
41963341,29.5611,32.0568,1103,83220,0.896405,0.68,2,1201967,1200864,1103
41964001,30.241,34.0497,1090,84680,0.906765,0.81,2,1202002,1200912,1090
41964001,29.4608,29.7935,1114,84680,0.916088,0,2,1202026,1200912,1114
41964001,28.7782,26.0693,1138,84680,0.924479,0,2,1202050,1200912,1138
41964001,28.181,22.8106,1162,84680,0.932031,0,2,1202074,1200912,1162
41964001,27.6583,19.9593,1186,84680,0.938828,0,2,1202098,1200912,1186
41964001,27.201,17.4644,1210,84680,0.944945,0,2,1202122,1200912,1210
42010281,44.7473,44.5106,1335,96360,0.94912,0.89,2,1203206,1201871,1335
42013201,45.1539,38.9467,1383,96360,0.943208,0.89,2,1203254,1201871,1383
42016121,45.5097,34.0784,1431,97820,0.941888,0.89,2,1203302,1201871,1431
42019041,45.821,29.8186,1479,97820,0.942699,0.89,2,1203350,1201871,1479
42021961,46.0934,26.0913,1527,97820,0.945429,0.89,2,1203398,1201871,1527
42029261,25.4012,1.05849,2176,87246,0.943741,0,2,1204047,1201871,2176
42029261,25.2261,0.926182,2200,86766,0.936366,0,2,1204071,1201871,2200
42029261,25.0728,0.81041,2224,86286,0.93073,0,2,1204095,1201871,2224
42029261,24.9387,0.709108,2248,85807,0.921657,0,2,1204119,1201871,2248
42029261,24.8214,0.62047,2272,85327,0.912491,0,2,1204143,1201871,2272
42029261,24.7187,0.542911,2296,84847,0.905242,0,2,1204167,1201871,2296
42029261,24.6289,0.475047,2320,84368,0.895718,0,2,1204191,1201871,2320
42029261,24.5502,0.415666,2344,83888,0.888146,0,2,1204215,1201871,2344
42029261,24.4815,0.363708,2368,83408,0.882331,0,2,1204239,1201871,2368
42029261,24.4213,0.318245,2392,82928,0.876098,0,2,1204263,1201871,2392
42029261,24.3686,0.278464,2416,82449,0.870488,0,2,1204287,1201871,2416
42029261,24.3225,0.243656,2440,80509,0.86544,0,2,1204311,1201871,2440
42029261,24.2822,0.213199,2464,80029,0.858896,0,2,1204335,1201871,2464
42029261,24.2469,0.186549,2488,79550,0.853006,0,2,1204359,1201871,2488
42029261,24.2161,0.16323,2512,79070,0.847705,0,2,1204383,1201871,2512
42029261,24.1891,0.142827,2536,78590,0.841935,0,2,1204407,1201871,2536
42029261,24.1654,0.124973,2560,76650,0.836741,0,2,1204431,1201871,2560
42029261,24.1448,0.109352,2584,74711,0.830067,0,2,1204455,1201871,2584
42029261,24.1267,0.0956827,2608,74231,0.824061,0,2,1204479,1201871,2608
42029261,24.1108,0.0837224,2632,72291,0.818654,0,2,1204503,1201871,2632
42029261,24.097,0.0732571,2656,71812,0.811789,0,2,1204527,1201871,2656
42029261,24.0849,0.0640999,2680,71332,0.80561,0,2,1204551,1201871,2680
42029261,24.0742,0.0560874,2704,70852,0.800049,0,2,1204575,1201871,2704
42029261,24.065,0.0490765,2728,70372,0.793044,0,2,1204599,1201871,2728
42029261,24.0568,0.0429419,2752,68620,0.78474,0,2,1204623,1201871,2752
42029261,24.0497,0.0375742,2776,67480,0.769266,0,2,1204647,1201871,2776
42029261,24.0435,0.0328774,2800,67480,0.755339,0,2,1204671,1201871,2800
42029261,24.0381,0.0287678,2824,67480,0.743805,0,2,1204695,1201871,2824
42029261,24.0333,0.0251718,2848,67480,0.734425,0,2,1204719,1201871,2848
42029261,24.0292,0.0220253,2872,67480,0.725982,0,2,1204743,1201871,2872
42029261,24.0255,0.0192721,2896,67480,0.719384,0,2,1204767,1201871,2896
42029261,24.0223,0.0168631,2920,67480,0.714446,0,2,1204791,1201871,2920
42029261,24.0195,0.0147552,2944,67480,0.710001,0,2,1204815,1201871,2944
42029261,24.0171,0.0129108,2968,67480,0.706001,0,2,1204839,1201871,2968
42029261,24.015,0.011297,2992,67480,0.703401,0,2,1204863,1201871,2992
42029261,24.0131,0.00988486,3016,67480,0.702061,0,2,1204887,1201871,3016
42029261,24.0114,0.00864925,3040,67480,0.701855,0,2,1204911,1201871,3040
42029261,24.01,0.00756809,3064,67480,0.700669,0,2,1204935,1201871,3064
42029261,24.0088,0.00662208,3088,67480,0.700602,0,2,1204959,1201871,3088
42029261,24.0077,0.00579432,3112,67480,0.700542,0,2,1204983,1201871,3112
42029261,24.0067,0.00507003,3136,67480,0.700488,0,2,1205007,1201871,3136
42029261,24.0059,0.00443628,3160,67480,0.700439,0,2,1205031,1201871,3160
42043861,24.0051,214.879,1465,67480,0.700395,0.97,2,1205055,1203590,1465
42043861,24.0045,188.019,1489,68620,0.700356,0,2,1205079,1203590,1489
42043861,24.0039,164.517,1513,67480,0.70032,0,2,1205103,1203590,1513
42043861,24.0034,143.952,1537,67480,0.700288,0,2,1205127,1203590,1537
42043861,24.003,125.958,1561,66020,0.700259,0,2,1205151,1203590,1561
42043861,24.0026,110.213,1585,66020,0.700233,0,2,1205175,1203590,1585
42074521,24.0023,126.562,1368,66020,0.70021,0.82,2,1205199,1203831,1368
42074521,24.002,110.741,1392,68620,0.702189,0,2,1205223,1203831,1392
42074521,24.0018,96.8988,1416,67480,0.70397,0,2,1205247,1203831,1416
42074521,24.0015,84.7864,1440,67480,0.705573,0,2,1205271,1203831,1440
42074521,24.0014,74.1881,1464,67480,0.707016,0,2,1205295,1203831,1464
42074521,24.0012,64.9146,1488,67480,0.708314,0,2,1205319,1203831,1488
42074521,24.001,56.8003,1512,67480,0.708483,0,2,1205343,1203831,1512
42074521,24.0009,49.7002,1536,67480,0.708634,0,2,1205367,1203831,1536
42074521,24.0008,43.4877,1560,67480,0.708771,0,2,1205391,1203831,1560
42074521,24.0007,38.0517,1584,67480,0.708894,0,2,1205415,1203831,1584
42074521,24.0006,33.2953,1608,67480,0.709005,0,2,1205439,1203831,1608
42074521,24.0005,29.1334,1632,67480,0.709104,0,2,1205463,1203831,1632
42074521,24.0005,25.4917,1656,67480,0.709194,0,2,1205487,1203831,1656
42083281,24.0004,79.3052,1224,67480,0.709274,0.79,2,1205511,1204287,1224
42083281,24.0004,69.3921,1248,68620,0.709347,0,2,1205535,1204287,1248
42083281,24.0003,60.7181,1272,67480,0.709412,0,2,1205559,1204287,1272
42083281,21.6253,53.1283,1277,67480,0.711471,0,2,1205564,1204287,1277
42086201,21.9221,61.4873,1181,67480,0.711324,0.77,2,1205588,1204407,1181
42090581,22.1818,59.8014,1157,68620,0.713192,0.77,2,1205612,1204455,1157
42130001,22.2841,55.3262,1156,68620,0.714872,0.7,2,1205635,1204479,1156
42130001,22.4986,48.4104,1180,62780,0.743385,0,2,1205659,1204479,1180
42130001,22.6863,42.3591,1204,62780,0.769047,0,2,1205683,1204479,1204
42130001,22.8505,37.0642,1228,62780,0.791142,0,2,1205707,1204479,1228
42130001,22.9942,32.4312,1252,62780,0.809028,0,2,1205731,1204479,1252
42130001,23.1199,28.3773,1276,62780,0.823125,0,2,1205755,1204479,1276
42130001,23.2299,24.8301,1300,62780,0.833812,0,2,1205779,1204479,1300
42130001,23.3262,21.7264,1324,62780,0.841431,0,2,1205803,1204479,1324
42130001,23.4104,19.0106,1348,62780,0.846288,0,2,1205827,1204479,1348
42130001,23.4841,16.6343,1372,62780,0.848659,0,2,1205851,1204479,1372
42130001,23.5486,14.555,1396,62780,0.848793,0,2,1205875,1204479,1396
42130001,23.605,12.7356,1420,62780,0.846914,0,2,1205899,1204479,1420
42130001,23.6544,11.1436,1444,62780,0.843223,0,2,1205923,1204479,1444
42130001,23.6976,9.75069,1468,62780,0.8379,0,2,1205947,1204479,1468
42130001,23.7354,8.53186,1492,62780,0.83111,0,2,1205971,1204479,1492
42130001,23.7685,7.46537,1516,62780,0.822999,0,2,1205995,1204479,1516
42130001,23.7974,6.5322,1540,62780,0.813699,0,2,1206019,1204479,1540
42130001,23.8227,5.71568,1564,62780,0.803329,0,2,1206043,1204479,1564
42130001,23.8449,5.00122,1588,62780,0.791996,0,2,1206067,1204479,1588
42130001,23.8643,4.37607,1612,62780,0.779797,0,2,1206091,1204479,1612
42159521,23.8812,72.8291,1084,62780,0.766817,0.7,2,1206115,1205031,1084
42159521,23.8961,63.7254,1108,70080,0.767135,0,2,1206139,1205031,1108
42162441,26.9091,61.7597,1108,70080,0.763422,0.7,2,1206187,1205079,1108
42165361,29.5454,60.0398,1108,71540,0.76208,0.7,2,1206235,1205127,1108
42168281,31.8523,58.5348,1108,71540,0.760872,0.7,2,1206283,1205175,1108
42171201,33.8707,54.218,1132,71540,0.759785,0.72,2,1206331,1205199,1132
42174121,35.6369,53.4407,1132,71540,0.758806,0.72,2,1206379,1205247,1132
42177041,37.1823,52.7606,1132,73000,0.759925,0.71,2,1206427,1205295,1132
42179961,38.5345,52.1655,1132,73000,0.760933,0.71,2,1206475,1205343,1132
42182881,39.7177,51.6449,1132,73000,0.76184,0.71,2,1206523,1205391,1132
42185801,40.753,51.1892,1132,73000,0.762656,0.71,2,1206571,1205439,1132
42188721,41.6589,50.7906,1132,73000,0.76339,0.71,2,1206619,1205487,1132
42191641,42.4515,50.4418,1132,74460,0.766051,0.71,2,1206667,1205535,1132
42194561,43.1451,50.7615,1127,74460,0.768446,0.73,2,1206715,1205588,1127
42197481,43.7519,47.4164,1151,74460,0.770601,0.73,2,1206763,1205612,1151
42200401,44.2829,44.3643,1176,74460,0.772541,0.73,2,1206811,1205635,1176
42203321,44.7476,38.8188,1224,74460,0.772287,0.73,2,1206859,1205635,1224
42206241,45.1541,33.9664,1272,74460,0.774058,0.73,2,1206907,1205635,1272
42209161,45.5099,29.7206,1320,75920,0.777653,0.73,2,1206955,1205635,1320
42212081,45.8211,26.0055,1368,75920,0.780887,0.73,2,1207003,1205635,1368
42215001,46.0935,22.7548,1416,75920,0.783799,0.73,2,1207051,1205635,1416
42217921,46.3318,19.9105,1464,75920,0.786419,0.73,2,1207099,1205635,1464
42220841,46.5403,17.4217,1512,75920,0.788777,0.65,2,1207147,1205635,1512
42223761,46.7228,75.244,1080,77380,0.792899,0.65,2,1207195,1206115,1080
42226681,46.8824,65.8385,1128,77380,0.796609,0.65,2,1207243,1206115,1128
42229601,47.0221,57.6087,1176,77380,0.799948,0.73,2,1207291,1206115,1176
42232521,47.1444,59.4076,1152,77380,0.802953,0.73,2,1207339,1206187,1152
42235441,47.2513,51.9816,1200,77380,0.805658,0.75,2,1207387,1206187,1200
42238361,47.3449,51.4839,1200,77380,0.808092,0.75,2,1207435,1206235,1200
42241281,47.4268,51.0484,1200,77380,0.810283,0.75,2,1207483,1206283,1200
42244201,47.4984,50.6674,1200,78840,0.814255,0.75,2,1207531,1206331,1200
42247121,47.5611,50.334,1200,78840,0.817829,0.77,2,1207579,1206379,1200
42250041,47.616,50.0422,1200,78840,0.821046,0.77,2,1207627,1206427,1200
42252961,47.664,49.7869,1200,78840,0.823942,0.77,2,1207675,1206475,1200
42255881,47.706,49.5636,1200,78840,0.826548,0.77,2,1207723,1206523,1200
42258801,47.7427,49.3681,1200,78840,0.828893,0.77,2,1207771,1206571,1200
42261721,47.7749,49.1971,1200,78840,0.831003,0.77,2,1207819,1206619,1200
42264641,47.803,43.0475,1248,78840,0.832903,0.79,2,1207867,1206619,1248
42267561,47.8277,43.6665,1248,78840,0.834613,0.79,2,1207915,1206667,1248
42270481,47.8492,44.2082,1248,80300,0.838152,0.79,2,1207963,1206715,1248
42273401,47.8681,44.6822,1248,80300,0.841336,0.79,2,1208011,1206763,1248
42276321,47.8845,45.0969,1248,80300,0.844203,0.77,2,1208059,1206811,1248
42279241,47.899,45.4598,1248,80300,0.846783,0.79,2,1208107,1206859,1248
42282161,47.9116,45.7773,1248,80300,0.849104,0.81,2,1208155,1206907,1248
42285081,47.9227,46.0552,1248,80300,0.851194,0.81,2,1208203,1206955,1248
42288001,47.9323,46.2983,1248,80300,0.853074,0.81,2,1208251,1207003,1248
42290921,47.9408,46.511,1248,80300,0.854767,0.81,2,1208299,1207051,1248
42293841,47.9482,46.6971,1248,80300,0.85629,0.81,2,1208347,1207099,1248
42296761,47.9547,46.86,1248,80300,0.857661,0.81,2,1208395,1207147,1248
42299681,47.9603,41.0025,1296,80300,0.858895,0.83,2,1208443,1207147,1296
42302601,47.9653,41.8772,1296,80300,0.860006,0.83,2,1208491,1207195,1296
42305521,47.9696,42.6425,1296,80300,0.861005,0.83,2,1208539,1207243,1296
42308441,47.9734,43.3122,1296,81760,0.863905,0.83,2,1208587,1207291,1296
42311361,47.9767,43.8982,1296,81760,0.866514,0.83,2,1208635,1207339,1296
42314281,47.9797,44.4109,1296,81760,0.868863,0.83,2,1208683,1207387,1296
42317201,47.9822,44.8595,1296,81760,0.870976,0.83,2,1208731,1207435,1296
42320121,47.9844,45.2521,1296,81760,0.872879,0.85,2,1208779,1207483,1296
42323041,47.9864,45.5956,1296,81760,0.874591,0.85,2,1208827,1207531,1296
42325961,47.9881,45.8961,1296,81760,0.876132,0.85,2,1208875,1207579,1296
42328881,47.9896,46.1591,1296,81760,0.877519,0.85,2,1208923,1207627,1296
42331801,47.9909,46.3892,1296,81760,0.878767,0.85,2,1208971,1207675,1296
42334721,47.992,46.5906,1296,81760,0.87989,0.85,2,1209019,1207723,1296
42337641,47.993,46.7668,1296,81760,0.880901,0.85,2,1209067,1207771,1296
42340561,47.9939,46.9209,1296,81760,0.881811,0.85,2,1209115,1207819,1296
42343481,47.9946,47.0558,1296,81760,0.88263,0.85,2,1209163,1207867,1296
42346401,47.9953,47.1738,1296,81760,0.883367,0.85,2,1209211,1207915,1296
42349321,47.9959,41.2771,1344,81760,0.88403,0.87,2,1209259,1207915,1344
42352241,47.9964,42.1175,1344,81760,0.884627,0.87,2,1209307,1207963,1344
42355161,47.9969,42.8528,1344,81760,0.885164,0.87,2,1209355,1208011,1344
42358081,47.9973,43.4962,1344,81760,0.885648,0.87,2,1209403,1208059,1344
42361001,47.9976,44.0592,1344,81760,0.886083,0.87,2,1209451,1208107,1344
42363921,47.9979,44.5518,1344,81760,0.886475,0.87,2,1209499,1208155,1344
42366841,47.9982,44.9828,1344,81760,0.886827,0.87,2,1209547,1208203,1344
42369761,47.9984,45.3599,1344,81760,0.887145,0.87,2,1209595,1208251,1344
42372681,47.9986,45.6899,1344,81760,0.88743,0.87,2,1209643,1208299,1344
42375601,47.9988,45.9787,1344,81760,0.887687,0.87,2,1209691,1208347,1344
42378521,47.9989,46.2314,1344,81760,0.887918,0.87,2,1209739,1208395,1344
42381441,47.9991,46.4524,1344,81760,0.888127,0.87,2,1209787,1208443,1344
42384361,47.9992,46.6459,1344,81760,0.888314,0.87,2,1209835,1208491,1344
42387281,47.9993,46.8152,1344,81760,0.888483,0.89,2,1209883,1208539,1344
42390201,47.9994,46.9633,1344,83220,0.890634,0.89,2,1209931,1208587,1344
42393121,47.9994,47.0929,1344,83220,0.892571,0.89,2,1209979,1208635,1344
42396041,47.9995,47.2062,1344,83220,0.894314,0.89,2,1210027,1208683,1344
42398961,47.9996,47.3055,1344,83220,0.895882,0.89,2,1210075,1208731,1344
42401881,47.9996,47.3923,1344,83220,0.897294,0.89,2,1210123,1208779,1344
42404801,47.9997,47.4682,1344,83220,0.898565,0.89,2,1210171,1208827,1344
42407721,47.9997,47.5347,1344,83220,0.899708,0.89,2,1210219,1208875,1344
42410641,47.9998,47.5929,1344,83220,0.900737,0.89,2,1210267,1208923,1344
42413561,47.9998,47.6438,1344,83220,0.901664,0.89,2,1210315,1208971,1344
42416481,47.9998,47.6883,1344,83220,0.902497,0.89,2,1210363,1209019,1344
42419401,47.9998,47.7273,1344,83220,0.903248,0.89,2,1210411,1209067,1344
42422321,47.9999,47.7614,1344,83220,0.903923,0.89,2,1210459,1209115,1344
42425241,47.9999,47.7912,1344,83220,0.904531,0.89,2,1210507,1209163,1344
42428161,47.9999,47.8173,1344,83220,0.905078,0.89,2,1210555,1209211,1344
42431081,47.9999,47.8401,1344,84680,0.90757,0.89,2,1210603,1209259,1344
42434001,47.9999,47.8601,1344,84680,0.909813,0.89,2,1210651,1209307,1344
42436921,47.9999,47.8776,1344,84680,0.911831,0.89,2,1210699,1209355,1344
42439841,47.9999,47.8929,1344,84680,0.913648,0.89,2,1210747,1209403,1344
42442761,47.9999,47.9063,1344,84680,0.915284,0.89,2,1210795,1209451,1344
42445681,48,47.918,1344,86140,0.918755,0.89,2,1210843,1209499,1344
42448601,48,47.9282,1344,86140,0.92188,0.89,2,1210891,1209547,1344
42451521,48,47.9372,1344,86140,0.924692,0.89,2,1210939,1209595,1344
42454441,48,47.9451,1344,86140,0.927222,0.89,2,1210987,1209643,1344
42457361,48,47.9519,1344,86140,0.9295,0.89,2,1211035,1209691,1344
42460281,48,47.9579,1344,86140,0.93155,0.89,2,1211083,1209739,1344
42463201,48,47.9632,1344,86140,0.933395,0.89,2,1211131,1209787,1344
42466121,48,47.9678,1344,87600,0.937056,0.89,2,1211179,1209835,1344
42469041,48,47.9718,1344,87600,0.94035,0.89,2,1211227,1209883,1344
42471961,48,41.9753,1392,87600,0.943315,0.91,2,1211275,1209883,1392
42474881,48,42.7284,1392,87600,0.945984,0.91,2,1211323,1209931,1392
42477801,48,43.3874,1392,87600,0.948385,0.91,2,1211371,1209979,1392
42587301,27.7386,6.91834,1825,98045,0.946675,0,2,1213532,1211707,1825
42587301,27.2713,6.05355,1849,97577,0.938007,0,2,1213556,1211707,1849
42587301,26.8624,5.29686,1873,97109,0.929207,0,2,1213580,1211707,1873
42587301,26.5046,4.63475,1897,96641,0.922286,0,2,1213604,1211707,1897
42587301,26.1915,4.05541,1921,96173,0.912057,0,2,1213628,1211707,1921
42587301,25.9176,3.54848,1945,95705,0.900852,0,2,1213652,1211707,1945
42587301,25.6779,3.10492,1969,93777,0.889766,0,2,1213676,1211707,1969
42587301,25.4681,2.71681,1993,93309,0.87879,0,2,1213700,1211707,1993
42587301,25.2846,2.3772,2017,92842,0.866911,0,2,1213724,1211707,2017
42587301,25.124,2.08005,2041,89454,0.85522,0,2,1213748,1211707,2041
42587301,24.9835,1.82005,2065,87526,0.843698,0,2,1213772,1211707,2065
42587301,24.8606,1.59254,2089,87058,0.831328,0,2,1213796,1211707,2089
42587301,24.753,1.39347,2113,85130,0.821195,0,2,1213820,1211707,2113
42587301,24.6589,1.21929,2137,81742,0.811076,0,2,1213844,1211707,2137
42587301,24.5765,1.06688,2161,81274,0.802968,0,2,1213868,1211707,2161
42587301,24.5045,0.933519,2185,77380,0.792671,0,2,1213892,1211707,2185
42587301,24.4414,0.816829,2209,77380,0.784404,0,2,1213916,1211707,2209
42587301,24.3862,0.714725,2233,77380,0.774964,0,2,1213940,1211707,2233
42587301,24.338,0.625385,2257,77380,0.767467,0,2,1213964,1211707,2257
42587301,24.2957,0.547211,2281,77380,0.759721,0,2,1213988,1211707,2281
42587301,24.2587,0.47881,2305,77380,0.753749,0,2,1214012,1211707,2305
42587301,24.2264,0.418959,2329,75920,0.746374,0,2,1214036,1211707,2329
42587301,24.1981,0.366589,2353,75920,0.738736,0,2,1214060,1211707,2353
42587301,24.1733,0.320765,2377,74460,0.732863,0,2,1214084,1211707,2377
42587301,24.1517,0.28067,2401,73000,0.725576,0,2,1214108,1211707,2401
42587301,24.1327,0.245586,2425,73000,0.720019,0,2,1214132,1211707,2425
42587301,24.1161,0.214888,2449,73000,0.715017,0,2,1214156,1211707,2449
42587301,24.1016,0.188027,2473,72300,0.711515,0,2,1214180,1211707,2473
42587301,24.0889,0.164523,2497,69380,0.706364,0,2,1214204,1211707,2497
42587301,24.0009,0.00175591,3313,1460,0.599973,0,1,1215020,1211707,3313
42587301,24.0008,0.00153642,3337,1460,0.586976,0,1,1215044,1211707,3337
42587301,24.0007,0.00134437,3361,1460,0.573278,0,1,1215068,1211707,3361
42587301,24.0006,0.00117632,3385,1460,0.558951,0,1,1215092,1211707,3385
42587301,24.0006,0.00102928,3409,1460,0.544056,0,1,1215116,1211707,3409
42587301,24.0005,0.00090062,3433,1460,0.52865,0,1,1215140,1211707,3433
42587301,24.0004,0.000788043,3457,1460,0.512785,0,1,1215164,1211707,3457
42587301,24.0004,0.000689537,3481,1460,0.496507,0,1,1215188,1211707,3481
42587301,22.6253,0.000603345,3494,1460,0.479856,0,1,1215201,1211707,3494
42587301,22.7972,0.000527927,3518,1460,0.46287,0,1,1215225,1211707,3518
42587301,22.9475,0.000461936,3542,1460,0.445583,0,1,1215249,1211707,3542
42587301,23.0791,0.000404194,3566,1460,0.428025,0,1,1215273,1211707,3566
42587301,23.1942,0.00035367,3590,1460,0.410222,0,1,1215297,1211707,3590
42587301,23.2949,0.000309461,3614,1460,0.3922,0,1,1215321,1211707,3614
42587301,23.3831,0.000270779,3638,1460,0.37398,0,1,1215345,1211707,3638
42587301,23.4602,0.000236931,3662,1460,0.355582,0,1,1215369,1211707,3662
42587301,23.5276,0.000207315,3686,1460,0.337024,0,1,1215393,1211707,3686
42587301,23.5867,0.0001814,3710,1460,0.318322,0,1,1215417,1211707,3710
42587301,23.6384,0.000158725,3734,1460,0.299489,0,1,1215441,1211707,3734
42587301,23.6836,0.000138885,3758,1460,0.28054,0,1,1215465,1211707,3758
42587301,23.7231,0.000121524,3782,1460,0.261486,0,1,1215489,1211707,3782
42587301,23.7577,0.000106334,3806,1460,0.242338,0,1,1215513,1211707,3806
42587301,23.788,9.30419e-05,3830,1460,0.223104,0,1,1215537,1211707,3830
42587301,23.8145,8.14117e-05,3854,1460,0.203794,0,1,1215561,1211707,3854
42587301,23.8377,7.12352e-05,3878,1460,0.184414,0,1,1215585,1211707,3878
42587301,23.858,6.23308e-05,3902,1460,0.165973,0,1,1215609,1211707,3902
42587301,23.8757,5.45395e-05,3926,1460,0.149376,0,1,1215633,1211707,3926
42587301,23.8913,4.7722e-05,3950,1460,0.134438,0,1,1215657,1211707,3950
42587301,23.9049,4.17568e-05,3974,1460,0.120994,0,1,1215681,1211707,3974
42587301,23.9168,3.65372e-05,3998,1460,0.108895,0,1,1215705,1211707,3998
42587301,23.9272,3.197e-05,4022,1460,0.0980053,0,1,1215729,1211707,4022
42587301,23.9363,2.79738e-05,4046,1460,0.0882048,0,1,1215753,1211707,4046
42587301,23.9442,2.44771e-05,4070,1460,0.0793843,0,1,1215777,1211707,4070
42587301,23.9512,2.14174e-05,4094,1460,0.0714459,0,1,1215801,1211707,4094
42718001,23.8323,380.375,1074,1460,0.0643013,0,1,1215824,1214750,1074
42719461,3091.85,3482.33,446,1460,0.0578711,0,1,1240392,1239946,446
42722381,2739.12,3102.79,270,2920,0.052084,0,1,1240662,1240392,270
42725301,2430.48,2748.69,270,5840,0.0468756,0,1,1240932,1240662,270
42728221,2132.67,2405.1,318,8760,0.0471881,0,1,1240980,1240662,318
42731141,1893.84,2138.21,270,11680,0.0424693,0,1,1241202,1240932,270
42734061,1663.11,1870.94,318,14600,0.0432223,0.05,1,1241250,1240932,318
42736981,1461.22,1643.07,318,17520,0.0479001,0.05,1,1241298,1240980,318
42739901,1284.57,1437.69,366,20440,0.0561101,0,1,1241346,1240980,366
42742821,1139.75,1285.73,270,23360,0.0594991,0,1,1241472,1241202,270
42745741,1003.28,1125.01,318,26280,0.0665492,0.05,1,1241520,1241202,318
42748661,883.868,990.384,318,29200,0.0768943,0.05,1,1241568,1241250,318
42751581,779.384,866.586,366,32120,0.0902048,0.09,1,1241616,1241250,366
42754501,687.961,764.263,366,35040,0.106184,0.09,1,1241664,1241298,366
42757421,607.966,668.73,414,37960,0.124566,0.13,1,1241712,1241298,414
42760341,537.97,591.139,414,40880,0.145109,0.13,1,1241760,1241346,414
42763261,476.724,517.246,462,43800,0.167598,0.09,1,1241808,1241346,462
42766181,423.134,468.341,384,46720,0.191839,0.09,1,1241856,1241472,384
42769101,376.242,409.798,432,49640,0.217655,0.13,1,1241904,1241472,432
42772021,335.212,364.573,432,49640,0.240889,0.13,1,1241952,1241520,432
42774941,299.31,319.002,480,49640,0.2618,0.17,1,1242000,1241520,480
42777861,267.896,285.126,480,49640,0.28062,0.17,1,1242048,1241568,480
42780781,240.409,249.486,528,49640,0.297558,0.21,1,1242096,1241568,528
42783701,216.358,224.3,528,49640,0.312802,0.21,1,1242144,1241616,528
42786621,195.313,196.262,576,49640,0.326522,0.25,1,1242192,1241616,576
42789541,176.899,177.73,576,49640,0.33887,0.25,1,1242240,1241664,576
42792461,160.787,155.513,624,49640,0.349983,0.29,1,1242288,1241664,624
42795381,146.688,142.074,624,49640,0.359985,0.29,1,1242336,1241712,624
42798301,134.352,124.315,672,51100,0.370986,0.33,1,1242384,1241712,672
42801221,123.558,114.776,672,51100,0.380888,0.33,1,1242432,1241760,672
42804141,114.114,100.429,720,51100,0.389799,0.37,1,1242480,1241760,720
42807061,105.849,93.8751,720,51100,0.397819,0.37,1,1242528,1241808,720
42809981,98.6182,82.1407,768,51100,0.405037,0.41,1,1242576,1241808,768
42812901,92.2909,77.8731,768,51100,0.411533,0.41,1,1242624,1241856,768
42815821,86.7546,68.1389,816,51100,0.41738,0.45,1,1242672,1241856,816
42818741,81.9102,65.6216,816,51100,0.422642,0.45,1,1242720,1241904,816
42821661,77.6715,63.4189,816,51100,0.427378,0.45,1,1242768,1241952,816
42824581,73.9625,61.4915,816,51100,0.43164,0.45,1,1242816,1242000,816
42827501,70.7172,59.8051,816,52560,0.437476,0.45,1,1242864,1242048,816
42830421,67.8776,58.3294,816,52560,0.442728,0.45,1,1242912,1242096,816
42833341,65.3929,57.0383,816,52560,0.447456,0.45,1,1242960,1242144,816
42836261,63.2188,55.9085,816,52560,0.45171,0.45,1,1243008,1242192,816
42839181,61.3164,54.9199,816,52560,0.455539,0.45,1,1243056,1242240,816
42842101,59.6519,54.0549,816,52560,0.458985,0.45,1,1243104,1242288,816
42845021,58.1954,53.2981,816,52560,0.462087,0.45,1,1243152,1242336,816
42847941,56.921,46.6358,864,52560,0.464878,0.47,1,1243200,1242336,864
42850861,55.8058,46.8063,864,52560,0.46739,0.47,1,1243248,1242384,864
42853781,54.8301,46.9555,864,52560,0.469651,0.47,1,1243296,1242432,864
42856701,53.9763,47.0861,864,54020,0.473686,0.47,1,1243344,1242480,864
42859621,53.2293,47.2003,864,54020,0.477317,0.47,1,1243392,1242528,864
42862541,52.5756,47.3003,864,54020,0.480586,0.47,1,1243440,1242576,864
42865461,52.0037,47.3878,864,54020,0.483527,0.47,1,1243488,1242624,864
42868381,51.5032,47.4643,864,54020,0.486174,0.47,1,1243536,1242672,864
42871301,51.0653,47.5313,864,54020,0.488557,0.47,1,1243584,1242720,864
42874221,50.6822,47.5898,864,54020,0.490701,0.47,1,1243632,1242768,864
42877141,50.3469,47.6411,864,54020,0.492631,0.49,1,1243680,1242816,864
42880061,50.0535,47.686,864,54020,0.494368,0.49,1,1243728,1242864,864
42882981,49.7968,47.7252,864,54020,0.495931,0.49,1,1243776,1242912,864
42885901,49.5722,47.7596,864,55480,0.499338,0.49,1,1243824,1242960,864
42888821,49.3757,47.7896,864,55480,0.502404,0.49,1,1243872,1243008,864
42891741,49.2037,47.8159,864,55480,0.505164,0.49,1,1243920,1243056,864
42894661,49.0533,47.8389,864,55480,0.507647,0.49,1,1243968,1243104,864
42897581,48.9216,47.8591,864,55480,0.509883,0.49,1,1244016,1243152,864
42900501,48.8064,47.8767,864,55480,0.511894,0.49,1,1244064,1243200,864
42903421,48.7056,47.8921,864,56940,0.515705,0.49,1,1244112,1243248,864
42906341,48.6174,47.9056,864,56940,0.519135,0.49,1,1244160,1243296,864
42909261,48.5402,41.9174,912,56940,0.522221,0.51,1,1244208,1243296,912
42912181,48.4727,42.6777,912,56940,0.524999,0.51,1,1244256,1243344,912
42915101,48.4136,43.343,912,56940,0.527499,0.51,1,1244304,1243392,912
42918021,48.3619,43.9251,912,58400,0.531749,0.51,1,1244352,1243440,912
42920941,48.3167,44.4345,912,58400,0.535574,0.51,1,1244400,1243488,912
42923861,48.2771,44.8802,912,58400,0.539017,0.51,1,1244448,1243536,912
42926781,48.2425,45.2702,912,58400,0.542115,0.51,1,1244496,1243584,912
42929701,48.2121,45.6114,912,59860,0.546904,0.51,1,1244544,1243632,912
42932621,48.1856,45.91,912,59860,0.551213,0.51,1,1244592,1243680,912
42935541,48.1624,46.1712,912,59860,0.555092,0.51,1,1244640,1243728,912
42938461,48.1421,46.3998,912,61320,0.560583,0.53,1,1244688,1243776,912
42941381,48.1244,46.5998,912,61320,0.565524,0.53,1,1244736,1243824,912
42944301,48.1088,46.7749,912,62780,0.571972,0.53,1,1244784,1243872,912
42947221,48.0952,46.928,912,62780,0.577775,0.53,1,1244832,1243920,912
42950141,48.0833,47.062,912,62780,0.582997,0.53,1,1244880,1243968,912
42953061,48.0729,47.1792,912,64240,0.589698,0.53,1,1244928,1244016,912
42955981,48.0638,47.2818,912,64240,0.595728,0.53,1,1244976,1244064,912
42996861,48.0098,42.8123,1008,74460,0.703659,0.61,2,1245648,1244640,1008
42999781,48.0086,43.4607,1008,74460,0.712293,0.61,2,1245696,1244688,1008
43002701,48.0075,44.0282,1008,75920,0.722064,0.61,2,1245744,1244736,1008
43005621,48.0066,38.5246,1056,75920,0.730858,0.63,2,1245792,1244736,1056
43008541,48.0058,39.7091,1056,77380,0.740772,0.63,2,1245840,1244784,1056
43011461,48.005,40.7454,1056,78840,0.751695,0.63,2,1245888,1244832,1056
43014381,48.0044,41.6522,1056,80300,0.763525,0.65,2,1245936,1244880,1056
43017301,48.0039,42.4457,1056,80300,0.774173,0.65,2,1245984,1244928,1056
43020221,48.0034,43.14,1056,81760,0.785755,0.65,2,1246032,1244976,1056
43023141,48.003,43.7475,1056,83220,0.79818,0.65,2,1246080,1245024,1056
43026061,48.0026,38.2791,1104,83220,0.809362,0.67,2,1246128,1245024,1104
43028981,48.0023,39.4942,1104,84680,0.821426,0.67,2,1246176,1245072,1104
43031901,48.002,40.5574,1104,86140,0.834283,0.69,2,1246224,1245120,1104
43034821,48.0017,41.4877,1104,86140,0.845855,0.69,2,1246272,1245168,1104
43037741,48.0015,42.3018,1104,87600,0.858269,0.69,2,1246320,1245216,1104
43040661,48.0013,43.014,1104,89060,0.871442,0.69,2,1246368,1245264,1104
43043581,48.0012,37.6373,1152,90520,0.884298,0.71,2,1246416,1245264,1152
43046501,48.001,38.9326,1152,91980,0.895868,0.73,2,1246464,1245312,1152
43049421,48.0009,40.066,1152,91980,0.906282,0.73,2,1246512,1245360,1152
43052341,48.0008,41.0578,1152,93440,0.915653,0.73,2,1246560,1245408,1152
43055261,48.0007,35.9256,1200,94900,0.924088,0.75,2,1246608,1245408,1200
43058181,48.0006,37.4349,1200,96360,0.931679,0.75,2,1246656,1245456,1200
43061101,48.0005,38.7555,1200,97820,0.938511,0.77,2,1246704,1245504,1200
43064021,48.0005,39.9111,1200,99280,0.94466,0.77,2,1246752,1245552,1200
43134101,40.0781,24.7495,1560,135780,0.946651,0,2,1247976,1246416,1560
43134101,38.1934,21.6558,1585,126560,0.933986,0.84,2,1248001,1246416,1585
43134101,36.4192,18.9488,1609,125757,0.918588,0,2,1248025,1246416,1609
43134101,34.8668,16.5802,1633,125355,0.902729,0,2,1248049,1246416,1633
43134101,33.5084,14.5077,1657,123493,0.884456,0,2,1248073,1246416,1657
43134101,32.3199,12.6942,1681,121631,0.86601,0,2,1248097,1246416,1681
43134101,31.2799,11.1074,1705,119769,0.847409,0,2,1248121,1246416,1705
43134101,30.3699,9.71902,1729,117908,0.828668,0,2,1248145,1246416,1729
43134101,29.5737,8.50414,1753,116046,0.807802,0,2,1248169,1246416,1753
43134101,28.877,7.44112,1777,112724,0.787021,0,2,1248193,1246416,1777
43134101,28.2673,6.51098,1801,110862,0.766319,0,2,1248217,1246416,1801
43134101,27.7339,5.69711,1825,107540,0.746687,0,2,1248241,1246416,1825
43134101,27.2672,4.98497,1849,105678,0.730019,0,2,1248265,1246416,1849
43134101,26.8588,4.36185,1873,102356,0.716017,0,2,1248289,1246416,1873
43134101,26.5014,3.81662,1897,99035,0.704415,0,2,1248313,1246416,1897
43134101,23.2408,0.301878,2343,55640,0.59932,0,1,1248759,1246416,2343
43134101,20.8357,0.264143,2347,55640,0.597388,0,1,1248763,1246416,2347
43134101,21.2313,0.231126,2371,55640,0.592649,0,1,1248787,1246416,2371
43134101,19.8273,0.202235,2381,55440,0.590384,0,1,1248797,1246416,2381
43134101,20.3489,0.176955,2405,55440,0.586346,0,1,1248821,1246416,2405
43134101,20.8053,0.154836,2429,54820,0.582711,0,1,1248845,1246416,2429
43134101,18.7046,0.135482,2433,54820,0.58144,0,1,1248849,1246416,2433
43134101,19.3666,0.118546,2457,54820,0.578296,0,1,1248873,1246416,2457
43134101,19.9457,0.103728,2481,54620,0.575466,0,1,1248897,1246416,2481
43134101,17.9525,0.090762,2485,54620,0.57492,0,1,1248901,1246416,2485
43134101,18.7085,0.0794168,2509,54620,0.572428,0,1,1248925,1246416,2509
43134101,19.3699,0.0694897,2533,54420,0.570185,0,1,1248949,1246416,2533
43134101,17.4487,0.0608035,2537,54420,0.568166,0,1,1248953,1246416,2537
43134101,18.2676,0.053203,2561,54420,0.56435,0,1,1248977,1246416,2561
43134101,18.9841,0.0465527,2585,54220,0.560915,0,1,1249001,1246416,2585
43134101,17.1111,0.0407336,2589,54220,0.559823,0,1,1249005,1246416,2589
43139941,17.9722,195.036,1053,54220,0.556841,0.78,1,1249029,1247976,1053
43142861,18.7257,176.781,1028,65240,0.566157,0.72,1,1249053,1248025,1028
43145781,19.385,160.684,1004,65240,0.572541,0.7,1,1249077,1248073,1004
43148701,19.9619,143.598,1004,65240,0.576287,0.68,1,1249101,1248097,1004
43151621,20.4666,128.648,1004,65240,0.577658,0.62,1,1249125,1248121,1004
43154541,20.9083,118.567,980,65240,0.576893,0.6,1,1249149,1248169,980
43156001,21.2948,106.746,980,65240,0.574203,0.57,1,1249173,1248193,980
43158921,21.6329,99.4031,956,65240,0.569783,0.58,1,1249197,1248241,956
43161841,21.9288,89.9777,956,65240,0.563805,0.59,1,1249221,1248265,956
43163301,22.1877,81.7305,956,65240,0.556424,0.56,1,1249245,1248289,956
43166221,22.4142,77.5142,932,65240,0.547782,0.55,1,1249269,1248337,932
43169141,22.6125,70.8249,932,65240,0.538004,0.56,1,1249293,1248361,932
43170601,22.7859,64.9718,932,65240,0.527203,0.57,1,1249317,1248385,932
43173521,22.9377,59.8503,932,65240,0.515483,0.58,1,1249341,1248409,932
43174981,23.0705,55.369,932,65240,0.502935,0.59,1,1249365,1248433,932
43177901,23.1866,51.4479,932,65240,0.489641,0.6,1,1249389,1248457,932
43179361,23.2883,48.0169,932,65240,0.475677,0.59,1,1249413,1248481,932
43182281,23.3773,45.0148,932,65240,0.461109,0.6,1,1249437,1248505,932
43183741,23.4551,42.3879,932,65240,0.445998,0.59,1,1249461,1248529,932
43186661,23.5232,40.0895,932,65240,0.430399,0.59,1,1249485,1248553,932
43188121,23.5828,38.0783,932,65240,0.414359,0.59,1,1249509,1248577,932
43191041,23.635,36.3185,932,65240,0.397923,0.59,1,1249533,1248601,932
43192501,23.6806,34.7787,932,65240,0.381131,0.6,1,1249557,1248625,932
43195421,23.7205,33.4313,932,65240,0.364017,0.6,1,1249581,1248649,932
43196881,23.7555,32.2524,932,65240,0.346616,0.59,1,1249605,1248673,932
43198341,23.786,31.2209,932,65240,0.328954,0.56,1,1249629,1248697,932
43201261,23.8128,32.0683,918,65240,0.311059,0.56,1,1249653,1248735,918
43202721,23.8362,31.0597,918,65240,0.292953,0.55,1,1249677,1248759,918
43205641,23.8567,30.6773,914,65240,0.274658,0.55,1,1249701,1248787,914
43207101,23.8746,31.0926,904,65240,0.256192,0.55,1,1249725,1248821,904
43208561,23.8903,30.206,904,65240,0.237573,0.55,1,1249749,1248845,904
43211481,23.904,29.9303,900,65240,0.218815,0.55,1,1249773,1248873,900
43212941,23.916,29.189,900,65240,0.199934,0.55,1,1249797,1248897,900
43214401,23.9265,29.0404,896,65240,0.18094,0.55,1,1249821,1248925,896
43217321,23.9357,28.4103,896,65240,0.162846,0.53,1,1249845,1248949,896
43220241,23.9437,28.359,892,65240,0.146562,0.53,1,1249869,1248977,892
43221701,23.9507,27.8142,892,65240,0.131906,0.53,1,1249893,1249001,892
43229001,23.9569,27.8374,888,65240,0.118715,0.53,1,1249917,1249029,888
43230461,23.9623,24.3577,912,65240,0.106844,0.53,1,1249941,1249029,912
43231921,23.967,21.313,936,65240,0.0961592,0.53,1,1249965,1249029,936
43234841,23.9711,18.6489,960,65240,0.0865433,0.53,1,1249989,1249029,960
43239221,23.8497,16.3178,983,65240,0.0778889,0.53,1,1250012,1249029,983
43240681,23.8685,14.278,1007,65240,0.0701,0.53,1,1250036,1249029,1007
43265041,23.885,12.4933,1031,65240,0.06309,0,1,1250060,1249029,1031
43267961,2514.02,2599.18,270,96360,0.156781,0,1,1270005,1269735,270
43270881,2205.77,2274.28,318,97820,0.241103,0,1,1270053,1269735,318
43273801,1936.05,1990,366,99280,0.316993,0,1,1270101,1269735,366
43276721,1700.04,1741.25,414,100740,0.385293,0,1,1270149,1269735,414
43279641,1493.54,1523.59,462,102200,0.446764,0,1,1270197,1269735,462
43282561,1312.85,1333.14,510,103660,0.502088,0,1,1270245,1269735,510
43285481,1154.74,1166.5,558,105120,0.551879,0,1,1270293,1269735,558
43288401,1016.4,1020.69,606,106580,0.596691,0,1,1270341,1269735,606
43297161,696.751,683.781,750,110960,0.705988,0,2,1270485,1269735,750
43300081,615.657,598.309,798,112420,0.735389,0,2,1270533,1269735,798
43303001,544.7,523.52,846,113880,0.76185,0,2,1270581,1269735,846
43305921,482.612,458.08,894,115340,0.785665,0,2,1270629,1269735,894
43308841,428.286,400.82,942,116800,0.807099,0,2,1270677,1269735,942
43311761,380.75,350.717,990,118260,0.826389,0,2,1270725,1269735,990
43314681,339.156,306.878,1038,119720,0.84375,0,2,1270773,1269735,1038
43317601,302.762,268.518,1086,121180,0.859375,0,2,1270821,1269735,1086
43320521,270.917,234.953,1134,122640,0.873437,0,2,1270869,1269735,1134
43323441,243.052,205.584,1182,124100,0.886094,0,2,1270917,1269735,1182
43326361,218.67,179.886,1230,125560,0.897484,0,2,1270965,1269735,1230
43329281,197.337,157.4,1278,127020,0.907736,0,2,1271013,1269735,1278
43332201,178.67,137.725,1326,128480,0.916962,0,2,1271061,1269735,1326
43335121,162.336,120.51,1374,129940,0.925266,0,2,1271109,1269735,1374
43338041,148.044,105.446,1422,131400,0.932739,0,2,1271157,1269735,1422
43340961,135.538,92.2652,1470,132860,0.939465,0,2,1271205,1269735,1470
43343881,124.596,80.7321,1518,134320,0.943519,0,2,1271253,1269735,1518
43346801,115.022,70.6405,1566,135780,0.942167,0,2,1271301,1269735,1566
43349721,106.644,61.8105,1614,137240,0.93795,0,2,1271349,1269735,1614
43349721,96.3134,54.0842,1638,138700,0.930155,0,2,1271373,1269735,1638
43349721,87.2742,47.3236,1662,138700,0.92414,0,2,1271397,1269735,1662
43349721,79.365,41.4082,1686,138700,0.914726,0,2,1271421,1269735,1686
43349721,72.5693,36.2322,1711,126220,0.904253,0.83,2,1271446,1269735,1711
43349721,66.4982,31.7031,1735,125455,0.890828,0,2,1271470,1269735,1735
43349721,61.1859,27.7403,1759,125072,0.876745,0,2,1271494,1269735,1759
43349721,56.5377,24.2727,1783,123229,0.860071,0,2,1271518,1269735,1783
43349721,52.4705,21.2386,1807,121387,0.843064,0,2,1271542,1269735,1807
43349721,48.9116,18.5838,1831,119544,0.825757,0,2,1271566,1269735,1831
43349721,45.7977,16.2608,1855,117701,0.811181,0,2,1271590,1269735,1855
43349721,43.073,14.2282,1879,115858,0.797063,0,2,1271614,1269735,1879
43349721,40.6889,12.4497,1903,112556,0.785357,0,2,1271638,1269735,1903
43349721,38.6027,10.8935,1927,110713,0.775821,0,2,1271662,1269735,1927
43349721,36.7774,9.5318,1951,107410,0.768239,0,2,1271686,1269735,1951
43349721,35.1802,8.34032,1975,105567,0.760415,0,2,1271710,1269735,1975
43349721,33.7827,7.29778,1999,102264,0.754374,0,2,1271734,1269735,1999
43349721,32.5599,6.38556,2023,98962,0.749936,0,2,1271758,1269735,2023
43349721,31.4899,5.58737,2047,95560,0.746943,0,2,1271782,1269735,2047
43349721,30.5536,4.88894,2071,92640,0.745248,0,2,1271806,1269735,2071
43349721,29.7344,4.27783,2095,89720,0.744724,0,2,1271830,1269735,2095
43349721,29.0176,3.7431,2119,86800,0.745251,0,2,1271854,1269735,2119
43349721,28.3904,3.27521,2143,82420,0.746726,0,2,1271878,1269735,2143
43349721,27.8416,2.86581,2167,82420,0.749053,0,2,1271902,1269735,2167
43349721,27.3614,2.50758,2191,82420,0.752148,0,2,1271926,1269735,2191
43349721,26.9412,2.19414,2215,82420,0.747933,0,2,1271950,1269735,2215
43349721,26.5736,1.91987,2239,82420,0.74414,0,2,1271974,1269735,2239
43349721,26.2519,1.67988,2263,82420,0.741726,0,2,1271998,1269735,2263
43349721,25.9704,1.4699,2287,82420,0.738553,0,2,1272022,1269735,2287
43349721,25.7241,1.28616,2311,82420,0.734698,0,2,1272046,1269735,2311
43349721,25.5086,1.12539,2335,82420,0.732228,0,2,1272070,1269735,2335
43349721,25.32,0.984718,2359,82420,0.731005,0,2,1272094,1269735,2359
43349721,25.155,0.861628,2383,82420,0.729905,0,2,1272118,1269735,2383
43349721,25.0106,0.753925,2407,82420,0.727914,0,2,1272142,1269735,2407
43349721,24.8843,0.659684,2431,82420,0.726123,0,2,1272166,1269735,2431
43349721,24.7738,0.577223,2455,82420,0.724511,0,2,1272190,1269735,2455
43349721,24.677,0.505071,2479,82420,0.72206,0,2,1272214,1269735,2479
43349721,24.5924,0.441937,2503,82420,0.719854,0,2,1272238,1269735,2503
43349721,21.7684,0.386695,2505,70740,0.718868,0,2,1272240,1269735,2505
43349721,19.5473,0.338358,2509,69280,0.717981,0,2,1272244,1269735,2509
43349721,20.1039,0.296063,2533,69180,0.715183,0,2,1272268,1269735,2533
43349721,18.0909,0.259055,2537,68980,0.714665,0,2,1272272,1269735,2537
43349721,18.8296,0.226673,2561,66060,0.711199,0,2,1272296,1269735,2561
43349721,19.4759,0.198339,2585,65860,0.708079,0,2,1272320,1269735,2585
43349721,17.5414,0.173547,2589,64400,0.707271,0,2,1272324,1269735,2589
43349721,18.3487,0.151853,2613,64400,0.703544,0,2,1272348,1269735,2613
43349721,19.0551,0.132872,2637,64200,0.700189,0,2,1272372,1269735,2637
43374541,21.4605,102.583,1096,72200,0.705798,0.69,2,1272758,1271662,1096
43377461,21.7779,95.7603,1072,72320,0.713218,0.7,2,1272782,1271710,1072
43378921,22.0557,86.7903,1072,72200,0.717896,0.71,2,1272806,1271734,1072
43381841,22.2987,78.9415,1072,72320,0.724107,0.72,2,1272830,1271758,1072
43384761,22.5114,72.0738,1072,72200,0.727696,0.73,2,1272854,1271782,1072
43386221,22.6975,66.0646,1072,72320,0.732926,0.74,2,1272878,1271806,1072
43389141,22.8603,60.8065,1072,72200,0.735634,0.75,2,1272902,1271830,1072
43390601,23.0027,56.2057,1072,72320,0.74007,0.76,2,1272926,1271854,1072
43393521,23.1274,52.18,1072,72200,0.742063,0.77,2,1272950,1271878,1072
43394981,23.2365,48.6575,1072,72320,0.745857,0.78,2,1272974,1271902,1072
43397901,23.3319,45.5753,1072,72200,0.747271,0.71,2,1272998,1271926,1072
43399361,23.4154,42.8784,1072,72320,0.750544,0.71,2,1273022,1271950,1072
43402281,23.4885,40.5186,1072,72200,0.75149,0.72,2,1273046,1271974,1072
43403741,23.5524,38.4538,1072,72320,0.754341,0.71,2,1273070,1271998,1072
43406661,23.6084,36.647,1072,72200,0.754907,0.7,2,1273094,1272022,1072
43408121,23.6573,35.0662,1072,72320,0.757416,0.71,2,1273118,1272046,1072
43411041,23.7002,33.6829,1072,72200,0.757674,0.72,2,1273142,1272070,1072
43412501,23.7376,32.4725,1072,72320,0.759907,0.72,2,1273166,1272094,1072
43413961,23.7704,31.4135,1072,72200,0.759916,0.71,2,1273190,1272118,1072
43438781,23.7991,30.4868,1072,72320,0.761925,0.71,2,1273214,1272142,1072
43440241,23.8242,29.6759,1072,72200,0.761732,0.71,2,1273238,1272166,1072
43441701,23.8462,28.9664,1072,72320,0.763559,0.7,2,1273262,1272190,1072
43443161,23.8654,28.3456,1072,72200,0.763203,0.7,2,1273286,1272214,1072
43444621,23.8823,27.8024,1072,72320,0.764883,0.69,2,1273310,1272238,1072
43446081,23.897,28.0771,1066,72200,0.764394,0.68,2,1273334,1272268,1066
43447541,23.9099,28.0675,1062,72320,0.764955,0.68,2,1273358,1272296,1062
43449001,23.9211,27.5591,1062,72200,0.76346,0.67,2,1273382,1272320,1062
43451921,23.931,27.6142,1058,72320,0.764114,0.67,2,1273406,1272348,1058
43456401,23.9396,27.1624,1058,72200,0.762702,0.67,2,1273430,1272372,1058
43457861,23.9472,27.2671,1054,70860,0.761432,0.67,2,1273454,1272400,1054
43460981,23.8288,26.8587,1053,72320,0.762289,0.67,2,1273477,1272424,1053
43480321,23.8502,27.0014,1049,72320,0.76406,0.6,2,1273501,1272452,1049
43480321,23.8689,23.6262,1073,97820,0.787654,0,2,1273525,1272452,1073
43480321,23.8853,20.6729,1097,97820,0.808889,0,2,1273549,1272452,1097
43480321,23.8996,18.0888,1121,97820,0.828,0,2,1273573,1272452,1121
43480321,21.4122,15.8277,1125,97820,0.8452,0,2,1273577,1272452,1125
43483241,24.7356,37.0992,987,97820,0.86068,0.6,2,1273625,1272638,987
43486161,27.6437,32.4618,1035,99280,0.874612,0.77,2,1273673,1272638,1035
43488641,29.3132,28.4041,1076,100740,0.887151,0.76,2,1273714,1272638,1076
43488641,28.6491,24.8536,1100,102200,0.898436,0,2,1273738,1272638,1100
43488641,28.0679,21.7469,1124,102200,0.908592,0,2,1273762,1272638,1124
43488641,27.5595,19.0285,1148,102200,0.917733,0,2,1273786,1272638,1148
43488641,27.1145,16.65,1172,102200,0.925959,0,2,1273810,1272638,1172
43488641,26.7252,14.5687,1196,102200,0.933364,0,2,1273834,1272638,1196
43488641,25.5096,12.7476,1213,102200,0.940027,0,2,1273851,1272638,1213
43491561,28.3209,20.1542,1189,102200,0.946024,0.76,2,1273899,1272710,1189
43552881,46.8083,24.8384,1406,113880,0.94419,0.78,2,1274907,1273501,1406
43555801,46.9572,21.7336,1454,115340,0.931771,0.78,2,1274955,1273501,1454
43558721,47.0876,19.0169,1502,115340,0.916594,0.78,2,1275003,1273501,1502
43561641,47.2016,16.6398,1550,115340,0.895935,0.78,2,1275051,1273501,1550
43564561,47.3014,14.5598,1598,116800,0.873341,0.78,2,1275099,1273501,1598
43566021,47.3888,12.7399,1646,116800,0.848007,0.78,2,1275147,1273501,1646
43566021,44.4652,11.1474,1670,116800,0.822206,0,2,1275171,1273501,1670
43566021,41.907,9.75395,1694,116800,0.797986,0,2,1275195,1273501,1694
43566021,39.6686,8.53471,1718,89840,0.774187,0.58,2,1275219,1273501,1718
43566021,37.7101,7.46787,1742,89454,0.749768,0,2,1275243,1273501,1742
43566021,36.1213,6.53439,1767,89261,0.728792,0,2,1275268,1273501,1767
43566021,34.6061,5.71759,1791,89068,0.708912,0,2,1275292,1273501,1791
43566021,28.165,2.24527,1959,79620,0.592145,0,1,1275460,1273501,1959
43566021,27.6444,1.96461,1983,78160,0.576931,0,1,1275484,1273501,1983
43566021,27.1888,1.71904,2007,78160,0.562238,0,1,1275508,1273501,2007
43566021,26.7902,1.50416,2031,75240,0.550014,0,1,1275532,1273501,2031
43566021,26.4414,1.31614,2055,73780,0.540012,0,1,1275556,1273501,2055
43566021,26.1363,1.15162,2079,73780,0.532011,0,1,1275580,1273501,2079
43566021,25.8692,1.00767,2103,70860,0.52581,0,1,1275604,1273501,2103
43566021,25.6356,0.88171,2127,70860,0.521229,0,1,1275628,1273501,2127
43566021,25.4311,0.771496,2151,69400,0.518106,0,1,1275652,1273501,2151
43566021,25.2522,0.675059,2175,66480,0.516295,0,1,1275676,1273501,2175
43566021,25.0957,0.590677,2199,66480,0.515666,0,1,1275700,1273501,2199
43566021,24.9587,0.516842,2223,63560,0.516099,0,1,1275724,1273501,2223
43566021,24.8389,0.452237,2247,60640,0.517489,0,1,1275748,1273501,2247
43566021,24.734,0.395707,2271,60640,0.51974,0,1,1275772,1273501,2271
43566021,24.6423,0.346244,2295,57720,0.521766,0,1,1275796,1273501,2295
43566021,24.562,0.302963,2319,54800,0.52359,0,1,1275820,1273501,2319
43566021,24.4917,0.265093,2343,54800,0.525231,0,1,1275844,1273501,2343
43566021,24.4303,0.231956,2367,54800,0.526708,0,1,1275868,1273501,2367
43566021,24.3765,0.202962,2391,54800,0.528037,0,1,1275892,1273501,2391
43566021,24.3294,0.177592,2415,54800,0.529233,0,1,1275916,1273501,2415
43566021,24.2883,0.155393,2439,54800,0.53131,0,1,1275940,1273501,2439
43566021,24.2522,0.135969,2463,54800,0.533179,0,1,1275964,1273501,2463
43566021,24.2207,0.118972,2487,54800,0.534861,0,1,1275988,1273501,2487
43566021,24.1931,0.104101,2511,54800,0.536375,0,1,1276012,1273501,2511
43566021,24.169,0.0910883,2535,54800,0.537737,0,1,1276036,1273501,2535
43566021,24.1478,0.0797023,2559,54800,0.538964,0,1,1276060,1273501,2559
43566021,24.1294,0.0697395,2583,54800,0.540067,0,1,1276084,1273501,2583
43566021,24.1132,0.061022,2607,54800,0.541061,0,1,1276108,1273501,2607
43566021,24.099,0.0533943,2631,54800,0.541955,0,1,1276132,1273501,2631
43566021,22.7117,0.04672,2644,54800,0.541759,0,1,1276145,1273501,2644
43574781,22.8727,211.791,974,54120,0.539583,0.53,1,1276169,1275195,974
43577701,23.0136,191.317,950,60640,0.535625,0.54,1,1276193,1275243,950
43582081,23.1369,170.527,949,60640,0.530062,0.54,1,1276217,1275268,949
43582081,23.2448,149.211,973,59180,0.523056,0,1,1276241,1275268,973
43586461,23.3392,136.56,949,59180,0.514751,0.46,1,1276265,1275316,949
43586461,23.4218,119.49,973,57720,0.505275,0,1,1276289,1275316,973
43589381,23.4941,116.554,901,57720,0.494748,0.45,1,1276313,1275412,901
43593761,23.5573,104.985,901,57720,0.483273,0.46,1,1276337,1275436,901
43595221,23.6127,94.8615,901,57720,0.470946,0.44,1,1276361,1275460,901
43598141,23.6611,86.0038,901,57720,0.457851,0.43,1,1276385,1275484,901
43602521,23.7034,78.2533,901,57720,0.444066,0.44,1,1276409,1275508,901
43603981,23.7405,71.4717,901,57720,0.429659,0.45,1,1276433,1275532,901
43608361,23.7729,65.5377,901,57720,0.414694,0.46,1,1276457,1275556,901
43611281,23.8013,60.3455,901,57720,0.399224,0.47,1,1276481,1275580,901
43612741,23.8262,55.8023,901,57720,0.383302,0.48,1,1276505,1275604,901
43617121,23.8479,51.827,901,57720,0.366972,0.49,1,1276529,1275628,901
43618581,23.8669,48.3486,901,57720,0.350274,0.5,1,1276553,1275652,901
43621501,23.8835,45.3051,901,57720,0.333247,0.51,1,1276577,1275676,901
43622961,23.8981,42.6419,901,57720,0.315922,0.52,1,1276601,1275700,901
43627341,23.9108,40.3117,901,57720,0.29833,0.53,1,1276625,1275724,901
43628801,23.922,38.2727,901,57720,0.280497,0.54,1,1276649,1275748,901
43631721,23.8067,36.4886,900,57720,0.262447,0.54,1,1276672,1275772,900
43633181,23.8309,34.9276,900,57720,0.244203,0.54,1,1276696,1275796,900
43660241,23.852,33.5616,900,57720,0.225782,0,1,1276720,1275820,900
43660241,23.8705,29.3664,924,83220,0.207204,0,1,1276744,1275820,924
43660241,23.8867,25.6956,948,83220,0.188484,0,1,1276768,1275820,948
43660241,23.9009,22.4837,972,83220,0.169635,0,1,1276792,1275820,972
43660241,23.9133,19.6732,996,83220,0.152672,0,1,1276816,1275820,996
43660241,23.9241,17.214,1020,83220,0.137405,0,1,1276840,1275820,1020
43660241,23.9336,15.0623,1044,83220,0.123664,0,1,1276864,1275820,1044
43660241,23.9419,13.1795,1068,83220,0.111298,0,1,1276888,1275820,1068
43660241,23.9492,11.5321,1092,83220,0.100168,0,1,1276912,1275820,1092
43660241,23.9555,10.0906,1116,83220,0.0901512,0,1,1276936,1275820,1116
43660241,23.9611,8.82924,1140,83220,0.0811361,0,1,1276960,1275820,1140
43660241,23.9659,7.72559,1164,83220,0.0730225,0,1,1276984,1275820,1164
43660241,23.9702,6.75989,1188,83220,0.0657202,0,1,1277008,1275820,1188
43660241,22.5989,5.9149,1201,83220,0.0591482,0,1,1277021,1275820,1201
43663161,796.774,898.551,270,83220,0.144233,0,1,1283237,1282967,270
43666081,703.177,786.232,318,84680,0.22281,0,1,1283285,1282967,318
43669001,621.28,687.953,366,86140,0.295529,0,1,1283333,1282967,366
43671921,549.62,601.959,414,87600,0.362976,0,1,1283381,1282967,414
43674841,486.918,526.714,462,89060,0.425679,0,1,1283429,1282967,462
43677761,432.053,460.875,510,90520,0.483111,0,1,1283477,1282967,510
43680681,384.046,403.265,558,91980,0.5348,0,1,1283525,1282967,558
43683601,342.041,352.857,606,93440,0.58132,0,1,1283573,1282967,606
43695281,220.361,206.838,798,99280,0.725304,0,2,1283765,1282967,798
43698201,198.816,180.984,846,100740,0.752773,0,2,1283813,1282967,846
43701121,179.964,158.361,894,102200,0.777496,0,2,1283861,1282967,894
43704041,163.469,138.566,942,103660,0.799746,0,2,1283909,1282967,942
43706961,149.035,121.245,990,105120,0.819772,0,2,1283957,1282967,990
43709881,136.406,106.089,1038,106580,0.837795,0,2,1284005,1282967,1038
43712801,125.355,92.8281,1086,108040,0.854015,0,2,1284053,1282967,1086
43715721,115.686,81.2246,1134,109500,0.868614,0,2,1284101,1282967,1134
43718641,107.225,71.0715,1182,110960,0.881752,0,2,1284149,1282967,1182
43721561,99.8217,62.1876,1230,112420,0.893577,0,2,1284197,1282967,1230
43724481,93.344,54.4141,1278,113880,0.904219,0,2,1284245,1282967,1278
43727401,87.676,47.6124,1326,115340,0.913797,0,2,1284293,1282967,1326
43730321,82.7165,41.6608,1374,116800,0.922418,0,2,1284341,1282967,1374
43733241,78.3769,36.4532,1422,118260,0.930176,0,2,1284389,1282967,1422
43736161,74.5798,31.8966,1470,119720,0.937158,0,2,1284437,1282967,1470
43739081,71.2573,27.9095,1518,121180,0.943442,0,2,1284485,1282967,1518
43742001,68.3502,24.4208,1566,122640,0.949098,0,2,1284533,1282967,1566
43766821,50.3536,36.8158,1512,135780,0.942229,0,2,1284989,1283477,1512
43766821,47.0594,32.2138,1536,135780,0.929006,0,2,1285013,1283477,1536
43766821,44.302,28.1871,1561,126160,0.918105,0.81,2,1285038,1283477,1561
43766821,41.7643,24.6637,1585,125363,0.907295,0,2,1285062,1283477,1585
43766821,39.5437,21.5807,1609,124965,0.898565,0,2,1285086,1283477,1609
43766821,37.6008,18.8831,1633,123106,0.889709,0,2,1285110,1283477,1633
43766821,35.9007,16.5228,1657,121247,0.882738,0,2,1285134,1283477,1657
43766821,34.4131,14.4574,1681,119389,0.877464,0,2,1285158,1283477,1681
43766821,33.1114,12.6502,1705,117530,0.852718,0,2,1285182,1283477,1705
43766821,31.9725,11.069,1729,115672,0.826446,0,2,1285206,1283477,1729
43766821,30.9759,9.68533,1753,112353,0.800801,0,2,1285230,1283477,1753
43766821,30.104,8.47467,1777,110494,0.775721,0,2,1285254,1283477,1777
43766821,29.341,7.41533,1801,107176,0.752149,0,2,1285278,1283477,1801
43766821,28.6733,6.48842,1825,105317,0.731934,0,2,1285302,1283477,1825
43766821,28.0892,5.67737,1849,101999,0.714741,0,2,1285326,1283477,1849
43766821,27.578,4.96769,1873,101600,0.700267,0,2,1285350,1283477,1873
43766821,24.6306,0.875507,2185,63380,0.599358,0,1,1285662,1283477,2185
43766821,24.5518,0.766069,2209,61920,0.596423,0,1,1285686,1283477,2209
43766821,24.4828,0.67031,2233,61920,0.59278,0,1,1285710,1283477,2233
43766821,24.4224,0.586521,2257,59000,0.589502,0,1,1285734,1283477,2257
43766821,24.3696,0.513206,2281,59000,0.585552,0,1,1285758,1283477,2281
43766821,24.3234,0.449055,2305,59000,0.581997,0,1,1285782,1283477,2305
43766821,21.783,0.392923,2309,59000,0.580797,0,1,1285786,1283477,2309
43766821,22.0601,0.343808,2333,57540,0.576717,0,1,1285810,1283477,2333
43766821,20.5526,0.300832,2343,55020,0.575046,0,1,1285820,1283477,2343
43766821,20.9835,0.263228,2367,55020,0.572541,0,1,1285844,1283477,2367
43766821,21.3606,0.230324,2391,54400,0.570287,0,1,1285868,1283477,2391
43766821,19.1905,0.201534,2395,54400,0.568258,0,1,1285872,1283477,2395
43766821,19.7917,0.176342,2419,54400,0.564433,0,1,1285896,1283477,2419
43766821,20.3177,0.154299,2443,54200,0.560989,0,1,1285920,1283477,2443
43766821,18.278,0.135012,2447,54200,0.55989,0,1,1285924,1283477,2447
43766821,18.9933,0.118135,2471,54200,0.556901,0,1,1285948,1283477,2471
43766821,19.6191,0.103369,2495,54000,0.554211,0,1,1285972,1283477,2495
43766821,17.6667,0.0904475,2499,54000,0.55379,0,1,1285976,1283477,2499
43766821,18.4584,0.0791415,2523,54000,0.551411,0,1,1286000,1283477,2523
43766821,19.1511,0.0692489,2547,53800,0.54927,0,1,1286024,1283477,2547
43766821,17.2572,0.0605927,2551,53800,0.549343,0,1,1286028,1283477,2551
43766821,17.225,0.0530187,2568,53800,0.547409,0,1,1286045,1283477,2568
43772661,18.0719,192.046,1056,53600,0.543668,0.81,1,1286069,1285013,1056
43775581,18.8129,174.166,1031,65440,0.557301,0.81,1,1286093,1285062,1031
43778501,19.4613,158.395,1007,66560,0.571571,0.82,1,1286117,1285110,1007
43781421,20.0286,141.596,1007,65440,0.582414,0.83,1,1286141,1285134,1007
43784341,20.5251,126.896,1007,66560,0.594172,0.59,1,1286165,1285158,1007
43900281,25.8059,12.8927,1048,96360,0.726764,0.68,2,1287138,1286090,1048
43903201,28.5801,11.6561,1093,97820,0.754088,0.68,2,1287186,1286093,1093
43906121,31.0076,16.1991,1093,99280,0.778679,0.68,2,1287234,1286141,1093
43909041,33.1317,20.1742,1093,99280,0.800811,0.68,2,1287282,1286189,1093
43911961,34.9902,23.6524,1093,100740,0.82073,0.68,2,1287330,1286237,1093
43914881,36.6164,26.6959,1093,100740,0.838657,0.68,2,1287378,1286285,1093
43917801,38.0394,29.3589,1093,100740,0.854791,0.68,2,1287426,1286333,1093
43920721,39.2845,31.689,1093,102200,0.869312,0.68,2,1287474,1286381,1093
43923641,40.3739,33.7279,1093,102200,0.882381,0.68,2,1287522,1286429,1093
43926561,41.3272,35.5119,1093,102200,0.894143,0.68,2,1287570,1286477,1093
43929481,42.1613,37.0729,1093,103660,0.904728,0.68,2,1287618,1286525,1093
43932401,42.8911,38.4388,1093,103660,0.914256,0.68,2,1287666,1286573,1093
43935321,43.5297,39.634,1093,103660,0.92283,0.68,2,1287714,1286621,1093
43938241,44.0885,40.6797,1093,105120,0.930547,0.68,2,1287762,1286669,1093
43941161,44.5774,41.5948,1093,105120,0.937492,0.68,2,1287810,1286717,1093
43944081,45.0053,42.3954,1093,105120,0.943743,0.68,2,1287858,1286765,1093
43947001,45.3796,43.096,1093,106580,0.949369,0.68,2,1287906,1286813,1093
43973281,47.2122,29.9386,1248,110960,0.938505,0.71,2,1288338,1287090,1248
43976201,47.3106,26.1963,1296,110960,0.911655,0.71,2,1288386,1287090,1296
43979121,47.3968,22.9218,1344,112420,0.883489,0.71,2,1288434,1287090,1344
43982041,47.4722,20.0565,1392,112420,0.85114,0.71,2,1288482,1287090,1392
43984961,47.5382,17.5495,1440,112420,0.818026,0.71,2,1288530,1287090,1440
43987881,47.5959,15.3558,1488,113880,0.783224,0.71,2,1288578,1287090,1488
43990801,47.6464,13.4363,1536,113880,0.747901,0.71,2,1288626,1287090,1536
43990801,44.6906,11.7568,1560,113880,0.713111,0,2,1288650,1287090,1560
43990801,36.1285,6.89161,1656,70660,0.590253,0,1,1288746,1287090,1656
43990801,34.7374,6.03016,1681,70660,0.565228,0,1,1288771,1287090,1681
43990801,33.3952,5.27639,1705,70660,0.543705,0,1,1288795,1287090,1705
43990801,32.2208,4.61684,1729,70660,0.522335,0,1,1288819,1287090,1729
43990801,31.1932,4.03973,1753,69200,0.502101,0,1,1288843,1287090,1753
43990801,30.2941,3.53477,1777,69200,0.484891,0,1,1288867,1287090,1777
43990801,29.5073,3.09292,1801,67740,0.468402,0,1,1288891,1287090,1801
43990801,28.8189,2.70631,1825,66280,0.454562,0,1,1288915,1287090,1825
43990801,28.2165,2.36802,1849,66280,0.440106,0,1,1288939,1287090,1849
43990801,27.6895,2.07202,1873,64820,0.426095,0,1,1288963,1287090,1873
43990801,27.2283,1.81301,1897,64820,0.414486,0,1,1288987,1287090,1897
43990801,26.8247,1.58639,1921,63360,0.404037,0,1,1289011,1287090,1921
43990801,26.4717,1.38809,1945,60440,0.395633,0,1,1289035,1287090,1945
43990801,26.1627,1.21458,1969,60440,0.38907,0,1,1289059,1287090,1969
43990801,25.8924,1.06276,1993,58980,0.384163,0,1,1289083,1287090,1993
43990801,25.6558,0.929911,2017,58980,0.380747,0,1,1289107,1287090,2017
43990801,25.4488,0.813672,2041,56060,0.378672,0,1,1289131,1287090,2041
43990801,25.2677,0.711963,2065,54600,0.377805,0,1,1289155,1287090,2065
43990801,25.1093,0.622967,2089,54600,0.377024,0,1,1289179,1287090,2089
43990801,24.9706,0.545097,2113,51680,0.376322,0,1,1289203,1287090,2113
43990801,24.8493,0.476959,2137,51680,0.37569,0,1,1289227,1287090,2137
43990801,24.7431,0.41734,2161,48760,0.375121,0,1,1289251,1287090,2161
43990801,24.6502,0.365172,2185,45840,0.374609,0,1,1289275,1287090,2185
43990801,24.569,0.319526,2209,45840,0.374148,0,1,1289299,1287090,2209
43990801,24.4978,0.279585,2233,44380,0.373733,0,1,1289323,1287090,2233
43990801,24.4356,0.244637,2257,42920,0.37336,0,1,1289347,1287090,2257
43990801,22.6312,0.214057,2267,42920,0.372024,0,1,1289357,1287090,2267
43999561,22.8023,201.187,683,40580,0.368821,0.35,1,1289381,1288698,683
43999561,22.952,176.039,707,41460,0.363939,0,1,1289405,1288698,707
44003941,23.083,160.034,683,41460,0.357545,0.35,1,1289429,1288746,683
44003941,23.1976,140.03,707,40000,0.349791,0,1,1289453,1288746,707
44006861,23.2979,128.651,682,40000,0.340812,0.33,1,1289477,1288795,682
44011241,23.3857,115.57,682,40000,0.330731,0.33,1,1289501,1288819,682
44011241,23.4625,101.123,706,38540,0.319657,0,1,1289525,1288819,706
44015621,23.5297,94.483,682,38540,0.307692,0.33,1,1289549,1288867,682
44015621,23.5884,82.6727,706,37080,0.294923,0,1,1289573,1288867,706
44018541,23.6399,78.3386,682,37080,0.28143,0.31,1,1289597,1288915,682
44020001,23.6849,71.5462,682,37080,0.267287,0.3,1,1289621,1288939,682
44024381,23.7243,65.603,682,37080,0.252559,0.31,1,1289645,1288963,682
44028761,23.7588,60.4026,682,37080,0.237303,0.32,1,1289669,1288987,682
44028761,23.7889,52.8523,706,35620,0.221572,0,1,1289693,1288987,706
44030221,23.8153,52.2457,682,35620,0.205415,0.33,1,1289717,1289035,682
44033141,23.8384,48.715,682,35620,0.188874,0.34,1,1289741,1289059,682
44037521,23.8586,45.6256,682,35620,0.171986,0.35,1,1289765,1289083,682
44038981,23.8763,42.9224,682,35620,0.154788,0.36,1,1289789,1289107,682
44043361,23.8917,40.5571,682,35620,0.139309,0.37,1,1289813,1289131,682
44044821,23.9053,38.4875,682,35620,0.125378,0.37,1,1289837,1289155,682
44047741,23.9171,36.6766,682,35620,0.11284,0.37,1,1289861,1289179,682
44049201,23.9275,35.092,682,35620,0.101556,0.37,1,1289885,1289203,682
44053581,23.9365,33.7055,682,35620,0.0914006,0.37,1,1289909,1289227,682
44056501,23.9445,32.4923,682,35620,0.0822605,0.37,1,1289933,1289251,682
44060881,23.8264,31.4308,681,35620,0.0740345,0.37,1,1289956,1289275,681
44065841,23.8481,30.5019,681,35620,0.066631,0,1,1289980,1289299,681
44065841,23.8671,26.6892,705,78840,0.0599679,0,1,1290004,1289299,705
44065841,22.1337,23.353,715,78840,0.0539711,0,1,1290014,1289299,715
44068761,422.117,478.809,270,78840,0.133574,0,1,1293236,1292966,270
44071681,375.352,418.958,318,80300,0.207217,0,1,1293284,1292966,318
44074601,334.433,366.588,366,81760,0.275495,0,1,1293332,1292966,366
44077521,298.629,320.765,414,81760,0.336945,0,1,1293380,1292966,414
44080441,267.301,280.669,462,83220,0.394251,0,1,1293428,1292966,462
44083361,239.888,245.585,510,83220,0.445826,0,1,1293476,1292966,510
44086281,215.902,214.887,558,83220,0.492243,0,1,1293524,1292966,558
44089201,194.914,188.026,606,84680,0.536019,0,1,1293572,1292966,606
44092121,176.55,164.523,654,84680,0.575417,0,1,1293620,1292966,654
44103801,123.354,96.4404,846,86140,0.702778,0,2,1293812,1292966,846
44106721,113.934,84.3853,894,86140,0.7275,0,2,1293860,1292966,894
44109641,105.693,73.8372,942,87600,0.75175,0,2,1293908,1292966,942
44112561,98.481,64.6075,990,87600,0.773575,0,2,1293956,1292966,990
44115481,92.1709,56.5316,1038,87600,0.793218,0,2,1294004,1292966,1038
44118401,86.6495,49.4651,1086,87600,0.810896,0,2,1294052,1292966,1086
44121321,81.8183,43.282,1134,89060,0.828806,0,2,1294100,1292966,1134
44124241,77.5911,37.8717,1182,89060,0.844926,0,2,1294148,1292966,1182
44127161,73.8922,33.1378,1230,89060,0.856433,0,2,1294196,1292966,1230
44130081,70.6557,28.9955,1278,89060,0.86879,0,2,1294244,1292966,1278
44133001,67.8237,25.3711,1326,89060,0.880911,0,2,1294292,1292966,1326
44135921,65.3457,22.1997,1374,90520,0.89282,0,2,1294340,1292966,1374
44138841,63.1775,19.4248,1422,90520,0.903538,0,2,1294388,1292966,1422
44141761,61.2803,16.9967,1470,90520,0.913184,0,2,1294436,1292966,1470
44144681,59.6203,14.8721,1518,90520,0.921866,0.85,2,1294484,1292966,1518
44147601,58.1678,46.7631,1296,90520,0.929679,0.85,2,1294532,1293236,1296
44150521,56.8968,40.9177,1344,91980,0.936711,0.87,2,1294580,1293236,1344
44153441,55.7847,41.803,1344,91980,0.94304,0.89,2,1294628,1293284,1344
44156361,54.8116,42.5776,1344,91980,0.948736,0.89,2,1294676,1293332,1344
44208921,48.6157,38.9975,1488,97820,0.940824,0.99,2,1295540,1294052,1488
44211841,48.5388,40.1228,1488,97820,0.920742,0.99,2,1295588,1294100,1488
44214761,48.4714,41.1075,1488,99280,0.898668,0.96,2,1295636,1294148,1488
44217681,48.4125,41.969,1488,99280,0.874801,0.98,2,1295684,1294196,1488
44220601,48.3609,42.7229,1488,99280,0.848321,0.99,2,1295732,1294244,1488
44223521,48.3158,43.3825,1488,100740,0.820489,1,2,1295780,1294292,1488
44226441,48.2763,43.9597,1488,100740,0.83844,1,2,1295828,1294340,1488
44227901,48.2418,44.4648,1488,100740,0.854596,1,2,1295876,1294388,1488
44227901,45.2116,38.9067,1512,100740,0.869136,0,2,1295900,1294388,1512
44227901,42.5601,34.0433,1536,100740,0.882223,0,2,1295924,1294388,1536
44227901,40.2401,29.7879,1560,98880,0.894,1,2,1295948,1294388,1560
44227901,38.2101,26.0644,1584,97942,0.9036,0,2,1295972,1294388,1584
44227901,36.4338,22.8064,1608,97473,0.91324,0,2,1295996,1294388,1608
44227901,34.8796,19.9556,1632,97004,0.918916,0,2,1296020,1294388,1632
44227901,33.5197,17.4611,1656,96535,0.925025,0,2,1296044,1294388,1656
44227901,32.3297,15.2785,1680,96066,0.929522,0,2,1296068,1294388,1680
44227901,31.4135,13.3687,1705,95597,0.93257,0,2,1296093,1294388,1705
44227901,30.4868,11.6976,1729,95127,0.934313,0,2,1296117,1294388,1729
44227901,29.6759,10.2354,1753,94658,0.936882,0,2,1296141,1294388,1753
44227901,28.9665,8.95597,1777,92729,0.935193,0,2,1296165,1294388,1777
44227901,28.3456,7.83647,1801,92260,0.932674,0,2,1296189,1294388,1801
44227901,27.8024,6.85691,1825,91791,0.931407,0,2,1296213,1294388,1825
44227901,27.3271,5.9998,1849,91322,0.927266,0,2,1296237,1294388,1849
44227901,26.9112,5.24982,1873,90853,0.92454,0,2,1296261,1294388,1873
44227901,26.5473,4.5936,1897,88923,0.921086,0,2,1296285,1294388,1897
44227901,26.2289,4.0194,1921,88454,0.916977,0,2,1296309,1294388,1921
44227901,25.9503,3.51697,1945,86525,0.911279,0,2,1296333,1294388,1945
44227901,25.7065,3.07735,1969,86056,0.906151,0,2,1296357,1294388,1969
44227901,25.4932,2.69268,1993,84127,0.900536,0,2,1296381,1294388,1993
44227901,25.3066,2.3561,2017,83658,0.896483,0,2,1296405,1294388,2017
44227901,25.1432,2.06158,2041,83189,0.893834,0,2,1296429,1294388,2041
44227901,25.0003,1.80389,2065,82720,0.890451,0,2,1296453,1294388,2065
44227901,24.8753,1.5784,2089,82250,0.887406,0,2,1296477,1294388,2089
44227901,24.7659,1.3811,2113,81781,0.884665,0,2,1296501,1294388,2113
44227901,24.6701,1.20846,2137,81312,0.880199,0,2,1296525,1294388,2137
44227901,24.5864,1.05741,2161,80843,0.876179,0,2,1296549,1294388,2161
44227901,24.5131,0.925229,2185,80374,0.872561,0,2,1296573,1294388,2185
44227901,24.4489,0.809576,2209,78445,0.869305,0,2,1296597,1294388,2209
44227901,24.3928,0.708379,2233,77976,0.864374,0,2,1296621,1294388,2233
44227901,24.3437,0.619831,2257,77506,0.859937,0,2,1296645,1294388,2257
44227901,23.4258,0.542352,2274,75577,0.855943,0,2,1296662,1294388,2274
44227901,23.4975,0.474558,2298,75237,0.850349,0,2,1296686,1294388,2298
44227901,23.5603,0.415239,2322,74768,0.845314,0,2,1296710,1294388,2322
44227901,23.6153,0.363334,2346,74298,0.838783,0,2,1296734,1294388,2346
44227901,23.6634,0.317917,2370,73829,0.832904,0,2,1296758,1294388,2370
44227901,23.7055,0.278177,2394,73360,0.827614,0,2,1296782,1294388,2394
44227901,23.7423,0.243405,2418,72891,0.820853,0,2,1296806,1294388,2418
44227901,23.7745,0.21298,2442,70080,0.812767,0,2,1296830,1294388,2442
44227901,23.8027,0.186357,2466,70080,0.805491,0,2,1296854,1294388,2466
44227901,23.8273,0.163063,2490,70080,0.797942,0,2,1296878,1294388,2490
44227901,23.8489,0.14268,2514,69260,0.791147,0,2,1296902,1294388,2514
44227901,23.8678,0.124845,2538,69260,0.785033,0,2,1296926,1294388,2538
44227901,23.8843,0.109239,2562,69260,0.779529,0,2,1296950,1294388,2562
44227901,23.8988,0.0955842,2586,69260,0.769576,0,2,1296974,1294388,2586
44227901,23.9114,0.0836362,2610,69260,0.761619,0,2,1296998,1294388,2610
44227901,23.9225,0.0731817,2634,69260,0.753457,0,2,1297022,1294388,2634
44227901,23.9322,0.064034,2658,69260,0.745111,0,2,1297046,1294388,2658
44227901,23.9407,0.0560297,2682,69260,0.7386,0,2,1297070,1294388,2682
44227901,23.9481,0.049026,2706,69260,0.73374,0,2,1297094,1294388,2706
44227901,23.9546,0.0428978,2730,69260,0.730366,0,2,1297118,1294388,2730
44227901,23.9603,0.0375355,2754,69260,0.728329,0,2,1297142,1294388,2754
44227901,23.9652,0.0328436,2778,69260,0.727497,0,2,1297166,1294388,2778
44227901,23.9696,0.0287381,2802,69260,0.726747,0,2,1297190,1294388,2802
44227901,23.9734,0.0251459,2826,69260,0.726072,0,2,1297214,1294388,2826
44227901,23.9767,0.0220026,2850,69260,0.725465,0,2,1297238,1294388,2850
44227901,23.9796,0.0192523,2874,69260,0.724918,0,2,1297262,1294388,2874
44227901,23.9822,0.0168458,2898,69260,0.724427,0,2,1297286,1294388,2898
44227901,23.9844,0.0147401,2922,69260,0.723984,0,2,1297310,1294388,2922
44227901,23.9863,0.0128975,2946,69260,0.723586,0,2,1297334,1294388,2946
44227901,23.9881,0.0112854,2970,69260,0.723227,0,2,1297358,1294388,2970
44242501,23.9895,192.01,1458,69260,0.722904,0.92,2,1297382,1295924,1458
44242501,23.9909,168.009,1482,70080,0.722614,0,2,1297406,1295924,1482
44242501,23.992,147.008,1506,69260,0.722353,0,2,1297430,1295924,1506
44242501,23.993,128.632,1530,67800,0.722117,0,2,1297454,1295924,1530
44242501,23.9939,112.553,1554,67800,0.721906,0,2,1297478,1295924,1554
44242501,23.9946,98.4836,1578,67800,0.721715,0,2,1297502,1295924,1578
44251261,23.9953,116.298,1361,67800,0.721543,0.9,2,1297526,1296165,1361
44251261,23.9959,101.761,1385,70080,0.723389,0,2,1297550,1296165,1385
44251261,23.9964,89.0408,1409,69260,0.72505,0,2,1297574,1296165,1409
44255641,23.9969,89.9107,1337,69260,0.726545,0.88,2,1297598,1296261,1337
44260021,23.9972,84.6718,1313,70080,0.727891,0.85,2,1297622,1296309,1313
44260021,23.9976,74.0879,1337,70080,0.729102,0,2,1297646,1296309,1337
44274621,23.9979,73.8269,1289,69260,0.730191,0.84,2,1297670,1296381,1289
44274621,23.9982,64.5985,1313,70080,0.731172,0,2,1297694,1296381,1313
44274621,23.9984,56.5237,1337,69260,0.732055,0,2,1297718,1296381,1337
44274621,23.9986,49.4582,1361,69260,0.73285,0,2,1297742,1296381,1361
44274621,23.9988,43.276,1385,69260,0.734565,0,2,1297766,1296381,1385
44274621,23.9989,37.8665,1409,69260,0.736108,0,2,1297790,1296381,1409
44280461,23.9991,57.1332,1241,69260,0.737497,0.82,2,1297814,1296573,1241
44280461,23.9992,49.9915,1265,70080,0.738748,0,2,1297838,1296573,1265
44328241,23.8743,52.7426,1216,69260,0.739873,0.72,2,1297861,1296645,1216
44328241,23.89,46.1497,1240,41520,0.740886,0,2,1297885,1296645,1240
44328241,23.9037,40.381,1264,41520,0.741797,0,2,1297909,1296645,1264
44328241,23.9158,35.3334,1288,41520,0.742617,0,2,1297933,1296645,1288
44328241,23.9263,30.9167,1312,41520,0.743356,0,2,1297957,1296645,1312
44328241,22.3105,27.0521,1323,41520,0.74402,0,2,1297968,1296645,1323
44328241,22.5217,23.6706,1347,41520,0.742618,0,2,1297992,1296645,1347
44328241,22.7065,20.7118,1371,41520,0.739356,0,2,1298016,1296645,1371
44328241,22.8682,18.1228,1395,41520,0.734421,0,2,1298040,1296645,1395
44328241,23.0097,15.8575,1419,41520,0.727979,0,2,1298064,1296645,1419
44328241,23.1334,13.8753,1443,41520,0.720181,0,2,1298088,1296645,1443
44328241,23.2418,12.1409,1467,41520,0.711163,0,2,1298112,1296645,1467
44328241,23.3365,10.6233,1491,41520,0.701046,0,2,1298136,1296645,1491
44328241,23.772,3.65025,1683,41520,0.591708,0,1,1298328,1296645,1683
44328241,23.8005,3.19397,1707,41520,0.575538,0,1,1298352,1296645,1707
44328241,23.8255,2.79472,1731,41520,0.558984,0,1,1298376,1296645,1731
44328241,23.8473,2.44538,1755,41520,0.542085,0,1,1298400,1296645,1755
44328241,23.8664,2.13971,1779,41520,0.524877,0,1,1298424,1296645,1779
44358081,23.8831,87.9972,1114,41520,0.507389,0.72,1,1298448,1297334,1114
44358081,23.8977,76.9976,1138,71540,0.53765,0,1,1298472,1297334,1138
44358081,23.9105,67.3729,1162,71540,0.562885,0,1,1298496,1297334,1162
44361001,26.9217,67.9513,1138,71540,0.581597,0.72,1,1298544,1297406,1138
44381441,39.7226,54.0762,1162,77380,0.702869,0.75,2,1298880,1297718,1162
44384361,40.7573,53.3167,1162,78840,0.716582,0.75,2,1298928,1297766,1162
44387281,41.6626,52.6521,1162,78840,0.724924,0.75,2,1298976,1297814,1162
44390201,42.4548,51.9456,1163,78840,0.728431,0.75,2,1299024,1297861,1163
44393121,43.148,51.4524,1163,80300,0.727588,0.75,2,1299072,1297909,1163
44396041,43.7545,51.0209,1163,80300,0.740829,0.35,2,1299120,1297957,1163
44398961,44.2852,106.018,720,80300,0.752746,0.35,2,1299168,1298448,720
44401881,44.7495,92.766,768,81760,0.765472,0.35,2,1299216,1298448,768
44404801,45.1558,81.1702,816,81760,0.776925,0.35,2,1299264,1298448,816
44407721,45.5113,71.0239,864,81760,0.787232,0.35,2,1299312,1298448,864
44410641,45.8224,62.146,912,83220,0.798509,0.35,2,1299360,1298448,912
44413561,46.0946,54.3777,960,83220,0.808658,0.35,2,1299408,1298448,960
44416481,46.3328,47.5805,1008,83220,0.817792,0.35,2,1299456,1298448,1008
44419401,46.5412,41.6329,1056,83220,0.826013,0.35,2,1299504,1298448,1056
44422321,46.7235,36.4288,1104,84680,0.835412,0.35,2,1299552,1298448,1104
44425241,46.8831,31.8752,1152,84680,0.843871,0.35,2,1299600,1298448,1152
44428161,47.0227,27.8908,1200,84680,0.851483,0.35,2,1299648,1298448,1200
44431081,47.1449,24.4045,1248,86140,0.860335,0.75,2,1299696,1298448,1248
44434001,47.2518,33.3539,1200,86140,0.868302,0.77,2,1299744,1298544,1200
44436921,47.3453,35.1847,1200,86140,0.875471,0.77,2,1299792,1298592,1200
44439841,47.4271,30.7866,1248,86140,0.881924,0.79,2,1299840,1298592,1248
44442761,47.4987,32.9383,1248,87600,0.889732,0.81,2,1299888,1298640,1248
44445681,47.5614,34.821,1248,87600,0.895759,0.81,2,1299936,1298688,1248
44448601,47.6162,36.4684,1248,87600,0.901183,0.81,2,1299984,1298736,1248
44451521,47.6642,31.9098,1296,87600,0.906065,0.83,2,1300032,1298736,1296
44454441,47.7062,33.9211,1296,89060,0.912458,0.83,2,1300080,1298784,1296
44457361,47.7429,35.6809,1296,89060,0.918212,0.83,2,1300128,1298832,1296
44458961,45.15,37.2208,1275,89060,0.925391,0.72,2,1300155,1298880,1275
44461881,45.5063,57.0682,1127,89060,0.931852,0.72,2,1300203,1299076,1127
44464801,45.818,49.9347,1175,90520,0.938667,0.72,2,1300251,1299076,1175
44467721,46.0907,43.6929,1223,90520,0.9448,0.72,2,1300299,1299076,1223
44482321,47.0207,37.8714,1323,91980,0.947675,0.88,2,1300539,1299216,1323
44485241,47.1431,39.1375,1323,91980,0.937907,0.88,2,1300587,1299264,1323
44488161,47.2502,40.2453,1323,91980,0.925117,0.88,2,1300635,1299312,1323
44491081,47.344,35.2146,1371,93440,0.909605,0.9,2,1300683,1299312,1371
44494001,47.426,36.8128,1371,93440,0.891645,0.9,2,1300731,1299360,1371
44496921,47.4977,38.2112,1371,93440,0.87148,0.9,2,1300779,1299408,1371
44499841,47.5605,39.4348,1371,93440,0.849332,0.9,2,1300827,1299456,1371
44502761,47.6154,40.5054,1371,93440,0.825399,0.92,2,1300875,1299504,1371
44505681,47.6635,41.4423,1371,93440,0.799859,0.92,2,1300923,1299552,1371
44508601,47.7056,42.262,1371,94900,0.772873,0.92,2,1300971,1299600,1371
44511521,47.7424,42.9792,1371,94900,0.744586,0.92,2,1301019,1299648,1371
44514441,47.7746,37.6068,1419,94900,0.715127,0.94,2,1301067,1299648,1419
44526121,47.8679,41.9077,1419,94900,0.587754,0.96,1,1301259,1299840,1419
44529041,47.8844,42.6693,1419,94900,0.553979,0.95,1,1301307,1299888,1419
44531961,47.8988,43.3356,1419,96360,0.519581,0.95,1,1301355,1299936,1419
44534881,47.9115,43.9186,1419,96360,0.484623,0.95,1,1301403,1299984,1419
44537801,47.9225,44.4288,1419,96360,0.44616,0.95,1,1301451,1300032,1419
44540721,47.9322,38.8752,1467,96360,0.407544,0.97,1,1301499,1300032,1467
44543641,47.9407,40.0158,1467,96360,0.36879,0.97,1,1301547,1300080,1467
44546561,47.9481,41.0138,1467,96360,0.331911,0.99,1,1301595,1300128,1467
44549481,47.9546,39.2621,1488,96360,0.29872,0.99,1,1301643,1300155,1488
44552401,47.9603,40.3543,1488,96360,0.268848,1,1,1301691,1300203,1488
44555321,47.9652,41.31,1488,96360,0.241963,1,1,1301739,1300251,1488
44556781,47.9696,42.1463,1488,96360,0.217767,1,1,1301787,1300299,1488
44556781,44.9734,36.878,1512,96360,0.19599,0,1,1301811,1300299,1512
44556781,40.9767,32.2683,1525,96360,0.176391,0,1,1301824,1300299,1525
44561921,66.6046,218.86,246,1460,0.158752,0,1,1302070,1301824,246
44564841,203.904,334.127,270,68620,0.213877,0,1,1303235,1302965,270
44567761,184.416,292.361,318,70080,0.265489,0,1,1303283,1302965,318
44570681,167.364,255.816,366,71540,0.31394,0,1,1303331,1302965,366
44573601,152.444,223.839,414,73000,0.359546,0,1,1303379,1302965,414
44576521,139.388,195.859,462,73000,0.400592,0,1,1303427,1302965,462
44579441,127.965,171.377,510,73000,0.437532,0,1,1303475,1302965,510
44582361,117.969,149.955,558,73000,0.470779,0,1,1303523,1302965,558
44585281,109.223,131.21,606,74460,0.502701,0,1,1303571,1302965,606
44588201,101.57,114.809,654,74460,0.531431,0,1,1303619,1302965,654
44591121,94.8738,100.458,702,74460,0.557288,0,1,1303667,1302965,702
44594041,89.0145,87.9007,750,74460,0.580559,0,1,1303715,1302965,750
44617401,62.093,30.2035,1134,77380,0.712277,0,2,1304099,1302965,1134
44620321,60.3313,26.428,1182,77380,0.721049,0,2,1304147,1302965,1182
44623241,58.7899,23.1245,1230,77380,0.724944,0,2,1304195,1302965,1230
44626161,57.4412,20.234,1278,77380,0.72445,0,2,1304243,1302965,1278
44629081,56.261,17.7047,1326,77380,0.720005,0,2,1304291,1302965,1326
44632001,55.2284,15.4916,1374,77380,0.712004,0.71,2,1304339,1302965,1374
44634921,54.3249,47.3052,1152,77380,0.700804,0.73,2,1304387,1303235,1152
44652441,50.8386,44.1711,1200,78840,0.582253,0.77,1,1304675,1303475,1200
44655361,50.4837,44.6497,1200,78840,0.556027,0.77,1,1304723,1303523,1200
44658281,50.1733,39.0685,1248,78840,0.528425,0.79,1,1304771,1303523,1248
44661201,49.9016,40.1849,1248,78840,0.499582,0.79,1,1304819,1303571,1248
44664121,49.6639,41.1618,1248,78840,0.469624,0.79,1,1304867,1303619,1248
44667041,49.4559,42.0166,1248,78840,0.438661,0.79,1,1304915,1303667,1248
44669961,49.2739,42.7645,1248,78840,0.406795,0.79,1,1304963,1303715,1248
44672881,49.1147,43.4189,1248,78840,0.374116,0.81,1,1305011,1303763,1248
44675801,48.9754,43.9916,1248,78840,0.340704,0.81,1,1305059,1303811,1248
44678721,48.8534,44.4926,1248,78840,0.306634,0.81,1,1305107,1303859,1248
44681641,48.7468,44.9311,1248,80300,0.27597,0.81,1,1305155,1303907,1248
44684561,48.6534,45.3147,1248,80300,0.248373,0.81,1,1305203,1303955,1248
44687481,48.5717,45.6503,1248,80300,0.223536,0.81,1,1305251,1304003,1248
44690401,48.5003,45.944,1248,80300,0.201182,0.81,1,1305299,1304051,1248
44692961,47.6877,40.201,1290,80300,0.181064,0,1,1305341,1304051,1290
44695881,371.352,492.301,270,80300,0.249958,0,1,1307978,1307708,270
44698801,330.933,430.763,318,81760,0.313962,0,1,1308026,1307708,318
44701721,295.566,376.918,366,83220,0.373566,0,1,1308074,1307708,366
44704641,264.62,329.803,414,84680,0.429209,0,1,1308122,1307708,414
44707561,237.543,288.578,462,86140,0.481288,0,1,1308170,1307708,462
44710481,213.85,252.506,510,87600,0.530159,0,1,1308218,1307708,510
44713401,193.119,220.942,558,89060,0.576144,0,1,1308266,1307708,558
44725081,133.066,129.512,750,93440,0.721908,0,2,1308458,1307708,750
44728001,122.433,113.323,798,93440,0.749717,0,2,1308506,1307708,798
44730921,113.129,99.1579,846,94900,0.774745,0,2,1308554,1307708,846
44733841,104.988,86.7632,894,96360,0.797271,0,2,1308602,1307708,894
44736761,97.8641,75.9178,942,97820,0.817544,0,2,1308650,1307708,942
44739681,91.6311,66.428,990,97820,0.835789,0,2,1308698,1307708,990
44742601,86.1772,58.1245,1038,99280,0.85221,0,2,1308746,1307708,1038
44745521,81.4051,50.859,1086,100740,0.866989,0,2,1308794,1307708,1086
44748441,77.2294,44.5016,1134,100740,0.88029,0,2,1308842,1307708,1134
44751361,73.5757,38.9389,1182,102200,0.892261,0,2,1308890,1307708,1182
44754281,70.3788,34.0715,1230,103660,0.903035,0,2,1308938,1307708,1230
44757201,67.5814,29.8126,1278,103660,0.912732,0,2,1308986,1307708,1278
44760121,65.1337,26.086,1326,105120,0.921458,0,2,1309034,1307708,1326
44763041,62.992,22.8253,1374,106580,0.929313,0,2,1309082,1307708,1374
44765961,61.118,19.9721,1422,106580,0.936381,0,2,1309130,1307708,1422
44768881,59.4783,17.4756,1470,108040,0.942743,0,2,1309178,1307708,1470
44771801,58.0435,15.2911,1518,109500,0.948469,0,2,1309226,1307708,1518
44806841,30.0463,8.65478,1753,114501,0.945325,0,2,1310067,1308314,1753
44806841,29.2906,7.57293,1777,112572,0.933792,0,2,1310091,1308314,1777
44806841,28.6292,6.62631,1801,110642,0.920413,0,2,1310115,1308314,1801
44806841,28.0506,5.79802,1825,107252,0.909372,0,2,1310139,1308314,1825
44806841,27.5443,5.07327,1849,106782,0.897435,0,2,1310163,1308314,1849
44806841,27.1012,4.43911,1873,104852,0.882691,0,2,1310187,1308314,1873
44806841,26.7136,3.88422,1897,101462,0.868422,0,2,1310211,1308314,1897
44806841,26.3744,3.3987,1921,100992,0.85658,0,2,1310235,1308314,1921
44806841,26.0776,2.97386,1945,100522,0.841922,0,2,1310259,1308314,1945
44806841,25.8179,2.60213,1969,100052,0.82673,0,2,1310283,1308314,1969
44806841,25.5906,2.27686,1993,99583,0.814057,0,2,1310307,1308314,1993
44806841,25.3918,1.99225,2017,88893,0.801651,0,2,1310331,1308314,2017
44806841,25.2178,1.74322,2041,86140,0.789486,0,2,1310355,1308314,2041
44806841,25.0656,1.52532,2065,83220,0.779537,0,2,1310379,1308314,2065
44806841,24.9324,1.33465,2089,80300,0.769584,0,2,1310403,1308314,2089
44806841,24.8159,1.16782,2113,77380,0.761625,0,2,1310427,1308314,2113
44806841,24.7139,1.02184,2137,77380,0.752463,0,2,1310451,1308314,2137
44806841,24.6246,0.894114,2161,73000,0.745216,0,2,1310475,1308314,2161
44806841,24.5466,0.782349,2185,70080,0.739695,0,2,1310499,1308314,2185
44806841,24.4782,0.684556,2209,65700,0.732725,0,2,1310523,1308314,2209
44806841,24.4185,0.598986,2233,65700,0.727453,0,2,1310547,1308314,2233
44806841,24.3662,0.524113,2257,65700,0.723707,0,2,1310571,1308314,2257
44806841,24.3204,0.458599,2281,65700,0.718337,0,2,1310595,1308314,2281
44806841,24.2803,0.401274,2305,65700,0.714503,0,2,1310619,1308314,2305
44806841,24.2453,0.351115,2329,65700,0.712053,0,2,1310643,1308314,2329
44806841,24.2146,0.307225,2353,65700,0.709848,0,2,1310667,1308314,2353
44806841,24.1878,0.268822,2377,65700,0.706863,0,2,1310691,1308314,2377
44806841,24.1643,0.235219,2401,65700,0.705176,0,2,1310715,1308314,2401
44806841,24.1438,0.205817,2425,65700,0.701659,0,2,1310739,1308314,2425
44814141,24.013,170.644,1297,78840,0.701388,0,2,1311171,1309874,1297
44817061,24.0114,161.438,1224,78520,0.716249,0.97,2,1311195,1309971,1224
44819981,24.01,144.258,1224,79960,0.731624,0.87,2,1311219,1309995,1224
44824361,24.0087,132.226,1200,78840,0.744462,0.85,2,1311243,1310043,1200
44827281,24.0076,118.698,1200,80160,0.758016,0.8,2,1311267,1310067,1200
44830201,24.0067,109.861,1176,78840,0.768214,0.81,2,1311291,1310115,1176
44831661,24.0058,99.128,1176,80160,0.779393,0.75,2,1311315,1310139,1176
44836041,24.0051,92.737,1152,78840,0.787453,0.74,2,1311339,1310187,1152
44838961,24.0045,84.1449,1152,80160,0.796708,0.71,2,1311363,1310211,1152
44840421,24.0039,79.6268,1128,78840,0.803037,0.69,2,1311387,1310259,1128
44849181,24.0034,72.6734,1128,80160,0.810733,0.68,2,1311411,1310283,1128
44850641,24.003,72.5893,1080,78840,0.81566,0.69,2,1311435,1310355,1080
44852101,24.0026,66.5156,1080,80160,0.821094,0.68,2,1311459,1310379,1080
44853561,24.0023,61.2011,1080,78840,0.823985,0.69,2,1311483,1310403,1080
44855021,24.002,56.551,1080,80120,0.828586,0.67,2,1311507,1310427,1080
44856481,24.0018,52.4821,1080,78840,0.830728,0.68,2,1311531,1310451,1080
44857941,24.0015,48.9219,1080,80120,0.834655,0.69,2,1311555,1310475,1080
44862321,24.0013,45.8066,1080,78840,0.836189,0.67,2,1311579,1310499,1080
44863781,24.0012,43.0808,1080,80120,0.83957,0.68,2,1311603,1310523,1080
44866701,24.001,40.6957,1080,78840,0.840613,0.69,2,1311627,1310547,1080
44868161,24.0009,38.6087,1080,80120,0.843552,0.67,2,1311651,1310571,1080
44871081,24.0008,36.7826,1080,78840,0.844197,0.68,2,1311675,1310595,1080
44872541,24.0007,35.1848,1080,80120,0.846777,0.69,2,1311699,1310619,1080
44876921,24.0006,33.7867,1080,78840,0.847099,0.69,2,1311723,1310643,1080
44878381,24.0005,32.5634,1080,80120,0.850389,0.68,2,1311747,1310667,1080
44879841,24.0005,31.493,1080,78840,0.851351,0.69,2,1311771,1310691,1080
44882761,24.0004,30.5563,1080,80120,0.854215,0.67,2,1311795,1310715,1080
44884221,24.0004,29.7368,1080,78840,0.854794,0.68,2,1311819,1310739,1080
44887141,23.8753,29.0197,1079,80120,0.857315,0.69,2,1311842,1310763,1079
44888601,23.8909,28.3922,1079,78840,0.857583,0.69,2,1311866,1310787,1079
44890061,23.9045,27.8432,1079,80120,0.859825,0.68,2,1311890,1310811,1079
44935321,23.9165,27.3628,1079,78840,0.859842,0.68,2,1311914,1310835,1079
44937361,25.1769,26.9425,1089,87600,0.873858,0.71,2,1311948,1310859,1089
44937361,25.0298,23.5746,1113,89060,0.886472,0,2,1311972,1310859,1113
44937361,24.9011,20.6278,1137,89060,0.897825,0,2,1311996,1310859,1137
44937361,24.7884,18.0493,1161,89060,0.908043,0,2,1312020,1310859,1161
44937361,24.6899,15.7932,1185,89060,0.917238,0,2,1312044,1310859,1185
44937361,24.6036,13.819,1209,89060,0.925514,0,2,1312068,1310859,1209
44937361,24.5282,12.0916,1233,89060,0.932963,0,2,1312092,1310859,1233
44937361,24.4622,10.5802,1257,89060,0.939667,0,2,1312116,1310859,1257
44937361,24.4044,9.25767,1281,89060,0.9457,0,2,1312140,1310859,1281
45011961,26.1112,1.55947,2110,96185,0.94313,0,2,1314024,1311914,2110
45011961,25.8473,1.36454,2134,95718,0.934817,0,2,1314048,1311914,2134
45011961,25.6164,1.19397,2158,95251,0.926336,0,2,1314072,1311914,2158
45011961,25.4144,1.04472,2182,94784,0.917702,0,2,1314096,1311914,2182
45011961,25.2376,0.914134,2206,94316,0.908932,0,2,1314120,1311914,2206
45011961,25.0829,0.799867,2230,92389,0.902039,0,2,1314144,1311914,2230
45011961,24.9475,0.699884,2254,91922,0.894835,0,2,1314168,1311914,2254
45011961,24.8291,0.612398,2278,91455,0.889351,0,2,1314192,1311914,2278
45011961,24.7254,0.535848,2302,90988,0.885416,0,2,1314216,1311914,2302
45011961,24.6348,0.468867,2326,90520,0.882875,0,2,1314240,1311914,2326
45011961,24.5554,0.410259,2350,88593,0.879587,0,2,1314264,1311914,2350
45011961,24.486,0.358977,2374,88126,0.878628,0,2,1314288,1311914,2374
45011961,24.4252,0.314104,2398,86199,0.876766,0,2,1314312,1311914,2398
45011961,24.3721,0.274841,2422,85732,0.876089,0,2,1314336,1311914,2422
45011961,24.3256,0.240486,2446,83804,0.87648,0,2,1314360,1311914,2446
45011961,24.2849,0.210425,2470,81877,0.875832,0,2,1314384,1311914,2470
45011961,24.2493,0.184122,2494,81410,0.875249,0,2,1314408,1311914,2494
45011961,24.2181,0.161107,2518,79483,0.860724,0,2,1314432,1311914,2518
45011961,24.1908,0.140969,2542,79016,0.846652,0,2,1314456,1311914,2542
45011961,24.167,0.123348,2566,78548,0.834986,0,2,1314480,1311914,2566
45011961,24.1461,0.107929,2590,78081,0.825488,0,2,1314504,1311914,2590
45011961,24.1279,0.094438,2614,77614,0.812939,0,2,1314528,1311914,2614
45011961,24.1119,0.0826332,2638,77147,0.802645,0,2,1314552,1311914,2638
45011961,24.0979,0.0723041,2662,76680,0.794381,0,2,1314576,1311914,2662
45011961,24.0857,0.063266,2686,74800,0.785943,0,2,1314600,1311914,2686
45011961,24.0749,0.0553578,2710,74460,0.777348,0,2,1314624,1311914,2710
45011961,24.0656,0.0484381,2734,73340,0.770613,0,2,1314648,1311914,2734
45011961,24.0574,0.0423833,2758,73340,0.765552,0,2,1314672,1311914,2758
45011961,24.0502,0.0370854,2782,73340,0.754997,0,2,1314696,1311914,2782
45011961,24.0439,0.0324497,2806,73340,0.746497,0,2,1314720,1311914,2806
45011961,24.0384,0.0283935,2830,73340,0.739847,0,2,1314744,1311914,2830
45011961,24.0336,0.0248443,2854,73340,0.734863,0,2,1314768,1311914,2854
45011961,24.0294,0.0217388,2878,73340,0.731376,0,2,1314792,1311914,2878
45011961,24.0258,0.0190214,2902,73340,0.729239,0,2,1314816,1311914,2902
45011961,24.0225,0.0166438,2926,73340,0.728315,0,2,1314840,1311914,2926
45011961,24.0197,0.0145633,2950,73340,0.728483,0,2,1314864,1311914,2950
45011961,24.0173,0.0127429,2974,73340,0.729635,0,2,1314888,1311914,2974
45011961,24.0151,0.01115,2998,73340,0.731672,0,2,1314912,1311914,2998
45011961,24.0132,0.00975626,3022,73340,0.734504,0,2,1314936,1311914,3022
45011961,24.0116,0.00853673,3046,73340,0.738054,0,2,1314960,1311914,3046
45011961,24.0101,0.00746964,3070,73340,0.741249,0,2,1314984,1311914,3070
45011961,24.0088,0.00653593,3094,71880,0.745124,0,2,1315008,1311914,3094
45011961,24.0077,0.00571894,3118,71880,0.748611,0,2,1315032,1311914,3118
45011961,24.0068,0.00500407,3142,71880,0.75175,0,2,1315056,1311914,3142
45011961,24.0059,0.00437856,3166,71880,0.754575,0,2,1315080,1311914,3166
45011961,24.0052,0.00383124,3190,71880,0.757118,0,2,1315104,1311914,3190
45011961,24.0045,0.00335234,3214,71880,0.759406,0,2,1315128,1311914,3214
45011961,24.004,0.0029333,3238,71880,0.761465,0,2,1315152,1311914,3238
45023641,24.0035,215.628,1537,71880,0.763319,0.96,2,1315176,1313639,1537
45023641,24.003,188.674,1561,74460,0.766987,0,2,1315200,1313639,1561
45023641,24.0027,165.09,1585,73340,0.770288,0,2,1315224,1313639,1585
45023641,24.0023,144.454,1609,73340,0.773259,0,2,1315248,1313639,1609
45044081,24.002,147.522,1464,73340,0.775933,0.83,2,1315272,1313808,1464
45044081,24.0018,129.082,1488,74460,0.77834,0,2,1315296,1313808,1488
45044081,24.0016,112.946,1512,73340,0.780506,0,2,1315320,1313808,1512
45044081,24.0014,98.8282,1536,73340,0.782456,0,2,1315344,1313808,1536
45044081,24.0012,86.4746,1560,73340,0.78321,0,2,1315368,1313808,1560
45044081,24.001,75.6653,1584,73340,0.784889,0,2,1315392,1313808,1584
45044081,24.0009,66.2071,1608,73340,0.7864,0,2,1315416,1313808,1608
45044081,24.0008,57.9313,1632,73340,0.78776,0,2,1315440,1313808,1632
45044081,24.0007,50.6898,1656,73340,0.788984,0,2,1315464,1313808,1656
45052841,24.0006,83.3536,1368,73340,0.790086,0.85,2,1315488,1314120,1368
45052841,24.0005,72.9344,1392,74460,0.791077,0,2,1315512,1314120,1392
45052841,24.0005,63.8176,1416,73340,0.791969,0,2,1315536,1314120,1416
45052841,24.0004,55.8404,1440,73340,0.792772,0,2,1315560,1314120,1440
45057221,24.0004,66.8604,1320,73340,0.793495,0.86,2,1315584,1314264,1320
45057221,21.7503,58.5028,1326,74460,0.795146,0,2,1315590,1314264,1326
45061601,22.0315,57.19,1302,73340,0.794631,0.87,2,1315614,1314312,1302
45064521,22.2776,53.0412,1302,74460,0.796168,0.87,2,1315638,1314336,1302
45068901,22.4929,52.4111,1278,74460,0.797551,0.87,2,1315662,1314384,1278
45105401,22.5563,48.8597,1277,74460,0.798796,0.75,2,1315685,1314408,1277
45105401,22.7367,42.7522,1301,71540,0.818916,0,2,1315709,1314408,1301
45105401,22.8946,37.4082,1325,71540,0.837025,0,2,1315733,1314408,1325
45105401,23.0328,32.7322,1349,71540,0.853322,0,2,1315757,1314408,1349
45105401,23.1537,28.6406,1373,71540,0.86799,0,2,1315781,1314408,1373
45105401,23.2595,25.0606,1397,71540,0.881191,0,2,1315805,1314408,1397
45105401,23.3521,21.928,1421,71540,0.891072,0,2,1315829,1314408,1421
45105401,23.4331,19.187,1445,71540,0.897965,0,2,1315853,1314408,1445
45105401,23.5039,16.7886,1469,71540,0.902168,0,2,1315877,1314408,1469
45105401,23.5659,14.69,1493,71540,0.903951,0,2,1315901,1314408,1493
45105401,23.6202,12.8538,1517,71540,0.903556,0,2,1315925,1314408,1517
45105401,23.6677,11.2471,1541,71540,0.901201,0,2,1315949,1314408,1541
45105401,23.7092,9.84118,1565,71540,0.897081,0,2,1315973,1314408,1565
45105401,23.7456,8.61103,1589,71540,0.891373,0,2,1315997,1314408,1589
45105401,23.7774,7.53466,1613,71540,0.884235,0,2,1316021,1314408,1613
45105401,23.8052,6.59282,1637,71540,0.875812,0,2,1316045,1314408,1637
45105401,23.8295,5.76872,1661,71540,0.866231,0,2,1316069,1314408,1661
45142241,23.8509,68.0476,1181,71540,0.855608,0.8,2,1316093,1314912,1181
45142241,23.8695,59.5417,1205,75920,0.870047,0,2,1316117,1314912,1205
45142241,23.8858,52.099,1229,75920,0.883042,0,2,1316141,1314912,1229
45142241,23.9001,45.5866,1253,75920,0.894738,0,2,1316165,1314912,1253
45142241,23.9126,39.8883,1277,75920,0.905264,0,2,1316189,1314912,1277
45142241,23.9235,34.9022,1301,75920,0.914738,0,2,1316213,1314912,1301
45142241,23.9331,30.5395,1325,75920,0.921264,0,2,1316237,1314912,1325
45142241,23.9414,26.722,1349,75920,0.925138,0,2,1316261,1314912,1349
45142241,23.9488,23.3818,1373,75920,0.926624,0,2,1316285,1314912,1373
45142241,23.9552,20.4591,1397,75920,0.925961,0,2,1316309,1314912,1397
45142241,23.9608,17.9017,1421,75920,0.923365,0,2,1316333,1314912,1421
45142241,23.9657,15.664,1445,75920,0.919029,0,2,1316357,1314912,1445
45142241,23.97,13.706,1469,75920,0.913126,0,2,1316381,1314912,1469
45142241,23.9737,11.9927,1493,75920,0.905813,0,2,1316405,1314912,1493
45145161,26.977,49.4936,1229,75920,0.895232,0.8,2,1316453,1315224,1229
45148081,29.6049,49.3069,1229,77380,0.887709,0.8,2,1316501,1315272,1229
45151001,31.9043,49.1436,1229,78840,0.882938,0.79,2,1316549,1315320,1229
45153921,33.9162,49.0006,1229,78840,0.878644,0.8,2,1316597,1315368,1229
45156841,35.6767,48.8755,1229,80300,0.87678,0.8,2,1316645,1315416,1229
45159761,37.2171,48.7661,1229,80300,0.875102,0.8,2,1316693,1315464,1229
45162681,38.565,48.6703,1229,80300,0.873592,0.8,2,1316741,1315512,1229
45165601,39.7444,48.5865,1229,80300,0.872232,0.79,2,1316789,1315560,1229
45168521,40.7763,49.2632,1223,80300,0.871009,0.81,2,1316837,1315614,1223
45171441,41.6793,46.1053,1247,80300,0.869908,0.81,2,1316885,1315638,1247
45174361,42.4694,46.2172,1248,81760,0.867917,0.81,2,1316933,1315685,1248
45177281,43.1607,40.44,1296,81760,0.868126,0.81,2,1316981,1315685,1296
45180201,43.7656,35.385,1344,81760,0.869313,0.81,2,1317029,1315685,1344
45183121,44.2949,30.9619,1392,81760,0.870382,0.81,2,1317077,1315685,1392
45186041,44.758,27.0916,1440,81760,0.871344,0.81,2,1317125,1315685,1440
45188961,45.1633,23.7052,1488,83220,0.874209,0.81,2,1317173,1315685,1488
45191881,45.5179,20.742,1536,83220,0.876788,0.81,2,1317221,1315685,1536
45193621,43.4531,18.1493,1565,83220,0.880109,0.76,2,1317250,1315685,1565
45196541,44.0215,66.8806,1205,83220,0.878099,0.76,2,1317298,1316093,1205
45199461,44.5188,58.5205,1253,83220,0.878289,0.76,2,1317346,1316093,1253
45202381,44.954,51.2055,1301,83220,0.88046,0.76,2,1317394,1316093,1301
45205301,45.3347,44.8048,1349,84680,0.885414,0.76,2,1317442,1316093,1349
45208221,45.6679,39.2042,1397,84680,0.888872,0.76,2,1317490,1316093,1397
45211141,45.9594,34.3037,1445,84680,0.887985,0.76,2,1317538,1316093,1445
45214061,46.2145,30.0157,1493,84680,0.883187,0.76,2,1317586,1316093,1493
45216981,46.4377,26.2637,1541,84680,0.874868,0.8,2,1317634,1316093,1541
45219901,46.633,67.9808,1229,84680,0.863381,0.8,2,1317682,1316453,1229
45222821,46.8038,59.4832,1277,84680,0.849043,0.82,2,1317730,1316453,1277
45225741,46.9534,58.0478,1277,86140,0.832139,0.84,2,1317778,1316501,1277
45228661,47.0842,56.7918,1277,86140,0.812925,0.84,2,1317826,1316549,1277
45231581,47.1987,55.6928,1277,86140,0.791632,0.84,2,1317874,1316597,1277
45234501,47.2988,48.7312,1325,86140,0.768469,0.86,2,1317922,1316597,1325
45237421,47.3865,48.6398,1325,86140,0.743622,0.86,2,1317970,1316645,1325
45240341,47.4632,48.5598,1325,86140,0.71726,0.86,2,1318018,1316693,1325
45252021,47.6853,48.3282,1325,86140,0.59947,0.85,1,1318210,1316885,1325
45254941,47.7247,48.2872,1325,87600,0.567523,0.87,1,1318258,1316933,1325
45257861,47.7591,48.2513,1325,87600,0.534771,0.88,1,1318306,1316981,1325
45260781,47.7892,48.2199,1325,87600,0.501294,0.88,1,1318354,1317029,1325
45263701,47.8155,48.1924,1325,87600,0.467164,0.88,1,1318402,1317077,1325
45266621,47.8386,48.1683,1325,87600,0.432448,0.88,1,1318450,1317125,1325
45269541,47.8588,42.1473,1373,87600,0.397203,0.9,1,1318498,1317125,1373
45272461,47.8764,42.8789,1373,87600,0.361483,0.9,1,1318546,1317173,1373
45275381,47.8919,43.519,1373,87600,0.325335,0.91,1,1318594,1317221,1373
45278301,47.9054,41.7041,1392,87600,0.292801,0.86,1,1318642,1317250,1392
45281221,47.9172,42.4911,1392,87600,0.263521,0.88,1,1318690,1317298,1392
45284141,47.9276,43.1797,1392,87600,0.237169,0.9,1,1318738,1317346,1392
45287061,47.9366,43.7823,1392,87600,0.213452,0.93,1,1318786,1317394,1392
45289921,47.8195,44.3095,1391,87600,0.192107,0,1,1318833,1317442,1391
45292841,921.092,1058.15,270,87600,0.269896,0,1,1325867,1325597,270
45295761,811.956,925.878,318,89060,0.341907,0,1,1325915,1325597,318
45298681,716.461,810.143,366,90520,0.407716,0,1,1325963,1325597,366
45301601,632.903,708.875,414,91980,0.466944,0,1,1326011,1325597,414
45304521,559.791,620.266,462,93440,0.52025,0,1,1326059,1325597,462
45307441,495.817,542.732,510,94900,0.568225,0,1,1326107,1325597,510
45319121,310.502,318.14,702,100740,0.716712,0,2,1326299,1325597,702
45322041,277.689,278.372,750,102200,0.745041,0,2,1326347,1325597,750
45324961,248.978,243.576,798,103660,0.770537,0,2,1326395,1325597,798
45327881,223.856,213.129,846,105120,0.793483,0,2,1326443,1325597,846
45330801,201.874,186.488,894,106580,0.814135,0,2,1326491,1325597,894
45333721,182.64,163.177,942,108040,0.832721,0,2,1326539,1325597,942
45336641,165.81,142.78,990,109500,0.849449,0,2,1326587,1325597,990
45339561,151.083,124.932,1038,110960,0.864504,0,2,1326635,1325597,1038
45342481,138.198,109.316,1086,112420,0.878054,0,2,1326683,1325597,1086
45345401,126.923,95.6512,1134,113880,0.890249,0,2,1326731,1325597,1134
45348321,117.058,83.6948,1182,115340,0.901224,0,2,1326779,1325597,1182
45351241,108.426,73.233,1230,116800,0.911101,0,2,1326827,1325597,1230
45354161,100.872,64.0788,1278,118260,0.919991,0,2,1326875,1325597,1278
45357081,94.2634,56.069,1326,119720,0.927992,0,2,1326923,1325597,1326
45360001,88.4804,49.0604,1374,121180,0.935193,0,2,1326971,1325597,1374
45362921,83.4204,42.9278,1422,122640,0.941674,0,2,1327019,1325597,1422
45365841,78.9928,37.5618,1470,124100,0.947506,0,2,1327067,1325597,1470
45387741,26.1096,2.83207,1993,91960,0.948537,0,2,1327956,1325963,1993
45387741,25.8459,2.47806,2017,91960,0.930684,0,2,1327980,1325963,2017
45387741,25.6152,2.1683,2041,91960,0.915615,0,2,1328004,1325963,2041
45387741,25.4133,1.89726,2065,91960,0.903054,0,2,1328028,1325963,2065
45387741,25.2366,1.66011,2089,91960,0.889748,0,2,1328052,1325963,2089
45387741,25.082,1.45259,2113,91560,0.878774,0,2,1328076,1325963,2113
45387741,24.9468,1.27102,2137,91560,0.869896,0,2,1328100,1325963,2137
45387741,24.8284,1.11214,2161,91560,0.862907,0,2,1328124,1325963,2161
45387741,24.7249,0.973123,2185,91560,0.857616,0,2,1328148,1325963,2185
45387741,24.0093,0.851483,2204,91560,0.853854,0,2,1328167,1325963,2204
45387741,24.0081,0.745048,2228,91560,0.847469,0,2,1328191,1325963,2228
45387741,24.0071,0.651917,2252,91560,0.842722,0,2,1328215,1325963,2252
45387741,24.0062,0.570427,2276,90380,0.83945,0,2,1328239,1325963,2276
45387741,24.0054,0.499124,2300,90380,0.837505,0,2,1328263,1325963,2300
45387741,24.0048,0.436733,2324,90380,0.836754,0,2,1328287,1325963,2324
45387741,24.0042,0.382142,2348,90380,0.837079,0,2,1328311,1325963,2348
45387741,24.0036,0.334374,2372,90380,0.836371,0,2,1328335,1325963,2372
45387741,24.0032,0.292577,2396,90380,0.836734,0,2,1328359,1325963,2396
45387741,24.0028,0.256005,2420,90380,0.838061,0,2,1328383,1325963,2420
45387741,24.0024,0.224004,2444,90380,0.840254,0,2,1328407,1325963,2444
45387741,24.0021,0.196004,2468,90380,0.843229,0,2,1328431,1325963,2468
45387741,24.0019,0.171503,2492,90380,0.846906,0,2,1328455,1325963,2492
45387741,24.0016,0.150065,2516,90380,0.849216,0,2,1328479,1325963,2516
45387741,24.0014,0.131307,2540,90380,0.852294,0,2,1328503,1325963,2540
45387741,24.0013,0.114894,2564,90380,0.855065,0,2,1328527,1325963,2564
45387741,24.0011,0.100532,2588,90380,0.858558,0,2,1328551,1325963,2588
45387741,24.001,0.0879656,2612,90380,0.859702,0,2,1328575,1325963,2612
45387741,24.0008,0.0769699,2636,90380,0.859732,0,2,1328599,1325963,2636
45387741,24.0007,0.0673487,2660,90380,0.860759,0,2,1328623,1325963,2660
45387741,24.0006,0.0589301,2684,88920,0.861683,0,2,1328647,1325963,2684
45387741,24.0006,0.0515638,2708,88920,0.862515,0,2,1328671,1325963,2708
45387741,24.0005,0.0451183,2732,87460,0.862263,0,2,1328695,1325963,2732
45387741,22.8754,0.0394785,2747,87460,0.863037,0,2,1328710,1325963,2747
45387741,23.016,0.0345437,2771,87460,0.862733,0,2,1328734,1325963,2771
45387741,20.639,0.0302258,2775,86520,0.86446,0,2,1328738,1325963,2775
45387741,21.0591,0.0264475,2799,85060,0.864014,0,2,1328762,1325963,2799
45387741,21.4267,0.0231416,2823,84860,0.863613,0,2,1328786,1325963,2823
45387741,19.2484,0.0202489,2827,83400,0.865251,0,2,1328790,1325963,2827
45387741,17.3423,0.0177178,2831,83400,0.864726,0,2,1328794,1325963,2831
45387741,18.1746,0.0155031,2855,83400,0.862253,0,2,1328818,1325963,2855
45387741,16.4027,0.0135652,2859,83200,0.862028,0,2,1328822,1325963,2859
45387741,17.3524,0.0118695,2883,80080,0.859825,0,2,1328846,1325963,2883
45387741,16.4333,0.0103858,2893,78420,0.858843,0,2,1328856,1325963,2893
45387741,17.3792,0.00908761,2917,77160,0.855959,0,2,1328880,1325963,2917
45387741,15.7068,0.00795166,2921,76540,0.855363,0,2,1328884,1325963,2921
45387741,16.7434,0.0069577,2945,76540,0.852826,0,2,1328908,1325963,2945
45387741,15.9005,0.00608799,2955,74880,0.850544,0,2,1328918,1325963,2955
45393581,16.9129,192.005,1443,74880,0.846489,0.95,2,1328942,1327499,1443
45396501,17.7988,174.13,1418,88840,0.85484,0.92,2,1328966,1327548,1418
45399421,18.574,158.363,1394,88840,0.860356,0.93,2,1328990,1327596,1394
45402341,19.2522,141.568,1394,88840,0.873321,0.94,2,1329014,1327620,1394
45405261,19.8457,126.872,1394,89440,0.885989,0.94,2,1329038,1327644,1394
45408181,20.365,117.013,1370,88840,0.89739,0.95,2,1329062,1327692,1370
45409641,20.8194,105.386,1370,89440,0.907651,0.95,2,1329086,1327716,1370
45415481,21.2169,98.2131,1346,88840,0.916886,0.96,2,1329110,1327764,1346
45416941,21.5648,88.9365,1346,89440,0.925197,0.97,2,1329134,1327788,1346
45418401,21.8692,80.8194,1346,88840,0.932677,0.97,2,1329158,1327812,1346
45421321,22.1356,76.717,1322,89440,0.93941,0.98,2,1329182,1327860,1322
45424241,22.3686,70.1274,1322,88840,0.945469,0.99,2,1329206,1327884,1322
45484881,23.63,11.9811,1531,63560,0.944812,0,2,1329607,1328076,1531
45484881,23.6763,10.4835,1555,63560,0.934331,0,2,1329631,1328076,1555
45484881,23.7168,9.17306,1579,63560,0.922898,0,2,1329655,1328076,1579
45484881,23.7522,8.02643,1603,63560,0.910608,0,2,1329679,1328076,1603
45484881,23.7831,7.02313,1627,63560,0.897547,0,2,1329703,1328076,1627
45484881,23.8102,6.14524,1651,63560,0.883793,0,2,1329727,1328076,1651
45484881,23.834,5.37708,1675,63560,0.869413,0,2,1329751,1328076,1675
45484881,23.8547,4.70495,1699,63560,0.854472,0,2,1329775,1328076,1699
45484881,23.8729,4.11683,1723,63560,0.839025,0,2,1329799,1328076,1723
45484881,23.8888,3.60222,1747,63560,0.823122,0,2,1329823,1328076,1747
45489261,23.9027,62.5269,1296,63560,0.80681,0.86,2,1329847,1328551,1296
45489261,23.9148,54.7111,1320,61100,0.789129,0,2,1329871,1328551,1320
45496561,23.9255,53.8722,1296,61100,0.771216,0.86,2,1329895,1328599,1296
45496561,23.9348,47.1382,1320,57720,0.757095,0,2,1329919,1328599,1320
45496561,23.9429,41.2459,1344,57720,0.742385,0,2,1329943,1328599,1344
45496561,23.9501,36.0902,1368,57720,0.727147,0,2,1329967,1328599,1368
45500421,23.9563,43.5789,1296,57720,0.711432,0.86,2,1329991,1328695,1296
45523921,26.6877,31.8977,1277,97820,0.701431,0.91,2,1330223,1328946,1277
45523921,26.3517,27.9105,1301,99280,0.731288,0,2,1330247,1328946,1301
45523921,26.0577,24.4217,1325,99280,0.758159,0,2,1330271,1328946,1325
45523921,25.8005,21.369,1349,99280,0.782343,0,2,1330295,1328946,1349
45523921,24.2005,18.6979,1362,99280,0.804109,0,2,1330308,1328946,1362
45526841,27.1754,22.3606,1362,99280,0.823698,0.99,2,1330356,1328994,1362
45529761,29.7785,19.5655,1410,100740,0.841328,0.91,2,1330404,1328994,1410
45530161,29.9312,17.1199,1441,102200,0.857195,1,2,1330435,1328994,1441
45530161,29.1898,14.9799,1465,102200,0.871476,0,2,1330459,1328994,1465
45530161,28.5411,13.1074,1489,102200,0.884328,0,2,1330483,1328994,1489
45533081,30.9734,19.969,1469,102200,0.895895,1,2,1330531,1329062,1469
45536001,33.1017,23.4728,1469,102200,0.906306,1,2,1330579,1329110,1469
45538921,34.964,26.5387,1469,102200,0.915675,1,2,1330627,1329158,1469
45540381,36.5935,29.2214,1469,103660,0.924108,1,2,1330675,1329206,1469
45540381,35.0193,25.5687,1493,103660,0.931697,0,2,1330699,1329206,1493
45540381,33.6419,22.3726,1517,103660,0.938527,0,2,1330723,1329206,1517
45540381,32.4367,19.5761,1541,102200,0.944675,1,2,1330747,1329206,1541
45540381,24.3423,0.794179,2117,90200,0.946252,0,2,1331323,1329206,2117
45540381,24.2995,0.694907,2141,89720,0.926626,0,2,1331347,1329206,2141
45540381,24.262,0.608043,2165,89240,0.909964,0,2,1331371,1329206,2165
45540381,24.2293,0.532038,2189,88760,0.895967,0,2,1331395,1329206,2189
45540381,24.2006,0.465533,2213,88280,0.882371,0,2,1331419,1329206,2213
45540381,24.1756,0.407341,2237,87800,0.871134,0,2,1331443,1329206,2237
45540381,24.1536,0.356424,2261,87320,0.85202,0,2,1331467,1329206,2261
45540381,24.1344,0.311871,2285,86840,0.835818,0,2,1331491,1329206,2285
45540381,24.1176,0.272887,2309,86360,0.820236,0,2,1331515,1329206,2309
45540381,24.1029,0.238776,2333,85880,0.807213,0,2,1331539,1329206,2333
45540381,24.09,0.208929,2357,85400,0.796491,0,2,1331563,1329206,2357
45540381,24.0788,0.182813,2381,84920,0.783842,0,2,1331587,1329206,2381
45540381,24.0689,0.159961,2405,84440,0.773458,0,2,1331611,1329206,2405
45540381,24.0603,0.139966,2429,83960,0.765112,0,2,1331635,1329206,2429
45540381,24.0528,0.12247,2453,83480,0.751601,0,2,1331659,1329206,2453
45540381,24.0462,0.107162,2477,83000,0.737441,0,2,1331683,1329206,2477
45540381,24.1654,0.0937664,2502,82520,0.724697,0,2,1331708,1329206,2502
45540381,24.1447,0.0820456,2526,81000,0.712227,0,2,1331732,1329206,2526
45540381,24.1266,0.0717899,2550,79540,0.700004,0,2,1331756,1329206,2550
45540381,24.0381,0.0215842,2766,67860,0.598042,0,1,1331972,1329206,2766
45540381,24.0333,0.0188862,2790,66400,0.592237,0,1,1331996,1329206,2790
45540381,24.0292,0.0165254,2814,64940,0.588014,0,1,1332020,1329206,2814
45540381,24.0255,0.0144597,2838,64940,0.585212,0,1,1332044,1329206,2838
45540381,24.0223,0.0126523,2862,64940,0.583691,0,1,1332068,1329206,2862
45540381,24.0195,0.0110707,2886,63480,0.582322,0,1,1332092,1329206,2886
45540381,24.0171,0.00968688,2910,63480,0.58109,0,1,1332116,1329206,2910
45540381,24.015,0.00847602,2934,63480,0.579981,0,1,1332140,1329206,2934
45540381,24.0131,0.00741652,2958,62020,0.578983,0,1,1332164,1329206,2958
45604621,24.0114,189.631,1465,60560,0.578084,0.61,1,1332188,1330723,1465
45604621,24.01,165.928,1489,62780,0.586276,0,1,1332212,1330723,1489
45604621,24.0088,145.187,1513,37900,0.591648,0,1,1332236,1330723,1513
45604621,24.0077,127.038,1537,36440,0.594484,0,1,1332260,1330723,1537
45604621,22.5067,111.158,1549,32060,0.595035,0,1,1332272,1330723,1549
45604621,22.6934,97.2637,1573,29140,0.593532,0,1,1332296,1330723,1573
45604621,22.8567,85.1057,1597,29140,0.590179,0,1,1332320,1330723,1597
45604621,22.9996,74.4675,1621,29140,0.585161,0,1,1332344,1330723,1621
45604621,23.1247,65.1591,1645,29140,0.578645,0,1,1332368,1330723,1645
45604621,23.2341,57.0142,1669,29140,0.57078,0,1,1332392,1330723,1669
45604621,23.3298,49.8874,1693,29140,0.561702,0,1,1332416,1330723,1693
45604621,23.4136,43.6515,1717,29140,0.551532,0,1,1332440,1330723,1717
45604621,23.4869,38.1951,1741,29140,0.540379,0,1,1332464,1330723,1741
45604621,23.551,33.4207,1765,29140,0.528341,0,1,1332488,1330723,1765
45604621,23.6072,29.2431,1789,29140,0.515507,0,1,1332512,1330723,1789
45604621,23.6563,25.5877,1813,29140,0.501956,0,1,1332536,1330723,1813
45604621,23.6992,22.3892,1837,29140,0.48776,0,1,1332560,1330723,1837
45604621,23.7368,19.5906,1861,29140,0.472984,0,1,1332584,1330723,1861
45604621,23.7697,17.1418,1885,29140,0.457686,0,1,1332608,1330723,1885
45604621,23.7985,14.999,1909,29140,0.441917,0,1,1332632,1330723,1909
45604621,23.8237,13.1242,1933,29140,0.425726,0,1,1332656,1330723,1933
45604621,23.8457,11.4836,1957,29140,0.409153,0,1,1332680,1330723,1957
45604621,23.865,10.0482,1981,29140,0.392238,0,1,1332704,1330723,1981
45604621,23.8819,8.79216,2005,29140,0.375014,0,1,1332728,1330723,2005
45604621,23.8967,7.69314,2029,29140,0.357513,0,1,1332752,1330723,2029
45617761,23.9096,126.731,1093,29140,0.339761,0.51,1,1332776,1331683,1093
45619221,23.9209,135.015,924,58400,0.321785,0.52,1,1332800,1331876,924
45622141,23.9308,121.138,924,58400,0.303607,0.53,1,1332824,1331900,924
45625061,23.9394,108.996,924,58400,0.285246,0.53,1,1332848,1331924,924
45630901,23.947,98.3714,924,58400,0.266721,0.54,1,1332872,1331948,924
45630901,23.9536,86.075,948,56940,0.298049,0,1,1332896,1331948,948
45636741,23.9594,81.3156,924,56940,0.324244,0.57,1,1332920,1331996,924
45636741,23.9645,71.1512,948,54720,0.34982,0,1,1332944,1331996,948
45636741,23.9689,62.2573,972,54720,0.370838,0,1,1332968,1331996,972
45639661,23.9728,63.4751,924,54720,0.387754,0.57,1,1332992,1332068,924
45645501,23.9762,58.5407,924,54020,0.401979,0.57,1,1333016,1332092,924
45645501,23.9792,51.2231,948,51800,0.416781,0,1,1333040,1332092,948
45645501,23.9818,44.8202,972,51800,0.428103,0,1,1333064,1332092,972
45646961,23.9841,48.2177,924,51800,0.436292,0.57,1,1333088,1332164,924
45649881,23.8611,45.1905,923,71540,0.469663,0.57,1,1333111,1332188,923
45649881,23.8784,39.5417,947,71540,0.501697,0,1,1333135,1332188,947
45654961,23.8936,34.599,971,71540,0.528527,0.1,1,1333159,1332188,971
45654961,23.9069,30.2741,995,71540,0.558675,0,1,1333183,1332188,995
45654961,23.9186,26.4898,1019,71540,0.583807,0,1,1333207,1332188,1019
45678321,39.2135,41.5399,731,74460,0.704647,0.1,2,1333603,1332872,731
45681241,40.3118,36.3474,779,75920,0.715183,0.1,2,1333651,1332872,779
45684161,41.2728,31.804,827,75920,0.724664,0.1,2,1333699,1332872,827
45687081,42.1137,27.8285,875,75920,0.733198,0.1,2,1333747,1332872,875
45690001,42.8495,24.3499,923,75920,0.740878,0.1,2,1333795,1332872,923
45692921,43.4933,21.3062,971,77380,0.74979,0.56,2,1333843,1332872,971
45695841,44.0567,24.6429,971,77380,0.757811,0.53,2,1333891,1332920,971
45698761,44.5496,33.5625,923,77380,0.76503,0.51,2,1333939,1333016,923
45701681,44.9809,38.3672,899,77380,0.771527,0.51,2,1333987,1333088,899
45704601,45.3583,33.5713,947,78840,0.779374,0.51,2,1334035,1333088,947
45707521,45.6885,29.3749,995,78840,0.786437,0.51,2,1334083,1333088,995
45710441,45.9774,25.703,1043,78840,0.792793,0.51,2,1334131,1333088,1043
45713361,46.2302,22.4902,1091,78840,0.798514,0.51,2,1334179,1333088,1091
45716281,46.4515,19.6789,1139,78840,0.803663,0.51,2,1334227,1333088,1139
45719201,46.645,17.219,1187,80300,0.810296,0.77,2,1334275,1333088,1187
45722121,46.8144,17.9417,1212,80300,0.816267,0.77,2,1334323,1333111,1212
45725041,46.9626,21.6989,1212,80300,0.82164,0.77,2,1334371,1333159,1212
45727961,47.0923,18.9866,1260,80300,0.826476,0.75,2,1334419,1333159,1260
45730881,47.2057,30.1133,1200,80300,0.830828,0.77,2,1334467,1333267,1200
45733801,47.305,32.3491,1200,80300,0.834746,0.77,2,1334515,1333315,1200
45736721,47.3919,34.3055,1200,81760,0.840271,0.77,2,1334563,1333363,1200
45739641,47.4679,36.0173,1200,81760,0.845244,0.77,2,1334611,1333411,1200
45742561,47.5344,31.5151,1248,81760,0.84972,0.79,2,1334659,1333411,1248
45745481,47.5926,33.5757,1248,81760,0.853748,0.79,2,1334707,1333459,1248
45748401,47.6435,35.3788,1248,81760,0.857373,0.79,2,1334755,1333507,1248
45751321,47.6881,36.9564,1248,81760,0.860636,0.79,2,1334803,1333555,1248
45754241,47.7271,38.3369,1248,81760,0.863572,0.81,2,1334851,1333603,1248
45757161,47.7612,39.5448,1248,83220,0.868215,0.81,2,1334899,1333651,1248
45760081,47.7911,40.6017,1248,83220,0.872393,0.81,2,1334947,1333699,1248
45763001,47.8172,41.5265,1248,83220,0.876154,0.81,2,1334995,1333747,1248
45765921,47.84,42.3356,1248,83220,0.879539,0.81,2,1335043,1333795,1248
45768841,47.86,37.0437,1296,83220,0.882585,0.83,2,1335091,1333795,1296
45771761,47.8775,38.4132,1296,83220,0.885326,0.83,2,1335139,1333843,1296
45774681,47.8928,39.6116,1296,83220,0.887794,0.83,2,1335187,1333891,1296
45777601,47.9062,40.6601,1296,83220,0.890014,0.83,2,1335235,1333939,1296
45780521,47.9179,41.5776,1296,83220,0.892013,0.85,2,1335283,1333987,1296
45783441,47.9282,42.3804,1296,84680,0.895812,0.85,2,1335331,1334035,1296
45786361,47.9372,43.0829,1296,84680,0.89923,0.85,2,1335379,1334083,1296
45789281,47.945,43.6975,1296,84680,0.902307,0.85,2,1335427,1334131,1296
45792201,47.9519,44.2353,1296,84680,0.904077,0.85,2,1335475,1334179,1296
45795121,47.9579,44.7059,1296,84680,0.901669,0.85,2,1335523,1334227,1296
45798041,47.9632,39.1177,1344,84680,0.895502,0.87,2,1335571,1334227,1344
45800961,47.9678,40.228,1344,84680,0.885952,0.87,2,1335619,1334275,1344
45803881,47.9718,41.1995,1344,84680,0.873357,0.87,2,1335667,1334323,1344
45806801,47.9753,42.0495,1344,84680,0.858021,0.87,2,1335715,1334371,1344
45809721,47.9784,42.7933,1344,84680,0.840219,0.87,2,1335763,1334419,1344
45812641,47.9811,43.4442,1344,84680,0.848197,0.87,2,1335811,1334467,1344
45815561,47.9835,44.0136,1344,84680,0.855377,0.89,2,1335859,1334515,1344
45818481,47.9855,44.5119,1344,84680,0.86184,0.89,2,1335907,1334563,1344
45821401,47.9873,44.9479,1344,84680,0.867656,0.89,2,1335955,1334611,1344
45824321,47.9889,45.3295,1344,84680,0.87289,0.89,2,1336003,1334659,1344
45827241,47.9903,45.6633,1344,86140,0.879601,0.89,2,1336051,1334707,1344
45830161,47.9915,45.9554,1344,86140,0.885641,0.89,2,1336099,1334755,1344
45833081,47.9926,46.2109,1344,86140,0.891077,0.89,2,1336147,1334803,1344
45836001,47.9935,46.4346,1344,86140,0.895969,0.89,2,1336195,1334851,1344
45838921,47.9943,40.6303,1392,86140,0.900372,0.91,2,1336243,1334851,1392
45841841,47.995,41.5515,1392,86140,0.904335,0.91,2,1336291,1334899,1392
45844761,47.9957,42.3575,1392,86140,0.907902,0.91,2,1336339,1334947,1392
45847681,47.9962,43.0628,1392,86140,0.911111,0.91,2,1336387,1334995,1392
45850601,47.9967,43.68,1392,86140,0.914,0.91,2,1336435,1335043,1392
45853521,47.9971,44.22,1392,86140,0.9166,0.91,2,1336483,1335091,1392
45856441,47.9975,44.6925,1392,86140,0.91894,0.91,2,1336531,1335139,1392
45859361,47.9978,45.1059,1392,86140,0.921046,0.91,2,1336579,1335187,1392
45862281,47.998,45.4677,1392,86140,0.923942,0.91,2,1336627,1335235,1392
45865201,47.9983,45.7842,1392,86140,0.926547,0.93,2,1336675,1335283,1392
45868121,47.9985,46.0612,1392,86140,0.928893,0.93,2,1336723,1335331,1392
45871041,47.9987,46.3035,1392,86140,0.931003,0.93,2,1336771,1335379,1392
45873361,46.7489,46.5156,1382,86140,0.932903,0.68,2,1336809,1335427,1382
45876281,46.9052,84.5762,1079,86140,0.934613,0.68,2,1336857,1335778,1079
45879201,47.0421,74.0041,1127,86140,0.936152,0.68,2,1336905,1335778,1127
45882121,47.1618,64.7536,1175,86140,0.937536,0.68,2,1336953,1335778,1175
45885041,47.2666,56.6594,1223,86140,0.938783,0.68,2,1337001,1335778,1223
45887961,47.3583,49.577,1271,87600,0.941904,0.68,2,1337049,1335778,1271
45890881,47.4385,43.3799,1319,87600,0.944714,0.68,2,1337097,1335778,1319
45893801,47.5087,37.9574,1367,87600,0.947243,0.92,2,1337145,1335778,1367
45896721,47.5701,37.3377,1382,87600,0.949518,0.92,2,1337193,1335811,1382
46032501,26.9429,5.51433,1873,91759,0.943611,0,2,1339834,1337961,1873
46032501,26.575,4.82504,1897,91296,0.93625,0,2,1339858,1337961,1897
46032501,26.2531,4.22191,1921,89373,0.928625,0,2,1339882,1337961,1921
46032501,25.9715,3.69417,1945,88910,0.920762,0,2,1339906,1337961,1945
46032501,25.7251,3.2324,1969,88447,0.914686,0,2,1339930,1337961,1969
46032501,25.5094,2.82835,1993,87984,0.906217,0,2,1339954,1337961,1993
46032501,25.3208,2.47481,2017,87521,0.899596,0,2,1339978,1337961,2017
46032501,25.1557,2.16546,2041,85598,0.891636,0,2,1340002,1337961,2041
46032501,25.0112,1.89477,2065,85135,0.883472,0,2,1340026,1337961,2065
46032501,24.8848,1.65793,2089,83213,0.875125,0,2,1340050,1337961,2089
46032501,24.7742,1.45069,2113,82750,0.867613,0,2,1340074,1337961,2113
46032501,24.6774,1.26935,2137,80827,0.861851,0,2,1340098,1337961,2137
46032501,24.5927,1.11068,2161,80364,0.855666,0,2,1340122,1337961,2161
46032501,24.5187,0.971846,2185,79901,0.8511,0,2,1340146,1337961,2185
46032501,24.4538,0.850365,2209,79438,0.84699,0,2,1340170,1337961,2209
46032501,24.3971,0.74407,2233,78975,0.841291,0,2,1340194,1337961,2233
46032501,24.3475,0.651061,2257,78512,0.836162,0,2,1340218,1337961,2257
46032501,24.304,0.569678,2281,78049,0.831545,0,2,1340242,1337961,2281
46032501,24.266,0.498469,2305,76126,0.825391,0,2,1340266,1337961,2305
46032501,24.2328,0.43616,2329,75663,0.819852,0,2,1340290,1337961,2329
46032501,24.2037,0.38164,2353,73740,0.814867,0,2,1340314,1337961,2353
46032501,24.1782,0.333935,2377,73277,0.80638,0,2,1340338,1337961,2377
46032501,22.0309,0.292193,2384,70080,0.795742,0,2,1340345,1337961,2384
46032501,22.2771,0.255669,2408,69040,0.785168,0,2,1340369,1337961,2408
46032501,22.4924,0.22371,2432,68620,0.774651,0,2,1340393,1337961,2432
46032501,22.6809,0.195747,2456,68620,0.766186,0,2,1340417,1337961,2456
46032501,22.8458,0.171278,2480,68620,0.756567,0,2,1340441,1337961,2480
46032501,22.9901,0.149868,2504,68620,0.745911,0,2,1340465,1337961,2504
46032501,23.1163,0.131135,2528,67200,0.737319,0,2,1340489,1337961,2528
46032501,23.2268,0.114743,2552,67200,0.728588,0,2,1340513,1337961,2552
46032501,23.3234,0.1004,2576,67200,0.721729,0,2,1340537,1337961,2576
46032501,23.408,0.0878501,2600,67200,0.716556,0,2,1340561,1337961,2600
46032501,23.482,0.0768689,2624,67200,0.7109,0,2,1340585,1337961,2624
46032501,23.5467,0.0672603,2648,67200,0.70481,0,2,1340609,1337961,2648
46032501,23.6034,0.0588527,2672,67200,0.700329,0,2,1340633,1337961,2672
46055861,23.9388,128.634,1472,68660,0.700374,0,2,1340969,1339497,1472
46055861,23.9465,112.555,1496,68660,0.704337,0,2,1340993,1339497,1496
46055861,23.9532,98.4855,1520,68660,0.707903,0,2,1341017,1339497,1520
46055861,23.959,86.1748,1544,68660,0.711113,0,2,1341041,1339497,1544
46055861,23.9641,75.4029,1568,68660,0.714001,0,2,1341065,1339497,1568
46055861,23.9686,65.9776,1592,68660,0.716601,0,2,1341089,1339497,1592
46055861,23.9726,57.7304,1616,68660,0.718941,0,2,1341113,1339497,1616
46064621,23.976,98.6391,1255,68660,0.721047,0.84,2,1341137,1339882,1255
46064621,23.979,86.3092,1279,70080,0.722942,0,2,1341161,1339882,1279
46064621,23.9816,75.5205,1303,68660,0.724648,0,2,1341185,1339882,1303
46069001,23.9839,78.0805,1231,68660,0.726183,0.8,2,1341209,1339978,1231
46069001,23.9859,68.3204,1255,70080,0.728565,0,2,1341233,1339978,1255
46073381,23.9877,68.7804,1207,68700,0.728709,0.8,2,1341257,1340050,1207
46085061,23.9892,63.1828,1207,70080,0.725838,0.77,2,1341281,1340074,1207
46085061,23.9906,55.285,1231,70080,0.721254,0,2,1341305,1340074,1231
46085061,23.9917,48.3743,1255,64320,0.715128,0,2,1341329,1340074,1255
46085061,23.9928,42.3276,1279,62860,0.707616,0,2,1341353,1340074,1279
46119061,22.0721,24.9919,1201,39500,0.587692,0,1,1341570,1340369,1201
46119061,22.3131,21.8679,1225,39500,0.572923,0,1,1341594,1340369,1225
46119061,22.5239,19.1344,1249,39500,0.55763,0,1,1341618,1340369,1249
46119061,22.7084,16.7426,1273,39500,0.541867,0,1,1341642,1340369,1273
46119061,22.8699,14.6498,1297,39500,0.525681,0,1,1341666,1340369,1297
46119061,23.0112,12.8186,1321,39500,0.509113,0,1,1341690,1340369,1321
46124901,23.0098,47.2162,1056,39500,0.492201,0.68,1,1341713,1340657,1056
46124901,23.1335,41.3142,1080,70080,0.474981,0,1,1341737,1340657,1080
46124901,23.2418,36.1499,1104,70080,0.457483,0,1,1341761,1340657,1104
46161441,23.3366,40.6312,1056,70080,0.439735,0,1,1341785,1340729,1056
46161441,23.4195,35.5523,1080,71540,0.421761,0,1,1341809,1340729,1080
46161441,23.4921,31.1083,1104,71540,0.403585,0,1,1341833,1340729,1104
46161441,23.5556,27.2197,1128,71540,0.385227,0,1,1341857,1340729,1128
46161441,23.6111,23.8173,1152,71540,0.366704,0,1,1341881,1340729,1152
46161441,23.6597,20.8401,1176,71540,0.348034,0,1,1341905,1340729,1176
46161441,23.7023,18.2351,1200,71540,0.32923,0,1,1341929,1340729,1200
46161441,23.7395,15.9557,1224,71540,0.310307,0,1,1341953,1340729,1224
46161441,23.7721,13.9612,1248,71540,0.291276,0,1,1341977,1340729,1248
46161441,23.8005,12.2161,1272,71540,0.272149,0,1,1342001,1340729,1272
46161441,23.8255,10.6891,1296,71540,0.252934,0,1,1342025,1340729,1296
46161441,23.8473,9.35294,1320,71540,0.233641,0,1,1342049,1340729,1320
46161441,23.8664,8.18382,1344,71540,0.214277,0,1,1342073,1340729,1344
46161441,23.8831,7.16085,1368,71540,0.194849,0,1,1342097,1340729,1368
46161441,23.8977,6.26574,1392,71540,0.175364,0,1,1342121,1340729,1392
46161441,23.9105,5.48252,1416,71540,0.157828,0,1,1342145,1340729,1416
46161441,23.9217,4.79721,1440,71540,0.142045,0,1,1342169,1340729,1440
46161441,23.9315,4.19756,1464,71540,0.12784,0,1,1342193,1340729,1464
46161441,23.94,3.67286,1488,71540,0.115056,0,1,1342217,1340729,1488
46161441,23.9475,3.21375,1512,71540,0.103551,0,1,1342241,1340729,1512
46161441,23.9541,2.81203,1536,71540,0.0931956,0,1,1342265,1340729,1536
46161441,23.9598,2.46053,1560,71540,0.083876,0,1,1342289,1340729,1560
46161441,23.9648,2.15296,1584,71540,0.0754884,0,1,1342313,1340729,1584
46161441,23.9692,1.88384,1608,71540,0.0679396,0,1,1342337,1340729,1608
46161441,21.0981,1.64836,1609,71540,0.0611456,0,1,1342338,1340729,1609
46164361,346.336,496.692,270,71540,0.130031,0,1,1344961,1344691,270
46167281,309.044,434.606,318,73000,0.194028,0,1,1345009,1344691,318
46170201,276.413,380.28,366,74460,0.253625,0,1,1345057,1344691,366
46173121,247.862,332.745,414,75920,0.309263,0,1,1345105,1344691,414
46176041,222.879,291.152,462,77380,0.361336,0,1,1345153,1344691,462
46178961,201.019,254.758,510,78840,0.410203,0,1,1345201,1344691,510
46181881,181.892,222.913,558,80300,0.456182,0,1,1345249,1344691,558
46184801,165.155,195.049,606,81760,0.499564,0,1,1345297,1344691,606
46187721,150.511,170.668,654,83220,0.540608,0,1,1345345,1344691,654
46190641,137.697,149.334,702,84680,0.579547,0,1,1345393,1344691,702
46202321,100.579,87.5371,894,90520,0.717166,0,2,1345585,1344691,894
46205241,94.0064,76.595,942,90520,0.745449,0,2,1345633,1344691,942
46208161,88.2556,67.0206,990,90520,0.770904,0,2,1345681,1344691,990
46211081,83.2236,58.643,1038,90520,0.793814,0,2,1345729,1344691,1038
46214001,78.8207,51.3126,1086,91980,0.814432,0,2,1345777,1344691,1086
46216921,74.9681,44.8986,1134,91980,0.832989,0,2,1345825,1344691,1134
46219841,71.5971,39.2862,1182,91980,0.84969,0,2,1345873,1344691,1182
46222761,68.6475,34.3755,1230,91980,0.864721,0,2,1345921,1344691,1230
46225681,66.0665,30.0785,1278,91980,0.878249,0,2,1345969,1344691,1278
46228601,63.8082,26.3187,1326,93440,0.890424,0,2,1346017,1344691,1326
46231521,61.8322,23.0289,1374,93440,0.901382,0,2,1346065,1344691,1374
46234441,60.1032,20.1503,1422,93440,0.911244,0.75,2,1346113,1344691,1422
46237361,58.5903,51.3815,1200,93440,0.920119,0.77,2,1346161,1344961,1200
46240281,57.2665,50.9588,1200,93440,0.928107,0.77,2,1346209,1345009,1200
46243201,56.1082,44.5889,1248,93440,0.935297,0.79,2,1346257,1345009,1248
46246121,55.0946,45.0153,1248,94900,0.941767,0.81,2,1346305,1345057,1248
46249041,54.2078,45.3884,1248,94900,0.94759,0.81,2,1346353,1345105,1248
46294301,29.0458,7.48412,1777,89456,0.944819,0,2,1347410,1345633,1777
46294301,28.415,6.54861,1801,88976,0.937337,0,2,1347434,1345633,1801
46294301,27.8632,5.73003,1825,88495,0.931603,0,2,1347458,1345633,1825
46294301,27.3803,5.01378,1849,86555,0.923443,0,2,1347482,1345633,1849
46294301,26.9577,4.38705,1873,86074,0.917099,0,2,1347506,1345633,1873
46294301,26.588,3.83867,1897,84134,0.910389,0,2,1347530,1345633,1897
46294301,26.2645,3.35884,1921,83653,0.90335,0,2,1347554,1345633,1921
46294301,25.9814,2.93898,1945,81713,0.896015,0,2,1347578,1345633,1945
46294301,25.7338,2.57161,1969,81233,0.890413,0,2,1347602,1345633,1969
46294301,25.517,2.25016,1993,80752,0.882372,0,2,1347626,1345633,1993
46294301,25.3274,1.96889,2017,80272,0.876135,0,2,1347650,1345633,2017
46294301,25.1615,1.72278,2041,79791,0.869521,0,2,1347674,1345633,2041
46294301,25.0163,1.50743,2065,79311,0.862569,0,2,1347698,1345633,2065
46294301,24.8893,1.319,2089,78830,0.854312,0,2,1347722,1345633,2089
46294301,24.7781,1.15413,2113,78350,0.845881,0,2,1347746,1345633,2113
46294301,24.6808,1.00986,2137,77869,0.837293,0,2,1347770,1345633,2137
46294301,24.5957,0.883628,2161,77389,0.828564,0,2,1347794,1345633,2161
46294301,24.5213,0.773175,2185,76909,0.821707,0,2,1347818,1345633,2185
46294301,24.4561,0.676528,2209,74968,0.812537,0,2,1347842,1345633,2209
46294301,24.3991,0.591962,2233,74488,0.805283,0,2,1347866,1345633,2233
46294301,24.3492,0.517967,2257,74007,0.799755,0,2,1347890,1345633,2257
46294301,24.3056,0.453221,2281,73527,0.793779,0,2,1347914,1345633,2281
46294301,24.2674,0.396568,2305,71586,0.787401,0,2,1347938,1345633,2305
46294301,24.2339,0.346997,2329,71106,0.782661,0,2,1347962,1345633,2329
46294301,24.2047,0.303623,2353,70625,0.775395,0,2,1347986,1345633,2353
46294301,24.1791,0.26567,2377,70145,0.769855,0,2,1348010,1345633,2377
46294301,24.1567,0.232461,2401,69665,0.76287,0,2,1348034,1345633,2401
46294301,24.1371,0.203403,2425,69184,0.755583,0,2,1348058,1345633,2425
46294301,24.12,0.177978,2449,67160,0.748025,0,2,1348082,1345633,2449
46294301,24.105,0.155731,2473,66520,0.740222,0,2,1348106,1345633,2473
46294301,24.0919,0.136264,2497,66520,0.7342,0,2,1348130,1345633,2497
46294301,24.0804,0.119231,2521,65060,0.72778,0,2,1348154,1345633,2521
46294301,24.0703,0.104327,2545,65060,0.723002,0,2,1348178,1345633,2545
46294301,24.0615,0.0912865,2569,65060,0.717702,0,2,1348202,1345633,2569
46294301,24.0539,0.0798757,2593,65060,0.713932,0,2,1348226,1345633,2593
46294301,24.0471,0.0698912,2617,65060,0.709538,0,2,1348250,1345633,2617
46294301,24.0412,0.0611548,2641,65060,0.706585,0,2,1348274,1345633,2641
46294301,24.0361,0.0535105,2665,65060,0.702926,0,2,1348298,1345633,2665
46294301,24.0316,0.0468217,2689,65060,0.700634,0,2,1348322,1345633,2689
46341021,23.6405,82.1311,1309,67160,0.705784,0,2,1348791,1347482,1309
46341021,23.6854,71.8647,1333,67160,0.716205,0,2,1348815,1347482,1333
46341021,23.7247,62.8816,1357,67160,0.723585,0,2,1348839,1347482,1357
46341021,23.7591,55.0214,1381,67160,0.728226,0,2,1348863,1347482,1381
46341021,23.7892,48.1437,1405,67160,0.730404,0,2,1348887,1347482,1405
46341021,23.8156,42.1258,1429,67160,0.730363,0,2,1348911,1347482,1429
46341021,23.8386,36.8601,1453,67160,0.728327,0,2,1348935,1347482,1453
46348321,23.8588,68.2525,1189,67160,0.724494,0.73,2,1348959,1347770,1189
46348321,23.8765,59.721,1213,67160,0.723045,0,2,1348983,1347770,1213
46362921,23.7669,61.2559,1164,67160,0.71974,0.68,2,1349006,1347842,1164
46362921,23.796,53.5989,1188,67160,0.718766,0,2,1349030,1347842,1188
46362921,23.8215,46.899,1212,67160,0.71589,0,2,1349054,1347842,1212
46362921,23.8438,41.0366,1236,66380,0.713301,0,2,1349078,1347842,1236
46362921,23.8634,35.9071,1260,66380,0.710971,0,2,1349102,1347842,1260
46362921,23.8804,31.4187,1284,66380,0.708874,0,2,1349126,1347842,1284
46362921,23.8954,27.4913,1308,66380,0.706986,0,2,1349150,1347842,1308
46362921,23.9085,24.0549,1332,65560,0.705288,0,2,1349174,1347842,1332
46403161,23.9199,57.0481,1068,65560,0.703759,0.67,2,1349198,1348130,1068
46406081,26.9299,52.9171,1092,68620,0.713383,0.67,2,1349246,1348154,1092
46409001,29.5637,52.3024,1092,70080,0.718045,0.67,2,1349294,1348202,1092
46411921,31.8682,51.7646,1092,71540,0.71924,0.67,2,1349342,1348250,1092
46414841,33.8847,51.294,1092,71540,0.716316,0.69,2,1349390,1348298,1092
46417761,35.6491,50.8823,1092,71540,0.709685,0.69,2,1349438,1348346,1092
46427481,34.553,42.235,1095,73000,0.585012,0.68,1,1349718,1348623,1095
46430401,36.2339,36.9556,1143,73000,0.563511,0.68,1,1349766,1348623,1143
46433321,37.7047,44.3362,1095,73000,0.54116,0.68,1,1349814,1348719,1095
46436241,38.9916,44.7942,1095,73000,0.517044,0.68,1,1349862,1348767,1095
46439161,40.1176,39.1949,1143,73000,0.49134,0.68,1,1349910,1348767,1143
46442081,41.1029,34.2955,1191,74460,0.464206,0.68,1,1349958,1348767,1191
46445001,41.9651,30.0086,1239,74460,0.435785,0.68,1,1350006,1348767,1239
46446821,40.4694,26.2575,1269,74460,0.406207,0.69,1,1350036,1348767,1269
46449741,41.4108,46.9753,1125,74460,0.375586,0.69,1,1350084,1348959,1125
46452661,42.2344,46.9784,1126,74460,0.344027,0.69,1,1350132,1349006,1126
46455581,42.9551,50.1061,1102,74460,0.311625,0.69,1,1350180,1349078,1102
46458501,43.5857,49.8428,1102,74460,0.280462,0.69,1,1350228,1349126,1102
46461421,44.1375,49.6125,1102,75920,0.252416,0.69,1,1350276,1349174,1102
46464341,44.6203,46.4109,1126,75920,0.227174,0.69,1,1350324,1349198,1126
46467261,45.0428,40.6096,1174,75920,0.204457,0.69,1,1350372,1349198,1174
46470181,45.4124,35.5334,1222,75920,0.184011,0.69,1,1350420,1349198,1222
46471361,67.1109,31.0917,1441,75920,0.16561,0,1,1350639,1349198,1441
46474281,2201.6,2316.46,270,75920,0.230049,0,1,1367782,1367512,270
46477201,1932.4,2026.9,318,77380,0.290044,0,1,1367830,1367512,318
46480121,1696.85,1773.54,366,78840,0.34604,0,1,1367878,1367512,366
46483041,1490.74,1551.84,414,80300,0.398436,0,1,1367926,1367512,414
46485961,1310.4,1357.86,462,81760,0.447592,0,1,1367974,1367512,462
46488881,1152.6,1188.13,510,83220,0.493833,0,1,1368022,1367512,510
46491801,1014.52,1039.61,558,84680,0.53745,0,1,1368070,1367512,558
46494721,893.709,909.662,606,86140,0.578705,0,1,1368118,1367512,606
46506401,543.739,533.227,798,91980,0.720591,0,2,1368310,1367512,798
46509321,481.772,466.574,846,93440,0.748532,0,2,1368358,1367512,846
46512241,427.55,408.252,894,94900,0.773679,0,2,1368406,1367512,894
46515161,380.106,357.221,942,96360,0.796311,0,2,1368454,1367512,942
46518081,338.593,312.568,990,97820,0.81668,0,2,1368502,1367512,990
46521001,302.269,273.497,1038,99280,0.835012,0,2,1368550,1367512,1038
46523921,270.485,239.31,1086,100740,0.851511,0,2,1368598,1367512,1086
46526841,242.675,209.396,1134,102200,0.86636,0,2,1368646,1367512,1134
46529761,218.34,183.222,1182,103660,0.879724,0,2,1368694,1367512,1182
46532681,197.048,160.319,1230,105120,0.891751,0,2,1368742,1367512,1230
46535601,178.417,140.279,1278,106580,0.902576,0,2,1368790,1367512,1278
46538521,162.115,122.744,1326,108040,0.912319,0,2,1368838,1367512,1326
46541441,147.85,107.401,1374,109500,0.921087,0,2,1368886,1367512,1374
46544361,135.369,93.976,1422,110960,0.928978,0,2,1368934,1367512,1422
46547281,124.448,82.229,1470,112420,0.93608,0.81,2,1368982,1367512,1470
46550201,114.892,105.7,1248,113880,0.942472,0.81,2,1369030,1367782,1248
46553121,106.53,92.4879,1296,115340,0.948225,0.83,2,1369078,1367782,1296
46592541,49.2855,33.4934,1536,135780,0.936672,0,2,1369798,1368262,1536
46592541,46.2498,29.3067,1561,126120,0.922005,0.81,2,1369823,1368262,1561
46592541,43.4686,25.6434,1585,125324,0.904805,0,2,1369847,1368262,1585
46592541,41.035,22.438,1609,124926,0.887324,0,2,1369871,1368262,1609
46592541,38.9056,19.6332,1633,123067,0.867592,0,2,1369895,1368262,1633
46592541,37.0424,17.1791,1657,121209,0.847833,0,2,1369919,1368262,1657
46592541,35.4121,15.0317,1681,119351,0.828049,0,2,1369943,1368262,1681
46592541,33.9856,13.1527,1705,117493,0.808244,0,2,1369967,1368262,1705
46592541,32.7374,11.5086,1729,115634,0.78642,0,2,1369991,1368262,1729
46592541,31.6452,10.07,1753,115236,0.764778,0,2,1370015,1368262,1753
46592541,30.6896,8.81129,1777,110458,0.7433,0,2,1370039,1368262,1777
46592541,29.8534,7.70988,1801,107139,0.72297,0,2,1370063,1368262,1801
46592541,29.1217,6.74615,1825,105281,0.705673,0,2,1370087,1368262,1825
46592541,24.463,0.609819,2257,60420,0.598361,0,1,1370519,1368262,2257
46592541,24.4051,0.533591,2281,60420,0.595525,0,1,1370543,1368262,2281
46592541,22.9795,0.466892,2294,60420,0.592973,0,1,1370556,1368262,2294
46592541,20.607,0.408531,2298,60420,0.590676,0,1,1370560,1368262,2298
46592541,21.0312,0.357465,2322,58140,0.585608,0,1,1370584,1368262,2322
46592541,19.6523,0.312781,2332,57940,0.583047,0,1,1370594,1368262,2332
46592541,20.1957,0.273684,2356,55020,0.579742,0,1,1370618,1368262,2356
46592541,20.6713,0.239473,2380,54400,0.576768,0,1,1370642,1368262,2380
46592541,18.5874,0.209539,2384,54400,0.574091,0,1,1370646,1368262,2384
46592541,19.2639,0.183347,2408,54400,0.569682,0,1,1370670,1368262,2408
46592541,19.8559,0.160428,2432,54200,0.565714,0,1,1370694,1368262,2432
46592541,17.874,0.140375,2436,54200,0.564143,0,1,1370698,1368262,2436
46592541,18.6397,0.122828,2460,54200,0.560728,0,1,1370722,1368262,2460
46592541,19.3097,0.107474,2484,54000,0.557656,0,1,1370746,1368262,2484
46592541,17.396,0.0940402,2488,54000,0.55689,0,1,1370750,1368262,2488
46592541,18.2215,0.0822852,2512,54000,0.554201,0,1,1370774,1368262,2512
46592541,18.9438,0.0719995,2536,53800,0.551781,0,1,1370798,1368262,2536
46592541,17.0759,0.0629996,2540,53800,0.551603,0,1,1370802,1368262,2540
46592541,17.0664,0.0551246,2557,53800,0.549443,0,1,1370819,1368262,2557
46598381,17.9331,192.048,1045,53600,0.545498,0.75,1,1370843,1369798,1045
46601301,18.6914,174.167,1020,64800,0.557948,0.69,1,1370867,1369847,1020
46604221,19.355,158.396,996,65700,0.571154,0.67,1,1370891,1369895,996
46607141,19.9356,141.597,996,64800,0.581038,0.65,1,1370915,1369919,996
46610061,20.4437,126.897,996,65700,0.591934,0.59,1,1370939,1369943,996
46614441,20.8882,117.035,972,64800,0.599741,0.57,1,1370963,1369991,972
46725961,26.8992,13.1378,1057,96360,0.710397,0.67,2,1371922,1370865,1057
46728881,29.5368,11.7456,1103,97820,0.739357,0.67,2,1371970,1370867,1103
46731801,31.8447,16.2774,1103,99280,0.765421,0.67,2,1372018,1370915,1103
46734721,33.8641,20.2427,1103,99280,0.788879,0.67,2,1372066,1370963,1103
46737641,35.6311,23.7124,1103,100740,0.809991,0.67,2,1372114,1371011,1103
46740561,37.1772,26.7483,1103,100740,0.828992,0.67,2,1372162,1371059,1103
46743481,38.5301,29.4048,1103,100740,0.846093,0.67,2,1372210,1371107,1103
46746401,39.7138,31.7292,1103,102200,0.861484,0.67,2,1372258,1371155,1103
46749321,40.7496,33.763,1103,102200,0.875335,0.67,2,1372306,1371203,1103
46752241,41.6559,35.5427,1103,102200,0.887802,0.67,2,1372354,1371251,1103
46755161,42.4489,37.0998,1103,103660,0.899022,0.67,2,1372402,1371299,1103
46758081,43.1428,38.4623,1103,103660,0.909119,0.67,2,1372450,1371347,1103
46761001,43.7499,39.6546,1103,103660,0.918208,0.67,2,1372498,1371395,1103
46763921,44.2812,40.6977,1103,105120,0.926387,0.67,2,1372546,1371443,1103
46766841,44.746,41.6105,1103,105120,0.933748,0.67,2,1372594,1371491,1103
46769761,45.1528,42.4092,1103,105120,0.940373,0.67,2,1372642,1371539,1103
46772681,45.5087,43.1081,1103,106580,0.946336,0.67,2,1372690,1371587,1103
46804801,47.4265,23.2451,1344,110960,0.94522,0.69,2,1373218,1371874,1344
46807721,47.4982,20.3395,1392,112420,0.935698,0.69,2,1373266,1371874,1392
46810641,47.5609,17.797,1440,112420,0.927128,0.69,2,1373314,1371874,1440
46813561,47.6158,15.5724,1488,113880,0.920415,0.69,2,1373362,1371874,1488
46816481,47.6638,13.6259,1536,113880,0.914374,0.69,2,1373410,1371874,1536
46816481,44.7059,11.9226,1560,113880,0.909936,0,2,1373434,1371874,1560
46816481,42.1176,10.4323,1584,113880,0.906943,0,2,1373458,1371874,1584
46816481,39.8529,9.12826,1608,113880,0.902248,0,2,1373482,1371874,1608
46816481,37.8713,7.98723,1632,112420,0.897024,0.86,2,1373506,1371874,1632
46816481,36.1374,6.98882,1656,111471,0.891321,0,2,1373530,1371874,1656
46816481,34.7452,6.11522,1681,110997,0.885189,0,2,1373555,1371874,1681
46816481,33.4021,5.35082,1705,110522,0.87867,0,2,1373579,1371874,1705
46816481,32.2268,4.68197,1729,110048,0.870803,0,2,1373603,1371874,1729
46816481,31.1985,4.09672,1753,108113,0.862723,0,2,1373627,1371874,1753
46816481,30.2987,3.58463,1777,107639,0.854451,0,2,1373651,1371874,1777
46816481,29.5113,3.13655,1801,105704,0.846005,0,2,1373675,1371874,1801
46816481,28.8224,2.74448,1825,103770,0.839405,0,2,1373699,1371874,1825
46816481,28.2196,2.40142,1849,103295,0.829464,0,2,1373723,1371874,1849
46816481,27.6922,2.10124,1873,101361,0.819518,0,2,1373747,1371874,1873
46816481,27.2306,1.83859,1897,100886,0.811566,0,2,1373771,1371874,1897
46816481,26.8268,1.60876,1921,98952,0.80141,0,2,1373795,1371874,1921
46816481,26.4735,1.40767,1945,95557,0.793269,0,2,1373819,1371874,1945
46816481,26.1643,1.23171,1969,95083,0.783942,0,2,1373843,1371874,1969
46816481,25.8937,1.07775,1993,93148,0.772548,0,2,1373867,1371874,1993
46816481,25.657,0.943028,2017,92674,0.763293,0,2,1373891,1371874,2017
46816481,25.4499,0.82515,2041,89279,0.753964,0,2,1373915,1371874,2041
46816481,25.2687,0.722006,2065,87345,0.744567,0,2,1373939,1371874,2065
46816481,25.1101,0.631755,2089,86870,0.73411,0,2,1373963,1371874,2089
46816481,24.9713,0.552786,2113,83476,0.725699,0,2,1373987,1371874,2113
46816481,24.8499,0.483688,2137,83001,0.71713,0,2,1374011,1371874,2137
46816481,24.7437,0.423227,2161,78840,0.710417,0,2,1374035,1371874,2161
46816481,24.6507,0.370323,2185,75920,0.704375,0,2,1374059,1371874,2185
46832541,24.0104,137.063,1152,76360,0.712554,0.77,2,1374803,1373651,1152
46836921,24.0091,122.93,1152,75920,0.725298,0.74,2,1374827,1373675,1152
46841301,24.0079,113.564,1128,76960,0.738768,0.71,2,1374851,1373723,1128
46841301,24.0069,99.3682,1152,75920,0.748892,0,2,1374875,1373723,1152
46844221,24.0061,95.9472,1104,75500,0.758002,0.72,2,1374899,1373795,1104
46845681,24.0053,86.9538,1104,76960,0.768202,0.67,2,1374923,1373819,1104
46850061,24.0047,82.0846,1080,75920,0.775382,0.68,2,1374947,1373867,1080
46854441,24.0041,74.824,1080,76960,0.783844,0.66,2,1374971,1373891,1080
46855901,24.0036,71.471,1056,75920,0.789459,0.64,2,1374995,1373939,1056
46858821,24.0031,65.5371,1056,76960,0.796513,0.64,2,1375019,1373963,1056
46863201,24.0027,63.345,1032,75920,0.800862,0.65,2,1375043,1374011,1032
46864661,24.0024,58.4269,1032,76960,0.806776,0.65,2,1375067,1374035,1032
46869041,24.0021,54.1235,1032,75920,0.810098,0.65,2,1375091,1374059,1032
46870501,24.0018,50.3581,1032,76960,0.815089,0.65,2,1375115,1374083,1032
46873421,24.0016,47.0633,1032,75920,0.81758,0.65,2,1375139,1374107,1032
46874881,24.0014,44.1804,1032,76960,0.821822,0.65,2,1375163,1374131,1032
46879261,24.0012,41.6578,1032,75920,0.82364,0.65,2,1375187,1374155,1032
46880721,24.0011,39.4506,1032,76960,0.827276,0.65,2,1375211,1374179,1032
46885101,24.0009,37.5193,1032,75920,0.828548,0.65,2,1375235,1374203,1032
46886561,24.0008,35.8294,1032,76960,0.831693,0.65,2,1375259,1374227,1032
46889481,24.0007,34.3507,1032,75920,0.832524,0.65,2,1375283,1374251,1032
46890941,24.0006,33.0569,1032,76960,0.835271,0.65,2,1375307,1374275,1032
46895321,23.8755,31.9248,1031,75920,0.834744,0.65,2,1375330,1374299,1031
46896781,23.8911,30.9342,1031,76960,0.83627,0.65,2,1375354,1374323,1031
46898241,23.9047,30.0674,1031,75920,0.835643,0.65,2,1375378,1374347,1031
46937661,23.9166,29.309,1031,76960,0.837079,0.64,2,1375402,1374371,1031
46940581,26.927,28.6453,1055,80300,0.853371,0.64,2,1375450,1374395,1055
46943501,29.5612,31.0647,1055,81760,0.868034,0.64,2,1375498,1374443,1055
46946421,31.866,33.1816,1055,83220,0.88123,0.64,2,1375546,1374491,1055
46946641,31.3828,35.0339,1035,83220,0.893107,0.81,2,1375574,1374539,1035
46946641,30.4599,30.6547,1059,83220,0.903797,0,2,1375598,1374539,1059
46946641,29.6524,26.8228,1083,83220,0.913417,0,2,1375622,1374539,1083
46946641,28.9459,23.47,1107,83220,0.922075,0,2,1375646,1374539,1107
46946641,28.3276,20.5362,1131,83220,0.929868,0,2,1375670,1374539,1131
46946641,27.7867,17.9692,1155,83220,0.936881,0,2,1375694,1374539,1155
46946641,27.3134,15.723,1179,83220,0.943193,0,2,1375718,1374539,1179
46946641,26.8992,13.7577,1203,83220,0.948874,0,2,1375742,1374539,1203
46952481,28.5826,25.4176,1255,83220,0.947622,0.83,2,1375986,1374731,1255
46955401,31.0098,28.2404,1255,83220,0.94286,0.85,2,1376034,1374779,1255
46957461,31.3836,27.7103,1265,83220,0.938574,0.84,2,1376068,1374803,1265
46960381,33.4606,27.2466,1289,84680,0.936716,0.84,2,1376116,1374827,1289
46963301,35.278,32.8407,1265,84680,0.935045,0.84,2,1376164,1374899,1265
46966221,36.8683,34.7356,1265,84680,0.93354,0.84,2,1376212,1374947,1265
46969141,38.2597,36.3937,1265,84680,0.932186,0.84,2,1376260,1374995,1265
46972061,39.4773,37.8445,1265,84680,0.930968,0.84,2,1376308,1375043,1265
46974981,40.5426,39.1139,1265,86140,0.931871,0.84,2,1376356,1375091,1265
46977901,41.4748,40.2247,1265,86140,0.932684,0.84,2,1376404,1375139,1265
46980821,42.2904,41.1966,1265,86140,0.933415,0.84,2,1376452,1375187,1265
46983741,43.0041,42.047,1265,86140,0.934074,0.84,2,1376500,1375235,1265
46986661,43.6286,42.7911,1265,87600,0.936666,0.83,2,1376548,1375283,1265
46989581,44.175,43.3172,1266,87600,0.939,0.83,2,1376596,1375330,1266
46992501,44.6532,43.9026,1266,87600,0.9251,0.85,2,1376644,1375378,1266
46995421,45.0715,41.4148,1290,87600,0.91459,0.85,2,1376692,1375402,1290
46998341,45.4376,36.2379,1338,87600,0.907131,0.85,2,1376740,1375402,1338
47001261,45.7579,31.7082,1386,89060,0.904418,0.85,2,1376788,1375402,1386
47004181,46.0381,27.7447,1434,89060,0.903976,0.85,2,1376836,1375402,1434
47007101,46.2834,24.2766,1482,89060,0.905578,0.85,2,1376884,1375402,1482
47010021,46.498,21.242,1530,89060,0.909021,1,2,1376932,1375402,1530
47012941,46.6857,24.5868,1530,89060,0.914119,1,2,1376980,1375450,1530
47015861,46.85,21.5134,1578,89060,0.919707,1,2,1377028,1375450,1578
47018781,46.9937,24.8242,1578,90520,0.926736,1,2,1377076,1375498,1578
47020241,47.1195,21.7212,1626,90520,0.933062,1,2,1377124,1375498,1626
47020241,44.2296,19.0061,1650,90520,0.939756,0,2,1377148,1375498,1650
47020241,41.7009,16.6303,1674,90520,0.945781,0,2,1377172,1375498,1674
47020241,27.5653,3.34963,1962,83312,0.948366,0,2,1377460,1375498,1962
47020241,27.1196,2.93092,1986,82833,0.945529,0,2,1377484,1375498,1986
47020241,26.7297,2.56456,2010,82354,0.940977,0,2,1377508,1375498,2010
47020241,26.3884,2.24399,2034,81875,0.936879,0,2,1377532,1375498,2034
47020241,26.0899,1.96349,2058,81395,0.933191,0,2,1377556,1375498,2058
47020241,25.8287,1.71805,2082,80916,0.929872,0,2,1377580,1375498,2082
47020241,25.6001,1.5033,2106,80437,0.924885,0,2,1377604,1375498,2106
47020241,25.4001,1.31539,2130,79958,0.920396,0,2,1377628,1375498,2130
47020241,25.2251,1.15096,2154,79479,0.916357,0,2,1377652,1375498,2154
47020241,25.0719,1.00709,2178,79000,0.910721,0,2,1377676,1375498,2178
47020241,24.9379,0.881205,2202,78521,0.905649,0,2,1377700,1375498,2202
47020241,24.8207,0.771055,2226,78042,0.901084,0,2,1377724,1375498,2226
47020241,24.7181,0.674673,2250,77563,0.894976,0,2,1377748,1375498,2250
47020241,24.6283,0.590339,2274,77084,0.889478,0,2,1377772,1375498,2274
47020241,24.5498,0.516546,2298,76605,0.88453,0,2,1377796,1375498,2298
47020241,24.4811,0.451978,2322,76126,0.878077,0,2,1377820,1375498,2322
47020241,24.4209,0.395481,2346,75647,0.872269,0,2,1377844,1375498,2346
47020241,24.3683,0.346046,2370,75168,0.867043,0,2,1377868,1375498,2370
47020241,24.3223,0.30279,2394,74689,0.860338,0,2,1377892,1375498,2394
47020241,24.282,0.264941,2418,74210,0.854304,0,2,1377916,1375498,2418
47020241,24.2467,0.231824,2442,73730,0.848874,0,2,1377940,1375498,2442
47020241,24.2159,0.202846,2466,73251,0.841987,0,2,1377964,1375498,2466
47020241,24.1889,0.17749,2490,72772,0.835788,0,2,1377988,1375498,2490
47020241,24.1653,0.155304,2514,72293,0.830209,0,2,1378012,1375498,2514
47020241,24.1446,0.135891,2538,71814,0.823188,0,2,1378036,1375498,2538
47020241,24.1266,0.118904,2562,71335,0.816869,0,2,1378060,1375498,2562
47020241,24.1107,0.104041,2586,70856,0.811182,0,2,1378084,1375498,2586
47020241,24.0969,0.0910362,2610,70377,0.804064,0,2,1378108,1375498,2610
47020241,24.0848,0.0796567,2634,69898,0.797658,0,2,1378132,1375498,2634
47020241,24.0742,0.0696996,2658,69419,0.791892,0,2,1378156,1375498,2658
47020241,24.0649,0.0609871,2682,68940,0.784703,0,2,1378180,1375498,2682
47020241,24.0568,0.0533637,2706,68461,0.778233,0,2,1378204,1375498,2706
47020241,24.0497,0.0466933,2730,67982,0.772409,0,2,1378228,1375498,2730
47020241,24.0435,0.0408566,2754,67503,0.764168,0,2,1378252,1375498,2754
47020241,24.0381,0.0357495,2778,67024,0.757752,0,2,1378276,1375498,2778
47020241,24.0333,0.0312808,2802,64840,0.748976,0,2,1378300,1375498,2802
47020241,24.0291,0.0273707,2826,63380,0.740079,0,2,1378324,1375498,2826
47020241,24.0255,0.0239494,2850,62780,0.728071,0,2,1378348,1375498,2850
47020241,24.0223,0.0209557,2874,61920,0.717264,0,2,1378372,1375498,2874
47020241,24.0195,0.0183363,2898,61920,0.708537,0,2,1378396,1375498,2898
47020241,24.0171,0.0160442,2922,61920,0.701684,0,2,1378420,1375498,2922
47116601,27.0045,189.098,1464,64240,0.700203,0.97,2,1378684,1377220,1464
47117201,27.8789,174.461,1426,65700,0.730183,0.8,2,1378718,1377292,1426
47117201,27.3941,152.653,1450,67160,0.757165,0,2,1378742,1377292,1450
47117201,26.9698,133.571,1474,67160,0.781448,0,2,1378766,1377292,1474
47117201,26.5986,116.875,1498,67160,0.801303,0,2,1378790,1377292,1498
47117201,26.2738,102.266,1522,67160,0.817173,0,2,1378814,1377292,1522
47117201,25.9895,89.4825,1546,67160,0.829456,0,2,1378838,1377292,1546
47117201,25.7408,78.2972,1570,67160,0.83851,0,2,1378862,1377292,1570
47117201,25.5232,68.51,1594,67160,0.844659,0,2,1378886,1377292,1594
47117201,25.3328,59.9463,1618,67160,0.848193,0,2,1378910,1377292,1618
47117201,25.1662,52.453,1642,67160,0.849374,0,2,1378934,1377292,1642
47117201,25.0205,45.8964,1666,67160,0.848436,0,2,1378958,1377292,1666
47117201,24.8929,40.1593,1690,67160,0.845593,0,2,1378982,1377292,1690
47117201,24.7813,35.1394,1714,67160,0.841034,0,2,1379006,1377292,1714
47117201,24.6836,30.747,1738,67160,0.83493,0,2,1379030,1377292,1738
47117201,24.5982,26.9036,1762,67160,0.827437,0,2,1379054,1377292,1762
47117201,24.5234,23.5407,1786,67160,0.818693,0,2,1379078,1377292,1786
47117201,24.458,20.5981,1810,67160,0.808824,0,2,1379102,1377292,1810
47120121,27.4007,96.0233,1234,67160,0.795942,0.78,2,1379150,1377916,1234
47123041,29.9756,93.0204,1210,68620,0.786348,0.76,2,1379198,1377988,1210
47125961,32.2287,90.3928,1186,70080,0.779713,0.74,2,1379246,1378060,1186
47128881,34.2001,88.0937,1162,70080,0.773741,0.72,2,1379294,1378132,1162
47131801,35.9251,86.082,1138,70080,0.768367,0.62,2,1379342,1378204,1138
47134721,37.4344,93.3218,1042,71540,0.765531,0.63,2,1379390,1378348,1042
47137641,38.7551,87.6565,1042,71540,0.763978,0.64,2,1379438,1378396,1042
47140561,39.9107,82.6995,1042,71540,0.76258,0.65,2,1379486,1378444,1042
47143481,40.9219,78.362,1042,71540,0.761322,0.65,2,1379534,1378492,1042
47146401,41.8067,74.5668,1042,71540,0.76019,0.65,2,1379582,1378540,1042
47149321,42.5808,71.2459,1042,71540,0.759171,0.65,2,1379630,1378588,1042
47151941,42.6332,68.3402,1037,71540,0.758254,0.64,2,1379673,1378636,1037
47154861,43.3041,63.0477,1059,71540,0.757428,0.64,2,1379721,1378662,1059
47157781,43.8911,55.1667,1107,73000,0.758685,0.64,2,1379769,1378662,1107
47160701,44.4047,48.2709,1155,73000,0.759817,0.64,2,1379817,1378662,1155
47163621,44.8541,42.237,1203,73000,0.760835,0.64,2,1379865,1378662,1203
47166541,45.2473,36.9574,1251,73000,0.760752,0.64,2,1379913,1378662,1251
47169461,45.5914,32.3377,1299,73000,0.760677,0.64,2,1379961,1378662,1299
47172381,45.8925,28.2955,1347,73000,0.761609,0.64,2,1380009,1378662,1347
47175301,46.1559,24.7586,1395,73000,0.762448,0.64,2,1380057,1378662,1395
47178221,46.3864,21.6637,1443,73000,0.763203,0.98,2,1380105,1378662,1443
47181141,46.5881,21.7058,1469,73000,0.763883,1,2,1380153,1378684,1469
47184061,46.7646,23.2426,1483,73000,0.764495,0.68,2,1380201,1378718,1483
47186981,46.919,74.3372,1099,73000,0.765045,0.68,2,1380249,1379150,1099
47189901,47.0542,65.0451,1147,73000,0.765541,0.7,2,1380297,1379150,1147
47192821,47.1724,62.9144,1147,73000,0.765987,0.72,2,1380345,1379198,1147
47195741,47.2758,61.0501,1147,74460,0.768388,0.72,2,1380393,1379246,1147
47198661,47.3664,59.4189,1147,74460,0.770549,0.72,2,1380441,1379294,1147
47201581,47.4456,57.9915,1147,74460,0.772494,0.72,2,1380489,1379342,1147
47204501,47.5149,50.7426,1195,74460,0.774245,0.74,2,1380537,1379342,1195
47207421,47.5755,50.3998,1195,74460,0.77582,0.75,2,1380585,1379390,1195
47210341,47.6286,50.0998,1195,74460,0.777238,0.75,2,1380633,1379438,1195
47213261,47.675,49.8373,1195,74460,0.778514,0.75,2,1380681,1379486,1195
47216181,47.7156,49.6076,1195,74460,0.779663,0.75,2,1380729,1379534,1195
47219101,47.7512,49.4067,1195,74460,0.780697,0.75,2,1380777,1379582,1195
47222021,47.7823,49.2309,1195,74460,0.781627,0.75,2,1380825,1379630,1195
47224941,47.8095,48.452,1200,74460,0.782464,0.75,2,1380873,1379673,1200
47227861,47.8333,48.3955,1200,74460,0.783218,0.77,2,1380921,1379721,1200
47230781,47.8541,48.3461,1200,74460,0.783896,0.77,2,1380969,1379769,1200
47233701,47.8724,48.3028,1200,74460,0.781506,0.77,2,1381017,1379817,1200
47236621,47.8883,48.265,1200,74460,0.775356,0.76,2,1381065,1379865,1200
47239541,47.9023,48.2318,1200,74460,0.76582,0.76,2,1381113,1379913,1200
47242461,47.9145,48.2029,1200,74460,0.753238,0.77,2,1381161,1379961,1200
47245381,47.9252,48.1775,1200,74460,0.737914,0.77,2,1381209,1380009,1200
47248301,47.9345,48.1553,1200,74460,0.720123,0.77,2,1381257,1380057,1200
47251221,47.9427,48.1359,1200,74460,0.700111,0.77,2,1381305,1380105,1200
47265821,47.9706,48.0697,1200,74460,0.573777,0.77,1,1381545,1380345,1200
47268741,47.9743,42.061,1248,75920,0.544399,0.79,1,1381593,1380345,1248
47271661,47.9775,42.8034,1248,75920,0.51396,0.79,1,1381641,1380393,1248
47274581,47.9803,43.4529,1248,75920,0.482564,0.79,1,1381689,1380441,1248
47277501,47.9828,44.0213,1248,75920,0.450307,0.79,1,1381737,1380489,1248
47280421,47.9849,44.5187,1248,75920,0.417276,0.79,1,1381785,1380537,1248
47283341,47.9868,44.9538,1248,75920,0.383549,0.79,1,1381833,1380585,1248
47286261,47.9885,45.3346,1248,75920,0.349194,0.79,1,1381881,1380633,1248
47289181,47.9899,45.6678,1248,75920,0.314275,0.79,1,1381929,1380681,1248
47292101,47.9912,45.9593,1248,75920,0.282847,0.79,1,1381977,1380729,1248
47295021,47.9923,46.2144,1248,75920,0.254562,0.79,1,1382025,1380777,1248
47297941,47.9932,46.4376,1248,75920,0.229106,0.79,1,1382073,1380825,1248
47300861,47.9941,46.6329,1248,75920,0.206196,0.79,1,1382121,1380873,1248
47303361,47.1198,46.8038,1241,75920,0.185576,0,1,1382162,1380921,1241
47306281,409.23,530.328,270,75920,0.248018,0,1,1385106,1384836,270
47309201,364.076,464.037,318,77380,0.306217,0,1,1385154,1384836,318
47312121,324.567,406.033,366,78840,0.360595,0,1,1385202,1384836,366
47315041,289.996,355.279,414,80300,0.411535,0,1,1385250,1384836,414
47317961,259.746,310.869,462,81760,0.459382,0,1,1385298,1384836,462
47320881,233.278,272.01,510,83220,0.504444,0,1,1385346,1384836,510
47323801,210.118,238.009,558,84680,0.546999,0,1,1385394,1384836,558
47326721,189.853,208.258,606,86140,0.587299,0,1,1385442,1384836,606
47338401,131.152,122.077,798,91980,0.72623,0,2,1385634,1384836,798
47341321,120.758,106.817,846,93440,0.753607,0,2,1385682,1384836,846
47344241,111.663,93.4651,894,94900,0.778246,0,2,1385730,1384836,894
47347161,103.705,81.782,942,96360,0.800422,0,2,1385778,1384836,942
47350081,96.7421,71.5592,990,97820,0.82038,0,2,1385826,1384836,990
47353001,90.6494,62.6143,1038,99280,0.838342,0,2,1385874,1384836,1038
47355921,85.3182,54.7875,1086,100740,0.854507,0,2,1385922,1384836,1086
47358841,80.6534,47.9391,1134,102200,0.869057,0,2,1385970,1384836,1134
47361761,76.5717,41.9467,1182,103660,0.882151,0,2,1386018,1384836,1182
47364681,73.0003,36.7034,1230,105120,0.893936,0,2,1386066,1384836,1230
47367601,69.8752,32.1154,1278,106580,0.904542,0,2,1386114,1384836,1278
47370521,67.1408,28.101,1326,108040,0.914088,0,2,1386162,1384836,1326
47373441,64.7482,24.5884,1374,109500,0.922679,0,2,1386210,1384836,1374
47376361,62.6547,21.5148,1422,110960,0.930411,0,2,1386258,1384836,1422
47379281,60.8229,18.8255,1470,112420,0.93337,0.81,2,1386306,1384836,1470
47382201,59.22,50.2223,1248,113880,0.932033,0.81,2,1386354,1385106,1248
47385121,57.8175,43.9445,1296,115340,0.92683,0.83,2,1386402,1385106,1296
47388041,56.5903,44.4514,1296,116800,0.918147,0.85,2,1386450,1385154,1296
47390961,55.5165,44.895,1296,118260,0.906332,0.85,2,1386498,1385202,1296
47393881,54.577,39.2831,1344,119720,0.891699,0.87,2,1386546,1385202,1344
47396801,53.7548,40.3727,1344,121180,0.874529,0.89,2,1386594,1385250,1344
47399721,53.0355,41.3262,1344,122640,0.855076,0.89,2,1386642,1385298,1344
47402641,52.406,36.1604,1392,124100,0.833569,0.91,2,1386690,1385298,1392
47405561,51.8553,37.6403,1392,125560,0.810212,0.93,2,1386738,1385346,1392
47408481,51.3734,38.9353,1392,127020,0.781191,0.93,2,1386786,1385394,1392
47411401,50.9517,34.0684,1440,128480,0.803071,0.95,2,1386834,1385394,1440
47414321,50.5827,35.8098,1440,129940,0.822764,0.97,2,1386882,1385442,1440
47417241,50.2599,37.3336,1440,131400,0.840488,0.97,2,1386930,1385490,1440
47420161,49.9774,32.6669,1488,132860,0.856439,0.99,2,1386978,1385490,1488
47423081,49.7302,34.5835,1488,134320,0.870795,1,2,1387026,1385538,1488
47424541,49.514,36.2606,1488,135780,0.883716,1,2,1387074,1385586,1488
47424541,46.3247,31.728,1512,135780,0.895344,0,2,1387098,1385586,1512
47424541,43.5341,27.762,1536,135780,0.90581,0,2,1387122,1385586,1536
47424541,41.2174,24.2918,1561,126120,0.915229,1,2,1387147,1385586,1561
47424541,39.0652,21.2553,1585,125324,0.923706,0,2,1387171,1385586,1585
47424541,37.182,18.5984,1609,124926,0.931335,0,2,1387195,1385586,1609
47424541,35.5343,16.2736,1633,123067,0.938202,0,2,1387219,1385586,1633
47424541,34.0925,14.2394,1657,121209,0.944382,0,2,1387243,1385586,1657
47424541,32.8309,12.4595,1681,119351,0.949943,0,2,1387267,1385586,1681
47424541,24.0039,0.338623,2315,94900,0.92775,0,2,1387901,1385586,2315
47424541,24.0034,0.296295,2339,94880,0.898975,0,2,1387925,1385586,2339
47424541,24.003,0.259258,2363,94880,0.874078,0,2,1387949,1385586,2363
47424541,24.0026,0.226851,2387,94880,0.85267,0,2,1387973,1385586,2387
47424541,24.0023,0.198495,2411,94880,0.834403,0,2,1387997,1385586,2411
47424541,24.002,0.173683,2435,94880,0.816963,0,2,1388021,1385586,2435
47424541,24.0017,0.151973,2459,94880,0.802266,0,2,1388045,1385586,2459
47424541,24.0015,0.132976,2483,94880,0.79004,0,2,1388069,1385586,2483
47424541,24.0013,0.116354,2507,94880,0.778036,0,2,1388093,1385586,2507
47424541,24.0012,0.10181,2531,94880,0.768232,0,2,1388117,1385586,2531
47424541,24.001,0.0890835,2555,94880,0.760409,0,2,1388141,1385586,2555
47424541,24.0009,0.0779481,2579,94880,0.754368,0,2,1388165,1385586,2579
47424541,24.0008,0.0682046,2603,94880,0.749931,0,2,1388189,1385586,2603
47424541,24.0007,0.059679,2627,94880,0.745938,0,2,1388213,1385586,2627
47424541,24.0006,0.0522191,2651,94880,0.742344,0,2,1388237,1385586,2651
47424541,24.0005,0.0456917,2675,94880,0.73711,0,2,1388261,1385586,2675
47424541,24.0005,0.0399803,2699,94880,0.730399,0,2,1388285,1385586,2699
47424541,24.0004,0.0349827,2723,94880,0.725359,0,2,1388309,1385586,2723
47424541,24.0004,0.0306099,2747,94880,0.719823,0,2,1388333,1385586,2747
47424541,24.0003,0.0267837,2771,94880,0.712841,0,2,1388357,1385586,2771
47424541,24.0003,0.0234357,2795,94880,0.707557,0,2,1388381,1385586,2795
47424541,24.0002,0.0205062,2819,94880,0.702801,0,2,1388405,1385586,2819
47424541,23.4064,0.000557318,3400,1460,0.589637,0,1,1388986,1385586,3400
47424541,23.4806,0.000487654,3424,1460,0.576673,0,1,1389010,1385586,3424
47424541,23.5455,0.000426697,3448,1460,0.563006,0,1,1389034,1385586,3448
47424541,23.6023,0.00037336,3472,1460,0.548705,0,1,1389058,1385586,3472
47424541,23.652,0.00032669,3496,1460,0.533835,0,1,1389082,1385586,3496
47424541,23.6955,0.000285854,3520,1460,0.518451,0,1,1389106,1385586,3520
47424541,23.7336,0.000250122,3544,1460,0.502606,0,1,1389130,1385586,3544
47424541,23.7669,0.000218857,3568,1460,0.486346,0,1,1389154,1385586,3568
47424541,23.796,0.0001915,3592,1460,0.469711,0,1,1389178,1385586,3592
47424541,23.8215,0.000167562,3616,1460,0.45274,0,1,1389202,1385586,3616
47424541,23.8438,0.000146617,3640,1460,0.435466,0,1,1389226,1385586,3640
47424541,23.8634,0.00012829,3664,1460,0.417919,0,1,1389250,1385586,3664
47424541,23.8804,0.000112254,3688,1460,0.400127,0,1,1389274,1385586,3688
47424541,23.8954,9.82218e-05,3712,1460,0.382115,0,1,1389298,1385586,3712
47424541,23.9085,8.59441e-05,3736,1460,0.363903,0,1,1389322,1385586,3736
47424541,23.9199,7.52011e-05,3760,1460,0.345513,0,1,1389346,1385586,3760
47424541,23.9299,6.5801e-05,3784,1460,0.326962,0,1,1389370,1385586,3784
47424541,23.9387,5.75758e-05,3808,1460,0.308265,0,1,1389394,1385586,3808
47424541,23.9463,5.03789e-05,3832,1460,0.289439,0,1,1389418,1385586,3832
47424541,23.953,4.40815e-05,3856,1460,0.271495,0,1,1389442,1385586,3856
47424541,23.9589,3.85713e-05,3880,1460,0.253346,0,1,1389466,1385586,3880
47424541,23.9641,3.37499e-05,3904,1460,0.235011,0,1,1389490,1385586,3904
47424541,23.9685,2.95312e-05,3928,1460,0.21651,0,1,1389514,1385586,3928
47424541,23.9725,2.58398e-05,3952,1460,0.197859,0,1,1389538,1385586,3952
47424541,23.9759,2.26098e-05,3976,1460,0.179073,0,1,1389562,1385586,3976
47424541,23.9789,1.97836e-05,4000,1460,0.161166,0,1,1389586,1385586,4000
47424541,23.9816,1.73106e-05,4024,1460,0.145049,0,1,1389610,1385586,4024
47424541,23.9839,1.51468e-05,4048,1460,0.130544,0,1,1389634,1385586,4048
47424541,23.1109,1.32534e-05,4065,1460,0.11749,0,1,1389651,1385586,4065
47424541,23.222,1.15968e-05,4089,1460,0.105741,0,1,1389675,1385586,4089
47424541,23.3193,1.01472e-05,4113,1460,0.0951667,0,1,1389699,1385586,4113
47424541,23.4044,8.87877e-06,4137,1460,0.0856501,0,1,1389723,1385586,4137
47424541,23.4788,7.76893e-06,4161,1460,0.077085,0,1,1389747,1385586,4161
47424541,23.544,6.79781e-06,4185,1460,0.0693765,0,1,1389771,1385586,4185
47436221,23.601,414.25,895,1460,0.0624389,1,1,1389795,1388900,895
47442061,51.5258,474.344,247,13140,0.056195,0,1,1390042,1389795,247
47446441,48.0851,415.051,271,18980,0.0505755,0,1,1390066,1389795,271
47452281,45.0745,363.169,295,23360,0.045518,0,1,1390090,1389795,295
47461041,42.4402,317.773,319,29200,0.0409662,0,1,1390114,1389795,319
47553801,40.0101,278.052,342,37960,0.0368695,0,1,1390137,1389795,342
47555041,35.5089,243.295,346,131400,0.0331826,0,1,1390141,1389795,346
47557961,108.32,299.633,270,131400,0.129864,0,1,1390759,1390489,270
47560881,100.78,262.179,318,132860,0.216878,0,1,1390807,1390489,318
47563801,94.1827,229.407,366,132860,0.29519,0,1,1390855,1390489,366
47566721,88.4099,200.731,414,132860,0.365671,0,1,1390903,1390489,414
47569641,83.3586,175.64,462,132860,0.429104,0,1,1390951,1390489,462
47572561,78.9388,153.685,510,132860,0.486194,0,1,1390999,1390489,510
47575481,75.0715,134.474,558,132860,0.537574,0,1,1391047,1390489,558
47578401,71.6875,117.665,606,134320,0.583817,0,1,1391095,1390489,606
47590081,61.8852,68.9729,798,134320,0.726942,0,2,1391287,1390489,798
47593001,60.1495,60.3513,846,134320,0.754248,0,2,1391335,1390489,846
47595921,58.6308,52.8074,894,134320,0.778823,0,2,1391383,1390489,894
47598841,57.302,46.2065,942,134320,0.800941,0,2,1391431,1390489,942
47601761,56.1392,40.4307,990,134320,0.820847,0,2,1391479,1390489,990
47604681,55.1218,35.3768,1038,134320,0.838762,0,2,1391527,1390489,1038
47607601,54.2316,30.9547,1086,135780,0.854886,0,2,1391575,1390489,1086
47610521,53.4527,27.0854,1134,135780,0.869397,0,2,1391623,1390489,1134
47613441,52.7711,23.6997,1182,135780,0.882458,0,2,1391671,1390489,1182
47616361,52.1747,20.7372,1230,135780,0.880212,0,2,1391719,1390489,1230
47619281,51.6529,18.1451,1278,135780,0.874191,0,2,1391767,1390489,1278
47622201,51.1962,15.877,1326,135780,0.886772,0,2,1391815,1390489,1326
47625121,50.7967,13.8923,1374,135780,0.898094,0,2,1391863,1390489,1374
47628041,50.4471,12.1558,1422,135780,0.908285,0,2,1391911,1390489,1422
47630961,50.1412,10.6363,1470,135780,0.917457,0,2,1391959,1390489,1470
47633881,49.8736,9.30678,1518,135780,0.925711,0,2,1392007,1390489,1518
47636801,49.6394,8.14343,1566,137240,0.93314,0,2,1392055,1390489,1566
47636801,46.4345,7.1255,1590,137240,0.939826,0,2,1392079,1390489,1590
47636801,43.6302,6.23481,1614,137240,0.945843,0,2,1392103,1390489,1614
47636801,20.141,0.000475768,3017,90840,0.947169,0,2,1393506,1390489,3017
47636801,20.6234,0.000416297,3041,90840,0.938452,0,2,1393530,1390489,3041
47636801,21.0455,0.00036426,3065,90840,0.931607,0,2,1393554,1390489,3065
47636801,21.4148,0.000318727,3089,90840,0.924446,0,2,1393578,1390489,3089
47636801,21.7379,0.000278887,3113,90840,0.919002,0,2,1393602,1390489,3113
47636801,22.0207,0.000244026,3137,90840,0.914102,0,2,1393626,1390489,3137
47636801,22.2681,0.000213522,3161,90840,0.909691,0,2,1393650,1390489,3161
47636801,22.4846,0.000186832,3185,90840,0.903722,0,2,1393674,1390489,3185
47636801,20.049,0.000163478,3188,90840,0.90035,0,2,1393677,1390489,3188
47636801,20.5429,0.000143043,3212,90840,0.893315,0,2,1393701,1390489,3212
47636801,18.475,0.000125163,3216,90840,0.888984,0,2,1393705,1390489,3216
47636801,19.1657,0.000109518,3240,90680,0.882085,0,2,1393729,1390489,3240
47636801,17.2699,9.58279e-05,3244,90480,0.876877,0,2,1393733,1390489,3244
47636801,15.6112,8.38494e-05,3248,89020,0.872189,0,2,1393737,1390489,3248
47636801,16.6598,7.33682e-05,3272,88820,0.86397,0,2,1393761,1390489,3272
47636801,17.5773,6.41972e-05,3296,87160,0.857573,0,2,1393785,1390489,3296
47636801,18.3802,5.61726e-05,3320,84240,0.851816,0,2,1393809,1390489,3320
47636801,19.0826,4.9151e-05,3344,84240,0.844634,0,2,1393833,1390489,3344
47645561,19.6973,204.75,1730,82980,0.838171,1,2,1393857,1392127,1730
47649941,20.2351,185.156,1706,94900,0.833354,1,2,1393881,1392175,1706
47654321,20.7058,168.137,1681,94900,0.846018,1,2,1393905,1392224,1681
47654321,21.1175,147.12,1705,94900,0.859416,0,2,1393929,1392224,1705
47654321,21.4778,128.73,1729,94900,0.870475,0,2,1393953,1392224,1729
47654321,21.7931,112.638,1753,94900,0.877427,0,2,1393977,1392224,1753
47654321,22.069,98.5587,1777,94900,0.881685,0,2,1394001,1392224,1777
47654321,22.3104,86.2388,1801,94900,0.884516,0,2,1394025,1392224,1801
47654321,22.5216,75.459,1825,94900,0.885065,0,2,1394049,1392224,1825
47654321,22.7064,66.0266,1849,94900,0.883558,0,2,1394073,1392224,1849
47654321,22.8681,57.7733,1873,94900,0.880202,0,2,1394097,1392224,1873
47654321,23.0096,50.5516,1897,94900,0.875182,0,2,1394121,1392224,1897
47654321,23.1334,44.2327,1921,94900,0.868664,0,2,1394145,1392224,1921
47654321,23.2417,38.7036,1945,94900,0.860798,0,2,1394169,1392224,1945
47654321,23.3365,33.8656,1969,94900,0.851718,0,2,1394193,1392224,1969
47654321,23.4194,29.6324,1993,94900,0.841546,0,2,1394217,1392224,1993
47654321,23.492,25.9284,2017,94900,0.830391,0,2,1394241,1392224,2017
47654321,23.5555,22.6873,2041,94900,0.818352,0,2,1394265,1392224,2041
47654321,23.6111,19.8514,2065,94900,0.805517,0,2,1394289,1392224,2065
47654321,23.6597,17.37,2089,94900,0.791965,0,2,1394313,1392224,2089
47654321,23.7022,15.1987,2113,94900,0.777769,0,2,1394337,1392224,2113
47654321,23.7394,13.2989,2137,94900,0.762992,0,2,1394361,1392224,2137
47654321,23.772,11.6365,2161,94900,0.747693,0,2,1394385,1392224,2161
47654321,23.8005,10.182,2185,94900,0.731923,0,2,1394409,1392224,2185
47654321,23.8254,8.90922,2209,94900,0.715731,0,2,1394433,1392224,2209
47654321,23.9315,3.49862,2377,94900,0.593609,0,1,1394601,1392224,2377
47654321,23.94,3.06129,2401,94900,0.575248,0,1,1394625,1392224,2401
47654321,23.9475,2.67863,2425,94900,0.556724,0,1,1394649,1392224,2425
47654321,23.9541,2.3438,2449,94900,0.538051,0,1,1394673,1392224,2449
47654321,23.9598,2.05082,2473,94900,0.519246,0,1,1394697,1392224,2473
47654321,23.9648,1.79447,2497,94900,0.500321,0,1,1394721,1392224,2497
47654321,23.9692,1.57016,2521,94900,0.481289,0,1,1394745,1392224,2521
47654321,23.9731,1.37389,2545,94900,0.46216,0,1,1394769,1392224,2545
47654321,23.9764,1.20216,2569,94900,0.441944,0,1,1394793,1392224,2569
47654321,23.9794,1.05189,2593,94900,0.42275,0,1,1394817,1392224,2593
47654321,23.982,0.9204,2617,94900,0.402475,0,1,1394841,1392224,2617
47654321,23.9842,0.80535,2641,94900,0.382227,0,1,1394865,1392224,2641
47654321,23.9862,0.704681,2665,94900,0.362005,0,1,1394889,1392224,2665
47654321,23.9879,0.616596,2689,94900,0.341804,0,1,1394913,1392224,2689
47654321,23.9894,0.539522,2713,94900,0.321624,0,1,1394937,1392224,2713
47654321,23.9908,0.472082,2737,94900,0.301461,0,1,1394961,1392224,2737
47654321,23.9919,0.413071,2761,94900,0.281315,0,1,1394985,1392224,2761
47654321,23.9929,0.361437,2785,94900,0.261184,0,1,1395009,1392224,2785
47654321,21.4938,0.316258,2789,94900,0.243065,0,1,1395013,1392224,2789
47654321,20.0571,0.276726,2799,94400,0.224759,0,1,1395023,1392224,2799
47654321,20.5499,0.242135,2823,94200,0.206283,0,1,1395047,1392224,2823
47654321,18.4812,0.211868,2827,93580,0.190655,0,1,1395051,1392224,2827
47654321,19.1711,0.185384,2851,93580,0.175589,0,1,1395075,1392224,2851
47654321,19.7747,0.162211,2875,93380,0.16203,0,1,1395099,1392224,2875
47654321,20.3028,0.141935,2899,93380,0.148827,0,1,1395123,1392224,2899
47654321,20.765,0.124193,2923,93160,0.136945,0,1,1395147,1392224,2923
47654321,21.1694,0.108669,2947,93160,0.12625,0,1,1395171,1392224,2947
47654321,21.5232,0.0950854,2971,93160,0.116625,0,1,1395195,1392224,2971
47654321,21.8328,0.0831997,2995,93160,0.107963,0,1,1395219,1392224,2995
47654321,22.1037,0.0727997,3019,93160,0.100166,0,1,1395243,1392224,3019
47654321,22.3407,0.0636998,3043,93160,0.0931497,0,1,1395267,1392224,3043
47654321,20.2981,0.0557373,3049,93160,0.0888347,0,1,1395273,1392224,3049
47654321,20.7609,0.0487701,3073,93160,0.0829512,0,1,1395297,1392224,3073
47654321,21.1658,0.0426739,3097,93160,0.0756561,0,1,1395321,1392224,3097
47654321,21.52,0.0373396,3121,93160,0.0680905,0,1,1395345,1392224,3121
47654321,21.83,0.0326722,3145,93160,0.0622814,0,1,1395369,1392224,3145
47654321,21.6013,0.0285882,3165,92780,0.0560533,0,1,1395389,1392224,3165
47654321,21.9011,0.0250146,3189,92560,0.050448,0,1,1395413,1392224,3189
47654321,22.1635,0.0218878,3213,92560,0.0454032,0,1,1395437,1392224,3213
47654321,22.393,0.0191518,3237,92560,0.0408629,0,1,1395461,1392224,3237
47654321,22.5939,0.0167579,3261,92560,0.0367766,0,1,1395485,1392224,3261
47654321,22.7697,0.0146631,3285,92560,0.0330989,0,1,1395509,1392224,3285
47654321,22.9235,0.0128302,3309,92560,0.029789,0,1,1395533,1392224,3309
47654321,23.058,0.0112265,3333,92560,0.0268101,0,1,1395557,1392224,3333
47654321,24.5508,0.00982314,3368,92560,0.0241291,0,1,1395592,1392224,3368
47654321,23.9819,0.00859525,3388,92560,0.0217162,0,1,1395612,1392224,3388
47674761,148.734,520.383,247,1460,0.0195446,1,1,1396634,1396387,247
47784881,160.892,486.21,246,21900,0.0175901,0,1,1396880,1396634,246
47787801,214.281,495.933,270,21900,0.0228311,0,1,1397468,1397198,270
47790721,193.496,433.942,318,24820,0.031548,0,1,1397516,1397198,318
47793641,175.309,379.699,366,27740,0.0433932,0,1,1397564,1397198,366
47796561,159.395,332.237,414,30660,0.0580539,0,1,1397612,1397198,414
47799481,145.471,290.707,462,33580,0.0752485,0,1,1397660,1397198,462
47802401,133.287,254.369,510,36500,0.0947236,0,1,1397708,1397198,510
47805321,122.626,222.573,558,39420,0.116251,0,1,1397756,1397198,558
47808241,113.298,194.751,606,42340,0.139626,0.07,1,1397804,1397198,606
47811161,105.136,204.157,384,45260,0.164664,0.07,1,1397852,1397468,384
47814081,97.9936,178.638,432,48180,0.191197,0.11,1,1397900,1397468,432
47817001,91.7444,162.308,432,51100,0.219077,0.11,1,1397948,1397516,432
47819921,86.2764,142.019,480,54020,0.24817,0.15,1,1397996,1397516,480
47822841,81.4918,130.267,480,56940,0.278353,0.15,1,1398044,1397564,480
47825761,77.3054,113.984,528,59860,0.309517,0.19,1,1398092,1397564,528
47828681,73.6422,105.736,528,62780,0.341566,0.19,1,1398140,1397612,528
47831601,70.4369,92.5187,576,65700,0.374409,0.23,1,1398188,1397612,576
47834521,67.6323,86.9538,576,65700,0.403968,0.23,1,1398236,1397660,576
47837441,65.1783,76.0846,624,65700,0.430571,0.27,1,1398284,1397660,624
47840361,63.031,72.574,624,65700,0.454514,0.27,1,1398332,1397708,624
47843281,61.1521,63.5023,672,65700,0.476063,0.31,1,1398380,1397708,672
47846201,59.5081,61.5645,672,65700,0.495457,0.31,1,1398428,1397756,672
47849121,58.0696,53.8689,720,65700,0.512911,0.35,1,1398476,1397756,720
47852041,56.8109,53.1353,720,65700,0.52862,0.35,1,1398524,1397804,720
47854961,55.7095,46.4934,768,65700,0.542758,0.39,1,1398572,1397804,768
47857881,54.7458,46.6817,768,67160,0.557482,0.39,1,1398620,1397852,768
47860801,53.9026,40.8465,816,67160,0.570734,0.43,1,1398668,1397852,816
47863721,53.1648,41.7407,816,67160,0.58266,0.43,1,1398716,1397900,816
47866641,52.5192,36.5231,864,67160,0.593394,0.47,1,1398764,1397900,864
47925041,48.3128,42.2427,1104,70080,0.700558,0.69,2,1399724,1398620,1104
47927961,48.2737,42.9624,1104,70080,0.703502,0.69,2,1399772,1398668,1104
47930881,48.2395,43.5921,1104,70080,0.706152,0.69,2,1399820,1398716,1104
47933801,48.2095,44.1431,1104,70080,0.708537,0.69,2,1399868,1398764,1104
47936721,48.1833,44.6252,1104,70080,0.710683,0.69,2,1399916,1398812,1104
47939641,48.1604,45.047,1104,70080,0.712615,0.69,2,1399964,1398860,1104
47942561,48.1404,45.4162,1104,70080,0.714353,0.69,2,1400012,1398908,1104
47945481,48.1228,45.7391,1104,71540,0.717918,0.69,2,1400060,1398956,1104
47948401,48.1075,46.0217,1104,71540,0.721126,0.69,2,1400108,1399004,1104
47951321,48.094,46.269,1104,71540,0.724013,0.69,2,1400156,1399052,1104
47954241,48.0823,40.4854,1152,71540,0.726612,0.71,2,1400204,1399052,1152
47957161,48.072,41.4247,1152,71540,0.728951,0.71,2,1400252,1399100,1152
47960081,48.063,42.2466,1152,71540,0.731056,0.71,2,1400300,1399148,1152
47963001,48.0551,42.9658,1152,71540,0.73295,0.71,2,1400348,1399196,1152
47965921,48.0482,43.5951,1152,73000,0.736655,0.71,2,1400396,1399244,1152
47968841,48.0422,44.1457,1152,73000,0.73999,0.71,2,1400444,1399292,1152
47971761,48.0369,44.6275,1152,73000,0.742991,0.71,2,1400492,1399340,1152
47974681,48.0323,45.049,1152,73000,0.745692,0.71,2,1400540,1399388,1152
47977601,48.0283,45.4179,1152,74460,0.750122,0.71,2,1400588,1399436,1152
47980521,48.0247,45.7407,1152,74460,0.75411,0.71,2,1400636,1399484,1152
47983441,48.0216,46.0231,1152,74460,0.754699,0.73,2,1400684,1399532,1152
47986361,48.0189,46.2702,1152,74460,0.751229,0.73,2,1400732,1399580,1152
47989281,48.0166,46.4864,1152,75920,0.744106,0.73,2,1400780,1399628,1152
47992201,48.0145,46.6756,1152,75920,0.733696,0.73,2,1400828,1399676,1152
47995121,48.0127,46.8412,1152,75920,0.720326,0.73,2,1400876,1399724,1152
47998041,48.0111,46.986,1152,75920,0.704293,0.73,2,1400924,1399772,1152
48012641,48.0057,47.4799,1152,78840,0.592627,0.73,1,1401164,1400012,1152
48015561,48.005,41.5449,1200,78840,0.565365,0.75,1,1401212,1400012,1200
48018481,48.0044,42.3518,1200,80300,0.536828,0.75,1,1401260,1400060,1200
48021401,48.0038,43.0578,1200,80300,0.507145,0.75,1,1401308,1400108,1200
48024321,48.0033,43.6756,1200,81760,0.476431,0.75,1,1401356,1400156,1200
48027241,48.0029,44.2162,1200,81760,0.444788,0.75,1,1401404,1400204,1200
48030161,48.0026,44.6891,1200,81760,0.412309,0.75,1,1401452,1400252,1200
48033081,48.0022,45.103,1200,83220,0.379078,0.75,1,1401500,1400300,1200
48036001,48.002,45.4651,1200,83220,0.34517,0.77,1,1401548,1400348,1200
48038921,48.0017,45.782,1200,84680,0.310653,0.77,1,1401596,1400396,1200
48041841,48.0015,46.0592,1200,84680,0.279588,0.77,1,1401644,1400444,1200
48044761,48.0013,46.3018,1200,86140,0.251629,0.77,1,1401692,1400492,1200
48047681,48.0011,46.5141,1200,86140,0.226466,0.77,1,1401740,1400540,1200
48050601,48.001,40.6998,1248,87600,0.20382,0.79,1,1401788,1400540,1248
48052161,45.2509,41.6124,1226,87600,0.183438,0,1,1401814,1400588,1226
48055081,150.345,266.661,270,89060,0.264094,0,1,1402700,1402430,270
48058001,137.551,233.328,318,90520,0.337685,0,1,1402748,1402430,318
48060921,126.358,204.162,366,91980,0.403916,0,1,1402796,1402430,366
48063841,116.563,178.642,414,93440,0.463524,0,1,1402844,1402430,414
48066761,107.992,156.312,462,94900,0.517172,0,1,1402892,1402430,462
48069681,100.493,136.773,510,96360,0.565455,0,1,1402940,1402430,510
48081361,78.7707,80.1737,702,102200,0.714895,0,2,1403132,1402430,702
48084281,74.9243,70.1519,750,103660,0.743405,0,2,1403180,1402430,750
48087201,71.5588,61.383,798,105120,0.769065,0,2,1403228,1402430,798
48090121,68.614,53.7101,846,106580,0.792158,0,2,1403276,1402430,846
48093041,66.0372,46.9963,894,108040,0.812943,0,2,1403324,1402430,894
48095961,63.7826,41.1218,942,109500,0.829648,0,2,1403372,1402430,942
48098881,61.8097,35.9816,990,110960,0.840683,0,2,1403420,1402430,990
48101801,60.0835,31.4839,1038,112420,0.846615,0,2,1403468,1402430,1038
48104721,58.5731,27.5484,1086,113880,0.847954,0,2,1403516,1402430,1086
48107641,57.2514,24.1048,1134,115340,0.845158,0,2,1403564,1402430,1134
48110561,56.095,21.0917,1182,116800,0.838642,0,2,1403612,1402430,1182
48113481,55.0831,18.4553,1230,118260,0.818778,0,2,1403660,1402430,1230
48116401,54.1977,16.1484,1278,119720,0.7989,0,2,1403708,1402430,1278
48119321,53.423,14.1298,1326,121180,0.77901,0,2,1403756,1402430,1326
48122241,52.7451,12.3636,1374,122640,0.759109,0,2,1403804,1402430,1374
48125161,52.152,10.8181,1422,124100,0.739198,0,2,1403852,1402430,1422
48128081,51.633,9.46587,1470,125560,0.719279,0,2,1403900,1402430,1470
48139761,50.1296,5.54872,1662,131400,0.585233,0,1,1404092,1402430,1662
48142681,49.8634,4.85513,1710,132860,0.540709,0.99,1,1404140,1402430,1710
48145601,49.6305,37.9982,1488,134320,0.496638,1,1,1404188,1402700,1488
48147061,49.4267,39.2485,1488,135780,0.454975,1,1,1404236,1402748,1488
48147061,46.2483,34.3424,1512,135780,0.416477,0,1,1404260,1402748,1512
48147061,43.4673,30.0496,1536,135780,0.380829,0,1,1404284,1402748,1536
48147061,41.1589,26.2934,1561,36960,0.349746,0.06,1,1404309,1402748,1561
48147061,39.014,23.0067,1585,36960,0.322772,0,1,1404333,1402748,1585
48147061,37.1373,20.1309,1609,36960,0.299495,0,1,1404357,1402748,1609
48147061,35.4951,17.6145,1633,35500,0.279545,0,1,1404381,1402748,1633
48147061,34.0582,15.4127,1657,34040,0.262591,0,1,1404405,1402748,1657
48147061,32.8009,13.4861,1681,32580,0.248332,0,1,1404429,1402748,1681
48147061,31.7008,11.8004,1705,31120,0.236498,0,1,1404453,1402748,1705
48147061,30.7382,10.3253,1729,29660,0.225849,0,1,1404477,1402748,1729
48147061,29.8959,9.03465,1753,29660,0.216264,0,1,1404501,1402748,1753
48147061,29.159,7.90532,1777,28200,0.207637,0,1,1404525,1402748,1777
48147061,28.5141,6.91715,1801,28200,0.199874,0,1,1404549,1402748,1801
48147061,27.9498,6.05251,1825,26740,0.192886,0,1,1404573,1402748,1825
48147061,27.4561,5.29594,1849,26740,0.186598,0,1,1404597,1402748,1849
48147061,27.0241,4.63395,1873,26740,0.180938,0,1,1404621,1402748,1873
48147061,26.6461,4.05471,1897,26740,0.175844,0,1,1404645,1402748,1897
48147061,24.3153,3.54787,1905,25280,0.17026,0,1,1404653,1402748,1905
48152901,24.2759,195.104,393,24280,0.163234,0.07,1,1404677,1404284,393
48155821,24.2414,173.841,392,26740,0.15491,0.08,1,1404701,1404309,392
48158741,24.2112,155.111,392,26740,0.145419,0.09,1,1404725,1404333,392
48161661,24.1848,138.722,392,26740,0.134877,0.1,1,1404749,1404357,392
48164581,24.1617,124.382,392,26740,0.12339,0.11,1,1404773,1404381,392
48168961,24.1415,111.834,392,26740,0.111051,0.12,1,1404797,1404405,392
48173341,24.1238,100.855,392,26740,0.0999456,0.13,1,1404821,1404429,392
48173341,24.1083,88.2481,416,25280,0.089951,0,1,1404845,1404429,416
48180641,24.0948,83.2171,392,25280,0.0809559,0.13,1,1404869,1404477,392
48180641,24.083,72.8149,416,20900,0.0728603,0,1,1404893,1404477,416
48180641,24.0726,63.7131,440,20900,0.0655743,0,1,1404917,1404477,440
48180641,24.0635,55.7489,464,20900,0.0590169,0,1,1404941,1404477,464
48185021,23.9306,60.7803,391,20900,0.0531152,0.13,1,1404964,1404573,391
48185021,23.9392,53.1828,415,19440,0.0478037,0,1,1404988,1404573,415
48188401,23.9468,52.5349,391,19440,0.0430233,0,1,1405012,1404621,391
48188401,21.9535,45.9681,399,94900,0.038721,0,1,1405020,1404621,399
48191321,1783.46,1820.6,270,94900,0.134849,0,1,1419134,1418864,270
48194241,1566.53,1593.02,318,96360,0.221364,0,1,1419182,1418864,318
48197161,1376.71,1393.89,366,97820,0.299228,0,1,1419230,1418864,366
48200081,1210.62,1219.66,414,99280,0.369305,0,1,1419278,1418864,414
48203001,1065.29,1067.2,462,100740,0.432374,0,1,1419326,1418864,462
48205921,938.133,933.801,510,102200,0.489137,0,1,1419374,1418864,510
48208841,826.866,817.075,558,103660,0.540223,0,1,1419422,1418864,558
48211761,729.508,714.941,606,105120,0.586201,0,1,1419470,1418864,606
48223441,447.487,419.085,798,110960,0.728506,0,2,1419662,1418864,798
48226361,397.551,366.7,846,112420,0.755656,0,2,1419710,1418864,846
48229281,353.857,320.862,894,113880,0.78009,0,2,1419758,1418864,894
48232201,315.625,280.754,942,115340,0.802081,0,2,1419806,1418864,942
48235121,282.172,245.66,990,116800,0.821873,0,2,1419854,1418864,990
48238041,252.901,214.953,1038,118260,0.839686,0,2,1419902,1418864,1038
48240961,227.288,188.084,1086,119720,0.855717,0,2,1419950,1418864,1086
48243881,204.877,164.573,1134,121180,0.870145,0,2,1419998,1418864,1134
48246801,185.267,144.001,1182,122640,0.883131,0,2,1420046,1418864,1182
48249721,168.109,126.001,1230,124100,0.894818,0,2,1420094,1418864,1230
48252641,153.095,110.251,1278,125560,0.905336,0,2,1420142,1418864,1278
48255561,139.958,96.4697,1326,127020,0.914802,0,2,1420190,1418864,1326
48258481,128.464,84.411,1374,128480,0.923322,0,2,1420238,1418864,1374
48261401,118.406,73.8596,1422,129940,0.93099,0,2,1420286,1418864,1422
48264321,109.605,64.6272,1470,131400,0.936891,0,2,1420334,1418864,1470
48267241,101.904,56.5488,1518,132860,0.939202,0,2,1420382,1418864,1518
48270161,95.1663,49.4802,1566,134320,0.936282,0,2,1420430,1418864,1566
48273081,89.2705,43.2952,1614,135780,0.930654,0,2,1420478,1418864,1614
48273081,81.1117,37.8833,1638,137240,0.926588,0,2,1420502,1418864,1638
48273081,73.9727,33.1479,1662,137240,0.918929,0,2,1420526,1418864,1662
48273081,67.7261,29.0044,1686,137240,0.908036,0,2,1420550,1418864,1686
48273081,62.3854,25.3788,1711,126220,0.896233,0.81,2,1420575,1418864,1711
48273081,57.5872,22.2065,1735,125422,0.881609,0,2,1420599,1418864,1735
48273081,53.3888,19.4307,1759,125023,0.866449,0,2,1420623,1418864,1759
48273081,49.7152,17.0018,1783,123164,0.848804,0,2,1420647,1418864,1783
48273081,46.5008,14.8766,1807,121305,0.830923,0,2,1420671,1418864,1807
48273081,43.6882,13.017,1831,119446,0.812831,0,2,1420695,1418864,1831
48273081,41.2272,11.3899,1855,117587,0.794548,0,2,1420719,1418864,1855
48273081,39.0738,9.96616,1879,115728,0.777093,0,2,1420743,1418864,1879
48273081,37.1896,8.72039,1903,112409,0.762384,0,2,1420767,1418864,1903
48273081,35.5409,7.63034,1927,110550,0.750145,0,2,1420791,1418864,1927
48273081,34.0983,6.67655,1951,107230,0.738131,0,2,1420815,1418864,1951
48273081,32.836,5.84198,1975,105371,0.728318,0,2,1420839,1418864,1975
48273081,31.7315,5.11173,1999,102052,0.720486,0,2,1420863,1418864,1999
48273081,30.765,4.47277,2023,98733,0.714437,0,2,1420887,1418864,2023
48273081,29.9194,3.91367,2047,94900,0.707994,0,2,1420911,1418864,2047
48273081,29.1795,3.42446,2071,91180,0.703194,0,2,1420935,1418864,2071
48273081,19.3407,0.0477364,2746,57140,0.599486,0,1,1421610,1418864,2746
48273081,17.4231,0.0417694,2750,57140,0.598538,0,1,1421614,1418864,2750
48278921,18.2452,210.787,1088,57140,0.595684,0.75,1,1421638,1420550,1088
48281841,18.9646,190.563,1063,67420,0.599115,0.69,1,1421662,1420599,1063
48287681,20.1448,154.15,1039,67420,0.599184,0.65,1,1421710,1420671,1039
48290601,20.6267,137.881,1039,67420,0.596265,0.62,1,1421734,1420695,1039
48293521,21.0483,126.646,1015,67420,0.591639,0.63,1,1421758,1420743,1015
48294981,21.4173,113.815,1015,67420,0.585475,0.63,1,1421782,1420767,1015
48297901,21.7401,105.588,991,67420,0.577927,0.64,1,1421806,1420815,991
48300821,22.0226,95.3898,991,67420,0.569135,0.65,1,1421830,1420839,991
48302281,22.2698,86.4661,991,67420,0.559221,0.65,1,1421854,1420863,991
48305201,22.4861,81.6579,967,67420,0.548299,0.66,1,1421878,1420911,967
48308121,22.6753,74.4506,967,67420,0.536469,0.67,1,1421902,1420935,967
48309581,22.8409,68.1443,967,67420,0.523822,0.68,1,1421926,1420959,967
48312501,22.9858,62.6263,967,67420,0.51044,0.69,1,1421950,1420983,967
48313961,23.1126,57.798,967,67420,0.496396,0.7,1,1421974,1421007,967
48316881,23.2235,53.5732,967,67420,0.481756,0.71,1,1421998,1421031,967
48318341,23.3206,49.8766,967,67420,0.466581,0.6,1,1422022,1421055,967
48321261,23.4055,46.642,967,67420,0.450923,0.61,1,1422046,1421079,967
48322721,23.4798,43.8118,967,67420,0.43483,0.59,1,1422070,1421103,967
48325641,23.5448,41.3353,967,67420,0.418347,0.6,1,1422094,1421127,967
48327101,23.6017,39.1684,967,67420,0.401513,0.61,1,1422118,1421151,967
48330021,23.6515,37.2723,967,67420,0.384361,0.62,1,1422142,1421175,967
48331481,23.6951,35.6133,967,67420,0.366925,0.63,1,1422166,1421199,967
48334401,23.7332,34.1616,967,67420,0.349233,0.62,1,1422190,1421223,967
48335861,23.7665,32.8914,967,67420,0.331309,0.62,1,1422214,1421247,967
48337321,23.7957,31.78,967,67420,0.313179,0.61,1,1422238,1421271,967
48340241,23.8213,30.8075,967,67420,0.294861,0.61,1,1422262,1421295,967
48341701,23.8436,30.5816,962,67420,0.276375,0.6,1,1422286,1421324,962
48365061,23.8631,29.7589,962,67420,0.257737,0.6,1,1422310,1421348,962
48366521,23.8803,29.039,962,67420,0.238963,0.59,1,1422334,1421372,962
48367981,23.8952,28.4091,962,67420,0.220067,0.59,1,1422358,1421396,962
48369441,23.9083,27.858,962,67420,0.20006,0.59,1,1422382,1421420,962
48370901,23.9198,27.8757,958,67420,0.180054,0.59,1,1422406,1421448,958
48372361,23.9298,27.3913,958,67420,0.162049,0.59,1,1422430,1421472,958
48373821,23.9386,27.4674,954,67420,0.145844,0.59,1,1422454,1421500,954
48375281,23.9463,28.2839,944,67420,0.13126,0.59,1,1422478,1421534,944
48376741,23.953,27.7485,944,67420,0.118134,0.57,1,1422502,1421558,944
48378201,23.9589,27.7799,940,67420,0.10632,0.57,1,1422526,1421586,940
48379661,23.964,27.3074,940,67420,0.0956882,0.57,1,1422550,1421610,940
48381121,23.9685,27.394,936,67420,0.0861194,0.57,1,1422574,1421638,936
48385801,23.9724,23.9697,960,67420,0.162507,0.57,1,1422598,1421638,960
48387461,21.3509,20.9735,963,66100,0.233257,0.57,1,1422601,1421638,963
48388921,21.682,18.3518,987,66100,0.294931,0.57,1,1422625,1421638,987
48403681,19.4718,16.0578,991,67420,0.353438,0,1,1422629,1421638,991
48406601,44.6628,131.801,270,96360,0.418094,0,1,1422850,1422580,270
48409521,45.0799,115.326,318,97820,0.476285,0,1,1422898,1422580,318
48412441,45.445,100.91,366,99280,0.528656,0,1,1422946,1422580,366
48415361,45.7643,88.2961,414,99280,0.575791,0,1,1422994,1422580,414
48427041,46.6895,51.7576,606,102200,0.721676,0,2,1423186,1422580,606
48429961,46.8533,45.2879,654,102200,0.748509,0,2,1423234,1422580,654
48432881,46.9966,39.6269,702,103660,0.768658,0,2,1423282,1422580,702
48435801,47.1221,34.6735,750,103660,0.782792,0,2,1423330,1422580,750
48438721,47.2318,30.3393,798,105120,0.791513,0,2,1423378,1422580,798
48441641,47.3278,26.5469,846,105120,0.795361,0,2,1423426,1422580,846
48444561,47.4119,23.2286,894,105120,0.794825,0,2,1423474,1422580,894
48447481,47.4854,20.325,942,106580,0.815343,0,2,1423522,1422580,942
48450401,47.5497,17.7844,990,106580,0.833809,0,2,1423570,1422580,990
48453321,47.606,15.5613,1038,108040,0.850428,0,2,1423618,1422580,1038
48456241,47.6552,13.6162,1086,108040,0.865385,0,2,1423666,1422580,1086
48459161,47.6983,11.9141,1134,108040,0.878846,0,2,1423714,1422580,1134
48462081,47.736,10.4249,1182,109500,0.890962,0,2,1423762,1422580,1182
48465001,47.769,9.12176,1230,109500,0.901866,0,2,1423810,1422580,1230
48467921,47.7979,7.98154,1278,110960,0.911679,0.85,2,1423858,1422580,1278
48470841,47.8232,12.6088,1281,110960,0.920511,0.88,2,1423906,1422625,1281
48473761,47.8453,11.5327,1325,110960,0.92846,0.88,2,1423954,1422629,1325
48476681,47.8646,10.0911,1373,112420,0.935614,0.88,2,1424002,1422629,1373
48479601,47.8815,8.82975,1421,112420,0.942053,0.88,2,1424050,1422629,1421
48482521,47.8963,7.72603,1469,113880,0.947847,0.88,2,1424098,1422629,1469
48488361,23.8513,0.358213,2048,98878,0.936493,0,2,1424677,1422629,2048
48488361,23.8699,0.313437,2072,98421,0.913844,0,2,1424701,1422629,2072
48488361,23.8862,0.274257,2096,97964,0.894459,0,2,1424725,1422629,2096
48488361,23.9004,0.239975,2120,97507,0.876013,0,2,1424749,1422629,2120
48488361,23.9129,0.209978,2144,97050,0.861412,0,2,1424773,1422629,2144
48488361,23.9237,0.183731,2168,96593,0.847271,0,2,1424797,1422629,2168
48488361,23.9333,0.160765,2192,96136,0.835544,0,2,1424821,1422629,2192
48488361,23.9416,0.140669,2216,95679,0.825989,0,2,1424845,1422629,2216
48488361,23.9489,0.123085,2240,95221,0.81639,0,2,1424869,1422629,2240
48488361,23.9553,0.1077,2264,94764,0.808751,0,2,1424893,1422629,2264
48488361,23.9609,0.0942372,2288,94307,0.802876,0,2,1424917,1422629,2288
48488361,23.9658,0.0824576,2312,93850,0.796589,0,2,1424941,1422629,2312
48488361,23.9701,0.0721504,2336,93393,0.79193,0,2,1424965,1422629,2336
48488361,23.9738,0.0631316,2360,92936,0.788737,0,2,1424989,1422629,2360
48488361,23.9771,0.0552401,2384,92479,0.784863,0,2,1425013,1422629,2384
48488361,23.9799,0.0483351,2408,92022,0.778377,0,2,1425037,1422629,2408
48488361,23.9824,0.0422932,2432,91565,0.773539,0,2,1425061,1422629,2432
48488361,23.9846,0.0370066,2456,91107,0.770185,0,2,1425085,1422629,2456
48488361,23.9866,0.0323807,2480,90650,0.763167,0,2,1425109,1422629,2480
48488361,23.9882,0.0283332,2504,90193,0.75785,0,2,1425133,1422629,2504
48488361,23.9897,0.0247915,2528,88160,0.752065,0,2,1425157,1422629,2528
48488361,23.991,0.0216926,2552,86700,0.745859,0,2,1425181,1422629,2552
48488361,23.9921,0.018981,2576,85240,0.737273,0,2,1425205,1422629,2576
48488361,23.9931,0.0166084,2600,83780,0.728545,0,2,1425229,1422629,2600
48488361,23.994,0.0145323,2624,82320,0.719691,0,2,1425253,1422629,2624
48488361,23.9947,0.0127158,2648,80860,0.707722,0,2,1425277,1422629,2648
48488361,23.9979,0.00499344,2816,77940,0.595068,0,1,1425445,1422629,2816
48488361,23.9982,0.00436926,2840,77940,0.586561,0,1,1425469,1422629,2840
48488361,23.9984,0.0038231,2864,77940,0.579905,0,1,1425493,1422629,2864
48488361,23.9986,0.00334521,2888,75020,0.573914,0,1,1425517,1422629,2888
48488361,23.9988,0.00292706,2912,75020,0.568523,0,1,1425541,1422629,2912
48488361,23.9989,0.00256118,2936,75020,0.563671,0,1,1425565,1422629,2936
48488361,23.9991,0.00224103,2960,73560,0.559304,0,1,1425589,1422629,2960
48488361,23.9992,0.0019609,2984,60420,0.555373,0,1,1425613,1422629,2984
48488361,23.9993,0.00171579,3008,60420,0.551836,0,1,1425637,1422629,3008
48488361,23.9994,0.00150132,3032,58960,0.548652,0,1,1425661,1422629,3032
48488361,23.9995,0.00131365,3056,60420,0.545787,0,1,1425685,1422629,3056
48488361,23.9995,0.00114944,3080,61880,0.544208,0,1,1425709,1422629,3080
48488361,23.9996,0.00100576,3104,60420,0.542787,0,1,1425733,1422629,3104
48488361,23.9996,0.000880044,3128,61880,0.541509,0,1,1425757,1422629,3128
48488361,23.9997,0.000770038,3152,61880,0.540358,0,1,1425781,1422629,3152
48488361,23.9997,0.000673783,3176,58960,0.539322,0,1,1425805,1422629,3176
48488361,23.9998,0.000589561,3200,60420,0.53839,0,1,1425829,1422629,3200
48488361,23.9998,0.000515865,3224,60420,0.537551,0,1,1425853,1422629,3224
48488361,23.9998,0.000451382,3248,60420,0.536796,0,1,1425877,1422629,3248
48488361,23.9998,0.00039496,3272,60420,0.536116,0,1,1425901,1422629,3272
48488361,22.1249,0.00034559,3281,60420,0.534505,0,1,1425910,1422629,3281
48488361,22.3592,0.000302391,3305,59520,0.531054,0,1,1425934,1422629,3305
48488361,22.5643,0.000264592,3329,59520,0.525949,0,1,1425958,1422629,3329
48488361,22.7438,0.000231518,3353,59520,0.519354,0,1,1425982,1422629,3353
48488361,22.9008,0.000202578,3377,59520,0.511418,0,1,1426006,1422629,3377
48488361,23.0382,0.000177256,3401,59520,0.502277,0,1,1426030,1422629,3401
48488361,23.1584,0.000155099,3425,59520,0.492049,0,1,1426054,1422629,3425
48488361,23.2636,0.000135712,3449,59520,0.480844,0,1,1426078,1422629,3449
48488361,23.3557,0.000118748,3473,59520,0.46876,0,1,1426102,1422629,3473
48488361,23.4362,0.000103904,3497,59520,0.455884,0,1,1426126,1422629,3497
48488361,23.5067,9.09162e-05,3521,59520,0.442295,0,1,1426150,1422629,3521
48488361,23.5684,7.95517e-05,3545,59520,0.428066,0,1,1426174,1422629,3545
48488361,23.6223,6.96077e-05,3569,60420,0.413259,0,1,1426198,1422629,3569
48488361,23.6695,6.09067e-05,3593,60420,0.397933,0,1,1426222,1422629,3593
48488361,23.7108,5.32934e-05,3617,60420,0.38214,0,1,1426246,1422629,3617
48488361,23.747,4.66317e-05,3641,60420,0.365926,0,1,1426270,1422629,3641
48488361,23.7786,4.08028e-05,3665,60420,0.349333,0,1,1426294,1422629,3665
48488361,23.8063,3.57024e-05,3689,60420,0.3324,0,1,1426318,1422629,3689
48488361,23.8305,3.12396e-05,3713,60420,0.31516,0,1,1426342,1422629,3713
48488361,23.8517,2.73347e-05,3737,60420,0.297644,0,1,1426366,1422629,3737
48488361,23.8702,2.39178e-05,3761,60420,0.27988,0,1,1426390,1422629,3761
48488361,23.8864,2.09281e-05,3785,60420,0.261892,0,1,1426414,1422629,3785
48488361,23.9006,1.83121e-05,3809,60420,0.243702,0,1,1426438,1422629,3809
48488361,23.9131,1.60231e-05,3833,60420,0.225332,0,1,1426462,1422629,3833
48488361,23.9239,1.40202e-05,3857,60420,0.206799,0,1,1426486,1422629,3857
48488361,23.9334,1.22677e-05,3881,60420,0.188119,0,1,1426510,1422629,3881
48488361,23.9418,1.07342e-05,3905,60420,0.169307,0,1,1426534,1422629,3905
48488361,23.949,9.39243e-06,3929,60420,0.152376,0,1,1426558,1422629,3929
48488361,23.9554,8.21838e-06,3953,60420,0.137139,0,1,1426582,1422629,3953
48488361,23.961,7.19108e-06,3977,60420,0.123425,0,1,1426606,1422629,3977
48488361,23.9659,6.2922e-06,4001,60420,0.111082,0,1,1426630,1422629,4001
48488361,23.9701,5.50567e-06,4025,60420,0.0999742,0,1,1426654,1422629,4025
48488361,23.9739,4.81746e-06,4049,60420,0.0899768,0,1,1426678,1422629,4049
48488361,23.9771,4.21528e-06,4073,1460,0.0819791,0,1,1426702,1422629,4073
48488361,23.98,3.68837e-06,4097,1460,0.0737812,0,1,1426726,1422629,4097
48488361,23.9825,3.22732e-06,4121,1460,0.0664031,0,1,1426750,1422629,4121
48488361,22.1097,2.82391e-06,4130,1460,0.0597628,0,1,1426759,1422629,4130
48618961,40.846,507,246,1460,0.0537865,0,1,1426931,1426685,246
48620421,96.2402,479.125,446,1460,0.0484078,0,1,1427415,1426969,446
48623341,117.96,474.984,270,2920,0.0435671,0,1,1427685,1427415,270
48626261,136.965,449.361,270,5840,0.0392104,0,1,1427955,1427685,270
48629181,125.845,393.191,318,8760,0.0402893,0,1,1428003,1427685,318
48632101,137.864,377.792,270,11680,0.0362604,0,1,1428225,1427955,270
48635021,126.631,330.568,318,14600,0.0376344,0.05,1,1428273,1427955,318
48637941,116.802,295.247,318,17520,0.0428709,0.05,1,1428321,1428003,318
48640861,108.202,258.341,366,20440,0.0515838,0,1,1428369,1428003,366
48643781,110.427,253.799,270,23360,0.0554254,0,1,1428495,1428225,270
48646701,102.623,222.074,318,26280,0.0628829,0.05,1,1428543,1428225,318
48649621,95.7954,200.315,318,29200,0.0735946,0.05,1,1428591,1428273,318
48652541,89.8209,175.275,366,32120,0.0872351,0.09,1,1428639,1428273,366
48655461,84.5933,159.366,366,35040,0.103512,0.09,1,1428687,1428321,366
48658381,80.0192,139.445,414,37960,0.12216,0.13,1,1428735,1428321,414
48661301,76.0168,128.014,414,40880,0.142944,0.13,1,1428783,1428369,414
48664221,72.5147,112.013,462,40880,0.16165,0.09,1,1428831,1428369,462
48667141,69.4503,113.761,384,40880,0.178485,0.09,1,1428879,1428495,384
48670061,66.769,99.541,432,40880,0.193636,0.13,1,1428927,1428495,432
48672981,64.4229,93.0983,432,40880,0.207273,0.13,1,1428975,1428543,432
48675901,62.3701,81.461,480,40880,0.219546,0.17,1,1429023,1428543,480
48678821,60.5738,77.2784,480,40880,0.230591,0.17,1,1429071,1428591,480
48681741,59.0021,67.6186,528,40880,0.240532,0.21,1,1429119,1428591,528
48684661,57.6268,65.1663,528,40880,0.249479,0.21,1,1429167,1428639,528
48687581,56.4235,57.0205,576,40880,0.257531,0.25,1,1429215,1428639,576
48690501,55.3705,55.8929,576,42340,0.266778,0.25,1,1429263,1428687,576
48693421,54.4492,48.9063,624,42340,0.2751,0.29,1,1429311,1428687,624
48696341,53.6431,48.793,624,42340,0.28259,0.29,1,1429359,1428735,624
48699261,52.9377,42.6939,672,42340,0.289331,0.33,1,1429407,1428735,672
48702181,52.3205,43.3572,672,42340,0.295398,0.33,1,1429455,1428783,672
48705101,51.7804,43.9375,672,42340,0.300858,0.33,1,1429503,1428831,672
48708021,51.3079,44.4453,672,42340,0.305772,0.33,1,1429551,1428879,672
48710941,50.8944,44.8897,672,42340,0.310195,0.33,1,1429599,1428927,672
48713861,50.5326,45.2785,672,42340,0.314176,0.33,1,1429647,1428975,672
48716781,50.216,45.6186,672,42340,0.317758,0.33,1,1429695,1429023,672
48719701,49.939,45.9163,672,43800,0.322982,0.33,1,1429743,1429071,672
48722621,49.6966,46.1768,672,43800,0.327684,0.33,1,1429791,1429119,672
48725541,49.4846,46.4047,672,43800,0.331916,0.33,1,1429839,1429167,672
48728461,49.299,46.6041,672,43800,0.335724,0.33,1,1429887,1429215,672
48731381,49.1366,40.7786,720,43800,0.339152,0.35,1,1429935,1429215,720
48734301,48.9945,41.6813,720,43800,0.342236,0.35,1,1429983,1429263,720
48737221,48.8702,42.4711,720,43800,0.345013,0.35,1,1430031,1429311,720
48740141,48.7614,43.1622,720,43800,0.347512,0.35,1,1430079,1429359,720
48743061,48.6663,43.7669,720,43800,0.34976,0.35,1,1430127,1429407,720
48745981,48.583,44.2961,720,43800,0.351784,0.35,1,1430175,1429455,720
48748901,48.5101,44.7591,720,45260,0.355606,0.35,1,1430223,1429503,720
48751821,48.4463,45.1642,720,45260,0.359045,0.35,1,1430271,1429551,720
48754741,48.3905,45.5187,720,45260,0.362141,0.35,1,1430319,1429599,720
48757661,48.3417,45.8288,720,45260,0.364927,0.35,1,1430367,1429647,720
48760581,48.299,46.1002,720,45260,0.367434,0.37,1,1430415,1429695,720
48763501,48.2616,46.3377,720,45260,0.369691,0.37,1,1430463,1429743,720
48766421,48.2289,46.5455,720,45260,0.371722,0.37,1,1430511,1429791,720
48769341,48.2003,46.7273,720,45260,0.373549,0.37,1,1430559,1429839,720
48772261,48.1753,46.8864,720,45260,0.375194,0.37,1,1430607,1429887,720
48775181,48.1534,47.0256,720,45260,0.376675,0.37,1,1430655,1429935,720
48778101,48.1342,47.1474,720,46720,0.380008,0.37,1,1430703,1429983,720
48781021,48.1174,47.254,720,46720,0.383007,0.37,1,1430751,1430031,720
48783941,48.1027,47.3472,720,46720,0.385706,0.37,1,1430799,1430079,720
48786861,48.0899,47.4288,720,46720,0.388135,0.37,1,1430847,1430127,720
48789781,48.0787,47.5002,720,46720,0.390322,0.37,1,1430895,1430175,720
48792701,48.0688,41.5627,768,46720,0.39229,0.39,1,1430943,1430175,768
48795621,48.0602,42.3674,768,48180,0.396061,0.39,1,1430991,1430223,768
48798541,48.0527,43.0714,768,48180,0.399455,0.39,1,1431039,1430271,768
48801461,48.0461,43.6875,768,48180,0.402509,0.39,1,1431087,1430319,768
48804381,48.0403,44.2266,768,49640,0.407258,0.39,1,1431135,1430367,768
48807301,48.0353,44.6982,768,49640,0.411532,0.39,1,1431183,1430415,768
48810221,48.0309,45.111,768,49640,0.415379,0.39,1,1431231,1430463,768
48813141,48.027,45.4721,768,49640,0.418841,0.39,1,1431279,1430511,768
48816061,48.0237,45.7881,768,51100,0.423957,0.39,1,1431327,1430559,768
48818981,48.0207,46.0646,768,51100,0.425561,0.39,1,1431375,1430607,768
48821901,48.0181,46.3065,768,51100,0.423005,0.41,1,1431423,1430655,768
48824821,48.0158,46.5182,768,52560,0.416705,0.41,1,1431471,1430703,768
48827741,48.0139,46.7034,768,52560,0.407034,0.41,1,1431519,1430751,768
48830661,48.0121,46.8655,768,52560,0.394331,0.41,1,1431567,1430799,768
48833581,48.0106,47.0073,768,52560,0.378898,0.41,1,1431615,1430847,768
48836501,48.0093,47.1314,768,54020,0.361008,0.41,1,1431663,1430895,768
48839421,48.0081,47.24,768,54020,0.340907,0.41,1,1431711,1430943,768
48842341,48.0071,41.335,816,55480,0.318816,0.43,1,1431759,1430943,816
48845261,48.0062,42.1681,816,55480,0.294935,0.43,1,1431807,1430991,816
48848181,48.0054,42.8971,816,55480,0.269441,0.43,1,1431855,1431039,816
48851101,48.0048,43.535,816,56940,0.242497,0.45,1,1431903,1431087,816
48854021,48.0042,44.0931,816,56940,0.218247,0.45,1,1431951,1431135,816
48856941,48.0036,44.5814,816,58400,0.196423,0.45,1,1431999,1431183,816
48859861,48.0032,45.0088,816,58400,0.17678,0.45,1,1432047,1431231,816
48862781,48.0028,45.3827,816,58400,0.159102,0.45,1,1432095,1431279,816
48864401,45.3774,39.7098,843,59860,0.143192,0,1,1432122,1431279,843
48867321,1129.21,1195.87,270,59860,0.187873,0,1,1440838,1440568,270
48870241,994.055,1046.39,318,61320,0.230086,0,1,1440886,1440568,318
48873161,875.798,915.589,366,62780,0.270077,0,1,1440934,1440568,366
48876081,772.323,801.14,414,64240,0.308069,0,1,1440982,1440568,414
48879001,681.783,700.998,462,65700,0.344262,0,1,1441030,1440568,462
48881921,602.56,613.373,510,67160,0.378836,0,1,1441078,1440568,510
48884841,533.24,536.701,558,68620,0.411953,0,1,1441126,1440568,558
48887761,472.585,469.614,606,70080,0.443757,0,1,1441174,1440568,606
48890681,419.512,410.912,654,71540,0.474382,0,1,1441222,1440568,654
48893601,373.073,359.548,702,73000,0.503943,0,1,1441270,1440568,702
48896521,332.439,314.604,750,74460,0.532549,0,1,1441318,1440568,750
48899441,296.884,275.279,798,75920,0.560294,0,1,1441366,1440568,798
48902361,265.773,240.869,846,77380,0.587265,0,1,1441414,1440568,846
48916961,159.698,123.544,1086,84680,0.712955,0,2,1441654,1440568,1086
48919881,145.736,108.101,1134,86140,0.73666,0,2,1441702,1440568,1134
48922801,133.519,94.5883,1182,87600,0.759994,0,2,1441750,1440568,1182
48925721,122.829,82.7648,1230,89060,0.782995,0.59,2,1441798,1440568,1230
48928641,113.475,106.169,1008,90520,0.804695,0.61,2,1441846,1440838,1008
48931561,105.291,98.898,1008,91980,0.824226,0.61,2,1441894,1440886,1008
48934481,98.1295,86.5358,1056,93440,0.841803,0.63,2,1441942,1440886,1056
48937401,91.8633,81.7188,1056,94900,0.857623,0.65,2,1441990,1440934,1056
48940321,86.3804,77.5039,1056,96360,0.87186,0.65,2,1442038,1440982,1056
48943241,81.5828,67.816,1104,97820,0.884674,0.67,2,1442086,1440982,1104
48946161,77.385,65.339,1104,99280,0.896207,0.69,2,1442134,1441030,1104
48949081,73.7119,63.1716,1104,100740,0.906586,0.69,2,1442182,1441078,1104
48952001,70.4979,55.2751,1152,102200,0.915928,0.71,2,1442230,1441078,1152
48954921,67.6856,54.3657,1152,103660,0.924335,0.73,2,1442278,1441126,1152
48957841,65.2249,53.57,1152,105120,0.931901,0.73,2,1442326,1441174,1152
48960761,63.0718,46.8738,1200,106580,0.938711,0.75,2,1442374,1441174,1200
48963681,61.1878,47.0146,1200,108040,0.94484,0.77,2,1442422,1441222,1200
48975361,55.7305,42.8286,1248,113880,0.94408,0.81,2,1442614,1441366,1248
48978281,54.7642,37.475,1296,115340,0.934672,0.83,2,1442662,1441366,1296
48981201,53.9186,38.7906,1296,116800,0.922204,0.85,2,1442710,1441414,1296
48984121,53.1788,39.9418,1296,118260,0.906984,0.85,2,1442758,1441462,1296
48987041,52.5315,34.9491,1344,119720,0.889286,0.87,2,1442806,1441462,1344
48989961,51.965,36.5805,1344,121180,0.869357,0.89,2,1442854,1441510,1344
48992881,51.4694,38.0079,1344,122640,0.847421,0.89,2,1442902,1441558,1344
48995801,51.0357,33.2569,1392,124100,0.823679,0.91,2,1442950,1441558,1392
48998721,50.6563,35.0998,1392,125560,0.798311,0.93,2,1442998,1441606,1392
49001641,50.3242,36.7123,1392,127020,0.76748,0.93,2,1443046,1441654,1392
49004561,50.0337,32.1233,1440,128480,0.790732,0.95,2,1443094,1441654,1440
49007481,49.7795,34.1079,1440,129940,0.811659,0.97,2,1443142,1441702,1440
49010401,49.5571,35.8444,1440,131400,0.830493,0.97,2,1443190,1441750,1440
49013321,49.3624,31.3638,1488,132860,0.847444,0.99,2,1443238,1441750,1488
49016241,49.1921,33.4434,1488,134320,0.862699,1,2,1443286,1441798,1488
49017701,49.0431,35.2629,1488,135780,0.876429,1,2,1443334,1441846,1488
49017701,45.9127,30.8551,1512,135780,0.888786,0,2,1443358,1441846,1512
49017701,43.1736,26.9982,1536,135780,0.899908,0,2,1443382,1441846,1536
49017701,40.9019,23.6234,1561,126240,0.909917,1,2,1443407,1441846,1561
49017701,38.7892,20.6705,1585,125442,0.918925,0,2,1443431,1441846,1585
49017701,36.9405,18.0867,1609,125043,0.927033,0,2,1443455,1441846,1609
49017701,35.323,15.8258,1633,123183,0.93433,0,2,1443479,1441846,1633
49017701,33.9076,13.8476,1657,121324,0.940897,0,2,1443503,1441846,1657
49017701,32.6691,12.1167,1681,119465,0.946807,0,2,1443527,1441846,1681
49017701,23.9996,0.252125,2361,94900,0.945713,0,2,1444207,1441846,2361
49017701,23.9996,0.22061,2385,93620,0.913142,0,2,1444231,1441846,2385
49017701,23.9997,0.193033,2409,93620,0.884828,0,2,1444255,1441846,2409
49017701,23.9997,0.168904,2433,93620,0.858345,0,2,1444279,1441846,2433
49017701,23.9998,0.147791,2457,93620,0.835511,0,2,1444303,1441846,2457
49017701,23.9998,0.129317,2481,93620,0.815959,0,2,1444327,1441846,2481
49017701,23.9998,0.113153,2505,93620,0.799364,0,2,1444351,1441846,2505
49017701,23.9998,0.0990086,2529,93620,0.783427,0,2,1444375,1441846,2529
49017701,23.9999,0.0866325,2553,93620,0.770084,0,2,1444399,1441846,2553
49017701,23.9999,0.0758034,2577,93620,0.758076,0,2,1444423,1441846,2577
49017701,23.9999,0.066328,2601,93620,0.747268,0,2,1444447,1441846,2601
49017701,23.9999,0.058037,2625,93620,0.735542,0,2,1444471,1441846,2625
49017701,23.9999,0.0507824,2649,93620,0.724987,0,2,1444495,1441846,2649
49017701,23.9999,0.0444346,2673,93620,0.714489,0,2,1444519,1441846,2673
49017701,23.9999,0.0388803,2697,93620,0.70604,0,2,1444543,1441846,2697
49023541,23.3101,22.6694,1873,85100,0.593269,0,1,1445255,1443382,1873
49023541,23.3963,19.8357,1897,85100,0.579942,0,1,1445279,1443382,1897
49023541,23.4718,17.3562,1921,85100,0.565948,0,1,1445303,1443382,1921
49023541,23.5378,15.1867,1945,85100,0.551353,0,1,1445327,1443382,1945
49023541,23.5956,13.2884,1969,85100,0.536218,0,1,1445351,1443382,1969
49023541,23.6461,11.6273,1993,85100,0.520596,0,1,1445375,1443382,1993
49023541,23.6904,10.1739,2017,85100,0.504536,0,1,1445399,1443382,2017
49023541,23.7291,8.90216,2041,85100,0.488083,0,1,1445423,1443382,2041
49023541,23.7629,7.78939,2065,85100,0.471274,0,1,1445447,1443382,2065
49023541,23.7926,6.81572,2089,85100,0.454147,0,1,1445471,1443382,2089
49023541,23.8185,5.96375,2113,85100,0.436732,0,1,1445495,1443382,2113
49023541,23.8412,5.21828,2137,85100,0.419059,0,1,1445519,1443382,2137
49023541,23.861,4.566,2161,85100,0.401153,0,1,1445543,1443382,2161
49023541,23.8784,3.99525,2185,85100,0.383038,0,1,1445567,1443382,2185
49023541,23.8936,3.49584,2209,85100,0.364734,0,1,1445591,1443382,2209
49023541,23.9069,3.05886,2233,85100,0.347261,0,1,1445615,1443382,2233
49023541,23.9185,2.6765,2257,86560,0.330535,0,1,1445639,1443382,2257
49023541,23.9287,2.34194,2281,86560,0.313481,0,1,1445663,1443382,2281
49023541,23.9376,2.0492,2305,86960,0.297133,0,1,1445687,1443382,2305
49023541,23.9454,1.79305,2329,88420,0.28242,0,1,1445711,1443382,2329
49023541,23.9523,1.56892,2353,89880,0.269178,0,1,1445735,1443382,2353
49023541,23.9582,1.3728,2377,91340,0.25826,0,1,1445759,1443382,2377
49023541,23.9634,1.2012,2401,92800,0.247434,0,1,1445783,1443382,2401
49023541,23.968,1.05105,2425,93200,0.235691,0,1,1445807,1443382,2425
49023541,23.097,0.919671,2442,93200,0.223122,0,1,1445824,1443382,2442
49023541,23.2099,0.804712,2466,92800,0.208809,0,1,1445848,1443382,2466
49023541,23.3086,0.704123,2490,93200,0.193928,0,1,1445872,1443382,2490
49023541,23.3951,0.616108,2514,93200,0.178536,0,1,1445896,1443382,2514
49023541,20.9707,0.539094,2518,93200,0.164682,0,1,1445900,1443382,2518
49023541,21.3493,0.471707,2542,91940,0.150214,0,1,1445924,1443382,2542
49023541,21.6807,0.412744,2566,93200,0.135192,0,1,1445948,1443382,2566
49023541,21.0956,0.361151,2583,91740,0.121673,0,1,1445965,1443382,2583
49023541,21.4586,0.316007,2607,90280,0.109506,0,1,1445989,1443382,2607
49023541,21.7763,0.276506,2631,89240,0.0985553,0,1,1446013,1443382,2631
49023541,22.0543,0.241943,2655,87780,0.0886998,0,1,1446037,1443382,2655
49023541,22.2975,0.2117,2679,86320,0.0798298,0,1,1446061,1443382,2679
49023541,20.3853,0.185238,2686,84860,0.0718468,0,1,1446068,1443382,2686
49023541,20.8371,0.162083,2710,83400,0.0646621,0,1,1446092,1443382,2710
49023541,21.2325,0.141823,2734,83400,0.0581959,0,1,1446116,1443382,2734
49023541,21.5784,0.124095,2758,83400,0.0523763,0,1,1446140,1443382,2758
49023541,21.8811,0.108583,2782,83400,0.0471387,0,1,1446164,1443382,2782
49023541,20.021,0.09501,2789,83400,0.0424248,0,1,1446171,1443382,2789
49026461,121.643,421.958,247,1460,0.0381823,1,1,1447004,1446757,247
49032301,137.313,400.088,247,4380,0.0343641,0,1,1447251,1447004,247
49041061,123.149,350.077,271,10220,0.0339277,0,1,1447275,1447004,271
49052741,110.755,306.318,295,18980,0.0315349,0,1,1447299,1447004,295
49057121,121.786,298.903,247,30660,0.0533814,0,1,1447498,1447251,247
49154561,109.438,261.54,270,35040,0.0720433,0,1,1447521,1447251,270
49157481,106.258,239.348,270,35040,0.080839,0,1,1447605,1447335,270
49160401,98.9757,209.429,318,37960,0.0847551,0,1,1447653,1447335,318
49163321,92.6037,183.25,366,40880,0.0842796,0,1,1447701,1447335,366
49166241,87.0282,160.344,414,43800,0.0798516,0,1,1447749,1447335,414
49169161,82.1497,140.301,462,46720,0.0718664,0,1,1447797,1447335,462
49172081,77.881,122.764,510,49640,0.0646798,0,1,1447845,1447335,510
49175001,74.1459,107.418,558,52560,0.0582118,0,1,1447893,1447335,558
49177921,70.8776,93.9908,606,55480,0.0523906,0,1,1447941,1447335,606
49180841,68.0179,82.242,654,58400,0.0471516,0,1,1447989,1447335,654
49183681,65.2657,71.9617,700,58400,0.0424364,0,1,1448035,1447335,700
49186601,132.107,191.716,270,58400,0.0951928,0,1,1448635,1448365,270
49189521,121.594,167.752,318,58400,0.142673,0,1,1448683,1448365,318
49192441,112.395,146.783,366,58400,0.185406,0,1,1448731,1448365,366
49195361,104.345,128.435,414,58400,0.223866,0,1,1448779,1448365,414
49198281,97.3023,112.381,462,58400,0.258479,0,1,1448827,1448365,462
49201201,91.1395,98.3331,510,58400,0.289631,0,1,1448875,1448365,510
49204121,85.747,86.0415,558,58400,0.317668,0,1,1448923,1448365,558
49207041,81.0287,75.2863,606,59860,0.344901,0,1,1448971,1448365,606
49209961,76.9001,65.8755,654,59860,0.369411,0,1,1449019,1448365,654
49212881,73.2876,57.6411,702,59860,0.39147,0,1,1449067,1448365,702
49215801,70.1266,50.4359,750,59860,0.411323,0,1,1449115,1448365,750
49218721,67.3608,44.1314,798,59860,0.429191,0,1,1449163,1448365,798
49221641,64.9407,38.615,846,59860,0.445272,0,1,1449211,1448365,846
49224561,62.8231,33.7881,894,59860,0.459744,0,1,1449259,1448365,894
49227481,60.9702,29.5646,942,59860,0.47277,0,1,1449307,1448365,942
49230401,59.3489,25.869,990,59860,0.484493,0,1,1449355,1448365,990
49233321,57.9303,22.6354,1038,59860,0.495044,0,1,1449403,1448365,1038
49236241,56.689,19.806,1086,61320,0.506539,0,1,1449451,1448365,1086
49239161,55.6029,17.3302,1134,61320,0.516885,0,1,1449499,1448365,1134
49242081,54.6525,15.164,1182,61320,0.526197,0.57,1,1449547,1448365,1182
49245001,53.821,47.0185,960,61320,0.534577,0.57,1,1449595,1448635,960
49247921,53.0934,47.1412,960,61320,0.542119,0.57,1,1449643,1448683,960
49250841,52.4567,47.2485,960,61320,0.548908,0.57,1,1449691,1448731,960
49253761,51.8996,47.3424,960,61320,0.555017,0.57,1,1449739,1448779,960
49256681,51.4121,47.4246,960,61320,0.560515,0.57,1,1449787,1448827,960
49259601,50.9856,47.4966,960,62780,0.567464,0.57,1,1449835,1448875,960
49262521,50.6124,47.5595,960,62780,0.573717,0.57,1,1449883,1448923,960
49265441,50.2859,41.6146,1008,62780,0.579345,0.59,1,1449931,1448923,1008
49268361,50.0001,42.4127,1008,62780,0.584411,0.59,1,1449979,1448971,1008
49271281,49.7501,43.1111,1008,62780,0.58897,0.59,1,1450027,1449019,1008
49274201,49.5314,43.7222,1008,64240,0.595073,0.59,1,1450075,1449067,1008
49332601,48.106,44.1869,1056,73000,0.706677,0.63,2,1451035,1449979,1056
49335521,48.0927,44.6635,1056,73000,0.713009,0.65,2,1451083,1450027,1056
49338441,48.0811,45.0806,1056,74460,0.720708,0.65,2,1451131,1450075,1056
49341361,48.071,45.4455,1056,74460,0.727637,0.65,2,1451179,1450123,1056
49344281,48.0621,45.7648,1056,74460,0.733874,0.65,2,1451227,1450171,1056
49347201,48.0544,46.0442,1056,75920,0.741486,0.65,2,1451275,1450219,1056
49350121,48.0476,40.2887,1104,75920,0.748338,0.67,2,1451323,1450219,1104
49353041,48.0416,41.2526,1104,77380,0.756504,0.67,2,1451371,1450267,1104
49355961,48.0364,42.096,1104,77380,0.763853,0.67,2,1451419,1450315,1104
49358881,48.0319,42.834,1104,78840,0.772468,0.67,2,1451467,1450363,1104
49361801,48.0279,43.4798,1104,78840,0.780221,0.67,2,1451515,1450411,1104
49364721,48.0244,44.0448,1104,80300,0.789199,0.69,2,1451563,1450459,1104
49367641,48.0213,44.5392,1104,80300,0.797279,0.69,2,1451611,1450507,1104
49370561,48.0187,44.9718,1104,81760,0.806551,0.69,2,1451659,1450555,1104
49373481,48.0163,39.3503,1152,83220,0.816896,0.71,2,1451707,1450555,1152
49376401,48.0143,40.4315,1152,83220,0.826207,0.71,2,1451755,1450603,1152
49379321,48.0125,41.3776,1152,84680,0.836586,0.71,2,1451803,1450651,1152
49382241,48.0109,42.2054,1152,86140,0.847927,0.73,2,1451851,1450699,1152
49385161,48.0096,42.9297,1152,86140,0.858135,0.73,2,1451899,1450747,1152
49388081,48.0084,43.5635,1152,87600,0.869321,0.73,2,1451947,1450795,1152
49391001,48.0073,44.1181,1152,89060,0.881389,0.73,2,1451995,1450843,1152
49393921,48.0064,38.6033,1200,89060,0.89225,0.75,2,1452043,1450843,1200
49396841,48.0056,39.7779,1200,90520,0.903025,0.75,2,1452091,1450891,1200
49399761,48.0049,40.8057,1200,91980,0.912723,0.75,2,1452139,1450939,1200
49402681,48.0043,41.7049,1200,91980,0.92145,0.77,2,1452187,1450987,1200
49405601,48.0038,42.4918,1200,93440,0.929305,0.77,2,1452235,1451035,1200
49408521,48.0033,43.1804,1200,94900,0.936375,0.77,2,1452283,1451083,1200
49411441,48.0029,37.7828,1248,94900,0.942737,0.79,2,1452331,1451083,1248
49414361,48.0025,39.06,1248,96360,0.948464,0.79,2,1452379,1451131,1248
49487361,36.4349,19.8501,1609,125823,0.946094,0,2,1453700,1452091,1609
49487361,34.8805,17.3688,1633,125404,0.932485,0,2,1453724,1452091,1633
49487361,33.5204,15.1977,1657,124985,0.916236,0,2,1453748,1452091,1657
49487361,32.3304,13.298,1681,123106,0.899613,0,2,1453772,1452091,1681
49487361,31.2891,11.6357,1705,121227,0.882652,0,2,1453796,1452091,1705
49487361,30.378,10.1813,1729,119348,0.863386,0,2,1453820,1452091,1729
49487361,29.5807,8.90861,1753,117469,0.844048,0,2,1453844,1452091,1753
49487361,28.8831,7.79504,1777,115590,0.824643,0,2,1453868,1452091,1777
49487361,28.2727,6.82066,1801,112251,0.805179,0,2,1453892,1452091,1801
49487361,27.7386,5.96807,1825,110372,0.783661,0,2,1453916,1452091,1825
49487361,27.2713,5.22207,1849,107033,0.765295,0,2,1453940,1452091,1849
49487361,26.8624,4.56931,1873,105154,0.749765,0,2,1453964,1452091,1873
49487361,26.5046,3.99814,1897,101816,0.734789,0,2,1453988,1452091,1897
49487361,26.1915,3.49838,1921,98477,0.72231,0,2,1454012,1452091,1921
49487361,25.9176,3.06108,1945,93440,0.707079,0,2,1454036,1452091,1945
49487361,24.2264,0.361413,2329,55120,0.597139,0,1,1454420,1452091,2329
49487361,21.4481,0.316236,2331,55120,0.595425,0,1,1454422,1452091,2331
49487361,21.7671,0.276707,2355,55120,0.591882,0,1,1454446,1452091,2355
49487361,22.0462,0.242118,2379,55020,0.587694,0,1,1454470,1452091,2379
49487361,19.7904,0.211853,2383,55020,0.585925,0,1,1454474,1452091,2383
49487361,20.3166,0.185372,2407,55020,0.582332,0,1,1454498,1452091,2407
49487361,20.777,0.1622,2431,54820,0.579099,0,1,1454522,1452091,2431
49487361,18.6799,0.141925,2435,54820,0.578189,0,1,1454526,1452091,2435
49487361,19.3449,0.124185,2459,54820,0.57537,0,1,1454550,1452091,2459
49487361,19.9268,0.108662,2483,54620,0.572833,0,1,1454574,1452091,2483
49487361,17.936,0.0950788,2487,54620,0.57255,0,1,1454578,1452091,2487
49487361,18.694,0.083194,2511,54620,0.570295,0,1,1454602,1452091,2511
49487361,19.3572,0.0727947,2535,54420,0.568265,0,1,1454626,1452091,2535
49487361,17.4376,0.0636954,2539,54420,0.566439,0,1,1454630,1452091,2539
49487361,18.2579,0.0557335,2563,54420,0.562795,0,1,1454654,1452091,2563
49487361,18.9756,0.0487668,2587,54220,0.559515,0,1,1454678,1452091,2587
49487361,17.1037,0.0426709,2591,54220,0.558564,0,1,1454682,1452091,2591
49494661,17.9657,195.037,1055,54220,0.555708,0.83,1,1454706,1453651,1055
49497581,18.72,176.783,1030,65340,0.565137,0.77,1,1454730,1453700,1030
49500501,19.38,160.685,1006,65340,0.571623,0.75,1,1454754,1453748,1006
49503421,19.9575,143.599,1006,65340,0.575461,0.69,1,1454778,1453772,1006
49506341,20.4628,131.649,982,65340,0.576915,0.67,1,1454802,1453820,982
49509261,20.905,118.193,982,65340,0.576223,0.65,1,1454826,1453844,982
49510721,21.2918,106.419,982,65340,0.573601,0.59,1,1454850,1453868,982
49513641,21.6304,99.1166,958,65340,0.569241,0.6,1,1454874,1453916,958
49516561,21.9266,89.7271,958,65340,0.563317,0.6,1,1454898,1453940,958
49518021,22.1857,84.5112,934,65340,0.555985,0.57,1,1454922,1453988,934
49520941,22.4125,79.9473,910,65340,0.547387,0.55,1,1454946,1454036,910
49523861,22.611,72.9539,910,65340,0.537648,0.56,1,1454970,1454060,910
49525321,22.7846,66.8346,910,65340,0.526883,0.57,1,1454994,1454084,910
49528241,22.9365,61.4803,910,65340,0.515195,0.58,1,1455018,1454108,910
49529701,23.0695,56.7953,910,65340,0.502675,0.59,1,1455042,1454132,910
49532621,23.1858,52.6959,910,65340,0.489408,0.58,1,1455066,1454156,910
49534081,23.2876,49.1089,910,65340,0.475467,0.56,1,1455090,1454180,910
49537001,23.3766,45.9703,910,65340,0.46092,0.57,1,1455114,1454204,910
49538461,23.4545,43.224,910,65340,0.445828,0.57,1,1455138,1454228,910
49541381,23.5227,40.821,910,65340,0.430245,0.58,1,1455162,1454252,910
49542841,23.5824,38.7184,910,65340,0.414221,0.58,1,1455186,1454276,910
49545761,23.6346,36.8786,910,65340,0.397799,0.58,1,1455210,1454300,910
49547221,23.6803,35.2687,910,65340,0.381019,0.58,1,1455234,1454324,910
49550141,23.7202,33.8602,910,65340,0.363917,0.57,1,1455258,1454348,910
49551601,23.7552,32.6276,910,65340,0.346525,0.57,1,1455282,1454372,910
49553061,23.7858,31.5492,910,65340,0.328873,0.56,1,1455306,1454396,910
49555981,23.8126,30.6055,910,65340,0.310986,0.56,1,1455330,1454420,910
49557441,23.836,30.0298,908,65340,0.292887,0.55,1,1455354,1454446,908
49560361,23.8565,29.2761,908,65340,0.274598,0.55,1,1455378,1454470,908
49561821,23.8744,29.1166,904,65340,0.256138,0.55,1,1455402,1454498,904
49563281,23.8901,28.477,904,65340,0.237525,0.55,1,1455426,1454522,904
49566201,23.9039,28.4174,900,65340,0.218772,0.55,1,1455450,1454550,900
49567661,23.9159,27.8652,900,65340,0.199895,0.55,1,1455474,1454574,900
49569121,23.9264,27.8821,896,65340,0.180905,0.55,1,1455498,1454602,896
49572041,23.9356,27.3968,896,65340,0.162815,0.53,1,1455522,1454626,896
49574961,23.9436,27.4722,892,65340,0.146533,0.53,1,1455546,1454654,892
49576421,23.9507,27.0382,892,65340,0.13188,0.53,1,1455570,1454678,892
49583721,23.9569,27.1584,888,65340,0.118692,0.53,1,1455594,1454706,888
49585181,23.9622,23.7636,912,65340,0.106823,0.53,1,1455618,1454706,912
49586641,23.967,20.7932,936,65340,0.0961406,0.53,1,1455642,1454706,936
49589561,23.9711,18.194,960,65340,0.0865265,0.53,1,1455666,1454706,960
49592481,23.8497,15.9198,983,65340,0.0778739,0.53,1,1455689,1454706,983
49593941,23.8685,13.9298,1007,65340,0.0700865,0.53,1,1455713,1454706,1007
49618401,23.8849,12.1886,1031,65340,0.0630778,0,1,1455737,1454706,1031
49621321,901.524,986.415,270,94900,0.15677,0,1,1462782,1462512,270
49624241,794.834,863.113,318,96360,0.241093,0,1,1462830,1462512,318
49627161,701.48,755.224,366,97820,0.316984,0,1,1462878,1462512,366
49630081,619.795,660.821,414,99280,0.385285,0,1,1462926,1462512,414
49633001,548.32,578.218,462,100740,0.446757,0,1,1462974,1462512,462
49635921,485.78,505.941,510,102200,0.502081,0,1,1463022,1462512,510
49638841,431.058,442.698,558,103660,0.551873,0,1,1463070,1462512,558
49641761,383.176,387.361,606,105120,0.596686,0,1,1463118,1462512,606
49650521,272.541,259.502,750,109500,0.705984,0,2,1463262,1462512,750
49653441,244.474,227.064,798,110960,0.735386,0,2,1463310,1462512,798
49656361,219.915,198.681,846,112420,0.761847,0,2,1463358,1462512,846
49659281,198.425,173.846,894,113880,0.785662,0,2,1463406,1462512,894
49662201,179.622,152.115,942,115340,0.807096,0,2,1463454,1462512,942
49665121,163.169,133.101,990,116800,0.826386,0,2,1463502,1462512,990
49668041,148.773,116.463,1038,118260,0.843748,0,2,1463550,1462512,1038
49670961,136.176,101.905,1086,119720,0.859373,0,2,1463598,1462512,1086
49673881,125.154,89.1671,1134,121180,0.873436,0,2,1463646,1462512,1134
49676801,115.51,78.0212,1182,122640,0.886092,0,2,1463694,1462512,1182
49679721,107.071,68.2686,1230,124100,0.897483,0,2,1463742,1462512,1230
49682641,99.6874,59.735,1278,125560,0.907735,0,2,1463790,1462512,1278
49685561,93.2265,52.2681,1326,127020,0.916961,0,2,1463838,1462512,1326
49688481,87.5732,45.7346,1374,128480,0.925265,0,2,1463886,1462512,1374
49691401,82.6265,40.0178,1422,129940,0.932739,0,2,1463934,1462512,1422
49694321,78.2982,35.0156,1470,131400,0.938465,0,2,1463982,1462512,1470
49697241,74.5109,30.6386,1518,132860,0.940618,0,2,1464030,1462512,1518
49700161,71.1971,26.8088,1566,134320,0.937556,0,2,1464078,1462512,1566
49703081,68.2974,23.4577,1614,135780,0.931801,0,2,1464126,1462512,1614
49703081,62.7603,20.5255,1638,137240,0.927621,0,2,1464150,1462512,1638
49703081,57.9152,17.9598,1662,137240,0.919859,0,2,1464174,1462512,1662
49703081,53.6758,15.7148,1686,137240,0.908873,0,2,1464198,1462512,1686
49703081,50.0913,13.7505,1711,126220,0.896985,0.81,2,1464223,1462512,1711
49703081,46.8299,12.0317,1735,125422,0.882287,0,2,1464247,1462512,1735
49703081,43.9762,10.5277,1759,125023,0.867058,0,2,1464271,1462512,1759
49703081,41.4792,9.21174,1783,123164,0.849352,0,2,1464295,1462512,1783
49703081,39.2943,8.06027,1807,121305,0.831417,0,2,1464319,1462512,1807
49703081,37.3825,7.05274,1831,119446,0.813275,0,2,1464343,1462512,1831
49703081,35.7097,6.17114,1855,117587,0.794948,0,2,1464367,1462512,1855
49703081,34.246,5.39975,1879,115728,0.777453,0,2,1464391,1462512,1879
49703081,32.9652,4.72478,1903,112409,0.762708,0,2,1464415,1462512,1903
49703081,31.8446,4.13418,1927,110550,0.750437,0,2,1464439,1462512,1927
49703081,30.864,3.61741,1951,107230,0.738393,0,2,1464463,1462512,1951
49703081,30.006,3.16523,1975,105371,0.728554,0,2,1464487,1462512,1975
49703081,29.2552,2.76958,1999,102052,0.720699,0,2,1464511,1462512,1999
49703081,28.5983,2.42338,2023,98733,0.714629,0,2,1464535,1462512,2023
49703081,28.0235,2.12046,2047,94900,0.708166,0,2,1464559,1462512,2047
49703081,27.5206,1.8554,2071,91180,0.703349,0,2,1464583,1462512,2071
49703081,27.0805,1.62348,2095,88260,0.700014,0,2,1464607,1462512,2095
49703081,19.3176,0.025864,2746,57140,0.599492,0,1,1465258,1462512,2746
49703081,17.4029,0.022631,2750,57140,0.598542,0,1,1465262,1462512,2750
49708921,18.2275,210.77,1088,57140,0.595688,0.75,1,1465286,1464198,1088
49711841,18.9491,190.549,1063,67420,0.599119,0.69,1,1465310,1464247,1063
49751261,23.4037,46.6403,967,68580,0.703912,0.61,2,1465694,1464727,967
49752721,23.4782,43.8102,967,67420,0.70552,0.59,2,1465718,1464751,967
49755641,23.5434,41.334,967,68580,0.708968,0.6,2,1465742,1464775,967
49757101,23.6005,39.1672,967,67420,0.710072,0.61,2,1465766,1464799,967
49760021,23.6504,37.2713,967,68580,0.713064,0.62,2,1465790,1464823,967
49761481,23.6941,35.6124,967,67420,0.713758,0.63,2,1465814,1464847,967
49764401,23.7324,34.1608,967,68580,0.716382,0.62,2,1465838,1464871,967
49765861,23.7658,32.8907,967,67420,0.716744,0.62,2,1465862,1464895,967
49767321,23.7951,31.7794,967,68580,0.71907,0.61,2,1465886,1464919,967
49770241,23.8207,30.807,967,67420,0.719163,0.61,2,1465910,1464943,967
49771701,23.8431,30.5811,962,68580,0.721246,0.6,2,1465934,1464972,962
49795061,23.8627,29.7585,962,67420,0.721122,0.6,2,1465958,1464996,962
49796521,23.8799,29.0387,962,68580,0.723009,0.59,2,1465982,1465020,962
49797981,23.8949,28.4088,962,67420,0.722709,0.59,2,1466006,1465044,962
49799441,23.908,27.8577,962,68580,0.723438,0.59,2,1466030,1465068,962
49800901,23.9195,27.8755,958,67420,0.722094,0.59,2,1466054,1465096,958
49802361,23.9296,27.3911,958,68580,0.723885,0.59,2,1466078,1465120,958
49803821,23.9384,27.4672,954,67420,0.723496,0.59,2,1466102,1465148,954
49805281,23.9461,28.2838,944,68580,0.725146,0.59,2,1466126,1465182,944
49806741,23.9528,27.7483,944,67420,0.724632,0.57,2,1466150,1465206,944
49808201,23.9587,27.7798,940,68580,0.726169,0.57,2,1466174,1465234,940
49809661,23.9639,27.3073,940,67420,0.724552,0.57,2,1466198,1465258,940
49811121,23.9684,27.3939,936,68580,0.725097,0.57,2,1466222,1465286,936
49815801,23.9724,23.9697,960,67420,0.723587,0.57,2,1466246,1465286,960
49817461,21.3508,20.9734,963,67120,0.724228,0.57,2,1466249,1465286,963
49818921,21.682,18.3518,987,67120,0.722805,0.57,2,1466273,1465286,987
49833681,19.4717,16.0578,991,68380,0.725525,0.61,2,1466277,1465286,991
49836601,23.0377,19.9256,992,96360,0.752972,0.61,2,1466325,1465333,992
49839521,26.158,17.4349,1040,97820,0.777675,0.61,2,1466373,1465333,1040
49842001,28.0133,15.2555,1081,99280,0.799908,0.72,2,1466414,1465333,1081
49842001,27.5116,13.3486,1105,100740,0.819917,0,2,1466438,1465333,1105
49842001,27.0727,11.68,1129,100740,0.837925,0,2,1466462,1465333,1129
49844921,29.6886,16.345,1128,100740,0.854133,0.72,2,1466510,1465382,1128
49847841,31.9775,20.3019,1128,100740,0.868719,0.72,2,1466558,1465430,1128
49850761,33.9803,23.7641,1128,102200,0.881847,0.72,2,1466606,1465478,1128
49853681,35.7328,26.7936,1128,102200,0.893663,0.72,2,1466654,1465526,1128
49856601,37.2662,29.4444,1128,102200,0.904296,0.72,2,1466702,1465574,1128
49859521,38.6079,31.7639,1128,103660,0.913867,0.72,2,1466750,1465622,1128
49862441,39.7819,33.7934,1128,103660,0.92248,0.72,2,1466798,1465670,1128
49865361,40.8092,35.5692,1128,105120,0.930232,0.72,2,1466846,1465718,1128
49868281,41.708,37.1231,1128,105120,0.937209,0.72,2,1466894,1465766,1128
49871201,42.4945,38.4827,1128,105120,0.943488,0.72,2,1466942,1465814,1128
49874121,43.1827,39.6723,1128,106580,0.949139,0.72,2,1466990,1465862,1128
49915001,47.2571,22.2821,1385,113880,0.948636,0.75,2,1467662,1466277,1385
49917921,47.35,19.4969,1433,115340,0.942772,0.75,2,1467710,1466277,1433
49920841,47.4312,17.0598,1481,115340,0.937495,0.75,2,1467758,1466277,1481
49923761,47.5023,14.9273,1529,115340,0.929745,0.75,2,1467806,1466277,1529
49925221,47.5645,13.0614,1577,116800,0.924771,0.75,2,1467854,1466277,1577
49925221,44.619,11.4287,1601,116800,0.923294,0,2,1467878,1466277,1601
49925221,42.0416,10.0001,1625,116800,0.919964,0,2,1467902,1466277,1625
49925221,39.7864,8.7501,1649,115340,0.915968,0.89,2,1467926,1466277,1649
49925221,37.8131,7.65634,1673,114415,0.911371,0,2,1467950,1466277,1673
49925221,36.2115,6.69929,1698,113952,0.906234,0,2,1467975,1466277,1698
49925221,34.685,5.86188,1722,113489,0.900611,0,2,1467999,1466277,1722
49925221,33.3494,5.12915,1746,113026,0.89355,0,2,1468023,1466277,1746
49925221,32.1807,4.488,1770,111103,0.886195,0,2,1468047,1466277,1770
49925221,31.1581,3.927,1794,110640,0.878575,0,2,1468071,1466277,1794
49925221,30.2634,3.43613,1818,108717,0.869718,0,2,1468095,1466277,1818
49925221,29.4804,3.00661,1842,106794,0.860746,0,2,1468119,1466277,1842
49925221,28.7954,2.63079,1866,106331,0.851671,0,2,1468143,1466277,1866
49925221,28.196,2.30194,1890,104408,0.842504,0,2,1468167,1466277,1890
49925221,27.6715,2.0142,1914,103945,0.835254,0,2,1468191,1466277,1914
49925221,27.2125,1.76242,1938,102022,0.824728,0,2,1468215,1466277,1938
49925221,26.811,1.54212,1962,98640,0.814256,0,2,1468239,1466277,1962
49925221,26.4596,1.34935,1986,98177,0.80583,0,2,1468263,1466277,1986
49925221,26.1521,1.18068,2010,96254,0.794247,0,2,1468287,1466277,2010
49925221,25.8831,1.0331,2034,95791,0.782822,0,2,1468311,1466277,2034
49925221,25.6477,0.903961,2058,92408,0.77354,0,2,1468335,1466277,2058
49925221,25.4418,0.790966,2082,90485,0.764186,0,2,1468359,1466277,2082
49925221,25.2616,0.692095,2106,90022,0.756767,0,2,1468383,1466277,2106
49925221,25.1039,0.605584,2130,86639,0.751091,0,2,1468407,1466277,2130
49925221,24.9659,0.529886,2154,81760,0.744982,0,2,1468431,1466277,2154
49925221,24.8451,0.46365,2178,81760,0.740483,0,2,1468455,1466277,2178
49925221,24.7395,0.405694,2202,78840,0.737435,0,2,1468479,1466277,2202
49925221,24.6471,0.354982,2226,78840,0.734692,0,2,1468503,1466277,2226
49925221,24.5662,0.310609,2250,75920,0.732222,0,2,1468527,1466277,2250
49925221,24.4954,0.271783,2274,73000,0.73,0,2,1468551,1466277,2274
49925221,24.4335,0.23781,2298,73000,0.728,0,2,1468575,1466277,2298
49925221,24.3793,0.208084,2322,70080,0.7262,0,2,1468599,1466277,2322
49925221,24.3319,0.182073,2346,67160,0.72458,0,2,1468623,1466277,2346
49925221,24.2904,0.159314,2370,67160,0.723122,0,2,1468647,1466277,2370
49925221,24.2541,0.1394,2394,67160,0.72181,0,2,1468671,1466277,2394
49925221,24.2223,0.121975,2418,67160,0.720629,0,2,1468695,1466277,2418
49925221,24.1945,0.106728,2442,67160,0.719566,0,2,1468719,1466277,2442
49925221,24.1702,0.0933871,2466,67160,0.718609,0,2,1468743,1466277,2466
49925221,24.1489,0.0817137,2490,67160,0.717748,0,2,1468767,1466277,2490
49925221,24.1303,0.0714995,2514,67160,0.716974,0,2,1468791,1466277,2514
49925221,24.114,0.062562,2538,67160,0.716276,0,2,1468815,1466277,2538
49925221,24.0998,0.0547418,2562,67160,0.715649,0,2,1468839,1466277,2562
49925221,24.0873,0.0478991,2586,67160,0.715084,0,2,1468863,1466277,2586
49925221,24.0764,0.0419117,2610,67160,0.714575,0,2,1468887,1466277,2610
49925221,24.0668,0.0366727,2634,67160,0.713118,0,2,1468911,1466277,2634
49925221,24.0585,0.0320886,2658,66780,0.711806,0,2,1468935,1466277,2658
49925221,24.0512,0.0280776,2682,66780,0.710625,0,2,1468959,1466277,2682
49925221,24.0448,0.0245679,2706,66780,0.709563,0,2,1468983,1466277,2706
49925221,24.0392,0.0214969,2730,66780,0.708607,0,2,1469007,1466277,2730
49925221,24.0343,0.0188098,2754,66780,0.707746,0,2,1469031,1466277,2754
49925221,24.03,0.0164585,2778,66780,0.706971,0,2,1469055,1466277,2778
49925221,24.0263,0.0144012,2802,66780,0.706274,0,2,1469079,1466277,2802
49925221,24.023,0.0126011,2826,66780,0.705647,0,2,1469103,1466277,2826
49925221,24.0201,0.0110259,2850,66780,0.705082,0,2,1469127,1466277,2850
49925221,24.0176,0.0096477,2874,66780,0.704574,0,2,1469151,1466277,2874
49925221,24.0154,0.00844174,2898,66780,0.704117,0,2,1469175,1466277,2898
49933981,24.0135,203.132,1297,66780,0.703705,0.83,2,1469199,1467902,1297
49933981,24.0118,177.741,1321,80300,0.720334,0,2,1469223,1467902,1321
49933981,24.0103,155.523,1345,79540,0.735301,0,2,1469247,1467902,1345
49938361,24.009,151.208,1248,79540,0.748771,0.81,2,1469271,1468023,1248
49941281,24.0079,138.307,1224,81000,0.761894,0.79,2,1469295,1468071,1224
49945661,24.0069,124.018,1224,80300,0.771704,0.77,2,1469319,1468095,1224
49950041,24.006,114.516,1200,80560,0.782534,0.73,2,1469343,1468143,1200
49950041,24.0053,100.202,1224,80300,0.790281,0,2,1469367,1468143,1224
49952961,24.0046,96.6765,1176,79100,0.797252,0.72,2,1469391,1468215,1176
49954421,24.004,87.5919,1176,80560,0.804527,0.69,2,1469415,1468239,1176
49958801,24.0035,82.6429,1152,81580,0.809075,0.68,2,1469439,1468287,1152
49963181,24.0031,75.3125,1152,80300,0.811167,0.68,2,1469463,1468311,1152
49964641,24.0027,71.8985,1128,80300,0.81105,0.69,2,1469487,1468359,1128
49967561,24.0024,65.9112,1128,80300,0.808945,0.69,2,1469511,1468383,1128
49971941,24.0021,63.6723,1104,80300,0.805051,0.7,2,1469535,1468431,1104
49973401,24.0018,58.7132,1104,80300,0.799546,0.71,2,1469559,1468455,1104
49976321,24.0016,54.3741,1104,80300,0.792591,0.71,2,1469583,1468479,1104
49977781,24.0014,50.5773,1104,80300,0.784332,0.71,2,1469607,1468503,1104
49982161,24.0012,47.2552,1104,80300,0.774899,0.71,2,1469631,1468527,1104
49983621,24.0011,44.3483,1104,80300,0.764409,0.71,2,1469655,1468551,1104
49988001,24.0009,41.8047,1104,80300,0.752968,0.71,2,1469679,1468575,1104
49989461,24.0008,39.5791,1104,80300,0.740671,0.71,2,1469703,1468599,1104
49992381,24.0007,37.6317,1104,80300,0.727604,0.71,2,1469727,1468623,1104
49993841,24.0006,35.9278,1104,80300,0.713844,0.71,2,1469751,1468647,1104
49998221,24.0005,34.4368,1104,80300,0.700459,0.71,2,1469775,1468671,1104
50056241,31.108,33.7235,1121,86140,0.580302,0.87,1,1470008,1468887,1121
50056241,30.2195,29.5081,1145,86140,0.558272,0,1,1470032,1468887,1145
50056241,29.442,25.8195,1169,86140,0.536444,0,1,1470056,1468887,1169
50056241,28.7618,22.5921,1193,86140,0.5148,0,1,1470080,1468887,1193
50056241,28.1666,19.7681,1217,86140,0.49332,0,1,1470104,1468887,1217
50056241,27.6457,17.2971,1241,86140,0.471988,0,1,1470128,1468887,1241
50056241,27.19,15.1349,1265,86140,0.450789,0,1,1470152,1468887,1265
50056241,26.7913,13.2431,1289,86140,0.42971,0,1,1470176,1468887,1289
50056241,26.4424,11.5877,1313,86140,0.408739,0,1,1470200,1468887,1313
50056241,26.1371,10.1392,1337,86140,0.388865,0,1,1470224,1468887,1337
50056241,25.8699,8.87183,1361,86140,0.368979,0,1,1470248,1468887,1361
50056241,25.6362,7.76285,1385,86140,0.349081,0,1,1470272,1468887,1385
50056241,25.4317,6.79249,1409,86140,0.329173,0,1,1470296,1468887,1409
50056241,25.2527,5.94343,1433,86140,0.396256,0,1,1470320,1468887,1433
50056241,25.0961,5.2005,1457,86140,0.45663,0,1,1470344,1468887,1457
50056241,24.9591,4.55044,1481,86140,0.510967,0,1,1470368,1468887,1481
50056241,24.8392,3.98163,1505,86140,0.55987,0,1,1470392,1468887,1505
50062081,29.5427,38.6465,1311,86140,0.703211,0.86,2,1470530,1469219,1311
50064561,30.9749,37.3157,1324,87600,0.73289,0.15,2,1470571,1469247,1324
50064561,30.103,32.6512,1348,87600,0.759601,0,2,1470595,1469247,1348
50064561,29.3401,28.5698,1372,87600,0.783641,0,2,1470619,1469247,1372
50064561,28.6726,24.9986,1396,87600,0.805277,0,2,1470643,1469247,1396
50064561,28.0885,21.8738,1420,87600,0.824749,0,2,1470667,1469247,1420
50064561,27.5775,19.1395,1444,87600,0.842274,0,2,1470691,1469247,1444
50064561,26.2553,16.7471,1461,87600,0.858047,0,2,1470708,1469247,1461
50067481,28.9734,146.279,456,87600,0.869242,0.15,2,1470756,1470300,456
50070401,31.3517,127.994,504,87600,0.879318,0.15,2,1470804,1470300,504
50073321,33.4327,111.995,552,87600,0.888386,0.15,2,1470852,1470300,552
50076241,35.2537,97.9953,600,89060,0.898547,0.15,2,1470900,1470300,600
50079161,36.8469,85.7459,648,89060,0.907693,0.15,2,1470948,1470300,648
50082081,38.2411,75.0277,696,89060,0.915923,0.15,2,1470996,1470300,696
50085001,39.4609,65.6492,744,89060,0.923331,0.15,2,1471044,1470300,744
50087921,40.5283,57.443,792,89060,0.929998,0.15,2,1471092,1470300,792
50090841,41.4623,50.2627,840,90520,0.936998,0.15,2,1471140,1470300,840
50093761,42.2795,43.9798,888,90520,0.943298,0.15,2,1471188,1470300,888
50096681,42.9946,38.4824,936,90520,0.948969,0.15,2,1471236,1470300,936
50155081,47.6536,43.4393,1440,94900,0.946058,0.97,2,1472196,1470756,1440
50158001,47.6969,44.0094,1440,94900,0.929453,0.97,2,1472244,1470804,1440
50160921,47.7348,44.5082,1440,94900,0.910507,0.97,2,1472292,1470852,1440
50163841,47.7679,38.9447,1488,94900,0.886457,0.99,2,1472340,1470852,1488
50166761,47.7969,40.0766,1488,94900,0.860811,0.99,2,1472388,1470900,1488
50169681,47.8223,41.067,1488,94900,0.83373,0.99,2,1472436,1470948,1488
50172601,47.8445,41.9337,1488,94900,0.804357,0.99,2,1472484,1470996,1488
50175521,47.864,42.692,1488,96360,0.773921,0.99,2,1472532,1471044,1488
50178441,47.881,43.3555,1488,96360,0.742529,1,2,1472580,1471092,1488
50181361,47.8958,43.936,1488,96360,0.710276,1,2,1472628,1471140,1488
50182821,40.0171,29.774,1560,42720,0.592084,0.36,1,1472748,1471188,1560
50182821,38.0149,26.0523,1584,42720,0.568876,0,1,1472772,1471188,1584
50182821,36.2631,22.7957,1608,42720,0.543988,0,1,1472796,1471188,1608
50182821,34.7302,19.9463,1632,42720,0.520589,0,1,1472820,1471188,1632
50182821,33.5139,17.453,1657,42720,0.50053,0,1,1472845,1471188,1657
50182821,32.3247,15.2714,1681,42720,0.481477,0,1,1472869,1471188,1681
50182821,31.2841,13.3624,1705,42720,0.46533,0,1,1472893,1471188,1705
50182821,30.3736,11.6921,1729,41260,0.451797,0,1,1472917,1471188,1729
50182821,29.5769,10.2306,1753,41260,0.440617,0,1,1472941,1471188,1753
50182821,28.8798,8.95179,1777,41260,0.431555,0,1,1472965,1471188,1777
50182821,28.2698,7.83282,1801,41260,0.4244,0,1,1472989,1471188,1801
50182821,27.7361,6.85372,1825,41260,0.41796,0,1,1473013,1471188,1825
50182821,27.2691,5.997,1849,41260,0.412164,0,1,1473037,1471188,1849
50182821,26.8604,5.24738,1873,41260,0.405947,0,1,1473061,1471188,1873
50182821,26.5029,4.59145,1897,41260,0.398353,0,1,1473085,1471188,1897
50182821,26.19,4.01752,1921,41260,0.392517,0,1,1473109,1471188,1921
50182821,25.9163,3.51533,1945,41260,0.388266,0,1,1473133,1471188,1945
50182821,25.6767,3.07592,1969,41260,0.384439,0,1,1473157,1471188,1969
50182821,25.4671,2.69143,1993,41260,0.381995,0,1,1473181,1471188,1993
50182821,25.2837,2.355,2017,41260,0.379796,0,1,1473205,1471188,2017
50182821,25.1233,2.06062,2041,41260,0.377816,0,1,1473229,1471188,2041
50182821,24.9829,1.80305,2065,41260,0.376034,0,1,1473253,1471188,2065
50182821,24.86,1.57766,2089,41260,0.374431,0,1,1473277,1471188,2089
50182821,24.7525,1.38046,2113,41260,0.372988,0,1,1473301,1471188,2113
50182821,24.6584,1.2079,2137,41260,0.371689,0,1,1473325,1471188,2137
50182821,24.5761,1.05691,2161,41260,0.37052,0,1,1473349,1471188,2161
50182821,24.5041,0.924798,2185,41260,0.369468,0,1,1473373,1471188,2185
50182821,22.1911,0.809198,2191,41260,0.368521,0,1,1473379,1471188,2191
50194501,22.2922,192.708,678,40180,0.365669,0.31,1,1473402,1472724,678
50194501,22.5057,168.62,702,38340,0.361102,0,1,1473426,1472724,702
50194501,22.6925,147.542,726,38340,0.354992,0,1,1473450,1472724,726
50194501,22.8559,129.099,750,38340,0.347493,0,1,1473474,1472724,750
50229921,22.9989,124.962,678,38340,0.338744,0,1,1473498,1472820,678
50229921,23.1241,109.342,702,68620,0.328869,0,1,1473522,1472820,702
50229921,23.2336,95.674,726,68620,0.317982,0,1,1473546,1472820,726
50229921,23.3294,83.7147,750,68620,0.306184,0,1,1473570,1472820,750
50229921,23.4132,73.2504,774,68620,0.293566,0,1,1473594,1472820,774
50229921,23.4865,64.0941,798,68620,0.280209,0,1,1473618,1472820,798
50229921,23.5507,56.0823,822,68620,0.266188,0,1,1473642,1472820,822
50229921,23.6069,49.072,846,68620,0.251569,0,1,1473666,1472820,846
50229921,23.656,42.938,870,68620,0.236412,0,1,1473690,1472820,870
50229921,23.699,37.5708,894,68620,0.220771,0,1,1473714,1472820,894
50229921,23.7366,32.8744,918,68620,0.204694,0,1,1473738,1472820,918
50229921,23.7696,28.7651,942,68620,0.188225,0,1,1473762,1472820,942
50229921,23.7984,25.1695,966,68620,0.171402,0,1,1473786,1472820,966
50229921,23.8236,22.0233,990,68620,0.154262,0,1,1473810,1472820,990
50229921,23.8456,19.2704,1014,68620,0.138836,0,1,1473834,1472820,1014
50229921,23.8649,16.8616,1038,68620,0.124952,0,1,1473858,1472820,1038
50229921,23.8818,14.7539,1062,68620,0.112457,0,1,1473882,1472820,1062
50229921,23.8966,12.9097,1086,68620,0.101211,0,1,1473906,1472820,1086
50229921,23.9095,11.2959,1110,68620,0.0910902,0,1,1473930,1472820,1110
50229921,23.9208,9.88395,1134,68620,0.0819811,0,1,1473954,1472820,1134
50229921,23.9307,8.64846,1158,68620,0.073783,0,1,1473978,1472820,1158
50229921,23.9394,7.5674,1182,68620,0.0664047,0,1,1474002,1472820,1182
50229921,23.947,6.62148,1206,68620,0.0597643,0,1,1474026,1472820,1206
50229921,21.7036,5.79379,1212,68620,0.0537878,0,1,1474032,1472820,1212
50232841,595.741,699.57,270,68620,0.119409,0,1,1478646,1478376,270
50235761,527.273,612.123,318,70080,0.180468,0,1,1478694,1478376,318
50238681,467.364,535.608,366,71540,0.237421,0,1,1478742,1478376,366
50241601,414.943,468.657,414,73000,0.290679,0,1,1478790,1478376,414
50244521,369.076,410.075,462,74460,0.340611,0,1,1478838,1478376,462
50247441,328.941,358.815,510,75920,0.38755,0,1,1478886,1478376,510
50250361,293.823,313.964,558,77380,0.431795,0,1,1478934,1478376,558
50253281,263.096,274.718,606,78840,0.473616,0,1,1478982,1478376,606
50256201,236.209,240.378,654,80300,0.513254,0,1,1479030,1478376,654
50259121,212.682,210.331,702,81760,0.550929,0,1,1479078,1478376,702
50262041,192.097,184.04,750,83220,0.586836,0,1,1479126,1478376,750
50273721,132.467,107.881,942,89060,0.71607,0,2,1479318,1478376,942
50276641,121.909,94.3956,990,90520,0.744463,0,2,1479366,1478376,990
50279561,112.67,82.5961,1038,90520,0.770017,0,2,1479414,1478376,1038
50282481,104.586,72.2716,1086,90520,0.793015,0,2,1479462,1478376,1086
50285401,97.5131,63.2377,1134,91980,0.813714,0,2,1479510,1478376,1134
50288321,91.3239,55.333,1182,91980,0.832342,0,2,1479558,1478376,1182
50291241,85.9084,48.4163,1230,93440,0.849108,0,2,1479606,1478376,1230
50294161,81.1699,42.3643,1278,93440,0.864197,0,2,1479654,1478376,1278
50297081,77.0237,37.0688,1326,94900,0.877777,0,2,1479702,1478376,1326
50300001,73.3957,32.4352,1374,94900,0.89,0.71,2,1479750,1478376,1374
50302921,70.2212,62.1308,1152,96360,0.901,0.73,2,1479798,1478646,1152
50305841,67.4436,60.3644,1152,96360,0.9089,0.73,2,1479846,1478694,1152
50308761,65.0131,52.8189,1200,97820,0.91201,0.75,2,1479894,1478694,1200
50311681,62.8865,52.2165,1200,97820,0.910809,0.77,2,1479942,1478742,1200
50314601,61.0257,51.6894,1200,99280,0.905728,0.77,2,1479990,1478790,1200
50317521,59.3975,45.2283,1248,99280,0.897155,0.79,2,1480038,1478790,1248
50320441,57.9728,45.5747,1248,100740,0.88544,0.81,2,1480086,1478838,1248
50323361,56.7262,45.8779,1248,100740,0.870896,0.81,2,1480134,1478886,1248
50326281,55.6354,40.1432,1296,102200,0.853806,0.83,2,1480182,1478886,1296
50329201,54.681,41.1253,1296,103660,0.834426,0.85,2,1480230,1478934,1296
50332121,53.8459,41.9846,1296,105120,0.812983,0.85,2,1480278,1478982,1296
50335041,53.1151,36.7365,1344,105120,0.789685,0.87,2,1480326,1478982,1344
50337961,52.4757,38.1445,1344,106580,0.764716,0.89,2,1480374,1479030,1344
50340881,51.9163,39.3764,1344,108040,0.738245,0.89,2,1480422,1479078,1344
50343801,51.4267,34.4544,1392,108040,0.71042,0.91,2,1480470,1479078,1392
50355481,50.0087,34.8098,1440,112420,0.578975,0.97,1,1480662,1479222,1440
50358401,49.7576,36.4586,1440,113880,0.543077,0.97,1,1480710,1479270,1440
50361321,49.5379,31.9012,1488,113880,0.503769,0.99,1,1480758,1479270,1488
50364241,49.3457,33.9136,1488,115340,0.463392,1,1,1480806,1479318,1488
50367161,49.1775,35.6744,1488,116800,0.423053,1,1,1480854,1479366,1488
50368621,49.0303,37.2151,1488,116800,0.382748,1,1,1480902,1479414,1488
50368621,45.9015,32.5632,1512,116800,0.345473,0,1,1480926,1479414,1512
50368621,43.1638,28.4928,1536,116800,0.310926,0,1,1480950,1479414,1536
50368621,40.7683,24.9312,1560,22280,0.280833,0,1,1480974,1479414,1560
50368621,38.7973,21.8148,1585,22280,0.25275,0,1,1480999,1479414,1585
50368621,36.9476,19.088,1609,22280,0.228475,0,1,1481023,1479414,1609
50368621,35.3292,16.702,1633,22280,0.206627,0,1,1481047,1479414,1633
50368621,33.913,14.6142,1657,20820,0.186965,0,1,1481071,1479414,1657
50368621,32.6739,12.7874,1681,20820,0.169268,0,1,1481095,1479414,1681
50368621,31.5897,11.189,1705,19360,0.153341,0,1,1481119,1479414,1705
50368621,30.641,9.79038,1729,17900,0.139007,0,1,1481143,1479414,1729
50368621,29.8108,8.56658,1753,17900,0.126107,0,1,1481167,1479414,1753
50368621,26.8345,7.49576,1759,16440,0.113496,0,1,1481173,1479414,1759
50375921,26.4802,198.559,247,15360,0.102146,0.01,1,1481197,1480950,247
50380301,26.1701,176.739,247,17900,0.0919317,0.01,1,1481221,1480974,247
50380301,26.0239,154.647,272,16440,0.0827385,0,1,1481246,1480974,272
50383221,25.7709,141.441,247,16440,0.0744646,0.01,1,1481270,1481023,247
50387601,25.5495,126.761,247,16440,0.0670182,0.01,1,1481294,1481047,247
50387601,25.3558,110.916,271,14980,0.0603164,0,1,1481318,1481047,271
50391981,25.0614,103.051,246,14980,0.0542847,0.01,1,1481341,1481095,246
50391981,24.9287,90.1697,270,13520,0.0488563,0,1,1481365,1481095,270
50395281,24.8126,84.8985,246,13520,0.0439706,0,1,1481389,1481143,246
50395281,22.461,74.2862,252,81760,0.0395736,0,1,1481395,1481143,252
50398201,886.653,929.75,270,81760,0.124616,0,1,1488331,1488061,270
50401121,781.822,813.532,318,83220,0.203155,0,1,1488379,1488061,318
50404041,690.094,711.84,366,84680,0.275839,0,1,1488427,1488061,366
50406961,609.832,622.86,414,86140,0.343255,0,1,1488475,1488061,414
50409881,539.603,545.003,462,87600,0.40593,0,1,1488523,1488061,462
50412801,478.153,476.877,510,89060,0.464337,0,1,1488571,1488061,510
50415721,424.384,417.268,558,90520,0.517903,0,1,1488619,1488061,558
50418641,377.336,365.109,606,91980,0.566113,0,1,1488667,1488061,606
50430321,241.051,214.02,798,97820,0.715327,0,2,1488859,1488061,798
50433241,216.919,187.268,846,99280,0.743794,0,2,1488907,1488061,846
50436161,195.804,163.859,894,100740,0.769415,0,2,1488955,1488061,894
50439081,177.329,143.377,942,102200,0.792473,0,2,1489003,1488061,942
50442001,161.163,125.455,990,103660,0.813226,0,2,1489051,1488061,990
50444921,147.017,109.773,1038,105120,0.831903,0,2,1489099,1488061,1038
50447841,134.64,96.0513,1086,106580,0.848713,0,2,1489147,1488061,1086
50450761,123.81,84.0449,1134,108040,0.859842,0,2,1489195,1488061,1134
50453681,114.334,73.5393,1182,109500,0.865857,0,2,1489243,1488061,1182
50456601,106.042,64.3469,1230,110960,0.862272,0,2,1489291,1488061,1230
50459521,98.7869,56.3035,1278,112420,0.857045,0,2,1489339,1488061,1278
50462441,92.4385,49.2656,1326,113880,0.85034,0,2,1489387,1488061,1326
50465361,86.8837,43.1074,1374,115340,0.841306,0,2,1489435,1488061,1374
50468281,82.0232,37.719,1422,116800,0.829175,0,2,1489483,1488061,1422
50471201,77.7703,33.0041,1470,118260,0.814258,0,2,1489531,1488061,1470
50474121,74.0491,28.8786,1518,119720,0.796832,0,2,1489579,1488061,1518
50477041,70.7929,25.2688,1566,121180,0.777149,0.89,2,1489627,1488061,1566
50479961,67.9438,55.8602,1344,122640,0.755434,0.89,2,1489675,1488331,1344
50482881,65.4508,48.8776,1392,124100,0.779891,0.91,2,1489723,1488331,1392
50485801,63.2695,48.7679,1392,125560,0.801902,0.93,2,1489771,1488379,1392
50488721,61.3608,48.6719,1392,127020,0.821711,0.93,2,1489819,1488427,1392
50491641,59.6907,42.5879,1440,128480,0.83954,0.95,2,1489867,1488427,1440
50494561,58.2294,43.2645,1440,129940,0.855586,0.97,2,1489915,1488475,1440
50497481,56.9507,43.8564,1440,131400,0.870028,0.97,2,1489963,1488523,1440
50500401,55.8319,38.3743,1488,132860,0.883025,0.99,2,1490011,1488523,1488
50503321,54.8529,39.5776,1488,134320,0.894722,1,2,1490059,1488571,1488
50504781,53.9963,40.6304,1488,135780,0.90525,1,2,1490107,1488619,1488
50504781,50.2467,35.5516,1512,135780,0.914725,0,2,1490131,1488619,1512
50504781,46.9659,31.1076,1536,135780,0.923253,0,2,1490155,1488619,1536
50504781,44.2202,27.2192,1561,126360,0.930927,1,2,1490180,1488619,1561
50504781,41.6926,23.8168,1585,125560,0.937835,0,2,1490204,1488619,1585
50504781,39.4811,20.8397,1609,125160,0.944051,0,2,1490228,1488619,1609
50504781,37.5459,18.2347,1633,123300,0.949646,0,2,1490252,1488619,1633
50504781,24.3628,0.647292,2226,104643,0.92669,0,2,1490845,1488619,2226
50504781,24.3174,0.566381,2250,104243,0.899021,0,2,1490869,1488619,2250
50504781,24.2778,0.495583,2274,103843,0.875119,0,2,1490893,1488619,2274
50504781,24.243,0.433635,2298,101940,0.850607,0,2,1490917,1488619,2298
50504781,24.2127,0.379431,2322,100480,0.827546,0,2,1490941,1488619,2322
50504781,24.1861,0.332002,2346,99020,0.805792,0,2,1490965,1488619,2346
50504781,24.1628,0.290502,2370,97560,0.785212,0,2,1490989,1488619,2370
50504781,24.1425,0.254189,2394,96100,0.762691,0,2,1491013,1488619,2394
50504781,24.1247,0.222415,2418,94900,0.740422,0,2,1491037,1488619,2418
50504781,24.1091,0.194613,2442,94640,0.72038,0,2,1491061,1488619,2442
50504781,24.0954,0.170287,2466,94640,0.702342,0,2,1491085,1488619,2466
50504781,24.0192,0.0342987,2754,90260,0.597194,0,1,1491373,1488619,2754
50504781,24.0168,0.0300114,2778,87340,0.592475,0,1,1491397,1488619,2778
50504781,24.0147,0.0262599,2802,85880,0.589227,0,1,1491421,1488619,2802
50504781,24.0129,0.0229774,2826,84420,0.585304,0,1,1491445,1488619,2826
50504781,24.0113,0.0201053,2850,82960,0.581774,0,1,1491469,1488619,2850
50504781,24.0099,0.0175921,2874,82960,0.578597,0,1,1491493,1488619,2874
50504781,22.2586,0.0153931,2884,81500,0.577737,0,1,1491503,1488619,2884
50504781,22.4763,0.013469,2908,81500,0.575963,0,1,1491527,1488619,2908
50504781,22.6668,0.0117853,2932,80040,0.574367,0,1,1491551,1488619,2932
50504781,20.3334,0.0103122,2936,77740,0.57393,0,1,1491555,1488619,2936
50504781,20.7917,0.00902315,2960,74400,0.571537,0,1,1491579,1488619,2960
50504781,18.6928,0.00789525,2964,74000,0.571384,0,1,1491583,1488619,2964
50504781,19.3562,0.00690835,2988,72540,0.569245,0,1,1491607,1488619,2988
50504781,19.9367,0.0060448,3012,70880,0.568321,0,1,1491631,1488619,3012
50504781,20.4446,0.0052892,3036,70880,0.568489,0,1,1491655,1488619,3036
50504781,19.139,0.00462805,3046,69420,0.56764,0,1,1491665,1488619,3046
50504781,19.7466,0.00404955,3070,67960,0.564876,0,1,1491689,1488619,3070
50504781,20.2783,0.00354335,3094,68800,0.561388,0,1,1491713,1488619,3094
50504781,20.7435,0.00310043,3118,69420,0.556249,0,1,1491737,1488619,3118
50504781,21.1506,0.00271288,3142,69420,0.549624,0,1,1491761,1488619,3142
50504781,21.5067,0.00237377,3166,69420,0.541662,0,1,1491785,1488619,3166
50504781,21.8184,0.00207705,3190,69420,0.532496,0,1,1491809,1488619,3190
50504781,22.0911,0.00181742,3214,69420,0.522246,0,1,1491833,1488619,3214
50504781,22.3297,0.00159024,3238,69420,0.511022,0,1,1491857,1488619,3238
50504781,22.5385,0.00139146,3262,69420,0.498919,0,1,1491881,1488619,3262
50504781,22.7212,0.00121753,3286,69420,0.486027,0,1,1491905,1488619,3286
50504781,22.881,0.00106534,3310,69420,0.472425,0,1,1491929,1488619,3310
50504781,23.0209,0.00093217,3334,69420,0.458182,0,1,1491953,1488619,3334
50504781,23.1433,0.000815648,3358,1460,0.445364,0.33,1,1491977,1488619,3358
50504781,23.2504,0.000713692,3382,1460,0.431828,0,1,1492001,1488619,3382
50504781,23.3441,0.000624481,3406,1460,0.417645,0,1,1492025,1488619,3406
50504781,23.4261,0.000546421,3430,1460,0.40288,0,1,1492049,1488619,3430
50504781,23.4978,0.000478118,3454,1460,0.387592,0,1,1492073,1488619,3454
50504781,23.5606,0.000418353,3478,1460,0.371833,0,1,1492097,1488619,3478
50504781,23.6155,0.000366059,3502,1460,0.35565,0,1,1492121,1488619,3502
50504781,23.6636,0.000320302,3526,1460,0.339085,0,1,1492145,1488619,3526
50504781,23.7056,0.000280264,3550,1460,0.322176,0,1,1492169,1488619,3550
50504781,23.7424,0.000245231,3574,1460,0.304959,0,1,1492193,1488619,3574
50504781,23.7746,0.000214577,3598,1460,0.287463,0,1,1492217,1488619,3598
50504781,23.8028,0.000187755,3622,1460,0.269717,0,1,1492241,1488619,3622
50504781,23.8274,0.000164286,3646,1460,0.251745,0,1,1492265,1488619,3646
50504781,23.849,0.00014375,3670,1460,0.23357,0,1,1492289,1488619,3670
50504781,23.8679,0.000125781,3694,1460,0.215213,0,1,1492313,1488619,3694
50504781,23.8844,0.000110059,3718,1460,0.194692,0,1,1492337,1488619,3718
50504781,23.8989,9.63012e-05,3742,1460,0.175223,0,1,1492361,1488619,3742
50504781,23.9115,8.42636e-05,3766,1460,0.157701,0,1,1492385,1488619,3766
50504781,23.9226,7.37306e-05,3790,1460,0.14193,0,1,1492409,1488619,3790
50504781,23.9322,6.45143e-05,3814,1460,0.127737,0,1,1492433,1488619,3814
50504781,23.9407,5.645e-05,3838,1460,0.114964,0,1,1492457,1488619,3838
50504781,22.1981,4.93938e-05,3848,1460,0.103467,0,1,1492467,1488619,3848
50504781,19.9234,4.32195e-05,3852,1460,0.0931206,0,1,1492471,1488619,3852
50504781,20.4329,3.78171e-05,3876,1460,0.0838085,0,1,1492495,1488619,3876
50504781,20.8788,3.309e-05,3900,1460,0.0754277,0,1,1492519,1488619,3900
50504781,21.269,2.89537e-05,3924,1460,0.0678849,0,1,1492543,1488619,3924
50504781,19.1103,2.53345e-05,3928,1460,0.0610964,0,1,1492547,1488619,3928
50504781,17.9716,2.21677e-05,3938,1460,0.0549868,0,1,1492557,1488619,3938
50513541,18.7251,417.875,619,1460,0.0494881,1,1,1492581,1491962,619
50516461,47.2595,443.016,247,10220,0.0445393,0,1,1492828,1492581,247
50525221,44.352,387.639,271,13140,0.0400854,0,1,1492852,1492581,271
50532521,41.808,339.184,295,21900,0.0360768,0,1,1492876,1492581,295
50635521,39.457,296.786,318,29200,0.0324691,0,1,1492899,1492581,318
50635521,37.5249,259.688,342,29200,0.0292222,0,1,1492923,1492581,342
50638441,113.959,317.352,270,29200,0.0433,0,1,1493572,1493302,270
50641361,105.714,277.683,318,32120,0.05997,0,1,1493620,1493302,318
50644281,98.5001,242.972,366,35040,0.078973,0,1,1493668,1493302,366
50647201,92.1876,212.601,414,37960,0.100076,0,1,1493716,1493302,414
50650121,86.6641,186.026,462,40880,0.123068,0,1,1493764,1493302,462
50653041,81.8311,162.773,510,43800,0.147761,0,1,1493812,1493302,510
50655961,77.6022,142.426,558,46720,0.173985,0,1,1493860,1493302,558
50658881,73.9019,124.623,606,46720,0.197587,0,1,1493908,1493302,606
50661801,70.6642,109.045,654,46720,0.218828,0,1,1493956,1493302,654
50664721,67.8312,95.4143,702,46720,0.237945,0.17,1,1494004,1493302,702
50667641,65.3523,117.237,480,46720,0.255151,0.17,1,1494052,1493572,480
50670561,63.1832,102.583,528,46720,0.270636,0.21,1,1494100,1493572,528
50673481,61.2853,95.7599,528,46720,0.284572,0.21,1,1494148,1493620,528
50676401,59.6247,83.79,576,46720,0.297115,0.25,1,1494196,1493620,576
50679321,58.1716,79.3162,576,48180,0.310403,0.25,1,1494244,1493668,576
50682241,56.9001,69.4017,624,48180,0.322363,0.29,1,1494292,1493668,624
50685161,55.7876,66.7265,624,48180,0.333127,0.29,1,1494340,1493716,624
50688081,54.8142,58.3857,672,48180,0.342814,0.33,1,1494388,1493716,672
50691001,53.9624,57.0875,672,48180,0.351533,0.33,1,1494436,1493764,672
50693921,53.2171,49.9515,720,48180,0.359379,0.37,1,1494484,1493764,720
50696841,52.565,49.7076,720,48180,0.366441,0.37,1,1494532,1493812,720
50699761,51.9943,43.4941,768,48180,0.372797,0.41,1,1494580,1493812,768
50702681,51.495,44.0574,768,48180,0.378518,0.41,1,1494628,1493860,768
50705601,51.0582,44.5502,768,48180,0.383666,0.41,1,1494676,1493908,768
50708521,50.6759,44.9814,768,49640,0.390299,0.41,1,1494724,1493956,768
50711441,50.3414,45.3587,768,49640,0.396269,0.41,1,1494772,1494004,768
50714361,50.0487,45.6889,768,49640,0.401642,0.41,1,1494820,1494052,768
50717281,49.7926,45.9778,768,49640,0.406478,0.41,1,1494868,1494100,768
50720201,49.5686,46.2306,768,49640,0.41083,0.41,1,1494916,1494148,768
50723121,49.3725,46.4517,768,49640,0.414747,0.41,1,1494964,1494196,768
50726041,49.2009,40.6453,816,49640,0.418273,0.43,1,1495012,1494196,816
50728961,49.0508,41.5646,816,49640,0.421445,0.43,1,1495060,1494244,816
50731881,48.9195,42.369,816,49640,0.424301,0.43,1,1495108,1494292,816
50734801,48.8045,43.0729,816,49640,0.426871,0.43,1,1495156,1494340,816
50737721,48.704,43.6888,816,51100,0.431184,0.43,1,1495204,1494388,816
50740641,48.616,44.2277,816,51100,0.435065,0.43,1,1495252,1494436,816
50743561,48.539,44.6992,816,51100,0.438559,0.43,1,1495300,1494484,816
50746481,48.4716,45.1118,816,51100,0.441703,0.43,1,1495348,1494532,816
50749401,48.4127,45.4729,816,51100,0.444533,0.43,1,1495396,1494580,816
50752321,48.3611,45.7887,816,51100,0.447079,0.43,1,1495444,1494628,816
50755241,48.3159,46.0652,816,51100,0.449371,0.45,1,1495492,1494676,816
50758161,48.2764,46.307,816,51100,0.451434,0.45,1,1495540,1494724,816
50761081,48.2419,46.5186,816,51100,0.453291,0.45,1,1495588,1494772,816
50764001,48.2117,46.7038,816,52560,0.456962,0.45,1,1495636,1494820,816
50766921,48.1852,46.8658,816,52560,0.460266,0.45,1,1495684,1494868,816
50769841,48.162,47.0076,816,52560,0.463239,0.45,1,1495732,1494916,816
50772761,48.1418,47.1316,816,52560,0.465915,0.45,1,1495780,1494964,816
50775681,48.1241,47.2402,816,52560,0.468324,0.45,1,1495828,1495012,816
50778601,48.1086,47.3352,816,52560,0.470491,0.45,1,1495876,1495060,816
50781521,48.095,47.4183,816,54020,0.474442,0.45,1,1495924,1495108,816
50784441,48.0831,47.491,816,54020,0.477998,0.45,1,1495972,1495156,816
50787361,48.0727,41.5546,864,54020,0.481198,0.47,1,1496020,1495156,864
50790281,48.0636,42.3603,864,54020,0.484078,0.47,1,1496068,1495204,864
50793201,48.0557,43.0653,864,55480,0.48867,0.47,1,1496116,1495252,864
50796121,48.0487,43.6821,864,55480,0.492803,0.47,1,1496164,1495300,864
50799041,48.0426,44.2218,864,55480,0.496523,0.47,1,1496212,1495348,864
50801961,48.0373,44.6941,864,55480,0.499871,0.47,1,1496260,1495396,864
50804881,48.0326,45.1073,864,56940,0.504884,0.47,1,1496308,1495444,864
50807801,48.0286,45.4689,864,56940,0.509395,0.47,1,1496356,1495492,864
50810721,48.025,45.7853,864,56940,0.513456,0.47,1,1496404,1495540,864
50813641,48.0219,46.0621,864,58400,0.51911,0.49,1,1496452,1495588,864
50816561,48.0191,46.3044,864,58400,0.524199,0.49,1,1496500,1495636,864
50819481,48.0167,46.5163,864,58400,0.528779,0.49,1,1496548,1495684,864
50822401,48.0146,46.7018,864,59860,0.534901,0.49,1,1496596,1495732,864
50825321,48.0128,46.8641,864,59860,0.540411,0.49,1,1496644,1495780,864
50828241,48.0112,47.0061,864,59860,0.54537,0.49,1,1496692,1495828,864
50831161,48.0098,47.1303,864,61320,0.551833,0.49,1,1496740,1495876,864
50834081,48.0086,41.239,912,61320,0.55765,0.51,1,1496788,1495876,912
50837001,48.0075,42.0841,912,62780,0.564885,0.51,1,1496836,1495924,912
50839921,48.0066,42.8236,912,62780,0.571396,0.51,1,1496884,1495972,912
50842841,48.0058,43.4707,912,62780,0.577257,0.51,1,1496932,1496020,912
50845761,48.005,44.0368,912,64240,0.584531,0.53,1,1496980,1496068,912
50848681,48.0044,44.5322,912,65700,0.593078,0.53,1,1497028,1496116,912
50883721,48.0009,39.9899,1008,74460,0.702095,0.59,2,1497604,1496596,1008
50886641,48.0008,40.9911,1008,75920,0.712885,0.59,2,1497652,1496644,1008
50889561,48.0007,41.8673,1008,77380,0.724597,0.61,2,1497700,1496692,1008
50892481,48.0006,42.6338,1008,77380,0.735137,0.61,2,1497748,1496740,1008
50895401,48.0005,43.3046,1008,78840,0.746623,0.61,2,1497796,1496788,1008
50898321,48.0005,37.8915,1056,80300,0.758961,0.63,2,1497844,1496788,1056
50901241,48.0004,39.1551,1056,80300,0.770065,0.63,2,1497892,1496836,1056
50904161,48.0003,40.2607,1056,81760,0.777058,0.63,2,1497940,1496884,1056
50907081,48.0003,41.2281,1056,83220,0.779352,0.65,2,1497988,1496932,1056
50910001,48.0003,42.0746,1056,83220,0.777417,0.65,2,1498036,1496980,1056
50912921,48.0002,36.8153,1104,84680,0.771676,0.67,2,1498084,1496980,1104
50915841,48.0002,38.2134,1104,86140,0.762508,0.67,2,1498132,1497028,1104
50918761,48.0002,39.4367,1104,87600,0.750257,0.69,2,1498180,1497076,1104
50921681,48.0002,40.5071,1104,89060,0.735231,0.69,2,1498228,1497124,1104
50924601,48.0001,41.4437,1104,90520,0.717708,0.69,2,1498276,1497172,1104
50942121,48.0001,35.9801,1200,99280,0.572494,0.75,1,1498564,1497364,1200
50945041,48.0001,37.4826,1200,100740,0.543245,0.75,1,1498612,1497412,1200
50947961,48,38.7973,1200,102200,0.51292,0.77,1,1498660,1497460,1200
50950881,48,39.9476,1200,103660,0.481628,0.77,1,1498708,1497508,1200
50953801,48,34.9542,1248,105120,0.449465,0.79,1,1498756,1497508,1248
50956721,48,36.5849,1248,106580,0.416519,0.79,1,1498804,1497556,1248
50959641,48,38.0118,1248,108040,0.382867,0.81,1,1498852,1497604,1248
50962561,48,39.2603,1248,109500,0.34858,0.81,1,1498900,1497652,1248
50965481,48,34.3528,1296,110960,0.313722,0.83,1,1498948,1497652,1296
50968401,48,36.0587,1296,112420,0.28235,0.83,1,1498996,1497700,1296
50971321,48,37.5513,1296,113880,0.254115,0.85,1,1499044,1497748,1296
50974241,48,38.8574,1296,115340,0.228703,0.85,1,1499092,1497796,1296
50977161,48,34.0002,1344,116800,0.205833,0.87,1,1499140,1497796,1344
50978721,45.25,35.7502,1322,118260,0.18525,0,1,1499166,1497844,1322
50981641,1521.47,1644.66,270,118260,0.266725,0,1,1511021,1510751,270
50984561,1337.29,1439.07,318,119720,0.340052,0,1,1511069,1510751,318
50987481,1176.12,1259.19,366,121180,0.406047,0,1,1511117,1510751,366
50990401,1035.11,1101.79,414,122640,0.465442,0,1,1511165,1510751,414
50993321,911.72,964.067,462,124100,0.518898,0,1,1511213,1510751,462
50996241,803.755,843.559,510,125560,0.567008,0,1,1511261,1510751,510
51007921,491.01,494.479,702,131400,0.715914,0,2,1511453,1510751,702
51010841,435.634,432.669,750,132860,0.744323,0,2,1511501,1510751,750
51013761,387.179,378.585,798,134320,0.76989,0,2,1511549,1510751,798
51016681,344.782,331.262,846,135780,0.792901,0,2,1511597,1510751,846
51019601,307.684,289.854,894,137240,0.812611,0,2,1511645,1510751,894
51022521,275.224,253.623,942,138700,0.82635,0,2,1511693,1510751,942
51025441,246.821,221.92,990,140160,0.834715,0,2,1511741,1510751,990
51028361,221.968,194.18,1038,141620,0.838244,0,2,1511789,1510751,1038
51031281,200.222,169.907,1086,143080,0.837419,0,2,1511837,1510751,1086
51034201,181.194,148.669,1134,144540,0.832677,0,2,1511885,1510751,1134
51037121,164.545,130.085,1182,146000,0.82441,0,2,1511933,1510751,1182
51040041,149.977,113.825,1230,147460,0.774969,0,2,1511981,1510751,1230
51042961,137.23,99.5966,1278,148920,0.797472,0,2,1512029,1510751,1278
51045881,126.076,87.147,1326,150380,0.817725,0,2,1512077,1510751,1326
51048801,116.317,76.2536,1374,151840,0.835952,0,2,1512125,1510751,1374
51051721,107.777,66.7219,1422,153300,0.852357,0,2,1512173,1510751,1422
51054641,100.305,58.3817,1470,154760,0.867121,0,2,1512221,1510751,1470
51057561,93.7668,51.084,1518,156220,0.880409,0,2,1512269,1510751,1518
51060481,88.0459,44.6985,1566,157680,0.892368,0,2,1512317,1510751,1566
51063401,83.0402,39.1112,1614,159140,0.903131,0,2,1512365,1510751,1614
51066321,78.6602,34.2223,1662,160600,0.912818,0,2,1512413,1510751,1662
51066321,71.8276,29.9445,1686,162060,0.921536,0,2,1512437,1510751,1686
51066321,65.8492,26.2014,1710,162060,0.929383,0,2,1512461,1510751,1710
51066321,60.618,22.9262,1734,162060,0.936444,0,2,1512485,1510751,1734
51066321,56.0408,20.0605,1758,105620,0.9428,1,2,1512509,1510751,1758
51066321,52.0357,17.5529,1782,105620,0.94852,0,2,1512533,1510751,1782
51066321,24.0099,0.00992659,3121,98680,0.944945,0,2,1513872,1510751,3121
51066321,24.0086,0.00868576,3145,98680,0.93445,0,2,1513896,1510751,3145
51066321,24.0076,0.00760004,3169,98680,0.925005,0,2,1513920,1510751,3169
51066321,24.0066,0.00665004,3193,98680,0.916505,0,2,1513944,1510751,3193
51066321,24.0058,0.00581878,3217,98680,0.908854,0,2,1513968,1510751,3217
51066321,22.2551,0.00509144,3227,98680,0.901969,0,2,1513978,1510751,3227
51066321,22.4732,0.00445501,3251,97380,0.893772,0,2,1514002,1510751,3251
51066321,22.664,0.00389813,3275,95300,0.886395,0,2,1514026,1510751,3275
51066321,22.831,0.00341086,3299,95300,0.880755,0,2,1514050,1510751,3299
51066321,20.8522,0.00298451,3306,95300,0.87668,0,2,1514057,1510751,3306
51082381,21.2456,216.753,1596,93840,0.871012,1,2,1514081,1512485,1596
51082381,21.5899,189.659,1620,89560,0.871911,0,2,1514105,1512485,1620
51082381,21.8912,165.951,1644,89560,0.87072,0,2,1514129,1512485,1644
51082381,22.1548,145.207,1668,89560,0.867648,0,2,1514153,1512485,1668
51082381,22.3854,127.056,1692,89560,0.862883,0,2,1514177,1512485,1692
51082381,22.5873,111.174,1716,89560,0.856595,0,2,1514201,1512485,1716
51089681,22.7639,118.278,1572,89560,0.848935,1,2,1514225,1512653,1572
51089681,22.9184,103.493,1596,86140,0.844042,0,2,1514249,1512653,1596
51089681,23.0536,90.5563,1620,86140,0.837637,0,2,1514273,1512653,1620
51089681,23.1719,79.2367,1644,86140,0.829874,0,2,1514297,1512653,1644
51089681,23.2754,69.3321,1668,86140,0.820886,0,2,1514321,1512653,1668
51089681,23.366,60.6656,1692,86140,0.810798,0,2,1514345,1512653,1692
51089681,23.4452,53.0824,1716,86140,0.799718,0,2,1514369,1512653,1716
51089681,23.5146,46.4471,1740,87600,0.789746,0,2,1514393,1512653,1740
51089681,23.5752,40.6412,1764,87600,0.778772,0,2,1514417,1512653,1764
51089681,23.6283,35.5611,1788,87600,0.766894,0,2,1514441,1512653,1788
51089681,23.6748,31.1159,1812,89060,0.756205,0,2,1514465,1512653,1812
51089681,23.7155,27.2264,1836,89060,0.744584,0,2,1514489,1512653,1836
51089681,23.751,23.8231,1860,89060,0.732126,0,2,1514513,1512653,1860
51089681,23.7821,20.8452,1884,89060,0.718913,0,2,1514537,1512653,1884
51089681,23.8094,18.2396,1908,89060,0.705022,0,2,1514561,1512653,1908
51089681,23.9251,7.16261,2076,89060,0.597143,0,1,1514729,1512653,2076
51089681,23.9345,6.26729,2100,89060,0.580429,0,1,1514753,1512653,2100
51089681,23.9427,5.48388,2124,89060,0.563386,0,1,1514777,1512653,2124
51089681,23.9499,4.79839,2148,89060,0.546047,0,1,1514801,1512653,2148
51089681,23.9561,4.19859,2172,89060,0.528443,0,1,1514825,1512653,2172
51089681,23.9616,3.67377,2196,89060,0.510598,0,1,1514849,1512653,2196
51089681,23.9664,3.21455,2220,89060,0.492539,0,1,1514873,1512653,2220
51089681,23.9706,2.81273,2244,89060,0.474285,0,1,1514897,1512653,2244
51089681,23.9743,2.46114,2268,89060,0.455856,0,1,1514921,1512653,2268
51089681,23.9775,2.1535,2292,89060,0.437271,0,1,1514945,1512653,2292
51089681,23.9803,1.88431,2316,89060,0.418544,0,1,1514969,1512653,2316
51089681,23.9828,1.64877,2340,89060,0.399689,0,1,1514993,1512653,2340
51089681,23.9849,1.44267,2364,89060,0.38072,0,1,1515017,1512653,2364
51089681,23.9868,1.26234,2388,89060,0.361648,0,1,1515041,1512653,2388
51089681,23.9885,1.10455,2412,89060,0.342483,0,1,1515065,1512653,2412
51089681,23.9899,0.966479,2436,89060,0.323235,0,1,1515089,1512653,2436
51089681,23.9912,0.845669,2460,89060,0.303912,0,1,1515113,1512653,2460
51089681,23.9923,0.73996,2484,89060,0.28452,0,1,1515137,1512653,2484
51089681,23.9932,0.647465,2508,89060,0.265068,0,1,1515161,1512653,2508
51089681,23.9941,0.566532,2532,89060,0.245562,0,1,1515185,1512653,2532
51089681,23.9948,0.495716,2556,89060,0.226005,0,1,1515209,1512653,2556
51089681,23.9955,0.433751,2580,89060,0.206405,0,1,1515233,1512653,2580
51089681,23.871,0.379532,2603,90520,0.188764,0,1,1515256,1512653,2603
51089681,23.8872,0.332091,2627,91980,0.172888,0,1,1515280,1512653,2627
51089681,23.9013,0.290579,2651,91980,0.156599,0,1,1515304,1512653,2651
51089681,23.9136,0.254257,2675,91980,0.141939,0,1,1515328,1512653,2675
51089681,23.9244,0.222475,2699,91980,0.128745,0,1,1515352,1512653,2699
51089681,23.9339,0.194665,2723,91980,0.116871,0,1,1515376,1512653,2723
51089681,23.9421,0.170332,2747,91980,0.106184,0,1,1515400,1512653,2747
51089681,23.9494,0.149041,2771,91980,0.0965653,0,1,1515424,1512653,2771
51089681,23.9557,0.130411,2795,91980,0.0879088,0,1,1515448,1512653,2795
51089681,23.9612,0.114109,2819,91980,0.0801179,0,1,1515472,1512653,2819
51089681,23.9661,0.0998457,2843,91980,0.0731061,0,1,1515496,1512653,2843
51089681,23.9703,0.0873649,2867,91980,0.0667955,0,1,1515520,1512653,2867
51089681,23.974,0.0764443,2891,91980,0.061116,0,1,1515544,1512653,2891
51089681,23.9773,0.0668888,2915,91980,0.0560044,0,1,1515568,1512653,2915
51089681,23.9801,0.0585277,2939,91980,0.0514039,0,1,1515592,1512653,2939
51089681,23.9826,0.0512117,2963,91980,0.0472635,0,1,1515616,1512653,2963
51089681,23.9848,0.0448103,2987,91980,0.0435372,0,1,1515640,1512653,2987
51089681,23.9867,0.039209,3011,91980,0.0401835,0,1,1515664,1512653,3011
51089681,23.9883,0.0343079,3035,91980,0.0371651,0,1,1515688,1512653,3035
51089681,23.9898,0.0300194,3059,91980,0.0344486,0,1,1515712,1512653,3059
51089681,23.9911,0.026267,3083,91980,0.0320037,0,1,1515736,1512653,3083
51089681,23.9922,0.0229836,3107,91980,0.0288034,0,1,1515760,1512653,3107
51089681,23.9932,0.0201106,3131,91860,0.026923,0,1,1515784,1512653,3131
51089681,23.994,0.0175968,3155,91860,0.0252307,0,1,1515808,1512653,3155
51089681,23.9948,0.0153972,3179,91860,0.0237077,0,1,1515832,1512653,3179
51089681,23.9954,0.0134726,3203,91860,0.0223369,0,1,1515856,1512653,3203
51089681,23.996,0.0117885,3227,91860,0.0211032,0,1,1515880,1512653,3227
51089681,23.9965,0.0103149,3251,91860,0.0199929,0,1,1515904,1512653,3251
51089681,23.9969,0.00902556,3275,91860,0.0189936,0,1,1515928,1512653,3275
51089681,23.9973,0.00789736,3299,91860,0.0180942,0,1,1515952,1512653,3299
51089681,23.9977,0.00691019,3323,91860,0.0172848,0,1,1515976,1512653,3323
51089681,23.7479,0.00604642,3345,91860,0.0155563,0,1,1515998,1512653,3345
51089681,23.7795,0.00529062,3369,91740,0.0140007,0,1,1516022,1512653,3369
51089681,23.807,0.00462929,3393,91740,0.0126006,0,1,1516046,1512653,3393
51089681,23.8311,0.00405063,3417,91740,0.0113406,0,1,1516070,1512653,3417
51089681,23.8523,0.0035443,3441,91740,0.0102065,0,1,1516094,1512653,3441
51089681,23.8707,0.00310126,3465,91740,0.00918586,0,1,1516118,1512653,3465
51089681,23.8869,0.0027136,3489,91740,0.00826727,0,1,1516142,1512653,3489
51089681,23.901,0.0023744,3513,91740,0.00744054,0,1,1516166,1512653,3513
51089681,23.9134,0.0020776,3537,91740,0.00669649,0,1,1516190,1512653,3537
51089681,23.9242,0.0018179,3561,91740,0.00602684,0,1,1516214,1512653,3561
51089681,23.6837,0.00159067,3583,91740,0.00542416,0,1,1516236,1512653,3583
51220001,119.473,515.876,246,1460,0.00488174,0,1,1517026,1516780,246
51221461,165.039,486.892,446,1460,0.00439357,0,1,1517510,1517064,446
51224381,178.159,481.78,270,2920,0.00395421,0,1,1517780,1517510,270
51227301,189.639,455.308,270,5840,0.00355879,0,1,1518050,1517780,270
51230221,171.934,398.394,318,8760,0.00820291,0,1,1518098,1517780,318
51233141,178.193,382.345,270,11680,0.00738262,0,1,1518320,1518050,270
51236061,161.919,334.552,318,14600,0.0116444,0.05,1,1518368,1518050,318
51238981,147.679,298.733,318,17520,0.0194799,0.05,1,1518416,1518098,318
51241901,135.219,261.391,366,20440,0.0305319,0,1,1518464,1518098,366
51244821,134.067,256.467,270,23360,0.0364787,0,1,1518590,1518320,270
51247741,123.308,224.409,318,26280,0.0458309,0.05,1,1518638,1518320,318
51250661,113.895,202.358,318,29200,0.0582478,0.05,1,1518686,1518368,318
51253581,105.658,177.063,366,32120,0.073423,0.09,1,1518734,1518368,366
51256501,98.4506,160.93,366,35040,0.0910807,0.09,1,1518782,1518416,366
51259421,92.1443,140.814,414,37960,0.110973,0.13,1,1518830,1518416,414
51262341,86.6262,129.212,414,40880,0.132875,0.13,1,1518878,1518464,414
51265261,81.798,113.061,462,43800,0.156588,0.09,1,1518926,1518464,462
51268181,77.5732,114.678,384,46720,0.181929,0.09,1,1518974,1518590,384
51271101,73.8766,100.343,432,49640,0.208736,0.13,1,1519022,1518590,432
51274021,70.642,93.8004,432,52560,0.236863,0.13,1,1519070,1518638,432
51276941,67.8117,82.0754,480,55480,0.266176,0.17,1,1519118,1518638,480
51279861,65.3353,77.8159,480,58400,0.296559,0.17,1,1519166,1518686,480
51282781,63.1684,68.089,528,61320,0.327903,0.21,1,1519214,1518686,528
51285701,61.2723,65.5778,528,64240,0.360112,0.21,1,1519262,1518734,528
51288621,59.6133,57.3806,576,64240,0.389101,0.25,1,1519310,1518734,576
51291541,58.1616,56.208,576,64240,0.415191,0.25,1,1519358,1518782,576
51294461,56.8914,49.182,624,64240,0.438672,0.29,1,1519406,1518782,624
51297381,55.78,49.0343,624,64240,0.459805,0.29,1,1519454,1518830,624
51300301,54.8075,42.905,672,64240,0.478824,0.33,1,1519502,1518830,672
51303221,53.9566,43.5419,672,64240,0.495942,0.33,1,1519550,1518878,672
51306141,53.212,38.0991,720,64240,0.511348,0.37,1,1519598,1518878,720
51309061,52.5605,39.3367,720,64240,0.525213,0.37,1,1519646,1518926,720
51311981,51.9904,34.4196,768,64240,0.537692,0.41,1,1519694,1518926,768
51314901,51.4916,36.1172,768,65700,0.550922,0.41,1,1519742,1518974,768
51317821,51.0552,31.6025,816,65700,0.56283,0.45,1,1519790,1518974,816
51320741,50.6733,33.6522,816,65700,0.573547,0.45,1,1519838,1519022,816
51323661,50.3391,29.4457,864,65700,0.583192,0.49,1,1519886,1519022,864
51326581,50.0467,31.765,864,65700,0.591873,0.49,1,1519934,1519070,864
51329501,49.7909,27.7944,912,65700,0.599686,0.53,1,1519982,1519070,912
51396661,48.083,42.9126,1104,68620,0.584045,0.67,1,1521086,1519982,1104
51399581,48.0727,43.5486,1104,68620,0.561641,0.67,1,1521134,1520030,1104
51402501,48.0636,44.105,1104,70080,0.537477,0.67,1,1521182,1520078,1104
51405421,48.0556,44.5919,1104,70080,0.511729,0.67,1,1521230,1520126,1104
51408341,48.0487,45.0179,1104,70080,0.484556,0.69,1,1521278,1520174,1104
51411261,48.0426,45.3906,1104,70080,0.4561,0.69,1,1521326,1520222,1104
51414181,48.0373,45.7168,1104,70080,0.42649,0.69,1,1521374,1520270,1104
51417101,48.0326,46.0022,1104,70080,0.395841,0.69,1,1521422,1520318,1104
51420021,48.0285,46.2519,1104,70080,0.364257,0.69,1,1521470,1520366,1104
51422941,48.025,46.4704,1104,70080,0.331831,0.69,1,1521518,1520414,1104
51425861,48.0218,46.6616,1104,71540,0.298648,0.69,1,1521566,1520462,1104
51428781,48.0191,46.8289,1104,71540,0.268783,0.69,1,1521614,1520510,1104
51431701,48.0167,46.9753,1104,71540,0.241905,0.69,1,1521662,1520558,1104
51434621,48.0146,47.1034,1104,71540,0.217715,0.69,1,1521710,1520606,1104
51437541,48.0128,47.2155,1104,73000,0.195943,0.69,1,1521758,1520654,1104
51439441,45.8862,41.3135,1135,73000,0.176349,0,1,1521789,1520654,1135
51442361,120.9,225.024,270,73000,0.235714,0,1,1522435,1522165,270
51445281,111.788,196.896,318,74460,0.291143,0,1,1522483,1522165,318
51448201,103.814,172.284,366,75920,0.343028,0,1,1522531,1522165,366
51451121,96.8376,150.749,414,75920,0.389726,0,1,1522579,1522165,414
51454041,90.7329,131.905,462,77380,0.433753,0,1,1522627,1522165,462
51456961,85.3913,115.417,510,77380,0.473378,0,1,1522675,1522165,510
51459881,80.7174,100.99,558,78840,0.51104,0,1,1522723,1522165,558
51462801,76.6277,88.3661,606,80300,0.546936,0,1,1522771,1522165,606
51465721,73.0492,77.3204,654,80300,0.579242,0,1,1522819,1522165,654
51480321,60.848,39.6583,894,86140,0.719179,0,2,1523059,1522165,894
51483241,59.242,34.701,942,86140,0.742261,0,2,1523107,1522165,942
51486161,57.8367,30.3634,990,87600,0.765035,0,2,1523155,1522165,990
51489081,56.6071,26.568,1038,89060,0.787531,0,2,1523203,1522165,1038
51492001,55.5312,23.247,1086,89060,0.807778,0,2,1523251,1522165,1086
51494921,54.5898,20.3411,1134,90520,0.827,0,2,1523299,1522165,1134
51497841,53.7661,17.7985,1182,91980,0.8443,0,2,1523347,1522165,1182
51500761,53.0453,15.5737,1230,91980,0.85987,0,2,1523395,1522165,1230
51503681,52.4147,13.6269,1278,93440,0.873883,0,2,1523443,1522165,1278
51506601,51.8628,11.9236,1326,94900,0.886495,0,2,1523491,1522165,1326
51509521,51.38,10.4331,1374,94900,0.897845,0,2,1523539,1522165,1374
51512441,50.9575,9.12899,1422,96360,0.908061,0.77,2,1523587,1522165,1422
51515361,50.5878,41.7379,1200,97820,0.917255,0.77,2,1523635,1522435,1200
51518281,50.2643,36.5206,1248,97820,0.925529,0.79,2,1523683,1522435,1248
51521201,49.9813,37.9556,1248,99280,0.932976,0.81,2,1523731,1522483,1248
51524121,49.7336,39.2111,1248,100740,0.939679,0.81,2,1523779,1522531,1248
51527041,49.5169,40.3097,1248,102200,0.945711,0.81,2,1523827,1522579,1248
51567921,48.2339,35.6252,1440,122640,0.931004,0.95,2,1524499,1523059,1440
51570841,48.2047,37.1721,1440,124100,0.909904,0.97,2,1524547,1523107,1440
51573761,48.1791,38.5256,1440,125560,0.882913,0.97,2,1524595,1523155,1440
51576681,48.1567,33.7099,1488,127020,0.854622,0.99,2,1524643,1523155,1488
51579601,48.1371,35.4961,1488,128480,0.82116,0.99,2,1524691,1523203,1488
51582521,48.12,37.0591,1488,129940,0.787044,1,2,1524739,1523251,1488
51585441,48.105,38.4267,1488,131400,0.748339,1,2,1524787,1523299,1488
51585441,45.0919,33.6234,1512,132860,0.709505,0,2,1524811,1523299,1512
51585441,38.1299,22.525,1584,68020,0.59435,0.28,1,1524883,1523299,1584
51585441,36.4887,19.7094,1609,68020,0.558915,0,1,1524908,1523299,1609
51585441,34.9276,17.2457,1633,68020,0.525023,0,1,1524932,1523299,1633
51585441,33.5616,15.09,1657,68020,0.492521,0,1,1524956,1523299,1657
51585441,32.3664,13.2038,1681,66560,0.461269,0,1,1524980,1523299,1681
51585441,31.3206,11.5533,1705,65100,0.434142,0,1,1525004,1523299,1705
51585441,30.4055,10.1091,1729,63640,0.410728,0,1,1525028,1523299,1729
51585441,29.6049,8.84549,1753,63640,0.390655,0,1,1525052,1523299,1753
51585441,28.9042,7.73981,1777,62180,0.373589,0,1,1525076,1523299,1777
51585441,28.2912,6.77233,1801,60720,0.35923,0,1,1525100,1523299,1801
51585441,27.7548,5.92579,1825,57800,0.347307,0,1,1525124,1523299,1825
51585441,27.2855,5.18507,1849,56340,0.337577,0,1,1525148,1523299,1849
51585441,26.8748,4.53693,1873,53420,0.329819,0,1,1525172,1523299,1873
51585441,26.5154,3.96982,1897,51960,0.323837,0,1,1525196,1523299,1897
51585441,26.201,3.47359,1921,49040,0.318453,0,1,1525220,1523299,1921
51585441,25.9259,3.03939,1945,46120,0.313608,0,1,1525244,1523299,1945
51585441,25.6851,2.65947,1969,43200,0.309247,0,1,1525268,1523299,1969
51585441,25.4745,2.32703,1993,40280,0.305323,0,1,1525292,1523299,1993
51585441,25.2902,2.03615,2017,38820,0.30179,0,1,1525316,1523299,2017
51585441,25.1289,1.78163,2041,38820,0.298611,0,1,1525340,1523299,2041
51585441,24.9878,1.55893,2065,37360,0.29575,0,1,1525364,1523299,2065
51585441,24.8643,1.36406,2089,37360,0.293175,0,1,1525388,1523299,2089
51585441,23.5063,1.19356,2103,35900,0.290858,0,1,1525402,1523299,2103
51592741,23.568,196.044,567,35900,0.286772,0.26,1,1525426,1524859,567
51595661,23.622,174.539,567,37360,0.285095,0.24,1,1525450,1524883,567
51598581,23.6692,155.846,566,37960,0.281585,0.22,1,1525474,1524908,566
51602961,23.7106,139.366,566,37360,0.276427,0.18,1,1525498,1524932,566
51602961,23.7468,121.945,590,35900,0.269784,0,1,1525522,1524932,590
51605881,23.7784,112.702,566,35900,0.261806,0.19,1,1525546,1524980,566
51608801,23.8061,101.614,566,35900,0.252625,0.2,1,1525570,1525004,566
51610261,23.8304,91.9123,566,35900,0.242363,0.21,1,1525594,1525028,566
51613181,23.8516,83.4233,566,35900,0.231126,0.22,1,1525618,1525052,566
51616101,23.8701,75.9954,566,35900,0.219014,0.23,1,1525642,1525076,566
51617561,23.8864,69.496,566,35900,0.206112,0.24,1,1525666,1525100,566
51620481,23.9006,63.809,566,35900,0.192501,0.25,1,1525690,1525124,566
51623401,23.913,58.8328,566,35900,0.178251,0.26,1,1525714,1525148,566
51624861,23.9239,54.4787,566,35900,0.163426,0.27,1,1525738,1525172,566
51627781,23.9334,50.6689,566,35900,0.148083,0.27,1,1525762,1525196,566
51629241,23.9417,47.3353,566,35900,0.133275,0.27,1,1525786,1525220,566
51632161,23.949,44.4184,566,35900,0.119947,0.27,1,1525810,1525244,566
51633621,23.9554,41.8661,566,35900,0.107953,0.27,1,1525834,1525268,566
51636541,23.9609,39.6328,566,35900,0.0971574,0.27,1,1525858,1525292,566
51638001,23.9658,37.6787,566,35900,0.0874417,0.27,1,1525882,1525316,566
51640921,23.9701,35.9689,566,35900,0.0786975,0.27,1,1525906,1525340,566
51645301,23.9738,34.4728,566,35900,0.0708278,0.27,1,1525930,1525364,566
51649681,23.9771,33.1637,566,35900,0.063745,0.25,1,1525954,1525388,566
51654061,23.855,33.7682,551,35900,0.0573705,0.25,1,1525977,1525426,551
51657841,23.8731,29.5472,575,35900,0.0516334,0,1,1526001,1525426,575
51660761,644.639,687.729,270,91980,0.14647,0,1,1530991,1530721,270
51663681,570.059,601.763,318,93440,0.231823,0,1,1531039,1530721,318
51666601,504.802,526.542,366,94900,0.308641,0,1,1531087,1530721,366
51669521,447.701,460.725,414,96360,0.377777,0,1,1531135,1530721,414
51672441,397.739,403.134,462,97820,0.439999,0,1,1531183,1530721,462
51675361,354.021,352.742,510,99280,0.495999,0,1,1531231,1530721,510
51678281,315.769,308.649,558,100740,0.546399,0,1,1531279,1530721,558
51681201,282.298,270.068,606,102200,0.591759,0,1,1531327,1530721,606
51689961,204.961,180.925,750,106580,0.702393,0,2,1531471,1530721,750
51692881,185.341,158.309,798,106580,0.732153,0,2,1531519,1530721,798
51695801,168.173,138.52,846,108040,0.758938,0,2,1531567,1530721,846
51698721,153.152,121.205,894,109500,0.783044,0,2,1531615,1530721,894
51701641,140.008,106.055,942,109500,0.80474,0,2,1531663,1530721,942
51704561,128.507,92.7979,990,110960,0.824266,0,2,1531711,1530721,990
51707481,118.443,81.1981,1038,110960,0.841839,0,2,1531759,1530721,1038
51710401,109.638,71.0484,1086,112420,0.857655,0,2,1531807,1530721,1086
51713321,101.933,62.1673,1134,112420,0.87189,0,2,1531855,1530721,1134
51716241,95.1916,54.3964,1182,113880,0.884701,0,2,1531903,1530721,1182
51719161,89.2926,47.5969,1230,113880,0.888231,0,2,1531951,1530721,1230
51722081,84.1311,41.6472,1278,115340,0.895408,0,2,1531999,1530721,1278
51725001,79.6147,36.4413,1326,115340,0.903867,0,2,1532047,1530721,1326
51727921,75.6628,31.8862,1374,116800,0.91348,0,2,1532095,1530721,1374
51730841,72.205,27.9004,1422,116800,0.922132,0,2,1532143,1530721,1422
51733761,69.1794,24.4129,1470,118260,0.929919,0,2,1532191,1530721,1470
51736681,66.5319,21.3612,1518,118260,0.934927,0,2,1532239,1530721,1518
51739601,64.2155,18.6911,1566,119720,0.937434,0,2,1532287,1530721,1566
51742521,62.1885,16.3547,1614,119720,0.934691,0,2,1532335,1530721,1614
51745441,60.415,14.3104,1662,119720,0.924222,0,2,1532383,1530721,1662
51745441,55.8631,12.5216,1686,121180,0.9118,0,2,1532407,1530721,1686
51745441,51.8802,10.9564,1710,121180,0.89962,0,2,1532431,1530721,1710
51745441,48.3952,9.58683,1734,121180,0.884658,0,2,1532455,1530721,1734
51745441,45.4708,8.38847,1759,108740,0.869192,0.75,2,1532480,1530721,1759
51745441,42.7869,7.33991,1783,108006,0.852273,0,2,1532504,1530721,1783
51745441,40.4386,6.42243,1807,107639,0.838045,0,2,1532528,1530721,1807
51745441,38.3837,5.61962,1831,105812,0.821241,0,2,1532552,1530721,1831
51745441,36.5858,4.91717,1855,103985,0.805117,0,2,1532576,1530721,1855
51745441,35.0126,4.30252,1879,102158,0.791605,0,2,1532600,1530721,1879
51745441,33.636,3.76471,1903,100331,0.777445,0,2,1532624,1530721,1903
51745441,32.4315,3.29412,1927,98504,0.7617,0,2,1532648,1530721,1927
51745441,31.3776,2.88235,1951,95217,0.74853,0,2,1532672,1530721,1951
51745441,30.4554,2.52206,1975,93390,0.734677,0,2,1532696,1530721,1975
51745441,29.6484,2.2068,1999,90103,0.721209,0,2,1532720,1530721,1999
51745441,28.9424,1.93095,2023,89736,0.708088,0,2,1532744,1530721,2023
51767341,23.4317,116.5,1044,69320,0.594836,0.61,1,1533716,1532672,1044
51770261,23.5027,104.937,1044,69320,0.583353,0.59,1,1533740,1532696,1044
51773181,23.5649,97.8201,1020,69320,0.571017,0.6,1,1533764,1532744,1020
51774641,23.6193,88.5926,1020,69320,0.587916,0.61,1,1533788,1532768,1020
51806761,23.9233,37.0101,1020,69320,0.703845,0.6,2,1534076,1533056,1020
51808221,23.9329,35.3838,1020,70780,0.70946,0.61,2,1534100,1533080,1020
51812601,23.9413,33.9608,1020,69320,0.712514,0.6,2,1534124,1533104,1020
51814061,23.9486,32.7157,1020,70780,0.717263,0.61,2,1534148,1533128,1020
51815521,23.955,31.6263,1020,69320,0.719537,0.62,2,1534172,1533152,1020
51818441,23.8357,30.673,1019,70780,0.723583,0.63,2,1534195,1533176,1019
51819901,23.8562,29.8389,1019,69320,0.725225,0.64,2,1534219,1533200,1019
51858561,23.8742,29.109,1019,70780,0.728702,0.46,2,1534243,1533224,1019
51858561,23.8899,25.4704,1043,86140,0.740832,0,2,1534267,1533224,1043
51858561,23.9037,22.2866,1067,86140,0.749749,0,2,1534291,1533224,1067
51858561,23.9157,19.5008,1091,86140,0.755774,0,2,1534315,1533224,1091
51858561,23.9262,17.0632,1115,86140,0.760197,0,2,1534339,1533224,1115
51858561,23.9355,14.9303,1139,86140,0.762177,0,2,1534363,1533224,1139
51858561,23.9435,13.064,1163,86140,0.761959,0,2,1534387,1533224,1163
51858561,23.9506,11.431,1187,86140,0.759763,0,2,1534411,1533224,1187
51858561,23.9568,10.0021,1211,86140,0.755787,0,2,1534435,1533224,1211
51858561,23.9622,8.75185,1235,86140,0.750208,0,2,1534459,1533224,1235
51858561,23.9669,7.65787,1259,86140,0.743187,0,2,1534483,1533224,1259
51858561,23.971,6.70063,1283,86140,0.734869,0,2,1534507,1533224,1283
51858561,23.9747,5.86305,1307,86140,0.725382,0,2,1534531,1533224,1307
51858561,22.4778,5.13017,1319,86140,0.714844,0,2,1534543,1533224,1319
51861481,25.6681,74.1139,810,86140,0.701359,0.46,2,1534591,1533781,810
51876081,36.5458,38.0137,1050,89060,0.599085,0.46,1,1534831,1533781,1050
51879001,37.9775,33.262,1098,90520,0.573177,0.46,1,1534879,1533781,1098
51881921,39.2304,29.1042,1146,90520,0.545859,0.74,1,1534927,1533781,1146
51884841,40.3266,26.3412,1187,90520,0.517273,0.74,1,1534975,1533788,1187
51887761,41.2857,29.0485,1187,90520,0.487546,0.74,1,1535023,1533836,1187
51890681,42.125,31.4175,1187,90520,0.456791,0.74,1,1535071,1533884,1187
51893601,42.8594,33.4903,1187,91980,0.425112,0.74,1,1535119,1533932,1187
51896521,43.502,35.304,1187,91980,0.392601,0.74,1,1535167,1533980,1187
51899441,44.0642,36.891,1187,91980,0.359341,0.74,1,1535215,1534028,1187
51902361,44.5562,38.2796,1187,91980,0.325407,0.74,1,1535263,1534076,1187
51905281,44.9867,39.4947,1187,91980,0.292866,0.74,1,1535311,1534124,1187
51908201,45.3633,40.5578,1187,93440,0.263579,0.74,1,1535359,1534172,1187
51911121,45.6929,41.3631,1188,93440,0.237221,0.76,1,1535407,1534219,1188
51914041,45.9813,39.1927,1212,93440,0.213499,0.76,1,1535455,1534243,1212
51916961,46.2336,34.2936,1260,93440,0.192149,0.76,1,1535503,1534243,1260
51917841,67.2044,30.0069,1474,93440,0.172934,0,1,1535717,1534243,1474
51920761,1355.55,1473.51,270,94900,0.255641,0,1,1546091,1545821,270
51923681,1192.11,1289.32,318,96360,0.330077,0,1,1546139,1545821,318
51926601,1049.1,1128.15,366,97820,0.397069,0,1,1546187,1545821,366
51929521,923.959,987.134,414,99280,0.457362,0,1,1546235,1545821,414
51932441,814.464,863.742,462,100740,0.511626,0,1,1546283,1545821,462
51935361,718.656,755.774,510,102200,0.560463,0,1,1546331,1545821,510
51947041,441.126,443.021,702,108040,0.71162,0,2,1546523,1545821,702
51949961,391.985,387.643,750,109500,0.740458,0,2,1546571,1545821,750
51952881,348.987,339.188,798,110960,0.766412,0,2,1546619,1545821,798
51955801,311.364,296.79,846,112420,0.786771,0,2,1546667,1545821,846
51958721,278.443,259.691,894,113880,0.801094,0,2,1546715,1545821,894
51961641,249.638,227.229,942,115340,0.809985,0,2,1546763,1545821,942
51964561,224.433,198.826,990,116800,0.813986,0,2,1546811,1545821,990
51967481,202.379,173.973,1038,118260,0.813587,0,2,1546859,1545821,1038
51970401,183.082,152.226,1086,119720,0.809229,0,2,1546907,1545821,1086
51973321,166.196,133.198,1134,121180,0.801306,0,2,1546955,1545821,1134
51976241,151.422,116.548,1182,122640,0.790175,0,2,1547003,1545821,1182
51979161,138.494,101.98,1230,124100,0.762158,0,2,1547051,1545821,1230
51982081,127.182,89.2321,1278,125560,0.734942,0,2,1547099,1545821,1278
51985001,117.285,78.0781,1326,127020,0.761448,0,2,1547147,1545821,1326
51987921,108.624,68.3183,1374,128480,0.785303,0,2,1547195,1545821,1374
51990841,101.046,59.7785,1422,129940,0.806773,0,2,1547243,1545821,1422
51993761,94.4153,52.3062,1470,131400,0.826095,0,2,1547291,1545821,1470
51996681,88.6134,45.7679,1518,132860,0.843486,0,2,1547339,1545821,1518
51999601,83.5367,40.0469,1566,134320,0.859137,0,2,1547387,1545821,1566
52002521,79.0946,35.0411,1614,135780,0.871224,0,2,1547435,1545821,1614
52002521,72.2078,30.6609,1638,137240,0.881101,0,2,1547459,1545821,1638
52002521,66.1818,26.8283,1662,137240,0.888991,0,2,1547483,1545821,1662
52002521,60.9091,23.4748,1686,137240,0.895092,0,2,1547507,1545821,1686
52002521,56.4204,20.5404,1711,105420,0.901583,0.95,2,1547532,1545821,1711
52002521,52.3679,17.9729,1735,105024,0.906424,0,2,1547556,1545821,1735
52002521,48.8219,15.7263,1759,104826,0.911782,0,2,1547580,1545821,1759
52002521,45.7192,13.7605,1783,103168,0.917604,0,2,1547604,1545821,1783
52002521,43.0043,12.0404,1807,101510,0.923843,0,2,1547628,1545821,1807
52002521,40.6287,10.5354,1831,99852,0.930459,0,2,1547652,1545821,1831
52002521,38.5501,9.21845,1855,98194,0.937413,0,2,1547676,1545821,1855
52002521,36.7314,8.06614,1879,96536,0.942672,0,2,1547700,1545821,1879
52002521,35.14,7.05788,1903,93740,0.948405,0,2,1547724,1545821,1903
52002521,24.235,0.191819,2545,85700,0.943006,0,2,1548366,1545821,2545
52002521,24.2056,0.167842,2569,85700,0.930706,0,2,1548390,1545821,2569
52002521,24.1799,0.146861,2593,85700,0.920635,0,2,1548414,1545821,2593
52002521,24.1574,0.128504,2617,85700,0.912572,0,2,1548438,1545821,2617
52002521,24.1377,0.112441,2641,85700,0.906314,0,2,1548462,1545821,2641
52002521,24.1205,0.0983856,2665,85700,0.901683,0,2,1548486,1545821,2665
52002521,24.1055,0.0860874,2689,85700,0.898515,0,2,1548510,1545821,2689
52002521,24.0923,0.0753265,2713,85700,0.896663,0,2,1548534,1545821,2713
52002521,24.0807,0.0659107,2737,85700,0.895997,0,2,1548558,1545821,2737
52002521,24.0706,0.0576719,2761,85700,0.896397,0,2,1548582,1545821,2761
52002521,24.0618,0.0504629,2785,85700,0.897757,0,2,1548606,1545821,2785
52002521,24.0541,0.044155,2809,85700,0.899982,0,2,1548630,1545821,2809
52002521,24.0473,0.0386356,2833,85700,0.902984,0,2,1548654,1545821,2833
52002521,24.0414,0.0338062,2857,85700,0.906685,0,2,1548678,1545821,2857
52002521,24.0362,0.0295804,2881,85700,0.911017,0,2,1548702,1545821,2881
52002521,24.0317,0.0258829,2905,85700,0.915915,0,2,1548726,1545821,2905
52002521,24.0277,0.0226475,2929,85700,0.921324,0,2,1548750,1545821,2929
52002521,24.0243,0.0198166,2953,85700,0.927191,0,2,1548774,1545821,2953
52002521,24.0212,0.0173395,2977,85700,0.932472,0,2,1548798,1545821,2977
52002521,24.0186,0.0151721,3001,85700,0.937225,0,2,1548822,1545821,3001
52002521,24.0163,0.0132756,3025,85700,0.941502,0,2,1548846,1545821,3025
52002521,24.0142,0.0116161,3049,85700,0.945352,0,2,1548870,1545821,3049
52002521,24.0125,0.0101641,3073,85700,0.948817,0,2,1548894,1545821,3073
52133121,24.1135,0.585674,2224,102200,0.948214,0,2,1550398,1548174,2224
52133121,24.0993,0.512464,2248,102200,0.936392,0,2,1550422,1548174,2248
52133121,24.0869,0.448406,2272,102200,0.924753,0,2,1550446,1548174,2272
52133121,24.076,0.392356,2296,102200,0.912278,0,2,1550470,1548174,2296
52133121,24.0665,0.343311,2320,102200,0.89805,0,2,1550494,1548174,2320
52134581,27.0582,106.675,1517,102200,0.829245,1,2,1550542,1549025,1517
52134581,26.6759,93.341,1541,102200,0.77032,0,2,1550566,1549025,1541
52134581,26.3414,81.6734,1565,102200,0.718288,0,2,1550590,1549025,1565
52134581,25.6936,54.7148,1638,99030,0.593192,0,1,1550663,1549025,1638
52134581,25.4819,47.8754,1662,98567,0.558873,0,1,1550687,1549025,1662
52134581,25.2967,41.891,1686,98104,0.528986,0,1,1550711,1549025,1686
52134581,25.1346,36.6546,1710,96180,0.503087,0,1,1550735,1549025,1710
52134581,24.9927,32.0728,1734,95717,0.478778,0,1,1550759,1549025,1734
52134581,24.8687,28.0637,1758,95254,0.457901,0,1,1550783,1549025,1758
52134581,24.7601,24.5557,1782,93330,0.440111,0,1,1550807,1549025,1782
52134581,24.6651,21.4863,1806,59860,0.425099,0,1,1550831,1549025,1806
52134581,24.5819,18.8005,1830,59860,0.41259,0,1,1550855,1549025,1830
52134581,24.5092,16.4504,1854,58400,0.402331,0,1,1550879,1549025,1854
52134581,24.4455,14.3941,1878,58400,0.394098,0,1,1550903,1549025,1878
52134581,24.3898,12.5949,1902,56940,0.387688,0,1,1550927,1549025,1902
52134581,24.3411,11.0205,1926,56940,0.382919,0,1,1550951,1549025,1926
52134581,24.2985,9.64293,1950,54020,0.379627,0,1,1550975,1549025,1950
52134581,24.2612,8.43757,1974,54020,0.377664,0,1,1550999,1549025,1974
52134581,24.2285,7.38287,1998,52560,0.376898,0,1,1551023,1549025,1998
52134581,24.2,6.46001,2022,52560,0.377208,0,1,1551047,1549025,2022
52134581,24.175,5.65251,2046,51100,0.378487,0,1,1551071,1549025,2046
52134581,24.1531,4.94595,2070,51100,0.379639,0,1,1551095,1549025,2070
52134581,24.134,4.3277,2094,48180,0.380675,0,1,1551119,1549025,2094
52134581,24.1172,3.78674,2118,48180,0.381607,0,1,1551143,1549025,2118
52134581,24.1026,3.3134,2142,46720,0.382447,0,1,1551167,1549025,2142
52134581,24.0897,2.89922,2166,46720,0.383202,0,1,1551191,1549025,2166
52134581,24.0785,2.53682,2190,43800,0.383882,0,1,1551215,1549025,2190
52134581,24.0687,2.21972,2214,43800,0.384494,0,1,1551239,1549025,2214
52134581,24.0601,1.94225,2238,43800,0.385044,0,1,1551263,1549025,2238
52134581,24.0526,1.69947,2262,43800,0.38554,0,1,1551287,1549025,2262
52134581,24.046,1.48704,2286,43800,0.385986,0,1,1551311,1549025,2286
52134581,24.0403,1.30116,2310,43800,0.386387,0,1,1551335,1549025,2310
52134581,24.0352,1.13851,2334,43800,0.385748,0,1,1551359,1549025,2334
52143341,24.0308,196.621,793,43480,0.385174,0.26,1,1551383,1550590,793
52143341,24.027,172.044,817,49640,0.392656,0,1,1551407,1550590,817
52143341,24.0236,150.538,841,49320,0.399391,0,1,1551431,1550590,841
52149181,24.0207,146.846,744,49320,0.405452,0.27,1,1551455,1550711,744
52149181,24.0181,128.49,768,50780,0.412906,0,1,1551479,1550711,768
52152101,24.0158,121.429,720,50780,0.419616,0.28,1,1551503,1550783,720
52153561,24.0138,109.25,720,49640,0.423654,0.29,1,1551527,1550807,720
52155021,24.0121,98.594,720,50780,0.429289,0.3,1,1551551,1550831,720
52156481,24.0106,89.2697,720,49640,0.43236,0.31,1,1551575,1550855,720
52157941,24.0093,81.111,720,50780,0.437124,0.32,1,1551599,1550879,720
52159401,24.0081,73.9721,720,49640,0.439412,0.33,1,1551623,1550903,720
52160861,24.0071,67.7256,720,50780,0.44347,0.34,1,1551647,1550927,720
52162321,24.0062,62.2599,720,49640,0.445123,0.35,1,1551671,1550951,720
52163781,24.0054,57.4774,720,50780,0.448611,0.36,1,1551695,1550975,720
52165241,24.0048,53.2927,720,49640,0.44975,0.37,1,1551719,1550999,720
52166701,24.0042,49.6312,720,50780,0.452775,0.38,1,1551743,1551023,720
52168161,24.0036,46.4273,720,49640,0.453497,0.39,1,1551767,1551047,720
52169621,24.0032,43.6238,720,50780,0.456148,0.39,1,1551791,1551071,720
52171081,24.0028,41.1709,720,49640,0.456533,0.39,1,1551815,1551095,720
52172541,24.0024,39.0245,720,50780,0.45988,0.39,1,1551839,1551119,720
52174001,24.0021,37.1464,720,49640,0.460892,0.39,1,1551863,1551143,720
52175461,24.0019,35.5031,720,50780,0.463802,0.39,1,1551887,1551167,720
52176921,24.0016,34.0652,720,49640,0.464422,0.39,1,1551911,1551191,720
52178381,24.0014,32.8071,720,50780,0.46698,0.39,1,1551935,1551215,720
52179841,24.0013,31.7062,720,49640,0.467282,0.39,1,1551959,1551239,720
52181301,24.0011,30.7429,720,50780,0.469554,0.39,1,1551983,1551263,720
52182761,24.001,29.9001,720,49640,0.469598,0.39,1,1552007,1551287,720
52184221,24.0008,29.1626,720,50780,0.471639,0.39,1,1552031,1551311,720
52188281,23.3757,28.5172,715,49640,0.473475,0.38,1,1552050,1551335,715
52192661,23.4538,27.9526,715,50780,0.473127,0.38,1,1552074,1551359,715
52197041,23.522,27.4585,715,51100,0.474815,0.38,1,1552098,1551383,715
52198501,23.5818,24.0262,739,49640,0.474333,0.38,1,1552122,1551383,739
52202881,23.6341,21.0229,763,51100,0.4759,0.38,1,1552146,1551383,763
52207261,23.6798,18.3951,787,49640,0.47531,0.38,1,1552170,1551383,787
52211641,23.7198,16.0957,811,51100,0.476779,0.46,1,1552194,1551383,811
52213101,23.7549,17.0837,811,49640,0.476101,0.46,1,1552218,1551407,811
52217481,23.7855,17.9483,811,51100,0.477491,0.46,1,1552242,1551431,811
52221861,23.6873,18.7047,810,49640,0.476742,0.46,1,1552265,1551455,810
52223321,23.7264,16.3666,834,51100,0.478068,0.48,1,1552289,1551455,834
52243761,23.7606,17.3208,834,49640,0.477261,0.46,1,1552313,1551479,834
52246681,26.7905,21.1557,834,73000,0.489535,0.46,1,1552361,1551527,834
52249601,29.4417,24.5112,834,74460,0.496581,0.46,1,1552409,1551575,834
52252521,31.7615,27.4473,834,75920,0.498923,0.46,1,1552457,1551623,834
52255441,33.7913,30.0164,834,75920,0.497031,0.46,1,1552505,1551671,834
52258361,35.5674,32.2644,834,75920,0.527328,0.46,1,1552553,1551719,834
52261281,37.1215,34.2313,834,75920,0.554595,0.46,1,1552601,1551767,834
52264201,38.4813,35.9524,834,75920,0.579135,0.47,1,1552649,1551815,834
52284641,44.262,40.4252,863,78840,0.706795,0.47,2,1552985,1552122,863
52287561,44.7293,41.3721,863,78840,0.720116,0.47,2,1553033,1552170,863
52290481,45.1381,42.2006,863,78840,0.732104,0.47,2,1553081,1552218,863
52293401,45.4959,42.8005,864,78840,0.743894,0.47,2,1553129,1552265,864
52296321,45.8089,43.4504,864,78840,0.754504,0.47,2,1553177,1552313,864
52299241,46.0828,38.0191,912,78840,0.764054,0.47,2,1553225,1552313,912
52302161,46.3224,33.2667,960,78840,0.772649,0.47,2,1553273,1552313,960
52304721,45.7821,29.1084,1002,80300,0.782384,0.48,2,1553315,1552313,1002
52307641,46.0594,51.3448,843,80300,0.791145,0.48,2,1553363,1552520,843
52310561,46.3019,44.9267,891,80300,0.799031,0.48,2,1553411,1552520,891
52313481,46.5142,39.3109,939,80300,0.806128,0.48,2,1553459,1552520,939
52316401,46.6999,34.397,987,80300,0.812515,0.48,2,1553507,1552520,987
52319321,46.8624,30.0974,1035,80300,0.818263,0.48,2,1553555,1552520,1035
52322241,47.0046,26.3352,1083,81760,0.825437,0.48,2,1553603,1552520,1083
52325161,47.129,23.0433,1131,81760,0.831893,0.48,2,1553651,1552520,1131
52328081,47.2379,20.1629,1179,81760,0.837704,0.48,2,1553699,1552520,1179
52331001,47.3332,17.6425,1227,81760,0.842934,0.8,2,1553747,1552520,1227
52333921,47.4165,19.5622,1242,81760,0.84764,0.8,2,1553795,1552553,1242
52336841,47.4895,23.1169,1242,81760,0.851876,0.8,2,1553843,1552601,1242
52339761,47.5533,26.2273,1242,81760,0.855689,0.8,2,1553891,1552649,1242
52342681,47.6091,22.9489,1290,81760,0.85912,0.82,2,1553939,1552649,1290
52345601,47.658,26.0803,1290,81760,0.862208,0.82,2,1553987,1552697,1290
52348521,47.7007,28.8203,1290,83220,0.866987,0.82,2,1554035,1552745,1290
52351441,47.7381,31.2177,1290,83220,0.871288,0.82,2,1554083,1552793,1290
52354361,47.7709,33.3155,1290,83220,0.875159,0.82,2,1554131,1552841,1290
52357281,47.7995,35.1511,1290,83220,0.878644,0.82,2,1554179,1552889,1290
52360201,47.8246,36.7572,1290,83220,0.881779,0.84,2,1554227,1552937,1290
52363121,47.8465,38.1625,1290,83220,0.884601,0.84,2,1554275,1552985,1290
52366041,47.8657,39.3922,1290,83220,0.887141,0.84,2,1554323,1553033,1290
52368961,47.8825,40.4682,1290,83220,0.889427,0.85,2,1554371,1553081,1290
52371881,47.8972,41.4097,1290,83220,0.891484,0.85,2,1554419,1553129,1290
52374801,47.91,42.2335,1290,83220,0.893336,0.85,2,1554467,1553177,1290
52377721,47.9213,42.9543,1290,83220,0.895002,0.85,2,1554515,1553225,1290
52380641,47.9311,43.585,1290,83220,0.896502,0.85,2,1554563,1553273,1290
52383561,47.9397,38.1369,1338,83220,0.897852,0.87,2,1554611,1553273,1338
52386481,47.9473,38.6198,1344,83220,0.899067,0.87,2,1554659,1553315,1344
52389401,47.9538,39.7923,1344,84680,0.90216,0.87,2,1554707,1553363,1344
52392321,47.9596,40.8183,1344,84680,0.904944,0.87,2,1554755,1553411,1344
52395241,47.9647,41.716,1344,84680,0.90745,0.87,2,1554803,1553459,1344
52398161,47.9691,42.5015,1344,84680,0.909705,0.87,2,1554851,1553507,1344
52401081,47.9729,43.1888,1344,84680,0.911734,0.89,2,1554899,1553555,1344
52404001,47.9763,43.7902,1344,84680,0.913561,0.89,2,1554947,1553603,1344
52406921,47.9793,44.3164,1344,84680,0.915205,0.89,2,1554995,1553651,1344
52409841,47.9819,44.7769,1344,84680,0.916684,0.89,2,1555043,1553699,1344
52412761,47.9841,45.1798,1344,84680,0.918016,0.89,2,1555091,1553747,1344
52415681,47.9861,45.5323,1344,84680,0.919214,0.89,2,1555139,1553795,1344
52418601,47.9879,45.8408,1344,84680,0.920293,0.89,2,1555187,1553843,1344
52421521,47.9894,46.1107,1344,84680,0.921264,0.89,2,1555235,1553891,1344
52424441,47.9907,46.3468,1344,84680,0.922137,0.89,2,1555283,1553939,1344
52427361,47.9919,46.5535,1344,84680,0.922923,0.89,2,1555331,1553987,1344
52430281,47.9929,40.7343,1392,84680,0.923631,0.91,2,1555379,1553987,1392
52433201,47.9938,41.6425,1392,84680,0.924268,0.91,2,1555427,1554035,1392
52436121,47.9946,42.4372,1392,84680,0.924841,0.91,2,1555475,1554083,1392
52439041,47.9952,43.1325,1392,84680,0.925357,0.91,2,1555523,1554131,1392
52441961,47.9958,43.741,1392,84680,0.925821,0.91,2,1555571,1554179,1392
52444881,47.9963,44.2734,1392,84680,0.926239,0.91,2,1555619,1554227,1392
52447801,47.9968,44.7392,1392,84680,0.926615,0.91,2,1555667,1554275,1392
52450721,47.9972,45.1468,1392,84680,0.926954,0.91,2,1555715,1554323,1392
52453641,47.9976,45.5034,1392,84680,0.927258,0.91,2,1555763,1554371,1392
52456561,47.9979,45.8155,1392,84680,0.927533,0.91,2,1555811,1554419,1392
52459481,47.9981,46.0886,1392,84680,0.927779,0.91,2,1555859,1554467,1392
52462401,47.9984,46.3275,1392,84680,0.928001,0.91,2,1555907,1554515,1392
52465321,47.9986,46.5366,1392,84680,0.928201,0.91,2,1555955,1554563,1392
52468241,47.9987,46.7195,1392,84680,0.928381,0.91,2,1556003,1554611,1392
52471161,47.9989,46.8796,1392,84680,0.928543,0.93,2,1556051,1554659,1392
52474081,47.999,47.0196,1392,86140,0.930689,0.93,2,1556099,1554707,1392
52477001,47.9992,47.1422,1392,86140,0.93262,0.93,2,1556147,1554755,1392
52479921,47.9993,47.2494,1392,86140,0.934358,0.93,2,1556195,1554803,1392
52482841,47.9994,47.3432,1392,86140,0.935922,0.93,2,1556243,1554851,1392
52485761,47.9994,47.4253,1392,86140,0.93733,0.93,2,1556291,1554899,1392
52488681,47.9995,47.4971,1392,86140,0.938597,0.93,2,1556339,1554947,1392
52491601,47.9996,47.56,1392,86140,0.939737,0.93,2,1556387,1554995,1392
52494521,47.9996,47.615,1392,86140,0.940763,0.93,2,1556435,1555043,1392
52497441,47.9997,47.6631,1392,86140,0.941687,0.93,2,1556483,1555091,1392
52500361,47.9997,47.7052,1392,86140,0.942518,0.93,2,1556531,1555139,1392
52503281,47.9997,47.7421,1392,86140,0.943267,0.93,2,1556579,1555187,1392
52506201,47.9998,47.7743,1392,86140,0.94394,0.93,2,1556627,1555235,1392
52509121,47.9998,47.8025,1392,86140,0.944546,0.93,2,1556675,1555283,1392
52512041,47.9998,47.8272,1392,86140,0.945091,0.93,2,1556723,1555331,1392
52514961,47.9999,47.8488,1392,86140,0.945582,0.93,2,1556771,1555379,1392
52517881,47.9999,47.8677,1392,87600,0.947024,0.93,2,1556819,1555427,1392
52520801,47.9999,47.8842,1392,87600,0.944322,0.93,2,1556867,1555475,1392
52523721,47.9999,47.8987,1392,87600,0.937889,0.93,2,1556915,1555523,1392
52526641,47.9999,47.9114,1392,87600,0.928101,0.93,2,1556963,1555571,1392
52529561,47.9999,47.9225,1392,87600,0.91529,0.93,2,1557011,1555619,1392
52532481,47.9999,47.9321,1392,89060,0.899761,0.93,2,1557059,1555667,1392
52535401,47.9999,47.9406,1392,89060,0.881785,0.93,2,1557107,1555715,1392
52538321,47.9999,47.9481,1392,89060,0.861607,0.93,2,1557155,1555763,1392
52541241,48,47.9545,1392,89060,0.839446,0.93,2,1557203,1555811,1392
52544161,48,47.9602,1392,89060,0.815501,0.93,2,1557251,1555859,1392
52547081,48,47.9652,1392,89060,0.789951,0.93,2,1557299,1555907,1392
52550001,48,47.9695,1392,89060,0.762956,0.93,2,1557347,1555955,1392
52552921,48,47.9734,1392,90520,0.734661,0.93,2,1557395,1556003,1392
52555841,48,47.9767,1392,90520,0.705194,0.93,2,1557443,1556051,1392
52567521,48,43.9668,1440,90520,0.577798,0.95,1,1557635,1556195,1440
52570441,48,44.471,1440,91980,0.544018,0.95,1,1557683,1556243,1440
52573361,48,44.9121,1440,91980,0.509616,0.95,1,1557731,1556291,1440
52576281,48,45.2981,1440,91980,0.474655,0.95,1,1557779,1556339,1440
52579201,48,45.6358,1440,91980,0.439189,0.95,1,1557827,1556387,1440
52582121,48,45.9313,1440,93440,0.40327,0.95,1,1557875,1556435,1440
52585041,48,46.1899,1440,93440,0.366943,0.95,1,1557923,1556483,1440
52587961,48,46.4162,1440,93440,0.330249,0.95,1,1557971,1556531,1440
52590881,48,46.6142,1440,93440,0.297224,0.95,1,1558019,1556579,1440
52593801,48,46.7874,1440,94900,0.267502,0.95,1,1558067,1556627,1440
52596721,48,46.939,1440,94900,0.240752,0.95,1,1558115,1556675,1440
52599641,48,47.0716,1440,94900,0.216676,0.95,1,1558163,1556723,1440
52602161,47.125,47.1876,1433,96360,0.195009,0,1,1558204,1556771,1433
52605081,433.984,579.414,270,96360,0.275508,0,1,1561346,1561076,270
52608001,385.736,506.987,318,97820,0.347957,0,1,1561394,1561076,318
52610921,343.519,443.614,366,99280,0.413161,0,1,1561442,1561076,366
52613841,306.579,388.162,414,100740,0.471845,0,1,1561490,1561076,414
52616761,274.257,339.642,462,102200,0.524661,0,1,1561538,1561076,462
52619681,245.975,297.187,510,103660,0.572195,0,1,1561586,1561076,510
52631361,164.049,174.205,702,109500,0.719317,0,2,1561778,1561076,702
52634281,149.543,152.43,750,110960,0.747385,0,2,1561826,1561076,750
52637201,136.85,133.376,798,112420,0.772647,0,2,1561874,1561076,798
52640121,125.744,116.704,846,113880,0.795382,0,2,1561922,1561076,846
52643041,116.026,102.116,894,115340,0.815844,0,2,1561970,1561076,894
52645961,107.523,89.3515,942,116800,0.834259,0,2,1562018,1561076,942
52648881,100.082,78.1826,990,118260,0.850834,0,2,1562066,1561076,990
52651801,93.5721,68.4097,1038,119720,0.86575,0,2,1562114,1561076,1038
52654721,87.8755,59.8585,1086,121180,0.879175,0,2,1562162,1561076,1086
52657641,82.8911,52.3762,1134,122640,0.891258,0,2,1562210,1561076,1134
52660561,78.5297,45.8292,1182,124100,0.902132,0,2,1562258,1561076,1182
52663481,74.7135,40.1005,1230,125560,0.911919,0,2,1562306,1561076,1230
52666401,71.3743,35.088,1278,127020,0.920727,0,2,1562354,1561076,1278
52669321,68.4525,30.702,1326,128480,0.928654,0,2,1562402,1561076,1326
52672241,65.896,26.8642,1374,129940,0.935789,0,2,1562450,1561076,1374
52675161,63.659,23.5062,1422,131400,0.94221,0,2,1562498,1561076,1422
52678081,61.7016,20.5679,1470,132860,0.943989,0,2,1562546,1561076,1470
52681001,59.9889,17.9969,1518,134320,0.93759,0,2,1562594,1561076,1518
52683921,58.4903,15.7473,1566,135780,0.923831,0,2,1562642,1561076,1566
52686841,57.179,13.7789,1614,137240,0.903448,0,2,1562690,1561076,1614
52686841,53.0316,12.0565,1638,138700,0.881103,0,2,1562714,1561076,1638
52686841,49.4027,10.5495,1662,138700,0.856993,0,2,1562738,1561076,1662
52686841,46.2273,9.23079,1686,138700,0.831293,0,2,1562762,1561076,1686
52686841,43.5739,8.07694,1711,111660,0.806164,0.6,2,1562787,1561076,1711
52686841,41.1272,7.06732,1735,111165,0.779548,0,2,1562811,1561076,1735
52686841,38.9863,6.18391,1759,110918,0.753593,0,2,1562835,1561076,1759
52686841,37.113,5.41092,1783,109210,0.728234,0,2,1562859,1561076,1783
52686841,35.4739,4.73455,1807,107502,0.70341,0,2,1562883,1561076,1807
52686841,29.1494,2.12485,1951,92680,0.589331,0,1,1563027,1561076,1951
52686841,28.5057,1.85924,1975,91220,0.578398,0,1,1563051,1561076,1975
52686841,27.9425,1.62683,1999,88300,0.569558,0,1,1563075,1561076,1999
52686841,27.4497,1.42348,2023,85380,0.562602,0,1,1563099,1561076,2023
52686841,27.0185,1.24555,2047,82460,0.557342,0,1,1563123,1561076,2047
52686841,26.6412,1.08985,2071,79540,0.553608,0,1,1563147,1561076,2071
52686841,26.311,0.953621,2095,76620,0.551247,0,1,1563171,1561076,2095
52686841,26.0222,0.834418,2119,73700,0.550122,0,1,1563195,1561076,2119
52686841,25.7694,0.730116,2143,69320,0.55011,0,1,1563219,1561076,2143
52686841,25.5482,0.638851,2167,69320,0.551099,0,1,1563243,1561076,2167
52686841,25.3547,0.558995,2191,69320,0.552989,0,1,1563267,1561076,2191
52686841,25.1854,0.489121,2215,69320,0.54769,0,1,1563291,1561076,2215
52686841,25.0372,0.427981,2239,69320,0.540921,0,1,1563315,1561076,2239
52686841,24.9075,0.374483,2263,69320,0.535829,0,1,1563339,1561076,2263
52686841,24.7941,0.327673,2287,69320,0.532246,0,1,1563363,1561076,2287
52686841,24.6948,0.286714,2311,69320,0.529022,0,1,1563387,1561076,2311
52686841,24.608,0.250874,2335,69320,0.527119,0,1,1563411,1561076,2335
52686841,24.532,0.219515,2359,69320,0.526407,0,1,1563435,1561076,2359
52686841,24.4655,0.192076,2383,69320,0.526767,0,1,1563459,1561076,2383
52686841,24.4073,0.168066,2407,69320,0.52709,0,1,1563483,1561076,2407
52686841,24.3564,0.147058,2431,69320,0.527381,0,1,1563507,1561076,2431
52686841,24.3118,0.128676,2455,69320,0.527643,0,1,1563531,1561076,2455
52686841,24.2729,0.112591,2479,69320,0.527879,0,1,1563555,1561076,2479
52686841,24.2388,0.0985173,2503,69320,0.528091,0,1,1563579,1561076,2503
52686841,24.2089,0.0862027,2527,57640,0.528282,0,1,1563603,1561076,2527
52686841,21.6828,0.0754273,2531,56180,0.530454,0,1,1563607,1561076,2531
52686841,21.9724,0.0659989,2555,54620,0.530408,0,1,1563631,1561076,2555
52686841,19.7259,0.057749,2559,54420,0.530367,0,1,1563635,1561076,2559
52686841,20.2602,0.0505304,2583,54420,0.528331,0,1,1563659,1561076,2583
52686841,20.7276,0.0442141,2607,54220,0.526498,0,1,1563683,1561076,2607
52686841,18.6367,0.0386873,2611,52760,0.526848,0,1,1563687,1561076,2611
52692681,19.3071,210.784,949,52760,0.525163,0.54,1,1563711,1562762,949
52695601,19.8937,190.561,924,59000,0.528647,0.52,1,1563735,1562811,924
52698521,20.407,169.741,924,59000,0.529782,0.5,1,1563759,1562835,924
52701441,20.8561,151.523,924,59000,0.528804,0.44,1,1563783,1562859,924
52704361,21.2491,138.583,900,59000,0.525923,0.45,1,1563807,1562907,900
52707281,21.593,124.26,900,59000,0.521331,0.46,1,1563831,1562931,900
52708741,21.8938,111.727,900,59000,0.515198,0.46,1,1563855,1562955,900
52711661,22.1571,103.762,876,59000,0.507678,0.47,1,1563879,1563003,876
52714581,22.3875,93.7913,876,59000,0.49891,0.48,1,1563903,1563027,876
52716041,22.589,85.0674,876,59000,0.489019,0.49,1,1563927,1563051,876
52718961,22.7654,77.434,876,59000,0.478117,0.5,1,1563951,1563075,876
52721881,22.9197,70.7547,876,59000,0.466306,0.51,1,1563975,1563099,876
52723341,23.0548,64.9104,876,59000,0.453675,0.52,1,1563999,1563123,876
52726261,23.1729,59.7966,876,59000,0.440308,0.53,1,1564023,1563147,876
52727721,23.2763,55.322,876,59000,0.426277,0.54,1,1564047,1563171,876
52730641,23.3668,51.4068,876,59000,0.411649,0.55,1,1564071,1563195,876
52732101,23.4459,47.9809,876,59000,0.396484,0.56,1,1564095,1563219,876
52735021,23.5152,44.9833,876,59000,0.380836,0.57,1,1564119,1563243,876
52736481,23.5758,42.3604,876,59000,0.364752,0.5,1,1564143,1563267,876
52739401,23.6288,40.0653,876,59000,0.348277,0.48,1,1564167,1563291,876
52740861,23.6752,38.0572,876,59000,0.331449,0.49,1,1564191,1563315,876
52743781,23.7158,36.3,876,59000,0.314304,0.5,1,1564215,1563339,876
52745241,23.7513,34.7625,876,59000,0.296874,0.5,1,1564239,1563363,876
52748161,23.7824,33.4172,876,59000,0.279187,0.51,1,1564263,1563387,876
52749621,23.8096,32.2401,876,59000,0.261268,0.52,1,1564287,1563411,876
52751081,23.8334,31.2101,876,59000,0.243141,0.53,1,1564311,1563435,876
52775901,23.8542,30.3088,876,59000,0.224827,0.53,1,1564335,1563459,876
52775901,23.8725,26.5202,900,57540,0.206344,0,1,1564359,1563459,900
52777361,23.8884,29.2052,876,57540,0.18671,0.53,1,1564383,1563507,876
52778821,23.9023,28.5545,876,57540,0.168039,0.53,1,1564407,1563531,876
52780281,23.9146,27.9852,876,57540,0.151235,0.53,1,1564431,1563555,876
52781741,23.9252,27.4871,876,57540,0.136111,0.53,1,1564455,1563579,876
52783201,23.9346,27.0512,876,57540,0.1225,0.53,1,1564479,1563603,876
52784661,23.9428,27.1698,872,57540,0.11025,0.51,1,1564503,1563631,872
52786121,23.9499,27.2736,868,57540,0.0992253,0.51,1,1564527,1563659,868
52789041,23.9562,26.8644,868,57540,0.0893027,0.51,1,1564551,1563683,868
52791961,23.9617,27.0063,864,57540,0.0803725,0.51,1,1564575,1563711,864
52793421,23.9664,23.6305,888,57540,0.0723352,0.51,1,1564599,1563711,888
52798101,21.0956,20.6767,889,57540,0.0651017,0.51,1,1564600,1563711,889
52802881,21.4587,18.0921,913,1560,0.0585915,0,1,1564624,1563711,913
52802881,43.6513,15.8306,1112,96360,0.0527324,0,1,1564823,1563711,1112
52805801,1170.94,1251.85,270,96360,0.147459,0,1,1573885,1573615,270
52808721,1030.58,1095.37,318,97820,0.232713,0,1,1573933,1573615,318
52811641,907.755,958.449,366,99280,0.309442,0,1,1573981,1573615,366
52814561,800.285,838.643,414,100740,0.378498,0,1,1574029,1573615,414
52817481,706.25,733.813,462,102200,0.440648,0,1,1574077,1573615,462
52820401,623.968,642.086,510,103660,0.496583,0,1,1574125,1573615,510
52823321,551.972,561.825,558,105120,0.546925,0,1,1574173,1573615,558
52826241,488.976,491.597,606,106580,0.592232,0,1,1574221,1573615,606
52835001,343.419,329.332,750,110960,0.702737,0,2,1574365,1573615,750
52837921,306.492,288.165,798,112420,0.732464,0,2,1574413,1573615,798
52840841,274.18,252.145,846,113880,0.759217,0,2,1574461,1573615,846
52843761,245.908,220.626,894,115340,0.783296,0,2,1574509,1573615,894
52846681,221.169,193.048,942,116800,0.804966,0,2,1574557,1573615,942
52849601,199.523,168.917,990,118260,0.824469,0,2,1574605,1573615,990
52852521,180.583,147.802,1038,119720,0.842022,0,2,1574653,1573615,1038
52855441,164.01,129.327,1086,121180,0.85782,0,2,1574701,1573615,1086
52858361,149.509,113.161,1134,122640,0.872038,0,2,1574749,1573615,1134
52861281,136.82,99.0161,1182,124100,0.884834,0,2,1574797,1573615,1182
52864201,125.718,86.6391,1230,125560,0.896351,0,2,1574845,1573615,1230
52867121,116.003,75.8092,1278,127020,0.906716,0,2,1574893,1573615,1278
52870041,107.503,66.3331,1326,128480,0.916044,0,2,1574941,1573615,1326
52872961,100.065,58.0414,1374,129940,0.92444,0,2,1574989,1573615,1374
52875881,93.5566,50.7863,1422,131400,0.931996,0,2,1575037,1573615,1422
52878801,87.8621,44.438,1470,132860,0.936796,0,2,1575085,1573615,1470
52881721,82.8793,38.8832,1518,134320,0.938117,0,2,1575133,1573615,1518
52884641,78.5194,34.0228,1566,135780,0.934305,0,2,1575181,1573615,1566
52887561,74.7045,29.77,1614,137240,0.927874,0,2,1575229,1573615,1614
52887561,68.3664,26.0487,1638,138700,0.923087,0,2,1575253,1573615,1638
52887561,62.8206,22.7926,1662,138700,0.914778,0,2,1575277,1573615,1662
52887561,57.968,19.9436,1686,138700,0.9033,0,2,1575301,1573615,1686
52887561,53.847,17.4506,1711,126220,0.89297,0.8,2,1575326,1573615,1711
52887561,50.1162,15.2693,1735,125455,0.882673,0,2,1575350,1573615,1735
52887561,46.8516,13.3606,1759,125072,0.874406,0,2,1575374,1573615,1759
52887561,43.9952,11.6905,1783,123229,0.865965,0,2,1575398,1573615,1783
52887561,41.4958,10.2292,1807,121387,0.859369,0,2,1575422,1573615,1807
52887561,39.3088,8.95057,1831,119544,0.854432,0,2,1575446,1573615,1831
52887561,37.3952,7.83175,1855,117701,0.850989,0,2,1575470,1573615,1855
52887561,35.7208,6.85278,1879,115858,0.83089,0,2,1575494,1573615,1879
52887561,34.2557,5.99619,1903,112556,0.813801,0,2,1575518,1573615,1903
52887561,32.9737,5.24666,1927,110713,0.799421,0,2,1575542,1573615,1927
52887561,31.852,4.59083,1951,107410,0.787479,0,2,1575566,1573615,1951
52887561,30.8705,4.01698,1975,105567,0.775731,0,2,1575590,1573615,1975
52887561,30.0117,3.51485,1999,102264,0.766158,0,2,1575614,1573615,1999
52887561,29.2602,3.0755,2023,100422,0.758542,0,2,1575638,1573615,2023
52887561,28.6027,2.69106,2047,98579,0.752688,0,2,1575662,1573615,2047
52887561,28.0274,2.35468,2071,98196,0.746419,0,2,1575686,1573615,2071
52887561,27.524,2.06034,2095,95560,0.741777,0,2,1575710,1573615,2095
52887561,27.0835,1.8028,2119,95560,0.738599,0,2,1575734,1573615,2119
52887561,26.698,1.57745,2143,94100,0.73674,0,2,1575758,1573615,2143
52887561,26.3608,1.38027,2167,94100,0.736066,0,2,1575782,1573615,2167
52887561,26.0657,1.20774,2191,80960,0.736459,0,2,1575806,1573615,2191
52887561,24.9325,1.05677,2208,80960,0.737813,0,2,1575823,1573615,2208
52887561,24.8159,0.924672,2232,80960,0.730032,0,2,1575847,1573615,2232
52887561,24.7139,0.809088,2256,79940,0.721029,0,2,1575871,1573615,2256
52887561,24.6247,0.707952,2280,79940,0.713926,0,2,1575895,1573615,2280
52887561,24.5466,0.619458,2304,79940,0.707533,0,2,1575919,1573615,2304
52887561,24.4783,0.542026,2328,79940,0.70278,0,2,1575943,1573615,2328
52908001,21.0208,126.635,1103,72720,0.592336,0.66,1,1576597,1575494,1103
52909461,21.3932,113.806,1103,72720,0.580103,0.67,1,1576621,1575518,1103
52912381,21.7191,102.58,1103,72720,0.567092,0.67,1,1576645,1575542,1103
52915301,22.0042,95.7574,1079,72720,0.553383,0.68,1,1576669,1575590,1079
52916761,22.2537,86.7877,1079,72720,0.539045,0.69,1,1576693,1575614,1079
52919681,22.472,78.9392,1079,72720,0.52414,0.69,1,1576717,1575638,1079
52922601,22.663,75.0718,1055,72720,0.508726,0.7,1,1576741,1575686,1055
52924061,22.8301,68.6878,1055,72720,0.492854,0.71,1,1576765,1575710,1055
52926981,22.9763,63.1019,1055,72720,0.476568,0.72,1,1576789,1575734,1055
52929901,23.1043,58.2141,1055,72720,0.459911,0.73,1,1576813,1575758,1055
52934281,23.2163,53.9374,1055,72720,0.44292,0.74,1,1576837,1575782,1055
52938661,23.3142,50.1952,1055,72720,0.425628,0.66,1,1576861,1575806,1055
52943041,23.3999,49.0458,1038,72720,0.408065,0.64,1,1576885,1575847,1038
52944501,23.475,45.9151,1038,72720,0.390259,0.65,1,1576909,1575871,1038
52945961,23.5406,43.1757,1038,72720,0.372233,0.65,1,1576933,1575895,1038
52947421,23.598,40.7787,1038,72720,0.35401,0.66,1,1576957,1575919,1038
52948881,23.6483,38.6814,1038,72720,0.335609,0.65,1,1576981,1575943,1038
52950341,23.6922,36.8462,1038,72720,0.317048,0.66,1,1577005,1575967,1038
52951801,23.7307,35.2404,1038,72720,0.298343,0.67,1,1577029,1575991,1038
52953261,23.7644,33.8354,1038,72720,0.279509,0.68,1,1577053,1576015,1038
52954721,23.7938,32.606,1038,72720,0.260558,0.69,1,1577077,1576039,1038
52977641,23.8196,31.5302,1038,72720,0.241502,0.68,1,1577101,1576063,1038
52979101,23.8421,30.5889,1038,18660,0.222352,0.68,1,1577125,1576087,1038
52980561,23.8619,29.7653,1038,72720,0.203117,0.67,1,1577149,1576111,1038
52982021,23.8791,29.0447,1038,72720,0.182805,0.67,1,1577173,1576135,1038
52983481,23.8942,28.9141,1034,72720,0.164525,0.66,1,1577197,1576163,1034
52984941,23.9075,28.2998,1034,72720,0.148072,0.66,1,1577221,1576187,1034
52986401,23.919,27.7623,1034,72720,0.133265,0.65,1,1577245,1576211,1034
52987861,23.9292,27.292,1034,72720,0.119938,0.65,1,1577269,1576235,1034
52990781,23.938,26.8805,1034,72720,0.107945,0.65,1,1577293,1576259,1034
52993701,23.9458,27.0205,1030,72720,0.0971501,0.65,1,1577317,1576287,1030
52995161,23.9525,26.6429,1030,72720,0.0874351,0.65,1,1577341,1576311,1030
53000281,22.0835,26.8125,1011,72720,0.0786916,0.64,1,1577350,1576339,1011
53003401,19.698,27.711,980,2600,0.0708224,0.63,1,1577353,1576373,980
53004861,20.2358,27.2471,980,2060,0.0637402,0.61,1,1577377,1576397,980
53018161,18.2063,27.3412,956,71980,0.0573662,0,1,1577381,1576425,956
53018161,16.4305,23.9236,960,97820,0.0516295,0,1,1577385,1576425,960
53018161,37.7517,20.9331,1147,97820,0.0464666,0,1,1577572,1576425,1147
53018161,33.5327,18.3165,1151,97820,0.0418199,0,1,1577576,1576425,1151
53018161,32.7161,16.0269,1178,97820,0.0376379,0,1,1577603,1576425,1178
53021081,176.002,274.899,270,97820,0.133874,0,1,1578782,1578512,270
53024001,160.001,240.536,318,99280,0.220487,0,1,1578830,1578512,318
53026921,146.001,210.469,366,100740,0.298438,0,1,1578878,1578512,366
53029841,133.751,184.161,414,102200,0.368594,0,1,1578926,1578512,414
53032761,123.032,161.14,462,103660,0.431735,0,1,1578974,1578512,462
53035681,113.653,140.998,510,105120,0.488561,0,1,1579022,1578512,510
53038601,105.447,123.373,558,106580,0.539705,0,1,1579070,1578512,558
53041521,98.2657,107.952,606,108040,0.585735,0,1,1579118,1578512,606
53053201,77.4648,63.2792,798,110960,0.728201,0,2,1579310,1578512,798
53056121,73.7817,55.3693,846,112420,0.75538,0,2,1579358,1578512,846
53059041,70.559,48.4481,894,112420,0.779842,0,2,1579406,1578512,894
53061961,67.7391,42.3921,942,113880,0.801858,0,2,1579454,1578512,942
53064881,65.2717,37.0931,990,113880,0.821672,0,2,1579502,1578512,990
53067801,63.1128,32.4565,1038,115340,0.839505,0,2,1579550,1578512,1038
53070721,61.2237,28.3994,1086,115340,0.855555,0,2,1579598,1578512,1086
53073641,59.5707,24.8495,1134,115340,0.869999,0,2,1579646,1578512,1134
53076561,58.1244,21.7433,1182,116800,0.882999,0,2,1579694,1578512,1182
53079481,56.8588,19.0254,1230,116800,0.888699,0,2,1579742,1578512,1230
53082401,55.7515,16.6472,1278,118260,0.897829,0,2,1579790,1578512,1278
53085321,54.7825,14.5663,1326,118260,0.908046,0,2,1579838,1578512,1326
53088241,53.9347,12.7455,1374,118260,0.913242,0,2,1579886,1578512,1374
53091161,53.1929,11.1523,1422,119720,0.915918,0,2,1579934,1578512,1422
53094081,52.5438,9.75829,1470,119720,0.914326,0,2,1579982,1578512,1470
53097001,51.9758,8.5385,1518,119720,0.909893,0,2,1580030,1578512,1518
53099921,51.4788,7.47119,1566,121180,0.906904,0,2,1580078,1578512,1566
53101381,51.044,6.53729,1614,121180,0.901214,0,2,1580126,1578512,1614
53101381,47.6635,5.72013,1638,121180,0.899092,0,2,1580150,1578512,1638
53101381,44.7055,5.00511,1662,121180,0.895183,0,2,1580174,1578512,1662
53101381,42.2424,4.37948,1687,119720,0.890665,0.86,2,1580199,1578512,1687
53101381,39.9621,3.83204,1711,118793,0.885598,0,2,1580223,1578512,1711
53101381,37.9668,3.35304,1735,118329,0.879038,0,2,1580247,1578512,1735
53101381,36.2209,2.93391,1759,116405,0.870135,0,2,1580271,1578512,1759
53101381,34.6933,2.56717,1783,114482,0.863121,0,2,1580295,1578512,1783
53101381,33.3567,2.24627,1807,112558,0.854809,0,2,1580319,1578512,1807
53101381,32.1871,1.96549,1831,110634,0.844328,0,2,1580343,1578512,1831
53101381,31.1637,1.7198,1855,110170,0.835895,0,2,1580367,1578512,1855
53101381,30.2682,1.50483,1879,108247,0.827306,0,2,1580391,1578512,1879
53101381,29.4847,1.31672,1903,104863,0.818575,0,2,1580415,1578512,1903
53101381,28.7991,1.15213,1927,102939,0.808718,0,2,1580439,1578512,1927
53101381,28.1992,1.00812,1951,102475,0.798846,0,2,1580463,1578512,1951
53101381,27.6743,0.882102,1975,99092,0.788961,0,2,1580487,1578512,1975
53101381,27.215,0.771839,1999,97168,0.781065,0,2,1580511,1578512,1999
53101381,26.8132,0.675359,2023,96704,0.774959,0,2,1580535,1578512,2023
53101381,26.4615,0.590939,2047,93320,0.768463,0,2,1580559,1578512,2047
53101381,26.1538,0.517072,2071,89936,0.763617,0,2,1580583,1578512,2071
53101381,25.8846,0.452438,2095,89473,0.760255,0,2,1580607,1578512,2095
53101381,25.649,0.395883,2119,84680,0.756229,0,2,1580631,1578512,2119
53101381,25.4429,0.346398,2143,81760,0.753606,0,2,1580655,1578512,2143
53101381,25.2625,0.303098,2167,81760,0.752246,0,2,1580679,1578512,2167
53101381,25.1047,0.265211,2191,78840,0.752021,0,2,1580703,1578512,2191
53101381,24.9666,0.232059,2215,78840,0.752819,0,2,1580727,1578512,2215
53101381,24.8458,0.203052,2239,75920,0.754537,0,2,1580751,1578512,2239
53101381,24.7401,0.177671,2263,71540,0.756083,0,2,1580775,1578512,2263
53101381,24.6476,0.155462,2287,71540,0.757475,0,2,1580799,1578512,2287
53101381,24.5666,0.136029,2311,71540,0.758728,0,2,1580823,1578512,2311
53101381,24.4958,0.119025,2335,71540,0.758855,0,2,1580847,1578512,2335
53101381,24.4338,0.104147,2359,71540,0.757969,0,2,1580871,1578512,2359
53101381,24.3796,0.0911288,2383,71540,0.758172,0,2,1580895,1578512,2383
53101381,24.3321,0.0797377,2407,71540,0.759355,0,2,1580919,1578512,2407
53101381,24.2906,0.0697705,2431,71540,0.76042,0,2,1580943,1578512,2431
53101381,24.2543,0.0610492,2455,71540,0.760378,0,2,1580967,1578512,2455
53101381,24.2225,0.053418,2479,71540,0.76134,0,2,1580991,1578512,2479
53101381,24.1947,0.0467408,2503,71540,0.762206,0,2,1581015,1578512,2503
53101381,24.1704,0.0408982,2527,71540,0.762985,0,2,1581039,1578512,2527
53101381,24.1491,0.0357859,2551,71540,0.763687,0,2,1581063,1578512,2551
53101381,24.1304,0.0313127,2575,71540,0.764318,0,2,1581087,1578512,2575
53101381,24.1141,0.0273986,2599,71540,0.763886,0,2,1581111,1578512,2599
53101381,24.0999,0.0239738,2623,71160,0.763498,0,2,1581135,1578512,2623
53101381,24.0874,0.020977,2647,71160,0.763148,0,2,1581159,1578512,2647
53101381,24.0765,0.0183549,2671,71160,0.762833,0,2,1581183,1578512,2671
53101381,24.0669,0.0160605,2695,71160,0.76255,0,2,1581207,1578512,2695
53101381,24.0585,0.014053,2719,71160,0.762295,0,2,1581231,1578512,2719
53101381,24.0512,0.0122964,2743,71160,0.762065,0,2,1581255,1578512,2743
53101381,24.0448,0.0107593,2767,71160,0.761859,0,2,1581279,1578512,2767
53101381,24.0392,0.0094144,2791,71160,0.761673,0,2,1581303,1578512,2791
53101381,24.0343,0.0082376,2815,71160,0.761506,0,2,1581327,1578512,2815
53101381,24.03,0.0072079,2839,71160,0.761355,0,2,1581351,1578512,2839
53101381,24.0263,0.00630691,2863,71160,0.76122,0,2,1581375,1578512,2863
53101381,24.023,0.00551855,2887,71160,0.761098,0,2,1581399,1578512,2887
53101381,24.0201,0.00482873,2911,71160,0.760988,0,2,1581423,1578512,2911
53101381,24.0176,0.00422514,2935,71160,0.760889,0,2,1581447,1578512,2935
53101381,24.0154,0.003697,2959,71160,0.7608,0,2,1581471,1578512,2959
53101381,24.0135,0.00323487,2983,71160,0.76072,0,2,1581495,1578512,2983
53107221,24.0118,207.753,1345,71160,0.760648,0.79,2,1581519,1580174,1345
53107221,24.0103,181.784,1369,83220,0.774583,0,2,1581543,1580174,1369
53110141,24.009,171.186,1296,81820,0.787125,0.8,2,1581567,1580271,1296
53113061,24.0079,152.788,1296,83280,0.799412,0.75,2,1581591,1580295,1296
53115981,24.0069,139.689,1272,84100,0.812471,0.76,2,1581615,1580343,1272
53120361,24.006,125.228,1272,83220,0.823224,0.74,2,1581639,1580367,1272
53123281,24.0053,115.574,1248,84300,0.834902,0.72,2,1581663,1580415,1248
53124741,24.0046,104.128,1248,83220,0.843412,0.7,2,1581687,1580439,1248
53127661,24.0041,97.1117,1224,84300,0.85307,0.71,2,1581711,1580487,1224
53132041,24.0035,87.9727,1224,83220,0.859763,0.71,2,1581735,1580511,1224
53133501,24.0031,82.9761,1200,84300,0.867787,0.72,2,1581759,1580559,1200
53136421,24.0027,75.6041,1200,83220,0.873008,0.72,2,1581783,1580583,1200
53140801,24.0024,72.1536,1176,84300,0.879708,0.73,2,1581807,1580631,1176
53142261,24.0021,66.1344,1176,83220,0.883737,0.74,2,1581831,1580655,1176
53145181,24.0018,60.8676,1176,84300,0.889363,0.75,2,1581855,1580679,1176
53146641,24.0016,56.2592,1176,83220,0.892427,0.76,2,1581879,1580703,1176
53151021,24.0014,52.2268,1176,84300,0.897184,0.77,2,1581903,1580727,1176
53152481,24.0012,48.6984,1176,83220,0.899466,0.77,2,1581927,1580751,1176
53155401,24.0011,45.6111,1176,84300,0.903519,0.77,2,1581951,1580775,1176
53156861,24.0009,42.9097,1176,83220,0.905167,0.77,2,1581975,1580799,1176
53161241,24.0008,40.546,1176,84300,0.90865,0.76,2,1581999,1580823,1176
53162701,24.0007,38.4778,1176,83220,0.909785,0.75,2,1582023,1580847,1176
53167081,24.0006,36.668,1176,84300,0.913807,0.76,2,1582047,1580871,1176
53168541,24.0005,35.0845,1176,83220,0.915426,0.77,2,1582071,1580895,1176
53171461,23.8755,33.699,1175,84300,0.918884,0.77,2,1582094,1580919,1175
53172921,23.891,32.4866,1175,83220,0.919995,0.76,2,1582118,1580943,1175
53174381,23.9047,31.4258,1175,84300,0.922996,0.77,2,1582142,1580967,1175
53226941,23.9166,30.4976,1175,83220,0.923696,0.76,2,1582166,1580991,1175
53229861,26.927,29.6854,1199,86140,0.931327,0.76,2,1582214,1581015,1199
53232401,28.8111,31.9747,1193,87600,0.938194,0.83,2,1582256,1581063,1193
53232401,28.2097,27.9779,1217,89060,0.944374,0,2,1582280,1581063,1217
53232401,27.6835,24.4806,1241,89060,0.949937,0,2,1582304,1581063,1241
53271381,42.6917,43.1253,1409,93440,0.936838,0.93,2,1583480,1582071,1409
53274301,43.3552,43.6097,1410,93440,0.926154,0.93,2,1583528,1582118,1410
53277221,43.9358,44.1585,1410,93440,0.918539,0.93,2,1583576,1582166,1410
53280141,44.4438,38.6387,1458,93440,0.913685,0.93,2,1583624,1582166,1458
53283061,44.8884,33.8088,1506,94900,0.913317,0.93,2,1583672,1582166,1506
53285981,45.2773,29.5827,1554,94900,0.914985,0.93,2,1583720,1582166,1554
53288901,45.6176,25.8849,1602,94900,0.915486,0.93,2,1583768,1582166,1602
53291821,45.9154,22.6493,1650,94900,0.913938,0.93,2,1583816,1582166,1650
53291821,43.176,19.8181,1674,94900,0.911544,0,2,1583840,1582166,1674
53291821,40.779,17.3409,1698,94900,0.90839,0,2,1583864,1582166,1698
53291821,38.6816,15.1732,1722,94900,0.904551,0,2,1583888,1582166,1722
53291821,36.8464,13.2766,1746,82840,0.902096,0.87,2,1583912,1582166,1746
53291821,35.2406,11.617,1770,82120,0.898886,0,2,1583936,1582166,1770
53291821,33.8355,10.1649,1794,81760,0.895997,0,2,1583960,1582166,1794
53291821,32.6061,8.89428,1818,81400,0.891398,0,2,1583984,1582166,1818
53291821,31.5303,7.78249,1842,81039,0.883258,0,2,1584008,1582166,1842
53291821,30.589,6.80968,1866,80679,0.876932,0,2,1584032,1582166,1866
53291821,29.7654,5.95847,1890,80319,0.872239,0,2,1584056,1582166,1890
53291821,29.1697,5.21366,1915,79959,0.869015,0,2,1584081,1582166,1915
53291821,28.5235,4.56195,1939,79598,0.865113,0,2,1584105,1582166,1939
53291821,27.9581,3.99171,1963,79238,0.861602,0,2,1584129,1582166,1963
53291821,27.4633,3.49275,1987,77418,0.858442,0,2,1584153,1582166,1987
53291821,27.0304,3.05615,2011,77058,0.855598,0,2,1584177,1582166,2011
53291821,26.6516,2.67413,2035,76698,0.850038,0,2,1584201,1582166,2035
53291821,26.3202,2.33987,2059,76337,0.846034,0,2,1584225,1582166,2059
53291821,26.0301,2.04738,2083,75977,0.841431,0,2,1584249,1582166,2083
53291821,25.7764,1.79146,2107,75617,0.838288,0,2,1584273,1582166,2107
53291821,25.5543,1.56753,2131,75257,0.832459,0,2,1584297,1582166,2131
53291821,25.36,1.37159,2155,74896,0.828213,0,2,1584321,1582166,2155
53291821,25.19,1.20014,2179,74536,0.822392,0,2,1584345,1582166,2179
53291821,25.0413,1.05012,2203,74176,0.816153,0,2,1584369,1582166,2203
53291821,24.9111,0.918856,2227,73816,0.809537,0,2,1584393,1582166,2227
53291821,24.7972,0.803999,2251,73455,0.802584,0,2,1584417,1582166,2251
53291821,24.6976,0.703499,2275,73095,0.797325,0,2,1584441,1582166,2275
53291821,24.6104,0.615562,2299,72735,0.791593,0,2,1584465,1582166,2299
53291821,24.5341,0.538617,2323,72375,0.785433,0,2,1584489,1582166,2323
53291821,24.4673,0.47129,2347,72015,0.77889,0,2,1584513,1582166,2347
53291821,24.4089,0.412378,2371,71654,0.774001,0,2,1584537,1582166,2371
53291821,24.3578,0.360831,2395,71294,0.770601,0,2,1584561,1582166,2395
53291821,24.3131,0.315727,2419,70934,0.765541,0,2,1584585,1582166,2419
53291821,24.2739,0.276261,2443,70574,0.760987,0,2,1584609,1582166,2443
53291821,24.2397,0.241729,2467,70213,0.756888,0,2,1584633,1582166,2467
53291821,24.2097,0.211513,2491,69853,0.753199,0,2,1584657,1582166,2491
53291821,24.1835,0.185073,2515,69493,0.747879,0,2,1584681,1582166,2515
53291821,24.1606,0.161939,2539,69133,0.743091,0,2,1584705,1582166,2539
53291821,24.1405,0.141697,2563,68772,0.738782,0,2,1584729,1582166,2563
53291821,24.1229,0.123985,2587,68412,0.734904,0,2,1584753,1582166,2587
53291821,24.1076,0.108487,2611,65700,0.729414,0,2,1584777,1582166,2611
53291821,24.0941,0.0949258,2635,65320,0.724472,0,2,1584801,1582166,2635
53291821,24.0824,0.0830601,2659,65320,0.720025,0,2,1584825,1582166,2659
53291821,24.0721,0.0726776,2683,65320,0.716023,0,2,1584849,1582166,2683
53291821,24.0631,0.0635929,2707,65320,0.71242,0,2,1584873,1582166,2707
53291821,24.0552,0.0556438,2731,65320,0.709178,0,2,1584897,1582166,2731
53291821,24.0483,0.0486883,2755,65320,0.70626,0,2,1584921,1582166,2755
53291821,24.0422,0.0426023,2779,65320,0.703634,0,2,1584945,1582166,2779
53291821,24.037,0.037277,2803,65320,0.702271,0,2,1584969,1582166,2803
53291821,24.0323,0.0326174,2827,65320,0.701044,0,2,1584993,1582166,2827
53347301,23.7658,67.4007,1386,49260,0.58783,0,1,1585442,1584056,1386
53347301,23.7951,58.9756,1410,49260,0.573047,0,1,1585466,1584056,1410
53347301,23.8207,51.6036,1434,49260,0.557742,0,1,1585490,1584056,1434
53347301,23.8431,45.1532,1458,49260,0.541968,0,1,1585514,1584056,1458
53347301,23.8627,39.509,1482,49260,0.525771,0,1,1585538,1584056,1482
53347301,23.8799,34.5704,1506,49260,0.509194,0,1,1585562,1584056,1506
53347301,23.8949,30.2491,1530,49260,0.492275,0,1,1585586,1584056,1530
53347301,23.908,26.468,1554,49260,0.475047,0,1,1585610,1584056,1554
53347301,23.9195,23.1595,1578,49260,0.457543,0,1,1585634,1584056,1578
53347301,23.9296,20.2645,1602,49260,0.439788,0,1,1585658,1584056,1602
53347301,23.9384,17.7315,1626,49260,0.42181,0,1,1585682,1584056,1626
53347301,23.9461,15.515,1650,49260,0.403629,0,1,1585706,1584056,1650
53347301,23.9528,13.5757,1674,49260,0.385266,0,1,1585730,1584056,1674
53347301,23.9587,11.8787,1698,49260,0.366739,0,1,1585754,1584056,1698
53379041,23.9639,88.5189,1097,49260,0.348065,0,1,1585778,1584681,1097
53379041,23.9684,77.454,1121,67160,0.329259,0,1,1585802,1584681,1121
53379041,23.9723,67.7723,1145,67160,0.310333,0,1,1585826,1584681,1145
53379041,23.9758,59.3007,1169,67160,0.2913,0,1,1585850,1584681,1169
53379041,23.9788,51.8881,1193,67160,0.27217,0,1,1585874,1584681,1193
53379041,23.9815,45.4021,1217,67160,0.252953,0,1,1585898,1584681,1217
53379041,23.9838,39.7269,1241,67160,0.233657,0,1,1585922,1584681,1241
53379041,23.9858,34.761,1265,67160,0.214292,0,1,1585946,1584681,1265
53379041,23.9876,30.4159,1289,67160,0.194862,0,1,1585970,1584681,1289
53379041,23.9891,26.6139,1313,67160,0.175376,0,1,1585994,1584681,1313
53379041,23.9905,23.2872,1337,67160,0.157839,0,1,1586018,1584681,1337
53379041,23.9917,20.3763,1361,67160,0.142055,0,1,1586042,1584681,1361
53379041,23.9927,17.8292,1385,67160,0.127849,0,1,1586066,1584681,1385
53379041,23.9936,15.6006,1409,67160,0.115064,0,1,1586090,1584681,1409
53379041,23.9944,13.6505,1433,67160,0.103558,0,1,1586114,1584681,1433
53379041,23.9951,11.9442,1457,67160,0.0932021,0,1,1586138,1584681,1457
53379041,23.9957,10.4512,1481,67160,0.0838819,0,1,1586162,1584681,1481
53379041,23.9963,9.14477,1505,67160,0.166494,0,1,1586186,1584681,1505
53379041,23.9967,8.00167,1529,67160,0.238844,0,1,1586210,1584681,1529
53379041,23.2471,7.00146,1547,67160,0.30196,0,1,1586228,1584681,1547
53381961,46.8413,192.251,270,67160,0.340764,0,1,1586440,1586170,270
53384881,46.9861,168.22,318,68620,0.377688,0,1,1586488,1586170,318
53387801,47.1128,147.192,366,70080,0.412919,0,1,1586536,1586170,366
53390721,47.2237,128.793,414,71540,0.446627,0,1,1586584,1586170,414
53393641,47.3208,112.694,462,71540,0.476964,0,1,1586632,1586170,462
53396561,47.4057,98.6074,510,73000,0.506268,0,1,1586680,1586170,510
53399481,47.48,86.2815,558,73000,0.532641,0,1,1586728,1586170,558
53402401,47.545,75.4963,606,73000,0.556377,0,1,1586776,1586170,606
53405321,47.6018,66.0593,654,73000,0.577739,0,1,1586824,1586170,654
53408241,47.6516,57.8018,702,73000,0.596965,0,1,1586872,1586170,702
53431601,47.8803,19.8612,1086,75920,0.709748,0,2,1587256,1586170,1086
53434521,47.8953,17.3786,1134,75920,0.719773,0,2,1587304,1586170,1134
53437441,47.9083,15.2063,1182,75920,0.728796,0,2,1587352,1586170,1182
53440361,47.9198,13.3055,1230,75920,0.736916,0,2,1587400,1586170,1230
53443281,47.9298,11.6423,1278,75920,0.744225,0,2,1587448,1586170,1278
53446201,47.9386,10.187,1326,75920,0.750802,0.69,2,1587496,1586170,1326
53449121,47.9463,42.6636,1104,75920,0.756722,0.69,2,1587544,1586440,1104
53452041,47.953,37.3307,1152,75920,0.76205,0.71,2,1587592,1586440,1152
53454961,47.9589,38.6643,1152,77380,0.768845,0.73,2,1587640,1586488,1152
53457881,47.964,39.8313,1152,77380,0.77496,0.73,2,1587688,1586536,1152
53460801,47.9685,34.8524,1200,77380,0.780464,0.75,2,1587736,1586536,1200
53463721,47.9724,36.4958,1200,77380,0.785418,0.75,2,1587784,1586584,1200
53466641,47.9759,37.9339,1200,77380,0.789876,0.77,2,1587832,1586632,1200
53469561,47.9789,39.1921,1200,77380,0.793889,0.77,2,1587880,1586680,1200
53472481,47.9815,40.2931,1200,77380,0.7975,0.77,2,1587928,1586728,1200
53475401,47.9838,41.2565,1200,77380,0.80075,0.77,2,1587976,1586776,1200
53478321,47.9859,42.0994,1200,77380,0.803675,0.77,2,1588024,1586824,1200
53481241,47.9876,42.837,1200,77380,0.806307,0.77,2,1588072,1586872,1200
53484161,47.9892,43.4824,1200,77380,0.808677,0.77,2,1588120,1586920,1200
53487081,47.9905,38.0471,1248,77380,0.810809,0.79,2,1588168,1586920,1248
53490001,47.9917,39.2912,1248,77380,0.812728,0.79,2,1588216,1586968,1248
53492921,47.9928,40.3798,1248,78840,0.816455,0.79,2,1588264,1587016,1248
53495841,47.9937,41.3323,1248,78840,0.81981,0.79,2,1588312,1587064,1248
53498761,47.9944,42.1658,1248,78840,0.822829,0.79,2,1588360,1587112,1248
53501681,47.9951,42.8951,1248,78840,0.825546,0.81,2,1588408,1587160,1248
53504601,47.9958,43.5332,1248,78840,0.827991,0.81,2,1588456,1587208,1248
53507521,47.9963,44.0915,1248,78840,0.830192,0.81,2,1588504,1587256,1248
53510441,47.9967,44.5801,1248,78840,0.832173,0.81,2,1588552,1587304,1248
53513361,47.9972,45.0076,1248,78840,0.833956,0.81,2,1588600,1587352,1248
53516281,47.9975,45.3816,1248,78840,0.83556,0.81,2,1588648,1587400,1248
53519201,47.9978,45.7089,1248,78840,0.837004,0.81,2,1588696,1587448,1248
53522121,47.9981,45.9953,1248,78840,0.838304,0.81,2,1588744,1587496,1248
53525041,47.9983,46.2459,1248,78840,0.839473,0.81,2,1588792,1587544,1248
53527961,47.9985,46.4652,1248,78840,0.840526,0.81,2,1588840,1587592,1248
53530881,47.9987,40.657,1296,78840,0.841473,0.83,2,1588888,1587592,1296
53533801,47.9989,41.5749,1296,78840,0.842326,0.83,2,1588936,1587640,1296
53536721,47.999,42.378,1296,78840,0.843093,0.83,2,1588984,1587688,1296
53539641,47.9991,43.0808,1296,78840,0.843784,0.83,2,1589032,1587736,1296
53542561,47.9993,43.6957,1296,78840,0.844406,0.83,2,1589080,1587784,1296
53545481,47.9993,44.2337,1296,78840,0.844965,0.83,2,1589128,1587832,1296
53548401,47.9994,44.7045,1296,78840,0.845469,0.83,2,1589176,1587880,1296
53551321,47.9995,45.1164,1296,78840,0.845922,0.83,2,1589224,1587928,1296
53554241,47.9996,45.4769,1296,78840,0.84633,0.83,2,1589272,1587976,1296
53557161,47.9996,45.7923,1296,78840,0.846697,0.83,2,1589320,1588024,1296
53560081,47.9997,46.0682,1296,78840,0.847027,0.83,2,1589368,1588072,1296
53563001,47.9997,46.3097,1296,78840,0.847324,0.83,2,1589416,1588120,1296
53565921,47.9997,46.521,1296,78840,0.847592,0.83,2,1589464,1588168,1296
53568841,47.9998,46.7059,1296,78840,0.847833,0.85,2,1589512,1588216,1296
53571761,47.9998,46.8676,1296,80300,0.850049,0.85,2,1589560,1588264,1296
53574681,47.9998,47.0092,1296,80300,0.852044,0.85,2,1589608,1588312,1296
53577601,47.9998,47.133,1296,80300,0.85384,0.85,2,1589656,1588360,1296
53580521,47.9999,47.2414,1296,80300,0.855456,0.85,2,1589704,1588408,1296
53583441,47.9999,47.3362,1296,80300,0.85691,0.85,2,1589752,1588456,1296
53586361,47.9999,47.4192,1296,80300,0.858219,0.85,2,1589800,1588504,1296
53589281,47.9999,47.4918,1296,80300,0.859397,0.85,2,1589848,1588552,1296
53592201,47.9999,47.5553,1296,80300,0.860458,0.85,2,1589896,1588600,1296
53595121,47.9999,47.6109,1296,80300,0.861412,0.85,2,1589944,1588648,1296
53598041,47.9999,47.6595,1296,80300,0.862271,0.85,2,1589992,1588696,1296
53600961,47.9999,47.7021,1296,80300,0.863044,0.85,2,1590040,1588744,1296
53603881,48,47.7393,1296,80300,0.863739,0.85,2,1590088,1588792,1296
53606801,48,47.7719,1296,80300,0.864365,0.85,2,1590136,1588840,1296
53609721,48,47.8004,1296,81760,0.866929,0.85,2,1590184,1588888,1296
53612641,48,47.8254,1296,81760,0.869236,0.85,2,1590232,1588936,1296
53615561,48,47.8472,1296,81760,0.871312,0.85,2,1590280,1588984,1296
53618481,48,47.8663,1296,81760,0.873181,0.85,2,1590328,1589032,1296
53621401,48,47.883,1296,81760,0.874863,0.85,2,1590376,1589080,1296
53624321,48,47.8976,1296,81760,0.876377,0.85,2,1590424,1589128,1296
53627241,48,47.9104,1296,81760,0.877739,0.85,2,1590472,1589176,1296
53630161,48,47.9216,1296,81760,0.877965,0.85,2,1590520,1589224,1296
53633081,48,47.9314,1296,81760,0.874169,0.85,2,1590568,1589272,1296
53636001,48,47.94,1296,83220,0.866752,0.85,2,1590616,1589320,1296
53638921,48,47.9475,1296,83220,0.870077,0.85,2,1590664,1589368,1296
53641841,48,47.9541,1296,83220,0.873069,0.85,2,1590712,1589416,1296
53644761,48,47.9598,1296,83220,0.875762,0.85,2,1590760,1589464,1296
53647681,48,47.9648,1296,83220,0.878186,0.85,2,1590808,1589512,1296
53650601,48,41.9692,1344,84680,0.882367,0.87,2,1590856,1589512,1344
53653521,48,42.7231,1344,84680,0.886131,0.87,2,1590904,1589560,1344
53656441,48,43.3827,1344,84680,0.889517,0.87,2,1590952,1589608,1344
53659361,48,43.9599,1344,84680,0.892566,0.87,2,1591000,1589656,1344
53662281,48,44.4649,1344,84680,0.895309,0.87,2,1591048,1589704,1344
53665201,48,44.9068,1344,84680,0.897778,0.87,2,1591096,1589752,1344
53668121,48,45.2934,1344,86140,0.902,0.87,2,1591144,1589800,1344
53671041,48,45.6317,1344,86140,0.9058,0.87,2,1591192,1589848,1344
53673961,48,45.9278,1344,86140,0.90922,0.87,2,1591240,1589896,1344
53676881,48,46.1868,1344,87600,0.914298,0.87,2,1591288,1589944,1344
53679801,48,46.4135,1344,87600,0.918868,0.87,2,1591336,1589992,1344
53682721,48,46.6118,1344,87600,0.922982,0.87,2,1591384,1590040,1344
53685641,48,46.7853,1344,87600,0.926683,0.87,2,1591432,1590088,1344
53688561,48,46.9371,1344,89060,0.932015,0.89,2,1591480,1590136,1344
53691481,48,47.07,1344,89060,0.936814,0.89,2,1591528,1590184,1344
53694401,48,47.1862,1344,89060,0.940132,0.89,2,1591576,1590232,1344
53697321,48,47.288,1344,89060,0.943119,0.89,2,1591624,1590280,1344
53700241,48,47.377,1344,90520,0.947807,0.89,2,1591672,1590328,1344
53795281,27.7366,5.94724,1852,104408,0.941475,0,2,1593572,1591720,1852
53795281,27.2695,5.20384,1876,102485,0.932327,0,2,1593596,1591720,1876
53795281,26.8609,4.55336,1900,102022,0.923095,0,2,1593620,1591720,1900
53795281,26.5032,3.98419,1924,98640,0.912785,0,2,1593644,1591720,1924
53795281,26.1903,3.48616,1948,96717,0.902507,0,2,1593668,1591720,1948
53795281,25.9165,3.05039,1972,93334,0.892256,0,2,1593692,1591720,1972
53795281,25.677,2.66909,1996,92871,0.88103,0,2,1593716,1591720,1996
53795281,25.4674,2.33546,2020,90948,0.868927,0,2,1593740,1591720,2020
53795281,25.2839,2.04353,2044,87565,0.857035,0,2,1593764,1591720,2044
53795281,25.1234,1.78808,2068,87102,0.844331,0,2,1593788,1591720,2068
53795281,24.983,1.56457,2092,81760,0.829898,0,2,1593812,1591720,2092
53795281,24.8601,1.369,2116,78840,0.817908,0,2,1593836,1591720,2116
53795281,24.7526,1.19788,2140,78840,0.808117,0,2,1593860,1591720,2140
53795281,24.6585,1.04814,2164,78840,0.797306,0,2,1593884,1591720,2164
53795281,24.5762,0.917125,2188,78840,0.788575,0,2,1593908,1591720,2188
53795281,24.5042,0.802484,2212,78840,0.781718,0,2,1593932,1591720,2212
53795281,24.4412,0.702173,2236,78840,0.773546,0,2,1593956,1591720,2236
53795281,24.386,0.614402,2260,77380,0.767191,0,2,1593980,1591720,2260
53795281,24.3378,0.537602,2284,77380,0.762472,0,2,1594004,1591720,2284
53795281,24.2956,0.470401,2308,73000,0.759225,0,2,1594028,1591720,2308
53795281,24.2586,0.411601,2332,70080,0.755302,0,2,1594052,1591720,2332
53795281,24.2263,0.360151,2356,70080,0.752772,0,2,1594076,1591720,2356
53795281,24.198,0.315132,2380,70080,0.748495,0,2,1594100,1591720,2380
53795281,24.1732,0.275741,2404,70080,0.745645,0,2,1594124,1591720,2404
53795281,24.1516,0.241273,2428,70080,0.741081,0,2,1594148,1591720,2428
53795281,24.1326,0.211114,2452,70080,0.735973,0,2,1594172,1591720,2452
53795281,24.1161,0.184725,2476,70080,0.732376,0,2,1594196,1591720,2476
53795281,24.1016,0.161634,2500,70080,0.730138,0,2,1594220,1591720,2500
53795281,24.0889,0.14143,2524,70080,0.729124,0,2,1594244,1591720,2524
53795281,24.0778,0.123751,2548,68620,0.729212,0,2,1594268,1591720,2548
53795281,24.068,0.108282,2572,68620,0.723291,0,2,1594292,1591720,2572
53795281,24.0595,0.0947469,2596,68020,0.718962,0,2,1594316,1591720,2596
53795281,24.0521,0.0829036,2620,68020,0.716065,0,2,1594340,1591720,2620
53795281,24.0456,0.0725406,2644,68020,0.714459,0,2,1594364,1591720,2644
53795281,24.0399,0.063473,2668,68020,0.714013,0,2,1594388,1591720,2668
53795281,24.0349,0.0555389,2692,68020,0.714612,0,2,1594412,1591720,2692
53795281,24.0305,0.0485966,2716,68020,0.715151,0,2,1594436,1591720,2716
53795281,24.0267,0.042522,2740,68020,0.715635,0,2,1594460,1591720,2740
53795281,24.0234,0.0372067,2764,68020,0.716072,0,2,1594484,1591720,2764
53795281,24.0205,0.0325559,2788,68020,0.716465,0,2,1594508,1591720,2788
53795281,24.0179,0.0284864,2812,68020,0.716818,0,2,1594532,1591720,2812
53795281,24.0157,0.0249256,2836,68020,0.717136,0,2,1594556,1591720,2836
53795281,24.0137,0.0218099,2860,68020,0.717423,0,2,1594580,1591720,2860
53795281,24.012,0.0190837,2884,68020,0.717681,0,2,1594604,1591720,2884
53804041,24.0105,198.392,1321,68020,0.717912,0.94,2,1594628,1593307,1321
53804041,24.0092,173.593,1345,81760,0.729121,0,2,1594652,1593307,1345
53804041,24.008,151.894,1369,80560,0.745209,0,2,1594676,1593307,1369
53806961,24.007,148.032,1272,80560,0.759688,0.92,2,1594700,1593428,1272
53811341,24.0061,135.528,1248,81760,0.773719,0.9,2,1594724,1593476,1248
53814261,24.0054,121.587,1248,81760,0.786347,0.88,2,1594748,1593500,1248
53818641,24.0047,112.389,1224,81760,0.797713,0.86,2,1594772,1593548,1224
53823021,24.0041,101.34,1224,81760,0.807941,0.84,2,1594796,1593572,1224
53824481,24.0036,94.6725,1200,81760,0.817147,0.82,2,1594820,1593620,1200
53827401,24.0032,85.8384,1200,81760,0.824433,0.8,2,1594844,1593644,1200
53830321,24.0028,81.1086,1176,81760,0.828989,0.78,2,1594868,1593692,1176
53831781,24.0024,73.9701,1176,81760,0.83109,0.75,2,1594892,1593716,1176
53836161,24.0021,70.7238,1152,81760,0.830981,0.7,2,1594916,1593764,1152
53839081,24.0018,67.8833,1128,81760,0.828883,0.71,2,1594940,1593812,1128
53840541,24.0016,62.3979,1128,81760,0.824995,0.72,2,1594964,1593836,1128
53844921,24.0014,57.5982,1128,81760,0.819495,0.7,2,1594988,1593860,1128
53846381,24.0012,53.3984,1128,81760,0.812546,0.71,2,1595012,1593884,1128
53849301,24.0011,49.7236,1128,81760,0.804291,0.72,2,1595036,1593908,1128
53850761,24.0009,46.5082,1128,81760,0.794862,0.7,2,1595060,1593932,1128
53860981,24.0008,43.6946,1128,81760,0.784376,0.71,2,1595084,1593956,1128
53865361,24.0007,41.2328,1128,81760,0.772938,0.72,2,1595108,1593980,1128
53866821,24.0006,39.0787,1128,81760,0.760645,0.73,2,1595132,1594004,1128
53868281,24.0006,37.1939,1128,81760,0.74758,0.72,2,1595156,1594028,1128
53871201,24.0005,35.5446,1128,81760,0.734822,0.73,2,1595180,1594052,1128
53872661,24.0004,34.1016,1128,81760,0.72134,0.71,2,1595204,1594076,1128
53887261,23.8754,32.8389,1127,81760,0.707206,0.72,2,1595227,1594100,1127
53926081,25.7011,31.6457,1141,83220,0.592749,0.89,1,1595409,1594268,1141
53926081,25.4884,27.69,1165,83220,0.573474,0,1,1595433,1594268,1165
53926081,25.3024,24.2287,1189,83220,0.554127,0,1,1595457,1594268,1189
53926081,25.1396,21.2001,1213,83220,0.534714,0,1,1595481,1594268,1213
53926081,24.9971,18.5501,1237,83220,0.515242,0,1,1595505,1594268,1237
53926081,24.8725,16.2314,1261,83220,0.495718,0,1,1595529,1594268,1261
53926081,24.7634,14.2024,1285,83220,0.476146,0,1,1595553,1594268,1285
53926081,24.668,12.4271,1309,83220,0.456532,0,1,1595577,1594268,1309
53926081,24.5845,10.8737,1333,83220,0.436879,0,1,1595601,1594268,1333
53926081,24.5114,9.51452,1357,83220,0.417191,0,1,1595625,1594268,1357
53926081,24.4475,8.32521,1381,83220,0.397472,0,1,1595649,1594268,1381
53926081,24.3916,7.28456,1405,83220,0.378724,0,1,1595673,1594268,1405
53926081,24.3426,6.37399,1429,83220,0.359852,0,1,1595697,1594268,1429
53926081,24.2998,5.57724,1453,83220,0.340867,0,1,1595721,1594268,1453
53926081,24.2623,4.88008,1477,83220,0.32178,0,1,1595745,1594268,1477
53926081,24.2295,4.27007,1501,83220,0.302602,0,1,1595769,1594268,1501
53926081,24.2008,3.73631,1525,83220,0.283342,0,1,1595793,1594268,1525
53926081,24.1757,3.26927,1549,83220,0.265008,0,1,1595817,1594268,1549
53926081,24.1538,2.86062,1573,83220,0.246507,0,1,1595841,1594268,1573
53926081,24.1345,2.50304,1597,83220,0.227856,0,1,1595865,1594268,1597
53926081,22.8677,2.19016,1611,83220,0.209071,0,1,1595879,1594268,1611
53929001,26.0093,49.9164,1275,83220,0.188164,0.9,1,1595927,1594652,1275
53931921,28.7581,43.6768,1323,84680,0.169347,0.9,1,1595975,1594652,1323
53934401,30.2883,41.2172,1340,86140,0.252412,0,1,1596016,1594676,1340
53934401,29.5023,36.0651,1364,87600,0.327171,0,1,1596040,1594676,1364
53934401,28.8145,31.5569,1388,87600,0.394454,0,1,1596064,1594676,1388
53934401,28.2127,27.6123,1412,87600,0.455009,0,1,1596088,1594676,1412
53934401,27.6861,24.1608,1436,87600,0.509508,0,1,1596112,1594676,1436
53934401,27.2253,21.1407,1460,87600,0.558557,0,1,1596136,1594676,1460
53943161,39.5427,138.816,366,90520,0.707039,0,2,1596363,1595997,366
53946081,40.5999,121.464,414,91980,0.736335,0,2,1596411,1595997,414
53949001,41.5249,106.281,462,93440,0.762702,0,2,1596459,1595997,462
53951921,42.3343,92.9959,510,94900,0.786432,0,2,1596507,1595997,510
53954841,43.0425,81.3715,558,94900,0.807788,0,2,1596555,1595997,558
53957761,43.6622,71.2,606,96360,0.82701,0,2,1596603,1595997,606
53960681,44.2044,62.3,654,96360,0.844309,0,2,1596651,1595997,654
53963601,44.6789,54.5125,702,96360,0.859878,0,2,1596699,1595997,702
53966521,45.094,47.6985,750,97820,0.87389,0,2,1596747,1595997,750
53969441,45.4573,41.7361,798,97820,0.886501,0,2,1596795,1595997,798
53972361,45.7751,36.5191,846,97820,0.897851,0,2,1596843,1595997,846
53975281,46.0532,31.9542,894,99280,0.908066,0,2,1596891,1595997,894
53978201,46.2966,27.96,942,99280,0.917259,0,2,1596939,1595997,942
53981121,46.5095,24.465,990,99280,0.925533,0,2,1596987,1595997,990
53984041,46.6958,21.4068,1038,100740,0.93298,0,2,1597035,1595997,1038
53986961,46.8588,18.731,1086,100740,0.939682,0,2,1597083,1595997,1086
53989881,47.0015,16.3896,1134,100740,0.944714,0,2,1597131,1595997,1134
53992801,47.1263,14.3409,1182,102200,0.946242,0,2,1597179,1595997,1182
53995721,47.2355,12.5483,1230,102200,0.934618,0,2,1597227,1595997,1230
53998641,47.3311,10.9798,1278,102200,0.922156,0,2,1597275,1595997,1278
54001561,47.4147,9.60729,1326,103660,0.908941,0,2,1597323,1595997,1326
54004481,47.4878,8.40638,1374,103660,0.895047,0,2,1597371,1595997,1374
54007401,47.5519,7.35558,1422,103660,0.880542,0,2,1597419,1595997,1422
54010321,47.6079,6.43613,1470,103660,0.864488,0,2,1597467,1595997,1470
54013241,47.6569,5.63162,1518,105120,0.846039,0,2,1597515,1595997,1518
54016161,47.6998,4.92767,1566,105120,0.821435,1,2,1597563,1595997,1566
54019081,47.7373,6.68671,1595,105120,0.791292,1,2,1597611,1596016,1595
54022001,47.7701,5.85087,1643,105120,0.760162,0.97,2,1597659,1596016,1643
54024921,47.7989,36.4945,1440,105120,0.725146,0.97,2,1597707,1596267,1440
54032221,44.8821,31.2362,1512,106580,0.578861,0,1,1597875,1596363,1512
54032221,42.2718,27.3316,1536,106580,0.544975,0,1,1597899,1596363,1536
54032221,39.9879,23.9152,1560,51720,0.512478,0.24,1,1597923,1596363,1560
54032221,38.1144,20.9258,1585,51720,0.48223,0,1,1597948,1596363,1585
54032221,36.3501,18.3101,1609,51720,0.456007,0,1,1597972,1596363,1609
54032221,34.8063,16.0213,1633,51720,0.431406,0,1,1597996,1596363,1633
54032221,33.4555,14.0186,1657,50260,0.410266,0,1,1598020,1596363,1657
54032221,32.2736,12.2663,1681,50260,0.389239,0,1,1598044,1596363,1681
54032221,31.2394,10.733,1705,48800,0.369315,0,1,1598068,1596363,1705
54032221,30.3345,9.3914,1729,48800,0.352384,0,1,1598092,1596363,1729
54032221,29.5427,8.21747,1753,47340,0.336145,0,1,1598116,1596363,1753
54032221,28.8498,7.19029,1777,45880,0.322531,0,1,1598140,1596363,1777
54032221,28.2436,6.2915,1801,45880,0.311278,0,1,1598164,1596363,1801
54032221,27.7131,5.50506,1825,44420,0.30115,0,1,1598188,1596363,1825
54032221,27.249,4.81693,1849,44420,0.292035,0,1,1598212,1596363,1849
54032221,26.8429,4.21481,1873,41500,0.283831,0,1,1598236,1596363,1873
54032221,26.4875,3.68796,1897,40040,0.276448,0,1,1598260,1596363,1897
54032221,26.1766,3.22697,1921,40040,0.269803,0,1,1598284,1596363,1921
54032221,25.9045,2.8236,1945,37120,0.263823,0,1,1598308,1596363,1945
54032221,25.6664,2.47065,1969,37120,0.258441,0,1,1598332,1596363,1969
54032221,25.4581,2.16182,1993,35660,0.253597,0,1,1598356,1596363,1993
54032221,23.5259,1.89159,2003,32740,0.249237,0,1,1598366,1596363,2003
54039521,23.5851,193.655,491,32740,0.243313,0.22,1,1598390,1597899,491
54043901,23.637,172.448,491,34200,0.235982,0.22,1,1598414,1597923,491
54043901,23.6824,150.892,515,32740,0.227384,0,1,1598438,1597923,515
54048281,23.7221,138.156,490,32740,0.217645,0.22,1,1598462,1597972,490
54048281,23.7568,120.886,514,31280,0.206881,0,1,1598486,1597972,514
54051201,23.7872,111.775,490,31280,0.195193,0.2,1,1598510,1598020,490
54055581,23.8138,100.804,490,31280,0.182674,0.2,1,1598534,1598044,490
54055581,23.8371,88.2031,514,29820,0.169406,0,1,1598558,1598044,514
54059961,23.8574,83.1777,490,29820,0.155466,0.2,1,1598582,1598092,490
54059961,23.8753,72.7805,514,28360,0.140919,0,1,1598606,1598092,514
54061421,23.8909,69.6829,490,28360,0.126827,0.21,1,1598630,1598140,490
54064341,23.9045,63.9726,490,28360,0.114144,0.21,1,1598654,1598164,490
54068721,23.9164,58.976,490,28360,0.10273,0.21,1,1598678,1598188,490
54070181,23.9269,54.604,490,28360,0.092457,0.21,1,1598702,1598212,490
54074561,23.936,50.7785,490,28360,0.0832113,0.21,1,1598726,1598236,490
54077481,23.944,47.4312,490,28360,0.0748901,0.21,1,1598750,1598260,490
54078941,23.951,44.5023,490,28360,0.0674011,0.21,1,1598774,1598284,490
54083321,23.8321,41.9395,489,28360,0.087661,0.21,1,1598797,1598308,489
54084781,23.8531,39.6971,489,29200,0.107895,0.21,1,1598821,1598332,489
54088321,23.8715,37.7349,489,26900,0.124105,0,1,1598845,1598356,489
54091241,48.2625,87.7681,270,74460,0.190695,0,1,1599064,1598794,270
54094161,48.2297,76.7971,318,75920,0.252625,0,1,1599112,1598794,318
54097081,48.201,67.1974,366,75920,0.308363,0,1,1599160,1598794,366
54100001,48.1759,58.7977,414,75920,0.358527,0,1,1599208,1598794,414
54102921,48.1539,51.448,462,75920,0.403674,0,1,1599256,1598794,462
54105841,48.1347,45.017,510,77380,0.446307,0,1,1599304,1598794,510
54108761,48.1178,39.3899,558,77380,0.484676,0.27,1,1599352,1598794,558
54111681,48.1031,34.8412,603,77380,0.519208,0.27,1,1599400,1598797,603
54114601,48.0902,36.486,603,78840,0.552287,0.27,1,1599448,1598845,603
54117521,48.0789,31.9253,651,78840,0.582059,0.27,1,1599496,1598845,651
54135041,48.0354,14.3279,939,80300,0.713025,0.27,2,1599784,1598845,939
54137961,48.031,12.5369,987,80300,0.728723,0.27,2,1599832,1598845,987
54140881,48.0271,10.9698,1035,81760,0.74485,0.27,2,1599880,1598845,1035
54143801,48.0237,9.59858,1083,81760,0.759365,0.27,2,1599928,1598845,1083
54146721,48.0208,8.39876,1131,81760,0.772429,0.27,2,1599976,1598845,1131
54149641,48.0182,7.34891,1179,81760,0.784186,0.27,2,1600024,1598845,1179
54152561,48.0159,6.4303,1227,81760,0.794767,0.27,2,1600072,1598845,1227
54155481,48.0139,5.62651,1275,83220,0.806291,0.27,2,1600120,1598845,1275
54158401,48.0122,4.9232,1323,83220,0.813662,0.27,2,1600168,1598845,1323
54161321,48.0107,4.3078,1371,83220,0.816295,0.27,2,1600216,1598845,1371
54164241,48.0093,3.76932,1419,83220,0.814666,0.79,2,1600264,1598845,1419
54167161,48.0082,30.6732,1248,83220,0.809199,0.81,2,1600312,1599064,1248
54170081,48.0071,32.839,1248,84680,0.800279,0.81,2,1600360,1599112,1248
54173001,48.0062,34.7341,1248,84680,0.788251,0.81,2,1600408,1599160,1248
54175921,48.0055,36.3924,1248,84680,0.773426,0.81,2,1600456,1599208,1248
54178841,48.0048,37.8433,1248,84680,0.756084,0.81,2,1600504,1599256,1248
54181761,48.0042,33.1129,1296,84680,0.736475,0.83,2,1600552,1599256,1296
54184681,48.0037,34.9738,1296,84680,0.714828,0.83,2,1600600,1599304,1296
54199281,48.0019,41.3187,1296,86140,0.582467,0.85,1,1600840,1599544,1296
54202201,48.0016,42.1539,1296,86140,0.552221,0.85,1,1600888,1599592,1296
54205121,48.0014,42.8847,1296,86140,0.520999,0.85,1,1600936,1599640,1296
54208041,48.0013,37.5241,1344,86140,0.488899,0.87,1,1600984,1599640,1344
54210961,48.0011,38.8336,1344,86140,0.456009,0.87,1,1601032,1599688,1344
54213881,48.001,39.9794,1344,86140,0.422408,0.87,1,1601080,1599736,1344
54216801,48.0008,40.982,1344,86140,0.388167,0.87,1,1601128,1599784,1344
54219721,48.0007,41.8592,1344,87600,0.35335,0.89,1,1601176,1599832,1344
54222641,48.0006,42.6268,1344,87600,0.318015,0.89,1,1601224,1599880,1344
54225561,48.0006,43.2985,1344,87600,0.286214,0.89,1,1601272,1599928,1344
54228481,48.0005,43.8861,1344,87600,0.257592,0.89,1,1601320,1599976,1344
54231401,48.0004,44.4004,1344,87600,0.231833,0.89,1,1601368,1600024,1344
54234321,48.0004,44.8503,1344,87600,0.20865,0.89,1,1601416,1600072,1344
54236001,45.5003,39.244,1372,87600,0.187785,0,1,1601444,1600072,1372
54238921,855.313,987.589,270,87600,0.266006,0,1,1607968,1607698,270
54241841,754.399,864.14,318,89060,0.338406,0,1,1608016,1607698,318
54244761,666.099,756.122,366,90520,0.404565,0,1,1608064,1607698,366
54247681,588.836,661.607,414,91980,0.464109,0,1,1608112,1607698,414
54250601,521.232,578.906,462,93440,0.517698,0,1,1608160,1607698,462
54253521,462.078,506.543,510,94900,0.565928,0,1,1608208,1607698,510
54265201,290.725,296.926,702,100740,0.715205,0,2,1608400,1607698,702
54268121,260.384,259.81,750,102200,0.743685,0,2,1608448,1607698,750
54271041,233.836,227.334,798,103660,0.769316,0,2,1608496,1607698,798
54273961,210.607,198.917,846,105120,0.792385,0,2,1608544,1607698,846
54276881,190.281,174.053,894,106580,0.813146,0,2,1608592,1607698,894
54279801,172.496,152.296,942,108040,0.831832,0,2,1608640,1607698,942
54282721,156.934,133.259,990,109500,0.848648,0,2,1608688,1607698,990
54285641,143.317,116.602,1038,110960,0.863784,0,2,1608736,1607698,1038
54288561,131.402,102.026,1086,112420,0.877405,0,2,1608784,1607698,1086
54291481,120.977,89.2732,1134,113880,0.889665,0,2,1608832,1607698,1134
54294401,111.855,78.114,1182,115340,0.900698,0,2,1608880,1607698,1182
54297321,103.873,68.3498,1230,116800,0.910628,0,2,1608928,1607698,1230
54300241,96.889,59.8061,1278,118260,0.919566,0,2,1608976,1607698,1278
54303161,90.7779,52.3303,1326,119720,0.927609,0,2,1609024,1607698,1326
54306081,85.4306,45.789,1374,121180,0.934848,0,2,1609072,1607698,1374
54309001,80.7518,40.0654,1422,122640,0.941363,0,2,1609120,1607698,1422
54311921,76.6578,35.0572,1470,124100,0.947227,0,2,1609168,1607698,1470
54333821,53.6162,40.1676,1512,135780,0.944302,0,2,1609576,1608064,1512
54333821,49.9142,35.1467,1536,135780,0.932872,0,2,1609600,1608064,1536
54333821,46.7999,30.7533,1561,126600,0.920585,0.83,2,1609625,1608064,1561
54333821,43.9499,26.9092,1585,125796,0.905526,0,2,1609649,1608064,1585
54333821,41.4562,23.5455,1609,125394,0.889974,0,2,1609673,1608064,1609
54333821,39.2742,20.6023,1633,123532,0.874976,0,2,1609697,1608064,1633
54333821,37.3649,18.027,1657,121670,0.862479,0,2,1609721,1608064,1657
54333821,35.6943,15.7737,1681,119807,0.852231,0,2,1609745,1608064,1681
54333821,34.2325,13.8019,1705,117945,0.844008,0,2,1609769,1608064,1705
54333821,32.9534,12.0767,1729,116083,0.835607,0,2,1609793,1608064,1729
54333821,31.8342,10.5671,1753,112761,0.829046,0,2,1609817,1608064,1753
54333821,30.855,9.24623,1777,110899,0.824142,0,2,1609841,1608064,1777
54333821,29.9981,8.09045,1801,107577,0.818727,0,2,1609865,1608064,1801
54333821,29.2483,7.07914,1825,105714,0.814855,0,2,1609889,1608064,1825
54333821,28.5923,6.19425,1849,102392,0.791369,0,2,1609913,1608064,1849
54333821,28.0183,5.41997,1873,99070,0.771232,0,2,1609937,1608064,1873
54333821,27.516,4.74247,1897,94900,0.750109,0,2,1609961,1608064,1897
54333821,27.0765,4.14966,1921,91560,0.732098,0,2,1609985,1608064,1921
54333821,26.6919,3.63096,1945,91560,0.716888,0,2,1610009,1608064,1945
54333821,26.3554,3.17709,1969,91560,0.7042,0,2,1610033,1608064,1969
54333821,19.3152,0.251294,2366,56060,0.598689,0,1,1610430,1608064,2366
54333821,19.9008,0.219882,2390,55860,0.59582,0,1,1610454,1608064,2390
54333821,17.9132,0.192397,2394,55860,0.593238,0,1,1610458,1608064,2394
54333821,18.674,0.168347,2418,55860,0.588915,0,1,1610482,1608064,2418
54333821,19.3398,0.147304,2442,55660,0.585023,0,1,1610506,1608064,2442
54333821,17.4223,0.128891,2446,55660,0.583521,0,1,1610510,1608064,2446
54333821,18.2445,0.11278,2470,55660,0.580169,0,1,1610534,1608064,2470
54333821,17.214,0.0986821,2480,55460,0.579152,0,1,1610544,1608064,2480
54333821,18.0622,0.0863468,2504,55460,0.576237,0,1,1610568,1608064,2504
54333821,18.8044,0.0755535,2528,54840,0.573613,0,1,1610592,1608064,2528
54333821,16.9539,0.0661093,2532,54840,0.573252,0,1,1610596,1608064,2532
54333821,17.8346,0.0578456,2556,54840,0.570926,0,1,1610620,1608064,2556
54333821,16.8553,0.0506149,2566,54640,0.568834,0,1,1610630,1608064,2566
54339661,17.7484,192.044,1054,54640,0.56495,0.77,1,1610654,1609600,1054
54342581,18.5299,174.164,1029,65280,0.575455,0.74,1,1610678,1609649,1029
54345501,19.2136,158.393,1005,65700,0.58691,0.75,1,1610702,1609697,1005
54348421,19.8119,141.594,1005,65280,0.595219,0.76,1,1610726,1609721,1005
54467721,26.8987,13.8659,1059,96360,0.710585,0.67,2,1611733,1610674,1059
54470641,29.5364,12.6326,1103,97820,0.739527,0.67,2,1611781,1610678,1103
54473561,31.8443,17.0536,1103,99280,0.765574,0.67,2,1611829,1610726,1103
54476481,33.8638,20.9219,1103,100740,0.789017,0.67,2,1611877,1610774,1103
54479401,35.6308,24.3066,1103,100740,0.810115,0.67,2,1611925,1610822,1103
54482321,37.177,27.2683,1103,100740,0.829104,0.67,2,1611973,1610870,1103
54485241,38.5298,29.8598,1103,102200,0.846193,0.67,2,1612021,1610918,1103
54488161,39.7136,32.1273,1103,102200,0.861574,0.67,2,1612069,1610966,1103
54491081,40.7494,34.1114,1103,102200,0.875417,0.67,2,1612117,1611014,1103
54494001,41.6557,35.8475,1103,103660,0.887875,0.67,2,1612165,1611062,1103
54496921,42.4488,37.3665,1103,103660,0.899087,0.67,2,1612213,1611110,1103
54499841,43.1427,38.6957,1103,103660,0.909179,0.67,2,1612261,1611158,1103
54502761,43.7498,39.8587,1103,105120,0.918261,0.67,2,1612309,1611206,1103
54505681,44.2811,40.8764,1103,105120,0.926435,0.67,2,1612357,1611254,1103
54508601,44.746,41.7669,1103,105120,0.933791,0.67,2,1612405,1611302,1103
54511521,45.1527,42.546,1103,106580,0.940412,0.67,2,1612453,1611350,1103
54514441,45.5086,43.2277,1103,106580,0.946371,0.67,2,1612501,1611398,1103
54546561,47.4265,23.2727,1344,112420,0.946941,0.69,2,1613029,1611685,1344
54549481,47.4982,20.3636,1392,112420,0.938247,0.69,2,1613077,1611685,1392
54552401,47.5609,17.8181,1440,112420,0.929422,0.69,2,1613125,1611685,1440
54555321,47.6158,15.5909,1488,113880,0.92348,0.69,2,1613173,1611685,1488
54558241,47.6638,13.642,1536,113880,0.918132,0.69,2,1613221,1611685,1536
54559701,47.7059,11.9368,1584,113880,0.910319,0.69,2,1613269,1611685,1584
54559701,44.7426,10.4447,1608,113880,0.906287,0,2,1613293,1611685,1608
54559701,42.1498,9.13908,1632,113880,0.901658,0,2,1613317,1611685,1632
54559701,39.8811,7.99669,1656,112420,0.898492,0.86,2,1613341,1611685,1656
54559701,37.8959,6.99711,1680,111471,0.891643,0,2,1613365,1611685,1680
54559701,36.2839,6.12247,1705,110997,0.884479,0,2,1613390,1611685,1705
54559701,34.7485,5.35716,1729,110522,0.877031,0,2,1613414,1611685,1729
54559701,33.4049,4.68751,1753,110048,0.869328,0,2,1613438,1611685,1753
54559701,32.2293,4.10158,1777,108113,0.863395,0,2,1613462,1611685,1777
54559701,31.2006,3.58888,1801,107639,0.854055,0,2,1613486,1611685,1801
54559701,30.3005,3.14027,1825,105704,0.84465,0,2,1613510,1611685,1825
54559701,29.513,2.74773,1849,105230,0.837185,0,2,1613534,1611685,1849
54559701,28.8239,2.40427,1873,103295,0.827466,0,2,1613558,1611685,1873
54559701,28.2209,2.10373,1897,101361,0.81972,0,2,1613582,1611685,1897
54559701,27.6933,1.84077,1921,100886,0.810748,0,2,1613606,1611685,1921
54559701,27.2316,1.61067,1945,98952,0.799673,0,2,1613630,1611685,1945
54559701,26.8277,1.40934,1969,98477,0.790706,0,2,1613654,1611685,1969
54559701,26.4742,1.23317,1993,95083,0.781635,0,2,1613678,1611685,1993
54559701,26.1649,1.07902,2017,93148,0.772472,0,2,1613702,1611685,2017
54559701,25.8943,0.944146,2041,92674,0.762224,0,2,1613726,1611685,2041
54559701,25.6575,0.826128,2065,89279,0.752002,0,2,1613750,1611685,2065
54559701,25.4503,0.722862,2089,88805,0.741802,0,2,1613774,1611685,2089
54559701,25.269,0.632504,2113,86870,0.733622,0,2,1613798,1611685,2113
54559701,25.1104,0.553441,2137,83476,0.727259,0,2,1613822,1611685,2137
54559701,24.9716,0.484261,2161,83001,0.720534,0,2,1613846,1611685,2161
54559701,24.8502,0.423728,2185,78840,0.71548,0,2,1613870,1611685,2185
54559701,24.7439,0.370762,2209,78840,0.710932,0,2,1613894,1611685,2209
54559701,24.6509,0.324417,2233,75920,0.706839,0,2,1613918,1611685,2233
54559701,24.5695,0.283865,2257,73000,0.703155,0,2,1613942,1611685,2257
54577221,24.0104,138.821,1176,77380,0.704312,0.74,2,1614662,1613486,1176
54577221,24.0091,121.468,1200,77380,0.706881,0,2,1614686,1613486,1200
54580141,24.0079,115.285,1152,68840,0.707193,0.75,2,1614710,1613558,1152
54584521,24.0069,103.874,1152,77380,0.705474,0.7,2,1614734,1613582,1152
54588901,24.0061,96.8897,1128,77380,0.701926,0.71,2,1614758,1613630,1128
54618101,24.0016,47.3113,1056,77380,0.59837,0.67,1,1614998,1613942,1056
54619561,24.0014,44.3974,1056,77380,0.583533,0.67,1,1615022,1613966,1056
54622481,24.0012,41.8477,1056,77380,0.56818,0.67,1,1615046,1613990,1056
54623941,24.0011,39.6167,1056,77380,0.552362,0.67,1,1615070,1614014,1056
54628321,24.0009,37.6646,1056,77380,0.536125,0.67,1,1615094,1614038,1056
54629781,24.0008,35.9566,1056,77380,0.519513,0.67,1,1615118,1614062,1056
54634161,24.0007,34.462,1056,77380,0.502562,0.67,1,1615142,1614086,1056
54635621,24.0006,33.1542,1056,77380,0.485305,0.67,1,1615166,1614110,1056
54638541,23.8755,32.01,1055,77380,0.468775,0.67,1,1615189,1614134,1055
54640001,23.8911,31.0087,1055,77380,0.451897,0.67,1,1615213,1614158,1055
54680881,23.9047,30.1326,1055,77380,0.434708,0.66,1,1615237,1614182,1055
54683801,26.9166,29.366,1079,80300,0.415237,0.66,1,1615285,1614206,1079
54686721,29.552,31.6953,1079,81760,0.393713,0.66,1,1615333,1614254,1079
54689641,31.858,33.7334,1079,81760,0.370342,0.66,1,1615381,1614302,1079
54690481,32.6258,35.5167,1069,83220,0.345308,0,1,1615419,1614350,1069
54690481,31.5476,31.0771,1093,83220,0.320777,0,1,1615443,1614350,1093
54690481,30.6041,27.1925,1117,83220,0.296699,0,1,1615467,1614350,1117
54690481,29.7786,23.7934,1141,83220,0.273029,0,1,1615491,1614350,1141
54690481,29.0563,20.8192,1165,83220,0.249726,0,1,1615515,1614350,1165
54690481,28.4242,18.2168,1189,83220,0.226754,0,1,1615539,1614350,1189
54690481,27.8712,15.9397,1213,83220,0.204078,0,1,1615563,1614350,1213
54690481,27.3873,13.9473,1237,83220,0.183671,0,1,1615587,1614350,1237
54690481,26.9639,12.2039,1261,83220,0.165303,0,1,1615611,1614350,1261
54690481,26.5934,10.6784,1285,83220,0.148773,0,1,1615635,1614350,1285
54690481,26.2692,9.34358,1309,83220,0.133896,0,1,1615659,1614350,1309
54690481,25.9856,8.17563,1333,83220,0.120506,0,1,1615683,1614350,1333
54690481,25.7374,7.15368,1357,83220,0.108456,0,1,1615707,1614350,1357
54690481,25.5202,6.25947,1381,83220,0.0976101,0,1,1615731,1614350,1381
54690481,25.3302,5.47703,1405,83220,0.0878491,0,1,1615755,1614350,1405
54690481,25.1639,4.7924,1429,83220,0.0790641,0,1,1615779,1614350,1429
54690481,23.7684,4.19335,1443,83220,0.0711577,0,1,1615793,1614350,1443
54693401,547.797,677.294,270,83220,0.155042,0,1,1620009,1619739,270
54696321,485.323,592.632,318,84680,0.232538,0,1,1620057,1619739,318
54699241,430.657,518.553,366,84680,0.302284,0,1,1620105,1619739,366
54702161,382.825,453.734,414,86140,0.367056,0,1,1620153,1619739,414
54705081,340.972,397.017,462,86140,0.42535,0,1,1620201,1619739,462
54708001,304.351,347.39,510,86140,0.477815,0,1,1620249,1619739,510
54710921,272.307,303.966,558,87600,0.527034,0,1,1620297,1619739,558
54713841,244.268,265.971,606,87600,0.57133,0,1,1620345,1619739,606
54725521,163.049,155.907,798,90520,0.717211,0,2,1620537,1619739,798
54728441,148.668,136.419,846,90520,0.74549,0,2,1620585,1619739,846
54731361,136.084,119.366,894,91980,0.770941,0,2,1620633,1619739,894
54734281,125.074,104.446,942,91980,0.793847,0,2,1620681,1619739,942
54737201,115.44,91.3899,990,93440,0.814462,0,2,1620729,1619739,990
54740121,107.01,79.9662,1038,93440,0.833016,0,2,1620777,1619739,1038
54743041,99.6334,69.9704,1086,93440,0.849714,0,2,1620825,1619739,1086
54745961,93.1792,61.2241,1134,94900,0.864743,0,2,1620873,1619739,1134
54748881,87.5318,53.5711,1182,94900,0.878268,0,2,1620921,1619739,1182
54751801,82.5904,46.8747,1230,96360,0.887442,0,2,1620969,1619739,1230
54754721,78.2666,41.0154,1278,96360,0.897697,0,2,1621017,1619739,1278
54757641,74.4832,35.8884,1326,96360,0.907928,0,2,1621065,1619739,1326
54760561,71.1728,31.4024,1374,97820,0.917135,0,2,1621113,1619739,1374
54763481,68.2762,27.4771,1422,97820,0.925421,0,2,1621161,1619739,1422
54766401,65.7417,24.0424,1470,99280,0.932879,0,2,1621209,1619739,1470
54769321,63.524,21.0371,1518,99280,0.939591,0,2,1621257,1619739,1518
54772241,61.5835,18.4075,1566,99280,0.945632,0,2,1621305,1619739,1566
54814581,28.0166,6.61204,1825,96585,0.943559,0,2,1622362,1620537,1825
54814581,27.5145,5.78553,1849,96117,0.933203,0,2,1622386,1620537,1849
54814581,27.0752,5.06234,1873,95649,0.924883,0,2,1622410,1620537,1873
54814581,26.6908,4.42955,1897,95181,0.915394,0,2,1622434,1620537,1897
54814581,26.3544,3.87586,1921,94713,0.903855,0,2,1622458,1620537,1921
54814581,26.0601,3.39137,1945,94245,0.894469,0,2,1622482,1620537,1945
54814581,25.8026,2.96745,1969,93777,0.884023,0,2,1622506,1620537,1969
54814581,25.5773,2.59652,1993,93309,0.87162,0,2,1622530,1620537,1993
54814581,25.3801,2.27196,2017,92842,0.861458,0,2,1622554,1620537,2017
54814581,25.2076,1.98796,2041,92374,0.850312,0,2,1622578,1620537,2041
54814581,25.0567,1.73947,2065,91906,0.837281,0,2,1622602,1620537,2065
54814581,24.9246,1.52203,2089,89978,0.826553,0,2,1622626,1620537,2089
54814581,24.809,1.33178,2113,89510,0.817898,0,2,1622650,1620537,2113
54814581,24.7079,1.16531,2137,87582,0.809108,0,2,1622674,1620537,2137
54814581,24.6194,1.01964,2161,85654,0.802197,0,2,1622698,1620537,2161
54814581,24.542,0.892188,2185,85186,0.793977,0,2,1622722,1620537,2185
54814581,24.4742,0.780664,2209,83258,0.78558,0,2,1622746,1620537,2209
54814581,24.4149,0.683081,2233,79870,0.777022,0,2,1622770,1620537,2233
54814581,24.3631,0.597696,2257,77380,0.76832,0,2,1622794,1620537,2257
54814581,24.3177,0.522984,2281,75920,0.758488,0,2,1622818,1620537,2281
54814581,24.278,0.457611,2305,74460,0.748639,0,2,1622842,1620537,2305
54814581,24.2432,0.40041,2329,73000,0.740775,0,2,1622866,1620537,2329
54814581,24.2128,0.350358,2353,70080,0.734698,0,2,1622890,1620537,2353
54814581,24.1862,0.306564,2377,70080,0.730228,0,2,1622914,1620537,2377
54814581,24.1629,0.268243,2401,70080,0.727205,0,2,1622938,1620537,2401
54814581,24.1426,0.234713,2425,68620,0.722484,0,2,1622962,1620537,2425
54814581,24.1248,0.205374,2449,68620,0.717236,0,2,1622986,1620537,2449
54814581,24.1092,0.179702,2473,68620,0.713512,0,2,1623010,1620537,2473
54814581,24.0955,0.157239,2497,68620,0.711161,0,2,1623034,1620537,2497
54814581,24.0836,0.137584,2521,68620,0.706045,0,2,1623058,1620537,2521
54814581,24.0731,0.120386,2545,67920,0.700441,0,2,1623082,1620537,2545
54826261,24.0086,159.139,1296,76680,0.70625,0.91,2,1623466,1622170,1296
54826261,24.0076,139.247,1320,77380,0.717625,0,2,1623490,1622170,1320
54830641,24.0066,130.841,1272,75220,0.727862,0.9,2,1623514,1622242,1272
54833561,24.0058,117.486,1272,77380,0.739076,0.88,2,1623538,1622266,1272
54837941,24.0051,108.8,1248,77380,0.749168,0.89,2,1623562,1622314,1248
54855461,24.0044,98.2001,1248,77380,0.758252,0.72,2,1623586,1622338,1248
54855461,24.0039,85.9251,1272,77380,0.766426,0,2,1623610,1622338,1272
54855461,24.0034,75.1844,1296,76680,0.773784,0,2,1623634,1622338,1296
54855461,24.003,65.7864,1320,76680,0.780405,0,2,1623658,1622338,1320
54855461,24.0026,57.5631,1344,76680,0.786365,0,2,1623682,1622338,1344
54855461,24.0023,50.3677,1368,76680,0.791728,0,2,1623706,1622338,1368
54855461,24.002,44.0717,1392,76680,0.796556,0,2,1623730,1622338,1392
54859841,24.0017,71.5628,1152,76680,0.8009,0.73,2,1623754,1622602,1152
54859841,24.0015,62.6174,1176,77380,0.80481,0,2,1623778,1622602,1176
54862761,24.0013,63.7903,1128,76680,0.808329,0.74,2,1623802,1622674,1128
54867141,24.0012,58.8165,1128,77380,0.811496,0.72,2,1623826,1622698,1128
54870061,24.001,54.4644,1128,77380,0.814346,0.69,2,1623850,1622722,1128
54871521,24.0009,56.6564,1080,77380,0.816912,0.67,2,1623874,1622794,1080
54875901,24.0008,52.5743,1080,77380,0.820221,0.66,2,1623898,1622818,1080
54878821,24.0007,49.0025,1080,77380,0.823199,0.67,2,1623922,1622842,1080
54881741,24.0006,45.8772,1080,77380,0.825879,0.68,2,1623946,1622866,1080
54884661,24.0005,43.1426,1080,77380,0.828291,0.69,2,1623970,1622890,1080
54886121,24.0005,40.7497,1080,77380,0.830462,0.7,2,1623994,1622914,1080
54891961,24.0004,38.656,1080,77380,0.832416,0.68,2,1624018,1622938,1080
54905101,24.0004,36.824,1080,77380,0.834174,0.66,2,1624042,1622962,1080
54905101,24.0003,32.221,1104,77380,0.835757,0,2,1624066,1622962,1104
54905101,24.0003,28.1934,1128,76680,0.837181,0,2,1624090,1622962,1128
54905101,22.6252,24.6692,1141,76680,0.838463,0,2,1624103,1622962,1141
54925541,22.6721,33.5856,1068,76680,0.837617,0.68,2,1624126,1623058,1068
54925541,22.8381,29.3874,1092,65700,0.846855,0,2,1624150,1623058,1092
54925541,22.9833,25.7139,1116,65700,0.853169,0,2,1624174,1623058,1116
54925541,23.1104,22.4997,1140,65700,0.856852,0,2,1624198,1623058,1140
54925541,23.2216,19.6872,1164,65700,0.858167,0,2,1624222,1623058,1164
54925541,23.3189,17.2263,1188,65700,0.857351,0,2,1624246,1623058,1188
54925541,23.404,15.073,1212,65700,0.854615,0,2,1624270,1623058,1212
54925541,23.4785,13.1889,1236,65700,0.850154,0,2,1624294,1623058,1236
54925541,23.5437,11.5403,1260,65700,0.844139,0,2,1624318,1623058,1260
54925541,23.6008,10.0978,1284,65700,0.836725,0,2,1624342,1623058,1284
54925541,23.6507,8.83554,1308,65700,0.828052,0,2,1624366,1623058,1308
54925541,23.6943,7.7311,1332,65700,0.818247,0,2,1624390,1623058,1332
54925541,23.7325,6.76471,1356,65700,0.807422,0,2,1624414,1623058,1356
54945281,23.766,44.9191,1068,65700,0.79568,0.82,2,1624438,1623370,1068
54945281,23.7952,39.3042,1092,78840,0.816112,0,2,1624462,1623370,1092
54945281,23.8208,34.3912,1116,78840,0.834501,0,2,1624486,1623370,1116
54945281,23.8432,30.0923,1140,78840,0.851051,0,2,1624510,1623370,1140
54945281,23.8628,26.3308,1164,78840,0.865946,0,2,1624534,1623370,1164
54945281,23.88,23.0394,1188,78840,0.878351,0,2,1624558,1623370,1188
54945281,23.895,20.1595,1212,78840,0.887516,0,2,1624582,1623370,1212
54945281,23.9081,17.6396,1236,78840,0.893764,0,2,1624606,1623370,1236
54945281,23.9196,15.4346,1260,78840,0.897388,0,2,1624630,1623370,1260
54945281,23.9296,13.5053,1284,78840,0.898649,0,2,1624654,1623370,1284
54945281,23.9384,11.8171,1308,78840,0.897784,0,2,1624678,1623370,1308
54948201,26.9461,22.34,1260,78840,0.893006,0.82,2,1624726,1623466,1260
54951121,29.5779,25.5475,1260,80300,0.890705,0.84,2,1624774,1623514,1260
54954041,31.8806,25.354,1284,81760,0.890635,0.84,2,1624822,1623538,1284
54956961,33.8956,28.1848,1284,81760,0.890571,0.84,2,1624870,1623586,1284
54959881,35.6586,30.6617,1284,83220,0.892514,0.84,2,1624918,1623634,1284
54962801,37.2013,32.829,1284,83220,0.894263,0.84,2,1624966,1623682,1284
54965721,38.5511,34.7254,1284,83220,0.895836,0.84,2,1625014,1623730,1284
54968641,39.7322,36.3847,1284,84680,0.899253,0.84,2,1625062,1623778,1284
54971561,40.7657,37.8366,1284,84680,0.902327,0.84,2,1625110,1623826,1284
54974481,41.67,39.107,1284,86140,0.907095,0.85,2,1625158,1623874,1284
54977401,42.4612,40.2186,1284,86140,0.911385,0.85,2,1625206,1623922,1284
54980321,43.1536,41.1913,1284,86140,0.915247,0.85,2,1625254,1623970,1284
54983241,43.7594,42.0424,1284,87600,0.920722,0.85,2,1625302,1624018,1284
54986161,44.2895,42.7871,1284,87600,0.92565,0.83,2,1625350,1624066,1284
54989081,44.7533,44.9387,1272,87600,0.930085,0.83,2,1625398,1624126,1272
54992001,45.1591,39.3214,1320,89060,0.936076,0.83,2,1625446,1624126,1320
54994921,45.5142,34.4062,1368,89060,0.941469,0.69,2,1625494,1624126,1368
54997841,45.825,69.1054,1104,90520,0.947322,0.69,2,1625542,1624438,1104
55089821,30.4015,11.1665,1729,97009,0.949642,0,2,1627319,1625590,1729
55089821,29.6013,9.7707,1753,95083,0.944678,0,2,1627343,1625590,1753
55089821,28.9012,8.54936,1777,94617,0.93621,0,2,1627367,1625590,1777
55089821,28.2885,7.48069,1801,94150,0.927589,0,2,1627391,1625590,1801
55089821,27.7525,6.54561,1825,93684,0.92083,0,2,1627415,1625590,1825
55089821,27.2834,5.7274,1849,93217,0.911747,0,2,1627439,1625590,1849
55089821,26.873,5.01148,1873,91291,0.904573,0,2,1627463,1625590,1873
55089821,26.5139,4.38504,1897,90825,0.897115,0,2,1627487,1625590,1897
55089821,26.1996,3.83691,1921,88898,0.889404,0,2,1627511,1625590,1921
55089821,25.9247,3.3573,1945,88432,0.880463,0,2,1627535,1625590,1945
55089821,25.6841,2.93764,1969,86505,0.871417,0,2,1627559,1625590,1969
55089821,25.4736,2.57043,1993,84579,0.862275,0,2,1627583,1625590,1993
55089821,25.2894,2.24913,2017,84113,0.853048,0,2,1627607,1625590,2017
55089821,25.1282,1.96799,2041,82186,0.845743,0,2,1627631,1625590,2041
55089821,24.9872,1.72199,2065,81720,0.836169,0,2,1627655,1625590,2065
55089821,24.8638,1.50674,2089,78334,0.828552,0,2,1627679,1625590,2089
55089821,24.7558,1.3184,2113,76407,0.819697,0,2,1627703,1625590,2113
55089821,24.6613,1.1536,2137,75941,0.810727,0,2,1627727,1625590,2137
55089821,24.5787,1.0094,2161,71540,0.801654,0,2,1627751,1625590,2161
55089821,24.5063,0.883223,2185,71540,0.794489,0,2,1627775,1625590,2185
55089821,24.443,0.772821,2209,71540,0.78904,0,2,1627799,1625590,2209
55089821,24.3877,0.676218,2233,71540,0.785136,0,2,1627823,1625590,2233
55089821,24.3392,0.591691,2257,71540,0.780622,0,2,1627847,1625590,2257
55089821,24.2968,0.517729,2281,71540,0.77756,0,2,1627871,1625590,2281
55089821,24.2597,0.453013,2305,71540,0.773804,0,2,1627895,1625590,2305
55089821,24.2272,0.396387,2329,71540,0.771424,0,2,1627919,1625590,2329
55089821,24.1988,0.346838,2353,71540,0.768281,0,2,1627943,1625590,2353
55089821,24.174,0.303483,2377,70080,0.763453,0,2,1627967,1625590,2377
55089821,24.1522,0.265548,2401,70080,0.760108,0,2,1627991,1625590,2401
55089821,24.1332,0.232355,2425,70080,0.758097,0,2,1628015,1625590,2425
55089821,24.1166,0.20331,2449,70080,0.755287,0,2,1628039,1625590,2449
55089821,24.102,0.177896,2473,70080,0.753759,0,2,1628063,1625590,2473
55089821,24.0892,0.155659,2497,70080,0.752383,0,2,1628087,1625590,2497
55089821,24.0781,0.136202,2521,69740,0.751144,0,2,1628111,1625590,2521
55089821,24.0683,0.119177,2545,69740,0.75003,0,2,1628135,1625590,2545
55089821,24.0598,0.10428,2569,69740,0.749027,0,2,1628159,1625590,2569
55089821,24.0523,0.0912447,2593,69740,0.748124,0,2,1628183,1625590,2593
55089821,24.0458,0.0798391,2617,69740,0.747312,0,2,1628207,1625590,2617
55089821,24.04,0.0698592,2641,69740,0.746581,0,2,1628231,1625590,2641
55089821,24.035,0.0611268,2665,69740,0.745923,0,2,1628255,1625590,2665
55089821,24.0307,0.0534859,2689,69740,0.74533,0,2,1628279,1625590,2689
55089821,24.0268,0.0468002,2713,69740,0.744797,0,2,1628303,1625590,2713
55089821,24.0235,0.0409502,2737,69740,0.744318,0,2,1628327,1625590,2737
55089821,24.0205,0.0358314,2761,69740,0.743886,0,2,1628351,1625590,2761
55089821,24.018,0.0313525,2785,69740,0.743497,0,2,1628375,1625590,2785
55089821,24.0157,0.0274334,2809,69740,0.743147,0,2,1628399,1625590,2809
55089821,24.0138,0.0240042,2833,69740,0.742833,0,2,1628423,1625590,2833
55089821,24.012,0.0210037,2857,69740,0.74255,0,2,1628447,1625590,2857
55089821,24.0105,0.0183782,2881,69740,0.742295,0,2,1628471,1625590,2881
55102961,24.0092,192.016,1369,69740,0.742065,0.89,2,1628495,1627126,1369
55102961,24.0081,168.014,1393,71540,0.743859,0,2,1628519,1627126,1393
55102961,24.0071,147.012,1417,71200,0.745473,0,2,1628543,1627126,1417
55102961,24.0062,128.636,1441,71200,0.746925,0,2,1628567,1627126,1441
55102961,24.0054,112.556,1465,71200,0.748233,0,2,1628591,1627126,1465
55111721,24.0047,122.612,1296,71200,0.74941,0.83,2,1628615,1627319,1296
55111721,24.0041,107.285,1320,71540,0.750469,0,2,1628639,1627319,1320
55111721,24.0036,93.8746,1344,71200,0.751422,0,2,1628663,1627319,1344
55116101,24.0032,97.1403,1248,71200,0.75228,0.82,2,1628687,1627439,1248
55116101,24.0028,84.9978,1272,71540,0.753052,0,2,1628711,1627439,1272
55120481,24.0024,83.373,1224,71200,0.753747,0.8,2,1628735,1627511,1224
55123401,24.0021,75.9514,1224,71540,0.754372,0.78,2,1628759,1627535,1224
55127781,24.0019,72.4575,1200,71540,0.754935,0.77,2,1628783,1627583,1200
55132161,24.0016,66.4003,1200,71540,0.755441,0.75,2,1628807,1627607,1200
55133621,24.0014,64.1003,1176,71540,0.755897,0.76,2,1628831,1627655,1176
55136541,24.0012,59.0877,1176,71540,0.756307,0.74,2,1628855,1627679,1176
55140921,24.0011,54.7018,1176,71540,0.756677,0.72,2,1628879,1627703,1176
55142381,24.001,53.864,1152,71540,0.757009,0.73,2,1628903,1627751,1152
55156981,23.8758,50.131,1151,71540,0.757308,0.74,2,1628926,1627775,1151
55156981,23.8914,43.8647,1175,71540,0.757577,0,2,1628950,1627775,1175
55156981,23.9049,38.3816,1199,71200,0.75782,0,2,1628974,1627775,1199
55156981,23.9168,33.5839,1223,71200,0.759038,0,2,1628998,1627775,1223
55156981,23.9272,29.3859,1247,71200,0.760134,0,2,1629022,1627775,1247
55156981,23.9363,25.7127,1271,71200,0.76112,0,2,1629046,1627775,1271
55156981,23.9443,22.4986,1295,71200,0.762008,0,2,1629070,1627775,1295
55213921,23.9512,40.6863,1151,71200,0.762808,0.72,2,1629094,1627943,1151
55216841,26.9573,38.6005,1175,73000,0.786527,0.74,2,1629142,1627967,1175
55219761,29.5877,39.7754,1175,74460,0.807874,0.74,2,1629190,1628015,1175
55220881,31.1392,40.8035,1169,75920,0.827087,0.76,2,1629232,1628063,1169
55220881,30.2468,35.7031,1193,75920,0.844378,0,2,1629256,1628063,1193
55220881,29.466,31.2402,1217,75920,0.85994,0,2,1629280,1628063,1217
55220881,28.7827,27.3351,1241,75920,0.873946,0,2,1629304,1628063,1241
55220881,28.1849,23.9183,1265,75920,0.886552,0,2,1629328,1628063,1265
55220881,27.6618,20.9285,1289,75920,0.897896,0,2,1629352,1628063,1289
55220881,27.204,18.3124,1313,75920,0.908107,0,2,1629376,1628063,1313
55220881,26.8035,16.0234,1337,75920,0.917296,0,2,1629400,1628063,1337
55220881,26.4531,14.0204,1361,75920,0.925566,0,2,1629424,1628063,1361
55220881,26.1465,12.2679,1385,75920,0.93301,0,2,1629448,1628063,1385
55220881,25.8782,10.7344,1409,75920,0.939709,0,2,1629472,1628063,1409
55220881,25.6434,9.3926,1433,75920,0.945738,0,2,1629496,1628063,1433
55220881,24.2534,1.44843,1769,75920,0.94671,0,2,1629832,1628063,1769
55220881,24.2217,1.26738,1793,75920,0.937039,0,2,1629856,1628063,1793
55220881,24.194,1.10896,1817,75920,0.926335,0,2,1629880,1628063,1817
55223801,27.1698,84.9703,1193,75920,0.912702,0.76,2,1629928,1628735,1193
55226721,29.7736,80.349,1193,77380,0.902432,0.76,2,1629976,1628783,1193
55229641,32.0519,76.3054,1193,77380,0.893188,0.76,2,1630024,1628831,1193
55232561,34.0454,72.7672,1193,78840,0.88687,0.76,2,1630072,1628879,1193
55235481,35.7897,69.5463,1194,78840,0.881183,0.76,2,1630120,1628926,1194
55238401,37.316,66.853,1194,78840,0.876064,0.77,2,1630168,1628974,1194
55241321,38.6515,64.4964,1194,78840,0.871458,0.77,2,1630216,1629022,1194
55244241,39.8201,62.4344,1194,78840,0.867312,0.77,2,1630264,1629070,1194
55247161,40.8425,57.6301,1218,80300,0.840581,0.77,2,1630312,1629094,1218
55250081,41.7372,50.4263,1266,80300,0.818523,0.77,2,1630360,1629094,1266
55253001,42.5201,44.123,1314,80300,0.800671,0.77,2,1630408,1629094,1314
55255921,43.2051,38.6076,1362,80300,0.786603,0.77,2,1630456,1629094,1362
55258841,43.8044,33.7817,1410,80300,0.775943,0.77,2,1630504,1629094,1410
55261761,44.3289,29.559,1458,80300,0.768349,0.77,2,1630552,1629094,1458
55264681,44.7878,25.8641,1506,81760,0.765514,0.77,2,1630600,1629094,1506
55267601,45.1893,22.6311,1554,81760,0.764963,0.77,2,1630648,1629094,1554
55270521,45.5406,19.8022,1602,81760,0.766466,0.77,2,1630696,1629094,1602
55273441,45.8481,17.3269,1650,81760,0.76882,0.77,2,1630744,1629094,1650
55274901,46.117,15.1611,1698,81760,0.772938,0.77,2,1630792,1629094,1698
55274901,43.3524,13.2659,1722,81760,0.779644,0,2,1630816,1629094,1722
55274901,40.9334,11.6077,1746,81760,0.78668,0,2,1630840,1629094,1746
55274901,38.8167,10.1567,1770,79940,0.794012,0.85,2,1630864,1629094,1770
55274901,36.9646,8.88714,1794,78992,0.79861,0,2,1630888,1629094,1794
55274901,35.344,7.77624,1818,78518,0.802749,0,2,1630912,1629094,1818
55274901,33.926,6.80421,1842,78044,0.804474,0,2,1630936,1629094,1842
55274901,32.6853,5.95369,1866,77570,0.806027,0,2,1630960,1629094,1866
55274901,31.5996,5.20948,1890,77096,0.807424,0,2,1630984,1629094,1890
55274901,30.6497,4.55829,1914,76622,0.806682,0,2,1631008,1629094,1914
55274901,29.9435,3.98851,1939,76148,0.806014,0,2,1631033,1629094,1939
55274901,29.2005,3.48994,1963,75674,0.805412,0,2,1631057,1629094,1963
55274901,28.5505,3.0537,1987,75200,0.802871,0,2,1631081,1629094,1987
55274901,27.9817,2.67199,2011,73266,0.800584,0,2,1631105,1629094,2011
55274901,27.4839,2.33799,2035,72791,0.798526,0,2,1631129,1629094,2035
55274901,27.0485,2.04574,2059,72317,0.794673,0,2,1631153,1629094,2059
55274901,26.6674,1.79002,2083,71843,0.791206,0,2,1631177,1629094,2083
55274901,26.334,1.56627,2107,71369,0.788085,0,2,1631201,1629094,2107
55274901,26.0422,1.37049,2131,70895,0.783277,0,2,1631225,1629094,2131
55274901,25.7869,1.19918,2155,70421,0.778949,0,2,1631249,1629094,2155
55274901,25.5636,1.04928,2179,69947,0.775054,0,2,1631273,1629094,2179
55274901,25.3681,0.918119,2203,69473,0.769549,0,2,1631297,1629094,2203
55274901,25.1971,0.803354,2227,68999,0.764594,0,2,1631321,1629094,2227
55274901,25.0475,0.702934,2251,68525,0.760134,0,2,1631345,1629094,2251
55274901,24.9165,0.615068,2275,68051,0.754121,0,2,1631369,1629094,2275
55274901,24.802,0.538184,2299,67577,0.748709,0,2,1631393,1629094,2299
55274901,24.7017,0.470911,2323,67102,0.743838,0,2,1631417,1629094,2323
55274901,24.614,0.412047,2347,66628,0.737454,0,2,1631441,1629094,2347
55274901,24.5373,0.360541,2371,66154,0.731709,0,2,1631465,1629094,2371
55274901,24.4701,0.315474,2395,65680,0.726538,0,2,1631489,1629094,2395
55274901,24.4113,0.276039,2419,65206,0.719884,0,2,1631513,1629094,2419
55274901,24.3599,0.241535,2443,64732,0.713896,0,2,1631537,1629094,2443
55274901,24.3149,0.211343,2467,64258,0.708506,0,2,1631561,1629094,2467
55274901,24.2756,0.184925,2491,63784,0.701656,0,2,1631585,1629094,2491
55274901,23.4476,0.0146268,2941,55960,0.596237,0,1,1632035,1629094,2941
55274901,23.5166,0.0127984,2965,55960,0.592613,0,1,1632059,1629094,2965
55274901,23.5771,0.0111986,2989,55960,0.589352,0,1,1632083,1629094,2989
55274901,23.6299,0.00979879,3013,55960,0.586417,0,1,1632107,1629094,3013
55290961,23.5512,218.259,1290,55960,0.583775,0.78,1,1632130,1630840,1290
55290961,23.6073,190.976,1314,56940,0.581398,0,1,1632154,1630840,1314
55290961,23.6564,167.104,1338,55960,0.579258,0,1,1632178,1630840,1338
55290961,23.6993,146.216,1362,55960,0.577332,0,1,1632202,1630840,1362
55290961,23.7369,127.939,1386,55960,0.575599,0,1,1632226,1630840,1386
55290961,23.7698,111.947,1410,55960,0.574039,0,1,1632250,1630840,1410
55366521,23.7986,128.078,1193,55960,0.572635,0.78,1,1632274,1631081,1193
55369441,26.8238,115.069,1217,58400,0.584372,0.76,1,1632322,1631105,1217
55372361,29.4708,109.685,1193,59860,0.596934,0.74,1,1632370,1631177,1193
55404481,43.7347,77.3466,953,64240,0.707364,0.57,2,1632898,1631945,953
55404961,42.2679,72.9283,943,64240,0.714628,0.56,2,1632930,1631987,943
55404961,39.9844,63.8123,967,64240,0.719165,0,2,1632954,1631987,967
55404961,37.9864,55.8357,991,64240,0.721248,0,2,1632978,1631987,991
55404961,36.2381,48.8563,1015,64240,0.721124,0,2,1633002,1631987,1015
55404961,34.7083,42.7492,1039,64240,0.719011,0,2,1633026,1631987,1039
55404961,33.3698,37.4056,1063,64240,0.71511,0,2,1633050,1631987,1063
55407881,35.1985,53.6049,944,64240,0.707599,0.56,2,1633098,1632154,944
55410801,36.7987,52.9043,944,64240,0.701839,0.56,2,1633146,1632202,944
55567601,47.9895,48.0241,1104,68620,0.700275,0.69,2,1635724,1634620,1104
55570521,47.9908,48.0211,1104,68620,0.701247,0.69,2,1635772,1634668,1104
55573441,47.992,48.0184,1104,68620,0.702123,0.69,2,1635820,1634716,1104
55575521,46.243,48.0161,1090,68620,0.70291,0.68,2,1635854,1634764,1090
55578441,46.4626,48.0141,1090,68620,0.703619,0.68,2,1635902,1634812,1090
55581361,46.6548,42.0124,1138,68620,0.704257,0.7,2,1635950,1634812,1138
55584281,46.8229,42.7608,1138,70080,0.706832,0.7,2,1635998,1634860,1138
55587201,46.9701,43.4157,1138,70080,0.709148,0.7,2,1636046,1634908,1138
55590121,47.0988,43.9887,1138,70080,0.711234,0.7,2,1636094,1634956,1138
55593041,47.2115,44.4902,1138,70080,0.71311,0.7,2,1636142,1635004,1138
55595961,47.31,44.9289,1138,70080,0.714799,0.7,2,1636190,1635052,1138
55598881,47.3963,45.3128,1138,70080,0.716319,0.7,2,1636238,1635100,1138
55601801,47.4717,45.6487,1138,70080,0.717687,0.7,2,1636286,1635148,1138
55604721,47.5378,45.9426,1138,70080,0.718919,0.7,2,1636334,1635196,1138
55607641,47.5955,46.1998,1138,70080,0.720027,0.7,2,1636382,1635244,1138
55610561,47.6461,46.4248,1138,70080,0.721024,0.7,2,1636430,1635292,1138
55613481,47.6903,46.6217,1138,70080,0.720922,0.7,2,1636478,1635340,1138
55616401,47.729,46.794,1138,70080,0.71683,0.7,2,1636526,1635388,1138
55619321,47.7629,46.9447,1138,71540,0.709147,0.7,2,1636574,1635436,1138
55639761,47.9069,47.5856,1138,71540,0.580886,0.71,1,1636910,1635772,1138
55642681,47.9185,47.6374,1138,73000,0.554797,0.71,1,1636958,1635820,1138
55645601,47.9287,45.9327,1152,73000,0.527317,0.71,1,1637006,1635854,1152
55648521,47.9376,46.1911,1152,73000,0.498586,0.71,1,1637054,1635902,1152
55651441,47.9454,46.4172,1152,73000,0.468727,0.73,1,1637102,1635950,1152
55654361,47.9522,46.6151,1152,73000,0.437854,0.73,1,1637150,1635998,1152
55657281,47.9582,46.7882,1152,73000,0.406069,0.73,1,1637198,1636046,1152
55660201,47.9634,46.9397,1152,74460,0.373462,0.73,1,1637246,1636094,1152
55663121,47.968,47.0722,1152,74460,0.340116,0.73,1,1637294,1636142,1152
55666041,47.972,47.1882,1152,74460,0.306104,0.73,1,1637342,1636190,1152
55668961,47.9755,47.2897,1152,74460,0.275494,0.73,1,1637390,1636238,1152
55671881,47.9786,47.3785,1152,74460,0.247944,0.73,1,1637438,1636286,1152
55674801,47.9812,47.4562,1152,75920,0.22315,0.73,1,1637486,1636334,1152
55677721,47.9836,47.5241,1152,75920,0.200835,0.73,1,1637534,1636382,1152
55680561,47.7356,47.5836,1150,75920,0.180752,0,1,1637580,1636430,1150
55683481,1073.02,1182.89,270,75920,0.243676,0,1,1645830,1645560,270
55686401,944.891,1035.02,318,77380,0.302309,0,1,1645878,1645560,318
55689321,832.78,905.647,366,78840,0.357078,0,1,1645926,1645560,366
55692241,734.682,792.441,414,80300,0.40837,0,1,1645974,1645560,414
55695161,648.847,693.386,462,81760,0.456533,0,1,1646022,1645560,462
55698081,573.741,606.713,510,83220,0.50188,0,1,1646070,1645560,510
55701001,508.024,530.874,558,84680,0.544692,0,1,1646118,1645560,558
55703921,450.521,464.514,606,86140,0.585223,0,1,1646166,1645560,606
55715601,283.95,272.29,798,91980,0.724868,0,2,1646358,1645560,798
55718521,254.456,238.254,846,93440,0.752381,0,2,1646406,1645560,846
55721441,228.649,208.472,894,94900,0.777143,0,2,1646454,1645560,894
55724361,206.068,182.413,942,96360,0.799428,0,2,1646502,1645560,942
55727281,186.31,159.611,990,97820,0.819486,0,2,1646550,1645560,990
55730201,169.021,139.66,1038,99280,0.837537,0,2,1646598,1645560,1038
55733121,153.893,122.202,1086,100740,0.853783,0,2,1646646,1645560,1086
55736041,140.657,106.927,1134,102200,0.868405,0,2,1646694,1645560,1134
55738961,129.075,93.5612,1182,103660,0.881564,0,2,1646742,1645560,1182
55741881,118.94,81.866,1230,105120,0.893408,0,2,1646790,1645560,1230
55744801,110.073,71.6328,1278,106580,0.904067,0,2,1646838,1645560,1278
55747721,102.314,62.6787,1326,108040,0.913661,0,2,1646886,1645560,1326
55750641,95.5244,54.8439,1374,109500,0.922294,0,2,1646934,1645560,1374
55753561,89.5839,47.9884,1422,110960,0.930065,0,2,1646982,1645560,1422
55756481,84.3859,41.9898,1470,112420,0.937059,0.81,2,1647030,1645560,1470
55759401,79.8377,70.4911,1248,113880,0.943353,0.81,2,1647078,1645830,1248
55762321,75.858,61.6797,1296,115340,0.949017,0.83,2,1647126,1645830,1296
55801741,52.296,38.9955,1488,135780,0.948734,1,2,1647798,1646310,1488
55801741,48.759,34.1211,1512,135780,0.92786,0,2,1647822,1646310,1512
55801741,45.6641,29.856,1536,135780,0.905074,0,2,1647846,1646310,1536
55801741,43.0811,26.124,1561,118840,0.882567,0.7,2,1647871,1646310,1561
55801741,40.696,22.8585,1585,118169,0.85831,0,2,1647895,1646310,1585
55801741,38.609,20.0012,1609,117834,0.834479,0,2,1647919,1646310,1609
55801741,36.7828,17.501,1633,116038,0.811031,0,2,1647943,1646310,1633
55801741,35.185,15.3134,1657,114243,0.785928,0,2,1647967,1646310,1657
55801741,33.7869,13.3992,1681,112447,0.761335,0,2,1647991,1646310,1681
55801741,32.5635,11.7243,1705,110652,0.737202,0,2,1648015,1646310,1705
55801741,31.4931,10.2588,1729,108856,0.713482,0,2,1648039,1646310,1729
55801741,27.3629,4.60409,1873,91100,0.591769,0,1,1648183,1646310,1873
55801741,26.9425,4.02858,1897,88180,0.577592,0,1,1648207,1646310,1897
55801741,26.5747,3.52501,1921,85260,0.565833,0,1,1648231,1646310,1921
55801741,26.2528,3.08438,1945,82340,0.55625,0,1,1648255,1646310,1945
55801741,25.9712,2.69883,1969,79420,0.548625,0,1,1648279,1646310,1969
55801741,25.7248,2.36148,1993,75040,0.542762,0,1,1648303,1646310,1993
55801741,25.5092,2.06629,2017,72120,0.538486,0,1,1648327,1646310,2017
55801741,25.3206,1.80801,2041,67740,0.533638,0,1,1648351,1646310,2041
55801741,25.1555,1.58201,2065,63360,0.530274,0,1,1648375,1646310,2065
55801741,25.0111,1.38426,2089,61900,0.526246,0,1,1648399,1646310,2089
55801741,24.8847,1.21122,2113,58980,0.522622,0,1,1648423,1646310,2113
55801741,24.7741,1.05982,2137,58980,0.51936,0,1,1648447,1646310,2137
55801741,24.6773,0.927343,2161,58980,0.516424,0,1,1648471,1646310,2161
55801741,24.5927,0.811425,2185,58980,0.514781,0,1,1648495,1646310,2185
55801741,24.5186,0.709997,2209,57520,0.513303,0,1,1648519,1646310,2209
55801741,24.4538,0.621247,2233,57520,0.510973,0,1,1648543,1646310,2233
55801741,24.397,0.543592,2257,54600,0.508876,0,1,1648567,1646310,2257
55801741,24.3474,0.475643,2281,54600,0.506988,0,1,1648591,1646310,2281
55801741,22.929,0.416187,2294,54600,0.505289,0,1,1648604,1646310,2294
55801741,20.5629,0.364164,2298,54600,0.50376,0,1,1648608,1646310,2298
55801741,20.9925,0.318643,2322,52320,0.500384,0,1,1648632,1646310,2322
55801741,19.6184,0.278813,2332,52120,0.499346,0,1,1648642,1646310,2332
55801741,20.1661,0.243961,2356,49200,0.496411,0,1,1648666,1646310,2356
55801741,20.6454,0.213466,2380,48580,0.49377,0,1,1648690,1646310,2380
55801741,18.5647,0.186783,2384,48580,0.491393,0,1,1648694,1646310,2384
55801741,19.2441,0.163435,2408,48580,0.487254,0,1,1648718,1646310,2408
55801741,19.8386,0.143006,2432,48380,0.483528,0,1,1648742,1646310,2432
55801741,17.8588,0.12513,2436,48380,0.482176,0,1,1648746,1646310,2436
55807581,18.6264,192.109,924,48380,0.478958,0.64,1,1648770,1647846,924
55810501,19.2981,174.221,899,57520,0.488062,0.62,1,1648794,1647895,899
55813421,19.8859,155.443,899,58400,0.498256,0.56,1,1648818,1647919,899
55816341,20.4001,142.013,875,57520,0.50543,0.54,1,1648842,1647967,875
55819261,20.8501,127.261,875,58400,0.513887,0.52,1,1648866,1647991,875
55823641,21.2438,114.354,875,57520,0.519499,0.46,1,1648890,1648015,875
55825101,21.5884,106.059,851,58400,0.526549,0.44,1,1648914,1648063,851
55826561,21.8898,95.8019,851,57520,0.530894,0.45,1,1648938,1648087,851
55829481,22.1536,86.8267,851,58400,0.536804,0.45,1,1648962,1648111,851
55830941,22.3844,81.9734,827,57520,0.540124,0.46,1,1648986,1648159,827
55833861,22.5863,74.7267,827,58400,0.545112,0.45,1,1649010,1648183,827
55836781,22.7631,68.3859,827,57520,0.547601,0.46,1,1649034,1648207,827
55838241,22.9177,62.8376,827,58400,0.55184,0.47,1,1649058,1648231,827
55841161,23.053,57.9829,827,57520,0.553656,0.48,1,1649082,1648255,827
55842621,23.1713,53.7351,827,58400,0.557291,0.49,1,1649106,1648279,827
55845541,23.2749,50.0182,827,57520,0.558562,0.5,1,1649130,1648303,827
55847001,23.3656,46.7659,827,58400,0.561706,0.49,1,1649154,1648327,827
55849921,23.4449,43.9202,827,57520,0.562535,0.5,1,1649178,1648351,827
55851381,23.5143,41.4301,827,58400,0.565281,0.49,1,1649202,1648375,827
55854301,23.575,39.2514,827,57520,0.565753,0.49,1,1649226,1648399,827
55855761,23.6281,37.345,827,58400,0.568178,0.49,1,1649250,1648423,827
55858681,23.6746,35.6768,827,57520,0.56836,0.49,1,1649274,1648447,827
55860141,23.7153,34.2172,827,58400,0.570524,0.5,1,1649298,1648471,827
55863061,23.7509,32.9401,827,57520,0.570472,0.5,1,1649322,1648495,827
55864521,23.782,31.8226,827,58400,0.572425,0.49,1,1649346,1648519,827
55865981,23.8092,30.8447,827,57520,0.572182,0.49,1,1649370,1648543,827
55868901,23.8331,29.9892,827,58400,0.573964,0.49,1,1649394,1648567,827
55870361,23.854,29.2405,827,57520,0.573568,0.47,1,1649418,1648591,827
55873281,23.8722,30.7104,810,58400,0.575211,0.47,1,1649442,1648632,810
55874741,23.8882,31.1216,800,57520,0.57469,0.47,1,1649466,1648666,800
55876201,23.9022,30.2314,800,58400,0.576221,0.45,1,1649490,1648690,800
55879121,23.9144,29.9525,796,57520,0.575599,0.45,1,1649514,1648718,796
55880581,23.9251,29.2084,796,58400,0.577039,0.45,1,1649538,1648742,796
55882041,23.9345,29.0574,792,57520,0.576335,0.45,1,1649562,1648770,792
55884961,23.9426,25.4252,816,58400,0.577701,0.45,1,1649586,1648770,816
55887881,23.9498,22.2471,840,57520,0.576931,0.45,1,1649610,1648770,840
55889341,23.9561,19.4662,864,58400,0.578238,0.45,1,1649634,1648770,864
55896641,23.9616,17.0329,888,57520,0.577414,0.45,1,1649658,1648770,888
55901021,23.9664,14.9038,912,58400,0.578673,0.45,1,1649682,1648770,912
55902481,23.9706,13.0408,936,57520,0.577806,0.57,1,1649706,1648770,936
55909781,23.9743,14.4107,936,58400,0.579025,0.57,1,1649730,1648794,936
55913521,23.8525,12.6094,959,57520,0.578123,0.57,1,1649753,1648794,959
55914981,23.8709,17.0332,935,56940,0.57731,0.57,1,1649777,1648842,935
55924961,23.8871,14.9041,959,58400,0.578579,0.57,1,1649801,1648842,959
55936641,33.8654,28.5998,959,97820,0.723506,0.57,2,1649993,1649034,959
55939561,35.6323,31.0248,959,99280,0.751155,0.57,2,1650041,1649082,959
55942481,37.1782,33.1467,959,99280,0.77604,0.57,2,1650089,1649130,959
55945401,38.5309,35.0034,959,99280,0.798436,0.57,2,1650137,1649178,959
55948321,39.7146,36.6279,959,100740,0.818592,0.57,2,1650185,1649226,959
55951241,40.7503,38.0494,959,100740,0.836733,0.57,2,1650233,1649274,959
55954161,41.6565,39.2933,959,100740,0.85306,0.57,2,1650281,1649322,959
55957081,42.4494,40.3816,959,102200,0.867754,0.57,2,1650329,1649370,959
55960001,43.1432,41.3339,959,102200,0.880978,0.57,2,1650377,1649418,959
55962921,43.7503,42.1672,959,103660,0.89288,0.57,2,1650425,1649466,959
55965841,44.2815,42.8963,959,103660,0.903592,0.57,2,1650473,1649514,959
55968761,44.7463,43.5342,959,103660,0.913233,0.57,2,1650521,1649562,959
55971681,45.1531,44.0925,959,105120,0.92191,0.57,2,1650569,1649610,959
55974601,45.5089,44.5809,959,105120,0.929719,0.57,2,1650617,1649658,959
55977521,45.8203,45.0083,959,105120,0.936747,0.57,2,1650665,1649706,959
55980441,46.0928,45.2573,960,106580,0.943072,0.57,2,1650713,1649753,960
55983361,46.3312,42.6001,984,106580,0.948765,0.59,2,1650761,1649777,984
56000881,47.251,20.6575,1248,110960,0.949172,0.59,2,1651049,1649801,1248
56003801,47.3447,18.0753,1296,110960,0.927254,0.59,2,1651097,1649801,1296
56006721,47.4266,15.8159,1344,110960,0.903529,0.59,2,1651145,1649801,1344
56009641,47.4983,13.8389,1392,112420,0.877176,0.59,2,1651193,1649801,1392
56012561,47.561,12.109,1440,112420,0.849459,0.59,2,1651241,1649801,1440
56015481,47.6159,10.5954,1488,113880,0.820513,0.59,2,1651289,1649801,1488
56018401,47.6639,9.27097,1536,113880,0.787461,0.59,2,1651337,1649801,1536
56019861,47.7059,8.1121,1584,113880,0.752715,0.59,2,1651385,1649801,1584
56019861,44.7427,7.09808,1608,113880,0.718444,0,2,1651409,1649801,1608
56019861,34.7485,3.64067,1729,75440,0.582509,0,1,1651530,1649801,1729
56019861,33.4049,3.18559,1753,75440,0.562258,0,1,1651554,1649801,1753
56019861,32.2293,2.78739,1777,73980,0.543032,0,1,1651578,1649801,1777
56019861,31.2006,2.43896,1801,73980,0.526729,0,1,1651602,1649801,1801
56019861,30.3006,2.13409,1825,72520,0.510056,0,1,1651626,1649801,1825
56019861,29.513,1.86733,1849,71060,0.49405,0,1,1651650,1649801,1849
56019861,28.8239,1.63392,1873,71060,0.480645,0,1,1651674,1649801,1873
56019861,28.2209,1.42968,1897,69600,0.466581,0,1,1651698,1649801,1897
56019861,27.6933,1.25097,1921,68140,0.452923,0,1,1651722,1649801,1921
56019861,27.2316,1.0946,1945,68140,0.441631,0,1,1651746,1649801,1945
56019861,26.8277,0.957772,1969,65220,0.430467,0,1,1651770,1649801,1969
56019861,26.4742,0.83805,1993,65220,0.421421,0,1,1651794,1649801,1993
56019861,26.1649,0.733294,2017,63760,0.413279,0,1,1651818,1649801,2017
56019861,25.8943,0.641632,2041,60840,0.406951,0,1,1651842,1649801,2041
56019861,25.6575,0.561428,2065,60840,0.402256,0,1,1651866,1649801,2065
56019861,25.4503,0.49125,2089,59380,0.39903,0,1,1651890,1649801,2089
56019861,25.269,0.429843,2113,59380,0.396127,0,1,1651914,1649801,2113
56019861,25.1104,0.376113,2137,56460,0.393514,0,1,1651938,1649801,2137
56019861,24.9716,0.329099,2161,53540,0.391163,0,1,1651962,1649801,2161
56019861,24.8502,0.287961,2185,53540,0.389047,0,1,1651986,1649801,2185
56019861,24.7439,0.251966,2209,50620,0.387142,0,1,1652010,1649801,2209
56019861,24.6509,0.220471,2233,47700,0.385428,0,1,1652034,1649801,2233
56019861,24.5695,0.192912,2257,47700,0.383885,0,1,1652058,1649801,2257
56019861,24.4983,0.168798,2281,44780,0.382497,0,1,1652082,1649801,2281
56019861,23.4361,0.147698,2297,44780,0.381247,0,1,1652098,1649801,2297
56028621,23.5065,204.129,689,43320,0.378122,0.4,1,1652122,1651433,689
56028621,23.5682,178.613,713,43320,0.37531,0,1,1652146,1651433,713
56033001,23.6222,162.286,689,43320,0.370779,0.37,1,1652170,1651481,689
56033001,23.6694,142.001,713,41860,0.364701,0,1,1652194,1651481,713
56035921,23.7107,130.376,688,41860,0.357231,0.38,1,1652218,1651530,688
56040301,23.7469,117.079,688,41860,0.348508,0.38,1,1652242,1651554,688
56040301,23.7785,102.444,712,40400,0.338657,0,1,1652266,1651554,712
56043221,23.8062,95.6383,688,40400,0.327791,0.36,1,1652290,1651602,688
56047601,23.8304,86.6835,688,40400,0.316012,0.36,1,1652314,1651626,688
56047601,23.8516,75.8481,712,38940,0.303411,0,1,1652338,1651626,712
56049061,23.8702,72.3671,688,38940,0.29007,0.34,1,1652362,1651674,688
56053441,23.8864,66.3212,688,38940,0.276063,0.33,1,1652386,1651698,688
56056361,23.9006,61.031,688,38940,0.261457,0.34,1,1652410,1651722,688
56057821,23.913,56.4022,688,38940,0.246311,0.33,1,1652434,1651746,688
56062201,23.9239,52.3519,688,38940,0.23068,0.34,1,1652458,1651770,688
56066581,23.9334,48.8079,688,38940,0.214612,0.35,1,1652482,1651794,688
56066581,23.9417,42.7069,712,37480,0.198151,0,1,1652506,1651794,712
56068041,23.949,43.3686,688,37480,0.181336,0.36,1,1652530,1651842,688
56070961,23.9554,40.9475,688,37480,0.164202,0.37,1,1652554,1651866,688
56072421,23.961,38.829,688,37480,0.147782,0.37,1,1652578,1651890,688
56076801,23.9658,36.9754,688,37480,0.133004,0.37,1,1652602,1651914,688
56078261,23.9701,35.3535,688,37480,0.119703,0.37,1,1652626,1651938,688
56081181,23.9739,33.9343,688,37480,0.107733,0.37,1,1652650,1651962,688
56082641,23.9771,32.6925,688,37480,0.0969597,0.37,1,1652674,1651986,688
56087021,23.98,31.606,688,37480,0.0872637,0.37,1,1652698,1652010,688
56088481,23.9825,30.6552,688,37480,0.0785373,0.37,1,1652722,1652034,688
56092861,23.9847,29.8233,688,37480,0.0706836,0.37,1,1652746,1652058,688
56095781,23.8616,29.0954,687,37480,0.0636152,0.35,1,1652769,1652082,687
56099681,23.8789,30.4585,671,37480,0.0572537,0,1,1652793,1652122,671
56102601,214.894,270.776,270,78840,0.136528,0,1,1654345,1654075,270
56105521,194.032,236.929,318,80300,0.209876,0,1,1654393,1654075,318
56108441,175.778,207.313,366,81760,0.277888,0,1,1654441,1654075,366
56111361,159.806,181.399,414,81760,0.339099,0,1,1654489,1654075,414
56114281,145.83,158.724,462,83220,0.396189,0,1,1654537,1654075,462
56117201,133.601,138.884,510,83220,0.44757,0,1,1654585,1654075,510
56120121,122.901,121.523,558,83220,0.493813,0,1,1654633,1654075,558
56123041,113.539,106.333,606,84680,0.537432,0,1,1654681,1654075,606
56125961,105.346,93.0411,654,84680,0.576689,0,1,1654729,1654075,654
56137641,81.6153,54.539,846,86140,0.701993,0,2,1654921,1654075,846
56140561,77.4134,47.7216,894,86140,0.726793,0,2,1654969,1654075,894
56143481,73.7367,41.7564,942,86140,0.749114,0,2,1655017,1654075,942
56146401,70.5196,36.5369,990,87600,0.771203,0,2,1655065,1654075,990
56149321,67.7047,31.9698,1038,87600,0.791082,0,2,1655113,1654075,1038
56152241,65.2416,27.9735,1086,87600,0.808974,0,2,1655161,1654075,1086
56155161,63.0864,24.4768,1134,87600,0.825077,0,2,1655209,1654075,1134
56158081,61.2006,21.4172,1182,87600,0.839569,0,2,1655257,1654075,1182
56161001,59.5505,18.7401,1230,89060,0.851612,0,2,1655305,1654075,1230
56163921,58.1067,16.3976,1278,89060,0.864451,0,2,1655353,1654075,1278
56166841,56.8434,14.3479,1326,89060,0.877006,0,2,1655401,1654075,1326
56169761,55.738,12.5544,1374,89060,0.888305,0,2,1655449,1654075,1374
56172681,54.7707,10.9851,1422,89060,0.898475,0,2,1655497,1654075,1422
56175601,53.9244,9.61196,1470,89060,0.907627,0,2,1655545,1654075,1470
56178521,53.1838,8.41046,1518,90520,0.916864,0.85,2,1655593,1654075,1518
56181441,52.5358,41.1092,1296,90520,0.925178,0.85,2,1655641,1654345,1296
56184361,51.9689,35.9705,1344,90520,0.93266,0.87,2,1655689,1654345,1344
56187281,51.4728,37.4742,1344,90520,0.939394,0.89,2,1655737,1654393,1344
56190201,51.0387,38.7899,1344,90520,0.945455,0.89,2,1655785,1654441,1344
56260281,48.1233,42.8661,1488,94900,0.932756,0.99,2,1656937,1655449,1488
56263201,48.1079,43.5078,1488,94900,0.91248,0.99,2,1656985,1655497,1488
56266121,48.0944,44.0693,1488,94900,0.890232,1,2,1657033,1655545,1488
56269041,48.0826,44.5607,1488,94900,0.865209,1,2,1657081,1655593,1488
56270501,48.0723,44.9906,1488,94900,0.876688,1,2,1657129,1655641,1488
56270501,45.0632,39.3668,1512,94900,0.888019,0,2,1657153,1655641,1512
56270501,42.4303,34.4459,1536,94900,0.899217,0,2,1657177,1655641,1536
56270501,40.1265,30.1402,1560,93000,0.908296,1,2,1657201,1655641,1560
56270501,38.1107,26.3727,1584,92051,0.915466,0,2,1657225,1655641,1584
56270501,36.3469,23.0761,1608,91576,0.920919,0,2,1657249,1655641,1608
56270501,34.8035,20.1916,1632,91101,0.924828,0,2,1657273,1655641,1632
56270501,33.4531,17.6676,1656,90626,0.927345,0,2,1657297,1655641,1656
56270501,32.2714,15.4592,1680,90151,0.93061,0,2,1657321,1655641,1680
56270501,31.2375,13.5268,1704,89676,0.930549,0,2,1657345,1655641,1704
56270501,30.3328,11.8359,1728,89201,0.931494,0,2,1657369,1655641,1728
56270501,29.5412,10.3564,1752,88726,0.931345,0,2,1657393,1655641,1752
56270501,28.8486,9.06188,1776,88251,0.93021,0,2,1657417,1655641,1776
56270501,28.3675,7.92915,1801,87776,0.928189,0,2,1657442,1655641,1801
56270501,27.8216,6.938,1825,87301,0.92737,0,2,1657466,1655641,1825
56270501,27.3439,6.07075,1849,86826,0.923633,0,2,1657490,1655641,1849
56270501,26.9259,5.31191,1873,84891,0.92127,0,2,1657514,1655641,1873
56270501,26.5601,4.64792,1897,84416,0.918143,0,2,1657538,1655641,1897
56270501,26.2401,4.06693,1921,83941,0.914329,0,2,1657562,1655641,1921
56270501,25.9601,3.55856,1945,83466,0.908896,0,2,1657586,1655641,1945
56270501,25.7151,3.11374,1969,82991,0.903006,0,2,1657610,1655641,1969
56270501,25.5007,2.72453,1993,82516,0.896706,0,2,1657634,1655641,1993
56270501,25.3131,2.38396,2017,80581,0.890035,0,2,1657658,1655641,2017
56270501,25.149,2.08596,2041,80106,0.885032,0,2,1657682,1655641,2041
56270501,25.0054,1.82522,2065,79631,0.877528,0,2,1657706,1655641,2065
56270501,24.8797,1.59707,2089,79156,0.871776,0,2,1657730,1655641,2089
56270501,24.7697,1.39743,2113,78681,0.865598,0,2,1657754,1655641,2113
56270501,24.6735,1.22275,2137,78206,0.859038,0,2,1657778,1655641,2137
56270501,24.5893,1.06991,2161,77731,0.853134,0,2,1657802,1655641,2161
56270501,24.5157,0.936171,2185,77256,0.848821,0,2,1657826,1655641,2185
56270501,24.4512,0.81915,2209,76781,0.843939,0,2,1657850,1655641,2209
56270501,24.3948,0.716756,2233,76306,0.840545,0,2,1657874,1655641,2233
56270501,24.3455,0.627161,2257,75831,0.83749,0,2,1657898,1655641,2257
56270501,24.3023,0.548766,2281,75356,0.832741,0,2,1657922,1655641,2281
56270501,24.2645,0.480171,2305,74881,0.828467,0,2,1657946,1655641,2305
56270501,24.2314,0.420149,2329,74406,0.824621,0,2,1657970,1655641,2329
56270501,24.2025,0.367631,2353,73931,0.819158,0,2,1657994,1655641,2353
56270501,24.1772,0.321677,2377,71996,0.814243,0,2,1658018,1655641,2377
56270501,24.155,0.281467,2401,71521,0.809818,0,2,1658042,1655641,2401
56270501,24.1357,0.246284,2425,71047,0.803837,0,2,1658066,1655641,2425
56270501,23.2437,0.215498,2442,70572,0.798453,0,2,1658083,1655641,2442
56270501,23.3382,0.188561,2466,70240,0.793608,0,2,1658107,1655641,2466
56270501,23.421,0.164991,2490,69765,0.787247,0,2,1658131,1655641,2490
56270501,23.4933,0.144367,2514,69290,0.780522,0,2,1658155,1655641,2514
56270501,23.5567,0.126321,2538,68815,0.77447,0,2,1658179,1655641,2538
56270501,23.6121,0.110531,2562,68340,0.767023,0,2,1658203,1655641,2562
56270501,23.6606,0.0967146,2586,65700,0.758321,0,2,1658227,1655641,2586
56270501,23.703,0.0846253,2610,65520,0.750489,0,2,1658251,1655641,2610
56270501,23.7401,0.0740471,2634,65520,0.74344,0,2,1658275,1655641,2634
56270501,23.7726,0.0647912,2658,65520,0.737096,0,2,1658299,1655641,2658
56270501,23.801,0.0566923,2682,65520,0.731386,0,2,1658323,1655641,2682
56270501,23.8259,0.0496058,2706,65520,0.725248,0,2,1658347,1655641,2706
56270501,23.8477,0.0434051,2730,65520,0.720723,0,2,1658371,1655641,2730
56270501,23.8667,0.0379794,2754,65520,0.715651,0,2,1658395,1655641,2754
56270501,23.8834,0.033232,2778,65520,0.712085,0,2,1658419,1655641,2778
56270501,23.8979,0.029078,2802,65520,0.708877,0,2,1658443,1655641,2802
56270501,23.9107,0.0254433,2826,65520,0.705989,0,2,1658467,1655641,2826
56270501,23.9219,0.0222628,2850,65520,0.70339,0,2,1658491,1655641,2850
56270501,23.9316,0.01948,2874,65520,0.701051,0,2,1658515,1655641,2874
56401281,26.0512,24.0478,1340,70080,0.588524,0,1,1659423,1658083,1340
56401281,25.7948,21.0418,1364,70080,0.573672,0,1,1659447,1658083,1364
56401281,25.5705,18.4116,1388,70080,0.558305,0,1,1659471,1658083,1388
56401281,25.3741,16.1101,1412,70080,0.542474,0,1,1659495,1658083,1412
56401281,25.2024,14.0964,1436,70080,0.526227,0,1,1659519,1658083,1436
56401281,25.0521,12.3343,1460,70080,0.509604,0,1,1659543,1658083,1460
56401281,24.9206,10.7925,1484,70080,0.492644,0,1,1659567,1658083,1484
56401281,24.8055,9.44346,1508,70080,0.475379,0,1,1659591,1658083,1508
56401281,24.7048,8.26303,1532,70080,0.457841,0,1,1659615,1658083,1532
56401281,24.6167,7.23015,1556,70080,0.440057,0,1,1659639,1658083,1556
56401281,24.5396,6.32638,1580,70080,0.422052,0,1,1659663,1658083,1580
56401281,24.4722,5.53558,1604,70080,0.403846,0,1,1659687,1658083,1604
56401281,24.4131,4.84364,1628,70080,0.385462,0,1,1659711,1658083,1628
56401281,24.3615,4.23818,1652,70080,0.366916,0,1,1659735,1658083,1652
56401281,24.3163,3.70841,1676,70080,0.348224,0,1,1659759,1658083,1676
56401281,24.2768,3.24486,1700,70080,0.329402,0,1,1659783,1658083,1700
56401281,24.2422,2.83925,1724,70080,0.310461,0,1,1659807,1658083,1724
56401281,24.2119,2.48434,1748,70080,0.291415,0,1,1659831,1658083,1748
56401281,24.1854,2.1738,1772,70080,0.272274,0,1,1659855,1658083,1772
56401281,24.1622,1.90208,1796,70080,0.253046,0,1,1659879,1658083,1796
56401281,24.142,1.66432,1820,70080,0.233742,0,1,1659903,1658083,1820
56401281,24.1242,1.45628,1844,70080,0.214368,0,1,1659927,1658083,1844
56401281,24.1087,1.27424,1868,70080,0.194931,0,1,1659951,1658083,1868
56401281,24.0951,1.11496,1892,70080,0.175438,0,1,1659975,1658083,1892
56401281,24.0832,0.975592,1916,70080,0.157894,0,1,1659999,1658083,1916
56401281,24.0728,0.853643,1940,70080,0.142105,0,1,1660023,1658083,1940
56401281,24.0637,0.746937,1964,70080,0.127894,0,1,1660047,1658083,1964
56401281,24.0557,0.65357,1988,70080,0.115105,0,1,1660071,1658083,1988
56401281,24.0488,0.571874,2012,70080,0.103594,0,1,1660095,1658083,2012
56401281,24.0427,0.50039,2036,70080,0.0932348,0,1,1660119,1658083,2036
56401281,24.0373,0.437841,2060,70080,0.0839113,0,1,1660143,1658083,2060
56401281,24.0327,0.383111,2084,70080,0.0755202,0,1,1660167,1658083,2084
56401281,24.0286,0.335222,2108,70080,0.0679682,0,1,1660191,1658083,2108
56401281,23.65,0.293319,2129,70080,0.0611714,0,1,1660212,1658083,2129
56404201,1430.69,1642.63,270,70080,0.128054,0,1,1671492,1671222,270
56407121,1257.86,1437.3,318,71540,0.190249,0,1,1671540,1671222,318
56410041,1106.62,1257.64,366,73000,0.248224,0,1,1671588,1671222,366
56412961,974.297,1100.43,414,74460,0.302402,0,1,1671636,1671222,414
56415881,858.51,962.881,462,75920,0.353161,0,1,1671684,1671222,462
56418801,757.196,842.52,510,77380,0.400845,0,1,1671732,1671222,510
56421721,668.546,737.205,558,78840,0.445761,0,1,1671780,1671222,558
56424641,590.978,645.055,606,80300,0.488185,0,1,1671828,1671222,606
56427561,523.106,564.423,654,81760,0.528366,0,1,1671876,1671222,654
56430481,463.718,493.87,702,83220,0.56653,0,1,1671924,1671222,702
56442161,291.686,289.498,894,89060,0.702747,0,2,1672116,1671222,894
56445081,261.225,253.31,942,90520,0.732472,0,2,1672164,1671222,942
56448001,234.572,221.647,990,91980,0.759225,0,2,1672212,1671222,990
56450921,211.251,193.941,1038,93440,0.783303,0,2,1672260,1671222,1038
56453841,190.844,169.698,1086,94900,0.804972,0,2,1672308,1671222,1086
56456761,172.989,148.486,1134,96360,0.824475,0,2,1672356,1671222,1134
56459681,157.365,129.925,1182,97820,0.842028,0,2,1672404,1671222,1182
56462601,143.695,113.684,1230,99280,0.857825,0,2,1672452,1671222,1230
56465521,131.733,99.4739,1278,100740,0.872042,0,2,1672500,1671222,1278
56468441,121.266,87.0397,1326,102200,0.884838,0,2,1672548,1671222,1326
56471361,112.108,76.1597,1374,103660,0.896354,0.73,2,1672596,1671222,1374
56474281,104.094,100.39,1152,105120,0.906719,0.73,2,1672644,1671492,1152
56477201,97.0826,87.841,1200,106580,0.916047,0.75,2,1672692,1671492,1200
56480121,90.9473,82.8609,1200,108040,0.924442,0.77,2,1672740,1671540,1200
56483041,85.5788,78.5033,1200,109500,0.931998,0.77,2,1672788,1671588,1200
56485961,80.8815,68.6904,1248,110960,0.938798,0.79,2,1672836,1671588,1248
56488881,76.7713,66.1041,1248,112420,0.944918,0.81,2,1672884,1671636,1248
56534141,44.9758,29.169,1536,135780,0.936712,0,2,1673700,1672164,1536
56534141,42.4788,25.5228,1561,125880,0.922041,0.81,2,1673725,1672164,1561
56534141,40.169,22.3325,1585,125088,0.904837,0,2,1673749,1672164,1585
56534141,38.1478,19.5409,1609,124692,0.887353,0,2,1673773,1672164,1609
56534141,36.3794,17.0983,1633,122835,0.867618,0,2,1673797,1672164,1633
56534141,34.8319,14.961,1657,120979,0.847856,0,2,1673821,1672164,1657
56534141,33.4779,13.0909,1681,119123,0.82807,0,2,1673845,1672164,1681
56534141,32.2932,11.4545,1705,117266,0.808263,0,2,1673869,1672164,1705
56534141,31.2566,10.0227,1729,115410,0.786437,0,2,1673893,1672164,1729
56534141,30.3495,8.76988,1753,112094,0.764793,0,2,1673917,1672164,1753
56534141,29.5558,7.67364,1777,110237,0.743314,0,2,1673941,1672164,1777
56534141,28.8613,6.71444,1801,106921,0.724983,0,2,1673965,1672164,1801
56534141,28.2537,5.87513,1825,105065,0.707484,0,2,1673989,1672164,1825
56534141,24.3845,0.531083,2257,60180,0.599003,0,1,1674421,1672164,2257
56534141,24.3364,0.464698,2281,60180,0.596103,0,1,1674445,1672164,2281
56534141,24.2944,0.406611,2305,60180,0.593492,0,1,1674469,1672164,2305
56534141,21.7576,0.355784,2309,60180,0.593143,0,1,1674473,1672164,2309
56534141,22.0379,0.311311,2333,58720,0.589829,0,1,1674497,1672164,2333
56534141,22.2832,0.272397,2357,56480,0.587846,0,1,1674521,1672164,2357
56534141,19.9978,0.238348,2361,56480,0.588061,0,1,1674525,1672164,2361
56534141,20.498,0.208554,2385,56480,0.586255,0,1,1674549,1672164,2385
56534141,19.1858,0.182485,2395,56280,0.58463,0,1,1674559,1672164,2395
56534141,19.7876,0.159674,2419,56280,0.581167,0,1,1674583,1672164,2419
56534141,20.3141,0.139715,2443,55660,0.57805,0,1,1674607,1672164,2443
56534141,18.2749,0.122251,2447,55660,0.577245,0,1,1674611,1672164,2447
56534141,18.9905,0.106969,2471,55660,0.574521,0,1,1674635,1672164,2471
56534141,19.6167,0.0935981,2495,55460,0.572069,0,1,1674659,1672164,2495
56534141,17.6646,0.0818984,2499,55460,0.571862,0,1,1674663,1672164,2499
56534141,18.4565,0.0716611,2523,55460,0.569676,0,1,1674687,1672164,2523
56534141,19.1495,0.0627034,2547,55260,0.567708,0,1,1674711,1672164,2547
56534141,17.2558,0.0548655,2551,55260,0.567937,0,1,1674715,1672164,2551
56534141,17.2238,0.0480073,2568,55260,0.566143,0,1,1674732,1672164,2568
56539981,18.0708,192.042,1056,55060,0.562529,0.75,1,1674756,1673700,1056
56542901,18.812,174.162,1031,65440,0.574276,0.69,1,1674780,1673749,1031
56545821,19.4605,158.392,1007,66280,0.586849,0.67,1,1674804,1673797,1007
56548741,20.0279,141.593,1007,65440,0.597164,0.65,1,1674828,1673821,1007
56621741,23.9516,27.4564,909,66680,0.700075,0.53,2,1675620,1674711,909
56629041,23.9576,29.6494,888,65440,0.700067,0.53,2,1675644,1674756,888
56633421,23.9629,25.9432,912,66680,0.70006,0.53,2,1675668,1674756,912
56686701,38.0227,29.0511,1120,103660,0.702211,0.69,2,1676140,1675020,1120
56689621,39.2699,31.4197,1120,103660,0.73199,0.69,2,1676188,1675068,1120
56692541,40.3611,33.4923,1120,105120,0.758791,0.69,2,1676236,1675116,1120
56695461,41.316,35.3057,1120,105120,0.782912,0.69,2,1676284,1675164,1120
56698381,42.1515,36.8925,1120,105120,0.80462,0.69,2,1676332,1675212,1120
56701301,42.8826,38.281,1120,106580,0.824158,0.69,2,1676380,1675260,1120
56704221,43.5222,39.4958,1120,106580,0.841743,0.69,2,1676428,1675308,1120
56707141,44.082,40.5589,1120,106580,0.857568,0.69,2,1676476,1675356,1120
56710061,44.5717,41.489,1120,106580,0.871812,0.69,2,1676524,1675404,1120
56712981,45.0003,42.3029,1120,108040,0.88463,0.69,2,1676572,1675452,1120
56715901,45.3752,43.015,1120,108040,0.896167,0.69,2,1676620,1675500,1120
56718821,45.7033,43.6381,1120,109500,0.906551,0.7,2,1676668,1675548,1120
56721741,45.9904,44.1834,1120,109500,0.915896,0.7,2,1676716,1675596,1120
56722641,45.1166,44.6604,1111,109500,0.924306,0.45,2,1676755,1675644,1111
56722641,42.477,39.0779,1135,109500,0.931875,0,2,1676779,1675644,1135
56722641,40.1674,34.1932,1159,109500,0.938688,0,2,1676803,1675644,1159
56722641,38.1465,29.919,1183,109500,0.944819,0,2,1676827,1675644,1183
56754761,44.9219,20.1336,1292,115340,0.918515,0.45,2,1677365,1676073,1292
56757681,45.3067,17.6169,1340,115340,0.886664,0.45,2,1677413,1676073,1340
56760601,45.6433,15.4148,1388,115340,0.850997,0.45,2,1677461,1676073,1388
56763521,45.9379,13.488,1436,116800,0.813898,0.45,2,1677509,1676073,1436
56766441,46.1957,11.802,1484,116800,0.778508,0.45,2,1677557,1676073,1484
56767901,46.4212,10.3267,1532,116800,0.744657,0.45,2,1677605,1676073,1532
56767901,43.6186,9.03588,1556,116800,0.713191,0,2,1677629,1676073,1556
56767901,32.8885,4.05526,1701,78900,0.585958,0,1,1677774,1676073,1701
56767901,31.7774,3.54835,1725,78900,0.570362,0,1,1677798,1676073,1725
56767901,30.8052,3.10481,1749,77440,0.557326,0,1,1677822,1676073,1749
56767901,29.9546,2.71671,1773,77440,0.544593,0,1,1677846,1676073,1773
56767901,29.2103,2.37712,1797,77440,0.534134,0,1,1677870,1676073,1797
56767901,28.559,2.07998,1821,77440,0.522721,0,1,1677894,1676073,1821
56767901,27.9891,1.81998,1845,77440,0.511449,0,1,1677918,1676073,1845
56767901,27.4905,1.59248,1869,75980,0.502304,0,1,1677942,1676073,1869
56767901,27.0542,1.39342,1893,75980,0.493073,0,1,1677966,1676073,1893
56767901,26.6724,1.21925,1917,75980,0.485766,0,1,1677990,1676073,1917
56767901,26.3383,1.06684,1941,75980,0.480189,0,1,1678014,1676073,1941
56767901,26.046,0.933485,1965,74520,0.47617,0,1,1678038,1676073,1965
56767901,25.7903,0.816799,1989,74520,0.473553,0,1,1678062,1676073,1989
56767901,25.5665,0.714699,2013,73060,0.472198,0,1,1678086,1676073,2013
56767901,25.3707,0.625362,2037,71600,0.471978,0,1,1678110,1676073,2037
56767901,25.1994,0.547192,2061,71600,0.47278,0,1,1678134,1676073,2061
56767901,25.0494,0.478793,2085,68680,0.474502,0,1,1678158,1676073,2085
56767901,24.9183,0.418944,2109,68680,0.477052,0,1,1678182,1676073,2109
56767901,24.8035,0.366576,2133,67220,0.480347,0,1,1678206,1676073,2133
56767901,24.703,0.320754,2157,64300,0.484312,0,1,1678230,1676073,2157
56767901,24.6152,0.28066,2181,64300,0.488881,0,1,1678254,1676073,2181
56767901,24.5383,0.245577,2205,62840,0.493993,0,1,1678278,1676073,2205
56767901,24.471,0.21488,2229,62840,0.499594,0,1,1678302,1676073,2229
56767901,24.4121,0.18802,2253,61380,0.504634,0,1,1678326,1676073,2253
56767901,24.3606,0.164517,2277,61380,0.509171,0,1,1678350,1676073,2277
56767901,24.3155,0.143953,2301,59920,0.513254,0,1,1678374,1676073,2301
56767901,24.2761,0.125959,2325,59920,0.516928,0,1,1678398,1676073,2325
56767901,24.2416,0.110214,2349,58460,0.520236,0,1,1678422,1676073,2349
56767901,24.2114,0.0964371,2373,58460,0.523212,0,1,1678446,1676073,2373
56767901,24.185,0.0843825,2397,57000,0.525891,0,1,1678470,1676073,2397
56767901,24.1618,0.0738347,2421,57000,0.528302,0,1,1678494,1676073,2421
56767901,24.1416,0.0646053,2445,55540,0.530472,0,1,1678518,1676073,2445
56767901,24.1239,0.0565297,2469,55540,0.532424,0,1,1678542,1676073,2469
56767901,21.2334,0.0494635,2470,55540,0.534182,0,1,1678543,1676073,2470
56775201,21.5792,197.543,914,55540,0.535764,0.43,1,1678567,1677653,914
56779581,21.8818,175.85,914,57000,0.539187,0.45,1,1678591,1677677,914
56779581,22.1466,153.869,938,56940,0.544269,0,1,1678615,1677677,938
56788341,22.3783,140.76,913,56940,0.546842,0.43,1,1678639,1677726,913
56788341,22.581,123.165,937,49700,0.547158,0,1,1678663,1677726,937
56788341,22.7584,107.77,961,49700,0.545442,0,1,1678687,1677726,961
56788341,22.9136,94.2985,985,49700,0.541898,0,1,1678711,1677726,985
56788341,23.0494,82.5112,1009,49700,0.536708,0,1,1678735,1677726,1009
56795641,23.1682,87.1973,913,49700,0.530037,0.42,1,1678759,1677846,913
56795641,23.2722,76.2976,937,46720,0.526033,0,1,1678783,1677846,937
56795641,23.3632,66.7604,961,46720,0.52043,0,1,1678807,1677846,961
56795641,23.4428,58.4154,985,46720,0.513387,0,1,1678831,1677846,985
56800021,23.5124,63.1134,913,46720,0.505048,0.42,1,1678855,1677942,913
56800021,23.5734,55.2243,937,43860,0.495544,0,1,1678879,1677942,937
56802941,23.6267,54.3212,913,43860,0.484989,0.43,1,1678903,1677990,913
56807321,23.6734,50.5311,913,45260,0.47749,0.45,1,1678927,1678014,913
56807321,23.7142,44.2147,937,42400,0.468741,0,1,1678951,1678014,937
56808781,23.7499,44.6879,913,42400,0.458867,0.46,1,1678975,1678062,913
56813161,23.7812,42.1019,913,43800,0.45198,0.47,1,1678999,1678086,913
56816081,23.8085,39.8391,913,42400,0.443782,0.48,1,1679023,1678110,913
56817541,23.8325,37.8592,913,43800,0.438404,0.49,1,1679047,1678134,913
56821921,23.8534,36.1268,913,42400,0.431564,0.5,1,1679071,1678158,913
56826301,23.8717,34.611,913,43800,0.427407,0.52,1,1679095,1678182,913
56826301,23.8878,30.2846,937,40940,0.421667,0,1,1679119,1678182,937
56830681,23.9018,32.499,913,40940,0.4145,0.54,1,1679143,1678230,913
56830681,23.9141,28.4367,937,40880,0.41005,0,1,1679167,1678230,937
56835061,23.9248,30.8821,913,40880,0.404045,0.55,1,1679191,1678278,913
56835061,23.9342,27.0218,937,39480,0.39664,0,1,1679215,1678278,937
56835061,23.9424,23.6441,961,39420,0.389976,0,1,1679239,1678278,961
56835061,23.9496,20.6886,985,39420,0.383979,0,1,1679263,1678278,985
56835061,23.9559,18.1025,1009,39420,0.378581,0,1,1679287,1678278,1009
56839441,23.9614,30.8397,913,39420,0.373723,0.55,1,1679311,1678398,913
56839441,23.9663,26.9847,937,40880,0.371351,0,1,1679335,1678398,937
56843821,23.8455,29.6116,912,40880,0.369215,0.55,1,1679358,1678446,912
56843821,23.8648,25.9102,936,39480,0.365294,0,1,1679382,1678446,936
56861401,23.8817,28.6714,912,39420,0.361765,0.55,1,1679406,1678494,912
56864321,26.8965,28.0875,936,83220,0.416588,0.55,1,1679454,1678518,936
56867241,29.5344,30.7015,935,83220,0.465929,0.57,1,1679502,1678567,935
56870161,31.8426,29.8639,959,83220,0.510336,0.47,1,1679550,1678591,959
56873081,33.8623,47.1309,839,84680,0.552303,0.39,1,1679598,1678759,839
56876001,35.6295,59.2395,743,84680,0.590072,0.37,1,1679646,1678903,743
56887681,40.7486,59.5982,695,86140,0.708974,0.33,2,1679838,1679143,695
56890601,41.6551,61.1484,671,86140,0.733076,0.33,2,1679886,1679215,671
56893521,42.4482,59.5048,671,86140,0.754769,0.33,2,1679934,1679263,671
56896441,43.1422,58.0667,671,86140,0.774292,0.35,2,1679982,1679311,671
56899361,43.7494,53.8084,695,87600,0.793863,0.33,2,1680030,1679335,695
56902281,44.2807,55.9573,672,87600,0.811476,0.33,2,1680078,1679406,672
56905201,44.7456,48.9627,720,87600,0.827329,0.33,2,1680126,1679406,720
56908121,45.1524,42.8423,768,87600,0.841596,0.33,2,1680174,1679406,768
56911041,45.5084,37.4871,816,87600,0.854436,0.33,2,1680222,1679406,816
56913961,45.8198,32.8012,864,89060,0.867993,0.33,2,1680270,1679406,864
56916881,46.0923,28.701,912,89060,0.880193,0.33,2,1680318,1679406,912
56919801,46.3308,25.1134,960,89060,0.891174,0.33,2,1680366,1679406,960
56922721,46.5395,21.9742,1008,89060,0.901057,0.33,2,1680414,1679406,1008
56925641,46.722,19.2274,1056,89060,0.909951,0.33,2,1680462,1679406,1056
56928561,46.8818,16.824,1104,90520,0.918956,0.33,2,1680510,1679406,1104
56931481,47.0215,14.721,1152,90520,0.92706,0.33,2,1680558,1679406,1152
56934401,47.1439,12.8809,1200,90520,0.934354,0.33,2,1680606,1679406,1200
56937321,47.2509,11.2708,1248,90520,0.940919,0.33,2,1680654,1679406,1248
56940241,47.3445,9.86193,1296,90520,0.946827,0.33,2,1680702,1679406,1296
57010321,47.9734,40.7797,1488,94900,0.93696,0.99,2,1681854,1680366,1488
57013241,47.9767,41.6822,1488,94900,0.916264,0.99,2,1681902,1680414,1488
57016161,47.9796,42.472,1488,96360,0.893638,1,2,1681950,1680462,1488
57019081,47.9822,43.163,1488,96360,0.869274,1,2,1681998,1680510,1488
57020541,47.9844,43.7676,1488,96360,0.843347,1,2,1682046,1680558,1488
57020541,44.9864,38.2966,1512,96360,0.817012,0,2,1682070,1680558,1512
57020541,42.3631,33.5096,1536,96360,0.834311,0,2,1682094,1680558,1536
57020541,40.0677,29.3209,1560,94460,0.84888,0.99,2,1682118,1680558,1560
57020541,38.0592,25.6558,1584,93525,0.860992,0,2,1682142,1680558,1584
57020541,36.3018,22.4488,1608,93057,0.869893,0,2,1682166,1680558,1608
57020541,34.7641,19.6427,1632,92589,0.874903,0,2,1682190,1680558,1632
57020541,33.4186,17.1874,1656,92121,0.880413,0,2,1682214,1680558,1656
57020541,32.2413,15.0389,1680,91653,0.884372,0,2,1682238,1680558,1680
57020541,31.3361,13.1591,1705,91185,0.886935,0,2,1682263,1680558,1705
57020541,30.4191,11.5142,1729,90717,0.888241,0,2,1682287,1680558,1729
57020541,29.6167,10.0749,1753,90249,0.890417,0,2,1682311,1680558,1753
57020541,28.9146,8.81555,1777,88321,0.889375,0,2,1682335,1680558,1777
57020541,28.3003,7.7136,1801,87853,0.889438,0,2,1682359,1680558,1801
57020541,27.7628,6.7494,1825,87385,0.888494,0,2,1682383,1680558,1825
57020541,27.2924,5.90573,1849,86917,0.886645,0,2,1682407,1680558,1849
57020541,26.8809,5.16751,1873,86449,0.88398,0,2,1682431,1680558,1873
57020541,26.5207,4.52157,1897,85981,0.882582,0,2,1682455,1680558,1897
57020541,26.2057,3.95638,1921,84053,0.878324,0,2,1682479,1680558,1921
57020541,25.9299,3.46183,1945,82125,0.875491,0,2,1682503,1680558,1945
57020541,25.6887,3.0291,1969,81657,0.870942,0,2,1682527,1680558,1969
57020541,25.4776,2.65046,1993,79729,0.863848,0,2,1682551,1680558,1993
57020541,25.2929,2.31916,2017,79261,0.858463,0,2,1682575,1680558,2017
57020541,25.1313,2.02926,2041,78793,0.852617,0,2,1682599,1680558,2041
57020541,24.9899,1.7756,2065,78325,0.846355,0,2,1682623,1680558,2065
57020541,24.8662,1.55365,2089,77858,0.83972,0,2,1682647,1680558,2089
57020541,24.7579,1.35945,2113,77390,0.834748,0,2,1682671,1680558,2113
57020541,24.6631,1.18952,2137,76922,0.827273,0,2,1682695,1680558,2137
57020541,24.5803,1.04083,2161,76454,0.821546,0,2,1682719,1680558,2161
57020541,24.5077,0.910723,2185,75986,0.817391,0,2,1682743,1680558,2185
57020541,24.4443,0.796882,2209,75518,0.814652,0,2,1682767,1680558,2209
57020541,24.3887,0.697272,2233,75050,0.810187,0,2,1682791,1680558,2233
57020541,24.3401,0.610113,2257,74582,0.806168,0,2,1682815,1680558,2257
57020541,24.2976,0.533849,2281,74114,0.802551,0,2,1682839,1680558,2281
57020541,24.2604,0.467118,2305,73646,0.797296,0,2,1682863,1680558,2305
57020541,24.2279,0.408728,2329,73178,0.792567,0,2,1682887,1680558,2329
57020541,24.1994,0.357637,2353,72710,0.78831,0,2,1682911,1680558,2353
57020541,24.1745,0.312932,2377,72242,0.782479,0,2,1682935,1680558,2377
57020541,24.1527,0.273816,2401,70314,0.777231,0,2,1682959,1680558,2401
57020541,23.2586,0.239589,2418,69846,0.772508,0,2,1682976,1680558,2418
57020541,23.3512,0.20964,2442,69519,0.766257,0,2,1683000,1680558,2442
57020541,23.4323,0.183435,2466,67160,0.760631,0,2,1683024,1680558,2466
57020541,23.5033,0.160506,2490,67160,0.755568,0,2,1683048,1680558,2490
57020541,23.5654,0.140443,2514,67160,0.751011,0,2,1683072,1680558,2514
57020541,23.6197,0.122887,2538,67160,0.74591,0,2,1683096,1680558,2538
57020541,23.6672,0.107526,2562,66780,0.741319,0,2,1683120,1680558,2562
57020541,23.7088,0.0940856,2586,66780,0.737187,0,2,1683144,1680558,2586
57020541,23.7452,0.0823249,2610,66780,0.733469,0,2,1683168,1680558,2610
57020541,23.7771,0.0720343,2634,66780,0.730122,0,2,1683192,1680558,2634
57020541,23.8049,0.06303,2658,66780,0.72711,0,2,1683216,1680558,2658
57020541,23.8293,0.0551512,2682,66780,0.724399,0,2,1683240,1680558,2682
57020541,23.8507,0.0482573,2706,66780,0.721959,0,2,1683264,1680558,2706
57020541,23.8693,0.0422252,2730,66780,0.719763,0,2,1683288,1680558,2730
57020541,23.8857,0.036947,2754,66780,0.717787,0,2,1683312,1680558,2754
57020541,23.9,0.0323286,2778,66780,0.716008,0,2,1683336,1680558,2778
57020541,23.9125,0.0282876,2802,66780,0.714407,0,2,1683360,1680558,2802
57020541,23.9234,0.0247516,2826,66780,0.712966,0,2,1683384,1680558,2826
57020541,23.933,0.0216577,2850,66780,0.71167,0,2,1683408,1680558,2850
57020541,23.9414,0.0189505,2874,66780,0.710503,0,2,1683432,1680558,2874
57020541,23.9487,0.0165817,2898,66780,0.709453,0,2,1683456,1680558,2898
57020541,23.9551,0.0145089,2922,66780,0.708507,0,2,1683480,1680558,2922
57035141,23.9607,192.013,1410,66780,0.707657,0.88,2,1683504,1682094,1410
57035141,23.9656,168.011,1434,67160,0.706891,0,2,1683528,1682094,1434
57035141,23.9699,147.01,1458,66780,0.706202,0,2,1683552,1682094,1458
57035141,23.9737,128.634,1482,66780,0.705582,0,2,1683576,1682094,1482
57035141,23.977,112.554,1506,66780,0.705023,0,2,1683600,1682094,1506
57035141,23.9798,98.485,1530,66780,0.704521,0,2,1683624,1682094,1530
57045361,23.9824,116.299,1313,66780,0.704069,0.84,2,1683648,1682335,1313
57045361,23.9846,101.762,1337,67160,0.703662,0,2,1683672,1682335,1337
57045361,23.9865,89.0417,1361,66780,0.703296,0,2,1683696,1682335,1361
57045361,23.9882,77.9115,1385,66780,0.702966,0,2,1683720,1682335,1385
57048281,23.9897,86.1726,1265,66780,0.70267,0.85,2,1683744,1682479,1265
57052661,23.991,78.401,1265,67160,0.702403,0.8,2,1683768,1682503,1265
57078941,23.9921,74.6009,1241,67160,0.702162,0.73,2,1683792,1682551,1241
57078941,23.9931,65.2758,1265,67160,0.701946,0,2,1683816,1682551,1265
57078941,23.9939,57.1163,1289,66780,0.701752,0,2,1683840,1682551,1289
57078941,23.9947,49.9768,1313,66780,0.701576,0,2,1683864,1682551,1313
57078941,23.9954,43.7297,1337,66780,0.701419,0,2,1683888,1682551,1337
57078941,23.9959,38.2635,1361,66780,0.701277,0,2,1683912,1682551,1361
57078941,23.9964,33.4805,1385,66780,0.701149,0,2,1683936,1682551,1385
57078941,23.9969,29.2955,1409,66780,0.702034,0,2,1683960,1682551,1409
57078941,23.9973,25.6335,1433,66780,0.702831,0,2,1683984,1682551,1433
57078941,23.9976,22.4293,1457,66780,0.703548,0,2,1684008,1682551,1457
57078941,23.9979,19.6257,1481,66780,0.704193,0,2,1684032,1682551,1481
57084781,23.8732,65.1725,1120,66780,0.704774,0.71,2,1684055,1682935,1120
57084781,23.889,57.0259,1144,67160,0.705296,0,2,1684079,1682935,1144
57147121,23.9029,58.0227,1103,66780,0.705767,0.71,2,1684103,1683000,1103
57150041,26.915,53.7698,1127,68620,0.73519,0.71,2,1684151,1683024,1127
57151121,28.8007,53.0486,1121,70080,0.761671,0.7,2,1684193,1683072,1121
57151121,28.2006,46.4175,1145,71540,0.785504,0,2,1684217,1683072,1145
57151121,27.6755,40.6153,1169,71540,0.806953,0,2,1684241,1683072,1169
57151121,27.2161,35.5384,1193,71540,0.826258,0,2,1684265,1683072,1193
57151121,26.8141,31.0961,1217,71540,0.843632,0,2,1684289,1683072,1217
57151121,26.4623,27.2091,1241,71540,0.859269,0,2,1684313,1683072,1241
57151121,26.1545,23.808,1265,71540,0.873342,0,2,1684337,1683072,1265
57151121,25.8852,20.832,1289,71540,0.885008,0,2,1684361,1683072,1289
57151121,25.6495,18.228,1313,71540,0.893507,0,2,1684385,1683072,1313
57151121,25.4434,15.9495,1337,71540,0.899157,0,2,1684409,1683072,1337
57151121,25.2629,13.9558,1361,71540,0.902241,0,2,1684433,1683072,1361
57151121,25.1051,12.2113,1385,71540,0.903017,0,2,1684457,1683072,1385
57151121,24.9669,10.6849,1409,71540,0.901715,0,2,1684481,1683072,1409
57151121,24.8461,9.34929,1433,71540,0.898544,0,2,1684505,1683072,1433
57151121,24.7403,8.18063,1457,71540,0.893689,0,2,1684529,1683072,1457
57151121,24.6478,7.15805,1481,71540,0.88732,0,2,1684553,1683072,1481
57151121,24.5668,6.26329,1505,71540,0.879588,0,2,1684577,1683072,1505
57151121,24.4959,5.48038,1529,71540,0.870629,0,2,1684601,1683072,1529
57151121,24.434,4.79533,1553,71540,0.860566,0,2,1684625,1683072,1553
57154041,27.3797,64.1959,1121,71540,0.84751,0.7,2,1684673,1683552,1121
57156961,29.9572,62.1714,1121,73000,0.837759,0.7,2,1684721,1683600,1121
57159881,32.2126,60.4,1121,73000,0.828983,0.7,2,1684769,1683648,1121
57162801,34.186,58.85,1121,73000,0.821085,0.7,2,1684817,1683696,1121
57165721,35.9128,57.4937,1121,74460,0.815976,0.7,2,1684865,1683744,1121
57168641,37.4237,56.307,1121,74460,0.811379,0.7,2,1684913,1683792,1121
57171561,38.7457,55.2687,1121,74460,0.807241,0.7,2,1684961,1683840,1121
57174481,39.9025,54.3601,1121,74460,0.803517,0.7,2,1685009,1683888,1121
57177401,40.9147,53.5651,1121,74460,0.800165,0.71,2,1685057,1683936,1121
57180321,41.8003,52.8694,1121,74460,0.797149,0.71,2,1685105,1683984,1121
57183241,42.5753,52.2608,1121,75920,0.796434,0.71,2,1685153,1684032,1121
57186161,43.2534,51.6032,1122,75920,0.79579,0.71,2,1685201,1684079,1122
57189081,43.8467,48.1528,1146,75920,0.795211,0.71,2,1685249,1684103,1146
57192001,44.3659,42.1337,1194,75920,0.79469,0.71,2,1685297,1684103,1194
57194921,44.8201,36.867,1242,75920,0.785221,0.71,2,1685345,1684103,1242
57197841,45.2176,32.2586,1290,75920,0.778699,0.71,2,1685393,1684103,1290
57200761,45.5654,28.2263,1338,77380,0.776829,0.71,2,1685441,1684103,1338
57203681,45.8697,24.698,1386,77380,0.776146,0.71,2,1685489,1684103,1386
57206601,46.136,21.6107,1434,77380,0.777532,0.71,2,1685537,1684103,1434
57209521,46.369,18.9094,1482,77380,0.778778,0.71,2,1685585,1684103,1482
57212441,46.5729,16.5457,1530,77380,0.779901,0.71,2,1685633,1684103,1530
57215361,46.7513,14.4775,1578,77380,0.78091,0.71,2,1685681,1684103,1578
57217061,44.4074,12.6678,1606,77380,0.783819,1,2,1685709,1684103,1606
57218521,44.8565,17.0843,1606,77380,0.786438,1,2,1685757,1684151,1606
57218521,42.2494,14.9488,1630,77380,0.790794,0,2,1685781,1684151,1630
57218521,39.9682,13.0802,1654,77380,0.794714,0,2,1685805,1684151,1654
57218521,37.9722,11.4452,1678,75920,0.798243,0.83,2,1685829,1684151,1678
57218521,36.2257,10.0145,1702,74965,0.799419,0,2,1685853,1684151,1702
57218521,34.6975,8.76271,1726,74487,0.800477,0,2,1685877,1684151,1726
57218521,33.3603,7.66737,1750,74009,0.799429,0,2,1685901,1684151,1750
57218521,32.1902,6.70895,1774,73531,0.798486,0,2,1685925,1684151,1774
57218521,31.1665,5.87033,1798,73054,0.797638,0,2,1685949,1684151,1798
57218521,30.2707,5.13654,1822,72576,0.794874,0,2,1685973,1684151,1822
57218521,29.4868,4.49447,1846,72098,0.792386,0,2,1685997,1684151,1846
57218521,28.801,3.93266,1870,71620,0.790148,0,2,1686021,1684151,1870
57218521,28.2008,3.44108,1894,71142,0.786133,0,2,1686045,1684151,1894
57218521,27.6757,3.01095,1918,70664,0.78252,0,2,1686069,1684151,1918
57218521,27.2163,2.63458,1942,70187,0.779268,0,2,1686093,1684151,1942
57218521,26.8142,2.30525,1966,69709,0.774341,0,2,1686117,1684151,1966
57218521,26.4625,2.0171,1990,69231,0.769907,0,2,1686141,1684151,1990
57218521,26.1547,1.76496,2014,68753,0.765916,0,2,1686165,1684151,2014
57218521,25.8853,1.54434,2038,68275,0.760325,0,2,1686189,1684151,2038
57218521,25.6497,1.3513,2062,67798,0.755292,0,2,1686213,1684151,2062
57218521,25.4434,1.18239,2086,67320,0.750763,0,2,1686237,1684151,2086
57218521,25.263,1.03459,2110,66842,0.744687,0,2,1686261,1684151,2110
57218521,25.1051,0.905264,2134,66364,0.739218,0,2,1686285,1684151,2134
57218521,24.967,0.792106,2158,65886,0.734296,0,2,1686309,1684151,2158
57218521,24.8461,0.693093,2182,65408,0.727867,0,2,1686333,1684151,2182
57218521,24.7404,0.606456,2206,64931,0.72208,0,2,1686357,1684151,2206
57218521,24.6478,0.530649,2230,64453,0.716872,0,2,1686381,1684151,2230
57218521,24.5668,0.464318,2254,63975,0.710185,0,2,1686405,1684151,2254
57218521,24.496,0.406278,2278,63497,0.704166,0,2,1686429,1684151,2278
57218521,24.0586,0.0479681,2662,54020,0.598961,0,1,1686813,1684151,2662
57218521,24.0512,0.0419721,2686,54020,0.592065,0,1,1686837,1684151,2686
57218521,24.0448,0.0367256,2710,54020,0.585858,0,1,1686861,1684151,2710
57218521,24.0392,0.0321349,2734,54020,0.580272,0,1,1686885,1684151,2734
57218521,24.0343,0.028118,2758,54020,0.575245,0,1,1686909,1684151,2758
57218521,24.03,0.0246033,2782,54020,0.570721,0,1,1686933,1684151,2782
57218521,24.0263,0.0215279,2806,54020,0.566649,0,1,1686957,1684151,2806
57218521,24.023,0.0188369,2830,54020,0.562984,0,1,1686981,1684151,2830
57218521,24.0201,0.0164823,2854,54020,0.559685,0,1,1687005,1684151,2854
57218521,24.0176,0.014422,2878,54020,0.555717,0,1,1687029,1684151,2878
57298821,24.0154,206.763,1248,52820,0.552145,0.52,1,1687053,1685805,1248
57301741,27.0135,186.917,1248,55480,0.548931,0.79,1,1687101,1685853,1248
57304661,29.6368,172.553,1224,56940,0.550038,0.77,1,1687149,1685925,1224
57307581,31.9322,159.984,1200,58400,0.553034,0.75,1,1687197,1685997,1200
57310501,33.9407,148.986,1176,59860,0.55773,0.73,1,1687245,1686069,1176
57313421,35.6981,139.362,1152,59860,0.561957,0.71,1,1687293,1686141,1152
57316341,37.2358,130.942,1128,59860,0.565762,0.69,1,1687341,1686213,1128
57319261,38.5813,123.574,1104,59860,0.569185,0.67,1,1687389,1686285,1104
57322181,39.7587,117.128,1080,61320,0.574267,0.65,1,1687437,1686357,1080
57325101,40.7888,111.487,1056,61320,0.57884,0.63,1,1687485,1686429,1056
57328021,41.6902,106.551,1032,61320,0.582956,0.61,1,1687533,1686501,1032
57330941,42.479,102.232,1008,61320,0.586661,0.59,1,1687581,1686573,1008
57333861,43.1691,98.4529,984,61320,0.589995,0.57,1,1687629,1686645,984
57336781,43.773,95.1463,960,61320,0.592995,0.53,1,1687677,1686717,960
57339701,44.3013,95.253,912,61320,0.595696,0.53,1,1687725,1686813,912
57342621,44.7637,89.3464,912,61320,0.598126,0.53,1,1687773,1686861,912
57579401,47.9999,47.7549,1104,70080,0.701041,0.67,2,1691690,1690586,1104
57582321,47.9999,47.7855,1104,70080,0.703937,0.67,2,1691738,1690634,1104
57585241,47.9999,47.8123,1104,70080,0.706544,0.69,2,1691786,1690682,1104
57588161,47.9999,47.8358,1104,70080,0.708889,0.69,2,1691834,1690730,1104
57591081,47.9999,47.8563,1104,71540,0.713,0.69,2,1691882,1690778,1104
57594001,47.9999,47.8743,1104,71540,0.7167,0.69,2,1691930,1690826,1104
57596921,47.9999,47.89,1104,71540,0.72003,0.69,2,1691978,1690874,1104
57599841,48,47.9038,1104,71540,0.723027,0.69,2,1692026,1690922,1104
57602761,48,47.9158,1104,71540,0.725724,0.69,2,1692074,1690970,1104
57605681,48,47.9263,1104,71540,0.728152,0.69,2,1692122,1691018,1104
57608601,48,47.9355,1104,73000,0.732337,0.69,2,1692170,1691066,1104
57611521,48,47.9436,1104,73000,0.736103,0.69,2,1692218,1691114,1104
57614441,48,47.9506,1104,73000,0.739493,0.69,2,1692266,1691162,1104
57617361,48,47.9568,1104,73000,0.742544,0.69,2,1692314,1691210,1104
57620281,48,47.9622,1104,73000,0.745289,0.69,2,1692362,1691258,1104
57623201,48,47.9669,1104,74460,0.74976,0.69,2,1692410,1691306,1104
57626121,48,41.9711,1152,74460,0.753784,0.71,2,1692458,1691306,1152
57629041,48,42.7247,1152,74460,0.757406,0.71,2,1692506,1691354,1152
57631961,48,43.3841,1152,75920,0.762665,0.71,2,1692554,1691402,1152
57634881,48,43.9611,1152,75920,0.767399,0.71,2,1692602,1691450,1152
57637801,48,44.4659,1152,75920,0.770659,0.71,2,1692650,1691498,1152
57640721,48,44.9077,1152,77380,0.769593,0.71,2,1692698,1691546,1152
57643641,48,45.2942,1152,77380,0.764634,0.71,2,1692746,1691594,1152
57646561,48,45.6325,1152,77380,0.75617,0.73,2,1692794,1691642,1152
57649481,48,45.9284,1152,78840,0.744553,0.73,2,1692842,1691690,1152
57652401,48,46.1874,1152,78840,0.730098,0.73,2,1692890,1691738,1152
57655321,48,46.4139,1152,78840,0.713088,0.73,2,1692938,1691786,1152
57661161,48,40.7857,1200,80300,0.710401,0.75,2,1693034,1691834,1200
57664081,48,41.6875,1200,81760,0.727361,0.75,2,1693082,1691882,1200
57667001,48,42.4765,1200,81760,0.742625,0.75,2,1693130,1691930,1200
57669921,48,43.167,1200,83220,0.758363,0.75,2,1693178,1691978,1200
57672841,48,43.7711,1200,83220,0.772526,0.75,2,1693226,1692026,1200
57675761,48,44.2997,1200,84680,0.787274,0.75,2,1693274,1692074,1200
57678681,48,44.7622,1200,84680,0.800546,0.77,2,1693322,1692122,1200
57681601,48,45.167,1200,86140,0.814492,0.77,2,1693370,1692170,1200
57684521,48,45.5211,1200,86140,0.827043,0.77,2,1693418,1692218,1200
57687441,48,45.831,1200,87600,0.840338,0.77,2,1693466,1692266,1200
57690361,48,46.1021,1200,87600,0.852304,0.77,2,1693514,1692314,1200
57693281,48,46.3393,1200,89060,0.865074,0.77,2,1693562,1692362,1200
57696201,48,40.5469,1248,89060,0.875567,0.79,2,1693610,1692362,1248
57699121,48,41.4785,1248,90520,0.88701,0.79,2,1693658,1692410,1248
57702041,48,42.2937,1248,90520,0.897309,0.79,2,1693706,1692458,1248
57704961,48,43.007,1248,91980,0.906578,0.81,2,1693754,1692506,1248
57707881,48,43.6311,1248,93440,0.91492,0.81,2,1693802,1692554,1248
57709601,45.625,44.1772,1229,93440,0.923428,0.52,2,1693831,1692602,1229
57712521,45.9219,88.9051,875,94900,0.931085,0.52,2,1693879,1693004,875
57715441,46.1816,77.792,923,96360,0.937977,0.52,2,1693927,1693004,923
57718361,46.4089,68.068,971,96360,0.944179,0.52,2,1693975,1693004,971
57721281,46.6078,59.5595,1019,97820,0.949761,0.52,2,1694023,1693004,1019
57792821,34.8446,15.5502,1662,124835,0.944778,0,2,1695368,1693706,1662
57792821,33.489,13.6064,1686,122924,0.9313,0,2,1695392,1693706,1686
57792821,32.3029,11.9056,1710,121013,0.91717,0,2,1695416,1693706,1710
57792821,31.265,10.4174,1734,119101,0.900453,0,2,1695440,1693706,1734
57792821,30.3569,9.11524,1758,118650,0.883408,0,2,1695464,1693706,1758
57792821,29.5623,7.97583,1782,116739,0.866067,0,2,1695488,1693706,1782
57792821,28.867,6.97885,1806,114827,0.84646,0,2,1695512,1693706,1806
57792821,28.2586,6.1065,1830,111456,0.826814,0,2,1695536,1693706,1830
57792821,27.7263,5.34318,1854,111005,0.810133,0,2,1695560,1693706,1854
57792821,27.2605,4.67529,1878,109094,0.79112,0,2,1695584,1693706,1878
57792821,26.853,4.09088,1902,105722,0.772008,0,2,1695608,1693706,1902
57792821,26.4963,3.57952,1926,103811,0.755807,0,2,1695632,1693706,1926
57792821,26.1843,3.13208,1950,100440,0.739226,0,2,1695656,1693706,1950
57792821,25.9113,2.74057,1974,97068,0.723304,0,2,1695680,1693706,1974
57792821,25.6723,2.398,1998,93697,0.709973,0,2,1695704,1693706,1998
57838081,23.2157,56.8027,979,70060,0.70111,0.62,2,1696731,1695752,979
57841001,23.3137,52.7023,979,69700,0.702999,0.6,2,1696755,1695776,979
57842461,23.3995,49.1145,979,70060,0.706699,0.61,2,1696779,1695800,979
57845381,23.4746,45.9752,979,69700,0.708029,0.62,2,1696803,1695824,979
57846841,23.5402,43.2283,979,70060,0.711226,0.62,2,1696827,1695848,979
57849761,23.5977,40.8248,979,69700,0.712103,0.61,2,1696851,1695872,979
57851221,23.648,38.7217,979,70060,0.714893,0.62,2,1696875,1695896,979
57854141,23.692,36.8815,979,69700,0.715404,0.61,2,1696899,1695920,979
57855601,23.7305,35.2713,979,70060,0.717863,0.62,2,1696923,1695944,979
57858521,23.7642,33.8624,979,69700,0.718077,0.63,2,1696947,1695968,979
57859981,23.7937,32.6296,979,70060,0.720269,0.63,2,1696971,1695992,979
57861441,23.8195,31.5509,979,69700,0.720242,0.61,2,1696995,1696016,979
57864361,23.842,30.607,979,70060,0.722218,0.61,2,1697019,1696040,979
57865821,23.8618,29.7811,979,69700,0.721996,0.6,2,1697043,1696064,979
57868741,23.879,29.0585,979,70060,0.723797,0.61,2,1697067,1696088,979
57870201,23.8942,28.4262,979,69700,0.723417,0.62,2,1697091,1696112,979
57871661,23.9074,27.8729,979,70060,0.725075,0.61,2,1697115,1696136,979
57876041,23.919,27.3888,979,69700,0.724568,0.61,2,1697139,1696160,979
57877501,23.9291,26.9652,979,70060,0.726111,0.59,2,1697163,1696184,979
57878961,23.938,28.4696,964,69700,0.7255,0.59,2,1697187,1696223,964
57881881,23.9457,27.9109,964,70060,0.72695,0.59,2,1697211,1696247,964
57883341,23.9525,27.922,960,69700,0.726255,0.59,2,1697235,1696275,960
57884801,23.9584,28.6817,950,70060,0.728629,0.59,2,1697259,1696309,950
57889181,23.9636,28.0965,950,69700,0.728767,0.59,2,1697283,1696333,950
57892101,23.8432,28.0845,945,70060,0.73089,0.57,2,1697306,1696361,945
57893561,23.8628,28.8239,935,69700,0.730801,0.57,2,1697330,1696395,935
57923841,23.8799,25.2209,959,70060,0.732721,0.61,2,1697354,1696395,959
57926761,26.8949,23.0683,999,91980,0.759449,0.72,2,1697402,1696403,999
57929681,29.5331,20.1848,1047,93440,0.783504,0.61,2,1697450,1696403,1047
57931121,31.7164,17.6617,1094,94900,0.805153,0.72,2,1697497,1696403,1094
57931121,30.7519,15.454,1118,94900,0.824638,0,2,1697521,1696403,1118
57931121,29.9079,13.5222,1142,94900,0.842174,0,2,1697545,1696403,1142
57931121,29.1694,11.8319,1166,94900,0.857957,0,2,1697569,1696403,1166
57934041,31.5232,18.3529,1150,94900,0.872161,0.72,2,1697617,1696467,1150
57936961,33.5828,22.0588,1150,96360,0.882945,0.72,2,1697665,1696515,1150
57939881,35.385,25.3015,1150,96360,0.888651,0.72,2,1697713,1696563,1150
57942801,36.9619,28.1388,1150,96360,0.889785,0.72,2,1697761,1696611,1150
57945721,38.3416,30.6214,1150,97820,0.886807,0.72,2,1697809,1696659,1150
57948641,39.5489,32.7938,1150,97820,0.880126,0.72,2,1697857,1696707,1150
57951561,40.6053,34.6945,1150,97820,0.870114,0.72,2,1697905,1696755,1150
57954481,41.5296,36.3577,1150,99280,0.857102,0.72,2,1697953,1696803,1150
57957401,42.3384,37.813,1150,99280,0.841392,0.72,2,1698001,1696851,1150
57960321,43.0461,39.0864,1150,99280,0.823253,0.72,2,1698049,1696899,1150
57963241,43.6654,40.2006,1150,100740,0.802928,0.72,2,1698097,1696947,1150
57966161,44.2072,41.1755,1150,100740,0.780635,0.72,2,1698145,1696995,1150
57969081,44.6813,42.0286,1150,102200,0.756571,0.72,2,1698193,1697043,1150
57972001,45.0961,42.775,1150,102200,0.730914,0.72,2,1698241,1697091,1150
57974921,45.4591,43.4281,1150,102200,0.703823,0.72,2,1698289,1697139,1150
57986601,46.5106,45.1951,1151,105120,0.583776,0.75,1,1698481,1697330,1151
57989521,46.6968,42.5457,1175,105120,0.551399,0.75,1,1698529,1697354,1175
57992441,46.8597,37.2275,1223,106580,0.507259,0.75,1,1698577,1697354,1223
57995361,47.0022,32.574,1271,106580,0.465533,0.75,1,1698625,1697354,1271
57998281,47.1269,28.5023,1319,106580,0.425979,0.75,1,1698673,1697354,1319
58001201,47.2361,24.9395,1367,108040,0.388382,0.75,1,1698721,1697354,1367
58004121,47.3316,21.8221,1415,108040,0.352543,0.75,1,1698769,1697354,1415
58007041,47.4151,19.0943,1463,108040,0.318289,0.75,1,1698817,1697354,1463
58009961,47.4882,16.7075,1511,109500,0.28646,1,1,1698865,1697354,1511
58012881,47.5522,20.6191,1511,109500,0.257814,1,1,1698913,1697402,1511
58015801,47.6082,18.0417,1559,109500,0.232033,1,1,1698961,1697402,1559
58018721,47.6571,15.7865,1607,110960,0.208829,1,1,1699009,1697402,1607
58021641,47.7,19.8132,1607,110960,0.187947,1,1,1699057,1697450,1607
58022641,68.7375,17.3365,1823,110960,0.169152,0,1,1699273,1697450,1823
58025561,129.645,278.794,270,110960,0.252237,0,1,1699829,1699559,270
58028481,119.44,243.945,318,112420,0.327013,0,1,1699877,1699559,318
58031401,110.51,213.452,366,112420,0.394312,0,1,1699925,1699559,366
58034321,102.696,186.771,414,113880,0.454881,0,1,1699973,1699559,414
58037241,95.859,163.424,462,113880,0.509392,0,1,1700021,1699559,462
58040161,89.8766,142.996,510,113880,0.558453,0,1,1700069,1699559,510
58051841,72.5473,83.8217,702,116800,0.710301,0,2,1700261,1699559,702
58054761,69.4789,73.344,750,116800,0.739271,0,2,1700309,1699559,750
58057681,66.794,64.176,798,116800,0.765344,0,2,1700357,1699559,798
58060601,64.4448,56.154,846,116800,0.78881,0,2,1700405,1699559,846
58063521,62.3892,49.1348,894,118260,0.809929,0,2,1700453,1699559,894
58066441,60.5905,42.9929,942,118260,0.828936,0,2,1700501,1699559,942
58069361,59.0167,37.6188,990,118260,0.846042,0,2,1700549,1699559,990
58072281,57.6396,32.9164,1038,118260,0.861438,0,2,1700597,1699559,1038
58075201,56.4347,28.8019,1086,118260,0.875294,0,2,1700645,1699559,1086
58078121,55.3803,25.2017,1134,119720,0.887765,0,2,1700693,1699559,1134
58081041,54.4578,22.0514,1182,119720,0.898988,0,2,1700741,1699559,1182
58083961,53.6506,19.295,1230,119720,0.874089,0,2,1700789,1699559,1230
58086881,52.9442,16.8831,1278,119720,0.847681,0,2,1700837,1699559,1278
58089801,52.3262,14.7727,1326,119720,0.818912,0,2,1700885,1699559,1326
58092721,51.7854,12.9262,1374,121180,0.789021,0,2,1700933,1699559,1374
58095641,51.3123,11.3104,1422,121180,0.758119,0,2,1700981,1699559,1422
58098561,50.8982,9.89659,1470,121180,0.723307,0,2,1701029,1699559,1470
58104401,44.0739,5.8012,1614,122640,0.585065,0,1,1701173,1699559,1614
58104401,41.5647,5.07605,1638,122640,0.551558,0,1,1701197,1699559,1638
58104401,39.3691,4.44154,1662,74020,0.522403,0.25,1,1701221,1699559,1662
58104401,37.4479,3.88635,1686,74020,0.497162,0,1,1701245,1699559,1686
58104401,35.8919,3.40056,1711,74020,0.475446,0,1,1701270,1699559,1711
58104401,34.4055,2.97549,1735,74020,0.456901,0,1,1701294,1699559,1735
58104401,33.1048,2.60355,1759,74020,0.441211,0,1,1701318,1699559,1759
58104401,31.9667,2.27811,1783,72560,0.42809,0,1,1701342,1699559,1783
58104401,30.9708,1.99334,1807,72560,0.417281,0,1,1701366,1699559,1807
58104401,30.0995,1.74418,1831,71100,0.408553,0,1,1701390,1699559,1831
58104401,29.337,1.52615,1855,71100,0.401698,0,1,1701414,1699559,1855
58104401,28.6699,1.33538,1879,69640,0.396528,0,1,1701438,1699559,1879
58104401,28.0862,1.16846,1903,69640,0.392875,0,1,1701462,1699559,1903
58104401,27.5754,1.0224,1927,68180,0.390588,0,1,1701486,1699559,1927
58104401,27.1285,0.894603,1951,66720,0.389529,0,1,1701510,1699559,1951
58104401,26.7374,0.782778,1975,66720,0.389576,0,1,1701534,1699559,1975
58104401,26.3952,0.684931,1999,65260,0.390618,0,1,1701558,1699559,1999
58104401,26.0958,0.599314,2023,65260,0.392557,0,1,1701582,1699559,2023
58104401,25.8339,0.5244,2047,63800,0.395301,0,1,1701606,1699559,2047
58104401,25.6046,0.45885,2071,63800,0.398771,0,1,1701630,1699559,2071
58104401,25.404,0.401494,2095,63800,0.402894,0,1,1701654,1699559,2095
58104401,25.2285,0.351307,2119,63800,0.407604,0,1,1701678,1699559,2119
58104401,25.075,0.307394,2143,62340,0.412844,0,1,1701702,1699559,2143
58104401,24.9406,0.268969,2167,62340,0.41856,0,1,1701726,1699559,2167
58104401,24.823,0.235348,2191,60880,0.424704,0,1,1701750,1699559,2191
58104401,24.7201,0.20593,2215,60880,0.431233,0,1,1701774,1699559,2215
58104401,24.6301,0.180188,2239,59420,0.43811,0,1,1701798,1699559,2239
58104401,24.5514,0.157665,2263,59420,0.445299,0,1,1701822,1699559,2263
58104401,24.4824,0.137957,2287,59420,0.451769,0,1,1701846,1699559,2287
58104401,24.4221,0.120712,2311,59420,0.457592,0,1,1701870,1699559,2311
58104401,24.3694,0.105623,2335,57960,0.462833,0,1,1701894,1699559,2335
58104401,24.3232,0.0924203,2359,57960,0.46755,0,1,1701918,1699559,2359
58104401,24.2828,0.0808678,2383,56500,0.471795,0,1,1701942,1699559,2383
58104401,24.2474,0.0707593,2407,56500,0.475615,0,1,1701966,1699559,2407
58104401,24.2165,0.0619144,2431,55040,0.479054,0,1,1701990,1699559,2431
58104401,24.1895,0.0541751,2455,55040,0.482148,0,1,1702014,1699559,2455
58104401,23.2908,0.0474032,2472,53580,0.484933,0,1,1702031,1699559,2472
58113161,23.3794,204.791,858,53580,0.48544,0.27,1,1702055,1701197,858
58113161,23.457,179.193,882,53580,0.487896,0,1,1702079,1701197,882
58117541,23.5249,162.793,858,53580,0.488106,0.29,1,1702103,1701245,858
58117541,23.5843,142.444,882,52560,0.490296,0,1,1702127,1701245,882
58121921,23.6362,130.764,857,52560,0.490266,0.31,1,1702151,1701294,857
58121921,23.6817,114.418,881,50660,0.48824,0,1,1702175,1701294,881
58126301,23.7215,106.116,857,50660,0.484416,0.33,1,1702199,1701342,857
58126301,23.7563,92.8515,881,49640,0.482974,0,1,1702223,1701342,881
58129221,23.7868,87.2451,857,49640,0.479677,0.34,1,1702247,1701390,857
58133601,23.8134,79.3394,857,49200,0.474709,0.39,1,1702271,1701414,857
58133601,23.8367,69.422,881,48180,0.472238,0,1,1702295,1701414,881
58133601,23.8571,60.7443,905,48180,0.468014,0,1,1702319,1701414,905
58133601,23.875,53.1512,929,46720,0.464213,0,1,1702343,1701414,929
58133601,23.8906,46.5073,953,46720,0.460792,0,1,1702367,1701414,953
58137981,23.9043,55.6939,857,46720,0.457712,0.41,1,1702391,1701534,857
58137981,23.9163,48.7322,881,46280,0.452941,0,1,1702415,1701534,881
58145281,23.9267,48.6406,857,45260,0.448647,0.45,1,1702439,1701582,857
58145281,23.9359,42.5606,881,46720,0.446782,0,1,1702463,1701582,881
58145281,23.9439,37.2405,905,46720,0.445104,0,1,1702487,1701582,905
58145281,23.9509,32.5854,929,46720,0.443594,0,1,1702511,1701582,929
58149661,23.9571,40.5123,857,46720,0.442234,0.47,1,1702535,1701678,857
58149661,23.9624,35.4482,881,46280,0.439011,0,1,1702559,1701678,881
58154041,23.9671,37.0172,857,45260,0.43611,0.49,1,1702583,1701726,857
58154041,23.9712,32.39,881,46720,0.435499,0,1,1702607,1701726,881
58161341,23.9748,34.3413,857,46720,0.434949,0.51,1,1702631,1701774,857
58161341,23.978,30.0486,881,46280,0.432454,0,1,1702655,1701774,881
58161341,23.9807,26.2925,905,45260,0.430209,0,1,1702679,1701774,905
58161341,23.9831,23.006,929,45260,0.428188,0,1,1702703,1701774,929
58165721,23.9852,32.1302,857,45260,0.426369,0.51,1,1702727,1701870,857
58165721,23.9871,28.114,881,46720,0.426732,0,1,1702751,1701870,881
58170101,23.9887,30.5997,857,46720,0.427059,0.51,1,1702775,1701918,857
58170101,23.9901,26.7747,881,46280,0.425353,0,1,1702799,1701918,881
58174481,23.9913,29.4279,857,45260,0.423818,0.51,1,1702823,1701966,857
58174481,23.9924,25.7494,881,46720,0.424436,0,1,1702847,1701966,881
58178861,23.8684,28.5307,856,46720,0.424992,0.43,1,1702870,1702014,856
58178861,23.8848,24.9644,880,46280,0.423493,0,1,1702894,1702014,880
58178861,23.8992,21.8438,904,45260,0.422144,0,1,1702918,1702014,904
58178861,23.9118,19.1134,928,45260,0.420929,0,1,1702942,1702014,928
58178861,23.9228,16.7242,952,45260,0.419836,0,1,1702966,1702014,952
58178861,23.9325,14.6337,976,45260,0.418853,0,1,1702990,1702014,976
58178861,23.9409,12.8045,1000,45260,0.417968,0,1,1703014,1702014,1000
58178861,23.9483,11.2039,1024,45260,0.417171,0,1,1703038,1702014,1024
58178861,23.9548,9.80342,1048,45260,0.416454,0,1,1703062,1702014,1048
58216381,23.9604,46.703,767,45260,0.415808,0.43,1,1703086,1702319,767
58219301,26.9654,43.8651,791,86140,0.469228,0.41,1,1703134,1702343,791
58222221,29.5947,47.382,767,87600,0.519305,0.41,1,1703182,1702415,767
58225141,31.8954,44.4592,791,87600,0.564374,0.43,1,1703230,1702439,791
58236821,38.5598,48.5963,767,89060,0.707669,0.41,2,1703422,1702655,767
58239741,39.7398,48.5218,767,89060,0.735902,0.41,2,1703470,1702703,767
58242661,40.7723,45.4566,791,89060,0.761312,0.41,2,1703518,1702727,791
58245581,41.6758,48.7745,767,89060,0.784181,0.41,2,1703566,1702799,767
58248501,42.4663,45.6777,791,90520,0.805763,0.41,2,1703614,1702823,791
58251421,43.158,48.843,768,90520,0.825186,0.41,2,1703662,1702894,768
58254341,43.7633,48.7376,768,90520,0.842668,0.41,2,1703710,1702942,768
58257261,44.2929,48.6454,768,90520,0.858401,0.41,2,1703758,1702990,768
58260181,44.7562,48.5647,768,90520,0.872561,0.41,2,1703806,1703038,768
58263101,45.1617,48.4941,768,91980,0.885305,0.41,2,1703854,1703086,768
58266021,45.5165,42.4324,816,91980,0.896774,0.41,2,1703902,1703086,816
58268941,45.8269,37.1283,864,91980,0.907097,0.41,2,1703950,1703086,864
58271861,46.0986,32.4873,912,91980,0.916387,0.41,2,1703998,1703086,912
58274781,46.3363,28.4264,960,91980,0.924748,0.41,2,1704046,1703086,960
58277701,46.5442,24.8731,1008,93440,0.932274,0.41,2,1704094,1703086,1008
58280621,46.7262,21.7639,1056,93440,0.939046,0.41,2,1704142,1703086,1056
58283541,46.8854,19.0434,1104,93440,0.945142,0.41,2,1704190,1703086,1104
58340481,30.4029,10.129,1729,91674,0.948809,0,2,1705391,1703662,1729
58340481,29.6025,8.86288,1753,91196,0.944928,0,2,1705415,1703662,1753
58340481,28.9022,7.75502,1777,89258,0.937435,0,2,1705439,1703662,1777
58340481,28.2894,6.78564,1801,88779,0.929692,0,2,1705463,1703662,1801
58340481,27.7533,5.93744,1825,88301,0.923723,0,2,1705487,1703662,1825
58340481,27.2841,5.19526,1849,87823,0.91535,0,2,1705511,1703662,1849
58340481,26.8736,4.54585,1873,87344,0.908815,0,2,1705535,1703662,1873
58340481,26.5144,3.97762,1897,85406,0.901934,0,2,1705559,1703662,1897
58340481,26.2001,3.48042,1921,84928,0.89474,0,2,1705583,1703662,1921
58340481,25.9251,3.04537,1945,82990,0.887266,0,2,1705607,1703662,1945
58340481,25.6844,2.66469,1969,82511,0.88154,0,2,1705631,1703662,1969
58340481,25.4739,2.33161,1993,80573,0.872386,0,2,1705655,1703662,1993
58340481,25.2897,2.04016,2017,80095,0.863147,0,2,1705679,1703662,2017
58340481,25.1284,1.78514,2041,79616,0.855833,0,2,1705703,1703662,2041
58340481,24.9874,1.562,2065,79138,0.846249,0,2,1705727,1703662,2065
58340481,24.864,1.36675,2089,78660,0.838624,0,2,1705751,1703662,2089
58340481,24.756,1.1959,2113,78182,0.830762,0,2,1705775,1703662,2113
58340481,24.6615,1.04641,2137,77703,0.822686,0,2,1705799,1703662,2137
58340481,24.5788,0.915613,2161,77225,0.814417,0,2,1705823,1703662,2161
58340481,24.5064,0.801161,2185,76747,0.807975,0,2,1705847,1703662,2185
58340481,24.4431,0.701016,2209,74808,0.799178,0,2,1705871,1703662,2209
58340481,24.3877,0.613389,2233,74330,0.79226,0,2,1705895,1703662,2233
58340481,24.3393,0.536715,2257,73852,0.787034,0,2,1705919,1703662,2257
58340481,24.2969,0.469626,2281,73374,0.780331,0,2,1705943,1703662,2281
58340481,24.2598,0.410923,2305,71435,0.773298,0,2,1705967,1703662,2305
58340481,24.2273,0.359557,2329,69497,0.767968,0,2,1705991,1703662,2329
58340481,24.1989,0.314613,2353,69019,0.762171,0,2,1706015,1703662,2353
58340481,24.174,0.275286,2377,66300,0.756954,0,2,1706039,1703662,2377
58340481,24.1523,0.240875,2401,66300,0.751259,0,2,1706063,1703662,2401
58340481,24.1332,0.210766,2425,66300,0.747133,0,2,1706087,1703662,2425
58340481,24.1166,0.18442,2449,66300,0.742419,0,2,1706111,1703662,2449
58340481,24.102,0.161368,2473,66300,0.739177,0,2,1706135,1703662,2473
58340481,24.0893,0.141197,2497,66300,0.73626,0,2,1706159,1703662,2497
58340481,24.0781,0.123547,2521,66300,0.733634,0,2,1706183,1703662,2521
58340481,24.0683,0.108104,2545,66300,0.73027,0,2,1706207,1703662,2545
58340481,22.3098,0.0945908,2555,66160,0.727243,0,2,1706217,1703662,2555
58340481,22.5211,0.0827669,2579,66160,0.722519,0,2,1706241,1703662,2579
58340481,22.7059,0.0724211,2603,66160,0.718267,0,2,1706265,1703662,2603
58340481,22.8677,0.0633684,2627,65560,0.71444,0,2,1706289,1703662,2627
58340481,23.0092,0.0554474,2651,65560,0.710996,0,2,1706313,1703662,2651
58340481,23.1331,0.0485165,2675,65560,0.707897,0,2,1706337,1703662,2675
58340481,23.2414,0.0424519,2699,65560,0.705107,0,2,1706361,1703662,2699
58340481,23.3363,0.0371454,2723,65560,0.702596,0,2,1706385,1703662,2723
58340481,23.4192,0.0325022,2747,65560,0.700337,0,2,1706409,1703662,2747
58401801,23.8612,51.1597,1113,67160,0.700776,0.71,2,1707080,1705967,1113
58460801,23.8785,50.7647,1089,67160,0.701698,0.71,2,1707104,1706015,1089
58463721,26.8937,47.4191,1113,68620,0.731528,0.71,2,1707152,1706039,1113
58466641,29.532,47.4917,1113,70080,0.758376,0.71,2,1707200,1706087,1113
58469561,31.8405,47.5553,1113,71540,0.782538,0.71,2,1707248,1706135,1113
58470881,33.4854,47.6109,1110,71540,0.804284,0.7,2,1707293,1706183,1110
58470881,32.2998,41.6595,1134,73000,0.823856,0,2,1707317,1706183,1134
58470881,31.2623,36.4521,1158,73000,0.84147,0,2,1707341,1706183,1158
58470881,30.3545,31.8956,1182,73000,0.857323,0,2,1707365,1706183,1182
58470881,29.5602,27.9086,1206,73000,0.871591,0,2,1707389,1706183,1206
58470881,28.8652,24.42,1230,73000,0.884432,0,2,1707413,1706183,1230
58470881,28.257,21.3675,1254,73000,0.894989,0,2,1707437,1706183,1254
58470881,27.7249,18.6966,1278,73000,0.90249,0,2,1707461,1706183,1278
58470881,27.2593,16.3595,1302,73000,0.907241,0,2,1707485,1706183,1302
58470881,26.8519,14.3146,1326,73000,0.909517,0,2,1707509,1706183,1326
58470881,26.4954,12.5253,1350,73000,0.909565,0,2,1707533,1706183,1350
58470881,26.1835,10.9596,1374,73000,0.907609,0,2,1707557,1706183,1374
58470881,25.9105,9.58965,1398,73000,0.903848,0,2,1707581,1706183,1398
58470881,25.6717,8.39094,1422,73000,0.898463,0,2,1707605,1706183,1422
58470881,25.4628,7.34208,1446,73000,0.891617,0,2,1707629,1706183,1446
58470881,25.2799,6.42432,1470,73000,0.883455,0,2,1707653,1706183,1470
58470881,25.1199,5.62128,1494,73000,0.87411,0,2,1707677,1706183,1494
58473801,27.9799,57.1686,1124,73000,0.861699,0.7,2,1707725,1706601,1124
58476721,30.4824,56.0225,1124,73000,0.850529,0.7,2,1707773,1706649,1124
58479641,32.6721,55.0197,1124,73000,0.840476,0.7,2,1707821,1706697,1124
58482561,34.5881,54.1423,1124,74460,0.833428,0.7,2,1707869,1706745,1124
58485481,36.2646,53.3745,1124,74460,0.827085,0.7,2,1707917,1706793,1124
58488401,37.7315,52.7027,1124,74460,0.821377,0.7,2,1707965,1706841,1124
58491321,39.0151,52.1148,1124,74460,0.816239,0.7,2,1708013,1706889,1124
58494241,40.1382,51.6005,1124,74460,0.811615,0.7,2,1708061,1706937,1124
58497161,41.1209,51.1504,1124,74460,0.807454,0.7,2,1708109,1706985,1124
58500081,41.9808,50.7566,1124,75920,0.805708,0.71,2,1708157,1707033,1124
58503001,42.7332,50.287,1125,75920,0.804137,0.71,2,1708205,1707080,1125
58505921,43.3916,47.0012,1149,75920,0.802724,0.71,2,1708253,1707104,1149
58508841,43.9676,41.126,1197,75920,0.801451,0.71,2,1708301,1707104,1197
58511761,44.4717,35.9853,1245,75920,0.792306,0.71,2,1708349,1707104,1245
58514681,44.9127,31.4871,1293,75920,0.783076,0.71,2,1708397,1707104,1293
58517601,45.2986,27.5512,1341,77380,0.776768,0.71,2,1708445,1707104,1341
58520521,45.6363,24.1073,1389,77380,0.773091,0.71,2,1708493,1707104,1389
58523441,45.9318,21.0939,1437,77380,0.771782,0.71,2,1708541,1707104,1437
58526361,46.1903,18.4572,1485,77380,0.772604,0.71,2,1708589,1707104,1485
58528081,44.0415,16.15,1514,77380,0.776344,1,2,1708618,1707104,1514
58528081,41.5363,14.1313,1538,77380,0.781709,0,2,1708642,1707104,1538
58528081,39.3443,12.3649,1562,77380,0.786538,0,2,1708666,1707104,1562
58528081,37.4262,10.8192,1586,77380,0.790884,0,2,1708690,1707104,1586
58528081,35.748,9.46684,1610,75920,0.794796,0.83,2,1708714,1707104,1610
58528081,34.2795,8.28349,1634,74965,0.796316,0,2,1708738,1707104,1634
58528081,32.9945,7.24805,1658,74487,0.797685,0,2,1708762,1707104,1658
58528081,31.8702,6.34205,1682,74009,0.796916,0,2,1708786,1707104,1682
58528081,30.8864,5.54929,1706,73531,0.796225,0,2,1708810,1707104,1706
58528081,30.0256,4.85563,1730,73054,0.795602,0,2,1708834,1707104,1730
58528081,29.2724,4.24868,1754,72576,0.793042,0,2,1708858,1707104,1754
58528081,28.6134,3.71759,1778,72098,0.790738,0,2,1708882,1707104,1778
58528081,28.0367,3.25289,1802,71620,0.788664,0,2,1708906,1707104,1802
58528081,27.5321,2.84628,1826,71142,0.784798,0,2,1708930,1707104,1826
58528081,27.0906,2.4905,1850,70664,0.781318,0,2,1708954,1707104,1850
58528081,26.7043,2.17918,1874,70187,0.778186,0,2,1708978,1707104,1874
58528081,26.3662,1.90679,1898,69709,0.773367,0,2,1709002,1707104,1898
58528081,26.0705,1.66844,1922,69231,0.769031,0,2,1709026,1707104,1922
58528081,25.8117,1.45988,1946,68753,0.765128,0,2,1709050,1707104,1946
58528081,25.5852,1.2774,1970,68275,0.759615,0,2,1709074,1707104,1970
58528081,25.387,1.11772,1994,67798,0.754653,0,2,1709098,1707104,1994
58528081,25.2137,0.978007,2018,67320,0.750188,0,2,1709122,1707104,2018
58528081,25.062,0.855756,2042,66842,0.744169,0,2,1709146,1707104,2042
58528081,24.9292,0.748787,2066,66364,0.738752,0,2,1709170,1707104,2066
58528081,24.8131,0.655189,2090,65886,0.733877,0,2,1709194,1707104,2090
58528081,24.7114,0.57329,2114,65408,0.727489,0,2,1709218,1707104,2114
58528081,24.6225,0.501629,2138,64931,0.72174,0,2,1709242,1707104,2138
58528081,24.5447,0.438925,2162,64453,0.716566,0,2,1709266,1707104,2162
58528081,24.4766,0.384059,2186,63975,0.70991,0,2,1709290,1707104,2186
58528081,24.417,0.336052,2210,63497,0.703919,0,2,1709314,1707104,2210
58528081,24.0492,0.0396767,2594,54020,0.598915,0,1,1709698,1707104,2594
58528081,24.0431,0.0347171,2618,54020,0.592023,0,1,1709722,1707104,2618
58528081,24.0377,0.0303775,2642,54020,0.585821,0,1,1709746,1707104,2642
58528081,24.033,0.0265803,2666,54020,0.580239,0,1,1709770,1707104,2666
58528081,24.0289,0.0232577,2690,54020,0.575215,0,1,1709794,1707104,2690
58528081,24.0253,0.0203505,2714,54020,0.570694,0,1,1709818,1707104,2714
58528081,24.0221,0.0178067,2738,54020,0.566624,0,1,1709842,1707104,2738
58528081,24.0193,0.0155809,2762,54020,0.562962,0,1,1709866,1707104,2762
58528081,24.0169,0.0136333,2786,54020,0.559666,0,1,1709890,1707104,2786
58528081,24.0148,0.0119291,2810,54020,0.555699,0,1,1709914,1707104,2810
58608381,24.013,198.26,1248,53660,0.552129,0.52,1,1709938,1708690,1248
58611301,27.0113,179.478,1248,55480,0.544916,0.79,1,1709986,1708738,1248
58614221,29.6349,166.043,1224,56940,0.534425,0.77,1,1710034,1708810,1224
58617141,31.9306,154.288,1200,58400,0.520982,0.75,1,1710082,1708882,1200
58620061,33.9392,144.002,1176,59860,0.504884,0.73,1,1710130,1708954,1176
58622981,35.6968,135.002,1152,59860,0.486396,0.71,1,1710178,1709026,1152
58625901,37.2347,127.126,1128,59860,0.465756,0.69,1,1710226,1709098,1128
58628821,38.5804,120.236,1104,59860,0.44318,0.67,1,1710274,1709170,1104
58631741,39.7578,114.206,1080,59860,0.418862,0.65,1,1710322,1709242,1080
58634661,40.7881,108.93,1056,61320,0.392976,0.63,1,1710370,1709314,1056
58637581,41.6896,104.314,1032,61320,0.365678,0.61,1,1710418,1709386,1032
58640501,42.4784,100.275,1008,61320,0.337111,0.59,1,1710466,1709458,1008
58643421,43.1686,96.7405,984,61320,0.3074,0.57,1,1710514,1709530,984
58646341,43.7725,93.6479,960,61320,0.27766,0.53,1,1710562,1709602,960
58649261,44.301,93.9419,912,61320,0.249894,0.53,1,1710610,1709698,912
58652181,44.7633,88.1992,912,61320,0.224904,0.53,1,1710658,1709746,912
58655101,45.1679,83.1743,912,61320,0.202414,0.53,1,1710706,1709794,912
58658021,45.5219,78.7775,912,61320,0.182172,0.53,1,1710754,1709842,912
58659121,45.0817,74.9303,906,61320,0.163955,0,1,1710796,1709890,906
58662041,149.571,255.189,270,61320,0.20856,0,1,1711677,1711407,270
58664961,136.875,223.29,318,62780,0.250704,0,1,1711725,1711407,318
58667881,125.766,195.379,366,62780,0.288633,0,1,1711773,1711407,366
58670801,116.045,170.957,414,62780,0.32277,0,1,1711821,1711407,414
58673721,107.539,149.587,462,62780,0.353493,0,1,1711869,1711407,462
58676641,100.097,130.889,510,62780,0.381144,0,1,1711917,1711407,510
58679561,93.5848,114.528,558,62780,0.406029,0,1,1711965,1711407,558
58682481,87.8867,100.212,606,62780,0.428426,0,1,1712013,1711407,606
58685401,82.9009,87.6852,654,64240,0.450584,0,1,1712061,1711407,654
58688321,78.5383,76.7246,702,64240,0.470525,0,1,1712109,1711407,702
58691241,74.721,67.134,750,64240,0.488473,0,1,1712157,1711407,750
58694161,71.3809,58.7422,798,64240,0.504626,0,1,1712205,1711407,798
58697081,68.4582,51.3995,846,64240,0.519163,0,1,1712253,1711407,846
58700001,65.901,44.9745,894,64240,0.532247,0,1,1712301,1711407,894
58702921,63.6633,39.3527,942,64240,0.544022,0,1,1712349,1711407,942
58705841,61.7054,34.4336,990,64240,0.55462,0,1,1712397,1711407,990
58708761,59.9922,30.1294,1038,64240,0.564158,0,1,1712445,1711407,1038
58711681,58.4932,26.3632,1086,64240,0.572742,0,1,1712493,1711407,1086
58714601,57.1816,23.0678,1134,64240,0.580468,0,1,1712541,1711407,1134
58717521,56.0339,20.1844,1182,64240,0.587421,0,1,1712589,1711407,1182
58720441,55.0296,17.6613,1230,64240,0.593679,0.61,1,1712637,1711407,1230
58723361,54.1509,49.2037,1008,64240,0.599311,0.61,1,1712685,1711677,1008
58842721,47.958,46.3979,1098,70080,0.700678,0.67,2,1714647,1713549,1098
58845641,47.9632,46.5981,1098,70080,0.70361,0.67,2,1714695,1713597,1098
58848561,47.9678,46.7734,1098,70080,0.706249,0.67,2,1714743,1713645,1098
58851481,47.9719,46.9267,1098,70080,0.708624,0.67,2,1714791,1713693,1098
58854401,47.9754,47.0609,1098,71540,0.712762,0.67,2,1714839,1713741,1098
58857321,47.9784,46.4282,1104,71540,0.716486,0.67,2,1714887,1713783,1104
58860241,47.9811,46.6247,1104,71540,0.719837,0.67,2,1714935,1713831,1104
58863161,47.9835,46.7966,1104,71540,0.722853,0.67,2,1714983,1713879,1104
58866081,47.9856,46.947,1104,71540,0.725568,0.69,2,1715031,1713927,1104
58869001,47.9874,47.0787,1104,73000,0.730011,0.69,2,1715079,1713975,1104
58871921,47.9889,47.1938,1104,73000,0.73401,0.69,2,1715127,1714023,1104
58874841,47.9903,47.2946,1104,73000,0.737609,0.69,2,1715175,1714071,1104
58877761,47.9915,47.3828,1104,73000,0.740848,0.69,2,1715223,1714119,1104
58880681,47.9926,47.4599,1104,74460,0.745763,0.69,2,1715271,1714167,1104
58883601,47.9935,41.5274,1152,74460,0.750187,0.71,2,1715319,1714167,1152
58886521,47.9943,42.3365,1152,74460,0.754168,0.71,2,1715367,1714215,1152
58889441,47.995,43.0444,1152,74460,0.757751,0.71,2,1715415,1714263,1152
58892361,47.9957,43.6639,1152,75920,0.762976,0.71,2,1715463,1714311,1152
58895281,47.9962,44.2059,1152,75920,0.767679,0.71,2,1715511,1714359,1152
58898201,47.9967,44.6802,1152,75920,0.771911,0.71,2,1715559,1714407,1152
58901121,47.9971,45.0951,1152,77380,0.77772,0.71,2,1715607,1714455,1152
58904041,47.9975,45.4583,1152,77380,0.782948,0.71,2,1715655,1714503,1152
58906961,47.9978,45.776,1152,78840,0.789653,0.73,2,1715703,1714551,1152
58909881,47.9981,46.054,1152,78840,0.795688,0.73,2,1715751,1714599,1152
58912801,47.9983,46.2972,1152,78840,0.801119,0.73,2,1715799,1714647,1152
58915721,47.9985,46.5101,1152,80300,0.808007,0.73,2,1715847,1714695,1152
58918641,47.9987,46.6963,1152,80300,0.814206,0.73,2,1715895,1714743,1152
58921561,47.9989,46.8593,1152,80300,0.819786,0.73,2,1715943,1714791,1152
58924481,47.999,41.0019,1200,81760,0.826807,0.75,2,1715991,1714791,1200
58927401,47.9991,41.8766,1200,81760,0.833126,0.75,2,1716039,1714839,1200
58930321,47.9992,42.6421,1200,83220,0.840814,0.75,2,1716087,1714887,1200
58933241,47.9993,43.3118,1200,83220,0.847732,0.75,2,1716135,1714935,1200
58936161,47.9994,43.8978,1200,84680,0.855959,0.75,2,1716183,1714983,1200
58939081,47.9995,44.4106,1200,84680,0.863363,0.77,2,1716231,1715031,1200
58942001,47.9996,44.8593,1200,86140,0.872027,0.77,2,1716279,1715079,1200
58944921,47.9996,45.2519,1200,86140,0.876824,0.77,2,1716327,1715127,1200
58947841,47.9997,45.5954,1200,87600,0.877142,0.77,2,1716375,1715175,1200
58950761,47.9997,45.896,1200,87600,0.873428,0.77,2,1716423,1715223,1200
58953681,47.9997,40.159,1248,89060,0.866085,0.79,2,1716471,1715223,1248
58956601,47.9998,41.1391,1248,89060,0.855476,0.79,2,1716519,1715271,1248
58959521,47.9998,41.9967,1248,90520,0.869929,0.79,2,1716567,1715319,1248
58962441,47.9998,42.7471,1248,91980,0.882936,0.79,2,1716615,1715367,1248
58965361,47.9998,43.4037,1248,91980,0.894642,0.81,2,1716663,1715415,1248
58968281,47.9999,43.9783,1248,93440,0.905178,0.81,2,1716711,1715463,1248
58971201,47.9999,44.481,1248,94900,0.91466,0.81,2,1716759,1715511,1248
58974121,47.9999,44.9209,1248,94900,0.923194,0.81,2,1716807,1715559,1248
58977041,47.9999,39.3057,1296,96360,0.930875,0.83,2,1716855,1715559,1296
58979961,47.9999,40.3925,1296,97820,0.937787,0.83,2,1716903,1715607,1296
58982881,47.9999,41.3435,1296,97820,0.944009,0.85,2,1716951,1715655,1296
58985801,47.9999,42.1755,1296,99280,0.949608,0.85,2,1716999,1715703,1296
59052521,30.3087,6.78229,1770,120315,0.93781,0,2,1718337,1716567,1770
59052521,29.5201,5.9345,1794,118406,0.921029,0,2,1718361,1716567,1794
59052521,28.8301,5.19269,1818,116497,0.903926,0,2,1718385,1716567,1818
59052521,28.2263,4.5436,1842,114588,0.884533,0,2,1718409,1716567,1842
59052521,27.6981,3.97565,1866,114138,0.86508,0,2,1718433,1716567,1866
59052521,27.2358,3.4787,1890,110769,0.845572,0,2,1718457,1716567,1890
59052521,26.8313,3.04386,1914,108860,0.826015,0,2,1718481,1716567,1914
59052521,26.4774,2.66338,1938,105490,0.807413,0,2,1718505,1716567,1938
59052521,26.1677,2.33045,1962,105041,0.791672,0,2,1718529,1716567,1962
59052521,25.8968,2.03915,1986,103132,0.778505,0,2,1718553,1716567,1986
59052521,25.6597,1.78425,2010,99762,0.765654,0,2,1718577,1716567,2010
59052521,25.4522,1.56122,2034,96393,0.752089,0,2,1718601,1716567,2034
59052521,25.2707,1.36607,2058,93024,0.74088,0,2,1718625,1716567,2058
59052521,25.1118,1.19531,2082,86960,0.728792,0,2,1718649,1716567,2082
59052521,24.9729,1.0459,2106,84040,0.718913,0,2,1718673,1716567,2106
59052521,24.8513,0.91516,2130,81120,0.711021,0,2,1718697,1716567,2130
59052521,24.7449,0.800765,2154,76740,0.704919,0,2,1718721,1716567,2154
59086101,22.4141,85.7594,1024,71700,0.70365,0.65,2,1719529,1718505,1024
59090481,22.6124,78.0395,1024,70900,0.707285,0.65,2,1719553,1718529,1024
59093401,22.7858,74.2846,1000,71700,0.712556,0.63,2,1719577,1718577,1000
59094861,22.9376,67.999,1000,70900,0.715301,0.64,2,1719601,1718601,1000
59097781,23.0704,62.4991,1000,71700,0.71977,0.62,2,1719625,1718625,1000
59099241,23.1866,57.6867,1000,70900,0.721793,0.63,2,1719649,1718649,1000
59102161,23.2883,53.4759,1000,71700,0.725614,0.64,2,1719673,1718673,1000
59103621,23.3772,49.7914,1000,70900,0.727053,0.65,2,1719697,1718697,1000
59106541,23.4551,46.5675,1000,71700,0.730347,0.63,2,1719721,1718721,1000
59108001,23.5232,43.7465,1000,70900,0.731313,0.64,2,1719745,1718745,1000
59109461,23.5828,41.2782,1000,71700,0.734181,0.62,2,1719769,1718769,1000
59110921,23.6349,39.1184,1000,70900,0.734763,0.63,2,1719793,1718793,1000
59113841,23.6806,37.2286,1000,71700,0.737287,0.64,2,1719817,1718817,1000
59115301,23.7205,35.5751,1000,70900,0.737558,0.65,2,1719841,1718841,1000
59118221,23.7554,34.1282,1000,71700,0.739802,0.64,2,1719865,1718865,1000
59119681,23.786,32.8622,1000,70900,0.739822,0.64,2,1719889,1718889,1000
59122601,23.8128,31.7544,1000,71700,0.74184,0.63,2,1719913,1718913,1000
59124061,23.8362,30.7851,1000,70900,0.741656,0.64,2,1719937,1718937,1000
59125521,23.8566,29.937,1000,71700,0.74349,0.64,2,1719961,1718961,1000
59128441,23.8746,29.1948,1000,70900,0.743141,0.65,2,1719985,1718985,1000
59129901,23.8902,28.5455,1000,71700,0.744827,0.62,2,1720009,1719009,1000
59131361,23.904,27.9773,1000,70900,0.743344,0.63,2,1720033,1719033,1000
59134281,23.916,27.4801,1000,71700,0.74401,0.63,2,1720057,1719057,1000
59135741,23.9265,27.0451,1000,70900,0.742609,0.63,2,1720081,1719081,1000
59138661,23.9357,26.6645,1000,71700,0.743348,0.63,2,1720105,1719105,1000
59140121,23.9437,26.3314,1000,70900,0.742013,0.63,2,1720129,1719129,1000
59144501,23.9507,26.54,996,71700,0.743812,0.63,2,1720153,1719157,996
59150341,23.8319,26.2225,995,70900,0.743431,0.63,2,1720176,1719181,995
59151801,23.8529,26.4447,991,71700,0.745088,0.63,2,1720200,1719209,991
59153261,23.8713,26.1391,991,70900,0.744579,0.61,2,1720224,1719233,991
59183281,23.8874,26.3717,987,71700,0.746121,0.6,2,1720248,1719261,987
59183281,21.4015,23.0752,991,91980,0.771509,0,2,1720252,1719261,991
59186201,24.7263,27.6908,979,91980,0.794358,0.6,2,1720300,1719321,979
59189121,27.6355,24.2295,1027,93440,0.814922,0.75,2,1720348,1719321,1027
59190561,30.0561,21.2008,1074,94900,0.83343,0.74,2,1720395,1719321,1074
59190561,29.2991,18.5507,1098,94900,0.850087,0,2,1720419,1719321,1098
59190561,28.6367,16.2319,1122,94900,0.865078,0,2,1720443,1719321,1122
59190561,28.0571,14.2029,1146,94900,0.87857,0,2,1720467,1719321,1146
59190561,27.4249,12.4275,1169,94900,0.890713,0,2,1720490,1719321,1169
59193481,29.9968,16.8741,1169,94900,0.901642,0.74,2,1720538,1719369,1169
59196401,32.2472,19.7648,1177,96360,0.911478,0.74,2,1720586,1719409,1177
59199321,34.2163,23.2942,1177,96360,0.92033,0.74,2,1720634,1719457,1177
59202241,35.9393,26.3824,1177,96360,0.928297,0.74,2,1720682,1719505,1177
59205161,37.4469,29.0846,1177,97820,0.935467,0.74,2,1720730,1719553,1177
59208081,38.766,31.4491,1177,97820,0.941921,0.74,2,1720778,1719601,1177
59211001,39.9203,33.5179,1177,97820,0.947729,0.74,2,1720826,1719649,1177
59275241,42.0472,14.1035,1630,110960,0.949054,0,2,1721930,1720300,1630
59275241,39.7913,12.3406,1654,110960,0.949149,0,2,1721954,1720300,1654
59275241,37.8174,10.798,1678,109500,0.947234,0.95,2,1721978,1720300,1678
59275241,36.0902,9.44827,1702,108565,0.942511,0,2,1722002,1720300,1702
59275241,34.7039,8.26724,1727,108097,0.93926,0,2,1722027,1720300,1727
59275241,33.366,7.23383,1751,107629,0.932334,0,2,1722051,1720300,1751
59275241,32.1952,6.3296,1775,107161,0.9251,0,2,1722075,1720300,1775
59275241,31.1708,5.5384,1799,105233,0.91959,0,2,1722099,1720300,1799
59275241,30.2745,4.8461,1823,103305,0.911631,0,2,1722123,1720300,1823
59275241,29.4901,4.24034,1847,102837,0.905468,0,2,1722147,1720300,1847
59275241,28.8039,3.7103,1871,100909,0.897921,0,2,1722171,1720300,1871
59275241,28.2034,3.24651,1895,100441,0.888129,0,2,1722195,1720300,1895
59275241,27.678,2.8407,1919,98513,0.880316,0,2,1722219,1720300,1919
59275241,27.2182,2.48561,1943,96585,0.871285,0,2,1722243,1720300,1943
59275241,26.8159,2.17491,1967,96117,0.860156,0,2,1722267,1720300,1967
59275241,26.464,1.90304,1991,92729,0.851141,0,2,1722291,1720300,1991
59275241,26.156,1.66516,2015,90801,0.842027,0,2,1722315,1720300,2015
59275241,25.8865,1.45702,2039,90333,0.832824,0,2,1722339,1720300,2039
59275241,25.6507,1.27489,2063,86945,0.822541,0,2,1722363,1720300,2063
59275241,25.4443,1.11553,2087,85017,0.812287,0,2,1722387,1720300,2087
59275241,25.2638,0.976089,2111,84549,0.802059,0,2,1722411,1720300,2111
59275241,25.1058,0.854077,2135,81162,0.793853,0,2,1722435,1720300,2135
59275241,24.9676,0.747318,2159,80694,0.787467,0,2,1722459,1720300,2159
59275241,24.8466,0.653903,2183,77380,0.781721,0,2,1722483,1720300,2183
59275241,24.7408,0.572165,2207,74460,0.776549,0,2,1722507,1720300,2207
59275241,24.6482,0.500645,2231,74460,0.771894,0,2,1722531,1720300,2231
59275241,24.5672,0.438064,2255,71540,0.767704,0,2,1722555,1720300,2255
59275241,24.4963,0.383306,2279,68620,0.763934,0,2,1722579,1720300,2279
59275241,24.4342,0.335393,2303,68620,0.760541,0,2,1722603,1720300,2303
59275241,24.38,0.293469,2327,68620,0.757487,0,2,1722627,1720300,2327
59275241,24.3325,0.256785,2351,68620,0.754738,0,2,1722651,1720300,2351
59275241,24.2909,0.224687,2375,68620,0.752264,0,2,1722675,1720300,2375
59275241,24.2545,0.196601,2399,68620,0.750038,0,2,1722699,1720300,2399
59275241,24.2227,0.172026,2423,68620,0.748034,0,2,1722723,1720300,2423
59275241,24.1949,0.150523,2447,68620,0.746231,0,2,1722747,1720300,2447
59275241,24.1705,0.131707,2471,68620,0.744607,0,2,1722771,1720300,2471
59275241,24.1492,0.115244,2495,68620,0.743147,0,2,1722795,1720300,2495
59275241,24.1306,0.100838,2519,68620,0.741832,0,2,1722819,1720300,2519
59275241,24.1142,0.0882336,2543,68620,0.740649,0,2,1722843,1720300,2543
59275241,24.1,0.0772044,2567,68620,0.739584,0,2,1722867,1720300,2567
59275241,24.0875,0.0675539,2591,68620,0.738626,0,2,1722891,1720300,2591
59275241,24.0765,0.0591096,2615,68620,0.737763,0,2,1722915,1720300,2615
59275241,24.067,0.0517209,2639,68620,0.735987,0,2,1722939,1720300,2639
59275241,24.0586,0.0452558,2663,67820,0.734388,0,2,1722963,1720300,2663
59275241,24.0513,0.0395988,2687,67820,0.732949,0,2,1722987,1720300,2687
59275241,24.0449,0.034649,2711,67820,0.731654,0,2,1723011,1720300,2711
59275241,24.0393,0.0303179,2735,67820,0.730489,0,2,1723035,1720300,2735
59275241,24.0343,0.0265281,2759,67820,0.72944,0,2,1723059,1720300,2759
59275241,24.0301,0.0232121,2783,67820,0.728496,0,2,1723083,1720300,2783
59275241,24.0263,0.0203106,2807,67820,0.727646,0,2,1723107,1720300,2807
59275241,24.023,0.0177718,2831,67820,0.726882,0,2,1723131,1720300,2831
59275241,24.0201,0.0155503,2855,67820,0.726194,0,2,1723155,1720300,2855
59275241,24.0176,0.0136065,2879,67820,0.725574,0,2,1723179,1720300,2879
59275241,24.0154,0.0119057,2903,67820,0.725017,0,2,1723203,1720300,2903
59275241,24.0135,0.0104175,2927,67820,0.724515,0,2,1723227,1720300,2927
59284001,24.0118,206.759,1297,67820,0.724064,0.86,2,1723251,1721954,1297
59284001,24.0103,180.914,1321,77380,0.735657,0,2,1723275,1721954,1321
59284001,24.009,158.3,1345,76580,0.746092,0,2,1723299,1721954,1345
59286921,24.0079,153.637,1248,76580,0.755482,0.84,2,1723323,1722075,1248
59291301,24.0069,140.433,1224,77380,0.763934,0.85,2,1723347,1722123,1224
59295681,24.0061,125.879,1224,77380,0.771541,0.8,2,1723371,1722147,1224
59298601,24.0053,116.144,1200,77380,0.778387,0.81,2,1723395,1722195,1200
59302981,24.0046,104.626,1200,77380,0.784548,0.76,2,1723419,1722219,1200
59304441,24.0041,97.5476,1176,77380,0.790093,0.77,2,1723443,1722267,1176
59307361,24.0035,88.3542,1176,77380,0.795084,0.75,2,1723467,1722291,1176
59311741,24.0031,83.3099,1152,77380,0.799576,0.73,2,1723491,1722339,1152
59313201,24.0027,75.8962,1152,77380,0.803618,0.71,2,1723515,1722363,1152
59316121,24.0024,72.4091,1128,77380,0.807256,0.72,2,1723539,1722411,1128
59320501,24.0021,66.358,1128,77380,0.810531,0.73,2,1723563,1722435,1128
59321961,24.0018,61.0633,1128,77380,0.813477,0.73,2,1723587,1722459,1128
59326341,24.0016,56.4303,1128,77380,0.81613,0.73,2,1723611,1722483,1128
59327801,24.0014,52.3766,1128,77380,0.818517,0.73,2,1723635,1722507,1128
59330721,24.0012,48.8295,1128,77380,0.820665,0.73,2,1723659,1722531,1128
59332181,24.0011,45.7258,1128,77380,0.822599,0.73,2,1723683,1722555,1128
59336561,24.0009,43.0101,1128,77380,0.824339,0.73,2,1723707,1722579,1128
59338021,24.0008,40.6338,1128,77380,0.825905,0.73,2,1723731,1722603,1128
59340941,23.8757,38.5546,1127,77380,0.827314,0.73,2,1723754,1722627,1127
59342401,23.8913,36.7353,1127,77380,0.828583,0.73,2,1723778,1722651,1127
59392041,23.9048,35.1434,1127,77380,0.829725,0.72,2,1723802,1722675,1127
59394961,26.9167,33.7504,1151,78840,0.846752,0.72,2,1723850,1722699,1151
59397881,29.5521,35.5316,1151,80300,0.862077,0.72,2,1723898,1722747,1151
59400801,31.8581,37.0902,1151,81760,0.875869,0.73,2,1723946,1722795,1151
59403721,33.8759,38.4539,1151,81760,0.888282,0.73,2,1723994,1722843,1151
59405841,34.0164,39.6472,1138,81760,0.899454,0.84,2,1724029,1722891,1138
59405841,32.7643,34.6913,1162,81760,0.909509,0,2,1724053,1722891,1162
59405841,31.6688,30.3549,1186,81760,0.918558,0,2,1724077,1722891,1186
59405841,30.7102,26.5605,1210,81760,0.926702,0,2,1724101,1722891,1210
59405841,29.8714,23.2404,1234,81760,0.934032,0,2,1724125,1722891,1234
59405841,29.1375,20.3354,1258,81760,0.940629,0,2,1724149,1722891,1258
59405841,28.4953,17.7935,1282,81760,0.946566,0,2,1724173,1722891,1282
59411681,30.1557,50.1008,1282,83220,0.949422,0.84,2,1724605,1723323,1282
59414601,32.3863,49.8382,1282,83220,0.94348,0.84,2,1724653,1723371,1282
59417521,34.338,49.6084,1282,83220,0.938132,0.84,2,1724701,1723419,1282
59420441,36.0457,49.4074,1282,83220,0.933319,0.84,2,1724749,1723467,1282
59423361,37.54,49.2315,1282,84680,0.930987,0.84,2,1724797,1723515,1282
59426281,38.8475,49.0775,1282,84680,0.928888,0.84,2,1724845,1723563,1282
59429201,39.9916,48.9428,1282,84680,0.926999,0.84,2,1724893,1723611,1282
59432121,40.9926,48.825,1282,84680,0.925299,0.84,2,1724941,1723659,1282
59435041,41.8686,48.7219,1282,84680,0.923769,0.84,2,1724989,1723707,1282
59437961,42.635,48.5066,1283,86140,0.899393,0.84,2,1725037,1723754,1283
59440881,43.3056,48.4433,1283,86140,0.879453,0.84,2,1725085,1723802,1283
59443801,43.8924,42.3879,1331,86140,0.863508,0.84,2,1725133,1723802,1331
59446721,44.4059,37.0894,1379,86140,0.851157,0.84,2,1725181,1723802,1379
59449641,44.8551,32.4532,1427,86140,0.842041,0.84,2,1725229,1723802,1427
59452561,45.2482,28.3966,1475,86140,0.835837,0.84,2,1725277,1723802,1475
59455481,45.5922,24.847,1523,87600,0.834254,0.84,2,1725325,1723802,1523
59458401,45.8932,21.7411,1571,87600,0.834828,0.84,2,1725373,1723802,1571
59461321,46.1565,19.0235,1619,87600,0.837345,1,2,1725421,1723802,1619
59462781,46.387,22.6455,1619,87600,0.841611,1,2,1725469,1723850,1619
59462781,43.5886,19.8149,1643,87600,0.84845,0,2,1725493,1723850,1643
59462781,41.14,17.338,1667,87600,0.855605,0,2,1725517,1723850,1667
59462781,38.9975,15.1707,1691,86140,0.863044,0.92,2,1725541,1723850,1691
59462781,37.1228,13.2744,1715,85199,0.86874,0,2,1725565,1723850,1715
59462781,35.4825,11.6151,1739,84728,0.874866,0,2,1725589,1723850,1739
59462781,34.0472,10.1632,1763,84257,0.878379,0,2,1725613,1723850,1763
59462781,32.7913,8.89281,1787,83786,0.881541,0,2,1725637,1723850,1787
59462781,31.6924,7.78121,1811,83315,0.884387,0,2,1725661,1723850,1811
59462781,30.7308,6.80856,1835,82844,0.884948,0,2,1725685,1723850,1835
59462781,30.0145,5.95749,1860,82373,0.885454,0,2,1725710,1723850,1860
59462781,29.2627,5.2128,1884,81902,0.885908,0,2,1725734,1723850,1884
59462781,28.6048,4.5612,1908,81431,0.884317,0,2,1725758,1723850,1908
59462781,28.0292,3.99105,1932,79500,0.882886,0,2,1725782,1723850,1932
59462781,27.5256,3.49217,1956,79029,0.881597,0,2,1725806,1723850,1956
59462781,27.0849,3.05565,1980,78558,0.878437,0,2,1725830,1723850,1980
59462781,26.6993,2.67369,2004,78087,0.875594,0,2,1725854,1723850,2004
59462781,26.3619,2.33948,2028,77616,0.873034,0,2,1725878,1723850,2028
59462781,26.0666,2.04705,2052,77145,0.868731,0,2,1725902,1723850,2052
59462781,25.8083,1.79117,2076,76674,0.864858,0,2,1725926,1723850,2076
59462781,25.5823,1.56727,2100,76203,0.861372,0,2,1725950,1723850,2100
59462781,25.3845,1.37136,2124,75732,0.856235,0,2,1725974,1723850,2124
59462781,25.2114,1.19994,2148,75261,0.851611,0,2,1725998,1723850,2148
59462781,25.06,1.04995,2172,74790,0.84745,0,2,1726022,1723850,2172
59462781,24.9275,0.918705,2196,74319,0.841705,0,2,1726046,1723850,2196
59462781,24.8116,0.803867,2220,73848,0.836535,0,2,1726070,1723850,2220
59462781,24.7101,0.703384,2244,73377,0.831881,0,2,1726094,1723850,2244
59462781,24.6213,0.615461,2268,72906,0.825693,0,2,1726118,1723850,2268
59462781,24.5437,0.538528,2292,72435,0.820124,0,2,1726142,1723850,2292
59462781,24.4757,0.471212,2316,71964,0.815111,0,2,1726166,1723850,2316
59462781,24.4163,0.412311,2340,71493,0.8086,0,2,1726190,1723850,2340
59462781,24.3642,0.360772,2364,71022,0.80274,0,2,1726214,1723850,2364
59462781,24.3187,0.315675,2388,70551,0.797466,0,2,1726238,1723850,2388
59462781,24.2789,0.276216,2412,70080,0.79272,0,2,1726262,1723850,2412
59462781,24.244,0.241689,2436,69610,0.786448,0,2,1726286,1723850,2436
59462781,24.2135,0.211478,2460,69139,0.780803,0,2,1726310,1723850,2460
59462781,24.1868,0.185043,2484,68668,0.775723,0,2,1726334,1723850,2484
59462781,24.1635,0.161913,2508,68197,0.76915,0,2,1726358,1723850,2508
59462781,24.143,0.141674,2532,67726,0.763235,0,2,1726382,1723850,2532
59462781,24.1251,0.123964,2556,67255,0.757912,0,2,1726406,1723850,2556
59462781,24.1095,0.108469,2580,66784,0.751121,0,2,1726430,1723850,2580
59462781,24.0958,0.0949102,2604,66313,0.745009,0,2,1726454,1723850,2604
59462781,24.0838,0.0830465,2628,65842,0.739508,0,2,1726478,1723850,2628
59462781,24.0734,0.0726656,2652,65371,0.732557,0,2,1726502,1723850,2652
59462781,24.0642,0.0635824,2676,64900,0.726301,0,2,1726526,1723850,2676
59462781,24.0562,0.0556346,2700,64429,0.720671,0,2,1726550,1723850,2700
59462781,24.0491,0.0486803,2724,63958,0.714604,0,2,1726574,1723850,2724
59462781,24.043,0.0425953,2748,63487,0.709144,0,2,1726598,1723850,2748
59462781,24.0376,0.0372709,2772,63016,0.702229,0,2,1726622,1723850,2772
59572281,33.9007,98.2545,1247,67160,0.725927,0.79,2,1727245,1725998,1247
59575201,35.6632,94.9727,1223,67160,0.750334,0.77,2,1727293,1726070,1223
59578121,37.2053,92.1011,1199,67160,0.772301,0.75,2,1727341,1726142,1199
59581041,38.5546,89.5884,1175,67160,0.792071,0.73,2,1727389,1726214,1175
59583961,39.7353,87.3899,1151,67160,0.809864,0.71,2,1727437,1726286,1151
59586881,40.7684,85.4661,1127,68620,0.827877,0.69,2,1727485,1726358,1127
59589801,41.6723,83.7829,1103,68620,0.844089,0.67,2,1727533,1726430,1103
59592721,42.4633,82.31,1079,68620,0.85868,0.67,2,1727581,1726502,1079
59593041,40.7804,78.0213,1060,68620,0.872812,0.62,2,1727610,1726550,1060
59593041,38.6828,68.2686,1084,68620,0.883531,0,2,1727634,1726550,1084
59593041,36.8475,59.735,1108,68620,0.891178,0,2,1727658,1726550,1108
59593041,35.2415,52.2682,1132,68620,0.89606,0,2,1727682,1726550,1132
59593041,33.8363,45.7346,1156,68620,0.898454,0,2,1727706,1726550,1156
59593041,32.6068,40.0178,1180,68620,0.898609,0,2,1727730,1726550,1180
59593041,31.531,35.0156,1204,68620,0.896748,0,2,1727754,1726550,1204
59593041,30.5896,30.6386,1228,68620,0.893073,0,2,1727778,1726550,1228
59593041,29.7659,26.8088,1252,68620,0.887766,0,2,1727802,1726550,1252
59593041,29.0451,23.4577,1276,68620,0.880989,0,2,1727826,1726550,1276
59593041,28.4145,20.5255,1300,68620,0.87289,0,2,1727850,1726550,1300
59593041,27.8627,17.9598,1324,68620,0.863601,0,2,1727874,1726550,1324
59593041,27.3799,15.7148,1348,68620,0.853241,0,2,1727898,1726550,1348
59593041,26.9574,13.7505,1372,68620,0.841917,0,2,1727922,1726550,1372
59595961,29.5877,62.9067,1013,68620,0.827725,0.62,2,1727970,1726957,1013
59598881,31.8892,61.0433,1013,68620,0.815953,0.62,2,1728018,1727005,1013
59601801,33.9031,59.4129,1013,68620,0.805358,0.62,2,1728066,1727053,1013
59604721,35.6652,51.9863,1061,70080,0.797822,0.62,2,1728114,1727053,1061
59607641,37.207,45.488,1109,70080,0.79104,0.62,2,1728162,1727053,1109
59609681,36.8062,39.802,1143,70080,0.784936,0.73,2,1728196,1727053,1143
59612601,38.2054,40.8268,1143,70080,0.779442,0.73,2,1728244,1727101,1143
59615521,39.4297,35.7234,1191,70080,0.774498,0.73,2,1728292,1727101,1191
59618441,40.501,31.258,1239,70080,0.770048,0.73,2,1728340,1727101,1239
59621361,41.4384,27.3507,1287,70080,0.766043,0.73,2,1728388,1727101,1287
59624281,42.2586,23.9319,1335,70080,0.762439,0.73,2,1728436,1727101,1335
59627201,42.9763,20.9404,1383,71540,0.761195,0.93,2,1728484,1727101,1383
59630121,43.6042,24.3229,1383,71540,0.760076,0.93,2,1728532,1727149,1383
59633041,44.1537,21.2825,1431,71540,0.759068,0.95,2,1728580,1727149,1431
59635961,44.6345,24.6222,1431,71540,0.758161,0.97,2,1728628,1727197,1431
59638881,45.0552,27.5444,1431,71540,0.757345,0.97,2,1728676,1727245,1431
59641801,45.4233,30.1014,1431,71540,0.756611,0.97,2,1728724,1727293,1431
59644721,45.7454,32.3387,1431,71540,0.755949,0.97,2,1728772,1727341,1431
59647641,46.0272,34.2964,1431,71540,0.755355,0.97,2,1728820,1727389,1431
59650561,46.2738,36.0093,1431,71540,0.754819,0.97,2,1728868,1727437,1431
59653481,46.4896,31.5081,1479,71540,0.754337,0.99,2,1728916,1727437,1479
59656401,46.6784,33.5696,1479,71540,0.753904,0.99,2,1728964,1727485,1479
59659321,46.8436,35.3734,1479,71540,0.753513,0.99,2,1729012,1727533,1479
59662241,46.9881,36.9517,1479,73000,0.755162,0.7,2,1729060,1727581,1479
59665161,47.1146,80.9578,1138,73000,0.756646,0.71,2,1729108,1727970,1138
59668081,47.2253,76.8381,1138,73000,0.757981,0.71,2,1729156,1728018,1138
59671001,47.3221,73.2333,1138,73000,0.759183,0.73,2,1729204,1728066,1138
59673921,47.4069,70.0791,1138,73000,0.760265,0.73,2,1729252,1728114,1138
59676841,47.481,67.3192,1138,73000,0.761238,0.73,2,1729300,1728162,1138
59679761,47.5459,63.1543,1152,73000,0.762114,0.73,2,1729348,1728196,1152
59682681,47.6026,61.26,1152,73000,0.762903,0.73,2,1729396,1728244,1152
59685601,47.6523,59.6025,1152,73000,0.763613,0.73,2,1729444,1728292,1152
59688521,47.6958,58.1522,1152,73000,0.764251,0.73,2,1729492,1728340,1152
59691441,47.7338,56.8832,1152,73000,0.764826,0.73,2,1729540,1728388,1152
59694361,47.7671,55.7728,1152,73000,0.765344,0.73,2,1729588,1728436,1152
59697281,47.7962,48.8012,1200,73000,0.765809,0.75,2,1729636,1728436,1200
59700201,47.8217,48.701,1200,73000,0.766228,0.75,2,1729684,1728484,1200
59703121,47.844,48.6134,1200,73000,0.766606,0.75,2,1729732,1728532,1200
59706041,47.8635,48.5367,1200,73000,0.766945,0.75,2,1729780,1728580,1200
59708961,47.8805,48.4696,1200,73000,0.76725,0.75,2,1729828,1728628,1200
59711881,47.8955,48.4109,1200,73000,0.767525,0.75,2,1729876,1728676,1200
59714801,47.9085,48.3596,1200,73000,0.767773,0.75,2,1729924,1728724,1200
59717721,47.92,48.3146,1200,73000,0.767996,0.75,2,1729972,1728772,1200
59720641,47.93,48.2753,1200,73000,0.768196,0.75,2,1730020,1728820,1200
59723561,47.9387,48.2409,1200,73000,0.768376,0.75,2,1730068,1728868,1200
59726481,47.9464,48.2108,1200,73000,0.768539,0.75,2,1730116,1728916,1200
59729401,47.9531,48.1844,1200,73000,0.768685,0.75,2,1730164,1728964,1200
59732321,47.9589,48.1614,1200,73000,0.768816,0.77,2,1730212,1729012,1200
59735241,47.9641,48.1412,1200,74460,0.770935,0.77,2,1730260,1729060,1200
59738161,47.9686,48.1236,1200,74460,0.772841,0.77,2,1730308,1729108,1200
59741081,47.9725,48.1081,1200,74460,0.774557,0.77,2,1730356,1729156,1200
59744001,47.9759,48.0946,1200,74460,0.776101,0.77,2,1730404,1729204,1200
59746921,47.9789,48.0828,1200,74460,0.777491,0.77,2,1730452,1729252,1200
59749841,47.9816,48.0724,1200,74460,0.778742,0.77,2,1730500,1729300,1200
59752761,47.9839,48.0634,1200,74460,0.779868,0.77,2,1730548,1729348,1200
59755681,47.9859,48.0554,1200,74460,0.780881,0.77,2,1730596,1729396,1200
59758601,47.9877,48.0485,1200,74460,0.781793,0.77,2,1730644,1729444,1200
59761521,47.9892,48.0425,1200,74460,0.782614,0.77,2,1730692,1729492,1200
59764441,47.9906,48.0371,1200,74460,0.783352,0.77,2,1730740,1729540,1200
59767361,47.9917,48.0325,1200,74460,0.784017,0.77,2,1730788,1729588,1200
59770281,47.9928,48.0284,1200,74460,0.784615,0.77,2,1730836,1729636,1200
59773201,47.9937,48.0249,1200,74460,0.785154,0.77,2,1730884,1729684,1200
59776121,47.9945,48.0218,1200,74460,0.785639,0.77,2,1730932,1729732,1200
59779041,47.9952,48.0191,1200,74460,0.786075,0.77,2,1730980,1729780,1200
59781961,47.9958,48.0167,1200,74460,0.786467,0.77,2,1731028,1729828,1200
59784881,47.9963,48.0146,1200,74460,0.78682,0.77,2,1731076,1729876,1200
59787801,47.9968,48.0128,1200,74460,0.787138,0.77,2,1731124,1729924,1200
59790721,47.9972,48.0112,1200,74460,0.787425,0.77,2,1731172,1729972,1200
59793641,47.9975,48.0098,1200,75920,0.789682,0.77,2,1731220,1730020,1200
59796561,47.9978,48.0086,1200,75920,0.791714,0.77,2,1731268,1730068,1200
59799481,47.9981,48.0075,1200,75920,0.793543,0.77,2,1731316,1730116,1200
59802401,47.9983,48.0065,1200,75920,0.795188,0.77,2,1731364,1730164,1200
59805321,47.9985,48.0057,1200,75920,0.796669,0.77,2,1731412,1730212,1200
59808241,47.9987,42.005,1248,77380,0.800003,0.79,2,1731460,1730212,1248
59811161,47.9989,42.7544,1248,77380,0.803002,0.79,2,1731508,1730260,1248
59814081,47.999,43.4101,1248,77380,0.805702,0.79,2,1731556,1730308,1248
59817001,47.9991,43.9838,1248,77380,0.808132,0.79,2,1731604,1730356,1248
59819921,47.9993,44.4858,1248,77380,0.810319,0.79,2,1731652,1730404,1248
59822841,47.9993,44.9251,1248,77380,0.812287,0.79,2,1731700,1730452,1248
59825761,47.9994,45.3095,1248,77380,0.814058,0.79,2,1731748,1730500,1248
59828681,47.9995,45.6458,1248,77380,0.815652,0.79,2,1731796,1730548,1248
59831601,47.9996,45.9401,1248,77380,0.817087,0.79,2,1731844,1730596,1248
59834521,47.9996,46.1976,1248,78840,0.820378,0.79,2,1731892,1730644,1248
59837441,47.9997,46.4229,1248,78840,0.823341,0.79,2,1731940,1730692,1248
59840361,47.9997,46.62,1248,78840,0.826006,0.79,2,1731988,1730740,1248
59843281,47.9997,46.7925,1248,78840,0.828406,0.79,2,1732036,1730788,1248
59846201,47.9998,46.9434,1248,78840,0.830565,0.79,2,1732084,1730836,1248
59849121,47.9998,47.0755,1248,78840,0.832509,0.79,2,1732132,1730884,1248
59852041,47.9998,47.1911,1248,80300,0.836258,0.79,2,1732180,1730932,1248
59854961,47.9998,47.2922,1248,80300,0.839632,0.79,2,1732228,1730980,1248
59857881,47.9999,47.3807,1248,80300,0.842669,0.79,2,1732276,1731028,1248
59860801,47.9999,47.4581,1248,80300,0.845402,0.79,2,1732324,1731076,1248
59863721,47.9999,47.5258,1248,81760,0.849862,0.79,2,1732372,1731124,1248
59866641,47.9999,47.5851,1248,81760,0.853876,0.81,2,1732420,1731172,1248
59869561,47.9999,47.637,1248,81760,0.857488,0.81,2,1732468,1731220,1248
59872481,47.9999,47.6823,1248,81760,0.860739,0.81,2,1732516,1731268,1248
59875401,47.9999,47.722,1248,81760,0.863665,0.81,2,1732564,1731316,1248
59878321,47.9999,47.7568,1248,83220,0.868299,0.81,2,1732612,1731364,1248
59881241,48,47.7872,1248,83220,0.872469,0.81,2,1732660,1731412,1248
59884161,48,41.8138,1296,83220,0.876222,0.83,2,1732708,1731412,1296
59887081,48,42.5871,1296,84680,0.8816,0.83,2,1732756,1731460,1296
59890001,48,43.2637,1296,84680,0.88644,0.83,2,1732804,1731508,1296
59892921,48,43.8557,1296,84680,0.890796,0.83,2,1732852,1731556,1296
59895841,48,44.3738,1296,86140,0.896716,0.83,2,1732900,1731604,1296
59898761,48,44.827,1296,86140,0.902045,0.83,2,1732948,1731652,1296
59901681,48,45.2237,1296,86140,0.90684,0.83,2,1732996,1731700,1296
59904601,48,45.5707,1296,87600,0.912156,0.83,2,1733044,1731748,1296
59907521,48,45.8744,1296,87600,0.912941,0.83,2,1733092,1731796,1296
59910441,48,46.1401,1296,89060,0.909646,0.85,2,1733140,1731844,1296
59913361,48,46.3726,1296,89060,0.902682,0.85,2,1733188,1731892,1296
59916281,48,46.576,1296,89060,0.892414,0.85,2,1733236,1731940,1296
59919201,48,46.754,1296,90520,0.879172,0.85,2,1733284,1731988,1296
59922121,48,46.9097,1296,90520,0.863255,0.85,2,1733332,1732036,1296
59925041,48,47.046,1296,91980,0.87693,0.85,2,1733380,1732084,1296
59927961,48,47.1653,1296,91980,0.889237,0.85,2,1733428,1732132,1296
59930881,48,41.2696,1344,93440,0.900313,0.87,2,1733476,1732132,1344
59933801,48,42.1109,1344,93440,0.910282,0.87,2,1733524,1732180,1344
59936721,48,42.847,1344,94900,0.919253,0.87,2,1733572,1732228,1344
59939641,48,43.4912,1344,94900,0.927328,0.87,2,1733620,1732276,1344
59942561,48,44.0548,1344,96360,0.934595,0.89,2,1733668,1732324,1344
59945481,48,44.5479,1344,96360,0.941136,0.89,2,1733716,1732372,1344
59948401,48,44.9794,1344,97820,0.947022,0.89,2,1733764,1732420,1344
60014521,44.441,23.66,1543,124100,0.939666,0,2,1734875,1733332,1543
60014521,41.8858,20.7025,1567,124100,0.921699,0,2,1734899,1733332,1567
60014521,39.6501,18.1147,1591,124100,0.901529,0,2,1734923,1733332,1591
60014521,37.6938,15.8504,1615,100380,0.881376,0.72,2,1734947,1733332,1615
60014521,35.9821,13.8691,1639,99862,0.860239,0,2,1734971,1733332,1639
60014521,34.6094,12.1354,1664,99602,0.842215,0,2,1734996,1733332,1664
60014521,33.2832,10.6185,1688,99343,0.823993,0,2,1735020,1733332,1688
60014521,32.1228,9.29119,1712,99083,0.805594,0,2,1735044,1733332,1712
60014521,31.1074,8.12979,1736,97364,0.786035,0,2,1735068,1733332,1736
60014521,30.219,7.11357,1760,95644,0.769431,0,2,1735092,1733332,1760
60014521,29.4416,6.22437,1784,95385,0.752488,0,2,1735116,1733332,1784
60014521,28.7614,5.44633,1808,93665,0.733239,0,2,1735140,1733332,1808
60014521,28.1662,4.76554,1832,91946,0.716915,0,2,1735164,1733332,1832
60014521,27.6455,4.16984,1856,91686,0.700224,0,2,1735188,1733332,1856
60014521,25.4316,1.63748,2024,77020,0.590705,0,1,1735356,1733332,2024
60014521,25.2526,1.4328,2048,74100,0.579634,0,1,1735380,1733332,2048
60014521,25.096,1.2537,2072,74100,0.570671,0,1,1735404,1733332,2072
60014521,24.959,1.09698,2096,71180,0.563604,0,1,1735428,1733332,2096
60014521,24.8392,0.959861,2120,66800,0.555244,0,1,1735452,1733332,2120
60014521,24.7343,0.839878,2144,66800,0.548719,0,1,1735476,1733332,2144
60014521,24.6425,0.734894,2168,62420,0.543847,0,1,1735500,1733332,2168
60014521,24.5622,0.643032,2192,59500,0.537463,0,1,1735524,1733332,2192
60014521,24.4919,0.562653,2216,56580,0.531716,0,1,1735548,1733332,2216
60014521,24.4304,0.492321,2240,56580,0.527545,0,1,1735572,1733332,2240
60014521,24.3766,0.430781,2264,52200,0.52479,0,1,1735596,1733332,2264
60014521,24.3295,0.376934,2288,52200,0.523311,0,1,1735620,1733332,2288
60014521,24.2883,0.329817,2312,52200,0.52198,0,1,1735644,1733332,2312
60014521,24.2523,0.28859,2336,52200,0.520782,0,1,1735668,1733332,2336
60014521,24.2208,0.252516,2360,52200,0.519704,0,1,1735692,1733332,2360
60014521,24.1932,0.220952,2384,52200,0.518733,0,1,1735716,1733332,2384
60014521,24.169,0.193333,2408,52200,0.51786,0,1,1735740,1733332,2408
60014521,24.1479,0.169166,2432,52200,0.517074,0,1,1735764,1733332,2432
60014521,24.1294,0.14802,2456,52200,0.516367,0,1,1735788,1733332,2456
60014521,24.1132,0.129518,2480,52200,0.51573,0,1,1735812,1733332,2480
60014521,23.3491,0.113328,2498,52200,0.515157,0,1,1735830,1733332,2498
60023281,23.4304,198.974,931,52200,0.512641,0.67,1,1735854,1734923,931
60026201,23.5016,180.102,907,58040,0.518377,0.61,1,1735878,1734971,907
60026201,23.5639,157.59,931,58400,0.525539,0,1,1735902,1734971,931
60026201,23.6184,137.891,955,58400,0.531986,0,1,1735926,1734971,955
60030581,23.6661,132.78,882,58400,0.537787,0.6,1,1735950,1735068,882
60030581,23.7079,116.182,906,58040,0.541008,0,1,1735974,1735068,906
60033501,23.7444,107.659,882,56940,0.543907,0.56,1,1735998,1735116,882
60037881,23.7763,97.2019,882,58400,0.548517,0.51,1,1736022,1735140,882
60037881,23.8043,85.0517,906,58040,0.550665,0,1,1736046,1735140,906
60040801,23.8288,83.4202,858,56940,0.552599,0.5,1,1736070,1735212,858
60042261,23.8502,75.9927,858,58400,0.555339,0.51,1,1736094,1735236,858
60045181,23.8689,69.4936,858,58040,0.555805,0.49,1,1736118,1735260,858
60048101,23.8853,63.8069,858,58120,0.558224,0.48,1,1736142,1735284,858
60049561,23.8996,58.831,858,58040,0.558402,0.49,1,1736166,1735308,858
60053941,23.9122,54.4772,858,58120,0.560562,0.47,1,1736190,1735332,858
60056861,23.9231,50.6675,858,58040,0.560506,0.48,1,1736214,1735356,858
60058321,23.9328,47.3341,858,58120,0.562455,0.49,1,1736238,1735380,858
60061241,23.9412,44.4173,858,58040,0.562209,0.5,1,1736262,1735404,858
60062701,23.9485,41.8652,858,58120,0.563989,0.48,1,1736286,1735428,858
60067081,23.955,39.632,858,58040,0.56359,0.49,1,1736310,1735452,858
60068541,23.9606,37.678,858,58120,0.565231,0.5,1,1736334,1735476,858
60071461,23.9655,35.9683,858,58040,0.564708,0.48,1,1736358,1735500,858
60072921,23.9698,34.4722,858,58120,0.566237,0.48,1,1736382,1735524,858
60074381,23.9736,33.1632,858,58040,0.566613,0.49,1,1736406,1735548,858
60078761,23.9769,32.0178,858,59300,0.564952,0.5,1,1736430,1735572,858
60080221,23.9798,31.0156,858,58040,0.561457,0.51,1,1736454,1735596,858
60081681,23.9823,30.1386,858,58040,0.556311,0.51,1,1736478,1735620,858
60084601,23.9845,29.3713,858,58040,0.54968,0.51,1,1736502,1735644,858
60086061,23.9865,28.6999,858,58040,0.541712,0.51,1,1736526,1735668,858
60088981,23.9881,28.1124,858,58040,0.532541,0.51,1,1736550,1735692,858
60090441,23.9896,27.5983,858,58040,0.522287,0.51,1,1736574,1735716,858
60094821,23.8659,27.1486,857,58040,0.511058,0.51,1,1736597,1735740,857
60096281,23.8827,26.755,857,58040,0.498952,0.51,1,1736621,1735764,857
60097741,23.8973,26.4106,857,58040,0.486057,0.51,1,1736645,1735788,857
60125121,23.9102,26.1093,857,58040,0.472451,0.57,1,1736669,1735812,857
60128041,26.9214,28.0956,863,87600,0.456206,0.56,1,1736717,1735854,863
60130961,29.5562,24.5837,911,89060,0.437586,0.56,1,1736765,1735854,911
60133881,31.8617,21.5107,959,90520,0.417827,0.56,1,1736813,1735854,959
60136801,33.879,21.8219,983,90520,0.396044,0.56,1,1736861,1735878,983
60139721,35.6441,25.0941,983,91980,0.37244,0.56,1,1736909,1735926,983
60142641,37.1886,30.9574,959,91980,0.347196,0.56,1,1736957,1735998,959
60145281,37.915,33.0877,954,91980,0.320476,0,1,1737000,1736046,954
60145281,36.1756,28.9517,978,91980,0.294429,0,1,1737024,1736046,978
60145281,34.6537,25.3328,1002,91980,0.268986,0,1,1737048,1736046,1002
60145281,33.322,22.1662,1026,91980,0.244087,0,1,1737072,1736046,1026
60145281,32.1567,19.3954,1050,91980,0.219678,0,1,1737096,1736046,1050
60145281,31.1371,16.971,1074,91980,0.197711,0,1,1737120,1736046,1074
60145281,30.245,14.8496,1098,91980,0.17794,0,1,1737144,1736046,1098
60145281,29.4644,12.9934,1122,91980,0.160146,0,1,1737168,1736046,1122
60145281,28.7813,11.3692,1146,91980,0.144131,0,1,1737192,1736046,1146
60145281,28.1837,9.94808,1170,91980,0.129718,0,1,1737216,1736046,1170
60145281,27.6607,8.70457,1194,91980,0.116746,0,1,1737240,1736046,1194
60145281,27.2031,7.6165,1218,91980,0.105072,0,1,1737264,1736046,1218
60145281,26.8027,6.66443,1242,91980,0.0945644,0,1,1737288,1736046,1242
60145281,26.4524,5.83138,1266,91980,0.0851079,0,1,1737312,1736046,1266
60145281,25.5208,5.10246,1285,91980,0.0765972,0,1,1737331,1736046,1285
60148201,1243.21,1352.21,270,91980,0.168937,0,1,1747098,1746828,270
60151121,1093.81,1183.19,318,93440,0.252044,0,1,1747146,1746828,318
60154041,963.079,1035.29,366,94900,0.326839,0,1,1747194,1746828,366
60156961,848.694,905.878,414,96360,0.394155,0,1,1747242,1746828,414
60159881,748.608,792.643,462,97820,0.45474,0,1,1747290,1746828,462
60162801,661.032,693.563,510,99280,0.509266,0,1,1747338,1746828,510
60165721,584.403,606.868,558,100740,0.558339,0,1,1747386,1746828,558
60177401,362.429,355.735,750,106580,0.710226,0,2,1747578,1746828,750
60180321,323.126,311.268,798,108040,0.739204,0,2,1747626,1746828,798
60183241,288.735,272.359,846,109500,0.765283,0,2,1747674,1746828,846
60186161,258.643,238.314,894,110960,0.788755,0,2,1747722,1746828,894
60189081,232.313,208.525,942,112420,0.80988,0,2,1747770,1746828,942
60192001,209.274,182.459,990,113880,0.828892,0,2,1747818,1746828,990
60194921,189.114,159.652,1038,115340,0.846002,0,2,1747866,1746828,1038
60197841,171.475,139.696,1086,116800,0.861402,0,2,1747914,1746828,1086
60200761,156.041,122.234,1134,118260,0.875262,0,2,1747962,1746828,1134
60203681,142.536,106.954,1182,119720,0.887736,0,2,1748010,1746828,1182
60206601,130.719,93.5851,1230,121180,0.898962,0,2,1748058,1746828,1230
60209521,120.379,81.887,1278,122640,0.909066,0,2,1748106,1746828,1278
60212441,111.332,71.6511,1326,124100,0.916159,0,2,1748154,1746828,1326
60215361,103.415,62.6947,1374,125560,0.920543,0,2,1748202,1746828,1374
60218281,96.4882,54.8579,1422,127020,0.928489,0,2,1748250,1746828,1422
60221201,90.4272,48.0006,1470,128480,0.93564,0,2,1748298,1746828,1470
60224121,85.1238,42.0006,1518,129940,0.942076,0,2,1748346,1746828,1518
60227041,80.4833,36.7505,1566,131400,0.947869,0,2,1748394,1746828,1566
60232881,46.0283,12.6278,1807,125218,0.948193,0,2,1748635,1746828,1807
60232881,43.2748,11.0493,1831,123358,0.937373,0,2,1748659,1746828,1831
60232881,40.8654,9.66815,1855,121497,0.925636,0,2,1748683,1746828,1855
60232881,38.7573,8.45964,1879,119636,0.913072,0,2,1748707,1746828,1879
60232881,36.9126,7.40218,1903,117775,0.899765,0,2,1748731,1746828,1903
60232881,35.2985,6.47691,1927,115915,0.886789,0,2,1748755,1746828,1927
60232881,33.8862,5.66729,1951,112594,0.87611,0,2,1748779,1746828,1951
60232881,32.6504,4.95888,1975,110733,0.867499,0,2,1748803,1746828,1975
60232881,31.5691,4.33902,1999,107413,0.858749,0,2,1748827,1746828,1999
60232881,30.623,3.79664,2023,105552,0.851874,0,2,1748851,1746828,2023
60232881,29.7951,3.32206,2047,102231,0.846687,0,2,1748875,1746828,2047
60232881,29.0707,2.90681,2071,98910,0.843018,0,2,1748899,1746828,2071
60232881,28.4369,2.54346,2095,94900,0.838716,0,2,1748923,1746828,2095
60232881,27.8823,2.22552,2119,91380,0.835845,0,2,1748947,1746828,2119
60232881,27.397,1.94733,2143,88460,0.83426,0,2,1748971,1746828,2143
60232881,26.9724,1.70392,2167,85540,0.833834,0,2,1748995,1746828,2167
60232881,26.6008,1.49093,2191,81160,0.834451,0,2,1749019,1746828,2191
60232881,26.2757,1.30456,2215,78240,0.836006,0,2,1749043,1746828,2215
60232881,25.9913,1.14149,2239,78240,0.837405,0,2,1749067,1746828,2239
60232881,25.7423,0.998805,2263,78240,0.839665,0,2,1749091,1746828,2263
60232881,25.5246,0.873954,2287,78240,0.841698,0,2,1749115,1746828,2287
60232881,25.334,0.76471,2311,78240,0.843528,0,2,1749139,1746828,2311
60232881,25.1672,0.669121,2335,78240,0.832175,0,2,1749163,1746828,2335
60232881,25.0213,0.585481,2359,78240,0.822958,0,2,1749187,1746828,2359
60232881,24.8937,0.512296,2383,78240,0.815662,0,2,1749211,1746828,2383
60232881,24.782,0.448259,2407,78240,0.808096,0,2,1749235,1746828,2407
60232881,24.6842,0.392226,2431,78240,0.802286,0,2,1749259,1746828,2431
60232881,24.5987,0.343198,2455,78240,0.798058,0,2,1749283,1746828,2455
60232881,22.2739,0.300298,2461,78240,0.796252,0,2,1749289,1746828,2461
60232881,22.4896,0.262761,2485,78240,0.793627,0,2,1749313,1746828,2485
60232881,22.6784,0.229916,2509,76440,0.792264,0,2,1749337,1746828,2509
60232881,22.8436,0.201176,2533,76440,0.791038,0,2,1749361,1746828,2533
60232881,22.9882,0.176029,2557,76440,0.790934,0,2,1749385,1746828,2557
60232881,23.1146,0.154026,2581,76440,0.790841,0,2,1749409,1746828,2581
60232881,23.2253,0.134773,2605,76440,0.791756,0,2,1749433,1746828,2605
60232881,23.3221,0.117926,2629,76440,0.793581,0,2,1749457,1746828,2629
60232881,23.4069,0.103185,2653,76440,0.796223,0,2,1749481,1746828,2653
60232881,23.481,0.090287,2677,76440,0.7966,0,2,1749505,1746828,2677
60232881,23.5459,0.0790012,2701,76440,0.79594,0,2,1749529,1746828,2701
60232881,23.6027,0.069126,2725,76440,0.796346,0,2,1749553,1746828,2725
60232881,23.6523,0.0604853,2749,76440,0.797712,0,2,1749577,1746828,2749
60232881,23.6958,0.0529246,2773,76440,0.799941,0,2,1749601,1746828,2773
60232881,23.7338,0.046309,2797,76440,0.801946,0,2,1749625,1746828,2797
60232881,21.5171,0.0405204,2803,76440,0.805752,0,2,1749631,1746828,2803
60232881,21.8274,0.0354554,2827,76440,0.806177,0,2,1749655,1746828,2827
60232881,22.099,0.0310234,2851,76440,0.806559,0,2,1749679,1746828,2851
60232881,19.8366,0.0271455,2855,76080,0.808903,0,2,1749683,1746828,2855
60232881,20.3571,0.0237523,2879,76080,0.809013,0,2,1749707,1746828,2879
60232881,18.3124,0.0207833,2883,76080,0.811112,0,2,1749711,1746828,2883
60232881,19.0234,0.0181854,2907,75880,0.811,0,2,1749735,1746828,2907
60232881,19.6455,0.0159122,2931,75680,0.8109,0,2,1749759,1746828,2931
60232881,20.1898,0.0139232,2955,74220,0.80881,0,2,1749783,1746828,2955
60232881,20.666,0.0121828,2979,73600,0.806929,0,2,1749807,1746828,2979
60232881,21.0828,0.0106599,3003,72140,0.803236,0,2,1749831,1746828,3003
60232881,18.9474,0.00932744,3007,71940,0.799913,0,2,1749835,1746828,3007
60232881,19.579,0.00816151,3031,71940,0.794921,0,2,1749859,1746828,3031
60232881,20.1316,0.00714132,3055,70480,0.791429,0,2,1749883,1746828,3055
60232881,18.1152,0.00624865,3059,70480,0.788286,0,2,1749887,1746828,3059
60238721,18.8508,216.755,1349,69020,0.783458,0.9,2,1749911,1748562,1349
60241641,19.4944,195.786,1324,81160,0.791112,0.84,2,1749935,1748611,1324
60244561,20.0576,177.313,1300,81160,0.796001,0.82,2,1749959,1748659,1300
60247481,20.5504,158.149,1300,81160,0.807401,0.8,2,1749983,1748683,1300
60250401,20.9816,141.38,1300,82540,0.819661,0.77,2,1750007,1748707,1300
60253321,21.3589,129.708,1276,81160,0.828695,0.78,2,1750031,1748755,1276
60254781,21.6891,116.494,1276,82540,0.838825,0.78,2,1750055,1748779,1276
60257701,21.9779,107.932,1252,81160,0.845943,0.79,2,1750079,1748827,1252
60260621,22.2307,97.4408,1252,82540,0.854348,0.8,2,1750103,1748851,1252
60262081,22.4518,88.2607,1252,81160,0.859913,0.8,2,1750127,1748875,1252
60265001,22.6454,83.2281,1228,82540,0.866922,0.81,2,1750151,1748923,1228
60267921,22.8147,75.8246,1228,81160,0.87123,0.82,2,1750175,1748947,1228
60269381,22.9629,69.3465,1228,82540,0.877107,0.83,2,1750199,1748971,1228
60272301,23.0925,63.6782,1228,81160,0.880396,0.84,2,1750223,1748995,1228
60273761,23.2059,58.7184,1228,82540,0.885357,0.85,2,1750247,1749019,1228
60276681,23.3052,54.3786,1228,81160,0.887821,0.85,2,1750271,1749043,1228
60278141,23.392,50.5813,1228,82540,0.892039,0.86,2,1750295,1749067,1228
60281061,23.468,47.2586,1228,81160,0.893835,0.86,2,1750319,1749091,1228
60282521,23.5345,44.3513,1228,82540,0.897451,0.86,2,1750343,1749115,1228
60285441,23.5927,41.8074,1228,81160,0.898706,0.73,2,1750367,1749139,1228
60286901,23.6436,39.5815,1228,82540,0.901836,0.74,2,1750391,1749163,1228
60289821,23.6882,37.6338,1228,81160,0.902652,0.75,2,1750415,1749187,1228
60291281,23.7272,35.9296,1228,82540,0.905387,0.74,2,1750439,1749211,1228
60294201,23.7613,34.4384,1228,81160,0.905848,0.75,2,1750463,1749235,1228
60295661,23.7911,33.1336,1228,82540,0.908263,0.76,2,1750487,1749259,1228
60297121,23.8172,31.9919,1228,81160,0.908437,0.77,2,1750511,1749283,1228
60300041,23.8401,31.7429,1222,82540,0.910593,0.78,2,1750535,1749313,1222
60301501,23.8601,30.775,1222,81160,0.910534,0.78,2,1750559,1749337,1222
60321941,23.8775,29.9282,1222,82540,0.912481,0.79,2,1750583,1749361,1222
60350581,23.8929,29.1871,1222,81160,0.912233,0.81,2,1750607,1749385,1222
60350581,23.9062,25.5387,1246,63560,0.912009,0,2,1750631,1749385,1246
60350581,23.918,22.3464,1270,63560,0.909808,0,2,1750655,1749385,1270
60350581,23.9282,19.5531,1294,63560,0.905828,0,2,1750679,1749385,1294
60350581,23.9372,17.109,1318,63560,0.900245,0,2,1750703,1749385,1318
60350581,23.945,14.9703,1342,63560,0.89322,0,2,1750727,1749385,1342
60350581,23.9519,13.099,1366,63560,0.884898,0,2,1750751,1749385,1366
60350581,23.9579,11.4617,1390,63560,0.875408,0,2,1750775,1749385,1390
60350581,23.9632,10.029,1414,63560,0.863868,0,2,1750799,1749385,1414
60350581,23.9678,8.77534,1438,63560,0.851481,0,2,1750823,1749385,1438
60350581,23.9718,7.67842,1462,63560,0.838333,0,2,1750847,1749385,1462
60350581,23.9753,6.71862,1486,63560,0.824499,0,2,1750871,1749385,1486
60350581,23.9784,5.87879,1510,63560,0.81105,0,2,1750895,1749385,1510
60353701,23.9811,45.3939,1212,63560,0.796945,0.81,2,1750919,1749707,1212
60357241,23.8585,43.2197,1207,63560,0.78425,0.79,2,1750942,1749735,1207
60363681,23.8762,43.8172,1183,63560,0.772825,0.74,2,1750966,1749783,1183
60363681,23.8916,38.3401,1207,96360,0.795543,0,2,1750990,1749783,1207
60363681,23.9052,33.5476,1231,96360,0.815988,0,2,1751014,1749783,1231
60363681,21.417,29.3541,1235,96360,0.83439,0,2,1751018,1749783,1235
60366601,24.7399,42.0599,1152,96360,0.850951,0.74,2,1751066,1749914,1152
60368881,26.2724,36.8024,1189,96360,0.865855,0.91,2,1751103,1749914,1189
60368881,25.9884,32.2021,1213,97820,0.87927,0,2,1751127,1749914,1213
60368881,25.7398,28.1768,1237,97820,0.891343,0,2,1751151,1749914,1237
60368881,25.5223,24.6547,1261,97820,0.902209,0,2,1751175,1749914,1261
60368881,23.9571,21.5729,1274,97820,0.911988,0,2,1751188,1749914,1274
60371801,26.9624,24.8763,1274,97820,0.920789,0.84,2,1751236,1749962,1274
60374721,29.5921,21.7667,1322,97820,0.92871,0.84,2,1751284,1749962,1322
60375121,29.7681,19.0459,1353,99280,0.935839,0.91,2,1751315,1749962,1353
60375121,29.0471,16.6652,1377,99280,0.942255,0,2,1751339,1749962,1377
60378041,31.4162,23.207,1356,99280,0.94803,0.91,2,1751387,1750031,1356
60436441,46.8523,32.5679,1381,110960,0.942342,0.67,2,1752347,1750966,1381
60439361,46.9957,28.4969,1429,110960,0.936107,0.67,2,1752395,1750966,1429
60442281,47.1213,24.9348,1477,110960,0.930497,0.67,2,1752443,1750966,1477
60445201,47.2311,21.8179,1525,112420,0.927447,0.67,2,1752491,1750966,1525
60446661,47.3272,19.0907,1573,112420,0.923702,0.67,2,1752539,1750966,1573
60446661,44.4113,16.7043,1597,112420,0.921332,0,2,1752563,1750966,1597
60446661,41.8599,14.6163,1621,112420,0.920199,0,2,1752587,1750966,1621
60446661,39.6274,12.7893,1645,110960,0.917179,0.91,2,1752611,1750966,1645
60446661,37.674,11.1906,1669,109999,0.911461,0,2,1752635,1750966,1669
60446661,35.9647,9.79178,1693,109519,0.907315,0,2,1752659,1750966,1693
60446661,34.5941,8.56781,1718,109038,0.900584,0,2,1752684,1750966,1718
60446661,33.2699,7.49683,1742,108558,0.895525,0,2,1752708,1750966,1742
60446661,32.1111,6.55973,1766,108077,0.888973,0,2,1752732,1750966,1766
60446661,31.0972,5.73976,1790,106137,0.880075,0,2,1752756,1750966,1790
60446661,30.2101,5.02229,1814,105656,0.873068,0,2,1752780,1750966,1814
60446661,29.4338,4.39451,1838,103716,0.864761,0,2,1752804,1750966,1838
60446661,28.7546,3.84519,1862,103235,0.854285,0,2,1752828,1750966,1862
60446661,28.1603,3.36454,1886,101295,0.845856,0,2,1752852,1750966,1886
60446661,27.6402,2.94398,1910,99354,0.837271,0,2,1752876,1750966,1910
60446661,27.1852,2.57598,1934,98874,0.828544,0,2,1752900,1750966,1934
60446661,26.7871,2.25398,1958,96933,0.818689,0,2,1752924,1750966,1958
60446661,26.4387,1.97223,1982,94993,0.80882,0,2,1752948,1750966,1982
60446661,26.1338,1.7257,2006,94512,0.798938,0,2,1752972,1750966,2006
60446661,25.8671,1.50999,2030,92572,0.788045,0,2,1752996,1750966,2030
60446661,25.6337,1.32124,2054,92091,0.77724,0,2,1753020,1750966,2054
60446661,25.4295,1.15609,2078,88691,0.766516,0,2,1753044,1750966,2078
60446661,25.2508,1.01158,2102,86750,0.755865,0,2,1753068,1750966,2102
60446661,25.0945,0.885129,2126,86270,0.747278,0,2,1753092,1750966,2126
60446661,24.9577,0.774488,2150,82869,0.73755,0,2,1753116,1750966,2150
60446661,24.838,0.677677,2174,77380,0.726795,0,2,1753140,1750966,2174
60446661,24.7332,0.592967,2198,77380,0.717116,0,2,1753164,1750966,2198
60446661,24.6416,0.518847,2222,74460,0.708404,0,2,1753188,1750966,2222
60446661,24.5614,0.453991,2246,74460,0.700564,0,2,1753212,1750966,2246
60468561,24.0089,115.743,1128,76480,0.713771,0.77,2,1753956,1752828,1128
60472941,24.0078,104.275,1128,76660,0.728394,0.75,2,1753980,1752852,1128
60475861,24.0068,97.2409,1104,75920,0.739555,0.73,2,1754004,1752900,1104
60480241,24.006,88.0858,1104,76660,0.751599,0.71,2,1754028,1752924,1104
60484621,24.0052,83.0751,1080,75920,0.760439,0.67,2,1754052,1752972,1080
60484621,24.0046,72.6907,1104,76660,0.770396,0,2,1754076,1752972,1104
60486081,24.004,72.6043,1056,76660,0.779356,0.66,2,1754100,1753044,1056
60489001,24.0035,66.5288,1056,75920,0.78542,0.63,2,1754124,1753068,1056
60493381,24.0031,67.2127,1008,76660,0.792878,0.63,2,1754148,1753140,1008
60494841,24.0027,61.8111,1008,75920,0.79759,0.63,2,1754172,1753164,1008
60497761,24.0024,57.0847,1008,76660,0.803831,0.63,2,1754196,1753188,1008
60499221,24.0021,52.9491,1008,75920,0.807448,0.63,2,1754220,1753212,1008
60503601,24.0018,49.3305,1008,76660,0.812703,0.63,2,1754244,1753236,1008
60505061,24.0016,46.1642,1008,75920,0.815433,0.63,2,1754268,1753260,1008
60509441,24.0014,43.3937,1008,76660,0.81989,0.63,2,1754292,1753284,1008
60510901,24.0012,40.9695,1008,75920,0.821901,0.63,2,1754316,1753308,1008
60513821,24.0011,38.8483,1008,76660,0.825711,0.63,2,1754340,1753332,1008
60515281,24.0009,36.9922,1008,75920,0.82714,0.63,2,1754364,1753356,1008
60519661,24.0008,35.3682,1008,76660,0.830426,0.63,2,1754388,1753380,1008
60521121,24.0007,33.9472,1008,75920,0.831383,0.63,2,1754412,1753404,1008
60524041,23.8756,32.7038,1007,76660,0.833245,0.63,2,1754435,1753428,1007
60525501,23.8912,31.6158,1007,75920,0.83392,0.63,2,1754459,1753452,1007
60526961,23.9048,30.6638,1007,76660,0.836528,0.63,2,1754483,1753476,1007
60567841,23.9167,29.8309,1007,75920,0.836875,0.62,2,1754507,1753500,1007
60570761,26.9271,29.102,1031,78840,0.852188,0.62,2,1754555,1753524,1031
60573681,29.5612,31.4642,1031,80300,0.865969,0.62,2,1754603,1753572,1031
60576601,31.8661,33.5312,1031,80300,0.878372,0.62,2,1754651,1753620,1031
60576881,31.5078,35.3398,1012,81760,0.890535,0.79,2,1754680,1753668,1012
60576881,30.5693,30.9223,1036,81760,0.901481,0,2,1754704,1753668,1036
60576881,29.7482,27.057,1060,81760,0.911333,0,2,1754728,1753668,1060
60576881,29.0296,23.6749,1084,81760,0.9202,0,2,1754752,1753668,1084
60576881,28.4009,20.7156,1108,81760,0.92718,0,2,1754776,1753668,1108
60576881,27.8508,18.1261,1132,81760,0.933462,0,2,1754800,1753668,1132
60576881,27.3695,15.8603,1156,81760,0.939116,0,2,1754824,1753668,1156
60576881,26.9483,13.8778,1180,81760,0.944204,0,2,1754848,1753668,1180
60576881,26.5797,12.1431,1204,81760,0.948784,0,2,1754872,1753668,1204
60576881,25.3232,6.22829,1324,81760,0.947564,0,2,1754992,1753668,1324
60576881,22.7828,5.44976,1329,81760,0.941808,0,2,1754997,1753668,1329
60579801,25.9349,27.5185,1195,81760,0.932627,0.79,2,1755045,1753850,1195
60582721,28.6931,28.3287,1209,81760,0.924364,0.79,2,1755093,1753884,1209
60585641,31.1064,27.7876,1233,81760,0.916928,0.83,2,1755141,1753908,1233
60587281,30.5931,27.3142,1236,81760,0.912235,0.84,2,1755168,1753932,1236
60590201,32.769,26.8999,1260,83220,0.910012,0.84,2,1755216,1753956,1260
60593121,34.6729,29.5374,1260,83220,0.90801,0.84,2,1755264,1754004,1260
60596041,36.3388,31.8452,1260,83220,0.906209,0.86,2,1755312,1754052,1260
60598961,37.7964,30.8646,1284,83220,0.904588,0.84,2,1755360,1754076,1284
60601881,39.0719,33.0065,1284,83220,0.90313,0.84,2,1755408,1754124,1284
60604801,40.1879,34.8807,1284,84680,0.903817,0.84,2,1755456,1754172,1284
60607721,41.1644,36.5206,1284,84680,0.904435,0.84,2,1755504,1754220,1284
60610641,42.0188,37.9555,1284,84680,0.904991,0.84,2,1755552,1754268,1284
60613561,42.7665,39.2111,1284,84680,0.905492,0.84,2,1755600,1754316,1284
60616481,43.4207,40.3097,1284,86140,0.907943,0.84,2,1755648,1754364,1284
60619401,43.9931,41.271,1284,86140,0.910149,0.84,2,1755696,1754412,1284
60622321,44.494,41.9871,1285,86140,0.897134,0.84,2,1755744,1754459,1285
60625241,44.9322,42.7387,1285,86140,0.88742,0.84,2,1755792,1754507,1285
60628161,45.3157,37.3964,1333,86140,0.880678,0.84,2,1755840,1754507,1333
60631081,45.6512,32.7218,1381,87600,0.875611,0.84,2,1755888,1754507,1381
60634001,45.9448,28.6316,1429,87600,0.86905,0.84,2,1755936,1754507,1429
60635461,46.2017,25.0527,1477,87600,0.861145,0.84,2,1755984,1754507,1477
60635461,43.4265,21.9211,1501,87600,0.85303,0,2,1756008,1754507,1501
60635461,40.9982,19.1809,1525,87600,0.844727,0,2,1756032,1754507,1525
60635461,38.8734,16.7833,1549,73280,0.838254,0.77,2,1756056,1754507,1549
60635461,37.0142,14.6854,1573,72666,0.830429,0,2,1756080,1754507,1573
60635461,35.3875,12.8497,1597,72359,0.823386,0,2,1756104,1754507,1597
60635461,33.964,11.2435,1621,72052,0.817047,0,2,1756128,1754507,1621
60635461,32.7185,9.83808,1645,71745,0.809343,0,2,1756152,1754507,1645
60635461,31.6287,8.60832,1669,71437,0.802408,0,2,1756176,1754507,1669
60635461,30.8001,7.53228,1694,71130,0.796168,0,2,1756201,1754507,1694
60635461,29.9501,6.59074,1718,70823,0.790551,0,2,1756225,1754507,1718
60635461,29.2063,5.7669,1742,70516,0.785496,0,2,1756249,1754507,1742
60635461,28.5555,5.04604,1766,68749,0.778946,0,2,1756273,1754507,1766
60635461,27.9861,4.41528,1790,68441,0.773052,0,2,1756297,1754507,1790
60635461,27.4878,3.86337,1814,68134,0.767746,0,2,1756321,1754507,1814
60635461,27.0519,3.38045,1838,67827,0.762972,0,2,1756345,1754507,1838
60635461,26.6704,2.95789,1862,67520,0.758675,0,2,1756369,1754507,1862
60635461,26.3366,2.58816,1886,67213,0.752807,0,2,1756393,1754507,1886
60635461,26.0445,2.26464,1910,66905,0.747526,0,2,1756417,1754507,1910
60635461,25.7889,1.98156,1934,66598,0.742774,0,2,1756441,1754507,1934
60635461,25.5653,1.73386,1958,66291,0.738496,0,2,1756465,1754507,1958
60635461,25.3697,1.51713,1982,65984,0.734647,0,2,1756489,1754507,1982
60635461,25.1985,1.32749,2006,65677,0.729182,0,2,1756513,1754507,2006
60635461,25.0486,1.16155,2030,65370,0.724264,0,2,1756537,1754507,2030
60635461,24.9176,1.01636,2054,65062,0.719837,0,2,1756561,1754507,2054
60635461,24.8029,0.889314,2078,64755,0.715854,0,2,1756585,1754507,2078
60635461,24.7025,0.77815,2102,64448,0.710268,0,2,1756609,1754507,2102
60635461,24.6147,0.680881,2126,64141,0.705242,0,2,1756633,1754507,2126
60635461,24.5379,0.595771,2150,63834,0.700717,0,2,1756657,1754507,2150
60759841,44.1669,61.5762,1012,68620,0.707077,0.61,2,1758053,1757041,1012
60762761,44.646,59.8792,1012,68620,0.714369,0.61,2,1758101,1757089,1012
60765681,45.0653,58.3943,1012,68620,0.720932,0.61,2,1758149,1757137,1012
60766161,43.4321,57.095,996,68620,0.726839,0.62,2,1758181,1757185,996
60766161,41.0031,49.9581,1020,68620,0.732155,0,2,1758205,1757185,1020
60766161,38.8777,43.7133,1044,68620,0.73494,0,2,1758229,1757185,1044
60766161,37.018,38.2492,1068,68620,0.735446,0,2,1758253,1757185,1068
60769081,38.3907,45.968,1016,68620,0.732901,0.62,2,1758301,1757285,1016
60772001,39.5919,46.222,1016,70080,0.732611,0.62,2,1758349,1757333,1016
60774921,40.6429,46.4443,1016,70080,0.73235,0.62,2,1758397,1757381,1016
60777841,41.5625,40.6387,1064,70080,0.732115,0.62,2,1758445,1757381,1064
60780721,42.2422,35.5589,1111,70080,0.731903,0.53,2,1758492,1757381,1111
60783641,42.9619,62.114,911,70080,0.731713,0.53,2,1758540,1757629,911
60786561,43.5917,54.3498,959,70080,0.731542,0.53,2,1758588,1757629,959
60789481,44.1427,47.5561,1007,70080,0.731388,0.53,2,1758636,1757629,1007
60792401,44.6249,41.6116,1055,70080,0.731249,0.53,2,1758684,1757629,1055
60795321,45.0468,36.4101,1103,71540,0.733124,0.53,2,1758732,1757629,1103
60798241,45.4159,31.8588,1151,71540,0.734811,0.53,2,1758780,1757629,1151
60801161,45.7389,27.8765,1199,71540,0.73633,0.75,2,1758828,1757629,1199
60804081,46.0216,29.3919,1207,71540,0.737697,0.75,2,1758876,1757669,1207
60807001,46.2689,31.7179,1207,71540,0.738928,0.75,2,1758924,1757717,1207
60809921,46.4853,33.7532,1207,71540,0.740035,0.75,2,1758972,1757765,1207
60812841,46.6746,35.534,1207,71540,0.741031,0.75,2,1759020,1757813,1207
60815761,46.8403,37.0923,1207,71540,0.741928,0.77,2,1759068,1757861,1207
60818681,46.9852,38.4558,1207,71540,0.742735,0.78,2,1759116,1757909,1207
60821601,47.1121,39.6488,1207,71540,0.743462,0.78,2,1759164,1757957,1207
60824521,47.2231,40.6927,1207,71540,0.744116,0.78,2,1759212,1758005,1207
60827441,47.3202,41.6061,1207,71540,0.744704,0.78,2,1759260,1758053,1207
60830361,47.4052,42.4053,1207,73000,0.747234,0.78,2,1759308,1758101,1207
60833281,47.4795,43.1047,1207,73000,0.74951,0.78,2,1759356,1758149,1207
60836201,47.5446,41.7166,1223,73000,0.751559,0.71,2,1759404,1758181,1223
60839121,47.6015,51.502,1151,73000,0.753403,0.73,2,1759452,1758301,1151
60842041,47.6513,51.0643,1151,73000,0.754063,0.73,2,1759500,1758349,1151
60844961,47.6949,50.6812,1151,73000,0.750657,0.73,2,1759548,1758397,1151
60847881,47.733,50.3461,1151,73000,0.743591,0.73,2,1759596,1758445,1151
60850801,47.7664,49.9278,1152,73000,0.733232,0.73,2,1759644,1758492,1152
60853721,47.7956,49.6868,1152,73000,0.719909,0.73,2,1759692,1758540,1152
60856641,47.8212,49.476,1152,73000,0.703918,0.73,2,1759740,1758588,1152
60859561,47.8435,49.2915,1152,73000,0.709526,0.73,2,1759788,1758636,1152
60862481,47.8631,49.1301,1152,73000,0.714574,0.73,2,1759836,1758684,1152
60865401,47.8802,42.9888,1200,73000,0.719116,0.75,2,1759884,1758684,1200
60868321,47.8952,43.6152,1200,73000,0.723204,0.75,2,1759932,1758732,1200
60871241,47.9083,44.1633,1200,73000,0.726884,0.75,2,1759980,1758780,1200
60874161,47.9197,44.6429,1200,73000,0.730196,0.75,2,1760028,1758828,1200
60877081,47.9298,45.0625,1200,73000,0.733176,0.75,2,1760076,1758876,1200
60880001,47.9385,45.4297,1200,73000,0.735858,0.75,2,1760124,1758924,1200
60882921,47.9462,45.751,1200,73000,0.738273,0.75,2,1760172,1758972,1200
60885841,47.953,46.0321,1200,73000,0.740445,0.75,2,1760220,1759020,1200
60888761,47.9588,46.2781,1200,73000,0.742401,0.75,2,1760268,1759068,1200
60891681,47.964,46.4933,1200,73000,0.744161,0.75,2,1760316,1759116,1200
60894601,47.9685,46.6817,1200,73000,0.745745,0.75,2,1760364,1759164,1200
60897521,47.9724,46.8465,1200,73000,0.74717,0.75,2,1760412,1759212,1200
60900441,47.9759,46.9907,1200,73000,0.749453,0.77,2,1760460,1759260,1200
60903361,47.9789,47.1168,1200,74460,0.753508,0.77,2,1760508,1759308,1200
60906281,47.9815,47.2272,1200,74460,0.757157,0.77,2,1760556,1759356,1200
60909201,47.9838,47.3238,1200,74460,0.760441,0.77,2,1760604,1759404,1200
60911761,47.2359,47.4083,1194,74460,0.763397,0.54,2,1760646,1759452,1194
60914681,47.3314,81.1073,925,74460,0.766057,0.54,2,1760694,1759769,925
60917601,47.415,70.9689,973,74460,0.768452,0.54,2,1760742,1759769,973
60920521,47.4881,62.0978,1021,74460,0.770607,0.54,2,1760790,1759769,1021
60923441,47.5521,54.3356,1069,74460,0.772546,0.54,2,1760838,1759769,1069
60926361,47.6081,47.5436,1117,74460,0.774291,0.54,2,1760886,1759769,1117
60929281,47.6571,41.6007,1165,74460,0.775862,0.76,2,1760934,1759769,1165
60932201,47.6999,38.7756,1194,74460,0.777276,0.76,2,1760982,1759788,1194
60935121,47.7374,39.9286,1194,74460,0.778548,0.76,2,1761030,1759836,1194
60938041,47.7703,40.9376,1194,74460,0.779694,0.76,2,1761078,1759884,1194
60940961,47.799,41.8204,1194,74460,0.780724,0.76,2,1761126,1759932,1194
60943881,47.8241,42.5928,1194,74460,0.781652,0.76,2,1761174,1759980,1194
60946801,47.8461,43.2687,1194,74460,0.782487,0.76,2,1761222,1760028,1194
60949721,47.8653,43.8601,1194,74460,0.783238,0.76,2,1761270,1760076,1194
60952641,47.8822,44.3776,1194,74460,0.783914,0.76,2,1761318,1760124,1194
60955561,47.8969,44.8304,1194,74460,0.784523,0.76,2,1761366,1760172,1194
60958481,47.9098,45.2266,1194,74460,0.78507,0.76,2,1761414,1760220,1194
60961401,47.9211,45.5733,1194,74460,0.785563,0.76,2,1761462,1760268,1194
60964321,47.9309,45.8766,1194,75920,0.788007,0.76,2,1761510,1760316,1194
60967241,47.9396,46.142,1194,75920,0.790206,0.76,2,1761558,1760364,1194
60970161,47.9471,46.3743,1194,75920,0.792186,0.77,2,1761606,1760412,1194
60973081,47.9537,46.5775,1194,75920,0.793967,0.77,2,1761654,1760460,1194
60976001,47.9595,40.7553,1242,75920,0.79557,0.79,2,1761702,1760460,1242
60978921,47.9646,41.6609,1242,75920,0.797013,0.79,2,1761750,1760508,1242
60981841,47.969,42.4533,1242,77380,0.800312,0.79,2,1761798,1760556,1242
60984761,47.9729,43.1466,1242,77380,0.803281,0.79,2,1761846,1760604,1242
60987681,47.9763,43.0033,1248,77380,0.805953,0.79,2,1761894,1760646,1248
60990601,47.9792,43.6279,1248,77380,0.808357,0.79,2,1761942,1760694,1248
60993521,47.9818,44.1744,1248,77380,0.810522,0.79,2,1761990,1760742,1248
60996441,47.9841,44.6526,1248,77380,0.81247,0.79,2,1762038,1760790,1248
60999361,47.9861,45.071,1248,77380,0.814223,0.79,2,1762086,1760838,1248
61002281,47.9878,45.4371,1248,78840,0.8178,0.79,2,1762134,1760886,1248
61005201,47.9893,45.7575,1248,78840,0.82102,0.79,2,1762182,1760934,1248
61008121,47.9907,46.0378,1248,78840,0.823918,0.79,2,1762230,1760982,1248
61011041,47.9918,46.2831,1248,78840,0.826526,0.79,2,1762278,1761030,1248
61013961,47.9929,46.4977,1248,78840,0.828874,0.79,2,1762326,1761078,1248
61016881,47.9938,46.6855,1248,78840,0.830986,0.79,2,1762374,1761126,1248
61019801,47.9945,46.8498,1248,78840,0.832888,0.79,2,1762422,1761174,1248
61022721,47.9952,46.9936,1248,80300,0.836599,0.79,2,1762470,1761222,1248
61025641,47.9958,47.1194,1248,80300,0.839939,0.79,2,1762518,1761270,1248
61028561,47.9963,47.2295,1248,80300,0.842945,0.79,2,1762566,1761318,1248
61031481,47.9968,47.3258,1248,80300,0.845651,0.79,2,1762614,1761366,1248
61034401,47.9972,47.4101,1248,80300,0.848086,0.79,2,1762662,1761414,1248
61037321,47.9975,47.4838,1248,81760,0.852277,0.81,2,1762710,1761462,1248
61040241,47.9979,47.5483,1248,81760,0.856049,0.81,2,1762758,1761510,1248
61043161,47.9981,47.6048,1248,81760,0.859444,0.81,2,1762806,1761558,1248
61046081,47.9984,47.6542,1248,81760,0.8625,0.81,2,1762854,1761606,1248
61049001,47.9986,47.6974,1248,83220,0.86725,0.81,2,1762902,1761654,1248
61051921,47.9987,47.7352,1248,83220,0.871525,0.81,2,1762950,1761702,1248
61054841,47.9989,47.7683,1248,83220,0.875372,0.81,2,1762998,1761750,1248
61057761,47.999,41.7973,1296,83220,0.878835,0.83,2,1763046,1761750,1296
61060681,47.9992,42.5726,1296,84680,0.883952,0.83,2,1763094,1761798,1296
61063601,47.9993,43.251,1296,84680,0.888557,0.83,2,1763142,1761846,1296
61066521,47.9994,43.8447,1296,84680,0.892701,0.83,2,1763190,1761894,1296
61069441,47.9994,44.3641,1296,86140,0.898431,0.83,2,1763238,1761942,1296
61072361,47.9995,44.8186,1296,86140,0.903588,0.83,2,1763286,1761990,1296
61075281,47.9996,45.2163,1296,86140,0.908229,0.83,2,1763334,1762038,1296
61078201,47.9996,45.5642,1296,87600,0.914406,0.85,2,1763382,1762086,1296
61081121,47.9997,45.8687,1296,87600,0.919965,0.85,2,1763430,1762134,1296
61084041,47.9997,46.1351,1296,89060,0.926969,0.85,2,1763478,1762182,1296
61086961,47.9997,46.3682,1296,89060,0.933272,0.85,2,1763526,1762230,1296
61089881,47.9998,46.5722,1296,90520,0.939945,0.85,2,1763574,1762278,1296
61092801,47.9998,46.7507,1296,90520,0.94595,0.85,2,1763622,1762326,1296
61139521,48,42.7755,1392,103660,0.937408,0.91,2,1764390,1762998,1392
61142441,48,43.4286,1392,105120,0.919667,0.93,2,1764438,1763046,1392
61145361,48,44,1392,106580,0.899701,0.93,2,1764486,1763094,1392
61148281,48,44.5,1392,106580,0.87773,0.93,2,1764534,1763142,1392
61151201,48,44.9375,1392,108040,0.853957,0.93,2,1764582,1763190,1392
61154121,48,39.3203,1440,109500,0.828562,0.95,2,1764630,1763190,1440
61157041,48,40.4053,1440,109500,0.801706,0.95,2,1764678,1763238,1440
61159961,48,41.3546,1440,110960,0.773535,0.95,2,1764726,1763286,1440
61162881,48,42.1853,1440,112420,0.741181,0.97,2,1764774,1763334,1440
61165801,48,42.9121,1440,112420,0.708063,0.97,2,1764822,1763382,1440
61174561,48,39.3415,1488,116800,0.595438,0.99,1,1764966,1763478,1488
61177481,48,40.4238,1488,118260,0.555894,1,1,1765014,1763526,1488
61180401,48,41.3709,1488,119720,0.513305,1,1,1765062,1763574,1488
61181861,48,42.1995,1488,121180,0.469974,1,1,1765110,1763622,1488
61181861,45,36.9246,1512,121180,0.427977,0,1,1765134,1763622,1512
61181861,42.375,32.309,1536,121180,0.389179,0,1,1765158,1763622,1536
61181861,40.0781,28.2704,1560,31280,0.355261,0.04,1,1765182,1763622,1560
61181861,38.1934,24.7366,1585,31280,0.325735,0,1,1765207,1763622,1585
61181861,36.4192,21.6445,1609,31280,0.300162,0,1,1765231,1763622,1609
61181861,34.8668,18.9389,1633,31280,0.278146,0,1,1765255,1763622,1633
61181861,33.5084,16.5716,1657,29820,0.259331,0,1,1765279,1763622,1657
61181861,32.3199,14.5001,1681,28360,0.242398,0,1,1765303,1763622,1681
61181861,31.2799,12.6876,1705,28360,0.227158,0,1,1765327,1763622,1705
61181861,30.3699,11.1017,1729,26900,0.213442,0,1,1765351,1763622,1729
61181861,29.5737,9.71395,1753,25440,0.201098,0,1,1765375,1763622,1753
61181861,28.877,8.49971,1777,25440,0.189988,0,1,1765399,1763622,1777
61181861,28.2673,7.43724,1801,23980,0.179989,0,1,1765423,1763622,1801
61181861,27.7339,6.50759,1825,21060,0.17099,0,1,1765447,1763622,1825
61181861,27.2672,5.69414,1849,21060,0.162891,0,1,1765471,1763622,1849
61181861,25.1088,4.98237,1859,21060,0.154602,0,1,1765481,1763622,1859
61189161,24.9702,196.36,347,20220,0.145142,0.05,1,1765505,1765158,347
61192081,24.8489,174.815,347,22520,0.134628,0.06,1,1765529,1765182,347
61196461,24.7428,156.088,346,22520,0.123165,0.08,1,1765553,1765207,346
61196461,24.65,136.577,370,21060,0.110849,0,1,1765577,1765207,370
61199381,24.5687,125.505,346,21060,0.0997637,0.09,1,1765601,1765255,346
61203761,24.4976,112.817,346,21060,0.0897873,0.09,1,1765625,1765279,346
61203761,24.4354,98.7146,370,19600,0.0808086,0,1,1765649,1765279,370
61206681,24.256,92.3752,345,19600,0.0727277,0.09,1,1765672,1765327,345
61208141,24.224,83.8283,345,19600,0.065455,0.09,1,1765696,1765351,345
61217521,24.196,76.3498,345,19600,0.0589095,0,1,1765720,1765375,345
61217521,24.1715,66.8061,369,86140,0.0530185,0,1,1765744,1765375,369
61217521,24.1501,58.4553,393,86140,0.0477167,0,1,1765768,1765375,393
61217521,24.1313,51.1484,417,86140,0.042945,0,1,1765792,1765375,417
61217521,22.3649,44.7548,427,86140,0.0386505,0,1,1765802,1765375,427
61220441,287.194,326.41,270,86140,0.129785,0,1,1767943,1767673,270
61223361,257.295,285.609,318,87600,0.213807,0,1,1767991,1767673,318
61226281,231.133,249.908,366,89060,0.291426,0,1,1768039,1767673,366
61229201,208.241,218.67,414,90520,0.362284,0,1,1768087,1767673,414
61232121,188.211,191.336,462,91980,0.426055,0,1,1768135,1767673,462
61235041,170.685,167.419,510,91980,0.48345,0,1,1768183,1767673,510
61237961,155.349,146.491,558,93440,0.535105,0,1,1768231,1767673,558
61240881,141.931,128.18,606,94900,0.581594,0,1,1768279,1767673,606
61252561,103.06,75.1368,798,97820,0.725484,0,2,1768471,1767673,798
61255481,96.1779,65.7447,846,99280,0.752936,0,2,1768519,1767673,846
61258401,90.1556,57.5266,894,99280,0.777642,0,2,1768567,1767673,894
61261321,84.8862,50.3358,942,100740,0.799878,0,2,1768615,1767673,942
61264241,80.2754,44.0438,990,100740,0.81989,0,2,1768663,1767673,990
61267161,76.241,38.5383,1038,102200,0.837901,0,2,1768711,1767673,1038
61270081,72.7108,33.721,1086,102200,0.854111,0,2,1768759,1767673,1086
61273001,69.622,29.5059,1134,102200,0.8687,0,2,1768807,1767673,1134
61275921,66.9192,25.8177,1182,103660,0.88183,0,2,1768855,1767673,1182
61278841,64.5543,22.5905,1230,103660,0.886647,0,2,1768903,1767673,1230
61281761,62.485,19.7667,1278,105120,0.894982,0,2,1768951,1767673,1278
61284681,60.6744,17.2958,1326,105120,0.904484,0,2,1768999,1767673,1326
61287601,59.0901,15.1338,1374,105120,0.914036,0,2,1769047,1767673,1374
61290521,57.7038,13.2421,1422,106580,0.922632,0,2,1769095,1767673,1422
61293441,56.4909,11.5869,1470,106580,0.930369,0,2,1769143,1767673,1470
61296361,55.4295,10.1385,1518,106580,0.935332,0,2,1769191,1767673,1518
61299281,54.5008,8.87118,1566,106580,0.935799,0,2,1769239,1767673,1566
61302201,53.6882,7.76229,1614,108040,0.928219,0,2,1769287,1767673,1614
61305121,52.9772,6.792,1662,108040,0.917397,0.95,2,1769335,1767673,1662
61308041,52.355,39.693,1440,108040,0.899657,0.97,2,1769383,1767943,1440
61310961,51.8107,40.7314,1440,108040,0.879692,0.97,2,1769431,1767991,1440
61313881,51.3343,35.64,1488,109500,0.853722,0.99,2,1769479,1767991,1488
61316801,50.9175,37.185,1488,109500,0.82635,1,2,1769527,1768039,1488
61319721,50.5528,38.5368,1488,109500,0.794715,1,2,1769575,1768087,1488
61319721,47.2337,33.7197,1512,109500,0.765244,0,2,1769599,1768087,1512
61319721,44.3295,29.5048,1536,109500,0.734719,0,2,1769623,1768087,1536
61319721,41.7883,25.8167,1560,109500,0.704247,0,2,1769647,1768087,1560
61319721,33.2075,13.2416,1681,68760,0.587347,0,1,1769768,1768087,1681
61319721,32.0566,11.5864,1705,67300,0.570613,0,1,1769792,1768087,1705
61319721,31.0495,10.1381,1729,65840,0.553551,0,1,1769816,1768087,1729
61319721,30.1683,8.87084,1753,65840,0.537196,0,1,1769840,1768087,1753
61319721,29.3973,7.76198,1777,64380,0.523477,0,1,1769864,1768087,1777
61319721,28.7226,6.79174,1801,62920,0.512129,0,1,1769888,1768087,1801
61319721,28.1323,5.94277,1825,62920,0.502916,0,1,1769912,1768087,1825
61319721,27.6158,5.19992,1849,60000,0.494624,0,1,1769936,1768087,1849
61319721,27.1638,4.54993,1873,58540,0.487162,0,1,1769960,1768087,1873
61319721,26.7683,3.98119,1897,58540,0.480446,0,1,1769984,1768087,1897
61319721,26.4223,3.48354,1921,55620,0.474401,0,1,1770008,1768087,1921
61319721,26.1195,3.0481,1945,54160,0.468961,0,1,1770032,1768087,1945
61319721,25.8546,2.66709,1969,54160,0.460065,0,1,1770056,1768087,1969
61319721,25.6227,2.3337,1993,51240,0.453059,0,1,1770080,1768087,1993
61319721,25.4199,2.04199,2017,51240,0.447753,0,1,1770104,1768087,2017
61319721,25.2424,1.78674,2041,48320,0.443977,0,1,1770128,1768087,2041
61319721,25.0871,1.5634,2065,45400,0.44058,0,1,1770152,1768087,2065
61319721,24.9512,1.36797,2089,45400,0.437522,0,1,1770176,1768087,2089
61319721,24.8323,1.19698,2113,45400,0.43477,0,1,1770200,1768087,2113
61319721,24.7283,1.04735,2137,45400,0.432293,0,1,1770224,1768087,2137
61319721,24.6372,0.916435,2161,45400,0.430063,0,1,1770248,1768087,2161
61319721,24.5576,0.80188,2185,45400,0.428057,0,1,1770272,1768087,2185
61319721,24.4879,0.701645,2209,45400,0.426251,0,1,1770296,1768087,2209
61319721,24.4269,0.61394,2233,45400,0.424626,0,1,1770320,1768087,2233
61319721,24.3735,0.537197,2257,45400,0.423164,0,1,1770344,1768087,2257
61319721,24.3268,0.470048,2281,45400,0.421847,0,1,1770368,1768087,2281
61319721,21.661,0.411292,2284,45400,0.421662,0,1,1770371,1768087,2284
61327021,21.9534,195.36,748,44080,0.419496,0.44,1,1770395,1769647,748
61329941,22.2092,173.94,748,46860,0.415547,0.42,1,1770419,1769671,748
61332861,22.433,155.322,747,46860,0.409992,0.41,1,1770443,1769696,747
61337241,22.6289,138.907,747,46860,0.402993,0.41,1,1770467,1769720,747
61337241,22.8003,121.544,771,45400,0.394693,0,1,1770491,1769720,771
61340161,22.9503,112.351,747,45400,0.385224,0.42,1,1770515,1769768,747
61344541,23.0815,101.307,747,45400,0.374702,0.39,1,1770539,1769792,747
61344541,23.1963,88.6435,771,43940,0.363232,0,1,1770563,1769792,771
61346001,23.2968,83.5631,747,43940,0.350908,0.4,1,1770587,1769840,747
61348921,23.3847,76.1177,747,43940,0.337818,0.41,1,1770611,1769864,747
61353301,23.4616,69.603,747,43940,0.324036,0.42,1,1770635,1769888,747
61354761,23.5289,63.9026,747,43940,0.309632,0.42,1,1770659,1769912,747
61357681,23.5878,58.9148,747,43940,0.294669,0.42,1,1770683,1769936,747
61362061,23.6393,54.5504,747,43940,0.279202,0.42,1,1770707,1769960,747
61363521,23.6844,50.7316,747,43940,0.263282,0.42,1,1770731,1769984,747
61367901,23.7238,47.3902,747,43940,0.246954,0.42,1,1770755,1770008,747
61369361,23.7584,44.4664,747,43940,0.230258,0.38,1,1770779,1770032,747
61372281,23.6636,41.9081,746,43940,0.213233,0.39,1,1770802,1770056,746
61373741,23.7056,39.6696,746,43940,0.195909,0.4,1,1770826,1770080,746
61394321,23.7424,37.7109,746,43940,0.178318,0,1,1770850,1770104,746
61394321,23.7746,32.997,770,77380,0.160486,0,1,1770874,1770104,770
61394321,23.8028,28.8724,794,77380,0.144438,0,1,1770898,1770104,794
61394321,23.8274,25.2634,818,77380,0.129994,0,1,1770922,1770104,818
61394321,23.849,22.1054,842,77380,0.116995,0,1,1770946,1770104,842
61394321,23.8679,19.3423,866,77380,0.105295,0,1,1770970,1770104,866
61394321,23.8844,16.9245,890,77380,0.0947657,0,1,1770994,1770104,890
61394321,23.8988,14.8089,914,77380,0.0852891,0,1,1771018,1770104,914
61394321,23.9115,12.9578,938,77380,0.0767602,0,1,1771042,1770104,938
61394321,23.9226,11.3381,962,77380,0.0690842,0,1,1771066,1770104,962
61394321,23.9322,9.92082,986,77380,0.0621758,0,1,1771090,1770104,986
61394321,21.3157,8.68071,989,77380,0.0559582,0,1,1771093,1770104,989
61397241,134.276,213.096,270,77380,0.133362,0,1,1772018,1771748,270
61400161,123.492,186.459,318,78840,0.205026,0,1,1772066,1771748,318
61403081,114.055,163.151,366,80300,0.271524,0,1,1772114,1771748,366
61406001,105.798,142.757,414,81760,0.333371,0,1,1772162,1771748,414
61408921,98.5735,124.913,462,81760,0.389034,0,1,1772210,1771748,462
61411841,92.2519,109.299,510,81760,0.439131,0,1,1772258,1771748,510
61414761,86.7204,95.6363,558,81760,0.484218,0,1,1772306,1771748,558
61417681,81.8803,83.6818,606,83220,0.526796,0,1,1772354,1771748,606
61420601,77.6453,73.2216,654,83220,0.565116,0,1,1772402,1771748,654
61423521,73.9396,64.0689,702,83220,0.599605,0,1,1772450,1771748,702
61435201,63.2053,37.556,894,84680,0.71015,0,2,1772642,1771748,894
61438121,61.3047,32.8615,942,84680,0.732135,0,2,1772690,1771748,942
61441041,59.6416,28.7538,990,84680,0.751921,0,2,1772738,1771748,990
61443961,58.1864,25.1596,1038,84680,0.769729,0,2,1772786,1771748,1038
61446881,56.9131,22.0146,1086,86140,0.787756,0,2,1772834,1771748,1086
61449801,55.799,19.2628,1134,86140,0.803981,0,2,1772882,1771748,1134
61452721,54.8241,16.855,1182,86140,0.818582,0,2,1772930,1771748,1182
61455641,53.9711,14.7481,1230,86140,0.829724,0,2,1772978,1771748,1230
61458561,53.2247,12.9046,1278,86140,0.841752,0,2,1773026,1771748,1278
61461481,52.5716,11.2915,1326,86140,0.852577,0,2,1773074,1771748,1326
61464401,52.0002,9.88006,1374,86140,0.862319,0,2,1773122,1771748,1374
61467321,51.5001,8.64506,1422,87600,0.873087,0,2,1773170,1771748,1422
61470241,51.0626,7.56442,1470,87600,0.882778,0,2,1773218,1771748,1470
61473161,50.6798,6.61887,1518,87600,0.891501,0.83,2,1773266,1771748,1518
61476081,50.3448,39.5415,1296,87600,0.89935,0.85,2,1773314,1772018,1296
61479001,50.0517,40.5988,1296,87600,0.906415,0.85,2,1773362,1772066,1296
61481921,49.7952,35.524,1344,87600,0.912774,0.87,2,1773410,1772066,1344
61484841,49.5708,37.0835,1344,87600,0.918496,0.89,2,1773458,1772114,1344
61487761,49.3745,38.448,1344,87600,0.923647,0.89,2,1773506,1772162,1344
61490681,49.2027,39.642,1344,87600,0.928282,0.89,2,1773554,1772210,1344
61493601,49.0523,40.6868,1344,87600,0.932454,0.89,2,1773602,1772258,1344
61496521,48.9208,41.6009,1344,89060,0.938209,0.89,2,1773650,1772306,1344
61499441,48.8057,36.4008,1392,89060,0.943388,0.91,2,1773698,1772306,1392
61502361,48.705,37.8507,1392,89060,0.948049,0.91,2,1773746,1772354,1392
61632301,25.8984,3.74116,1944,85291,0.943738,0,2,1776362,1774418,1944
61632301,25.6611,3.27352,1968,84811,0.938364,0,2,1776386,1774418,1968
61632301,25.4535,2.86433,1992,84332,0.930528,0,2,1776410,1774418,1992
61632301,25.2718,2.50629,2016,83852,0.924475,0,2,1776434,1774418,2016
61632301,25.1128,2.193,2040,83373,0.918027,0,2,1776458,1774418,2040
61632301,24.9737,1.91888,2064,82894,0.911225,0,2,1776482,1774418,2064
61632301,24.852,1.67902,2088,82414,0.904102,0,2,1776506,1774418,2088
61632301,24.7455,1.46914,2112,81935,0.898692,0,2,1776530,1774418,2112
61632301,24.6523,1.2855,2136,81455,0.890823,0,2,1776554,1774418,2136
61632301,24.5708,1.12481,2160,80976,0.88474,0,2,1776578,1774418,2160
61632301,24.4994,0.984209,2184,80497,0.878266,0,2,1776602,1774418,2184
61632301,24.437,0.861183,2208,80017,0.87144,0,2,1776626,1774418,2208
61632301,24.5074,0.753535,2233,79538,0.864296,0,2,1776651,1774418,2233
61632301,24.444,0.659343,2257,79058,0.858866,0,2,1776675,1774418,2257
61632301,24.3885,0.576925,2281,78579,0.85098,0,2,1776699,1774418,2281
61632301,24.3399,0.504809,2305,76640,0.844882,0,2,1776723,1774418,2305
61632301,24.2974,0.441708,2329,76160,0.840393,0,2,1776747,1774418,2329
61632301,24.2602,0.386495,2353,75681,0.834354,0,2,1776771,1774418,2353
61632301,24.2277,0.338183,2377,75201,0.827919,0,2,1776795,1774418,2377
61632301,24.1992,0.29591,2401,74722,0.824127,0,2,1776819,1774418,2401
61632301,24.1743,0.258921,2425,72783,0.817714,0,2,1776843,1774418,2425
61632301,24.1525,0.226556,2449,72303,0.812943,0,2,1776867,1774418,2449
61632301,24.1335,0.198237,2473,71824,0.807648,0,2,1776891,1774418,2473
61632301,24.1168,0.173457,2497,71344,0.801884,0,2,1776915,1774418,2497
61632301,24.1022,0.151775,2521,70865,0.795695,0,2,1776939,1774418,2521
61632301,24.0894,0.132803,2545,70386,0.791126,0,2,1776963,1774418,2545
61632301,24.0782,0.116203,2569,69906,0.784013,0,2,1776987,1774418,2569
61632301,24.0685,0.101677,2593,69427,0.778612,0,2,1777011,1774418,2593
61632301,24.0599,0.0889677,2617,67400,0.769751,0,2,1777035,1774418,2617
61632301,24.0524,0.0778467,2641,65940,0.758776,0,2,1777059,1774418,2641
61632301,24.0459,0.0681159,2665,65700,0.747898,0,2,1777083,1774418,2665
61632301,24.0401,0.0596014,2689,64480,0.736108,0,2,1777107,1774418,2689
61632301,24.0351,0.0521512,2713,64480,0.725497,0,2,1777131,1774418,2713
61632301,24.0307,0.0456323,2737,64480,0.716948,0,2,1777155,1774418,2737
61632301,24.0269,0.0399283,2761,64480,0.710253,0,2,1777179,1774418,2761
61632301,24.0235,0.0349372,2785,64480,0.704228,0,2,1777203,1774418,2785
61679021,24.0062,168.009,1489,48180,0.711041,0.66,2,1777443,1775954,1489
61679021,24.0054,147.008,1513,48180,0.739937,0,2,1777467,1775954,1513
61679021,24.0047,128.632,1537,48180,0.765943,0,2,1777491,1775954,1537
61679021,24.0041,112.553,1561,48180,0.789349,0,2,1777515,1775954,1561
61679021,24.0036,98.4839,1585,48180,0.810414,0,2,1777539,1775954,1585
61679021,24.0032,86.1734,1609,48180,0.829373,0,2,1777563,1775954,1609
61679021,24.0028,75.4017,1633,48180,0.846435,0,2,1777587,1775954,1633
61679021,24.0024,65.9765,1657,48180,0.861792,0,2,1777611,1775954,1657
61679021,24.0021,57.7295,1681,48180,0.874613,0,2,1777635,1775954,1681
61679021,24.0019,50.5133,1705,48180,0.884151,0,2,1777659,1775954,1705
61679021,24.0016,44.1991,1729,48180,0.890736,0,2,1777683,1775954,1729
61679021,24.0014,38.6742,1753,48180,0.894663,0,2,1777707,1775954,1753
61679021,24.0012,33.8399,1777,48180,0.896196,0,2,1777731,1775954,1777
61679021,24.0011,29.61,1801,48180,0.894577,0,2,1777755,1775954,1801
61679021,24.001,25.9087,1825,48180,0.891119,0,2,1777779,1775954,1825
61679021,24.0008,22.6701,1849,48180,0.886007,0,2,1777803,1775954,1849
61679021,24.0007,19.8364,1873,48180,0.879406,0,2,1777827,1775954,1873
61679021,24.0006,17.3568,1897,48180,0.871466,0,2,1777851,1775954,1897
61679021,24.0006,15.1872,1921,48180,0.862319,0,2,1777875,1775954,1921
61687781,24.0005,106.414,1200,48180,0.852087,0.66,2,1777899,1776699,1200
61687781,24.0004,93.1121,1224,48180,0.840879,0,2,1777923,1776699,1224
61687781,24.0004,81.4731,1248,48180,0.828791,0,2,1777947,1776699,1248
61687781,24.0003,71.2889,1272,48180,0.815912,0,2,1777971,1776699,1272
61687781,21.5003,62.3778,1276,48180,0.80432,0,2,1777975,1776699,1276
61725741,21.6878,72.5806,1155,48180,0.791888,0.66,2,1777998,1776843,1155
61725741,21.9768,63.508,1179,49640,0.7787,0,2,1778022,1776843,1179
61725741,22.2297,55.5695,1203,49640,0.76483,0,2,1778046,1776843,1203
61725741,22.451,48.6233,1227,49640,0.750347,0,2,1778070,1776843,1227
61725741,22.6446,42.5454,1251,49640,0.735312,0,2,1778094,1776843,1251
61725741,22.814,37.2272,1275,49640,0.719781,0,2,1778118,1776843,1275
61725741,22.9623,32.5738,1299,49640,0.703803,0,2,1778142,1776843,1299
61725741,23.5925,12.7916,1467,49640,0.582687,0,1,1778310,1776843,1467
61725741,23.6434,11.1927,1491,49640,0.564418,0,1,1778334,1776843,1491
61725741,23.688,9.79358,1515,49640,0.545976,0,1,1778358,1776843,1515
61762481,23.727,71.5694,1035,49640,0.527379,0,1,1778382,1777347,1035
61762481,23.7611,62.6232,1059,49640,0.508641,0,1,1778406,1777347,1059
61762481,23.791,54.7953,1083,49640,0.489777,0,1,1778430,1777347,1083
61762481,23.8171,47.9459,1107,49640,0.470799,0,1,1778454,1777347,1107
61762481,23.84,41.9527,1131,49640,0.451719,0,1,1778478,1777347,1131
61762481,23.86,36.7086,1155,49640,0.432547,0,1,1778502,1777347,1155
61762481,23.8775,32.12,1179,49640,0.413293,0,1,1778526,1777347,1179
61762481,23.8928,28.105,1203,49640,0.393963,0,1,1778550,1777347,1203
61762481,23.9062,24.5919,1227,49640,0.374567,0,1,1778574,1777347,1227
61762481,23.9179,21.5179,1251,49640,0.35511,0,1,1778598,1777347,1251
61762481,23.9282,18.8282,1275,49640,0.327599,0,1,1778622,1777347,1275
61762481,23.9372,16.4746,1299,49640,0.301839,0,1,1778646,1777347,1299
61762481,23.945,14.4153,1323,49640,0.345655,0.07,1,1778670,1777347,1323
61762481,23.9519,12.6134,1347,49640,0.38409,0,1,1778694,1777347,1347
61762481,23.9579,11.0367,1371,49640,0.417681,0,1,1778718,1777347,1371
61762481,23.9632,9.65713,1395,49640,0.446913,0,1,1778742,1777347,1395
61762481,23.9678,8.44999,1419,49640,0.472221,0,1,1778766,1777347,1419
61762481,23.9718,7.39374,1443,49640,0.493999,0,1,1778790,1777347,1443
61762481,23.9753,6.46952,1467,49640,0.511599,0,1,1778814,1777347,1467
61762481,23.9784,5.66083,1491,49640,0.52544,0,1,1778838,1777347,1491
61762481,23.9811,4.95323,1515,49640,0.535896,0,1,1778862,1777347,1515
61762481,23.9835,4.33407,1539,49640,0.543306,0,1,1778886,1777347,1539
61762481,23.9855,3.79232,1563,49640,0.547975,0,1,1778910,1777347,1563
61762481,23.9873,3.31828,1587,49640,0.550178,0,1,1778934,1777347,1587
61762481,23.9889,2.90349,1611,49640,0.55016,0,1,1778958,1777347,1611
61762481,23.9903,2.54055,1635,49640,0.548144,0,1,1778982,1777347,1635
61762481,23.9915,2.22299,1659,49640,0.54433,0,1,1779006,1777347,1659
61762481,23.9926,1.94511,1683,49640,0.538897,0,1,1779030,1777347,1683
61762481,21.4935,1.70197,1687,49640,0.534007,0,1,1779034,1777347,1687
61765401,24.8068,165.739,421,49640,0.525606,0.07,1,1779082,1778661,421
61768321,27.706,145.022,469,51100,0.520046,0.07,1,1779130,1778661,469
61771241,30.2427,126.894,517,52560,0.517041,0.07,1,1779178,1778661,517
61774161,32.4624,111.032,565,52560,0.514337,0.07,1,1779226,1778661,565
61777081,34.4046,97.1533,613,52560,0.511903,0.07,1,1779274,1778661,613
61780001,36.104,85.0091,661,52560,0.509713,0.07,1,1779322,1778661,661
61782921,37.591,74.383,709,52560,0.507742,0.07,1,1779370,1778661,709
61785841,38.8921,65.0851,757,52560,0.505967,0.07,1,1779418,1778661,757
61788761,40.0306,56.9495,805,52560,0.504371,0.07,1,1779466,1778661,805
61791681,41.0268,49.8308,853,54020,0.504934,0.07,1,1779514,1778661,853
61794601,41.8984,43.6019,901,54020,0.50544,0.07,1,1779562,1778661,901
61797521,42.6611,38.1517,949,54020,0.505896,0.07,1,1779610,1778661,949
61800441,43.3285,33.3827,997,55480,0.508307,0.07,1,1779658,1778661,997
61803361,43.9124,29.2099,1045,55480,0.510476,0.07,1,1779706,1778661,1045
61806281,44.4234,25.5587,1093,55480,0.512428,0.07,1,1779754,1778661,1093
61809201,44.8705,22.3638,1141,55480,0.514186,0.07,1,1779802,1778661,1141
61812121,45.2616,19.5683,1189,55480,0.515767,0.45,1,1779850,1778661,1189
61815041,45.6039,69.7473,816,56940,0.51919,0.45,1,1779898,1779082,816
61817961,45.9034,61.0289,864,56940,0.522271,0.47,1,1779946,1779082,864
61820881,46.1655,59.4003,864,56940,0.525044,0.49,1,1779994,1779130,864
61823801,46.3948,57.9752,864,56940,0.52754,0.49,1,1780042,1779178,864
61826721,46.5955,56.7283,864,58400,0.531786,0.49,1,1780090,1779226,864
61829641,46.771,55.6373,864,58400,0.535607,0.49,1,1780138,1779274,864
61832561,46.9247,54.6826,864,58400,0.539046,0.49,1,1780186,1779322,864
61835481,47.0591,53.8473,864,59860,0.544142,0.49,1,1780234,1779370,864
61838401,47.1767,53.1164,864,59860,0.548728,0.49,1,1780282,1779418,864
61841321,47.2796,52.4768,864,59860,0.552855,0.49,1,1780330,1779466,864
61844241,47.3697,45.9172,912,61320,0.558569,0.51,1,1780378,1779466,912
61847161,47.4484,46.1776,912,61320,0.563712,0.51,1,1780426,1779514,912
61850081,47.5174,46.4054,912,61320,0.568341,0.51,1,1780474,1779562,912
61853001,47.5777,46.6047,912,62780,0.574507,0.53,1,1780522,1779610,912
61855921,47.6305,46.7791,912,62780,0.580056,0.53,1,1780570,1779658,912
61858841,47.6767,46.9317,912,62780,0.585051,0.53,1,1780618,1779706,912
61861761,47.7171,47.0653,912,64240,0.591546,0.53,1,1780666,1779754,912
61864681,47.7525,47.1821,912,64240,0.597391,0.53,1,1780714,1779802,912
61902641,47.9564,42.4552,1008,75920,0.707363,0.61,2,1781338,1780330,1008
61905561,47.9618,43.1483,1008,75920,0.717627,0.61,2,1781386,1780378,1008
61908481,47.9666,43.7547,1008,77380,0.728864,0.61,2,1781434,1780426,1008
61911401,47.9708,44.2854,1008,78840,0.740978,0.61,2,1781482,1780474,1008
61914321,47.9744,38.7497,1056,78840,0.75188,0.63,2,1781530,1780474,1056
61917241,47.9776,39.906,1056,80300,0.763692,0.63,2,1781578,1780522,1056
61920161,47.9804,40.9178,1056,81760,0.776323,0.63,2,1781626,1780570,1056
61923081,47.9829,41.803,1056,81760,0.787691,0.65,2,1781674,1780618,1056
61926001,47.985,42.5777,1056,83220,0.799922,0.65,2,1781722,1780666,1056
61928921,47.9869,43.2555,1056,84680,0.812929,0.65,2,1781770,1780714,1056
61931841,47.9885,37.8485,1104,84680,0.824636,0.67,2,1781818,1780714,1104
61934761,47.99,39.1175,1104,86140,0.837173,0.67,2,1781866,1780762,1104
61937681,47.9912,40.2278,1104,87600,0.850456,0.69,2,1781914,1780810,1104
61940601,47.9923,41.1993,1104,87600,0.86241,0.69,2,1781962,1780858,1104
61943521,47.9933,42.0494,1104,89060,0.875169,0.69,2,1782010,1780906,1104
61946441,47.9941,36.7932,1152,90520,0.887652,0.71,2,1782058,1780906,1152
61949361,47.9948,38.1941,1152,91980,0.898887,0.71,2,1782106,1780954,1152
61952281,47.9955,39.4198,1152,93440,0.908998,0.73,2,1782154,1781002,1152
61955201,47.9961,40.4923,1152,94900,0.918098,0.73,2,1782202,1781050,1152
61958121,47.9965,41.4308,1152,96360,0.926289,0.73,2,1782250,1781098,1152
61961041,47.997,36.2519,1200,97820,0.93366,0.75,2,1782298,1781098,1200
61963961,47.9974,37.7204,1200,99280,0.940294,0.75,2,1782346,1781146,1200
61966881,47.9977,39.0054,1200,100740,0.946264,0.77,2,1782394,1781194,1200
62022361,47.9998,35.4799,1440,128480,0.944945,0.97,2,1783306,1781866,1440
62025281,47.9998,37.0449,1440,129940,0.918451,0.97,2,1783354,1781914,1440
62028201,47.9999,38.4143,1440,131400,0.886606,0.97,2,1783402,1781962,1440
62031121,47.9999,33.6125,1488,132860,0.849945,0.99,2,1783450,1781962,1488
62034041,47.9999,35.4109,1488,134320,0.80895,1,2,1783498,1782010,1488
62035501,47.9999,36.9846,1488,135780,0.764055,1,2,1783546,1782058,1488
62035501,44.9999,32.3615,1512,135780,0.71965,0,2,1783570,1782058,1512
62035501,38.1777,21.6797,1585,78280,0.594705,0,1,1783643,1782058,1585
62035501,36.4055,18.9697,1609,78280,0.557234,0,1,1783667,1782058,1609
62035501,34.8548,16.5985,1633,76820,0.521511,0,1,1783691,1782058,1633
62035501,33.4979,14.5237,1657,75360,0.49036,0,1,1783715,1782058,1657
62035501,32.3107,12.7082,1681,73900,0.463324,0,1,1783739,1782058,1681
62035501,31.2719,11.1197,1705,72440,0.439991,0,1,1783763,1782058,1705
62035501,30.3629,9.72974,1729,70980,0.419992,0,1,1783787,1782058,1729
62035501,29.5675,8.51352,1753,68060,0.402993,0,1,1783811,1782058,1753
62035501,28.8716,7.44933,1777,66600,0.388694,0,1,1783835,1782058,1777
62035501,28.2626,6.51816,1801,63680,0.376824,0,1,1783859,1782058,1801
62035501,27.7298,5.70339,1825,62220,0.367142,0,1,1783883,1782058,1825
62035501,27.2636,4.99047,1849,59300,0.359428,0,1,1783907,1782058,1849
62035501,26.8556,4.36666,1873,56380,0.353485,0,1,1783931,1782058,1873
62035501,26.4987,3.82083,1897,53460,0.349136,0,1,1783955,1782058,1897
62035501,26.1863,3.34322,1921,50540,0.346223,0,1,1783979,1782058,1921
62035501,25.913,2.92532,1945,47620,0.344601,0,1,1784003,1782058,1945
62035501,25.6739,2.55966,1969,46160,0.34314,0,1,1784027,1782058,1969
62035501,25.4647,2.2397,1993,46160,0.341826,0,1,1784051,1782058,1993
62035501,25.2816,1.95974,2017,44700,0.340644,0,1,1784075,1782058,2017
62035501,25.1214,1.71477,2041,44700,0.339579,0,1,1784099,1782058,2041
62035501,24.9812,1.50042,2065,41780,0.338621,0,1,1784123,1782058,2065
62035501,24.8586,1.31287,2089,41780,0.337759,0,1,1784147,1782058,2089
62035501,24.7512,1.14876,2113,40320,0.336983,0,1,1784171,1782058,2113
62035501,24.6573,1.00517,2137,40320,0.336285,0,1,1784195,1782058,2137
62035501,23.4502,0.879521,2152,38860,0.335657,0,1,1784210,1782058,2152
62041341,23.5189,192.77,640,38860,0.333091,0.26,1,1784234,1783594,640
62044261,23.579,171.798,639,40320,0.332782,0.24,1,1784258,1783619,639
62047181,23.6317,153.324,639,40880,0.334504,0.22,1,1784282,1783643,639
62050101,23.6777,137.158,639,40320,0.334053,0.2,1,1784306,1783667,639
62053021,23.718,123.013,639,40880,0.335648,0.21,1,1784330,1783691,639
62055941,23.7532,110.637,639,40320,0.335083,0.22,1,1784354,1783715,639
62057401,23.7841,99.8071,639,40880,0.336575,0.23,1,1784378,1783739,639
62060321,23.8111,90.3312,639,40320,0.335917,0.24,1,1784402,1783763,639
62063241,23.8347,82.0398,639,40880,0.337326,0.25,1,1784426,1783787,639
62064701,23.8554,74.7848,639,40320,0.336593,0.26,1,1784450,1783811,639
62067621,23.8734,68.4367,639,40880,0.337934,0.27,1,1784474,1783835,639
62070541,23.8893,62.8821,639,40320,0.33714,0.28,1,1784498,1783859,639
62072001,23.9031,58.0219,639,40880,0.338426,0.29,1,1784522,1783883,639
62074921,23.9152,53.7691,639,40320,0.337584,0.3,1,1784546,1783907,639
62076381,23.9258,50.048,639,40880,0.338825,0.31,1,1784570,1783931,639
62079301,23.9351,46.792,639,40320,0.337943,0.32,1,1784594,1783955,639
62080761,23.9432,43.943,639,40880,0.339149,0.33,1,1784618,1783979,639
62083681,23.9503,41.4501,639,40320,0.338234,0.33,1,1784642,1784003,639
62085141,23.9565,39.2689,639,40880,0.33941,0.33,1,1784666,1784027,639
62088061,23.9619,37.3603,639,40320,0.338469,0.33,1,1784690,1784051,639
62089521,23.9667,35.6902,639,40880,0.339622,0.33,1,1784714,1784075,639
62092441,23.9709,34.2289,639,40320,0.33866,0.33,1,1784738,1784099,639
62096821,23.9745,32.9503,639,40880,0.339794,0.33,1,1784762,1784123,639
62101201,23.9777,31.8315,639,40320,0.338815,0.33,1,1784786,1784147,639
62102661,23.9805,30.8526,639,40880,0.339933,0.33,1,1784810,1784171,639
62107041,23.9829,29.996,639,40320,0.33894,0.31,1,1784834,1784195,639
62111421,23.8601,31.1215,623,40880,0.340046,0.31,1,1784857,1784234,623
62118161,23.8775,27.2313,647,40320,0.339041,0.33,1,1784881,1784234,647
62121081,26.8929,26.8274,671,96360,0.395137,0.33,1,1784929,1784258,671
62124001,29.5312,29.474,671,97820,0.441623,0.33,1,1784977,1784306,671
62126921,31.8398,31.7897,671,97820,0.479461,0.33,1,1785025,1784354,671
62129841,33.8599,33.816,671,99280,0.509515,0.33,1,1785073,1784402,671
62132761,35.6274,35.589,671,99280,0.532564,0.33,1,1785121,1784450,671
62135681,37.174,37.1404,671,100740,0.549307,0.33,1,1785169,1784498,671
62138601,38.5272,38.4978,671,100740,0.560376,0.33,1,1785217,1784546,671
62141521,39.7113,39.6856,671,102200,0.566339,0.33,1,1785265,1784594,671
62144441,40.7474,40.7249,671,102200,0.567705,0.33,1,1785313,1784642,671
62147361,41.654,41.6343,671,103660,0.564934,0.33,1,1785361,1784690,671
62150281,42.4472,42.43,671,103660,0.558441,0.33,1,1785409,1784738,671
62153201,43.1413,43.1263,671,103660,0.548597,0.33,1,1785457,1784786,671
62156121,43.7487,43.7355,671,105120,0.535737,0.33,1,1785505,1784834,671
62159041,44.2801,44.1435,672,105120,0.520163,0.33,1,1785553,1784881,672
62161961,44.7451,38.6256,720,106580,0.502147,0.33,1,1785601,1784881,720
62164881,45.1519,33.7974,768,106580,0.481932,0.33,1,1785649,1784881,768
62167801,45.5079,29.5727,816,106580,0.459739,0.33,1,1785697,1784881,816
62170721,45.8194,25.8761,864,108040,0.435765,0.33,1,1785745,1784881,864
62173641,46.092,22.6416,912,108040,0.410189,0.33,1,1785793,1784881,912
62176561,46.3305,19.8114,960,109500,0.38317,0.33,1,1785841,1784881,960
62179481,46.5392,17.335,1008,109500,0.354853,0.33,1,1785889,1784881,1008
62182401,46.7218,15.1681,1056,109500,0.325368,0.33,1,1785937,1784881,1056
62185321,46.8816,13.2721,1104,110960,0.294831,0.33,1,1785985,1784881,1104
62188241,47.0214,11.6131,1152,110960,0.265348,0.33,1,1786033,1784881,1152
62191161,47.1437,10.1615,1200,112420,0.238813,0.33,1,1786081,1784881,1200
62194081,47.2507,8.89127,1248,112420,0.214932,0.33,1,1786129,1784881,1248
62197001,47.3444,7.77986,1296,112420,0.193439,0.33,1,1786177,1784881,1296
62199921,47.4264,6.80738,1344,113880,0.174095,0.33,1,1786225,1784881,1344
62201361,69.3731,5.95646,1567,113880,0.156685,0,1,1786448,1784881,1567
