#Ack,ack_ewma(ms),send_ewma(ms),rtt_ratio,cwnd (Bytes),Last Router Ocupation Ack Arriaval(Packets),Last Router Ocupation Packet Sent(Packets),Network Situation,AckArrival(ms),TSInsideAck(ms),RTTAck(ms)
4381,2,0,425,16060,0.07,0.07,1,130845,130420,425
7301,2,0,427,17520,0.07,0.07,1,130847,130420,427
10221,2,0,429,18980,0.07,0.07,1,130849,130420,429
13141,2,0,431,20440,0.07,0.07,1,130851,130420,431
14601,161.2,0,632,21900,0.07,0.03,1,131052,130420,632
17521,205.04,338.4,425,23360,0.07,0.07,1,131268,130843,425
20441,42.608,69.28,425,24820,0.07,0.07,1,131270,130845,425
23361,10.1216,13.856,427,26280,0.07,0.07,1,131272,130845,427
26281,3.62432,4.3712,427,27740,0.07,0.07,1,131274,130847,427
29201,2.32486,2.47424,427,29200,0.07,0.07,1,131276,130849,427
32121,2.06497,0.494848,429,30660,0.07,0.07,1,131278,130849,429
35041,2.01299,1.69897,429,32120,0.086,0.07,1,131280,130851,429
37961,158.003,161.14,425,33580,0.0412,0.07,1,131477,131052,425
40881,204.401,205.028,425,35040,0.03224,0.07,1,131693,131268,425
43801,42.4801,41.0056,427,36500,0.030448,0.07,1,131695,131268,427
46721,10.096,9.80112,427,37960,0.0300896,0.07,1,131697,131270,427
49641,3.6192,3.56022,427,39420,0.0300179,0.07,1,131699,131272,427
52561,2.32384,0.712045,429,40880,0.0620036,0.07,1,131701,131272,429
55481,2.06477,1.74241,429,42340,0.0364007,0.07,1,131703,131274,429
58401,2.01295,1.94848,429,43800,0.0472801,0.07,1,131705,131276,429
61321,2.00259,0.389696,431,45260,0.065456,0.07,1,131707,131276,431
64241,2.00052,1.67794,431,46720,0.0850912,0.09,1,131709,131278,431
67161,2.0001,1.93559,431,48180,0.105018,0.09,1,131711,131280,431
70081,150.8,0.387118,619,49640,0.0290036,0.03,1,131899,131280,619
73001,31.76,157.677,424,51100,0.0138007,0.03,1,131901,131477,424
75921,178.352,204.335,423,52560,0.0907601,0.03,1,132116,131693,423
78841,37.2704,40.8671,425,54020,0.106152,0.03,1,132118,131693,425
81761,9.05408,9.77342,425,55480,0.10923,0.03,1,132120,131695,425
84681,3.41082,3.55468,425,56940,0.109846,0.03,1,132122,131697,425
87601,2.28216,0.710937,427,58400,0.109969,0.03,1,132124,131697,427
90521,2.05643,1.74219,427,59860,0.0779938,0.07,1,132126,131699,427
93441,2.01129,1.94844,427,61320,0.0875988,0.07,1,132128,131701,427
96361,2.00226,0.389687,429,62780,0.10552,0.03,1,132130,131701,429
99281,2.00045,1.67794,429,64240,0.125104,0.05,1,132132,131703,429
102201,2.00009,1.93559,429,65700,0.145021,0.05,1,132134,131705,429
105121,2.00002,0.387117,431,67160,0.165004,0.07,1,132136,131705,431
108041,2,1.67742,431,68620,0.185001,0.09,1,132138,131707,431
110961,2,1.93548,431,70080,0.205,0.09,1,132140,131709,431
113881,2,0.387097,433,71540,0.225,0.11,1,132142,131709,433
116801,2,1.67742,433,73000,0.245,0.01,1,132144,131711,433
119721,142,150.735,422,74460,0.329,0.01,1,132321,131899,422
122641,30,30.1471,424,75920,0.3138,0.01,1,132323,131899,424
125561,7.6,7.62942,424,77380,0.31076,0.11,1,132325,131901,424
128481,174.32,173.526,425,78840,0.390152,0.11,1,132541,132116,425
131401,36.464,34.7052,427,80300,0.40603,0.11,1,132543,132116,427
134321,8.8928,8.54103,427,81760,0.409206,0.11,1,132545,132118,427
137241,3.37856,3.30821,427,83220,0.409841,0.11,1,132547,132120,427
140161,2.27571,0.661641,429,84680,0.377968,0.11,1,132549,132120,429
143081,2.05514,1.73233,429,86140,0.371594,0.11,1,132551,132122,429
146001,2.01103,1.94647,429,87600,0.386319,0.11,1,132553,132124,429
148921,2.00221,0.389293,431,89060,0.405264,0.07,1,132555,132124,431
151841,2.00044,1.67786,431,90520,0.425053,0.09,1,132557,132126,431
154761,2.00009,1.93557,431,91980,0.445011,0.09,1,132559,132128,431
157681,2.00002,0.387114,433,93440,0.465002,0.11,1,132561,132128,433
160601,2,1.67742,433,94900,0.485,0.13,1,132563,132130,433
163521,2,1.93548,433,96360,0.505,0.13,1,132565,132132,433
166441,2,0.387097,435,97820,0.525,0.15,1,132567,132132,435
169361,2,1.67742,435,99280,0.545,0.17,1,132569,132134,435
172281,2,1.93548,435,100740,0.565,0.17,1,132571,132136,435
175201,2,0.387097,437,102200,0.585,0.19,1,132573,132136,437
178121,2,1.67742,437,103660,0.605,0.21,1,132575,132138,437
181041,2,1.93548,437,105120,0.625,0.21,1,132577,132140,437
183961,2,0.387097,439,106580,0.645,0.23,1,132579,132140,439
186881,2,1.67742,439,108040,0.665,0.25,1,132581,132142,439
189801,2,1.93548,439,109500,0.685,0.25,1,132583,132144,439
192721,139.6,0.387097,613,110960,0.833,0.35,2,132757,132144,613
195641,29.52,141.677,438,112420,0.8626,0.31,2,132759,132321,438
198561,7.504,29.9355,438,113880,0.86852,0.31,2,132761,132323,438
201481,3.1008,5.9871,440,115340,0.869704,0.31,2,132763,132323,440
204401,2.22016,2.79742,440,116800,0.869941,0.41,2,132765,132325,440
254041,2,0,452,141620,1,0.49,2,133013,132561,452
256961,2,1.6,452,143080,1,0.51,2,133015,132563,452
259881,2,1.92,452,144540,0.976,0.51,2,133017,132565,452
262801,2,0.384,454,146000,0.9392,0.53,2,133019,132565,454
265721,2,1.6768,454,147460,0.98784,0.55,2,133021,132567,454
268641,2,1.93536,454,148920,0.997568,0.55,2,133023,132569,454
271561,2,0.387072,456,150380,0.999514,0.57,2,133025,132569,456
274481,2,1.67741,456,151840,0.999903,0.59,2,133027,132571,456
277401,2,1.93548,456,153300,0.967981,0.59,2,133029,132573,456
361721,2,12,468,197100,1,1,2,133477,133009,468
364641,2,2.4,470,198560,1,1,2,133479,133009,470
367561,2,0.48,472,200020,1,1,2,133481,133009,472
465541,2,0,483,251120,0.95,1,2,133945,133462,483
468421,2,0,485,252580,0.918,0.94,2,133947,133462,485
471341,2,7.2,478,254040,0.8796,0.94,2,133949,133471,478
474261,2,1.44,480,255500,0.83992,0.94,2,133951,133471,480
477181,2,0.288,482,256960,0.791984,0.94,2,133953,133471,482
480101,2,0.0576,484,258420,0.750397,0.94,2,133955,133471,484
482981,2,0.01152,486,259880,0.870079,1,2,133957,133471,486
485901,2,7.2023,479,261340,0.862016,1,2,133959,133480,479
488821,2,1.44046,481,262800,0.828403,1,2,133961,133480,481
491741,2,0.288092,483,264260,0.789681,1,2,133963,133480,483
494661,2,0.0576184,485,265720,0.749936,1,1,133965,133480,485
496501,1.2,0.0115237,486,267180,0.725987,1,1,133966,133480,486
499421,1.84,8.8023,477,268640,0.689197,1,1,133968,133491,477
502341,1.968,1.76046,479,270100,0.649839,1,1,133970,133491,479
505261,1.9936,0.352092,481,271560,0.841968,1,2,133972,133491,481
508181,1.99872,0.0704184,483,273020,0.848394,1,2,133974,133491,483
510021,1.19974,0.0140837,484,274480,0.833679,1,2,133975,133491,484
512941,1.83995,9.60282,474,275940,0.798736,1,2,133977,133503,474
515861,1.96799,1.92056,476,277400,0.759747,1,2,133979,133503,476
518781,1.9936,0.384113,478,278860,0.719949,1,1,133981,133503,478
521701,6.79872,0.0768225,486,280320,0.82399,1,2,133989,133503,486
524621,6.15974,0.0153645,492,281780,0.796798,1,2,133995,133503,492
526241,2.03195,0.0030729,493,283240,0.77536,1,2,133996,133503,493
529161,8.40639,7.20061,494,284700,0.891072,1,2,134006,133512,494
532081,11.2813,1.44012,506,286160,0.898214,1,2,134018,133512,506
535001,7.05626,0.288025,512,287620,0.891643,1,2,134024,133512,512
537921,9.41125,0.0576049,522,289080,0.914329,1,2,134034,133512,522
540801,3.48225,0.011521,524,290540,0.886866,1,2,134036,133512,524
543721,2.29645,5.6023,519,292000,0.897373,1,2,134038,133519,519
546001,2.05929,1.12046,521,293460,0.931475,1,2,134040,133519,521
548921,2.01186,9.82409,511,294920,0.946295,1,2,134042,133531,511
550581,2.80237,1.96482,514,296380,0.893259,1,2,134045,133531,514
552661,3.76047,9.19296,507,297840,0.890652,1,2,134049,133542,507
554321,4.75209,7.43859,505,299300,0.81813,1,2,134054,133549,505
557241,6.55042,15.0877,495,300760,0.827626,1,2,134061,133566,495
558901,5.31008,3.01754,500,302220,0.813525,1,2,134066,133566,500
561601,10.662,7.00351,504,303680,0.818705,1,2,134078,133574,504
564521,88.5324,113.401,472,305140,0.907741,1,2,134186,133714,472
577621,11,0,511,312440,0.92,1,2,134229,133718,511
579701,6.2,9.6,504,313900,0.872,1,2,134234,133730,504
581361,6.84,12.32,498,315360,0.9024,0.93,2,134241,133743,498
624021,2,0,459,337260,0.86,0.89,2,134431,133972,459
626941,2,0,461,338720,0.828,0.89,2,134433,133972,461
629861,2,0,463,340180,0.7896,0.89,2,134435,133972,463
632781,2,0,465,341640,0.90192,0.89,2,134437,133972,465
634821,2,0,467,343100,0.892384,0.83,2,134439,133972,467
637741,2,2.4,466,344560,0.858477,0.83,2,134441,133975,466
640021,4.4,0.48,471,346020,0.915695,0.9,2,134446,133975,471
642941,2.48,8.896,462,347480,0.895139,0.9,2,134448,133986,462
645861,2.096,1.7792,464,348940,0.859028,0.9,2,134450,133986,464
648781,2.0192,0.35584,466,350400,0.819806,0.9,2,134452,133986,466
650421,6.80384,0.071168,474,351860,0.843961,0.81,2,134460,133986,474
652081,2.16077,5.61423,468,353320,0.832792,0.94,2,134461,133993,468
655001,2.83215,4.32285,467,354780,0.782558,0.94,2,134464,133997,467
657281,2.16643,0.864569,469,356240,0.804512,1,2,134466,133997,469
659361,10.8333,9.77291,470,357700,0.856902,0.91,2,134479,134009,470
679121,2,0,466,369380,0.9,0.89,2,134510,134044,466
681201,2,4,463,370840,0.868,0.89,2,134512,134049,463
684121,6.8,6.4,464,372300,0.8776,0.89,2,134520,134056,464
686821,6.16,1.28,470,373760,0.93552,0.81,2,134526,134056,470
688901,8.432,8.256,469,375220,0.907104,0.81,2,134535,134066,469
690981,8.8864,7.2512,471,376680,0.933421,0.84,2,134544,134073,471
692641,2.57728,9.45024,462,378140,0.922684,0.97,2,134545,134083,462
704081,2,7,465,385440,0.93,0.94,2,134678,134213,465
706161,14.8,13.4,468,386900,0.914,0.95,2,134696,134228,468
750901,2,0,464,410260,0.86,0.78,2,134899,134435,464
753821,2,0,466,411720,0.828,0.78,2,134901,134435,466
756741,2,0,468,413180,0.7896,0.78,2,134903,134435,468
758581,2.8,0,471,414640,0.91792,0.93,2,134906,134435,471
761501,2.16,8.8,462,416100,0.903584,0.93,2,134908,134446,462
764421,2.032,1.76,464,417560,0.876717,0.93,2,134910,134446,464
767341,2.0064,0.352,466,419020,0.943343,0.93,2,134912,134446,466
770021,8.40128,0.0704,476,420480,0.884669,0.85,2,134922,134446,476
772941,3.28026,11.2141,464,421940,0.840934,0.85,2,134924,134460,464
775861,2.25605,2.24282,466,423400,0.832187,0.85,2,134926,134460,466
778781,2.05121,0.448563,468,424860,0.830437,0.85,2,134928,134460,468
837201,16,18,469,458440,0.98,0.93,2,135173,134704,469
881321,2,0,469,481800,0.95,0.84,2,135369,134900,469
883381,3.6,0,473,483260,0.846,0.95,2,135373,134900,473
886301,2.32,4.8,469,484720,0.9692,0.95,2,135375,134906,469
888581,6.064,0.96,476,486180,0.91384,0.93,2,135382,134906,476
891501,3.6128,10.592,466,487640,0.862768,0.93,2,135385,134919,466
894421,2.32256,2.1184,468,489100,0.836554,0.93,2,135387,134919,468
897341,2.06451,0.42368,470,490560,0.967311,0.93,2,135389,134919,470
940181,2,0,467,515380,0.82,0.91,2,135460,134993,467
943101,2,0,469,516840,0.94,0.91,2,135462,134993,469
944741,10,0,481,518300,0.948,1,2,135474,134993,481
947661,4.4,10.4,471,519760,0.9416,1,2,135477,135006,471
1012361,2,0,472,556260,0.87,0.97,2,135849,135377,472
1566041,422,396,497,61494,0.05,0.03,1,138380,137883,497
1568961,86,139.2,424,61528,0.05,0.03,1,138382,137958,424
1571881,18.8,27.84,426,61562,0.018,0.03,1,138384,137958,426
1574801,5.36,5.568,428,61596,0.0116,0.03,1,138386,137958,428
1577721,2.672,1.1136,430,61630,0.01032,0.03,1,138388,137958,430
1580641,2.1344,0.22272,432,61664,0.026064,0.03,1,138390,137958,432
1583561,2.02688,0.044544,434,61698,0.0292128,0.03,1,138392,137958,434
1586481,2.00538,0.0089088,436,61732,0.0298426,0.03,1,138394,137958,436
1589401,2.00108,0.00178176,438,61766,0.0299685,0.03,1,138396,137958,438
1592321,2.00022,0.000356352,440,61800,0.0299937,0.03,1,138398,137958,440
1594741,4.40004,7.12704e-05,445,61834,0.0459987,0.03,1,138403,137958,445
1597661,3.28001,1.60001,446,61868,0.0331997,0.03,1,138406,137960,446
1600581,2.256,0.320003,448,61902,0.03064,0.03,1,138408,137960,448
1603501,2.0512,0.0640006,450,61936,0.030128,0.03,1,138410,137960,450
1606421,2.01024,0.0128001,452,61970,0.0300256,0.03,1,138412,137960,452
1609341,2.00205,0.00256002,454,62004,0.0300051,0.03,1,138414,137960,454
1612261,2.00041,0.000512004,456,62038,0.030001,0.03,1,138416,137960,456
1615181,2.00008,0.000102401,458,62072,0.0300002,0.03,1,138418,137960,458
1618101,2.00002,2.04802e-05,460,62106,0.03,0.03,1,138420,137960,460
1621021,2,4.09603e-06,462,62140,0.03,0.03,1,138422,137960,462
1623941,2,8.19207e-07,464,62174,0.03,0.05,1,138424,137960,464
1626861,303.6,336,423,62208,0.174,0.05,1,138803,138380,423
1629781,62.32,68.8,423,62242,0.2028,0.01,1,138805,138382,423
1632701,14.064,15.36,423,62276,0.20856,0.01,1,138807,138384,423
1635621,4.4128,4.672,423,62310,0.209712,0.01,1,138809,138386,423
1638541,2.48256,2.5344,423,62344,0.177942,0.03,1,138811,138388,423
1641461,2.09651,2.10688,423,62378,0.171588,0.03,1,138813,138390,423
1644381,2.0193,2.02138,423,62412,0.170318,0.03,1,138815,138392,423
1647301,2.00386,2.00428,423,62446,0.170064,0.03,1,138817,138394,423
1650221,2.00077,2.00086,423,62480,0.170013,0.03,1,138819,138396,423
1653141,2.00015,2.00017,423,62514,0.170003,0.05,1,138821,138398,423
1656061,3.60003,4.40003,422,62548,0.170001,0.03,1,138825,138403,422
1658981,3.92001,3.28001,423,62582,0.17,0.03,1,138829,138406,423
1661901,2.384,2.256,423,62616,0.17,0.03,1,138831,138408,423
1664821,2.0768,2.0512,423,62650,0.17,0.03,1,138833,138410,423
1667741,2.01536,2.01024,423,62684,0.17,0.03,1,138835,138412,423
1670661,2.00307,2.00205,423,62718,0.17,0.03,1,138837,138414,423
1673581,2.00061,2.00041,423,62751,0.17,0.03,1,138839,138416,423
1676501,2.00012,2.00008,423,62784,0.17,0.03,1,138841,138418,423
1679421,2.00002,2.00002,423,62817,0.17,0.03,1,138843,138420,423
1682341,2,2,423,62850,0.17,0.03,1,138845,138422,423
1685261,2,2,423,62883,0.17,0.21,1,138847,138424,423
1688181,309.2,303.6,430,62916,0.218,0.21,1,139233,138803,430
1691101,63.44,62.32,430,62949,0.2596,0.21,1,139235,138805,430
1694021,14.288,14.064,430,62982,0.23592,0.21,1,139237,138807,430
1696941,4.4576,4.4128,430,63015,0.231184,0.17,1,139239,138809,430
1699861,2.49152,2.48256,430,63048,0.262237,0.17,1,139241,138811,430
1702781,2.0983,2.09651,430,63081,0.236447,0.17,1,139243,138813,430
1705701,2.01966,2.0193,430,63114,0.231289,0.17,1,139245,138815,430
1708621,2.00393,2.00386,430,63147,0.230258,0.17,1,139247,138817,430
1711541,2.00079,2.00077,430,63180,0.230052,0.17,1,139249,138819,430
1714461,2.00016,2.00015,430,63213,0.23001,0.17,1,139251,138821,430
1717381,3.60003,3.60003,430,63246,0.230002,0.17,1,139255,138825,430
1720301,3.92001,3.92001,430,63279,0.23,0.17,1,139259,138829,430
1723221,2.384,2.384,430,63312,0.23,0.17,1,139261,138831,430
1726141,2.0768,2.0768,430,63345,0.23,0.17,1,139263,138833,430
1729061,2.01536,2.01536,430,63378,0.23,0.17,1,139265,138835,430
1731981,2.00307,2.00307,430,63411,0.262,0.17,1,139267,138837,430
1734901,2.00061,2.00061,430,63444,0.2364,0.17,1,139269,138839,430
1737821,2.00012,0.400123,432,63477,0.23128,0.17,1,139271,138839,432
1740741,2.00002,1.68002,432,63510,0.230256,0.17,1,139273,138841,432
1743661,2,1.936,432,63543,0.230051,0.17,1,139275,138843,432
1746581,2,1.9872,432,63576,0.23001,0.17,1,139277,138845,432
1748041,161.2,1.99744,631,63609,0.230002,0.23,1,139478,138847,631
1750961,182.64,309.2,433,63642,0.262,0.27,1,139666,139233,433
1753881,38.128,63.4399,433,63675,0.2684,0.23,1,139668,139235,433
1756801,9.2256,14.288,433,63708,0.26968,0.23,1,139670,139237,433
1759721,3.44512,4.4576,433,63741,0.269936,0.27,1,139672,139239,433
1762641,2.28902,2.49152,433,63774,0.269987,0.23,1,139674,139241,433
1765561,2.0578,2.0983,433,63807,0.237997,0.23,1,139676,139243,433
1768481,2.01156,2.01966,433,63840,0.231599,0.23,1,139678,139245,433
1771401,2.00231,2.00393,433,63873,0.23032,0.23,1,139680,139247,433
1774321,2.00046,2.00079,433,63906,0.230064,0.23,1,139682,139249,433
1777241,2.00009,2.00016,433,63939,0.230013,0.23,1,139684,139251,433
1780161,3.60002,3.60003,433,63972,0.230003,0.23,1,139688,139255,433
1783081,3.92,3.92001,433,64005,0.23,0.23,1,139692,139259,433
1786001,2.384,2.384,433,64038,0.23,0.23,1,139694,139261,433
1788921,2.0768,2.0768,433,64071,0.262,0.23,1,139696,139263,433
1791841,2.01536,2.01536,433,64104,0.2364,0.27,1,139698,139265,433
1794761,2.00307,2.00307,433,64137,0.26328,0.23,1,139700,139267,433
1797681,2.00061,2.00061,433,64170,0.236656,0.23,1,139702,139269,433
1800601,2.00012,2.00012,433,64203,0.231331,0.23,1,139704,139271,433
1803521,2.00002,2.00002,433,64236,0.230266,0.23,1,139706,139273,433
1806441,2,2,433,64269,0.230053,0.23,1,139708,139275,433
1809361,2,2,433,64302,0.230011,0.23,1,139710,139277,433
1812281,310.8,161.2,620,64335,0.390002,0.27,1,140098,139478,620
1815201,63.76,182.64,434,64368,0.422,0.27,1,140100,139666,434
1818121,14.352,38.128,434,64401,0.4284,0.27,1,140102,139668,434
1821041,4.4704,9.2256,434,64434,0.42968,0.27,1,140104,139670,434
1823961,2.49408,3.44512,434,64467,0.429936,0.27,1,140106,139672,434
1826881,2.09882,2.28902,434,64500,0.429987,0.23,1,140108,139674,434
1829801,2.01976,2.0578,434,64533,0.429997,0.23,1,140110,139676,434
1832721,2.00395,2.01156,434,64566,0.43,0.23,1,140112,139678,434
1835641,2.00079,2.00231,434,64599,0.43,0.23,1,140114,139680,434
1838561,2.00016,2.00046,434,64631,0.43,0.23,1,140116,139682,434
1841481,3.60003,2.00009,436,64663,0.43,0.23,1,140120,139684,436
1844401,3.92001,3.60002,436,64695,0.43,0.23,1,140124,139688,436
1847321,2.384,3.92,434,64727,0.43,0.23,1,140126,139692,434
1850241,2.0768,2.384,434,64759,0.43,0.27,1,140128,139694,434
1853161,2.01536,2.0768,434,64791,0.43,0.23,1,140130,139696,434
1856081,2.00307,2.01536,434,64823,0.43,0.27,1,140132,139698,434
1859001,2.00061,2.00307,434,64855,0.43,0.23,1,140134,139700,434
1861921,2.00012,2.00061,434,64887,0.43,0.23,1,140136,139702,434
1864841,2.00002,2.00012,434,64919,0.43,0.23,1,140138,139704,434
1867761,2,2.00002,434,64951,0.43,0.23,1,140140,139706,434
1870681,2,2,434,64983,0.43,0.23,1,140142,139708,434
1873601,2,2,434,65015,0.43,0.43,1,140144,139710,434
1876521,318,310.8,443,65047,0.718,0.43,1,140541,140098,443
1879441,65.2,63.76,443,65079,0.7756,0.43,2,140543,140100,443
1882361,14.64,14.352,443,65111,0.78712,0.43,2,140545,140102,443
1885281,4.528,4.4704,443,65143,0.789424,0.43,2,140547,140104,443
1888201,2.5056,2.49408,443,65175,0.789885,0.43,2,140549,140106,443
1891121,2.10112,2.09882,443,65207,0.789977,0.43,2,140551,140108,443
1894041,2.02022,2.01976,443,65239,0.789995,0.43,2,140553,140110,443
1896961,2.00404,2.00395,443,65271,0.789999,0.43,2,140555,140112,443
1899881,2.00081,2.00079,443,65303,0.79,0.43,2,140557,140114,443
1902801,2.00016,2.00016,443,65335,0.79,0.43,2,140559,140116,443
1905721,3.60003,3.60003,443,65367,0.79,0.43,2,140563,140120,443
1908641,3.92001,3.92001,443,65399,0.79,0.43,2,140567,140124,443
1911561,2.384,2.384,443,65431,0.79,0.43,2,140569,140126,443
1914481,2.0768,2.0768,443,65463,0.79,0.43,2,140571,140128,443
1917401,2.01536,2.01536,443,65495,0.79,0.43,2,140573,140130,443
1920321,2.00307,2.00307,443,65527,0.79,0.43,2,140575,140132,443
1923241,2.00061,2.00061,443,65559,0.79,0.43,2,140577,140134,443
1926161,2.00012,2.00012,443,65591,0.79,0.43,2,140579,140136,443
1929081,2.00002,2.00002,443,65623,0.79,0.43,2,140581,140138,443
1932001,2,2,443,65655,0.79,0.43,2,140583,140140,443
1934921,2,2,443,65687,0.79,0.43,2,140585,140142,443
1937841,2,2,443,65719,0.79,0.79,2,140587,140144,443
1964121,2,2,461,66007,0.93,0.79,2,141018,140557,461
1967041,2,2,461,66039,0.93,0.79,2,141020,140559,461
1969961,3.6,3.6,461,66071,0.93,0.79,2,141024,140563,461
1972881,3.92,3.92,461,66103,0.93,0.79,2,141028,140567,461
1975801,2.384,2.384,461,66135,0.93,0.79,2,141030,140569,461
1978721,2.0768,2.0768,461,66167,0.93,0.79,2,141032,140571,461
1981641,2.01536,2.01536,461,66199,0.93,0.79,2,141034,140573,461
1996241,2,2,461,66359,0.93,0.79,2,141044,140583,461
1999161,2,2,461,66391,0.93,0.79,2,141046,140585,461
2002081,2,0.4,463,66423,0.93,0.79,2,141048,140585,463
2257581,217,35,675,32252,0,0,1,143294,142619,675
2260501,87.4,233.4,447,32318,0.024,0.01,1,143349,142902,447
2263421,35.88,79.48,429,32383,0.0048,0.01,1,143372,142943,429
2266341,20.776,28.696,430,32448,0.02496,0.01,1,143389,142959,430
2269261,13.7552,20.1392,424,32513,0.012992,0,1,143401,142977,424
2272181,5.95104,8.02784,423,32578,0.0025984,0.03,1,143405,142982,423
2275101,4.39021,4.80557,423,32643,0.0245197,0.01,1,143409,142986,423
2278021,16.078,15.3611,424,32708,0.0129039,0,1,143428,143004,424
2280941,9.61561,6.27222,428,32773,0.00258079,0.03,1,143436,143008,428
2283861,12.3231,12.4544,427,32838,0.000516157,0.01,1,143449,143022,427
2286781,41.6646,12.8909,463,32902,0.000103231,0,1,143498,143035,463
2288241,169.133,36.1782,622,32966,0.0400206,0,1,143699,143077,622
2291161,90.6266,180.836,476,33030,0.0480041,0.03,1,143770,143294,476
2294081,37.3253,80.1671,445,33094,0.00960083,0,1,143794,143349,445
2297001,20.2651,34.4334,438,33158,0.0419202,0.03,1,143810,143372,438
2299921,13.653,20.4867,433,33222,0.016384,0.01,1,143822,143389,433
2302841,5.9306,13.6973,425,33286,0.00327681,0,1,143826,143401,425
2305761,4.38612,5.93947,425,33350,0.0246554,0.03,1,143830,143405,425
2308681,16.0772,4.38789,440,33413,0.0289311,0.01,1,143849,143409,440
2311601,9.61544,16.0776,429,33476,0.00578621,0,1,143857,143428,429
2314521,13.1231,9.61552,435,33539,0.0251572,0,1,143871,143436,435
2317441,41.0246,12.3231,470,33602,0.00503145,0,1,143919,143449,470
2318901,169.005,41.6646,622,33665,0.0410063,0.05,1,144120,143498,622
2321821,90.601,169.133,492,33728,0.0322013,0.05,1,144191,143699,492
2324741,37.3202,90.6266,445,33791,0.00644025,0,1,144215,143770,445
2327661,20.264,37.3253,437,33854,0.00128805,0.05,1,144231,143794,437
2330581,13.6528,20.2651,433,33916,0.0242576,0.01,1,144243,143810,433
2333501,5.93056,13.653,425,33978,0.00485152,0,1,144247,143822,425
2336421,4.38611,5.9306,425,34040,0.0089703,0.03,1,144251,143826,425
2339341,16.0772,4.38612,440,34102,0.0257941,0.03,1,144270,143830,440
2342261,9.61544,16.0772,429,34164,0.00515881,0,1,144278,143849,429
2345181,14.7231,9.61544,437,34226,0.00103176,0.03,1,144294,143857,437
2348101,4.54462,13.1231,425,34288,0.000206352,0,1,144296,143871,425
2351021,36.9089,41.0246,422,34350,4.12705e-05,0.05,1,144341,143919,422
2353941,224.182,169.005,492,34412,0.00800825,0.03,1,144612,144120,492
2356861,64.8364,90.601,446,34473,0.0416017,0,1,144637,144191,446
2359781,25.7673,37.3202,438,34534,0.00832033,0,1,144653,144215,438
2362701,13.9535,20.264,433,34595,0.0256641,0.03,1,144664,144231,433
2365621,5.99069,13.6528,425,34656,0.00513281,0,1,144668,144243,425
2368541,4.39814,5.93056,425,34717,0.0250266,0.01,1,144672,144247,425
2371461,16.0796,4.38611,440,34778,0.00500531,0.03,1,144691,144251,440
2374381,9.61593,16.0772,429,34839,0.00100106,0,1,144699,144270,429
2377301,15.5232,9.61544,438,34900,0.000200212,0,1,144716,144278,438
2380221,4.70464,14.7231,424,34961,4.00425e-05,0,1,144718,144294,424
2383141,36.1409,4.54462,466,35021,8.0085e-06,0,1,144762,144296,466
2384601,168.028,36.9089,622,35081,0.0240016,0.01,1,144963,144341,622
2387521,90.4056,224.182,422,35141,0.0608003,0.05,1,145034,144612,422
2390441,38.8811,64.8364,423,35201,0.0361601,0,1,145060,144637,423
2393361,19.7762,25.7673,422,35261,0.00723201,0.03,1,145075,144653,422
2396281,13.5552,13.9535,423,35321,0.0094464,0,1,145087,144664,423
2399201,5.11105,5.99069,422,35381,0.00188928,0.03,1,145090,144668,422
2402121,4.22221,4.39814,422,35441,0.00837786,0,1,145094,144672,422
2405041,16.0444,16.0796,422,35501,0.00167557,0,1,145113,144691,422
2407961,10.4089,9.61593,423,35561,0.000335114,0,1,145122,144699,423
2410881,14.8818,15.5232,422,35620,6.70228e-05,0,1,145138,144716,422
2413801,4.57636,4.70464,422,35679,1.34046e-05,0,1,145140,144718,422
2416721,36.1153,36.1409,422,35738,2.68091e-06,0,1,145184,144762,422
2418181,168.023,7.22819,623,35797,0.0240005,0.03,1,145385,144762,623
2421101,89.6046,162.246,492,35856,0.0128001,0.07,1,145455,144963,492
2424021,38.7209,89.2491,447,35915,0.02656,0.03,1,145481,145034,447
2426941,19.7442,38.6498,436,35974,0.005312,0,1,145496,145060,436
2429861,13.5488,19.73,433,36033,0.0090624,0.01,1,145508,145075,433
2432781,5.10977,13.546,424,36092,0.00181248,0,1,145511,145087,424
2435701,4.22195,5.1092,425,36151,0.0083625,0.01,1,145515,145090,425
2438621,16.0444,4.22184,440,36209,0.0096725,0,1,145534,145094,440
2441541,10.4089,16.0444,430,36267,0.0099345,0,1,145543,145113,430
2444461,15.6818,10.4089,438,36325,0.0019869,0,1,145560,145122,438
2447381,4.73636,14.8818,424,36383,0.00039738,0,1,145562,145138,424
2450301,35.3473,4.57635,465,36441,7.9476e-05,0,1,145605,145140,465
2451761,167.869,36.1153,622,36499,0.0560159,0.03,1,145806,145184,622
2454681,90.3739,168.023,492,36557,0.0192032,0.01,1,145877,145385,492
2457601,38.8748,89.6046,448,36615,0.0278406,0.03,1,145903,145455,448
2460521,18.975,38.7209,436,36673,0.00556813,0,1,145917,145481,436
2463441,13.395,19.7442,433,36731,0.0411136,0.01,1,145929,145496,433
2466361,5.079,13.5488,424,36789,0.00822273,0,1,145932,145508,424
2469281,4.2158,5.10977,425,36846,0.0256445,0.01,1,145936,145511,425
2472201,16.0432,4.22195,440,36903,0.0131289,0.01,1,145955,145515,440
2475121,10.4086,16.0444,430,36960,0.0106258,0.01,1,145964,145534,430
2478041,16.4817,10.4089,439,37017,0.00212516,0,1,145982,145543,439
2480961,4.89635,15.6818,424,37074,0.000425031,0,1,145984,145560,424
2483881,34.5793,4.73636,464,37131,8.50062e-05,0,1,146026,145562,464
2485341,167.716,35.3473,622,37188,0.008017,0.07,1,146227,145605,622
2488261,35.9432,167.869,424,37245,0.0256034,0.01,1,146230,145806,424
2491181,63.1886,90.3739,423,37302,0.0291207,0.03,1,146300,145877,423
2494101,32.6377,38.8748,422,37359,0.0458241,0,1,146325,145903,422
2497021,19.3275,18.975,424,37416,0.0491648,0.05,1,146341,145917,424
2499941,11.8655,13.395,422,37472,0.00983296,0,1,146351,145929,422
2502861,4.7731,5.079,422,37528,0.00196659,0.03,1,146354,145932,422
2505781,4.15462,4.2158,422,37584,0.0243933,0.01,1,146358,145936,422
2508701,16.0309,16.0432,422,37640,0.00487866,0.01,1,146377,145955,422
2511621,10.4062,10.4086,422,37696,0.00897573,0,1,146386,145964,422
2514541,16.4812,16.4817,422,37752,0.00179515,0,1,146404,145982,422
2517461,4.89625,4.89635,422,37808,0.000359029,0,1,146406,145984,422
2520381,34.5793,34.5793,422,37864,7.18059e-05,0.01,1,146448,146026,422
2523301,169.316,167.716,424,37920,0.00801436,0.03,1,146651,146227,424
2526221,89.8632,35.9432,491,37976,0.0256029,0.03,1,146721,146230,491
2529141,38.7726,63.1886,447,38032,0.0291206,0.05,1,146747,146300,447
2532061,19.7545,32.6377,437,38088,0.00582411,0.05,1,146762,146325,437
2534981,11.9509,19.3275,431,38143,0.00116482,0,1,146772,146341,431
2537901,4.79018,11.8655,424,38198,0.000232965,0,1,146775,146351,424
2540821,4.15804,4.7731,425,38253,0.0240466,0.03,1,146779,146354,425
2543741,16.0316,4.15462,440,38308,0.0128093,0,1,146798,146358,440
2546661,11.2063,16.0309,431,38363,0.0105619,0.01,1,146808,146377,431
2549581,15.8413,10.4062,439,38418,0.00211237,0,1,146825,146386,439
2552501,4.76825,16.4812,423,38473,0.000422474,0,1,146827,146404,423
2555421,34.5537,4.89625,463,38528,8.44949e-05,0,1,146869,146406,463
2556881,167.711,34.5793,622,38583,0.0240169,0.01,1,147070,146448,622
2559801,35.9421,169.316,422,38638,0.0128034,0.01,1,147073,146651,422
2562721,62.3884,33.8632,491,38693,0.0105607,0.03,1,147142,146651,491
2565641,34.8777,62.7726,449,38748,0.00211214,0.03,1,147170,146721,449
2568561,17.3755,33.3545,436,38803,0.000422427,0,1,147183,146747,436
2571481,11.4751,18.6709,431,38857,0.00808449,0,1,147193,146762,431
2574401,4.69502,11.7342,424,38911,0.0016169,0,1,147196,146772,424
2577321,4.139,4.74684,425,38965,0.0243234,0.03,1,147200,146775,425
2580241,16.0278,4.14937,440,39019,0.0288647,0.01,1,147219,146779,440
2583161,11.2056,16.0299,431,39073,0.0297729,0.01,1,147229,146798,431
2586081,17.4411,11.206,440,39127,0.00595459,0,1,147248,146808,440
2589001,5.08822,15.8412,425,39181,0.0251909,0,1,147250,146825,425
2591921,33.8176,4.76824,464,39235,0.00503818,0,1,147291,146827,464
2593381,167.564,34.5537,623,39289,0.0250076,0.03,1,147492,146869,623
2596301,35.9127,167.711,425,39343,0.0450015,0.01,1,147495,147070,425
2599221,62.3825,35.9421,491,39397,0.0170003,0.01,1,147564,147073,491
2602141,34.0765,62.3884,449,39451,0.0274001,0,1,147591,147142,449
2605061,17.2153,34.8777,434,39505,0.02948,0,1,147604,147170,434
2607981,11.4431,17.3755,431,39558,0.029896,0.01,1,147614,147183,431
2610901,4.68861,11.4751,424,39611,0.0139792,0,1,147617,147193,424
2613821,4.13772,4.69502,425,39664,0.0267958,0.03,1,147621,147196,425
2616741,16.8275,4.139,441,39717,0.0293592,0.03,1,147641,147200,441
2619661,11.3655,16.0278,432,39770,0.0298718,0.03,1,147651,147219,432
2622581,17.4731,11.2056,441,39823,0.00597437,0,1,147670,147229,441
2625501,5.09462,17.4411,424,39876,0.00919487,0.03,1,147672,147248,424
2628421,33.8189,5.08822,463,39929,0.00183897,0,1,147713,147250,463
2629881,167.564,33.8176,623,39982,0.0243678,0.03,1,147914,147291,623
2632801,35.9128,167.564,425,40035,0.0448736,0.05,1,147917,147492,425
2635721,62.3826,35.9127,491,40088,0.0329747,0.01,1,147986,147495,491
2638641,14.0765,62.3825,424,40141,0.00659494,0.03,1,147988,147564,424
2641561,23.6153,34.0765,423,40194,0.00931899,0.03,1,148014,147591,423
2644481,15.1231,17.2153,423,40247,0.0018638,0.03,1,148027,147604,423
2647401,10.2246,11.4431,422,40299,0.0243728,0.01,1,148036,147614,422
2650321,4.44492,4.68861,422,40351,0.0128746,0.03,1,148039,147617,422
2653241,4.08898,4.13772,422,40403,0.0265749,0.03,1,148043,147621,422
2656161,17.6178,16.8275,423,40455,0.00531498,0.03,1,148064,147641,423
2659081,11.5236,11.3655,423,40507,0.001063,0,1,148074,147651,423
2662001,17.5047,17.4731,423,40559,0.0242126,0.01,1,148093,147670,423
2664921,5.10094,5.09462,423,40611,0.00484252,0,1,148095,147672,423
2667841,34.6202,33.8189,424,40663,0.0089685,0.03,1,148137,147713,424
2670761,168.524,167.564,425,40715,0.0097937,0.05,1,148339,147914,425
2673681,88.1048,35.9128,490,40767,0.0259587,0.03,1,148407,147917,490
2676601,19.221,62.3826,423,40819,0.00519175,0,1,148409,147986,423
2679521,24.6442,14.0765,447,40871,0.0250384,0.01,1,148435,147988,447
2682441,15.3288,23.6153,434,40923,0.0130077,0,1,148448,148014,434
2685361,10.2658,15.1231,430,40975,0.0266015,0.03,1,148457,148027,430
2688281,4.45315,10.2246,424,41027,0.0133203,0.01,1,148460,148036,424
2691201,4.09063,4.44492,425,41078,0.00266406,0.03,1,148464,148039,425
2694121,17.6181,4.08898,442,41129,0.00853281,0,1,148485,148043,442
2697041,11.5236,17.6178,431,41180,0.00970656,0,1,148495,148064,431
2699961,17.5047,11.5236,440,41231,0.00194131,0.03,1,148514,148074,440
2702881,5.10094,17.5047,423,41282,0.0243883,0,1,148516,148093,423
2705801,35.4202,5.10094,464,41333,0.00487765,0.01,1,148559,148095,464
2707261,167.884,34.6202,623,41384,0.0249755,0.01,1,148760,148137,623
2710181,34.3768,168.524,422,41435,0.0129951,0.03,1,148761,148339,422
2713101,62.0754,88.1048,423,41486,0.010599,0,1,148830,148407,423
2716021,14.0151,19.221,423,41537,0.0261198,0.03,1,148832,148409,423
2718941,22.803,24.6442,422,41588,0.029224,0.03,1,148857,148435,422
2721861,14.1606,4.92884,434,41639,0.0138448,0.01,1,148869,148435,434
2724781,10.8321,11.3858,431,41690,0.010769,0.03,1,148879,148448,431
2727701,3.76642,9.47715,424,41741,0.0101538,0.01,1,148881,148457,424
2730621,3.95328,4.29543,425,41792,0.00203076,0,1,148885,148460,425
2733541,17.5907,4.05909,442,41843,0.0244062,0.01,1,148906,148464,442
2736461,12.3181,17.6118,432,41893,0.0448812,0.01,1,148917,148485,432
2739381,17.6636,11.5224,441,41943,0.00897625,0,1,148936,148495,441
2742301,5.13273,17.5045,424,41993,0.00979525,0.03,1,148938,148514,424
2745221,35.4265,5.10089,465,42043,0.00195905,0,1,148981,148516,465
2746681,167.885,35.4202,623,42093,0.00839181,0.03,1,149182,148559,623
2749601,34.3771,167.884,423,42143,0.0256784,0.01,1,149183,148760,423
2752521,61.2754,34.3768,490,42193,0.0291357,0.01,1,149251,148761,490
2755441,13.8551,62.0754,423,42243,0.0298271,0.03,1,149253,148830,423
2758361,22.771,14.0151,446,42293,0.0459654,0.03,1,149278,148832,446
2761281,14.1542,22.803,433,42343,0.0491931,0.01,1,149290,148857,433
2764201,10.8308,14.1606,431,42393,0.0338386,0.01,1,149300,148869,431
2767121,3.76617,10.8321,423,42443,0.0307677,0.01,1,149302,148879,423
2770041,3.95323,3.76642,425,42493,0.00615354,0,1,149306,148881,425
2772961,18.3906,3.95328,443,42543,0.0252307,0.03,1,149328,148885,443
2775881,11.6781,17.5907,432,42593,0.0290461,0.05,1,149338,148906,432
2778801,19.9356,12.3181,443,42643,0.00580923,0,1,149360,148917,443
2781721,5.58713,17.6636,426,42692,0.00116185,0.01,1,149362,148936,426
2784641,33.1174,5.13273,464,42741,0.0242324,0,1,149402,148938,464
2786101,167.423,35.4265,622,42790,0.0288465,0.01,1,149603,148981,622
2789021,35.0847,167.885,423,42839,0.0297693,0.03,1,149605,149182,423
2791941,61.4169,34.3771,490,42888,0.0139539,0.03,1,149673,149183,490
2794861,13.8834,61.2754,424,42937,0.0267908,0.03,1,149675,149251,424
2797781,21.9767,13.8551,446,42986,0.0293582,0.05,1,149699,149253,446
2800701,5.99534,22.771,423,43035,0.0298716,0.05,1,149701,149278,423
2803621,10.7991,14.1542,423,43084,0.0299743,0.03,1,149713,149290,423
2806541,9.35981,10.8308,422,43133,0.0299949,0.03,1,149722,149300,422
2809461,3.47196,3.76617,422,43182,0.029999,0,1,149724,149302,422
2812381,3.89439,3.95323,422,43231,0.00599979,0.03,1,149728,149306,422
2815301,19.1789,18.3906,423,43280,0.00119996,0.03,1,149751,149328,423
2818221,11.0358,11.6781,422,43329,0.00823999,0,1,149760,149338,422
2821141,22.2072,19.9356,425,43378,0.025648,0,1,149785,149360,425
2824061,6.04143,5.58713,425,43427,0.0051296,0.03,1,149787,149362,425
2826981,32.4083,33.1174,424,43476,0.00102592,0.03,1,149826,149402,424
2829901,167.282,167.423,424,43525,0.0242052,0.03,1,150027,149603,424
2832821,87.0563,35.0847,489,43573,0.012841,0.01,1,150094,149605,489
2835741,19.0113,61.4169,423,43621,0.00256821,0.03,1,150096,149673,423
2838661,23.8023,13.8834,446,43669,0.0245136,0.03,1,150121,149675,446
2841581,6.36045,21.9767,424,43717,0.0289027,0.03,1,150123,149699,424
2844501,10.0721,5.99534,433,43765,0.0457805,0.03,1,150134,149701,433
2847421,9.21442,10.7991,430,43813,0.0331561,0.03,1,150143,149713,430
2850341,3.44288,9.35981,423,43861,0.0466312,0.03,1,150145,149722,423
2853261,3.88858,3.47196,425,43909,0.00932624,0,1,150149,149724,425
2856181,19.1777,3.89439,444,43957,0.00186525,0,1,150172,149728,444
2859101,11.0355,19.1789,430,44005,0.024373,0.01,1,150181,149751,430
2862021,22.2071,11.0358,446,44053,0.0288746,0.03,1,150206,149760,446
2864941,6.04142,22.2072,423,44101,0.00577492,0,1,150208,149785,423
2867861,32.4083,6.04143,460,44149,0.00915498,0,1,150247,149787,460
2869321,167.282,32.4083,622,44197,0.153831,0.03,1,150448,149826,622
2872241,34.2563,167.282,422,44245,0.198766,0.01,1,150449,150027,422
2875161,60.4513,87.0563,422,44293,0.0477532,0,1,150516,150094,422
2878081,13.6903,19.0113,422,44341,0.0335506,0.03,1,150518,150096,422
2881001,23.5381,23.8023,423,44389,0.0467101,0.03,1,150544,150121,423
2883921,6.30761,6.36045,423,44437,0.049342,0.05,1,150546,150123,423
2886841,9.26152,10.0721,422,44484,0.0178684,0.05,1,150556,150134,422
2889761,9.0523,2.01442,431,44531,0.0275737,0.03,1,150565,150134,431
2892681,3.41046,7.60288,424,44578,0.0295147,0.05,1,150567,150143,424
2895601,3.08209,3.12058,425,44625,0.00590295,0,1,150570,150145,425
2898521,19.0164,3.82412,444,44672,0.00918059,0,1,150593,150149,444
2901441,11.8033,19.1648,431,44719,0.0258361,0.03,1,150603,150172,431
2904361,22.3607,11.033,447,44766,0.0291672,0.03,1,150628,150181,447
2907281,6.07213,22.2066,424,44813,0.00583344,0,1,150630,150206,424
2910201,32.4144,6.04132,461,44860,0.00916669,0.01,1,150669,150208,461
2911661,167.283,32.4083,623,44907,0.0898333,0.19,1,150870,150247,623
2914581,40.6566,167.282,431,44954,0.137967,0.21,1,150879,150448,431
2917501,54.5313,34.2563,488,45001,0.0835933,0.01,1,150937,150449,488
2920421,12.5063,60.4513,423,45048,0.0727187,0.03,1,150939,150516,423
2923341,23.3013,13.6903,447,45095,0.0225437,0.05,1,150965,150518,447
2926261,6.26025,23.5381,423,45142,0.0125087,0.05,1,150967,150544,423
2929181,9.25205,6.30761,431,45189,0.0265018,0.01,1,150977,150546,431
2932101,9.05041,9.26152,430,45236,0.0133003,0.03,1,150986,150556,430
2935021,3.41008,9.0523,423,45283,0.0426601,0.03,1,150988,150565,423
2937941,3.08202,3.41046,424,45330,0.00853201,0,1,150991,150567,424
2940861,19.8164,3.08209,445,45377,0.0097064,0.01,1,151015,150570,445
2943781,11.1633,19.0164,431,45423,0.00994128,0.03,1,151024,150593,431
2946701,22.2327,11.8033,446,45469,0.00198826,0.03,1,151049,150603,446
2949621,6.04653,22.3607,423,45515,0.00839765,0,1,151051,150628,423
2952541,33.2093,6.07213,461,45561,0.0256795,0.01,1,151091,150630,461
2954001,167.442,32.4144,623,45607,0.173136,0.11,1,151292,150669,623
2956921,44.6884,167.283,436,45653,0.250627,0.15,1,151306,150870,436
2959841,51.3377,40.6566,480,45699,0.218125,0.07,1,151359,150879,480
2962761,11.8675,54.5313,424,45745,0.211625,0.07,1,151361,150937,424
2965681,22.3735,12.5063,447,45791,0.194325,0.01,1,151386,150939,447
2968601,6.8747,23.3013,424,45837,0.174865,0.01,1,151389,150965,424
2971521,9.37494,6.26025,432,45883,0.170973,0.03,1,151399,150967,432
2974441,8.27499,9.25205,430,45929,0.170195,0.01,1,151407,150977,430
2977361,3.255,9.05041,423,45975,0.170039,0.05,1,151409,150986,423
2980281,2.251,3.41008,423,46021,0.170008,0,1,151411,150988,423
2983201,2.0502,3.08202,422,46067,0.138002,0.01,1,151413,150991,422
2986121,20.41,19.8164,423,46113,0.0276003,0.01,1,151438,151015,423
2989041,10.482,11.1633,422,46159,0.0295201,0,1,151446,151024,422
2991961,22.8964,22.2327,423,46205,0.013904,0.01,1,151472,151049,423
2994881,7.77928,6.04653,425,46251,0.0027808,0.03,1,151476,151051,425
2997801,31.9559,33.2093,423,46297,0.0885562,0.21,1,151514,151091,423
3000721,185.591,167.442,446,46343,0.217711,0.27,1,151738,151292,446
3003641,78.7182,44.6884,484,46388,0.275542,0.21,1,151790,151306,484
3006561,17.3436,51.3377,433,46433,0.287108,0.21,1,151792,151359,433
3009481,22.6687,11.8675,455,46478,0.289422,0.19,1,151816,151361,455
3012401,6.13375,22.3735,432,46523,0.289884,0.17,1,151818,151386,432
3015321,9.22675,6.8747,439,46568,0.289977,0.17,1,151828,151389,439
3018241,6.64535,9.37494,435,46613,0.289995,0.17,1,151834,151399,435
3021161,2.92907,8.27499,429,46658,0.289999,0.17,1,151836,151407,429
3024081,2.18581,3.255,429,46703,0.29,0.17,1,151838,151409,429
3027001,2.03716,2.251,429,46748,0.29,0.13,1,151840,151411,429
3029921,15.6074,2.0502,446,46793,0.29,0,1,151859,151413,446
3032841,9.52149,20.41,429,46838,0.306,0.03,1,151867,151438,429
3035761,22.7043,10.482,447,46883,0.1492,0.01,1,151893,151446,447
3038681,8.54086,22.8964,426,46928,0.05384,0,1,151898,151472,426
3041601,33.7082,7.77928,462,46973,0.082768,0.11,1,151938,151476,462
3043061,167.542,31.9559,625,47018,0.152554,0.25,1,152139,151514,625
3045981,60.7083,185.591,435,47063,0.310511,0.29,1,152173,151738,435
3048901,54.5417,78.7182,436,47108,0.374102,0.29,1,152226,151790,436
3051821,12.5083,17.3436,436,47153,0.41882,0.29,1,152228,151792,436
3054741,21.7017,22.6687,436,47198,0.395764,0.29,1,152252,151816,436
3057661,5.94033,6.13375,436,47243,0.423153,0.29,1,152254,151818,436
3060581,9.18807,9.22675,436,47288,0.396631,0.29,1,152264,151828,436
3063501,6.63761,6.64535,436,47333,0.391326,0.29,1,152270,151834,436
3066421,2.92752,2.92907,436,47378,0.422265,0.29,1,152272,151836,436
3069341,2.1855,2.18581,436,47422,0.396453,0.29,1,152274,151838,436
3072261,2.0371,0.437163,438,47466,0.423291,0.29,1,152276,151838,438
3075181,14.0074,1.68743,453,47510,0.380658,0.29,1,152293,151840,453
3078101,9.20148,15.5375,442,47554,0.404132,0.31,1,152301,151859,442
3081021,13.0403,9.5075,448,47598,0.408826,0.11,1,152315,151867,448
3083941,6.60806,22.7015,427,47642,0.393765,0.03,1,152320,151893,427
3086861,35.7216,8.5403,465,47686,0.390753,0.09,1,152363,151898,465
3088321,167.944,33.7081,626,47730,0.406151,0.17,1,152564,151938,626
3091241,71.1889,167.542,472,47774,0.58523,0.35,1,152611,152139,472
3094161,58.2378,60.7083,493,47818,0.717046,0.39,1,152666,152173,493
3097081,13.2476,54.5417,442,47862,0.743409,0.43,1,152668,152226,442
3100001,21.8495,12.5083,464,47906,0.748682,0.39,1,152692,152228,464
3102921,5.9699,21.7017,442,47950,0.749736,0.43,1,152694,152252,442
3105841,9.19398,5.94033,450,47994,0.749947,0.39,1,152704,152254,450
3108761,6.6388,9.18807,446,48038,0.749989,0.39,1,152710,152264,446
3111681,2.92776,6.63761,442,48082,0.749998,0.43,1,152712,152270,442
3114601,2.18555,2.92752,442,48126,0.75,0.39,1,152714,152272,442
3117521,2.03711,2.1855,442,48170,0.75,0.43,1,152716,152274,442
3120441,14.8074,2.0371,458,48214,0.766,0.37,2,152734,152276,458
3123361,9.36148,14.0074,449,48258,0.7692,0.41,2,152742,152293,449
3126281,11.4723,9.20148,453,48302,0.78584,0.41,2,152754,152301,453
3129201,3.89446,13.0403,441,48346,0.789168,0.39,2,152756,152315,441
3132121,38.3789,6.60806,483,48390,0.877834,0.39,2,152803,152320,483
3133581,168.476,35.7216,641,48434,0.975567,0.41,2,153004,152363,641
3335061,2,2,426,23451,0.89,0.15,2,155091,154665,426
3337981,3.6,4.4,425,23541,0.922,0.03,2,155095,154670,425
3340901,8.72,8.88,425,23631,0.8964,0.01,2,155105,154680,425
3343821,19.344,6.576,441,23721,0.82728,0,2,155127,154686,441
3346741,255.869,209.315,496,23810,0.173456,0.05,1,155442,154946,496
3349661,117.574,112.263,491,23899,0.0746912,0.91,1,155525,155034,491
3352581,36.3148,48.8526,474,23988,0.102938,0.91,1,155541,155067,474
3355501,18.4629,22.5705,472,24076,0.0765876,0.89,1,155555,155083,472
3358421,5.29259,10.9141,466,24164,0.103318,0.93,1,155557,155091,466
3361341,4.25852,5.38282,466,24252,0.124664,0.89,1,155561,155095,466
3364261,7.2517,9.07656,464,24339,0.128933,0.81,1,155569,155105,464
3367181,15.8503,19.4153,460,24426,0.161787,0.01,1,155587,155127,460
3370101,225.57,255.883,423,24513,0.0563573,0.05,1,155865,155442,423
3373021,113.114,117.577,425,24599,0.0352715,0.11,1,155950,155525,425
3375941,35.4228,36.3153,425,24685,0.0150543,0.07,1,155966,155541,425
3378861,20.6846,18.4631,428,24771,0.0270109,0.11,1,155983,155555,428
3381781,5.73691,5.29261,428,24857,0.0294022,0.13,1,155985,155557,428
3384701,4.34738,4.25852,428,24942,0.0298804,0.13,1,155989,155561,428
3387621,7.26948,7.2517,428,25027,0.0459761,0.17,1,155997,155569,428
3390541,15.8539,15.8503,428,25112,0.0651952,0.03,1,156015,155587,428
3393461,220.771,225.57,422,25196,0.037039,0.03,1,156287,155865,422
3396381,112.154,113.114,422,25280,0.0314078,0.01,1,156372,155950,422
3399301,35.2308,35.4228,422,25364,0.0142816,0.03,1,156388,155966,422
3402221,21.4462,20.6846,423,25448,0.0108563,0.03,1,156406,155983,423
3405141,5.88923,4.13691,425,25531,0.0101713,0.03,1,156408,155983,425
3408061,4.37785,2.42738,427,25614,0.0100343,0.03,1,156412,155985,427
3410981,7.27557,3.68548,431,25697,0.0100069,0.05,1,156420,155989,431
3413901,16.6551,7.1371,442,25779,0.0100014,0.07,1,156439,155997,442
3415361,164.131,15.8274,625,25861,0.0420003,0.03,1,156640,156015,625
3418281,88.0262,220.765,422,25943,0.0324001,0.03,1,156709,156287,422
3421201,85.6052,112.153,422,26025,0.06248,0.01,1,156794,156372,422
3424121,29.921,35.2306,422,26106,0.084496,0.01,1,156810,156388,422
3427041,20.3842,21.4461,422,26187,0.0888992,0.01,1,156828,156406,422
3429961,5.67684,5.88922,422,26268,0.0577798,0.01,1,156830,156408,422
3432881,4.33537,4.37784,422,26349,0.083556,0.01,1,156834,156412,422
3435801,7.26707,7.27557,422,26429,0.120711,0.01,1,156842,156420,422
3438721,19.0534,16.6551,425,26509,0.128142,0.05,1,156864,156439,425
3441641,216.611,164.131,490,26589,0.0256284,0.03,1,157130,156640,490
3444561,112.922,88.0262,508,26669,0.0451257,0.07,1,157217,156709,508
3447481,35.3844,85.6052,439,26748,0.0490251,0.09,1,157233,156794,439
3450401,21.4769,29.921,441,26827,0.065805,0.09,1,157251,156810,441
3453321,5.89538,20.3842,425,26906,0.069161,0.05,1,157253,156828,425
3456241,2.77908,5.67684,425,26985,0.0698322,0.09,1,157255,156830,425
3459161,4.55582,4.33537,426,27063,0.0859664,0.13,1,157260,156834,426
3462081,7.31116,7.26707,426,27141,0.0891933,0.13,1,157268,156842,426
3465001,19.0622,19.0534,426,27219,0.105839,0,1,157290,156864,426
3467921,213.412,216.611,422,27297,0.0451677,0.05,1,157552,157130,422
3470841,113.882,112.922,424,27375,0.0170335,0.05,1,157641,157217,424
3473761,36.3765,35.3844,425,27452,0.0274067,0.07,1,157658,157233,425
3476681,21.6753,21.4769,425,27529,0.0134813,0.07,1,157676,157251,425
3479601,5.93506,5.89538,425,27606,0.0426963,0.07,1,157678,157253,425
3482521,2.78701,2.77908,425,27683,0.0485393,0.09,1,157680,157255,425
3485441,5.3574,4.55582,426,27760,0.0177078,0.09,1,157686,157260,426
3488361,7.47148,7.31116,426,27836,0.0275416,0.11,1,157694,157268,426
3491281,19.8943,19.0622,427,27912,0.0615083,0.03,1,157717,157290,427
3494201,209.579,213.412,422,27988,0.0203017,0.01,1,157974,157552,422
3497121,113.116,113.882,422,28064,0.0120603,0.03,1,158063,157641,422
3500041,36.2232,36.3765,422,28139,0.0264121,0.01,1,158080,157658,422
3502961,21.6446,21.6753,422,28214,0.0132824,0.05,1,158098,157676,422
3505881,5.92893,5.93506,422,28289,0.0106565,0.05,1,158100,157678,422
3508801,2.78579,2.78701,422,28364,0.0101313,0.05,1,158102,157680,422
3511721,5.35716,0.557402,428,28439,0.0100263,0.01,1,158108,157680,428
3514641,7.47143,4.91148,430,28513,0.0260053,0.03,1,158116,157686,430
3517561,21.4943,7.3823,447,28587,0.045201,0.07,1,158141,157694,447
3519021,165.099,19.8765,625,28661,0.14504,0.01,1,158342,157717,625
3521941,76.2198,209.575,422,28735,0.117008,0.01,1,158396,157974,422
3524861,86.444,113.115,422,28809,0.111402,0.03,1,158485,158063,422
3527781,30.8888,36.223,422,28882,0.0942803,0.01,1,158502,158080,422
3530701,20.5778,21.6446,422,28955,0.0908561,0.01,1,158520,158098,422
3533621,5.71555,5.92892,422,29028,0.0581712,0.01,1,158522,158100,422
3536541,2.74311,2.78578,422,29101,0.0516342,0.01,1,158524,158102,422
3539461,6.14862,5.35716,423,29174,0.0663268,0.03,1,158531,158108,423
3542381,7.62972,7.47143,423,29247,0.0692654,0.05,1,158539,158116,423
3545301,22.3259,21.4943,424,29319,0.0538531,0.17,1,158565,158141,424
3548221,208.465,165.099,478,29391,0.0667706,0.11,1,158820,158342,478
3551141,112.893,76.2198,513,29463,0.0533541,0.11,1,158909,158396,513
3554061,35.3786,86.444,440,29535,0.0666708,0.09,1,158925,158485,440
3556981,21.4757,30.8888,441,29607,0.0693342,0.09,1,158943,158502,441
3559901,5.89514,20.5778,425,29678,0.0698668,0.05,1,158945,158520,425
3562821,2.77903,5.71555,425,29749,0.0699734,0.05,1,158947,158522,425
3565741,5.35581,2.74311,429,29820,0.0699947,0.07,1,158953,158524,429
3568661,2.67116,6.14862,424,29891,0.0699989,0.07,1,158955,158531,424
3571581,6.93423,7.62972,424,29962,0.0699998,0.05,1,158963,158539,424
3574501,21.3868,22.3259,423,30033,0.086,0.07,1,158988,158565,423
3577421,209.877,208.465,425,30103,0.2492,0.05,1,159245,158820,425
3580341,113.175,112.893,425,30173,0.26584,0.07,1,159334,158909,425
3583261,35.4351,35.3786,425,30243,0.269168,0.07,1,159350,158925,425
3586181,21.487,21.4757,425,30313,0.269834,0.07,1,159368,158943,425
3589101,5.8974,5.89514,425,30383,0.301967,0.07,1,159370,158945,425
3592021,2.77948,2.77903,425,30453,0.308393,0.07,1,159372,158947,425
3594941,5.3559,5.35581,425,30522,0.277679,0.07,1,159378,158953,425
3597861,2.67118,2.67116,425,30591,0.271536,0.07,1,159380,158955,425
3600781,6.93424,6.93423,425,30660,0.270307,0.09,1,159388,158963,425
3603701,22.1868,21.3868,426,30729,0.286061,0.29,1,159414,158988,426
3606621,216.437,209.877,434,30798,0.401212,0.27,1,159679,159245,434
3609541,115.287,113.175,435,30867,0.408242,0.27,1,159769,159334,435
3612461,35.8575,35.4351,435,30936,0.425649,0.27,1,159785,159350,435
3615381,21.5715,21.487,435,31004,0.42913,0.31,1,159803,159368,435
3618301,5.9143,5.8974,435,31072,0.429826,0.31,1,159805,159370,435
3621221,2.78286,2.77948,435,31140,0.429965,0.27,1,159807,159372,435
3624141,5.35657,5.3559,435,31208,0.429993,0.27,1,159813,159378,435
3627061,2.67131,2.67118,435,31276,0.429999,0.27,1,159815,159380,435
3629981,6.93426,0.534236,443,31344,0.43,0.27,1,159823,159380,443
3632901,22.1869,6.50685,461,31412,0.43,0.29,1,159849,159388,461
3634361,165.237,22.1014,636,31479,0.494,0.43,1,160050,159414,636
3637281,89.0475,216.42,441,31546,0.4908,0.41,1,160120,159679,441
3640201,91.4095,115.284,443,31613,0.50616,0.43,1,160212,159769,443
3643121,31.0819,35.8568,443,31680,0.509232,0.43,1,160228,159785,443
3646041,20.6164,21.5714,443,31747,0.525846,0.43,1,160246,159803,443
3648961,5.72328,5.91427,443,31814,0.497169,0.43,1,160248,159805,443
3651881,2.74466,2.78285,443,31881,0.491434,0.43,1,160250,159807,443
3654801,5.34893,5.35657,443,31947,0.490287,0.43,1,160256,159813,443
3657721,2.66979,2.67131,443,32013,0.490057,0.43,1,160258,159815,443
3660641,6.93396,6.93426,443,32079,0.490011,0.43,1,160266,159823,443
3663561,22.1868,22.1869,443,32145,0.538002,0.51,1,160292,159849,443
3666481,223.637,165.237,516,32211,0.7076,0.49,1,160566,160050,516
3669401,116.727,89.0475,536,32277,0.77352,0.51,2,160656,160120,536
3672321,36.1455,91.4095,460,32343,0.786704,0.51,2,160672,160212,460
3675241,22.4291,31.0819,463,32408,0.789341,0.53,2,160691,160228,463
3678161,6.08582,20.6164,447,32473,0.789868,0.49,2,160693,160246,447
3681081,2.81716,5.72328,447,32538,0.789974,0.49,2,160695,160248,447
3684001,5.36343,2.74466,451,32603,0.789995,0.49,2,160701,160250,451
3686921,2.67269,5.34893,447,32668,0.789999,0.49,2,160703,160256,447
3689841,6.93454,2.66979,453,32733,0.79,0.49,2,160711,160258,453
3692761,2.98691,6.93396,447,32798,0.79,0.55,2,160713,160266,447
3695681,21.3974,22.1868,447,32862,0.79,0.75,2,160739,160292,447
3830001,31,55,453,15606,0.05,0.19,1,163061,162608,453
3832921,23.8,42.2,436,15742,0.098,0,1,163083,162647,436
3835841,39.96,46.04,433,15877,0.0196,0.01,1,163127,162694,433
3838761,24.792,27.608,431,16011,0.01192,0.01,1,163148,162717,431
3841681,249.758,255.922,424,16144,0.026384,0.05,1,163454,163030,424
3844601,74.7517,75.9843,424,16276,0.0292768,0.11,1,163485,163061,424
3847521,32.5503,32.7969,424,16406,0.0618554,0,1,163507,163083,424
3850441,40.9101,41.7594,423,16535,0.0363711,0.01,1,163550,163127,423
3853361,24.182,25.1519,422,16663,0.0312742,0.01,1,163570,163148,422
3854821,165.636,5.03037,623,16790,0.0302548,0.03,1,163771,163148,623
3857741,117.927,245.806,423,16916,0.046051,0.03,1,163877,163454,423
3860661,48.3855,73.9612,423,17042,0.0652102,0.07,1,163908,163485,423
3863581,27.2771,32.3922,423,17167,0.037042,0.03,1,163930,163507,423
3866501,39.8554,40.8784,423,17291,0.00740841,0.03,1,163973,163550,423
3869421,23.1711,24.1757,422,17414,0.0414817,0.03,1,163992,163570,422
3872341,251.034,165.635,529,17536,0.0802963,0.05,1,164300,163771,529
3875261,74.2068,117.927,453,17657,0.0880593,0.07,1,164330,163877,453
3878181,32.4414,48.3854,444,17777,0.105612,0.03,1,164352,163908,444
3881101,40.8883,27.2771,465,17896,0.0931224,0,1,164395,163930,465
3884021,22.5777,39.8554,440,18015,0.0586245,0.05,1,164413,163973,440
3886941,6.11553,23.1711,423,18133,0.0517249,0.09,1,164415,163992,423
3889861,250.023,251.034,426,18250,0.098345,0.09,1,164726,164300,426
3892781,74.0046,74.2068,426,18366,0.075669,0.11,1,164756,164330,426
3895701,33.2009,32.4414,427,18482,0.135134,0.09,1,164779,164352,427
3898621,38.6402,40.8883,424,18597,0.147027,0.05,1,164819,164395,424
3901541,20.528,22.5777,422,18711,0.117405,0.05,1,164835,164413,422
3904461,5.70561,6.11553,422,18824,0.143481,0.11,1,164837,164415,422
3907381,252.341,250.023,425,18937,0.116696,0.07,1,165151,164726,425
3910301,74.4682,74.0046,425,19049,0.127339,0.15,1,165181,164756,425
3913221,34.8936,33.2009,427,19160,0.161468,0.15,1,165206,164779,427
3916141,38.9787,38.6402,427,19271,0.184294,0.11,1,165246,164819,427
3919061,20.5957,20.528,427,19381,0.220859,0.15,1,165262,164835,427
3921981,5.71915,5.70561,427,19490,0.228172,0.11,1,165264,164837,427
3924901,252.344,252.341,427,19599,0.0696343,0.11,1,165578,165151,427
3927821,75.2688,50.4682,458,19707,0.0539269,0.13,1,165609,165151,458
3930741,35.8538,34.0936,454,19815,0.0507854,0.17,1,165635,165181,454
3933661,39.9707,26.8187,470,19922,0.0501571,0.19,1,165676,165206,470
3936581,20.7941,37.3637,446,20028,0.0500314,0.23,1,165692,165246,446
3939501,5.75883,20.2727,432,20134,0.0500063,0.23,1,165694,165262,432
3940961,161.952,5.65455,631,20239,0.0340013,0.03,1,165895,165264,631
3943881,117.19,252.331,423,20344,0.1428,0.05,1,166001,165578,423
3946801,49.0381,75.2662,424,20448,0.21256,0.05,1,166033,165609,424
3949721,31.4076,35.8532,425,20552,0.210512,0.05,1,166060,165635,425
3952641,38.2815,39.9706,424,20655,0.226102,0.05,1,166100,165676,424
3955561,20.4563,20.7941,424,20758,0.21322,0.05,1,166116,165692,424
3958481,5.69126,5.75883,424,20860,0.210644,0.03,1,166118,165694,424
3961401,249.938,161.952,534,20962,0.130129,0.17,1,166429,165895,534
3964321,51.5876,117.19,430,21063,0.114026,0.23,1,166431,166001,430
3967241,36.7175,49.0381,431,21164,0.174805,0.21,1,166464,166033,431
3970161,28.1435,31.4076,430,21264,0.186961,0.23,1,166490,166060,430
3973081,38.4287,38.2815,431,21364,0.205392,0.21,1,166531,166100,431
3976001,21.2857,20.4563,432,21463,0.193078,0.21,1,166548,166116,432
3978921,5.85715,5.69126,432,21562,0.222616,0.11,1,166550,166118,432
3981841,246.771,249.938,428,21660,0.276523,0.11,1,166857,166429,428
3984761,50.9543,51.5876,428,21758,0.287305,0.19,1,166859,166431,428
3987681,37.3909,36.7175,429,21855,0.273461,0.19,1,166893,166464,429
3990601,28.2782,28.1435,429,21952,0.334692,0.21,1,166919,166490,429
3993521,39.2556,38.4287,430,22049,0.346938,0.19,1,166961,166531,430
3996441,22.2511,21.2857,431,22145,0.381388,0.23,1,166979,166548,431
3999361,6.05023,5.85715,431,22241,0.388278,0.29,1,166981,166550,431
4002281,249.21,246.771,434,22336,0.421656,0.29,1,167291,166857,434
4005201,51.442,50.9543,434,22431,0.428331,0.27,1,167293,166859,434
4008121,38.2884,37.3909,435,22526,0.413666,0.27,1,167328,166893,435
4011041,29.2577,7.47817,462,22620,0.410733,0.35,1,167355,166893,462
4013961,41.0515,22.2956,480,22714,0.410147,0.35,1,167399,166919,480
4016881,22.6103,38.0591,456,22807,0.410029,0.39,1,167417,166961,456
4019801,6.12206,22.0118,440,22900,0.426006,0.39,1,167419,166979,440
4021261,162.024,6.00236,639,22993,0.461201,0.43,1,167620,166981,639
4024181,123.605,249.2,443,23085,0.51624,0.43,1,167734,167291,443
4027101,26.321,51.4401,443,23177,0.527248,0.41,1,167736,167293,443
4030021,33.2642,38.288,443,23268,0.52945,0.41,1,167771,167328,443
4032941,27.4528,29.2576,442,23359,0.52989,0.41,1,167797,167355,442
4035861,40.6906,41.0515,442,23450,0.561978,0.41,1,167841,167399,442
4038781,24.1381,22.6103,444,23540,0.616396,0.43,1,167861,167417,444
4041701,6.42762,6.12206,444,23630,0.627279,0.47,1,167863,167419,444
4044621,254.086,162.024,559,23720,0.597456,0.53,1,168179,167620,559
4047541,52.4171,123.605,447,23809,0.591491,0.53,1,168181,167734,447
4050461,40.0834,26.321,482,23898,0.622298,0.53,1,168218,167736,482
4053381,28.8167,33.2642,473,23987,0.62846,0.53,1,168244,167771,473
4056301,7.36334,27.4528,449,24075,0.629692,0.57,1,168246,167797,449
4059221,38.2727,40.6906,451,24163,0.677938,0.63,1,168292,167841,451
4062141,23.6545,24.1381,451,24251,0.687588,0.63,1,168312,167861,451
4065061,6.33091,6.42762,451,24338,0.689517,0.59,1,168314,167863,451
4067981,254.066,254.086,451,24425,0.785904,0.59,2,168630,168179,451
4070901,52.4132,52.4171,451,24512,0.805181,0.63,2,168632,168181,451
4073821,41.6826,40.0834,453,24598,0.857036,0.63,2,168671,168218,453
4076741,29.1365,28.8167,453,24684,0.867407,0.63,2,168697,168244,453
4079661,7.42731,7.36334,453,24770,0.837481,0.69,2,168699,168246,453
4082581,40.6855,38.2727,456,24856,0.847496,0.69,2,168748,168292,456
4085501,24.1371,23.6545,456,24941,0.865499,0.69,2,168768,168312,456
4088421,6.42742,6.33091,456,25026,0.9011,0.81,2,168770,168314,456
4219821,74,310,491,28660,0,1,1,171477,170986,491
4222741,34.8,92.4,478,28734,0.008,1,1,171502,171024,478
4225661,19.76,33.68,475,28808,0.0016,1,1,171518,171043,475
4228581,35.152,24.336,492,28881,0.02432,0.93,1,171557,171065,492
4231501,20.6304,22.4672,487,28954,0.028864,1,1,171574,171087,487
4234421,24.1261,22.0934,490,29027,0.0137728,1,1,171599,171109,490
4237341,24.0252,31.6187,480,29100,0.00275456,1,1,171623,171143,480
4240261,21.605,25.5237,477,29173,0.000550912,0.9,1,171644,171167,477
4243181,21.121,25.1047,473,29246,0.00811018,0.27,1,171665,171192,473
4246101,192.224,173.821,497,29318,0.025622,0,1,171900,171403,497
4249021,57.6448,93.9642,447,29390,0.0291244,0.01,1,171924,171477,447
4251941,25.929,38.7928,440,29462,0.00582488,0,1,171942,171502,440
4254861,33.9858,20.5586,460,29534,0.073165,0.03,1,171978,171518,460
4257781,20.3972,35.3117,438,29606,0.070633,0.03,1,171995,171557,438
4260701,24.0794,20.6623,446,29677,0.0381266,0.01,1,172020,171574,446
4263621,25.6159,24.1325,447,29748,0.00762532,0,1,172046,171599,447
4266541,20.3232,24.0265,442,29819,0.0255251,0,1,172065,171623,442
4269461,5.66464,21.6053,423,29890,0.077105,0.01,1,172067,171644,423
4272381,17.1329,21.1211,422,29961,0.039421,0.03,1,172087,171665,422
4275301,192.227,192.224,423,30032,0.0318842,0.03,1,172323,171900,423
4278221,58.4453,57.6448,424,30102,0.0303768,0,1,172348,171924,424
4281141,26.8891,25.929,425,30172,0.0300754,0.09,1,172367,171942,425
4284061,33.3778,33.9858,424,30242,0.158015,0.07,1,172402,171978,424
4286981,19.4756,20.3972,423,30312,0.183603,0.03,1,172418,171995,423
4289901,23.0951,24.0794,422,30382,0.0927206,0,1,172442,172020,422
4292821,28.619,25.6159,426,30452,0.0265441,0.03,1,172472,172046,426
4295741,17.7238,20.3232,422,30521,0.0293088,0.09,1,172487,172065,422
4298661,5.14476,5.66464,422,30590,0.0298618,0.03,1,172489,172067,422
4301581,17.029,17.1329,422,30659,0.0299724,0.03,1,172509,172087,422
4304501,193.806,192.227,424,30728,0.157994,0.03,1,172747,172323,424
4307421,59.5612,58.4453,425,30797,0.183599,0.03,1,172773,172348,425
4310341,25.5122,26.8891,423,30866,0.20472,0.19,1,172790,172367,423
4313261,37.9024,33.3778,429,30935,0.336944,0.19,1,172831,172402,429
4316181,20.3805,19.4756,429,31003,0.363389,0.07,1,172847,172418,429
4319101,18.4761,23.0951,423,31071,0.400678,0.01,1,172865,172442,423
4322021,26.8952,28.619,422,31139,0.328136,0.03,1,172894,172472,422
4324941,18.179,17.7238,423,31207,0.313627,0.03,1,172910,172487,423
4327861,5.23581,5.14476,423,31275,0.278725,0.03,1,172912,172489,423
4330781,16.2472,17.029,422,31343,0.287745,0.03,1,172931,172509,422
4332241,164.049,3.40579,623,31411,0.337549,0.19,1,173132,172509,623
4335161,72.0099,191.081,434,31478,0.47551,0.19,1,173181,172747,434
4338081,33.602,59.0162,432,31545,0.511102,0.21,1,173205,172773,432
4341001,21.9204,25.4032,434,31612,0.59022,0.37,1,173224,172790,434
4343921,41.9841,37.8806,440,31679,0.638044,0.37,1,173271,172831,440
4346841,21.1968,20.3761,440,31746,0.647609,0.41,1,173287,172847,440
4349761,18.6394,18.4752,440,31813,0.697522,0.31,1,173305,172865,440
4352681,22.9279,26.895,435,31880,0.675504,0.31,1,173329,172894,435
4355601,17.3856,18.179,435,31946,0.671101,0.27,1,173345,172910,435
4358521,5.07711,5.2358,435,32012,0.67022,0.29,1,173347,172912,435
4361441,13.8154,16.2472,432,32078,0.670044,0.35,1,173363,172931,432
4364361,217.963,164.049,500,32144,0.718009,0.51,1,173632,173132,500
4367281,64.3926,72.0099,477,32210,0.671602,0.52,1,173658,173181,477
4370201,27.2785,33.602,471,32276,0.71832,0.61,1,173676,173205,471
4373121,44.6557,21.9204,501,32342,0.615664,0.65,1,173725,173224,501
4376041,21.7311,41.9841,470,32407,0.731133,0.65,1,173741,173271,470
4378961,18.7462,21.1968,472,32472,0.770227,0.71,2,173759,173287,472
4381881,22.9492,18.6394,478,32537,0.786045,0.67,2,173783,173305,478
4384801,17.3898,22.9279,470,32602,0.789209,0.67,2,173799,173329,470
4387721,5.07797,17.3856,456,32667,0.789842,0.67,2,173801,173345,456
4390641,13.8156,5.07711,470,32732,0.789968,0.67,2,173817,173347,470
4393561,4.36312,13.8154,456,32797,0.789994,0.73,2,173819,173363,456
4396481,211.273,217.963,450,32861,0.837999,0.66,2,174082,173632,450
4399401,68.6545,64.3926,457,32925,0.8476,0.73,2,174115,173658,457
4402321,28.9309,27.2785,458,32989,0.87352,0.59,2,174134,173676,458
4405241,47.3862,44.6557,461,33053,0.862704,0.76,2,174186,173725,461
4408161,22.2772,21.7311,461,33117,0.924541,0.78,2,174202,173741,461
4411081,18.8554,18.7462,461,33181,0.928908,0.79,2,174220,173759,461
4561461,232,240,486,36347,0.37,1,1,176456,175970,486
4564381,52.8,57.6,482,36405,0.322,1,1,176464,175982,482
4567301,16.16,17.92,481,36463,0.2964,1,1,176471,175990,481
4570221,18.432,20.384,479,36521,0.25928,1,1,176490,176011,479
4573141,61.2864,59.2768,482,36579,0.075856,1,1,176562,176080,482
4576061,22.6573,25.4554,478,36637,0.0551712,1,1,176575,176097,478
4578981,26.1315,28.2911,476,36695,0.0830342,1,1,176602,176126,476
4581901,30.0263,29.6582,477,36753,0.0886069,1,1,176633,176156,477
4584821,27.6053,25.1316,480,36810,0.0817214,0.96,1,176660,176180,480
4587741,16.7211,24.2263,470,36867,0.760344,0.89,2,176674,176204,470
4599421,9,8,439,37095,0.71,0.29,1,176903,176464,439
4602341,5.8,7.2,437,37152,0.742,0.29,1,176908,176471,437
4605261,13.96,1.44,453,37209,0.7164,0.25,1,176924,176471,453
4608181,49.992,15.488,493,37266,0.37528,0.03,1,176983,176490,493
4611101,24.3984,60.6976,439,37323,0.243056,0.05,1,177001,176562,439
4614021,25.6797,22.5395,452,37380,0.168611,0.09,1,177027,176575,452
4616941,30.7359,26.1079,457,37437,0.0577222,0.09,1,177059,176602,457
4619861,26.9472,30.0216,452,37493,0.0515444,0.08,1,177085,176633,452
4622781,50.1894,27.6043,481,37549,0.0343089,0.93,1,177141,176660,481
4625701,14.8379,16.7209,473,37605,0.0308618,0.95,1,177147,176674,473
4628621,10.9676,8.94417,476,37661,0.0301724,0.91,1,177157,176681,476
4631541,155.794,9.78883,658,37717,0.0780345,0.73,1,177349,176691,658
4634461,39.9587,164.358,466,37773,0.103607,0.71,1,177360,176894,466
4637381,11.1917,40.0716,461,37829,0.0927214,0.75,1,177364,176903,461
4640301,16.6383,12.0143,474,37885,0.0905443,0.71,1,177382,176908,474
4643221,30.5277,15.2029,492,37941,0.106109,0.29,1,177416,176924,492
4646141,17.3055,50.2406,447,37997,0.125222,0.21,1,177430,176983,447
4649061,23.4611,24.4481,454,38053,0.145044,0.15,1,177455,177001,454
4651981,25.4922,25.6896,454,38109,0.165009,0.03,1,177481,177027,454
4654901,25.0984,30.7379,447,38164,0.153002,0.05,1,177506,177059,447
4657821,50.6197,26.9476,478,38219,0.1506,0.03,1,177563,177085,478
4660741,14.9239,50.1895,428,38274,0.15012,0.03,1,177569,177141,428
4663661,10.9848,14.8379,432,38329,0.150024,0.03,1,177579,177147,432
4666581,158.197,10.9676,617,38384,0.166005,0.09,1,177774,177157,617
4669501,40.4394,155.794,436,38439,0.185201,0.11,1,177785,177349,436
4672421,11.2879,39.9587,429,38494,0.15704,0.09,1,177789,177360,429
4675341,16.6576,11.1917,443,38549,0.151408,0.09,1,177807,177364,443
4678261,31.3315,16.6383,460,38604,0.166282,0.11,1,177842,177382,460
4681181,7.8663,30.5277,428,38659,0.169256,0.13,1,177844,177416,428
4684101,12.7733,17.3055,428,38714,0.217851,0.15,1,177858,177430,428
4687021,24.1547,23.4611,430,38769,0.21157,0.17,1,177885,177455,430
4689941,27.2309,25.4922,432,38823,0.226314,0.15,1,177913,177481,432
4692861,23.0462,25.0984,429,38877,0.197263,0.15,1,177935,177506,429
4695781,50.2092,50.6197,429,38931,0.223453,0.15,1,177992,177563,429
4698701,14.8418,14.9239,429,38985,0.228691,0.15,1,177998,177569,429
4701621,10.9684,10.9848,429,39039,0.245738,0.17,1,178008,177579,429
4704541,158.994,158.197,430,39093,0.281148,0.19,1,178204,177774,430
4707461,39.7987,40.4394,429,39147,0.25623,0.15,1,178214,177785,429
4710381,11.1597,11.2879,429,39201,0.283246,0.15,1,178218,177789,429
4713301,16.6319,16.6576,429,39255,0.288649,0.17,1,178236,177807,429
4716221,32.9264,31.3315,431,39309,0.28973,0.17,1,178273,177842,431
4719141,8.18528,7.8663,431,39363,0.289946,0.23,1,178275,177844,431
4722061,12.8371,12.7733,431,39417,0.289989,0.21,1,178289,177858,431
4724981,23.3674,24.1547,430,39471,0.337998,0.23,1,178315,177885,430
4727901,27.8735,27.2309,431,39525,0.3316,0.19,1,178344,177913,431
4730821,23.1747,23.0462,431,39578,0.34632,0.23,1,178366,177935,431
4733741,51.8349,50.2092,433,39631,0.349264,0.23,1,178425,177992,433
4736661,15.967,14.8418,434,39684,0.333853,0.25,1,178432,177998,434
4739581,11.1934,10.9684,434,39737,0.330771,0.29,1,178442,178008,434
4742501,159.039,158.994,434,39790,0.410154,0.25,1,178638,178204,434
4745421,39.8077,39.7987,434,39843,0.426031,0.29,1,178648,178214,434
4748341,11.1615,11.1597,434,39896,0.429206,0.29,1,178652,178218,434
4751261,16.6323,16.6319,434,39949,0.461841,0.29,1,178670,178236,434
4754181,34.5265,32.9264,436,40002,0.484368,0.29,1,178709,178273,436
4757101,8.50529,8.18528,436,40055,0.488874,0.29,1,178711,178275,436
4760021,12.9011,12.8371,436,40108,0.489775,0.29,1,178725,178289,436
4762941,23.3802,2.56741,462,40161,0.489955,0.35,1,178751,178289,462
4765861,27.876,21.3135,465,40214,0.489991,0.33,1,178780,178315,465
4768781,23.1752,27.4627,458,40267,0.489998,0.35,1,178802,178344,458
4771701,51.835,23.0925,495,40319,0.49,0.35,1,178861,178366,495
4774621,16.767,51.8185,444,40371,0.506,0.33,1,178869,178425,444
4777541,11.3534,15.9637,447,40423,0.5092,0.33,1,178879,178432,447
4779001,163.071,11.1927,638,40475,0.60584,0.43,1,179080,178442,638
4781921,33.4141,159.039,443,40527,0.609168,0.43,1,179081,178638,443
4784841,14.6828,39.8077,443,40579,0.625834,0.43,1,179091,178648,443
4787761,6.13657,11.1615,443,40631,0.629167,0.47,1,179095,178652,443
4790681,15.6273,16.6323,443,40683,0.629833,0.49,1,179113,178670,443
4793601,36.7255,34.5265,446,40735,0.645967,0.49,1,179155,178709,446
4796521,8.94509,8.50529,446,40787,0.649193,0.49,1,179157,178711,446
4799441,12.989,12.9011,446,40839,0.681839,0.49,1,179171,178725,446
4802361,24.1978,23.3802,447,40891,0.688368,0.49,1,179198,178751,447
4805281,27.2396,27.876,446,40943,0.657674,0.49,1,179226,178780,446
4808201,23.0479,23.1752,446,40995,0.651535,0.49,1,179248,178802,446
4811121,52.6096,51.835,447,41046,0.682307,0.51,1,179308,178861,447
4814041,16.9219,16.767,447,41097,0.736461,0.51,1,179316,178869,447
4816961,12.1844,11.3534,448,41148,0.731292,0.63,1,179327,178879,448
4819881,167.237,163.071,453,41199,0.778258,0.61,2,179533,179080,453
4822801,41.4474,33.4141,462,41250,0.755652,0.63,2,179543,179081,462
4825721,11.4895,14.6828,456,41301,0.75113,0.63,2,179547,179091,456
4828641,16.6979,6.13657,470,41352,0.750226,0.63,2,179565,179095,470
4831561,37.7396,15.6273,495,41403,0.734045,0.65,1,179608,179113,495
4834481,9.14792,36.7255,455,41454,0.730809,0.65,1,179610,179155,455
4837401,13.0296,8.94509,467,41505,0.730162,0.69,1,179624,179157,467
4840321,4.20592,12.989,455,41556,0.730032,0.69,1,179626,179171,455
4843241,21.6412,24.1978,454,41607,0.762006,0.65,2,179652,179198,454
4846161,26.7282,27.2396,454,41658,0.800401,0.65,2,179680,179226,454
4849081,22.9456,23.0479,454,41709,0.79208,0.69,2,179702,179248,454
4852001,54.9891,52.6096,457,41760,0.806416,0.75,2,179765,179308,457
4854921,17.3978,16.9219,457,41811,0.809283,0.73,2,179773,179316,457
4857841,11.4796,12.1844,456,41861,0.825857,0.79,2,179783,179327,456
4860761,169.496,167.237,459,41911,0.861171,0.75,2,179992,179533,459
4863681,41.8992,41.4474,459,41961,0.836234,0.75,2,180002,179543,459
4866601,11.5798,11.4895,459,42011,0.863247,0.75,2,180006,179547,459
4869521,16.716,16.6979,459,42061,0.892649,0.73,2,180024,179565,459
4872441,36.9432,37.7396,458,42111,0.89053,0.73,2,180066,179608,458
4875361,8.98864,9.14792,458,42161,0.890106,0.73,2,180068,179610,458
4878281,12.9977,13.0296,458,42211,0.858021,0.73,2,180082,179624,458
4881201,4.19955,4.20592,458,42261,0.883604,0.77,2,180084,179626,458
4884121,23.2399,21.6412,460,42311,0.904721,0.81,2,180112,179652,460
4887041,27.048,26.7282,460,42361,0.924944,0.79,2,180140,179680,460
4889961,24.6096,22.9456,462,42411,0.928989,0.81,2,180164,179702,462
4892881,55.3219,54.9891,462,42461,0.897798,0.81,2,180227,179765,462
4895801,18.2644,17.3978,463,42511,0.90756,0.83,2,180236,179773,463
4898721,11.6529,11.4796,463,42561,0.877512,0.87,2,180246,179783,463
5054941,23,28,513,45160,0.86,1,2,182097,181584,513
5057861,22.2,23.2,513,45207,0.788,1,2,182119,181606,513
5060781,18.04,14.24,518,45254,0.7576,1,2,182136,181618,518
5063701,19.608,28.448,506,45301,0.71952,1,1,182156,181650,506
5066621,11.1216,19.2896,498,45348,0.615904,1,1,182165,181667,498
5069541,16.6243,23.0579,492,45395,0.515181,1,1,182183,181691,492
5072461,156.125,164.612,483,45441,0.223036,1,1,182374,181891,483
5075381,44.825,53.7223,474,45487,0.116607,1,1,182391,181917,474
5078301,28.965,31.5445,473,45533,0.0473214,1,1,182416,181943,473
5081221,28.193,22.3089,481,45579,0.0334643,1,1,182444,181963,481
5084141,21.6386,22.8618,478,45625,0.0306929,1,1,182464,181986,478
5087061,24.3277,25.3724,477,45671,0.0941386,0.97,1,182489,182012,477
5089981,23.2655,25.0745,475,45717,0.0588277,0.88,1,182512,182037,475
5092901,18.2531,25.8149,466,45763,0.0517655,0.78,1,182529,182063,466
5095821,9.25062,13.963,462,45809,0.0343531,0.86,1,182536,182074,462
5098741,17.8501,21.1926,459,45855,0.0468706,0.77,1,182556,182097,459
5101661,19.57,21.8385,457,45901,0.0813741,0.75,1,182576,182119,457
5104581,15.114,17.9677,454,45947,0.0882748,0.75,1,182590,182136,454
5107501,15.0228,3.59354,469,45993,0.089655,0.71,1,182605,182136,469
5110421,8.60456,16.7187,456,46039,0.105931,0.59,1,182612,182156,456
5113341,13.7209,10.5437,462,46085,0.0931862,0.49,1,182627,182165,462
5116261,141.944,16.5087,618,46131,0.138637,0.15,1,182801,182183,618
5119181,38.7888,156.102,440,46177,0.131727,0.09,1,182814,182374,440
5122101,26.1578,44.8203,446,46223,0.114345,0.03,1,182837,182391,446
5125021,27.6316,28.9641,449,46269,0.0788691,0.03,1,182865,182416,449
5127941,22.3263,28.1928,442,46315,0.0397738,0.03,1,182886,182444,442
5130861,24.4653,21.6386,447,46361,0.0319548,0.11,1,182911,182464,447
5133781,22.4931,24.3277,444,46406,0.110391,0.05,1,182933,182489,444
5136701,18.0986,23.2655,438,46451,0.110078,0.05,1,182950,182512,438
5139621,9.21972,18.2531,428,46496,0.126016,0.03,1,182957,182529,428
5142541,20.2439,9.25062,444,46541,0.113203,0.05,1,182980,182536,444
5145461,20.0488,17.8501,444,46586,0.110641,0.09,1,183000,182556,444
5148381,15.2098,19.57,438,46631,0.110128,0.09,1,183014,182576,438
5151301,15.842,15.114,440,46676,0.110026,0.09,1,183030,182590,440
5154221,8.76839,15.0228,432,46721,0.0940051,0.11,1,183037,182605,432
5157141,12.1537,8.60456,438,46766,0.122801,0.09,1,183050,182612,438
5160061,145.631,13.7209,602,46811,0.16056,0.15,1,183229,182627,602
5162981,38.7261,141.944,440,46856,0.184112,0.13,1,183241,182801,440
5165901,25.3452,38.7888,449,46901,0.188822,0.11,1,183263,182814,449
5168821,25.869,26.1578,452,46946,0.189764,0.07,1,183289,182837,452
5171741,20.3738,27.6316,443,46991,0.173953,0.03,1,183308,182865,443
5174661,26.4748,22.3263,450,47036,0.154791,0.03,1,183336,182886,450
5177581,24.495,24.4653,449,47081,0.0869581,0.13,1,183360,182911,449
5180501,17.699,22.4931,443,47126,0.0733916,0.11,1,183376,182933,443
5183421,8.3398,18.0986,432,47171,0.0706783,0.13,1,183382,182950,432
5186341,20.868,9.21972,449,47216,0.0701357,0.11,1,183406,182957,449
5189261,20.1736,20.2439,446,47261,0.0700271,0.11,1,183426,182980,446
5192181,15.2347,20.0488,440,47306,0.0700054,0.11,1,183440,183000,440
5195101,15.8469,15.2098,442,47351,0.0700011,0.11,1,183456,183014,442
5198021,4.76939,15.842,428,47396,0.0700002,0.09,1,183458,183030,428
5200941,7.35388,8.76839,429,47440,0.07,0.13,1,183466,183037,429
5203861,11.0708,12.1537,428,47484,0.086,0.17,1,183478,183050,428
5206781,147.814,145.631,431,47528,0.1852,0.19,1,183660,183229,431
5209701,39.1628,38.7261,431,47572,0.20504,0.19,1,183672,183241,431
5212621,25.4326,25.3452,431,47616,0.225008,0.19,1,183694,183263,431
5215541,25.8865,25.869,431,47660,0.229002,0.17,1,183720,183289,431
5218461,19.5773,20.3738,430,47704,0.1978,0.15,1,183738,183308,430
5221381,23.9155,26.4748,427,47748,0.20756,0.07,1,183763,183336,427
5224301,22.3831,24.495,425,47792,0.177512,0.07,1,183785,183360,425
5227221,17.2766,17.699,425,47836,0.219502,0.07,1,183801,183376,425
5230141,8.25532,8.3398,425,47880,0.1959,0.07,1,183807,183382,425
5233061,20.8511,20.868,425,47924,0.22318,0.07,1,183831,183406,425
5235981,20.1702,20.1736,425,47968,0.260636,0.07,1,183851,183426,425
5238901,15.234,15.2347,425,48012,0.268127,0.07,1,183865,183440,425
5241821,15.8468,15.8469,425,48056,0.285625,0.07,1,183881,183456,425
5244741,4.76936,4.76939,425,48100,0.289125,0.07,1,183883,183458,425
5247661,8.15387,7.35388,426,48144,0.273825,0.09,1,183892,183466,426
5250581,11.2308,11.0708,426,48188,0.286765,0.21,1,183904,183478,426
5253501,151.046,147.814,430,48232,0.337353,0.21,1,184090,183660,430
5256421,40.6092,39.1628,431,48276,0.331471,0.23,1,184103,183672,431
5259341,25.7218,25.4326,431,48320,0.362294,0.23,1,184125,183694,431
5262261,25.9444,25.8865,431,48364,0.384459,0.19,1,184151,183720,431
5265181,19.5889,19.5773,431,48408,0.356892,0.21,1,184169,183738,431
5268101,23.1178,23.9155,430,48452,0.351378,0.17,1,184193,183763,430
5271021,22.2236,22.3831,430,48495,0.382276,0.23,1,184215,183785,430
5273941,18.0447,17.2766,431,48538,0.372455,0.19,1,184232,183801,431
5276861,8.40894,8.25532,431,48581,0.370491,0.23,1,184238,183807,431
5279781,21.6818,20.8511,432,48624,0.386098,0.27,1,184263,183831,432
5282701,21.1364,20.1702,433,48667,0.38922,0.27,1,184284,183851,433
5285621,15.4273,15.234,433,48710,0.389844,0.29,1,184298,183865,433
5288541,16.6855,15.8468,434,48753,0.405969,0.29,1,184315,183881,434
5291461,4.93709,4.76936,434,48796,0.441194,0.27,1,184317,183883,434
5294381,7.38742,8.15387,433,48839,0.416239,0.27,1,184325,183892,433
5297301,11.0775,1.63077,445,48882,0.411248,0.29,1,184337,183892,445
5300221,153.415,9.92616,622,48925,0.50625,0.35,1,184526,183904,622
5303141,41.8831,150.785,450,48968,0.52525,0.33,1,184540,184090,450
5306061,25.9766,40.557,459,49011,0.52905,0.37,1,184562,184103,459
5308981,26.7953,25.7114,464,49054,0.56181,0.39,1,184589,184125,464
5311901,19.7591,25.9423,456,49097,0.568362,0.35,1,184607,184151,456
5314821,23.1518,19.5885,462,49140,0.569672,0.35,1,184631,184169,462
5317741,22.2304,23.1177,460,49183,0.569934,0.39,1,184653,184193,460
5320661,18.8461,22.2235,456,49226,0.569987,0.37,1,184671,184215,456
5323581,8.56921,18.0447,445,49269,0.569997,0.37,1,184677,184232,445
5326501,23.3138,8.40894,466,49312,0.585999,0.39,1,184704,184238,466
5329421,20.6628,21.6818,461,49355,0.6052,0.39,1,184724,184263,461
5332341,15.3326,21.1364,454,49398,0.62504,0.39,1,184738,184284,454
5335261,17.4665,15.4273,458,49441,0.645008,0.41,1,184756,184298,458
5338181,5.0933,16.6855,443,49484,0.649002,0.45,1,184758,184315,443
5341101,7.41866,4.93709,449,49527,0.6498,0.41,1,184766,184317,449
5344021,11.0837,7.38742,453,49570,0.64996,0.41,1,184778,184325,453
5346941,158.217,11.0775,636,49613,0.665992,0.53,1,184973,184337,636
5349861,42.8433,153.415,461,49655,0.701198,0.53,1,184987,184526,461
5352781,26.9687,41.8831,470,49697,0.70824,0.53,1,185010,184540,470
5355701,27.7937,25.9766,476,49739,0.709648,0.57,1,185038,184562,476
5358621,19.9587,26.7953,467,49781,0.72593,0.57,1,185056,184589,467
5361541,23.1917,19.7591,473,49823,0.729186,0.57,1,185080,184607,473
5364461,22.2384,23.1518,471,49865,0.729837,0.57,1,185102,184631,471
5367381,18.8477,22.2304,467,49907,0.729967,0.57,1,185120,184653,467
5370301,8.56953,18.8461,455,49949,0.729994,0.57,1,185126,184671,455
5373221,24.9139,8.56921,478,49991,0.713999,0.59,1,185155,184677,478
5376141,21.7828,23.3138,472,50033,0.7268,0.61,1,185176,184704,472
5379061,16.3566,20.6628,467,50075,0.72936,0.63,1,185191,184724,467
5381981,17.6713,15.3326,471,50117,0.729872,0.65,1,185209,184738,471
5384901,5.13426,17.4665,455,50159,0.729974,0.65,1,185211,184756,455
5387821,7.42685,5.0933,461,50201,0.729995,0.65,1,185219,184758,461
5390741,11.0854,7.41866,465,50243,0.729999,0.65,1,185231,184766,465
5393661,159.817,11.0837,650,50285,0.762,0.67,2,185428,184778,650
5396581,33.5634,158.217,457,50327,0.7684,0.71,2,185430,184973,457
5399501,18.7127,42.8433,458,50369,0.78568,0.71,2,185445,184987,458
5402421,21.3425,26.9687,457,50411,0.837136,0.71,2,185467,185010,457
5405341,27.4685,27.7937,458,50453,0.847427,0.73,2,185496,185038,458
5408261,19.8937,19.9587,458,50495,0.817485,0.73,2,185514,185056,458
5411181,23.1787,23.1917,458,50537,0.859497,0.73,2,185538,185080,458
5414101,22.2357,22.2384,458,50579,0.835899,0.73,2,185560,185102,458
5417021,18.8471,18.8477,458,50621,0.86318,0.73,2,185578,185120,458
5419941,8.56943,8.56953,458,50663,0.836636,0.71,2,185584,185126,458
5422861,24.1139,24.9139,457,50705,0.831327,0.73,2,185612,185155,457
5425781,21.6228,21.7828,457,50747,0.846265,0.73,2,185633,185176,457
5428701,17.1246,16.3566,458,50789,0.817253,0.73,2,185649,185191,458
5431621,17.8249,17.6713,458,50830,0.843451,0.73,2,185667,185209,458
5434541,5.16498,5.13426,458,50871,0.84869,0.73,2,185669,185211,458
5437461,7.433,7.42685,458,50912,0.817738,0.73,2,185677,185219,458
5440381,11.0866,11.0854,458,50953,0.843548,0.77,2,185689,185231,458
5443301,161.417,159.817,460,50994,0.912709,0.77,2,185888,185428,460
5446221,33.8835,33.5634,460,51035,0.926542,0.79,2,185890,185430,460
5449141,19.5767,18.7127,461,51076,0.929308,0.85,2,185906,185445,461
5742601,11,20,500,55082,0.87,1,2,188607,188107,500
5745521,18.2,16.8,504,55120,0.806,1,2,188627,188123,504
5748441,25.24,17.76,513,55158,0.7772,1,2,188654,188141,513
5751361,78.648,25.152,578,55196,0.62744,1,1,188746,188168,578
5754281,38.1296,91.4304,498,55234,0.581488,1,1,188774,188276,498
5757201,36.4259,41.4861,505,55272,0.476298,1,1,188810,188305,505
5760121,24.0852,29.8972,499,55310,0.503259,0.93,1,188831,188332,499
5763041,24.017,23.5794,501,55348,0.476652,1,1,188855,188354,501
5765961,27.2034,27.9159,500,55386,0.42333,1,1,188883,188383,500
5768881,27.0407,30.3832,496,55424,0.492666,1,1,188910,188414,496
5771801,21.4081,26.0766,491,55462,0.506533,0.96,1,188930,188439,491
5774721,22.6816,19.6153,496,55500,0.509307,0.88,1,188953,188457,496
5777641,11.7363,23.9231,480,55538,0.493861,0.98,1,188962,188482,480
5780561,24.7473,12.7846,498,55576,0.490772,0.95,1,188990,188492,498
5783481,24.9495,27.3569,492,55614,0.506154,0.94,1,189015,188523,492
5786401,20.9899,26.2714,486,55652,0.541231,0.93,1,189035,188549,486
5789321,15.398,22.8543,478,55690,0.516246,0.87,1,189049,188571,478
5792241,11.0796,15.7709,474,55728,0.527249,0.89,1,189059,188585,474
5795161,11.0159,11.9542,474,55766,0.56145,0.87,1,189070,188596,474
5798081,12.6032,11.1908,476,55804,0.52029,0.79,1,189083,188607,476
5801001,23.3206,18.2382,482,55842,0.544058,0.77,1,189109,188627,482
5803921,68.6641,25.2476,535,55880,0.580812,0.59,1,189189,188654,535
5806841,36.1328,78.6495,471,55918,0.588162,0.57,1,189217,188746,471
5809761,38.4266,38.1299,482,55956,0.541632,0.45,1,189256,188774,482
5812681,24.4853,36.426,467,55994,0.548326,0.51,1,189277,188810,467
5815601,23.2971,24.0852,469,56032,0.565665,0.47,1,189300,188831,469
5818521,30.2594,24.017,477,56070,0.585133,0.41,1,189332,188855,477
5821441,23.6519,27.2034,471,56108,0.605027,0.51,1,189354,188883,471
5824361,22.3304,27.0407,466,56145,0.657005,0.51,1,189376,188910,466
5827281,6.06608,21.4081,448,56182,0.667401,0.51,1,189378,188930,448
5830201,18.8132,22.6816,447,56219,0.66948,0.49,1,189400,188953,447
5833121,11.7626,11.7363,448,56256,0.669896,0.49,1,189410,188962,448
5836041,24.7525,24.7473,448,56293,0.685979,0.51,1,189438,188990,448
5838961,24.1505,24.9495,447,56330,0.705196,0.55,1,189462,189015,447
5841881,20.8301,20.9899,447,56367,0.709039,0.51,1,189482,189035,447
5844801,16.166,15.398,448,56404,0.725808,0.53,1,189497,189049,448
5847721,12.0332,11.0796,449,56441,0.713162,0.57,1,189508,189059,449
5850641,10.4066,11.0159,448,56478,0.678632,0.51,1,189518,189070,448
5853561,14.8813,12.6032,451,56515,0.671726,0.55,1,189534,189083,451
5856481,22.1763,23.3206,449,56552,0.702345,0.59,1,189558,189109,449
5859401,68.4353,68.6641,449,56589,0.676469,0.59,1,189638,189189,449
5862321,37.687,36.1328,451,56626,0.671294,0.53,1,189668,189217,451
5865241,36.3374,38.4266,448,56663,0.702259,0.55,1,189704,189256,448
5868161,24.8675,24.4853,449,56700,0.724452,0.57,1,189726,189277,449
5871081,24.9735,23.2971,451,56737,0.76089,0.59,2,189751,189300,451
5874001,31.3947,30.2594,452,56774,0.784178,0.61,2,189784,189332,452
5876921,25.4789,23.6519,454,56811,0.788836,0.67,2,189808,189354,454
5879841,23.4958,22.3304,455,56848,0.773767,0.67,2,189831,189376,455
5882761,6.29916,6.06608,455,56885,0.770754,0.67,2,189833,189378,455
5885681,18.8598,18.8132,455,56922,0.770151,0.67,2,189855,189400,455
5888601,11.772,11.7626,455,56959,0.73803,0.69,1,189865,189410,455
5891521,26.3544,24.7525,457,56996,0.779606,0.71,2,189895,189438,457
5894441,24.4709,24.1505,457,57033,0.819921,0.71,2,189919,189462,457
5897361,20.8942,20.8301,457,57070,0.795984,0.73,2,189939,189482,457
5900281,15.3788,16.166,456,57107,0.823197,0.71,2,189953,189497,456
5903201,11.0758,12.0332,455,57144,0.796639,0.67,2,189963,189508,455
5906121,10.2152,10.4066,455,57181,0.791328,0.67,2,189973,189518,455
5909041,14.843,14.8813,455,57218,0.790266,0.71,2,189989,189534,455
5911961,22.1686,22.1763,455,57255,0.846053,0.67,2,190013,189558,455
5914881,68.4337,68.4353,455,57292,0.865211,0.67,2,190093,189638,455
5917801,37.6867,37.687,455,57329,0.869042,0.71,2,190123,189668,455
5920721,36.3373,36.3374,455,57366,0.869808,0.73,2,190159,189704,455
5923641,26.4675,24.8675,457,57403,0.837962,0.77,2,190183,189726,457
5926561,26.8935,24.9735,459,57440,0.847592,0.79,2,190210,189751,459
5929481,31.7787,31.3947,459,57477,0.833518,0.79,2,190243,189784,459
5932401,25.5557,25.4789,459,57514,0.830704,0.77,2,190267,189808,459
5935321,22.7111,23.4958,458,57551,0.846141,0.77,2,190289,189831,458
5938241,6.14223,6.29916,458,57588,0.881228,0.77,2,190291,189833,458
5941161,18.8284,18.8598,458,57625,0.904246,0.77,2,190313,189855,458
5944081,11.7657,3.77197,468,57661,0.876849,0.73,2,190323,189855,468
5947001,27.9531,8.75439,490,57697,0.90337,0.79,2,190355,189865,490
5949921,24.7906,25.7509,484,57733,0.956674,0.83,2,190379,189895,484
6154321,33,26,512,60225,0.61,1,1,192153,191641,512
6157241,30.6,27.6,514,60260,0.514,1,1,192183,191669,514
6160161,26.12,27.12,512,60295,0.4628,1,1,192208,191696,512
6161621,26.824,25.424,514,60330,0.42056,1,1,192235,191721,514
6224401,374.165,436.285,436,27740,0.108112,0.19,1,192696,192260,436
6227321,109.233,117.657,441,28544,0.0296224,0.07,1,192739,192298,441
6230241,57.8466,55.5314,446,28618,0.00592448,0.03,1,192784,192338,446
6233161,42.7693,38.3063,451,28692,0.0091849,0.03,1,192823,192372,451
6236081,43.7539,49.2613,443,28766,0.00983698,0.03,1,192867,192424,443
6239001,49.5508,41.0523,455,28840,0.0259674,0.05,1,192918,192463,455
6241921,45.9102,54.6105,442,28913,0.00519348,0.05,1,192963,192521,442
6244841,75.582,53.3221,472,28986,0.0010387,0.01,1,193046,192574,472
6247761,55.1164,70.6644,447,29059,0.00820774,0.01,1,193096,192649,447
6250681,24.6233,34.1329,439,29132,0.0256415,0.03,1,193113,192674,439
6253601,43.3247,24.4266,465,29205,0.0771283,0.01,1,193161,192696,465
6256521,45.4649,39.2853,468,29277,0.0394257,0,1,193207,192739,468
6259441,38.693,43.8571,460,29349,0.0158851,0.01,1,193244,192784,460
6262361,42.9386,39.9714,465,29421,0.011177,0.01,1,193288,192823,465
6265281,49.3877,43.1943,472,29493,0.0102354,0.03,1,193339,192867,472
6268201,45.8775,49.4389,466,29565,0.00204708,0,1,193384,192918,466
6271121,75.5755,45.8878,504,29637,0.000409416,0,1,193467,192963,504
6274041,56.7151,75.5776,473,29708,0.0240819,0.01,1,193519,193046,473
6276961,24.943,55.1155,440,29779,0.0128164,0.03,1,193536,193096,440
6279881,6.5886,24.6231,425,29850,0.0105633,0.09,1,193538,193113,425
6282801,42.1177,43.3246,428,29921,0.0421127,0.03,1,193589,193161,428
6285721,42.8235,45.4649,425,29992,0.0964225,0.01,1,193632,193207,425
6288641,35.7647,38.693,422,30063,0.0592845,0.01,1,193666,193244,422
6291561,43.1529,42.9386,423,30133,0.0118569,0.01,1,193711,193288,423
6294481,48.6306,49.3877,422,30203,0.0263714,0,1,193761,193339,422
6297401,45.7261,45.8775,422,30273,0.00527428,0,1,193806,193384,422
6300321,76.3452,75.5755,423,30343,0.00105486,0.03,1,193890,193467,423
6303241,56.069,56.7151,422,30413,0.024211,0.01,1,193941,193519,422
6306161,25.6138,24.943,423,30483,0.0288422,0.01,1,193959,193536,423
6309081,6.72276,6.5886,423,30552,0.00576844,0.05,1,193961,193538,423
6312001,43.7446,42.1177,425,30621,0.0571537,0.11,1,194014,193589,425
6314921,43.1489,42.8235,425,30690,0.0674307,0.05,1,194057,193632,425
6317841,33.4298,35.7647,422,30759,0.0854861,0,1,194088,193666,422
6320761,42.686,43.1529,422,30828,0.0410972,0.03,1,194133,193711,422
6323681,48.5372,48.6306,422,30897,0.0162194,0,1,194183,193761,422
6326601,45.7074,45.7261,422,30965,0.00324389,0,1,194228,193806,422
6329521,76.3415,76.3452,422,31033,0.0246488,0.03,1,194312,193890,422
6332441,56.0683,56.069,422,31101,0.0289298,0.03,1,194363,193941,422
6335361,25.6137,25.6138,422,31169,0.029786,0,1,194381,193959,422
6338281,6.72273,6.72276,422,31237,0.00595719,0.07,1,194383,193961,422
6341201,44.5445,43.7446,423,31305,0.0411914,0.07,1,194437,194014,423
6344121,44.1089,8.74891,467,31373,0.0642383,0.07,1,194481,194014,467
6347041,35.2218,36.1498,457,31440,0.116848,0.09,1,194514,194057,457
6349961,39.0444,32.03,466,31507,0.14337,0.03,1,194554,194088,466
6352881,47.8089,42.406,471,31574,0.0526739,0.01,1,194604,194133,471
6355801,45.5618,48.4812,466,31641,0.0105348,0,1,194649,194183,466
6358721,76.3124,45.6962,505,31708,0.026107,0.03,1,194733,194228,505
6361641,56.0625,76.3393,472,31775,0.0292214,0.03,1,194784,194312,472
6364561,25.6125,56.0678,439,31842,0.0298443,0.03,1,194802,194363,439
6367481,6.7225,25.6136,423,31908,0.00596886,0,1,194804,194381,423
6370401,44.5445,6.72271,475,31974,0.0251938,0.05,1,194858,194383,475
6373321,47.3089,44.5445,469,32040,0.0450388,0.07,1,194906,194437,469
6376241,38.2618,44.1089,461,32106,0.0970078,0.13,1,194942,194481,461
6379161,36.4524,35.2218,464,32172,0.0914015,0.15,1,194978,194514,464
6382081,44.8905,39.0444,471,32238,0.0422803,0.03,1,195025,194554,471
6385001,45.7781,47.8089,467,32304,0.00845606,0,1,195071,194604,467
6387921,75.5556,45.5618,505,32369,0.00169121,0.03,1,195154,194649,505
6390841,56.7111,76.3124,473,32434,0.0403382,0.03,1,195206,194733,473
6393761,24.9422,56.0625,439,32499,0.0640676,0.03,1,195223,194784,439
6396681,6.58844,25.6125,423,32564,0.0368135,0,1,195225,194802,423
6399601,45.3177,6.7225,476,32629,0.0313627,0.03,1,195280,194804,476
6402521,48.2635,44.5445,471,32694,0.0302725,0.05,1,195329,194858,471
6405441,39.2527,47.3089,460,32759,0.0620545,0.11,1,195366,194906,460
6408361,9.45054,38.2618,426,32824,0.0844109,0.09,1,195368,194942,426
6411281,32.2901,36.4524,428,32888,0.104882,0.03,1,195406,194978,428
6414201,40.058,44.8905,423,32952,0.124976,0,1,195448,195025,423
6417121,44.8116,45.7781,423,33016,0.0649953,0,1,195494,195071,423
6420041,74.5623,75.5556,422,33080,0.0129991,0.05,1,195576,195154,422
6422961,58.1125,56.7111,424,33144,0.0425998,0.07,1,195630,195206,424
6425881,24.4225,24.9422,423,33208,0.01652,0.03,1,195646,195223,423
6428801,6.4845,6.58844,423,33272,0.011304,0.03,1,195648,195225,423
6431721,45.2969,45.3177,423,33336,0.0102608,0.03,1,195703,195280,423
6434641,48.2594,48.2635,423,33399,0.0420522,0.07,1,195752,195329,423
6437561,41.6519,39.2527,426,33462,0.0324104,0.09,1,195792,195366,426
6440481,9.93037,9.45054,426,33525,0.0624821,0.11,1,195794,195368,426
6443401,33.1861,32.2901,427,33588,0.132496,0.13,1,195833,195406,427
6446321,39.4372,40.058,426,33651,0.194499,0.05,1,195874,195448,426
6449241,41.4874,44.8116,422,33714,0.2549,0,1,195916,195494,422
6452161,73.8975,74.5623,422,33777,0.10698,0.05,1,195998,195576,422
6455081,57.9795,58.1125,422,33840,0.045396,0.01,1,196052,195630,422
6458001,24.3959,24.4225,422,33902,0.0490792,0.01,1,196068,195646,422
6460921,6.47918,6.4845,422,33964,0.0498158,0.01,1,196070,195648,422
6463841,45.2958,45.2969,422,34026,0.0499632,0.05,1,196125,195703,422
6466761,48.2592,48.2594,422,34088,0.0179926,0.03,1,196174,195752,422
6469681,42.4518,41.6519,423,34150,0.0115985,0.07,1,196215,195792,423
6472601,10.0904,9.93037,423,34212,0.0103197,0.07,1,196217,195794,423
6475521,35.6181,1.98607,465,34274,0.0420639,0.15,1,196259,195794,465
6478441,43.1236,31.5972,471,34336,0.112413,0.21,1,196304,195833,471
6481361,43.0247,39.1194,473,34398,0.126483,0.27,1,196347,195874,473
6484281,66.2049,41.4239,503,34459,0.161297,0.07,1,196419,195916,503
6487201,58.041,73.8848,477,34520,0.0882593,0.03,1,196475,195998,477
6490121,22.8082,57.977,437,34581,0.105652,0.05,1,196489,196052,437
6493041,6.16164,24.3954,423,34642,0.10913,0.05,1,196491,196068,423
6495961,45.2323,6.47908,476,34703,0.0938261,0.05,1,196546,196070,476
6498881,48.2465,45.2958,470,34764,0.0747652,0.01,1,196595,196125,470
6501801,42.4493,48.2592,462,34825,0.038953,0.01,1,196636,196174,462
6504721,10.0899,42.4518,423,34886,0.0317906,0.01,1,196638,196215,423
6507641,38.018,10.0904,466,34947,0.0303581,0.05,1,196683,196217,466
6510561,46.0036,35.6181,472,35007,0.0620716,0.13,1,196731,196259,472
6513481,43.6007,43.1236,470,35067,0.0844143,0.13,1,196774,196304,470
6516401,66.3201,43.0247,499,35127,0.152883,0.17,1,196846,196347,499
6519321,57.264,66.2049,482,35187,0.198577,0.07,1,196901,196419,482
6522241,22.6528,58.041,440,35247,0.207715,0.11,1,196915,196475,440
6525161,6.13056,22.8082,428,35307,0.209543,0.11,1,196917,196489,428
6528081,44.4261,6.16164,480,35367,0.225909,0.09,1,196971,196491,480
6531001,47.2852,45.2323,473,35427,0.229182,0.07,1,197019,196546,473
6533921,40.657,48.2465,463,35487,0.245836,0.03,1,197058,196595,463
6536841,9.73141,42.4493,424,35547,0.249167,0.03,1,197060,196636,424
6539761,37.9463,10.0899,467,35606,0.233833,0.03,1,197105,196638,467
6542681,47.5893,38.018,472,35665,0.214767,0.07,1,197155,196683,472
6545601,11.1179,46.0036,426,35724,0.210953,0.09,1,197157,196731,426
6548521,36.6236,43.6007,426,35783,0.226191,0.17,1,197200,196774,426
6551441,68.1247,66.3201,430,35842,0.261238,0.21,1,197276,196846,430
6554361,59.2249,57.264,432,35901,0.300248,0.21,1,197333,196901,432
6557281,23.045,22.6528,432,35960,0.27605,0.21,1,197347,196915,432
6560201,6.209,6.13056,432,36019,0.27121,0.23,1,197349,196917,432
6563121,45.2418,44.4261,433,36078,0.254242,0.23,1,197404,196971,433
6566041,47.4484,47.2852,433,36137,0.282848,0.25,1,197452,197019,433
6568961,41.4897,40.657,434,36195,0.30457,0.25,1,197492,197058,434
6571881,9.89793,9.73141,434,36253,0.308914,0.23,1,197494,197060,434
6574801,37.1796,37.9463,433,36311,0.293783,0.21,1,197538,197105,433
6577721,46.6359,47.5893,432,36369,0.322757,0.21,1,197587,197155,432
6580641,10.9272,11.1179,432,36427,0.328551,0.23,1,197589,197157,432
6583561,38.1854,36.6236,434,36485,0.34571,0.27,1,197634,197200,434
6586481,69.2371,68.1247,435,36543,0.429142,0.31,1,197711,197276,435
6589401,59.4474,59.2249,435,36601,0.461828,0.27,1,197768,197333,435
6592321,23.0895,23.045,435,36659,0.500366,0.27,1,197782,197347,435
6595241,6.2179,6.209,435,36717,0.476073,0.25,1,197784,197349,435
6598161,44.4436,45.2418,434,36775,0.519215,0.29,1,197838,197404,434
6601081,47.2887,47.4484,434,36832,0.495843,0.31,1,197886,197452,434
6604001,42.2577,41.4897,435,36889,0.475169,0.31,1,197927,197492,435
6606921,10.0515,9.89793,435,36946,0.471034,0.29,1,197929,197494,435
6609841,38.0103,37.1796,436,37003,0.486207,0.33,1,197974,197538,436
6612761,47.6021,46.6359,437,37060,0.473241,0.33,1,198024,197587,437
6615681,11.1204,10.9272,437,37117,0.470648,0.35,1,198026,197589,437
6618601,39.8241,38.1854,439,37174,0.51813,0.35,1,198073,197634,439
6621521,72.7648,7.63709,520,37231,0.559626,0.45,1,198154,197634,520
6624441,60.953,63.1274,501,37288,0.615925,0.47,1,198212,197711,501
6627361,23.3906,58.2255,458,37345,0.627185,0.51,1,198226,197768,458
6630281,6.27812,22.8451,446,37402,0.629437,0.47,1,198228,197782,446
6633201,45.2556,6.16902,499,37458,0.645887,0.53,1,198283,197784,499
6636121,47.4511,44.4338,493,37514,0.649177,0.49,1,198331,197838,493
6639041,41.4902,47.2868,485,37570,0.665835,0.47,1,198371,197886,485
6641961,9.89804,42.2574,446,37626,0.669167,0.47,1,198373,197927,446
6644881,37.1796,10.0515,488,37682,0.669833,0.49,1,198417,197929,488
6647801,48.2359,38.0103,494,37738,0.669967,0.47,1,198468,197974,494
6650721,11.2472,47.6021,446,37794,0.669993,0.47,1,198470,198024,446
6653641,40.6494,11.1204,492,37850,0.669999,0.53,1,198518,198026,492
6656561,76.1299,39.8241,530,37906,0.702,0.57,1,198603,198073,530
6659481,64.026,72.7648,510,37962,0.7724,0.63,2,198664,198154,510
6662401,24.0052,60.953,466,38018,0.78648,0.63,2,198678,198212,466
6665321,6.40104,23.3906,454,38074,0.797296,0.63,2,198680,198226,454
6668241,46.0802,6.27812,508,38129,0.823459,0.65,2,198736,198228,508
6671161,47.616,45.2556,501,38184,0.844692,0.65,2,198784,198283,501
6674081,42.3232,47.4511,494,38239,0.864938,0.67,2,198825,198331,494
6677001,10.0646,41.4902,456,38294,0.868988,0.67,2,198827,198371,456
6679921,37.2129,9.89804,498,38349,0.901798,0.67,2,198871,198373,498
6682841,48.2426,37.1796,505,38404,0.89236,0.67,2,198922,198417,505
6685761,11.2485,48.2359,456,38459,0.890472,0.67,2,198924,198468,456
6688681,40.6497,11.2472,502,38514,0.890094,0.67,2,198972,198470,502
6691601,77.7299,40.6494,541,38569,0.858019,0.71,2,199059,198518,541
6694521,17.146,76.1299,458,38624,0.851604,0.79,2,199061,198603,458
6697441,54.6292,64.026,461,38679,0.898321,0.79,2,199125,198664,461
6700361,22.9258,24.0052,462,38734,0.891664,0.8,2,199140,198678,462
6703281,6.18517,6.40104,462,38789,0.890333,0.83,2,199142,198680,462
6706201,46.837,46.0802,463,38843,0.890067,0.85,2,199199,198736,463
6709121,48.5674,47.616,464,38897,0.922013,0.87,2,199248,198784,464
6712041,43.3135,42.3232,465,38951,0.944403,0.87,2,199290,198825,465
6714961,10.2627,10.0646,465,39005,0.948881,0.91,2,199292,198827,465
6717881,38.8525,37.2129,467,39059,0.933776,0.89,2,199338,198871,467
6878481,31,15,515,41929,0.83,1,2,201330,200815,515
6881401,28.6,29.4,510,41979,0.814,1,2,201358,200848,510
6884321,51.32,79.48,475,42029,0.6988,1,1,201415,200940,475
6887241,35.064,39.096,477,42079,0.62776,1,1,201446,200969,477
6890161,42.2128,36.6192,485,42129,0.469552,1,1,201490,201005,485
6893081,38.8426,43.3238,478,42179,0.35791,1,1,201528,201050,478
6896001,34.1685,31.0648,483,42229,0.335582,1,1,201561,201078,483
6898921,35.6337,30.213,489,42279,0.235116,0.98,1,201597,201108,489
6901841,26.3267,27.6426,486,42329,0.135023,1,1,201621,201135,486
6904761,18.0653,23.1285,480,42379,0.147005,1,1,201637,201157,480
6907681,28.4131,35.8257,472,42429,0.0534009,0.99,1,201668,201196,472
6910601,28.0826,30.3651,471,42479,0.0106802,0.92,1,201696,201225,471
6913521,22.4165,26.073,467,42529,0.026136,0.85,1,201717,201250,467
6916441,40.4833,44.4146,463,42579,0.0132272,0.83,1,201762,201299,463
6919361,28.8967,33.6829,458,42629,0.0266454,0.81,1,201788,201330,458
6922281,28.1793,29.1366,458,42679,0.0293291,0.67,1,201816,201358,458
6925201,48.0359,51.4273,454,42728,0.0458658,0.61,1,201869,201415,454
6928121,29.6072,35.0855,448,42777,0.0331732,0.43,1,201894,201446,448
6931041,34.7214,42.2171,440,42826,0.126635,0.33,1,201930,201490,440
6933961,34.1443,38.8434,436,42875,0.145327,0.33,1,201964,201528,436
6936881,29.2289,34.1687,431,42924,0.229065,0.21,1,201992,201561,431
6939801,30.6458,35.6337,426,42973,0.245813,0.11,1,202023,201597,426
6942721,24.5292,26.3267,425,43022,0.281163,0.11,1,202046,201621,425
6945641,16.9058,5.26535,440,43071,0.240233,0.15,1,202061,201621,440
6948561,25.7812,13.8531,452,43120,0.296046,0.03,1,202089,201637,452
6951481,27.5562,27.5706,449,43169,0.227209,0,1,202117,201668,449
6954401,23.1112,27.9141,443,43218,0.245442,0.03,1,202139,201696,443
6957321,39.8222,22.3828,466,43267,0.153088,0.01,1,202183,201717,466
6960241,28.7645,40.4766,447,43316,0.0706177,0.03,1,202209,201762,447
6963161,28.9529,28.8953,450,43365,0.0381235,0.03,1,202238,201788,450
6966081,48.1906,28.1791,475,43414,0.0316247,0.05,1,202291,201816,475
6969001,28.8381,48.0358,446,43463,0.0943249,0.03,1,202315,201869,446
6971921,38.5676,29.6072,462,43512,0.170865,0.15,1,202356,201894,462
6974841,34.9135,34.7214,460,43560,0.250173,0.15,1,202390,201930,460
6977761,34.1827,34.1443,460,43608,0.298035,0.25,1,202424,201964,460
6980681,33.2365,29.2289,465,43656,0.435607,0.25,1,202457,201992,465
6983601,24.2473,30.6458,456,43704,0.447121,0.29,1,202479,202023,456
6986521,17.6495,24.5292,449,43752,0.449424,0.23,1,202495,202046,449
6989441,26.7299,16.9058,463,43800,0.449885,0.31,1,202524,202061,463
6992361,24.546,25.7812,459,43848,0.465977,0.21,1,202548,202089,459
6995281,22.5092,27.5562,453,43896,0.469195,0.25,1,202570,202117,453
6998201,35.7018,23.1112,470,43944,0.501839,0.13,1,202609,202139,470
7001121,23.9404,39.8222,447,43992,0.524368,0.05,1,202630,202183,447
7004041,28.7881,28.7645,451,44040,0.480874,0.03,1,202660,202209,451
7006961,48.1576,28.9529,475,44088,0.456175,0.03,1,202713,202238,475
7009881,31.2315,48.1906,449,44136,0.387235,0.11,1,202740,202291,449
7012801,43.8463,28.8381,472,44184,0.565447,0.19,1,202787,202315,472
7015721,37.5693,38.5676,467,44232,0.649089,0.27,1,202823,202356,467
7018641,38.7139,34.9135,472,44280,0.809818,0.31,2,202862,202390,472
7021561,38.1428,34.1827,476,44328,0.857964,0.47,2,202900,202424,476
7024481,25.2286,33.2365,465,44376,0.883593,0.45,2,202922,202457,465
7027401,17.8457,24.2473,459,44424,0.888719,0.45,2,202938,202479,459
7030321,5.16914,17.6495,445,44471,0.889744,0.45,2,202940,202495,445
7033241,24.2338,26.7299,445,44518,0.905949,0.47,2,202969,202524,445
7036161,24.0468,24.546,445,44565,0.89319,0.47,2,202993,202548,445
7039081,24.8094,22.5092,448,44612,0.922638,0.51,2,203018,202570,448
7152961,34,44,505,46421,0.65,1,1,204312,203807,505
7155881,30,32.8,504,46466,0.57,1,1,204341,203837,504
7199681,39,34,496,47141,0.87,0.55,2,204808,204312,496
7202601,27,30,491,47186,0.902,1,2,204832,204341,491
7214281,22,14,505,47366,0.85,1,2,204945,204440,505
7217201,15.6,10,510,47411,0.882,1,2,204959,204449,510
7220121,15.92,27.6,494,47455,0.9204,1,2,204975,204481,494
7522341,61,64,495,23541,0.07,0.79,1,208146,207651,495
7525261,45,56,482,23631,0.118,0.31,1,208187,207705,482
7528181,76.2,79.2,481,23721,0.0796,0.01,1,208271,207790,481
7531101,56.04,88.64,441,23810,0.02392,0,1,208322,207881,441
7534021,76.808,60.128,470,23899,0.060784,0.05,1,208404,207934,470
7536941,38.5616,62.4256,436,23988,0.0681568,0.01,1,208433,207997,436
7539861,29.3123,35.6851,434,24076,0.0376314,0.05,1,208460,208026,434
7542781,44.2625,54.337,423,24164,0.0475263,0.07,1,208508,208085,423
7545701,60.8525,59.6674,427,24252,0.0975053,0.13,1,208573,208146,427
7548621,44.1705,44.7335,426,24339,0.0915011,0.07,1,208613,208187,426
7551541,76.8341,76.1467,427,24426,0.1063,0.01,1,208698,208271,427
7554461,52.9668,56.0293,423,24513,0.07726,0.07,1,208745,208322,423
7557381,78.5934,76.8059,426,24599,0.055452,0.07,1,208830,208404,426
7560301,38.1187,38.5612,425,24685,0.0190904,0.03,1,208858,208433,425
7563221,28.4237,29.3122,424,24771,0.0438181,0.05,1,208884,208460,424
7566141,42.4847,44.2624,422,24857,0.0487636,0.11,1,208930,208508,422
7569061,63.6969,60.8525,426,24942,0.0337527,0.09,1,208999,208573,426
7571981,44.7394,44.1705,426,25027,0.0627505,0.11,1,209039,208613,426
7574901,77.7479,76.8341,427,25112,0.13255,0.07,1,209125,208698,427
7577821,51.5496,52.9668,425,25196,0.16251,0.05,1,209170,208745,425
7580741,75.9099,78.5934,422,25280,0.072502,0.01,1,209252,208830,422
7583661,38.382,38.1187,423,25364,0.0385004,0.05,1,209281,208858,423
7586581,28.4764,28.4237,423,25448,0.0317001,0.05,1,209307,208884,423
7589501,42.4953,5.68475,469,25531,0.03034,0.05,1,209353,208884,469
7592421,62.8991,37.9369,491,25614,0.062068,0.03,1,209421,208930,491
7595341,46.1798,62.7874,464,25697,0.116414,0.07,1,209463,208999,464
7598261,79.636,44.5575,512,25779,0.127283,0.15,1,209551,209039,512
7601181,52.7272,77.7115,472,25861,0.129457,0.17,1,209597,209125,472
7604101,71.3454,51.5423,503,25943,0.0818913,0.05,1,209673,209170,503
7607021,37.4691,75.9085,450,26025,0.0883783,0.03,1,209702,209252,450
7609941,28.2938,38.3817,447,26106,0.0416757,0.03,1,209728,209281,447
7612861,44.0588,28.4763,469,26187,0.0643351,0.03,1,209776,209307,469
7615781,64.8118,42.4953,493,26268,0.100867,0.07,1,209846,209353,493
7618701,48.1624,62.8991,469,26349,0.140173,0.13,1,209890,209421,469
7621621,80.0325,46.1798,515,26429,0.164035,0.13,1,209978,209463,515
7624541,52.8065,79.636,473,26509,0.184807,0.13,1,210024,209551,473
7627461,68.9613,52.7272,500,26589,0.204961,0.07,1,210097,209597,500
7630381,36.1923,71.3454,452,26669,0.224992,0.09,1,210125,209673,452
7633301,28.0385,37.4691,449,26748,0.228998,0.03,1,210151,209702,449
7636221,44.8077,28.2938,472,26827,0.2458,0.07,1,210200,209728,472
7639141,67.3615,44.0588,497,26906,0.24916,0.11,1,210273,209776,497
7642061,15.0723,64.8118,429,26985,0.249832,0.15,1,210275,209846,429
7644981,38.2145,48.1624,429,27063,0.281966,0.17,1,210319,209890,429
7647901,78.8429,80.0325,430,27141,0.320393,0.19,1,210408,209978,430
7650821,53.3686,52.8065,431,27219,0.496079,0.21,1,210455,210024,431
7653741,70.6737,68.9613,433,27297,0.571216,0.23,1,210530,210097,433
7656661,36.5347,36.1923,433,27375,0.602243,0.23,1,210558,210125,433
7659581,28.1069,28.0385,433,27452,0.640449,0.25,1,210584,210151,433
7662501,45.6214,44.8077,434,27529,0.64809,0.25,1,210634,210200,434
7665421,67.5243,67.3615,434,27606,0.649618,0.25,1,210707,210273,434
7668341,15.1049,15.0723,434,27683,0.649924,0.29,1,210709,210275,434
7671261,39.821,38.2145,436,27760,0.665985,0.33,1,210755,210319,436
7674181,80.7642,78.8429,438,27836,0.765197,0.54,2,210846,210408,438
7677101,61.7528,53.3686,448,27912,0.881039,0.59,2,210903,210455,448
7680021,74.7506,70.6737,451,27988,0.904208,0.61,2,210981,210530,451
7682941,38.1501,36.5347,452,28064,0.924842,0.65,2,211010,210558,452
7788061,58,48,499,30660,0.23,1,1,212818,212319,499
7790981,60.4,72.8,481,30729,0.054,1,1,212879,212398,481
7793901,52.88,41.76,498,30798,0.0348,1,1,212930,212432,498
7796821,37.776,37.152,496,30867,0.03096,1,1,212964,212468,496
7799741,30.7552,37.8304,487,30936,0.014192,1,1,212993,212506,487
7802661,69.351,80.3661,475,31004,0.0428384,0.93,1,213072,212597,475
7805581,37.8702,46.4732,467,31072,0.0485677,0.96,1,213102,212635,467
7808501,29.974,34.8946,463,31140,0.0497135,0.63,1,213130,212667,463
7811421,40.3948,52.5789,449,31208,0.0659427,0.45,1,213173,212724,449
7814341,29.679,39.3158,440,31276,0.0691885,0.45,1,213200,212760,440
7817261,41.1358,7.86316,484,31344,0.0218377,0.23,1,213244,212760,484
7820181,56.2272,47.9726,486,31412,0.0123675,0.01,1,213304,212818,486
7823101,49.6454,58.3945,473,31479,0.0104735,0.03,1,213352,212879,473
7826021,37.1291,52.4789,456,31546,0.0420947,0.03,1,213386,212930,456
7828941,30.6258,37.6958,451,31613,0.0484189,0.01,1,213415,212964,451
7831861,68.5252,30.7392,500,31680,0.0336838,0.05,1,213493,212993,500
7834781,39.305,69.3478,453,31747,0.0467368,0.05,1,213525,213072,453
7837701,30.261,37.8696,451,31814,0.0493474,0.05,1,213553,213102,451
7840621,39.6522,29.9739,465,31881,0.0498695,0.07,1,213595,213130,465
7843541,29.5304,40.3948,449,31947,0.0979739,0.07,1,213622,213173,449
7846461,42.7061,29.679,468,32013,0.107595,0.01,1,213668,213200,468
7849381,54.9412,41.1358,482,32079,0.061519,0.01,1,213726,213244,482
7852301,50.9882,56.2272,472,32145,0.0203038,0.01,1,213776,213304,472
7855221,35.7976,49.6454,456,32211,0.0280608,0.05,1,213808,213352,456
7858141,31.1595,37.1291,452,32277,0.0456121,0.05,1,213838,213386,452
7861061,67.8319,30.6258,500,32343,0.0331224,0.03,1,213915,213415,500
7863981,40.7664,68.5252,456,32408,0.0466245,0.05,1,213949,213493,456
7866901,29.7533,39.305,451,32473,0.0333249,0.05,1,213976,213525,451
7869821,39.5507,30.261,465,32538,0.030665,0.05,1,214018,213553,465
7872741,32.7101,39.6522,454,32603,0.062133,0.11,1,214049,213595,454
7875661,42.542,29.5304,472,32668,0.0684266,0.11,1,214094,213622,472
7878581,51.7084,42.7061,480,32733,0.0536853,0.05,1,214148,213668,480
7881501,11.9417,54.9412,424,32798,0.0187371,0.01,1,214150,213726,424
7884421,41.5883,50.9882,423,32862,0.0597474,0.03,1,214199,213776,423
7887341,34.7177,35.7976,424,32926,0.0199495,0.05,1,214232,213808,424
7890261,30.1435,31.1595,423,32990,0.0919899,0.03,1,214261,213838,423
7893181,67.6287,67.8319,423,33054,0.058398,0.05,1,214338,213915,423
7896101,41.5257,40.7664,424,33118,0.0676796,0.03,1,214373,213949,424
7899021,29.1051,29.7533,423,33182,0.0535359,0.03,1,214399,213976,423
7901941,39.421,39.5507,423,33246,0.0187072,0.07,1,214441,214018,423
7904861,34.2842,32.7101,425,33310,0.0277414,0.07,1,214474,214049,425
7907781,42.8568,42.542,425,33373,0.109548,0.05,1,214519,214094,425
7910701,50.9714,51.7084,424,33436,0.14191,0.01,1,214572,214148,424
7913621,11.7943,11.9417,424,33499,0.116382,0.07,1,214574,214150,424
7916541,39.9589,41.5883,422,33562,0.127276,0.01,1,214621,214199,422
7919461,34.3918,34.7177,422,33625,0.0334553,0.11,1,214654,214232,422
7922381,30.8784,30.1435,423,33688,0.0306911,0.05,1,214684,214261,423
7925301,66.9757,67.6287,422,33751,0.0621382,0.07,1,214760,214338,422
7928221,41.3951,41.5257,422,33814,0.0524276,0.05,1,214795,214373,422
7931141,29.079,29.1051,422,33877,0.0344855,0.01,1,214821,214399,422
7934061,39.4158,39.421,422,33939,0.0628971,0.03,1,214863,214441,422
7936981,35.0832,34.2842,423,34001,0.0845794,0.13,1,214897,214474,423
7939901,46.2166,42.8568,427,34063,0.120916,0.15,1,214946,214519,427
7942821,52.4433,50.9714,428,34125,0.128183,0.11,1,215000,214572,428
7945741,12.0887,11.7943,428,34187,0.129637,0.13,1,215002,214574,428
7948661,38.4177,39.9589,426,34249,0.113927,0.13,1,215047,214621,426
7951581,30.0835,7.99177,454,34311,0.0947855,0.01,1,215075,214621,454
7954501,30.8167,27.9984,452,34373,0.0429571,0.03,1,215106,214654,452
7957421,66.1633,29.5997,497,34435,0.0165914,0.07,1,215181,214684,497
7960341,41.2327,66.7199,456,34496,0.0273183,0.05,1,215216,214760,456
7963261,29.8465,41.344,448,34557,0.0454637,0.03,1,215243,214795,448
7966181,39.5693,29.0688,464,34618,0.0650927,0.07,1,215285,214821,464
7969101,35.9139,39.4138,457,34679,0.0850185,0.09,1,215320,214863,457
7972021,47.9828,35.0828,474,34740,0.121004,0.13,1,215371,214897,474
7974941,52.7966,46.2166,479,34801,0.160201,0.13,1,215425,214946,479
7977861,12.1593,52.4433,427,34862,0.16804,0.13,1,215427,215000,427
7980781,37.6319,12.0887,469,34923,0.185608,0.11,1,215471,215002,469
7983701,27.5264,38.4177,449,34984,0.189122,0.09,1,215496,215047,449
7986621,31.1053,30.0835,453,35044,0.189824,0.03,1,215528,215075,453
7989541,65.4211,30.8167,496,35104,0.141965,0.01,1,215602,215106,496
7992461,41.8842,66.1633,457,35164,0.132393,0.03,1,215638,215181,457
7995381,31.5768,41.2327,451,35224,0.178479,0.05,1,215667,215216,451
7998301,39.9154,29.8465,466,35284,0.155696,0.07,1,215709,215243,466
8001221,36.7831,39.5693,460,35344,0.167139,0.09,1,215745,215285,460
8004141,49.7566,35.9139,478,35404,0.169428,0.13,1,215798,215320,478
8007061,54.7513,47.9828,483,35464,0.137886,0.17,1,215854,215371,483
8009981,12.5503,52.7966,431,35524,0.147577,0.17,1,215856,215425,431
8012901,38.5101,12.1593,474,35584,0.181515,0.19,1,215901,215427,474
8015821,28.502,37.6319,456,35643,0.220303,0.19,1,215927,215471,456
8018741,7.3004,27.5264,433,35702,0.228061,0.19,1,215929,215496,433
8021661,25.4601,31.1053,431,35761,0.261612,0.13,1,215959,215528,431
8024581,62.692,65.4211,429,35820,0.252322,0.13,1,216031,215602,429
8027501,40.5384,41.8842,428,35879,0.314464,0.19,1,216066,215638,428
8030421,32.1077,31.5768,429,35938,0.326893,0.15,1,216096,215667,429
8033341,40.0215,39.9154,429,35997,0.313379,0.17,1,216138,215709,429
8036261,37.6043,36.7831,430,36056,0.342676,0.17,1,216175,215745,430
8039181,49.9209,49.7566,430,36115,0.332535,0.13,1,216228,215798,430
8042101,53.9842,54.7513,429,36174,0.314507,0.15,1,216283,215854,429
8045021,12.3968,12.5503,429,36232,0.278901,0.19,1,216285,215856,429
8047941,40.0794,38.5101,431,36290,0.33578,0.23,1,216332,215901,431
8050861,30.4159,28.502,433,36348,0.379156,0.23,1,216360,215927,433
8053781,7.68317,7.3004,433,36406,0.387831,0.27,1,216362,215929,433
8056701,25.5366,25.4601,433,36464,0.389566,0.25,1,216392,215959,433
8059621,63.5073,62.692,434,36522,0.469913,0.33,1,216465,216031,434
8062541,42.3015,40.5384,436,36580,0.533983,0.33,1,216502,216066,436
8065461,32.4603,32.1077,436,36638,0.514796,0.31,1,216532,216096,436
8068381,40.8921,40.0215,437,36696,0.590959,0.35,1,216575,216138,437
8071301,37.7784,37.6043,437,36754,0.606192,0.33,1,216612,216175,437
8074221,49.1557,49.9209,436,36811,0.625238,0.31,1,216664,216228,436
8077141,53.0311,53.9842,435,36868,0.629048,0.27,1,216718,216283,435
8080061,12.2062,12.3968,435,36925,0.59781,0.35,1,216720,216285,435
8082981,42.4412,40.0794,438,36982,0.623562,0.39,1,216770,216332,438
8085901,31.6882,30.4159,439,37039,0.628712,0.39,1,216799,216360,439
8088821,7.93765,7.68317,439,37096,0.629742,0.39,1,216801,216362,439
8091741,26.3875,25.5366,440,37153,0.661949,0.39,1,216832,216392,440
8094661,66.8775,5.10733,517,37210,0.63639,0.49,1,216909,216392,517
8097581,44.5755,59.4215,483,37267,0.663278,0.55,1,216948,216465,483
8100501,32.9151,41.4843,476,37324,0.668656,0.51,1,216978,216502,476
8103421,44.183,32.2969,493,37381,0.685731,0.61,1,217025,216532,493
8106341,37.6366,40.8594,486,37438,0.673146,0.61,1,217061,216575,486
8109261,49.9273,37.7719,502,37494,0.702629,0.63,1,217114,216612,502
8112181,53.1855,49.1544,504,37550,0.708526,0.63,1,217168,216664,504
8115101,12.2371,53.0309,452,37606,0.709705,0.59,1,217170,216718,452
8118021,44.8474,12.2062,503,37662,0.693941,0.63,1,217223,216720,503
8120941,31.3695,42.4412,481,37718,0.754788,0.63,2,217251,216770,481
8123861,7.8739,31.6882,454,37774,0.766958,0.63,2,217253,216799,454
8126781,28.7748,7.93765,486,37830,0.785392,0.67,2,217287,216801,486
8129701,66.555,26.3875,531,37886,0.805078,0.63,2,217363,216832,531
8132621,44.511,66.8775,493,37942,0.809016,0.67,2,217402,216909,493
8135541,33.7022,44.5755,485,37998,0.841803,0.67,2,217433,216948,485
8138461,42.7404,32.9151,500,38054,0.848361,0.69,2,217478,216978,500
8141381,38.9481,44.183,491,38110,0.881672,0.67,2,217516,217025,491
8144301,50.9896,37.6366,509,38165,0.920334,0.71,2,217570,217061,509
8147221,53.3979,49.9273,510,38220,0.928067,0.71,2,217624,217114,510
8150141,12.2796,53.1855,458,38275,0.929613,0.71,2,217626,217168,458
8153061,47.2559,12.2371,512,38330,0.929923,0.69,2,217682,217170,512
8155981,31.8512,44.8474,487,38385,0.913985,0.77,2,217710,217223,487
8158901,7.97024,31.3695,461,38440,0.910797,0.77,2,217712,217251,461
8161821,30.394,7.8739,495,38495,0.910159,0.79,2,217748,217253,495
8310741,30,31,512,41200,0.79,1,2,219637,219125,512
8313661,32.4,23.8,523,41251,0.71,1,1,219670,219147,523
8316581,44.08,23.16,547,41302,0.55,1,1,219717,219170,547
8319501,32.816,63.832,503,41353,0.454,1,1,219747,219244,503
8322421,33.7632,43.1664,499,41404,0.3388,1,1,219781,219282,499
8325341,40.3526,29.4333,515,41455,0.20376,1,1,219823,219308,515
8328261,31.2705,31.4867,512,41506,0.112752,1,1,219852,219340,512
8331181,29.4541,26.2973,516,41557,0.0465504,1,1,219881,219365,516
8334101,27.4908,34.0595,507,41608,0.0173101,1,1,219908,219401,507
8337021,38.2982,53.2119,490,41659,0.043462,1,1,219949,219459,490
8339941,39.6596,51.4424,479,41710,0.0806924,1,1,219989,219510,479
8342861,31.1319,36.6885,475,41761,0.0401385,0.9,1,220018,219543,475
8345781,29.4264,32.1377,473,41812,0.0960277,0.91,1,220047,219574,473
8348701,26.6853,32.8275,466,41862,0.0752055,0.79,1,220073,219607,466
8351621,24.5371,30.5655,460,41912,0.0710411,0.69,1,220097,219637,460
8354541,28.1074,32.5131,456,41962,0.0222082,0.51,1,220126,219670,456
8357461,36.0215,44.1026,447,42012,0.0444416,0.43,1,220164,219717,447
8360381,26.4043,32.8205,441,42062,0.0168883,0.31,1,220188,219747,441
8363301,30.0809,33.7641,438,42112,0.0433777,0.17,1,220219,219781,438
8366221,34.8162,40.3528,432,42162,0.0486755,0.09,1,220255,219823,432
8369141,24.5632,31.2706,425,42212,0.0817351,0.03,1,220277,219852,425
8372061,26.5126,29.4541,423,42262,0.120347,0.01,1,220304,219881,423
8374981,26.9025,27.4908,423,42312,0.0800694,0.05,1,220331,219908,423
8377901,38.1805,38.2982,423,42362,0.136014,0.09,1,220372,219949,423
8380821,42.0361,39.6596,426,42412,0.195203,0.03,1,220415,219989,426
8383741,29.2072,31.1319,423,42462,0.303041,0.11,1,220441,220018,423
8386661,31.4414,29.4264,426,42512,0.388608,0.07,1,220473,220047,426
8389581,24.6883,26.6853,423,42562,0.437722,0.07,1,220496,220073,423
8392501,25.7377,24.5371,425,42612,0.415544,0.01,1,220522,220097,425
8395421,25.9475,28.1074,422,42662,0.427109,0.05,1,220548,220126,422
8398341,35.5895,36.0215,422,42711,0.429422,0.01,1,220586,220164,422
8401261,26.3179,26.4043,422,42760,0.429884,0.05,1,220610,220188,422
8404181,31.6636,30.0809,424,42809,0.445977,0.05,1,220643,220219,424
8407101,35.1327,34.8162,424,42858,0.385195,0.09,1,220679,220255,424
8410021,24.6265,24.5632,424,42907,0.421039,0.13,1,220701,220277,424
8412941,24.9253,26.5126,422,42956,0.428208,0.07,1,220726,220304,422
8415861,28.9851,26.9025,425,43005,0.509642,0.07,1,220756,220331,425
8418781,41.797,5.38051,470,43054,0.461928,0.15,1,220801,220331,470
8421701,42.7594,33.8761,472,43103,0.452386,0.21,1,220844,220372,472
8424621,37.3519,41.1752,465,43152,0.514477,0.33,1,220880,220415,465
8427541,35.4704,29.035,474,43201,0.510895,0.41,1,220915,220441,474
8430461,24.6941,31.407,464,43250,0.510179,0.45,1,220937,220473,464
8433381,25.7388,24.6814,467,43299,0.526036,0.41,1,220963,220496,467
8436301,26.7478,25.7363,468,43348,0.545207,0.43,1,220990,220522,468
8439221,35.7496,25.9473,480,43397,0.549041,0.43,1,221028,220548,480
8442141,26.3499,35.5895,466,43446,0.549808,0.43,1,221052,220586,466
8445061,30.87,26.3179,474,43495,0.581962,0.45,1,221084,220610,474
8447981,33.374,31.6636,475,43544,0.588392,0.37,1,221118,220643,475
8450901,25.8748,35.1327,463,43592,0.589678,0.43,1,221142,220679,463
8453821,25.975,24.6265,467,43640,0.637936,0.43,1,221168,220701,467
8456741,31.595,24.9253,475,43688,0.631587,0.53,1,221201,220726,475
8459661,40.719,28.9851,488,43736,0.646317,0.45,1,221244,220756,488
8462581,42.5438,41.797,486,43784,0.665264,0.45,1,221287,220801,486
8465501,38.9088,42.7594,481,43832,0.813053,0.53,2,221325,220844,481
8468421,36.5818,37.3519,481,43880,0.858611,0.51,2,221361,220880,481
8471341,24.9164,35.4704,468,43928,0.883722,0.51,2,221383,220915,468
8474261,26.5833,24.6941,473,43976,0.888744,0.53,2,221410,220937,473
8477181,27.7167,25.7388,475,44024,0.889749,0.55,2,221438,220963,475
8480101,35.9433,26.7478,486,44072,0.92195,0.55,2,221476,220990,486
8631941,32,29,536,46497,0.63,1,1,223153,222617,536
8634861,34.4,41.8,526,46542,0.518,1,1,223188,222662,526
8637781,30.88,36.36,521,46587,0.3996,1,1,223218,222697,521
8640701,31.776,23.272,533,46632,0.29592,1,1,223250,222717,533
8643621,32.7552,28.6544,536,46677,0.195184,1,1,223283,222747,536
8646541,25.751,30.5309,529,46722,0.143037,1,1,223307,222778,529
8649461,28.3502,46.1062,508,46767,0.0846074,1,1,223336,222828,508
8652381,30.47,36.4212,505,46812,0.0569215,1,1,223367,222862,505
8655301,33.294,33.6842,506,46857,0.0353843,1,1,223401,222895,506
8658221,32.2588,30.7368,508,46902,0.111077,0.9,1,223433,222925,508
8661141,36.0518,31.7474,513,46947,0.158215,0.95,1,223470,222957,513
8664061,30.4104,35.9495,505,46992,0.103643,1,1,223499,222994,505
8666981,22.0821,31.1899,495,47037,0.124729,0.99,1,223519,223024,495
8669901,29.2164,29.438,497,47082,0.176946,0.91,1,223550,223053,497
8672821,28.2433,33.0876,491,47127,0.187389,0.79,1,223578,223087,491
8675741,25.6487,33.8175,482,47172,0.173478,0.63,1,223603,223121,482
8678661,29.1297,32.3635,480,47217,0.170696,0.49,1,223633,223153,480
8681581,23.4259,34.4727,467,47262,0.186139,0.37,1,223655,223188,467
8684501,26.2852,30.8945,464,47307,0.157228,0.27,1,223682,223218,464
8687421,27.657,31.7789,460,47352,0.151446,0.17,1,223710,223250,460
8690341,7.13141,32.7558,429,47397,0.150289,0.13,1,223712,223283,429
8693261,15.0263,25.7512,422,47441,0.182058,0.07,1,223729,223307,422
8696181,27.0053,28.3502,423,47485,0.188412,0.05,1,223759,223336,423
8699101,31.0011,30.47,424,47529,0.141682,0.03,1,223791,223367,424
8702021,33.4002,33.294,424,47573,0.0283365,0.13,1,223825,223401,424
8704941,37.88,32.2588,431,47617,0.0936673,0.17,1,223864,223433,431
8707861,35.576,36.0518,429,47661,0.0907335,0.09,1,223899,223470,429
8710781,30.3152,30.4104,429,47705,0.106147,0.13,1,223928,223499,429
8713701,22.863,22.0821,430,47749,0.0932293,0.19,1,223949,223519,430
8716621,29.3726,29.2164,430,47793,0.0746459,0.19,1,223980,223550,430
8719541,28.2745,28.2433,430,47837,0.0709292,0.17,1,224008,223578,430
8722461,25.6549,25.6487,430,47881,0.118186,0.17,1,224033,223603,430
8725381,29.931,29.1297,431,47925,0.127637,0.19,1,224064,223633,431
8728301,22.7862,23.4259,430,47969,0.0815274,0.15,1,224085,223655,430
8731221,25.3572,26.2852,429,48013,0.136305,0.15,1,224111,223682,429
8734141,27.4714,27.657,429,48057,0.131261,0.15,1,224139,223710,429
8737061,7.09429,7.13141,429,48101,0.130252,0.19,1,224141,223712,429
8739981,15.0189,15.0263,429,48145,0.13005,0.19,1,224158,223729,429
8742901,26.2038,27.0053,428,48189,0.21001,0.13,1,224187,223759,428
8745821,30.0408,31.0011,427,48233,0.242002,0,1,224218,223791,427
8748741,30.0082,33.4002,423,48277,0.2644,0.11,1,224248,223825,423
8751661,40.4016,37.88,427,48321,0.22088,0.09,1,224291,223864,427
8754581,35.2803,35.576,426,48365,0.244176,0.11,1,224325,223899,426
8757501,29.4561,30.3152,425,48409,0.280835,0.09,1,224353,223928,425
8760421,21.8912,22.863,424,48453,0.288167,0.07,1,224373,223949,424
8763341,29.9782,29.3726,425,48496,0.289633,0.07,1,224405,223980,425
8766261,28.3956,28.2745,425,48539,0.305927,0.13,1,224433,224008,425
8769181,25.6791,25.6549,425,48582,0.325185,0.13,1,224458,224033,425
8772101,30.7358,29.931,426,48625,0.361037,0.07,1,224490,224064,426
8775021,22.1472,22.7862,425,48668,0.368207,0.15,1,224510,224085,425
8777941,26.0294,25.3572,426,48711,0.353641,0.13,1,224537,224111,426
8780861,30.0059,27.4714,429,48754,0.382728,0.13,1,224568,224139,429
8783781,7.60118,7.09429,429,48797,0.388546,0.13,1,224570,224141,429
8786701,16.7202,15.0189,431,48840,0.373709,0.13,1,224589,224158,431
8789621,24.144,3.00377,457,48883,0.386742,0.23,1,224615,224158,457
8792541,33.6288,23.8008,464,48926,0.357348,0.25,1,224651,224187,464
8795461,28.3258,29.5602,460,48969,0.36747,0.27,1,224678,224218,460
8798381,42.4652,29.912,476,49012,0.401494,0.21,1,224724,224248,476
8801301,35.693,40.3824,467,49055,0.392299,0.25,1,224758,224291,467
8804221,29.5386,35.2765,461,49098,0.39046,0.29,1,224786,224325,461
8807141,21.9077,29.4553,453,49141,0.390092,0.29,1,224806,224353,453
8810061,29.9815,21.8911,465,49184,0.390018,0.29,1,224838,224373,465
8812981,29.1963,29.9782,462,49227,0.374004,0.31,1,224867,224405,462
8815901,28.2393,28.3956,462,49270,0.402801,0.33,1,224895,224433,462
8818821,31.2479,25.6791,469,49313,0.42456,0.37,1,224927,224458,469
8821741,22.2496,30.7358,457,49356,0.428912,0.37,1,224947,224490,457
8824661,26.8499,22.1472,465,49399,0.429782,0.35,1,224975,224510,465
8827581,30.17,26.0294,469,49442,0.445956,0.39,1,225006,224537,469
8830501,7.634,30.0059,440,49485,0.449191,0.39,1,225008,224568,440
8833421,17.5268,7.60118,458,49528,0.449838,0.37,1,225028,224570,458
8836341,25.1054,16.7202,466,49571,0.449968,0.39,1,225055,224589,466
8839261,32.2211,24.144,474,49614,0.449994,0.35,1,225089,224615,474
8842181,29.6442,33.6288,467,49656,0.513999,0.37,1,225118,224651,467
8845101,41.9288,28.3258,485,49698,0.5748,0.41,1,225163,224678,485
8848021,36.3858,42.4652,474,49740,0.60296,0.39,1,225198,224724,474
8850941,29.6772,35.693,468,49782,0.624592,0.39,1,225226,224758,468
8853861,21.9354,29.5386,460,49824,0.628918,0.39,1,225246,224786,460
8856781,29.9871,21.9077,472,49866,0.645784,0.39,1,225278,224806,472
8859701,28.3974,29.9815,468,49908,0.665157,0.37,1,225306,224838,468
8862621,30.4795,29.1963,470,49950,0.669031,0.41,1,225337,224867,470
8865541,31.6959,28.2393,474,49992,0.701806,0.43,1,225369,224895,474
8868461,22.3392,31.2479,462,50034,0.708361,0.43,1,225389,224927,462
8871381,26.8678,22.2496,470,50076,0.709672,0.43,1,225417,224947,470
8874301,30.9736,26.8499,474,50118,0.709934,0.45,1,225449,224975,474
8877221,7.79471,30.17,445,50160,0.709987,0.45,1,225451,225006,445
8880141,17.5589,7.634,463,50202,0.709997,0.45,1,225471,225008,463
8883061,25.1118,17.5268,470,50244,0.709999,0.45,1,225498,225028,470
8885981,32.2224,25.1054,477,50286,0.71,0.45,1,225532,225055,477
8888901,8.04447,32.2211,445,50328,0.71,0.53,1,225534,225089,445
8891821,28.0089,29.6442,449,50370,0.742,0.59,1,225567,225118,449
8894741,43.2018,41.9288,451,50412,0.7804,0.61,2,225614,225163,451
8897661,38.2404,36.3858,453,50454,0.77208,0.63,2,225651,225198,453
8900581,30.0481,29.6772,453,50496,0.818416,0.63,2,225679,225226,453
8903501,22.0096,21.9354,453,50538,0.827683,0.65,2,225699,225246,453
8906421,31.6019,29.9871,455,50580,0.861537,0.67,2,225733,225278,455
8909341,28.7204,28.3974,455,50622,0.868307,0.67,2,225761,225306,455
8912261,30.5441,30.4795,455,50664,0.885661,0.71,2,225792,225337,455
8915181,33.3088,31.6959,457,50706,0.857132,0.71,2,225826,225369,457
8918101,22.6618,22.3392,457,50748,0.899427,0.71,2,225846,225389,457
8921021,26.9324,26.8678,457,50790,0.907885,0.71,2,225874,225417,457
8923941,30.9865,30.9736,457,50831,0.909577,0.71,2,225906,225449,457
8926861,7.79729,7.79471,457,50872,0.909915,0.71,2,225908,225451,457
8929781,17.5595,17.5589,457,50913,0.877983,0.71,2,225928,225471,457
8932701,25.1119,25.1118,457,50954,0.887597,0.71,2,225955,225498,457
8935621,32.2224,32.2224,457,50995,0.889519,0.71,2,225989,225532,457
8938541,8.04448,8.04447,457,51036,0.889904,0.75,2,225991,225534,457
8941461,28.0089,28.0089,457,51077,0.873981,0.79,2,226024,225567,457
8944381,44.8018,43.2018,459,51118,0.902796,0.77,2,226073,225614,459
9180901,200,244,437,24820,0.03,0.27,1,228467,228030,437
9183821,82.4,79.2,452,24905,0.03,0.21,1,228520,228068,452
9186741,61.28,53.44,461,24990,0.014,0.11,1,228576,228115,461
9189661,64.256,71.488,450,25075,0.1388,0.05,1,228641,228191,450
9192581,32.0512,39.8976,442,25160,0.06776,0.13,1,228665,228223,442
9195501,26.4102,32.7795,436,25244,0.053552,0.01,1,228690,228254,436
9198421,57.282,55.3559,440,25328,0.0347104,0.03,1,228755,228315,440
9201341,54.6564,45.4712,451,25412,0.0789421,0.01,1,228809,228358,451
9204261,50.9313,51.4942,448,25495,0.0877884,0.03,1,228859,228411,448
9207181,76.5863,55.0988,475,25578,0.121558,0.03,1,228942,228467,475
9210101,60.1172,53.4198,478,25661,0.128312,0.01,1,228998,228520,478
9213021,68.0234,55.484,492,25744,0.161662,0.17,1,229068,228576,492
9215941,29.6047,63.0968,447,25826,0.200332,0.05,1,229088,228641,447
9218861,25.1209,31.8194,447,25908,0.176066,0.05,1,229112,228665,447
9221781,57.8242,26.3639,488,25990,0.203213,0.03,1,229178,228690,488
9224701,56.3648,57.2728,479,26072,0.192643,0.09,1,229234,228755,479
9227621,51.273,54.6546,475,26153,0.238529,0.09,1,229284,228809,475
9230541,78.2546,50.9309,510,26234,0.247706,0.13,1,229369,228859,510
9233461,60.4509,76.5862,483,26315,0.233541,0.13,1,229425,228942,483
9236381,70.4902,60.1172,500,26396,0.230708,0.17,1,229498,228998,500
9239301,30.898,68.0234,451,26476,0.278142,0.21,1,229519,229068,451
9242221,23.7796,29.6047,453,26556,0.303628,0.17,1,229541,229088,453
9245141,58.3559,25.1209,496,26636,0.356726,0.21,1,229608,229112,496
9248061,57.2712,57.8242,487,26716,0.383345,0.19,1,229665,229178,487
9250981,53.0542,56.3648,483,26795,0.404669,0.25,1,229717,229234,483
9253901,78.6108,51.273,518,26874,0.408934,0.25,1,229802,229284,518
9256821,17.3222,78.2546,435,26953,0.409787,0.23,1,229804,229369,435
9259741,46.6644,60.4509,433,27032,0.457957,0.23,1,229858,229425,433
9262661,69.3329,70.4902,435,27110,0.435591,0.29,1,229933,229498,435
9265581,31.4666,30.898,436,27188,0.479118,0.31,1,229955,229519,436
9268501,24.6933,23.7796,437,27266,0.503824,0.37,1,229978,229541,437
9271421,62.5387,58.3559,442,27344,0.572765,0.39,1,230050,229608,442
9274341,57.3077,57.2712,441,27421,0.602553,0.41,1,230106,229665,441
9277261,54.6615,53.0542,443,27498,0.608511,0.41,1,230160,229717,443
9280181,78.1323,78.6108,442,27575,0.673702,0.41,1,230244,229802,442
9283101,17.2265,17.3222,442,27652,0.65474,0.47,1,230246,229804,442
9286021,47.4453,46.6644,443,27729,0.698948,0.43,1,230301,229858,443
9288941,69.4891,69.3329,443,27805,0.72379,0.49,1,230376,229933,443
9291861,32.2978,31.4666,444,27881,0.744758,0.51,1,230399,229955,444
9294781,25.6596,24.6933,445,27957,0.748952,0.59,1,230423,229978,445
9297701,67.5319,62.5387,451,28033,0.71779,0.61,1,230501,230050,451
9300621,59.1064,57.3077,452,28109,0.727558,0.61,1,230558,230106,452
9303541,55.0213,54.6615,452,28184,0.729512,0.69,1,230612,230160,452
9306461,79.8043,78.1323,454,28259,0.713902,0.65,1,230698,230244,454
9309381,17.5609,17.2265,454,28334,0.71078,0.71,1,230700,230246,454
9312301,49.9122,47.4453,457,28409,0.726156,0.71,1,230758,230301,457
9315221,69.9824,9.48906,532,28484,0.761231,0.73,2,230833,230301,532
9318141,33.1965,61.8978,481,28558,0.768246,0.75,2,230857,230376,481
9321061,25.8393,30.7796,482,28632,0.769649,0.75,2,230881,230399,482
9323981,65.9679,25.3559,534,28706,0.81793,0.71,2,230957,230423,534
9326901,57.9936,67.4712,512,28780,0.875586,0.73,2,231013,230501,512
9329821,54.7987,59.0942,509,28854,0.919117,0.73,2,231067,230558,509
9434941,22,0,530,31387,0.85,1,2,232818,232288,530
9437861,37.2,17.6,549,31454,0.722,1,1,232859,232310,549
9440781,56.24,57.92,542,31521,0.5684,1,1,232920,232378,542
9443701,55.248,64.384,531,31588,0.39368,1,1,232975,232444,531
9446621,94.2496,56.8768,580,31655,0.086736,1,1,233079,232499,580
9449541,44.4499,90.5754,513,31722,0.0573472,1,1,233111,232598,513
9452461,32.89,35.7151,521,31789,0.0354694,1,1,233141,232620,521
9455381,60.178,39.143,548,31856,0.0790939,1,1,233208,232660,548
9458301,35.2356,67.8286,502,31922,0.103819,0.97,1,233237,232735,502
9461221,28.6471,38.3657,498,31988,0.0607638,0.84,1,233264,232766,498
9464141,19.3294,31.6731,485,32054,0.0521527,0.85,1,233281,232796,485
9467061,32.6659,23.9346,499,32120,0.0504306,0.69,1,233317,232818,499
9469981,45.7332,37.5869,507,32186,0.0500861,0.53,1,233366,232859,507
9472901,48.3466,56.3174,495,32252,0.0500172,0.35,1,233415,232920,495
9475821,83.2693,55.2635,532,32318,0.130003,0.01,1,233507,232975,532
9478741,38.2539,94.2527,455,32383,0.0980007,0.05,1,233534,233079,455
9481661,30.8508,44.4505,452,32448,0.1236,0.03,1,233563,233111,452
9484581,65.3702,32.8901,496,32513,0.06472,0.09,1,233637,233141,496
9487501,32.274,60.178,453,32578,0.036944,0.11,1,233661,233208,453
9490421,26.4548,35.2356,449,32643,0.0793888,0.05,1,233686,233237,449
9493341,21.291,28.6471,442,32708,0.0558778,0.05,1,233706,233264,442
9496261,5.85819,19.3294,427,32773,0.0511755,0.05,1,233708,233281,427
9499181,28.3716,32.6659,425,32838,0.0662351,0.05,1,233742,233317,425
9502101,43.2743,45.7332,423,32902,0.117247,0.05,1,233789,233366,423
9505021,47.8549,48.3466,423,32966,0.0794494,0.15,1,233838,233415,423
9507941,87.971,83.2693,429,33030,0.16789,0.09,1,233936,233507,429
9510861,37.5942,38.2539,427,33094,0.185578,0.13,1,233961,233534,427
9513781,28.3188,30.8508,424,33158,0.173116,0.05,1,233987,233563,424
9516701,63.2638,65.3702,422,33222,0.106623,0.03,1,234059,233637,422
9519621,34.2528,32.274,425,33286,0.0773246,0.09,1,234086,233661,425
9522541,26.0506,26.4548,424,33350,0.119465,0.05,1,234110,233686,424
9525461,19.6101,21.291,422,33413,0.127893,0.05,1,234128,233706,422
9528381,5.52202,5.85819,422,33476,0.0975786,0.07,1,234130,233708,422
9531301,30.7044,28.3716,425,33539,0.123516,0.13,1,234167,233742,425
9534221,42.9409,43.2743,424,33602,0.176703,0.07,1,234213,233789,424
9537141,46.9882,47.8549,423,33665,0.187341,0.19,1,234261,233838,423
9540061,92.5976,87.971,429,33728,0.173468,0.19,1,234365,233936,429
9542981,39.3195,37.5942,430,33791,0.154694,0.17,1,234391,233961,430
9545901,28.6639,28.3188,430,33854,0.150939,0.09,1,234417,233987,430
9548821,60.1328,63.2638,426,33916,0.166188,0.07,1,234485,234059,426
9551741,32.8266,34.2528,425,33978,0.185238,0.13,1,234511,234086,425
9554661,26.5653,26.0506,426,34040,0.173047,0.13,1,234536,234110,426
9557581,20.5131,19.6101,427,34102,0.186609,0.09,1,234555,234128,427
9560501,5.70261,5.52202,427,34164,0.189322,0.13,1,234557,234130,427
9563421,30.7405,30.7044,427,34226,0.173864,0.13,1,234594,234167,427
9566341,43.7481,6.14088,474,34288,0.186773,0.19,1,234641,234167,474
9569261,47.1496,38.0282,476,34350,0.189355,0.19,1,234689,234213,476
9572181,92.6299,46.0056,532,34412,0.253871,0.17,1,234793,234261,532
9575101,37.726,92.4011,452,34473,0.298774,0.15,1,234817,234365,452
9578021,28.3452,39.2802,452,34534,0.323755,0.15,1,234843,234391,452
9580941,61.669,28.656,496,34595,0.392751,0.17,1,234913,234417,496
9583861,33.1338,60.1312,454,34656,0.40655,0.19,1,234939,234485,454
9586781,27.4268,32.8262,454,34717,0.40931,0.17,1,234965,234511,454
9589701,19.8854,26.5652,447,34778,0.425862,0.19,1,234983,234536,447
9592621,5.57707,20.513,430,34839,0.429172,0.19,1,234985,234555,430
9595541,29.9154,5.70261,464,34900,0.429834,0.17,1,235021,234557,464
9598461,45.9831,30.7405,477,34961,0.445967,0.19,1,235071,234594,477
9601381,48.3966,43.7481,479,35021,0.449193,0.19,1,235120,234641,479
9604301,96.8793,47.1496,540,35081,0.513839,0.27,1,235229,234689,540
9607221,39.3759,92.6299,461,35141,0.510768,0.31,1,235254,234793,461
9610141,29.4752,37.726,464,35201,0.574154,0.33,1,235281,234817,464
9613061,64.295,28.3452,511,35261,0.602831,0.41,1,235354,234843,511
9615981,33.659,61.669,467,35321,0.640566,0.41,1,235380,234913,467
9618901,28.3318,33.1338,468,35381,0.664113,0.41,1,235407,234939,468
9621821,20.0664,27.4268,460,35441,0.652823,0.43,1,235425,234965,460
9624741,5.61327,19.8854,444,35501,0.650564,0.43,1,235427,234983,444
9627661,29.9227,5.57707,478,35561,0.666113,0.43,1,235463,234985,478
9630581,47.5845,29.9154,494,35620,0.685223,0.45,1,235515,235021,494
9633501,49.5169,45.9831,494,35679,0.689044,0.45,1,235565,235071,494
9636421,11.5034,48.3966,447,35738,0.689809,0.53,1,235567,235120,447
9639341,90.3007,96.8793,448,35797,0.753962,0.51,2,235677,235229,448
9642261,38.8601,39.3759,449,35856,0.798792,0.59,2,235703,235254,449
9645181,30.972,29.4752,451,35915,0.775759,0.61,2,235732,235281,451
9648101,66.9944,64.295,454,35974,0.819152,0.65,2,235808,235354,454
9651021,34.1989,33.659,454,36033,0.85983,0.67,2,235834,235380,454
9653941,27.6398,28.3318,453,36092,0.899966,0.65,2,235860,235407,453
9656861,21.528,20.0664,455,36151,0.875993,0.65,2,235880,235425,455
9659781,5.90559,5.61327,455,36209,0.871199,0.67,2,235882,235427,455
9662701,29.9811,29.9227,455,36267,0.91824,0.69,2,235918,235463,455
9665621,48.3962,47.5845,456,36325,0.927648,0.69,2,235971,235515,456
9668541,50.4792,49.5169,457,36383,0.91353,0.69,2,236022,235565,457
9671461,11.6958,11.5034,457,36441,0.910706,0.77,2,236024,235567,457
9688981,26,26,465,36789,0.91,0.87,2,236325,235860,465
9691901,21.2,21.2,465,36846,0.91,0.87,2,236345,235880,465
9694821,5.84,5.84,465,36903,0.91,0.93,2,236347,235882,465
9846661,98,118,468,17761,0.13,0.41,1,238514,238046,468
9849581,99.6,67.6,513,17881,0.146,0.19,1,238614,238101,513
9852501,72.72,110.32,458,18000,0.1812,0.09,1,238680,238222,458
9855421,31.344,54.864,438,18118,0.18824,0.05,1,238701,238263,438
9858341,33.4688,31.7728,446,18235,0.205648,0.03,1,238735,238289,446
9861261,91.4938,107.955,425,18351,0.20913,0.13,1,238841,238416,425
9864181,97.4988,99.9909,426,18467,0.257826,0.15,1,238940,238514,426
9867101,101.9,99.9982,429,18582,0.299565,0.19,1,239043,238614,429
9870021,75.5799,72.7996,432,18696,0.307913,0.19,1,239112,238680,432
9872941,31.116,31.3599,431,18810,0.357583,0.21,1,239132,238701,431
9875861,34.2232,33.472,432,18923,0.351517,0.21,1,239167,238735,432
9878781,91.6446,91.4944,432,19035,0.446303,0.27,1,239273,238841,432
9881701,98.3289,97.4989,433,19146,0.497261,0.31,1,239373,238940,433
9884621,103.666,101.9,435,19257,0.555452,0.31,1,239478,239043,435
9887541,78.3332,75.58,438,19367,0.61509,0.37,1,239550,239112,438
9890461,31.6666,31.116,438,19477,0.595018,0.35,1,239570,239132,438
9893381,35.9333,34.2232,440,19586,0.623004,0.35,1,239607,239167,440
9896301,95.9867,6.84464,551,19694,0.692601,0.47,1,239718,239167,551
9899221,99.9973,86.1689,546,19802,0.69052,0.51,1,239819,239273,546
9902141,106.399,97.2338,554,19909,0.690104,0.57,1,239927,239373,554
9905061,79.6799,103.447,522,20016,0.754021,0.63,2,240000,239478,522
9907981,32.736,78.2894,471,20122,0.750804,0.59,2,240021,239550,471
9910901,36.9472,31.6579,489,20227,0.750161,0.63,2,240059,239570,489
9913821,99.3894,35.9316,567,20332,0.750032,0.71,2,240174,239607,567
9916741,99.8779,95.9863,556,20436,0.782006,0.69,2,240274,239718,556
9919661,107.176,99.9973,564,20540,0.852401,0.69,2,240383,239819,564
9922581,82.2351,106.399,532,20643,0.88248,0.77,2,240459,239927,532
9925501,32.447,79.6799,479,20746,0.888496,0.75,2,240479,240000,479
9928421,36.8894,32.736,496,20848,0.905699,0.75,2,240517,240021,496
10007261,29,66,514,23440,0.53,1,1,242381,241867,514
10010181,34.6,33.2,525,23530,0.514,1,1,242417,241892,525
10013101,78.92,35.44,579,23620,0.3988,1,1,242507,241928,579
10016021,106.184,101.488,574,23710,0.29576,1,1,242620,242046,574
10018941,46.0368,106.698,497,23799,0.387152,1,1,242651,242154,497
10021861,70.0074,46.1395,542,23888,0.32543,0.73,1,242727,242185,542
10024781,75.6015,72.4279,540,23977,0.329086,0.53,1,242804,242264,540
10027701,16.7203,84.8856,454,24065,0.329817,0.53,1,242806,242352,454
10030621,21.7441,40.1771,448,24153,0.345963,0.51,1,242829,242381,448
10033541,29.9488,36.8354,444,24241,0.349193,0.37,1,242861,242417,444
10036461,76.3898,79.3671,442,24328,0.301839,0.27,1,242949,242507,442
10039381,103.278,106.273,439,24415,0.388368,0.41,1,243059,242620,439
10042301,44.6556,46.0547,438,24502,0.405674,0.31,1,243089,242651,438
10045221,68.9311,70.0109,437,24588,0.441135,0.33,1,243164,242727,437
10048141,76.1862,75.6022,438,24674,0.528227,0.33,1,243242,242804,438
10051061,16.8372,16.7204,438,24760,0.545645,0.35,1,243244,242806,438
10053981,20.9674,21.7441,437,24846,0.565129,0.35,1,243266,242829,437
10056901,31.3935,29.9488,439,24931,0.633026,0.29,1,243300,242861,439
10059821,75.8787,76.3898,438,25016,0.646605,0.41,1,243387,242949,438
10062741,104.776,103.278,440,25101,0.745321,0.41,1,243499,243059,440
10065661,48.1551,44.6556,444,25185,0.781064,0.45,2,243533,243089,444
10068581,69.631,68.9311,444,25269,0.788213,0.55,2,243608,243164,444
10071501,80.3262,76.1862,449,25353,0.789643,0.55,2,243691,243242,449
10074421,17.6652,16.8372,449,25437,0.789928,0.55,2,243693,243244,449
10077341,21.133,3.36745,471,25520,0.757986,0.57,2,243715,243244,471
10080261,33.0266,18.2735,485,25603,0.751597,0.65,2,243751,243266,485
10083181,77.8053,30.8547,540,25686,0.750319,0.65,2,243840,243300,540
10086101,109.161,75.7709,570,25768,0.798064,0.77,2,243957,243387,570
10089021,49.0322,104.754,492,25850,0.807613,0.79,2,243991,243499,492
10091941,71.4064,48.1508,535,25932,0.825523,0.79,2,244068,243533,535
10094861,79.0813,69.6302,541,26014,0.845105,0.79,2,244149,243608,541
10097781,17.4163,80.326,460,26095,0.849021,0.79,2,244151,243691,460
10100701,21.0833,17.6652,480,26176,0.849804,0.75,2,244173,243693,480
10103621,33.0167,21.133,494,26257,0.849961,0.75,2,244209,243715,494
10106541,77.8033,33.0266,547,26338,0.913992,0.75,2,244298,243751,547
10216041,139,198,509,12750,0.15,0.73,1,246586,246077,509
10218961,67,112.4,467,12917,0.134,0.77,1,246635,246168,467
10221881,40.6,48.88,468,13082,0.1148,0.23,1,246669,246201,468
10224801,176.92,206.576,433,13244,0.20696,0.15,1,246880,246447,433
10227721,143.384,152.515,429,13404,0.241392,0.13,1,247015,246586,429
10230641,66.2768,69.703,427,13563,0.264278,0.11,1,247062,246635,427
10233561,41.2554,41.1406,428,13720,0.332856,0.11,1,247097,246669,428
10235021,169.051,8.22812,629,13875,0.426571,0.23,1,247298,246669,629
10237941,44.2102,170.446,431,14028,0.493314,0.25,1,247311,246880,431
10240861,119.242,142.089,434,14179,0.554663,0.27,1,247449,247015,434
10243781,63.0484,66.0178,436,14329,0.614933,0.35,1,247498,247062,436
10246701,43.0097,41.2036,439,14477,0.594987,0.45,1,247536,247097,439
10249621,184.602,169.041,458,14624,0.590997,0.51,1,247756,247298,458
10252541,152.12,44.2081,589,14769,0.670199,0.57,1,247900,247311,589
10255461,68.8241,119.242,499,14913,0.68604,0.63,1,247948,247449,499
10258381,44.1648,63.0483,488,15055,0.705208,0.59,1,247986,247498,488
10261301,10.433,43.0097,452,15196,0.709042,0.59,1,247988,247536,452
10264221,178.887,184.602,453,15336,0.869808,0.69,2,248209,247756,453
10267141,153.377,152.12,456,15474,0.885962,0.69,2,248356,247900,456
10270061,69.0755,68.8241,456,15611,0.873192,0.71,2,248404,247948,456
10272981,45.0151,44.1648,457,15747,0.902638,0.71,2,248443,247986,457
10275901,10.603,10.433,457,15882,0.876528,0.91,2,248445,247988,457
10329921,133,149,489,18253,0.85,1,2,250263,249774,489
10332841,62.6,71.4,482,18369,0.802,0.92,2,250308,249826,482
10335761,45.32,41.48,489,18485,0.7444,1,1,250349,249860,489
10338681,29.064,29.896,487,18600,0.68488,0.89,1,250374,249887,487
10341601,161.813,180.379,464,18714,0.688976,0.95,1,250569,250105,464
10344521,54.7626,56.0758,467,18827,0.737795,0.85,1,250597,250130,467
10347441,110.953,117.615,459,18940,0.699559,0.79,1,250722,250263,459
10350361,59.7905,59.523,461,19052,0.707912,0.73,1,250769,250308,461
10353281,41.5581,44.7046,457,19163,0.725582,0.67,1,250806,250349,457
10356201,27.5116,28.9409,456,19274,0.729116,0.69,1,250830,250374,456
10359121,160.702,161.788,455,19384,0.793823,0.75,2,251024,250569,455
10362041,56.1405,54.7576,457,19493,0.870765,0.69,2,251054,250597,457
10451101,35,0,545,22623,0.85,1,2,253219,252674,545
10454021,27.8,36,526,22717,0.818,1,2,253245,252719,526
10456941,135.96,36.8,652,22810,0.5396,1,1,253408,252756,652
10459861,55.192,152.16,506,22903,0.51592,1,1,253443,252937,506
10462781,97.4384,60.032,577,22996,0.399184,1,1,253551,252974,577
10465701,71.4877,103.206,528,23088,0.343837,0.77,1,253616,253088,528
10468621,39.8975,68.6413,500,23180,0.332767,0.89,1,253648,253148,500
10471541,32.7795,42.5283,495,23271,0.346553,0.85,1,253679,253184,495
10474461,26.5559,36.5057,485,23362,0.397311,0.81,1,253704,253219,485
10477381,126.111,28.1011,610,23453,0.455462,0.47,1,253855,253245,610
10480301,51.6222,136.02,480,23543,0.483092,0.51,1,253888,253408,480
10483221,94.3244,55.204,550,23633,0.536618,0.37,1,253993,253443,550
10486141,65.2649,97.4408,500,23723,0.611324,0.33,1,254051,253551,500
10489061,41.853,71.4882,471,23812,0.626265,0.33,1,254087,253616,471
10491981,30.7706,39.8976,467,23901,0.661253,0.35,1,254115,253648,467
10494901,7.75412,32.7795,438,23990,0.668251,0.41,1,254117,253679,438
10497821,24.7508,26.5559,442,24078,0.70165,0.47,1,254146,253704,442
10500741,128.15,126.111,445,24166,0.75633,0.49,2,254300,253855,445
10503661,52.83,51.6222,446,24254,0.767266,0.55,2,254334,253888,446
10506581,98.566,94.3244,451,24341,0.705453,0.63,1,254444,253993,451
10509501,67.7132,65.2649,453,24428,0.821091,0.63,2,254504,254051,453
10512421,43.9426,41.853,455,24515,0.844218,0.67,2,254542,254087,455
10515341,31.9885,30.7706,456,24601,0.864844,0.67,2,254571,254115,456
10518261,7.99771,7.75412,456,24687,0.868969,0.71,2,254573,254117,456
10521181,24.7995,24.7508,456,24773,0.853794,0.77,2,254602,254146,456
10524101,129.76,128.15,458,24859,0.850759,0.77,2,254758,254300,458
10527021,54.752,52.83,460,24944,0.786152,0.69,2,254794,254334,460
10529941,96.5504,98.566,457,25029,0.82123,0.85,2,254901,254444,457
10532861,71.3101,67.7132,462,25114,0.796246,0.85,2,254966,254504,462
10535781,46.262,43.9426,464,25198,0.839249,0.87,2,255006,254542,464
10538701,31.6524,31.9885,463,25282,0.86385,0.87,2,255034,254571,463
10541621,7.93048,7.99771,463,25366,0.90077,0.85,2,255036,254573,463
10544541,23.9861,24.7995,462,25450,0.892154,0.85,2,255064,254602,462
10637981,31,28,486,27989,0.87,1,2,256946,256460,486
10640901,31.8,26.4,492,28065,0.726,1,1,256978,256486,492
10643821,32.76,19.68,507,28140,0.6012,1,1,257011,256504,507
10646741,112.952,121.536,493,28215,0.33624,1,1,257144,256651,493
10649661,48.1904,50.7072,492,28290,0.155248,1,1,257176,256684,492
10652581,24.0381,29.3414,486,28365,0.0310496,1,1,257194,256708,486
10655501,61.6076,5.86829,557,28440,0.0462099,1,1,257265,256708,557
10658421,62.7215,71.5737,532,28514,0.033242,0.95,1,257328,256796,532
10661341,52.5443,69.5147,513,28588,0.0146484,0.93,1,257378,256865,513
10664261,31.3089,53.9029,489,28662,0.0269297,0.87,1,257404,256915,489
10667181,27.8618,35.5806,485,28736,0.0453859,0.69,1,257431,256946,485
10670101,25.5724,32.7161,478,28810,0.0330772,0.57,1,257456,256978,478
10673021,97.9145,32.9432,561,28883,0.126615,0.27,1,257572,257011,561
10675941,41.1829,112.989,455,28956,0.129323,0.11,1,257599,257144,455
10678861,22.6366,48.1977,441,29029,0.193865,0,1,257617,257176,441
10681781,63.7273,24.0395,497,29102,0.0787729,0.05,1,257691,257194,497
10684701,60.7455,61.6079,486,29175,0.0237546,0.03,1,257751,257265,486
10687621,51.3491,62.7216,472,29248,0.0607509,0.01,1,257800,257328,472
10690541,31.0698,52.5443,448,29320,0.0841502,0.03,1,257826,257378,448
10693461,27.814,31.3089,449,29392,0.07283,0.05,1,257853,257404,449
10696381,25.5628,27.8618,447,29464,0.054566,0.03,1,257878,257431,447
10699301,101.113,25.5724,542,29536,0.130913,0.15,1,257998,257456,542
10702221,46.6225,97.9145,459,29608,0.194183,0.13,1,258031,257572,459
10705141,21.3245,41.1829,447,29679,0.158837,0.21,1,258046,257599,447
10708061,60.2649,22.6366,499,29750,0.0557673,0.05,1,258116,257617,499
10710981,57.653,63.7273,482,29821,0.0191535,0.01,1,258173,257691,482
10713901,13.1306,60.7455,424,29892,0.00383069,0.07,1,258175,257751,424
10716821,45.0261,51.3491,428,29963,0.0567661,0.09,1,258228,257800,428
10719741,28.2052,31.0698,426,30034,0.0673532,0.07,1,258252,257826,426
10722661,24.841,27.814,423,30104,0.101471,0.05,1,258276,257853,423
10725581,25.7682,25.5628,424,30174,0.124294,0.15,1,258302,257878,424
10728501,105.954,101.113,430,30244,0.0968588,0.21,1,258428,257998,430
10731421,47.5907,46.6225,430,30314,0.0753718,0.15,1,258461,258031,430
10734341,20.7181,21.3245,429,30384,0.119074,0.03,1,258475,258046,429
10737261,55.3436,60.2649,423,30454,0.111815,0.01,1,258539,258116,423
10740181,55.8687,57.653,422,30523,0.022363,0,1,258595,258173,422
10743101,12.7737,13.1306,422,30592,0.0284726,0.07,1,258597,258175,422
10746021,47.3547,45.0261,425,30661,0.0136945,0.07,1,258653,258228,425
10748941,28.6709,28.2052,425,30730,0.0107389,0.11,1,258677,258252,425
10751861,24.9342,24.841,425,30799,0.0101478,0.13,1,258701,258276,425
10754781,24.9868,25.7682,424,30868,0.0260296,0.09,1,258726,258302,424
10757701,107.397,105.954,426,30937,0.109206,0.07,1,258854,258428,426
10760621,47.0795,47.5907,425,31005,0.109841,0.13,1,258886,258461,425
10763541,21.4159,20.7181,426,31073,0.173968,0.11,1,258901,258475,426
10766461,56.2832,55.3436,427,31141,0.202794,0,1,258966,258539,427
10769381,52.8566,55.8687,423,31209,0.192559,0.03,1,259018,258595,423
10772301,12.1713,12.7737,423,31277,0.158512,0.03,1,259020,258597,423
10775221,45.6343,2.55475,477,31345,0.151702,0.01,1,259074,258597,477
10778141,28.3269,45.3109,445,31413,0.15034,0.01,1,259098,258653,445
10781061,24.8654,28.2622,445,31480,0.150068,0.01,1,259122,258677,445
10783981,24.9731,24.8524,446,31547,0.166014,0.03,1,259147,258701,446
10786901,110.595,24.9705,553,31614,0.201203,0.13,1,259279,258726,553
10789821,49.3189,107.394,459,31681,0.224241,0.11,1,259313,258854,459
10792741,22.6638,47.0788,443,31748,0.228848,0.19,1,259329,258886,443
10795661,58.9328,21.4158,496,31815,0.29377,0.21,1,259397,258901,496
10798581,50.9866,56.2832,480,31881,0.354754,0.19,1,259446,258966,480
10801501,11.7973,52.8566,430,31947,0.366951,0.15,1,259448,259018,430
10804421,45.5595,12.1713,482,32013,0.38539,0.15,1,259502,259020,482
10807341,28.3119,45.6343,452,32079,0.389078,0.15,1,259526,259074,452
10810261,24.8624,28.3269,452,32145,0.405816,0.15,1,259550,259098,452
10813181,24.9725,24.8654,453,32211,0.393163,0.17,1,259575,259122,453
10816101,112.994,24.9731,563,32277,0.438633,0.21,1,259710,259147,563
10819021,50.5989,110.595,466,32343,0.479727,0.23,1,259745,259279,466
10821941,22.9198,49.3189,448,32408,0.503945,0.23,1,259761,259313,448
10824861,62.184,22.6638,504,32473,0.556789,0.31,1,259833,259329,504
10827781,54.0368,58.9328,488,32538,0.599358,0.37,1,259885,259397,488
10830701,12.4074,50.9866,441,32603,0.607872,0.37,1,259887,259446,441
10833621,46.4815,11.7973,494,32668,0.593574,0.39,1,259942,259448,494
10836541,28.4963,45.5595,464,32733,0.590715,0.39,1,259966,259502,464
10839461,7.29926,28.3119,442,32798,0.590143,0.41,1,259968,259526,442
10842381,20.6599,24.8624,442,32862,0.622029,0.39,1,259992,259550,442
10845301,24.932,24.9725,443,32926,0.628406,0.45,1,260018,259575,443
10848221,113.786,112.994,444,32990,0.613681,0.49,1,260154,259710,444
10851141,53.1573,50.5989,447,33054,0.658736,0.51,1,260192,259745,447
10854061,23.4315,22.9198,447,33118,0.715747,0.57,1,260208,259761,447
10856981,65.4863,62.184,451,33182,0.743149,0.61,1,260284,259833,451
10859901,55.4973,54.0368,452,33246,0.71663,0.61,1,260337,259885,452
10862821,12.6995,12.4074,452,33310,0.679326,0.59,1,260339,259887,452
10865741,45.7399,46.4815,451,33373,0.671865,0.59,1,260393,259942,451
10868661,28.348,28.4963,451,33436,0.686373,0.59,1,260417,259966,451
10871581,7.2696,7.29926,451,33499,0.689275,0.63,1,260419,259968,451
10874501,20.6539,20.6599,451,33562,0.721855,0.63,1,260443,259992,451
10877421,24.9308,24.932,451,33625,0.776371,0.61,2,260469,260018,451
10880341,114.586,113.786,452,33688,0.771274,0.67,2,260606,260154,452
10883261,56.5172,53.1573,456,33751,0.754255,0.73,2,260648,260192,456
10886181,24.1034,23.4315,456,33814,0.782851,0.75,2,260664,260208,456
10889101,66.4207,65.4863,457,33877,0.78857,0.71,2,260741,260284,457
10892021,54.0841,55.4973,455,33939,0.821714,0.67,2,260792,260337,455
10894941,12.4168,12.6995,455,34001,0.796343,0.67,2,260794,260339,455
10897861,45.6834,45.7399,455,34063,0.823269,0.69,2,260848,260393,455
10900781,29.1367,28.348,456,34125,0.892654,0.69,2,260873,260417,456
10903701,7.42733,7.2696,456,34187,0.874531,0.73,2,260875,260419,456
10906621,22.2855,20.6539,458,34249,0.902906,0.73,2,260901,260443,458
10909541,25.2571,4.13078,484,34311,0.924581,0.79,2,260927,260443,484
11020501,23,19,489,36580,0.89,1,2,262565,262076,489
11023421,63,74.2,474,36638,0.746,1,1,262638,262164,474
11026341,52.6,42.84,489,36696,0.7012,1,1,262688,262199,489
11029261,36.92,29.368,496,36754,0.61224,1,1,262721,262225,496
11032181,35.384,35.4736,494,36811,0.610448,1,1,262756,262262,494
11035101,31.8768,35.0947,490,36868,0.54609,1,1,262787,262297,490
11038021,27.9754,28.6189,490,36925,0.517218,1,1,262814,262324,490
11040941,21.5951,24.1238,487,36982,0.511444,1,1,262834,262347,487
11043861,33.919,28.0248,495,37039,0.494289,1,1,262871,262376,495
11046781,27.5838,32.005,488,37096,0.474858,0.92,1,262897,262409,488
11049701,70.3168,84.801,471,37153,0.438972,0.92,1,262978,262507,471
11052621,38.0634,16.9602,501,37210,0.351794,0.95,1,263008,262507,501
11055541,25.2127,31.392,488,37267,0.350359,0.89,1,263030,262542,488
11058461,54.6425,24.6784,527,37324,0.318072,0.71,1,263092,262565,527
11061381,47.7285,63.3357,500,37381,0.279614,0.69,1,263138,262638,500
11064301,32.7457,52.6671,479,37438,0.255923,0.59,1,263167,262688,479
11067221,36.9491,36.9334,484,37494,0.267185,0.61,1,263205,262721,484
11070141,28.9898,35.3867,476,37550,0.253437,0.53,1,263232,262756,476
11073061,24.998,31.8773,469,37606,0.218687,0.51,1,263256,262787,469
11075981,21.7996,27.9755,463,37662,0.275737,0.51,1,263277,262814,463
11078901,31.5599,21.5951,477,37718,0.303147,0.49,1,263311,262834,477
11081821,26.312,33.919,465,37774,0.340629,0.47,1,263336,262871,465
11084741,69.2624,27.5838,519,37830,0.412126,0.43,1,263416,262897,519
11087661,38.6525,70.3168,469,37886,0.442425,0.33,1,263447,262978,469
11090581,22.9305,38.0634,458,37942,0.432485,0.35,1,263466,263008,458
11093501,54.1861,25.2127,498,37998,0.478497,0.31,1,263528,263030,498
11096421,46.0372,54.6425,480,38054,0.503699,0.27,1,263572,263092,480
11099341,32.4074,47.7285,463,38110,0.49274,0.25,1,263601,263138,463
11102261,37.6815,32.7457,473,38165,0.474548,0.27,1,263640,263167,473
11105181,27.5363,36.9491,460,38220,0.50291,0.25,1,263665,263205,460
11108101,25.5073,28.9898,458,38275,0.524582,0.21,1,263690,263232,458
11111021,22.7015,24.998,456,38330,0.528916,0.29,1,263712,263256,456
11113941,32.5403,21.7996,470,38385,0.577783,0.31,1,263747,263277,470
11116861,28.9081,31.5599,464,38440,0.603557,0.35,1,263775,263311,464
11119781,72.1816,26.312,522,38495,0.608711,0.43,1,263858,263336,522
11122701,40.0363,69.2624,474,38550,0.609742,0.45,1,263890,263416,474
11125621,22.4073,38.6525,461,38605,0.609948,0.43,1,263908,263447,461
11128541,6.08145,22.9305,444,38660,0.60999,0.49,1,263910,263466,444
11131461,52.4163,54.1861,446,38715,0.641998,0.51,1,263974,263528,446
11134381,46.4833,46.0372,447,38770,0.6324,0.49,1,264019,263572,447
11137301,31.6967,32.4074,446,38824,0.63048,0.47,1,264047,263601,446
11140221,36.7393,37.6815,445,38878,0.662096,0.51,1,264085,263640,445
11143141,28.9479,27.5363,447,38932,0.668419,0.53,1,264112,263665,447
11146061,26.5896,25.5073,448,38986,0.637684,0.53,1,264138,263690,448
11148981,23.7179,22.7015,449,39040,0.647537,0.59,1,264161,263712,449
11151901,35.1436,32.5403,452,39094,0.649507,0.61,1,264199,263747,452
11154821,30.2287,28.9081,453,39148,0.681901,0.61,1,264228,263775,453
11157741,71.6457,72.1816,452,39202,0.76838,0.61,2,264310,263858,452
11160661,39.9291,40.0363,452,39256,0.817676,0.61,2,264342,263890,452
11163581,22.3858,22.4073,452,39310,0.795535,0.61,2,264360,263908,452
11166501,6.07717,6.08145,452,39364,0.791107,0.65,2,264362,263910,452
11169421,53.2154,52.4163,453,39418,0.806221,0.63,2,264427,263974,453
11172341,46.6431,46.4833,453,39472,0.825244,0.63,2,264472,264019,453
11175261,31.7286,31.6967,453,39526,0.829049,0.67,2,264500,264047,453
11178181,36.7457,36.7393,453,39579,0.82981,0.67,2,264538,264085,453
11181101,28.9491,28.9479,453,39632,0.813962,0.63,2,264565,264112,453
11184021,26.5898,26.5896,453,39685,0.842792,0.65,2,264591,264138,453
11186941,24.518,23.7179,454,39738,0.848558,0.65,2,264615,264161,454
11189861,35.3036,35.1436,454,39791,0.817712,0.69,2,264653,264199,454
11192781,31.8607,30.2287,456,39844,0.827542,0.79,2,264684,264228,456
11195701,74.3721,71.6457,459,39897,0.893508,0.83,2,264769,264310,459
11338781,26,29,492,42412,0.81,0.99,2,266481,265989,492
11341701,24.4,27.4,489,42462,0.89,1,2,266505,266016,489
11344621,12.88,17.48,484,42512,0.898,1,2,266515,266031,484
11582601,96,37,533,21270,0.47,0.93,1,269683,269150,533
11585521,58.4,89,480,21370,0.422,0.77,1,269732,269252,480
11588441,33.28,32.2,489,21469,0.4604,0.79,1,269759,269270,489
11591361,90.656,102.44,474,21568,0.51608,0.69,1,269864,269390,474
11594281,90.1312,66.888,506,21666,0.543216,0.71,1,269954,269448,506
11597201,35.6262,66.1776,462,21764,0.516643,0.61,1,269976,269514,462
11600121,55.9252,39.6355,490,21861,0.543329,0.47,1,270037,269547,490
11603041,82.3851,116.727,443,21958,0.596666,0.41,1,270126,269683,443
11605961,56.477,62.5454,444,22055,0.623333,0.47,1,270176,269732,444
11608881,32.0954,34.1091,443,22151,0.644667,0.53,1,270202,269759,443
11611801,93.6191,90.8218,447,22247,0.632933,0.55,1,270311,269864,447
11614721,90.7238,90.1644,447,22342,0.678587,0.51,1,270401,269954,447
11617641,35.7448,35.6329,447,22437,0.655717,0.55,1,270423,269976,447
11620561,57.549,55.9266,449,22532,0.683143,0.55,1,270486,270037,449
11623481,82.7098,11.1853,538,22626,0.656629,0.61,1,270575,270037,538
11626401,57.342,73.4371,500,22720,0.667326,0.63,1,270626,270126,500
11629321,33.0684,54.6874,477,22813,0.701465,0.65,1,270653,270176,477
11632241,94.6137,31.7375,561,22906,0.724293,0.63,1,270763,270202,561
11635161,91.7227,93.5475,543,22999,0.808859,0.69,2,270854,270311,543
11638081,35.9445,90.7095,475,23091,0.857772,0.65,2,270876,270401,475
11641001,57.5889,35.7419,516,23183,0.883554,0.69,2,270939,270423,516
11643921,82.7178,57.5484,542,23274,0.920711,0.65,2,271028,270486,542
11807441,77,73,498,27916,0.35,1,1,274338,273840,498
11810361,47.4,45,500,27992,0.222,1,1,274378,273878,500
11813281,77.48,72.2,506,28068,0.0444,1,1,274463,273957,506
11816201,45.896,44.04,507,28143,0.00888,1,1,274501,273994,507
11819121,33.1792,46.408,490,28218,0.025776,1,1,274531,274041,490
11822041,36.2358,38.0816,491,28293,0.0051552,1,1,274568,274077,491
11824961,42.4472,53.2163,478,28368,0.025031,1,1,274612,274134,478
11827881,61.2894,10.6433,544,28443,0.0290062,0.74,1,274678,274134,544
11830801,39.4579,70.9287,492,28517,0.0138012,0.63,1,274712,274220,492
11833721,55.8916,46.9857,511,28591,0.0107602,0.35,1,274772,274261,511
11836641,37.5783,70.9971,467,28665,0.058152,0.19,1,274805,274338,467
11839561,74.7157,46.1994,511,28739,0.0196304,0,1,274889,274378,511
11842481,45.3431,77.2399,464,28813,0.0119261,0,1,274927,274463,464
11845401,30.6686,45.848,453,28886,0.0423852,0.03,1,274954,274501,453
11848321,34.9337,33.1696,459,28959,0.00847704,0,1,274990,274531,459
11851241,42.9867,36.2339,467,29032,0.0896954,0.03,1,275035,274568,467
11854161,61.3973,42.4468,489,29105,0.0419391,0.03,1,275101,274612,489
11857081,37.8795,61.2894,455,29178,0.0163878,0.01,1,275133,274678,455
11860001,55.5759,39.4579,481,29251,0.0432776,0.01,1,275193,274712,481
11862921,40.7152,55.8916,458,29323,0.0806555,0.07,1,275230,274772,458
11865841,72.943,37.5783,506,29395,0.0241311,0.01,1,275311,274805,506
11868761,46.5886,74.7157,462,29467,0.0448262,0.01,1,275351,274889,462
11871681,31.7177,45.3431,452,29539,0.0649652,0.05,1,275379,274927,452
11874601,31.9435,30.6686,457,29611,0.036993,0,1,275411,274954,457
11877521,44.7887,34.9337,469,29682,0.0313986,0.11,1,275459,274990,469
11880441,60.1577,42.9867,488,29753,0.0302797,0.03,1,275523,275035,488
11883361,36.8315,61.3973,453,29824,0.0460559,0.01,1,275554,275101,453
11886281,8.96631,37.8795,423,29895,0.0492112,0.05,1,275556,275133,423
11889201,48.9933,55.5759,422,29966,0.0498422,0.09,1,275615,275193,422
11892121,43.3987,40.7152,427,30037,0.0339684,0.01,1,275657,275230,427
11895041,70.2797,72.943,423,30107,0.0467937,0.05,1,275734,275311,423
11897961,46.8559,46.5886,424,30177,0.0333587,0.07,1,275775,275351,424
11900881,32.5712,31.7177,425,30247,0.0146717,0.03,1,275804,275379,425
11903801,29.7142,31.9435,422,30317,0.0269343,0.03,1,275833,275411,422
11906721,45.9428,44.7887,424,30387,0.0293869,0.03,1,275883,275459,424
11909641,59.5886,60.1577,423,30457,0.0778774,0.05,1,275946,275523,423
11912561,36.7177,36.8315,423,30526,0.103575,0.05,1,275977,275554,423
11915481,8.94354,8.96631,423,30595,0.108715,0.05,1,275979,275556,423
11918401,48.1887,48.9933,422,30664,0.109743,0.03,1,276037,275615,422
11921321,44.0377,43.3987,423,30733,0.0299486,0.05,1,276080,275657,423
11924241,69.6075,70.2797,422,30802,0.0779897,0.03,1,276156,275734,422
11927161,47.5215,46.8559,423,30871,0.0395979,0.01,1,276198,275775,423
11930081,31.9043,32.5712,422,30940,0.0319196,0.03,1,276226,275804,422
11933001,29.5809,29.7142,422,31008,0.0463839,0.03,1,276255,275833,422
11935921,45.9162,45.9428,422,31076,0.0332768,0.09,1,276305,275883,422
11938841,63.5832,59.5886,427,31144,0.0306554,0.11,1,276373,275946,427
11941761,35.9166,36.7177,425,31212,0.0621311,0.11,1,276402,275977,425
11944681,8.78333,8.94354,425,31280,0.0364262,0.11,1,276404,275979,425
11947601,45.7567,1.78871,480,31348,0.0472852,0.11,1,276459,275979,480
11950521,42.7513,46.7577,464,31415,0.033457,0.01,1,276501,276037,464
11953441,71.7503,43.7515,500,31482,0.0786914,0.09,1,276580,276080,500
11956361,45.5501,69.5503,463,31549,0.0877383,0.03,1,276619,276156,463
11959281,32.31,47.5101,450,31616,0.0735477,0.03,1,276648,276198,450
11962201,28.862,31.902,450,31683,0.0707095,0.05,1,276676,276226,450
11965121,45.7724,29.5804,471,31750,0.0701419,0.03,1,276726,276255,471
11968041,65.1545,45.9161,491,31817,0.0540284,0.03,1,276796,276305,491
11970961,36.2309,63.5832,452,31883,0.0988057,0.07,1,276825,276373,452
11973881,8.84618,35.9166,425,31949,0.0757611,0.03,1,276827,276402,425
11976801,45.7692,8.78333,478,32015,0.151152,0.05,1,276882,276404,478
11979721,41.9538,45.7567,464,32081,0.16623,0.03,1,276923,276459,464
11982641,73.9908,42.7513,504,32147,0.217246,0.09,1,277005,276501,504
11985561,44.3982,71.7503,462,32213,0.243449,0.09,1,277042,276580,462
11988481,32.8796,45.5501,453,32279,0.24869,0.07,1,277072,276619,453
11991401,28.9759,32.31,452,32345,0.249738,0.07,1,277100,276648,452
11994321,46.5952,28.862,475,32410,0.217948,0.07,1,277151,276676,475
11997241,65.319,45.7724,495,32475,0.22759,0.05,1,277221,276726,495
12000161,37.0638,65.1545,455,32540,0.245518,0.11,1,277251,276796,455
12003081,9.01276,36.2309,428,32605,0.249104,0.07,1,277253,276825,428
12006001,49.0026,8.84618,485,32670,0.249821,0.17,1,277312,276827,485
12008921,41.8005,45.7692,470,32735,0.281964,0.17,1,277352,276882,470
12011841,9.9601,41.9538,431,32800,0.288393,0.23,1,277354,276923,431
12014761,69.992,73.9908,434,32864,0.385679,0.25,1,277439,277005,434
12017681,43.5984,44.3982,434,32928,0.389136,0.25,1,277476,277042,434
12020601,32.7197,32.8796,434,32992,0.405827,0.25,1,277506,277072,434
12023521,28.9439,28.9759,434,33056,0.409165,0.21,1,277534,277100,434
12026441,44.9888,46.5952,432,33120,0.393833,0.23,1,277583,277151,432
12029361,65.7978,65.319,433,33184,0.438767,0.25,1,277654,277221,433
12032281,38.7596,37.0638,435,33248,0.415753,0.25,1,277686,277251,435
12035201,9.35191,9.01276,435,33312,0.411151,0.25,1,277688,277253,435
12038121,49.8704,49.0026,436,33375,0.44223,0.29,1,277748,277312,436
12041041,41.9741,41.8005,436,33438,0.432446,0.29,1,277788,277352,436
12043961,9.99481,9.9601,436,33501,0.430489,0.41,1,277790,277354,436
12046881,73.199,69.992,440,33564,0.478098,0.39,1,277879,277439,440
12049801,45.0398,43.5984,441,33627,0.53562,0.41,1,277917,277476,441
12052721,33.808,32.7197,442,33690,0.547124,0.41,1,277948,277506,442
12055641,29.1616,28.9439,442,33753,0.549425,0.39,1,277976,277534,442
12058561,44.2323,44.9888,441,33816,0.597885,0.45,1,278024,277583,441
12061481,66.4465,65.7978,442,33879,0.623577,0.41,1,278096,277654,442
12064401,37.2893,38.7596,440,33941,0.596715,0.41,1,278126,277686,440
12067321,9.05786,9.35191,440,34003,0.591343,0.45,1,278128,277688,440
12070241,52.2116,49.8704,443,34065,0.622269,0.43,1,278191,277748,443
12073161,43.2423,41.9741,444,34127,0.612454,0.43,1,278232,277788,444
12076081,10.2485,9.99481,444,34189,0.610491,0.49,1,278234,277790,444
12079001,74.0497,73.199,445,34251,0.658098,0.49,1,278324,277879,445
12081921,46.0099,14.6398,484,34313,0.61962,0.55,1,278363,277879,484
12084841,35.602,33.328,479,34375,0.595924,0.55,1,278396,277917,479
12087761,29.5204,31.4656,476,34437,0.639185,0.55,1,278424,277948,476
12090681,45.1041,28.6931,497,34498,0.663837,0.61,1,278473,277976,497
12093601,67.4208,44.1386,522,34559,0.684767,0.63,1,278546,278024,522
12096521,37.4842,66.4277,480,34620,0.704953,0.59,1,278576,278096,480
12099441,9.09683,37.2855,452,34681,0.724991,0.59,1,278578,278126,452
12102361,52.2194,9.05711,513,34742,0.744998,0.63,1,278641,278128,513
12105281,42.4439,52.2114,490,34803,0.765,0.61,2,278681,278191,490
12108201,10.0888,43.2423,451,34864,0.769,0.61,2,278683,278232,451
12111121,76.4178,10.2485,542,34925,0.8338,0.67,2,278776,278234,542
12114041,45.6835,74.0497,490,34986,0.84676,0.61,2,278814,278324,490
12116961,35.5367,46.0099,484,35046,0.897352,0.59,2,278847,278363,484
12119881,31.1073,35.602,481,35106,0.92347,0.65,2,278877,278396,481
12289241,38,58,511,38442,0.73,1,1,281228,280717,511
12292161,38,36.4,518,38497,0.698,1,1,281266,280748,518
12295081,30.8,35.28,512,38552,0.6916,0.98,1,281295,280783,512
12298001,19.76,31.056,499,38607,0.67432,1,1,281312,280813,499
12300921,27.952,24.6112,506,38662,0.670864,1,1,281342,280836,506
12303841,27.9904,41.7222,488,38717,0.654173,1,1,281370,280882,488
12306761,38.3981,49.9444,477,38772,0.650835,1,1,281411,280934,477
12309681,39.6796,36.3889,484,38826,0.538167,1,1,281451,280967,484
12312601,29.5359,36.8778,474,38880,0.659633,0.98,1,281478,281004,474
12315521,44.3072,48.9756,470,38934,0.651927,0.93,1,281526,281056,470
12318441,22.4614,25.7951,467,38988,0.666385,0.91,1,281543,281076,467
12321361,46.8923,46.759,468,39042,0.669277,0.67,1,281596,281128,468
12324281,52.5785,58.9518,460,39096,0.637855,0.73,1,281650,281190,460
12327201,40.9157,42.1904,460,39150,0.647571,0.69,1,281688,281228,460
12330121,34.5831,38.8381,455,39204,0.649514,0.69,1,281721,281266,455
12333041,30.9166,30.9676,456,39258,0.745903,0.67,1,281751,281295,456
12335961,18.9833,19.7935,455,39312,0.701181,0.67,1,281767,281312,455
12338881,26.1967,27.9587,453,39366,0.772236,0.65,2,281795,281342,453
12341801,26.8393,27.9917,452,39420,0.802447,0.65,2,281822,281370,452
12344721,39.7679,38.3983,454,39474,0.840489,0.51,2,281865,281411,454
12347641,37.5536,39.6797,451,39528,0.800098,0.69,2,281902,281451,451
12350561,31.5107,29.5359,454,39581,0.84002,0.65,2,281932,281478,454
12353481,44.7021,44.3072,454,39634,0.880004,0.67,2,281980,281526,454
12356401,23.3404,22.4614,455,39687,0.856001,0.67,2,281998,281543,455
12359321,45.4681,46.8923,453,39740,0.8992,0.63,2,282049,281596,453
12362241,52.2936,52.5785,453,39793,0.92384,0.65,2,282103,281650,453
12365161,40.0587,40.9157,452,39846,0.912768,0.65,2,282140,281688,452
12368081,36.0117,34.5831,454,39899,0.926554,0.77,2,282175,281721,454
12371001,34.4023,30.9166,458,39952,0.929311,0.69,2,282209,281751,458
12373921,18.0805,18.9833,456,40005,0.897862,0.79,2,282223,281767,456
12376841,29.2161,26.1967,460,40058,0.923572,0.79,2,282255,281795,460
12379761,27.4432,5.23933,487,40111,0.912715,0.81,2,282282,281795,487
12382681,40.6886,22.6479,504,40164,0.878543,0.85,2,282326,281822,504
12385601,36.9377,38.9296,497,40217,0.871709,0.79,2,282362,281865,497
12388521,33.7875,37.3859,493,40270,0.902342,0.85,2,282395,281902,493
12511161,35,45,484,42414,0.87,1,2,283877,283393,484
12514081,32.6,30.6,489,42464,0.742,1,1,283909,283420,489
12517001,44.12,46.92,485,42514,0.6524,1,1,283956,283471,485
12519921,40.824,43.784,482,42564,0.53848,1,1,283996,283514,482
12522841,47.3648,47.9568,482,42614,0.467696,1,1,284045,283563,482
12525761,39.073,36.7914,485,42664,0.405539,1,1,284082,283597,485
12528681,31.0146,32.1583,483,42713,0.313108,1,1,284111,283628,483
12531601,23.8029,29.6317,476,42762,0.262622,1,1,284133,283657,476
12534521,22.3606,26.7263,472,42811,0.236524,1,1,284155,283683,472
12537441,28.4721,26.9453,475,42860,0.215305,1,1,284185,283710,475
12540361,28.8944,30.9891,472,42909,0.147061,1,1,284214,283742,472
12543281,29.7789,32.5978,469,42958,0.133412,0.95,1,284244,283775,469
12546201,33.9558,33.7196,470,43007,0.0826824,0.95,1,284279,283809,470
12549121,29.1912,6.74391,498,43056,0.0405365,0.93,1,284307,283809,498
12552041,32.2382,27.7488,498,43105,0.0481073,0.87,1,284340,283842,498
12554961,24.8476,33.5498,486,43154,0.0176215,0.71,1,284363,283877,486
12557881,37.7695,32.31,495,43203,0.0435243,0.63,1,284404,283909,495
12560801,41.1539,44.062,490,43252,0.0647049,0.51,1,284446,283956,490
12563721,40.2308,40.8124,490,43301,0.068941,0.45,1,284486,283996,490
12566641,36.8462,47.3625,477,43350,0.101788,0.39,1,284522,284045,477
12569561,28.9692,39.0725,467,43399,0.108358,0.29,1,284549,284082,467
12572481,17.7938,31.0145,453,43448,0.125672,0.25,1,284564,284111,453
12575401,18.7588,23.8029,450,43497,0.145134,0.23,1,284583,284133,450
12578321,26.1518,22.3606,456,43546,0.133027,0.21,1,284611,284155,456
12581241,26.8304,28.4721,453,43594,0.194605,0.13,1,284638,284185,453
12584161,27.7661,28.8944,452,43642,0.142921,0.13,1,284666,284214,452
12587081,34.3532,29.7789,458,43690,0.196584,0.07,1,284702,284244,458
12590001,28.4706,33.9558,450,43738,0.207317,0.03,1,284729,284279,450
12592921,32.0941,29.1912,455,43786,0.193463,0.05,1,284762,284307,455
12595841,24.8188,32.2382,445,43834,0.206693,0.01,1,284785,284340,445
12598761,38.5638,24.8476,464,43882,0.145339,0.05,1,284827,284363,464
12601681,42.1128,37.7695,466,43930,0.165068,0.07,1,284870,284404,466
12604601,40.4226,41.1539,464,43978,0.201014,0.07,1,284910,284446,464
12607521,38.4845,40.2308,462,44026,0.224203,0.11,1,284948,284486,462
12610441,29.2969,36.8462,453,44074,0.244841,0.11,1,284975,284522,453
12613361,18.6594,28.9692,442,44122,0.248968,0.13,1,284991,284549,442
12616281,18.9319,17.7938,446,44170,0.233794,0.15,1,285010,284564,446
12619201,27.7864,18.7588,457,44218,0.230759,0.13,1,285040,284583,457
12622121,27.1573,26.1518,456,44266,0.230152,0.21,1,285067,284611,456
12625041,27.8315,26.8304,457,44314,0.23003,0.13,1,285095,284638,457
12627961,36.7663,27.7661,468,44362,0.214006,0.21,1,285134,284666,468
12630881,28.1533,34.3532,458,44410,0.226801,0.21,1,285160,284702,458
12633801,33.6307,28.4706,466,44457,0.29336,0.19,1,285195,284729,466
12636721,8.32613,32.0941,435,44504,0.274672,0.21,1,285197,284762,435
12639641,16.0652,24.8188,430,44551,0.270934,0.13,1,285215,284785,430
12642561,35.213,38.5638,428,44598,0.270187,0.17,1,285255,284827,428
12645481,43.8426,42.1128,431,44645,0.318037,0.21,1,285301,284870,431
12648401,41.5685,40.4226,432,44692,0.311607,0.23,1,285342,284910,432
12651321,39.5137,38.4845,433,44739,0.310322,0.25,1,285381,284948,433
12654241,30.3027,29.2969,434,44786,0.326064,0.25,1,285409,284975,434
12657161,18.8605,18.6594,434,44833,0.361213,0.23,1,285425,284991,434
12660081,18.1721,18.9319,433,44880,0.352243,0.23,1,285443,285010,433
12663001,27.6344,27.7864,433,44927,0.382448,0.23,1,285473,285040,433
12665921,27.1269,27.1573,433,44974,0.34049,0.23,1,285500,285067,433
12668841,27.8254,27.8315,433,45021,0.380098,0.21,1,285528,285095,433
12671761,35.9651,36.7663,432,45068,0.35602,0.23,1,285566,285134,432
12674681,29.593,28.1533,434,45115,0.367204,0.31,1,285594,285160,434
12677601,34.7186,33.6307,435,45162,0.433441,0.27,1,285630,285195,435
12680521,8.54372,8.32613,435,45209,0.414688,0.27,1,285632,285197,435
12683441,16.1087,16.0652,435,45256,0.442938,0.27,1,285650,285215,435
12686361,35.2217,35.213,435,45303,0.480588,0.33,1,285690,285255,435
12689281,46.2444,43.8426,438,45350,0.456118,0.31,1,285739,285301,438
12692201,42.0489,41.5685,438,45397,0.483223,0.31,1,285780,285342,438
12695121,39.6098,39.5137,438,45443,0.536645,0.33,1,285819,285381,438
12698041,30.322,30.3027,438,45489,0.563329,0.37,1,285847,285409,438
12700961,18.8644,18.8605,438,45535,0.616666,0.35,1,285863,285425,438
12703881,18.9729,18.1721,439,45581,0.611333,0.39,1,285882,285443,439
12706801,27.7946,27.6344,439,45627,0.578267,0.33,1,285912,285473,439
12709721,26.3589,27.1269,438,45673,0.619653,0.39,1,285938,285500,438
12712641,28.4718,27.8254,439,45719,0.643931,0.35,1,285967,285528,439
12715561,36.8944,35.9651,440,45765,0.648786,0.37,1,286006,285566,440
12718481,29.7789,29.593,440,45811,0.681757,0.45,1,286034,285594,440
12721401,36.3558,34.7186,442,45857,0.656351,0.41,1,286072,285630,442
12724321,8.87115,8.54372,442,45903,0.68327,0.45,1,286074,285632,442
12727241,16.1742,16.1087,442,45949,0.688654,0.45,1,286092,285650,442
12730161,36.8348,3.22175,484,45995,0.673731,0.49,1,286134,285650,484
12733081,45.767,32.6443,492,46041,0.670746,0.45,1,286182,285690,492
12736001,44.3534,45.7289,487,46087,0.654149,0.49,1,286226,285739,487
12738921,41.6707,41.9458,487,46133,0.69883,0.55,1,286267,285780,487
12741841,32.3341,39.5892,478,46179,0.723766,0.57,1,286297,285819,478
12744761,19.2668,30.3178,466,46225,0.728753,0.63,1,286313,285847,466
12747681,18.2534,18.8636,468,46271,0.729751,0.61,1,286331,285863,468
12750601,27.6507,18.9727,479,46317,0.74595,0.57,1,286361,285882,479
12753521,27.1301,27.7945,476,46363,0.76519,0.63,2,286388,285912,476
12756441,29.426,26.3589,480,46408,0.785038,0.65,2,286418,285938,480
12759361,38.6852,28.4718,492,46453,0.805008,0.65,2,286459,285967,492
12762281,30.137,36.8944,481,46498,0.809002,0.69,2,286487,286006,481
12765201,36.4274,29.7789,491,46543,0.8098,0.65,2,286525,286034,491
12768121,8.88548,36.3558,455,46588,0.82596,0.69,2,286527,286072,455
12771041,16.1771,8.87115,471,46633,0.829192,0.69,2,286545,286074,471
12773961,37.6354,16.1742,496,46678,0.845838,0.67,2,286588,286092,496
12776881,45.9271,36.8348,502,46723,0.881168,0.67,2,286636,286134,502
12779801,45.1854,45.767,499,46768,0.904234,0.65,2,286681,286182,499
12782721,43.4371,44.3534,498,46813,0.940847,0.71,2,286724,286226,498
12785641,32.6874,41.6707,487,46858,0.932169,0.73,2,286754,286267,487
12788561,19.3375,32.3341,473,46903,0.930434,0.73,2,286770,286297,473
12981281,22,27,518,49783,0.79,1,2,288739,288221,518
12984201,31.6,24.6,528,49825,0.79,1,2,288773,288245,528
12987121,33.52,29.72,531,49867,0.662,1,1,288807,288276,531
12990041,28.304,29.944,528,49909,0.5884,1,1,288834,288306,528
12992961,32.0608,37.9888,521,49951,0.57368,1,1,288867,288346,521
12995881,31.2122,37.9978,514,49993,0.570736,1,1,288898,288384,514
12998801,30.2424,31.5996,514,50035,0.538147,1,1,288928,288414,514
13001721,27.6485,31.1199,510,50077,0.483629,1,1,288955,288445,510
13004641,16.7297,27.024,498,50119,0.520726,1,1,288969,288471,498
13007561,20.9459,20.6048,501,50161,0.464145,1,1,288991,288490,501
13010481,26.5892,21.721,507,50203,0.500829,1,1,289019,288512,507
13013401,31.7178,22.7442,517,50245,0.508166,1,1,289052,288535,517
13016321,43.1436,32.5488,528,50287,0.413633,0.91,1,289098,288570,528
13019241,10.2287,52.1098,473,50329,0.394727,1,1,289100,288627,473
13022161,28.4457,34.422,476,50371,0.406945,0.85,1,289133,288657,476
13025081,26.4891,34.0844,468,50413,0.441389,0.8,1,289159,288691,468
13028001,23.6978,27.6169,465,50455,0.448278,0.79,1,289182,288717,465
13030921,20.7396,23.1234,463,50497,0.481656,0.79,1,289202,288739,463
13033841,25.7479,31.8247,456,50539,0.488331,0.63,1,289229,288773,456
13036761,29.1496,33.5649,452,50581,0.457666,0.57,1,289259,288807,452
13039681,27.4299,28.313,452,50623,0.467533,0.57,1,289286,288834,452
13042601,33.486,32.0626,454,50665,0.453507,0.57,1,289321,288867,454
13045521,29.8972,31.2125,452,50707,0.466701,0.53,1,289350,288898,452
13048441,27.5794,30.2425,449,50749,0.46934,0.47,1,289377,288928,449
13051361,25.5159,27.6485,447,50791,0.485868,0.53,1,289402,288955,447
13054281,12.3032,16.7297,442,50832,0.473174,0.45,1,289411,288969,442
13057201,20.0606,20.9459,442,50873,0.486635,0.51,1,289433,288991,442
13060121,25.6121,26.5892,441,50914,0.441327,0.51,1,289460,289019,441
13063041,32.3224,31.7178,442,50955,0.480265,0.39,1,289494,289052,442
13065961,41.6645,43.1436,440,50996,0.456053,0.39,1,289538,289098,440
13068881,9.9329,10.2287,440,51037,0.451211,0.41,1,289540,289100,440
13071801,29.1866,28.4457,441,51078,0.434242,0.45,1,289574,289133,441
13074721,26.6373,26.4891,441,51119,0.446848,0.45,1,289600,289159,441
13077641,25.3275,23.6978,443,51160,0.44937,0.49,1,289625,289182,443
13080561,21.0655,20.7396,443,51201,0.433874,0.49,1,289645,289202,443
13083481,26.6131,25.7479,444,51242,0.414775,0.45,1,289673,289229,444
13086401,28.5226,29.1496,443,51283,0.426955,0.47,1,289702,289259,443
13089321,28.1045,27.4299,444,51324,0.413391,0.45,1,289730,289286,444
13092241,33.6209,33.486,444,51365,0.410678,0.47,1,289765,289321,444
13095161,29.1242,29.8972,443,51406,0.378136,0.47,1,289793,289350,443
13098081,27.4248,27.5794,443,51447,0.435627,0.49,1,289820,289377,443
13101001,26.285,25.5159,444,51488,0.463125,0.47,1,289846,289402,444
13103921,12.457,12.3032,444,51529,0.452625,0.49,1,289855,289411,444
13106841,20.0914,20.0606,444,51570,0.498525,0.43,1,289877,289433,444
13109761,24.8183,25.6121,443,51611,0.475705,0.49,1,289903,289460,443
13112681,32.9637,32.3224,444,51652,0.535141,0.45,1,289938,289494,444
13115601,40.1927,41.6645,442,51693,0.547028,0.45,1,289980,289538,442
13118521,9.63855,9.9329,442,51734,0.549406,0.43,1,289982,289540,442
13121441,29.9277,29.1866,443,51775,0.565881,0.43,1,290017,289574,443
13124361,26.7855,5.83732,469,51816,0.537176,0.45,1,290043,289574,469
13127281,23.7571,21.9675,466,51857,0.547435,0.45,1,290066,289600,466
13130201,22.3514,24.3935,463,51898,0.533487,0.43,1,290088,289625,463
13133121,25.2703,20.8787,469,51939,0.562697,0.41,1,290114,289645,469
13136041,28.2541,26.5757,470,51980,0.56854,0.43,1,290143,289673,470
13138961,26.4508,28.5151,467,52021,0.585708,0.41,1,290169,289702,467
13141881,34.0902,28.103,475,52061,0.589142,0.41,1,290205,289730,475
13144801,28.418,33.6206,467,52101,0.573828,0.37,1,290232,289765,467
13147721,28.8836,29.1241,468,52141,0.618766,0.45,1,290261,289793,468
13150641,27.3767,27.4248,468,52181,0.643753,0.47,1,290288,289820,468
13153561,13.4753,26.285,452,52221,0.648751,0.45,1,290298,289846,452
13156481,21.0951,12.457,466,52261,0.63375,0.51,1,290321,289855,466
13159401,25.819,20.0914,471,52301,0.64675,0.47,1,290348,289877,471
13162321,33.9638,24.8183,481,52341,0.63335,0.55,1,290384,289903,481
13165241,40.3928,32.9637,488,52381,0.63067,0.55,1,290426,289938,488
13168161,9.67855,40.1927,448,52421,0.662134,0.55,1,290428,289980,448
13171081,30.7357,9.63855,482,52461,0.668427,0.57,1,290464,289982,482
13174001,26.9471,29.9277,473,52501,0.701685,0.53,1,290490,290017,473
13176921,24.5894,26.7855,471,52541,0.708337,0.55,1,290514,290043,471
13179841,23.3179,23.7571,471,52581,0.709667,0.53,1,290537,290066,471
13182761,25.4636,22.3514,475,52621,0.725933,0.57,1,290563,290088,475
13185681,28.2927,25.2703,478,52661,0.761187,0.57,2,290592,290114,478
13188601,27.2585,28.2541,476,52701,0.784237,0.59,2,290619,290143,476
13191521,34.2517,26.4508,486,52741,0.804847,0.59,2,290655,290169,486
13194441,28.4503,34.0902,477,52781,0.808969,0.57,2,290682,290205,477
13197361,30.4901,28.418,481,52821,0.825794,0.63,2,290713,290232,481
13200281,28.498,28.8836,480,52861,0.829159,0.65,2,290741,290261,480
13203201,13.6996,27.3767,463,52901,0.845832,0.65,2,290751,290288,463
13206121,20.3399,13.4753,475,52941,0.849166,0.63,2,290773,290298,475
13209041,25.668,21.0951,479,52981,0.881833,0.65,2,290800,290321,479
13211961,33.9336,25.819,488,53021,0.872367,0.63,2,290836,290348,488
13214881,41.9867,33.9638,496,53061,0.838473,0.63,2,290880,290384,496
13217801,9.99734,40.3928,456,53101,0.879695,0.67,2,290882,290426,456
13220721,31.5995,9.67855,491,53141,0.871939,0.67,2,290919,290428,491
13223641,27.9199,30.7357,482,53181,0.854388,0.71,2,290946,290464,482
13226561,24.784,26.9471,480,53221,0.850878,0.71,2,290970,290490,480
13229481,6.5568,24.5894,458,53261,0.850175,0.71,2,290972,290514,458
13232401,18.9114,23.3179,457,53301,0.882035,0.73,2,290994,290537,457
13235321,25.3823,25.4636,458,53340,0.872407,0.77,2,291021,290563,458
13238241,29.8765,28.2927,460,53379,0.886481,0.79,2,291052,290592,460
13241161,29.1753,27.2585,462,53418,0.889296,0.81,2,291081,290619,462
13244081,34.6351,34.2517,462,53457,0.873859,0.81,2,291117,290655,462
13255761,10,10,464,53613,0.87,0.85,2,291215,290751,464
13258681,19.6,19.6,464,53652,0.902,0.89,2,291237,290773,464
13261601,25.52,25.52,464,53691,0.9084,0.87,2,291264,290800,464
13452861,212,208,470,24820,0.07,1,1,293245,292775,470
13455781,84.8,60.8,499,25633,0.022,0.69,1,293298,292799,499
13458701,48.96,75.36,460,25716,0.0444,0.61,1,293338,292878,460
13461621,24.992,31.072,459,25798,0.01688,0.49,1,293357,292898,459
13464541,28.9984,31.0144,458,25880,0.027376,0.35,1,293387,292929,458
13467461,50.5997,39.0029,473,25962,0.0454752,0.09,1,293443,292970,473
13470381,63.7199,58.2006,477,26044,0.033095,0.03,1,293510,293033,477
13473301,51.144,82.8401,436,26125,0.00661901,0.03,1,293558,293122,436
13476221,71.8288,40.568,483,26206,0.0413238,0.07,1,293635,293152,483
13479141,82.3658,82.5136,475,26287,0.0162648,0.01,1,293720,293245,475
13482061,47.6732,58.9027,461,26368,0.075253,0.05,1,293759,293298,461
13484981,25.5346,43.7805,441,26448,0.0230506,0.01,1,293779,293338,441
13487901,29.1069,23.9561,452,26528,0.0446101,0.03,1,293809,293357,452
13490821,51.4214,28.7912,479,26608,0.032922,0.05,1,293866,293387,479
13493741,63.0843,50.5582,489,26688,0.0305844,0.03,1,293932,293443,489
13496661,51.8169,63.7117,471,26767,0.00611688,0,1,293981,293510,471
13499581,71.9634,51.1423,500,26846,0.0252234,0.05,1,294058,293558,500
13502501,15.9927,71.8285,425,26925,0.0290447,0.01,1,294060,293635,425
13505421,70.3985,82.3657,424,27004,0.109809,0.09,1,294144,293720,424
